0.346898 0.061878 0.055958 0.031911 0.002106 0.495158 0.006091 1.620964
0.349240 0.059756 0.055932 0.031744 0.002119 0.495089 0.006120 1.626989
0.352350 0.057061 0.055711 0.031417 0.002127 0.495190 0.006144 1.632743
0.355955 0.054285 0.055378 0.030994 0.002127 0.495095 0.006168 1.638129
0.359848 0.051440 0.054801 0.030589 0.002122 0.495005 0.006195 1.643251
0.364022 0.048528 0.054106 0.030055 0.002133 0.494935 0.006222 1.648169
0.368317 0.045746 0.053288 0.029536 0.002134 0.494733 0.006247 1.652783
0.372983 0.043100 0.052466 0.028928 0.002108 0.494133 0.006280 1.657095
0.377704 0.040657 0.051452 0.028208 0.002093 0.493585 0.006301 1.661107
0.382470 0.038300 0.050319 0.027533 0.002085 0.492965 0.006329 1.664939
0.387207 0.036140 0.049176 0.026776 0.002082 0.492265 0.006353 1.668486
0.391969 0.034003 0.047962 0.026023 0.002087 0.491577 0.006379 1.671911
0.396890 0.032023 0.046754 0.025301 0.002070 0.490556 0.006405 1.675178
0.401805 0.030141 0.045446 0.024512 0.002056 0.489607 0.006434 1.678235
0.406726 0.028402 0.044196 0.023770 0.002046 0.488400 0.006462 1.681131
0.411723 0.026780 0.042950 0.022955 0.002032 0.487075 0.006486 1.683837
0.416770 0.025224 0.041680 0.022207 0.002012 0.485593 0.006514 1.686445
0.421785 0.023812 0.040306 0.021419 0.002001 0.484135 0.006542 1.688846
0.426924 0.022522 0.038970 0.020705 0.001980 0.482336 0.006565 1.691118
0.432052 0.021278 0.037770 0.019973 0.001948 0.480386 0.006592 1.693279
0.437128 0.020135 0.036400 0.019275 0.001919 0.478525 0.006618 1.695314
0.442340 0.019078 0.035132 0.018538 0.001890 0.476376 0.006645 1.697230
0.447404 0.018152 0.033948 0.017774 0.001859 0.474189 0.006673 1.699044
0.452471 0.017232 0.032703 0.017085 0.001839 0.471973 0.006699 1.700780
0.457607 0.016318 0.031581 0.016459 0.001813 0.469501 0.006722 1.702474
0.462597 0.015566 0.030413 0.015830 0.001781 0.467070 0.006743 1.703990
0.467728 0.014771 0.029277 0.015229 0.001763 0.464470 0.006762 1.705495
0.472756 0.014080 0.028197 0.014625 0.001748 0.461820 0.006775 1.706920
0.477776 0.013472 0.027114 0.014033 0.001719 0.459084 0.006802 1.708250
0.482727 0.012869 0.026058 0.013485 0.001697 0.456340 0.006824 1.709553
0.487713 0.012246 0.025162 0.012901 0.001664 0.453471 0.006843 1.710846
0.492717 0.011719 0.024184 0.012404 0.001637 0.450475 0.006863 1.712054
0.497662 0.011239 0.023241 0.011920 0.001612 0.447444 0.006883 1.713173
0.502605 0.010779 0.022340 0.011413 0.001587 0.444378 0.006898 1.714266
0.507470 0.010416 0.021494 0.010945 0.001546 0.441208 0.006922 1.715272
0.512377 0.010027 0.020638 0.010508 0.001515 0.437993 0.006941 1.716252
0.517235 0.009615 0.019846 0.010090 0.001477 0.434771 0.006965 1.717234
0.522024 0.009219 0.019092 0.009711 0.001439 0.431531 0.006985 1.718179
0.526951 0.008890 0.018375 0.009278 0.001415 0.428089 0.007002 1.719063
0.531718 0.008588 0.017648 0.008882 0.001381 0.424758 0.007025 1.719908
0.536527 0.008275 0.017031 0.008532 0.001348 0.421249 0.007040 1.720741
0.541233 0.008038 0.016341 0.008206 0.001322 0.417803 0.007057 1.721510
0.545926 0.007778 0.015721 0.007866 0.001299 0.414340 0.007069 1.722294
0.550643 0.007543 0.015129 0.007538 0.001262 0.410801 0.007085 1.723039
0.555255 0.007300 0.014521 0.007287 0.001246 0.407291 0.007101 1.723774
0.559851 0.007072 0.013985 0.006993 0.001216 0.403763 0.007120 1.724474
0.564430 0.006880 0.013454 0.006724 0.001193 0.400185 0.007134 1.725146
0.569044 0.006661 0.012929 0.006462 0.001152 0.396596 0.007155 1.725808
0.573523 0.006480 0.012475 0.006229 0.001122 0.392998 0.007174 1.726458
0.578016 0.006266 0.012026 0.006018 0.001095 0.389389 0.007190 1.727110
0.582515 0.006112 0.011546 0.005811 0.001069 0.385739 0.007208 1.727702
0.586881 0.005968 0.011111 0.005604 0.001051 0.382167 0.007217 1.728300
0.591216 0.005814 0.010758 0.005389 0.001023 0.378566 0.007234 1.728898
0.595591 0.005653 0.010379 0.005210 0.001006 0.374915 0.007247 1.729474
0.599839 0.005530 0.010049 0.005026 0.000979 0.371317 0.007261 1.730025
0.604060 0.005385 0.009671 0.004868 0.000952 0.367789 0.007274 1.730562
0.608201 0.005269 0.009311 0.004750 0.000930 0.364254 0.007284 1.731088
0.612314 0.005154 0.008970 0.004574 0.000905 0.360789 0.007294 1.731602
0.616415 0.005039 0.008673 0.004425 0.000884 0.357260 0.007304 1.732091
0.620462 0.004944 0.008383 0.004261 0.000862 0.353769 0.007320 1.732574
0.624517 0.004853 0.008090 0.004128 0.000835 0.350245 0.007332 1.733046
0.628430 0.004784 0.007839 0.003973 0.000812 0.346817 0.007345 1.733510
0.632418 0.004667 0.007625 0.003857 0.000793 0.343283 0.007357 1.733983
0.636384 0.004554 0.007380 0.003752 0.000768 0.339787 0.007376 1.734458
0.640291 0.004474 0.007146 0.003658 0.000748 0.336297 0.007386 1.734900
0.644111 0.004382 0.006948 0.003540 0.000726 0.332897 0.007397 1.735337
0.647950 0.004290 0.006754 0.003433 0.000703 0.329462 0.007408 1.735778
0.651689 0.004216 0.006586 0.003344 0.000681 0.326067 0.007417 1.736189
0.655382 0.004163 0.006391 0.003224 0.000666 0.322751 0.007425 1.736583
0.659040 0.004105 0.006196 0.003113 0.000646 0.319462 0.007438 1.736984
0.662720 0.004022 0.006020 0.003027 0.000634 0.316130 0.007447 1.737397
0.666398 0.003951 0.005832 0.002956 0.000616 0.312792 0.007456 1.737775
0.669952 0.003893 0.005679 0.002860 0.000601 0.309552 0.007464 1.738147
0.673461 0.003819 0.005523 0.002764 0.000580 0.306378 0.007475 1.738525
0.676969 0.003756 0.005381 0.002700 0.000565 0.303146 0.007483 1.738886
0.680462 0.003687 0.005248 0.002633 0.000552 0.299927 0.007492 1.739264
0.683889 0.003636 0.005099 0.002561 0.000537 0.296778 0.007501 1.739618
0.687234 0.003572 0.004978 0.002493 0.000519 0.293698 0.007507 1.739981
0.690614 0.003498 0.004843 0.002444 0.000506 0.290580 0.007514 1.740331
0.694024 0.003469 0.004703 0.002390 0.000489 0.287403 0.007522 1.740667
0.697232 0.003431 0.004592 0.002333 0.000475 0.284410 0.007529 1.741009
0.700450 0.003383 0.004483 0.002274 0.000472 0.281403 0.007535 1.741355
0.703701 0.003362 0.004379 0.002227 0.000451 0.278336 0.007545 1.741682
0.706863 0.003283 0.004318 0.002197 0.000437 0.275352 0.007551 1.742033
0.709957 0.003226 0.004235 0.002155 0.000421 0.272448 0.007559 1.742379
0.713004 0.003213 0.004144 0.002111 0.000410 0.269552 0.007567 1.742685
0.716123 0.003150 0.004074 0.002075 0.000397 0.266609 0.007572 1.743013
0.719153 0.003103 0.004016 0.002049 0.000388 0.263715 0.007577 1.743342
0.722153 0.003055 0.003942 0.002002 0.000377 0.260890 0.007580 1.743649
0.725042 0.003046 0.003885 0.001955 0.000372 0.258118 0.007584 1.743952
0.727911 0.003031 0.003806 0.001921 0.000371 0.255374 0.007588 1.744249
0.730838 0.003000 0.003753 0.001872 0.000362 0.252584 0.007592 1.744549
0.733737 0.002978 0.003676 0.001848 0.000353 0.249809 0.007600 1.744839
0.736594 0.002989 0.003629 0.001813 0.000343 0.247028 0.007604 1.745111
0.739349 0.002968 0.003584 0.001789 0.000339 0.244365 0.007607 1.745413
0.742106 0.002944 0.003526 0.001766 0.000321 0.241720 0.007617 1.745703
0.744803 0.002940 0.003483 0.001746 0.000309 0.239097 0.007623 1.746010
0.747494 0.002939 0.003440 0.001705 0.000300 0.236492 0.007630 1.746293
0.750193 0.002930 0.003390 0.001670 0.000297 0.233887 0.007634 1.746578
0.752873 0.002917 0.003345 0.001654 0.000292 0.231283 0.007637 1.746880
0.755497 0.002918 0.003295 0.001628 0.000287 0.228735 0.007640 1.747168
0.758149 0.002895 0.003242 0.001594 0.000286 0.226191 0.007644 1.747453
0.760684 0.002869 0.003192 0.001575 0.000276 0.223757 0.007648 1.747738
0.763189 0.002855 0.003142 0.001571 0.000274 0.221320 0.007650 1.748021
0.765687 0.002854 0.003089 0.001541 0.000268 0.218908 0.007654 1.748285
0.768149 0.002834 0.003042 0.001525 0.000259 0.216535 0.007656 1.748559
0.770620 0.002816 0.003003 0.001496 0.000250 0.214155 0.007661 1.748837
0.773034 0.002796 0.002977 0.001477 0.000245 0.211807 0.007665 1.749115
0.775397 0.002794 0.002943 0.001456 0.000240 0.209500 0.007670 1.749370
0.777779 0.002791 0.002892 0.001444 0.000235 0.207188 0.007671 1.749630
0.780133 0.002804 0.002843 0.001432 0.000229 0.204886 0.007674 1.749883
0.782423 0.002835 0.002820 0.001428 0.000223 0.202595 0.007677 1.750141
0.784672 0.002832 0.002820 0.001413 0.000217 0.200365 0.007682 1.750405
0.786954 0.002807 0.002786 0.001406 0.000212 0.198151 0.007685 1.750681
0.789174 0.002802 0.002777 0.001406 0.000208 0.195946 0.007688 1.750950
0.791370 0.002788 0.002747 0.001410 0.000207 0.193789 0.007690 1.751222
0.793500 0.002762 0.002730 0.001401 0.000205 0.191710 0.007693 1.751509
0.795591 0.002777 0.002719 0.001380 0.000202 0.189635 0.007696 1.751787
0.797691 0.002770 0.002714 0.001363 0.000196 0.187568 0.007698 1.752065
0.799823 0.002778 0.002691 0.001355 0.000193 0.185461 0.007700 1.752311
0.801833 0.002758 0.002677 0.001354 0.000187 0.183490 0.007701 1.752597
0.803861 0.002747 0.002672 0.001353 0.000185 0.181479 0.007704 1.752868
0.805886 0.002753 0.002658 0.001338 0.000185 0.179475 0.007707 1.753119
0.807874 0.002735 0.002675 0.001341 0.000184 0.177485 0.007708 1.753417
0.809852 0.002740 0.002668 0.001332 0.000179 0.175519 0.007711 1.753684
0.811805 0.002736 0.002664 0.001334 0.000173 0.173573 0.007715 1.753952
0.813615 0.002764 0.002654 0.001324 0.000169 0.171753 0.007721 1.754217
0.815458 0.002753 0.002651 0.001318 0.000167 0.169930 0.007724 1.754490
0.817280 0.002728 0.002649 0.001308 0.000165 0.168145 0.007725 1.754774
0.819062 0.002724 0.002637 0.001291 0.000163 0.166396 0.007726 1.755036
0.820879 0.002758 0.002606 0.001269 0.000158 0.164602 0.007729 1.755285
0.822592 0.002775 0.002582 0.001277 0.000153 0.162890 0.007733 1.755545
0.824319 0.002787 0.002574 0.001274 0.000151 0.161160 0.007735 1.755818
0.826075 0.002793 0.002561 0.001252 0.000148 0.159433 0.007737 1.756078
0.827743 0.002807 0.002544 0.001245 0.000148 0.157777 0.007738 1.756328
0.829411 0.002816 0.002567 0.001249 0.000147 0.156071 0.007739 1.756615
0.831070 0.002841 0.002576 0.001262 0.000146 0.154363 0.007741 1.756898
0.832758 0.002833 0.002604 0.001253 0.000146 0.152663 0.007742 1.757186
0.834371 0.002829 0.002606 0.001256 0.000143 0.151050 0.007745 1.757483
0.835998 0.002845 0.002622 0.001256 0.000143 0.149390 0.007747 1.757757
0.837563 0.002860 0.002615 0.001265 0.000141 0.147806 0.007751 1.758042
0.839144 0.002899 0.002611 0.001266 0.000140 0.146187 0.007753 1.758300
0.840653 0.002939 0.002598 0.001264 0.000136 0.144655 0.007756 1.758566
0.842154 0.002939 0.002625 0.001274 0.000136 0.143114 0.007758 1.758861
0.843618 0.002960 0.002630 0.001283 0.000134 0.141614 0.007761 1.759147
0.845082 0.002975 0.002629 0.001302 0.000130 0.140119 0.007764 1.759447
0.846560 0.002965 0.002631 0.001318 0.000127 0.138634 0.007766 1.759756
0.847950 0.002965 0.002659 0.001300 0.000125 0.137234 0.007768 1.760046
0.849372 0.002965 0.002662 0.001304 0.000122 0.135805 0.007770 1.760340
0.850717 0.002983 0.002674 0.001301 0.000120 0.134432 0.007772 1.760629
0.852034 0.003022 0.002685 0.001318 0.000114 0.133055 0.007773 1.760922
0.853388 0.003007 0.002693 0.001336 0.000115 0.131688 0.007773 1.761237
0.854709 0.003016 0.002693 0.001345 0.000114 0.130350 0.007775 1.761540
0.856001 0.003022 0.002677 0.001341 0.000113 0.129070 0.007777 1.761842
0.857297 0.003040 0.002686 0.001346 0.000115 0.127738 0.007778 1.762143
0.858589 0.003064 0.002690 0.001334 0.000112 0.126432 0.007779 1.762441
0.859857 0.003104 0.002695 0.001344 0.000108 0.125112 0.007781 1.762737
0.861078 0.003121 0.002726 0.001325 0.000107 0.123861 0.007783 1.763061
0.862245 0.003156 0.002733 0.001328 0.000106 0.122648 0.007784 1.763350
0.863410 0.003173 0.002760 0.001314 0.000110 0.121446 0.007786 1.763675
0.864615 0.003173 0.002759 0.001325 0.000111 0.120231 0.007787 1.763997
0.865668 0.003209 0.002780 0.001316 0.000110 0.119129 0.007788 1.764312
0.866828 0.003231 0.002796 0.001323 0.000110 0.117921 0.007790 1.764639
0.867926 0.003247 0.002805 0.001344 0.000110 0.116777 0.007790 1.764957
0.869037 0.003267 0.002815 0.001350 0.000113 0.115625 0.007793 1.765277
0.870100 0.003277 0.002831 0.001360 0.000113 0.114527 0.007793 1.765599
0.871201 0.003295 0.002836 0.001365 0.000111 0.113396 0.007796 1.765927
0.872240 0.003305 0.002831 0.001367 0.000110 0.112348 0.007799 1.766253
0.873281 0.003349 0.002842 0.001348 0.000110 0.111269 0.007801 1.766554
0.874333 0.003370 0.002851 0.001353 0.000108 0.110182 0.007803 1.766875
0.875350 0.003396 0.002870 0.001364 0.000103 0.109111 0.007806 1.767199
0.876303 0.003439 0.002863 0.001391 0.000103 0.108094 0.007808 1.767521
0.877299 0.003428 0.002897 0.001395 0.000102 0.107069 0.007810 1.767867
0.878245 0.003446 0.002915 0.001414 0.000104 0.106064 0.007811 1.768206
0.879155 0.003453 0.002937 0.001445 0.000103 0.105094 0.007813 1.768552
0.880035 0.003502 0.002929 0.001450 0.000100 0.104167 0.007815 1.768879
0.880938 0.003518 0.002959 0.001470 0.000099 0.103198 0.007817 1.769234
0.881818 0.003567 0.002977 0.001466 0.000098 0.102253 0.007820 1.769573
0.882661 0.003591 0.003004 0.001490 0.000097 0.101335 0.007822 1.769924
0.883479 0.003635 0.003003 0.001519 0.000098 0.100444 0.007822 1.770273
0.884349 0.003675 0.003010 0.001544 0.000097 0.099501 0.007824 1.770628
0.885205 0.003710 0.003046 0.001554 0.000099 0.098563 0.007824 1.771011
0.886027 0.003751 0.003095 0.001568 0.000099 0.097634 0.007827 1.771390
0.886805 0.003808 0.003125 0.001560 0.000099 0.096776 0.007828 1.771741
0.887582 0.003882 0.003146 0.001561 0.000098 0.095903 0.007829 1.772111
0.888295 0.003927 0.003181 0.001571 0.000100 0.095096 0.007829 1.772498
0.889010 0.003955 0.003218 0.001597 0.000102 0.094289 0.007830 1.772901
0.889717 0.004024 0.003229 0.001602 0.000099 0.093498 0.007832 1.773281
0.890469 0.004059 0.003274 0.001623 0.000098 0.092644 0.007832 1.773672
0.891168 0.004112 0.003306 0.001623 0.000098 0.091857 0.007835 1.774085
0.891811 0.004182 0.003340 0.001656 0.000099 0.091074 0.007837 1.774502
0.892458 0.004232 0.003371 0.001675 0.000102 0.090322 0.007839 1.774916
0.893125 0.004236 0.003447 0.001691 0.000102 0.089557 0.007841 1.775375
0.893764 0.004287 0.003485 0.001723 0.000107 0.088792 0.007843 1.775792
0.894366 0.004347 0.003526 0.001723 0.000108 0.088087 0.007843 1.776211
0.895020 0.004372 0.003577 0.001741 0.000110 0.087337 0.007843 1.776647
0.895642 0.004386 0.003599 0.001765 0.000109 0.086654 0.007846 1.777088
0.896233 0.004412 0.003635 0.001785 0.000109 0.085981 0.007846 1.777534
0.896821 0.004432 0.003661 0.001813 0.000110 0.085315 0.007848 1.777986
0.897354 0.004489 0.003684 0.001836 0.000114 0.084674 0.007848 1.778407
0.897890 0.004526 0.003715 0.001856 0.000115 0.084049 0.007849 1.778868
0.898432 0.004587 0.003760 0.001862 0.000114 0.083395 0.007850 1.779311
0.898936 0.004660 0.003793 0.001900 0.000115 0.082746 0.007851 1.779760
0.899428 0.004707 0.003828 0.001919 0.000115 0.082150 0.007852 1.780237
0.899943 0.004770 0.003859 0.001933 0.000115 0.081526 0.007853 1.780701
0.900433 0.004824 0.003910 0.001929 0.000117 0.080933 0.007854 1.781170
0.900934 0.004852 0.003920 0.001938 0.000119 0.080381 0.007855 1.781625
0.901366 0.004895 0.003954 0.001957 0.000117 0.079854 0.007855 1.782105
0.901849 0.004963 0.003949 0.001954 0.000116 0.079310 0.007859 1.782553
0.902274 0.005008 0.003995 0.001969 0.000121 0.078773 0.007860 1.783031
0.902697 0.005080 0.004017 0.001992 0.000121 0.078230 0.007862 1.783490
0.903161 0.005097 0.004056 0.002005 0.000119 0.077696 0.007865 1.783986
0.903577 0.005089 0.004099 0.002049 0.000121 0.077198 0.007866 1.784519
0.904006 0.005131 0.004126 0.002058 0.000122 0.076688 0.007868 1.785019
0.904440 0.005135 0.004196 0.002076 0.000121 0.076159 0.007871 1.785546
0.904779 0.005223 0.004223 0.002110 0.000121 0.075671 0.007873 1.786028
0.905108 0.005294 0.004250 0.002116 0.000117 0.075237 0.007876 1.786532
0.905444 0.005388 0.004262 0.002126 0.000119 0.074783 0.007877 1.787025
0.905792 0.005509 0.004268 0.002140 0.000114 0.074296 0.007881 1.787523
0.906083 0.005550 0.004328 0.002167 0.000118 0.073872 0.007882 1.788082
0.906420 0.005598 0.004351 0.002204 0.000117 0.073427 0.007884 1.788616
0.906722 0.005627 0.004402 0.002238 0.000116 0.073008 0.007887 1.789174
0.907012 0.005642 0.004452 0.002282 0.000118 0.072606 0.007887 1.789752
0.907342 0.005692 0.004470 0.002294 0.000122 0.072192 0.007888 1.790275
0.907665 0.005723 0.004529 0.002291 0.000123 0.071781 0.007888 1.790831
0.907945 0.005744 0.004573 0.002310 0.000121 0.071415 0.007891 1.791405
0.908248 0.005779 0.004624 0.002306 0.000123 0.071028 0.007892 1.791956
0.908553 0.005819 0.004667 0.002341 0.000126 0.070600 0.007894 1.792525
0.908790 0.005899 0.004668 0.002363 0.000126 0.070258 0.007896 1.793064
0.909046 0.005949 0.004715 0.002377 0.000126 0.069890 0.007897 1.793640
0.909288 0.005997 0.004767 0.002394 0.000130 0.069527 0.007898 1.794217
0.909514 0.006014 0.004810 0.002420 0.000138 0.069205 0.007898 1.794822
0.909713 0.006075 0.004857 0.002449 0.000137 0.068871 0.007899 1.795434
0.909976 0.006110 0.004899 0.002474 0.000140 0.068501 0.007900 1.796031
0.910203 0.006119 0.004975 0.002494 0.000137 0.068171 0.007901 1.796650
0.910407 0.006174 0.004983 0.002519 0.000138 0.067876 0.007902 1.797220
0.910655 0.006189 0.005014 0.002533 0.000141 0.067563 0.007904 1.797822
0.910812 0.006224 0.005068 0.002564 0.000143 0.067283 0.007906 1.798458
0.911022 0.006280 0.005085 0.002570 0.000143 0.066992 0.007908 1.799051
0.911184 0.006316 0.005133 0.002610 0.000145 0.066703 0.007909 1.799661
0.911324 0.006390 0.005170 0.002617 0.000148 0.066440 0.007912 1.800269
0.911483 0.006395 0.005244 0.002623 0.000151 0.066191 0.007913 1.800909
0.911639 0.006382 0.005307 0.002660 0.000153 0.065943 0.007915 1.801564
0.911748 0.006422 0.005353 0.002676 0.000154 0.065729 0.007917 1.802178
0.911919 0.006455 0.005387 0.002692 0.000160 0.065470 0.007918 1.802798
0.912030 0.006492 0.005421 0.002703 0.000164 0.065272 0.007919 1.803438
0.912159 0.006548 0.005458 0.002719 0.000165 0.065030 0.007921 1.804062
0.912285 0.006598 0.005484 0.002746 0.000165 0.064799 0.007923 1.804698
0.912412 0.006651 0.005516 0.002767 0.000171 0.064559 0.007924 1.805318
0.912507 0.006689 0.005563 0.002784 0.000171 0.064361 0.007926 1.805964
0.912615 0.006679 0.005613 0.002813 0.000173 0.064181 0.007926 1.806646
0.912729 0.006732 0.005646 0.002816 0.000174 0.063976 0.007928 1.807280
0.912780 0.006775 0.005641 0.002829 0.000173 0.063872 0.007930 1.807938
0.912868 0.006809 0.005664 0.002839 0.000174 0.063712 0.007933 1.808607
0.912944 0.006849 0.005715 0.002855 0.000170 0.063531 0.007935 1.809273
0.912995 0.006870 0.005756 0.002896 0.000166 0.063379 0.007938 1.809975
0.913062 0.006957 0.005768 0.002889 0.000170 0.063215 0.007938 1.810620
0.913139 0.006976 0.005790 0.002913 0.000174 0.063068 0.007940 1.811302
0.913158 0.007041 0.005853 0.002921 0.000174 0.062909 0.007943 1.811983
0.913210 0.007111 0.005871 0.002938 0.000176 0.062750 0.007945 1.812650
0.913228 0.007130 0.005918 0.002961 0.000176 0.062640 0.007947 1.813368
0.913268 0.007159 0.005976 0.002978 0.000177 0.062494 0.007949 1.814071
0.913261 0.007210 0.006032 0.003000 0.000183 0.062361 0.007952 1.814781
0.913285 0.007248 0.006029 0.003007 0.000181 0.062295 0.007954 1.815477
0.913232 0.007346 0.006049 0.003033 0.000182 0.062204 0.007957 1.816163
0.913213 0.007365 0.006121 0.003061 0.000184 0.062096 0.007959 1.816906
0.913189 0.007438 0.006161 0.003084 0.000187 0.061979 0.007963 1.817607
0.913177 0.007472 0.006186 0.003120 0.000193 0.061891 0.007964 1.818349
0.913118 0.007509 0.006264 0.003131 0.000194 0.061820 0.007966 1.819111
0.913130 0.007556 0.006281 0.003151 0.000189 0.061723 0.007969 1.819836
0.913109 0.007588 0.006306 0.003161 0.000190 0.061676 0.007971 1.820577
0.913097 0.007617 0.006343 0.003182 0.000191 0.061598 0.007972 1.821306
0.913103 0.007613 0.006422 0.003207 0.000194 0.061486 0.007975 1.822069
0.913054 0.007647 0.006453 0.003268 0.000192 0.061409 0.007978 1.822834
0.912989 0.007711 0.006536 0.003289 0.000196 0.061298 0.007980 1.823585
0.912942 0.007798 0.006564 0.003310 0.000200 0.061205 0.007981 1.824331
0.912882 0.007860 0.006614 0.003336 0.000200 0.061125 0.007984 1.825088
0.912818 0.007898 0.006663 0.003335 0.000202 0.061098 0.007987 1.825870
0.912761 0.007945 0.006755 0.003362 0.000204 0.060985 0.007988 1.826658
0.912691 0.007999 0.006801 0.003366 0.000207 0.060946 0.007990 1.827433
0.912576 0.008050 0.006850 0.003402 0.000205 0.060924 0.007993 1.828224
0.912496 0.008073 0.006891 0.003421 0.000204 0.060921 0.007995 1.829036
0.912407 0.008160 0.006909 0.003447 0.000211 0.060872 0.007995 1.829802
0.912241 0.008276 0.006967 0.003429 0.000212 0.060877 0.007998 1.830597
0.912088 0.008361 0.007008 0.003472 0.000209 0.060861 0.008002 1.831409
0.911979 0.008370 0.007063 0.003509 0.000212 0.060864 0.008004 1.832251
0.911831 0.008463 0.007084 0.003517 0.000214 0.060885 0.008007 1.833065
0.911672 0.008525 0.007163 0.003558 0.000209 0.060863 0.008010 1.833912
0.911576 0.008562 0.007228 0.003571 0.000208 0.060842 0.008014 1.834750
0.911470 0.008610 0.007316 0.003606 0.000212 0.060769 0.008018 1.835608
0.911283 0.008684 0.007351 0.003616 0.000210 0.060835 0.008022 1.836428
0.911132 0.008695 0.007453 0.003619 0.000213 0.060864 0.008025 1.837313
0.911013 0.008761 0.007458 0.003645 0.000214 0.060882 0.008026 1.838130
0.910915 0.008772 0.007502 0.003654 0.000214 0.060914 0.008030 1.838988
0.910750 0.008777 0.007572 0.003707 0.000219 0.060944 0.008031 1.839885
0.910596 0.008806 0.007620 0.003757 0.000217 0.060969 0.008034 1.840762
0.910501 0.008829 0.007632 0.003776 0.000222 0.061003 0.008037 1.841614
0.910334 0.008868 0.007640 0.003801 0.000220 0.061095 0.008042 1.842472
0.910144 0.008910 0.007699 0.003811 0.000227 0.061166 0.008044 1.843365
0.909966 0.008961 0.007727 0.003831 0.000226 0.061242 0.008048 1.844246
0.909815 0.008974 0.007748 0.003826 0.000230 0.061358 0.008051 1.845132
0.909644 0.008991 0.007770 0.003854 0.000232 0.061456 0.008053 1.846037
0.909498 0.009031 0.007773 0.003890 0.000233 0.061520 0.008056 1.846894
0.909344 0.009064 0.007792 0.003903 0.000237 0.061602 0.008058 1.847774
0.909256 0.009017 0.007820 0.003952 0.000238 0.061657 0.008061 1.848687
0.909090 0.009066 0.007844 0.003934 0.000242 0.061760 0.008065 1.849539
0.908948 0.009058 0.007866 0.003958 0.000242 0.061862 0.008066 1.850427
0.908793 0.009081 0.007915 0.003961 0.000242 0.061940 0.008070 1.851313
0.908622 0.009110 0.007946 0.003965 0.000240 0.062046 0.008072 1.852192
0.908453 0.009135 0.007968 0.003976 0.000238 0.062152 0.008077 1.853077
0.908292 0.009180 0.007998 0.003980 0.000242 0.062228 0.008080 1.853940
0.908181 0.009173 0.007993 0.003988 0.000247 0.062337 0.008082 1.854821
0.908040 0.009205 0.008043 0.003960 0.000247 0.062420 0.008086 1.855711
0.907864 0.009280 0.008049 0.003979 0.000247 0.062494 0.008089 1.856591
0.907709 0.009282 0.008049 0.003973 0.000251 0.062648 0.008089 1.857491
0.907538 0.009274 0.008083 0.003968 0.000253 0.062794 0.008091 1.858402
0.907361 0.009287 0.008123 0.003977 0.000251 0.062909 0.008093 1.859326
0.907197 0.009317 0.008203 0.003963 0.000250 0.062974 0.008096 1.860245
0.907044 0.009331 0.008255 0.003981 0.000248 0.063041 0.008101 1.861165
0.906909 0.009378 0.008275 0.003983 0.000246 0.063105 0.008103 1.862072
0.906730 0.009389 0.008282 0.003992 0.000249 0.063255 0.008105 1.862985
0.906545 0.009414 0.008301 0.004030 0.000248 0.063353 0.008109 1.863913
0.906316 0.009512 0.008352 0.004041 0.000250 0.063417 0.008112 1.864837
0.906130 0.009562 0.008384 0.004070 0.000248 0.063492 0.008115 1.865744
0.905989 0.009539 0.008415 0.004069 0.000249 0.063621 0.008119 1.866695
0.905830 0.009519 0.008488 0.004097 0.000245 0.063701 0.008121 1.867660
0.905675 0.009528 0.008518 0.004069 0.000242 0.063843 0.008126 1.868580
0.905533 0.009560 0.008495 0.004111 0.000243 0.063931 0.008127 1.869515
0.905348 0.009577 0.008529 0.004148 0.000246 0.064023 0.008129 1.870468
0.905172 0.009609 0.008568 0.004153 0.000245 0.064119 0.008134 1.871395
0.905001 0.009649 0.008564 0.004151 0.000244 0.064252 0.008138 1.872321
0.904819 0.009661 0.008597 0.004145 0.000240 0.064395 0.008143 1.873288
0.904624 0.009689 0.008606 0.004165 0.000245 0.064526 0.008147 1.874238
0.904449 0.009668 0.008644 0.004174 0.000242 0.064673 0.008150 1.875229
0.904257 0.009724 0.008640 0.004195 0.000240 0.064790 0.008155 1.876170
0.904025 0.009821 0.008662 0.004222 0.000236 0.064875 0.008160 1.877113
0.903778 0.009870 0.008661 0.004268 0.000236 0.065024 0.008163 1.878075
0.903594 0.009867 0.008700 0.004306 0.000236 0.065134 0.008164 1.879056
0.903436 0.009899 0.008712 0.004337 0.000237 0.065214 0.008165 1.880000
0.903216 0.009986 0.008729 0.004356 0.000242 0.065302 0.008170 1.880937
0.902987 0.010013 0.008774 0.004360 0.000240 0.065455 0.008173 1.881946
0.902778 0.010045 0.008797 0.004390 0.000238 0.065575 0.008178 1.882910
0.902577 0.010042 0.008839 0.004426 0.000238 0.065701 0.008179 1.883935
0.902416 0.010051 0.008859 0.004418 0.000240 0.065837 0.008181 1.884916
0.902245 0.010062 0.008885 0.004453 0.000244 0.065929 0.008183 1.885892
0.902084 0.010076 0.008906 0.004460 0.000251 0.066040 0.008184 1.886850
0.901903 0.010096 0.008964 0.004458 0.000250 0.066142 0.008187 1.887843
0.901721 0.010100 0.008996 0.004473 0.000255 0.066266 0.008189 1.888829
0.901587 0.010056 0.009048 0.004466 0.000259 0.066393 0.008191 1.889828
0.901400 0.010047 0.009057 0.004466 0.000269 0.066572 0.008191 1.890827
0.901265 0.010030 0.009051 0.004467 0.000271 0.066724 0.008193 1.891808
0.901060 0.010014 0.009065 0.004466 0.000273 0.066926 0.008197 1.892793
0.900883 0.010058 0.009039 0.004476 0.000275 0.067069 0.008200 1.893737
0.900687 0.010063 0.009060 0.004496 0.000273 0.067219 0.008203 1.894738
0.900551 0.010085 0.009075 0.004484 0.000276 0.067322 0.008207 1.895703
0.900412 0.010106 0.009087 0.004478 0.000282 0.067427 0.008210 1.896682
0.900243 0.010092 0.009102 0.004476 0.000289 0.067589 0.008211 1.897663
0.900119 0.010066 0.009092 0.004501 0.000287 0.067723 0.008214 1.898651
0.899968 0.010044 0.009107 0.004522 0.000294 0.067850 0.008216 1.899673
0.899809 0.010073 0.009120 0.004521 0.000297 0.067962 0.008217 1.900629
0.899681 0.010062 0.009145 0.004519 0.000298 0.068073 0.008222 1.901616
0.899577 0.010022 0.009193 0.004544 0.000296 0.068140 0.008229 1.902635
0.899486 0.010012 0.009196 0.004531 0.000299 0.068247 0.008231 1.903595
0.899325 0.010042 0.009210 0.004549 0.000302 0.068334 0.008237 1.904568
0.899199 0.010076 0.009188 0.004532 0.000299 0.068465 0.008240 1.905522
0.899049 0.010084 0.009181 0.004552 0.000300 0.068591 0.008243 1.906509
0.898854 0.010089 0.009200 0.004564 0.000301 0.068744 0.008248 1.907506
0.898786 0.010024 0.009232 0.004543 0.000297 0.068867 0.008251 1.908500
0.898675 0.010019 0.009228 0.004517 0.000300 0.069005 0.008257 1.909471
0.898547 0.010041 0.009213 0.004549 0.000297 0.069094 0.008259 1.910443
0.898399 0.010098 0.009137 0.004532 0.000295 0.069276 0.008263 1.911378
0.898290 0.010079 0.009096 0.004559 0.000297 0.069411 0.008268 1.912355
0.898211 0.010012 0.009134 0.004584 0.000300 0.069489 0.008272 1.913351
0.898100 0.009970 0.009167 0.004606 0.000302 0.069580 0.008275 1.914348
0.897984 0.009959 0.009206 0.004582 0.000300 0.069690 0.008280 1.915313
0.897820 0.009964 0.009207 0.004596 0.000303 0.069829 0.008281 1.916299
0.897720 0.009962 0.009163 0.004574 0.000304 0.069994 0.008282 1.917255
0.897647 0.009969 0.009126 0.004561 0.000302 0.070110 0.008286 1.918184
0.897557 0.009961 0.009122 0.004556 0.000302 0.070209 0.008294 1.919160
0.897494 0.009907 0.009133 0.004552 0.000302 0.070317 0.008296 1.920138
0.897432 0.009834 0.009147 0.004573 0.000302 0.070413 0.008300 1.921169
0.897313 0.009822 0.009180 0.004572 0.000298 0.070508 0.008307 1.922141
0.897216 0.009833 0.009140 0.004537 0.000298 0.070667 0.008310 1.923080
0.897136 0.009775 0.009141 0.004539 0.000297 0.070801 0.008313 1.924081
0.897062 0.009765 0.009088 0.004552 0.000294 0.070920 0.008319 1.925022
0.896963 0.009744 0.009118 0.004546 0.000296 0.071010 0.008323 1.926013
0.896908 0.009736 0.009115 0.004532 0.000302 0.071085 0.008323 1.926973
0.896832 0.009728 0.009116 0.004512 0.000301 0.071183 0.008327 1.927940
0.896778 0.009667 0.009114 0.004495 0.000303 0.071313 0.008330 1.928900
0.896716 0.009671 0.009083 0.004500 0.000303 0.071393 0.008334 1.929821
0.896713 0.009601 0.009079 0.004466 0.000306 0.071495 0.008339 1.930776
0.896675 0.009593 0.009025 0.004474 0.000306 0.071583 0.008345 1.931720
0.896611 0.009597 0.009013 0.004447 0.000304 0.071678 0.008350 1.932646
0.896597 0.009564 0.008980 0.004442 0.000305 0.071757 0.008355 1.933581
0.896568 0.009546 0.008993 0.004443 0.000304 0.071789 0.008358 1.934505
0.896540 0.009483 0.008951 0.004458 0.000301 0.071906 0.008360 1.935442
0.896485 0.009441 0.008986 0.004442 0.000293 0.071989 0.008365 1.936407
0.896480 0.009426 0.008970 0.004432 0.000299 0.072024 0.008368 1.937332
0.896407 0.009479 0.008928 0.004411 0.000297 0.072108 0.008371 1.938222
0.896397 0.009496 0.008889 0.004405 0.000294 0.072146 0.008373 1.939131
0.896373 0.009493 0.008870 0.004392 0.000290 0.072206 0.008377 1.940051
0.896343 0.009473 0.008855 0.004402 0.000286 0.072261 0.008380 1.941003
0.896268 0.009469 0.008867 0.004394 0.000283 0.072336 0.008383 1.941948
0.896274 0.009444 0.008842 0.004385 0.000285 0.072384 0.008386 1.942868
0.896293 0.009374 0.008847 0.004368 0.000285 0.072446 0.008389 1.943814
0.896313 0.009366 0.008797 0.004329 0.000286 0.072517 0.008393 1.944709
0.896286 0.009331 0.008724 0.004330 0.000284 0.072648 0.008399 1.945628
0.896297 0.009324 0.008702 0.004334 0.000283 0.072659 0.008402 1.946550
0.896295 0.009292 0.008705 0.004331 0.000282 0.072687 0.008408 1.947476
0.896303 0.009267 0.008703 0.004304 0.000286 0.072729 0.008410 1.948393
0.896328 0.009275 0.008683 0.004301 0.000281 0.072719 0.008413 1.949258
0.896291 0.009267 0.008675 0.004302 0.000279 0.072771 0.008416 1.950183
0.896321 0.009210 0.008698 0.004309 0.000282 0.072760 0.008420 1.951113
0.896338 0.009236 0.008687 0.004272 0.000281 0.072762 0.008424 1.951983
0.896354 0.009250 0.008664 0.004259 0.000283 0.072764 0.008427 1.952870
0.896327 0.009270 0.008668 0.004237 0.000291 0.072780 0.008428 1.953770
0.896400 0.009199 0.008698 0.004244 0.000290 0.072737 0.008432 1.954684
0.896446 0.009148 0.008687 0.004262 0.000292 0.072732 0.008434 1.955596
0.896477 0.009100 0.008686 0.004285 0.000291 0.072725 0.008438 1.956529
0.896502 0.009095 0.008642 0.004268 0.000284 0.072766 0.008444 1.957418
0.896529 0.009087 0.008631 0.004257 0.000284 0.072764 0.008449 1.958319
0.896530 0.009099 0.008619 0.004228 0.000286 0.072787 0.008452 1.959174
0.896586 0.009104 0.008581 0.004215 0.000286 0.072770 0.008458 1.960032
0.896636 0.009043 0.008565 0.004191 0.000290 0.072815 0.008460 1.960924
0.896690 0.009005 0.008507 0.004194 0.000288 0.072852 0.008462 1.961830
0.896763 0.008989 0.008456 0.004192 0.000285 0.072849 0.008466 1.962706
0.896767 0.008980 0.008437 0.004190 0.000283 0.072873 0.008470 1.963592
0.896812 0.008957 0.008397 0.004203 0.000276 0.072878 0.008476 1.964457
0.896835 0.008946 0.008409 0.004199 0.000274 0.072856 0.008479 1.965344
0.896860 0.008894 0.008395 0.004195 0.000277 0.072898 0.008480 1.966239
0.896864 0.008885 0.008384 0.004204 0.000280 0.072901 0.008483 1.967125
0.896912 0.008861 0.008335 0.004194 0.000282 0.072929 0.008486 1.967997
0.896929 0.008862 0.008308 0.004203 0.000279 0.072927 0.008491 1.968866
0.896959 0.008846 0.008282 0.004194 0.000276 0.072949 0.008494 1.969730
0.896910 0.008907 0.008259 0.004157 0.000276 0.072993 0.008498 1.970551
0.896964 0.008830 0.008256 0.004140 0.000279 0.073030 0.008502 1.971449
0.897039 0.008799 0.008218 0.004116 0.000279 0.073044 0.008505 1.972305
0.897065 0.008751 0.008223 0.004101 0.000278 0.073073 0.008510 1.973194
0.897176 0.008688 0.008248 0.004109 0.000278 0.072989 0.008513 1.974070
0.897268 0.008684 0.008197 0.004121 0.000272 0.072941 0.008518 1.974904
0.897354 0.008675 0.008199 0.004142 0.000273 0.072837 0.008520 1.975746
0.897378 0.008691 0.008169 0.004134 0.000277 0.072828 0.008521 1.976583
0.897418 0.008684 0.008162 0.004151 0.000279 0.072782 0.008522 1.977457
0.897504 0.008663 0.008146 0.004147 0.000278 0.072737 0.008526 1.978313
0.897537 0.008656 0.008133 0.004119 0.000278 0.072748 0.008530 1.979171
0.897638 0.008633 0.008086 0.004099 0.000283 0.072728 0.008533 1.980001
0.897698 0.008612 0.008077 0.004088 0.000281 0.072707 0.008537 1.980857
0.897763 0.008596 0.008065 0.004062 0.000281 0.072692 0.008540 1.981706
0.897826 0.008612 0.008049 0.004035 0.000281 0.072651 0.008546 1.982525
0.897900 0.008559 0.008058 0.004018 0.000273 0.072640 0.008551 1.983385
0.897998 0.008540 0.008042 0.004005 0.000275 0.072586 0.008555 1.984205
0.898065 0.008536 0.008027 0.004011 0.000275 0.072527 0.008560 1.985032
0.898119 0.008503 0.008016 0.003993 0.000273 0.072532 0.008563 1.985887
0.898174 0.008475 0.008017 0.003985 0.000273 0.072511 0.008566 1.986733
0.898271 0.008421 0.008004 0.003955 0.000273 0.072506 0.008570 1.987588
0.898332 0.008411 0.007994 0.003939 0.000281 0.072471 0.008572 1.988404
0.898428 0.008360 0.008005 0.003936 0.000277 0.072418 0.008577 1.989261
0.898508 0.008361 0.007972 0.003924 0.000277 0.072379 0.008579 1.990058
0.898571 0.008358 0.007906 0.003923 0.000277 0.072381 0.008584 1.990881
0.898665 0.008355 0.007884 0.003893 0.000275 0.072341 0.008587 1.991680
0.898717 0.008375 0.007824 0.003891 0.000273 0.072331 0.008590 1.992469
0.898811 0.008368 0.007810 0.003881 0.000274 0.072263 0.008593 1.993282
0.898851 0.008401 0.007780 0.003898 0.000273 0.072200 0.008597 1.994083
0.898949 0.008395 0.007772 0.003902 0.000270 0.072109 0.008602 1.994902
0.899017 0.008365 0.007757 0.003906 0.000270 0.072078 0.008607 1.995727
0.899053 0.008388 0.007756 0.003914 0.000264 0.072014 0.008610 1.996554
0.899118 0.008390 0.007768 0.003898 0.000260 0.071953 0.008613 1.997359
0.899177 0.008380 0.007775 0.003895 0.000257 0.071898 0.008619 1.998188
0.899291 0.008327 0.007776 0.003881 0.000252 0.071851 0.008621 1.999021
0.899439 0.008296 0.007773 0.003853 0.000258 0.071758 0.008622 1.999821
0.899469 0.008267 0.007794 0.003861 0.000260 0.071726 0.008623 2.000655
0.899596 0.008202 0.007820 0.003861 0.000260 0.071634 0.008628 2.001483
0.899643 0.008201 0.007799 0.003873 0.000260 0.071593 0.008632 2.002298
0.899735 0.008138 0.007814 0.003888 0.000257 0.071535 0.008633 2.003127
0.899853 0.008113 0.007789 0.003869 0.000262 0.071478 0.008636 2.003917
0.899943 0.008094 0.007734 0.003856 0.000256 0.071478 0.008639 2.004704
0.900026 0.008098 0.007724 0.003851 0.000261 0.071397 0.008643 2.005500
0.900125 0.008123 0.007666 0.003837 0.000261 0.071343 0.008645 2.006269
0.900224 0.008091 0.007646 0.003828 0.000266 0.071297 0.008647 2.007083
0.900264 0.008070 0.007653 0.003812 0.000266 0.071286 0.008649 2.007896
0.900365 0.008095 0.007635 0.003803 0.000264 0.071184 0.008655 2.008679
0.900448 0.008057 0.007660 0.003768 0.000268 0.071140 0.008660 2.009485
0.900556 0.008054 0.007654 0.003766 0.000266 0.071041 0.008664 2.010259
0.900683 0.008027 0.007617 0.003755 0.000270 0.070981 0.008667 2.011059
0.900754 0.008027 0.007595 0.003738 0.000268 0.070949 0.008670 2.011838
0.900861 0.007999 0.007577 0.003736 0.000272 0.070881 0.008673 2.012638
0.900963 0.007980 0.007599 0.003716 0.000269 0.070796 0.008677 2.013423
0.901068 0.007990 0.007549 0.003681 0.000276 0.070757 0.008679 2.014159
0.901165 0.007991 0.007511 0.003680 0.000274 0.070700 0.008680 2.014930
0.901326 0.007976 0.007470 0.003683 0.000272 0.070589 0.008684 2.015683
0.901359 0.007994 0.007475 0.003692 0.000268 0.070526 0.008686 2.016474
0.901455 0.007978 0.007463 0.003686 0.000265 0.070461 0.008691 2.017255
0.901553 0.008029 0.007436 0.003664 0.000257 0.070368 0.008694 2.017987
0.901621 0.008045 0.007446 0.003668 0.000257 0.070267 0.008697 2.018770
0.901704 0.008058 0.007402 0.003665 0.000260 0.070212 0.008699 2.019527
0.901883 0.008007 0.007367 0.003646 0.000263 0.070136 0.008699 2.020312
0.902055 0.007963 0.007354 0.003651 0.000265 0.070010 0.008702 2.021073
0.902155 0.007964 0.007323 0.003661 0.000271 0.069921 0.008705 2.021832
0.902213 0.007952 0.007313 0.003670 0.000271 0.069876 0.008705 2.022624
0.902278 0.007967 0.007317 0.003655 0.000269 0.069806 0.008708 2.023395
0.902366 0.007955 0.007303 0.003676 0.000266 0.069721 0.008711 2.024189
0.902476 0.007929 0.007310 0.003651 0.000269 0.069648 0.008716 2.024962
0.902540 0.007964 0.007321 0.003620 0.000272 0.069566 0.008718 2.025733
0.902557 0.007982 0.007337 0.003625 0.000265 0.069511 0.008723 2.026520
0.902638 0.007999 0.007308 0.003626 0.000266 0.069436 0.008727 2.027286
0.902705 0.007990 0.007295 0.003642 0.000264 0.069372 0.008732 2.028075
0.902774 0.008008 0.007293 0.003629 0.000260 0.069299 0.008736 2.028841
0.902841 0.008026 0.007278 0.003615 0.000261 0.069239 0.008739 2.029594
0.902918 0.008027 0.007327 0.003606 0.000259 0.069120 0.008741 2.030376
0.902941 0.008055 0.007345 0.003597 0.000257 0.069058 0.008747 2.031156
0.903036 0.008019 0.007360 0.003597 0.000255 0.068982 0.008750 2.031962
0.903128 0.008010 0.007332 0.003601 0.000252 0.068921 0.008756 2.032738
0.903251 0.007973 0.007313 0.003613 0.000252 0.068840 0.008759 2.033532
0.903309 0.007958 0.007317 0.003634 0.000244 0.068774 0.008764 2.034324
0.903384 0.007921 0.007334 0.003645 0.000244 0.068704 0.008767 2.035127
0.903487 0.007898 0.007352 0.003636 0.000241 0.068617 0.008770 2.035892
0.903558 0.007883 0.007367 0.003627 0.000239 0.068553 0.008772 2.036683
0.903622 0.007900 0.007373 0.003621 0.000239 0.068471 0.008774 2.037440
0.903658 0.007918 0.007354 0.003626 0.000238 0.068429 0.008778 2.038210
0.903706 0.007921 0.007317 0.003656 0.000234 0.068386 0.008781 2.039002
0.903790 0.007932 0.007326 0.003632 0.000240 0.068298 0.008783 2.039763
0.903829 0.007945 0.007304 0.003635 0.000240 0.068260 0.008788 2.040535
0.903879 0.007993 0.007280 0.003627 0.000246 0.068186 0.008790 2.041295
0.903953 0.007980 0.007271 0.003648 0.000243 0.068114 0.008791 2.042060
0.903979 0.008001 0.007311 0.003652 0.000246 0.068016 0.008795 2.042852
0.904077 0.007962 0.007335 0.003664 0.000242 0.067921 0.008800 2.043652
0.904182 0.007927 0.007356 0.003697 0.000239 0.067795 0.008804 2.044444
0.904196 0.007929 0.007335 0.003710 0.000240 0.067782 0.008808 2.045222
0.904198 0.008003 0.007306 0.003713 0.000242 0.067729 0.008810 2.045977
0.904215 0.007976 0.007334 0.003717 0.000239 0.067706 0.008813 2.046771
0.904265 0.007990 0.007314 0.003709 0.000237 0.067666 0.008817 2.047528
0.904288 0.007978 0.007329 0.003703 0.000238 0.067644 0.008820 2.048318
0.904322 0.007970 0.007350 0.003687 0.000242 0.067606 0.008824 2.049121
0.904323 0.007976 0.007353 0.003720 0.000242 0.067561 0.008826 2.049921
0.904330 0.007999 0.007378 0.003720 0.000244 0.067501 0.008829 2.050708
0.904356 0.008009 0.007371 0.003708 0.000238 0.067487 0.008833 2.051482
0.904369 0.008021 0.007376 0.003690 0.000234 0.067472 0.008838 2.052267
0.904398 0.008045 0.007376 0.003684 0.000233 0.067424 0.008840 2.053041
0.904368 0.008081 0.007398 0.003681 0.000239 0.067392 0.008841 2.053837
0.904455 0.008077 0.007406 0.003652 0.000238 0.067328 0.008843 2.054586
0.904485 0.008074 0.007395 0.003674 0.000238 0.067288 0.008845 2.055385
0.904548 0.008060 0.007384 0.003680 0.000239 0.067238 0.008850 2.056169
0.904629 0.008072 0.007345 0.003679 0.000239 0.067184 0.008852 2.056919
0.904590 0.008078 0.007347 0.003694 0.000238 0.067199 0.008853 2.057727
0.904634 0.008031 0.007346 0.003710 0.000239 0.067182 0.008858 2.058546
0.904684 0.008031 0.007299 0.003729 0.000240 0.067157 0.008859 2.059336
0.904693 0.008077 0.007301 0.003729 0.000245 0.067093 0.008862 2.060111
0.904743 0.008068 0.007306 0.003724 0.000244 0.067047 0.008867 2.060896
0.904790 0.008038 0.007286 0.003725 0.000248 0.067043 0.008869 2.061710
0.904843 0.008026 0.007289 0.003713 0.000250 0.067004 0.008874 2.062479
0.904892 0.008017 0.007308 0.003696 0.000247 0.066963 0.008877 2.063257
0.904897 0.008046 0.007337 0.003673 0.000244 0.066923 0.008880 2.064015
0.904984 0.007983 0.007310 0.003689 0.000245 0.066906 0.008883 2.064826
0.905052 0.007970 0.007279 0.003673 0.000246 0.066893 0.008887 2.065599
0.905083 0.007958 0.007305 0.003661 0.000245 0.066860 0.008889 2.066398
