0.368718 0.062255 0.054644 0.031516 0.001974 0.475310 0.005583 1.552775
0.371001 0.059874 0.054685 0.031390 0.001988 0.475455 0.005608 1.558813
0.373888 0.057090 0.054623 0.031104 0.001987 0.475675 0.005634 1.564566
0.377279 0.054113 0.054283 0.030840 0.001975 0.475852 0.005658 1.570068
0.380984 0.051245 0.053796 0.030368 0.001981 0.475942 0.005685 1.575180
0.384997 0.048421 0.053182 0.029790 0.001977 0.475914 0.005718 1.580018
0.389052 0.045650 0.052422 0.029236 0.001967 0.475929 0.005746 1.584622
0.393300 0.042961 0.051674 0.028620 0.001955 0.475719 0.005772 1.588990
0.397779 0.040386 0.050709 0.028028 0.001965 0.475343 0.005790 1.593127
0.402307 0.037980 0.049692 0.027338 0.001942 0.474923 0.005818 1.597004
0.406790 0.035792 0.048587 0.026615 0.001927 0.474448 0.005841 1.600584
0.411396 0.033722 0.047500 0.025884 0.001924 0.473715 0.005859 1.603984
0.415936 0.031707 0.046353 0.025149 0.001928 0.473046 0.005881 1.607291
0.420648 0.029946 0.045073 0.024354 0.001911 0.472160 0.005909 1.610275
0.425435 0.028239 0.043750 0.023597 0.001896 0.471151 0.005932 1.613164
0.430204 0.026693 0.042463 0.022818 0.001890 0.469976 0.005956 1.615826
0.434936 0.025219 0.041152 0.022093 0.001871 0.468751 0.005979 1.618389
0.439771 0.023765 0.039919 0.021365 0.001855 0.467324 0.006001 1.620864
0.444657 0.022443 0.038670 0.020604 0.001833 0.465765 0.006027 1.623122
0.449569 0.021248 0.037355 0.019889 0.001816 0.464071 0.006054 1.625277
0.454464 0.020154 0.036132 0.019087 0.001794 0.462292 0.006077 1.627283
0.459319 0.019119 0.034953 0.018424 0.001769 0.460323 0.006092 1.629242
0.464184 0.018189 0.033686 0.017731 0.001735 0.458357 0.006119 1.631030
0.468937 0.017236 0.032504 0.017052 0.001721 0.456406 0.006143 1.632819
0.473784 0.016361 0.031366 0.016389 0.001704 0.454232 0.006165 1.634518
0.478664 0.015536 0.030245 0.015779 0.001680 0.451911 0.006185 1.636104
0.483617 0.014795 0.029161 0.015186 0.001659 0.449379 0.006203 1.637636
0.488515 0.014109 0.028085 0.014578 0.001634 0.446853 0.006226 1.639043
0.493382 0.013487 0.027030 0.014025 0.001596 0.444231 0.006250 1.640381
0.498190 0.012870 0.026002 0.013503 0.001553 0.441611 0.006272 1.641729
0.503021 0.012338 0.025023 0.012929 0.001531 0.438870 0.006288 1.642927
0.507773 0.011820 0.024086 0.012419 0.001508 0.436088 0.006307 1.644119
0.512568 0.011375 0.023186 0.011891 0.001486 0.433169 0.006325 1.645215
0.517338 0.010938 0.022280 0.011432 0.001464 0.430207 0.006342 1.646301
0.522039 0.010490 0.021426 0.010917 0.001439 0.427331 0.006358 1.647361
0.526834 0.010090 0.020622 0.010472 0.001421 0.424184 0.006377 1.648374
0.531591 0.009701 0.019824 0.010048 0.001391 0.421053 0.006393 1.649338
0.536234 0.009335 0.019138 0.009661 0.001363 0.417861 0.006408 1.650279
0.540892 0.009038 0.018467 0.009269 0.001327 0.414582 0.006425 1.651170
0.545441 0.008748 0.017743 0.008912 0.001309 0.411402 0.006444 1.652029
0.549971 0.008449 0.017061 0.008593 0.001278 0.408188 0.006461 1.652870
0.554552 0.008172 0.016370 0.008232 0.001246 0.404948 0.006478 1.653666
0.558957 0.007909 0.015756 0.007932 0.001223 0.401730 0.006492 1.654459
0.563401 0.007674 0.015154 0.007664 0.001188 0.398408 0.006511 1.655222
0.567865 0.007410 0.014612 0.007386 0.001171 0.395032 0.006524 1.655951
0.572333 0.007188 0.014056 0.007100 0.001143 0.391642 0.006539 1.656658
0.576670 0.007046 0.013496 0.006775 0.001117 0.388344 0.006554 1.657298
0.581049 0.006865 0.012996 0.006516 0.001074 0.384927 0.006574 1.657977
0.585436 0.006624 0.012502 0.006260 0.001050 0.381538 0.006591 1.658647
0.589785 0.006426 0.012055 0.006009 0.001032 0.378093 0.006600 1.659278
0.594087 0.006232 0.011619 0.005801 0.001004 0.374640 0.006616 1.659899
0.598326 0.006061 0.011167 0.005567 0.000984 0.371267 0.006628 1.660507
0.602497 0.005879 0.010741 0.005386 0.000958 0.367897 0.006641 1.661116
0.606709 0.005731 0.010389 0.005178 0.000935 0.364404 0.006655 1.661672
0.610858 0.005566 0.010058 0.005005 0.000922 0.360926 0.006665 1.662243
0.614931 0.005431 0.009714 0.004846 0.000897 0.357502 0.006680 1.662775
0.619018 0.005283 0.009402 0.004671 0.000877 0.354058 0.006692 1.663329
0.622956 0.005145 0.009098 0.004506 0.000856 0.350733 0.006707 1.663853
0.626974 0.005038 0.008772 0.004363 0.000837 0.347300 0.006717 1.664346
0.630896 0.004914 0.008476 0.004209 0.000819 0.343960 0.006726 1.664832
0.634787 0.004845 0.008171 0.004072 0.000793 0.340596 0.006736 1.665277
0.638638 0.004766 0.007889 0.003938 0.000772 0.337249 0.006748 1.665724
0.642480 0.004660 0.007665 0.003820 0.000752 0.333868 0.006756 1.666176
0.646265 0.004586 0.007399 0.003696 0.000735 0.330552 0.006766 1.666607
0.650094 0.004482 0.007212 0.003597 0.000715 0.327126 0.006774 1.667065
0.653864 0.004381 0.006985 0.003497 0.000697 0.323787 0.006788 1.667504
0.657585 0.004297 0.006778 0.003367 0.000677 0.320500 0.006795 1.667896
0.661253 0.004185 0.006571 0.003286 0.000660 0.317239 0.006805 1.668327
0.664907 0.004081 0.006372 0.003188 0.000649 0.313987 0.006816 1.668745
0.668557 0.003999 0.006194 0.003097 0.000623 0.310705 0.006825 1.669140
0.672170 0.003902 0.006022 0.003012 0.000607 0.307453 0.006835 1.669530
0.675691 0.003818 0.005862 0.002917 0.000596 0.304276 0.006840 1.669916
0.679145 0.003726 0.005702 0.002838 0.000582 0.301158 0.006848 1.670306
0.682594 0.003645 0.005521 0.002760 0.000562 0.298063 0.006856 1.670654
0.686075 0.003550 0.005373 0.002699 0.000551 0.294889 0.006863 1.671010
0.689514 0.003491 0.005242 0.002620 0.000535 0.291728 0.006870 1.671355
0.692846 0.003428 0.005107 0.002559 0.000520 0.288665 0.006875 1.671701
0.696201 0.003353 0.004981 0.002498 0.000497 0.285585 0.006885 1.672061
0.699537 0.003300 0.004824 0.002448 0.000486 0.282511 0.006893 1.672377
0.702887 0.003217 0.004704 0.002386 0.000474 0.279435 0.006897 1.672711
0.706076 0.003168 0.004579 0.002326 0.000459 0.276486 0.006906 1.673024
0.709257 0.003092 0.004484 0.002266 0.000448 0.273543 0.006911 1.673346
0.712318 0.003074 0.004365 0.002213 0.000436 0.270676 0.006918 1.673642
0.715443 0.003016 0.004255 0.002156 0.000423 0.267785 0.006923 1.673947
0.718553 0.002987 0.004121 0.002083 0.000414 0.264916 0.006927 1.674228
0.721587 0.002972 0.003988 0.002042 0.000398 0.262077 0.006935 1.674500
0.724583 0.002915 0.003904 0.001984 0.000391 0.259284 0.006939 1.674796
0.727499 0.002885 0.003829 0.001923 0.000384 0.256536 0.006944 1.675066
0.730489 0.002807 0.003738 0.001885 0.000372 0.253759 0.006949 1.675360
0.733427 0.002746 0.003671 0.001849 0.000364 0.250990 0.006953 1.675640
0.736299 0.002707 0.003600 0.001810 0.000354 0.248273 0.006959 1.675910
0.739172 0.002657 0.003507 0.001766 0.000348 0.245589 0.006963 1.676159
0.742035 0.002616 0.003431 0.001724 0.000343 0.242886 0.006965 1.676424
0.744850 0.002608 0.003337 0.001681 0.000336 0.240221 0.006967 1.676666
0.747595 0.002572 0.003260 0.001650 0.000330 0.237623 0.006971 1.676919
0.750360 0.002531 0.003181 0.001612 0.000316 0.235025 0.006975 1.677169
0.753068 0.002534 0.003119 0.001580 0.000306 0.232410 0.006982 1.677405
0.755725 0.002497 0.003079 0.001547 0.000296 0.229871 0.006985 1.677661
0.758344 0.002478 0.003030 0.001513 0.000289 0.227358 0.006989 1.677903
0.761000 0.002426 0.002994 0.001476 0.000280 0.224833 0.006993 1.678157
0.763635 0.002395 0.002941 0.001448 0.000274 0.222311 0.006997 1.678387
0.766174 0.002379 0.002876 0.001425 0.000264 0.219882 0.007000 1.678612
0.768662 0.002369 0.002803 0.001380 0.000256 0.217529 0.007001 1.678832
0.771150 0.002352 0.002772 0.001352 0.000251 0.215116 0.007006 1.679053
0.773643 0.002315 0.002727 0.001337 0.000246 0.212724 0.007009 1.679286
0.776062 0.002301 0.002675 0.001312 0.000236 0.210401 0.007013 1.679507
0.778461 0.002248 0.002626 0.001295 0.000233 0.208121 0.007017 1.679744
0.780924 0.002213 0.002599 0.001282 0.000226 0.205735 0.007021 1.679974
0.783265 0.002190 0.002570 0.001251 0.000223 0.203479 0.007023 1.680184
0.785608 0.002158 0.002542 0.001230 0.000221 0.201218 0.007025 1.680407
0.788010 0.002117 0.002503 0.001212 0.000217 0.198914 0.007028 1.680628
0.790295 0.002091 0.002468 0.001193 0.000210 0.196713 0.007031 1.680833
0.792568 0.002055 0.002437 0.001167 0.000201 0.194536 0.007035 1.681044
0.794814 0.002022 0.002411 0.001149 0.000198 0.192370 0.007038 1.681247
0.797011 0.001975 0.002402 0.001142 0.000194 0.190235 0.007040 1.681472
0.799203 0.001928 0.002370 0.001132 0.000190 0.188136 0.007042 1.681680
0.801370 0.001919 0.002329 0.001122 0.000186 0.186030 0.007045 1.681864
0.803507 0.001923 0.002271 0.001102 0.000181 0.183970 0.007047 1.682026
0.805617 0.001914 0.002232 0.001084 0.000173 0.181928 0.007052 1.682211
0.807752 0.001889 0.002196 0.001064 0.000170 0.179874 0.007055 1.682392
0.809865 0.001886 0.002156 0.001045 0.000164 0.177826 0.007058 1.682561
0.811968 0.001853 0.002116 0.001039 0.000163 0.175799 0.007061 1.682746
0.814036 0.001850 0.002073 0.001017 0.000161 0.173801 0.007062 1.682914
0.815997 0.001834 0.002058 0.000997 0.000161 0.171890 0.007063 1.683102
0.817924 0.001833 0.002020 0.000982 0.000154 0.170020 0.007066 1.683278
0.819877 0.001802 0.002013 0.000963 0.000152 0.168125 0.007068 1.683459
0.821722 0.001792 0.001980 0.000945 0.000147 0.166345 0.007069 1.683634
0.823560 0.001765 0.001957 0.000947 0.000143 0.164556 0.007072 1.683815
0.825411 0.001736 0.001946 0.000938 0.000145 0.162751 0.007072 1.684004
0.827271 0.001697 0.001926 0.000929 0.000146 0.160955 0.007074 1.684181
0.829089 0.001647 0.001916 0.000929 0.000145 0.159197 0.007077 1.684372
0.830937 0.001633 0.001895 0.000913 0.000139 0.157404 0.007079 1.684538
0.832703 0.001613 0.001861 0.000905 0.000135 0.155702 0.007081 1.684709
0.834453 0.001597 0.001825 0.000899 0.000132 0.154013 0.007082 1.684869
0.836191 0.001586 0.001810 0.000883 0.000128 0.152317 0.007084 1.685032
0.837910 0.001565 0.001783 0.000878 0.000123 0.150655 0.007086 1.685190
0.839685 0.001564 0.001768 0.000858 0.000121 0.148918 0.007086 1.685344
0.841388 0.001541 0.001743 0.000834 0.000122 0.147286 0.007086 1.685496
0.843046 0.001519 0.001742 0.000821 0.000120 0.145663 0.007088 1.685649
0.844738 0.001497 0.001716 0.000806 0.000118 0.144036 0.007090 1.685804
0.846417 0.001500 0.001710 0.000814 0.000116 0.142350 0.007092 1.685959
0.848104 0.001472 0.001702 0.000794 0.000114 0.140721 0.007093 1.686110
0.849723 0.001458 0.001696 0.000786 0.000108 0.139135 0.007095 1.686261
0.851308 0.001462 0.001658 0.000776 0.000107 0.137593 0.007096 1.686391
0.852900 0.001445 0.001638 0.000758 0.000106 0.136054 0.007099 1.686527
0.854391 0.001453 0.001602 0.000747 0.000108 0.134600 0.007099 1.686652
0.855962 0.001452 0.001585 0.000737 0.000105 0.133058 0.007101 1.686794
0.857519 0.001446 0.001561 0.000731 0.000105 0.131536 0.007102 1.686927
0.859016 0.001423 0.001557 0.000732 0.000101 0.130066 0.007105 1.687075
0.860483 0.001413 0.001535 0.000732 0.000096 0.128636 0.007105 1.687220
0.861925 0.001413 0.001507 0.000712 0.000096 0.127241 0.007107 1.687342
0.863398 0.001406 0.001497 0.000703 0.000093 0.125795 0.007108 1.687473
0.864835 0.001386 0.001492 0.000695 0.000094 0.124388 0.007110 1.687621
0.866233 0.001380 0.001487 0.000682 0.000093 0.123014 0.007111 1.687759
0.867633 0.001374 0.001459 0.000680 0.000093 0.121648 0.007113 1.687886
0.869050 0.001368 0.001438 0.000667 0.000091 0.120272 0.007114 1.688014
0.870400 0.001371 0.001433 0.000668 0.000085 0.118928 0.007115 1.688140
0.871749 0.001359 0.001403 0.000668 0.000082 0.117622 0.007118 1.688273
0.873087 0.001337 0.001398 0.000671 0.000082 0.116307 0.007119 1.688414
0.874325 0.001346 0.001378 0.000664 0.000077 0.115089 0.007122 1.688538
0.875652 0.001335 0.001366 0.000671 0.000076 0.113777 0.007123 1.688672
0.876931 0.001318 0.001342 0.000675 0.000076 0.112536 0.007123 1.688809
0.878180 0.001309 0.001342 0.000671 0.000075 0.111300 0.007123 1.688937
0.879470 0.001277 0.001332 0.000666 0.000074 0.110059 0.007123 1.689063
0.880731 0.001270 0.001317 0.000663 0.000072 0.108822 0.007125 1.689187
0.881937 0.001265 0.001307 0.000659 0.000071 0.107636 0.007125 1.689306
0.883155 0.001256 0.001304 0.000646 0.000068 0.106446 0.007125 1.689430
0.884346 0.001241 0.001287 0.000658 0.000066 0.105277 0.007126 1.689565
0.885504 0.001226 0.001282 0.000659 0.000065 0.104138 0.007127 1.689693
0.886710 0.001212 0.001276 0.000656 0.000063 0.102956 0.007128 1.689812
0.887833 0.001216 0.001267 0.000637 0.000062 0.101859 0.007128 1.689921
0.888959 0.001200 0.001262 0.000631 0.000064 0.100758 0.007128 1.690039
0.890092 0.001195 0.001252 0.000624 0.000066 0.099643 0.007128 1.690162
0.891215 0.001173 0.001232 0.000634 0.000064 0.098552 0.007129 1.690285
0.892312 0.001185 0.001211 0.000622 0.000063 0.097478 0.007130 1.690391
0.893421 0.001156 0.001191 0.000624 0.000061 0.096417 0.007130 1.690515
0.894521 0.001143 0.001179 0.000611 0.000061 0.095354 0.007131 1.690627
0.895588 0.001134 0.001174 0.000611 0.000062 0.094301 0.007131 1.690748
0.896647 0.001114 0.001184 0.000607 0.000062 0.093255 0.007132 1.690870
0.897673 0.001101 0.001176 0.000597 0.000063 0.092259 0.007133 1.690981
0.898692 0.001101 0.001168 0.000593 0.000063 0.091250 0.007134 1.691091
0.899694 0.001098 0.001153 0.000585 0.000063 0.090273 0.007134 1.691189
0.900698 0.001085 0.001148 0.000578 0.000061 0.089297 0.007136 1.691299
0.901709 0.001085 0.001134 0.000572 0.000058 0.088305 0.007136 1.691399
0.902704 0.001066 0.001122 0.000561 0.000058 0.087352 0.007137 1.691509
0.903648 0.001080 0.001108 0.000555 0.000057 0.086415 0.007138 1.691616
0.904597 0.001060 0.001108 0.000546 0.000058 0.085492 0.007138 1.691724
0.905516 0.001052 0.001096 0.000544 0.000055 0.084597 0.007140 1.691831
0.906420 0.001035 0.001098 0.000536 0.000052 0.083718 0.007141 1.691937
0.907318 0.001035 0.001098 0.000531 0.000051 0.082827 0.007141 1.692044
0.908238 0.001023 0.001089 0.000526 0.000048 0.081934 0.007142 1.692147
0.909104 0.001022 0.001076 0.000519 0.000047 0.081090 0.007143 1.692244
0.909994 0.001009 0.001069 0.000514 0.000044 0.080226 0.007145 1.692342
0.910854 0.001009 0.001054 0.000515 0.000043 0.079379 0.007145 1.692440
0.911746 0.001016 0.001039 0.000507 0.000041 0.078503 0.007147 1.692534
0.912579 0.001024 0.001027 0.000508 0.000039 0.077677 0.007147 1.692627
0.913424 0.001023 0.001025 0.000505 0.000036 0.076838 0.007149 1.692721
0.914268 0.001014 0.001022 0.000506 0.000034 0.076007 0.007149 1.692823
0.915072 0.000983 0.001031 0.000522 0.000034 0.075208 0.007150 1.692950
0.915883 0.000973 0.001015 0.000519 0.000036 0.074426 0.007150 1.693052
0.916667 0.000956 0.001004 0.000515 0.000037 0.073672 0.007150 1.693159
0.917463 0.000955 0.000994 0.000504 0.000037 0.072898 0.007150 1.693248
0.918246 0.000939 0.000994 0.000500 0.000038 0.072134 0.007150 1.693346
0.919043 0.000930 0.000981 0.000496 0.000038 0.071362 0.007150 1.693443
0.919800 0.000914 0.000972 0.000498 0.000037 0.070630 0.007150 1.693539
0.920513 0.000917 0.000966 0.000480 0.000036 0.069939 0.007151 1.693626
0.921197 0.000920 0.000968 0.000472 0.000037 0.069255 0.007152 1.693724
0.921946 0.000904 0.000960 0.000476 0.000039 0.068525 0.007152 1.693820
0.922623 0.000907 0.000946 0.000470 0.000037 0.067865 0.007153 1.693910
0.923309 0.000909 0.000948 0.000468 0.000036 0.067179 0.007153 1.693998
0.924017 0.000908 0.000938 0.000465 0.000036 0.066485 0.007153 1.694083
0.924676 0.000914 0.000930 0.000462 0.000036 0.065830 0.007153 1.694170
0.925352 0.000919 0.000916 0.000460 0.000034 0.065166 0.007154 1.694257
0.925989 0.000927 0.000903 0.000455 0.000033 0.064539 0.007155 1.694339
0.926613 0.000930 0.000897 0.000450 0.000034 0.063921 0.007155 1.694427
0.927227 0.000932 0.000900 0.000443 0.000034 0.063312 0.007155 1.694515
0.927836 0.000923 0.000904 0.000447 0.000034 0.062702 0.007155 1.694620
0.928487 0.000921 0.000898 0.000444 0.000034 0.062062 0.007155 1.694709
0.929071 0.000917 0.000889 0.000446 0.000032 0.061490 0.007157 1.694811
0.929656 0.000909 0.000889 0.000456 0.000031 0.060902 0.007157 1.694906
0.930259 0.000917 0.000881 0.000458 0.000033 0.060295 0.007157 1.694995
0.930830 0.000911 0.000891 0.000451 0.000031 0.059729 0.007158 1.695082
0.931392 0.000916 0.000883 0.000451 0.000031 0.059171 0.007158 1.695170
0.931930 0.000902 0.000876 0.000448 0.000031 0.058655 0.007159 1.695268
0.932495 0.000888 0.000878 0.000449 0.000029 0.058102 0.007160 1.695365
0.933039 0.000878 0.000870 0.000442 0.000027 0.057583 0.007161 1.695452
0.933590 0.000873 0.000858 0.000437 0.000027 0.057054 0.007161 1.695536
0.934140 0.000866 0.000866 0.000427 0.000029 0.056513 0.007161 1.695617
0.934668 0.000862 0.000862 0.000424 0.000030 0.055994 0.007162 1.695699
0.935168 0.000860 0.000850 0.000418 0.000031 0.055512 0.007162 1.695779
0.935713 0.000874 0.000843 0.000418 0.000031 0.054960 0.007162 1.695855
0.936202 0.000884 0.000831 0.000410 0.000031 0.054480 0.007163 1.695934
0.936675 0.000881 0.000824 0.000406 0.000030 0.054024 0.007163 1.696016
0.937160 0.000886 0.000812 0.000399 0.000031 0.053550 0.007163 1.696099
0.937617 0.000872 0.000819 0.000409 0.000031 0.053091 0.007163 1.696196
0.938077 0.000880 0.000807 0.000405 0.000032 0.052637 0.007163 1.696275
0.938538 0.000875 0.000798 0.000407 0.000030 0.052189 0.007163 1.696360
0.938965 0.000888 0.000806 0.000406 0.000030 0.051743 0.007163 1.696443
0.939404 0.000866 0.000806 0.000421 0.000031 0.051309 0.007164 1.696544
0.939844 0.000834 0.000816 0.000428 0.000032 0.050883 0.007164 1.696638
0.940273 0.000828 0.000810 0.000422 0.000032 0.050471 0.007164 1.696722
0.940682 0.000826 0.000811 0.000418 0.000032 0.050068 0.007164 1.696808
0.941098 0.000828 0.000813 0.000420 0.000031 0.049646 0.007165 1.696891
0.941523 0.000815 0.000798 0.000420 0.000031 0.049249 0.007165 1.696975
0.941928 0.000811 0.000789 0.000419 0.000031 0.048857 0.007165 1.697052
0.942329 0.000812 0.000789 0.000409 0.000031 0.048464 0.007167 1.697131
0.942696 0.000828 0.000784 0.000406 0.000031 0.048088 0.007167 1.697198
0.943098 0.000826 0.000780 0.000413 0.000032 0.047685 0.007167 1.697280
0.943475 0.000838 0.000773 0.000404 0.000033 0.047310 0.007168 1.697360
0.943857 0.000829 0.000772 0.000418 0.000031 0.046925 0.007169 1.697444
0.944225 0.000829 0.000765 0.000414 0.000030 0.046568 0.007169 1.697523
0.944565 0.000828 0.000767 0.000413 0.000029 0.046229 0.007171 1.697605
0.944922 0.000812 0.000766 0.000412 0.000029 0.045889 0.007171 1.697685
0.945274 0.000824 0.000760 0.000403 0.000029 0.045539 0.007171 1.697756
0.945640 0.000805 0.000769 0.000402 0.000029 0.045185 0.007172 1.697847
0.945991 0.000795 0.000772 0.000403 0.000028 0.044840 0.007172 1.697925
0.946341 0.000786 0.000764 0.000415 0.000028 0.044494 0.007173 1.698021
0.946677 0.000787 0.000755 0.000414 0.000026 0.044169 0.007173 1.698096
0.946981 0.000781 0.000754 0.000412 0.000026 0.043874 0.007173 1.698175
0.947301 0.000795 0.000746 0.000403 0.000025 0.043557 0.007174 1.698245
0.947610 0.000802 0.000739 0.000403 0.000024 0.043249 0.007174 1.698319
0.947947 0.000777 0.000741 0.000401 0.000024 0.042937 0.007174 1.698401
0.948252 0.000776 0.000735 0.000390 0.000024 0.042649 0.007174 1.698474
0.948541 0.000777 0.000734 0.000382 0.000024 0.042367 0.007175 1.698553
0.948838 0.000764 0.000725 0.000380 0.000024 0.042094 0.007175 1.698635
0.949133 0.000762 0.000729 0.000377 0.000022 0.041800 0.007176 1.698716
0.949428 0.000762 0.000727 0.000373 0.000024 0.041512 0.007176 1.698787
0.949698 0.000766 0.000737 0.000356 0.000025 0.041243 0.007176 1.698860
0.950029 0.000757 0.000737 0.000359 0.000022 0.040918 0.007177 1.698939
0.950313 0.000766 0.000731 0.000354 0.000022 0.040637 0.007177 1.699004
0.950606 0.000761 0.000726 0.000358 0.000022 0.040349 0.007178 1.699077
0.950861 0.000766 0.000712 0.000355 0.000022 0.040107 0.007178 1.699150
0.951116 0.000766 0.000704 0.000355 0.000021 0.039861 0.007178 1.699226
0.951368 0.000763 0.000705 0.000356 0.000022 0.039610 0.007178 1.699304
0.951648 0.000763 0.000698 0.000352 0.000022 0.039340 0.007178 1.699370
0.951901 0.000749 0.000697 0.000348 0.000021 0.039106 0.007179 1.699441
0.952157 0.000753 0.000693 0.000348 0.000021 0.038850 0.007179 1.699517
0.952392 0.000768 0.000688 0.000344 0.000020 0.038609 0.007179 1.699583
0.952623 0.000775 0.000696 0.000336 0.000021 0.038370 0.007179 1.699651
0.952855 0.000764 0.000703 0.000332 0.000022 0.038146 0.007179 1.699735
0.953089 0.000768 0.000695 0.000341 0.000019 0.037910 0.007179 1.699809
0.953311 0.000779 0.000694 0.000336 0.000021 0.037680 0.007179 1.699876
0.953535 0.000777 0.000690 0.000330 0.000021 0.037468 0.007179 1.699952
0.953775 0.000783 0.000695 0.000324 0.000021 0.037223 0.007179 1.700026
0.953999 0.000770 0.000701 0.000325 0.000022 0.037005 0.007179 1.700104
0.954214 0.000778 0.000710 0.000324 0.000022 0.036774 0.007180 1.700182
0.954438 0.000763 0.000718 0.000326 0.000024 0.036551 0.007180 1.700272
0.954628 0.000767 0.000718 0.000324 0.000026 0.036358 0.007180 1.700344
0.954849 0.000753 0.000715 0.000325 0.000024 0.036156 0.007181 1.700418
0.955069 0.000741 0.000705 0.000330 0.000022 0.035952 0.007181 1.700500
0.955288 0.000737 0.000698 0.000330 0.000022 0.035744 0.007182 1.700572
0.955497 0.000727 0.000711 0.000336 0.000022 0.035525 0.007182 1.700651
0.955681 0.000729 0.000712 0.000339 0.000022 0.035334 0.007182 1.700718
0.955887 0.000728 0.000708 0.000335 0.000020 0.035139 0.007183 1.700787
0.956072 0.000738 0.000700 0.000333 0.000020 0.034955 0.007184 1.700855
0.956243 0.000739 0.000696 0.000341 0.000019 0.034778 0.007185 1.700930
0.956452 0.000728 0.000705 0.000348 0.000018 0.034563 0.007186 1.701017
0.956637 0.000734 0.000709 0.000347 0.000018 0.034369 0.007186 1.701097
0.956818 0.000741 0.000696 0.000344 0.000018 0.034197 0.007186 1.701163
0.957019 0.000748 0.000687 0.000349 0.000018 0.033993 0.007186 1.701228
0.957162 0.000758 0.000682 0.000336 0.000018 0.033857 0.007186 1.701294
0.957336 0.000741 0.000700 0.000333 0.000018 0.033688 0.007186 1.701380
0.957498 0.000743 0.000692 0.000325 0.000017 0.033538 0.007187 1.701447
0.957672 0.000752 0.000658 0.000326 0.000017 0.033389 0.007187 1.701500
0.957843 0.000751 0.000655 0.000335 0.000018 0.033212 0.007187 1.701573
0.958014 0.000755 0.000647 0.000338 0.000018 0.033042 0.007187 1.701638
0.958175 0.000754 0.000645 0.000335 0.000018 0.032887 0.007187 1.701700
0.958333 0.000760 0.000654 0.000340 0.000018 0.032709 0.007187 1.701776
0.958481 0.000757 0.000665 0.000339 0.000018 0.032555 0.007187 1.701849
0.958625 0.000754 0.000658 0.000345 0.000018 0.032414 0.007188 1.701928
0.958759 0.000760 0.000661 0.000342 0.000019 0.032271 0.007188 1.702000
0.958899 0.000757 0.000660 0.000346 0.000019 0.032131 0.007188 1.702076
0.959033 0.000755 0.000672 0.000340 0.000020 0.031993 0.007188 1.702157
0.959155 0.000756 0.000670 0.000349 0.000022 0.031862 0.007188 1.702235
0.959269 0.000760 0.000681 0.000350 0.000021 0.031732 0.007188 1.702310
0.959410 0.000756 0.000685 0.000348 0.000019 0.031595 0.007188 1.702388
0.959538 0.000754 0.000689 0.000341 0.000020 0.031471 0.007188 1.702468
0.959655 0.000766 0.000678 0.000344 0.000020 0.031351 0.007188 1.702532
0.959774 0.000757 0.000681 0.000346 0.000018 0.031236 0.007189 1.702611
0.959901 0.000756 0.000685 0.000351 0.000017 0.031100 0.007190 1.702687
0.960018 0.000756 0.000682 0.000346 0.000018 0.030991 0.007190 1.702760
0.960120 0.000753 0.000682 0.000346 0.000019 0.030892 0.007190 1.702843
0.960220 0.000759 0.000681 0.000342 0.000019 0.030790 0.007190 1.702912
0.960343 0.000756 0.000682 0.000344 0.000021 0.030665 0.007190 1.702982
0.960452 0.000766 0.000678 0.000341 0.000023 0.030551 0.007190 1.703052
0.960559 0.000759 0.000678 0.000338 0.000023 0.030453 0.007191 1.703129
0.960673 0.000761 0.000680 0.000337 0.000025 0.030335 0.007191 1.703196
0.960791 0.000761 0.000682 0.000337 0.000024 0.030214 0.007191 1.703271
0.960901 0.000753 0.000684 0.000342 0.000024 0.030104 0.007192 1.703348
0.960992 0.000754 0.000681 0.000348 0.000023 0.030011 0.007192 1.703424
0.961081 0.000753 0.000688 0.000352 0.000023 0.029910 0.007193 1.703505
0.961170 0.000762 0.000687 0.000349 0.000025 0.029815 0.007193 1.703582
0.961268 0.000755 0.000684 0.000351 0.000023 0.029726 0.007194 1.703660
0.961367 0.000741 0.000682 0.000360 0.000020 0.029635 0.007195 1.703736
0.961450 0.000752 0.000679 0.000352 0.000020 0.029551 0.007196 1.703805
0.961542 0.000757 0.000674 0.000347 0.000019 0.029466 0.007196 1.703872
0.961640 0.000756 0.000687 0.000336 0.000019 0.029365 0.007196 1.703948
0.961725 0.000754 0.000690 0.000338 0.000019 0.029279 0.007196 1.704021
0.961808 0.000757 0.000693 0.000336 0.000020 0.029190 0.007197 1.704093
0.961909 0.000764 0.000696 0.000336 0.000019 0.029080 0.007197 1.704160
0.961985 0.000766 0.000696 0.000336 0.000019 0.029001 0.007197 1.704237
0.962063 0.000775 0.000694 0.000337 0.000018 0.028917 0.007197 1.704312
0.962145 0.000769 0.000708 0.000333 0.000018 0.028829 0.007197 1.704389
0.962209 0.000781 0.000713 0.000329 0.000018 0.028753 0.007197 1.704464
0.962282 0.000786 0.000708 0.000341 0.000018 0.028668 0.007198 1.704544
0.962356 0.000783 0.000716 0.000347 0.000019 0.028581 0.007198 1.704627
0.962436 0.000777 0.000721 0.000344 0.000018 0.028506 0.007198 1.704702
0.962511 0.000772 0.000726 0.000343 0.000018 0.028431 0.007199 1.704785
0.962608 0.000761 0.000722 0.000346 0.000018 0.028347 0.007199 1.704860
0.962675 0.000750 0.000735 0.000343 0.000019 0.028280 0.007199 1.704946
0.962745 0.000754 0.000740 0.000335 0.000019 0.028209 0.007199 1.705017
0.962807 0.000760 0.000739 0.000336 0.000018 0.028142 0.007199 1.705094
0.962883 0.000747 0.000736 0.000331 0.000018 0.028086 0.007199 1.705172
0.962960 0.000740 0.000726 0.000337 0.000018 0.028019 0.007200 1.705248
0.963008 0.000754 0.000720 0.000340 0.000019 0.027959 0.007201 1.705319
0.963062 0.000753 0.000731 0.000340 0.000020 0.027895 0.007201 1.705402
0.963132 0.000745 0.000732 0.000340 0.000021 0.027830 0.007201 1.705474
0.963198 0.000751 0.000727 0.000339 0.000022 0.027764 0.007201 1.705545
0.963253 0.000753 0.000731 0.000339 0.000021 0.027703 0.007201 1.705619
0.963315 0.000759 0.000716 0.000336 0.000023 0.027652 0.007201 1.705689
0.963373 0.000754 0.000715 0.000336 0.000023 0.027598 0.007201 1.705761
0.963430 0.000755 0.000724 0.000336 0.000023 0.027531 0.007201 1.705842
0.963476 0.000770 0.000722 0.000337 0.000022 0.027471 0.007203 1.705920
0.963539 0.000786 0.000725 0.000337 0.000021 0.027389 0.007203 1.705990
0.963586 0.000795 0.000714 0.000341 0.000021 0.027340 0.007203 1.706058
0.963632 0.000790 0.000708 0.000343 0.000021 0.027302 0.007203 1.706136
0.963695 0.000785 0.000718 0.000340 0.000021 0.027237 0.007203 1.706212
0.963749 0.000779 0.000717 0.000342 0.000021 0.027188 0.007204 1.706289
0.963781 0.000794 0.000701 0.000350 0.000022 0.027149 0.007204 1.706364
0.963825 0.000794 0.000700 0.000351 0.000022 0.027106 0.007204 1.706444
0.963890 0.000789 0.000688 0.000355 0.000023 0.027053 0.007204 1.706517
0.963940 0.000791 0.000702 0.000362 0.000023 0.026978 0.007205 1.706600
0.963978 0.000789 0.000706 0.000363 0.000024 0.026936 0.007205 1.706678
0.964032 0.000778 0.000712 0.000359 0.000023 0.026891 0.007206 1.706760
0.964078 0.000769 0.000715 0.000361 0.000022 0.026849 0.007206 1.706837
0.964126 0.000769 0.000723 0.000355 0.000024 0.026798 0.007206 1.706912
0.964182 0.000775 0.000713 0.000354 0.000023 0.026747 0.007206 1.706983
0.964229 0.000781 0.000713 0.000356 0.000023 0.026693 0.007206 1.707055
0.964292 0.000769 0.000723 0.000366 0.000023 0.026622 0.007206 1.707131
0.964330 0.000772 0.000712 0.000360 0.000023 0.026598 0.007206 1.707202
0.964366 0.000786 0.000710 0.000350 0.000025 0.026558 0.007206 1.707274
0.964394 0.000784 0.000714 0.000349 0.000026 0.026528 0.007206 1.707348
0.964428 0.000785 0.000709 0.000353 0.000025 0.026494 0.007207 1.707422
0.964497 0.000770 0.000709 0.000357 0.000025 0.026437 0.007207 1.707505
0.964540 0.000755 0.000703 0.000359 0.000025 0.026412 0.007207 1.707583
0.964574 0.000764 0.000705 0.000363 0.000024 0.026362 0.007207 1.707655
0.964606 0.000757 0.000706 0.000361 0.000024 0.026339 0.007208 1.707734
0.964635 0.000756 0.000691 0.000360 0.000023 0.026328 0.007208 1.707807
0.964659 0.000775 0.000682 0.000361 0.000022 0.026294 0.007208 1.707870
0.964679 0.000771 0.000697 0.000370 0.000023 0.026253 0.007208 1.707954
0.964698 0.000766 0.000705 0.000377 0.000022 0.026224 0.007208 1.708039
0.964726 0.000768 0.000692 0.000380 0.000022 0.026205 0.007208 1.708115
0.964755 0.000778 0.000689 0.000375 0.000022 0.026174 0.007208 1.708186
0.964771 0.000789 0.000689 0.000372 0.000021 0.026150 0.007209 1.708257
0.964811 0.000794 0.000690 0.000371 0.000021 0.026105 0.007209 1.708333
0.964844 0.000791 0.000693 0.000363 0.000022 0.026078 0.007209 1.708411
0.964869 0.000802 0.000693 0.000360 0.000019 0.026047 0.007211 1.708484
0.964894 0.000799 0.000688 0.000356 0.000019 0.026033 0.007211 1.708561
0.964931 0.000788 0.000678 0.000362 0.000018 0.026010 0.007213 1.708639
0.964954 0.000777 0.000699 0.000362 0.000019 0.025977 0.007213 1.708730
0.964977 0.000783 0.000700 0.000355 0.000017 0.025955 0.007213 1.708800
0.965009 0.000773 0.000702 0.000360 0.000017 0.025926 0.007213 1.708882
0.965020 0.000782 0.000698 0.000359 0.000017 0.025912 0.007213 1.708954
0.965037 0.000791 0.000704 0.000357 0.000018 0.025880 0.007214 1.709026
0.965062 0.000796 0.000704 0.000357 0.000017 0.025852 0.007214 1.709095
0.965080 0.000794 0.000715 0.000355 0.000018 0.025825 0.007214 1.709170
0.965104 0.000782 0.000721 0.000363 0.000018 0.025799 0.007214 1.709261
0.965134 0.000794 0.000717 0.000357 0.000019 0.025767 0.007214 1.709330
0.965150 0.000790 0.000721 0.000363 0.000018 0.025745 0.007214 1.709413
0.965176 0.000788 0.000718 0.000358 0.000018 0.025729 0.007214 1.709489
0.965217 0.000780 0.000724 0.000353 0.000017 0.025695 0.007214 1.709562
0.965232 0.000775 0.000725 0.000354 0.000018 0.025683 0.007214 1.709642
0.965270 0.000761 0.000723 0.000350 0.000018 0.025663 0.007215 1.709723
0.965307 0.000769 0.000714 0.000350 0.000019 0.025626 0.007215 1.709796
0.965311 0.000772 0.000709 0.000353 0.000018 0.025623 0.007215 1.709874
0.965342 0.000767 0.000712 0.000359 0.000018 0.025587 0.007215 1.709951
0.965352 0.000765 0.000721 0.000354 0.000019 0.025575 0.007215 1.710031
0.965378 0.000784 0.000716 0.000350 0.000019 0.025538 0.007216 1.710089
0.965397 0.000781 0.000704 0.000348 0.000021 0.025534 0.007216 1.710165
0.965398 0.000787 0.000698 0.000348 0.000023 0.025532 0.007216 1.710231
0.965431 0.000765 0.000704 0.000342 0.000022 0.025519 0.007216 1.710310
0.965452 0.000764 0.000693 0.000346 0.000022 0.025509 0.007216 1.710378
0.965470 0.000764 0.000698 0.000346 0.000022 0.025485 0.007216 1.710452
0.965480 0.000749 0.000700 0.000353 0.000022 0.025481 0.007217 1.710541
0.965495 0.000750 0.000698 0.000350 0.000020 0.025470 0.007218 1.710620
0.965510 0.000752 0.000703 0.000351 0.000020 0.025446 0.007218 1.710692
0.965521 0.000751 0.000706 0.000352 0.000020 0.025431 0.007218 1.710767
0.965527 0.000756 0.000708 0.000349 0.000019 0.025423 0.007219 1.710839
0.965550 0.000763 0.000696 0.000353 0.000020 0.025398 0.007219 1.710908
0.965556 0.000764 0.000693 0.000353 0.000021 0.025394 0.007219 1.710981
0.965559 0.000768 0.000702 0.000354 0.000022 0.025377 0.007219 1.711057
0.965579 0.000774 0.000703 0.000353 0.000021 0.025350 0.007220 1.711125
0.965588 0.000777 0.000712 0.000352 0.000020 0.025332 0.007220 1.711197
0.965615 0.000775 0.000702 0.000357 0.000020 0.025312 0.007220 1.711273
0.965628 0.000772 0.000701 0.000358 0.000020 0.025302 0.007220 1.711352
0.965623 0.000765 0.000708 0.000350 0.000022 0.025312 0.007220 1.711435
0.965635 0.000772 0.000714 0.000344 0.000022 0.025294 0.007220 1.711511
0.965651 0.000770 0.000717 0.000349 0.000020 0.025273 0.007221 1.711588
0.965649 0.000774 0.000719 0.000356 0.000019 0.025263 0.007221 1.711672
0.965649 0.000789 0.000701 0.000358 0.000019 0.025264 0.007221 1.711742
0.965665 0.000770 0.000707 0.000356 0.000018 0.025265 0.007221 1.711827
0.965666 0.000777 0.000705 0.000355 0.000017 0.025259 0.007221 1.711903
0.965667 0.000784 0.000710 0.000358 0.000017 0.025243 0.007221 1.711981
0.965679 0.000770 0.000715 0.000365 0.000018 0.025232 0.007221 1.712067
0.965671 0.000781 0.000706 0.000364 0.000017 0.025237 0.007222 1.712136
0.965689 0.000778 0.000713 0.000360 0.000017 0.025221 0.007222 1.712214
0.965695 0.000776 0.000702 0.000363 0.000017 0.025225 0.007222 1.712286
0.965708 0.000762 0.000708 0.000363 0.000016 0.025221 0.007222 1.712371
0.965721 0.000773 0.000715 0.000358 0.000017 0.025193 0.007222 1.712443
0.965735 0.000764 0.000709 0.000355 0.000016 0.025199 0.007222 1.712519
0.965748 0.000771 0.000699 0.000348 0.000017 0.025196 0.007222 1.712583
0.965757 0.000763 0.000691 0.000345 0.000016 0.025206 0.007223 1.712662
0.965762 0.000762 0.000687 0.000342 0.000018 0.025208 0.007223 1.712737
0.965774 0.000757 0.000687 0.000347 0.000018 0.025193 0.007223 1.712813
0.965775 0.000766 0.000683 0.000346 0.000017 0.025189 0.007224 1.712889
0.965777 0.000771 0.000685 0.000351 0.000017 0.025176 0.007224 1.712963
0.965779 0.000776 0.000687 0.000347 0.000017 0.025169 0.007224 1.713037
0.965788 0.000780 0.000683 0.000345 0.000019 0.025161 0.007224 1.713111
0.965789 0.000774 0.000689 0.000344 0.000020 0.025159 0.007224 1.713194
0.965794 0.000773 0.000689 0.000347 0.000021 0.025152 0.007224 1.713273
0.965790 0.000772 0.000688 0.000352 0.000022 0.025152 0.007224 1.713348
0.965812 0.000767 0.000702 0.000349 0.000022 0.025123 0.007224 1.713430
0.965821 0.000768 0.000710 0.000338 0.000021 0.025118 0.007224 1.713507
0.965834 0.000764 0.000711 0.000334 0.000020 0.025111 0.007225 1.713578
0.965821 0.000790 0.000709 0.000326 0.000021 0.025107 0.007225 1.713645
0.965820 0.000803 0.000708 0.000327 0.000019 0.025097 0.007226 1.713716
0.965823 0.000796 0.000708 0.000333 0.000020 0.025094 0.007226 1.713801
0.965839 0.000795 0.000702 0.000334 0.000021 0.025083 0.007226 1.713875
0.965849 0.000776 0.000704 0.000342 0.000020 0.025084 0.007226 1.713959
0.965844 0.000770 0.000703 0.000341 0.000022 0.025095 0.007226 1.714037
0.965852 0.000773 0.000701 0.000350 0.000021 0.025078 0.007226 1.714107
0.965853 0.000779 0.000701 0.000349 0.000020 0.025071 0.007227 1.714182
0.965871 0.000768 0.000705 0.000348 0.000020 0.025061 0.007227 1.714260
0.965886 0.000765 0.000698 0.000350 0.000019 0.025056 0.007227 1.714333
0.965882 0.000770 0.000705 0.000344 0.000019 0.025054 0.007227 1.714405
0.965883 0.000761 0.000704 0.000346 0.000018 0.025061 0.007227 1.714487
0.965896 0.000750 0.000704 0.000353 0.000018 0.025053 0.007227 1.714566
0.965907 0.000757 0.000692 0.000352 0.000017 0.025048 0.007227 1.714630
0.965906 0.000758 0.000692 0.000348 0.000018 0.025049 0.007228 1.714706
0.965904 0.000762 0.000698 0.000348 0.000018 0.025043 0.007228 1.714779
0.965905 0.000758 0.000695 0.000360 0.000020 0.025035 0.007228 1.714857
0.965901 0.000775 0.000688 0.000353 0.000021 0.025036 0.007228 1.714922
0.965903 0.000778 0.000685 0.000353 0.000020 0.025034 0.007228 1.714994
0.965918 0.000773 0.000687 0.000354 0.000021 0.025020 0.007228 1.715072
0.965916 0.000781 0.000673 0.000355 0.000020 0.025027 0.007228 1.715138
0.965909 0.000786 0.000675 0.000359 0.000021 0.025022 0.007228 1.715220
0.965905 0.000778 0.000687 0.000355 0.000021 0.025026 0.007228 1.715305
0.965924 0.000769 0.000683 0.000364 0.000020 0.025012 0.007228 1.715383
0.965924 0.000761 0.000685 0.000369 0.000020 0.025013 0.007228 1.715466
0.965937 0.000747 0.000685 0.000365 0.000020 0.025018 0.007229 1.715543
0.965941 0.000740 0.000689 0.000360 0.000021 0.025020 0.007229 1.715618
0.965940 0.000735 0.000692 0.000358 0.000022 0.025024 0.007229 1.715698
0.965943 0.000736 0.000685 0.000354 0.000022 0.025031 0.007229 1.715766
0.965952 0.000740 0.000677 0.000344 0.000022 0.025035 0.007230 1.715833
0.965973 0.000722 0.000680 0.000352 0.000022 0.025022 0.007230 1.715918
0.965981 0.000720 0.000683 0.000345 0.000024 0.025018 0.007231 1.715992
0.965993 0.000713 0.000685 0.000342 0.000024 0.025014 0.007231 1.716062
0.966018 0.000705 0.000672 0.000344 0.000024 0.025007 0.007231 1.716127
0.966029 0.000709 0.000668 0.000347 0.000025 0.024992 0.007231 1.716193
0.966056 0.000695 0.000676 0.000343 0.000025 0.024975 0.007231 1.716269
0.966067 0.000691 0.000683 0.000343 0.000026 0.024961 0.007231 1.716341
0.966071 0.000681 0.000679 0.000344 0.000025 0.024970 0.007232 1.716419
0.966091 0.000685 0.000661 0.000345 0.000025 0.024963 0.007232 1.716480
0.966101 0.000682 0.000659 0.000343 0.000025 0.024960 0.007233 1.716541
0.966101 0.000687 0.000655 0.000339 0.000024 0.024962 0.007233 1.716607
0.966100 0.000695 0.000657 0.000340 0.000024 0.024952 0.007233 1.716669
0.966100 0.000701 0.000653 0.000331 0.000025 0.024957 0.007233 1.716739
0.966107 0.000700 0.000655 0.000329 0.000025 0.024953 0.007233 1.716806
0.966117 0.000694 0.000647 0.000329 0.000024 0.024957 0.007233 1.716873
0.966124 0.000694 0.000647 0.000327 0.000024 0.024951 0.007234 1.716941
0.966129 0.000695 0.000639 0.000330 0.000022 0.024951 0.007234 1.717006
0.966138 0.000697 0.000643 0.000330 0.000021 0.024937 0.007234 1.717073
0.966151 0.000692 0.000641 0.000326 0.000022 0.024934 0.007235 1.717144
0.966150 0.000692 0.000649 0.000320 0.000022 0.024933 0.007236 1.717211
0.966163 0.000693 0.000641 0.000319 0.000022 0.024927 0.007236 1.717273
0.966171 0.000694 0.000633 0.000316 0.000022 0.024929 0.007236 1.717338
0.966167 0.000705 0.000626 0.000326 0.000021 0.024919 0.007236 1.717403
0.966172 0.000714 0.000616 0.000318 0.000022 0.024924 0.007236 1.717463
0.966179 0.000714 0.000624 0.000311 0.000020 0.024915 0.007237 1.717529
0.966182 0.000712 0.000625 0.000305 0.000020 0.024919 0.007237 1.717594
0.966192 0.000698 0.000627 0.000303 0.000021 0.024922 0.007237 1.717666
0.966199 0.000699 0.000630 0.000303 0.000021 0.024912 0.007237 1.717735
0.966211 0.000691 0.000624 0.000302 0.000020 0.024915 0.007237 1.717798
0.966210 0.000694 0.000635 0.000308 0.000021 0.024896 0.007237 1.717872
0.966227 0.000687 0.000628 0.000316 0.000019 0.024886 0.007238 1.717941
0.966239 0.000683 0.000636 0.000312 0.000019 0.024873 0.007238 1.718015
0.966257 0.000666 0.000638 0.000314 0.000018 0.024870 0.007238 1.718088
0.966269 0.000666 0.000634 0.000315 0.000018 0.024861 0.007238 1.718148
0.966265 0.000669 0.000635 0.000322 0.000018 0.024854 0.007239 1.718216
0.966269 0.000668 0.000638 0.000324 0.000019 0.024845 0.007239 1.718281
0.966276 0.000668 0.000642 0.000324 0.000018 0.024833 0.007239 1.718348
0.966285 0.000653 0.000640 0.000328 0.000019 0.024838 0.007239 1.718418
0.966303 0.000641 0.000644 0.000326 0.000019 0.024830 0.007239 1.718493
0.966316 0.000632 0.000641 0.000323 0.000021 0.024828 0.007239 1.718561
0.966324 0.000627 0.000649 0.000316 0.000020 0.024826 0.007240 1.718629
0.966329 0.000629 0.000643 0.000313 0.000021 0.024826 0.007240 1.718695
0.966335 0.000637 0.000643 0.000310 0.000021 0.024815 0.007240 1.718754
0.966347 0.000644 0.000639 0.000305 0.000021 0.024805 0.007241 1.718812
0.966354 0.000645 0.000631 0.000308 0.000021 0.024801 0.007241 1.718876
0.966372 0.000648 0.000632 0.000314 0.000021 0.024773 0.007241 1.718942
0.966392 0.000645 0.000628 0.000316 0.000021 0.024756 0.007241 1.719004
0.966393 0.000651 0.000628 0.000315 0.000022 0.024751 0.007241 1.719070
0.966424 0.000638 0.000632 0.000313 0.000020 0.024731 0.007241 1.719140
0.966422 0.000643 0.000629 0.000308 0.000021 0.024737 0.007241 1.719202
0.966428 0.000644 0.000622 0.000309 0.000020 0.024734 0.007242 1.719265
0.966440 0.000638 0.000626 0.000310 0.000020 0.024724 0.007242 1.719335
0.966446 0.000635 0.000631 0.000314 0.000021 0.024712 0.007242 1.719403
0.966471 0.000638 0.000624 0.000313 0.000022 0.024691 0.007242 1.719462
0.966489 0.000644 0.000606 0.000314 0.000022 0.024685 0.007242 1.719516
0.966490 0.000655 0.000613 0.000309 0.000021 0.024669 0.007242 1.719576
0.966499 0.000649 0.000618 0.000315 0.000020 0.024657 0.007242 1.719647
0.966506 0.000640 0.000619 0.000313 0.000020 0.024661 0.007243 1.719716
0.966528 0.000634 0.000611 0.000311 0.000020 0.024653 0.007243 1.719777
0.966507 0.000663 0.000609 0.000304 0.000019 0.024655 0.007244 1.719832
0.966529 0.000660 0.000605 0.000304 0.000019 0.024640 0.007244 1.719893
