0.346529 0.062319 0.055870 0.031921 0.002102 0.495161 0.006097 1.620898
0.348060 0.060920 0.055805 0.031748 0.002109 0.495238 0.006121 1.626906
0.350130 0.059220 0.055639 0.031565 0.002109 0.495197 0.006140 1.632736
0.352480 0.057244 0.055376 0.031346 0.002127 0.495265 0.006162 1.638483
0.355080 0.055415 0.054960 0.031051 0.002131 0.495170 0.006192 1.643962
0.357848 0.053528 0.054435 0.030758 0.002123 0.495090 0.006218 1.649251
0.360768 0.051610 0.053858 0.030395 0.002131 0.494997 0.006240 1.654439
0.363995 0.049751 0.053276 0.029974 0.002105 0.494633 0.006265 1.659413
0.367130 0.048038 0.052615 0.029564 0.002113 0.494248 0.006292 1.664172
0.370391 0.046406 0.051919 0.029068 0.002110 0.493788 0.006317 1.668757
0.373626 0.044737 0.051155 0.028592 0.002112 0.493427 0.006352 1.673283
0.377053 0.043193 0.050386 0.027961 0.002108 0.492925 0.006375 1.677616
0.380460 0.041721 0.049510 0.027390 0.002106 0.492408 0.006405 1.681863
0.383889 0.040412 0.048650 0.026855 0.002106 0.491659 0.006430 1.685873
0.387373 0.039219 0.047737 0.026350 0.002088 0.490777 0.006456 1.689727
0.390945 0.037961 0.046890 0.025873 0.002080 0.489768 0.006482 1.693545
0.394435 0.036949 0.045832 0.025296 0.002066 0.488914 0.006507 1.697196
0.397990 0.035942 0.044977 0.024807 0.002065 0.487688 0.006532 1.700740
0.401455 0.035103 0.044019 0.024232 0.002055 0.486575 0.006561 1.704162
0.404978 0.034223 0.043090 0.023640 0.002031 0.485455 0.006583 1.707530
0.408603 0.033288 0.042221 0.023210 0.002006 0.484057 0.006614 1.710913
0.412195 0.032559 0.041270 0.022706 0.001989 0.482645 0.006637 1.714056
0.415804 0.031755 0.040480 0.022216 0.001968 0.481117 0.006660 1.717265
0.419497 0.031143 0.039574 0.021715 0.001948 0.479437 0.006686 1.720270
0.423234 0.030416 0.038759 0.021270 0.001933 0.477679 0.006709 1.723310
0.426783 0.029816 0.037958 0.020760 0.001921 0.476026 0.006735 1.726231
0.430369 0.029248 0.037158 0.020291 0.001896 0.474280 0.006759 1.729135
0.434050 0.028764 0.036338 0.019862 0.001859 0.472339 0.006788 1.731888
0.437666 0.028228 0.035506 0.019476 0.001831 0.470481 0.006812 1.734692
0.441331 0.027736 0.034747 0.019090 0.001807 0.468460 0.006829 1.737439
0.444936 0.027224 0.034075 0.018632 0.001789 0.466491 0.006854 1.740162
0.448488 0.026825 0.033368 0.018251 0.001765 0.464429 0.006875 1.742811
0.452085 0.026381 0.032704 0.017867 0.001734 0.462326 0.006902 1.745426
0.455641 0.026075 0.032043 0.017478 0.001714 0.460127 0.006923 1.747909
0.459141 0.025721 0.031406 0.017114 0.001692 0.457983 0.006944 1.750434
0.462614 0.025478 0.030805 0.016738 0.001688 0.455718 0.006959 1.752906
0.466051 0.025249 0.030268 0.016406 0.001670 0.453377 0.006979 1.755374
0.469481 0.024923 0.029760 0.016155 0.001649 0.451032 0.007000 1.757843
0.473013 0.024656 0.029235 0.015830 0.001630 0.448616 0.007019 1.760262
0.476473 0.024454 0.028610 0.015522 0.001601 0.446295 0.007044 1.762599
0.479765 0.024353 0.028103 0.015252 0.001581 0.443884 0.007063 1.764911
0.483168 0.024140 0.027661 0.014997 0.001550 0.441398 0.007086 1.767281
0.486387 0.024016 0.027242 0.014744 0.001534 0.438970 0.007106 1.769653
0.489695 0.023860 0.026866 0.014497 0.001508 0.436454 0.007120 1.771998
0.492888 0.023696 0.026503 0.014306 0.001482 0.433985 0.007142 1.774340
0.496094 0.023562 0.026113 0.014114 0.001456 0.431501 0.007161 1.776671
0.499199 0.023502 0.025759 0.013887 0.001434 0.429037 0.007181 1.778938
0.502364 0.023442 0.025455 0.013680 0.001409 0.426445 0.007205 1.781239
0.505563 0.023226 0.025154 0.013531 0.001397 0.423911 0.007218 1.783555
0.508615 0.023150 0.024827 0.013403 0.001392 0.421379 0.007234 1.785848
0.511619 0.023090 0.024639 0.013232 0.001363 0.418807 0.007252 1.788176
0.514544 0.023128 0.024293 0.013102 0.001355 0.416314 0.007264 1.790419
0.517573 0.023021 0.024055 0.012949 0.001344 0.413780 0.007280 1.792717
0.520495 0.022992 0.023776 0.012827 0.001321 0.411285 0.007304 1.794959
0.523441 0.022888 0.023593 0.012720 0.001292 0.408734 0.007331 1.797267
0.526402 0.022818 0.023472 0.012592 0.001275 0.406096 0.007346 1.799553
0.529129 0.022897 0.023291 0.012463 0.001261 0.403603 0.007356 1.801775
0.531867 0.022872 0.023112 0.012406 0.001247 0.401125 0.007371 1.804062
0.534602 0.022891 0.022917 0.012360 0.001223 0.398620 0.007389 1.806284
0.537234 0.022949 0.022757 0.012296 0.001216 0.396142 0.007406 1.808522
0.539805 0.022967 0.022648 0.012245 0.001195 0.393718 0.007424 1.810854
0.542458 0.023018 0.022485 0.012168 0.001185 0.391249 0.007438 1.813091
0.545013 0.023110 0.022358 0.012070 0.001165 0.388833 0.007452 1.815328
0.547521 0.023136 0.022286 0.012000 0.001162 0.386432 0.007465 1.817634
0.549956 0.023197 0.022172 0.011970 0.001144 0.384087 0.007475 1.819910
0.552406 0.023302 0.022014 0.011858 0.001133 0.381797 0.007490 1.822149
0.554762 0.023427 0.021954 0.011731 0.001127 0.379501 0.007500 1.824397
0.557037 0.023622 0.021853 0.011661 0.001100 0.377212 0.007515 1.826622
0.559332 0.023727 0.021780 0.011611 0.001093 0.374931 0.007526 1.828928
0.561434 0.023823 0.021737 0.011623 0.001088 0.372754 0.007540 1.831279
0.563608 0.023957 0.021680 0.011636 0.001067 0.370497 0.007554 1.833611
0.565749 0.024072 0.021684 0.011662 0.001061 0.368206 0.007566 1.835995
0.567758 0.024262 0.021655 0.011656 0.001047 0.366044 0.007577 1.838346
0.569785 0.024390 0.021647 0.011652 0.001027 0.363905 0.007595 1.840744
0.571816 0.024524 0.021709 0.011686 0.001022 0.361633 0.007609 1.843167
0.573780 0.024713 0.021759 0.011645 0.001020 0.359464 0.007621 1.845562
0.575668 0.024828 0.021785 0.011662 0.001005 0.357417 0.007634 1.847991
0.577482 0.025069 0.021792 0.011679 0.000992 0.355337 0.007649 1.850350
0.579354 0.025195 0.021824 0.011662 0.000981 0.353322 0.007661 1.852776
0.581147 0.025338 0.021892 0.011689 0.000977 0.351282 0.007675 1.855264
0.582874 0.025512 0.021901 0.011728 0.000971 0.349328 0.007687 1.857710
0.584577 0.025671 0.021918 0.011775 0.000964 0.347393 0.007702 1.860220
0.586216 0.025869 0.021956 0.011759 0.000966 0.345523 0.007713 1.862736
0.587903 0.026044 0.022053 0.011775 0.000959 0.343542 0.007726 1.865257
0.589344 0.026323 0.022119 0.011772 0.000955 0.341751 0.007737 1.867764
0.590891 0.026448 0.022280 0.011866 0.000949 0.339819 0.007748 1.870432
0.592278 0.026692 0.022419 0.011937 0.000943 0.337973 0.007758 1.873037
0.593622 0.026939 0.022497 0.012000 0.000937 0.336240 0.007766 1.875686
0.595058 0.027108 0.022598 0.012065 0.000933 0.334463 0.007775 1.878367
0.596365 0.027400 0.022599 0.012144 0.000933 0.332773 0.007788 1.880949
0.597491 0.027693 0.022796 0.012193 0.000930 0.331098 0.007800 1.883638
0.598694 0.027923 0.022927 0.012333 0.000918 0.329397 0.007809 1.886342
0.599844 0.028070 0.023078 0.012429 0.000916 0.327841 0.007823 1.889108
0.600882 0.028302 0.023202 0.012523 0.000916 0.326344 0.007832 1.891829
0.601981 0.028483 0.023299 0.012641 0.000919 0.324837 0.007841 1.894627
0.602956 0.028726 0.023481 0.012705 0.000915 0.323365 0.007853 1.897452
0.604051 0.028847 0.023631 0.012790 0.000909 0.321906 0.007866 1.900308
0.605066 0.029011 0.023876 0.012864 0.000907 0.320400 0.007876 1.903176
0.605998 0.029270 0.023980 0.012927 0.000906 0.319034 0.007886 1.906005
0.606910 0.029465 0.024150 0.012990 0.000902 0.317682 0.007900 1.908895
0.607752 0.029712 0.024300 0.013046 0.000891 0.316386 0.007914 1.911774
0.608521 0.029914 0.024477 0.013126 0.000891 0.315144 0.007927 1.914744
0.609298 0.030080 0.024621 0.013210 0.000893 0.313960 0.007938 1.917714
0.609948 0.030329 0.024870 0.013300 0.000888 0.312715 0.007951 1.920698
0.610532 0.030561 0.025000 0.013359 0.000884 0.311704 0.007960 1.923710
0.611232 0.030738 0.025129 0.013454 0.000887 0.310588 0.007973 1.926716
0.611862 0.030909 0.025284 0.013598 0.000889 0.309473 0.007985 1.929766
0.612439 0.031062 0.025452 0.013707 0.000886 0.308458 0.007997 1.932829
0.613020 0.031237 0.025592 0.013828 0.000881 0.307431 0.008011 1.935867
0.613546 0.031560 0.025735 0.013895 0.000876 0.306365 0.008024 1.938881
0.613952 0.031758 0.025956 0.013972 0.000869 0.305456 0.008038 1.942038
0.614425 0.031998 0.026107 0.014076 0.000880 0.304466 0.008049 1.945155
0.614873 0.032169 0.026286 0.014186 0.000878 0.303547 0.008061 1.948327
0.615258 0.032327 0.026354 0.014332 0.000876 0.302778 0.008075 1.951533
0.615714 0.032548 0.026519 0.014387 0.000881 0.301866 0.008084 1.954696
0.616148 0.032701 0.026656 0.014552 0.000884 0.300965 0.008094 1.957919
0.616465 0.032954 0.026776 0.014590 0.000887 0.300221 0.008107 1.961063
0.616781 0.033184 0.026975 0.014686 0.000890 0.299368 0.008116 1.964295
0.617013 0.033361 0.027176 0.014840 0.000886 0.298600 0.008124 1.967593
0.617308 0.033557 0.027360 0.014931 0.000890 0.297822 0.008132 1.970851
0.617458 0.033767 0.027518 0.014981 0.000892 0.297240 0.008144 1.974137
0.617608 0.034005 0.027668 0.015067 0.000896 0.296602 0.008155 1.977442
0.617782 0.034196 0.027870 0.015156 0.000901 0.295930 0.008166 1.980737
0.617941 0.034406 0.028062 0.015214 0.000899 0.295300 0.008177 1.984051
0.618083 0.034573 0.028284 0.015298 0.000896 0.294676 0.008191 1.987430
0.618235 0.034713 0.028472 0.015395 0.000917 0.294067 0.008203 1.990851
0.618371 0.034787 0.028748 0.015493 0.000918 0.293470 0.008213 1.994346
0.618459 0.034918 0.028898 0.015565 0.000916 0.293019 0.008226 1.997745
0.618582 0.035035 0.029079 0.015618 0.000922 0.292524 0.008242 2.001211
0.618562 0.035213 0.029288 0.015657 0.000926 0.292098 0.008256 2.004600
0.618638 0.035322 0.029481 0.015728 0.000933 0.291629 0.008270 2.008068
0.618645 0.035424 0.029662 0.015883 0.000928 0.291175 0.008284 2.011594
0.618655 0.035516 0.029846 0.015973 0.000924 0.290788 0.008298 2.015109
0.618594 0.035593 0.029958 0.016092 0.000933 0.290523 0.008307 2.018655
0.618508 0.035740 0.030082 0.016101 0.000929 0.290323 0.008317 2.022125
0.618492 0.035919 0.030206 0.016145 0.000939 0.289972 0.008328 2.025600
0.618613 0.035973 0.030251 0.016225 0.000937 0.289657 0.008346 2.029075
0.618615 0.036013 0.030422 0.016290 0.000948 0.289354 0.008358 2.032615
0.618598 0.036114 0.030487 0.016407 0.000947 0.289076 0.008371 2.036173
0.618634 0.036218 0.030646 0.016435 0.000957 0.288731 0.008380 2.039718
0.618684 0.036172 0.030804 0.016512 0.000963 0.288480 0.008386 2.043365
0.618726 0.036200 0.030826 0.016485 0.000967 0.288395 0.008401 2.046855
0.618681 0.036179 0.030945 0.016550 0.000977 0.288254 0.008413 2.050461
0.618639 0.036276 0.031006 0.016570 0.000980 0.288105 0.008426 2.053994
0.618516 0.036322 0.031092 0.016659 0.000989 0.287987 0.008435 2.057559
0.618413 0.036507 0.031144 0.016643 0.000991 0.287851 0.008450 2.061044
0.618308 0.036522 0.031288 0.016676 0.000992 0.287750 0.008464 2.064672
0.618300 0.036543 0.031458 0.016752 0.000998 0.287471 0.008477 2.068264
0.618266 0.036647 0.031542 0.016797 0.000992 0.287262 0.008494 2.071798
0.618158 0.036718 0.031644 0.016827 0.000993 0.287156 0.008503 2.075381
0.618102 0.036691 0.031667 0.016938 0.000989 0.287090 0.008525 2.079001
0.618052 0.036695 0.031737 0.016976 0.000998 0.287003 0.008539 2.082575
0.618045 0.036792 0.031754 0.017003 0.000998 0.286856 0.008552 2.086107
0.618023 0.036822 0.031842 0.017020 0.000999 0.286729 0.008566 2.089722
0.618053 0.036863 0.031924 0.016977 0.000997 0.286608 0.008579 2.093281
0.617966 0.036878 0.031942 0.017001 0.001006 0.286615 0.008593 2.096835
0.618010 0.036804 0.032065 0.017095 0.001010 0.286412 0.008604 2.100496
0.617946 0.036840 0.032019 0.017117 0.000997 0.286459 0.008622 2.104049
0.617908 0.036879 0.032088 0.017149 0.001012 0.286331 0.008633 2.107629
0.617818 0.036903 0.032114 0.017179 0.001012 0.286327 0.008648 2.111205
0.617866 0.036837 0.032202 0.017218 0.001015 0.286200 0.008662 2.114863
0.617783 0.036804 0.032240 0.017261 0.001022 0.286222 0.008668 2.118479
0.617849 0.036754 0.032248 0.017280 0.001024 0.286159 0.008685 2.122065
0.617765 0.036728 0.032221 0.017309 0.001031 0.286251 0.008696 2.125700
0.617825 0.036601 0.032288 0.017317 0.001045 0.286211 0.008711 2.129289
0.617957 0.036516 0.032345 0.017289 0.001049 0.286123 0.008721 2.132867
0.617997 0.036640 0.032287 0.017214 0.001061 0.286070 0.008731 2.136268
0.617978 0.036659 0.032275 0.017214 0.001059 0.286068 0.008746 2.139838
0.618083 0.036529 0.032278 0.017247 0.001052 0.286048 0.008762 2.143448
0.618160 0.036480 0.032350 0.017246 0.001054 0.285936 0.008775 2.147032
0.618224 0.036465 0.032383 0.017244 0.001064 0.285833 0.008786 2.150638
0.618275 0.036358 0.032383 0.017255 0.001063 0.285862 0.008805 2.154232
0.618319 0.036249 0.032419 0.017296 0.001057 0.285837 0.008823 2.157850
0.618366 0.036247 0.032403 0.017254 0.001064 0.285830 0.008835 2.161379
0.618592 0.036039 0.032391 0.017290 0.001060 0.285774 0.008854 2.164967
0.618721 0.035987 0.032375 0.017300 0.001061 0.285689 0.008867 2.168466
0.618908 0.035819 0.032361 0.017302 0.001069 0.285655 0.008887 2.172027
0.619066 0.035759 0.032311 0.017244 0.001067 0.285645 0.008906 2.175509
0.619312 0.035628 0.032313 0.017198 0.001077 0.285553 0.008918 2.179004
0.619415 0.035587 0.032312 0.017125 0.001080 0.285550 0.008930 2.182513
0.619463 0.035631 0.032213 0.017076 0.001079 0.285592 0.008946 2.185960
0.619618 0.035484 0.032279 0.017094 0.001086 0.285480 0.008960 2.189529
0.619717 0.035423 0.032257 0.017076 0.001082 0.285475 0.008970 2.192995
0.619794 0.035400 0.032221 0.017049 0.001083 0.285473 0.008981 2.196461
0.619850 0.035415 0.032182 0.017018 0.001077 0.285459 0.008998 2.199905
0.619929 0.035438 0.032151 0.017035 0.001081 0.285359 0.009010 2.203362
0.620056 0.035372 0.032156 0.017039 0.001092 0.285260 0.009025 2.206873
0.620165 0.035212 0.032133 0.017089 0.001094 0.285269 0.009038 2.210450
0.620263 0.035145 0.032017 0.017093 0.001094 0.285337 0.009052 2.213870
0.620390 0.035119 0.032007 0.017069 0.001108 0.285244 0.009062 2.217305
0.620547 0.035116 0.031985 0.017074 0.001103 0.285100 0.009075 2.220764
0.620685 0.035137 0.031937 0.017036 0.001108 0.285005 0.009092 2.224165
0.620698 0.035210 0.031853 0.016964 0.001110 0.285060 0.009104 2.227541
0.620796 0.035096 0.031906 0.016992 0.001121 0.284974 0.009116 2.231078
0.621034 0.035082 0.031839 0.016975 0.001116 0.284823 0.009131 2.234466
0.621243 0.034987 0.031757 0.017008 0.001124 0.284737 0.009145 2.237922
0.621453 0.034883 0.031717 0.017008 0.001126 0.284658 0.009156 2.241343
0.621610 0.034805 0.031702 0.017022 0.001121 0.284569 0.009170 2.244775
0.621874 0.034817 0.031598 0.016991 0.001116 0.284419 0.009186 2.248087
0.622062 0.034851 0.031540 0.016925 0.001120 0.284306 0.009196 2.251485
0.622325 0.034785 0.031529 0.016902 0.001108 0.284139 0.009211 2.254901
0.622538 0.034725 0.031554 0.016815 0.001119 0.284024 0.009226 2.258313
0.622685 0.034682 0.031530 0.016769 0.001111 0.283985 0.009239 2.261720
0.622922 0.034633 0.031499 0.016765 0.001116 0.283812 0.009253 2.265104
0.623156 0.034583 0.031493 0.016745 0.001123 0.283638 0.009263 2.268466
0.623406 0.034485 0.031464 0.016746 0.001123 0.283495 0.009281 2.271877
0.623684 0.034480 0.031382 0.016690 0.001121 0.283348 0.009297 2.275220
0.623966 0.034339 0.031350 0.016676 0.001131 0.283229 0.009310 2.278617
0.624242 0.034165 0.031300 0.016642 0.001137 0.283189 0.009326 2.282012
0.624493 0.034057 0.031271 0.016607 0.001154 0.283081 0.009337 2.285366
0.624695 0.033922 0.031247 0.016582 0.001151 0.283053 0.009350 2.288756
0.625017 0.033886 0.031241 0.016491 0.001147 0.282852 0.009366 2.292080
0.625335 0.033880 0.031156 0.016515 0.001146 0.282588 0.009379 2.295406
0.625658 0.033809 0.031160 0.016425 0.001143 0.282408 0.009397 2.298713
0.625938 0.033853 0.031126 0.016324 0.001145 0.282202 0.009412 2.301953
0.626222 0.033794 0.031040 0.016379 0.001145 0.281999 0.009422 2.305271
0.626440 0.033749 0.030937 0.016286 0.001135 0.282018 0.009437 2.308568
0.626671 0.033724 0.030863 0.016276 0.001123 0.281891 0.009451 2.311888
0.626861 0.033734 0.030827 0.016252 0.001125 0.281738 0.009465 2.315163
0.627006 0.033797 0.030750 0.016242 0.001122 0.281604 0.009481 2.318453
0.627270 0.033716 0.030673 0.016243 0.001124 0.281482 0.009492 2.321759
0.627481 0.033746 0.030585 0.016218 0.001120 0.281336 0.009515 2.325017
0.627732 0.033666 0.030543 0.016279 0.001120 0.281134 0.009525 2.328350
0.628021 0.033632 0.030483 0.016305 0.001114 0.280904 0.009542 2.331662
0.628217 0.033572 0.030448 0.016261 0.001117 0.280827 0.009557 2.334976
0.628407 0.033548 0.030444 0.016218 0.001115 0.280698 0.009570 2.338284
0.628729 0.033379 0.030472 0.016180 0.001115 0.280543 0.009581 2.341627
0.628939 0.033372 0.030435 0.016161 0.001113 0.280382 0.009596 2.344901
0.629205 0.033413 0.030357 0.016073 0.001107 0.280235 0.009610 2.348110
0.629429 0.033377 0.030413 0.016009 0.001105 0.280041 0.009628 2.351389
0.629709 0.033361 0.030377 0.016025 0.001100 0.279785 0.009645 2.354668
0.629952 0.033275 0.030376 0.015999 0.001099 0.279638 0.009661 2.358007
0.630250 0.033226 0.030367 0.016005 0.001098 0.279377 0.009678 2.361278
0.630423 0.033245 0.030318 0.015970 0.001100 0.279250 0.009694 2.364529
0.630642 0.033303 0.030285 0.015958 0.001090 0.279012 0.009710 2.367750
0.630905 0.033280 0.030172 0.015978 0.001093 0.278846 0.009727 2.371000
0.631133 0.033230 0.030225 0.016032 0.001094 0.278546 0.009740 2.374321
0.631438 0.033117 0.030187 0.015995 0.001092 0.278419 0.009752 2.377602
0.631773 0.033058 0.030162 0.015961 0.001081 0.278200 0.009765 2.380854
0.631970 0.033041 0.030116 0.015998 0.001083 0.278015 0.009778 2.384141
0.632235 0.033023 0.030079 0.016025 0.001069 0.277774 0.009797 2.387377
0.632532 0.033064 0.030026 0.016002 0.001069 0.277498 0.009809 2.390573
0.632807 0.033149 0.029916 0.015977 0.001066 0.277263 0.009822 2.393738
0.633029 0.033150 0.029962 0.015970 0.001061 0.276994 0.009833 2.396979
0.633302 0.033167 0.029982 0.015932 0.001065 0.276704 0.009847 2.400205
0.633406 0.033154 0.030040 0.015864 0.001065 0.276608 0.009865 2.403473
0.633604 0.033194 0.029983 0.015841 0.001058 0.276440 0.009880 2.406725
0.633853 0.033225 0.029956 0.015787 0.001048 0.276238 0.009893 2.409945
0.633974 0.033230 0.029978 0.015804 0.001048 0.276063 0.009903 2.413226
0.634152 0.033334 0.029902 0.015713 0.001048 0.275938 0.009915 2.416405
0.634400 0.033272 0.029891 0.015752 0.001038 0.275717 0.009930 2.419679
0.634534 0.033353 0.029812 0.015791 0.001030 0.275536 0.009943 2.422899
0.634700 0.033350 0.029835 0.015786 0.001029 0.275349 0.009951 2.426163
0.634887 0.033337 0.029845 0.015829 0.001032 0.275108 0.009962 2.429403
0.635041 0.033304 0.029879 0.015844 0.001036 0.274924 0.009974 2.432709
0.635183 0.033346 0.029862 0.015830 0.001026 0.274766 0.009987 2.435971
0.635339 0.033481 0.029787 0.015773 0.001031 0.274588 0.010001 2.439150
0.635410 0.033488 0.029794 0.015758 0.001032 0.274504 0.010015 2.442423
0.635680 0.033418 0.029796 0.015829 0.001021 0.274229 0.010028 2.445733
0.635857 0.033345 0.029893 0.015846 0.001008 0.274010 0.010042 2.449072
0.636066 0.033283 0.029867 0.015820 0.001025 0.273887 0.010053 2.452333
0.636264 0.033296 0.029885 0.015851 0.001032 0.273604 0.010068 2.455628
0.636318 0.033493 0.029845 0.015828 0.001040 0.273397 0.010079 2.458824
0.636445 0.033477 0.029840 0.015850 0.001037 0.273257 0.010094 2.462137
0.636609 0.033465 0.029824 0.015899 0.001039 0.273056 0.010109 2.465438
0.636720 0.033483 0.029830 0.015893 0.001043 0.272913 0.010118 2.468707
0.636675 0.033559 0.029914 0.015895 0.001035 0.272786 0.010137 2.472011
0.636707 0.033631 0.029965 0.015900 0.001037 0.272609 0.010152 2.475343
0.636858 0.033644 0.029953 0.015908 0.001032 0.272440 0.010165 2.478620
0.636866 0.033632 0.029967 0.015938 0.001021 0.272397 0.010179 2.481957
0.636818 0.033717 0.030044 0.015925 0.001015 0.272291 0.010191 2.485244
0.636861 0.033785 0.029973 0.015949 0.001017 0.272208 0.010207 2.488494
0.636898 0.033849 0.030024 0.015891 0.001020 0.272101 0.010218 2.491799
0.636861 0.033939 0.030089 0.015865 0.001018 0.271998 0.010231 2.495093
0.636812 0.033911 0.030174 0.015885 0.001018 0.271957 0.010243 2.498499
0.637020 0.033803 0.030169 0.015901 0.001015 0.271836 0.010256 2.501859
0.637098 0.033743 0.030192 0.015938 0.001017 0.271748 0.010265 2.505222
0.637209 0.033652 0.030206 0.015981 0.001015 0.271658 0.010279 2.508574
0.637254 0.033661 0.030178 0.015948 0.001010 0.271654 0.010295 2.511897
0.637330 0.033751 0.030161 0.015939 0.001002 0.271505 0.010312 2.515155
0.637405 0.033762 0.030208 0.015973 0.000999 0.271330 0.010323 2.518490
0.637383 0.033841 0.030267 0.015970 0.001008 0.271194 0.010338 2.521834
0.637410 0.033952 0.030285 0.016007 0.001005 0.270990 0.010351 2.525146
0.637449 0.034012 0.030326 0.016016 0.001004 0.270832 0.010361 2.528465
0.637427 0.034050 0.030354 0.016009 0.001003 0.270783 0.010375 2.531821
0.637504 0.033976 0.030347 0.016039 0.001007 0.270738 0.010390 2.535222
0.637551 0.034023 0.030378 0.016073 0.001004 0.270566 0.010405 2.538588
0.637560 0.034058 0.030405 0.016066 0.000999 0.270498 0.010416 2.541891
0.637546 0.034096 0.030403 0.016034 0.000988 0.270505 0.010428 2.545193
0.637633 0.034076 0.030466 0.016012 0.000987 0.270385 0.010442 2.548546
0.637627 0.034125 0.030499 0.016027 0.000989 0.270278 0.010455 2.551919
0.637571 0.034169 0.030488 0.016047 0.000993 0.270264 0.010468 2.555229
0.637537 0.034245 0.030453 0.016010 0.000985 0.270287 0.010483 2.558525
0.637496 0.034304 0.030459 0.016007 0.000997 0.270247 0.010492 2.561847
0.637537 0.034309 0.030487 0.016030 0.000984 0.270145 0.010507 2.565227
0.637547 0.034270 0.030532 0.016073 0.000987 0.270073 0.010518 2.568576
0.637579 0.034265 0.030546 0.016131 0.000987 0.269964 0.010528 2.571933
0.637593 0.034256 0.030597 0.016116 0.000986 0.269909 0.010543 2.575293
0.637563 0.034277 0.030629 0.016127 0.000989 0.269865 0.010552 2.578621
0.637606 0.034232 0.030625 0.016136 0.000994 0.269837 0.010568 2.582021
0.637571 0.034267 0.030577 0.016127 0.000988 0.269887 0.010583 2.585367
0.637563 0.034287 0.030539 0.016160 0.000987 0.269873 0.010591 2.588731
0.637500 0.034388 0.030496 0.016127 0.000987 0.269898 0.010604 2.592011
0.637514 0.034404 0.030546 0.016154 0.000991 0.269776 0.010615 2.595350
0.637567 0.034445 0.030500 0.016141 0.000987 0.269729 0.010631 2.598638
0.637489 0.034447 0.030566 0.016150 0.000980 0.269723 0.010646 2.602075
0.637513 0.034421 0.030591 0.016145 0.000982 0.269692 0.010655 2.605482
0.637535 0.034396 0.030658 0.016130 0.000987 0.269625 0.010668 2.608839
0.637556 0.034428 0.030598 0.016105 0.000993 0.269640 0.010680 2.612155
0.637570 0.034395 0.030574 0.016133 0.001002 0.269630 0.010696 2.615509
0.637549 0.034348 0.030552 0.016170 0.001002 0.269672 0.010708 2.618890
0.637599 0.034275 0.030587 0.016159 0.000996 0.269663 0.010720 2.622285
0.637619 0.034384 0.030535 0.016176 0.001001 0.269554 0.010730 2.625579
0.637741 0.034289 0.030588 0.016170 0.001005 0.269463 0.010743 2.628939
0.637683 0.034314 0.030673 0.016169 0.001005 0.269394 0.010762 2.632337
0.637600 0.034387 0.030611 0.016206 0.001012 0.269409 0.010774 2.635658
0.637512 0.034433 0.030601 0.016237 0.001014 0.269414 0.010788 2.638993
0.637479 0.034450 0.030605 0.016221 0.001016 0.269428 0.010801 2.642350
0.637575 0.034373 0.030680 0.016236 0.001014 0.269307 0.010814 2.645739
0.637470 0.034415 0.030621 0.016213 0.001020 0.269434 0.010827 2.649117
0.637317 0.034543 0.030705 0.016227 0.001025 0.269346 0.010837 2.652470
0.637302 0.034554 0.030695 0.016274 0.001019 0.269302 0.010853 2.655825
0.637275 0.034488 0.030695 0.016332 0.001025 0.269320 0.010866 2.659233
0.637233 0.034518 0.030682 0.016351 0.001033 0.269306 0.010877 2.662578
0.637365 0.034460 0.030759 0.016337 0.001034 0.269157 0.010889 2.665937
0.637390 0.034470 0.030758 0.016319 0.001039 0.269121 0.010903 2.669274
0.637441 0.034551 0.030706 0.016267 0.001051 0.269069 0.010915 2.672551
0.637397 0.034541 0.030742 0.016272 0.001048 0.269065 0.010934 2.675956
0.637389 0.034450 0.030830 0.016322 0.001040 0.269024 0.010945 2.679387
0.637385 0.034528 0.030750 0.016324 0.001036 0.269020 0.010956 2.682688
0.637391 0.034514 0.030768 0.016359 0.001032 0.268964 0.010971 2.686069
0.637358 0.034520 0.030814 0.016371 0.001029 0.268925 0.010981 2.689475
0.637394 0.034582 0.030752 0.016421 0.001040 0.268819 0.010991 2.692776
0.637488 0.034549 0.030802 0.016425 0.001045 0.268688 0.011003 2.696134
0.637561 0.034484 0.030800 0.016398 0.001048 0.268691 0.011018 2.699511
0.637575 0.034468 0.030811 0.016407 0.001049 0.268658 0.011031 2.702848
0.637462 0.034449 0.030825 0.016455 0.001043 0.268720 0.011045 2.706221
0.637474 0.034328 0.030949 0.016497 0.001039 0.268649 0.011063 2.709640
0.637426 0.034397 0.030921 0.016443 0.001038 0.268700 0.011076 2.712954
0.637422 0.034401 0.030888 0.016414 0.001030 0.268755 0.011091 2.716300
0.637457 0.034370 0.030913 0.016406 0.001020 0.268725 0.011109 2.719672
0.637448 0.034304 0.030921 0.016406 0.001025 0.268775 0.011120 2.723101
0.637434 0.034394 0.030854 0.016455 0.001029 0.268694 0.011139 2.726406
0.637432 0.034362 0.030769 0.016513 0.001039 0.268733 0.011153 2.729801
0.637522 0.034247 0.030872 0.016519 0.001033 0.268643 0.011166 2.733214
0.637539 0.034159 0.030852 0.016486 0.001033 0.268753 0.011179 2.736569
0.637512 0.034123 0.030852 0.016499 0.001048 0.268778 0.011189 2.739978
0.637467 0.034125 0.030757 0.016464 0.001062 0.268923 0.011203 2.743332
0.637472 0.034160 0.030780 0.016423 0.001068 0.268882 0.011217 2.746678
0.637353 0.034310 0.030637 0.016409 0.001076 0.268987 0.011229 2.749914
0.637286 0.034346 0.030665 0.016379 0.001076 0.269006 0.011242 2.753258
0.637237 0.034417 0.030660 0.016372 0.001062 0.268995 0.011257 2.756588
0.637238 0.034472 0.030648 0.016382 0.001048 0.268936 0.011278 2.759898
0.637174 0.034517 0.030664 0.016378 0.001043 0.268933 0.011290 2.763283
0.637183 0.034488 0.030675 0.016357 0.001059 0.268934 0.011304 2.766654
0.637216 0.034588 0.030693 0.016351 0.001068 0.268771 0.011314 2.769992
0.637169 0.034518 0.030692 0.016359 0.001059 0.268874 0.011331 2.773440
0.637243 0.034503 0.030755 0.016354 0.001061 0.268742 0.011342 2.776812
0.637227 0.034502 0.030797 0.016322 0.001060 0.268735 0.011357 2.780215
0.637255 0.034515 0.030842 0.016289 0.001064 0.268663 0.011373 2.783583
0.637250 0.034497 0.030914 0.016266 0.001059 0.268626 0.011388 2.787005
0.637237 0.034481 0.030894 0.016282 0.001054 0.268644 0.011408 2.790421
0.637152 0.034493 0.030932 0.016284 0.001056 0.268666 0.011417 2.793816
0.637099 0.034424 0.031008 0.016340 0.001064 0.268632 0.011434 2.797276
0.637106 0.034424 0.030945 0.016393 0.001066 0.268620 0.011447 2.800624
0.637085 0.034367 0.031012 0.016363 0.001057 0.268652 0.011465 2.804023
0.637080 0.034278 0.031015 0.016357 0.001058 0.268733 0.011478 2.807450
0.637110 0.034216 0.031001 0.016373 0.001059 0.268753 0.011489 2.810856
0.637090 0.034241 0.031040 0.016366 0.001064 0.268699 0.011500 2.814231
0.637086 0.034176 0.031039 0.016343 0.001052 0.268788 0.011516 2.817620
0.636951 0.034264 0.031048 0.016308 0.001047 0.268851 0.011531 2.820978
0.636904 0.034383 0.030950 0.016280 0.001049 0.268888 0.011547 2.824281
0.637036 0.034262 0.030974 0.016269 0.001049 0.268849 0.011562 2.827685
0.637019 0.034324 0.030981 0.016250 0.001051 0.268800 0.011574 2.831000
0.637089 0.034316 0.030990 0.016206 0.001048 0.268766 0.011584 2.834331
0.637170 0.034269 0.030965 0.016198 0.001060 0.268742 0.011596 2.837685
0.637115 0.034315 0.030896 0.016229 0.001058 0.268777 0.011610 2.841017
0.637092 0.034302 0.030892 0.016206 0.001053 0.268831 0.011624 2.844386
0.637124 0.034340 0.030818 0.016182 0.001066 0.268831 0.011639 2.847698
0.637086 0.034382 0.030783 0.016150 0.001073 0.268878 0.011649 2.851001
0.637027 0.034289 0.030794 0.016178 0.001078 0.268968 0.011665 2.854485
0.637121 0.034279 0.030764 0.016157 0.001064 0.268930 0.011686 2.857833
0.637205 0.034248 0.030767 0.016105 0.001064 0.268910 0.011700 2.861174
0.637286 0.034124 0.030832 0.016158 0.001072 0.268816 0.011711 2.864599
0.637229 0.034050 0.030861 0.016136 0.001071 0.268928 0.011726 2.867983
0.637275 0.034030 0.030842 0.016117 0.001063 0.268928 0.011745 2.871306
0.637292 0.033936 0.030821 0.016157 0.001059 0.268973 0.011765 2.874690
0.637301 0.033982 0.030822 0.016177 0.001055 0.268882 0.011781 2.878051
0.637303 0.033981 0.030795 0.016148 0.001059 0.268922 0.011792 2.881347
0.637337 0.033989 0.030762 0.016178 0.001064 0.268865 0.011805 2.884688
0.637366 0.034044 0.030772 0.016104 0.001062 0.268829 0.011824 2.887986
0.637440 0.034030 0.030801 0.016045 0.001065 0.268778 0.011841 2.891338
0.637593 0.034032 0.030733 0.015973 0.001058 0.268757 0.011854 2.894632
0.637648 0.033948 0.030772 0.016047 0.001061 0.268655 0.011868 2.898030
0.637701 0.033931 0.030824 0.016004 0.001063 0.268598 0.011880 2.901418
0.637664 0.033938 0.030867 0.016003 0.001059 0.268575 0.011894 2.904756
0.637612 0.033994 0.030852 0.016016 0.001056 0.268559 0.011912 2.908087
0.637644 0.034035 0.030761 0.016038 0.001062 0.268538 0.011923 2.911397
0.637701 0.034068 0.030747 0.016021 0.001060 0.268468 0.011936 2.914729
0.637671 0.034136 0.030702 0.016027 0.001049 0.268463 0.011953 2.918030
0.637702 0.034195 0.030648 0.016041 0.001047 0.268396 0.011970 2.921317
0.637639 0.034164 0.030695 0.016046 0.001054 0.268421 0.011982 2.924718
0.637655 0.034181 0.030730 0.016061 0.001050 0.268326 0.011997 2.928023
0.637664 0.034198 0.030707 0.016099 0.001037 0.268283 0.012012 2.931363
0.637695 0.034128 0.030768 0.016079 0.001029 0.268274 0.012028 2.934709
0.637710 0.034169 0.030724 0.016043 0.001027 0.268288 0.012040 2.938025
0.637803 0.034093 0.030749 0.016034 0.001018 0.268252 0.012052 2.941354
0.637824 0.034005 0.030757 0.016067 0.001023 0.268261 0.012063 2.944713
0.637921 0.033946 0.030723 0.016161 0.001028 0.268147 0.012076 2.948034
0.637964 0.033896 0.030655 0.016192 0.001030 0.268174 0.012090 2.951354
0.638037 0.033892 0.030617 0.016221 0.001021 0.268103 0.012109 2.954628
0.638055 0.033899 0.030671 0.016198 0.001016 0.268040 0.012122 2.957949
0.638112 0.033808 0.030664 0.016185 0.001015 0.268080 0.012136 2.961287
0.638103 0.033822 0.030635 0.016244 0.001026 0.268025 0.012145 2.964613
0.638139 0.033758 0.030690 0.016274 0.001032 0.267945 0.012162 2.967978
0.638201 0.033765 0.030686 0.016235 0.001024 0.267912 0.012178 2.971267
0.638163 0.033857 0.030670 0.016232 0.001022 0.267866 0.012191 2.974543
0.638219 0.033786 0.030749 0.016231 0.001027 0.267787 0.012202 2.977934
0.638373 0.033697 0.030693 0.016235 0.001020 0.267771 0.012211 2.981253
0.638327 0.033816 0.030583 0.016247 0.001020 0.267782 0.012225 2.984477
0.638310 0.033910 0.030643 0.016196 0.001017 0.267685 0.012239 2.987757
0.638317 0.033842 0.030696 0.016237 0.001023 0.267634 0.012252 2.991145
0.638207 0.033790 0.030771 0.016294 0.001030 0.267649 0.012259 2.994606
0.638229 0.033882 0.030706 0.016281 0.001040 0.267592 0.012268 2.997827
0.638149 0.033917 0.030746 0.016232 0.001038 0.267639 0.012281 3.001137
0.638163 0.033860 0.030738 0.016241 0.001028 0.267671 0.012298 3.004548
0.638228 0.033818 0.030764 0.016294 0.001013 0.267570 0.012314 3.007920
0.638206 0.033816 0.030794 0.016276 0.001014 0.267565 0.012329 3.011277
0.638290 0.033754 0.030791 0.016283 0.001016 0.267523 0.012343 3.014625
0.638227 0.033754 0.030746 0.016300 0.001022 0.267595 0.012356 3.017930
0.638226 0.033736 0.030704 0.016355 0.001022 0.267587 0.012371 3.021289
0.638261 0.033657 0.030695 0.016350 0.001027 0.267627 0.012381 3.024671
0.638316 0.033652 0.030668 0.016350 0.001027 0.267593 0.012394 3.027966
0.638447 0.033651 0.030668 0.016309 0.001028 0.267490 0.012407 3.031290
0.638410 0.033647 0.030624 0.016323 0.001023 0.267554 0.012418 3.034636
0.638393 0.033731 0.030517 0.016274 0.001022 0.267636 0.012428 3.037919
0.638453 0.033708 0.030589 0.016223 0.001019 0.267568 0.012441 3.041273
0.638430 0.033752 0.030580 0.016206 0.001030 0.267551 0.012451 3.044559
0.638496 0.033768 0.030534 0.016196 0.001035 0.267507 0.012464 3.047861
0.638511 0.033708 0.030624 0.016136 0.001042 0.267504 0.012476 3.051184
0.638638 0.033682 0.030662 0.016136 0.001038 0.267354 0.012490 3.054513
0.638587 0.033731 0.030620 0.016119 0.001049 0.267395 0.012499 3.057803
0.638532 0.033883 0.030588 0.016101 0.001044 0.267340 0.012512 3.061088
0.638487 0.033823 0.030557 0.016117 0.001042 0.267442 0.012532 3.064445
0.638496 0.033842 0.030593 0.016135 0.001042 0.267344 0.012547 3.067760
0.638461 0.033909 0.030618 0.016072 0.001034 0.267344 0.012561 3.071022
0.638449 0.033979 0.030544 0.016033 0.001042 0.267382 0.012571 3.074281
0.638508 0.033961 0.030512 0.016034 0.001037 0.267365 0.012583 3.077588
0.638649 0.033834 0.030549 0.016110 0.001038 0.267223 0.012596 3.080971
0.638650 0.033913 0.030531 0.016105 0.001045 0.267146 0.012610 3.084240
0.638604 0.033885 0.030544 0.016160 0.001038 0.267145 0.012624 3.087618
0.638739 0.033794 0.030635 0.016169 0.001033 0.266991 0.012639 3.090978
0.638717 0.033861 0.030608 0.016200 0.001029 0.266930 0.012656 3.094267
0.638656 0.033853 0.030643 0.016182 0.001024 0.266974 0.012669 3.097602
0.638626 0.033857 0.030726 0.016137 0.001021 0.266954 0.012679 3.100949
0.638666 0.033828 0.030703 0.016130 0.001018 0.266960 0.012694 3.104278
0.638674 0.033781 0.030703 0.016160 0.001018 0.266958 0.012705 3.107601
0.638603 0.033778 0.030658 0.016217 0.001024 0.267003 0.012716 3.110948
0.638651 0.033711 0.030699 0.016213 0.001025 0.266970 0.012730 3.114275
0.638659 0.033715 0.030617 0.016204 0.001028 0.267035 0.012742 3.117571
0.638683 0.033624 0.030621 0.016238 0.001029 0.267050 0.012756 3.120925
0.638645 0.033647 0.030579 0.016210 0.001036 0.267116 0.012767 3.124203
0.638647 0.033747 0.030460 0.016203 0.001033 0.267130 0.012780 3.127470
0.638725 0.033756 0.030402 0.016223 0.001035 0.267063 0.012796 3.130798
0.638712 0.033752 0.030408 0.016201 0.001025 0.267091 0.012811 3.134127
0.638744 0.033797 0.030400 0.016208 0.001027 0.266999 0.012825 3.137429
0.638752 0.033859 0.030474 0.016221 0.001029 0.266830 0.012834 3.140731
0.638768 0.033874 0.030374 0.016218 0.001037 0.266884 0.012846 3.144037
0.638766 0.033858 0.030362 0.016171 0.001043 0.266944 0.012857 3.147388
0.638741 0.033877 0.030334 0.016204 0.001036 0.266935 0.012874 3.150725
0.638756 0.033768 0.030370 0.016206 0.001037 0.266977 0.012887 3.154114
0.638624 0.033956 0.030272 0.016138 0.001045 0.267068 0.012897 3.157369
0.638647 0.033959 0.030283 0.016078 0.001048 0.267075 0.012908 3.160661
0.638655 0.033903 0.030364 0.016099 0.001041 0.267015 0.012924 3.164038
0.638618 0.033905 0.030408 0.016120 0.001045 0.266966 0.012938 3.167367
0.638527 0.034044 0.030426 0.016083 0.001035 0.266933 0.012951 3.170628
0.638650 0.033946 0.030412 0.016111 0.001044 0.266868 0.012969 3.174024
0.638711 0.033845 0.030448 0.016129 0.001037 0.266847 0.012984 3.177374
0.638649 0.033958 0.030486 0.016122 0.001036 0.266752 0.012998 3.180676
0.638636 0.033933 0.030513 0.016112 0.001030 0.266765 0.013011 3.184047
0.638597 0.033913 0.030492 0.016173 0.001024 0.266778 0.013023 3.187394
0.638610 0.033882 0.030490 0.016159 0.001031 0.266792 0.013037 3.190725
0.638678 0.033834 0.030509 0.016126 0.001034 0.266769 0.013051 3.194067
0.638653 0.033835 0.030474 0.016132 0.001034 0.266806 0.013067 3.197344
0.638718 0.033813 0.030459 0.016158 0.001023 0.266750 0.013079 3.200652
0.638820 0.033772 0.030440 0.016072 0.001034 0.266772 0.013090 3.203984
0.638846 0.033832 0.030347 0.016045 0.001034 0.266797 0.013099 3.207264
0.638830 0.033908 0.030296 0.016035 0.001027 0.266789 0.013116 3.210512
0.638906 0.033815 0.030356 0.016029 0.001028 0.266738 0.013130 3.213899
0.638938 0.033819 0.030393 0.016009 0.001024 0.266678 0.013140 3.217206
0.638918 0.033820 0.030409 0.016045 0.001022 0.266632 0.013154 3.220517
0.638924 0.033900 0.030365 0.015969 0.001008 0.266668 0.013167 3.223738
0.639009 0.033889 0.030304 0.015958 0.001020 0.266642 0.013179 3.227015
0.638991 0.033886 0.030287 0.016015 0.001018 0.266609 0.013194 3.230315
0.639027 0.033956 0.030235 0.015974 0.001016 0.266588 0.013206 3.233561
0.639112 0.033892 0.030321 0.015957 0.001016 0.266486 0.013217 3.236933
0.639155 0.033835 0.030333 0.015968 0.001028 0.266455 0.013227 3.240305
0.639211 0.033761 0.030286 0.016005 0.001030 0.266465 0.013242 3.243623
0.639372 0.033565 0.030318 0.016052 0.001030 0.266410 0.013252 3.247032
0.639354 0.033674 0.030308 0.016015 0.001028 0.266357 0.013264 3.250321
0.639305 0.033755 0.030288 0.015946 0.001028 0.266401 0.013278 3.253595
0.639360 0.033751 0.030182 0.015962 0.001039 0.266421 0.013287 3.256853
0.639350 0.033802 0.030191 0.015939 0.001039 0.266377 0.013303 3.260172
0.639371 0.033852 0.030217 0.015959 0.001045 0.266241 0.013314 3.263471
0.639379 0.033793 0.030276 0.015987 0.001038 0.266196 0.013333 3.266880
0.639479 0.033689 0.030329 0.016028 0.001038 0.266091 0.013347 3.270243
0.639504 0.033704 0.030311 0.016043 0.001042 0.266040 0.013356 3.273521
0.639482 0.033770 0.030284 0.016041 0.001043 0.266012 0.013368 3.276781
0.639405 0.033904 0.030214 0.016012 0.001039 0.266045 0.013381 3.280048
0.639331 0.033924 0.030196 0.015988 0.001043 0.266123 0.013395 3.283359
0.639204 0.033974 0.030241 0.015988 0.001043 0.266144 0.013406 3.286681
0.639206 0.034048 0.030315 0.015974 0.001043 0.265996 0.013417 3.289997
0.639159 0.033999 0.030328 0.015977 0.001044 0.266065 0.013430 3.293366
0.639146 0.034006 0.030294 0.016017 0.001033 0.266056 0.013449 3.296696
0.639126 0.034072 0.030273 0.016012 0.001031 0.266021 0.013465 3.299985
0.639160 0.034016 0.030338 0.016051 0.001026 0.265929 0.013480 3.303348
0.639184 0.034076 0.030341 0.016060 0.001030 0.265817 0.013492 3.306637
0.639154 0.034100 0.030401 0.016050 0.001027 0.265760 0.013508 3.309966
0.639157 0.034038 0.030433 0.016064 0.001020 0.265769 0.013520 3.313375
0.639191 0.033977 0.030427 0.016140 0.001017 0.265715 0.013532 3.316730
0.639184 0.033944 0.030424 0.016206 0.001023 0.265682 0.013537 3.320092
0.639107 0.034040 0.030328 0.016206 0.001023 0.265749 0.013548 3.323380
0.639070 0.034080 0.030302 0.016160 0.001022 0.265801 0.013564 3.326692
0.639040 0.034161 0.030397 0.016140 0.001012 0.265674 0.013576 3.330013
0.638984 0.034100 0.030456 0.016156 0.001012 0.265700 0.013592 3.333423
0.638959 0.034147 0.030437 0.016178 0.001006 0.265668 0.013605 3.336759
0.638951 0.034194 0.030505 0.016167 0.001007 0.265557 0.013621 3.340084
0.638946 0.034152 0.030597 0.016197 0.001010 0.265463 0.013634 3.343506
0.638817 0.034181 0.030633 0.016204 0.001018 0.265498 0.013650 3.346864
0.638692 0.034236 0.030611 0.016247 0.001005 0.265542 0.013667 3.350215
0.638567 0.034211 0.030625 0.016265 0.001008 0.265644 0.013679 3.353614
0.638547 0.034213 0.030646 0.016246 0.001014 0.265642 0.013692 3.356969
0.638483 0.034164 0.030652 0.016318 0.001002 0.265673 0.013708 3.360385
0.638485 0.034205 0.030619 0.016331 0.001002 0.265637 0.013721 3.363719
0.638456 0.034200 0.030591 0.016326 0.001010 0.265683 0.013734 3.367112
0.638509 0.034046 0.030655 0.016349 0.001010 0.265683 0.013747 3.370533
0.638594 0.033965 0.030727 0.016362 0.001014 0.265579 0.013760 3.373892
0.638599 0.033903 0.030761 0.016319 0.001007 0.265635 0.013775 3.377271
0.638564 0.033885 0.030802 0.016282 0.001012 0.265667 0.013788 3.380640
0.638518 0.033891 0.030725 0.016265 0.001014 0.265786 0.013800 3.383976
0.638566 0.033877 0.030810 0.016241 0.001006 0.265685 0.013815 3.387288
0.638527 0.033935 0.030775 0.016220 0.001018 0.265703 0.013823 3.390585
0.638542 0.033912 0.030719 0.016212 0.001028 0.265753 0.013835 3.393910
0.638477 0.033924 0.030735 0.016219 0.001022 0.265772 0.013849 3.397265
0.638414 0.033984 0.030681 0.016218 0.001017 0.265822 0.013863 3.400581
0.638357 0.034017 0.030645 0.016179 0.001014 0.265910 0.013876 3.403896
0.638224 0.033949 0.030728 0.016194 0.001013 0.266005 0.013888 3.407352
0.638238 0.033922 0.030764 0.016178 0.001009 0.265986 0.013902 3.410713
0.638068 0.033905 0.030740 0.016234 0.001015 0.266123 0.013914 3.414104
0.638130 0.033827 0.030733 0.016292 0.001017 0.266073 0.013928 3.417446
0.638197 0.033752 0.030675 0.016285 0.001021 0.266133 0.013937 3.420757
0.638109 0.033822 0.030664 0.016288 0.001009 0.266153 0.013955 3.424013
0.638183 0.033770 0.030695 0.016218 0.001013 0.266149 0.013971 3.427339
0.638184 0.033743 0.030741 0.016203 0.001016 0.266129 0.013984 3.430673
0.638139 0.033781 0.030654 0.016174 0.001015 0.266238 0.013998 3.433954
