0.347594 0.061678 0.055294 0.032076 0.002129 0.495245 0.005986 1.623153
0.350145 0.059168 0.055275 0.031878 0.002126 0.495399 0.006009 1.629228
0.353662 0.056279 0.054998 0.031530 0.002132 0.495363 0.006037 1.634845
0.357594 0.053093 0.054573 0.031170 0.002120 0.495391 0.006059 1.640272
0.361926 0.049900 0.054064 0.030612 0.002116 0.495297 0.006085 1.645296
0.366407 0.046758 0.053385 0.030068 0.002106 0.495161 0.006115 1.650064
0.371163 0.043760 0.052561 0.029489 0.002095 0.494796 0.006136 1.654511
0.376046 0.040987 0.051518 0.028801 0.002083 0.494401 0.006165 1.658600
0.380965 0.038341 0.050414 0.028007 0.002071 0.494015 0.006188 1.662451
0.386089 0.035806 0.049228 0.027258 0.002072 0.493330 0.006217 1.666075
0.391149 0.033417 0.047981 0.026463 0.002047 0.492699 0.006245 1.669450
0.396411 0.031124 0.046790 0.025634 0.002024 0.491741 0.006277 1.672702
0.401734 0.029018 0.045535 0.024827 0.002006 0.490576 0.006302 1.675687
0.407075 0.027138 0.044135 0.024008 0.001998 0.489320 0.006327 1.678393
0.412401 0.025352 0.042768 0.023139 0.001992 0.487997 0.006351 1.680942
0.417825 0.023675 0.041330 0.022315 0.001981 0.486499 0.006375 1.683326
0.423208 0.022106 0.039905 0.021528 0.001953 0.484901 0.006400 1.685587
0.428655 0.020676 0.038486 0.020722 0.001937 0.483104 0.006421 1.687685
0.434115 0.019383 0.037010 0.019915 0.001939 0.481200 0.006438 1.689631
0.439578 0.018154 0.035644 0.019233 0.001916 0.479019 0.006456 1.691472
0.445003 0.017011 0.034214 0.018457 0.001900 0.476937 0.006478 1.693178
0.450457 0.015866 0.032861 0.017662 0.001881 0.474778 0.006497 1.694816
0.455847 0.014928 0.031527 0.016953 0.001853 0.472373 0.006521 1.696279
0.461209 0.013973 0.030312 0.016209 0.001819 0.469931 0.006546 1.697714
0.466669 0.013132 0.029095 0.015538 0.001778 0.467218 0.006571 1.699013
0.472098 0.012291 0.027863 0.014919 0.001753 0.464488 0.006589 1.700275
0.477486 0.011559 0.026685 0.014289 0.001728 0.461646 0.006608 1.701431
0.482844 0.010875 0.025569 0.013680 0.001697 0.458706 0.006630 1.702552
0.488181 0.010224 0.024443 0.013055 0.001656 0.455788 0.006653 1.703580
0.493488 0.009642 0.023371 0.012472 0.001632 0.452723 0.006672 1.704524
0.498823 0.009126 0.022332 0.011933 0.001601 0.449494 0.006691 1.705396
0.504095 0.008584 0.021359 0.011364 0.001566 0.446323 0.006710 1.706279
0.509270 0.008112 0.020472 0.010839 0.001532 0.443049 0.006727 1.707081
0.514466 0.007642 0.019552 0.010340 0.001499 0.439751 0.006750 1.707870
0.519616 0.007215 0.018678 0.009861 0.001465 0.436394 0.006772 1.708579
0.524741 0.006815 0.017825 0.009386 0.001445 0.432995 0.006793 1.709266
0.529825 0.006454 0.017009 0.008936 0.001406 0.429559 0.006812 1.709937
0.534886 0.006124 0.016220 0.008477 0.001371 0.426090 0.006833 1.710538
0.539863 0.005791 0.015516 0.008066 0.001337 0.422577 0.006851 1.711116
0.544916 0.005480 0.014804 0.007667 0.001308 0.418958 0.006868 1.711679
0.549839 0.005154 0.014149 0.007325 0.001278 0.415369 0.006886 1.712237
0.554736 0.004893 0.013509 0.006985 0.001257 0.411718 0.006900 1.712745
0.559690 0.004659 0.012892 0.006641 0.001228 0.407974 0.006918 1.713205
0.564561 0.004440 0.012315 0.006328 0.001205 0.404219 0.006933 1.713648
0.569364 0.004257 0.011729 0.005996 0.001178 0.400532 0.006944 1.714047
0.574163 0.004069 0.011208 0.005682 0.001148 0.396769 0.006961 1.714437
0.578896 0.003850 0.010727 0.005419 0.001114 0.393020 0.006974 1.714858
0.583577 0.003668 0.010238 0.005174 0.001091 0.389267 0.006986 1.715239
0.588192 0.003494 0.009785 0.004925 0.001067 0.385537 0.006999 1.715619
0.592792 0.003343 0.009316 0.004708 0.001046 0.381781 0.007014 1.715960
0.597379 0.003189 0.008897 0.004477 0.001017 0.378016 0.007025 1.716275
0.601823 0.003069 0.008461 0.004256 0.000987 0.374363 0.007040 1.716570
0.606275 0.002949 0.008100 0.004045 0.000962 0.370615 0.007055 1.716859
0.610664 0.002831 0.007727 0.003860 0.000935 0.366916 0.007069 1.717134
0.615130 0.002711 0.007366 0.003683 0.000915 0.363116 0.007080 1.717406
0.619428 0.002593 0.007044 0.003504 0.000889 0.359450 0.007093 1.717682
0.623695 0.002497 0.006749 0.003335 0.000869 0.355757 0.007099 1.717933
0.627895 0.002414 0.006432 0.003166 0.000852 0.352134 0.007108 1.718174
0.632194 0.002330 0.006138 0.003012 0.000833 0.348373 0.007120 1.718401
0.636447 0.002219 0.005853 0.002874 0.000810 0.344665 0.007132 1.718632
0.640651 0.002133 0.005579 0.002742 0.000792 0.340965 0.007139 1.718836
0.644768 0.002054 0.005319 0.002617 0.000760 0.337331 0.007153 1.719042
0.648943 0.001959 0.005091 0.002483 0.000728 0.333633 0.007164 1.719253
0.652978 0.001902 0.004863 0.002360 0.000712 0.330012 0.007173 1.719432
0.656935 0.001819 0.004657 0.002265 0.000696 0.326448 0.007179 1.719620
0.660912 0.001756 0.004470 0.002165 0.000681 0.322829 0.007187 1.719797
0.664839 0.001688 0.004275 0.002065 0.000659 0.319280 0.007193 1.719968
0.668699 0.001647 0.004070 0.001968 0.000637 0.315778 0.007202 1.720128
0.672584 0.001594 0.003903 0.001882 0.000614 0.312208 0.007214 1.720281
0.676369 0.001546 0.003723 0.001798 0.000595 0.308746 0.007223 1.720432
0.680076 0.001498 0.003565 0.001712 0.000576 0.305342 0.007232 1.720587
0.683779 0.001466 0.003388 0.001630 0.000557 0.301940 0.007240 1.720717
0.687405 0.001413 0.003264 0.001568 0.000536 0.298568 0.007246 1.720860
0.691056 0.001355 0.003130 0.001494 0.000517 0.295196 0.007253 1.721009
0.694673 0.001309 0.003006 0.001440 0.000501 0.291810 0.007263 1.721143
0.698170 0.001245 0.002911 0.001375 0.000484 0.288546 0.007271 1.721282
0.701592 0.001214 0.002799 0.001322 0.000458 0.285331 0.007284 1.721405
0.705056 0.001174 0.002687 0.001263 0.000451 0.282081 0.007289 1.721523
0.708501 0.001139 0.002564 0.001219 0.000439 0.278845 0.007294 1.721634
0.711850 0.001130 0.002450 0.001158 0.000424 0.275688 0.007300 1.721728
0.715145 0.001100 0.002353 0.001100 0.000414 0.272582 0.007305 1.721832
0.718422 0.001068 0.002251 0.001059 0.000403 0.269488 0.007311 1.721935
0.721644 0.001035 0.002146 0.001017 0.000392 0.266449 0.007318 1.722040
0.724839 0.000994 0.002051 0.000978 0.000381 0.263436 0.007323 1.722143
0.728046 0.000951 0.001978 0.000945 0.000372 0.260381 0.007326 1.722247
0.731138 0.000935 0.001886 0.000910 0.000362 0.257439 0.007329 1.722328
0.734262 0.000899 0.001812 0.000877 0.000350 0.254464 0.007336 1.722425
0.737323 0.000873 0.001740 0.000847 0.000341 0.251538 0.007340 1.722514
0.740349 0.000852 0.001680 0.000821 0.000333 0.248623 0.007342 1.722604
0.743325 0.000835 0.001622 0.000800 0.000324 0.245747 0.007347 1.722690
0.746297 0.000819 0.001559 0.000762 0.000311 0.242899 0.007355 1.722766
0.749305 0.000803 0.001501 0.000737 0.000299 0.239996 0.007361 1.722838
0.752207 0.000786 0.001452 0.000710 0.000286 0.237196 0.007365 1.722915
0.755099 0.000762 0.001389 0.000684 0.000279 0.234419 0.007368 1.722989
0.757974 0.000751 0.001341 0.000669 0.000273 0.231622 0.007371 1.723065
0.760761 0.000735 0.001300 0.000650 0.000267 0.228913 0.007375 1.723139
0.763575 0.000728 0.001244 0.000640 0.000255 0.226179 0.007379 1.723206
0.766315 0.000714 0.001199 0.000618 0.000241 0.223528 0.007386 1.723270
0.769025 0.000691 0.001163 0.000595 0.000229 0.220906 0.007391 1.723346
0.771736 0.000665 0.001123 0.000572 0.000224 0.218287 0.007392 1.723410
0.774411 0.000640 0.001102 0.000549 0.000217 0.215686 0.007395 1.723482
0.777024 0.000614 0.001072 0.000532 0.000212 0.213149 0.007397 1.723545
0.779626 0.000595 0.001053 0.000511 0.000208 0.210607 0.007399 1.723610
0.782196 0.000586 0.001008 0.000490 0.000203 0.208113 0.007404 1.723661
0.784741 0.000565 0.000975 0.000475 0.000198 0.205641 0.007405 1.723717
0.787244 0.000553 0.000952 0.000461 0.000192 0.203191 0.007407 1.723770
0.789706 0.000533 0.000924 0.000446 0.000183 0.200795 0.007413 1.723821
0.792126 0.000525 0.000896 0.000429 0.000179 0.198431 0.007414 1.723871
0.794540 0.000505 0.000870 0.000411 0.000176 0.196081 0.007416 1.723924
0.796901 0.000497 0.000850 0.000397 0.000170 0.193766 0.007419 1.723974
0.799291 0.000489 0.000825 0.000391 0.000164 0.191418 0.007422 1.724026
0.801621 0.000479 0.000793 0.000374 0.000160 0.189148 0.007424 1.724073
0.803925 0.000478 0.000768 0.000362 0.000151 0.186890 0.007426 1.724117
0.806169 0.000483 0.000745 0.000353 0.000145 0.184677 0.007428 1.724158
0.808363 0.000463 0.000719 0.000347 0.000143 0.182533 0.007432 1.724208
0.810576 0.000459 0.000698 0.000331 0.000140 0.180362 0.007435 1.724242
0.812689 0.000448 0.000679 0.000328 0.000135 0.178285 0.007436 1.724287
0.814893 0.000442 0.000660 0.000317 0.000132 0.176118 0.007439 1.724328
0.817047 0.000429 0.000651 0.000312 0.000129 0.173993 0.007440 1.724373
0.819163 0.000414 0.000639 0.000304 0.000126 0.171913 0.007442 1.724422
0.821313 0.000401 0.000623 0.000297 0.000125 0.169798 0.007443 1.724459
0.823383 0.000384 0.000600 0.000296 0.000119 0.167772 0.007446 1.724504
0.825459 0.000380 0.000583 0.000289 0.000117 0.165725 0.007447 1.724535
0.827512 0.000379 0.000568 0.000281 0.000114 0.163696 0.007450 1.724571
0.829448 0.000370 0.000546 0.000271 0.000107 0.161807 0.007452 1.724607
0.831426 0.000359 0.000524 0.000267 0.000101 0.159868 0.007455 1.724639
0.833354 0.000350 0.000519 0.000260 0.000099 0.157963 0.007456 1.724672
0.835299 0.000345 0.000503 0.000243 0.000096 0.156058 0.007457 1.724698
0.837260 0.000346 0.000485 0.000232 0.000093 0.154127 0.007458 1.724726
0.839175 0.000332 0.000472 0.000228 0.000091 0.152244 0.007458 1.724763
0.841049 0.000320 0.000464 0.000226 0.000089 0.150394 0.007459 1.724800
0.842915 0.000311 0.000459 0.000215 0.000086 0.148554 0.007460 1.724831
0.844704 0.000313 0.000454 0.000210 0.000082 0.146776 0.007461 1.724859
0.846472 0.000309 0.000445 0.000203 0.000079 0.145030 0.007462 1.724889
0.848257 0.000292 0.000433 0.000197 0.000077 0.143280 0.007463 1.724927
0.849974 0.000294 0.000418 0.000195 0.000074 0.141581 0.007464 1.724954
0.851708 0.000284 0.000410 0.000189 0.000070 0.139872 0.007466 1.724985
0.853408 0.000286 0.000395 0.000181 0.000067 0.138195 0.007467 1.725011
0.855121 0.000277 0.000388 0.000171 0.000065 0.136510 0.007468 1.725035
0.856769 0.000278 0.000377 0.000169 0.000062 0.134875 0.007468 1.725060
0.858414 0.000269 0.000376 0.000165 0.000062 0.133244 0.007469 1.725090
0.860006 0.000260 0.000372 0.000164 0.000059 0.131668 0.007471 1.725119
0.861577 0.000258 0.000368 0.000156 0.000057 0.130111 0.007473 1.725145
0.863148 0.000253 0.000364 0.000152 0.000056 0.128553 0.007473 1.725170
0.864677 0.000255 0.000350 0.000144 0.000054 0.127048 0.007473 1.725189
0.866169 0.000249 0.000344 0.000140 0.000053 0.125572 0.007473 1.725216
0.867655 0.000241 0.000333 0.000143 0.000052 0.124102 0.007474 1.725239
0.869048 0.000240 0.000326 0.000137 0.000052 0.122723 0.007474 1.725259
0.870441 0.000237 0.000315 0.000130 0.000050 0.121352 0.007476 1.725280
0.871842 0.000225 0.000313 0.000131 0.000048 0.119964 0.007477 1.725305
0.873201 0.000219 0.000308 0.000130 0.000047 0.118618 0.007477 1.725332
0.874549 0.000219 0.000304 0.000125 0.000047 0.117277 0.007477 1.725354
0.875839 0.000219 0.000297 0.000125 0.000046 0.115997 0.007477 1.725374
0.877134 0.000217 0.000292 0.000124 0.000044 0.114710 0.007478 1.725396
0.878312 0.000211 0.000294 0.000123 0.000044 0.113539 0.007478 1.725423
0.879551 0.000208 0.000285 0.000123 0.000043 0.112311 0.007479 1.725443
0.880779 0.000203 0.000281 0.000120 0.000041 0.111098 0.007479 1.725464
0.881958 0.000201 0.000279 0.000114 0.000039 0.109931 0.007479 1.725482
0.883142 0.000196 0.000274 0.000114 0.000038 0.108757 0.007479 1.725504
0.884309 0.000195 0.000265 0.000116 0.000036 0.107600 0.007480 1.725525
0.885439 0.000189 0.000261 0.000115 0.000035 0.106480 0.007480 1.725545
0.886508 0.000187 0.000251 0.000113 0.000034 0.105426 0.007481 1.725563
0.887559 0.000188 0.000243 0.000114 0.000034 0.104382 0.007481 1.725582
0.888617 0.000177 0.000245 0.000110 0.000032 0.103338 0.007481 1.725604
0.889607 0.000179 0.000237 0.000102 0.000032 0.102362 0.007481 1.725618
0.890573 0.000175 0.000233 0.000098 0.000032 0.101410 0.007481 1.725635
0.891558 0.000174 0.000227 0.000096 0.000030 0.100434 0.007482 1.725646
0.892471 0.000178 0.000217 0.000089 0.000028 0.099535 0.007483 1.725659
0.893433 0.000175 0.000211 0.000089 0.000028 0.098581 0.007483 1.725671
0.894333 0.000171 0.000204 0.000091 0.000026 0.097689 0.007484 1.725686
0.895245 0.000170 0.000202 0.000090 0.000026 0.096784 0.007484 1.725701
0.896083 0.000166 0.000202 0.000087 0.000025 0.095953 0.007484 1.725721
0.896931 0.000170 0.000201 0.000083 0.000024 0.095106 0.007484 1.725734
0.897728 0.000166 0.000202 0.000083 0.000023 0.094314 0.007485 1.725753
0.898520 0.000168 0.000195 0.000082 0.000022 0.093527 0.007485 1.725764
0.899254 0.000172 0.000187 0.000084 0.000021 0.092795 0.007486 1.725776
0.900009 0.000167 0.000187 0.000086 0.000020 0.092045 0.007487 1.725796
0.900740 0.000164 0.000189 0.000083 0.000020 0.091317 0.007487 1.725811
0.901442 0.000163 0.000181 0.000081 0.000020 0.090626 0.007487 1.725823
0.902149 0.000157 0.000177 0.000083 0.000020 0.089927 0.007487 1.725840
0.902824 0.000153 0.000176 0.000081 0.000019 0.089260 0.007487 1.725854
0.903496 0.000147 0.000176 0.000078 0.000019 0.088598 0.007487 1.725869
0.904098 0.000144 0.000169 0.000077 0.000018 0.088006 0.007487 1.725885
0.904717 0.000147 0.000163 0.000076 0.000017 0.087391 0.007487 1.725894
0.905315 0.000147 0.000161 0.000075 0.000017 0.086797 0.007487 1.725906
0.905909 0.000139 0.000166 0.000072 0.000014 0.086209 0.007489 1.725922
0.906454 0.000135 0.000162 0.000074 0.000014 0.085671 0.007489 1.725937
0.906992 0.000135 0.000161 0.000075 0.000014 0.085133 0.007489 1.725949
0.907516 0.000132 0.000159 0.000072 0.000014 0.084618 0.007489 1.725962
0.908037 0.000130 0.000157 0.000069 0.000014 0.084102 0.007489 1.725976
0.908523 0.000125 0.000150 0.000067 0.000014 0.083629 0.007490 1.725991
0.909012 0.000121 0.000154 0.000067 0.000013 0.083143 0.007490 1.726006
0.909423 0.000124 0.000150 0.000063 0.000014 0.082736 0.007490 1.726016
0.909879 0.000120 0.000147 0.000063 0.000013 0.082287 0.007490 1.726029
0.910319 0.000119 0.000145 0.000060 0.000013 0.081852 0.007491 1.726040
0.910742 0.000116 0.000145 0.000061 0.000013 0.081431 0.007491 1.726054
0.911159 0.000114 0.000146 0.000060 0.000011 0.081019 0.007491 1.726063
0.911560 0.000112 0.000142 0.000057 0.000012 0.080626 0.007491 1.726073
0.911938 0.000111 0.000140 0.000058 0.000012 0.080250 0.007491 1.726083
0.912327 0.000114 0.000139 0.000056 0.000011 0.079863 0.007491 1.726089
0.912706 0.000111 0.000133 0.000056 0.000011 0.079491 0.007491 1.726098
0.913061 0.000112 0.000130 0.000055 0.000012 0.079139 0.007491 1.726106
0.913409 0.000111 0.000128 0.000054 0.000012 0.078795 0.007491 1.726116
0.913753 0.000109 0.000125 0.000054 0.000011 0.078456 0.007492 1.726125
0.914092 0.000105 0.000123 0.000054 0.000011 0.078124 0.007492 1.726136
0.914414 0.000109 0.000119 0.000052 0.000011 0.077803 0.007492 1.726142
0.914732 0.000110 0.000111 0.000053 0.000010 0.077491 0.007492 1.726147
0.915070 0.000105 0.000116 0.000055 0.000011 0.077151 0.007492 1.726162
0.915384 0.000099 0.000113 0.000058 0.000011 0.076843 0.007492 1.726174
0.915683 0.000099 0.000111 0.000057 0.000010 0.076547 0.007492 1.726182
0.915964 0.000096 0.000111 0.000056 0.000010 0.076269 0.007492 1.726195
0.916239 0.000095 0.000114 0.000053 0.000010 0.075996 0.007492 1.726205
0.916511 0.000093 0.000111 0.000052 0.000009 0.075730 0.007493 1.726215
0.916801 0.000091 0.000104 0.000051 0.000009 0.075451 0.007493 1.726222
0.917060 0.000089 0.000105 0.000051 0.000009 0.075193 0.007493 1.726233
0.917295 0.000090 0.000103 0.000050 0.000009 0.074959 0.007493 1.726239
0.917532 0.000094 0.000103 0.000048 0.000009 0.074720 0.007493 1.726246
0.917769 0.000093 0.000099 0.000047 0.000009 0.074489 0.007493 1.726254
0.918014 0.000093 0.000098 0.000044 0.000008 0.074249 0.007493 1.726262
0.918243 0.000088 0.000098 0.000046 0.000007 0.074025 0.007493 1.726272
0.918447 0.000089 0.000098 0.000045 0.000007 0.073820 0.007493 1.726281
0.918671 0.000083 0.000096 0.000044 0.000007 0.073604 0.007493 1.726292
0.918884 0.000082 0.000094 0.000044 0.000007 0.073395 0.007493 1.726300
0.919091 0.000085 0.000093 0.000044 0.000007 0.073185 0.007493 1.726304
0.919291 0.000082 0.000092 0.000043 0.000007 0.072991 0.007493 1.726312
0.919489 0.000082 0.000090 0.000042 0.000007 0.072797 0.007493 1.726318
0.919686 0.000080 0.000089 0.000038 0.000008 0.072606 0.007493 1.726327
0.919877 0.000081 0.000086 0.000040 0.000008 0.072416 0.007493 1.726332
0.920061 0.000078 0.000085 0.000043 0.000007 0.072232 0.007493 1.726341
0.920236 0.000078 0.000081 0.000044 0.000007 0.072061 0.007493 1.726346
0.920407 0.000075 0.000082 0.000046 0.000007 0.071891 0.007493 1.726354
0.920582 0.000069 0.000083 0.000046 0.000007 0.071719 0.007493 1.726363
0.920755 0.000063 0.000083 0.000046 0.000006 0.071554 0.007493 1.726373
0.920925 0.000059 0.000078 0.000044 0.000006 0.071396 0.007493 1.726379
0.921087 0.000060 0.000074 0.000043 0.000005 0.071238 0.007493 1.726382
0.921238 0.000059 0.000072 0.000039 0.000005 0.071095 0.007493 1.726386
0.921369 0.000055 0.000072 0.000038 0.000005 0.070968 0.007493 1.726392
0.921510 0.000053 0.000070 0.000037 0.000004 0.070833 0.007494 1.726400
0.921645 0.000054 0.000068 0.000035 0.000004 0.070700 0.007494 1.726402
0.921786 0.000051 0.000068 0.000032 0.000005 0.070564 0.007494 1.726408
0.921924 0.000054 0.000063 0.000032 0.000005 0.070429 0.007494 1.726410
0.922048 0.000053 0.000061 0.000034 0.000005 0.070305 0.007494 1.726414
0.922175 0.000053 0.000061 0.000032 0.000005 0.070180 0.007494 1.726418
0.922308 0.000053 0.000059 0.000030 0.000005 0.070052 0.007494 1.726422
0.922424 0.000050 0.000060 0.000030 0.000005 0.069938 0.007494 1.726429
0.922547 0.000053 0.000057 0.000031 0.000005 0.069814 0.007494 1.726432
0.922651 0.000052 0.000057 0.000032 0.000005 0.069708 0.007494 1.726438
0.922755 0.000051 0.000058 0.000033 0.000005 0.069605 0.007494 1.726444
0.922866 0.000051 0.000056 0.000032 0.000004 0.069497 0.007494 1.726447
0.922965 0.000051 0.000054 0.000032 0.000003 0.069400 0.007495 1.726450
0.923080 0.000052 0.000054 0.000030 0.000003 0.069286 0.007495 1.726453
0.923172 0.000050 0.000053 0.000029 0.000003 0.069199 0.007495 1.726458
0.923263 0.000049 0.000050 0.000027 0.000003 0.069113 0.007495 1.726461
0.923353 0.000046 0.000054 0.000026 0.000003 0.069023 0.007495 1.726468
0.923452 0.000043 0.000056 0.000025 0.000004 0.068925 0.007495 1.726473
0.923535 0.000037 0.000057 0.000025 0.000004 0.068846 0.007495 1.726482
0.923620 0.000036 0.000056 0.000025 0.000004 0.068764 0.007495 1.726487
0.923704 0.000034 0.000054 0.000024 0.000004 0.068685 0.007495 1.726491
0.923786 0.000034 0.000052 0.000026 0.000004 0.068605 0.007495 1.726495
0.923870 0.000032 0.000051 0.000025 0.000003 0.068525 0.007495 1.726498
0.923946 0.000033 0.000049 0.000022 0.000003 0.068451 0.007495 1.726500
0.924022 0.000032 0.000049 0.000020 0.000002 0.068379 0.007495 1.726502
0.924107 0.000032 0.000046 0.000019 0.000002 0.068299 0.007495 1.726503
0.924175 0.000031 0.000048 0.000018 0.000002 0.068230 0.007495 1.726506
0.924250 0.000030 0.000047 0.000019 0.000002 0.068156 0.007495 1.726509
0.924311 0.000031 0.000044 0.000019 0.000002 0.068097 0.007495 1.726510
0.924376 0.000033 0.000042 0.000018 0.000002 0.068034 0.007495 1.726513
0.924450 0.000032 0.000041 0.000018 0.000003 0.067962 0.007495 1.726515
0.924504 0.000033 0.000040 0.000017 0.000003 0.067909 0.007495 1.726517
0.924560 0.000034 0.000039 0.000017 0.000003 0.067853 0.007495 1.726520
0.924613 0.000035 0.000036 0.000016 0.000003 0.067801 0.007495 1.726523
0.924671 0.000032 0.000037 0.000016 0.000003 0.067746 0.007495 1.726527
0.924729 0.000029 0.000036 0.000016 0.000003 0.067691 0.007495 1.726531
0.924789 0.000030 0.000036 0.000014 0.000004 0.067632 0.007495 1.726533
0.924839 0.000029 0.000036 0.000015 0.000004 0.067583 0.007495 1.726537
0.924887 0.000029 0.000034 0.000016 0.000003 0.067536 0.007495 1.726540
0.924929 0.000027 0.000035 0.000016 0.000003 0.067494 0.007495 1.726544
0.924973 0.000027 0.000034 0.000016 0.000003 0.067452 0.007495 1.726546
0.925021 0.000027 0.000033 0.000016 0.000003 0.067406 0.007495 1.726547
0.925069 0.000027 0.000033 0.000015 0.000003 0.067358 0.007495 1.726549
0.925116 0.000027 0.000033 0.000014 0.000003 0.067312 0.007495 1.726551
0.925156 0.000025 0.000032 0.000014 0.000003 0.067275 0.007495 1.726556
0.925200 0.000026 0.000031 0.000013 0.000003 0.067231 0.007495 1.726558
0.925236 0.000027 0.000031 0.000014 0.000003 0.067193 0.007495 1.726560
0.925275 0.000026 0.000032 0.000013 0.000003 0.067154 0.007495 1.726562
0.925314 0.000027 0.000032 0.000013 0.000003 0.067116 0.007495 1.726564
0.925347 0.000027 0.000031 0.000014 0.000003 0.067082 0.007495 1.726566
0.925376 0.000026 0.000031 0.000014 0.000003 0.067055 0.007495 1.726568
0.925415 0.000026 0.000031 0.000013 0.000003 0.067016 0.007495 1.726570
0.925454 0.000022 0.000029 0.000013 0.000003 0.066983 0.007495 1.726574
0.925481 0.000022 0.000030 0.000011 0.000004 0.066957 0.007495 1.726576
0.925507 0.000019 0.000031 0.000012 0.000004 0.066933 0.007495 1.726579
0.925532 0.000019 0.000031 0.000012 0.000004 0.066907 0.007495 1.726581
0.925557 0.000021 0.000028 0.000010 0.000003 0.066886 0.007495 1.726581
0.925589 0.000019 0.000029 0.000011 0.000003 0.066854 0.007495 1.726583
0.925615 0.000019 0.000025 0.000011 0.000003 0.066832 0.007495 1.726583
0.925642 0.000017 0.000024 0.000012 0.000003 0.066808 0.007495 1.726586
0.925670 0.000015 0.000023 0.000012 0.000004 0.066782 0.007495 1.726588
0.925704 0.000015 0.000023 0.000011 0.000004 0.066749 0.007495 1.726589
0.925726 0.000014 0.000023 0.000010 0.000004 0.066730 0.007495 1.726590
0.925753 0.000013 0.000022 0.000010 0.000004 0.066704 0.007495 1.726591
0.925775 0.000013 0.000021 0.000009 0.000003 0.066684 0.007495 1.726592
0.925797 0.000013 0.000022 0.000008 0.000003 0.066663 0.007495 1.726594
0.925820 0.000014 0.000020 0.000009 0.000003 0.066640 0.007495 1.726595
0.925841 0.000012 0.000021 0.000008 0.000002 0.066621 0.007495 1.726597
0.925867 0.000011 0.000020 0.000009 0.000002 0.066596 0.007495 1.726598
0.925884 0.000011 0.000019 0.000008 0.000003 0.066579 0.007495 1.726599
0.925902 0.000008 0.000022 0.000008 0.000003 0.066562 0.007495 1.726602
0.925918 0.000007 0.000020 0.000008 0.000003 0.066548 0.007495 1.726602
0.925944 0.000008 0.000018 0.000008 0.000003 0.066523 0.007495 1.726602
0.925959 0.000008 0.000016 0.000008 0.000003 0.066510 0.007495 1.726602
0.925981 0.000008 0.000016 0.000008 0.000003 0.066488 0.007495 1.726603
0.926001 0.000008 0.000016 0.000008 0.000003 0.066470 0.007495 1.726603
0.926019 0.000008 0.000016 0.000008 0.000003 0.066451 0.007495 1.726604
0.926035 0.000008 0.000016 0.000007 0.000003 0.066436 0.007495 1.726605
0.926051 0.000008 0.000016 0.000007 0.000003 0.066421 0.007495 1.726605
0.926066 0.000007 0.000016 0.000007 0.000003 0.066406 0.007495 1.726606
0.926084 0.000008 0.000016 0.000007 0.000003 0.066388 0.007495 1.726606
0.926100 0.000007 0.000016 0.000007 0.000003 0.066373 0.007495 1.726607
0.926112 0.000006 0.000017 0.000006 0.000003 0.066363 0.007495 1.726608
0.926128 0.000006 0.000015 0.000006 0.000003 0.066348 0.007495 1.726608
0.926143 0.000006 0.000014 0.000006 0.000003 0.066334 0.007495 1.726608
0.926159 0.000006 0.000013 0.000006 0.000002 0.066320 0.007495 1.726609
0.926175 0.000006 0.000013 0.000005 0.000002 0.066305 0.007495 1.726609
0.926190 0.000005 0.000014 0.000005 0.000002 0.066290 0.007495 1.726610
0.926199 0.000005 0.000012 0.000004 0.000002 0.066281 0.007495 1.726610
0.926205 0.000006 0.000011 0.000004 0.000002 0.066277 0.007495 1.726610
0.926220 0.000006 0.000010 0.000004 0.000002 0.066263 0.007495 1.726611
0.926229 0.000005 0.000010 0.000004 0.000002 0.066254 0.007495 1.726612
0.926240 0.000004 0.000012 0.000005 0.000002 0.066244 0.007495 1.726613
0.926248 0.000005 0.000010 0.000004 0.000002 0.066237 0.007495 1.726613
0.926260 0.000004 0.000010 0.000004 0.000002 0.066226 0.007495 1.726614
0.926269 0.000004 0.000009 0.000004 0.000002 0.066218 0.007495 1.726614
0.926277 0.000004 0.000008 0.000004 0.000002 0.066211 0.007495 1.726614
0.926286 0.000003 0.000009 0.000003 0.000002 0.066203 0.007495 1.726615
0.926295 0.000003 0.000008 0.000003 0.000002 0.066194 0.007495 1.726616
0.926304 0.000003 0.000008 0.000003 0.000002 0.066186 0.007495 1.726616
0.926310 0.000003 0.000008 0.000001 0.000002 0.066182 0.007495 1.726616
0.926319 0.000002 0.000007 0.000001 0.000002 0.066173 0.007495 1.726616
0.926326 0.000003 0.000007 0.000001 0.000002 0.066167 0.007495 1.726616
0.926335 0.000003 0.000007 0.000001 0.000002 0.066156 0.007495 1.726617
0.926340 0.000003 0.000006 0.000001 0.000002 0.066153 0.007495 1.726617
0.926350 0.000002 0.000006 0.000002 0.000002 0.066143 0.007495 1.726617
0.926359 0.000002 0.000006 0.000002 0.000002 0.066134 0.007495 1.726617
0.926365 0.000002 0.000006 0.000003 0.000002 0.066128 0.007495 1.726618
0.926372 0.000002 0.000005 0.000003 0.000002 0.066122 0.007495 1.726618
0.926382 0.000002 0.000005 0.000003 0.000002 0.066112 0.007495 1.726618
0.926390 0.000002 0.000004 0.000003 0.000002 0.066105 0.007495 1.726618
0.926399 0.000001 0.000004 0.000003 0.000002 0.066096 0.007495 1.726618
0.926406 0.000001 0.000004 0.000003 0.000002 0.066090 0.007495 1.726618
0.926412 0.000001 0.000004 0.000003 0.000002 0.066083 0.007495 1.726618
0.926418 0.000002 0.000003 0.000003 0.000002 0.066077 0.007495 1.726618
0.926422 0.000002 0.000002 0.000002 0.000002 0.066074 0.007496 1.726618
0.926426 0.000001 0.000002 0.000003 0.000002 0.066070 0.007496 1.726619
0.926432 0.000001 0.000002 0.000003 0.000002 0.066064 0.007496 1.726619
0.926436 0.000001 0.000002 0.000003 0.000002 0.066061 0.007496 1.726619
0.926441 0.000001 0.000003 0.000002 0.000001 0.066056 0.007496 1.726619
0.926444 0.000000 0.000003 0.000003 0.000001 0.066053 0.007496 1.726620
0.926447 0.000000 0.000003 0.000002 0.000002 0.066050 0.007496 1.726620
0.926450 0.000000 0.000002 0.000002 0.000002 0.066047 0.007496 1.726620
0.926454 0.000000 0.000002 0.000002 0.000002 0.066043 0.007496 1.726620
0.926458 0.000000 0.000002 0.000002 0.000001 0.066040 0.007496 1.726620
0.926461 0.000000 0.000002 0.000002 0.000001 0.066038 0.007496 1.726620
0.926465 0.000000 0.000002 0.000002 0.000001 0.066033 0.007496 1.726620
0.926469 0.000000 0.000002 0.000002 0.000001 0.066030 0.007496 1.726620
0.926472 0.000000 0.000002 0.000002 0.000001 0.066027 0.007496 1.726620
0.926476 0.000000 0.000002 0.000002 0.000001 0.066023 0.007496 1.726620
0.926480 0.000000 0.000002 0.000002 0.000001 0.066019 0.007496 1.726620
0.926482 0.000000 0.000002 0.000002 0.000001 0.066017 0.007496 1.726620
0.926486 0.000000 0.000002 0.000001 0.000001 0.066014 0.007496 1.726620
0.926489 0.000000 0.000002 0.000001 0.000001 0.066011 0.007496 1.726620
0.926492 0.000000 0.000002 0.000001 0.000001 0.066008 0.007496 1.726620
0.926496 0.000000 0.000000 0.000000 0.000001 0.066005 0.007496 1.726620
0.926499 0.000000 0.000000 0.000000 0.000001 0.066003 0.007496 1.726620
0.926502 0.000000 0.000000 0.000000 0.000000 0.066000 0.007496 1.726620
0.926506 0.000000 0.000000 0.000000 0.000000 0.065996 0.007496 1.726620
0.926509 0.000000 0.000000 0.000000 0.000000 0.065993 0.007496 1.726620
0.926511 0.000000 0.000000 0.000000 0.000000 0.065991 0.007496 1.726620
0.926512 0.000000 0.000000 0.000000 0.000000 0.065990 0.007496 1.726620
0.926515 0.000000 0.000000 0.000000 0.000000 0.065987 0.007496 1.726620
0.926516 0.000000 0.000000 0.000000 0.000000 0.065986 0.007496 1.726620
0.926517 0.000000 0.000000 0.000000 0.000000 0.065985 0.007496 1.726620
0.926518 0.000000 0.000000 0.000000 0.000000 0.065985 0.007496 1.726620
0.926518 0.000000 0.000000 0.000000 0.000000 0.065985 0.007496 1.726620
0.926519 0.000000 0.000000 0.000000 0.000000 0.065984 0.007496 1.726620
0.926519 0.000000 0.000000 0.000000 0.000000 0.065984 0.007496 1.726620
0.926520 0.000000 0.000000 0.000000 0.000000 0.065983 0.007496 1.726620
0.926520 0.000000 0.000000 0.000000 0.000000 0.065983 0.007496 1.726620
0.926521 0.000000 0.000000 0.000000 0.000000 0.065982 0.007496 1.726620
0.926521 0.000000 0.000000 0.000000 0.000000 0.065981 0.007496 1.726620
0.926522 0.000000 0.000000 0.000000 0.000000 0.065981 0.007496 1.726620
0.926522 0.000000 0.000000 0.000000 0.000000 0.065981 0.007496 1.726620
0.926523 0.000000 0.000000 0.000000 0.000000 0.065980 0.007496 1.726620
0.926523 0.000000 0.000000 0.000000 0.000000 0.065980 0.007496 1.726620
0.926523 0.000000 0.000000 0.000000 0.000000 0.065980 0.007496 1.726620
0.926523 0.000000 0.000000 0.000000 0.000000 0.065980 0.007496 1.726620
0.926523 0.000000 0.000000 0.000000 0.000000 0.065980 0.007496 1.726620
0.926523 0.000000 0.000000 0.000000 0.000000 0.065980 0.007496 1.726620
0.926523 0.000000 0.000000 0.000000 0.000000 0.065980 0.007496 1.726620
0.926523 0.000000 0.000000 0.000000 0.000000 0.065980 0.007496 1.726620
0.926523 0.000000 0.000000 0.000000 0.000000 0.065980 0.007496 1.726620
0.926523 0.000000 0.000000 0.000000 0.000000 0.065980 0.007496 1.726620
0.926523 0.000000 0.000000 0.000000 0.000000 0.065980 0.007496 1.726620
0.926523 0.000000 0.000000 0.000000 0.000000 0.065980 0.007496 1.726620
0.926523 0.000000 0.000000 0.000000 0.000000 0.065980 0.007496 1.726620
0.926523 0.000000 0.000000 0.000000 0.000000 0.065980 0.007496 1.726620
0.926523 0.000000 0.000000 0.000000 0.000000 0.065980 0.007496 1.726620
0.926523 0.000000 0.000000 0.000000 0.000000 0.065980 0.007496 1.726620
0.926523 0.000000 0.000000 0.000000 0.000000 0.065980 0.007496 1.726620
0.926523 0.000000 0.000000 0.000000 0.000000 0.065980 0.007496 1.726620
0.926523 0.000000 0.000000 0.000000 0.000000 0.065980 0.007496 1.726620
0.926523 0.000000 0.000000 0.000000 0.000000 0.065980 0.007496 1.726620
0.926523 0.000000 0.000000 0.000000 0.000000 0.065980 0.007496 1.726620
0.926523 0.000000 0.000000 0.000000 0.000000 0.065980 0.007496 1.726620
0.926523 0.000000 0.000000 0.000000 0.000000 0.065980 0.007496 1.726620
0.926523 0.000000 0.000000 0.000000 0.000000 0.065980 0.007496 1.726620
0.926523 0.000000 0.000000 0.000000 0.000000 0.065980 0.007496 1.726620
0.926523 0.000000 0.000000 0.000000 0.000000 0.065980 0.007496 1.726620
0.926523 0.000000 0.000000 0.000000 0.000000 0.065980 0.007496 1.726620
0.926523 0.000000 0.000000 0.000000 0.000000 0.065980 0.007496 1.726620
0.926523 0.000000 0.000000 0.000000 0.000000 0.065980 0.007496 1.726620
0.926523 0.000000 0.000000 0.000000 0.000000 0.065980 0.007496 1.726620
0.926523 0.000000 0.000000 0.000000 0.000000 0.065980 0.007496 1.726620
0.926523 0.000000 0.000000 0.000000 0.000000 0.065980 0.007496 1.726620
0.926523 0.000000 0.000000 0.000000 0.000000 0.065980 0.007496 1.726620
0.926523 0.000000 0.000000 0.000000 0.000000 0.065980 0.007496 1.726620
0.926523 0.000000 0.000000 0.000000 0.000000 0.065980 0.007496 1.726620
0.926523 0.000000 0.000000 0.000000 0.000000 0.065980 0.007496 1.726620
0.926523 0.000000 0.000000 0.000000 0.000000 0.065980 0.007496 1.726620
0.926523 0.000000 0.000000 0.000000 0.000000 0.065980 0.007496 1.726620
0.926523 0.000000 0.000000 0.000000 0.000000 0.065980 0.007496 1.726620
0.926523 0.000000 0.000000 0.000000 0.000000 0.065980 0.007496 1.726620
0.926523 0.000000 0.000000 0.000000 0.000000 0.065980 0.007496 1.726620
0.926523 0.000000 0.000000 0.000000 0.000000 0.065980 0.007496 1.726620
0.926523 0.000000 0.000000 0.000000 0.000000 0.065980 0.007496 1.726620
0.926523 0.000000 0.000000 0.000000 0.000000 0.065980 0.007496 1.726620
0.926523 0.000000 0.000000 0.000000 0.000000 0.065980 0.007496 1.726620
0.926523 0.000000 0.000000 0.000000 0.000000 0.065980 0.007496 1.726620
0.926523 0.000000 0.000000 0.000000 0.000000 0.065980 0.007496 1.726620
0.926523 0.000000 0.000000 0.000000 0.000000 0.065980 0.007496 1.726620
0.926523 0.000000 0.000000 0.000000 0.000000 0.065980 0.007496 1.726620
0.926523 0.000000 0.000000 0.000000 0.000000 0.065980 0.007496 1.726620
0.926523 0.000000 0.000000 0.000000 0.000000 0.065980 0.007496 1.726620
0.926523 0.000000 0.000000 0.000000 0.000000 0.065980 0.007496 1.726620
0.926523 0.000000 0.000000 0.000000 0.000000 0.065980 0.007496 1.726620
0.926523 0.000000 0.000000 0.000000 0.000000 0.065980 0.007496 1.726620
0.926523 0.000000 0.000000 0.000000 0.000000 0.065980 0.007496 1.726620
0.926523 0.000000 0.000000 0.000000 0.000000 0.065980 0.007496 1.726620
0.926523 0.000000 0.000000 0.000000 0.000000 0.065980 0.007496 1.726620
0.926523 0.000000 0.000000 0.000000 0.000000 0.065980 0.007496 1.726620
0.926523 0.000000 0.000000 0.000000 0.000000 0.065980 0.007496 1.726620
0.926523 0.000000 0.000000 0.000000 0.000000 0.065980 0.007496 1.726620
0.926523 0.000000 0.000000 0.000000 0.000000 0.065980 0.007496 1.726620
0.926523 0.000000 0.000000 0.000000 0.000000 0.065980 0.007496 1.726620
0.926523 0.000000 0.000000 0.000000 0.000000 0.065980 0.007496 1.726620
0.926523 0.000000 0.000000 0.000000 0.000000 0.065980 0.007496 1.726620
0.926523 0.000000 0.000000 0.000000 0.000000 0.065980 0.007496 1.726620
0.926523 0.000000 0.000000 0.000000 0.000000 0.065980 0.007496 1.726620
0.926523 0.000000 0.000000 0.000000 0.000000 0.065980 0.007496 1.726620
0.926523 0.000000 0.000000 0.000000 0.000000 0.065980 0.007496 1.726620
0.926523 0.000000 0.000000 0.000000 0.000000 0.065980 0.007496 1.726620
0.926523 0.000000 0.000000 0.000000 0.000000 0.065980 0.007496 1.726620
0.926523 0.000000 0.000000 0.000000 0.000000 0.065980 0.007496 1.726620
0.926523 0.000000 0.000000 0.000000 0.000000 0.065980 0.007496 1.726620
0.926523 0.000000 0.000000 0.000000 0.000000 0.065980 0.007496 1.726620
0.926523 0.000000 0.000000 0.000000 0.000000 0.065980 0.007496 1.726620
0.926523 0.000000 0.000000 0.000000 0.000000 0.065980 0.007496 1.726620
0.926523 0.000000 0.000000 0.000000 0.000000 0.065980 0.007496 1.726620
0.926523 0.000000 0.000000 0.000000 0.000000 0.065980 0.007496 1.726620
0.926523 0.000000 0.000000 0.000000 0.000000 0.065980 0.007496 1.726620
0.926523 0.000000 0.000000 0.000000 0.000000 0.065980 0.007496 1.726620
0.926523 0.000000 0.000000 0.000000 0.000000 0.065980 0.007496 1.726620
0.926523 0.000000 0.000000 0.000000 0.000000 0.065980 0.007496 1.726620
0.926523 0.000000 0.000000 0.000000 0.000000 0.065980 0.007496 1.726620
0.926523 0.000000 0.000000 0.000000 0.000000 0.065980 0.007496 1.726620
0.926523 0.000000 0.000000 0.000000 0.000000 0.065980 0.007496 1.726620
0.926523 0.000000 0.000000 0.000000 0.000000 0.065980 0.007496 1.726620
0.926523 0.000000 0.000000 0.000000 0.000000 0.065980 0.007496 1.726620
0.926523 0.000000 0.000000 0.000000 0.000000 0.065980 0.007496 1.726620
0.926523 0.000000 0.000000 0.000000 0.000000 0.065980 0.007496 1.726620
0.926523 0.000000 0.000000 0.000000 0.000000 0.065980 0.007496 1.726620
0.926523 0.000000 0.000000 0.000000 0.000000 0.065980 0.007496 1.726620
0.926523 0.000000 0.000000 0.000000 0.000000 0.065980 0.007496 1.726620
0.926523 0.000000 0.000000 0.000000 0.000000 0.065980 0.007496 1.726620
0.926523 0.000000 0.000000 0.000000 0.000000 0.065980 0.007496 1.726620
0.926523 0.000000 0.000000 0.000000 0.000000 0.065980 0.007496 1.726620
0.926523 0.000000 0.000000 0.000000 0.000000 0.065980 0.007496 1.726620
0.926523 0.000000 0.000000 0.000000 0.000000 0.065980 0.007496 1.726620
0.926523 0.000000 0.000000 0.000000 0.000000 0.065980 0.007496 1.726620
0.926523 0.000000 0.000000 0.000000 0.000000 0.065980 0.007496 1.726620
0.926523 0.000000 0.000000 0.000000 0.000000 0.065980 0.007496 1.726620
0.926523 0.000000 0.000000 0.000000 0.000000 0.065980 0.007496 1.726620
0.926523 0.000000 0.000000 0.000000 0.000000 0.065980 0.007496 1.726620
0.926523 0.000000 0.000000 0.000000 0.000000 0.065980 0.007496 1.726620
0.926523 0.000000 0.000000 0.000000 0.000000 0.065980 0.007496 1.726620
0.926523 0.000000 0.000000 0.000000 0.000000 0.065980 0.007496 1.726620
0.926523 0.000000 0.000000 0.000000 0.000000 0.065980 0.007496 1.726620
0.926523 0.000000 0.000000 0.000000 0.000000 0.065980 0.007496 1.726620
0.926523 0.000000 0.000000 0.000000 0.000000 0.065980 0.007496 1.726620
0.926523 0.000000 0.000000 0.000000 0.000000 0.065980 0.007496 1.726620
0.926523 0.000000 0.000000 0.000000 0.000000 0.065980 0.007496 1.726620
0.926523 0.000000 0.000000 0.000000 0.000000 0.065980 0.007496 1.726620
0.926523 0.000000 0.000000 0.000000 0.000000 0.065980 0.007496 1.726620
0.926523 0.000000 0.000000 0.000000 0.000000 0.065980 0.007496 1.726620
0.926523 0.000000 0.000000 0.000000 0.000000 0.065980 0.007496 1.726620
0.926523 0.000000 0.000000 0.000000 0.000000 0.065980 0.007496 1.726620
0.926523 0.000000 0.000000 0.000000 0.000000 0.065980 0.007496 1.726620
0.926523 0.000000 0.000000 0.000000 0.000000 0.065980 0.007496 1.726620
0.926523 0.000000 0.000000 0.000000 0.000000 0.065980 0.007496 1.726620
0.926523 0.000000 0.000000 0.000000 0.000000 0.065980 0.007496 1.726620
0.926523 0.000000 0.000000 0.000000 0.000000 0.065980 0.007496 1.726620
0.926523 0.000000 0.000000 0.000000 0.000000 0.065980 0.007496 1.726620
0.926523 0.000000 0.000000 0.000000 0.000000 0.065980 0.007496 1.726620
0.926523 0.000000 0.000000 0.000000 0.000000 0.065980 0.007496 1.726620
0.926523 0.000000 0.000000 0.000000 0.000000 0.065980 0.007496 1.726620
0.926523 0.000000 0.000000 0.000000 0.000000 0.065980 0.007496 1.726620
0.926523 0.000000 0.000000 0.000000 0.000000 0.065980 0.007496 1.726620
0.926523 0.000000 0.000000 0.000000 0.000000 0.065980 0.007496 1.726620
0.926523 0.000000 0.000000 0.000000 0.000000 0.065980 0.007496 1.726620
0.926523 0.000000 0.000000 0.000000 0.000000 0.065980 0.007496 1.726620
0.926523 0.000000 0.000000 0.000000 0.000000 0.065980 0.007496 1.726620
0.926523 0.000000 0.000000 0.000000 0.000000 0.065980 0.007496 1.726620
0.926523 0.000000 0.000000 0.000000 0.000000 0.065980 0.007496 1.726620
0.926523 0.000000 0.000000 0.000000 0.000000 0.065980 0.007496 1.726620
0.926523 0.000000 0.000000 0.000000 0.000000 0.065980 0.007496 1.726620
0.926523 0.000000 0.000000 0.000000 0.000000 0.065980 0.007496 1.726620
0.926523 0.000000 0.000000 0.000000 0.000000 0.065980 0.007496 1.726620
0.926523 0.000000 0.000000 0.000000 0.000000 0.065980 0.007496 1.726620
0.926523 0.000000 0.000000 0.000000 0.000000 0.065980 0.007496 1.726620
0.926523 0.000000 0.000000 0.000000 0.000000 0.065980 0.007496 1.726620
0.926523 0.000000 0.000000 0.000000 0.000000 0.065980 0.007496 1.726620
0.926523 0.000000 0.000000 0.000000 0.000000 0.065980 0.007496 1.726620
0.926523 0.000000 0.000000 0.000000 0.000000 0.065980 0.007496 1.726620
0.926523 0.000000 0.000000 0.000000 0.000000 0.065980 0.007496 1.726620
0.926523 0.000000 0.000000 0.000000 0.000000 0.065980 0.007496 1.726620
0.926523 0.000000 0.000000 0.000000 0.000000 0.065980 0.007496 1.726620
0.926523 0.000000 0.000000 0.000000 0.000000 0.065980 0.007496 1.726620
0.926523 0.000000 0.000000 0.000000 0.000000 0.065980 0.007496 1.726620
0.926523 0.000000 0.000000 0.000000 0.000000 0.065980 0.007496 1.726620
0.926523 0.000000 0.000000 0.000000 0.000000 0.065980 0.007496 1.726620
0.926523 0.000000 0.000000 0.000000 0.000000 0.065980 0.007496 1.726620
0.926523 0.000000 0.000000 0.000000 0.000000 0.065980 0.007496 1.726620
0.926523 0.000000 0.000000 0.000000 0.000000 0.065980 0.007496 1.726620
0.926523 0.000000 0.000000 0.000000 0.000000 0.065980 0.007496 1.726620
0.926523 0.000000 0.000000 0.000000 0.000000 0.065980 0.007496 1.726620
0.926523 0.000000 0.000000 0.000000 0.000000 0.065980 0.007496 1.726620
0.926523 0.000000 0.000000 0.000000 0.000000 0.065980 0.007496 1.726620
0.926523 0.000000 0.000000 0.000000 0.000000 0.065980 0.007496 1.726620
0.926523 0.000000 0.000000 0.000000 0.000000 0.065980 0.007496 1.726620
0.926523 0.000000 0.000000 0.000000 0.000000 0.065980 0.007496 1.726620
0.926523 0.000000 0.000000 0.000000 0.000000 0.065980 0.007496 1.726620
0.926523 0.000000 0.000000 0.000000 0.000000 0.065980 0.007496 1.726620
0.926523 0.000000 0.000000 0.000000 0.000000 0.065980 0.007496 1.726620
0.926523 0.000000 0.000000 0.000000 0.000000 0.065980 0.007496 1.726620
0.926523 0.000000 0.000000 0.000000 0.000000 0.065980 0.007496 1.726620
