0.347282 0.061997 0.055424 0.032053 0.002099 0.495161 0.005986 1.623101
0.349458 0.060109 0.055292 0.031925 0.002076 0.495122 0.006019 1.629045
0.352087 0.057867 0.055031 0.031618 0.002086 0.495274 0.006038 1.634721
0.355296 0.055300 0.054657 0.031380 0.002092 0.495204 0.006071 1.640258
0.358867 0.052743 0.054165 0.031056 0.002110 0.494962 0.006098 1.645543
0.362535 0.050187 0.053589 0.030656 0.002110 0.494799 0.006123 1.650582
0.366311 0.047774 0.052964 0.030164 0.002111 0.494531 0.006145 1.655450
0.370254 0.045392 0.052140 0.029646 0.002098 0.494293 0.006179 1.660036
0.374334 0.043130 0.051272 0.029150 0.002096 0.493818 0.006201 1.664419
0.378619 0.040952 0.050302 0.028544 0.002093 0.493260 0.006231 1.668586
0.382898 0.038960 0.049241 0.027949 0.002080 0.492614 0.006258 1.672470
0.387307 0.037025 0.048149 0.027257 0.002087 0.491890 0.006285 1.676185
0.391725 0.035221 0.046994 0.026661 0.002076 0.491009 0.006314 1.679755
0.396129 0.033530 0.045843 0.025937 0.002061 0.490159 0.006341 1.683086
0.400612 0.031899 0.044703 0.025275 0.002058 0.489088 0.006365 1.686294
0.405195 0.030367 0.043468 0.024505 0.002048 0.488033 0.006384 1.689326
0.409720 0.028943 0.042316 0.023795 0.002041 0.486777 0.006408 1.692229
0.414459 0.027469 0.041206 0.023101 0.002022 0.485310 0.006433 1.695041
0.419156 0.026155 0.040009 0.022357 0.002000 0.483864 0.006460 1.697690
0.423968 0.024935 0.038845 0.021703 0.001977 0.482086 0.006487 1.700202
0.428608 0.023842 0.037620 0.021032 0.001964 0.480419 0.006516 1.702582
0.433419 0.022790 0.036456 0.020350 0.001941 0.478504 0.006540 1.704860
0.438245 0.021795 0.035301 0.019650 0.001917 0.476529 0.006564 1.707052
0.443064 0.020879 0.034150 0.018981 0.001891 0.474449 0.006586 1.709096
0.447912 0.020023 0.033004 0.018283 0.001877 0.472288 0.006614 1.711085
0.452664 0.019142 0.031882 0.017683 0.001844 0.470147 0.006640 1.713007
0.457514 0.018364 0.030804 0.017037 0.001822 0.467795 0.006665 1.714845
0.462286 0.017657 0.029820 0.016474 0.001802 0.465275 0.006687 1.716583
0.467102 0.016888 0.028912 0.015918 0.001771 0.462701 0.006708 1.718309
0.471904 0.016292 0.027799 0.015363 0.001743 0.460170 0.006730 1.719866
0.476645 0.015645 0.026869 0.014836 0.001707 0.457539 0.006760 1.721413
0.481379 0.015009 0.025985 0.014334 0.001683 0.454833 0.006778 1.722948
0.486281 0.014430 0.025097 0.013808 0.001650 0.451939 0.006795 1.724373
0.491080 0.013850 0.024263 0.013333 0.001624 0.449035 0.006816 1.725803
0.495845 0.013354 0.023438 0.012859 0.001598 0.446070 0.006834 1.727134
0.500623 0.012881 0.022598 0.012383 0.001566 0.443093 0.006855 1.728409
0.505433 0.012453 0.021871 0.011927 0.001540 0.439900 0.006876 1.729648
0.510147 0.012032 0.021110 0.011503 0.001520 0.436796 0.006891 1.730854
0.514719 0.011616 0.020441 0.011120 0.001494 0.433704 0.006907 1.732042
0.519290 0.011245 0.019829 0.010724 0.001462 0.430524 0.006927 1.733176
0.523910 0.010897 0.019190 0.010359 0.001445 0.427253 0.006946 1.734253
0.528530 0.010471 0.018547 0.010030 0.001412 0.424049 0.006962 1.735348
0.533099 0.010134 0.017898 0.009662 0.001378 0.420850 0.006980 1.736370
0.537689 0.009821 0.017306 0.009306 0.001368 0.417515 0.006994 1.737360
0.542342 0.009547 0.016751 0.008942 0.001332 0.414073 0.007014 1.738278
0.546853 0.009236 0.016211 0.008663 0.001314 0.410695 0.007029 1.739244
0.551360 0.008996 0.015635 0.008363 0.001288 0.407316 0.007042 1.740113
0.555781 0.008764 0.015098 0.008043 0.001261 0.403997 0.007057 1.740983
0.560246 0.008550 0.014582 0.007761 0.001238 0.400553 0.007070 1.741792
0.564687 0.008339 0.014062 0.007496 0.001209 0.397119 0.007089 1.742606
0.569051 0.008131 0.013603 0.007261 0.001175 0.393667 0.007110 1.743404
0.573379 0.007912 0.013156 0.007003 0.001146 0.390279 0.007125 1.744197
0.577719 0.007750 0.012672 0.006781 0.001118 0.386816 0.007144 1.744941
0.581897 0.007567 0.012261 0.006576 0.001097 0.383440 0.007161 1.745709
0.586078 0.007437 0.011874 0.006353 0.001084 0.379999 0.007175 1.746417
0.590234 0.007262 0.011480 0.006159 0.001057 0.376613 0.007194 1.747130
0.594348 0.007125 0.011137 0.005947 0.001015 0.373218 0.007210 1.747834
0.598527 0.006971 0.010833 0.005755 0.000985 0.369703 0.007227 1.748530
0.602561 0.006825 0.010502 0.005565 0.000965 0.366343 0.007240 1.749202
0.606451 0.006646 0.010183 0.005373 0.000940 0.363153 0.007253 1.749891
0.610483 0.006525 0.009897 0.005247 0.000906 0.359673 0.007268 1.750534
0.614539 0.006372 0.009613 0.005101 0.000884 0.356211 0.007279 1.751187
0.618490 0.006263 0.009342 0.004949 0.000860 0.352804 0.007292 1.751784
0.622450 0.006120 0.009089 0.004816 0.000842 0.349378 0.007306 1.752394
0.626293 0.005988 0.008854 0.004667 0.000820 0.346060 0.007318 1.752986
0.630173 0.005888 0.008587 0.004505 0.000799 0.342715 0.007333 1.753525
0.633959 0.005799 0.008347 0.004383 0.000782 0.339383 0.007347 1.754099
0.637785 0.005663 0.008133 0.004263 0.000763 0.336036 0.007357 1.754680
0.641476 0.005537 0.007888 0.004141 0.000743 0.332847 0.007368 1.755231
0.645060 0.005424 0.007727 0.004029 0.000720 0.329660 0.007379 1.755771
0.648745 0.005355 0.007506 0.003937 0.000698 0.326365 0.007393 1.756278
0.652457 0.005273 0.007294 0.003833 0.000684 0.323058 0.007401 1.756786
0.656038 0.005178 0.007118 0.003733 0.000669 0.319853 0.007413 1.757282
0.659546 0.005081 0.006982 0.003638 0.000655 0.316678 0.007421 1.757805
0.663010 0.004993 0.006792 0.003547 0.000638 0.313592 0.007429 1.758297
0.666521 0.004917 0.006640 0.003461 0.000624 0.310398 0.007440 1.758812
0.669855 0.004821 0.006507 0.003391 0.000606 0.307372 0.007448 1.759308
0.673291 0.004738 0.006357 0.003314 0.000593 0.304250 0.007458 1.759773
0.676683 0.004649 0.006233 0.003244 0.000577 0.301147 0.007466 1.760250
0.680119 0.004598 0.006086 0.003167 0.000568 0.297991 0.007472 1.760684
0.683459 0.004524 0.005971 0.003100 0.000542 0.294922 0.007482 1.761149
0.686740 0.004469 0.005861 0.003002 0.000527 0.291911 0.007491 1.761579
0.690024 0.004423 0.005727 0.002932 0.000513 0.288885 0.007497 1.762017
0.693212 0.004399 0.005615 0.002861 0.000502 0.285905 0.007507 1.762438
0.696374 0.004357 0.005516 0.002794 0.000488 0.282957 0.007514 1.762859
0.699540 0.004293 0.005391 0.002731 0.000473 0.280050 0.007522 1.763276
0.702639 0.004267 0.005324 0.002677 0.000459 0.277103 0.007530 1.763698
0.705692 0.004269 0.005235 0.002627 0.000453 0.274192 0.007532 1.764104
0.708749 0.004219 0.005161 0.002580 0.000443 0.271313 0.007535 1.764526
0.711736 0.004143 0.005057 0.002546 0.000437 0.268543 0.007539 1.764959
0.714749 0.004132 0.004967 0.002502 0.000423 0.265680 0.007546 1.765335
0.717716 0.004041 0.004906 0.002475 0.000418 0.262894 0.007550 1.765769
0.720650 0.003995 0.004854 0.002437 0.000410 0.260098 0.007555 1.766181
0.723509 0.003984 0.004772 0.002392 0.000395 0.257386 0.007562 1.766561
0.726350 0.003945 0.004708 0.002345 0.000390 0.254696 0.007567 1.766953
0.729179 0.003911 0.004631 0.002309 0.000381 0.252015 0.007574 1.767324
0.731883 0.003871 0.004574 0.002293 0.000369 0.249429 0.007580 1.767708
0.734593 0.003868 0.004476 0.002265 0.000357 0.246857 0.007585 1.768077
0.737407 0.003809 0.004405 0.002244 0.000349 0.244196 0.007591 1.768463
0.740169 0.003760 0.004361 0.002215 0.000343 0.241557 0.007596 1.768850
0.742812 0.003741 0.004300 0.002160 0.000335 0.239051 0.007602 1.769198
0.745364 0.003753 0.004213 0.002140 0.000332 0.236593 0.007605 1.769563
0.747930 0.003724 0.004157 0.002117 0.000321 0.234139 0.007612 1.769949
0.750484 0.003687 0.004105 0.002098 0.000310 0.231696 0.007620 1.770326
0.753032 0.003677 0.004019 0.002076 0.000305 0.229268 0.007623 1.770689
0.755499 0.003670 0.003981 0.002050 0.000303 0.226872 0.007626 1.771052
0.757991 0.003631 0.003921 0.002034 0.000300 0.224495 0.007629 1.771403
0.760440 0.003622 0.003901 0.002011 0.000295 0.222099 0.007632 1.771766
0.762889 0.003597 0.003857 0.001977 0.000295 0.219752 0.007633 1.772120
0.765270 0.003560 0.003820 0.001966 0.000291 0.217457 0.007636 1.772496
0.767654 0.003565 0.003751 0.001940 0.000284 0.215168 0.007639 1.772828
0.770006 0.003553 0.003731 0.001908 0.000274 0.212884 0.007645 1.773180
0.772375 0.003515 0.003710 0.001882 0.000270 0.210600 0.007648 1.773543
0.774685 0.003545 0.003661 0.001855 0.000266 0.208335 0.007652 1.773862
0.776866 0.003505 0.003644 0.001845 0.000260 0.206225 0.007656 1.774217
0.779053 0.003487 0.003599 0.001839 0.000255 0.204108 0.007660 1.774576
0.781265 0.003499 0.003546 0.001824 0.000249 0.201954 0.007664 1.774921
0.783469 0.003485 0.003517 0.001835 0.000246 0.199781 0.007667 1.775277
0.785591 0.003520 0.003493 0.001814 0.000242 0.197670 0.007670 1.775612
0.787704 0.003534 0.003457 0.001794 0.000235 0.195602 0.007675 1.775935
0.789827 0.003541 0.003432 0.001768 0.000229 0.193527 0.007678 1.776262
0.791838 0.003515 0.003421 0.001762 0.000227 0.191559 0.007680 1.776613
0.793881 0.003492 0.003400 0.001762 0.000222 0.189560 0.007683 1.776959
0.795865 0.003478 0.003391 0.001761 0.000216 0.187601 0.007689 1.777306
0.797785 0.003488 0.003382 0.001755 0.000213 0.185685 0.007692 1.777661
0.799756 0.003496 0.003351 0.001754 0.000206 0.183740 0.007696 1.777987
0.801737 0.003489 0.003336 0.001771 0.000200 0.181767 0.007699 1.778325
0.803680 0.003515 0.003301 0.001755 0.000199 0.179849 0.007701 1.778652
0.805507 0.003517 0.003268 0.001750 0.000196 0.178057 0.007704 1.778996
0.807350 0.003496 0.003269 0.001743 0.000190 0.176244 0.007708 1.779356
0.809214 0.003506 0.003244 0.001736 0.000187 0.174400 0.007712 1.779684
0.811042 0.003525 0.003217 0.001727 0.000184 0.172590 0.007714 1.779999
0.812865 0.003540 0.003221 0.001727 0.000182 0.170748 0.007716 1.780335
0.814607 0.003551 0.003230 0.001731 0.000179 0.168985 0.007718 1.780669
0.816370 0.003562 0.003218 0.001715 0.000180 0.167234 0.007720 1.781008
0.818131 0.003573 0.003221 0.001719 0.000180 0.165455 0.007721 1.781370
0.819810 0.003590 0.003207 0.001696 0.000182 0.163793 0.007722 1.781702
0.821493 0.003582 0.003209 0.001698 0.000183 0.162111 0.007723 1.782057
0.823196 0.003573 0.003223 0.001713 0.000179 0.160391 0.007726 1.782410
0.824871 0.003573 0.003237 0.001705 0.000178 0.158708 0.007729 1.782768
0.826439 0.003633 0.003204 0.001713 0.000177 0.157100 0.007733 1.783085
0.828038 0.003629 0.003197 0.001727 0.000174 0.155500 0.007735 1.783459
0.829596 0.003646 0.003215 0.001730 0.000171 0.153905 0.007737 1.783822
0.831185 0.003652 0.003206 0.001721 0.000168 0.152328 0.007741 1.784178
0.832716 0.003681 0.003230 0.001713 0.000166 0.150752 0.007742 1.784528
0.834222 0.003694 0.003237 0.001709 0.000167 0.149225 0.007745 1.784885
0.835713 0.003703 0.003259 0.001703 0.000166 0.147709 0.007746 1.785254
0.837204 0.003686 0.003270 0.001698 0.000162 0.146230 0.007749 1.785629
0.838694 0.003692 0.003261 0.001682 0.000160 0.144761 0.007751 1.785989
0.840144 0.003669 0.003276 0.001707 0.000159 0.143293 0.007752 1.786368
0.841556 0.003703 0.003256 0.001705 0.000157 0.141870 0.007754 1.786716
0.842962 0.003743 0.003252 0.001692 0.000156 0.140439 0.007757 1.787059
0.844364 0.003739 0.003265 0.001697 0.000158 0.139018 0.007759 1.787424
0.845738 0.003778 0.003243 0.001710 0.000153 0.137616 0.007762 1.787765
0.847047 0.003831 0.003256 0.001708 0.000151 0.136243 0.007764 1.788110
0.848308 0.003870 0.003251 0.001725 0.000149 0.134932 0.007766 1.788480
0.849619 0.003881 0.003272 0.001730 0.000153 0.133577 0.007767 1.788862
0.850842 0.003913 0.003277 0.001718 0.000151 0.132332 0.007768 1.789217
0.852121 0.003881 0.003320 0.001731 0.000147 0.131030 0.007771 1.789619
0.853420 0.003872 0.003337 0.001734 0.000148 0.129715 0.007773 1.790005
0.854670 0.003871 0.003341 0.001735 0.000148 0.128458 0.007775 1.790388
0.855859 0.003885 0.003350 0.001738 0.000149 0.127242 0.007777 1.790768
0.857062 0.003901 0.003364 0.001732 0.000147 0.126016 0.007778 1.791134
0.858194 0.003927 0.003364 0.001752 0.000145 0.124840 0.007779 1.791517
0.859361 0.003949 0.003384 0.001758 0.000143 0.123623 0.007781 1.791917
0.860424 0.004001 0.003393 0.001781 0.000144 0.122474 0.007783 1.792312
0.861572 0.004005 0.003405 0.001791 0.000140 0.121301 0.007786 1.792710
0.862650 0.004045 0.003435 0.001797 0.000140 0.120147 0.007786 1.793108
0.863750 0.004057 0.003452 0.001797 0.000140 0.119015 0.007788 1.793508
0.864801 0.004073 0.003466 0.001795 0.000136 0.117937 0.007792 1.793908
0.865824 0.004096 0.003474 0.001816 0.000139 0.116860 0.007793 1.794314
0.866850 0.004111 0.003504 0.001818 0.000138 0.115784 0.007795 1.794712
0.867801 0.004135 0.003530 0.001810 0.000136 0.114792 0.007796 1.795128
0.868814 0.004144 0.003535 0.001811 0.000132 0.113764 0.007799 1.795551
0.869816 0.004174 0.003527 0.001848 0.000130 0.112706 0.007800 1.795942
0.870779 0.004202 0.003542 0.001853 0.000128 0.111693 0.007802 1.796352
0.871708 0.004248 0.003556 0.001850 0.000128 0.110706 0.007803 1.796746
0.872608 0.004267 0.003581 0.001866 0.000128 0.109744 0.007806 1.797184
0.873553 0.004297 0.003586 0.001879 0.000128 0.108749 0.007807 1.797606
0.874457 0.004304 0.003607 0.001888 0.000129 0.107806 0.007809 1.798038
0.875349 0.004345 0.003637 0.001905 0.000131 0.106824 0.007810 1.798480
0.876217 0.004357 0.003650 0.001912 0.000133 0.105920 0.007810 1.798926
0.877087 0.004427 0.003662 0.001904 0.000135 0.104973 0.007812 1.799325
0.877910 0.004477 0.003710 0.001917 0.000134 0.104038 0.007813 1.799767
0.878757 0.004507 0.003744 0.001924 0.000129 0.103124 0.007816 1.800212
0.879541 0.004568 0.003762 0.001919 0.000126 0.102266 0.007817 1.800637
0.880286 0.004622 0.003761 0.001944 0.000124 0.101442 0.007820 1.801068
0.881103 0.004647 0.003789 0.001951 0.000123 0.100566 0.007822 1.801500
0.881869 0.004710 0.003799 0.001975 0.000122 0.099703 0.007823 1.801939
0.882637 0.004731 0.003823 0.001995 0.000127 0.098863 0.007824 1.802403
0.883377 0.004765 0.003878 0.002016 0.000127 0.098011 0.007826 1.802868
0.884076 0.004794 0.003937 0.002029 0.000127 0.097211 0.007826 1.803341
0.884710 0.004857 0.003968 0.002055 0.000128 0.096452 0.007828 1.803807
0.885405 0.004855 0.004001 0.002076 0.000130 0.095703 0.007830 1.804303
0.886079 0.004874 0.004037 0.002101 0.000130 0.094947 0.007831 1.804793
0.886693 0.004950 0.004037 0.002108 0.000132 0.094246 0.007834 1.805268
0.887384 0.004974 0.004084 0.002121 0.000134 0.093468 0.007836 1.805745
0.888015 0.005012 0.004120 0.002139 0.000132 0.092743 0.007838 1.806238
0.888647 0.005024 0.004157 0.002157 0.000134 0.092040 0.007840 1.806741
0.889283 0.005023 0.004200 0.002181 0.000138 0.091333 0.007841 1.807258
0.889863 0.005103 0.004216 0.002178 0.000134 0.090663 0.007842 1.807738
0.890442 0.005137 0.004252 0.002191 0.000136 0.089996 0.007845 1.808242
0.891027 0.005190 0.004271 0.002173 0.000137 0.089354 0.007848 1.808735
0.891548 0.005258 0.004313 0.002179 0.000141 0.088710 0.007850 1.809234
0.892116 0.005286 0.004335 0.002190 0.000142 0.088080 0.007851 1.809745
0.892640 0.005346 0.004349 0.002207 0.000143 0.087463 0.007851 1.810250
0.893131 0.005418 0.004367 0.002239 0.000143 0.086848 0.007853 1.810769
0.893666 0.005440 0.004424 0.002251 0.000145 0.086220 0.007854 1.811305
0.894143 0.005522 0.004444 0.002258 0.000151 0.085626 0.007855 1.811834
0.894564 0.005619 0.004453 0.002265 0.000152 0.085090 0.007858 1.812339
0.894990 0.005661 0.004519 0.002284 0.000150 0.084535 0.007861 1.812907
0.895458 0.005675 0.004584 0.002311 0.000151 0.083958 0.007863 1.813491
0.895846 0.005714 0.004610 0.002347 0.000149 0.083469 0.007863 1.814064
0.896287 0.005785 0.004654 0.002358 0.000146 0.082905 0.007866 1.814609
0.896706 0.005825 0.004707 0.002376 0.000146 0.082371 0.007869 1.815168
0.897126 0.005849 0.004746 0.002434 0.000145 0.081826 0.007873 1.815763
0.897461 0.005905 0.004792 0.002461 0.000148 0.081359 0.007874 1.816340
0.897845 0.005979 0.004801 0.002469 0.000147 0.080882 0.007877 1.816906
0.898200 0.006034 0.004824 0.002468 0.000146 0.080450 0.007878 1.817481
0.898519 0.006074 0.004864 0.002511 0.000147 0.080005 0.007880 1.818093
0.898888 0.006121 0.004926 0.002539 0.000147 0.079498 0.007882 1.818689
0.899245 0.006177 0.004958 0.002563 0.000150 0.079023 0.007884 1.819279
0.899642 0.006207 0.005008 0.002565 0.000151 0.078540 0.007887 1.819899
0.899938 0.006244 0.005076 0.002581 0.000155 0.078118 0.007888 1.820533
0.900225 0.006280 0.005128 0.002593 0.000159 0.077726 0.007890 1.821155
0.900552 0.006321 0.005125 0.002623 0.000163 0.077324 0.007892 1.821745
0.900792 0.006382 0.005146 0.002648 0.000161 0.076977 0.007895 1.822374
0.901122 0.006416 0.005185 0.002676 0.000162 0.076543 0.007897 1.823002
0.901425 0.006450 0.005230 0.002726 0.000163 0.076108 0.007898 1.823649
0.901663 0.006482 0.005292 0.002762 0.000162 0.075739 0.007902 1.824301
0.901881 0.006495 0.005349 0.002792 0.000158 0.075418 0.007906 1.824974
0.902096 0.006561 0.005375 0.002801 0.000160 0.075099 0.007908 1.825608
0.902297 0.006659 0.005395 0.002844 0.000162 0.074733 0.007910 1.826254
0.902504 0.006697 0.005455 0.002861 0.000162 0.074409 0.007912 1.826925
0.902727 0.006762 0.005486 0.002894 0.000162 0.074056 0.007914 1.827593
0.902930 0.006805 0.005559 0.002909 0.000166 0.073715 0.007917 1.828260
0.903120 0.006869 0.005635 0.002914 0.000165 0.073380 0.007918 1.828916
0.903225 0.006935 0.005665 0.002949 0.000168 0.073138 0.007921 1.829593
0.903422 0.007000 0.005697 0.002988 0.000168 0.072803 0.007923 1.830262
0.903573 0.007044 0.005717 0.003016 0.000171 0.072553 0.007925 1.830942
0.903701 0.007106 0.005767 0.003046 0.000173 0.072280 0.007927 1.831636
0.903796 0.007145 0.005840 0.003099 0.000172 0.072018 0.007929 1.832364
0.903902 0.007201 0.005862 0.003136 0.000171 0.071798 0.007931 1.833067
0.904023 0.007244 0.005911 0.003154 0.000174 0.071562 0.007933 1.833774
0.904103 0.007339 0.005947 0.003156 0.000175 0.071348 0.007933 1.834482
0.904183 0.007396 0.006015 0.003196 0.000173 0.071102 0.007936 1.835220
0.904266 0.007424 0.006103 0.003244 0.000177 0.070850 0.007938 1.835978
0.904361 0.007497 0.006144 0.003254 0.000172 0.070631 0.007942 1.836707
0.904447 0.007532 0.006189 0.003271 0.000173 0.070445 0.007943 1.837453
0.904531 0.007538 0.006248 0.003300 0.000176 0.070263 0.007944 1.838239
0.904583 0.007638 0.006279 0.003293 0.000181 0.070081 0.007945 1.838950
0.904625 0.007689 0.006330 0.003321 0.000182 0.069906 0.007947 1.839718
0.904662 0.007775 0.006392 0.003338 0.000187 0.069696 0.007949 1.840464
0.904681 0.007872 0.006426 0.003357 0.000188 0.069524 0.007952 1.841200
0.904704 0.007933 0.006479 0.003387 0.000187 0.069354 0.007955 1.841985
0.904704 0.007992 0.006519 0.003441 0.000190 0.069198 0.007956 1.842775
0.904671 0.008044 0.006592 0.003456 0.000196 0.069082 0.007959 1.843562
0.904695 0.008088 0.006613 0.003474 0.000195 0.068971 0.007964 1.844360
0.904663 0.008138 0.006708 0.003485 0.000196 0.068843 0.007967 1.845183
0.904654 0.008237 0.006738 0.003528 0.000200 0.068675 0.007968 1.845964
0.904676 0.008339 0.006761 0.003547 0.000199 0.068507 0.007972 1.846734
0.904661 0.008409 0.006829 0.003577 0.000202 0.068349 0.007975 1.847546
0.904579 0.008512 0.006867 0.003598 0.000204 0.068261 0.007978 1.848361
0.904497 0.008591 0.006899 0.003607 0.000209 0.068217 0.007980 1.849184
0.904416 0.008669 0.006950 0.003649 0.000211 0.068122 0.007982 1.850031
0.904334 0.008762 0.007011 0.003668 0.000213 0.068028 0.007984 1.850875
0.904265 0.008791 0.007099 0.003699 0.000212 0.067948 0.007986 1.851742
0.904209 0.008838 0.007151 0.003737 0.000213 0.067863 0.007989 1.852620
0.904068 0.008929 0.007221 0.003745 0.000207 0.067839 0.007991 1.853480
0.903984 0.008986 0.007260 0.003789 0.000207 0.067781 0.007994 1.854349
0.903899 0.009023 0.007323 0.003804 0.000212 0.067744 0.007996 1.855216
0.903722 0.009155 0.007337 0.003842 0.000212 0.067734 0.007998 1.856074
0.903621 0.009217 0.007408 0.003874 0.000217 0.067665 0.007999 1.856980
0.903450 0.009303 0.007473 0.003903 0.000218 0.067652 0.008002 1.857893
0.903347 0.009322 0.007536 0.003978 0.000218 0.067596 0.008004 1.858814
0.903238 0.009348 0.007587 0.003999 0.000220 0.067602 0.008007 1.859723
0.903076 0.009393 0.007654 0.004020 0.000221 0.067625 0.008012 1.860649
0.902972 0.009410 0.007711 0.004066 0.000226 0.067602 0.008014 1.861586
0.902872 0.009446 0.007752 0.004118 0.000224 0.067571 0.008017 1.862516
0.902711 0.009484 0.007816 0.004152 0.000226 0.067593 0.008019 1.863439
0.902528 0.009546 0.007902 0.004187 0.000228 0.067588 0.008022 1.864391
0.902368 0.009639 0.007924 0.004206 0.000232 0.067608 0.008024 1.865290
0.902212 0.009657 0.008013 0.004228 0.000235 0.067628 0.008028 1.866269
0.902034 0.009704 0.008093 0.004236 0.000235 0.067667 0.008031 1.867222
0.901877 0.009700 0.008171 0.004235 0.000237 0.067744 0.008036 1.868193
0.901688 0.009738 0.008223 0.004257 0.000244 0.067812 0.008038 1.869149
0.901516 0.009783 0.008275 0.004294 0.000243 0.067847 0.008042 1.870111
0.901336 0.009844 0.008364 0.004337 0.000240 0.067835 0.008045 1.871084
0.901131 0.009913 0.008413 0.004334 0.000242 0.067918 0.008049 1.872053
0.900887 0.010031 0.008388 0.004352 0.000246 0.068045 0.008052 1.873010
0.900719 0.010076 0.008423 0.004386 0.000246 0.068097 0.008053 1.873997
0.900512 0.010131 0.008472 0.004413 0.000248 0.068165 0.008059 1.874993
0.900344 0.010126 0.008532 0.004455 0.000254 0.068227 0.008063 1.876017
0.900143 0.010184 0.008592 0.004472 0.000252 0.068292 0.008066 1.877003
0.899927 0.010248 0.008624 0.004492 0.000254 0.068385 0.008069 1.877998
0.899722 0.010263 0.008648 0.004516 0.000260 0.068520 0.008072 1.879019
0.899510 0.010321 0.008678 0.004531 0.000268 0.068619 0.008073 1.880016
0.899298 0.010341 0.008706 0.004546 0.000276 0.068758 0.008075 1.881044
0.899088 0.010386 0.008733 0.004569 0.000278 0.068870 0.008076 1.882065
0.898864 0.010386 0.008794 0.004580 0.000280 0.069015 0.008081 1.883102
0.898638 0.010419 0.008827 0.004592 0.000281 0.069160 0.008084 1.884125
0.898414 0.010464 0.008860 0.004614 0.000284 0.069277 0.008088 1.885161
0.898177 0.010513 0.008904 0.004638 0.000279 0.069398 0.008092 1.886213
0.897919 0.010581 0.008923 0.004663 0.000282 0.069538 0.008095 1.887233
0.897692 0.010605 0.008957 0.004708 0.000280 0.069659 0.008099 1.888289
0.897507 0.010656 0.009037 0.004709 0.000283 0.069707 0.008101 1.889299
0.897276 0.010679 0.009052 0.004723 0.000288 0.069877 0.008105 1.890331
0.897050 0.010723 0.009073 0.004779 0.000293 0.069974 0.008109 1.891388
0.896807 0.010752 0.009135 0.004772 0.000287 0.070134 0.008114 1.892454
0.896588 0.010796 0.009167 0.004780 0.000288 0.070263 0.008120 1.893503
0.896352 0.010807 0.009210 0.004810 0.000294 0.070404 0.008123 1.894553
0.896159 0.010806 0.009262 0.004853 0.000294 0.070499 0.008128 1.895650
0.895910 0.010840 0.009259 0.004848 0.000295 0.070715 0.008133 1.896703
0.895689 0.010853 0.009320 0.004857 0.000292 0.070852 0.008137 1.897770
0.895441 0.010887 0.009369 0.004885 0.000294 0.070983 0.008141 1.898838
0.895195 0.010918 0.009395 0.004918 0.000290 0.071137 0.008146 1.899919
0.895018 0.010926 0.009432 0.004921 0.000293 0.071260 0.008151 1.900984
0.894816 0.010918 0.009481 0.004953 0.000296 0.071382 0.008156 1.902081
0.894601 0.010896 0.009477 0.005015 0.000297 0.071554 0.008162 1.903147
0.894399 0.010908 0.009533 0.005055 0.000304 0.071638 0.008165 1.904240
0.894225 0.010919 0.009554 0.005047 0.000308 0.071775 0.008172 1.905317
0.894007 0.010962 0.009589 0.005091 0.000301 0.071874 0.008178 1.906390
0.893772 0.011019 0.009624 0.005055 0.000313 0.072039 0.008179 1.907435
0.893591 0.011055 0.009654 0.005076 0.000313 0.072126 0.008185 1.908514
0.893328 0.011103 0.009620 0.005099 0.000314 0.072346 0.008189 1.909604
0.893081 0.011137 0.009620 0.005119 0.000315 0.072539 0.008191 1.910693
0.892854 0.011170 0.009697 0.005118 0.000310 0.072655 0.008197 1.911789
0.892657 0.011196 0.009661 0.005174 0.000315 0.072796 0.008201 1.912849
0.892438 0.011239 0.009679 0.005160 0.000319 0.072960 0.008204 1.913933
0.892243 0.011263 0.009729 0.005170 0.000316 0.073069 0.008210 1.915010
0.892009 0.011293 0.009762 0.005178 0.000315 0.073231 0.008213 1.916104
0.891779 0.011323 0.009779 0.005180 0.000319 0.073404 0.008216 1.917203
0.891554 0.011347 0.009796 0.005194 0.000322 0.073569 0.008218 1.918292
0.891277 0.011405 0.009794 0.005201 0.000325 0.073776 0.008221 1.919399
0.891085 0.011402 0.009845 0.005209 0.000325 0.073910 0.008226 1.920515
0.890811 0.011424 0.009908 0.005233 0.000322 0.074072 0.008230 1.921666
0.890514 0.011495 0.009942 0.005254 0.000322 0.074239 0.008234 1.922794
0.890288 0.011468 0.009979 0.005285 0.000327 0.074416 0.008238 1.923930
0.890080 0.011513 0.009985 0.005299 0.000324 0.074557 0.008242 1.925038
0.889843 0.011524 0.010068 0.005271 0.000325 0.074718 0.008249 1.926158
0.889581 0.011617 0.010063 0.005277 0.000326 0.074882 0.008255 1.927252
0.889343 0.011654 0.010097 0.005259 0.000328 0.075061 0.008258 1.928364
0.889134 0.011624 0.010097 0.005298 0.000328 0.075256 0.008262 1.929513
0.888933 0.011617 0.010138 0.005321 0.000331 0.075393 0.008266 1.930665
0.888719 0.011652 0.010166 0.005326 0.000330 0.075538 0.008269 1.931794
0.888501 0.011661 0.010163 0.005318 0.000330 0.075757 0.008272 1.932914
0.888241 0.011701 0.010176 0.005348 0.000328 0.075933 0.008274 1.934030
0.887994 0.011719 0.010198 0.005365 0.000332 0.076116 0.008277 1.935172
0.887807 0.011711 0.010210 0.005378 0.000338 0.076276 0.008280 1.936312
0.887623 0.011693 0.010247 0.005380 0.000336 0.076439 0.008283 1.937442
0.887400 0.011725 0.010231 0.005388 0.000330 0.076637 0.008291 1.938573
0.887139 0.011765 0.010284 0.005384 0.000329 0.076806 0.008294 1.939731
0.886918 0.011787 0.010286 0.005378 0.000325 0.077006 0.008299 1.940892
0.886775 0.011734 0.010330 0.005407 0.000325 0.077129 0.008302 1.942068
0.886609 0.011743 0.010355 0.005420 0.000328 0.077237 0.008308 1.943214
0.886396 0.011779 0.010389 0.005403 0.000324 0.077395 0.008314 1.944337
0.886191 0.011753 0.010446 0.005424 0.000327 0.077543 0.008318 1.945529
0.885991 0.011731 0.010469 0.005427 0.000332 0.077730 0.008320 1.946713
0.885830 0.011744 0.010431 0.005430 0.000333 0.077907 0.008324 1.947844
0.885630 0.011811 0.010450 0.005415 0.000329 0.078036 0.008330 1.948969
0.885429 0.011806 0.010455 0.005431 0.000330 0.078215 0.008334 1.950126
0.885269 0.011744 0.010504 0.005444 0.000333 0.078365 0.008341 1.951330
0.885053 0.011747 0.010580 0.005451 0.000331 0.078492 0.008346 1.952542
0.884923 0.011708 0.010569 0.005462 0.000337 0.078650 0.008352 1.953702
0.884737 0.011729 0.010506 0.005464 0.000341 0.078867 0.008356 1.954825
0.884582 0.011677 0.010544 0.005517 0.000345 0.078977 0.008358 1.956024
0.884377 0.011727 0.010562 0.005489 0.000345 0.079136 0.008364 1.957141
0.884151 0.011783 0.010592 0.005465 0.000347 0.079297 0.008367 1.958282
0.883965 0.011829 0.010586 0.005464 0.000350 0.079435 0.008372 1.959400
0.883751 0.011857 0.010614 0.005464 0.000350 0.079590 0.008374 1.960564
0.883563 0.011870 0.010629 0.005488 0.000349 0.079724 0.008378 1.961729
0.883413 0.011898 0.010669 0.005502 0.000348 0.079789 0.008381 1.962897
0.883209 0.011894 0.010688 0.005511 0.000350 0.079964 0.008384 1.964066
0.883011 0.012004 0.010597 0.005476 0.000344 0.080179 0.008389 1.965147
0.882858 0.012000 0.010595 0.005489 0.000349 0.080313 0.008395 1.966317
0.882677 0.012063 0.010597 0.005505 0.000348 0.080409 0.008400 1.967458
0.882475 0.012087 0.010615 0.005511 0.000347 0.080562 0.008404 1.968629
0.882280 0.012110 0.010656 0.005532 0.000341 0.080673 0.008407 1.969787
0.882097 0.012045 0.010738 0.005552 0.000340 0.080816 0.008413 1.971040
0.881894 0.012051 0.010704 0.005594 0.000341 0.080998 0.008419 1.972207
0.881719 0.012042 0.010738 0.005628 0.000338 0.081113 0.008422 1.973410
0.881552 0.012067 0.010708 0.005644 0.000339 0.081264 0.008427 1.974564
0.881364 0.012081 0.010750 0.005655 0.000335 0.081385 0.008430 1.975750
0.881202 0.012050 0.010766 0.005669 0.000338 0.081543 0.008433 1.976949
0.881031 0.012058 0.010754 0.005675 0.000342 0.081701 0.008438 1.978129
0.880902 0.012004 0.010793 0.005664 0.000341 0.081854 0.008443 1.979337
0.880730 0.012022 0.010794 0.005620 0.000346 0.082040 0.008448 1.980509
0.880559 0.012051 0.010784 0.005623 0.000353 0.082182 0.008449 1.981655
0.880404 0.012049 0.010797 0.005638 0.000349 0.082308 0.008455 1.982833
0.880270 0.011980 0.010811 0.005671 0.000347 0.082464 0.008458 1.984044
0.880123 0.011929 0.010777 0.005684 0.000344 0.082678 0.008465 1.985228
0.879967 0.012001 0.010748 0.005662 0.000345 0.082809 0.008468 1.986368
0.879846 0.012032 0.010732 0.005647 0.000349 0.082923 0.008472 1.987510
0.879718 0.012007 0.010719 0.005626 0.000357 0.083099 0.008475 1.988668
0.879542 0.012026 0.010718 0.005611 0.000356 0.083265 0.008480 1.989809
0.879431 0.012006 0.010692 0.005630 0.000354 0.083401 0.008486 1.990967
0.879314 0.011966 0.010733 0.005625 0.000356 0.083516 0.008490 1.992160
0.879229 0.011942 0.010704 0.005633 0.000356 0.083642 0.008495 1.993319
0.879161 0.011834 0.010772 0.005607 0.000358 0.083767 0.008500 1.994516
0.879045 0.011851 0.010746 0.005570 0.000359 0.083923 0.008507 1.995640
0.878974 0.011782 0.010765 0.005577 0.000355 0.084036 0.008512 1.996823
0.878863 0.011764 0.010766 0.005553 0.000358 0.084184 0.008514 1.997963
0.878761 0.011707 0.010802 0.005561 0.000363 0.084291 0.008516 1.999146
0.878664 0.011702 0.010786 0.005550 0.000369 0.084411 0.008519 2.000308
0.878617 0.011645 0.010779 0.005562 0.000372 0.084503 0.008523 2.001456
0.878537 0.011598 0.010759 0.005526 0.000369 0.084684 0.008528 2.002590
0.878498 0.011571 0.010785 0.005525 0.000370 0.084719 0.008533 2.003733
0.878363 0.011569 0.010815 0.005513 0.000370 0.084833 0.008538 2.004890
0.878226 0.011599 0.010788 0.005502 0.000373 0.084969 0.008543 2.006026
0.878168 0.011576 0.010759 0.005499 0.000380 0.085072 0.008546 2.007136
0.878098 0.011553 0.010696 0.005489 0.000371 0.085244 0.008549 2.008262
0.878003 0.011577 0.010625 0.005484 0.000371 0.085386 0.008554 2.009373
0.877949 0.011530 0.010662 0.005444 0.000376 0.085482 0.008558 2.010505
0.877959 0.011400 0.010674 0.005459 0.000376 0.085570 0.008561 2.011677
0.877919 0.011364 0.010652 0.005448 0.000376 0.085677 0.008564 2.012793
0.877928 0.011332 0.010664 0.005432 0.000372 0.085704 0.008569 2.013914
0.877895 0.011302 0.010640 0.005446 0.000375 0.085768 0.008575 2.015028
0.877873 0.011308 0.010608 0.005432 0.000374 0.085825 0.008581 2.016119
0.877801 0.011308 0.010572 0.005420 0.000375 0.085937 0.008587 2.017205
0.877776 0.011308 0.010574 0.005377 0.000381 0.085994 0.008590 2.018300
0.877722 0.011265 0.010529 0.005379 0.000379 0.086131 0.008594 2.019423
0.877670 0.011274 0.010520 0.005358 0.000377 0.086202 0.008600 2.020530
0.877566 0.011321 0.010478 0.005330 0.000376 0.086324 0.008605 2.021606
0.877532 0.011321 0.010444 0.005356 0.000371 0.086369 0.008607 2.022698
0.877504 0.011325 0.010394 0.005318 0.000371 0.086476 0.008613 2.023781
0.877442 0.011372 0.010354 0.005287 0.000369 0.086557 0.008619 2.024852
0.877486 0.011326 0.010330 0.005277 0.000367 0.086591 0.008625 2.025938
0.877497 0.011225 0.010335 0.005325 0.000373 0.086617 0.008629 2.027096
0.877483 0.011190 0.010391 0.005336 0.000369 0.086601 0.008631 2.028209
0.877479 0.011180 0.010364 0.005338 0.000373 0.086632 0.008635 2.029298
0.877552 0.011098 0.010401 0.005315 0.000371 0.086624 0.008639 2.030412
0.877555 0.011064 0.010358 0.005303 0.000363 0.086711 0.008648 2.031503
0.877591 0.010991 0.010350 0.005289 0.000366 0.086761 0.008653 2.032604
0.877618 0.010989 0.010323 0.005266 0.000364 0.086782 0.008659 2.033662
0.877584 0.010971 0.010349 0.005261 0.000368 0.086803 0.008664 2.034763
0.877598 0.010927 0.010342 0.005294 0.000365 0.086807 0.008668 2.035842
0.877648 0.010885 0.010337 0.005296 0.000360 0.086803 0.008672 2.036936
0.877740 0.010868 0.010289 0.005271 0.000356 0.086798 0.008679 2.037973
0.877834 0.010842 0.010249 0.005234 0.000353 0.086804 0.008686 2.039000
0.877884 0.010768 0.010198 0.005237 0.000355 0.086867 0.008690 2.040080
0.877869 0.010759 0.010180 0.005212 0.000356 0.086928 0.008695 2.041146
0.877894 0.010700 0.010193 0.005189 0.000352 0.086974 0.008699 2.042219
0.877986 0.010633 0.010171 0.005186 0.000350 0.086972 0.008703 2.043276
0.878013 0.010650 0.010066 0.005196 0.000342 0.087027 0.008707 2.044306
0.878083 0.010615 0.010027 0.005163 0.000343 0.087059 0.008711 2.045347
0.878132 0.010604 0.010007 0.005174 0.000341 0.087028 0.008715 2.046392
0.878219 0.010639 0.009921 0.005128 0.000344 0.087030 0.008719 2.047385
0.878296 0.010603 0.009880 0.005090 0.000344 0.087066 0.008721 2.048410
0.878379 0.010586 0.009829 0.005065 0.000340 0.087077 0.008725 2.049426
0.878420 0.010550 0.009836 0.005046 0.000336 0.087082 0.008730 2.050481
0.878490 0.010503 0.009843 0.005046 0.000337 0.087047 0.008733 2.051542
0.878630 0.010520 0.009749 0.005016 0.000339 0.087008 0.008739 2.052507
0.878706 0.010469 0.009719 0.005027 0.000342 0.086995 0.008743 2.053555
0.878806 0.010463 0.009689 0.004997 0.000338 0.086960 0.008747 2.054549
0.878865 0.010407 0.009707 0.005010 0.000340 0.086920 0.008752 2.055582
0.878953 0.010383 0.009640 0.005016 0.000344 0.086911 0.008753 2.056601
0.879063 0.010359 0.009594 0.005014 0.000344 0.086870 0.008756 2.057598
0.879230 0.010258 0.009574 0.005041 0.000344 0.086792 0.008763 2.058632
0.879322 0.010187 0.009560 0.005077 0.000346 0.086743 0.008766 2.059699
0.879394 0.010170 0.009520 0.005049 0.000344 0.086751 0.008771 2.060696
0.879494 0.010153 0.009504 0.005014 0.000347 0.086715 0.008774 2.061717
0.879574 0.010158 0.009467 0.004982 0.000342 0.086697 0.008780 2.062705
0.879694 0.010089 0.009438 0.005004 0.000341 0.086651 0.008784 2.063708
0.879759 0.010096 0.009411 0.004997 0.000346 0.086605 0.008786 2.064700
0.879856 0.010059 0.009396 0.004989 0.000351 0.086560 0.008790 2.065711
0.879917 0.010054 0.009360 0.004984 0.000350 0.086539 0.008795 2.066698
0.880016 0.010022 0.009359 0.004939 0.000345 0.086518 0.008801 2.067689
0.880158 0.009916 0.009349 0.004931 0.000349 0.086492 0.008805 2.068688
0.880218 0.009921 0.009336 0.004911 0.000346 0.086459 0.008809 2.069676
0.880319 0.009916 0.009326 0.004890 0.000338 0.086396 0.008814 2.070645
0.880422 0.009878 0.009269 0.004875 0.000335 0.086401 0.008820 2.071621
0.880491 0.009890 0.009213 0.004863 0.000338 0.086380 0.008825 2.072584
0.880593 0.009874 0.009214 0.004842 0.000341 0.086307 0.008827 2.073579
0.880681 0.009892 0.009218 0.004801 0.000344 0.086234 0.008830 2.074522
0.880765 0.009858 0.009228 0.004814 0.000341 0.086163 0.008832 2.075506
0.880944 0.009847 0.009191 0.004816 0.000344 0.086024 0.008834 2.076453
0.881012 0.009864 0.009165 0.004808 0.000342 0.085970 0.008839 2.077419
0.881068 0.009909 0.009139 0.004790 0.000342 0.085910 0.008843 2.078371
0.881116 0.009900 0.009151 0.004779 0.000343 0.085863 0.008847 2.079360
0.881230 0.009880 0.009156 0.004757 0.000340 0.085788 0.008850 2.080339
0.881363 0.009839 0.009142 0.004764 0.000341 0.085697 0.008854 2.081322
0.881461 0.009857 0.009092 0.004779 0.000338 0.085615 0.008858 2.082273
0.881584 0.009844 0.009092 0.004764 0.000338 0.085516 0.008863 2.083230
0.881655 0.009829 0.009070 0.004781 0.000339 0.085461 0.008865 2.084211
0.881757 0.009796 0.009026 0.004761 0.000338 0.085453 0.008869 2.085167
0.881874 0.009785 0.009000 0.004746 0.000343 0.085378 0.008872 2.086118
0.882003 0.009773 0.008996 0.004732 0.000337 0.085282 0.008877 2.087064
0.882058 0.009747 0.008979 0.004757 0.000336 0.085245 0.008878 2.088039
0.882152 0.009760 0.008919 0.004740 0.000336 0.085210 0.008882 2.088957
0.882251 0.009765 0.008899 0.004746 0.000341 0.085112 0.008885 2.089907
0.882405 0.009762 0.008847 0.004717 0.000345 0.085036 0.008887 2.090837
0.882477 0.009765 0.008844 0.004699 0.000345 0.084978 0.008891 2.091806
0.882587 0.009730 0.008873 0.004677 0.000343 0.084895 0.008896 2.092785
0.882733 0.009663 0.008897 0.004648 0.000342 0.084818 0.008900 2.093761
0.882816 0.009706 0.008904 0.004629 0.000341 0.084699 0.008905 2.094671
0.882932 0.009735 0.008878 0.004616 0.000337 0.084594 0.008909 2.095602
0.882986 0.009733 0.008882 0.004629 0.000334 0.084525 0.008911 2.096591
0.883090 0.009737 0.008859 0.004622 0.000329 0.084449 0.008915 2.097520
0.883219 0.009673 0.008844 0.004640 0.000327 0.084381 0.008917 2.098487
0.883370 0.009644 0.008819 0.004617 0.000328 0.084301 0.008922 2.099417
0.883458 0.009631 0.008811 0.004628 0.000321 0.084228 0.008924 2.100355
0.883586 0.009659 0.008756 0.004622 0.000324 0.084129 0.008925 2.101277
0.883662 0.009669 0.008756 0.004615 0.000318 0.084049 0.008931 2.102221
0.883781 0.009674 0.008728 0.004608 0.000321 0.083951 0.008935 2.103148
0.883872 0.009633 0.008735 0.004601 0.000320 0.083900 0.008940 2.104123
0.883996 0.009565 0.008762 0.004614 0.000318 0.083801 0.008945 2.105122
0.884107 0.009573 0.008784 0.004609 0.000317 0.083660 0.008950 2.106047
0.884222 0.009565 0.008756 0.004601 0.000322 0.083581 0.008953 2.106989
0.884310 0.009578 0.008762 0.004590 0.000325 0.083481 0.008955 2.107932
0.884378 0.009601 0.008739 0.004575 0.000330 0.083420 0.008958 2.108864
0.884452 0.009554 0.008754 0.004623 0.000322 0.083329 0.008966 2.109848
0.884555 0.009572 0.008751 0.004616 0.000323 0.083215 0.008968 2.110773
0.884631 0.009570 0.008789 0.004617 0.000325 0.083096 0.008972 2.111719
0.884691 0.009584 0.008796 0.004583 0.000326 0.083044 0.008975 2.112656
0.884787 0.009572 0.008765 0.004619 0.000320 0.082956 0.008982 2.113605
0.884822 0.009573 0.008774 0.004620 0.000318 0.082904 0.008988 2.114568
0.884906 0.009555 0.008823 0.004608 0.000314 0.082801 0.008994 2.115539
0.884980 0.009560 0.008861 0.004589 0.000311 0.082699 0.009000 2.116486
0.885112 0.009558 0.008863 0.004555 0.000315 0.082594 0.009003 2.117417
0.885149 0.009556 0.008838 0.004575 0.000317 0.082559 0.009007 2.118368
0.885162 0.009629 0.008788 0.004558 0.000316 0.082538 0.009009 2.119269
0.885295 0.009538 0.008836 0.004562 0.000317 0.082439 0.009013 2.120280
0.885356 0.009622 0.008790 0.004535 0.000321 0.082360 0.009016 2.121170
0.885430 0.009661 0.008748 0.004526 0.000324 0.082288 0.009022 2.122087
0.885455 0.009699 0.008749 0.004515 0.000326 0.082228 0.009028 2.123035
0.885500 0.009698 0.008753 0.004530 0.000324 0.082163 0.009032 2.123990
0.885538 0.009731 0.008754 0.004527 0.000327 0.082090 0.009034 2.124938
0.885605 0.009727 0.008766 0.004522 0.000330 0.082013 0.009038 2.125912
0.885721 0.009682 0.008743 0.004527 0.000329 0.081956 0.009042 2.126870
0.885747 0.009707 0.008720 0.004536 0.000333 0.081912 0.009046 2.127817
0.885765 0.009749 0.008708 0.004556 0.000331 0.081843 0.009049 2.128748
0.885822 0.009737 0.008735 0.004540 0.000326 0.081787 0.009053 2.129711
0.885886 0.009704 0.008757 0.004558 0.000324 0.081713 0.009060 2.130690
0.885867 0.009788 0.008770 0.004546 0.000322 0.081644 0.009063 2.131622
0.885921 0.009759 0.008753 0.004545 0.000322 0.081630 0.009069 2.132581
0.886003 0.009751 0.008746 0.004536 0.000321 0.081570 0.009074 2.133511
0.886105 0.009762 0.008709 0.004569 0.000316 0.081461 0.009079 2.134456
0.886217 0.009757 0.008703 0.004544 0.000314 0.081385 0.009081 2.135391
0.886274 0.009796 0.008705 0.004528 0.000312 0.081301 0.009085 2.136327
0.886286 0.009790 0.008696 0.004530 0.000306 0.081305 0.009087 2.137292
0.886273 0.009842 0.008672 0.004528 0.000305 0.081289 0.009091 2.138213
0.886256 0.009902 0.008718 0.004507 0.000307 0.081218 0.009094 2.139146
0.886243 0.009944 0.008706 0.004532 0.000309 0.081171 0.009097 2.140096
0.886279 0.009944 0.008709 0.004522 0.000307 0.081137 0.009101 2.141059
0.886284 0.009964 0.008688 0.004565 0.000305 0.081089 0.009106 2.142035
0.886336 0.009946 0.008701 0.004586 0.000303 0.081020 0.009110 2.142997
0.886391 0.009927 0.008713 0.004599 0.000307 0.080951 0.009113 2.143951
0.886416 0.009965 0.008714 0.004606 0.000303 0.080881 0.009117 2.144894
0.886449 0.009900 0.008719 0.004654 0.000304 0.080854 0.009120 2.145923
0.886461 0.009923 0.008749 0.004648 0.000306 0.080791 0.009124 2.146879
0.886511 0.009923 0.008788 0.004641 0.000305 0.080706 0.009126 2.147841
0.886568 0.009901 0.008806 0.004630 0.000303 0.080662 0.009129 2.148797
0.886569 0.009933 0.008813 0.004629 0.000301 0.080622 0.009133 2.149758
0.886610 0.009908 0.008844 0.004618 0.000301 0.080581 0.009138 2.150735
0.886612 0.009898 0.008818 0.004653 0.000294 0.080584 0.009142 2.151723
