0.990863 0.008934 0.000122 0.000076 0.000000 0.000005 0.000000
0.981766 0.017780 0.000277 0.000165 0.000000 0.000012 0.000000
0.978576 0.020885 0.000329 0.000196 0.000000 0.000014 0.000000
0.974447 0.024869 0.000417 0.000253 0.000000 0.000014 0.000000
0.971119 0.028127 0.000453 0.000287 0.000000 0.000014 0.000000
0.966584 0.032559 0.000531 0.000306 0.000000 0.000021 0.000000
0.962356 0.036664 0.000626 0.000334 0.000000 0.000022 0.000000
0.957662 0.041226 0.000701 0.000389 0.000000 0.000023 0.000000
0.951953 0.046751 0.000828 0.000447 0.000000 0.000022 0.000000
0.944637 0.053864 0.000980 0.000492 0.000000 0.000026 0.000000
0.938098 0.060123 0.001155 0.000598 0.000000 0.000026 0.000000
0.929213 0.068754 0.001315 0.000686 0.000000 0.000032 0.000000
0.921284 0.076447 0.001459 0.000766 0.000000 0.000043 0.000000
0.913994 0.083456 0.001633 0.000876 0.000000 0.000042 0.000000
0.903616 0.093452 0.001867 0.001018 0.000000 0.000047 0.000000
0.893431 0.103311 0.002073 0.001134 0.000000 0.000052 0.000000
0.884259 0.112180 0.002224 0.001272 0.000000 0.000066 0.000000
0.870454 0.125527 0.002487 0.001455 0.000000 0.000077 0.000000
0.857399 0.138081 0.002804 0.001637 0.000000 0.000079 0.000000
0.846068 0.149024 0.003070 0.001754 0.000000 0.000084 0.000000
0.831887 0.162671 0.003408 0.001939 0.000000 0.000094 0.000000
0.820334 0.173701 0.003750 0.002110 0.000000 0.000104 0.000000
0.804793 0.188621 0.004121 0.002351 0.000000 0.000114 0.000000
0.793217 0.199740 0.004415 0.002510 0.000001 0.000118 0.000000
0.776064 0.216172 0.004882 0.002751 0.000002 0.000129 0.000000
0.761550 0.230035 0.005274 0.002989 0.000002 0.000150 0.000000
0.744326 0.246551 0.005710 0.003225 0.000003 0.000185 0.000000
0.729387 0.260849 0.006148 0.003403 0.000006 0.000207 0.000000
0.718270 0.271421 0.006518 0.003565 0.000005 0.000220 0.000000
0.700799 0.287942 0.007097 0.003918 0.000004 0.000240 0.000000
0.686705 0.301239 0.007566 0.004231 0.000005 0.000254 0.000000
0.669259 0.317643 0.008174 0.004630 0.000005 0.000288 0.000000
0.660531 0.325692 0.008564 0.004893 0.000005 0.000315 0.000000
0.642272 0.342823 0.009234 0.005308 0.000007 0.000356 0.000000
0.625404 0.358557 0.009943 0.005685 0.000007 0.000404 0.000000
0.614939 0.368224 0.010455 0.005944 0.000007 0.000431 0.000000
0.600539 0.381567 0.011071 0.006353 0.000008 0.000463 0.000000
0.586008 0.394994 0.011766 0.006721 0.000009 0.000501 0.000000
0.574040 0.405945 0.012435 0.007039 0.000010 0.000530 0.000000
0.562573 0.416529 0.012989 0.007320 0.000010 0.000579 0.000000
0.551601 0.426573 0.013570 0.007625 0.000012 0.000619 0.000000
0.538152 0.438849 0.014297 0.008005 0.000013 0.000684 0.000000
0.524344 0.451551 0.014957 0.008399 0.000015 0.000735 0.000000
0.516266 0.458596 0.015616 0.008739 0.000014 0.000768 0.000000
0.503990 0.469682 0.016335 0.009168 0.000014 0.000811 0.000000
0.492639 0.479807 0.017094 0.009571 0.000014 0.000874 0.000000
0.478784 0.492089 0.018057 0.010114 0.000015 0.000941 0.000000
0.464870 0.504469 0.019021 0.010621 0.000016 0.001003 0.000000
0.454614 0.513342 0.019831 0.011115 0.000019 0.001079 0.000000
0.444934 0.521869 0.020546 0.011498 0.000020 0.001133 0.000000
0.433305 0.531901 0.021523 0.012058 0.000022 0.001192 0.000000
0.426117 0.537757 0.022394 0.012461 0.000021 0.001249 0.000000
0.416141 0.546187 0.023293 0.013022 0.000023 0.001335 0.000000
0.409205 0.551760 0.024097 0.013494 0.000024 0.001421 0.000000
0.398530 0.560827 0.025109 0.014014 0.000024 0.001497 0.000000
0.393272 0.564992 0.025783 0.014352 0.000028 0.001572 0.000000
0.381165 0.575081 0.027038 0.015009 0.000027 0.001680 0.000000
0.378558 0.576489 0.027730 0.015446 0.000028 0.001750 0.000000
0.374341 0.579502 0.028478 0.015829 0.000027 0.001822 0.000000
0.363641 0.588330 0.029550 0.016514 0.000029 0.001937 0.000000
0.354172 0.595865 0.030757 0.017145 0.000031 0.002029 0.000000
0.349525 0.598792 0.031760 0.017764 0.000033 0.002126 0.000000
0.344548 0.602197 0.032684 0.018295 0.000034 0.002241 0.000000
0.335338 0.609215 0.034014 0.019003 0.000035 0.002395 0.000000
0.336226 0.607721 0.034399 0.019170 0.000035 0.002448 0.000000
0.334357 0.608304 0.035169 0.019585 0.000035 0.002550 0.000000
0.325457 0.614655 0.036655 0.020472 0.000037 0.002725 0.000000
0.323907 0.615041 0.037376 0.020815 0.000036 0.002826 0.000000
0.322010 0.615452 0.038264 0.021281 0.000036 0.002958 0.000000
0.313225 0.622200 0.039469 0.021992 0.000040 0.003075 0.000000
0.310920 0.622974 0.040368 0.022490 0.000040 0.003209 0.000000
0.306918 0.625196 0.041348 0.023141 0.000040 0.003357 0.000000
0.304710 0.626009 0.042169 0.023554 0.000037 0.003520 0.000000
0.306636 0.622527 0.042960 0.024150 0.000041 0.003687 0.000000
0.294780 0.631343 0.044836 0.025097 0.000044 0.003901 0.000000
0.293989 0.631736 0.045077 0.025191 0.000044 0.003962 0.000000
0.290033 0.633511 0.046389 0.025829 0.000045 0.004193 0.000000
0.291689 0.631002 0.046871 0.026091 0.000044 0.004304 0.000000
0.284803 0.635263 0.048348 0.027012 0.000047 0.004526 0.000000
0.284116 0.635370 0.048678 0.027186 0.000050 0.004599 0.000000
0.277033 0.639254 0.050532 0.028247 0.000054 0.004880 0.000000
0.272198 0.642077 0.051725 0.028889 0.000056 0.005055 0.000000
0.274832 0.638549 0.052182 0.029162 0.000058 0.005216 0.000000
0.265477 0.645376 0.053666 0.030001 0.000060 0.005420 0.000000
0.266766 0.642659 0.054471 0.030465 0.000060 0.005579 0.000000
0.258890 0.648406 0.055762 0.031109 0.000062 0.005771 0.000000
0.257302 0.648792 0.056436 0.031497 0.000067 0.005907 0.000000
0.252386 0.651375 0.057771 0.032223 0.000070 0.006174 0.000000
0.249520 0.652612 0.058642 0.032794 0.000072 0.006361 0.000000
0.241970 0.656324 0.060840 0.034038 0.000074 0.006754 0.000000
0.233889 0.661619 0.062396 0.035004 0.000082 0.007010 0.000000
0.233937 0.660829 0.062762 0.035214 0.000083 0.007174 0.000000
0.223743 0.667303 0.065006 0.036330 0.000085 0.007533 0.000000
0.219330 0.670022 0.065906 0.036949 0.000088 0.007705 0.000000
0.212646 0.673393 0.067856 0.037925 0.000092 0.008088 0.000000
0.212432 0.672352 0.068425 0.038403 0.000097 0.008292 0.000000
0.198695 0.681459 0.071044 0.039899 0.000096 0.008807 0.000000
0.189330 0.687670 0.072891 0.040860 0.000100 0.009148 0.000000
0.189480 0.686782 0.073330 0.040969 0.000104 0.009335 0.000000
0.181196 0.691320 0.075379 0.042203 0.000111 0.009790 0.000000
0.172107 0.697868 0.076860 0.043045 0.000114 0.010006 0.000000
0.164772 0.701598 0.078906 0.044152 0.000118 0.010454 0.000000
0.157752 0.704793 0.080987 0.045406 0.000120 0.010942 0.000000
0.152113 0.707099 0.082843 0.046466 0.000127 0.011352 0.000000
0.140857 0.713685 0.085477 0.047916 0.000141 0.011925 0.000000
0.138492 0.713621 0.086816 0.048642 0.000142 0.012287 0.000000
0.127306 0.718488 0.090349 0.050617 0.000156 0.013084 0.000000
0.125014 0.718449 0.091662 0.051338 0.000159 0.013378 0.000000
0.120263 0.720297 0.093244 0.052258 0.000166 0.013773 0.000000
0.118378 0.718832 0.095048 0.053282 0.000176 0.014284 0.000000
0.109604 0.721633 0.098374 0.055123 0.000193 0.015074 0.000000
0.109802 0.719983 0.099126 0.055504 0.000196 0.015388 0.000000
0.104647 0.723727 0.099883 0.055982 0.000201 0.015560 0.000000
0.105287 0.722032 0.100420 0.056299 0.000209 0.015755 0.000000
0.096946 0.721740 0.105203 0.058894 0.000222 0.016995 0.000000
0.096443 0.720432 0.106278 0.059349 0.000229 0.017270 0.000000
0.095335 0.717362 0.108415 0.060645 0.000233 0.018009 0.000000
0.090321 0.718533 0.110569 0.061782 0.000241 0.018553 0.000000
0.092182 0.715696 0.110979 0.062118 0.000248 0.018777 0.000000
0.090167 0.712920 0.113522 0.063555 0.000263 0.019574 0.000000
0.087827 0.711903 0.115292 0.064586 0.000273 0.020120 0.000000
0.091687 0.706001 0.116397 0.065040 0.000282 0.020594 0.000000
0.093292 0.701322 0.118019 0.065967 0.000286 0.021114 0.000000
0.086929 0.704736 0.119499 0.066895 0.000296 0.021643 0.000000
0.090372 0.699424 0.120410 0.067351 0.000305 0.022139 0.000000
0.089518 0.697480 0.121847 0.068196 0.000315 0.022643 0.000000
0.089830 0.694494 0.123193 0.068962 0.000320 0.023201 0.000000
0.090385 0.692239 0.124085 0.069375 0.000327 0.023588 0.000000
0.088113 0.691535 0.125481 0.070309 0.000338 0.024225 0.000000
0.082773 0.692236 0.127788 0.071675 0.000354 0.025174 0.000000
0.084024 0.690682 0.127858 0.071743 0.000350 0.025342 0.000000
0.092170 0.683589 0.126976 0.071285 0.000352 0.025628 0.000000
0.079794 0.688654 0.130897 0.073518 0.000363 0.026775 0.000000
0.075771 0.688058 0.133354 0.074806 0.000369 0.027641 0.000000
0.077997 0.685190 0.133551 0.074864 0.000377 0.028021 0.000000
0.074654 0.686323 0.134629 0.075581 0.000379 0.028434 0.000000
0.071622 0.686706 0.136014 0.076230 0.000390 0.029038 0.000000
0.066124 0.686863 0.138763 0.077841 0.000397 0.030011 0.000000
0.061453 0.686894 0.141185 0.079132 0.000420 0.030916 0.000000
0.063792 0.684882 0.140811 0.079022 0.000415 0.031078 0.000000
0.060141 0.684764 0.142715 0.080051 0.000429 0.031900 0.000000
0.059607 0.683387 0.143599 0.080525 0.000441 0.032442 0.000000
0.053361 0.684468 0.146283 0.082151 0.000448 0.033289 0.000000
0.051330 0.682994 0.147958 0.083086 0.000459 0.034174 0.000000
0.047341 0.682220 0.150326 0.084468 0.000473 0.035172 0.000000
0.047779 0.680870 0.150638 0.084717 0.000470 0.035526 0.000000
0.044452 0.679945 0.152762 0.085986 0.000476 0.036379 0.000000
0.041770 0.677757 0.155191 0.087372 0.000494 0.037416 0.000000
0.040962 0.677048 0.155774 0.087781 0.000500 0.037934 0.000001
0.039431 0.675048 0.157523 0.088692 0.000515 0.038791 0.000001
0.037247 0.673899 0.159114 0.089632 0.000522 0.039585 0.000001
0.037783 0.672407 0.159389 0.089977 0.000529 0.039913 0.000001
0.035424 0.669683 0.161831 0.091336 0.000551 0.041175 0.000001
0.033030 0.667406 0.164145 0.092641 0.000549 0.042228 0.000001
0.032925 0.665498 0.164979 0.093135 0.000549 0.042912 0.000001
0.031481 0.663962 0.166457 0.093981 0.000563 0.043554 0.000001
0.029751 0.660292 0.168889 0.095572 0.000576 0.044918 0.000001
0.029760 0.658839 0.169640 0.095663 0.000582 0.045514 0.000002
0.029202 0.658092 0.170270 0.096003 0.000578 0.045854 0.000002
0.027809 0.654275 0.172736 0.097482 0.000598 0.047097 0.000003
0.026967 0.652648 0.173855 0.098066 0.000618 0.047844 0.000002
0.027524 0.651960 0.173712 0.097988 0.000620 0.048195 0.000002
0.026327 0.649378 0.175522 0.099121 0.000634 0.049015 0.000003
0.026025 0.646968 0.176903 0.099722 0.000653 0.049725 0.000004
0.025501 0.645671 0.177621 0.100296 0.000654 0.050254 0.000003
0.024625 0.642013 0.179734 0.101427 0.000667 0.051529 0.000004
0.024991 0.640076 0.180184 0.101692 0.000672 0.052381 0.000004
0.023847 0.637698 0.181773 0.102626 0.000677 0.053376 0.000004
0.023573 0.635894 0.182740 0.103219 0.000674 0.053897 0.000005
0.023055 0.634131 0.183843 0.103641 0.000671 0.054655 0.000004
0.023072 0.632390 0.184472 0.104033 0.000691 0.055336 0.000006
0.022279 0.629366 0.186235 0.104926 0.000693 0.056495 0.000007
0.021652 0.626341 0.187818 0.105876 0.000723 0.057585 0.000006
0.021713 0.625355 0.188032 0.106116 0.000723 0.058054 0.000006
0.021154 0.622844 0.189520 0.106801 0.000715 0.058959 0.000006
0.021137 0.620388 0.190244 0.107331 0.000743 0.060149 0.000007
0.020275 0.617034 0.192292 0.108477 0.000745 0.061170 0.000006
0.020304 0.616021 0.192657 0.108615 0.000743 0.061653 0.000007
0.020174 0.614359 0.193299 0.109075 0.000753 0.062334 0.000006
0.019679 0.611480 0.194784 0.109918 0.000765 0.063368 0.000007
0.019019 0.607198 0.196888 0.111114 0.000771 0.065003 0.000007
0.018925 0.606591 0.197167 0.111244 0.000788 0.065279 0.000007
0.018886 0.605347 0.197593 0.111466 0.000793 0.065909 0.000006
0.018560 0.602059 0.199008 0.112251 0.000800 0.067313 0.000008
0.018269 0.599730 0.200108 0.112952 0.000815 0.068118 0.000008
0.018169 0.598952 0.200436 0.113223 0.000817 0.068395 0.000008
0.018138 0.597720 0.200964 0.113354 0.000823 0.068993 0.000007
0.017562 0.593687 0.202908 0.114522 0.000846 0.070467 0.000008
0.017415 0.592442 0.203463 0.114749 0.000859 0.071065 0.000008
0.017300 0.591683 0.203918 0.114868 0.000857 0.071365 0.000008
0.016773 0.586948 0.206203 0.116111 0.000874 0.073083 0.000008
0.016768 0.586107 0.206325 0.116355 0.000860 0.073579 0.000007
0.016482 0.583350 0.207506 0.116976 0.000892 0.074787 0.000008
0.016368 0.581167 0.208350 0.117460 0.000906 0.075742 0.000008
0.016384 0.581246 0.208275 0.117372 0.000908 0.075806 0.000009
0.016274 0.578693 0.209296 0.117946 0.000901 0.076880 0.000010
0.015809 0.575146 0.210955 0.118972 0.000921 0.078186 0.000010
0.015663 0.573289 0.211801 0.119288 0.000944 0.079006 0.000010
0.015695 0.573541 0.211538 0.119218 0.000939 0.079057 0.000010
0.015441 0.570196 0.213042 0.119974 0.000966 0.080371 0.000010
0.015027 0.566506 0.214629 0.120823 0.000988 0.082017 0.000010
0.014771 0.563332 0.215855 0.121737 0.001003 0.083291 0.000012
0.014697 0.562446 0.215967 0.121956 0.001020 0.083901 0.000012
0.014627 0.561545 0.216425 0.121926 0.001020 0.084445 0.000013
0.014350 0.559125 0.217495 0.122523 0.001034 0.085460 0.000014
0.014351 0.557009 0.218064 0.122952 0.001036 0.086575 0.000013
0.014313 0.555865 0.218535 0.123288 0.001047 0.086938 0.000014
0.014007 0.552879 0.219962 0.123858 0.001058 0.088223 0.000013
0.013898 0.549692 0.221147 0.124552 0.001062 0.089636 0.000013
0.013869 0.548599 0.221256 0.124992 0.001084 0.090187 0.000013
0.013674 0.547102 0.221918 0.125241 0.001071 0.090981 0.000013
0.013624 0.545674 0.222377 0.125520 0.001081 0.091710 0.000014
0.013622 0.545012 0.222597 0.125742 0.001085 0.091930 0.000012
0.013448 0.541903 0.223741 0.126408 0.001106 0.093379 0.000015
0.013280 0.539590 0.224582 0.126739 0.001119 0.094676 0.000014
0.013189 0.536239 0.225814 0.127503 0.001129 0.096110 0.000015
0.013088 0.534740 0.226496 0.127720 0.001149 0.096791 0.000014
0.012930 0.533050 0.226938 0.128235 0.001164 0.097666 0.000017
0.012906 0.530770 0.227816 0.128473 0.001159 0.098860 0.000015
0.012811 0.529107 0.228310 0.128894 0.001183 0.099678 0.000017
0.012569 0.526638 0.229188 0.129479 0.001190 0.100919 0.000018
0.012513 0.524676 0.229962 0.129753 0.001206 0.101874 0.000016
0.012438 0.523133 0.230329 0.130190 0.001206 0.102686 0.000017
0.012431 0.522494 0.230682 0.130113 0.001208 0.103056 0.000016
0.012286 0.519848 0.231349 0.130649 0.001231 0.104619 0.000017
0.012067 0.516138 0.232779 0.131448 0.001248 0.106301 0.000018
0.012184 0.516046 0.232744 0.131423 0.001255 0.106331 0.000018
0.011983 0.513187 0.233735 0.132016 0.001259 0.107802 0.000018
0.011884 0.511420 0.234177 0.132406 0.001298 0.108797 0.000019
0.011811 0.509654 0.234830 0.132591 0.001281 0.109811 0.000022
0.011867 0.508677 0.235046 0.132795 0.001283 0.110310 0.000021
0.011773 0.506814 0.235708 0.133174 0.001295 0.111217 0.000019
0.011620 0.503469 0.236959 0.133789 0.001306 0.112836 0.000021
0.011571 0.502384 0.237237 0.133778 0.001331 0.113678 0.000021
0.011449 0.501622 0.237370 0.133997 0.001317 0.114225 0.000021
0.011317 0.498153 0.238808 0.134648 0.001349 0.115703 0.000022
0.011331 0.497870 0.238727 0.134652 0.001366 0.116035 0.000020
0.011234 0.494385 0.239921 0.135314 0.001383 0.117741 0.000021
0.011084 0.491348 0.240984 0.135872 0.001396 0.119295 0.000020
0.011111 0.491384 0.241050 0.135773 0.001386 0.119276 0.000021
0.011038 0.489073 0.241507 0.136207 0.001392 0.120762 0.000021
0.011037 0.489835 0.241125 0.136119 0.001386 0.120476 0.000021
0.010910 0.485003 0.242685 0.137036 0.001425 0.122918 0.000022
0.010882 0.486381 0.242298 0.136648 0.001429 0.122339 0.000021
0.010835 0.483050 0.243084 0.137317 0.001451 0.124241 0.000021
0.010672 0.479277 0.244557 0.138008 0.001465 0.126000 0.000021
0.010654 0.478107 0.244602 0.138161 0.001477 0.126976 0.000022
0.010587 0.475079 0.245566 0.138682 0.001506 0.128559 0.000021
0.010450 0.473973 0.245947 0.138765 0.001520 0.129323 0.000023
0.010527 0.474825 0.245405 0.138604 0.001515 0.129102 0.000023
0.010393 0.472554 0.246152 0.138957 0.001523 0.130398 0.000023
0.010385 0.470303 0.246603 0.139353 0.001554 0.131780 0.000023
0.010323 0.469888 0.246761 0.139292 0.001550 0.132162 0.000024
0.010240 0.468061 0.247234 0.139565 0.001559 0.133319 0.000021
0.010125 0.464591 0.248460 0.140057 0.001579 0.135165 0.000022
0.010162 0.464073 0.248281 0.140177 0.001576 0.135709 0.000022
0.010118 0.461619 0.249084 0.140571 0.001575 0.137008 0.000023
0.010063 0.462052 0.248906 0.140391 0.001597 0.136968 0.000024
0.010005 0.458305 0.249881 0.140987 0.001611 0.139187 0.000025
0.010047 0.457625 0.249922 0.141090 0.001613 0.139677 0.000025
0.009876 0.454013 0.250951 0.141722 0.001638 0.141774 0.000025
0.009864 0.453384 0.251089 0.141877 0.001644 0.142117 0.000025
0.009857 0.451504 0.251677 0.142022 0.001652 0.143262 0.000026
0.009775 0.449275 0.252360 0.142235 0.001676 0.144651 0.000027
0.009812 0.448862 0.252305 0.142386 0.001693 0.144917 0.000026
0.009763 0.447588 0.252484 0.142706 0.001694 0.145741 0.000026
0.009711 0.445460 0.253191 0.142909 0.001720 0.146982 0.000026
0.009638 0.443351 0.253761 0.143258 0.001720 0.148246 0.000026
0.009597 0.441272 0.254096 0.143403 0.001730 0.149876 0.000027
0.009610 0.440864 0.254359 0.143474 0.001760 0.149905 0.000027
0.009618 0.440560 0.254329 0.143383 0.001751 0.150332 0.000027
0.009586 0.437108 0.255077 0.143881 0.001793 0.152528 0.000028
0.009507 0.435902 0.255417 0.144028 0.001792 0.153326 0.000028
0.009453 0.434369 0.255609 0.144350 0.001795 0.154394 0.000030
0.009411 0.432130 0.256293 0.144558 0.001817 0.155762 0.000029
0.009424 0.431224 0.256465 0.144644 0.001832 0.156383 0.000029
0.009401 0.429078 0.256684 0.144965 0.001831 0.158012 0.000029
0.009370 0.427849 0.257089 0.145070 0.001852 0.158740 0.000028
0.009337 0.426824 0.257509 0.145172 0.001838 0.159288 0.000031
0.009293 0.425004 0.257778 0.145349 0.001877 0.160668 0.000031
0.009297 0.423770 0.257948 0.145484 0.001883 0.161587 0.000030
0.009213 0.420971 0.258596 0.146000 0.001905 0.163282 0.000033
0.009156 0.420520 0.258580 0.145893 0.001900 0.163921 0.000030
0.009180 0.419545 0.258974 0.145881 0.001908 0.164484 0.000029
0.009143 0.416890 0.259443 0.146247 0.001947 0.166300 0.000030
0.009159 0.415413 0.259964 0.146245 0.001970 0.167218 0.000030
0.009076 0.412495 0.260448 0.146739 0.001998 0.169212 0.000032
0.009143 0.412611 0.260246 0.146765 0.001991 0.169214 0.000029
0.009156 0.409938 0.260757 0.146945 0.002017 0.171158 0.000030
0.009159 0.408240 0.261271 0.147267 0.002046 0.171986 0.000031
0.009047 0.406298 0.261430 0.147473 0.002077 0.173644 0.000031
0.009111 0.408336 0.261078 0.147129 0.002047 0.172270 0.000029
0.009029 0.405233 0.261795 0.147559 0.002055 0.174298 0.000030
0.009045 0.403201 0.261917 0.147860 0.002083 0.175864 0.000030
0.008998 0.402527 0.262180 0.147798 0.002084 0.176381 0.000031
0.008944 0.400924 0.262598 0.147893 0.002081 0.177531 0.000030
0.008958 0.398638 0.262811 0.148325 0.002122 0.179116 0.000030
0.008933 0.396998 0.263084 0.148397 0.002119 0.180440 0.000030
0.008956 0.396962 0.262947 0.148444 0.002123 0.180533 0.000036
0.008913 0.394310 0.263463 0.148663 0.002138 0.182475 0.000038
0.008929 0.393364 0.263656 0.148510 0.002155 0.183352 0.000034
0.008901 0.392468 0.263842 0.148600 0.002168 0.183987 0.000034
0.008870 0.390987 0.263968 0.148870 0.002203 0.185066 0.000035
0.008821 0.389292 0.264349 0.148965 0.002210 0.186326 0.000037
0.008865 0.387683 0.264515 0.149015 0.002194 0.187689 0.000040
0.008806 0.386109 0.264743 0.149216 0.002223 0.188866 0.000037
0.008811 0.384355 0.265053 0.149269 0.002218 0.190257 0.000037
0.008825 0.382506 0.265580 0.149428 0.002246 0.191382 0.000033
0.008815 0.381614 0.265397 0.149631 0.002266 0.192242 0.000035
0.008744 0.378356 0.265882 0.149978 0.002295 0.194706 0.000038
0.008753 0.378951 0.265887 0.149735 0.002277 0.194360 0.000037
0.008715 0.378177 0.265917 0.149872 0.002288 0.194996 0.000036
0.008746 0.377296 0.266032 0.149831 0.002300 0.195758 0.000036
0.008747 0.375512 0.266408 0.150126 0.002319 0.196849 0.000038
0.008769 0.373906 0.266472 0.150204 0.002330 0.198281 0.000039
0.008722 0.374178 0.266405 0.150163 0.002314 0.198181 0.000037
0.008751 0.371542 0.266945 0.150458 0.002318 0.199950 0.000036
0.008696 0.369406 0.267103 0.150670 0.002355 0.201732 0.000038
0.008687 0.368271 0.267248 0.150708 0.002369 0.202678 0.000040
0.008645 0.366945 0.267543 0.150707 0.002391 0.203731 0.000037
0.008668 0.365710 0.267502 0.150939 0.002403 0.204740 0.000037
0.008704 0.364750 0.267431 0.150975 0.002413 0.205691 0.000036
0.008615 0.363251 0.267739 0.151030 0.002416 0.206909 0.000040
0.008636 0.361712 0.267969 0.151116 0.002439 0.208090 0.000039
0.008711 0.360329 0.267942 0.151482 0.002446 0.209051 0.000039
0.008613 0.358960 0.268199 0.151445 0.002439 0.210298 0.000046
0.008643 0.357479 0.268485 0.151550 0.002472 0.211328 0.000043
0.008681 0.355956 0.268526 0.151595 0.002454 0.212743 0.000046
0.008659 0.353831 0.268898 0.151724 0.002465 0.214376 0.000046
0.008626 0.353566 0.268556 0.151692 0.002494 0.215019 0.000047
0.008633 0.352086 0.268950 0.151837 0.002506 0.215944 0.000044
0.008656 0.351285 0.268776 0.152001 0.002517 0.216720 0.000046
0.008598 0.350031 0.269099 0.151984 0.002515 0.217727 0.000045
0.008605 0.348694 0.269004 0.152015 0.002545 0.219090 0.000045
0.008562 0.346929 0.269224 0.152122 0.002534 0.220581 0.000047
0.008625 0.346551 0.268855 0.152146 0.002534 0.221239 0.000049
0.008662 0.345202 0.269157 0.152312 0.002531 0.222086 0.000050
0.008645 0.344312 0.269128 0.152401 0.002552 0.222914 0.000049
0.008634 0.342166 0.269575 0.152335 0.002548 0.224694 0.000047
0.008636 0.341127 0.269374 0.152542 0.002572 0.225697 0.000052
0.008658 0.340734 0.269494 0.152464 0.002600 0.225997 0.000052
0.008587 0.338319 0.269756 0.152589 0.002601 0.228097 0.000051
0.008631 0.337456 0.269738 0.152657 0.002609 0.228855 0.000052
0.008682 0.335951 0.269810 0.152538 0.002629 0.230338 0.000052
0.008703 0.335813 0.269749 0.152651 0.002622 0.230408 0.000055
0.008712 0.333460 0.270060 0.152766 0.002657 0.232288 0.000056
0.008728 0.332411 0.270023 0.152727 0.002662 0.233393 0.000055
0.008692 0.331158 0.270076 0.152860 0.002704 0.234454 0.000055
0.008642 0.330869 0.270092 0.152877 0.002685 0.234778 0.000057
0.008655 0.329376 0.270077 0.152947 0.002670 0.236219 0.000056
0.008669 0.328394 0.270032 0.153005 0.002677 0.237166 0.000058
0.008687 0.327131 0.270266 0.152803 0.002692 0.238364 0.000057
0.008721 0.325735 0.270229 0.153003 0.002713 0.239541 0.000059
0.008726 0.323891 0.270400 0.153006 0.002710 0.241205 0.000061
0.008738 0.323569 0.270280 0.152867 0.002749 0.241741 0.000057
0.008705 0.321439 0.270538 0.152989 0.002781 0.243492 0.000056
0.008700 0.320797 0.270374 0.153146 0.002787 0.244135 0.000061
0.008682 0.320014 0.270514 0.153045 0.002822 0.244865 0.000058
0.008685 0.317074 0.270728 0.153135 0.002851 0.247465 0.000061
0.008728 0.316934 0.270657 0.153051 0.002836 0.247732 0.000062
0.008781 0.317387 0.270671 0.152866 0.002854 0.247380 0.000061
0.008741 0.314828 0.270643 0.153071 0.002889 0.249764 0.000062
0.008677 0.314354 0.270773 0.153197 0.002905 0.250036 0.000059
0.008679 0.313351 0.270553 0.153138 0.002885 0.251335 0.000060
0.008724 0.311761 0.270975 0.153066 0.002873 0.252540 0.000061
0.008763 0.310684 0.270843 0.153177 0.002908 0.253563 0.000062
0.008778 0.309239 0.270958 0.152921 0.002935 0.255111 0.000058
0.008716 0.308816 0.270955 0.152890 0.002927 0.255633 0.000063
0.008741 0.306744 0.270821 0.153301 0.002947 0.257387 0.000060
0.008734 0.305714 0.270759 0.153133 0.002923 0.258674 0.000063
0.008681 0.305403 0.270718 0.153167 0.002940 0.259027 0.000064
0.008685 0.304487 0.270687 0.153062 0.002991 0.260022 0.000067
0.008681 0.304143 0.270951 0.153009 0.002956 0.260195 0.000065
0.008722 0.302899 0.270741 0.153076 0.002978 0.261518 0.000065
0.008719 0.301433 0.270870 0.153011 0.003003 0.262897 0.000069
0.008754 0.300719 0.270845 0.153082 0.003003 0.263529 0.000069
0.008772 0.299691 0.270777 0.153008 0.003039 0.264649 0.000065
0.008806 0.297830 0.270794 0.152928 0.003035 0.266534 0.000073
0.008769 0.296813 0.270532 0.153160 0.003058 0.267603 0.000066
0.008780 0.295008 0.270808 0.153044 0.003052 0.269239 0.000069
0.008719 0.295092 0.270552 0.152927 0.003075 0.269560 0.000075
0.008770 0.293340 0.270786 0.153088 0.003065 0.270877 0.000074
0.008708 0.292984 0.270491 0.152967 0.003067 0.271708 0.000075
0.008730 0.292385 0.270433 0.152887 0.003083 0.272410 0.000072
0.008730 0.290910 0.270457 0.152743 0.003112 0.273974 0.000075
0.008767 0.289076 0.270110 0.152982 0.003137 0.275856 0.000072
0.008730 0.289859 0.270238 0.152754 0.003106 0.275238 0.000076
0.008745 0.286961 0.270405 0.152749 0.003166 0.277900 0.000074
0.008809 0.287041 0.270059 0.152854 0.003151 0.278008 0.000077
0.008773 0.286353 0.270137 0.152840 0.003179 0.278644 0.000074
0.008814 0.284782 0.270012 0.152823 0.003185 0.280306 0.000079
0.008838 0.283835 0.270078 0.152783 0.003183 0.281211 0.000072
0.008850 0.282636 0.270022 0.152535 0.003202 0.282677 0.000077
0.008848 0.282193 0.269747 0.152544 0.003210 0.283384 0.000074
0.008887 0.281370 0.270122 0.152514 0.003220 0.283804 0.000082
0.008949 0.279552 0.270009 0.152506 0.003222 0.285680 0.000080
0.008921 0.278662 0.269746 0.152522 0.003246 0.286827 0.000075
0.008987 0.278135 0.269541 0.152451 0.003236 0.287574 0.000077
0.009032 0.276676 0.269632 0.152278 0.003247 0.289059 0.000076
0.009001 0.276192 0.269723 0.152277 0.003253 0.289473 0.000082
0.009027 0.275104 0.269500 0.152229 0.003273 0.290790 0.000077
0.009049 0.273889 0.269549 0.151993 0.003277 0.292162 0.000082
0.008993 0.273012 0.269344 0.151954 0.003299 0.293320 0.000077
0.008897 0.272300 0.269309 0.151974 0.003305 0.294134 0.000080
0.008979 0.270889 0.268915 0.151995 0.003308 0.295831 0.000084
0.009005 0.269740 0.269061 0.151910 0.003319 0.296877 0.000088
0.009076 0.269589 0.269015 0.151746 0.003328 0.297167 0.000079
0.009035 0.268977 0.268904 0.151824 0.003333 0.297845 0.000082
0.009063 0.268175 0.268661 0.151668 0.003354 0.298999 0.000080
0.009126 0.266816 0.268734 0.151779 0.003346 0.300116 0.000084
0.009114 0.266736 0.268581 0.151642 0.003315 0.300532 0.000081
0.009155 0.264705 0.268479 0.151590 0.003363 0.302619 0.000088
0.009164 0.264481 0.268530 0.151547 0.003375 0.302818 0.000085
0.009173 0.263131 0.268151 0.151464 0.003384 0.304605 0.000091
0.009150 0.262330 0.268270 0.151295 0.003387 0.305481 0.000087
0.009182 0.261414 0.267889 0.151358 0.003428 0.306643 0.000087
0.009260 0.260423 0.267785 0.151315 0.003423 0.307702 0.000091
0.009284 0.259192 0.267701 0.151459 0.003456 0.308813 0.000095
0.009262 0.258414 0.267583 0.151136 0.003444 0.310063 0.000097
0.009301 0.257852 0.267543 0.151087 0.003441 0.310681 0.000095
0.009310 0.256811 0.267171 0.151092 0.003419 0.312097 0.000100
0.009292 0.256286 0.267304 0.151070 0.003457 0.312494 0.000099
0.009348 0.255224 0.267248 0.150976 0.003455 0.313645 0.000103
0.009310 0.254900 0.267105 0.151036 0.003476 0.314069 0.000103
0.009417 0.253456 0.267118 0.150793 0.003492 0.315617 0.000107
0.009412 0.252183 0.266920 0.150699 0.003531 0.317154 0.000102
0.009465 0.251108 0.266742 0.150560 0.003525 0.318494 0.000107
0.009481 0.250274 0.266393 0.150668 0.003538 0.319534 0.000112
0.009440 0.249989 0.266393 0.150524 0.003554 0.319997 0.000103
0.009397 0.249196 0.266415 0.150365 0.003546 0.320977 0.000105
0.009493 0.248847 0.266278 0.150261 0.003584 0.321433 0.000104
0.009514 0.247361 0.265906 0.150283 0.003572 0.323260 0.000104
0.009568 0.246509 0.265740 0.150068 0.003572 0.324437 0.000107
0.009505 0.245859 0.265996 0.150079 0.003611 0.324845 0.000105
0.009568 0.244912 0.265591 0.150013 0.003618 0.326197 0.000102
0.009562 0.244521 0.265562 0.149968 0.003619 0.326662 0.000106
0.009506 0.242634 0.265424 0.149683 0.003652 0.328996 0.000105
0.009578 0.242535 0.265282 0.149827 0.003650 0.329026 0.000101
0.009581 0.242328 0.265164 0.149760 0.003650 0.329418 0.000098
0.009621 0.240626 0.265031 0.149576 0.003640 0.331401 0.000104
0.009599 0.239987 0.264989 0.149408 0.003706 0.332205 0.000107
0.009642 0.239453 0.264832 0.149326 0.003702 0.332934 0.000111
0.009658 0.237923 0.264709 0.149217 0.003711 0.334673 0.000108
0.009682 0.237610 0.264448 0.149184 0.003736 0.335229 0.000112
0.009721 0.236899 0.264460 0.149306 0.003696 0.335800 0.000117
0.009769 0.236155 0.264160 0.149135 0.003700 0.336970 0.000112
0.009819 0.234572 0.263916 0.148882 0.003758 0.338932 0.000121
0.009813 0.234492 0.263768 0.148887 0.003741 0.339187 0.000112
0.009839 0.233596 0.263882 0.148703 0.003749 0.340121 0.000111
0.009803 0.233955 0.263862 0.148775 0.003739 0.339745 0.000120
0.009882 0.232542 0.263603 0.148689 0.003778 0.341389 0.000117
0.009948 0.230400 0.263180 0.148355 0.003818 0.344183 0.000117
0.009956 0.229998 0.263077 0.148249 0.003797 0.344804 0.000117
0.009958 0.228902 0.262754 0.148292 0.003807 0.346168 0.000118
0.009985 0.229187 0.262913 0.148368 0.003845 0.345584 0.000119
0.010027 0.228449 0.262885 0.148198 0.003813 0.346512 0.000117
0.010094 0.226661 0.262408 0.147879 0.003867 0.348974 0.000117
0.010062 0.226637 0.262047 0.147905 0.003870 0.349360 0.000119
0.010128 0.226276 0.262370 0.147875 0.003859 0.349369 0.000124
0.010178 0.224372 0.261920 0.147715 0.003854 0.351840 0.000121
0.010206 0.224253 0.261924 0.147662 0.003895 0.351938 0.000122
0.010193 0.223485 0.261238 0.147437 0.003883 0.353643 0.000121
0.010208 0.222506 0.261397 0.147330 0.003885 0.354553 0.000121
0.010231 0.222112 0.261471 0.147390 0.003906 0.354767 0.000124
0.010242 0.221714 0.261407 0.147373 0.003899 0.355244 0.000121
0.010281 0.221503 0.261445 0.147272 0.003901 0.355476 0.000122
0.010305 0.220038 0.260998 0.147105 0.003906 0.357524 0.000125
0.010226 0.219264 0.260757 0.146860 0.003912 0.358853 0.000127
0.010316 0.218642 0.260530 0.147014 0.003924 0.359447 0.000126
0.010319 0.218126 0.260592 0.146588 0.003953 0.360292 0.000130
0.010386 0.217002 0.260245 0.146600 0.003966 0.361674 0.000127
0.010384 0.216272 0.259942 0.146563 0.003948 0.362761 0.000129
0.010455 0.215284 0.259840 0.146206 0.003999 0.364090 0.000126
0.010507 0.214665 0.259681 0.146211 0.003997 0.364805 0.000134
0.010468 0.214105 0.259890 0.146071 0.003990 0.365343 0.000132
0.010512 0.213503 0.259272 0.145796 0.004014 0.366770 0.000132
0.010508 0.212697 0.259006 0.145836 0.003996 0.367818 0.000139
0.010476 0.212468 0.259071 0.145558 0.004016 0.368277 0.000135
0.010463 0.212054 0.258765 0.145518 0.004003 0.369059 0.000138
0.010536 0.210894 0.258369 0.145475 0.004022 0.370567 0.000137
0.010582 0.209699 0.257947 0.145230 0.004012 0.372395 0.000135
0.010488 0.208992 0.258057 0.145296 0.004037 0.372982 0.000147
0.010607 0.208771 0.257620 0.145293 0.004058 0.373518 0.000133
0.018307 0.207040 0.255197 0.143911 0.004040 0.371366 0.000139
0.045867 0.202253 0.247489 0.139318 0.003934 0.361006 0.000134
0.053483 0.200395 0.244981 0.137975 0.003891 0.359142 0.000133
0.054066 0.200291 0.244548 0.137728 0.003901 0.359331 0.000134
0.049047 0.201005 0.245700 0.138482 0.003943 0.361683 0.000139
0.056817 0.199998 0.243226 0.137090 0.003894 0.358841 0.000135
0.052562 0.200711 0.243944 0.137418 0.003908 0.361325 0.000133
0.064892 0.199418 0.239628 0.135134 0.003878 0.356918 0.000133
0.073825 0.198820 0.236502 0.133235 0.003838 0.353650 0.000130
0.077529 0.199632 0.234626 0.132325 0.003830 0.351928 0.000131
0.082614 0.200761 0.232588 0.131142 0.003778 0.348987 0.000130
0.087829 0.201805 0.229829 0.129784 0.003778 0.346851 0.000125
0.084426 0.203386 0.230162 0.129680 0.003790 0.348425 0.000131
0.085023 0.205593 0.229198 0.129215 0.003764 0.347074 0.000133
0.081226 0.207502 0.229650 0.129530 0.003779 0.348176 0.000138
0.088528 0.210235 0.225596 0.127293 0.003765 0.344457 0.000125
0.079348 0.211560 0.228146 0.128586 0.003780 0.348448 0.000132
0.075905 0.213425 0.228295 0.128680 0.003813 0.349751 0.000131
0.082225 0.217572 0.224324 0.126351 0.003754 0.345648 0.000126
0.082928 0.222075 0.222639 0.125467 0.003716 0.343049 0.000127
0.073010 0.222258 0.225438 0.127019 0.003752 0.348386 0.000137
0.064882 0.221456 0.227588 0.128275 0.003854 0.353811 0.000133
0.064850 0.224690 0.226473 0.127444 0.003828 0.352584 0.000132
0.062304 0.226722 0.226262 0.127303 0.003836 0.353441 0.000131
0.059620 0.229271 0.226062 0.127352 0.003816 0.353747 0.000132
0.055429 0.229623 0.226752 0.127822 0.003809 0.356434 0.000131
0.048356 0.226998 0.229418 0.129325 0.003903 0.361864 0.000136
0.051255 0.233177 0.226718 0.127539 0.003838 0.357344 0.000130
0.043452 0.228596 0.230218 0.129759 0.003928 0.363904 0.000142
0.047772 0.236731 0.225623 0.127312 0.003877 0.358544 0.000141
0.034449 0.222411 0.233786 0.131674 0.004034 0.373509 0.000137
0.032618 0.222570 0.234820 0.132234 0.004051 0.373565 0.000142
0.033039 0.224342 0.233523 0.131428 0.004030 0.373500 0.000139
0.034208 0.228525 0.231299 0.130301 0.004009 0.371515 0.000142
0.027785 0.219378 0.235444 0.132507 0.004099 0.380641 0.000146
0.027075 0.219252 0.235230 0.132376 0.004088 0.381830 0.000148
0.027023 0.221672 0.234726 0.132082 0.004095 0.380253 0.000148
0.024663 0.217465 0.235855 0.132705 0.004162 0.385002 0.000148
0.023321 0.215506 0.236819 0.133280 0.004171 0.386755 0.000147
0.021991 0.212899 0.237300 0.133758 0.004148 0.389751 0.000153
0.021430 0.213062 0.237130 0.133622 0.004157 0.390447 0.000151
0.020556 0.211377 0.237503 0.133753 0.004212 0.392447 0.000152
0.018869 0.207655 0.239049 0.134822 0.004213 0.395240 0.000151
0.018085 0.204888 0.239424 0.135094 0.004273 0.398076 0.000161
0.018530 0.206956 0.238569 0.134465 0.004264 0.397057 0.000159
0.019012 0.210285 0.237755 0.133799 0.004219 0.394771 0.000158
0.018073 0.207092 0.238039 0.134113 0.004272 0.398247 0.000164
0.016287 0.199340 0.239928 0.135110 0.004331 0.404837 0.000167
0.017445 0.205167 0.238325 0.134122 0.004298 0.400477 0.000166
0.016666 0.201944 0.238785 0.134509 0.004320 0.403621 0.000156
0.017221 0.205255 0.237499 0.133839 0.004267 0.401754 0.000166
0.015681 0.197717 0.239516 0.134999 0.004360 0.407555 0.000173
0.015619 0.196466 0.239063 0.134799 0.004376 0.409502 0.000175
0.016064 0.199872 0.238251 0.134126 0.004326 0.407196 0.000165
0.015431 0.196713 0.238882 0.134554 0.004364 0.409887 0.000170
0.015555 0.198181 0.238097 0.133962 0.004400 0.409632 0.000173
0.014822 0.194243 0.238751 0.134602 0.004426 0.412987 0.000169
0.015031 0.195000 0.238385 0.134399 0.004410 0.412603 0.000172
0.014004 0.188644 0.239907 0.135139 0.004420 0.417711 0.000174
0.014271 0.190648 0.239286 0.134890 0.004394 0.416346 0.000165
0.014651 0.192609 0.238010 0.134102 0.004427 0.416027 0.000175
0.013726 0.186497 0.239627 0.135111 0.004437 0.420432 0.000170
0.014048 0.188747 0.238866 0.134614 0.004432 0.419117 0.000175
0.014299 0.190081 0.238176 0.134250 0.004447 0.418576 0.000170
0.014211 0.189468 0.237736 0.134114 0.004448 0.419846 0.000177
0.014385 0.189908 0.236983 0.133498 0.004432 0.420620 0.000176
0.013977 0.186852 0.237849 0.133872 0.004421 0.422852 0.000177
0.014299 0.188916 0.236484 0.133150 0.004451 0.422519 0.000182
0.013387 0.180486 0.238455 0.134372 0.004552 0.428569 0.000179
0.013866 0.184761 0.237182 0.133563 0.004500 0.425955 0.000173
0.013405 0.179302 0.237444 0.134000 0.004520 0.431149 0.000179
0.013440 0.180074 0.237240 0.133599 0.004534 0.430930 0.000184
0.013434 0.179379 0.237548 0.133721 0.004518 0.431215 0.000185
0.013903 0.182772 0.236366 0.133225 0.004487 0.429069 0.000178
0.013715 0.180931 0.236421 0.133129 0.004521 0.431098 0.000184
0.013851 0.180834 0.235853 0.132615 0.004527 0.432142 0.000178
0.013873 0.181780 0.235320 0.132610 0.004528 0.431710 0.000180
0.013727 0.180268 0.235503 0.132544 0.004539 0.433238 0.000182
0.013820 0.179483 0.234812 0.132432 0.004538 0.434730 0.000184
0.013631 0.178473 0.235417 0.132328 0.004575 0.435394 0.000181
0.013480 0.176834 0.235749 0.132482 0.004549 0.436726 0.000180
0.013689 0.178806 0.234621 0.131951 0.004568 0.436180 0.000184
0.013623 0.177659 0.234402 0.131903 0.004557 0.437671 0.000186
0.013590 0.175236 0.234248 0.131845 0.004555 0.440336 0.000190
0.013527 0.173515 0.234707 0.132318 0.004599 0.441140 0.000194
0.013549 0.172863 0.234272 0.131904 0.004573 0.442650 0.000190
0.013742 0.175081 0.233668 0.131431 0.004565 0.441329 0.000183
0.013457 0.170257 0.234057 0.131981 0.004633 0.445422 0.000193
0.013862 0.177547 0.232598 0.130893 0.004572 0.440337 0.000191
0.013511 0.171666 0.233198 0.131214 0.004628 0.445587 0.000196
0.013723 0.173102 0.232651 0.131107 0.004591 0.444631 0.000196
0.013632 0.172948 0.232928 0.131263 0.004616 0.444423 0.000190
0.013451 0.169365 0.232608 0.130902 0.004655 0.448824 0.000196
0.013585 0.170594 0.232461 0.130903 0.004641 0.447622 0.000195
0.013595 0.168822 0.232286 0.131107 0.004657 0.449328 0.000204
0.013590 0.169584 0.232241 0.130956 0.004650 0.448781 0.000198
0.013585 0.167350 0.232016 0.130622 0.004665 0.451568 0.000194
0.013583 0.167858 0.231504 0.130416 0.004700 0.451740 0.000199
0.013646 0.166762 0.231545 0.130207 0.004674 0.452960 0.000207
0.013722 0.168848 0.230829 0.129944 0.004678 0.451779 0.000199
0.013689 0.167352 0.230768 0.129933 0.004681 0.453375 0.000202
0.013744 0.164927 0.230573 0.129760 0.004700 0.456096 0.000200
0.013707 0.165575 0.230612 0.129561 0.004726 0.455615 0.000204
0.013716 0.164532 0.230386 0.129603 0.004689 0.456869 0.000206
0.013811 0.163274 0.230047 0.129386 0.004732 0.458535 0.000215
0.013905 0.164721 0.229547 0.129025 0.004736 0.457851 0.000214
0.013968 0.164631 0.229300 0.128879 0.004685 0.458329 0.000208
0.013907 0.161759 0.229405 0.128939 0.004759 0.461023 0.000208
0.014047 0.165079 0.228427 0.128627 0.004726 0.458884 0.000211
0.014027 0.162243 0.228456 0.128699 0.004752 0.461603 0.000221
0.014017 0.161982 0.228635 0.128493 0.004754 0.461911 0.000208
0.014036 0.161279 0.228251 0.128242 0.004740 0.463247 0.000206
0.014058 0.158858 0.228258 0.128250 0.004776 0.465584 0.000216
0.014038 0.158613 0.228340 0.128343 0.004841 0.465606 0.000217
0.014099 0.157902 0.228030 0.128032 0.004807 0.466906 0.000223
0.014209 0.157846 0.227449 0.127718 0.004816 0.467751 0.000211
0.014263 0.158053 0.227410 0.127538 0.004802 0.467719 0.000215
0.014247 0.160580 0.226854 0.127306 0.004799 0.465994 0.000221
0.014290 0.157080 0.226713 0.127400 0.004825 0.469470 0.000221
0.014254 0.156549 0.226706 0.127248 0.004807 0.470210 0.000226
0.014298 0.156241 0.226332 0.127121 0.004803 0.470981 0.000222
0.014280 0.153584 0.226105 0.127075 0.004835 0.473892 0.000229
0.014393 0.158716 0.225477 0.126626 0.004802 0.469759 0.000227
0.014331 0.154759 0.225104 0.126592 0.004867 0.474123 0.000226
0.014448 0.152135 0.225277 0.126701 0.004864 0.476345 0.000231
0.014488 0.153722 0.225115 0.126600 0.004838 0.475010 0.000228
0.014455 0.153214 0.224652 0.126358 0.004870 0.476218 0.000234
0.014584 0.154795 0.224246 0.126186 0.004851 0.475108 0.000231
0.014701 0.155574 0.223662 0.126039 0.004857 0.474934 0.000234
0.014801 0.155672 0.223357 0.125696 0.004822 0.475415 0.000238
0.014872 0.153859 0.223283 0.125678 0.004848 0.477220 0.000240
0.014725 0.152875 0.223478 0.125594 0.004872 0.478221 0.000234
0.014764 0.149395 0.223082 0.125439 0.004894 0.482176 0.000250
0.014911 0.155351 0.222322 0.125034 0.004864 0.477276 0.000244
0.014903 0.148574 0.222590 0.125077 0.004908 0.483704 0.000244
0.014914 0.150176 0.222045 0.124695 0.004906 0.483024 0.000240
0.014980 0.146739 0.221962 0.125020 0.004957 0.486093 0.000249
0.014997 0.147947 0.221723 0.124527 0.004907 0.485651 0.000248
0.015121 0.149713 0.221397 0.124454 0.004924 0.484143 0.000248
0.015119 0.147968 0.221128 0.124309 0.004900 0.486315 0.000261
0.015028 0.149058 0.220848 0.124143 0.004920 0.485766 0.000237
0.015102 0.147993 0.220668 0.124164 0.004920 0.486905 0.000248
0.015128 0.149072 0.220377 0.123789 0.004912 0.486472 0.000250
0.015231 0.148721 0.220285 0.123726 0.004898 0.486893 0.000246
0.015190 0.147234 0.219770 0.123535 0.004943 0.489078 0.000252
0.015221 0.146630 0.219613 0.123422 0.004935 0.489925 0.000253
0.015240 0.144679 0.219695 0.123444 0.004937 0.491754 0.000250
0.015277 0.144542 0.219197 0.123212 0.004968 0.492548 0.000254
0.015362 0.147563 0.218846 0.122786 0.004911 0.490287 0.000244
0.015346 0.142648 0.218557 0.122669 0.004999 0.495526 0.000254
0.015334 0.144848 0.218365 0.122720 0.004951 0.493531 0.000250
