0.990940 0.008839 0.000133 0.000086 0.000000 0.000003 0.000000
0.981237 0.018312 0.000281 0.000165 0.000000 0.000005 0.000000
0.977838 0.021654 0.000320 0.000184 0.000000 0.000005 0.000000
0.974219 0.025180 0.000386 0.000208 0.000000 0.000007 0.000000
0.969606 0.029680 0.000459 0.000248 0.000000 0.000008 0.000000
0.964826 0.034326 0.000549 0.000289 0.000000 0.000010 0.000000
0.958834 0.040166 0.000637 0.000352 0.000000 0.000010 0.000000
0.952117 0.046718 0.000739 0.000414 0.000000 0.000012 0.000000
0.944824 0.053835 0.000855 0.000470 0.000000 0.000016 0.000000
0.937200 0.061279 0.000968 0.000533 0.000000 0.000019 0.000000
0.927870 0.070365 0.001118 0.000625 0.000000 0.000023 0.000000
0.918042 0.079931 0.001268 0.000731 0.000000 0.000028 0.000000
0.906883 0.090771 0.001475 0.000841 0.000001 0.000030 0.000000
0.894569 0.102756 0.001697 0.000941 0.000002 0.000035 0.000000
0.881080 0.115831 0.001952 0.001091 0.000002 0.000044 0.000000
0.867514 0.128989 0.002184 0.001258 0.000002 0.000053 0.000000
0.852984 0.143101 0.002431 0.001415 0.000002 0.000068 0.000000
0.835699 0.159822 0.002764 0.001627 0.000002 0.000087 0.000000
0.819632 0.175386 0.003086 0.001794 0.000002 0.000100 0.000000
0.801732 0.192705 0.003458 0.001996 0.000002 0.000108 0.000000
0.784600 0.209200 0.003863 0.002217 0.000002 0.000118 0.000000
0.767301 0.225812 0.004310 0.002442 0.000003 0.000132 0.000000
0.747548 0.244741 0.004819 0.002730 0.000003 0.000158 0.000000
0.729910 0.261583 0.005319 0.003006 0.000004 0.000178 0.000000
0.708728 0.281847 0.005903 0.003327 0.000004 0.000191 0.000000
0.691508 0.298236 0.006375 0.003657 0.000004 0.000219 0.000000
0.674161 0.314765 0.006889 0.003951 0.000004 0.000230 0.000000
0.653660 0.334136 0.007591 0.004342 0.000003 0.000268 0.000000
0.636545 0.350270 0.008218 0.004664 0.000004 0.000299 0.000000
0.620024 0.365757 0.008893 0.004992 0.000006 0.000328 0.000000
0.605303 0.379545 0.009471 0.005319 0.000008 0.000354 0.000000
0.588542 0.395172 0.010132 0.005744 0.000008 0.000402 0.000000
0.576092 0.406629 0.010732 0.006110 0.000008 0.000428 0.000000
0.561797 0.419673 0.011522 0.006532 0.000008 0.000468 0.000000
0.548767 0.431569 0.012235 0.006909 0.000008 0.000511 0.000000
0.535524 0.443508 0.013022 0.007380 0.000009 0.000557 0.000000
0.527211 0.450880 0.013603 0.007701 0.000010 0.000594 0.000000
0.515128 0.461782 0.014339 0.008099 0.000011 0.000640 0.000000
0.505140 0.470595 0.015063 0.008512 0.000011 0.000678 0.000000
0.498277 0.476382 0.015691 0.008909 0.000012 0.000728 0.000000
0.491759 0.481966 0.016268 0.009242 0.000013 0.000752 0.000000
0.483901 0.488545 0.017060 0.009680 0.000013 0.000802 0.000000
0.478785 0.492763 0.017584 0.010011 0.000014 0.000844 0.000000
0.470026 0.500338 0.018286 0.010428 0.000015 0.000907 0.000000
0.463672 0.505514 0.019014 0.010823 0.000015 0.000962 0.000000
0.458006 0.510034 0.019738 0.011198 0.000015 0.001010 0.000000
0.454338 0.512798 0.020268 0.011517 0.000017 0.001062 0.000000
0.446320 0.519407 0.021097 0.012020 0.000018 0.001138 0.000000
0.441442 0.523266 0.021703 0.012383 0.000018 0.001188 0.000000
0.432067 0.531243 0.022541 0.012865 0.000019 0.001265 0.000000
0.431480 0.531100 0.022999 0.013082 0.000020 0.001319 0.000000
0.418150 0.542421 0.024218 0.013761 0.000020 0.001429 0.000000
0.417635 0.542589 0.024426 0.013859 0.000020 0.001471 0.000000
0.407413 0.551153 0.025404 0.014444 0.000020 0.001566 0.000000
0.399535 0.557873 0.026085 0.014862 0.000021 0.001625 0.000000
0.389743 0.565916 0.027167 0.015432 0.000022 0.001719 0.000000
0.377626 0.576154 0.028266 0.016112 0.000024 0.001817 0.000000
0.370519 0.581650 0.029270 0.016612 0.000025 0.001923 0.000000
0.360009 0.590455 0.030327 0.017157 0.000025 0.002027 0.000000
0.354516 0.594543 0.031155 0.017638 0.000027 0.002122 0.000000
0.343301 0.603784 0.032364 0.018275 0.000028 0.002248 0.000000
0.335434 0.609862 0.033422 0.018889 0.000028 0.002364 0.000000
0.328321 0.615163 0.034475 0.019520 0.000030 0.002491 0.000000
0.319197 0.622364 0.035613 0.020172 0.000032 0.002623 0.000000
0.307987 0.631075 0.037101 0.021004 0.000034 0.002799 0.000000
0.301971 0.635221 0.038225 0.021608 0.000036 0.002939 0.000000
0.293311 0.641551 0.039629 0.022384 0.000039 0.003086 0.000000
0.285608 0.647117 0.040869 0.023114 0.000042 0.003250 0.000000
0.275587 0.654056 0.042642 0.024173 0.000043 0.003499 0.000000
0.272438 0.656063 0.043290 0.024551 0.000044 0.003614 0.000000
0.264446 0.661463 0.044831 0.025384 0.000046 0.003829 0.000000
0.257043 0.666228 0.046449 0.026185 0.000050 0.004046 0.000000
0.253007 0.668538 0.047411 0.026768 0.000056 0.004220 0.000000
0.245646 0.672724 0.049227 0.027851 0.000058 0.004493 0.000000
0.242114 0.674076 0.050518 0.028542 0.000060 0.004691 0.000000
0.236082 0.677343 0.052108 0.029479 0.000063 0.004925 0.000000
0.232982 0.678404 0.053264 0.030135 0.000064 0.005152 0.000000
0.230712 0.678258 0.054625 0.030949 0.000066 0.005391 0.000000
0.227083 0.680211 0.055598 0.031470 0.000067 0.005571 0.000000
0.222004 0.681831 0.057584 0.032605 0.000072 0.005905 0.000000
0.216915 0.684487 0.059016 0.033364 0.000076 0.006142 0.000000
0.217749 0.681973 0.059911 0.033935 0.000082 0.006350 0.000000
0.217419 0.680629 0.060855 0.034450 0.000087 0.006562 0.000000
0.214775 0.681333 0.062007 0.035042 0.000089 0.006754 0.000000
0.207712 0.684635 0.064118 0.036274 0.000093 0.007168 0.000000
0.209661 0.681397 0.064776 0.036702 0.000098 0.007366 0.000000
0.205317 0.682826 0.066504 0.037573 0.000099 0.007680 0.000000
0.198944 0.686101 0.068236 0.038607 0.000101 0.008011 0.000000
0.195188 0.688504 0.068937 0.039085 0.000103 0.008183 0.000000
0.193720 0.687623 0.070211 0.039823 0.000109 0.008513 0.000000
0.190950 0.687567 0.071765 0.040727 0.000108 0.008884 0.000000
0.182076 0.692567 0.074006 0.041907 0.000113 0.009331 0.000000
0.181306 0.691753 0.074885 0.042364 0.000116 0.009575 0.000000
0.180623 0.690494 0.075951 0.042942 0.000121 0.009869 0.000000
0.176195 0.692526 0.077312 0.043681 0.000130 0.010156 0.000000
0.170060 0.695069 0.079278 0.044823 0.000132 0.010638 0.000000
0.168874 0.694941 0.079999 0.045181 0.000132 0.010874 0.000000
0.165124 0.694729 0.082180 0.046432 0.000135 0.011400 0.000000
0.164410 0.693980 0.082894 0.046902 0.000143 0.011672 0.000000
0.160284 0.694460 0.084858 0.048075 0.000146 0.012177 0.000000
0.158736 0.693316 0.086335 0.048846 0.000151 0.012616 0.000000
0.152370 0.696773 0.087920 0.049816 0.000152 0.012968 0.000000
0.150154 0.696746 0.089176 0.050484 0.000156 0.013284 0.000000
0.154005 0.690458 0.090406 0.051151 0.000164 0.013815 0.000000
0.149930 0.692314 0.091604 0.051858 0.000166 0.014127 0.000000
0.148651 0.690611 0.093190 0.052808 0.000172 0.014570 0.000000
0.142434 0.693117 0.095250 0.053935 0.000180 0.015084 0.000000
0.146538 0.688426 0.095476 0.054059 0.000181 0.015319 0.000000
0.137641 0.691603 0.098643 0.055830 0.000191 0.016091 0.000000
0.143942 0.686190 0.097953 0.055526 0.000189 0.016199 0.000000
0.144955 0.682397 0.099521 0.056272 0.000190 0.016666 0.000000
0.140825 0.684542 0.100502 0.056992 0.000195 0.016944 0.000000
0.147524 0.677099 0.100860 0.057133 0.000195 0.017187 0.000000
0.148470 0.674054 0.101841 0.057814 0.000203 0.017618 0.000000
0.139370 0.677812 0.104725 0.059502 0.000211 0.018380 0.000000
0.142607 0.673489 0.105229 0.059724 0.000212 0.018740 0.000000
0.145594 0.669378 0.105694 0.060069 0.000213 0.019052 0.000000
0.141415 0.670203 0.107594 0.061006 0.000218 0.019563 0.000000
0.144443 0.665199 0.108513 0.061560 0.000225 0.020061 0.000000
0.141959 0.666721 0.108998 0.061778 0.000230 0.020314 0.000000
0.143883 0.661976 0.110413 0.062609 0.000236 0.020882 0.000000
0.142409 0.661027 0.111594 0.063299 0.000243 0.021429 0.000000
0.147119 0.656934 0.111175 0.063098 0.000241 0.021434 0.000000
0.141627 0.658430 0.113208 0.064322 0.000251 0.022163 0.000000
0.143568 0.655707 0.113518 0.064478 0.000251 0.022478 0.000000
0.142359 0.654337 0.114770 0.065259 0.000261 0.023014 0.000000
0.139360 0.654991 0.116059 0.065899 0.000261 0.023430 0.000000
0.136508 0.655441 0.117302 0.066515 0.000266 0.023968 0.000000
0.141203 0.649708 0.117685 0.066721 0.000270 0.024414 0.000000
0.137570 0.651228 0.118899 0.067229 0.000280 0.024795 0.000000
0.133669 0.652047 0.120433 0.068141 0.000287 0.025423 0.000000
0.137888 0.646913 0.120872 0.068272 0.000290 0.025765 0.000000
0.131161 0.650306 0.122591 0.069260 0.000299 0.026382 0.000001
0.126346 0.651977 0.124167 0.070157 0.000305 0.027046 0.000001
0.129460 0.647541 0.124787 0.070444 0.000307 0.027461 0.000001
0.125448 0.646568 0.127270 0.071894 0.000322 0.028498 0.000001
0.123556 0.648268 0.127373 0.071862 0.000320 0.028620 0.000001
0.125765 0.646679 0.127023 0.071550 0.000328 0.028654 0.000001
0.120753 0.646695 0.129483 0.073035 0.000345 0.029688 0.000001
0.114539 0.648767 0.131603 0.074260 0.000353 0.030476 0.000001
0.112420 0.647420 0.133397 0.075229 0.000359 0.031174 0.000001
0.107477 0.649483 0.134780 0.076121 0.000369 0.031770 0.000001
0.108551 0.646655 0.135474 0.076442 0.000374 0.032503 0.000001
0.107256 0.646400 0.136299 0.076857 0.000388 0.032800 0.000001
0.102012 0.647949 0.138205 0.077944 0.000390 0.033499 0.000001
0.098015 0.647918 0.140177 0.079118 0.000401 0.034370 0.000001
0.095031 0.648759 0.141196 0.079716 0.000405 0.034892 0.000001
0.089141 0.649338 0.143866 0.081182 0.000419 0.036053 0.000001
0.085354 0.649639 0.145677 0.082219 0.000424 0.036685 0.000001
0.080002 0.649865 0.148147 0.083607 0.000441 0.037938 0.000001
0.082662 0.647600 0.147754 0.083375 0.000447 0.038161 0.000001
0.076199 0.650905 0.149444 0.084276 0.000445 0.038729 0.000002
0.072660 0.649904 0.151708 0.085475 0.000458 0.039793 0.000002
0.067177 0.649605 0.154564 0.087155 0.000476 0.041022 0.000002
0.064171 0.650137 0.155783 0.087802 0.000478 0.041629 0.000002
0.058752 0.650413 0.158323 0.089246 0.000490 0.042775 0.000002
0.059403 0.647562 0.159351 0.089708 0.000495 0.043479 0.000001
0.056409 0.648203 0.160394 0.090405 0.000503 0.044087 0.000002
0.050859 0.647375 0.163587 0.092160 0.000521 0.045497 0.000002
0.049572 0.648591 0.163563 0.092122 0.000525 0.045625 0.000003
0.046559 0.645691 0.166335 0.093781 0.000540 0.047091 0.000003
0.043656 0.643732 0.168644 0.095129 0.000560 0.048277 0.000002
0.043527 0.644049 0.168461 0.094947 0.000565 0.048449 0.000002
0.041026 0.642566 0.170303 0.096010 0.000580 0.049512 0.000002
0.036038 0.639368 0.174228 0.098318 0.000601 0.051445 0.000002
0.036532 0.637877 0.174576 0.098548 0.000609 0.051854 0.000003
0.036554 0.637547 0.174617 0.098487 0.000617 0.052174 0.000003
0.033862 0.635112 0.177148 0.099779 0.000627 0.053469 0.000003
0.031195 0.632107 0.179869 0.101349 0.000654 0.054822 0.000003
0.031905 0.632839 0.179061 0.100891 0.000652 0.054650 0.000003
0.029172 0.628384 0.182367 0.103004 0.000675 0.056396 0.000003
0.029571 0.627514 0.182608 0.102880 0.000672 0.056752 0.000003
0.028495 0.625499 0.183896 0.103708 0.000694 0.057705 0.000003
0.027557 0.623340 0.185284 0.104521 0.000699 0.058595 0.000003
0.026446 0.620009 0.187314 0.105600 0.000720 0.059907 0.000003
0.025973 0.619135 0.187839 0.105918 0.000729 0.060403 0.000004
0.024954 0.616484 0.189460 0.106872 0.000747 0.061480 0.000003
0.024900 0.615425 0.189971 0.107020 0.000751 0.061929 0.000004
0.023606 0.610979 0.192491 0.108594 0.000778 0.063548 0.000004
0.023201 0.609449 0.193352 0.108938 0.000780 0.064276 0.000003
0.022663 0.606706 0.194731 0.109634 0.000790 0.065472 0.000004
0.021935 0.604554 0.195985 0.110366 0.000810 0.066344 0.000005
0.021815 0.602250 0.196758 0.110967 0.000829 0.067376 0.000005
0.021394 0.601298 0.197482 0.111230 0.000833 0.067758 0.000005
0.021100 0.599631 0.198252 0.111663 0.000842 0.068508 0.000005
0.020637 0.597055 0.199473 0.112440 0.000859 0.069532 0.000004
0.019865 0.594544 0.200916 0.113214 0.000866 0.070591 0.000004
0.019803 0.592482 0.201626 0.113655 0.000877 0.071552 0.000005
0.019226 0.589772 0.202962 0.114548 0.000890 0.072597 0.000005
0.018849 0.587430 0.204120 0.115008 0.000895 0.073693 0.000005
0.018598 0.586135 0.204874 0.115369 0.000911 0.074108 0.000005
0.018676 0.584934 0.205053 0.115763 0.000909 0.074661 0.000005
0.017983 0.580637 0.207115 0.116859 0.000939 0.076460 0.000005
0.017982 0.579433 0.207401 0.117077 0.000945 0.077156 0.000006
0.017662 0.577196 0.208473 0.117734 0.000958 0.077971 0.000006
0.017317 0.574538 0.209694 0.118387 0.000969 0.079088 0.000006
0.017402 0.573671 0.209927 0.118364 0.000976 0.079654 0.000006
0.016943 0.570470 0.211382 0.119337 0.000992 0.080868 0.000006
0.017359 0.568949 0.211780 0.119483 0.000999 0.081423 0.000006
0.022607 0.564687 0.211053 0.119101 0.001000 0.081546 0.000006
0.022689 0.560488 0.212669 0.119990 0.001030 0.083127 0.000007
0.023983 0.558402 0.212873 0.119999 0.001023 0.083714 0.000006
0.023495 0.555333 0.214177 0.120896 0.001046 0.085046 0.000007
0.024814 0.552557 0.214635 0.121108 0.001045 0.085835 0.000007
0.026932 0.551632 0.213980 0.120625 0.001047 0.085778 0.000006
0.025488 0.550641 0.214895 0.121259 0.001056 0.086655 0.000006
0.028193 0.545353 0.215779 0.121726 0.001070 0.087872 0.000007
0.031573 0.543030 0.214919 0.121455 0.001074 0.087943 0.000006
0.030243 0.540108 0.216745 0.122204 0.001082 0.089612 0.000006
0.034543 0.535569 0.216606 0.122175 0.001101 0.090000 0.000007
0.035206 0.532786 0.217143 0.122516 0.001114 0.091228 0.000007
0.037780 0.532191 0.216173 0.121911 0.001106 0.090832 0.000008
0.039615 0.528673 0.216584 0.122055 0.001105 0.091960 0.000008
0.040910 0.526825 0.216530 0.122152 0.001123 0.092453 0.000007
0.042417 0.524291 0.216707 0.122261 0.001135 0.093180 0.000008
0.045975 0.522962 0.215289 0.121513 0.001144 0.093109 0.000008
0.042106 0.521045 0.217742 0.122785 0.001172 0.095142 0.000008
0.044921 0.520163 0.216682 0.122174 0.001168 0.094884 0.000008
0.041918 0.518594 0.218528 0.123201 0.001179 0.096571 0.000008
0.040020 0.520492 0.218388 0.123223 0.001191 0.096678 0.000008
0.041203 0.518121 0.218645 0.123243 0.001196 0.097584 0.000007
0.041634 0.516225 0.218920 0.123345 0.001213 0.098655 0.000008
0.040609 0.516730 0.218919 0.123446 0.001210 0.099080 0.000007
0.036670 0.517357 0.220262 0.124341 0.001225 0.100137 0.000008
0.035049 0.515129 0.221761 0.124982 0.001223 0.101848 0.000008
0.032401 0.514182 0.223041 0.125741 0.001262 0.103365 0.000008
0.031467 0.514361 0.223368 0.125789 0.001259 0.103746 0.000009
0.030270 0.513932 0.223757 0.126227 0.001256 0.104550 0.000009
0.027572 0.511977 0.225676 0.127211 0.001290 0.106266 0.000008
0.024917 0.511039 0.227099 0.127932 0.001316 0.107689 0.000009
0.022320 0.509378 0.228845 0.128879 0.001317 0.109254 0.000008
0.021929 0.507572 0.229506 0.129401 0.001334 0.110251 0.000008
0.022642 0.506635 0.229148 0.129160 0.001349 0.111057 0.000009
0.020483 0.506176 0.230317 0.129888 0.001361 0.111765 0.000009
0.018762 0.502779 0.232342 0.130925 0.001378 0.113805 0.000009
0.018719 0.501413 0.232738 0.131142 0.001395 0.114584 0.000009
0.018066 0.501080 0.232972 0.131315 0.001400 0.115157 0.000010
0.017307 0.496909 0.234550 0.132281 0.001431 0.117512 0.000010
0.015907 0.496085 0.235588 0.132874 0.001433 0.118103 0.000010
0.016447 0.495547 0.235220 0.132644 0.001434 0.118700 0.000009
0.014403 0.491376 0.237751 0.134102 0.001473 0.120885 0.000010
0.015503 0.492825 0.236504 0.133280 0.001469 0.120409 0.000010
0.015127 0.489186 0.237743 0.134098 0.001499 0.122338 0.000011
0.014671 0.488621 0.238125 0.134266 0.001496 0.122812 0.000010
0.013916 0.485967 0.239324 0.134911 0.001516 0.124357 0.000009
0.013145 0.482447 0.240920 0.135759 0.001545 0.126174 0.000010
0.013250 0.481198 0.241246 0.135731 0.001534 0.127031 0.000011
0.012922 0.480084 0.241616 0.135946 0.001553 0.127868 0.000011
0.013216 0.480091 0.241299 0.135908 0.001551 0.127924 0.000011
0.012467 0.476631 0.242806 0.136693 0.001579 0.129812 0.000011
0.012037 0.472822 0.244050 0.137526 0.001590 0.131965 0.000010
0.012090 0.472570 0.243973 0.137459 0.001596 0.132303 0.000010
0.011765 0.471314 0.244453 0.137810 0.001608 0.133039 0.000010
0.012073 0.470049 0.244462 0.137726 0.001600 0.134079 0.000011
0.011588 0.468086 0.245327 0.138297 0.001635 0.135055 0.000013
0.011491 0.465789 0.246167 0.138547 0.001646 0.136348 0.000013
0.011292 0.464386 0.246629 0.138764 0.001651 0.137265 0.000013
0.011117 0.461544 0.247483 0.139263 0.001672 0.138908 0.000013
0.011015 0.459917 0.247939 0.139622 0.001684 0.139809 0.000013
0.010939 0.459003 0.248186 0.139801 0.001698 0.140359 0.000015
0.010971 0.456382 0.248706 0.139989 0.001722 0.142215 0.000014
0.010888 0.456498 0.248589 0.140065 0.001716 0.142229 0.000014
0.010803 0.454373 0.249256 0.140391 0.001730 0.143435 0.000013
0.010601 0.452402 0.250004 0.140843 0.001748 0.144387 0.000016
0.010499 0.449665 0.250560 0.141209 0.001772 0.146280 0.000015
0.010441 0.448769 0.250784 0.141359 0.001785 0.146847 0.000015
0.010283 0.446223 0.251554 0.141774 0.001798 0.148352 0.000016
0.010108 0.443692 0.252354 0.142227 0.001811 0.149792 0.000017
0.010258 0.444290 0.251798 0.141975 0.001810 0.149854 0.000016
0.010060 0.442279 0.252485 0.142201 0.001830 0.151130 0.000015
0.010018 0.440592 0.252954 0.142539 0.001827 0.152054 0.000016
0.009971 0.438974 0.253277 0.142761 0.001849 0.153153 0.000015
0.009960 0.436883 0.253574 0.142877 0.001863 0.154827 0.000017
0.009802 0.435874 0.254133 0.143105 0.001867 0.155203 0.000016
0.009869 0.435259 0.254034 0.143105 0.001870 0.155847 0.000017
0.009780 0.432462 0.254803 0.143582 0.001900 0.157457 0.000017
0.009772 0.432286 0.254675 0.143509 0.001889 0.157854 0.000016
0.009519 0.428783 0.255813 0.144253 0.001929 0.159686 0.000016
0.009529 0.427290 0.256027 0.144255 0.001958 0.160924 0.000018
0.009592 0.427303 0.255726 0.144349 0.001946 0.161065 0.000019
0.009450 0.424121 0.256614 0.144740 0.001970 0.163086 0.000018
0.009443 0.423217 0.256593 0.144889 0.001988 0.163850 0.000019
0.009410 0.421174 0.257102 0.145083 0.001995 0.165217 0.000020
0.009281 0.419803 0.257519 0.145257 0.002010 0.166110 0.000020
0.009249 0.417905 0.257838 0.145351 0.002021 0.167613 0.000022
0.009198 0.416301 0.258183 0.145705 0.002033 0.168558 0.000022
0.009229 0.415131 0.258233 0.145741 0.002053 0.169589 0.000024
0.009243 0.414410 0.258489 0.145810 0.002052 0.169974 0.000023
0.009215 0.414596 0.258320 0.145829 0.002054 0.169965 0.000022
0.009138 0.410730 0.259227 0.146263 0.002090 0.172529 0.000023
0.009132 0.409336 0.259272 0.146481 0.002091 0.173663 0.000025
0.009132 0.408442 0.259664 0.146491 0.002109 0.174138 0.000025
0.008978 0.404946 0.260465 0.147078 0.002135 0.176374 0.000025
0.009035 0.405784 0.260142 0.146883 0.002112 0.176019 0.000025
0.008972 0.402792 0.260590 0.147329 0.002149 0.178143 0.000024
0.008945 0.402038 0.260772 0.147284 0.002148 0.178788 0.000025
0.008980 0.402130 0.260715 0.147069 0.002136 0.178943 0.000026
0.008824 0.397605 0.261649 0.147858 0.002184 0.181854 0.000026
0.008769 0.395994 0.262224 0.148041 0.002193 0.182753 0.000026
0.008898 0.396712 0.261620 0.147704 0.002183 0.182858 0.000026
0.008803 0.394080 0.262310 0.148103 0.002233 0.184447 0.000024
0.008784 0.392739 0.262500 0.148296 0.002231 0.185423 0.000027
0.008675 0.390126 0.263177 0.148612 0.002249 0.187135 0.000026
0.008791 0.390487 0.262816 0.148435 0.002274 0.187169 0.000027
0.008700 0.388352 0.263214 0.148638 0.002262 0.188805 0.000027
0.008687 0.386807 0.263461 0.148853 0.002286 0.189878 0.000029
0.008663 0.385572 0.263687 0.148961 0.002299 0.190791 0.000027
0.008646 0.384166 0.264011 0.149073 0.002283 0.191792 0.000029
0.008602 0.382893 0.264203 0.148988 0.002324 0.192962 0.000028
0.008660 0.381407 0.264294 0.149168 0.002341 0.194099 0.000031
0.008637 0.380251 0.264411 0.149214 0.002343 0.195112 0.000032
0.008642 0.379023 0.264510 0.149372 0.002353 0.196070 0.000030
0.008627 0.378097 0.264554 0.149429 0.002362 0.196900 0.000031
0.008578 0.375731 0.265128 0.149569 0.002383 0.198579 0.000032
0.008574 0.375270 0.265093 0.149647 0.002380 0.199001 0.000036
0.008579 0.373344 0.265271 0.149800 0.002401 0.200568 0.000035
0.008543 0.372290 0.265680 0.149929 0.002426 0.201097 0.000036
0.008528 0.370721 0.265527 0.149938 0.002438 0.202809 0.000038
0.008556 0.370005 0.265580 0.149974 0.002429 0.203419 0.000037
0.008557 0.369993 0.265495 0.149862 0.002434 0.203624 0.000035
0.008475 0.367097 0.266128 0.150228 0.002478 0.205558 0.000036
0.008508 0.365388 0.266037 0.150407 0.002475 0.207146 0.000038
0.008519 0.364815 0.266246 0.150243 0.002467 0.207673 0.000037
0.008468 0.363370 0.266737 0.150444 0.002479 0.208465 0.000038
0.008424 0.361478 0.267023 0.150513 0.002504 0.210021 0.000037
0.008390 0.360066 0.266992 0.150670 0.002514 0.211328 0.000039
0.008426 0.358956 0.266913 0.150802 0.002521 0.212342 0.000040
0.008385 0.357592 0.267304 0.150902 0.002525 0.213252 0.000038
0.008425 0.357505 0.266964 0.150766 0.002532 0.213769 0.000040
0.008384 0.355382 0.267390 0.151035 0.002573 0.215198 0.000039
0.008329 0.353460 0.267594 0.151218 0.002595 0.216763 0.000041
0.008298 0.352019 0.267793 0.151282 0.002603 0.217964 0.000041
0.008348 0.351821 0.267618 0.151192 0.002598 0.218383 0.000039
0.008342 0.349073 0.268024 0.151496 0.002608 0.220413 0.000043
0.008336 0.349033 0.267879 0.151424 0.002608 0.220681 0.000039
0.008352 0.348022 0.268106 0.151469 0.002634 0.221375 0.000043
0.008313 0.345348 0.268406 0.151512 0.002625 0.223756 0.000040
0.008354 0.345376 0.268245 0.151490 0.002639 0.223853 0.000043
0.008358 0.343608 0.268517 0.151692 0.002658 0.225123 0.000043
0.008329 0.341818 0.268534 0.151707 0.002677 0.226892 0.000043
0.008323 0.340439 0.268769 0.151950 0.002690 0.227786 0.000044
0.008334 0.338878 0.268778 0.151956 0.002688 0.229322 0.000043
0.008325 0.338665 0.268847 0.151943 0.002683 0.229491 0.000046
0.008353 0.338860 0.268736 0.151692 0.002679 0.229632 0.000048
0.008351 0.335713 0.268914 0.151934 0.002712 0.232326 0.000049
0.008393 0.334769 0.269010 0.151964 0.002733 0.233084 0.000047
0.008377 0.334194 0.269027 0.151946 0.002741 0.233665 0.000049
0.008386 0.331750 0.269195 0.151954 0.002772 0.235895 0.000047
0.008343 0.330840 0.269387 0.152200 0.002768 0.236414 0.000047
0.008332 0.329645 0.269282 0.152179 0.002776 0.237735 0.000051
0.008389 0.329336 0.269248 0.151850 0.002780 0.238347 0.000052
0.008349 0.328250 0.269308 0.152028 0.002809 0.239206 0.000049
0.008376 0.327361 0.269332 0.152058 0.002816 0.240004 0.000053
0.008305 0.325854 0.269366 0.152114 0.002821 0.241488 0.000052
0.008313 0.324355 0.269560 0.152082 0.002839 0.242799 0.000053
0.008321 0.323148 0.269514 0.152194 0.002866 0.243904 0.000053
0.008314 0.321981 0.269643 0.152355 0.002877 0.244775 0.000054
0.008317 0.320990 0.269615 0.152204 0.002884 0.245935 0.000055
0.008364 0.320301 0.269509 0.152344 0.002882 0.246542 0.000058
0.008361 0.318894 0.269602 0.152272 0.002887 0.247927 0.000058
0.008315 0.318134 0.269915 0.152253 0.002920 0.248406 0.000057
0.008328 0.316896 0.269824 0.152294 0.002918 0.249681 0.000058
0.008360 0.315703 0.269796 0.152282 0.002944 0.250854 0.000061
0.008347 0.314463 0.269751 0.152229 0.002945 0.252206 0.000059
0.008332 0.312432 0.269904 0.152247 0.002964 0.254063 0.000058
0.008343 0.312738 0.269764 0.152422 0.002947 0.253729 0.000057
0.008331 0.311433 0.269896 0.152259 0.002957 0.255065 0.000058
0.008321 0.309727 0.270081 0.152322 0.002975 0.256514 0.000059
0.008323 0.308328 0.270155 0.152368 0.003001 0.257766 0.000060
0.008325 0.307246 0.270060 0.152365 0.003013 0.258929 0.000063
0.008327 0.307674 0.269876 0.152075 0.002998 0.258986 0.000063
0.008334 0.305821 0.269990 0.152135 0.003018 0.260639 0.000063
0.008349 0.305927 0.269773 0.152118 0.003024 0.260745 0.000064
0.008329 0.303395 0.269846 0.152216 0.003050 0.263099 0.000065
0.008367 0.302905 0.269631 0.152151 0.003056 0.263827 0.000064
0.008327 0.301468 0.269678 0.152267 0.003096 0.265098 0.000066
0.008364 0.300951 0.269699 0.152279 0.003096 0.265547 0.000064
0.008371 0.300483 0.269587 0.152250 0.003085 0.266160 0.000063
0.008394 0.298181 0.269717 0.152197 0.003107 0.268341 0.000063
0.008354 0.296986 0.269645 0.152250 0.003119 0.269582 0.000064
0.008369 0.295581 0.269742 0.152217 0.003144 0.270884 0.000063
0.008398 0.295012 0.269897 0.152180 0.003152 0.271295 0.000066
0.008387 0.294483 0.269674 0.152183 0.003151 0.272052 0.000069
0.008375 0.291966 0.269704 0.152242 0.003175 0.274465 0.000072
0.008434 0.293232 0.269543 0.152080 0.003170 0.273474 0.000067
0.008414 0.291591 0.269593 0.152138 0.003174 0.275018 0.000072
0.008400 0.289123 0.269646 0.152083 0.003199 0.277478 0.000071
0.008388 0.289275 0.269434 0.152197 0.003181 0.277452 0.000073
0.008418 0.287916 0.269349 0.152044 0.003211 0.278992 0.000071
0.008402 0.287389 0.269300 0.151866 0.003229 0.279743 0.000071
0.008440 0.285397 0.269341 0.152076 0.003237 0.281436 0.000072
0.008440 0.284746 0.269227 0.151972 0.003238 0.282302 0.000073
0.008442 0.284426 0.269441 0.151928 0.003263 0.282432 0.000070
0.008456 0.283416 0.269351 0.151853 0.003262 0.283591 0.000071
0.008465 0.282499 0.269140 0.151963 0.003303 0.284553 0.000076
0.008454 0.280540 0.269057 0.151948 0.003285 0.286639 0.000077
0.008507 0.280315 0.269193 0.151922 0.003277 0.286706 0.000079
0.008536 0.279784 0.268808 0.151781 0.003297 0.287716 0.000078
0.008565 0.278099 0.268744 0.151693 0.003314 0.289504 0.000080
0.008574 0.277070 0.268710 0.151660 0.003334 0.290572 0.000079
0.008616 0.275600 0.268515 0.151666 0.003344 0.292180 0.000079
0.008646 0.275770 0.268674 0.151611 0.003343 0.291875 0.000081
0.008658 0.274275 0.268440 0.151583 0.003343 0.293617 0.000083
0.008630 0.273462 0.268483 0.151473 0.003368 0.294500 0.000083
0.008650 0.271980 0.268378 0.151465 0.003364 0.296083 0.000080
0.008691 0.272113 0.268257 0.151688 0.003386 0.295785 0.000081
0.008722 0.270785 0.268246 0.151651 0.003383 0.297133 0.000080
0.008758 0.269635 0.268022 0.151335 0.003428 0.298742 0.000079
0.008694 0.268256 0.268100 0.151374 0.003434 0.300058 0.000085
0.008743 0.267010 0.267765 0.151281 0.003437 0.301677 0.000086
0.008790 0.266283 0.267827 0.151085 0.003450 0.302481 0.000083
0.008818 0.266308 0.267531 0.151083 0.003442 0.302733 0.000086
0.008841 0.265811 0.267634 0.150958 0.003441 0.303226 0.000088
0.008812 0.263537 0.267578 0.150973 0.003454 0.305558 0.000087
0.008832 0.263108 0.267344 0.150898 0.003463 0.306270 0.000084
0.008854 0.260751 0.267379 0.150813 0.003503 0.308615 0.000084
0.008871 0.261754 0.267151 0.150680 0.003476 0.307981 0.000088
0.008893 0.261309 0.267070 0.150768 0.003480 0.308395 0.000086
0.008903 0.259285 0.267042 0.150555 0.003534 0.310596 0.000087
0.008937 0.257381 0.266843 0.150586 0.003555 0.312611 0.000087
0.008909 0.256941 0.266758 0.150438 0.003555 0.313310 0.000088
0.008933 0.256090 0.266538 0.150458 0.003560 0.314330 0.000090
0.008984 0.255771 0.266619 0.150408 0.003555 0.314573 0.000090
0.008986 0.255165 0.266432 0.150418 0.003572 0.315337 0.000091
0.009005 0.254408 0.266285 0.150473 0.003572 0.316169 0.000088
0.009022 0.253070 0.266075 0.150237 0.003579 0.317925 0.000091
0.009056 0.253277 0.266105 0.150176 0.003597 0.317699 0.000091
0.009011 0.251816 0.265994 0.150097 0.003606 0.319384 0.000092
0.009051 0.251653 0.265696 0.149884 0.003622 0.320000 0.000095
0.009083 0.249732 0.265570 0.149864 0.003639 0.322017 0.000095
0.009103 0.249411 0.265470 0.149808 0.003634 0.322480 0.000093
0.009117 0.248289 0.265340 0.149740 0.003676 0.323746 0.000093
0.009142 0.247974 0.265307 0.149603 0.003662 0.324219 0.000094
0.009152 0.247204 0.265044 0.149514 0.003683 0.325310 0.000093
0.009185 0.245336 0.264852 0.149305 0.003708 0.327517 0.000097
0.009239 0.246020 0.264818 0.149346 0.003692 0.326791 0.000094
0.009235 0.244145 0.264645 0.149171 0.003701 0.329005 0.000097
0.009252 0.243648 0.264495 0.149242 0.003707 0.329559 0.000097
0.009222 0.242013 0.264277 0.149093 0.003733 0.331564 0.000098
0.009307 0.242208 0.264323 0.148914 0.003742 0.331407 0.000099
0.009302 0.240881 0.263961 0.148861 0.003775 0.333122 0.000098
0.009343 0.240495 0.263912 0.148876 0.003741 0.333532 0.000100
0.009360 0.239177 0.263877 0.148777 0.003787 0.334922 0.000098
0.009428 0.238540 0.263512 0.148771 0.003767 0.335879 0.000102
0.009378 0.237867 0.263730 0.148574 0.003800 0.336551 0.000100
0.009439 0.237156 0.263308 0.148460 0.003789 0.337743 0.000105
0.009424 0.236530 0.263086 0.148468 0.003799 0.338587 0.000106
0.009442 0.235855 0.263118 0.148441 0.003801 0.339237 0.000106
0.009465 0.234454 0.263001 0.148298 0.003849 0.340828 0.000105
0.009450 0.234551 0.262756 0.148234 0.003812 0.341096 0.000101
0.009455 0.234174 0.262654 0.148205 0.003834 0.341572 0.000106
0.009532 0.232252 0.262392 0.148060 0.003863 0.343796 0.000105
0.009541 0.231827 0.262308 0.147866 0.003860 0.344497 0.000101
0.009532 0.232120 0.262262 0.147826 0.003852 0.344305 0.000102
0.009567 0.229890 0.261863 0.147732 0.003884 0.346959 0.000105
0.009561 0.229321 0.261781 0.147621 0.003877 0.347733 0.000106
0.009566 0.228981 0.261572 0.147719 0.003900 0.348155 0.000106
0.009600 0.228980 0.261543 0.147587 0.003890 0.348292 0.000108
0.009587 0.227975 0.261287 0.147307 0.003906 0.349828 0.000110
0.009583 0.226782 0.261119 0.147286 0.003912 0.351206 0.000112
0.009581 0.225802 0.261013 0.147074 0.003931 0.352493 0.000106
0.009612 0.224747 0.260619 0.147139 0.003958 0.353815 0.000109
0.009671 0.223643 0.260320 0.146881 0.003986 0.355385 0.000114
0.009684 0.223324 0.260323 0.146794 0.003981 0.355780 0.000114
0.009689 0.222553 0.260028 0.146540 0.004013 0.357062 0.000115
0.009696 0.222592 0.259864 0.146568 0.003993 0.357175 0.000112
0.009754 0.221359 0.259665 0.146492 0.004004 0.358609 0.000116
0.009765 0.219790 0.259303 0.146393 0.004027 0.360604 0.000119
0.009721 0.220289 0.259470 0.146308 0.004016 0.360079 0.000116
0.009814 0.219106 0.259197 0.146131 0.004021 0.361609 0.000121
0.009798 0.218574 0.258942 0.146083 0.004059 0.362426 0.000118
0.009819 0.217983 0.258747 0.145925 0.004086 0.363321 0.000121
0.009845 0.217100 0.258613 0.145676 0.004055 0.364594 0.000115
0.009911 0.215999 0.258224 0.145539 0.004069 0.366144 0.000114
0.009907 0.215952 0.258269 0.145643 0.004060 0.366044 0.000126
0.009944 0.215213 0.258000 0.145575 0.004064 0.367080 0.000124
0.009938 0.215148 0.257900 0.145457 0.004076 0.367350 0.000130
0.009989 0.213291 0.257353 0.145376 0.004084 0.369781 0.000126
0.010004 0.213088 0.257300 0.145229 0.004091 0.370161 0.000127
0.010031 0.213310 0.257376 0.145147 0.004120 0.369888 0.000129
0.010054 0.212137 0.257017 0.144997 0.004115 0.371554 0.000126
0.010057 0.210295 0.256620 0.144941 0.004134 0.373825 0.000128
0.010132 0.210164 0.256334 0.144787 0.004109 0.374346 0.000128
0.010132 0.209849 0.256352 0.144621 0.004137 0.374780 0.000129
0.010117 0.209238 0.256129 0.144602 0.004178 0.375603 0.000134
0.010149 0.208322 0.255900 0.144590 0.004158 0.376752 0.000129
0.010232 0.208215 0.255752 0.144282 0.004152 0.377236 0.000131
0.010231 0.207737 0.255583 0.144220 0.004175 0.377922 0.000132
0.010251 0.206576 0.255393 0.143996 0.004178 0.379470 0.000136
0.010226 0.206038 0.255170 0.143878 0.004165 0.380392 0.000130
0.010285 0.205359 0.254895 0.143701 0.004171 0.381454 0.000136
0.010284 0.205028 0.254728 0.143652 0.004184 0.381990 0.000133
0.010360 0.204249 0.254539 0.143564 0.004209 0.382942 0.000135
0.010366 0.203123 0.254156 0.143233 0.004203 0.384785 0.000135
0.010416 0.203603 0.254309 0.143325 0.004203 0.384013 0.000132
0.010408 0.202642 0.254056 0.143229 0.004231 0.385295 0.000139
0.010453 0.202085 0.253703 0.143086 0.004238 0.386297 0.000138
0.010497 0.201379 0.253638 0.143006 0.004232 0.387110 0.000139
0.010543 0.199799 0.253070 0.142620 0.004249 0.389581 0.000139
0.010573 0.200107 0.252916 0.142724 0.004255 0.389282 0.000143
0.010602 0.198557 0.252470 0.142402 0.004271 0.391565 0.000133
0.010616 0.198402 0.252561 0.142259 0.004297 0.391726 0.000140
0.010687 0.198134 0.252135 0.142155 0.004280 0.392467 0.000142
0.010723 0.197068 0.251982 0.142093 0.004290 0.393706 0.000138
0.010709 0.196589 0.251849 0.141908 0.004310 0.394494 0.000142
0.010747 0.196445 0.251439 0.141930 0.004311 0.394983 0.000145
0.010782 0.195654 0.251186 0.141787 0.004322 0.396129 0.000142
0.010753 0.194981 0.251126 0.141639 0.004347 0.397008 0.000145
0.010795 0.194118 0.250718 0.141380 0.004344 0.398506 0.000139
0.010787 0.193734 0.250557 0.141418 0.004350 0.399016 0.000139
0.010833 0.192839 0.250103 0.141149 0.004362 0.400572 0.000142
0.010901 0.192888 0.250151 0.141102 0.004361 0.400453 0.000142
0.010849 0.192011 0.249909 0.140818 0.004398 0.401868 0.000148
0.010912 0.191699 0.249689 0.140947 0.004393 0.402214 0.000146
0.010928 0.191096 0.249422 0.140822 0.004423 0.403164 0.000145
0.010926 0.190359 0.249130 0.140459 0.004434 0.404545 0.000147
0.011006 0.189220 0.248731 0.140174 0.004443 0.406280 0.000146
0.011006 0.188956 0.248623 0.140154 0.004446 0.406671 0.000143
0.011079 0.188306 0.248357 0.140063 0.004447 0.407601 0.000147
0.011104 0.188437 0.248013 0.140063 0.004434 0.407798 0.000151
0.011115 0.187454 0.247855 0.139834 0.004457 0.409135 0.000151
0.011109 0.187191 0.247724 0.139799 0.004462 0.409564 0.000151
0.011188 0.186228 0.247189 0.139584 0.004493 0.411164 0.000155
0.011149 0.185910 0.246982 0.139362 0.004497 0.411945 0.000155
0.011188 0.185592 0.246804 0.139471 0.004478 0.412311 0.000157
0.011168 0.184719 0.246635 0.139197 0.004516 0.413614 0.000151
0.011237 0.184201 0.246279 0.138955 0.004513 0.414665 0.000151
0.011258 0.183854 0.246222 0.138956 0.004512 0.415046 0.000153
0.011314 0.183210 0.245645 0.138717 0.004533 0.416425 0.000157
0.011405 0.182225 0.245457 0.138511 0.004545 0.417701 0.000156
0.011471 0.181523 0.244930 0.138430 0.004568 0.418921 0.000157
0.011486 0.181779 0.245066 0.138388 0.004589 0.418532 0.000160
0.011468 0.180839 0.244896 0.138245 0.004579 0.419809 0.000163
0.011472 0.180935 0.244856 0.138226 0.004542 0.419807 0.000163
0.011551 0.179704 0.244340 0.137812 0.004579 0.421851 0.000162
0.011550 0.178991 0.243992 0.137594 0.004589 0.423122 0.000161
0.011607 0.179261 0.243949 0.137728 0.004561 0.422731 0.000165
0.011665 0.178581 0.243741 0.137572 0.004596 0.423678 0.000166
0.011627 0.178348 0.243562 0.137451 0.004612 0.424237 0.000163
0.011746 0.177007 0.243092 0.137235 0.004642 0.426105 0.000172
0.011738 0.176603 0.242826 0.137093 0.004631 0.426944 0.000165
0.011763 0.176418 0.242660 0.136803 0.004644 0.427548 0.000165
0.011773 0.176334 0.242588 0.136754 0.004661 0.427721 0.000169
0.011866 0.174767 0.241982 0.136558 0.004647 0.430012 0.000169
0.011924 0.174612 0.241916 0.136442 0.004649 0.430285 0.000171
0.011945 0.174380 0.241597 0.136282 0.004668 0.430958 0.000171
0.011945 0.174101 0.241485 0.136075 0.004646 0.431579 0.000169
0.012025 0.173258 0.240894 0.135897 0.004673 0.433081 0.000172
0.012072 0.173098 0.240886 0.135806 0.004685 0.433286 0.000168
0.012081 0.172550 0.240732 0.135832 0.004686 0.433944 0.000175
0.012082 0.172146 0.240520 0.135797 0.004652 0.434626 0.000176
0.012111 0.171491 0.240161 0.135343 0.004653 0.436067 0.000173
0.012101 0.171408 0.239938 0.135233 0.004716 0.436429 0.000175
0.012136 0.170761 0.239971 0.135158 0.004708 0.437086 0.000180
0.012162 0.169771 0.239473 0.135074 0.004759 0.438582 0.000180
0.012197 0.169328 0.239252 0.135061 0.004714 0.439268 0.000180
0.012275 0.168898 0.238909 0.134765 0.004738 0.440232 0.000183
0.012300 0.168670 0.238834 0.134583 0.004713 0.440718 0.000182
0.012394 0.167890 0.238435 0.134417 0.004751 0.441937 0.000178
0.012430 0.167098 0.238017 0.134069 0.004751 0.443445 0.000189
0.012466 0.166917 0.237831 0.134031 0.004759 0.443811 0.000184
0.012433 0.166778 0.237716 0.134102 0.004744 0.444040 0.000187
0.012490 0.165797 0.237300 0.133692 0.004759 0.445778 0.000185
0.012531 0.165524 0.236863 0.133541 0.004758 0.446600 0.000184
0.012545 0.164600 0.236894 0.133480 0.004807 0.447485 0.000188
0.012581 0.164973 0.236751 0.133373 0.004788 0.447343 0.000191
0.012638 0.164251 0.236562 0.133160 0.004788 0.448418 0.000183
0.012693 0.163705 0.236199 0.133004 0.004811 0.449397 0.000192
0.012790 0.162827 0.235731 0.132779 0.004818 0.450866 0.000189
0.012816 0.163021 0.235637 0.132743 0.004828 0.450764 0.000192
0.012894 0.162243 0.235239 0.132519 0.004817 0.452094 0.000194
0.012898 0.161163 0.234936 0.132203 0.004845 0.453760 0.000195
0.012891 0.161179 0.234859 0.132148 0.004840 0.453886 0.000196
0.012976 0.160875 0.234353 0.132020 0.004861 0.454721 0.000195
0.012993 0.160595 0.234370 0.132091 0.004848 0.454910 0.000193
0.012982 0.160442 0.234042 0.131967 0.004851 0.455525 0.000191
0.013054 0.159960 0.233805 0.131608 0.004832 0.456544 0.000197
0.013129 0.159660 0.233384 0.131463 0.004879 0.457289 0.000195
0.013113 0.159249 0.233162 0.131273 0.004868 0.458140 0.000195
0.013134 0.158525 0.233074 0.131172 0.004887 0.459009 0.000199
0.013155 0.157995 0.232693 0.131036 0.004884 0.460036 0.000201
0.013244 0.157702 0.232160 0.130862 0.004891 0.460943 0.000198
0.013245 0.157088 0.231950 0.130734 0.004891 0.461891 0.000201
0.013268 0.156939 0.231908 0.130690 0.004894 0.462096 0.000204
0.013293 0.156157 0.231459 0.130388 0.004907 0.463594 0.000201
0.013326 0.156097 0.231127 0.130157 0.004875 0.464216 0.000202
0.013349 0.155547 0.231080 0.130121 0.004926 0.464777 0.000200
0.013347 0.155312 0.231027 0.129910 0.004906 0.465303 0.000196
0.013456 0.154111 0.230241 0.129565 0.004908 0.467519 0.000200
0.013450 0.154287 0.230176 0.129523 0.004943 0.467416 0.000204
0.013517 0.153912 0.229974 0.129546 0.004951 0.467898 0.000202
0.013554 0.153123 0.229616 0.129221 0.004948 0.469337 0.000200
0.013519 0.153226 0.229625 0.129267 0.004945 0.469215 0.000204
0.013611 0.152600 0.229066 0.129058 0.004966 0.470497 0.000202
0.013631 0.152418 0.229140 0.129041 0.004930 0.470630 0.000211
0.013727 0.151703 0.228557 0.128711 0.004972 0.472124 0.000207
0.013751 0.151700 0.228599 0.128634 0.004943 0.472168 0.000206
0.013766 0.151246 0.228036 0.128357 0.004947 0.473441 0.000207
0.013846 0.150783 0.227810 0.128232 0.004990 0.474128 0.000212
0.013853 0.149989 0.227358 0.127939 0.004969 0.475680 0.000211
0.013904 0.150043 0.227587 0.127930 0.004975 0.475343 0.000218
0.013943 0.149611 0.227200 0.127814 0.004980 0.476234 0.000218
0.013965 0.149073 0.226936 0.127533 0.005005 0.477275 0.000214
0.013968 0.148743 0.226549 0.127489 0.004990 0.478045 0.000216
0.013990 0.148192 0.226138 0.127392 0.004966 0.479113 0.000209
0.014072 0.147801 0.225838 0.127062 0.004982 0.480029 0.000217
0.014066 0.147804 0.225889 0.126954 0.005015 0.480062 0.000209
0.014117 0.147770 0.225730 0.126937 0.005031 0.480197 0.000218
0.014251 0.146765 0.225008 0.126554 0.005033 0.482169 0.000221
0.014244 0.146954 0.225126 0.126565 0.005030 0.481859 0.000222
0.014294 0.146126 0.224457 0.126259 0.005031 0.483613 0.000220
0.014359 0.145745 0.224305 0.126042 0.005038 0.484293 0.000218
0.014375 0.145658 0.224192 0.126248 0.005081 0.484220 0.000225
0.014403 0.145238 0.223854 0.125903 0.005040 0.485337 0.000225
0.014446 0.144798 0.223525 0.125816 0.005063 0.486129 0.000223
0.014522 0.144611 0.223326 0.125781 0.005079 0.486457 0.000225
0.014549 0.143925 0.222943 0.125426 0.005075 0.487862 0.000220
0.014593 0.143528 0.222492 0.125216 0.005057 0.488891 0.000223
0.014599 0.143232 0.222441 0.125074 0.005094 0.489336 0.000224
0.014607 0.142668 0.222106 0.124829 0.005100 0.490465 0.000226
0.014683 0.142549 0.221835 0.124690 0.005091 0.490927 0.000223
0.014747 0.142017 0.221618 0.124569 0.005110 0.491711 0.000228
0.014800 0.141719 0.221283 0.124421 0.005088 0.492461 0.000229
0.014807 0.141440 0.221074 0.124317 0.005118 0.493015 0.000229
0.014831 0.141008 0.220751 0.124190 0.005082 0.493906 0.000231
0.014939 0.140269 0.220065 0.123784 0.005133 0.495581 0.000228
0.014961 0.140747 0.220321 0.124023 0.005114 0.494603 0.000231
0.015064 0.139794 0.219779 0.123704 0.005125 0.496302 0.000232
0.015093 0.139515 0.219686 0.123489 0.005137 0.496846 0.000233
0.015099 0.139004 0.219226 0.123331 0.005133 0.497977 0.000230
0.015199 0.138901 0.219025 0.123204 0.005156 0.498284 0.000230
0.015225 0.138750 0.218854 0.123067 0.005129 0.498742 0.000233
0.015257 0.138352 0.218563 0.122827 0.005164 0.499607 0.000232
0.015245 0.138046 0.218511 0.122752 0.005169 0.500045 0.000232
