0.991073 0.008763 0.000130 0.000032 0.000000 0.000003 0.000000
0.823133 0.171564 0.003429 0.001805 0.000000 0.000070 0.000000
0.565291 0.413606 0.013128 0.007388 0.000002 0.000585 0.000000
0.399718 0.552654 0.028788 0.016726 0.000020 0.002093 0.000000
0.296505 0.617483 0.051139 0.029118 0.000072 0.005683 0.000000
0.221522 0.639535 0.080613 0.045411 0.000141 0.012778 0.000000
0.195284 0.620798 0.103619 0.058234 0.000233 0.021833 0.000000
0.107999 0.638885 0.138061 0.077749 0.000428 0.036874 0.000005
0.037252 0.616615 0.182406 0.102495 0.000686 0.060540 0.000005
0.025147 0.562801 0.209392 0.117879 0.000980 0.083795 0.000005
0.021546 0.512321 0.228901 0.128690 0.001243 0.107293 0.000005
0.020251 0.466633 0.243128 0.136604 0.001507 0.131871 0.000008
0.020162 0.424398 0.253913 0.142411 0.001782 0.157313 0.000020
0.020888 0.385817 0.261494 0.146045 0.002113 0.183613 0.000029
0.021996 0.350669 0.265983 0.148403 0.002396 0.210514 0.000039
0.023684 0.318461 0.267697 0.149639 0.002708 0.237764 0.000048
0.025812 0.290461 0.267526 0.149419 0.002967 0.263754 0.000061
0.028321 0.264142 0.265892 0.148220 0.003223 0.290127 0.000076
0.031103 0.240590 0.262896 0.146463 0.003496 0.315363 0.000090
0.034276 0.219040 0.258589 0.144151 0.003698 0.340144 0.000103
0.037712 0.199539 0.253605 0.140984 0.003944 0.364103 0.000113
0.041370 0.181986 0.248142 0.137351 0.004166 0.386859 0.000126
0.045292 0.166669 0.241944 0.133919 0.004286 0.407754 0.000136
0.049734 0.151772 0.234834 0.129747 0.004458 0.429309 0.000147
0.054062 0.138844 0.227406 0.125779 0.004628 0.449115 0.000166
0.058515 0.126843 0.220112 0.121740 0.004780 0.467826 0.000184
0.063409 0.115946 0.212295 0.116799 0.004924 0.486431 0.000196
0.068216 0.106208 0.204796 0.112532 0.005021 0.503011 0.000216
0.073512 0.097244 0.197058 0.108325 0.005088 0.518540 0.000233
0.079328 0.089151 0.188846 0.103887 0.005140 0.533393 0.000255
0.085003 0.082203 0.181149 0.099374 0.005202 0.546804 0.000265
0.090909 0.075370 0.173410 0.094960 0.005189 0.559869 0.000293
0.096944 0.069216 0.165955 0.090787 0.005253 0.571536 0.000308
0.103073 0.063769 0.158816 0.086562 0.005307 0.582148 0.000325
0.109513 0.058707 0.151756 0.082337 0.005334 0.592008 0.000344
0.115849 0.054100 0.144993 0.078576 0.005325 0.600789 0.000368
0.122592 0.049815 0.138321 0.074724 0.005301 0.608857 0.000390
0.129299 0.046085 0.131775 0.070970 0.005310 0.616137 0.000423
0.136184 0.042518 0.125682 0.067368 0.005303 0.622502 0.000443
0.143511 0.039201 0.119464 0.063849 0.005262 0.628240 0.000473
0.150435 0.036330 0.113887 0.060793 0.005240 0.632814 0.000501
0.157475 0.033625 0.108312 0.057649 0.005199 0.637211 0.000528
0.164542 0.030956 0.103066 0.054711 0.005172 0.641007 0.000547
0.172271 0.028441 0.097977 0.051728 0.005070 0.643931 0.000583
0.179492 0.026422 0.093263 0.048830 0.004973 0.646426 0.000595
0.187402 0.024633 0.088589 0.046173 0.004921 0.647678 0.000603
0.339203 0.046446 0.066507 0.034681 0.003850 0.508827 0.000487
0.305582 0.204778 0.055490 0.028828 0.002988 0.401940 0.000395
0.198952 0.161498 0.071488 0.037853 0.003851 0.525834 0.000524
0.198562 0.113496 0.074837 0.039566 0.004057 0.568894 0.000587
0.205166 0.093983 0.075073 0.039986 0.004072 0.581115 0.000606
0.211659 0.083641 0.074833 0.039875 0.003984 0.585381 0.000628
0.218880 0.073969 0.073967 0.039154 0.003937 0.589445 0.000647
0.225478 0.067700 0.073009 0.038613 0.003916 0.590616 0.000667
0.232254 0.061256 0.072082 0.038071 0.003829 0.591825 0.000683
0.240674 0.053719 0.069835 0.036751 0.003726 0.594573 0.000721
0.246006 0.051661 0.069503 0.036379 0.003623 0.592093 0.000735
0.252767 0.047527 0.067602 0.035073 0.003587 0.592702 0.000742
0.260867 0.042678 0.064954 0.033499 0.003522 0.593722 0.000758
0.269254 0.037268 0.061962 0.031901 0.003461 0.595383 0.000770
0.277496 0.033290 0.059198 0.030386 0.003381 0.595464 0.000785
0.284373 0.030877 0.057437 0.029385 0.003305 0.593833 0.000790
0.290523 0.029286 0.056403 0.028828 0.003254 0.590901 0.000804
0.298689 0.025920 0.053485 0.027223 0.003211 0.590657 0.000815
0.305391 0.023783 0.051546 0.026292 0.003203 0.588954 0.000831
0.313775 0.020990 0.048621 0.024825 0.003113 0.587841 0.000835
0.320581 0.019635 0.046703 0.023573 0.003071 0.585593 0.000844
0.329561 0.017072 0.043364 0.021456 0.002989 0.584692 0.000866
0.335223 0.016307 0.042530 0.020979 0.002917 0.581161 0.000882
0.344579 0.014168 0.039208 0.019061 0.002845 0.579247 0.000892
0.349647 0.013723 0.038986 0.018805 0.002841 0.575111 0.000887
0.355298 0.013077 0.038038 0.018540 0.002797 0.571350 0.000900
0.365785 0.011248 0.034214 0.016652 0.002645 0.568529 0.000927
0.372577 0.010456 0.032702 0.015808 0.002631 0.564897 0.000930
0.381260 0.009029 0.030040 0.014405 0.002513 0.561807 0.000947
0.386339 0.008755 0.029207 0.014096 0.002488 0.558158 0.000956
0.392181 0.008241 0.028424 0.013721 0.002418 0.554037 0.000977
0.398897 0.007478 0.026773 0.012993 0.002312 0.550539 0.001007
0.410030 0.006223 0.023731 0.011296 0.002204 0.545494 0.001021
0.416441 0.005819 0.022640 0.010768 0.002172 0.541129 0.001031
0.424304 0.005256 0.020974 0.010007 0.002083 0.536327 0.001049
0.431388 0.004800 0.019926 0.009357 0.002016 0.531447 0.001066
0.434846 0.004770 0.020068 0.009417 0.001994 0.527841 0.001064
0.445251 0.004038 0.017560 0.007998 0.001911 0.522166 0.001074
0.449840 0.003986 0.017153 0.007834 0.001870 0.518236 0.001081
0.455805 0.003749 0.016359 0.007469 0.001809 0.513695 0.001114
0.462241 0.003471 0.015441 0.007038 0.001752 0.508937 0.001119
0.467665 0.003219 0.014834 0.006745 0.001703 0.504705 0.001129
0.473156 0.003071 0.014185 0.006472 0.001657 0.500319 0.001140
0.482501 0.002638 0.012567 0.005600 0.001566 0.493989 0.001137
0.490371 0.002418 0.011440 0.005002 0.001490 0.488133 0.001146
0.492153 0.002515 0.011887 0.005192 0.001519 0.485569 0.001166
0.500710 0.002170 0.010551 0.004543 0.001428 0.479424 0.001174
0.505798 0.002075 0.010062 0.004389 0.001367 0.475122 0.001187
0.514034 0.001843 0.008978 0.003807 0.001309 0.468829 0.001200
0.521233 0.001698 0.008208 0.003471 0.001263 0.462920 0.001207
0.525343 0.001655 0.008101 0.003463 0.001231 0.458997 0.001210
0.532068 0.001487 0.007437 0.003153 0.001173 0.453477 0.001206
0.536849 0.001426 0.007232 0.003046 0.001155 0.449078 0.001214
0.540464 0.001432 0.007170 0.002987 0.001127 0.445595 0.001225
0.549870 0.001304 0.006076 0.002521 0.001044 0.437950 0.001236
0.550421 0.001367 0.006437 0.002748 0.001073 0.436713 0.001241
0.558207 0.001247 0.005708 0.002382 0.001036 0.430166 0.001254
0.566326 0.001131 0.005026 0.002088 0.000943 0.423242 0.001245
0.570397 0.001116 0.004894 0.002020 0.000923 0.419382 0.001269
0.571796 0.001179 0.005060 0.002076 0.000929 0.417682 0.001277
0.577814 0.001109 0.004664 0.001878 0.000907 0.412362 0.001266
0.584299 0.001051 0.004228 0.001702 0.000848 0.406593 0.001278
0.588870 0.001036 0.004012 0.001610 0.000815 0.402369 0.001288
0.595734 0.000909 0.003632 0.001458 0.000759 0.396218 0.001290
0.598532 0.000896 0.003646 0.001413 0.000756 0.393458 0.001298
0.604070 0.000863 0.003383 0.001313 0.000721 0.388363 0.001287
0.610259 0.000807 0.003052 0.001176 0.000698 0.382715 0.001292
0.613066 0.000817 0.003045 0.001175 0.000664 0.379937 0.001296
0.620892 0.000709 0.002687 0.000993 0.000622 0.372788 0.001309
0.622269 0.000693 0.002804 0.001007 0.000617 0.371298 0.001311
0.627779 0.000657 0.002644 0.000926 0.000608 0.366072 0.001314
0.631941 0.000640 0.002529 0.000884 0.000580 0.362112 0.001314
0.637145 0.000585 0.002379 0.000799 0.000557 0.357227 0.001309
0.642880 0.000544 0.002150 0.000696 0.000522 0.351890 0.001317
0.648533 0.000516 0.001943 0.000649 0.000469 0.346566 0.001325
0.650048 0.000542 0.001995 0.000674 0.000477 0.344957 0.001307
0.656890 0.000501 0.001772 0.000605 0.000436 0.338478 0.001319
0.660723 0.000492 0.001726 0.000572 0.000435 0.334734 0.001318
0.665928 0.000456 0.001602 0.000510 0.000405 0.329772 0.001329
0.666328 0.000475 0.001745 0.000549 0.000424 0.329164 0.001316
0.675047 0.000400 0.001415 0.000443 0.000357 0.321027 0.001310
0.674766 0.000435 0.001578 0.000483 0.000371 0.321043 0.001324
0.676591 0.000453 0.001595 0.000485 0.000382 0.319160 0.001334
0.684635 0.000436 0.001293 0.000382 0.000337 0.311592 0.001325
0.686239 0.000433 0.001314 0.000378 0.000345 0.309954 0.001338
0.691173 0.000421 0.001219 0.000345 0.000326 0.305187 0.001328
0.696011 0.000411 0.001147 0.000305 0.000324 0.300455 0.001347
0.702069 0.000377 0.000995 0.000249 0.000292 0.294685 0.001333
0.700868 0.000395 0.001153 0.000308 0.000332 0.295604 0.001340
0.706579 0.000369 0.001019 0.000254 0.000302 0.290161 0.001316
0.710210 0.000361 0.001006 0.000249 0.000292 0.286525 0.001356
0.711343 0.000353 0.001010 0.000265 0.000293 0.285387 0.001347
0.715304 0.000348 0.000964 0.000244 0.000283 0.281495 0.001362
0.719178 0.000320 0.000892 0.000209 0.000268 0.277786 0.001348
0.724233 0.000296 0.000793 0.000178 0.000260 0.272886 0.001354
0.726267 0.000300 0.000801 0.000177 0.000262 0.270831 0.001363
0.730396 0.000295 0.000744 0.000168 0.000241 0.266798 0.001358
0.735127 0.000269 0.000680 0.000150 0.000227 0.262178 0.001369
0.736042 0.000277 0.000721 0.000152 0.000234 0.261200 0.001374
0.740326 0.000270 0.000629 0.000132 0.000220 0.257072 0.001350
0.743628 0.000255 0.000591 0.000124 0.000216 0.253835 0.001351
0.748384 0.000256 0.000522 0.000110 0.000202 0.249167 0.001358
0.749944 0.000253 0.000525 0.000113 0.000205 0.247607 0.001353
0.751859 0.000255 0.000523 0.000122 0.000210 0.245661 0.001371
0.756243 0.000241 0.000454 0.000105 0.000194 0.241388 0.001375
0.758680 0.000238 0.000440 0.000102 0.000177 0.238992 0.001371
0.761050 0.000228 0.000422 0.000104 0.000165 0.236655 0.001375
0.766350 0.000227 0.000356 0.000083 0.000152 0.231471 0.001361
0.766541 0.000223 0.000405 0.000082 0.000154 0.231228 0.001367
0.769635 0.000219 0.000376 0.000064 0.000140 0.228195 0.001371
0.774074 0.000214 0.000350 0.000061 0.000127 0.223792 0.001381
0.775007 0.000212 0.000354 0.000059 0.000133 0.222851 0.001384
0.778220 0.000212 0.000330 0.000060 0.000124 0.219667 0.001388
0.781581 0.000219 0.000314 0.000057 0.000108 0.216354 0.001368
0.784379 0.000214 0.000304 0.000057 0.000105 0.213564 0.001377
0.787127 0.000205 0.000299 0.000053 0.000108 0.210831 0.001377
0.790467 0.000206 0.000267 0.000047 0.000103 0.207538 0.001373
0.792473 0.000204 0.000253 0.000044 0.000099 0.205561 0.001365
0.794330 0.000201 0.000253 0.000047 0.000082 0.203716 0.001372
0.797684 0.000197 0.000246 0.000044 0.000075 0.200366 0.001388
0.800494 0.000208 0.000233 0.000051 0.000073 0.197590 0.001351
0.800449 0.000207 0.000260 0.000047 0.000073 0.197592 0.001372
0.803821 0.000198 0.000232 0.000042 0.000075 0.194242 0.001391
0.806560 0.000206 0.000221 0.000036 0.000070 0.191532 0.001374
0.808125 0.000211 0.000215 0.000037 0.000065 0.189957 0.001391
0.813891 0.000190 0.000184 0.000034 0.000049 0.184264 0.001388
0.812242 0.000192 0.000211 0.000039 0.000057 0.185872 0.001386
0.816593 0.000184 0.000174 0.000037 0.000048 0.181582 0.001383
0.817268 0.000180 0.000178 0.000033 0.000048 0.180899 0.001395
0.820404 0.000189 0.000158 0.000027 0.000042 0.177810 0.001369
0.821934 0.000191 0.000144 0.000032 0.000045 0.176283 0.001371
0.824806 0.000187 0.000140 0.000027 0.000046 0.173405 0.001388
0.826554 0.000178 0.000149 0.000020 0.000045 0.171665 0.001390
0.828220 0.000174 0.000147 0.000027 0.000049 0.170004 0.001380
0.830988 0.000165 0.000125 0.000022 0.000047 0.167257 0.001395
0.833603 0.000169 0.000109 0.000023 0.000036 0.164670 0.001389
0.836290 0.000168 0.000098 0.000020 0.000037 0.161976 0.001411
0.835051 0.000184 0.000103 0.000014 0.000043 0.163191 0.001414
0.839512 0.000174 0.000097 0.000014 0.000035 0.158763 0.001406
0.841408 0.000169 0.000073 0.000010 0.000029 0.156916 0.001395
0.843540 0.000166 0.000076 0.000020 0.000026 0.154775 0.001397
0.846571 0.000167 0.000070 0.000018 0.000023 0.151754 0.001396
0.847024 0.000172 0.000084 0.000010 0.000024 0.151313 0.001374
0.848848 0.000169 0.000080 0.000012 0.000029 0.149460 0.001403
0.850511 0.000172 0.000070 0.000014 0.000024 0.147806 0.001402
0.852410 0.000162 0.000069 0.000012 0.000026 0.145908 0.001413
0.853808 0.000173 0.000069 0.000010 0.000022 0.144494 0.001425
0.855096 0.000157 0.000072 0.000012 0.000027 0.143224 0.001411
0.858458 0.000154 0.000071 0.000012 0.000019 0.139882 0.001404
0.860611 0.000155 0.000070 0.000013 0.000013 0.137761 0.001378
0.861487 0.000168 0.000065 0.000013 0.000017 0.136835 0.001416
0.863077 0.000161 0.000067 0.000011 0.000014 0.135264 0.001406
0.864980 0.000156 0.000064 0.000016 0.000012 0.133382 0.001391
0.866292 0.000157 0.000061 0.000011 0.000011 0.132064 0.001403
0.867443 0.000162 0.000064 0.000012 0.000012 0.130899 0.001408
0.867784 0.000154 0.000072 0.000013 0.000008 0.130563 0.001406
0.870561 0.000153 0.000056 0.000015 0.000007 0.127792 0.001416
0.871104 0.000150 0.000064 0.000008 0.000007 0.127266 0.001400
0.875989 0.000155 0.000060 0.000010 0.000007 0.122369 0.001411
0.874723 0.000156 0.000059 0.000015 0.000008 0.123633 0.001407
0.876884 0.000161 0.000056 0.000010 0.000008 0.121469 0.001412
0.878835 0.000161 0.000065 0.000013 0.000008 0.119515 0.001403
0.880171 0.000148 0.000063 0.000011 0.000006 0.118199 0.001402
0.881884 0.000143 0.000065 0.000015 0.000007 0.116471 0.001416
0.882987 0.000149 0.000064 0.000013 0.000004 0.115381 0.001403
0.884195 0.000151 0.000069 0.000011 0.000005 0.114175 0.001394
0.885896 0.000150 0.000070 0.000008 0.000006 0.112459 0.001411
0.888024 0.000142 0.000065 0.000008 0.000005 0.110357 0.001398
0.888579 0.000143 0.000056 0.000009 0.000002 0.109806 0.001405
0.891270 0.000138 0.000061 0.000007 0.000001 0.107113 0.001410
0.891996 0.000140 0.000057 0.000011 0.000002 0.106374 0.001420
0.894748 0.000147 0.000043 0.000008 0.000003 0.103662 0.001390
0.894590 0.000150 0.000046 0.000007 0.000002 0.103809 0.001397
0.896659 0.000145 0.000048 0.000005 0.000003 0.101752 0.001388
0.897787 0.000139 0.000055 0.000005 0.000002 0.100612 0.001399
0.899462 0.000147 0.000054 0.000004 0.000003 0.098925 0.001404
0.899856 0.000141 0.000052 0.000003 0.000004 0.098534 0.001408
0.901164 0.000145 0.000049 0.000008 0.000004 0.097239 0.001391
0.902048 0.000149 0.000049 0.000004 0.000003 0.096328 0.001419
0.901910 0.000140 0.000054 0.000004 0.000003 0.096454 0.001434
0.903963 0.000141 0.000045 0.000006 0.000000 0.094436 0.001409
0.906296 0.000147 0.000047 0.000007 0.000000 0.092102 0.001401
0.907095 0.000150 0.000052 0.000003 0.000000 0.091293 0.001406
0.908943 0.000151 0.000044 0.000005 0.000000 0.089464 0.001393
0.909425 0.000150 0.000043 0.000008 0.000000 0.088967 0.001407
0.910211 0.000165 0.000040 0.000006 0.000000 0.088198 0.001381
0.911897 0.000160 0.000034 0.000008 0.000000 0.086504 0.001397
0.912327 0.000165 0.000035 0.000009 0.000002 0.086066 0.001396
0.914583 0.000161 0.000030 0.000007 0.000003 0.083810 0.001406
0.913603 0.000156 0.000027 0.000004 0.000002 0.084788 0.001421
0.914855 0.000158 0.000034 0.000004 0.000003 0.083549 0.001396
0.915715 0.000152 0.000029 0.000002 0.000002 0.082680 0.001420
0.919116 0.000161 0.000030 0.000003 0.000003 0.079304 0.001383
0.919451 0.000155 0.000029 0.000005 0.000002 0.078993 0.001366
0.919459 0.000153 0.000036 0.000003 0.000004 0.078956 0.001389
0.920986 0.000148 0.000026 0.000002 0.000002 0.077399 0.001437
0.921884 0.000150 0.000036 0.000007 0.000002 0.076520 0.001400
0.922307 0.000151 0.000023 0.000004 0.000002 0.076118 0.001394
0.922221 0.000146 0.000028 0.000010 0.000001 0.076192 0.001403
0.924135 0.000144 0.000023 0.000008 0.000004 0.074285 0.001400
0.925039 0.000141 0.000027 0.000008 0.000003 0.073391 0.001391
0.925966 0.000144 0.000025 0.000003 0.000003 0.072447 0.001412
0.927230 0.000137 0.000031 0.000004 0.000002 0.071208 0.001389
0.927238 0.000136 0.000030 0.000004 0.000002 0.071167 0.001424
0.929252 0.000137 0.000028 0.000001 0.000005 0.069183 0.001395
0.930801 0.000136 0.000042 0.000000 0.000003 0.067624 0.001394
0.930013 0.000139 0.000033 0.000000 0.000005 0.068416 0.001394
0.931823 0.000142 0.000035 0.000000 0.000003 0.066581 0.001417
0.932470 0.000136 0.000028 0.000000 0.000007 0.065983 0.001376
0.933730 0.000148 0.000028 0.000000 0.000005 0.064669 0.001420
0.933585 0.000137 0.000031 0.000000 0.000003 0.064849 0.001393
0.934641 0.000151 0.000018 0.000001 0.000005 0.063774 0.001411
0.935359 0.000154 0.000025 0.000002 0.000006 0.063081 0.001372
0.935370 0.000152 0.000022 0.000004 0.000004 0.063035 0.001413
0.936816 0.000140 0.000031 0.000001 0.000006 0.061617 0.001388
0.936626 0.000144 0.000029 0.000003 0.000005 0.061786 0.001407
0.937795 0.000149 0.000036 0.000002 0.000002 0.060619 0.001397
0.939641 0.000143 0.000027 0.000003 0.000002 0.058777 0.001407
0.939352 0.000151 0.000030 0.000008 0.000001 0.059051 0.001406
0.940985 0.000150 0.000032 0.000008 0.000001 0.057419 0.001406
0.941632 0.000154 0.000026 0.000003 0.000002 0.056779 0.001405
0.941869 0.000158 0.000025 0.000003 0.000002 0.056543 0.001400
0.941976 0.000146 0.000039 0.000002 0.000004 0.056416 0.001416
0.943666 0.000145 0.000030 0.000006 0.000004 0.054739 0.001410
0.944403 0.000146 0.000034 0.000004 0.000002 0.054017 0.001395
0.944922 0.000137 0.000050 0.000008 0.000003 0.053480 0.001399
0.944595 0.000139 0.000042 0.000007 0.000002 0.053786 0.001428
0.946232 0.000142 0.000040 0.000005 0.000003 0.052183 0.001395
0.946362 0.000135 0.000033 0.000005 0.000002 0.052054 0.001408
0.947404 0.000139 0.000038 0.000005 0.000001 0.050988 0.001424
0.948048 0.000137 0.000030 0.000002 0.000001 0.050380 0.001402
0.948067 0.000149 0.000038 0.000002 0.000003 0.050315 0.001426
0.949464 0.000140 0.000039 0.000002 0.000001 0.048976 0.001378
0.950080 0.000140 0.000026 0.000002 0.000003 0.048326 0.001421
0.950311 0.000142 0.000034 0.000002 0.000002 0.048111 0.001398
0.950706 0.000136 0.000030 0.000000 0.000002 0.047754 0.001372
0.951286 0.000153 0.000022 0.000000 0.000001 0.047117 0.001422
0.951615 0.000136 0.000035 0.000000 0.000000 0.046804 0.001409
0.953516 0.000142 0.000042 0.000000 0.000000 0.044893 0.001407
0.953502 0.000140 0.000035 0.000000 0.000000 0.044908 0.001415
0.953781 0.000131 0.000030 0.000000 0.000000 0.044699 0.001359
0.953820 0.000144 0.000027 0.000000 0.000000 0.044583 0.001426
0.955424 0.000139 0.000022 0.000000 0.000000 0.043018 0.001397
0.955712 0.000141 0.000039 0.000000 0.000000 0.042686 0.001422
0.955398 0.000145 0.000036 0.000000 0.000000 0.043012 0.001409
0.956763 0.000148 0.000033 0.000000 0.000000 0.041658 0.001398
0.957617 0.000146 0.000030 0.000000 0.000000 0.040796 0.001411
0.958173 0.000139 0.000027 0.000000 0.000000 0.040287 0.001375
0.958547 0.000138 0.000025 0.000000 0.000000 0.039879 0.001411
0.957749 0.000148 0.000039 0.000000 0.000000 0.040652 0.001413
0.959494 0.000148 0.000036 0.000000 0.000000 0.038927 0.001396
0.959893 0.000152 0.000037 0.000000 0.000000 0.038536 0.001382
0.959549 0.000143 0.000029 0.000000 0.000000 0.038825 0.001454
0.960048 0.000144 0.000047 0.000005 0.000000 0.038354 0.001402
0.961810 0.000144 0.000049 0.000005 0.000000 0.036555 0.001437
0.961311 0.000151 0.000060 0.000007 0.000000 0.037053 0.001418
0.961526 0.000141 0.000049 0.000003 0.000000 0.036872 0.001409
0.962755 0.000146 0.000058 0.000007 0.000000 0.035626 0.001408
0.962735 0.000145 0.000045 0.000005 0.000000 0.035667 0.001403
0.963196 0.000134 0.000055 0.000004 0.000000 0.035222 0.001388
0.964241 0.000134 0.000043 0.000005 0.000000 0.034219 0.001358
0.964135 0.000130 0.000043 0.000006 0.000000 0.034258 0.001428
0.965507 0.000129 0.000049 0.000008 0.000000 0.032945 0.001363
0.964901 0.000130 0.000045 0.000011 0.000000 0.033532 0.001380
0.965344 0.000126 0.000035 0.000006 0.000000 0.033063 0.001425
0.965908 0.000141 0.000034 0.000010 0.000000 0.032493 0.001413
0.966253 0.000133 0.000032 0.000010 0.000000 0.032170 0.001402
0.966384 0.000140 0.000019 0.000006 0.000000 0.032022 0.001429
0.967308 0.000138 0.000020 0.000007 0.000000 0.031142 0.001386
0.967621 0.000143 0.000020 0.000011 0.000000 0.030832 0.001371
0.967627 0.000137 0.000028 0.000004 0.000000 0.030827 0.001378
0.968240 0.000141 0.000025 0.000007 0.000000 0.030130 0.001457
0.968506 0.000144 0.000026 0.000004 0.000000 0.029878 0.001441
0.969088 0.000141 0.000029 0.000003 0.000000 0.029302 0.001436
0.970060 0.000141 0.000031 0.000005 0.000000 0.028410 0.001354
0.970491 0.000151 0.000029 0.000004 0.000000 0.027911 0.001413
0.969521 0.000140 0.000032 0.000002 0.000000 0.028880 0.001424
0.970304 0.000129 0.000032 0.000002 0.000000 0.028117 0.001416
0.970721 0.000140 0.000030 0.000007 0.000000 0.027672 0.001431
0.971162 0.000141 0.000032 0.000007 0.000000 0.027301 0.001358
0.971461 0.000148 0.000028 0.000004 0.000000 0.026967 0.001392
0.971423 0.000148 0.000027 0.000010 0.000000 0.026948 0.001444
0.972425 0.000150 0.000030 0.000005 0.000000 0.025984 0.001406
0.972172 0.000151 0.000020 0.000004 0.000000 0.026216 0.001437
0.972625 0.000147 0.000032 0.000012 0.000000 0.025804 0.001380
0.972257 0.000159 0.000025 0.000006 0.000000 0.026127 0.001426
0.973210 0.000143 0.000031 0.000004 0.000000 0.025199 0.001413
0.973646 0.000148 0.000037 0.000007 0.000000 0.024736 0.001426
0.973857 0.000152 0.000038 0.000009 0.000000 0.024557 0.001387
0.974004 0.000156 0.000027 0.000016 0.000000 0.024368 0.001428
0.974719 0.000144 0.000029 0.000013 0.000000 0.023718 0.001377
0.974819 0.000151 0.000029 0.000011 0.000000 0.023622 0.001368
0.975103 0.000145 0.000032 0.000017 0.000000 0.023295 0.001409
0.975556 0.000155 0.000031 0.000019 0.000000 0.022856 0.001383
0.976112 0.000138 0.000037 0.000007 0.000000 0.022339 0.001367
0.975936 0.000157 0.000027 0.000007 0.000000 0.022469 0.001403
0.976481 0.000150 0.000021 0.000013 0.000000 0.021908 0.001427
0.976867 0.000149 0.000030 0.000010 0.000000 0.021612 0.001333
0.976625 0.000160 0.000032 0.000013 0.000000 0.021799 0.001371
0.976546 0.000157 0.000023 0.000007 0.000000 0.021801 0.001466
0.977377 0.000142 0.000024 0.000005 0.000000 0.021044 0.001408
0.977211 0.000161 0.000026 0.000005 0.000000 0.021135 0.001462
0.978384 0.000152 0.000030 0.000001 0.000000 0.020045 0.001388
0.978169 0.000140 0.000041 0.000001 0.000000 0.020230 0.001418
0.977795 0.000140 0.000045 0.000003 0.000000 0.020540 0.001477
0.978945 0.000138 0.000035 0.000001 0.000000 0.019471 0.001409
0.979176 0.000141 0.000025 0.000003 0.000000 0.019305 0.001349
0.979056 0.000132 0.000032 0.000001 0.000000 0.019374 0.001405
0.979497 0.000141 0.000030 0.000005 0.000000 0.018891 0.001435
0.979509 0.000143 0.000037 0.000005 0.000000 0.018916 0.001390
0.980275 0.000137 0.000024 0.000003 0.000000 0.018176 0.001385
0.980020 0.000132 0.000039 0.000007 0.000000 0.018409 0.001392
0.980556 0.000129 0.000043 0.000002 0.000000 0.017903 0.001367
0.979607 0.000133 0.000047 0.000002 0.000000 0.018765 0.001446
0.980226 0.000144 0.000043 0.000003 0.000000 0.018168 0.001416
0.980688 0.000137 0.000045 0.000003 0.000000 0.017730 0.001396
0.981558 0.000160 0.000027 0.000000 0.000000 0.016930 0.001325
0.981239 0.000143 0.000038 0.000000 0.000000 0.017181 0.001398
0.981334 0.000146 0.000041 0.000000 0.000000 0.017089 0.001390
0.981923 0.000142 0.000031 0.000000 0.000000 0.016480 0.001425
0.981918 0.000132 0.000033 0.000000 0.000000 0.016495 0.001423
0.981730 0.000137 0.000035 0.000000 0.000000 0.016674 0.001424
0.982005 0.000144 0.000038 0.000000 0.000000 0.016365 0.001448
0.982654 0.000138 0.000036 0.000000 0.000000 0.015783 0.001389
0.982826 0.000144 0.000046 0.000000 0.000000 0.015587 0.001397
0.982904 0.000146 0.000041 0.000000 0.000000 0.015512 0.001397
0.982983 0.000144 0.000036 0.000002 0.000000 0.015389 0.001447
0.982777 0.000152 0.000033 0.000002 0.000000 0.015603 0.001433
0.983470 0.000140 0.000029 0.000000 0.000000 0.014939 0.001422
0.983821 0.000140 0.000026 0.000000 0.000000 0.014601 0.001412
0.984092 0.000169 0.000043 0.000000 0.000000 0.014342 0.001353
0.984470 0.000149 0.000037 0.000000 0.000000 0.014005 0.001339
0.983844 0.000141 0.000029 0.000000 0.000000 0.014567 0.001418
0.984078 0.000146 0.000021 0.000000 0.000000 0.014316 0.001439
0.984346 0.000154 0.000032 0.000000 0.000000 0.014045 0.001422
0.984950 0.000141 0.000042 0.000000 0.000000 0.013502 0.001365
0.984715 0.000158 0.000036 0.000000 0.000000 0.013725 0.001367
0.984834 0.000160 0.000034 0.000000 0.000000 0.013588 0.001384
0.985426 0.000163 0.000028 0.000000 0.000000 0.013023 0.001360
0.985662 0.000162 0.000038 0.000000 0.000000 0.012803 0.001335
0.985441 0.000155 0.000034 0.000000 0.000000 0.012979 0.001391
0.985615 0.000159 0.000034 0.000000 0.000000 0.012773 0.001419
0.985790 0.000141 0.000040 0.000000 0.000000 0.012616 0.001413
0.985984 0.000140 0.000045 0.000000 0.000000 0.012423 0.001408
0.986085 0.000137 0.000034 0.000000 0.000000 0.012292 0.001453
0.986476 0.000139 0.000043 0.000002 0.000000 0.011940 0.001399
0.986371 0.000150 0.000044 0.000004 0.000000 0.011985 0.001445
0.986833 0.000138 0.000048 0.000006 0.000000 0.011610 0.001364
0.986743 0.000146 0.000038 0.000009 0.000000 0.011639 0.001424
0.987072 0.000146 0.000024 0.000000 0.000000 0.011369 0.001389
0.987061 0.000135 0.000033 0.000002 0.000000 0.011358 0.001410
0.987192 0.000137 0.000034 0.000002 0.000000 0.011245 0.001390
0.987301 0.000132 0.000025 0.000002 0.000000 0.011130 0.001409
0.987602 0.000135 0.000025 0.000002 0.000000 0.010843 0.001392
0.987748 0.000133 0.000024 0.000002 0.000000 0.010716 0.001377
0.988065 0.000130 0.000025 0.000002 0.000000 0.010396 0.001381
0.987854 0.000126 0.000033 0.000002 0.000000 0.010581 0.001404
0.988127 0.000124 0.000036 0.000002 0.000000 0.010324 0.001387
0.987803 0.000135 0.000020 0.000004 0.000000 0.010600 0.001438
0.988625 0.000139 0.000025 0.000005 0.000000 0.009858 0.001348
0.988355 0.000136 0.000018 0.000010 0.000000 0.010110 0.001370
0.988875 0.000138 0.000025 0.000005 0.000000 0.009589 0.001368
0.988935 0.000149 0.000028 0.000005 0.000000 0.009489 0.001395
0.989055 0.000153 0.000029 0.000004 0.000000 0.009352 0.001407
0.989312 0.000147 0.000021 0.000009 0.000000 0.009116 0.001394
0.989411 0.000147 0.000027 0.000005 0.000000 0.009017 0.001392
0.989495 0.000146 0.000026 0.000005 0.000000 0.008951 0.001378
0.989640 0.000138 0.000034 0.000005 0.000000 0.008828 0.001356
0.989649 0.000138 0.000037 0.000005 0.000000 0.008757 0.001413
0.989916 0.000141 0.000029 0.000005 0.000000 0.008531 0.001377
0.989995 0.000145 0.000027 0.000007 0.000000 0.008434 0.001391
0.990059 0.000143 0.000026 0.000010 0.000000 0.008376 0.001386
0.989997 0.000144 0.000023 0.000009 0.000000 0.008407 0.001419
0.990301 0.000143 0.000040 0.000010 0.000000 0.008127 0.001380
0.990543 0.000128 0.000029 0.000011 0.000000 0.007893 0.001395
0.990625 0.000131 0.000029 0.000008 0.000000 0.007812 0.001395
0.990788 0.000131 0.000027 0.000008 0.000000 0.007654 0.001392
0.990823 0.000133 0.000029 0.000008 0.000000 0.007603 0.001403
0.990995 0.000133 0.000035 0.000008 0.000000 0.007444 0.001385
0.991071 0.000125 0.000037 0.000011 0.000000 0.007353 0.001403
0.991272 0.000122 0.000038 0.000011 0.000000 0.007165 0.001392
0.991270 0.000125 0.000035 0.000010 0.000000 0.007160 0.001400
0.991479 0.000131 0.000040 0.000011 0.000000 0.006950 0.001390
0.991302 0.000135 0.000038 0.000009 0.000000 0.007107 0.001409
0.991696 0.000141 0.000026 0.000008 0.000000 0.006740 0.001388
0.991878 0.000142 0.000030 0.000008 0.000000 0.006550 0.001392
0.991995 0.000136 0.000027 0.000011 0.000000 0.006439 0.001392
0.991983 0.000131 0.000032 0.000011 0.000000 0.006438 0.001405
0.992234 0.000133 0.000027 0.000008 0.000000 0.006205 0.001392
0.992302 0.000136 0.000026 0.000008 0.000000 0.006140 0.001388
0.992468 0.000133 0.000033 0.000008 0.000000 0.005966 0.001392
0.992547 0.000139 0.000027 0.000005 0.000000 0.005888 0.001395
0.992631 0.000139 0.000030 0.000005 0.000000 0.005793 0.001403
0.992682 0.000144 0.000029 0.000005 0.000000 0.005726 0.001413
0.992813 0.000144 0.000026 0.000005 0.000000 0.005599 0.001413
0.993041 0.000150 0.000030 0.000005 0.000000 0.005381 0.001392
0.993161 0.000150 0.000033 0.000005 0.000000 0.005259 0.001392
0.993273 0.000144 0.000038 0.000005 0.000000 0.005147 0.001392
0.993390 0.000136 0.000044 0.000005 0.000000 0.005033 0.001392
0.993501 0.000136 0.000041 0.000003 0.000000 0.004927 0.001392
0.993621 0.000131 0.000044 0.000003 0.000000 0.004810 0.001392
0.993735 0.000133 0.000044 0.000005 0.000000 0.004691 0.001392
0.993846 0.000128 0.000049 0.000005 0.000000 0.004579 0.001392
0.993960 0.000128 0.000046 0.000005 0.000000 0.004468 0.001392
0.994086 0.000128 0.000044 0.000005 0.000000 0.004345 0.001392
0.994205 0.000131 0.000041 0.000005 0.000000 0.004226 0.001392
0.994322 0.000131 0.000041 0.000005 0.000000 0.004109 0.001392
0.994428 0.000128 0.000046 0.000005 0.000000 0.004000 0.001392
0.994545 0.000131 0.000041 0.000005 0.000000 0.003886 0.001392
0.994657 0.000125 0.000046 0.000005 0.000000 0.003774 0.001392
0.994777 0.000122 0.000044 0.000005 0.000000 0.003660 0.001392
0.994891 0.000122 0.000041 0.000005 0.000000 0.003548 0.001392
0.995011 0.000125 0.000038 0.000005 0.000000 0.003428 0.001392
0.995122 0.000125 0.000033 0.000005 0.000000 0.003322 0.001392
0.995234 0.000131 0.000027 0.000005 0.000000 0.003211 0.001392
0.995359 0.000128 0.000030 0.000005 0.000000 0.003086 0.001392
0.995470 0.000136 0.000030 0.000005 0.000000 0.002966 0.001392
0.995579 0.000133 0.000027 0.000005 0.000000 0.002863 0.001392
0.995688 0.000130 0.000035 0.000005 0.000000 0.002748 0.001392
0.995794 0.000128 0.000030 0.000005 0.000000 0.002651 0.001392
0.995897 0.000131 0.000033 0.000005 0.000000 0.002542 0.001392
0.995990 0.000141 0.000030 0.000005 0.000000 0.002441 0.001392
0.996044 0.000142 0.000031 0.000003 0.000000 0.002392 0.001390
0.996144 0.000142 0.000025 0.000003 0.000000 0.002297 0.001390
0.996235 0.000150 0.000028 0.000003 0.000000 0.002194 0.001390
0.996344 0.000139 0.000031 0.000003 0.000000 0.002094 0.001390
0.996376 0.000151 0.000026 0.000003 0.000000 0.002044 0.001401
0.996455 0.000159 0.000031 0.000000 0.000000 0.001954 0.001401
0.996552 0.000153 0.000034 0.000000 0.000000 0.001860 0.001401
0.996643 0.000156 0.000037 0.000000 0.000000 0.001763 0.001401
0.996736 0.000156 0.000037 0.000000 0.000000 0.001670 0.001401
0.996839 0.000153 0.000037 0.000003 0.000000 0.001568 0.001401
0.996901 0.000168 0.000031 0.000006 0.000000 0.001494 0.001401
0.996966 0.000167 0.000040 0.000003 0.000000 0.001423 0.001401
0.997035 0.000159 0.000057 0.000000 0.000000 0.001349 0.001401
0.997098 0.000157 0.000055 0.000003 0.000000 0.001293 0.001395
0.997147 0.000160 0.000052 0.000003 0.000000 0.001243 0.001395
0.997200 0.000168 0.000041 0.000003 0.000000 0.001194 0.001395
0.997266 0.000180 0.000038 0.000003 0.000000 0.001118 0.001395
0.997330 0.000180 0.000029 0.000006 0.000000 0.001060 0.001395
0.997380 0.000192 0.000040 0.000009 0.000000 0.000984 0.001395
0.997409 0.000198 0.000043 0.000012 0.000000 0.000943 0.001395
0.997438 0.000189 0.000064 0.000003 0.000000 0.000911 0.001395
0.997476 0.000195 0.000058 0.000012 0.000000 0.000865 0.001395
0.997514 0.000186 0.000067 0.000012 0.000000 0.000827 0.001395
0.997557 0.000189 0.000061 0.000009 0.000000 0.000789 0.001395
0.997595 0.000186 0.000067 0.000000 0.000000 0.000758 0.001395
0.997633 0.000180 0.000058 0.000000 0.000000 0.000734 0.001395
0.997668 0.000168 0.000079 0.000003 0.000000 0.000688 0.001395
0.997691 0.000177 0.000064 0.000000 0.000000 0.000673 0.001395
0.997711 0.000198 0.000052 0.000003 0.000000 0.000641 0.001395
0.997723 0.000200 0.000061 0.000000 0.000000 0.000621 0.001395
0.997737 0.000189 0.000055 0.000009 0.000000 0.000615 0.001395
0.997746 0.000195 0.000055 0.000006 0.000000 0.000603 0.001395
0.997789 0.000201 0.000052 0.000006 0.000000 0.000557 0.001395
0.997818 0.000186 0.000061 0.000009 0.000000 0.000531 0.001395
0.997838 0.000183 0.000076 0.000009 0.000000 0.000499 0.001395
0.997862 0.000174 0.000073 0.000006 0.000000 0.000490 0.001395
0.997885 0.000180 0.000067 0.000012 0.000000 0.000462 0.001395
0.997892 0.000199 0.000057 0.000018 0.000000 0.000443 0.001391
0.997907 0.000196 0.000060 0.000015 0.000000 0.000431 0.001391
0.997919 0.000193 0.000062 0.000009 0.000000 0.000425 0.001391
0.997925 0.000201 0.000067 0.000009 0.000000 0.000401 0.001397
0.997946 0.000204 0.000073 0.000012 0.000000 0.000368 0.001397
0.997955 0.000192 0.000085 0.000003 0.000000 0.000368 0.001397
0.997971 0.000174 0.000097 0.000000 0.000000 0.000361 0.001397
0.997974 0.000196 0.000075 0.000003 0.000000 0.000355 0.001397
0.997993 0.000175 0.000078 0.000009 0.000000 0.000349 0.001397
0.997999 0.000178 0.000066 0.000006 0.000000 0.000355 0.001397
0.997958 0.000190 0.000066 0.000010 0.000000 0.000350 0.001426
0.998001 0.000147 0.000079 0.000010 0.000000 0.000337 0.001426
0.998024 0.000177 0.000049 0.000007 0.000000 0.000318 0.001426
0.998043 0.000180 0.000053 0.000007 0.000000 0.000292 0.001426
0.998070 0.000170 0.000059 0.000010 0.000000 0.000265 0.001426
0.998053 0.000200 0.000049 0.000000 0.000000 0.000272 0.001426
0.998083 0.000187 0.000066 0.000003 0.000000 0.000236 0.001426
0.998076 0.000184 0.000066 0.000007 0.000000 0.000242 0.001426
0.998079 0.000174 0.000079 0.000007 0.000000 0.000236 0.001426
0.998080 0.000185 0.000054 0.000003 0.000000 0.000249 0.001429
0.998087 0.000180 0.000059 0.000003 0.000000 0.000249 0.001423
0.998094 0.000178 0.000064 0.000011 0.000000 0.000227 0.001427
0.998079 0.000188 0.000064 0.000007 0.000000 0.000222 0.001439
0.998091 0.000173 0.000060 0.000015 0.000000 0.000222 0.001439
0.998075 0.000203 0.000060 0.000008 0.000000 0.000214 0.001439
0.998075 0.000203 0.000068 0.000023 0.000000 0.000192 0.001439
0.998060 0.000226 0.000053 0.000015 0.000000 0.000207 0.001439
0.998040 0.000225 0.000074 0.000012 0.000000 0.000202 0.001448
0.998040 0.000219 0.000079 0.000004 0.000000 0.000215 0.001443
0.998005 0.000230 0.000081 0.000004 0.000000 0.000226 0.001453
0.998022 0.000209 0.000086 0.000000 0.000000 0.000230 0.001453
0.998039 0.000200 0.000077 0.000000 0.000000 0.000230 0.001453
0.998021 0.000201 0.000073 0.000000 0.000000 0.000238 0.001467
0.998030 0.000192 0.000082 0.000000 0.000000 0.000229 0.001467
0.998035 0.000197 0.000078 0.000000 0.000000 0.000224 0.001467
0.998005 0.000204 0.000099 0.000005 0.000000 0.000214 0.001473
0.998020 0.000175 0.000095 0.000009 0.000000 0.000227 0.001473
0.997973 0.000197 0.000084 0.000015 0.000000 0.000241 0.001491
0.997968 0.000202 0.000079 0.000015 0.000000 0.000246 0.001491
0.997992 0.000187 0.000084 0.000015 0.000000 0.000231 0.001491
0.998002 0.000212 0.000064 0.000005 0.000000 0.000226 0.001491
0.997953 0.000251 0.000067 0.000010 0.000000 0.000235 0.001484
0.997957 0.000231 0.000082 0.000015 0.000000 0.000230 0.001484
0.997968 0.000190 0.000108 0.000015 0.000000 0.000236 0.001484
0.997963 0.000185 0.000072 0.000010 0.000000 0.000287 0.001484
0.998024 0.000164 0.000072 0.000005 0.000000 0.000251 0.001484
0.998018 0.000195 0.000045 0.000000 0.000000 0.000268 0.001474
0.998018 0.000195 0.000067 0.000006 0.000000 0.000240 0.001474
0.998013 0.000189 0.000072 0.000011 0.000000 0.000240 0.001474
0.998003 0.000198 0.000058 0.000006 0.000000 0.000262 0.001472
0.998027 0.000175 0.000064 0.000012 0.000000 0.000251 0.001472
0.998021 0.000210 0.000058 0.000000 0.000000 0.000239 0.001472
0.998021 0.000204 0.000076 0.000006 0.000000 0.000222 0.001472
0.997992 0.000239 0.000058 0.000006 0.000000 0.000234 0.001472
0.997980 0.000210 0.000087 0.000012 0.000000 0.000239 0.001472
0.997997 0.000198 0.000070 0.000012 0.000000 0.000251 0.001472
0.998041 0.000189 0.000073 0.000006 0.000000 0.000245 0.001445
0.998011 0.000220 0.000049 0.000006 0.000000 0.000269 0.001445
0.998005 0.000238 0.000049 0.000006 0.000000 0.000257 0.001445
0.997968 0.000245 0.000085 0.000012 0.000000 0.000244 0.001445
0.997962 0.000208 0.000128 0.000006 0.000000 0.000250 0.001445
0.997956 0.000190 0.000092 0.000018 0.000000 0.000299 0.001445
0.997968 0.000178 0.000080 0.000012 0.000000 0.000317 0.001445
0.997992 0.000177 0.000049 0.000012 0.000000 0.000324 0.001445
0.998022 0.000159 0.000073 0.000000 0.000000 0.000300 0.001445
0.997980 0.000195 0.000049 0.000000 0.000000 0.000331 0.001445
0.998023 0.000171 0.000061 0.000000 0.000000 0.000300 0.001445
0.998023 0.000177 0.000037 0.000006 0.000000 0.000312 0.001445
0.998027 0.000160 0.000051 0.000006 0.000000 0.000302 0.001454
0.998027 0.000185 0.000032 0.000000 0.000000 0.000302 0.001454
0.997995 0.000205 0.000064 0.000000 0.000000 0.000282 0.001454
0.997995 0.000167 0.000083 0.000006 0.000000 0.000295 0.001454
0.997995 0.000179 0.000038 0.000000 0.000000 0.000333 0.001454
0.998002 0.000192 0.000045 0.000000 0.000000 0.000308 0.001454
0.998008 0.000186 0.000064 0.000000 0.000000 0.000289 0.001454
0.998021 0.000179 0.000064 0.000000 0.000000 0.000282 0.001454
0.998002 0.000218 0.000039 0.000006 0.000000 0.000282 0.001454
0.998002 0.000199 0.000077 0.000006 0.000000 0.000263 0.001454
0.998034 0.000180 0.000064 0.000013 0.000000 0.000256 0.001454
0.998015 0.000192 0.000051 0.000006 0.000000 0.000282 0.001454
0.998028 0.000179 0.000058 0.000013 0.000000 0.000269 0.001454
0.998044 0.000175 0.000020 0.000013 0.000000 0.000310 0.001436
0.998071 0.000182 0.000020 0.000007 0.000000 0.000283 0.001436
0.998104 0.000175 0.000041 0.000014 0.000000 0.000230 0.001436
0.998078 0.000209 0.000041 0.000007 0.000000 0.000230 0.001436
0.998051 0.000242 0.000027 0.000014 0.000000 0.000229 0.001436
0.998058 0.000189 0.000067 0.000014 0.000000 0.000236 0.001436
0.998078 0.000182 0.000060 0.000007 0.000000 0.000236 0.001436
0.998085 0.000202 0.000067 0.000000 0.000000 0.000209 0.001436
0.998085 0.000196 0.000081 0.000007 0.000000 0.000196 0.001436
0.998051 0.000222 0.000061 0.000000 0.000000 0.000229 0.001436
0.998064 0.000182 0.000094 0.000014 0.000000 0.000209 0.001436
0.998064 0.000196 0.000074 0.000014 0.000000 0.000216 0.001436
0.998071 0.000176 0.000101 0.000014 0.000000 0.000202 0.001436
0.998006 0.000169 0.000104 0.000016 0.000000 0.000264 0.001441
0.997982 0.000208 0.000096 0.000016 0.000000 0.000256 0.001441
0.998006 0.000192 0.000112 0.000024 0.000000 0.000224 0.001441
0.997982 0.000208 0.000096 0.000016 0.000000 0.000256 0.001441
0.998014 0.000176 0.000088 0.000024 0.000000 0.000257 0.001441
0.998037 0.000171 0.000060 0.000017 0.000000 0.000273 0.001442
0.998060 0.000211 0.000055 0.000009 0.000000 0.000265 0.001400
0.998088 0.000183 0.000073 0.000018 0.000000 0.000238 0.001400
0.998106 0.000210 0.000055 0.000018 0.000000 0.000210 0.001400
0.998061 0.000247 0.000082 0.000000 0.000000 0.000210 0.001400
0.998024 0.000238 0.000110 0.000009 0.000000 0.000219 0.001400
0.998033 0.000228 0.000082 0.000009 0.000000 0.000246 0.001400
0.998060 0.000201 0.000100 0.000018 0.000000 0.000219 0.001400
0.998033 0.000192 0.000146 0.000018 0.000000 0.000210 0.001400
0.998014 0.000183 0.000165 0.000018 0.000000 0.000219 0.001400
0.997981 0.000207 0.000108 0.000020 0.000000 0.000266 0.001418
0.998010 0.000198 0.000098 0.000030 0.000000 0.000246 0.001418
0.997991 0.000177 0.000099 0.000039 0.000000 0.000275 0.001418
0.998004 0.000182 0.000075 0.000032 0.000000 0.000331 0.001377
0.997987 0.000186 0.000094 0.000023 0.000000 0.000326 0.001384
0.997988 0.000209 0.000105 0.000023 0.000000 0.000291 0.001384
0.997964 0.000209 0.000105 0.000012 0.000000 0.000326 0.001384
0.997976 0.000232 0.000035 0.000012 0.000000 0.000361 0.001384
0.997964 0.000233 0.000081 0.000012 0.000000 0.000326 0.001384
0.997998 0.000175 0.000105 0.000012 0.000000 0.000327 0.001384
0.998016 0.000179 0.000102 0.000000 0.000000 0.000359 0.001343
0.998029 0.000217 0.000064 0.000000 0.000000 0.000346 0.001343
0.998042 0.000218 0.000102 0.000000 0.000000 0.000295 0.001343
0.998041 0.000205 0.000102 0.000000 0.000000 0.000308 0.001343
0.998028 0.000180 0.000115 0.000000 0.000000 0.000334 0.001343
0.998003 0.000205 0.000064 0.000000 0.000000 0.000385 0.001343
0.998017 0.000192 0.000077 0.000000 0.000000 0.000371 0.001343
0.997966 0.000204 0.000077 0.000000 0.000000 0.000410 0.001343
0.997980 0.000217 0.000039 0.000000 0.000000 0.000422 0.001343
0.998030 0.000217 0.000064 0.000000 0.000000 0.000345 0.001343
