0.990260 0.009571 0.000114 0.000052 0.000000 0.000003 0.000000
0.822271 0.172299 0.003419 0.001913 0.000000 0.000097 0.000000
0.538028 0.438920 0.014280 0.008148 0.000004 0.000621 0.000000
0.352062 0.592341 0.033781 0.019271 0.000026 0.002519 0.000000
0.232783 0.661945 0.062470 0.035373 0.000081 0.007348 0.000000
0.154099 0.674704 0.098605 0.055674 0.000181 0.016736 0.000001
0.150196 0.631303 0.121784 0.068845 0.000298 0.027573 0.000002
0.096377 0.619552 0.153167 0.086536 0.000494 0.043869 0.000005
0.041892 0.595577 0.188801 0.106559 0.000760 0.066404 0.000007
0.024403 0.545506 0.215932 0.121932 0.001071 0.091146 0.000010
0.020972 0.496253 0.233760 0.132008 0.001357 0.115638 0.000012
0.020042 0.451367 0.246536 0.139272 0.001637 0.141128 0.000018
0.020864 0.410577 0.255561 0.144171 0.001936 0.166864 0.000027
0.041597 0.368640 0.255315 0.143813 0.002198 0.188403 0.000034
0.037061 0.348247 0.256230 0.144276 0.002466 0.211679 0.000042
0.025987 0.315583 0.263753 0.148604 0.002813 0.243209 0.000050
0.026996 0.285844 0.264579 0.148922 0.003095 0.270503 0.000061
0.029320 0.260121 0.263011 0.147885 0.003359 0.296228 0.000075
0.032037 0.236725 0.259954 0.146135 0.003620 0.321441 0.000088
0.035183 0.215188 0.255792 0.143695 0.003841 0.346196 0.000105
0.038673 0.195923 0.250693 0.140590 0.004082 0.369914 0.000125
0.042341 0.178742 0.244757 0.137254 0.004301 0.392465 0.000140
0.046333 0.163443 0.238279 0.133534 0.004469 0.413782 0.000160
0.050587 0.148886 0.231389 0.129361 0.004648 0.434954 0.000176
0.055118 0.136022 0.224156 0.124995 0.004816 0.454698 0.000194
0.059779 0.124396 0.216904 0.120679 0.004973 0.473060 0.000210
0.064620 0.113940 0.209299 0.116127 0.005086 0.490703 0.000225
0.069756 0.104253 0.201532 0.111644 0.005191 0.507378 0.000246
0.075216 0.095444 0.193639 0.107173 0.005270 0.522995 0.000263
0.080883 0.087676 0.185859 0.102745 0.005335 0.537221 0.000281
0.086586 0.080573 0.178369 0.098306 0.005389 0.550482 0.000296
0.092480 0.074036 0.170985 0.093991 0.005404 0.562789 0.000315
0.098728 0.067877 0.163585 0.089725 0.005432 0.574319 0.000333
0.104916 0.062529 0.156473 0.085596 0.005481 0.584654 0.000351
0.111335 0.057584 0.149509 0.081498 0.005468 0.594230 0.000375
0.117844 0.053050 0.142983 0.077712 0.005454 0.602564 0.000393
0.124587 0.048919 0.136161 0.073677 0.005434 0.610805 0.000416
0.131341 0.045219 0.129670 0.070010 0.005418 0.617898 0.000444
0.138244 0.041779 0.123522 0.066501 0.005371 0.624118 0.000465
0.145277 0.038622 0.117663 0.063089 0.005325 0.629538 0.000486
0.152400 0.035711 0.111935 0.059840 0.005276 0.634327 0.000511
0.159615 0.033045 0.106510 0.056653 0.005212 0.638424 0.000542
0.166804 0.030621 0.101300 0.053741 0.005158 0.641816 0.000560
0.174280 0.028314 0.096427 0.050854 0.005063 0.644476 0.000587
0.181686 0.026258 0.091616 0.047994 0.004971 0.646870 0.000605
0.189116 0.024454 0.087134 0.045378 0.004910 0.648382 0.000627
0.238739 0.029550 0.077593 0.040331 0.004534 0.608646 0.000607
0.239824 0.084475 0.070155 0.036282 0.004121 0.564563 0.000581
0.208702 0.059862 0.073276 0.037961 0.004416 0.615133 0.000649
0.214364 0.044075 0.071397 0.036886 0.004416 0.628173 0.000689
0.221837 0.037151 0.068816 0.035497 0.004365 0.631626 0.000707
0.229130 0.034000 0.066267 0.034077 0.004290 0.631516 0.000720
0.236988 0.030198 0.063497 0.032460 0.004232 0.631883 0.000741
0.244186 0.027950 0.061036 0.031100 0.004148 0.630822 0.000757
0.251562 0.025818 0.058733 0.029772 0.004049 0.629290 0.000775
0.259505 0.022820 0.056011 0.028173 0.003946 0.628747 0.000799
0.266727 0.021734 0.053932 0.026999 0.003853 0.625941 0.000814
0.273990 0.020073 0.051552 0.025675 0.003779 0.624101 0.000830
0.281643 0.018494 0.049157 0.024295 0.003696 0.621868 0.000848
0.289573 0.016488 0.046507 0.022873 0.003612 0.620091 0.000854
0.297225 0.015096 0.044189 0.021587 0.003530 0.617504 0.000869
0.304695 0.013989 0.042145 0.020406 0.003452 0.614425 0.000889
0.311595 0.013330 0.040570 0.019558 0.003357 0.610686 0.000903
0.319531 0.012076 0.038291 0.018366 0.003268 0.607544 0.000924
0.327086 0.011077 0.036317 0.017361 0.003204 0.604015 0.000940
0.334306 0.010238 0.034534 0.016492 0.003122 0.600365 0.000943
0.341958 0.009492 0.032660 0.015469 0.003043 0.596418 0.000960
0.349475 0.008640 0.030802 0.014411 0.002959 0.592741 0.000971
0.356316 0.008211 0.029592 0.013769 0.002857 0.588268 0.000986
0.364128 0.007378 0.027686 0.012760 0.002784 0.584264 0.001000
0.370362 0.007122 0.026860 0.012272 0.002723 0.579654 0.001006
0.377220 0.006712 0.025633 0.011724 0.002652 0.575038 0.001020
0.385015 0.006073 0.023849 0.010855 0.002548 0.570625 0.001035
0.392186 0.005664 0.022537 0.010200 0.002490 0.565879 0.001044
0.399599 0.005106 0.021025 0.009454 0.002409 0.561350 0.001057
0.405776 0.004932 0.020189 0.009088 0.002356 0.556594 0.001064
0.412248 0.004653 0.019262 0.008653 0.002302 0.551807 0.001075
0.419359 0.004292 0.018055 0.008118 0.002203 0.546873 0.001099
0.427096 0.003874 0.016723 0.007427 0.002116 0.541653 0.001110
0.433664 0.003625 0.015869 0.007022 0.002055 0.536645 0.001121
0.440461 0.003383 0.014949 0.006602 0.001987 0.531489 0.001129
0.447187 0.003141 0.014172 0.006180 0.001926 0.526259 0.001136
0.452807 0.003036 0.013687 0.005969 0.001869 0.521488 0.001145
0.460204 0.002759 0.012610 0.005396 0.001787 0.516087 0.001157
0.466012 0.002665 0.012074 0.005159 0.001729 0.511198 0.001162
0.472009 0.002505 0.011466 0.004881 0.001666 0.506290 0.001183
0.478581 0.002340 0.010808 0.004569 0.001610 0.500912 0.001181
0.484530 0.002201 0.010306 0.004333 0.001553 0.495871 0.001206
0.490674 0.002100 0.009809 0.004088 0.001504 0.490617 0.001207
0.497203 0.001933 0.009120 0.003710 0.001444 0.485381 0.001208
0.503607 0.001803 0.008541 0.003424 0.001386 0.480013 0.001225
0.508583 0.001774 0.008313 0.003322 0.001361 0.475419 0.001229
0.515034 0.001629 0.007705 0.003032 0.001299 0.470076 0.001225
0.520947 0.001548 0.007268 0.002872 0.001251 0.464880 0.001235
0.527322 0.001432 0.006767 0.002632 0.001199 0.459403 0.001245
0.533029 0.001352 0.006391 0.002465 0.001156 0.454358 0.001249
0.538066 0.001300 0.006142 0.002369 0.001106 0.449756 0.001261
0.544066 0.001220 0.005741 0.002193 0.001065 0.444446 0.001269
0.549323 0.001172 0.005485 0.002102 0.001030 0.439617 0.001271
0.554397 0.001126 0.005255 0.002025 0.000989 0.434935 0.001273
0.560771 0.001053 0.004784 0.001830 0.000933 0.429347 0.001282
0.564616 0.001052 0.004746 0.001828 0.000920 0.425546 0.001292
0.570490 0.000990 0.004411 0.001659 0.000885 0.420267 0.001298
0.576420 0.000934 0.004086 0.001508 0.000840 0.414918 0.001295
0.581229 0.000907 0.003883 0.001439 0.000815 0.410422 0.001305
0.585463 0.000891 0.003774 0.001386 0.000801 0.406379 0.001307
0.590727 0.000854 0.003551 0.001289 0.000768 0.401500 0.001311
0.595979 0.000819 0.003327 0.001203 0.000741 0.396630 0.001302
0.600805 0.000786 0.003152 0.001123 0.000711 0.392104 0.001319
0.606204 0.000731 0.002938 0.001037 0.000672 0.387094 0.001324
0.610387 0.000710 0.002845 0.000993 0.000656 0.383086 0.001323
0.615199 0.000696 0.002670 0.000930 0.000632 0.378546 0.001327
0.620262 0.000663 0.002494 0.000857 0.000608 0.373790 0.001327
0.624433 0.000655 0.002396 0.000836 0.000581 0.369769 0.001330
0.629692 0.000613 0.002218 0.000768 0.000554 0.364814 0.001341
0.633341 0.000606 0.002175 0.000730 0.000542 0.361263 0.001343
0.638062 0.000586 0.002061 0.000673 0.000530 0.356745 0.001344
0.642489 0.000562 0.001934 0.000640 0.000507 0.352520 0.001348
0.646965 0.000532 0.001851 0.000593 0.000485 0.348230 0.001343
0.651606 0.000509 0.001732 0.000542 0.000471 0.343789 0.001351
0.656249 0.000489 0.001627 0.000509 0.000444 0.339334 0.001348
0.659485 0.000482 0.001596 0.000509 0.000432 0.336152 0.001344
0.664477 0.000455 0.001478 0.000465 0.000402 0.331362 0.001361
0.668595 0.000444 0.001410 0.000432 0.000389 0.327371 0.001359
0.672745 0.000425 0.001332 0.000394 0.000367 0.323370 0.001368
0.675546 0.000419 0.001318 0.000390 0.000356 0.320611 0.001359
0.681080 0.000387 0.001175 0.000354 0.000333 0.315316 0.001355
0.683528 0.000390 0.001185 0.000351 0.000331 0.312847 0.001368
0.687110 0.000386 0.001150 0.000332 0.000323 0.309338 0.001361
0.691772 0.000379 0.001030 0.000298 0.000302 0.304853 0.001365
0.695163 0.000373 0.000993 0.000286 0.000302 0.301506 0.001377
0.698973 0.000372 0.000939 0.000271 0.000284 0.297789 0.001372
0.702901 0.000356 0.000892 0.000250 0.000282 0.293935 0.001384
0.707269 0.000338 0.000831 0.000227 0.000262 0.289704 0.001370
0.709711 0.000329 0.000844 0.000227 0.000267 0.287237 0.001385
0.713783 0.000314 0.000793 0.000201 0.000252 0.283285 0.001372
0.717293 0.000307 0.000781 0.000198 0.000245 0.279791 0.001385
0.719943 0.000301 0.000751 0.000190 0.000245 0.277193 0.001377
0.723523 0.000288 0.000714 0.000180 0.000230 0.273679 0.001385
0.727015 0.000278 0.000673 0.000167 0.000225 0.270258 0.001384
0.730833 0.000267 0.000629 0.000153 0.000216 0.266523 0.001379
0.733657 0.000262 0.000608 0.000150 0.000203 0.263737 0.001383
0.737118 0.000253 0.000570 0.000143 0.000193 0.260331 0.001391
0.740722 0.000245 0.000532 0.000130 0.000181 0.256790 0.001399
0.743028 0.000245 0.000527 0.000128 0.000184 0.254492 0.001396
0.746729 0.000240 0.000493 0.000111 0.000170 0.250862 0.001393
0.749696 0.000238 0.000475 0.000103 0.000164 0.247929 0.001395
0.753364 0.000226 0.000439 0.000100 0.000152 0.244327 0.001391
0.755967 0.000228 0.000429 0.000097 0.000150 0.241730 0.001400
0.758754 0.000222 0.000412 0.000095 0.000146 0.238985 0.001385
0.761762 0.000224 0.000383 0.000089 0.000140 0.236002 0.001400
0.764580 0.000218 0.000371 0.000083 0.000134 0.233219 0.001395
0.767227 0.000210 0.000360 0.000082 0.000123 0.230599 0.001399
0.770861 0.000203 0.000332 0.000072 0.000115 0.227028 0.001389
0.772930 0.000202 0.000340 0.000070 0.000116 0.224958 0.001384
0.775782 0.000206 0.000321 0.000061 0.000109 0.222126 0.001395
0.778966 0.000201 0.000303 0.000061 0.000100 0.218952 0.001417
0.780977 0.000196 0.000297 0.000057 0.000102 0.216959 0.001412
0.783939 0.000195 0.000280 0.000055 0.000096 0.214023 0.001411
0.786760 0.000197 0.000273 0.000053 0.000085 0.211234 0.001399
0.789344 0.000195 0.000260 0.000050 0.000082 0.208674 0.001395
0.792094 0.000184 0.000257 0.000051 0.000081 0.205932 0.001402
0.794837 0.000187 0.000244 0.000047 0.000077 0.203212 0.001396
0.797100 0.000180 0.000234 0.000047 0.000074 0.200968 0.001398
0.799340 0.000179 0.000228 0.000043 0.000069 0.198728 0.001412
0.802141 0.000176 0.000213 0.000041 0.000063 0.195965 0.001402
0.804226 0.000179 0.000206 0.000043 0.000064 0.193878 0.001405
0.806350 0.000179 0.000207 0.000040 0.000059 0.191777 0.001388
0.808740 0.000173 0.000189 0.000040 0.000059 0.189382 0.001417
0.811276 0.000178 0.000188 0.000036 0.000056 0.186865 0.001402
0.813696 0.000172 0.000179 0.000036 0.000051 0.184461 0.001405
0.816660 0.000167 0.000169 0.000034 0.000048 0.181509 0.001413
0.817993 0.000169 0.000171 0.000035 0.000047 0.180174 0.001411
0.820763 0.000163 0.000157 0.000033 0.000044 0.177426 0.001413
0.822452 0.000157 0.000157 0.000032 0.000042 0.175745 0.001415
0.825013 0.000159 0.000153 0.000030 0.000041 0.173204 0.001400
0.826668 0.000158 0.000140 0.000030 0.000040 0.171564 0.001401
0.829192 0.000155 0.000136 0.000026 0.000037 0.169049 0.001405
0.830969 0.000153 0.000132 0.000024 0.000036 0.167277 0.001408
0.833181 0.000148 0.000124 0.000026 0.000034 0.165070 0.001417
0.835376 0.000147 0.000119 0.000023 0.000034 0.162887 0.001414
0.837500 0.000145 0.000112 0.000021 0.000032 0.160773 0.001416
0.839656 0.000147 0.000111 0.000020 0.000032 0.158625 0.001410
0.841082 0.000148 0.000112 0.000020 0.000031 0.157201 0.001407
0.843327 0.000150 0.000101 0.000018 0.000032 0.154961 0.001411
0.845279 0.000147 0.000086 0.000016 0.000029 0.153031 0.001413
0.847071 0.000141 0.000085 0.000020 0.000028 0.151238 0.001416
0.849573 0.000144 0.000076 0.000019 0.000026 0.148758 0.001405
0.850678 0.000148 0.000083 0.000017 0.000027 0.147651 0.001397
0.852668 0.000146 0.000080 0.000017 0.000026 0.145646 0.001417
0.854419 0.000144 0.000073 0.000018 0.000024 0.143911 0.001412
0.856030 0.000142 0.000073 0.000016 0.000025 0.142297 0.001417
0.857685 0.000147 0.000071 0.000018 0.000021 0.140630 0.001428
0.859423 0.000140 0.000067 0.000019 0.000023 0.138897 0.001431
0.861574 0.000139 0.000066 0.000015 0.000018 0.136787 0.001402
0.863244 0.000144 0.000067 0.000015 0.000016 0.135096 0.001419
0.864894 0.000143 0.000064 0.000016 0.000014 0.133443 0.001426
0.866415 0.000142 0.000065 0.000017 0.000015 0.131935 0.001411
0.868163 0.000144 0.000064 0.000016 0.000014 0.130186 0.001415
0.869847 0.000137 0.000061 0.000012 0.000014 0.128507 0.001422
