0.989080 0.010666 0.000149 0.000101 0.000000 0.000004 0.000000
0.978635 0.020801 0.000343 0.000211 0.000000 0.000010 0.000000
0.975405 0.023956 0.000389 0.000238 0.000000 0.000013 0.000000
0.971209 0.028012 0.000478 0.000288 0.000001 0.000013 0.000000
0.967638 0.031492 0.000528 0.000328 0.000003 0.000010 0.000000
0.962399 0.036628 0.000588 0.000368 0.000002 0.000015 0.000000
0.958071 0.040864 0.000653 0.000392 0.000003 0.000017 0.000000
0.952207 0.046570 0.000751 0.000447 0.000003 0.000021 0.000000
0.947860 0.050756 0.000864 0.000498 0.000003 0.000020 0.000000
0.939822 0.058478 0.001099 0.000573 0.000004 0.000024 0.000000
0.934099 0.063965 0.001244 0.000664 0.000003 0.000025 0.000000
0.926704 0.071147 0.001395 0.000718 0.000003 0.000033 0.000000
0.919429 0.078179 0.001539 0.000805 0.000002 0.000046 0.000000
0.911818 0.085499 0.001711 0.000920 0.000004 0.000048 0.000000
0.903723 0.093283 0.001872 0.001061 0.000003 0.000058 0.000000
0.893203 0.103434 0.002091 0.001201 0.000003 0.000068 0.000000
0.886735 0.109704 0.002203 0.001276 0.000003 0.000079 0.000000
0.877908 0.118255 0.002372 0.001361 0.000003 0.000100 0.000000
0.866723 0.129044 0.002644 0.001484 0.000003 0.000102 0.000000
0.856444 0.138931 0.002899 0.001625 0.000003 0.000099 0.000000
0.843160 0.151643 0.003233 0.001851 0.000003 0.000109 0.000000
0.832613 0.161759 0.003517 0.001976 0.000003 0.000131 0.000000
0.821843 0.172134 0.003773 0.002106 0.000003 0.000141 0.000000
0.812404 0.181258 0.003985 0.002207 0.000005 0.000141 0.000000
0.797957 0.195104 0.004373 0.002405 0.000009 0.000153 0.000000
0.783618 0.208846 0.004749 0.002614 0.000008 0.000164 0.000000
0.769307 0.222533 0.005144 0.002823 0.000007 0.000186 0.000000
0.755972 0.235209 0.005557 0.003045 0.000008 0.000210 0.000000
0.748126 0.242717 0.005753 0.003170 0.000008 0.000226 0.000000
0.732273 0.257770 0.006210 0.003488 0.000008 0.000251 0.000000
0.720024 0.269382 0.006593 0.003726 0.000008 0.000268 0.000000
0.705147 0.283448 0.007039 0.004055 0.000007 0.000303 0.000000
0.692118 0.295687 0.007511 0.004356 0.000007 0.000321 0.000000
0.678154 0.308856 0.007972 0.004659 0.000007 0.000352 0.000000
0.662897 0.323204 0.008560 0.004956 0.000008 0.000376 0.000000
0.655650 0.329826 0.008947 0.005187 0.000007 0.000383 0.000000
0.635766 0.348470 0.009712 0.005632 0.000006 0.000413 0.000000
0.622940 0.360407 0.010242 0.005960 0.000007 0.000444 0.000000
0.611267 0.371270 0.010767 0.006215 0.000008 0.000474 0.000000
0.601080 0.380733 0.011200 0.006469 0.000007 0.000510 0.000000
0.586976 0.393843 0.011805 0.006821 0.000009 0.000546 0.000000
0.573983 0.405799 0.012446 0.007177 0.000009 0.000586 0.000000
0.560978 0.417858 0.013008 0.007524 0.000011 0.000622 0.000000
0.545265 0.432198 0.013865 0.007995 0.000011 0.000666 0.000000
0.537066 0.439540 0.014370 0.008318 0.000013 0.000694 0.000000
0.521913 0.453395 0.015164 0.008777 0.000013 0.000739 0.000000
0.509955 0.464165 0.015887 0.009197 0.000014 0.000782 0.000000
0.498024 0.474937 0.016639 0.009564 0.000013 0.000823 0.000000
0.482425 0.488982 0.017581 0.010108 0.000015 0.000890 0.000000
0.470205 0.499999 0.018283 0.010548 0.000016 0.000948 0.000000
0.455896 0.512752 0.019233 0.011084 0.000020 0.001015 0.000000
0.446231 0.521050 0.020090 0.011519 0.000020 0.001089 0.000000
0.434232 0.531560 0.021001 0.012029 0.000020 0.001158 0.000000
0.421790 0.542441 0.021929 0.012583 0.000021 0.001237 0.000000
0.410388 0.552257 0.022902 0.013106 0.000023 0.001324 0.000000
0.398806 0.562226 0.023892 0.013639 0.000025 0.001413 0.000000
0.386932 0.572048 0.025126 0.014336 0.000024 0.001534 0.000000
0.376957 0.580338 0.026138 0.014923 0.000026 0.001618 0.000000
0.365750 0.589817 0.027212 0.015468 0.000026 0.001727 0.000000
0.355270 0.598469 0.028355 0.016043 0.000027 0.001836 0.000000
0.345567 0.606533 0.029360 0.016603 0.000031 0.001906 0.000000
0.334210 0.615479 0.030773 0.017474 0.000035 0.002029 0.000000
0.323657 0.623704 0.032117 0.018321 0.000036 0.002165 0.000000
0.314710 0.630362 0.033493 0.019096 0.000035 0.002305 0.000000
0.310078 0.633833 0.034223 0.019470 0.000036 0.002361 0.000000
0.305659 0.636460 0.035258 0.020108 0.000036 0.002479 0.000000
0.294487 0.645072 0.036776 0.020976 0.000036 0.002653 0.000000
0.286170 0.650987 0.038270 0.021706 0.000038 0.002828 0.000000
0.283545 0.651443 0.039585 0.022386 0.000039 0.003001 0.000000
0.271296 0.661112 0.041051 0.023334 0.000044 0.003163 0.000000
0.270668 0.660564 0.041752 0.023706 0.000044 0.003267 0.000000
0.268835 0.660511 0.042786 0.024387 0.000044 0.003437 0.000000
0.258172 0.668199 0.044556 0.025337 0.000045 0.003690 0.000000
0.263481 0.661782 0.045161 0.025730 0.000047 0.003799 0.000000
0.258865 0.663948 0.046594 0.026529 0.000055 0.004010 0.000000
0.252118 0.668150 0.048106 0.027355 0.000056 0.004215 0.000000
0.252509 0.666046 0.049165 0.027827 0.000057 0.004396 0.000000
0.253330 0.663951 0.049897 0.028233 0.000053 0.004536 0.000000
0.251189 0.664069 0.051089 0.028854 0.000060 0.004739 0.000000
0.248972 0.664211 0.052269 0.029538 0.000063 0.004948 0.000000
0.244705 0.666343 0.053524 0.030198 0.000065 0.005165 0.000000
0.245284 0.664343 0.054336 0.030649 0.000067 0.005320 0.000000
0.246758 0.661595 0.055029 0.031057 0.000066 0.005494 0.000000
0.243175 0.663403 0.056032 0.031673 0.000070 0.005648 0.000000
0.240334 0.663847 0.057403 0.032456 0.000071 0.005889 0.000000
0.240525 0.662460 0.058050 0.032809 0.000073 0.006083 0.000000
0.235745 0.664815 0.059475 0.033550 0.000076 0.006339 0.000000
0.239693 0.660005 0.059938 0.033816 0.000078 0.006470 0.000000
0.235589 0.662436 0.060892 0.034366 0.000083 0.006633 0.000000
0.232187 0.663130 0.062413 0.035220 0.000085 0.006966 0.000000
0.224960 0.667134 0.064202 0.036315 0.000093 0.007296 0.000000
0.223237 0.666936 0.065318 0.036883 0.000095 0.007531 0.000000
0.215173 0.672057 0.066967 0.037846 0.000093 0.007865 0.000000
0.209925 0.674873 0.068287 0.038678 0.000100 0.008137 0.000000
0.209589 0.673611 0.069157 0.039142 0.000102 0.008399 0.000000
0.210947 0.671784 0.069308 0.039332 0.000106 0.008523 0.000000
0.196699 0.680534 0.072467 0.041050 0.000110 0.009140 0.000000
0.189799 0.684953 0.073857 0.041876 0.000113 0.009402 0.000000
0.189826 0.683372 0.074624 0.042323 0.000119 0.009735 0.000000
0.181469 0.688138 0.076652 0.043452 0.000122 0.010167 0.000000
0.178737 0.690478 0.076786 0.043637 0.000130 0.010232 0.000000
0.171557 0.694253 0.078700 0.044664 0.000132 0.010694 0.000000
0.163897 0.698483 0.080617 0.045732 0.000135 0.011136 0.000000
0.156275 0.701784 0.082968 0.047122 0.000141 0.011710 0.000000
0.148359 0.706026 0.085004 0.048269 0.000156 0.012185 0.000000
0.144711 0.706558 0.086676 0.049258 0.000158 0.012639 0.000000
0.136523 0.711246 0.088627 0.050394 0.000166 0.013043 0.000000
0.131510 0.713016 0.090490 0.051336 0.000170 0.013478 0.000000
0.126615 0.715611 0.091739 0.052103 0.000171 0.013761 0.000000
0.117503 0.718872 0.095052 0.053918 0.000181 0.014475 0.000000
0.112082 0.720624 0.096992 0.055121 0.000188 0.014992 0.000000
0.108994 0.721175 0.098447 0.055779 0.000191 0.015414 0.000000
0.103474 0.723703 0.100018 0.056821 0.000201 0.015782 0.000000
0.098622 0.724854 0.102084 0.057930 0.000208 0.016302 0.000000
0.091002 0.727018 0.105140 0.059537 0.000221 0.017082 0.000000
0.087344 0.727254 0.107063 0.060514 0.000231 0.017593 0.000000
0.085798 0.727248 0.107793 0.061054 0.000226 0.017881 0.000000
0.076878 0.728610 0.112100 0.063281 0.000236 0.018896 0.000000
0.076343 0.728469 0.112413 0.063497 0.000241 0.019037 0.000000
0.073631 0.727365 0.114406 0.064656 0.000252 0.019690 0.000000
0.069149 0.727071 0.116993 0.066160 0.000265 0.020361 0.000000
0.066304 0.726086 0.118982 0.067285 0.000277 0.021066 0.000000
0.062876 0.725300 0.121236 0.068583 0.000292 0.021713 0.000000
0.061535 0.724299 0.122446 0.069274 0.000300 0.022146 0.000000
0.059426 0.722867 0.124273 0.070288 0.000304 0.022842 0.000000
0.057564 0.722535 0.125480 0.070995 0.000315 0.023112 0.000000
0.054890 0.721157 0.127692 0.072069 0.000321 0.023870 0.000000
0.051856 0.718783 0.130447 0.073657 0.000333 0.024923 0.000000
0.050493 0.717061 0.131999 0.074572 0.000337 0.025537 0.000000
0.048219 0.715542 0.133851 0.075645 0.000356 0.026387 0.000000
0.048218 0.714873 0.134179 0.075790 0.000354 0.026586 0.000000
0.046981 0.712829 0.135751 0.076687 0.000355 0.027397 0.000000
0.044935 0.710197 0.138075 0.078090 0.000375 0.028328 0.000000
0.042409 0.707493 0.140767 0.079574 0.000376 0.029380 0.000000
0.042048 0.706424 0.141524 0.079879 0.000396 0.029729 0.000000
0.041218 0.704433 0.142878 0.080694 0.000399 0.030378 0.000000
0.039880 0.702818 0.144404 0.081510 0.000406 0.030982 0.000000
0.038822 0.699760 0.146391 0.082701 0.000425 0.031902 0.000000
0.038127 0.698680 0.147368 0.083176 0.000429 0.032221 0.000000
0.036987 0.696164 0.149100 0.084224 0.000432 0.033094 0.000000
0.036251 0.694045 0.150508 0.084911 0.000449 0.033836 0.000000
0.035054 0.691829 0.152238 0.085886 0.000464 0.034529 0.000000
0.034317 0.689942 0.153503 0.086611 0.000461 0.035166 0.000000
0.033715 0.687754 0.154783 0.087318 0.000467 0.035962 0.000000
0.032793 0.685035 0.156556 0.088270 0.000478 0.036868 0.000000
0.032372 0.683641 0.157418 0.088838 0.000478 0.037253 0.000000
0.031299 0.681067 0.159097 0.089928 0.000486 0.038123 0.000000
0.030596 0.678390 0.160746 0.090811 0.000502 0.038955 0.000000
0.030122 0.676132 0.162021 0.091486 0.000509 0.039729 0.000001
0.029951 0.675472 0.162347 0.091698 0.000510 0.040022 0.000001
0.029496 0.673382 0.163516 0.092314 0.000511 0.040780 0.000001
0.028805 0.670203 0.165219 0.093502 0.000530 0.041740 0.000001
0.027793 0.667210 0.167129 0.094584 0.000555 0.042728 0.000001
0.027897 0.665872 0.167587 0.094862 0.000545 0.043236 0.000001
0.027314 0.664229 0.168605 0.095448 0.000553 0.043850 0.000002
0.026548 0.660607 0.170592 0.096613 0.000575 0.045065 0.000001
0.025706 0.657424 0.172405 0.097754 0.000590 0.046121 0.000001
0.025851 0.656712 0.172702 0.097711 0.000593 0.046428 0.000002
0.025418 0.654737 0.173728 0.098356 0.000605 0.047154 0.000003
0.024974 0.651607 0.175337 0.099408 0.000614 0.048056 0.000003
0.024275 0.648194 0.177151 0.100449 0.000631 0.049298 0.000002
0.024219 0.647710 0.177426 0.100477 0.000629 0.049536 0.000003
0.024179 0.646751 0.177777 0.100854 0.000636 0.049800 0.000003
0.023768 0.644260 0.179119 0.101505 0.000646 0.050699 0.000003
0.023273 0.641370 0.180597 0.102408 0.000658 0.051692 0.000002
0.022819 0.638715 0.182002 0.103218 0.000653 0.052590 0.000003
0.022371 0.635859 0.183426 0.103991 0.000683 0.053667 0.000003
0.022303 0.635327 0.183621 0.104021 0.000680 0.054045 0.000002
0.024073 0.631222 0.184550 0.104676 0.000679 0.054797 0.000003
0.030067 0.625661 0.184190 0.104331 0.000682 0.055065 0.000003
0.031193 0.622785 0.184835 0.104740 0.000688 0.055755 0.000004
0.033944 0.616459 0.186248 0.105470 0.000693 0.057182 0.000004
0.041098 0.612518 0.184629 0.104479 0.000701 0.056571 0.000003
0.035230 0.612168 0.187417 0.106103 0.000720 0.058359 0.000004
0.038433 0.606698 0.188323 0.106606 0.000719 0.059217 0.000004
0.044301 0.602462 0.187137 0.106121 0.000720 0.059255 0.000004
0.047993 0.597546 0.187489 0.106325 0.000730 0.059913 0.000003
0.051891 0.594889 0.186778 0.105819 0.000731 0.059888 0.000005
0.053464 0.591405 0.187358 0.106368 0.000742 0.060659 0.000004
0.048274 0.591523 0.189723 0.107678 0.000758 0.062040 0.000004
0.057587 0.583032 0.188925 0.107231 0.000751 0.062470 0.000004
0.059997 0.580440 0.188844 0.107192 0.000763 0.062761 0.000004
0.059027 0.580770 0.189061 0.107255 0.000763 0.063118 0.000004
0.062016 0.575675 0.189723 0.107559 0.000771 0.064250 0.000005
0.065673 0.571393 0.189679 0.107698 0.000780 0.064772 0.000006
0.063055 0.571611 0.190855 0.108197 0.000786 0.065490 0.000007
0.072228 0.567910 0.188019 0.106500 0.000779 0.064558 0.000007
0.071651 0.565664 0.188899 0.107225 0.000791 0.065763 0.000007
0.070199 0.565439 0.189639 0.107538 0.000802 0.066376 0.000006
0.068003 0.565652 0.190647 0.107864 0.000820 0.067007 0.000007
0.068033 0.563438 0.191461 0.108289 0.000819 0.067953 0.000007
0.066000 0.564064 0.191791 0.108773 0.000819 0.068547 0.000006
0.062273 0.564296 0.193278 0.109409 0.000847 0.069889 0.000007
0.056449 0.566334 0.195019 0.110490 0.000868 0.070832 0.000008
0.062435 0.564454 0.192744 0.109102 0.000855 0.070400 0.000009
0.055438 0.565337 0.195723 0.110702 0.000862 0.071928 0.000010
0.055691 0.564390 0.195735 0.110763 0.000877 0.072534 0.000010
0.050403 0.564277 0.198126 0.112159 0.000899 0.074126 0.000010
0.050644 0.565139 0.197558 0.111828 0.000903 0.073918 0.000010
0.040392 0.565120 0.202523 0.114534 0.000932 0.076488 0.000011
0.045126 0.563742 0.200442 0.113316 0.000947 0.076418 0.000009
0.037709 0.561706 0.204791 0.115846 0.000959 0.078978 0.000010
0.039253 0.561393 0.203915 0.115345 0.000971 0.079114 0.000011
0.036045 0.561348 0.205347 0.116056 0.000978 0.080215 0.000011
0.033065 0.560550 0.207066 0.117094 0.000986 0.081227 0.000012
0.032862 0.559790 0.207253 0.117276 0.000992 0.081815 0.000011
0.029348 0.558747 0.209261 0.118489 0.001018 0.083125 0.000011
0.027885 0.557024 0.210568 0.119129 0.001033 0.084348 0.000012
0.025632 0.553958 0.212732 0.120490 0.001056 0.086119 0.000013
0.024438 0.552398 0.213921 0.121156 0.001063 0.087012 0.000011
0.022396 0.550502 0.215569 0.122052 0.001079 0.088390 0.000012
0.022605 0.548935 0.215942 0.122321 0.001084 0.089100 0.000013
0.022322 0.548781 0.216015 0.122418 0.001087 0.089363 0.000013
0.022877 0.547705 0.215830 0.122339 0.001096 0.090139 0.000014
0.020663 0.544513 0.218254 0.123592 0.001127 0.091838 0.000013
0.019428 0.540583 0.220159 0.124886 0.001138 0.093792 0.000014
0.019544 0.540658 0.220035 0.124709 0.001150 0.093891 0.000013
0.018501 0.537679 0.221489 0.125667 0.001175 0.095476 0.000013
0.018666 0.535788 0.222251 0.125719 0.001165 0.096398 0.000013
0.017163 0.533753 0.223707 0.126542 0.001208 0.097615 0.000014
0.016560 0.531636 0.224701 0.127239 0.001193 0.098659 0.000013
0.017659 0.531396 0.224171 0.126625 0.001198 0.098939 0.000012
0.015620 0.527078 0.226788 0.128261 0.001231 0.101009 0.000013
0.016175 0.527543 0.226262 0.127802 0.001216 0.100989 0.000013
0.015170 0.523421 0.228148 0.128966 0.001247 0.103036 0.000012
0.014516 0.520460 0.229463 0.129986 0.001270 0.104292 0.000013
0.014544 0.519288 0.229881 0.130075 0.001286 0.104912 0.000014
0.014691 0.517722 0.230245 0.130193 0.001279 0.105857 0.000013
0.014285 0.515266 0.231228 0.130844 0.001309 0.107052 0.000015
0.014226 0.514519 0.231274 0.130958 0.001296 0.107712 0.000015
0.014114 0.513638 0.231535 0.131149 0.001327 0.108220 0.000016
0.013577 0.509971 0.233110 0.131976 0.001322 0.110031 0.000014
0.013428 0.507454 0.233983 0.132446 0.001326 0.111349 0.000014
0.013433 0.506165 0.234198 0.132673 0.001346 0.112171 0.000014
0.012742 0.503733 0.235494 0.133404 0.001356 0.113255 0.000015
0.012819 0.501229 0.236201 0.133742 0.001362 0.114632 0.000014
0.013016 0.501811 0.235671 0.133440 0.001373 0.114676 0.000013
0.012722 0.498142 0.237056 0.134264 0.001402 0.116399 0.000015
0.012223 0.494348 0.238651 0.135099 0.001411 0.118253 0.000015
0.012496 0.495602 0.237854 0.134753 0.001399 0.117881 0.000014
0.012448 0.493312 0.238439 0.135212 0.001422 0.119153 0.000014
0.012452 0.493087 0.238403 0.135179 0.001419 0.119444 0.000016
0.011813 0.488202 0.240428 0.136489 0.001450 0.121602 0.000015
0.011446 0.486541 0.241374 0.136633 0.001465 0.122526 0.000016
0.011532 0.484396 0.241705 0.137052 0.001500 0.123799 0.000016
0.011246 0.481088 0.242974 0.137526 0.001504 0.125645 0.000016
0.011745 0.481898 0.242095 0.137038 0.001502 0.125705 0.000016
0.011305 0.478944 0.243333 0.137822 0.001514 0.127063 0.000019
0.011350 0.478047 0.243376 0.137780 0.001521 0.127906 0.000019
0.011144 0.476424 0.243892 0.138186 0.001558 0.128779 0.000017
0.010983 0.473947 0.244744 0.138575 0.001572 0.130160 0.000019
0.010865 0.472510 0.245078 0.138884 0.001585 0.131059 0.000019
0.010746 0.470505 0.245749 0.139251 0.001590 0.132140 0.000018
0.010888 0.469979 0.245820 0.139076 0.001590 0.132627 0.000019
0.010691 0.467932 0.246519 0.139647 0.001589 0.133603 0.000019
0.010706 0.466529 0.246634 0.139716 0.001601 0.134794 0.000019
0.010787 0.463994 0.247342 0.140009 0.001619 0.136230 0.000018
0.010511 0.462363 0.248047 0.140470 0.001652 0.136937 0.000020
0.010428 0.459570 0.248673 0.140873 0.001665 0.138772 0.000020
0.010542 0.460325 0.248097 0.140685 0.001650 0.138681 0.000020
0.010466 0.456999 0.248968 0.141125 0.001671 0.140751 0.000019
0.010490 0.456241 0.249147 0.141374 0.001668 0.141061 0.000019
0.010451 0.454670 0.249537 0.141398 0.001682 0.142242 0.000020
0.010073 0.450228 0.251144 0.142169 0.001710 0.144655 0.000021
0.010102 0.449809 0.251135 0.142349 0.001726 0.144861 0.000019
0.010065 0.449063 0.251263 0.142442 0.001731 0.145415 0.000021
0.009998 0.446318 0.252194 0.142778 0.001758 0.146934 0.000020
0.010210 0.447255 0.251379 0.142396 0.001752 0.146986 0.000021
0.010106 0.445592 0.251925 0.142582 0.001750 0.148022 0.000022
0.009888 0.441915 0.253396 0.143301 0.001795 0.149682 0.000022
0.009939 0.442079 0.253110 0.143180 0.001794 0.149878 0.000021
0.009953 0.439580 0.253641 0.143352 0.001805 0.151646 0.000023
0.009834 0.438332 0.254119 0.143595 0.001811 0.152288 0.000021
0.009794 0.435539 0.254719 0.144118 0.001838 0.153969 0.000022
0.009694 0.433259 0.255304 0.144460 0.001870 0.155390 0.000021
0.009737 0.432408 0.255379 0.144502 0.001882 0.156070 0.000023
0.009669 0.431144 0.255566 0.144636 0.001874 0.157088 0.000024
0.009805 0.430530 0.255360 0.144632 0.001885 0.157764 0.000025
0.009610 0.428242 0.256675 0.144894 0.001886 0.158668 0.000025
0.009708 0.426945 0.256548 0.145099 0.001927 0.159748 0.000025
0.009645 0.425333 0.256959 0.145065 0.001922 0.161051 0.000025
0.009507 0.422576 0.257569 0.145512 0.001949 0.162861 0.000026
0.009551 0.422726 0.257410 0.145507 0.001960 0.162819 0.000026
0.009455 0.420554 0.258196 0.145779 0.001960 0.164032 0.000025
0.009504 0.418881 0.258220 0.146046 0.001979 0.165341 0.000028
0.009409 0.417095 0.259038 0.146024 0.002000 0.166405 0.000029
0.009509 0.416240 0.258839 0.146226 0.002003 0.167154 0.000030
0.009544 0.414458 0.258938 0.146349 0.002007 0.168677 0.000027
0.009476 0.412582 0.259446 0.146687 0.002044 0.169738 0.000028
0.009413 0.410899 0.259815 0.146903 0.002061 0.170879 0.000031
0.009451 0.410062 0.259776 0.146918 0.002086 0.171678 0.000028
0.009264 0.407571 0.260770 0.147469 0.002082 0.172819 0.000027
0.009340 0.407359 0.260543 0.147179 0.002096 0.173455 0.000029
0.009253 0.403539 0.261466 0.147745 0.002120 0.175848 0.000028
0.009101 0.402286 0.261725 0.147986 0.002143 0.176729 0.000029
0.009207 0.402545 0.261288 0.147776 0.002139 0.177017 0.000028
0.009185 0.401656 0.261498 0.147837 0.002159 0.177636 0.000028
0.009158 0.399787 0.261745 0.147786 0.002167 0.179330 0.000027
0.009174 0.398552 0.262181 0.148191 0.002166 0.179707 0.000029
0.009091 0.396018 0.262802 0.148389 0.002182 0.181489 0.000030
0.009030 0.394672 0.262894 0.148370 0.002224 0.182782 0.000027
0.009015 0.392507 0.263116 0.148734 0.002236 0.184365 0.000027
0.008993 0.392115 0.263262 0.148758 0.002256 0.184588 0.000026
0.008970 0.389807 0.263801 0.148931 0.002254 0.186210 0.000027
0.009009 0.388767 0.263768 0.149178 0.002263 0.186986 0.000030
0.009016 0.387872 0.263393 0.149140 0.002270 0.188278 0.000031
0.008982 0.385860 0.264055 0.149367 0.002296 0.189411 0.000030
0.008909 0.384607 0.264538 0.149410 0.002287 0.190220 0.000028
0.008878 0.382192 0.264934 0.149753 0.002314 0.191900 0.000029
0.008830 0.380142 0.265192 0.150131 0.002347 0.193328 0.000029
0.008917 0.381165 0.264843 0.149660 0.002310 0.193075 0.000031
0.008767 0.378087 0.265572 0.150157 0.002354 0.195033 0.000029
0.008843 0.378132 0.265578 0.149903 0.002352 0.195161 0.000032
0.008964 0.377128 0.265579 0.149972 0.002368 0.195958 0.000031
0.008800 0.374409 0.266023 0.150588 0.002363 0.197784 0.000032
0.008824 0.374612 0.265953 0.150339 0.002403 0.197836 0.000032
0.008864 0.372216 0.266291 0.150610 0.002393 0.199594 0.000031
0.008810 0.370386 0.266439 0.150802 0.002417 0.201112 0.000033
0.008794 0.369488 0.266824 0.150790 0.002425 0.201647 0.000032
0.008782 0.368259 0.267104 0.150823 0.002428 0.202572 0.000032
0.008853 0.367092 0.266959 0.150932 0.002452 0.203680 0.000031
0.008761 0.363588 0.267665 0.151183 0.002493 0.206277 0.000033
0.008802 0.364350 0.267361 0.151146 0.002487 0.205822 0.000032
0.008741 0.361420 0.267866 0.151462 0.002501 0.207978 0.000032
0.008850 0.362014 0.267485 0.151275 0.002502 0.207840 0.000035
0.008781 0.360640 0.267701 0.151401 0.002486 0.208956 0.000036
0.008697 0.357346 0.268418 0.151709 0.002552 0.211243 0.000035
0.008713 0.356311 0.268512 0.151685 0.002558 0.212186 0.000035
0.008765 0.356353 0.268440 0.151567 0.002549 0.212289 0.000036
0.008737 0.355566 0.268312 0.151667 0.002562 0.213119 0.000037
0.008722 0.354232 0.268668 0.151652 0.002588 0.214104 0.000034
0.008685 0.350432 0.268978 0.152137 0.002617 0.217117 0.000034
0.008700 0.350761 0.269182 0.151847 0.002621 0.216852 0.000037
0.008710 0.350176 0.268866 0.151893 0.002648 0.217671 0.000036
0.008661 0.348315 0.269039 0.151968 0.002634 0.219348 0.000036
0.008739 0.347891 0.268749 0.151890 0.002656 0.220035 0.000040
0.008717 0.345337 0.269402 0.152206 0.002637 0.221659 0.000042
0.008685 0.344999 0.269194 0.152211 0.002662 0.222211 0.000038
0.008745 0.343287 0.269458 0.152263 0.002671 0.223539 0.000038
0.008704 0.342085 0.269333 0.152352 0.002688 0.224799 0.000039
0.008736 0.340336 0.269641 0.152489 0.002698 0.226059 0.000040
0.008698 0.339868 0.269467 0.152553 0.002700 0.226676 0.000038
0.008677 0.338548 0.269839 0.152664 0.002722 0.227510 0.000041
0.008713 0.335612 0.269968 0.152775 0.002751 0.230138 0.000041
0.008730 0.336336 0.269877 0.152741 0.002715 0.229555 0.000046
0.008805 0.333910 0.269984 0.152739 0.002760 0.231754 0.000047
0.008809 0.333286 0.270128 0.152838 0.002750 0.232139 0.000050
0.008771 0.330979 0.270349 0.152943 0.002784 0.234126 0.000048
0.008770 0.330267 0.270273 0.152902 0.002796 0.234945 0.000047
0.008796 0.329734 0.270129 0.153030 0.002750 0.235511 0.000050
0.008766 0.329371 0.270180 0.152883 0.002771 0.235981 0.000048
0.008758 0.327196 0.270392 0.153031 0.002796 0.237778 0.000048
0.008801 0.325153 0.270357 0.153244 0.002841 0.239555 0.000049
0.008801 0.324685 0.270316 0.153100 0.002821 0.240227 0.000051
0.008799 0.323883 0.270509 0.152890 0.002827 0.241044 0.000049
0.008769 0.321527 0.270449 0.153093 0.002879 0.243238 0.000046
0.008766 0.321165 0.270388 0.153099 0.002899 0.243634 0.000049
0.008785 0.320631 0.270335 0.153089 0.002898 0.244213 0.000050
0.008684 0.316980 0.270682 0.153165 0.002947 0.247494 0.000049
0.008754 0.318376 0.270369 0.153031 0.002931 0.246487 0.000052
0.008811 0.317570 0.270385 0.152955 0.002931 0.247297 0.000051
0.008843 0.315667 0.270695 0.153013 0.002945 0.248781 0.000056
0.008773 0.314292 0.270670 0.153164 0.002969 0.250076 0.000056
0.008821 0.313758 0.270537 0.152997 0.002961 0.250868 0.000058
0.008793 0.312746 0.270891 0.152806 0.002933 0.251775 0.000057
0.008863 0.311339 0.270670 0.153037 0.002962 0.253073 0.000056
0.008792 0.309841 0.270727 0.152958 0.002981 0.254646 0.000056
0.008817 0.309828 0.270576 0.153059 0.002982 0.254673 0.000064
0.008850 0.306972 0.270510 0.153186 0.003028 0.257396 0.000057
0.008852 0.306701 0.270691 0.152992 0.003019 0.257684 0.000062
0.008797 0.306573 0.270527 0.152831 0.003020 0.258191 0.000060
0.008829 0.303848 0.270901 0.152989 0.003058 0.260312 0.000061
0.008815 0.302689 0.270863 0.153077 0.003032 0.261461 0.000062
0.008847 0.303431 0.270609 0.152924 0.003020 0.261111 0.000058
0.008863 0.302511 0.270715 0.152683 0.003068 0.262098 0.000062
0.008849 0.301122 0.270826 0.152826 0.003049 0.263265 0.000063
0.008911 0.300493 0.270635 0.152817 0.003070 0.264012 0.000063
0.008926 0.299370 0.270638 0.152740 0.003067 0.265190 0.000069
0.008904 0.297864 0.270394 0.152825 0.003079 0.266868 0.000065
0.008908 0.295789 0.270542 0.152879 0.003082 0.268733 0.000068
0.008946 0.295403 0.270472 0.152697 0.003096 0.269317 0.000069
0.008894 0.294391 0.270530 0.152830 0.003097 0.270187 0.000072
0.008912 0.293042 0.270521 0.152717 0.003104 0.271636 0.000069
0.008923 0.294200 0.270158 0.152555 0.003110 0.270981 0.000072
0.008930 0.292885 0.270187 0.152492 0.003105 0.272332 0.000071
0.008904 0.289960 0.270251 0.152661 0.003200 0.274952 0.000070
0.008921 0.290122 0.270073 0.152440 0.003169 0.275201 0.000073
0.008920 0.288219 0.270078 0.152308 0.003219 0.277185 0.000071
0.008984 0.288728 0.269852 0.152488 0.003190 0.276688 0.000071
0.008945 0.287887 0.269863 0.152461 0.003192 0.277578 0.000074
0.008926 0.285724 0.269814 0.152458 0.003254 0.279751 0.000073
0.008966 0.284844 0.269768 0.152486 0.003226 0.280639 0.000071
0.009005 0.283668 0.269710 0.152446 0.003262 0.281835 0.000074
0.009006 0.283259 0.269533 0.152306 0.003238 0.282584 0.000074
0.009072 0.281375 0.269856 0.152434 0.003296 0.283887 0.000081
0.009074 0.280571 0.269667 0.152176 0.003284 0.285151 0.000078
0.009101 0.279795 0.269481 0.152064 0.003265 0.286221 0.000072
0.009137 0.279095 0.269596 0.152067 0.003258 0.286771 0.000077
0.009156 0.276674 0.269617 0.152187 0.003316 0.288972 0.000078
0.009123 0.278051 0.269217 0.151813 0.003266 0.288454 0.000075
0.009127 0.275767 0.269368 0.151778 0.003334 0.290550 0.000076
0.009138 0.274224 0.269513 0.151778 0.003343 0.291925 0.000080
0.009120 0.272993 0.269212 0.151727 0.003350 0.293519 0.000078
0.009046 0.273164 0.268925 0.151712 0.003338 0.293737 0.000078
0.009117 0.271462 0.268862 0.151560 0.003373 0.295543 0.000081
0.009151 0.269930 0.268907 0.151550 0.003408 0.296971 0.000084
0.009190 0.270443 0.268833 0.151561 0.003394 0.296499 0.000079
0.009191 0.269069 0.268838 0.151360 0.003399 0.298062 0.000082
0.009162 0.268774 0.268577 0.151395 0.003410 0.298601 0.000080
0.009217 0.266785 0.268666 0.151488 0.003412 0.300350 0.000081
0.009178 0.266664 0.268602 0.151386 0.003416 0.300675 0.000079
0.009245 0.265333 0.268400 0.151354 0.003441 0.302146 0.000081
0.009257 0.265465 0.268202 0.151220 0.003460 0.302315 0.000080
0.009276 0.264587 0.268048 0.151152 0.003455 0.303400 0.000082
0.009265 0.263840 0.268182 0.151148 0.003453 0.304026 0.000085
0.009265 0.262409 0.267709 0.151060 0.003498 0.305976 0.000084
0.009386 0.261320 0.267514 0.150974 0.003470 0.307246 0.000090
0.009372 0.260439 0.267374 0.151266 0.003526 0.307937 0.000084
0.009367 0.259007 0.267469 0.151064 0.003512 0.309493 0.000088
0.009386 0.259330 0.267456 0.150731 0.003516 0.309492 0.000088
0.009399 0.256419 0.267209 0.150977 0.003544 0.312364 0.000089
0.009431 0.256710 0.267127 0.150731 0.003539 0.312370 0.000092
0.009493 0.256076 0.267049 0.150626 0.003550 0.313114 0.000092
0.009452 0.255521 0.266625 0.150678 0.003564 0.314065 0.000095
0.009491 0.253867 0.266546 0.150565 0.003595 0.315840 0.000096
0.009521 0.253168 0.266727 0.150364 0.003621 0.316508 0.000092
0.009564 0.252542 0.266465 0.150287 0.003587 0.317461 0.000093
0.009597 0.250097 0.266219 0.150364 0.003621 0.320003 0.000099
0.009558 0.250954 0.266028 0.150347 0.003629 0.319387 0.000096
0.009571 0.250283 0.265964 0.150069 0.003633 0.320386 0.000093
0.009608 0.248784 0.265819 0.149942 0.003682 0.322072 0.000094
0.009603 0.248626 0.265641 0.150037 0.003635 0.322369 0.000090
0.009627 0.247182 0.265570 0.149742 0.003630 0.324152 0.000097
0.009591 0.246543 0.265449 0.149835 0.003674 0.324811 0.000098
0.009646 0.245476 0.265396 0.149638 0.003686 0.326064 0.000093
0.009609 0.245422 0.265015 0.149599 0.003690 0.326570 0.000096
0.009621 0.243181 0.265003 0.149508 0.003707 0.328886 0.000094
0.009673 0.243610 0.264799 0.149502 0.003677 0.328640 0.000098
0.009634 0.243701 0.264878 0.149707 0.003689 0.328301 0.000090
0.009635 0.242062 0.264595 0.149330 0.003693 0.330595 0.000091
0.009674 0.240966 0.264531 0.149431 0.003752 0.331550 0.000095
0.009708 0.240640 0.264316 0.149269 0.003744 0.332228 0.000096
0.009737 0.239567 0.264131 0.149269 0.003750 0.333447 0.000098
0.009759 0.238948 0.264037 0.149218 0.003793 0.334144 0.000102
0.009786 0.237624 0.263852 0.149259 0.003772 0.335601 0.000107
0.009805 0.236912 0.263778 0.148985 0.003776 0.336645 0.000099
0.009822 0.235844 0.263621 0.148730 0.003824 0.338050 0.000109
0.009842 0.235054 0.263335 0.148671 0.003807 0.339186 0.000105
0.009865 0.233955 0.263289 0.148639 0.003824 0.340326 0.000103
0.009898 0.234220 0.263333 0.148595 0.003833 0.340014 0.000106
0.010008 0.233500 0.262965 0.148458 0.003819 0.341146 0.000104
0.010007 0.232425 0.262893 0.148418 0.003828 0.342326 0.000103
0.009945 0.231635 0.262798 0.148256 0.003850 0.343406 0.000109
0.010010 0.230582 0.262494 0.148188 0.003849 0.344766 0.000110
0.010067 0.230590 0.262652 0.148099 0.003891 0.344595 0.000107
0.010122 0.229243 0.262418 0.148066 0.003870 0.346171 0.000109
0.010218 0.227458 0.262000 0.147823 0.003934 0.348458 0.000110
0.010213 0.226784 0.261662 0.147751 0.003936 0.349543 0.000111
0.010277 0.227492 0.261925 0.147695 0.003894 0.348605 0.000111
0.010272 0.225946 0.261481 0.147628 0.003920 0.350646 0.000107
0.010323 0.225823 0.261568 0.147405 0.003919 0.350853 0.000109
0.010262 0.224049 0.260928 0.147352 0.003946 0.353352 0.000111
0.010262 0.224119 0.260773 0.147223 0.003953 0.353554 0.000117
0.010321 0.222605 0.260776 0.147181 0.003962 0.355038 0.000116
0.010336 0.222482 0.260620 0.147125 0.003950 0.355376 0.000110
0.010340 0.222070 0.260440 0.146850 0.003965 0.356221 0.000114
0.010332 0.222084 0.260464 0.146831 0.003950 0.356221 0.000117
0.010313 0.220474 0.260164 0.146740 0.003974 0.358219 0.000116
0.010352 0.219444 0.259804 0.146753 0.003987 0.359544 0.000115
0.010362 0.219461 0.259918 0.146432 0.003988 0.359717 0.000121
0.010439 0.218063 0.259505 0.146466 0.004008 0.361400 0.000118
0.010563 0.217149 0.259333 0.146239 0.004012 0.362585 0.000119
0.010508 0.216979 0.259422 0.146105 0.004017 0.362849 0.000119
0.010607 0.215759 0.258935 0.146064 0.004046 0.364464 0.000125
0.010579 0.215403 0.259056 0.145957 0.004035 0.364852 0.000118
0.010617 0.214804 0.258474 0.145713 0.004045 0.366223 0.000123
0.010561 0.213486 0.258376 0.145755 0.004061 0.367638 0.000123
0.010540 0.213419 0.258485 0.145544 0.004071 0.367823 0.000118
0.010517 0.212935 0.258221 0.145260 0.004070 0.368873 0.000124
0.010553 0.211557 0.257834 0.145022 0.004091 0.370810 0.000132
0.010560 0.211267 0.257593 0.144979 0.004074 0.371403 0.000123
0.010584 0.210765 0.257303 0.144983 0.004103 0.372130 0.000131
0.010615 0.209565 0.256983 0.144870 0.004107 0.373728 0.000131
0.018583 0.207276 0.254309 0.143455 0.004108 0.372137 0.000133
0.044533 0.203615 0.247215 0.139274 0.004003 0.361234 0.000127
0.052029 0.202424 0.244749 0.138044 0.003936 0.358692 0.000125
0.055145 0.201597 0.243449 0.137334 0.003939 0.358405 0.000131
0.049966 0.202095 0.244760 0.137726 0.003980 0.361346 0.000127
0.058716 0.200634 0.241626 0.136305 0.003956 0.358639 0.000123
0.052442 0.202227 0.243417 0.137095 0.003970 0.360720 0.000129
0.065123 0.200499 0.238934 0.134892 0.003907 0.356518 0.000127
0.074722 0.200203 0.235634 0.132891 0.003887 0.352533 0.000129
0.077724 0.200550 0.234209 0.132023 0.003859 0.351505 0.000130
0.082987 0.201660 0.232006 0.130760 0.003815 0.348651 0.000122
0.089780 0.203120 0.228778 0.129304 0.003820 0.345079 0.000118
0.085732 0.203896 0.229257 0.129412 0.003848 0.347732 0.000124
0.086134 0.205761 0.227946 0.128652 0.003841 0.347535 0.000130
0.082948 0.207934 0.228114 0.128927 0.003837 0.348108 0.000133
0.087102 0.211633 0.225815 0.127391 0.003788 0.344149 0.000122
0.077577 0.212351 0.228138 0.128671 0.003819 0.349311 0.000131
0.077733 0.214710 0.226816 0.128234 0.003796 0.348582 0.000130
0.084966 0.218890 0.222656 0.125650 0.003777 0.343937 0.000123
0.082624 0.223032 0.222233 0.125454 0.003777 0.342754 0.000125
0.073859 0.223176 0.224484 0.126668 0.003803 0.347883 0.000128
0.067534 0.223845 0.225807 0.127532 0.003863 0.351291 0.000129
0.068442 0.227330 0.224325 0.126490 0.003828 0.349453 0.000133
0.062923 0.227915 0.225550 0.127031 0.003869 0.352582 0.000131
0.059110 0.229735 0.226100 0.127434 0.003895 0.353596 0.000129
0.056516 0.231735 0.225875 0.127229 0.003857 0.354658 0.000130
0.047994 0.226829 0.229324 0.129344 0.003973 0.362395 0.000141
0.050336 0.232975 0.227026 0.127805 0.003878 0.357846 0.000134
0.044071 0.229639 0.229478 0.129511 0.003988 0.363175 0.000137
0.047269 0.237347 0.225862 0.127536 0.003934 0.357922 0.000131
0.034763 0.223572 0.233285 0.131445 0.004091 0.372704 0.000140
0.033431 0.224155 0.233655 0.131737 0.004076 0.372807 0.000137
0.032927 0.224978 0.233261 0.131432 0.004096 0.373163 0.000143
0.034989 0.231014 0.230116 0.129926 0.004051 0.369766 0.000139
0.027717 0.220509 0.235297 0.132744 0.004172 0.379415 0.000146
0.028171 0.222104 0.233880 0.131865 0.004135 0.379698 0.000147
0.026643 0.221426 0.234321 0.132338 0.004164 0.380957 0.000150
0.025177 0.219416 0.235024 0.132525 0.004196 0.383511 0.000150
0.023826 0.217488 0.235770 0.132984 0.004198 0.385589 0.000146
0.022048 0.213666 0.236712 0.133885 0.004207 0.389331 0.000152
0.021512 0.213751 0.236763 0.133600 0.004217 0.390009 0.000148
0.020937 0.212912 0.236545 0.133508 0.004263 0.391681 0.000155
0.018877 0.208243 0.238710 0.134809 0.004231 0.394976 0.000154
0.018510 0.207232 0.238478 0.134772 0.004303 0.396554 0.000152
0.018499 0.207899 0.238308 0.134336 0.004284 0.396520 0.000154
0.019683 0.212585 0.235960 0.133073 0.004245 0.394293 0.000162
0.018275 0.208801 0.237529 0.134101 0.004288 0.396847 0.000159
0.016313 0.201153 0.239722 0.135286 0.004348 0.403010 0.000167
0.017600 0.206366 0.237387 0.133902 0.004306 0.400273 0.000167
0.016863 0.203488 0.238127 0.134637 0.004317 0.402403 0.000166
0.017285 0.205460 0.237067 0.133827 0.004305 0.401890 0.000165
0.015668 0.198577 0.239236 0.135178 0.004377 0.406801 0.000164
0.015797 0.198392 0.238336 0.134704 0.004390 0.408211 0.000170
0.016209 0.202293 0.237755 0.134205 0.004360 0.405015 0.000162
0.015625 0.198922 0.238227 0.134473 0.004394 0.408193 0.000166
0.015600 0.199419 0.237693 0.134061 0.004412 0.408649 0.000166
0.014850 0.194413 0.238465 0.134591 0.004441 0.413068 0.000172
0.015214 0.196527 0.237802 0.134221 0.004447 0.411618 0.000171
0.014187 0.190514 0.239607 0.135298 0.004439 0.415784 0.000171
0.014435 0.191172 0.238717 0.134763 0.004445 0.416303 0.000165
0.014961 0.194390 0.237169 0.134015 0.004454 0.414841 0.000171
0.013867 0.187637 0.239179 0.134898 0.004464 0.419787 0.000168
0.014220 0.188839 0.238412 0.134389 0.004479 0.419490 0.000170
0.014510 0.190548 0.237120 0.133902 0.004481 0.419270 0.000168
0.014359 0.190079 0.237544 0.134133 0.004490 0.419213 0.000181
0.014458 0.191097 0.236662 0.133417 0.004459 0.419727 0.000179
0.014090 0.187903 0.237305 0.133612 0.004485 0.422427 0.000180
0.014326 0.189159 0.236204 0.133027 0.004521 0.422580 0.000182
0.013497 0.181530 0.238108 0.134510 0.004578 0.427598 0.000179
0.014045 0.185654 0.236573 0.133464 0.004509 0.425575 0.000180
0.013609 0.180857 0.237005 0.133850 0.004555 0.429944 0.000180
0.013564 0.181031 0.236740 0.133794 0.004566 0.430122 0.000183
0.013530 0.180435 0.237007 0.133716 0.004537 0.430596 0.000178
0.013975 0.183712 0.235610 0.133243 0.004527 0.428750 0.000183
0.013815 0.181916 0.235772 0.133237 0.004543 0.430536 0.000181
0.013893 0.182272 0.235125 0.132779 0.004542 0.431205 0.000185
0.013930 0.183623 0.234773 0.132837 0.004566 0.430092 0.000179
0.013760 0.182402 0.235027 0.132705 0.004591 0.431333 0.000182
0.013872 0.182072 0.234370 0.132566 0.004577 0.432364 0.000181
0.013743 0.180095 0.234619 0.132443 0.004599 0.434319 0.000183
0.013630 0.177970 0.234956 0.132427 0.004631 0.436209 0.000179
0.013740 0.179057 0.233992 0.131912 0.004654 0.436463 0.000181
0.013828 0.178804 0.233799 0.131835 0.004653 0.436892 0.000191
0.013708 0.176752 0.233916 0.132034 0.004607 0.438797 0.000186
0.013603 0.174945 0.234172 0.132304 0.004629 0.440156 0.000190
0.013587 0.173905 0.233726 0.131972 0.004659 0.441965 0.000186
0.013822 0.177248 0.233035 0.131325 0.004622 0.439761 0.000188
0.013538 0.171889 0.233587 0.132025 0.004703 0.444068 0.000190
0.013982 0.179134 0.232157 0.130984 0.004609 0.438948 0.000185
0.013668 0.173247 0.232897 0.131259 0.004654 0.444086 0.000189
0.013750 0.174412 0.232462 0.131115 0.004614 0.443453 0.000194
0.013727 0.173914 0.232555 0.131319 0.004660 0.443632 0.000193
0.013503 0.170396 0.232418 0.130965 0.004698 0.447826 0.000193
0.013663 0.171538 0.231979 0.130877 0.004709 0.447038 0.000197
0.013638 0.169595 0.231890 0.130798 0.004724 0.449159 0.000195
0.013644 0.171019 0.232033 0.130822 0.004691 0.447596 0.000194
0.013625 0.168919 0.231578 0.130681 0.004674 0.450327 0.000198
0.013625 0.168890 0.231346 0.130459 0.004749 0.450740 0.000191
0.013632 0.168532 0.231189 0.130428 0.004698 0.451322 0.000200
0.013757 0.169771 0.230598 0.130040 0.004704 0.450928 0.000201
0.013755 0.168903 0.230038 0.129907 0.004726 0.452479 0.000193
0.013733 0.166136 0.230372 0.129956 0.004769 0.454844 0.000191
0.013814 0.166844 0.230182 0.129773 0.004745 0.454436 0.000205
0.013786 0.165096 0.229774 0.129506 0.004756 0.456875 0.000206
0.013790 0.164186 0.229783 0.129490 0.004791 0.457756 0.000204
0.013887 0.166164 0.229340 0.129168 0.004756 0.456477 0.000208
0.013944 0.165924 0.228911 0.129044 0.004733 0.457243 0.000200
0.013912 0.162255 0.229014 0.128866 0.004825 0.460921 0.000206
0.014068 0.166186 0.227969 0.128774 0.004778 0.458017 0.000209
0.013989 0.163167 0.228553 0.128861 0.004825 0.460393 0.000213
0.013998 0.163103 0.228318 0.128699 0.004800 0.460871 0.000211
0.014018 0.162434 0.227985 0.128453 0.004809 0.462098 0.000203
0.014029 0.160170 0.228031 0.128424 0.004853 0.464279 0.000213
0.014006 0.159979 0.227834 0.128399 0.004880 0.464686 0.000215
0.014173 0.158919 0.227214 0.127969 0.004884 0.466623 0.000217
0.014187 0.159145 0.227166 0.127897 0.004861 0.466536 0.000208
0.014227 0.159548 0.227129 0.127802 0.004865 0.466211 0.000219
0.014345 0.161815 0.226578 0.127446 0.004860 0.464741 0.000215
0.014319 0.157593 0.226128 0.127574 0.004867 0.469298 0.000221
0.014245 0.157569 0.226293 0.127380 0.004887 0.469405 0.000221
0.014331 0.158066 0.225968 0.127343 0.004850 0.469213 0.000230
0.014299 0.154714 0.225567 0.127284 0.004867 0.473039 0.000231
0.014451 0.160100 0.224969 0.126697 0.004835 0.468721 0.000227
0.014343 0.155837 0.224885 0.126723 0.004876 0.473105 0.000231
0.014444 0.153453 0.224881 0.126790 0.004875 0.475324 0.000233
0.014430 0.154850 0.224603 0.126572 0.004905 0.474410 0.000230
0.014506 0.154718 0.224537 0.126579 0.004880 0.474552 0.000228
0.014618 0.155531 0.223931 0.125973 0.004901 0.474816 0.000231
0.014691 0.157097 0.223377 0.125996 0.004846 0.473759 0.000235
0.014726 0.156345 0.223268 0.125497 0.004854 0.475070 0.000241
0.014756 0.155136 0.222901 0.125479 0.004881 0.476601 0.000245
0.014733 0.154506 0.222925 0.125594 0.004898 0.477108 0.000236
0.014679 0.150818 0.222697 0.125347 0.004944 0.481266 0.000248
0.014804 0.156067 0.222167 0.125258 0.004886 0.476569 0.000249
0.014857 0.149672 0.222310 0.125054 0.004977 0.482888 0.000244
0.014824 0.151732 0.221980 0.124838 0.004921 0.481458 0.000247
0.014887 0.147842 0.221714 0.125099 0.004981 0.485224 0.000253
0.014986 0.148594 0.221247 0.124665 0.004981 0.485286 0.000240
0.015041 0.150218 0.221066 0.124608 0.004954 0.483860 0.000251
0.014989 0.148684 0.220874 0.124250 0.004953 0.485991 0.000259
0.015034 0.150001 0.220578 0.124401 0.004947 0.484800 0.000239
0.015085 0.148678 0.220299 0.124011 0.004990 0.486689 0.000247
0.015087 0.150422 0.220119 0.124002 0.004927 0.485192 0.000251
0.015144 0.149491 0.219933 0.123897 0.004940 0.486341 0.000254
0.015132 0.148672 0.219712 0.123769 0.004962 0.487506 0.000247
0.015186 0.147770 0.219415 0.123363 0.005000 0.489014 0.000252
0.015269 0.145427 0.219452 0.123529 0.005004 0.491066 0.000253
0.015202 0.145961 0.219187 0.123506 0.005030 0.490865 0.000250
0.015316 0.148348 0.218373 0.122956 0.004984 0.489779 0.000244
0.015286 0.143844 0.218521 0.123112 0.005039 0.493940 0.000258
0.015255 0.146423 0.218156 0.123014 0.005024 0.491876 0.000251
