0.990669 0.009124 0.000128 0.000080 0.000000 0.000000 0.000000
0.981018 0.018553 0.000274 0.000155 0.000000 0.000000 0.000000
0.977050 0.022462 0.000321 0.000166 0.000000 0.000001 0.000000
0.973182 0.026230 0.000389 0.000195 0.000000 0.000004 0.000000
0.968393 0.030907 0.000460 0.000233 0.000000 0.000007 0.000000
0.963898 0.035264 0.000543 0.000284 0.000000 0.000011 0.000000
0.957961 0.041057 0.000631 0.000336 0.000000 0.000015 0.000000
0.951712 0.047163 0.000717 0.000393 0.000000 0.000015 0.000000
0.944238 0.054457 0.000831 0.000456 0.000000 0.000018 0.000000
0.936661 0.061857 0.000947 0.000515 0.000000 0.000020 0.000000
0.927548 0.070722 0.001099 0.000608 0.000000 0.000024 0.000000
0.917005 0.080976 0.001264 0.000726 0.000000 0.000029 0.000000
0.906953 0.090739 0.001446 0.000827 0.000001 0.000033 0.000000
0.895109 0.102270 0.001652 0.000926 0.000002 0.000041 0.000000
0.881928 0.115060 0.001891 0.001074 0.000002 0.000047 0.000000
0.868690 0.127896 0.002134 0.001222 0.000002 0.000055 0.000000
0.855371 0.140794 0.002381 0.001383 0.000002 0.000071 0.000000
0.839721 0.155929 0.002691 0.001574 0.000002 0.000083 0.000000
0.824178 0.170955 0.003024 0.001746 0.000002 0.000094 0.000000
0.807073 0.187476 0.003405 0.001942 0.000002 0.000103 0.000000
0.791351 0.202662 0.003743 0.002129 0.000002 0.000114 0.000000
0.774425 0.218941 0.004166 0.002342 0.000003 0.000122 0.000000
0.756279 0.236365 0.004614 0.002596 0.000004 0.000142 0.000000
0.740516 0.251387 0.005076 0.002859 0.000004 0.000158 0.000000
0.721400 0.269672 0.005604 0.003151 0.000004 0.000169 0.000000
0.704258 0.286036 0.006066 0.003438 0.000004 0.000198 0.000000
0.687545 0.301949 0.006574 0.003717 0.000004 0.000211 0.000000
0.667699 0.320747 0.007220 0.004088 0.000003 0.000243 0.000000
0.651873 0.335685 0.007771 0.004400 0.000004 0.000268 0.000000
0.633720 0.352766 0.008467 0.004743 0.000005 0.000299 0.000000
0.618874 0.366697 0.009032 0.005063 0.000007 0.000328 0.000000
0.602408 0.382107 0.009647 0.005460 0.000007 0.000371 0.000000
0.587694 0.395836 0.010239 0.005827 0.000006 0.000399 0.000000
0.572834 0.409537 0.010972 0.006216 0.000006 0.000434 0.000000
0.559051 0.422230 0.011653 0.006581 0.000007 0.000478 0.000000
0.542344 0.437559 0.012511 0.007058 0.000008 0.000519 0.000000
0.531981 0.446936 0.013120 0.007392 0.000010 0.000561 0.000000
0.516920 0.460694 0.013915 0.007846 0.000012 0.000613 0.000000
0.505330 0.471036 0.014680 0.008286 0.000012 0.000657 0.000000
0.495103 0.480018 0.015434 0.008727 0.000013 0.000705 0.000000
0.485643 0.488360 0.016126 0.009122 0.000014 0.000734 0.000000
0.474088 0.498449 0.017011 0.009651 0.000014 0.000787 0.000000
0.468901 0.502723 0.017525 0.010009 0.000014 0.000830 0.000000
0.456543 0.513551 0.018437 0.010546 0.000014 0.000908 0.000000
0.448017 0.520702 0.019261 0.011031 0.000015 0.000974 0.000000
0.441576 0.525958 0.019993 0.011430 0.000015 0.001028 0.000000
0.436581 0.529842 0.020636 0.011830 0.000017 0.001094 0.000000
0.428255 0.536687 0.021500 0.012371 0.000017 0.001171 0.000000
0.422679 0.541003 0.022265 0.012795 0.000018 0.001240 0.000000
0.413182 0.548937 0.023194 0.013350 0.000020 0.001318 0.000000
0.410883 0.550262 0.023789 0.013663 0.000020 0.001384 0.000000
0.399617 0.559537 0.024989 0.014345 0.000020 0.001491 0.000000
0.397865 0.560401 0.025502 0.014652 0.000021 0.001560 0.000000
0.393672 0.563458 0.026188 0.015031 0.000021 0.001631 0.000000
0.385840 0.569773 0.027096 0.015559 0.000021 0.001711 0.000000
0.376103 0.577651 0.028269 0.016142 0.000023 0.001812 0.000000
0.371260 0.581330 0.028945 0.016559 0.000026 0.001880 0.000000
0.365765 0.585396 0.029829 0.017009 0.000028 0.001974 0.000000
0.357364 0.592073 0.030876 0.017572 0.000028 0.002085 0.000000
0.353173 0.594742 0.031735 0.018123 0.000030 0.002196 0.000000
0.344687 0.601538 0.032756 0.018685 0.000031 0.002303 0.000000
0.339385 0.605128 0.033761 0.019278 0.000031 0.002417 0.000000
0.336386 0.606938 0.034451 0.019685 0.000033 0.002507 0.000000
0.327063 0.614097 0.035725 0.020435 0.000035 0.002646 0.000000
0.321161 0.618445 0.036670 0.020923 0.000037 0.002764 0.000000
0.314453 0.623116 0.037898 0.021568 0.000040 0.002925 0.000000
0.306238 0.629224 0.039148 0.022286 0.000042 0.003061 0.000000
0.300597 0.633163 0.040158 0.022852 0.000045 0.003186 0.000000
0.291408 0.639396 0.041881 0.023837 0.000047 0.003431 0.000000
0.289093 0.640709 0.042443 0.024173 0.000049 0.003533 0.000000
0.280370 0.646867 0.043975 0.024985 0.000052 0.003751 0.000000
0.274138 0.650702 0.045434 0.025723 0.000055 0.003947 0.000000
0.272092 0.651644 0.046028 0.026099 0.000060 0.004076 0.000000
0.263282 0.657302 0.047848 0.027178 0.000062 0.004328 0.000000
0.259194 0.659405 0.048999 0.027827 0.000063 0.004512 0.000000
0.254200 0.662065 0.050335 0.028628 0.000066 0.004705 0.000000
0.250604 0.663508 0.051554 0.029336 0.000066 0.004932 0.000000
0.247585 0.664652 0.052603 0.029981 0.000067 0.005112 0.000000
0.243629 0.666576 0.053769 0.030640 0.000069 0.005317 0.000000
0.236920 0.669889 0.055708 0.031749 0.000076 0.005658 0.000000
0.232122 0.672431 0.057077 0.032418 0.000079 0.005872 0.000000
0.231700 0.671250 0.057946 0.032973 0.000083 0.006049 0.000000
0.230759 0.670302 0.059009 0.033551 0.000087 0.006292 0.000000
0.229265 0.670196 0.059923 0.034039 0.000090 0.006486 0.000000
0.221451 0.674524 0.061869 0.035213 0.000093 0.006850 0.000000
0.223342 0.671625 0.062367 0.035544 0.000098 0.007024 0.000000
0.218703 0.673514 0.063973 0.036384 0.000100 0.007326 0.000000
0.211832 0.677554 0.065588 0.037312 0.000101 0.007613 0.000000
0.206618 0.680409 0.066883 0.038108 0.000105 0.007877 0.000000
0.204876 0.679522 0.068313 0.038933 0.000110 0.008247 0.000000
0.204022 0.678450 0.069380 0.039520 0.000108 0.008520 0.000000
0.193961 0.684118 0.071900 0.040886 0.000116 0.009019 0.000000
0.192989 0.684351 0.072304 0.041093 0.000117 0.009145 0.000000
0.194005 0.681925 0.073087 0.041504 0.000121 0.009357 0.000000
0.188758 0.683855 0.074958 0.042547 0.000128 0.009754 0.000000
0.184409 0.685638 0.076336 0.043391 0.000130 0.010096 0.000000
0.182721 0.685173 0.077524 0.044013 0.000133 0.010436 0.000000
0.178943 0.685011 0.079720 0.045256 0.000134 0.010936 0.000000
0.178789 0.683567 0.080516 0.045751 0.000142 0.011234 0.000000
0.177567 0.683297 0.081267 0.046254 0.000140 0.011476 0.000000
0.175387 0.682259 0.083037 0.047201 0.000150 0.011966 0.000000
0.170617 0.684254 0.084546 0.048101 0.000152 0.012329 0.000000
0.167795 0.684481 0.085986 0.048909 0.000156 0.012674 0.000000
0.170056 0.680386 0.086934 0.049381 0.000160 0.013083 0.000000
0.167486 0.680182 0.088456 0.050215 0.000163 0.013497 0.000000
0.162492 0.681891 0.090191 0.051324 0.000169 0.013934 0.000000
0.158574 0.683109 0.091679 0.052115 0.000175 0.014348 0.000000
0.160207 0.680348 0.092213 0.052457 0.000177 0.014598 0.000000
0.154382 0.681783 0.094635 0.053791 0.000187 0.015223 0.000000
0.158721 0.677257 0.094589 0.053790 0.000185 0.015457 0.000000
0.157519 0.675634 0.096184 0.054591 0.000190 0.015882 0.000000
0.153222 0.677569 0.097362 0.055404 0.000197 0.016246 0.000000
0.157463 0.672615 0.097742 0.055547 0.000199 0.016434 0.000000
0.157156 0.670738 0.098775 0.056274 0.000203 0.016853 0.000000
0.149362 0.673543 0.101461 0.057818 0.000209 0.017608 0.000000
0.156112 0.667201 0.101146 0.057579 0.000210 0.017752 0.000000
0.154025 0.667097 0.102295 0.058261 0.000214 0.018108 0.000000
0.149145 0.668211 0.104315 0.059335 0.000222 0.018772 0.000000
0.151885 0.663329 0.105363 0.059926 0.000227 0.019270 0.000000
0.147373 0.666290 0.106249 0.060339 0.000231 0.019518 0.000000
0.147630 0.662760 0.107922 0.061295 0.000240 0.020153 0.000000
0.151545 0.658499 0.107912 0.061375 0.000244 0.020425 0.000000
0.149322 0.658519 0.109132 0.061995 0.000247 0.020785 0.000000
0.147084 0.657465 0.110693 0.063006 0.000256 0.021496 0.000000
0.149088 0.655554 0.110517 0.062947 0.000252 0.021642 0.000000
0.145247 0.655496 0.112503 0.064117 0.000265 0.022372 0.000000
0.141772 0.656821 0.113744 0.064666 0.000267 0.022731 0.000000
0.140268 0.656465 0.114633 0.065196 0.000270 0.023169 0.000000
0.142179 0.652093 0.115833 0.065795 0.000276 0.023824 0.000000
0.139549 0.652679 0.116994 0.066290 0.000285 0.024203 0.000000
0.134597 0.654402 0.118588 0.067305 0.000292 0.024816 0.000000
0.138737 0.649358 0.119005 0.067418 0.000298 0.025183 0.000001
0.131833 0.652655 0.120917 0.068488 0.000306 0.025801 0.000001
0.127208 0.654362 0.122375 0.069355 0.000313 0.026386 0.000001
0.130878 0.649485 0.122914 0.069585 0.000316 0.026821 0.000001
0.125743 0.648963 0.125735 0.071282 0.000328 0.027948 0.000001
0.123277 0.650246 0.126368 0.071551 0.000328 0.028228 0.000002
0.126233 0.648710 0.125560 0.071014 0.000334 0.028148 0.000002
0.121893 0.648014 0.128036 0.072475 0.000350 0.029231 0.000001
0.115333 0.650734 0.130091 0.073635 0.000359 0.029848 0.000002
0.112889 0.649004 0.132147 0.074834 0.000371 0.030753 0.000002
0.108009 0.652085 0.133029 0.075396 0.000377 0.031103 0.000001
0.109841 0.649254 0.133316 0.075504 0.000380 0.031704 0.000002
0.106967 0.648339 0.135275 0.076592 0.000402 0.032424 0.000001
0.102424 0.650178 0.136668 0.077367 0.000401 0.032961 0.000001
0.099065 0.649961 0.138442 0.078375 0.000415 0.033741 0.000001
0.095852 0.650513 0.139675 0.079190 0.000421 0.034347 0.000002
0.090140 0.651060 0.142244 0.080592 0.000436 0.035526 0.000002
0.086033 0.651890 0.143987 0.081526 0.000437 0.036126 0.000002
0.080494 0.652076 0.146601 0.083016 0.000452 0.037359 0.000002
0.083600 0.649573 0.146032 0.082747 0.000461 0.037585 0.000002
0.077383 0.652857 0.147625 0.083563 0.000459 0.038111 0.000002
0.073637 0.651622 0.150089 0.084894 0.000474 0.039283 0.000002
0.068080 0.652408 0.152467 0.086325 0.000484 0.040233 0.000002
0.064990 0.652309 0.154030 0.087187 0.000490 0.040992 0.000002
0.059825 0.652991 0.156271 0.088460 0.000497 0.041954 0.000002
0.060623 0.649757 0.157390 0.088935 0.000506 0.042788 0.000002
0.057418 0.650853 0.158275 0.089632 0.000513 0.043307 0.000002
0.052173 0.650260 0.161247 0.091244 0.000526 0.044548 0.000002
0.050344 0.651190 0.161669 0.091444 0.000526 0.044825 0.000003
0.047244 0.648456 0.164390 0.093134 0.000549 0.046224 0.000003
0.044022 0.645941 0.167226 0.094674 0.000567 0.047567 0.000002
0.043878 0.645378 0.167418 0.094755 0.000578 0.047990 0.000002
0.040916 0.643975 0.169464 0.095951 0.000592 0.049101 0.000002
0.036376 0.641280 0.172960 0.098025 0.000611 0.050746 0.000002
0.036979 0.639825 0.173186 0.098202 0.000621 0.051184 0.000002
0.036754 0.638967 0.173597 0.098365 0.000633 0.051681 0.000002
0.034189 0.636510 0.176085 0.099627 0.000640 0.052946 0.000002
0.031479 0.633791 0.178644 0.101176 0.000667 0.054240 0.000002
0.032354 0.634464 0.177809 0.100675 0.000665 0.054030 0.000002
0.029515 0.630278 0.181093 0.102665 0.000688 0.055759 0.000003
0.029793 0.629658 0.181243 0.102633 0.000685 0.055985 0.000002
0.028733 0.627309 0.182718 0.103515 0.000706 0.057017 0.000002
0.027746 0.624625 0.184357 0.104396 0.000712 0.058160 0.000003
0.026818 0.621972 0.185981 0.105314 0.000733 0.059180 0.000003
0.026185 0.620596 0.186817 0.105805 0.000740 0.059853 0.000003
0.025233 0.617993 0.188400 0.106665 0.000760 0.060947 0.000003
0.025218 0.616972 0.188834 0.106894 0.000766 0.061312 0.000003
0.023968 0.612883 0.191190 0.108365 0.000788 0.062802 0.000003
0.023447 0.610868 0.192366 0.108856 0.000785 0.063674 0.000003
0.022941 0.608728 0.193482 0.109445 0.000792 0.064608 0.000004
0.022269 0.606345 0.194733 0.110206 0.000818 0.065624 0.000004
0.022227 0.604784 0.195219 0.110628 0.000830 0.066308 0.000004
0.021606 0.602424 0.196622 0.111294 0.000839 0.067211 0.000004
0.021468 0.601636 0.196905 0.111476 0.000842 0.067670 0.000004
0.020822 0.598108 0.198688 0.112502 0.000867 0.069010 0.000004
0.020144 0.595895 0.199809 0.113227 0.000876 0.070045 0.000004
0.020065 0.593945 0.200570 0.113637 0.000884 0.070895 0.000004
0.019562 0.592103 0.201514 0.114335 0.000889 0.071593 0.000005
0.019149 0.589038 0.203010 0.114931 0.000905 0.072965 0.000004
0.018855 0.587786 0.203713 0.115288 0.000920 0.073435 0.000004
0.018806 0.585891 0.204213 0.115912 0.000926 0.074248 0.000004
0.018356 0.582919 0.205682 0.116656 0.000944 0.075439 0.000005
0.018311 0.581716 0.205961 0.116868 0.000942 0.076196 0.000006
0.017913 0.579163 0.207122 0.117628 0.000961 0.077207 0.000005
0.017634 0.576940 0.208200 0.118126 0.000976 0.078118 0.000006
0.017658 0.576101 0.208379 0.118206 0.000982 0.078669 0.000005
0.017020 0.571585 0.210515 0.119456 0.001002 0.080415 0.000006
0.017554 0.570735 0.210549 0.119409 0.001010 0.080738 0.000006
0.022814 0.566473 0.209798 0.118993 0.001009 0.080906 0.000007
0.022896 0.562232 0.211484 0.119922 0.001038 0.082420 0.000007
0.024277 0.560373 0.211477 0.119869 0.001030 0.082967 0.000006
0.023467 0.556987 0.213128 0.120869 0.001053 0.084489 0.000007
0.025097 0.553749 0.213602 0.121181 0.001062 0.085302 0.000007
0.026954 0.553047 0.213034 0.120719 0.001050 0.085191 0.000006
0.025863 0.552580 0.213617 0.121013 0.001062 0.085860 0.000006
0.028415 0.547153 0.214598 0.121604 0.001080 0.087142 0.000007
0.031729 0.544608 0.213822 0.121426 0.001085 0.087324 0.000006
0.030340 0.542522 0.215378 0.121982 0.001079 0.088693 0.000006
0.034589 0.537312 0.215578 0.122101 0.001112 0.089302 0.000007
0.035297 0.533954 0.216321 0.122547 0.001126 0.090748 0.000007
0.037893 0.534083 0.215074 0.121744 0.001127 0.090070 0.000007
0.039639 0.530135 0.215747 0.122058 0.001120 0.091294 0.000007
0.040983 0.528450 0.215561 0.122036 0.001144 0.091820 0.000006
0.042845 0.525590 0.215719 0.122187 0.001145 0.092508 0.000007
0.045905 0.523999 0.214637 0.121609 0.001163 0.092680 0.000007
0.042090 0.521694 0.217164 0.123009 0.001192 0.094845 0.000007
0.045600 0.521930 0.215436 0.121950 0.001180 0.093898 0.000007
0.042281 0.520620 0.217336 0.122996 0.001192 0.095569 0.000007
0.039675 0.521727 0.217810 0.123374 0.001207 0.096199 0.000007
0.041234 0.519795 0.217693 0.123224 0.001214 0.096833 0.000007
0.042112 0.517627 0.217852 0.123270 0.001227 0.097904 0.000007
0.040708 0.517981 0.218094 0.123472 0.001232 0.098505 0.000008
0.036839 0.518277 0.219544 0.124405 0.001238 0.099688 0.000009
0.035247 0.516617 0.220897 0.124963 0.001246 0.101023 0.000008
0.033034 0.515817 0.221884 0.125521 0.001277 0.102458 0.000009
0.031748 0.516024 0.222316 0.125716 0.001280 0.102906 0.000009
0.030435 0.515148 0.222976 0.126176 0.001287 0.103969 0.000009
0.027815 0.513859 0.224590 0.127065 0.001308 0.105354 0.000009
0.025084 0.513022 0.226061 0.127869 0.001336 0.106619 0.000009
0.022335 0.510426 0.228231 0.129032 0.001336 0.108631 0.000008
0.021999 0.509109 0.228650 0.129465 0.001359 0.109409 0.000009
0.022713 0.508513 0.228219 0.129230 0.001363 0.109951 0.000009
0.020637 0.507876 0.229407 0.129896 0.001389 0.110786 0.000010
0.018905 0.504277 0.231522 0.130973 0.001402 0.112911 0.000010
0.018759 0.502799 0.231981 0.131197 0.001417 0.113838 0.000009
0.018188 0.502197 0.232214 0.131434 0.001421 0.114537 0.000010
0.017442 0.498457 0.233744 0.132359 0.001447 0.116541 0.000011
0.015999 0.497529 0.234847 0.132924 0.001451 0.117239 0.000010
0.016591 0.496778 0.234518 0.132734 0.001467 0.117902 0.000010
0.014516 0.493125 0.236888 0.134161 0.001496 0.119803 0.000011
0.015624 0.494051 0.235810 0.133408 0.001491 0.119605 0.000011
0.015217 0.490065 0.237180 0.134288 0.001519 0.121719 0.000012
0.014710 0.489731 0.237521 0.134463 0.001520 0.122043 0.000012
0.013982 0.486745 0.238835 0.135124 0.001537 0.123765 0.000012
0.013208 0.483482 0.240289 0.135968 0.001555 0.125487 0.000012
0.013382 0.482763 0.240320 0.135869 0.001553 0.126099 0.000013
0.013039 0.481870 0.240682 0.136088 0.001571 0.126737 0.000013
0.013264 0.481353 0.240590 0.136103 0.001564 0.127114 0.000012
0.012586 0.478432 0.241934 0.136764 0.001589 0.128682 0.000013
0.012143 0.474668 0.243295 0.137563 0.001610 0.130710 0.000012
0.012109 0.473447 0.243538 0.137695 0.001618 0.131581 0.000012
0.011790 0.472560 0.243912 0.137864 0.001637 0.132226 0.000011
0.012071 0.470993 0.244113 0.137818 0.001634 0.133358 0.000013
0.011592 0.469750 0.244765 0.138279 0.001656 0.133942 0.000015
0.011503 0.466358 0.245810 0.138820 0.001667 0.135827 0.000015
0.011285 0.465231 0.246240 0.138950 0.001676 0.136604 0.000015
0.011115 0.462673 0.246954 0.139411 0.001686 0.138145 0.000015
0.011047 0.461137 0.247356 0.139784 0.001703 0.138957 0.000015
0.010942 0.459860 0.247798 0.139928 0.001710 0.139745 0.000017
0.011012 0.457408 0.248236 0.140160 0.001738 0.141429 0.000017
0.010952 0.458063 0.247936 0.140152 0.001720 0.141161 0.000016
0.010825 0.455648 0.248721 0.140553 0.001741 0.142497 0.000015
0.010715 0.454479 0.249172 0.140777 0.001762 0.143078 0.000017
0.010572 0.451104 0.249979 0.141282 0.001787 0.145259 0.000017
0.010460 0.449312 0.250485 0.141608 0.001805 0.146313 0.000017
0.010344 0.447612 0.251033 0.141918 0.001802 0.147274 0.000017
0.010157 0.444790 0.251906 0.142357 0.001832 0.148941 0.000018
0.010303 0.445204 0.251423 0.142119 0.001823 0.149112 0.000016
0.010114 0.442852 0.252240 0.142433 0.001854 0.150491 0.000017
0.010082 0.441194 0.252691 0.142813 0.001843 0.151359 0.000018
0.010023 0.440100 0.252833 0.142906 0.001871 0.152249 0.000018
0.010050 0.437985 0.253146 0.143095 0.001866 0.153838 0.000020
0.009880 0.436723 0.253820 0.143296 0.001883 0.154379 0.000019
0.009920 0.435807 0.253807 0.143346 0.001887 0.155214 0.000019
0.009842 0.433134 0.254492 0.143899 0.001900 0.156713 0.000020
0.009856 0.433266 0.254382 0.143645 0.001901 0.156931 0.000019
0.009588 0.428993 0.255605 0.144535 0.001937 0.159323 0.000019
0.009656 0.429014 0.255402 0.144343 0.001960 0.159605 0.000020
0.009657 0.427580 0.255525 0.144608 0.001955 0.160655 0.000022
0.009543 0.425439 0.256211 0.144910 0.001971 0.161904 0.000022
0.009482 0.423893 0.256439 0.145139 0.001985 0.163040 0.000022
0.009473 0.422538 0.256791 0.145216 0.001989 0.163970 0.000022
0.009351 0.421334 0.257119 0.145429 0.002002 0.164743 0.000022
0.009332 0.418954 0.257551 0.145568 0.002019 0.166552 0.000024
0.009218 0.416269 0.258223 0.146065 0.002042 0.168158 0.000024
0.009331 0.415498 0.258081 0.146035 0.002057 0.168973 0.000026
0.009267 0.415178 0.258255 0.146153 0.002042 0.169082 0.000024
0.009279 0.415590 0.258036 0.146037 0.002043 0.168990 0.000024
0.009181 0.411510 0.259040 0.146518 0.002082 0.171645 0.000025
0.009180 0.410298 0.259027 0.146645 0.002083 0.172740 0.000027
0.009195 0.408858 0.259550 0.146722 0.002113 0.173535 0.000026
0.009052 0.406308 0.260149 0.147216 0.002138 0.175109 0.000027
0.009090 0.406824 0.259909 0.147058 0.002103 0.174989 0.000027
0.009039 0.403991 0.260377 0.147487 0.002145 0.176936 0.000027
0.009015 0.402969 0.260514 0.147499 0.002142 0.177835 0.000027
0.009021 0.403390 0.260485 0.147203 0.002129 0.177743 0.000029
0.008882 0.399213 0.261324 0.147986 0.002171 0.180395 0.000028
0.008820 0.397229 0.261920 0.148225 0.002180 0.181598 0.000028
0.008953 0.397452 0.261564 0.147922 0.002189 0.181892 0.000028
0.008863 0.394797 0.262179 0.148342 0.002210 0.183581 0.000028
0.008838 0.393977 0.262304 0.148426 0.002213 0.184213 0.000030
0.008708 0.391584 0.262976 0.148809 0.002232 0.185663 0.000028
0.008834 0.391582 0.262646 0.148670 0.002252 0.185987 0.000028
0.008716 0.388815 0.263162 0.148891 0.002251 0.188136 0.000029
0.008730 0.387528 0.263440 0.149004 0.002272 0.188997 0.000030
0.008674 0.386077 0.263627 0.149196 0.002279 0.190119 0.000029
0.008668 0.384508 0.263956 0.149290 0.002274 0.191273 0.000031
0.008644 0.384011 0.263935 0.149201 0.002293 0.191884 0.000032
0.008680 0.382587 0.264049 0.149383 0.002322 0.192946 0.000033
0.008666 0.381110 0.264164 0.149446 0.002327 0.194253 0.000035
0.008648 0.379497 0.264444 0.149540 0.002350 0.195486 0.000034
0.008645 0.379324 0.264226 0.149704 0.002353 0.195714 0.000035
0.008582 0.376239 0.264964 0.149834 0.002375 0.197973 0.000034
0.008553 0.375955 0.264913 0.149826 0.002376 0.198341 0.000037
0.008598 0.374747 0.264985 0.149923 0.002390 0.199319 0.000037
0.008527 0.372613 0.265566 0.150144 0.002417 0.200697 0.000036
0.008550 0.372014 0.265229 0.150095 0.002432 0.201639 0.000039
0.008576 0.371514 0.265342 0.150161 0.002415 0.201954 0.000039
0.008567 0.370602 0.265356 0.150133 0.002433 0.202872 0.000037
0.008488 0.367995 0.266013 0.150438 0.002469 0.204559 0.000039
0.008557 0.366595 0.265741 0.150605 0.002461 0.205999 0.000041
0.008544 0.365748 0.265984 0.150472 0.002461 0.206751 0.000039
0.008475 0.364038 0.266558 0.150745 0.002469 0.207674 0.000041
0.008464 0.361796 0.266809 0.150724 0.002490 0.209678 0.000039
0.008430 0.360861 0.266908 0.150767 0.002510 0.210482 0.000042
0.008450 0.359233 0.266811 0.150982 0.002526 0.211956 0.000042
0.008436 0.358627 0.267052 0.151001 0.002528 0.212315 0.000041
0.008456 0.358708 0.266670 0.150839 0.002528 0.212756 0.000042
0.008440 0.356264 0.267194 0.151136 0.002574 0.214349 0.000042
0.008372 0.353947 0.267505 0.151261 0.002585 0.216286 0.000044
0.008365 0.353124 0.267494 0.151329 0.002590 0.217055 0.000044
0.008392 0.352566 0.267378 0.151308 0.002588 0.217725 0.000044
0.008384 0.349885 0.267738 0.151609 0.002613 0.219724 0.000046
0.008373 0.350415 0.267541 0.151527 0.002605 0.219496 0.000043
0.008401 0.349047 0.267867 0.151522 0.002627 0.220489 0.000046
0.008353 0.346024 0.268171 0.151588 0.002629 0.223190 0.000045
0.008371 0.346015 0.268063 0.151557 0.002642 0.223305 0.000046
0.008380 0.344276 0.268263 0.151715 0.002654 0.224665 0.000048
0.008364 0.342988 0.268311 0.151744 0.002664 0.225884 0.000046
0.008353 0.341199 0.268617 0.152057 0.002690 0.227037 0.000047
0.008352 0.339834 0.268508 0.152048 0.002674 0.228538 0.000045
0.008388 0.339406 0.268647 0.152085 0.002680 0.228744 0.000050
0.008372 0.339484 0.268574 0.151815 0.002685 0.229021 0.000049
0.008377 0.336893 0.268671 0.152154 0.002714 0.231140 0.000051
0.008390 0.335868 0.268887 0.152092 0.002728 0.231984 0.000051
0.008403 0.334878 0.268823 0.152083 0.002737 0.233026 0.000049
0.008398 0.332604 0.269071 0.152172 0.002770 0.234935 0.000050
0.008375 0.331077 0.269239 0.152442 0.002768 0.236047 0.000051
0.008360 0.330466 0.269209 0.152396 0.002780 0.236735 0.000055
0.008390 0.330312 0.269132 0.152043 0.002784 0.237285 0.000055
0.008392 0.328977 0.269232 0.152179 0.002804 0.238363 0.000052
0.008392 0.327580 0.269302 0.152196 0.002805 0.239671 0.000055
0.008349 0.326439 0.269378 0.152286 0.002828 0.240665 0.000056
0.008380 0.324725 0.269536 0.152271 0.002832 0.242200 0.000056
0.008402 0.323832 0.269424 0.152349 0.002874 0.243061 0.000056
0.008391 0.323013 0.269525 0.152482 0.002873 0.243660 0.000056
0.008360 0.321788 0.269551 0.152288 0.002881 0.245078 0.000054
0.008403 0.320809 0.269523 0.152431 0.002892 0.245884 0.000058
0.008407 0.320002 0.269550 0.152443 0.002889 0.246651 0.000058
0.008368 0.318919 0.269888 0.152396 0.002922 0.247452 0.000055
0.008403 0.317143 0.269929 0.152488 0.002936 0.249041 0.000060
0.008438 0.315936 0.269899 0.152434 0.002960 0.250273 0.000060
0.008421 0.314975 0.269814 0.152408 0.002960 0.251364 0.000059
0.008417 0.313689 0.269905 0.152467 0.002982 0.252482 0.000059
0.008411 0.313323 0.269745 0.152523 0.002974 0.252964 0.000059
0.008391 0.312140 0.269860 0.152372 0.002979 0.254197 0.000060
0.008381 0.310379 0.269983 0.152497 0.003000 0.255698 0.000062
0.008391 0.308800 0.270091 0.152529 0.003025 0.257103 0.000061
0.008368 0.308426 0.270007 0.152445 0.003029 0.257662 0.000062
0.008419 0.307874 0.269889 0.152179 0.003036 0.258540 0.000063
0.008384 0.306043 0.269987 0.152287 0.003043 0.260193 0.000064
0.008374 0.305943 0.269786 0.152333 0.003046 0.260455 0.000064
0.008395 0.304169 0.269789 0.152434 0.003080 0.262066 0.000067
0.008408 0.303960 0.269692 0.152361 0.003074 0.262440 0.000066
0.008378 0.302368 0.269700 0.152454 0.003114 0.263921 0.000067
0.008393 0.301187 0.269757 0.152504 0.003124 0.264971 0.000065
0.008411 0.300687 0.269614 0.152366 0.003116 0.265741 0.000064
0.008434 0.298915 0.269691 0.152376 0.003116 0.267405 0.000062
0.008379 0.297546 0.269771 0.152402 0.003140 0.268696 0.000066
0.008411 0.296159 0.269843 0.152331 0.003153 0.270041 0.000064
0.008482 0.295100 0.269966 0.152278 0.003170 0.270937 0.000067
0.008445 0.294909 0.269828 0.152325 0.003171 0.271253 0.000069
0.008483 0.291954 0.269809 0.152315 0.003199 0.274167 0.000073
0.008500 0.294387 0.269642 0.152181 0.003187 0.272033 0.000069
0.008484 0.292127 0.269663 0.152286 0.003197 0.274169 0.000074
0.008463 0.289640 0.269692 0.152166 0.003233 0.276734 0.000071
0.008455 0.289726 0.269578 0.152240 0.003210 0.276717 0.000075
0.008487 0.288231 0.269538 0.152155 0.003243 0.278274 0.000072
0.008498 0.287869 0.269445 0.151952 0.003258 0.278904 0.000074
0.008502 0.286086 0.269503 0.152143 0.003259 0.280433 0.000074
0.008527 0.284836 0.269421 0.151952 0.003265 0.281925 0.000074
0.008558 0.284886 0.269437 0.151935 0.003300 0.281810 0.000073
0.008540 0.283903 0.269428 0.151880 0.003291 0.282881 0.000076
0.008556 0.282916 0.269352 0.151963 0.003332 0.283803 0.000078
0.008554 0.281176 0.269261 0.151970 0.003303 0.285653 0.000081
0.008603 0.281133 0.269286 0.152037 0.003293 0.285566 0.000082
0.008649 0.280219 0.269025 0.151842 0.003329 0.286852 0.000083
0.008624 0.279164 0.268918 0.151755 0.003357 0.288100 0.000083
0.008653 0.277734 0.268927 0.151735 0.003362 0.289506 0.000082
0.008680 0.275783 0.268681 0.151785 0.003369 0.291621 0.000080
0.008694 0.276188 0.268841 0.151697 0.003366 0.291131 0.000083
0.008713 0.274463 0.268713 0.151623 0.003369 0.293035 0.000083
0.008706 0.274034 0.268608 0.151483 0.003389 0.293695 0.000084
0.008724 0.272570 0.268539 0.151443 0.003402 0.295240 0.000082
0.008725 0.272934 0.268487 0.151652 0.003410 0.294710 0.000083
0.008764 0.270923 0.268415 0.151582 0.003433 0.296799 0.000083
0.008826 0.270216 0.268126 0.151339 0.003445 0.297965 0.000082
0.008784 0.268981 0.268181 0.151399 0.003452 0.299118 0.000086
0.008783 0.267305 0.267997 0.151349 0.003467 0.301013 0.000086
0.008849 0.266475 0.267966 0.151118 0.003483 0.302024 0.000084
0.008845 0.266795 0.267709 0.151087 0.003466 0.302011 0.000087
0.008869 0.266586 0.267894 0.151003 0.003466 0.302094 0.000087
0.008871 0.264278 0.267642 0.151083 0.003477 0.304560 0.000088
0.008885 0.263693 0.267495 0.150890 0.003499 0.305452 0.000086
0.008905 0.261157 0.267543 0.150843 0.003540 0.307926 0.000086
0.008932 0.262223 0.267321 0.150738 0.003521 0.307177 0.000089
0.008912 0.262100 0.267265 0.150804 0.003512 0.307320 0.000088
0.008927 0.259893 0.267240 0.150630 0.003550 0.309669 0.000090
0.008951 0.258380 0.267028 0.150646 0.003573 0.311333 0.000088
0.008949 0.257778 0.267033 0.150514 0.003588 0.312048 0.000091
0.008982 0.256837 0.266783 0.150569 0.003585 0.313152 0.000091
0.008994 0.256448 0.266743 0.150458 0.003565 0.313703 0.000089
0.009019 0.255780 0.266601 0.150565 0.003590 0.314353 0.000092
0.009070 0.254753 0.266481 0.150534 0.003586 0.315484 0.000092
0.009056 0.253698 0.266412 0.150362 0.003609 0.316770 0.000093
0.009116 0.253543 0.266306 0.150236 0.003625 0.317079 0.000095
0.009052 0.252257 0.266188 0.150255 0.003620 0.318535 0.000093
0.009112 0.252182 0.265962 0.150052 0.003643 0.318950 0.000098
0.009164 0.250264 0.265755 0.149999 0.003656 0.321063 0.000099
0.009169 0.249950 0.265711 0.149916 0.003659 0.321501 0.000093
0.009220 0.248271 0.265577 0.149770 0.003690 0.323376 0.000097
0.009224 0.248101 0.265416 0.149713 0.003688 0.323760 0.000097
0.009195 0.247496 0.265214 0.149708 0.003698 0.324593 0.000097
0.009244 0.245752 0.265067 0.149468 0.003718 0.326654 0.000096
0.009271 0.246519 0.265057 0.149520 0.003704 0.325833 0.000096
0.009260 0.244815 0.264875 0.149340 0.003716 0.327895 0.000099
0.009277 0.244289 0.264602 0.149417 0.003702 0.328613 0.000100
0.009276 0.242672 0.264475 0.149293 0.003730 0.330455 0.000099
0.009311 0.243116 0.264541 0.149185 0.003733 0.330013 0.000101
0.009302 0.241423 0.264277 0.149167 0.003774 0.331957 0.000100
0.009349 0.240886 0.264071 0.149145 0.003747 0.332698 0.000103
0.009377 0.239556 0.264084 0.148983 0.003791 0.334110 0.000099
0.009399 0.239167 0.263691 0.149000 0.003773 0.334868 0.000103
0.009369 0.238419 0.263877 0.148869 0.003809 0.335557 0.000100
0.009428 0.237364 0.263446 0.148646 0.003793 0.337218 0.000105
0.009402 0.236930 0.263375 0.148646 0.003799 0.337743 0.000106
0.009446 0.235858 0.263359 0.148648 0.003813 0.338773 0.000103
0.009487 0.234963 0.263201 0.148562 0.003842 0.339840 0.000105
0.009492 0.234538 0.262966 0.148366 0.003830 0.340707 0.000101
0.009475 0.234177 0.262844 0.148459 0.003837 0.341103 0.000105
0.009542 0.232722 0.262574 0.148275 0.003883 0.342899 0.000105
0.009554 0.232347 0.262624 0.148104 0.003870 0.343401 0.000100
0.009522 0.232439 0.262477 0.148062 0.003859 0.343537 0.000104
0.009566 0.230312 0.262093 0.147886 0.003901 0.346138 0.000103
0.009590 0.229820 0.262023 0.147861 0.003878 0.346722 0.000107
0.009599 0.228771 0.261766 0.147926 0.003906 0.347928 0.000104
0.009635 0.229377 0.261735 0.147857 0.003896 0.347394 0.000106
0.009621 0.228221 0.261530 0.147506 0.003907 0.349109 0.000106
0.009634 0.227242 0.261379 0.147554 0.003924 0.350159 0.000108
0.009653 0.226276 0.261209 0.147301 0.003928 0.351530 0.000103
0.009653 0.225161 0.260870 0.147245 0.003955 0.353009 0.000106
0.009752 0.223992 0.260559 0.147078 0.003982 0.354527 0.000110
0.009725 0.223845 0.260556 0.147109 0.003970 0.354683 0.000110
0.009760 0.222671 0.260135 0.146733 0.004004 0.356588 0.000110
0.009725 0.223117 0.260137 0.146818 0.003975 0.356117 0.000111
0.009786 0.221661 0.259932 0.146746 0.003988 0.357774 0.000113
0.009818 0.219976 0.259656 0.146524 0.004032 0.359878 0.000116
0.009758 0.220808 0.259698 0.146480 0.004003 0.359139 0.000114
0.009853 0.219483 0.259478 0.146343 0.004014 0.360711 0.000118
0.009809 0.218933 0.259136 0.146222 0.004049 0.361737 0.000114
0.009860 0.218174 0.258966 0.146096 0.004084 0.362705 0.000115
0.009861 0.217647 0.258957 0.145974 0.004054 0.363395 0.000113
0.009878 0.216507 0.258620 0.145794 0.004070 0.365019 0.000112
0.009874 0.216449 0.258528 0.145681 0.004037 0.365311 0.000122
0.009888 0.215641 0.258267 0.145754 0.004055 0.366275 0.000120
0.009904 0.215386 0.258152 0.145724 0.004070 0.366638 0.000126
0.009945 0.213616 0.257677 0.145541 0.004093 0.369004 0.000123
0.009982 0.213348 0.257433 0.145432 0.004086 0.369594 0.000124
0.009986 0.213522 0.257594 0.145255 0.004128 0.369391 0.000124
0.010026 0.212582 0.257440 0.145146 0.004124 0.370558 0.000123
0.010032 0.210641 0.256935 0.145155 0.004124 0.372986 0.000126
0.010094 0.210578 0.256638 0.144953 0.004121 0.373493 0.000124
0.010104 0.210274 0.256683 0.144734 0.004139 0.373942 0.000124
0.010118 0.209490 0.256399 0.144707 0.004179 0.374978 0.000129
0.010145 0.208356 0.256107 0.144753 0.004159 0.376354 0.000125
0.010256 0.208228 0.255841 0.144344 0.004163 0.377045 0.000123
0.010206 0.208237 0.255919 0.144495 0.004189 0.376825 0.000129
0.010263 0.206613 0.255601 0.144078 0.004190 0.379122 0.000133
0.010220 0.206484 0.255452 0.144062 0.004182 0.379474 0.000127
0.010313 0.205478 0.255224 0.143863 0.004182 0.380809 0.000131
0.010304 0.205420 0.254994 0.143925 0.004188 0.381041 0.000129
0.010365 0.204404 0.254819 0.143674 0.004217 0.382389 0.000131
0.010410 0.203260 0.254439 0.143487 0.004199 0.384075 0.000130
0.010405 0.204210 0.254728 0.143596 0.004211 0.382722 0.000127
0.010416 0.202908 0.254221 0.143326 0.004226 0.384770 0.000134
0.010449 0.202362 0.253960 0.143210 0.004240 0.385646 0.000133
0.010488 0.201637 0.253891 0.143178 0.004230 0.386439 0.000136
0.010541 0.200187 0.253301 0.142844 0.004239 0.388751 0.000136
0.010565 0.200442 0.253135 0.142939 0.004244 0.388536 0.000140
0.010603 0.199019 0.252793 0.142634 0.004265 0.390553 0.000132
0.010619 0.198763 0.252874 0.142515 0.004273 0.390818 0.000138
0.010681 0.198572 0.252635 0.142409 0.004273 0.391290 0.000139
0.010698 0.197574 0.252377 0.142264 0.004272 0.392675 0.000139
0.010733 0.196960 0.251964 0.142113 0.004312 0.393781 0.000137
0.010759 0.196851 0.251753 0.142060 0.004306 0.394128 0.000144
0.010791 0.196285 0.251583 0.142009 0.004323 0.394867 0.000141
0.010762 0.195481 0.251481 0.141838 0.004332 0.395964 0.000143
0.010840 0.194407 0.251055 0.141513 0.004329 0.397718 0.000137
0.010843 0.194262 0.250933 0.141585 0.004336 0.397903 0.000136
0.010885 0.193185 0.250505 0.141227 0.004340 0.399719 0.000140
0.010939 0.193304 0.250688 0.141231 0.004370 0.399330 0.000139
0.010952 0.192097 0.250070 0.140940 0.004388 0.401410 0.000143
0.010966 0.192062 0.250167 0.141108 0.004389 0.401164 0.000144
0.010980 0.191411 0.249691 0.140850 0.004430 0.402495 0.000143
0.011003 0.190707 0.249529 0.140673 0.004426 0.403517 0.000145
0.011051 0.189676 0.249079 0.140483 0.004424 0.405142 0.000145
0.011046 0.189220 0.248881 0.140376 0.004438 0.405895 0.000144
0.011094 0.188818 0.248689 0.140260 0.004455 0.406539 0.000145
0.011103 0.188312 0.248203 0.140141 0.004451 0.407645 0.000145
0.011118 0.187835 0.248255 0.139958 0.004475 0.408210 0.000150
0.011110 0.187611 0.248120 0.139920 0.004464 0.408627 0.000148
0.011193 0.186237 0.247553 0.139684 0.004496 0.410684 0.000153
0.011159 0.186128 0.247402 0.139609 0.004503 0.411047 0.000154
0.011203 0.185384 0.247011 0.139453 0.004491 0.412304 0.000154
0.011140 0.185155 0.246979 0.139446 0.004529 0.412604 0.000147
0.011222 0.184541 0.246653 0.139170 0.004520 0.413744 0.000150
0.011257 0.184017 0.246475 0.139163 0.004515 0.414423 0.000150
0.011300 0.183578 0.246068 0.138880 0.004543 0.415477 0.000155
0.011386 0.182649 0.245831 0.138632 0.004555 0.416797 0.000150
0.011441 0.181653 0.245254 0.138497 0.004555 0.418445 0.000154
0.011441 0.181978 0.245368 0.138595 0.004587 0.417874 0.000157
0.011458 0.181006 0.245179 0.138453 0.004584 0.419160 0.000160
0.011453 0.181255 0.245174 0.138508 0.004546 0.418905 0.000159
0.011542 0.179910 0.244715 0.137992 0.004578 0.421104 0.000159
0.011543 0.178970 0.244172 0.137813 0.004598 0.422746 0.000157
0.011591 0.179502 0.244232 0.138038 0.004575 0.421900 0.000162
0.011646 0.178537 0.244048 0.137827 0.004597 0.423181 0.000164
0.011611 0.178483 0.243721 0.137626 0.004627 0.423771 0.000161
0.011694 0.177394 0.243379 0.137434 0.004646 0.425284 0.000169
0.011723 0.176991 0.242980 0.137206 0.004641 0.426295 0.000165
0.011702 0.176823 0.242937 0.137048 0.004650 0.426677 0.000163
0.011765 0.176598 0.242935 0.136965 0.004661 0.426909 0.000167
0.011827 0.175036 0.242250 0.136725 0.004644 0.429346 0.000171
0.011893 0.175103 0.242168 0.136696 0.004637 0.429336 0.000169
0.011925 0.174870 0.241939 0.136577 0.004672 0.429850 0.000167
0.011915 0.174357 0.241758 0.136360 0.004657 0.430785 0.000168
0.011993 0.173671 0.241392 0.136303 0.004675 0.431795 0.000170
0.012042 0.173365 0.241258 0.136115 0.004691 0.432366 0.000164
0.012069 0.172682 0.241053 0.136038 0.004664 0.433320 0.000175
0.012057 0.172104 0.240790 0.136100 0.004646 0.434128 0.000175
0.012098 0.171789 0.240516 0.135690 0.004639 0.435097 0.000171
0.012088 0.171454 0.240218 0.135575 0.004714 0.435778 0.000174
0.012127 0.170868 0.240264 0.135446 0.004685 0.436434 0.000176
0.012171 0.169863 0.239660 0.135317 0.004747 0.438064 0.000177
0.012165 0.169261 0.239517 0.135190 0.004712 0.438976 0.000179
0.012250 0.168955 0.239086 0.134976 0.004728 0.439823 0.000181
0.012275 0.168884 0.239257 0.134928 0.004719 0.439755 0.000182
0.012349 0.168044 0.238656 0.134642 0.004747 0.441385 0.000177
0.012351 0.167307 0.238229 0.134273 0.004759 0.442893 0.000188
0.012385 0.167061 0.238096 0.134300 0.004764 0.443213 0.000181
0.012344 0.167126 0.238123 0.134374 0.004741 0.443107 0.000185
0.012416 0.166211 0.237745 0.134053 0.004749 0.444643 0.000183
0.012512 0.165556 0.237154 0.133757 0.004754 0.446081 0.000186
0.012486 0.164888 0.237196 0.133753 0.004799 0.446691 0.000188
0.012513 0.165052 0.237120 0.133590 0.004776 0.446760 0.000190
0.012570 0.164341 0.236654 0.133503 0.004781 0.447968 0.000183
0.012592 0.163898 0.236582 0.133246 0.004788 0.448701 0.000193
0.012687 0.162887 0.235981 0.133096 0.004815 0.450345 0.000190
0.012719 0.163130 0.235967 0.133089 0.004806 0.450094 0.000194
0.012778 0.162386 0.235536 0.132805 0.004810 0.451493 0.000192
0.012837 0.161474 0.235128 0.132490 0.004823 0.453059 0.000190
0.012815 0.161442 0.235020 0.132425 0.004820 0.453281 0.000197
0.012901 0.161006 0.234667 0.132302 0.004843 0.454088 0.000194
0.012928 0.160753 0.234670 0.132325 0.004830 0.454302 0.000192
0.012910 0.160663 0.234356 0.132192 0.004825 0.454865 0.000189
0.012990 0.160132 0.234198 0.131947 0.004805 0.455732 0.000196
0.013038 0.159756 0.233735 0.131724 0.004856 0.456695 0.000196
0.013022 0.159453 0.233534 0.131617 0.004846 0.457334 0.000194
0.013084 0.158669 0.233389 0.131482 0.004873 0.458305 0.000198
0.013062 0.158071 0.232955 0.131300 0.004882 0.459530 0.000200
0.013136 0.157645 0.232387 0.131051 0.004869 0.460716 0.000197
0.013133 0.157320 0.232388 0.131003 0.004885 0.461075 0.000197
0.013174 0.157299 0.232254 0.130946 0.004892 0.461232 0.000203
0.013225 0.156331 0.231783 0.130679 0.004884 0.462899 0.000199
0.013247 0.156340 0.231650 0.130452 0.004849 0.463264 0.000198
0.013263 0.155741 0.231413 0.130419 0.004888 0.464079 0.000197
0.013288 0.155369 0.231252 0.130178 0.004894 0.464821 0.000198
0.013380 0.154308 0.230522 0.129853 0.004888 0.466850 0.000199
0.013388 0.154219 0.230487 0.129794 0.004921 0.466985 0.000205
0.013440 0.154051 0.230265 0.129825 0.004929 0.467288 0.000204
0.013501 0.153289 0.229904 0.129556 0.004931 0.468618 0.000202
0.013470 0.153194 0.229828 0.129403 0.004926 0.468979 0.000200
0.013521 0.152700 0.229435 0.129215 0.004969 0.469957 0.000202
0.013569 0.152405 0.229411 0.129189 0.004922 0.470294 0.000209
0.013612 0.151977 0.228934 0.128937 0.004962 0.471370 0.000207
0.013658 0.151638 0.228839 0.128799 0.004939 0.471921 0.000207
0.013705 0.151242 0.228250 0.128434 0.004968 0.473194 0.000207
0.013740 0.151028 0.228089 0.128540 0.005000 0.473388 0.000214
0.013751 0.150067 0.227653 0.128107 0.004963 0.475250 0.000209
0.013808 0.150143 0.227989 0.128195 0.004974 0.474676 0.000215
0.013884 0.149421 0.227472 0.127933 0.004980 0.476093 0.000216
0.013903 0.149045 0.227162 0.127722 0.005012 0.476941 0.000215
0.013904 0.148908 0.226840 0.127734 0.004993 0.477406 0.000214
0.013946 0.148492 0.226663 0.127688 0.004988 0.478010 0.000212
0.014003 0.147931 0.226102 0.127312 0.004996 0.479441 0.000215
0.014038 0.147741 0.226019 0.127175 0.005007 0.479807 0.000213
0.014072 0.147530 0.225893 0.127021 0.005027 0.480239 0.000218
0.014170 0.146798 0.225327 0.126836 0.005036 0.481616 0.000219
0.014174 0.146858 0.225250 0.126723 0.005046 0.481727 0.000223
0.014215 0.146275 0.224779 0.126478 0.005038 0.482997 0.000218
0.014283 0.145763 0.224592 0.126280 0.005053 0.483808 0.000220
0.014274 0.145670 0.224421 0.126414 0.005082 0.483915 0.000224
0.014312 0.145175 0.224191 0.126148 0.005050 0.484897 0.000226
0.014382 0.144835 0.223706 0.125990 0.005092 0.485772 0.000222
0.014403 0.144622 0.223446 0.125920 0.005100 0.486283 0.000226
0.014451 0.143977 0.223122 0.125668 0.005091 0.487471 0.000220
0.014483 0.143606 0.222818 0.125449 0.005085 0.488338 0.000221
0.014505 0.143333 0.222608 0.125338 0.005099 0.488892 0.000225
0.014538 0.142816 0.222413 0.125108 0.005115 0.489784 0.000227
0.014589 0.142643 0.222016 0.124963 0.005116 0.490449 0.000224
0.014673 0.141989 0.221720 0.124681 0.005126 0.491584 0.000228
0.014680 0.141897 0.221493 0.124611 0.005111 0.491981 0.000228
0.014689 0.141557 0.221327 0.124528 0.005124 0.492545 0.000229
0.014739 0.140969 0.220879 0.124324 0.005109 0.493751 0.000230
0.014880 0.140215 0.220163 0.123892 0.005149 0.495472 0.000230
0.014906 0.140618 0.220336 0.124106 0.005134 0.494666 0.000233
0.014978 0.139980 0.220034 0.123961 0.005141 0.495672 0.000234
0.015005 0.139565 0.219783 0.123581 0.005161 0.496672 0.000233
0.015070 0.139147 0.219385 0.123660 0.005145 0.497366 0.000227
0.015151 0.138994 0.219156 0.123417 0.005169 0.497882 0.000230
0.015127 0.138853 0.219123 0.123261 0.005153 0.498251 0.000234
0.015188 0.138233 0.218714 0.123026 0.005184 0.499420 0.000236
0.015176 0.138040 0.218584 0.122920 0.005195 0.499848 0.000238
