0.989269 0.010466 0.000174 0.000091 0.000000 0.000000 0.000000
0.782681 0.210771 0.004054 0.002380 0.000005 0.000110 0.000000
0.493828 0.480394 0.015763 0.009267 0.000014 0.000734 0.000000
0.255123 0.675381 0.042230 0.023995 0.000047 0.003225 0.000000
0.177566 0.692375 0.076706 0.043367 0.000131 0.009854 0.000000
0.145750 0.672086 0.104502 0.058658 0.000213 0.018791 0.000000
0.040772 0.682212 0.153498 0.086341 0.000406 0.036771 0.000000
0.023088 0.625781 0.187536 0.105610 0.000630 0.057356 0.000000
0.018705 0.571012 0.211136 0.119276 0.000868 0.079002 0.000000
0.016942 0.519733 0.229656 0.129978 0.001122 0.102567 0.000002
0.016317 0.473126 0.244004 0.137803 0.001363 0.127383 0.000004
0.016647 0.429847 0.254902 0.143401 0.001626 0.153568 0.000009
0.017612 0.390449 0.262107 0.147702 0.001918 0.180196 0.000016
0.018959 0.354854 0.266493 0.150290 0.002183 0.207199 0.000022
0.020706 0.322713 0.268785 0.151581 0.002412 0.233775 0.000027
0.022837 0.293335 0.268937 0.151644 0.002682 0.260527 0.000038
0.025143 0.266775 0.267201 0.150398 0.002969 0.287465 0.000050
0.028000 0.242579 0.264585 0.148794 0.003172 0.312810 0.000059
0.031110 0.220349 0.260558 0.146637 0.003404 0.337873 0.000069
0.034475 0.200732 0.255378 0.143433 0.003624 0.362276 0.000081
0.038179 0.182931 0.249483 0.140072 0.003853 0.385387 0.000095
0.042112 0.166751 0.243087 0.136516 0.004003 0.407425 0.000106
0.046614 0.151882 0.236109 0.132418 0.004129 0.428727 0.000121
0.051075 0.138826 0.229065 0.127959 0.004230 0.448712 0.000133
0.055955 0.126781 0.221610 0.123474 0.004337 0.467697 0.000146
0.060761 0.115909 0.213813 0.118914 0.004472 0.485952 0.000178
0.065810 0.106118 0.205793 0.114596 0.004555 0.502931 0.000198
0.070992 0.097112 0.198011 0.110042 0.004594 0.519034 0.000214
0.076423 0.089070 0.190298 0.105410 0.004645 0.533918 0.000236
0.082013 0.081610 0.182619 0.100997 0.004648 0.547867 0.000246
0.087997 0.074808 0.175124 0.096711 0.004675 0.560418 0.000267
0.094008 0.068950 0.167633 0.092335 0.004782 0.572006 0.000288
0.100328 0.063325 0.160145 0.087826 0.004772 0.583295 0.000310
0.106876 0.058388 0.152806 0.083491 0.004798 0.593313 0.000329
0.113402 0.054036 0.145690 0.079469 0.004816 0.602251 0.000337
0.119874 0.050014 0.138739 0.075617 0.004810 0.610585 0.000361
0.126747 0.046218 0.132387 0.072039 0.004791 0.617435 0.000382
0.133556 0.042847 0.126228 0.068267 0.004795 0.623917 0.000389
0.140751 0.039553 0.120263 0.064801 0.004718 0.629504 0.000411
0.147755 0.036658 0.114506 0.061472 0.004679 0.634493 0.000438
0.155112 0.033908 0.108664 0.058035 0.004616 0.639209 0.000456
0.162530 0.031570 0.103136 0.055041 0.004538 0.642710 0.000476
0.169872 0.029298 0.098155 0.052112 0.004487 0.645576 0.000500
0.177096 0.027200 0.093251 0.049217 0.004367 0.648344 0.000526
0.184517 0.025402 0.088321 0.046458 0.004250 0.650516 0.000537
0.192206 0.023554 0.083813 0.043946 0.004197 0.651738 0.000546
0.199988 0.021895 0.079652 0.041533 0.004097 0.652285 0.000550
0.207601 0.020431 0.075762 0.039414 0.003993 0.652230 0.000570
0.215433 0.019055 0.071872 0.037190 0.003952 0.651900 0.000598
0.223150 0.017792 0.068234 0.035149 0.003887 0.651178 0.000610
0.230482 0.016675 0.064973 0.033220 0.003860 0.650173 0.000618
0.238275 0.015596 0.061508 0.031235 0.003797 0.648957 0.000632
0.246213 0.014533 0.058147 0.029404 0.003774 0.647286 0.000643
0.253976 0.013585 0.055147 0.027729 0.003708 0.645196 0.000659
0.261703 0.012732 0.052189 0.026168 0.003628 0.642912 0.000669
0.269300 0.012003 0.049403 0.024636 0.003551 0.640419 0.000688
0.277251 0.011289 0.046654 0.023166 0.003461 0.637471 0.000708
0.284419 0.010768 0.044361 0.021866 0.003401 0.634480 0.000705
0.292270 0.009952 0.041945 0.020577 0.003295 0.631241 0.000721
0.299563 0.009290 0.039917 0.019406 0.003191 0.627889 0.000744
0.307406 0.008719 0.037755 0.018255 0.003069 0.624044 0.000752
0.314724 0.008166 0.035881 0.017177 0.002984 0.620287 0.000779
0.322264 0.007702 0.034002 0.016164 0.002914 0.616162 0.000793
0.329393 0.007236 0.032299 0.015269 0.002841 0.612160 0.000801
0.336385 0.006805 0.030654 0.014334 0.002739 0.608266 0.000817
0.343963 0.006361 0.028889 0.013490 0.002659 0.603814 0.000823
0.351076 0.006034 0.027413 0.012685 0.002582 0.599378 0.000830
0.358352 0.005714 0.025895 0.011982 0.002508 0.594700 0.000847
0.365414 0.005337 0.024615 0.011306 0.002438 0.590049 0.000842
0.372658 0.005043 0.023323 0.010606 0.002381 0.585136 0.000854
0.380125 0.004721 0.022061 0.009990 0.002302 0.579939 0.000862
0.386724 0.004423 0.021003 0.009415 0.002229 0.575327 0.000878
0.394004 0.004158 0.019847 0.008812 0.002156 0.570143 0.000881
0.400738 0.003895 0.018814 0.008273 0.002086 0.565297 0.000896
0.407900 0.003699 0.017783 0.007736 0.002032 0.559953 0.000896
0.414584 0.003426 0.016858 0.007229 0.001945 0.555049 0.000909
0.421542 0.003235 0.015932 0.006830 0.001862 0.549678 0.000920
0.428117 0.003074 0.015127 0.006370 0.001825 0.544567 0.000919
0.434633 0.002891 0.014300 0.006030 0.001743 0.539472 0.000931
0.441198 0.002728 0.013562 0.005673 0.001683 0.534223 0.000934
0.447263 0.002645 0.012943 0.005360 0.001635 0.529205 0.000949
0.453914 0.002492 0.012083 0.005082 0.001582 0.523905 0.000942
0.460566 0.002361 0.011398 0.004705 0.001521 0.518498 0.000951
0.466774 0.002297 0.010716 0.004406 0.001472 0.513377 0.000958
0.472902 0.002191 0.010089 0.004118 0.001428 0.508309 0.000964
0.479235 0.002078 0.009538 0.003881 0.001347 0.502952 0.000969
0.485159 0.001978 0.009106 0.003661 0.001316 0.497798 0.000981
0.491441 0.001887 0.008530 0.003468 0.001259 0.492434 0.000981
0.497033 0.001796 0.008114 0.003226 0.001236 0.487614 0.000981
0.503190 0.001728 0.007651 0.003001 0.001213 0.482241 0.000975
0.509368 0.001600 0.007251 0.002776 0.001170 0.476832 0.001004
0.515454 0.001487 0.006904 0.002664 0.001114 0.471374 0.001003
0.521269 0.001423 0.006517 0.002437 0.001068 0.466281 0.001004
0.526799 0.001361 0.006204 0.002274 0.001032 0.461306 0.001024
0.532788 0.001308 0.005870 0.002119 0.000981 0.455915 0.001019
0.538452 0.001280 0.005520 0.002003 0.000966 0.450778 0.001002
0.544012 0.001213 0.005250 0.001874 0.000919 0.445698 0.001033
0.549373 0.001176 0.004946 0.001779 0.000887 0.440814 0.001026
0.554922 0.001116 0.004658 0.001655 0.000858 0.435741 0.001050
0.560224 0.001033 0.004482 0.001573 0.000810 0.430827 0.001050
0.565507 0.001007 0.004199 0.001502 0.000784 0.425949 0.001052
0.570773 0.000955 0.003998 0.001377 0.000742 0.421099 0.001056
0.575935 0.000889 0.003827 0.001325 0.000699 0.416263 0.001062
0.581388 0.000829 0.003599 0.001232 0.000681 0.411196 0.001074
0.586190 0.000804 0.003503 0.001169 0.000653 0.406617 0.001064
0.591499 0.000760 0.003271 0.001092 0.000631 0.401677 0.001071
0.596425 0.000725 0.003123 0.001022 0.000613 0.397027 0.001066
0.601383 0.000680 0.002981 0.000942 0.000592 0.392345 0.001078
0.606018 0.000662 0.002799 0.000891 0.000567 0.388000 0.001064
0.610762 0.000617 0.002655 0.000807 0.000538 0.383537 0.001083
0.615144 0.000611 0.002540 0.000777 0.000524 0.379323 0.001081
0.620007 0.000589 0.002391 0.000736 0.000506 0.374712 0.001059
0.624716 0.000562 0.002249 0.000660 0.000509 0.370218 0.001086
0.629316 0.000544 0.002140 0.000645 0.000472 0.365809 0.001072
0.634030 0.000501 0.002011 0.000622 0.000457 0.361302 0.001077
0.638683 0.000504 0.001926 0.000551 0.000449 0.356800 0.001086
0.643291 0.000473 0.001803 0.000529 0.000431 0.352373 0.001100
0.647683 0.000478 0.001702 0.000500 0.000420 0.348126 0.001090
0.652107 0.000460 0.001617 0.000453 0.000400 0.343874 0.001089
0.656561 0.000454 0.001531 0.000416 0.000378 0.339573 0.001088
0.660600 0.000441 0.001480 0.000389 0.000360 0.335647 0.001083
0.664724 0.000438 0.001387 0.000369 0.000346 0.331652 0.001084
0.668742 0.000443 0.001351 0.000342 0.000335 0.327677 0.001110
0.673004 0.000424 0.001302 0.000308 0.000333 0.323516 0.001113
0.677094 0.000402 0.001245 0.000294 0.000327 0.319534 0.001104
0.681029 0.000401 0.001190 0.000280 0.000307 0.315689 0.001104
0.685018 0.000384 0.001128 0.000269 0.000289 0.311802 0.001111
0.689131 0.000352 0.001080 0.000259 0.000274 0.307787 0.001117
0.692427 0.000319 0.001012 0.000240 0.000261 0.304625 0.001117
0.696467 0.000321 0.000949 0.000225 0.000268 0.300657 0.001113
0.700059 0.000313 0.000907 0.000213 0.000252 0.297141 0.001115
0.703691 0.000302 0.000857 0.000212 0.000249 0.293562 0.001127
0.707631 0.000316 0.000805 0.000195 0.000235 0.289676 0.001141
0.711332 0.000295 0.000740 0.000177 0.000228 0.286096 0.001133
0.714678 0.000275 0.000726 0.000167 0.000208 0.282826 0.001120
0.718443 0.000270 0.000700 0.000153 0.000197 0.279099 0.001138
0.721959 0.000273 0.000670 0.000136 0.000193 0.275631 0.001137
0.725060 0.000273 0.000637 0.000132 0.000195 0.272589 0.001115
0.728527 0.000266 0.000600 0.000111 0.000171 0.269204 0.001120
0.731750 0.000280 0.000586 0.000111 0.000177 0.265970 0.001126
0.735140 0.000270 0.000560 0.000106 0.000164 0.262634 0.001126
0.738755 0.000277 0.000530 0.000099 0.000161 0.259046 0.001131
0.741614 0.000252 0.000512 0.000093 0.000158 0.256251 0.001119
0.744672 0.000250 0.000509 0.000095 0.000156 0.253188 0.001129
0.747987 0.000249 0.000485 0.000087 0.000139 0.249923 0.001128
0.751052 0.000233 0.000442 0.000087 0.000141 0.246914 0.001130
0.753914 0.000230 0.000435 0.000078 0.000129 0.244081 0.001133
0.757147 0.000223 0.000404 0.000077 0.000126 0.240904 0.001119
0.760293 0.000213 0.000390 0.000067 0.000122 0.237788 0.001127
0.762923 0.000217 0.000372 0.000065 0.000108 0.235174 0.001141
0.766355 0.000217 0.000357 0.000055 0.000102 0.231786 0.001128
0.768632 0.000209 0.000333 0.000047 0.000101 0.229523 0.001155
0.771695 0.000209 0.000318 0.000048 0.000101 0.226482 0.001146
0.774487 0.000225 0.000304 0.000046 0.000098 0.223699 0.001141
0.776972 0.000215 0.000320 0.000038 0.000097 0.221226 0.001130
0.779818 0.000204 0.000313 0.000035 0.000094 0.218404 0.001134
0.782460 0.000180 0.000288 0.000030 0.000085 0.215812 0.001146
0.784900 0.000185 0.000286 0.000029 0.000091 0.213366 0.001143
0.787858 0.000179 0.000276 0.000023 0.000088 0.210435 0.001140
0.790400 0.000174 0.000278 0.000022 0.000087 0.207896 0.001143
0.792645 0.000177 0.000273 0.000020 0.000086 0.205663 0.001136
0.795549 0.000179 0.000245 0.000016 0.000081 0.202786 0.001144
0.798021 0.000175 0.000234 0.000022 0.000084 0.200325 0.001139
0.800751 0.000184 0.000212 0.000024 0.000083 0.197605 0.001142
0.802719 0.000171 0.000214 0.000022 0.000084 0.195645 0.001144
0.805426 0.000159 0.000209 0.000028 0.000081 0.192971 0.001126
0.807314 0.000164 0.000195 0.000018 0.000077 0.191108 0.001125
0.810018 0.000154 0.000185 0.000021 0.000079 0.188395 0.001148
0.812271 0.000157 0.000166 0.000018 0.000076 0.186182 0.001129
0.814527 0.000159 0.000156 0.000021 0.000073 0.183902 0.001161
0.816740 0.000161 0.000155 0.000019 0.000068 0.181712 0.001145
0.818867 0.000150 0.000155 0.000021 0.000065 0.179598 0.001144
0.821493 0.000156 0.000146 0.000018 0.000063 0.176972 0.001152
0.824039 0.000160 0.000133 0.000023 0.000061 0.174441 0.001144
0.825806 0.000171 0.000121 0.000018 0.000059 0.172692 0.001134
0.828158 0.000160 0.000117 0.000023 0.000067 0.170342 0.001133
0.830120 0.000164 0.000117 0.000018 0.000058 0.168390 0.001133
0.832347 0.000162 0.000120 0.000016 0.000060 0.166138 0.001156
0.834351 0.000148 0.000126 0.000016 0.000054 0.164160 0.001146
0.836155 0.000158 0.000109 0.000017 0.000059 0.162344 0.001158
0.838832 0.000156 0.000107 0.000015 0.000051 0.159719 0.001120
0.840446 0.000150 0.000106 0.000015 0.000050 0.158102 0.001131
0.842574 0.000146 0.000118 0.000016 0.000051 0.155958 0.001137
0.844496 0.000126 0.000115 0.000023 0.000048 0.154036 0.001155
0.846546 0.000139 0.000117 0.000013 0.000056 0.151992 0.001138
0.848217 0.000132 0.000107 0.000014 0.000054 0.150322 0.001154
0.850289 0.000140 0.000101 0.000014 0.000047 0.148265 0.001145
0.852585 0.000141 0.000104 0.000011 0.000046 0.145960 0.001153
0.854066 0.000138 0.000101 0.000015 0.000048 0.144482 0.001149
0.855724 0.000140 0.000094 0.000013 0.000040 0.142855 0.001134
0.857566 0.000138 0.000096 0.000008 0.000042 0.140997 0.001152
0.859349 0.000152 0.000092 0.000007 0.000041 0.139225 0.001134
0.861020 0.000134 0.000081 0.000008 0.000038 0.137559 0.001160
0.862746 0.000141 0.000095 0.000009 0.000030 0.135849 0.001130
0.864492 0.000140 0.000086 0.000012 0.000037 0.134098 0.001134
0.866016 0.000138 0.000089 0.000012 0.000031 0.132567 0.001147
0.867457 0.000135 0.000079 0.000010 0.000036 0.131114 0.001169
0.869362 0.000134 0.000074 0.000010 0.000027 0.129243 0.001150
0.870636 0.000141 0.000080 0.000010 0.000030 0.127967 0.001135
0.872197 0.000146 0.000077 0.000010 0.000032 0.126388 0.001149
0.873782 0.000141 0.000073 0.000010 0.000035 0.124821 0.001138
0.875228 0.000146 0.000071 0.000007 0.000031 0.123398 0.001119
0.876662 0.000142 0.000058 0.000009 0.000033 0.121944 0.001151
0.878636 0.000149 0.000058 0.000008 0.000030 0.119994 0.001126
0.880012 0.000152 0.000058 0.000007 0.000026 0.118610 0.001135
0.881586 0.000140 0.000058 0.000008 0.000028 0.117056 0.001124
0.882728 0.000147 0.000059 0.000008 0.000021 0.115868 0.001169
0.884523 0.000162 0.000055 0.000007 0.000017 0.114108 0.001128
0.885909 0.000158 0.000053 0.000008 0.000021 0.112718 0.001134
0.887283 0.000159 0.000057 0.000010 0.000022 0.111347 0.001123
0.888432 0.000151 0.000072 0.000009 0.000017 0.110162 0.001157
0.889697 0.000146 0.000074 0.000008 0.000015 0.108916 0.001144
0.891354 0.000143 0.000059 0.000008 0.000020 0.107283 0.001134
0.892727 0.000138 0.000069 0.000009 0.000014 0.105902 0.001140
0.894129 0.000141 0.000070 0.000013 0.000015 0.104486 0.001146
0.895279 0.000132 0.000061 0.000010 0.000015 0.103352 0.001151
0.896274 0.000138 0.000063 0.000010 0.000014 0.102357 0.001144
0.897436 0.000138 0.000061 0.000005 0.000013 0.101198 0.001150
0.898836 0.000133 0.000066 0.000007 0.000008 0.099830 0.001120
0.899820 0.000135 0.000068 0.000005 0.000012 0.098832 0.001130
0.901013 0.000139 0.000063 0.000003 0.000012 0.097624 0.001146
0.901928 0.000151 0.000063 0.000003 0.000006 0.096699 0.001149
0.903204 0.000155 0.000063 0.000003 0.000009 0.095427 0.001139
0.904570 0.000135 0.000044 0.000004 0.000011 0.094060 0.001176
0.905751 0.000152 0.000042 0.000002 0.000008 0.092908 0.001138
0.906875 0.000155 0.000047 0.000003 0.000011 0.091748 0.001161
0.908244 0.000150 0.000043 0.000007 0.000007 0.090388 0.001160
0.909438 0.000153 0.000045 0.000005 0.000010 0.089205 0.001144
0.910584 0.000149 0.000050 0.000007 0.000012 0.088050 0.001147
0.911733 0.000158 0.000045 0.000005 0.000010 0.086902 0.001147
0.912909 0.000152 0.000046 0.000006 0.000009 0.085723 0.001155
0.913777 0.000149 0.000040 0.000004 0.000010 0.084883 0.001138
0.914713 0.000161 0.000043 0.000006 0.000013 0.083942 0.001122
0.915809 0.000166 0.000038 0.000007 0.000011 0.082838 0.001132
0.916809 0.000159 0.000040 0.000006 0.000012 0.081813 0.001160
0.917754 0.000148 0.000044 0.000006 0.000013 0.080904 0.001131
0.918775 0.000159 0.000058 0.000004 0.000011 0.079835 0.001157
0.919867 0.000148 0.000048 0.000006 0.000009 0.078794 0.001128
0.920686 0.000143 0.000055 0.000008 0.000010 0.077963 0.001132
0.921753 0.000134 0.000061 0.000008 0.000012 0.076853 0.001179
0.922777 0.000126 0.000045 0.000007 0.000008 0.075889 0.001148
0.923482 0.000125 0.000045 0.000005 0.000011 0.075168 0.001163
0.924720 0.000125 0.000040 0.000007 0.000012 0.073958 0.001138
0.925266 0.000120 0.000046 0.000009 0.000013 0.073378 0.001167
0.926518 0.000117 0.000050 0.000005 0.000010 0.072137 0.001162
0.927222 0.000120 0.000043 0.000004 0.000011 0.071452 0.001148
0.928137 0.000125 0.000042 0.000007 0.000009 0.070531 0.001150
0.929149 0.000125 0.000037 0.000008 0.000010 0.069515 0.001157
0.929883 0.000129 0.000042 0.000005 0.000008 0.068759 0.001174
0.930842 0.000137 0.000037 0.000004 0.000006 0.067841 0.001132
0.931254 0.000137 0.000046 0.000005 0.000007 0.067395 0.001155
0.932434 0.000149 0.000034 0.000002 0.000003 0.066234 0.001144
0.932959 0.000136 0.000035 0.000006 0.000004 0.065685 0.001176
0.934075 0.000145 0.000033 0.000007 0.000004 0.064557 0.001181
0.934677 0.000132 0.000037 0.000006 0.000006 0.063987 0.001154
0.935543 0.000127 0.000036 0.000008 0.000005 0.063136 0.001145
0.936457 0.000131 0.000036 0.000004 0.000005 0.062251 0.001116
0.937025 0.000128 0.000039 0.000005 0.000004 0.061626 0.001173
0.937870 0.000125 0.000035 0.000005 0.000004 0.060815 0.001146
0.938823 0.000129 0.000032 0.000004 0.000005 0.059869 0.001137
0.939542 0.000126 0.000038 0.000006 0.000003 0.059162 0.001122
0.940060 0.000132 0.000037 0.000004 0.000006 0.058615 0.001145
0.940727 0.000123 0.000040 0.000003 0.000004 0.057953 0.001150
0.941623 0.000126 0.000034 0.000003 0.000007 0.057052 0.001155
0.942675 0.000126 0.000036 0.000002 0.000004 0.056057 0.001100
0.943125 0.000133 0.000028 0.000001 0.000001 0.055563 0.001150
0.943884 0.000137 0.000036 0.000004 0.000002 0.054771 0.001168
0.944431 0.000136 0.000037 0.000002 0.000003 0.054275 0.001116
0.945358 0.000139 0.000025 0.000003 0.000005 0.053314 0.001156
0.945722 0.000151 0.000027 0.000002 0.000002 0.052973 0.001124
0.946624 0.000142 0.000032 0.000003 0.000004 0.052056 0.001139
0.947263 0.000127 0.000036 0.000003 0.000004 0.051436 0.001132
0.947948 0.000137 0.000042 0.000004 0.000004 0.050669 0.001196
0.948402 0.000127 0.000034 0.000003 0.000005 0.050310 0.001119
0.948890 0.000133 0.000033 0.000004 0.000002 0.049760 0.001178
0.949669 0.000133 0.000032 0.000002 0.000002 0.048993 0.001169
0.950134 0.000126 0.000030 0.000005 0.000003 0.048568 0.001133
0.950706 0.000123 0.000031 0.000005 0.000004 0.047960 0.001171
0.951282 0.000139 0.000029 0.000003 0.000002 0.047373 0.001172
0.951868 0.000148 0.000031 0.000002 0.000002 0.046786 0.001162
0.952702 0.000131 0.000031 0.000003 0.000006 0.046010 0.001118
0.953064 0.000149 0.000031 0.000004 0.000001 0.045584 0.001166
0.953558 0.000149 0.000033 0.000005 0.000001 0.045140 0.001113
0.953771 0.000137 0.000033 0.000005 0.000001 0.044907 0.001146
0.954393 0.000144 0.000035 0.000005 0.000001 0.044269 0.001154
0.955196 0.000133 0.000033 0.000007 0.000002 0.043460 0.001169
0.955637 0.000138 0.000033 0.000007 0.000003 0.042998 0.001183
0.956334 0.000145 0.000042 0.000005 0.000001 0.042323 0.001149
0.956841 0.000147 0.000023 0.000010 0.000003 0.041844 0.001130
0.957309 0.000139 0.000024 0.000008 0.000003 0.041349 0.001167
0.957556 0.000144 0.000037 0.000009 0.000002 0.041093 0.001159
0.958110 0.000146 0.000037 0.000009 0.000005 0.040572 0.001121
0.958795 0.000145 0.000035 0.000009 0.000001 0.039848 0.001167
0.959201 0.000141 0.000028 0.000004 0.000004 0.039491 0.001131
0.959578 0.000156 0.000032 0.000015 0.000001 0.039080 0.001139
0.959818 0.000159 0.000033 0.000005 0.000001 0.038815 0.001170
0.960443 0.000166 0.000058 0.000007 0.000001 0.038192 0.001133
0.960656 0.000166 0.000047 0.000009 0.000001 0.037972 0.001149
0.961493 0.000158 0.000041 0.000006 0.000001 0.037202 0.001099
0.961858 0.000158 0.000048 0.000007 0.000003 0.036789 0.001138
0.961901 0.000140 0.000054 0.000011 0.000002 0.036712 0.001180
0.962709 0.000165 0.000057 0.000011 0.000002 0.035893 0.001163
0.963023 0.000153 0.000066 0.000008 0.000002 0.035567 0.001180
0.963566 0.000136 0.000061 0.000010 0.000001 0.035065 0.001162
0.963739 0.000145 0.000053 0.000009 0.000002 0.034925 0.001128
0.964666 0.000139 0.000064 0.000005 0.000003 0.034029 0.001094
0.964730 0.000140 0.000076 0.000007 0.000005 0.033886 0.001156
0.965302 0.000144 0.000074 0.000004 0.000004 0.033345 0.001126
0.965618 0.000136 0.000078 0.000010 0.000001 0.033058 0.001099
0.966119 0.000145 0.000065 0.000012 0.000003 0.032475 0.001181
0.966674 0.000145 0.000073 0.000007 0.000002 0.031939 0.001161
0.967006 0.000134 0.000077 0.000008 0.000003 0.031653 0.001120
0.967393 0.000130 0.000077 0.000006 0.000002 0.031283 0.001109
0.967491 0.000141 0.000072 0.000004 0.000003 0.031149 0.001139
0.968098 0.000139 0.000074 0.000010 0.000003 0.030547 0.001130
0.968419 0.000125 0.000059 0.000016 0.000003 0.030195 0.001184
0.969009 0.000132 0.000067 0.000006 0.000003 0.029650 0.001133
0.969491 0.000133 0.000054 0.000003 0.000002 0.029207 0.001110
0.969522 0.000133 0.000052 0.000004 0.000001 0.029157 0.001130
0.969712 0.000134 0.000050 0.000006 0.000002 0.028928 0.001169
0.969948 0.000126 0.000044 0.000009 0.000002 0.028671 0.001201
0.970172 0.000133 0.000055 0.000004 0.000003 0.028491 0.001142
0.971030 0.000126 0.000052 0.000005 0.000006 0.027688 0.001092
0.971375 0.000132 0.000044 0.000003 0.000001 0.027267 0.001179
0.971861 0.000140 0.000048 0.000004 0.000005 0.026805 0.001136
0.972149 0.000130 0.000046 0.000008 0.000002 0.026506 0.001160
0.972482 0.000133 0.000042 0.000005 0.000002 0.026222 0.001114
0.972756 0.000139 0.000034 0.000014 0.000002 0.025919 0.001136
0.973089 0.000124 0.000034 0.000011 0.000005 0.025589 0.001147
0.973505 0.000127 0.000029 0.000011 0.000004 0.025148 0.001176
0.973694 0.000135 0.000037 0.000011 0.000001 0.024963 0.001160
0.974204 0.000134 0.000031 0.000004 0.000006 0.024512 0.001107
0.974305 0.000141 0.000050 0.000009 0.000002 0.024346 0.001147
0.974595 0.000156 0.000025 0.000005 0.000001 0.024026 0.001192
0.974995 0.000136 0.000031 0.000005 0.000001 0.023679 0.001152
0.975622 0.000131 0.000024 0.000009 0.000001 0.023049 0.001164
0.975793 0.000136 0.000024 0.000008 0.000002 0.022913 0.001124
0.976019 0.000137 0.000025 0.000010 0.000003 0.022646 0.001160
0.976487 0.000140 0.000020 0.000011 0.000008 0.022255 0.001078
0.976374 0.000133 0.000029 0.000006 0.000001 0.022282 0.001175
0.976836 0.000139 0.000029 0.000003 0.000002 0.021839 0.001151
0.976825 0.000155 0.000017 0.000010 0.000001 0.021852 0.001140
0.977562 0.000145 0.000023 0.000009 0.000001 0.021120 0.001140
0.977707 0.000136 0.000038 0.000006 0.000004 0.020992 0.001117
0.978098 0.000140 0.000027 0.000009 0.000003 0.020604 0.001118
0.978002 0.000149 0.000028 0.000009 0.000001 0.020632 0.001178
0.978640 0.000136 0.000028 0.000006 0.000006 0.020016 0.001168
0.978477 0.000141 0.000024 0.000007 0.000001 0.020210 0.001140
0.978882 0.000139 0.000043 0.000004 0.000001 0.019812 0.001118
0.979288 0.000141 0.000031 0.000014 0.000001 0.019380 0.001144
0.979399 0.000128 0.000034 0.000013 0.000001 0.019270 0.001154
0.979595 0.000142 0.000022 0.000016 0.000001 0.019058 0.001166
0.979843 0.000138 0.000037 0.000004 0.000003 0.018820 0.001154
0.980035 0.000134 0.000033 0.000008 0.000001 0.018609 0.001179
0.980429 0.000129 0.000028 0.000006 0.000001 0.018245 0.001162
0.980460 0.000138 0.000030 0.000003 0.000001 0.018174 0.001193
0.980821 0.000129 0.000036 0.000008 0.000003 0.017825 0.001177
0.981238 0.000144 0.000022 0.000003 0.000002 0.017451 0.001141
0.981152 0.000137 0.000032 0.000006 0.000002 0.017493 0.001178
0.981522 0.000127 0.000041 0.000006 0.000001 0.017163 0.001140
0.981824 0.000132 0.000035 0.000010 0.000002 0.016885 0.001113
0.981833 0.000134 0.000037 0.000003 0.000002 0.016807 0.001183
0.981948 0.000147 0.000039 0.000003 0.000002 0.016721 0.001140
0.982343 0.000152 0.000033 0.000003 0.000002 0.016326 0.001141
0.982447 0.000149 0.000029 0.000003 0.000005 0.016215 0.001152
0.982840 0.000144 0.000031 0.000007 0.000007 0.015830 0.001143
0.982593 0.000162 0.000033 0.000003 0.000002 0.016084 0.001123
0.982888 0.000143 0.000041 0.000010 0.000002 0.015749 0.001167
0.983317 0.000167 0.000038 0.000002 0.000002 0.015321 0.001154
0.983395 0.000150 0.000038 0.000002 0.000002 0.015258 0.001155
0.983640 0.000143 0.000048 0.000002 0.000005 0.015015 0.001147
0.983780 0.000131 0.000051 0.000002 0.000003 0.014872 0.001162
0.983785 0.000140 0.000041 0.000002 0.000002 0.014870 0.001161
0.984052 0.000152 0.000041 0.000002 0.000002 0.014628 0.001124
0.984286 0.000139 0.000043 0.000002 0.000004 0.014403 0.001123
0.984456 0.000132 0.000044 0.000002 0.000003 0.014206 0.001157
0.984763 0.000131 0.000060 0.000002 0.000006 0.013924 0.001115
0.984904 0.000143 0.000042 0.000002 0.000004 0.013763 0.001143
0.985148 0.000142 0.000052 0.000002 0.000002 0.013527 0.001126
0.985547 0.000140 0.000045 0.000002 0.000005 0.013148 0.001113
0.985514 0.000142 0.000048 0.000004 0.000004 0.013207 0.001082
0.985509 0.000143 0.000046 0.000002 0.000002 0.013141 0.001157
0.985728 0.000137 0.000034 0.000002 0.000002 0.012945 0.001152
0.985954 0.000139 0.000038 0.000002 0.000002 0.012681 0.001184
0.986253 0.000142 0.000039 0.000002 0.000002 0.012400 0.001161
0.986313 0.000153 0.000044 0.000004 0.000002 0.012314 0.001170
0.986436 0.000131 0.000049 0.000004 0.000002 0.012247 0.001131
0.986664 0.000135 0.000058 0.000004 0.000002 0.012002 0.001133
0.986726 0.000142 0.000055 0.000005 0.000002 0.011918 0.001151
0.986779 0.000149 0.000036 0.000004 0.000002 0.011902 0.001127
0.987071 0.000149 0.000036 0.000004 0.000002 0.011580 0.001159
0.987264 0.000159 0.000056 0.000009 0.000002 0.011384 0.001127
0.987318 0.000158 0.000045 0.000007 0.000002 0.011314 0.001157
0.987532 0.000159 0.000059 0.000007 0.000002 0.011101 0.001141
0.987708 0.000153 0.000051 0.000009 0.000002 0.010947 0.001130
0.987726 0.000136 0.000053 0.000007 0.000002 0.010934 0.001142
0.987958 0.000148 0.000047 0.000002 0.000002 0.010729 0.001113
0.988033 0.000143 0.000039 0.000002 0.000002 0.010635 0.001145
0.988186 0.000138 0.000040 0.000002 0.000002 0.010480 0.001151
0.988327 0.000129 0.000049 0.000004 0.000002 0.010334 0.001156
0.988525 0.000145 0.000044 0.000007 0.000002 0.010123 0.001153
0.988685 0.000142 0.000039 0.000004 0.000002 0.010006 0.001122
0.988894 0.000138 0.000042 0.000005 0.000002 0.009780 0.001139
0.988894 0.000140 0.000041 0.000005 0.000002 0.009754 0.001162
0.989029 0.000148 0.000055 0.000002 0.000002 0.009608 0.001156
0.989257 0.000155 0.000052 0.000002 0.000002 0.009376 0.001154
0.989428 0.000169 0.000047 0.000002 0.000002 0.009185 0.001167
0.989559 0.000155 0.000035 0.000002 0.000002 0.009087 0.001159
0.989658 0.000161 0.000040 0.000007 0.000002 0.009002 0.001130
0.989736 0.000163 0.000042 0.000009 0.000002 0.008919 0.001128
0.989926 0.000151 0.000041 0.000008 0.000003 0.008723 0.001148
0.990068 0.000149 0.000044 0.000008 0.000003 0.008580 0.001148
0.990197 0.000149 0.000048 0.000008 0.000003 0.008448 0.001147
0.990190 0.000154 0.000062 0.000017 0.000002 0.008439 0.001136
0.990358 0.000157 0.000058 0.000010 0.000002 0.008269 0.001145
0.990596 0.000149 0.000047 0.000010 0.000003 0.008055 0.001140
0.990719 0.000149 0.000049 0.000010 0.000003 0.007926 0.001146
0.990804 0.000189 0.000056 0.000009 0.000002 0.007801 0.001138
0.990955 0.000158 0.000048 0.000010 0.000003 0.007682 0.001144
0.991063 0.000148 0.000042 0.000020 0.000002 0.007594 0.001132
0.991237 0.000144 0.000044 0.000013 0.000003 0.007417 0.001142
0.991365 0.000146 0.000052 0.000010 0.000003 0.007278 0.001145
0.991502 0.000136 0.000048 0.000011 0.000003 0.007154 0.001147
0.991614 0.000131 0.000048 0.000013 0.000003 0.007044 0.001147
0.991728 0.000136 0.000043 0.000013 0.000003 0.006930 0.001147
0.991822 0.000139 0.000041 0.000013 0.000003 0.006837 0.001146
0.991946 0.000136 0.000046 0.000005 0.000003 0.006719 0.001146
0.992119 0.000136 0.000041 0.000008 0.000003 0.006551 0.001143
0.992220 0.000133 0.000040 0.000005 0.000003 0.006452 0.001147
0.992313 0.000128 0.000039 0.000005 0.000003 0.006372 0.001140
0.992436 0.000136 0.000037 0.000008 0.000003 0.006233 0.001147
0.992561 0.000133 0.000037 0.000008 0.000003 0.006110 0.001147
0.992687 0.000133 0.000035 0.000005 0.000003 0.005990 0.001147
0.992801 0.000139 0.000029 0.000005 0.000003 0.005875 0.001147
0.992916 0.000139 0.000035 0.000005 0.000003 0.005755 0.001147
0.993039 0.000133 0.000035 0.000008 0.000003 0.005635 0.001147
0.993159 0.000133 0.000035 0.000008 0.000003 0.005515 0.001147
0.993287 0.000131 0.000037 0.000008 0.000003 0.005387 0.001147
0.993410 0.000131 0.000040 0.000008 0.000003 0.005262 0.001147
0.993516 0.000139 0.000043 0.000008 0.000003 0.005144 0.001147
0.993639 0.000141 0.000040 0.000008 0.000003 0.005022 0.001147
0.993751 0.000147 0.000043 0.000008 0.000003 0.004902 0.001147
0.993858 0.000147 0.000051 0.000008 0.000003 0.004787 0.001147
0.993975 0.000144 0.000045 0.000005 0.000003 0.004680 0.001147
0.994092 0.000139 0.000051 0.000008 0.000003 0.004560 0.001147
0.994207 0.000136 0.000053 0.000005 0.000003 0.004448 0.001147
0.994301 0.000141 0.000051 0.000003 0.000003 0.004355 0.001147
0.994405 0.000144 0.000051 0.000003 0.000003 0.004248 0.001147
0.994511 0.000141 0.000053 0.000003 0.000003 0.004141 0.001147
0.994623 0.000131 0.000064 0.000005 0.000003 0.004026 0.001147
0.994741 0.000131 0.000061 0.000005 0.000003 0.003912 0.001147
0.994770 0.000136 0.000060 0.000005 0.000000 0.003871 0.001158
0.994885 0.000139 0.000060 0.000005 0.000000 0.003754 0.001158
0.995004 0.000139 0.000060 0.000005 0.000000 0.003634 0.001158
0.995127 0.000133 0.000063 0.000005 0.000000 0.003514 0.001158
0.995239 0.000125 0.000071 0.000005 0.000000 0.003402 0.001158
0.995353 0.000131 0.000065 0.000005 0.000000 0.003288 0.001158
0.995465 0.000134 0.000063 0.000005 0.000000 0.003176 0.001158
0.995574 0.000136 0.000054 0.000008 0.000000 0.003070 0.001158
0.995680 0.000131 0.000052 0.000008 0.000000 0.002972 0.001158
0.995778 0.000142 0.000044 0.000005 0.000000 0.002874 0.001158
0.995887 0.000142 0.000044 0.000005 0.000000 0.002765 0.001158
0.995982 0.000144 0.000046 0.000005 0.000000 0.002664 0.001158
0.996078 0.000150 0.000043 0.000005 0.000000 0.002566 0.001158
0.996186 0.000153 0.000038 0.000005 0.000000 0.002460 0.001158
0.996239 0.000142 0.000050 0.000006 0.000000 0.002423 0.001140
0.996345 0.000139 0.000042 0.000006 0.000000 0.002329 0.001140
0.996390 0.000134 0.000037 0.000011 0.000000 0.002285 0.001143
0.996475 0.000148 0.000031 0.000011 0.000000 0.002192 0.001143
0.996575 0.000142 0.000031 0.000014 0.000000 0.002095 0.001143
0.996663 0.000148 0.000028 0.000009 0.000000 0.002009 0.001143
0.996768 0.000151 0.000034 0.000006 0.000000 0.001899 0.001143
0.996848 0.000148 0.000034 0.000006 0.000000 0.001822 0.001143
0.996939 0.000154 0.000028 0.000006 0.000000 0.001731 0.001143
0.997015 0.000156 0.000037 0.000006 0.000000 0.001643 0.001143
0.997118 0.000151 0.000046 0.000003 0.000000 0.001541 0.001143
0.997189 0.000168 0.000043 0.000003 0.000000 0.001455 0.001143
0.997265 0.000162 0.000040 0.000009 0.000000 0.001381 0.001143
0.997345 0.000153 0.000046 0.000003 0.000000 0.001311 0.001143
0.997408 0.000156 0.000063 0.000003 0.000000 0.001228 0.001143
0.997476 0.000165 0.000063 0.000003 0.000000 0.001151 0.001143
0.997544 0.000156 0.000051 0.000003 0.000000 0.001103 0.001143
0.997594 0.000169 0.000049 0.000000 0.000000 0.001052 0.001136
0.997661 0.000174 0.000052 0.000003 0.000000 0.000973 0.001136
0.997722 0.000189 0.000046 0.000003 0.000000 0.000903 0.001136
0.997786 0.000157 0.000067 0.000003 0.000000 0.000851 0.001136
0.997839 0.000171 0.000049 0.000006 0.000000 0.000799 0.001136
0.997908 0.000151 0.000061 0.000009 0.000000 0.000735 0.001136
0.997938 0.000174 0.000052 0.000009 0.000000 0.000691 0.001136
0.997975 0.000183 0.000058 0.000009 0.000000 0.000639 0.001136
0.998013 0.000192 0.000058 0.000003 0.000000 0.000598 0.001136
0.998036 0.000187 0.000071 0.000000 0.000000 0.000573 0.001133
0.998045 0.000198 0.000073 0.000000 0.000000 0.000559 0.001125
0.998100 0.000176 0.000076 0.000000 0.000000 0.000522 0.001125
0.998114 0.000206 0.000053 0.000000 0.000000 0.000503 0.001124
0.998102 0.000224 0.000065 0.000006 0.000000 0.000478 0.001124
0.998092 0.000199 0.000109 0.000009 0.000000 0.000466 0.001124
0.998108 0.000168 0.000109 0.000006 0.000000 0.000485 0.001124
0.998136 0.000165 0.000097 0.000009 0.000000 0.000469 0.001124
0.998154 0.000187 0.000090 0.000009 0.000000 0.000435 0.001124
0.998163 0.000199 0.000090 0.000013 0.000000 0.000410 0.001124
0.998173 0.000187 0.000090 0.000016 0.000000 0.000411 0.001124
0.998176 0.000203 0.000050 0.000009 0.000000 0.000439 0.001124
0.998200 0.000196 0.000062 0.000016 0.000000 0.000401 0.001124
0.998191 0.000191 0.000074 0.000003 0.000000 0.000421 0.001120
0.998233 0.000172 0.000070 0.000006 0.000000 0.000398 0.001120
0.998249 0.000188 0.000045 0.000000 0.000000 0.000398 0.001120
0.998275 0.000188 0.000057 0.000010 0.000000 0.000350 0.001120
0.998259 0.000198 0.000048 0.000006 0.000000 0.000369 0.001120
0.998294 0.000160 0.000060 0.000013 0.000000 0.000353 0.001120
0.998290 0.000195 0.000038 0.000010 0.000000 0.000347 0.001120
0.998329 0.000185 0.000029 0.000022 0.000000 0.000315 0.001120
0.998323 0.000203 0.000029 0.000020 0.000000 0.000307 0.001119
0.998352 0.000199 0.000039 0.000007 0.000000 0.000284 0.001119
0.998336 0.000209 0.000043 0.000006 0.000000 0.000287 0.001119
0.998323 0.000201 0.000050 0.000007 0.000000 0.000285 0.001134
0.998343 0.000181 0.000064 0.000003 0.000000 0.000275 0.001134
0.998346 0.000175 0.000074 0.000013 0.000000 0.000258 0.001134
0.998334 0.000203 0.000069 0.000007 0.000000 0.000268 0.001119
0.998334 0.000198 0.000064 0.000007 0.000000 0.000293 0.001104
0.998331 0.000198 0.000074 0.000004 0.000000 0.000290 0.001104
0.998331 0.000195 0.000074 0.000007 0.000000 0.000290 0.001104
0.998327 0.000209 0.000071 0.000004 0.000004 0.000283 0.001104
0.998334 0.000195 0.000085 0.000007 0.000004 0.000272 0.001104
0.998361 0.000182 0.000084 0.000004 0.000000 0.000269 0.001101
0.998372 0.000196 0.000080 0.000004 0.000000 0.000247 0.001101
0.998354 0.000214 0.000080 0.000007 0.000000 0.000243 0.001101
0.998343 0.000207 0.000084 0.000007 0.000000 0.000258 0.001101
0.998329 0.000202 0.000097 0.000004 0.000000 0.000280 0.001088
0.998330 0.000189 0.000119 0.000004 0.000000 0.000269 0.001090
0.998307 0.000216 0.000092 0.000008 0.000000 0.000288 0.001090
0.998330 0.000185 0.000092 0.000008 0.000000 0.000296 0.001090
0.998349 0.000173 0.000085 0.000004 0.000000 0.000300 0.001090
0.998326 0.000208 0.000077 0.000004 0.000000 0.000296 0.001090
0.998346 0.000181 0.000100 0.000000 0.000000 0.000284 0.001090
0.998363 0.000174 0.000091 0.000000 0.000000 0.000273 0.001099
0.998393 0.000180 0.000061 0.000000 0.000000 0.000286 0.001080
0.998395 0.000192 0.000070 0.000004 0.000000 0.000265 0.001074
0.998393 0.000181 0.000063 0.000009 0.000000 0.000275 0.001080
0.998389 0.000185 0.000068 0.000004 0.000000 0.000275 0.001080
0.998393 0.000181 0.000067 0.000013 0.000000 0.000266 0.001080
0.998375 0.000208 0.000072 0.000004 0.000000 0.000261 0.001080
0.998360 0.000224 0.000080 0.000005 0.000000 0.000256 0.001075
0.998313 0.000233 0.000102 0.000010 0.000000 0.000261 0.001082
0.998304 0.000199 0.000112 0.000024 0.000000 0.000280 0.001082
0.998280 0.000223 0.000092 0.000014 0.000000 0.000309 0.001082
0.998308 0.000199 0.000097 0.000014 0.000000 0.000300 0.001082
0.998284 0.000218 0.000044 0.000010 0.000000 0.000363 0.001082
0.998299 0.000201 0.000086 0.000010 0.000000 0.000321 0.001082
0.998279 0.000217 0.000091 0.000005 0.000000 0.000327 0.001082
0.998299 0.000211 0.000106 0.000010 0.000000 0.000291 0.001082
0.998294 0.000222 0.000091 0.000010 0.000000 0.000301 0.001082
0.998294 0.000196 0.000106 0.000015 0.000000 0.000306 0.001082
0.998299 0.000181 0.000106 0.000020 0.000000 0.000312 0.001082
0.998304 0.000186 0.000076 0.000015 0.000000 0.000337 0.001082
0.998304 0.000186 0.000081 0.000020 0.000000 0.000327 0.001082
0.998284 0.000201 0.000091 0.000010 0.000000 0.000332 0.001082
0.998294 0.000191 0.000096 0.000005 0.000000 0.000332 0.001082
0.998299 0.000181 0.000065 0.000010 0.000000 0.000362 0.001082
0.998308 0.000199 0.000037 0.000021 0.000000 0.000361 0.001074
0.998287 0.000220 0.000052 0.000021 0.000000 0.000345 0.001074
0.998324 0.000199 0.000058 0.000026 0.000000 0.000319 0.001074
0.998334 0.000178 0.000063 0.000005 0.000000 0.000346 0.001074
0.998345 0.000199 0.000052 0.000000 0.000000 0.000330 0.001074
0.998408 0.000189 0.000068 0.000000 0.000000 0.000262 0.001074
0.998424 0.000209 0.000058 0.000000 0.000000 0.000236 0.001074
0.998397 0.000241 0.000047 0.000000 0.000000 0.000241 0.001074
0.998392 0.000257 0.000063 0.000005 0.000000 0.000209 0.001074
0.998397 0.000231 0.000068 0.000010 0.000000 0.000220 0.001074
0.998382 0.000210 0.000078 0.000021 0.000000 0.000235 0.001074
0.998387 0.000210 0.000084 0.000016 0.000000 0.000230 0.001074
0.998418 0.000186 0.000082 0.000005 0.000000 0.000261 0.001047
0.998391 0.000202 0.000087 0.000005 0.000000 0.000267 0.001047
0.998429 0.000194 0.000074 0.000006 0.000000 0.000239 0.001059
0.998417 0.000205 0.000068 0.000006 0.000000 0.000244 0.001059
0.998412 0.000188 0.000080 0.000006 0.000000 0.000256 0.001059
0.998423 0.000188 0.000091 0.000011 0.000000 0.000227 0.001059
0.998395 0.000210 0.000057 0.000000 0.000000 0.000279 0.001059
0.998389 0.000210 0.000057 0.000000 0.000000 0.000284 0.001059
0.998395 0.000210 0.000069 0.000000 0.000000 0.000267 0.001059
0.998401 0.000216 0.000063 0.000006 0.000000 0.000256 0.001059
0.998423 0.000210 0.000080 0.000006 0.000000 0.000222 0.001059
0.998382 0.000244 0.000054 0.000006 0.000000 0.000262 0.001053
0.998388 0.000208 0.000077 0.000024 0.000000 0.000250 0.001053
0.998399 0.000208 0.000083 0.000018 0.000000 0.000238 0.001053
0.998376 0.000238 0.000077 0.000000 0.000000 0.000256 0.001053
0.998370 0.000262 0.000083 0.000000 0.000000 0.000232 0.001053
0.998358 0.000244 0.000113 0.000006 0.000000 0.000226 0.001053
0.998316 0.000250 0.000119 0.000006 0.000000 0.000256 0.001053
0.998317 0.000224 0.000118 0.000012 0.000000 0.000274 0.001054
0.998324 0.000230 0.000112 0.000006 0.000000 0.000274 0.001054
0.998252 0.000262 0.000098 0.000006 0.000000 0.000314 0.001068
0.998265 0.000262 0.000111 0.000007 0.000000 0.000288 0.001068
0.998272 0.000236 0.000092 0.000007 0.000000 0.000327 0.001068
0.998239 0.000249 0.000105 0.000013 0.000000 0.000327 0.001068
0.998252 0.000216 0.000124 0.000020 0.000000 0.000320 0.001068
0.998284 0.000203 0.000091 0.000007 0.000000 0.000347 0.001068
0.998252 0.000262 0.000072 0.000007 0.000000 0.000340 0.001068
0.998258 0.000229 0.000118 0.000007 0.000000 0.000320 0.001068
0.998202 0.000262 0.000096 0.000007 0.000000 0.000365 0.001068
0.998218 0.000225 0.000131 0.000015 0.000000 0.000319 0.001091
0.998240 0.000218 0.000124 0.000015 0.000000 0.000312 0.001091
0.998240 0.000218 0.000109 0.000015 0.000000 0.000327 0.001091
0.998225 0.000218 0.000109 0.000015 0.000000 0.000341 0.001091
0.998260 0.000200 0.000108 0.000015 0.000000 0.000354 0.001063
0.998268 0.000200 0.000077 0.000015 0.000000 0.000377 0.001063
0.998275 0.000216 0.000077 0.000015 0.000000 0.000354 0.001063
0.998283 0.000193 0.000100 0.000008 0.000000 0.000354 0.001063
0.998268 0.000200 0.000084 0.000015 0.000000 0.000369 0.001063
0.998235 0.000229 0.000090 0.000016 0.000000 0.000375 0.001055
0.998243 0.000204 0.000106 0.000025 0.000000 0.000367 0.001055
0.998243 0.000196 0.000131 0.000016 0.000000 0.000359 0.001055
0.998235 0.000229 0.000082 0.000024 0.000000 0.000375 0.001055
0.998219 0.000212 0.000057 0.000033 0.000000 0.000424 0.001055
0.998244 0.000188 0.000074 0.000025 0.000000 0.000416 0.001055
0.998211 0.000196 0.000073 0.000008 0.000000 0.000457 0.001055
0.998219 0.000196 0.000081 0.000008 0.000000 0.000441 0.001055
0.998229 0.000210 0.000052 0.000009 0.000000 0.000453 0.001048
0.998160 0.000224 0.000065 0.000019 0.000000 0.000466 0.001066
0.998178 0.000206 0.000075 0.000009 0.000000 0.000466 0.001066
0.998169 0.000206 0.000066 0.000028 0.000000 0.000466 0.001066
0.998169 0.000224 0.000056 0.000018 0.000000 0.000466 0.001066
0.998206 0.000187 0.000066 0.000028 0.000000 0.000448 0.001066
0.998234 0.000206 0.000037 0.000028 0.000000 0.000429 0.001066
0.998216 0.000243 0.000037 0.000028 0.000000 0.000410 0.001066
0.998215 0.000187 0.000103 0.000018 0.000000 0.000411 0.001066
0.998216 0.000168 0.000093 0.000009 0.000000 0.000448 0.001066
0.998197 0.000196 0.000047 0.000000 0.000000 0.000494 0.001066
0.998216 0.000196 0.000047 0.000000 0.000000 0.000476 0.001066
0.998225 0.000177 0.000075 0.000000 0.000000 0.000457 0.001066
0.998197 0.000206 0.000084 0.000000 0.000000 0.000448 0.001066
0.998197 0.000187 0.000103 0.000000 0.000000 0.000448 0.001066
0.998206 0.000178 0.000093 0.000019 0.000000 0.000438 0.001066
0.998253 0.000187 0.000075 0.000009 0.000000 0.000410 0.001066
