0.990978 0.008787 0.000117 0.000117 0.000000 0.000000 0.000000
0.981247 0.018288 0.000253 0.000212 0.000000 0.000000 0.000000
0.977796 0.021704 0.000277 0.000221 0.000000 0.000002 0.000000
0.974617 0.024790 0.000347 0.000244 0.000000 0.000002 0.000000
0.969656 0.029641 0.000413 0.000283 0.000000 0.000007 0.000000
0.965571 0.033630 0.000476 0.000311 0.000000 0.000012 0.000000
0.959173 0.039890 0.000559 0.000364 0.000000 0.000014 0.000000
0.952792 0.046127 0.000651 0.000416 0.000000 0.000015 0.000000
0.945200 0.053537 0.000766 0.000482 0.000000 0.000014 0.000000
0.937774 0.060816 0.000868 0.000526 0.000000 0.000016 0.000000
0.929544 0.068790 0.001043 0.000604 0.000000 0.000018 0.000000
0.919609 0.078444 0.001188 0.000736 0.000000 0.000024 0.000000
0.907901 0.089803 0.001431 0.000835 0.000001 0.000029 0.000000
0.896617 0.100795 0.001642 0.000906 0.000003 0.000036 0.000000
0.882313 0.114715 0.001880 0.001049 0.000004 0.000039 0.000000
0.868400 0.128268 0.002092 0.001188 0.000004 0.000048 0.000000
0.854965 0.141329 0.002311 0.001330 0.000004 0.000061 0.000000
0.840062 0.155728 0.002608 0.001531 0.000004 0.000067 0.000000
0.822536 0.172704 0.002958 0.001714 0.000004 0.000083 0.000000
0.805792 0.188919 0.003301 0.001890 0.000004 0.000093 0.000000
0.789427 0.204697 0.003688 0.002075 0.000003 0.000108 0.000000
0.773552 0.219912 0.004129 0.002284 0.000005 0.000118 0.000000
0.753453 0.239202 0.004618 0.002579 0.000005 0.000142 0.000000
0.737227 0.254705 0.005040 0.002867 0.000006 0.000156 0.000000
0.716341 0.274713 0.005590 0.003189 0.000006 0.000162 0.000000
0.700712 0.289553 0.006053 0.003487 0.000005 0.000190 0.000000
0.683081 0.306327 0.006593 0.003791 0.000004 0.000204 0.000000
0.664282 0.324083 0.007240 0.004144 0.000002 0.000248 0.000000
0.648333 0.339092 0.007836 0.004455 0.000003 0.000282 0.000000
0.633914 0.352569 0.008458 0.004744 0.000004 0.000311 0.000000
0.620072 0.365516 0.009011 0.005057 0.000006 0.000338 0.000000
0.604266 0.380242 0.009608 0.005492 0.000006 0.000386 0.000000
0.591413 0.392172 0.010153 0.005847 0.000006 0.000408 0.000000
0.578035 0.404441 0.010855 0.006224 0.000006 0.000440 0.000000
0.566804 0.414680 0.011469 0.006562 0.000007 0.000478 0.000000
0.552574 0.427672 0.012245 0.006986 0.000007 0.000515 0.000000
0.546940 0.432567 0.012704 0.007231 0.000008 0.000550 0.000000
0.531591 0.446684 0.013461 0.007665 0.000010 0.000589 0.000000
0.522669 0.454520 0.014126 0.008055 0.000010 0.000620 0.000000
0.514782 0.461362 0.014762 0.008412 0.000011 0.000670 0.000000
0.506635 0.468584 0.015350 0.008725 0.000010 0.000695 0.000000
0.497247 0.476676 0.016174 0.009146 0.000010 0.000747 0.000000
0.492911 0.480257 0.016592 0.009435 0.000011 0.000795 0.000000
0.483718 0.488400 0.017230 0.009788 0.000012 0.000851 0.000000
0.472797 0.497838 0.018154 0.010297 0.000013 0.000901 0.000000
0.465561 0.503970 0.018865 0.010647 0.000012 0.000945 0.000000
0.461493 0.507261 0.019328 0.010906 0.000014 0.000997 0.000000
0.455565 0.511943 0.020042 0.011375 0.000014 0.001060 0.000000
0.447565 0.518762 0.020767 0.011784 0.000017 0.001105 0.000000
0.434639 0.529745 0.021943 0.012461 0.000018 0.001194 0.000000
0.435378 0.528521 0.022244 0.012600 0.000018 0.001239 0.000000
0.422064 0.539744 0.023525 0.013294 0.000019 0.001353 0.000000
0.418193 0.542709 0.024064 0.013601 0.000020 0.001412 0.000000
0.415003 0.545015 0.024555 0.013925 0.000019 0.001483 0.000000
0.404726 0.553789 0.025449 0.014456 0.000020 0.001561 0.000000
0.395801 0.561011 0.026509 0.015004 0.000023 0.001651 0.000000
0.385207 0.569808 0.027577 0.015633 0.000026 0.001749 0.000000
0.382676 0.571274 0.028244 0.015960 0.000027 0.001819 0.000000
0.372831 0.579374 0.029304 0.016545 0.000029 0.001917 0.000000
0.369490 0.581542 0.029980 0.016951 0.000032 0.002006 0.000000
0.360338 0.588986 0.031009 0.017517 0.000033 0.002118 0.000000
0.354497 0.593053 0.032086 0.018115 0.000032 0.002217 0.000000
0.351995 0.594630 0.032629 0.018414 0.000034 0.002296 0.000000
0.342920 0.601800 0.033743 0.019080 0.000037 0.002421 0.000000
0.337563 0.605686 0.034584 0.019576 0.000038 0.002553 0.000000
0.327474 0.613250 0.036096 0.020398 0.000041 0.002741 0.000000
0.319956 0.618846 0.037248 0.021072 0.000044 0.002833 0.000000
0.316466 0.621205 0.037933 0.021441 0.000046 0.002908 0.000000
0.307817 0.626819 0.039684 0.022460 0.000048 0.003172 0.000000
0.302245 0.631049 0.040519 0.022846 0.000048 0.003294 0.000000
0.297215 0.634161 0.041643 0.023467 0.000050 0.003463 0.000000
0.290606 0.638351 0.043153 0.024162 0.000053 0.003675 0.000000
0.284683 0.642616 0.044038 0.024750 0.000059 0.003855 0.000000
0.281068 0.644291 0.045162 0.025400 0.000059 0.004019 0.000000
0.274831 0.647693 0.046842 0.026322 0.000059 0.004253 0.000000
0.273149 0.647612 0.047840 0.026927 0.000065 0.004407 0.000000
0.266002 0.652397 0.049208 0.027707 0.000065 0.004622 0.000000
0.266801 0.650559 0.049766 0.028050 0.000063 0.004760 0.000000
0.259995 0.654897 0.051223 0.028835 0.000065 0.004986 0.000000
0.250121 0.661073 0.053327 0.030089 0.000072 0.005318 0.000000
0.246590 0.662752 0.054442 0.030627 0.000074 0.005515 0.000000
0.245048 0.662877 0.055251 0.031103 0.000080 0.005641 0.000000
0.241125 0.665083 0.056225 0.031629 0.000090 0.005848 0.000000
0.238053 0.665936 0.057543 0.032307 0.000093 0.006068 0.000000
0.229665 0.671114 0.059322 0.033390 0.000101 0.006407 0.000000
0.230465 0.669392 0.059759 0.033707 0.000106 0.006571 0.000000
0.222765 0.673215 0.062003 0.034933 0.000107 0.006977 0.000000
0.212681 0.680018 0.063848 0.036043 0.000109 0.007300 0.000000
0.206788 0.683888 0.065036 0.036679 0.000112 0.007498 0.000000
0.203730 0.684435 0.066379 0.037502 0.000117 0.007838 0.000000
0.198880 0.685854 0.068340 0.038578 0.000113 0.008235 0.000000
0.193735 0.688196 0.069936 0.039436 0.000115 0.008581 0.000000
0.187257 0.692101 0.071478 0.040202 0.000120 0.008843 0.000000
0.188161 0.689980 0.072092 0.040597 0.000124 0.009046 0.000000
0.183423 0.691321 0.074046 0.041634 0.000133 0.009443 0.000000
0.175386 0.696103 0.075841 0.042705 0.000135 0.009830 0.000000
0.178120 0.692774 0.076171 0.042782 0.000134 0.010020 0.000000
0.173513 0.692530 0.078888 0.044329 0.000135 0.010604 0.000000
0.167955 0.695443 0.080296 0.045200 0.000145 0.010961 0.000000
0.170196 0.690881 0.081467 0.045996 0.000147 0.011313 0.000000
0.166583 0.690711 0.083548 0.047107 0.000155 0.011896 0.000000
0.161762 0.692694 0.085055 0.048101 0.000158 0.012230 0.000000
0.165640 0.689403 0.084748 0.047880 0.000155 0.012173 0.000000
0.167462 0.683012 0.087211 0.049214 0.000167 0.012934 0.000000
0.172571 0.677965 0.087027 0.049201 0.000167 0.013068 0.000000
0.171398 0.676490 0.088458 0.050035 0.000172 0.013447 0.000000
0.165587 0.679182 0.090162 0.051019 0.000179 0.013870 0.000000
0.175085 0.670069 0.089846 0.050804 0.000177 0.014019 0.000000
0.165645 0.674883 0.092412 0.052244 0.000185 0.014630 0.000000
0.168764 0.670620 0.092875 0.052545 0.000182 0.015015 0.000000
0.170422 0.667320 0.093841 0.052937 0.000186 0.015294 0.000000
0.166415 0.669083 0.094974 0.053736 0.000188 0.015603 0.000000
0.172319 0.663856 0.094603 0.053413 0.000183 0.015625 0.000000
0.174762 0.659944 0.095266 0.053924 0.000189 0.015915 0.000000
0.161434 0.666993 0.098690 0.055897 0.000200 0.016786 0.000000
0.163312 0.664660 0.098872 0.055926 0.000198 0.017032 0.000000
0.168226 0.659865 0.098657 0.055921 0.000203 0.017129 0.000000
0.159930 0.663804 0.101122 0.057111 0.000210 0.017823 0.000000
0.157912 0.661936 0.103067 0.058319 0.000216 0.018550 0.000000
0.157998 0.662709 0.102646 0.057957 0.000218 0.018473 0.000000
0.147843 0.665620 0.106528 0.060193 0.000236 0.019581 0.000000
0.157856 0.658221 0.104853 0.059333 0.000232 0.019506 0.000000
0.154020 0.659096 0.106419 0.060286 0.000243 0.019937 0.000000
0.140048 0.666262 0.110052 0.062359 0.000251 0.021027 0.000000
0.148849 0.660558 0.108258 0.061356 0.000247 0.020732 0.000000
0.141480 0.662659 0.110987 0.062990 0.000256 0.021627 0.000000
0.134870 0.666422 0.112620 0.063779 0.000258 0.022051 0.000000
0.135751 0.663824 0.113472 0.064243 0.000259 0.022450 0.000000
0.132113 0.663181 0.115666 0.065460 0.000270 0.023310 0.000000
0.131783 0.662455 0.116290 0.065624 0.000279 0.023569 0.000000
0.128813 0.662011 0.117957 0.066678 0.000292 0.024249 0.000000
0.129463 0.658678 0.119446 0.067330 0.000300 0.024783 0.000000
0.131282 0.655814 0.119925 0.067565 0.000305 0.025109 0.000000
0.123818 0.659998 0.121570 0.068586 0.000313 0.025715 0.000000
0.132122 0.651047 0.121777 0.068639 0.000312 0.026104 0.000000
0.125187 0.649435 0.126126 0.071239 0.000330 0.027683 0.000000
0.126714 0.649406 0.125291 0.070751 0.000321 0.027517 0.000000
0.132236 0.644444 0.124931 0.070465 0.000334 0.027591 0.000000
0.129593 0.643799 0.126580 0.071365 0.000338 0.028325 0.000000
0.126031 0.644369 0.128075 0.072302 0.000344 0.028880 0.000000
0.130434 0.637656 0.129206 0.072834 0.000354 0.029516 0.000000
0.125850 0.640288 0.130043 0.073517 0.000361 0.029941 0.000000
0.132505 0.633183 0.129976 0.073374 0.000366 0.030596 0.000000
0.132284 0.632655 0.130406 0.073538 0.000386 0.030732 0.000000
0.129552 0.634127 0.131027 0.073921 0.000381 0.030992 0.000000
0.125486 0.634146 0.132909 0.075143 0.000395 0.031920 0.000000
0.123641 0.635315 0.133160 0.075378 0.000397 0.032109 0.000000
0.118272 0.636580 0.135199 0.076377 0.000408 0.033163 0.000000
0.112495 0.637472 0.137815 0.077814 0.000412 0.033992 0.000000
0.107448 0.639266 0.139289 0.078687 0.000426 0.034883 0.000000
0.110817 0.635830 0.139136 0.078529 0.000437 0.035252 0.000000
0.102158 0.641959 0.140540 0.079318 0.000430 0.035595 0.000000
0.098055 0.641988 0.142608 0.080295 0.000446 0.036608 0.000000
0.090845 0.645083 0.144715 0.081539 0.000451 0.037367 0.000000
0.087506 0.646226 0.145728 0.082112 0.000459 0.037969 0.000000
0.075958 0.647155 0.151209 0.085121 0.000475 0.040082 0.000000
0.079488 0.643739 0.150948 0.084856 0.000479 0.040489 0.000000
0.076224 0.647786 0.150447 0.084724 0.000478 0.040342 0.000000
0.065767 0.647887 0.155780 0.087640 0.000491 0.042434 0.000000
0.064213 0.648867 0.155982 0.087743 0.000486 0.042708 0.000001
0.060146 0.648044 0.158356 0.089145 0.000510 0.043797 0.000001
0.056915 0.647139 0.160317 0.090272 0.000520 0.044835 0.000001
0.055212 0.647200 0.161169 0.090566 0.000527 0.045324 0.000001
0.050767 0.645676 0.163933 0.092165 0.000554 0.046904 0.000001
0.044118 0.644773 0.167518 0.094505 0.000578 0.048507 0.000001
0.044514 0.642078 0.168533 0.095134 0.000582 0.049159 0.000001
0.045183 0.642972 0.167665 0.094518 0.000590 0.049072 0.000001
0.040436 0.640246 0.171287 0.096549 0.000598 0.050883 0.000001
0.036452 0.637143 0.174806 0.098526 0.000627 0.052445 0.000002
0.038718 0.640246 0.172059 0.096959 0.000617 0.051400 0.000001
0.034042 0.634928 0.176855 0.099857 0.000643 0.053673 0.000002
0.034649 0.633945 0.177037 0.099706 0.000647 0.054015 0.000002
0.033417 0.631895 0.178422 0.100620 0.000672 0.054973 0.000001
0.031323 0.628714 0.180973 0.101982 0.000677 0.056329 0.000002
0.031260 0.627760 0.181258 0.102198 0.000697 0.056825 0.000002
0.029953 0.626843 0.182310 0.102816 0.000701 0.057375 0.000001
0.027828 0.621580 0.185640 0.104723 0.000731 0.059497 0.000002
0.028085 0.621717 0.185441 0.104527 0.000726 0.059499 0.000003
0.026627 0.617645 0.187909 0.106035 0.000754 0.061027 0.000003
0.025883 0.615753 0.189149 0.106567 0.000747 0.061898 0.000002
0.025218 0.612933 0.190544 0.107385 0.000751 0.063168 0.000002
0.024211 0.610568 0.192115 0.108195 0.000778 0.064130 0.000003
0.024802 0.610728 0.191324 0.108149 0.000788 0.064206 0.000003
0.023490 0.607457 0.193565 0.109279 0.000807 0.065400 0.000003
0.023234 0.606752 0.193858 0.109508 0.000797 0.065847 0.000003
0.022962 0.604342 0.195038 0.110050 0.000825 0.066781 0.000003
0.021746 0.601791 0.196616 0.111083 0.000831 0.067930 0.000003
0.021983 0.600549 0.196851 0.111247 0.000824 0.068544 0.000002
0.020908 0.596119 0.199195 0.112780 0.000841 0.070153 0.000004
0.020411 0.593520 0.200539 0.113206 0.000853 0.071468 0.000003
0.020079 0.592991 0.201084 0.113522 0.000869 0.071452 0.000003
0.020201 0.591630 0.201158 0.113913 0.000872 0.072223 0.000003
0.019668 0.588643 0.202815 0.114666 0.000891 0.073315 0.000003
0.019736 0.587287 0.202956 0.114880 0.000886 0.074253 0.000003
0.019385 0.584664 0.204201 0.115576 0.000917 0.075255 0.000003
0.018547 0.580657 0.206292 0.116808 0.000931 0.076762 0.000002
0.018982 0.581200 0.205645 0.116362 0.000930 0.076880 0.000002
0.018112 0.576986 0.207846 0.117668 0.000950 0.078435 0.000003
0.019118 0.574952 0.208213 0.117746 0.000970 0.078998 0.000003
0.029420 0.566917 0.206801 0.117058 0.000975 0.078825 0.000003
0.029830 0.562643 0.208273 0.117899 0.001012 0.080339 0.000003
0.032494 0.560922 0.207747 0.117396 0.001002 0.080435 0.000003
0.031746 0.557025 0.209469 0.118478 0.001028 0.082252 0.000003
0.035458 0.553443 0.209180 0.118459 0.001036 0.082422 0.000003
0.038815 0.552993 0.207806 0.117543 0.001001 0.081840 0.000002
0.035971 0.551931 0.209364 0.118358 0.001014 0.083361 0.000003
0.042055 0.545369 0.209332 0.118331 0.001038 0.083871 0.000003
0.048769 0.538892 0.208656 0.118148 0.001045 0.084488 0.000003
0.045605 0.538960 0.210157 0.118735 0.001027 0.085513 0.000003
0.055470 0.532628 0.208318 0.117769 0.001041 0.084771 0.000004
0.057482 0.526700 0.209323 0.118381 0.001066 0.087045 0.000004
0.062079 0.527006 0.207102 0.117076 0.001051 0.085682 0.000004
0.064933 0.522911 0.207367 0.117123 0.001042 0.086620 0.000004
0.067736 0.520541 0.206698 0.116837 0.001066 0.087119 0.000003
0.069937 0.517783 0.206612 0.116859 0.001068 0.087738 0.000004
0.076379 0.518031 0.203271 0.114959 0.001065 0.086294 0.000003
0.070194 0.514783 0.207179 0.117209 0.001100 0.089533 0.000003
0.076924 0.514917 0.203848 0.115333 0.001087 0.087887 0.000003
0.069635 0.515013 0.207128 0.117113 0.001104 0.090004 0.000004
0.065855 0.517764 0.207290 0.117294 0.001122 0.090671 0.000004
0.067812 0.516151 0.206936 0.116892 0.001131 0.091075 0.000003
0.069204 0.514975 0.206380 0.116597 0.001126 0.091714 0.000004
0.066631 0.517488 0.206159 0.116653 0.001124 0.091943 0.000004
0.059215 0.519882 0.208563 0.117886 0.001144 0.093305 0.000005
0.056213 0.518477 0.210306 0.118707 0.001142 0.095153 0.000003
0.051565 0.518075 0.212098 0.119907 0.001193 0.097158 0.000004
0.049786 0.520625 0.211900 0.119653 0.001176 0.096858 0.000003
0.047618 0.520539 0.212539 0.120191 0.001183 0.097926 0.000004
0.042227 0.520010 0.215206 0.121597 0.001211 0.099746 0.000003
0.037614 0.520271 0.217152 0.122518 0.001240 0.101200 0.000004
0.032615 0.517794 0.220383 0.124335 0.001242 0.103627 0.000004
0.032297 0.517877 0.220239 0.124456 0.001258 0.103869 0.000004
0.033401 0.517478 0.219542 0.123970 0.001266 0.104339 0.000004
0.029001 0.516342 0.221974 0.125529 0.001295 0.105855 0.000004
0.026141 0.511968 0.224848 0.127098 0.001316 0.108625 0.000004
0.025970 0.511762 0.224901 0.127129 0.001332 0.108901 0.000004
0.024598 0.511261 0.225505 0.127458 0.001342 0.109831 0.000005
0.023452 0.506917 0.227327 0.128630 0.001364 0.112303 0.000007
0.020779 0.506309 0.229059 0.129525 0.001362 0.112960 0.000005
0.021771 0.507266 0.227875 0.128770 0.001364 0.112950 0.000004
0.018187 0.501811 0.231787 0.131025 0.001404 0.115781 0.000005
0.020076 0.504101 0.229774 0.129802 0.001387 0.114853 0.000006
0.019470 0.498597 0.231645 0.131138 0.001421 0.117724 0.000005
0.018550 0.498943 0.232163 0.131220 0.001420 0.117697 0.000007
0.017180 0.496826 0.233551 0.131833 0.001434 0.119169 0.000006
0.015788 0.490974 0.236195 0.133397 0.001477 0.122162 0.000007
0.016201 0.491698 0.235650 0.132864 0.001451 0.122129 0.000007
0.015500 0.489698 0.236581 0.133384 0.001483 0.123346 0.000008
0.016140 0.491448 0.235400 0.132899 0.001476 0.122630 0.000007
0.014865 0.487738 0.237389 0.133900 0.001513 0.124587 0.000008
0.013981 0.482381 0.239621 0.135276 0.001533 0.127202 0.000006
0.014000 0.483081 0.239105 0.135029 0.001531 0.127249 0.000005
0.013212 0.479235 0.240740 0.135954 0.001557 0.129295 0.000006
0.014011 0.480792 0.239426 0.135088 0.001542 0.129135 0.000007
0.013166 0.477624 0.241169 0.135955 0.001582 0.130497 0.000007
0.012915 0.474014 0.242331 0.136604 0.001598 0.132529 0.000009
0.012572 0.472576 0.243116 0.136861 0.001616 0.133251 0.000008
0.012317 0.470004 0.243795 0.137416 0.001622 0.134838 0.000007
0.012099 0.468433 0.244354 0.137908 0.001645 0.135554 0.000008
0.012060 0.468212 0.244376 0.137872 0.001651 0.135818 0.000011
0.012203 0.465478 0.244900 0.138039 0.001673 0.137697 0.000010
0.012033 0.466239 0.244604 0.138055 0.001663 0.137395 0.000010
0.011876 0.463537 0.245354 0.138550 0.001684 0.138988 0.000010
0.011617 0.461605 0.246452 0.138991 0.001698 0.139626 0.000011
0.011520 0.459075 0.246794 0.139376 0.001716 0.141510 0.000009
0.011338 0.456274 0.247543 0.139934 0.001757 0.143143 0.000011
0.011102 0.454168 0.248471 0.140351 0.001748 0.144148 0.000012
0.010845 0.451530 0.249410 0.140823 0.001776 0.145604 0.000012
0.011097 0.452998 0.248491 0.140419 0.001750 0.145233 0.000011
0.010752 0.449894 0.249615 0.140835 0.001786 0.147107 0.000011
0.010773 0.448442 0.249978 0.141211 0.001773 0.147811 0.000012
0.010660 0.446873 0.250272 0.141459 0.001803 0.148922 0.000011
0.010702 0.444106 0.250718 0.141640 0.001823 0.150998 0.000013
0.010430 0.444424 0.251118 0.141700 0.001803 0.150515 0.000011
0.010427 0.441856 0.251728 0.141944 0.001829 0.152202 0.000013
0.010333 0.438723 0.252503 0.142717 0.001843 0.153869 0.000012
0.010394 0.440164 0.251901 0.142183 0.001827 0.153519 0.000011
0.009906 0.434401 0.253770 0.143544 0.001888 0.156478 0.000012
0.010024 0.434049 0.253512 0.143267 0.001909 0.157225 0.000014
0.010079 0.433026 0.253605 0.143441 0.001903 0.157933 0.000014
0.009965 0.432628 0.253693 0.143546 0.001921 0.158233 0.000014
0.009951 0.431288 0.254042 0.143732 0.001930 0.159043 0.000014
0.009913 0.428726 0.254651 0.144087 0.001935 0.160671 0.000016
0.009677 0.426483 0.255316 0.144439 0.001956 0.162114 0.000015
0.009680 0.424839 0.255395 0.144327 0.001975 0.163767 0.000017
0.009616 0.423841 0.255800 0.144691 0.001984 0.164052 0.000017
0.009751 0.423256 0.255512 0.144586 0.002004 0.164873 0.000019
0.009724 0.421353 0.256143 0.144854 0.001999 0.165909 0.000018
0.009685 0.422433 0.255915 0.144762 0.001999 0.165191 0.000015
0.009536 0.418126 0.256917 0.145337 0.002039 0.168028 0.000018
0.009596 0.416779 0.256824 0.145428 0.002037 0.169316 0.000020
0.009638 0.416170 0.257090 0.145406 0.002049 0.169628 0.000018
0.009337 0.411631 0.258452 0.146311 0.002080 0.172169 0.000020
0.009393 0.412416 0.257901 0.146101 0.002061 0.172108 0.000020
0.009332 0.410085 0.258277 0.146479 0.002096 0.173712 0.000019
0.009293 0.409160 0.258547 0.146549 0.002101 0.174330 0.000020
0.009330 0.410199 0.258261 0.145990 0.002051 0.174145 0.000024
0.009054 0.404064 0.259713 0.147327 0.002135 0.177687 0.000021
0.008982 0.402278 0.260317 0.147526 0.002120 0.178756 0.000021
0.009226 0.403534 0.259469 0.146964 0.002116 0.178667 0.000023
0.009129 0.401826 0.260199 0.147328 0.002172 0.179324 0.000021
0.009060 0.399582 0.260414 0.147721 0.002173 0.181027 0.000024
0.008853 0.396127 0.261516 0.148281 0.002209 0.182992 0.000022
0.009033 0.396508 0.260916 0.148040 0.002208 0.183272 0.000023
0.008948 0.394907 0.261319 0.148095 0.002211 0.184498 0.000022
0.009011 0.395088 0.261244 0.148141 0.002204 0.184290 0.000022
0.008888 0.391821 0.261743 0.148580 0.002243 0.186703 0.000022
0.008880 0.390504 0.262166 0.148672 0.002226 0.187531 0.000021
0.008818 0.389403 0.262306 0.148656 0.002252 0.188541 0.000024
0.008879 0.388118 0.262311 0.148650 0.002286 0.189730 0.000025
0.008853 0.386899 0.262378 0.148821 0.002288 0.190734 0.000027
0.008861 0.384945 0.262811 0.149065 0.002311 0.191982 0.000024
0.008857 0.384897 0.262660 0.149049 0.002306 0.192206 0.000024
0.008749 0.381288 0.263439 0.149358 0.002357 0.194783 0.000026
0.008758 0.382645 0.263059 0.149163 0.002319 0.194026 0.000030
0.008805 0.380554 0.263349 0.149385 0.002355 0.195522 0.000030
0.008635 0.376974 0.264464 0.149816 0.002403 0.197677 0.000031
0.008684 0.376183 0.263978 0.149604 0.002395 0.199121 0.000035
0.008693 0.376509 0.263899 0.149647 0.002370 0.198847 0.000036
0.008741 0.377474 0.263631 0.149289 0.002370 0.198464 0.000030
0.008610 0.373276 0.264531 0.150042 0.002431 0.201079 0.000031
0.008691 0.371955 0.264248 0.150130 0.002428 0.202514 0.000034
0.008696 0.372180 0.264287 0.149774 0.002410 0.202622 0.000031
0.008591 0.369063 0.265244 0.150345 0.002429 0.204296 0.000032
0.008516 0.366124 0.265777 0.150386 0.002460 0.206705 0.000031
0.008518 0.365704 0.265580 0.150441 0.002469 0.207252 0.000036
0.008571 0.364477 0.265399 0.150565 0.002478 0.208472 0.000037
0.008509 0.362554 0.265999 0.150754 0.002485 0.209666 0.000033
0.008555 0.363661 0.265357 0.150392 0.002472 0.209525 0.000037
0.008521 0.360853 0.265998 0.150764 0.002531 0.211298 0.000035
0.008461 0.359074 0.266075 0.150939 0.002554 0.212863 0.000036
0.008427 0.358129 0.266315 0.151012 0.002556 0.213525 0.000037
0.008543 0.358654 0.265988 0.150810 0.002546 0.213424 0.000035
0.008457 0.354251 0.266843 0.151289 0.002562 0.216557 0.000040
0.008471 0.354560 0.266755 0.151199 0.002558 0.216420 0.000036
0.008467 0.353995 0.266835 0.151192 0.002589 0.216882 0.000040
0.008448 0.351033 0.267139 0.151196 0.002571 0.219578 0.000037
0.008469 0.350470 0.267003 0.151162 0.002599 0.220257 0.000040
0.008439 0.348331 0.267386 0.151491 0.002617 0.221695 0.000040
0.008437 0.347375 0.267399 0.151407 0.002632 0.222713 0.000037
0.008375 0.344568 0.267881 0.152086 0.002648 0.224401 0.000040
0.008406 0.343760 0.267767 0.151938 0.002636 0.225456 0.000036
0.008408 0.343135 0.267992 0.151979 0.002637 0.225807 0.000042
0.008407 0.344365 0.267873 0.151438 0.002618 0.225259 0.000041
0.008414 0.340267 0.268180 0.151756 0.002695 0.228644 0.000044
0.008440 0.339790 0.268241 0.151834 0.002673 0.228978 0.000043
0.008434 0.338772 0.268162 0.151776 0.002704 0.230111 0.000041
0.008415 0.336621 0.268329 0.151797 0.002723 0.232073 0.000042
0.008345 0.334706 0.268720 0.152307 0.002737 0.233143 0.000042
0.008379 0.334340 0.268617 0.152140 0.002748 0.233729 0.000047
0.008438 0.335298 0.268227 0.151545 0.002720 0.233724 0.000049
0.008399 0.334657 0.268399 0.151773 0.002752 0.233977 0.000044
0.008399 0.332786 0.268442 0.151967 0.002769 0.235588 0.000047
0.008343 0.330238 0.268750 0.151889 0.002803 0.237932 0.000046
0.008378 0.330025 0.268883 0.151810 0.002780 0.238080 0.000044
0.008375 0.327933 0.268621 0.152108 0.002806 0.240110 0.000047
0.008392 0.326054 0.269010 0.152251 0.002850 0.241395 0.000048
0.008370 0.326094 0.268918 0.151885 0.002853 0.241833 0.000047
0.008412 0.325567 0.268804 0.152111 0.002858 0.242199 0.000050
0.008437 0.322936 0.269043 0.152121 0.002874 0.244538 0.000050
0.008374 0.322172 0.269475 0.152150 0.002905 0.244877 0.000048
0.008380 0.320878 0.269563 0.152299 0.002924 0.245907 0.000049
0.008410 0.320283 0.269318 0.152165 0.002945 0.246831 0.000049
0.008417 0.319032 0.269300 0.152062 0.002947 0.248191 0.000051
0.008393 0.318085 0.269468 0.152176 0.002939 0.248888 0.000051
0.008374 0.316834 0.269356 0.152265 0.002951 0.250167 0.000053
0.008348 0.315610 0.269561 0.152124 0.002964 0.251340 0.000053
0.008324 0.313951 0.269756 0.152219 0.002972 0.252725 0.000054
0.008318 0.312088 0.269891 0.152276 0.003008 0.254365 0.000054
0.008296 0.311675 0.269619 0.152199 0.003002 0.255154 0.000055
0.008329 0.312817 0.269375 0.151906 0.002979 0.254538 0.000056
0.008309 0.310391 0.269604 0.151954 0.003011 0.256674 0.000058
0.008353 0.310878 0.269470 0.151869 0.003007 0.256365 0.000058
0.008334 0.307296 0.269474 0.152129 0.003066 0.259638 0.000064
0.008346 0.308430 0.269182 0.151889 0.003042 0.259052 0.000059
0.008268 0.306718 0.269251 0.152128 0.003080 0.260492 0.000063
0.008320 0.305290 0.269422 0.152145 0.003115 0.261650 0.000058
0.008309 0.305213 0.269284 0.152074 0.003091 0.261971 0.000058
0.008361 0.303342 0.269241 0.152104 0.003087 0.263807 0.000058
0.008298 0.301382 0.269349 0.152078 0.003111 0.265725 0.000058
0.008325 0.299440 0.269620 0.152184 0.003139 0.267231 0.000061
0.008353 0.299264 0.269801 0.152053 0.003141 0.267325 0.000062
0.008300 0.299108 0.269597 0.152202 0.003141 0.267588 0.000064
0.008287 0.295726 0.269680 0.152227 0.003178 0.270833 0.000069
0.008377 0.298450 0.269452 0.151865 0.003165 0.268623 0.000069
0.008357 0.297157 0.269336 0.152042 0.003172 0.269866 0.000070
0.008306 0.292420 0.269611 0.152060 0.003206 0.274326 0.000071
0.008342 0.293575 0.269288 0.152084 0.003181 0.273460 0.000070
0.008380 0.291179 0.269237 0.152013 0.003225 0.275898 0.000068
0.008387 0.291837 0.269150 0.151707 0.003228 0.275625 0.000068
0.008381 0.289993 0.269177 0.152079 0.003255 0.277046 0.000068
0.008361 0.288704 0.269125 0.151879 0.003239 0.278622 0.000071
0.008416 0.289585 0.269294 0.151846 0.003296 0.277495 0.000068
0.008402 0.288252 0.269311 0.151718 0.003266 0.278983 0.000068
0.008426 0.287393 0.269169 0.151932 0.003317 0.279694 0.000069
0.008385 0.285266 0.268811 0.151948 0.003310 0.282207 0.000073
0.008453 0.284822 0.269202 0.152000 0.003284 0.282167 0.000073
0.008513 0.284294 0.268627 0.151646 0.003289 0.283559 0.000072
0.008517 0.282974 0.268476 0.151544 0.003326 0.285091 0.000072
0.008532 0.281674 0.268453 0.151703 0.003339 0.286224 0.000074
0.008576 0.279860 0.268326 0.151746 0.003374 0.288044 0.000074
0.008632 0.279769 0.268616 0.151663 0.003356 0.287894 0.000071
0.008654 0.278847 0.268356 0.151558 0.003347 0.289164 0.000074
0.008621 0.277839 0.268353 0.151434 0.003393 0.290282 0.000077
0.008633 0.276369 0.268233 0.151284 0.003395 0.292013 0.000074
0.008663 0.277142 0.268105 0.151629 0.003402 0.290987 0.000073
0.008699 0.275094 0.268228 0.151590 0.003406 0.292911 0.000072
0.008736 0.273710 0.268008 0.151297 0.003438 0.294738 0.000072
0.008682 0.272394 0.268210 0.151477 0.003431 0.295728 0.000080
0.008734 0.270571 0.267882 0.151300 0.003467 0.297966 0.000079
0.008779 0.269661 0.267757 0.151062 0.003488 0.299176 0.000077
0.008786 0.269684 0.267514 0.151131 0.003455 0.299350 0.000081
0.008836 0.269974 0.267707 0.150813 0.003449 0.299140 0.000079
0.008805 0.266854 0.267592 0.151002 0.003484 0.302182 0.000080
0.008792 0.267279 0.267307 0.150829 0.003485 0.302230 0.000077
0.008817 0.264008 0.267412 0.150896 0.003551 0.305240 0.000076
0.008852 0.265699 0.267140 0.150796 0.003511 0.303921 0.000081
0.008848 0.265428 0.267049 0.150876 0.003509 0.304214 0.000077
0.008867 0.262836 0.267004 0.150767 0.003572 0.306872 0.000083
0.008872 0.261324 0.266924 0.150693 0.003579 0.308532 0.000076
0.008896 0.259777 0.266940 0.150427 0.003603 0.310276 0.000081
0.008900 0.258600 0.266617 0.150581 0.003603 0.311616 0.000083
0.008913 0.260264 0.266609 0.150456 0.003584 0.310092 0.000082
0.008940 0.258509 0.266532 0.150528 0.003602 0.311805 0.000085
0.008968 0.257899 0.266443 0.150625 0.003596 0.312387 0.000082
0.008987 0.256436 0.266279 0.150435 0.003610 0.314168 0.000085
0.009023 0.257847 0.266391 0.150458 0.003610 0.312587 0.000085
0.008969 0.255218 0.266286 0.150263 0.003624 0.315554 0.000086
0.009041 0.255220 0.266065 0.150025 0.003634 0.315926 0.000088
0.009064 0.253447 0.265765 0.150022 0.003678 0.317937 0.000087
0.009067 0.253055 0.265864 0.149889 0.003666 0.318374 0.000085
0.009107 0.251494 0.265531 0.149885 0.003717 0.320181 0.000085
0.009102 0.251132 0.265484 0.149858 0.003691 0.320642 0.000090
0.009129 0.250314 0.265328 0.149771 0.003708 0.321667 0.000082
0.009144 0.249094 0.264986 0.149528 0.003742 0.323420 0.000085
0.009191 0.250549 0.265077 0.149609 0.003682 0.321806 0.000086
0.009168 0.247964 0.264823 0.149326 0.003724 0.324908 0.000088
0.009159 0.247518 0.264687 0.149408 0.003711 0.325431 0.000086
0.009179 0.246254 0.264468 0.149324 0.003753 0.326936 0.000086
0.009233 0.246215 0.264597 0.149201 0.003757 0.326904 0.000092
0.009212 0.244279 0.264208 0.149211 0.003800 0.329203 0.000087
0.009269 0.244849 0.264131 0.149187 0.003755 0.328718 0.000091
0.009295 0.242260 0.264270 0.149018 0.003789 0.331276 0.000093
0.009335 0.242489 0.263804 0.149050 0.003769 0.331462 0.000090
0.009295 0.241080 0.264083 0.148932 0.003835 0.332686 0.000088
0.009358 0.240054 0.263647 0.148669 0.003811 0.334370 0.000091
0.009337 0.240255 0.263418 0.148686 0.003804 0.334407 0.000092
0.009340 0.239009 0.263575 0.148732 0.003812 0.335441 0.000092
0.009378 0.238376 0.263639 0.148587 0.003857 0.336074 0.000091
0.009390 0.238155 0.263287 0.148475 0.003818 0.336792 0.000084
0.009405 0.237250 0.263227 0.148480 0.003840 0.337708 0.000090
0.009430 0.235427 0.262711 0.148230 0.003889 0.340222 0.000091
0.009457 0.234898 0.262753 0.148136 0.003866 0.340803 0.000088
0.009408 0.236064 0.262860 0.148072 0.003838 0.339671 0.000087
0.009468 0.233191 0.262489 0.147939 0.003893 0.342930 0.000090
0.009458 0.232400 0.262226 0.147855 0.003876 0.344094 0.000092
0.009456 0.232145 0.262052 0.148015 0.003913 0.344326 0.000092
0.009473 0.233324 0.262258 0.147986 0.003874 0.342992 0.000094
0.009483 0.231829 0.261920 0.147547 0.003876 0.345251 0.000093
0.009473 0.230212 0.261700 0.147569 0.003906 0.347047 0.000092
0.009495 0.229336 0.261508 0.147364 0.003913 0.348293 0.000092
0.009525 0.227524 0.261223 0.147269 0.003950 0.350413 0.000095
0.009650 0.226069 0.260764 0.147166 0.003991 0.352262 0.000098
0.009607 0.226375 0.261029 0.147179 0.003967 0.351750 0.000094
0.009586 0.225566 0.260444 0.146895 0.003997 0.353417 0.000096
0.009551 0.226092 0.260454 0.146927 0.003983 0.352900 0.000094
0.009643 0.224889 0.260267 0.146922 0.003980 0.354199 0.000100
0.009681 0.222188 0.259939 0.146614 0.004026 0.357452 0.000101
0.009588 0.223083 0.260216 0.146525 0.003984 0.356500 0.000104
0.009709 0.221485 0.259808 0.146375 0.003989 0.358529 0.000104
0.009683 0.221154 0.259518 0.146382 0.004051 0.359108 0.000103
0.009718 0.220996 0.259377 0.146157 0.004083 0.359565 0.000104
0.009716 0.219551 0.259041 0.145874 0.004070 0.361648 0.000100
0.009745 0.218688 0.258891 0.145758 0.004086 0.362735 0.000097
0.009757 0.218699 0.258734 0.145891 0.004037 0.362774 0.000108
0.009827 0.217697 0.258420 0.145935 0.004056 0.363957 0.000108
0.009747 0.218039 0.258638 0.145803 0.004070 0.363594 0.000109
0.009899 0.215401 0.257542 0.145579 0.004088 0.367383 0.000108
0.009892 0.215851 0.257556 0.145553 0.004068 0.366967 0.000112
0.009935 0.216164 0.257735 0.145418 0.004123 0.366513 0.000112
0.009907 0.215538 0.257751 0.145358 0.004113 0.367221 0.000112
0.009945 0.212157 0.256887 0.145078 0.004122 0.371700 0.000111
0.010010 0.213562 0.256849 0.145186 0.004112 0.370175 0.000107
0.009954 0.212620 0.257072 0.144953 0.004146 0.371141 0.000113
0.009924 0.212572 0.256726 0.145057 0.004176 0.371427 0.000118
0.009969 0.210325 0.256425 0.144890 0.004152 0.374126 0.000113
0.010102 0.210574 0.256320 0.144425 0.004151 0.374318 0.000110
0.010067 0.210333 0.256144 0.144597 0.004174 0.374569 0.000117
0.010074 0.209747 0.255942 0.144368 0.004176 0.375579 0.000114
0.010092 0.208650 0.255667 0.144220 0.004194 0.377061 0.000115
0.010112 0.207603 0.255321 0.144124 0.004186 0.378535 0.000119
0.010139 0.207477 0.255157 0.143977 0.004185 0.378949 0.000115
0.010204 0.207496 0.255127 0.143924 0.004220 0.378912 0.000117
0.010229 0.205037 0.254541 0.143670 0.004185 0.382221 0.000116
0.010195 0.207122 0.255320 0.143926 0.004215 0.379107 0.000115
0.010246 0.205096 0.254531 0.143549 0.004241 0.382216 0.000120
0.010325 0.204645 0.254087 0.143562 0.004225 0.383035 0.000120
0.010335 0.204325 0.254422 0.143581 0.004220 0.382991 0.000126
0.010387 0.202440 0.253696 0.143085 0.004249 0.386020 0.000124
0.010450 0.202956 0.253522 0.143236 0.004256 0.385451 0.000130
0.010471 0.201147 0.252995 0.142869 0.004274 0.388126 0.000118
0.010478 0.201310 0.253274 0.142846 0.004278 0.387686 0.000128
0.010586 0.200627 0.252771 0.142731 0.004283 0.388873 0.000129
0.010636 0.199528 0.252503 0.142494 0.004275 0.390436 0.000127
0.010655 0.199054 0.252316 0.142284 0.004328 0.391237 0.000127
0.010658 0.199227 0.251990 0.142337 0.004299 0.391360 0.000130
0.010676 0.198832 0.251969 0.142303 0.004321 0.391771 0.000129
0.010638 0.197827 0.251806 0.142235 0.004341 0.393019 0.000134
0.010697 0.196154 0.251440 0.141777 0.004325 0.395482 0.000125
0.010672 0.196408 0.251410 0.141915 0.004338 0.395133 0.000123
0.010748 0.195088 0.251028 0.141659 0.004368 0.396978 0.000131
0.010842 0.195218 0.251096 0.141510 0.004360 0.396846 0.000128
0.010797 0.194217 0.250609 0.141241 0.004373 0.398636 0.000128
0.010838 0.194529 0.250746 0.141376 0.004373 0.398008 0.000130
0.010850 0.193511 0.250178 0.141168 0.004424 0.399741 0.000129
0.010849 0.192780 0.249978 0.140860 0.004461 0.400940 0.000132
0.010926 0.191110 0.249343 0.140677 0.004443 0.403372 0.000129
0.010903 0.190823 0.249307 0.140572 0.004456 0.403809 0.000129
0.010969 0.190581 0.249179 0.140591 0.004449 0.404100 0.000131
0.010957 0.191065 0.248915 0.140605 0.004452 0.403875 0.000131
0.011024 0.189997 0.248902 0.140369 0.004456 0.405115 0.000137
0.010995 0.189777 0.248793 0.140332 0.004460 0.405511 0.000132
0.011068 0.188359 0.248147 0.140070 0.004529 0.407684 0.000143
0.011037 0.188103 0.247834 0.139875 0.004506 0.408504 0.000142
0.011097 0.187542 0.247543 0.139960 0.004489 0.409222 0.000146
0.011055 0.186869 0.247536 0.139853 0.004533 0.410019 0.000135
0.011162 0.185946 0.247137 0.139343 0.004531 0.411736 0.000145
0.011183 0.185486 0.246808 0.139335 0.004551 0.412494 0.000143
0.011190 0.185514 0.246475 0.139247 0.004553 0.412878 0.000143
0.011322 0.184271 0.246174 0.138987 0.004551 0.414557 0.000138
0.011340 0.183562 0.245774 0.138958 0.004591 0.415629 0.000146
0.011336 0.184315 0.245931 0.139006 0.004642 0.414623 0.000147
0.011361 0.182300 0.245561 0.138793 0.004589 0.417240 0.000156
0.011348 0.183056 0.245710 0.138931 0.004527 0.416277 0.000150
0.011437 0.181362 0.245061 0.138382 0.004600 0.419011 0.000147
0.011437 0.180338 0.244489 0.138243 0.004624 0.420723 0.000145
0.011478 0.180643 0.244544 0.138242 0.004589 0.420353 0.000151
0.011555 0.180444 0.244476 0.138176 0.004625 0.420570 0.000154
0.011450 0.180756 0.244319 0.138074 0.004646 0.420607 0.000148
0.011578 0.178667 0.243888 0.137613 0.004681 0.423414 0.000158
0.011611 0.178651 0.243433 0.137658 0.004650 0.423846 0.000151
0.011583 0.178308 0.243454 0.137388 0.004668 0.424448 0.000152
0.011669 0.178542 0.243446 0.137481 0.004682 0.424025 0.000156
0.011798 0.176435 0.242470 0.137228 0.004710 0.427195 0.000165
0.011888 0.176283 0.242376 0.137013 0.004676 0.427604 0.000159
0.011869 0.176710 0.242330 0.137024 0.004703 0.427205 0.000158
0.011835 0.176167 0.242230 0.136807 0.004695 0.428110 0.000155
0.011949 0.174930 0.241387 0.136602 0.004693 0.430277 0.000162
0.011906 0.175872 0.241899 0.136665 0.004685 0.428816 0.000156
0.011963 0.174456 0.241219 0.136434 0.004680 0.431087 0.000161
0.011959 0.174211 0.241170 0.136546 0.004645 0.431303 0.000166
0.011992 0.173286 0.240737 0.135863 0.004671 0.433291 0.000160
0.011964 0.173660 0.240796 0.135821 0.004728 0.432862 0.000168
0.011994 0.172556 0.240565 0.135673 0.004719 0.434321 0.000171
0.012089 0.171576 0.239952 0.135673 0.004776 0.435762 0.000172
0.012104 0.171059 0.239683 0.135467 0.004751 0.436766 0.000171
0.012200 0.170668 0.239245 0.135372 0.004759 0.437581 0.000175
0.012196 0.170658 0.239554 0.135192 0.004701 0.437520 0.000180
0.012277 0.170063 0.239067 0.135020 0.004772 0.438632 0.000169
0.012302 0.168624 0.238436 0.134464 0.004746 0.441245 0.000183
0.012320 0.169104 0.238621 0.134524 0.004750 0.440507 0.000175
0.012343 0.168547 0.238120 0.134643 0.004771 0.441400 0.000175
0.012403 0.167920 0.238060 0.134395 0.004749 0.442288 0.000184
0.012408 0.167476 0.237561 0.134181 0.004776 0.443420 0.000178
0.012483 0.166117 0.237297 0.133826 0.004830 0.445265 0.000181
0.012481 0.166973 0.237341 0.134153 0.004830 0.444039 0.000182
0.012552 0.165923 0.237093 0.133709 0.004789 0.445757 0.000177
0.012570 0.165694 0.236882 0.133586 0.004815 0.446261 0.000193
0.012692 0.164612 0.236488 0.133408 0.004828 0.447785 0.000187
0.012738 0.164398 0.236027 0.133439 0.004815 0.448389 0.000193
0.012759 0.164267 0.235914 0.133254 0.004800 0.448816 0.000190
0.012809 0.162884 0.235460 0.132704 0.004829 0.451124 0.000190
0.012743 0.163205 0.235531 0.132820 0.004827 0.450683 0.000190
0.012823 0.162869 0.234978 0.132824 0.004828 0.451483 0.000194
0.012891 0.162156 0.234823 0.132684 0.004851 0.452402 0.000193
0.012853 0.162429 0.234831 0.132549 0.004835 0.452316 0.000188
0.013012 0.161146 0.234045 0.132083 0.004817 0.454703 0.000194
0.013030 0.161378 0.233933 0.132018 0.004867 0.454584 0.000191
0.012973 0.161366 0.233782 0.131956 0.004834 0.454897 0.000192
0.013067 0.160319 0.233599 0.131772 0.004929 0.456121 0.000193
0.013040 0.159374 0.233208 0.131547 0.004889 0.457751 0.000190
0.013068 0.159392 0.232616 0.131482 0.004909 0.458340 0.000193
0.013110 0.158710 0.232374 0.131272 0.004912 0.459428 0.000194
0.013106 0.159373 0.232757 0.131432 0.004931 0.458203 0.000199
0.013174 0.157725 0.232090 0.130851 0.004939 0.461030 0.000192
0.013148 0.158364 0.232061 0.130929 0.004888 0.460417 0.000194
0.013186 0.157331 0.231734 0.130701 0.004955 0.461897 0.000196
0.013263 0.156631 0.231402 0.130199 0.004939 0.463372 0.000193
0.013329 0.155295 0.230732 0.129924 0.004950 0.465577 0.000193
0.013343 0.156431 0.231038 0.130382 0.004962 0.463640 0.000202
0.013385 0.155661 0.230649 0.130214 0.004964 0.464929 0.000198
0.013481 0.154889 0.230487 0.129937 0.004976 0.466037 0.000193
0.013424 0.154705 0.230328 0.129828 0.004976 0.466542 0.000196
0.013504 0.154001 0.229703 0.129631 0.004977 0.467988 0.000197
0.013505 0.153609 0.229624 0.129438 0.004942 0.468676 0.000205
0.013560 0.153773 0.229396 0.129403 0.004955 0.468713 0.000200
0.013624 0.153365 0.229480 0.129369 0.004936 0.469028 0.000198
0.013666 0.152937 0.228738 0.128929 0.004987 0.470544 0.000198
0.013757 0.152339 0.228205 0.128876 0.005032 0.471588 0.000204
0.013813 0.151294 0.227649 0.128487 0.005006 0.473549 0.000204
0.013805 0.151591 0.228187 0.128556 0.004999 0.472652 0.000210
0.013819 0.150951 0.228084 0.128387 0.004990 0.473559 0.000209
0.013868 0.150147 0.227571 0.127985 0.005035 0.475187 0.000208
0.013839 0.150557 0.227444 0.128098 0.005016 0.474838 0.000208
0.014001 0.149709 0.226971 0.127897 0.004977 0.476247 0.000199
0.013991 0.149345 0.226390 0.127542 0.004990 0.477535 0.000207
0.013985 0.149233 0.226332 0.127540 0.005032 0.477678 0.000200
0.014022 0.149352 0.226312 0.127500 0.005056 0.477551 0.000207
0.014148 0.148262 0.225619 0.127007 0.005075 0.479681 0.000209
0.014146 0.148917 0.225825 0.127232 0.005081 0.478582 0.000216
0.014206 0.147728 0.225052 0.126732 0.005089 0.480981 0.000211
0.014307 0.147299 0.225099 0.126652 0.005117 0.481314 0.000212
0.014260 0.147392 0.224907 0.126883 0.005118 0.481222 0.000219
0.014271 0.147282 0.224924 0.126611 0.005100 0.481593 0.000219
0.014346 0.146418 0.224369 0.126478 0.005127 0.483053 0.000209
0.014355 0.146332 0.223944 0.126378 0.005138 0.483637 0.000216
0.014419 0.145387 0.223657 0.126046 0.005127 0.485151 0.000213
0.014442 0.144984 0.223255 0.125774 0.005108 0.486222 0.000215
0.014508 0.144841 0.223315 0.125724 0.005103 0.486288 0.000221
0.014501 0.144150 0.223080 0.125461 0.005140 0.487444 0.000224
0.014540 0.144279 0.222385 0.125190 0.005123 0.488266 0.000216
0.014711 0.143239 0.222240 0.124971 0.005118 0.489494 0.000228
0.014672 0.143291 0.221925 0.124985 0.005103 0.489795 0.000227
0.014715 0.142836 0.221537 0.124970 0.005167 0.490548 0.000226
0.014737 0.142767 0.221430 0.124720 0.005111 0.491008 0.000227
0.014874 0.141635 0.220391 0.124134 0.005178 0.493568 0.000219
0.014852 0.142363 0.220799 0.124591 0.005138 0.492027 0.000230
0.014965 0.141342 0.220280 0.124360 0.005190 0.493643 0.000221
0.015027 0.141097 0.220154 0.124027 0.005169 0.494297 0.000230
0.015079 0.140322 0.219456 0.123855 0.005183 0.495886 0.000219
0.015153 0.140530 0.219663 0.123848 0.005227 0.495353 0.000225
0.015006 0.140541 0.219661 0.123657 0.005204 0.495708 0.000224
0.015114 0.139855 0.219117 0.123532 0.005233 0.496930 0.000219
0.015109 0.139415 0.219045 0.123327 0.005236 0.497638 0.000230
