0.990720 0.009062 0.000121 0.000096 0.000000 0.000001 0.000000
0.859503 0.135915 0.002828 0.001658 0.000002 0.000093 0.000000
0.601266 0.379387 0.011887 0.006883 0.000009 0.000569 0.000000
0.370603 0.579716 0.030172 0.017295 0.000032 0.002183 0.000000
0.254264 0.649458 0.057272 0.032590 0.000078 0.006337 0.000000
0.148431 0.692796 0.091940 0.051975 0.000188 0.014670 0.000000
0.074037 0.682959 0.136248 0.076855 0.000359 0.029540 0.000001
0.054931 0.637791 0.166450 0.093976 0.000540 0.046308 0.000003
0.027779 0.594529 0.197444 0.111522 0.000791 0.067928 0.000007
0.022053 0.542473 0.219681 0.123938 0.001072 0.090770 0.000011
0.020170 0.493718 0.236415 0.133427 0.001361 0.114891 0.000017
0.019608 0.449417 0.248646 0.140434 0.001699 0.140176 0.000021
0.019916 0.408738 0.257499 0.145463 0.001999 0.166357 0.000028
0.020875 0.371663 0.263470 0.148785 0.002292 0.192880 0.000035
0.022397 0.337969 0.266814 0.150621 0.002589 0.219564 0.000045
0.024223 0.307421 0.268035 0.151355 0.002856 0.246057 0.000052
0.026463 0.279701 0.267266 0.150968 0.003131 0.272409 0.000064
0.029014 0.254445 0.265270 0.149514 0.003387 0.298292 0.000078
0.031887 0.231390 0.261897 0.147430 0.003625 0.323680 0.000091
0.035133 0.210759 0.257289 0.144740 0.003838 0.348138 0.000102
0.044896 0.190832 0.250111 0.140581 0.004030 0.369428 0.000121
0.074469 0.182444 0.233337 0.131199 0.004019 0.374402 0.000130
0.054095 0.177785 0.231647 0.130112 0.004258 0.401955 0.000148
0.051496 0.156352 0.229248 0.128564 0.004488 0.429682 0.000170
0.055207 0.140583 0.223216 0.124992 0.004664 0.451148 0.000190
0.059662 0.128208 0.216013 0.120871 0.004818 0.470216 0.000212
0.064577 0.116644 0.208407 0.116527 0.004958 0.488657 0.000229
0.069643 0.107155 0.200866 0.112190 0.005079 0.504818 0.000250
0.075009 0.098273 0.193339 0.107841 0.005157 0.520110 0.000270
0.080502 0.090087 0.185895 0.103436 0.005209 0.534577 0.000294
0.086292 0.082273 0.178371 0.099097 0.005273 0.548378 0.000317
0.092299 0.075608 0.171070 0.094738 0.005317 0.560630 0.000338
0.098383 0.069535 0.163866 0.090434 0.005351 0.572070 0.000361
0.104642 0.064062 0.156684 0.086291 0.005342 0.582590 0.000389
0.110925 0.059208 0.149922 0.082299 0.005347 0.591887 0.000412
0.117683 0.054303 0.143227 0.078269 0.005347 0.600740 0.000432
0.124302 0.050179 0.136860 0.074453 0.005363 0.608391 0.000452
0.131088 0.046211 0.130518 0.070669 0.005347 0.615688 0.000479
0.138080 0.042699 0.124351 0.067133 0.005328 0.621909 0.000500
0.145227 0.039410 0.118371 0.063640 0.005281 0.627547 0.000523
0.152158 0.036569 0.112807 0.060474 0.005234 0.632207 0.000551
0.159187 0.033996 0.107432 0.057306 0.005176 0.636330 0.000572
0.166347 0.031574 0.102169 0.054290 0.005118 0.639903 0.000598
0.173581 0.029299 0.097109 0.051458 0.005034 0.642900 0.000619
0.181233 0.026944 0.092036 0.048572 0.004971 0.645597 0.000647
0.188671 0.025173 0.087465 0.045972 0.004906 0.647147 0.000666
0.196149 0.023431 0.083095 0.043415 0.004821 0.648406 0.000683
0.203931 0.021727 0.078846 0.040973 0.004741 0.649076 0.000706
0.211422 0.020171 0.074753 0.038768 0.004657 0.649505 0.000724
0.218807 0.018890 0.070998 0.036656 0.004547 0.649363 0.000739
0.226594 0.017513 0.067234 0.034514 0.004452 0.648932 0.000761
0.234292 0.016324 0.063859 0.032572 0.004359 0.647813 0.000782
0.241870 0.015257 0.060543 0.030718 0.004261 0.646549 0.000802
0.249854 0.014132 0.057191 0.028898 0.004170 0.644932 0.000822
0.257097 0.013316 0.054417 0.027396 0.004085 0.642845 0.000843
0.264843 0.012409 0.051459 0.025722 0.004021 0.640683 0.000863
0.272529 0.011617 0.048621 0.024202 0.003934 0.638219 0.000878
0.280056 0.010886 0.046091 0.022793 0.003824 0.635460 0.000891
0.287555 0.010192 0.043673 0.021454 0.003709 0.632499 0.000918
0.295275 0.009518 0.041209 0.020114 0.003627 0.629326 0.000932
0.302770 0.008935 0.039137 0.018923 0.003572 0.625720 0.000943
0.310407 0.008378 0.037015 0.017814 0.003462 0.621963 0.000961
0.317927 0.007895 0.035037 0.016747 0.003361 0.618057 0.000976
0.325296 0.007431 0.033143 0.015722 0.003267 0.614148 0.000993
0.332636 0.006994 0.031337 0.014804 0.003182 0.610045 0.001002
0.340085 0.006584 0.029745 0.013878 0.003093 0.605603 0.001012
0.347519 0.006202 0.028158 0.013039 0.003012 0.601045 0.001027
0.354579 0.005874 0.026689 0.012289 0.002935 0.596595 0.001037
0.362105 0.005504 0.025180 0.011533 0.002850 0.591778 0.001049
0.369124 0.005156 0.023868 0.010838 0.002772 0.587177 0.001065
0.376535 0.004854 0.022560 0.010142 0.002687 0.582147 0.001075
0.383537 0.004617 0.021399 0.009523 0.002613 0.577222 0.001089
0.390245 0.004367 0.020304 0.008966 0.002526 0.572497 0.001095
0.397406 0.004104 0.019262 0.008449 0.002453 0.567214 0.001111
0.404305 0.003840 0.018269 0.007952 0.002387 0.562129 0.001119
0.411482 0.003631 0.017276 0.007456 0.002301 0.556723 0.001131
0.418267 0.003411 0.016361 0.007013 0.002216 0.551592 0.001140
0.424902 0.003261 0.015506 0.006605 0.002132 0.546440 0.001154
0.431628 0.003075 0.014655 0.006189 0.002070 0.541219 0.001164
0.438304 0.002914 0.013865 0.005815 0.001993 0.535926 0.001182
0.445076 0.002766 0.013086 0.005446 0.001937 0.530508 0.001181
0.451393 0.002599 0.012389 0.005124 0.001872 0.525430 0.001193
0.457859 0.002470 0.011686 0.004827 0.001811 0.520150 0.001196
0.464248 0.002353 0.011003 0.004527 0.001756 0.514900 0.001214
0.470674 0.002242 0.010420 0.004278 0.001691 0.509485 0.001211
0.476870 0.002134 0.009877 0.004004 0.001630 0.504262 0.001223
0.483291 0.002005 0.009316 0.003751 0.001574 0.498820 0.001242
0.489357 0.001906 0.008789 0.003518 0.001515 0.493674 0.001241
0.495484 0.001817 0.008294 0.003281 0.001464 0.488415 0.001246
0.501380 0.001715 0.007833 0.003101 0.001420 0.483299 0.001254
0.507364 0.001638 0.007426 0.002904 0.001364 0.478038 0.001265
0.513162 0.001549 0.007029 0.002721 0.001311 0.472959 0.001269
0.518910 0.001475 0.006645 0.002545 0.001271 0.467884 0.001270
0.524527 0.001411 0.006268 0.002380 0.001225 0.462908 0.001281
0.530622 0.001330 0.005940 0.002229 0.001176 0.457418 0.001286
0.536168 0.001246 0.005633 0.002079 0.001144 0.452447 0.001283
0.541790 0.001200 0.005340 0.001959 0.001105 0.447320 0.001286
0.547116 0.001150 0.005106 0.001855 0.001061 0.442416 0.001296
0.552555 0.001092 0.004813 0.001740 0.001023 0.437484 0.001292
0.557971 0.001055 0.004591 0.001641 0.000984 0.432461 0.001296
0.563257 0.001011 0.004335 0.001536 0.000941 0.427613 0.001308
0.568539 0.000958 0.004141 0.001435 0.000912 0.422712 0.001304
0.573861 0.000912 0.003900 0.001344 0.000884 0.417788 0.001312
0.578993 0.000874 0.003693 0.001272 0.000860 0.412986 0.001322
0.584090 0.000835 0.003499 0.001196 0.000824 0.408235 0.001321
0.588932 0.000796 0.003342 0.001117 0.000785 0.403711 0.001317
0.594019 0.000751 0.003178 0.001055 0.000758 0.398921 0.001317
0.599038 0.000717 0.003022 0.000983 0.000724 0.394175 0.001340
0.603978 0.000688 0.002854 0.000926 0.000701 0.389521 0.001332
0.608307 0.000669 0.002727 0.000881 0.000672 0.385403 0.001341
0.613250 0.000638 0.002568 0.000827 0.000647 0.380738 0.001333
0.618041 0.000610 0.002420 0.000777 0.000621 0.376188 0.001343
0.622771 0.000589 0.002295 0.000727 0.000591 0.371684 0.001342
0.627200 0.000566 0.002186 0.000682 0.000579 0.367425 0.001362
0.631786 0.000549 0.002085 0.000648 0.000551 0.363023 0.001358
0.636301 0.000533 0.001966 0.000602 0.000532 0.358708 0.001359
0.640729 0.000508 0.001854 0.000577 0.000512 0.354464 0.001356
0.645128 0.000491 0.001752 0.000545 0.000491 0.350233 0.001359
0.649787 0.000471 0.001651 0.000508 0.000477 0.345741 0.001366
0.653952 0.000453 0.001567 0.000478 0.000456 0.341737 0.001357
0.658280 0.000444 0.001481 0.000449 0.000440 0.337546 0.001361
0.662480 0.000436 0.001420 0.000426 0.000426 0.333438 0.001374
0.666449 0.000420 0.001355 0.000406 0.000410 0.329587 0.001373
0.670572 0.000398 0.001286 0.000383 0.000395 0.325600 0.001367
0.674613 0.000391 0.001247 0.000357 0.000383 0.321630 0.001380
0.678498 0.000375 0.001191 0.000329 0.000368 0.317857 0.001382
0.682227 0.000372 0.001119 0.000313 0.000352 0.314245 0.001371
0.686352 0.000362 0.001040 0.000293 0.000330 0.310248 0.001375
0.690101 0.000350 0.000979 0.000273 0.000318 0.306605 0.001375
0.693497 0.000335 0.000935 0.000254 0.000310 0.303289 0.001380
0.697589 0.000328 0.000886 0.000243 0.000291 0.299271 0.001393
0.701345 0.000318 0.000844 0.000229 0.000282 0.295590 0.001392
0.705081 0.000311 0.000802 0.000221 0.000272 0.291934 0.001380
0.708739 0.000303 0.000767 0.000201 0.000262 0.288339 0.001389
0.711918 0.000294 0.000737 0.000193 0.000255 0.285220 0.001384
0.715730 0.000283 0.000702 0.000179 0.000251 0.281462 0.001392
0.718971 0.000276 0.000661 0.000171 0.000243 0.278288 0.001389
0.722462 0.000270 0.000633 0.000159 0.000240 0.274847 0.001389
0.725771 0.000269 0.000600 0.000157 0.000228 0.271585 0.001391
0.729293 0.000262 0.000570 0.000146 0.000215 0.268123 0.001391
0.732575 0.000255 0.000543 0.000131 0.000212 0.264890 0.001394
0.735768 0.000251 0.000520 0.000120 0.000201 0.261738 0.001401
0.739082 0.000254 0.000487 0.000111 0.000191 0.258482 0.001393
0.742246 0.000245 0.000457 0.000108 0.000186 0.255357 0.001399
0.745543 0.000243 0.000445 0.000106 0.000175 0.252085 0.001404
0.748389 0.000233 0.000419 0.000096 0.000172 0.249290 0.001401
0.751650 0.000234 0.000404 0.000089 0.000166 0.246059 0.001398
0.754782 0.000222 0.000383 0.000085 0.000160 0.242967 0.001402
0.757645 0.000212 0.000364 0.000084 0.000155 0.240144 0.001396
0.760612 0.000215 0.000349 0.000078 0.000152 0.237193 0.001401
0.763779 0.000215 0.000339 0.000074 0.000138 0.234059 0.001396
0.766511 0.000210 0.000333 0.000069 0.000136 0.231327 0.001414
0.769354 0.000203 0.000318 0.000066 0.000135 0.228515 0.001409
0.772147 0.000199 0.000314 0.000063 0.000128 0.225745 0.001403
0.774879 0.000189 0.000295 0.000059 0.000127 0.223052 0.001400
0.777886 0.000184 0.000289 0.000051 0.000121 0.220060 0.001409
0.780358 0.000184 0.000285 0.000053 0.000115 0.217597 0.001407
0.783116 0.000180 0.000265 0.000051 0.000108 0.214868 0.001411
0.785874 0.000173 0.000252 0.000046 0.000108 0.212138 0.001410
0.788417 0.000174 0.000235 0.000046 0.000104 0.209621 0.001404
0.791050 0.000171 0.000218 0.000040 0.000099 0.207017 0.001405
0.793631 0.000165 0.000212 0.000040 0.000097 0.204453 0.001403
0.796078 0.000164 0.000207 0.000039 0.000098 0.201993 0.001420
0.798895 0.000162 0.000195 0.000036 0.000094 0.199211 0.001407
0.800935 0.000160 0.000187 0.000035 0.000090 0.197179 0.001415
0.803419 0.000157 0.000180 0.000034 0.000087 0.194726 0.001397
0.805892 0.000157 0.000172 0.000033 0.000081 0.192251 0.001414
0.808631 0.000157 0.000164 0.000030 0.000075 0.189533 0.001411
0.810594 0.000162 0.000163 0.000027 0.000073 0.187557 0.001425
0.812999 0.000162 0.000156 0.000025 0.000075 0.185165 0.001418
0.815291 0.000162 0.000145 0.000024 0.000071 0.182885 0.001421
0.817593 0.000158 0.000139 0.000024 0.000066 0.180593 0.001427
0.819853 0.000158 0.000130 0.000023 0.000061 0.178354 0.001421
0.821955 0.000156 0.000127 0.000021 0.000057 0.176254 0.001430
0.823949 0.000161 0.000116 0.000017 0.000054 0.174274 0.001428
0.826327 0.000156 0.000112 0.000018 0.000054 0.171918 0.001416
0.828332 0.000154 0.000107 0.000018 0.000049 0.169928 0.001412
0.830589 0.000154 0.000105 0.000018 0.000049 0.167662 0.001423
0.832511 0.000155 0.000104 0.000016 0.000044 0.165747 0.001422
0.834492 0.000152 0.000098 0.000014 0.000040 0.163785 0.001419
0.836549 0.000149 0.000096 0.000016 0.000042 0.161723 0.001426
0.838421 0.000156 0.000093 0.000016 0.000032 0.159859 0.001424
0.840652 0.000153 0.000085 0.000014 0.000036 0.157639 0.001422
0.842446 0.000152 0.000087 0.000014 0.000034 0.155845 0.001422
0.844356 0.000149 0.000081 0.000013 0.000036 0.153942 0.001423
0.846290 0.000153 0.000082 0.000011 0.000036 0.152004 0.001424
0.848370 0.000153 0.000080 0.000011 0.000030 0.149938 0.001419
0.850080 0.000151 0.000077 0.000012 0.000030 0.148215 0.001436
0.851812 0.000151 0.000072 0.000010 0.000029 0.146491 0.001434
0.853887 0.000151 0.000073 0.000009 0.000027 0.144416 0.001438
0.855424 0.000148 0.000068 0.000009 0.000026 0.142896 0.001428
0.857351 0.000145 0.000069 0.000010 0.000026 0.140978 0.001421
0.859164 0.000143 0.000070 0.000010 0.000023 0.139161 0.001429
0.860965 0.000142 0.000065 0.000010 0.000023 0.137355 0.001440
0.862454 0.000140 0.000062 0.000011 0.000022 0.135888 0.001423
0.864080 0.000143 0.000056 0.000012 0.000023 0.134258 0.001429
0.865796 0.000142 0.000059 0.000009 0.000022 0.132529 0.001443
0.867498 0.000139 0.000054 0.000009 0.000019 0.130842 0.001440
0.869447 0.000141 0.000053 0.000008 0.000020 0.128905 0.001425
0.870720 0.000139 0.000054 0.000010 0.000021 0.127637 0.001419
