0.989820 0.010003 0.000107 0.000064 0.000000 0.000005 0.000000
0.979298 0.020311 0.000247 0.000133 0.000000 0.000010 0.000000
0.975056 0.024465 0.000311 0.000153 0.000000 0.000015 0.000000
0.972371 0.027085 0.000355 0.000171 0.000000 0.000017 0.000000
0.966156 0.033149 0.000441 0.000236 0.000000 0.000018 0.000000
0.961162 0.038007 0.000534 0.000281 0.000000 0.000017 0.000000
0.955677 0.043327 0.000643 0.000332 0.000000 0.000021 0.000000
0.948297 0.050545 0.000741 0.000392 0.000000 0.000025 0.000000
0.939688 0.058948 0.000897 0.000442 0.000000 0.000025 0.000000
0.931576 0.066864 0.001025 0.000510 0.000000 0.000026 0.000000
0.922481 0.075741 0.001150 0.000602 0.000000 0.000026 0.000000
0.910156 0.087754 0.001361 0.000697 0.000000 0.000033 0.000000
0.899806 0.097834 0.001515 0.000805 0.000000 0.000040 0.000000
0.887264 0.110079 0.001695 0.000913 0.000001 0.000049 0.000000
0.872912 0.124051 0.001927 0.001055 0.000002 0.000053 0.000000
0.857563 0.138896 0.002226 0.001252 0.000002 0.000061 0.000000
0.841764 0.154174 0.002562 0.001423 0.000002 0.000075 0.000000
0.827179 0.168295 0.002856 0.001585 0.000001 0.000084 0.000000
0.807488 0.187343 0.003259 0.001816 0.000002 0.000093 0.000000
0.788486 0.205725 0.003628 0.002053 0.000001 0.000107 0.000000
0.770074 0.223445 0.004043 0.002317 0.000001 0.000120 0.000000
0.751154 0.241650 0.004486 0.002580 0.000001 0.000129 0.000000
0.731053 0.260975 0.004966 0.002856 0.000001 0.000147 0.000000
0.710398 0.280807 0.005511 0.003113 0.000001 0.000170 0.000000
0.691681 0.298691 0.006027 0.003406 0.000001 0.000193 0.000000
0.672030 0.317434 0.006572 0.003743 0.000001 0.000220 0.000000
0.652770 0.335806 0.007099 0.004078 0.000002 0.000246 0.000000
0.634356 0.353247 0.007715 0.004411 0.000002 0.000269 0.000000
0.615038 0.371487 0.008399 0.004776 0.000003 0.000296 0.000000
0.596543 0.388853 0.009096 0.005181 0.000004 0.000323 0.000000
0.580582 0.403713 0.009772 0.005574 0.000005 0.000354 0.000000
0.563774 0.419357 0.010501 0.005967 0.000005 0.000396 0.000000
0.546772 0.435065 0.011291 0.006432 0.000006 0.000434 0.000000
0.532219 0.448462 0.011993 0.006851 0.000007 0.000468 0.000000
0.518138 0.461370 0.012720 0.007263 0.000007 0.000501 0.000000
0.505281 0.473032 0.013478 0.007653 0.000008 0.000548 0.000000
0.489884 0.486970 0.014364 0.008170 0.000008 0.000603 0.000000
0.477892 0.497734 0.015129 0.008588 0.000008 0.000648 0.000000
0.462692 0.511443 0.016056 0.009088 0.000008 0.000713 0.000000
0.451513 0.521286 0.016892 0.009534 0.000009 0.000766 0.000000
0.439727 0.531651 0.017750 0.010035 0.000009 0.000828 0.000000
0.430836 0.539277 0.018558 0.010440 0.000009 0.000880 0.000000
0.418791 0.549854 0.019449 0.010949 0.000010 0.000947 0.000000
0.407194 0.559820 0.020448 0.011505 0.000011 0.001022 0.000000
0.394892 0.570439 0.021484 0.012083 0.000011 0.001091 0.000000
0.382338 0.581375 0.022447 0.012654 0.000014 0.001172 0.000000
0.371745 0.590262 0.023481 0.013238 0.000015 0.001259 0.000000
0.364032 0.596591 0.024347 0.013679 0.000016 0.001334 0.000000
0.350540 0.608057 0.025549 0.014399 0.000017 0.001438 0.000000
0.339111 0.617559 0.026691 0.015084 0.000018 0.001536 0.000000
0.333523 0.621755 0.027517 0.015574 0.000019 0.001612 0.000000
0.320074 0.632822 0.028924 0.016407 0.000020 0.001753 0.000000
0.309552 0.641236 0.030183 0.017128 0.000021 0.001879 0.000000
0.300396 0.648218 0.031463 0.017894 0.000021 0.002007 0.000000
0.289263 0.656844 0.032992 0.018743 0.000022 0.002136 0.000000
0.282293 0.661913 0.034137 0.019368 0.000023 0.002265 0.000000
0.274673 0.667158 0.035616 0.020109 0.000027 0.002417 0.000000
0.267563 0.672425 0.036708 0.020741 0.000027 0.002536 0.000000
0.256381 0.680839 0.038327 0.021712 0.000028 0.002713 0.000000
0.253185 0.682107 0.039455 0.022361 0.000030 0.002861 0.000000
0.248317 0.685234 0.040485 0.022953 0.000032 0.002979 0.000000
0.239517 0.691000 0.042223 0.024011 0.000032 0.003217 0.000000
0.232312 0.695974 0.043579 0.024744 0.000035 0.003356 0.000000
0.227044 0.698452 0.045180 0.025706 0.000038 0.003580 0.000000
0.222357 0.700854 0.046478 0.026521 0.000040 0.003751 0.000000
0.215643 0.704906 0.048029 0.027441 0.000045 0.003936 0.000000
0.212088 0.706337 0.049269 0.028158 0.000048 0.004099 0.000000
0.210391 0.705544 0.050708 0.028988 0.000052 0.004318 0.000000
0.207963 0.705680 0.052080 0.029709 0.000054 0.004514 0.000000
0.210547 0.701167 0.053157 0.030340 0.000056 0.004731 0.000000
0.209053 0.701066 0.054057 0.030860 0.000056 0.004907 0.000000
0.206207 0.701205 0.055617 0.031760 0.000061 0.005150 0.000000
0.206027 0.699379 0.056713 0.032455 0.000064 0.005363 0.000000
0.201852 0.701037 0.058185 0.033243 0.000067 0.005616 0.000000
0.197309 0.702646 0.059877 0.034189 0.000068 0.005911 0.000000
0.195936 0.702388 0.060813 0.034687 0.000073 0.006104 0.000000
0.194725 0.701312 0.062031 0.035466 0.000077 0.006388 0.000000
0.194177 0.700436 0.062855 0.035858 0.000079 0.006594 0.000000
0.187348 0.703674 0.064888 0.037001 0.000087 0.007002 0.000000
0.189186 0.700377 0.065696 0.037441 0.000086 0.007213 0.000001
0.186213 0.701199 0.066918 0.038124 0.000088 0.007458 0.000001
0.180790 0.703715 0.068547 0.039063 0.000089 0.007795 0.000001
0.177143 0.705455 0.069601 0.039676 0.000091 0.008033 0.000000
0.173558 0.706093 0.071232 0.040627 0.000098 0.008392 0.000000
0.168480 0.709040 0.072420 0.041331 0.000099 0.008629 0.000000
0.166561 0.708857 0.073590 0.042010 0.000103 0.008879 0.000001
0.161470 0.710519 0.075589 0.043032 0.000106 0.009283 0.000001
0.152321 0.715381 0.077964 0.044430 0.000114 0.009788 0.000001
0.155437 0.711888 0.078138 0.044503 0.000115 0.009918 0.000001
0.154587 0.710773 0.079226 0.045100 0.000116 0.010197 0.000001
0.146803 0.713568 0.082071 0.046654 0.000121 0.010783 0.000001
0.145689 0.712168 0.083469 0.047439 0.000124 0.011111 0.000001
0.145896 0.709971 0.084555 0.048041 0.000126 0.011410 0.000001
0.141066 0.711330 0.086540 0.049073 0.000134 0.011854 0.000001
0.144008 0.707119 0.087108 0.049502 0.000140 0.012121 0.000001
0.144053 0.704459 0.088540 0.050278 0.000147 0.012521 0.000001
0.139980 0.705268 0.090314 0.051274 0.000153 0.013009 0.000001
0.140145 0.703272 0.091285 0.051830 0.000155 0.013313 0.000001
0.144435 0.697528 0.092006 0.052254 0.000163 0.013613 0.000001
0.141449 0.697444 0.093652 0.053226 0.000164 0.014064 0.000001
0.137474 0.698523 0.095285 0.054062 0.000169 0.014486 0.000001
0.134321 0.699762 0.096219 0.054671 0.000178 0.014848 0.000001
0.130810 0.700057 0.097936 0.055643 0.000184 0.015369 0.000001
0.129008 0.699657 0.099151 0.056259 0.000189 0.015736 0.000001
0.119822 0.704097 0.101715 0.057730 0.000193 0.016442 0.000001
0.120445 0.702254 0.102303 0.058031 0.000197 0.016769 0.000001
0.115469 0.704942 0.103607 0.058642 0.000200 0.017139 0.000001
0.111177 0.707323 0.104691 0.059180 0.000204 0.017424 0.000001
0.104407 0.708546 0.107612 0.060908 0.000215 0.018311 0.000001
0.101733 0.708558 0.109048 0.061699 0.000217 0.018743 0.000001
0.095660 0.709912 0.111505 0.063171 0.000230 0.019521 0.000001
0.089748 0.710599 0.114314 0.064750 0.000240 0.020348 0.000001
0.088292 0.710170 0.115270 0.065296 0.000243 0.020727 0.000001
0.083115 0.711175 0.117450 0.066552 0.000248 0.021459 0.000001
0.080705 0.709732 0.119461 0.067753 0.000258 0.022090 0.000001
0.079032 0.708291 0.121140 0.068622 0.000259 0.022655 0.000001
0.079409 0.705650 0.122186 0.069243 0.000269 0.023242 0.000001
0.075600 0.706237 0.123736 0.070305 0.000275 0.023846 0.000001
0.076332 0.704961 0.124007 0.070292 0.000278 0.024130 0.000001
0.071341 0.704227 0.127077 0.072006 0.000288 0.025060 0.000001
0.067856 0.704153 0.128896 0.073066 0.000290 0.025738 0.000001
0.065555 0.702434 0.130972 0.074145 0.000302 0.026590 0.000001
0.064000 0.701647 0.132123 0.074838 0.000307 0.027083 0.000001
0.057483 0.703795 0.134533 0.076141 0.000319 0.027729 0.000001
0.056928 0.700467 0.136373 0.077281 0.000321 0.028629 0.000001
0.054238 0.700688 0.137612 0.077999 0.000322 0.029140 0.000002
0.050650 0.700780 0.139417 0.079013 0.000333 0.029806 0.000002
0.048427 0.699426 0.141277 0.079906 0.000338 0.030625 0.000002
0.045883 0.698395 0.142994 0.081045 0.000345 0.031336 0.000002
0.042673 0.697540 0.145088 0.082207 0.000350 0.032139 0.000003
0.040504 0.696883 0.146525 0.083013 0.000363 0.032710 0.000002
0.039546 0.695068 0.147834 0.083764 0.000372 0.033413 0.000002
0.036807 0.693488 0.149873 0.085103 0.000382 0.034344 0.000003
0.034486 0.692427 0.151630 0.086014 0.000394 0.035047 0.000002
0.032263 0.690495 0.153688 0.087171 0.000400 0.035981 0.000003
0.031129 0.688345 0.155340 0.088152 0.000404 0.036627 0.000002
0.030106 0.686215 0.156838 0.089042 0.000421 0.037375 0.000002
0.028549 0.684353 0.158603 0.089897 0.000429 0.038167 0.000003
0.027827 0.682009 0.159922 0.090842 0.000430 0.038967 0.000002
0.027556 0.680965 0.160531 0.091203 0.000438 0.039305 0.000002
0.026002 0.677440 0.162957 0.092602 0.000446 0.040551 0.000003
0.024741 0.674385 0.165068 0.093800 0.000465 0.041539 0.000003
0.025079 0.674064 0.164994 0.093744 0.000464 0.041653 0.000002
0.023716 0.671299 0.166957 0.094860 0.000484 0.042680 0.000003
0.023169 0.668488 0.168546 0.095671 0.000489 0.043634 0.000003
0.022559 0.667151 0.169506 0.096194 0.000497 0.044090 0.000003
0.021948 0.663471 0.171473 0.097335 0.000502 0.045267 0.000003
0.021780 0.661967 0.172275 0.097713 0.000506 0.045755 0.000004
0.021226 0.659766 0.173491 0.098444 0.000518 0.046550 0.000004
0.020675 0.657684 0.174658 0.099062 0.000525 0.047391 0.000004
0.020180 0.654038 0.176517 0.100171 0.000542 0.048548 0.000003
0.019634 0.652603 0.177465 0.100677 0.000550 0.049067 0.000004
0.019249 0.650208 0.178647 0.101404 0.000556 0.049932 0.000004
0.019051 0.647699 0.179776 0.102111 0.000575 0.050785 0.000004
0.018679 0.645943 0.180679 0.102702 0.000579 0.051413 0.000004
0.018397 0.643665 0.181852 0.103238 0.000596 0.052247 0.000005
0.017825 0.640127 0.183681 0.104330 0.000606 0.053427 0.000004
0.017465 0.638243 0.184788 0.104848 0.000618 0.054034 0.000005
0.017195 0.635895 0.185874 0.105562 0.000626 0.054842 0.000005
0.016946 0.633966 0.186785 0.106030 0.000635 0.055633 0.000005
0.016587 0.631402 0.188022 0.106799 0.000643 0.056542 0.000005
0.016572 0.629828 0.188530 0.107228 0.000649 0.057186 0.000005
0.016248 0.627257 0.189939 0.107857 0.000665 0.058028 0.000006
0.015904 0.624004 0.191380 0.108818 0.000680 0.059209 0.000005
0.015580 0.621573 0.192550 0.109551 0.000686 0.060055 0.000005
0.015617 0.620896 0.192865 0.109573 0.000693 0.060349 0.000006
0.015205 0.617248 0.194553 0.110522 0.000697 0.061768 0.000006
0.015137 0.615637 0.195144 0.110994 0.000711 0.062371 0.000006
0.014788 0.613488 0.196231 0.111530 0.000719 0.063239 0.000006
0.014562 0.610367 0.197548 0.112360 0.000729 0.064427 0.000008
0.014260 0.608435 0.198563 0.112907 0.000738 0.065089 0.000007
0.014199 0.606612 0.199343 0.113252 0.000750 0.065835 0.000007
0.014250 0.605493 0.199504 0.113593 0.000766 0.066388 0.000007
0.013968 0.602443 0.200876 0.114284 0.000775 0.067646 0.000008
0.013679 0.599400 0.202374 0.115011 0.000788 0.068739 0.000008
0.013464 0.597012 0.203456 0.115691 0.000808 0.069561 0.000008
0.013389 0.594887 0.204213 0.116182 0.000824 0.070498 0.000008
0.013414 0.594032 0.204586 0.116260 0.000824 0.070877 0.000007
0.013161 0.591539 0.205765 0.116883 0.000826 0.071819 0.000008
0.012971 0.588600 0.206968 0.117552 0.000839 0.073063 0.000007
0.012868 0.586225 0.207931 0.117992 0.000854 0.074122 0.000008
0.012820 0.585387 0.208138 0.118195 0.000862 0.074592 0.000007
0.012616 0.582733 0.209218 0.118839 0.000870 0.075717 0.000007
0.012434 0.580084 0.210418 0.119506 0.000882 0.076668 0.000007
0.012334 0.578263 0.211120 0.119890 0.000897 0.077488 0.000008
0.012145 0.576260 0.212000 0.120326 0.000905 0.078357 0.000007
0.012031 0.573601 0.213118 0.120988 0.000926 0.079330 0.000007
0.011948 0.571308 0.213995 0.121445 0.000936 0.080361 0.000007
0.011963 0.570140 0.214318 0.121603 0.000945 0.081023 0.000007
0.011630 0.566452 0.216001 0.122528 0.000962 0.082418 0.000009
0.011665 0.565883 0.216096 0.122629 0.000950 0.082769 0.000008
0.011566 0.564091 0.216721 0.123059 0.000964 0.083591 0.000008
0.011384 0.560786 0.218157 0.123757 0.000971 0.084936 0.000009
0.011398 0.559889 0.218318 0.123845 0.000984 0.085557 0.000009
0.011198 0.556892 0.219634 0.124579 0.000997 0.086690 0.000010
0.011246 0.555907 0.219832 0.124714 0.001001 0.087289 0.000011
0.011078 0.552907 0.220869 0.125485 0.001012 0.088639 0.000011
0.010929 0.550421 0.222006 0.125930 0.001022 0.089682 0.000011
0.010902 0.549096 0.222367 0.126173 0.001030 0.090421 0.000011
0.010797 0.547183 0.223221 0.126517 0.001041 0.091231 0.000011
0.010643 0.544671 0.224086 0.127140 0.001044 0.092406 0.000010
0.010557 0.542884 0.224739 0.127382 0.001071 0.093356 0.000011
0.010490 0.540806 0.225579 0.127759 0.001072 0.094284 0.000010
0.010376 0.538473 0.226428 0.128419 0.001080 0.095213 0.000012
0.010341 0.536788 0.226980 0.128616 0.001098 0.096165 0.000012
0.010260 0.534959 0.227484 0.129033 0.001093 0.097158 0.000012
0.010257 0.533456 0.228015 0.129243 0.001111 0.097905 0.000012
0.010162 0.530891 0.228875 0.129653 0.001135 0.099272 0.000013
0.010071 0.529331 0.229474 0.130022 0.001157 0.099933 0.000012
0.010017 0.526504 0.230434 0.130614 0.001167 0.101251 0.000013
0.009989 0.526032 0.230577 0.130724 0.001170 0.101496 0.000013
0.009902 0.523183 0.231611 0.131239 0.001187 0.102865 0.000013
0.009785 0.520685 0.232522 0.131727 0.001198 0.104070 0.000014
0.009800 0.519772 0.232698 0.131903 0.001189 0.104625 0.000013
0.009637 0.516549 0.233912 0.132530 0.001212 0.106144 0.000015
0.009644 0.516254 0.233890 0.132450 0.001207 0.106542 0.000013
0.009498 0.512786 0.235193 0.133230 0.001233 0.108045 0.000014
0.009476 0.511777 0.235437 0.133296 0.001232 0.108767 0.000014
0.009359 0.508886 0.236465 0.133900 0.001241 0.110134 0.000014
0.009323 0.508367 0.236632 0.133921 0.001248 0.110494 0.000015
0.009215 0.505377 0.237664 0.134461 0.001265 0.112002 0.000016
0.009167 0.503262 0.238235 0.134920 0.001270 0.113129 0.000017
0.009088 0.500909 0.239063 0.135398 0.001294 0.114231 0.000017
0.009098 0.500212 0.239143 0.135357 0.001297 0.114875 0.000018
0.009003 0.498121 0.239759 0.135784 0.001324 0.115992 0.000017
0.008996 0.496963 0.240082 0.135919 0.001317 0.116706 0.000018
0.008939 0.494356 0.240805 0.136540 0.001339 0.118002 0.000020
0.008890 0.492586 0.241526 0.136722 0.001345 0.118912 0.000018
0.008835 0.490941 0.241843 0.137048 0.001352 0.119963 0.000018
0.008776 0.488273 0.242691 0.137608 0.001373 0.121260 0.000019
0.008769 0.487636 0.242848 0.137668 0.001376 0.121686 0.000017
0.008748 0.485421 0.243381 0.138120 0.001376 0.122936 0.000018
0.008736 0.483586 0.243938 0.138438 0.001392 0.123893 0.000016
0.008649 0.480994 0.244888 0.138718 0.001401 0.125333 0.000018
0.008651 0.479743 0.245096 0.138849 0.001418 0.126223 0.000020
0.008598 0.478013 0.245540 0.139249 0.001426 0.127156 0.000019
0.008555 0.476450 0.245984 0.139475 0.001437 0.128082 0.000017
0.008546 0.474357 0.246397 0.139795 0.001445 0.129441 0.000020
0.008521 0.473168 0.246781 0.139984 0.001455 0.130071 0.000021
0.008465 0.471369 0.247326 0.140203 0.001475 0.131143 0.000019
0.008446 0.469211 0.247917 0.140587 0.001477 0.132345 0.000018
0.008490 0.468760 0.247894 0.140614 0.001474 0.132749 0.000019
0.008342 0.465220 0.248990 0.141282 0.001504 0.134641 0.000021
0.008329 0.463724 0.249437 0.141437 0.001507 0.135545 0.000021
0.008312 0.463028 0.249683 0.141411 0.001513 0.136033 0.000019
0.008317 0.461608 0.249939 0.141594 0.001533 0.136988 0.000022
0.008269 0.459805 0.250305 0.141896 0.001545 0.138161 0.000020
0.008206 0.457227 0.251064 0.142315 0.001535 0.139631 0.000022
0.008160 0.455205 0.251562 0.142658 0.001562 0.140833 0.000021
0.008147 0.454269 0.251768 0.142701 0.001546 0.141547 0.000023
0.008119 0.452285 0.252322 0.143031 0.001565 0.142656 0.000022
0.008086 0.451023 0.252654 0.143158 0.001590 0.143467 0.000022
0.008089 0.449827 0.252818 0.143484 0.001590 0.144169 0.000022
0.008096 0.448437 0.253168 0.143599 0.001598 0.145077 0.000024
0.008024 0.445424 0.253891 0.144033 0.001629 0.146976 0.000025
0.007975 0.443538 0.254501 0.144222 0.001636 0.148103 0.000025
0.007988 0.443133 0.254518 0.144332 0.001638 0.148367 0.000024
0.007912 0.441435 0.255072 0.144373 0.001649 0.149534 0.000025
0.007874 0.438875 0.255670 0.144830 0.001675 0.151054 0.000023
0.007901 0.438036 0.255686 0.144940 0.001654 0.151759 0.000024
0.007874 0.436528 0.256146 0.144975 0.001676 0.152778 0.000024
0.007862 0.434772 0.256563 0.145248 0.001689 0.153841 0.000025
0.007812 0.433182 0.256954 0.145437 0.001717 0.154873 0.000025
0.007784 0.431021 0.257371 0.145792 0.001721 0.156285 0.000026
0.015508 0.426576 0.255535 0.144706 0.001720 0.155928 0.000028
0.018633 0.423122 0.255308 0.144426 0.001725 0.156760 0.000025
0.019317 0.421465 0.255319 0.144447 0.001745 0.157681 0.000027
0.020329 0.420109 0.255217 0.144448 0.001753 0.158118 0.000028
0.022883 0.418190 0.254675 0.144067 0.001759 0.158401 0.000025
0.026968 0.414530 0.253959 0.143715 0.001761 0.159040 0.000027
0.028662 0.411823 0.253789 0.143675 0.001767 0.160258 0.000026
0.026906 0.411815 0.254383 0.143973 0.001769 0.161127 0.000027
0.031019 0.409610 0.253146 0.143379 0.001772 0.161047 0.000026
0.032557 0.407531 0.252915 0.143251 0.001780 0.161940 0.000025
0.036382 0.405620 0.251660 0.142621 0.001781 0.161911 0.000026
0.040237 0.402505 0.250996 0.141872 0.001790 0.162575 0.000025
0.043690 0.402034 0.249307 0.141149 0.001783 0.162011 0.000026
0.044162 0.400559 0.249138 0.141152 0.001784 0.163180 0.000026
0.041252 0.401222 0.249895 0.141570 0.001806 0.164230 0.000026
0.042307 0.400649 0.249343 0.141213 0.001800 0.164659 0.000029
0.044713 0.400271 0.248252 0.140426 0.001793 0.164519 0.000027
0.043406 0.400926 0.248187 0.140406 0.001812 0.165235 0.000029
0.038816 0.400330 0.249849 0.141371 0.001834 0.167772 0.000028
0.034933 0.401140 0.251053 0.142150 0.001843 0.168850 0.000031
0.038180 0.400361 0.249438 0.141060 0.001867 0.169066 0.000029
0.033490 0.400631 0.250774 0.142032 0.001866 0.171176 0.000031
0.032607 0.400877 0.250941 0.141990 0.001890 0.171664 0.000031
0.031288 0.400689 0.251187 0.142099 0.001898 0.172809 0.000031
0.026319 0.399034 0.253530 0.143664 0.001942 0.175478 0.000033
0.028132 0.400075 0.252119 0.142730 0.001923 0.174989 0.000031
0.025668 0.399712 0.252999 0.143265 0.001921 0.176403 0.000031
0.021119 0.397421 0.255558 0.144638 0.001952 0.179281 0.000032
0.021904 0.397751 0.254637 0.144246 0.001963 0.179466 0.000032
0.019446 0.395848 0.256201 0.145054 0.001972 0.181446 0.000033
0.019316 0.396174 0.256001 0.144799 0.001989 0.181689 0.000032
0.017364 0.394232 0.257258 0.145634 0.001987 0.183492 0.000033
0.015465 0.391649 0.258542 0.146418 0.002022 0.185869 0.000034
0.014947 0.391130 0.258823 0.146413 0.002032 0.186619 0.000036
0.013650 0.388903 0.259890 0.147041 0.002049 0.188433 0.000034
0.013133 0.387825 0.260154 0.147316 0.002064 0.189472 0.000036
0.013029 0.386684 0.260468 0.147206 0.002061 0.190517 0.000034
0.011727 0.384607 0.261678 0.148082 0.002079 0.191793 0.000035
0.010646 0.381109 0.263011 0.148785 0.002087 0.194324 0.000038
0.010873 0.381090 0.262644 0.148606 0.002103 0.194647 0.000037
0.010284 0.378588 0.263550 0.148986 0.002107 0.196448 0.000038
0.010052 0.377088 0.263918 0.149089 0.002126 0.197691 0.000036
0.009588 0.374974 0.264613 0.149554 0.002145 0.199088 0.000038
0.009813 0.374775 0.264187 0.149245 0.002149 0.199792 0.000038
0.008844 0.371550 0.265742 0.150060 0.002166 0.201600 0.000040
0.009486 0.372047 0.264620 0.149745 0.002194 0.201871 0.000038
0.009321 0.370863 0.265056 0.149796 0.002190 0.202737 0.000037
0.008759 0.367499 0.266085 0.150434 0.002213 0.204970 0.000039
0.008620 0.365723 0.266445 0.150673 0.002232 0.206269 0.000039
0.008661 0.364482 0.266639 0.150642 0.002238 0.207299 0.000038
0.008537 0.363150 0.266953 0.150720 0.002239 0.208361 0.000041
0.008620 0.363164 0.266651 0.150621 0.002244 0.208659 0.000039
0.008824 0.363005 0.266309 0.150324 0.002267 0.209231 0.000040
0.008397 0.359385 0.267293 0.151004 0.002278 0.211601 0.000041
0.008138 0.357025 0.267812 0.151419 0.002301 0.213263 0.000041
0.008178 0.356362 0.267788 0.151253 0.002312 0.214066 0.000041
0.008500 0.356612 0.267009 0.150998 0.002321 0.214518 0.000043
0.007958 0.352526 0.268377 0.151695 0.002338 0.217064 0.000043
0.008032 0.351942 0.268260 0.151720 0.002351 0.217650 0.000044
0.008127 0.351477 0.268400 0.151473 0.002359 0.218123 0.000042
0.007885 0.348651 0.268825 0.151969 0.002393 0.220236 0.000041
0.007879 0.348715 0.268844 0.151872 0.002369 0.220279 0.000043
0.007957 0.348140 0.268690 0.151695 0.002396 0.221079 0.000043
0.008021 0.346766 0.268720 0.151802 0.002396 0.222250 0.000046
0.007859 0.345563 0.269172 0.152044 0.002417 0.222902 0.000044
0.007654 0.342691 0.269866 0.152322 0.002424 0.225001 0.000043
0.007705 0.341949 0.269478 0.152427 0.002433 0.225965 0.000043
0.007896 0.342335 0.268968 0.152080 0.002435 0.226243 0.000043
0.007595 0.338901 0.269765 0.152570 0.002455 0.228670 0.000045
0.007819 0.339457 0.269213 0.152268 0.002463 0.228733 0.000045
0.007692 0.337198 0.269848 0.152538 0.002461 0.230218 0.000044
0.007553 0.335031 0.270147 0.152792 0.002479 0.231956 0.000042
0.007662 0.335677 0.269782 0.152524 0.002486 0.231823 0.000046
0.007544 0.332233 0.270305 0.152878 0.002491 0.234501 0.000047
0.007568 0.331453 0.270293 0.152827 0.002506 0.235309 0.000044
0.007524 0.330560 0.270413 0.152899 0.002511 0.236046 0.000047
0.007550 0.329453 0.270348 0.152851 0.002515 0.237236 0.000048
0.007563 0.328451 0.270477 0.152800 0.002523 0.238141 0.000047
0.007537 0.327267 0.270539 0.152926 0.002538 0.239144 0.000048
0.007488 0.325022 0.270717 0.153167 0.002563 0.240995 0.000048
0.007546 0.325030 0.270506 0.152908 0.002556 0.241404 0.000050
0.007447 0.322834 0.270883 0.153114 0.002579 0.243094 0.000050
0.007456 0.321936 0.271027 0.153153 0.002588 0.243792 0.000048
0.007560 0.322034 0.270606 0.152870 0.002558 0.244319 0.000053
0.007509 0.319172 0.270920 0.153134 0.002630 0.246585 0.000050
0.007540 0.319879 0.270638 0.152964 0.002608 0.246319 0.000052
0.007496 0.317523 0.271004 0.153278 0.002630 0.248017 0.000052
0.007613 0.317482 0.270546 0.153007 0.002610 0.248691 0.000051
0.007544 0.315289 0.270908 0.153198 0.002642 0.250367 0.000052
0.007584 0.314890 0.270632 0.153082 0.002652 0.251105 0.000055
0.007549 0.312740 0.270913 0.153214 0.002666 0.252864 0.000054
0.007546 0.312220 0.270755 0.153094 0.002670 0.253663 0.000052
0.007564 0.311371 0.270882 0.153082 0.002688 0.254363 0.000051
0.007675 0.311389 0.270290 0.152782 0.002682 0.255129 0.000053
0.007461 0.306813 0.271253 0.153469 0.002741 0.258209 0.000054
0.007518 0.307369 0.271016 0.153249 0.002705 0.258088 0.000055
0.007527 0.306484 0.270825 0.153181 0.002734 0.259196 0.000053
0.007550 0.306413 0.270782 0.153021 0.002713 0.259466 0.000056
0.007480 0.303742 0.271105 0.153241 0.002762 0.261616 0.000054
0.007551 0.304252 0.270544 0.153015 0.002752 0.261831 0.000054
0.007564 0.302518 0.270647 0.153058 0.002776 0.263381 0.000055
0.007512 0.301388 0.270859 0.153133 0.002764 0.264288 0.000056
0.007550 0.300621 0.270761 0.153055 0.002782 0.265172 0.000058
0.007494 0.298724 0.270909 0.153123 0.002795 0.266899 0.000055
0.007501 0.298092 0.270822 0.153088 0.002813 0.267624 0.000059
0.007534 0.297332 0.270650 0.152914 0.002797 0.268713 0.000060
0.007592 0.297007 0.270528 0.152909 0.002820 0.269082 0.000061
0.007563 0.294461 0.270675 0.153069 0.002850 0.271322 0.000060
0.007584 0.294534 0.270561 0.152923 0.002856 0.271481 0.000060
0.007523 0.292666 0.270838 0.152945 0.002853 0.273114 0.000061
0.007586 0.290967 0.270779 0.152926 0.002865 0.274813 0.000063
0.007619 0.290620 0.270487 0.152802 0.002871 0.275539 0.000062
0.007659 0.290757 0.270197 0.152569 0.002884 0.275870 0.000064
0.007579 0.287832 0.270726 0.152918 0.002899 0.277980 0.000066
0.007589 0.288478 0.270172 0.152547 0.002900 0.278249 0.000064
0.007584 0.287743 0.270170 0.152523 0.002910 0.279006 0.000064
0.007553 0.285440 0.270323 0.152698 0.002932 0.280989 0.000065
0.007586 0.285504 0.270145 0.152321 0.002941 0.281440 0.000063
0.007591 0.282996 0.270434 0.152703 0.002954 0.283257 0.000066
0.007667 0.283561 0.269942 0.152505 0.002925 0.283333 0.000068
0.007668 0.282197 0.270096 0.152410 0.002954 0.284607 0.000068
0.007657 0.281193 0.270053 0.152323 0.002943 0.285764 0.000067
0.007656 0.279708 0.270127 0.152387 0.002972 0.287083 0.000068
0.007717 0.279333 0.269668 0.152249 0.002979 0.287987 0.000068
0.007729 0.278260 0.269633 0.152181 0.002990 0.289142 0.000065
0.007730 0.277984 0.269437 0.152122 0.002982 0.289678 0.000067
0.007721 0.276187 0.269600 0.152102 0.003006 0.291315 0.000069
0.007754 0.275859 0.269446 0.152327 0.003015 0.291528 0.000071
0.007756 0.275146 0.269055 0.152032 0.003011 0.292929 0.000070
0.007757 0.273011 0.269582 0.152196 0.003028 0.294355 0.000071
0.007804 0.272933 0.268944 0.151911 0.003012 0.295323 0.000074
0.007848 0.272667 0.268734 0.151888 0.003024 0.295765 0.000074
0.007808 0.270807 0.269009 0.151899 0.003035 0.297368 0.000074
0.007832 0.270208 0.269005 0.151868 0.003046 0.297968 0.000073
0.007845 0.268447 0.268892 0.151687 0.003053 0.300002 0.000074
0.007883 0.267901 0.268644 0.151892 0.003064 0.300541 0.000076
0.007854 0.266960 0.268669 0.151823 0.003052 0.301567 0.000076
0.007937 0.265752 0.268645 0.151781 0.003065 0.302741 0.000078
0.007951 0.265064 0.268578 0.151605 0.003076 0.303650 0.000077
0.008010 0.264135 0.268130 0.151515 0.003086 0.305046 0.000078
0.008038 0.264516 0.267946 0.151428 0.003056 0.304939 0.000078
0.007986 0.262251 0.268009 0.151497 0.003118 0.307061 0.000077
0.008008 0.261816 0.268048 0.151252 0.003121 0.307678 0.000076
0.008002 0.262093 0.267705 0.151212 0.003125 0.307790 0.000073
0.007975 0.259415 0.267964 0.151363 0.003145 0.310061 0.000077
0.007986 0.258851 0.267861 0.151211 0.003138 0.310876 0.000077
0.008048 0.258570 0.267740 0.151135 0.003147 0.311283 0.000077
0.008046 0.257717 0.267500 0.151187 0.003138 0.312334 0.000078
0.008029 0.256469 0.267359 0.151035 0.003165 0.313866 0.000077
0.008044 0.256934 0.267131 0.150778 0.003170 0.313863 0.000081
0.008028 0.255260 0.267023 0.150773 0.003189 0.315650 0.000077
0.008033 0.252904 0.267344 0.150918 0.003207 0.317514 0.000080
0.008031 0.252514 0.267037 0.150832 0.003197 0.318309 0.000080
0.008083 0.252484 0.266789 0.150692 0.003204 0.318666 0.000083
0.008104 0.251552 0.266601 0.150576 0.003218 0.319868 0.000081
0.008194 0.249059 0.266456 0.150519 0.003237 0.322447 0.000089
0.008166 0.250058 0.266374 0.150336 0.003229 0.321752 0.000085
0.008169 0.249639 0.266195 0.150275 0.003232 0.322400 0.000090
0.008202 0.247876 0.266170 0.150174 0.003244 0.324245 0.000089
0.008217 0.246750 0.266019 0.150245 0.003259 0.325424 0.000087
0.008240 0.247260 0.265723 0.149996 0.003260 0.325435 0.000086
0.008285 0.246110 0.265477 0.149884 0.003271 0.326885 0.000088
0.008270 0.244923 0.265411 0.149971 0.003289 0.328049 0.000087
0.008283 0.243099 0.265495 0.149734 0.003275 0.330026 0.000089
0.008337 0.243471 0.265262 0.149612 0.003286 0.329942 0.000090
0.008299 0.242126 0.265096 0.149649 0.003296 0.331444 0.000090
0.008317 0.240920 0.265082 0.149604 0.003336 0.332650 0.000090
0.008341 0.241685 0.264587 0.149490 0.003299 0.332504 0.000093
0.008324 0.239964 0.264691 0.149405 0.003329 0.334196 0.000092
0.008304 0.238950 0.264403 0.149332 0.003312 0.335607 0.000091
0.008388 0.238945 0.264099 0.149303 0.003334 0.335839 0.000093
0.008420 0.238370 0.263887 0.148998 0.003347 0.336887 0.000091
0.008408 0.237580 0.263900 0.149165 0.003348 0.337505 0.000096
0.008417 0.236325 0.264083 0.149040 0.003343 0.338697 0.000095
0.008416 0.234921 0.264000 0.149118 0.003377 0.340074 0.000094
0.008489 0.234665 0.263483 0.148814 0.003388 0.341061 0.000099
0.008456 0.233095 0.263458 0.148919 0.003394 0.342582 0.000095
0.008477 0.232447 0.263280 0.148944 0.003406 0.343348 0.000098
0.008549 0.231885 0.263106 0.148574 0.003414 0.344372 0.000099
0.008542 0.230337 0.263065 0.148626 0.003423 0.345904 0.000103
0.008551 0.230175 0.262734 0.148496 0.003436 0.346508 0.000099
0.008523 0.229775 0.262778 0.148204 0.003454 0.347160 0.000106
0.008593 0.229318 0.262034 0.148071 0.003424 0.348459 0.000101
0.008601 0.228141 0.262391 0.148048 0.003440 0.349277 0.000103
0.008576 0.227675 0.262124 0.147964 0.003434 0.350126 0.000102
0.008643 0.226309 0.261855 0.147922 0.003462 0.351709 0.000100
0.008688 0.225622 0.261702 0.147806 0.003448 0.352632 0.000102
0.008693 0.224953 0.261477 0.147498 0.003468 0.353806 0.000104
0.008726 0.225085 0.261319 0.147480 0.003454 0.353833 0.000104
0.008786 0.224217 0.261165 0.147432 0.003499 0.354797 0.000105
0.008794 0.223252 0.260967 0.147361 0.003504 0.356014 0.000108
0.008714 0.222534 0.260926 0.147338 0.003520 0.356859 0.000110
0.008809 0.220748 0.260542 0.147048 0.003509 0.359234 0.000111
0.008853 0.220526 0.260271 0.147001 0.003525 0.359710 0.000114
0.008881 0.220775 0.260101 0.146666 0.003536 0.359928 0.000113
0.008903 0.218758 0.259929 0.146695 0.003545 0.362060 0.000111
0.008952 0.218539 0.259724 0.146606 0.003565 0.362499 0.000114
0.008957 0.218113 0.259491 0.146545 0.003561 0.363222 0.000111
0.008972 0.217990 0.259269 0.146280 0.003560 0.363813 0.000116
0.009012 0.216369 0.258955 0.146181 0.003569 0.365795 0.000118
0.009015 0.215753 0.258932 0.146131 0.003572 0.366483 0.000113
0.009011 0.215312 0.258758 0.146049 0.003595 0.367161 0.000114
0.009045 0.213732 0.258488 0.145937 0.003599 0.369083 0.000116
0.009110 0.213297 0.258269 0.145801 0.003628 0.369783 0.000113
0.009152 0.213804 0.258034 0.145747 0.003622 0.369531 0.000111
0.009095 0.213384 0.257841 0.145618 0.003616 0.370331 0.000114
0.009159 0.211973 0.257637 0.145466 0.003636 0.372015 0.000114
0.009213 0.211352 0.257258 0.145404 0.003640 0.373015 0.000117
0.009188 0.210052 0.257225 0.145160 0.003640 0.374618 0.000117
0.009265 0.209783 0.256963 0.145087 0.003652 0.375133 0.000117
0.009261 0.209708 0.256670 0.145001 0.003658 0.375588 0.000114
0.009281 0.208224 0.256864 0.144997 0.003649 0.376865 0.000119
0.009285 0.208216 0.256379 0.144937 0.003678 0.377389 0.000115
0.009365 0.207099 0.255888 0.144697 0.003688 0.379146 0.000117
0.009371 0.206728 0.255864 0.144619 0.003708 0.379593 0.000116
0.009404 0.206022 0.255601 0.144420 0.003714 0.380717 0.000122
0.009410 0.205065 0.255679 0.144417 0.003699 0.381606 0.000124
0.009473 0.204248 0.255445 0.144190 0.003712 0.382804 0.000127
0.009465 0.204781 0.255024 0.144102 0.003744 0.382761 0.000123
0.009516 0.203083 0.254580 0.143757 0.003746 0.385195 0.000123
0.009497 0.201849 0.254556 0.143780 0.003775 0.386420 0.000124
0.009525 0.202504 0.254412 0.143575 0.003770 0.386087 0.000127
0.009468 0.202018 0.254189 0.143565 0.003780 0.386853 0.000127
0.009509 0.201030 0.253886 0.143393 0.003789 0.388264 0.000131
0.009592 0.200430 0.253840 0.143114 0.003764 0.389132 0.000127
0.009618 0.199832 0.253427 0.143044 0.003784 0.390168 0.000127
0.009604 0.199315 0.253267 0.143168 0.003818 0.390700 0.000128
0.009666 0.199121 0.253092 0.142848 0.003799 0.391349 0.000125
0.009665 0.198465 0.252782 0.142664 0.003780 0.392511 0.000134
0.009683 0.197580 0.252596 0.142633 0.003808 0.393571 0.000129
0.009738 0.196584 0.252406 0.142523 0.003846 0.394767 0.000136
0.009755 0.196776 0.252240 0.142207 0.003834 0.395054 0.000133
0.009805 0.195855 0.251835 0.142246 0.003859 0.396263 0.000137
0.009805 0.195627 0.251665 0.142158 0.003820 0.396793 0.000132
0.009860 0.194664 0.251445 0.142053 0.003877 0.397970 0.000132
0.009908 0.194219 0.251164 0.142022 0.003868 0.398686 0.000134
0.009945 0.193220 0.250901 0.141785 0.003900 0.400116 0.000132
0.009900 0.193236 0.250587 0.141676 0.003871 0.400595 0.000136
0.009962 0.191520 0.250265 0.141588 0.003909 0.402620 0.000136
0.009988 0.191242 0.250059 0.141444 0.003943 0.403194 0.000132
0.010047 0.191157 0.249723 0.141349 0.003936 0.403657 0.000131
0.010076 0.190112 0.249685 0.141136 0.003922 0.404936 0.000135
0.010088 0.189316 0.249349 0.140950 0.003945 0.406213 0.000139
0.010070 0.188746 0.249041 0.140886 0.003897 0.407228 0.000133
0.010123 0.188358 0.248952 0.140636 0.003918 0.407879 0.000134
0.010157 0.188146 0.248727 0.140806 0.003930 0.408101 0.000133
0.010184 0.187354 0.248296 0.140510 0.003955 0.409567 0.000135
0.010262 0.187154 0.248135 0.140369 0.003947 0.409995 0.000138
0.010271 0.185932 0.248085 0.140241 0.003968 0.411367 0.000137
0.010343 0.184979 0.247627 0.139920 0.003990 0.412998 0.000142
0.010334 0.184916 0.247462 0.139873 0.003986 0.413294 0.000135
0.010328 0.184782 0.247297 0.139746 0.003975 0.413727 0.000145
0.010375 0.183862 0.246917 0.139585 0.003981 0.415134 0.000146
0.010413 0.183682 0.246855 0.139389 0.003985 0.415528 0.000148
0.010463 0.183515 0.246626 0.139315 0.003990 0.415949 0.000142
0.010507 0.182379 0.246321 0.139149 0.004013 0.417492 0.000139
0.010480 0.182465 0.246195 0.139175 0.004014 0.417531 0.000139
0.010488 0.180617 0.245899 0.138817 0.004034 0.419998 0.000147
0.010518 0.180992 0.245490 0.138760 0.004047 0.420044 0.000149
0.010575 0.180318 0.245371 0.138660 0.004033 0.420900 0.000143
0.010636 0.179921 0.245112 0.138550 0.004058 0.421578 0.000144
0.010627 0.179487 0.244963 0.138213 0.004072 0.422491 0.000147
0.010612 0.179433 0.244668 0.138149 0.004077 0.422916 0.000145
0.010623 0.179182 0.244666 0.138108 0.004072 0.423197 0.000153
0.010732 0.177929 0.244252 0.137867 0.004050 0.425021 0.000148
0.010695 0.177127 0.243789 0.137738 0.004076 0.426427 0.000149
0.010749 0.176515 0.243666 0.137527 0.004083 0.427310 0.000150
0.010798 0.175889 0.243231 0.137233 0.004102 0.428593 0.000153
0.010789 0.176048 0.243123 0.137225 0.004089 0.428577 0.000150
0.010845 0.175160 0.242686 0.137145 0.004095 0.429916 0.000153
0.010851 0.175370 0.242872 0.136932 0.004113 0.429706 0.000154
0.010895 0.174996 0.242563 0.136800 0.004102 0.430497 0.000147
0.010956 0.173972 0.242025 0.136650 0.004111 0.432134 0.000153
0.010992 0.173200 0.241796 0.136467 0.004114 0.433274 0.000156
0.011007 0.172684 0.241526 0.136248 0.004092 0.434285 0.000158
0.011075 0.172715 0.241387 0.136319 0.004125 0.434217 0.000161
0.011150 0.170886 0.240602 0.135823 0.004161 0.437224 0.000155
0.011159 0.171599 0.240799 0.135982 0.004119 0.436185 0.000157
0.011192 0.171193 0.240550 0.135850 0.004156 0.436904 0.000155
0.011229 0.170616 0.240231 0.135643 0.004133 0.437990 0.000158
0.011199 0.170693 0.240145 0.135498 0.004157 0.438147 0.000160
0.011272 0.169331 0.239545 0.135134 0.004140 0.440415 0.000164
0.011265 0.169744 0.239524 0.135347 0.004195 0.439764 0.000161
0.011276 0.168618 0.239304 0.135059 0.004164 0.441418 0.000161
0.011355 0.167177 0.238859 0.134768 0.004173 0.443505 0.000162
0.011324 0.167327 0.238671 0.134689 0.004205 0.443618 0.000165
0.011347 0.167445 0.238304 0.134732 0.004184 0.443821 0.000166
0.011382 0.166359 0.238189 0.134292 0.004190 0.445420 0.000167
0.011419 0.166169 0.237745 0.134284 0.004209 0.446011 0.000164
0.011434 0.165862 0.237672 0.134226 0.004203 0.446435 0.000168
0.011522 0.165409 0.237054 0.133968 0.004229 0.447651 0.000168
0.011532 0.164308 0.236689 0.133722 0.004214 0.449365 0.000170
0.011542 0.164340 0.236432 0.133718 0.004246 0.449550 0.000172
0.011515 0.164234 0.236547 0.133563 0.004224 0.449744 0.000172
0.011573 0.163853 0.236235 0.133420 0.004205 0.450548 0.000167
0.011631 0.163605 0.236036 0.133356 0.004218 0.450987 0.000167
0.011669 0.162870 0.235680 0.132987 0.004243 0.452382 0.000169
0.011650 0.162020 0.235207 0.132888 0.004226 0.453840 0.000169
0.011699 0.161856 0.235037 0.132861 0.004256 0.454119 0.000173
0.011751 0.160854 0.234744 0.132614 0.004270 0.455595 0.000172
0.011753 0.161263 0.234875 0.132594 0.004280 0.455064 0.000171
0.011811 0.160809 0.234564 0.132378 0.004260 0.456009 0.000170
0.011854 0.159817 0.233925 0.132211 0.004287 0.457729 0.000177
0.011908 0.159531 0.233823 0.132101 0.004284 0.458182 0.000172
0.011934 0.159142 0.233444 0.131927 0.004297 0.459088 0.000168
0.012004 0.158820 0.233314 0.131893 0.004307 0.459482 0.000179
0.012042 0.158852 0.232948 0.131773 0.004291 0.459918 0.000176
0.012050 0.157767 0.232781 0.131521 0.004331 0.461367 0.000182
0.012061 0.157902 0.232378 0.131555 0.004333 0.461593 0.000178
0.012126 0.157128 0.232054 0.131214 0.004320 0.462976 0.000182
0.012155 0.156183 0.231812 0.130952 0.004299 0.464421 0.000178
0.012227 0.156346 0.231543 0.130962 0.004304 0.464436 0.000181
0.012189 0.155988 0.231356 0.130889 0.004339 0.465052 0.000186
0.012267 0.155203 0.231201 0.130606 0.004337 0.466200 0.000187
0.012309 0.154729 0.230690 0.130360 0.004352 0.467373 0.000187
0.012353 0.154081 0.230448 0.130176 0.004334 0.468418 0.000190
0.012389 0.154220 0.230262 0.130305 0.004357 0.468275 0.000192
0.012411 0.153624 0.229997 0.130071 0.004385 0.469326 0.000186
0.012452 0.153667 0.229697 0.129945 0.004381 0.469661 0.000198
0.012502 0.153696 0.229486 0.129800 0.004368 0.469957 0.000192
0.012580 0.152706 0.229014 0.129555 0.004383 0.471566 0.000196
0.012621 0.152070 0.228690 0.129432 0.004388 0.472612 0.000188
0.012588 0.151987 0.228740 0.129285 0.004370 0.472838 0.000191
0.012648 0.151725 0.228347 0.129215 0.004407 0.473468 0.000189
0.012698 0.151461 0.228089 0.129184 0.004386 0.473991 0.000191
0.012710 0.150454 0.227718 0.128883 0.004384 0.475664 0.000186
0.012720 0.150599 0.227582 0.128808 0.004406 0.475688 0.000197
0.012754 0.150074 0.227280 0.128537 0.004424 0.476738 0.000193
0.012776 0.149568 0.226804 0.128432 0.004415 0.477814 0.000190
0.012889 0.149261 0.226659 0.128207 0.004392 0.478402 0.000191
0.012906 0.148819 0.226251 0.128135 0.004426 0.479273 0.000190
0.012863 0.148431 0.225999 0.128026 0.004424 0.480061 0.000196
0.012935 0.148281 0.225643 0.128017 0.004435 0.480498 0.000191
0.013038 0.147306 0.225285 0.127551 0.004452 0.482174 0.000194
0.013041 0.147376 0.225163 0.127468 0.004445 0.482315 0.000191
0.013056 0.146797 0.224929 0.127397 0.004474 0.483146 0.000199
0.013095 0.146630 0.224710 0.127300 0.004446 0.483619 0.000200
0.013124 0.146275 0.224322 0.127111 0.004474 0.484495 0.000199
0.013158 0.145946 0.224044 0.126878 0.004448 0.485326 0.000200
0.013204 0.144833 0.223510 0.126627 0.004469 0.487159 0.000198
0.013214 0.145045 0.223614 0.126508 0.004514 0.486906 0.000200
0.013230 0.144916 0.223479 0.126489 0.004486 0.487196 0.000204
0.013269 0.144450 0.223290 0.126332 0.004457 0.488000 0.000202
0.013281 0.144273 0.223041 0.126193 0.004464 0.488545 0.000203
0.013324 0.144180 0.222829 0.126125 0.004469 0.488867 0.000205
0.013396 0.143280 0.222095 0.125894 0.004484 0.490645 0.000206
0.013434 0.143156 0.222127 0.125828 0.004487 0.490764 0.000205
0.013516 0.142683 0.221806 0.125552 0.004530 0.491708 0.000205
0.013525 0.142356 0.221537 0.125448 0.004494 0.492435 0.000205
0.013607 0.141812 0.221083 0.125375 0.004501 0.493415 0.000207
0.013649 0.141640 0.220863 0.125154 0.004508 0.493984 0.000203
0.013668 0.141126 0.220683 0.125019 0.004514 0.494784 0.000207
0.013724 0.140737 0.220440 0.124858 0.004516 0.495514 0.000211
0.013774 0.140872 0.220308 0.124733 0.004510 0.495592 0.000210
0.013891 0.139716 0.219811 0.124433 0.004527 0.497418 0.000205
0.013825 0.139967 0.219981 0.124414 0.004551 0.497046 0.000216
0.013944 0.139469 0.219157 0.124215 0.004508 0.498496 0.000211
0.013963 0.138996 0.218922 0.124031 0.004526 0.499344 0.000217
0.014076 0.138528 0.218487 0.123966 0.004558 0.500171 0.000215
0.014074 0.138430 0.218492 0.123635 0.004519 0.500633 0.000218
0.014135 0.138228 0.218347 0.123463 0.004530 0.501085 0.000213
0.014149 0.138045 0.218042 0.123505 0.004549 0.501493 0.000216
0.014179 0.137326 0.217431 0.123099 0.004549 0.503202 0.000214
0.014200 0.136979 0.217141 0.122918 0.004558 0.503994 0.000210
0.014205 0.136562 0.217108 0.122816 0.004546 0.504553 0.000210
0.014261 0.136096 0.216573 0.122708 0.004570 0.505573 0.000219
0.014273 0.136824 0.216692 0.122734 0.004553 0.504699 0.000224
0.014282 0.136180 0.216244 0.122584 0.004567 0.505921 0.000221
0.014260 0.135581 0.215994 0.122363 0.004542 0.507043 0.000217
0.014334 0.135478 0.215728 0.122380 0.004577 0.507283 0.000220
