0.991059 0.008751 0.000104 0.000081 0.000000 0.000004 0.000000
0.982853 0.016734 0.000240 0.000164 0.000000 0.000010 0.000000
0.979193 0.020312 0.000289 0.000194 0.000000 0.000013 0.000000
0.975341 0.024050 0.000355 0.000242 0.000000 0.000012 0.000000
0.972292 0.027010 0.000404 0.000280 0.000000 0.000013 0.000000
0.967673 0.031496 0.000499 0.000308 0.000002 0.000022 0.000000
0.963065 0.035970 0.000599 0.000337 0.000004 0.000025 0.000000
0.958725 0.040192 0.000666 0.000386 0.000005 0.000026 0.000000
0.952374 0.046352 0.000802 0.000440 0.000004 0.000026 0.000000
0.946511 0.052053 0.000931 0.000473 0.000004 0.000028 0.000000
0.939178 0.059134 0.001085 0.000568 0.000004 0.000031 0.000000
0.931828 0.066244 0.001238 0.000650 0.000004 0.000035 0.000000
0.925001 0.072865 0.001358 0.000730 0.000003 0.000042 0.000000
0.917504 0.080091 0.001519 0.000841 0.000003 0.000042 0.000000
0.907081 0.090134 0.001748 0.000988 0.000004 0.000045 0.000000
0.897206 0.099727 0.001932 0.001083 0.000003 0.000049 0.000000
0.888389 0.108250 0.002108 0.001190 0.000003 0.000060 0.000000
0.876049 0.120168 0.002361 0.001347 0.000003 0.000072 0.000000
0.865129 0.130662 0.002632 0.001499 0.000004 0.000074 0.000000
0.852899 0.142455 0.002917 0.001645 0.000003 0.000079 0.000000
0.839964 0.154879 0.003240 0.001822 0.000003 0.000092 0.000000
0.829427 0.164981 0.003527 0.001961 0.000003 0.000102 0.000000
0.815000 0.178818 0.003886 0.002176 0.000003 0.000117 0.000000
0.803119 0.190215 0.004184 0.002351 0.000003 0.000128 0.000000
0.786870 0.205747 0.004622 0.002615 0.000004 0.000142 0.000000
0.772343 0.219651 0.004989 0.002855 0.000003 0.000159 0.000000
0.758305 0.233094 0.005339 0.003077 0.000004 0.000182 0.000000
0.743355 0.247387 0.005769 0.003284 0.000005 0.000200 0.000000
0.730199 0.259885 0.006189 0.003506 0.000005 0.000216 0.000000
0.713515 0.275660 0.006746 0.003842 0.000005 0.000233 0.000000
0.701136 0.287347 0.007157 0.004103 0.000005 0.000253 0.000000
0.685004 0.302555 0.007707 0.004449 0.000004 0.000280 0.000000
0.673678 0.313101 0.008187 0.004727 0.000004 0.000303 0.000000
0.658140 0.327672 0.008788 0.005058 0.000005 0.000338 0.000000
0.642892 0.341912 0.009415 0.005396 0.000006 0.000379 0.000000
0.629947 0.353993 0.009963 0.005682 0.000007 0.000408 0.000000
0.616587 0.366406 0.010536 0.006030 0.000007 0.000434 0.000000
0.603288 0.378753 0.011154 0.006333 0.000008 0.000464 0.000000
0.590306 0.390751 0.011782 0.006660 0.000008 0.000493 0.000000
0.578349 0.401785 0.012375 0.006949 0.000008 0.000533 0.000000
0.565815 0.413339 0.012985 0.007285 0.000009 0.000567 0.000000
0.553059 0.425027 0.013644 0.007642 0.000010 0.000618 0.000000
0.539985 0.437058 0.014242 0.008041 0.000011 0.000663 0.000000
0.530189 0.445783 0.014902 0.008421 0.000012 0.000694 0.000000
0.517318 0.457487 0.015588 0.008860 0.000011 0.000736 0.000000
0.507065 0.466641 0.016271 0.009222 0.000012 0.000788 0.000000
0.494663 0.477684 0.017106 0.009685 0.000013 0.000849 0.000000
0.480506 0.490353 0.018025 0.010192 0.000013 0.000911 0.000000
0.470120 0.499420 0.018828 0.010643 0.000015 0.000974 0.000000
0.459742 0.508567 0.019581 0.011061 0.000016 0.001032 0.000000
0.448936 0.518042 0.020392 0.011532 0.000018 0.001081 0.000000
0.440910 0.524803 0.021202 0.011915 0.000019 0.001151 0.000000
0.428481 0.535509 0.022257 0.012494 0.000022 0.001238 0.000000
0.422083 0.540722 0.022949 0.012914 0.000022 0.001310 0.000000
0.410794 0.550323 0.023994 0.013471 0.000023 0.001396 0.000000
0.403882 0.555983 0.024728 0.013913 0.000026 0.001469 0.000000
0.392123 0.565886 0.025851 0.014555 0.000028 0.001557 0.000000
0.387006 0.569665 0.026653 0.015008 0.000029 0.001639 0.000000
0.382608 0.572845 0.027407 0.015398 0.000029 0.001713 0.000000
0.371756 0.581909 0.028453 0.016021 0.000031 0.001830 0.000000
0.362690 0.589283 0.029510 0.016566 0.000032 0.001919 0.000000
0.354652 0.595327 0.030715 0.017239 0.000034 0.002034 0.000000
0.348560 0.599964 0.031598 0.017705 0.000034 0.002138 0.000000
0.340525 0.606042 0.032789 0.018335 0.000035 0.002273 0.000000
0.337055 0.608176 0.033595 0.018772 0.000034 0.002367 0.000000
0.335843 0.608384 0.034201 0.019092 0.000035 0.002445 0.000000
0.325306 0.616530 0.035592 0.019931 0.000036 0.002605 0.000000
0.319447 0.620569 0.036698 0.020517 0.000036 0.002733 0.000000
0.315796 0.622539 0.037675 0.021079 0.000036 0.002874 0.000000
0.306081 0.629878 0.039081 0.021893 0.000038 0.003029 0.000000
0.304513 0.630113 0.039873 0.022334 0.000040 0.003127 0.000000
0.298367 0.633928 0.041208 0.023143 0.000042 0.003313 0.000000
0.295441 0.635310 0.042111 0.023635 0.000041 0.003462 0.000000
0.297564 0.632072 0.042710 0.024021 0.000044 0.003589 0.000000
0.288403 0.638243 0.044505 0.024988 0.000048 0.003812 0.000000
0.286283 0.639415 0.045069 0.025276 0.000048 0.003908 0.000000
0.284387 0.639439 0.046160 0.025867 0.000048 0.004099 0.000000
0.282392 0.639798 0.047115 0.026399 0.000049 0.004247 0.000000
0.277655 0.642097 0.048488 0.027233 0.000051 0.004475 0.000000
0.277648 0.641136 0.049033 0.027541 0.000053 0.004589 0.000000
0.275975 0.641084 0.050004 0.028113 0.000055 0.004769 0.000000
0.273617 0.641368 0.051180 0.028807 0.000057 0.004971 0.000000
0.272114 0.641211 0.052092 0.029353 0.000062 0.005168 0.000000
0.265443 0.645740 0.053341 0.030048 0.000063 0.005365 0.000000
0.265813 0.644374 0.053904 0.030355 0.000062 0.005491 0.000000
0.260328 0.647419 0.055316 0.031134 0.000065 0.005737 0.000000
0.256440 0.649291 0.056482 0.031783 0.000069 0.005934 0.000000
0.251883 0.651864 0.057590 0.032420 0.000072 0.006172 0.000000
0.244952 0.656469 0.058882 0.033218 0.000072 0.006406 0.000000
0.243070 0.656341 0.059986 0.033875 0.000071 0.006657 0.000000
0.234405 0.662388 0.061443 0.034770 0.000077 0.006917 0.000000
0.230180 0.664604 0.062529 0.035443 0.000079 0.007166 0.000000
0.218590 0.672508 0.064678 0.036630 0.000080 0.007514 0.000000
0.213352 0.675588 0.065867 0.037338 0.000087 0.007768 0.000000
0.205609 0.680138 0.067743 0.038312 0.000088 0.008109 0.000000
0.200911 0.682863 0.068792 0.038976 0.000092 0.008366 0.000000
0.192623 0.688274 0.070356 0.039935 0.000094 0.008718 0.000000
0.179809 0.696308 0.073118 0.041451 0.000101 0.009213 0.000000
0.177151 0.697546 0.073920 0.041830 0.000107 0.009445 0.000000
0.170140 0.701356 0.075717 0.042823 0.000114 0.009851 0.000000
0.161064 0.706946 0.077692 0.043972 0.000117 0.010210 0.000000
0.153655 0.711159 0.079536 0.044937 0.000120 0.010594 0.000000
0.146460 0.713865 0.082046 0.046359 0.000123 0.011147 0.000000
0.140301 0.716656 0.083877 0.047479 0.000128 0.011560 0.000000
0.132390 0.720672 0.086103 0.048673 0.000137 0.012025 0.000000
0.130080 0.720966 0.087194 0.049282 0.000137 0.012341 0.000000
0.121910 0.723866 0.090137 0.050928 0.000148 0.013011 0.000000
0.116239 0.725058 0.092607 0.052347 0.000154 0.013594 0.000000
0.111535 0.726325 0.094492 0.053445 0.000160 0.014043 0.000000
0.111136 0.723721 0.096170 0.054283 0.000166 0.014524 0.000000
0.106684 0.724217 0.098358 0.055479 0.000177 0.015084 0.000000
0.106218 0.722515 0.099534 0.056095 0.000182 0.015456 0.000000
0.103967 0.722774 0.100613 0.056720 0.000186 0.015740 0.000000
0.101592 0.722544 0.102013 0.057531 0.000198 0.016123 0.000000
0.097998 0.720951 0.104858 0.059082 0.000201 0.016909 0.000000
0.096828 0.719103 0.106538 0.059966 0.000212 0.017352 0.000000
0.097836 0.714785 0.108226 0.060935 0.000218 0.018000 0.000000
0.094366 0.715036 0.109996 0.061919 0.000223 0.018461 0.000000
0.096530 0.711626 0.110563 0.062330 0.000230 0.018720 0.000000
0.096092 0.708537 0.112434 0.063345 0.000240 0.019353 0.000000
0.096983 0.704483 0.114065 0.064300 0.000249 0.019920 0.000000
0.097487 0.701549 0.115350 0.064940 0.000256 0.020419 0.000000
0.096598 0.700235 0.116525 0.065623 0.000263 0.020756 0.000000
0.096456 0.697374 0.117988 0.066513 0.000271 0.021399 0.000000
0.101758 0.691034 0.118460 0.066733 0.000276 0.021738 0.000000
0.098391 0.691039 0.120185 0.067747 0.000285 0.022354 0.000000
0.097040 0.689518 0.121666 0.068593 0.000294 0.022888 0.000000
0.096030 0.688044 0.122929 0.069295 0.000295 0.023406 0.000000
0.099376 0.684115 0.123066 0.069442 0.000302 0.023699 0.000000
0.095865 0.682669 0.125535 0.070886 0.000315 0.024729 0.000000
0.099063 0.679571 0.125454 0.070734 0.000315 0.024862 0.000000
0.102511 0.675898 0.125342 0.070751 0.000317 0.025180 0.000000
0.096343 0.678226 0.127316 0.071947 0.000322 0.025846 0.000000
0.090324 0.679288 0.129971 0.073348 0.000330 0.026739 0.000000
0.093311 0.676544 0.129759 0.073139 0.000341 0.026905 0.000000
0.088716 0.677264 0.131724 0.074333 0.000346 0.027616 0.000000
0.088254 0.676655 0.132230 0.074570 0.000354 0.027937 0.000000
0.080209 0.678288 0.135567 0.076429 0.000362 0.029144 0.000000
0.076423 0.679025 0.137161 0.077292 0.000377 0.029722 0.000000
0.078565 0.677108 0.136806 0.077183 0.000381 0.029957 0.000000
0.072227 0.678101 0.139552 0.078759 0.000394 0.030966 0.000001
0.069974 0.678367 0.140534 0.079270 0.000406 0.031448 0.000001
0.066391 0.678583 0.142197 0.080289 0.000411 0.032127 0.000001
0.062214 0.678244 0.144419 0.081595 0.000419 0.033108 0.000001
0.057016 0.678522 0.146923 0.082990 0.000437 0.034112 0.000001
0.057405 0.677492 0.147114 0.083185 0.000439 0.034364 0.000001
0.052874 0.677394 0.149423 0.084543 0.000445 0.035320 0.000001
0.050403 0.676237 0.151229 0.085590 0.000458 0.036083 0.000001
0.047851 0.675700 0.152641 0.086518 0.000461 0.036827 0.000001
0.045983 0.673650 0.154624 0.087560 0.000478 0.037704 0.000001
0.043078 0.672556 0.156569 0.088627 0.000486 0.038683 0.000001
0.043253 0.670618 0.157278 0.089120 0.000494 0.039236 0.000001
0.040720 0.669257 0.159212 0.090205 0.000509 0.040096 0.000001
0.038153 0.667453 0.161354 0.091453 0.000511 0.041076 0.000001
0.037539 0.666008 0.162242 0.091958 0.000517 0.041733 0.000001
0.034507 0.664270 0.164637 0.093340 0.000534 0.042711 0.000001
0.034226 0.661572 0.165913 0.094117 0.000543 0.043627 0.000001
0.032875 0.659936 0.167404 0.094850 0.000555 0.044379 0.000002
0.032758 0.659244 0.167722 0.095062 0.000548 0.044665 0.000002
0.030027 0.655207 0.170934 0.096997 0.000567 0.046265 0.000002
0.030105 0.654275 0.171222 0.097161 0.000580 0.046655 0.000002
0.029281 0.652429 0.172458 0.097766 0.000589 0.047475 0.000002
0.028417 0.650183 0.173908 0.098641 0.000596 0.048253 0.000002
0.027897 0.648694 0.174873 0.099113 0.000603 0.048818 0.000003
0.027158 0.646748 0.176051 0.099867 0.000617 0.049557 0.000002
0.026621 0.643931 0.177596 0.100668 0.000621 0.050560 0.000003
0.026047 0.641443 0.178850 0.101422 0.000637 0.051598 0.000003
0.025600 0.639975 0.179735 0.101855 0.000644 0.052188 0.000003
0.024963 0.637759 0.181030 0.102621 0.000646 0.052976 0.000004
0.024274 0.635359 0.182461 0.103374 0.000649 0.053880 0.000003
0.024002 0.633461 0.183395 0.103771 0.000664 0.054703 0.000004
0.023245 0.630630 0.185058 0.104664 0.000677 0.055721 0.000005
0.022363 0.627688 0.186700 0.105666 0.000699 0.056880 0.000004
0.022547 0.626643 0.186913 0.105891 0.000699 0.057303 0.000004
0.022022 0.624317 0.188266 0.106507 0.000699 0.058185 0.000004
0.021583 0.621798 0.189364 0.107281 0.000717 0.059252 0.000005
0.021193 0.619359 0.190749 0.107913 0.000728 0.060054 0.000004
0.020946 0.617309 0.191709 0.108444 0.000729 0.060857 0.000005
0.020609 0.615249 0.192691 0.109019 0.000739 0.061690 0.000004
0.020297 0.613146 0.193687 0.109623 0.000750 0.062492 0.000004
0.019544 0.609112 0.195750 0.110792 0.000763 0.064034 0.000005
0.019492 0.608285 0.196112 0.110937 0.000779 0.064389 0.000006
0.019435 0.606784 0.196771 0.111195 0.000779 0.065030 0.000007
0.018800 0.603807 0.198199 0.112079 0.000788 0.066321 0.000007
0.018843 0.602138 0.198747 0.112487 0.000802 0.066978 0.000007
0.018435 0.599573 0.199983 0.113233 0.000812 0.067957 0.000007
0.018237 0.598460 0.200475 0.113457 0.000820 0.068544 0.000007
0.018007 0.595940 0.201616 0.114083 0.000828 0.069519 0.000007
0.017447 0.592973 0.203141 0.114887 0.000846 0.070698 0.000007
0.017484 0.591936 0.203487 0.115056 0.000854 0.071176 0.000007
0.017240 0.589297 0.204712 0.115716 0.000872 0.072156 0.000007
0.017036 0.587559 0.205405 0.116193 0.000867 0.072933 0.000007
0.016671 0.584321 0.206911 0.116979 0.000886 0.074226 0.000007
0.016596 0.582270 0.207608 0.117401 0.000909 0.075209 0.000007
0.016531 0.581848 0.207749 0.117461 0.000914 0.075488 0.000007
0.016166 0.578540 0.209313 0.118257 0.000920 0.076796 0.000008
0.016066 0.576797 0.210011 0.118681 0.000929 0.077508 0.000008
0.015836 0.574163 0.211168 0.119243 0.000955 0.078627 0.000008
0.015738 0.573664 0.211340 0.119368 0.000959 0.078922 0.000008
0.015574 0.570725 0.212539 0.120019 0.000975 0.080160 0.000008
0.015364 0.568466 0.213418 0.120570 0.000984 0.081190 0.000008
0.015077 0.565293 0.214746 0.121398 0.001004 0.082472 0.000009
0.015066 0.564314 0.214999 0.121533 0.001009 0.083069 0.000009
0.014695 0.561218 0.216546 0.122229 0.001023 0.084278 0.000009
0.014548 0.559975 0.217013 0.122460 0.001033 0.084961 0.000010
0.014598 0.559000 0.217211 0.122600 0.001031 0.085550 0.000010
0.014280 0.556152 0.218415 0.123393 0.001043 0.086707 0.000010
0.014112 0.553693 0.219462 0.123844 0.001053 0.087826 0.000010
0.014022 0.550831 0.220536 0.124440 0.001064 0.089096 0.000010
0.013935 0.549161 0.220995 0.124907 0.001084 0.089908 0.000010
0.013848 0.548094 0.221506 0.124999 0.001074 0.090469 0.000009
0.013688 0.546037 0.222247 0.125475 0.001091 0.091453 0.000010
0.013634 0.544878 0.222533 0.125768 0.001096 0.092082 0.000009
0.013533 0.542708 0.223291 0.126207 0.001117 0.093134 0.000010
0.013351 0.540347 0.224265 0.126620 0.001133 0.094273 0.000010
0.013224 0.537436 0.225320 0.127245 0.001142 0.095620 0.000012
0.013137 0.536216 0.225892 0.127341 0.001154 0.096248 0.000012
0.012953 0.533776 0.226725 0.127922 0.001172 0.097438 0.000014
0.012917 0.531965 0.227438 0.128175 0.001173 0.098318 0.000013
0.012828 0.530211 0.227928 0.128566 0.001190 0.099262 0.000014
0.012676 0.527739 0.228866 0.129087 0.001201 0.100417 0.000014
0.012540 0.526009 0.229510 0.129436 0.001210 0.101280 0.000014
0.012545 0.524964 0.229689 0.129668 0.001214 0.101905 0.000014
0.012473 0.523359 0.230334 0.129857 0.001209 0.102755 0.000014
0.012372 0.521200 0.230889 0.130333 0.001250 0.103942 0.000014
0.012141 0.518002 0.232216 0.130983 0.001250 0.105394 0.000015
0.012123 0.516776 0.232702 0.131163 0.001255 0.105967 0.000014
0.012024 0.514951 0.233248 0.131527 0.001259 0.106975 0.000015
0.011897 0.512577 0.233944 0.132048 0.001291 0.108227 0.000015
0.011872 0.511898 0.234123 0.132027 0.001282 0.108782 0.000016
0.011802 0.509682 0.234871 0.132473 0.001304 0.109851 0.000016
0.011724 0.507798 0.235564 0.132810 0.001313 0.110775 0.000015
0.011614 0.504687 0.236604 0.133396 0.001331 0.112352 0.000016
0.011541 0.503779 0.236840 0.133406 0.001338 0.113080 0.000016
0.011431 0.502691 0.237100 0.133670 0.001333 0.113759 0.000016
0.011343 0.499917 0.238143 0.134221 0.001355 0.115003 0.000017
0.011302 0.498719 0.238529 0.134380 0.001361 0.115692 0.000017
0.011205 0.495810 0.239405 0.134941 0.001386 0.117236 0.000017
0.011143 0.494304 0.239925 0.135178 0.001391 0.118043 0.000016
0.011071 0.492779 0.240533 0.135457 0.001407 0.118736 0.000017
0.011009 0.491025 0.240912 0.135806 0.001413 0.119817 0.000018
0.010984 0.490904 0.240945 0.135761 0.001410 0.119978 0.000017
0.010846 0.486880 0.242154 0.136604 0.001446 0.122051 0.000019
0.010789 0.486720 0.242257 0.136534 0.001450 0.122231 0.000018
0.010743 0.484297 0.242874 0.137000 0.001458 0.123610 0.000018
0.010558 0.480770 0.244140 0.137623 0.001479 0.125415 0.000017
0.010561 0.479127 0.244411 0.137911 0.001497 0.126474 0.000018
0.010484 0.477235 0.245041 0.138178 0.001512 0.127531 0.000018
0.010413 0.475995 0.245350 0.138302 0.001531 0.128390 0.000019
0.010428 0.475102 0.245374 0.138465 0.001532 0.129080 0.000018
0.010354 0.473452 0.245886 0.138717 0.001549 0.130024 0.000018
0.010356 0.472357 0.245985 0.138820 0.001555 0.130909 0.000018
0.010259 0.470447 0.246617 0.139123 0.001568 0.131966 0.000020
0.010211 0.468765 0.247048 0.139402 0.001577 0.132977 0.000019
0.010124 0.465992 0.248058 0.139783 0.001592 0.134432 0.000019
0.010116 0.464829 0.248117 0.139895 0.001594 0.135430 0.000019
0.010045 0.463032 0.248693 0.140263 0.001602 0.136345 0.000020
0.010009 0.462190 0.248871 0.140335 0.001624 0.136950 0.000022
0.009946 0.459202 0.249754 0.140800 0.001642 0.138635 0.000022
0.009936 0.457717 0.249972 0.141100 0.001664 0.139588 0.000023
0.009850 0.455738 0.250621 0.141346 0.001664 0.140760 0.000021
0.009782 0.453547 0.251195 0.141742 0.001691 0.142020 0.000023
0.009784 0.452424 0.251447 0.141826 0.001693 0.142803 0.000023
0.009735 0.450754 0.251905 0.142002 0.001708 0.143871 0.000024
0.009751 0.450109 0.252076 0.142135 0.001720 0.144185 0.000023
0.009679 0.447990 0.252468 0.142547 0.001728 0.145565 0.000023
0.009629 0.446160 0.253079 0.142622 0.001741 0.146745 0.000024
0.009590 0.444948 0.253393 0.142914 0.001749 0.147382 0.000024
0.009508 0.442095 0.254023 0.143249 0.001761 0.149340 0.000024
0.009506 0.441675 0.254072 0.143249 0.001782 0.149692 0.000023
0.009543 0.441357 0.254081 0.143243 0.001782 0.149971 0.000024
0.009479 0.438429 0.254733 0.143647 0.001809 0.151879 0.000025
0.009443 0.437393 0.254962 0.143788 0.001806 0.152582 0.000026
0.009374 0.434889 0.255544 0.144216 0.001829 0.154119 0.000029
0.009347 0.433487 0.255951 0.144382 0.001835 0.154972 0.000026
0.009329 0.432128 0.256245 0.144544 0.001856 0.155870 0.000027
0.009300 0.429905 0.256649 0.144841 0.001878 0.157400 0.000028
0.009282 0.429042 0.256838 0.144831 0.001874 0.158105 0.000027
0.009257 0.427711 0.257176 0.144984 0.001883 0.158960 0.000029
0.009209 0.426274 0.257389 0.145181 0.001907 0.160010 0.000029
0.009171 0.424513 0.257812 0.145376 0.001915 0.161185 0.000028
0.009140 0.422708 0.258181 0.145660 0.001931 0.162348 0.000031
0.009080 0.421648 0.258433 0.145620 0.001941 0.163249 0.000030
0.009052 0.419814 0.258990 0.145812 0.001955 0.164346 0.000031
0.009066 0.418542 0.258979 0.146079 0.001972 0.165332 0.000031
0.009052 0.416319 0.259629 0.146236 0.001991 0.166742 0.000031
0.009007 0.414601 0.259928 0.146453 0.002009 0.167970 0.000032
0.009035 0.414109 0.259940 0.146518 0.002009 0.168359 0.000031
0.008991 0.411800 0.260504 0.146680 0.002021 0.169974 0.000030
0.009020 0.410379 0.260668 0.147009 0.002048 0.170846 0.000030
0.008945 0.407989 0.261121 0.147186 0.002076 0.172650 0.000033
0.008957 0.407939 0.261213 0.147185 0.002057 0.172616 0.000033
0.008962 0.406448 0.261407 0.147430 0.002062 0.173659 0.000033
0.008918 0.404800 0.261596 0.147566 0.002089 0.174997 0.000033
0.008850 0.402745 0.262122 0.147791 0.002106 0.176352 0.000034
0.008858 0.402254 0.262211 0.147818 0.002095 0.176731 0.000033
0.008860 0.400443 0.262437 0.147994 0.002133 0.178100 0.000033
0.008838 0.397933 0.262927 0.148281 0.002138 0.179852 0.000032
0.008824 0.396910 0.262999 0.148419 0.002154 0.180657 0.000037
0.008824 0.395414 0.263272 0.148540 0.002165 0.181749 0.000037
0.008810 0.394664 0.263550 0.148459 0.002184 0.182298 0.000034
0.008790 0.393131 0.263751 0.148519 0.002194 0.183580 0.000035
0.008756 0.391302 0.264074 0.148771 0.002226 0.184835 0.000036
0.008705 0.390117 0.264187 0.148918 0.002235 0.185801 0.000037
0.008714 0.388494 0.264528 0.148941 0.002233 0.187052 0.000038
0.008704 0.387604 0.264597 0.149064 0.002253 0.187742 0.000037
0.008665 0.385868 0.264897 0.149173 0.002249 0.189110 0.000037
0.008675 0.384134 0.265174 0.149404 0.002290 0.190288 0.000035
0.008682 0.383486 0.265172 0.149317 0.002298 0.191007 0.000037
0.008635 0.380548 0.265661 0.149693 0.002314 0.193112 0.000037
0.008630 0.380682 0.265651 0.149536 0.002304 0.193159 0.000038
0.008567 0.378711 0.266030 0.149780 0.002326 0.194551 0.000036
0.008563 0.377660 0.266179 0.149802 0.002335 0.195426 0.000036
0.008562 0.376088 0.266393 0.149991 0.002346 0.196582 0.000038
0.008578 0.374849 0.266382 0.150095 0.002351 0.197709 0.000036
0.008567 0.373998 0.266465 0.150122 0.002360 0.198452 0.000037
0.008559 0.372080 0.266823 0.150400 0.002364 0.199737 0.000037
0.008515 0.370436 0.267031 0.150533 0.002406 0.201040 0.000038
0.008520 0.369388 0.267157 0.150561 0.002391 0.201944 0.000038
0.008491 0.368396 0.267385 0.150556 0.002423 0.202712 0.000037
0.008490 0.366518 0.267562 0.150714 0.002436 0.204242 0.000038
0.008509 0.364939 0.267685 0.150820 0.002446 0.205563 0.000039
0.008479 0.364453 0.267711 0.150869 0.002461 0.205987 0.000040
0.008485 0.362479 0.268078 0.150922 0.002481 0.207516 0.000039
0.008540 0.361826 0.267867 0.151186 0.002494 0.208047 0.000041
0.008477 0.359756 0.268292 0.151291 0.002500 0.209637 0.000046
0.008487 0.358474 0.268454 0.151403 0.002514 0.210624 0.000044
0.008527 0.357257 0.268386 0.151375 0.002513 0.211897 0.000045
0.008483 0.354952 0.268760 0.151525 0.002511 0.213724 0.000046
0.008489 0.354765 0.268546 0.151543 0.002526 0.214085 0.000047
0.008476 0.353159 0.268927 0.151686 0.002553 0.215154 0.000045
0.008485 0.351891 0.268812 0.151790 0.002554 0.216420 0.000047
0.008433 0.351093 0.269018 0.151776 0.002560 0.217071 0.000049
0.008458 0.350194 0.268879 0.151883 0.002577 0.217962 0.000047
0.008398 0.348457 0.269210 0.151949 0.002590 0.219347 0.000048
0.008446 0.347496 0.269030 0.151939 0.002582 0.220455 0.000051
0.008468 0.346381 0.269298 0.151970 0.002594 0.221237 0.000052
0.008439 0.345284 0.269281 0.152101 0.002628 0.222216 0.000051
0.008438 0.343074 0.269491 0.152177 0.002623 0.224146 0.000051
0.008440 0.341539 0.269605 0.152351 0.002634 0.225379 0.000052
0.008470 0.341778 0.269574 0.152240 0.002649 0.225237 0.000053
0.008401 0.339390 0.269796 0.152279 0.002664 0.227417 0.000052
0.008420 0.338434 0.269856 0.152345 0.002675 0.228215 0.000055
0.008460 0.337207 0.269819 0.152387 0.002687 0.229386 0.000055
0.008463 0.336321 0.269907 0.152444 0.002685 0.230125 0.000055
0.008479 0.334483 0.270024 0.152541 0.002720 0.231697 0.000056
0.008497 0.333312 0.270061 0.152510 0.002717 0.232847 0.000056
0.008462 0.332214 0.270113 0.152488 0.002761 0.233905 0.000056
0.008458 0.331209 0.270146 0.152572 0.002746 0.234812 0.000057
0.008474 0.330428 0.270169 0.152604 0.002747 0.235523 0.000055
0.008457 0.329670 0.270158 0.152644 0.002755 0.236259 0.000057
0.008484 0.327439 0.270447 0.152537 0.002790 0.238246 0.000057
0.008516 0.326096 0.270488 0.152751 0.002804 0.239285 0.000060
0.008483 0.325445 0.270375 0.152697 0.002804 0.240135 0.000060
0.008497 0.324614 0.270247 0.152699 0.002825 0.241058 0.000060
0.008486 0.323011 0.270509 0.152702 0.002842 0.242393 0.000058
0.008484 0.321809 0.270439 0.152777 0.002861 0.243569 0.000061
0.008499 0.321144 0.270596 0.152706 0.002880 0.244117 0.000058
0.008466 0.318646 0.270688 0.152781 0.002912 0.246445 0.000061
0.008517 0.318128 0.270633 0.152830 0.002900 0.246931 0.000061
0.008554 0.318290 0.270588 0.152599 0.002923 0.246982 0.000064
0.008542 0.316438 0.270603 0.152753 0.002927 0.248675 0.000062
0.008493 0.314894 0.270763 0.152782 0.002950 0.250057 0.000062
0.008513 0.314751 0.270445 0.152762 0.002950 0.250516 0.000064
0.008539 0.312937 0.270830 0.152737 0.002955 0.251939 0.000063
0.008559 0.311256 0.270839 0.152789 0.002981 0.253514 0.000063
0.008561 0.310368 0.270926 0.152658 0.003003 0.254423 0.000061
0.008569 0.310126 0.270848 0.152566 0.002994 0.254832 0.000065
0.008575 0.307793 0.270838 0.152935 0.003017 0.256779 0.000063
0.008554 0.307733 0.270758 0.152748 0.002988 0.257154 0.000065
0.008564 0.306693 0.270681 0.152837 0.003024 0.258136 0.000065
0.008533 0.305404 0.270768 0.152783 0.003069 0.259376 0.000067
0.008562 0.305083 0.270891 0.152701 0.003039 0.259659 0.000065
0.008575 0.303383 0.270790 0.152831 0.003069 0.261285 0.000068
0.008564 0.302605 0.270949 0.152641 0.003078 0.262095 0.000068
0.008592 0.301440 0.270813 0.152695 0.003067 0.263325 0.000068
0.008592 0.300239 0.270912 0.152633 0.003113 0.264445 0.000067
0.008614 0.298900 0.270760 0.152727 0.003109 0.265820 0.000069
0.008611 0.297853 0.270701 0.152715 0.003122 0.266929 0.000068
0.008626 0.296322 0.270781 0.152689 0.003121 0.268392 0.000070
0.008601 0.296333 0.270567 0.152621 0.003133 0.268673 0.000073
0.008629 0.294433 0.270780 0.152565 0.003129 0.270396 0.000069
0.008618 0.294290 0.270580 0.152648 0.003131 0.270660 0.000072
0.008624 0.292995 0.270576 0.152546 0.003136 0.272052 0.000070
0.008616 0.291865 0.270446 0.152522 0.003175 0.273304 0.000072
0.008634 0.290218 0.270283 0.152624 0.003194 0.274975 0.000073
0.008614 0.290238 0.270365 0.152471 0.003197 0.275040 0.000073
0.008626 0.288466 0.270364 0.152405 0.003228 0.276836 0.000075
0.008690 0.287972 0.270142 0.152555 0.003234 0.277332 0.000075
0.008668 0.286777 0.270201 0.152517 0.003246 0.278516 0.000074
0.008693 0.285682 0.270005 0.152467 0.003268 0.279806 0.000079
0.008735 0.284763 0.270140 0.152444 0.003263 0.280579 0.000076
0.008727 0.284066 0.270066 0.152204 0.003262 0.281599 0.000076
0.008712 0.282998 0.269793 0.152256 0.003278 0.282888 0.000075
0.008764 0.282375 0.270017 0.152229 0.003279 0.283257 0.000079
0.008784 0.281159 0.269810 0.152234 0.003289 0.284648 0.000077
0.008790 0.279932 0.269698 0.152075 0.003309 0.286118 0.000077
0.008819 0.279182 0.269591 0.151975 0.003301 0.287055 0.000078
0.008840 0.277757 0.269481 0.151922 0.003320 0.288603 0.000077
0.008826 0.277112 0.269561 0.151950 0.003351 0.289118 0.000081
0.008835 0.276439 0.269536 0.151920 0.003344 0.289849 0.000078
0.008839 0.275234 0.269515 0.151680 0.003344 0.291307 0.000082
0.008816 0.274234 0.269268 0.151641 0.003386 0.292576 0.000079
0.008795 0.273584 0.269297 0.151670 0.003392 0.293182 0.000080
0.008849 0.272152 0.269010 0.151659 0.003393 0.294857 0.000081
0.008860 0.271162 0.269177 0.151563 0.003413 0.295741 0.000084
0.008899 0.270502 0.269139 0.151483 0.003419 0.296479 0.000080
0.008930 0.269336 0.268811 0.151484 0.003417 0.297939 0.000083
0.008963 0.268398 0.268750 0.151512 0.003440 0.298857 0.000080
0.009004 0.267991 0.268806 0.151373 0.003426 0.299316 0.000084
0.008980 0.267065 0.268603 0.151359 0.003451 0.300459 0.000082
0.009041 0.266035 0.268473 0.151406 0.003455 0.301505 0.000085
0.009022 0.265424 0.268447 0.151284 0.003453 0.302288 0.000084
0.009019 0.264114 0.268242 0.151297 0.003469 0.303773 0.000086
0.009006 0.263048 0.268278 0.151109 0.003485 0.304987 0.000085
0.009039 0.262269 0.268061 0.151031 0.003529 0.305984 0.000086
0.009090 0.261549 0.267961 0.151132 0.003510 0.306672 0.000086
0.009077 0.260147 0.268039 0.151104 0.003554 0.307989 0.000090
0.009082 0.259581 0.267876 0.150887 0.003542 0.308941 0.000091
0.009122 0.258458 0.267835 0.150870 0.003558 0.310066 0.000091
0.009138 0.258039 0.267497 0.150778 0.003512 0.310947 0.000091
0.009134 0.256927 0.267263 0.150766 0.003557 0.312260 0.000092
0.009184 0.255760 0.267475 0.150609 0.003564 0.313311 0.000098
0.009172 0.255490 0.267336 0.150702 0.003562 0.313645 0.000094
0.009242 0.254279 0.267204 0.150546 0.003572 0.315063 0.000095
0.009263 0.252987 0.266932 0.150478 0.003612 0.316632 0.000095
0.009284 0.252293 0.266712 0.150369 0.003619 0.317627 0.000095
0.009281 0.251500 0.266562 0.150431 0.003611 0.318515 0.000100
0.009254 0.250925 0.266388 0.150224 0.003635 0.319475 0.000099
0.009252 0.249806 0.266464 0.150075 0.003626 0.320677 0.000099
0.009295 0.249071 0.266231 0.149998 0.003672 0.321633 0.000100
0.009320 0.248168 0.266077 0.150013 0.003662 0.322663 0.000097
0.009345 0.247507 0.265925 0.149831 0.003654 0.323637 0.000100
0.009351 0.246574 0.265990 0.149862 0.003680 0.324445 0.000099
0.009410 0.246023 0.265622 0.149863 0.003683 0.325301 0.000098
0.009423 0.245417 0.265543 0.149780 0.003672 0.326064 0.000101
0.009461 0.243886 0.265529 0.149582 0.003691 0.327751 0.000099
0.009465 0.243523 0.265431 0.149575 0.003703 0.328207 0.000096
0.009512 0.242761 0.265250 0.149439 0.003727 0.329216 0.000096
0.009528 0.241737 0.265091 0.149355 0.003730 0.330461 0.000099
0.009521 0.241279 0.265008 0.149263 0.003750 0.331079 0.000099
0.009560 0.240034 0.264858 0.149173 0.003764 0.332508 0.000103
0.009590 0.238913 0.264732 0.149088 0.003781 0.333794 0.000103
0.009590 0.238608 0.264578 0.148993 0.003772 0.334354 0.000105
0.009630 0.238049 0.264421 0.149034 0.003763 0.334997 0.000106
0.009654 0.237154 0.264223 0.148877 0.003785 0.336204 0.000103
0.009679 0.235601 0.264096 0.148717 0.003824 0.337969 0.000113
0.009684 0.235190 0.263952 0.148615 0.003813 0.338639 0.000107
0.009713 0.234471 0.263814 0.148503 0.003826 0.339568 0.000106
0.009685 0.234437 0.263808 0.148500 0.003796 0.339664 0.000109
0.009739 0.233565 0.263466 0.148443 0.003853 0.340825 0.000110
0.009781 0.232020 0.263267 0.148192 0.003859 0.342770 0.000110
0.009794 0.231531 0.263125 0.148170 0.003879 0.343393 0.000109
0.009817 0.230271 0.262920 0.148012 0.003870 0.344999 0.000111
0.009849 0.229795 0.262877 0.148020 0.003913 0.345434 0.000114
0.009874 0.229371 0.262823 0.147955 0.003880 0.345986 0.000111
0.009930 0.227864 0.262412 0.147770 0.003925 0.347985 0.000113
0.009899 0.227938 0.262262 0.147650 0.003930 0.348209 0.000112
0.009944 0.227141 0.262289 0.147589 0.003920 0.349002 0.000115
0.009969 0.225779 0.261936 0.147523 0.003942 0.350733 0.000119
0.009990 0.225796 0.261817 0.147376 0.003947 0.350956 0.000118
0.009994 0.224685 0.261359 0.147211 0.003957 0.352674 0.000121
0.010019 0.224011 0.261464 0.147091 0.003940 0.353357 0.000117
0.010018 0.223423 0.261347 0.147052 0.003970 0.354069 0.000121
0.010074 0.222501 0.261218 0.146899 0.003970 0.355220 0.000118
0.010073 0.222175 0.261147 0.146826 0.003965 0.355694 0.000120
0.010069 0.220974 0.260784 0.146729 0.003979 0.357342 0.000123
0.010061 0.220133 0.260592 0.146588 0.003987 0.358515 0.000124
0.010153 0.219728 0.260472 0.146598 0.003986 0.358942 0.000122
0.010156 0.219133 0.260429 0.146339 0.004040 0.359779 0.000124
0.010227 0.218205 0.260230 0.146284 0.004022 0.360909 0.000122
0.010209 0.217419 0.259913 0.146179 0.004010 0.362144 0.000127
0.010242 0.216478 0.259756 0.146017 0.004062 0.363320 0.000125
0.010286 0.215509 0.259542 0.145921 0.004075 0.364535 0.000132
0.010297 0.215333 0.259653 0.145720 0.004044 0.364827 0.000127
0.010309 0.214544 0.259361 0.145650 0.004070 0.365938 0.000127
0.010336 0.213496 0.258963 0.145563 0.004067 0.367442 0.000132
0.010321 0.213570 0.258976 0.145421 0.004066 0.367515 0.000130
0.010324 0.212437 0.258510 0.145286 0.004087 0.369226 0.000130
0.010358 0.211784 0.258356 0.145155 0.004083 0.370133 0.000131
0.010402 0.210862 0.258069 0.145051 0.004083 0.371405 0.000128
0.010372 0.210418 0.257935 0.145072 0.004083 0.371983 0.000136
0.010422 0.210023 0.257827 0.144891 0.004123 0.372580 0.000133
0.014285 0.208557 0.256343 0.144196 0.004115 0.372369 0.000135
0.028067 0.205915 0.252403 0.141940 0.004058 0.367485 0.000133
0.031966 0.204851 0.251219 0.141101 0.004030 0.366702 0.000132
0.032196 0.204528 0.250705 0.141029 0.004043 0.367365 0.000134
0.030317 0.204154 0.250956 0.141239 0.004063 0.369135 0.000136
0.034194 0.203233 0.249647 0.140549 0.004053 0.368188 0.000136
0.031805 0.203403 0.250061 0.140547 0.004061 0.369991 0.000131
0.038484 0.202563 0.247744 0.139316 0.004043 0.367715 0.000135
0.043368 0.201989 0.245997 0.138308 0.004027 0.366179 0.000132
0.045579 0.201921 0.244591 0.137661 0.004036 0.366079 0.000134
0.048508 0.202338 0.243461 0.137062 0.004005 0.364494 0.000133
0.049323 0.202207 0.242433 0.136638 0.004045 0.365222 0.000132
0.049162 0.203000 0.242151 0.136107 0.004029 0.365416 0.000135
0.049919 0.203870 0.241279 0.135849 0.004005 0.364942 0.000136
0.047656 0.204465 0.241566 0.135957 0.004038 0.366179 0.000138
0.050871 0.205531 0.239496 0.134814 0.004026 0.365130 0.000132
0.046592 0.206025 0.240534 0.135312 0.004042 0.367358 0.000137
0.044572 0.206840 0.240592 0.135469 0.004066 0.368325 0.000136
0.048774 0.208461 0.238066 0.133884 0.004030 0.366654 0.000131
0.048669 0.210826 0.237140 0.133499 0.004040 0.365689 0.000135
0.043951 0.211054 0.238437 0.134224 0.004046 0.368150 0.000138
0.040411 0.210353 0.239198 0.134448 0.004096 0.371358 0.000137
0.040273 0.211905 0.238389 0.134091 0.004060 0.371143 0.000138
0.037927 0.212188 0.238722 0.134335 0.004090 0.372600 0.000137
0.036478 0.213067 0.238559 0.134268 0.004097 0.373394 0.000137
0.034130 0.212929 0.238874 0.134429 0.004080 0.375417 0.000141
0.030044 0.210833 0.240399 0.135231 0.004132 0.379219 0.000141
0.031929 0.214133 0.238776 0.134181 0.004108 0.376736 0.000137
0.028263 0.211693 0.240116 0.135175 0.004152 0.380454 0.000146
0.029624 0.214783 0.238263 0.134204 0.004138 0.378845 0.000143
0.022954 0.207402 0.242292 0.136204 0.004211 0.386794 0.000142
0.021997 0.207047 0.242579 0.136377 0.004236 0.387615 0.000149
0.022564 0.208386 0.241732 0.135826 0.004226 0.387124 0.000143
0.023214 0.210356 0.240520 0.135198 0.004217 0.386349 0.000147
0.019653 0.204645 0.242447 0.136408 0.004262 0.392438 0.000148
0.019511 0.204755 0.242008 0.136188 0.004260 0.393127 0.000151
0.019407 0.205342 0.241707 0.136109 0.004283 0.393001 0.000152
0.018110 0.203059 0.242428 0.136392 0.004304 0.395553 0.000154
0.017333 0.201587 0.243003 0.136572 0.004317 0.397037 0.000152
0.016834 0.200207 0.242851 0.136806 0.004311 0.398836 0.000154
0.016359 0.199206 0.242758 0.136600 0.004337 0.400585 0.000156
0.016078 0.199027 0.242787 0.136652 0.004355 0.400945 0.000155
0.015175 0.196605 0.243541 0.137135 0.004367 0.403025 0.000151
0.014896 0.195290 0.243502 0.137214 0.004389 0.404552 0.000158
0.014964 0.195257 0.242978 0.136815 0.004404 0.405429 0.000153
0.015501 0.197745 0.242341 0.136237 0.004375 0.403644 0.000156
0.014958 0.195237 0.242252 0.136415 0.004427 0.406548 0.000162
0.014005 0.190831 0.243280 0.136833 0.004455 0.410435 0.000161
0.014655 0.194066 0.242365 0.136286 0.004442 0.408025 0.000160
0.014265 0.191880 0.242594 0.136403 0.004443 0.410260 0.000155
0.014543 0.193310 0.241677 0.136101 0.004454 0.409752 0.000162
0.013741 0.188718 0.242663 0.136490 0.004478 0.413741 0.000169
0.013742 0.188246 0.242266 0.136445 0.004517 0.414619 0.000166
0.014043 0.189681 0.241604 0.135943 0.004481 0.414086 0.000163
0.013669 0.187721 0.242023 0.136262 0.004497 0.415663 0.000165
0.013710 0.187719 0.241508 0.135718 0.004531 0.416652 0.000164
0.013396 0.185533 0.241589 0.136073 0.004553 0.418691 0.000166
0.013580 0.186222 0.241047 0.135830 0.004534 0.418617 0.000169
0.013027 0.182397 0.241857 0.136041 0.004547 0.421963 0.000169
0.013158 0.183260 0.241544 0.135906 0.004524 0.421446 0.000163
0.013416 0.184525 0.240764 0.135408 0.004560 0.421159 0.000168
0.012918 0.180874 0.241512 0.135976 0.004568 0.423981 0.000171
0.013047 0.181722 0.241168 0.135543 0.004566 0.423783 0.000171
0.013264 0.182126 0.240353 0.135342 0.004567 0.424177 0.000172
0.013173 0.181626 0.240151 0.135293 0.004567 0.425018 0.000172
0.013288 0.181330 0.239686 0.134746 0.004572 0.426203 0.000175
0.013096 0.179646 0.239962 0.134894 0.004561 0.427666 0.000175
0.013284 0.180528 0.239166 0.134536 0.004580 0.427732 0.000173
0.012854 0.176054 0.240184 0.135127 0.004633 0.430970 0.000179
0.013107 0.177665 0.239180 0.134508 0.004614 0.430749 0.000177
0.012929 0.175029 0.239222 0.134650 0.004618 0.433373 0.000178
0.012961 0.175300 0.239020 0.134341 0.004643 0.433554 0.000182
0.012965 0.174385 0.239115 0.134351 0.004640 0.434361 0.000183
0.013180 0.176318 0.238436 0.134113 0.004624 0.433154 0.000177
0.013131 0.174775 0.238410 0.133980 0.004633 0.434888 0.000182
0.013201 0.174348 0.237786 0.133573 0.004664 0.436247 0.000182
0.013211 0.174971 0.237432 0.133633 0.004652 0.435924 0.000178
0.013153 0.174059 0.237292 0.133458 0.004641 0.437212 0.000183
0.013208 0.173062 0.236978 0.133311 0.004669 0.438588 0.000183
0.013157 0.172437 0.236962 0.133238 0.004682 0.439343 0.000180
0.013059 0.171577 0.237155 0.133137 0.004663 0.440231 0.000179
0.013210 0.172100 0.236315 0.132919 0.004705 0.440567 0.000183
0.013202 0.171247 0.236025 0.132728 0.004690 0.441924 0.000184
0.013138 0.170192 0.236231 0.132774 0.004664 0.442816 0.000184
0.013116 0.168797 0.236153 0.132860 0.004721 0.444164 0.000190
0.013189 0.168395 0.235670 0.132683 0.004705 0.445172 0.000185
0.013351 0.169182 0.235204 0.132231 0.004686 0.445162 0.000186
0.013172 0.166611 0.235342 0.132465 0.004736 0.447486 0.000188
0.013421 0.170039 0.234416 0.131865 0.004710 0.445360 0.000189
0.013253 0.166355 0.234490 0.131805 0.004736 0.449169 0.000192
0.013340 0.167186 0.234201 0.131863 0.004719 0.448498 0.000192
0.013320 0.167030 0.234341 0.131853 0.004741 0.448526 0.000189
0.013240 0.164618 0.233780 0.131501 0.004772 0.451895 0.000193
0.013313 0.165518 0.233917 0.131435 0.004762 0.450860 0.000195
0.013331 0.164095 0.233618 0.131401 0.004794 0.452561 0.000200
0.013328 0.164654 0.233655 0.131376 0.004771 0.452020 0.000194
0.013330 0.162932 0.233213 0.131106 0.004775 0.454452 0.000193
0.013374 0.162969 0.232687 0.130799 0.004804 0.455168 0.000198
0.013410 0.162404 0.232719 0.130763 0.004812 0.455693 0.000199
0.013425 0.163419 0.232333 0.130529 0.004799 0.455300 0.000194
0.013470 0.162218 0.232028 0.130380 0.004815 0.456894 0.000195
0.013487 0.160718 0.231930 0.130181 0.004823 0.458665 0.000196
0.013539 0.161125 0.231704 0.130166 0.004827 0.458437 0.000203
0.013509 0.160298 0.231598 0.130021 0.004820 0.459556 0.000200
0.013570 0.159332 0.231213 0.129934 0.004872 0.460874 0.000206
0.013656 0.159687 0.230844 0.129552 0.004858 0.461197 0.000205
0.013716 0.159450 0.230520 0.129400 0.004846 0.461865 0.000202
0.013672 0.157956 0.230546 0.129474 0.004881 0.463270 0.000201
0.013807 0.159398 0.229925 0.129173 0.004852 0.462644 0.000202
0.013812 0.157588 0.229733 0.129076 0.004881 0.464699 0.000212
0.013824 0.157259 0.229722 0.129021 0.004881 0.465092 0.000202
0.013880 0.156889 0.229403 0.128905 0.004888 0.465832 0.000202
0.013867 0.155514 0.229409 0.128926 0.004891 0.467186 0.000207
0.013865 0.155080 0.229246 0.128749 0.004938 0.467914 0.000208
0.013941 0.154741 0.229117 0.128563 0.004904 0.468522 0.000213
0.014034 0.154124 0.228368 0.128217 0.004928 0.470122 0.000206
0.014126 0.154281 0.228146 0.128109 0.004911 0.470219 0.000207
0.014123 0.155096 0.227847 0.127870 0.004923 0.469929 0.000212
0.014158 0.153319 0.227724 0.127912 0.004942 0.471731 0.000213
0.014123 0.152936 0.227299 0.127771 0.004933 0.472724 0.000214
0.014204 0.152544 0.227043 0.127534 0.004923 0.473536 0.000216
0.014172 0.150976 0.226861 0.127502 0.004945 0.475329 0.000214
0.014260 0.153301 0.226289 0.127137 0.004924 0.473873 0.000216
0.014223 0.151222 0.226158 0.127078 0.004965 0.476143 0.000212
0.014251 0.149700 0.226004 0.127016 0.004974 0.477839 0.000217
0.014349 0.150081 0.225627 0.126792 0.004955 0.477979 0.000216
0.014305 0.150076 0.225575 0.126791 0.004971 0.478061 0.000220
0.014365 0.150582 0.225066 0.126592 0.004973 0.478203 0.000219
0.014473 0.150615 0.224743 0.126473 0.004973 0.478499 0.000224
0.014530 0.150514 0.224631 0.126231 0.004945 0.478926 0.000223
0.014581 0.149677 0.224289 0.125969 0.004966 0.480293 0.000225
0.014525 0.148782 0.224347 0.125882 0.004998 0.481239 0.000225
0.014584 0.146693 0.223699 0.125717 0.004999 0.484079 0.000229
0.014653 0.149846 0.223674 0.125499 0.005006 0.481098 0.000223
0.014675 0.145839 0.223306 0.125355 0.005038 0.485563 0.000225
0.014698 0.146785 0.222991 0.125197 0.005016 0.485082 0.000230
0.014755 0.144642 0.222864 0.125322 0.005061 0.487125 0.000231
0.014785 0.145147 0.222436 0.124943 0.005024 0.487437 0.000228
0.014850 0.145849 0.222268 0.124872 0.005035 0.486897 0.000228
0.014914 0.144615 0.221886 0.124679 0.005058 0.488613 0.000236
0.014888 0.145397 0.221702 0.124548 0.005055 0.488192 0.000220
0.014933 0.144618 0.221462 0.124349 0.005063 0.489345 0.000230
0.014989 0.144901 0.221201 0.124192 0.005050 0.489432 0.000235
0.015028 0.144671 0.221028 0.124076 0.005057 0.489910 0.000230
0.015039 0.143593 0.220741 0.123880 0.005082 0.491433 0.000231
0.015100 0.143128 0.220503 0.123760 0.005085 0.492191 0.000233
0.015138 0.141756 0.220201 0.123597 0.005082 0.493991 0.000235
0.015155 0.141706 0.219881 0.123475 0.005095 0.494454 0.000234
0.015249 0.143012 0.219424 0.123256 0.005089 0.493738 0.000233
0.015256 0.140375 0.219258 0.123065 0.005142 0.496669 0.000235
0.015242 0.141468 0.219132 0.123044 0.005107 0.495770 0.000236
