0.987491 0.012313 0.000115 0.000077 0.000000 0.000004 0.000000
0.974453 0.025109 0.000270 0.000160 0.000000 0.000008 0.000000
0.969175 0.030270 0.000351 0.000193 0.000000 0.000010 0.000000
0.967001 0.032371 0.000407 0.000209 0.000000 0.000012 0.000000
0.959013 0.040173 0.000514 0.000289 0.000000 0.000012 0.000000
0.953590 0.045437 0.000614 0.000347 0.000000 0.000012 0.000000
0.947178 0.051633 0.000768 0.000404 0.000000 0.000017 0.000000
0.939254 0.059377 0.000868 0.000481 0.000000 0.000020 0.000000
0.928929 0.069456 0.001057 0.000540 0.000000 0.000018 0.000000
0.919956 0.078198 0.001216 0.000612 0.000000 0.000019 0.000000
0.910132 0.087748 0.001390 0.000712 0.000000 0.000018 0.000000
0.895262 0.102226 0.001666 0.000821 0.000000 0.000025 0.000000
0.885119 0.112104 0.001820 0.000923 0.000000 0.000034 0.000000
0.872544 0.124376 0.002002 0.001032 0.000000 0.000045 0.000000
0.857351 0.139152 0.002261 0.001183 0.000000 0.000053 0.000000
0.842619 0.153360 0.002581 0.001378 0.000000 0.000062 0.000000
0.827286 0.168133 0.002967 0.001540 0.000000 0.000074 0.000000
0.813094 0.181854 0.003266 0.001704 0.000000 0.000083 0.000000
0.793749 0.200490 0.003730 0.001941 0.000000 0.000091 0.000000
0.773220 0.220331 0.004137 0.002204 0.000000 0.000107 0.000000
0.756414 0.236482 0.004523 0.002464 0.000000 0.000117 0.000000
0.738417 0.253805 0.004928 0.002723 0.000000 0.000127 0.000000
0.719166 0.272304 0.005389 0.002993 0.000000 0.000148 0.000000
0.699302 0.291320 0.005951 0.003247 0.000000 0.000180 0.000000
0.681542 0.308224 0.006482 0.003545 0.000000 0.000207 0.000000
0.662687 0.326187 0.006998 0.003888 0.000001 0.000238 0.000000
0.644367 0.343608 0.007535 0.004218 0.000003 0.000268 0.000000
0.628704 0.358410 0.008086 0.004501 0.000003 0.000296 0.000000
0.609386 0.376676 0.008736 0.004872 0.000003 0.000327 0.000000
0.591732 0.393209 0.009416 0.005282 0.000004 0.000357 0.000000
0.578560 0.405412 0.010033 0.005606 0.000005 0.000383 0.000000
0.561115 0.421607 0.010805 0.006043 0.000006 0.000424 0.000000
0.545773 0.435721 0.011541 0.006495 0.000007 0.000463 0.000000
0.535736 0.444762 0.012145 0.006848 0.000009 0.000500 0.000000
0.520238 0.458994 0.012927 0.007288 0.000009 0.000544 0.000000
0.511449 0.466793 0.013562 0.007589 0.000010 0.000597 0.000000
0.498013 0.478872 0.014372 0.008080 0.000009 0.000653 0.000000
0.487017 0.488749 0.015066 0.008450 0.000009 0.000708 0.000000
0.471495 0.502765 0.016001 0.008968 0.000009 0.000761 0.000000
0.460915 0.512079 0.016798 0.009403 0.000008 0.000796 0.000000
0.450180 0.521434 0.017614 0.009896 0.000009 0.000867 0.000000
0.441706 0.528685 0.018397 0.010289 0.000009 0.000915 0.000000
0.429856 0.539149 0.019232 0.010768 0.000009 0.000985 0.000000
0.419862 0.547727 0.020062 0.011280 0.000011 0.001058 0.000000
0.408087 0.558002 0.020991 0.011797 0.000010 0.001113 0.000000
0.393520 0.570676 0.022134 0.012452 0.000012 0.001206 0.000000
0.383733 0.578912 0.023069 0.012981 0.000013 0.001292 0.000000
0.378081 0.583393 0.023804 0.013342 0.000014 0.001365 0.000000
0.362797 0.596515 0.025106 0.014094 0.000016 0.001473 0.000000
0.353728 0.603991 0.026055 0.014649 0.000016 0.001561 0.000000
0.348258 0.608102 0.026872 0.015117 0.000018 0.001634 0.000000
0.336052 0.618253 0.028111 0.015818 0.000018 0.001748 0.000000
0.326613 0.625737 0.029275 0.016498 0.000020 0.001858 0.000000
0.317731 0.632683 0.030418 0.017180 0.000019 0.001968 0.000000
0.306351 0.641836 0.031845 0.017870 0.000019 0.002079 0.000000
0.296175 0.649786 0.033203 0.018597 0.000021 0.002218 0.000000
0.289474 0.654478 0.034471 0.019201 0.000023 0.002353 0.000000
0.282608 0.659675 0.035485 0.019758 0.000023 0.002451 0.000000
0.268775 0.670244 0.037416 0.020889 0.000025 0.002651 0.000000
0.265977 0.671374 0.038422 0.021436 0.000025 0.002766 0.000000
0.259897 0.675812 0.039402 0.021973 0.000027 0.002890 0.000000
0.251865 0.681144 0.040955 0.022901 0.000029 0.003106 0.000000
0.242393 0.687986 0.042556 0.023789 0.000029 0.003246 0.000000
0.236777 0.690899 0.044101 0.024726 0.000031 0.003466 0.000000
0.228611 0.696144 0.045799 0.025775 0.000033 0.003638 0.000000
0.222956 0.699528 0.047133 0.026544 0.000039 0.003801 0.000000
0.217742 0.702534 0.048396 0.027309 0.000042 0.003976 0.000000
0.217010 0.701016 0.049719 0.028039 0.000043 0.004174 0.000000
0.210810 0.704650 0.051266 0.028878 0.000044 0.004352 0.000000
0.212820 0.700473 0.052485 0.029589 0.000046 0.004586 0.000000
0.208599 0.702668 0.053652 0.030259 0.000047 0.004775 0.000000
0.205125 0.703514 0.055209 0.031095 0.000052 0.005005 0.000000
0.200256 0.705275 0.056935 0.032197 0.000057 0.005280 0.000000
0.202392 0.701997 0.057575 0.032553 0.000062 0.005421 0.000000
0.196142 0.704836 0.059553 0.033661 0.000063 0.005745 0.000000
0.188962 0.709078 0.061289 0.034582 0.000069 0.006021 0.000000
0.190061 0.706557 0.061949 0.035111 0.000071 0.006252 0.000000
0.190423 0.704505 0.062979 0.035557 0.000070 0.006466 0.000000
0.185149 0.706650 0.064708 0.036594 0.000075 0.006824 0.000000
0.180807 0.707652 0.066612 0.037654 0.000077 0.007198 0.000000
0.181784 0.705848 0.067105 0.037856 0.000078 0.007329 0.000000
0.177817 0.707037 0.068674 0.038738 0.000083 0.007650 0.000000
0.176043 0.706719 0.069806 0.039447 0.000083 0.007901 0.000000
0.166690 0.711716 0.072240 0.040890 0.000093 0.008370 0.000000
0.166783 0.710716 0.072731 0.041177 0.000093 0.008500 0.000000
0.165642 0.710194 0.073619 0.041743 0.000098 0.008705 0.000000
0.162467 0.710479 0.075267 0.042592 0.000100 0.009095 0.000000
0.148950 0.718562 0.078394 0.044310 0.000104 0.009679 0.000000
0.152030 0.715246 0.078443 0.044391 0.000112 0.009777 0.000000
0.150491 0.714852 0.079552 0.044905 0.000112 0.010087 0.000001
0.140937 0.718912 0.082670 0.046642 0.000122 0.010717 0.000001
0.137056 0.720213 0.084177 0.047397 0.000123 0.011034 0.000001
0.133192 0.721594 0.085560 0.048172 0.000125 0.011354 0.000001
0.125729 0.724566 0.088229 0.049477 0.000133 0.011865 0.000001
0.128587 0.721224 0.088315 0.049640 0.000138 0.012094 0.000001
0.123484 0.722255 0.090598 0.050890 0.000142 0.012629 0.000001
0.114290 0.726830 0.093092 0.052405 0.000153 0.013229 0.000001
0.112956 0.726698 0.093890 0.052810 0.000153 0.013492 0.000001
0.109230 0.726457 0.096083 0.054036 0.000161 0.014032 0.000001
0.102141 0.729076 0.098556 0.055464 0.000162 0.014601 0.000001
0.095932 0.730873 0.101003 0.056816 0.000169 0.015207 0.000001
0.091195 0.731763 0.103105 0.057905 0.000182 0.015849 0.000001
0.085800 0.733808 0.104868 0.058985 0.000190 0.016347 0.000001
0.082546 0.734543 0.106301 0.059700 0.000197 0.016713 0.000001
0.074386 0.736482 0.109638 0.061646 0.000204 0.017641 0.000001
0.072414 0.736863 0.110453 0.062075 0.000209 0.017986 0.000001
0.071204 0.736580 0.111417 0.062322 0.000210 0.018267 0.000001
0.065962 0.738670 0.113125 0.063346 0.000221 0.018675 0.000001
0.061765 0.737374 0.115987 0.065075 0.000234 0.019564 0.000001
0.057581 0.737084 0.118395 0.066453 0.000238 0.020247 0.000001
0.054056 0.735207 0.121235 0.068079 0.000252 0.021170 0.000001
0.051370 0.734626 0.122971 0.069054 0.000256 0.021722 0.000001
0.050498 0.733800 0.123873 0.069491 0.000264 0.022074 0.000001
0.047501 0.732635 0.125996 0.070790 0.000273 0.022804 0.000001
0.043772 0.731847 0.128373 0.072195 0.000281 0.023531 0.000001
0.041184 0.729964 0.130817 0.073431 0.000287 0.024317 0.000001
0.040615 0.728277 0.131871 0.074056 0.000292 0.024889 0.000001
0.039231 0.725678 0.133791 0.075312 0.000300 0.025686 0.000001
0.038157 0.724713 0.134849 0.075852 0.000306 0.026122 0.000001
0.036204 0.722277 0.137191 0.077126 0.000318 0.026882 0.000001
0.034920 0.720264 0.138887 0.077976 0.000320 0.027633 0.000001
0.033187 0.717134 0.141365 0.079342 0.000335 0.028636 0.000001
0.032804 0.715143 0.142509 0.080088 0.000339 0.029115 0.000001
0.032650 0.714364 0.142960 0.080309 0.000348 0.029367 0.000001
0.030254 0.710375 0.146227 0.082118 0.000357 0.030669 0.000001
0.030086 0.709383 0.146687 0.082497 0.000367 0.030979 0.000002
0.029417 0.708190 0.147589 0.082970 0.000373 0.031459 0.000001
0.028454 0.704565 0.149923 0.084187 0.000373 0.032496 0.000001
0.027819 0.702566 0.151168 0.084923 0.000378 0.033145 0.000001
0.027592 0.700717 0.152170 0.085505 0.000381 0.033634 0.000002
0.026364 0.698521 0.153874 0.086459 0.000392 0.034387 0.000003
0.025717 0.695823 0.155411 0.087453 0.000405 0.035189 0.000002
0.025558 0.693906 0.156340 0.088071 0.000412 0.035711 0.000003
0.025433 0.692728 0.156968 0.088351 0.000420 0.036097 0.000003
0.024093 0.688368 0.159633 0.090030 0.000431 0.037442 0.000003
0.023627 0.686989 0.160651 0.090484 0.000431 0.037815 0.000002
0.023333 0.684379 0.161909 0.091396 0.000442 0.038539 0.000002
0.022175 0.681029 0.164203 0.092493 0.000465 0.039632 0.000003
0.022177 0.679502 0.164747 0.093018 0.000464 0.040090 0.000002
0.021644 0.677451 0.166026 0.093704 0.000468 0.040705 0.000002
0.021180 0.674560 0.167506 0.094616 0.000479 0.041656 0.000003
0.020597 0.671892 0.169069 0.095525 0.000491 0.042423 0.000003
0.020335 0.670363 0.169863 0.096038 0.000491 0.042906 0.000003
0.019961 0.668033 0.171132 0.096646 0.000500 0.043723 0.000003
0.019591 0.665693 0.172278 0.097378 0.000517 0.044539 0.000004
0.019755 0.664986 0.172607 0.097442 0.000518 0.044689 0.000003
0.018978 0.660137 0.175280 0.098915 0.000524 0.046161 0.000004
0.018666 0.658275 0.176360 0.099462 0.000527 0.046704 0.000006
0.018315 0.655934 0.177509 0.100190 0.000547 0.047500 0.000006
0.017942 0.653699 0.178577 0.100878 0.000554 0.048345 0.000005
0.017583 0.649676 0.180488 0.102086 0.000577 0.049585 0.000005
0.017690 0.649998 0.180311 0.101848 0.000566 0.049582 0.000005
0.017222 0.646825 0.181917 0.102715 0.000576 0.050739 0.000005
0.016992 0.643916 0.183038 0.103683 0.000607 0.051759 0.000005
0.016677 0.641703 0.184217 0.104321 0.000607 0.052470 0.000004
0.016621 0.640400 0.184850 0.104458 0.000614 0.053052 0.000005
0.016192 0.637127 0.186382 0.105516 0.000621 0.054157 0.000005
0.016112 0.635752 0.187138 0.105737 0.000627 0.054626 0.000007
0.015862 0.633504 0.188170 0.106454 0.000637 0.055367 0.000006
0.015556 0.631314 0.189322 0.106952 0.000655 0.056195 0.000007
0.015461 0.628818 0.190293 0.107611 0.000653 0.057158 0.000006
0.015268 0.626883 0.191111 0.108133 0.000673 0.057926 0.000007
0.014978 0.623778 0.192751 0.108930 0.000694 0.058862 0.000007
0.014725 0.620681 0.194050 0.109799 0.000710 0.060029 0.000007
0.014508 0.618991 0.194824 0.110275 0.000708 0.060687 0.000006
0.014500 0.617864 0.195347 0.110482 0.000712 0.061088 0.000008
0.014105 0.613825 0.197210 0.111528 0.000726 0.062598 0.000008
0.014090 0.612104 0.197793 0.111995 0.000742 0.063269 0.000007
0.013882 0.610275 0.198651 0.112452 0.000739 0.063993 0.000008
0.013733 0.607579 0.199745 0.113136 0.000751 0.065045 0.000010
0.013605 0.606374 0.200269 0.113460 0.000752 0.065530 0.000009
0.013531 0.605000 0.200912 0.113628 0.000766 0.066154 0.000009
0.013326 0.602392 0.201842 0.114428 0.000787 0.067217 0.000009
0.013109 0.599204 0.203221 0.115199 0.000796 0.068460 0.000011
0.013000 0.596876 0.204195 0.115689 0.000808 0.069422 0.000010
0.012856 0.594726 0.205207 0.116295 0.000830 0.070077 0.000009
0.012683 0.591889 0.206476 0.116819 0.000845 0.071278 0.000010
0.012803 0.592161 0.206225 0.116703 0.000835 0.071265 0.000008
0.012494 0.588522 0.207906 0.117623 0.000846 0.072600 0.000010
0.012381 0.586353 0.208726 0.118135 0.000857 0.073539 0.000009
0.012178 0.582980 0.210119 0.118864 0.000873 0.074975 0.000011
0.012149 0.582144 0.210417 0.118978 0.000883 0.075422 0.000008
0.011970 0.579134 0.211629 0.119643 0.000892 0.076722 0.000009
0.011904 0.577726 0.212251 0.119989 0.000900 0.077221 0.000009
0.011765 0.575427 0.213151 0.120495 0.000915 0.078238 0.000010
0.011721 0.574846 0.213397 0.120561 0.000917 0.078549 0.000008
0.011492 0.570876 0.215058 0.121555 0.000942 0.080069 0.000009
0.011439 0.568598 0.215960 0.122029 0.000942 0.081022 0.000009
0.011359 0.566524 0.216662 0.122461 0.000970 0.082014 0.000008
0.011204 0.564116 0.217588 0.123080 0.000981 0.083019 0.000012
0.011170 0.562433 0.218162 0.123559 0.000968 0.083698 0.000010
0.011009 0.560614 0.218779 0.123998 0.000990 0.084600 0.000010
0.010969 0.558368 0.219620 0.124426 0.000985 0.085621 0.000011
0.010931 0.556539 0.220228 0.124871 0.001006 0.086415 0.000010
0.010836 0.554478 0.221099 0.125381 0.001023 0.087170 0.000012
0.010788 0.552838 0.221626 0.125615 0.001037 0.088085 0.000012
0.010689 0.550774 0.222245 0.126119 0.001040 0.089120 0.000012
0.010474 0.547146 0.223851 0.126908 0.001056 0.090553 0.000012
0.010481 0.545611 0.224270 0.127222 0.001061 0.091343 0.000012
0.010454 0.544819 0.224715 0.127196 0.001068 0.091736 0.000012
0.010333 0.542249 0.225422 0.127896 0.001078 0.093010 0.000012
0.010188 0.540464 0.226334 0.127994 0.001084 0.093925 0.000012
0.010137 0.538618 0.227082 0.128338 0.001094 0.094719 0.000011
0.010061 0.536307 0.227972 0.128999 0.001096 0.095554 0.000012
0.010005 0.534533 0.228454 0.129254 0.001117 0.096626 0.000012
0.009945 0.532402 0.229006 0.129666 0.001123 0.097844 0.000014
0.009875 0.530657 0.229727 0.130011 0.001142 0.098577 0.000012
0.009813 0.527862 0.230593 0.130463 0.001166 0.100091 0.000013
0.009748 0.526491 0.231272 0.130720 0.001193 0.100565 0.000012
0.009648 0.523159 0.232397 0.131424 0.001203 0.102156 0.000013
0.009594 0.522417 0.232737 0.131571 0.001200 0.102468 0.000013
0.009602 0.520873 0.233247 0.131819 0.001223 0.103222 0.000014
0.009447 0.517578 0.234422 0.132482 0.001219 0.104841 0.000012
0.009524 0.518092 0.233991 0.132285 0.001205 0.104890 0.000013
0.009389 0.515007 0.235105 0.132830 0.001225 0.106430 0.000014
0.009317 0.513526 0.235669 0.133017 0.001230 0.107229 0.000012
0.009174 0.509724 0.236913 0.133953 0.001256 0.108966 0.000013
0.009163 0.508651 0.237117 0.134002 0.001256 0.109799 0.000014
0.009089 0.506299 0.238017 0.134493 0.001250 0.110838 0.000014
0.009059 0.506602 0.237914 0.134284 0.001258 0.110868 0.000015
0.008941 0.503370 0.239104 0.134913 0.001282 0.112374 0.000016
0.008911 0.500649 0.239980 0.135499 0.001297 0.113648 0.000016
0.008874 0.498416 0.240598 0.136016 0.001309 0.114770 0.000016
0.008847 0.497111 0.241009 0.135929 0.001315 0.115771 0.000018
0.008790 0.495465 0.241456 0.136300 0.001324 0.116649 0.000016
0.008726 0.494011 0.241727 0.136578 0.001337 0.117605 0.000016
0.008675 0.491406 0.242614 0.137165 0.001356 0.118765 0.000019
0.008617 0.489625 0.243353 0.137233 0.001372 0.119782 0.000018
0.008568 0.488746 0.243397 0.137379 0.001353 0.120541 0.000015
0.008571 0.487005 0.243777 0.137835 0.001383 0.121413 0.000015
0.008563 0.486448 0.244127 0.137904 0.001378 0.121565 0.000016
0.008526 0.483009 0.245062 0.138490 0.001388 0.123508 0.000018
0.008513 0.481164 0.245591 0.138842 0.001395 0.124478 0.000016
0.008436 0.479160 0.246154 0.139066 0.001406 0.125761 0.000017
0.008405 0.476974 0.246647 0.139404 0.001421 0.127130 0.000019
0.008333 0.475110 0.247109 0.139903 0.001438 0.128089 0.000019
0.008298 0.473983 0.247590 0.140006 0.001446 0.128660 0.000017
0.008270 0.471797 0.247911 0.140363 0.001454 0.130186 0.000019
0.008290 0.471044 0.248133 0.140485 0.001454 0.130573 0.000022
0.008209 0.469738 0.248697 0.140492 0.001470 0.131377 0.000017
0.008179 0.467145 0.249425 0.140914 0.001479 0.132840 0.000017
0.008220 0.466302 0.249559 0.140952 0.001492 0.133458 0.000017
0.008119 0.463283 0.250365 0.141721 0.001488 0.135003 0.000021
0.008095 0.461532 0.250771 0.141960 0.001516 0.136107 0.000019
0.008048 0.461300 0.250956 0.141723 0.001512 0.136444 0.000017
0.008094 0.458934 0.251405 0.142078 0.001543 0.137924 0.000022
0.008015 0.458121 0.251468 0.142212 0.001547 0.138616 0.000020
0.007932 0.454594 0.252482 0.142763 0.001552 0.140654 0.000023
0.007919 0.452670 0.252990 0.142990 0.001569 0.141842 0.000020
0.007913 0.452727 0.252929 0.142881 0.001548 0.141978 0.000023
0.007867 0.451206 0.253187 0.143263 0.001576 0.142880 0.000021
0.007850 0.449464 0.253754 0.143450 0.001610 0.143853 0.000020
0.007823 0.447646 0.254153 0.143827 0.001596 0.144933 0.000021
0.007831 0.445393 0.254690 0.144067 0.001617 0.146378 0.000024
0.007763 0.442680 0.255296 0.144452 0.001648 0.148136 0.000025
0.007684 0.440740 0.255835 0.144661 0.001656 0.149399 0.000026
0.007716 0.440703 0.256000 0.144676 0.001651 0.149230 0.000023
0.007638 0.438628 0.256308 0.144899 0.001665 0.150835 0.000027
0.007619 0.436346 0.256931 0.145233 0.001696 0.152154 0.000022
0.007632 0.436077 0.256769 0.145379 0.001664 0.152454 0.000024
0.007605 0.434851 0.257279 0.145280 0.001690 0.153274 0.000022
0.007662 0.433102 0.257629 0.145658 0.001695 0.154227 0.000027
0.007590 0.431032 0.258091 0.145906 0.001732 0.155622 0.000026
0.007540 0.428996 0.258623 0.146165 0.001741 0.156908 0.000027
0.007576 0.428040 0.258661 0.146283 0.001743 0.157667 0.000030
0.007519 0.426975 0.259121 0.146202 0.001753 0.158402 0.000028
0.007521 0.423338 0.259698 0.146776 0.001785 0.160850 0.000031
0.007513 0.423053 0.259810 0.146833 0.001795 0.160965 0.000031
0.007482 0.422571 0.259863 0.146809 0.001804 0.161444 0.000026
0.007468 0.419726 0.260537 0.147196 0.001825 0.163218 0.000030
0.007393 0.416660 0.261218 0.147569 0.001833 0.165300 0.000027
0.007408 0.417108 0.261060 0.147470 0.001828 0.165097 0.000029
0.007414 0.415936 0.261144 0.147496 0.001828 0.166151 0.000030
0.007413 0.414355 0.261332 0.147675 0.001850 0.167345 0.000029
0.007387 0.413107 0.261400 0.147929 0.001858 0.168291 0.000027
0.007334 0.410758 0.262193 0.147986 0.001880 0.169822 0.000027
0.007336 0.409612 0.262084 0.148191 0.001886 0.170864 0.000027
0.007351 0.407489 0.262366 0.148571 0.001897 0.172298 0.000028
0.007314 0.406367 0.262726 0.148594 0.001906 0.173064 0.000028
0.007281 0.404416 0.263056 0.148803 0.001916 0.174497 0.000032
0.007280 0.403852 0.263274 0.148873 0.001916 0.174775 0.000029
0.007255 0.402453 0.263469 0.148872 0.001924 0.175992 0.000034
0.007238 0.400340 0.263890 0.149064 0.001931 0.177504 0.000031
0.007252 0.399510 0.263946 0.149270 0.001951 0.178035 0.000035
0.007215 0.397191 0.264651 0.149320 0.002007 0.179585 0.000031
0.007200 0.396371 0.264201 0.149556 0.001987 0.180648 0.000037
0.007156 0.394858 0.264860 0.149649 0.002008 0.181435 0.000033
0.007125 0.393386 0.265164 0.149742 0.002022 0.182528 0.000032
0.007153 0.391804 0.265239 0.150089 0.002043 0.183638 0.000033
0.007181 0.390181 0.265536 0.150205 0.002027 0.184833 0.000035
0.007161 0.389689 0.265687 0.150132 0.002025 0.185274 0.000032
0.007228 0.387392 0.265896 0.150345 0.002040 0.187066 0.000032
0.007171 0.386151 0.266187 0.150584 0.002056 0.187817 0.000034
0.007155 0.383754 0.266617 0.150685 0.002063 0.189693 0.000034
0.007103 0.383184 0.266712 0.150738 0.002088 0.190141 0.000033
0.007147 0.382235 0.266848 0.150923 0.002075 0.190735 0.000036
0.007135 0.380127 0.266950 0.151054 0.002086 0.192613 0.000035
0.007074 0.379125 0.267224 0.151015 0.002112 0.193414 0.000036
0.007084 0.377573 0.267374 0.151192 0.002117 0.194626 0.000034
0.007071 0.375954 0.267556 0.151350 0.002129 0.195900 0.000040
0.007043 0.374911 0.267976 0.151346 0.002122 0.196567 0.000035
0.007068 0.374037 0.267934 0.151553 0.002134 0.197236 0.000038
0.007102 0.372570 0.268092 0.151720 0.002127 0.198349 0.000041
0.007138 0.370922 0.268328 0.151704 0.002142 0.199727 0.000038
0.007112 0.369676 0.268667 0.151744 0.002148 0.200614 0.000041
0.007065 0.368204 0.268797 0.151789 0.002161 0.201943 0.000040
0.007101 0.365889 0.269098 0.152127 0.002186 0.203558 0.000041
0.007152 0.365458 0.268995 0.151863 0.002184 0.204307 0.000041
0.007144 0.364208 0.269300 0.152127 0.002202 0.204976 0.000043
0.007149 0.362683 0.269139 0.152390 0.002241 0.206356 0.000043
0.007088 0.361391 0.269630 0.152325 0.002221 0.207304 0.000041
0.007087 0.359693 0.269869 0.152372 0.002244 0.208693 0.000042
0.007167 0.358418 0.269735 0.152572 0.002259 0.209808 0.000041
0.007195 0.357158 0.270111 0.152544 0.002272 0.210680 0.000040
0.007185 0.356445 0.270138 0.152503 0.002265 0.211420 0.000044
0.007161 0.354725 0.270188 0.152681 0.002295 0.212907 0.000043
0.007166 0.353552 0.270301 0.152576 0.002322 0.214040 0.000044
0.007124 0.351660 0.270593 0.152866 0.002308 0.215404 0.000046
0.007114 0.350677 0.270554 0.152969 0.002317 0.216323 0.000045
0.007137 0.349313 0.270553 0.152881 0.002357 0.217714 0.000045
0.007123 0.347321 0.270639 0.153152 0.002360 0.219355 0.000049
0.007125 0.346666 0.270786 0.153124 0.002359 0.219890 0.000049
0.007133 0.345093 0.271052 0.153341 0.002397 0.220935 0.000048
0.007150 0.344481 0.271491 0.153030 0.002403 0.221397 0.000047
0.007163 0.341525 0.271363 0.153419 0.002440 0.224046 0.000045
0.007132 0.341820 0.271434 0.153418 0.002409 0.223740 0.000047
0.007098 0.340404 0.271461 0.153513 0.002434 0.225042 0.000047
0.007156 0.339782 0.271630 0.153473 0.002422 0.225491 0.000047
0.007160 0.338715 0.271685 0.153487 0.002443 0.226463 0.000047
0.007098 0.337645 0.271898 0.153456 0.002442 0.227413 0.000049
0.007153 0.335507 0.271673 0.153822 0.002472 0.229325 0.000049
0.007134 0.334950 0.271842 0.153655 0.002482 0.229889 0.000047
0.007169 0.333245 0.271895 0.153793 0.002480 0.231368 0.000050
0.007151 0.332115 0.272017 0.153867 0.002499 0.232303 0.000049
0.007201 0.330222 0.272206 0.153835 0.002485 0.234003 0.000048
0.007171 0.329864 0.272056 0.153870 0.002499 0.234492 0.000047
0.007148 0.329317 0.272046 0.153842 0.002509 0.235086 0.000052
0.007168 0.326623 0.272238 0.154043 0.002524 0.237352 0.000053
0.007162 0.325397 0.272538 0.153995 0.002531 0.238327 0.000050
0.007182 0.324545 0.272487 0.153966 0.002538 0.239226 0.000055
0.007207 0.324105 0.272492 0.153882 0.002543 0.239717 0.000055
0.007224 0.323669 0.272369 0.153967 0.002527 0.240194 0.000051
0.007194 0.321561 0.272444 0.154161 0.002549 0.242034 0.000056
0.007162 0.319787 0.272403 0.154301 0.002582 0.243709 0.000056
0.007211 0.319212 0.272348 0.154252 0.002574 0.244345 0.000057
0.007210 0.318560 0.272362 0.154033 0.002584 0.245194 0.000057
0.007231 0.317288 0.272521 0.154109 0.002596 0.246200 0.000055
0.007274 0.316274 0.272422 0.154074 0.002581 0.247312 0.000063
0.007258 0.313789 0.272734 0.154168 0.002631 0.249362 0.000058
0.007239 0.313829 0.272500 0.154222 0.002627 0.249523 0.000060
0.007296 0.312626 0.272449 0.154198 0.002642 0.250732 0.000058
0.007301 0.311436 0.272565 0.154156 0.002647 0.251836 0.000059
0.007305 0.310080 0.272478 0.154090 0.002656 0.253329 0.000062
0.007351 0.309375 0.272362 0.154219 0.002653 0.253977 0.000063
0.007383 0.307828 0.272208 0.154140 0.002682 0.255695 0.000064
0.007369 0.307679 0.272072 0.153956 0.002699 0.256164 0.000062
0.007403 0.306433 0.272199 0.153903 0.002721 0.257282 0.000059
0.007366 0.304554 0.272128 0.154014 0.002730 0.259144 0.000065
0.007393 0.303649 0.272247 0.154045 0.002760 0.259840 0.000065
0.007387 0.303179 0.272069 0.153980 0.002751 0.260568 0.000066
0.007376 0.302132 0.272063 0.153899 0.002764 0.261706 0.000060
0.007350 0.301184 0.272043 0.153863 0.002753 0.262742 0.000065
0.007368 0.299156 0.272171 0.153934 0.002793 0.264514 0.000065
0.007370 0.298892 0.271952 0.154013 0.002784 0.264922 0.000066
0.007342 0.297139 0.272044 0.153948 0.002818 0.266641 0.000068
0.007384 0.296511 0.272136 0.153947 0.002794 0.267159 0.000069
0.007387 0.295348 0.272057 0.153746 0.002832 0.268556 0.000073
0.007347 0.294377 0.272158 0.153789 0.002844 0.269417 0.000069
0.007351 0.293373 0.272129 0.153992 0.002864 0.270218 0.000074
0.007380 0.292167 0.271907 0.153748 0.002833 0.271891 0.000074
0.007424 0.291123 0.271909 0.153780 0.002879 0.272805 0.000078
0.007440 0.290319 0.271930 0.153805 0.002874 0.273560 0.000073
0.007456 0.289377 0.271891 0.153823 0.002919 0.274461 0.000074
0.007433 0.288568 0.271958 0.153635 0.002878 0.275455 0.000073
0.007495 0.286676 0.271699 0.153739 0.002913 0.277401 0.000077
0.007528 0.286015 0.271552 0.153690 0.002914 0.278228 0.000072
0.007514 0.285068 0.271547 0.153444 0.002940 0.279409 0.000077
0.007515 0.284062 0.271747 0.153583 0.002925 0.280085 0.000083
0.007480 0.283193 0.271557 0.153430 0.002933 0.281326 0.000081
0.007511 0.282532 0.271311 0.153437 0.002970 0.282160 0.000079
0.007489 0.281713 0.271237 0.153289 0.002966 0.283225 0.000080
0.007511 0.280882 0.271328 0.153069 0.002972 0.284159 0.000079
0.007560 0.278963 0.271212 0.153362 0.002992 0.285830 0.000082
0.007611 0.278793 0.270992 0.153270 0.002965 0.286286 0.000083
0.007614 0.278034 0.271014 0.153207 0.003006 0.287041 0.000084
0.007598 0.276567 0.271109 0.153012 0.002991 0.288639 0.000084
0.007637 0.275793 0.270823 0.153053 0.003011 0.289601 0.000082
0.007687 0.274622 0.270590 0.153080 0.003031 0.290906 0.000084
0.007679 0.273210 0.270658 0.152837 0.003016 0.292520 0.000080
0.007658 0.272594 0.270575 0.152890 0.003041 0.293161 0.000082
0.007695 0.272214 0.270457 0.152784 0.003020 0.293748 0.000082
0.007719 0.271076 0.270390 0.153110 0.003038 0.294579 0.000088
0.007715 0.270194 0.270031 0.152818 0.003061 0.296096 0.000084
0.007760 0.269244 0.270242 0.152711 0.003064 0.296891 0.000088
0.007782 0.268141 0.269873 0.152571 0.003059 0.298484 0.000089
0.007811 0.267829 0.269722 0.152640 0.003050 0.298860 0.000087
0.007784 0.266349 0.269833 0.152646 0.003061 0.300239 0.000089
0.007805 0.266401 0.269861 0.152524 0.003082 0.300241 0.000087
0.007847 0.265261 0.269465 0.152217 0.003065 0.302057 0.000088
0.007895 0.263974 0.269347 0.152430 0.003082 0.303182 0.000090
0.007828 0.263025 0.269310 0.152478 0.003089 0.304181 0.000089
0.007898 0.261985 0.269369 0.152272 0.003067 0.305318 0.000090
0.007938 0.261176 0.269259 0.152253 0.003096 0.306186 0.000092
0.008006 0.259958 0.268733 0.152217 0.003104 0.307890 0.000093
0.007991 0.259247 0.268950 0.152090 0.003072 0.308556 0.000093
0.007953 0.258467 0.268777 0.152233 0.003120 0.309356 0.000094
0.007969 0.257574 0.268840 0.151825 0.003125 0.310575 0.000091
0.007936 0.256981 0.268712 0.151865 0.003156 0.311263 0.000087
0.007930 0.256025 0.268420 0.151979 0.003143 0.312413 0.000089
0.007953 0.255186 0.268531 0.151768 0.003142 0.313328 0.000094
0.008043 0.254284 0.268189 0.151738 0.003163 0.314490 0.000094
0.008043 0.252907 0.268169 0.151843 0.003160 0.315783 0.000095
0.008032 0.252615 0.268050 0.151511 0.003159 0.316539 0.000094
0.008014 0.252026 0.267936 0.151426 0.003181 0.317317 0.000100
0.008006 0.251265 0.267740 0.151334 0.003183 0.318382 0.000090
0.008045 0.250823 0.267643 0.151306 0.003192 0.318896 0.000095
0.008023 0.249415 0.267519 0.151268 0.003183 0.320499 0.000092
0.008097 0.249011 0.267362 0.151231 0.003180 0.321022 0.000097
0.008064 0.248211 0.267200 0.150994 0.003178 0.322254 0.000098
0.008154 0.245762 0.266732 0.150881 0.003222 0.325144 0.000104
0.008085 0.246286 0.266879 0.150842 0.003236 0.324570 0.000101
0.008111 0.245953 0.266730 0.150787 0.003238 0.325071 0.000110
0.008145 0.244640 0.266627 0.150473 0.003224 0.326780 0.000110
0.008162 0.243419 0.266337 0.150602 0.003247 0.328132 0.000100
0.008172 0.242475 0.266372 0.150542 0.003250 0.329083 0.000107
0.008215 0.241526 0.266031 0.150476 0.003264 0.330382 0.000106
0.008244 0.240716 0.265708 0.150364 0.003277 0.331589 0.000101
0.008267 0.240031 0.266016 0.150086 0.003254 0.332238 0.000108
0.008320 0.239929 0.265713 0.150069 0.003264 0.332596 0.000109
0.008257 0.238977 0.265345 0.150028 0.003279 0.334003 0.000111
0.008245 0.238267 0.265449 0.149961 0.003317 0.334650 0.000111
0.008308 0.237395 0.264810 0.149999 0.003287 0.336086 0.000115
0.008328 0.236229 0.264805 0.149823 0.003317 0.337388 0.000111
0.008304 0.236492 0.264556 0.149704 0.003301 0.337527 0.000115
0.008336 0.234870 0.264426 0.149795 0.003300 0.339157 0.000115
0.008390 0.233948 0.264248 0.149496 0.003317 0.340494 0.000108
0.008364 0.233354 0.264201 0.149350 0.003318 0.341297 0.000116
0.008414 0.232446 0.264172 0.149332 0.003313 0.342204 0.000118
0.008395 0.232269 0.264050 0.149317 0.003331 0.342523 0.000114
0.008515 0.230973 0.263430 0.149270 0.003353 0.344339 0.000119
0.008442 0.230305 0.263645 0.149190 0.003338 0.344962 0.000117
0.008526 0.229866 0.263234 0.149180 0.003340 0.345737 0.000118
0.008632 0.229021 0.263311 0.148817 0.003356 0.346744 0.000119
0.008607 0.227933 0.263086 0.148881 0.003347 0.348024 0.000121
0.008604 0.227382 0.262803 0.148845 0.003376 0.348872 0.000118
0.008577 0.226761 0.262969 0.148396 0.003359 0.349813 0.000124
0.008676 0.225483 0.262047 0.148373 0.003378 0.351926 0.000118
0.008680 0.224982 0.262295 0.148300 0.003395 0.352226 0.000122
0.008640 0.224303 0.262091 0.148102 0.003377 0.353361 0.000125
0.008708 0.222817 0.261846 0.148005 0.003434 0.355069 0.000120
0.008719 0.222824 0.261742 0.148031 0.003395 0.355165 0.000123
0.008727 0.221929 0.261617 0.147789 0.003416 0.356403 0.000120
0.008754 0.222019 0.261521 0.147752 0.003392 0.356441 0.000121
0.008887 0.220622 0.261100 0.147487 0.003441 0.358343 0.000120
0.008867 0.220586 0.260884 0.147522 0.003452 0.358569 0.000120
0.008787 0.220270 0.261011 0.147578 0.003459 0.358772 0.000123
0.008877 0.218510 0.260455 0.147180 0.003454 0.361393 0.000130
0.008925 0.218084 0.260299 0.147068 0.003455 0.362039 0.000129
0.008944 0.217880 0.260135 0.146848 0.003459 0.362605 0.000128
0.008979 0.216205 0.259751 0.146999 0.003475 0.364464 0.000127
0.009056 0.216140 0.259539 0.146772 0.003512 0.364850 0.000131
0.009032 0.215218 0.259351 0.146645 0.003509 0.366116 0.000129
0.009013 0.214686 0.259374 0.146522 0.003520 0.366756 0.000130
0.009076 0.213803 0.258913 0.146580 0.003512 0.367987 0.000129
0.009080 0.212901 0.258848 0.146248 0.003526 0.369265 0.000132
0.009108 0.212476 0.258507 0.146142 0.003541 0.370096 0.000130
0.009107 0.211465 0.258687 0.145947 0.003532 0.371129 0.000132
0.009174 0.210941 0.258053 0.145998 0.003580 0.372128 0.000127
0.009246 0.211149 0.258020 0.145763 0.003568 0.372127 0.000127
0.009193 0.209771 0.257718 0.145659 0.003563 0.373965 0.000131
0.009209 0.209024 0.257502 0.145574 0.003560 0.374998 0.000133
0.009321 0.208479 0.256999 0.145481 0.003588 0.376002 0.000131
0.009256 0.207907 0.257136 0.145383 0.003561 0.376628 0.000129
0.009319 0.207144 0.256771 0.145246 0.003579 0.377806 0.000135
0.009359 0.206464 0.256329 0.145050 0.003594 0.379077 0.000128
0.009347 0.205894 0.256628 0.145236 0.003588 0.379173 0.000133
0.009381 0.205125 0.256268 0.145009 0.003604 0.380483 0.000131
0.009471 0.204816 0.255649 0.144692 0.003604 0.381639 0.000129
0.009428 0.204156 0.255533 0.144559 0.003612 0.382586 0.000127
0.009451 0.203311 0.255259 0.144534 0.003631 0.383679 0.000136
0.009501 0.202729 0.255279 0.144302 0.003610 0.384439 0.000141
0.009502 0.202234 0.254993 0.144347 0.003628 0.385157 0.000139
0.009491 0.201838 0.254711 0.144193 0.003685 0.385949 0.000132
0.009605 0.200357 0.253973 0.143765 0.003666 0.388497 0.000135
0.009567 0.200498 0.254386 0.143879 0.003689 0.387846 0.000135
0.009652 0.199401 0.254039 0.143597 0.003713 0.389462 0.000135
0.009560 0.199080 0.254070 0.143628 0.003696 0.389824 0.000142
0.009599 0.198927 0.253793 0.143500 0.003690 0.390341 0.000150
0.009653 0.197989 0.253569 0.143068 0.003694 0.391890 0.000136
0.009663 0.197249 0.253121 0.143099 0.003734 0.392993 0.000141
0.009614 0.196951 0.252966 0.143129 0.003746 0.393452 0.000143
0.009710 0.196179 0.252712 0.142845 0.003729 0.394687 0.000137
0.009720 0.195795 0.252416 0.142833 0.003738 0.395355 0.000144
0.009736 0.195159 0.252170 0.142602 0.003758 0.396431 0.000143
0.009817 0.194224 0.251980 0.142509 0.003744 0.397574 0.000152
0.009843 0.193757 0.251836 0.142295 0.003767 0.398353 0.000149
0.009903 0.192800 0.251315 0.142109 0.003795 0.399924 0.000155
0.009925 0.192258 0.250984 0.142228 0.003767 0.400693 0.000145
0.009924 0.191769 0.251147 0.142110 0.003805 0.401099 0.000146
0.009997 0.191244 0.250625 0.142181 0.003799 0.402007 0.000146
0.009974 0.190533 0.250348 0.141908 0.003819 0.403268 0.000150
0.009928 0.190623 0.250148 0.141828 0.003809 0.403515 0.000148
0.010032 0.189406 0.249819 0.141712 0.003848 0.405036 0.000146
0.010061 0.188835 0.249667 0.141508 0.003875 0.405906 0.000149
0.010110 0.188155 0.249107 0.141454 0.003872 0.407153 0.000149
0.010177 0.187596 0.249174 0.141172 0.003827 0.407904 0.000151
0.010132 0.187632 0.248914 0.140994 0.003870 0.408309 0.000150
0.010117 0.186725 0.248594 0.140865 0.003827 0.409726 0.000147
0.010160 0.186356 0.248406 0.140660 0.003838 0.410434 0.000146
0.010233 0.185663 0.248398 0.140784 0.003858 0.410915 0.000148
0.010254 0.185064 0.247815 0.140557 0.003872 0.412287 0.000150
0.010334 0.184756 0.247787 0.140447 0.003870 0.412652 0.000155
0.010375 0.184211 0.247700 0.140289 0.003879 0.413397 0.000149
0.010394 0.182823 0.247199 0.140072 0.003899 0.415460 0.000154
0.010447 0.182643 0.247019 0.139908 0.003888 0.415941 0.000153
0.010387 0.182393 0.247013 0.139812 0.003894 0.416338 0.000162
0.010420 0.181825 0.246323 0.139686 0.003896 0.417690 0.000159
0.010526 0.180993 0.246150 0.139426 0.003911 0.418839 0.000155
0.010545 0.180659 0.245914 0.139285 0.003896 0.419545 0.000156
0.010553 0.180896 0.245884 0.139221 0.003933 0.419362 0.000151
0.010491 0.180122 0.245657 0.139058 0.003924 0.420594 0.000154
0.010531 0.179237 0.245458 0.138791 0.003934 0.421889 0.000160
0.010591 0.179051 0.244898 0.138911 0.003949 0.422441 0.000158
0.010652 0.178088 0.244814 0.138746 0.003971 0.423580 0.000149
0.010747 0.177308 0.244390 0.138444 0.003965 0.424991 0.000155
0.010743 0.176900 0.244416 0.138225 0.003994 0.425564 0.000157
0.010705 0.176897 0.243929 0.138234 0.004004 0.426074 0.000156
0.010693 0.176305 0.244178 0.138050 0.003963 0.426649 0.000162
0.010840 0.175546 0.243709 0.137801 0.003963 0.427978 0.000162
0.010833 0.175277 0.243319 0.137810 0.003986 0.428616 0.000158
0.010814 0.175002 0.243307 0.137768 0.004003 0.428948 0.000158
0.010918 0.173636 0.242568 0.137417 0.003996 0.431310 0.000155
0.010877 0.173633 0.242521 0.137175 0.004005 0.431627 0.000162
0.010934 0.173263 0.241958 0.137242 0.003984 0.432463 0.000157
0.010964 0.173036 0.242306 0.137015 0.004021 0.432496 0.000163
0.011031 0.172310 0.241875 0.136737 0.003974 0.433918 0.000155
0.011036 0.171964 0.241460 0.136662 0.004012 0.434703 0.000162
0.011173 0.170857 0.241172 0.136523 0.004029 0.436080 0.000165
0.011185 0.170461 0.240833 0.136358 0.004009 0.436994 0.000160
0.011199 0.170404 0.241002 0.136335 0.004046 0.436849 0.000166
0.011294 0.169172 0.240221 0.136058 0.004045 0.439049 0.000160
0.011291 0.169432 0.240217 0.136083 0.004030 0.438781 0.000166
0.011343 0.168932 0.239968 0.135963 0.004051 0.439580 0.000164
0.011417 0.167823 0.239592 0.135774 0.004024 0.441205 0.000166
0.011358 0.168136 0.239695 0.135545 0.004072 0.441020 0.000173
0.011455 0.167490 0.239223 0.135260 0.004032 0.442372 0.000168
0.011428 0.167299 0.239044 0.135344 0.004101 0.442615 0.000169
0.011400 0.166728 0.238841 0.135147 0.004077 0.443644 0.000163
0.011520 0.165713 0.238601 0.134893 0.004067 0.445041 0.000165
0.011481 0.165521 0.238278 0.135020 0.004096 0.445441 0.000164
0.011543 0.165084 0.237843 0.134729 0.004089 0.446546 0.000166
0.011523 0.164958 0.237908 0.134272 0.004101 0.447070 0.000169
0.011594 0.164266 0.237422 0.134314 0.004086 0.448156 0.000161
0.011613 0.163801 0.237408 0.134271 0.004098 0.448639 0.000170
0.011722 0.163391 0.236765 0.133904 0.004124 0.449924 0.000171
0.011677 0.162761 0.236504 0.133863 0.004128 0.450891 0.000176
0.011750 0.162433 0.235883 0.133780 0.004138 0.451833 0.000182
0.011697 0.162069 0.235883 0.133479 0.004141 0.452558 0.000173
0.011690 0.161923 0.235809 0.133486 0.004124 0.452795 0.000173
0.011842 0.161437 0.235512 0.133370 0.004113 0.453551 0.000175
0.011886 0.160875 0.235029 0.132993 0.004143 0.454902 0.000172
0.011820 0.160355 0.234735 0.132929 0.004132 0.455851 0.000176
0.011898 0.159725 0.234242 0.132728 0.004142 0.457084 0.000182
0.011978 0.158972 0.233711 0.132573 0.004164 0.458423 0.000178
0.011910 0.158839 0.234295 0.132342 0.004178 0.458260 0.000176
0.011984 0.158867 0.233807 0.132431 0.004161 0.458581 0.000169
0.012047 0.157980 0.233104 0.132250 0.004178 0.460256 0.000185
0.012056 0.157842 0.233135 0.132004 0.004155 0.460633 0.000175
0.012069 0.157073 0.232645 0.131953 0.004192 0.461892 0.000176
0.012114 0.156893 0.232619 0.131852 0.004185 0.462150 0.000186
0.012176 0.156515 0.232127 0.131853 0.004165 0.462986 0.000178
0.012159 0.156215 0.232064 0.131694 0.004213 0.463467 0.000188
0.012177 0.155731 0.231639 0.131504 0.004215 0.464554 0.000180
0.012242 0.155458 0.231464 0.131264 0.004212 0.465173 0.000186
0.012280 0.154628 0.231339 0.131127 0.004201 0.466244 0.000180
0.012383 0.154606 0.230867 0.130963 0.004194 0.466798 0.000190
0.012330 0.154075 0.230726 0.130884 0.004208 0.467587 0.000190
0.012394 0.153185 0.230623 0.130618 0.004206 0.468780 0.000194
0.012444 0.152711 0.230025 0.130476 0.004224 0.469920 0.000201
0.012434 0.152679 0.229951 0.130355 0.004227 0.470166 0.000188
0.012491 0.152219 0.229499 0.130209 0.004212 0.471176 0.000194
0.012540 0.151939 0.229338 0.130058 0.004255 0.471683 0.000188
0.012493 0.151837 0.228873 0.130108 0.004267 0.472224 0.000198
0.012642 0.151376 0.228576 0.129892 0.004260 0.473059 0.000195
0.012767 0.150554 0.228165 0.129512 0.004257 0.474550 0.000195
0.012713 0.149951 0.227744 0.129422 0.004291 0.475693 0.000186
0.012662 0.149922 0.227903 0.129491 0.004301 0.475529 0.000193
0.012752 0.149715 0.227258 0.129256 0.004287 0.476541 0.000190
0.012809 0.149088 0.227179 0.129229 0.004276 0.477227 0.000194
0.012860 0.148777 0.226956 0.128978 0.004294 0.477945 0.000190
0.012851 0.148256 0.226665 0.128915 0.004302 0.478815 0.000197
0.012892 0.148241 0.226635 0.128648 0.004294 0.479099 0.000190
0.012955 0.147835 0.226083 0.128462 0.004282 0.480195 0.000190
0.013070 0.147295 0.225785 0.128334 0.004285 0.481037 0.000193
0.013083 0.147098 0.225327 0.128228 0.004322 0.481751 0.000191
0.013008 0.146790 0.225192 0.128066 0.004325 0.482418 0.000201
0.013112 0.146178 0.224679 0.128076 0.004343 0.483422 0.000191
0.013214 0.145523 0.224418 0.127626 0.004333 0.484695 0.000191
0.013202 0.145275 0.224101 0.127510 0.004336 0.485383 0.000193
0.013195 0.145420 0.224195 0.127495 0.004374 0.485119 0.000200
0.013272 0.144923 0.223986 0.127272 0.004362 0.485983 0.000203
0.013319 0.144350 0.223559 0.127095 0.004364 0.487113 0.000200
0.013379 0.143737 0.222901 0.126810 0.004373 0.488598 0.000202
0.013347 0.143667 0.222956 0.126844 0.004393 0.488593 0.000200
0.013398 0.143214 0.222493 0.126509 0.004397 0.489788 0.000202
0.013376 0.143406 0.222543 0.126675 0.004383 0.489405 0.000212
0.013414 0.142701 0.222319 0.126599 0.004352 0.490405 0.000211
0.013417 0.142165 0.222237 0.126201 0.004364 0.491408 0.000208
0.013501 0.142004 0.221665 0.126128 0.004372 0.492124 0.000207
0.013541 0.141178 0.220924 0.125845 0.004365 0.493944 0.000204
0.013530 0.141528 0.221396 0.125914 0.004384 0.493038 0.000211
0.013719 0.140526 0.220657 0.125418 0.004436 0.495033 0.000211
0.013707 0.140263 0.220318 0.125296 0.004430 0.495776 0.000209
0.013809 0.140227 0.220072 0.125288 0.004418 0.495974 0.000212
0.013751 0.139765 0.219980 0.125118 0.004415 0.496768 0.000202
0.013774 0.139526 0.219859 0.124978 0.004429 0.497222 0.000211
0.013857 0.139302 0.219556 0.124798 0.004414 0.497858 0.000214
0.013933 0.138903 0.219301 0.124663 0.004418 0.498566 0.000216
0.014090 0.137993 0.218777 0.124361 0.004444 0.500121 0.000213
0.013985 0.138023 0.219200 0.124232 0.004470 0.499870 0.000221
0.014131 0.137852 0.218234 0.124123 0.004432 0.501016 0.000212
0.014080 0.137317 0.217866 0.123884 0.004446 0.502188 0.000218
0.014282 0.136746 0.217410 0.123874 0.004459 0.503012 0.000217
0.014244 0.136805 0.217553 0.123641 0.004438 0.503102 0.000217
0.014317 0.136221 0.217281 0.123224 0.004454 0.504286 0.000217
0.014332 0.136280 0.217120 0.123357 0.004491 0.504196 0.000224
0.014322 0.135956 0.216729 0.122878 0.004485 0.505414 0.000216
0.014331 0.135684 0.216477 0.122921 0.004491 0.505878 0.000219
0.014388 0.135151 0.216012 0.122567 0.004455 0.507210 0.000216
0.014402 0.135061 0.215518 0.122592 0.004490 0.507722 0.000215
0.014423 0.135064 0.215469 0.122328 0.004461 0.508036 0.000219
0.014454 0.134194 0.215083 0.122292 0.004499 0.509257 0.000221
0.014383 0.134101 0.214990 0.122155 0.004479 0.509670 0.000221
0.014446 0.133808 0.214598 0.122225 0.004504 0.510195 0.000223
