0.988973 0.010827 0.000123 0.000072 0.000000 0.000004 0.000000
0.977535 0.022014 0.000283 0.000160 0.000000 0.000008 0.000000
0.973248 0.026207 0.000347 0.000189 0.000000 0.000009 0.000000
0.969797 0.029557 0.000415 0.000217 0.000000 0.000014 0.000000
0.963627 0.035597 0.000495 0.000266 0.000000 0.000016 0.000000
0.958242 0.040833 0.000593 0.000317 0.000000 0.000016 0.000000
0.952016 0.046863 0.000731 0.000370 0.000000 0.000021 0.000000
0.944814 0.053914 0.000827 0.000423 0.000000 0.000022 0.000000
0.935665 0.062844 0.000988 0.000481 0.000000 0.000022 0.000000
0.927263 0.071048 0.001122 0.000544 0.000000 0.000022 0.000000
0.917397 0.080650 0.001290 0.000639 0.000000 0.000024 0.000000
0.904934 0.092788 0.001510 0.000738 0.000000 0.000029 0.000000
0.894157 0.103253 0.001703 0.000852 0.000000 0.000035 0.000000
0.880897 0.116160 0.001923 0.000973 0.000000 0.000047 0.000000
0.867336 0.129348 0.002138 0.001123 0.000000 0.000056 0.000000
0.852025 0.144155 0.002459 0.001296 0.000000 0.000065 0.000000
0.836701 0.158952 0.002804 0.001465 0.000000 0.000079 0.000000
0.821908 0.173279 0.003105 0.001623 0.000000 0.000085 0.000000
0.802137 0.192371 0.003539 0.001859 0.000000 0.000094 0.000000
0.783966 0.209918 0.003912 0.002101 0.000000 0.000103 0.000000
0.767392 0.225865 0.004289 0.002342 0.000000 0.000112 0.000000
0.749580 0.243007 0.004691 0.002597 0.000000 0.000125 0.000000
0.729834 0.261984 0.005155 0.002881 0.000001 0.000145 0.000000
0.710031 0.280972 0.005693 0.003136 0.000001 0.000167 0.000000
0.693279 0.296956 0.006185 0.003386 0.000001 0.000193 0.000000
0.673943 0.315372 0.006726 0.003732 0.000001 0.000226 0.000000
0.656221 0.332277 0.007207 0.004043 0.000002 0.000250 0.000000
0.639208 0.348406 0.007744 0.004362 0.000002 0.000278 0.000000
0.619310 0.367218 0.008421 0.004739 0.000002 0.000310 0.000000
0.602281 0.383199 0.009066 0.005120 0.000003 0.000331 0.000000
0.586331 0.398065 0.009739 0.005501 0.000004 0.000361 0.000000
0.568572 0.414644 0.010467 0.005911 0.000004 0.000402 0.000000
0.552534 0.429519 0.011162 0.006339 0.000005 0.000441 0.000000
0.536544 0.444304 0.011908 0.006761 0.000006 0.000477 0.000000
0.522933 0.456866 0.012560 0.007118 0.000007 0.000517 0.000000
0.508455 0.470139 0.013327 0.007510 0.000008 0.000562 0.000000
0.491877 0.485236 0.014236 0.008026 0.000007 0.000618 0.000000
0.477762 0.497992 0.015064 0.008507 0.000008 0.000668 0.000000
0.462342 0.511965 0.015952 0.009014 0.000008 0.000720 0.000000
0.449825 0.523132 0.016798 0.009476 0.000007 0.000763 0.000000
0.436810 0.534678 0.017697 0.009990 0.000008 0.000817 0.000000
0.424715 0.545254 0.018657 0.010486 0.000009 0.000878 0.000000
0.411885 0.556518 0.019585 0.011048 0.000010 0.000955 0.000000
0.399879 0.566843 0.020595 0.011640 0.000012 0.001030 0.000000
0.387135 0.577904 0.021626 0.012222 0.000011 0.001102 0.000000
0.374218 0.589014 0.022713 0.012845 0.000013 0.001196 0.000000
0.363613 0.597879 0.023767 0.013438 0.000015 0.001288 0.000000
0.354657 0.605232 0.024756 0.013972 0.000015 0.001367 0.000000
0.343861 0.614054 0.025935 0.014659 0.000017 0.001474 0.000000
0.333466 0.622660 0.027005 0.015277 0.000018 0.001573 0.000000
0.327630 0.626971 0.027905 0.015814 0.000019 0.001660 0.000000
0.316968 0.635382 0.029251 0.016586 0.000020 0.001793 0.000000
0.307324 0.642893 0.030550 0.017292 0.000021 0.001920 0.000000
0.299850 0.648420 0.031698 0.017979 0.000022 0.002030 0.000000
0.291587 0.654432 0.033093 0.018710 0.000022 0.002155 0.000000
0.285504 0.658468 0.034324 0.019378 0.000024 0.002302 0.000000
0.280570 0.661554 0.035465 0.019960 0.000026 0.002425 0.000000
0.274018 0.666126 0.036645 0.020630 0.000025 0.002554 0.000000
0.262973 0.674403 0.038285 0.021576 0.000027 0.002735 0.000000
0.261430 0.674252 0.039299 0.022129 0.000029 0.002862 0.000000
0.257562 0.676434 0.040298 0.022687 0.000030 0.002990 0.000000
0.250554 0.680914 0.041775 0.023538 0.000030 0.003189 0.000000
0.242954 0.686013 0.043304 0.024349 0.000032 0.003348 0.000000
0.237547 0.688871 0.044757 0.025240 0.000035 0.003550 0.000000
0.233928 0.690565 0.045864 0.025911 0.000036 0.003696 0.000000
0.228790 0.693432 0.047181 0.026690 0.000041 0.003866 0.000000
0.225019 0.695321 0.048254 0.027326 0.000045 0.004034 0.000000
0.221956 0.695450 0.049966 0.028304 0.000048 0.004275 0.000000
0.220865 0.695081 0.050845 0.028751 0.000049 0.004408 0.000000
0.221601 0.692312 0.052003 0.029410 0.000051 0.004622 0.000000
0.221854 0.690825 0.052703 0.029792 0.000051 0.004775 0.000000
0.213780 0.695415 0.054757 0.030928 0.000054 0.005066 0.000000
0.211437 0.695164 0.056194 0.031825 0.000061 0.005319 0.000000
0.209841 0.695008 0.057206 0.032365 0.000064 0.005515 0.000000
0.204465 0.697327 0.059000 0.033341 0.000065 0.005802 0.000000
0.202603 0.697613 0.059886 0.033843 0.000071 0.005985 0.000000
0.200832 0.697162 0.061081 0.034580 0.000075 0.006270 0.000000
0.203694 0.693142 0.061736 0.034910 0.000074 0.006444 0.000000
0.196084 0.697117 0.063797 0.036086 0.000080 0.006837 0.000000
0.196822 0.694769 0.064726 0.036536 0.000080 0.007068 0.000001
0.192486 0.696858 0.065997 0.037260 0.000081 0.007317 0.000001
0.193094 0.694305 0.067090 0.037858 0.000082 0.007571 0.000001
0.188561 0.696591 0.068341 0.038590 0.000085 0.007832 0.000000
0.183465 0.698751 0.069968 0.039552 0.000094 0.008171 0.000000
0.181100 0.699568 0.070848 0.040019 0.000093 0.008371 0.000000
0.177688 0.700687 0.072109 0.040783 0.000098 0.008635 0.000001
0.177138 0.698986 0.073400 0.041421 0.000099 0.008956 0.000001
0.165297 0.706748 0.075733 0.042711 0.000103 0.009408 0.000000
0.165203 0.705519 0.076429 0.043105 0.000107 0.009636 0.000001
0.159303 0.708291 0.078230 0.044044 0.000108 0.010023 0.000001
0.153508 0.710304 0.080332 0.045267 0.000113 0.010475 0.000001
0.149279 0.712187 0.081634 0.046026 0.000115 0.010758 0.000001
0.147871 0.710860 0.083087 0.046908 0.000119 0.011153 0.000001
0.141878 0.713407 0.085083 0.047936 0.000127 0.011568 0.000001
0.141303 0.712661 0.085736 0.048353 0.000133 0.011813 0.000001
0.137055 0.712964 0.087925 0.049583 0.000139 0.012333 0.000001
0.129375 0.716339 0.090251 0.050971 0.000148 0.012914 0.000001
0.129216 0.714574 0.091296 0.051553 0.000149 0.013210 0.000001
0.128925 0.712378 0.092654 0.052309 0.000157 0.013576 0.000001
0.124998 0.713024 0.094426 0.053345 0.000158 0.014048 0.000001
0.122156 0.712232 0.096476 0.054415 0.000163 0.014558 0.000001
0.118933 0.712684 0.097862 0.055304 0.000172 0.015043 0.000001
0.115347 0.712349 0.099995 0.056471 0.000183 0.015655 0.000001
0.117607 0.709014 0.100543 0.056757 0.000184 0.015894 0.000001
0.115524 0.707216 0.102632 0.057920 0.000190 0.016517 0.000001
0.111846 0.708714 0.103752 0.058586 0.000194 0.016906 0.000001
0.111220 0.708239 0.104394 0.058794 0.000197 0.017155 0.000001
0.103461 0.711553 0.106859 0.060156 0.000202 0.017767 0.000002
0.100852 0.710456 0.108780 0.061253 0.000212 0.018445 0.000002
0.098111 0.709695 0.110668 0.062317 0.000215 0.018991 0.000002
0.094070 0.710044 0.112618 0.063407 0.000226 0.019633 0.000002
0.092794 0.708054 0.114352 0.064341 0.000232 0.020225 0.000002
0.089405 0.708737 0.115791 0.065136 0.000236 0.020692 0.000002
0.087902 0.707984 0.116850 0.065803 0.000243 0.021217 0.000002
0.083760 0.707447 0.119343 0.067263 0.000254 0.021932 0.000002
0.082514 0.706056 0.120775 0.067961 0.000255 0.022436 0.000002
0.084501 0.702937 0.121166 0.068228 0.000259 0.022908 0.000002
0.077038 0.704660 0.124182 0.070044 0.000268 0.023805 0.000002
0.077877 0.702933 0.124577 0.070210 0.000268 0.024133 0.000002
0.073505 0.702320 0.127224 0.071674 0.000279 0.024997 0.000002
0.070126 0.702697 0.128812 0.072474 0.000281 0.025609 0.000002
0.067114 0.702037 0.130698 0.073538 0.000285 0.026326 0.000002
0.066729 0.701027 0.131357 0.073898 0.000290 0.026697 0.000003
0.058223 0.703461 0.134638 0.075766 0.000306 0.027603 0.000002
0.057864 0.700392 0.136243 0.076765 0.000309 0.028425 0.000002
0.054858 0.701186 0.137393 0.077423 0.000313 0.028824 0.000003
0.051136 0.700820 0.139419 0.078646 0.000321 0.029655 0.000003
0.049390 0.699373 0.141061 0.079429 0.000326 0.030419 0.000002
0.047084 0.698611 0.142570 0.080305 0.000332 0.031097 0.000002
0.044117 0.698216 0.144305 0.081267 0.000337 0.031755 0.000003
0.041015 0.696877 0.146589 0.082557 0.000351 0.032608 0.000003
0.040212 0.695120 0.147742 0.083292 0.000355 0.033276 0.000003
0.037185 0.694037 0.149721 0.084551 0.000365 0.034137 0.000004
0.034689 0.692872 0.151584 0.085564 0.000378 0.034909 0.000003
0.032461 0.690459 0.153839 0.086886 0.000390 0.035962 0.000003
0.031726 0.688901 0.155001 0.087527 0.000392 0.036450 0.000003
0.030526 0.687379 0.156281 0.088331 0.000398 0.037081 0.000003
0.028451 0.684182 0.158948 0.089737 0.000416 0.038263 0.000003
0.028234 0.682926 0.159498 0.090216 0.000413 0.038710 0.000003
0.027922 0.681722 0.160177 0.090613 0.000423 0.039140 0.000003
0.026154 0.678603 0.162529 0.091995 0.000434 0.040282 0.000003
0.024930 0.675421 0.164679 0.093263 0.000453 0.041250 0.000004
0.025041 0.674297 0.165121 0.093478 0.000454 0.041606 0.000003
0.023412 0.671486 0.167287 0.094640 0.000465 0.042705 0.000004
0.023068 0.669276 0.168450 0.095258 0.000471 0.043473 0.000005
0.022929 0.668345 0.168937 0.095522 0.000483 0.043781 0.000004
0.021967 0.664567 0.171241 0.096732 0.000488 0.044999 0.000005
0.021552 0.661915 0.172702 0.097554 0.000498 0.045775 0.000005
0.021044 0.660214 0.173676 0.098124 0.000505 0.046432 0.000005
0.020629 0.658277 0.174672 0.098680 0.000514 0.047223 0.000005
0.020048 0.654691 0.176492 0.099845 0.000533 0.048385 0.000005
0.019655 0.653597 0.177240 0.100138 0.000540 0.048825 0.000006
0.019090 0.650632 0.178768 0.101097 0.000549 0.049859 0.000006
0.018803 0.647987 0.179920 0.101958 0.000571 0.050756 0.000006
0.018418 0.645835 0.181123 0.102476 0.000575 0.051568 0.000005
0.018181 0.644033 0.182040 0.102926 0.000588 0.052226 0.000006
0.017702 0.640790 0.183629 0.103953 0.000598 0.053322 0.000005
0.017452 0.638982 0.184618 0.104396 0.000612 0.053933 0.000007
0.017224 0.637061 0.185572 0.104934 0.000617 0.054583 0.000007
0.016797 0.634662 0.186794 0.105605 0.000633 0.055502 0.000006
0.016462 0.631903 0.188090 0.106365 0.000640 0.056535 0.000006
0.016423 0.630386 0.188700 0.106773 0.000650 0.057061 0.000007
0.016056 0.627397 0.190197 0.107589 0.000666 0.058088 0.000007
0.015803 0.624628 0.191411 0.108385 0.000676 0.059090 0.000007
0.015455 0.622309 0.192624 0.109001 0.000681 0.059924 0.000007
0.015348 0.621220 0.193168 0.109218 0.000689 0.060349 0.000007
0.015107 0.618528 0.194331 0.109885 0.000698 0.061443 0.000007
0.015057 0.616804 0.194957 0.110378 0.000711 0.062087 0.000007
0.014675 0.613955 0.196427 0.111098 0.000721 0.063116 0.000007
0.014523 0.611763 0.197340 0.111666 0.000728 0.063972 0.000009
0.014139 0.608857 0.198742 0.112496 0.000738 0.065019 0.000008
0.014175 0.608139 0.199048 0.112515 0.000747 0.065368 0.000009
0.014102 0.606055 0.199739 0.113096 0.000770 0.066230 0.000008
0.013850 0.602869 0.201154 0.113894 0.000779 0.067444 0.000009
0.013669 0.601184 0.201905 0.114303 0.000787 0.068143 0.000008
0.013261 0.597472 0.203771 0.115256 0.000818 0.069413 0.000008
0.013224 0.595314 0.204529 0.115704 0.000829 0.070392 0.000008
0.013254 0.594415 0.204846 0.115875 0.000821 0.070782 0.000008
0.013010 0.591884 0.206029 0.116493 0.000833 0.071742 0.000008
0.012860 0.589473 0.207013 0.117042 0.000852 0.072752 0.000007
0.012741 0.587368 0.207839 0.117496 0.000857 0.073690 0.000009
0.012552 0.585130 0.208772 0.118083 0.000872 0.074583 0.000008
0.012484 0.583572 0.209338 0.118407 0.000876 0.075316 0.000008
0.012339 0.581289 0.210279 0.118940 0.000892 0.076253 0.000008
0.012173 0.578744 0.211392 0.119438 0.000903 0.077342 0.000008
0.011958 0.576546 0.212376 0.120014 0.000907 0.078190 0.000008
0.011894 0.574281 0.213192 0.120575 0.000936 0.079114 0.000008
0.011710 0.571277 0.214435 0.121253 0.000940 0.080377 0.000008
0.011717 0.569889 0.214887 0.121490 0.000948 0.081062 0.000007
0.011431 0.566910 0.216172 0.122298 0.000971 0.082207 0.000010
0.011496 0.566181 0.216338 0.122347 0.000957 0.082672 0.000008
0.011369 0.564368 0.216967 0.122845 0.000980 0.083461 0.000009
0.011207 0.561319 0.218245 0.123507 0.000978 0.084736 0.000010
0.011240 0.560118 0.218498 0.123701 0.000989 0.085444 0.000010
0.011096 0.557974 0.219482 0.124172 0.001003 0.086264 0.000010
0.011093 0.556710 0.219908 0.124373 0.001012 0.086894 0.000011
0.010915 0.553780 0.220894 0.125090 0.001025 0.088285 0.000011
0.010687 0.550325 0.222459 0.125874 0.001035 0.089608 0.000011
0.010653 0.548770 0.222901 0.126177 0.001043 0.090446 0.000011
0.010624 0.547755 0.223323 0.126290 0.001050 0.090948 0.000011
0.010504 0.545024 0.224266 0.126900 0.001053 0.092242 0.000011
0.010385 0.543504 0.224889 0.127142 0.001073 0.092997 0.000010
0.010355 0.541327 0.225700 0.127549 0.001077 0.093982 0.000011
0.010189 0.538546 0.226806 0.128209 0.001091 0.095148 0.000011
0.010192 0.537654 0.226946 0.128295 0.001098 0.095801 0.000012
0.010086 0.535071 0.227820 0.128832 0.001102 0.097078 0.000012
0.010052 0.533357 0.228411 0.129158 0.001124 0.097886 0.000011
0.009999 0.531471 0.228995 0.129465 0.001141 0.098915 0.000012
0.009900 0.529648 0.229650 0.129848 0.001159 0.099784 0.000011
0.009845 0.526720 0.230710 0.130424 0.001169 0.101120 0.000012
0.009801 0.526266 0.230946 0.130498 0.001168 0.101308 0.000013
0.009696 0.523203 0.231945 0.131145 0.001190 0.102809 0.000013
0.009630 0.521433 0.232609 0.131412 0.001191 0.103712 0.000013
0.009664 0.520789 0.232676 0.131507 0.001181 0.104170 0.000012
0.009463 0.516786 0.234142 0.132279 0.001214 0.106101 0.000014
0.009451 0.516739 0.234079 0.132238 0.001199 0.106280 0.000013
0.009277 0.512660 0.235526 0.133163 0.001230 0.108130 0.000013
0.009249 0.511481 0.235889 0.133197 0.001237 0.108934 0.000013
0.009212 0.509553 0.236439 0.133627 0.001240 0.109916 0.000014
0.009144 0.508546 0.236779 0.133776 0.001254 0.110487 0.000015
0.009071 0.505905 0.237709 0.134240 0.001269 0.111791 0.000015
0.009046 0.503812 0.238370 0.134643 0.001277 0.112838 0.000015
0.008941 0.501286 0.239202 0.135196 0.001302 0.114059 0.000015
0.008908 0.499983 0.239479 0.135232 0.001310 0.115073 0.000015
0.008837 0.497953 0.240178 0.135631 0.001318 0.116068 0.000014
0.008841 0.496923 0.240338 0.135879 0.001319 0.116686 0.000015
0.008790 0.494948 0.240921 0.136256 0.001343 0.117725 0.000017
0.008761 0.493208 0.241608 0.136438 0.001343 0.118626 0.000016
0.008680 0.491594 0.241908 0.136785 0.001348 0.119670 0.000015
0.008593 0.488752 0.242735 0.137377 0.001369 0.121160 0.000015
0.008582 0.488556 0.242814 0.137386 0.001376 0.121271 0.000014
0.008558 0.486098 0.243508 0.137806 0.001383 0.122633 0.000015
0.008544 0.484148 0.244062 0.138213 0.001395 0.123624 0.000014
0.008424 0.481668 0.244930 0.138469 0.001406 0.125089 0.000016
0.008452 0.480317 0.245169 0.138629 0.001414 0.126003 0.000017
0.008402 0.478080 0.245707 0.139134 0.001435 0.127226 0.000016
0.008353 0.476766 0.246209 0.139234 0.001439 0.127984 0.000015
0.008328 0.474583 0.246653 0.139671 0.001452 0.129298 0.000017
0.008317 0.473508 0.246963 0.139780 0.001455 0.129959 0.000018
0.008266 0.472323 0.247327 0.139935 0.001469 0.130663 0.000016
0.008223 0.469993 0.247993 0.140267 0.001472 0.132037 0.000015
0.008238 0.469196 0.248159 0.140350 0.001481 0.132560 0.000017
0.008133 0.465852 0.249107 0.141032 0.001497 0.134360 0.000018
0.008114 0.463924 0.249692 0.141283 0.001511 0.135458 0.000018
0.008076 0.462960 0.249956 0.141314 0.001525 0.136153 0.000016
0.008102 0.462014 0.250101 0.141410 0.001532 0.136822 0.000019
0.008031 0.460292 0.250473 0.141633 0.001541 0.138012 0.000018
0.007969 0.457428 0.251289 0.142146 0.001543 0.139604 0.000020
0.007926 0.455514 0.251775 0.142445 0.001565 0.140756 0.000018
0.007924 0.454848 0.251996 0.142415 0.001549 0.141248 0.000020
0.007913 0.453068 0.252362 0.142785 0.001572 0.142281 0.000019
0.007893 0.451823 0.252796 0.142885 0.001590 0.142994 0.000019
0.007844 0.449783 0.253236 0.143244 0.001589 0.144284 0.000020
0.007858 0.448271 0.253596 0.143409 0.001601 0.145241 0.000022
0.007803 0.445637 0.254214 0.143825 0.001631 0.146868 0.000023
0.007778 0.444372 0.254503 0.143907 0.001634 0.147782 0.000023
0.007754 0.443207 0.254839 0.144123 0.001643 0.148413 0.000021
0.007701 0.441214 0.255248 0.144338 0.001663 0.149812 0.000024
0.007674 0.439584 0.255678 0.144615 0.001676 0.150751 0.000022
0.007658 0.438192 0.255984 0.144794 0.001660 0.151689 0.000022
0.007644 0.436780 0.256322 0.144916 0.001682 0.152633 0.000023
0.007679 0.435741 0.256594 0.144995 0.001690 0.153278 0.000023
0.007613 0.433797 0.257123 0.145205 0.001706 0.154531 0.000024
0.007569 0.431456 0.257665 0.145571 0.001713 0.156001 0.000026
0.007603 0.430802 0.257669 0.145618 0.001721 0.156561 0.000027
0.007514 0.428686 0.258288 0.145836 0.001737 0.157914 0.000025
0.007527 0.426677 0.258594 0.146111 0.001757 0.159307 0.000026
0.007485 0.425270 0.258986 0.146336 0.001767 0.160129 0.000027
0.007468 0.424473 0.259086 0.146341 0.001775 0.160832 0.000024
0.007444 0.422479 0.259497 0.146679 0.001784 0.162090 0.000027
0.007391 0.419761 0.260061 0.147052 0.001798 0.163911 0.000026
0.007368 0.418880 0.260273 0.147080 0.001798 0.164574 0.000028
0.007363 0.418313 0.260277 0.147081 0.001807 0.165131 0.000027
0.007348 0.416269 0.260574 0.147372 0.001819 0.166593 0.000026
0.007349 0.415163 0.260757 0.147502 0.001829 0.167372 0.000026
0.007298 0.413036 0.261421 0.147594 0.001840 0.168786 0.000026
0.007316 0.411605 0.261447 0.147853 0.001846 0.169907 0.000026
0.007293 0.409912 0.261773 0.148113 0.001860 0.171023 0.000027
0.007282 0.408635 0.262135 0.148198 0.001872 0.171852 0.000026
0.007256 0.406612 0.262469 0.148450 0.001887 0.173298 0.000029
0.007261 0.405600 0.262752 0.148564 0.001893 0.173902 0.000027
0.007253 0.404155 0.262997 0.148645 0.001911 0.175009 0.000030
0.007235 0.401761 0.263414 0.148873 0.001918 0.176770 0.000029
0.007227 0.401232 0.263462 0.148997 0.001931 0.177120 0.000031
0.007225 0.399707 0.263825 0.149049 0.001961 0.178204 0.000029
0.007174 0.397802 0.263882 0.149235 0.001966 0.179909 0.000031
0.007184 0.396884 0.264206 0.149322 0.001978 0.180396 0.000030
0.007127 0.395071 0.264538 0.149396 0.001985 0.181851 0.000031
0.007147 0.393174 0.264877 0.149715 0.002010 0.183043 0.000033
0.007138 0.391793 0.265107 0.149893 0.002008 0.184028 0.000033
0.007147 0.390801 0.265276 0.149902 0.002005 0.184838 0.000031
0.007167 0.389549 0.265466 0.149958 0.002010 0.185819 0.000031
0.007144 0.388158 0.265722 0.150157 0.002024 0.186762 0.000032
0.007147 0.385983 0.266102 0.150377 0.002033 0.188326 0.000032
0.007094 0.384705 0.266347 0.150461 0.002062 0.189299 0.000032
0.007111 0.383714 0.266411 0.150650 0.002052 0.190029 0.000033
0.007120 0.382062 0.266520 0.150682 0.002073 0.191510 0.000033
0.007054 0.380999 0.266837 0.150646 0.002082 0.192348 0.000034
0.007085 0.379654 0.266954 0.150807 0.002087 0.193379 0.000033
0.007090 0.378612 0.267026 0.150882 0.002105 0.194248 0.000037
0.007017 0.376809 0.267460 0.151013 0.002106 0.195561 0.000034
0.007050 0.375814 0.267502 0.151198 0.002120 0.196280 0.000035
0.007078 0.374040 0.267721 0.151367 0.002114 0.197642 0.000038
0.007122 0.372933 0.267860 0.151331 0.002127 0.198590 0.000037
0.007074 0.371769 0.268083 0.151374 0.002134 0.199528 0.000039
0.007034 0.369606 0.268397 0.151522 0.002153 0.201250 0.000038
0.007076 0.368115 0.268669 0.151677 0.002170 0.202256 0.000038
0.007110 0.367151 0.268628 0.151582 0.002185 0.203305 0.000038
0.007107 0.366643 0.268706 0.151593 0.002186 0.203726 0.000038
0.007133 0.365208 0.268750 0.151868 0.002222 0.204782 0.000037
0.007083 0.363415 0.269101 0.151988 0.002224 0.206151 0.000037
0.007091 0.361902 0.269297 0.152082 0.002245 0.207345 0.000038
0.007136 0.360756 0.269352 0.152064 0.002252 0.208404 0.000037
0.007120 0.358656 0.269742 0.152138 0.002270 0.210036 0.000037
0.007131 0.358408 0.269638 0.152111 0.002271 0.210400 0.000041
0.007127 0.357538 0.269656 0.152196 0.002281 0.211162 0.000039
0.007126 0.356492 0.269841 0.152067 0.002292 0.212143 0.000040
0.007121 0.354096 0.270184 0.152380 0.002299 0.213880 0.000040
0.007117 0.352642 0.270192 0.152531 0.002313 0.215164 0.000041
0.007109 0.351160 0.270391 0.152490 0.002342 0.216469 0.000039
0.007119 0.349804 0.270372 0.152691 0.002355 0.217618 0.000042
0.007102 0.348445 0.270514 0.152782 0.002359 0.218755 0.000043
0.007112 0.347170 0.270752 0.152845 0.002374 0.219700 0.000045
0.007130 0.345666 0.271113 0.152889 0.002392 0.220768 0.000043
0.007145 0.344139 0.270979 0.152930 0.002405 0.222362 0.000040
0.007110 0.343928 0.271118 0.152935 0.002393 0.222472 0.000044
0.007096 0.342392 0.271265 0.153011 0.002408 0.223783 0.000045
0.007129 0.341242 0.271316 0.153061 0.002420 0.224787 0.000044
0.007122 0.340606 0.271431 0.153099 0.002433 0.225265 0.000044
0.007093 0.339316 0.271541 0.153152 0.002439 0.226414 0.000045
0.007114 0.337536 0.271496 0.153304 0.002448 0.228058 0.000044
0.007082 0.336477 0.271613 0.153250 0.002467 0.229065 0.000046
0.007099 0.335093 0.271623 0.153251 0.002458 0.230429 0.000047
0.007101 0.334248 0.271741 0.153430 0.002481 0.230952 0.000046
0.007142 0.332259 0.271905 0.153445 0.002474 0.232730 0.000045
0.007118 0.331329 0.271874 0.153481 0.002483 0.233670 0.000044
0.007105 0.330944 0.271820 0.153450 0.002493 0.234140 0.000049
0.007135 0.328983 0.271931 0.153550 0.002501 0.235850 0.000050
0.007104 0.327730 0.272014 0.153594 0.002511 0.236999 0.000048
0.007133 0.326571 0.272055 0.153574 0.002530 0.238087 0.000050
0.007154 0.325350 0.272041 0.153624 0.002531 0.239249 0.000050
0.007160 0.324955 0.272106 0.153461 0.002533 0.239737 0.000049
0.007136 0.323721 0.272129 0.153562 0.002540 0.240862 0.000051
0.007116 0.321731 0.272310 0.153676 0.002566 0.242550 0.000051
0.007113 0.321527 0.272154 0.153575 0.002556 0.243022 0.000053
0.007138 0.320000 0.272173 0.153543 0.002575 0.244518 0.000053
0.007148 0.318983 0.272339 0.153650 0.002584 0.245246 0.000050
0.007186 0.318357 0.272233 0.153510 0.002565 0.246092 0.000056
0.007208 0.315879 0.272408 0.153683 0.002603 0.248166 0.000053
0.007185 0.316089 0.272289 0.153626 0.002605 0.248150 0.000056
0.007220 0.314512 0.272314 0.153635 0.002615 0.249649 0.000056
0.007223 0.312973 0.272363 0.153634 0.002617 0.251137 0.000054
0.007252 0.312311 0.272322 0.153632 0.002633 0.251794 0.000057
0.007276 0.311001 0.272303 0.153620 0.002647 0.253095 0.000059
0.007288 0.309657 0.272120 0.153613 0.002661 0.254603 0.000058
0.007286 0.308906 0.272062 0.153630 0.002667 0.255393 0.000057
0.007304 0.307629 0.272192 0.153640 0.002691 0.256489 0.000054
0.007321 0.306277 0.272157 0.153680 0.002697 0.257810 0.000058
0.007337 0.305483 0.272141 0.153621 0.002726 0.258634 0.000059
0.007324 0.305314 0.271936 0.153607 0.002706 0.259053 0.000059
0.007327 0.303512 0.272065 0.153574 0.002730 0.260736 0.000057
0.007331 0.302771 0.271985 0.153455 0.002725 0.261673 0.000060
0.007297 0.301204 0.271997 0.153536 0.002764 0.263144 0.000058
0.007310 0.300484 0.271826 0.153542 0.002762 0.264018 0.000058
0.007335 0.299205 0.271911 0.153473 0.002781 0.265235 0.000060
0.007335 0.298170 0.271925 0.153557 0.002771 0.266181 0.000060
0.007362 0.297118 0.271928 0.153407 0.002798 0.267324 0.000062
0.007329 0.296406 0.271951 0.153429 0.002805 0.268020 0.000060
0.007334 0.295441 0.271884 0.153439 0.002826 0.269011 0.000065
0.007362 0.294027 0.271749 0.153325 0.002813 0.270657 0.000066
0.007393 0.293258 0.271726 0.153348 0.002834 0.271374 0.000067
0.007394 0.292133 0.271655 0.153373 0.002846 0.272531 0.000067
0.007411 0.291407 0.271697 0.153316 0.002865 0.273238 0.000066
0.007411 0.290229 0.271709 0.153146 0.002835 0.274604 0.000066
0.007473 0.288870 0.271452 0.153195 0.002861 0.276079 0.000070
0.007483 0.288344 0.271391 0.153061 0.002867 0.276787 0.000066
0.007492 0.287106 0.271410 0.152967 0.002890 0.278066 0.000069
0.007475 0.285903 0.271445 0.153053 0.002891 0.279161 0.000071
0.007462 0.285178 0.271185 0.152884 0.002914 0.280305 0.000070
0.007503 0.284272 0.271029 0.152987 0.002924 0.281215 0.000070
0.007499 0.283459 0.271096 0.152906 0.002924 0.282046 0.000070
0.007519 0.282427 0.270974 0.152808 0.002936 0.283267 0.000070
0.007504 0.281077 0.270907 0.152952 0.002954 0.284535 0.000071
0.007550 0.280749 0.270689 0.152917 0.002944 0.285079 0.000073
0.007567 0.279776 0.270733 0.152795 0.002964 0.286091 0.000074
0.007557 0.278987 0.270752 0.152714 0.002945 0.286971 0.000074
0.007582 0.277772 0.270560 0.152759 0.002970 0.288282 0.000074
0.007618 0.276214 0.270340 0.152648 0.002994 0.290111 0.000075
0.007612 0.275867 0.270361 0.152495 0.002987 0.290606 0.000072
0.007648 0.274638 0.270404 0.152543 0.002997 0.291697 0.000074
0.007659 0.273850 0.270301 0.152279 0.003004 0.292833 0.000074
0.007670 0.272967 0.270232 0.152492 0.003008 0.293554 0.000078
0.007673 0.271773 0.269975 0.152338 0.003021 0.295144 0.000076
0.007699 0.271036 0.270006 0.152274 0.003041 0.295868 0.000077
0.007727 0.270106 0.269791 0.152183 0.003025 0.297089 0.000079
0.007735 0.269483 0.269543 0.152252 0.003045 0.297862 0.000081
0.007758 0.267930 0.269616 0.152149 0.003043 0.299424 0.000080
0.007746 0.267989 0.269663 0.152073 0.003062 0.299390 0.000078
0.007807 0.266683 0.269301 0.151836 0.003061 0.301231 0.000081
0.007814 0.265812 0.269251 0.151923 0.003074 0.302043 0.000083
0.007793 0.264948 0.269180 0.151915 0.003079 0.303004 0.000080
0.007860 0.263818 0.269172 0.151741 0.003073 0.304251 0.000085
0.007887 0.263014 0.269015 0.151637 0.003089 0.305274 0.000085
0.007925 0.261589 0.268722 0.151680 0.003109 0.306893 0.000083
0.007938 0.261273 0.268823 0.151549 0.003096 0.307238 0.000083
0.007933 0.259746 0.268692 0.151597 0.003151 0.308797 0.000086
0.007931 0.258924 0.268626 0.151307 0.003157 0.309972 0.000083
0.007918 0.258355 0.268514 0.151462 0.003164 0.310505 0.000083
0.007940 0.257647 0.268334 0.151375 0.003154 0.311464 0.000085
0.007968 0.256798 0.268394 0.151213 0.003155 0.312388 0.000084
0.008008 0.256048 0.268247 0.151163 0.003178 0.313272 0.000084
0.007995 0.254969 0.268087 0.151321 0.003166 0.314376 0.000085
0.008016 0.253991 0.267937 0.151100 0.003176 0.315695 0.000087
0.007995 0.253349 0.267903 0.150936 0.003196 0.316532 0.000089
0.007985 0.252470 0.267593 0.150916 0.003216 0.317735 0.000085
0.008010 0.251567 0.267630 0.150821 0.003218 0.318666 0.000088
0.007993 0.250889 0.267508 0.150750 0.003220 0.319554 0.000087
0.008041 0.250297 0.267368 0.150712 0.003236 0.320255 0.000090
0.008051 0.249479 0.267130 0.150623 0.003218 0.321410 0.000089
0.008128 0.247314 0.266846 0.150419 0.003261 0.323938 0.000095
0.008090 0.247541 0.266934 0.150298 0.003257 0.323789 0.000091
0.008122 0.247217 0.266662 0.150411 0.003253 0.324239 0.000096
0.008138 0.245901 0.266617 0.150096 0.003266 0.325886 0.000096
0.008160 0.244880 0.266390 0.150163 0.003262 0.327054 0.000091
0.008175 0.243811 0.266425 0.150032 0.003286 0.328178 0.000093
0.008196 0.243131 0.266111 0.149969 0.003293 0.329205 0.000095
0.008225 0.242269 0.265731 0.149895 0.003297 0.330489 0.000093
0.008246 0.241420 0.265879 0.149664 0.003304 0.331390 0.000097
0.008290 0.241299 0.265611 0.149594 0.003304 0.331806 0.000096
0.008266 0.240112 0.265408 0.149624 0.003296 0.333196 0.000097
0.008266 0.239318 0.265387 0.149544 0.003341 0.334047 0.000096
0.008290 0.238882 0.265013 0.149504 0.003316 0.334892 0.000103
0.008310 0.238107 0.265091 0.149331 0.003329 0.335733 0.000099
0.008295 0.237481 0.264722 0.149276 0.003314 0.336813 0.000099
0.008334 0.236214 0.264651 0.149322 0.003357 0.338023 0.000100
0.008352 0.235256 0.264424 0.149043 0.003360 0.339467 0.000099
0.008349 0.235193 0.264278 0.149042 0.003353 0.339684 0.000101
0.008399 0.234386 0.264399 0.148879 0.003346 0.340486 0.000105
0.008410 0.233407 0.264172 0.148951 0.003371 0.341587 0.000101
0.008491 0.232129 0.263762 0.148773 0.003385 0.343354 0.000106
0.008467 0.231622 0.263789 0.148752 0.003383 0.343884 0.000103
0.008493 0.230752 0.263600 0.148802 0.003406 0.344843 0.000103
0.008541 0.230411 0.263393 0.148549 0.003410 0.345589 0.000106
0.008552 0.229106 0.263263 0.148380 0.003402 0.347192 0.000106
0.008571 0.228563 0.262983 0.148411 0.003426 0.347941 0.000106
0.008509 0.227877 0.263047 0.148124 0.003446 0.348889 0.000109
0.008583 0.227076 0.262521 0.148124 0.003427 0.350163 0.000106
0.008616 0.226193 0.262542 0.148000 0.003439 0.351100 0.000110
0.008619 0.225551 0.262383 0.147811 0.003433 0.352092 0.000110
0.008647 0.224600 0.262109 0.147780 0.003466 0.353291 0.000107
0.008682 0.224068 0.262002 0.147709 0.003447 0.353983 0.000109
0.008696 0.223413 0.261892 0.147473 0.003460 0.354956 0.000110
0.008725 0.223010 0.261728 0.147447 0.003452 0.355528 0.000110
0.008779 0.222395 0.261563 0.147306 0.003477 0.356368 0.000112
0.008796 0.221436 0.261246 0.147141 0.003491 0.357776 0.000114
0.008759 0.220824 0.261151 0.147094 0.003506 0.358548 0.000116
0.008787 0.219933 0.260820 0.147041 0.003501 0.359797 0.000121
0.008854 0.219043 0.260665 0.146811 0.003504 0.361003 0.000120
0.008882 0.218430 0.260499 0.146519 0.003525 0.362023 0.000122
0.008913 0.217334 0.260206 0.146661 0.003531 0.363239 0.000117
0.008981 0.216866 0.259999 0.146541 0.003546 0.363948 0.000119
0.008996 0.216236 0.259838 0.146486 0.003548 0.364777 0.000119
0.008986 0.215430 0.259678 0.146316 0.003569 0.365899 0.000122
0.009022 0.214821 0.259380 0.146195 0.003528 0.366930 0.000125
0.009046 0.214163 0.259347 0.145937 0.003542 0.367844 0.000121
0.009060 0.213318 0.258981 0.145901 0.003581 0.369038 0.000122
0.009087 0.212493 0.258948 0.145804 0.003569 0.369979 0.000121
0.009145 0.212176 0.258721 0.145726 0.003604 0.370507 0.000121
0.009151 0.211587 0.258458 0.145602 0.003616 0.371468 0.000118
0.009123 0.210593 0.258133 0.145462 0.003615 0.372954 0.000121
0.009185 0.210083 0.257960 0.145492 0.003632 0.373528 0.000121
0.009211 0.209629 0.257739 0.145365 0.003631 0.374301 0.000123
0.009240 0.208737 0.257570 0.145153 0.003627 0.375550 0.000124
0.009289 0.208139 0.257333 0.145025 0.003650 0.376440 0.000124
0.009307 0.207425 0.257023 0.144917 0.003642 0.377565 0.000121
0.009295 0.207058 0.257112 0.144956 0.003634 0.377819 0.000125
0.009331 0.206043 0.256660 0.144822 0.003659 0.379364 0.000121
0.009372 0.205426 0.256213 0.144595 0.003672 0.380600 0.000122
0.009380 0.204690 0.256093 0.144465 0.003693 0.381557 0.000122
0.009399 0.204234 0.255919 0.144435 0.003687 0.382197 0.000130
0.009437 0.203606 0.255952 0.144261 0.003679 0.382936 0.000131
0.009444 0.202923 0.255617 0.144186 0.003704 0.383993 0.000133
0.009436 0.202537 0.255287 0.144043 0.003707 0.384862 0.000128
0.009502 0.201416 0.254826 0.143720 0.003714 0.386693 0.000129
0.009503 0.201235 0.254788 0.143762 0.003735 0.386848 0.000130
0.009567 0.200371 0.254543 0.143460 0.003737 0.388188 0.000135
0.009519 0.199975 0.254399 0.143484 0.003752 0.388736 0.000135
0.009559 0.199236 0.254149 0.143285 0.003771 0.389863 0.000138
0.009583 0.198740 0.254177 0.143176 0.003743 0.390446 0.000134
0.009590 0.198214 0.253741 0.143108 0.003767 0.391447 0.000134
0.009584 0.197611 0.253560 0.143020 0.003779 0.392310 0.000135
0.009614 0.197226 0.253435 0.142884 0.003783 0.392926 0.000132
0.009633 0.196307 0.252980 0.142611 0.003780 0.394550 0.000139
0.009638 0.195883 0.252846 0.142576 0.003796 0.395125 0.000136
0.009708 0.195036 0.252593 0.142357 0.003823 0.396339 0.000143
0.009738 0.194425 0.252365 0.142135 0.003812 0.397384 0.000141
0.009781 0.193800 0.252023 0.142126 0.003837 0.398285 0.000147
0.009811 0.193449 0.251766 0.142124 0.003806 0.398903 0.000140
0.009873 0.192635 0.251639 0.141971 0.003856 0.399886 0.000139
0.009945 0.191830 0.251208 0.141931 0.003854 0.401089 0.000143
0.009932 0.191462 0.251059 0.141767 0.003864 0.401775 0.000142
0.009934 0.190958 0.250724 0.141602 0.003850 0.402789 0.000143
0.009981 0.190788 0.250634 0.141597 0.003873 0.402985 0.000142
0.010037 0.189693 0.250155 0.141312 0.003902 0.404757 0.000144
0.010048 0.189077 0.249900 0.141111 0.003910 0.405814 0.000141
0.010073 0.188353 0.249816 0.140948 0.003898 0.406769 0.000143
0.010086 0.188149 0.249610 0.140770 0.003912 0.407327 0.000146
0.010088 0.187376 0.249232 0.140821 0.003865 0.408475 0.000143
0.010138 0.186924 0.248953 0.140476 0.003900 0.409467 0.000142
0.010175 0.186448 0.248963 0.140585 0.003902 0.409783 0.000144
0.010209 0.185768 0.248478 0.140368 0.003916 0.411119 0.000141
0.010284 0.185109 0.248355 0.140181 0.003936 0.411987 0.000148
0.010298 0.184946 0.248302 0.140104 0.003930 0.412272 0.000147
0.010344 0.183814 0.247819 0.139765 0.003951 0.414157 0.000150
0.010345 0.183436 0.247657 0.139711 0.003945 0.414761 0.000144
0.010359 0.183052 0.247426 0.139558 0.003944 0.415505 0.000155
0.010371 0.182594 0.247038 0.139443 0.003956 0.416446 0.000153
0.010471 0.181920 0.246899 0.139223 0.003960 0.417373 0.000154
0.010470 0.181544 0.246696 0.139154 0.003958 0.418025 0.000154
0.010543 0.181148 0.246516 0.139064 0.003982 0.418599 0.000147
0.010509 0.180811 0.246250 0.138963 0.003977 0.419343 0.000148
0.010540 0.179571 0.245861 0.138753 0.003996 0.421125 0.000155
0.010551 0.179525 0.245482 0.138635 0.004008 0.421646 0.000153
0.010600 0.178689 0.245234 0.138465 0.004003 0.422861 0.000149
0.010658 0.178413 0.245115 0.138402 0.004019 0.423242 0.000150
0.010621 0.177892 0.245031 0.138061 0.004027 0.424214 0.000153
0.010626 0.177630 0.244690 0.137961 0.004034 0.424905 0.000154
0.010641 0.176895 0.244488 0.137903 0.004034 0.425879 0.000161
0.010725 0.176533 0.244181 0.137762 0.004010 0.426632 0.000156
0.010743 0.175908 0.243779 0.137552 0.004038 0.427826 0.000154
0.010770 0.175553 0.243716 0.137421 0.004060 0.428321 0.000159
0.010791 0.174456 0.243171 0.137159 0.004061 0.430204 0.000158
0.010756 0.174669 0.243256 0.137193 0.004047 0.429921 0.000158
0.010840 0.174053 0.242705 0.137011 0.004051 0.431182 0.000157
0.010867 0.173485 0.242739 0.136780 0.004068 0.431902 0.000160
0.010928 0.173050 0.242358 0.136675 0.004053 0.432782 0.000155
0.010932 0.172361 0.241911 0.136494 0.004067 0.434073 0.000163
0.011012 0.171783 0.241869 0.136395 0.004070 0.434706 0.000165
0.011014 0.171323 0.241577 0.136079 0.004057 0.435784 0.000165
0.011070 0.170849 0.241242 0.136075 0.004094 0.436504 0.000165
0.011136 0.170174 0.240849 0.135860 0.004114 0.437702 0.000164
0.011142 0.170171 0.240781 0.135806 0.004089 0.437847 0.000164
0.011169 0.169795 0.240433 0.135700 0.004119 0.438620 0.000164
0.011229 0.168867 0.240199 0.135509 0.004095 0.439935 0.000166
0.011182 0.168859 0.240027 0.135283 0.004129 0.440350 0.000171
0.011281 0.168074 0.239622 0.135138 0.004098 0.441618 0.000169
0.011266 0.168031 0.239540 0.135093 0.004141 0.441760 0.000170
0.011268 0.167373 0.239244 0.134939 0.004127 0.442882 0.000167
0.011368 0.166696 0.239072 0.134678 0.004114 0.443901 0.000170
0.011363 0.166336 0.238608 0.134714 0.004156 0.444653 0.000171
0.011414 0.165808 0.238228 0.134508 0.004148 0.445723 0.000171
0.011417 0.165493 0.238096 0.134174 0.004157 0.446488 0.000175
0.011461 0.164849 0.237701 0.134085 0.004157 0.447574 0.000173
0.011493 0.164549 0.237669 0.134022 0.004134 0.447956 0.000177
0.011571 0.164015 0.236997 0.133734 0.004192 0.449312 0.000178
0.011582 0.163407 0.236824 0.133470 0.004188 0.450352 0.000178
0.011606 0.163203 0.236499 0.133537 0.004193 0.450781 0.000181
0.011570 0.162735 0.236423 0.133307 0.004176 0.451613 0.000176
0.011620 0.162620 0.236264 0.133329 0.004176 0.451817 0.000173
0.011729 0.161871 0.235889 0.133088 0.004181 0.453065 0.000176
0.011752 0.161343 0.235566 0.132774 0.004208 0.454181 0.000175
0.011698 0.161129 0.235413 0.132875 0.004190 0.454520 0.000176
0.011768 0.160526 0.234935 0.132661 0.004222 0.455709 0.000180
0.011831 0.159755 0.234651 0.132541 0.004220 0.456824 0.000178
0.011805 0.159560 0.234730 0.132268 0.004246 0.457215 0.000177
0.011872 0.159357 0.234267 0.132210 0.004220 0.457898 0.000177
0.011952 0.158624 0.233870 0.132039 0.004236 0.459096 0.000183
0.011946 0.158495 0.233813 0.131891 0.004225 0.459451 0.000179
0.011993 0.157747 0.233295 0.131772 0.004248 0.460769 0.000178
0.012039 0.157575 0.233171 0.131666 0.004249 0.461119 0.000182
0.012085 0.156977 0.232635 0.131521 0.004250 0.462351 0.000181
0.012120 0.156762 0.232722 0.131399 0.004274 0.462537 0.000186
0.012152 0.156259 0.232119 0.131265 0.004290 0.463731 0.000184
0.012217 0.155699 0.231875 0.130960 0.004286 0.464773 0.000190
0.012244 0.155016 0.231738 0.130754 0.004272 0.465790 0.000185
0.012299 0.155096 0.231452 0.130678 0.004269 0.466017 0.000189
0.012263 0.154744 0.231429 0.130623 0.004294 0.466457 0.000189
0.012302 0.154009 0.231254 0.130419 0.004305 0.467518 0.000192
0.012401 0.153473 0.230777 0.130227 0.004306 0.468624 0.000192
0.012391 0.153059 0.230529 0.130048 0.004297 0.469485 0.000191
0.012428 0.152822 0.230131 0.130084 0.004318 0.470022 0.000196
0.012463 0.152485 0.230036 0.129873 0.004336 0.470617 0.000191
0.012487 0.152467 0.229589 0.129742 0.004338 0.471174 0.000202
0.012530 0.151855 0.229206 0.129574 0.004325 0.472315 0.000195
0.012618 0.151244 0.228932 0.129240 0.004335 0.473432 0.000198
0.012603 0.150858 0.228587 0.129181 0.004358 0.474224 0.000190
0.012623 0.150668 0.228560 0.129043 0.004332 0.474579 0.000194
0.012689 0.150405 0.228084 0.128969 0.004367 0.475294 0.000192
0.012716 0.149649 0.227837 0.128781 0.004354 0.476465 0.000198
0.012754 0.149484 0.227638 0.128617 0.004354 0.476961 0.000193
0.012735 0.149211 0.227342 0.128568 0.004359 0.477583 0.000201
0.012794 0.148754 0.227173 0.128307 0.004374 0.478399 0.000199
0.012827 0.148613 0.226749 0.128176 0.004375 0.479066 0.000194
0.012921 0.147912 0.226560 0.127913 0.004358 0.480140 0.000197
0.012949 0.147612 0.226058 0.127818 0.004384 0.480983 0.000196
0.012886 0.147455 0.225861 0.127704 0.004390 0.481502 0.000202
0.012955 0.146968 0.225519 0.127642 0.004408 0.482310 0.000198
0.013034 0.146297 0.225227 0.127297 0.004397 0.483550 0.000199
0.013077 0.145927 0.224856 0.127135 0.004415 0.484392 0.000199
0.013061 0.145853 0.224733 0.127068 0.004435 0.484647 0.000204
0.013127 0.145343 0.224389 0.126845 0.004422 0.485673 0.000201
0.013194 0.145146 0.224165 0.126656 0.004437 0.486198 0.000204
0.013200 0.144944 0.223901 0.126551 0.004413 0.486785 0.000206
0.013257 0.144306 0.223686 0.126362 0.004440 0.487744 0.000204
0.013291 0.143979 0.223423 0.126120 0.004454 0.488528 0.000205
0.013269 0.143926 0.223246 0.126154 0.004447 0.488749 0.000209
0.013341 0.143360 0.223130 0.125947 0.004429 0.489583 0.000210
0.013324 0.143068 0.222826 0.125826 0.004428 0.490319 0.000209
0.013397 0.142800 0.222528 0.125758 0.004434 0.490875 0.000209
0.013428 0.142326 0.221914 0.125480 0.004441 0.492202 0.000209
0.013456 0.142120 0.222006 0.125372 0.004457 0.492377 0.000213
0.013597 0.141389 0.221524 0.125067 0.004487 0.493724 0.000212
0.013574 0.141027 0.221204 0.125007 0.004467 0.494511 0.000209
0.013636 0.140925 0.220946 0.124951 0.004473 0.494857 0.000212
0.013673 0.140544 0.220718 0.124721 0.004484 0.495650 0.000210
0.013729 0.140187 0.220528 0.124607 0.004469 0.496268 0.000213
0.013732 0.139897 0.220195 0.124322 0.004466 0.497174 0.000215
0.013787 0.139674 0.220025 0.124267 0.004466 0.497565 0.000215
0.013883 0.139215 0.219696 0.124006 0.004501 0.498487 0.000211
0.013870 0.139076 0.219667 0.123945 0.004514 0.498711 0.000217
0.013917 0.138692 0.219052 0.123815 0.004469 0.499838 0.000217
0.013978 0.138085 0.218765 0.123586 0.004492 0.500875 0.000220
0.014094 0.137610 0.218276 0.123428 0.004515 0.501859 0.000217
0.014098 0.137412 0.218094 0.123186 0.004495 0.502495 0.000220
0.014172 0.137021 0.217851 0.122822 0.004511 0.503406 0.000218
0.014160 0.137039 0.217659 0.122954 0.004522 0.503443 0.000223
0.014188 0.136623 0.217236 0.122690 0.004531 0.504513 0.000220
0.014241 0.136214 0.217013 0.122448 0.004540 0.505324 0.000221
0.014274 0.136082 0.216866 0.122344 0.004530 0.505688 0.000216
0.014345 0.135554 0.216175 0.122210 0.004533 0.506965 0.000218
0.014353 0.135688 0.216200 0.122166 0.004523 0.506844 0.000225
0.014378 0.134960 0.215690 0.121948 0.004554 0.508246 0.000224
0.014325 0.135004 0.215855 0.121904 0.004536 0.508153 0.000222
0.014424 0.134290 0.215229 0.121780 0.004567 0.509486 0.000225
