0.991318 0.008466 0.000135 0.000076 0.000000 0.000006 0.000000
0.981972 0.017604 0.000273 0.000142 0.000000 0.000010 0.000000
0.978611 0.020897 0.000305 0.000178 0.000000 0.000009 0.000000
0.975209 0.024215 0.000361 0.000202 0.000000 0.000012 0.000000
0.970963 0.028393 0.000409 0.000225 0.000000 0.000010 0.000000
0.965973 0.033276 0.000483 0.000257 0.000000 0.000011 0.000000
0.959966 0.039139 0.000560 0.000327 0.000000 0.000009 0.000000
0.952560 0.046346 0.000682 0.000402 0.000000 0.000011 0.000000
0.945999 0.052771 0.000772 0.000443 0.000000 0.000015 0.000000
0.937919 0.060637 0.000906 0.000520 0.000000 0.000018 0.000000
0.928934 0.069394 0.001035 0.000619 0.000000 0.000019 0.000000
0.918990 0.079077 0.001185 0.000730 0.000000 0.000018 0.000000
0.906768 0.090918 0.001439 0.000855 0.000001 0.000018 0.000000
0.894694 0.102692 0.001644 0.000943 0.000003 0.000024 0.000000
0.881710 0.115279 0.001886 0.001086 0.000004 0.000034 0.000000
0.866919 0.129656 0.002115 0.001265 0.000004 0.000041 0.000000
0.852255 0.143957 0.002339 0.001399 0.000004 0.000048 0.000000
0.833810 0.161852 0.002654 0.001614 0.000004 0.000065 0.000000
0.817472 0.177700 0.002938 0.001809 0.000004 0.000076 0.000000
0.799830 0.194786 0.003276 0.002020 0.000003 0.000084 0.000000
0.780798 0.213073 0.003750 0.002280 0.000003 0.000096 0.000000
0.762189 0.230939 0.004211 0.002543 0.000003 0.000115 0.000000
0.742406 0.249863 0.004744 0.002839 0.000003 0.000146 0.000000
0.724465 0.267039 0.005227 0.003104 0.000003 0.000162 0.000000
0.700346 0.290080 0.005891 0.003503 0.000003 0.000178 0.000000
0.684376 0.305207 0.006361 0.003851 0.000002 0.000202 0.000000
0.666966 0.321750 0.006889 0.004181 0.000002 0.000213 0.000000
0.647456 0.340109 0.007585 0.004603 0.000000 0.000247 0.000000
0.627008 0.359367 0.008358 0.004982 0.000000 0.000285 0.000000
0.615194 0.370313 0.008931 0.005244 0.000004 0.000313 0.000000
0.598840 0.385532 0.009626 0.005642 0.000007 0.000354 0.000000
0.581609 0.401473 0.010400 0.006102 0.000007 0.000408 0.000000
0.572390 0.409782 0.010945 0.006435 0.000008 0.000441 0.000000
0.561789 0.419288 0.011641 0.006791 0.000008 0.000481 0.000000
0.550998 0.429036 0.012320 0.007123 0.000009 0.000514 0.000000
0.542792 0.436177 0.012946 0.007529 0.000009 0.000547 0.000000
0.534356 0.443555 0.013629 0.007868 0.000009 0.000584 0.000000
0.525870 0.451053 0.014256 0.008193 0.000011 0.000617 0.000000
0.516882 0.459034 0.014890 0.008526 0.000010 0.000657 0.000000
0.515286 0.459931 0.015292 0.008782 0.000012 0.000697 0.000000
0.510345 0.464065 0.015784 0.009068 0.000012 0.000726 0.000000
0.506153 0.467453 0.016292 0.009316 0.000012 0.000774 0.000000
0.498318 0.474168 0.016978 0.009694 0.000014 0.000827 0.000000
0.493762 0.477990 0.017393 0.009964 0.000015 0.000876 0.000000
0.487109 0.483574 0.018078 0.010296 0.000014 0.000929 0.000000
0.483898 0.486022 0.018595 0.010516 0.000012 0.000956 0.000000
0.478789 0.490246 0.019136 0.010812 0.000011 0.001005 0.000000
0.469249 0.498313 0.020014 0.011315 0.000015 0.001093 0.000000
0.466876 0.500042 0.020403 0.011536 0.000014 0.001128 0.000000
0.456775 0.508858 0.021209 0.011946 0.000013 0.001199 0.000000
0.456018 0.508894 0.021661 0.012163 0.000013 0.001251 0.000000
0.444935 0.518198 0.022724 0.012777 0.000015 0.001351 0.000000
0.444681 0.518432 0.022763 0.012736 0.000014 0.001375 0.000000
0.433109 0.528248 0.023789 0.013371 0.000014 0.001467 0.000000
0.427134 0.533432 0.024250 0.013677 0.000014 0.001493 0.000000
0.418624 0.540383 0.025181 0.014217 0.000015 0.001581 0.000000
0.404293 0.552574 0.026421 0.014997 0.000017 0.001698 0.000000
0.401807 0.553985 0.027080 0.015326 0.000017 0.001784 0.000000
0.391610 0.562821 0.027917 0.015765 0.000015 0.001873 0.000000
0.390847 0.562961 0.028308 0.015956 0.000016 0.001912 0.000000
0.378024 0.573796 0.029556 0.016575 0.000016 0.002034 0.000000
0.375490 0.575447 0.030046 0.016907 0.000015 0.002096 0.000000
0.370598 0.578764 0.030947 0.017459 0.000016 0.002217 0.000000
0.361341 0.586289 0.031985 0.018027 0.000016 0.002342 0.000000
0.352252 0.593498 0.033082 0.018673 0.000018 0.002477 0.000000
0.345554 0.598452 0.034128 0.019258 0.000020 0.002589 0.000000
0.338201 0.603681 0.035401 0.019976 0.000020 0.002720 0.000000
0.332115 0.608025 0.036371 0.020602 0.000021 0.002867 0.000000
0.322084 0.615668 0.037764 0.021405 0.000020 0.003058 0.000000
0.321200 0.616279 0.037918 0.021458 0.000020 0.003125 0.000000
0.307692 0.626247 0.040037 0.022612 0.000021 0.003390 0.000000
0.306183 0.626700 0.040715 0.022883 0.000021 0.003498 0.000000
0.297101 0.633549 0.041956 0.023677 0.000026 0.003691 0.000000
0.290031 0.638172 0.043349 0.024505 0.000026 0.003915 0.000000
0.283233 0.642918 0.044579 0.025157 0.000028 0.004084 0.000000
0.276367 0.647405 0.045980 0.025951 0.000028 0.004271 0.000000
0.269984 0.651665 0.047224 0.026651 0.000029 0.004446 0.000000
0.263363 0.655553 0.048818 0.027555 0.000030 0.004681 0.000000
0.256473 0.660468 0.049981 0.028181 0.000033 0.004864 0.000000
0.249005 0.664938 0.051712 0.029186 0.000036 0.005124 0.000000
0.241634 0.669633 0.053297 0.030052 0.000040 0.005344 0.000000
0.237637 0.671498 0.054504 0.030733 0.000051 0.005577 0.000000
0.229759 0.676765 0.056017 0.031551 0.000060 0.005848 0.000000
0.226730 0.678114 0.057049 0.032072 0.000062 0.005974 0.000000
0.214021 0.686508 0.059538 0.033453 0.000068 0.006414 0.000000
0.209386 0.688575 0.060941 0.034304 0.000075 0.006718 0.000000
0.203458 0.691182 0.062925 0.035338 0.000074 0.007023 0.000000
0.195661 0.695558 0.064841 0.036474 0.000079 0.007387 0.000000
0.191328 0.698681 0.065417 0.036941 0.000079 0.007554 0.000000
0.185195 0.701392 0.067381 0.038011 0.000089 0.007932 0.000000
0.177712 0.704679 0.069709 0.039425 0.000086 0.008389 0.000000
0.174866 0.704989 0.071201 0.040151 0.000087 0.008706 0.000000
0.173217 0.704278 0.072500 0.040870 0.000094 0.009042 0.000000
0.170010 0.704265 0.074340 0.041830 0.000103 0.009452 0.000000
0.165565 0.706742 0.075493 0.042400 0.000112 0.009688 0.000000
0.156049 0.711711 0.078036 0.043817 0.000112 0.010275 0.000000
0.160283 0.706907 0.078322 0.043955 0.000113 0.010420 0.000000
0.154229 0.708312 0.080897 0.045425 0.000115 0.011022 0.000000
0.155065 0.705600 0.081875 0.046015 0.000127 0.011319 0.000000
0.157524 0.700489 0.083315 0.046843 0.000130 0.011701 0.000000
0.157400 0.698549 0.084423 0.047439 0.000133 0.012056 0.000000
0.151649 0.700358 0.086511 0.048813 0.000135 0.012535 0.000000
0.151364 0.699030 0.087399 0.049284 0.000135 0.012788 0.000000
0.158445 0.689295 0.088693 0.050079 0.000148 0.013340 0.000000
0.155088 0.690747 0.089789 0.050625 0.000148 0.013602 0.000000
0.164388 0.681691 0.089584 0.050476 0.000151 0.013710 0.000000
0.155676 0.686612 0.091743 0.051661 0.000156 0.014151 0.000000
0.161649 0.679879 0.092175 0.051711 0.000160 0.014425 0.000000
0.154556 0.682455 0.094603 0.053122 0.000170 0.015094 0.000000
0.158086 0.678538 0.094706 0.053251 0.000172 0.015247 0.000000
0.161986 0.672750 0.095764 0.053704 0.000167 0.015628 0.000000
0.157031 0.675695 0.096858 0.054387 0.000169 0.015860 0.000000
0.165175 0.666872 0.097059 0.054579 0.000172 0.016143 0.000000
0.168207 0.663359 0.097161 0.054714 0.000181 0.016378 0.000000
0.156415 0.669449 0.100262 0.056576 0.000185 0.017113 0.000000
0.160657 0.664609 0.100422 0.056631 0.000185 0.017497 0.000000
0.161996 0.661643 0.101239 0.057108 0.000184 0.017830 0.000000
0.157155 0.664067 0.102614 0.057826 0.000189 0.018151 0.000000
0.157329 0.660990 0.104098 0.058691 0.000196 0.018696 0.000000
0.157053 0.660632 0.104383 0.058758 0.000201 0.018973 0.000000
0.154230 0.659699 0.106253 0.059983 0.000211 0.019624 0.000000
0.151791 0.659660 0.107510 0.060682 0.000222 0.020135 0.000000
0.153966 0.657401 0.107411 0.060729 0.000223 0.020270 0.000000
0.139378 0.666217 0.110589 0.062506 0.000228 0.021082 0.000000
0.142960 0.663062 0.110164 0.062302 0.000230 0.021281 0.000000
0.140149 0.661663 0.112282 0.063602 0.000244 0.022060 0.000000
0.131054 0.668240 0.113792 0.064295 0.000243 0.022376 0.000000
0.124430 0.671148 0.115757 0.065334 0.000247 0.023084 0.000000
0.126460 0.667422 0.116551 0.065760 0.000256 0.023552 0.000000
0.121585 0.669661 0.118028 0.066455 0.000264 0.024007 0.000000
0.114819 0.672166 0.120301 0.067578 0.000275 0.024861 0.000000
0.115925 0.669325 0.121239 0.067957 0.000275 0.025278 0.000000
0.107431 0.672459 0.124011 0.069596 0.000286 0.026218 0.000000
0.104773 0.673612 0.124758 0.069969 0.000287 0.026600 0.000000
0.106599 0.669305 0.126014 0.070654 0.000287 0.027140 0.000000
0.098348 0.671069 0.129349 0.072590 0.000308 0.028336 0.000000
0.099132 0.668763 0.130049 0.072992 0.000303 0.028762 0.000000
0.098890 0.667619 0.130832 0.073236 0.000323 0.029100 0.000000
0.095801 0.667656 0.132394 0.074156 0.000324 0.029668 0.000000
0.091924 0.667064 0.134583 0.075461 0.000330 0.030638 0.000000
0.092833 0.663257 0.136103 0.076258 0.000335 0.031214 0.000000
0.092271 0.661238 0.137230 0.077034 0.000348 0.031879 0.000000
0.093885 0.656382 0.138733 0.077794 0.000359 0.032847 0.000000
0.101664 0.650580 0.137597 0.077107 0.000363 0.032689 0.000000
0.091732 0.654573 0.140742 0.078945 0.000361 0.033647 0.000000
0.093193 0.652418 0.140884 0.079183 0.000370 0.033953 0.000000
0.092904 0.650663 0.141852 0.079677 0.000373 0.034531 0.000000
0.086732 0.651703 0.144446 0.081110 0.000384 0.035625 0.000000
0.090508 0.647318 0.144575 0.081370 0.000393 0.035837 0.000000
0.084581 0.647557 0.147403 0.082878 0.000406 0.037175 0.000000
0.088121 0.644948 0.146791 0.082540 0.000416 0.037184 0.000000
0.082285 0.648273 0.148027 0.083208 0.000415 0.037792 0.000001
0.078310 0.645689 0.151289 0.085001 0.000431 0.039280 0.000001
0.071216 0.648220 0.153671 0.086343 0.000457 0.040092 0.000001
0.072082 0.647665 0.153301 0.086172 0.000449 0.040330 0.000001
0.064179 0.648163 0.157023 0.088236 0.000463 0.041935 0.000001
0.065608 0.644379 0.158003 0.088821 0.000470 0.042717 0.000001
0.062958 0.646260 0.158380 0.088922 0.000475 0.043003 0.000001
0.056254 0.646970 0.161415 0.090649 0.000486 0.044223 0.000001
0.054701 0.648022 0.161681 0.090677 0.000493 0.044423 0.000003
0.050985 0.645600 0.164570 0.092431 0.000513 0.045899 0.000003
0.049717 0.644765 0.165292 0.093081 0.000521 0.046622 0.000003
0.048066 0.645209 0.165810 0.093306 0.000528 0.047079 0.000002
0.044411 0.643526 0.168437 0.094691 0.000554 0.048379 0.000003
0.039613 0.642142 0.171347 0.096435 0.000563 0.049897 0.000003
0.039769 0.640133 0.172148 0.096952 0.000580 0.050415 0.000003
0.038935 0.639104 0.172938 0.097372 0.000582 0.051066 0.000003
0.035887 0.637388 0.175212 0.098582 0.000597 0.052331 0.000004
0.032774 0.634354 0.178272 0.100281 0.000621 0.053695 0.000004
0.033763 0.635788 0.176953 0.099495 0.000619 0.053377 0.000004
0.030523 0.629883 0.181109 0.102214 0.000653 0.055614 0.000004
0.030826 0.628975 0.181398 0.102089 0.000650 0.056058 0.000004
0.029735 0.627805 0.182422 0.102647 0.000670 0.056718 0.000004
0.028930 0.626144 0.183489 0.103442 0.000673 0.057318 0.000004
0.028405 0.624486 0.184427 0.103897 0.000695 0.058087 0.000004
0.027225 0.622782 0.185684 0.104666 0.000706 0.058934 0.000004
0.026260 0.620203 0.187280 0.105612 0.000711 0.059930 0.000004
0.025996 0.618623 0.188117 0.105984 0.000714 0.060563 0.000004
0.024018 0.613563 0.191309 0.107815 0.000745 0.062545 0.000004
0.024111 0.612277 0.191785 0.107958 0.000748 0.063117 0.000004
0.023264 0.610089 0.193047 0.108627 0.000760 0.064211 0.000004
0.022439 0.608025 0.194384 0.109338 0.000775 0.065035 0.000004
0.022246 0.604847 0.195559 0.110150 0.000802 0.066391 0.000004
0.022047 0.605149 0.195513 0.110116 0.000806 0.066366 0.000004
0.021707 0.602963 0.196510 0.110755 0.000816 0.067244 0.000004
0.021441 0.601564 0.197310 0.111058 0.000833 0.067790 0.000004
0.020278 0.598843 0.199108 0.112014 0.000844 0.068909 0.000004
0.020263 0.595348 0.200296 0.112807 0.000846 0.070436 0.000004
0.019694 0.592757 0.201620 0.113613 0.000871 0.071439 0.000005
0.018963 0.590076 0.203032 0.114339 0.000873 0.072712 0.000004
0.018925 0.589620 0.203325 0.114470 0.000883 0.072773 0.000004
0.019124 0.589124 0.203339 0.114593 0.000888 0.072928 0.000004
0.018332 0.583516 0.205930 0.115906 0.000920 0.075391 0.000004
0.018405 0.582586 0.206058 0.116135 0.000928 0.075884 0.000004
0.018180 0.581314 0.206854 0.116461 0.000940 0.076246 0.000004
0.017605 0.576919 0.208732 0.117627 0.000953 0.078159 0.000004
0.017576 0.575407 0.209308 0.117863 0.000966 0.078877 0.000004
0.017557 0.574912 0.209410 0.118046 0.000968 0.079103 0.000004
0.018383 0.571463 0.210523 0.118571 0.000981 0.080075 0.000004
0.028911 0.564278 0.208616 0.117562 0.000977 0.079653 0.000004
0.030055 0.561565 0.209092 0.117829 0.000987 0.080466 0.000005
0.032216 0.556004 0.210385 0.118425 0.000996 0.081972 0.000003
0.032068 0.553296 0.211388 0.119119 0.001022 0.083102 0.000004
0.034613 0.551214 0.211076 0.118859 0.001003 0.083232 0.000004
0.038608 0.549565 0.209752 0.118068 0.001021 0.082982 0.000004
0.035901 0.548547 0.211352 0.119066 0.001023 0.084108 0.000004
0.042070 0.542138 0.211140 0.118939 0.001027 0.084683 0.000004
0.048675 0.538269 0.209566 0.118026 0.001025 0.084434 0.000004
0.047018 0.534241 0.211819 0.119263 0.001051 0.086603 0.000004
0.053924 0.528367 0.211050 0.118970 0.001056 0.086628 0.000004
0.056375 0.524737 0.211045 0.118889 0.001073 0.087876 0.000004
0.060953 0.522368 0.209785 0.118267 0.001047 0.087576 0.000005
0.066125 0.519183 0.208629 0.117467 0.001047 0.087544 0.000005
0.068090 0.519116 0.207561 0.117016 0.001049 0.087164 0.000004
0.069105 0.515155 0.208494 0.117588 0.001087 0.088564 0.000006
0.076710 0.513239 0.205455 0.115851 0.001069 0.087670 0.000005
0.071058 0.513061 0.208039 0.117202 0.001096 0.089539 0.000006
0.075142 0.511300 0.206706 0.116353 0.001099 0.089393 0.000007
0.070251 0.511527 0.208534 0.117489 0.001112 0.091081 0.000006
0.066429 0.515358 0.208474 0.117540 0.001124 0.091069 0.000006
0.067743 0.512767 0.208615 0.117436 0.001131 0.092302 0.000006
0.068650 0.512636 0.208004 0.116968 0.001133 0.092603 0.000007
0.067142 0.515427 0.207341 0.116677 0.001115 0.092294 0.000005
0.059256 0.516884 0.210085 0.118410 0.001135 0.094225 0.000006
0.055996 0.515669 0.211836 0.119243 0.001133 0.096117 0.000006
0.051790 0.515589 0.213463 0.120300 0.001184 0.097667 0.000007
0.049735 0.516919 0.213883 0.120232 0.001182 0.098043 0.000006
0.047171 0.517935 0.214382 0.120672 0.001165 0.098669 0.000006
0.041958 0.516857 0.217003 0.122157 0.001213 0.100806 0.000006
0.037907 0.517350 0.218592 0.122925 0.001228 0.101990 0.000006
0.032650 0.515127 0.221842 0.124639 0.001237 0.104500 0.000005
0.031788 0.514188 0.222364 0.125101 0.001253 0.105299 0.000006
0.033991 0.513589 0.221073 0.124258 0.001270 0.105813 0.000006
0.029045 0.512986 0.223620 0.125809 0.001279 0.107255 0.000007
0.026292 0.511043 0.225796 0.126882 0.001301 0.108680 0.000006
0.026320 0.509267 0.226061 0.127202 0.001332 0.109809 0.000008
0.024624 0.508779 0.226930 0.127707 0.001334 0.110618 0.000008
0.023565 0.505148 0.228455 0.128515 0.001357 0.112951 0.000008
0.020912 0.504112 0.230408 0.129579 0.001359 0.113623 0.000008
0.021762 0.504531 0.229391 0.129033 0.001362 0.113914 0.000007
0.018046 0.498978 0.233365 0.131262 0.001406 0.116935 0.000009
0.019902 0.500333 0.231578 0.130200 0.001405 0.116574 0.000009
0.019470 0.496659 0.232885 0.131064 0.001448 0.118466 0.000009
0.018629 0.496049 0.233547 0.131167 0.001440 0.119159 0.000010
0.017160 0.493342 0.235187 0.132166 0.001454 0.120684 0.000007
0.015757 0.489315 0.237223 0.133377 0.001498 0.122823 0.000008
0.015884 0.488070 0.237501 0.133353 0.001476 0.123706 0.000010
0.015288 0.485656 0.238357 0.133874 0.001505 0.125311 0.000010
0.015964 0.488380 0.236902 0.133082 0.001489 0.124174 0.000009
0.014523 0.482358 0.239723 0.134673 0.001534 0.127179 0.000010
0.013906 0.480764 0.240439 0.135171 0.001537 0.128174 0.000009
0.013969 0.479948 0.240490 0.135196 0.001554 0.128835 0.000008
0.013419 0.478604 0.241093 0.135722 0.001557 0.129594 0.000010
0.014114 0.479822 0.240131 0.134927 0.001545 0.129452 0.000009
0.013118 0.474317 0.242372 0.136283 0.001592 0.132309 0.000009
0.012990 0.472904 0.243070 0.136388 0.001601 0.133035 0.000012
0.012483 0.469839 0.244148 0.137183 0.001615 0.134720 0.000011
0.012224 0.466640 0.245392 0.137706 0.001639 0.136389 0.000010
0.012082 0.466089 0.245485 0.137818 0.001654 0.136861 0.000011
0.012061 0.466552 0.245301 0.137891 0.001662 0.136520 0.000013
0.012142 0.463887 0.245811 0.137954 0.001667 0.138527 0.000013
0.012000 0.463863 0.245751 0.138005 0.001663 0.138705 0.000013
0.011920 0.462889 0.245980 0.138129 0.001696 0.139373 0.000012
0.011474 0.459151 0.247505 0.138999 0.001713 0.141143 0.000014
0.011434 0.457356 0.247581 0.139221 0.001748 0.142647 0.000012
0.011325 0.456454 0.247991 0.139347 0.001744 0.143127 0.000013
0.011046 0.453109 0.248930 0.139976 0.001780 0.145145 0.000014
0.010756 0.450250 0.249910 0.140626 0.001791 0.146651 0.000015
0.010927 0.450305 0.249574 0.140400 0.001784 0.146997 0.000014
0.010684 0.449516 0.249950 0.140520 0.001798 0.147518 0.000013
0.010586 0.445890 0.251070 0.141154 0.001799 0.149486 0.000015
0.010584 0.445151 0.251080 0.141156 0.001818 0.150196 0.000014
0.010609 0.443221 0.251313 0.141236 0.001825 0.151781 0.000015
0.010321 0.442367 0.251894 0.141681 0.001821 0.151901 0.000015
0.010362 0.440874 0.252111 0.141690 0.001842 0.153106 0.000015
0.010325 0.438822 0.252688 0.142024 0.001877 0.154250 0.000014
0.010224 0.437229 0.252950 0.142280 0.001871 0.155431 0.000015
0.009837 0.433963 0.254206 0.143087 0.001909 0.156983 0.000015
0.009849 0.431788 0.254507 0.143074 0.001937 0.158830 0.000016
0.009978 0.433110 0.253949 0.142949 0.001926 0.158072 0.000016
0.009751 0.428691 0.255094 0.143631 0.001964 0.160852 0.000017
0.009798 0.429426 0.254753 0.143382 0.001961 0.160663 0.000017
0.009818 0.428051 0.254960 0.143557 0.001963 0.161634 0.000016
0.009521 0.425133 0.255961 0.143962 0.001981 0.163423 0.000019
0.009576 0.424177 0.256086 0.143879 0.001989 0.164274 0.000020
0.009514 0.422375 0.256513 0.144304 0.001994 0.165281 0.000020
0.009627 0.422718 0.255976 0.144100 0.002017 0.165541 0.000022
0.009623 0.420906 0.256617 0.144291 0.002028 0.166512 0.000022
0.009494 0.420314 0.256811 0.144605 0.002033 0.166722 0.000021
0.009356 0.417190 0.257471 0.144909 0.002063 0.168988 0.000022
0.009442 0.416285 0.257427 0.144944 0.002069 0.169811 0.000022
0.009399 0.414869 0.257746 0.145106 0.002080 0.170775 0.000025
0.009163 0.410170 0.258989 0.145939 0.002118 0.173596 0.000025
0.009213 0.410945 0.258700 0.145731 0.002101 0.173287 0.000023
0.009084 0.408703 0.259054 0.145988 0.002132 0.175016 0.000022
0.009115 0.407992 0.259204 0.146099 0.002146 0.175419 0.000025
0.009186 0.407824 0.259219 0.145912 0.002120 0.175716 0.000024
0.008882 0.401385 0.260768 0.147008 0.002186 0.179746 0.000026
0.008808 0.400126 0.261193 0.147087 0.002197 0.180564 0.000025
0.009036 0.402583 0.260084 0.146421 0.002157 0.179693 0.000026
0.008894 0.399411 0.261006 0.147049 0.002225 0.181392 0.000023
0.008900 0.398166 0.261122 0.147285 0.002218 0.182282 0.000026
0.008700 0.393254 0.262402 0.147874 0.002241 0.185503 0.000025
0.008916 0.396271 0.261279 0.147227 0.002249 0.184030 0.000029
0.008777 0.393387 0.262020 0.147682 0.002256 0.185850 0.000028
0.008758 0.392399 0.261999 0.147798 0.002248 0.186770 0.000029
0.008758 0.391561 0.262165 0.147943 0.002274 0.187273 0.000026
0.008659 0.388940 0.262832 0.148215 0.002265 0.189061 0.000027
0.008646 0.386804 0.263160 0.148259 0.002306 0.190797 0.000027
0.008784 0.386471 0.262946 0.148252 0.002329 0.191189 0.000029
0.008772 0.385919 0.263127 0.148216 0.002327 0.191610 0.000029
0.008746 0.383886 0.263398 0.148468 0.002344 0.193131 0.000027
0.008768 0.383437 0.263328 0.148389 0.002345 0.193704 0.000027
0.008696 0.380863 0.264005 0.148699 0.002373 0.195335 0.000030
0.008656 0.380177 0.264072 0.148777 0.002366 0.195918 0.000033
0.008658 0.377511 0.264307 0.149063 0.002389 0.198035 0.000037
0.008603 0.376688 0.264909 0.149266 0.002437 0.198057 0.000040
0.008611 0.375283 0.264632 0.149147 0.002416 0.199874 0.000038
0.008645 0.373647 0.264676 0.149178 0.002430 0.201388 0.000037
0.008656 0.374645 0.264426 0.149021 0.002416 0.200800 0.000035
0.008584 0.371148 0.265248 0.149570 0.002462 0.202950 0.000038
0.008573 0.369218 0.265302 0.149596 0.002472 0.204801 0.000037
0.008639 0.369734 0.265257 0.149433 0.002435 0.204465 0.000037
0.008520 0.367872 0.265909 0.149838 0.002480 0.205342 0.000039
0.008458 0.364911 0.266403 0.150042 0.002524 0.207622 0.000041
0.008466 0.363814 0.266245 0.150092 0.002518 0.208827 0.000037
0.008558 0.364593 0.265874 0.149947 0.002483 0.208502 0.000042
0.008452 0.361276 0.266658 0.150335 0.002520 0.210718 0.000041
0.008515 0.361798 0.266106 0.150140 0.002527 0.210872 0.000043
0.008449 0.359532 0.266736 0.150470 0.002563 0.212209 0.000042
0.008402 0.358572 0.266772 0.150533 0.002577 0.213100 0.000045
0.008333 0.355379 0.267433 0.150769 0.002600 0.215442 0.000044
0.008436 0.357152 0.266657 0.150375 0.002579 0.214760 0.000041
0.008352 0.352947 0.267604 0.150986 0.002612 0.217454 0.000045
0.008353 0.353364 0.267529 0.150637 0.002603 0.217474 0.000040
0.008340 0.351471 0.267657 0.150895 0.002651 0.218939 0.000046
0.008346 0.350538 0.267589 0.150871 0.002613 0.220000 0.000041
0.008354 0.348982 0.267779 0.150835 0.002656 0.221352 0.000042
0.008356 0.346730 0.268216 0.151221 0.002661 0.222771 0.000045
0.008325 0.346095 0.268054 0.151124 0.002670 0.223687 0.000045
0.008304 0.344197 0.268447 0.151547 0.002697 0.224763 0.000045
0.008338 0.343373 0.268249 0.151371 0.002682 0.225944 0.000044
0.008285 0.341756 0.268690 0.151498 0.002685 0.227041 0.000046
0.008357 0.342935 0.268273 0.151137 0.002675 0.226575 0.000049
0.008338 0.340097 0.268521 0.151120 0.002712 0.229161 0.000051
0.008391 0.338735 0.268458 0.151486 0.002712 0.230168 0.000050
0.008333 0.338527 0.268508 0.151355 0.002733 0.230490 0.000053
0.008346 0.335294 0.268738 0.151393 0.002771 0.233409 0.000050
0.008268 0.335433 0.269115 0.151532 0.002739 0.232866 0.000048
0.008262 0.334456 0.268950 0.151415 0.002768 0.234100 0.000050
0.008355 0.333854 0.268722 0.151154 0.002751 0.235112 0.000053
0.008283 0.332779 0.268838 0.151428 0.002784 0.235836 0.000052
0.008333 0.331427 0.268744 0.151482 0.002792 0.237166 0.000056
0.008266 0.330138 0.268896 0.151461 0.002807 0.238381 0.000052
0.008244 0.328526 0.269198 0.151403 0.002835 0.239741 0.000053
0.008237 0.328020 0.269165 0.151547 0.002839 0.240142 0.000049
0.008216 0.325538 0.269366 0.151875 0.002858 0.242091 0.000056
0.008221 0.325585 0.269193 0.151642 0.002880 0.242419 0.000059
0.008308 0.325757 0.268999 0.151754 0.002849 0.242274 0.000060
0.008254 0.322125 0.269275 0.151710 0.002906 0.245669 0.000061
0.008241 0.322565 0.269526 0.151739 0.002901 0.244968 0.000060
0.008247 0.321012 0.269521 0.151821 0.002905 0.246432 0.000062
0.008278 0.320643 0.269450 0.151730 0.002946 0.246890 0.000062
0.008275 0.318291 0.269391 0.151572 0.002937 0.249473 0.000061
0.008224 0.316281 0.269606 0.151632 0.002960 0.251236 0.000061
0.008274 0.316446 0.269592 0.151874 0.002945 0.250809 0.000060
0.008248 0.315391 0.269767 0.151704 0.002941 0.251889 0.000059
0.008207 0.313041 0.269987 0.151876 0.002966 0.253862 0.000061
0.008183 0.312926 0.269959 0.151761 0.002985 0.254124 0.000061
0.008225 0.311657 0.269899 0.151951 0.003004 0.255198 0.000066
0.008247 0.312429 0.269503 0.151614 0.002981 0.255162 0.000064
0.008226 0.309845 0.269835 0.151610 0.002983 0.257437 0.000065
0.008308 0.310913 0.269466 0.151535 0.003010 0.256705 0.000064
0.008225 0.305897 0.269675 0.151847 0.003031 0.261256 0.000068
0.008250 0.306643 0.269290 0.151615 0.003019 0.261118 0.000065
0.008277 0.305542 0.269255 0.151823 0.003050 0.261985 0.000067
0.008292 0.305473 0.269372 0.151779 0.003064 0.261956 0.000064
0.008274 0.305420 0.269300 0.151771 0.003058 0.262115 0.000063
0.008295 0.303102 0.269572 0.151783 0.003068 0.264114 0.000067
0.008293 0.300249 0.269421 0.151878 0.003100 0.266996 0.000063
0.008273 0.298699 0.269689 0.151923 0.003110 0.268238 0.000068
0.008300 0.298646 0.269774 0.151847 0.003115 0.268249 0.000068
0.008284 0.298564 0.269472 0.151899 0.003099 0.268608 0.000074
0.008214 0.295236 0.269678 0.151956 0.003158 0.271684 0.000075
0.008305 0.297026 0.269260 0.151696 0.003132 0.270516 0.000065
0.008317 0.296555 0.269504 0.151867 0.003142 0.270543 0.000072
0.008274 0.291972 0.269855 0.151806 0.003140 0.274880 0.000074
0.008269 0.293114 0.269356 0.151948 0.003137 0.274100 0.000077
0.008291 0.291957 0.269417 0.151740 0.003162 0.275360 0.000074
0.008285 0.291099 0.269192 0.151536 0.003181 0.276633 0.000072
0.008315 0.289978 0.269349 0.151723 0.003206 0.277358 0.000072
0.008323 0.288987 0.269275 0.151798 0.003198 0.278342 0.000076
0.008285 0.289002 0.269507 0.151679 0.003215 0.278245 0.000067
0.008343 0.286879 0.269334 0.151797 0.003246 0.280330 0.000071
0.008317 0.286796 0.269075 0.151815 0.003267 0.280656 0.000074
0.008327 0.284681 0.269055 0.151783 0.003250 0.282832 0.000072
0.008360 0.284069 0.269374 0.151671 0.003275 0.283175 0.000076
0.008386 0.283359 0.268680 0.151642 0.003262 0.284595 0.000076
0.008476 0.282308 0.268687 0.151534 0.003280 0.285637 0.000077
0.008411 0.281287 0.268667 0.151587 0.003283 0.286688 0.000077
0.008477 0.278979 0.268439 0.151509 0.003323 0.289195 0.000078
0.008540 0.279891 0.268763 0.151517 0.003317 0.287893 0.000078
0.008531 0.278383 0.268634 0.151404 0.003302 0.289664 0.000082
0.008538 0.277019 0.268614 0.151388 0.003354 0.291003 0.000084
0.008517 0.275258 0.268445 0.151459 0.003328 0.292913 0.000080
0.008569 0.276057 0.268324 0.151689 0.003347 0.291935 0.000079
0.008596 0.274846 0.268455 0.151668 0.003330 0.293027 0.000077
0.008648 0.272254 0.268307 0.151384 0.003426 0.295902 0.000078
0.008591 0.270486 0.268401 0.151445 0.003420 0.297572 0.000085
0.008678 0.270602 0.267974 0.151356 0.003383 0.297923 0.000085
0.008733 0.269324 0.268025 0.151083 0.003423 0.299333 0.000079
0.008784 0.268665 0.267768 0.151158 0.003425 0.300115 0.000085
0.008816 0.269310 0.267925 0.151017 0.003435 0.299412 0.000087
0.008762 0.265624 0.267791 0.150924 0.003440 0.303375 0.000084
0.008760 0.266269 0.267606 0.150976 0.003450 0.302858 0.000080
0.008779 0.262410 0.267594 0.150894 0.003485 0.306759 0.000079
0.008760 0.264394 0.267497 0.150678 0.003452 0.305131 0.000088
0.008775 0.264722 0.267528 0.150983 0.003462 0.304448 0.000082
0.008822 0.262069 0.267328 0.150590 0.003519 0.307589 0.000083
0.008905 0.259554 0.267238 0.150547 0.003549 0.310125 0.000082
0.008854 0.258953 0.267088 0.150467 0.003559 0.310994 0.000085
0.008888 0.258533 0.266980 0.150334 0.003552 0.311627 0.000087
0.008906 0.259481 0.267151 0.150352 0.003555 0.310466 0.000090
0.008926 0.258579 0.266967 0.150406 0.003557 0.311474 0.000090
0.008919 0.257039 0.266691 0.150462 0.003588 0.313216 0.000086
0.008942 0.255968 0.266571 0.150210 0.003601 0.314621 0.000088
0.008934 0.257801 0.266718 0.150118 0.003584 0.312760 0.000086
0.008900 0.255036 0.266653 0.150090 0.003621 0.315611 0.000089
0.008928 0.254607 0.266191 0.149724 0.003627 0.316834 0.000090
0.008974 0.253294 0.266164 0.149724 0.003637 0.318121 0.000087
0.008963 0.252511 0.266065 0.149725 0.003630 0.319018 0.000089
0.008980 0.250962 0.265893 0.149711 0.003685 0.320686 0.000084
0.009000 0.250287 0.265878 0.149614 0.003653 0.321477 0.000091
0.008988 0.250264 0.265798 0.149481 0.003683 0.321699 0.000087
0.009053 0.248324 0.265354 0.149308 0.003709 0.324158 0.000093
0.009099 0.248805 0.265268 0.149509 0.003675 0.323553 0.000092
0.009155 0.245910 0.264883 0.149203 0.003701 0.327059 0.000088
0.009117 0.246230 0.264948 0.149161 0.003721 0.326734 0.000090
0.009129 0.245048 0.264720 0.149052 0.003749 0.328210 0.000093
0.009208 0.244837 0.264744 0.148765 0.003778 0.328574 0.000094
0.009183 0.243169 0.264356 0.148723 0.003806 0.330668 0.000095
0.009239 0.244536 0.264473 0.148766 0.003777 0.329117 0.000092
0.009273 0.241138 0.264389 0.148649 0.003828 0.332626 0.000098
0.009342 0.240991 0.263959 0.148671 0.003788 0.333149 0.000100
0.009297 0.240020 0.264212 0.148403 0.003846 0.334124 0.000099
0.009358 0.240483 0.263796 0.148316 0.003819 0.334128 0.000101
0.009324 0.239090 0.263297 0.148321 0.003814 0.336056 0.000099
0.009337 0.238492 0.263465 0.148388 0.003832 0.336381 0.000106
0.009318 0.237556 0.263608 0.148256 0.003872 0.337289 0.000101
0.009324 0.237599 0.263188 0.148183 0.003820 0.337785 0.000101
0.009376 0.237250 0.263170 0.148204 0.003863 0.338035 0.000102
0.009417 0.235129 0.262883 0.147945 0.003892 0.340633 0.000102
0.009440 0.234237 0.262562 0.147830 0.003900 0.341929 0.000101
0.009457 0.234764 0.262708 0.147719 0.003891 0.341364 0.000096
0.009458 0.232865 0.262481 0.147758 0.003889 0.343446 0.000103
0.009472 0.231749 0.262247 0.147485 0.003896 0.345051 0.000100
0.009435 0.232059 0.262084 0.147539 0.003918 0.344860 0.000105
0.009496 0.232216 0.261891 0.147516 0.003918 0.344860 0.000104
0.009453 0.230880 0.261751 0.147190 0.003922 0.346695 0.000109
0.009450 0.229188 0.261494 0.147175 0.003948 0.348632 0.000111
0.009454 0.227852 0.261389 0.146934 0.003970 0.350297 0.000104
0.009515 0.226549 0.261168 0.147023 0.003997 0.351638 0.000111
0.009518 0.226050 0.260737 0.146728 0.004012 0.352843 0.000112
0.009544 0.226318 0.260911 0.146640 0.004004 0.352468 0.000115
0.009519 0.225167 0.260482 0.146541 0.004031 0.354144 0.000115
0.009557 0.224981 0.260246 0.146581 0.004031 0.354496 0.000108
0.009615 0.224445 0.260355 0.146378 0.004038 0.355055 0.000114
0.009609 0.221582 0.259738 0.146271 0.004058 0.358624 0.000118
0.009625 0.222556 0.259919 0.146289 0.004045 0.357449 0.000116
0.009708 0.220212 0.259472 0.146110 0.004071 0.360304 0.000123
0.009727 0.220462 0.259409 0.146023 0.004092 0.360171 0.000116
0.009691 0.220391 0.259403 0.145935 0.004120 0.360341 0.000120
0.009760 0.218423 0.258840 0.145668 0.004117 0.363077 0.000116
0.009841 0.217803 0.258547 0.145565 0.004118 0.364012 0.000114
0.009838 0.218300 0.258871 0.145841 0.004099 0.362927 0.000123
0.009910 0.217845 0.258594 0.145659 0.004114 0.363758 0.000121
0.009900 0.217256 0.258526 0.145431 0.004125 0.364640 0.000123
0.009959 0.215224 0.257858 0.145323 0.004119 0.367393 0.000123
0.009966 0.216311 0.258062 0.145341 0.004120 0.366079 0.000122
0.010041 0.215625 0.257772 0.145414 0.004145 0.366875 0.000127
0.010015 0.215055 0.257739 0.145151 0.004127 0.367794 0.000121
0.010015 0.212036 0.256970 0.144893 0.004189 0.371777 0.000120
0.010115 0.212681 0.256895 0.144847 0.004129 0.371212 0.000121
0.010099 0.212422 0.257115 0.144823 0.004165 0.371252 0.000124
0.010074 0.211704 0.256864 0.144875 0.004175 0.372179 0.000129
0.010122 0.210122 0.256494 0.144733 0.004193 0.374211 0.000124
0.010168 0.210143 0.256340 0.144423 0.004168 0.374628 0.000130
0.010181 0.209874 0.256118 0.144281 0.004177 0.375237 0.000131
0.010238 0.208887 0.255946 0.144109 0.004213 0.376474 0.000133
0.010206 0.208023 0.255623 0.144015 0.004186 0.377822 0.000125
0.010219 0.206987 0.255088 0.143782 0.004215 0.379575 0.000134
0.010199 0.207741 0.255295 0.143850 0.004207 0.378578 0.000129
0.010281 0.207040 0.255159 0.143882 0.004238 0.379267 0.000132
0.010276 0.205502 0.254660 0.143465 0.004225 0.381741 0.000131
0.010319 0.205767 0.254856 0.143587 0.004247 0.381094 0.000130
0.010331 0.205117 0.254912 0.143441 0.004268 0.381799 0.000133
0.010383 0.204149 0.254306 0.143404 0.004282 0.383344 0.000132
0.010453 0.203509 0.254218 0.143232 0.004272 0.384182 0.000134
0.010459 0.202077 0.253796 0.142807 0.004300 0.386427 0.000134
0.010515 0.202375 0.253593 0.142860 0.004303 0.386215 0.000138
0.010506 0.200408 0.253136 0.142541 0.004332 0.388949 0.000129
0.010538 0.200371 0.253115 0.142462 0.004355 0.389021 0.000137
0.010625 0.199640 0.252506 0.142279 0.004338 0.390475 0.000136
0.010630 0.199333 0.252747 0.142319 0.004324 0.390517 0.000130
0.010616 0.198678 0.252466 0.142034 0.004359 0.391712 0.000136
0.010627 0.198426 0.252020 0.142107 0.004360 0.392325 0.000135
0.010659 0.197551 0.251804 0.141817 0.004380 0.393655 0.000135
0.010634 0.197376 0.251737 0.141839 0.004403 0.393872 0.000139
0.010749 0.195322 0.251130 0.141597 0.004411 0.396656 0.000135
0.010676 0.195674 0.251052 0.141713 0.004398 0.396351 0.000136
0.010705 0.194863 0.250708 0.141469 0.004412 0.397708 0.000135
0.010778 0.194333 0.250529 0.141284 0.004401 0.398533 0.000142
0.010714 0.194078 0.250567 0.141130 0.004415 0.398952 0.000143
0.010804 0.193514 0.250314 0.141198 0.004411 0.399617 0.000141
0.010818 0.193178 0.250015 0.141102 0.004433 0.400317 0.000137
0.010778 0.191831 0.249756 0.140699 0.004464 0.402328 0.000145
0.010876 0.191107 0.249434 0.140544 0.004466 0.403435 0.000138
0.010895 0.190775 0.249390 0.140359 0.004493 0.403952 0.000137
0.010954 0.189913 0.249057 0.140403 0.004464 0.405065 0.000145
0.010944 0.191176 0.249231 0.140521 0.004431 0.403547 0.000150
0.011003 0.189362 0.248854 0.140178 0.004458 0.405997 0.000150
0.010994 0.189064 0.248466 0.140057 0.004480 0.406792 0.000147
0.011061 0.188274 0.248172 0.139907 0.004520 0.407916 0.000149
0.011051 0.187523 0.247581 0.139562 0.004522 0.409611 0.000150
0.011078 0.187972 0.247881 0.139958 0.004509 0.408449 0.000153
0.011064 0.186617 0.247422 0.139517 0.004576 0.410656 0.000148
0.011194 0.185935 0.246963 0.139179 0.004565 0.412017 0.000146
0.011174 0.185292 0.247005 0.139145 0.004572 0.412663 0.000150
0.011210 0.184838 0.246385 0.138953 0.004576 0.413886 0.000152
0.011301 0.184092 0.246314 0.138832 0.004564 0.414741 0.000156
0.011355 0.183488 0.246027 0.138761 0.004624 0.415593 0.000151
0.011329 0.184528 0.246276 0.138802 0.004621 0.414287 0.000155
0.011365 0.182306 0.245658 0.138498 0.004625 0.417390 0.000158
0.011288 0.182676 0.245774 0.138465 0.004599 0.417043 0.000156
0.011412 0.181301 0.245082 0.138144 0.004659 0.419245 0.000158
0.011405 0.180344 0.244778 0.137841 0.004647 0.420828 0.000156
0.011502 0.180401 0.244648 0.137727 0.004650 0.420912 0.000159
0.011491 0.180448 0.244663 0.137738 0.004657 0.420841 0.000162
0.011433 0.180450 0.244591 0.137837 0.004648 0.420885 0.000157
0.011568 0.178013 0.243800 0.137379 0.004720 0.424353 0.000168
0.011539 0.178321 0.243892 0.137452 0.004687 0.423951 0.000158
0.011600 0.178229 0.243715 0.137168 0.004721 0.424407 0.000160
0.011577 0.177817 0.243301 0.137054 0.004716 0.425376 0.000160
0.011737 0.176174 0.242805 0.136753 0.004732 0.427639 0.000160
0.011719 0.176169 0.242656 0.136684 0.004719 0.427888 0.000164
0.011733 0.176134 0.242381 0.136553 0.004701 0.428333 0.000164
0.011745 0.176211 0.242534 0.136480 0.004717 0.428151 0.000162
0.011831 0.174891 0.241453 0.136111 0.004750 0.430800 0.000166
0.011904 0.175101 0.241640 0.136175 0.004722 0.430293 0.000166
0.011894 0.174366 0.241472 0.136181 0.004735 0.431185 0.000166
0.011960 0.173442 0.241059 0.136016 0.004729 0.432623 0.000170
0.011965 0.173115 0.240853 0.135550 0.004728 0.433623 0.000166
0.011930 0.173307 0.240933 0.135547 0.004809 0.433305 0.000170
0.011957 0.172461 0.241051 0.135577 0.004786 0.433990 0.000177
0.012012 0.171400 0.240289 0.135346 0.004790 0.435985 0.000178
0.012069 0.170756 0.239989 0.135337 0.004774 0.436899 0.000175
0.012145 0.170402 0.239616 0.135081 0.004797 0.437781 0.000177
0.012139 0.170229 0.239443 0.134843 0.004748 0.438425 0.000173
0.012224 0.169323 0.239139 0.134667 0.004785 0.439689 0.000174
0.012289 0.168187 0.238766 0.134357 0.004780 0.441435 0.000187
0.012328 0.168669 0.238436 0.134461 0.004797 0.441126 0.000183
0.012407 0.168108 0.238310 0.134497 0.004793 0.441703 0.000182
0.012437 0.167252 0.238117 0.134053 0.004821 0.443140 0.000180
0.012450 0.167128 0.237720 0.134098 0.004802 0.443619 0.000182
0.012482 0.165572 0.237463 0.133843 0.004862 0.445596 0.000182
0.012527 0.166073 0.237193 0.133815 0.004862 0.445347 0.000182
0.012548 0.166097 0.237380 0.133642 0.004836 0.445318 0.000179
0.012601 0.164973 0.236758 0.133377 0.004866 0.447239 0.000186
0.012658 0.164504 0.236610 0.133373 0.004858 0.447808 0.000189
0.012753 0.164574 0.236331 0.133192 0.004890 0.448073 0.000186
0.012752 0.164843 0.236380 0.133212 0.004864 0.447758 0.000191
0.012796 0.162368 0.235676 0.132587 0.004896 0.451486 0.000192
0.012820 0.162557 0.235468 0.132554 0.004902 0.451516 0.000184
0.012838 0.163020 0.235208 0.132552 0.004863 0.451332 0.000188
0.012900 0.162088 0.234929 0.132462 0.004869 0.452560 0.000191
0.012876 0.162016 0.234773 0.132405 0.004903 0.452836 0.000191
0.012953 0.161084 0.234107 0.131812 0.004865 0.454984 0.000195
0.013055 0.161465 0.234068 0.131935 0.004907 0.454374 0.000196
0.012996 0.161203 0.233683 0.131770 0.004918 0.455234 0.000196
0.013002 0.159960 0.233747 0.131376 0.004933 0.456785 0.000198
0.013075 0.159257 0.233062 0.131311 0.004906 0.458192 0.000195
0.013096 0.159615 0.233051 0.131373 0.004935 0.457737 0.000193
0.013167 0.158548 0.232227 0.131059 0.004905 0.459897 0.000197
0.013180 0.158591 0.232623 0.131054 0.004928 0.459425 0.000199
0.013187 0.157628 0.232108 0.130614 0.004962 0.461309 0.000192
0.013189 0.157774 0.231594 0.130583 0.004915 0.461749 0.000196
0.013234 0.156855 0.231642 0.130541 0.004954 0.462572 0.000201
0.013188 0.156632 0.231768 0.130261 0.004946 0.463015 0.000190
0.013362 0.155255 0.230757 0.129753 0.004973 0.465707 0.000193
0.013292 0.156616 0.231313 0.130064 0.004993 0.463526 0.000196
0.013384 0.155466 0.230731 0.129964 0.004986 0.465271 0.000198
0.013372 0.155231 0.230921 0.129629 0.004982 0.465672 0.000192
0.013318 0.155214 0.230538 0.129852 0.004969 0.465907 0.000202
0.013508 0.153933 0.229464 0.129463 0.004976 0.468460 0.000196
0.013533 0.153592 0.229776 0.129419 0.004971 0.468501 0.000209
0.013583 0.153822 0.229477 0.129361 0.004992 0.468567 0.000199
0.013621 0.153434 0.229584 0.129159 0.004963 0.469045 0.000194
0.013597 0.152963 0.228915 0.128871 0.005000 0.470455 0.000199
0.013746 0.151901 0.228326 0.128472 0.005027 0.472327 0.000202
0.013777 0.151307 0.227957 0.128412 0.004985 0.473360 0.000202
0.013839 0.151409 0.228176 0.128146 0.005019 0.473207 0.000204
0.013810 0.151504 0.228175 0.128408 0.005013 0.472880 0.000210
0.013892 0.150332 0.227596 0.127810 0.005040 0.475123 0.000208
0.013846 0.150016 0.227231 0.127908 0.005034 0.475758 0.000206
0.013865 0.149333 0.226578 0.127715 0.004995 0.477318 0.000197
0.013937 0.149322 0.226550 0.127541 0.005015 0.477427 0.000210
0.013926 0.149073 0.226531 0.127386 0.005083 0.477800 0.000201
0.013899 0.149714 0.226760 0.127583 0.005065 0.476767 0.000212
0.014033 0.148425 0.225826 0.126909 0.005077 0.479518 0.000212
0.014060 0.148790 0.226009 0.127181 0.005084 0.478666 0.000210
0.014097 0.147666 0.225169 0.126587 0.005105 0.481170 0.000207
0.014170 0.147206 0.225012 0.126417 0.005113 0.481876 0.000206
0.014168 0.147453 0.225057 0.126681 0.005124 0.481301 0.000216
0.014231 0.146578 0.224406 0.126170 0.005114 0.483286 0.000215
0.014233 0.146675 0.224491 0.126368 0.005122 0.482899 0.000212
0.014321 0.146643 0.224463 0.126380 0.005127 0.482850 0.000215
0.014344 0.145262 0.223741 0.125926 0.005140 0.485381 0.000206
0.014409 0.145069 0.223103 0.125605 0.005101 0.486502 0.000211
0.014399 0.144973 0.223183 0.125477 0.005170 0.486582 0.000216
0.014421 0.143978 0.222976 0.125203 0.005175 0.488029 0.000219
0.014546 0.143948 0.222494 0.125000 0.005178 0.488624 0.000210
0.014569 0.143278 0.222160 0.124843 0.005169 0.489760 0.000221
0.014625 0.143235 0.222121 0.124873 0.005138 0.489788 0.000220
0.014600 0.142721 0.221760 0.124549 0.005188 0.490965 0.000216
0.014605 0.142929 0.221487 0.124654 0.005166 0.490937 0.000223
0.014675 0.142329 0.221073 0.124226 0.005190 0.492295 0.000211
0.014694 0.142590 0.221185 0.124464 0.005206 0.491642 0.000218
0.014843 0.140949 0.220210 0.123806 0.005237 0.494738 0.000217
0.014802 0.140959 0.220188 0.123686 0.005198 0.494945 0.000222
0.014807 0.140352 0.219496 0.123623 0.005215 0.496291 0.000214
0.014926 0.140160 0.219451 0.123348 0.005248 0.496649 0.000218
0.014913 0.140566 0.219609 0.123504 0.005238 0.495948 0.000223
0.014973 0.140194 0.219085 0.123187 0.005263 0.497089 0.000210
0.015000 0.139664 0.219184 0.123153 0.005252 0.497538 0.000209
