0.990197 0.009583 0.000119 0.000098 0.000000 0.000003 0.000000
0.981019 0.018501 0.000270 0.000203 0.000000 0.000007 0.000000
0.978071 0.021375 0.000317 0.000230 0.000000 0.000008 0.000000
0.973955 0.025362 0.000393 0.000281 0.000000 0.000007 0.000000
0.970811 0.028429 0.000441 0.000310 0.000002 0.000007 0.000000
0.965815 0.033304 0.000522 0.000343 0.000001 0.000015 0.000000
0.961548 0.037460 0.000608 0.000366 0.000001 0.000017 0.000000
0.956424 0.042439 0.000696 0.000422 0.000001 0.000019 0.000000
0.951035 0.047630 0.000838 0.000477 0.000001 0.000019 0.000000
0.944140 0.054301 0.001000 0.000535 0.000002 0.000022 0.000000
0.937439 0.060767 0.001143 0.000624 0.000002 0.000026 0.000000
0.930621 0.067358 0.001295 0.000696 0.000001 0.000029 0.000000
0.923691 0.074069 0.001429 0.000772 0.000001 0.000038 0.000000
0.916095 0.081379 0.001600 0.000884 0.000002 0.000041 0.000000
0.906622 0.090493 0.001809 0.001027 0.000001 0.000046 0.000000
0.896815 0.099976 0.002011 0.001145 0.000001 0.000052 0.000000
0.889125 0.107410 0.002151 0.001248 0.000002 0.000063 0.000000
0.877712 0.118446 0.002369 0.001391 0.000002 0.000081 0.000000
0.866977 0.128771 0.002642 0.001526 0.000001 0.000083 0.000000
0.855532 0.139808 0.002907 0.001665 0.000001 0.000087 0.000000
0.842188 0.152629 0.003222 0.001859 0.000001 0.000101 0.000000
0.832415 0.161973 0.003497 0.001998 0.000001 0.000116 0.000000
0.819573 0.174312 0.003802 0.002183 0.000001 0.000129 0.000000
0.808432 0.185041 0.004056 0.002335 0.000002 0.000135 0.000000
0.793097 0.199734 0.004445 0.002572 0.000004 0.000148 0.000000
0.778270 0.213928 0.004814 0.002816 0.000004 0.000168 0.000000
0.764312 0.227317 0.005158 0.003021 0.000004 0.000189 0.000000
0.751066 0.239961 0.005551 0.003210 0.000005 0.000206 0.000000
0.738481 0.251938 0.005939 0.003414 0.000005 0.000223 0.000000
0.721922 0.267623 0.006455 0.003751 0.000005 0.000244 0.000000
0.709657 0.279211 0.006869 0.003997 0.000005 0.000261 0.000000
0.694242 0.293774 0.007361 0.004326 0.000005 0.000293 0.000000
0.682271 0.304995 0.007810 0.004600 0.000005 0.000320 0.000000
0.667593 0.318811 0.008336 0.004903 0.000005 0.000352 0.000000
0.653423 0.332095 0.008897 0.005199 0.000006 0.000381 0.000000
0.641836 0.342870 0.009412 0.005475 0.000007 0.000400 0.000000
0.626539 0.357132 0.010045 0.005850 0.000007 0.000426 0.000000
0.612077 0.370588 0.010675 0.006192 0.000008 0.000460 0.000000
0.600577 0.381190 0.011253 0.006487 0.000008 0.000485 0.000000
0.588507 0.392399 0.011809 0.006760 0.000008 0.000516 0.000000
0.576413 0.403583 0.012360 0.007082 0.000010 0.000553 0.000000
0.561831 0.417045 0.013058 0.007452 0.000010 0.000604 0.000000
0.548922 0.428972 0.013625 0.007823 0.000012 0.000646 0.000000
0.535786 0.440846 0.014410 0.008267 0.000012 0.000679 0.000000
0.523956 0.451541 0.015087 0.008686 0.000013 0.000717 0.000000
0.512319 0.462053 0.015784 0.009066 0.000014 0.000764 0.000000
0.499431 0.473637 0.016574 0.009527 0.000015 0.000817 0.000000
0.486423 0.485312 0.017412 0.009967 0.000015 0.000871 0.000000
0.473402 0.496885 0.018304 0.010454 0.000016 0.000938 0.000000
0.462109 0.506914 0.019069 0.010892 0.000018 0.000998 0.000000
0.449344 0.518193 0.019972 0.011413 0.000020 0.001057 0.000000
0.441131 0.525133 0.020781 0.011806 0.000020 0.001129 0.000000
0.428537 0.535992 0.021842 0.012396 0.000022 0.001211 0.000000
0.419970 0.543222 0.022633 0.012868 0.000023 0.001283 0.000000
0.409353 0.552335 0.023557 0.013369 0.000024 0.001363 0.000000
0.399758 0.560404 0.024466 0.013896 0.000026 0.001450 0.000000
0.388035 0.570168 0.025649 0.014567 0.000028 0.001553 0.000000
0.380570 0.576142 0.026558 0.015072 0.000029 0.001629 0.000000
0.371427 0.583675 0.027553 0.015595 0.000030 0.001720 0.000000
0.361682 0.591771 0.028539 0.016153 0.000031 0.001825 0.000000
0.351857 0.599832 0.029638 0.016724 0.000034 0.001915 0.000000
0.341050 0.608380 0.030989 0.017506 0.000036 0.002039 0.000000
0.332788 0.614808 0.032072 0.018137 0.000037 0.002158 0.000000
0.323475 0.622001 0.033362 0.018830 0.000038 0.002295 0.000000
0.318072 0.625804 0.034340 0.019359 0.000038 0.002387 0.000000
0.313471 0.628961 0.035193 0.019855 0.000038 0.002481 0.000000
0.302114 0.637697 0.036742 0.020746 0.000039 0.002662 0.000000
0.294886 0.642766 0.038069 0.021424 0.000039 0.002816 0.000000
0.291377 0.644439 0.039147 0.022030 0.000039 0.002967 0.000000
0.281007 0.652419 0.040547 0.022868 0.000043 0.003117 0.000000
0.276893 0.654812 0.041572 0.023437 0.000043 0.003243 0.000000
0.270059 0.659277 0.042936 0.024265 0.000044 0.003419 0.000000
0.263388 0.663548 0.044362 0.025041 0.000043 0.003617 0.000000
0.264218 0.661119 0.045259 0.025586 0.000046 0.003772 0.000000
0.253547 0.668602 0.047156 0.026629 0.000051 0.004015 0.000000
0.250356 0.670279 0.048032 0.027125 0.000051 0.004156 0.000000
0.246142 0.672280 0.049343 0.027811 0.000053 0.004371 0.000000
0.244635 0.671870 0.050448 0.028429 0.000054 0.004565 0.000000
0.237966 0.675809 0.052017 0.029345 0.000056 0.004807 0.000000
0.234937 0.677017 0.053065 0.029945 0.000059 0.004976 0.000000
0.229759 0.679863 0.054425 0.030700 0.000062 0.005191 0.000000
0.225710 0.681445 0.055859 0.031496 0.000064 0.005426 0.000000
0.224188 0.680859 0.057004 0.032213 0.000068 0.005669 0.000000
0.217806 0.684885 0.058372 0.032985 0.000070 0.005883 0.000000
0.215054 0.685418 0.059632 0.033722 0.000071 0.006103 0.000000
0.211061 0.687052 0.060996 0.034445 0.000074 0.006371 0.000000
0.206844 0.689062 0.062274 0.035147 0.000077 0.006596 0.000000
0.204838 0.688893 0.063503 0.035837 0.000080 0.006850 0.000000
0.201799 0.689981 0.064567 0.036500 0.000082 0.007071 0.000000
0.196637 0.691556 0.066573 0.037668 0.000085 0.007481 0.000000
0.191178 0.694108 0.068183 0.038642 0.000091 0.007799 0.000000
0.188500 0.694787 0.069276 0.039288 0.000093 0.008056 0.000000
0.179692 0.700035 0.071326 0.040434 0.000092 0.008420 0.000000
0.175916 0.701412 0.072652 0.041208 0.000103 0.008709 0.000000
0.173463 0.701457 0.074013 0.041945 0.000105 0.009018 0.000000
0.172800 0.700444 0.074880 0.042497 0.000106 0.009273 0.000000
0.162290 0.706099 0.077608 0.044047 0.000112 0.009844 0.000000
0.156327 0.709105 0.079288 0.044980 0.000115 0.010185 0.000000
0.154628 0.709359 0.080064 0.045381 0.000120 0.010447 0.000000
0.149603 0.711271 0.081814 0.046346 0.000125 0.010841 0.000000
0.145232 0.713208 0.083155 0.047139 0.000131 0.011135 0.000000
0.138996 0.716072 0.085030 0.048176 0.000134 0.011593 0.000000
0.134320 0.717203 0.086994 0.049281 0.000137 0.012065 0.000000
0.128356 0.719747 0.088872 0.050377 0.000142 0.012506 0.000000
0.121167 0.722732 0.091225 0.051675 0.000154 0.013047 0.000000
0.119011 0.722179 0.092674 0.052511 0.000155 0.013470 0.000000
0.113550 0.723801 0.094784 0.053713 0.000167 0.013986 0.000000
0.109455 0.724050 0.096934 0.054870 0.000171 0.014520 0.000000
0.106160 0.724864 0.098262 0.055663 0.000176 0.014876 0.000000
0.105636 0.722181 0.100037 0.056600 0.000183 0.015363 0.000000
0.101515 0.722138 0.102277 0.057909 0.000192 0.015969 0.000000
0.101245 0.720324 0.103420 0.058473 0.000198 0.016341 0.000000
0.100179 0.719771 0.104257 0.058985 0.000199 0.016609 0.000000
0.097544 0.719709 0.105737 0.059791 0.000208 0.017011 0.000000
0.093969 0.718106 0.108545 0.061340 0.000216 0.017825 0.000000
0.094342 0.715328 0.109875 0.061985 0.000226 0.018244 0.000000
0.095210 0.711498 0.111360 0.062885 0.000230 0.018816 0.000000
0.090891 0.712091 0.113466 0.063989 0.000235 0.019329 0.000000
0.094167 0.708212 0.113671 0.064174 0.000241 0.019535 0.000000
0.093519 0.705155 0.115649 0.065210 0.000253 0.020213 0.000000
0.095061 0.700922 0.117015 0.066023 0.000261 0.020718 0.000000
0.095220 0.698131 0.118370 0.066727 0.000269 0.021283 0.000000
0.094417 0.696194 0.119829 0.067553 0.000279 0.021727 0.000000
0.095161 0.693512 0.120702 0.068127 0.000287 0.022211 0.000000
0.100297 0.687698 0.120976 0.068220 0.000290 0.022520 0.000000
0.097211 0.687531 0.122651 0.069209 0.000299 0.023099 0.000000
0.096390 0.686097 0.123835 0.069815 0.000304 0.023558 0.000000
0.095021 0.684541 0.125275 0.070661 0.000311 0.024192 0.000000
0.098334 0.679999 0.125779 0.070973 0.000315 0.024600 0.000000
0.094661 0.680058 0.127585 0.071989 0.000330 0.025377 0.000000
0.098593 0.676748 0.127138 0.071736 0.000326 0.025458 0.000000
0.102160 0.672148 0.127480 0.071907 0.000329 0.025976 0.000000
0.095081 0.674612 0.129854 0.073326 0.000336 0.026791 0.000000
0.089199 0.675299 0.132582 0.074811 0.000346 0.027764 0.000000
0.092320 0.672619 0.132273 0.074556 0.000358 0.027875 0.000000
0.087930 0.674036 0.133728 0.075458 0.000358 0.028489 0.000000
0.088227 0.672721 0.134242 0.075616 0.000367 0.028826 0.000000
0.079815 0.674943 0.137416 0.077482 0.000382 0.029962 0.000000
0.075068 0.675787 0.139463 0.078591 0.000396 0.030696 0.000000
0.077688 0.673382 0.139111 0.078441 0.000394 0.030984 0.000000
0.071758 0.674597 0.141501 0.079844 0.000414 0.031885 0.000000
0.069245 0.674864 0.142620 0.080431 0.000426 0.032414 0.000000
0.065181 0.675192 0.144486 0.081555 0.000432 0.033155 0.000000
0.061280 0.675189 0.146380 0.082651 0.000438 0.034062 0.000000
0.056176 0.675166 0.148992 0.084075 0.000453 0.035138 0.000000
0.056414 0.674343 0.149194 0.084238 0.000451 0.035359 0.000000
0.051730 0.673869 0.151697 0.085815 0.000461 0.036427 0.000000
0.049358 0.672154 0.153711 0.086930 0.000474 0.037372 0.000000
0.047108 0.671953 0.154868 0.087629 0.000477 0.037964 0.000000
0.045249 0.671085 0.156184 0.088353 0.000488 0.038640 0.000001
0.042338 0.669444 0.158423 0.089579 0.000498 0.039717 0.000001
0.042695 0.668010 0.158789 0.089887 0.000506 0.040113 0.000001
0.039978 0.666068 0.161113 0.091164 0.000528 0.041148 0.000001
0.037591 0.664290 0.163118 0.092333 0.000527 0.042141 0.000001
0.036810 0.663093 0.163969 0.092857 0.000533 0.042737 0.000001
0.033744 0.660886 0.166602 0.094360 0.000555 0.043853 0.000001
0.033590 0.658286 0.167754 0.095093 0.000564 0.044713 0.000001
0.032174 0.656752 0.169280 0.095724 0.000574 0.045494 0.000001
0.032109 0.655549 0.169795 0.096054 0.000573 0.045918 0.000001
0.029516 0.652019 0.172659 0.097839 0.000597 0.047369 0.000002
0.029348 0.650155 0.173521 0.098305 0.000606 0.048063 0.000001
0.028772 0.649481 0.174137 0.098518 0.000608 0.048484 0.000001
0.027904 0.647310 0.175484 0.099398 0.000621 0.049282 0.000001
0.027325 0.645039 0.176810 0.100106 0.000634 0.050085 0.000002
0.026644 0.643247 0.177885 0.100792 0.000650 0.050781 0.000002
0.026168 0.640840 0.179179 0.101490 0.000649 0.051671 0.000002
0.025587 0.638287 0.180542 0.102207 0.000668 0.052707 0.000002
0.025127 0.636687 0.181409 0.102666 0.000671 0.053438 0.000002
0.025474 0.633481 0.182629 0.103480 0.000674 0.054259 0.000003
0.027936 0.629735 0.183193 0.103688 0.000674 0.054771 0.000003
0.028296 0.627430 0.183951 0.104094 0.000686 0.055539 0.000004
0.029246 0.623133 0.185409 0.104835 0.000697 0.056676 0.000005
0.031894 0.618918 0.185981 0.105245 0.000720 0.057237 0.000004
0.029449 0.619088 0.186899 0.105780 0.000722 0.058057 0.000004
0.030609 0.615221 0.188112 0.106388 0.000728 0.058939 0.000004
0.033102 0.611160 0.188489 0.106710 0.000740 0.059795 0.000005
0.035070 0.607391 0.189261 0.107115 0.000750 0.060410 0.000004
0.036683 0.604938 0.189462 0.107269 0.000751 0.060892 0.000005
0.037317 0.602206 0.190221 0.107764 0.000759 0.061728 0.000005
0.034804 0.601089 0.191874 0.108689 0.000768 0.062771 0.000005
0.038868 0.595115 0.192462 0.109057 0.000776 0.063718 0.000005
0.040062 0.593889 0.192430 0.108935 0.000784 0.063896 0.000004
0.039345 0.593147 0.192942 0.109218 0.000790 0.064553 0.000005
0.040968 0.587733 0.194370 0.110099 0.000798 0.066025 0.000006
0.042313 0.586041 0.194313 0.110141 0.000808 0.066378 0.000006
0.041272 0.585156 0.195173 0.110583 0.000811 0.066999 0.000006
0.045261 0.581973 0.194574 0.110176 0.000816 0.067193 0.000006
0.045029 0.579741 0.195477 0.110731 0.000828 0.068187 0.000006
0.043605 0.577894 0.196905 0.111498 0.000843 0.069249 0.000006
0.043377 0.577567 0.197133 0.111465 0.000853 0.069599 0.000007
0.043241 0.575188 0.198142 0.111990 0.000867 0.070566 0.000006
0.042240 0.574414 0.198664 0.112490 0.000866 0.071320 0.000006
0.040331 0.572922 0.200130 0.113189 0.000885 0.072537 0.000006
0.036698 0.573035 0.201669 0.114005 0.000908 0.073678 0.000007
0.039663 0.571794 0.200601 0.113404 0.000909 0.073620 0.000008
0.036481 0.570847 0.202505 0.114436 0.000912 0.074812 0.000009
0.036135 0.569348 0.203138 0.114831 0.000921 0.075619 0.000009
0.033389 0.567897 0.204965 0.115805 0.000948 0.076986 0.000008
0.033510 0.568140 0.204704 0.115662 0.000953 0.077022 0.000009
0.027851 0.566764 0.207999 0.117451 0.000974 0.078952 0.000009
0.030260 0.564533 0.207413 0.117208 0.000985 0.079593 0.000009
0.026373 0.562785 0.210010 0.118660 0.001001 0.081163 0.000010
0.027399 0.562295 0.209459 0.118371 0.001010 0.081457 0.000009
0.025146 0.560049 0.211425 0.119398 0.001028 0.082944 0.000010
0.023834 0.559359 0.212346 0.119846 0.001032 0.083572 0.000011
0.023698 0.558543 0.212431 0.120003 0.001040 0.084275 0.000010
0.021659 0.555766 0.214499 0.121211 0.001062 0.085793 0.000010
0.020908 0.553916 0.215566 0.121691 0.001071 0.086838 0.000010
0.019749 0.551389 0.217064 0.122564 0.001086 0.088137 0.000011
0.019127 0.549446 0.217937 0.123215 0.001097 0.089169 0.000010
0.018061 0.548351 0.218901 0.123603 0.001097 0.089976 0.000010
0.018057 0.546472 0.219445 0.123993 0.001112 0.090908 0.000011
0.017909 0.545568 0.219753 0.124238 0.001107 0.091416 0.000010
0.018102 0.544001 0.220044 0.124398 0.001121 0.092322 0.000012
0.016767 0.540944 0.221930 0.125338 0.001142 0.093867 0.000012
0.016205 0.537961 0.223155 0.126140 0.001160 0.095366 0.000013
0.016240 0.537041 0.223511 0.126178 0.001166 0.095852 0.000012
0.015584 0.534569 0.224613 0.126922 0.001179 0.097118 0.000014
0.015694 0.532716 0.225244 0.127095 0.001188 0.098048 0.000014
0.014892 0.530747 0.226308 0.127700 0.001208 0.099129 0.000015
0.014482 0.528957 0.227137 0.128196 0.001205 0.100008 0.000014
0.014912 0.527654 0.227281 0.128186 0.001216 0.100738 0.000013
0.014008 0.524679 0.228688 0.129146 0.001230 0.102235 0.000014
0.014238 0.524293 0.228735 0.128967 0.001220 0.102534 0.000014
0.013750 0.521724 0.229694 0.129623 0.001250 0.103946 0.000014
0.013189 0.517710 0.231485 0.130694 0.001276 0.105632 0.000015
0.013176 0.516728 0.231825 0.130849 0.001274 0.106133 0.000014
0.013222 0.515136 0.232241 0.131047 0.001276 0.107062 0.000015
0.013011 0.512913 0.232975 0.131581 0.001306 0.108199 0.000015
0.012935 0.512155 0.233146 0.131604 0.001297 0.108846 0.000016
0.012823 0.510218 0.233805 0.132051 0.001318 0.109768 0.000016
0.012553 0.508129 0.234625 0.132466 0.001323 0.110888 0.000015
0.012418 0.505155 0.235611 0.133053 0.001333 0.112414 0.000016
0.012388 0.504057 0.235832 0.133156 0.001353 0.113198 0.000016
0.011969 0.502052 0.236738 0.133705 0.001356 0.114165 0.000016
0.011957 0.499672 0.237568 0.134084 0.001362 0.115341 0.000017
0.012066 0.499446 0.237380 0.134005 0.001367 0.115720 0.000016
0.011852 0.495973 0.238624 0.134702 0.001403 0.117427 0.000018
0.011598 0.493723 0.239538 0.135116 0.001410 0.118599 0.000016
0.011676 0.492837 0.239705 0.135232 0.001413 0.119120 0.000017
0.011639 0.490898 0.240109 0.135638 0.001429 0.120269 0.000018
0.011627 0.490702 0.240151 0.135639 0.001428 0.120436 0.000018
0.011223 0.486372 0.241743 0.136679 0.001467 0.122499 0.000018
0.011032 0.485704 0.242110 0.136688 0.001467 0.122980 0.000019
0.011073 0.483692 0.242518 0.137027 0.001492 0.124179 0.000019
0.010787 0.479307 0.244089 0.137836 0.001508 0.126454 0.000018
0.011062 0.479615 0.243530 0.137585 0.001516 0.126672 0.000019
0.010804 0.477042 0.244516 0.138102 0.001533 0.127984 0.000020
0.010788 0.476195 0.244589 0.138123 0.001550 0.128736 0.000020
0.010687 0.475100 0.244764 0.138382 0.001555 0.129493 0.000019
0.010573 0.472643 0.245591 0.138753 0.001579 0.130842 0.000019
0.010526 0.471521 0.245685 0.138934 0.001583 0.131731 0.000020
0.010403 0.469421 0.246419 0.139275 0.001595 0.132866 0.000021
0.010458 0.468888 0.246475 0.139251 0.001595 0.133312 0.000021
0.010315 0.465840 0.247516 0.139828 0.001609 0.134871 0.000021
0.010308 0.464450 0.247663 0.139962 0.001615 0.135982 0.000020
0.010293 0.462369 0.248278 0.140283 0.001628 0.137127 0.000021
0.010176 0.461703 0.248515 0.140436 0.001648 0.137500 0.000023
0.010082 0.458412 0.249389 0.140919 0.001661 0.139513 0.000024
0.010114 0.457719 0.249442 0.141019 0.001673 0.140009 0.000023
0.010036 0.455234 0.250072 0.141337 0.001681 0.141617 0.000022
0.010017 0.453850 0.250461 0.141629 0.001694 0.142327 0.000023
0.009997 0.452834 0.250737 0.141640 0.001691 0.143079 0.000023
0.009817 0.449806 0.251666 0.142142 0.001719 0.144826 0.000024
0.009827 0.449070 0.251848 0.142293 0.001734 0.145206 0.000022
0.009790 0.447564 0.252129 0.142617 0.001740 0.146136 0.000024
0.009743 0.445775 0.252696 0.142767 0.001759 0.147236 0.000024
0.009803 0.444906 0.252666 0.142853 0.001755 0.147992 0.000024
0.009715 0.442694 0.253283 0.143072 0.001770 0.149441 0.000025
0.009615 0.441149 0.253818 0.143348 0.001798 0.150246 0.000024
0.009656 0.440501 0.253857 0.143350 0.001804 0.150807 0.000025
0.009637 0.438369 0.254257 0.143570 0.001815 0.152326 0.000026
0.009546 0.436460 0.254765 0.143906 0.001825 0.153472 0.000025
0.009493 0.434673 0.255168 0.144239 0.001836 0.154565 0.000027
0.009421 0.432420 0.255747 0.144551 0.001856 0.155980 0.000025
0.009431 0.431182 0.256002 0.144619 0.001879 0.156861 0.000026
0.009386 0.429173 0.256381 0.144867 0.001890 0.158276 0.000027
0.009463 0.428930 0.256249 0.144824 0.001889 0.158617 0.000027
0.009346 0.426997 0.256984 0.145067 0.001896 0.159684 0.000026
0.009362 0.425722 0.257047 0.145235 0.001934 0.160672 0.000028
0.009318 0.424363 0.257339 0.145262 0.001920 0.161770 0.000028
0.009221 0.421995 0.257863 0.145698 0.001947 0.163246 0.000030
0.009223 0.421370 0.258006 0.145641 0.001961 0.163770 0.000029
0.009133 0.418766 0.258829 0.145882 0.001975 0.165385 0.000029
0.009180 0.417956 0.258611 0.146107 0.001984 0.166131 0.000030
0.009128 0.416131 0.259216 0.146225 0.002007 0.167261 0.000031
0.009160 0.414445 0.259441 0.146477 0.002020 0.168426 0.000032
0.009221 0.414017 0.259301 0.146477 0.002023 0.168931 0.000030
0.009123 0.410942 0.260107 0.146856 0.002057 0.170885 0.000030
0.009120 0.409602 0.260354 0.147076 0.002070 0.171748 0.000031
0.009105 0.408016 0.260556 0.147214 0.002095 0.172982 0.000032
0.009010 0.407208 0.260951 0.147399 0.002090 0.173313 0.000030
0.009041 0.405736 0.261141 0.147485 0.002095 0.174470 0.000031
0.008999 0.403843 0.261393 0.147753 0.002117 0.175863 0.000032
0.008886 0.401306 0.261963 0.148093 0.002141 0.177578 0.000033
0.008946 0.402041 0.261656 0.147809 0.002125 0.177393 0.000031
0.008936 0.400373 0.261955 0.148004 0.002158 0.178544 0.000032
0.008904 0.398019 0.262417 0.148138 0.002164 0.180328 0.000030
0.008880 0.397107 0.262560 0.148344 0.002171 0.180903 0.000034
0.008861 0.395083 0.262959 0.148540 0.002181 0.182341 0.000036
0.008841 0.394020 0.263234 0.148496 0.002206 0.183169 0.000033
0.008814 0.392360 0.263444 0.148670 0.002219 0.184461 0.000033
0.008786 0.390880 0.263751 0.148830 0.002239 0.185479 0.000034
0.008759 0.389753 0.263892 0.148977 0.002246 0.186338 0.000035
0.008772 0.388387 0.264047 0.149094 0.002250 0.187414 0.000036
0.008777 0.387473 0.264049 0.149115 0.002260 0.188291 0.000036
0.008747 0.384715 0.264651 0.149323 0.002272 0.190255 0.000037
0.008733 0.383321 0.264971 0.149495 0.002302 0.191143 0.000035
0.008724 0.382448 0.265025 0.149563 0.002311 0.191894 0.000035
0.008655 0.379446 0.265446 0.149980 0.002336 0.194100 0.000037
0.008703 0.380327 0.265255 0.149632 0.002307 0.193740 0.000037
0.008606 0.377771 0.265807 0.149992 0.002347 0.195444 0.000035
0.008634 0.377456 0.265802 0.149821 0.002349 0.195902 0.000036
0.008688 0.376225 0.265990 0.149968 0.002366 0.196725 0.000038
0.008638 0.374040 0.266198 0.150299 0.002370 0.198419 0.000037
0.008660 0.374064 0.266189 0.150185 0.002382 0.198484 0.000037
0.008642 0.371414 0.266616 0.150477 0.002395 0.200421 0.000035
0.008585 0.369861 0.266791 0.150616 0.002417 0.201692 0.000038
0.008595 0.368353 0.267014 0.150686 0.002417 0.202898 0.000037
0.008562 0.367610 0.267254 0.150669 0.002439 0.203429 0.000037
0.008575 0.366107 0.267295 0.150801 0.002445 0.204740 0.000037
0.008559 0.364284 0.267614 0.150911 0.002477 0.206118 0.000038
0.008570 0.364017 0.267407 0.150971 0.002482 0.206515 0.000038
0.008547 0.361312 0.267978 0.151162 0.002501 0.208463 0.000038
0.008631 0.361605 0.267602 0.151203 0.002511 0.208410 0.000039
0.008567 0.359426 0.268035 0.151355 0.002512 0.210062 0.000043
0.008538 0.357759 0.268286 0.151494 0.002541 0.211341 0.000041
0.008574 0.356361 0.268322 0.151523 0.002544 0.212635 0.000041
0.008563 0.355701 0.268392 0.151514 0.002536 0.213251 0.000043
0.008556 0.355086 0.268280 0.151557 0.002554 0.213923 0.000043
0.008541 0.352839 0.268771 0.151726 0.002582 0.215500 0.000041
0.008518 0.350836 0.268827 0.151981 0.002590 0.217205 0.000043
0.008479 0.350408 0.269006 0.151832 0.002603 0.217628 0.000045
0.008506 0.349316 0.268828 0.151941 0.002625 0.218739 0.000044
0.008458 0.347736 0.269124 0.152023 0.002616 0.219999 0.000044
0.008509 0.347109 0.268801 0.152019 0.002627 0.220888 0.000047
0.008502 0.345653 0.269239 0.152142 0.002625 0.221791 0.000048
0.008473 0.344292 0.269208 0.152171 0.002660 0.223150 0.000046
0.008496 0.342859 0.269322 0.152248 0.002662 0.224366 0.000046
0.008481 0.341475 0.269354 0.152373 0.002670 0.225600 0.000047
0.008496 0.340781 0.269468 0.152437 0.002687 0.226082 0.000048
0.008453 0.338957 0.269591 0.152484 0.002697 0.227771 0.000047
0.008456 0.337972 0.269687 0.152532 0.002713 0.228589 0.000051
0.008509 0.336165 0.269752 0.152639 0.002736 0.230149 0.000050
0.008517 0.336073 0.269812 0.152578 0.002722 0.230246 0.000052
0.008563 0.333788 0.269847 0.152718 0.002755 0.232277 0.000052
0.008563 0.332660 0.270012 0.152667 0.002746 0.233298 0.000053
0.008524 0.331187 0.270095 0.152753 0.002790 0.234597 0.000054
0.008511 0.330322 0.270078 0.152809 0.002784 0.235442 0.000053
0.008561 0.329950 0.269951 0.152871 0.002770 0.235844 0.000053
0.008547 0.329067 0.269992 0.152874 0.002774 0.236691 0.000055
0.008528 0.326532 0.270372 0.152813 0.002816 0.238884 0.000055
0.008567 0.325335 0.270356 0.152993 0.002838 0.239853 0.000057
0.008547 0.324533 0.270271 0.152914 0.002833 0.240844 0.000057
0.008559 0.323997 0.270234 0.152844 0.002850 0.241460 0.000056
0.008540 0.322256 0.270359 0.152960 0.002878 0.242952 0.000055
0.008532 0.321090 0.270322 0.152967 0.002898 0.244133 0.000058
0.008546 0.320747 0.270359 0.152886 0.002904 0.244501 0.000057
0.008490 0.317673 0.270554 0.153028 0.002942 0.247255 0.000057
0.008553 0.317858 0.270392 0.152988 0.002928 0.247224 0.000058
0.008591 0.317675 0.270379 0.152895 0.002947 0.247454 0.000059
0.008600 0.315657 0.270517 0.152954 0.002953 0.249258 0.000060
0.008526 0.314131 0.270585 0.153086 0.002984 0.250627 0.000060
0.008563 0.314148 0.270333 0.152947 0.002973 0.250975 0.000061
0.008579 0.312289 0.270649 0.152846 0.002974 0.252603 0.000060
0.008615 0.311037 0.270554 0.152999 0.002993 0.253739 0.000062
0.008578 0.309886 0.270615 0.152876 0.003015 0.254972 0.000058
0.008598 0.309406 0.270563 0.152853 0.003012 0.255505 0.000065
0.008603 0.307184 0.270554 0.153091 0.003044 0.257462 0.000062
0.008599 0.306832 0.270669 0.152967 0.003019 0.257848 0.000065
0.008590 0.306026 0.270472 0.152915 0.003054 0.258878 0.000064
0.008563 0.304723 0.270637 0.152955 0.003081 0.259975 0.000066
0.008561 0.303510 0.270765 0.152964 0.003075 0.261060 0.000066
0.008584 0.302797 0.270531 0.152872 0.003077 0.262074 0.000065
0.008612 0.302195 0.270616 0.152770 0.003098 0.262640 0.000068
0.008592 0.300881 0.270590 0.152859 0.003087 0.263924 0.000067
0.008616 0.299893 0.270630 0.152772 0.003121 0.264901 0.000067
0.008640 0.298710 0.270460 0.152758 0.003127 0.266233 0.000072
0.008633 0.297596 0.270290 0.152841 0.003127 0.267444 0.000069
0.008652 0.296144 0.270480 0.152831 0.003131 0.268692 0.000070
0.008657 0.295743 0.270320 0.152768 0.003134 0.269304 0.000074
0.008664 0.293984 0.270461 0.152761 0.003148 0.270909 0.000073
0.008656 0.293668 0.270318 0.152711 0.003142 0.271431 0.000074
0.008678 0.293243 0.270162 0.152643 0.003149 0.272050 0.000074
0.008655 0.291756 0.270077 0.152596 0.003175 0.273668 0.000073
0.008656 0.289799 0.269999 0.152661 0.003223 0.275588 0.000074
0.008652 0.289801 0.270018 0.152527 0.003214 0.275713 0.000075
0.008652 0.288078 0.270016 0.152436 0.003251 0.277491 0.000075
0.008700 0.288103 0.269890 0.152535 0.003240 0.277455 0.000076
0.008696 0.287017 0.269864 0.152524 0.003246 0.278578 0.000075
0.008686 0.285596 0.269728 0.152458 0.003284 0.280169 0.000077
0.008737 0.284373 0.269867 0.152515 0.003277 0.281154 0.000077
0.008748 0.283605 0.269801 0.152366 0.003291 0.282112 0.000078
0.008708 0.282836 0.269465 0.152291 0.003298 0.283326 0.000076
0.008773 0.281723 0.269772 0.152354 0.003313 0.283983 0.000082
0.008788 0.280618 0.269545 0.152197 0.003314 0.285456 0.000082
0.008806 0.279394 0.269444 0.152075 0.003323 0.286882 0.000076
0.008855 0.278927 0.269309 0.152042 0.003317 0.287470 0.000079
0.008882 0.276835 0.269335 0.152104 0.003352 0.289412 0.000080
0.008847 0.277115 0.269265 0.151917 0.003339 0.289435 0.000082
0.008846 0.275911 0.269269 0.151864 0.003357 0.290672 0.000080
0.008863 0.274515 0.269313 0.151740 0.003368 0.292116 0.000084
0.008833 0.273362 0.269070 0.151718 0.003404 0.293532 0.000081
0.008800 0.273450 0.268908 0.151720 0.003387 0.293653 0.000082
0.008858 0.271567 0.268789 0.151632 0.003397 0.295672 0.000085
0.008870 0.270403 0.268952 0.151620 0.003427 0.296640 0.000088
0.008921 0.270039 0.268779 0.151548 0.003442 0.297187 0.000083
0.008936 0.269062 0.268647 0.151468 0.003433 0.298368 0.000087
0.008948 0.268474 0.268535 0.151531 0.003448 0.298979 0.000085
0.009001 0.267300 0.268677 0.151488 0.003442 0.300006 0.000086
0.008956 0.266402 0.268449 0.151445 0.003457 0.301207 0.000085
0.009025 0.265457 0.268385 0.151401 0.003463 0.302183 0.000087
0.009033 0.265197 0.268284 0.151297 0.003474 0.302630 0.000085
0.009037 0.264066 0.268085 0.151258 0.003485 0.303982 0.000087
0.009024 0.263048 0.268113 0.151157 0.003493 0.305078 0.000086
0.009040 0.262216 0.267932 0.151073 0.003536 0.306116 0.000087
0.009123 0.261033 0.267704 0.151094 0.003516 0.307439 0.000091
0.009100 0.259985 0.267798 0.151136 0.003563 0.308326 0.000091
0.009111 0.258967 0.267672 0.150938 0.003563 0.309656 0.000093
0.009133 0.258385 0.267658 0.150841 0.003570 0.310320 0.000092
0.009149 0.256865 0.267355 0.150909 0.003551 0.312077 0.000093
0.009132 0.256436 0.267205 0.150853 0.003580 0.312698 0.000097
0.009178 0.255592 0.267242 0.150761 0.003581 0.313548 0.000098
0.009157 0.255172 0.266947 0.150800 0.003588 0.314238 0.000099
0.009233 0.253766 0.266978 0.150699 0.003601 0.315625 0.000099
0.009248 0.253013 0.266839 0.150473 0.003629 0.316699 0.000097
0.009281 0.252007 0.266660 0.150404 0.003629 0.317920 0.000099
0.009307 0.250287 0.266432 0.150465 0.003640 0.319765 0.000104
0.009258 0.250698 0.266335 0.150260 0.003638 0.319709 0.000101
0.009260 0.249678 0.266211 0.150138 0.003647 0.320964 0.000102
0.009301 0.248661 0.266126 0.150112 0.003692 0.322005 0.000102
0.009318 0.247876 0.265827 0.150106 0.003676 0.323098 0.000099
0.009342 0.246889 0.265760 0.149870 0.003666 0.324372 0.000102
0.009336 0.245980 0.265783 0.149974 0.003703 0.325121 0.000103
0.009402 0.245510 0.265566 0.149893 0.003708 0.325821 0.000100
0.009372 0.245153 0.265376 0.149816 0.003698 0.326485 0.000102
0.009411 0.243161 0.265330 0.149664 0.003722 0.328611 0.000101
0.009439 0.243261 0.265189 0.149656 0.003716 0.328638 0.000101
0.009440 0.242793 0.265075 0.149667 0.003733 0.329194 0.000098
0.009442 0.241618 0.264861 0.149460 0.003741 0.330778 0.000101
0.009478 0.240988 0.264866 0.149434 0.003769 0.331363 0.000101
0.009522 0.239575 0.264695 0.149276 0.003771 0.333057 0.000103
0.009551 0.238688 0.264479 0.149210 0.003780 0.334186 0.000107
0.009551 0.238181 0.264358 0.149202 0.003803 0.334797 0.000108
0.009588 0.237331 0.264215 0.149238 0.003786 0.335732 0.000110
0.009587 0.236504 0.264094 0.149043 0.003804 0.336861 0.000107
0.009611 0.235022 0.263939 0.148789 0.003849 0.338675 0.000114
0.009613 0.234756 0.263794 0.148721 0.003829 0.339178 0.000109
0.009661 0.233656 0.263608 0.148647 0.003850 0.340470 0.000108
0.009649 0.234132 0.263647 0.148642 0.003837 0.339982 0.000112
0.009707 0.233208 0.263305 0.148611 0.003863 0.341195 0.000111
0.009750 0.232025 0.263216 0.148404 0.003872 0.342622 0.000111
0.009774 0.231159 0.263125 0.148287 0.003881 0.343663 0.000111
0.009801 0.230117 0.262840 0.148220 0.003884 0.345025 0.000114
0.009837 0.229863 0.262829 0.148272 0.003905 0.345182 0.000112
0.009876 0.228736 0.262659 0.148165 0.003906 0.346543 0.000115
0.009934 0.227148 0.262329 0.147926 0.003950 0.348598 0.000115
0.009915 0.227101 0.262052 0.147846 0.003955 0.349016 0.000116
0.009934 0.227035 0.262269 0.147767 0.003931 0.348948 0.000116
0.009974 0.225660 0.261858 0.147664 0.003950 0.350778 0.000118
0.009995 0.225507 0.261822 0.147528 0.003961 0.351071 0.000117
0.009993 0.224126 0.261304 0.147366 0.003982 0.353110 0.000118
0.009997 0.223447 0.261278 0.147281 0.003971 0.353906 0.000120
0.010042 0.222531 0.261212 0.147227 0.004000 0.354867 0.000121
0.010063 0.222063 0.261029 0.147177 0.003991 0.355558 0.000118
0.010081 0.221676 0.261031 0.147001 0.003985 0.356104 0.000122
0.010064 0.221083 0.260797 0.146963 0.003987 0.356982 0.000123
0.010044 0.219736 0.260523 0.146722 0.004012 0.358837 0.000126
0.010135 0.219145 0.260299 0.146782 0.004007 0.359509 0.000123
0.010139 0.218926 0.260299 0.146501 0.004036 0.359974 0.000125
0.010228 0.217668 0.259949 0.146464 0.004047 0.361518 0.000126
0.010233 0.216834 0.259739 0.146307 0.004039 0.362719 0.000129
0.010249 0.216604 0.259700 0.146162 0.004059 0.363100 0.000126
0.010300 0.215554 0.259420 0.146109 0.004076 0.364408 0.000133
0.010302 0.214969 0.259520 0.145959 0.004061 0.365064 0.000126
0.010339 0.214431 0.259139 0.145774 0.004088 0.366099 0.000130
0.010333 0.213119 0.258823 0.145744 0.004093 0.367755 0.000133
0.010295 0.213409 0.258875 0.145563 0.004100 0.367628 0.000129
0.010301 0.212307 0.258540 0.145391 0.004111 0.369220 0.000130
0.010321 0.211176 0.258136 0.145288 0.004126 0.370820 0.000133
0.010345 0.210685 0.257916 0.145080 0.004119 0.371726 0.000128
0.010342 0.210008 0.257785 0.145183 0.004130 0.372412 0.000140
0.010388 0.209606 0.257564 0.144976 0.004147 0.373185 0.000134
0.014277 0.208045 0.256061 0.144251 0.004146 0.373082 0.000138
0.028098 0.205695 0.252178 0.141947 0.004082 0.367866 0.000134
0.031722 0.204806 0.250945 0.141312 0.004063 0.367020 0.000133
0.032488 0.204443 0.250336 0.141064 0.004079 0.367451 0.000138
0.030276 0.203789 0.250727 0.141151 0.004095 0.369825 0.000137
0.034335 0.202784 0.249198 0.140477 0.004085 0.368984 0.000137
0.031843 0.203400 0.249772 0.140622 0.004089 0.370138 0.000136
0.038692 0.202249 0.247220 0.139392 0.004077 0.368232 0.000138
0.043592 0.201793 0.245527 0.138299 0.004064 0.366587 0.000138
0.045188 0.201486 0.244480 0.137776 0.004066 0.366863 0.000141
0.048003 0.201995 0.243313 0.137139 0.004027 0.365387 0.000137
0.049975 0.202142 0.242017 0.136540 0.004062 0.365131 0.000134
0.049272 0.202422 0.241844 0.136286 0.004064 0.365973 0.000138
0.049917 0.203270 0.240992 0.135863 0.004046 0.365772 0.000141
0.047271 0.203921 0.241357 0.136119 0.004081 0.367108 0.000143
0.050762 0.205573 0.239390 0.135004 0.004063 0.365073 0.000135
0.046539 0.205771 0.240391 0.135382 0.004064 0.367713 0.000140
0.044579 0.206621 0.240391 0.135551 0.004096 0.368623 0.000139
0.048525 0.207825 0.237946 0.134009 0.004077 0.367484 0.000135
0.048428 0.210400 0.237107 0.133567 0.004075 0.366285 0.000138
0.044103 0.210681 0.238233 0.134218 0.004082 0.368543 0.000139
0.040134 0.209859 0.239059 0.134617 0.004129 0.372064 0.000140
0.040458 0.211256 0.238104 0.134072 0.004102 0.371864 0.000144
0.038064 0.211740 0.238592 0.134259 0.004139 0.373066 0.000141
0.036432 0.212752 0.238452 0.134318 0.004126 0.373776 0.000143
0.034203 0.212694 0.238777 0.134405 0.004114 0.375664 0.000143
0.029875 0.209971 0.240317 0.135343 0.004178 0.380167 0.000147
0.031747 0.213556 0.238761 0.134293 0.004133 0.377366 0.000144
0.028164 0.211029 0.240006 0.135280 0.004205 0.381165 0.000151
0.029550 0.214278 0.238176 0.134315 0.004189 0.379346 0.000147
0.023311 0.207187 0.241825 0.136081 0.004276 0.387171 0.000149
0.022191 0.206932 0.242433 0.136404 0.004286 0.387603 0.000151
0.022413 0.207628 0.241784 0.135936 0.004279 0.387810 0.000150
0.023361 0.210188 0.240245 0.135285 0.004261 0.386510 0.000150
0.019594 0.204316 0.242525 0.136532 0.004327 0.392551 0.000154
0.019668 0.204609 0.241849 0.136096 0.004293 0.393329 0.000156
0.019157 0.204365 0.241786 0.136183 0.004318 0.394032 0.000158
0.018299 0.202854 0.242036 0.136249 0.004342 0.396059 0.000161
0.017454 0.201300 0.242618 0.136546 0.004354 0.397575 0.000154
0.016830 0.199553 0.242619 0.136767 0.004348 0.399724 0.000159
0.016411 0.199096 0.242588 0.136665 0.004360 0.400719 0.000161
0.016123 0.198537 0.242454 0.136549 0.004387 0.401790 0.000160
0.015181 0.196097 0.243380 0.137170 0.004401 0.403613 0.000157
0.014985 0.194923 0.243228 0.137178 0.004425 0.405099 0.000162
0.014991 0.195117 0.242892 0.136820 0.004437 0.405583 0.000160
0.015545 0.197135 0.242045 0.136206 0.004417 0.404487 0.000165
0.014950 0.194792 0.242284 0.136469 0.004451 0.406888 0.000166
0.013990 0.190641 0.243289 0.136891 0.004492 0.410529 0.000167
0.014668 0.193534 0.242236 0.136303 0.004469 0.408623 0.000167
0.014288 0.191486 0.242448 0.136597 0.004471 0.410544 0.000166
0.014580 0.192993 0.241572 0.136100 0.004474 0.410112 0.000169
0.013735 0.188294 0.242543 0.136622 0.004510 0.414122 0.000173
0.013769 0.187710 0.242079 0.136442 0.004544 0.415282 0.000174
0.014038 0.189661 0.241606 0.136027 0.004502 0.413997 0.000169
0.013688 0.187558 0.241816 0.136256 0.004524 0.415986 0.000173
0.013733 0.187506 0.241281 0.135704 0.004559 0.417045 0.000172
0.013404 0.185031 0.241420 0.135967 0.004577 0.419425 0.000175
0.013605 0.185716 0.241027 0.135756 0.004568 0.419152 0.000175
0.013043 0.182418 0.241912 0.136222 0.004560 0.421670 0.000176
0.013181 0.182795 0.241443 0.135963 0.004564 0.421883 0.000170
0.013416 0.183862 0.240645 0.135514 0.004583 0.421803 0.000176
0.012934 0.180402 0.241404 0.135930 0.004587 0.424564 0.000178
0.013104 0.181012 0.240990 0.135519 0.004608 0.424587 0.000180
0.013288 0.181464 0.240222 0.135332 0.004598 0.424919 0.000177
0.013219 0.181082 0.240170 0.135286 0.004598 0.425463 0.000182
0.013291 0.180853 0.239451 0.134708 0.004603 0.426911 0.000183
0.013110 0.179383 0.239841 0.134870 0.004590 0.428018 0.000187
0.013262 0.179932 0.238999 0.134361 0.004611 0.428652 0.000183
0.012835 0.175570 0.239979 0.135174 0.004666 0.431593 0.000183
0.013110 0.177395 0.239012 0.134406 0.004624 0.431270 0.000183
0.012929 0.174622 0.238900 0.134615 0.004645 0.434106 0.000184
0.012929 0.174799 0.238785 0.134370 0.004657 0.434273 0.000187
0.012916 0.174115 0.238905 0.134345 0.004645 0.434885 0.000189
0.013182 0.175617 0.238089 0.134054 0.004642 0.434230 0.000186
0.013102 0.174463 0.238130 0.134025 0.004651 0.435438 0.000191
0.013143 0.173888 0.237613 0.133601 0.004666 0.436899 0.000190
0.013190 0.174698 0.237114 0.133618 0.004668 0.436527 0.000185
0.013146 0.173796 0.237181 0.133423 0.004668 0.437600 0.000187
0.013169 0.173055 0.236795 0.133365 0.004689 0.438739 0.000190
0.013147 0.172148 0.236702 0.133153 0.004709 0.439952 0.000190
0.013064 0.170988 0.236938 0.133087 0.004703 0.441034 0.000187
0.013153 0.171294 0.236117 0.132800 0.004747 0.441700 0.000189
0.013184 0.170811 0.235874 0.132644 0.004731 0.442561 0.000194
0.013142 0.169595 0.235889 0.132673 0.004690 0.443822 0.000190
0.013115 0.168299 0.235911 0.132772 0.004747 0.444959 0.000197
0.013140 0.167940 0.235416 0.132584 0.004739 0.445986 0.000193
0.013311 0.168948 0.234963 0.132159 0.004709 0.445715 0.000196
0.013188 0.166326 0.235185 0.132495 0.004760 0.447851 0.000195
0.013407 0.169541 0.234186 0.131815 0.004725 0.446130 0.000197
0.013252 0.166154 0.234398 0.131762 0.004756 0.449480 0.000198
0.013313 0.167010 0.234152 0.131694 0.004734 0.448896 0.000201
0.013308 0.166872 0.234257 0.131818 0.004764 0.448784 0.000197
0.013196 0.164427 0.233831 0.131392 0.004786 0.452170 0.000199
0.013289 0.165049 0.233684 0.131389 0.004787 0.451600 0.000202
0.013314 0.163591 0.233415 0.131298 0.004812 0.453364 0.000205
0.013311 0.164341 0.233433 0.131244 0.004786 0.452684 0.000200
0.013323 0.162864 0.232959 0.130988 0.004772 0.454889 0.000204
0.013331 0.162542 0.232603 0.130815 0.004830 0.455676 0.000204
0.013386 0.162212 0.232494 0.130699 0.004806 0.456195 0.000208
0.013440 0.162900 0.232057 0.130444 0.004810 0.456145 0.000204
0.013447 0.161872 0.231755 0.130348 0.004826 0.457549 0.000203
0.013522 0.160236 0.231570 0.130178 0.004851 0.459441 0.000202
0.013546 0.160771 0.231404 0.130074 0.004852 0.459141 0.000212
0.013531 0.159590 0.231154 0.129869 0.004859 0.460786 0.000211
0.013583 0.158767 0.230951 0.129806 0.004887 0.461794 0.000212
0.013660 0.159388 0.230560 0.129451 0.004876 0.461850 0.000215
0.013691 0.159265 0.230189 0.129371 0.004849 0.462426 0.000210
0.013682 0.157341 0.230133 0.129254 0.004906 0.464473 0.000210
0.013777 0.158877 0.229471 0.129114 0.004884 0.463663 0.000214
0.013787 0.157417 0.229393 0.128989 0.004906 0.465287 0.000221
0.013802 0.157006 0.229360 0.128896 0.004897 0.465825 0.000214
0.013833 0.156641 0.228999 0.128689 0.004912 0.466715 0.000211
0.013834 0.155172 0.228944 0.128666 0.004917 0.468250 0.000218
0.013851 0.154824 0.228724 0.128610 0.004955 0.468815 0.000222
0.013932 0.154205 0.228448 0.128327 0.004938 0.469927 0.000224
0.013993 0.153931 0.228022 0.128144 0.004933 0.470763 0.000215
0.014062 0.153937 0.227872 0.127869 0.004942 0.471095 0.000223
0.014074 0.155024 0.227504 0.127719 0.004938 0.470517 0.000224
0.014100 0.152918 0.227183 0.127767 0.004953 0.472856 0.000224
0.014078 0.152613 0.227002 0.127549 0.004944 0.473587 0.000227
0.014139 0.152453 0.226747 0.127468 0.004934 0.474028 0.000231
0.014117 0.150809 0.226471 0.127433 0.004941 0.475997 0.000232
0.014197 0.153113 0.226014 0.127061 0.004923 0.474459 0.000232
0.014161 0.151010 0.225696 0.126940 0.004960 0.477004 0.000228
0.014255 0.149379 0.225543 0.126927 0.004964 0.478698 0.000233
0.014256 0.150067 0.225433 0.126792 0.004969 0.478251 0.000231
0.014279 0.149897 0.225257 0.126734 0.004972 0.478629 0.000233
0.014348 0.150162 0.224645 0.126428 0.004980 0.479203 0.000233
0.014454 0.150427 0.224336 0.126321 0.004959 0.479264 0.000239
0.014521 0.150109 0.224004 0.125863 0.004951 0.480311 0.000240
0.014590 0.149184 0.223721 0.125882 0.004962 0.481420 0.000241
0.014540 0.148591 0.223818 0.125856 0.004999 0.481958 0.000238
0.014551 0.146580 0.223278 0.125610 0.005005 0.484730 0.000245
0.014623 0.149539 0.223101 0.125557 0.004987 0.481950 0.000243
0.014682 0.145602 0.222852 0.125212 0.005042 0.486369 0.000242
0.014680 0.146789 0.222533 0.125124 0.005009 0.485621 0.000243
0.014776 0.144346 0.222293 0.125123 0.005070 0.488145 0.000246
0.014805 0.144727 0.221902 0.124833 0.005040 0.488452 0.000242
0.014885 0.145441 0.221723 0.124762 0.005047 0.487897 0.000244
0.014896 0.144399 0.221397 0.124515 0.005047 0.489491 0.000255
0.014887 0.145210 0.221284 0.124534 0.005043 0.488808 0.000233
0.014941 0.144212 0.220927 0.124193 0.005065 0.490419 0.000244
0.015001 0.144745 0.220638 0.124162 0.005034 0.490171 0.000248
0.015028 0.144376 0.220544 0.123934 0.005031 0.490842 0.000245
0.015019 0.143448 0.220147 0.123758 0.005060 0.492322 0.000246
0.015115 0.142751 0.219854 0.123458 0.005090 0.493483 0.000250
0.015137 0.141584 0.219779 0.123524 0.005077 0.494648 0.000251
0.015130 0.141678 0.219409 0.123430 0.005090 0.495015 0.000247
0.015205 0.142789 0.218968 0.123137 0.005085 0.494573 0.000244
0.015225 0.140250 0.218851 0.122999 0.005139 0.497287 0.000249
0.015200 0.141427 0.218700 0.123055 0.005100 0.496273 0.000246
