0.990618 0.009147 0.000133 0.000103 0.000000 0.000000 0.000000
0.863396 0.131946 0.002865 0.001712 0.000000 0.000081 0.000000
0.596158 0.384190 0.012188 0.006886 0.000007 0.000571 0.000000
0.325240 0.619941 0.033378 0.018931 0.000043 0.002467 0.000000
0.249769 0.645034 0.062437 0.035469 0.000092 0.007200 0.000000
0.198024 0.656240 0.084025 0.047897 0.000185 0.013630 0.000000
0.060393 0.696074 0.136140 0.077307 0.000368 0.029717 0.000002
0.033388 0.645045 0.173518 0.098592 0.000583 0.048870 0.000004
0.025207 0.590475 0.200120 0.113956 0.000848 0.069386 0.000007
0.021598 0.539272 0.220830 0.125324 0.001167 0.091795 0.000013
0.020051 0.490451 0.237479 0.134239 0.001433 0.116328 0.000019
0.019788 0.446888 0.249190 0.141095 0.001764 0.141251 0.000024
0.020248 0.406172 0.257808 0.145918 0.002066 0.167758 0.000028
0.021337 0.369379 0.263397 0.149349 0.002352 0.194154 0.000033
0.022966 0.335807 0.266574 0.150922 0.002647 0.221043 0.000041
0.024850 0.305330 0.267982 0.151510 0.002926 0.247355 0.000048
0.027102 0.277972 0.266900 0.151102 0.003235 0.273632 0.000057
0.029666 0.252764 0.264992 0.149290 0.003501 0.299716 0.000071
0.032524 0.229953 0.261644 0.147327 0.003728 0.324736 0.000088
0.035984 0.209523 0.256587 0.144558 0.003923 0.349320 0.000104
0.064268 0.186577 0.244341 0.137633 0.004014 0.363047 0.000120
0.155032 0.199733 0.202372 0.114066 0.003527 0.325148 0.000122
0.075065 0.225461 0.211780 0.119244 0.003867 0.364448 0.000136
0.054229 0.186446 0.221246 0.123867 0.004283 0.409767 0.000162
0.055576 0.162399 0.218727 0.122178 0.004546 0.436387 0.000188
0.059403 0.146695 0.213681 0.119211 0.004731 0.456062 0.000216
0.064124 0.132021 0.207518 0.115546 0.004853 0.475704 0.000233
0.068797 0.121537 0.201227 0.111709 0.005007 0.491471 0.000252
0.073880 0.111756 0.194424 0.107656 0.005096 0.506910 0.000278
0.079028 0.102490 0.187572 0.103484 0.005125 0.522002 0.000300
0.084851 0.092582 0.180549 0.099236 0.005189 0.537268 0.000324
0.090648 0.085465 0.173596 0.095225 0.005220 0.549501 0.000346
0.096567 0.078630 0.166881 0.091215 0.005236 0.561106 0.000365
0.102674 0.072470 0.159820 0.087472 0.005227 0.571948 0.000388
0.108656 0.067152 0.153311 0.083556 0.005253 0.581664 0.000408
0.115218 0.061186 0.147002 0.079639 0.005260 0.591265 0.000430
0.121896 0.056129 0.140836 0.075854 0.005288 0.599545 0.000451
0.128522 0.051558 0.134665 0.072292 0.005300 0.607189 0.000474
0.135608 0.047406 0.128199 0.068628 0.005301 0.614361 0.000497
0.142837 0.043608 0.122271 0.065253 0.005266 0.620241 0.000523
0.149640 0.040335 0.116906 0.062167 0.005234 0.625154 0.000564
0.156404 0.037656 0.111629 0.059148 0.005161 0.629415 0.000585
0.163384 0.035097 0.106225 0.056123 0.005138 0.633429 0.000604
0.170399 0.032673 0.101400 0.053327 0.005046 0.636530 0.000626
0.178835 0.029287 0.095655 0.050095 0.005011 0.640452 0.000666
0.185864 0.027479 0.091515 0.047674 0.004966 0.641811 0.000691
0.193338 0.025447 0.087145 0.044917 0.004827 0.643614 0.000711
0.201236 0.023405 0.082352 0.042306 0.004719 0.645246 0.000735
0.208618 0.021631 0.078251 0.040128 0.004631 0.645985 0.000757
0.215935 0.020369 0.074432 0.038165 0.004509 0.645816 0.000774
0.224024 0.018672 0.070243 0.035690 0.004401 0.646167 0.000803
0.231434 0.017483 0.066960 0.033751 0.004292 0.645250 0.000830
0.239265 0.016363 0.063452 0.031843 0.004207 0.644012 0.000857
0.247636 0.015008 0.059544 0.029775 0.004085 0.643081 0.000871
0.253781 0.014339 0.057372 0.028488 0.004029 0.641104 0.000888
0.261856 0.013256 0.053831 0.026592 0.003966 0.639599 0.000899
0.269676 0.012411 0.050838 0.024965 0.003870 0.637329 0.000912
0.276815 0.011724 0.048639 0.023607 0.003754 0.634522 0.000938
0.284728 0.010863 0.045901 0.022130 0.003634 0.631774 0.000971
0.292412 0.010172 0.043147 0.020657 0.003552 0.629084 0.000976
0.299658 0.009642 0.041066 0.019543 0.003521 0.625602 0.000968
0.307378 0.008973 0.038859 0.018515 0.003434 0.621848 0.000992
0.314607 0.008486 0.037038 0.017428 0.003343 0.618094 0.001005
0.322160 0.008002 0.034879 0.016227 0.003251 0.614455 0.001027
0.329711 0.007478 0.033037 0.015244 0.003137 0.610357 0.001037
0.337705 0.007012 0.031400 0.014259 0.003035 0.605530 0.001058
0.345006 0.006551 0.029807 0.013390 0.002929 0.601245 0.001071
0.351678 0.006270 0.028297 0.012682 0.002841 0.597158 0.001073
0.359660 0.005933 0.026521 0.011791 0.002788 0.592223 0.001084
0.366741 0.005575 0.025154 0.011029 0.002699 0.587709 0.001093
0.374387 0.005230 0.023720 0.010361 0.002642 0.582551 0.001111
0.381641 0.004951 0.022398 0.009629 0.002569 0.577700 0.001112
0.388072 0.004701 0.021262 0.009114 0.002523 0.573189 0.001139
0.395027 0.004404 0.020277 0.008622 0.002448 0.568078 0.001143
0.402106 0.004093 0.019208 0.008097 0.002396 0.562950 0.001151
0.409931 0.003815 0.018127 0.007576 0.002311 0.557076 0.001163
0.416927 0.003576 0.017135 0.007064 0.002247 0.551868 0.001183
0.423275 0.003427 0.016375 0.006710 0.002153 0.546868 0.001191
0.429967 0.003242 0.015458 0.006296 0.002065 0.541781 0.001191
0.436687 0.003122 0.014585 0.005974 0.001981 0.536442 0.001209
0.443822 0.002934 0.013702 0.005521 0.001918 0.530886 0.001216
0.450135 0.002754 0.012927 0.005250 0.001838 0.525873 0.001223
0.456712 0.002616 0.012245 0.004955 0.001773 0.520450 0.001248
0.462888 0.002515 0.011522 0.004652 0.001735 0.515444 0.001244
0.469544 0.002404 0.010884 0.004398 0.001686 0.509836 0.001249
0.475715 0.002266 0.010340 0.004133 0.001598 0.504685 0.001263
0.482193 0.002142 0.009688 0.003892 0.001529 0.499281 0.001275
0.487757 0.002079 0.009178 0.003659 0.001467 0.494562 0.001298
0.494159 0.001943 0.008605 0.003394 0.001408 0.489206 0.001286
0.499995 0.001816 0.008182 0.003266 0.001371 0.484068 0.001303
0.506474 0.001732 0.007706 0.003036 0.001319 0.478425 0.001308
0.511889 0.001655 0.007287 0.002843 0.001262 0.473764 0.001300
0.517432 0.001558 0.006903 0.002636 0.001205 0.468971 0.001294
0.523214 0.001479 0.006546 0.002463 0.001187 0.463798 0.001312
0.529608 0.001415 0.006172 0.002266 0.001132 0.458082 0.001325
0.535256 0.001279 0.005863 0.002140 0.001132 0.453017 0.001314
0.540919 0.001254 0.005559 0.002001 0.001084 0.447870 0.001312
0.545594 0.001212 0.005397 0.001941 0.001040 0.443501 0.001315
0.550728 0.001164 0.005037 0.001827 0.000993 0.438923 0.001329
0.555974 0.001112 0.004839 0.001721 0.000952 0.434082 0.001319
0.561300 0.001071 0.004545 0.001626 0.000920 0.429180 0.001358
0.566553 0.001013 0.004370 0.001511 0.000899 0.424310 0.001344
0.572211 0.000961 0.004087 0.001412 0.000871 0.419096 0.001363
0.577309 0.000938 0.003826 0.001343 0.000851 0.414380 0.001353
0.582059 0.000902 0.003670 0.001287 0.000798 0.409913 0.001370
0.586688 0.000855 0.003488 0.001203 0.000757 0.405636 0.001374
0.591942 0.000797 0.003328 0.001124 0.000726 0.400717 0.001367
0.596853 0.000781 0.003145 0.001059 0.000670 0.396115 0.001377
0.602219 0.000729 0.002974 0.000989 0.000651 0.391061 0.001376
0.605754 0.000736 0.002846 0.000964 0.000633 0.387678 0.001390
0.611611 0.000685 0.002675 0.000910 0.000599 0.382154 0.001367
0.616566 0.000651 0.002519 0.000857 0.000565 0.377453 0.001390
0.621439 0.000640 0.002394 0.000804 0.000539 0.372782 0.001402
0.625647 0.000624 0.002271 0.000763 0.000534 0.368754 0.001407
0.630451 0.000580 0.002147 0.000732 0.000513 0.364178 0.001399
0.634780 0.000579 0.002030 0.000696 0.000505 0.359999 0.001411
0.638875 0.000565 0.001895 0.000678 0.000485 0.356099 0.001404
0.643623 0.000564 0.001785 0.000645 0.000472 0.351494 0.001417
0.648625 0.000521 0.001675 0.000605 0.000454 0.346709 0.001411
0.652552 0.000510 0.001596 0.000572 0.000425 0.342947 0.001399
0.656588 0.000500 0.001504 0.000534 0.000407 0.339056 0.001411
0.661258 0.000485 0.001395 0.000509 0.000399 0.334536 0.001417
0.665005 0.000471 0.001354 0.000495 0.000393 0.330853 0.001429
0.669320 0.000439 0.001260 0.000461 0.000379 0.326716 0.001425
0.673216 0.000438 0.001231 0.000434 0.000365 0.322880 0.001435
0.677056 0.000412 0.001163 0.000407 0.000356 0.319171 0.001435
0.680090 0.000431 0.001151 0.000401 0.000351 0.316147 0.001428
0.685261 0.000401 0.001050 0.000366 0.000324 0.311163 0.001435
0.688916 0.000390 0.001001 0.000347 0.000316 0.307602 0.001427
0.692033 0.000371 0.000938 0.000316 0.000303 0.304615 0.001423
0.696480 0.000367 0.000903 0.000297 0.000269 0.300257 0.001427
0.700341 0.000355 0.000864 0.000275 0.000266 0.296459 0.001439
0.704097 0.000344 0.000816 0.000273 0.000251 0.292788 0.001431
0.707639 0.000332 0.000782 0.000243 0.000238 0.289337 0.001429
0.710364 0.000330 0.000745 0.000232 0.000234 0.286642 0.001453
0.714560 0.000307 0.000688 0.000222 0.000243 0.282530 0.001450
0.717872 0.000301 0.000682 0.000221 0.000229 0.279258 0.001437
0.721574 0.000284 0.000656 0.000206 0.000228 0.275616 0.001436
0.724444 0.000260 0.000642 0.000203 0.000227 0.272779 0.001444
0.728107 0.000263 0.000608 0.000177 0.000215 0.269178 0.001453
0.731166 0.000255 0.000578 0.000155 0.000215 0.266177 0.001454
0.734789 0.000246 0.000545 0.000144 0.000212 0.262631 0.001434
0.737912 0.000250 0.000498 0.000121 0.000192 0.259592 0.001434
0.741082 0.000244 0.000462 0.000114 0.000193 0.256460 0.001445
0.744531 0.000247 0.000428 0.000112 0.000178 0.253061 0.001444
0.747013 0.000228 0.000397 0.000110 0.000181 0.250631 0.001438
0.750247 0.000233 0.000401 0.000092 0.000162 0.247401 0.001464
0.753844 0.000218 0.000382 0.000091 0.000156 0.243864 0.001445
0.756561 0.000220 0.000361 0.000093 0.000154 0.241178 0.001432
0.759206 0.000225 0.000363 0.000078 0.000156 0.238531 0.001441
0.762722 0.000218 0.000358 0.000073 0.000142 0.235025 0.001461
0.765156 0.000221 0.000359 0.000068 0.000139 0.232611 0.001447
0.767695 0.000213 0.000331 0.000066 0.000128 0.230114 0.001452
0.771212 0.000210 0.000356 0.000054 0.000117 0.226598 0.001453
0.774505 0.000200 0.000320 0.000054 0.000116 0.223353 0.001452
0.777211 0.000193 0.000317 0.000045 0.000112 0.220659 0.001462
0.779166 0.000193 0.000307 0.000044 0.000111 0.218716 0.001463
0.781809 0.000187 0.000284 0.000044 0.000106 0.216101 0.001469
0.785171 0.000182 0.000266 0.000038 0.000099 0.212782 0.001461
0.787497 0.000192 0.000255 0.000037 0.000089 0.210480 0.001450
0.790140 0.000193 0.000236 0.000041 0.000088 0.207847 0.001454
0.792484 0.000193 0.000227 0.000034 0.000090 0.205508 0.001464
0.795189 0.000203 0.000214 0.000031 0.000086 0.202805 0.001472
0.798101 0.000189 0.000201 0.000030 0.000086 0.199954 0.001438
0.800116 0.000185 0.000190 0.000026 0.000076 0.197949 0.001458
0.802491 0.000177 0.000189 0.000031 0.000075 0.195574 0.001464
0.804645 0.000186 0.000185 0.000028 0.000065 0.193431 0.001461
0.807603 0.000186 0.000180 0.000024 0.000068 0.190463 0.001476
0.809732 0.000188 0.000178 0.000020 0.000060 0.188335 0.001486
0.811799 0.000185 0.000179 0.000019 0.000067 0.186290 0.001461
0.814501 0.000185 0.000179 0.000017 0.000054 0.183580 0.001483
0.816837 0.000182 0.000168 0.000017 0.000056 0.181253 0.001487
0.818881 0.000179 0.000153 0.000013 0.000053 0.179258 0.001463
0.820743 0.000171 0.000158 0.000013 0.000056 0.177387 0.001473
0.822370 0.000184 0.000157 0.000007 0.000049 0.175741 0.001491
0.824872 0.000172 0.000150 0.000014 0.000051 0.173281 0.001459
0.827410 0.000167 0.000136 0.000016 0.000050 0.170764 0.001457
0.829873 0.000159 0.000126 0.000014 0.000051 0.168304 0.001472
0.830558 0.000161 0.000138 0.000013 0.000046 0.167618 0.001466
0.833438 0.000149 0.000128 0.000013 0.000042 0.164759 0.001471
0.835658 0.000150 0.000119 0.000014 0.000041 0.162521 0.001496
0.836973 0.000155 0.000109 0.000010 0.000032 0.161250 0.001471
0.840057 0.000155 0.000107 0.000008 0.000035 0.158163 0.001474
0.841629 0.000159 0.000108 0.000007 0.000033 0.156577 0.001487
0.843456 0.000155 0.000099 0.000006 0.000035 0.154771 0.001477
0.845259 0.000156 0.000098 0.000007 0.000030 0.152972 0.001479
0.847509 0.000165 0.000095 0.000006 0.000034 0.150720 0.001472
0.849587 0.000152 0.000089 0.000008 0.000029 0.148647 0.001489
0.850809 0.000158 0.000090 0.000008 0.000033 0.147375 0.001528
0.853226 0.000159 0.000083 0.000003 0.000030 0.145018 0.001481
0.854380 0.000160 0.000083 0.000002 0.000028 0.143831 0.001515
0.856839 0.000156 0.000077 0.000002 0.000029 0.141419 0.001478
0.858507 0.000160 0.000080 0.000004 0.000024 0.139726 0.001499
0.860161 0.000156 0.000072 0.000002 0.000027 0.138042 0.001540
0.861783 0.000155 0.000067 0.000002 0.000024 0.136475 0.001494
0.863171 0.000156 0.000061 0.000003 0.000027 0.135107 0.001476
0.864620 0.000151 0.000065 0.000003 0.000020 0.133636 0.001505
0.866922 0.000148 0.000056 0.000002 0.000024 0.131366 0.001482
0.868727 0.000153 0.000057 0.000002 0.000022 0.129547 0.001492
0.870034 0.000153 0.000055 0.000004 0.000025 0.128229 0.001500
0.871361 0.000153 0.000050 0.000005 0.000022 0.126914 0.001496
0.873424 0.000153 0.000052 0.000004 0.000023 0.124873 0.001472
0.875279 0.000153 0.000052 0.000005 0.000022 0.123042 0.001447
0.876128 0.000148 0.000048 0.000006 0.000025 0.122169 0.001475
0.877537 0.000146 0.000054 0.000006 0.000022 0.120769 0.001466
0.878882 0.000145 0.000049 0.000004 0.000020 0.119429 0.001471
0.880284 0.000140 0.000044 0.000004 0.000019 0.118022 0.001487
0.882131 0.000143 0.000051 0.000005 0.000015 0.116173 0.001481
0.883371 0.000152 0.000048 0.000005 0.000010 0.114944 0.001470
0.884659 0.000146 0.000042 0.000007 0.000008 0.113662 0.001477
0.886262 0.000150 0.000044 0.000006 0.000008 0.112014 0.001516
0.887546 0.000145 0.000041 0.000004 0.000007 0.110761 0.001497
0.888899 0.000139 0.000052 0.000005 0.000008 0.109397 0.001500
0.889817 0.000140 0.000043 0.000004 0.000006 0.108497 0.001493
0.891421 0.000136 0.000034 0.000005 0.000007 0.106887 0.001511
0.892893 0.000135 0.000036 0.000005 0.000008 0.105451 0.001472
0.893428 0.000143 0.000030 0.000005 0.000008 0.104883 0.001502
0.894933 0.000149 0.000035 0.000001 0.000009 0.103402 0.001471
0.896301 0.000138 0.000028 0.000002 0.000008 0.102043 0.001479
0.898138 0.000145 0.000033 0.000004 0.000008 0.100190 0.001483
0.898916 0.000139 0.000032 0.000002 0.000007 0.099389 0.001515
0.900106 0.000138 0.000038 0.000003 0.000008 0.098234 0.001473
0.901705 0.000136 0.000040 0.000003 0.000007 0.096594 0.001516
0.902383 0.000141 0.000032 0.000002 0.000004 0.095934 0.001505
0.904319 0.000138 0.000037 0.000005 0.000006 0.094010 0.001486
0.905194 0.000134 0.000023 0.000004 0.000005 0.093157 0.001483
0.906148 0.000133 0.000024 0.000007 0.000004 0.092192 0.001493
0.907008 0.000125 0.000026 0.000005 0.000003 0.091357 0.001475
0.908441 0.000130 0.000029 0.000004 0.000002 0.089907 0.001486
0.909713 0.000128 0.000032 0.000004 0.000002 0.088638 0.001482
0.910108 0.000132 0.000023 0.000005 0.000003 0.088257 0.001473
0.911658 0.000135 0.000027 0.000004 0.000000 0.086680 0.001496
0.912949 0.000136 0.000033 0.000005 0.000000 0.085408 0.001469
0.913721 0.000141 0.000033 0.000003 0.000000 0.084624 0.001478
0.914973 0.000128 0.000029 0.000007 0.000000 0.083393 0.001470
0.915735 0.000128 0.000028 0.000006 0.000000 0.082605 0.001497
0.916840 0.000127 0.000037 0.000005 0.000000 0.081491 0.001499
0.917632 0.000126 0.000034 0.000008 0.000000 0.080736 0.001465
0.919001 0.000134 0.000035 0.000003 0.000000 0.079356 0.001471
0.919357 0.000131 0.000031 0.000002 0.000000 0.078968 0.001511
0.921014 0.000127 0.000026 0.000005 0.000000 0.077295 0.001532
0.921017 0.000124 0.000019 0.000006 0.000000 0.077368 0.001467
0.922175 0.000132 0.000026 0.000005 0.000000 0.076138 0.001523
0.923752 0.000135 0.000019 0.000003 0.000000 0.074649 0.001441
0.924552 0.000131 0.000027 0.000006 0.000000 0.073792 0.001493
0.925291 0.000131 0.000027 0.000007 0.000000 0.073024 0.001520
0.926327 0.000129 0.000029 0.000005 0.000000 0.071991 0.001518
0.927406 0.000123 0.000032 0.000005 0.000000 0.070959 0.001474
0.927828 0.000121 0.000037 0.000005 0.000000 0.070557 0.001452
0.929204 0.000125 0.000033 0.000005 0.000000 0.069138 0.001495
0.929936 0.000123 0.000030 0.000005 0.000000 0.068396 0.001511
0.930909 0.000126 0.000034 0.000008 0.000000 0.067454 0.001469
0.931368 0.000123 0.000027 0.000007 0.000000 0.066961 0.001515
0.932432 0.000126 0.000021 0.000008 0.000000 0.065949 0.001463
0.933196 0.000129 0.000018 0.000005 0.000001 0.065157 0.001494
0.933914 0.000131 0.000025 0.000006 0.000003 0.064413 0.001508
0.934712 0.000127 0.000026 0.000004 0.000002 0.063630 0.001499
0.935865 0.000131 0.000027 0.000004 0.000003 0.062476 0.001494
0.936434 0.000130 0.000025 0.000004 0.000003 0.061924 0.001479
0.937082 0.000142 0.000021 0.000004 0.000003 0.061236 0.001513
0.937942 0.000133 0.000025 0.000006 0.000000 0.060366 0.001527
0.938676 0.000141 0.000022 0.000003 0.000000 0.059659 0.001499
0.939568 0.000128 0.000018 0.000005 0.000000 0.058820 0.001462
0.940171 0.000132 0.000014 0.000005 0.000000 0.058199 0.001480
0.940151 0.000132 0.000020 0.000006 0.000000 0.058192 0.001500
0.941248 0.000139 0.000017 0.000009 0.000000 0.057087 0.001500
0.942495 0.000135 0.000025 0.000005 0.000000 0.055866 0.001474
0.942804 0.000137 0.000026 0.000010 0.000000 0.055499 0.001524
0.943358 0.000133 0.000028 0.000007 0.000000 0.054987 0.001488
0.943730 0.000137 0.000025 0.000006 0.000000 0.054610 0.001492
0.944220 0.000144 0.000030 0.000005 0.000000 0.054113 0.001487
0.945232 0.000136 0.000039 0.000006 0.000000 0.053032 0.001555
0.945777 0.000146 0.000038 0.000005 0.000000 0.052568 0.001465
0.946204 0.000136 0.000029 0.000007 0.000000 0.052121 0.001503
0.947360 0.000147 0.000042 0.000003 0.000000 0.050966 0.001482
0.947334 0.000137 0.000034 0.000007 0.000000 0.050976 0.001513
0.948368 0.000143 0.000037 0.000004 0.000000 0.049950 0.001498
0.948964 0.000140 0.000040 0.000006 0.000000 0.049323 0.001526
0.949788 0.000145 0.000031 0.000005 0.000000 0.048556 0.001475
0.950387 0.000137 0.000031 0.000008 0.000000 0.047925 0.001514
0.950860 0.000130 0.000039 0.000003 0.000000 0.047453 0.001514
0.951160 0.000132 0.000030 0.000007 0.000000 0.047172 0.001499
0.952036 0.000131 0.000033 0.000006 0.000000 0.046339 0.001454
0.952757 0.000127 0.000022 0.000004 0.000000 0.045606 0.001484
0.953469 0.000139 0.000021 0.000004 0.000000 0.044897 0.001470
0.953938 0.000129 0.000027 0.000010 0.000000 0.044392 0.001503
0.954187 0.000132 0.000018 0.000007 0.000000 0.044193 0.001463
0.954757 0.000131 0.000022 0.000007 0.000000 0.043605 0.001477
0.955384 0.000134 0.000031 0.000006 0.000000 0.042919 0.001526
0.955753 0.000138 0.000026 0.000009 0.000000 0.042568 0.001506
0.956401 0.000136 0.000043 0.000006 0.000000 0.041914 0.001500
0.956856 0.000132 0.000039 0.000003 0.000000 0.041493 0.001478
0.957629 0.000131 0.000033 0.000007 0.000000 0.040736 0.001464
0.958120 0.000141 0.000038 0.000004 0.000000 0.040206 0.001491
0.958479 0.000138 0.000039 0.000010 0.000000 0.039819 0.001514
0.958996 0.000134 0.000031 0.000008 0.000000 0.039331 0.001500
0.959250 0.000139 0.000036 0.000007 0.000000 0.039048 0.001519
0.959659 0.000139 0.000036 0.000007 0.000000 0.038606 0.001554
0.960272 0.000132 0.000048 0.000007 0.000000 0.038049 0.001492
0.960688 0.000143 0.000032 0.000006 0.000000 0.037661 0.001471
0.960919 0.000140 0.000029 0.000009 0.000000 0.037391 0.001512
0.961804 0.000147 0.000030 0.000012 0.000000 0.036528 0.001479
0.962098 0.000147 0.000029 0.000009 0.000000 0.036184 0.001533
0.962765 0.000130 0.000041 0.000011 0.000000 0.035585 0.001467
0.963192 0.000147 0.000031 0.000004 0.000000 0.035188 0.001437
0.963356 0.000143 0.000035 0.000016 0.000000 0.034948 0.001502
0.964078 0.000135 0.000039 0.000008 0.000000 0.034241 0.001500
0.964173 0.000133 0.000046 0.000009 0.000000 0.034119 0.001520
0.964967 0.000127 0.000036 0.000010 0.000000 0.033365 0.001495
0.965003 0.000124 0.000052 0.000009 0.000000 0.033307 0.001505
0.965715 0.000125 0.000038 0.000009 0.000000 0.032644 0.001469
0.965743 0.000135 0.000036 0.000004 0.000000 0.032586 0.001495
0.966289 0.000136 0.000030 0.000006 0.000000 0.032011 0.001528
0.966859 0.000134 0.000022 0.000009 0.000000 0.031532 0.001444
0.966872 0.000129 0.000046 0.000009 0.000000 0.031431 0.001513
0.967590 0.000135 0.000021 0.000006 0.000000 0.030775 0.001473
0.967549 0.000134 0.000039 0.000006 0.000000 0.030738 0.001533
0.968394 0.000131 0.000039 0.000007 0.000000 0.029944 0.001486
0.968060 0.000125 0.000030 0.000012 0.000000 0.030240 0.001532
0.968744 0.000125 0.000027 0.000006 0.000000 0.029549 0.001549
0.969404 0.000126 0.000024 0.000005 0.000000 0.029024 0.001418
0.969764 0.000125 0.000027 0.000008 0.000000 0.028606 0.001471
0.969974 0.000109 0.000036 0.000018 0.000000 0.028428 0.001436
0.970553 0.000122 0.000037 0.000011 0.000000 0.027759 0.001518
0.970464 0.000127 0.000028 0.000011 0.000000 0.027906 0.001463
0.970769 0.000122 0.000031 0.000014 0.000000 0.027503 0.001562
0.971547 0.000119 0.000036 0.000008 0.000000 0.026773 0.001518
0.971957 0.000129 0.000021 0.000014 0.000000 0.026393 0.001486
0.972072 0.000127 0.000018 0.000014 0.000000 0.026338 0.001432
0.972322 0.000133 0.000024 0.000011 0.000000 0.025984 0.001526
0.972940 0.000121 0.000027 0.000017 0.000000 0.025404 0.001491
0.973046 0.000135 0.000025 0.000009 0.000000 0.025226 0.001559
0.972835 0.000135 0.000029 0.000009 0.000000 0.025492 0.001499
0.973656 0.000129 0.000027 0.000010 0.000000 0.024726 0.001452
0.973561 0.000130 0.000032 0.000010 0.000000 0.024724 0.001543
0.974044 0.000138 0.000025 0.000014 0.000000 0.024263 0.001516
0.974599 0.000125 0.000030 0.000016 0.000000 0.023657 0.001573
0.974783 0.000128 0.000034 0.000008 0.000000 0.023611 0.001436
0.975141 0.000129 0.000040 0.000008 0.000000 0.023236 0.001446
0.975439 0.000124 0.000035 0.000008 0.000000 0.022913 0.001480
0.975556 0.000127 0.000033 0.000010 0.000000 0.022761 0.001513
0.975912 0.000119 0.000029 0.000009 0.000000 0.022383 0.001548
0.976163 0.000135 0.000032 0.000007 0.000000 0.022136 0.001527
0.976419 0.000125 0.000030 0.000013 0.000000 0.021891 0.001521
0.976921 0.000129 0.000026 0.000008 0.000000 0.021410 0.001506
0.977274 0.000128 0.000023 0.000009 0.000000 0.021079 0.001487
0.977170 0.000125 0.000025 0.000020 0.000000 0.021153 0.001506
0.977597 0.000128 0.000032 0.000010 0.000000 0.020738 0.001496
0.977599 0.000131 0.000022 0.000014 0.000000 0.020691 0.001543
0.978076 0.000132 0.000012 0.000019 0.000000 0.020268 0.001492
0.978418 0.000129 0.000018 0.000007 0.000000 0.019987 0.001441
0.978671 0.000128 0.000019 0.000010 0.000000 0.019687 0.001486
0.978765 0.000129 0.000019 0.000016 0.000000 0.019531 0.001540
0.979321 0.000129 0.000016 0.000007 0.000000 0.019001 0.001525
0.979268 0.000132 0.000024 0.000015 0.000000 0.019108 0.001453
0.979514 0.000130 0.000012 0.000010 0.000000 0.018840 0.001493
0.979689 0.000133 0.000014 0.000011 0.000000 0.018689 0.001464
0.980038 0.000143 0.000022 0.000008 0.000000 0.018305 0.001484
0.980649 0.000134 0.000031 0.000006 0.000000 0.017715 0.001466
0.980696 0.000137 0.000021 0.000008 0.000000 0.017688 0.001450
0.980500 0.000135 0.000026 0.000005 0.000000 0.017816 0.001518
0.980592 0.000137 0.000031 0.000008 0.000000 0.017749 0.001484
0.980987 0.000129 0.000026 0.000008 0.000000 0.017313 0.001536
0.981290 0.000131 0.000023 0.000006 0.000000 0.017087 0.001463
0.981439 0.000138 0.000026 0.000005 0.000000 0.016870 0.001523
0.981982 0.000143 0.000017 0.000006 0.000000 0.016374 0.001479
0.981615 0.000143 0.000029 0.000006 0.000000 0.016658 0.001548
0.981903 0.000135 0.000027 0.000006 0.000000 0.016435 0.001495
0.982423 0.000133 0.000025 0.000007 0.000000 0.015935 0.001478
0.982617 0.000139 0.000022 0.000007 0.000000 0.015747 0.001469
0.982749 0.000137 0.000022 0.000006 0.000000 0.015605 0.001480
0.982880 0.000138 0.000023 0.000008 0.000000 0.015491 0.001461
0.982840 0.000133 0.000033 0.000009 0.000000 0.015499 0.001485
0.983253 0.000146 0.000023 0.000006 0.000000 0.015065 0.001507
0.983256 0.000149 0.000028 0.000010 0.000000 0.015086 0.001471
0.983469 0.000145 0.000041 0.000012 0.000000 0.014867 0.001466
0.983601 0.000136 0.000034 0.000011 0.000000 0.014723 0.001496
0.983757 0.000130 0.000042 0.000009 0.000000 0.014550 0.001513
0.984063 0.000129 0.000038 0.000008 0.000000 0.014244 0.001517
0.984126 0.000131 0.000033 0.000014 0.000000 0.014139 0.001558
0.984317 0.000136 0.000038 0.000011 0.000000 0.013963 0.001536
0.984601 0.000130 0.000046 0.000013 0.000000 0.013736 0.001474
0.984765 0.000132 0.000053 0.000011 0.000000 0.013505 0.001534
0.985213 0.000144 0.000037 0.000007 0.000000 0.013134 0.001466
0.985399 0.000140 0.000049 0.000007 0.000000 0.012954 0.001450
0.985383 0.000144 0.000037 0.000009 0.000000 0.012937 0.001489
0.985583 0.000135 0.000043 0.000006 0.000000 0.012769 0.001464
0.985804 0.000136 0.000030 0.000008 0.000000 0.012501 0.001520
0.985833 0.000146 0.000039 0.000006 0.000000 0.012410 0.001567
0.985889 0.000132 0.000040 0.000008 0.000000 0.012444 0.001487
0.986161 0.000141 0.000035 0.000006 0.000000 0.012177 0.001480
0.986314 0.000134 0.000031 0.000006 0.000000 0.012023 0.001491
0.986525 0.000138 0.000033 0.000006 0.000000 0.011812 0.001486
0.986679 0.000133 0.000037 0.000007 0.000000 0.011666 0.001478
0.986891 0.000134 0.000034 0.000006 0.000000 0.011444 0.001489
0.986947 0.000139 0.000032 0.000006 0.000000 0.011359 0.001517
0.987218 0.000135 0.000037 0.000007 0.000000 0.011097 0.001505
0.987232 0.000134 0.000036 0.000009 0.000000 0.011071 0.001517
0.987543 0.000139 0.000037 0.000007 0.000000 0.010808 0.001467
0.987412 0.000137 0.000032 0.000011 0.000000 0.010884 0.001524
0.987575 0.000128 0.000030 0.000019 0.000000 0.010759 0.001490
0.987761 0.000146 0.000031 0.000009 0.000000 0.010566 0.001487
0.988279 0.000143 0.000032 0.000009 0.000000 0.010074 0.001463
0.988175 0.000135 0.000030 0.000013 0.000000 0.010125 0.001522
0.988237 0.000142 0.000026 0.000008 0.000000 0.010126 0.001459
0.988405 0.000137 0.000038 0.000009 0.000000 0.009929 0.001483
0.988590 0.000134 0.000040 0.000011 0.000000 0.009697 0.001528
0.988731 0.000133 0.000040 0.000010 0.000000 0.009599 0.001488
0.988865 0.000133 0.000038 0.000007 0.000000 0.009459 0.001499
0.988958 0.000130 0.000037 0.000012 0.000000 0.009360 0.001503
0.989148 0.000133 0.000041 0.000008 0.000000 0.009180 0.001490
0.989261 0.000135 0.000036 0.000007 0.000000 0.009085 0.001476
0.989398 0.000137 0.000033 0.000007 0.000000 0.008951 0.001473
0.989653 0.000135 0.000040 0.000007 0.000000 0.008673 0.001492
0.989588 0.000137 0.000037 0.000007 0.000000 0.008754 0.001477
0.989716 0.000140 0.000042 0.000007 0.000000 0.008612 0.001482
0.989839 0.000142 0.000041 0.000007 0.000000 0.008470 0.001500
0.989998 0.000138 0.000048 0.000007 0.000000 0.008318 0.001491
0.990037 0.000132 0.000052 0.000007 0.000000 0.008267 0.001504
0.990283 0.000135 0.000052 0.000010 0.000000 0.008012 0.001509
0.990382 0.000128 0.000050 0.000010 0.000000 0.007926 0.001503
0.990504 0.000130 0.000046 0.000015 0.000000 0.007797 0.001508
0.990591 0.000135 0.000052 0.000010 0.000000 0.007717 0.001496
0.990722 0.000128 0.000045 0.000008 0.000000 0.007609 0.001489
0.990861 0.000130 0.000045 0.000008 0.000000 0.007457 0.001500
0.991059 0.000130 0.000040 0.000010 0.000000 0.007259 0.001502
0.991139 0.000138 0.000043 0.000008 0.000000 0.007181 0.001491
0.991274 0.000135 0.000046 0.000005 0.000000 0.007049 0.001490
0.991365 0.000145 0.000045 0.000005 0.000000 0.006948 0.001491
0.991509 0.000146 0.000043 0.000005 0.000000 0.006806 0.001490
0.991588 0.000163 0.000043 0.000005 0.000000 0.006710 0.001491
0.991679 0.000158 0.000040 0.000005 0.000000 0.006618 0.001500
0.991776 0.000155 0.000044 0.000005 0.000000 0.006508 0.001512
0.991900 0.000176 0.000053 0.000007 0.000000 0.006371 0.001493
0.992051 0.000150 0.000047 0.000012 0.000000 0.006237 0.001504
0.992205 0.000140 0.000045 0.000013 0.000000 0.006094 0.001503
0.992356 0.000141 0.000043 0.000013 0.000000 0.005957 0.001490
0.992471 0.000133 0.000046 0.000013 0.000000 0.005847 0.001490
0.992596 0.000130 0.000048 0.000013 0.000000 0.005722 0.001490
0.992714 0.000128 0.000046 0.000010 0.000000 0.005611 0.001490
0.992802 0.000138 0.000045 0.000010 0.000000 0.005514 0.001491
0.992947 0.000130 0.000046 0.000010 0.000000 0.005376 0.001490
0.993026 0.000130 0.000042 0.000010 0.000000 0.005295 0.001496
0.993193 0.000133 0.000038 0.000010 0.000000 0.005135 0.001490
0.993313 0.000130 0.000036 0.000010 0.000000 0.005020 0.001490
0.993428 0.000133 0.000028 0.000010 0.000000 0.004910 0.001490
0.993543 0.000136 0.000031 0.000010 0.000000 0.004790 0.001490
0.993643 0.000143 0.000028 0.000010 0.000000 0.004685 0.001490
0.993755 0.000136 0.000036 0.000013 0.000000 0.004570 0.001490
0.993848 0.000148 0.000036 0.000013 0.000000 0.004465 0.001490
0.993960 0.000146 0.000033 0.000015 0.000000 0.004355 0.001490
0.994075 0.000143 0.000036 0.000015 0.000000 0.004240 0.001490
0.994162 0.000143 0.000036 0.000015 0.000000 0.004153 0.001490
0.994282 0.000143 0.000039 0.000015 0.000000 0.004030 0.001490
0.994382 0.000148 0.000033 0.000013 0.000000 0.003933 0.001490
0.994497 0.000143 0.000039 0.000015 0.000000 0.003815 0.001490
0.994602 0.000143 0.000038 0.000013 0.000000 0.003713 0.001490
0.994723 0.000138 0.000041 0.000013 0.000000 0.003595 0.001490
0.994822 0.000143 0.000036 0.000010 0.000000 0.003498 0.001490
0.994914 0.000146 0.000044 0.000013 0.000000 0.003393 0.001490
0.995011 0.000146 0.000036 0.000010 0.000000 0.003306 0.001490
0.995121 0.000146 0.000039 0.000010 0.000000 0.003194 0.001490
0.995234 0.000143 0.000036 0.000013 0.000000 0.003084 0.001490
0.995336 0.000156 0.000036 0.000013 0.000000 0.002969 0.001490
0.995446 0.000161 0.000039 0.000013 0.000000 0.002851 0.001490
0.995551 0.000156 0.000046 0.000013 0.000000 0.002744 0.001490
0.995653 0.000159 0.000044 0.000015 0.000000 0.002639 0.001490
0.995737 0.000153 0.000041 0.000015 0.000000 0.002562 0.001490
0.995830 0.000156 0.000036 0.000010 0.000000 0.002478 0.001490
0.995932 0.000148 0.000049 0.000008 0.000000 0.002373 0.001490
0.996011 0.000143 0.000051 0.000008 0.000000 0.002296 0.001490
0.996085 0.000146 0.000039 0.000005 0.000000 0.002246 0.001479
0.996184 0.000151 0.000031 0.000005 0.000000 0.002150 0.001479
0.996285 0.000154 0.000034 0.000003 0.000000 0.002046 0.001479
0.996379 0.000146 0.000036 0.000003 0.000000 0.001957 0.001479
0.996473 0.000144 0.000036 0.000005 0.000000 0.001863 0.001479
0.996541 0.000159 0.000029 0.000005 0.000000 0.001787 0.001479
0.996614 0.000151 0.000034 0.000013 0.000000 0.001709 0.001479
0.996693 0.000146 0.000042 0.000008 0.000000 0.001633 0.001479
0.996794 0.000149 0.000031 0.000008 0.000000 0.001539 0.001479
0.996816 0.000160 0.000043 0.000008 0.000000 0.001483 0.001491
0.996888 0.000154 0.000045 0.000013 0.000000 0.001409 0.001491
0.996954 0.000157 0.000040 0.000016 0.000000 0.001342 0.001491
0.996985 0.000166 0.000033 0.000005 0.000000 0.001308 0.001503
0.997023 0.000193 0.000035 0.000011 0.000000 0.001235 0.001503
0.997072 0.000187 0.000057 0.000008 0.000000 0.001172 0.001503
0.997116 0.000179 0.000049 0.000014 0.000000 0.001139 0.001503
0.997178 0.000171 0.000046 0.000011 0.000000 0.001090 0.001503
0.997204 0.000169 0.000042 0.000011 0.000000 0.001058 0.001516
0.997257 0.000175 0.000041 0.000014 0.000000 0.000997 0.001516
0.997310 0.000175 0.000042 0.000017 0.000000 0.000941 0.001516
0.997346 0.000172 0.000058 0.000003 0.000000 0.000905 0.001516
0.997404 0.000161 0.000064 0.000006 0.000000 0.000850 0.001516
0.997432 0.000169 0.000047 0.000006 0.000000 0.000830 0.001516
0.997488 0.000172 0.000047 0.000006 0.000000 0.000772 0.001516
0.997538 0.000169 0.000050 0.000008 0.000000 0.000719 0.001516
0.997568 0.000178 0.000061 0.000006 0.000000 0.000672 0.001516
0.997590 0.000178 0.000066 0.000006 0.000000 0.000644 0.001516
0.997618 0.000172 0.000058 0.000014 0.000000 0.000622 0.001516
0.997651 0.000189 0.000055 0.000011 0.000000 0.000577 0.001516
0.997660 0.000186 0.000055 0.000020 0.000000 0.000563 0.001516
0.997676 0.000200 0.000050 0.000008 0.000000 0.000549 0.001516
0.997671 0.000208 0.000069 0.000006 0.000000 0.000530 0.001516
0.997685 0.000216 0.000058 0.000008 0.000000 0.000516 0.001516
0.997704 0.000200 0.000086 0.000006 0.000000 0.000488 0.001516
0.997697 0.000200 0.000081 0.000003 0.000000 0.000505 0.001515
0.997743 0.000171 0.000084 0.000012 0.000000 0.000475 0.001515
0.997746 0.000191 0.000069 0.000012 0.000000 0.000467 0.001515
0.997749 0.000206 0.000067 0.000012 0.000000 0.000452 0.001515
0.997740 0.000223 0.000069 0.000012 0.000000 0.000441 0.001515
0.997738 0.000229 0.000081 0.000009 0.000000 0.000429 0.001515
0.997757 0.000208 0.000098 0.000012 0.000000 0.000418 0.001508
0.997781 0.000196 0.000083 0.000018 0.000000 0.000415 0.001508
0.997775 0.000196 0.000086 0.000012 0.000000 0.000424 0.001508
0.997790 0.000190 0.000092 0.000012 0.000000 0.000409 0.001508
0.997819 0.000175 0.000086 0.000009 0.000000 0.000403 0.001508
0.997855 0.000163 0.000077 0.000009 0.000000 0.000388 0.001508
0.997882 0.000175 0.000068 0.000012 0.000000 0.000356 0.001508
0.997881 0.000196 0.000068 0.000009 0.000000 0.000338 0.001508
0.997905 0.000181 0.000086 0.000012 0.000000 0.000308 0.001508
0.997881 0.000212 0.000090 0.000019 0.000000 0.000308 0.001491
0.997865 0.000209 0.000109 0.000025 0.000000 0.000302 0.001491
0.997862 0.000215 0.000109 0.000019 0.000000 0.000305 0.001491
0.997874 0.000196 0.000100 0.000037 0.000000 0.000302 0.001491
0.997874 0.000206 0.000087 0.000028 0.000000 0.000314 0.001491
0.997876 0.000198 0.000092 0.000016 0.000000 0.000341 0.001476
0.997908 0.000192 0.000080 0.000009 0.000000 0.000335 0.001476
0.997912 0.000188 0.000092 0.000006 0.000000 0.000325 0.001476
0.997892 0.000214 0.000070 0.000009 0.000000 0.000338 0.001476
0.997902 0.000214 0.000080 0.000009 0.000000 0.000319 0.001476
0.997924 0.000195 0.000083 0.000016 0.000000 0.000306 0.001476
0.997940 0.000166 0.000093 0.000016 0.000000 0.000309 0.001476
0.997930 0.000176 0.000070 0.000010 0.000000 0.000338 0.001476
0.997940 0.000185 0.000061 0.000009 0.000000 0.000328 0.001476
0.997953 0.000180 0.000053 0.000010 0.000000 0.000333 0.001472
0.997963 0.000175 0.000064 0.000007 0.000000 0.000325 0.001466
0.997963 0.000179 0.000079 0.000000 0.000000 0.000317 0.001461
0.997966 0.000193 0.000090 0.000003 0.000000 0.000286 0.001461
0.997966 0.000186 0.000069 0.000007 0.000000 0.000310 0.001461
0.997910 0.000202 0.000057 0.000014 0.000000 0.000329 0.001487
0.997881 0.000202 0.000079 0.000008 0.000000 0.000319 0.001511
0.997889 0.000213 0.000058 0.000015 0.000000 0.000329 0.001495
0.997872 0.000203 0.000084 0.000012 0.000000 0.000331 0.001498
0.997869 0.000206 0.000082 0.000004 0.000000 0.000359 0.001480
0.997873 0.000206 0.000074 0.000004 0.000000 0.000362 0.001480
0.997906 0.000193 0.000066 0.000008 0.000000 0.000346 0.001480
0.997918 0.000212 0.000051 0.000013 0.000000 0.000319 0.001487
0.997902 0.000220 0.000075 0.000018 0.000000 0.000304 0.001482
0.997885 0.000216 0.000088 0.000026 0.000000 0.000304 0.001482
0.997898 0.000185 0.000123 0.000026 0.000000 0.000286 0.001482
0.997876 0.000194 0.000141 0.000017 0.000000 0.000291 0.001482
0.997871 0.000181 0.000132 0.000009 0.000000 0.000325 0.001482
0.997854 0.000193 0.000123 0.000004 0.000000 0.000343 0.001482
0.997877 0.000187 0.000100 0.000009 0.000000 0.000342 0.001485
0.997882 0.000184 0.000085 0.000009 0.000000 0.000354 0.001484
0.997892 0.000194 0.000085 0.000005 0.000000 0.000340 0.001484
0.997906 0.000203 0.000071 0.000000 0.000000 0.000335 0.001484
0.997902 0.000213 0.000052 0.000019 0.000000 0.000331 0.001484
0.997883 0.000218 0.000075 0.000010 0.000000 0.000331 0.001484
0.997906 0.000184 0.000099 0.000005 0.000000 0.000321 0.001484
0.997921 0.000189 0.000090 0.000005 0.000000 0.000312 0.001484
0.997923 0.000206 0.000088 0.000005 0.000000 0.000294 0.001483
0.997953 0.000196 0.000093 0.000000 0.000000 0.000275 0.001483
0.997933 0.000226 0.000064 0.000000 0.000000 0.000294 0.001483
0.997948 0.000216 0.000064 0.000005 0.000000 0.000285 0.001483
0.997938 0.000236 0.000064 0.000005 0.000000 0.000275 0.001483
0.997928 0.000240 0.000074 0.000005 0.000000 0.000270 0.001483
0.997909 0.000250 0.000069 0.000000 0.000000 0.000290 0.001483
0.997909 0.000255 0.000064 0.000005 0.000000 0.000285 0.001483
0.997904 0.000245 0.000069 0.000005 0.000000 0.000294 0.001483
0.997907 0.000209 0.000097 0.000015 0.000000 0.000286 0.001486
0.997889 0.000218 0.000117 0.000011 0.000000 0.000266 0.001500
0.997868 0.000239 0.000112 0.000016 0.000000 0.000265 0.001500
0.997858 0.000207 0.000138 0.000021 0.000000 0.000276 0.001500
0.997858 0.000197 0.000128 0.000011 0.000000 0.000308 0.001500
0.997847 0.000228 0.000101 0.000005 0.000000 0.000318 0.001500
0.997853 0.000218 0.000096 0.000016 0.000000 0.000318 0.001500
0.997814 0.000205 0.000089 0.000022 0.000000 0.000354 0.001515
0.997814 0.000194 0.000117 0.000022 0.000000 0.000338 0.001515
0.997814 0.000194 0.000105 0.000017 0.000000 0.000354 0.001515
0.997803 0.000194 0.000122 0.000017 0.000000 0.000349 0.001515
0.997814 0.000189 0.000105 0.000017 0.000000 0.000360 0.001515
0.997853 0.000167 0.000094 0.000006 0.000000 0.000365 0.001515
0.997864 0.000178 0.000083 0.000011 0.000000 0.000349 0.001515
0.997837 0.000168 0.000076 0.000012 0.000000 0.000358 0.001549
0.997849 0.000186 0.000053 0.000023 0.000000 0.000341 0.001549
0.997854 0.000180 0.000064 0.000018 0.000000 0.000336 0.001549
0.997848 0.000203 0.000053 0.000012 0.000000 0.000336 0.001549
0.997836 0.000203 0.000076 0.000012 0.000000 0.000324 0.001549
0.997865 0.000203 0.000093 0.000012 0.000000 0.000278 0.001549
0.997865 0.000192 0.000110 0.000006 0.000006 0.000273 0.001549
0.997877 0.000197 0.000070 0.000012 0.000006 0.000290 0.001549
0.997868 0.000195 0.000055 0.000006 0.000006 0.000297 0.001573
0.997880 0.000201 0.000030 0.000006 0.000000 0.000310 0.001573
0.997880 0.000206 0.000031 0.000012 0.000000 0.000298 0.001573
0.997850 0.000188 0.000061 0.000006 0.000000 0.000322 0.001573
0.997893 0.000170 0.000061 0.000006 0.000000 0.000298 0.001573
0.997905 0.000168 0.000060 0.000000 0.000000 0.000295 0.001571
0.997919 0.000188 0.000067 0.000000 0.000000 0.000255 0.001571
0.997898 0.000208 0.000067 0.000000 0.000000 0.000255 0.001571
0.997871 0.000215 0.000081 0.000007 0.000000 0.000256 0.001571
0.997858 0.000229 0.000081 0.000000 0.000000 0.000262 0.001571
0.997898 0.000181 0.000115 0.000000 0.000000 0.000235 0.001571
0.997905 0.000174 0.000101 0.000013 0.000000 0.000236 0.001571
0.997925 0.000181 0.000067 0.000007 0.000000 0.000249 0.001571
0.997918 0.000201 0.000081 0.000007 0.000000 0.000222 0.001571
0.997912 0.000201 0.000074 0.000013 0.000000 0.000229 0.001571
0.997878 0.000228 0.000074 0.000013 0.000000 0.000235 0.001571
0.997859 0.000208 0.000094 0.000020 0.000000 0.000249 0.001571
0.997812 0.000242 0.000094 0.000020 0.000000 0.000262 0.001571
0.997771 0.000235 0.000094 0.000027 0.000000 0.000302 0.001571
0.997765 0.000208 0.000121 0.000027 0.000000 0.000309 0.001571
0.997792 0.000181 0.000147 0.000034 0.000000 0.000275 0.001571
0.997765 0.000201 0.000127 0.000020 0.000000 0.000315 0.001571
0.997747 0.000227 0.000127 0.000014 0.000000 0.000312 0.001573
0.997698 0.000218 0.000097 0.000022 0.000000 0.000353 0.001613
0.997705 0.000233 0.000082 0.000007 0.000000 0.000360 0.001613
0.997720 0.000225 0.000105 0.000007 0.000000 0.000330 0.001613
0.997675 0.000247 0.000097 0.000007 0.000000 0.000360 0.001613
0.997683 0.000217 0.000105 0.000030 0.000000 0.000353 0.001613
0.997675 0.000218 0.000097 0.000022 0.000008 0.000367 0.001613
0.997632 0.000239 0.000112 0.000016 0.000000 0.000367 0.001634
0.997624 0.000255 0.000104 0.000016 0.000000 0.000366 0.001634
0.997649 0.000239 0.000127 0.000016 0.000000 0.000335 0.001634
0.997673 0.000239 0.000128 0.000008 0.000000 0.000318 0.001634
0.997649 0.000247 0.000120 0.000008 0.000000 0.000342 0.001634
0.997649 0.000223 0.000135 0.000008 0.000000 0.000350 0.001634
0.997657 0.000183 0.000160 0.000008 0.000000 0.000358 0.001634
0.997673 0.000183 0.000144 0.000008 0.000000 0.000358 0.001634
0.997657 0.000215 0.000160 0.000008 0.000000 0.000326 0.001634
0.997649 0.000223 0.000160 0.000016 0.000000 0.000318 0.001634
0.997649 0.000223 0.000136 0.000008 0.000000 0.000350 0.001634
0.997681 0.000199 0.000112 0.000016 0.000000 0.000358 0.001634
0.997657 0.000231 0.000096 0.000008 0.000000 0.000374 0.001634
