0.989152 0.010630 0.000138 0.000081 0.000000 0.000000 0.000000
0.802225 0.191940 0.003686 0.002045 0.000003 0.000101 0.000000
0.500416 0.475008 0.015161 0.008717 0.000011 0.000686 0.000000
0.252897 0.677329 0.042291 0.024193 0.000040 0.003249 0.000000
0.181990 0.690754 0.075018 0.042665 0.000119 0.009453 0.000000
0.112696 0.692361 0.111394 0.063257 0.000245 0.020046 0.000001
0.041286 0.678930 0.154589 0.087576 0.000436 0.037180 0.000003
0.022775 0.624073 0.188317 0.106552 0.000664 0.057616 0.000003
0.018447 0.569111 0.212099 0.120104 0.000910 0.079325 0.000004
0.016739 0.518145 0.230460 0.130475 0.001169 0.103006 0.000006
0.016265 0.471520 0.244472 0.138404 0.001437 0.127892 0.000009
0.016623 0.428626 0.254914 0.144084 0.001705 0.154036 0.000012
0.017530 0.389557 0.262162 0.147939 0.001987 0.180809 0.000018
0.018933 0.354224 0.266341 0.150478 0.002261 0.207737 0.000024
0.020703 0.322074 0.268540 0.151676 0.002510 0.234464 0.000032
0.022916 0.292931 0.268649 0.151744 0.002747 0.260968 0.000044
0.025468 0.266502 0.266882 0.150693 0.003025 0.287377 0.000053
0.028292 0.242367 0.263948 0.149032 0.003248 0.313050 0.000064
0.031449 0.220589 0.259913 0.146607 0.003482 0.337883 0.000078
0.034906 0.200895 0.254805 0.143519 0.003698 0.362082 0.000095
0.038555 0.183190 0.248886 0.140104 0.003896 0.385258 0.000111
0.042524 0.167004 0.242470 0.136344 0.004067 0.407464 0.000126
0.046851 0.152209 0.235586 0.132307 0.004215 0.428690 0.000141
0.051276 0.139062 0.228347 0.127950 0.004338 0.448872 0.000155
0.056046 0.127013 0.220696 0.123500 0.004433 0.468144 0.000169
0.060943 0.116111 0.212859 0.119052 0.004536 0.486307 0.000191
0.066010 0.106332 0.205078 0.114575 0.004612 0.503179 0.000214
0.071284 0.097438 0.197349 0.110074 0.004661 0.518955 0.000239
0.076715 0.089387 0.189579 0.105422 0.004717 0.533920 0.000261
0.082369 0.082019 0.181962 0.100978 0.004764 0.547632 0.000277
0.088262 0.075308 0.174518 0.096569 0.004795 0.560253 0.000295
0.094286 0.069297 0.167155 0.092092 0.004858 0.571999 0.000314
0.100539 0.063811 0.159703 0.087805 0.004880 0.582929 0.000333
0.106876 0.058943 0.152564 0.083591 0.004888 0.592788 0.000351
0.113342 0.054448 0.145665 0.079526 0.004892 0.601757 0.000370
0.120035 0.050228 0.138864 0.075593 0.004879 0.610011 0.000390
0.126780 0.046406 0.132473 0.071953 0.004846 0.617127 0.000415
0.133740 0.042931 0.126208 0.068246 0.004835 0.623610 0.000431
0.140721 0.039766 0.120184 0.064734 0.004796 0.629350 0.000449
0.147722 0.036867 0.114430 0.061434 0.004746 0.634326 0.000474
0.154965 0.034128 0.108791 0.058075 0.004688 0.638857 0.000496
0.162172 0.031709 0.103483 0.055029 0.004628 0.642466 0.000514
0.169444 0.029495 0.098507 0.052058 0.004561 0.645401 0.000535
0.176809 0.027356 0.093685 0.049263 0.004481 0.647853 0.000552
0.184320 0.025447 0.088962 0.046543 0.004405 0.649758 0.000565
0.191857 0.023650 0.084452 0.044051 0.004340 0.651067 0.000583
0.199392 0.021957 0.080226 0.041584 0.004257 0.651988 0.000596
0.206935 0.020451 0.076120 0.039451 0.004166 0.652257 0.000619
0.214587 0.019061 0.072259 0.037204 0.004102 0.652147 0.000640
0.222166 0.017814 0.068597 0.035097 0.004025 0.651643 0.000658
0.229698 0.016637 0.065050 0.033073 0.003955 0.650916 0.000671
0.237400 0.015527 0.061625 0.031098 0.003875 0.649785 0.000690
0.245192 0.014526 0.058341 0.029300 0.003793 0.648147 0.000700
0.252794 0.013616 0.055382 0.027700 0.003708 0.646081 0.000718
0.260489 0.012734 0.052429 0.026077 0.003624 0.643915 0.000732
0.268212 0.011988 0.049606 0.024541 0.003539 0.641369 0.000746
0.275752 0.011261 0.046953 0.023111 0.003462 0.638704 0.000759
0.283299 0.010608 0.044473 0.021750 0.003387 0.635716 0.000767
0.291040 0.009918 0.042096 0.020439 0.003299 0.632424 0.000784
0.298626 0.009278 0.039892 0.019254 0.003200 0.628949 0.000801
0.306128 0.008714 0.037842 0.018152 0.003106 0.625246 0.000811
0.313588 0.008163 0.035935 0.017130 0.003016 0.621339 0.000829
0.321028 0.007641 0.034065 0.016088 0.002937 0.617403 0.000838
0.328324 0.007177 0.032320 0.015143 0.002876 0.613319 0.000841
0.335730 0.006749 0.030623 0.014261 0.002800 0.608975 0.000862
0.343267 0.006311 0.028973 0.013406 0.002707 0.604467 0.000870
0.350543 0.005929 0.027425 0.012585 0.002637 0.599997 0.000884
0.357850 0.005600 0.025974 0.011877 0.002542 0.595256 0.000899
0.364875 0.005284 0.024634 0.011161 0.002485 0.590648 0.000914
0.372016 0.004998 0.023309 0.010467 0.002419 0.585874 0.000918
0.379130 0.004737 0.022059 0.009840 0.002349 0.580959 0.000924
0.385998 0.004446 0.020887 0.009254 0.002269 0.576206 0.000942
0.393233 0.004179 0.019713 0.008673 0.002196 0.571061 0.000945
0.400154 0.003940 0.018675 0.008163 0.002123 0.565992 0.000953
0.407108 0.003728 0.017687 0.007616 0.002061 0.560837 0.000964
0.413669 0.003520 0.016773 0.007142 0.001998 0.555924 0.000974
0.420702 0.003322 0.015841 0.006697 0.001938 0.550521 0.000979
0.427356 0.003149 0.015027 0.006265 0.001871 0.545348 0.000984
0.434012 0.002976 0.014187 0.005879 0.001802 0.540150 0.000993
0.440731 0.002820 0.013456 0.005515 0.001739 0.534740 0.000998
0.446943 0.002716 0.012782 0.005202 0.001694 0.529663 0.001001
0.453528 0.002566 0.012030 0.004898 0.001633 0.524335 0.001010
0.460006 0.002434 0.011366 0.004569 0.001573 0.519037 0.001016
0.466211 0.002310 0.010758 0.004318 0.001516 0.513859 0.001027
0.472450 0.002201 0.010155 0.004032 0.001472 0.508655 0.001034
0.478672 0.002083 0.009564 0.003777 0.001416 0.503448 0.001041
0.484682 0.001987 0.009094 0.003566 0.001374 0.498246 0.001051
0.490965 0.001900 0.008554 0.003371 0.001319 0.492843 0.001048
0.496904 0.001790 0.008136 0.003150 0.001271 0.487693 0.001056
0.502853 0.001713 0.007689 0.002962 0.001234 0.482489 0.001059
0.508836 0.001617 0.007276 0.002783 0.001187 0.477230 0.001071
0.514724 0.001525 0.006881 0.002621 0.001145 0.472029 0.001075
0.520641 0.001450 0.006494 0.002450 0.001105 0.466783 0.001078
0.526558 0.001389 0.006167 0.002297 0.001070 0.461435 0.001084
0.532278 0.001330 0.005815 0.002154 0.001030 0.456306 0.001086
0.537861 0.001296 0.005504 0.002049 0.000990 0.451213 0.001087
0.543338 0.001225 0.005231 0.001915 0.000938 0.446247 0.001106
0.548926 0.001165 0.004960 0.001787 0.000903 0.441156 0.001102
0.554095 0.001117 0.004706 0.001671 0.000863 0.436432 0.001116
0.559550 0.001061 0.004485 0.001565 0.000831 0.431393 0.001116
0.564889 0.001007 0.004223 0.001471 0.000803 0.426489 0.001118
0.570105 0.000963 0.004022 0.001368 0.000781 0.421642 0.001119
0.575226 0.000919 0.003810 0.001290 0.000743 0.416874 0.001137
0.580492 0.000881 0.003618 0.001208 0.000720 0.411947 0.001134
0.585583 0.000845 0.003454 0.001144 0.000697 0.407148 0.001129
0.590599 0.000805 0.003261 0.001078 0.000674 0.402449 0.001135
0.595492 0.000770 0.003099 0.001018 0.000654 0.397826 0.001142
0.600613 0.000731 0.002930 0.000947 0.000626 0.393010 0.001144
0.605178 0.000695 0.002768 0.000892 0.000600 0.388730 0.001137
0.610020 0.000670 0.002638 0.000832 0.000576 0.384120 0.001144
0.614722 0.000650 0.002483 0.000783 0.000547 0.379671 0.001144
0.619362 0.000612 0.002350 0.000740 0.000528 0.375254 0.001153
0.623981 0.000586 0.002207 0.000682 0.000523 0.370866 0.001155
0.628621 0.000568 0.002092 0.000653 0.000493 0.366423 0.001148
0.633138 0.000534 0.001998 0.000619 0.000476 0.362085 0.001151
0.637802 0.000524 0.001897 0.000568 0.000458 0.357586 0.001165
0.642187 0.000499 0.001778 0.000537 0.000440 0.353398 0.001160
0.646375 0.000490 0.001687 0.000507 0.000424 0.349353 0.001163
0.650721 0.000468 0.001598 0.000472 0.000406 0.345169 0.001166
0.654998 0.000452 0.001514 0.000444 0.000386 0.341041 0.001165
0.659240 0.000440 0.001441 0.000413 0.000372 0.336933 0.001162
0.663401 0.000425 0.001375 0.000390 0.000363 0.332877 0.001170
0.667374 0.000412 0.001304 0.000364 0.000345 0.329024 0.001177
0.671597 0.000397 0.001245 0.000349 0.000341 0.324893 0.001178
0.675554 0.000388 0.001191 0.000328 0.000332 0.321029 0.001178
0.679702 0.000378 0.001120 0.000314 0.000316 0.316997 0.001173
0.683625 0.000374 0.001057 0.000295 0.000305 0.313171 0.001174
0.687534 0.000354 0.001010 0.000278 0.000296 0.309353 0.001174
0.691191 0.000333 0.000954 0.000263 0.000282 0.305793 0.001184
0.694989 0.000327 0.000913 0.000242 0.000274 0.302074 0.001181
0.698689 0.000319 0.000849 0.000229 0.000269 0.298461 0.001183
0.702223 0.000312 0.000809 0.000215 0.000258 0.294989 0.001195
0.705976 0.000309 0.000775 0.000201 0.000251 0.291292 0.001195
0.709599 0.000296 0.000736 0.000189 0.000242 0.287757 0.001180
0.713155 0.000285 0.000715 0.000183 0.000229 0.284249 0.001185
0.716796 0.000280 0.000680 0.000170 0.000220 0.280665 0.001189
0.720229 0.000274 0.000654 0.000154 0.000214 0.277280 0.001195
0.723519 0.000267 0.000614 0.000151 0.000201 0.274071 0.001177
0.727147 0.000253 0.000581 0.000133 0.000192 0.270500 0.001193
0.730299 0.000253 0.000562 0.000137 0.000188 0.267377 0.001185
0.733673 0.000251 0.000545 0.000130 0.000180 0.264026 0.001195
0.737049 0.000241 0.000513 0.000122 0.000175 0.260701 0.001199
0.740239 0.000226 0.000483 0.000115 0.000170 0.257570 0.001196
0.743418 0.000223 0.000457 0.000111 0.000165 0.254427 0.001198
0.746503 0.000224 0.000438 0.000104 0.000155 0.251382 0.001194
0.749804 0.000216 0.000411 0.000102 0.000152 0.248116 0.001199
0.752680 0.000214 0.000392 0.000101 0.000143 0.245270 0.001199
0.755723 0.000211 0.000375 0.000092 0.000136 0.242268 0.001195
0.758803 0.000202 0.000350 0.000091 0.000131 0.239234 0.001189
0.761684 0.000204 0.000336 0.000082 0.000124 0.236362 0.001206
0.764690 0.000206 0.000318 0.000074 0.000119 0.233397 0.001195
0.767505 0.000197 0.000294 0.000070 0.000115 0.230606 0.001213
0.770530 0.000193 0.000285 0.000067 0.000111 0.227598 0.001215
0.773305 0.000199 0.000266 0.000064 0.000110 0.224851 0.001205
0.776056 0.000196 0.000264 0.000063 0.000105 0.222114 0.001202
0.778826 0.000189 0.000261 0.000056 0.000102 0.219352 0.001214
0.781630 0.000184 0.000251 0.000054 0.000097 0.216573 0.001210
0.784172 0.000183 0.000239 0.000045 0.000097 0.214060 0.001203
0.786802 0.000181 0.000232 0.000044 0.000092 0.211437 0.001212
0.789302 0.000177 0.000222 0.000044 0.000089 0.208950 0.001216
0.791871 0.000170 0.000216 0.000040 0.000088 0.206416 0.001198
0.794455 0.000171 0.000202 0.000038 0.000085 0.203840 0.001209
0.797048 0.000169 0.000190 0.000037 0.000079 0.201275 0.001202
0.799569 0.000171 0.000182 0.000037 0.000080 0.198754 0.001207
0.801811 0.000166 0.000171 0.000034 0.000080 0.196524 0.001214
0.804404 0.000163 0.000172 0.000033 0.000077 0.193934 0.001217
0.806672 0.000163 0.000163 0.000030 0.000071 0.191705 0.001197
0.809053 0.000159 0.000156 0.000030 0.000072 0.189321 0.001210
0.811431 0.000157 0.000145 0.000030 0.000069 0.186963 0.001206
0.813708 0.000158 0.000147 0.000029 0.000069 0.184657 0.001233
0.816044 0.000157 0.000140 0.000031 0.000064 0.182358 0.001206
0.818215 0.000153 0.000139 0.000028 0.000061 0.180185 0.001220
0.820628 0.000155 0.000129 0.000028 0.000058 0.177787 0.001215
0.822992 0.000156 0.000123 0.000027 0.000055 0.175434 0.001212
0.824993 0.000159 0.000121 0.000024 0.000052 0.173443 0.001207
0.827259 0.000156 0.000119 0.000026 0.000054 0.171177 0.001209
0.829464 0.000155 0.000117 0.000024 0.000051 0.168976 0.001214
0.831502 0.000155 0.000114 0.000022 0.000048 0.166941 0.001218
0.833667 0.000149 0.000110 0.000021 0.000047 0.164791 0.001214
0.835519 0.000152 0.000106 0.000021 0.000047 0.162946 0.001209
0.837711 0.000152 0.000100 0.000019 0.000045 0.160771 0.001202
0.839569 0.000152 0.000098 0.000017 0.000041 0.158908 0.001215
0.841675 0.000150 0.000095 0.000018 0.000040 0.156806 0.001215
0.843683 0.000140 0.000096 0.000021 0.000040 0.154800 0.001220
0.845455 0.000145 0.000093 0.000016 0.000040 0.153043 0.001208
0.847322 0.000144 0.000088 0.000016 0.000040 0.151159 0.001232
0.849413 0.000143 0.000086 0.000017 0.000039 0.149097 0.001205
0.851279 0.000143 0.000084 0.000018 0.000036 0.147229 0.001212
0.853111 0.000144 0.000079 0.000018 0.000037 0.145397 0.001214
0.854708 0.000148 0.000076 0.000016 0.000033 0.143811 0.001208
0.856542 0.000146 0.000073 0.000015 0.000035 0.141984 0.001206
0.858399 0.000148 0.000067 0.000016 0.000030 0.140129 0.001210
0.859965 0.000147 0.000065 0.000015 0.000031 0.138560 0.001217
0.861837 0.000147 0.000065 0.000015 0.000025 0.136703 0.001208
0.863530 0.000145 0.000063 0.000015 0.000027 0.135000 0.001220
0.865036 0.000143 0.000063 0.000015 0.000024 0.133505 0.001213
0.866754 0.000140 0.000062 0.000014 0.000026 0.131779 0.001226
0.868371 0.000142 0.000060 0.000015 0.000023 0.130177 0.001213
0.869810 0.000142 0.000057 0.000013 0.000022 0.128735 0.001221
0.871608 0.000143 0.000057 0.000015 0.000022 0.126938 0.001218
