0.990678 0.009125 0.000116 0.000075 0.000000 0.000007 0.000000
0.980622 0.018945 0.000264 0.000156 0.000000 0.000014 0.000000
0.977341 0.022155 0.000315 0.000165 0.000000 0.000024 0.000000
0.973446 0.025987 0.000350 0.000193 0.000000 0.000024 0.000000
0.967797 0.031478 0.000429 0.000272 0.000000 0.000025 0.000000
0.961874 0.037234 0.000541 0.000327 0.000000 0.000024 0.000000
0.956173 0.042775 0.000634 0.000389 0.000000 0.000030 0.000000
0.948250 0.050541 0.000729 0.000444 0.000000 0.000036 0.000000
0.940809 0.057791 0.000873 0.000490 0.000000 0.000036 0.000000
0.930997 0.067357 0.001035 0.000574 0.000000 0.000037 0.000000
0.921232 0.076921 0.001154 0.000654 0.000000 0.000039 0.000000
0.907752 0.090074 0.001368 0.000761 0.000000 0.000046 0.000000
0.895583 0.101918 0.001556 0.000891 0.000000 0.000052 0.000000
0.880657 0.116499 0.001768 0.001013 0.000001 0.000060 0.000000
0.864568 0.132191 0.002010 0.001167 0.000004 0.000061 0.000000
0.846376 0.149819 0.002339 0.001395 0.000003 0.000067 0.000000
0.827327 0.168242 0.002761 0.001584 0.000003 0.000083 0.000000
0.810504 0.184523 0.003106 0.001774 0.000003 0.000091 0.000000
0.789301 0.205009 0.003537 0.002047 0.000003 0.000103 0.000000
0.768427 0.225204 0.003948 0.002299 0.000003 0.000120 0.000000
0.745353 0.247410 0.004470 0.002626 0.000002 0.000138 0.000000
0.723455 0.268445 0.005017 0.002932 0.000002 0.000149 0.000000
0.701086 0.289924 0.005563 0.003258 0.000002 0.000166 0.000000
0.679143 0.310922 0.006193 0.003549 0.000002 0.000191 0.000000
0.655070 0.333880 0.006895 0.003933 0.000002 0.000220 0.000000
0.634719 0.353213 0.007517 0.004304 0.000002 0.000246 0.000000
0.615006 0.371908 0.008104 0.004700 0.000004 0.000279 0.000000
0.594094 0.391609 0.008889 0.005099 0.000003 0.000305 0.000000
0.575479 0.409037 0.009662 0.005477 0.000004 0.000341 0.000000
0.556875 0.426366 0.010429 0.005946 0.000006 0.000378 0.000000
0.543506 0.438604 0.011121 0.006352 0.000007 0.000410 0.000000
0.528490 0.452358 0.011883 0.006796 0.000008 0.000466 0.000000
0.512817 0.466597 0.012760 0.007303 0.000010 0.000513 0.000000
0.502658 0.475586 0.013491 0.007711 0.000011 0.000542 0.000000
0.490987 0.486008 0.014272 0.008148 0.000012 0.000574 0.000000
0.483559 0.492348 0.014950 0.008509 0.000013 0.000621 0.000000
0.473359 0.501360 0.015649 0.008936 0.000013 0.000684 0.000000
0.467652 0.506082 0.016274 0.009254 0.000012 0.000726 0.000000
0.454519 0.517770 0.017181 0.009716 0.000012 0.000801 0.000000
0.448042 0.523101 0.017914 0.010079 0.000012 0.000851 0.000000
0.439118 0.530697 0.018710 0.010553 0.000011 0.000912 0.000000
0.434501 0.534402 0.019305 0.010833 0.000011 0.000949 0.000000
0.426311 0.541297 0.020098 0.011277 0.000010 0.001007 0.000000
0.415560 0.550627 0.020983 0.011744 0.000012 0.001074 0.000000
0.406490 0.558203 0.021889 0.012269 0.000012 0.001137 0.000000
0.396262 0.567048 0.022702 0.012771 0.000014 0.001204 0.000000
0.385512 0.576189 0.023672 0.013322 0.000013 0.001291 0.000000
0.378768 0.581807 0.024396 0.013651 0.000014 0.001364 0.000000
0.364028 0.594565 0.025555 0.014373 0.000016 0.001463 0.000000
0.350959 0.605581 0.026782 0.015103 0.000015 0.001560 0.000000
0.342652 0.612466 0.027655 0.015582 0.000016 0.001628 0.000000
0.328157 0.624583 0.029018 0.016460 0.000017 0.001765 0.000000
0.319119 0.631912 0.030025 0.017047 0.000017 0.001879 0.000000
0.305747 0.642715 0.031569 0.017934 0.000017 0.002018 0.000000
0.294184 0.651804 0.033044 0.018804 0.000018 0.002146 0.000000
0.286684 0.657625 0.034042 0.019365 0.000018 0.002266 0.000000
0.276703 0.664821 0.035788 0.020225 0.000023 0.002440 0.000000
0.265268 0.673998 0.037131 0.020990 0.000024 0.002589 0.000000
0.256926 0.680041 0.038439 0.021811 0.000027 0.002756 0.000000
0.254647 0.680389 0.039543 0.022474 0.000030 0.002918 0.000000
0.246238 0.686722 0.040769 0.023180 0.000031 0.003060 0.000000
0.237239 0.692582 0.042550 0.024283 0.000032 0.003314 0.000000
0.227031 0.700295 0.043998 0.025160 0.000036 0.003480 0.000000
0.224666 0.699958 0.045576 0.026051 0.000038 0.003709 0.000000
0.214845 0.706609 0.047386 0.027152 0.000040 0.003968 0.000000
0.210774 0.708391 0.048732 0.027918 0.000045 0.004140 0.000000
0.202523 0.714085 0.050299 0.028737 0.000049 0.004309 0.000000
0.202698 0.711939 0.051380 0.029443 0.000053 0.004487 0.000000
0.195960 0.715571 0.053220 0.030450 0.000055 0.004744 0.000000
0.196824 0.712210 0.054613 0.031299 0.000059 0.004996 0.000000
0.190297 0.715788 0.056313 0.032264 0.000060 0.005278 0.000000
0.187378 0.716329 0.057728 0.033015 0.000070 0.005481 0.000000
0.187058 0.714541 0.058835 0.033800 0.000069 0.005697 0.000000
0.188566 0.711552 0.059716 0.034195 0.000073 0.005897 0.000000
0.178411 0.717632 0.062013 0.035585 0.000075 0.006284 0.000000
0.178374 0.715732 0.063113 0.036177 0.000079 0.006525 0.000000
0.170764 0.719800 0.065037 0.037451 0.000080 0.006868 0.000000
0.175126 0.714854 0.065388 0.037519 0.000085 0.007028 0.000000
0.172209 0.714323 0.067274 0.038650 0.000097 0.007447 0.000000
0.170036 0.713908 0.068731 0.039517 0.000096 0.007713 0.000000
0.174525 0.708231 0.069359 0.039848 0.000096 0.007942 0.000000
0.170723 0.709584 0.070690 0.040693 0.000098 0.008212 0.000000
0.166740 0.710802 0.072295 0.041531 0.000098 0.008535 0.000000
0.163052 0.710839 0.074298 0.042733 0.000100 0.008979 0.000000
0.165289 0.708351 0.074347 0.042834 0.000105 0.009075 0.000000
0.171013 0.702177 0.074554 0.042945 0.000104 0.009207 0.000000
0.163834 0.704929 0.077210 0.044236 0.000111 0.009679 0.000000
0.156674 0.707759 0.079500 0.045725 0.000120 0.010222 0.000000
0.166354 0.698921 0.079002 0.045347 0.000121 0.010255 0.000000
0.168088 0.696634 0.079317 0.045454 0.000120 0.010386 0.000001
0.160962 0.698391 0.082410 0.047106 0.000126 0.011005 0.000001
0.162008 0.694626 0.083924 0.047945 0.000130 0.011367 0.000001
0.163129 0.692006 0.084726 0.048355 0.000133 0.011650 0.000001
0.159260 0.692505 0.086637 0.049367 0.000141 0.012090 0.000001
0.167999 0.684248 0.086191 0.049192 0.000145 0.012224 0.000001
0.170051 0.680468 0.087068 0.049727 0.000152 0.012533 0.000001
0.167519 0.680544 0.088477 0.050364 0.000156 0.012938 0.000001
0.164840 0.681564 0.089303 0.050921 0.000156 0.013216 0.000001
0.172112 0.674124 0.089272 0.050903 0.000163 0.013424 0.000001
0.168632 0.674475 0.090949 0.051958 0.000165 0.013820 0.000001
0.164577 0.677090 0.091708 0.052294 0.000168 0.014163 0.000001
0.160201 0.679390 0.092835 0.052913 0.000176 0.014484 0.000001
0.154956 0.681673 0.094409 0.053842 0.000178 0.014941 0.000001
0.147254 0.686575 0.096031 0.054628 0.000185 0.015327 0.000001
0.134545 0.693023 0.099464 0.056557 0.000190 0.016219 0.000001
0.133732 0.693331 0.099630 0.056672 0.000188 0.016446 0.000001
0.128135 0.696042 0.101228 0.057457 0.000193 0.016945 0.000001
0.125024 0.699694 0.101009 0.057208 0.000195 0.016868 0.000001
0.115216 0.702932 0.104469 0.059319 0.000208 0.017855 0.000001
0.107798 0.707031 0.106289 0.060325 0.000214 0.018342 0.000001
0.097876 0.710321 0.109806 0.062389 0.000235 0.019371 0.000001
0.086415 0.714020 0.114012 0.064782 0.000245 0.020524 0.000001
0.085742 0.714741 0.113853 0.064767 0.000247 0.020649 0.000001
0.077144 0.717370 0.117038 0.066593 0.000252 0.021602 0.000001
0.069935 0.718866 0.120087 0.068405 0.000267 0.022438 0.000001
0.065292 0.719647 0.122098 0.069594 0.000271 0.023097 0.000001
0.061992 0.718640 0.124384 0.070859 0.000283 0.023842 0.000001
0.061832 0.718407 0.124317 0.071043 0.000288 0.024110 0.000001
0.057794 0.718474 0.126490 0.072085 0.000301 0.024855 0.000001
0.052324 0.718161 0.129703 0.073746 0.000310 0.025755 0.000001
0.048975 0.716880 0.131920 0.075285 0.000315 0.026625 0.000001
0.045702 0.714057 0.135145 0.076940 0.000333 0.027822 0.000001
0.045133 0.713419 0.135679 0.077378 0.000332 0.028057 0.000001
0.042609 0.712669 0.137428 0.078288 0.000343 0.028662 0.000001
0.040422 0.710276 0.139697 0.079661 0.000347 0.029596 0.000001
0.038914 0.709029 0.140999 0.080492 0.000350 0.030214 0.000003
0.036805 0.707332 0.143035 0.081541 0.000371 0.030913 0.000003
0.036098 0.704906 0.144671 0.082273 0.000366 0.031685 0.000002
0.034365 0.703038 0.146342 0.083446 0.000372 0.032435 0.000002
0.032781 0.700642 0.148322 0.084605 0.000374 0.033274 0.000004
0.031805 0.699068 0.149685 0.085193 0.000390 0.033857 0.000004
0.031238 0.697046 0.150820 0.085968 0.000400 0.034525 0.000003
0.029451 0.694620 0.152777 0.087279 0.000408 0.035461 0.000004
0.029397 0.693028 0.153593 0.087576 0.000417 0.035985 0.000004
0.028161 0.689692 0.155838 0.088864 0.000425 0.037016 0.000004
0.027107 0.687547 0.157333 0.089890 0.000427 0.037693 0.000004
0.026386 0.685221 0.158785 0.090730 0.000447 0.038428 0.000003
0.025508 0.682797 0.160507 0.091495 0.000454 0.039235 0.000004
0.025223 0.680244 0.161600 0.092406 0.000461 0.040063 0.000004
0.024757 0.678949 0.162423 0.092920 0.000464 0.040483 0.000004
0.023950 0.675466 0.164468 0.094112 0.000467 0.041533 0.000005
0.023159 0.673253 0.165938 0.094923 0.000485 0.042238 0.000004
0.023260 0.672094 0.166416 0.095100 0.000492 0.042634 0.000004
0.022554 0.669042 0.168078 0.096113 0.000508 0.043701 0.000005
0.021955 0.666714 0.169470 0.096831 0.000513 0.044512 0.000006
0.021540 0.665356 0.170381 0.097253 0.000514 0.044952 0.000004
0.020647 0.660856 0.172851 0.098776 0.000526 0.046338 0.000005
0.020699 0.659505 0.173404 0.099019 0.000521 0.046846 0.000006
0.020520 0.658645 0.173711 0.099324 0.000533 0.047261 0.000006
0.019655 0.654848 0.175926 0.100457 0.000544 0.048565 0.000005
0.019508 0.652072 0.177219 0.101195 0.000559 0.049441 0.000004
0.019154 0.650505 0.178114 0.101704 0.000568 0.049950 0.000005
0.018771 0.648017 0.179399 0.102369 0.000570 0.050869 0.000005
0.018291 0.644800 0.181124 0.103333 0.000590 0.051857 0.000005
0.018270 0.643305 0.181566 0.103897 0.000598 0.052359 0.000005
0.018122 0.641798 0.182331 0.104097 0.000603 0.053044 0.000005
0.017450 0.637691 0.184592 0.105313 0.000619 0.054329 0.000005
0.017183 0.636182 0.185387 0.105791 0.000619 0.054832 0.000007
0.016701 0.632988 0.186977 0.106846 0.000634 0.055848 0.000007
0.016914 0.633223 0.186688 0.106544 0.000642 0.055983 0.000007
0.016549 0.629849 0.188325 0.107533 0.000650 0.057088 0.000006
0.016202 0.627298 0.189444 0.108259 0.000658 0.058133 0.000006
0.015938 0.625056 0.190612 0.108811 0.000672 0.058903 0.000007
0.015701 0.621998 0.191898 0.109696 0.000679 0.060020 0.000007
0.015328 0.618792 0.193456 0.110623 0.000700 0.061095 0.000006
0.015370 0.617892 0.193864 0.110738 0.000705 0.061423 0.000008
0.014928 0.614234 0.195520 0.111704 0.000712 0.062893 0.000008
0.014901 0.612082 0.196351 0.112283 0.000722 0.063654 0.000007
0.014687 0.611431 0.196723 0.112380 0.000722 0.064050 0.000007
0.014370 0.607036 0.198616 0.113563 0.000736 0.065667 0.000012
0.014463 0.607528 0.198423 0.113381 0.000733 0.065461 0.000010
0.014226 0.603986 0.199963 0.114239 0.000744 0.066831 0.000011
0.014241 0.603309 0.200060 0.114437 0.000759 0.067183 0.000011
0.013978 0.601076 0.201036 0.114945 0.000758 0.068194 0.000012
0.013695 0.596690 0.203136 0.115928 0.000783 0.069757 0.000011
0.013625 0.594718 0.203871 0.116552 0.000797 0.070425 0.000012
0.013341 0.591904 0.205005 0.117356 0.000814 0.071569 0.000011
0.013572 0.592720 0.204570 0.116847 0.000802 0.071478 0.000010
0.013168 0.588892 0.206350 0.117976 0.000807 0.072795 0.000011
0.013016 0.586594 0.207397 0.118331 0.000814 0.073838 0.000010
0.012813 0.583253 0.208755 0.119024 0.000840 0.075304 0.000012
0.012975 0.583878 0.208169 0.118896 0.000835 0.075235 0.000011
0.012530 0.578953 0.210167 0.120123 0.000850 0.077365 0.000011
0.012487 0.577629 0.210828 0.120481 0.000855 0.077710 0.000011
0.012375 0.576305 0.211331 0.120750 0.000871 0.078356 0.000011
0.012277 0.574540 0.211868 0.121123 0.000879 0.079302 0.000010
0.012124 0.571420 0.213458 0.121799 0.000897 0.080292 0.000010
0.012093 0.569468 0.214141 0.122173 0.000919 0.081196 0.000011
0.011995 0.567610 0.214732 0.122542 0.000926 0.082185 0.000010
0.011735 0.563397 0.216617 0.123515 0.000942 0.083784 0.000011
0.011754 0.562833 0.216776 0.123687 0.000935 0.084005 0.000010
0.011637 0.561074 0.217373 0.124167 0.000941 0.084799 0.000009
0.011476 0.557502 0.218897 0.124799 0.000944 0.086371 0.000010
0.011401 0.556314 0.219335 0.125013 0.000967 0.086958 0.000011
0.011253 0.553871 0.220262 0.125683 0.000977 0.087942 0.000012
0.011295 0.552509 0.220611 0.125866 0.000993 0.088711 0.000014
0.011263 0.551137 0.220990 0.126188 0.000996 0.089414 0.000013
0.011175 0.548311 0.222108 0.126601 0.001009 0.090783 0.000013
0.011082 0.547092 0.222533 0.126847 0.001016 0.091417 0.000013
0.010913 0.544199 0.223699 0.127405 0.001036 0.092735 0.000014
0.010811 0.542920 0.224230 0.127723 0.001037 0.093268 0.000012
0.010744 0.540563 0.224922 0.128166 0.001054 0.094537 0.000014
0.010679 0.539167 0.225686 0.128319 0.001049 0.095088 0.000012
0.010610 0.536960 0.226448 0.128929 0.001064 0.095976 0.000013
0.010533 0.534256 0.227348 0.129366 0.001085 0.097398 0.000014
0.010489 0.533666 0.227263 0.129513 0.001077 0.097977 0.000015
0.010493 0.532023 0.227936 0.129775 0.001095 0.098663 0.000015
0.010323 0.528297 0.229268 0.130338 0.001119 0.100639 0.000017
0.010273 0.527172 0.229700 0.130609 0.001153 0.101079 0.000014
0.010199 0.524792 0.230446 0.131142 0.001162 0.102244 0.000014
0.010188 0.524054 0.230663 0.131239 0.001163 0.102679 0.000014
0.010126 0.522052 0.231386 0.131549 0.001189 0.103682 0.000015
0.009957 0.518512 0.232662 0.132259 0.001197 0.105398 0.000015
0.009942 0.517289 0.233016 0.132471 0.001178 0.106089 0.000016
0.009845 0.514851 0.233768 0.132998 0.001209 0.107311 0.000016
0.009808 0.514052 0.234036 0.132919 0.001219 0.107952 0.000013
0.009664 0.510831 0.235242 0.133675 0.001224 0.109347 0.000017
0.009697 0.510332 0.235121 0.133713 0.001223 0.109896 0.000018
0.009516 0.507164 0.236442 0.134243 0.001240 0.111378 0.000017
0.009575 0.507469 0.236230 0.134069 0.001244 0.111395 0.000018
0.009421 0.504154 0.237430 0.134757 0.001288 0.112930 0.000020
0.009357 0.501474 0.238296 0.135316 0.001270 0.114266 0.000021
0.009324 0.499576 0.238828 0.135691 0.001302 0.115256 0.000023
0.009297 0.498155 0.239254 0.135773 0.001293 0.116203 0.000024
0.009217 0.496909 0.239540 0.136083 0.001336 0.116892 0.000023
0.009169 0.494177 0.240430 0.136432 0.001335 0.118435 0.000023
0.009133 0.492364 0.240862 0.136876 0.001359 0.119381 0.000026
0.009046 0.490299 0.241795 0.137129 0.001350 0.120357 0.000025
0.009041 0.489215 0.241899 0.137334 0.001353 0.121135 0.000024
0.009021 0.486737 0.242574 0.137898 0.001385 0.122359 0.000025
0.009012 0.485237 0.243049 0.138156 0.001384 0.123139 0.000023
0.008960 0.483080 0.243556 0.138683 0.001396 0.124300 0.000025
0.008956 0.481809 0.243988 0.138759 0.001409 0.125058 0.000021
0.008924 0.479940 0.244640 0.138910 0.001411 0.126151 0.000024
0.008831 0.477565 0.245295 0.139278 0.001454 0.127553 0.000024
0.008790 0.476045 0.245673 0.139633 0.001455 0.128381 0.000024
0.008770 0.475012 0.245806 0.139897 0.001453 0.129039 0.000022
0.008773 0.472799 0.246305 0.140097 0.001472 0.130531 0.000025
0.008755 0.471600 0.246666 0.140312 0.001468 0.131174 0.000026
0.008668 0.469379 0.247380 0.140609 0.001509 0.132432 0.000024
0.008624 0.467535 0.247957 0.140953 0.001500 0.133409 0.000022
0.008704 0.467322 0.247763 0.140835 0.001498 0.133854 0.000023
0.008540 0.463185 0.248945 0.141658 0.001526 0.136121 0.000027
0.008533 0.462904 0.249190 0.141386 0.001526 0.136435 0.000026
0.008512 0.462457 0.249393 0.141322 0.001524 0.136768 0.000024
0.008492 0.460036 0.249906 0.141699 0.001554 0.138285 0.000027
0.008464 0.458387 0.250112 0.142123 0.001571 0.139317 0.000025
0.008405 0.456050 0.250951 0.142292 0.001559 0.140717 0.000026
0.008349 0.453225 0.251816 0.142752 0.001592 0.142240 0.000026
0.008351 0.453230 0.251501 0.142784 0.001554 0.142552 0.000028
0.008305 0.451451 0.252168 0.142962 0.001574 0.143513 0.000027
0.008300 0.449497 0.252440 0.143236 0.001614 0.144887 0.000025
0.008334 0.448553 0.252540 0.143603 0.001615 0.145328 0.000028
0.008325 0.446713 0.253081 0.143722 0.001608 0.146523 0.000028
0.008208 0.443522 0.253853 0.144109 0.001647 0.148632 0.000028
0.008182 0.441551 0.254528 0.144395 0.001656 0.149659 0.000028
0.008202 0.441638 0.254369 0.144344 0.001646 0.149774 0.000028
0.008117 0.439936 0.254993 0.144336 0.001667 0.150922 0.000029
0.008081 0.437510 0.255598 0.144725 0.001697 0.152363 0.000026
0.008161 0.437389 0.255279 0.144818 0.001681 0.152645 0.000027
0.008135 0.435084 0.255878 0.144994 0.001717 0.154165 0.000027
0.008087 0.432514 0.256496 0.145337 0.001724 0.155812 0.000030
0.008054 0.431112 0.256950 0.145510 0.001739 0.156607 0.000029
0.008006 0.429191 0.257264 0.145768 0.001750 0.157991 0.000030
0.022964 0.422302 0.253442 0.143558 0.001730 0.155974 0.000030
0.029709 0.417069 0.252187 0.142677 0.001725 0.156606 0.000028
0.030581 0.415300 0.252284 0.142524 0.001743 0.157536 0.000032
0.033308 0.413823 0.251419 0.142219 0.001746 0.157454 0.000031
0.037479 0.411031 0.250564 0.141623 0.001763 0.157513 0.000027
0.046856 0.406277 0.248042 0.140259 0.001748 0.156786 0.000032
0.049843 0.403144 0.247342 0.140110 0.001748 0.157785 0.000029
0.045363 0.404157 0.248808 0.140810 0.001760 0.159073 0.000030
0.054147 0.400210 0.246183 0.139466 0.001758 0.158205 0.000031
0.055859 0.398727 0.245705 0.139135 0.001751 0.158792 0.000029
0.064578 0.396056 0.242692 0.137438 0.001749 0.157458 0.000029
0.070747 0.392335 0.241273 0.136307 0.001754 0.157555 0.000029
0.076550 0.391662 0.238551 0.134972 0.001742 0.156492 0.000030
0.077193 0.391605 0.237828 0.134614 0.001732 0.156999 0.000030
0.072935 0.392887 0.238628 0.135247 0.001764 0.158510 0.000029
0.074278 0.393696 0.237568 0.134373 0.001742 0.158307 0.000036
0.078179 0.395350 0.235070 0.132900 0.001728 0.156742 0.000030
0.075494 0.396707 0.235239 0.132966 0.001740 0.157823 0.000032
0.066389 0.398058 0.238161 0.134596 0.001788 0.160976 0.000032
0.060243 0.400057 0.239820 0.135603 0.001783 0.162458 0.000035
0.065695 0.400840 0.236656 0.133600 0.001800 0.161376 0.000032
0.057489 0.401550 0.239212 0.135271 0.001792 0.164651 0.000036
0.055963 0.404039 0.238971 0.134987 0.001822 0.164182 0.000037
0.052625 0.404734 0.239611 0.135402 0.001836 0.165758 0.000034
0.043954 0.403626 0.243340 0.137771 0.001881 0.169392 0.000035
0.046678 0.406640 0.240887 0.136120 0.001867 0.167774 0.000034
0.042613 0.407520 0.241917 0.136792 0.001864 0.169258 0.000035
0.034469 0.404140 0.246367 0.139214 0.001904 0.173869 0.000036
0.035529 0.406279 0.244491 0.138379 0.001906 0.173381 0.000035
0.031375 0.404169 0.246958 0.139697 0.001932 0.175831 0.000038
0.029700 0.404690 0.247346 0.139819 0.001947 0.176462 0.000035
0.027243 0.403869 0.248497 0.140522 0.001948 0.177882 0.000038
0.023617 0.399817 0.250940 0.142004 0.001979 0.181603 0.000039
0.022368 0.399429 0.251440 0.142356 0.002012 0.182355 0.000039
0.019765 0.396649 0.253428 0.143318 0.002021 0.184782 0.000038
0.018404 0.394555 0.254448 0.143971 0.002032 0.186548 0.000041
0.018996 0.396402 0.253435 0.143191 0.002030 0.185908 0.000038
0.016444 0.392605 0.255877 0.144709 0.002035 0.188291 0.000040
0.014039 0.387081 0.258650 0.146095 0.002070 0.192022 0.000044
0.014510 0.388188 0.257622 0.145683 0.002086 0.191867 0.000044
0.013469 0.384902 0.259078 0.146451 0.002088 0.193971 0.000042
0.013034 0.383422 0.259667 0.146481 0.002114 0.195241 0.000041
0.012103 0.380696 0.260823 0.147281 0.002112 0.196941 0.000044
0.012523 0.381627 0.259818 0.146733 0.002111 0.197143 0.000044
0.010649 0.375160 0.262910 0.148434 0.002149 0.200654 0.000045
0.011738 0.377434 0.260940 0.147547 0.002164 0.200134 0.000043
0.011645 0.376748 0.261146 0.147520 0.002179 0.200719 0.000043
0.010489 0.372210 0.262879 0.148554 0.002188 0.203633 0.000047
0.010157 0.369998 0.263537 0.149055 0.002214 0.204995 0.000044
0.010231 0.369733 0.263537 0.148886 0.002204 0.205365 0.000044
0.010038 0.368368 0.263915 0.148915 0.002209 0.206508 0.000047
0.010060 0.366991 0.263836 0.148890 0.002237 0.207942 0.000045
0.010527 0.368987 0.262751 0.148284 0.002247 0.207159 0.000045
0.009682 0.363898 0.264382 0.149342 0.002269 0.210379 0.000049
0.009136 0.360364 0.265572 0.150060 0.002291 0.212528 0.000049
0.009334 0.360503 0.264923 0.149770 0.002283 0.213136 0.000051
0.009884 0.363124 0.263483 0.148947 0.002271 0.212238 0.000053
0.008840 0.356476 0.266008 0.150323 0.002303 0.215996 0.000055
0.008969 0.356033 0.265662 0.150315 0.002318 0.216652 0.000051
0.009154 0.357642 0.265342 0.149548 0.002322 0.215942 0.000050
0.008653 0.352227 0.266608 0.150642 0.002363 0.219459 0.000049
0.008657 0.353357 0.266328 0.150414 0.002336 0.218856 0.000052
0.008826 0.353501 0.265935 0.150101 0.002364 0.219224 0.000048
0.008853 0.350887 0.266151 0.150356 0.002358 0.221344 0.000052
0.008566 0.349027 0.266889 0.150897 0.002385 0.222183 0.000053
0.008217 0.345799 0.268015 0.151190 0.002383 0.224345 0.000051
0.008328 0.345493 0.267304 0.151388 0.002407 0.225028 0.000051
0.008740 0.347656 0.266270 0.150579 0.002381 0.224327 0.000047
0.008161 0.342264 0.267747 0.151601 0.002409 0.227767 0.000051
0.008549 0.344503 0.266692 0.150861 0.002418 0.226925 0.000051
0.008224 0.341217 0.267571 0.151389 0.002437 0.229111 0.000051
0.007998 0.338315 0.268319 0.151945 0.002441 0.230933 0.000049
0.008183 0.339964 0.267617 0.151352 0.002440 0.230392 0.000052
0.007970 0.335216 0.268442 0.151933 0.002462 0.233923 0.000053
0.008042 0.335295 0.268347 0.151662 0.002479 0.234125 0.000050
0.007915 0.333554 0.268724 0.151972 0.002478 0.235304 0.000053
0.007969 0.332588 0.268516 0.151827 0.002488 0.236559 0.000053
0.007946 0.332001 0.268611 0.151953 0.002502 0.236938 0.000050
0.007906 0.331058 0.268730 0.151952 0.002499 0.237800 0.000054
0.007827 0.327726 0.269098 0.152336 0.002532 0.240429 0.000051
0.007909 0.328767 0.268606 0.151883 0.002514 0.240267 0.000055
0.007752 0.325639 0.269300 0.152474 0.002554 0.242228 0.000053
0.007723 0.324745 0.269472 0.152340 0.002568 0.243099 0.000054
0.007929 0.324969 0.268842 0.152045 0.002538 0.243620 0.000057
0.007861 0.322436 0.269040 0.152207 0.002644 0.245756 0.000056
0.007898 0.323130 0.268831 0.152117 0.002585 0.245381 0.000058
0.007771 0.319884 0.269526 0.152580 0.002616 0.247565 0.000057
0.008022 0.321897 0.268731 0.151988 0.002566 0.246740 0.000057
0.007864 0.318485 0.269331 0.152409 0.002616 0.249238 0.000057
0.007904 0.317919 0.269024 0.152388 0.002623 0.250084 0.000059
0.007791 0.315438 0.269706 0.152623 0.002639 0.251743 0.000059
0.007847 0.315390 0.269590 0.152268 0.002648 0.252202 0.000056
0.007811 0.314932 0.269637 0.152173 0.002661 0.252732 0.000054
0.008045 0.315622 0.268386 0.151721 0.002651 0.253517 0.000058
0.007622 0.307418 0.270339 0.152959 0.002714 0.258888 0.000061
0.007698 0.308483 0.269863 0.152722 0.002700 0.258473 0.000062
0.007697 0.309321 0.269433 0.152519 0.002706 0.258267 0.000057
0.007734 0.309146 0.269513 0.152264 0.002680 0.258602 0.000061
0.007628 0.305714 0.270173 0.152655 0.002745 0.261025 0.000059
0.007736 0.307538 0.269368 0.152145 0.002716 0.260439 0.000059
0.007748 0.305554 0.269200 0.152188 0.002743 0.262505 0.000061
0.007656 0.303843 0.269850 0.152392 0.002737 0.263460 0.000063
0.007661 0.302923 0.269571 0.152497 0.002764 0.264522 0.000062
0.007611 0.300583 0.269846 0.152514 0.002774 0.266613 0.000059
0.007601 0.300271 0.269809 0.152476 0.002780 0.267001 0.000063
0.007672 0.300215 0.269473 0.152185 0.002767 0.267622 0.000066
0.007755 0.299495 0.269315 0.152278 0.002784 0.268308 0.000066
0.007693 0.296766 0.269738 0.152451 0.002819 0.270469 0.000064
0.007744 0.297366 0.269395 0.152156 0.002829 0.270445 0.000065
0.007603 0.294580 0.270046 0.152405 0.002869 0.272432 0.000065
0.007656 0.292183 0.270027 0.152376 0.002866 0.274824 0.000068
0.007712 0.292398 0.269407 0.152244 0.002864 0.275309 0.000066
0.007785 0.293769 0.268819 0.151860 0.002877 0.274819 0.000071
0.007666 0.289124 0.269768 0.152423 0.002906 0.278038 0.000074
0.007697 0.290911 0.269054 0.151959 0.002869 0.277441 0.000069
0.007682 0.290012 0.269285 0.151909 0.002886 0.278160 0.000066
0.007607 0.287174 0.269305 0.152209 0.002914 0.280721 0.000070
0.007673 0.287755 0.269103 0.151543 0.002932 0.280925 0.000068
0.007662 0.284808 0.269683 0.152091 0.002929 0.282756 0.000071
0.007754 0.286024 0.268955 0.151870 0.002898 0.282426 0.000072
0.007783 0.284371 0.269006 0.151793 0.002932 0.284042 0.000073
0.007816 0.282989 0.268905 0.151705 0.002904 0.285607 0.000074
0.007747 0.281534 0.269260 0.151804 0.002948 0.286636 0.000071
0.007836 0.281874 0.268897 0.151670 0.002939 0.286711 0.000072
0.007847 0.280246 0.268619 0.151629 0.002982 0.288607 0.000069
0.007829 0.280262 0.268329 0.151470 0.002969 0.289068 0.000073
0.007762 0.278160 0.268783 0.151714 0.002986 0.290517 0.000077
0.007784 0.278355 0.268600 0.151842 0.002989 0.290352 0.000078
0.007830 0.278096 0.268079 0.151436 0.002983 0.291502 0.000075
0.007763 0.274480 0.268882 0.151863 0.002993 0.293944 0.000075
0.007825 0.274956 0.267813 0.151384 0.002993 0.294948 0.000080
0.007915 0.275733 0.267608 0.151347 0.002982 0.294339 0.000076
0.007812 0.273450 0.268287 0.151467 0.003007 0.295902 0.000076
0.007859 0.272242 0.268190 0.151495 0.003022 0.297117 0.000075
0.007851 0.269952 0.268187 0.151417 0.003051 0.299468 0.000075
0.007915 0.269260 0.268025 0.151666 0.003044 0.300011 0.000078
0.007873 0.269151 0.268051 0.151555 0.003029 0.300259 0.000081
0.007955 0.267262 0.267957 0.151635 0.003034 0.302078 0.000078
0.007962 0.266432 0.268001 0.151463 0.003048 0.303018 0.000076
0.008046 0.265994 0.267454 0.151168 0.003055 0.304203 0.000080
0.008109 0.267076 0.267015 0.151047 0.003010 0.303663 0.000080
0.007988 0.264494 0.267228 0.151134 0.003062 0.306015 0.000078
0.008000 0.264602 0.267230 0.150886 0.003065 0.306141 0.000076
0.008015 0.265503 0.266702 0.150692 0.003066 0.305949 0.000073
0.007968 0.261141 0.267415 0.151104 0.003106 0.309192 0.000075
0.007968 0.261105 0.267056 0.150946 0.003101 0.309746 0.000077
0.008041 0.260399 0.267006 0.150880 0.003111 0.310482 0.000081
0.008072 0.259771 0.266682 0.150837 0.003125 0.311434 0.000079
0.008035 0.258801 0.266440 0.150571 0.003163 0.312911 0.000078
0.008101 0.260188 0.266030 0.150485 0.003156 0.311957 0.000083
0.008038 0.257710 0.266084 0.150478 0.003174 0.314439 0.000078
0.008012 0.254024 0.266642 0.150740 0.003198 0.317302 0.000083
0.008010 0.253482 0.266343 0.150638 0.003194 0.318248 0.000085
0.008026 0.254809 0.266119 0.150388 0.003138 0.317436 0.000085
0.008079 0.253920 0.265796 0.150208 0.003210 0.318701 0.000086
0.008201 0.250425 0.265593 0.150257 0.003223 0.322207 0.000094
0.008165 0.252107 0.265425 0.150168 0.003189 0.320856 0.000090
0.008132 0.251866 0.265446 0.150015 0.003217 0.321232 0.000092
0.008153 0.249989 0.265320 0.149925 0.003230 0.323289 0.000094
0.008171 0.248141 0.265191 0.150030 0.003274 0.325100 0.000093
0.008235 0.250739 0.264673 0.149632 0.003219 0.323411 0.000091
0.008254 0.249669 0.264421 0.149500 0.003253 0.324814 0.000089
0.008254 0.247265 0.264592 0.149677 0.003292 0.326826 0.000093
0.008256 0.245007 0.264714 0.149462 0.003259 0.329206 0.000097
0.008283 0.244903 0.264393 0.149279 0.003300 0.329746 0.000096
0.008244 0.243982 0.264120 0.149407 0.003316 0.330838 0.000093
0.008291 0.242344 0.264353 0.149235 0.003323 0.332357 0.000096
0.008306 0.244322 0.263680 0.149063 0.003280 0.331253 0.000097
0.008240 0.241875 0.264013 0.149165 0.003329 0.333281 0.000096
0.008220 0.240199 0.263627 0.149175 0.003330 0.335353 0.000097
0.008366 0.241108 0.263258 0.149027 0.003287 0.334856 0.000098
0.008398 0.241669 0.262866 0.148668 0.003336 0.334969 0.000093
0.008368 0.239447 0.263170 0.148859 0.003347 0.336704 0.000105
0.008364 0.237765 0.263386 0.148874 0.003342 0.338169 0.000100
0.008340 0.236304 0.263358 0.148846 0.003376 0.339674 0.000101
0.008431 0.236868 0.262726 0.148566 0.003372 0.339932 0.000106
0.008418 0.234882 0.262722 0.148610 0.003400 0.341866 0.000101
0.008429 0.234484 0.262423 0.148644 0.003396 0.342521 0.000102
0.008518 0.233865 0.262466 0.148273 0.003395 0.343378 0.000106
0.008524 0.231756 0.262409 0.148471 0.003430 0.345301 0.000110
0.008538 0.231921 0.261972 0.148110 0.003432 0.345923 0.000106
0.008564 0.231664 0.261740 0.147963 0.003431 0.346522 0.000116
0.008638 0.231450 0.260995 0.147684 0.003418 0.347706 0.000108
0.008647 0.229922 0.261436 0.147752 0.003417 0.348716 0.000110
0.008591 0.229419 0.261331 0.147762 0.003408 0.349377 0.000112
0.008684 0.227820 0.260822 0.147622 0.003446 0.351498 0.000108
0.008713 0.227437 0.260761 0.147608 0.003436 0.351934 0.000111
0.008742 0.227102 0.260506 0.147210 0.003461 0.352868 0.000112
0.008766 0.227710 0.260332 0.147094 0.003426 0.352557 0.000115
0.008799 0.226225 0.260339 0.147099 0.003483 0.353941 0.000113
0.008837 0.225023 0.260054 0.147013 0.003487 0.355469 0.000117
0.008770 0.223794 0.260158 0.147225 0.003494 0.356442 0.000117
0.008835 0.221924 0.259839 0.146750 0.003485 0.359048 0.000118
0.008893 0.222505 0.259429 0.146672 0.003504 0.358873 0.000124
0.008874 0.223499 0.259473 0.146516 0.003491 0.358024 0.000124
0.008901 0.220406 0.259116 0.146431 0.003519 0.361507 0.000121
0.008945 0.220463 0.259035 0.146281 0.003557 0.361591 0.000129
0.008931 0.219856 0.258801 0.146216 0.003535 0.362542 0.000119
0.008980 0.220705 0.258553 0.145905 0.003528 0.362208 0.000122
0.008997 0.218285 0.258303 0.145744 0.003557 0.364986 0.000128
0.009009 0.216944 0.258208 0.145831 0.003572 0.366313 0.000123
0.008986 0.217346 0.258212 0.145754 0.003585 0.365992 0.000124
0.009036 0.214811 0.257711 0.145575 0.003603 0.369136 0.000128
0.009115 0.214190 0.257413 0.145397 0.003622 0.370138 0.000125
0.009154 0.215791 0.257441 0.145439 0.003592 0.368467 0.000115
0.009102 0.215903 0.257182 0.145311 0.003597 0.368782 0.000123
0.009150 0.214264 0.256925 0.145073 0.003605 0.370854 0.000129
0.009223 0.212970 0.256526 0.145020 0.003626 0.372503 0.000132
0.009138 0.211560 0.256705 0.144797 0.003624 0.374048 0.000127
0.009221 0.211771 0.256358 0.144776 0.003622 0.374121 0.000130
0.009246 0.212223 0.256136 0.144747 0.003655 0.373870 0.000123
0.009273 0.209821 0.256309 0.144648 0.003643 0.376179 0.000127
0.009289 0.209991 0.255753 0.144678 0.003655 0.376509 0.000127
0.009404 0.208749 0.255265 0.144371 0.003671 0.378411 0.000129
0.009405 0.208658 0.255203 0.144278 0.003692 0.378635 0.000129
0.009423 0.208171 0.254885 0.143969 0.003692 0.379727 0.000132
0.009430 0.206453 0.254964 0.144158 0.003672 0.381186 0.000137
0.009498 0.205852 0.254595 0.143893 0.003696 0.382334 0.000134
0.009491 0.206938 0.254244 0.143852 0.003748 0.381590 0.000137
0.009509 0.204772 0.253805 0.143460 0.003736 0.384584 0.000134
0.009496 0.202791 0.254086 0.143424 0.003756 0.386311 0.000135
0.009525 0.204576 0.253786 0.143145 0.003774 0.385064 0.000131
0.009465 0.203519 0.253390 0.143168 0.003771 0.386548 0.000138
0.009511 0.202673 0.253316 0.143178 0.003749 0.387435 0.000139
0.009647 0.202280 0.253130 0.142796 0.003756 0.388258 0.000133
0.009707 0.201515 0.252764 0.142600 0.003774 0.389500 0.000140
0.009669 0.201064 0.252575 0.142856 0.003811 0.389882 0.000141
0.009794 0.201008 0.252244 0.142388 0.003768 0.390658 0.000141
0.009720 0.201052 0.252297 0.142416 0.003761 0.390606 0.000149
0.009769 0.199465 0.252014 0.142288 0.003808 0.392519 0.000138
0.009805 0.198284 0.251902 0.142261 0.003822 0.393779 0.000148
0.009850 0.198938 0.251613 0.141923 0.003817 0.393716 0.000143
0.009895 0.197858 0.251300 0.141960 0.003837 0.395000 0.000150
0.009839 0.197487 0.251242 0.141746 0.003815 0.395728 0.000143
0.009869 0.196420 0.250769 0.141823 0.003852 0.397122 0.000145
0.009912 0.196884 0.250923 0.141748 0.003846 0.396544 0.000143
0.009946 0.195315 0.250454 0.141435 0.003891 0.398815 0.000144
0.009903 0.195480 0.250227 0.141349 0.003860 0.399034 0.000146
0.009972 0.192426 0.249812 0.141226 0.003890 0.402528 0.000147
0.009976 0.193032 0.249809 0.141080 0.003953 0.402005 0.000144
0.010070 0.193054 0.249315 0.141199 0.003922 0.402301 0.000140
0.010150 0.191882 0.249255 0.140846 0.003904 0.403817 0.000146
0.010125 0.190277 0.248739 0.140688 0.003940 0.406081 0.000151
0.010130 0.189985 0.248438 0.140603 0.003904 0.406794 0.000146
0.010137 0.189729 0.248475 0.140290 0.003900 0.407325 0.000144
0.010127 0.190125 0.248158 0.140751 0.003936 0.406760 0.000142
0.010180 0.189048 0.247954 0.140246 0.003967 0.408455 0.000150
0.010284 0.189228 0.247667 0.140202 0.003929 0.408541 0.000149
0.010254 0.187230 0.247599 0.140052 0.003970 0.410746 0.000149
0.010366 0.186125 0.247163 0.139716 0.003978 0.412500 0.000152
0.010278 0.186881 0.247042 0.139700 0.003957 0.411998 0.000144
0.010299 0.186580 0.246915 0.139560 0.003979 0.412513 0.000154
0.010358 0.184836 0.246423 0.139379 0.003965 0.414882 0.000158
0.010355 0.185492 0.246490 0.139287 0.003977 0.414242 0.000157
0.010390 0.185434 0.246037 0.139112 0.003977 0.414901 0.000149
0.010435 0.183755 0.245804 0.138911 0.004013 0.416930 0.000151
0.010386 0.184285 0.245630 0.138924 0.004019 0.416603 0.000152
0.010427 0.181579 0.245422 0.138559 0.004045 0.419813 0.000155
0.010478 0.182495 0.245120 0.138708 0.004049 0.418987 0.000163
0.010536 0.182068 0.244988 0.138508 0.004038 0.419711 0.000152
0.010560 0.181356 0.244757 0.138227 0.004062 0.420879 0.000158
0.010573 0.181499 0.244624 0.138018 0.004082 0.421046 0.000158
0.010551 0.181201 0.244397 0.138052 0.004089 0.421556 0.000154
0.010546 0.181574 0.244443 0.137943 0.004056 0.421276 0.000162
0.010714 0.179179 0.243945 0.137544 0.004052 0.424412 0.000154
0.010638 0.178158 0.243354 0.137486 0.004100 0.426108 0.000157
0.010653 0.177551 0.243299 0.137288 0.004088 0.426964 0.000157
0.010725 0.177320 0.243011 0.136919 0.004121 0.427734 0.000169
0.010718 0.177612 0.242899 0.136895 0.004113 0.427604 0.000159
0.010783 0.176207 0.242366 0.136927 0.004130 0.429427 0.000160
0.010782 0.177267 0.242453 0.136767 0.004121 0.428449 0.000161
0.010833 0.176815 0.242400 0.136586 0.004102 0.429112 0.000153
0.010903 0.175214 0.241768 0.136421 0.004137 0.431401 0.000157
0.010950 0.174779 0.241370 0.136382 0.004125 0.432235 0.000160
0.010987 0.174284 0.240977 0.136131 0.004095 0.433358 0.000169
0.011035 0.174578 0.241263 0.136219 0.004124 0.432612 0.000168
0.011141 0.171835 0.240153 0.135599 0.004161 0.436946 0.000166
0.011159 0.172716 0.240205 0.135798 0.004132 0.435825 0.000165
0.011209 0.172221 0.240240 0.135640 0.004156 0.436371 0.000163
0.011232 0.172717 0.240138 0.135514 0.004138 0.436097 0.000164
0.011222 0.172242 0.239953 0.135345 0.004154 0.436918 0.000166
0.011351 0.170300 0.239178 0.134834 0.004135 0.440032 0.000172
0.011304 0.171128 0.239150 0.135050 0.004222 0.438980 0.000165
0.011343 0.169741 0.238978 0.134861 0.004184 0.440730 0.000164
0.011389 0.167897 0.238219 0.134520 0.004226 0.443582 0.000167
0.011319 0.168046 0.238301 0.134502 0.004220 0.443443 0.000170
0.011366 0.168751 0.237892 0.134579 0.004202 0.443038 0.000172
0.011412 0.167084 0.238091 0.134065 0.004199 0.444978 0.000171
0.011420 0.167745 0.237578 0.134241 0.004240 0.444606 0.000169
0.011464 0.167460 0.237379 0.134091 0.004247 0.445184 0.000174
0.011553 0.166714 0.236871 0.133907 0.004238 0.446546 0.000170
0.011590 0.165188 0.236280 0.133461 0.004215 0.449091 0.000176
0.011625 0.165174 0.235940 0.133621 0.004250 0.449210 0.000181
0.011649 0.165132 0.236017 0.133505 0.004260 0.449255 0.000181
0.011655 0.164995 0.235725 0.133232 0.004213 0.450003 0.000177
0.011666 0.165097 0.235672 0.133336 0.004230 0.449829 0.000171
0.011726 0.163978 0.235205 0.132871 0.004276 0.451767 0.000177
0.011732 0.162522 0.234473 0.132523 0.004242 0.454326 0.000182
0.011760 0.162743 0.234442 0.132684 0.004283 0.453904 0.000185
0.011794 0.162128 0.234284 0.132510 0.004297 0.454808 0.000179
0.011843 0.162511 0.234323 0.132455 0.004304 0.454390 0.000173
0.011889 0.162124 0.234279 0.132287 0.004285 0.454959 0.000176
0.011977 0.160519 0.233423 0.132047 0.004284 0.457564 0.000185
0.012034 0.160092 0.233282 0.131963 0.004285 0.458160 0.000184
0.012009 0.160208 0.233059 0.131846 0.004306 0.458400 0.000173
0.012090 0.159782 0.232874 0.131772 0.004341 0.458950 0.000192
0.012084 0.160595 0.232850 0.131741 0.004289 0.458256 0.000184
0.012149 0.158498 0.232255 0.131368 0.004335 0.461200 0.000194
0.012121 0.158988 0.232069 0.131533 0.004348 0.460751 0.000189
0.012204 0.158516 0.231908 0.131164 0.004350 0.461666 0.000192
0.012250 0.157085 0.231452 0.130941 0.004325 0.463760 0.000187
0.012323 0.157166 0.231256 0.130920 0.004320 0.463822 0.000193
0.012282 0.156993 0.231037 0.130919 0.004347 0.464225 0.000198
0.012411 0.156220 0.230718 0.130557 0.004338 0.465559 0.000198
0.012394 0.155455 0.230334 0.130238 0.004349 0.467027 0.000203
0.012439 0.154880 0.230039 0.130147 0.004357 0.467936 0.000201
0.012452 0.155371 0.229864 0.130331 0.004369 0.467413 0.000200
0.012496 0.154696 0.229627 0.130052 0.004387 0.468547 0.000196
0.012504 0.154915 0.229454 0.130084 0.004368 0.468469 0.000206
0.012641 0.155254 0.229467 0.129859 0.004380 0.468193 0.000206
0.012706 0.153948 0.228945 0.129508 0.004385 0.470300 0.000208
0.012749 0.152994 0.228577 0.129420 0.004384 0.471676 0.000200
0.012710 0.153029 0.228505 0.129275 0.004386 0.471887 0.000207
0.012753 0.152780 0.228335 0.129230 0.004394 0.472303 0.000204
0.012773 0.153369 0.228013 0.129372 0.004370 0.471902 0.000202
0.012798 0.151168 0.227395 0.128876 0.004384 0.475179 0.000200
0.012750 0.151849 0.227488 0.128938 0.004402 0.474363 0.000210
0.012751 0.151535 0.227563 0.128683 0.004430 0.474835 0.000203
0.012766 0.150430 0.226554 0.128421 0.004409 0.477218 0.000202
0.012882 0.150419 0.226416 0.128364 0.004409 0.477308 0.000202
0.012918 0.149893 0.226221 0.128258 0.004445 0.478063 0.000203
0.012855 0.149653 0.226009 0.128279 0.004426 0.478569 0.000208
0.013020 0.149466 0.225583 0.128163 0.004412 0.479153 0.000203
0.013111 0.148162 0.225151 0.127525 0.004473 0.481370 0.000208
0.013104 0.148858 0.225246 0.127544 0.004411 0.480633 0.000204
0.013162 0.147740 0.224901 0.127569 0.004462 0.481957 0.000209
0.013228 0.147752 0.224738 0.127435 0.004425 0.482212 0.000210
0.013269 0.146921 0.224202 0.127241 0.004471 0.483684 0.000212
0.013234 0.146748 0.223838 0.127031 0.004422 0.484517 0.000211
0.013316 0.145492 0.223382 0.126704 0.004444 0.486455 0.000207
0.013273 0.145956 0.223644 0.126691 0.004494 0.485732 0.000211
0.013289 0.145886 0.223446 0.126639 0.004463 0.486058 0.000219
0.013357 0.145188 0.223042 0.126422 0.004406 0.487373 0.000211
0.013347 0.145471 0.222979 0.126321 0.004448 0.487219 0.000216
0.013386 0.145292 0.222861 0.126191 0.004453 0.487599 0.000219
0.013489 0.144161 0.221846 0.125972 0.004427 0.489887 0.000218
0.013542 0.143913 0.222001 0.125953 0.004441 0.489932 0.000218
0.013590 0.143880 0.221946 0.125769 0.004489 0.490108 0.000218
0.013649 0.143495 0.221692 0.125540 0.004454 0.490949 0.000221
0.013758 0.142305 0.220842 0.125393 0.004478 0.493001 0.000222
0.013799 0.142378 0.220595 0.125267 0.004473 0.493271 0.000216
0.013775 0.141800 0.220548 0.125136 0.004514 0.494000 0.000227
0.013867 0.141479 0.220357 0.125078 0.004526 0.494467 0.000227
0.013902 0.141744 0.220329 0.124908 0.004493 0.494399 0.000226
0.014053 0.139893 0.219364 0.124396 0.004506 0.497565 0.000223
0.013948 0.140564 0.219901 0.124495 0.004528 0.496337 0.000227
0.014075 0.140278 0.219198 0.124376 0.004507 0.497341 0.000224
0.014099 0.139809 0.218904 0.124181 0.004495 0.498278 0.000233
0.014192 0.139128 0.218618 0.124242 0.004558 0.499030 0.000232
0.014171 0.139669 0.218772 0.123825 0.004494 0.498838 0.000231
0.014237 0.139311 0.218472 0.123734 0.004510 0.499516 0.000220
0.014270 0.138899 0.218202 0.123628 0.004506 0.500269 0.000227
0.014337 0.137970 0.217467 0.123193 0.004497 0.502311 0.000226
0.014266 0.137962 0.217097 0.123078 0.004519 0.502861 0.000217
0.014301 0.136990 0.217010 0.122740 0.004515 0.504216 0.000230
0.014297 0.136690 0.216591 0.122881 0.004542 0.504762 0.000236
0.014346 0.137871 0.217119 0.122947 0.004479 0.503000 0.000239
0.014321 0.137336 0.216538 0.122885 0.004511 0.504173 0.000235
0.014321 0.136209 0.215839 0.122480 0.004467 0.506447 0.000236
0.014311 0.136898 0.215945 0.122670 0.004509 0.505431 0.000236
