0.956644 0.042492 0.000538 0.000313 0.000000 0.000013 0.000000
0.915070 0.083103 0.001131 0.000668 0.000000 0.000028 0.000000
0.903814 0.094024 0.001335 0.000794 0.000000 0.000033 0.000000
0.892522 0.104976 0.001551 0.000915 0.000000 0.000037 0.000000
0.878786 0.118357 0.001776 0.001028 0.000001 0.000053 0.000000
0.866184 0.130552 0.002025 0.001179 0.000001 0.000060 0.000000
0.852075 0.144212 0.002314 0.001328 0.000002 0.000069 0.000000
0.837209 0.158586 0.002615 0.001509 0.000002 0.000079 0.000000
0.823700 0.171635 0.002901 0.001674 0.000002 0.000087 0.000000
0.809237 0.185587 0.003218 0.001861 0.000003 0.000094 0.000000
0.792891 0.201334 0.003573 0.002091 0.000003 0.000108 0.000000
0.778631 0.214932 0.003992 0.002318 0.000004 0.000124 0.000000
0.763820 0.229144 0.004351 0.002543 0.000004 0.000138 0.000000
0.748259 0.244015 0.004774 0.002793 0.000003 0.000155 0.000000
0.736189 0.255571 0.005104 0.002972 0.000004 0.000161 0.000000
0.718518 0.272409 0.005629 0.003260 0.000004 0.000180 0.000000
0.704471 0.285705 0.006130 0.003492 0.000004 0.000198 0.000000
0.689237 0.300111 0.006641 0.003789 0.000005 0.000218 0.000000
0.673897 0.314634 0.007167 0.004065 0.000005 0.000232 0.000000
0.661027 0.326708 0.007670 0.004331 0.000005 0.000258 0.000000
0.646431 0.340464 0.008196 0.004619 0.000005 0.000284 0.000000
0.631906 0.354049 0.008773 0.004963 0.000006 0.000304 0.000000
0.616342 0.368640 0.009371 0.005313 0.000006 0.000328 0.000000
0.605569 0.378596 0.009873 0.005596 0.000007 0.000358 0.000000
0.591327 0.391783 0.010507 0.005980 0.000007 0.000396 0.000000
0.574318 0.407489 0.011309 0.006448 0.000008 0.000429 0.000000
0.562690 0.418158 0.011909 0.006778 0.000008 0.000458 0.000000
0.550028 0.429791 0.012560 0.007123 0.000007 0.000490 0.000000
0.536141 0.442432 0.013336 0.007552 0.000007 0.000532 0.000000
0.524154 0.453342 0.014002 0.007928 0.000007 0.000568 0.000000
0.513549 0.462907 0.014626 0.008293 0.000008 0.000616 0.000000
0.500321 0.474853 0.015385 0.008760 0.000009 0.000672 0.000000
0.487765 0.486067 0.016192 0.009240 0.000010 0.000727 0.000000
0.475707 0.496787 0.016988 0.009726 0.000011 0.000782 0.000000
0.464335 0.506703 0.017878 0.010229 0.000012 0.000844 0.000000
0.454080 0.515740 0.018619 0.010665 0.000012 0.000884 0.000000
0.440994 0.527244 0.019612 0.011189 0.000012 0.000948 0.000000
0.432234 0.534737 0.020373 0.011626 0.000011 0.001019 0.000000
0.420439 0.544774 0.021423 0.012270 0.000012 0.001082 0.000000
0.410497 0.553170 0.022347 0.012816 0.000013 0.001157 0.000000
0.399928 0.561956 0.023421 0.013418 0.000014 0.001263 0.000000
0.388722 0.571425 0.024515 0.013979 0.000015 0.001343 0.000000
0.380055 0.578416 0.025531 0.014558 0.000016 0.001422 0.000000
0.371702 0.585177 0.026489 0.015097 0.000019 0.001515 0.000000
0.362077 0.593012 0.027552 0.015726 0.000020 0.001613 0.000000
0.353815 0.599459 0.028675 0.016314 0.000021 0.001716 0.000000
0.343579 0.607687 0.029801 0.017074 0.000022 0.001836 0.000000
0.334333 0.615045 0.030937 0.017718 0.000024 0.001944 0.000000
0.327519 0.620006 0.032033 0.018348 0.000026 0.002067 0.000001
0.319202 0.626387 0.033206 0.018987 0.000027 0.002191 0.000001
0.312266 0.631447 0.034315 0.019633 0.000028 0.002311 0.000001
0.304332 0.637238 0.035614 0.020327 0.000031 0.002457 0.000001
0.296591 0.642771 0.036908 0.021096 0.000031 0.002602 0.000001
0.289838 0.647431 0.038164 0.021782 0.000035 0.002750 0.000001
0.282647 0.652676 0.039308 0.022422 0.000035 0.002912 0.000001
0.275920 0.657358 0.040461 0.023164 0.000036 0.003060 0.000001
0.270286 0.660713 0.041785 0.023918 0.000041 0.003257 0.000001
0.264490 0.664179 0.043204 0.024638 0.000041 0.003449 0.000001
0.257076 0.669213 0.044589 0.025453 0.000045 0.003623 0.000001
0.255765 0.668692 0.045644 0.026068 0.000045 0.003786 0.000001
0.251506 0.670946 0.046813 0.026743 0.000049 0.003943 0.000000
0.244701 0.675397 0.048164 0.027542 0.000053 0.004143 0.000001
0.241272 0.676564 0.049526 0.028246 0.000050 0.004340 0.000001
0.237004 0.678631 0.050827 0.028954 0.000053 0.004529 0.000001
0.234835 0.678416 0.052206 0.029734 0.000057 0.004752 0.000001
0.231102 0.680164 0.053287 0.030436 0.000059 0.004951 0.000001
0.227699 0.681253 0.054652 0.031150 0.000060 0.005185 0.000001
0.224830 0.682064 0.055770 0.031834 0.000064 0.005438 0.000000
0.221433 0.683184 0.057138 0.032502 0.000066 0.005677 0.000001
0.217326 0.685170 0.058355 0.033185 0.000069 0.005894 0.000001
0.213431 0.686331 0.059932 0.034060 0.000073 0.006172 0.000001
0.206523 0.690411 0.061526 0.035006 0.000076 0.006457 0.000000
0.203592 0.690891 0.062924 0.035777 0.000079 0.006736 0.000001
0.200277 0.692614 0.063768 0.036364 0.000080 0.006896 0.000001
0.197573 0.692670 0.065353 0.037117 0.000086 0.007200 0.000001
0.194084 0.693994 0.066575 0.037793 0.000090 0.007464 0.000000
0.185288 0.699121 0.068650 0.039016 0.000097 0.007828 0.000001
0.185420 0.697919 0.069158 0.039364 0.000099 0.008040 0.000001
0.176085 0.703045 0.071540 0.040766 0.000108 0.008455 0.000000
0.170451 0.706375 0.072840 0.041460 0.000108 0.008765 0.000001
0.168501 0.705697 0.074285 0.042298 0.000113 0.009106 0.000001
0.158940 0.711178 0.076580 0.043612 0.000122 0.009568 0.000001
0.155944 0.710937 0.078416 0.044601 0.000124 0.009976 0.000001
0.155132 0.710064 0.079262 0.045169 0.000126 0.010246 0.000001
0.153172 0.709764 0.080603 0.045794 0.000133 0.010534 0.000001
0.147368 0.711783 0.082712 0.046989 0.000136 0.011012 0.000001
0.145029 0.711788 0.083862 0.047860 0.000139 0.011321 0.000001
0.143209 0.711115 0.085251 0.048551 0.000140 0.011733 0.000001
0.137412 0.713242 0.087330 0.049681 0.000150 0.012183 0.000001
0.138768 0.709784 0.088510 0.050280 0.000152 0.012506 0.000001
0.138972 0.707780 0.089410 0.050846 0.000157 0.012834 0.000001
0.131742 0.710235 0.091964 0.052419 0.000163 0.013475 0.000001
0.131405 0.708234 0.093329 0.053007 0.000170 0.013854 0.000001
0.131452 0.706219 0.094185 0.053766 0.000169 0.014208 0.000001
0.126532 0.706768 0.096662 0.055080 0.000174 0.014783 0.000001
0.125090 0.706112 0.097733 0.055712 0.000177 0.015176 0.000001
0.124703 0.704535 0.098739 0.056282 0.000186 0.015554 0.000001
0.120592 0.705476 0.100507 0.057214 0.000189 0.016021 0.000001
0.120394 0.703430 0.101672 0.057853 0.000202 0.016447 0.000001
0.118395 0.702707 0.103143 0.058722 0.000204 0.016828 0.000000
0.119139 0.699817 0.104219 0.059352 0.000208 0.017264 0.000001
0.113511 0.702113 0.106100 0.060311 0.000220 0.017744 0.000001
0.111987 0.700732 0.107580 0.061195 0.000230 0.018277 0.000001
0.110006 0.700354 0.108866 0.061918 0.000233 0.018622 0.000001
0.106280 0.700886 0.110514 0.062860 0.000236 0.019223 0.000001
0.104954 0.698598 0.112267 0.064033 0.000247 0.019900 0.000001
0.102924 0.697978 0.113552 0.064879 0.000254 0.020413 0.000001
0.098728 0.698737 0.115381 0.065917 0.000257 0.020980 0.000001
0.098763 0.696626 0.116437 0.066388 0.000265 0.021519 0.000001
0.096236 0.695694 0.118290 0.067444 0.000267 0.022068 0.000001
0.092649 0.695868 0.120026 0.068491 0.000275 0.022690 0.000002
0.092502 0.693196 0.121333 0.069366 0.000285 0.023316 0.000001
0.091513 0.692144 0.122444 0.069965 0.000288 0.023645 0.000001
0.090912 0.690688 0.123402 0.070501 0.000285 0.024211 0.000001
0.090622 0.688146 0.124913 0.071225 0.000298 0.024794 0.000001
0.086289 0.688905 0.126701 0.072363 0.000315 0.025426 0.000002
0.083076 0.688829 0.128490 0.073285 0.000311 0.026008 0.000002
0.081488 0.687682 0.129894 0.074030 0.000327 0.026576 0.000002
0.080261 0.685898 0.131367 0.074950 0.000338 0.027184 0.000002
0.078808 0.684586 0.132794 0.075686 0.000345 0.027779 0.000001
0.075793 0.684595 0.134341 0.076471 0.000359 0.028440 0.000002
0.073251 0.684006 0.135914 0.077429 0.000367 0.029031 0.000002
0.071774 0.682579 0.137231 0.078376 0.000367 0.029671 0.000002
0.067570 0.683454 0.139045 0.079158 0.000373 0.030399 0.000001
0.065212 0.681486 0.141229 0.080397 0.000386 0.031288 0.000001
0.065936 0.680117 0.141453 0.080539 0.000388 0.031565 0.000002
0.060235 0.680720 0.144044 0.082047 0.000401 0.032552 0.000002
0.062255 0.676892 0.144835 0.082484 0.000411 0.033122 0.000002
0.059609 0.675894 0.146466 0.083541 0.000418 0.034070 0.000002
0.057782 0.674484 0.147994 0.084557 0.000438 0.034745 0.000002
0.054779 0.674306 0.149691 0.085400 0.000436 0.035386 0.000002
0.054481 0.672421 0.150691 0.086035 0.000439 0.035930 0.000003
0.050342 0.671886 0.153039 0.087279 0.000454 0.036997 0.000002
0.050548 0.670258 0.153592 0.087714 0.000453 0.037432 0.000002
0.048159 0.668054 0.155830 0.089053 0.000457 0.038444 0.000003
0.047155 0.666137 0.157264 0.089789 0.000475 0.039177 0.000003
0.047360 0.664418 0.157855 0.090147 0.000483 0.039736 0.000003
0.046383 0.662778 0.159127 0.090785 0.000484 0.040441 0.000002
0.046813 0.658773 0.161016 0.091599 0.000502 0.041293 0.000004
0.046502 0.657591 0.161614 0.092020 0.000510 0.041760 0.000003
0.046421 0.654176 0.163217 0.092945 0.000519 0.042718 0.000003
0.045835 0.651900 0.164613 0.093643 0.000529 0.043476 0.000004
0.044588 0.650675 0.165679 0.094401 0.000537 0.044116 0.000004
0.044131 0.648164 0.166996 0.095126 0.000545 0.045033 0.000004
0.044398 0.645244 0.168238 0.095774 0.000554 0.045789 0.000003
0.048717 0.640619 0.168234 0.095763 0.000561 0.046103 0.000004
0.052356 0.636359 0.168211 0.095892 0.000562 0.046616 0.000004
0.054680 0.631721 0.169305 0.096444 0.000575 0.047271 0.000004
0.053863 0.629672 0.170596 0.097164 0.000589 0.048111 0.000004
0.059889 0.623914 0.170310 0.096904 0.000586 0.048393 0.000004
0.058642 0.622681 0.171283 0.097612 0.000598 0.049180 0.000004
0.058716 0.620936 0.172035 0.097935 0.000601 0.049773 0.000004
0.061567 0.615947 0.172982 0.098294 0.000611 0.050596 0.000004
0.057665 0.617023 0.174252 0.099127 0.000618 0.051311 0.000004
0.061871 0.611856 0.174481 0.099289 0.000623 0.051876 0.000004
0.059118 0.612552 0.175368 0.099827 0.000629 0.052503 0.000004
0.057585 0.610636 0.176914 0.100574 0.000645 0.053642 0.000004
0.058547 0.609312 0.176865 0.100675 0.000654 0.053941 0.000004
0.057061 0.607050 0.178658 0.101455 0.000671 0.055100 0.000004
0.058296 0.606747 0.177981 0.101105 0.000658 0.055209 0.000004
0.054104 0.606591 0.180056 0.102278 0.000678 0.056287 0.000004
0.051051 0.606047 0.181608 0.103278 0.000699 0.057312 0.000005
0.048592 0.606485 0.182452 0.103775 0.000700 0.057991 0.000005
0.045888 0.605216 0.184310 0.104719 0.000716 0.059146 0.000005
0.045679 0.603558 0.185116 0.105078 0.000725 0.059839 0.000004
0.041952 0.603330 0.186885 0.106237 0.000725 0.060865 0.000006
0.042527 0.602375 0.186950 0.106126 0.000737 0.061280 0.000006
0.036165 0.601984 0.190271 0.107927 0.000759 0.062888 0.000006
0.035226 0.599916 0.191446 0.108684 0.000780 0.063942 0.000005
0.034472 0.598738 0.192217 0.109175 0.000789 0.064604 0.000005
0.032906 0.596684 0.193839 0.109954 0.000793 0.065818 0.000007
0.032366 0.595481 0.194376 0.110451 0.000802 0.066517 0.000007
0.031380 0.593285 0.195801 0.111088 0.000830 0.067609 0.000007
0.029173 0.591801 0.197549 0.111972 0.000831 0.068669 0.000005
0.028310 0.591108 0.198250 0.112245 0.000827 0.069253 0.000007
0.027419 0.589085 0.199353 0.112955 0.000857 0.070327 0.000006
0.026313 0.586584 0.200881 0.113994 0.000854 0.071368 0.000005
0.024808 0.584087 0.202524 0.115011 0.000884 0.072679 0.000006
0.024598 0.582834 0.202981 0.115245 0.000885 0.073451 0.000007
0.024032 0.581164 0.203855 0.115738 0.000887 0.074317 0.000007
0.023036 0.578611 0.205338 0.116586 0.000910 0.075513 0.000006
0.023098 0.578226 0.205427 0.116618 0.000902 0.075721 0.000008
0.022368 0.574682 0.207133 0.117486 0.000917 0.077407 0.000008
0.021670 0.573324 0.207859 0.118098 0.000933 0.078109 0.000008
0.021391 0.570606 0.209169 0.118613 0.000941 0.079271 0.000008
0.020895 0.568182 0.210287 0.119388 0.000953 0.080286 0.000009
0.020513 0.567288 0.210626 0.119634 0.000974 0.080957 0.000008
0.020304 0.564944 0.211701 0.120126 0.000972 0.081944 0.000009
0.019596 0.562421 0.213035 0.120789 0.000977 0.083174 0.000009
0.019622 0.561789 0.213144 0.120904 0.000993 0.083540 0.000009
0.019172 0.559079 0.214171 0.121762 0.001001 0.084808 0.000008
0.018884 0.557610 0.215048 0.122070 0.000995 0.085386 0.000007
0.018313 0.554293 0.216378 0.122891 0.001027 0.087091 0.000007
0.018286 0.552413 0.217211 0.123227 0.001031 0.087824 0.000008
0.017920 0.549434 0.218362 0.123880 0.001066 0.089331 0.000008
0.017599 0.547302 0.219426 0.124350 0.001058 0.090255 0.000010
0.017749 0.545511 0.219924 0.124689 0.001058 0.091061 0.000009
0.017099 0.543121 0.221155 0.125517 0.001085 0.092014 0.000009
0.017056 0.541947 0.221574 0.125566 0.001097 0.092750 0.000009
0.016816 0.539931 0.222152 0.126256 0.001099 0.093738 0.000009
0.016990 0.537550 0.223095 0.126378 0.001105 0.094874 0.000009
0.016787 0.536090 0.223637 0.126834 0.001122 0.095520 0.000010
0.016347 0.532638 0.225073 0.127657 0.001126 0.097150 0.000009
0.016469 0.531997 0.224999 0.127733 0.001131 0.097660 0.000011
0.016169 0.529063 0.226401 0.128193 0.001138 0.099026 0.000011
0.016064 0.527439 0.226908 0.128691 0.001142 0.099746 0.000010
0.016332 0.527025 0.226554 0.128545 0.001145 0.100389 0.000011
0.015690 0.523135 0.228318 0.129567 0.001162 0.102116 0.000011
0.015679 0.521224 0.228912 0.129939 0.001196 0.103039 0.000011
0.015809 0.520742 0.228954 0.129948 0.001189 0.103346 0.000011
0.015487 0.517004 0.230304 0.130863 0.001195 0.105136 0.000010
0.015498 0.516026 0.230656 0.130884 0.001207 0.105720 0.000009
0.015194 0.514240 0.231451 0.131268 0.001213 0.106625 0.000010
0.015257 0.512472 0.231734 0.131516 0.001232 0.107779 0.000011
0.015170 0.510333 0.232397 0.131998 0.001252 0.108838 0.000012
0.015009 0.508492 0.233135 0.132422 0.001255 0.109676 0.000012
0.014928 0.506962 0.233755 0.132616 0.001251 0.110478 0.000010
0.014800 0.504370 0.234579 0.133057 0.001286 0.111895 0.000013
0.014820 0.502593 0.235008 0.133577 0.001278 0.112711 0.000012
0.016634 0.500192 0.235004 0.133355 0.001310 0.113494 0.000013
0.019386 0.497465 0.234578 0.133217 0.001320 0.114022 0.000012
0.020506 0.495167 0.235022 0.133370 0.001319 0.114604 0.000012
0.020939 0.491295 0.236076 0.134108 0.001347 0.116222 0.000013
0.023950 0.490110 0.234781 0.133605 0.001319 0.116224 0.000011
0.025992 0.487472 0.235025 0.133366 0.001329 0.116801 0.000014
0.028899 0.484859 0.234228 0.133222 0.001348 0.117432 0.000013
0.032185 0.482318 0.233840 0.132679 0.001344 0.117619 0.000015
0.028960 0.480456 0.235792 0.133955 0.001386 0.119436 0.000015
0.033059 0.478331 0.234487 0.133240 0.001370 0.119497 0.000016
0.030748 0.476851 0.235858 0.134071 0.001389 0.121070 0.000014
0.032941 0.475428 0.235176 0.133822 0.001387 0.121232 0.000014
0.033305 0.473997 0.235377 0.133729 0.001391 0.122184 0.000016
0.029275 0.474102 0.237048 0.134605 0.001406 0.123549 0.000015
0.032335 0.471799 0.236283 0.134175 0.001426 0.123967 0.000015
0.030216 0.471036 0.237269 0.134858 0.001444 0.125162 0.000015
0.029668 0.470629 0.237534 0.134824 0.001440 0.125891 0.000015
0.028826 0.468948 0.238356 0.135241 0.001454 0.127159 0.000016
0.025833 0.468302 0.239601 0.135886 0.001474 0.128887 0.000016
0.026298 0.468223 0.239352 0.135763 0.001471 0.128878 0.000015
0.025240 0.466048 0.240179 0.136441 0.001483 0.130593 0.000016
0.025224 0.464789 0.240451 0.136480 0.001498 0.131543 0.000016
0.023651 0.464711 0.241203 0.136839 0.001489 0.132090 0.000017
0.022472 0.462422 0.242087 0.137533 0.001523 0.133946 0.000017
0.021392 0.460495 0.243139 0.138147 0.001549 0.135260 0.000017
0.019208 0.459561 0.244190 0.138861 0.001559 0.136604 0.000017
0.019703 0.458027 0.244480 0.138679 0.001583 0.137511 0.000018
0.017973 0.456270 0.245697 0.139559 0.001588 0.138894 0.000018
0.018179 0.454889 0.245851 0.139579 0.001597 0.139885 0.000020
0.017796 0.453750 0.246191 0.139921 0.001610 0.140713 0.000018
0.017663 0.451654 0.246621 0.140140 0.001617 0.142288 0.000018
0.017106 0.451212 0.247075 0.140360 0.001637 0.142593 0.000017
0.016309 0.448216 0.248225 0.141098 0.001669 0.144464 0.000020
0.016132 0.446483 0.248749 0.141476 0.001676 0.145462 0.000021
0.015942 0.446099 0.248810 0.141343 0.001662 0.146125 0.000019
0.015031 0.444091 0.249669 0.142160 0.001697 0.147331 0.000021
0.015240 0.441934 0.250126 0.142127 0.001714 0.148836 0.000022
0.014807 0.440548 0.250626 0.142511 0.001715 0.149770 0.000022
0.014790 0.439880 0.250691 0.142468 0.001723 0.150427 0.000020
0.014579 0.437234 0.251484 0.142921 0.001754 0.152006 0.000020
0.014436 0.434476 0.252372 0.143374 0.001763 0.153557 0.000021
0.014122 0.434862 0.252040 0.143373 0.001760 0.153821 0.000021
0.014088 0.432838 0.252685 0.143667 0.001765 0.154935 0.000022
0.013338 0.429205 0.253889 0.144478 0.001781 0.157287 0.000022
0.013722 0.429929 0.253421 0.144172 0.001780 0.156953 0.000024
0.013879 0.428451 0.253409 0.144196 0.001801 0.158240 0.000024
0.013370 0.425537 0.254543 0.144833 0.001813 0.159882 0.000023
0.013212 0.423724 0.254906 0.144968 0.001832 0.161334 0.000025
0.013234 0.422042 0.255303 0.145065 0.001846 0.162486 0.000024
0.013135 0.421682 0.255348 0.145359 0.001854 0.162599 0.000023
0.012926 0.419046 0.256183 0.145533 0.001875 0.164414 0.000023
0.012845 0.417094 0.256614 0.146051 0.001885 0.165485 0.000026
0.012812 0.415163 0.257051 0.146285 0.001903 0.166760 0.000025
0.012668 0.414638 0.257187 0.146191 0.001888 0.167404 0.000024
0.012734 0.413110 0.257493 0.146351 0.001885 0.168401 0.000027
0.012458 0.410966 0.257840 0.146667 0.001926 0.170116 0.000026
0.012555 0.410105 0.257998 0.146697 0.001948 0.170672 0.000026
0.012654 0.409072 0.257977 0.146884 0.001960 0.171426 0.000028
0.012534 0.406918 0.258577 0.146950 0.001956 0.173037 0.000028
0.012495 0.405473 0.258917 0.147206 0.001964 0.173917 0.000027
0.012335 0.403152 0.259495 0.147506 0.001957 0.175528 0.000027
0.012434 0.402495 0.259414 0.147698 0.001980 0.175949 0.000031
0.012494 0.401952 0.259334 0.147598 0.001979 0.176612 0.000029
0.012444 0.399894 0.259844 0.147874 0.001992 0.177924 0.000028
0.012389 0.398671 0.260067 0.147830 0.001995 0.179017 0.000031
0.012264 0.396887 0.260526 0.148014 0.002013 0.180268 0.000028
0.012323 0.395348 0.260537 0.148390 0.002016 0.181357 0.000030
0.012083 0.392934 0.261090 0.148739 0.002044 0.183077 0.000033
0.012281 0.392691 0.261070 0.148493 0.002056 0.183380 0.000030
0.012032 0.390222 0.261537 0.149012 0.002073 0.185092 0.000032
0.012127 0.388542 0.261866 0.149082 0.002114 0.186239 0.000030
0.012085 0.387754 0.262264 0.149109 0.002101 0.186655 0.000032
0.012085 0.386070 0.262192 0.149323 0.002121 0.188179 0.000031
0.011984 0.384947 0.262592 0.149302 0.002128 0.189018 0.000030
0.012050 0.382861 0.262862 0.149603 0.002141 0.190452 0.000031
0.012056 0.382800 0.262765 0.149426 0.002134 0.190788 0.000031
0.012094 0.380775 0.263100 0.149649 0.002131 0.192221 0.000030
0.012000 0.379185 0.263234 0.149735 0.002161 0.193654 0.000032
0.011998 0.378288 0.263262 0.149900 0.002158 0.194359 0.000035
0.011949 0.375336 0.264006 0.150276 0.002180 0.196222 0.000032
0.011839 0.374218 0.264089 0.150533 0.002188 0.197098 0.000035
0.011899 0.374118 0.263857 0.150374 0.002216 0.197501 0.000035
0.011987 0.372502 0.264212 0.150139 0.002226 0.198897 0.000036
0.011923 0.370681 0.264540 0.150478 0.002247 0.200098 0.000033
0.011882 0.369970 0.264331 0.150661 0.002257 0.200866 0.000033
0.011844 0.368270 0.264845 0.150556 0.002274 0.202180 0.000031
0.011821 0.366178 0.265085 0.150740 0.002306 0.203833 0.000038
0.011732 0.364466 0.265618 0.150946 0.002332 0.204869 0.000038
0.011851 0.364047 0.265264 0.150908 0.002318 0.205574 0.000039
0.011795 0.361896 0.265653 0.151162 0.002332 0.207122 0.000039
0.011764 0.360616 0.265864 0.151331 0.002328 0.208058 0.000040
0.011797 0.359436 0.266109 0.151326 0.002350 0.208946 0.000035
0.011823 0.359100 0.265818 0.151135 0.002368 0.209720 0.000035
0.011768 0.357387 0.266003 0.151366 0.002370 0.211068 0.000038
0.011804 0.355923 0.266363 0.151494 0.002375 0.212001 0.000040
0.011712 0.354172 0.266671 0.151687 0.002401 0.213319 0.000039
0.011864 0.354469 0.266371 0.151543 0.002370 0.213346 0.000038
0.011918 0.352321 0.266698 0.151739 0.002401 0.214883 0.000040
0.011846 0.351426 0.266501 0.151810 0.002405 0.215972 0.000040
0.011828 0.348579 0.267110 0.152110 0.002482 0.217850 0.000041
0.011923 0.348468 0.266792 0.151937 0.002445 0.218391 0.000042
0.011860 0.347573 0.266936 0.151935 0.002439 0.219213 0.000042
0.011760 0.345877 0.267212 0.152025 0.002455 0.220632 0.000040
0.011873 0.343500 0.267539 0.152226 0.002497 0.222323 0.000043
0.011806 0.343061 0.267567 0.152180 0.002510 0.222833 0.000044
0.011815 0.342973 0.267443 0.152087 0.002470 0.223171 0.000041
0.011882 0.341371 0.267601 0.151984 0.002498 0.224620 0.000045
0.011805 0.339587 0.267887 0.152242 0.002534 0.225906 0.000040
0.011843 0.338325 0.268120 0.152295 0.002526 0.226847 0.000045
0.011707 0.337323 0.267837 0.152451 0.002524 0.228110 0.000048
0.011937 0.335759 0.267982 0.152303 0.002559 0.229413 0.000048
0.011932 0.334999 0.267654 0.152411 0.002561 0.230395 0.000047
0.011921 0.334295 0.267876 0.152327 0.002569 0.230965 0.000048
0.011891 0.333336 0.268003 0.152384 0.002560 0.231777 0.000049
0.011868 0.331384 0.268492 0.152504 0.002579 0.233123 0.000050
0.011875 0.330264 0.268253 0.152491 0.002606 0.234464 0.000048
0.011853 0.329949 0.268365 0.152312 0.002589 0.234881 0.000051
0.011843 0.327273 0.268465 0.152817 0.002618 0.236931 0.000052
0.011781 0.327154 0.268501 0.152530 0.002627 0.237359 0.000048
0.011654 0.325222 0.268875 0.152704 0.002660 0.238833 0.000052
0.011811 0.324811 0.268706 0.152562 0.002658 0.239407 0.000045
0.011815 0.323597 0.268658 0.152673 0.002650 0.240556 0.000051
0.011883 0.323110 0.268410 0.152841 0.002652 0.241054 0.000051
0.011816 0.321770 0.268342 0.152728 0.002651 0.242641 0.000052
0.011861 0.318928 0.268909 0.152943 0.002677 0.244628 0.000053
0.011913 0.318185 0.268631 0.153073 0.002702 0.245443 0.000054
0.011859 0.317332 0.268890 0.152911 0.002716 0.246240 0.000053
0.011902 0.316783 0.268544 0.152901 0.002729 0.247086 0.000054
0.011968 0.315584 0.268789 0.152909 0.002743 0.247952 0.000054
0.011934 0.313625 0.268889 0.152983 0.002749 0.249767 0.000053
0.011871 0.312509 0.268846 0.152997 0.002766 0.250958 0.000053
0.011918 0.311890 0.268774 0.152849 0.002748 0.251763 0.000058
0.011925 0.311030 0.268685 0.152910 0.002776 0.252617 0.000056
0.012028 0.310606 0.268509 0.152730 0.002779 0.253291 0.000057
0.012020 0.308833 0.268700 0.152773 0.002784 0.254833 0.000058
0.011999 0.307904 0.268736 0.152912 0.002831 0.255559 0.000059
0.011989 0.306388 0.268794 0.152928 0.002809 0.257034 0.000058
0.012061 0.305442 0.268645 0.152959 0.002821 0.258015 0.000057
0.012134 0.303302 0.268745 0.152875 0.002837 0.260055 0.000053
0.012056 0.302226 0.268903 0.152900 0.002865 0.260992 0.000058
0.012143 0.303056 0.268759 0.152595 0.002845 0.260541 0.000060
0.012011 0.301141 0.268791 0.152854 0.002849 0.262296 0.000058
0.012045 0.299964 0.269091 0.152687 0.002856 0.263299 0.000059
0.012078 0.298795 0.268834 0.152542 0.002882 0.264807 0.000062
0.012038 0.298030 0.268731 0.152698 0.002920 0.265521 0.000062
0.012056 0.296629 0.268951 0.152708 0.002904 0.266688 0.000064
0.012106 0.295695 0.268815 0.152691 0.002879 0.267752 0.000063
0.012186 0.294913 0.268934 0.152719 0.002894 0.268290 0.000064
0.012161 0.294159 0.268835 0.152829 0.002907 0.269047 0.000063
0.012191 0.292932 0.268721 0.152703 0.002906 0.270485 0.000060
0.012178 0.291946 0.268403 0.152634 0.002967 0.271812 0.000060
0.012137 0.291185 0.268588 0.152643 0.002926 0.272456 0.000066
0.012142 0.290009 0.268653 0.152636 0.002937 0.273554 0.000068
0.012068 0.288243 0.268456 0.152673 0.002980 0.275513 0.000067
0.012241 0.288158 0.268217 0.152545 0.002960 0.275813 0.000067
0.012288 0.286485 0.268457 0.152632 0.002987 0.277082 0.000070
0.017196 0.285118 0.266640 0.151696 0.002964 0.276316 0.000071
0.022014 0.282874 0.264906 0.150786 0.002984 0.276369 0.000068
0.018170 0.282545 0.266117 0.151495 0.002993 0.278610 0.000070
0.022280 0.282250 0.264531 0.150387 0.002991 0.277495 0.000067
0.019871 0.281827 0.265241 0.150816 0.003009 0.279166 0.000069
0.019230 0.280761 0.265467 0.150938 0.003009 0.280528 0.000067
0.019708 0.279857 0.265155 0.150784 0.003044 0.281384 0.000067
0.019438 0.279228 0.265039 0.150719 0.003028 0.282477 0.000071
0.020489 0.278592 0.264340 0.150306 0.003053 0.283156 0.000065
0.017243 0.277894 0.265447 0.151039 0.003039 0.285266 0.000072
0.018161 0.277229 0.264895 0.150842 0.003071 0.285735 0.000067
0.017915 0.275415 0.265170 0.150709 0.003083 0.287635 0.000071
0.018915 0.277595 0.264261 0.150122 0.003023 0.286010 0.000074
0.018015 0.275461 0.264202 0.150500 0.003070 0.288679 0.000072
0.016972 0.275212 0.264674 0.150572 0.003073 0.289424 0.000073
0.016583 0.273935 0.264869 0.150397 0.003091 0.291052 0.000074
0.016509 0.273355 0.264796 0.150335 0.003150 0.291785 0.000068
0.016299 0.272776 0.264442 0.150525 0.003134 0.292751 0.000074
0.015840 0.271148 0.264670 0.150464 0.003159 0.294643 0.000076
0.015837 0.270966 0.264310 0.150409 0.003162 0.295240 0.000077
0.015442 0.269062 0.264493 0.150576 0.003204 0.297147 0.000076
0.014598 0.268123 0.264958 0.150733 0.003202 0.298309 0.000077
0.014358 0.267387 0.264830 0.150901 0.003194 0.299249 0.000079
0.014299 0.266788 0.265101 0.150483 0.003201 0.300054 0.000074
0.014242 0.266314 0.264748 0.150605 0.003222 0.300794 0.000075
0.013833 0.263967 0.265063 0.150813 0.003236 0.303006 0.000082
0.014362 0.264782 0.264457 0.150288 0.003243 0.302790 0.000079
0.013786 0.262064 0.265029 0.150811 0.003253 0.304980 0.000078
0.013847 0.261968 0.264724 0.150456 0.003259 0.305669 0.000077
0.013800 0.262082 0.264585 0.150598 0.003232 0.305621 0.000081
0.013543 0.260247 0.264650 0.150513 0.003269 0.307697 0.000081
0.013461 0.258450 0.264546 0.150579 0.003295 0.309591 0.000077
0.013768 0.258864 0.264055 0.150118 0.003304 0.309808 0.000082
0.013294 0.256753 0.264785 0.150383 0.003295 0.311405 0.000084
0.013109 0.254929 0.264928 0.150732 0.003329 0.312890 0.000084
0.013467 0.255696 0.264127 0.150075 0.003351 0.313199 0.000085
0.013384 0.254854 0.264231 0.150025 0.003313 0.314109 0.000085
0.013110 0.252959 0.264187 0.150335 0.003379 0.315946 0.000083
0.013050 0.251582 0.264401 0.150487 0.003366 0.317029 0.000086
0.013331 0.252309 0.263781 0.150101 0.003375 0.317018 0.000084
0.013266 0.251949 0.263648 0.149818 0.003371 0.317863 0.000086
0.013249 0.250784 0.263722 0.149756 0.003382 0.319027 0.000080
0.013195 0.249578 0.263542 0.149939 0.003392 0.320268 0.000085
0.013213 0.247824 0.263396 0.149758 0.003437 0.322290 0.000082
0.013025 0.247599 0.263310 0.149749 0.003457 0.322772 0.000087
0.013290 0.247725 0.262928 0.149660 0.003452 0.322856 0.000090
0.013142 0.245585 0.262812 0.149644 0.003474 0.325257 0.000086
0.013270 0.245245 0.262719 0.149440 0.003487 0.325751 0.000087
0.013200 0.243618 0.262875 0.149453 0.003465 0.327296 0.000093
0.013174 0.242775 0.262597 0.149478 0.003488 0.328394 0.000094
0.013205 0.241930 0.262601 0.149301 0.003523 0.329345 0.000095
0.013342 0.242176 0.261807 0.148995 0.003512 0.330076 0.000093
0.013225 0.240871 0.261973 0.149021 0.003540 0.331277 0.000093
0.013180 0.240302 0.262012 0.148929 0.003506 0.331975 0.000097
0.013118 0.238428 0.262082 0.149018 0.003528 0.333733 0.000093
0.013270 0.238858 0.261716 0.148765 0.003516 0.333782 0.000095
0.013211 0.237486 0.261533 0.148905 0.003534 0.335236 0.000095
0.013383 0.236813 0.261349 0.148914 0.003548 0.335896 0.000098
0.013389 0.235844 0.261363 0.148730 0.003552 0.337026 0.000098
0.013336 0.234935 0.261226 0.148488 0.003577 0.338340 0.000098
0.013345 0.233418 0.261189 0.148517 0.003589 0.339845 0.000095
0.013443 0.233926 0.260941 0.148511 0.003580 0.339498 0.000101
0.013375 0.232297 0.260717 0.148441 0.003605 0.341463 0.000102
0.013513 0.232315 0.260479 0.148216 0.003607 0.341777 0.000093
0.013492 0.231590 0.260298 0.148076 0.003579 0.342869 0.000097
0.013472 0.230362 0.260425 0.148270 0.003584 0.343789 0.000098
0.013429 0.228489 0.260014 0.148265 0.003650 0.346051 0.000102
0.013541 0.227950 0.259790 0.148002 0.003623 0.346995 0.000099
0.013490 0.228089 0.260022 0.147913 0.003649 0.346737 0.000101
0.013451 0.227033 0.260043 0.147716 0.003616 0.348032 0.000109
0.013595 0.226204 0.259542 0.147633 0.003643 0.349279 0.000103
0.013607 0.225858 0.259476 0.147867 0.003670 0.349417 0.000106
0.013657 0.225035 0.259150 0.147473 0.003655 0.350920 0.000110
0.013732 0.223999 0.258865 0.147417 0.003671 0.352213 0.000103
0.013623 0.223741 0.258604 0.147434 0.003697 0.352798 0.000102
0.013787 0.223623 0.258462 0.147286 0.003691 0.353042 0.000109
0.013794 0.223028 0.258033 0.147144 0.003710 0.354187 0.000102
0.013649 0.222121 0.257865 0.147034 0.003737 0.355491 0.000103
0.013808 0.221276 0.258050 0.146754 0.003734 0.356270 0.000108
0.013909 0.220195 0.257214 0.146560 0.003743 0.358274 0.000104
0.013848 0.220171 0.257452 0.146470 0.003720 0.358229 0.000110
0.014005 0.219536 0.257429 0.146439 0.003707 0.358782 0.000101
0.013948 0.217838 0.256962 0.146461 0.003734 0.360946 0.000111
0.014012 0.217673 0.256654 0.146326 0.003757 0.361477 0.000102
0.013954 0.216694 0.256667 0.146169 0.003738 0.362668 0.000110
0.014012 0.216292 0.256222 0.146315 0.003761 0.363291 0.000107
0.014116 0.215380 0.256401 0.146095 0.003815 0.364078 0.000114
0.013990 0.215262 0.255731 0.145883 0.003785 0.365236 0.000111
0.014203 0.214074 0.255900 0.145861 0.003786 0.366069 0.000107
0.014155 0.213103 0.255538 0.145668 0.003804 0.367623 0.000110
0.014081 0.212240 0.255410 0.145650 0.003806 0.368702 0.000111
0.014206 0.211867 0.255227 0.145396 0.003837 0.369358 0.000110
0.014156 0.210520 0.255035 0.145399 0.003825 0.370949 0.000116
0.014084 0.209972 0.255165 0.144968 0.003859 0.371843 0.000108
0.014238 0.210085 0.255011 0.144825 0.003851 0.371875 0.000113
0.014142 0.208469 0.254549 0.145040 0.003860 0.373825 0.000115
0.014281 0.208192 0.254282 0.144885 0.003866 0.374382 0.000111
0.014307 0.208371 0.253997 0.144454 0.003878 0.374879 0.000114
0.014294 0.206895 0.254126 0.144610 0.003886 0.376069 0.000119
0.014226 0.206633 0.253824 0.144348 0.003852 0.377004 0.000113
0.014343 0.205702 0.253354 0.144327 0.003863 0.378299 0.000113
0.014465 0.205553 0.253282 0.144038 0.003895 0.378650 0.000116
0.014449 0.204834 0.253162 0.144057 0.003928 0.379449 0.000121
0.014445 0.204822 0.252791 0.143942 0.003908 0.379970 0.000122
0.014590 0.203859 0.252752 0.143574 0.003935 0.381169 0.000122
0.014590 0.202868 0.252360 0.143875 0.003935 0.382256 0.000116
0.014600 0.202416 0.252077 0.143569 0.003934 0.383287 0.000119
0.014631 0.201739 0.252176 0.143368 0.003940 0.384029 0.000118
0.014597 0.201158 0.251933 0.143251 0.003935 0.385002 0.000125
0.014626 0.199761 0.251563 0.143105 0.003976 0.386853 0.000117
0.014738 0.199332 0.251263 0.143120 0.003991 0.387433 0.000123
0.014682 0.199450 0.251085 0.142987 0.003978 0.387690 0.000129
0.014713 0.199468 0.250874 0.142931 0.003987 0.387896 0.000130
0.014799 0.198671 0.250595 0.142664 0.004007 0.389136 0.000127
0.014849 0.197783 0.250421 0.142553 0.004008 0.390265 0.000121
0.014808 0.197228 0.250422 0.142627 0.004019 0.390773 0.000123
0.014853 0.195773 0.250153 0.142295 0.004035 0.392769 0.000122
0.014993 0.195264 0.249716 0.142195 0.004048 0.393660 0.000123
0.015024 0.195089 0.249476 0.142195 0.004038 0.394049 0.000129
0.014994 0.193971 0.249188 0.142064 0.004042 0.395610 0.000131
0.015065 0.192948 0.248933 0.141975 0.004055 0.396896 0.000128
0.015028 0.191954 0.249002 0.141870 0.004070 0.397950 0.000127
0.015074 0.192825 0.248757 0.141626 0.004057 0.397532 0.000129
0.015124 0.192523 0.248330 0.141530 0.004068 0.398291 0.000132
0.015119 0.191813 0.248362 0.141186 0.004118 0.399273 0.000128
0.015191 0.190885 0.248239 0.141167 0.004070 0.400311 0.000136
0.015178 0.189418 0.247743 0.140978 0.004111 0.402443 0.000128
0.015289 0.189208 0.247658 0.140909 0.004095 0.402710 0.000131
0.015212 0.188986 0.247223 0.140915 0.004100 0.403429 0.000134
0.015376 0.188381 0.246996 0.140687 0.004131 0.404292 0.000137
0.015270 0.187321 0.246899 0.140583 0.004134 0.405662 0.000132
0.015359 0.187397 0.246794 0.140335 0.004090 0.405891 0.000134
0.015361 0.186478 0.246473 0.140218 0.004168 0.407162 0.000139
0.015429 0.186192 0.246218 0.140220 0.004114 0.407691 0.000136
0.015581 0.185686 0.246093 0.139986 0.004112 0.408404 0.000138
0.015613 0.184638 0.245493 0.139632 0.004156 0.410337 0.000131
0.015515 0.184977 0.245736 0.139745 0.004156 0.409740 0.000131
0.015570 0.183677 0.245233 0.139593 0.004185 0.411604 0.000136
0.015602 0.183384 0.245130 0.139231 0.004161 0.412353 0.000140
0.015660 0.183729 0.244749 0.139289 0.004168 0.412263 0.000141
0.015512 0.182789 0.245141 0.139292 0.004189 0.412944 0.000132
0.015669 0.181813 0.244636 0.139043 0.004219 0.414476 0.000144
0.015772 0.181371 0.244094 0.138863 0.004207 0.415555 0.000138
0.015707 0.180904 0.243881 0.138729 0.004195 0.416440 0.000144
0.015662 0.180044 0.243521 0.138717 0.004218 0.417699 0.000139
0.015818 0.179542 0.243427 0.138355 0.004245 0.418471 0.000142
0.015862 0.179655 0.243066 0.138300 0.004231 0.418747 0.000138
0.015866 0.179008 0.243129 0.138141 0.004224 0.419489 0.000143
0.015884 0.178768 0.242705 0.138089 0.004260 0.420154 0.000141
0.015930 0.177209 0.242184 0.137788 0.004290 0.422462 0.000137
0.016005 0.176830 0.242049 0.137845 0.004282 0.422850 0.000139
0.015919 0.176264 0.241865 0.137473 0.004261 0.424073 0.000145
0.016029 0.175851 0.241398 0.137352 0.004308 0.424917 0.000145
0.016100 0.175388 0.241533 0.137135 0.004300 0.425398 0.000148
0.016059 0.174588 0.241235 0.137236 0.004330 0.426407 0.000145
0.016104 0.174926 0.240893 0.137067 0.004337 0.426527 0.000146
0.016195 0.174007 0.240683 0.136772 0.004321 0.427870 0.000153
0.016172 0.173788 0.240476 0.136738 0.004384 0.428299 0.000144
0.016162 0.173438 0.240399 0.136488 0.004336 0.429034 0.000144
0.016381 0.172567 0.239631 0.136266 0.004307 0.430697 0.000151
0.016303 0.172252 0.239816 0.136273 0.004338 0.430870 0.000149
0.016369 0.171521 0.239224 0.136073 0.004351 0.432306 0.000155
0.016382 0.170952 0.238914 0.135912 0.004355 0.433333 0.000152
0.016409 0.170432 0.238826 0.135578 0.004369 0.434239 0.000148
0.016385 0.169932 0.238742 0.135559 0.004371 0.434860 0.000151
0.016405 0.169644 0.238198 0.135458 0.004408 0.435742 0.000145
0.016458 0.168812 0.238010 0.135133 0.004385 0.437047 0.000155
0.016753 0.168835 0.237928 0.135066 0.004404 0.436853 0.000160
0.016654 0.168384 0.237446 0.135163 0.004472 0.437730 0.000151
0.016713 0.167734 0.237276 0.134689 0.004423 0.438999 0.000165
0.016705 0.167345 0.237031 0.134817 0.004413 0.439538 0.000150
0.016908 0.167033 0.236942 0.134836 0.004428 0.439694 0.000160
0.016887 0.166693 0.236285 0.134498 0.004450 0.441031 0.000156
0.016931 0.166014 0.236192 0.134301 0.004443 0.441965 0.000153
0.016956 0.164996 0.235915 0.134074 0.004491 0.443416 0.000151
0.016932 0.164732 0.235858 0.133767 0.004457 0.444084 0.000169
0.016944 0.164923 0.235428 0.134067 0.004446 0.444033 0.000159
0.016883 0.163890 0.235112 0.133711 0.004461 0.445791 0.000154
0.017035 0.163280 0.234913 0.133346 0.004501 0.446768 0.000157
0.017063 0.163026 0.234485 0.133301 0.004464 0.447505 0.000155
0.017036 0.162894 0.234182 0.133457 0.004426 0.447848 0.000157
0.017189 0.162181 0.234077 0.133146 0.004419 0.448825 0.000162
0.017234 0.162192 0.234100 0.132884 0.004456 0.448974 0.000160
0.017138 0.161346 0.233575 0.132623 0.004474 0.450679 0.000164
0.017256 0.160283 0.233339 0.132426 0.004502 0.452030 0.000164
0.017355 0.160098 0.233130 0.132308 0.004491 0.452451 0.000166
0.017399 0.159699 0.232648 0.132183 0.004497 0.453406 0.000167
0.017401 0.159980 0.232297 0.131943 0.004512 0.453702 0.000166
0.017446 0.159325 0.232126 0.132127 0.004531 0.454267 0.000178
0.017484 0.158990 0.232099 0.131910 0.004548 0.454799 0.000170
0.017534 0.158138 0.231557 0.131725 0.004552 0.456326 0.000167
0.017559 0.157948 0.231645 0.131610 0.004495 0.456576 0.000169
0.017404 0.157994 0.231283 0.131528 0.004541 0.457081 0.000169
0.017641 0.157107 0.230949 0.131293 0.004514 0.458322 0.000173
0.017533 0.156678 0.230962 0.131151 0.004529 0.458978 0.000170
0.017756 0.156306 0.230089 0.131001 0.004529 0.460150 0.000169
0.017646 0.155730 0.230248 0.130580 0.004553 0.461075 0.000169
0.017682 0.155104 0.229794 0.130446 0.004570 0.462238 0.000166
0.017910 0.154900 0.229455 0.130405 0.004559 0.462596 0.000174
0.017868 0.154468 0.229065 0.130366 0.004597 0.463457 0.000179
0.017938 0.154562 0.229248 0.129867 0.004572 0.463636 0.000177
0.017896 0.153819 0.228708 0.129805 0.004634 0.464959 0.000179
0.017901 0.153092 0.228650 0.129699 0.004603 0.465875 0.000180
0.017854 0.153273 0.228437 0.129655 0.004603 0.465995 0.000183
0.017975 0.152641 0.227934 0.129594 0.004609 0.467063 0.000185
0.018067 0.152199 0.227756 0.129233 0.004624 0.467944 0.000177
0.018087 0.151538 0.227423 0.129194 0.004598 0.468975 0.000186
0.018119 0.151750 0.227002 0.129166 0.004599 0.469184 0.000180
0.018121 0.150891 0.226631 0.128722 0.004635 0.470818 0.000184
0.018176 0.150496 0.226768 0.128898 0.004658 0.470819 0.000187
0.018194 0.150417 0.226532 0.128561 0.004630 0.471483 0.000184
0.018227 0.149538 0.225917 0.128379 0.004632 0.473125 0.000181
0.018347 0.149368 0.226090 0.128285 0.004639 0.473078 0.000193
0.018476 0.149517 0.225651 0.127963 0.004688 0.473519 0.000187
0.018598 0.148249 0.225220 0.127701 0.004680 0.475375 0.000178
0.018478 0.148698 0.224909 0.127949 0.004630 0.475139 0.000198
0.018439 0.147961 0.224754 0.127328 0.004638 0.476690 0.000190
0.018514 0.147635 0.224351 0.127334 0.004661 0.477323 0.000183
0.018533 0.147231 0.224080 0.127285 0.004700 0.477979 0.000193
0.018628 0.147128 0.224237 0.127240 0.004652 0.477918 0.000197
0.018697 0.146467 0.223704 0.126805 0.004704 0.479434 0.000188
0.018686 0.145909 0.223381 0.126593 0.004703 0.480537 0.000191
0.018785 0.145563 0.222947 0.126708 0.004692 0.481113 0.000193
0.018650 0.144775 0.222564 0.126350 0.004686 0.482789 0.000186
0.018770 0.145084 0.222570 0.126232 0.004728 0.482422 0.000194
0.018920 0.144507 0.222387 0.126284 0.004689 0.483022 0.000191
0.018908 0.144383 0.222141 0.126012 0.004713 0.483654 0.000189
0.019003 0.143512 0.221566 0.125578 0.004707 0.485444 0.000191
0.019045 0.143353 0.221393 0.125627 0.004714 0.485676 0.000191
0.019028 0.143403 0.221108 0.125501 0.004703 0.486064 0.000193
0.019003 0.142690 0.220604 0.125495 0.004728 0.487285 0.000197
0.019055 0.142395 0.220427 0.125135 0.004732 0.488059 0.000197
0.019110 0.142399 0.220136 0.124973 0.004734 0.488459 0.000190
0.019314 0.141837 0.219845 0.125001 0.004717 0.489093 0.000193
0.019267 0.141202 0.219714 0.124642 0.004739 0.490244 0.000191
0.019222 0.141093 0.219677 0.124333 0.004747 0.490724 0.000205
0.019173 0.140543 0.219337 0.124331 0.004738 0.491677 0.000201
0.019281 0.140276 0.218948 0.124251 0.004750 0.492299 0.000196
0.019425 0.139588 0.218410 0.124102 0.004774 0.493493 0.000208
0.019354 0.139772 0.218036 0.123905 0.004743 0.493990 0.000200
0.019497 0.138993 0.217768 0.123679 0.004750 0.495114 0.000199
0.019563 0.139497 0.218222 0.123387 0.004725 0.494404 0.000202
0.019643 0.138431 0.217547 0.123487 0.004797 0.495899 0.000195
0.019511 0.138119 0.217028 0.123443 0.004786 0.496910 0.000203
0.019780 0.137869 0.216653 0.123071 0.004743 0.497680 0.000204
0.019681 0.137511 0.216299 0.123011 0.004790 0.498499 0.000208
0.019897 0.136893 0.216045 0.122731 0.004762 0.499475 0.000196
0.019822 0.136854 0.216210 0.122595 0.004780 0.499529 0.000210
0.019753 0.136784 0.215981 0.122538 0.004793 0.499948 0.000203
0.019886 0.136355 0.215673 0.122356 0.004793 0.500728 0.000209
0.019878 0.136186 0.215483 0.122230 0.004791 0.501226 0.000206
0.019874 0.135583 0.215190 0.122013 0.004821 0.502307 0.000212
0.020108 0.135044 0.214682 0.121654 0.004810 0.503493 0.000209
0.019927 0.134862 0.214779 0.121665 0.004792 0.503765 0.000209
0.020241 0.134396 0.214041 0.121540 0.004800 0.504779 0.000204
0.020030 0.134299 0.213932 0.121251 0.004807 0.505470 0.000211
0.020250 0.133893 0.213749 0.121238 0.004829 0.505830 0.000211
0.020320 0.133655 0.213313 0.120884 0.004826 0.506786 0.000217
0.020423 0.133196 0.213014 0.120765 0.004855 0.507546 0.000200
