0.956445 0.042707 0.000531 0.000305 0.000000 0.000012 0.000000
0.914501 0.083696 0.001117 0.000659 0.000000 0.000026 0.000000
0.903261 0.094604 0.001316 0.000787 0.000000 0.000032 0.000000
0.892110 0.105407 0.001534 0.000912 0.000000 0.000037 0.000000
0.877859 0.119286 0.001771 0.001031 0.000001 0.000052 0.000000
0.865427 0.131312 0.002018 0.001184 0.000001 0.000059 0.000000
0.851266 0.145026 0.002309 0.001329 0.000002 0.000068 0.000000
0.836240 0.159570 0.002605 0.001507 0.000002 0.000076 0.000000
0.822696 0.172651 0.002893 0.001673 0.000002 0.000085 0.000000
0.808542 0.186298 0.003206 0.001860 0.000003 0.000091 0.000000
0.791827 0.202400 0.003572 0.002094 0.000003 0.000104 0.000000
0.778211 0.215387 0.003966 0.002313 0.000003 0.000119 0.000000
0.763163 0.229839 0.004319 0.002542 0.000003 0.000133 0.000000
0.747366 0.244935 0.004739 0.002807 0.000003 0.000150 0.000000
0.735583 0.256195 0.005077 0.002987 0.000003 0.000155 0.000000
0.717995 0.272954 0.005597 0.003277 0.000003 0.000174 0.000000
0.703906 0.286295 0.006097 0.003508 0.000003 0.000190 0.000000
0.688413 0.300951 0.006612 0.003811 0.000004 0.000210 0.000000
0.673252 0.315289 0.007140 0.004089 0.000004 0.000225 0.000000
0.659927 0.327788 0.007665 0.004363 0.000004 0.000253 0.000000
0.644639 0.342194 0.008205 0.004678 0.000005 0.000280 0.000000
0.630312 0.355589 0.008775 0.005018 0.000005 0.000302 0.000000
0.614987 0.369949 0.009376 0.005363 0.000005 0.000320 0.000000
0.603873 0.380237 0.009882 0.005649 0.000007 0.000351 0.000000
0.589112 0.393905 0.010537 0.006050 0.000007 0.000389 0.000000
0.572374 0.409366 0.011329 0.006501 0.000007 0.000422 0.000000
0.559838 0.420860 0.011978 0.006863 0.000007 0.000455 0.000000
0.547960 0.431750 0.012608 0.007188 0.000007 0.000487 0.000000
0.533591 0.444838 0.013396 0.007637 0.000007 0.000531 0.000000
0.521660 0.455701 0.014058 0.008008 0.000007 0.000566 0.000000
0.511083 0.465220 0.014695 0.008380 0.000007 0.000614 0.000000
0.498100 0.476961 0.015427 0.008837 0.000008 0.000668 0.000000
0.485013 0.488635 0.016277 0.009338 0.000009 0.000728 0.000000
0.473043 0.499261 0.017076 0.009826 0.000010 0.000784 0.000000
0.461771 0.509091 0.017963 0.010319 0.000011 0.000845 0.000000
0.451058 0.518537 0.018742 0.010762 0.000011 0.000890 0.000000
0.438287 0.529713 0.019732 0.011303 0.000012 0.000954 0.000000
0.429071 0.537608 0.020537 0.011746 0.000011 0.001028 0.000000
0.417806 0.547176 0.021542 0.012374 0.000012 0.001091 0.000000
0.408334 0.555101 0.022472 0.012911 0.000013 0.001168 0.000000
0.396837 0.564738 0.023603 0.013532 0.000014 0.001276 0.000000
0.385613 0.574185 0.024731 0.014099 0.000015 0.001357 0.000000
0.377859 0.580327 0.025707 0.014654 0.000016 0.001436 0.000000
0.368815 0.587706 0.026703 0.015223 0.000020 0.001533 0.000000
0.359912 0.594880 0.027727 0.015831 0.000020 0.001629 0.000000
0.350948 0.601914 0.028909 0.016468 0.000021 0.001738 0.000000
0.341579 0.609368 0.029989 0.017185 0.000023 0.001856 0.000000
0.332178 0.616852 0.031135 0.017842 0.000024 0.001968 0.000000
0.325809 0.621401 0.032225 0.018445 0.000027 0.002091 0.000001
0.318092 0.627186 0.033383 0.019094 0.000028 0.002217 0.000001
0.310600 0.632674 0.034569 0.019781 0.000028 0.002346 0.000001
0.303374 0.637886 0.035785 0.020444 0.000031 0.002480 0.000001
0.296601 0.642490 0.037054 0.021192 0.000031 0.002631 0.000001
0.289665 0.647307 0.038318 0.021893 0.000034 0.002781 0.000001
0.283030 0.652022 0.039454 0.022513 0.000034 0.002947 0.000001
0.276965 0.656175 0.040528 0.023210 0.000036 0.003086 0.000001
0.271507 0.659373 0.041836 0.023957 0.000040 0.003285 0.000001
0.266044 0.662533 0.043231 0.024680 0.000040 0.003470 0.000001
0.258000 0.668060 0.044710 0.025530 0.000044 0.003656 0.000001
0.257660 0.666790 0.045621 0.026081 0.000045 0.003803 0.000001
0.254204 0.668270 0.046768 0.026744 0.000049 0.003965 0.000000
0.246935 0.673283 0.048061 0.027516 0.000053 0.004152 0.000001
0.242973 0.674843 0.049510 0.028257 0.000050 0.004366 0.000001
0.237770 0.677782 0.050842 0.029001 0.000054 0.004550 0.000001
0.235739 0.677507 0.052183 0.029752 0.000056 0.004762 0.000001
0.231981 0.679256 0.053274 0.030462 0.000059 0.004967 0.000001
0.228248 0.680684 0.054637 0.031167 0.000060 0.005203 0.000001
0.224942 0.681936 0.055772 0.031837 0.000065 0.005448 0.000000
0.220776 0.683735 0.057179 0.032555 0.000066 0.005688 0.000001
0.216544 0.685767 0.058455 0.033259 0.000070 0.005905 0.000001
0.212306 0.687292 0.060025 0.034126 0.000074 0.006177 0.000001
0.204503 0.691946 0.061812 0.035160 0.000077 0.006503 0.000000
0.201654 0.692625 0.063030 0.035848 0.000081 0.006761 0.000001
0.198205 0.694440 0.063892 0.036458 0.000080 0.006925 0.000001
0.194059 0.695588 0.065679 0.037327 0.000087 0.007258 0.000001
0.190978 0.696705 0.066774 0.037954 0.000091 0.007499 0.000000
0.181609 0.702202 0.068963 0.039242 0.000099 0.007885 0.000001
0.181310 0.701240 0.069617 0.039611 0.000100 0.008120 0.000001
0.172288 0.706167 0.071909 0.040988 0.000110 0.008536 0.000000
0.166231 0.709763 0.073305 0.041742 0.000110 0.008847 0.000001
0.163855 0.709226 0.074919 0.042673 0.000115 0.009211 0.000001
0.155564 0.713873 0.076972 0.043831 0.000124 0.009635 0.000001
0.152162 0.713782 0.078932 0.044931 0.000127 0.010065 0.000001
0.151205 0.713043 0.079789 0.045496 0.000128 0.010338 0.000001
0.148719 0.713011 0.081287 0.046192 0.000135 0.010656 0.000001
0.142861 0.714985 0.083456 0.047417 0.000138 0.011142 0.000001
0.140626 0.714949 0.084552 0.048277 0.000141 0.011454 0.000001
0.139254 0.714044 0.085844 0.048893 0.000141 0.011823 0.000001
0.132947 0.716234 0.088164 0.050170 0.000150 0.012335 0.000001
0.134397 0.712735 0.089319 0.050734 0.000153 0.012660 0.000001
0.133285 0.711628 0.090439 0.051454 0.000158 0.013034 0.000001
0.126991 0.713385 0.092867 0.052935 0.000164 0.013657 0.000001
0.126552 0.711412 0.094255 0.053554 0.000172 0.014054 0.000001
0.125847 0.709878 0.095273 0.054403 0.000173 0.014425 0.000001
0.121760 0.709912 0.097580 0.055588 0.000176 0.014984 0.000001
0.119761 0.709597 0.098777 0.056291 0.000181 0.015392 0.000001
0.119345 0.707995 0.099787 0.056891 0.000190 0.015791 0.000001
0.115597 0.708618 0.101551 0.057791 0.000193 0.016249 0.000001
0.115889 0.706104 0.102674 0.058442 0.000207 0.016683 0.000001
0.114454 0.705002 0.104048 0.059248 0.000207 0.017041 0.000000
0.115239 0.702279 0.105016 0.059799 0.000209 0.017457 0.000001
0.108753 0.704503 0.107397 0.061047 0.000224 0.018075 0.000001
0.109019 0.702312 0.108325 0.061613 0.000232 0.018498 0.000001
0.106933 0.702016 0.109624 0.062354 0.000235 0.018837 0.000001
0.102392 0.702634 0.111697 0.063518 0.000239 0.019519 0.000001
0.102235 0.699699 0.113153 0.064526 0.000249 0.020136 0.000001
0.100848 0.698728 0.114272 0.065262 0.000252 0.020638 0.000001
0.096107 0.699520 0.116402 0.066455 0.000256 0.021259 0.000001
0.096560 0.697510 0.117154 0.066782 0.000265 0.021727 0.000001
0.094437 0.696371 0.118863 0.067782 0.000267 0.022281 0.000001
0.090227 0.696529 0.120997 0.068984 0.000275 0.022986 0.000002
0.090475 0.693601 0.122212 0.069814 0.000287 0.023610 0.000001
0.089598 0.692729 0.123153 0.070340 0.000288 0.023891 0.000001
0.088985 0.691073 0.124232 0.070934 0.000287 0.024488 0.000001
0.088638 0.688609 0.125717 0.071656 0.000300 0.025079 0.000001
0.084161 0.689256 0.127634 0.072886 0.000316 0.025746 0.000002
0.081393 0.689001 0.129284 0.073721 0.000309 0.026290 0.000002
0.080155 0.687804 0.130531 0.074347 0.000327 0.026835 0.000002
0.079151 0.685746 0.132044 0.075275 0.000339 0.027443 0.000002
0.077860 0.684567 0.133299 0.075944 0.000342 0.027986 0.000001
0.074470 0.684537 0.135096 0.076815 0.000359 0.028721 0.000002
0.072394 0.683676 0.136535 0.077704 0.000367 0.029322 0.000002
0.070925 0.682576 0.137681 0.078564 0.000366 0.029887 0.000002
0.066625 0.683329 0.139617 0.079387 0.000376 0.030665 0.000001
0.064283 0.681392 0.141738 0.080658 0.000387 0.031540 0.000001
0.065014 0.679886 0.142059 0.080786 0.000390 0.031864 0.000002
0.059283 0.680442 0.144656 0.082367 0.000407 0.032843 0.000002
0.061464 0.676658 0.145382 0.082678 0.000414 0.033403 0.000002
0.058649 0.675653 0.147120 0.083794 0.000420 0.034362 0.000002
0.056744 0.674356 0.148623 0.084778 0.000436 0.035061 0.000002
0.054033 0.673953 0.150262 0.085606 0.000437 0.035707 0.000002
0.053772 0.672065 0.151227 0.086280 0.000440 0.036214 0.000003
0.049542 0.671612 0.153609 0.087491 0.000453 0.037290 0.000002
0.049707 0.669797 0.154248 0.088002 0.000453 0.037792 0.000002
0.047488 0.667809 0.156281 0.089237 0.000459 0.038723 0.000003
0.046510 0.665842 0.157724 0.089952 0.000478 0.039490 0.000003
0.046580 0.664090 0.158421 0.090369 0.000482 0.040055 0.000003
0.045657 0.662235 0.159740 0.091056 0.000485 0.040824 0.000002
0.046054 0.658343 0.161592 0.091840 0.000504 0.041662 0.000004
0.045809 0.657116 0.162171 0.092247 0.000514 0.042140 0.000003
0.045808 0.653945 0.163625 0.093072 0.000522 0.043026 0.000003
0.045241 0.651413 0.165124 0.093840 0.000532 0.043846 0.000004
0.044067 0.650341 0.166063 0.094547 0.000538 0.044441 0.000004
0.043617 0.647843 0.167387 0.095282 0.000547 0.045321 0.000004
0.041877 0.645963 0.169128 0.096234 0.000561 0.046235 0.000003
0.042724 0.644102 0.169501 0.096462 0.000565 0.046642 0.000004
0.044642 0.640451 0.170062 0.096900 0.000571 0.047370 0.000004
0.047256 0.635699 0.171041 0.097416 0.000584 0.047999 0.000004
0.046692 0.633396 0.172369 0.098064 0.000597 0.048878 0.000004
0.050072 0.629154 0.172698 0.098169 0.000597 0.049306 0.000004
0.049821 0.627242 0.173467 0.098794 0.000606 0.050067 0.000004
0.050210 0.625236 0.174174 0.099120 0.000612 0.050643 0.000004
0.051010 0.621554 0.175528 0.099713 0.000624 0.051567 0.000004
0.048723 0.621694 0.176429 0.100329 0.000629 0.052192 0.000004
0.050292 0.617602 0.177473 0.100967 0.000636 0.053025 0.000004
0.049151 0.617203 0.178103 0.101292 0.000645 0.053602 0.000004
0.047204 0.615327 0.179828 0.102202 0.000660 0.054776 0.000004
0.047023 0.613796 0.180474 0.102661 0.000675 0.055367 0.000004
0.046401 0.611408 0.181904 0.103259 0.000687 0.056336 0.000004
0.048202 0.610499 0.181220 0.102913 0.000674 0.056488 0.000004
0.045232 0.609573 0.183082 0.103948 0.000692 0.057469 0.000004
0.043212 0.608362 0.184387 0.104841 0.000714 0.058479 0.000005
0.039986 0.608775 0.185653 0.105588 0.000714 0.059279 0.000005
0.038349 0.606840 0.187305 0.106402 0.000729 0.060370 0.000005
0.039187 0.604824 0.187746 0.106547 0.000734 0.060957 0.000004
0.036259 0.604054 0.189347 0.107646 0.000738 0.061950 0.000006
0.036034 0.602672 0.190041 0.107855 0.000753 0.062640 0.000006
0.031916 0.601995 0.192376 0.109075 0.000768 0.063864 0.000006
0.031290 0.599709 0.193494 0.109781 0.000789 0.064930 0.000005
0.029794 0.598417 0.194706 0.110502 0.000800 0.065776 0.000006
0.029082 0.595911 0.196116 0.111163 0.000803 0.066917 0.000007
0.028971 0.594776 0.196408 0.111511 0.000810 0.067517 0.000007
0.028049 0.592234 0.197985 0.112241 0.000835 0.068649 0.000007
0.026002 0.590717 0.199668 0.113105 0.000838 0.069664 0.000005
0.025478 0.589661 0.200359 0.113347 0.000834 0.070314 0.000007
0.024653 0.587583 0.201426 0.114074 0.000862 0.071397 0.000006
0.024357 0.585307 0.202465 0.114797 0.000859 0.072209 0.000005
0.022836 0.582628 0.204162 0.115878 0.000887 0.073603 0.000006
0.023185 0.581522 0.204278 0.115899 0.000891 0.074219 0.000007
0.021959 0.579495 0.205692 0.116648 0.000893 0.075306 0.000007
0.021298 0.577022 0.206886 0.117433 0.000918 0.076436 0.000006
0.021622 0.576702 0.206863 0.117358 0.000907 0.076540 0.000008
0.020509 0.572463 0.209136 0.118491 0.000924 0.078469 0.000008
0.020332 0.571419 0.209391 0.118854 0.000939 0.079056 0.000008
0.020353 0.569153 0.210357 0.119152 0.000942 0.080036 0.000008
0.019842 0.566846 0.211400 0.119959 0.000956 0.080988 0.000009
0.019600 0.565836 0.211718 0.120179 0.000976 0.081683 0.000008
0.019432 0.563283 0.212795 0.120744 0.000977 0.082761 0.000009
0.018802 0.560941 0.214051 0.121290 0.000978 0.083929 0.000009
0.018842 0.560343 0.214134 0.121445 0.000996 0.084231 0.000009
0.018312 0.557337 0.215313 0.122325 0.001007 0.085698 0.000008
0.018228 0.556078 0.216001 0.122543 0.001003 0.086141 0.000007
0.017685 0.552937 0.217225 0.123330 0.001031 0.087785 0.000007
0.017667 0.550888 0.218127 0.123681 0.001033 0.088594 0.000008
0.017347 0.548564 0.219002 0.124206 0.001065 0.089809 0.000008
0.016960 0.545597 0.220397 0.124881 0.001069 0.091085 0.000010
0.017108 0.543637 0.220990 0.125254 0.001069 0.091933 0.000009
0.016668 0.541849 0.221865 0.125859 0.001093 0.092657 0.000009
0.016545 0.540605 0.222333 0.125994 0.001105 0.093409 0.000009
0.016364 0.538753 0.222838 0.126587 0.001105 0.094342 0.000009
0.016562 0.536133 0.223836 0.126784 0.001114 0.095562 0.000009
0.016320 0.534811 0.224355 0.127244 0.001129 0.096131 0.000010
0.015999 0.531617 0.225562 0.127986 0.001129 0.097698 0.000009
0.016064 0.530552 0.225717 0.128133 0.001142 0.098381 0.000011
0.015733 0.527358 0.227213 0.128617 0.001151 0.099917 0.000011
0.015688 0.526280 0.227499 0.129021 0.001153 0.100349 0.000010
0.015852 0.525255 0.227485 0.129029 0.001154 0.101215 0.000011
0.015312 0.521952 0.228906 0.129916 0.001166 0.102738 0.000011
0.015416 0.520307 0.229337 0.130110 0.001197 0.103623 0.000011
0.015445 0.519615 0.229484 0.130285 0.001196 0.103963 0.000011
0.015184 0.515803 0.230855 0.131170 0.001200 0.105778 0.000010
0.015090 0.514622 0.231346 0.131287 0.001217 0.106430 0.000009
0.014944 0.513470 0.231805 0.131483 0.001212 0.107076 0.000010
0.014977 0.511620 0.232141 0.131760 0.001240 0.108251 0.000011
0.014816 0.508946 0.233088 0.132349 0.001257 0.109531 0.000012
0.014703 0.507067 0.233758 0.132783 0.001259 0.110419 0.000012
0.014640 0.505747 0.234310 0.132930 0.001252 0.111112 0.000010
0.014540 0.503582 0.234987 0.133209 0.001289 0.112381 0.000013
0.014496 0.501277 0.235625 0.133917 0.001280 0.113393 0.000012
0.014348 0.499936 0.236110 0.133926 0.001309 0.114358 0.000013
0.014436 0.498282 0.236436 0.134201 0.001327 0.115305 0.000012
0.014330 0.496659 0.237156 0.134547 0.001328 0.115967 0.000013
0.014092 0.492975 0.238433 0.135397 0.001354 0.117736 0.000013
0.015681 0.491961 0.237714 0.135168 0.001335 0.118129 0.000011
0.017766 0.488952 0.238071 0.135050 0.001343 0.118803 0.000014
0.023636 0.485709 0.236312 0.134264 0.001353 0.118713 0.000013
0.025279 0.482824 0.236712 0.134262 0.001359 0.119549 0.000015
0.022339 0.481217 0.238513 0.135370 0.001398 0.121147 0.000015
0.027039 0.478357 0.237202 0.134679 0.001383 0.121324 0.000016
0.025515 0.476997 0.238141 0.135311 0.001401 0.122621 0.000014
0.026743 0.475632 0.237944 0.135268 0.001402 0.122997 0.000014
0.027153 0.473626 0.238361 0.135341 0.001409 0.124095 0.000016
0.024394 0.473559 0.239516 0.135919 0.001417 0.125181 0.000015
0.027752 0.471065 0.238709 0.135434 0.001441 0.125585 0.000015
0.026304 0.469889 0.239517 0.136085 0.001457 0.126732 0.000015
0.026209 0.469373 0.239599 0.135952 0.001451 0.127401 0.000015
0.024984 0.467269 0.240778 0.136566 0.001471 0.128916 0.000016
0.022474 0.466349 0.241925 0.137137 0.001493 0.130606 0.000016
0.022693 0.466203 0.241869 0.137064 0.001484 0.130671 0.000015
0.022511 0.464243 0.242210 0.137474 0.001491 0.132054 0.000017
0.022296 0.462720 0.242657 0.137559 0.001508 0.133245 0.000016
0.020736 0.462076 0.243651 0.138128 0.001505 0.133886 0.000017
0.020753 0.460410 0.243715 0.138313 0.001530 0.135263 0.000017
0.019904 0.458362 0.244709 0.138890 0.001562 0.136557 0.000017
0.017666 0.457575 0.245758 0.139597 0.001565 0.137822 0.000016
0.018087 0.455622 0.246248 0.139532 0.001591 0.138901 0.000018
0.017042 0.454433 0.246904 0.140045 0.001598 0.139960 0.000018
0.017094 0.452587 0.247257 0.140305 0.001598 0.141140 0.000020
0.016482 0.451080 0.247911 0.140748 0.001618 0.142142 0.000018
0.016272 0.448966 0.248326 0.141060 0.001629 0.143730 0.000017
0.016014 0.449015 0.248512 0.141045 0.001640 0.143757 0.000017
0.015249 0.445683 0.249802 0.141846 0.001675 0.145724 0.000020
0.015474 0.444391 0.249880 0.141968 0.001680 0.146587 0.000021
0.014973 0.443595 0.250274 0.142102 0.001672 0.147365 0.000019
0.014200 0.441175 0.251192 0.142913 0.001707 0.148791 0.000021
0.014598 0.439646 0.251392 0.142703 0.001722 0.149917 0.000022
0.014244 0.438313 0.251793 0.143084 0.001713 0.150830 0.000022
0.014334 0.437808 0.251740 0.142957 0.001731 0.151410 0.000020
0.014066 0.435084 0.252627 0.143418 0.001753 0.153032 0.000019
0.014044 0.432831 0.253243 0.143690 0.001767 0.154406 0.000020
0.013752 0.432863 0.252993 0.143790 0.001763 0.154819 0.000020
0.013793 0.430870 0.253561 0.144034 0.001770 0.155951 0.000021
0.013077 0.427478 0.254690 0.144758 0.001790 0.158186 0.000021
0.013428 0.427827 0.254372 0.144566 0.001787 0.157997 0.000023
0.013580 0.426229 0.254412 0.144609 0.001805 0.159342 0.000023
0.013045 0.423243 0.255528 0.145295 0.001822 0.161043 0.000022
0.012947 0.421590 0.255895 0.145310 0.001843 0.162391 0.000024
0.012981 0.419872 0.256209 0.145456 0.001857 0.163603 0.000023
0.012936 0.419768 0.256142 0.145673 0.001861 0.163597 0.000022
0.012722 0.416928 0.257056 0.145903 0.001880 0.165488 0.000022
0.012723 0.415585 0.257274 0.146261 0.001892 0.166241 0.000025
0.012679 0.413587 0.257669 0.146532 0.001908 0.167601 0.000023
0.012475 0.412393 0.258121 0.146582 0.001894 0.168513 0.000022
0.012631 0.411688 0.258113 0.146501 0.001892 0.169150 0.000025
0.012390 0.409309 0.258483 0.146899 0.001928 0.170966 0.000024
0.012492 0.408236 0.258687 0.146953 0.001948 0.171660 0.000024
0.012581 0.407647 0.258583 0.147076 0.001961 0.172125 0.000026
0.012395 0.405069 0.259378 0.147286 0.001960 0.173886 0.000027
0.012406 0.404003 0.259525 0.147405 0.001965 0.174670 0.000027
0.012314 0.401749 0.260019 0.147654 0.001962 0.176276 0.000026
0.012332 0.400843 0.260088 0.147916 0.001985 0.176807 0.000029
0.012275 0.399465 0.260336 0.148000 0.001989 0.177908 0.000028
0.012316 0.398171 0.260508 0.148144 0.001988 0.178847 0.000027
0.012255 0.396762 0.260820 0.148150 0.001995 0.179989 0.000030
0.012210 0.395584 0.261030 0.148151 0.002009 0.180990 0.000027
0.012267 0.393881 0.261048 0.148619 0.002015 0.182142 0.000028
0.012053 0.391501 0.261625 0.148916 0.002038 0.183836 0.000031
0.012162 0.390648 0.261809 0.148824 0.002051 0.184478 0.000028
0.011969 0.388509 0.262207 0.149211 0.002069 0.186006 0.000030
0.012056 0.387114 0.262465 0.149230 0.002112 0.186994 0.000028
0.012055 0.386150 0.262874 0.149308 0.002104 0.187478 0.000031
0.012017 0.384183 0.262871 0.149605 0.002129 0.189166 0.000029
0.011933 0.382848 0.263267 0.149593 0.002137 0.190192 0.000029
0.012003 0.381234 0.263441 0.149782 0.002142 0.191369 0.000030
0.012014 0.381101 0.263415 0.149607 0.002137 0.191695 0.000030
0.012096 0.379486 0.263553 0.149799 0.002133 0.192905 0.000029
0.011953 0.377078 0.263895 0.150018 0.002169 0.194856 0.000030
0.011953 0.376646 0.263829 0.150105 0.002161 0.195273 0.000033
0.011920 0.373888 0.264490 0.150427 0.002186 0.197058 0.000031
0.011825 0.373127 0.264435 0.150568 0.002193 0.197819 0.000034
0.011843 0.372722 0.264312 0.150579 0.002219 0.198292 0.000033
0.011993 0.371267 0.264557 0.150293 0.002226 0.199629 0.000035
0.011853 0.368991 0.265076 0.150621 0.002250 0.201177 0.000032
0.011839 0.368263 0.264888 0.150859 0.002257 0.201862 0.000032
0.011815 0.366637 0.265299 0.150823 0.002270 0.203126 0.000030
0.011793 0.364702 0.265547 0.150893 0.002307 0.204722 0.000036
0.011690 0.362821 0.266115 0.151139 0.002335 0.205864 0.000036
0.011828 0.362610 0.265710 0.151056 0.002314 0.206444 0.000037
0.011804 0.360768 0.265871 0.151202 0.002334 0.207983 0.000038
0.011788 0.359366 0.266222 0.151409 0.002325 0.208853 0.000038
0.011811 0.358345 0.266466 0.151415 0.002350 0.209579 0.000033
0.011806 0.357558 0.266312 0.151283 0.002367 0.210639 0.000034
0.011770 0.355806 0.266478 0.151505 0.002373 0.212031 0.000036
0.011802 0.354533 0.266843 0.151594 0.002370 0.212820 0.000038
0.011749 0.352988 0.267062 0.151717 0.002397 0.214051 0.000037
0.011843 0.352533 0.266982 0.151698 0.002375 0.214533 0.000036
0.011904 0.350820 0.267190 0.151878 0.002405 0.215765 0.000038
0.011847 0.349798 0.267027 0.151929 0.002406 0.216956 0.000037
0.011794 0.347529 0.267511 0.152175 0.002478 0.218474 0.000038
0.011938 0.347045 0.267238 0.151991 0.002448 0.219299 0.000040
0.011865 0.345986 0.267463 0.152052 0.002440 0.220153 0.000040
0.011768 0.344492 0.267638 0.152104 0.002455 0.221505 0.000038
0.011902 0.342418 0.267827 0.152213 0.002505 0.223094 0.000041
0.011824 0.341419 0.268042 0.152308 0.002514 0.223851 0.000042
0.011808 0.341199 0.267880 0.152236 0.002474 0.224365 0.000039
0.011923 0.340015 0.267943 0.152114 0.002498 0.225465 0.000043
0.011838 0.338140 0.268279 0.152376 0.002530 0.226800 0.000037
0.011833 0.337123 0.268436 0.152336 0.002535 0.227696 0.000042
0.011731 0.336264 0.268104 0.152500 0.002524 0.228832 0.000045
0.011969 0.334289 0.268399 0.152403 0.002562 0.230333 0.000045
0.011950 0.333672 0.268002 0.152525 0.002567 0.231238 0.000045
0.011922 0.332937 0.268195 0.152415 0.002575 0.231912 0.000044
0.011910 0.332209 0.268311 0.152487 0.002561 0.232477 0.000046
0.011885 0.330269 0.268776 0.152606 0.002568 0.233849 0.000047
0.011884 0.329005 0.268593 0.152588 0.002606 0.235279 0.000045
0.011898 0.328191 0.268733 0.152460 0.002597 0.236073 0.000049
0.011886 0.326018 0.268750 0.152936 0.002617 0.237743 0.000049
0.011795 0.325742 0.268840 0.152624 0.002627 0.238325 0.000046
0.011700 0.324224 0.269141 0.152759 0.002662 0.239465 0.000049
0.011862 0.323264 0.269068 0.152652 0.002663 0.240449 0.000042
0.011836 0.322439 0.268955 0.152732 0.002649 0.241339 0.000050
0.011909 0.321535 0.268757 0.152977 0.002653 0.242121 0.000049
0.011831 0.320604 0.268606 0.152817 0.002650 0.243442 0.000049
0.011907 0.317753 0.269189 0.153062 0.002677 0.245361 0.000052
0.011930 0.316890 0.268961 0.153140 0.002706 0.246321 0.000051
0.011891 0.315995 0.269185 0.153028 0.002719 0.247131 0.000051
0.011944 0.315610 0.268806 0.153024 0.002726 0.247837 0.000051
0.012004 0.314672 0.268996 0.152932 0.002737 0.248608 0.000051
0.011955 0.312953 0.269019 0.152980 0.002736 0.250307 0.000050
0.011923 0.311350 0.269142 0.153046 0.002763 0.251727 0.000050
0.011968 0.310864 0.268959 0.152953 0.002743 0.252458 0.000056
0.011944 0.309720 0.268926 0.153039 0.002770 0.253545 0.000054
0.012035 0.309281 0.268831 0.152857 0.002768 0.254173 0.000054
0.012042 0.307668 0.268895 0.152872 0.002784 0.255684 0.000055
0.012020 0.306425 0.269001 0.152986 0.002837 0.256675 0.000057
0.012055 0.305366 0.268997 0.152987 0.002807 0.257733 0.000056
0.012075 0.304078 0.268947 0.153033 0.002819 0.258993 0.000055
0.012188 0.302398 0.268866 0.152896 0.002839 0.260763 0.000051
0.012098 0.301196 0.269089 0.152954 0.002867 0.261740 0.000055
0.012181 0.301703 0.268971 0.152697 0.002844 0.261547 0.000058
0.012036 0.300099 0.268930 0.152890 0.002847 0.263143 0.000055
0.012060 0.298982 0.269198 0.152753 0.002851 0.264099 0.000057
0.012105 0.297626 0.269041 0.152585 0.002880 0.265702 0.000061
0.012084 0.296948 0.268952 0.152796 0.002915 0.266247 0.000059
0.012092 0.295507 0.269143 0.152744 0.002907 0.267545 0.000062
0.012177 0.294627 0.268919 0.152752 0.002873 0.268593 0.000060
0.012251 0.293779 0.269025 0.152773 0.002888 0.269224 0.000061
0.012210 0.292807 0.269018 0.152906 0.002917 0.270082 0.000060
0.012251 0.291883 0.268878 0.152707 0.002902 0.271320 0.000059
0.012224 0.291052 0.268530 0.152595 0.002963 0.272577 0.000059
0.012201 0.289822 0.268816 0.152639 0.002925 0.273532 0.000064
0.012194 0.289038 0.268757 0.152611 0.002931 0.274404 0.000066
0.012139 0.287372 0.268612 0.152649 0.002975 0.276188 0.000065
0.012260 0.287075 0.268334 0.152611 0.002948 0.276708 0.000065
0.012368 0.285437 0.268562 0.152556 0.002984 0.278025 0.000067
0.012428 0.284607 0.268385 0.152555 0.002986 0.278971 0.000069
0.012271 0.283124 0.268304 0.152594 0.003013 0.280629 0.000065
0.012304 0.282357 0.268220 0.152584 0.003012 0.281455 0.000069
0.012285 0.281643 0.268273 0.152430 0.003029 0.282276 0.000066
0.012307 0.280880 0.268170 0.152439 0.003038 0.283098 0.000067
0.012402 0.279619 0.268193 0.152466 0.003040 0.284214 0.000066
0.012483 0.278280 0.268139 0.152453 0.003078 0.285503 0.000065
0.012410 0.277516 0.268090 0.152376 0.003064 0.286474 0.000070
0.012472 0.276047 0.268008 0.152319 0.003089 0.288001 0.000064
0.012369 0.275517 0.267839 0.152294 0.003070 0.288840 0.000071
0.012497 0.274786 0.267613 0.152333 0.003104 0.289600 0.000066
0.012554 0.273063 0.267845 0.152213 0.003110 0.291146 0.000070
0.012513 0.273816 0.267680 0.152010 0.003068 0.290840 0.000072
0.012504 0.272089 0.267240 0.152156 0.003104 0.292835 0.000071
0.012516 0.271587 0.267347 0.152001 0.003103 0.293376 0.000070
0.012532 0.270313 0.267374 0.151749 0.003125 0.294834 0.000073
0.012550 0.269564 0.267348 0.151720 0.003185 0.295566 0.000067
0.012545 0.268759 0.266988 0.151927 0.003162 0.296548 0.000071
0.012518 0.267173 0.267032 0.151771 0.003191 0.298239 0.000074
0.012647 0.266633 0.266743 0.151722 0.003196 0.298984 0.000075
0.012733 0.264508 0.266785 0.151730 0.003238 0.300932 0.000074
0.012776 0.264294 0.266663 0.151559 0.003234 0.301399 0.000075
0.012700 0.263748 0.266407 0.151703 0.003218 0.302147 0.000077
0.012706 0.263279 0.266670 0.151324 0.003215 0.302734 0.000072
0.012737 0.262763 0.266275 0.151419 0.003240 0.303492 0.000073
0.012731 0.260958 0.266318 0.151348 0.003252 0.305314 0.000080
0.012651 0.260422 0.266328 0.151281 0.003264 0.305976 0.000078
0.012692 0.258963 0.266357 0.151390 0.003271 0.307249 0.000078
0.012866 0.258832 0.265994 0.151086 0.003282 0.307865 0.000074
0.012711 0.258406 0.265987 0.151248 0.003261 0.308309 0.000078
0.012736 0.256720 0.265927 0.151044 0.003286 0.310206 0.000079
0.012815 0.255695 0.265539 0.151061 0.003306 0.311509 0.000075
0.012778 0.255012 0.265563 0.150851 0.003321 0.312395 0.000081
0.012797 0.254055 0.265727 0.150856 0.003302 0.313180 0.000083
0.012943 0.252917 0.265438 0.150857 0.003344 0.314419 0.000082
0.012934 0.252343 0.265149 0.150507 0.003364 0.315620 0.000083
0.012922 0.251592 0.265274 0.150449 0.003323 0.316356 0.000084
0.012987 0.250722 0.264698 0.150524 0.003389 0.317600 0.000081
0.013006 0.249569 0.264781 0.150612 0.003381 0.318566 0.000084
0.012994 0.249358 0.264604 0.150488 0.003392 0.319081 0.000084
0.012881 0.248342 0.264692 0.150213 0.003396 0.320391 0.000085
0.012999 0.247709 0.264433 0.150136 0.003405 0.321239 0.000079
0.013011 0.246682 0.264230 0.150239 0.003413 0.322341 0.000084
0.013147 0.245773 0.263944 0.149958 0.003447 0.323651 0.000081
0.012951 0.245340 0.263782 0.149921 0.003470 0.324449 0.000086
0.013058 0.244590 0.263754 0.149986 0.003474 0.325049 0.000088
0.013091 0.243211 0.263224 0.149820 0.003489 0.327080 0.000085
0.013148 0.242500 0.263369 0.149684 0.003509 0.327703 0.000087
0.013185 0.241673 0.263295 0.149512 0.003482 0.328764 0.000091
0.013194 0.240658 0.262994 0.149599 0.003509 0.329954 0.000091
0.013186 0.239804 0.263040 0.149403 0.003532 0.330942 0.000094
0.013205 0.238936 0.262611 0.149352 0.003533 0.332270 0.000092
0.013212 0.238124 0.262637 0.149194 0.003555 0.333189 0.000090
0.013249 0.238083 0.262354 0.149030 0.003517 0.333673 0.000094
0.013256 0.236835 0.262305 0.148974 0.003532 0.335007 0.000092
0.013263 0.236498 0.262236 0.148949 0.003532 0.335429 0.000093
0.013324 0.235473 0.261833 0.148980 0.003548 0.336747 0.000094
0.013496 0.234679 0.261698 0.148967 0.003565 0.337497 0.000096
0.013489 0.234093 0.261705 0.148694 0.003566 0.338356 0.000097
0.013438 0.233111 0.261612 0.148607 0.003575 0.339560 0.000098
0.013456 0.231963 0.261420 0.148471 0.003603 0.340992 0.000095
0.013487 0.231297 0.261368 0.148578 0.003609 0.341562 0.000099
0.013521 0.230426 0.260900 0.148437 0.003619 0.342996 0.000100
0.013597 0.230219 0.260787 0.148329 0.003619 0.343358 0.000092
0.013579 0.229290 0.260688 0.148198 0.003601 0.344548 0.000096
0.013611 0.228416 0.260610 0.148216 0.003609 0.345442 0.000096
0.013621 0.227061 0.260035 0.148126 0.003661 0.347395 0.000101
0.013700 0.226425 0.259965 0.147934 0.003635 0.348244 0.000097
0.013640 0.226418 0.260212 0.147883 0.003654 0.348094 0.000099
0.013622 0.225599 0.260156 0.147561 0.003636 0.349317 0.000108
0.013786 0.224645 0.259616 0.147525 0.003666 0.350661 0.000101
0.013772 0.224110 0.259547 0.147742 0.003705 0.351021 0.000103
0.013860 0.223316 0.259238 0.147267 0.003676 0.352535 0.000108
0.013918 0.222463 0.258944 0.147311 0.003683 0.353580 0.000102
0.013774 0.222018 0.258774 0.147402 0.003709 0.354221 0.000101
0.013959 0.221472 0.258662 0.147254 0.003708 0.354836 0.000108
0.013972 0.220839 0.258221 0.147118 0.003731 0.356018 0.000101
0.013821 0.220344 0.258074 0.146928 0.003756 0.356976 0.000101
0.013963 0.219544 0.258227 0.146733 0.003749 0.357679 0.000105
0.014022 0.217901 0.257606 0.146565 0.003754 0.360050 0.000102
0.013999 0.217688 0.257682 0.146455 0.003747 0.360319 0.000109
0.014182 0.217593 0.257506 0.146405 0.003727 0.360485 0.000100
0.014109 0.216086 0.257104 0.146412 0.003745 0.362435 0.000109
0.014117 0.215844 0.256812 0.146229 0.003777 0.363121 0.000100
0.014153 0.215146 0.256679 0.146092 0.003748 0.364073 0.000109
0.014162 0.214457 0.256360 0.146222 0.003780 0.364913 0.000106
0.014290 0.213895 0.256501 0.145955 0.003826 0.365420 0.000113
0.014129 0.212891 0.255995 0.145897 0.003810 0.367170 0.000109
0.014403 0.211919 0.256052 0.145847 0.003791 0.367880 0.000107
0.014359 0.211770 0.255612 0.145602 0.003817 0.368733 0.000108
0.014323 0.211050 0.255345 0.145507 0.003813 0.369851 0.000110
0.014397 0.210444 0.255266 0.145296 0.003845 0.370643 0.000108
0.014408 0.209139 0.255088 0.145249 0.003835 0.372166 0.000114
0.014285 0.208670 0.255354 0.144872 0.003861 0.372852 0.000107
0.014461 0.208538 0.255074 0.144693 0.003860 0.373262 0.000113
0.014353 0.207655 0.254538 0.144866 0.003860 0.374616 0.000113
0.014503 0.206992 0.254292 0.144739 0.003871 0.375495 0.000109
0.014457 0.206424 0.254155 0.144426 0.003886 0.376539 0.000112
0.014487 0.205877 0.254092 0.144434 0.003901 0.377091 0.000117
0.014447 0.205227 0.253829 0.144229 0.003860 0.378296 0.000112
0.014565 0.204236 0.253323 0.144223 0.003874 0.379668 0.000111
0.014651 0.203918 0.253286 0.143947 0.003898 0.380185 0.000114
0.014652 0.203282 0.253101 0.143965 0.003936 0.380944 0.000119
0.014622 0.203171 0.252815 0.143882 0.003913 0.381477 0.000120
0.014804 0.202063 0.252777 0.143536 0.003945 0.382754 0.000121
0.014859 0.201169 0.252330 0.143691 0.003947 0.383889 0.000115
0.014828 0.200994 0.252147 0.143500 0.003939 0.384474 0.000117
0.014866 0.200330 0.252119 0.143253 0.003952 0.385364 0.000116
0.014803 0.199269 0.251934 0.143145 0.003946 0.386778 0.000125
0.014875 0.198534 0.251403 0.142944 0.003978 0.388148 0.000117
0.014996 0.198123 0.251207 0.143010 0.004003 0.388539 0.000122
0.014898 0.197786 0.251058 0.142879 0.003989 0.389263 0.000127
0.014956 0.197469 0.250832 0.142861 0.004001 0.389752 0.000130
0.014996 0.196460 0.250674 0.142601 0.004021 0.391122 0.000126
0.015071 0.195933 0.250385 0.142462 0.004028 0.392000 0.000120
0.015064 0.195689 0.250283 0.142526 0.004036 0.392280 0.000122
0.015111 0.194386 0.249964 0.142169 0.004045 0.394205 0.000120
0.015252 0.193835 0.249630 0.142049 0.004057 0.395055 0.000121
0.015292 0.193691 0.249383 0.142064 0.004054 0.395388 0.000127
0.015222 0.192759 0.249135 0.141857 0.004055 0.396842 0.000130
0.015302 0.192062 0.248825 0.141763 0.004060 0.397862 0.000126
0.015297 0.191134 0.248732 0.141667 0.004073 0.398971 0.000126
0.015304 0.191584 0.248620 0.141423 0.004062 0.398878 0.000129
0.015402 0.190886 0.248172 0.141424 0.004080 0.399905 0.000131
0.015349 0.190333 0.248268 0.141069 0.004127 0.400727 0.000127
0.015457 0.189492 0.248113 0.140984 0.004085 0.401734 0.000136
0.015462 0.188389 0.247555 0.140760 0.004109 0.403596 0.000129
0.015544 0.188068 0.247455 0.140788 0.004101 0.403913 0.000130
0.015416 0.187907 0.247104 0.140798 0.004111 0.404529 0.000135
0.015596 0.187165 0.246909 0.140634 0.004127 0.405432 0.000136
0.015556 0.186339 0.246660 0.140465 0.004134 0.406715 0.000131
0.015618 0.186222 0.246569 0.140154 0.004094 0.407208 0.000135
0.015591 0.185680 0.246237 0.140015 0.004169 0.408170 0.000139
0.015656 0.185172 0.246030 0.140041 0.004120 0.408847 0.000134
0.015809 0.184072 0.245883 0.139857 0.004123 0.410119 0.000137
0.015844 0.183396 0.245412 0.139538 0.004154 0.411526 0.000130
0.015804 0.183625 0.245489 0.139625 0.004163 0.411164 0.000131
0.015804 0.182764 0.245063 0.139416 0.004187 0.412630 0.000137
0.015827 0.182124 0.244978 0.139121 0.004172 0.413639 0.000139
0.015913 0.181997 0.244542 0.139159 0.004189 0.414060 0.000140
0.015740 0.181589 0.244891 0.139112 0.004182 0.414353 0.000133
0.015900 0.180799 0.244372 0.138838 0.004238 0.415709 0.000145
0.016055 0.180077 0.243839 0.138723 0.004218 0.416950 0.000138
0.015969 0.179711 0.243633 0.138531 0.004208 0.417805 0.000143
0.015933 0.178968 0.243270 0.138553 0.004230 0.418907 0.000141
0.016079 0.178291 0.243170 0.138140 0.004253 0.419924 0.000143
0.016102 0.178578 0.242903 0.138093 0.004241 0.419943 0.000140
0.016165 0.177538 0.242885 0.137942 0.004234 0.421091 0.000145
0.016122 0.177330 0.242450 0.137856 0.004266 0.421833 0.000142
0.016206 0.176118 0.241986 0.137686 0.004297 0.423570 0.000138
0.016242 0.175555 0.241771 0.137664 0.004291 0.424338 0.000139
0.016147 0.175368 0.241692 0.137263 0.004266 0.425119 0.000145
0.016264 0.174616 0.241098 0.137182 0.004316 0.426379 0.000145
0.016383 0.174193 0.241310 0.136969 0.004317 0.426680 0.000149
0.016334 0.173750 0.241056 0.137102 0.004333 0.427279 0.000145
0.016374 0.173898 0.240580 0.136869 0.004335 0.427797 0.000147
0.016412 0.172958 0.240429 0.136533 0.004327 0.429188 0.000153
0.016392 0.172710 0.240254 0.136609 0.004379 0.429511 0.000144
0.016438 0.172462 0.240128 0.136347 0.004349 0.430131 0.000145
0.016618 0.171308 0.239436 0.136040 0.004323 0.432123 0.000151
0.016574 0.171145 0.239427 0.136042 0.004352 0.432309 0.000150
0.016631 0.170667 0.238971 0.135852 0.004343 0.433379 0.000156
0.016614 0.170135 0.238687 0.135669 0.004361 0.434383 0.000152
0.016661 0.169356 0.238581 0.135291 0.004373 0.435590 0.000149
0.016665 0.169181 0.238466 0.135311 0.004373 0.435851 0.000153
0.016664 0.168465 0.237893 0.135208 0.004426 0.437198 0.000146
0.016713 0.167798 0.237708 0.134909 0.004402 0.438314 0.000155
0.017038 0.167538 0.237585 0.134814 0.004426 0.438439 0.000160
0.016898 0.167172 0.237219 0.134954 0.004474 0.439132 0.000151
0.016936 0.166774 0.237069 0.134495 0.004424 0.440138 0.000165
0.016976 0.166277 0.236686 0.134605 0.004426 0.440881 0.000149
0.017181 0.165937 0.236535 0.134594 0.004436 0.441156 0.000161
0.017129 0.165483 0.236016 0.134317 0.004464 0.442432 0.000158
0.017162 0.164908 0.235860 0.134150 0.004459 0.443308 0.000154
0.017210 0.164157 0.235575 0.133846 0.004488 0.444571 0.000152
0.017206 0.163795 0.235594 0.133581 0.004470 0.445185 0.000169
0.017248 0.163872 0.235048 0.133842 0.004461 0.445368 0.000162
0.017147 0.163077 0.234788 0.133479 0.004470 0.446885 0.000154
0.017319 0.162276 0.234571 0.133168 0.004518 0.447989 0.000158
0.017325 0.162146 0.234137 0.133009 0.004475 0.448749 0.000159
0.017291 0.161782 0.233907 0.133251 0.004446 0.449166 0.000157
0.017503 0.161155 0.233743 0.132891 0.004432 0.450111 0.000164
0.017578 0.160819 0.233791 0.132660 0.004476 0.450515 0.000162
0.017416 0.160485 0.233251 0.132432 0.004487 0.451764 0.000166
0.017560 0.159394 0.233058 0.132230 0.004508 0.453083 0.000167
0.017647 0.159299 0.232745 0.132049 0.004500 0.453591 0.000168
0.017655 0.158889 0.232269 0.131911 0.004496 0.454612 0.000168
0.017646 0.159057 0.232002 0.131710 0.004515 0.454902 0.000168
0.017729 0.158216 0.231754 0.131859 0.004530 0.455731 0.000181
0.017784 0.158066 0.231780 0.131678 0.004539 0.455981 0.000172
0.017793 0.157114 0.231284 0.131449 0.004551 0.457640 0.000169
0.017824 0.157244 0.231404 0.131393 0.004498 0.457466 0.000171
0.017662 0.156820 0.230987 0.131247 0.004553 0.458559 0.000173
0.017873 0.156256 0.230690 0.131087 0.004530 0.459390 0.000175
0.017826 0.155902 0.230642 0.130913 0.004547 0.459997 0.000172
0.017997 0.155313 0.229815 0.130798 0.004523 0.461383 0.000171
0.017921 0.154898 0.229902 0.130287 0.004553 0.462268 0.000171
0.017957 0.154569 0.229537 0.130242 0.004574 0.462952 0.000168
0.018169 0.154034 0.229173 0.130181 0.004566 0.463701 0.000176
0.018156 0.153406 0.228817 0.130190 0.004604 0.464644 0.000183
0.018208 0.153802 0.228994 0.129700 0.004569 0.464549 0.000178
0.018146 0.152793 0.228449 0.129595 0.004639 0.466198 0.000179
0.018173 0.152525 0.228402 0.129493 0.004609 0.466616 0.000181
0.018166 0.152014 0.228081 0.129407 0.004619 0.467528 0.000186
0.018252 0.151762 0.227625 0.129341 0.004613 0.468220 0.000187
0.018361 0.151226 0.227419 0.128984 0.004625 0.469207 0.000178
0.018369 0.150745 0.227092 0.128953 0.004607 0.470047 0.000186
0.018403 0.150600 0.226747 0.128920 0.004609 0.470538 0.000181
0.018345 0.150081 0.226342 0.128540 0.004635 0.471873 0.000184
0.018443 0.149740 0.226465 0.128663 0.004667 0.471833 0.000190
0.018476 0.149342 0.226101 0.128310 0.004637 0.472949 0.000185
0.018452 0.149057 0.225705 0.128216 0.004650 0.473737 0.000183
0.018641 0.148700 0.225732 0.128099 0.004644 0.473989 0.000194
0.018760 0.148497 0.225372 0.127623 0.004691 0.474865 0.000191
0.018924 0.147527 0.224910 0.127324 0.004686 0.476450 0.000179
0.018795 0.147645 0.224640 0.127654 0.004636 0.476429 0.000202
0.018740 0.147143 0.224405 0.127120 0.004639 0.477761 0.000192
0.018796 0.146891 0.224017 0.127047 0.004670 0.478392 0.000186
0.018853 0.146484 0.223689 0.126999 0.004706 0.479071 0.000197
0.018915 0.146040 0.223813 0.126916 0.004655 0.479462 0.000200
0.018980 0.145716 0.223328 0.126584 0.004706 0.480496 0.000190
0.019007 0.145141 0.223043 0.126290 0.004719 0.481606 0.000196
0.019062 0.144766 0.222620 0.126453 0.004686 0.482216 0.000195
0.018950 0.144159 0.222261 0.126040 0.004688 0.483715 0.000187
0.019079 0.144239 0.222204 0.125961 0.004728 0.483592 0.000198
0.019228 0.143866 0.222017 0.125991 0.004705 0.483999 0.000193
0.019197 0.143563 0.221845 0.125773 0.004732 0.484698 0.000192
0.019271 0.142828 0.221222 0.125334 0.004718 0.486436 0.000191
0.019365 0.142545 0.221033 0.125307 0.004726 0.486830 0.000194
0.019315 0.142686 0.220747 0.125263 0.004714 0.487081 0.000194
0.019310 0.141917 0.220280 0.125186 0.004730 0.488379 0.000198
0.019334 0.141812 0.220106 0.124908 0.004731 0.488911 0.000199
0.019390 0.141643 0.219840 0.124705 0.004753 0.489477 0.000193
0.019567 0.140886 0.219503 0.124685 0.004736 0.490430 0.000194
0.019547 0.140457 0.219421 0.124337 0.004751 0.491294 0.000192
0.019555 0.140333 0.219323 0.124090 0.004766 0.491728 0.000206
0.019496 0.139904 0.219011 0.124025 0.004746 0.492613 0.000205
0.019590 0.139528 0.218687 0.123924 0.004762 0.493309 0.000199
0.019801 0.138997 0.218070 0.123755 0.004777 0.494391 0.000210
0.019670 0.139220 0.217708 0.123672 0.004749 0.494781 0.000201
0.019801 0.138348 0.217442 0.123412 0.004750 0.496048 0.000200
0.019894 0.138640 0.217853 0.123142 0.004724 0.495542 0.000204
0.019944 0.137959 0.217156 0.123150 0.004789 0.496803 0.000199
0.019792 0.137484 0.216748 0.123283 0.004792 0.497699 0.000202
0.020086 0.137337 0.216419 0.122817 0.004746 0.498388 0.000206
0.019947 0.136849 0.215984 0.122738 0.004788 0.499485 0.000209
0.020185 0.136241 0.215648 0.122523 0.004760 0.500445 0.000197
0.020187 0.136255 0.215821 0.122378 0.004784 0.500363 0.000211
0.020046 0.135942 0.215561 0.122194 0.004802 0.501248 0.000206
0.020202 0.135542 0.215265 0.122059 0.004807 0.501916 0.000209
0.020166 0.135345 0.215066 0.121944 0.004801 0.502473 0.000205
0.020161 0.134906 0.214856 0.121793 0.004827 0.503243 0.000214
0.020369 0.134675 0.214467 0.121436 0.004810 0.504029 0.000213
0.020240 0.134041 0.214285 0.121338 0.004804 0.505080 0.000212
0.020559 0.133884 0.213701 0.121338 0.004787 0.505527 0.000203
0.020308 0.133814 0.213601 0.120984 0.004806 0.506276 0.000210
0.020563 0.133257 0.213355 0.121029 0.004832 0.506752 0.000212
0.020639 0.132869 0.212942 0.120614 0.004830 0.507885 0.000221
0.020721 0.132505 0.212584 0.120469 0.004875 0.508643 0.000204
