0.956024 0.043089 0.000601 0.000274 0.000000 0.000012 0.000000
0.918003 0.080133 0.001217 0.000608 0.000001 0.000038 0.000000
0.906636 0.091198 0.001393 0.000727 0.000000 0.000046 0.000000
0.896223 0.101319 0.001587 0.000820 0.000000 0.000051 0.000000
0.885833 0.111363 0.001798 0.000953 0.000000 0.000053 0.000000
0.873000 0.123790 0.002035 0.001120 0.000001 0.000054 0.000000
0.862784 0.133665 0.002248 0.001241 0.000001 0.000061 0.000000
0.848572 0.147408 0.002522 0.001435 0.000001 0.000063 0.000000
0.835743 0.159808 0.002819 0.001562 0.000002 0.000067 0.000000
0.822271 0.172831 0.003097 0.001718 0.000004 0.000078 0.000000
0.806944 0.187596 0.003472 0.001894 0.000004 0.000091 0.000000
0.793077 0.200931 0.003788 0.002101 0.000003 0.000100 0.000000
0.777362 0.215988 0.004203 0.002329 0.000003 0.000115 0.000000
0.762080 0.230578 0.004628 0.002577 0.000003 0.000135 0.000000
0.746188 0.245747 0.005073 0.002842 0.000003 0.000148 0.000000
0.732932 0.258393 0.005488 0.003022 0.000003 0.000162 0.000000
0.718080 0.272538 0.005921 0.003273 0.000003 0.000186 0.000000
0.701142 0.288656 0.006437 0.003556 0.000003 0.000206 0.000000
0.687439 0.301661 0.006840 0.003820 0.000003 0.000236 0.000000
0.672145 0.316081 0.007397 0.004114 0.000004 0.000258 0.000000
0.656909 0.330417 0.007927 0.004468 0.000004 0.000275 0.000000
0.643006 0.343485 0.008470 0.004742 0.000005 0.000293 0.000000
0.627285 0.358180 0.009103 0.005095 0.000006 0.000331 0.000000
0.612931 0.371531 0.009712 0.005462 0.000007 0.000357 0.000000
0.599120 0.384388 0.010287 0.005793 0.000007 0.000404 0.000000
0.584507 0.397867 0.010968 0.006216 0.000007 0.000436 0.000000
0.571657 0.409689 0.011608 0.006573 0.000007 0.000467 0.000000
0.558758 0.421489 0.012261 0.006971 0.000007 0.000514 0.000000
0.544954 0.434158 0.012939 0.007391 0.000008 0.000550 0.000000
0.530502 0.447326 0.013756 0.007812 0.000008 0.000596 0.000001
0.518887 0.457801 0.014407 0.008252 0.000009 0.000643 0.000001
0.506537 0.468791 0.015256 0.008720 0.000009 0.000686 0.000001
0.496688 0.477460 0.015972 0.009129 0.000009 0.000740 0.000001
0.485781 0.487173 0.016703 0.009546 0.000010 0.000787 0.000001
0.472130 0.499265 0.017641 0.010093 0.000010 0.000860 0.000001
0.462991 0.507020 0.018466 0.010594 0.000009 0.000919 0.000001
0.452999 0.515710 0.019253 0.011051 0.000010 0.000976 0.000001
0.443981 0.523410 0.020054 0.011497 0.000010 0.001047 0.000001
0.434543 0.531519 0.020881 0.011932 0.000011 0.001113 0.000000
0.424522 0.540003 0.021792 0.012478 0.000014 0.001192 0.000001
0.414002 0.548857 0.022812 0.013053 0.000016 0.001259 0.000001
0.405798 0.555567 0.023714 0.013553 0.000015 0.001352 0.000000
0.395857 0.563796 0.024726 0.014152 0.000020 0.001448 0.000000
0.389749 0.568623 0.025542 0.014542 0.000020 0.001523 0.000001
0.382043 0.574817 0.026430 0.015075 0.000020 0.001615 0.000000
0.370353 0.584494 0.027643 0.015772 0.000020 0.001718 0.000001
0.364825 0.588685 0.028433 0.016235 0.000019 0.001802 0.000000
0.357505 0.594109 0.029546 0.016880 0.000021 0.001938 0.000000
0.348299 0.601388 0.030686 0.017545 0.000023 0.002059 0.000000
0.341968 0.606132 0.031650 0.018067 0.000025 0.002157 0.000001
0.334805 0.611679 0.032583 0.018638 0.000025 0.002269 0.000001
0.327116 0.617398 0.033789 0.019271 0.000028 0.002399 0.000000
0.321199 0.621791 0.034651 0.019827 0.000028 0.002503 0.000000
0.309871 0.630371 0.036307 0.020743 0.000030 0.002678 0.000000
0.305730 0.633150 0.037124 0.021175 0.000029 0.002791 0.000000
0.301323 0.635732 0.038209 0.021782 0.000033 0.002920 0.000000
0.291164 0.643591 0.039608 0.022529 0.000035 0.003072 0.000000
0.284845 0.647874 0.040739 0.023264 0.000038 0.003240 0.000000
0.277606 0.652857 0.042089 0.024006 0.000040 0.003402 0.000000
0.275562 0.653450 0.042949 0.024473 0.000040 0.003525 0.000000
0.262483 0.662890 0.045103 0.025701 0.000047 0.003776 0.000000
0.255682 0.667366 0.046453 0.026463 0.000047 0.003989 0.000000
0.249681 0.671156 0.047774 0.027175 0.000047 0.004167 0.000001
0.249841 0.669619 0.048570 0.027616 0.000049 0.004304 0.000001
0.238654 0.677518 0.050543 0.028652 0.000050 0.004583 0.000001
0.236844 0.677143 0.051846 0.029351 0.000052 0.004763 0.000000
0.232781 0.679537 0.052850 0.029859 0.000054 0.004919 0.000000
0.225176 0.684113 0.054538 0.030944 0.000057 0.005171 0.000000
0.219322 0.687521 0.055966 0.031712 0.000058 0.005421 0.000000
0.217204 0.687043 0.057474 0.032512 0.000062 0.005705 0.000001
0.208934 0.692188 0.059307 0.033524 0.000063 0.005983 0.000001
0.209416 0.690605 0.059926 0.033819 0.000068 0.006165 0.000000
0.202387 0.693984 0.061923 0.035122 0.000070 0.006513 0.000000
0.196303 0.697937 0.063089 0.035838 0.000074 0.006759 0.000000
0.193975 0.697796 0.064534 0.036579 0.000074 0.007042 0.000001
0.192676 0.697277 0.065491 0.037233 0.000077 0.007246 0.000000
0.186944 0.699988 0.067210 0.038162 0.000083 0.007613 0.000000
0.184044 0.700563 0.068568 0.038835 0.000084 0.007906 0.000000
0.182269 0.699887 0.069856 0.039664 0.000087 0.008236 0.000001
0.181515 0.698195 0.071277 0.040386 0.000093 0.008534 0.000000
0.172912 0.703957 0.072902 0.041311 0.000098 0.008819 0.000001
0.176999 0.697656 0.074066 0.042006 0.000100 0.009173 0.000000
0.173606 0.698462 0.075507 0.042805 0.000103 0.009516 0.000000
0.168070 0.701321 0.077038 0.043681 0.000110 0.009779 0.000000
0.165663 0.700608 0.078744 0.044647 0.000118 0.010220 0.000001
0.165939 0.698676 0.079674 0.045123 0.000122 0.010465 0.000000
0.163142 0.698583 0.081308 0.045975 0.000122 0.010870 0.000001
0.162383 0.697102 0.082442 0.046728 0.000124 0.011219 0.000001
0.164575 0.694433 0.082580 0.046909 0.000128 0.011374 0.000001
0.160864 0.694457 0.084653 0.048009 0.000133 0.011882 0.000002
0.161580 0.692197 0.085387 0.048568 0.000138 0.012128 0.000002
0.158915 0.692206 0.086799 0.049337 0.000143 0.012600 0.000001
0.156001 0.692012 0.088470 0.050315 0.000147 0.013053 0.000001
0.150705 0.694125 0.090183 0.051360 0.000148 0.013477 0.000001
0.149131 0.693017 0.091645 0.052041 0.000158 0.014007 0.000001
0.150746 0.689881 0.092376 0.052568 0.000158 0.014269 0.000002
0.145511 0.692761 0.093595 0.053345 0.000166 0.014620 0.000002
0.142946 0.691645 0.095652 0.054425 0.000170 0.015161 0.000001
0.141087 0.691339 0.096771 0.055061 0.000176 0.015564 0.000001
0.138356 0.691206 0.098245 0.055955 0.000185 0.016051 0.000002
0.136074 0.691234 0.099478 0.056680 0.000181 0.016352 0.000002
0.133035 0.691474 0.100881 0.057502 0.000194 0.016912 0.000002
0.131058 0.690755 0.102197 0.058415 0.000205 0.017369 0.000002
0.135119 0.686779 0.102088 0.058323 0.000203 0.017486 0.000001
0.125911 0.690764 0.104971 0.059886 0.000214 0.018252 0.000002
0.127616 0.687239 0.105907 0.060411 0.000214 0.018612 0.000001
0.125614 0.687006 0.107094 0.061012 0.000219 0.019054 0.000002
0.126178 0.683965 0.108321 0.061800 0.000227 0.019506 0.000002
0.121867 0.685285 0.109896 0.062748 0.000232 0.019970 0.000001
0.119102 0.684508 0.111723 0.063762 0.000236 0.020668 0.000002
0.123880 0.679321 0.111835 0.063803 0.000238 0.020922 0.000002
0.123360 0.677775 0.112787 0.064452 0.000241 0.021384 0.000002
0.118602 0.677530 0.115483 0.065868 0.000256 0.022258 0.000001
0.121237 0.674713 0.115506 0.065858 0.000255 0.022429 0.000002
0.115815 0.676158 0.117598 0.067125 0.000256 0.023046 0.000002
0.116312 0.674015 0.118397 0.067565 0.000265 0.023444 0.000002
0.113103 0.673808 0.120182 0.068511 0.000282 0.024112 0.000002
0.112073 0.673245 0.120886 0.069023 0.000285 0.024486 0.000002
0.107782 0.674247 0.122534 0.070017 0.000299 0.025120 0.000002
0.105936 0.673156 0.124103 0.070799 0.000294 0.025710 0.000002
0.104748 0.671235 0.125701 0.071653 0.000305 0.026356 0.000002
0.100301 0.671926 0.127641 0.072706 0.000306 0.027119 0.000002
0.098591 0.671309 0.128701 0.073452 0.000317 0.027628 0.000002
0.097583 0.670664 0.129456 0.073915 0.000322 0.028058 0.000002
0.097423 0.668956 0.130438 0.074368 0.000335 0.028477 0.000002
0.090441 0.670544 0.133245 0.075959 0.000343 0.029466 0.000002
0.089285 0.668999 0.134690 0.076605 0.000353 0.030067 0.000002
0.088259 0.668645 0.135239 0.076933 0.000355 0.030567 0.000002
0.082136 0.669204 0.138114 0.078667 0.000369 0.031508 0.000001
0.080647 0.668401 0.139055 0.079364 0.000382 0.032150 0.000002
0.079286 0.667239 0.140205 0.080092 0.000389 0.032787 0.000002
0.076610 0.665694 0.142352 0.081370 0.000404 0.033569 0.000002
0.073951 0.666543 0.143271 0.081744 0.000409 0.034079 0.000002
0.072955 0.664553 0.144752 0.082509 0.000417 0.034813 0.000002
0.070481 0.663459 0.146535 0.083386 0.000425 0.035711 0.000003
0.068329 0.662970 0.147716 0.084210 0.000435 0.036338 0.000002
0.066705 0.660549 0.149810 0.085338 0.000450 0.037147 0.000002
0.062886 0.661374 0.151313 0.086160 0.000449 0.037816 0.000002
0.062700 0.659088 0.152497 0.086735 0.000464 0.038515 0.000002
0.061424 0.657705 0.153603 0.087532 0.000466 0.039268 0.000002
0.058595 0.656255 0.155698 0.088638 0.000485 0.040327 0.000002
0.059051 0.654235 0.156431 0.089010 0.000495 0.040777 0.000002
0.056605 0.652599 0.158503 0.090091 0.000500 0.041700 0.000002
0.056938 0.650014 0.159475 0.090712 0.000512 0.042348 0.000002
0.060871 0.645632 0.159457 0.090711 0.000511 0.042814 0.000003
0.061567 0.641864 0.160924 0.091452 0.000534 0.043656 0.000003
0.060784 0.640539 0.161952 0.092051 0.000540 0.044131 0.000003
0.061391 0.637326 0.162884 0.092794 0.000554 0.045049 0.000002
0.057251 0.637513 0.164941 0.093889 0.000565 0.045838 0.000003
0.057866 0.634115 0.166180 0.094486 0.000573 0.046777 0.000003
0.060773 0.630900 0.166181 0.094499 0.000569 0.047075 0.000003
0.057215 0.629715 0.168440 0.095750 0.000579 0.048298 0.000003
0.061776 0.624496 0.168509 0.095769 0.000601 0.048845 0.000004
0.058956 0.626245 0.168885 0.096171 0.000589 0.049149 0.000004
0.056842 0.624003 0.170996 0.097363 0.000608 0.050184 0.000004
0.055807 0.621953 0.172308 0.098140 0.000629 0.051160 0.000004
0.053435 0.620637 0.174255 0.098994 0.000634 0.052040 0.000005
0.054542 0.619275 0.174182 0.098920 0.000640 0.052437 0.000003
0.053566 0.618186 0.174974 0.099471 0.000630 0.053168 0.000005
0.050423 0.617785 0.176448 0.100558 0.000660 0.054122 0.000005
0.050363 0.615386 0.177490 0.101129 0.000664 0.054964 0.000004
0.049075 0.615047 0.178410 0.101452 0.000675 0.055337 0.000005
0.047543 0.612059 0.180201 0.102614 0.000679 0.056898 0.000006
0.045854 0.611446 0.181229 0.103104 0.000682 0.057679 0.000006
0.043060 0.610508 0.183114 0.103964 0.000681 0.058667 0.000006
0.041960 0.609562 0.183640 0.104743 0.000710 0.059377 0.000007
0.037783 0.608089 0.186455 0.106033 0.000725 0.060908 0.000007
0.038847 0.607139 0.186121 0.106011 0.000710 0.061167 0.000007
0.036468 0.605768 0.187907 0.106962 0.000718 0.062171 0.000007
0.036771 0.604381 0.188205 0.107160 0.000735 0.062744 0.000005
0.034607 0.602752 0.189874 0.108171 0.000753 0.063837 0.000007
0.032305 0.601066 0.191701 0.109041 0.000771 0.065108 0.000008
0.031959 0.599943 0.192236 0.109474 0.000779 0.065602 0.000008
0.029297 0.597075 0.194876 0.110820 0.000801 0.067122 0.000009
0.028229 0.595231 0.196029 0.111446 0.000813 0.068243 0.000009
0.027756 0.594887 0.196391 0.111603 0.000813 0.068542 0.000008
0.026992 0.592199 0.197700 0.112500 0.000828 0.069772 0.000008
0.027200 0.590422 0.198266 0.112848 0.000835 0.070422 0.000007
0.025764 0.588598 0.199871 0.113509 0.000828 0.071423 0.000008
0.024617 0.585121 0.201895 0.114581 0.000881 0.072898 0.000008
0.024624 0.582477 0.202790 0.115241 0.000883 0.073975 0.000011
0.024583 0.582833 0.202700 0.115020 0.000897 0.073959 0.000009
0.023308 0.579366 0.204679 0.116295 0.000889 0.075453 0.000010
0.023307 0.578290 0.204886 0.116499 0.000891 0.076117 0.000010
0.022615 0.576721 0.205930 0.116979 0.000913 0.076833 0.000009
0.027036 0.571233 0.206234 0.116988 0.000908 0.077593 0.000009
0.027661 0.567724 0.207206 0.117653 0.000922 0.078823 0.000011
0.026901 0.566694 0.207912 0.118176 0.000943 0.079363 0.000011
0.025150 0.564004 0.209827 0.119175 0.000949 0.080885 0.000010
0.026630 0.562680 0.209522 0.118940 0.000947 0.081270 0.000012
0.025845 0.558847 0.211340 0.120086 0.000971 0.082901 0.000010
0.027755 0.558349 0.210566 0.119638 0.000953 0.082726 0.000012
0.024725 0.556267 0.212548 0.120945 0.000987 0.084516 0.000013
0.026904 0.554874 0.212092 0.120700 0.000990 0.084428 0.000011
0.025224 0.551549 0.214019 0.121935 0.000993 0.086270 0.000011
0.024930 0.549065 0.215193 0.122323 0.001011 0.087466 0.000012
0.026261 0.549036 0.214441 0.121895 0.001021 0.087336 0.000009
0.024870 0.546472 0.215935 0.122793 0.001039 0.088879 0.000011
0.026499 0.544744 0.215683 0.122787 0.001033 0.089242 0.000012
0.024995 0.543760 0.216906 0.123129 0.001044 0.090155 0.000010
0.022629 0.540826 0.219168 0.124483 0.001070 0.091810 0.000013
0.022849 0.538263 0.219679 0.124961 0.001066 0.093172 0.000011
0.022306 0.536387 0.220665 0.125275 0.001093 0.094261 0.000013
0.022373 0.537149 0.220253 0.125171 0.001088 0.093954 0.000012
0.020594 0.534624 0.221934 0.126155 0.001104 0.095575 0.000012
0.021339 0.533048 0.222051 0.126263 0.001136 0.096151 0.000013
0.021313 0.531384 0.222433 0.126652 0.001137 0.097068 0.000012
0.020231 0.529713 0.223615 0.127274 0.001130 0.098024 0.000014
0.019417 0.527488 0.224676 0.127853 0.001160 0.099392 0.000015
0.019067 0.524382 0.225962 0.128374 0.001172 0.101028 0.000015
0.018655 0.523534 0.226172 0.128673 0.001189 0.101764 0.000012
0.019573 0.521789 0.226461 0.128691 0.001214 0.102259 0.000014
0.018581 0.521280 0.226946 0.129146 0.001205 0.102826 0.000015
0.017597 0.516859 0.228933 0.130431 0.001233 0.104935 0.000012
0.018344 0.514980 0.228977 0.130459 0.001240 0.105986 0.000014
0.017359 0.514415 0.229778 0.130868 0.001250 0.106315 0.000016
0.017526 0.512741 0.230193 0.131080 0.001263 0.107183 0.000015
0.017346 0.512514 0.230273 0.130941 0.001265 0.107646 0.000016
0.017197 0.508203 0.231814 0.131906 0.001278 0.109586 0.000015
0.016642 0.506977 0.232422 0.132326 0.001280 0.110340 0.000013
0.017462 0.503456 0.233177 0.132831 0.001309 0.111750 0.000015
0.021603 0.501040 0.232301 0.132155 0.001318 0.111568 0.000014
0.022210 0.498418 0.232986 0.132508 0.001290 0.112575 0.000013
0.020151 0.497776 0.233888 0.132971 0.001322 0.113877 0.000015
0.023560 0.493032 0.234159 0.132990 0.001334 0.114913 0.000012
0.024104 0.493061 0.233707 0.132635 0.001355 0.115125 0.000013
0.022426 0.490131 0.235219 0.133678 0.001377 0.117155 0.000014
0.022060 0.489662 0.235718 0.133664 0.001390 0.117490 0.000016
0.021894 0.488556 0.235886 0.134024 0.001392 0.118233 0.000015
0.026702 0.484207 0.235084 0.133668 0.001394 0.118929 0.000016
0.025672 0.483061 0.235857 0.134021 0.001407 0.119966 0.000016
0.030461 0.480335 0.234472 0.133515 0.001371 0.119830 0.000016
0.029026 0.478895 0.235536 0.133745 0.001397 0.121386 0.000014
0.028584 0.477585 0.236097 0.134195 0.001415 0.122108 0.000016
0.027531 0.476193 0.237111 0.134483 0.001448 0.123217 0.000017
0.029317 0.473485 0.236948 0.134483 0.001450 0.124301 0.000015
0.029173 0.472990 0.237057 0.134531 0.001451 0.124783 0.000015
0.025627 0.472381 0.238638 0.135481 0.001480 0.126377 0.000017
0.026390 0.471009 0.238647 0.135538 0.001463 0.126938 0.000015
0.027119 0.469602 0.238514 0.135452 0.001473 0.127824 0.000016
0.026081 0.468243 0.239290 0.135958 0.001481 0.128931 0.000016
0.024455 0.465972 0.240489 0.136384 0.001522 0.131160 0.000019
0.024757 0.465199 0.240463 0.136605 0.001534 0.131426 0.000017
0.021612 0.463247 0.242411 0.137543 0.001542 0.133628 0.000018
0.022142 0.462396 0.242411 0.137502 0.001533 0.133998 0.000019
0.023633 0.461993 0.241641 0.137123 0.001537 0.134055 0.000018
0.021655 0.460338 0.242938 0.137996 0.001556 0.135499 0.000018
0.019954 0.458779 0.244091 0.138610 0.001591 0.136955 0.000020
0.020274 0.457775 0.244065 0.138602 0.001587 0.137676 0.000021
0.020954 0.454688 0.244766 0.139032 0.001579 0.138963 0.000019
0.023719 0.452529 0.243867 0.138590 0.001603 0.139672 0.000021
0.024441 0.450534 0.244497 0.138554 0.001623 0.140330 0.000020
0.024614 0.448251 0.244820 0.139070 0.001612 0.141614 0.000020
0.023376 0.446046 0.246010 0.139691 0.001643 0.143212 0.000021
0.023897 0.444800 0.246193 0.139613 0.001632 0.143847 0.000019
0.025341 0.444182 0.245353 0.139397 0.001646 0.144060 0.000021
0.023671 0.442403 0.246747 0.140010 0.001662 0.145487 0.000021
0.024230 0.439953 0.247032 0.140299 0.001667 0.146798 0.000022
0.023530 0.440356 0.247097 0.140365 0.001667 0.146962 0.000023
0.022675 0.437687 0.248249 0.140732 0.001695 0.148940 0.000021
0.020524 0.436732 0.249165 0.141542 0.001712 0.150300 0.000024
0.021475 0.437549 0.248353 0.140893 0.001690 0.150014 0.000026
0.020610 0.433100 0.249987 0.141822 0.001731 0.152727 0.000023
0.020152 0.433334 0.249863 0.141816 0.001735 0.153074 0.000026
0.020334 0.431109 0.250178 0.142103 0.001756 0.154491 0.000028
0.019607 0.431753 0.250256 0.142159 0.001748 0.154450 0.000027
0.020340 0.429985 0.250306 0.142027 0.001757 0.155561 0.000025
0.018054 0.428340 0.251792 0.142802 0.001775 0.157211 0.000025
0.018090 0.425856 0.252199 0.143123 0.001813 0.158894 0.000025
0.018678 0.424991 0.252015 0.143067 0.001804 0.159419 0.000025
0.017798 0.423744 0.252493 0.143424 0.001853 0.160663 0.000025
0.016534 0.420772 0.253720 0.144282 0.001852 0.162814 0.000026
0.015698 0.419328 0.254686 0.144684 0.001871 0.163706 0.000026
0.015999 0.419111 0.254463 0.144466 0.001855 0.164081 0.000026
0.016043 0.417901 0.254317 0.144507 0.001875 0.165330 0.000027
0.016046 0.416654 0.254591 0.144439 0.001873 0.166369 0.000028
0.015034 0.414342 0.255592 0.145351 0.001887 0.167766 0.000027
0.015294 0.413208 0.255653 0.145360 0.001899 0.168558 0.000028
0.014487 0.411841 0.256444 0.145535 0.001940 0.169725 0.000028
0.014003 0.407997 0.257832 0.146256 0.001960 0.171925 0.000026
0.014448 0.408191 0.257125 0.145981 0.001929 0.172295 0.000030
0.014178 0.406569 0.257557 0.146123 0.001958 0.173586 0.000029
0.013890 0.404741 0.258128 0.146500 0.001950 0.174758 0.000034
0.014047 0.403107 0.257989 0.146647 0.001994 0.176183 0.000032
0.013934 0.401196 0.258505 0.146857 0.001986 0.177494 0.000027
0.013488 0.399475 0.259158 0.147142 0.002009 0.178698 0.000031
0.013558 0.399508 0.259158 0.147042 0.002002 0.178704 0.000029
0.013309 0.397943 0.259448 0.147136 0.002031 0.180100 0.000033
0.013729 0.396191 0.259260 0.147233 0.002030 0.181520 0.000035
0.013260 0.394086 0.260326 0.147566 0.002057 0.182672 0.000034
0.013317 0.393658 0.259891 0.147515 0.002078 0.183507 0.000033
0.013152 0.391817 0.260655 0.147898 0.002036 0.184405 0.000036
0.012892 0.388770 0.261218 0.148220 0.002090 0.186776 0.000034
0.013318 0.389679 0.260676 0.147792 0.002120 0.186385 0.000031
0.012796 0.386916 0.261320 0.148631 0.002104 0.188199 0.000034
0.012940 0.385275 0.261707 0.148576 0.002120 0.189348 0.000035
0.012877 0.385501 0.261489 0.148425 0.002106 0.189563 0.000039
0.012635 0.381918 0.262045 0.148960 0.002162 0.192244 0.000036
0.012663 0.381908 0.262185 0.148792 0.002153 0.192261 0.000038
0.012772 0.379914 0.262354 0.148840 0.002181 0.193896 0.000043
0.013046 0.379375 0.262113 0.148801 0.002167 0.194459 0.000039
0.012671 0.378411 0.262315 0.149135 0.002157 0.195272 0.000040
0.012655 0.375945 0.262798 0.149145 0.002197 0.197220 0.000039
0.012540 0.374221 0.263330 0.149565 0.002184 0.198121 0.000038
0.012511 0.372327 0.263731 0.149517 0.002222 0.199655 0.000037
0.012592 0.372627 0.263446 0.149427 0.002229 0.199644 0.000034
0.012391 0.370678 0.263812 0.149764 0.002221 0.201096 0.000038
0.012512 0.369489 0.264109 0.149853 0.002218 0.201781 0.000038
0.012410 0.368175 0.264112 0.149819 0.002231 0.203212 0.000040
0.012365 0.366411 0.264648 0.150056 0.002268 0.204215 0.000037
0.012449 0.365160 0.264582 0.150102 0.002246 0.205420 0.000039
0.012384 0.363978 0.264660 0.150140 0.002292 0.206506 0.000040
0.012490 0.362481 0.264765 0.150183 0.002313 0.207726 0.000042
0.012391 0.361500 0.265025 0.150396 0.002293 0.208356 0.000040
0.012420 0.357984 0.265692 0.150676 0.002305 0.210884 0.000039
0.012434 0.358698 0.265180 0.150513 0.002306 0.210828 0.000041
0.012291 0.356175 0.265614 0.150776 0.002321 0.212782 0.000042
0.012432 0.356897 0.265151 0.150582 0.002334 0.212562 0.000042
0.012214 0.354129 0.266049 0.150865 0.002377 0.214324 0.000042
0.012172 0.352007 0.266268 0.151146 0.002395 0.215968 0.000043
0.012220 0.351094 0.266255 0.151206 0.002370 0.216815 0.000040
0.012289 0.350615 0.266284 0.151018 0.002400 0.217354 0.000040
0.012254 0.349192 0.266580 0.151013 0.002384 0.218533 0.000044
0.012381 0.349021 0.266044 0.151010 0.002375 0.219124 0.000045
0.012416 0.348387 0.266158 0.150824 0.002393 0.219776 0.000045
0.012251 0.346339 0.266505 0.151348 0.002390 0.221124 0.000043
0.012279 0.345414 0.266550 0.151125 0.002436 0.222154 0.000043
0.012236 0.343902 0.266715 0.151161 0.002449 0.223493 0.000044
0.012303 0.341691 0.266957 0.151554 0.002436 0.225011 0.000047
0.012174 0.340630 0.267080 0.151477 0.002479 0.226114 0.000046
0.012211 0.339535 0.267305 0.151507 0.002472 0.226919 0.000051
0.012324 0.338356 0.267147 0.151260 0.002473 0.228392 0.000048
0.012363 0.338131 0.266976 0.151428 0.002505 0.228544 0.000053
0.012180 0.334804 0.267552 0.151920 0.002545 0.230951 0.000049
0.012112 0.335407 0.267324 0.151427 0.002507 0.231170 0.000053
0.012262 0.334233 0.267552 0.151483 0.002545 0.231878 0.000047
0.012482 0.332751 0.267382 0.151467 0.002570 0.233300 0.000047
0.012265 0.332114 0.267530 0.151559 0.002548 0.233937 0.000047
0.012276 0.330756 0.267531 0.151730 0.002567 0.235090 0.000051
0.013330 0.328799 0.267430 0.151555 0.002594 0.236245 0.000047
0.018550 0.325544 0.265938 0.150762 0.002613 0.236539 0.000052
0.019449 0.325531 0.265679 0.150348 0.002560 0.236383 0.000050
0.019171 0.323509 0.265867 0.150419 0.002621 0.238360 0.000054
0.021956 0.322679 0.264669 0.150245 0.002613 0.237786 0.000053
0.019961 0.322612 0.265419 0.150264 0.002604 0.239090 0.000052
0.020905 0.320405 0.265215 0.150283 0.002613 0.240529 0.000050
0.023123 0.319068 0.264334 0.149680 0.002631 0.241109 0.000055
0.022401 0.319983 0.264367 0.149758 0.002625 0.240812 0.000054
0.021709 0.319680 0.264210 0.149687 0.002636 0.242024 0.000054
0.020646 0.317678 0.264553 0.150091 0.002632 0.244345 0.000054
0.019243 0.317903 0.265032 0.150240 0.002647 0.244877 0.000057
0.018045 0.315173 0.265933 0.150647 0.002658 0.247487 0.000056
0.017774 0.314726 0.265809 0.150604 0.002696 0.248335 0.000056
0.019523 0.315707 0.264527 0.149894 0.002708 0.247585 0.000057
0.017022 0.314014 0.265951 0.150626 0.002703 0.249628 0.000056
0.017887 0.312628 0.265292 0.150378 0.002694 0.251059 0.000062
0.016809 0.311568 0.265839 0.150438 0.002744 0.252546 0.000056
0.017557 0.312693 0.265069 0.150226 0.002710 0.251687 0.000058
0.016147 0.310450 0.265984 0.150574 0.002720 0.254065 0.000060
0.016626 0.308750 0.266048 0.150643 0.002753 0.255123 0.000058
0.015988 0.308579 0.265851 0.150775 0.002710 0.256031 0.000065
0.016544 0.308951 0.265219 0.150488 0.002755 0.255982 0.000062
0.014633 0.306480 0.266567 0.150972 0.002784 0.258500 0.000064
0.014869 0.305089 0.266235 0.151013 0.002808 0.259923 0.000063
0.014335 0.302960 0.267192 0.151127 0.002813 0.261508 0.000064
0.015123 0.303920 0.266129 0.150647 0.002787 0.261331 0.000063
0.014687 0.302576 0.266459 0.150767 0.002852 0.262595 0.000064
0.013950 0.299177 0.266785 0.151139 0.002860 0.266023 0.000066
0.013589 0.297871 0.267484 0.151296 0.002901 0.266794 0.000065
0.013482 0.297665 0.267371 0.151269 0.002857 0.267287 0.000069
0.013741 0.296996 0.266957 0.151160 0.002889 0.268188 0.000070
0.014070 0.296698 0.266204 0.150757 0.002898 0.269305 0.000068
0.013371 0.295046 0.267338 0.151397 0.002875 0.269906 0.000067
0.013421 0.294286 0.267148 0.150825 0.002879 0.271372 0.000069
0.013589 0.293580 0.266641 0.151087 0.002926 0.272105 0.000071
0.013267 0.291389 0.267459 0.151410 0.002929 0.273476 0.000069
0.013214 0.290393 0.267335 0.151356 0.002952 0.274681 0.000071
0.013218 0.289340 0.267206 0.151166 0.002995 0.276003 0.000073
0.013355 0.290268 0.266925 0.150867 0.002949 0.275560 0.000075
0.013668 0.288857 0.266358 0.150963 0.002955 0.277128 0.000072
0.013117 0.285595 0.267194 0.151488 0.003004 0.279526 0.000077
0.013171 0.285815 0.266895 0.150856 0.003028 0.280161 0.000073
0.012856 0.283875 0.267187 0.151365 0.003013 0.281626 0.000077
0.013101 0.283075 0.267017 0.151153 0.003021 0.282560 0.000074
0.013098 0.282076 0.267068 0.151306 0.003039 0.283338 0.000074
0.013063 0.281438 0.266747 0.151053 0.003052 0.284570 0.000076
0.012995 0.279570 0.267054 0.151011 0.003086 0.286204 0.000082
0.013175 0.278648 0.266980 0.151056 0.003044 0.287015 0.000081
0.013065 0.279485 0.266643 0.150634 0.003067 0.287030 0.000075
0.013140 0.278067 0.266407 0.150838 0.003097 0.288370 0.000081
0.012881 0.276857 0.266978 0.150953 0.003072 0.289178 0.000082
0.013026 0.274788 0.266814 0.150935 0.003091 0.291262 0.000083
0.012973 0.273126 0.266893 0.151063 0.003073 0.292792 0.000080
0.013052 0.272135 0.266763 0.150919 0.003149 0.293904 0.000078
0.013041 0.273159 0.266457 0.150732 0.003109 0.293421 0.000083
0.013164 0.272031 0.266584 0.150807 0.003117 0.294215 0.000081
0.013049 0.270460 0.266414 0.150840 0.003148 0.296007 0.000082
0.012806 0.268263 0.266690 0.150804 0.003162 0.298197 0.000078
0.013107 0.268454 0.266236 0.150752 0.003123 0.298241 0.000087
0.013327 0.268434 0.265689 0.150525 0.003152 0.298787 0.000085
0.012967 0.266010 0.266087 0.150915 0.003191 0.300749 0.000081
0.013017 0.265432 0.266277 0.150592 0.003189 0.301409 0.000084
0.013209 0.267723 0.265520 0.150089 0.003205 0.300172 0.000083
0.013096 0.264038 0.265929 0.150192 0.003182 0.303479 0.000083
0.013107 0.263969 0.265801 0.150204 0.003179 0.303658 0.000081
0.013202 0.261996 0.265561 0.150579 0.003243 0.305336 0.000083
0.013054 0.261582 0.265390 0.150410 0.003216 0.306266 0.000083
0.013135 0.260919 0.265554 0.150071 0.003209 0.307022 0.000090
0.013123 0.259620 0.265437 0.150329 0.003234 0.308174 0.000082
0.013114 0.259292 0.265424 0.150176 0.003254 0.308649 0.000091
0.013271 0.258529 0.264985 0.150053 0.003257 0.309816 0.000089
0.013201 0.257557 0.264905 0.150059 0.003251 0.310945 0.000081
0.013183 0.256795 0.264998 0.149826 0.003275 0.311837 0.000086
0.013156 0.254362 0.264664 0.150074 0.003297 0.314367 0.000081
0.013361 0.254854 0.264723 0.149638 0.003299 0.314039 0.000086
0.013132 0.254549 0.264820 0.149827 0.003286 0.314297 0.000090
0.013198 0.252249 0.264471 0.149711 0.003298 0.316984 0.000090
0.013280 0.251864 0.264618 0.149744 0.003296 0.317105 0.000093
0.013298 0.251162 0.264312 0.149432 0.003320 0.318379 0.000096
0.013396 0.250219 0.264304 0.149328 0.003328 0.319334 0.000091
0.013298 0.249411 0.264025 0.149123 0.003356 0.320698 0.000088
0.013325 0.247431 0.263882 0.149328 0.003366 0.322573 0.000094
0.013445 0.247383 0.263801 0.149108 0.003345 0.322822 0.000095
0.013483 0.247656 0.263277 0.149101 0.003368 0.323024 0.000091
0.013474 0.246516 0.263159 0.148612 0.003394 0.324749 0.000096
0.013426 0.245486 0.263224 0.148925 0.003388 0.325459 0.000092
0.013550 0.244800 0.263273 0.148803 0.003394 0.326088 0.000093
0.013527 0.243857 0.263160 0.148571 0.003412 0.327377 0.000095
0.013430 0.242668 0.263008 0.148467 0.003424 0.328910 0.000093
0.013489 0.242094 0.262788 0.148573 0.003403 0.329563 0.000091
0.013680 0.241007 0.262342 0.148639 0.003431 0.330804 0.000097
0.013648 0.240248 0.262331 0.148385 0.003411 0.331880 0.000097
0.013623 0.238415 0.262337 0.148449 0.003494 0.333588 0.000094
0.013718 0.237915 0.261844 0.148321 0.003464 0.334640 0.000097
0.013623 0.237754 0.261999 0.148373 0.003466 0.334679 0.000106
0.013669 0.236890 0.261757 0.148024 0.003450 0.336105 0.000104
0.013699 0.236770 0.261449 0.147834 0.003482 0.336668 0.000098
0.013752 0.235130 0.261422 0.147886 0.003507 0.338204 0.000099
0.013761 0.234592 0.261196 0.147976 0.003521 0.338857 0.000097
0.013755 0.234666 0.261104 0.147878 0.003481 0.339016 0.000101
0.013697 0.232519 0.261355 0.147821 0.003548 0.340957 0.000103
0.013938 0.231426 0.260773 0.147696 0.003511 0.342555 0.000102
0.013929 0.231680 0.260310 0.147575 0.003563 0.342834 0.000108
0.013912 0.229744 0.260924 0.147548 0.003573 0.344194 0.000104
0.013920 0.229277 0.260695 0.147626 0.003553 0.344826 0.000104
0.013691 0.229049 0.260161 0.147141 0.003597 0.346254 0.000106
0.013880 0.229201 0.259933 0.147009 0.003534 0.346330 0.000113
0.013920 0.227636 0.259919 0.147007 0.003578 0.347831 0.000108
0.013937 0.227805 0.259660 0.146987 0.003579 0.347927 0.000106
0.013980 0.225889 0.259292 0.146873 0.003612 0.350240 0.000115
0.013885 0.224833 0.259285 0.146706 0.003607 0.351574 0.000110
0.014042 0.224784 0.259029 0.146688 0.003611 0.351739 0.000107
0.013992 0.224359 0.258919 0.146438 0.003623 0.352562 0.000109
0.013916 0.223402 0.258710 0.146386 0.003630 0.353841 0.000114
0.014211 0.222796 0.258605 0.146299 0.003629 0.354349 0.000112
0.014054 0.221698 0.258169 0.146080 0.003638 0.356252 0.000108
0.014190 0.221165 0.257830 0.146090 0.003669 0.356936 0.000121
0.014145 0.221533 0.257825 0.146103 0.003673 0.356602 0.000118
0.014230 0.219296 0.257827 0.145758 0.003682 0.359093 0.000114
0.014349 0.219171 0.257356 0.145818 0.003697 0.359493 0.000116
0.014307 0.218932 0.257325 0.145262 0.003717 0.360346 0.000111
0.014357 0.218228 0.257163 0.145516 0.003722 0.360899 0.000115
0.014315 0.216722 0.256913 0.145481 0.003703 0.362745 0.000121
0.014270 0.216967 0.256796 0.145098 0.003702 0.363039 0.000128
0.014333 0.216219 0.256910 0.145316 0.003727 0.363382 0.000113
0.014384 0.215557 0.256637 0.145273 0.003762 0.364262 0.000123
0.014491 0.213616 0.256173 0.145033 0.003791 0.366772 0.000124
0.014485 0.213117 0.255982 0.144862 0.003733 0.367704 0.000116
0.014663 0.213447 0.255771 0.144690 0.003766 0.367544 0.000119
0.014555 0.212150 0.255536 0.144600 0.003772 0.369264 0.000124
0.014491 0.211295 0.255577 0.144466 0.003799 0.370249 0.000123
0.014533 0.210697 0.255146 0.144302 0.003803 0.371396 0.000123
0.014569 0.209878 0.254790 0.144507 0.003749 0.372386 0.000121
0.014500 0.209156 0.254657 0.144243 0.003788 0.373532 0.000123
0.014684 0.208217 0.254385 0.144109 0.003853 0.374634 0.000119
0.014742 0.208397 0.253986 0.143915 0.003830 0.375005 0.000125
0.014649 0.208179 0.254117 0.143728 0.003798 0.375401 0.000127
0.014783 0.207134 0.253763 0.143948 0.003864 0.376389 0.000120
0.014652 0.206706 0.253275 0.143736 0.003841 0.377662 0.000128
0.014869 0.205604 0.253160 0.143512 0.003829 0.378902 0.000124
0.014835 0.205522 0.253250 0.143274 0.003887 0.379101 0.000131
0.014870 0.204238 0.252918 0.143252 0.003859 0.380739 0.000124
0.014840 0.203388 0.252640 0.142854 0.003900 0.382249 0.000129
0.014847 0.204039 0.252496 0.142953 0.003839 0.381696 0.000130
0.014845 0.202691 0.252589 0.142902 0.003879 0.382961 0.000133
0.015090 0.202269 0.251751 0.142653 0.003895 0.384214 0.000128
0.015138 0.201413 0.251560 0.142762 0.003893 0.385099 0.000135
0.015103 0.200580 0.251500 0.142460 0.003859 0.386365 0.000132
0.015183 0.199768 0.251120 0.142390 0.003956 0.387453 0.000130
0.015163 0.200366 0.251025 0.142196 0.003890 0.387230 0.000129
0.015222 0.199090 0.250920 0.142029 0.003921 0.388689 0.000128
0.015087 0.198042 0.250789 0.141972 0.003909 0.390070 0.000131
0.015216 0.198348 0.250159 0.141928 0.003929 0.390287 0.000132
0.015303 0.196463 0.250263 0.141647 0.003973 0.392216 0.000136
0.015221 0.196335 0.249527 0.141441 0.003942 0.393395 0.000138
0.015407 0.195312 0.249833 0.141434 0.003935 0.393946 0.000133
0.015484 0.195818 0.249439 0.141306 0.003951 0.393867 0.000135
0.015289 0.194437 0.249381 0.141283 0.003966 0.395513 0.000131
0.015283 0.194240 0.249033 0.141146 0.003952 0.396211 0.000135
0.015436 0.193316 0.248886 0.140836 0.004004 0.397385 0.000137
0.015429 0.192318 0.248484 0.140970 0.004001 0.398661 0.000136
0.015482 0.192597 0.248046 0.140782 0.004037 0.398913 0.000143
0.015635 0.191411 0.247994 0.140505 0.004026 0.400300 0.000129
0.015550 0.191673 0.247992 0.140366 0.004001 0.400287 0.000131
0.015658 0.190788 0.247022 0.140263 0.004056 0.402073 0.000140
0.015641 0.190332 0.247414 0.140317 0.004043 0.402109 0.000144
0.015717 0.188941 0.246993 0.139957 0.004063 0.404189 0.000140
0.015796 0.188254 0.246970 0.139813 0.004052 0.404973 0.000141
0.015773 0.188036 0.246708 0.139717 0.004040 0.405589 0.000137
0.015822 0.188271 0.246324 0.139674 0.004026 0.405742 0.000142
0.015805 0.187070 0.246314 0.139695 0.004080 0.406894 0.000141
0.015861 0.186322 0.246016 0.139314 0.004091 0.408249 0.000148
0.015918 0.185840 0.245591 0.139110 0.004133 0.409263 0.000144
0.016044 0.186193 0.245350 0.139066 0.004102 0.409101 0.000144
0.016040 0.184759 0.245015 0.138917 0.004140 0.410990 0.000139
0.016075 0.184727 0.244761 0.138902 0.004147 0.411247 0.000139
0.016033 0.184738 0.244815 0.138859 0.004139 0.411275 0.000142
0.016053 0.183574 0.244415 0.138461 0.004142 0.413208 0.000147
0.015998 0.182637 0.244723 0.138531 0.004100 0.413861 0.000150
0.016099 0.181948 0.244255 0.138396 0.004139 0.415021 0.000142
0.016154 0.181453 0.243829 0.138015 0.004150 0.416247 0.000153
0.016226 0.181695 0.243350 0.138027 0.004107 0.416445 0.000151
0.016190 0.181136 0.243223 0.137823 0.004166 0.417306 0.000154
0.016157 0.180475 0.243130 0.137862 0.004159 0.418067 0.000151
0.016098 0.180850 0.242793 0.137729 0.004204 0.418173 0.000153
0.016251 0.179373 0.242648 0.137466 0.004236 0.419867 0.000158
0.016239 0.179211 0.242508 0.137417 0.004200 0.420275 0.000151
0.016374 0.178347 0.241990 0.137119 0.004220 0.421795 0.000154
0.016241 0.178492 0.242131 0.137302 0.004194 0.421485 0.000156
0.016340 0.177728 0.241774 0.137079 0.004225 0.422693 0.000160
0.016295 0.176953 0.241378 0.136881 0.004213 0.424126 0.000154
0.016393 0.176569 0.240899 0.136446 0.004220 0.425314 0.000158
0.016484 0.175595 0.240611 0.136548 0.004204 0.426395 0.000163
0.016455 0.174916 0.240542 0.136312 0.004231 0.427385 0.000159
0.016479 0.174789 0.240362 0.136340 0.004233 0.427636 0.000161
0.016518 0.173989 0.240188 0.136242 0.004239 0.428664 0.000159
0.016470 0.173657 0.239956 0.136187 0.004247 0.429316 0.000167
0.016783 0.173342 0.239276 0.135836 0.004288 0.430309 0.000167
0.016694 0.172361 0.238989 0.135787 0.004230 0.431770 0.000168
0.016776 0.171599 0.239160 0.135595 0.004308 0.432404 0.000159
0.016872 0.171233 0.238619 0.135503 0.004281 0.433321 0.000171
0.016638 0.171182 0.238657 0.135241 0.004249 0.433880 0.000153
0.016743 0.170325 0.238321 0.134907 0.004314 0.435231 0.000159
0.016681 0.170560 0.238105 0.134967 0.004251 0.435276 0.000160
0.017015 0.169745 0.237551 0.135018 0.004318 0.436180 0.000172
0.016825 0.168832 0.237443 0.134373 0.004335 0.438023 0.000168
0.017023 0.168897 0.237002 0.134758 0.004350 0.437800 0.000171
0.017029 0.167859 0.236806 0.134418 0.004348 0.439368 0.000173
0.017017 0.167662 0.236688 0.134150 0.004343 0.439974 0.000167
0.017261 0.166825 0.236096 0.133858 0.004346 0.441453 0.000161
0.017172 0.166824 0.236099 0.133854 0.004337 0.441547 0.000166
0.017040 0.166671 0.236038 0.133927 0.004333 0.441830 0.000161
0.017101 0.165639 0.235493 0.133620 0.004365 0.443611 0.000172
0.017548 0.164733 0.235335 0.133539 0.004352 0.444323 0.000172
0.017225 0.164319 0.235066 0.133293 0.004424 0.445500 0.000175
0.017305 0.163918 0.234579 0.133249 0.004418 0.446362 0.000169
0.017260 0.164040 0.234536 0.133119 0.004400 0.446471 0.000175
0.017394 0.163168 0.234182 0.132898 0.004356 0.447832 0.000170
0.017396 0.163041 0.234192 0.132942 0.004393 0.447854 0.000181
0.017382 0.162572 0.233651 0.132593 0.004393 0.449236 0.000173
0.017284 0.161884 0.233511 0.132384 0.004405 0.450361 0.000171
0.017521 0.161966 0.233212 0.132164 0.004410 0.450546 0.000182
0.017406 0.161580 0.233211 0.132039 0.004417 0.451179 0.000168
0.017705 0.160878 0.232770 0.132033 0.004374 0.452065 0.000174
0.017623 0.160567 0.232288 0.131815 0.004409 0.453112 0.000186
0.017684 0.160187 0.232106 0.131705 0.004450 0.453681 0.000187
0.017825 0.159890 0.231947 0.131514 0.004453 0.454195 0.000176
0.017655 0.159238 0.231898 0.131395 0.004377 0.455248 0.000189
0.017809 0.159064 0.231596 0.131411 0.004437 0.455491 0.000191
0.018015 0.158148 0.230988 0.131214 0.004487 0.456960 0.000188
0.017796 0.157997 0.230990 0.131093 0.004453 0.457489 0.000182
0.018028 0.157081 0.230210 0.130708 0.004455 0.459327 0.000191
0.017997 0.156856 0.230182 0.130678 0.004466 0.459636 0.000184
0.018078 0.156637 0.230210 0.130751 0.004477 0.459660 0.000186
0.018174 0.155890 0.229773 0.130531 0.004506 0.460941 0.000186
0.018106 0.155827 0.229527 0.130232 0.004470 0.461645 0.000192
0.018169 0.155317 0.229211 0.129961 0.004477 0.462673 0.000192
0.018198 0.155303 0.229213 0.129946 0.004463 0.462688 0.000190
0.018047 0.155121 0.228933 0.129936 0.004487 0.463289 0.000188
0.018238 0.153893 0.228551 0.129680 0.004492 0.464957 0.000190
0.018039 0.153466 0.228028 0.129476 0.004513 0.466288 0.000189
0.018284 0.153062 0.227682 0.129327 0.004528 0.466927 0.000189
0.018318 0.153113 0.227698 0.129252 0.004499 0.466926 0.000194
0.018428 0.152304 0.227261 0.129163 0.004542 0.468113 0.000189
0.018419 0.152292 0.226968 0.128979 0.004525 0.468626 0.000191
0.018416 0.151561 0.226910 0.128647 0.004562 0.469707 0.000196
0.018632 0.151143 0.226241 0.128570 0.004555 0.470661 0.000196
0.018547 0.150508 0.226266 0.128505 0.004543 0.471425 0.000207
0.018802 0.150296 0.226054 0.128168 0.004544 0.471949 0.000186
0.018749 0.149912 0.225376 0.128175 0.004614 0.472976 0.000198
0.018719 0.149256 0.225485 0.128098 0.004595 0.473653 0.000193
0.018712 0.149256 0.224998 0.127661 0.004542 0.474627 0.000204
0.018912 0.148991 0.224679 0.127543 0.004596 0.475085 0.000193
0.018705 0.148757 0.224688 0.127484 0.004609 0.475559 0.000199
0.018855 0.147932 0.224327 0.127321 0.004597 0.476768 0.000200
0.018802 0.147763 0.224094 0.127289 0.004595 0.477260 0.000198
0.019060 0.147541 0.223906 0.126984 0.004567 0.477741 0.000200
0.018999 0.147358 0.223618 0.126912 0.004585 0.478338 0.000191
0.018965 0.146692 0.223461 0.126686 0.004650 0.479350 0.000197
0.019130 0.146392 0.223161 0.126472 0.004622 0.480027 0.000195
0.018986 0.146275 0.222509 0.126450 0.004633 0.480948 0.000198
0.019057 0.145914 0.222682 0.126221 0.004651 0.481271 0.000203
0.019297 0.145666 0.222240 0.126207 0.004635 0.481756 0.000199
0.019215 0.144895 0.221790 0.125988 0.004628 0.483277 0.000208
0.019369 0.144813 0.221341 0.125793 0.004626 0.483853 0.000206
0.019564 0.143901 0.221292 0.125260 0.004667 0.485108 0.000209
0.019431 0.144182 0.221048 0.125525 0.004599 0.485012 0.000203
0.019290 0.143295 0.220773 0.125305 0.004635 0.486498 0.000204
0.019293 0.143600 0.220900 0.125076 0.004683 0.486250 0.000198
0.019419 0.142775 0.220183 0.124783 0.004629 0.487997 0.000214
0.019468 0.142541 0.219796 0.124972 0.004675 0.488341 0.000208
0.019405 0.142270 0.219820 0.124499 0.004648 0.489148 0.000211
0.019438 0.142205 0.219308 0.124600 0.004720 0.489515 0.000213
0.019591 0.141272 0.219159 0.124179 0.004709 0.490866 0.000225
0.019641 0.140600 0.218763 0.124303 0.004673 0.491806 0.000215
0.019708 0.141446 0.218545 0.124213 0.004711 0.491161 0.000216
0.019622 0.140195 0.218439 0.123629 0.004655 0.493232 0.000228
0.019893 0.139623 0.217881 0.123413 0.004691 0.494280 0.000219
0.019928 0.140135 0.217778 0.123554 0.004716 0.493669 0.000220
0.019809 0.139114 0.217384 0.123416 0.004713 0.495346 0.000218
0.019981 0.138934 0.217285 0.123108 0.004722 0.495755 0.000216
0.019857 0.138492 0.217027 0.123346 0.004728 0.496345 0.000206
0.020029 0.138380 0.216551 0.123013 0.004755 0.497050 0.000222
0.019958 0.138201 0.216761 0.122994 0.004717 0.497150 0.000219
0.019981 0.137506 0.216337 0.122574 0.004746 0.498646 0.000209
0.019974 0.137675 0.215922 0.122847 0.004738 0.498623 0.000220
0.020332 0.136550 0.215394 0.122071 0.004779 0.500660 0.000214
0.020239 0.136655 0.215536 0.122302 0.004722 0.500338 0.000209
0.020246 0.136167 0.214990 0.122175 0.004746 0.501450 0.000225
0.020289 0.136406 0.214662 0.122056 0.004714 0.501644 0.000229
0.020234 0.136234 0.214568 0.121975 0.004707 0.502058 0.000223
0.020447 0.135011 0.213965 0.121407 0.004772 0.504169 0.000228
0.020330 0.135126 0.213633 0.121396 0.004769 0.504517 0.000230
0.020587 0.134387 0.213033 0.121253 0.004761 0.505756 0.000222
