0.956371 0.042765 0.000569 0.000280 0.000000 0.000015 0.000000
0.917800 0.080366 0.001175 0.000615 0.000001 0.000043 0.000000
0.905827 0.092024 0.001371 0.000727 0.000000 0.000051 0.000000
0.895641 0.101900 0.001582 0.000822 0.000000 0.000054 0.000000
0.884621 0.112562 0.001805 0.000953 0.000000 0.000058 0.000000
0.871558 0.125222 0.002038 0.001120 0.000000 0.000062 0.000000
0.860183 0.136240 0.002254 0.001253 0.000001 0.000069 0.000000
0.846116 0.149817 0.002547 0.001448 0.000000 0.000073 0.000000
0.833035 0.162459 0.002847 0.001579 0.000002 0.000078 0.000000
0.819001 0.176003 0.003151 0.001755 0.000003 0.000087 0.000000
0.803875 0.190564 0.003533 0.001928 0.000003 0.000098 0.000000
0.789712 0.204183 0.003853 0.002139 0.000003 0.000111 0.000000
0.773554 0.219665 0.004280 0.002374 0.000003 0.000124 0.000000
0.758052 0.234446 0.004718 0.002639 0.000002 0.000143 0.000000
0.743226 0.248575 0.005153 0.002890 0.000002 0.000154 0.000000
0.729937 0.261218 0.005591 0.003084 0.000002 0.000167 0.000000
0.713578 0.276790 0.006080 0.003362 0.000002 0.000188 0.000000
0.697624 0.291954 0.006574 0.003640 0.000003 0.000205 0.000000
0.683537 0.305317 0.006989 0.003916 0.000003 0.000237 0.000000
0.668643 0.319340 0.007548 0.004208 0.000004 0.000258 0.000000
0.654123 0.332971 0.008088 0.004536 0.000003 0.000279 0.000000
0.639924 0.346287 0.008657 0.004828 0.000004 0.000299 0.000000
0.624993 0.360210 0.009292 0.005165 0.000005 0.000335 0.000000
0.610235 0.373904 0.009937 0.005551 0.000006 0.000367 0.000000
0.596881 0.386326 0.010506 0.005876 0.000007 0.000406 0.000000
0.582942 0.399185 0.011153 0.006276 0.000007 0.000438 0.000000
0.570586 0.410498 0.011795 0.006642 0.000006 0.000473 0.000000
0.557792 0.422169 0.012465 0.007045 0.000007 0.000521 0.000000
0.544443 0.434399 0.013146 0.007448 0.000008 0.000555 0.000000
0.530260 0.447360 0.013915 0.007852 0.000008 0.000604 0.000001
0.518758 0.457689 0.014608 0.008282 0.000009 0.000653 0.000001
0.506799 0.468377 0.015402 0.008715 0.000010 0.000697 0.000001
0.496718 0.477258 0.016126 0.009132 0.000010 0.000755 0.000001
0.485884 0.486862 0.016884 0.009561 0.000011 0.000798 0.000000
0.473977 0.497358 0.017736 0.010052 0.000011 0.000866 0.000001
0.463065 0.506817 0.018616 0.010566 0.000011 0.000925 0.000000
0.453302 0.515280 0.019390 0.011033 0.000011 0.000985 0.000001
0.443703 0.523514 0.020210 0.011504 0.000011 0.001057 0.000001
0.434507 0.531359 0.021047 0.011945 0.000012 0.001131 0.000000
0.424480 0.539919 0.021919 0.012467 0.000014 0.001201 0.000000
0.413973 0.548777 0.022921 0.013038 0.000015 0.001274 0.000000
0.404943 0.556199 0.023892 0.013579 0.000015 0.001370 0.000000
0.395951 0.563599 0.024835 0.014134 0.000019 0.001462 0.000000
0.389153 0.569018 0.025696 0.014571 0.000018 0.001543 0.000001
0.381430 0.575191 0.026602 0.015122 0.000019 0.001635 0.000000
0.369929 0.584692 0.027793 0.015823 0.000019 0.001743 0.000000
0.364747 0.588633 0.028530 0.016256 0.000019 0.001814 0.000000
0.356089 0.595231 0.029745 0.016958 0.000020 0.001957 0.000000
0.347825 0.601720 0.030797 0.017562 0.000022 0.002073 0.000000
0.340954 0.606849 0.031855 0.018136 0.000024 0.002180 0.000000
0.335267 0.611082 0.032682 0.018658 0.000024 0.002287 0.000000
0.325658 0.618473 0.034044 0.019366 0.000026 0.002432 0.000000
0.321315 0.621526 0.034757 0.019852 0.000026 0.002523 0.000000
0.311010 0.629179 0.036372 0.020718 0.000028 0.002692 0.000000
0.306411 0.632361 0.037229 0.021170 0.000028 0.002802 0.000000
0.301124 0.635706 0.038380 0.021822 0.000031 0.002937 0.000000
0.292178 0.642416 0.039758 0.022526 0.000033 0.003089 0.000000
0.285002 0.647493 0.040951 0.023273 0.000035 0.003245 0.000000
0.278022 0.652175 0.042314 0.024040 0.000037 0.003412 0.000000
0.275094 0.653662 0.043179 0.024492 0.000037 0.003535 0.000000
0.265441 0.660275 0.044960 0.025518 0.000043 0.003762 0.000000
0.259133 0.664339 0.046269 0.026250 0.000043 0.003966 0.000000
0.253172 0.667923 0.047665 0.027034 0.000045 0.004161 0.000001
0.252393 0.667236 0.048531 0.027491 0.000046 0.004302 0.000000
0.243151 0.673561 0.050263 0.028433 0.000048 0.004544 0.000000
0.239382 0.675077 0.051576 0.029168 0.000049 0.004747 0.000000
0.235416 0.677291 0.052611 0.029712 0.000052 0.004918 0.000000
0.227810 0.681808 0.054330 0.030810 0.000056 0.005186 0.000000
0.222732 0.684840 0.055489 0.031495 0.000056 0.005388 0.000000
0.220298 0.684841 0.056913 0.032226 0.000060 0.005661 0.000000
0.213625 0.688446 0.058713 0.033210 0.000061 0.005944 0.000000
0.211461 0.689052 0.059614 0.033662 0.000066 0.006144 0.000000
0.204824 0.692270 0.061503 0.034872 0.000068 0.006463 0.000000
0.199875 0.695207 0.062603 0.035535 0.000070 0.006710 0.000000
0.195492 0.696803 0.064230 0.036414 0.000072 0.006988 0.000001
0.194327 0.696022 0.065278 0.037095 0.000076 0.007202 0.000000
0.188262 0.699101 0.067003 0.038005 0.000083 0.007547 0.000000
0.185571 0.699456 0.068356 0.038697 0.000084 0.007835 0.000001
0.183635 0.699060 0.069556 0.039497 0.000088 0.008163 0.000001
0.181769 0.698241 0.071122 0.040299 0.000092 0.008476 0.000001
0.174670 0.702683 0.072621 0.041171 0.000097 0.008757 0.000001
0.176666 0.698514 0.073798 0.041843 0.000101 0.009078 0.000001
0.171674 0.700394 0.075511 0.042852 0.000103 0.009465 0.000001
0.166183 0.703013 0.077159 0.043784 0.000112 0.009749 0.000001
0.162870 0.703117 0.078917 0.044786 0.000119 0.010190 0.000001
0.163940 0.700530 0.079760 0.045205 0.000123 0.010442 0.000001
0.159286 0.701597 0.081778 0.046317 0.000123 0.010898 0.000001
0.158341 0.700783 0.082634 0.046929 0.000125 0.011185 0.000001
0.160266 0.697980 0.083017 0.047203 0.000130 0.011403 0.000001
0.155675 0.698687 0.085249 0.048338 0.000135 0.011915 0.000002
0.155742 0.696917 0.086071 0.048952 0.000141 0.012175 0.000002
0.153523 0.696445 0.087513 0.049742 0.000144 0.012632 0.000001
0.150846 0.696375 0.088958 0.050612 0.000148 0.013060 0.000001
0.145620 0.698159 0.090808 0.051739 0.000151 0.013521 0.000001
0.144635 0.696558 0.092186 0.052426 0.000161 0.014033 0.000002
0.144806 0.694388 0.093215 0.053098 0.000162 0.014330 0.000002
0.139918 0.696821 0.094511 0.053883 0.000167 0.014698 0.000002
0.137719 0.695604 0.096386 0.054909 0.000175 0.015207 0.000001
0.136059 0.694667 0.097734 0.055698 0.000181 0.015659 0.000002
0.133672 0.694334 0.099143 0.056548 0.000185 0.016117 0.000002
0.130945 0.694388 0.100564 0.057429 0.000183 0.016488 0.000002
0.128326 0.694588 0.101789 0.058104 0.000198 0.016993 0.000002
0.127164 0.693006 0.103206 0.058963 0.000210 0.017448 0.000002
0.129917 0.689900 0.103287 0.059050 0.000209 0.017635 0.000001
0.121526 0.693205 0.106067 0.060587 0.000219 0.018395 0.000002
0.122262 0.690575 0.107049 0.061119 0.000218 0.018775 0.000002
0.120210 0.689881 0.108486 0.061923 0.000223 0.019274 0.000002
0.120638 0.687309 0.109534 0.062547 0.000234 0.019736 0.000002
0.117720 0.687280 0.111120 0.063443 0.000239 0.020195 0.000002
0.116487 0.685679 0.112535 0.064257 0.000242 0.020797 0.000002
0.120183 0.680916 0.113009 0.064499 0.000249 0.021143 0.000002
0.118365 0.680745 0.113969 0.065134 0.000252 0.021533 0.000002
0.112904 0.681354 0.116593 0.066541 0.000267 0.022339 0.000002
0.117290 0.676951 0.116499 0.066446 0.000270 0.022541 0.000002
0.109841 0.679176 0.119208 0.068111 0.000271 0.023390 0.000003
0.112324 0.676168 0.119384 0.068206 0.000276 0.023641 0.000002
0.108288 0.676502 0.121361 0.069225 0.000292 0.024329 0.000002
0.107442 0.675290 0.122326 0.069877 0.000296 0.024767 0.000002
0.103583 0.676589 0.123614 0.070622 0.000305 0.025286 0.000003
0.100541 0.675589 0.125775 0.071723 0.000306 0.026064 0.000002
0.099657 0.674043 0.126985 0.072395 0.000316 0.026600 0.000003
0.094950 0.674416 0.129183 0.073619 0.000316 0.027514 0.000002
0.092963 0.674001 0.130360 0.074390 0.000326 0.027957 0.000002
0.092886 0.672856 0.130830 0.074746 0.000336 0.028343 0.000002
0.092763 0.671007 0.131875 0.075184 0.000344 0.028825 0.000003
0.085947 0.672690 0.134522 0.076736 0.000348 0.029756 0.000002
0.084059 0.671325 0.136302 0.077504 0.000360 0.030448 0.000002
0.082469 0.670751 0.137236 0.078106 0.000368 0.031068 0.000002
0.078511 0.670944 0.139112 0.079290 0.000379 0.031762 0.000002
0.076303 0.670073 0.140521 0.080172 0.000390 0.032538 0.000003
0.074343 0.669009 0.141968 0.081065 0.000399 0.033214 0.000003
0.072142 0.667598 0.143836 0.082092 0.000410 0.033919 0.000003
0.069010 0.668049 0.145116 0.082787 0.000415 0.034619 0.000003
0.068078 0.666016 0.146601 0.083548 0.000430 0.035326 0.000002
0.065159 0.665267 0.148443 0.084471 0.000433 0.036224 0.000004
0.063848 0.664727 0.149231 0.085072 0.000441 0.036677 0.000003
0.062737 0.662111 0.151158 0.086040 0.000454 0.037495 0.000003
0.059326 0.662597 0.152573 0.086869 0.000453 0.038178 0.000003
0.058903 0.660787 0.153658 0.087369 0.000470 0.038809 0.000004
0.056788 0.659194 0.155338 0.088473 0.000470 0.039732 0.000004
0.054589 0.657288 0.157277 0.089505 0.000492 0.040845 0.000004
0.055126 0.655662 0.157799 0.089740 0.000502 0.041168 0.000003
0.052290 0.654148 0.159989 0.090944 0.000510 0.042116 0.000004
0.052245 0.651560 0.161196 0.091646 0.000515 0.042836 0.000003
0.055447 0.647336 0.161449 0.091835 0.000520 0.043408 0.000005
0.055778 0.643883 0.162958 0.092551 0.000540 0.044286 0.000005
0.054998 0.642420 0.164008 0.093242 0.000549 0.044779 0.000005
0.055578 0.639850 0.164710 0.093752 0.000557 0.045548 0.000004
0.051973 0.639261 0.166780 0.094963 0.000571 0.046447 0.000004
0.052314 0.636018 0.168068 0.095616 0.000582 0.047398 0.000004
0.054369 0.632970 0.168468 0.095795 0.000581 0.047813 0.000004
0.051341 0.631936 0.170357 0.096867 0.000590 0.048906 0.000004
0.055293 0.627287 0.170488 0.096879 0.000609 0.049440 0.000005
0.052746 0.628125 0.171233 0.097393 0.000607 0.049892 0.000005
0.051035 0.625396 0.173286 0.098658 0.000621 0.050998 0.000006
0.049805 0.623840 0.174489 0.099333 0.000637 0.051891 0.000005
0.047977 0.622658 0.176031 0.100040 0.000641 0.052647 0.000006
0.048984 0.620680 0.176300 0.100175 0.000656 0.053200 0.000004
0.048013 0.619670 0.177013 0.100713 0.000641 0.053944 0.000007
0.045166 0.618956 0.178591 0.101754 0.000673 0.054854 0.000007
0.045363 0.616710 0.179388 0.102231 0.000678 0.055623 0.000006
0.044003 0.615474 0.180741 0.102840 0.000689 0.056246 0.000006
0.042885 0.612834 0.182279 0.103721 0.000695 0.057578 0.000007
0.041468 0.611953 0.183249 0.104246 0.000697 0.058380 0.000007
0.038792 0.610728 0.185192 0.105169 0.000704 0.059407 0.000007
0.040302 0.608241 0.185202 0.105585 0.000726 0.059936 0.000008
0.037741 0.606217 0.187424 0.106606 0.000734 0.061271 0.000008
0.038212 0.604953 0.187575 0.106776 0.000727 0.061749 0.000007
0.036631 0.603322 0.189038 0.107583 0.000736 0.062683 0.000007
0.038740 0.601055 0.188892 0.107470 0.000750 0.063086 0.000007
0.036291 0.599305 0.190754 0.108568 0.000766 0.064308 0.000008
0.032650 0.598574 0.192751 0.109623 0.000789 0.065604 0.000008
0.034819 0.595768 0.192877 0.109737 0.000792 0.065997 0.000009
0.032275 0.593543 0.195041 0.110954 0.000813 0.067364 0.000010
0.031815 0.591714 0.195926 0.111417 0.000820 0.068300 0.000009
0.032277 0.590353 0.196240 0.111605 0.000822 0.068696 0.000009
0.030221 0.588941 0.197650 0.112396 0.000837 0.069946 0.000009
0.032283 0.586839 0.197401 0.112402 0.000838 0.070229 0.000008
0.030534 0.585327 0.199045 0.113048 0.000830 0.071206 0.000010
0.028106 0.582599 0.201312 0.114303 0.000874 0.072796 0.000009
0.028695 0.579851 0.202017 0.114762 0.000883 0.073780 0.000012
0.027641 0.580279 0.202303 0.114877 0.000894 0.073995 0.000010
0.026176 0.577545 0.204102 0.115975 0.000889 0.075304 0.000010
0.026415 0.575849 0.204410 0.116244 0.000889 0.076181 0.000011
0.025493 0.574339 0.205457 0.116890 0.000909 0.076902 0.000010
0.028105 0.569600 0.206362 0.117134 0.000908 0.077881 0.000010
0.028375 0.566253 0.207295 0.117848 0.000926 0.079291 0.000011
0.028571 0.565825 0.207311 0.117940 0.000940 0.079401 0.000012
0.025805 0.563170 0.209764 0.119189 0.000952 0.081110 0.000011
0.026403 0.561854 0.209953 0.119243 0.000948 0.081586 0.000012
0.025662 0.558332 0.211520 0.120290 0.000980 0.083204 0.000012
0.027918 0.558061 0.210347 0.119778 0.000957 0.082926 0.000013
0.024618 0.555834 0.212697 0.121093 0.000991 0.084753 0.000014
0.026478 0.554693 0.212257 0.120846 0.000997 0.084717 0.000012
0.024596 0.551393 0.214278 0.122120 0.000996 0.086605 0.000012
0.024648 0.549538 0.214961 0.122324 0.001013 0.087505 0.000013
0.025311 0.548815 0.214876 0.122272 0.001023 0.087691 0.000010
0.024416 0.546755 0.215871 0.122879 0.001038 0.089029 0.000012
0.025269 0.544698 0.216210 0.123138 0.001030 0.089642 0.000013
0.023869 0.543792 0.217322 0.123479 0.001043 0.090485 0.000011
0.021891 0.540583 0.219500 0.124740 0.001072 0.092200 0.000014
0.021992 0.538268 0.220027 0.125218 0.001068 0.093414 0.000012
0.021518 0.536410 0.220929 0.125577 0.001086 0.094467 0.000013
0.021597 0.536816 0.220753 0.125471 0.001083 0.094268 0.000012
0.020091 0.533972 0.222370 0.126467 0.001104 0.095982 0.000014
0.020497 0.531951 0.222843 0.126739 0.001132 0.096825 0.000014
0.020225 0.530345 0.223348 0.127202 0.001137 0.097729 0.000013
0.019616 0.529350 0.224004 0.127488 0.001122 0.098406 0.000015
0.018876 0.527060 0.225040 0.128114 0.001149 0.099746 0.000015
0.018390 0.523642 0.226503 0.128731 0.001167 0.101551 0.000016
0.018227 0.523362 0.226448 0.128830 0.001181 0.101938 0.000013
0.018807 0.520683 0.227274 0.129214 0.001202 0.102805 0.000014
0.018000 0.519930 0.227666 0.129628 0.001199 0.103559 0.000017
0.017220 0.516385 0.229178 0.130680 0.001222 0.105302 0.000013
0.017669 0.514192 0.229514 0.130850 0.001223 0.106537 0.000016
0.016955 0.513769 0.230198 0.131124 0.001234 0.106703 0.000018
0.017026 0.512452 0.230491 0.131252 0.001257 0.107506 0.000015
0.016961 0.511663 0.230671 0.131257 0.001260 0.108173 0.000015
0.016764 0.507702 0.232192 0.132121 0.001268 0.109938 0.000016
0.016254 0.506335 0.232741 0.132561 0.001274 0.110821 0.000015
0.016851 0.503037 0.233508 0.133058 0.001296 0.112235 0.000016
0.020167 0.501115 0.232793 0.132517 0.001307 0.112086 0.000015
0.020630 0.498002 0.233768 0.132986 0.001292 0.113308 0.000014
0.018871 0.497188 0.234441 0.133553 0.001316 0.114615 0.000015
0.021758 0.493711 0.234621 0.133245 0.001323 0.115327 0.000014
0.022128 0.493152 0.234461 0.133100 0.001343 0.115800 0.000015
0.020674 0.490681 0.235713 0.134015 0.001368 0.117533 0.000016
0.020358 0.489408 0.236478 0.134149 0.001379 0.118211 0.000017
0.020291 0.488197 0.236573 0.134512 0.001391 0.119019 0.000017
0.024053 0.484695 0.235959 0.134260 0.001377 0.119639 0.000017
0.023299 0.482985 0.236819 0.134689 0.001396 0.120794 0.000017
0.027091 0.480607 0.235835 0.134295 0.001373 0.120781 0.000018
0.025855 0.479022 0.236810 0.134539 0.001397 0.122362 0.000016
0.025565 0.478016 0.237174 0.134913 0.001409 0.122906 0.000017
0.024720 0.475772 0.238317 0.135297 0.001445 0.124430 0.000018
0.026126 0.473649 0.238241 0.135304 0.001447 0.125217 0.000017
0.026272 0.472931 0.238284 0.135305 0.001444 0.125746 0.000017
0.023044 0.472169 0.239707 0.136225 0.001476 0.127361 0.000018
0.023741 0.470622 0.239782 0.136362 0.001464 0.128011 0.000016
0.024359 0.468965 0.239901 0.136328 0.001467 0.128961 0.000018
0.023554 0.467903 0.240423 0.136701 0.001474 0.129928 0.000018
0.022254 0.465507 0.241585 0.137126 0.001517 0.131992 0.000020
0.022475 0.464541 0.241594 0.137353 0.001528 0.132492 0.000017
0.019873 0.462268 0.243536 0.138210 0.001532 0.134562 0.000019
0.020238 0.461509 0.243561 0.138188 0.001529 0.134957 0.000019
0.021570 0.461172 0.242754 0.137812 0.001532 0.135140 0.000019
0.019819 0.459539 0.244015 0.138707 0.001548 0.136352 0.000020
0.018472 0.457221 0.245279 0.139340 0.001575 0.138092 0.000022
0.018812 0.456732 0.245004 0.139267 0.001571 0.138592 0.000022
0.019314 0.453852 0.245697 0.139698 0.001577 0.139842 0.000020
0.021562 0.451919 0.244965 0.139382 0.001598 0.140553 0.000022
0.022162 0.449671 0.245674 0.139391 0.001622 0.141458 0.000023
0.022130 0.447849 0.246061 0.139768 0.001616 0.142554 0.000022
0.021310 0.445528 0.247027 0.140333 0.001644 0.144137 0.000022
0.021508 0.444244 0.247278 0.140383 0.001635 0.144931 0.000021
0.022798 0.443349 0.246693 0.140181 0.001643 0.145313 0.000022
0.021386 0.441493 0.248039 0.140781 0.001654 0.146624 0.000022
0.021935 0.439039 0.248283 0.141077 0.001664 0.147979 0.000022
0.021176 0.439813 0.248204 0.141122 0.001674 0.147985 0.000025
0.020740 0.436938 0.249297 0.141374 0.001689 0.149940 0.000022
0.018780 0.435564 0.250164 0.142266 0.001708 0.151493 0.000025
0.019653 0.435966 0.249639 0.141624 0.001694 0.151397 0.000027
0.019027 0.432382 0.250914 0.142328 0.001737 0.153588 0.000024
0.018600 0.432605 0.250746 0.142367 0.001732 0.153924 0.000026
0.018623 0.430465 0.251081 0.142657 0.001758 0.155387 0.000028
0.018182 0.430337 0.251338 0.142698 0.001757 0.155661 0.000027
0.018744 0.428580 0.251409 0.142676 0.001765 0.156799 0.000026
0.016853 0.427102 0.252711 0.143331 0.001763 0.158213 0.000027
0.016822 0.424666 0.253165 0.143655 0.001804 0.159863 0.000026
0.017415 0.423736 0.252998 0.143630 0.001800 0.160395 0.000026
0.016601 0.422333 0.253444 0.144049 0.001838 0.161708 0.000026
0.015558 0.419310 0.254701 0.144762 0.001849 0.163794 0.000026
0.014954 0.418200 0.255350 0.145044 0.001867 0.164559 0.000026
0.015085 0.417529 0.255374 0.144906 0.001860 0.165219 0.000027
0.015089 0.416151 0.255370 0.144956 0.001871 0.166537 0.000027
0.015132 0.415491 0.255460 0.144906 0.001872 0.167110 0.000029
0.014294 0.412879 0.256474 0.145676 0.001885 0.168762 0.000029
0.014556 0.411973 0.256361 0.145760 0.001888 0.169432 0.000030
0.013910 0.410609 0.257089 0.145920 0.001936 0.170508 0.000029
0.013530 0.406622 0.258394 0.146598 0.001960 0.172869 0.000027
0.013833 0.406944 0.257698 0.146345 0.001927 0.173223 0.000031
0.013606 0.405358 0.258101 0.146505 0.001963 0.174437 0.000030
0.013480 0.403561 0.258569 0.146798 0.001951 0.175606 0.000033
0.013626 0.402012 0.258532 0.146948 0.001989 0.176861 0.000031
0.013451 0.400179 0.259080 0.147140 0.001977 0.178145 0.000029
0.013053 0.398631 0.259593 0.147437 0.001999 0.179256 0.000032
0.013118 0.398308 0.259653 0.147282 0.002000 0.179608 0.000031
0.012965 0.396777 0.259878 0.147371 0.002037 0.180939 0.000033
0.013290 0.395307 0.259826 0.147467 0.002023 0.182052 0.000035
0.012880 0.392644 0.260885 0.147906 0.002042 0.183609 0.000035
0.012942 0.392470 0.260488 0.147771 0.002077 0.184219 0.000033
0.012865 0.391271 0.260904 0.148012 0.002036 0.184875 0.000036
0.012609 0.387840 0.261603 0.148435 0.002083 0.187395 0.000035
0.012959 0.388390 0.261246 0.148112 0.002114 0.187147 0.000032
0.012475 0.385565 0.261814 0.148880 0.002102 0.189131 0.000034
0.012645 0.384284 0.262079 0.148832 0.002106 0.190018 0.000035
0.012512 0.384356 0.261996 0.148663 0.002116 0.190320 0.000038
0.012386 0.381079 0.262390 0.149149 0.002142 0.192819 0.000035
0.012426 0.380615 0.262679 0.149028 0.002138 0.193076 0.000038
0.012509 0.379020 0.262761 0.148981 0.002174 0.194512 0.000042
0.012740 0.377799 0.262702 0.149049 0.002164 0.195507 0.000038
0.012429 0.376889 0.262859 0.149360 0.002167 0.196258 0.000039
0.012388 0.374987 0.263261 0.149348 0.002188 0.197788 0.000040
0.012234 0.373414 0.263740 0.149644 0.002183 0.198746 0.000039
0.012265 0.371250 0.264145 0.149694 0.002216 0.200392 0.000037
0.016177 0.370622 0.262605 0.148885 0.002213 0.199462 0.000035
0.018834 0.367873 0.262173 0.148740 0.002202 0.200141 0.000037
0.018271 0.366816 0.262553 0.148925 0.002195 0.201202 0.000039
0.018944 0.365838 0.262292 0.148654 0.002212 0.202019 0.000040
0.019301 0.364324 0.262385 0.148786 0.002230 0.202936 0.000039
0.019508 0.363102 0.262356 0.148785 0.002227 0.203982 0.000040
0.018847 0.362440 0.262468 0.148872 0.002257 0.205075 0.000041
0.017783 0.361140 0.262964 0.149132 0.002285 0.206654 0.000042
0.020511 0.360227 0.261931 0.148662 0.002261 0.206368 0.000040
0.017917 0.357352 0.263500 0.149444 0.002279 0.209470 0.000039
0.017797 0.357989 0.263146 0.149255 0.002294 0.209478 0.000042
0.018194 0.356162 0.263121 0.149232 0.002295 0.210955 0.000042
0.018058 0.356746 0.262793 0.149147 0.002309 0.210904 0.000042
0.016830 0.354644 0.263884 0.149515 0.002342 0.212743 0.000042
0.016436 0.352679 0.264166 0.149844 0.002367 0.214465 0.000042
0.016091 0.352012 0.264220 0.149948 0.002355 0.215334 0.000040
0.015809 0.351160 0.264384 0.149917 0.002371 0.216318 0.000041
0.015408 0.350097 0.264816 0.149937 0.002374 0.217326 0.000042
0.015649 0.350249 0.264100 0.149872 0.002365 0.217720 0.000044
0.014654 0.349036 0.264852 0.150055 0.002380 0.218980 0.000043
0.013989 0.346968 0.265368 0.150692 0.002386 0.220555 0.000042
0.014566 0.346165 0.265122 0.150287 0.002415 0.221402 0.000043
0.014373 0.344959 0.265187 0.150307 0.002429 0.222700 0.000044
0.014312 0.343321 0.265373 0.150561 0.002425 0.223962 0.000046
0.014011 0.342184 0.265632 0.150596 0.002465 0.225068 0.000044
0.013645 0.341353 0.265984 0.150742 0.002450 0.225777 0.000050
0.013031 0.339044 0.266514 0.150887 0.002462 0.228013 0.000048
0.013540 0.339202 0.265990 0.150725 0.002487 0.228004 0.000052
0.012979 0.336188 0.266636 0.151391 0.002523 0.230236 0.000047
0.012731 0.336286 0.266809 0.150991 0.002500 0.230632 0.000050
0.013110 0.335296 0.266530 0.150996 0.002525 0.231497 0.000045
0.013299 0.334072 0.266494 0.150937 0.002537 0.232614 0.000048
0.013136 0.333520 0.266494 0.150932 0.002530 0.233342 0.000046
0.012870 0.331537 0.266851 0.151258 0.002566 0.234871 0.000047
0.013661 0.330238 0.266706 0.151127 0.002568 0.235654 0.000046
0.017849 0.327507 0.265455 0.150537 0.002598 0.236002 0.000053
0.018181 0.326218 0.265843 0.150471 0.002551 0.236688 0.000048
0.018038 0.324582 0.265908 0.150438 0.002597 0.238386 0.000051
0.020077 0.323049 0.265216 0.150447 0.002603 0.238557 0.000051
0.018453 0.322860 0.265786 0.150438 0.002595 0.239817 0.000051
0.019148 0.321421 0.265585 0.150373 0.002592 0.240831 0.000050
0.021065 0.320480 0.264591 0.149833 0.002623 0.241354 0.000052
0.020176 0.319889 0.265062 0.150072 0.002620 0.242128 0.000053
0.019990 0.320061 0.264620 0.149783 0.002616 0.242879 0.000052
0.018913 0.318061 0.265098 0.150354 0.002616 0.244902 0.000055
0.017860 0.317828 0.265418 0.150361 0.002639 0.245836 0.000059
0.017030 0.316054 0.265894 0.150579 0.002629 0.247758 0.000056
0.016644 0.315196 0.266095 0.150585 0.002674 0.248750 0.000055
0.018058 0.315811 0.265041 0.150098 0.002700 0.248236 0.000055
0.016059 0.314100 0.266242 0.150729 0.002688 0.250128 0.000054
0.016780 0.312842 0.265611 0.150454 0.002688 0.251567 0.000059
0.015821 0.311506 0.266236 0.150544 0.002731 0.253108 0.000053
0.016314 0.312343 0.265580 0.150460 0.002700 0.252546 0.000056
0.015223 0.309716 0.266473 0.150803 0.002706 0.255022 0.000057
0.015802 0.309271 0.266197 0.150636 0.002721 0.255316 0.000056
0.014987 0.307537 0.266516 0.151089 0.002701 0.257108 0.000062
0.015552 0.308444 0.265811 0.150613 0.002748 0.256772 0.000058
0.013996 0.305925 0.266923 0.151138 0.002767 0.259189 0.000062
0.014287 0.304309 0.266699 0.151094 0.002784 0.260769 0.000060
0.013752 0.302714 0.267381 0.151172 0.002796 0.262124 0.000061
0.014416 0.303716 0.266268 0.150758 0.002774 0.262007 0.000060
0.014117 0.302127 0.266465 0.150879 0.002832 0.263520 0.000060
0.013413 0.299119 0.267082 0.151186 0.002851 0.266287 0.000062
0.013151 0.297458 0.267712 0.151419 0.002874 0.267324 0.000062
0.013113 0.297320 0.267392 0.151391 0.002832 0.267888 0.000065
0.013224 0.296363 0.267264 0.151250 0.002863 0.268965 0.000070
0.013550 0.296034 0.266572 0.150912 0.002883 0.269984 0.000065
0.012959 0.294497 0.267444 0.151416 0.002847 0.270773 0.000064
0.013069 0.294091 0.267277 0.150871 0.002857 0.271766 0.000068
0.013153 0.292766 0.267041 0.151317 0.002887 0.272767 0.000069
0.012975 0.291488 0.267451 0.151288 0.002895 0.273836 0.000066
0.012862 0.290101 0.267535 0.151284 0.002921 0.275229 0.000069
0.012808 0.288726 0.267343 0.151216 0.002966 0.276872 0.000069
0.012930 0.289016 0.267280 0.151019 0.002925 0.276758 0.000071
0.013233 0.288026 0.266614 0.151030 0.002938 0.278090 0.000068
0.012789 0.286221 0.267176 0.151414 0.002967 0.279362 0.000071
0.012789 0.285228 0.267212 0.150990 0.002999 0.280711 0.000071
0.012533 0.284046 0.267287 0.151306 0.002982 0.281773 0.000074
0.012766 0.282817 0.267218 0.151166 0.002984 0.282978 0.000070
0.012742 0.282198 0.267130 0.151142 0.002998 0.283720 0.000070
0.012737 0.281189 0.266932 0.151089 0.003016 0.284965 0.000072
0.012676 0.279705 0.267085 0.150963 0.003051 0.286444 0.000076
0.012805 0.278788 0.266989 0.150982 0.003016 0.287343 0.000077
0.012739 0.279122 0.266805 0.150717 0.003034 0.287510 0.000072
0.012804 0.277917 0.266461 0.150890 0.003058 0.288792 0.000078
0.012621 0.276871 0.266950 0.150897 0.003038 0.289543 0.000079
0.012692 0.274759 0.266941 0.150868 0.003058 0.291603 0.000080
0.012668 0.273313 0.266899 0.150890 0.003036 0.293117 0.000076
0.012748 0.271803 0.266893 0.150915 0.003112 0.294453 0.000075
0.012763 0.272898 0.266538 0.150682 0.003080 0.293960 0.000080
0.012810 0.272301 0.266540 0.150727 0.003076 0.294467 0.000079
0.012745 0.270065 0.266531 0.150815 0.003129 0.296637 0.000078
0.012531 0.268102 0.266868 0.150745 0.003135 0.298544 0.000075
0.012785 0.268351 0.266309 0.150616 0.003118 0.298738 0.000082
0.012983 0.267777 0.265991 0.150553 0.003141 0.299475 0.000081
0.012706 0.266348 0.266226 0.150735 0.003174 0.300734 0.000078
0.012693 0.265400 0.266362 0.150500 0.003167 0.301799 0.000080
0.012846 0.267057 0.265656 0.150075 0.003186 0.301101 0.000079
0.012795 0.264235 0.265879 0.150126 0.003169 0.303717 0.000079
0.012792 0.263711 0.265864 0.150149 0.003151 0.304255 0.000078
0.012851 0.262269 0.265510 0.150450 0.003202 0.305638 0.000080
0.012754 0.261760 0.265422 0.150233 0.003197 0.306555 0.000079
0.012789 0.260731 0.265621 0.150053 0.003187 0.307532 0.000087
0.012799 0.259805 0.265425 0.150186 0.003220 0.308487 0.000078
0.012826 0.258951 0.265503 0.150081 0.003244 0.309309 0.000086
0.012920 0.257849 0.265118 0.150066 0.003245 0.310719 0.000083
0.012872 0.257574 0.264902 0.150021 0.003241 0.311310 0.000080
0.012853 0.256817 0.265039 0.149770 0.003267 0.312172 0.000082
0.012838 0.254285 0.264917 0.149989 0.003279 0.314612 0.000079
0.013044 0.254919 0.264683 0.149643 0.003278 0.314350 0.000083
0.012781 0.254071 0.264888 0.149778 0.003266 0.315128 0.000087
0.012847 0.251863 0.264746 0.149624 0.003290 0.317543 0.000087
0.012935 0.251646 0.264731 0.149719 0.003280 0.317599 0.000089
0.013003 0.250708 0.264493 0.149447 0.003298 0.318959 0.000092
0.013101 0.250266 0.264327 0.149232 0.003313 0.319674 0.000087
0.012959 0.249288 0.264224 0.149127 0.003327 0.320987 0.000087
0.013087 0.247304 0.263952 0.149296 0.003344 0.322925 0.000092
0.013162 0.246995 0.263920 0.149142 0.003336 0.323355 0.000091
0.013186 0.247033 0.263544 0.148989 0.003350 0.323808 0.000091
0.013110 0.246169 0.263495 0.148662 0.003371 0.325102 0.000092
0.013072 0.245368 0.263460 0.148912 0.003365 0.325730 0.000091
0.013212 0.245241 0.263445 0.148723 0.003360 0.325930 0.000089
0.013214 0.243925 0.263204 0.148580 0.003387 0.327600 0.000089
0.013162 0.242392 0.263211 0.148547 0.003408 0.329192 0.000089
0.013200 0.241985 0.262912 0.148551 0.003373 0.329889 0.000090
0.013370 0.240820 0.262629 0.148583 0.003394 0.331110 0.000094
0.013356 0.240131 0.262553 0.148375 0.003388 0.332103 0.000094
0.013337 0.238535 0.262612 0.148350 0.003452 0.333623 0.000091
0.013466 0.238047 0.262023 0.148251 0.003435 0.334684 0.000094
0.013351 0.237986 0.262063 0.148275 0.003443 0.334782 0.000100
0.013417 0.237100 0.261837 0.148008 0.003436 0.336102 0.000098
0.013386 0.236656 0.261738 0.147835 0.003472 0.336819 0.000094
0.013437 0.235223 0.261665 0.147956 0.003468 0.338154 0.000098
0.013464 0.234770 0.261321 0.147911 0.003512 0.338929 0.000094
0.013438 0.234256 0.261338 0.147811 0.003464 0.339594 0.000099
0.013444 0.232518 0.261534 0.147758 0.003533 0.341113 0.000102
0.013633 0.231362 0.260914 0.147614 0.003510 0.342869 0.000099
0.013590 0.231784 0.260486 0.147511 0.003545 0.342981 0.000102
0.013556 0.229933 0.261024 0.147467 0.003560 0.344358 0.000102
0.013595 0.229366 0.260694 0.147544 0.003530 0.345171 0.000102
0.013435 0.228890 0.260363 0.147132 0.003573 0.346503 0.000103
0.013554 0.229052 0.260081 0.146961 0.003536 0.346710 0.000106
0.013589 0.227369 0.260063 0.146932 0.003581 0.348361 0.000104
0.013663 0.227415 0.259827 0.146888 0.003557 0.348546 0.000104
0.013660 0.225534 0.259572 0.146825 0.003604 0.350695 0.000110
0.013610 0.224975 0.259503 0.146695 0.003587 0.351526 0.000105
0.013712 0.224745 0.259268 0.146742 0.003594 0.351834 0.000104
0.013715 0.224175 0.258992 0.146419 0.003594 0.353001 0.000105
0.013601 0.223267 0.259001 0.146363 0.003616 0.354044 0.000108
0.013839 0.222744 0.258844 0.146283 0.003620 0.354561 0.000109
0.013704 0.221056 0.258546 0.146134 0.003616 0.356840 0.000104
0.013868 0.221329 0.258106 0.146050 0.003636 0.356898 0.000113
0.013890 0.220865 0.258127 0.146103 0.003638 0.357262 0.000115
0.013821 0.219277 0.258148 0.145793 0.003660 0.359190 0.000110
0.014050 0.218796 0.257727 0.145759 0.003680 0.359876 0.000111
0.014001 0.218530 0.257543 0.145355 0.003694 0.360765 0.000111
0.013968 0.218249 0.257415 0.145558 0.003704 0.360996 0.000110
0.014016 0.216940 0.257149 0.145412 0.003683 0.362685 0.000115
0.013947 0.217015 0.256995 0.145111 0.003681 0.363128 0.000122
0.013987 0.215946 0.257143 0.145260 0.003705 0.363850 0.000108
0.014088 0.214819 0.256845 0.145168 0.003755 0.365207 0.000117
0.014194 0.213517 0.256448 0.145015 0.003762 0.366943 0.000120
0.014115 0.213433 0.256184 0.144957 0.003716 0.367484 0.000111
0.014290 0.213352 0.256019 0.144663 0.003762 0.367802 0.000112
0.014220 0.212039 0.255816 0.144552 0.003763 0.369489 0.000120
0.014161 0.210902 0.255743 0.144524 0.003780 0.370771 0.000118
0.014224 0.210377 0.255364 0.144312 0.003788 0.371815 0.000120
0.014289 0.210155 0.254926 0.144498 0.003728 0.372287 0.000116
0.014148 0.208890 0.254959 0.144348 0.003760 0.373775 0.000120
0.014395 0.208147 0.254598 0.144181 0.003810 0.374754 0.000116
0.014402 0.208052 0.254301 0.144001 0.003803 0.375323 0.000118
0.014290 0.207708 0.254375 0.143828 0.003776 0.375904 0.000119
0.014447 0.206860 0.254155 0.143837 0.003840 0.376748 0.000114
0.014351 0.206589 0.253593 0.143765 0.003814 0.377763 0.000124
0.014537 0.205429 0.253384 0.143513 0.003811 0.379209 0.000118
0.014495 0.205596 0.253487 0.143284 0.003856 0.379159 0.000124
0.014529 0.204389 0.253277 0.143262 0.003825 0.380600 0.000118
0.014524 0.203741 0.252957 0.142871 0.003877 0.381908 0.000122
0.014572 0.203627 0.252680 0.142938 0.003836 0.382222 0.000123
0.014547 0.202965 0.252725 0.142907 0.003844 0.382885 0.000126
0.014723 0.202061 0.252160 0.142581 0.003881 0.384474 0.000120
0.014737 0.201159 0.251956 0.142665 0.003886 0.385474 0.000124
0.014737 0.200557 0.251894 0.142508 0.003860 0.386317 0.000126
0.014849 0.199448 0.251485 0.142375 0.003947 0.387772 0.000123
0.014828 0.199844 0.251384 0.142213 0.003893 0.387716 0.000122
0.014881 0.198447 0.251239 0.142058 0.003903 0.389349 0.000123
0.014770 0.197715 0.251100 0.141877 0.003904 0.390510 0.000124
0.014781 0.198526 0.250509 0.142023 0.003929 0.390109 0.000124
0.014979 0.196158 0.250637 0.141747 0.003954 0.392396 0.000129
0.014885 0.196510 0.249977 0.141504 0.003909 0.393087 0.000129
0.015014 0.195599 0.250121 0.141418 0.003911 0.393811 0.000127
0.015117 0.195632 0.249704 0.141305 0.003936 0.394179 0.000127
0.014995 0.194096 0.249614 0.141288 0.003978 0.395906 0.000123
0.014960 0.194397 0.249305 0.141087 0.003952 0.396172 0.000127
0.015143 0.193650 0.249110 0.140854 0.003991 0.397120 0.000132
0.015118 0.192390 0.248864 0.140951 0.003979 0.398569 0.000129
0.015182 0.192343 0.248428 0.140870 0.003992 0.399053 0.000132
0.015252 0.191173 0.248315 0.140478 0.004009 0.400650 0.000122
0.015233 0.191605 0.248311 0.140391 0.003978 0.400354 0.000127
0.015299 0.190907 0.247520 0.140276 0.004007 0.401859 0.000132
0.015286 0.189830 0.247747 0.140292 0.004017 0.402692 0.000136
0.015339 0.188644 0.247358 0.140043 0.004044 0.404440 0.000133
0.015436 0.188423 0.247318 0.139794 0.004030 0.404867 0.000131
0.015440 0.187708 0.247059 0.139635 0.004027 0.406002 0.000129
0.015489 0.187572 0.246712 0.139732 0.004010 0.406351 0.000136
0.015478 0.187012 0.246634 0.139664 0.004053 0.407025 0.000134
0.015538 0.186071 0.246401 0.139299 0.004078 0.408472 0.000141
0.015536 0.185854 0.245996 0.139197 0.004109 0.409174 0.000135
0.015687 0.186080 0.245757 0.139258 0.004075 0.409009 0.000134
0.015733 0.184556 0.245456 0.139005 0.004101 0.411016 0.000133
0.015717 0.184805 0.245068 0.138878 0.004127 0.411274 0.000131
0.015681 0.184349 0.245098 0.138808 0.004121 0.411809 0.000134
0.015726 0.183073 0.244858 0.138476 0.004117 0.413613 0.000137
0.015627 0.182412 0.245074 0.138516 0.004071 0.414161 0.000139
0.015733 0.181735 0.244596 0.138363 0.004132 0.415308 0.000133
0.015790 0.181335 0.244188 0.138015 0.004138 0.416393 0.000141
0.015891 0.181215 0.243934 0.137995 0.004103 0.416722 0.000139
0.015849 0.180474 0.243622 0.137719 0.004154 0.418039 0.000142
0.015840 0.180401 0.243350 0.137825 0.004141 0.418302 0.000142
0.015769 0.180277 0.243149 0.137742 0.004176 0.418746 0.000141
0.015946 0.178972 0.243059 0.137525 0.004192 0.420157 0.000148
0.015915 0.178788 0.242826 0.137308 0.004173 0.420847 0.000143
0.016016 0.178385 0.242347 0.137157 0.004188 0.421762 0.000145
0.015960 0.178112 0.242409 0.137279 0.004167 0.421925 0.000147
0.016025 0.177593 0.241972 0.137072 0.004187 0.423001 0.000150
0.015958 0.176901 0.241680 0.136934 0.004189 0.424196 0.000141
0.016039 0.176480 0.241349 0.136428 0.004180 0.425374 0.000150
0.016123 0.175429 0.240991 0.136450 0.004186 0.426668 0.000154
0.016168 0.174938 0.240847 0.136310 0.004198 0.427388 0.000150
0.016213 0.174846 0.240712 0.136253 0.004205 0.427618 0.000152
0.016198 0.173907 0.240456 0.136243 0.004218 0.428825 0.000152
0.016221 0.173629 0.240176 0.136063 0.004229 0.429522 0.000160
0.016380 0.173926 0.239853 0.135781 0.004256 0.429647 0.000156
0.016412 0.172451 0.239260 0.135775 0.004204 0.431742 0.000156
0.016406 0.171682 0.239498 0.135584 0.004286 0.432393 0.000151
0.016532 0.170976 0.238860 0.135372 0.004274 0.433824 0.000162
0.016365 0.170896 0.238960 0.135198 0.004236 0.434198 0.000146
0.016440 0.170022 0.238604 0.134863 0.004290 0.435632 0.000149
0.016470 0.170843 0.238352 0.134965 0.004227 0.434991 0.000151
0.016694 0.169668 0.237856 0.134938 0.004297 0.436384 0.000161
0.016601 0.169063 0.237713 0.134372 0.004304 0.437788 0.000158
0.016705 0.168891 0.237403 0.134649 0.004329 0.437863 0.000160
0.016785 0.167940 0.237178 0.134314 0.004330 0.439289 0.000164
0.016739 0.167632 0.236970 0.134128 0.004332 0.440042 0.000157
0.016952 0.166826 0.236419 0.133780 0.004324 0.441546 0.000153
0.016847 0.166762 0.236552 0.133865 0.004328 0.441491 0.000154
0.016833 0.166453 0.236249 0.133816 0.004319 0.442181 0.000150
0.016866 0.165518 0.235930 0.133592 0.004345 0.443590 0.000160
0.017193 0.165026 0.235736 0.133399 0.004345 0.444139 0.000161
0.016908 0.164294 0.235554 0.133228 0.004395 0.445460 0.000160
0.016990 0.163995 0.234984 0.133083 0.004392 0.446398 0.000158
0.017039 0.163748 0.234880 0.132998 0.004376 0.446795 0.000165
0.017070 0.163099 0.234490 0.132758 0.004366 0.448059 0.000159
0.017164 0.163103 0.234547 0.132787 0.004364 0.447867 0.000169
0.017127 0.162596 0.233881 0.132561 0.004385 0.449286 0.000164
0.017020 0.162237 0.233860 0.132371 0.004373 0.449978 0.000161
0.017261 0.161920 0.233515 0.132047 0.004412 0.450675 0.000170
0.017142 0.161536 0.233503 0.132006 0.004398 0.451257 0.000158
0.017365 0.160829 0.233110 0.132051 0.004386 0.452094 0.000164
0.017362 0.160287 0.232542 0.131769 0.004406 0.453462 0.000172
0.017441 0.160175 0.232401 0.131690 0.004437 0.453683 0.000175
0.017459 0.159927 0.232167 0.131568 0.004402 0.454312 0.000165
0.017442 0.159308 0.232160 0.131325 0.004369 0.455218 0.000176
0.017538 0.158938 0.231797 0.131346 0.004426 0.455780 0.000176
0.017710 0.158204 0.231337 0.131149 0.004488 0.456940 0.000173
0.017492 0.158115 0.231285 0.130949 0.004416 0.457571 0.000172
0.017665 0.157193 0.230504 0.130747 0.004416 0.459300 0.000175
0.017678 0.156769 0.230536 0.130573 0.004439 0.459833 0.000172
0.017772 0.156744 0.230526 0.130690 0.004466 0.459628 0.000173
0.017859 0.155993 0.230019 0.130449 0.004466 0.461039 0.000175
0.017803 0.156245 0.229944 0.130182 0.004461 0.461187 0.000179
0.017888 0.155099 0.229482 0.129828 0.004468 0.463053 0.000182
0.017864 0.155272 0.229468 0.129912 0.004445 0.462859 0.000180
0.017776 0.154908 0.229081 0.129698 0.004471 0.463886 0.000181
0.017971 0.154326 0.228780 0.129677 0.004455 0.464611 0.000181
0.017788 0.153389 0.228114 0.129321 0.004492 0.466714 0.000182
0.017966 0.152928 0.227937 0.129233 0.004495 0.467264 0.000179
0.018031 0.152995 0.227992 0.129227 0.004487 0.467084 0.000183
0.018128 0.152412 0.227519 0.129056 0.004525 0.468180 0.000180
0.018145 0.152344 0.227196 0.128822 0.004489 0.468825 0.000180
0.018170 0.151741 0.227198 0.128559 0.004553 0.469595 0.000184
0.018299 0.151142 0.226540 0.128410 0.004529 0.470893 0.000188
0.018233 0.150533 0.226595 0.128350 0.004511 0.471583 0.000194
0.018474 0.150226 0.226276 0.128095 0.004511 0.472240 0.000178
0.018385 0.149839 0.225645 0.128132 0.004606 0.473204 0.000188
0.018389 0.149330 0.225714 0.127982 0.004564 0.473839 0.000183
0.018381 0.149216 0.225278 0.127584 0.004500 0.474846 0.000195
0.018563 0.149130 0.224998 0.127498 0.004558 0.475066 0.000187
0.018434 0.148800 0.225027 0.127349 0.004554 0.475645 0.000191
0.018493 0.147967 0.224469 0.127352 0.004572 0.476956 0.000192
0.018486 0.147561 0.224293 0.127178 0.004574 0.477718 0.000189
0.018679 0.147478 0.224122 0.126894 0.004546 0.478089 0.000192
0.018655 0.147217 0.223942 0.126774 0.004538 0.478688 0.000186
0.018579 0.146483 0.223676 0.126648 0.004608 0.479819 0.000188
0.018711 0.146354 0.223399 0.126503 0.004609 0.480235 0.000188
0.018613 0.146393 0.222906 0.126346 0.004590 0.480960 0.000191
0.018702 0.145660 0.222872 0.126105 0.004612 0.481853 0.000196
0.018920 0.145447 0.222426 0.126171 0.004616 0.482229 0.000191
0.018853 0.144925 0.222061 0.125912 0.004597 0.483451 0.000201
0.018893 0.144904 0.221827 0.125655 0.004600 0.483920 0.000200
0.019134 0.143839 0.221719 0.125300 0.004625 0.485184 0.000200
0.019078 0.144246 0.221348 0.125469 0.004572 0.485089 0.000197
0.018920 0.143317 0.221080 0.125195 0.004610 0.486680 0.000198
0.018963 0.143680 0.221208 0.125017 0.004649 0.486289 0.000193
0.019037 0.142955 0.220465 0.124769 0.004613 0.487954 0.000206
0.019187 0.142439 0.220072 0.124830 0.004662 0.488607 0.000203
0.019115 0.142263 0.220078 0.124514 0.004647 0.489182 0.000201
0.019123 0.142210 0.219592 0.124475 0.004705 0.489689 0.000206
0.019222 0.141371 0.219419 0.124221 0.004662 0.490888 0.000216
0.019254 0.140711 0.219080 0.124238 0.004638 0.491873 0.000207
0.019359 0.141507 0.218765 0.124129 0.004689 0.491342 0.000209
0.019249 0.140335 0.218795 0.123716 0.004636 0.493049 0.000221
0.019535 0.139571 0.218255 0.123438 0.004658 0.494333 0.000210
0.019529 0.140152 0.217995 0.123573 0.004673 0.493869 0.000209
0.019489 0.139019 0.217676 0.123231 0.004687 0.495688 0.000209
0.019588 0.138914 0.217660 0.123044 0.004693 0.495896 0.000206
0.019545 0.138537 0.217339 0.123336 0.004698 0.496346 0.000200
0.019640 0.138507 0.216828 0.122901 0.004690 0.497220 0.000214
0.019662 0.138118 0.216965 0.122942 0.004693 0.497410 0.000209
0.019681 0.137522 0.216506 0.122521 0.004717 0.498848 0.000205
0.019653 0.137662 0.216102 0.122740 0.004698 0.498930 0.000214
0.019983 0.136714 0.215710 0.122155 0.004743 0.500489 0.000206
0.019869 0.136892 0.215815 0.122291 0.004678 0.500253 0.000203
0.019977 0.135993 0.215184 0.122049 0.004726 0.501853 0.000218
0.019967 0.136328 0.214927 0.121957 0.004695 0.501903 0.000222
0.019942 0.136206 0.214840 0.121845 0.004701 0.502251 0.000215
0.020119 0.135036 0.214260 0.121385 0.004733 0.504245 0.000222
0.020009 0.135128 0.213985 0.121302 0.004746 0.504610 0.000221
0.020193 0.134702 0.213594 0.121264 0.004723 0.505306 0.000217
