0.957029 0.042127 0.000531 0.000302 0.000000 0.000012 0.000000
0.915444 0.082752 0.001116 0.000662 0.000000 0.000026 0.000000
0.904019 0.093846 0.001310 0.000792 0.000000 0.000032 0.000000
0.893854 0.103692 0.001512 0.000905 0.000000 0.000037 0.000000
0.879731 0.117434 0.001752 0.001030 0.000000 0.000053 0.000000
0.867189 0.129560 0.002002 0.001188 0.000000 0.000060 0.000000
0.853378 0.142942 0.002285 0.001328 0.000000 0.000067 0.000000
0.838062 0.157794 0.002561 0.001506 0.000001 0.000076 0.000000
0.824328 0.171073 0.002830 0.001682 0.000002 0.000084 0.000000
0.810176 0.184721 0.003144 0.001869 0.000001 0.000089 0.000000
0.794035 0.200284 0.003479 0.002098 0.000001 0.000103 0.000000
0.779766 0.213867 0.003913 0.002334 0.000001 0.000118 0.000000
0.764652 0.228395 0.004261 0.002561 0.000001 0.000130 0.000000
0.748706 0.243659 0.004676 0.002811 0.000001 0.000147 0.000000
0.736608 0.255210 0.005034 0.002994 0.000002 0.000152 0.000000
0.718348 0.272638 0.005550 0.003291 0.000002 0.000171 0.000000
0.704060 0.286153 0.006060 0.003540 0.000002 0.000186 0.000000
0.688676 0.300698 0.006570 0.003847 0.000002 0.000208 0.000000
0.674435 0.314166 0.007070 0.004107 0.000002 0.000219 0.000000
0.659864 0.327839 0.007647 0.004397 0.000003 0.000250 0.000000
0.644723 0.342112 0.008181 0.004705 0.000003 0.000276 0.000000
0.630599 0.355320 0.008736 0.005044 0.000004 0.000298 0.000000
0.615537 0.369415 0.009343 0.005381 0.000004 0.000320 0.000000
0.604969 0.379190 0.009833 0.005652 0.000005 0.000350 0.000000
0.589948 0.393113 0.010486 0.006057 0.000006 0.000391 0.000000
0.573467 0.408369 0.011250 0.006484 0.000006 0.000424 0.000000
0.561237 0.419550 0.011908 0.006844 0.000006 0.000455 0.000000
0.549137 0.430678 0.012513 0.007179 0.000006 0.000487 0.000000
0.534397 0.444148 0.013295 0.007627 0.000006 0.000528 0.000000
0.522551 0.454924 0.013966 0.007990 0.000006 0.000563 0.000000
0.511301 0.465093 0.014627 0.008366 0.000006 0.000606 0.000000
0.498084 0.477078 0.015355 0.008815 0.000006 0.000661 0.000000
0.483568 0.490112 0.016249 0.009341 0.000007 0.000723 0.000000
0.471636 0.500694 0.017057 0.009821 0.000008 0.000785 0.000000
0.459956 0.510939 0.017937 0.010311 0.000010 0.000846 0.000000
0.448329 0.521222 0.018759 0.010785 0.000010 0.000894 0.000000
0.435610 0.532277 0.019785 0.011358 0.000010 0.000960 0.000000
0.424847 0.541606 0.020661 0.011837 0.000009 0.001040 0.000000
0.413332 0.551448 0.021638 0.012475 0.000010 0.001096 0.000000
0.403307 0.559770 0.022670 0.013054 0.000012 0.001186 0.000000
0.390216 0.570836 0.023912 0.013720 0.000013 0.001303 0.000000
0.379313 0.580004 0.025018 0.014275 0.000014 0.001375 0.000000
0.371680 0.586007 0.026023 0.014815 0.000015 0.001459 0.000000
0.362963 0.593102 0.026994 0.015362 0.000020 0.001559 0.000000
0.352903 0.601276 0.028117 0.016026 0.000020 0.001658 0.000000
0.343158 0.608993 0.029370 0.016693 0.000022 0.001765 0.000000
0.333923 0.616259 0.030472 0.017439 0.000023 0.001884 0.000000
0.325510 0.622868 0.031548 0.018059 0.000025 0.001991 0.000000
0.317923 0.628363 0.032796 0.018763 0.000027 0.002126 0.000001
0.310288 0.633988 0.033998 0.019439 0.000028 0.002259 0.000001
0.303723 0.638587 0.035166 0.020108 0.000029 0.002386 0.000001
0.298791 0.641838 0.036180 0.020665 0.000030 0.002495 0.000001
0.291110 0.647164 0.037545 0.021491 0.000031 0.002659 0.000001
0.284357 0.651657 0.038912 0.022221 0.000032 0.002820 0.000001
0.277346 0.656577 0.040158 0.022893 0.000033 0.002992 0.000001
0.273632 0.658578 0.041132 0.023514 0.000035 0.003109 0.000001
0.268276 0.661702 0.042401 0.024276 0.000039 0.003305 0.000001
0.264291 0.663355 0.043798 0.025003 0.000039 0.003512 0.000001
0.254774 0.670157 0.045384 0.025932 0.000042 0.003709 0.000001
0.257231 0.666477 0.046085 0.026337 0.000044 0.003825 0.000001
0.253648 0.667831 0.047358 0.027098 0.000048 0.004016 0.000001
0.248321 0.671475 0.048299 0.027674 0.000052 0.004179 0.000001
0.245402 0.672058 0.049717 0.028370 0.000049 0.004402 0.000001
0.240705 0.674510 0.050997 0.029163 0.000053 0.004571 0.000001
0.239345 0.673756 0.052221 0.029845 0.000057 0.004776 0.000001
0.235322 0.675865 0.053215 0.030560 0.000059 0.004978 0.000001
0.231397 0.677425 0.054608 0.031281 0.000059 0.005230 0.000001
0.229563 0.677354 0.055687 0.031871 0.000065 0.005458 0.000001
0.223212 0.681091 0.057247 0.032679 0.000065 0.005706 0.000001
0.220638 0.681903 0.058270 0.033237 0.000066 0.005885 0.000001
0.215218 0.684501 0.059895 0.034141 0.000071 0.006173 0.000001
0.209005 0.688002 0.061420 0.035039 0.000074 0.006460 0.000001
0.204627 0.689881 0.062847 0.035818 0.000080 0.006746 0.000001
0.203334 0.689971 0.063440 0.036305 0.000077 0.006872 0.000001
0.197378 0.692603 0.065428 0.037279 0.000087 0.007225 0.000001
0.194256 0.693938 0.066420 0.037851 0.000089 0.007446 0.000000
0.185466 0.698819 0.068619 0.039154 0.000099 0.007842 0.000001
0.183506 0.699242 0.069443 0.039601 0.000099 0.008107 0.000001
0.174624 0.703999 0.071745 0.041011 0.000109 0.008511 0.000001
0.169910 0.706648 0.072919 0.041627 0.000108 0.008786 0.000001
0.166979 0.706470 0.074677 0.042602 0.000113 0.009159 0.000001
0.158659 0.711108 0.076745 0.043770 0.000122 0.009594 0.000001
0.157891 0.709121 0.078240 0.044656 0.000122 0.009968 0.000001
0.155177 0.709634 0.079440 0.045367 0.000125 0.010256 0.000001
0.152616 0.709597 0.080967 0.046104 0.000132 0.010584 0.000001
0.148524 0.710532 0.082712 0.047091 0.000135 0.011004 0.000001
0.145317 0.711283 0.083970 0.047959 0.000138 0.011332 0.000001
0.142415 0.711337 0.085571 0.048774 0.000138 0.011764 0.000001
0.137823 0.712478 0.087485 0.049839 0.000148 0.012227 0.000001
0.139731 0.708936 0.088418 0.050257 0.000148 0.012509 0.000001
0.137618 0.707925 0.090076 0.051229 0.000157 0.012994 0.000001
0.132172 0.709412 0.092137 0.052583 0.000162 0.013533 0.000001
0.130688 0.708477 0.093521 0.053211 0.000170 0.013933 0.000001
0.129783 0.707127 0.094529 0.054110 0.000170 0.014280 0.000001
0.126313 0.706849 0.096689 0.055160 0.000171 0.014818 0.000001
0.123799 0.706735 0.098079 0.055938 0.000178 0.015269 0.000001
0.122612 0.705717 0.099178 0.056611 0.000191 0.015691 0.000001
0.118443 0.707267 0.100674 0.057337 0.000192 0.016086 0.000001
0.119184 0.704292 0.101819 0.058014 0.000207 0.016483 0.000001
0.115752 0.704490 0.103624 0.059006 0.000203 0.016923 0.000001
0.118268 0.700480 0.104356 0.059407 0.000206 0.017283 0.000001
0.111736 0.702541 0.106773 0.060758 0.000222 0.017968 0.000001
0.112195 0.700214 0.107703 0.061298 0.000229 0.018359 0.000001
0.109320 0.700629 0.109013 0.062100 0.000231 0.018706 0.000001
0.106596 0.700295 0.110580 0.062973 0.000233 0.019322 0.000001
0.106393 0.697122 0.112206 0.064063 0.000244 0.019972 0.000001
0.104882 0.696101 0.113456 0.064832 0.000247 0.020481 0.000001
0.100642 0.696502 0.115481 0.066031 0.000254 0.021088 0.000001
0.102469 0.693883 0.115858 0.066056 0.000261 0.021471 0.000001
0.098527 0.693675 0.118042 0.067360 0.000264 0.022133 0.000001
0.094070 0.694109 0.120189 0.068538 0.000271 0.022821 0.000002
0.094595 0.691115 0.121255 0.069295 0.000286 0.023453 0.000001
0.093201 0.691056 0.122045 0.069725 0.000282 0.023689 0.000001
0.093348 0.688527 0.123105 0.070415 0.000286 0.024317 0.000001
0.092775 0.686272 0.124643 0.071140 0.000301 0.024868 0.000002
0.088330 0.687171 0.126401 0.072267 0.000313 0.025516 0.000002
0.084054 0.687899 0.128306 0.073310 0.000306 0.026124 0.000002
0.082687 0.686386 0.129753 0.074083 0.000326 0.026764 0.000002
0.081037 0.684911 0.131316 0.075021 0.000335 0.027378 0.000002
0.080427 0.683798 0.132187 0.075439 0.000339 0.027808 0.000002
0.075239 0.684915 0.134369 0.076469 0.000358 0.028649 0.000002
0.074733 0.682901 0.135542 0.077279 0.000360 0.029184 0.000002
0.072353 0.682593 0.136786 0.078138 0.000357 0.029772 0.000002
0.066234 0.684367 0.139114 0.079231 0.000377 0.030675 0.000001
0.065004 0.681259 0.141260 0.080522 0.000386 0.031567 0.000001
0.065735 0.679942 0.141445 0.080640 0.000391 0.031845 0.000002
0.060171 0.680687 0.143909 0.082115 0.000405 0.032711 0.000002
0.061891 0.676726 0.145020 0.082495 0.000414 0.033452 0.000001
0.060575 0.675510 0.146057 0.083341 0.000419 0.034096 0.000002
0.058463 0.673692 0.147929 0.084485 0.000434 0.034996 0.000001
0.054586 0.673806 0.149895 0.085537 0.000436 0.035739 0.000001
0.055911 0.671550 0.150254 0.085813 0.000442 0.036029 0.000002
0.051397 0.671083 0.152801 0.087101 0.000451 0.037165 0.000001
0.051900 0.669214 0.153255 0.087578 0.000454 0.037596 0.000002
0.048783 0.667201 0.155794 0.089066 0.000462 0.038692 0.000003
0.046904 0.666486 0.157056 0.089690 0.000476 0.039386 0.000002
0.045755 0.665452 0.158023 0.090238 0.000483 0.040047 0.000002
0.044662 0.663933 0.159341 0.090839 0.000489 0.040734 0.000002
0.044204 0.660573 0.161416 0.091723 0.000498 0.041583 0.000003
0.044662 0.658678 0.161904 0.092137 0.000512 0.042104 0.000003
0.043475 0.656185 0.163629 0.093136 0.000520 0.043052 0.000003
0.043867 0.652255 0.165348 0.094008 0.000535 0.043983 0.000003
0.041434 0.652581 0.166270 0.094661 0.000543 0.044508 0.000003
0.041633 0.649907 0.167421 0.095251 0.000547 0.045237 0.000003
0.039358 0.647606 0.169567 0.096504 0.000569 0.046394 0.000002
0.040484 0.646582 0.169344 0.096489 0.000565 0.046534 0.000003
0.042854 0.641380 0.170454 0.097155 0.000576 0.047577 0.000004
0.046182 0.636045 0.171429 0.097640 0.000591 0.048111 0.000003
0.043514 0.634928 0.173238 0.098570 0.000601 0.049145 0.000003
0.049459 0.629549 0.172862 0.098216 0.000599 0.049310 0.000004
0.049633 0.627560 0.173428 0.098787 0.000604 0.049985 0.000003
0.051131 0.624105 0.174230 0.099171 0.000614 0.050746 0.000003
0.052276 0.620562 0.175309 0.099715 0.000622 0.051513 0.000003
0.049887 0.621513 0.175906 0.100091 0.000627 0.051974 0.000003
0.052121 0.616428 0.177053 0.100808 0.000633 0.052953 0.000004
0.049674 0.616858 0.178027 0.101264 0.000646 0.053529 0.000003
0.049665 0.613855 0.179304 0.101887 0.000652 0.054633 0.000004
0.048874 0.612229 0.180259 0.102535 0.000677 0.055422 0.000004
0.049018 0.609898 0.181222 0.102970 0.000684 0.056203 0.000004
0.051154 0.609100 0.180368 0.102481 0.000669 0.056226 0.000003
0.048403 0.608616 0.181942 0.103314 0.000690 0.057031 0.000004
0.046199 0.606957 0.183522 0.104342 0.000708 0.058268 0.000004
0.042870 0.608084 0.184519 0.104979 0.000712 0.058832 0.000004
0.040467 0.606343 0.186474 0.105992 0.000724 0.059995 0.000004
0.041639 0.603771 0.187010 0.106103 0.000735 0.060738 0.000004
0.038613 0.603438 0.188469 0.107114 0.000734 0.061627 0.000005
0.038239 0.601992 0.189245 0.107398 0.000751 0.062370 0.000005
0.033664 0.601932 0.191570 0.108574 0.000767 0.063488 0.000005
0.033073 0.599613 0.192675 0.109265 0.000784 0.064585 0.000005
0.030936 0.597941 0.194298 0.110293 0.000796 0.065731 0.000005
0.030278 0.595657 0.195723 0.110799 0.000801 0.066737 0.000006
0.030499 0.594922 0.195591 0.111021 0.000809 0.067151 0.000007
0.029500 0.591959 0.197427 0.111819 0.000832 0.068455 0.000007
0.026760 0.590586 0.199320 0.112929 0.000841 0.069559 0.000005
0.026403 0.589755 0.199845 0.113042 0.000838 0.070112 0.000006
0.025536 0.587826 0.200842 0.113764 0.000862 0.071165 0.000006
0.025250 0.585287 0.202020 0.114508 0.000862 0.072068 0.000005
0.023550 0.582441 0.203872 0.115668 0.000891 0.073572 0.000006
0.024075 0.581946 0.203588 0.115513 0.000892 0.073980 0.000006
0.022655 0.579981 0.205007 0.116381 0.000891 0.075079 0.000006
0.021944 0.577972 0.206113 0.117008 0.000916 0.076040 0.000006
0.022144 0.577281 0.206235 0.117078 0.000904 0.076349 0.000008
0.020973 0.572652 0.208731 0.118338 0.000932 0.078367 0.000007
0.020635 0.571597 0.209081 0.118734 0.000936 0.079009 0.000008
0.020793 0.569796 0.209774 0.118832 0.000944 0.079855 0.000007
0.020327 0.567420 0.210802 0.119612 0.000960 0.080870 0.000008
0.020074 0.566474 0.211146 0.119871 0.000972 0.081456 0.000007
0.019766 0.563248 0.212562 0.120635 0.000983 0.082799 0.000007
0.019010 0.561006 0.213864 0.121198 0.000984 0.083930 0.000009
0.019230 0.561045 0.213622 0.121120 0.001003 0.083971 0.000009
0.018517 0.557984 0.214931 0.122090 0.001006 0.085465 0.000007
0.018645 0.557006 0.215271 0.122213 0.001010 0.085848 0.000006
0.017955 0.553555 0.216732 0.123107 0.001033 0.087610 0.000007
0.017898 0.551120 0.217857 0.123528 0.001037 0.088554 0.000008
0.017487 0.548535 0.218851 0.124168 0.001082 0.089870 0.000007
0.017249 0.546272 0.219913 0.124547 0.001074 0.090937 0.000008
0.017376 0.544275 0.220621 0.125002 0.001077 0.091640 0.000008
0.016773 0.541914 0.221791 0.125725 0.001099 0.092691 0.000007
0.016731 0.540828 0.222142 0.125810 0.001117 0.093365 0.000008
0.016459 0.539196 0.222634 0.126425 0.001120 0.094158 0.000007
0.016783 0.536825 0.223369 0.126530 0.001125 0.095359 0.000009
0.016537 0.535433 0.223928 0.127037 0.001138 0.095917 0.000010
0.016249 0.532471 0.225150 0.127608 0.001137 0.097377 0.000008
0.016232 0.531070 0.225348 0.127971 0.001150 0.098220 0.000009
0.015894 0.528116 0.226852 0.128332 0.001164 0.099631 0.000010
0.015735 0.526505 0.227378 0.128937 0.001176 0.100261 0.000009
0.016012 0.525652 0.227327 0.128775 0.001165 0.101059 0.000009
0.015317 0.521943 0.228956 0.129874 0.001181 0.102719 0.000010
0.015534 0.520528 0.229214 0.130014 0.001208 0.103492 0.000010
0.015527 0.519251 0.229537 0.130339 0.001212 0.104123 0.000011
0.015298 0.516397 0.230638 0.130994 0.001210 0.105454 0.000010
0.015167 0.515283 0.231087 0.131064 0.001230 0.106161 0.000008
0.014991 0.513569 0.231716 0.131410 0.001221 0.107084 0.000009
0.015078 0.512461 0.231773 0.131518 0.001263 0.107897 0.000010
0.014938 0.509223 0.232929 0.132284 0.001272 0.109343 0.000012
0.014747 0.507390 0.233555 0.132689 0.001274 0.110333 0.000012
0.014728 0.506323 0.234007 0.132743 0.001263 0.110925 0.000010
0.014543 0.503617 0.234945 0.133210 0.001304 0.112369 0.000012
0.014594 0.501845 0.235308 0.133690 0.001297 0.113255 0.000012
0.014477 0.500187 0.235858 0.133815 0.001331 0.114319 0.000012
0.014487 0.498785 0.236158 0.134050 0.001336 0.115173 0.000011
0.014399 0.497147 0.236908 0.134371 0.001342 0.115820 0.000013
0.014168 0.493888 0.238023 0.135130 0.001361 0.117417 0.000013
0.016121 0.492395 0.237367 0.134901 0.001350 0.117856 0.000010
0.018826 0.489049 0.237471 0.134763 0.001354 0.118523 0.000015
0.025955 0.485699 0.235379 0.133637 0.001354 0.117963 0.000013
0.027735 0.482123 0.235906 0.133727 0.001356 0.119138 0.000014
0.024548 0.481132 0.237593 0.134734 0.001404 0.120575 0.000016
0.030191 0.477536 0.236069 0.134079 0.001382 0.120726 0.000016
0.028364 0.476440 0.237113 0.134602 0.001393 0.122073 0.000014
0.029886 0.475086 0.236644 0.134564 0.001409 0.122396 0.000014
0.030481 0.472904 0.237116 0.134546 0.001415 0.123522 0.000016
0.027155 0.472981 0.238355 0.135268 0.001420 0.124806 0.000015
0.031226 0.470324 0.237321 0.134723 0.001439 0.124953 0.000014
0.029388 0.470219 0.237963 0.135227 0.001455 0.125732 0.000016
0.029098 0.469202 0.238186 0.135241 0.001453 0.126805 0.000014
0.027958 0.466967 0.239404 0.135875 0.001474 0.128307 0.000015
0.024639 0.466305 0.240826 0.136509 0.001500 0.130205 0.000016
0.024839 0.466939 0.240561 0.136341 0.001476 0.129828 0.000015
0.024769 0.464736 0.240930 0.136743 0.001492 0.131314 0.000016
0.024490 0.462921 0.241421 0.136902 0.001513 0.132737 0.000016
0.022547 0.462807 0.242393 0.137442 0.001513 0.133280 0.000018
0.022512 0.461010 0.242613 0.137659 0.001522 0.134668 0.000017
0.021659 0.458977 0.243596 0.138225 0.001561 0.135964 0.000017
0.018793 0.458469 0.244786 0.139040 0.001560 0.137336 0.000017
0.019330 0.456354 0.245255 0.139069 0.001586 0.138387 0.000018
0.018086 0.455178 0.246030 0.139585 0.001608 0.139495 0.000018
0.018128 0.453615 0.246273 0.139760 0.001593 0.140611 0.000020
0.017326 0.451964 0.247069 0.140319 0.001621 0.141682 0.000019
0.017046 0.449647 0.247559 0.140690 0.001626 0.143415 0.000018
0.016797 0.450032 0.247658 0.140545 0.001640 0.143311 0.000017
0.015809 0.446716 0.249081 0.141324 0.001674 0.145376 0.000020
0.016124 0.445583 0.249077 0.141518 0.001679 0.145996 0.000023
0.015567 0.444691 0.249504 0.141556 0.001667 0.146995 0.000020
0.014550 0.441987 0.250765 0.142491 0.001708 0.148478 0.000022
0.015048 0.440305 0.250898 0.142338 0.001719 0.149670 0.000022
0.014666 0.438815 0.251293 0.142736 0.001725 0.150742 0.000023
0.014753 0.438641 0.251203 0.142587 0.001728 0.151069 0.000020
0.014419 0.436107 0.251970 0.143043 0.001762 0.152678 0.000021
0.014370 0.434263 0.252502 0.143225 0.001763 0.153857 0.000021
0.014037 0.433858 0.252442 0.143312 0.001774 0.154555 0.000021
0.014086 0.431843 0.253041 0.143696 0.001771 0.155540 0.000023
0.013247 0.428247 0.254337 0.144418 0.001796 0.157933 0.000022
0.013625 0.428503 0.253899 0.144324 0.001785 0.157840 0.000024
0.013860 0.426927 0.253935 0.144219 0.001810 0.159224 0.000025
0.013219 0.423954 0.255063 0.145032 0.001822 0.160886 0.000023
0.013056 0.422286 0.255499 0.145084 0.001849 0.162201 0.000025
0.013102 0.420755 0.255725 0.145082 0.001863 0.163449 0.000024
0.013066 0.420570 0.255769 0.145329 0.001872 0.163372 0.000023
0.012840 0.417753 0.256646 0.145659 0.001883 0.165196 0.000022
0.012852 0.416032 0.256974 0.146022 0.001892 0.166203 0.000025
0.012750 0.414173 0.257347 0.146210 0.001919 0.167576 0.000024
0.012534 0.412900 0.257744 0.146408 0.001898 0.168494 0.000023
0.012670 0.412308 0.257828 0.146302 0.001893 0.168975 0.000025
0.012405 0.409976 0.258231 0.146648 0.001934 0.170782 0.000025
0.012557 0.408992 0.258439 0.146672 0.001942 0.171373 0.000025
0.012706 0.408166 0.258341 0.146841 0.001961 0.171959 0.000026
0.012472 0.405678 0.259073 0.147021 0.001964 0.173764 0.000029
0.012428 0.404552 0.259291 0.147170 0.001966 0.174565 0.000028
0.012412 0.402136 0.259716 0.147411 0.001970 0.176328 0.000026
0.012414 0.401604 0.259750 0.147672 0.001993 0.176538 0.000030
0.012354 0.399737 0.260234 0.147764 0.001987 0.177896 0.000028
0.012429 0.399057 0.260153 0.147845 0.001993 0.178495 0.000027
0.012292 0.396871 0.260704 0.148027 0.002000 0.180076 0.000029
0.012321 0.396081 0.260752 0.147957 0.002017 0.180846 0.000027
0.012294 0.394435 0.260819 0.148419 0.002025 0.181979 0.000029
0.012061 0.391653 0.261485 0.148752 0.002043 0.183977 0.000029
0.012185 0.391312 0.261586 0.148612 0.002060 0.184216 0.000029
0.011996 0.388875 0.262024 0.149029 0.002075 0.185971 0.000030
0.012038 0.387693 0.262245 0.149053 0.002103 0.186838 0.000029
0.012095 0.386945 0.262691 0.149045 0.002109 0.187086 0.000029
0.011994 0.384706 0.262760 0.149347 0.002138 0.189026 0.000029
0.011890 0.383311 0.263169 0.149452 0.002137 0.190012 0.000029
0.011979 0.381589 0.263261 0.149683 0.002146 0.191311 0.000031
0.012036 0.381842 0.263123 0.149463 0.002130 0.191376 0.000029
0.012118 0.380074 0.263245 0.149744 0.002121 0.192669 0.000029
0.011954 0.378029 0.263643 0.149837 0.002169 0.194336 0.000032
0.011910 0.377383 0.263583 0.149940 0.002163 0.194989 0.000032
0.011921 0.374593 0.264308 0.150208 0.002196 0.196742 0.000033
0.011759 0.373421 0.264280 0.150486 0.002206 0.197814 0.000034
0.011782 0.373107 0.264115 0.150493 0.002245 0.198224 0.000034
0.011976 0.371855 0.264363 0.150128 0.002241 0.199404 0.000033
0.011807 0.369152 0.264910 0.150571 0.002262 0.201265 0.000032
0.011774 0.368466 0.264813 0.150747 0.002260 0.201908 0.000032
0.011796 0.366981 0.265086 0.150781 0.002278 0.203048 0.000029
0.011813 0.365240 0.265268 0.150875 0.002311 0.204457 0.000035
0.011679 0.363146 0.265927 0.151159 0.002337 0.205716 0.000036
0.011818 0.363094 0.265554 0.150921 0.002315 0.206260 0.000039
0.011814 0.361116 0.265755 0.151119 0.002334 0.207823 0.000039
0.011768 0.359899 0.266088 0.151310 0.002312 0.208585 0.000039
0.011791 0.358641 0.266357 0.151354 0.002352 0.209472 0.000034
0.011754 0.357752 0.266316 0.151192 0.002372 0.210578 0.000035
0.011757 0.356041 0.266403 0.151482 0.002368 0.211912 0.000036
0.011746 0.355356 0.266699 0.151447 0.002386 0.212326 0.000039
0.011696 0.353323 0.266916 0.151677 0.002394 0.213955 0.000038
0.011787 0.352613 0.266886 0.151696 0.002382 0.214598 0.000037
0.011865 0.350871 0.267240 0.151864 0.002410 0.215710 0.000039
0.011773 0.350177 0.266935 0.151789 0.002410 0.216877 0.000038
0.011745 0.347689 0.267481 0.152158 0.002485 0.218404 0.000039
0.011918 0.347302 0.267180 0.151925 0.002457 0.219178 0.000040
0.011777 0.346510 0.267307 0.151999 0.002442 0.219924 0.000041
0.011764 0.344879 0.267484 0.152119 0.002451 0.221264 0.000037
0.011875 0.342453 0.267837 0.152215 0.002511 0.223069 0.000040
0.011756 0.341712 0.268009 0.152338 0.002509 0.223634 0.000042
0.011737 0.341752 0.267751 0.152122 0.002472 0.224125 0.000040
0.011923 0.340201 0.267851 0.152119 0.002494 0.225370 0.000043
0.011768 0.338105 0.268244 0.152345 0.002529 0.226970 0.000038
0.011765 0.337086 0.268391 0.152346 0.002542 0.227828 0.000043
0.011706 0.336478 0.268094 0.152407 0.002527 0.228742 0.000045
0.011847 0.334304 0.268491 0.152361 0.002571 0.230381 0.000046
0.011910 0.333948 0.267990 0.152546 0.002568 0.230992 0.000046
0.011908 0.333352 0.268180 0.152336 0.002568 0.231611 0.000044
0.011858 0.332352 0.268272 0.152356 0.002558 0.232557 0.000047
0.011780 0.330425 0.268760 0.152556 0.002573 0.233858 0.000047
0.011876 0.328997 0.268588 0.152535 0.002622 0.235337 0.000046
0.011856 0.328476 0.268695 0.152424 0.002596 0.235904 0.000050
0.011841 0.326485 0.268714 0.152778 0.002607 0.237526 0.000049
0.011736 0.325953 0.268799 0.152601 0.002637 0.238226 0.000047
0.011609 0.324473 0.269199 0.152753 0.002664 0.239254 0.000049
0.011822 0.323362 0.269118 0.152560 0.002675 0.240420 0.000044
0.011759 0.322387 0.269098 0.152671 0.002649 0.241385 0.000050
0.011879 0.321424 0.268866 0.152928 0.002656 0.242195 0.000052
0.011764 0.320811 0.268602 0.152840 0.002657 0.243277 0.000049
0.011823 0.317964 0.269183 0.153021 0.002702 0.245255 0.000052
0.011833 0.316736 0.269034 0.153164 0.002714 0.246470 0.000050
0.011850 0.316374 0.269197 0.152921 0.002716 0.246892 0.000050
0.011908 0.315774 0.268812 0.152967 0.002723 0.247763 0.000052
0.011953 0.315137 0.269008 0.152844 0.002739 0.248267 0.000052
0.011920 0.313074 0.269022 0.152944 0.002745 0.250242 0.000052
0.011899 0.311233 0.269224 0.153059 0.002761 0.251774 0.000051
0.011906 0.311013 0.268881 0.152961 0.002752 0.252433 0.000055
0.011875 0.310066 0.268939 0.152953 0.002775 0.253338 0.000054
0.011942 0.309960 0.268760 0.152834 0.002767 0.253683 0.000054
0.011936 0.308191 0.268880 0.152828 0.002779 0.255332 0.000055
0.011954 0.306388 0.268955 0.152893 0.002829 0.256923 0.000059
0.012018 0.305621 0.269044 0.152951 0.002803 0.257505 0.000058
0.012045 0.304049 0.268970 0.153052 0.002833 0.258997 0.000054
0.012146 0.302372 0.268781 0.152896 0.002850 0.260904 0.000051
0.012055 0.301417 0.269087 0.152958 0.002865 0.261561 0.000056
0.012092 0.301965 0.269027 0.152655 0.002835 0.261369 0.000057
0.011980 0.300326 0.269033 0.152837 0.002851 0.262918 0.000055
0.011969 0.299378 0.269293 0.152702 0.002849 0.263752 0.000057
0.012075 0.297865 0.268948 0.152558 0.002888 0.265605 0.000060
0.011994 0.297752 0.268910 0.152747 0.002896 0.265643 0.000059
0.011962 0.295863 0.269090 0.152708 0.002921 0.267393 0.000062
0.012103 0.294578 0.268960 0.152805 0.002858 0.268635 0.000061
0.012169 0.293867 0.269060 0.152657 0.002875 0.269311 0.000062
0.012151 0.293293 0.268993 0.152867 0.002915 0.269721 0.000059
0.012166 0.291865 0.268937 0.152645 0.002909 0.271419 0.000059
0.012140 0.291367 0.268527 0.152409 0.002957 0.272542 0.000060
0.012122 0.290089 0.268835 0.152563 0.002925 0.273402 0.000064
0.012089 0.289209 0.268849 0.152529 0.002911 0.274348 0.000065
0.012082 0.287456 0.268532 0.152613 0.002973 0.276280 0.000063
0.012191 0.287273 0.268360 0.152440 0.002959 0.276712 0.000065
0.012265 0.285551 0.268602 0.152408 0.002988 0.278118 0.000067
0.012361 0.284832 0.268409 0.152557 0.002975 0.278797 0.000068
0.012240 0.283148 0.268450 0.152455 0.003000 0.280639 0.000067
0.012274 0.282298 0.268273 0.152417 0.003005 0.281665 0.000067
0.012243 0.281817 0.268172 0.152403 0.003010 0.282288 0.000066
0.012207 0.280978 0.268257 0.152361 0.003032 0.283101 0.000065
0.012309 0.279840 0.268143 0.152510 0.003031 0.284100 0.000066
0.012403 0.278420 0.268206 0.152294 0.003072 0.285541 0.000064
0.012343 0.277889 0.268123 0.152294 0.003040 0.286240 0.000071
0.012360 0.276295 0.267925 0.152275 0.003072 0.288010 0.000064
0.012244 0.275604 0.267821 0.152102 0.003077 0.289079 0.000072
0.012384 0.274994 0.267604 0.152290 0.003090 0.289574 0.000064
0.012452 0.273342 0.267927 0.152072 0.003104 0.291032 0.000071
0.012381 0.273975 0.267740 0.151954 0.003083 0.290796 0.000072
0.012386 0.272144 0.267177 0.152025 0.003095 0.293100 0.000072
0.012396 0.271994 0.267272 0.151934 0.003099 0.293237 0.000068
0.012419 0.270542 0.267378 0.151589 0.003139 0.294859 0.000073
0.012448 0.269738 0.267424 0.151645 0.003188 0.295491 0.000067
0.012443 0.269077 0.267226 0.151836 0.003156 0.296192 0.000070
0.012448 0.267196 0.267143 0.151676 0.003192 0.298268 0.000076
0.012525 0.266879 0.266825 0.151555 0.003207 0.298933 0.000076
0.012613 0.264826 0.266833 0.151576 0.003240 0.300838 0.000075
0.012708 0.264483 0.266631 0.151421 0.003225 0.301456 0.000076
0.012598 0.263887 0.266470 0.151574 0.003226 0.302168 0.000077
0.012571 0.263494 0.266802 0.151254 0.003208 0.302597 0.000073
0.012597 0.263147 0.266210 0.151355 0.003249 0.303367 0.000075
0.012604 0.261334 0.266271 0.151259 0.003237 0.305215 0.000081
0.012557 0.260705 0.266238 0.151128 0.003259 0.306033 0.000080
0.012574 0.258946 0.266419 0.151240 0.003267 0.307476 0.000078
0.012772 0.259130 0.265976 0.151012 0.003271 0.307764 0.000075
0.012575 0.258602 0.265971 0.151135 0.003250 0.308386 0.000081
0.012568 0.257134 0.265934 0.150974 0.003277 0.310034 0.000080
0.012710 0.255796 0.265639 0.150899 0.003312 0.311569 0.000074
0.012616 0.255338 0.265531 0.150795 0.003310 0.312329 0.000081
0.012653 0.254198 0.265732 0.150783 0.003299 0.313251 0.000085
0.012782 0.253278 0.265469 0.150771 0.003330 0.314287 0.000083
0.012850 0.252407 0.265283 0.150440 0.003336 0.315600 0.000084
0.012767 0.251764 0.265364 0.150268 0.003300 0.316455 0.000082
0.012841 0.250871 0.264793 0.150387 0.003387 0.317639 0.000081
0.012854 0.249803 0.264802 0.150473 0.003359 0.318625 0.000083
0.012878 0.249268 0.264781 0.150363 0.003378 0.319250 0.000082
0.012741 0.248648 0.264835 0.150097 0.003375 0.320221 0.000084
0.012892 0.247890 0.264493 0.150101 0.003394 0.321149 0.000080
0.012866 0.246580 0.264274 0.150120 0.003403 0.322673 0.000084
0.012977 0.245907 0.264045 0.149903 0.003444 0.323644 0.000081
0.012783 0.245768 0.263944 0.149901 0.003466 0.324053 0.000085
0.012900 0.244759 0.264001 0.149889 0.003470 0.324891 0.000089
0.012980 0.243293 0.263332 0.149806 0.003479 0.327026 0.000084
0.013039 0.242397 0.263350 0.149625 0.003501 0.328002 0.000086
0.012994 0.241840 0.263478 0.149367 0.003482 0.328748 0.000090
0.013036 0.240711 0.263154 0.149547 0.003489 0.329975 0.000089
0.013055 0.239935 0.263149 0.149423 0.003527 0.330819 0.000092
0.013084 0.238771 0.262734 0.149338 0.003538 0.332449 0.000088
0.013095 0.238216 0.262893 0.149178 0.003544 0.332984 0.000090
0.013124 0.238284 0.262582 0.148935 0.003509 0.333472 0.000093
0.013126 0.237233 0.262490 0.148923 0.003520 0.334615 0.000092
0.013171 0.236699 0.262282 0.148933 0.003525 0.335298 0.000092
0.013247 0.235635 0.261965 0.148926 0.003553 0.336582 0.000092
0.013347 0.234856 0.261989 0.148894 0.003563 0.337254 0.000097
0.013382 0.234102 0.261851 0.148715 0.003582 0.338272 0.000096
0.013336 0.233392 0.261770 0.148550 0.003567 0.339288 0.000097
0.013325 0.231937 0.261539 0.148369 0.003604 0.341132 0.000094
0.013386 0.231456 0.261367 0.148546 0.003618 0.341529 0.000098
0.013369 0.230681 0.260964 0.148488 0.003623 0.342777 0.000099
0.013506 0.230595 0.260901 0.148235 0.003601 0.343069 0.000092
0.013433 0.229451 0.260819 0.148148 0.003606 0.344448 0.000096
0.013455 0.228520 0.260759 0.148123 0.003621 0.345425 0.000096
0.013498 0.227150 0.260258 0.148058 0.003638 0.347299 0.000099
0.013538 0.226492 0.260196 0.147872 0.003626 0.348179 0.000097
0.013525 0.226404 0.260277 0.147829 0.003653 0.348216 0.000096
0.013489 0.225714 0.260324 0.147532 0.003628 0.349208 0.000106
0.013635 0.224696 0.259868 0.147462 0.003659 0.350579 0.000100
0.013587 0.224300 0.259613 0.147752 0.003703 0.350943 0.000102
0.013742 0.223408 0.259348 0.147187 0.003657 0.352551 0.000106
0.013803 0.222644 0.258980 0.147327 0.003690 0.353457 0.000100
0.013648 0.222526 0.258973 0.147315 0.003693 0.353746 0.000101
0.013824 0.221556 0.258862 0.147151 0.003706 0.354794 0.000106
0.013848 0.221263 0.258433 0.146977 0.003727 0.355656 0.000097
0.013718 0.220571 0.258271 0.146906 0.003768 0.356668 0.000099
0.013789 0.219773 0.258501 0.146609 0.003742 0.357481 0.000104
0.013830 0.218004 0.257716 0.146521 0.003740 0.360091 0.000099
0.013905 0.218032 0.257750 0.146374 0.003756 0.360078 0.000104
0.014037 0.217738 0.257703 0.146273 0.003739 0.360411 0.000099
0.014026 0.215882 0.257163 0.146330 0.003750 0.362740 0.000108
0.014010 0.216069 0.256926 0.146051 0.003769 0.363078 0.000097
0.013997 0.215311 0.256676 0.145984 0.003724 0.364201 0.000107
0.014060 0.214446 0.256429 0.146000 0.003771 0.365189 0.000104
0.014160 0.213996 0.256775 0.145815 0.003806 0.365337 0.000111
0.014079 0.213064 0.256066 0.145813 0.003817 0.367053 0.000108
0.014252 0.212149 0.256041 0.145843 0.003798 0.367813 0.000104
0.014191 0.212212 0.255771 0.145484 0.003810 0.368425 0.000107
0.014174 0.211160 0.255517 0.145369 0.003823 0.369849 0.000108
0.014203 0.210557 0.255411 0.145230 0.003824 0.370672 0.000103
0.014320 0.209226 0.255257 0.145106 0.003835 0.372147 0.000110
0.014157 0.208889 0.255529 0.144759 0.003873 0.372685 0.000108
0.014358 0.208665 0.255230 0.144522 0.003843 0.373269 0.000113
0.014240 0.207557 0.254707 0.144665 0.003857 0.374863 0.000111
0.014371 0.207198 0.254410 0.144595 0.003878 0.375441 0.000108
0.014320 0.206562 0.254269 0.144320 0.003884 0.376535 0.000110
0.014299 0.206033 0.254129 0.144286 0.003905 0.377231 0.000117
0.014312 0.205313 0.253903 0.144076 0.003860 0.378426 0.000111
0.014409 0.204375 0.253503 0.144165 0.003883 0.379554 0.000111
0.014510 0.203967 0.253397 0.143850 0.003899 0.380265 0.000112
0.014576 0.203361 0.253263 0.143851 0.003919 0.380915 0.000114
0.014551 0.203284 0.252877 0.143755 0.003902 0.381518 0.000114
0.014682 0.202218 0.252940 0.143475 0.003946 0.382619 0.000120
0.014747 0.201124 0.252560 0.143566 0.003925 0.383968 0.000110
0.014699 0.201077 0.252353 0.143400 0.003935 0.384423 0.000113
0.014739 0.200737 0.252324 0.143198 0.003958 0.384933 0.000112
0.014618 0.199436 0.252176 0.143100 0.003949 0.386597 0.000123
0.014763 0.198532 0.251653 0.142914 0.003967 0.388056 0.000115
0.014891 0.198268 0.251431 0.142954 0.003994 0.388343 0.000120
0.014818 0.197764 0.251257 0.142746 0.003983 0.389305 0.000126
0.014788 0.197620 0.251089 0.142861 0.004005 0.389506 0.000131
0.014889 0.196635 0.250825 0.142414 0.004028 0.391085 0.000124
0.014965 0.196178 0.250620 0.142363 0.004034 0.391717 0.000123
0.014933 0.195730 0.250367 0.142426 0.004024 0.392402 0.000118
0.014980 0.194420 0.250026 0.142038 0.004032 0.394383 0.000121
0.015090 0.194001 0.249843 0.141852 0.004038 0.395057 0.000120
0.015217 0.194007 0.249665 0.141931 0.004044 0.395008 0.000128
0.015100 0.192627 0.249217 0.141707 0.004062 0.397158 0.000130
0.015222 0.192093 0.248972 0.141597 0.004061 0.397928 0.000127
0.015191 0.191264 0.248865 0.141534 0.004064 0.398955 0.000127
0.015191 0.191410 0.248799 0.141345 0.004031 0.399097 0.000127
0.015254 0.191112 0.248435 0.141314 0.004059 0.399696 0.000130
0.015224 0.190338 0.248439 0.140815 0.004131 0.400926 0.000126
0.015378 0.189502 0.248339 0.140757 0.004092 0.401795 0.000136
0.015306 0.188571 0.247807 0.140549 0.004116 0.403522 0.000128
0.015456 0.188172 0.247501 0.140559 0.004101 0.404084 0.000128
0.015221 0.187970 0.247365 0.140649 0.004089 0.404574 0.000132
0.015480 0.187393 0.247166 0.140447 0.004114 0.405264 0.000136
0.015484 0.186596 0.246773 0.140311 0.004107 0.406599 0.000130
0.015542 0.186464 0.246585 0.140018 0.004085 0.407170 0.000135
0.015448 0.185994 0.246414 0.139807 0.004155 0.408045 0.000137
0.015512 0.185344 0.246134 0.139909 0.004107 0.408861 0.000134
0.015694 0.184288 0.245986 0.139683 0.004103 0.410109 0.000138
0.015732 0.183695 0.245600 0.139346 0.004137 0.411361 0.000129
0.015733 0.184027 0.245535 0.139470 0.004148 0.410956 0.000131
0.015659 0.183034 0.245056 0.139172 0.004185 0.412760 0.000134
0.015753 0.182209 0.245062 0.138912 0.004162 0.413764 0.000139
0.015761 0.182242 0.244543 0.138893 0.004171 0.414247 0.000143
0.015652 0.181761 0.244930 0.138833 0.004161 0.414532 0.000131
0.015771 0.181066 0.244427 0.138685 0.004236 0.415667 0.000148
0.015967 0.180405 0.243967 0.138462 0.004198 0.416866 0.000134
0.015809 0.180098 0.243732 0.138357 0.004195 0.417667 0.000142
0.015847 0.179168 0.243269 0.138352 0.004216 0.419006 0.000141
0.015973 0.178510 0.243308 0.137891 0.004245 0.419928 0.000145
0.016001 0.178827 0.243004 0.137886 0.004212 0.419934 0.000136
0.016107 0.177925 0.243094 0.137745 0.004225 0.420762 0.000143
0.016020 0.177774 0.242563 0.137735 0.004256 0.421513 0.000139
0.016146 0.176197 0.241980 0.137416 0.004277 0.423850 0.000135
0.016150 0.175810 0.241792 0.137350 0.004280 0.424480 0.000139
0.016026 0.175647 0.241955 0.137038 0.004250 0.424940 0.000144
0.016152 0.174834 0.241126 0.136924 0.004308 0.426510 0.000146
0.016315 0.174511 0.241441 0.136622 0.004316 0.426648 0.000147
0.016332 0.173876 0.241046 0.136909 0.004338 0.427361 0.000140
0.016266 0.174256 0.240686 0.136713 0.004340 0.427594 0.000146
0.016266 0.173496 0.240568 0.136359 0.004308 0.428852 0.000151
0.016278 0.173125 0.240362 0.136429 0.004366 0.429296 0.000144
0.016283 0.172727 0.240154 0.136122 0.004342 0.430230 0.000142
0.016478 0.171540 0.239630 0.135888 0.004302 0.432013 0.000148
0.016445 0.171482 0.239612 0.135883 0.004335 0.432094 0.000149
0.016514 0.170913 0.239072 0.135709 0.004332 0.433308 0.000153
0.016505 0.170197 0.238847 0.135505 0.004345 0.434456 0.000146
0.016509 0.169760 0.238702 0.135157 0.004360 0.435365 0.000147
0.016520 0.169392 0.238582 0.135095 0.004357 0.435901 0.000153
0.016543 0.168759 0.237896 0.135128 0.004436 0.437095 0.000143
0.016565 0.168048 0.237795 0.134739 0.004415 0.438284 0.000153
0.016897 0.167821 0.237718 0.134666 0.004433 0.438308 0.000158
0.016772 0.167370 0.237255 0.134721 0.004464 0.439270 0.000148
0.016825 0.167015 0.237054 0.134384 0.004388 0.440171 0.000164
0.016864 0.166420 0.236733 0.134406 0.004421 0.441009 0.000146
0.017004 0.166042 0.236623 0.134545 0.004428 0.441200 0.000158
0.017037 0.165695 0.236035 0.134170 0.004454 0.442454 0.000155
0.017065 0.165022 0.235965 0.134115 0.004453 0.443231 0.000150
0.017084 0.164403 0.235629 0.133789 0.004477 0.444473 0.000146
0.017119 0.163983 0.235639 0.133366 0.004462 0.445267 0.000164
0.017168 0.164238 0.235201 0.133718 0.004458 0.445062 0.000156
0.017003 0.163313 0.234943 0.133467 0.004461 0.446663 0.000150
0.017136 0.162384 0.234516 0.133046 0.004526 0.448237 0.000155
0.017203 0.162443 0.234258 0.132837 0.004473 0.448629 0.000157
0.017171 0.162079 0.234052 0.133177 0.004439 0.448927 0.000154
0.017355 0.161234 0.233707 0.132716 0.004447 0.450384 0.000158
0.017458 0.161189 0.233916 0.132551 0.004466 0.450258 0.000161
0.017290 0.160772 0.233197 0.132281 0.004494 0.451803 0.000163
0.017358 0.159602 0.233181 0.132050 0.004496 0.453147 0.000165
0.017514 0.159526 0.232867 0.132003 0.004511 0.453411 0.000168
0.017612 0.159188 0.232101 0.131860 0.004516 0.454560 0.000163
0.017538 0.159293 0.232004 0.131606 0.004489 0.454903 0.000167
0.017652 0.158518 0.231837 0.131784 0.004527 0.455501 0.000181
0.017664 0.158058 0.231732 0.131588 0.004538 0.456248 0.000171
0.017712 0.157363 0.231204 0.131345 0.004570 0.457640 0.000166
0.017695 0.157577 0.231479 0.131341 0.004483 0.457257 0.000169
0.017542 0.157031 0.231041 0.131181 0.004535 0.458495 0.000175
0.017829 0.156500 0.230789 0.130971 0.004517 0.459224 0.000171
0.017653 0.156139 0.230600 0.130885 0.004546 0.460005 0.000172
0.017994 0.155432 0.229735 0.130645 0.004515 0.461508 0.000171
0.017806 0.155144 0.230061 0.130166 0.004547 0.462105 0.000170
0.017844 0.154656 0.229666 0.130154 0.004570 0.462942 0.000169
0.018141 0.154304 0.229102 0.130110 0.004555 0.463612 0.000176
0.018108 0.153725 0.228851 0.130111 0.004615 0.464412 0.000179
0.018124 0.154199 0.229180 0.129697 0.004563 0.464060 0.000177
0.017985 0.152866 0.228451 0.129548 0.004642 0.466328 0.000179
0.018082 0.152722 0.228458 0.129548 0.004604 0.466405 0.000181
0.018060 0.152211 0.228199 0.129419 0.004609 0.467317 0.000184
0.018105 0.151983 0.227758 0.129299 0.004597 0.468073 0.000186
0.018270 0.151434 0.227410 0.128921 0.004617 0.469170 0.000178
0.018347 0.150888 0.226987 0.128925 0.004618 0.470050 0.000185
0.018241 0.150969 0.226895 0.128918 0.004615 0.470183 0.000179
0.018262 0.150307 0.226334 0.128528 0.004649 0.471735 0.000185
0.018319 0.149974 0.226636 0.128624 0.004657 0.471603 0.000188
0.018464 0.149581 0.226187 0.128341 0.004645 0.472596 0.000185
0.018328 0.149223 0.225752 0.128244 0.004636 0.473633 0.000184
0.018529 0.148930 0.225766 0.128116 0.004624 0.473840 0.000195
0.018595 0.148720 0.225405 0.127598 0.004699 0.474793 0.000190
0.018790 0.147820 0.225079 0.127429 0.004691 0.476013 0.000179
0.018702 0.147887 0.224777 0.127556 0.004613 0.476258 0.000207
0.018651 0.147391 0.224520 0.127074 0.004629 0.477541 0.000195
0.018698 0.147143 0.224157 0.127038 0.004658 0.478121 0.000185
0.018759 0.146618 0.223672 0.127020 0.004694 0.479041 0.000195
0.018856 0.146187 0.223799 0.126921 0.004642 0.479396 0.000198
0.018834 0.145867 0.223367 0.126523 0.004692 0.480525 0.000192
0.018935 0.145266 0.223141 0.126230 0.004686 0.481547 0.000197
0.019032 0.144882 0.222767 0.126525 0.004688 0.481910 0.000196
0.018903 0.144207 0.222204 0.125993 0.004649 0.483855 0.000188
0.018981 0.144323 0.222334 0.125875 0.004723 0.483567 0.000197
0.019145 0.143975 0.222129 0.126002 0.004682 0.483874 0.000193
0.019104 0.143759 0.221857 0.125728 0.004730 0.484629 0.000193
0.019176 0.142944 0.221279 0.125305 0.004742 0.486364 0.000189
0.019296 0.142606 0.221045 0.125221 0.004712 0.486927 0.000192
0.019234 0.142810 0.220695 0.125258 0.004712 0.487098 0.000192
0.019192 0.141992 0.220335 0.125137 0.004724 0.488421 0.000199
0.019220 0.141795 0.220106 0.124849 0.004720 0.489112 0.000197
0.019250 0.141747 0.219854 0.124663 0.004728 0.489567 0.000190
0.019445 0.140929 0.219557 0.124599 0.004717 0.490560 0.000194
0.019417 0.140559 0.219525 0.124269 0.004741 0.491290 0.000198
0.019479 0.140424 0.219377 0.124007 0.004750 0.491760 0.000203
0.019330 0.140004 0.219188 0.123978 0.004741 0.492555 0.000204
0.019414 0.139632 0.218733 0.123858 0.004730 0.493434 0.000201
0.019659 0.139048 0.217937 0.123798 0.004759 0.494589 0.000211
0.019533 0.139398 0.217657 0.123672 0.004739 0.494800 0.000201
0.019628 0.138493 0.217442 0.123402 0.004739 0.496094 0.000201
0.019677 0.138738 0.217976 0.123167 0.004741 0.495499 0.000204
0.019774 0.138168 0.217216 0.123178 0.004780 0.496691 0.000194
0.019665 0.137640 0.216773 0.123331 0.004771 0.497618 0.000202
0.019961 0.137567 0.216565 0.122847 0.004737 0.498117 0.000206
0.019730 0.136885 0.216122 0.122667 0.004760 0.499629 0.000207
0.019993 0.136201 0.215724 0.122492 0.004734 0.500663 0.000194
0.020072 0.136502 0.216089 0.122474 0.004765 0.499889 0.000209
0.019960 0.136059 0.215725 0.122144 0.004768 0.501139 0.000207
0.020120 0.135657 0.215237 0.122021 0.004761 0.501997 0.000206
0.020061 0.135291 0.214973 0.121872 0.004792 0.502809 0.000201
0.020052 0.134948 0.214841 0.121795 0.004804 0.503347 0.000212
0.020183 0.134866 0.214450 0.121448 0.004805 0.504033 0.000215
0.020150 0.134110 0.214273 0.121331 0.004790 0.505136 0.000209
0.020453 0.134060 0.213719 0.121315 0.004752 0.505498 0.000203
0.020213 0.133947 0.213595 0.120966 0.004761 0.506309 0.000209
0.020454 0.133245 0.213323 0.121006 0.004805 0.506954 0.000212
0.020563 0.132992 0.213133 0.120638 0.004813 0.507641 0.000220
0.020633 0.132700 0.212587 0.120532 0.004842 0.508502 0.000205
