0.950415 0.048651 0.000605 0.000315 0.000000 0.000013 0.000000
0.906461 0.091602 0.001219 0.000691 0.000000 0.000026 0.000000
0.894689 0.103035 0.001420 0.000820 0.000000 0.000036 0.000000
0.882655 0.114763 0.001629 0.000910 0.000000 0.000043 0.000000
0.869476 0.127571 0.001865 0.001040 0.000000 0.000048 0.000000
0.856886 0.139716 0.002135 0.001208 0.000000 0.000054 0.000000
0.843889 0.152267 0.002432 0.001355 0.000000 0.000057 0.000000
0.828039 0.167621 0.002758 0.001520 0.000000 0.000062 0.000000
0.813975 0.181177 0.003073 0.001703 0.000000 0.000072 0.000000
0.798208 0.196407 0.003409 0.001894 0.000000 0.000082 0.000000
0.784442 0.209686 0.003707 0.002061 0.000000 0.000105 0.000000
0.765932 0.227470 0.004151 0.002328 0.000000 0.000119 0.000000
0.750184 0.242532 0.004587 0.002561 0.000001 0.000135 0.000000
0.734703 0.257417 0.004942 0.002785 0.000001 0.000152 0.000000
0.718233 0.273175 0.005381 0.003040 0.000001 0.000170 0.000000
0.700282 0.290244 0.005930 0.003349 0.000001 0.000194 0.000000
0.685390 0.304396 0.006380 0.003618 0.000001 0.000214 0.000000
0.669002 0.319900 0.006914 0.003944 0.000002 0.000238 0.000000
0.653758 0.334298 0.007428 0.004244 0.000001 0.000270 0.000000
0.638318 0.348864 0.007976 0.004549 0.000002 0.000291 0.000000
0.624113 0.362116 0.008559 0.004889 0.000002 0.000321 0.000000
0.608885 0.376379 0.009176 0.005217 0.000003 0.000341 0.000000
0.595095 0.389147 0.009795 0.005598 0.000004 0.000361 0.000000
0.581141 0.402017 0.010476 0.005974 0.000005 0.000387 0.000000
0.567916 0.414207 0.011106 0.006348 0.000005 0.000418 0.000000
0.555978 0.425065 0.011751 0.006750 0.000005 0.000451 0.000000
0.541258 0.438560 0.012509 0.007179 0.000005 0.000489 0.000000
0.529715 0.449002 0.013182 0.007574 0.000005 0.000523 0.000000
0.519116 0.458465 0.013887 0.007966 0.000006 0.000560 0.000000
0.506081 0.470189 0.014695 0.008420 0.000006 0.000608 0.000000
0.495195 0.479825 0.015463 0.008854 0.000006 0.000657 0.000000
0.483108 0.490580 0.016283 0.009322 0.000007 0.000701 0.000000
0.473593 0.498790 0.017066 0.009785 0.000007 0.000757 0.000000
0.461266 0.509661 0.017962 0.010279 0.000007 0.000825 0.000000
0.452886 0.516925 0.018631 0.010674 0.000007 0.000877 0.000000
0.443108 0.525390 0.019442 0.011109 0.000007 0.000945 0.000000
0.433046 0.533960 0.020344 0.011632 0.000008 0.001009 0.000000
0.421076 0.544479 0.021245 0.012115 0.000008 0.001077 0.000000
0.410589 0.553269 0.022272 0.012694 0.000009 0.001168 0.000000
0.403898 0.558708 0.023045 0.013098 0.000010 0.001242 0.000000
0.391801 0.568912 0.024176 0.013746 0.000011 0.001354 0.000000
0.382101 0.577044 0.025075 0.014301 0.000013 0.001465 0.000000
0.374737 0.583016 0.025958 0.014735 0.000013 0.001542 0.000000
0.364676 0.591257 0.027045 0.015346 0.000016 0.001660 0.000000
0.356070 0.597932 0.028222 0.015989 0.000019 0.001767 0.000000
0.345322 0.606750 0.029382 0.016653 0.000020 0.001873 0.000000
0.337906 0.612385 0.030504 0.017206 0.000021 0.001978 0.000000
0.332251 0.616391 0.031465 0.017787 0.000023 0.002083 0.000000
0.326280 0.620756 0.032408 0.018344 0.000025 0.002188 0.000000
0.318489 0.626537 0.033576 0.019058 0.000025 0.002315 0.000000
0.312295 0.630981 0.034565 0.019703 0.000024 0.002431 0.000000
0.305083 0.635976 0.035863 0.020463 0.000026 0.002588 0.000000
0.301374 0.638285 0.036694 0.020941 0.000028 0.002679 0.000000
0.293003 0.644033 0.038273 0.021796 0.000030 0.002865 0.000000
0.286594 0.648561 0.039368 0.022446 0.000031 0.003001 0.000000
0.277078 0.655539 0.040886 0.023267 0.000034 0.003195 0.000000
0.273328 0.657289 0.042049 0.023931 0.000038 0.003364 0.000000
0.269409 0.659368 0.043163 0.024532 0.000040 0.003489 0.000000
0.265123 0.661788 0.044280 0.025119 0.000041 0.003648 0.000000
0.259581 0.665276 0.045419 0.025854 0.000043 0.003828 0.000000
0.251055 0.670786 0.047173 0.026857 0.000046 0.004082 0.000000
0.248122 0.672266 0.048033 0.027304 0.000047 0.004228 0.000000
0.241670 0.676024 0.049586 0.028187 0.000051 0.004481 0.000000
0.234360 0.680814 0.051034 0.029026 0.000054 0.004713 0.000000
0.230736 0.682387 0.052201 0.029701 0.000055 0.004919 0.000000
0.227113 0.683538 0.053639 0.030506 0.000061 0.005143 0.000000
0.221206 0.686827 0.055071 0.031400 0.000063 0.005433 0.000000
0.217638 0.687927 0.056530 0.032172 0.000065 0.005669 0.000000
0.215827 0.688340 0.057381 0.032581 0.000065 0.005806 0.000000
0.208956 0.691750 0.059300 0.033741 0.000070 0.006183 0.000000
0.205935 0.692776 0.060460 0.034364 0.000071 0.006394 0.000000
0.202625 0.693769 0.061779 0.035131 0.000080 0.006617 0.000000
0.197569 0.695879 0.063483 0.036042 0.000082 0.006945 0.000000
0.196834 0.694583 0.064675 0.036658 0.000088 0.007162 0.000000
0.196718 0.692894 0.065599 0.037278 0.000095 0.007417 0.000000
0.196254 0.691178 0.066878 0.037952 0.000097 0.007641 0.000000
0.194249 0.691488 0.067775 0.038453 0.000102 0.007934 0.000000
0.190658 0.692161 0.069456 0.039353 0.000102 0.008269 0.000000
0.188061 0.692291 0.070793 0.040192 0.000107 0.008556 0.000000
0.187680 0.690512 0.071974 0.040868 0.000113 0.008854 0.000000
0.184914 0.690927 0.073362 0.041556 0.000112 0.009128 0.000000
0.183781 0.690025 0.074477 0.042210 0.000117 0.009390 0.000001
0.177861 0.692557 0.076277 0.043353 0.000115 0.009836 0.000000
0.181037 0.688562 0.076635 0.043658 0.000118 0.009991 0.000000
0.172662 0.693283 0.078723 0.044742 0.000125 0.010465 0.000000
0.171008 0.692367 0.080242 0.045435 0.000131 0.010816 0.000000
0.167983 0.692653 0.081541 0.046447 0.000137 0.011239 0.000000
0.166060 0.693340 0.082320 0.046710 0.000137 0.011433 0.000000
0.160274 0.695415 0.084277 0.047901 0.000146 0.011986 0.000000
0.155499 0.697841 0.085576 0.048683 0.000149 0.012252 0.000000
0.153149 0.697137 0.087180 0.049581 0.000163 0.012790 0.000000
0.147512 0.699362 0.089043 0.050658 0.000165 0.013260 0.000000
0.143686 0.700744 0.090483 0.051378 0.000167 0.013541 0.000001
0.143076 0.699550 0.091387 0.051956 0.000171 0.013860 0.000001
0.137951 0.700276 0.093822 0.053305 0.000180 0.014465 0.000000
0.135469 0.700456 0.095007 0.053985 0.000187 0.014896 0.000000
0.132914 0.700094 0.096575 0.054880 0.000187 0.015350 0.000000
0.130467 0.700481 0.097698 0.055498 0.000193 0.015662 0.000000
0.128508 0.699475 0.099298 0.056349 0.000204 0.016166 0.000001
0.124550 0.700123 0.101017 0.057448 0.000208 0.016653 0.000001
0.126074 0.696686 0.101989 0.057942 0.000210 0.017098 0.000001
0.124709 0.694664 0.103792 0.058994 0.000213 0.017627 0.000001
0.122625 0.694681 0.104874 0.059559 0.000219 0.018043 0.000000
0.118771 0.694300 0.107127 0.060832 0.000227 0.018743 0.000000
0.117611 0.693459 0.108115 0.061471 0.000225 0.019119 0.000000
0.116038 0.691939 0.109834 0.062328 0.000229 0.019631 0.000000
0.114440 0.691775 0.110678 0.062902 0.000235 0.019970 0.000000
0.112933 0.690371 0.112116 0.063719 0.000245 0.020617 0.000000
0.109672 0.689914 0.113963 0.064906 0.000254 0.021291 0.000000
0.109146 0.689213 0.114657 0.065158 0.000251 0.021574 0.000001
0.101713 0.691071 0.117600 0.066895 0.000256 0.022466 0.000001
0.100851 0.689999 0.118481 0.067449 0.000269 0.022949 0.000000
0.096882 0.690649 0.120462 0.068288 0.000277 0.023443 0.000000
0.097816 0.689240 0.120522 0.068429 0.000277 0.023715 0.000000
0.090032 0.691197 0.123605 0.070239 0.000296 0.024630 0.000001
0.087098 0.690639 0.125406 0.071236 0.000301 0.025320 0.000001
0.084024 0.690191 0.127280 0.072168 0.000310 0.026027 0.000001
0.082659 0.688781 0.128509 0.073131 0.000315 0.026605 0.000001
0.078518 0.689620 0.130368 0.074005 0.000318 0.027170 0.000001
0.075047 0.688979 0.132460 0.075259 0.000333 0.027921 0.000001
0.075067 0.687340 0.133138 0.075691 0.000328 0.028435 0.000001
0.071325 0.687379 0.135076 0.076775 0.000343 0.029101 0.000001
0.071528 0.683954 0.136527 0.077714 0.000358 0.029917 0.000002
0.069820 0.682998 0.137941 0.078371 0.000363 0.030505 0.000002
0.066839 0.682077 0.139762 0.079613 0.000374 0.031334 0.000002
0.064538 0.681858 0.141242 0.080224 0.000375 0.031760 0.000002
0.060708 0.681095 0.143450 0.081601 0.000389 0.032756 0.000001
0.060285 0.679124 0.144652 0.082189 0.000397 0.033351 0.000002
0.058042 0.678457 0.146010 0.083029 0.000408 0.034052 0.000002
0.057789 0.677265 0.146548 0.083497 0.000415 0.034483 0.000002
0.057900 0.673350 0.148455 0.084519 0.000427 0.035346 0.000003
0.054271 0.672573 0.150693 0.085751 0.000425 0.036285 0.000003
0.056561 0.669045 0.151272 0.085955 0.000439 0.036724 0.000003
0.054483 0.667118 0.153057 0.087169 0.000446 0.037725 0.000002
0.054633 0.665594 0.153689 0.087473 0.000455 0.038154 0.000002
0.056034 0.661859 0.154711 0.088175 0.000469 0.038751 0.000002
0.054665 0.659141 0.156760 0.089181 0.000469 0.039781 0.000002
0.054336 0.658133 0.157382 0.089584 0.000473 0.040090 0.000002
0.052300 0.655768 0.159466 0.090689 0.000485 0.041289 0.000003
0.049831 0.655346 0.160749 0.091577 0.000503 0.041991 0.000002
0.048624 0.652391 0.162816 0.092586 0.000509 0.043072 0.000002
0.049238 0.650174 0.163438 0.093018 0.000509 0.043621 0.000003
0.050614 0.648504 0.163574 0.092948 0.000526 0.043831 0.000003
0.048883 0.647111 0.165104 0.093860 0.000527 0.044512 0.000003
0.045988 0.645383 0.167211 0.095095 0.000553 0.045767 0.000004
0.045365 0.645268 0.167405 0.095337 0.000545 0.046076 0.000004
0.043369 0.643074 0.169498 0.096412 0.000552 0.047093 0.000003
0.040874 0.640844 0.171704 0.097559 0.000581 0.048434 0.000003
0.040572 0.640446 0.171924 0.097766 0.000587 0.048701 0.000004
0.041868 0.636852 0.172880 0.098287 0.000581 0.049529 0.000004
0.041930 0.634765 0.173676 0.098728 0.000599 0.050299 0.000003
0.038737 0.633419 0.175873 0.099997 0.000616 0.051355 0.000004
0.038413 0.632761 0.176134 0.100295 0.000618 0.051775 0.000004
0.038745 0.629196 0.177678 0.101069 0.000628 0.052680 0.000004
0.036481 0.628355 0.179085 0.101841 0.000638 0.053596 0.000004
0.035426 0.625801 0.180506 0.102919 0.000641 0.054704 0.000003
0.034563 0.624014 0.181745 0.103547 0.000661 0.055466 0.000004
0.034704 0.622684 0.182271 0.103607 0.000641 0.056089 0.000005
0.033562 0.620450 0.183948 0.104502 0.000660 0.056874 0.000004
0.033313 0.617969 0.185033 0.105182 0.000675 0.057823 0.000004
0.031301 0.617879 0.186041 0.105702 0.000682 0.058391 0.000004
0.031710 0.615436 0.186685 0.106142 0.000692 0.059332 0.000004
0.029937 0.612370 0.189003 0.107328 0.000708 0.060647 0.000006
0.029473 0.610663 0.189775 0.107984 0.000710 0.061390 0.000005
0.027918 0.609782 0.190920 0.108411 0.000717 0.062246 0.000005
0.028436 0.608101 0.191161 0.108736 0.000717 0.062844 0.000005
0.027124 0.605599 0.193006 0.109715 0.000740 0.063810 0.000005
0.026608 0.604386 0.193769 0.110040 0.000752 0.064438 0.000006
0.024795 0.602208 0.195147 0.111234 0.000765 0.065845 0.000006
0.023761 0.599665 0.197031 0.111925 0.000763 0.066848 0.000007
0.022853 0.598049 0.197922 0.112637 0.000790 0.067742 0.000007
0.022208 0.595963 0.199063 0.113227 0.000798 0.068735 0.000006
0.021758 0.594227 0.199948 0.113777 0.000813 0.069471 0.000007
0.021870 0.592131 0.200771 0.114157 0.000812 0.070253 0.000006
0.021383 0.588872 0.202272 0.114941 0.000820 0.071706 0.000006
0.021004 0.587931 0.202685 0.115248 0.000852 0.072274 0.000006
0.020329 0.586025 0.203953 0.115781 0.000861 0.073043 0.000007
0.019922 0.583443 0.205094 0.116513 0.000864 0.074158 0.000006
0.019877 0.581395 0.205873 0.117012 0.000886 0.074950 0.000007
0.019391 0.579643 0.206683 0.117641 0.000879 0.075756 0.000006
0.018726 0.575884 0.208432 0.118484 0.000905 0.077563 0.000006
0.018597 0.574410 0.208954 0.118899 0.000919 0.078215 0.000007
0.018774 0.573488 0.209372 0.119030 0.000903 0.078425 0.000008
0.018140 0.570514 0.210925 0.119776 0.000935 0.079702 0.000008
0.018128 0.568389 0.211620 0.120205 0.000941 0.080710 0.000007
0.017596 0.566184 0.212659 0.120897 0.000958 0.081701 0.000007
0.017534 0.564452 0.213203 0.121284 0.000957 0.082563 0.000008
0.017257 0.563045 0.213726 0.121669 0.000966 0.083330 0.000007
0.017230 0.560907 0.214771 0.121978 0.000969 0.084138 0.000007
0.016787 0.557869 0.215898 0.122927 0.000997 0.085515 0.000007
0.016921 0.557176 0.216277 0.122798 0.001011 0.085810 0.000008
0.016657 0.554460 0.217383 0.123530 0.001021 0.086939 0.000010
0.016488 0.552584 0.217935 0.123911 0.001034 0.088040 0.000007
0.016393 0.551712 0.218168 0.124170 0.001048 0.088502 0.000008
0.017472 0.547642 0.219187 0.124867 0.001067 0.089757 0.000007
0.020438 0.543098 0.219607 0.124988 0.001055 0.090806 0.000007
0.019779 0.542729 0.220266 0.125165 0.001073 0.090980 0.000008
0.020164 0.540927 0.220684 0.125269 0.001061 0.091887 0.000009
0.018241 0.538525 0.222371 0.126186 0.001096 0.093571 0.000009
0.021260 0.535491 0.221954 0.126208 0.001084 0.093994 0.000009
0.020412 0.533739 0.222978 0.126686 0.001101 0.095076 0.000008
0.021408 0.531403 0.223106 0.126933 0.001115 0.096026 0.000009
0.020526 0.530092 0.224202 0.127259 0.001116 0.096795 0.000010
0.020084 0.527655 0.224999 0.128031 0.001135 0.098088 0.000009
0.021880 0.525326 0.224965 0.127895 0.001166 0.098761 0.000008
0.020239 0.523655 0.226310 0.128539 0.001158 0.100089 0.000009
0.019210 0.523696 0.226651 0.128709 0.001177 0.100547 0.000010
0.019252 0.521218 0.227301 0.129300 0.001188 0.101732 0.000009
0.019252 0.520538 0.227473 0.129384 0.001197 0.102146 0.000010
0.019353 0.517164 0.228493 0.130028 0.001209 0.103743 0.000010
0.018002 0.515614 0.229776 0.130582 0.001211 0.104804 0.000010
0.018870 0.514173 0.229754 0.130527 0.001228 0.105439 0.000009
0.017633 0.512695 0.230834 0.131138 0.001229 0.106461 0.000009
0.018860 0.510789 0.230690 0.131203 0.001255 0.107192 0.000011
0.016754 0.508712 0.232507 0.132095 0.001272 0.108649 0.000011
0.016289 0.507904 0.232762 0.132338 0.001264 0.109433 0.000010
0.016080 0.505556 0.233789 0.132756 0.001291 0.110517 0.000010
0.015868 0.504457 0.233915 0.133085 0.001282 0.111385 0.000009
0.015575 0.501193 0.235045 0.133684 0.001301 0.113192 0.000011
0.015206 0.501465 0.235027 0.133703 0.001323 0.113264 0.000012
0.014776 0.498168 0.236444 0.134388 0.001340 0.114874 0.000011
0.014612 0.496720 0.236782 0.134692 0.001359 0.115822 0.000013
0.014022 0.494734 0.237783 0.135263 0.001359 0.116825 0.000013
0.014362 0.493144 0.238072 0.135291 0.001353 0.117766 0.000012
0.014169 0.491048 0.238826 0.135653 0.001371 0.118921 0.000012
0.013972 0.489423 0.239274 0.136019 0.001409 0.119891 0.000012
0.013734 0.488070 0.239686 0.136329 0.001410 0.120759 0.000012
0.013642 0.486658 0.240069 0.136549 0.001418 0.121651 0.000013
0.013743 0.484939 0.240563 0.136678 0.001424 0.122640 0.000014
0.013302 0.482647 0.241636 0.137355 0.001428 0.123618 0.000014
0.013341 0.479638 0.242489 0.137709 0.001456 0.125352 0.000015
0.013164 0.479077 0.242497 0.137878 0.001449 0.125921 0.000014
0.013128 0.477340 0.243098 0.138072 0.001474 0.126874 0.000014
0.012975 0.476654 0.243239 0.138274 0.001472 0.127371 0.000015
0.013212 0.474523 0.243612 0.138386 0.001497 0.128753 0.000016
0.012786 0.471476 0.244883 0.138962 0.001506 0.130370 0.000016
0.012680 0.469879 0.245245 0.139322 0.001514 0.131345 0.000016
0.012421 0.468427 0.245930 0.139609 0.001532 0.132066 0.000015
0.012565 0.466609 0.246261 0.139755 0.001561 0.133234 0.000015
0.012636 0.465881 0.246394 0.139840 0.001558 0.133677 0.000014
0.012409 0.462716 0.247389 0.140426 0.001571 0.135473 0.000015
0.012454 0.460492 0.247703 0.140845 0.001592 0.136900 0.000014
0.012297 0.459627 0.248189 0.140878 0.001579 0.137414 0.000016
0.012291 0.457909 0.248509 0.141027 0.001612 0.138633 0.000018
0.012210 0.455435 0.249209 0.141563 0.001612 0.139956 0.000015
0.012181 0.455213 0.249371 0.141525 0.001609 0.140085 0.000017
0.012002 0.452880 0.249904 0.141995 0.001651 0.141553 0.000016
0.012130 0.451870 0.250261 0.141836 0.001643 0.142245 0.000016
0.011946 0.449521 0.250627 0.142478 0.001658 0.143754 0.000017
0.011939 0.447747 0.251185 0.142411 0.001654 0.145048 0.000017
0.011916 0.445548 0.251644 0.143072 0.001684 0.146120 0.000015
0.011848 0.444365 0.251995 0.143258 0.001686 0.146831 0.000017
0.011890 0.442900 0.252334 0.143290 0.001702 0.147867 0.000016
0.011801 0.441446 0.252728 0.143555 0.001722 0.148732 0.000017
0.011826 0.439576 0.253012 0.143871 0.001731 0.149967 0.000017
0.011765 0.437586 0.253488 0.144037 0.001727 0.151380 0.000017
0.011668 0.436996 0.253814 0.144066 0.001759 0.151679 0.000018
0.011766 0.435546 0.254003 0.144147 0.001782 0.152736 0.000019
0.011681 0.433188 0.254392 0.144588 0.001794 0.154341 0.000016
0.011541 0.431769 0.255085 0.144757 0.001777 0.155053 0.000018
0.011674 0.431561 0.254994 0.144637 0.001796 0.155324 0.000014
0.011536 0.428308 0.255606 0.145062 0.001834 0.157638 0.000016
0.011524 0.427109 0.256148 0.145224 0.001850 0.158129 0.000016
0.011399 0.424399 0.256795 0.145712 0.001833 0.159846 0.000017
0.011469 0.423680 0.256731 0.145800 0.001857 0.160445 0.000017
0.011333 0.422176 0.257291 0.145694 0.001862 0.161626 0.000019
0.011396 0.421132 0.257141 0.145997 0.001886 0.162430 0.000018
0.011428 0.419299 0.257572 0.146312 0.001906 0.163461 0.000021
0.011311 0.417475 0.258225 0.146496 0.001908 0.164564 0.000022
0.011338 0.415235 0.258653 0.146713 0.001929 0.166112 0.000021
0.011372 0.414438 0.258756 0.146845 0.001929 0.166639 0.000020
0.011400 0.412521 0.258901 0.146992 0.001952 0.168212 0.000022
0.011260 0.411731 0.259185 0.147155 0.001946 0.168701 0.000023
0.011254 0.410388 0.259254 0.147314 0.001945 0.169822 0.000023
0.011339 0.407877 0.260024 0.147513 0.001963 0.171260 0.000024
0.011339 0.407123 0.259986 0.147591 0.001978 0.171960 0.000023
0.011228 0.405864 0.260121 0.147678 0.001988 0.173099 0.000021
0.011184 0.403769 0.260557 0.148034 0.002014 0.174420 0.000021
0.011117 0.402760 0.260864 0.147997 0.002050 0.175189 0.000022
0.011179 0.400950 0.261166 0.148226 0.002038 0.176416 0.000026
0.011087 0.400125 0.261401 0.148332 0.002053 0.176977 0.000024
0.011156 0.398056 0.261589 0.148519 0.002045 0.178610 0.000024
0.011192 0.397030 0.261577 0.148546 0.002056 0.179573 0.000026
0.011209 0.395245 0.262084 0.148867 0.002079 0.180488 0.000027
0.011033 0.393474 0.262364 0.148902 0.002093 0.182108 0.000027
0.011105 0.393061 0.262437 0.148935 0.002077 0.182358 0.000026
0.011135 0.391190 0.262860 0.149258 0.002113 0.183416 0.000028
0.011070 0.390156 0.262940 0.149219 0.002119 0.184468 0.000027
0.011105 0.388187 0.263309 0.149405 0.002130 0.185836 0.000027
0.011052 0.386665 0.263588 0.149525 0.002120 0.187020 0.000031
0.011063 0.385649 0.263775 0.149618 0.002147 0.187717 0.000032
0.011025 0.383684 0.264013 0.149762 0.002164 0.189322 0.000029
0.010968 0.382156 0.264235 0.150091 0.002158 0.190364 0.000029
0.010976 0.380871 0.264255 0.150057 0.002185 0.191629 0.000027
0.011046 0.379035 0.264620 0.150290 0.002205 0.192773 0.000031
0.011062 0.377949 0.264747 0.150473 0.002237 0.193501 0.000031
0.010978 0.376865 0.264839 0.150596 0.002238 0.194453 0.000031
0.010973 0.375466 0.265269 0.150626 0.002224 0.195411 0.000031
0.011110 0.373927 0.265148 0.150624 0.002261 0.196899 0.000031
0.011024 0.372604 0.265360 0.150863 0.002265 0.197851 0.000032
0.011108 0.370866 0.265846 0.150686 0.002263 0.199200 0.000031
0.010987 0.369244 0.265821 0.151140 0.002279 0.200498 0.000032
0.011069 0.367918 0.266236 0.151240 0.002299 0.201206 0.000033
0.010998 0.366932 0.266341 0.151186 0.002324 0.202187 0.000032
0.011047 0.365574 0.266467 0.151180 0.002328 0.203371 0.000034
0.011069 0.364414 0.266513 0.151347 0.002338 0.204282 0.000036
0.010933 0.363060 0.266718 0.151219 0.002337 0.205698 0.000035
0.010922 0.362264 0.266838 0.151352 0.002356 0.206228 0.000039
0.011094 0.360782 0.266983 0.151255 0.002358 0.207490 0.000038
0.010968 0.359135 0.267256 0.151597 0.002365 0.208641 0.000038
0.011005 0.358081 0.267495 0.151482 0.002398 0.209503 0.000037
0.010978 0.357091 0.267282 0.151753 0.002397 0.210462 0.000036
0.010945 0.354536 0.267632 0.152064 0.002415 0.212373 0.000036
0.010994 0.353284 0.267563 0.152021 0.002437 0.213661 0.000040
0.010935 0.352639 0.267794 0.151853 0.002428 0.214311 0.000040
0.011060 0.351927 0.267730 0.151948 0.002440 0.214857 0.000038
0.011000 0.350488 0.268001 0.152163 0.002454 0.215854 0.000040
0.011002 0.348570 0.268339 0.151881 0.002458 0.217710 0.000039
0.010932 0.347937 0.268505 0.152104 0.002467 0.218014 0.000041
0.011102 0.346283 0.268460 0.152256 0.002496 0.219364 0.000040
0.010972 0.345386 0.268493 0.152240 0.002518 0.220348 0.000042
0.011045 0.343750 0.268607 0.152428 0.002502 0.221628 0.000040
0.010926 0.342127 0.268693 0.152418 0.002542 0.223255 0.000040
0.011033 0.342140 0.268554 0.152387 0.002544 0.223302 0.000040
0.011042 0.340479 0.268733 0.152479 0.002551 0.224668 0.000048
0.011105 0.339766 0.268748 0.152405 0.002544 0.225390 0.000042
0.011080 0.338156 0.269046 0.152507 0.002551 0.226617 0.000042
0.011013 0.336502 0.269217 0.152649 0.002578 0.227997 0.000045
0.010999 0.334796 0.269159 0.152667 0.002599 0.229733 0.000047
0.010984 0.334723 0.268882 0.152613 0.002597 0.230153 0.000047
0.011021 0.333180 0.269204 0.152870 0.002612 0.231068 0.000046
0.011112 0.331197 0.269328 0.152579 0.002644 0.233093 0.000047
0.010993 0.329543 0.269513 0.152998 0.002665 0.234244 0.000045
0.011049 0.329831 0.269400 0.152780 0.002643 0.234253 0.000044
0.011108 0.327538 0.269877 0.152675 0.002668 0.236083 0.000050
0.011058 0.326753 0.269864 0.152931 0.002681 0.236665 0.000048
0.011084 0.325307 0.269854 0.152929 0.002681 0.238099 0.000046
0.011080 0.324479 0.269722 0.152836 0.002691 0.239140 0.000051
0.011069 0.323799 0.269796 0.152886 0.002723 0.239676 0.000049
0.011100 0.322388 0.269717 0.153025 0.002729 0.240994 0.000047
0.011237 0.320996 0.269673 0.152953 0.002737 0.242355 0.000049
0.011053 0.320026 0.269662 0.153108 0.002750 0.243355 0.000046
0.011057 0.320172 0.269671 0.153105 0.002746 0.243199 0.000050
0.011179 0.318081 0.269882 0.152929 0.002759 0.245118 0.000052
0.011225 0.316151 0.270179 0.152997 0.002781 0.246615 0.000052
0.011120 0.315530 0.269935 0.153036 0.002756 0.247569 0.000053
0.011110 0.314567 0.270248 0.153208 0.002766 0.248050 0.000051
0.011190 0.313608 0.269900 0.153105 0.002790 0.249357 0.000051
0.011092 0.312949 0.270041 0.152968 0.002828 0.250072 0.000050
0.011201 0.311086 0.270094 0.153191 0.002800 0.251578 0.000050
0.011227 0.309803 0.270135 0.153135 0.002807 0.252839 0.000053
0.011154 0.309311 0.270166 0.153185 0.002807 0.253323 0.000053
0.011207 0.308397 0.269894 0.152951 0.002840 0.254659 0.000053
0.011204 0.306438 0.270157 0.153038 0.002862 0.256247 0.000054
0.011270 0.305622 0.270020 0.153059 0.002864 0.257111 0.000053
0.011188 0.304543 0.270241 0.153024 0.002863 0.258086 0.000055
0.011147 0.302916 0.270077 0.153085 0.002901 0.259818 0.000055
0.011218 0.302036 0.270219 0.153104 0.002890 0.260478 0.000055
0.011311 0.301295 0.270059 0.152990 0.002938 0.261351 0.000056
0.011272 0.300673 0.270053 0.152731 0.002948 0.262268 0.000056
0.011208 0.299860 0.269848 0.152888 0.002944 0.263198 0.000055
0.011470 0.297941 0.269998 0.152836 0.002982 0.264715 0.000058
0.011401 0.296844 0.269863 0.152826 0.002941 0.266066 0.000058
0.011313 0.295806 0.269976 0.152897 0.002961 0.266986 0.000062
0.011396 0.294968 0.269749 0.152958 0.002943 0.267924 0.000062
0.011332 0.293822 0.269756 0.152871 0.002995 0.269159 0.000064
0.011382 0.292651 0.269765 0.152791 0.003015 0.270332 0.000064
0.011398 0.292628 0.269631 0.152704 0.003003 0.270574 0.000062
0.011457 0.290631 0.269663 0.152693 0.003004 0.272492 0.000060
0.011494 0.289524 0.269524 0.152557 0.003008 0.273824 0.000068
0.011427 0.289542 0.269732 0.152601 0.003030 0.273606 0.000062
0.011415 0.287159 0.269816 0.152491 0.003053 0.276002 0.000063
0.011418 0.287035 0.269525 0.152592 0.003041 0.276324 0.000065
0.011561 0.286438 0.269474 0.152575 0.003078 0.276807 0.000068
0.011457 0.285129 0.269607 0.152621 0.003050 0.278072 0.000064
0.011482 0.283797 0.269535 0.152572 0.003093 0.279455 0.000066
0.011449 0.282499 0.269154 0.152600 0.003107 0.281126 0.000065
0.011579 0.281769 0.269378 0.152491 0.003084 0.281633 0.000065
0.011572 0.281014 0.269319 0.152311 0.003106 0.282610 0.000068
0.011513 0.279627 0.269195 0.152553 0.003121 0.283919 0.000072
0.011535 0.278759 0.268981 0.152319 0.003112 0.285223 0.000071
0.011588 0.278406 0.268768 0.152262 0.003159 0.285752 0.000066
0.011551 0.276610 0.268945 0.152130 0.003155 0.287537 0.000071
0.011653 0.276608 0.268923 0.152166 0.003131 0.287446 0.000073
0.011622 0.275758 0.268861 0.152225 0.003162 0.288303 0.000070
0.011709 0.274708 0.268680 0.152253 0.003169 0.289412 0.000069
0.011656 0.274214 0.268745 0.151849 0.003181 0.290281 0.000073
0.011659 0.272538 0.268423 0.151962 0.003177 0.292168 0.000073
0.011590 0.271353 0.268551 0.151956 0.003235 0.293242 0.000073
0.011619 0.270759 0.268451 0.151801 0.003224 0.294070 0.000076
0.011673 0.269760 0.268444 0.151803 0.003209 0.295038 0.000073
0.011724 0.268651 0.267920 0.151883 0.003248 0.296502 0.000072
0.011796 0.267637 0.267972 0.151770 0.003281 0.297468 0.000075
0.011735 0.266466 0.267906 0.151605 0.003256 0.298952 0.000080
0.011822 0.265462 0.267842 0.151607 0.003283 0.299907 0.000076
0.011893 0.265116 0.267638 0.151505 0.003234 0.300538 0.000077
0.011936 0.264024 0.267584 0.151600 0.003263 0.301520 0.000072
0.011839 0.263779 0.267651 0.151465 0.003257 0.301931 0.000078
0.011942 0.262697 0.267489 0.151165 0.003289 0.303340 0.000080
0.011836 0.261532 0.267507 0.150992 0.003298 0.304758 0.000077
0.011776 0.260198 0.267108 0.151155 0.003338 0.306347 0.000079
0.011962 0.260026 0.266916 0.150866 0.003327 0.306816 0.000086
0.011931 0.259657 0.266986 0.150982 0.003308 0.307058 0.000078
0.012015 0.257190 0.267038 0.150987 0.003352 0.309337 0.000082
0.012062 0.257090 0.266464 0.150817 0.003364 0.310120 0.000083
0.012045 0.256503 0.266520 0.150683 0.003360 0.310810 0.000080
0.012018 0.255190 0.266422 0.150874 0.003361 0.312056 0.000079
0.012068 0.254019 0.266379 0.150729 0.003380 0.313339 0.000087
0.012092 0.253190 0.266062 0.150531 0.003397 0.314647 0.000080
0.012094 0.252879 0.265941 0.150534 0.003403 0.315065 0.000083
0.012140 0.251341 0.265908 0.150478 0.003415 0.316636 0.000081
0.012069 0.250590 0.265910 0.150466 0.003412 0.317469 0.000083
0.012225 0.250875 0.265481 0.150486 0.003427 0.317419 0.000087
0.012238 0.249688 0.265563 0.150340 0.003428 0.318659 0.000084
0.012323 0.247959 0.265245 0.150121 0.003457 0.320805 0.000090
0.012275 0.247116 0.265352 0.150146 0.003463 0.321562 0.000086
0.012304 0.246790 0.265096 0.149988 0.003483 0.322253 0.000086
0.012239 0.246067 0.264926 0.150010 0.003468 0.323202 0.000088
0.012477 0.245184 0.264641 0.149890 0.003501 0.324216 0.000090
0.012324 0.244424 0.264551 0.149700 0.003489 0.325426 0.000087
0.012311 0.244189 0.264673 0.149436 0.003520 0.325783 0.000088
0.012350 0.243057 0.264160 0.149674 0.003530 0.327136 0.000092
0.012348 0.242073 0.264232 0.149564 0.003515 0.328175 0.000094
0.012457 0.241713 0.264009 0.149556 0.003531 0.328644 0.000090
0.012512 0.240500 0.263968 0.149367 0.003567 0.329992 0.000094
0.012371 0.239582 0.263684 0.149286 0.003554 0.331428 0.000095
0.012497 0.238498 0.263469 0.149320 0.003540 0.332583 0.000093
0.012547 0.238352 0.263227 0.148880 0.003524 0.333370 0.000100
0.012449 0.237248 0.263283 0.148886 0.003592 0.334446 0.000095
0.012516 0.236740 0.263030 0.148823 0.003622 0.335171 0.000098
0.012613 0.235128 0.262953 0.148800 0.003603 0.336804 0.000099
0.012561 0.234998 0.262909 0.148766 0.003568 0.337101 0.000097
0.012625 0.233923 0.262298 0.148858 0.003588 0.338608 0.000100
0.012665 0.233609 0.262221 0.148658 0.003609 0.339138 0.000099
0.012678 0.232500 0.262272 0.148462 0.003642 0.340345 0.000100
0.012717 0.231466 0.261921 0.148279 0.003640 0.341880 0.000098
0.012771 0.231800 0.261861 0.148436 0.003636 0.341398 0.000099
0.012851 0.230156 0.261695 0.148313 0.003621 0.343266 0.000098
0.012764 0.229989 0.261522 0.148213 0.003654 0.343757 0.000101
0.012894 0.228972 0.261655 0.147940 0.003679 0.344752 0.000108
0.012898 0.227797 0.261301 0.148009 0.003651 0.346241 0.000104
0.012852 0.227074 0.261159 0.147812 0.003670 0.347331 0.000102
0.012944 0.226690 0.260566 0.147884 0.003694 0.348118 0.000103
0.013010 0.225651 0.260823 0.147582 0.003692 0.349137 0.000105
0.013047 0.225545 0.260164 0.147721 0.003687 0.349733 0.000103
0.013034 0.224142 0.260320 0.147410 0.003734 0.351253 0.000108
0.013039 0.223563 0.260171 0.147288 0.003756 0.352077 0.000105
0.013033 0.222845 0.260043 0.147072 0.003727 0.353173 0.000107
0.013108 0.222526 0.259857 0.147124 0.003744 0.353535 0.000105
0.013123 0.221328 0.259540 0.146989 0.003778 0.355137 0.000105
0.013100 0.220479 0.259483 0.146736 0.003751 0.356339 0.000112
0.013154 0.219452 0.259433 0.146838 0.003796 0.357216 0.000111
0.013131 0.219221 0.259181 0.146611 0.003771 0.357976 0.000110
0.013228 0.218939 0.258912 0.146558 0.003759 0.358489 0.000115
0.013163 0.217840 0.258811 0.146360 0.003762 0.359957 0.000108
0.013282 0.217593 0.258583 0.146411 0.003777 0.360240 0.000113
0.013191 0.216757 0.258390 0.145826 0.003783 0.361942 0.000110
0.013305 0.215657 0.257986 0.146048 0.003796 0.363096 0.000112
0.013256 0.215736 0.257844 0.145985 0.003830 0.363234 0.000116
0.013278 0.214334 0.257638 0.145664 0.003811 0.365161 0.000114
0.013359 0.213828 0.257521 0.145685 0.003811 0.365680 0.000116
0.013459 0.213007 0.257240 0.145587 0.003866 0.366726 0.000115
0.013283 0.212521 0.257256 0.145647 0.003806 0.367367 0.000119
0.013410 0.211279 0.257168 0.145467 0.003842 0.368721 0.000114
0.013383 0.211410 0.256771 0.145322 0.003851 0.369140 0.000122
0.013601 0.210131 0.256497 0.145106 0.003841 0.370705 0.000119
0.013594 0.210080 0.256260 0.144885 0.003870 0.371192 0.000120
0.013507 0.209557 0.256283 0.145111 0.003840 0.371582 0.000121
0.013496 0.208562 0.255842 0.144711 0.003920 0.373339 0.000130
0.013696 0.207555 0.255812 0.144720 0.003866 0.374230 0.000121
0.013673 0.206871 0.255470 0.144422 0.003925 0.375511 0.000128
0.013631 0.206911 0.255415 0.144412 0.003857 0.375649 0.000125
0.013653 0.205834 0.255394 0.144052 0.003891 0.377055 0.000121
0.013650 0.205593 0.255341 0.144279 0.003888 0.377121 0.000128
0.013810 0.204476 0.254821 0.144088 0.003886 0.378796 0.000123
0.013847 0.203524 0.254486 0.143867 0.003878 0.380266 0.000133
0.013806 0.203262 0.254312 0.143634 0.003937 0.380919 0.000131
0.013874 0.202265 0.254185 0.143596 0.003928 0.382022 0.000131
0.013936 0.201771 0.253552 0.143321 0.003950 0.383344 0.000125
0.013827 0.201063 0.253603 0.143391 0.003944 0.384041 0.000131
0.013958 0.200323 0.253298 0.143342 0.003963 0.384982 0.000134
0.013966 0.200103 0.253058 0.143072 0.003978 0.385696 0.000127
0.014093 0.199898 0.252928 0.142975 0.003927 0.386051 0.000128
0.014038 0.198818 0.252738 0.143100 0.003981 0.387193 0.000133
0.014046 0.198023 0.252113 0.142800 0.003955 0.388931 0.000132
0.014081 0.197983 0.252322 0.142569 0.003950 0.388960 0.000135
0.014158 0.197107 0.251967 0.142605 0.003987 0.390041 0.000134
0.014107 0.196020 0.251985 0.142391 0.003990 0.391372 0.000135
0.014316 0.195934 0.251606 0.142213 0.003991 0.391806 0.000134
0.014212 0.195260 0.251451 0.142249 0.004008 0.392689 0.000131
0.014250 0.194353 0.251079 0.142208 0.004004 0.393968 0.000139
0.014205 0.193877 0.251128 0.141977 0.004030 0.394646 0.000138
0.014406 0.193084 0.250560 0.141851 0.004038 0.395926 0.000135
0.014384 0.192939 0.250492 0.141634 0.004031 0.396390 0.000132
0.014481 0.192277 0.250601 0.141578 0.003992 0.396932 0.000139
0.014443 0.191096 0.249811 0.141247 0.004038 0.399219 0.000144
0.014484 0.191017 0.250003 0.141069 0.004045 0.399243 0.000139
0.014485 0.190767 0.249638 0.141037 0.004052 0.399879 0.000143
0.014477 0.189697 0.249081 0.140986 0.004060 0.401557 0.000143
0.014471 0.189663 0.249296 0.141161 0.004048 0.401216 0.000145
0.014645 0.188506 0.248845 0.140754 0.004074 0.403031 0.000145
0.014684 0.188336 0.248682 0.140598 0.004085 0.403471 0.000145
0.014669 0.187210 0.248156 0.140606 0.004100 0.405107 0.000151
0.014611 0.187043 0.248142 0.140477 0.004076 0.405509 0.000143
0.014843 0.186424 0.247697 0.140298 0.004080 0.406517 0.000141
0.014677 0.185930 0.247599 0.140100 0.004100 0.407451 0.000142
0.014760 0.185223 0.247168 0.139844 0.004113 0.408746 0.000145
0.014749 0.184554 0.246986 0.139719 0.004150 0.409694 0.000148
0.014982 0.184231 0.246860 0.139564 0.004097 0.410119 0.000147
0.014811 0.183504 0.246436 0.139514 0.004146 0.411438 0.000151
0.014909 0.182961 0.246557 0.139394 0.004156 0.411879 0.000145
0.014891 0.182694 0.246225 0.139456 0.004110 0.412479 0.000145
0.015088 0.182026 0.245729 0.139217 0.004167 0.413617 0.000155
0.014998 0.181312 0.245622 0.138970 0.004129 0.414815 0.000154
0.014992 0.181272 0.245474 0.138906 0.004184 0.415024 0.000147
0.015061 0.180286 0.245164 0.138844 0.004169 0.416329 0.000148
0.015004 0.179912 0.245059 0.138610 0.004179 0.417087 0.000150
0.015113 0.179777 0.244551 0.138448 0.004183 0.417779 0.000149
0.015106 0.178568 0.244043 0.138433 0.004182 0.419508 0.000160
0.015225 0.178470 0.243936 0.138277 0.004230 0.419714 0.000148
0.015280 0.177604 0.243647 0.137955 0.004205 0.421159 0.000150
0.015268 0.177301 0.243589 0.137881 0.004224 0.421581 0.000156
0.015263 0.176721 0.242980 0.137783 0.004233 0.422868 0.000152
0.015365 0.176439 0.243074 0.137532 0.004235 0.423208 0.000146
0.015319 0.175934 0.242845 0.137237 0.004242 0.424274 0.000150
0.015444 0.175004 0.242791 0.137405 0.004254 0.424943 0.000160
0.015345 0.174951 0.242467 0.137084 0.004266 0.425733 0.000154
0.015460 0.174401 0.242073 0.137040 0.004309 0.426563 0.000154
0.015462 0.173361 0.241535 0.137060 0.004310 0.428119 0.000152
0.015483 0.173329 0.241564 0.136788 0.004319 0.428366 0.000151
0.015544 0.172421 0.241273 0.136620 0.004316 0.429670 0.000155
0.015549 0.171659 0.240952 0.136344 0.004325 0.431011 0.000160
0.015733 0.171765 0.240633 0.136548 0.004320 0.430842 0.000159
0.015601 0.171010 0.240514 0.136232 0.004294 0.432185 0.000164
0.015781 0.170705 0.240186 0.136077 0.004327 0.432761 0.000164
0.015598 0.170311 0.239802 0.136109 0.004273 0.433746 0.000161
0.015890 0.169860 0.239645 0.135773 0.004340 0.434332 0.000160
0.015818 0.169478 0.239371 0.135739 0.004362 0.435064 0.000168
0.015719 0.168579 0.239289 0.135487 0.004351 0.436415 0.000161
0.015892 0.168307 0.238776 0.135538 0.004344 0.436976 0.000167
0.015932 0.167589 0.238640 0.135091 0.004327 0.438256 0.000165
0.015796 0.167271 0.238535 0.134983 0.004357 0.438889 0.000169
0.016012 0.166846 0.238188 0.135033 0.004407 0.439346 0.000167
0.015914 0.166525 0.238056 0.134684 0.004342 0.440321 0.000158
0.016097 0.165898 0.237841 0.134539 0.004399 0.441056 0.000170
0.015970 0.165426 0.237462 0.134558 0.004404 0.442009 0.000171
0.016075 0.164772 0.237160 0.134293 0.004381 0.443147 0.000172
0.016133 0.164787 0.236916 0.134354 0.004413 0.443221 0.000177
0.016220 0.163822 0.236425 0.133909 0.004414 0.445034 0.000176
0.016243 0.163439 0.236076 0.133816 0.004423 0.445832 0.000170
0.016157 0.163459 0.235911 0.133731 0.004411 0.446159 0.000173
0.016302 0.163041 0.236143 0.133531 0.004416 0.446395 0.000172
0.016295 0.162307 0.235504 0.133333 0.004405 0.447975 0.000181
0.016274 0.161516 0.235216 0.133365 0.004414 0.449044 0.000171
0.016380 0.161539 0.235010 0.133151 0.004433 0.449309 0.000179
0.016368 0.161076 0.234759 0.132889 0.004415 0.450320 0.000173
0.016424 0.160044 0.234262 0.132814 0.004434 0.451836 0.000187
0.016628 0.159848 0.233969 0.132489 0.004445 0.452440 0.000180
0.016546 0.159754 0.233953 0.132505 0.004468 0.452590 0.000184
0.016577 0.159439 0.233515 0.132166 0.004480 0.453640 0.000182
0.016716 0.158774 0.233726 0.132027 0.004460 0.454116 0.000181
0.016667 0.158394 0.233194 0.131907 0.004505 0.455157 0.000177
0.016709 0.157922 0.233064 0.131854 0.004456 0.455810 0.000184
0.016723 0.157695 0.232773 0.131617 0.004533 0.456478 0.000181
0.016876 0.157280 0.232524 0.131611 0.004492 0.457035 0.000182
0.016960 0.156576 0.232129 0.131316 0.004534 0.458309 0.000177
0.016943 0.156015 0.231669 0.131414 0.004514 0.459259 0.000186
0.016863 0.155878 0.231840 0.130965 0.004537 0.459733 0.000185
0.017078 0.155306 0.231273 0.130848 0.004525 0.460783 0.000187
0.017000 0.154809 0.230855 0.130673 0.004515 0.461965 0.000183
0.017058 0.154459 0.230671 0.130377 0.004535 0.462709 0.000191
0.017071 0.154314 0.230449 0.130389 0.004529 0.463060 0.000188
0.017035 0.153711 0.230078 0.130332 0.004571 0.464074 0.000198
0.017234 0.153343 0.230125 0.130052 0.004555 0.464514 0.000179
0.017133 0.152779 0.229514 0.129830 0.004591 0.465965 0.000188
0.017234 0.152759 0.229542 0.129816 0.004590 0.465870 0.000188
0.017314 0.152025 0.229175 0.129369 0.004536 0.467388 0.000192
0.017384 0.151487 0.228620 0.129336 0.004579 0.468400 0.000193
0.017284 0.151304 0.228238 0.129467 0.004564 0.468944 0.000198
0.017503 0.150513 0.228068 0.129027 0.004613 0.470090 0.000187
0.017436 0.150529 0.227752 0.129016 0.004629 0.470446 0.000192
0.017494 0.150133 0.227803 0.128855 0.004623 0.470908 0.000184
0.017534 0.149647 0.227467 0.128669 0.004600 0.471886 0.000197
0.017623 0.149346 0.227269 0.128445 0.004628 0.472490 0.000199
0.017531 0.149038 0.226807 0.128559 0.004593 0.473280 0.000191
0.017680 0.148688 0.226763 0.128267 0.004625 0.473777 0.000200
0.017668 0.147884 0.226481 0.128238 0.004616 0.474921 0.000192
0.017697 0.147989 0.226323 0.128006 0.004656 0.475128 0.000201
0.017799 0.147286 0.225869 0.127849 0.004649 0.476365 0.000184
0.017769 0.147056 0.225650 0.127550 0.004662 0.477112 0.000200
0.017841 0.146484 0.225248 0.127332 0.004624 0.478277 0.000194
0.017988 0.146114 0.224724 0.127350 0.004652 0.478976 0.000196
0.018019 0.146009 0.224845 0.126988 0.004632 0.479309 0.000199
0.017892 0.145691 0.224473 0.126990 0.004643 0.480115 0.000196
0.017948 0.145148 0.224213 0.126655 0.004672 0.481163 0.000202
0.018126 0.144806 0.224081 0.126743 0.004696 0.481343 0.000205
0.018161 0.144130 0.223775 0.126428 0.004670 0.482637 0.000199
0.018019 0.144247 0.223846 0.126415 0.004665 0.482610 0.000197
0.018107 0.144130 0.223476 0.126256 0.004663 0.483173 0.000196
0.018269 0.143013 0.222732 0.125827 0.004718 0.485232 0.000209
0.018228 0.143370 0.222511 0.125931 0.004761 0.484987 0.000212
0.018176 0.142525 0.222273 0.125851 0.004717 0.486255 0.000202
0.018215 0.142570 0.222064 0.125635 0.004709 0.486602 0.000205
0.018310 0.142112 0.221771 0.125346 0.004730 0.487529 0.000202
0.018380 0.141727 0.221585 0.125146 0.004713 0.488242 0.000206
0.018421 0.141055 0.220864 0.125167 0.004726 0.489559 0.000208
0.018342 0.140980 0.220801 0.124913 0.004737 0.490014 0.000212
0.018411 0.140898 0.220648 0.124668 0.004735 0.490434 0.000205
0.018421 0.140211 0.220614 0.124658 0.004717 0.491169 0.000211
0.018514 0.140001 0.220225 0.124640 0.004726 0.491696 0.000198
0.018570 0.140056 0.220202 0.124602 0.004691 0.491679 0.000201
0.018697 0.139327 0.219509 0.124016 0.004759 0.493484 0.000209
0.018687 0.139064 0.219515 0.123934 0.004738 0.493851 0.000211
0.018704 0.138670 0.219076 0.123694 0.004740 0.494909 0.000208
0.018713 0.137930 0.218597 0.123797 0.004737 0.496011 0.000215
0.018768 0.137736 0.218205 0.123500 0.004790 0.496789 0.000211
0.018946 0.137290 0.217993 0.123353 0.004748 0.497456 0.000214
0.018972 0.137250 0.217845 0.122995 0.004788 0.497942 0.000209
0.019006 0.137199 0.217782 0.123025 0.004775 0.498001 0.000213
0.018948 0.136703 0.217203 0.123046 0.004741 0.499139 0.000220
0.018878 0.136406 0.216873 0.122679 0.004788 0.500155 0.000221
0.019034 0.135790 0.216573 0.122525 0.004821 0.501033 0.000224
0.019067 0.135919 0.216603 0.122351 0.004823 0.501019 0.000218
0.019250 0.135304 0.216265 0.122250 0.004796 0.501920 0.000213
0.019115 0.135082 0.215844 0.121900 0.004816 0.503019 0.000223
0.019249 0.134648 0.215495 0.121973 0.004836 0.503582 0.000217
0.019340 0.134522 0.215427 0.121646 0.004868 0.503963 0.000234
0.019382 0.133902 0.214986 0.121422 0.004839 0.505248 0.000220
0.019368 0.133604 0.214886 0.121407 0.004853 0.505661 0.000223
0.019347 0.133263 0.214371 0.121532 0.004803 0.506462 0.000223
0.019336 0.133277 0.214395 0.121030 0.004849 0.506892 0.000221
0.019551 0.132698 0.214035 0.120996 0.004853 0.507638 0.000229
0.019584 0.132368 0.213659 0.120614 0.004825 0.508725 0.000226
0.019781 0.132183 0.212901 0.120670 0.004841 0.509398 0.000227
