0.955131 0.043969 0.000590 0.000296 0.000000 0.000014 0.000000
0.916017 0.082093 0.001205 0.000644 0.000001 0.000041 0.000000
0.903813 0.093965 0.001407 0.000768 0.000000 0.000047 0.000000
0.893395 0.104079 0.001614 0.000862 0.000000 0.000049 0.000000
0.881481 0.115619 0.001840 0.001008 0.000000 0.000052 0.000000
0.869189 0.127525 0.002062 0.001167 0.000000 0.000057 0.000000
0.857475 0.138850 0.002306 0.001305 0.000001 0.000063 0.000000
0.843303 0.152522 0.002601 0.001507 0.000000 0.000066 0.000000
0.830051 0.165315 0.002911 0.001651 0.000002 0.000071 0.000000
0.816045 0.178836 0.003211 0.001823 0.000003 0.000082 0.000000
0.800714 0.193595 0.003602 0.001994 0.000003 0.000092 0.000000
0.786517 0.207232 0.003936 0.002209 0.000003 0.000104 0.000000
0.770817 0.222260 0.004359 0.002442 0.000002 0.000120 0.000000
0.755129 0.237215 0.004802 0.002710 0.000002 0.000141 0.000000
0.740323 0.251320 0.005237 0.002964 0.000002 0.000153 0.000000
0.726642 0.264331 0.005680 0.003178 0.000002 0.000167 0.000000
0.710726 0.279467 0.006156 0.003458 0.000002 0.000190 0.000000
0.694613 0.294784 0.006652 0.003738 0.000003 0.000210 0.000000
0.680590 0.308097 0.007059 0.004012 0.000003 0.000239 0.000000
0.665711 0.322110 0.007613 0.004301 0.000004 0.000260 0.000000
0.650946 0.335963 0.008177 0.004627 0.000003 0.000283 0.000000
0.636814 0.349217 0.008745 0.004919 0.000004 0.000301 0.000000
0.621641 0.363353 0.009399 0.005265 0.000005 0.000336 0.000000
0.606925 0.377024 0.010034 0.005645 0.000006 0.000366 0.000000
0.592723 0.390228 0.010638 0.005996 0.000007 0.000409 0.000000
0.578422 0.403429 0.011293 0.006405 0.000006 0.000444 0.000000
0.566534 0.414315 0.011906 0.006760 0.000006 0.000478 0.000000
0.553215 0.426453 0.012617 0.007181 0.000007 0.000528 0.000000
0.539807 0.438720 0.013321 0.007581 0.000008 0.000564 0.000000
0.525912 0.451380 0.014099 0.007988 0.000008 0.000612 0.000001
0.514001 0.462074 0.014824 0.008431 0.000008 0.000661 0.000001
0.501838 0.472928 0.015646 0.008874 0.000009 0.000706 0.000001
0.491533 0.482000 0.016393 0.009301 0.000009 0.000764 0.000001
0.480786 0.491508 0.017150 0.009735 0.000009 0.000811 0.000000
0.468511 0.502342 0.018022 0.010234 0.000010 0.000881 0.000001
0.458187 0.511197 0.018911 0.010753 0.000009 0.000942 0.000000
0.448292 0.519800 0.019682 0.011216 0.000009 0.001000 0.000001
0.438546 0.528140 0.020524 0.011703 0.000010 0.001077 0.000001
0.429318 0.535984 0.021394 0.012145 0.000011 0.001149 0.000000
0.419648 0.544143 0.022290 0.012684 0.000013 0.001222 0.000000
0.409240 0.552917 0.023287 0.013247 0.000015 0.001293 0.000000
0.399216 0.561223 0.024334 0.013815 0.000014 0.001397 0.000000
0.391270 0.567592 0.025266 0.014366 0.000018 0.001489 0.000000
0.384072 0.573349 0.026163 0.014826 0.000018 0.001573 0.000001
0.376759 0.579151 0.027044 0.015367 0.000019 0.001660 0.000000
0.365840 0.588080 0.028238 0.016052 0.000019 0.001770 0.000000
0.361317 0.591453 0.028919 0.016452 0.000019 0.001839 0.000000
0.352497 0.598101 0.030204 0.017188 0.000020 0.001989 0.000000
0.344528 0.604287 0.031278 0.017784 0.000022 0.002100 0.000000
0.338198 0.608882 0.032318 0.018367 0.000025 0.002211 0.000000
0.331975 0.613587 0.033169 0.018922 0.000024 0.002323 0.000000
0.324019 0.619475 0.034447 0.019568 0.000026 0.002464 0.000000
0.319519 0.622612 0.035207 0.020077 0.000026 0.002558 0.000000
0.310068 0.629480 0.036762 0.020935 0.000028 0.002728 0.000000
0.305940 0.632237 0.037591 0.021372 0.000027 0.002833 0.000000
0.300334 0.635802 0.038796 0.022057 0.000030 0.002980 0.000000
0.292837 0.641312 0.040031 0.022667 0.000033 0.003121 0.000000
0.285677 0.646397 0.041198 0.023411 0.000035 0.003282 0.000000
0.277632 0.651895 0.042723 0.024244 0.000037 0.003470 0.000000
0.275808 0.652468 0.043472 0.024635 0.000037 0.003580 0.000000
0.266744 0.658591 0.045203 0.025616 0.000043 0.003804 0.000000
0.259777 0.663178 0.046581 0.026399 0.000043 0.004021 0.000000
0.254262 0.666530 0.047855 0.027110 0.000044 0.004199 0.000001
0.253674 0.665671 0.048713 0.027555 0.000046 0.004340 0.000000
0.245045 0.671537 0.050366 0.028434 0.000048 0.004569 0.000000
0.240078 0.673979 0.051849 0.029252 0.000049 0.004793 0.000000
0.236321 0.675901 0.052926 0.029823 0.000053 0.004975 0.000000
0.229226 0.680373 0.054365 0.030779 0.000056 0.005202 0.000000
0.223036 0.684047 0.055813 0.031607 0.000057 0.005438 0.000000
0.221237 0.683601 0.057129 0.032276 0.000061 0.005696 0.000000
0.213342 0.688314 0.058996 0.033297 0.000062 0.005988 0.000000
0.211298 0.688812 0.059875 0.033741 0.000068 0.006205 0.000000
0.203831 0.692663 0.061894 0.035007 0.000069 0.006536 0.000000
0.198357 0.696144 0.062987 0.035668 0.000072 0.006770 0.000000
0.193896 0.697814 0.064605 0.036547 0.000074 0.007063 0.000001
0.192143 0.697665 0.065640 0.037206 0.000077 0.007269 0.000000
0.185210 0.701282 0.067535 0.038234 0.000084 0.007654 0.000000
0.182708 0.701632 0.068808 0.038851 0.000085 0.007916 0.000001
0.179603 0.702078 0.070200 0.039751 0.000089 0.008278 0.000001
0.177416 0.701506 0.071798 0.040590 0.000093 0.008596 0.000001
0.169465 0.706561 0.073473 0.041524 0.000097 0.008878 0.000001
0.172068 0.702035 0.074498 0.042123 0.000100 0.009175 0.000001
0.166457 0.704153 0.076399 0.043275 0.000104 0.009611 0.000001
0.161049 0.706580 0.078117 0.044225 0.000113 0.009916 0.000001
0.158528 0.706386 0.079579 0.045087 0.000121 0.010298 0.000001
0.157160 0.705482 0.080861 0.045752 0.000124 0.010621 0.000001
0.153576 0.705770 0.082731 0.046746 0.000125 0.011051 0.000001
0.152525 0.704790 0.083768 0.047412 0.000128 0.011377 0.000001
0.153942 0.702319 0.084231 0.047769 0.000133 0.011604 0.000001
0.149706 0.702931 0.086311 0.048819 0.000139 0.012091 0.000002
0.149091 0.701384 0.087372 0.049600 0.000145 0.012406 0.000002
0.147159 0.700504 0.088892 0.050420 0.000148 0.012876 0.000001
0.145418 0.699625 0.090255 0.051238 0.000153 0.013310 0.000001
0.140059 0.701729 0.092034 0.052289 0.000155 0.013731 0.000001
0.138804 0.700029 0.093614 0.053078 0.000167 0.014307 0.000002
0.139696 0.697356 0.094537 0.053672 0.000165 0.014573 0.000002
0.135550 0.699150 0.095719 0.054463 0.000173 0.014942 0.000002
0.133827 0.697509 0.097588 0.055465 0.000179 0.015430 0.000001
0.131975 0.696762 0.098949 0.056235 0.000188 0.015890 0.000002
0.130610 0.695798 0.100096 0.056991 0.000192 0.016312 0.000002
0.128230 0.695293 0.101638 0.057909 0.000191 0.016736 0.000002
0.125489 0.695548 0.102913 0.058584 0.000204 0.017260 0.000002
0.124901 0.693384 0.104301 0.059461 0.000218 0.017733 0.000002
0.127991 0.689892 0.104409 0.059571 0.000218 0.017917 0.000001
0.120582 0.692679 0.106924 0.060959 0.000225 0.018629 0.000002
0.121878 0.689426 0.107934 0.061499 0.000226 0.019036 0.000002
0.120397 0.688542 0.109162 0.062164 0.000233 0.019499 0.000002
0.121042 0.685387 0.110415 0.062903 0.000243 0.020007 0.000002
0.118835 0.685246 0.111657 0.063615 0.000246 0.020398 0.000002
0.118235 0.683137 0.112993 0.064397 0.000251 0.020985 0.000002
0.121989 0.678486 0.113401 0.064577 0.000257 0.021288 0.000002
0.120998 0.677449 0.114349 0.065236 0.000259 0.021707 0.000002
0.115574 0.678091 0.116920 0.066620 0.000274 0.022519 0.000002
0.120366 0.673496 0.116705 0.066445 0.000277 0.022709 0.000002
0.112523 0.676206 0.119413 0.068064 0.000277 0.023514 0.000003
0.114479 0.673309 0.119786 0.068287 0.000283 0.023854 0.000002
0.110825 0.673627 0.121537 0.069237 0.000299 0.024472 0.000002
0.109668 0.672845 0.122458 0.069826 0.000301 0.024899 0.000002
0.106835 0.673548 0.123508 0.070460 0.000311 0.025335 0.000003
0.103800 0.672670 0.125580 0.071531 0.000310 0.026107 0.000002
0.101609 0.672057 0.127028 0.072318 0.000322 0.026664 0.000003
0.096830 0.672279 0.129341 0.073612 0.000320 0.027616 0.000002
0.095442 0.671643 0.130299 0.074253 0.000333 0.028028 0.000002
0.094324 0.671011 0.131051 0.074777 0.000342 0.028493 0.000002
0.094828 0.668841 0.131939 0.075115 0.000350 0.028924 0.000003
0.087598 0.670851 0.134645 0.076706 0.000355 0.029843 0.000002
0.085774 0.669690 0.136251 0.077413 0.000365 0.030505 0.000002
0.083576 0.669393 0.137372 0.078116 0.000375 0.031165 0.000002
0.079703 0.669473 0.139262 0.079319 0.000383 0.031858 0.000002
0.077488 0.668622 0.140693 0.080140 0.000393 0.032660 0.000003
0.075621 0.667858 0.141919 0.080943 0.000403 0.033254 0.000003
0.072980 0.666334 0.144043 0.082129 0.000417 0.034094 0.000003
0.069855 0.666994 0.145244 0.082762 0.000421 0.034720 0.000003
0.068937 0.665293 0.146546 0.083408 0.000433 0.035380 0.000002
0.065442 0.664431 0.148737 0.084550 0.000437 0.036399 0.000004
0.064341 0.663826 0.149443 0.085118 0.000446 0.036822 0.000003
0.063301 0.661471 0.151170 0.086009 0.000460 0.037586 0.000003
0.059750 0.661696 0.152803 0.086936 0.000458 0.038354 0.000003
0.059473 0.660010 0.153782 0.087321 0.000472 0.038938 0.000004
0.057101 0.658573 0.155500 0.088504 0.000478 0.039839 0.000004
0.054665 0.656691 0.157551 0.089595 0.000495 0.040999 0.000004
0.055331 0.655096 0.158009 0.089771 0.000506 0.041284 0.000003
0.052739 0.653393 0.160176 0.090932 0.000512 0.042244 0.000004
0.052616 0.650706 0.161469 0.091679 0.000521 0.043006 0.000003
0.055782 0.647175 0.161418 0.091705 0.000524 0.043391 0.000005
0.055862 0.643346 0.163220 0.092567 0.000548 0.044453 0.000005
0.054994 0.641686 0.164412 0.093345 0.000555 0.045003 0.000005
0.055778 0.639355 0.164865 0.093767 0.000564 0.045668 0.000004
0.052038 0.638840 0.166965 0.094977 0.000576 0.046600 0.000004
0.052488 0.635689 0.168172 0.095568 0.000587 0.047492 0.000004
0.054262 0.632475 0.168749 0.095896 0.000585 0.048029 0.000004
0.051034 0.631411 0.170788 0.097012 0.000596 0.049155 0.000004
0.055235 0.626765 0.170808 0.096938 0.000614 0.049635 0.000005
0.052696 0.627525 0.171537 0.097496 0.000611 0.050129 0.000005
0.050885 0.625177 0.173512 0.098661 0.000621 0.051138 0.000006
0.049732 0.623328 0.174775 0.099426 0.000642 0.052091 0.000005
0.047931 0.621829 0.176464 0.100187 0.000645 0.052938 0.000006
0.048778 0.619851 0.176835 0.100349 0.000660 0.053523 0.000004
0.048020 0.618890 0.177394 0.100821 0.000645 0.054224 0.000007
0.045288 0.618420 0.178820 0.101783 0.000677 0.055005 0.000007
0.045293 0.616122 0.179757 0.102333 0.000679 0.055810 0.000006
0.043807 0.614974 0.181143 0.102921 0.000693 0.056456 0.000006
0.042741 0.612396 0.182581 0.103795 0.000701 0.057779 0.000007
0.041264 0.611536 0.183563 0.104322 0.000702 0.058606 0.000007
0.038686 0.610218 0.185512 0.105258 0.000706 0.059613 0.000007
0.038017 0.609213 0.185921 0.105844 0.000731 0.060265 0.000008
0.034422 0.607361 0.188535 0.107120 0.000744 0.061811 0.000008
0.035276 0.606208 0.188442 0.107194 0.000736 0.062135 0.000008
0.033350 0.605046 0.189894 0.107923 0.000742 0.063037 0.000008
0.033710 0.603343 0.190330 0.108156 0.000760 0.063693 0.000007
0.031512 0.601253 0.192261 0.109300 0.000779 0.064885 0.000009
0.029784 0.599477 0.193772 0.110073 0.000793 0.066092 0.000009
0.029489 0.597893 0.194551 0.110555 0.000802 0.066700 0.000010
0.027212 0.595437 0.196707 0.111787 0.000821 0.068025 0.000010
0.026424 0.593614 0.197727 0.112307 0.000834 0.069083 0.000010
0.025911 0.592582 0.198380 0.112671 0.000838 0.069608 0.000009
0.025411 0.590495 0.199265 0.113290 0.000852 0.070676 0.000010
0.025563 0.589022 0.199715 0.113625 0.000857 0.071210 0.000009
0.024344 0.587237 0.201182 0.114200 0.000847 0.072180 0.000011
0.023407 0.583846 0.203113 0.115182 0.000889 0.073554 0.000010
0.023276 0.581134 0.204121 0.115869 0.000897 0.074690 0.000012
0.023192 0.580945 0.204218 0.115883 0.000912 0.074838 0.000011
0.022134 0.577730 0.206061 0.116934 0.000904 0.076227 0.000011
0.022058 0.575943 0.206534 0.117383 0.000907 0.077163 0.000012
0.021452 0.574315 0.207560 0.117884 0.000925 0.077854 0.000011
0.025098 0.569377 0.208027 0.117902 0.000922 0.078664 0.000010
0.025465 0.566099 0.208897 0.118606 0.000939 0.079982 0.000012
0.024951 0.565063 0.209522 0.118974 0.000958 0.080520 0.000012
0.023536 0.562911 0.211066 0.119835 0.000961 0.081681 0.000012
0.024717 0.561224 0.211133 0.119760 0.000953 0.082199 0.000013
0.023860 0.557491 0.212883 0.120862 0.000988 0.083904 0.000012
0.025420 0.557080 0.212111 0.120576 0.000973 0.083827 0.000013
0.023119 0.555102 0.213873 0.121601 0.000994 0.085297 0.000014
0.024782 0.553312 0.213780 0.121559 0.001010 0.085545 0.000012
0.023330 0.550292 0.215482 0.122638 0.001011 0.087235 0.000012
0.023144 0.548189 0.216409 0.122973 0.001026 0.088245 0.000014
0.024182 0.547848 0.215879 0.122745 0.001034 0.088301 0.000011
0.023103 0.545330 0.217240 0.123478 0.001051 0.089786 0.000013
0.024283 0.543350 0.217371 0.123641 0.001047 0.090295 0.000013
0.023106 0.542610 0.218308 0.123885 0.001058 0.091020 0.000012
0.021094 0.539373 0.220502 0.125132 0.001089 0.092796 0.000014
0.021317 0.537121 0.220915 0.125586 0.001078 0.093969 0.000013
0.020846 0.535070 0.221910 0.126012 0.001100 0.095049 0.000014
0.020930 0.535372 0.221764 0.125955 0.001098 0.094867 0.000013
0.019478 0.532554 0.223318 0.126916 0.001121 0.096600 0.000014
0.020020 0.530735 0.223655 0.127060 0.001151 0.097364 0.000014
0.019916 0.529229 0.224025 0.127442 0.001150 0.098225 0.000014
0.019112 0.527914 0.224894 0.127879 0.001135 0.099050 0.000015
0.018438 0.525826 0.225778 0.128483 0.001163 0.100297 0.000015
0.018074 0.522420 0.227217 0.129020 0.001180 0.102074 0.000017
0.017787 0.522058 0.227249 0.129192 0.001187 0.102514 0.000014
0.018499 0.519567 0.227858 0.129477 0.001216 0.103368 0.000015
0.017625 0.518596 0.228461 0.129943 0.001204 0.104154 0.000018
0.016942 0.515236 0.229805 0.130892 0.001232 0.105880 0.000014
0.017443 0.512992 0.230094 0.131142 0.001231 0.107083 0.000016
0.016657 0.512526 0.230808 0.131453 0.001244 0.107293 0.000018
0.016812 0.511214 0.231142 0.131533 0.001265 0.108018 0.000016
0.016718 0.510236 0.231398 0.131603 0.001264 0.108765 0.000016
0.016483 0.506337 0.232918 0.132418 0.001276 0.110551 0.000018
0.016078 0.505174 0.233352 0.132812 0.001278 0.111291 0.000015
0.016690 0.501852 0.234071 0.133356 0.001297 0.112717 0.000017
0.019994 0.499956 0.233379 0.132731 0.001316 0.112607 0.000016
0.020485 0.496929 0.234320 0.133168 0.001297 0.113787 0.000015
0.018781 0.496275 0.234902 0.133661 0.001315 0.115050 0.000017
0.021609 0.492797 0.235003 0.133476 0.001324 0.115776 0.000015
0.021921 0.491956 0.235048 0.133352 0.001352 0.116354 0.000016
0.020531 0.489412 0.236313 0.134225 0.001377 0.118126 0.000017
0.020332 0.488618 0.236799 0.134314 0.001380 0.118539 0.000018
0.020206 0.487138 0.237050 0.134745 0.001392 0.119451 0.000018
0.023970 0.483452 0.236512 0.134509 0.001383 0.120157 0.000018
0.023211 0.481961 0.237263 0.134865 0.001393 0.121289 0.000018
0.027002 0.479494 0.236339 0.134492 0.001375 0.121279 0.000019
0.025835 0.478154 0.237121 0.134757 0.001398 0.122718 0.000017
0.025442 0.476688 0.237710 0.135168 0.001420 0.123553 0.000018
0.024590 0.474845 0.238740 0.135517 0.001443 0.124847 0.000019
0.025941 0.472546 0.238693 0.135542 0.001448 0.125811 0.000018
0.026142 0.471535 0.238898 0.135601 0.001450 0.126356 0.000018
0.023132 0.471082 0.240053 0.136397 0.001477 0.127840 0.000019
0.023623 0.469438 0.240315 0.136584 0.001462 0.128560 0.000016
0.024313 0.467839 0.240306 0.136574 0.001468 0.129480 0.000019
0.023493 0.466660 0.240885 0.136930 0.001477 0.130536 0.000019
0.022160 0.464470 0.242002 0.137338 0.001516 0.132493 0.000021
0.022445 0.463690 0.241990 0.137510 0.001530 0.132815 0.000018
0.019859 0.461434 0.243828 0.138356 0.001533 0.134969 0.000021
0.020234 0.460663 0.243835 0.138383 0.001535 0.135330 0.000021
0.021445 0.459995 0.243294 0.138110 0.001535 0.135601 0.000020
0.019796 0.458768 0.244235 0.138898 0.001548 0.136733 0.000022
0.018509 0.456640 0.245482 0.139419 0.001578 0.138350 0.000023
0.018752 0.455645 0.245418 0.139470 0.001584 0.139107 0.000024
0.019300 0.453018 0.246021 0.139842 0.001578 0.140221 0.000021
0.021491 0.451070 0.245325 0.139538 0.001605 0.140947 0.000023
0.022083 0.448589 0.246090 0.139558 0.001625 0.142030 0.000024
0.022119 0.446757 0.246460 0.139960 0.001616 0.143065 0.000023
0.021223 0.444750 0.247306 0.140547 0.001647 0.144501 0.000024
0.021478 0.443049 0.247730 0.140603 0.001638 0.145480 0.000022
0.022724 0.442303 0.247103 0.140409 0.001648 0.145790 0.000023
0.021334 0.440979 0.248262 0.140876 0.001661 0.146866 0.000023
0.021872 0.438213 0.248613 0.141244 0.001667 0.148366 0.000023
0.021125 0.438685 0.248689 0.141335 0.001671 0.148471 0.000025
0.020694 0.435867 0.249728 0.141603 0.001693 0.150392 0.000023
0.018792 0.434972 0.250401 0.142388 0.001707 0.151712 0.000027
0.019611 0.435160 0.249924 0.141805 0.001688 0.151783 0.000028
0.018955 0.431211 0.251317 0.142595 0.001733 0.154163 0.000026
0.018536 0.431404 0.251232 0.142570 0.001731 0.154500 0.000028
0.018589 0.429309 0.251457 0.142932 0.001752 0.155931 0.000030
0.018104 0.429133 0.251746 0.142972 0.001749 0.156267 0.000029
0.018708 0.427706 0.251732 0.142877 0.001759 0.157191 0.000027
0.016801 0.426129 0.252983 0.143592 0.001765 0.158702 0.000028
0.016763 0.423308 0.253569 0.143931 0.001800 0.160601 0.000027
0.017359 0.422784 0.253291 0.143885 0.001794 0.160859 0.000028
0.016570 0.421333 0.253757 0.144260 0.001834 0.162218 0.000027
0.015550 0.418488 0.254918 0.144958 0.001847 0.164211 0.000028
0.014895 0.417312 0.255628 0.145274 0.001865 0.165000 0.000027
0.015079 0.416673 0.255561 0.145126 0.001859 0.165673 0.000029
0.015048 0.415043 0.255647 0.145246 0.001865 0.167122 0.000029
0.015177 0.414634 0.255657 0.145103 0.001865 0.167534 0.000030
0.014266 0.411922 0.256806 0.145874 0.001882 0.169221 0.000030
0.014507 0.410823 0.256755 0.146005 0.001890 0.169991 0.000030
0.013946 0.409607 0.257386 0.146093 0.001927 0.171010 0.000030
0.013541 0.405744 0.258682 0.146733 0.001953 0.173318 0.000029
0.013861 0.405778 0.258026 0.146564 0.001934 0.173805 0.000031
0.013624 0.404364 0.258379 0.146695 0.001962 0.174945 0.000031
0.013505 0.402563 0.258868 0.146977 0.001945 0.176108 0.000035
0.013558 0.400881 0.258894 0.147139 0.001989 0.177507 0.000032
0.013468 0.399201 0.259326 0.147302 0.001976 0.178696 0.000031
0.013040 0.397524 0.259896 0.147655 0.002002 0.179849 0.000033
0.013094 0.397238 0.259943 0.147520 0.001996 0.180176 0.000032
0.012938 0.395591 0.260192 0.147650 0.002036 0.181557 0.000035
0.013237 0.394069 0.260118 0.147730 0.002027 0.182784 0.000036
0.012873 0.391848 0.261055 0.148056 0.002047 0.184087 0.000034
0.012929 0.391422 0.260723 0.148027 0.002073 0.184791 0.000034
0.012843 0.389951 0.261183 0.148352 0.002037 0.185599 0.000036
0.012609 0.387072 0.261751 0.148636 0.002079 0.187817 0.000036
0.012968 0.387500 0.261509 0.148264 0.002109 0.187616 0.000033
0.012460 0.384768 0.261981 0.149081 0.002094 0.189581 0.000035
0.012629 0.383253 0.262287 0.149022 0.002105 0.190668 0.000035
0.012548 0.383183 0.262175 0.148905 0.002110 0.191040 0.000039
0.012370 0.379835 0.262645 0.149415 0.002143 0.193556 0.000037
0.012422 0.379602 0.262831 0.149273 0.002142 0.193691 0.000039
0.012483 0.378043 0.262990 0.149189 0.002166 0.195086 0.000043
0.012739 0.376992 0.262896 0.149270 0.002157 0.195905 0.000040
0.012438 0.376092 0.263018 0.149543 0.002153 0.196714 0.000040
0.012381 0.373765 0.263533 0.149513 0.002188 0.198579 0.000040
0.012234 0.372193 0.263982 0.149827 0.002183 0.199540 0.000041
0.012271 0.370066 0.264394 0.149910 0.002211 0.201108 0.000040
0.016221 0.369884 0.262760 0.149020 0.002213 0.199866 0.000037
0.018816 0.366900 0.262345 0.148941 0.002202 0.200758 0.000038
0.018271 0.366105 0.262641 0.149141 0.002199 0.201603 0.000040
0.018973 0.365019 0.262362 0.148830 0.002223 0.202552 0.000040
0.019244 0.363352 0.262556 0.148975 0.002241 0.203592 0.000039
0.019559 0.362252 0.262427 0.148971 0.002227 0.204523 0.000041
0.018886 0.361285 0.262654 0.149075 0.002258 0.205800 0.000041
0.017766 0.360201 0.263141 0.149309 0.002281 0.207258 0.000044
0.020652 0.359250 0.262098 0.148731 0.002266 0.206961 0.000042
0.017972 0.356602 0.263604 0.149564 0.002281 0.209938 0.000039
0.017763 0.357225 0.263331 0.149425 0.002295 0.209919 0.000042
0.018235 0.355190 0.263302 0.149349 0.002295 0.211586 0.000043
0.018102 0.356353 0.262848 0.149225 0.002308 0.211121 0.000042
0.016795 0.353589 0.264107 0.149677 0.002352 0.213437 0.000043
0.016473 0.352181 0.264208 0.149941 0.002371 0.214783 0.000043
0.016112 0.351146 0.264370 0.150055 0.002352 0.215924 0.000041
0.015815 0.350380 0.264496 0.150019 0.002372 0.216879 0.000040
0.015377 0.349278 0.264988 0.150019 0.002371 0.217924 0.000043
0.015698 0.349473 0.264163 0.149985 0.002370 0.218265 0.000045
0.014608 0.347979 0.265110 0.150158 0.002382 0.219719 0.000044
0.014022 0.346167 0.265463 0.150767 0.002390 0.221148 0.000043
0.014580 0.345529 0.265164 0.150373 0.002413 0.221897 0.000043
0.014394 0.344297 0.265286 0.150379 0.002424 0.223175 0.000045
0.014330 0.342490 0.265480 0.150664 0.002423 0.224566 0.000047
0.014058 0.341597 0.265651 0.150657 0.002465 0.225526 0.000046
0.013641 0.340361 0.266109 0.150904 0.002455 0.226480 0.000050
0.013063 0.338343 0.266601 0.150968 0.002475 0.228501 0.000049
0.013588 0.338349 0.266103 0.150869 0.002485 0.228554 0.000053
0.012990 0.335496 0.266712 0.151499 0.002512 0.230743 0.000048
0.012775 0.335283 0.266873 0.151092 0.002494 0.231432 0.000051
0.013137 0.334699 0.266534 0.151131 0.002527 0.231926 0.000047
0.013323 0.333126 0.266577 0.150990 0.002532 0.233402 0.000049
0.013148 0.332732 0.266535 0.151041 0.002532 0.233964 0.000047
0.012896 0.330940 0.266857 0.151350 0.002558 0.235349 0.000049
0.013711 0.329504 0.266711 0.151166 0.002571 0.236289 0.000048
0.017872 0.326589 0.265464 0.150596 0.002600 0.236826 0.000054
0.018293 0.325578 0.265843 0.150495 0.002547 0.237193 0.000051
0.018064 0.324018 0.265890 0.150517 0.002592 0.238868 0.000051
0.020100 0.322218 0.265281 0.150528 0.002596 0.239226 0.000052
0.018476 0.322276 0.265811 0.150481 0.002588 0.240316 0.000052
0.019211 0.320368 0.265668 0.150486 0.002595 0.241622 0.000051
0.021130 0.319796 0.264693 0.149904 0.002610 0.241813 0.000053
0.020245 0.319288 0.265009 0.150127 0.002613 0.242663 0.000054
0.019941 0.319356 0.264585 0.149850 0.002616 0.243599 0.000052
0.018999 0.317126 0.265125 0.150392 0.002619 0.245683 0.000056
0.017879 0.317227 0.265421 0.150374 0.002634 0.246408 0.000058
0.017084 0.315557 0.265894 0.150578 0.002630 0.248201 0.000056
0.016637 0.314402 0.266094 0.150656 0.002684 0.249472 0.000056
0.018045 0.315294 0.265036 0.150090 0.002694 0.248785 0.000055
0.016100 0.313432 0.266224 0.150729 0.002687 0.250772 0.000056
0.016784 0.312040 0.265586 0.150516 0.002693 0.252320 0.000061
0.015843 0.310924 0.266192 0.150592 0.002731 0.253664 0.000055
0.016326 0.311654 0.265607 0.150455 0.002692 0.253209 0.000057
0.015216 0.309236 0.266436 0.150783 0.002710 0.255561 0.000058
0.015819 0.308667 0.266147 0.150667 0.002720 0.255922 0.000058
0.015035 0.306958 0.266474 0.151056 0.002698 0.257716 0.000062
0.015607 0.307715 0.265774 0.150690 0.002736 0.257417 0.000061
0.014045 0.305306 0.266879 0.151116 0.002767 0.259823 0.000063
0.014275 0.303841 0.266615 0.151121 0.002786 0.261301 0.000061
0.013795 0.302285 0.267320 0.151164 0.002796 0.262578 0.000061
0.014414 0.303045 0.266328 0.150776 0.002775 0.262601 0.000061
0.014104 0.301431 0.266583 0.150901 0.002821 0.264099 0.000061
0.013458 0.298308 0.267098 0.151227 0.002847 0.266999 0.000063
0.013175 0.296645 0.267682 0.151461 0.002880 0.268094 0.000064
0.013164 0.296738 0.267442 0.151336 0.002832 0.268423 0.000066
0.013247 0.295784 0.267295 0.151238 0.002868 0.269498 0.000070
0.013581 0.295598 0.266546 0.150911 0.002882 0.270417 0.000066
0.013002 0.293900 0.267523 0.151412 0.002849 0.271250 0.000065
0.013122 0.293402 0.267294 0.150872 0.002866 0.272375 0.000069
0.013168 0.292096 0.267043 0.151329 0.002899 0.273396 0.000070
0.013042 0.290950 0.267407 0.151306 0.002890 0.274337 0.000067
0.012892 0.289521 0.267445 0.151341 0.002924 0.275809 0.000068
0.012856 0.288244 0.267380 0.151258 0.002964 0.277228 0.000069
0.012965 0.288366 0.267220 0.151114 0.002939 0.277324 0.000072
0.013296 0.287604 0.266576 0.151018 0.002941 0.278495 0.000070
0.012824 0.285320 0.267174 0.151503 0.002985 0.280122 0.000073
0.012822 0.284814 0.267242 0.150988 0.003010 0.281052 0.000071
0.012608 0.283423 0.267212 0.151301 0.002990 0.282392 0.000074
0.012792 0.282275 0.267184 0.151201 0.002990 0.283485 0.000072
0.012771 0.281514 0.267127 0.151215 0.003002 0.284300 0.000071
0.012786 0.280657 0.266894 0.151116 0.003025 0.285448 0.000073
0.012714 0.279120 0.267142 0.150970 0.003057 0.286920 0.000078
0.012841 0.278289 0.266961 0.151044 0.003019 0.287770 0.000076
0.012763 0.278551 0.266861 0.150694 0.003048 0.288011 0.000072
0.012842 0.277324 0.266572 0.150931 0.003068 0.289183 0.000080
0.012680 0.276216 0.266899 0.150922 0.003043 0.290161 0.000080
0.012744 0.274151 0.267016 0.150873 0.003058 0.292075 0.000083
0.012700 0.272583 0.266923 0.150936 0.003044 0.293737 0.000078
0.012773 0.271191 0.266898 0.150929 0.003116 0.295018 0.000074
0.012793 0.272243 0.266578 0.150736 0.003083 0.294487 0.000081
0.012881 0.271411 0.266442 0.150792 0.003098 0.295297 0.000078
0.012767 0.269685 0.266422 0.150863 0.003136 0.297048 0.000079
0.012580 0.267532 0.266845 0.150779 0.003137 0.299051 0.000076
0.012811 0.267692 0.266341 0.150689 0.003125 0.299259 0.000083
0.013047 0.267229 0.265958 0.150601 0.003165 0.299919 0.000081
0.012720 0.265740 0.266165 0.150789 0.003181 0.301327 0.000078
0.012682 0.264845 0.266334 0.150539 0.003183 0.302337 0.000080
0.012861 0.266345 0.265712 0.150114 0.003198 0.301693 0.000078
0.012835 0.263476 0.265936 0.150176 0.003174 0.304324 0.000079
0.012813 0.263165 0.265839 0.150211 0.003169 0.304725 0.000079
0.012866 0.261565 0.265555 0.150529 0.003216 0.306189 0.000080
0.012805 0.261146 0.265498 0.150342 0.003204 0.306926 0.000079
0.012820 0.260022 0.265611 0.150173 0.003202 0.308087 0.000086
0.012837 0.259200 0.265501 0.150237 0.003236 0.308910 0.000079
0.012874 0.258264 0.265522 0.150154 0.003244 0.309854 0.000087
0.012943 0.257178 0.265223 0.150122 0.003257 0.311193 0.000084
0.012909 0.257032 0.264968 0.150083 0.003252 0.311676 0.000080
0.012880 0.256066 0.265100 0.149853 0.003280 0.312739 0.000082
0.012900 0.253698 0.264985 0.149995 0.003298 0.315044 0.000080
0.013064 0.254252 0.264678 0.149630 0.003302 0.314991 0.000083
0.012837 0.253441 0.264964 0.149870 0.003276 0.315524 0.000088
0.012894 0.251373 0.264684 0.149715 0.003303 0.317946 0.000086
0.012973 0.251060 0.264726 0.149746 0.003293 0.318112 0.000089
0.013030 0.250188 0.264500 0.149498 0.003306 0.319388 0.000091
0.013125 0.249516 0.264326 0.149290 0.003326 0.320329 0.000088
0.013029 0.248608 0.264271 0.149098 0.003349 0.321557 0.000088
0.013098 0.246666 0.263944 0.149366 0.003363 0.323470 0.000093
0.013190 0.246333 0.263932 0.149225 0.003341 0.323888 0.000091
0.013235 0.246555 0.263486 0.149030 0.003361 0.324243 0.000089
0.013164 0.245528 0.263484 0.148734 0.003387 0.325611 0.000092
0.013150 0.244830 0.263435 0.148919 0.003374 0.326200 0.000091
0.013261 0.244417 0.263425 0.148817 0.003383 0.326608 0.000090
0.013238 0.243255 0.263190 0.148636 0.003403 0.328190 0.000088
0.013165 0.241896 0.263105 0.148666 0.003420 0.329660 0.000089
0.013253 0.241420 0.262882 0.148592 0.003395 0.330368 0.000089
0.013400 0.240369 0.262589 0.148683 0.003410 0.331457 0.000093
0.013402 0.239488 0.262497 0.148480 0.003400 0.332641 0.000093
0.013347 0.237863 0.262496 0.148416 0.003467 0.334320 0.000092
0.013470 0.237605 0.262032 0.148248 0.003442 0.335110 0.000094
0.013385 0.237195 0.262042 0.148331 0.003449 0.335498 0.000100
0.013405 0.236635 0.261815 0.148047 0.003440 0.336561 0.000098
0.013386 0.236102 0.261681 0.147886 0.003488 0.337362 0.000094
0.013444 0.234660 0.261573 0.148030 0.003491 0.338707 0.000097
0.013511 0.234164 0.261247 0.147937 0.003533 0.339514 0.000094
0.013446 0.233680 0.261322 0.147840 0.003483 0.340133 0.000097
0.013419 0.232077 0.261541 0.147829 0.003535 0.341500 0.000099
0.013650 0.230756 0.260882 0.147628 0.003508 0.343479 0.000097
0.013594 0.231068 0.260381 0.147554 0.003556 0.343744 0.000103
0.013577 0.229307 0.260926 0.147471 0.003572 0.345046 0.000100
0.013640 0.228649 0.260653 0.147513 0.003542 0.345904 0.000100
0.013468 0.228289 0.260301 0.147199 0.003596 0.347044 0.000103
0.013542 0.228372 0.260072 0.146987 0.003554 0.347367 0.000106
0.013616 0.226831 0.260097 0.146929 0.003586 0.348836 0.000104
0.013629 0.226958 0.259830 0.146928 0.003564 0.348987 0.000104
0.013651 0.224968 0.259529 0.146846 0.003624 0.351272 0.000109
0.013624 0.224210 0.259487 0.146692 0.003600 0.352281 0.000106
0.013740 0.224169 0.259167 0.146763 0.003610 0.352448 0.000103
0.013707 0.223765 0.258923 0.146479 0.003607 0.353416 0.000103
0.013563 0.222700 0.258990 0.146426 0.003625 0.354588 0.000109
0.013820 0.222160 0.258781 0.146313 0.003621 0.355199 0.000107
0.013693 0.220599 0.258436 0.146167 0.003621 0.357381 0.000103
0.013856 0.220983 0.258040 0.146082 0.003645 0.357281 0.000113
0.013869 0.220345 0.258031 0.146161 0.003646 0.357836 0.000113
0.013872 0.218630 0.258010 0.145767 0.003668 0.359943 0.000110
0.014055 0.218295 0.257591 0.145759 0.003697 0.360492 0.000111
0.014005 0.218100 0.257419 0.145398 0.003711 0.361259 0.000107
0.014011 0.217548 0.257292 0.145580 0.003715 0.361743 0.000111
0.014024 0.216427 0.256947 0.145476 0.003694 0.363318 0.000115
0.013945 0.216573 0.256861 0.145221 0.003698 0.363580 0.000121
0.014029 0.215523 0.257042 0.145304 0.003714 0.364280 0.000109
0.014092 0.214289 0.256753 0.145226 0.003756 0.365767 0.000117
0.014177 0.212988 0.256346 0.145103 0.003773 0.367495 0.000118
0.014146 0.212935 0.256093 0.144920 0.003722 0.368073 0.000111
0.014331 0.212751 0.255847 0.144686 0.003776 0.368497 0.000113
0.014271 0.211597 0.255739 0.144630 0.003767 0.369876 0.000121
0.014174 0.210409 0.255631 0.144478 0.003784 0.371405 0.000118
0.014232 0.209979 0.255266 0.144347 0.003784 0.372274 0.000118
0.014278 0.209717 0.254841 0.144504 0.003741 0.372804 0.000116
0.014202 0.208541 0.254869 0.144270 0.003765 0.374236 0.000118
0.014370 0.207676 0.254490 0.144172 0.003818 0.375357 0.000117
0.014397 0.207686 0.254187 0.144033 0.003810 0.375765 0.000121
0.014321 0.207280 0.254205 0.143830 0.003787 0.376456 0.000121
0.014496 0.206415 0.253989 0.143881 0.003837 0.377269 0.000114
0.014371 0.206036 0.253389 0.143749 0.003827 0.378504 0.000124
0.014559 0.205061 0.253334 0.143536 0.003817 0.379574 0.000119
0.014509 0.205122 0.253372 0.143305 0.003855 0.379713 0.000125
0.014542 0.204011 0.253186 0.143237 0.003828 0.381079 0.000118
0.014547 0.203454 0.252845 0.142879 0.003885 0.382266 0.000123
0.014613 0.203225 0.252614 0.142946 0.003831 0.382647 0.000124
0.014568 0.202479 0.252629 0.142910 0.003851 0.383434 0.000128
0.014760 0.201488 0.252063 0.142599 0.003880 0.385086 0.000123
0.014740 0.200727 0.251771 0.142752 0.003883 0.386000 0.000126
0.014745 0.200119 0.251734 0.142503 0.003857 0.386916 0.000126
0.014832 0.199014 0.251306 0.142444 0.003958 0.388320 0.000125
0.014862 0.199464 0.251242 0.142239 0.003890 0.388177 0.000127
0.014868 0.198129 0.251085 0.142121 0.003905 0.389768 0.000125
0.014746 0.197333 0.250989 0.141919 0.003901 0.390988 0.000124
0.014836 0.197964 0.250288 0.141988 0.003939 0.390858 0.000127
0.014992 0.195839 0.250484 0.141693 0.003955 0.392906 0.000131
0.014945 0.196027 0.249773 0.141497 0.003925 0.393700 0.000132
0.015052 0.195005 0.249886 0.141417 0.003922 0.394592 0.000126
0.015122 0.195199 0.249489 0.141364 0.003937 0.394760 0.000129
0.015020 0.193869 0.249489 0.141285 0.003979 0.396233 0.000125
0.014990 0.193875 0.249114 0.141116 0.003954 0.396822 0.000128
0.015152 0.193277 0.249002 0.140840 0.003989 0.397608 0.000131
0.015135 0.191904 0.248669 0.140942 0.003985 0.399234 0.000131
0.015201 0.191844 0.248316 0.140862 0.004008 0.399634 0.000134
0.015269 0.190630 0.248208 0.140511 0.004013 0.401245 0.000125
0.015296 0.191171 0.248143 0.140350 0.003984 0.400927 0.000129
0.015354 0.190536 0.247407 0.140284 0.004009 0.402276 0.000133
0.015324 0.189301 0.247608 0.140261 0.004025 0.403341 0.000140
0.015385 0.188345 0.247254 0.139948 0.004039 0.404894 0.000135
0.015447 0.187981 0.247273 0.139694 0.004022 0.405451 0.000133
0.015475 0.187402 0.246907 0.139627 0.004031 0.406427 0.000132
0.015494 0.187107 0.246559 0.139722 0.004011 0.406970 0.000136
0.015520 0.186745 0.246499 0.139587 0.004055 0.407461 0.000134
0.015560 0.185627 0.246218 0.139266 0.004087 0.409100 0.000143
0.015590 0.185483 0.245884 0.139108 0.004112 0.409687 0.000135
0.015744 0.185625 0.245576 0.139159 0.004076 0.409682 0.000138
0.015778 0.184229 0.245283 0.138951 0.004105 0.411520 0.000135
0.015757 0.184511 0.244953 0.138867 0.004126 0.411652 0.000133
0.015714 0.184038 0.244963 0.138776 0.004117 0.412259 0.000133
0.015734 0.182576 0.244679 0.138466 0.004138 0.414270 0.000138
0.015677 0.181914 0.244825 0.138456 0.004075 0.414911 0.000142
0.015796 0.181209 0.244455 0.138283 0.004132 0.415990 0.000135
0.015841 0.180873 0.243979 0.138010 0.004144 0.417012 0.000142
0.015932 0.180909 0.243782 0.138071 0.004106 0.417059 0.000142
0.015890 0.180076 0.243417 0.137728 0.004156 0.418591 0.000144
0.015892 0.180186 0.243222 0.137768 0.004145 0.418644 0.000143
0.015811 0.179956 0.242952 0.137669 0.004174 0.419296 0.000142
0.016007 0.178619 0.242888 0.137437 0.004194 0.420704 0.000151
0.015931 0.178456 0.242653 0.137324 0.004179 0.421312 0.000144
0.016049 0.177994 0.242229 0.137144 0.004189 0.422249 0.000147
0.015961 0.177760 0.242230 0.137245 0.004170 0.422484 0.000150
0.016018 0.177307 0.241849 0.137075 0.004193 0.423406 0.000152
0.016008 0.176542 0.241561 0.136855 0.004197 0.424692 0.000146
0.016056 0.175931 0.241155 0.136422 0.004195 0.426090 0.000151
0.016151 0.175073 0.240897 0.136439 0.004189 0.427097 0.000154
0.016201 0.174585 0.240780 0.136334 0.004199 0.427746 0.000154
0.016200 0.174287 0.240541 0.136198 0.004214 0.428407 0.000153
0.016190 0.173426 0.240332 0.136175 0.004221 0.429502 0.000154
0.016200 0.173289 0.240129 0.136039 0.004224 0.429957 0.000163
0.016405 0.173259 0.239620 0.135603 0.004256 0.430700 0.000157
0.016441 0.172165 0.239186 0.135769 0.004205 0.432075 0.000159
0.016430 0.171279 0.239344 0.135512 0.004273 0.433010 0.000152
0.016536 0.170711 0.238816 0.135307 0.004262 0.434205 0.000163
0.016345 0.170573 0.238923 0.135182 0.004232 0.434596 0.000148
0.016467 0.169681 0.238485 0.134738 0.004290 0.436184 0.000153
0.016489 0.170551 0.238226 0.134861 0.004228 0.435491 0.000155
0.016678 0.169425 0.237805 0.134906 0.004300 0.436723 0.000162
0.016572 0.168753 0.237616 0.134328 0.004298 0.438275 0.000159
0.016750 0.168368 0.237197 0.134564 0.004334 0.438626 0.000160
0.016750 0.167563 0.237011 0.134272 0.004320 0.439919 0.000165
0.016714 0.167223 0.236831 0.134057 0.004335 0.440682 0.000159
0.016920 0.166550 0.236312 0.133806 0.004324 0.441934 0.000153
0.016876 0.166371 0.236399 0.133730 0.004302 0.442166 0.000157
0.016823 0.166085 0.236162 0.133766 0.004322 0.442688 0.000154
0.016869 0.165096 0.235780 0.133464 0.004353 0.444275 0.000163
0.017204 0.164601 0.235610 0.133265 0.004354 0.444802 0.000165
0.016894 0.163815 0.235303 0.133126 0.004400 0.446298 0.000165
0.016943 0.163699 0.234857 0.133057 0.004398 0.446885 0.000161
0.017001 0.163440 0.234854 0.132943 0.004383 0.447212 0.000167
0.017058 0.162787 0.234447 0.132716 0.004368 0.448463 0.000161
0.017127 0.162769 0.234520 0.132801 0.004369 0.448244 0.000171
0.017100 0.162253 0.233829 0.132530 0.004388 0.449734 0.000166
0.017016 0.161963 0.233751 0.132349 0.004377 0.450378 0.000165
0.017261 0.161590 0.233388 0.131988 0.004412 0.451189 0.000171
0.017121 0.161223 0.233397 0.131940 0.004401 0.451758 0.000161
0.017406 0.160446 0.233024 0.131917 0.004379 0.452661 0.000166
0.017370 0.159976 0.232505 0.131675 0.004399 0.453898 0.000177
0.017417 0.159729 0.232205 0.131604 0.004441 0.454424 0.000180
0.017518 0.159526 0.232050 0.131417 0.004399 0.454922 0.000168
0.017405 0.159056 0.232078 0.131283 0.004379 0.455621 0.000176
0.017523 0.158466 0.231667 0.131274 0.004435 0.456455 0.000180
0.017745 0.157871 0.231217 0.131053 0.004476 0.457462 0.000177
0.017514 0.157680 0.231211 0.130819 0.004425 0.458178 0.000173
0.017702 0.156937 0.230375 0.130601 0.004422 0.459783 0.000179
0.017703 0.156502 0.230461 0.130482 0.004436 0.460242 0.000174
0.017833 0.156326 0.230427 0.130524 0.004459 0.460254 0.000176
0.017897 0.155654 0.229932 0.130403 0.004475 0.461462 0.000177
0.017812 0.155978 0.229819 0.130049 0.004452 0.461707 0.000184
0.017889 0.154869 0.229416 0.129743 0.004460 0.463439 0.000185
0.017860 0.154877 0.229339 0.129790 0.004449 0.463505 0.000181
0.017799 0.154623 0.229037 0.129566 0.004483 0.464309 0.000182
0.017973 0.153859 0.228587 0.129507 0.004451 0.465443 0.000181
0.017841 0.153163 0.228049 0.129191 0.004482 0.467093 0.000181
0.017973 0.152609 0.227820 0.129137 0.004489 0.467787 0.000185
0.018054 0.152744 0.227890 0.129028 0.004477 0.467622 0.000185
0.018156 0.152097 0.227399 0.128920 0.004521 0.468725 0.000182
0.018157 0.151907 0.227022 0.128738 0.004486 0.469508 0.000182
0.018165 0.151265 0.227120 0.128434 0.004553 0.470275 0.000188
0.018324 0.150827 0.226431 0.128256 0.004515 0.471458 0.000189
0.018221 0.150249 0.226421 0.128285 0.004510 0.472117 0.000197
0.018532 0.149931 0.226135 0.127981 0.004502 0.472739 0.000182
0.018400 0.149698 0.225619 0.127986 0.004593 0.473517 0.000187
0.018442 0.149062 0.225624 0.127848 0.004567 0.474273 0.000184
0.018363 0.148888 0.225210 0.127525 0.004501 0.475316 0.000197
0.018596 0.148693 0.224776 0.127410 0.004570 0.475765 0.000190
0.018424 0.148507 0.224840 0.127232 0.004553 0.476252 0.000192
0.018546 0.147744 0.224363 0.127163 0.004567 0.477421 0.000195
0.018490 0.147420 0.224199 0.127048 0.004575 0.478077 0.000192
0.018727 0.147188 0.223980 0.126710 0.004549 0.478651 0.000196
0.018641 0.146917 0.223737 0.126650 0.004545 0.479322 0.000187
0.018602 0.146303 0.223557 0.126544 0.004609 0.480195 0.000190
0.018737 0.146044 0.223122 0.126390 0.004599 0.480915 0.000192
0.018633 0.146163 0.222718 0.126226 0.004597 0.481472 0.000191
0.018716 0.145394 0.222635 0.126012 0.004624 0.482421 0.000198
0.018933 0.145192 0.222367 0.126080 0.004611 0.482625 0.000193
0.018875 0.144608 0.221954 0.125819 0.004600 0.483943 0.000201
0.018920 0.144613 0.221703 0.125582 0.004607 0.484372 0.000204
0.019125 0.143488 0.221492 0.125192 0.004629 0.485872 0.000202
0.019132 0.143826 0.221140 0.125303 0.004571 0.485827 0.000201
0.018943 0.142964 0.220984 0.125126 0.004614 0.487169 0.000200
0.019010 0.143298 0.221041 0.124942 0.004658 0.486855 0.000197
0.019091 0.142637 0.220331 0.124653 0.004616 0.488466 0.000206
0.019228 0.142054 0.219865 0.124732 0.004652 0.489264 0.000204
0.019108 0.141929 0.219964 0.124431 0.004637 0.489727 0.000205
0.019110 0.141945 0.219553 0.124424 0.004703 0.490059 0.000206
0.019196 0.141076 0.219289 0.124172 0.004667 0.491384 0.000215
0.019280 0.140399 0.218983 0.124101 0.004658 0.492370 0.000210
0.019400 0.141221 0.218660 0.124020 0.004692 0.491799 0.000209
0.019282 0.140128 0.218699 0.123532 0.004641 0.493497 0.000221
0.019556 0.139263 0.218087 0.123267 0.004658 0.494959 0.000209
0.019561 0.139791 0.217901 0.123440 0.004667 0.494427 0.000212
0.019478 0.138716 0.217635 0.123203 0.004697 0.496060 0.000212
0.019616 0.138539 0.217561 0.122925 0.004693 0.496458 0.000209
0.019585 0.138357 0.217307 0.123256 0.004704 0.496590 0.000202
0.019684 0.138225 0.216799 0.122747 0.004707 0.497619 0.000217
0.019669 0.137817 0.216904 0.122818 0.004691 0.497890 0.000211
0.019704 0.137236 0.216380 0.122441 0.004727 0.499306 0.000206
0.019672 0.137297 0.215994 0.122675 0.004722 0.499427 0.000214
0.020024 0.136493 0.215663 0.122044 0.004748 0.500820 0.000209
0.019896 0.136575 0.215629 0.122161 0.004693 0.500845 0.000202
0.019963 0.135778 0.215115 0.121991 0.004722 0.502214 0.000217
0.020040 0.135982 0.214763 0.121804 0.004708 0.502482 0.000221
0.019978 0.135985 0.214706 0.121732 0.004694 0.502690 0.000215
0.020107 0.134806 0.214211 0.121350 0.004736 0.504567 0.000224
0.019962 0.134858 0.213841 0.121218 0.004754 0.505146 0.000221
0.020209 0.134359 0.213401 0.121105 0.004731 0.505977 0.000218
