0.955728 0.043391 0.000545 0.000324 0.000000 0.000012 0.000000
0.912938 0.085186 0.001157 0.000692 0.000000 0.000026 0.000000
0.901866 0.095930 0.001351 0.000822 0.000000 0.000030 0.000000
0.890673 0.106797 0.001562 0.000934 0.000000 0.000034 0.000000
0.876585 0.120510 0.001796 0.001059 0.000000 0.000051 0.000000
0.864197 0.132482 0.002053 0.001209 0.000000 0.000058 0.000000
0.850214 0.146011 0.002353 0.001358 0.000000 0.000064 0.000000
0.835320 0.160419 0.002650 0.001537 0.000001 0.000074 0.000000
0.821741 0.173535 0.002929 0.001709 0.000002 0.000084 0.000000
0.807753 0.187010 0.003244 0.001904 0.000001 0.000087 0.000000
0.791256 0.202899 0.003595 0.002146 0.000001 0.000102 0.000000
0.777603 0.215881 0.004023 0.002373 0.000001 0.000118 0.000000
0.762853 0.230049 0.004375 0.002591 0.000001 0.000131 0.000000
0.747248 0.244982 0.004783 0.002841 0.000001 0.000146 0.000000
0.735021 0.256680 0.005126 0.003021 0.000002 0.000151 0.000000
0.717136 0.273720 0.005649 0.003322 0.000002 0.000170 0.000000
0.703181 0.286925 0.006144 0.003565 0.000002 0.000184 0.000000
0.688321 0.300968 0.006650 0.003853 0.000002 0.000206 0.000000
0.673321 0.315157 0.007178 0.004123 0.000002 0.000219 0.000000
0.659956 0.327686 0.007709 0.004396 0.000003 0.000251 0.000000
0.645270 0.341541 0.008230 0.004678 0.000003 0.000279 0.000000
0.631193 0.354709 0.008779 0.005017 0.000004 0.000298 0.000000
0.616211 0.368732 0.009376 0.005355 0.000004 0.000321 0.000000
0.605891 0.378244 0.009871 0.005639 0.000005 0.000350 0.000000
0.591834 0.391245 0.010506 0.006022 0.000006 0.000388 0.000000
0.574828 0.406933 0.011321 0.006491 0.000006 0.000422 0.000000
0.564529 0.416325 0.011900 0.006791 0.000006 0.000449 0.000000
0.552429 0.427449 0.012500 0.007134 0.000006 0.000482 0.000000
0.537834 0.440779 0.013283 0.007573 0.000006 0.000525 0.000000
0.526703 0.450887 0.013914 0.007929 0.000006 0.000561 0.000000
0.515973 0.460588 0.014537 0.008289 0.000006 0.000606 0.000000
0.503123 0.472214 0.015261 0.008736 0.000006 0.000659 0.000000
0.489515 0.484420 0.016105 0.009236 0.000007 0.000717 0.000000
0.477627 0.494978 0.016892 0.009720 0.000008 0.000775 0.000000
0.466524 0.504711 0.017734 0.010184 0.000010 0.000837 0.000000
0.456116 0.513890 0.018484 0.010624 0.000009 0.000878 0.000000
0.442510 0.525835 0.019513 0.011189 0.000010 0.000943 0.000000
0.432300 0.534660 0.020357 0.011654 0.000009 0.001019 0.000000
0.421227 0.544110 0.021308 0.012271 0.000009 0.001075 0.000000
0.410412 0.553285 0.022293 0.012842 0.000011 0.001156 0.000000
0.398098 0.563654 0.023473 0.013495 0.000012 0.001269 0.000000
0.386968 0.573083 0.024561 0.014033 0.000013 0.001341 0.000000
0.378140 0.580192 0.025616 0.014607 0.000015 0.001430 0.000000
0.370378 0.586515 0.026468 0.015098 0.000018 0.001521 0.000000
0.359415 0.595552 0.027631 0.015759 0.000019 0.001623 0.000000
0.350409 0.602605 0.028837 0.016400 0.000021 0.001729 0.000000
0.339795 0.611142 0.030000 0.017187 0.000022 0.001852 0.000000
0.331300 0.617904 0.031026 0.017791 0.000024 0.001956 0.000000
0.323678 0.623477 0.032246 0.018486 0.000026 0.002087 0.000001
0.314656 0.630478 0.033441 0.019176 0.000027 0.002221 0.000001
0.307843 0.635287 0.034638 0.019857 0.000027 0.002346 0.000001
0.301620 0.639614 0.035789 0.020476 0.000029 0.002470 0.000001
0.293338 0.645585 0.037136 0.021293 0.000030 0.002617 0.000001
0.286736 0.650001 0.038466 0.021996 0.000031 0.002769 0.000001
0.279157 0.655593 0.039651 0.022632 0.000031 0.002935 0.000001
0.273715 0.659013 0.040794 0.023370 0.000033 0.003073 0.000001
0.269215 0.661438 0.041983 0.024067 0.000037 0.003259 0.000001
0.264431 0.663884 0.043404 0.024783 0.000037 0.003460 0.000001
0.255113 0.670436 0.045001 0.025749 0.000040 0.003660 0.000001
0.256794 0.667354 0.045817 0.026207 0.000042 0.003786 0.000001
0.252273 0.669626 0.047097 0.026986 0.000045 0.003971 0.000001
0.246962 0.673202 0.048076 0.027567 0.000049 0.004143 0.000001
0.244590 0.673374 0.049409 0.028234 0.000047 0.004344 0.000001
0.240558 0.675144 0.050720 0.029008 0.000050 0.004518 0.000001
0.238971 0.674461 0.052038 0.029734 0.000054 0.004743 0.000001
0.235418 0.676097 0.053037 0.030445 0.000056 0.004947 0.000001
0.231307 0.677893 0.054421 0.031131 0.000057 0.005190 0.000001
0.230302 0.677139 0.055379 0.031696 0.000062 0.005421 0.000001
0.224549 0.680377 0.056893 0.032456 0.000063 0.005662 0.000001
0.220707 0.682235 0.058023 0.033114 0.000064 0.005855 0.000001
0.217086 0.683167 0.059565 0.033973 0.000070 0.006138 0.000001
0.210763 0.686896 0.061018 0.034841 0.000073 0.006408 0.000001
0.207078 0.687988 0.062501 0.035647 0.000078 0.006708 0.000001
0.205505 0.688368 0.063101 0.036124 0.000075 0.006826 0.000001
0.199855 0.690728 0.065066 0.037083 0.000084 0.007183 0.000001
0.197471 0.691433 0.065996 0.037620 0.000086 0.007393 0.000000
0.188885 0.696181 0.068172 0.038883 0.000094 0.007784 0.000001
0.187999 0.695858 0.068767 0.039264 0.000096 0.008015 0.000001
0.178435 0.701145 0.071175 0.040708 0.000105 0.008431 0.000001
0.173916 0.703837 0.072215 0.041230 0.000105 0.008696 0.000001
0.171694 0.703196 0.073781 0.042167 0.000110 0.009051 0.000001
0.161795 0.708891 0.076168 0.043497 0.000118 0.009529 0.000001
0.160996 0.707042 0.077624 0.044319 0.000118 0.009900 0.000001
0.158491 0.707700 0.078582 0.044941 0.000122 0.010163 0.000001
0.156762 0.707198 0.079916 0.045547 0.000128 0.010447 0.000001
0.150530 0.709430 0.082144 0.046823 0.000131 0.010942 0.000001
0.147653 0.710059 0.083265 0.047643 0.000136 0.011245 0.000001
0.145150 0.709928 0.084721 0.048390 0.000135 0.011676 0.000001
0.139728 0.711749 0.086750 0.049489 0.000145 0.012138 0.000001
0.142366 0.707724 0.087528 0.049855 0.000146 0.012379 0.000001
0.140278 0.706887 0.089109 0.050725 0.000153 0.012846 0.000001
0.134433 0.708683 0.091219 0.052130 0.000160 0.013374 0.000001
0.132226 0.708093 0.092835 0.052879 0.000169 0.013797 0.000001
0.131161 0.706881 0.093875 0.053758 0.000166 0.014157 0.000001
0.127441 0.706658 0.096131 0.054884 0.000168 0.014717 0.000001
0.125020 0.706621 0.097436 0.055611 0.000174 0.015136 0.000001
0.123660 0.705809 0.098532 0.056270 0.000184 0.015543 0.000001
0.119311 0.707135 0.100217 0.057140 0.000190 0.016006 0.000001
0.119705 0.704321 0.101482 0.057868 0.000202 0.016420 0.000001
0.116107 0.704792 0.103213 0.058839 0.000204 0.016844 0.000001
0.118909 0.700669 0.103840 0.059194 0.000206 0.017181 0.000001
0.112314 0.703069 0.106119 0.060456 0.000220 0.017820 0.000001
0.112542 0.700430 0.107362 0.061169 0.000228 0.018268 0.000001
0.109532 0.701121 0.108594 0.061938 0.000229 0.018585 0.000001
0.106804 0.700941 0.110075 0.062769 0.000231 0.019180 0.000001
0.106603 0.697691 0.111718 0.063898 0.000243 0.019846 0.000001
0.105237 0.696461 0.112994 0.064684 0.000247 0.020377 0.000001
0.100996 0.697372 0.114751 0.065740 0.000251 0.020889 0.000001
0.102692 0.694442 0.115376 0.065878 0.000259 0.021351 0.000001
0.098708 0.694046 0.117706 0.067240 0.000262 0.022038 0.000001
0.094562 0.694640 0.119537 0.068325 0.000269 0.022665 0.000002
0.094801 0.691549 0.120855 0.069172 0.000282 0.023339 0.000001
0.092902 0.691512 0.121900 0.069762 0.000282 0.023641 0.000001
0.093604 0.689186 0.122579 0.070190 0.000283 0.024157 0.000001
0.093101 0.686675 0.124225 0.070969 0.000297 0.024732 0.000002
0.088835 0.687570 0.125894 0.072043 0.000311 0.025346 0.000002
0.084393 0.688046 0.128011 0.073194 0.000304 0.026051 0.000002
0.082519 0.687025 0.129519 0.073969 0.000320 0.026645 0.000002
0.081092 0.685544 0.130926 0.074851 0.000331 0.027254 0.000002
0.080620 0.684426 0.131739 0.075227 0.000338 0.027647 0.000002
0.075336 0.685571 0.133900 0.076335 0.000354 0.028502 0.000002
0.074670 0.683493 0.135219 0.077186 0.000359 0.029071 0.000002
0.072513 0.682967 0.136459 0.078088 0.000355 0.029617 0.000002
0.066377 0.684681 0.138837 0.079193 0.000374 0.030537 0.000001
0.065135 0.681761 0.140943 0.080379 0.000384 0.031397 0.000001
0.065935 0.680559 0.141003 0.080457 0.000385 0.031660 0.000002
0.060096 0.681015 0.143773 0.082082 0.000399 0.032634 0.000002
0.062250 0.677401 0.144436 0.082327 0.000407 0.033179 0.000001
0.060689 0.676041 0.145692 0.083245 0.000415 0.033917 0.000002
0.058718 0.674315 0.147430 0.084363 0.000432 0.034740 0.000002
0.054535 0.674328 0.149651 0.085525 0.000431 0.035529 0.000002
0.055824 0.672011 0.150024 0.085804 0.000439 0.035894 0.000003
0.051465 0.671307 0.152569 0.087128 0.000446 0.037084 0.000002
0.052165 0.669547 0.152908 0.087512 0.000449 0.037417 0.000003
0.048844 0.668014 0.155340 0.088919 0.000451 0.038429 0.000003
0.046928 0.667117 0.156662 0.089670 0.000466 0.039154 0.000003
0.045893 0.665863 0.157712 0.090183 0.000481 0.039865 0.000002
0.044673 0.664327 0.159142 0.090817 0.000485 0.040554 0.000002
0.044486 0.660992 0.161037 0.091632 0.000495 0.041354 0.000003
0.044671 0.659118 0.161673 0.092132 0.000507 0.041895 0.000003
0.043690 0.656593 0.163301 0.093060 0.000516 0.042837 0.000004
0.043812 0.652867 0.165085 0.093951 0.000528 0.043753 0.000004
0.041308 0.652825 0.166184 0.094743 0.000538 0.044398 0.000004
0.041543 0.650385 0.167185 0.095257 0.000543 0.045084 0.000003
0.039396 0.648174 0.169239 0.096443 0.000560 0.046185 0.000002
0.040427 0.646862 0.169272 0.096468 0.000561 0.046406 0.000004
0.042898 0.641951 0.170146 0.097071 0.000567 0.047362 0.000004
0.046343 0.636421 0.171166 0.097531 0.000582 0.047953 0.000004
0.043538 0.635257 0.173029 0.098621 0.000593 0.048958 0.000004
0.049476 0.630052 0.172568 0.098204 0.000593 0.049103 0.000004
0.049644 0.628071 0.173165 0.098745 0.000600 0.049772 0.000003
0.051154 0.624918 0.173783 0.099047 0.000604 0.050489 0.000004
0.052507 0.620968 0.175024 0.099613 0.000613 0.051271 0.000004
0.049941 0.621588 0.175845 0.100110 0.000621 0.051891 0.000004
0.052114 0.616754 0.176947 0.100788 0.000629 0.052763 0.000004
0.049553 0.617265 0.177862 0.101308 0.000637 0.053372 0.000004
0.049570 0.614480 0.179005 0.101850 0.000649 0.054442 0.000004
0.048820 0.613133 0.179837 0.102399 0.000664 0.055142 0.000004
0.049282 0.610105 0.181001 0.102900 0.000679 0.056028 0.000005
0.051295 0.609326 0.180171 0.102468 0.000666 0.056070 0.000003
0.048475 0.608927 0.181726 0.103311 0.000680 0.056875 0.000004
0.046080 0.607422 0.183364 0.104318 0.000704 0.058107 0.000005
0.042810 0.608329 0.184407 0.104987 0.000706 0.058756 0.000005
0.040520 0.606734 0.186223 0.105971 0.000721 0.059826 0.000005
0.041582 0.603908 0.186907 0.106178 0.000727 0.060693 0.000005
0.038704 0.603756 0.188219 0.107107 0.000725 0.061483 0.000006
0.038193 0.602551 0.188948 0.107396 0.000744 0.062162 0.000006
0.033517 0.602212 0.191458 0.108647 0.000759 0.063402 0.000006
0.033081 0.599993 0.192424 0.109299 0.000777 0.064419 0.000006
0.030962 0.598318 0.194094 0.110301 0.000793 0.065527 0.000006
0.030298 0.596227 0.195388 0.110768 0.000794 0.066517 0.000007
0.030553 0.595271 0.195368 0.111028 0.000803 0.066969 0.000008
0.029472 0.592325 0.197177 0.111859 0.000830 0.068330 0.000008
0.026753 0.591027 0.199071 0.112919 0.000837 0.069386 0.000006
0.026365 0.590198 0.199590 0.113078 0.000832 0.069930 0.000008
0.025397 0.587900 0.200839 0.113852 0.000858 0.071148 0.000006
0.025287 0.585890 0.201670 0.114445 0.000850 0.071852 0.000006
0.023537 0.583098 0.203542 0.115656 0.000882 0.073277 0.000007
0.024063 0.582574 0.203306 0.115436 0.000881 0.073733 0.000007
0.022636 0.580508 0.204776 0.116348 0.000884 0.074839 0.000007
0.021923 0.578227 0.206013 0.117039 0.000911 0.075881 0.000007
0.022148 0.577652 0.206101 0.117051 0.000894 0.076146 0.000008
0.020938 0.573048 0.208551 0.118294 0.000922 0.078239 0.000009
0.020668 0.571870 0.208893 0.118793 0.000930 0.078836 0.000009
0.020841 0.570360 0.209495 0.118792 0.000934 0.079569 0.000008
0.020303 0.567633 0.210732 0.119662 0.000952 0.080709 0.000010
0.020041 0.566685 0.211022 0.119942 0.000969 0.081333 0.000009
0.019790 0.563602 0.212436 0.120571 0.000976 0.082616 0.000009
0.019021 0.561463 0.213677 0.121196 0.000977 0.083656 0.000010
0.019188 0.561461 0.213456 0.121137 0.000995 0.083755 0.000009
0.018544 0.558359 0.214731 0.122179 0.000996 0.085184 0.000008
0.018574 0.557439 0.215163 0.122244 0.000995 0.085577 0.000007
0.017956 0.553985 0.216631 0.123070 0.001025 0.087325 0.000008
0.017869 0.551588 0.217682 0.123580 0.001029 0.088242 0.000009
0.017475 0.548301 0.218959 0.124254 0.001075 0.089928 0.000009
0.017250 0.546805 0.219746 0.124566 0.001061 0.090562 0.000011
0.017313 0.544421 0.220628 0.125071 0.001067 0.091491 0.000010
0.016750 0.542172 0.221706 0.125754 0.001089 0.092519 0.000009
0.016728 0.541066 0.222063 0.125875 0.001107 0.093151 0.000010
0.016429 0.539201 0.222636 0.126545 0.001111 0.094068 0.000010
0.016758 0.537109 0.223324 0.126550 0.001108 0.095140 0.000011
0.016517 0.535727 0.223851 0.127049 0.001132 0.095712 0.000011
0.016217 0.532724 0.225043 0.127625 0.001129 0.097252 0.000009
0.016220 0.531633 0.225189 0.127932 0.001137 0.097877 0.000011
0.015879 0.528413 0.226708 0.128407 0.001154 0.099427 0.000012
0.015730 0.526839 0.227230 0.128932 0.001159 0.100100 0.000010
0.015975 0.526183 0.227115 0.128782 0.001150 0.100784 0.000011
0.015322 0.522043 0.228874 0.129944 0.001171 0.102634 0.000011
0.015557 0.520744 0.229099 0.130087 0.001204 0.103297 0.000012
0.015523 0.519443 0.229512 0.130369 0.001202 0.103939 0.000013
0.015292 0.516588 0.230551 0.131030 0.001202 0.105326 0.000012
0.015187 0.515685 0.230891 0.131091 0.001218 0.105919 0.000009
0.014995 0.513801 0.231645 0.131423 0.001212 0.106914 0.000011
0.015101 0.512629 0.231707 0.131520 0.001250 0.107780 0.000012
0.014937 0.509598 0.232811 0.132265 0.001261 0.109116 0.000013
0.014739 0.507739 0.233451 0.132699 0.001267 0.110092 0.000013
0.014741 0.506647 0.233908 0.132728 0.001255 0.110710 0.000011
0.014549 0.503894 0.234844 0.133184 0.001300 0.112213 0.000014
0.014592 0.502219 0.235145 0.133674 0.001285 0.113071 0.000013
0.014445 0.500533 0.235758 0.133806 0.001322 0.114123 0.000014
0.014521 0.499126 0.235988 0.134065 0.001332 0.114956 0.000013
0.014338 0.497346 0.236871 0.134372 0.001331 0.115728 0.000014
0.014180 0.493963 0.238001 0.135177 0.001360 0.117305 0.000014
0.016157 0.492700 0.237211 0.134952 0.001340 0.117627 0.000012
0.018842 0.489371 0.237438 0.134722 0.001347 0.118263 0.000016
0.025974 0.485828 0.235239 0.133702 0.001353 0.117890 0.000014
0.027863 0.482799 0.235601 0.133624 0.001348 0.118749 0.000016
0.024530 0.481150 0.237539 0.134850 0.001397 0.120517 0.000018
0.030147 0.477569 0.236040 0.134174 0.001380 0.120673 0.000017
0.028622 0.476840 0.236889 0.134517 0.001391 0.121727 0.000015
0.029915 0.475344 0.236553 0.134594 0.001401 0.122177 0.000016
0.030521 0.472933 0.237121 0.134579 0.001406 0.123423 0.000017
0.027131 0.473212 0.238339 0.135286 0.001412 0.124604 0.000016
0.031388 0.470756 0.237135 0.134664 0.001427 0.124614 0.000016
0.029529 0.470540 0.237873 0.135141 0.001451 0.125448 0.000017
0.029258 0.469514 0.238126 0.135138 0.001452 0.126496 0.000016
0.027960 0.467418 0.239313 0.135886 0.001464 0.127942 0.000016
0.024677 0.466456 0.240829 0.136489 0.001493 0.130038 0.000018
0.024912 0.467231 0.240518 0.136333 0.001472 0.129516 0.000017
0.024814 0.464965 0.240860 0.136767 0.001489 0.131088 0.000018
0.024609 0.463629 0.241183 0.136868 0.001506 0.132188 0.000017
0.022634 0.463045 0.242308 0.137457 0.001505 0.133033 0.000019
0.022537 0.461191 0.242533 0.137691 0.001526 0.134504 0.000018
0.021599 0.459223 0.243531 0.138287 0.001558 0.135782 0.000019
0.018808 0.459007 0.244664 0.138968 0.001560 0.136976 0.000018
0.019386 0.456556 0.245201 0.139038 0.001587 0.138211 0.000020
0.018059 0.455456 0.245965 0.139637 0.001602 0.139263 0.000020
0.018112 0.453823 0.246288 0.139736 0.001593 0.140426 0.000022
0.017339 0.452134 0.247036 0.140310 0.001621 0.141540 0.000020
0.017036 0.449900 0.247525 0.140691 0.001622 0.143207 0.000019
0.016803 0.450342 0.247583 0.140577 0.001643 0.143034 0.000019
0.015854 0.447298 0.248849 0.141342 0.001675 0.144961 0.000022
0.016161 0.445794 0.249036 0.141508 0.001688 0.145789 0.000024
0.015511 0.444833 0.249511 0.141643 0.001671 0.146810 0.000022
0.014522 0.442322 0.250634 0.142582 0.001709 0.148209 0.000024
0.015026 0.440668 0.250797 0.142353 0.001717 0.149415 0.000024
0.014646 0.439203 0.251135 0.142731 0.001728 0.150532 0.000025
0.014717 0.438771 0.251145 0.142650 0.001730 0.150966 0.000021
0.014440 0.436624 0.251795 0.143079 0.001764 0.152276 0.000022
0.014414 0.434410 0.252447 0.143257 0.001769 0.153682 0.000022
0.014028 0.434346 0.252306 0.143376 0.001771 0.154150 0.000023
0.014096 0.432031 0.252974 0.143712 0.001772 0.155390 0.000024
0.013180 0.428446 0.254292 0.144493 0.001790 0.157776 0.000023
0.013613 0.428988 0.253770 0.144358 0.001785 0.157462 0.000025
0.013775 0.427450 0.253759 0.144280 0.001805 0.158904 0.000027
0.013173 0.424553 0.254968 0.145050 0.001818 0.160413 0.000025
0.013039 0.422626 0.255347 0.145166 0.001849 0.161947 0.000027
0.013050 0.421019 0.255704 0.145178 0.001859 0.163166 0.000025
0.013031 0.420914 0.255686 0.145386 0.001873 0.163085 0.000024
0.012786 0.417913 0.256596 0.145767 0.001879 0.165036 0.000024
0.012833 0.416603 0.256791 0.146084 0.001884 0.165779 0.000027
0.012733 0.414524 0.257274 0.146264 0.001917 0.167263 0.000026
0.012504 0.413156 0.257649 0.146403 0.001902 0.168362 0.000025
0.012652 0.412743 0.257631 0.146408 0.001890 0.168650 0.000027
0.012362 0.410443 0.258106 0.146631 0.001937 0.170493 0.000027
0.012472 0.409325 0.258336 0.146745 0.001946 0.171150 0.000026
0.012640 0.408514 0.258274 0.146880 0.001964 0.171701 0.000028
0.012451 0.406143 0.258942 0.147040 0.001959 0.173434 0.000030
0.012414 0.404922 0.259104 0.147191 0.001968 0.174371 0.000030
0.012367 0.402369 0.259639 0.147489 0.001968 0.176140 0.000028
0.012369 0.401776 0.259639 0.147818 0.001990 0.176377 0.000032
0.012290 0.400145 0.260079 0.147838 0.001982 0.177635 0.000030
0.012385 0.399398 0.260045 0.147856 0.001993 0.178293 0.000029
0.012248 0.397130 0.260597 0.148063 0.002002 0.179929 0.000032
0.012258 0.396779 0.260502 0.147998 0.002016 0.180418 0.000029
0.012236 0.394697 0.260742 0.148418 0.002025 0.181849 0.000031
0.012009 0.391989 0.261343 0.148769 0.002045 0.183812 0.000032
0.012145 0.391627 0.261435 0.148642 0.002063 0.184057 0.000031
0.011937 0.389087 0.261864 0.149168 0.002078 0.185833 0.000033
0.012010 0.387942 0.262097 0.149231 0.002104 0.186585 0.000031
0.012026 0.387078 0.262525 0.149170 0.002108 0.187059 0.000032
0.011943 0.384918 0.262593 0.149465 0.002129 0.188922 0.000031
0.011850 0.383728 0.262989 0.149528 0.002139 0.189736 0.000030
0.011951 0.382114 0.262983 0.149781 0.002148 0.190990 0.000033
0.011996 0.382121 0.262950 0.149562 0.002128 0.191211 0.000031
0.012087 0.380173 0.263181 0.149790 0.002123 0.192616 0.000030
0.011897 0.378277 0.263495 0.150003 0.002158 0.194135 0.000034
0.011895 0.377628 0.263495 0.150038 0.002157 0.194753 0.000034
0.011901 0.374773 0.264124 0.150359 0.002186 0.196621 0.000036
0.011760 0.373954 0.264103 0.150499 0.002193 0.197455 0.000036
0.011769 0.373389 0.263996 0.150524 0.002232 0.198054 0.000036
0.011974 0.372081 0.264248 0.150189 0.002239 0.199234 0.000036
0.011821 0.369653 0.264744 0.150622 0.002260 0.200866 0.000034
0.011754 0.368861 0.264633 0.150864 0.002261 0.201591 0.000035
0.011763 0.367274 0.265078 0.150850 0.002279 0.202724 0.000031
0.011781 0.365607 0.265153 0.150944 0.002306 0.204170 0.000038
0.011666 0.363692 0.265742 0.151208 0.002334 0.205320 0.000039
0.011806 0.363685 0.265328 0.151002 0.002308 0.205830 0.000040
0.011815 0.361464 0.265598 0.151233 0.002336 0.207513 0.000041
0.011732 0.360332 0.265940 0.151414 0.002318 0.208224 0.000040
0.011761 0.358862 0.266280 0.151455 0.002347 0.209259 0.000036
0.011736 0.358187 0.266136 0.151277 0.002372 0.210256 0.000037
0.011744 0.356484 0.266247 0.151575 0.002366 0.211546 0.000039
0.011706 0.355391 0.266611 0.151602 0.002392 0.212256 0.000042
0.011675 0.353717 0.266779 0.151815 0.002399 0.213575 0.000039
0.011782 0.353068 0.266651 0.151809 0.002380 0.214271 0.000039
0.011858 0.351230 0.266996 0.151997 0.002405 0.215472 0.000042
0.011772 0.350514 0.266752 0.151978 0.002412 0.216531 0.000040
0.011742 0.347980 0.267275 0.152237 0.002483 0.218241 0.000042
0.011890 0.347694 0.266955 0.152120 0.002451 0.218846 0.000043
0.011757 0.346768 0.267173 0.152132 0.002436 0.219689 0.000044
0.011722 0.345146 0.267313 0.152230 0.002445 0.221103 0.000041
0.011803 0.342866 0.267721 0.152392 0.002502 0.222673 0.000044
0.011724 0.342108 0.267785 0.152470 0.002505 0.223363 0.000045
0.011698 0.342073 0.267727 0.152309 0.002476 0.223675 0.000042
0.011867 0.340374 0.267745 0.152241 0.002498 0.225230 0.000045
0.011734 0.338368 0.268188 0.152518 0.002537 0.226615 0.000040
0.011766 0.337336 0.268298 0.152478 0.002538 0.227538 0.000046
0.011665 0.336802 0.267972 0.152572 0.002527 0.228412 0.000048
0.011838 0.334820 0.268312 0.152463 0.002566 0.229952 0.000049
0.011895 0.334236 0.267857 0.152610 0.002566 0.230786 0.000049
0.011895 0.333769 0.268028 0.152501 0.002568 0.231192 0.000047
0.011853 0.332694 0.268128 0.152525 0.002557 0.232192 0.000050
0.011764 0.330678 0.268685 0.152711 0.002582 0.233530 0.000050
0.011842 0.329431 0.268465 0.152621 0.002615 0.234976 0.000050
0.011773 0.328794 0.268639 0.152596 0.002585 0.235561 0.000053
0.011817 0.326754 0.268590 0.152911 0.002613 0.237262 0.000053
0.011710 0.326300 0.268744 0.152728 0.002637 0.237830 0.000050
0.011576 0.324591 0.269090 0.152890 0.002661 0.239139 0.000053
0.011779 0.323667 0.268955 0.152773 0.002669 0.240112 0.000046
0.011744 0.322767 0.268892 0.152845 0.002646 0.241052 0.000054
0.011821 0.321756 0.268792 0.153070 0.002647 0.241859 0.000054
0.011736 0.321026 0.268465 0.152933 0.002658 0.243130 0.000053
0.011797 0.317985 0.269126 0.153111 0.002702 0.245221 0.000057
0.011831 0.317158 0.268934 0.153250 0.002708 0.246064 0.000054
0.011805 0.316559 0.269106 0.153020 0.002711 0.246745 0.000054
0.011856 0.316284 0.268704 0.153034 0.002721 0.247345 0.000056
0.011936 0.315310 0.268969 0.153018 0.002743 0.247968 0.000056
0.011897 0.313233 0.268990 0.153068 0.002746 0.250010 0.000056
0.011825 0.311465 0.269094 0.153177 0.002758 0.251627 0.000053
0.011875 0.311171 0.268846 0.152993 0.002755 0.252299 0.000061
0.011829 0.310301 0.268869 0.153041 0.002778 0.253125 0.000058
0.011973 0.310252 0.268672 0.152848 0.002775 0.253422 0.000058
0.011927 0.308342 0.268854 0.152944 0.002783 0.255092 0.000059
0.011943 0.306803 0.268941 0.153010 0.002832 0.256409 0.000063
0.011941 0.305772 0.268986 0.153111 0.002808 0.257322 0.000062
0.012025 0.304350 0.268878 0.153194 0.002826 0.258669 0.000059
0.012087 0.302649 0.268734 0.153027 0.002844 0.260605 0.000055
0.012003 0.301580 0.269042 0.152998 0.002861 0.261455 0.000061
0.012053 0.301977 0.269051 0.152722 0.002843 0.261292 0.000062
0.011950 0.300635 0.268965 0.152959 0.002844 0.262588 0.000060
0.011974 0.299460 0.269212 0.152798 0.002853 0.263643 0.000060
0.012021 0.298033 0.268909 0.152694 0.002888 0.265390 0.000065
0.011936 0.297956 0.268839 0.152814 0.002899 0.265494 0.000063
0.011941 0.295924 0.269040 0.152789 0.002911 0.267328 0.000067
0.012068 0.294817 0.268990 0.152784 0.002860 0.268416 0.000065
0.012163 0.294175 0.269014 0.152733 0.002883 0.268966 0.000066
0.012077 0.293496 0.268991 0.152890 0.002905 0.269578 0.000064
0.012141 0.292198 0.268832 0.152731 0.002915 0.271119 0.000064
0.012112 0.291495 0.268518 0.152531 0.002955 0.272323 0.000066
0.012075 0.290355 0.268778 0.152720 0.002920 0.273083 0.000069
0.012087 0.289441 0.268865 0.152627 0.002913 0.273996 0.000072
0.012030 0.287622 0.268445 0.152748 0.002971 0.276115 0.000070
0.012184 0.287272 0.268378 0.152531 0.002958 0.276607 0.000070
0.012241 0.285867 0.268557 0.152624 0.002983 0.277656 0.000072
0.012342 0.284925 0.268281 0.152681 0.002971 0.278727 0.000074
0.012208 0.283284 0.268350 0.152610 0.003001 0.280474 0.000073
0.012211 0.282583 0.268307 0.152608 0.003001 0.281218 0.000073
0.012213 0.282064 0.268176 0.152479 0.003018 0.281979 0.000072
0.012160 0.281176 0.268267 0.152457 0.003030 0.282840 0.000071
0.012310 0.279889 0.268175 0.152611 0.003029 0.283914 0.000071
0.012410 0.278531 0.268156 0.152481 0.003075 0.285277 0.000069
0.012310 0.277992 0.268116 0.152443 0.003042 0.286021 0.000076
0.012341 0.276443 0.267907 0.152347 0.003074 0.287820 0.000069
0.012233 0.275710 0.267791 0.152279 0.003062 0.288848 0.000077
0.012373 0.275218 0.267613 0.152461 0.003081 0.289182 0.000072
0.012432 0.273351 0.267917 0.152245 0.003100 0.290880 0.000076
0.012335 0.274163 0.267761 0.152070 0.003065 0.290528 0.000078
0.012373 0.272053 0.267230 0.152195 0.003097 0.292975 0.000077
0.012379 0.272041 0.267312 0.152015 0.003097 0.293081 0.000075
0.012437 0.270774 0.267374 0.151739 0.003119 0.294477 0.000079
0.012418 0.269769 0.267387 0.151809 0.003181 0.295363 0.000073
0.012426 0.269126 0.267187 0.151942 0.003146 0.296096 0.000076
0.012457 0.267309 0.267179 0.151764 0.003183 0.298026 0.000082
0.012543 0.267046 0.266752 0.151712 0.003193 0.298670 0.000083
0.012653 0.265010 0.266745 0.151667 0.003239 0.300605 0.000081
0.012674 0.264791 0.266556 0.151608 0.003217 0.301072 0.000082
0.012578 0.264041 0.266296 0.151738 0.003205 0.302057 0.000084
0.012556 0.263486 0.266696 0.151313 0.003205 0.302664 0.000079
0.012562 0.263111 0.266199 0.151445 0.003238 0.303365 0.000080
0.012594 0.261465 0.266166 0.151445 0.003226 0.305016 0.000087
0.012554 0.260859 0.266180 0.151168 0.003254 0.305900 0.000086
0.012585 0.259080 0.266315 0.151449 0.003260 0.307227 0.000084
0.012762 0.259196 0.265917 0.151050 0.003261 0.307733 0.000082
0.012605 0.258810 0.265946 0.151295 0.003234 0.308023 0.000087
0.012576 0.257334 0.265759 0.151160 0.003269 0.309815 0.000086
0.012677 0.255910 0.265569 0.151050 0.003296 0.311418 0.000081
0.012621 0.255468 0.265422 0.150891 0.003304 0.312206 0.000088
0.012618 0.254397 0.265636 0.150931 0.003282 0.313046 0.000090
0.012781 0.253494 0.265355 0.150906 0.003322 0.314054 0.000088
0.012851 0.252637 0.265135 0.150630 0.003336 0.315323 0.000088
0.012772 0.251947 0.265219 0.150412 0.003305 0.316258 0.000088
0.012823 0.251070 0.264730 0.150501 0.003374 0.317414 0.000089
0.012818 0.250024 0.264776 0.150644 0.003341 0.318310 0.000088
0.012850 0.249502 0.264631 0.150503 0.003371 0.319056 0.000087
0.012696 0.248808 0.264748 0.150299 0.003359 0.320003 0.000088
0.012871 0.248053 0.264497 0.150196 0.003380 0.320917 0.000086
0.012862 0.246674 0.264246 0.150254 0.003387 0.322489 0.000089
0.012974 0.246066 0.263971 0.150047 0.003439 0.323418 0.000085
0.012742 0.245888 0.263855 0.150040 0.003450 0.323933 0.000091
0.012879 0.244998 0.263859 0.150054 0.003456 0.324659 0.000095
0.012947 0.243338 0.263336 0.149916 0.003476 0.326897 0.000090
0.012982 0.242474 0.263354 0.149792 0.003483 0.327824 0.000091
0.013028 0.241904 0.263371 0.149564 0.003460 0.328576 0.000097
0.013022 0.240754 0.263062 0.149684 0.003469 0.329913 0.000095
0.013023 0.240142 0.263031 0.149619 0.003523 0.330563 0.000098
0.013046 0.238937 0.262598 0.149526 0.003523 0.332276 0.000094
0.013090 0.238384 0.262708 0.149390 0.003539 0.332794 0.000094
0.013087 0.238438 0.262451 0.149144 0.003494 0.333285 0.000100
0.013114 0.237274 0.262283 0.149148 0.003506 0.334578 0.000097
0.013145 0.236595 0.262256 0.149077 0.003514 0.335317 0.000097
0.013210 0.235720 0.261873 0.149144 0.003531 0.336424 0.000097
0.013339 0.234913 0.261880 0.149054 0.003548 0.337164 0.000102
0.013362 0.234292 0.261698 0.148925 0.003570 0.338053 0.000100
0.013315 0.233426 0.261641 0.148740 0.003574 0.339203 0.000101
0.013296 0.232008 0.261415 0.148606 0.003595 0.340980 0.000100
0.013384 0.231728 0.261283 0.148659 0.003601 0.341241 0.000104
0.013344 0.230887 0.260877 0.148653 0.003617 0.342519 0.000104
0.013471 0.230543 0.260787 0.148379 0.003597 0.343125 0.000097
0.013410 0.229500 0.260698 0.148318 0.003592 0.344381 0.000101
0.013474 0.228726 0.260645 0.148433 0.003604 0.345017 0.000101
0.013483 0.227266 0.260186 0.148301 0.003637 0.347022 0.000105
0.013510 0.226645 0.260087 0.148097 0.003616 0.347943 0.000101
0.013495 0.226613 0.260196 0.148030 0.003649 0.347914 0.000102
0.013467 0.225795 0.260228 0.147780 0.003615 0.349003 0.000112
0.013569 0.224848 0.259765 0.147730 0.003646 0.350337 0.000105
0.013561 0.224465 0.259636 0.148005 0.003681 0.350544 0.000109
0.013687 0.223456 0.259276 0.147544 0.003639 0.352286 0.000113
0.013755 0.222737 0.258989 0.147524 0.003678 0.353210 0.000106
0.013605 0.222591 0.258874 0.147564 0.003686 0.353574 0.000106
0.013803 0.221684 0.258845 0.147399 0.003693 0.354464 0.000112
0.013813 0.221363 0.258349 0.147274 0.003713 0.355384 0.000104
0.013668 0.220686 0.258172 0.147112 0.003743 0.356514 0.000106
0.013793 0.219970 0.258379 0.146779 0.003730 0.357238 0.000111
0.013842 0.218113 0.257540 0.146742 0.003748 0.359909 0.000106
0.013837 0.218107 0.257763 0.146520 0.003735 0.359927 0.000111
0.014016 0.217860 0.257637 0.146503 0.003726 0.360152 0.000105
0.013976 0.216060 0.257094 0.146550 0.003747 0.362458 0.000114
0.014047 0.216282 0.256888 0.146346 0.003757 0.362576 0.000104
0.013983 0.215554 0.256632 0.146246 0.003727 0.363748 0.000111
0.014051 0.214562 0.256324 0.146268 0.003758 0.364926 0.000110
0.014179 0.214201 0.256650 0.146050 0.003803 0.364998 0.000119
0.014031 0.213197 0.256010 0.145982 0.003804 0.366863 0.000114
0.014225 0.212222 0.255985 0.145977 0.003794 0.367688 0.000108
0.014179 0.212284 0.255741 0.145661 0.003792 0.368228 0.000114
0.014086 0.211319 0.255448 0.145584 0.003806 0.369643 0.000114
0.014174 0.210730 0.255256 0.145465 0.003819 0.370446 0.000111
0.014246 0.209452 0.254982 0.145310 0.003822 0.372069 0.000118
0.014127 0.209015 0.255359 0.144963 0.003861 0.372561 0.000114
0.014304 0.208715 0.255114 0.144761 0.003842 0.373145 0.000119
0.014187 0.207743 0.254580 0.144862 0.003854 0.374656 0.000118
0.014321 0.207309 0.254268 0.144777 0.003867 0.375344 0.000113
0.014296 0.206795 0.254192 0.144527 0.003885 0.376188 0.000117
0.014326 0.206254 0.254029 0.144513 0.003893 0.376859 0.000126
0.014299 0.205421 0.253835 0.144250 0.003852 0.378227 0.000117
0.014382 0.204567 0.253396 0.144312 0.003866 0.379360 0.000116
0.014462 0.204110 0.253318 0.144027 0.003898 0.380064 0.000119
0.014530 0.203618 0.253176 0.144003 0.003910 0.380642 0.000121
0.014531 0.203544 0.252732 0.143867 0.003902 0.381304 0.000120
0.014651 0.202454 0.252818 0.143594 0.003942 0.382416 0.000126
0.014658 0.201445 0.252428 0.143798 0.003920 0.383634 0.000116
0.014665 0.201211 0.252188 0.143563 0.003925 0.384329 0.000119
0.014700 0.200962 0.252206 0.143347 0.003938 0.384729 0.000118
0.014577 0.199568 0.252009 0.143192 0.003939 0.386587 0.000129
0.014693 0.198802 0.251567 0.143036 0.003966 0.387816 0.000120
0.014822 0.198477 0.251262 0.143100 0.003981 0.388234 0.000124
0.014768 0.197921 0.251201 0.142911 0.003973 0.389094 0.000131
0.014755 0.197918 0.250941 0.142981 0.003993 0.389276 0.000136
0.014845 0.196934 0.250687 0.142587 0.004021 0.390796 0.000131
0.014929 0.196346 0.250475 0.142542 0.004010 0.391570 0.000127
0.014894 0.195878 0.250363 0.142482 0.004002 0.392256 0.000125
0.014919 0.194663 0.250000 0.142235 0.004027 0.394029 0.000127
0.015086 0.194233 0.249637 0.141991 0.004037 0.394889 0.000127
0.015105 0.194181 0.249551 0.142064 0.004026 0.394938 0.000134
0.015041 0.192856 0.249003 0.141916 0.004050 0.396998 0.000134
0.015161 0.192260 0.248904 0.141809 0.004051 0.397685 0.000131
0.015102 0.191521 0.248829 0.141723 0.004059 0.398635 0.000131
0.015113 0.191724 0.248619 0.141544 0.004027 0.398842 0.000131
0.015187 0.191410 0.248280 0.141421 0.004058 0.399509 0.000135
0.015160 0.190551 0.248308 0.140993 0.004124 0.400733 0.000130
0.015275 0.189603 0.248243 0.140917 0.004068 0.401752 0.000141
0.015237 0.188742 0.247616 0.140693 0.004114 0.403466 0.000132
0.015408 0.188275 0.247466 0.140683 0.004090 0.403945 0.000134
0.015195 0.188182 0.247177 0.140826 0.004078 0.404405 0.000137
0.015431 0.187530 0.246942 0.140566 0.004109 0.405280 0.000143
0.015412 0.186741 0.246628 0.140453 0.004108 0.406521 0.000138
0.015465 0.186624 0.246586 0.140150 0.004080 0.406955 0.000139
0.015406 0.186033 0.246308 0.139993 0.004151 0.407964 0.000144
0.015504 0.185539 0.245977 0.140092 0.004112 0.408639 0.000137
0.015660 0.184327 0.245991 0.139837 0.004099 0.409943 0.000144
0.015702 0.183720 0.245381 0.139579 0.004152 0.411333 0.000133
0.015618 0.184021 0.245558 0.139590 0.004139 0.410940 0.000135
0.015613 0.183120 0.245034 0.139426 0.004185 0.412484 0.000139
0.015709 0.182214 0.245092 0.139066 0.004160 0.413614 0.000145
0.015710 0.182498 0.244500 0.139111 0.004167 0.413864 0.000149
0.015624 0.181904 0.244936 0.139041 0.004159 0.414199 0.000136
0.015721 0.181051 0.244481 0.138825 0.004216 0.415556 0.000151
0.015872 0.180551 0.243871 0.138677 0.004196 0.416693 0.000141
0.015767 0.180192 0.243706 0.138524 0.004187 0.417477 0.000147
0.015756 0.179239 0.243284 0.138545 0.004211 0.418821 0.000145
0.015911 0.178570 0.243253 0.138149 0.004245 0.419722 0.000150
0.015971 0.178830 0.242985 0.138138 0.004218 0.419717 0.000141
0.015986 0.178012 0.242993 0.138005 0.004223 0.420636 0.000145
0.015990 0.177816 0.242525 0.137955 0.004261 0.421308 0.000143
0.016047 0.176227 0.241918 0.137507 0.004278 0.423882 0.000141
0.016086 0.175855 0.241853 0.137558 0.004273 0.424233 0.000142
0.015986 0.175702 0.241826 0.137196 0.004255 0.424888 0.000148
0.016148 0.174855 0.241079 0.137167 0.004310 0.426291 0.000150
0.016256 0.174526 0.241412 0.136772 0.004305 0.426576 0.000152
0.016210 0.173860 0.241057 0.137049 0.004326 0.427354 0.000144
0.016227 0.174345 0.240750 0.136901 0.004334 0.427294 0.000149
0.016291 0.173539 0.240464 0.136570 0.004316 0.428663 0.000157
0.016260 0.173057 0.240312 0.136577 0.004372 0.429275 0.000147
0.016255 0.172853 0.240084 0.136303 0.004332 0.430026 0.000147
0.016476 0.171512 0.239502 0.136064 0.004292 0.432001 0.000153
0.016374 0.171510 0.239568 0.136117 0.004328 0.431952 0.000152
0.016494 0.170924 0.239011 0.135935 0.004342 0.433136 0.000158
0.016452 0.170248 0.238785 0.135786 0.004339 0.434239 0.000151
0.016496 0.169784 0.238658 0.135382 0.004368 0.435162 0.000151
0.016495 0.169470 0.238558 0.135291 0.004350 0.435681 0.000156
0.016509 0.168843 0.237881 0.135293 0.004426 0.436900 0.000148
0.016537 0.168173 0.237802 0.134872 0.004409 0.438051 0.000156
0.016828 0.167896 0.237724 0.134819 0.004418 0.438152 0.000164
0.016746 0.167439 0.237212 0.134916 0.004470 0.439061 0.000155
0.016822 0.167058 0.237105 0.134505 0.004398 0.439940 0.000171
0.016835 0.166361 0.236815 0.134529 0.004415 0.440893 0.000152
0.017038 0.166155 0.236652 0.134659 0.004431 0.440901 0.000163
0.016980 0.165752 0.236009 0.134378 0.004450 0.442271 0.000159
0.017085 0.165052 0.235879 0.134171 0.004454 0.443203 0.000157
0.017083 0.164504 0.235631 0.133978 0.004472 0.444182 0.000150
0.017105 0.164119 0.235583 0.133487 0.004460 0.445077 0.000169
0.017033 0.164388 0.235230 0.133903 0.004442 0.444843 0.000160
0.016960 0.163383 0.234894 0.133574 0.004457 0.446577 0.000155
0.017104 0.162442 0.234479 0.133248 0.004519 0.448049 0.000160
0.017155 0.162474 0.234185 0.133100 0.004458 0.448468 0.000160
0.017101 0.162176 0.234030 0.133374 0.004426 0.448734 0.000158
0.017323 0.161397 0.233649 0.132918 0.004435 0.450114 0.000163
0.017383 0.161182 0.233774 0.132706 0.004462 0.450329 0.000164
0.017207 0.160830 0.233232 0.132432 0.004490 0.451642 0.000166
0.017273 0.159652 0.233084 0.132194 0.004502 0.453129 0.000166
0.017444 0.159610 0.232907 0.132206 0.004502 0.453159 0.000171
0.017610 0.159221 0.232159 0.132055 0.004512 0.454273 0.000169
0.017501 0.159364 0.231972 0.131733 0.004503 0.454759 0.000169
0.017575 0.158592 0.231848 0.131966 0.004524 0.455312 0.000182
0.017520 0.158227 0.231724 0.131707 0.004538 0.456107 0.000175
0.017682 0.157369 0.231274 0.131570 0.004567 0.457370 0.000168
0.017617 0.157607 0.231393 0.131496 0.004489 0.457228 0.000171
0.017490 0.157141 0.230950 0.131346 0.004530 0.458367 0.000176
0.017734 0.156474 0.230709 0.131094 0.004504 0.459311 0.000174
0.017655 0.156155 0.230586 0.131010 0.004531 0.459889 0.000174
0.017916 0.155551 0.229825 0.130741 0.004524 0.461268 0.000173
0.017724 0.155289 0.230057 0.130345 0.004559 0.461854 0.000172
0.017762 0.154757 0.229636 0.130329 0.004562 0.462784 0.000170
0.018093 0.154315 0.229127 0.130275 0.004557 0.463455 0.000178
0.018032 0.153735 0.228840 0.130264 0.004610 0.464335 0.000183
0.018053 0.154251 0.229139 0.129853 0.004576 0.463948 0.000180
0.017974 0.153070 0.228432 0.129726 0.004646 0.465974 0.000179
0.017946 0.152748 0.228464 0.129762 0.004600 0.466299 0.000181
0.017969 0.152263 0.228131 0.129536 0.004604 0.467308 0.000188
0.018088 0.151936 0.227661 0.129409 0.004615 0.468104 0.000188
0.018245 0.151409 0.227337 0.129062 0.004632 0.469135 0.000180
0.018205 0.151058 0.227145 0.129147 0.004605 0.469653 0.000188
0.018225 0.150921 0.226868 0.129117 0.004620 0.470067 0.000183
0.018181 0.150374 0.226331 0.128687 0.004645 0.471593 0.000187
0.018265 0.150131 0.226535 0.128851 0.004652 0.471376 0.000190
0.018368 0.149626 0.226256 0.128491 0.004646 0.472425 0.000189
0.018245 0.149273 0.225732 0.128366 0.004627 0.473571 0.000186
0.018424 0.148869 0.225782 0.128173 0.004641 0.473914 0.000198
0.018518 0.148629 0.225368 0.127822 0.004694 0.474777 0.000192
0.018751 0.147769 0.225024 0.127644 0.004688 0.475943 0.000182
0.018583 0.147883 0.224721 0.127750 0.004626 0.476230 0.000207
0.018549 0.147528 0.224427 0.127232 0.004638 0.477431 0.000195
0.018664 0.147217 0.224077 0.127182 0.004651 0.478024 0.000186
0.018645 0.146646 0.223676 0.127124 0.004687 0.479024 0.000197
0.018825 0.146224 0.223831 0.127054 0.004654 0.479210 0.000201
0.018746 0.145980 0.223454 0.126662 0.004686 0.480280 0.000192
0.018812 0.145377 0.223182 0.126362 0.004678 0.481392 0.000198
0.018974 0.144947 0.222668 0.126607 0.004694 0.481911 0.000199
0.018769 0.144325 0.222207 0.126220 0.004666 0.483622 0.000190
0.018850 0.144334 0.222306 0.125991 0.004725 0.483599 0.000196
0.019068 0.143896 0.222125 0.126121 0.004692 0.483904 0.000193
0.019060 0.143795 0.221892 0.125819 0.004726 0.484515 0.000192
0.019135 0.142908 0.221256 0.125504 0.004727 0.486277 0.000193
0.019211 0.142515 0.221074 0.125393 0.004731 0.486881 0.000193
0.019167 0.142893 0.220809 0.125379 0.004716 0.486842 0.000194
0.019085 0.142013 0.220402 0.125379 0.004726 0.488198 0.000198
0.019153 0.141799 0.220134 0.124967 0.004727 0.489020 0.000200
0.019174 0.141834 0.219788 0.124764 0.004722 0.489527 0.000192
0.019442 0.140942 0.219478 0.124811 0.004707 0.490422 0.000197
0.019353 0.140568 0.219515 0.124431 0.004749 0.491185 0.000199
0.019425 0.140385 0.219354 0.124150 0.004746 0.491732 0.000208
0.019240 0.140044 0.219185 0.124181 0.004744 0.492401 0.000205
0.019347 0.139631 0.218703 0.124134 0.004737 0.493247 0.000201
0.019573 0.139088 0.218032 0.123948 0.004769 0.494380 0.000211
0.019437 0.139388 0.217692 0.123850 0.004755 0.494676 0.000203
0.019554 0.138489 0.217456 0.123514 0.004755 0.496029 0.000203
0.019607 0.138784 0.218000 0.123277 0.004750 0.495376 0.000206
0.019703 0.138101 0.217374 0.123336 0.004796 0.496494 0.000196
0.019574 0.137698 0.216856 0.123355 0.004769 0.497541 0.000208
0.019896 0.137516 0.216514 0.122994 0.004743 0.498127 0.000209
0.019679 0.136872 0.216115 0.122841 0.004778 0.499502 0.000211
0.020009 0.136245 0.215751 0.122637 0.004751 0.500411 0.000195
0.019986 0.136531 0.216041 0.122543 0.004778 0.499909 0.000212
0.019912 0.136060 0.215765 0.122361 0.004784 0.500911 0.000207
0.020035 0.135731 0.215302 0.122178 0.004786 0.501757 0.000211
0.019971 0.135328 0.215044 0.122025 0.004799 0.502624 0.000208
0.019988 0.134974 0.214824 0.121873 0.004810 0.503316 0.000215
0.020106 0.134864 0.214445 0.121645 0.004804 0.503921 0.000215
0.020046 0.134134 0.214299 0.121507 0.004787 0.505017 0.000209
0.020358 0.134112 0.213749 0.121472 0.004787 0.505315 0.000206
0.020133 0.133980 0.213595 0.121165 0.004783 0.506130 0.000213
0.020363 0.133379 0.213342 0.121097 0.004821 0.506784 0.000216
0.020500 0.133046 0.213135 0.120802 0.004816 0.507480 0.000221
0.020551 0.132758 0.212565 0.120638 0.004854 0.508429 0.000204
