0.955536 0.043552 0.000610 0.000288 0.000000 0.000014 0.000000
0.917270 0.080829 0.001236 0.000623 0.000001 0.000041 0.000000
0.905222 0.092548 0.001427 0.000754 0.000000 0.000049 0.000000
0.895085 0.102408 0.001614 0.000842 0.000000 0.000051 0.000000
0.883408 0.113721 0.001831 0.000987 0.000000 0.000052 0.000000
0.871306 0.125426 0.002060 0.001153 0.000001 0.000054 0.000000
0.860850 0.135514 0.002288 0.001287 0.000001 0.000059 0.000000
0.846247 0.149621 0.002574 0.001497 0.000001 0.000061 0.000000
0.833145 0.162281 0.002872 0.001636 0.000002 0.000065 0.000000
0.819750 0.175231 0.003146 0.001791 0.000004 0.000078 0.000000
0.804753 0.189669 0.003521 0.001962 0.000004 0.000091 0.000000
0.789655 0.204168 0.003886 0.002187 0.000003 0.000101 0.000000
0.775305 0.217895 0.004284 0.002397 0.000003 0.000116 0.000000
0.759739 0.232777 0.004703 0.002640 0.000003 0.000138 0.000000
0.744307 0.247514 0.005128 0.002895 0.000003 0.000154 0.000000
0.730698 0.260488 0.005545 0.003097 0.000003 0.000169 0.000000
0.715697 0.274769 0.005977 0.003361 0.000003 0.000194 0.000000
0.699098 0.290558 0.006481 0.003645 0.000003 0.000214 0.000000
0.685670 0.303287 0.006885 0.003913 0.000003 0.000242 0.000000
0.670564 0.317528 0.007436 0.004204 0.000004 0.000264 0.000000
0.655255 0.331917 0.007990 0.004549 0.000004 0.000286 0.000000
0.641824 0.344535 0.008516 0.004820 0.000005 0.000301 0.000000
0.625633 0.359647 0.009186 0.005189 0.000006 0.000339 0.000000
0.611731 0.372591 0.009761 0.005546 0.000007 0.000365 0.000000
0.597856 0.385482 0.010353 0.005888 0.000007 0.000413 0.000000
0.582975 0.399244 0.011026 0.006307 0.000007 0.000442 0.000000
0.571081 0.410188 0.011623 0.006630 0.000007 0.000471 0.000000
0.557342 0.422737 0.012339 0.007054 0.000007 0.000520 0.000000
0.544391 0.434601 0.012997 0.007445 0.000008 0.000557 0.000000
0.530043 0.447668 0.013814 0.007865 0.000008 0.000601 0.000001
0.517971 0.458583 0.014488 0.008305 0.000009 0.000644 0.000001
0.506504 0.468738 0.015318 0.008745 0.000009 0.000685 0.000001
0.496017 0.478018 0.016048 0.009166 0.000009 0.000741 0.000001
0.485361 0.487474 0.016770 0.009593 0.000009 0.000792 0.000001
0.471994 0.499300 0.017707 0.010123 0.000009 0.000866 0.000001
0.462262 0.507596 0.018565 0.010641 0.000009 0.000926 0.000001
0.453099 0.515555 0.019292 0.011063 0.000009 0.000980 0.000001
0.443209 0.524038 0.020145 0.011544 0.000010 0.001053 0.000001
0.433899 0.531985 0.021000 0.011980 0.000010 0.001125 0.000000
0.423646 0.540653 0.021930 0.012550 0.000013 0.001207 0.000001
0.413646 0.549039 0.022915 0.013111 0.000015 0.001273 0.000001
0.404520 0.556574 0.023873 0.013649 0.000014 0.001369 0.000000
0.396536 0.563013 0.024784 0.014189 0.000018 0.001459 0.000000
0.389587 0.568576 0.025660 0.014619 0.000019 0.001538 0.000001
0.383245 0.573605 0.026427 0.015078 0.000018 0.001627 0.000000
0.371195 0.583566 0.027694 0.015793 0.000019 0.001734 0.000001
0.367269 0.586350 0.028367 0.016192 0.000019 0.001803 0.000000
0.359898 0.591779 0.029518 0.016835 0.000021 0.001949 0.000000
0.350540 0.599238 0.030671 0.017472 0.000023 0.002057 0.000000
0.344981 0.603232 0.031602 0.018005 0.000025 0.002155 0.000001
0.338213 0.608482 0.032463 0.018554 0.000025 0.002263 0.000001
0.331098 0.613648 0.033667 0.019165 0.000027 0.002395 0.000000
0.325769 0.617602 0.034451 0.019668 0.000026 0.002484 0.000000
0.315411 0.625348 0.036012 0.020542 0.000028 0.002658 0.000000
0.311089 0.628279 0.036842 0.021000 0.000028 0.002762 0.000000
0.305716 0.631662 0.038036 0.021660 0.000031 0.002894 0.000000
0.296649 0.638604 0.039332 0.022340 0.000034 0.003042 0.000000
0.289992 0.643262 0.040444 0.023064 0.000037 0.003201 0.000000
0.282138 0.648766 0.041853 0.023836 0.000038 0.003369 0.000000
0.280871 0.648762 0.042606 0.024243 0.000038 0.003478 0.000000
0.268257 0.658039 0.044594 0.025359 0.000045 0.003704 0.000000
0.261082 0.662647 0.046098 0.026181 0.000045 0.003946 0.000000
0.254128 0.667422 0.047398 0.026879 0.000046 0.004126 0.000001
0.255690 0.664712 0.048069 0.027237 0.000048 0.004244 0.000001
0.244202 0.673003 0.049988 0.028257 0.000049 0.004501 0.000001
0.241458 0.673493 0.051342 0.028967 0.000050 0.004689 0.000000
0.237150 0.675905 0.052441 0.029575 0.000053 0.004876 0.000000
0.230162 0.680471 0.053782 0.030457 0.000055 0.005073 0.000000
0.222564 0.685033 0.055573 0.031411 0.000058 0.005361 0.000000
0.220489 0.684595 0.057021 0.032189 0.000060 0.005645 0.000001
0.211401 0.690543 0.058869 0.033213 0.000063 0.005911 0.000001
0.211643 0.689068 0.059552 0.033554 0.000068 0.006115 0.000000
0.204521 0.692465 0.061597 0.034882 0.000070 0.006465 0.000000
0.197609 0.697087 0.062880 0.035630 0.000075 0.006719 0.000000
0.195121 0.697027 0.064353 0.036411 0.000076 0.007012 0.000001
0.194408 0.696320 0.065095 0.036932 0.000078 0.007167 0.000000
0.188255 0.699172 0.066960 0.037973 0.000085 0.007555 0.000000
0.185333 0.699898 0.068244 0.038597 0.000086 0.007841 0.000000
0.183305 0.699476 0.069542 0.039422 0.000090 0.008164 0.000001
0.182125 0.698034 0.071060 0.040210 0.000095 0.008475 0.000000
0.173986 0.703467 0.072665 0.041065 0.000100 0.008716 0.000001
0.177594 0.697794 0.073745 0.041706 0.000101 0.009061 0.000000
0.173991 0.698496 0.075336 0.042615 0.000106 0.009457 0.000000
0.168968 0.700938 0.076802 0.043459 0.000114 0.009718 0.000000
0.166695 0.700370 0.078323 0.044369 0.000120 0.010122 0.000000
0.166557 0.698584 0.079405 0.044937 0.000124 0.010392 0.000000
0.163508 0.698806 0.081018 0.045762 0.000123 0.010782 0.000001
0.162922 0.697065 0.082229 0.046518 0.000126 0.011138 0.000001
0.164799 0.694472 0.082490 0.046765 0.000130 0.011343 0.000001
0.161498 0.694620 0.084267 0.047701 0.000137 0.011774 0.000002
0.161456 0.692727 0.085184 0.048418 0.000143 0.012070 0.000002
0.158703 0.692437 0.086824 0.049309 0.000148 0.012578 0.000001
0.156455 0.691971 0.088252 0.050181 0.000152 0.012988 0.000001
0.151085 0.694322 0.089910 0.051147 0.000153 0.013382 0.000001
0.149649 0.692979 0.091388 0.051882 0.000164 0.013936 0.000001
0.151156 0.690043 0.092065 0.052409 0.000161 0.014165 0.000002
0.145666 0.692852 0.093469 0.053272 0.000170 0.014569 0.000002
0.143430 0.691620 0.095413 0.054293 0.000174 0.015070 0.000001
0.140907 0.691845 0.096633 0.054936 0.000182 0.015496 0.000001
0.139111 0.691134 0.097891 0.055734 0.000189 0.015938 0.000002
0.135983 0.691426 0.099422 0.056630 0.000190 0.016348 0.000002
0.133445 0.691427 0.100706 0.057379 0.000200 0.016840 0.000002
0.131649 0.690456 0.102055 0.058296 0.000212 0.017331 0.000002
0.136669 0.685989 0.101659 0.058098 0.000211 0.017373 0.000001
0.127985 0.689566 0.104503 0.059596 0.000220 0.018127 0.000002
0.129836 0.685678 0.105551 0.060174 0.000223 0.018536 0.000001
0.128122 0.685393 0.106599 0.060691 0.000229 0.018964 0.000002
0.130029 0.681466 0.107592 0.061336 0.000238 0.019337 0.000002
0.125305 0.683078 0.109231 0.062327 0.000241 0.019816 0.000001
0.123299 0.681715 0.110967 0.063285 0.000245 0.020487 0.000001
0.127458 0.676952 0.111191 0.063395 0.000249 0.020753 0.000002
0.128206 0.674497 0.111931 0.063941 0.000250 0.021173 0.000002
0.123954 0.674422 0.114261 0.065145 0.000262 0.021955 0.000001
0.126129 0.671418 0.114636 0.065310 0.000264 0.022241 0.000001
0.120361 0.673312 0.116678 0.066557 0.000264 0.022826 0.000002
0.119986 0.671542 0.117739 0.067137 0.000273 0.023322 0.000001
0.117717 0.671180 0.119129 0.067849 0.000287 0.023835 0.000001
0.116146 0.670824 0.120003 0.068452 0.000291 0.024282 0.000001
0.112700 0.671642 0.121289 0.069263 0.000302 0.024802 0.000001
0.110886 0.670613 0.122775 0.070033 0.000298 0.025393 0.000002
0.108237 0.669529 0.124739 0.071079 0.000311 0.026103 0.000002
0.103621 0.670484 0.126660 0.072073 0.000311 0.026849 0.000001
0.102558 0.669501 0.127535 0.072722 0.000324 0.027358 0.000002
0.100121 0.669696 0.128631 0.073378 0.000326 0.027847 0.000001
0.100523 0.667724 0.129466 0.073731 0.000340 0.028214 0.000002
0.093478 0.669600 0.132149 0.075272 0.000349 0.029151 0.000001
0.092041 0.668217 0.133624 0.075989 0.000356 0.029772 0.000001
0.090048 0.668193 0.134557 0.076489 0.000361 0.030352 0.000002
0.084654 0.668754 0.137023 0.078026 0.000370 0.031172 0.000001
0.082545 0.668006 0.138295 0.078827 0.000383 0.031942 0.000002
0.081508 0.667027 0.139179 0.079424 0.000391 0.032469 0.000002
0.078271 0.665691 0.141517 0.080792 0.000407 0.033320 0.000001
0.075235 0.666413 0.142678 0.081338 0.000408 0.033925 0.000002
0.074728 0.664841 0.143644 0.081888 0.000417 0.034480 0.000001
0.071324 0.663696 0.145988 0.083032 0.000427 0.035531 0.000002
0.069183 0.663271 0.147113 0.083861 0.000437 0.036133 0.000002
0.068030 0.660941 0.148900 0.084834 0.000451 0.036843 0.000001
0.063956 0.661623 0.150624 0.085757 0.000450 0.037587 0.000002
0.063808 0.659469 0.151735 0.086242 0.000459 0.038286 0.000002
0.062528 0.658313 0.152734 0.087026 0.000465 0.038932 0.000001
0.059147 0.656812 0.155125 0.088311 0.000481 0.040123 0.000001
0.059789 0.655100 0.155613 0.088554 0.000488 0.040453 0.000002
0.057533 0.653164 0.157701 0.089656 0.000496 0.041449 0.000001
0.057629 0.650554 0.158850 0.090325 0.000509 0.042131 0.000001
0.061516 0.646720 0.158617 0.090214 0.000507 0.042423 0.000003
0.061951 0.642383 0.160471 0.091153 0.000529 0.043509 0.000003
0.061115 0.640998 0.161573 0.091779 0.000536 0.043997 0.000003
0.062046 0.638047 0.162175 0.092379 0.000552 0.044799 0.000002
0.057707 0.638427 0.164223 0.093484 0.000560 0.045596 0.000003
0.058327 0.635012 0.165491 0.094088 0.000568 0.046512 0.000003
0.061030 0.631617 0.165695 0.094203 0.000565 0.046887 0.000002
0.057269 0.630515 0.168050 0.095458 0.000575 0.048131 0.000003
0.062161 0.625277 0.167963 0.095408 0.000600 0.048587 0.000003
0.059116 0.627132 0.168420 0.095825 0.000589 0.048915 0.000003
0.057102 0.624808 0.170502 0.097022 0.000604 0.049958 0.000004
0.056090 0.622647 0.171828 0.097798 0.000628 0.051006 0.000003
0.053527 0.621267 0.173920 0.098746 0.000632 0.051903 0.000004
0.054708 0.619770 0.173883 0.098696 0.000638 0.052301 0.000003
0.053841 0.618787 0.174545 0.099195 0.000628 0.053000 0.000005
0.050729 0.618678 0.175897 0.100211 0.000659 0.053821 0.000005
0.050552 0.616097 0.177094 0.100861 0.000664 0.054729 0.000004
0.049197 0.615627 0.178114 0.101209 0.000676 0.055173 0.000004
0.047571 0.612821 0.179843 0.102366 0.000679 0.056715 0.000005
0.045925 0.612297 0.180790 0.102835 0.000679 0.057469 0.000005
0.043185 0.611157 0.182763 0.103766 0.000680 0.058444 0.000006
0.042180 0.610172 0.183285 0.104459 0.000709 0.059189 0.000006
0.038051 0.609034 0.185963 0.105671 0.000726 0.060549 0.000006
0.038994 0.607847 0.185775 0.105737 0.000711 0.060929 0.000007
0.036582 0.606649 0.187502 0.106633 0.000715 0.061911 0.000007
0.036752 0.605020 0.187989 0.106941 0.000732 0.062561 0.000005
0.034609 0.603148 0.189794 0.108010 0.000756 0.063676 0.000007
0.032314 0.601400 0.191582 0.108900 0.000770 0.065027 0.000008
0.031956 0.600304 0.192144 0.109341 0.000778 0.065470 0.000008
0.029339 0.597535 0.194637 0.110718 0.000799 0.066963 0.000009
0.028302 0.595910 0.195741 0.111255 0.000812 0.067973 0.000008
0.027784 0.595242 0.196220 0.111530 0.000812 0.068405 0.000007
0.027118 0.592665 0.197439 0.112346 0.000830 0.069594 0.000008
0.027293 0.590976 0.197938 0.112708 0.000835 0.070242 0.000008
0.025856 0.589293 0.199478 0.113299 0.000828 0.071237 0.000008
0.024741 0.585902 0.201523 0.114324 0.000879 0.072623 0.000007
0.024704 0.583500 0.202350 0.114982 0.000883 0.073569 0.000010
0.024730 0.583474 0.202355 0.114838 0.000897 0.073696 0.000010
0.023292 0.579815 0.204550 0.116162 0.000888 0.075284 0.000009
0.023264 0.578570 0.204777 0.116493 0.000894 0.075992 0.000010
0.022650 0.577111 0.205764 0.116914 0.000912 0.076641 0.000009
0.027057 0.571750 0.206000 0.116901 0.000904 0.077379 0.000008
0.027718 0.567952 0.207110 0.117586 0.000929 0.078696 0.000011
0.026911 0.567011 0.207746 0.118080 0.000941 0.079299 0.000011
0.025285 0.564773 0.209465 0.118968 0.000945 0.080553 0.000010
0.026825 0.563356 0.209142 0.118759 0.000947 0.080959 0.000012
0.025891 0.559407 0.211078 0.119941 0.000971 0.082702 0.000011
0.027693 0.558727 0.210394 0.119559 0.000964 0.082650 0.000012
0.024832 0.557130 0.212126 0.120755 0.000983 0.084162 0.000013
0.026951 0.555102 0.211918 0.120654 0.000993 0.084371 0.000011
0.025243 0.552117 0.213765 0.121795 0.000997 0.086072 0.000011
0.025000 0.549460 0.215006 0.122226 0.001017 0.087280 0.000012
0.026287 0.549447 0.214144 0.121853 0.001025 0.087236 0.000009
0.024927 0.547123 0.215677 0.122602 0.001044 0.088616 0.000011
0.026574 0.545141 0.215519 0.122693 0.001040 0.089022 0.000012
0.025152 0.544554 0.216519 0.122938 0.001048 0.089779 0.000011
0.022683 0.541588 0.218803 0.124337 0.001072 0.091505 0.000013
0.022975 0.539004 0.219307 0.124776 0.001068 0.092859 0.000011
0.022292 0.536650 0.220597 0.125234 0.001097 0.094117 0.000013
0.022413 0.537652 0.220022 0.125101 0.001092 0.093708 0.000013
0.020677 0.535049 0.221762 0.126086 0.001102 0.095311 0.000012
0.021421 0.533562 0.221835 0.126161 0.001136 0.095872 0.000013
0.021279 0.531508 0.222370 0.126646 0.001143 0.097043 0.000012
0.020289 0.530048 0.223441 0.127199 0.001129 0.097879 0.000015
0.019481 0.528055 0.224341 0.127814 0.001161 0.099133 0.000015
0.019125 0.524939 0.225710 0.128259 0.001174 0.100778 0.000016
0.018683 0.524036 0.225981 0.128584 0.001180 0.101522 0.000013
0.019581 0.522320 0.226165 0.128639 0.001210 0.102071 0.000014
0.018572 0.521313 0.226933 0.129159 0.001203 0.102805 0.000015
0.017652 0.517253 0.228691 0.130394 0.001227 0.104770 0.000013
0.018350 0.515353 0.228770 0.130456 0.001233 0.105824 0.000015
0.017300 0.514838 0.229594 0.130864 0.001246 0.106142 0.000017
0.017535 0.513076 0.230075 0.131033 0.001257 0.107009 0.000015
0.017400 0.512826 0.230102 0.130913 0.001259 0.107483 0.000017
0.017219 0.508585 0.231671 0.131863 0.001273 0.109374 0.000016
0.016656 0.507218 0.232331 0.132354 0.001273 0.110154 0.000014
0.017497 0.503837 0.232979 0.132851 0.001297 0.111522 0.000016
0.021587 0.501452 0.232168 0.132085 0.001317 0.111375 0.000016
0.022332 0.498948 0.232724 0.132386 0.001286 0.112309 0.000015
0.020164 0.498099 0.233768 0.132922 0.001321 0.113710 0.000016
0.023654 0.493856 0.233758 0.132910 0.001322 0.114487 0.000013
0.024032 0.493396 0.233615 0.132634 0.001350 0.114958 0.000014
0.022392 0.490288 0.235183 0.133678 0.001381 0.117063 0.000015
0.022096 0.490258 0.235416 0.133665 0.001381 0.117168 0.000017
0.021899 0.488776 0.235754 0.134093 0.001394 0.118067 0.000017
0.026734 0.484667 0.234855 0.133663 0.001393 0.118671 0.000016
0.025581 0.483173 0.235856 0.134086 0.001396 0.119891 0.000017
0.030371 0.480493 0.234494 0.133547 0.001375 0.119703 0.000017
0.029059 0.479521 0.235258 0.133756 0.001391 0.121000 0.000016
0.028528 0.477707 0.236036 0.134247 0.001420 0.122045 0.000017
0.027510 0.476576 0.236954 0.134511 0.001440 0.122991 0.000018
0.029233 0.473657 0.236839 0.134568 0.001441 0.124245 0.000016
0.029198 0.473062 0.237025 0.134579 0.001445 0.124676 0.000016
0.025609 0.472591 0.238470 0.135552 0.001472 0.126288 0.000017
0.026311 0.471379 0.238486 0.135567 0.001446 0.126795 0.000015
0.027088 0.469606 0.238436 0.135571 0.001463 0.127819 0.000017
0.026092 0.468304 0.239165 0.136028 0.001478 0.128918 0.000016
0.024426 0.466307 0.240361 0.136398 0.001517 0.130971 0.000020
0.024803 0.465501 0.240342 0.136596 0.001527 0.131214 0.000018
0.021694 0.463514 0.242239 0.137560 0.001527 0.133445 0.000020
0.022144 0.462876 0.242237 0.137500 0.001531 0.133691 0.000020
0.023606 0.462492 0.241434 0.137162 0.001530 0.133758 0.000019
0.021637 0.460644 0.242752 0.138056 0.001549 0.135342 0.000020
0.019973 0.459202 0.243909 0.138619 0.001586 0.136691 0.000022
0.020280 0.458119 0.243896 0.138611 0.001588 0.137483 0.000023
0.020962 0.454846 0.244765 0.139021 0.001581 0.138805 0.000021
0.023673 0.453048 0.243671 0.138612 0.001603 0.139370 0.000023
0.024446 0.450636 0.244422 0.138540 0.001627 0.140306 0.000023
0.024467 0.448200 0.244786 0.139197 0.001614 0.141712 0.000023
0.023443 0.446784 0.245648 0.139666 0.001643 0.142792 0.000024
0.023885 0.445075 0.246025 0.139656 0.001633 0.143706 0.000020
0.025306 0.444536 0.245201 0.139421 0.001645 0.143868 0.000022
0.023609 0.442848 0.246619 0.139992 0.001668 0.145242 0.000022
0.024286 0.440253 0.246896 0.140307 0.001663 0.146572 0.000023
0.023504 0.440957 0.246922 0.140345 0.001660 0.146588 0.000024
0.022675 0.437902 0.248140 0.140752 0.001698 0.148810 0.000023
0.020494 0.436987 0.249020 0.141644 0.001707 0.150122 0.000026
0.021457 0.437473 0.248378 0.140978 0.001682 0.150005 0.000028
0.020621 0.433395 0.249851 0.141848 0.001724 0.152535 0.000027
0.020112 0.433593 0.249734 0.141885 0.001722 0.152926 0.000028
0.020231 0.431354 0.250052 0.142204 0.001752 0.154377 0.000031
0.019602 0.431867 0.250167 0.142274 0.001728 0.154334 0.000029
0.020279 0.430036 0.250268 0.142114 0.001750 0.155527 0.000026
0.017996 0.428560 0.251624 0.142881 0.001764 0.157148 0.000027
0.018000 0.425706 0.252200 0.143238 0.001804 0.159023 0.000028
0.018622 0.424955 0.251889 0.143191 0.001802 0.159513 0.000029
0.017754 0.423871 0.252444 0.143579 0.001841 0.160484 0.000027
0.016527 0.420936 0.253551 0.144357 0.001849 0.162751 0.000029
0.015624 0.419426 0.254618 0.144817 0.001866 0.163622 0.000027
0.016045 0.419506 0.254232 0.144537 0.001848 0.163803 0.000029
0.015972 0.417858 0.254257 0.144647 0.001859 0.165378 0.000030
0.016063 0.416767 0.254531 0.144505 0.001867 0.166237 0.000030
0.015025 0.414482 0.255548 0.145409 0.001877 0.167629 0.000030
0.015315 0.413405 0.255557 0.145401 0.001896 0.168394 0.000030
0.014486 0.411826 0.256426 0.145603 0.001925 0.169704 0.000030
0.014064 0.408157 0.257691 0.146297 0.001945 0.171817 0.000029
0.014541 0.408331 0.256941 0.146063 0.001924 0.172168 0.000032
0.014166 0.406722 0.257507 0.146196 0.001945 0.173432 0.000031
0.013903 0.404874 0.258062 0.146507 0.001930 0.174689 0.000035
0.014012 0.403214 0.258001 0.146705 0.001978 0.176057 0.000033
0.013944 0.401208 0.258525 0.146873 0.001980 0.177440 0.000031
0.013484 0.399488 0.259116 0.147219 0.001997 0.178663 0.000034
0.013548 0.399522 0.259163 0.147139 0.001989 0.178608 0.000032
0.013282 0.397732 0.259498 0.147283 0.002018 0.180152 0.000035
0.013742 0.396408 0.259216 0.147290 0.002013 0.181294 0.000037
0.013288 0.394142 0.260249 0.147653 0.002041 0.182592 0.000036
0.013323 0.393716 0.259904 0.147625 0.002063 0.183334 0.000035
0.013153 0.391908 0.260507 0.148018 0.002029 0.184347 0.000038
0.012882 0.388846 0.261111 0.148332 0.002079 0.186713 0.000037
0.013321 0.389953 0.260606 0.147881 0.002104 0.186101 0.000034
0.012749 0.386953 0.261303 0.148733 0.002089 0.188138 0.000035
0.012913 0.385250 0.261632 0.148720 0.002104 0.189345 0.000036
0.012889 0.385524 0.261386 0.148492 0.002102 0.189568 0.000041
0.012622 0.381995 0.261998 0.149095 0.002147 0.192103 0.000040
0.012652 0.381930 0.262047 0.148924 0.002139 0.192268 0.000040
0.012786 0.380095 0.262276 0.148915 0.002167 0.193716 0.000045
0.013073 0.379364 0.262082 0.148939 0.002152 0.194347 0.000042
0.012677 0.378367 0.262326 0.149268 0.002145 0.195174 0.000042
0.012667 0.375966 0.262783 0.149173 0.002194 0.197174 0.000041
0.012504 0.374248 0.263293 0.149626 0.002172 0.198116 0.000041
0.012481 0.371992 0.263769 0.149647 0.002217 0.199853 0.000041
0.012620 0.373115 0.263284 0.149460 0.002223 0.199261 0.000037
0.012367 0.370415 0.263772 0.149919 0.002221 0.201266 0.000041
0.012506 0.369655 0.263966 0.149993 0.002221 0.201619 0.000041
0.012427 0.368207 0.263980 0.149949 0.002234 0.203160 0.000042
0.012374 0.366385 0.264501 0.150151 0.002272 0.204277 0.000040
0.012447 0.365506 0.264455 0.150234 0.002242 0.205074 0.000042
0.012398 0.363962 0.264633 0.150252 0.002281 0.206433 0.000042
0.012483 0.362544 0.264652 0.150357 0.002304 0.207615 0.000045
0.012431 0.361517 0.265020 0.150452 0.002289 0.208250 0.000042
0.012426 0.357953 0.265651 0.150767 0.002304 0.210859 0.000041
0.012388 0.358806 0.265129 0.150639 0.002306 0.210690 0.000043
0.012274 0.356275 0.265583 0.150826 0.002317 0.212682 0.000044
0.012428 0.357344 0.265084 0.150620 0.002329 0.212151 0.000044
0.012215 0.354271 0.265932 0.151020 0.002375 0.214142 0.000045
0.012172 0.352423 0.266081 0.151249 0.002394 0.215637 0.000045
0.012239 0.350941 0.266238 0.151312 0.002369 0.216859 0.000042
0.012311 0.350754 0.266160 0.151133 0.002398 0.217203 0.000042
0.012234 0.349238 0.266517 0.151072 0.002386 0.218506 0.000047
0.012417 0.349225 0.265931 0.151114 0.002381 0.218883 0.000048
0.012354 0.348307 0.266204 0.150900 0.002393 0.219794 0.000047
0.012268 0.346581 0.266377 0.151419 0.002395 0.220915 0.000045
0.012289 0.345421 0.266496 0.151255 0.002438 0.222056 0.000045
0.012242 0.343870 0.266633 0.151241 0.002449 0.223518 0.000047
0.012318 0.341802 0.266835 0.151674 0.002438 0.224885 0.000049
0.012160 0.340593 0.267047 0.151610 0.002487 0.226056 0.000048
0.012194 0.339425 0.267230 0.151700 0.002474 0.226923 0.000054
0.012356 0.338656 0.267036 0.151343 0.002484 0.228075 0.000050
0.012383 0.338151 0.266965 0.151602 0.002502 0.228342 0.000055
0.012192 0.334946 0.267462 0.152083 0.002534 0.230732 0.000052
0.012149 0.335454 0.267229 0.151593 0.002501 0.231019 0.000055
0.012272 0.334248 0.267506 0.151637 0.002544 0.231745 0.000049
0.012477 0.332452 0.267324 0.151631 0.002559 0.233507 0.000051
0.012267 0.331990 0.267435 0.151738 0.002541 0.233980 0.000049
0.012315 0.330902 0.267459 0.151819 0.002566 0.234886 0.000053
0.013365 0.328841 0.267302 0.151677 0.002588 0.236178 0.000049
0.018510 0.325513 0.265903 0.150946 0.002611 0.236462 0.000055
0.019548 0.325391 0.265693 0.150443 0.002556 0.236316 0.000053
0.019191 0.323668 0.265771 0.150567 0.002610 0.238139 0.000054
0.021926 0.322546 0.264676 0.150405 0.002601 0.237792 0.000054
0.020018 0.322829 0.265315 0.150360 0.002594 0.238833 0.000052
0.020936 0.320581 0.265154 0.150412 0.002610 0.240256 0.000052
0.023108 0.319226 0.264292 0.149829 0.002612 0.240875 0.000058
0.022389 0.319953 0.264242 0.149910 0.002616 0.240835 0.000056
0.021566 0.319511 0.264120 0.149839 0.002628 0.242281 0.000056
0.020662 0.317597 0.264545 0.150232 0.002621 0.244286 0.000057
0.019194 0.317991 0.264980 0.150320 0.002642 0.244815 0.000058
0.018105 0.315344 0.265838 0.150689 0.002649 0.247318 0.000058
0.017658 0.314588 0.265751 0.150704 0.002700 0.248539 0.000058
0.019543 0.315804 0.264440 0.149965 0.002702 0.247488 0.000058
0.017038 0.314097 0.265853 0.150661 0.002703 0.249592 0.000057
0.017920 0.312595 0.265169 0.150476 0.002692 0.251084 0.000064
0.016832 0.311666 0.265731 0.150536 0.002750 0.252427 0.000057
0.017557 0.312598 0.265003 0.150303 0.002706 0.251775 0.000058
0.016161 0.310361 0.265842 0.150705 0.002724 0.254147 0.000061
0.016728 0.308841 0.265878 0.150740 0.002749 0.255004 0.000060
0.016025 0.308643 0.265825 0.150817 0.002709 0.255915 0.000065
0.016526 0.309053 0.265078 0.150626 0.002742 0.255911 0.000064
0.014610 0.306265 0.266524 0.151065 0.002787 0.258683 0.000066
0.014849 0.305103 0.266187 0.151067 0.002810 0.259919 0.000065
0.014322 0.303070 0.267086 0.151168 0.002817 0.261472 0.000065
0.015131 0.303967 0.266108 0.150719 0.002796 0.261215 0.000064
0.014667 0.302523 0.266397 0.150830 0.002849 0.262671 0.000064
0.013997 0.299068 0.266730 0.151292 0.002867 0.265980 0.000067
0.013623 0.297787 0.267393 0.151396 0.002906 0.266827 0.000067
0.013497 0.297558 0.267301 0.151344 0.002877 0.267353 0.000070
0.013770 0.297293 0.266910 0.151175 0.002887 0.267894 0.000070
0.014080 0.296701 0.266195 0.150848 0.002905 0.269201 0.000069
0.013380 0.295146 0.267387 0.151440 0.002876 0.269704 0.000067
0.013399 0.294164 0.267191 0.150969 0.002890 0.271316 0.000071
0.013638 0.293541 0.266602 0.151166 0.002944 0.272038 0.000071
0.013340 0.291661 0.267383 0.151468 0.002920 0.273159 0.000070
0.013268 0.290402 0.267291 0.151449 0.002959 0.274559 0.000071
0.013276 0.289561 0.267160 0.151249 0.003004 0.275677 0.000072
0.013356 0.290007 0.266876 0.151033 0.002969 0.275683 0.000075
0.013697 0.288881 0.266336 0.151081 0.002966 0.276966 0.000073
0.013101 0.285510 0.267186 0.151648 0.003015 0.279461 0.000078
0.013185 0.285953 0.266973 0.150949 0.003042 0.279825 0.000074
0.012919 0.283885 0.267144 0.151415 0.003031 0.281529 0.000077
0.013091 0.283086 0.267095 0.151245 0.003035 0.282373 0.000075
0.013101 0.282118 0.267052 0.151426 0.003047 0.283179 0.000076
0.013090 0.281541 0.266729 0.151181 0.003061 0.284322 0.000077
0.012962 0.279607 0.267098 0.151089 0.003098 0.286064 0.000082
0.013198 0.278798 0.266872 0.151176 0.003053 0.286821 0.000081
0.013049 0.279251 0.266672 0.150667 0.003084 0.287201 0.000076
0.013149 0.278261 0.266485 0.150973 0.003100 0.287947 0.000084
0.012909 0.276821 0.266981 0.151022 0.003077 0.289106 0.000084
0.013044 0.275000 0.266877 0.150975 0.003098 0.290918 0.000086
0.012997 0.273126 0.266875 0.151157 0.003088 0.292674 0.000083
0.013097 0.272052 0.266768 0.150967 0.003150 0.293887 0.000078
0.013064 0.273218 0.266459 0.150793 0.003120 0.293261 0.000084
0.013182 0.271845 0.266425 0.150887 0.003130 0.294448 0.000082
0.013085 0.270690 0.266403 0.150900 0.003166 0.295672 0.000084
0.012815 0.268215 0.266753 0.150839 0.003172 0.298128 0.000079
0.013085 0.268496 0.266222 0.150835 0.003143 0.298129 0.000089
0.013330 0.268452 0.265774 0.150585 0.003184 0.298589 0.000086
0.012919 0.266101 0.266094 0.150951 0.003208 0.300644 0.000083
0.012988 0.265309 0.266188 0.150641 0.003220 0.301568 0.000084
0.013152 0.267449 0.265583 0.150142 0.003227 0.300366 0.000083
0.013101 0.263900 0.265984 0.150268 0.003205 0.303458 0.000085
0.013095 0.264201 0.265742 0.150340 0.003202 0.303338 0.000082
0.013147 0.261980 0.265651 0.150664 0.003270 0.305204 0.000085
0.013074 0.261583 0.265453 0.150462 0.003240 0.306104 0.000085
0.013139 0.260870 0.265477 0.150242 0.003236 0.306947 0.000089
0.013143 0.259618 0.265443 0.150400 0.003254 0.308059 0.000083
0.013146 0.259167 0.265320 0.150247 0.003254 0.308775 0.000091
0.013204 0.258508 0.265118 0.150179 0.003277 0.309624 0.000090
0.013193 0.257526 0.264845 0.150165 0.003269 0.310921 0.000082
0.013197 0.256854 0.264918 0.149923 0.003310 0.311710 0.000088
0.013151 0.254530 0.264746 0.150118 0.003314 0.314057 0.000083
0.013317 0.254818 0.264655 0.149723 0.003336 0.314065 0.000087
0.013105 0.254404 0.264823 0.149911 0.003307 0.314360 0.000090
0.013211 0.252324 0.264418 0.149937 0.003311 0.316708 0.000090
0.013264 0.252000 0.264610 0.149895 0.003301 0.316837 0.000094
0.013270 0.251061 0.264296 0.149589 0.003332 0.318357 0.000096
0.013354 0.250239 0.264318 0.149471 0.003351 0.319173 0.000093
0.013309 0.249336 0.264018 0.149202 0.003388 0.320657 0.000091
0.013344 0.247546 0.263811 0.149493 0.003383 0.322326 0.000096
0.013445 0.247328 0.263719 0.149306 0.003357 0.322750 0.000096
0.013475 0.247570 0.263148 0.149288 0.003396 0.323033 0.000090
0.013480 0.246483 0.263078 0.148795 0.003403 0.324664 0.000097
0.013465 0.245569 0.263172 0.149010 0.003407 0.325284 0.000094
0.013538 0.244744 0.263321 0.148943 0.003396 0.325968 0.000092
0.013532 0.243768 0.263090 0.148733 0.003433 0.327349 0.000095
0.013392 0.242669 0.262990 0.148661 0.003445 0.328750 0.000093
0.013512 0.241984 0.262741 0.148758 0.003429 0.329485 0.000092
0.013668 0.240923 0.262439 0.148815 0.003456 0.330602 0.000097
0.013674 0.240236 0.262288 0.148577 0.003430 0.331698 0.000097
0.013592 0.238380 0.262318 0.148663 0.003504 0.333449 0.000095
0.013681 0.237871 0.261908 0.148404 0.003477 0.334562 0.000096
0.013594 0.237501 0.261947 0.148579 0.003473 0.334800 0.000106
0.013657 0.236876 0.261755 0.148180 0.003462 0.335968 0.000102
0.013653 0.236852 0.261407 0.148042 0.003505 0.336443 0.000099
0.013722 0.235236 0.261306 0.148147 0.003530 0.337957 0.000101
0.013754 0.234630 0.261227 0.148138 0.003555 0.338598 0.000097
0.013734 0.234564 0.261157 0.148038 0.003514 0.338892 0.000100
0.013638 0.232560 0.261468 0.148041 0.003558 0.340633 0.000104
0.013924 0.231330 0.260698 0.147787 0.003538 0.342620 0.000103
0.013898 0.231545 0.260256 0.147717 0.003583 0.342893 0.000108
0.013886 0.229807 0.260849 0.147700 0.003589 0.344064 0.000104
0.013914 0.229087 0.260607 0.147790 0.003559 0.344937 0.000105
0.013718 0.229080 0.260101 0.147316 0.003625 0.346054 0.000106
0.013849 0.229095 0.259915 0.147197 0.003550 0.346281 0.000113
0.013878 0.227700 0.260004 0.147186 0.003589 0.347533 0.000109
0.013847 0.227780 0.259740 0.147169 0.003588 0.347768 0.000109
0.013904 0.225652 0.259357 0.147063 0.003639 0.350269 0.000115
0.013888 0.224887 0.259366 0.146838 0.003621 0.351288 0.000113
0.014036 0.224909 0.259033 0.146939 0.003635 0.351340 0.000108
0.013964 0.224445 0.258968 0.146637 0.003646 0.352231 0.000109
0.013849 0.223397 0.258783 0.146636 0.003653 0.353568 0.000115
0.014139 0.222702 0.258619 0.146459 0.003630 0.354338 0.000113
0.014010 0.221579 0.258188 0.146282 0.003651 0.356181 0.000109
0.014115 0.221158 0.257981 0.146266 0.003681 0.356678 0.000122
0.014123 0.221455 0.257908 0.146312 0.003685 0.356399 0.000119
0.014199 0.219202 0.257859 0.145928 0.003698 0.358999 0.000114
0.014282 0.219051 0.257371 0.145982 0.003722 0.359476 0.000116
0.014308 0.218983 0.257321 0.145566 0.003740 0.359971 0.000111
0.014302 0.217994 0.257184 0.145677 0.003738 0.360988 0.000117
0.014272 0.216716 0.256844 0.145739 0.003724 0.362585 0.000120
0.014264 0.216909 0.256833 0.145303 0.003727 0.362835 0.000129
0.014346 0.216275 0.256920 0.145592 0.003742 0.363011 0.000115
0.014344 0.215356 0.256681 0.145445 0.003773 0.364278 0.000124
0.014435 0.213456 0.256201 0.145270 0.003795 0.366719 0.000124
0.014487 0.213084 0.255921 0.145118 0.003753 0.367520 0.000117
0.014653 0.213205 0.255740 0.144964 0.003787 0.367530 0.000121
0.014556 0.212176 0.255636 0.144891 0.003778 0.368836 0.000126
0.014444 0.211123 0.255594 0.144680 0.003810 0.370223 0.000125
0.014483 0.210497 0.255190 0.144536 0.003817 0.371354 0.000123
0.014527 0.209737 0.254899 0.144739 0.003763 0.372211 0.000123
0.014538 0.209307 0.254779 0.144427 0.003801 0.373023 0.000126
0.014634 0.208058 0.254386 0.144331 0.003861 0.374608 0.000121
0.014657 0.208287 0.254054 0.144209 0.003852 0.374814 0.000127
0.014654 0.208099 0.254087 0.144005 0.003809 0.375218 0.000129
0.014806 0.207021 0.253751 0.144160 0.003868 0.376272 0.000122
0.014608 0.206568 0.253299 0.143923 0.003860 0.377614 0.000130
0.014797 0.205610 0.253305 0.143739 0.003842 0.378581 0.000127
0.014796 0.205390 0.253282 0.143481 0.003891 0.379025 0.000134
0.014841 0.204241 0.253024 0.143455 0.003860 0.380452 0.000126
0.014835 0.203392 0.252678 0.143051 0.003920 0.381992 0.000133
0.014856 0.203947 0.252521 0.143179 0.003840 0.381523 0.000134
0.014888 0.202761 0.252567 0.143157 0.003891 0.382601 0.000135
0.015077 0.202161 0.251816 0.142827 0.003905 0.384083 0.000131
0.015073 0.201331 0.251589 0.142963 0.003897 0.385009 0.000138
0.015043 0.200441 0.251499 0.142682 0.003872 0.386327 0.000135
0.015125 0.199714 0.251116 0.142650 0.003978 0.387284 0.000132
0.015129 0.200495 0.251121 0.142432 0.003883 0.386807 0.000133
0.015131 0.199059 0.250942 0.142257 0.003934 0.388546 0.000130
0.015016 0.197928 0.250769 0.142159 0.003913 0.390082 0.000134
0.015169 0.198162 0.250104 0.142200 0.003945 0.390284 0.000136
0.015259 0.196337 0.250258 0.141871 0.003976 0.392161 0.000138
0.015243 0.196267 0.249539 0.141623 0.003962 0.393223 0.000143
0.015398 0.195177 0.249774 0.141631 0.003949 0.393937 0.000135
0.015437 0.195762 0.249418 0.141569 0.003961 0.393712 0.000140
0.015295 0.194408 0.249304 0.141475 0.003983 0.395399 0.000135
0.015285 0.194118 0.248915 0.141377 0.003965 0.396204 0.000136
0.015430 0.193263 0.248937 0.141034 0.004011 0.397187 0.000138
0.015423 0.192150 0.248362 0.141160 0.004015 0.398750 0.000139
0.015495 0.192452 0.248031 0.140990 0.004047 0.398838 0.000146
0.015592 0.191252 0.247950 0.140717 0.004042 0.400314 0.000132
0.015549 0.191612 0.247869 0.140550 0.004013 0.400271 0.000135
0.015648 0.190773 0.247054 0.140417 0.004059 0.401907 0.000142
0.015612 0.190082 0.247439 0.140482 0.004053 0.402183 0.000149
0.015720 0.188926 0.247098 0.140038 0.004060 0.404015 0.000143
0.015746 0.188131 0.247031 0.139842 0.004061 0.405046 0.000142
0.015809 0.188080 0.246759 0.139845 0.004048 0.405320 0.000139
0.015814 0.188205 0.246264 0.139843 0.004033 0.405696 0.000145
0.015790 0.187074 0.246380 0.139776 0.004094 0.406743 0.000143
0.015846 0.186133 0.245891 0.139493 0.004117 0.408369 0.000151
0.015889 0.185710 0.245658 0.139231 0.004150 0.409218 0.000144
0.016013 0.186143 0.245370 0.139211 0.004114 0.409002 0.000147
0.016040 0.184741 0.244981 0.139114 0.004146 0.410836 0.000142
0.016087 0.184678 0.244824 0.139083 0.004162 0.411025 0.000141
0.016056 0.184685 0.244866 0.138938 0.004139 0.411173 0.000142
0.016014 0.183449 0.244421 0.138579 0.004169 0.413219 0.000148
0.016008 0.182473 0.244654 0.138635 0.004106 0.413968 0.000156
0.016123 0.181800 0.244392 0.138524 0.004150 0.414866 0.000144
0.016180 0.181324 0.243751 0.138236 0.004175 0.416179 0.000154
0.016236 0.181703 0.243358 0.138258 0.004116 0.416174 0.000155
0.016177 0.181034 0.243154 0.138047 0.004183 0.417249 0.000156
0.016200 0.180480 0.243061 0.138082 0.004178 0.417845 0.000153
0.016098 0.180793 0.242717 0.137852 0.004212 0.418174 0.000155
0.016252 0.179298 0.242602 0.137635 0.004251 0.419798 0.000162
0.016212 0.179132 0.242501 0.137602 0.004215 0.420183 0.000155
0.016328 0.178193 0.242020 0.137314 0.004232 0.421754 0.000158
0.016236 0.178408 0.242054 0.137507 0.004227 0.421406 0.000162
0.016306 0.177620 0.241706 0.137265 0.004239 0.422700 0.000163
0.016313 0.176915 0.241421 0.137103 0.004232 0.423857 0.000159
0.016399 0.176458 0.240847 0.136647 0.004234 0.425255 0.000160
0.016525 0.175462 0.240586 0.136746 0.004216 0.426299 0.000165
0.016477 0.174802 0.240513 0.136504 0.004239 0.427299 0.000165
0.016499 0.174699 0.240308 0.136505 0.004257 0.427568 0.000165
0.016495 0.173831 0.240110 0.136434 0.004256 0.428713 0.000162
0.016468 0.173573 0.239931 0.136428 0.004266 0.429160 0.000174
0.016752 0.173066 0.239248 0.135977 0.004293 0.430494 0.000170
0.016718 0.172383 0.238959 0.135942 0.004257 0.431568 0.000173
0.016802 0.171549 0.239136 0.135773 0.004325 0.432251 0.000163
0.016890 0.171202 0.238584 0.135591 0.004285 0.433273 0.000175
0.016634 0.171178 0.238668 0.135463 0.004271 0.433625 0.000160
0.016750 0.170298 0.238297 0.135042 0.004332 0.435117 0.000164
0.016702 0.170599 0.238050 0.135106 0.004262 0.435114 0.000165
0.016961 0.169678 0.237569 0.135212 0.004333 0.436071 0.000176
0.016813 0.168798 0.237439 0.134460 0.004355 0.437961 0.000173
0.017027 0.168822 0.237016 0.134919 0.004372 0.437673 0.000172
0.016996 0.167798 0.236787 0.134587 0.004359 0.439296 0.000177
0.016978 0.167514 0.236584 0.134371 0.004372 0.440011 0.000171
0.017236 0.166892 0.236034 0.134228 0.004358 0.441088 0.000164
0.017167 0.166751 0.236098 0.133950 0.004338 0.441527 0.000169
0.017016 0.166549 0.236009 0.134117 0.004348 0.441793 0.000168
0.017113 0.165546 0.235442 0.133775 0.004384 0.443563 0.000177
0.017558 0.164652 0.235359 0.133647 0.004364 0.444245 0.000175
0.017165 0.164289 0.234915 0.133504 0.004451 0.445496 0.000179
0.017244 0.163824 0.234433 0.133431 0.004431 0.446462 0.000174
0.017229 0.164091 0.234496 0.133232 0.004421 0.446349 0.000181
0.017417 0.163124 0.234151 0.133048 0.004368 0.447717 0.000174
0.017346 0.162974 0.234227 0.133150 0.004412 0.447706 0.000185
0.017369 0.162456 0.233571 0.132759 0.004419 0.449246 0.000180
0.017285 0.161951 0.233537 0.132569 0.004406 0.450072 0.000180
0.017482 0.161934 0.233227 0.132279 0.004417 0.450474 0.000186
0.017356 0.161490 0.233216 0.132190 0.004421 0.451153 0.000173
0.017680 0.160719 0.232739 0.132136 0.004381 0.452166 0.000179
0.017628 0.160550 0.232309 0.131986 0.004407 0.452927 0.000193
0.017643 0.160002 0.231895 0.131886 0.004464 0.453915 0.000195
0.017838 0.159936 0.231865 0.131695 0.004453 0.454032 0.000181
0.017580 0.159267 0.231875 0.131585 0.004397 0.455106 0.000191
0.017790 0.159084 0.231573 0.131605 0.004462 0.455290 0.000195
0.018000 0.158197 0.230902 0.131337 0.004499 0.456872 0.000193
0.017774 0.157834 0.230838 0.131198 0.004462 0.457708 0.000186
0.017997 0.157132 0.230154 0.130845 0.004467 0.459210 0.000195
0.017996 0.156877 0.230131 0.130873 0.004475 0.459457 0.000190
0.018107 0.156602 0.230213 0.130895 0.004473 0.459520 0.000190
0.018123 0.155968 0.229783 0.130688 0.004513 0.460731 0.000194
0.018062 0.155807 0.229446 0.130357 0.004465 0.461662 0.000202
0.018162 0.155306 0.229088 0.130177 0.004475 0.462594 0.000198
0.018122 0.155282 0.229187 0.130026 0.004466 0.462722 0.000195
0.018001 0.155145 0.228952 0.130044 0.004508 0.463156 0.000194
0.018198 0.153879 0.228447 0.129763 0.004490 0.465028 0.000195
0.018046 0.153484 0.227912 0.129598 0.004505 0.466263 0.000192
0.018287 0.153115 0.227632 0.129459 0.004532 0.466778 0.000197
0.018288 0.153178 0.227648 0.129265 0.004501 0.466921 0.000200
0.018395 0.152343 0.227196 0.129295 0.004549 0.468028 0.000194
0.018453 0.152146 0.226804 0.129094 0.004531 0.468776 0.000196
0.018376 0.151567 0.226938 0.128722 0.004564 0.469631 0.000201
0.018572 0.151038 0.226157 0.128572 0.004557 0.470903 0.000201
0.018464 0.150589 0.226222 0.128621 0.004546 0.471346 0.000211
0.018752 0.150327 0.226044 0.128279 0.004550 0.471854 0.000194
0.018676 0.149970 0.225439 0.128249 0.004610 0.472854 0.000201
0.018741 0.149334 0.225410 0.128181 0.004605 0.473532 0.000197
0.018678 0.149229 0.224923 0.127843 0.004546 0.474568 0.000212
0.018867 0.148906 0.224607 0.127689 0.004618 0.475114 0.000200
0.018707 0.148706 0.224571 0.127478 0.004611 0.475723 0.000205
0.018858 0.147903 0.224252 0.127364 0.004602 0.476813 0.000208
0.018803 0.147835 0.224015 0.127331 0.004617 0.477194 0.000205
0.019043 0.147622 0.223814 0.127038 0.004588 0.477688 0.000207
0.018951 0.147283 0.223460 0.126975 0.004589 0.478546 0.000197
0.018971 0.146664 0.223339 0.126740 0.004656 0.479429 0.000203
0.019116 0.146325 0.222991 0.126565 0.004623 0.480181 0.000200
0.019012 0.146264 0.222410 0.126448 0.004633 0.481030 0.000204
0.019041 0.145878 0.222497 0.126309 0.004663 0.481403 0.000209
0.019281 0.145689 0.222236 0.126325 0.004640 0.481623 0.000206
0.019187 0.144983 0.221790 0.126109 0.004637 0.483084 0.000210
0.019306 0.144900 0.221291 0.125962 0.004641 0.483688 0.000212
0.019496 0.143897 0.221156 0.125411 0.004672 0.485155 0.000214
0.019445 0.143993 0.220880 0.125582 0.004592 0.485301 0.000208
0.019276 0.143277 0.220692 0.125425 0.004640 0.486479 0.000211
0.019359 0.143605 0.220745 0.125237 0.004692 0.486155 0.000206
0.019435 0.142701 0.220109 0.124942 0.004632 0.487961 0.000219
0.019492 0.142578 0.219677 0.125028 0.004664 0.488348 0.000213
0.019368 0.142190 0.219717 0.124579 0.004643 0.489284 0.000219
0.019437 0.142186 0.219329 0.124721 0.004714 0.489395 0.000218
0.019545 0.141184 0.219020 0.124340 0.004713 0.490972 0.000226
0.019560 0.140658 0.218705 0.124357 0.004697 0.491802 0.000221
0.019746 0.141466 0.218487 0.124277 0.004725 0.491080 0.000219
0.019597 0.140208 0.218399 0.123645 0.004660 0.493259 0.000232
0.019909 0.139566 0.217738 0.123499 0.004692 0.494372 0.000222
0.019935 0.140076 0.217752 0.123635 0.004704 0.493672 0.000224
0.019787 0.139049 0.217410 0.123523 0.004725 0.495282 0.000224
0.019971 0.138911 0.217308 0.123145 0.004736 0.495706 0.000223
0.019880 0.138532 0.216946 0.123402 0.004729 0.496298 0.000214
0.020024 0.138406 0.216535 0.123084 0.004743 0.496982 0.000226
0.019943 0.138248 0.216733 0.123137 0.004710 0.497007 0.000223
0.019950 0.137491 0.216236 0.122649 0.004744 0.498715 0.000215
0.019933 0.137600 0.215919 0.122871 0.004740 0.498714 0.000224
0.020390 0.136540 0.215310 0.122210 0.004782 0.500547 0.000222
0.020249 0.136631 0.215362 0.122273 0.004736 0.500539 0.000211
0.020259 0.136211 0.215003 0.122283 0.004741 0.501277 0.000226
0.020294 0.136439 0.214470 0.122109 0.004735 0.501718 0.000233
0.020277 0.136272 0.214372 0.121992 0.004709 0.502151 0.000227
0.020394 0.135016 0.213893 0.121508 0.004768 0.504187 0.000234
0.020240 0.135099 0.213512 0.121479 0.004786 0.504651 0.000233
0.020532 0.134351 0.212937 0.121241 0.004770 0.505941 0.000227
