0.950288 0.048771 0.000608 0.000318 0.000000 0.000015 0.000000
0.905991 0.092048 0.001230 0.000701 0.000000 0.000029 0.000000
0.894052 0.103645 0.001433 0.000833 0.000000 0.000038 0.000000
0.882117 0.115275 0.001638 0.000925 0.000000 0.000045 0.000000
0.869105 0.127919 0.001868 0.001059 0.000000 0.000049 0.000000
0.856164 0.140408 0.002144 0.001230 0.000000 0.000055 0.000000
0.843114 0.153009 0.002452 0.001370 0.000000 0.000056 0.000000
0.827180 0.168453 0.002778 0.001526 0.000000 0.000063 0.000000
0.813720 0.181414 0.003088 0.001706 0.000000 0.000072 0.000000
0.797769 0.196805 0.003438 0.001904 0.000000 0.000084 0.000000
0.784548 0.209551 0.003725 0.002072 0.000000 0.000104 0.000000
0.765879 0.227499 0.004169 0.002334 0.000000 0.000119 0.000000
0.750300 0.242389 0.004600 0.002575 0.000001 0.000135 0.000000
0.735106 0.256972 0.004957 0.002812 0.000001 0.000152 0.000000
0.718632 0.272743 0.005395 0.003059 0.000001 0.000170 0.000000
0.701074 0.289426 0.005942 0.003365 0.000001 0.000193 0.000000
0.686248 0.303511 0.006388 0.003635 0.000002 0.000216 0.000000
0.669827 0.319051 0.006924 0.003957 0.000002 0.000239 0.000000
0.654584 0.333463 0.007427 0.004252 0.000002 0.000271 0.000000
0.639600 0.347591 0.007964 0.004551 0.000003 0.000292 0.000000
0.624434 0.361769 0.008563 0.004907 0.000003 0.000323 0.000000
0.609098 0.376132 0.009181 0.005242 0.000003 0.000343 0.000000
0.595497 0.388767 0.009766 0.005606 0.000004 0.000360 0.000000
0.580524 0.402611 0.010481 0.005987 0.000006 0.000391 0.000000
0.566587 0.415494 0.011127 0.006366 0.000005 0.000421 0.000000
0.554559 0.426454 0.011767 0.006759 0.000006 0.000455 0.000000
0.538973 0.440745 0.012569 0.007215 0.000006 0.000492 0.000000
0.527458 0.451152 0.013251 0.007610 0.000006 0.000524 0.000000
0.515817 0.461577 0.014002 0.008032 0.000007 0.000566 0.000000
0.502915 0.473192 0.014799 0.008473 0.000007 0.000614 0.000000
0.491730 0.483109 0.015586 0.008906 0.000007 0.000662 0.000000
0.479164 0.494283 0.016438 0.009399 0.000008 0.000707 0.000000
0.470072 0.502114 0.017196 0.009851 0.000008 0.000759 0.000000
0.457736 0.512953 0.018112 0.010361 0.000008 0.000830 0.000000
0.449123 0.520340 0.018857 0.010785 0.000008 0.000888 0.000000
0.439659 0.528549 0.019628 0.011200 0.000009 0.000954 0.000000
0.430794 0.535991 0.020498 0.011695 0.000010 0.001012 0.000000
0.418363 0.546910 0.021445 0.012189 0.000010 0.001084 0.000000
0.407339 0.556164 0.022502 0.012803 0.000011 0.001181 0.000000
0.401095 0.561213 0.023235 0.013191 0.000013 0.001253 0.000000
0.390115 0.570405 0.024311 0.013794 0.000014 0.001362 0.000000
0.379552 0.579218 0.025318 0.014412 0.000016 0.001484 0.000000
0.372581 0.584870 0.026148 0.014828 0.000016 0.001558 0.000000
0.362588 0.593034 0.027242 0.015440 0.000019 0.001676 0.000000
0.354234 0.599421 0.028454 0.016084 0.000023 0.001784 0.000000
0.343948 0.607804 0.029592 0.016744 0.000023 0.001888 0.000000
0.337338 0.612725 0.030654 0.017271 0.000024 0.001989 0.000000
0.331666 0.616764 0.031590 0.017858 0.000026 0.002096 0.000000
0.325869 0.620941 0.032556 0.018403 0.000028 0.002203 0.000000
0.318332 0.626556 0.033669 0.019087 0.000028 0.002328 0.000000
0.311251 0.631697 0.034781 0.019791 0.000028 0.002453 0.000000
0.304852 0.635942 0.036047 0.020519 0.000029 0.002611 0.000000
0.301317 0.638070 0.036890 0.020987 0.000031 0.002705 0.000000
0.293502 0.643371 0.038401 0.021805 0.000034 0.002887 0.000000
0.287394 0.647617 0.039488 0.022446 0.000035 0.003021 0.000000
0.278418 0.654215 0.040914 0.023211 0.000039 0.003203 0.000000
0.274382 0.656197 0.042103 0.023896 0.000042 0.003380 0.000000
0.270463 0.658262 0.043198 0.024521 0.000045 0.003511 0.000000
0.266616 0.660257 0.044305 0.025105 0.000046 0.003670 0.000000
0.260492 0.664168 0.045541 0.025887 0.000048 0.003864 0.000000
0.252248 0.669631 0.047146 0.026825 0.000050 0.004099 0.000000
0.249432 0.670910 0.048057 0.027280 0.000052 0.004270 0.000000
0.241916 0.675628 0.049667 0.028218 0.000055 0.004516 0.000000
0.235449 0.679619 0.051092 0.029032 0.000057 0.004751 0.000000
0.231890 0.681268 0.052181 0.029656 0.000059 0.004946 0.000000
0.228701 0.682142 0.053511 0.030422 0.000064 0.005159 0.000000
0.221928 0.686035 0.055108 0.031397 0.000067 0.005464 0.000000
0.218496 0.687179 0.056453 0.032118 0.000068 0.005686 0.000000
0.216412 0.687854 0.057303 0.032538 0.000070 0.005823 0.000000
0.209545 0.691443 0.059121 0.033630 0.000073 0.006188 0.000000
0.206096 0.692563 0.060458 0.034375 0.000075 0.006432 0.000000
0.203106 0.693430 0.061685 0.035058 0.000084 0.006637 0.000000
0.196678 0.696780 0.063449 0.036033 0.000086 0.006975 0.000000
0.196539 0.694992 0.064600 0.036590 0.000090 0.007188 0.000000
0.195504 0.694018 0.065646 0.037273 0.000099 0.007459 0.000000
0.194643 0.692534 0.067024 0.038009 0.000101 0.007687 0.000000
0.192022 0.693340 0.067991 0.038561 0.000105 0.007981 0.000000
0.188723 0.693703 0.069686 0.039448 0.000107 0.008334 0.000000
0.186254 0.693778 0.070986 0.040264 0.000110 0.008607 0.000001
0.185433 0.692545 0.072083 0.040932 0.000117 0.008890 0.000000
0.182138 0.693031 0.073744 0.041750 0.000116 0.009220 0.000001
0.181286 0.692162 0.074678 0.042301 0.000122 0.009450 0.000001
0.175651 0.694219 0.076583 0.043500 0.000120 0.009925 0.000001
0.177664 0.691090 0.077085 0.043938 0.000123 0.010098 0.000001
0.169605 0.695521 0.079176 0.044986 0.000131 0.010581 0.000000
0.168798 0.694034 0.080538 0.045597 0.000136 0.010896 0.000001
0.165424 0.694574 0.081867 0.046655 0.000142 0.011337 0.000001
0.164094 0.694823 0.082567 0.046860 0.000144 0.011512 0.000001
0.158814 0.696517 0.084460 0.048014 0.000151 0.012043 0.000001
0.153428 0.699200 0.085936 0.048911 0.000157 0.012367 0.000000
0.152365 0.697484 0.087395 0.049708 0.000171 0.012876 0.000001
0.147472 0.699163 0.089126 0.050737 0.000173 0.013329 0.000001
0.143772 0.700265 0.090650 0.051501 0.000175 0.013637 0.000001
0.143864 0.698680 0.091427 0.051934 0.000178 0.013917 0.000001
0.137690 0.700513 0.093789 0.053308 0.000185 0.014513 0.000001
0.135768 0.700002 0.095054 0.054017 0.000192 0.014966 0.000001
0.132599 0.699828 0.096874 0.055045 0.000191 0.015463 0.000001
0.131014 0.699856 0.097702 0.055491 0.000197 0.015738 0.000001
0.129884 0.698121 0.099242 0.056332 0.000208 0.016213 0.000001
0.125561 0.699043 0.101003 0.057441 0.000213 0.016738 0.000001
0.126757 0.695999 0.101965 0.057918 0.000214 0.017146 0.000001
0.124618 0.694260 0.104018 0.059130 0.000217 0.017756 0.000001
0.122147 0.694803 0.105017 0.059664 0.000223 0.018145 0.000001
0.117853 0.694973 0.107222 0.060887 0.000232 0.018832 0.000001
0.114269 0.695822 0.108634 0.061763 0.000233 0.019279 0.000001
0.113901 0.693417 0.110174 0.062497 0.000236 0.019775 0.000001
0.113341 0.692589 0.110792 0.062965 0.000242 0.020070 0.000001
0.109531 0.692666 0.112702 0.064053 0.000252 0.020796 0.000001
0.106492 0.692178 0.114467 0.065147 0.000261 0.021455 0.000001
0.104266 0.692560 0.115542 0.065581 0.000258 0.021793 0.000001
0.098121 0.693680 0.118145 0.067158 0.000263 0.022632 0.000001
0.096273 0.693223 0.119250 0.067821 0.000280 0.023152 0.000001
0.091193 0.694317 0.121556 0.068922 0.000287 0.023724 0.000001
0.091603 0.693240 0.121775 0.069084 0.000286 0.024012 0.000001
0.084956 0.694528 0.124603 0.070731 0.000303 0.024879 0.000001
0.080932 0.694574 0.126658 0.071881 0.000310 0.025643 0.000002
0.078218 0.693646 0.128623 0.072821 0.000320 0.026371 0.000001
0.076759 0.692240 0.129875 0.073858 0.000325 0.026941 0.000002
0.074009 0.692184 0.131471 0.074545 0.000327 0.027463 0.000001
0.071157 0.691090 0.133465 0.075748 0.000340 0.028199 0.000002
0.070728 0.689275 0.134511 0.076336 0.000337 0.028812 0.000001
0.067827 0.689015 0.136141 0.077252 0.000351 0.029412 0.000002
0.067191 0.685569 0.138029 0.078462 0.000369 0.030379 0.000002
0.066383 0.684085 0.139185 0.079046 0.000374 0.030925 0.000002
0.062855 0.683368 0.141268 0.080372 0.000382 0.031752 0.000002
0.062326 0.682565 0.142098 0.080582 0.000382 0.032046 0.000002
0.058051 0.681887 0.144492 0.082084 0.000397 0.033087 0.000001
0.058069 0.679551 0.145642 0.082656 0.000405 0.033676 0.000002
0.056785 0.678752 0.146545 0.083228 0.000419 0.034269 0.000002
0.056087 0.677450 0.147413 0.083854 0.000423 0.034771 0.000002
0.056307 0.673404 0.149309 0.084874 0.000439 0.035663 0.000003
0.053038 0.672495 0.151417 0.086045 0.000437 0.036566 0.000003
0.055280 0.668774 0.152087 0.086344 0.000450 0.037062 0.000003
0.053217 0.666898 0.153819 0.087553 0.000457 0.038055 0.000002
0.053699 0.665161 0.154402 0.087800 0.000462 0.038473 0.000002
0.055030 0.661377 0.155440 0.088556 0.000480 0.039114 0.000002
0.053950 0.658754 0.157301 0.089429 0.000482 0.040083 0.000002
0.053736 0.657789 0.157836 0.089798 0.000484 0.040355 0.000003
0.051583 0.655279 0.160093 0.090966 0.000497 0.041580 0.000002
0.049215 0.654580 0.161430 0.091936 0.000513 0.042324 0.000002
0.048149 0.651945 0.163297 0.092790 0.000517 0.043299 0.000002
0.049316 0.649991 0.163485 0.092982 0.000516 0.043708 0.000003
0.050128 0.648054 0.164077 0.093124 0.000535 0.044079 0.000003
0.048574 0.646723 0.165439 0.093984 0.000540 0.044737 0.000003
0.045524 0.644828 0.167718 0.095290 0.000562 0.046075 0.000004
0.045066 0.645010 0.167664 0.095422 0.000557 0.046277 0.000004
0.043249 0.642847 0.169684 0.096392 0.000560 0.047264 0.000003
0.040814 0.640574 0.171831 0.097560 0.000591 0.048627 0.000004
0.040386 0.639717 0.172318 0.097979 0.000598 0.048997 0.000004
0.041639 0.636322 0.173202 0.098437 0.000590 0.049807 0.000004
0.041801 0.634449 0.173867 0.098779 0.000608 0.050493 0.000003
0.038497 0.633062 0.176119 0.100136 0.000626 0.051556 0.000004
0.038353 0.632146 0.176426 0.100436 0.000627 0.052008 0.000004
0.038589 0.628682 0.177965 0.101205 0.000641 0.052914 0.000004
0.036182 0.627565 0.179566 0.102150 0.000648 0.053884 0.000004
0.035364 0.625322 0.180721 0.103043 0.000655 0.054891 0.000003
0.034601 0.623714 0.181839 0.103573 0.000672 0.055597 0.000004
0.034610 0.622104 0.182617 0.103751 0.000655 0.056258 0.000005
0.036567 0.617891 0.183594 0.104306 0.000671 0.056967 0.000004
0.038104 0.614586 0.184244 0.104676 0.000684 0.057700 0.000004
0.034599 0.615747 0.185359 0.105301 0.000693 0.058297 0.000004
0.035607 0.612582 0.186053 0.105746 0.000705 0.059304 0.000005
0.033654 0.609787 0.188363 0.106881 0.000722 0.060587 0.000006
0.034308 0.607532 0.188873 0.107365 0.000719 0.061198 0.000005
0.033232 0.606032 0.189987 0.107874 0.000729 0.062139 0.000006
0.034018 0.604585 0.190016 0.108007 0.000727 0.062642 0.000005
0.032887 0.602169 0.191720 0.108924 0.000746 0.063549 0.000005
0.032111 0.601264 0.192423 0.109285 0.000762 0.064150 0.000006
0.030450 0.599067 0.193721 0.110399 0.000774 0.065583 0.000006
0.028769 0.597492 0.195492 0.111013 0.000769 0.066459 0.000007
0.028439 0.595584 0.196216 0.111634 0.000800 0.067319 0.000008
0.028009 0.593009 0.197451 0.112321 0.000807 0.068397 0.000007
0.026637 0.592153 0.198443 0.112829 0.000823 0.069107 0.000007
0.027086 0.590213 0.199051 0.113023 0.000819 0.069802 0.000007
0.024144 0.587769 0.201375 0.114333 0.000830 0.071541 0.000007
0.024579 0.586585 0.201442 0.114530 0.000859 0.071997 0.000007
0.023394 0.584903 0.202840 0.115130 0.000871 0.072854 0.000008
0.023674 0.582385 0.203606 0.115665 0.000877 0.073786 0.000007
0.023190 0.580567 0.204541 0.116160 0.000898 0.074637 0.000008
0.021632 0.579195 0.205699 0.117026 0.000888 0.075553 0.000008
0.021421 0.575692 0.207084 0.117730 0.000913 0.077154 0.000007
0.020667 0.574148 0.207929 0.118265 0.000930 0.078052 0.000008
0.020657 0.573277 0.208368 0.118490 0.000911 0.078289 0.000009
0.019777 0.570332 0.210063 0.119288 0.000942 0.079589 0.000009
0.019607 0.568309 0.210744 0.119695 0.000952 0.080682 0.000009
0.019105 0.566134 0.211779 0.120388 0.000968 0.081619 0.000007
0.018187 0.564309 0.212819 0.121108 0.000970 0.082598 0.000008
0.018005 0.562809 0.213368 0.121423 0.000977 0.083411 0.000008
0.018352 0.561431 0.213883 0.121494 0.000975 0.083858 0.000008
0.017831 0.557817 0.215269 0.122533 0.001007 0.085535 0.000008
0.017912 0.557588 0.215494 0.122340 0.001016 0.085642 0.000008
0.017494 0.554667 0.216728 0.123173 0.001031 0.086896 0.000011
0.017112 0.552773 0.217471 0.123595 0.001044 0.087998 0.000008
0.017023 0.551815 0.217696 0.123937 0.001053 0.088466 0.000009
0.017960 0.547754 0.218799 0.124552 0.001071 0.089854 0.000008
0.020915 0.543418 0.219133 0.124689 0.001066 0.090771 0.000008
0.020320 0.543473 0.219611 0.124758 0.001080 0.090751 0.000008
0.020387 0.540572 0.220648 0.125228 0.001072 0.092085 0.000009
0.018700 0.538877 0.221923 0.125871 0.001104 0.093517 0.000009
0.021766 0.536106 0.221357 0.125840 0.001090 0.093831 0.000010
0.020766 0.534250 0.222411 0.126396 0.001109 0.095059 0.000009
0.021766 0.532097 0.222501 0.126591 0.001125 0.095910 0.000010
0.020830 0.530597 0.223657 0.126993 0.001123 0.096790 0.000011
0.020434 0.528487 0.224326 0.127674 0.001142 0.097927 0.000010
0.021974 0.525794 0.224574 0.127689 0.001172 0.098788 0.000009
0.020590 0.524509 0.225650 0.128185 0.001161 0.099895 0.000010
0.019287 0.523653 0.226528 0.128628 0.001182 0.100711 0.000011
0.019364 0.521265 0.227085 0.129181 0.001198 0.101898 0.000009
0.019424 0.521014 0.227055 0.129160 0.001201 0.102136 0.000011
0.019546 0.517538 0.228161 0.129787 0.001214 0.103745 0.000011
0.018137 0.515758 0.229488 0.130434 0.001218 0.104953 0.000011
0.019063 0.514604 0.229289 0.130331 0.001231 0.105473 0.000010
0.017839 0.513025 0.230442 0.130941 0.001238 0.106505 0.000010
0.019030 0.511166 0.230311 0.130973 0.001264 0.107245 0.000011
0.016850 0.509071 0.232176 0.131960 0.001277 0.108655 0.000012
0.016465 0.508146 0.232421 0.132134 0.001269 0.109553 0.000011
0.016218 0.505985 0.233408 0.132486 0.001298 0.110594 0.000011
0.015976 0.504568 0.233708 0.132907 0.001291 0.111542 0.000009
0.015698 0.501358 0.234781 0.133543 0.001306 0.113302 0.000012
0.015303 0.501408 0.234857 0.133596 0.001330 0.113494 0.000012
0.014792 0.497972 0.236387 0.134283 0.001354 0.115201 0.000011
0.014718 0.497134 0.236514 0.134465 0.001369 0.115787 0.000013
0.014114 0.494858 0.237593 0.135096 0.001371 0.116954 0.000014
0.014454 0.493381 0.237833 0.135154 0.001363 0.117802 0.000013
0.014271 0.491298 0.238575 0.135459 0.001381 0.119003 0.000013
0.014018 0.489556 0.239174 0.135843 0.001421 0.119976 0.000011
0.013795 0.488301 0.239501 0.136157 0.001420 0.120815 0.000012
0.013707 0.486948 0.239883 0.136335 0.001430 0.121685 0.000012
0.013814 0.484971 0.240429 0.136580 0.001439 0.122754 0.000012
0.013390 0.482851 0.241476 0.137119 0.001446 0.123705 0.000013
0.013411 0.479818 0.242280 0.137602 0.001471 0.125404 0.000015
0.013211 0.479277 0.242300 0.137680 0.001471 0.126047 0.000013
0.013149 0.476920 0.243122 0.138097 0.001493 0.127204 0.000014
0.013024 0.476576 0.243163 0.138175 0.001483 0.127565 0.000014
0.013322 0.475102 0.243282 0.138133 0.001505 0.128640 0.000016
0.012829 0.471571 0.244737 0.138841 0.001520 0.130486 0.000016
0.012747 0.469974 0.245091 0.139175 0.001528 0.131470 0.000015
0.012530 0.468956 0.245613 0.139426 0.001542 0.131918 0.000014
0.012628 0.466714 0.246135 0.139628 0.001569 0.133311 0.000014
0.012732 0.466202 0.246114 0.139677 0.001565 0.133696 0.000014
0.012435 0.462747 0.247274 0.140357 0.001585 0.135587 0.000015
0.012502 0.460899 0.247473 0.140698 0.001603 0.136811 0.000014
0.012370 0.460073 0.247962 0.140723 0.001591 0.137265 0.000015
0.012382 0.458385 0.248207 0.140779 0.001629 0.138601 0.000017
0.012247 0.455677 0.249081 0.141438 0.001627 0.139915 0.000014
0.012206 0.455285 0.249204 0.141425 0.001623 0.140241 0.000016
0.012064 0.452899 0.249789 0.141910 0.001660 0.141663 0.000014
0.012180 0.452116 0.250058 0.141716 0.001652 0.142264 0.000015
0.011990 0.449489 0.250529 0.142459 0.001668 0.143849 0.000016
0.011970 0.447957 0.250985 0.142305 0.001667 0.145100 0.000016
0.011960 0.445767 0.251472 0.142943 0.001696 0.146148 0.000015
0.011901 0.444639 0.251815 0.143144 0.001698 0.146787 0.000016
0.011918 0.443154 0.252134 0.143144 0.001714 0.147921 0.000015
0.011811 0.441682 0.252569 0.143449 0.001735 0.148738 0.000016
0.011834 0.439713 0.252834 0.143780 0.001741 0.150082 0.000016
0.011801 0.438072 0.253210 0.143906 0.001747 0.151248 0.000016
0.011693 0.437325 0.253602 0.143895 0.001778 0.151691 0.000017
0.011786 0.435772 0.253888 0.144051 0.001789 0.152696 0.000017
0.011688 0.433422 0.254234 0.144460 0.001812 0.154369 0.000015
0.011538 0.432113 0.254960 0.144602 0.001790 0.154980 0.000017
0.011673 0.431559 0.254891 0.144562 0.001813 0.155488 0.000014
0.011550 0.428751 0.255357 0.144942 0.001839 0.157544 0.000016
0.011507 0.426759 0.256165 0.145273 0.001862 0.158419 0.000015
0.011401 0.424322 0.256728 0.145681 0.001847 0.160006 0.000015
0.011464 0.423758 0.256634 0.145732 0.001876 0.160520 0.000016
0.011359 0.422103 0.257218 0.145641 0.001874 0.161787 0.000018
0.011391 0.421180 0.257028 0.145947 0.001895 0.162541 0.000017
0.011444 0.419402 0.257416 0.146221 0.001922 0.163574 0.000020
0.011323 0.417501 0.258149 0.146498 0.001920 0.164588 0.000020
0.011339 0.415011 0.258662 0.146649 0.001945 0.166375 0.000019
0.011381 0.414418 0.258661 0.146741 0.001946 0.166833 0.000019
0.011436 0.412921 0.258680 0.146843 0.001970 0.168130 0.000020
0.011292 0.412016 0.258945 0.147053 0.001965 0.168708 0.000021
0.011259 0.410369 0.259140 0.147205 0.001963 0.170041 0.000023
0.011333 0.407970 0.259881 0.147432 0.001983 0.171378 0.000023
0.011350 0.407124 0.259827 0.147526 0.001996 0.172156 0.000021
0.011220 0.405844 0.259987 0.147608 0.002002 0.173319 0.000020
0.011209 0.403515 0.260447 0.148015 0.002031 0.174763 0.000020
0.011128 0.402770 0.260779 0.147974 0.002066 0.175262 0.000022
0.011197 0.400892 0.261070 0.148156 0.002051 0.176610 0.000024
0.011136 0.400155 0.261252 0.148237 0.002073 0.177125 0.000023
0.011180 0.398019 0.261471 0.148451 0.002054 0.178804 0.000022
0.011235 0.397073 0.261462 0.148516 0.002076 0.179615 0.000024
0.011201 0.395407 0.261946 0.148706 0.002094 0.180622 0.000025
0.011037 0.393368 0.262258 0.148790 0.002111 0.182410 0.000026
0.011136 0.393387 0.262220 0.148837 0.002079 0.182316 0.000025
0.011152 0.391297 0.262724 0.149099 0.002133 0.183569 0.000026
0.011109 0.390370 0.262780 0.149101 0.002131 0.184483 0.000026
0.011154 0.388228 0.263160 0.149269 0.002148 0.186015 0.000026
0.011064 0.386620 0.263509 0.149417 0.002137 0.187224 0.000029
0.011107 0.385978 0.263605 0.149439 0.002154 0.187686 0.000031
0.011044 0.383753 0.263894 0.149637 0.002178 0.189468 0.000027
0.011000 0.381924 0.264199 0.150056 0.002170 0.190623 0.000028
0.011000 0.381054 0.264044 0.149963 0.002196 0.191716 0.000027
0.011088 0.378947 0.264526 0.150233 0.002227 0.192948 0.000030
0.011110 0.378168 0.264571 0.150329 0.002247 0.193546 0.000030
0.011007 0.376816 0.264730 0.150503 0.002249 0.194665 0.000030
0.010990 0.375784 0.265155 0.150445 0.002231 0.195366 0.000029
0.011130 0.373959 0.265011 0.150500 0.002269 0.197100 0.000029
0.011052 0.372546 0.265171 0.150812 0.002276 0.198112 0.000031
0.011119 0.371164 0.265637 0.150557 0.002278 0.199216 0.000030
0.011025 0.369288 0.265601 0.151068 0.002293 0.200694 0.000030
0.011085 0.367818 0.266123 0.151173 0.002308 0.201461 0.000031
0.011032 0.366887 0.266178 0.151119 0.002341 0.202412 0.000030
0.011078 0.365568 0.266419 0.151123 0.002346 0.203434 0.000032
0.011067 0.364449 0.266410 0.151294 0.002348 0.204398 0.000034
0.010963 0.363001 0.266564 0.151206 0.002352 0.205881 0.000033
0.010947 0.362442 0.266641 0.151236 0.002371 0.206326 0.000036
0.011093 0.360753 0.266887 0.151233 0.002377 0.207621 0.000036
0.010961 0.359163 0.267158 0.151524 0.002375 0.208785 0.000036
0.011023 0.358109 0.267326 0.151467 0.002408 0.209633 0.000034
0.010998 0.357021 0.267188 0.151729 0.002408 0.210622 0.000034
0.010978 0.354880 0.267468 0.151969 0.002425 0.212246 0.000034
0.011033 0.353355 0.267389 0.151919 0.002439 0.213829 0.000037
0.010961 0.352617 0.267693 0.151777 0.002443 0.214472 0.000037
0.011074 0.351789 0.267710 0.151924 0.002447 0.215020 0.000036
0.011038 0.350579 0.267912 0.152066 0.002470 0.215899 0.000036
0.011037 0.348619 0.268216 0.151803 0.002462 0.217826 0.000037
0.010986 0.348071 0.268390 0.152004 0.002484 0.218026 0.000039
0.011133 0.346840 0.268248 0.152100 0.002502 0.219139 0.000038
0.010999 0.345626 0.268328 0.152100 0.002529 0.220378 0.000040
0.011074 0.343734 0.268478 0.152360 0.002512 0.221804 0.000037
0.010969 0.342398 0.268473 0.152318 0.002559 0.223246 0.000038
0.011066 0.342249 0.268399 0.152319 0.002556 0.223374 0.000037
0.011054 0.340592 0.268594 0.152417 0.002561 0.224737 0.000045
0.011135 0.339845 0.268612 0.152311 0.002552 0.225505 0.000040
0.011097 0.338232 0.268912 0.152420 0.002566 0.226733 0.000040
0.011015 0.336952 0.269052 0.152518 0.002591 0.227830 0.000042
0.011009 0.334908 0.269065 0.152552 0.002612 0.229808 0.000045
0.010989 0.334875 0.268753 0.152541 0.002611 0.230186 0.000045
0.011033 0.333341 0.269019 0.152802 0.002619 0.231141 0.000044
0.011118 0.331252 0.269143 0.152559 0.002657 0.233226 0.000045
0.011009 0.329513 0.269415 0.152977 0.002680 0.234364 0.000042
0.011066 0.330035 0.269324 0.152702 0.002650 0.234182 0.000042
0.011118 0.327625 0.269711 0.152669 0.002679 0.236151 0.000047
0.011042 0.326626 0.269880 0.152893 0.002682 0.236832 0.000045
0.011088 0.325157 0.269799 0.152862 0.002695 0.238355 0.000043
0.011098 0.324491 0.269579 0.152805 0.002699 0.239280 0.000047
0.011089 0.324173 0.269614 0.152787 0.002725 0.239564 0.000047
0.011105 0.322378 0.269675 0.152976 0.002729 0.241093 0.000043
0.011249 0.321153 0.269520 0.152933 0.002732 0.242368 0.000045
0.011076 0.319984 0.269578 0.153084 0.002757 0.243477 0.000044
0.011087 0.320110 0.269587 0.153076 0.002753 0.243342 0.000046
0.011188 0.317945 0.269796 0.152913 0.002767 0.245342 0.000050
0.011259 0.316181 0.270098 0.152972 0.002788 0.246654 0.000049
0.011152 0.315565 0.269844 0.152956 0.002758 0.247674 0.000051
0.011134 0.314315 0.270149 0.153175 0.002765 0.248413 0.000049
0.011218 0.313532 0.269840 0.153025 0.002797 0.249540 0.000048
0.011106 0.312881 0.270029 0.152868 0.002836 0.250231 0.000048
0.011209 0.311068 0.270059 0.153174 0.002795 0.251647 0.000049
0.011271 0.310134 0.269953 0.153058 0.002809 0.252725 0.000050
0.011155 0.309198 0.270068 0.153108 0.002812 0.253607 0.000052
0.011226 0.308352 0.269768 0.152898 0.002846 0.254861 0.000050
0.011232 0.306420 0.270117 0.153034 0.002867 0.256277 0.000053
0.011303 0.305752 0.269941 0.152989 0.002877 0.257087 0.000051
0.011205 0.304839 0.270074 0.153003 0.002861 0.257964 0.000053
0.011152 0.303170 0.269889 0.152999 0.002906 0.259830 0.000054
0.011246 0.301934 0.270124 0.153066 0.002892 0.260684 0.000054
0.011338 0.301210 0.269943 0.152984 0.002945 0.261526 0.000055
0.011314 0.300943 0.269956 0.152668 0.002948 0.262116 0.000054
0.011243 0.299967 0.269806 0.152869 0.002947 0.263115 0.000053
0.011480 0.298009 0.269787 0.152860 0.002989 0.264819 0.000056
0.011425 0.296810 0.269745 0.152846 0.002942 0.266176 0.000056
0.011343 0.295940 0.269881 0.152873 0.002967 0.266935 0.000060
0.011402 0.295123 0.269646 0.152954 0.002943 0.267873 0.000059
0.011342 0.293960 0.269672 0.152856 0.003002 0.269106 0.000063
0.011409 0.292914 0.269679 0.152749 0.003016 0.270173 0.000060
0.011431 0.292558 0.269569 0.152689 0.003004 0.270688 0.000060
0.011455 0.291033 0.269603 0.152596 0.003008 0.272247 0.000059
0.011495 0.289665 0.269420 0.152535 0.003008 0.273810 0.000067
0.011435 0.289462 0.269632 0.152645 0.003035 0.273730 0.000060
0.011425 0.287399 0.269732 0.152483 0.003058 0.275840 0.000062
0.011461 0.287275 0.269392 0.152561 0.003044 0.276204 0.000063
0.011553 0.286584 0.269331 0.152588 0.003081 0.276798 0.000066
0.011459 0.285130 0.269578 0.152559 0.003056 0.278154 0.000062
0.011487 0.284120 0.269400 0.152505 0.003096 0.279329 0.000063
0.011503 0.282711 0.269015 0.152541 0.003117 0.281048 0.000064
0.011586 0.281986 0.269232 0.152465 0.003084 0.281583 0.000064
0.011571 0.281086 0.269238 0.152267 0.003114 0.282658 0.000067
0.011519 0.279782 0.269097 0.152537 0.003122 0.283872 0.000072
0.011554 0.278780 0.268914 0.152318 0.003124 0.285241 0.000069
0.011615 0.278309 0.268733 0.152214 0.003162 0.285901 0.000066
0.011559 0.276685 0.268913 0.152059 0.003160 0.287555 0.000069
0.011664 0.276819 0.268793 0.152136 0.003139 0.287378 0.000072
0.011609 0.275850 0.268806 0.152225 0.003170 0.288272 0.000068
0.011696 0.274982 0.268600 0.152158 0.003176 0.289320 0.000067
0.011642 0.274231 0.268681 0.151739 0.003188 0.290446 0.000071
0.011656 0.272649 0.268334 0.151922 0.003183 0.292186 0.000071
0.011589 0.271313 0.268517 0.151865 0.003244 0.293401 0.000070
0.011629 0.270870 0.268397 0.151766 0.003230 0.294033 0.000075
0.011673 0.269525 0.268370 0.151810 0.003212 0.295338 0.000072
0.011754 0.268669 0.267923 0.151787 0.003259 0.296537 0.000070
0.011790 0.267738 0.267901 0.151700 0.003291 0.297506 0.000074
0.011758 0.266465 0.267862 0.151551 0.003258 0.299029 0.000078
0.011799 0.265559 0.267804 0.151590 0.003280 0.299895 0.000074
0.011896 0.265135 0.267630 0.151396 0.003237 0.300632 0.000074
0.011958 0.264221 0.267492 0.151531 0.003268 0.301460 0.000070
0.011876 0.263900 0.267574 0.151463 0.003269 0.301841 0.000077
0.011940 0.262784 0.267364 0.151125 0.003289 0.303420 0.000079
0.011858 0.261491 0.267407 0.150969 0.003297 0.304902 0.000076
0.011789 0.260487 0.266947 0.151099 0.003338 0.306265 0.000076
0.011975 0.259987 0.266902 0.150862 0.003327 0.306864 0.000084
0.011924 0.259973 0.266948 0.150930 0.003308 0.306841 0.000076
0.011989 0.257447 0.266999 0.150993 0.003354 0.309137 0.000080
0.012065 0.257114 0.266424 0.150783 0.003373 0.310160 0.000081
0.012048 0.256641 0.266530 0.150650 0.003369 0.310683 0.000080
0.012027 0.255280 0.266420 0.150856 0.003375 0.311965 0.000078
0.012096 0.253947 0.266331 0.150761 0.003393 0.313386 0.000086
0.012123 0.253179 0.266000 0.150506 0.003397 0.314717 0.000079
0.012142 0.253092 0.265869 0.150518 0.003408 0.314889 0.000082
0.012163 0.251551 0.265875 0.150499 0.003427 0.316406 0.000080
0.012060 0.250730 0.265813 0.150494 0.003432 0.317389 0.000081
0.012243 0.251036 0.265468 0.150488 0.003424 0.317256 0.000085
0.012251 0.249618 0.265539 0.150360 0.003437 0.318711 0.000084
0.012302 0.248237 0.265247 0.150135 0.003456 0.320534 0.000089
0.012302 0.247258 0.265300 0.150169 0.003466 0.321419 0.000086
0.012326 0.246832 0.265084 0.150029 0.003496 0.322147 0.000086
0.012252 0.246037 0.264888 0.150030 0.003474 0.323232 0.000087
0.012459 0.245239 0.264640 0.149933 0.003501 0.324140 0.000089
0.012352 0.244497 0.264496 0.149759 0.003496 0.325313 0.000087
0.012351 0.243909 0.264618 0.149498 0.003527 0.326009 0.000089
0.012372 0.243088 0.264130 0.149723 0.003534 0.327061 0.000093
0.012374 0.241940 0.264229 0.149584 0.003516 0.328264 0.000094
0.012475 0.241666 0.263965 0.149640 0.003523 0.328641 0.000090
0.012519 0.240418 0.263954 0.149445 0.003567 0.330004 0.000094
0.012389 0.239666 0.263606 0.149300 0.003554 0.331390 0.000094
0.012527 0.238348 0.263511 0.149318 0.003545 0.332658 0.000094
0.012565 0.238326 0.263287 0.148878 0.003534 0.333312 0.000100
0.012459 0.237204 0.263269 0.148967 0.003594 0.334412 0.000095
0.012552 0.236712 0.263011 0.148852 0.003614 0.335161 0.000098
0.012632 0.235089 0.262890 0.148859 0.003599 0.336831 0.000099
0.012566 0.234966 0.262826 0.148778 0.003568 0.337198 0.000098
0.012649 0.233695 0.262309 0.148745 0.003589 0.338912 0.000101
0.012677 0.233569 0.262199 0.148702 0.003606 0.339148 0.000099
0.012698 0.232758 0.262252 0.148407 0.003644 0.340139 0.000102
0.012728 0.231427 0.261900 0.148303 0.003644 0.341900 0.000098
0.012829 0.231842 0.261801 0.148462 0.003639 0.341329 0.000099
0.012878 0.230204 0.261694 0.148313 0.003629 0.343182 0.000099
0.012786 0.229911 0.261513 0.148215 0.003657 0.343814 0.000103
0.012958 0.228925 0.261544 0.147969 0.003687 0.344808 0.000108
0.012925 0.227934 0.261168 0.148021 0.003661 0.346188 0.000104
0.012892 0.227058 0.261092 0.147760 0.003682 0.347415 0.000101
0.012989 0.226543 0.260493 0.147880 0.003701 0.348289 0.000104
0.013044 0.225797 0.260787 0.147609 0.003703 0.348956 0.000105
0.013065 0.225658 0.260093 0.147729 0.003688 0.349663 0.000103
0.013052 0.224005 0.260255 0.147422 0.003737 0.351421 0.000108
0.013061 0.223691 0.260128 0.147331 0.003764 0.351921 0.000104
0.013064 0.222799 0.259999 0.147118 0.003747 0.353168 0.000105
0.013126 0.222598 0.259780 0.147116 0.003756 0.353517 0.000107
0.013146 0.221291 0.259476 0.147028 0.003795 0.355158 0.000105
0.013136 0.220782 0.259382 0.146743 0.003758 0.356086 0.000113
0.013189 0.219431 0.259378 0.146874 0.003812 0.357205 0.000111
0.013175 0.219362 0.259127 0.146690 0.003783 0.357753 0.000110
0.013276 0.218925 0.258802 0.146590 0.003774 0.358516 0.000117
0.013178 0.217968 0.258722 0.146314 0.003764 0.359944 0.000109
0.013288 0.217453 0.258525 0.146409 0.003790 0.360421 0.000114
0.013235 0.216759 0.258321 0.145899 0.003796 0.361880 0.000110
0.013347 0.215562 0.257832 0.146097 0.003801 0.363249 0.000111
0.013307 0.215627 0.257680 0.146005 0.003838 0.363428 0.000116
0.013277 0.214331 0.257528 0.145696 0.003823 0.365229 0.000115
0.013416 0.213857 0.257415 0.145693 0.003821 0.365682 0.000116
0.013481 0.213021 0.257220 0.145623 0.003877 0.366662 0.000116
0.013299 0.212564 0.257119 0.145725 0.003819 0.367354 0.000120
0.013423 0.211354 0.257010 0.145496 0.003852 0.368752 0.000114
0.013422 0.211290 0.256686 0.145341 0.003873 0.369267 0.000122
0.013605 0.210116 0.256418 0.145141 0.003859 0.370742 0.000119
0.013623 0.210179 0.256157 0.144946 0.003887 0.371088 0.000121
0.013543 0.209590 0.256236 0.145126 0.003863 0.371521 0.000121
0.013555 0.208561 0.255756 0.144744 0.003932 0.373322 0.000130
0.013698 0.207847 0.255738 0.144783 0.003874 0.373940 0.000121
0.013718 0.206801 0.255329 0.144447 0.003944 0.375635 0.000127
0.013676 0.206916 0.255442 0.144414 0.003872 0.375557 0.000123
0.013685 0.206017 0.255250 0.144148 0.003912 0.376869 0.000121
0.013704 0.205514 0.255193 0.144274 0.003913 0.377274 0.000127
0.013872 0.204485 0.254798 0.144078 0.003903 0.378742 0.000123
0.013896 0.203502 0.254368 0.143914 0.003899 0.380290 0.000131
0.013843 0.203423 0.254239 0.143651 0.003951 0.380763 0.000131
0.013936 0.202379 0.254046 0.143698 0.003940 0.381872 0.000129
0.013974 0.201765 0.253395 0.143333 0.003979 0.383431 0.000124
0.013882 0.201167 0.253477 0.143421 0.003964 0.383962 0.000127
0.013989 0.200418 0.253273 0.143410 0.003982 0.384799 0.000130
0.014036 0.200225 0.252989 0.143103 0.003999 0.385521 0.000126
0.014138 0.200059 0.252839 0.143054 0.003939 0.385846 0.000125
0.014060 0.198787 0.252456 0.143187 0.003989 0.387390 0.000131
0.014085 0.197909 0.251928 0.142829 0.003969 0.389150 0.000130
0.014121 0.198076 0.252152 0.142644 0.003962 0.388912 0.000133
0.014206 0.197127 0.251883 0.142611 0.004004 0.390037 0.000132
0.014180 0.195951 0.251858 0.142470 0.003998 0.391411 0.000132
0.014345 0.195938 0.251489 0.142293 0.004007 0.391797 0.000131
0.014248 0.195240 0.251307 0.142274 0.004030 0.392774 0.000128
0.014277 0.194322 0.250943 0.142224 0.004022 0.394073 0.000137
0.014240 0.193984 0.250969 0.142098 0.004042 0.394531 0.000134
0.014458 0.193102 0.250394 0.141898 0.004042 0.395974 0.000133
0.014396 0.193038 0.250333 0.141637 0.004046 0.396418 0.000131
0.014508 0.192418 0.250453 0.141625 0.004010 0.396849 0.000138
0.014513 0.191245 0.249718 0.141299 0.004049 0.399033 0.000142
0.014520 0.190996 0.249871 0.141050 0.004063 0.399362 0.000138
0.014505 0.190749 0.249474 0.141139 0.004064 0.399930 0.000139
0.014487 0.189638 0.248987 0.141059 0.004078 0.401610 0.000142
0.014518 0.189578 0.249135 0.141177 0.004061 0.401389 0.000142
0.014666 0.188505 0.248645 0.140841 0.004094 0.403108 0.000141
0.014714 0.188242 0.248595 0.140720 0.004096 0.403491 0.000142
0.014714 0.187225 0.248084 0.140677 0.004117 0.405035 0.000149
0.014657 0.187168 0.248033 0.140548 0.004091 0.405364 0.000139
0.014887 0.186418 0.247572 0.140408 0.004096 0.406482 0.000137
0.014712 0.185975 0.247457 0.140201 0.004104 0.407411 0.000140
0.014792 0.185273 0.247045 0.139947 0.004122 0.408676 0.000144
0.014805 0.184806 0.246860 0.139782 0.004157 0.409445 0.000145
0.014974 0.184309 0.246775 0.139600 0.004105 0.410091 0.000146
0.014820 0.183621 0.246389 0.139567 0.004154 0.411301 0.000148
0.014962 0.183070 0.246470 0.139461 0.004163 0.411732 0.000143
0.014974 0.182783 0.246084 0.139550 0.004105 0.412364 0.000141
0.015146 0.182105 0.245679 0.139289 0.004178 0.413449 0.000154
0.015027 0.181277 0.245498 0.139013 0.004137 0.414897 0.000151
0.015094 0.181249 0.245189 0.138960 0.004198 0.415166 0.000145
0.015074 0.180367 0.244935 0.138940 0.004178 0.416360 0.000145
0.015064 0.179972 0.244928 0.138654 0.004186 0.417046 0.000148
0.015175 0.179780 0.244309 0.138500 0.004200 0.417891 0.000145
0.015160 0.178576 0.243896 0.138509 0.004189 0.419512 0.000159
0.015235 0.178493 0.243789 0.138345 0.004248 0.419745 0.000145
0.015329 0.177524 0.243397 0.138002 0.004220 0.421377 0.000150
0.015322 0.177405 0.243395 0.137952 0.004245 0.421527 0.000154
0.015309 0.176701 0.242812 0.137841 0.004256 0.422932 0.000150
0.015360 0.176485 0.242896 0.137679 0.004253 0.423184 0.000143
0.015339 0.175962 0.242694 0.137305 0.004250 0.424303 0.000148
0.015469 0.175046 0.242567 0.137507 0.004265 0.424990 0.000156
0.015366 0.174990 0.242340 0.137129 0.004284 0.425738 0.000152
0.015485 0.174456 0.241890 0.137120 0.004319 0.426576 0.000153
0.015472 0.173426 0.241396 0.137174 0.004311 0.428072 0.000149
0.015499 0.173337 0.241413 0.136795 0.004335 0.428473 0.000149
0.015596 0.172391 0.241001 0.136644 0.004330 0.429885 0.000152
0.015577 0.171728 0.240798 0.136405 0.004340 0.430994 0.000157
0.015734 0.171835 0.240508 0.136576 0.004340 0.430850 0.000156
0.015618 0.170993 0.240333 0.136270 0.004311 0.432316 0.000159
0.015803 0.170805 0.240013 0.136141 0.004344 0.432733 0.000161
0.015656 0.170229 0.239639 0.136170 0.004302 0.433846 0.000158
0.015897 0.169914 0.239503 0.135760 0.004368 0.434402 0.000157
0.015826 0.169526 0.239239 0.135806 0.004381 0.435057 0.000165
0.015724 0.168716 0.239170 0.135636 0.004374 0.436223 0.000157
0.015923 0.168371 0.238696 0.135572 0.004361 0.436912 0.000164
0.015987 0.167712 0.238512 0.135156 0.004346 0.438126 0.000160
0.015832 0.167356 0.238339 0.134963 0.004387 0.438958 0.000166
0.016060 0.166745 0.237926 0.135079 0.004424 0.439604 0.000164
0.015958 0.166611 0.237863 0.134716 0.004370 0.440328 0.000154
0.016135 0.166022 0.237628 0.134585 0.004419 0.441043 0.000168
0.016014 0.165522 0.237269 0.134542 0.004417 0.442067 0.000169
0.016168 0.164719 0.236878 0.134347 0.004397 0.443322 0.000169
0.016195 0.164734 0.236681 0.134342 0.004433 0.443440 0.000176
0.016245 0.163929 0.236306 0.133937 0.004433 0.444977 0.000173
0.016252 0.163386 0.235929 0.133799 0.004454 0.446012 0.000167
0.016170 0.163412 0.235761 0.133746 0.004432 0.446307 0.000173
0.016306 0.163162 0.235977 0.133593 0.004436 0.446358 0.000167
0.016320 0.162352 0.235348 0.133372 0.004421 0.448007 0.000180
0.016331 0.161578 0.235044 0.133413 0.004417 0.449047 0.000170
0.016411 0.161516 0.234848 0.133162 0.004448 0.449440 0.000175
0.016375 0.160961 0.234550 0.132917 0.004430 0.450598 0.000170
0.016420 0.159999 0.234073 0.132808 0.004433 0.452081 0.000185
0.016667 0.159817 0.233760 0.132599 0.004467 0.452509 0.000179
0.016553 0.159616 0.233821 0.132520 0.004486 0.452822 0.000183
0.016626 0.159402 0.233385 0.132205 0.004495 0.453707 0.000179
0.016730 0.158785 0.233486 0.132070 0.004467 0.454283 0.000179
0.016708 0.158375 0.233021 0.131944 0.004512 0.455263 0.000176
0.016737 0.158006 0.232928 0.131922 0.004456 0.455768 0.000181
0.016770 0.157667 0.232551 0.131658 0.004547 0.456627 0.000180
0.016852 0.157219 0.232307 0.131597 0.004490 0.457353 0.000182
0.016960 0.156599 0.231970 0.131393 0.004538 0.458366 0.000174
0.016944 0.156242 0.231560 0.131543 0.004513 0.459013 0.000184
0.016873 0.155793 0.231635 0.130906 0.004544 0.460066 0.000183
0.017062 0.155384 0.231104 0.130911 0.004539 0.460815 0.000186
0.017034 0.154819 0.230740 0.130735 0.004517 0.461974 0.000181
0.017077 0.154597 0.230583 0.130455 0.004543 0.462555 0.000189
0.017031 0.154392 0.230331 0.130394 0.004539 0.463125 0.000187
0.017009 0.153862 0.230008 0.130351 0.004574 0.463998 0.000198
0.017201 0.153409 0.230004 0.130107 0.004554 0.464547 0.000177
0.017140 0.152829 0.229347 0.129876 0.004594 0.466028 0.000186
0.017237 0.152824 0.229363 0.129840 0.004592 0.465961 0.000184
0.017328 0.152124 0.229027 0.129415 0.004544 0.467374 0.000188
0.017437 0.151559 0.228332 0.129442 0.004590 0.468450 0.000190
0.017301 0.151380 0.228041 0.129459 0.004578 0.469044 0.000197
0.017527 0.150588 0.227870 0.129139 0.004623 0.470069 0.000184
0.017439 0.150619 0.227554 0.129028 0.004632 0.470538 0.000190
0.017476 0.150395 0.227756 0.128975 0.004628 0.470589 0.000183
0.017534 0.149703 0.227259 0.128713 0.004609 0.471986 0.000195
0.017640 0.149405 0.227024 0.128443 0.004638 0.472655 0.000194
0.017509 0.149195 0.226676 0.128607 0.004600 0.473223 0.000189
0.017707 0.148708 0.226613 0.128373 0.004622 0.473782 0.000196
0.017673 0.147946 0.226331 0.128236 0.004627 0.474997 0.000190
0.017700 0.148192 0.226233 0.128034 0.004657 0.474984 0.000200
0.017783 0.147332 0.225693 0.127928 0.004656 0.476425 0.000184
0.017782 0.147160 0.225533 0.127588 0.004659 0.477081 0.000198
0.017878 0.146523 0.225049 0.127376 0.004643 0.478340 0.000191
0.018000 0.146338 0.224677 0.127424 0.004655 0.478713 0.000194
0.018030 0.146144 0.224702 0.127017 0.004640 0.479270 0.000197
0.017918 0.145658 0.224244 0.126965 0.004655 0.480361 0.000198
0.017950 0.145206 0.224107 0.126725 0.004680 0.481130 0.000201
0.018133 0.144894 0.223973 0.126825 0.004701 0.481270 0.000204
0.018178 0.144309 0.223645 0.126515 0.004665 0.482492 0.000196
0.018021 0.144374 0.223729 0.126463 0.004671 0.482548 0.000195
0.018103 0.144166 0.223285 0.126249 0.004672 0.483330 0.000195
0.018246 0.143102 0.222502 0.125862 0.004718 0.485360 0.000209
0.018219 0.143444 0.222434 0.125958 0.004774 0.484959 0.000213
0.018187 0.142496 0.222038 0.125842 0.004723 0.486513 0.000201
0.018238 0.142569 0.221887 0.125642 0.004723 0.486738 0.000204
0.018310 0.142040 0.221657 0.125379 0.004739 0.487673 0.000202
0.018398 0.141846 0.221560 0.125207 0.004714 0.488069 0.000206
0.018424 0.141153 0.220736 0.125173 0.004740 0.489567 0.000207
0.018398 0.141061 0.220588 0.125041 0.004736 0.489968 0.000208
0.018454 0.141003 0.220507 0.124722 0.004745 0.490363 0.000206
0.018444 0.140310 0.220408 0.124754 0.004718 0.491157 0.000208
0.018555 0.140075 0.220082 0.124677 0.004727 0.491686 0.000197
0.018600 0.140100 0.220013 0.124608 0.004705 0.491772 0.000202
0.018729 0.139340 0.219367 0.124147 0.004757 0.493452 0.000208
0.018675 0.139161 0.219354 0.124019 0.004736 0.493846 0.000210
0.018723 0.138606 0.218895 0.123785 0.004752 0.495029 0.000209
0.018778 0.137962 0.218374 0.123865 0.004749 0.496058 0.000214
0.018806 0.137659 0.218052 0.123494 0.004799 0.496981 0.000210
0.018982 0.137428 0.217784 0.123472 0.004750 0.497373 0.000211
0.018979 0.137185 0.217654 0.122970 0.004798 0.498205 0.000209
0.019029 0.137300 0.217537 0.123072 0.004784 0.498068 0.000210
0.018958 0.136768 0.217010 0.123083 0.004736 0.499223 0.000221
0.018899 0.136524 0.216801 0.122721 0.004784 0.500050 0.000221
0.019053 0.135991 0.216448 0.122552 0.004821 0.500912 0.000223
0.019091 0.135960 0.216442 0.122381 0.004822 0.501089 0.000216
0.019242 0.135376 0.216125 0.122265 0.004791 0.501989 0.000212
0.019140 0.135085 0.215690 0.121926 0.004816 0.503119 0.000224
0.019234 0.134692 0.215331 0.122045 0.004833 0.503651 0.000215
0.019349 0.134599 0.215261 0.121618 0.004872 0.504068 0.000233
0.019390 0.133998 0.214847 0.121450 0.004834 0.505264 0.000218
0.019369 0.133625 0.214585 0.121365 0.004849 0.505985 0.000221
0.019362 0.133354 0.214207 0.121510 0.004794 0.506551 0.000222
0.019336 0.133468 0.214268 0.121030 0.004849 0.506831 0.000218
0.019577 0.132710 0.213872 0.121008 0.004856 0.507752 0.000225
0.019580 0.132451 0.213478 0.120630 0.004813 0.508826 0.000223
0.019732 0.132244 0.212785 0.120657 0.004841 0.509516 0.000226
