0.949505 0.049549 0.000607 0.000324 0.000000 0.000016 0.000000
0.904860 0.093181 0.001212 0.000716 0.000000 0.000031 0.000000
0.892928 0.104758 0.001420 0.000854 0.000000 0.000040 0.000000
0.881408 0.115968 0.001617 0.000958 0.000000 0.000049 0.000000
0.867816 0.129182 0.001857 0.001092 0.000000 0.000053 0.000000
0.855715 0.140833 0.002117 0.001273 0.000000 0.000061 0.000000
0.842468 0.153613 0.002439 0.001419 0.000000 0.000061 0.000000
0.826291 0.169307 0.002763 0.001571 0.000000 0.000068 0.000000
0.813282 0.181817 0.003078 0.001746 0.000000 0.000077 0.000000
0.797893 0.196642 0.003428 0.001948 0.000000 0.000088 0.000000
0.784355 0.209703 0.003715 0.002119 0.000000 0.000108 0.000000
0.766339 0.227011 0.004160 0.002363 0.000000 0.000127 0.000000
0.750995 0.241695 0.004569 0.002598 0.000001 0.000142 0.000000
0.735541 0.256565 0.004911 0.002822 0.000001 0.000160 0.000000
0.719373 0.272021 0.005355 0.003072 0.000001 0.000178 0.000000
0.701982 0.288559 0.005901 0.003357 0.000001 0.000199 0.000000
0.687375 0.302448 0.006329 0.003626 0.000002 0.000219 0.000000
0.671356 0.317591 0.006867 0.003940 0.000003 0.000244 0.000000
0.656656 0.331478 0.007351 0.004235 0.000002 0.000278 0.000000
0.641407 0.345835 0.007913 0.004545 0.000003 0.000296 0.000000
0.626698 0.359549 0.008521 0.004898 0.000004 0.000331 0.000000
0.611608 0.373681 0.009126 0.005232 0.000004 0.000350 0.000000
0.598056 0.386320 0.009673 0.005582 0.000005 0.000364 0.000000
0.582776 0.400478 0.010386 0.005952 0.000007 0.000401 0.000000
0.568613 0.413591 0.011022 0.006336 0.000006 0.000432 0.000000
0.556953 0.424230 0.011636 0.006709 0.000007 0.000466 0.000000
0.540582 0.439239 0.012480 0.007191 0.000007 0.000502 0.000000
0.529778 0.448987 0.013132 0.007569 0.000006 0.000527 0.000000
0.517703 0.459855 0.013864 0.007997 0.000007 0.000573 0.000000
0.505226 0.471117 0.014620 0.008412 0.000008 0.000617 0.000000
0.492589 0.482398 0.015459 0.008871 0.000008 0.000675 0.000000
0.479480 0.494099 0.016318 0.009372 0.000009 0.000722 0.000000
0.470744 0.501613 0.017062 0.009798 0.000009 0.000775 0.000000
0.457865 0.512932 0.018010 0.010336 0.000008 0.000849 0.000000
0.448569 0.520972 0.018770 0.010774 0.000009 0.000906 0.000000
0.440796 0.527675 0.019437 0.011114 0.000009 0.000968 0.000000
0.429561 0.537262 0.020433 0.011702 0.000011 0.001031 0.000000
0.416955 0.548384 0.021355 0.012187 0.000011 0.001109 0.000000
0.404808 0.558630 0.022489 0.012850 0.000013 0.001210 0.000000
0.398884 0.563338 0.023230 0.013257 0.000014 0.001276 0.000000
0.384885 0.575246 0.024503 0.013948 0.000015 0.001402 0.000000
0.376125 0.582422 0.025397 0.014523 0.000017 0.001516 0.000000
0.368406 0.588751 0.026278 0.014960 0.000017 0.001588 0.000000
0.358951 0.596291 0.027417 0.015602 0.000021 0.001718 0.000000
0.350929 0.602534 0.028532 0.016168 0.000023 0.001815 0.000000
0.339585 0.611752 0.029787 0.016917 0.000024 0.001935 0.000000
0.331401 0.618053 0.030975 0.017509 0.000024 0.002037 0.000000
0.326542 0.621391 0.031830 0.018068 0.000028 0.002142 0.000000
0.318646 0.627372 0.032976 0.018712 0.000029 0.002265 0.000000
0.312769 0.631376 0.034050 0.019381 0.000030 0.002395 0.000000
0.303641 0.638469 0.035195 0.020140 0.000030 0.002525 0.000000
0.298267 0.641686 0.036458 0.020870 0.000031 0.002689 0.000000
0.295292 0.643293 0.037304 0.021306 0.000034 0.002771 0.000000
0.286555 0.649337 0.038916 0.022190 0.000037 0.002965 0.000000
0.281611 0.652593 0.039909 0.022757 0.000037 0.003093 0.000000
0.270980 0.660427 0.041580 0.023668 0.000041 0.003304 0.000000
0.265487 0.663888 0.042769 0.024350 0.000045 0.003461 0.000000
0.262114 0.665532 0.043776 0.024931 0.000048 0.003599 0.000000
0.256479 0.668730 0.045247 0.025702 0.000049 0.003791 0.000000
0.249326 0.673599 0.046533 0.026503 0.000052 0.003987 0.000000
0.240952 0.679166 0.048149 0.027446 0.000053 0.004234 0.000000
0.236297 0.682008 0.049260 0.027967 0.000056 0.004411 0.000000
0.228230 0.687030 0.051019 0.028991 0.000060 0.004669 0.000000
0.222359 0.690539 0.052349 0.029782 0.000063 0.004907 0.000000
0.217768 0.692977 0.053575 0.030516 0.000064 0.005099 0.000000
0.213014 0.694767 0.055278 0.031504 0.000067 0.005370 0.000000
0.207559 0.697694 0.056654 0.032357 0.000072 0.005664 0.000000
0.204964 0.697912 0.058066 0.033090 0.000073 0.005895 0.000000
0.204103 0.697592 0.058792 0.033416 0.000074 0.006023 0.000000
0.193908 0.703673 0.061123 0.034762 0.000078 0.006457 0.000000
0.190900 0.704123 0.062577 0.035596 0.000081 0.006722 0.000000
0.190092 0.703415 0.063474 0.036066 0.000089 0.006865 0.000000
0.183840 0.706322 0.065367 0.037136 0.000090 0.007245 0.000000
0.183863 0.704028 0.066714 0.037805 0.000094 0.007496 0.000000
0.183028 0.702780 0.067795 0.038506 0.000105 0.007785 0.000000
0.186103 0.698035 0.068783 0.039010 0.000107 0.007962 0.000000
0.183932 0.698078 0.069959 0.039623 0.000110 0.008297 0.000000
0.181377 0.697747 0.071609 0.040517 0.000111 0.008638 0.000001
0.180177 0.696925 0.072689 0.041210 0.000113 0.008886 0.000001
0.180586 0.694556 0.073716 0.041849 0.000120 0.009172 0.000000
0.179296 0.693546 0.075069 0.042519 0.000119 0.009450 0.000001
0.179767 0.691969 0.075623 0.042874 0.000125 0.009643 0.000001
0.174964 0.693313 0.077440 0.044031 0.000122 0.010128 0.000001
0.176428 0.690440 0.078129 0.044536 0.000126 0.010339 0.000001
0.169896 0.693713 0.080021 0.045451 0.000134 0.010784 0.000001
0.167271 0.693430 0.081724 0.046275 0.000140 0.011158 0.000001
0.164187 0.693957 0.082874 0.047278 0.000145 0.011558 0.000001
0.164001 0.693408 0.083369 0.047372 0.000146 0.011703 0.000001
0.159969 0.693986 0.085195 0.048469 0.000152 0.012229 0.000001
0.153067 0.697677 0.086982 0.049497 0.000157 0.012620 0.000000
0.152148 0.696153 0.088217 0.050231 0.000174 0.013076 0.000001
0.150041 0.695723 0.089573 0.051002 0.000172 0.013489 0.000001
0.145500 0.697386 0.091260 0.051858 0.000174 0.013821 0.000001
0.147594 0.694367 0.091723 0.052095 0.000179 0.014041 0.000001
0.140517 0.696842 0.094236 0.053570 0.000186 0.014649 0.000001
0.139628 0.695473 0.095387 0.054207 0.000194 0.015111 0.000001
0.137692 0.694669 0.096868 0.055047 0.000191 0.015532 0.000001
0.136126 0.694888 0.097553 0.055426 0.000195 0.015810 0.000001
0.134429 0.693235 0.099388 0.056388 0.000207 0.016352 0.000001
0.131180 0.693474 0.100970 0.057331 0.000214 0.016830 0.000001
0.133573 0.690070 0.101424 0.057579 0.000211 0.017142 0.000001
0.131704 0.687856 0.103611 0.058823 0.000215 0.017789 0.000001
0.128992 0.688734 0.104511 0.059358 0.000216 0.018188 0.000001
0.123468 0.689894 0.106909 0.060636 0.000228 0.018864 0.000001
0.118585 0.691667 0.108524 0.061632 0.000231 0.019359 0.000001
0.120231 0.688323 0.109451 0.062077 0.000231 0.019686 0.000001
0.118512 0.688117 0.110361 0.062683 0.000238 0.020087 0.000001
0.115060 0.687918 0.112233 0.063701 0.000250 0.020837 0.000001
0.110452 0.688888 0.114093 0.064843 0.000255 0.021468 0.000001
0.107465 0.689466 0.115489 0.065406 0.000254 0.021919 0.000001
0.100194 0.692097 0.117883 0.066865 0.000255 0.022705 0.000001
0.098310 0.691672 0.118964 0.067551 0.000275 0.023227 0.000001
0.093061 0.692734 0.121360 0.068761 0.000281 0.023801 0.000001
0.092148 0.692660 0.121802 0.068983 0.000284 0.024124 0.000001
0.085529 0.693952 0.124615 0.070604 0.000297 0.025002 0.000001
0.082257 0.694216 0.126146 0.071461 0.000299 0.025619 0.000002
0.078305 0.693221 0.128764 0.072845 0.000318 0.026546 0.000001
0.075235 0.692940 0.130318 0.074036 0.000320 0.027149 0.000002
0.072347 0.693046 0.131853 0.074761 0.000320 0.027671 0.000002
0.070358 0.691117 0.133876 0.075886 0.000331 0.028430 0.000002
0.070589 0.688816 0.134820 0.076409 0.000331 0.029033 0.000002
0.067456 0.688855 0.136451 0.077270 0.000337 0.029629 0.000002
0.065211 0.686088 0.138794 0.078840 0.000361 0.030705 0.000002
0.066824 0.683615 0.139181 0.078960 0.000363 0.031054 0.000002
0.062560 0.683087 0.141585 0.080447 0.000373 0.031945 0.000002
0.062830 0.681990 0.142116 0.080513 0.000372 0.032177 0.000002
0.057717 0.681568 0.144740 0.082229 0.000387 0.033357 0.000002
0.057744 0.678825 0.146129 0.082906 0.000395 0.033999 0.000002
0.056370 0.678247 0.146959 0.083425 0.000408 0.034589 0.000003
0.054830 0.677703 0.147891 0.084058 0.000410 0.035106 0.000002
0.055152 0.673940 0.149610 0.084957 0.000429 0.035908 0.000004
0.052008 0.672592 0.151856 0.086216 0.000432 0.036892 0.000004
0.052942 0.670151 0.152578 0.086527 0.000443 0.037356 0.000003
0.051012 0.667398 0.154675 0.087957 0.000449 0.038508 0.000002
0.052154 0.665007 0.155217 0.088242 0.000454 0.038924 0.000003
0.053445 0.661057 0.156375 0.089056 0.000475 0.039588 0.000003
0.053051 0.658840 0.157648 0.089611 0.000473 0.040374 0.000003
0.051141 0.658373 0.158798 0.090329 0.000481 0.040875 0.000003
0.050763 0.655233 0.160465 0.091169 0.000486 0.041881 0.000003
0.047406 0.654508 0.162306 0.092439 0.000502 0.042834 0.000003
0.047822 0.651000 0.163863 0.093050 0.000511 0.043751 0.000003
0.048187 0.650411 0.163750 0.093156 0.000507 0.043984 0.000003
0.047564 0.648877 0.165002 0.093550 0.000527 0.044478 0.000003
0.045615 0.647684 0.166449 0.094519 0.000529 0.045199 0.000004
0.044065 0.644898 0.168414 0.095634 0.000555 0.046429 0.000004
0.042766 0.645461 0.168611 0.095934 0.000544 0.046680 0.000005
0.041686 0.642864 0.170453 0.096777 0.000555 0.047663 0.000003
0.040199 0.640443 0.172161 0.097750 0.000580 0.048863 0.000004
0.039629 0.639109 0.172922 0.098349 0.000590 0.049396 0.000005
0.041250 0.634844 0.174022 0.098944 0.000584 0.050353 0.000005
0.041438 0.633582 0.174373 0.099130 0.000599 0.050875 0.000004
0.039100 0.632070 0.176227 0.100259 0.000620 0.051719 0.000005
0.038668 0.630937 0.176795 0.100673 0.000617 0.052306 0.000005
0.038855 0.627237 0.178540 0.101466 0.000631 0.053265 0.000005
0.036589 0.625931 0.180081 0.102472 0.000637 0.054285 0.000005
0.035387 0.623965 0.181278 0.103444 0.000643 0.055278 0.000004
0.035586 0.622226 0.182051 0.103692 0.000666 0.055774 0.000005
0.035669 0.620413 0.182761 0.103888 0.000646 0.056618 0.000006
0.038876 0.615811 0.183322 0.104208 0.000657 0.057120 0.000005
0.040952 0.611993 0.183967 0.104525 0.000670 0.057888 0.000006
0.036164 0.613733 0.185423 0.105481 0.000681 0.058513 0.000005
0.037449 0.610568 0.186053 0.105757 0.000684 0.059483 0.000006
0.036297 0.608457 0.187508 0.106544 0.000701 0.060486 0.000007
0.037101 0.605640 0.188297 0.107043 0.000703 0.061210 0.000005
0.035502 0.604122 0.189608 0.107749 0.000712 0.062300 0.000007
0.036780 0.602618 0.189511 0.107686 0.000703 0.062696 0.000006
0.035370 0.599702 0.191573 0.108801 0.000726 0.063822 0.000006
0.034402 0.599306 0.192102 0.109212 0.000740 0.064231 0.000007
0.032452 0.597198 0.193562 0.110275 0.000753 0.065754 0.000007
0.030655 0.595956 0.195182 0.110881 0.000749 0.066568 0.000009
0.030214 0.593746 0.196097 0.111578 0.000782 0.067574 0.000009
0.030094 0.591491 0.197065 0.112122 0.000789 0.068431 0.000008
0.028387 0.590600 0.198194 0.112688 0.000803 0.069321 0.000008
0.028977 0.588829 0.198740 0.112768 0.000799 0.069878 0.000008
0.025342 0.587006 0.201026 0.114184 0.000809 0.071626 0.000008
0.026222 0.585664 0.201023 0.114268 0.000831 0.071986 0.000008
0.024618 0.583661 0.202723 0.115038 0.000854 0.073096 0.000010
0.024982 0.581211 0.203451 0.115511 0.000859 0.073978 0.000008
0.024492 0.579782 0.204222 0.115907 0.000883 0.074706 0.000009
0.022519 0.578102 0.205704 0.116978 0.000870 0.075818 0.000009
0.022462 0.574687 0.207039 0.117548 0.000897 0.077360 0.000008
0.021544 0.573461 0.207791 0.118066 0.000918 0.078209 0.000010
0.021683 0.572840 0.208082 0.118200 0.000894 0.078290 0.000010
0.020631 0.569694 0.209897 0.119098 0.000931 0.079739 0.000010
0.020388 0.567695 0.210561 0.119583 0.000942 0.080821 0.000011
0.019746 0.565217 0.211835 0.120359 0.000958 0.081877 0.000008
0.018718 0.564254 0.212479 0.120975 0.000962 0.082603 0.000009
0.018491 0.562320 0.213334 0.121321 0.000967 0.083557 0.000009
0.018987 0.561051 0.213680 0.121329 0.000965 0.083979 0.000008
0.018328 0.557516 0.215139 0.122335 0.000994 0.085679 0.000009
0.018497 0.557066 0.215394 0.122204 0.001017 0.085812 0.000009
0.018019 0.554095 0.216679 0.123053 0.001018 0.087125 0.000012
0.017517 0.552157 0.217470 0.123554 0.001040 0.088254 0.000008
0.017456 0.551288 0.217663 0.123810 0.001044 0.088729 0.000009
0.018642 0.547214 0.218562 0.124414 0.001063 0.090096 0.000009
0.022473 0.542358 0.218592 0.124505 0.001062 0.091002 0.000008
0.021637 0.542512 0.219226 0.124627 0.001076 0.090912 0.000009
0.021890 0.539604 0.220313 0.124971 0.001058 0.092153 0.000010
0.019769 0.538381 0.221541 0.125619 0.001096 0.093585 0.000010
0.023589 0.534755 0.220931 0.125606 0.001078 0.094029 0.000011
0.022480 0.533562 0.221808 0.126008 0.001096 0.095037 0.000009
0.023527 0.531265 0.221995 0.126153 0.001114 0.095935 0.000010
0.022435 0.529556 0.223262 0.126706 0.001119 0.096910 0.000011
0.022006 0.527514 0.223826 0.127469 0.001130 0.098044 0.000011
0.023951 0.524723 0.224001 0.127279 0.001165 0.098871 0.000010
0.022205 0.524379 0.224833 0.127767 0.001140 0.099666 0.000011
0.020644 0.522835 0.226123 0.128348 0.001168 0.100869 0.000012
0.020814 0.520620 0.226561 0.128866 0.001177 0.101953 0.000010
0.020821 0.520573 0.226489 0.128833 0.001185 0.102086 0.000012
0.021082 0.516567 0.227647 0.129547 0.001198 0.103948 0.000011
0.019170 0.514631 0.229357 0.130287 0.001212 0.105331 0.000012
0.020492 0.514019 0.228638 0.130066 0.001220 0.105554 0.000011
0.019050 0.512843 0.229763 0.130581 0.001224 0.106528 0.000011
0.020494 0.511251 0.229371 0.130525 0.001251 0.107097 0.000012
0.017794 0.508337 0.231903 0.131818 0.001267 0.108868 0.000013
0.017376 0.508247 0.231770 0.131857 0.001253 0.109486 0.000011
0.017009 0.505884 0.232887 0.132258 0.001291 0.110658 0.000012
0.016691 0.504568 0.233227 0.132715 0.001277 0.111513 0.000009
0.016442 0.501142 0.234258 0.133455 0.001285 0.113405 0.000013
0.015919 0.500914 0.234547 0.133521 0.001320 0.113765 0.000013
0.015408 0.497882 0.235905 0.134100 0.001351 0.115342 0.000011
0.015246 0.497438 0.235961 0.134303 0.001352 0.115686 0.000014
0.014500 0.494968 0.237200 0.135040 0.001362 0.116915 0.000015
0.014966 0.493516 0.237434 0.134927 0.001357 0.117786 0.000014
0.014761 0.491186 0.238189 0.135405 0.001375 0.119070 0.000014
0.014440 0.489376 0.238848 0.135745 0.001413 0.120167 0.000012
0.014193 0.488389 0.239136 0.136154 0.001402 0.120713 0.000013
0.014084 0.486851 0.239548 0.136227 0.001427 0.121850 0.000013
0.014296 0.484895 0.239998 0.136479 0.001435 0.122884 0.000013
0.013705 0.482833 0.241181 0.137041 0.001440 0.123787 0.000014
0.013776 0.479448 0.242057 0.137531 0.001473 0.125699 0.000016
0.013535 0.478874 0.242101 0.137696 0.001468 0.126310 0.000014
0.013426 0.476466 0.242937 0.138140 0.001485 0.127530 0.000016
0.013287 0.476346 0.242914 0.138134 0.001489 0.127814 0.000016
0.013692 0.475455 0.242870 0.137927 0.001498 0.128542 0.000016
0.013124 0.471255 0.244574 0.138774 0.001511 0.130743 0.000018
0.013069 0.470648 0.244517 0.138927 0.001521 0.131300 0.000017
0.012762 0.468827 0.245429 0.139307 0.001537 0.132124 0.000016
0.012889 0.466515 0.246031 0.139545 0.001554 0.133451 0.000015
0.012990 0.465865 0.245976 0.139689 0.001560 0.133904 0.000015
0.012630 0.462087 0.247230 0.140421 0.001580 0.136036 0.000015
0.012709 0.460295 0.247390 0.140721 0.001603 0.137266 0.000015
0.012545 0.459951 0.247754 0.140692 0.001590 0.137451 0.000017
0.012660 0.458634 0.247771 0.140646 0.001617 0.138654 0.000018
0.012455 0.455557 0.249003 0.141412 0.001626 0.139930 0.000016
0.012409 0.455174 0.248940 0.141393 0.001631 0.140436 0.000017
0.012310 0.453113 0.249515 0.141757 0.001646 0.141645 0.000014
0.012399 0.451545 0.250161 0.141652 0.001649 0.142579 0.000016
0.012123 0.449079 0.250589 0.142411 0.001671 0.144111 0.000016
0.012149 0.447739 0.250790 0.142328 0.001664 0.145313 0.000017
0.012182 0.446008 0.251076 0.142832 0.001678 0.146208 0.000015
0.012073 0.444416 0.251797 0.143044 0.001688 0.146966 0.000016
0.012053 0.442351 0.252258 0.143175 0.001715 0.148432 0.000016
0.011968 0.441257 0.252467 0.143479 0.001731 0.149082 0.000017
0.012035 0.439745 0.252673 0.143669 0.001740 0.150123 0.000016
0.012029 0.438160 0.252983 0.143742 0.001742 0.151328 0.000016
0.011868 0.436723 0.253488 0.143987 0.001779 0.152137 0.000017
0.011984 0.435275 0.253885 0.144054 0.001797 0.152986 0.000019
0.011867 0.433462 0.254004 0.144405 0.001802 0.154445 0.000015
0.011681 0.432019 0.254915 0.144485 0.001788 0.155093 0.000018
0.011818 0.431475 0.254682 0.144551 0.001807 0.155651 0.000014
0.011710 0.428167 0.255389 0.145008 0.001842 0.157867 0.000016
0.011677 0.426183 0.256190 0.145329 0.001852 0.158754 0.000014
0.011581 0.423744 0.256729 0.145673 0.001854 0.160402 0.000017
0.011664 0.423728 0.256342 0.145692 0.001874 0.160684 0.000017
0.011509 0.421881 0.257142 0.145620 0.001867 0.161960 0.000019
0.011516 0.420687 0.257004 0.146048 0.001888 0.162839 0.000018
0.011590 0.419011 0.257385 0.146251 0.001927 0.163815 0.000020
0.011477 0.416961 0.258112 0.146478 0.001931 0.165021 0.000021
0.011444 0.414433 0.258752 0.146638 0.001945 0.166769 0.000019
0.011546 0.414376 0.258632 0.146575 0.001952 0.166900 0.000018
0.011573 0.412557 0.258658 0.146777 0.001977 0.168437 0.000021
0.011473 0.411663 0.258810 0.147030 0.001954 0.169050 0.000020
0.011415 0.410590 0.259008 0.147066 0.001953 0.169945 0.000023
0.011478 0.407175 0.259948 0.147480 0.001976 0.171918 0.000024
0.011503 0.406927 0.259676 0.147419 0.001986 0.172468 0.000022
0.011315 0.405355 0.260093 0.147564 0.001996 0.173657 0.000020
0.011358 0.403224 0.260437 0.147957 0.002030 0.174975 0.000020
0.011229 0.402476 0.260747 0.147989 0.002060 0.175480 0.000021
0.011332 0.400335 0.260979 0.148196 0.002054 0.177080 0.000025
0.011289 0.399724 0.261282 0.148115 0.002071 0.177495 0.000023
0.011342 0.397649 0.261417 0.148420 0.002051 0.179099 0.000021
0.011419 0.396771 0.261321 0.148383 0.002073 0.180009 0.000023
0.011388 0.395069 0.261919 0.148681 0.002092 0.180828 0.000025
0.011220 0.393194 0.262100 0.148701 0.002103 0.182657 0.000026
0.011294 0.392988 0.262148 0.148799 0.002071 0.182676 0.000024
0.011312 0.390894 0.262676 0.149052 0.002138 0.183901 0.000026
0.011292 0.389931 0.262679 0.149079 0.002144 0.184850 0.000026
0.011288 0.388004 0.263059 0.149291 0.002152 0.186181 0.000025
0.011224 0.386302 0.263471 0.149429 0.002141 0.187405 0.000029
0.011239 0.385538 0.263536 0.149420 0.002152 0.188085 0.000030
0.011207 0.383621 0.263701 0.149598 0.002186 0.189660 0.000027
0.011182 0.381563 0.264111 0.150077 0.002172 0.190868 0.000028
0.011166 0.381085 0.263864 0.149902 0.002195 0.191761 0.000027
0.011243 0.378689 0.264480 0.150181 0.002227 0.193151 0.000029
0.011255 0.377702 0.264564 0.150312 0.002253 0.193885 0.000029
0.011196 0.376735 0.264433 0.150412 0.002259 0.194936 0.000028
0.011169 0.375675 0.264958 0.150417 0.002237 0.195517 0.000027
0.011297 0.373887 0.264804 0.150560 0.002257 0.197166 0.000029
0.011237 0.372161 0.264970 0.150771 0.002279 0.198552 0.000030
0.011327 0.370729 0.265425 0.150531 0.002279 0.199680 0.000029
0.011190 0.369157 0.265498 0.150982 0.002296 0.200849 0.000028
0.011241 0.367573 0.265965 0.151173 0.002305 0.201712 0.000030
0.011212 0.366664 0.265910 0.151192 0.002346 0.202647 0.000029
0.011258 0.365285 0.266226 0.151210 0.002353 0.203636 0.000032
0.011213 0.364178 0.266246 0.151305 0.002336 0.204688 0.000034
0.011133 0.363180 0.266233 0.151186 0.002333 0.205904 0.000031
0.011126 0.362357 0.266374 0.151243 0.002360 0.206505 0.000035
0.011257 0.360604 0.266771 0.151229 0.002377 0.207726 0.000036
0.011126 0.359207 0.266916 0.151515 0.002368 0.208833 0.000036
0.011203 0.358155 0.267105 0.151385 0.002396 0.209722 0.000033
0.011168 0.356850 0.267040 0.151780 0.002407 0.210720 0.000034
0.011152 0.354757 0.267361 0.151922 0.002426 0.212348 0.000033
0.011240 0.353161 0.267113 0.151895 0.002441 0.214114 0.000036
0.011125 0.352376 0.267574 0.151872 0.002437 0.214580 0.000036
0.011261 0.351697 0.267643 0.151899 0.002447 0.215019 0.000034
0.011210 0.350575 0.267853 0.152038 0.002480 0.215809 0.000035
0.011263 0.348446 0.268120 0.151767 0.002454 0.217914 0.000036
0.011177 0.348033 0.268256 0.151901 0.002485 0.218109 0.000038
0.011313 0.346776 0.268111 0.152063 0.002504 0.219199 0.000035
0.011158 0.345642 0.268142 0.152086 0.002534 0.220399 0.000039
0.011232 0.343233 0.268438 0.152338 0.002523 0.222200 0.000036
0.011168 0.342446 0.268298 0.152377 0.002559 0.223116 0.000036
0.011254 0.342572 0.268214 0.152211 0.002564 0.223150 0.000035
0.011221 0.340533 0.268515 0.152473 0.002564 0.224651 0.000044
0.011342 0.339878 0.268466 0.152297 0.002558 0.225422 0.000038
0.011270 0.338214 0.268633 0.152469 0.002572 0.226806 0.000037
0.011230 0.336999 0.268809 0.152499 0.002606 0.227818 0.000040
0.011181 0.334642 0.268849 0.152641 0.002615 0.230030 0.000042
0.011165 0.334985 0.268603 0.152486 0.002611 0.230108 0.000041
0.011184 0.332906 0.268971 0.152830 0.002628 0.231440 0.000041
0.011303 0.331174 0.269003 0.152516 0.002654 0.233310 0.000038
0.011180 0.329038 0.269339 0.152963 0.002691 0.234749 0.000039
0.011244 0.330104 0.269293 0.152577 0.002653 0.234091 0.000038
0.011276 0.327303 0.269748 0.152675 0.002674 0.236280 0.000045
0.011193 0.326363 0.269879 0.152889 0.002685 0.236950 0.000041
0.011223 0.324770 0.269858 0.152868 0.002703 0.238538 0.000041
0.011308 0.324722 0.269338 0.152726 0.002697 0.239165 0.000045
0.011258 0.323895 0.269631 0.152759 0.002739 0.239672 0.000045
0.011237 0.322114 0.269561 0.152902 0.002737 0.241405 0.000043
0.011406 0.320873 0.269277 0.152947 0.002747 0.242710 0.000041
0.011197 0.319669 0.269557 0.153109 0.002750 0.243675 0.000041
0.011251 0.319988 0.269685 0.152984 0.002755 0.243294 0.000043
0.011334 0.317838 0.269741 0.152887 0.002758 0.245392 0.000049
0.011419 0.315615 0.270153 0.152940 0.002787 0.247038 0.000047
0.011268 0.315011 0.269819 0.152984 0.002759 0.248110 0.000050
0.011287 0.313931 0.270093 0.153195 0.002764 0.248681 0.000048
0.011362 0.312982 0.269861 0.153036 0.002807 0.249907 0.000045
0.011289 0.312851 0.269915 0.152838 0.002821 0.250239 0.000046
0.011344 0.310692 0.269935 0.153227 0.002799 0.251957 0.000045
0.011453 0.309913 0.269885 0.153102 0.002814 0.252782 0.000050
0.011315 0.308861 0.270152 0.152965 0.002815 0.253841 0.000051
0.011377 0.308022 0.269712 0.152916 0.002850 0.255077 0.000046
0.011419 0.306204 0.270081 0.153011 0.002869 0.256367 0.000049
0.011457 0.305563 0.269884 0.152947 0.002875 0.257224 0.000050
0.011339 0.304890 0.270067 0.152883 0.002858 0.257917 0.000048
0.011312 0.302972 0.269822 0.152941 0.002908 0.259993 0.000050
0.011419 0.301622 0.270058 0.153091 0.002907 0.260852 0.000051
0.011477 0.301311 0.269841 0.152997 0.002935 0.261386 0.000053
0.011477 0.300715 0.269883 0.152631 0.002954 0.262288 0.000052
0.011427 0.299733 0.269759 0.152849 0.002949 0.263235 0.000049
0.011681 0.297825 0.269684 0.152766 0.002984 0.265007 0.000053
0.011613 0.296672 0.269727 0.152746 0.002938 0.266253 0.000051
0.011501 0.295709 0.269800 0.152895 0.002958 0.267081 0.000056
0.011568 0.295065 0.269496 0.152934 0.002953 0.267929 0.000056
0.011474 0.293964 0.269580 0.152829 0.002998 0.269097 0.000058
0.011568 0.292892 0.269569 0.152773 0.002998 0.270142 0.000058
0.011549 0.292572 0.269414 0.152707 0.003008 0.270693 0.000057
0.011609 0.290905 0.269497 0.152505 0.003002 0.272426 0.000058
0.011659 0.289523 0.269409 0.152449 0.003016 0.273879 0.000064
0.011590 0.289430 0.269528 0.152590 0.003038 0.273764 0.000059
0.011555 0.287580 0.269771 0.152396 0.003047 0.275590 0.000061
0.011653 0.287187 0.269340 0.152437 0.003051 0.276270 0.000062
0.011716 0.286241 0.269341 0.152536 0.003086 0.277017 0.000063
0.011620 0.284950 0.269620 0.152456 0.003053 0.278238 0.000062
0.011662 0.284291 0.269309 0.152389 0.003093 0.279197 0.000059
0.011670 0.282455 0.269004 0.152515 0.003129 0.281163 0.000064
0.011770 0.281655 0.269199 0.152385 0.003079 0.281851 0.000060
0.011709 0.281301 0.269136 0.152244 0.003108 0.282439 0.000063
0.011703 0.279808 0.268987 0.152483 0.003130 0.283821 0.000068
0.011748 0.278494 0.268852 0.152294 0.003120 0.285427 0.000065
0.011756 0.278058 0.268659 0.152153 0.003173 0.286139 0.000063
0.011701 0.276313 0.268880 0.152004 0.003165 0.287872 0.000065
0.011804 0.276878 0.268653 0.152082 0.003139 0.287377 0.000067
0.011781 0.275757 0.268788 0.152056 0.003176 0.288377 0.000066
0.011850 0.274818 0.268521 0.152116 0.003171 0.289461 0.000063
0.011768 0.274280 0.268584 0.151729 0.003184 0.290386 0.000069
0.011842 0.272551 0.268185 0.151831 0.003173 0.292349 0.000069
0.011699 0.271300 0.268462 0.151909 0.003236 0.293329 0.000066
0.011776 0.270608 0.268318 0.151681 0.003224 0.294321 0.000072
0.011801 0.269568 0.268286 0.151771 0.003202 0.295303 0.000069
0.011880 0.268481 0.267831 0.151814 0.003259 0.296665 0.000069
0.011960 0.267604 0.267819 0.151719 0.003278 0.297549 0.000071
0.011917 0.266525 0.267829 0.151447 0.003270 0.298936 0.000076
0.011899 0.265548 0.267675 0.151619 0.003287 0.299899 0.000071
0.012057 0.264966 0.267517 0.151351 0.003248 0.300790 0.000071
0.012109 0.264180 0.267449 0.151524 0.003272 0.301398 0.000067
0.012026 0.263788 0.267568 0.151443 0.003276 0.301825 0.000075
0.012145 0.262819 0.267263 0.151129 0.003287 0.303283 0.000075
0.012036 0.261165 0.267302 0.150928 0.003303 0.305193 0.000073
0.011960 0.260250 0.266840 0.151137 0.003348 0.306392 0.000073
0.012129 0.259533 0.266965 0.150894 0.003339 0.307056 0.000084
0.012100 0.259978 0.266854 0.150863 0.003328 0.306806 0.000072
0.012157 0.257290 0.266898 0.150979 0.003360 0.309236 0.000079
0.012226 0.256986 0.266427 0.150671 0.003378 0.310232 0.000080
0.012222 0.256616 0.266457 0.150630 0.003384 0.310614 0.000076
0.012165 0.255281 0.266341 0.150819 0.003380 0.311939 0.000074
0.012245 0.253769 0.266240 0.150736 0.003385 0.313543 0.000083
0.012252 0.253007 0.265879 0.150454 0.003410 0.314922 0.000076
0.012303 0.253091 0.265843 0.150471 0.003414 0.314800 0.000079
0.012344 0.251133 0.265831 0.150515 0.003435 0.316666 0.000077
0.012230 0.250556 0.265731 0.150425 0.003429 0.317554 0.000077
0.012449 0.250746 0.265343 0.150497 0.003426 0.317458 0.000081
0.012378 0.249372 0.265491 0.150259 0.003451 0.318967 0.000082
0.012450 0.248000 0.265046 0.150068 0.003459 0.320891 0.000086
0.012454 0.247053 0.265153 0.150205 0.003479 0.321574 0.000082
0.012549 0.246507 0.265014 0.149955 0.003501 0.322393 0.000081
0.012430 0.245644 0.264766 0.149933 0.003485 0.323659 0.000083
0.012634 0.244853 0.264641 0.149866 0.003508 0.324411 0.000087
0.012567 0.244186 0.264306 0.149688 0.003505 0.325663 0.000085
0.012489 0.243634 0.264353 0.149522 0.003536 0.326379 0.000088
0.012575 0.243007 0.264022 0.149684 0.003539 0.327082 0.000090
0.012569 0.241634 0.264022 0.149578 0.003525 0.328580 0.000092
0.012671 0.241621 0.263856 0.149595 0.003536 0.328634 0.000088
0.012723 0.240225 0.263841 0.149424 0.003579 0.330119 0.000089
0.012602 0.239721 0.263437 0.149115 0.003567 0.331469 0.000089
0.012717 0.238346 0.263370 0.149185 0.003553 0.332739 0.000090
0.012739 0.238443 0.263241 0.148774 0.003550 0.333157 0.000096
0.012592 0.237020 0.263256 0.148887 0.003601 0.334552 0.000092
0.012758 0.236551 0.262838 0.148687 0.003616 0.335451 0.000097
0.012880 0.235107 0.262762 0.148653 0.003602 0.336902 0.000095
0.012783 0.234654 0.262823 0.148629 0.003594 0.337424 0.000094
0.012859 0.233567 0.262291 0.148646 0.003600 0.338942 0.000094
0.012931 0.233417 0.262158 0.148506 0.003602 0.339290 0.000097
0.012897 0.232640 0.262169 0.148334 0.003654 0.340206 0.000099
0.012925 0.231274 0.261849 0.148205 0.003655 0.341996 0.000095
0.013018 0.231609 0.261802 0.148313 0.003647 0.341513 0.000097
0.013068 0.229847 0.261694 0.148228 0.003638 0.343427 0.000098
0.012999 0.229626 0.261517 0.148003 0.003682 0.344073 0.000100
0.013148 0.228820 0.261565 0.147901 0.003708 0.344756 0.000102
0.013182 0.227811 0.261070 0.147883 0.003686 0.346271 0.000096
0.013081 0.226500 0.261053 0.147607 0.003694 0.347969 0.000096
0.013170 0.226366 0.260523 0.147773 0.003728 0.348341 0.000099
0.013279 0.225655 0.260827 0.147548 0.003731 0.348862 0.000098
0.013327 0.225434 0.260146 0.147571 0.003701 0.349722 0.000099
0.013230 0.223949 0.260234 0.147336 0.003763 0.351385 0.000103
0.013272 0.223482 0.260147 0.147250 0.003792 0.351960 0.000097
0.013283 0.222489 0.259939 0.147166 0.003752 0.353268 0.000102
0.013361 0.222386 0.259731 0.147083 0.003760 0.353575 0.000103
0.013299 0.220920 0.259413 0.146976 0.003816 0.355473 0.000103
0.013311 0.220843 0.259315 0.146718 0.003773 0.355933 0.000108
0.013369 0.219103 0.259328 0.146872 0.003817 0.357407 0.000105
0.013363 0.219129 0.258969 0.146605 0.003801 0.358030 0.000104
0.013546 0.218620 0.258812 0.146476 0.003793 0.358643 0.000111
0.013374 0.217798 0.258833 0.146179 0.003778 0.359931 0.000107
0.013428 0.217359 0.258471 0.146377 0.003803 0.360452 0.000110
0.013433 0.216583 0.258263 0.145876 0.003811 0.361926 0.000108
0.013548 0.215285 0.257833 0.146026 0.003812 0.363390 0.000106
0.013521 0.215273 0.257768 0.145972 0.003838 0.363516 0.000112
0.013450 0.213967 0.257580 0.145698 0.003835 0.365360 0.000110
0.013635 0.213596 0.257559 0.145547 0.003832 0.365717 0.000113
0.013668 0.212745 0.257217 0.145607 0.003892 0.366760 0.000111
0.013501 0.212623 0.257240 0.145679 0.003833 0.367009 0.000115
0.013638 0.210926 0.257045 0.145482 0.003863 0.368937 0.000111
0.013645 0.211092 0.256618 0.145350 0.003886 0.369291 0.000117
0.013797 0.210220 0.256547 0.145221 0.003870 0.370232 0.000112
0.013787 0.210179 0.256060 0.144939 0.003902 0.371014 0.000119
0.013758 0.209460 0.256051 0.145051 0.003877 0.371684 0.000120
0.013773 0.208337 0.255736 0.144499 0.003934 0.373595 0.000125
0.013915 0.207888 0.255722 0.144798 0.003885 0.373672 0.000119
0.013970 0.206606 0.255516 0.144417 0.003948 0.375420 0.000123
0.013859 0.206846 0.255504 0.144268 0.003883 0.375518 0.000121
0.013881 0.205957 0.255345 0.144091 0.003931 0.376674 0.000120
0.013902 0.205310 0.255089 0.144154 0.003930 0.377489 0.000127
0.014079 0.204415 0.254888 0.144018 0.003909 0.378570 0.000121
0.014077 0.203219 0.254381 0.143831 0.003903 0.380463 0.000127
0.013996 0.203355 0.254216 0.143589 0.003975 0.380739 0.000130
0.014134 0.202360 0.253983 0.143583 0.003954 0.381859 0.000127
0.014149 0.201561 0.253392 0.143222 0.003996 0.383561 0.000120
0.014119 0.201012 0.253381 0.143292 0.003985 0.384090 0.000121
0.014177 0.200731 0.253435 0.143340 0.004003 0.384186 0.000130
0.014204 0.200407 0.253074 0.143079 0.004017 0.385097 0.000122
0.014324 0.200013 0.252833 0.142854 0.003963 0.385887 0.000126
0.014213 0.198700 0.252393 0.143071 0.004001 0.387493 0.000128
0.014346 0.197660 0.251950 0.142752 0.003995 0.389174 0.000124
0.014275 0.197963 0.252112 0.142475 0.003993 0.389054 0.000128
0.014417 0.196936 0.252001 0.142521 0.004035 0.389961 0.000129
0.014375 0.195949 0.251913 0.142271 0.004022 0.391342 0.000128
0.014521 0.195555 0.251395 0.142081 0.004035 0.392282 0.000130
0.014452 0.195046 0.251289 0.142112 0.004056 0.392920 0.000126
0.014509 0.194232 0.250908 0.142131 0.004041 0.394043 0.000135
0.014505 0.193928 0.251037 0.141979 0.004057 0.394362 0.000132
0.014729 0.193138 0.250235 0.141898 0.004052 0.395817 0.000130
0.014642 0.192878 0.250236 0.141553 0.004067 0.396497 0.000126
0.014730 0.192126 0.250362 0.141507 0.004038 0.397103 0.000135
0.014721 0.191188 0.249685 0.141105 0.004079 0.399079 0.000143
0.014770 0.190828 0.249861 0.140977 0.004071 0.399356 0.000137
0.014692 0.190716 0.249459 0.141137 0.004080 0.399781 0.000135
0.014683 0.189789 0.249067 0.141032 0.004080 0.401208 0.000142
0.014767 0.189454 0.249161 0.141072 0.004094 0.401312 0.000140
0.014797 0.188421 0.248737 0.140720 0.004114 0.403072 0.000139
0.014929 0.188065 0.248707 0.140570 0.004120 0.403467 0.000142
0.014954 0.187103 0.247960 0.140572 0.004135 0.405131 0.000146
0.014827 0.187043 0.248085 0.140363 0.004113 0.405429 0.000141
0.015108 0.186241 0.247499 0.140297 0.004125 0.406593 0.000138
0.014897 0.185823 0.247459 0.140010 0.004134 0.407539 0.000139
0.014991 0.185129 0.247031 0.139775 0.004151 0.408779 0.000144
0.015058 0.184600 0.246868 0.139677 0.004179 0.409471 0.000146
0.015180 0.184028 0.246871 0.139454 0.004134 0.410185 0.000148
0.015044 0.183374 0.246506 0.139448 0.004182 0.411303 0.000143
0.015177 0.182912 0.246514 0.139288 0.004190 0.411779 0.000139
0.015184 0.182454 0.245945 0.139440 0.004128 0.412708 0.000141
0.015381 0.181898 0.245766 0.139251 0.004189 0.413365 0.000149
0.015226 0.180902 0.245692 0.138879 0.004157 0.414991 0.000151
0.015297 0.181001 0.245265 0.138866 0.004213 0.415215 0.000143
0.015305 0.180165 0.245043 0.138876 0.004204 0.416264 0.000143
0.015270 0.179942 0.245088 0.138467 0.004190 0.416892 0.000151
0.015389 0.179636 0.244409 0.138347 0.004217 0.417858 0.000144
0.015389 0.178374 0.243940 0.138451 0.004198 0.419491 0.000157
0.015487 0.178047 0.243770 0.138206 0.004246 0.420098 0.000145
0.015544 0.177279 0.243373 0.137879 0.004220 0.421555 0.000151
0.015583 0.177168 0.243489 0.137827 0.004235 0.421540 0.000159
0.015526 0.176410 0.242891 0.137687 0.004284 0.423056 0.000145
0.015635 0.176321 0.242813 0.137524 0.004267 0.423297 0.000144
0.015546 0.175870 0.242771 0.137156 0.004277 0.424235 0.000146
0.015731 0.174867 0.242553 0.137441 0.004288 0.424967 0.000154
0.015633 0.175024 0.242235 0.137071 0.004317 0.425570 0.000150
0.015713 0.174252 0.241945 0.136963 0.004323 0.426652 0.000152
0.015730 0.173348 0.241479 0.137071 0.004318 0.427908 0.000147
0.015699 0.173257 0.241371 0.136722 0.004374 0.428431 0.000145
0.015811 0.172354 0.241171 0.136550 0.004341 0.429622 0.000151
0.015825 0.171457 0.240832 0.136297 0.004352 0.431083 0.000154
0.015910 0.171498 0.240417 0.136461 0.004358 0.431200 0.000156
0.015778 0.170874 0.240357 0.136118 0.004318 0.432393 0.000162
0.015945 0.170645 0.240005 0.136114 0.004350 0.432786 0.000156
0.015881 0.169986 0.239594 0.135983 0.004322 0.434075 0.000158
0.016083 0.169627 0.239533 0.135646 0.004392 0.434561 0.000157
0.016108 0.169418 0.239179 0.135695 0.004381 0.435053 0.000166
0.015913 0.168623 0.239210 0.135647 0.004399 0.436051 0.000157
0.016165 0.168219 0.238715 0.135390 0.004385 0.436964 0.000161
0.016201 0.167754 0.238480 0.135104 0.004356 0.437951 0.000155
0.016014 0.167210 0.238278 0.134881 0.004405 0.439047 0.000165
0.016250 0.166534 0.237758 0.134905 0.004427 0.439962 0.000164
0.016204 0.166379 0.237829 0.134618 0.004374 0.440442 0.000154
0.016356 0.165817 0.237618 0.134388 0.004427 0.441227 0.000168
0.016260 0.165433 0.237117 0.134362 0.004429 0.442231 0.000169
0.016408 0.164537 0.236785 0.134279 0.004417 0.443402 0.000171
0.016458 0.164210 0.236520 0.134149 0.004466 0.444018 0.000179
0.016469 0.163759 0.236222 0.133861 0.004442 0.445075 0.000172
0.016471 0.163159 0.235794 0.133769 0.004470 0.446169 0.000168
0.016372 0.163292 0.235746 0.133652 0.004455 0.446308 0.000175
0.016520 0.162955 0.235911 0.133494 0.004450 0.446498 0.000170
0.016547 0.162113 0.235235 0.133287 0.004456 0.448180 0.000182
0.016526 0.161545 0.235049 0.133294 0.004438 0.448977 0.000171
0.016591 0.161244 0.234874 0.132966 0.004487 0.449659 0.000179
0.016508 0.160666 0.234442 0.132895 0.004443 0.450876 0.000171
0.016618 0.159659 0.234025 0.132759 0.004435 0.452317 0.000187
0.016935 0.159486 0.233618 0.132524 0.004499 0.452760 0.000179
0.016784 0.159344 0.233763 0.132452 0.004491 0.452979 0.000186
0.016755 0.159255 0.233306 0.132182 0.004510 0.453813 0.000179
0.016914 0.158729 0.233430 0.132104 0.004470 0.454175 0.000178
0.016880 0.158213 0.232928 0.131808 0.004540 0.455450 0.000181
0.016889 0.157778 0.232833 0.131827 0.004449 0.456043 0.000181
0.017012 0.157556 0.232399 0.131561 0.004554 0.456735 0.000184
0.017034 0.157076 0.232244 0.131535 0.004506 0.457421 0.000184
0.017142 0.156290 0.231941 0.131395 0.004566 0.458487 0.000177
0.017067 0.156225 0.231514 0.131575 0.004523 0.458908 0.000189
0.017006 0.155751 0.231697 0.130862 0.004565 0.459932 0.000187
0.017295 0.155143 0.230969 0.130912 0.004537 0.460958 0.000186
0.017270 0.154609 0.230776 0.130645 0.004521 0.461999 0.000181
0.017249 0.154487 0.230577 0.130460 0.004567 0.462468 0.000193
0.017180 0.154228 0.230279 0.130361 0.004550 0.463214 0.000188
0.017156 0.153769 0.229889 0.130294 0.004586 0.464107 0.000199
0.017364 0.153267 0.229900 0.130083 0.004573 0.464632 0.000182
0.017303 0.152869 0.229257 0.129931 0.004588 0.465864 0.000187
0.017451 0.152501 0.229193 0.129740 0.004619 0.466309 0.000186
0.017550 0.152073 0.228935 0.129220 0.004585 0.467445 0.000192
0.017580 0.151572 0.228253 0.129430 0.004600 0.468375 0.000190
0.017406 0.151219 0.227744 0.129410 0.004608 0.469413 0.000201
0.017731 0.150231 0.227638 0.129047 0.004623 0.470543 0.000187
0.017591 0.150543 0.227405 0.128914 0.004655 0.470698 0.000193
0.017698 0.150233 0.227654 0.128892 0.004662 0.470674 0.000187
0.017737 0.149524 0.227052 0.128666 0.004662 0.472160 0.000198
0.017832 0.149327 0.226996 0.128430 0.004669 0.472554 0.000193
0.017699 0.149092 0.226505 0.128483 0.004611 0.473419 0.000191
0.017968 0.148563 0.226429 0.128230 0.004633 0.473979 0.000198
0.017856 0.147626 0.226153 0.128155 0.004646 0.475373 0.000191
0.017869 0.148039 0.226142 0.127970 0.004684 0.475099 0.000197
0.017910 0.147198 0.225577 0.127831 0.004695 0.476602 0.000188
0.018059 0.146998 0.225277 0.127523 0.004690 0.477254 0.000199
0.018123 0.146209 0.224964 0.127220 0.004675 0.478614 0.000196
0.018230 0.146037 0.224356 0.127254 0.004692 0.479228 0.000203
0.018185 0.146112 0.224675 0.126962 0.004646 0.479220 0.000199
0.018180 0.145345 0.224062 0.126834 0.004677 0.480702 0.000200
0.018141 0.145038 0.224049 0.126656 0.004687 0.481226 0.000204
0.018338 0.144890 0.223904 0.126833 0.004702 0.481125 0.000208
0.018469 0.144157 0.223574 0.126539 0.004657 0.482404 0.000199
0.018207 0.144316 0.223784 0.126372 0.004674 0.482451 0.000196
0.018364 0.143929 0.222973 0.126175 0.004691 0.483673 0.000196
0.018418 0.142977 0.222332 0.125830 0.004728 0.485509 0.000207
0.018395 0.143404 0.222277 0.125968 0.004789 0.484955 0.000212
0.018413 0.142412 0.221855 0.125850 0.004734 0.486531 0.000205
0.018391 0.142525 0.221766 0.125621 0.004738 0.486752 0.000206
0.018539 0.141724 0.221468 0.125226 0.004778 0.488061 0.000203
0.018585 0.141704 0.221463 0.125264 0.004746 0.488031 0.000208
0.018645 0.141059 0.220523 0.125262 0.004756 0.489546 0.000209
0.018645 0.140875 0.220499 0.124940 0.004753 0.490076 0.000212
0.018726 0.140744 0.220159 0.124584 0.004768 0.490811 0.000208
0.018633 0.140179 0.220166 0.124686 0.004743 0.491383 0.000209
0.018766 0.139976 0.219875 0.124606 0.004775 0.491799 0.000203
0.018861 0.139997 0.219800 0.124457 0.004740 0.491940 0.000203
0.019001 0.139089 0.219015 0.124020 0.004790 0.493875 0.000210
0.018878 0.138948 0.219119 0.123961 0.004771 0.494113 0.000209
0.019020 0.138497 0.218695 0.123734 0.004784 0.495057 0.000213
0.019022 0.137683 0.218062 0.123743 0.004782 0.496497 0.000212
0.019063 0.137593 0.217970 0.123285 0.004822 0.497050 0.000218
0.019246 0.137348 0.217703 0.123437 0.004769 0.497281 0.000215
0.019209 0.137073 0.217482 0.122944 0.004833 0.498244 0.000214
0.019287 0.137205 0.217496 0.122939 0.004820 0.498041 0.000210
0.019229 0.136583 0.216875 0.122976 0.004781 0.499337 0.000219
0.019136 0.136413 0.216782 0.122559 0.004816 0.500072 0.000222
0.019263 0.135892 0.216497 0.122456 0.004859 0.500804 0.000229
0.019376 0.135882 0.216297 0.122345 0.004846 0.501039 0.000214
0.019425 0.135211 0.215930 0.122160 0.004834 0.502222 0.000218
0.019394 0.134955 0.215459 0.121798 0.004872 0.503296 0.000226
0.019437 0.134585 0.215252 0.121883 0.004877 0.503750 0.000217
0.019637 0.134528 0.215030 0.121473 0.004910 0.504188 0.000235
0.019730 0.133808 0.214704 0.121361 0.004872 0.505304 0.000221
0.019689 0.133290 0.214315 0.121219 0.004889 0.506374 0.000224
0.019641 0.133145 0.214154 0.121406 0.004825 0.506601 0.000227
0.019644 0.133302 0.214060 0.120975 0.004879 0.506917 0.000223
0.019870 0.132492 0.213663 0.120854 0.004887 0.508007 0.000227
0.019873 0.132285 0.213389 0.120550 0.004829 0.508851 0.000224
0.019995 0.132179 0.212557 0.120538 0.004858 0.509645 0.000227
