0.950022 0.049042 0.000603 0.000318 0.000000 0.000015 0.000000
0.906038 0.092038 0.001195 0.000703 0.000000 0.000026 0.000000
0.893918 0.103808 0.001398 0.000842 0.000000 0.000034 0.000000
0.882521 0.114903 0.001595 0.000938 0.000000 0.000043 0.000000
0.869187 0.127866 0.001828 0.001071 0.000000 0.000048 0.000000
0.857012 0.139596 0.002087 0.001248 0.000000 0.000057 0.000000
0.843815 0.152328 0.002403 0.001396 0.000000 0.000057 0.000000
0.827792 0.167870 0.002729 0.001545 0.000000 0.000064 0.000000
0.814527 0.180641 0.003045 0.001713 0.000000 0.000073 0.000000
0.799011 0.195618 0.003378 0.001909 0.000000 0.000084 0.000000
0.785781 0.208379 0.003663 0.002071 0.000000 0.000105 0.000000
0.767275 0.226154 0.004117 0.002331 0.000000 0.000122 0.000000
0.751592 0.241165 0.004536 0.002566 0.000001 0.000140 0.000000
0.736396 0.255797 0.004864 0.002786 0.000001 0.000156 0.000000
0.719617 0.271847 0.005312 0.003049 0.000001 0.000174 0.000000
0.702526 0.288099 0.005847 0.003331 0.000001 0.000196 0.000000
0.687463 0.302435 0.006284 0.003599 0.000001 0.000217 0.000000
0.671504 0.317526 0.006811 0.003915 0.000002 0.000242 0.000000
0.656665 0.331553 0.007299 0.004202 0.000002 0.000279 0.000000
0.641405 0.345926 0.007851 0.004516 0.000002 0.000298 0.000000
0.627099 0.359253 0.008448 0.004866 0.000003 0.000331 0.000000
0.611723 0.373673 0.009056 0.005196 0.000003 0.000349 0.000000
0.598168 0.386278 0.009625 0.005561 0.000005 0.000363 0.000000
0.583906 0.399464 0.010309 0.005920 0.000006 0.000395 0.000000
0.570235 0.412095 0.010942 0.006297 0.000006 0.000425 0.000000
0.558856 0.422435 0.011563 0.006683 0.000006 0.000457 0.000000
0.543230 0.436772 0.012361 0.007140 0.000006 0.000491 0.000000
0.532844 0.446147 0.012988 0.007500 0.000005 0.000516 0.000000
0.521810 0.456060 0.013669 0.007897 0.000006 0.000557 0.000000
0.508957 0.467649 0.014458 0.008331 0.000006 0.000599 0.000000
0.496713 0.478553 0.015277 0.008795 0.000007 0.000655 0.000000
0.484262 0.489658 0.016104 0.009267 0.000007 0.000701 0.000000
0.475725 0.496986 0.016845 0.009682 0.000008 0.000755 0.000000
0.462418 0.508736 0.017795 0.010217 0.000007 0.000827 0.000000
0.453821 0.516223 0.018458 0.010613 0.000007 0.000877 0.000000
0.445889 0.523052 0.019144 0.010964 0.000007 0.000944 0.000000
0.434255 0.533053 0.020134 0.011542 0.000009 0.001007 0.000000
0.422295 0.543626 0.020997 0.011999 0.000009 0.001074 0.000000
0.410286 0.553785 0.022121 0.012629 0.000010 0.001170 0.000000
0.403695 0.559149 0.022876 0.013036 0.000011 0.001235 0.000000
0.389426 0.571331 0.024136 0.013741 0.000012 0.001354 0.000000
0.381065 0.578224 0.024956 0.014283 0.000015 0.001458 0.000000
0.372826 0.585027 0.025868 0.014733 0.000014 0.001532 0.000000
0.362506 0.593425 0.027012 0.015384 0.000018 0.001656 0.000000
0.355031 0.599137 0.028104 0.015951 0.000020 0.001757 0.000000
0.342987 0.609085 0.029362 0.016673 0.000021 0.001872 0.000000
0.333717 0.616299 0.030664 0.017310 0.000022 0.001989 0.000000
0.330160 0.618553 0.031417 0.017769 0.000024 0.002076 0.000000
0.321259 0.625483 0.032576 0.018453 0.000026 0.002204 0.000000
0.314837 0.629994 0.033678 0.019133 0.000026 0.002332 0.000000
0.306325 0.636436 0.034832 0.019917 0.000026 0.002464 0.000000
0.301318 0.639492 0.035983 0.020575 0.000027 0.002605 0.000000
0.297615 0.641739 0.036877 0.021047 0.000030 0.002693 0.000000
0.288986 0.647676 0.038509 0.021914 0.000032 0.002884 0.000000
0.282953 0.651966 0.039534 0.022504 0.000032 0.003011 0.000000
0.271484 0.660512 0.041274 0.023468 0.000036 0.003225 0.000000
0.267048 0.662960 0.042436 0.024129 0.000040 0.003387 0.000000
0.263897 0.664469 0.043431 0.024658 0.000042 0.003503 0.000000
0.257840 0.668174 0.044847 0.025401 0.000043 0.003694 0.000000
0.250827 0.672951 0.046085 0.026202 0.000046 0.003889 0.000000
0.241942 0.678901 0.047793 0.027176 0.000048 0.004139 0.000000
0.237449 0.681713 0.048812 0.027681 0.000050 0.004296 0.000000
0.230423 0.685874 0.050462 0.028623 0.000054 0.004563 0.000000
0.222037 0.691338 0.052111 0.029623 0.000057 0.004835 0.000000
0.218410 0.693061 0.053207 0.030251 0.000059 0.005012 0.000000
0.212815 0.695674 0.054926 0.031244 0.000063 0.005278 0.000000
0.207164 0.698777 0.056314 0.032108 0.000067 0.005570 0.000000
0.204144 0.699232 0.057825 0.032913 0.000068 0.005817 0.000000
0.202794 0.699169 0.058701 0.033305 0.000069 0.005962 0.000000
0.193341 0.704570 0.060995 0.034629 0.000073 0.006393 0.000000
0.189911 0.705660 0.062335 0.035379 0.000075 0.006640 0.000000
0.188259 0.705340 0.063483 0.036019 0.000084 0.006814 0.000000
0.182800 0.707700 0.065248 0.036994 0.000085 0.007172 0.000000
0.182379 0.705707 0.066680 0.037719 0.000090 0.007425 0.000000
0.182076 0.703952 0.067732 0.038430 0.000100 0.007710 0.000000
0.185093 0.699239 0.068745 0.038924 0.000102 0.007896 0.000000
0.183441 0.699048 0.069738 0.039467 0.000106 0.008200 0.000000
0.180815 0.698913 0.071308 0.040332 0.000106 0.008526 0.000000
0.180333 0.697057 0.072550 0.041134 0.000110 0.008815 0.000000
0.181451 0.694017 0.073598 0.041720 0.000116 0.009098 0.000000
0.180187 0.693301 0.074764 0.042296 0.000115 0.009337 0.000001
0.180257 0.691714 0.075552 0.042775 0.000120 0.009582 0.000001
0.176012 0.692737 0.077244 0.043845 0.000117 0.010044 0.000001
0.177999 0.689624 0.077777 0.044264 0.000121 0.010215 0.000000
0.171557 0.692916 0.079601 0.045147 0.000127 0.010651 0.000000
0.170411 0.691176 0.081275 0.045966 0.000135 0.011037 0.000001
0.167288 0.691565 0.082572 0.046993 0.000143 0.011440 0.000001
0.167359 0.691018 0.082894 0.047030 0.000141 0.011557 0.000000
0.162539 0.692168 0.084854 0.048179 0.000150 0.012110 0.000000
0.156605 0.695366 0.086375 0.049068 0.000153 0.012434 0.000000
0.155405 0.693986 0.087687 0.049860 0.000167 0.012894 0.000000
0.152093 0.694595 0.089156 0.050672 0.000168 0.013315 0.000001
0.147264 0.696688 0.090769 0.051483 0.000170 0.013625 0.000001
0.148026 0.694673 0.091365 0.051881 0.000174 0.013881 0.000001
0.141259 0.696782 0.093935 0.053335 0.000182 0.014506 0.000001
0.141120 0.695021 0.094882 0.053856 0.000189 0.014931 0.000000
0.137659 0.695538 0.096465 0.054781 0.000187 0.015370 0.000000
0.136303 0.695303 0.097326 0.055235 0.000191 0.015642 0.000000
0.135155 0.693465 0.098949 0.056053 0.000204 0.016174 0.000001
0.129335 0.695380 0.101040 0.057319 0.000210 0.016716 0.000001
0.132648 0.691175 0.101407 0.057502 0.000209 0.017058 0.000001
0.131533 0.688628 0.103370 0.058625 0.000214 0.017630 0.000001
0.129336 0.689030 0.104248 0.059131 0.000215 0.018040 0.000000
0.123641 0.690151 0.106724 0.060500 0.000227 0.018757 0.000000
0.121587 0.690120 0.107800 0.061162 0.000224 0.019105 0.000001
0.120558 0.688554 0.109222 0.061885 0.000227 0.019554 0.000000
0.120252 0.687314 0.109926 0.062373 0.000235 0.019900 0.000001
0.118329 0.686001 0.111573 0.063253 0.000246 0.020598 0.000000
0.114401 0.686524 0.113259 0.064352 0.000251 0.021212 0.000000
0.112651 0.686612 0.114229 0.064704 0.000249 0.021554 0.000001
0.105675 0.688342 0.116930 0.066347 0.000249 0.022458 0.000001
0.103245 0.688546 0.117977 0.067019 0.000266 0.022946 0.000000
0.098837 0.689482 0.120032 0.067961 0.000273 0.023414 0.000000
0.099535 0.688481 0.120068 0.067967 0.000276 0.023673 0.000000
0.091194 0.690504 0.123403 0.069917 0.000291 0.024690 0.000001
0.087487 0.691018 0.125049 0.070861 0.000295 0.025290 0.000001
0.084108 0.690121 0.127310 0.072009 0.000310 0.026142 0.000001
0.082677 0.688547 0.128644 0.073122 0.000312 0.026695 0.000001
0.079849 0.688889 0.130013 0.073744 0.000312 0.027191 0.000001
0.076740 0.687793 0.132203 0.074967 0.000325 0.027971 0.000001
0.076843 0.686087 0.132904 0.075358 0.000323 0.028484 0.000001
0.073613 0.685859 0.134734 0.076348 0.000330 0.029115 0.000001
0.073265 0.682249 0.136507 0.077587 0.000350 0.030041 0.000001
0.072486 0.681029 0.137555 0.078043 0.000355 0.030530 0.000002
0.068699 0.680706 0.139545 0.079339 0.000364 0.031345 0.000002
0.068154 0.679720 0.140464 0.079654 0.000366 0.031642 0.000001
0.062754 0.679565 0.143156 0.081298 0.000382 0.032844 0.000001
0.063031 0.676909 0.144330 0.081895 0.000391 0.033442 0.000002
0.061544 0.676353 0.145252 0.082443 0.000402 0.034003 0.000003
0.060342 0.675681 0.146000 0.083053 0.000403 0.034519 0.000002
0.059320 0.672883 0.147984 0.084077 0.000421 0.035312 0.000003
0.055249 0.671908 0.150543 0.085499 0.000424 0.036373 0.000003
0.056032 0.669566 0.151295 0.085818 0.000436 0.036851 0.000003
0.054206 0.667071 0.153189 0.087166 0.000442 0.037925 0.000002
0.054743 0.665264 0.153771 0.087449 0.000450 0.038321 0.000002
0.056324 0.661507 0.154711 0.088070 0.000466 0.038919 0.000002
0.055203 0.659081 0.156452 0.088951 0.000465 0.039845 0.000002
0.053081 0.658744 0.157673 0.089653 0.000476 0.040371 0.000002
0.052448 0.656008 0.159254 0.090449 0.000480 0.041359 0.000002
0.048921 0.655617 0.161042 0.091679 0.000493 0.042247 0.000002
0.048952 0.651766 0.162976 0.092507 0.000501 0.043295 0.000002
0.048668 0.651134 0.163228 0.092835 0.000502 0.043630 0.000003
0.049293 0.649873 0.163633 0.092791 0.000518 0.043889 0.000002
0.046484 0.648341 0.165753 0.094092 0.000520 0.044806 0.000003
0.045337 0.646001 0.167266 0.094994 0.000548 0.045850 0.000004
0.043995 0.646259 0.167620 0.095372 0.000539 0.046211 0.000004
0.042460 0.643812 0.169646 0.096300 0.000551 0.047228 0.000003
0.040727 0.641403 0.171489 0.097379 0.000575 0.048423 0.000004
0.040022 0.640350 0.172238 0.097855 0.000586 0.048944 0.000004
0.041722 0.636025 0.173334 0.098480 0.000579 0.049856 0.000004
0.041889 0.634838 0.173615 0.098658 0.000596 0.050400 0.000003
0.039441 0.632908 0.175727 0.099906 0.000617 0.051397 0.000004
0.038979 0.632255 0.176106 0.100196 0.000614 0.051846 0.000004
0.039013 0.628277 0.178063 0.101102 0.000628 0.052913 0.000005
0.036927 0.627065 0.179452 0.102009 0.000633 0.053910 0.000005
0.035737 0.625121 0.180643 0.102987 0.000633 0.054874 0.000003
0.035867 0.623426 0.181407 0.103254 0.000659 0.055383 0.000004
0.035995 0.621800 0.182018 0.103419 0.000636 0.056126 0.000005
0.035150 0.619199 0.183719 0.104286 0.000653 0.056988 0.000004
0.035261 0.616681 0.184641 0.104859 0.000669 0.057883 0.000005
0.032236 0.617052 0.185930 0.105648 0.000678 0.058453 0.000004
0.032824 0.614649 0.186556 0.105945 0.000682 0.059339 0.000005
0.031633 0.611628 0.188500 0.106949 0.000698 0.060585 0.000006
0.031122 0.609870 0.189385 0.107595 0.000704 0.061320 0.000004
0.028931 0.609054 0.190735 0.108215 0.000705 0.062353 0.000005
0.030035 0.607763 0.190551 0.108222 0.000700 0.062723 0.000005
0.028328 0.604525 0.192917 0.109545 0.000728 0.063952 0.000005
0.027540 0.603638 0.193617 0.109891 0.000745 0.064562 0.000006
0.025526 0.601698 0.195036 0.111012 0.000755 0.065967 0.000006
0.024503 0.599431 0.196785 0.111660 0.000750 0.066864 0.000008
0.023335 0.597763 0.197794 0.112425 0.000782 0.067893 0.000008
0.022965 0.595511 0.198901 0.113054 0.000785 0.068777 0.000006
0.022395 0.594082 0.199698 0.113510 0.000803 0.069505 0.000007
0.022601 0.592070 0.200546 0.113770 0.000801 0.070205 0.000007
0.021994 0.588932 0.201939 0.114644 0.000810 0.071674 0.000006
0.021696 0.587777 0.202466 0.114910 0.000832 0.072313 0.000006
0.020825 0.585092 0.204092 0.115727 0.000854 0.073403 0.000008
0.020363 0.583131 0.205028 0.116337 0.000850 0.074284 0.000007
0.020371 0.581214 0.205751 0.116781 0.000880 0.074995 0.000007
0.019857 0.579541 0.206547 0.117364 0.000867 0.075816 0.000007
0.019120 0.575406 0.208552 0.118274 0.000896 0.077745 0.000007
0.018981 0.574254 0.208886 0.118650 0.000911 0.078310 0.000008
0.019347 0.573688 0.209080 0.118610 0.000892 0.078375 0.000008
0.018600 0.570516 0.210773 0.119434 0.000925 0.079743 0.000009
0.018556 0.568356 0.211392 0.119953 0.000938 0.080797 0.000008
0.017880 0.565653 0.212813 0.120790 0.000952 0.081906 0.000007
0.017932 0.564392 0.213003 0.121116 0.000953 0.082597 0.000008
0.017561 0.563087 0.213606 0.121376 0.000959 0.083405 0.000007
0.017663 0.561255 0.214452 0.121617 0.000956 0.084050 0.000007
0.017033 0.557574 0.215966 0.122704 0.000993 0.085723 0.000007
0.017237 0.557131 0.216206 0.122561 0.001011 0.085847 0.000008
0.017002 0.554246 0.217344 0.123294 0.001014 0.087090 0.000010
0.016764 0.552278 0.217928 0.123747 0.001032 0.088245 0.000007
0.016722 0.551480 0.218146 0.123943 0.001038 0.088664 0.000008
0.018089 0.547612 0.218840 0.124576 0.001062 0.089815 0.000007
0.021813 0.542335 0.219194 0.124701 0.001054 0.090897 0.000007
0.020986 0.542362 0.219776 0.124850 0.001072 0.090947 0.000008
0.021569 0.539901 0.220521 0.124966 0.001055 0.091979 0.000009
0.019284 0.538127 0.222055 0.125810 0.001095 0.093620 0.000009
0.023029 0.534522 0.221486 0.125835 0.001074 0.094045 0.000009
0.022085 0.533320 0.222319 0.126203 0.001090 0.094975 0.000008
0.023133 0.530728 0.222593 0.126419 0.001106 0.096011 0.000009
0.022238 0.529687 0.223512 0.126771 0.001110 0.096673 0.000009
0.021600 0.527426 0.224265 0.127621 0.001122 0.097957 0.000009
0.023824 0.524925 0.224186 0.127320 0.001157 0.098580 0.000009
0.021747 0.523753 0.225511 0.128075 0.001137 0.099768 0.000009
0.020585 0.523247 0.226138 0.128287 0.001159 0.100573 0.000010
0.020645 0.520521 0.226819 0.128935 0.001172 0.101899 0.000009
0.020680 0.520238 0.226841 0.128956 0.001182 0.102093 0.000010
0.020892 0.516429 0.227908 0.129648 0.001189 0.103924 0.000010
0.019005 0.515189 0.229440 0.130207 0.001197 0.104952 0.000010
0.020256 0.514149 0.228918 0.130059 0.001216 0.105393 0.000009
0.018778 0.512729 0.230152 0.130674 0.001214 0.106443 0.000009
0.020321 0.511344 0.229609 0.130576 0.001239 0.106901 0.000010
0.017686 0.508907 0.231878 0.131729 0.001252 0.108538 0.000011
0.017161 0.508178 0.232085 0.131966 0.001250 0.109351 0.000009
0.016846 0.505721 0.233222 0.132355 0.001290 0.110556 0.000010
0.016555 0.504764 0.233405 0.132729 0.001266 0.111275 0.000008
0.016325 0.501043 0.234558 0.133492 0.001282 0.113289 0.000011
0.015829 0.501718 0.234480 0.133389 0.001309 0.113264 0.000011
0.015371 0.498179 0.236007 0.134093 0.001341 0.114998 0.000010
0.015122 0.497275 0.236257 0.134388 0.001349 0.115598 0.000012
0.014400 0.494940 0.237390 0.135134 0.001358 0.116764 0.000013
0.014875 0.493917 0.237548 0.134856 0.001345 0.117447 0.000012
0.014621 0.491174 0.238440 0.135439 0.001369 0.118945 0.000012
0.014410 0.489569 0.238892 0.135780 0.001414 0.119923 0.000011
0.014131 0.488711 0.239183 0.136137 0.001393 0.120432 0.000012
0.014031 0.486830 0.239720 0.136296 0.001413 0.121699 0.000012
0.014217 0.485263 0.240057 0.136428 0.001419 0.122604 0.000012
0.013602 0.482734 0.241458 0.137160 0.001432 0.123602 0.000012
0.013708 0.479454 0.242327 0.137510 0.001459 0.125528 0.000014
0.013501 0.479372 0.242182 0.137671 0.001445 0.125816 0.000013
0.013438 0.477008 0.242959 0.137987 0.001470 0.127124 0.000014
0.013278 0.477145 0.242892 0.137961 0.001475 0.127234 0.000014
0.013568 0.474972 0.243311 0.138100 0.001494 0.128541 0.000015
0.013074 0.471509 0.244761 0.138762 0.001500 0.130378 0.000016
0.012997 0.470692 0.244782 0.138940 0.001508 0.131067 0.000015
0.012668 0.468718 0.245796 0.139379 0.001523 0.131901 0.000014
0.012833 0.466329 0.246281 0.139636 0.001546 0.133361 0.000014
0.012893 0.465846 0.246316 0.139695 0.001552 0.133685 0.000013
0.012598 0.462431 0.247340 0.140361 0.001572 0.135686 0.000013
0.012692 0.460524 0.247505 0.140690 0.001590 0.136985 0.000014
0.012519 0.459924 0.247968 0.140699 0.001585 0.137291 0.000015
0.012579 0.458366 0.248139 0.140783 0.001613 0.138503 0.000016
0.012443 0.455972 0.248952 0.141355 0.001615 0.139649 0.000014
0.012394 0.455377 0.249152 0.141355 0.001618 0.140090 0.000015
0.012248 0.453080 0.249742 0.141828 0.001637 0.141452 0.000013
0.012367 0.452063 0.250231 0.141618 0.001639 0.142068 0.000014
0.012097 0.449419 0.250687 0.142378 0.001663 0.143740 0.000015
0.012141 0.447805 0.251018 0.142322 0.001660 0.145040 0.000015
0.012113 0.445911 0.251419 0.142929 0.001676 0.145939 0.000013
0.012035 0.444740 0.251962 0.143037 0.001678 0.146534 0.000014
0.012041 0.442782 0.252349 0.143142 0.001705 0.147965 0.000015
0.011963 0.441431 0.252684 0.143445 0.001726 0.148735 0.000016
0.012021 0.440157 0.252801 0.143614 0.001738 0.149654 0.000015
0.011983 0.437823 0.253369 0.143844 0.001730 0.151236 0.000015
0.011832 0.436858 0.253756 0.144013 0.001770 0.151756 0.000015
0.011958 0.435444 0.254055 0.144080 0.001789 0.152656 0.000017
0.011893 0.433591 0.254189 0.144401 0.001790 0.154122 0.000014
0.011684 0.432142 0.255057 0.144558 0.001775 0.154767 0.000016
0.011818 0.431475 0.254910 0.144549 0.001796 0.155439 0.000013
0.011693 0.427906 0.255691 0.145062 0.001841 0.157793 0.000015
0.011717 0.426640 0.256258 0.145266 0.001846 0.158260 0.000013
0.011565 0.424017 0.256890 0.145661 0.001849 0.160002 0.000016
0.011653 0.423700 0.256659 0.145697 0.001866 0.160410 0.000015
0.011502 0.422129 0.257318 0.145631 0.001858 0.161545 0.000017
0.011541 0.421037 0.257160 0.145994 0.001885 0.162367 0.000016
0.011590 0.419141 0.257629 0.146273 0.001912 0.163437 0.000018
0.011473 0.417274 0.258268 0.146487 0.001922 0.164557 0.000019
0.011454 0.415100 0.258765 0.146619 0.001934 0.166110 0.000017
0.011533 0.414543 0.258787 0.146679 0.001946 0.166495 0.000016
0.011588 0.412489 0.258829 0.146932 0.001964 0.168178 0.000020
0.011451 0.411580 0.259132 0.147100 0.001944 0.168774 0.000019
0.011398 0.410718 0.259178 0.147144 0.001944 0.169598 0.000020
0.011502 0.407556 0.260028 0.147469 0.001973 0.171450 0.000022
0.011510 0.407193 0.259911 0.147431 0.001980 0.171954 0.000020
0.011344 0.405702 0.260186 0.147569 0.001991 0.173189 0.000019
0.011344 0.403735 0.260590 0.147863 0.002022 0.174428 0.000019
0.011258 0.402979 0.260746 0.147925 0.002051 0.175022 0.000019
0.011328 0.400722 0.261052 0.148201 0.002050 0.176624 0.000023
0.011277 0.399850 0.261434 0.148216 0.002061 0.177141 0.000022
0.011348 0.397898 0.261497 0.148490 0.002049 0.178698 0.000020
0.011414 0.397211 0.261423 0.148374 0.002062 0.179492 0.000023
0.011399 0.395319 0.262040 0.148779 0.002081 0.180358 0.000024
0.011215 0.393245 0.262304 0.148761 0.002087 0.182364 0.000024
0.011289 0.393188 0.262269 0.148783 0.002063 0.182385 0.000023
0.011302 0.391175 0.262826 0.149106 0.002127 0.183440 0.000024
0.011260 0.390037 0.262793 0.149157 0.002132 0.184597 0.000024
0.011276 0.387753 0.263297 0.149428 0.002136 0.186087 0.000024
0.011215 0.386618 0.263531 0.149463 0.002124 0.187021 0.000028
0.011221 0.385666 0.263575 0.149560 0.002150 0.187798 0.000029
0.011219 0.383936 0.263824 0.149618 0.002169 0.189207 0.000026
0.011158 0.382078 0.264205 0.150040 0.002160 0.190333 0.000027
0.011166 0.381269 0.263941 0.149992 0.002184 0.191422 0.000026
0.011227 0.378969 0.264616 0.150218 0.002214 0.192728 0.000029
0.011223 0.377721 0.264752 0.150403 0.002239 0.193633 0.000029
0.011160 0.376679 0.264650 0.150516 0.002249 0.194718 0.000028
0.011171 0.375919 0.265065 0.150544 0.002224 0.195050 0.000027
0.011296 0.374052 0.264966 0.150623 0.002252 0.196782 0.000029
0.011221 0.372658 0.265092 0.150791 0.002266 0.197942 0.000030
0.011318 0.370846 0.265621 0.150587 0.002260 0.199339 0.000029
0.011167 0.369492 0.265675 0.151016 0.002278 0.200343 0.000029
0.011252 0.367864 0.266086 0.151197 0.002294 0.201276 0.000031
0.011180 0.366874 0.266113 0.151184 0.002333 0.202286 0.000029
0.011236 0.365550 0.266378 0.151187 0.002332 0.203285 0.000032
0.011238 0.364393 0.266398 0.151352 0.002329 0.204253 0.000035
0.011137 0.363385 0.266464 0.151149 0.002322 0.205510 0.000033
0.011117 0.362150 0.266675 0.151365 0.002354 0.206304 0.000036
0.011281 0.361192 0.266809 0.151138 0.002366 0.207178 0.000037
0.011119 0.359248 0.267148 0.151574 0.002358 0.208516 0.000037
0.011209 0.358392 0.267234 0.151404 0.002398 0.209328 0.000034
0.011144 0.356921 0.267265 0.151757 0.002399 0.210478 0.000035
0.011135 0.354686 0.267494 0.152024 0.002414 0.212213 0.000034
0.011222 0.353003 0.267346 0.152014 0.002443 0.213935 0.000038
0.011107 0.352523 0.267691 0.151912 0.002427 0.214304 0.000037
0.011279 0.351943 0.267783 0.151893 0.002435 0.214632 0.000036
0.011204 0.350792 0.267923 0.152052 0.002468 0.215525 0.000037
0.011236 0.348560 0.268197 0.151828 0.002451 0.217690 0.000037
0.011142 0.347918 0.268401 0.151985 0.002477 0.218037 0.000039
0.011304 0.346560 0.268335 0.152173 0.002507 0.219084 0.000037
0.011135 0.345758 0.268324 0.152171 0.002514 0.220057 0.000041
0.011230 0.343403 0.268608 0.152334 0.002509 0.221878 0.000038
0.011146 0.342456 0.268508 0.152417 0.002544 0.222892 0.000038
0.011222 0.342594 0.268348 0.152280 0.002551 0.222966 0.000038
0.011208 0.340572 0.268716 0.152474 0.002547 0.224437 0.000046
0.011308 0.339881 0.268613 0.152370 0.002549 0.225237 0.000042
0.011269 0.338183 0.268888 0.152492 0.002555 0.226573 0.000039
0.011225 0.336986 0.268999 0.152574 0.002589 0.227583 0.000044
0.011174 0.334471 0.269126 0.152692 0.002606 0.229885 0.000045
0.011156 0.334882 0.268770 0.152509 0.002600 0.230040 0.000045
0.011188 0.333009 0.269166 0.152864 0.002624 0.231103 0.000045
0.011280 0.331628 0.269118 0.152550 0.002645 0.232736 0.000042
0.011144 0.329354 0.269442 0.152975 0.002677 0.234367 0.000042
0.011247 0.329942 0.269420 0.152650 0.002655 0.234045 0.000041
0.011268 0.327526 0.269886 0.152662 0.002668 0.235943 0.000047
0.011204 0.326467 0.269921 0.152905 0.002686 0.236772 0.000045
0.011252 0.325238 0.269895 0.152887 0.002693 0.237992 0.000044
0.011296 0.324515 0.269523 0.152784 0.002696 0.239139 0.000049
0.011266 0.323546 0.269789 0.152872 0.002740 0.239737 0.000050
0.011237 0.322395 0.269668 0.152954 0.002738 0.240962 0.000047
0.011442 0.320896 0.269510 0.152972 0.002754 0.242380 0.000045
0.011191 0.320026 0.269630 0.153103 0.002749 0.243257 0.000044
0.011220 0.320229 0.269704 0.153038 0.002756 0.243006 0.000047
0.011331 0.318145 0.269832 0.152888 0.002752 0.245000 0.000051
0.011412 0.315963 0.270161 0.152983 0.002785 0.246646 0.000049
0.011268 0.315192 0.269928 0.152983 0.002767 0.247810 0.000051
0.011268 0.314370 0.270244 0.153212 0.002766 0.248090 0.000050
0.011324 0.313299 0.269890 0.153107 0.002805 0.249528 0.000047
0.011273 0.312834 0.270017 0.152918 0.002818 0.250093 0.000047
0.011345 0.310945 0.269937 0.153258 0.002802 0.251666 0.000048
0.011400 0.309905 0.270064 0.153174 0.002806 0.252598 0.000052
0.011291 0.309293 0.270204 0.153081 0.002808 0.253270 0.000054
0.011362 0.308495 0.269776 0.152956 0.002841 0.254523 0.000047
0.011375 0.306215 0.270112 0.152998 0.002872 0.256375 0.000053
0.011424 0.305625 0.269942 0.152958 0.002872 0.257127 0.000053
0.011318 0.304768 0.270192 0.152941 0.002859 0.257870 0.000052
0.011292 0.303158 0.269930 0.152999 0.002909 0.259660 0.000053
0.011387 0.302070 0.270199 0.153069 0.002907 0.260314 0.000054
0.011455 0.301432 0.269920 0.152977 0.002941 0.261220 0.000056
0.011452 0.300764 0.269852 0.152644 0.002952 0.262281 0.000053
0.011401 0.299808 0.269809 0.152806 0.002938 0.263185 0.000052
0.011639 0.298169 0.269733 0.152796 0.002980 0.264628 0.000056
0.011585 0.296868 0.269760 0.152732 0.002942 0.266059 0.000054
0.011470 0.295860 0.269755 0.152896 0.002958 0.267003 0.000058
0.011539 0.295151 0.269548 0.152924 0.002958 0.267821 0.000059
0.011456 0.294112 0.269581 0.152874 0.002998 0.268920 0.000060
0.011536 0.292823 0.269693 0.152741 0.003000 0.270145 0.000061
0.011520 0.292747 0.269477 0.152707 0.003010 0.270479 0.000061
0.011574 0.290981 0.269481 0.152566 0.003003 0.272335 0.000059
0.011645 0.289709 0.269428 0.152467 0.003027 0.273657 0.000066
0.011577 0.289701 0.269523 0.152533 0.003040 0.273565 0.000060
0.011544 0.287561 0.269767 0.152373 0.003053 0.275638 0.000063
0.011595 0.287151 0.269350 0.152487 0.003055 0.276297 0.000065
0.011703 0.286370 0.269396 0.152445 0.003091 0.276929 0.000066
0.011602 0.285171 0.269549 0.152496 0.003053 0.278065 0.000064
0.011654 0.284118 0.269448 0.152467 0.003096 0.279153 0.000063
0.011640 0.282517 0.269011 0.152603 0.003123 0.281040 0.000067
0.011708 0.281650 0.269367 0.152408 0.003084 0.281720 0.000063
0.011682 0.281398 0.269212 0.152257 0.003109 0.282275 0.000067
0.011691 0.279929 0.269028 0.152494 0.003132 0.283656 0.000070
0.011704 0.278712 0.268871 0.152340 0.003118 0.285187 0.000068
0.011716 0.278385 0.268664 0.152146 0.003183 0.285841 0.000064
0.011674 0.276395 0.268912 0.152066 0.003170 0.287715 0.000068
0.011786 0.276890 0.268746 0.152101 0.003137 0.287268 0.000071
0.011770 0.275931 0.268846 0.152061 0.003177 0.288147 0.000069
0.011827 0.274948 0.268595 0.152178 0.003175 0.289210 0.000067
0.011748 0.274494 0.268727 0.151789 0.003177 0.289993 0.000073
0.011825 0.272625 0.268333 0.151856 0.003171 0.292118 0.000072
0.011707 0.271327 0.268540 0.152002 0.003238 0.293117 0.000069
0.011779 0.270826 0.268386 0.151737 0.003228 0.293970 0.000075
0.011803 0.269634 0.268415 0.151797 0.003215 0.295064 0.000072
0.011874 0.268530 0.267859 0.151899 0.003263 0.296506 0.000070
0.011959 0.267726 0.267859 0.151794 0.003279 0.297309 0.000073
0.011884 0.266541 0.267911 0.151504 0.003266 0.298815 0.000079
0.011919 0.265569 0.267742 0.151637 0.003296 0.299761 0.000075
0.012016 0.265032 0.267548 0.151456 0.003246 0.300629 0.000073
0.012092 0.264072 0.267568 0.151554 0.003281 0.301364 0.000070
0.011963 0.263830 0.267569 0.151450 0.003267 0.301845 0.000076
0.012137 0.262834 0.267371 0.151153 0.003288 0.303141 0.000077
0.011980 0.261354 0.267302 0.150962 0.003301 0.305025 0.000077
0.011920 0.260201 0.266955 0.151170 0.003343 0.306335 0.000076
0.012083 0.259850 0.266890 0.150877 0.003341 0.306875 0.000085
0.012069 0.259858 0.266848 0.150942 0.003338 0.306870 0.000074
0.012174 0.257287 0.266960 0.150936 0.003357 0.309205 0.000081
0.012223 0.257079 0.266426 0.150727 0.003386 0.310078 0.000082
0.012220 0.256643 0.266515 0.150592 0.003379 0.310573 0.000078
0.012120 0.255313 0.266361 0.150805 0.003377 0.311948 0.000076
0.012207 0.253830 0.266281 0.150720 0.003377 0.313500 0.000085
0.012205 0.253138 0.265950 0.150468 0.003411 0.314752 0.000077
0.012235 0.253092 0.265876 0.150515 0.003409 0.314793 0.000080
0.012295 0.251209 0.265791 0.150531 0.003419 0.316675 0.000079
0.012194 0.250533 0.265749 0.150465 0.003425 0.317555 0.000080
0.012394 0.250755 0.265437 0.150434 0.003421 0.317475 0.000084
0.012356 0.249647 0.265561 0.150244 0.003445 0.318665 0.000081
0.012422 0.247871 0.265097 0.150138 0.003464 0.320919 0.000089
0.012413 0.247236 0.265244 0.150264 0.003468 0.321293 0.000082
0.012513 0.246684 0.265017 0.149985 0.003496 0.322223 0.000083
0.012415 0.245803 0.264835 0.149916 0.003475 0.323471 0.000086
0.012607 0.245227 0.264672 0.149859 0.003493 0.324055 0.000087
0.012520 0.244221 0.264386 0.149604 0.003491 0.325691 0.000086
0.012435 0.244138 0.264496 0.149435 0.003516 0.325893 0.000088
0.012529 0.243142 0.264095 0.149614 0.003528 0.327001 0.000091
0.012498 0.241926 0.264097 0.149530 0.003512 0.328345 0.000092
0.012631 0.241622 0.263930 0.149519 0.003528 0.328681 0.000089
0.012700 0.240579 0.263920 0.149385 0.003577 0.329748 0.000092
0.012572 0.239672 0.263597 0.149079 0.003566 0.331421 0.000092
0.012686 0.238514 0.263375 0.149153 0.003540 0.332643 0.000090
0.012703 0.238349 0.263183 0.148780 0.003529 0.333358 0.000099
0.012579 0.237389 0.263207 0.148853 0.003587 0.334292 0.000093
0.012709 0.236778 0.262899 0.148630 0.003615 0.335272 0.000098
0.012850 0.235123 0.262812 0.148606 0.003598 0.336913 0.000099
0.012739 0.234875 0.262922 0.148591 0.003581 0.337197 0.000095
0.012791 0.233817 0.262315 0.148650 0.003585 0.338745 0.000097
0.012857 0.233566 0.262122 0.148483 0.003598 0.339277 0.000097
0.012829 0.232609 0.262150 0.148344 0.003630 0.340339 0.000101
0.012868 0.231613 0.261846 0.148165 0.003635 0.341777 0.000096
0.012964 0.231829 0.261799 0.148313 0.003627 0.341369 0.000099
0.013010 0.230124 0.261644 0.148162 0.003630 0.343332 0.000098
0.012923 0.229938 0.261466 0.148034 0.003660 0.343878 0.000100
0.013103 0.229053 0.261588 0.147802 0.003694 0.344656 0.000103
0.013098 0.227778 0.261153 0.147850 0.003668 0.346355 0.000100
0.012999 0.226882 0.261091 0.147621 0.003675 0.347634 0.000098
0.013087 0.226806 0.260529 0.147758 0.003714 0.348006 0.000099
0.013191 0.225788 0.260831 0.147519 0.003714 0.348857 0.000100
0.013266 0.225584 0.260102 0.147548 0.003696 0.349704 0.000101
0.013210 0.223941 0.260242 0.147302 0.003755 0.351444 0.000105
0.013197 0.223730 0.260155 0.147144 0.003776 0.351898 0.000101
0.013221 0.222803 0.260041 0.147064 0.003736 0.353032 0.000102
0.013310 0.222611 0.259803 0.147073 0.003745 0.353355 0.000103
0.013281 0.221183 0.259491 0.146854 0.003804 0.355283 0.000103
0.013283 0.220715 0.259475 0.146682 0.003757 0.355981 0.000107
0.013312 0.219255 0.259404 0.146798 0.003797 0.357327 0.000107
0.013346 0.219244 0.259033 0.146552 0.003796 0.357923 0.000106
0.013486 0.218922 0.258901 0.146365 0.003769 0.358445 0.000112
0.013321 0.217745 0.258863 0.146219 0.003762 0.359984 0.000106
0.013403 0.217517 0.258538 0.146333 0.003782 0.360315 0.000112
0.013418 0.216667 0.258246 0.145783 0.003789 0.361990 0.000107
0.013489 0.215500 0.257955 0.145934 0.003800 0.363215 0.000108
0.013480 0.215645 0.257799 0.145853 0.003829 0.363281 0.000112
0.013405 0.214258 0.257646 0.145584 0.003820 0.365176 0.000111
0.013558 0.213720 0.257627 0.145554 0.003817 0.365611 0.000114
0.013647 0.212901 0.257237 0.145578 0.003873 0.366655 0.000109
0.013448 0.212787 0.257331 0.145638 0.003814 0.366865 0.000118
0.013566 0.211023 0.257200 0.145438 0.003843 0.368817 0.000112
0.013598 0.211443 0.256702 0.145273 0.003857 0.369009 0.000117
0.013775 0.210166 0.256552 0.145144 0.003847 0.370404 0.000112
0.013741 0.210336 0.256210 0.144816 0.003870 0.370908 0.000118
0.013699 0.209535 0.256037 0.145004 0.003848 0.371757 0.000120
0.013711 0.208527 0.255788 0.144479 0.003906 0.373463 0.000126
0.013848 0.207753 0.255858 0.144700 0.003852 0.373870 0.000119
0.013872 0.206777 0.255681 0.144292 0.003934 0.375317 0.000126
0.013780 0.207117 0.255439 0.144303 0.003859 0.375380 0.000122
0.013824 0.205982 0.255405 0.144004 0.003903 0.376762 0.000121
0.013843 0.205471 0.255264 0.144134 0.003907 0.377253 0.000129
0.014041 0.204474 0.254887 0.143961 0.003888 0.378627 0.000122
0.014043 0.203448 0.254446 0.143808 0.003879 0.380245 0.000129
0.013994 0.203237 0.254256 0.143548 0.003962 0.380871 0.000132
0.014139 0.202348 0.254110 0.143538 0.003928 0.381809 0.000127
0.014086 0.201746 0.253502 0.143198 0.003966 0.383380 0.000122
0.014055 0.201055 0.253538 0.143234 0.003964 0.384030 0.000124
0.014145 0.200592 0.253396 0.143326 0.003978 0.384431 0.000133
0.014173 0.200379 0.253035 0.143118 0.003979 0.385194 0.000122
0.014299 0.199950 0.252842 0.142861 0.003923 0.385998 0.000127
0.014189 0.198820 0.252674 0.143013 0.003984 0.387189 0.000131
0.014289 0.197853 0.252035 0.142723 0.003969 0.389006 0.000125
0.014267 0.198008 0.252200 0.142477 0.003974 0.388944 0.000129
0.014362 0.197108 0.252118 0.142538 0.004012 0.389733 0.000129
0.014317 0.195914 0.251894 0.142276 0.004007 0.391459 0.000131
0.014500 0.195737 0.251500 0.142054 0.004016 0.392061 0.000132
0.014438 0.195145 0.251372 0.142152 0.004023 0.392742 0.000129
0.014488 0.194264 0.250976 0.142086 0.004021 0.394031 0.000135
0.014469 0.193756 0.251131 0.141883 0.004041 0.394585 0.000135
0.014679 0.193108 0.250470 0.141845 0.004046 0.395721 0.000131
0.014626 0.193035 0.250399 0.141551 0.004046 0.396218 0.000125
0.014730 0.192112 0.250475 0.141491 0.004023 0.397035 0.000133
0.014648 0.191062 0.249721 0.141122 0.004060 0.399243 0.000144
0.014756 0.190981 0.250073 0.140987 0.004049 0.399018 0.000136
0.014694 0.190697 0.249589 0.141102 0.004062 0.399718 0.000138
0.014692 0.189766 0.249195 0.140990 0.004054 0.401161 0.000141
0.014721 0.189612 0.249307 0.141119 0.004070 0.401033 0.000140
0.014787 0.188439 0.248897 0.140707 0.004092 0.402938 0.000140
0.014933 0.188082 0.248767 0.140485 0.004102 0.403489 0.000142
0.014926 0.187049 0.248073 0.140550 0.004122 0.405132 0.000147
0.014796 0.187125 0.248268 0.140367 0.004088 0.405215 0.000141
0.015046 0.186454 0.247683 0.140320 0.004107 0.406253 0.000137
0.014877 0.185779 0.247567 0.139969 0.004120 0.407549 0.000139
0.014921 0.185197 0.247212 0.139790 0.004135 0.408603 0.000143
0.015033 0.184485 0.246973 0.139650 0.004162 0.409551 0.000145
0.015190 0.184042 0.246886 0.139456 0.004112 0.410167 0.000146
0.015022 0.183303 0.246542 0.139469 0.004165 0.411355 0.000144
0.015101 0.182980 0.246616 0.139310 0.004175 0.411678 0.000139
0.015145 0.182622 0.246107 0.139421 0.004108 0.412455 0.000142
0.015324 0.181833 0.245771 0.139254 0.004180 0.413488 0.000150
0.015203 0.181084 0.245794 0.138878 0.004141 0.414750 0.000150
0.015267 0.181188 0.245463 0.138911 0.004193 0.414836 0.000142
0.015287 0.180002 0.245213 0.138805 0.004178 0.416371 0.000143
0.015241 0.179928 0.245138 0.138504 0.004165 0.416874 0.000151
0.015347 0.179691 0.244562 0.138351 0.004199 0.417707 0.000144
0.015329 0.178381 0.244026 0.138445 0.004178 0.419483 0.000157
0.015469 0.178171 0.243928 0.138163 0.004239 0.419886 0.000144
0.015511 0.177458 0.243437 0.137851 0.004207 0.421387 0.000149
0.015573 0.177258 0.243613 0.137811 0.004221 0.421367 0.000158
0.015490 0.176583 0.243010 0.137731 0.004257 0.422782 0.000147
0.015648 0.176288 0.242890 0.137437 0.004254 0.423336 0.000147
0.015558 0.175870 0.242802 0.137126 0.004249 0.424250 0.000145
0.015696 0.174967 0.242673 0.137416 0.004269 0.424823 0.000155
0.015588 0.174894 0.242349 0.137068 0.004291 0.425659 0.000151
0.015704 0.174363 0.241977 0.136916 0.004308 0.426582 0.000151
0.015731 0.173315 0.241479 0.137055 0.004304 0.427969 0.000147
0.015675 0.173348 0.241513 0.136771 0.004357 0.428189 0.000146
0.015769 0.172487 0.241286 0.136650 0.004315 0.429338 0.000153
0.015769 0.171524 0.240878 0.136324 0.004325 0.431025 0.000155
0.015921 0.171637 0.240492 0.136511 0.004325 0.430957 0.000156
0.015765 0.170823 0.240561 0.136127 0.004314 0.432247 0.000162
0.015993 0.170523 0.240007 0.136063 0.004330 0.432926 0.000158
0.015828 0.170114 0.239721 0.136058 0.004286 0.433836 0.000157
0.016070 0.169636 0.239621 0.135665 0.004356 0.434495 0.000158
0.016105 0.169474 0.239396 0.135708 0.004359 0.434792 0.000165
0.015938 0.168439 0.239177 0.135612 0.004373 0.436305 0.000156
0.016140 0.168191 0.238765 0.135429 0.004365 0.436949 0.000160
0.016167 0.167786 0.238547 0.135153 0.004339 0.437851 0.000158
0.016013 0.167303 0.238426 0.134908 0.004371 0.438814 0.000165
0.016235 0.166718 0.238024 0.134923 0.004413 0.439521 0.000165
0.016136 0.166388 0.237944 0.134633 0.004348 0.440398 0.000154
0.016305 0.165985 0.237731 0.134516 0.004416 0.440877 0.000170
0.016228 0.165375 0.237197 0.134423 0.004410 0.442199 0.000168
0.016335 0.164712 0.237019 0.134267 0.004381 0.443116 0.000170
0.016367 0.164520 0.236733 0.134248 0.004451 0.443503 0.000177
0.016457 0.163739 0.236282 0.133853 0.004426 0.445073 0.000171
0.016481 0.163302 0.235889 0.133783 0.004450 0.445927 0.000169
0.016368 0.163439 0.235852 0.133723 0.004431 0.446015 0.000172
0.016562 0.162961 0.236060 0.133482 0.004442 0.446323 0.000171
0.016505 0.162333 0.235361 0.133371 0.004445 0.447803 0.000181
0.016486 0.161552 0.235072 0.133338 0.004444 0.448938 0.000171
0.016569 0.161363 0.234940 0.133011 0.004461 0.449478 0.000177
0.016512 0.160986 0.234632 0.132925 0.004420 0.450358 0.000167
0.016631 0.159713 0.234066 0.132818 0.004431 0.452155 0.000186
0.016907 0.159704 0.233790 0.132592 0.004483 0.452345 0.000178
0.016798 0.159551 0.233868 0.132475 0.004480 0.452643 0.000185
0.016770 0.159373 0.233428 0.132150 0.004499 0.453600 0.000180
0.016926 0.158668 0.233661 0.132096 0.004453 0.454019 0.000176
0.016882 0.158267 0.233030 0.131847 0.004529 0.455263 0.000182
0.016925 0.157764 0.232902 0.131848 0.004448 0.455933 0.000180
0.016973 0.157683 0.232597 0.131564 0.004547 0.456455 0.000181
0.017049 0.157227 0.232486 0.131565 0.004490 0.457003 0.000180
0.017172 0.156570 0.232083 0.131423 0.004564 0.458012 0.000176
0.017134 0.156116 0.231530 0.131480 0.004531 0.459021 0.000189
0.017025 0.155931 0.231785 0.130949 0.004566 0.459557 0.000187
0.017298 0.155257 0.230996 0.130968 0.004537 0.460762 0.000182
0.017244 0.154728 0.230818 0.130719 0.004513 0.461799 0.000179
0.017279 0.154542 0.230539 0.130513 0.004553 0.462383 0.000192
0.017248 0.154256 0.230351 0.130443 0.004545 0.462971 0.000185
0.017170 0.153779 0.229973 0.130304 0.004574 0.464002 0.000197
0.017422 0.153404 0.229972 0.130137 0.004571 0.464315 0.000179
0.017352 0.152917 0.229350 0.129948 0.004591 0.465655 0.000186
0.017443 0.152686 0.229435 0.129764 0.004614 0.465873 0.000186
0.017568 0.152014 0.228978 0.129244 0.004580 0.467423 0.000193
0.017558 0.151529 0.228337 0.129434 0.004598 0.468354 0.000191
0.017425 0.151291 0.227814 0.129527 0.004599 0.469144 0.000200
0.017745 0.150323 0.227717 0.129031 0.004619 0.470380 0.000185
0.017613 0.150644 0.227564 0.129001 0.004652 0.470334 0.000192
0.017703 0.150167 0.227645 0.128881 0.004660 0.470758 0.000185
0.017722 0.149624 0.227168 0.128703 0.004647 0.471939 0.000197
0.017827 0.149411 0.227102 0.128453 0.004659 0.472354 0.000193
0.017690 0.149263 0.226613 0.128585 0.004597 0.473061 0.000190
0.017970 0.148767 0.226549 0.128276 0.004633 0.473607 0.000198
0.017822 0.147855 0.226291 0.128202 0.004633 0.475007 0.000190
0.017877 0.148228 0.226218 0.128044 0.004681 0.474756 0.000196
0.017973 0.147272 0.225722 0.127830 0.004690 0.476328 0.000185
0.018017 0.147040 0.225475 0.127522 0.004679 0.477068 0.000198
0.018103 0.146295 0.225089 0.127293 0.004659 0.478368 0.000193
0.018227 0.146028 0.224479 0.127310 0.004686 0.479071 0.000199
0.018161 0.146084 0.224715 0.127007 0.004644 0.479193 0.000195
0.018156 0.145531 0.224305 0.126909 0.004660 0.480240 0.000198
0.018147 0.145139 0.224177 0.126667 0.004681 0.480985 0.000203
0.018312 0.144930 0.223981 0.126815 0.004695 0.481063 0.000204
0.018440 0.144082 0.223723 0.126530 0.004655 0.482372 0.000197
0.018209 0.144362 0.223840 0.126403 0.004677 0.482314 0.000195
0.018337 0.143941 0.223209 0.126150 0.004677 0.483492 0.000196
0.018412 0.143029 0.222589 0.125831 0.004725 0.485209 0.000206
0.018430 0.143451 0.222495 0.125988 0.004793 0.484631 0.000212
0.018408 0.142614 0.222055 0.125853 0.004730 0.486137 0.000203
0.018348 0.142768 0.222117 0.125690 0.004731 0.486142 0.000204
0.018526 0.141946 0.221695 0.125286 0.004762 0.487585 0.000201
0.018605 0.141648 0.221583 0.125175 0.004754 0.488027 0.000208
0.018642 0.141043 0.220740 0.125235 0.004754 0.489378 0.000208
0.018608 0.141021 0.220731 0.124958 0.004751 0.489717 0.000214
0.018727 0.140866 0.220438 0.124610 0.004764 0.490388 0.000206
0.018639 0.140259 0.220418 0.124626 0.004735 0.491112 0.000211
0.018732 0.140112 0.220125 0.124677 0.004763 0.491392 0.000201
0.018830 0.140078 0.220071 0.124471 0.004714 0.491636 0.000198
0.018938 0.139219 0.219306 0.124005 0.004783 0.493539 0.000209
0.018862 0.138966 0.219408 0.124019 0.004771 0.493767 0.000207
0.018970 0.138638 0.218975 0.123736 0.004758 0.494713 0.000211
0.018967 0.137936 0.218461 0.123794 0.004771 0.495859 0.000211
0.019048 0.137641 0.218263 0.123347 0.004820 0.496666 0.000216
0.019216 0.137331 0.217919 0.123430 0.004761 0.497127 0.000216
0.019163 0.137208 0.217778 0.123041 0.004816 0.497782 0.000211
0.019268 0.137294 0.217768 0.123038 0.004801 0.497621 0.000211
0.019172 0.136586 0.217109 0.123111 0.004772 0.499031 0.000218
0.019097 0.136347 0.216892 0.122706 0.004815 0.499921 0.000221
0.019264 0.135890 0.216593 0.122549 0.004846 0.500630 0.000228
0.019319 0.135854 0.216448 0.122404 0.004839 0.500921 0.000215
0.019389 0.135315 0.216207 0.122226 0.004829 0.501818 0.000217
0.019324 0.135160 0.215781 0.121884 0.004855 0.502768 0.000227
0.019472 0.134579 0.215400 0.121886 0.004858 0.503585 0.000220
0.019559 0.134579 0.215286 0.121555 0.004893 0.503894 0.000234
0.019656 0.133764 0.214865 0.121391 0.004859 0.505241 0.000223
0.019655 0.133369 0.214679 0.121308 0.004877 0.505887 0.000225
0.019576 0.133165 0.214404 0.121511 0.004820 0.506298 0.000227
0.019623 0.133221 0.214282 0.121062 0.004869 0.506722 0.000221
0.019852 0.132656 0.213917 0.120972 0.004882 0.507494 0.000227
0.019778 0.132380 0.213627 0.120612 0.004834 0.508540 0.000228
0.020019 0.132218 0.212724 0.120673 0.004850 0.509288 0.000227
