0.973936 0.025498 0.000370 0.000189 0.000000 0.000007 0.000000
0.949049 0.049729 0.000788 0.000416 0.000000 0.000019 0.000000
0.942224 0.056363 0.000915 0.000478 0.000000 0.000019 0.000000
0.934194 0.064149 0.001071 0.000561 0.000000 0.000024 0.000000
0.926580 0.071531 0.001213 0.000646 0.000000 0.000029 0.000000
0.917704 0.080144 0.001376 0.000742 0.000000 0.000035 0.000000
0.907898 0.089644 0.001556 0.000863 0.000000 0.000039 0.000000
0.898108 0.099127 0.001737 0.000984 0.000000 0.000045 0.000000
0.886133 0.110707 0.001996 0.001113 0.000000 0.000051 0.000000
0.874623 0.121800 0.002252 0.001265 0.000000 0.000060 0.000000
0.862279 0.133700 0.002528 0.001421 0.000000 0.000072 0.000000
0.850496 0.145071 0.002775 0.001574 0.000000 0.000083 0.000000
0.836481 0.158555 0.003109 0.001757 0.000000 0.000097 0.000000
0.823172 0.171335 0.003427 0.001960 0.000001 0.000105 0.000000
0.808945 0.185014 0.003769 0.002149 0.000001 0.000121 0.000000
0.794454 0.198890 0.004150 0.002364 0.000001 0.000140 0.000000
0.779984 0.212735 0.004543 0.002584 0.000002 0.000152 0.000000
0.765787 0.226265 0.004954 0.002822 0.000002 0.000171 0.000000
0.748364 0.242843 0.005481 0.003122 0.000002 0.000188 0.000000
0.735688 0.254921 0.005846 0.003337 0.000002 0.000205 0.000000
0.720133 0.269715 0.006318 0.003596 0.000003 0.000234 0.000001
0.705878 0.283181 0.006790 0.003890 0.000004 0.000257 0.000001
0.689128 0.299000 0.007366 0.004218 0.000004 0.000284 0.000000
0.673419 0.313818 0.007918 0.004522 0.000004 0.000318 0.000001
0.659849 0.326593 0.008390 0.004822 0.000004 0.000341 0.000000
0.643910 0.341491 0.009024 0.005195 0.000005 0.000374 0.000001
0.629520 0.354850 0.009663 0.005550 0.000007 0.000410 0.000000
0.614534 0.368848 0.010285 0.005884 0.000007 0.000442 0.000000
0.600854 0.381564 0.010865 0.006227 0.000007 0.000483 0.000000
0.585592 0.395675 0.011611 0.006606 0.000008 0.000508 0.000001
0.574106 0.406158 0.012238 0.006950 0.000008 0.000540 0.000000
0.560070 0.419048 0.012938 0.007349 0.000008 0.000586 0.000000
0.546522 0.431453 0.013642 0.007741 0.000008 0.000633 0.000000
0.532894 0.443812 0.014451 0.008165 0.000009 0.000669 0.000000
0.520938 0.454676 0.015115 0.008546 0.000009 0.000715 0.000000
0.507483 0.466749 0.015971 0.009012 0.000011 0.000775 0.000000
0.497655 0.475461 0.016658 0.009388 0.000010 0.000828 0.000000
0.483681 0.487995 0.017527 0.009891 0.000011 0.000894 0.000000
0.473574 0.496898 0.018224 0.010342 0.000012 0.000948 0.000000
0.462797 0.506390 0.018987 0.010805 0.000012 0.001009 0.000000
0.452442 0.515286 0.019860 0.011327 0.000013 0.001072 0.000000
0.442383 0.523937 0.020746 0.011789 0.000014 0.001130 0.000000
0.431185 0.533593 0.021672 0.012329 0.000015 0.001206 0.000000
0.420738 0.542456 0.022619 0.012888 0.000015 0.001283 0.000000
0.411586 0.550098 0.023537 0.013398 0.000016 0.001365 0.000000
0.404883 0.555456 0.024361 0.013845 0.000018 0.001437 0.000000
0.394597 0.564080 0.025375 0.014406 0.000018 0.001523 0.000000
0.387801 0.569492 0.026233 0.014852 0.000019 0.001603 0.000000
0.378116 0.577461 0.027276 0.015431 0.000020 0.001696 0.000000
0.371489 0.582540 0.028198 0.015951 0.000022 0.001800 0.000000
0.362346 0.589960 0.029225 0.016552 0.000023 0.001895 0.000000
0.352673 0.597695 0.030370 0.017212 0.000024 0.002026 0.000000
0.348325 0.600609 0.031184 0.017728 0.000024 0.002130 0.000000
0.343795 0.603637 0.032093 0.018223 0.000026 0.002226 0.000000
0.334941 0.610610 0.033251 0.018829 0.000029 0.002340 0.000000
0.326833 0.616643 0.034446 0.019569 0.000031 0.002478 0.000000
0.321834 0.619923 0.035438 0.020144 0.000035 0.002627 0.000000
0.313858 0.625866 0.036681 0.020806 0.000037 0.002752 0.000000
0.309961 0.628336 0.037523 0.021250 0.000038 0.002892 0.000000
0.303351 0.633075 0.038602 0.021905 0.000039 0.003028 0.000000
0.293146 0.640479 0.040264 0.022842 0.000043 0.003226 0.000000
0.289533 0.642572 0.041143 0.023347 0.000041 0.003365 0.000000
0.285760 0.644897 0.041969 0.023850 0.000042 0.003483 0.000000
0.277629 0.650434 0.043518 0.024686 0.000044 0.003689 0.000000
0.271931 0.654154 0.044631 0.025382 0.000047 0.003855 0.000000
0.264214 0.659319 0.046149 0.026191 0.000050 0.004077 0.000000
0.259397 0.662096 0.047336 0.026869 0.000050 0.004253 0.000000
0.253226 0.666297 0.048451 0.027558 0.000055 0.004413 0.000000
0.248634 0.668697 0.049717 0.028258 0.000055 0.004639 0.000000
0.245707 0.669648 0.050896 0.028875 0.000057 0.004817 0.000000
0.236912 0.675461 0.052631 0.029852 0.000058 0.005086 0.000000
0.233265 0.676866 0.053900 0.030613 0.000064 0.005292 0.000000
0.226141 0.681226 0.055493 0.031524 0.000068 0.005547 0.000000
0.224965 0.680891 0.056381 0.031973 0.000070 0.005720 0.000000
0.218187 0.684744 0.058004 0.032978 0.000072 0.006015 0.000000
0.214219 0.686347 0.059323 0.033773 0.000072 0.006266 0.000000
0.210964 0.687518 0.060449 0.034472 0.000078 0.006519 0.000000
0.205786 0.690044 0.061966 0.035348 0.000078 0.006778 0.000000
0.201927 0.690999 0.063586 0.036289 0.000085 0.007113 0.000000
0.199436 0.691285 0.064839 0.036980 0.000086 0.007374 0.000000
0.194688 0.693218 0.066400 0.037907 0.000090 0.007698 0.000000
0.191161 0.694335 0.067755 0.038680 0.000091 0.007979 0.000000
0.190148 0.693180 0.068996 0.039344 0.000095 0.008236 0.000000
0.184113 0.696080 0.070797 0.040310 0.000100 0.008600 0.000000
0.184624 0.693835 0.071762 0.040807 0.000106 0.008866 0.000000
0.179304 0.696007 0.073558 0.041813 0.000111 0.009206 0.000000
0.175129 0.697408 0.075077 0.042696 0.000117 0.009572 0.000000
0.173866 0.697013 0.075987 0.043174 0.000122 0.009837 0.000000
0.170932 0.697178 0.077541 0.044030 0.000126 0.010193 0.000000
0.165924 0.698774 0.079418 0.045150 0.000132 0.010602 0.000000
0.162949 0.699768 0.080565 0.045726 0.000144 0.010849 0.000000
0.161742 0.698397 0.081921 0.046541 0.000145 0.011253 0.000000
0.162375 0.696249 0.082743 0.047023 0.000148 0.011463 0.000000
0.156211 0.698621 0.084848 0.048184 0.000155 0.011981 0.000000
0.152526 0.699818 0.086159 0.049000 0.000156 0.012341 0.000000
0.146964 0.701667 0.088195 0.050155 0.000166 0.012853 0.000000
0.146186 0.700369 0.089340 0.050777 0.000165 0.013164 0.000000
0.143843 0.699715 0.090907 0.051718 0.000174 0.013643 0.000000
0.138009 0.702175 0.092803 0.052743 0.000177 0.014092 0.000000
0.137870 0.700351 0.093763 0.053319 0.000184 0.014512 0.000000
0.132877 0.702172 0.095621 0.054241 0.000184 0.014905 0.000000
0.129057 0.702134 0.097600 0.055472 0.000194 0.015543 0.000000
0.127277 0.702275 0.098501 0.055965 0.000201 0.015780 0.000000
0.126462 0.700324 0.100023 0.056717 0.000208 0.016266 0.000000
0.123439 0.699994 0.101808 0.057772 0.000212 0.016774 0.000000
0.122838 0.698636 0.102887 0.058278 0.000213 0.017148 0.000000
0.121653 0.696950 0.104312 0.059209 0.000221 0.017654 0.000000
0.117380 0.698079 0.106044 0.060064 0.000233 0.018201 0.000000
0.116174 0.697082 0.107145 0.060782 0.000231 0.018587 0.000000
0.114297 0.696282 0.108506 0.061591 0.000242 0.019082 0.000000
0.111277 0.696417 0.110006 0.062425 0.000244 0.019631 0.000000
0.111063 0.693617 0.111553 0.063352 0.000255 0.020159 0.000000
0.105552 0.695422 0.113527 0.064464 0.000253 0.020781 0.000000
0.105457 0.693278 0.114664 0.065049 0.000266 0.021286 0.000000
0.103252 0.692194 0.116386 0.066045 0.000267 0.021856 0.000000
0.101273 0.691312 0.117884 0.066897 0.000274 0.022361 0.000000
0.099176 0.690625 0.119251 0.067750 0.000282 0.022915 0.000000
0.096629 0.690292 0.120715 0.068625 0.000290 0.023448 0.000001
0.095695 0.688306 0.122187 0.069467 0.000296 0.024048 0.000000
0.093508 0.687059 0.123886 0.070419 0.000317 0.024811 0.000001
0.090923 0.687446 0.125056 0.071045 0.000315 0.025215 0.000001
0.090766 0.685500 0.126024 0.071639 0.000322 0.025749 0.000000
0.087916 0.685442 0.127500 0.072521 0.000330 0.026291 0.000001
0.084551 0.684657 0.129588 0.073743 0.000340 0.027120 0.000001
0.083703 0.683611 0.130424 0.074273 0.000345 0.027644 0.000001
0.081366 0.682820 0.132158 0.075094 0.000353 0.028208 0.000001
0.078827 0.681844 0.133978 0.076104 0.000363 0.028883 0.000001
0.076909 0.681347 0.135181 0.076804 0.000367 0.029392 0.000001
0.074584 0.679610 0.137212 0.077946 0.000372 0.030275 0.000001
0.072879 0.677728 0.138990 0.078990 0.000394 0.031019 0.000002
0.070898 0.677855 0.139859 0.079517 0.000384 0.031485 0.000001
0.069120 0.676206 0.141558 0.080494 0.000407 0.032212 0.000002
0.066774 0.674656 0.143507 0.081544 0.000419 0.033097 0.000002
0.065400 0.674033 0.144454 0.082033 0.000422 0.033656 0.000002
0.063540 0.671751 0.146520 0.083207 0.000433 0.034548 0.000001
0.063174 0.670929 0.147004 0.083531 0.000442 0.034917 0.000002
0.059848 0.670229 0.149128 0.084688 0.000445 0.035661 0.000002
0.060875 0.666538 0.150285 0.085336 0.000457 0.036508 0.000001
0.060544 0.664549 0.151429 0.085914 0.000460 0.037102 0.000003
0.061547 0.661129 0.152534 0.086581 0.000475 0.037732 0.000002
0.059517 0.659467 0.154274 0.087591 0.000491 0.038658 0.000002
0.059652 0.656620 0.155543 0.088260 0.000494 0.039428 0.000002
0.058657 0.655629 0.156510 0.088782 0.000501 0.039920 0.000002
0.060396 0.652132 0.157261 0.089197 0.000514 0.040499 0.000002
0.057940 0.650389 0.159272 0.090390 0.000522 0.041486 0.000002
0.061740 0.645945 0.159492 0.090402 0.000519 0.041899 0.000002
0.063262 0.643448 0.159806 0.090638 0.000533 0.042310 0.000003
0.060000 0.642862 0.161698 0.091683 0.000535 0.043220 0.000003
0.060928 0.640794 0.162114 0.091907 0.000550 0.043704 0.000003
0.060070 0.638293 0.163648 0.092794 0.000560 0.044632 0.000003
0.058129 0.636610 0.165324 0.093780 0.000572 0.045583 0.000002
0.057029 0.636140 0.166083 0.094166 0.000572 0.046008 0.000003
0.055901 0.634498 0.167361 0.094802 0.000587 0.046849 0.000003
0.058691 0.630777 0.167525 0.095035 0.000593 0.047375 0.000003
0.056887 0.630315 0.168628 0.095630 0.000610 0.047927 0.000003
0.054970 0.629429 0.169872 0.096309 0.000612 0.048806 0.000003
0.053641 0.627059 0.171617 0.097288 0.000625 0.049767 0.000003
0.052100 0.625831 0.172842 0.097957 0.000633 0.050634 0.000003
0.052748 0.624058 0.173319 0.098147 0.000638 0.051087 0.000004
0.047721 0.624113 0.175674 0.099539 0.000656 0.052294 0.000003
0.049218 0.622206 0.175630 0.099579 0.000656 0.052707 0.000003
0.046972 0.621137 0.177243 0.100367 0.000674 0.053603 0.000004
0.045511 0.619802 0.178383 0.101117 0.000684 0.054499 0.000004
0.043244 0.617841 0.180428 0.102129 0.000698 0.055656 0.000004
0.041062 0.617615 0.181457 0.102798 0.000711 0.056352 0.000005
0.042556 0.614043 0.182262 0.103208 0.000719 0.057206 0.000005
0.040801 0.613170 0.183381 0.103967 0.000718 0.057959 0.000004
0.040159 0.611320 0.184497 0.104386 0.000735 0.058899 0.000004
0.039210 0.609679 0.185724 0.105105 0.000743 0.059536 0.000004
0.037492 0.607544 0.187229 0.106142 0.000766 0.060823 0.000005
0.038477 0.604989 0.187834 0.106444 0.000771 0.061481 0.000005
0.037146 0.601893 0.189907 0.107535 0.000776 0.062737 0.000005
0.036926 0.601448 0.190055 0.107672 0.000791 0.063103 0.000005
0.035507 0.598822 0.191762 0.108639 0.000815 0.064450 0.000005
0.037080 0.596230 0.192131 0.108725 0.000820 0.065008 0.000005
0.035748 0.594736 0.193317 0.109501 0.000826 0.065865 0.000007
0.035557 0.593588 0.193831 0.109727 0.000818 0.066473 0.000006
0.036218 0.590104 0.195045 0.110315 0.000839 0.067472 0.000006
0.036435 0.588367 0.195489 0.110663 0.000842 0.068198 0.000006
0.035860 0.586119 0.196732 0.111350 0.000855 0.069078 0.000006
0.034875 0.584343 0.197860 0.111993 0.000872 0.070049 0.000007
0.033756 0.582630 0.199079 0.112599 0.000896 0.071034 0.000006
0.034717 0.580149 0.199508 0.112861 0.000897 0.071861 0.000007
0.034847 0.578255 0.200137 0.113328 0.000912 0.072514 0.000007
0.032479 0.576585 0.202041 0.114201 0.000930 0.073757 0.000008
0.032303 0.575357 0.202521 0.114498 0.000917 0.074397 0.000006
0.030889 0.573312 0.203904 0.115394 0.000923 0.075572 0.000006
0.032086 0.570937 0.204263 0.115602 0.000953 0.076152 0.000008
0.030796 0.569236 0.205448 0.116328 0.000964 0.077221 0.000006
0.029817 0.568514 0.206165 0.116567 0.000969 0.077960 0.000007
0.029247 0.565703 0.207480 0.117318 0.000991 0.079256 0.000006
0.028085 0.564395 0.208413 0.117864 0.001008 0.080228 0.000007
0.027073 0.563188 0.209256 0.118482 0.001015 0.080980 0.000006
0.026976 0.560808 0.210147 0.118922 0.001033 0.082107 0.000006
0.026781 0.560170 0.210507 0.119128 0.001029 0.082378 0.000007
0.025568 0.557441 0.212111 0.119902 0.001065 0.083905 0.000007
0.025150 0.555903 0.212903 0.120477 0.001056 0.084504 0.000008
0.024191 0.554327 0.213836 0.120942 0.001073 0.085622 0.000009
0.023269 0.552700 0.214841 0.121468 0.001076 0.086639 0.000008
0.022974 0.550667 0.215809 0.121960 0.001100 0.087482 0.000007
0.022539 0.548753 0.216483 0.122443 0.001104 0.088670 0.000008
0.021745 0.546696 0.217620 0.123136 0.001122 0.089673 0.000007
0.021230 0.545214 0.218345 0.123421 0.001129 0.090652 0.000008
0.020883 0.542693 0.219524 0.124083 0.001146 0.091664 0.000008
0.020663 0.540626 0.220201 0.124513 0.001172 0.092817 0.000008
0.020033 0.538537 0.221386 0.125076 0.001169 0.093791 0.000008
0.019945 0.536934 0.221930 0.125404 0.001197 0.094581 0.000008
0.019691 0.536500 0.222155 0.125346 0.001186 0.095113 0.000008
0.019139 0.533737 0.223281 0.126217 0.001190 0.096427 0.000009
0.018801 0.531132 0.224432 0.126748 0.001211 0.097668 0.000008
0.018631 0.529725 0.224995 0.127105 0.001214 0.098321 0.000009
0.018379 0.528351 0.225328 0.127380 0.001219 0.099336 0.000008
0.018253 0.525724 0.226506 0.127959 0.001244 0.100305 0.000008
0.018075 0.523159 0.227346 0.128556 0.001246 0.101609 0.000008
0.019236 0.520803 0.227621 0.128684 0.001265 0.102382 0.000010
0.019570 0.519271 0.228045 0.128759 0.001269 0.103077 0.000010
0.020630 0.515827 0.228827 0.129232 0.001273 0.104201 0.000010
0.020208 0.513745 0.229691 0.129683 0.001287 0.105375 0.000011
0.019714 0.512577 0.230264 0.129934 0.001303 0.106198 0.000010
0.019693 0.511445 0.230369 0.130156 0.001326 0.107001 0.000009
0.020211 0.508998 0.231128 0.130459 0.001325 0.107868 0.000010
0.019599 0.506502 0.232188 0.131023 0.001353 0.109324 0.000011
0.019939 0.504683 0.232534 0.131280 0.001364 0.110188 0.000012
0.019684 0.502719 0.233183 0.131810 0.001365 0.111228 0.000011
0.019224 0.501122 0.234033 0.131909 0.001399 0.112301 0.000012
0.019497 0.498977 0.234423 0.132419 0.001399 0.113272 0.000012
0.019149 0.497464 0.235012 0.132726 0.001404 0.114232 0.000012
0.019783 0.496639 0.234896 0.132635 0.001414 0.114621 0.000012
0.021561 0.494099 0.234850 0.132714 0.001426 0.115337 0.000013
0.022894 0.490931 0.235337 0.132892 0.001420 0.116512 0.000013
0.022588 0.488702 0.236064 0.133447 0.001456 0.117729 0.000015
0.023862 0.486424 0.236434 0.133445 0.001437 0.118386 0.000013
0.023011 0.485309 0.236987 0.133940 0.001463 0.119276 0.000015
0.025728 0.482740 0.236541 0.133737 0.001491 0.119749 0.000014
0.023438 0.481792 0.237822 0.134308 0.001498 0.121126 0.000016
0.024977 0.479239 0.237799 0.134430 0.001497 0.122042 0.000017
0.023888 0.477731 0.238736 0.134865 0.001514 0.123250 0.000016
0.024594 0.476742 0.238619 0.134682 0.001525 0.123821 0.000017
0.023450 0.475441 0.239475 0.135208 0.001536 0.124873 0.000017
0.023309 0.473436 0.239856 0.135599 0.001563 0.126220 0.000018
0.023572 0.471820 0.240400 0.135699 0.001567 0.126927 0.000016
0.022900 0.470236 0.241010 0.136125 0.001591 0.128121 0.000017
0.021569 0.469581 0.241818 0.136421 0.001573 0.129022 0.000017
0.022425 0.467889 0.241907 0.136385 0.001602 0.129773 0.000019
0.022211 0.466854 0.241834 0.136587 0.001613 0.130884 0.000017
0.022275 0.464913 0.242430 0.136881 0.001611 0.131873 0.000017
0.021590 0.463421 0.243204 0.137130 0.001635 0.133002 0.000019
0.020343 0.462012 0.244055 0.137772 0.001665 0.134134 0.000019
0.020814 0.460202 0.244236 0.137877 0.001676 0.135177 0.000019
0.018808 0.458743 0.245466 0.138576 0.001686 0.136703 0.000018
0.019128 0.457577 0.245593 0.138747 0.001715 0.137221 0.000019
0.018438 0.455849 0.246464 0.139080 0.001703 0.138448 0.000019
0.017915 0.454154 0.247016 0.139440 0.001722 0.139734 0.000020
0.017754 0.453184 0.247382 0.139544 0.001726 0.140389 0.000022
0.017462 0.451677 0.247657 0.139799 0.001752 0.141634 0.000019
0.016877 0.448949 0.248741 0.140476 0.001764 0.143171 0.000022
0.016548 0.448234 0.248884 0.140694 0.001741 0.143878 0.000020
0.016379 0.445773 0.249688 0.140998 0.001800 0.145342 0.000020
0.016338 0.445400 0.249711 0.141028 0.001780 0.145721 0.000022
0.015978 0.443343 0.250335 0.141348 0.001806 0.147169 0.000021
0.015901 0.442138 0.250547 0.141612 0.001822 0.147956 0.000023
0.015276 0.440147 0.251378 0.141928 0.001836 0.149412 0.000023
0.015326 0.438537 0.251825 0.142098 0.001851 0.150342 0.000021
0.015146 0.436604 0.252108 0.142558 0.001863 0.151696 0.000024
0.014826 0.435563 0.252458 0.142635 0.001882 0.152616 0.000021
0.014580 0.433834 0.253057 0.143027 0.001891 0.153590 0.000022
0.015016 0.432932 0.253016 0.142973 0.001901 0.154138 0.000024
0.014472 0.430497 0.253768 0.143425 0.001925 0.155887 0.000025
0.014375 0.428139 0.254337 0.143825 0.001948 0.157352 0.000024
0.014357 0.427847 0.254430 0.143647 0.001944 0.157749 0.000025
0.014070 0.425291 0.255006 0.144264 0.001940 0.159403 0.000025
0.014263 0.425050 0.254873 0.144042 0.001968 0.159779 0.000025
0.014026 0.423035 0.255451 0.144467 0.001963 0.161034 0.000025
0.013694 0.421029 0.256044 0.144806 0.001980 0.162420 0.000027
0.013970 0.419978 0.255993 0.144825 0.002012 0.163197 0.000025
0.013889 0.418422 0.256472 0.144914 0.002001 0.164275 0.000028
0.013996 0.417150 0.256714 0.144994 0.002023 0.165097 0.000026
0.013465 0.413312 0.257917 0.145811 0.002029 0.167438 0.000028
0.013488 0.413002 0.257856 0.145683 0.002032 0.167912 0.000027
0.013691 0.411259 0.257973 0.145751 0.002069 0.169227 0.000029
0.013677 0.410667 0.258190 0.145681 0.002067 0.169693 0.000027
0.013338 0.408380 0.258920 0.146124 0.002081 0.171128 0.000029
0.013372 0.406622 0.259149 0.146377 0.002101 0.172351 0.000027
0.013378 0.404865 0.259434 0.146675 0.002115 0.173505 0.000028
0.013359 0.403701 0.259637 0.146754 0.002111 0.174406 0.000031
0.013245 0.401938 0.260039 0.146879 0.002141 0.175729 0.000029
0.013367 0.401291 0.260017 0.146864 0.002145 0.176284 0.000031
0.013353 0.399238 0.260280 0.147152 0.002160 0.177788 0.000029
0.013205 0.399173 0.260428 0.147104 0.002161 0.177902 0.000029
0.013169 0.396295 0.261035 0.147581 0.002185 0.179705 0.000031
0.013193 0.395154 0.261028 0.147541 0.002183 0.180870 0.000030
0.013191 0.393593 0.261350 0.147714 0.002199 0.181921 0.000032
0.013002 0.392075 0.261579 0.147832 0.002207 0.183273 0.000033
0.013069 0.390748 0.261890 0.148065 0.002222 0.183974 0.000032
0.013169 0.390032 0.261929 0.147942 0.002234 0.184663 0.000030
0.012953 0.386999 0.262662 0.148311 0.002256 0.186786 0.000033
0.013032 0.386864 0.262340 0.148250 0.002271 0.187212 0.000032
0.012989 0.385795 0.262668 0.148353 0.002258 0.187905 0.000033
0.012904 0.383940 0.263017 0.148535 0.002279 0.189292 0.000033
0.013046 0.382671 0.263058 0.148612 0.002295 0.190281 0.000037
0.012920 0.380851 0.263546 0.148796 0.002305 0.191549 0.000034
0.012852 0.379416 0.263691 0.148958 0.002327 0.192721 0.000035
0.012876 0.378416 0.263849 0.149027 0.002334 0.193460 0.000038
0.012795 0.376393 0.264152 0.149314 0.002322 0.194989 0.000035
0.012890 0.376020 0.264113 0.149199 0.002350 0.195389 0.000038
0.012772 0.374143 0.264541 0.149288 0.002361 0.196858 0.000038
0.012775 0.373000 0.264549 0.149521 0.002402 0.197715 0.000037
0.012818 0.371379 0.264623 0.149525 0.002381 0.199237 0.000038
0.012727 0.370043 0.265020 0.149634 0.002390 0.200147 0.000038
0.012852 0.368616 0.265150 0.149643 0.002410 0.201292 0.000037
0.012802 0.366365 0.265664 0.150001 0.002443 0.202687 0.000038
0.012803 0.365558 0.265512 0.149990 0.002457 0.203641 0.000039
0.012695 0.364764 0.265732 0.149963 0.002474 0.204331 0.000041
0.012767 0.362826 0.265907 0.150018 0.002455 0.205986 0.000040
0.012677 0.362145 0.265876 0.149999 0.002492 0.206772 0.000039
0.012683 0.361007 0.266209 0.150226 0.002471 0.207365 0.000038
0.012747 0.359647 0.266094 0.150233 0.002505 0.208734 0.000040
0.012737 0.358728 0.266160 0.150422 0.002537 0.209374 0.000041
0.012759 0.356568 0.266593 0.150372 0.002533 0.211136 0.000040
0.012812 0.353667 0.267116 0.150627 0.002540 0.213196 0.000042
0.012761 0.354767 0.266717 0.150486 0.002544 0.212682 0.000043
0.012806 0.352825 0.266771 0.150627 0.002552 0.214374 0.000045
0.012665 0.350568 0.267249 0.150847 0.002592 0.216037 0.000043
0.014563 0.349461 0.266718 0.150474 0.002593 0.216147 0.000044
0.015586 0.348643 0.266201 0.150260 0.002577 0.216690 0.000042
0.015973 0.346815 0.266402 0.150325 0.002595 0.217843 0.000047
0.017112 0.345820 0.266075 0.149961 0.002614 0.218377 0.000041
0.016444 0.344464 0.266338 0.150377 0.002639 0.219688 0.000049
0.015553 0.343792 0.266555 0.150476 0.002630 0.220948 0.000048
0.018056 0.342153 0.265744 0.150096 0.002645 0.221259 0.000048
0.016118 0.341960 0.266323 0.150353 0.002655 0.222542 0.000049
0.018366 0.339205 0.265884 0.150209 0.002657 0.223633 0.000046
0.016422 0.339961 0.266346 0.150250 0.002665 0.224307 0.000049
0.016801 0.337792 0.266366 0.150297 0.002666 0.226030 0.000048
0.016622 0.336932 0.266534 0.150383 0.002715 0.226765 0.000048
0.017206 0.336163 0.266071 0.150223 0.002697 0.227594 0.000046
0.017117 0.334816 0.266340 0.150068 0.002709 0.228897 0.000053
0.016434 0.333507 0.266695 0.150466 0.002714 0.230134 0.000050
0.015632 0.333069 0.266983 0.150584 0.002742 0.230943 0.000048
0.015211 0.332261 0.267193 0.150635 0.002760 0.231891 0.000049
0.016082 0.330346 0.266946 0.150526 0.002773 0.233278 0.000049
0.015902 0.330274 0.266723 0.150398 0.002776 0.233878 0.000049
0.014868 0.328434 0.267327 0.150902 0.002791 0.235631 0.000047
0.014758 0.327442 0.267551 0.150745 0.002806 0.236646 0.000051
0.014629 0.325977 0.267676 0.150914 0.002837 0.237918 0.000049
0.014896 0.325366 0.267575 0.150739 0.002841 0.238537 0.000047
0.014031 0.324156 0.267794 0.151002 0.002852 0.240116 0.000049
0.014121 0.322879 0.267860 0.151106 0.002872 0.241109 0.000053
0.013896 0.322248 0.267941 0.151028 0.002871 0.241964 0.000052
0.013656 0.320439 0.268306 0.151190 0.002896 0.243464 0.000049
0.013823 0.318828 0.268274 0.151178 0.002893 0.244954 0.000051
0.013899 0.318581 0.267988 0.151017 0.002900 0.245562 0.000053
0.013567 0.317132 0.268387 0.151225 0.002916 0.246721 0.000052
0.013403 0.315597 0.268448 0.151378 0.002937 0.248181 0.000056
0.013708 0.315411 0.268171 0.151278 0.002925 0.248452 0.000055
0.013284 0.313667 0.268596 0.151287 0.002952 0.250157 0.000057
0.013152 0.311737 0.268973 0.151292 0.002965 0.251822 0.000059
0.013379 0.311547 0.268381 0.151300 0.002979 0.252356 0.000059
0.015526 0.309636 0.267802 0.150916 0.003024 0.253038 0.000057
0.017065 0.308562 0.267246 0.150717 0.002997 0.253353 0.000060
0.017154 0.307520 0.267346 0.150494 0.002993 0.254433 0.000059
0.017297 0.305999 0.267392 0.150725 0.003016 0.255511 0.000059
0.017315 0.304331 0.267339 0.150718 0.003056 0.257180 0.000061
0.018016 0.304095 0.267101 0.150460 0.003039 0.257228 0.000061
0.017702 0.303606 0.266924 0.150406 0.003047 0.258254 0.000060
0.017553 0.303070 0.266829 0.150423 0.003062 0.259007 0.000056
0.016385 0.301753 0.267419 0.150662 0.003074 0.260648 0.000060
0.021042 0.299770 0.265756 0.149717 0.003065 0.260589 0.000060
0.020412 0.299743 0.265642 0.149875 0.003096 0.261171 0.000061
0.021528 0.298230 0.265448 0.149577 0.003080 0.262077 0.000060
0.020342 0.298201 0.265776 0.149686 0.003112 0.262824 0.000059
0.022178 0.296974 0.264906 0.149176 0.003096 0.263609 0.000060
0.022053 0.295887 0.264958 0.149110 0.003132 0.264801 0.000059
0.020438 0.295108 0.265565 0.149633 0.003112 0.266083 0.000061
0.021010 0.294979 0.264814 0.149225 0.003137 0.266773 0.000063
0.021043 0.294256 0.264672 0.149325 0.003146 0.267492 0.000065
0.019708 0.293180 0.265177 0.149513 0.003169 0.269193 0.000061
0.019636 0.292946 0.265096 0.149404 0.003174 0.269681 0.000064
0.020070 0.291832 0.264942 0.149201 0.003177 0.270714 0.000065
0.018657 0.290843 0.265412 0.149396 0.003193 0.272437 0.000061
0.018355 0.289907 0.265548 0.149465 0.003229 0.273432 0.000064
0.017113 0.287885 0.265960 0.149936 0.003234 0.275807 0.000066
0.017652 0.287946 0.265625 0.149451 0.003217 0.276045 0.000064
0.017397 0.287853 0.265503 0.149628 0.003241 0.276311 0.000067
0.016625 0.285745 0.265844 0.149620 0.003269 0.278832 0.000064
0.015944 0.285328 0.265969 0.149774 0.003282 0.279633 0.000069
0.016031 0.285051 0.266094 0.149597 0.003277 0.279883 0.000067
0.016015 0.282886 0.265988 0.149741 0.003307 0.281994 0.000068
0.015739 0.282543 0.265986 0.149786 0.003297 0.282577 0.000072
0.014735 0.280276 0.266566 0.149987 0.003349 0.285016 0.000072
0.015783 0.280379 0.265923 0.149794 0.003327 0.284723 0.000071
0.015501 0.280032 0.265574 0.149749 0.003327 0.285748 0.000070
0.015230 0.278753 0.265872 0.149559 0.003334 0.287175 0.000076
0.014671 0.276481 0.266155 0.149988 0.003365 0.289269 0.000072
0.014522 0.276041 0.266368 0.150041 0.003372 0.289582 0.000073
0.014717 0.275405 0.265948 0.149888 0.003379 0.290588 0.000075
0.014479 0.273618 0.266136 0.150022 0.003392 0.292276 0.000077
0.014319 0.272849 0.266263 0.149981 0.003434 0.293079 0.000075
0.014423 0.272620 0.265861 0.149897 0.003410 0.293713 0.000076
0.014241 0.272198 0.265863 0.149799 0.003425 0.294396 0.000079
0.014058 0.270852 0.266124 0.149911 0.003464 0.295513 0.000078
0.014109 0.269254 0.266019 0.149962 0.003492 0.297088 0.000076
0.014255 0.268559 0.266037 0.149622 0.003459 0.297991 0.000077
0.014260 0.267499 0.265800 0.149636 0.003473 0.299254 0.000078
0.014085 0.266699 0.265758 0.149667 0.003478 0.300232 0.000082
0.013968 0.265333 0.266024 0.149746 0.003483 0.301367 0.000078
0.014149 0.264891 0.265667 0.149557 0.003519 0.302133 0.000083
0.014111 0.264957 0.265229 0.149439 0.003497 0.302683 0.000083
0.014006 0.261988 0.265539 0.149519 0.003540 0.305324 0.000084
0.014014 0.261660 0.265381 0.149387 0.003544 0.305930 0.000085
0.014004 0.261430 0.265188 0.149506 0.003552 0.306238 0.000082
0.013971 0.259869 0.265311 0.149634 0.003553 0.307583 0.000078
0.014097 0.259124 0.265059 0.149388 0.003579 0.308668 0.000086
0.013965 0.258281 0.264974 0.149211 0.003574 0.309913 0.000082
0.013993 0.256860 0.264894 0.149314 0.003596 0.311254 0.000089
0.014040 0.255766 0.264996 0.149326 0.003622 0.312167 0.000083
0.013828 0.255709 0.264714 0.149142 0.003648 0.312879 0.000080
0.013939 0.254746 0.264706 0.149239 0.003633 0.313651 0.000086
0.013874 0.253218 0.264677 0.149203 0.003647 0.315289 0.000091
0.013937 0.252248 0.264639 0.149173 0.003637 0.316278 0.000087
0.013898 0.251168 0.264455 0.148965 0.003675 0.317751 0.000088
0.013877 0.250755 0.264466 0.148994 0.003661 0.318160 0.000087
0.013985 0.250096 0.264059 0.148921 0.003678 0.319172 0.000090
0.013894 0.248529 0.263989 0.148724 0.003694 0.321075 0.000095
0.013964 0.248220 0.263827 0.148771 0.003711 0.321419 0.000087
0.014027 0.247011 0.263989 0.148580 0.003715 0.322588 0.000091
0.014138 0.246412 0.263489 0.148684 0.003746 0.323440 0.000091
0.013861 0.245308 0.263881 0.148732 0.003767 0.324363 0.000088
0.014058 0.244960 0.263509 0.148614 0.003710 0.325059 0.000090
0.014021 0.244256 0.263223 0.148369 0.003759 0.326280 0.000093
0.013996 0.243434 0.263304 0.148395 0.003754 0.327027 0.000090
0.014015 0.242385 0.263176 0.148292 0.003758 0.328282 0.000093
0.014043 0.242516 0.262667 0.147891 0.003789 0.328993 0.000101
0.014131 0.240682 0.262612 0.148060 0.003807 0.330614 0.000094
0.014220 0.239552 0.262743 0.148050 0.003811 0.331530 0.000095
0.014184 0.238626 0.262434 0.147979 0.003840 0.332837 0.000099
0.014174 0.237851 0.262392 0.147927 0.003845 0.333710 0.000101
0.014227 0.237569 0.262172 0.147680 0.003789 0.334462 0.000099
0.014401 0.236672 0.262069 0.147541 0.003872 0.335344 0.000100
0.014306 0.236535 0.261725 0.147538 0.003857 0.335938 0.000100
0.014280 0.235446 0.261464 0.147575 0.003871 0.337263 0.000101
0.014339 0.233581 0.261657 0.147384 0.003886 0.339049 0.000104
0.014345 0.233473 0.261380 0.147307 0.003874 0.339522 0.000100
0.014380 0.233890 0.261233 0.147231 0.003869 0.339296 0.000101
0.014277 0.232043 0.261216 0.147308 0.003865 0.341186 0.000105
0.014414 0.230516 0.261092 0.147213 0.003889 0.342773 0.000103
0.014376 0.231408 0.260644 0.147039 0.003895 0.342528 0.000109
0.014433 0.229325 0.260578 0.146987 0.003954 0.344615 0.000108
0.014546 0.229186 0.260236 0.146666 0.003946 0.345314 0.000107
0.014362 0.227499 0.260327 0.146925 0.003942 0.346834 0.000112
0.014482 0.227679 0.259919 0.146679 0.003972 0.347161 0.000109
0.014499 0.226769 0.259963 0.146661 0.003942 0.348055 0.000112
0.014586 0.226313 0.259616 0.146391 0.003958 0.349028 0.000107
0.014599 0.225542 0.259516 0.146336 0.003963 0.349934 0.000110
0.014588 0.224354 0.259333 0.146287 0.004013 0.351317 0.000108
0.014668 0.224071 0.259188 0.146136 0.004011 0.351818 0.000108
0.014758 0.222968 0.258827 0.146026 0.004000 0.353307 0.000114
0.014630 0.222922 0.258874 0.145762 0.004013 0.353684 0.000115
0.014752 0.221881 0.258579 0.145817 0.004037 0.354822 0.000111
0.014588 0.220635 0.258311 0.145723 0.004032 0.356599 0.000113
0.014702 0.220757 0.258034 0.145663 0.004010 0.356718 0.000117
0.014711 0.219938 0.257775 0.145428 0.004065 0.357968 0.000116
0.014869 0.219527 0.257808 0.145269 0.004077 0.358336 0.000114
0.014835 0.217704 0.257588 0.145265 0.004110 0.360384 0.000114
0.014872 0.217946 0.257425 0.145303 0.004090 0.360247 0.000117
0.014923 0.217528 0.257267 0.145093 0.004063 0.361010 0.000116
0.014975 0.215688 0.257021 0.144991 0.004116 0.363091 0.000118
0.014883 0.214441 0.256869 0.145003 0.004107 0.364580 0.000117
0.015027 0.214733 0.256661 0.144774 0.004135 0.364548 0.000123
0.015035 0.214251 0.256492 0.144897 0.004112 0.365089 0.000123
0.015024 0.213663 0.256498 0.144771 0.004131 0.365789 0.000123
0.015066 0.212642 0.255922 0.144583 0.004141 0.367521 0.000125
0.015144 0.212423 0.255971 0.144561 0.004123 0.367653 0.000125
0.015070 0.211360 0.255989 0.144328 0.004165 0.368963 0.000125
0.015184 0.209906 0.255776 0.144128 0.004157 0.370717 0.000132
0.015050 0.210018 0.255665 0.144061 0.004194 0.370887 0.000125
0.015112 0.209982 0.255119 0.143775 0.004162 0.371722 0.000128
0.015368 0.208441 0.254799 0.143711 0.004182 0.373370 0.000129
0.015390 0.207499 0.254391 0.143555 0.004199 0.374840 0.000127
0.015248 0.206952 0.254231 0.143646 0.004217 0.375580 0.000127
0.015450 0.206587 0.254036 0.143516 0.004252 0.376029 0.000130
0.015327 0.206154 0.254078 0.143325 0.004226 0.376754 0.000135
0.015326 0.205736 0.253722 0.143212 0.004203 0.377670 0.000131
0.015396 0.204494 0.253570 0.143162 0.004271 0.378978 0.000129
0.015426 0.204154 0.253265 0.143054 0.004220 0.379748 0.000132
0.015493 0.203566 0.253309 0.142926 0.004263 0.380311 0.000131
0.015493 0.202842 0.253110 0.142802 0.004282 0.381337 0.000134
0.015520 0.202342 0.252826 0.142595 0.004273 0.382308 0.000135
0.015458 0.200916 0.252390 0.142500 0.004292 0.384307 0.000136
0.015543 0.200878 0.252721 0.142267 0.004257 0.384200 0.000135
0.015693 0.200105 0.252134 0.142118 0.004317 0.385497 0.000135
0.015772 0.199791 0.251964 0.142310 0.004322 0.385700 0.000141
0.015662 0.199454 0.251795 0.141913 0.004282 0.386755 0.000140
0.015649 0.198188 0.251722 0.141961 0.004332 0.388010 0.000138
0.015818 0.197960 0.251503 0.141777 0.004346 0.388457 0.000139
0.015827 0.197629 0.251003 0.141459 0.004317 0.389622 0.000143
0.015865 0.196619 0.250808 0.141537 0.004347 0.390686 0.000139
0.015879 0.196293 0.250635 0.141234 0.004349 0.391466 0.000144
0.015887 0.196099 0.250378 0.141309 0.004381 0.391799 0.000147
0.015973 0.195237 0.250016 0.140964 0.004366 0.393296 0.000148
0.016033 0.194634 0.249907 0.141068 0.004368 0.393845 0.000144
0.015935 0.193978 0.249737 0.140910 0.004361 0.394933 0.000147
0.015993 0.193307 0.249594 0.140844 0.004369 0.395747 0.000146
0.016097 0.193046 0.249365 0.140655 0.004391 0.396300 0.000146
0.016150 0.191686 0.248945 0.140273 0.004410 0.398388 0.000148
0.016149 0.191814 0.248601 0.140422 0.004404 0.398459 0.000151
0.016115 0.191628 0.248618 0.140039 0.004419 0.399028 0.000152
0.016173 0.190082 0.248431 0.140144 0.004437 0.400578 0.000154
0.016133 0.189985 0.248209 0.139990 0.004426 0.401109 0.000147
0.016360 0.189074 0.247734 0.139679 0.004464 0.402535 0.000153
0.016289 0.188353 0.247602 0.139694 0.004457 0.403453 0.000152
0.016285 0.187760 0.247060 0.139531 0.004444 0.404768 0.000151
0.016283 0.187528 0.247128 0.139583 0.004446 0.404874 0.000158
0.016341 0.186685 0.246838 0.139309 0.004453 0.406220 0.000155
0.016415 0.187062 0.246625 0.139168 0.004443 0.406139 0.000148
0.016450 0.185848 0.246358 0.138911 0.004474 0.407804 0.000155
0.016563 0.184831 0.246099 0.139053 0.004503 0.408793 0.000157
0.016535 0.183999 0.245848 0.138731 0.004475 0.410261 0.000152
0.016625 0.183535 0.245687 0.138575 0.004528 0.410896 0.000153
0.016576 0.184038 0.245463 0.138576 0.004522 0.410669 0.000156
0.016594 0.183097 0.245008 0.138310 0.004521 0.412310 0.000160
0.016625 0.182393 0.245023 0.138179 0.004529 0.413082 0.000167
0.016621 0.181876 0.244635 0.138280 0.004551 0.413873 0.000165
0.016676 0.181371 0.244398 0.137894 0.004523 0.414975 0.000164
0.016655 0.181961 0.244433 0.137701 0.004561 0.414517 0.000173
0.016716 0.180376 0.244102 0.137604 0.004530 0.416509 0.000163
0.016800 0.179908 0.243615 0.137567 0.004551 0.417393 0.000165
0.016839 0.179294 0.243417 0.137506 0.004578 0.418202 0.000165
0.016826 0.178831 0.243116 0.137166 0.004581 0.419314 0.000166
0.016993 0.178324 0.242837 0.137121 0.004570 0.419989 0.000166
0.017000 0.177370 0.242638 0.136903 0.004588 0.421335 0.000166
0.016963 0.176732 0.242532 0.136902 0.004650 0.422057 0.000164
0.016976 0.176361 0.242349 0.136707 0.004633 0.422805 0.000169
0.016985 0.176062 0.241798 0.136669 0.004622 0.423697 0.000167
0.017046 0.175075 0.241835 0.136333 0.004632 0.424912 0.000167
0.017136 0.174949 0.241444 0.136117 0.004637 0.425544 0.000172
0.017213 0.174256 0.241224 0.136073 0.004655 0.426403 0.000176
0.017243 0.173742 0.240802 0.136026 0.004654 0.427360 0.000173
0.017234 0.173086 0.240441 0.135830 0.004663 0.428578 0.000169
0.017263 0.172629 0.240377 0.135841 0.004679 0.429036 0.000176
0.017313 0.172388 0.240003 0.135372 0.004669 0.430075 0.000181
0.017393 0.172157 0.240006 0.135475 0.004690 0.430108 0.000171
0.017441 0.171115 0.239523 0.135057 0.004706 0.431986 0.000173
0.017474 0.171204 0.239378 0.135166 0.004729 0.431872 0.000177
0.017551 0.170638 0.238852 0.135047 0.004690 0.433039 0.000183
0.017598 0.170061 0.238643 0.134799 0.004748 0.433980 0.000171
0.017618 0.169251 0.238458 0.134706 0.004729 0.435061 0.000177
0.017572 0.169481 0.238548 0.134343 0.004706 0.435176 0.000172
0.017595 0.168659 0.238092 0.134561 0.004725 0.436187 0.000182
0.017567 0.168185 0.237818 0.134298 0.004693 0.437255 0.000185
0.017681 0.167650 0.237548 0.134156 0.004719 0.438061 0.000184
0.017953 0.167052 0.237309 0.134023 0.004727 0.438755 0.000182
0.017826 0.166941 0.237039 0.133888 0.004729 0.439394 0.000183
0.017820 0.166320 0.236759 0.133751 0.004757 0.440412 0.000181
0.017847 0.166026 0.236614 0.133650 0.004775 0.440902 0.000185
0.017865 0.165574 0.236181 0.133431 0.004772 0.441994 0.000182
0.017995 0.164297 0.236013 0.133290 0.004746 0.443469 0.000190
0.017977 0.164053 0.235636 0.133258 0.004757 0.444130 0.000188
0.018110 0.163860 0.235508 0.132807 0.004777 0.444749 0.000188
0.018129 0.163323 0.235363 0.133040 0.004802 0.445154 0.000190
0.018200 0.162917 0.234932 0.132605 0.004815 0.446338 0.000193
0.018196 0.162620 0.234753 0.132675 0.004796 0.446770 0.000191
0.018197 0.161999 0.234418 0.132490 0.004794 0.447907 0.000195
0.018312 0.161683 0.234354 0.132498 0.004803 0.448161 0.000190
0.018416 0.161010 0.233683 0.132001 0.004810 0.449883 0.000196
0.018257 0.160728 0.233640 0.132015 0.004835 0.450333 0.000193
0.018428 0.160321 0.233303 0.131807 0.004854 0.451088 0.000200
0.018392 0.160120 0.233208 0.131693 0.004854 0.451539 0.000193
0.018548 0.159338 0.233054 0.131541 0.004840 0.452487 0.000191
0.018545 0.159267 0.232459 0.131264 0.004870 0.453403 0.000190
0.018461 0.158478 0.232260 0.131296 0.004863 0.454442 0.000199
0.018725 0.158296 0.231965 0.131166 0.004840 0.454815 0.000193
0.018772 0.158021 0.231806 0.131016 0.004857 0.455335 0.000193
0.018524 0.157338 0.231473 0.130806 0.004876 0.456781 0.000202
0.018737 0.156765 0.231339 0.130694 0.004896 0.457367 0.000202
0.018698 0.156589 0.230857 0.130528 0.004906 0.458217 0.000205
0.018816 0.155500 0.230838 0.130120 0.004914 0.459610 0.000201
0.018741 0.155633 0.230524 0.130236 0.004902 0.459765 0.000198
0.018990 0.155102 0.230264 0.130241 0.004879 0.460322 0.000202
0.018903 0.154828 0.229842 0.129999 0.004943 0.461278 0.000207
0.018856 0.153833 0.229549 0.129741 0.004919 0.462897 0.000204
0.019007 0.154162 0.229345 0.129760 0.004905 0.462610 0.000211
0.019054 0.153048 0.229105 0.129430 0.004935 0.464223 0.000205
0.019014 0.153540 0.228908 0.129428 0.004965 0.463938 0.000207
0.019074 0.152668 0.228563 0.129157 0.004964 0.465360 0.000215
0.018997 0.152280 0.228188 0.129135 0.004940 0.466243 0.000216
0.019145 0.151969 0.227858 0.129005 0.004962 0.466852 0.000209
0.019242 0.151362 0.227788 0.128841 0.004984 0.467572 0.000212
0.019264 0.151306 0.227189 0.128576 0.004992 0.468459 0.000213
0.019310 0.150894 0.227065 0.128335 0.004998 0.469186 0.000211
0.019349 0.150627 0.226711 0.128378 0.004996 0.469720 0.000220
0.019271 0.149713 0.226586 0.128122 0.005005 0.471080 0.000222
0.019440 0.149967 0.226526 0.128027 0.005018 0.470797 0.000224
0.019481 0.149300 0.225949 0.127824 0.004996 0.472232 0.000218
0.019384 0.148977 0.225928 0.127586 0.005023 0.472884 0.000219
0.019406 0.148562 0.225516 0.127514 0.005008 0.473774 0.000220
0.019528 0.147869 0.225245 0.127479 0.005008 0.474647 0.000224
0.019696 0.147679 0.224903 0.127121 0.005036 0.475336 0.000229
0.019666 0.147406 0.224934 0.126880 0.005035 0.475859 0.000220
0.019753 0.147167 0.224384 0.126858 0.004999 0.476609 0.000229
0.019711 0.146453 0.224239 0.126742 0.005028 0.477600 0.000228
0.019605 0.145979 0.223808 0.126544 0.005048 0.478789 0.000228
0.019714 0.145548 0.223639 0.126492 0.005055 0.479324 0.000229
0.019777 0.145115 0.223376 0.126185 0.005066 0.480253 0.000229
0.019815 0.145105 0.223054 0.126148 0.005050 0.480596 0.000232
0.019754 0.144785 0.222932 0.125927 0.005053 0.481314 0.000236
0.019973 0.144393 0.222225 0.125852 0.005062 0.482262 0.000234
0.020007 0.143884 0.222070 0.125626 0.005061 0.483126 0.000226
0.020128 0.143249 0.221810 0.125242 0.005077 0.484259 0.000236
0.020134 0.143303 0.221471 0.125330 0.005081 0.484447 0.000233
0.020068 0.143234 0.221436 0.125255 0.005074 0.484698 0.000235
0.020102 0.142673 0.220860 0.125169 0.005108 0.485856 0.000232
0.020079 0.142615 0.220583 0.125048 0.005108 0.486327 0.000241
0.020353 0.141673 0.220261 0.124580 0.005108 0.487784 0.000242
0.020242 0.141790 0.220138 0.124513 0.005093 0.487988 0.000236
0.020398 0.141426 0.219752 0.124450 0.005122 0.488615 0.000236
0.020598 0.140858 0.219489 0.124227 0.005138 0.489452 0.000239
0.020333 0.140658 0.219486 0.124106 0.005108 0.490075 0.000234
0.020395 0.140038 0.219140 0.123911 0.005145 0.491131 0.000240
0.020483 0.140003 0.219174 0.123819 0.005144 0.491137 0.000241
0.020471 0.139222 0.218363 0.123518 0.005162 0.493016 0.000248
0.020507 0.139504 0.217918 0.123539 0.005156 0.493142 0.000235
0.020564 0.139088 0.218091 0.123305 0.005154 0.493545 0.000254
0.020634 0.138815 0.217721 0.123213 0.005148 0.494229 0.000239
0.020748 0.138306 0.217378 0.123055 0.005194 0.495075 0.000244
0.020792 0.137815 0.217066 0.122817 0.005210 0.496056 0.000243
0.020795 0.137862 0.216871 0.122811 0.005193 0.496224 0.000244
0.020812 0.137247 0.216643 0.122665 0.005187 0.497205 0.000242
0.020886 0.136761 0.216264 0.122290 0.005182 0.498374 0.000243
0.020938 0.136207 0.216087 0.122253 0.005208 0.499055 0.000253
0.021146 0.136172 0.215713 0.122107 0.005191 0.499418 0.000253
0.021022 0.136025 0.215670 0.122065 0.005203 0.499765 0.000250
0.021087 0.135703 0.215196 0.121876 0.005191 0.500698 0.000249
0.021073 0.135167 0.214752 0.121640 0.005192 0.501920 0.000256
