0.999819 0.000138 0.000031 0.000011 0.000000 0.000001 0.000000
0.999750 0.000184 0.000021 0.000006 0.000000 0.000040 0.000000
0.999521 0.000401 0.000042 0.000011 0.000000 0.000026 0.000000
0.999117 0.000757 0.000074 0.000027 0.000000 0.000024 0.000000
0.998647 0.001136 0.000116 0.000070 0.000000 0.000032 0.000000
0.997838 0.001772 0.000222 0.000120 0.000000 0.000048 0.000000
0.996486 0.002868 0.000372 0.000193 0.000000 0.000081 0.000000
0.994382 0.004555 0.000598 0.000327 0.000000 0.000138 0.000000
0.991860 0.006496 0.000902 0.000497 0.000000 0.000246 0.000000
0.988301 0.009290 0.001324 0.000724 0.000000 0.000361 0.000000
0.983595 0.013003 0.001881 0.000994 0.000000 0.000525 0.000000
0.977052 0.018131 0.002667 0.001408 0.000001 0.000741 0.000000
0.968217 0.025020 0.003690 0.002005 0.000002 0.001066 0.000000
0.957251 0.033481 0.005000 0.002767 0.000004 0.001497 0.000000
0.944133 0.043261 0.006831 0.003741 0.000006 0.002028 0.000000
0.927810 0.055319 0.009139 0.004958 0.000008 0.002766 0.000000
0.909689 0.068461 0.011860 0.006314 0.000014 0.003662 0.000000
0.890090 0.082198 0.015007 0.007879 0.000017 0.004809 0.000000
0.868569 0.096920 0.018545 0.009743 0.000024 0.006199 0.000000
0.846291 0.111431 0.022584 0.011821 0.000031 0.007842 0.000000
0.822667 0.126272 0.026968 0.014135 0.000042 0.009916 0.000000
0.799038 0.140076 0.031826 0.016700 0.000053 0.012306 0.000000
0.775796 0.152901 0.036839 0.019393 0.000062 0.015009 0.000000
0.753043 0.164631 0.042098 0.022055 0.000073 0.018100 0.000000
0.730333 0.175438 0.047539 0.024933 0.000089 0.021668 0.000000
0.708843 0.184764 0.053025 0.027808 0.000104 0.025456 0.000000
0.685920 0.193814 0.059225 0.031017 0.000116 0.029907 0.000001
0.664082 0.201383 0.065250 0.034203 0.000133 0.034946 0.000002
0.643359 0.207697 0.071195 0.037232 0.000151 0.040364 0.000003
0.623186 0.212675 0.077175 0.040352 0.000169 0.046439 0.000004
0.603832 0.216695 0.083070 0.043356 0.000192 0.052852 0.000004
0.585055 0.219548 0.088887 0.046471 0.000217 0.059817 0.000005
0.566939 0.221239 0.094622 0.049524 0.000250 0.067420 0.000005
0.549035 0.222297 0.100231 0.052487 0.000275 0.075669 0.000006
0.533206 0.221937 0.105307 0.055135 0.000306 0.084102 0.000007
0.517469 0.221180 0.110249 0.057677 0.000341 0.093077 0.000007
0.502533 0.219207 0.114865 0.060188 0.000372 0.102827 0.000008
0.489036 0.216915 0.119025 0.062320 0.000397 0.112297 0.000009
0.475670 0.213791 0.122945 0.064392 0.000437 0.122755 0.000010
0.464598 0.209815 0.126093 0.066171 0.000466 0.132845 0.000012
0.453568 0.205523 0.129080 0.067802 0.000503 0.143511 0.000013
0.443577 0.200843 0.131558 0.069300 0.000535 0.154172 0.000015
0.435108 0.195439 0.133443 0.070388 0.000574 0.165032 0.000016
0.426503 0.190185 0.135132 0.071386 0.000607 0.176169 0.000017
0.419380 0.184998 0.136321 0.072046 0.000635 0.186600 0.000019
0.412743 0.179216 0.137171 0.072575 0.000666 0.197606 0.000022
0.407407 0.173582 0.137522 0.072838 0.000698 0.207929 0.000024
0.401631 0.167985 0.137677 0.072937 0.000723 0.219020 0.000027
0.396973 0.163008 0.137327 0.072812 0.000745 0.229104 0.000030
0.393011 0.158193 0.136767 0.072610 0.000766 0.238621 0.000032
0.387386 0.153415 0.136540 0.072487 0.000795 0.249341 0.000035
0.383618 0.149341 0.135737 0.072001 0.000816 0.258448 0.000040
0.378824 0.144763 0.135115 0.071689 0.000848 0.268719 0.000043
0.374201 0.140113 0.134211 0.071283 0.000878 0.279267 0.000047
0.370664 0.135965 0.133052 0.070755 0.000906 0.288609 0.000050
0.366866 0.131233 0.131774 0.070082 0.000931 0.299060 0.000053
0.364396 0.126993 0.130083 0.069170 0.000951 0.308351 0.000057
0.360962 0.122817 0.128802 0.068459 0.000972 0.317929 0.000059
0.359153 0.118485 0.126839 0.067568 0.000992 0.326903 0.000060
0.356997 0.114655 0.125154 0.066654 0.001009 0.335469 0.000062
0.355898 0.110968 0.122952 0.065459 0.001024 0.343634 0.000065
0.354359 0.106860 0.120880 0.064411 0.001041 0.352380 0.000069
0.352769 0.103267 0.118705 0.063415 0.001059 0.360712 0.000073
0.351494 0.100060 0.116703 0.062386 0.001069 0.368210 0.000078
0.350164 0.096513 0.114502 0.061219 0.001078 0.376442 0.000082
0.348928 0.093299 0.112427 0.060213 0.001083 0.383966 0.000084
0.348559 0.090366 0.110123 0.059021 0.001090 0.390754 0.000087
0.347842 0.087178 0.107936 0.057809 0.001100 0.398046 0.000090
0.347646 0.084280 0.105708 0.056632 0.001106 0.404534 0.000094
0.347546 0.081298 0.103336 0.055474 0.001111 0.411138 0.000098
0.347640 0.078712 0.101287 0.054327 0.001110 0.416822 0.000101
0.348149 0.075823 0.098843 0.053062 0.001104 0.422913 0.000106
0.348587 0.072959 0.096397 0.051691 0.001110 0.429144 0.000112
0.349557 0.070607 0.094175 0.050416 0.001105 0.434024 0.000116
0.350455 0.068167 0.091873 0.049198 0.001111 0.439073 0.000123
0.351724 0.065921 0.089495 0.047878 0.001111 0.443744 0.000126
0.352969 0.063610 0.087172 0.046735 0.001108 0.448275 0.000131
0.354454 0.061537 0.084897 0.045505 0.001101 0.452371 0.000136
0.356145 0.059571 0.082599 0.044282 0.001101 0.456162 0.000140
0.357859 0.057902 0.080555 0.043189 0.001093 0.459258 0.000145
0.359660 0.055918 0.078224 0.041937 0.001091 0.463023 0.000147
0.361697 0.054602 0.076246 0.040893 0.001077 0.465333 0.000153
0.363914 0.053054 0.074091 0.039765 0.001061 0.467958 0.000157
0.366026 0.051688 0.072183 0.038791 0.001047 0.470103 0.000162
0.368183 0.050515 0.070394 0.037795 0.001037 0.471911 0.000166
0.370713 0.049045 0.068191 0.036615 0.001036 0.474229 0.000171
0.372794 0.048110 0.066600 0.035743 0.001030 0.475549 0.000175
0.375176 0.047097 0.064815 0.034818 0.001025 0.476892 0.000178
0.377559 0.045956 0.063009 0.033862 0.001019 0.478415 0.000181
0.379940 0.045101 0.061388 0.032993 0.001011 0.479381 0.000186
0.382395 0.044359 0.059841 0.032211 0.000995 0.480008 0.000191
0.384890 0.043612 0.058295 0.031379 0.000973 0.480656 0.000196
0.387410 0.042911 0.056903 0.030604 0.000959 0.481013 0.000200
0.390007 0.042319 0.055527 0.029849 0.000944 0.481151 0.000204
0.392580 0.041827 0.054207 0.029108 0.000936 0.481137 0.000206
0.395095 0.041460 0.052938 0.028462 0.000929 0.480906 0.000209
0.397743 0.040921 0.051727 0.027823 0.000924 0.480651 0.000210
0.400069 0.040589 0.050762 0.027304 0.000910 0.480153 0.000213
0.402519 0.040207 0.049703 0.026680 0.000896 0.479779 0.000216
0.404592 0.040022 0.048835 0.026172 0.000877 0.479283 0.000218
0.407134 0.039782 0.047810 0.025654 0.000869 0.478528 0.000222
0.409482 0.039568 0.046936 0.025186 0.000862 0.477740 0.000225
0.411807 0.039491 0.046099 0.024728 0.000846 0.476803 0.000227
0.414113 0.039301 0.045244 0.024278 0.000835 0.475999 0.000231
0.416208 0.039175 0.044618 0.023906 0.000831 0.475031 0.000232
0.418362 0.039156 0.043887 0.023514 0.000821 0.474025 0.000235
0.420601 0.039231 0.043200 0.023146 0.000800 0.472783 0.000239
0.422784 0.039287 0.042536 0.022776 0.000785 0.471591 0.000241
0.424887 0.039399 0.042101 0.022527 0.000769 0.470074 0.000243
0.426741 0.039353 0.041665 0.022271 0.000758 0.468966 0.000246
0.428800 0.039382 0.041228 0.021986 0.000745 0.467610 0.000249
0.430609 0.039525 0.040821 0.021738 0.000736 0.466318 0.000253
0.432527 0.039723 0.040372 0.021521 0.000721 0.464879 0.000257
0.434341 0.039856 0.040054 0.021279 0.000713 0.463498 0.000259
0.436292 0.040068 0.039700 0.021065 0.000704 0.461907 0.000263
0.437952 0.040245 0.039451 0.020951 0.000694 0.460441 0.000266
0.439613 0.040474 0.039274 0.020816 0.000683 0.458873 0.000267
0.441295 0.040743 0.039028 0.020694 0.000672 0.457297 0.000271
0.442778 0.040931 0.038861 0.020626 0.000666 0.455866 0.000272
0.444325 0.041119 0.038817 0.020542 0.000651 0.454272 0.000275
0.445711 0.041329 0.038705 0.020483 0.000640 0.452851 0.000280
0.447061 0.041546 0.038624 0.020435 0.000630 0.451422 0.000282
0.448315 0.041917 0.038536 0.020373 0.000631 0.449944 0.000284
0.449489 0.042111 0.038536 0.020385 0.000628 0.448567 0.000285
0.450734 0.042385 0.038522 0.020362 0.000615 0.447094 0.000288
0.451935 0.042774 0.038502 0.020333 0.000605 0.445560 0.000291
0.452893 0.043127 0.038488 0.020350 0.000598 0.444251 0.000293
0.453820 0.043418 0.038544 0.020368 0.000597 0.442959 0.000294
0.454864 0.043787 0.038569 0.020384 0.000592 0.441506 0.000298
0.455699 0.044099 0.038629 0.020405 0.000589 0.440280 0.000299
0.456575 0.044487 0.038760 0.020449 0.000586 0.438842 0.000301
0.457331 0.044838 0.038880 0.020509 0.000581 0.437558 0.000303
0.458117 0.045164 0.038977 0.020552 0.000583 0.436303 0.000304
0.458704 0.045493 0.039035 0.020624 0.000582 0.435256 0.000306
0.459361 0.045816 0.039098 0.020740 0.000582 0.434093 0.000309
0.460022 0.046129 0.039247 0.020842 0.000573 0.432876 0.000311
0.460592 0.046334 0.039441 0.020899 0.000572 0.431849 0.000315
0.461172 0.046581 0.039631 0.020993 0.000568 0.430739 0.000315
0.461666 0.046881 0.039793 0.021077 0.000563 0.429701 0.000318
0.462198 0.047138 0.040052 0.021145 0.000558 0.428589 0.000320
0.462768 0.047307 0.040206 0.021209 0.000552 0.427634 0.000324
0.463285 0.047588 0.040362 0.021248 0.000551 0.426641 0.000326
0.463625 0.047854 0.040472 0.021325 0.000548 0.425849 0.000326
0.464030 0.048101 0.040676 0.021458 0.000545 0.424864 0.000327
0.464399 0.048359 0.040780 0.021541 0.000545 0.424045 0.000330
0.464578 0.048619 0.040903 0.021626 0.000547 0.423396 0.000331
0.464773 0.048880 0.041148 0.021684 0.000551 0.422630 0.000333
0.465052 0.049174 0.041338 0.021701 0.000549 0.421850 0.000335
0.465144 0.049461 0.041590 0.021782 0.000544 0.421141 0.000336
0.465400 0.049568 0.041727 0.021885 0.000547 0.420539 0.000336
0.465574 0.049776 0.041898 0.022004 0.000546 0.419866 0.000337
0.465757 0.049947 0.042039 0.022128 0.000546 0.419245 0.000338
0.466055 0.050106 0.042198 0.022239 0.000546 0.418515 0.000341
0.466326 0.050240 0.042367 0.022320 0.000545 0.417859 0.000344
0.466518 0.050436 0.042547 0.022414 0.000543 0.417196 0.000347
0.466565 0.050523 0.042774 0.022539 0.000537 0.416715 0.000348
0.466925 0.050604 0.042911 0.022628 0.000534 0.416046 0.000353
0.467047 0.050730 0.043068 0.022728 0.000534 0.415539 0.000355
0.467106 0.050957 0.043177 0.022835 0.000529 0.415039 0.000358
0.467145 0.051039 0.043395 0.022908 0.000526 0.414627 0.000360
0.467244 0.051087 0.043621 0.022959 0.000523 0.414204 0.000362
0.467258 0.051347 0.043825 0.023040 0.000522 0.413646 0.000363
0.467225 0.051486 0.043988 0.023124 0.000519 0.413294 0.000364
0.467286 0.051683 0.044157 0.023233 0.000522 0.412753 0.000366
0.467423 0.051814 0.044284 0.023278 0.000518 0.412313 0.000370
0.467420 0.051918 0.044386 0.023351 0.000517 0.412037 0.000370
0.467305 0.052041 0.044607 0.023489 0.000516 0.411670 0.000372
0.467404 0.052036 0.044795 0.023561 0.000513 0.411316 0.000375
0.467360 0.052072 0.044944 0.023636 0.000515 0.411095 0.000377
0.467362 0.052178 0.045057 0.023690 0.000514 0.410817 0.000381
0.467357 0.052222 0.045145 0.023746 0.000510 0.410640 0.000381
0.467337 0.052310 0.045225 0.023806 0.000513 0.410425 0.000384
0.467306 0.052378 0.045341 0.023893 0.000515 0.410182 0.000386
0.467270 0.052420 0.045501 0.023949 0.000513 0.409958 0.000389
0.467131 0.052544 0.045618 0.024015 0.000510 0.409794 0.000390
0.467120 0.052616 0.045687 0.024085 0.000503 0.409597 0.000392
0.467035 0.052606 0.045804 0.024186 0.000504 0.409472 0.000392
0.467048 0.052600 0.045882 0.024244 0.000507 0.409325 0.000395
0.467120 0.052565 0.045960 0.024284 0.000515 0.409159 0.000397
0.467042 0.052610 0.046059 0.024372 0.000518 0.409001 0.000398
0.466956 0.052636 0.046178 0.024404 0.000523 0.408902 0.000400
0.466907 0.052674 0.046230 0.024465 0.000529 0.408793 0.000403
0.466775 0.052646 0.046318 0.024503 0.000533 0.408821 0.000403
0.466784 0.052603 0.046365 0.024539 0.000534 0.408770 0.000405
0.466853 0.052551 0.046404 0.024571 0.000536 0.408679 0.000407
0.466791 0.052569 0.046406 0.024611 0.000537 0.408678 0.000409
0.466710 0.052658 0.046426 0.024629 0.000537 0.408631 0.000410
0.466602 0.052676 0.046439 0.024695 0.000540 0.408636 0.000411
0.466589 0.052632 0.046540 0.024679 0.000542 0.408605 0.000413
0.466488 0.052655 0.046592 0.024718 0.000546 0.408588 0.000414
0.466430 0.052678 0.046618 0.024719 0.000545 0.408594 0.000417
0.466468 0.052726 0.046620 0.024722 0.000546 0.408500 0.000418
0.466310 0.052724 0.046597 0.024739 0.000547 0.408662 0.000421
0.466335 0.052700 0.046641 0.024746 0.000551 0.408608 0.000420
0.466245 0.052697 0.046709 0.024752 0.000551 0.408623 0.000423
0.466359 0.052646 0.046727 0.024768 0.000546 0.408530 0.000425
0.466317 0.052692 0.046729 0.024794 0.000544 0.408495 0.000429
0.466269 0.052697 0.046817 0.024807 0.000541 0.408437 0.000432
0.466237 0.052693 0.046839 0.024814 0.000548 0.408437 0.000432
0.466163 0.052677 0.046921 0.024833 0.000557 0.408413 0.000437
0.466082 0.052688 0.046981 0.024823 0.000554 0.408433 0.000439
0.466120 0.052676 0.046943 0.024856 0.000552 0.408412 0.000440
0.466031 0.052652 0.047019 0.024890 0.000555 0.408411 0.000442
0.466091 0.052581 0.047005 0.024912 0.000556 0.408412 0.000443
0.466068 0.052632 0.046979 0.024916 0.000560 0.408400 0.000445
0.465917 0.052607 0.047058 0.024880 0.000559 0.408534 0.000446
0.465983 0.052627 0.047063 0.024853 0.000558 0.408466 0.000450
0.466052 0.052576 0.047084 0.024825 0.000557 0.408455 0.000450
0.465977 0.052591 0.047075 0.024849 0.000553 0.408502 0.000453
0.465893 0.052559 0.047122 0.024860 0.000554 0.408555 0.000457
0.465972 0.052491 0.047115 0.024846 0.000555 0.408563 0.000458
0.465941 0.052509 0.047109 0.024836 0.000554 0.408590 0.000460
0.465859 0.052515 0.047066 0.024826 0.000553 0.408716 0.000464
0.465893 0.052493 0.047027 0.024824 0.000553 0.408745 0.000464
0.465886 0.052454 0.047030 0.024799 0.000554 0.408812 0.000466
0.465906 0.052409 0.047022 0.024772 0.000555 0.408870 0.000466
0.465856 0.052356 0.046992 0.024781 0.000558 0.408986 0.000471
0.465806 0.052388 0.046976 0.024813 0.000553 0.408992 0.000472
0.465737 0.052374 0.047006 0.024796 0.000549 0.409062 0.000475
0.465985 0.052230 0.046994 0.024795 0.000547 0.408970 0.000478
0.465906 0.052314 0.046923 0.024774 0.000546 0.409056 0.000480
0.465905 0.052302 0.046890 0.024774 0.000549 0.409099 0.000481
0.465871 0.052334 0.046901 0.024756 0.000546 0.409108 0.000483
0.465864 0.052380 0.046867 0.024802 0.000550 0.409051 0.000485
0.465897 0.052388 0.046823 0.024824 0.000551 0.409031 0.000487
0.465961 0.052349 0.046849 0.024847 0.000549 0.408957 0.000489
0.466025 0.052344 0.046835 0.024807 0.000549 0.408949 0.000491
0.465901 0.052426 0.046852 0.024760 0.000550 0.409018 0.000493
0.465916 0.052383 0.046896 0.024777 0.000551 0.408984 0.000494
0.465863 0.052365 0.046892 0.024817 0.000551 0.409013 0.000499
0.465811 0.052330 0.046868 0.024797 0.000552 0.409141 0.000501
0.465790 0.052340 0.046832 0.024843 0.000541 0.409152 0.000502
0.465823 0.052375 0.046830 0.024830 0.000538 0.409097 0.000506
0.465865 0.052352 0.046802 0.024849 0.000538 0.409087 0.000507
0.465772 0.052415 0.046761 0.024823 0.000536 0.409182 0.000511
0.465786 0.052365 0.046773 0.024861 0.000536 0.409167 0.000511
0.465851 0.052240 0.046767 0.024908 0.000534 0.409186 0.000515
0.465904 0.052220 0.046785 0.024900 0.000530 0.409144 0.000516
0.465966 0.052162 0.046834 0.024901 0.000534 0.409083 0.000519
0.466020 0.052242 0.046838 0.024880 0.000542 0.408956 0.000521
0.466047 0.052212 0.046784 0.024867 0.000547 0.409019 0.000524
0.466045 0.052184 0.046820 0.024887 0.000549 0.408991 0.000525
0.466074 0.052094 0.046849 0.024913 0.000544 0.408999 0.000527
0.466104 0.052074 0.046925 0.024884 0.000540 0.408942 0.000530
0.466253 0.051985 0.046895 0.024894 0.000543 0.408899 0.000531
0.466290 0.051993 0.046939 0.024945 0.000542 0.408761 0.000530
0.466357 0.051956 0.046980 0.024978 0.000541 0.408653 0.000534
0.466379 0.051923 0.046913 0.024979 0.000539 0.408730 0.000536
0.466449 0.051974 0.046829 0.024972 0.000542 0.408695 0.000538
0.466503 0.051854 0.046833 0.024968 0.000541 0.408760 0.000540
0.466682 0.051824 0.046808 0.024948 0.000544 0.408653 0.000541
0.466575 0.051834 0.046822 0.024942 0.000541 0.408743 0.000544
0.466597 0.051833 0.046825 0.024898 0.000539 0.408763 0.000545
0.466660 0.051815 0.046820 0.024858 0.000535 0.408765 0.000547
0.466765 0.051845 0.046832 0.024871 0.000532 0.408608 0.000547
0.466819 0.051839 0.046723 0.024863 0.000527 0.408679 0.000550
0.466754 0.051853 0.046729 0.024839 0.000534 0.408739 0.000553
0.466731 0.051794 0.046767 0.024837 0.000528 0.408791 0.000551
0.466735 0.051814 0.046762 0.024844 0.000528 0.408762 0.000554
0.466850 0.051813 0.046666 0.024833 0.000529 0.408752 0.000557
0.466789 0.051869 0.046579 0.024807 0.000532 0.408863 0.000561
0.466808 0.051857 0.046561 0.024790 0.000536 0.408886 0.000562
0.466885 0.051879 0.046578 0.024754 0.000540 0.408801 0.000563
0.466840 0.051930 0.046534 0.024751 0.000543 0.408835 0.000566
0.466780 0.052051 0.046477 0.024722 0.000541 0.408861 0.000568
0.466755 0.052005 0.046520 0.024726 0.000545 0.408879 0.000570
0.466923 0.052002 0.046464 0.024764 0.000548 0.408729 0.000570
0.466910 0.052013 0.046442 0.024799 0.000544 0.408720 0.000573
0.466998 0.052058 0.046450 0.024771 0.000538 0.408610 0.000575
0.466938 0.051999 0.046479 0.024805 0.000534 0.408668 0.000577
0.467020 0.052020 0.046557 0.024796 0.000532 0.408497 0.000579
0.466957 0.052091 0.046568 0.024743 0.000532 0.408529 0.000581
0.467098 0.052076 0.046539 0.024751 0.000531 0.408425 0.000581
0.467069 0.052067 0.046528 0.024761 0.000529 0.408464 0.000583
0.467064 0.052026 0.046541 0.024775 0.000526 0.408482 0.000585
0.467140 0.051950 0.046529 0.024807 0.000528 0.408459 0.000586
0.467108 0.051955 0.046573 0.024812 0.000532 0.408431 0.000589
0.467114 0.052017 0.046645 0.024815 0.000527 0.408291 0.000591
0.467140 0.052048 0.046619 0.024786 0.000526 0.408287 0.000593
0.467235 0.052053 0.046568 0.024838 0.000528 0.408182 0.000596
0.467141 0.052006 0.046646 0.024848 0.000522 0.408241 0.000596
0.467280 0.051892 0.046593 0.024866 0.000516 0.408251 0.000601
0.467290 0.051862 0.046588 0.024879 0.000519 0.408262 0.000602
0.467339 0.051936 0.046585 0.024850 0.000525 0.408162 0.000604
0.467331 0.052009 0.046536 0.024825 0.000523 0.408171 0.000605
0.467387 0.052058 0.046513 0.024793 0.000527 0.408116 0.000606
0.467425 0.052058 0.046541 0.024805 0.000527 0.408033 0.000610
0.467352 0.052072 0.046510 0.024802 0.000537 0.408116 0.000611
0.467473 0.051924 0.046515 0.024808 0.000540 0.408127 0.000613
0.467582 0.051959 0.046565 0.024798 0.000538 0.407943 0.000615
0.467662 0.051869 0.046569 0.024769 0.000540 0.407974 0.000617
0.467701 0.051842 0.046611 0.024777 0.000546 0.407905 0.000618
0.467746 0.051820 0.046645 0.024763 0.000541 0.407864 0.000621
0.467701 0.051786 0.046668 0.024762 0.000539 0.407918 0.000625
0.467660 0.051790 0.046685 0.024729 0.000531 0.407977 0.000628
0.467659 0.051786 0.046675 0.024724 0.000530 0.407995 0.000630
0.467569 0.051822 0.046676 0.024683 0.000530 0.408089 0.000632
0.467491 0.051916 0.046655 0.024669 0.000532 0.408103 0.000635
0.467479 0.051952 0.046612 0.024639 0.000531 0.408148 0.000639
0.656164 0.033504 0.030023 0.015891 0.000344 0.263662 0.000412
