0.998925 0.001049 0.000015 0.000010 0.000000 0.000000 0.000000 0.000026
0.998632 0.001232 0.000084 0.000050 0.000000 0.000002 0.000000 0.000136
0.998250 0.001487 0.000150 0.000096 0.000000 0.000015 0.000000 0.000263
0.997763 0.001801 0.000251 0.000146 0.000000 0.000039 0.000000 0.000437
0.997065 0.002292 0.000360 0.000211 0.000000 0.000072 0.000000 0.000647
0.996147 0.002946 0.000484 0.000297 0.000001 0.000125 0.000000 0.000911
0.994961 0.003818 0.000653 0.000386 0.000001 0.000182 0.000000 0.001226
0.993365 0.004998 0.000876 0.000503 0.000001 0.000258 0.000000 0.001645
0.991280 0.006563 0.001162 0.000637 0.000002 0.000356 0.000000 0.002172
0.988508 0.008594 0.001554 0.000852 0.000004 0.000488 0.000000 0.002918
0.984889 0.011264 0.002025 0.001143 0.000005 0.000676 0.000000 0.003874
0.980174 0.014721 0.002676 0.001498 0.000007 0.000924 0.000000 0.005138
0.973956 0.019252 0.003522 0.002014 0.000012 0.001245 0.000000 0.006837
0.965939 0.025202 0.004589 0.002568 0.000017 0.001684 0.000001 0.008922
0.955782 0.032501 0.006112 0.003357 0.000025 0.002223 0.000001 0.011809
0.942883 0.041844 0.007921 0.004367 0.000031 0.002954 0.000002 0.015396
0.926850 0.053294 0.010209 0.005718 0.000038 0.003888 0.000003 0.020023
0.907207 0.067075 0.013192 0.007399 0.000055 0.005068 0.000003 0.025945
0.883674 0.083308 0.016861 0.009465 0.000074 0.006614 0.000004 0.033324
0.855757 0.102199 0.021236 0.012031 0.000099 0.008672 0.000006 0.042432
0.823887 0.123077 0.026495 0.015166 0.000126 0.011240 0.000009 0.053541
0.788383 0.145447 0.032693 0.018889 0.000163 0.014414 0.000012 0.066840
0.749857 0.168883 0.039629 0.023084 0.000209 0.018324 0.000013 0.082151
0.708939 0.192352 0.047707 0.027767 0.000256 0.022966 0.000014 0.099881
0.666765 0.214573 0.056755 0.032975 0.000320 0.028594 0.000017 0.120142
0.624304 0.235142 0.066483 0.038627 0.000397 0.035023 0.000024 0.142418
0.582805 0.253133 0.076671 0.044402 0.000492 0.042468 0.000030 0.166422
0.542972 0.267895 0.087103 0.050430 0.000590 0.050975 0.000035 0.192122
0.505016 0.279532 0.097469 0.056528 0.000699 0.060712 0.000045 0.219146
0.469915 0.287638 0.107680 0.062518 0.000825 0.071368 0.000057 0.246959
0.437567 0.292364 0.117696 0.068303 0.000953 0.083047 0.000069 0.275571
0.408409 0.293711 0.127274 0.073728 0.001105 0.095693 0.000081 0.304522
0.382169 0.292325 0.136138 0.078907 0.001263 0.109101 0.000097 0.333420
0.358944 0.288402 0.144146 0.083621 0.001426 0.123349 0.000113 0.362053
0.338275 0.282889 0.151202 0.087689 0.001591 0.138227 0.000127 0.389890
0.319934 0.275381 0.157672 0.091429 0.001763 0.153673 0.000148 0.417520
0.303823 0.267108 0.162878 0.094387 0.001935 0.169701 0.000168 0.443968
0.289413 0.257948 0.167429 0.097096 0.002103 0.185814 0.000196 0.469767
0.277002 0.247879 0.171069 0.099213 0.002266 0.202351 0.000220 0.494717
0.266089 0.237619 0.173764 0.100864 0.002431 0.218985 0.000250 0.518554
0.256452 0.227298 0.175618 0.101916 0.002587 0.235855 0.000274 0.541278
0.247939 0.216967 0.176876 0.102624 0.002747 0.252537 0.000312 0.563142
0.240608 0.206609 0.177445 0.102960 0.002889 0.269136 0.000353 0.584060
0.234202 0.196666 0.177195 0.102866 0.003032 0.285658 0.000382 0.603830
0.228727 0.186891 0.176534 0.102485 0.003184 0.301758 0.000421 0.622756
0.224149 0.177472 0.175083 0.101741 0.003332 0.317760 0.000463 0.640632
0.220364 0.168308 0.173456 0.100686 0.003464 0.333220 0.000503 0.657683
0.217078 0.159913 0.171175 0.099402 0.003608 0.348282 0.000543 0.673633
0.214260 0.151861 0.168625 0.097987 0.003720 0.362954 0.000592 0.688952
0.211991 0.144011 0.165913 0.096548 0.003825 0.377072 0.000640 0.703636
0.210286 0.136609 0.163002 0.094723 0.003933 0.390761 0.000688 0.717529
0.208896 0.129973 0.159572 0.092827 0.004006 0.403986 0.000739 0.730504
0.208090 0.123587 0.156103 0.090800 0.004091 0.416539 0.000791 0.742896
0.207664 0.117507 0.152448 0.088807 0.004159 0.428573 0.000841 0.754757
0.207530 0.111967 0.148629 0.086732 0.004237 0.440010 0.000895 0.765943
0.207684 0.106634 0.144991 0.084596 0.004293 0.450849 0.000951 0.776753
0.208051 0.101690 0.141230 0.082303 0.004332 0.461392 0.001001 0.786977
0.208702 0.097072 0.137503 0.080107 0.004384 0.471169 0.001063 0.796776
0.209563 0.092893 0.133727 0.077835 0.004428 0.480441 0.001114 0.806055
0.210614 0.088926 0.129995 0.075518 0.004477 0.489298 0.001171 0.814984
0.211943 0.085237 0.126251 0.073369 0.004514 0.497458 0.001229 0.823577
0.213442 0.081860 0.122615 0.071100 0.004536 0.505159 0.001289 0.831765
0.215165 0.078665 0.118922 0.069044 0.004540 0.512323 0.001341 0.839595
0.217149 0.075553 0.115195 0.066923 0.004562 0.519219 0.001400 0.847220
0.219209 0.072888 0.111671 0.064894 0.004573 0.525307 0.001458 0.854496
0.221263 0.070360 0.108370 0.062846 0.004560 0.531085 0.001516 0.861583
0.223347 0.068238 0.105017 0.060881 0.004534 0.536404 0.001578 0.868336
0.225696 0.066137 0.101781 0.058935 0.004530 0.541292 0.001632 0.874903
0.228058 0.064291 0.098713 0.057143 0.004510 0.545596 0.001688 0.881182
0.230525 0.062398 0.095778 0.055404 0.004503 0.549643 0.001749 0.887490
0.233239 0.060640 0.092889 0.053747 0.004460 0.553221 0.001805 0.893601
0.235949 0.058983 0.090213 0.052146 0.004440 0.556405 0.001866 0.899539
0.238462 0.057687 0.087447 0.050494 0.004401 0.559569 0.001938 0.905242
0.241054 0.056515 0.084943 0.048891 0.004359 0.562240 0.001998 0.910815
0.243885 0.055282 0.082368 0.047443 0.004337 0.564633 0.002052 0.916311
0.246569 0.054238 0.079948 0.046059 0.004317 0.566764 0.002107 0.921720
0.249385 0.053218 0.077540 0.044793 0.004270 0.568636 0.002158 0.927065
0.252220 0.052155 0.075365 0.043489 0.004238 0.570318 0.002215 0.932363
0.255143 0.051333 0.073262 0.042317 0.004181 0.571496 0.002267 0.937455
0.258211 0.050510 0.071260 0.041186 0.004134 0.572376 0.002323 0.942475
0.261149 0.049917 0.069340 0.040071 0.004091 0.573058 0.002374 0.947392
0.264125 0.049167 0.067537 0.039070 0.004035 0.573645 0.002420 0.952363
0.267105 0.048534 0.065834 0.038132 0.003992 0.573935 0.002469 0.957260
0.269969 0.048157 0.064194 0.037179 0.003930 0.574048 0.002524 0.962013
0.272864 0.047730 0.062630 0.036236 0.003882 0.574082 0.002576 0.966773
0.275747 0.047448 0.061011 0.035326 0.003844 0.573997 0.002626 0.971355
0.278563 0.047099 0.059601 0.034510 0.003781 0.573772 0.002673 0.976021
0.281423 0.046824 0.058244 0.033761 0.003730 0.573298 0.002720 0.980586
0.284286 0.046634 0.057042 0.033075 0.003681 0.572510 0.002772 0.985158
0.287058 0.046461 0.055931 0.032380 0.003618 0.571720 0.002832 0.989723
0.289824 0.046275 0.054877 0.031645 0.003554 0.570946 0.002881 0.994295
0.292611 0.046151 0.053894 0.031059 0.003505 0.569853 0.002928 0.998832
0.295271 0.045976 0.052939 0.030531 0.003455 0.568843 0.002984 1.003473
0.297906 0.045960 0.051983 0.030111 0.003380 0.567626 0.003033 1.007998
0.300460 0.046019 0.051168 0.029627 0.003323 0.566326 0.003078 1.012529
0.302967 0.046135 0.050269 0.029171 0.003271 0.565066 0.003123 1.017007
0.305391 0.046235 0.049647 0.028691 0.003223 0.563642 0.003170 1.021562
0.307670 0.046319 0.049075 0.028351 0.003169 0.562199 0.003217 1.026151
0.310059 0.046450 0.048457 0.027976 0.003126 0.560676 0.003256 1.030691
0.312389 0.046587 0.047849 0.027684 0.003093 0.559105 0.003293 1.035241
0.314600 0.046893 0.047395 0.027291 0.003057 0.557436 0.003327 1.039725
0.316690 0.047068 0.046946 0.026974 0.003014 0.555938 0.003370 1.044353
0.318814 0.047267 0.046603 0.026789 0.002968 0.554146 0.003413 1.048981
0.320852 0.047504 0.046250 0.026564 0.002934 0.552444 0.003453 1.053663
0.322704 0.047826 0.045882 0.026362 0.002886 0.550843 0.003497 1.058265
0.324652 0.048101 0.045583 0.026174 0.002841 0.549112 0.003535 1.062960
0.326480 0.048356 0.045295 0.026069 0.002797 0.547427 0.003576 1.067714
0.328220 0.048727 0.045074 0.025966 0.002753 0.545651 0.003610 1.072438
0.329800 0.049161 0.044870 0.025832 0.002721 0.543974 0.003642 1.077202
0.331262 0.049578 0.044705 0.025780 0.002694 0.542300 0.003681 1.081975
0.332849 0.049951 0.044600 0.025735 0.002648 0.540501 0.003716 1.086842
0.334408 0.050290 0.044606 0.025626 0.002597 0.538717 0.003756 1.091723
0.335784 0.050725 0.044471 0.025662 0.002561 0.537000 0.003798 1.096647
0.337188 0.051032 0.044434 0.025655 0.002539 0.535319 0.003833 1.101675
0.338540 0.051396 0.044538 0.025636 0.002493 0.533525 0.003872 1.106696
0.339919 0.051775 0.044605 0.025694 0.002473 0.531626 0.003909 1.111791
0.341121 0.052191 0.044652 0.025731 0.002442 0.529918 0.003947 1.116926
0.342072 0.052599 0.044749 0.025761 0.002401 0.528444 0.003975 1.122136
0.342958 0.053183 0.044761 0.025782 0.002370 0.526938 0.004007 1.127251
0.343888 0.053657 0.044901 0.025807 0.002352 0.525356 0.004039 1.132530
0.344731 0.054151 0.045061 0.025916 0.002339 0.523736 0.004066 1.137830
0.345461 0.054591 0.045279 0.025985 0.002317 0.522271 0.004099 1.143200
0.346107 0.055015 0.045415 0.026134 0.002292 0.520906 0.004133 1.148594
0.346664 0.055518 0.045610 0.026207 0.002252 0.519579 0.004170 1.154043
0.347262 0.055921 0.045802 0.026369 0.002238 0.518209 0.004199 1.159518
0.347740 0.056369 0.046068 0.026525 0.002225 0.516834 0.004239 1.165116
0.348148 0.056843 0.046265 0.026600 0.002203 0.515673 0.004268 1.170679
0.348600 0.057231 0.046422 0.026738 0.002171 0.514540 0.004298 1.176284
0.349078 0.057669 0.046589 0.026879 0.002158 0.513302 0.004325 1.181936
0.349370 0.058094 0.046852 0.027002 0.002138 0.512193 0.004351 1.187595
0.349662 0.058431 0.047159 0.027225 0.002111 0.511033 0.004379 1.193450
0.349902 0.058840 0.047436 0.027379 0.002102 0.509936 0.004406 1.199241
0.350021 0.059355 0.047657 0.027444 0.002101 0.508987 0.004435 1.204972
0.350052 0.059835 0.047896 0.027617 0.002086 0.508053 0.004461 1.210806
0.349985 0.060314 0.048250 0.027854 0.002074 0.507035 0.004489 1.216743
0.349826 0.060808 0.048550 0.028130 0.002060 0.506105 0.004521 1.222725
0.349843 0.061208 0.048893 0.028214 0.002065 0.505225 0.004550 1.228702
0.349776 0.061542 0.049282 0.028402 0.002058 0.504364 0.004577 1.234773
0.349738 0.061750 0.049636 0.028643 0.002043 0.503586 0.004605 1.240946
0.349489 0.062243 0.049913 0.028798 0.002026 0.502897 0.004633 1.246971
0.349230 0.062569 0.050237 0.029056 0.002030 0.502215 0.004664 1.253191
0.349112 0.062754 0.050459 0.029212 0.002027 0.501744 0.004693 1.259395
0.348823 0.063147 0.050813 0.029381 0.002027 0.501093 0.004715 1.265592
0.348398 0.063609 0.051108 0.029555 0.002010 0.500571 0.004748 1.271805
0.348182 0.063780 0.051460 0.029813 0.002006 0.499987 0.004773 1.278166
0.347866 0.064044 0.051756 0.029973 0.002007 0.499563 0.004793 1.284465
0.347648 0.064273 0.052000 0.030131 0.001999 0.499132 0.004818 1.290720
0.347370 0.064507 0.052262 0.030279 0.001989 0.498754 0.004840 1.297016
0.347174 0.064668 0.052540 0.030485 0.001991 0.498276 0.004867 1.303386
0.346828 0.064816 0.052810 0.030677 0.001991 0.497983 0.004894 1.309779
0.346588 0.064995 0.053029 0.030748 0.002005 0.497718 0.004916 1.316128
0.346243 0.065201 0.053203 0.030858 0.002031 0.497528 0.004935 1.322551
0.345915 0.065459 0.053528 0.030966 0.002020 0.497149 0.004964 1.328898
0.345646 0.065580 0.053765 0.031089 0.002034 0.496895 0.004990 1.335336
0.345311 0.065760 0.054008 0.031172 0.002052 0.496686 0.005010 1.341771
0.344931 0.065923 0.054244 0.031370 0.002052 0.496440 0.005038 1.348240
0.344558 0.065968 0.054476 0.031482 0.002058 0.496395 0.005062 1.354739
0.344272 0.066149 0.054601 0.031557 0.002066 0.496271 0.005084 1.361131
0.343880 0.066215 0.054807 0.031770 0.002079 0.496140 0.005109 1.367663
0.343593 0.066210 0.054872 0.031873 0.002097 0.496223 0.005132 1.374156
0.343273 0.066170 0.055041 0.032024 0.002107 0.496221 0.005165 1.380660
0.342906 0.066192 0.055235 0.032212 0.002115 0.496147 0.005193 1.387229
0.342696 0.066169 0.055405 0.032312 0.002115 0.496085 0.005220 1.393732
0.342199 0.066366 0.055588 0.032442 0.002113 0.496045 0.005247 1.400228
0.341936 0.066354 0.055740 0.032525 0.002109 0.496061 0.005276 1.406805
0.341668 0.066335 0.055835 0.032592 0.002130 0.496137 0.005303 1.413329
0.341484 0.066131 0.056034 0.032635 0.002137 0.496248 0.005331 1.419877
0.341237 0.066108 0.056086 0.032752 0.002154 0.496313 0.005352 1.426452
0.340838 0.066171 0.056152 0.032794 0.002161 0.496506 0.005378 1.432927
0.340582 0.066171 0.056247 0.032806 0.002168 0.496628 0.005397 1.439372
0.340221 0.066185 0.056238 0.032911 0.002179 0.496846 0.005419 1.445880
0.339885 0.066197 0.056351 0.032964 0.002200 0.496954 0.005447 1.452411
0.339604 0.066195 0.056467 0.032962 0.002210 0.497089 0.005473 1.458936
0.339524 0.065896 0.056576 0.033062 0.002211 0.497229 0.005502 1.465522
0.339414 0.065735 0.056666 0.033082 0.002209 0.497367 0.005527 1.472032
0.339192 0.065604 0.056827 0.033113 0.002220 0.497490 0.005554 1.478604
0.339159 0.065420 0.056821 0.033055 0.002217 0.497746 0.005582 1.485055
0.339021 0.065358 0.056792 0.033032 0.002217 0.497972 0.005608 1.491485
0.338760 0.065443 0.056817 0.032939 0.002219 0.498186 0.005635 1.497870
0.338657 0.065252 0.056839 0.032921 0.002224 0.498445 0.005662 1.504339
0.338620 0.065255 0.056696 0.032840 0.002231 0.498671 0.005689 1.510671
0.338520 0.065168 0.056772 0.032804 0.002221 0.498797 0.005719 1.517121
0.338494 0.065014 0.056748 0.032722 0.002224 0.499051 0.005746 1.523551
0.338330 0.065044 0.056729 0.032717 0.002233 0.499173 0.005774 1.529919
0.338378 0.064878 0.056692 0.032782 0.002224 0.499241 0.005804 1.536362
0.338264 0.064856 0.056685 0.032835 0.002228 0.499294 0.005838 1.542807
0.338255 0.064616 0.056722 0.032885 0.002232 0.499422 0.005867 1.549272
0.338236 0.064610 0.056612 0.032809 0.002231 0.499608 0.005897 1.555535
0.338210 0.064622 0.056654 0.032640 0.002237 0.499710 0.005928 1.561865
0.338218 0.064515 0.056596 0.032604 0.002262 0.499856 0.005950 1.568229
0.338191 0.064471 0.056590 0.032598 0.002262 0.499908 0.005980 1.574582
0.338154 0.064489 0.056541 0.032635 0.002261 0.499910 0.006011 1.580879
0.338051 0.064553 0.056484 0.032662 0.002257 0.499955 0.006038 1.587192
0.338027 0.064470 0.056360 0.032716 0.002245 0.500112 0.006070 1.593531
0.337989 0.064469 0.056346 0.032708 0.002260 0.500134 0.006095 1.599837
0.337830 0.064501 0.056322 0.032692 0.002259 0.500268 0.006128 1.606136
0.337883 0.064439 0.056267 0.032662 0.002264 0.500325 0.006161 1.612406
0.337915 0.064395 0.056181 0.032639 0.002266 0.500424 0.006182 1.618736
0.338057 0.064250 0.056126 0.032648 0.002263 0.500447 0.006210 1.625033
0.338139 0.064171 0.055993 0.032620 0.002266 0.500579 0.006234 1.631295
