0.998925 0.001049 0.000016 0.000010 0.000000 0.000000 0.000000 0.000026
0.998625 0.001252 0.000071 0.000046 0.000000 0.000006 0.000000 0.000123
0.998221 0.001530 0.000138 0.000086 0.000000 0.000023 0.000000 0.000249
0.997648 0.001937 0.000229 0.000143 0.000000 0.000044 0.000000 0.000415
0.996916 0.002468 0.000332 0.000203 0.000000 0.000081 0.000000 0.000617
0.995904 0.003210 0.000477 0.000281 0.000001 0.000128 0.000000 0.000889
0.994601 0.004131 0.000678 0.000405 0.000003 0.000184 0.000000 0.001273
0.992900 0.005379 0.000912 0.000538 0.000003 0.000271 0.000000 0.001728
0.990629 0.007083 0.001197 0.000699 0.000003 0.000389 0.000000 0.002297
0.987789 0.009109 0.001612 0.000938 0.000004 0.000546 0.000001 0.003115
0.984144 0.011740 0.002141 0.001230 0.000005 0.000738 0.000002 0.004137
0.979345 0.015258 0.002785 0.001593 0.000008 0.001009 0.000002 0.005429
0.973201 0.019708 0.003629 0.002107 0.000012 0.001342 0.000002 0.007137
0.965457 0.025277 0.004730 0.002732 0.000017 0.001787 0.000002 0.009331
0.955926 0.032053 0.006088 0.003545 0.000024 0.002363 0.000002 0.012109
0.943935 0.040468 0.007888 0.004585 0.000031 0.003089 0.000003 0.015716
0.929115 0.050871 0.010037 0.005859 0.000045 0.004071 0.000003 0.020171
0.911245 0.063255 0.012739 0.007419 0.000058 0.005283 0.000003 0.025718
0.889750 0.077908 0.016059 0.009376 0.000076 0.006826 0.000004 0.032631
0.864848 0.094437 0.020198 0.011709 0.000099 0.008704 0.000005 0.041116
0.836143 0.113126 0.024999 0.014518 0.000134 0.011073 0.000006 0.051250
0.803870 0.133549 0.030570 0.017790 0.000166 0.014045 0.000009 0.063252
0.768537 0.155117 0.036989 0.021556 0.000205 0.017586 0.000011 0.077223
0.730545 0.177146 0.044359 0.025835 0.000257 0.021844 0.000014 0.093444
0.690614 0.198852 0.052658 0.030526 0.000321 0.027015 0.000015 0.111965
0.650324 0.218967 0.061586 0.035741 0.000397 0.032966 0.000019 0.132513
0.610221 0.237212 0.071044 0.041091 0.000478 0.039932 0.000024 0.154857
0.570757 0.253035 0.080884 0.046916 0.000584 0.047793 0.000032 0.179050
0.532878 0.266040 0.090845 0.052741 0.000668 0.056788 0.000041 0.204610
0.497687 0.275294 0.100771 0.058668 0.000779 0.066754 0.000048 0.231309
0.464663 0.281799 0.110525 0.064253 0.000900 0.077804 0.000058 0.258708
0.434394 0.285325 0.119700 0.069668 0.001022 0.089823 0.000067 0.286491
0.406933 0.285927 0.128717 0.074726 0.001171 0.102448 0.000078 0.314539
0.382042 0.284305 0.136789 0.079403 0.001333 0.116035 0.000094 0.342368
0.359671 0.280416 0.144355 0.083789 0.001486 0.130171 0.000112 0.370193
0.339659 0.274933 0.150939 0.087601 0.001646 0.145094 0.000129 0.397373
0.322119 0.267713 0.156902 0.090902 0.001819 0.160396 0.000149 0.424052
0.306613 0.259457 0.161951 0.093746 0.001991 0.176074 0.000168 0.449941
0.292884 0.250409 0.166220 0.096050 0.002159 0.192082 0.000196 0.475033
0.280553 0.241108 0.169534 0.098012 0.002334 0.208240 0.000219 0.499106
0.270000 0.231138 0.171997 0.099494 0.002504 0.224619 0.000247 0.522339
0.260606 0.221161 0.173764 0.100579 0.002659 0.240951 0.000281 0.544590
0.252425 0.211290 0.174582 0.101049 0.002824 0.257514 0.000316 0.565741
0.245341 0.201524 0.174677 0.101264 0.002942 0.273901 0.000350 0.585928
0.239261 0.191648 0.174489 0.101104 0.003087 0.290026 0.000385 0.605458
0.233872 0.182415 0.173854 0.100495 0.003239 0.305705 0.000421 0.623818
0.229321 0.173548 0.172456 0.099726 0.003359 0.321131 0.000458 0.641167
0.225371 0.164992 0.170684 0.098631 0.003483 0.336337 0.000502 0.657718
0.222120 0.156873 0.168385 0.097325 0.003566 0.351182 0.000548 0.673339
0.219402 0.149099 0.165908 0.096037 0.003693 0.365271 0.000591 0.688379
0.217129 0.141758 0.163170 0.094402 0.003824 0.379079 0.000638 0.702656
0.215275 0.134961 0.159997 0.092652 0.003914 0.392515 0.000687 0.716123
0.213904 0.128292 0.156864 0.090803 0.003995 0.405412 0.000731 0.729098
0.213133 0.122206 0.153599 0.088744 0.004099 0.417442 0.000777 0.741254
0.212459 0.116577 0.150185 0.086697 0.004174 0.429082 0.000826 0.752840
0.212049 0.111236 0.146618 0.084685 0.004230 0.440314 0.000868 0.764014
0.211935 0.106362 0.143011 0.082538 0.004289 0.450944 0.000922 0.774591
0.212087 0.101832 0.139399 0.080507 0.004343 0.460861 0.000972 0.784675
0.212585 0.097370 0.135698 0.078449 0.004363 0.470508 0.001027 0.794494
0.213313 0.093312 0.132152 0.076382 0.004402 0.479360 0.001079 0.803792
0.214238 0.089409 0.128583 0.074294 0.004459 0.487893 0.001124 0.812861
0.215359 0.085951 0.124887 0.072223 0.004466 0.495931 0.001184 0.821397
0.216727 0.082645 0.121270 0.070196 0.004482 0.503435 0.001246 0.829664
0.218131 0.079583 0.117855 0.068143 0.004481 0.510501 0.001306 0.837651
0.219843 0.076611 0.114560 0.066183 0.004462 0.516975 0.001367 0.845384
0.221636 0.074049 0.111017 0.064287 0.004477 0.523120 0.001415 0.852693
0.223495 0.071651 0.107774 0.062340 0.004482 0.528793 0.001466 0.859837
0.225430 0.069309 0.104624 0.060496 0.004510 0.534102 0.001529 0.866837
0.227604 0.067051 0.101565 0.058653 0.004504 0.539036 0.001588 0.873558
0.229884 0.065113 0.098410 0.056956 0.004496 0.543499 0.001640 0.880002
0.232229 0.063236 0.095548 0.055291 0.004463 0.547526 0.001706 0.886302
0.234707 0.061499 0.092776 0.053680 0.004439 0.551134 0.001765 0.892442
0.237275 0.059909 0.089987 0.052207 0.004426 0.554381 0.001817 0.898420
0.239865 0.058415 0.087344 0.050662 0.004392 0.557447 0.001875 0.904213
0.242497 0.057037 0.084719 0.049214 0.004347 0.560256 0.001930 0.909853
0.245320 0.055746 0.082228 0.047828 0.004317 0.562578 0.001983 0.915418
0.248049 0.054663 0.079894 0.046391 0.004294 0.564674 0.002035 0.920813
0.250809 0.053618 0.077643 0.045153 0.004234 0.566452 0.002090 0.926101
0.253542 0.052720 0.075436 0.043886 0.004192 0.568086 0.002139 0.931261
0.256297 0.051899 0.073365 0.042734 0.004138 0.569368 0.002197 0.936434
0.259355 0.051079 0.071397 0.041581 0.004084 0.570256 0.002248 0.941443
0.262138 0.050357 0.069572 0.040439 0.004033 0.571160 0.002300 0.946473
0.265030 0.049708 0.067802 0.039384 0.003984 0.571740 0.002353 0.951382
0.267840 0.049074 0.065975 0.038364 0.003914 0.572425 0.002408 0.956292
0.270693 0.048504 0.064421 0.037417 0.003870 0.572639 0.002456 0.961133
0.273488 0.048140 0.062840 0.036531 0.003808 0.572684 0.002510 0.965859
0.276409 0.047646 0.061400 0.035672 0.003772 0.572541 0.002558 0.970593
0.279273 0.047226 0.060085 0.034827 0.003729 0.572253 0.002607 0.975283
0.281959 0.046912 0.058806 0.034026 0.003683 0.571967 0.002647 0.979934
0.284607 0.046699 0.057566 0.033312 0.003635 0.571487 0.002695 0.984591
0.287434 0.046514 0.056409 0.032610 0.003563 0.570718 0.002751 0.989126
0.290240 0.046275 0.055241 0.032043 0.003512 0.569891 0.002799 0.993653
0.292954 0.046114 0.054164 0.031416 0.003462 0.569046 0.002845 0.998214
0.295760 0.045996 0.053157 0.030829 0.003412 0.567953 0.002893 1.002735
0.298422 0.045968 0.052289 0.030279 0.003374 0.566735 0.002932 1.007222
0.300837 0.046013 0.051552 0.029812 0.003325 0.565485 0.002977 1.011770
0.303400 0.046064 0.050782 0.029312 0.003275 0.564138 0.003031 1.016220
0.305857 0.046060 0.049990 0.028851 0.003230 0.562936 0.003076 1.020752
0.308431 0.046001 0.049374 0.028480 0.003192 0.561404 0.003119 1.025256
0.310822 0.046159 0.048642 0.028182 0.003151 0.559882 0.003161 1.029788
0.313103 0.046206 0.048050 0.027910 0.003085 0.558442 0.003203 1.034356
0.315368 0.046453 0.047460 0.027562 0.003030 0.556876 0.003250 1.038805
0.317661 0.046609 0.046988 0.027249 0.002981 0.555220 0.003291 1.043362
0.319756 0.046771 0.046618 0.027030 0.002931 0.553567 0.003328 1.047997
0.321774 0.046988 0.046117 0.026814 0.002892 0.552045 0.003370 1.052613
0.323886 0.047205 0.045709 0.026486 0.002845 0.550457 0.003413 1.057181
0.325827 0.047379 0.045478 0.026292 0.002804 0.548775 0.003446 1.061892
0.327697 0.047727 0.045204 0.026071 0.002779 0.547039 0.003484 1.066543
0.329396 0.048106 0.044979 0.025936 0.002760 0.545306 0.003518 1.071243
0.331068 0.048484 0.044749 0.025790 0.002706 0.543649 0.003556 1.075970
0.332917 0.048634 0.044677 0.025749 0.002678 0.541765 0.003581 1.080814
0.334523 0.048950 0.044578 0.025641 0.002641 0.540059 0.003608 1.085617
0.335964 0.049455 0.044469 0.025553 0.002601 0.538314 0.003644 1.090385
0.337438 0.049793 0.044355 0.025576 0.002562 0.536596 0.003680 1.095279
0.338934 0.050141 0.044259 0.025608 0.002532 0.534811 0.003717 1.100234
0.340327 0.050557 0.044222 0.025597 0.002482 0.533059 0.003756 1.105185
0.341590 0.050999 0.044289 0.025589 0.002446 0.531300 0.003787 1.110194
0.342808 0.051360 0.044313 0.025604 0.002406 0.529691 0.003817 1.115295
0.344090 0.051771 0.044345 0.025579 0.002388 0.527980 0.003847 1.120357
0.345167 0.052334 0.044349 0.025645 0.002365 0.526260 0.003881 1.125430
0.346185 0.052769 0.044406 0.025722 0.002328 0.524684 0.003906 1.130576
0.346941 0.053326 0.044604 0.025723 0.002298 0.523173 0.003935 1.135788
0.347804 0.053735 0.044740 0.025809 0.002277 0.521669 0.003964 1.141025
0.348546 0.054135 0.044938 0.025847 0.002256 0.520281 0.003996 1.146317
0.349345 0.054533 0.045077 0.025974 0.002239 0.518802 0.004030 1.151637
0.349964 0.055026 0.045268 0.026029 0.002225 0.517428 0.004060 1.156993
0.350662 0.055515 0.045392 0.026103 0.002203 0.516034 0.004091 1.162325
0.351132 0.056005 0.045631 0.026247 0.002181 0.514682 0.004121 1.167781
0.351794 0.056340 0.045792 0.026375 0.002162 0.513389 0.004147 1.173255
0.352273 0.056766 0.045995 0.026512 0.002156 0.512124 0.004176 1.178793
0.352645 0.057345 0.046300 0.026622 0.002139 0.510743 0.004205 1.184324
0.352914 0.057815 0.046464 0.026848 0.002129 0.509601 0.004229 1.189951
0.353098 0.058316 0.046795 0.026989 0.002118 0.508431 0.004252 1.195662
0.353255 0.058830 0.047153 0.027180 0.002099 0.507210 0.004274 1.201423
0.353355 0.059389 0.047311 0.027266 0.002084 0.506288 0.004307 1.207067
0.353324 0.059789 0.047595 0.027556 0.002072 0.505332 0.004332 1.212999
0.353404 0.059971 0.047937 0.027851 0.002064 0.504408 0.004365 1.218996
0.353447 0.060347 0.048137 0.028029 0.002050 0.503593 0.004396 1.224919
0.353476 0.060631 0.048561 0.028155 0.002045 0.502712 0.004420 1.230951
0.353490 0.060995 0.048922 0.028311 0.002023 0.501800 0.004459 1.236929
0.353263 0.061482 0.049197 0.028501 0.002010 0.501062 0.004486 1.242952
0.353071 0.061867 0.049574 0.028628 0.002018 0.500333 0.004510 1.249045
0.352910 0.062174 0.049966 0.028711 0.002010 0.499692 0.004538 1.255123
0.352708 0.062595 0.050203 0.028836 0.002007 0.499087 0.004564 1.261156
0.352385 0.062918 0.050455 0.029011 0.002008 0.498633 0.004589 1.267292
0.352266 0.063061 0.050789 0.029181 0.002024 0.498070 0.004610 1.273531
0.352012 0.063405 0.051118 0.029311 0.002021 0.497492 0.004642 1.279766
0.351747 0.063679 0.051469 0.029514 0.002021 0.496906 0.004664 1.285989
0.351496 0.063916 0.051663 0.029716 0.002009 0.496502 0.004698 1.292283
0.351208 0.064165 0.051937 0.029914 0.002017 0.496038 0.004721 1.298569
0.350972 0.064474 0.052040 0.030080 0.002010 0.495672 0.004753 1.304759
0.350585 0.064754 0.052317 0.030263 0.002003 0.495296 0.004783 1.311064
0.350363 0.064908 0.052642 0.030465 0.001995 0.494819 0.004809 1.317429
0.349997 0.065050 0.052885 0.030667 0.001992 0.494577 0.004834 1.323877
0.349619 0.065305 0.053010 0.030796 0.001980 0.494432 0.004860 1.330187
0.349298 0.065496 0.053396 0.030954 0.001991 0.493984 0.004880 1.336630
0.348911 0.065708 0.053553 0.031077 0.001994 0.493849 0.004909 1.342943
0.348538 0.065839 0.053723 0.031209 0.001985 0.493771 0.004935 1.349338
0.348114 0.065928 0.054058 0.031356 0.001991 0.493600 0.004955 1.355860
0.347672 0.065878 0.054378 0.031506 0.001995 0.493592 0.004979 1.362442
0.347294 0.065852 0.054640 0.031574 0.002005 0.493631 0.005005 1.368934
0.346969 0.065882 0.054758 0.031707 0.002003 0.493649 0.005032 1.375387
0.346616 0.065963 0.055040 0.031802 0.002012 0.493511 0.005056 1.381866
0.346349 0.066010 0.055207 0.031898 0.002017 0.493442 0.005078 1.388378
0.346018 0.065929 0.055462 0.031988 0.002034 0.493468 0.005102 1.394910
0.345764 0.065878 0.055570 0.032083 0.002040 0.493538 0.005126 1.401455
0.345427 0.065975 0.055603 0.032156 0.002042 0.493644 0.005153 1.407855
0.345267 0.065874 0.055742 0.032250 0.002044 0.493646 0.005178 1.414323
0.345083 0.065809 0.055822 0.032274 0.002053 0.493752 0.005208 1.420763
0.344829 0.065786 0.055912 0.032329 0.002054 0.493859 0.005233 1.427227
0.344557 0.065836 0.055988 0.032317 0.002062 0.493982 0.005259 1.433633
0.344176 0.065865 0.056064 0.032352 0.002067 0.494189 0.005287 1.440071
0.343856 0.065739 0.056242 0.032492 0.002088 0.494264 0.005318 1.446619
0.343639 0.065819 0.056283 0.032494 0.002079 0.494335 0.005351 1.453016
0.343378 0.065745 0.056438 0.032535 0.002069 0.494456 0.005381 1.459521
0.343093 0.065727 0.056483 0.032600 0.002081 0.494608 0.005409 1.466031
0.342981 0.065643 0.056483 0.032654 0.002073 0.494721 0.005444 1.472448
0.342735 0.065609 0.056631 0.032595 0.002075 0.494874 0.005481 1.478871
0.342490 0.065567 0.056600 0.032587 0.002082 0.495165 0.005509 1.485250
0.342255 0.065541 0.056605 0.032668 0.002095 0.495302 0.005534 1.491692
0.342119 0.065477 0.056679 0.032691 0.002103 0.495374 0.005558 1.498151
0.342139 0.065384 0.056645 0.032624 0.002099 0.495524 0.005585 1.504519
0.341981 0.065280 0.056615 0.032702 0.002098 0.495712 0.005613 1.510920
0.341882 0.065212 0.056646 0.032741 0.002095 0.495787 0.005638 1.517354
0.341776 0.065170 0.056657 0.032731 0.002092 0.495909 0.005665 1.523788
0.341623 0.065129 0.056748 0.032647 0.002083 0.496079 0.005691 1.530172
0.341395 0.065171 0.056776 0.032533 0.002095 0.496310 0.005720 1.536511
0.341469 0.064885 0.056816 0.032551 0.002094 0.496436 0.005748 1.543036
0.341351 0.064815 0.056716 0.032611 0.002101 0.496631 0.005776 1.549379
0.341242 0.064734 0.056547 0.032667 0.002104 0.496898 0.005808 1.555730
0.341250 0.064707 0.056538 0.032642 0.002093 0.496929 0.005841 1.562045
0.341142 0.064628 0.056501 0.032711 0.002085 0.497069 0.005866 1.568443
0.341112 0.064628 0.056315 0.032783 0.002078 0.497185 0.005900 1.574671
0.341112 0.064670 0.056216 0.032711 0.002093 0.497270 0.005928 1.580896
0.341089 0.064496 0.056295 0.032708 0.002100 0.497363 0.005950 1.587297
0.341193 0.064331 0.056282 0.032697 0.002123 0.497405 0.005970 1.593563
0.341250 0.064276 0.056166 0.032611 0.002136 0.497562 0.006001 1.599824
0.341127 0.064340 0.056154 0.032512 0.002143 0.497684 0.006040 1.606027
0.340830 0.064440 0.056220 0.032562 0.002136 0.497743 0.006069 1.612371
0.340837 0.064356 0.056159 0.032546 0.002137 0.497869 0.006095 1.618671
