0.998932 0.001036 0.000018 0.000014 0.000000 0.000000 0.000000 0.000032
0.998641 0.001223 0.000079 0.000050 0.000000 0.000008 0.000000 0.000136
0.998232 0.001516 0.000153 0.000084 0.000000 0.000015 0.000000 0.000253
0.997729 0.001867 0.000232 0.000137 0.000000 0.000035 0.000000 0.000405
0.997053 0.002331 0.000358 0.000197 0.000000 0.000061 0.000000 0.000617
0.996144 0.002994 0.000492 0.000276 0.000002 0.000093 0.000000 0.000865
0.994993 0.003809 0.000673 0.000367 0.000003 0.000156 0.000000 0.001202
0.993531 0.004854 0.000878 0.000498 0.000003 0.000237 0.000000 0.001620
0.991594 0.006292 0.001123 0.000642 0.000005 0.000345 0.000000 0.002121
0.989213 0.007984 0.001472 0.000844 0.000005 0.000484 0.000000 0.002815
0.986229 0.010110 0.001910 0.001077 0.000007 0.000668 0.000000 0.003678
0.982629 0.012602 0.002476 0.001386 0.000011 0.000897 0.000000 0.004795
0.978095 0.015788 0.003158 0.001768 0.000014 0.001177 0.000000 0.006155
0.972692 0.019524 0.003976 0.002228 0.000020 0.001559 0.000000 0.007835
0.966133 0.024007 0.004974 0.002812 0.000026 0.002047 0.000001 0.009935
0.958107 0.029433 0.006210 0.003564 0.000036 0.002649 0.000001 0.012569
0.948410 0.036031 0.007710 0.004432 0.000048 0.003368 0.000001 0.015702
0.937046 0.043575 0.009520 0.005498 0.000054 0.004307 0.000002 0.019568
0.923419 0.052616 0.011640 0.006811 0.000065 0.005447 0.000002 0.024219
0.907532 0.062861 0.014365 0.008370 0.000089 0.006780 0.000003 0.029942
0.889001 0.074728 0.017518 0.010179 0.000108 0.008463 0.000004 0.036704
0.867701 0.088140 0.021184 0.012330 0.000131 0.010508 0.000004 0.044705
0.843689 0.102877 0.025507 0.014800 0.000163 0.012956 0.000007 0.054122
0.817186 0.118688 0.030378 0.017700 0.000200 0.015839 0.000010 0.065004
0.788041 0.135459 0.035971 0.020960 0.000240 0.019317 0.000013 0.077581
0.756589 0.153008 0.042180 0.024475 0.000293 0.023437 0.000017 0.091741
0.723352 0.170825 0.048910 0.028391 0.000345 0.028156 0.000021 0.107506
0.688587 0.188170 0.056391 0.032694 0.000410 0.033723 0.000027 0.125305
0.652814 0.205104 0.064367 0.037126 0.000492 0.040067 0.000032 0.144588
0.617110 0.220231 0.072843 0.042060 0.000574 0.047149 0.000034 0.165694
0.581695 0.233884 0.081603 0.047053 0.000683 0.055039 0.000041 0.188119
0.547102 0.245750 0.090304 0.052170 0.000779 0.063846 0.000049 0.211604
0.513763 0.255280 0.099159 0.057234 0.000889 0.073617 0.000058 0.236265
0.482189 0.262591 0.107700 0.062214 0.001011 0.084226 0.000069 0.261523
0.452489 0.267529 0.116204 0.067045 0.001157 0.095494 0.000081 0.287386
0.424947 0.269748 0.124416 0.071805 0.001289 0.107701 0.000095 0.313950
0.399742 0.269958 0.131946 0.076286 0.001432 0.120531 0.000106 0.340392
0.376627 0.268281 0.139001 0.080482 0.001560 0.133925 0.000124 0.366747
0.355757 0.264870 0.145380 0.084275 0.001712 0.147859 0.000147 0.392832
0.336747 0.260256 0.150932 0.087594 0.001866 0.162434 0.000171 0.418450
0.319828 0.254041 0.155989 0.090446 0.002032 0.177467 0.000197 0.443680
0.304699 0.246921 0.160371 0.092826 0.002213 0.192745 0.000227 0.468269
0.291108 0.239033 0.164036 0.094805 0.002383 0.208379 0.000257 0.492213
0.279415 0.230432 0.166718 0.096526 0.002540 0.224088 0.000282 0.515333
0.268874 0.221659 0.168685 0.097730 0.002687 0.240048 0.000318 0.537464
0.259553 0.212644 0.170175 0.098457 0.002826 0.255994 0.000349 0.558844
0.251639 0.203469 0.171021 0.098812 0.002981 0.271689 0.000389 0.579235
0.244572 0.194415 0.171123 0.098914 0.003111 0.287438 0.000426 0.598798
0.238550 0.185443 0.170835 0.098586 0.003262 0.302865 0.000460 0.617482
0.233343 0.177001 0.169743 0.097952 0.003400 0.318056 0.000504 0.635009
0.228866 0.168501 0.168440 0.097136 0.003522 0.332983 0.000553 0.652092
0.224998 0.160341 0.166827 0.096093 0.003628 0.347513 0.000600 0.668326
0.221900 0.152294 0.164780 0.094948 0.003727 0.361714 0.000637 0.683836
0.219293 0.145000 0.162438 0.093501 0.003819 0.375268 0.000682 0.698362
0.217259 0.138011 0.159625 0.091806 0.003922 0.388658 0.000718 0.712147
0.215698 0.131218 0.156681 0.090169 0.004027 0.401437 0.000770 0.725469
0.214368 0.125233 0.153327 0.088334 0.004115 0.413802 0.000821 0.737785
0.213573 0.119366 0.150084 0.086459 0.004193 0.425456 0.000871 0.749745
0.213198 0.113711 0.146740 0.084613 0.004236 0.436580 0.000921 0.761202
0.213136 0.108297 0.143281 0.082700 0.004302 0.447314 0.000970 0.772200
0.213394 0.103360 0.139812 0.080599 0.004360 0.457455 0.001021 0.782636
0.213787 0.098736 0.136317 0.078635 0.004419 0.467036 0.001071 0.792627
0.214370 0.094441 0.132752 0.076639 0.004459 0.476214 0.001125 0.802178
0.215351 0.090418 0.129161 0.074634 0.004494 0.484764 0.001179 0.811270
0.216475 0.086679 0.125514 0.072644 0.004508 0.492938 0.001243 0.819974
0.217747 0.083242 0.121835 0.070573 0.004512 0.500792 0.001299 0.828353
0.219190 0.079995 0.118333 0.068558 0.004509 0.508058 0.001358 0.836409
0.220859 0.076951 0.114976 0.066647 0.004512 0.514640 0.001416 0.844169
0.222574 0.074224 0.111552 0.064547 0.004523 0.521110 0.001470 0.851576
0.224596 0.071815 0.108121 0.062606 0.004515 0.526816 0.001531 0.858549
0.226543 0.069472 0.104927 0.060635 0.004499 0.532329 0.001595 0.865416
0.228764 0.067330 0.101674 0.058819 0.004472 0.537281 0.001661 0.872020
0.231125 0.065312 0.098570 0.057019 0.004461 0.541795 0.001719 0.878476
0.233522 0.063329 0.095527 0.055375 0.004448 0.546020 0.001779 0.884815
0.236065 0.061490 0.092692 0.053683 0.004431 0.549798 0.001841 0.891019
0.238667 0.059845 0.089949 0.052033 0.004402 0.553208 0.001897 0.897040
0.241384 0.058371 0.087253 0.050494 0.004351 0.556187 0.001959 0.902808
0.243914 0.057112 0.084731 0.048988 0.004295 0.558936 0.002024 0.908478
0.246509 0.055840 0.082348 0.047576 0.004234 0.561408 0.002085 0.914065
0.249438 0.054623 0.080072 0.046127 0.004191 0.563408 0.002141 0.919500
0.252254 0.053585 0.077834 0.044875 0.004143 0.565115 0.002194 0.924827
0.255114 0.052579 0.075609 0.043621 0.004110 0.566725 0.002242 0.930052
0.257938 0.051735 0.073471 0.042352 0.004080 0.568132 0.002291 0.935193
0.260796 0.051028 0.071477 0.041138 0.004045 0.569168 0.002349 0.940207
0.263599 0.050365 0.069638 0.039988 0.003992 0.570018 0.002400 0.945114
0.266404 0.049748 0.067850 0.039017 0.003960 0.570568 0.002451 0.950023
0.269384 0.049172 0.066094 0.038001 0.003909 0.570939 0.002502 0.954839
0.272290 0.048669 0.064377 0.037028 0.003855 0.571221 0.002560 0.959652
0.275285 0.048008 0.062908 0.036280 0.003797 0.571118 0.002604 0.964523
0.278213 0.047629 0.061342 0.035440 0.003736 0.570979 0.002663 0.969209
0.281187 0.047227 0.059910 0.034655 0.003686 0.570613 0.002721 0.973837
0.283980 0.046951 0.058579 0.033902 0.003629 0.570192 0.002768 0.978454
0.286774 0.046673 0.057357 0.033143 0.003580 0.569654 0.002819 0.983084
0.289427 0.046439 0.056222 0.032476 0.003537 0.569039 0.002859 0.987680
0.292236 0.046170 0.055095 0.031850 0.003492 0.568252 0.002903 0.992283
0.294968 0.046060 0.054070 0.031273 0.003429 0.567248 0.002951 0.996813
0.297639 0.045968 0.053020 0.030667 0.003385 0.566321 0.003000 1.001262
0.300313 0.045862 0.052090 0.030145 0.003326 0.565218 0.003046 1.005740
0.303009 0.045695 0.051297 0.029687 0.003275 0.563941 0.003097 1.010290
0.305600 0.045689 0.050516 0.029255 0.003223 0.562575 0.003143 1.014757
0.308127 0.045645 0.049837 0.028792 0.003158 0.561250 0.003191 1.019271
0.310555 0.045798 0.049081 0.028382 0.003103 0.559842 0.003237 1.023647
0.313070 0.045804 0.048534 0.028069 0.003043 0.558201 0.003280 1.028167
0.315565 0.045852 0.047965 0.027712 0.003007 0.556580 0.003319 1.032679
0.317924 0.045920 0.047479 0.027315 0.002969 0.555034 0.003360 1.037205
0.320183 0.046013 0.047041 0.026986 0.002928 0.553449 0.003400 1.041730
0.322368 0.046202 0.046508 0.026780 0.002887 0.551820 0.003435 1.046318
0.324691 0.046266 0.046070 0.026573 0.002847 0.550080 0.003474 1.050860
0.326885 0.046522 0.045727 0.026279 0.002809 0.548260 0.003518 1.055351
0.329053 0.046632 0.045371 0.026034 0.002781 0.546575 0.003554 1.059911
0.331048 0.046873 0.045048 0.025804 0.002732 0.544907 0.003590 1.064459
0.333048 0.047105 0.044778 0.025637 0.002701 0.543103 0.003627 1.069086
0.334846 0.047516 0.044483 0.025443 0.002682 0.541363 0.003668 1.073640
0.336700 0.047823 0.044330 0.025294 0.002680 0.539481 0.003692 1.078310
0.338467 0.048031 0.044150 0.025245 0.002650 0.537727 0.003730 1.083060
0.340109 0.048425 0.043958 0.025134 0.002618 0.535995 0.003762 1.087703
0.341761 0.048680 0.043741 0.025114 0.002556 0.534336 0.003811 1.092504
0.343347 0.049024 0.043604 0.025071 0.002516 0.532601 0.003837 1.097270
0.344806 0.049371 0.043452 0.025033 0.002483 0.530985 0.003872 1.102086
0.346216 0.049619 0.043438 0.025007 0.002462 0.529353 0.003904 1.106957
0.347628 0.049819 0.043419 0.025082 0.002426 0.527690 0.003937 1.111937
0.348984 0.050225 0.043367 0.025087 0.002390 0.525979 0.003969 1.116805
0.350306 0.050508 0.043367 0.025140 0.002361 0.524316 0.004001 1.121825
0.351472 0.050849 0.043378 0.025245 0.002345 0.522680 0.004032 1.126810
0.352592 0.051273 0.043483 0.025214 0.002329 0.521049 0.004059 1.131836
0.353700 0.051733 0.043494 0.025253 0.002314 0.519417 0.004088 1.136833
0.354769 0.052066 0.043605 0.025296 0.002277 0.517861 0.004127 1.141946
0.355619 0.052539 0.043697 0.025341 0.002256 0.516389 0.004160 1.147046
0.356526 0.052990 0.043762 0.025471 0.002235 0.514823 0.004193 1.152182
0.357495 0.053427 0.043823 0.025604 0.002199 0.513221 0.004233 1.157336
0.358331 0.053809 0.044071 0.025680 0.002181 0.511666 0.004263 1.162606
0.359005 0.054183 0.044267 0.025765 0.002163 0.510328 0.004288 1.167916
0.359609 0.054636 0.044416 0.025867 0.002144 0.509009 0.004319 1.173252
0.360043 0.055072 0.044596 0.026066 0.002117 0.507762 0.004344 1.178713
0.360529 0.055465 0.044825 0.026128 0.002107 0.506580 0.004366 1.184122
0.360871 0.055977 0.045100 0.026219 0.002101 0.505334 0.004397 1.189577
0.361302 0.056442 0.045340 0.026303 0.002086 0.504099 0.004428 1.194999
0.361692 0.056783 0.045593 0.026435 0.002076 0.502969 0.004453 1.200555
0.362023 0.057128 0.045903 0.026581 0.002075 0.501814 0.004476 1.206167
0.362380 0.057449 0.046178 0.026764 0.002067 0.500665 0.004498 1.211811
0.362457 0.057916 0.046371 0.026849 0.002058 0.499828 0.004522 1.217439
0.362547 0.058282 0.046648 0.026989 0.002049 0.498933 0.004553 1.223156
0.362840 0.058595 0.046837 0.027111 0.002030 0.498003 0.004585 1.228858
0.362930 0.058870 0.047158 0.027333 0.002024 0.497081 0.004603 1.234749
0.362999 0.059242 0.047467 0.027482 0.002027 0.496156 0.004625 1.240534
0.362932 0.059594 0.047809 0.027667 0.002015 0.495328 0.004655 1.246366
0.362824 0.060054 0.048047 0.027865 0.002015 0.494520 0.004675 1.252211
0.362869 0.060370 0.048293 0.028068 0.002004 0.493700 0.004697 1.258101
0.362873 0.060659 0.048625 0.028119 0.001995 0.493004 0.004724 1.263999
0.362778 0.061083 0.048909 0.028261 0.001983 0.492238 0.004748 1.269883
0.362698 0.061290 0.049142 0.028509 0.001991 0.491604 0.004765 1.275866
0.362584 0.061562 0.049378 0.028684 0.001986 0.491019 0.004789 1.281883
0.362377 0.061750 0.049701 0.028921 0.001976 0.490461 0.004815 1.288048
0.362140 0.061984 0.050063 0.029150 0.001977 0.489846 0.004841 1.294199
0.361929 0.062150 0.050310 0.029339 0.001980 0.489429 0.004862 1.300350
0.361713 0.062423 0.050533 0.029414 0.001980 0.489051 0.004886 1.306436
0.361519 0.062705 0.050795 0.029520 0.001991 0.488563 0.004907 1.312545
0.361240 0.062961 0.051084 0.029680 0.001979 0.488118 0.004938 1.318683
0.360900 0.063251 0.051365 0.029795 0.001980 0.487748 0.004962 1.324857
0.360509 0.063464 0.051554 0.029904 0.001981 0.487596 0.004992 1.331024
0.360155 0.063686 0.051754 0.030084 0.001989 0.487319 0.005014 1.337226
0.359763 0.063885 0.052035 0.030197 0.001997 0.487086 0.005037 1.343482
0.359469 0.064098 0.052189 0.030349 0.002003 0.486827 0.005064 1.349698
0.359015 0.064189 0.052443 0.030566 0.001994 0.486701 0.005092 1.356062
0.358682 0.064414 0.052563 0.030615 0.002004 0.486605 0.005117 1.362285
0.358279 0.064554 0.052714 0.030715 0.001996 0.486598 0.005146 1.368591
0.357919 0.064788 0.052908 0.030788 0.001999 0.486434 0.005165 1.374866
0.357541 0.064947 0.053060 0.030859 0.001989 0.486413 0.005190 1.381127
0.357235 0.065004 0.053319 0.030905 0.001996 0.486328 0.005213 1.387479
0.356796 0.065059 0.053586 0.030986 0.001988 0.486347 0.005240 1.393881
0.356605 0.064994 0.053847 0.031130 0.001975 0.486181 0.005268 1.400288
0.356124 0.065031 0.054111 0.031238 0.001980 0.486222 0.005294 1.406752
0.355842 0.065134 0.054112 0.031342 0.001978 0.486271 0.005322 1.413070
0.355429 0.065188 0.054276 0.031445 0.001983 0.486333 0.005345 1.419505
0.354999 0.065223 0.054552 0.031529 0.001986 0.486342 0.005371 1.425945
0.354465 0.065434 0.054608 0.031674 0.001975 0.486447 0.005396 1.432252
0.353940 0.065624 0.054725 0.031778 0.001975 0.486533 0.005425 1.438630
0.353593 0.065800 0.054850 0.031820 0.001977 0.486513 0.005447 1.444960
0.353257 0.065849 0.055026 0.031857 0.001981 0.486557 0.005474 1.451352
0.352911 0.065757 0.055289 0.031918 0.001997 0.486623 0.005505 1.457885
0.352522 0.065728 0.055383 0.032007 0.002003 0.486824 0.005532 1.464276
0.352270 0.065621 0.055509 0.032036 0.002021 0.486994 0.005549 1.470762
0.351995 0.065625 0.055514 0.032166 0.002017 0.487109 0.005575 1.477182
0.351688 0.065653 0.055630 0.032164 0.002022 0.487241 0.005601 1.483584
0.351274 0.065704 0.055780 0.032161 0.002022 0.487430 0.005629 1.490000
0.351083 0.065550 0.055911 0.032153 0.002016 0.487632 0.005656 1.496417
0.350915 0.065551 0.055962 0.032207 0.002027 0.487660 0.005679 1.502762
0.350857 0.065311 0.055987 0.032345 0.002047 0.487754 0.005700 1.509221
0.350676 0.065200 0.056164 0.032363 0.002053 0.487817 0.005729 1.515593
0.350410 0.065232 0.056311 0.032329 0.002065 0.487905 0.005748 1.521962
0.350216 0.065191 0.056329 0.032318 0.002062 0.488113 0.005772 1.528296
0.350085 0.065030 0.056343 0.032338 0.002063 0.488348 0.005794 1.534677
0.349834 0.065047 0.056305 0.032350 0.002061 0.488586 0.005817 1.540956
0.349642 0.064971 0.056259 0.032439 0.002076 0.488766 0.005847 1.547284
0.349500 0.065002 0.056212 0.032395 0.002094 0.488927 0.005870 1.553535
0.349375 0.064844 0.056272 0.032464 0.002082 0.489065 0.005899 1.559958
0.349034 0.064825 0.056223 0.032477 0.002086 0.489425 0.005930 1.566332
0.348870 0.064775 0.056145 0.032499 0.002092 0.489662 0.005956 1.572591
0.348731 0.064774 0.056035 0.032480 0.002102 0.489898 0.005982 1.578852
0.348700 0.064638 0.055978 0.032464 0.002102 0.490114 0.006006 1.585117
