0.999831 0.000126 0.000035 0.000005 0.000000 0.000003 0.000000
0.999728 0.000208 0.000025 0.000006 0.000000 0.000033 0.000000
0.999490 0.000436 0.000041 0.000010 0.000000 0.000023 0.000000
0.998921 0.000968 0.000080 0.000013 0.000000 0.000018 0.000000
0.998227 0.001564 0.000131 0.000053 0.000000 0.000025 0.000000
0.997192 0.002352 0.000293 0.000126 0.000000 0.000036 0.000000
0.995590 0.003650 0.000489 0.000203 0.000000 0.000069 0.000000
0.992306 0.006343 0.000807 0.000390 0.000000 0.000154 0.000000
0.989414 0.008353 0.001244 0.000655 0.000000 0.000334 0.000000
0.984913 0.011803 0.001811 0.000979 0.000000 0.000494 0.000000
0.979924 0.015634 0.002430 0.001289 0.000000 0.000722 0.000000
0.972550 0.021245 0.003359 0.001851 0.000000 0.000995 0.000000
0.963558 0.028096 0.004409 0.002525 0.000000 0.001412 0.000000
0.952550 0.036419 0.005761 0.003305 0.000000 0.001966 0.000000
0.940514 0.045254 0.007488 0.004248 0.000000 0.002496 0.000000
0.924431 0.057162 0.009747 0.005436 0.000002 0.003222 0.000000
0.906740 0.069804 0.012535 0.006738 0.000014 0.004170 0.000000
0.888236 0.082585 0.015492 0.008317 0.000023 0.005347 0.000000
0.868450 0.096361 0.018537 0.009938 0.000032 0.006682 0.000000
0.846447 0.111007 0.022348 0.011918 0.000027 0.008253 0.000000
0.821239 0.127207 0.026760 0.014388 0.000031 0.010374 0.000000
0.796328 0.142090 0.031735 0.017051 0.000036 0.012759 0.000000
0.772614 0.155414 0.036773 0.019754 0.000050 0.015395 0.000000
0.747074 0.168687 0.042569 0.022714 0.000067 0.018890 0.000000
0.725360 0.178665 0.047895 0.025602 0.000091 0.022388 0.000000
0.701192 0.189424 0.054089 0.028745 0.000111 0.026438 0.000002
0.677223 0.198622 0.060713 0.032104 0.000118 0.031214 0.000006
0.654956 0.205952 0.066994 0.035522 0.000134 0.036434 0.000007
0.634066 0.211758 0.073174 0.038762 0.000150 0.042083 0.000007
0.611462 0.217512 0.079650 0.042208 0.000175 0.048984 0.000009
0.593620 0.220609 0.085308 0.044893 0.000200 0.055361 0.000008
0.573297 0.223601 0.091591 0.048272 0.000216 0.063012 0.000011
0.555963 0.224360 0.097201 0.051376 0.000240 0.070848 0.000011
0.534914 0.226190 0.103504 0.054783 0.000267 0.080329 0.000012
0.518619 0.225709 0.108693 0.057488 0.000294 0.089184 0.000013
0.501549 0.224534 0.113936 0.060276 0.000342 0.099349 0.000014
0.484390 0.222516 0.119287 0.063066 0.000370 0.110356 0.000016
0.472204 0.219526 0.123063 0.065047 0.000395 0.119750 0.000015
0.457661 0.214962 0.127671 0.067478 0.000445 0.131767 0.000015
0.446408 0.210151 0.130956 0.069268 0.000489 0.142711 0.000018
0.436114 0.204205 0.133835 0.070821 0.000534 0.154470 0.000020
0.428081 0.198021 0.135842 0.071986 0.000554 0.165491 0.000024
0.422010 0.191261 0.136942 0.072748 0.000571 0.176439 0.000029
0.416252 0.184508 0.137743 0.073288 0.000604 0.187574 0.000031
0.411934 0.177983 0.138336 0.073469 0.000638 0.197609 0.000031
0.407819 0.171861 0.138228 0.073524 0.000655 0.207883 0.000030
0.405919 0.166483 0.137449 0.073298 0.000675 0.216146 0.000031
0.401767 0.160276 0.136987 0.073052 0.000720 0.227164 0.000034
0.397289 0.155476 0.136489 0.072779 0.000744 0.237186 0.000036
0.394970 0.151085 0.135267 0.072052 0.000752 0.245838 0.000036
0.390283 0.147154 0.134689 0.071698 0.000786 0.255353 0.000038
0.388954 0.143441 0.133019 0.070759 0.000813 0.262972 0.000041
0.386935 0.139215 0.131886 0.070079 0.000830 0.271012 0.000044
0.383085 0.134610 0.130573 0.069454 0.000859 0.281373 0.000046
0.381534 0.131492 0.128721 0.068546 0.000889 0.288771 0.000047
0.379531 0.127476 0.126912 0.067610 0.000915 0.297506 0.000049
0.379187 0.123884 0.124597 0.066414 0.000935 0.304933 0.000051
0.375281 0.120558 0.123358 0.065846 0.000954 0.313950 0.000053
0.375306 0.117923 0.121409 0.065036 0.000975 0.319297 0.000053
0.372999 0.114889 0.119813 0.064172 0.000994 0.327078 0.000054
0.372433 0.111625 0.117582 0.062898 0.001021 0.334383 0.000057
0.372101 0.109427 0.115766 0.061772 0.001035 0.339838 0.000060
0.369604 0.106857 0.114156 0.061028 0.001050 0.347241 0.000063
0.367044 0.104461 0.112721 0.060239 0.001065 0.354402 0.000068
0.364923 0.101933 0.111199 0.059407 0.001074 0.361393 0.000071
0.362207 0.099147 0.109593 0.058674 0.001081 0.369224 0.000074
0.360867 0.097060 0.108091 0.057846 0.001081 0.374974 0.000081
0.358688 0.094439 0.106812 0.057003 0.001092 0.381884 0.000082
0.356483 0.090734 0.105103 0.055920 0.001106 0.390572 0.000082
0.356784 0.088864 0.103113 0.055048 0.001109 0.394995 0.000087
0.355585 0.086455 0.101920 0.054329 0.001107 0.400512 0.000092
0.355453 0.083511 0.099565 0.053093 0.001090 0.407192 0.000097
0.354455 0.079970 0.097427 0.051899 0.001084 0.415065 0.000100
0.354693 0.077453 0.096073 0.051067 0.001069 0.419547 0.000099
0.355110 0.074647 0.093779 0.049971 0.001076 0.425309 0.000109
0.355900 0.072667 0.092027 0.049029 0.001056 0.429202 0.000119
0.356625 0.069453 0.089337 0.047904 0.001056 0.435498 0.000126
0.357468 0.067416 0.087349 0.046966 0.001069 0.439603 0.000128
0.358606 0.065860 0.085488 0.045969 0.001073 0.442875 0.000130
0.359985 0.063559 0.083149 0.044825 0.001058 0.447286 0.000138
0.361004 0.060884 0.080871 0.043465 0.001062 0.452575 0.000140
0.363079 0.059466 0.078749 0.042368 0.001033 0.455153 0.000152
0.364824 0.057344 0.076600 0.041160 0.001020 0.458898 0.000154
0.366153 0.056226 0.075307 0.040500 0.001007 0.460650 0.000157
0.368093 0.054689 0.073209 0.039365 0.000993 0.463493 0.000158
0.370261 0.052721 0.070876 0.038206 0.000998 0.466776 0.000163
0.372157 0.051722 0.069562 0.037485 0.001000 0.467908 0.000166
0.374079 0.050683 0.068012 0.036715 0.000985 0.469359 0.000167
0.376812 0.048876 0.065681 0.035422 0.000977 0.472062 0.000171
0.378900 0.047779 0.064210 0.034412 0.000972 0.473553 0.000175
0.381297 0.046971 0.062678 0.033659 0.000955 0.474260 0.000180
0.383426 0.046197 0.061174 0.032859 0.000932 0.475225 0.000187
0.385582 0.045464 0.059580 0.032030 0.000927 0.476230 0.000188
0.388503 0.044767 0.057885 0.031153 0.000907 0.476590 0.000195
0.390849 0.044089 0.056573 0.030333 0.000911 0.477046 0.000198
0.392874 0.043851 0.055485 0.029840 0.000896 0.476855 0.000198
0.395940 0.042927 0.053805 0.028967 0.000889 0.477273 0.000198
0.398058 0.042487 0.052969 0.028498 0.000879 0.476909 0.000200
0.400530 0.041908 0.051965 0.027834 0.000851 0.476710 0.000201
0.402534 0.041598 0.051049 0.027234 0.000828 0.476555 0.000202
0.405033 0.041137 0.049878 0.026735 0.000815 0.476197 0.000206
0.407385 0.040843 0.048994 0.026187 0.000821 0.475563 0.000207
0.409102 0.040796 0.048251 0.025748 0.000806 0.475086 0.000211
0.411605 0.040496 0.047163 0.025186 0.000792 0.474543 0.000214
0.413712 0.040212 0.046430 0.024781 0.000797 0.473854 0.000214
0.415978 0.040082 0.045521 0.024373 0.000778 0.473053 0.000214
0.418102 0.040126 0.044805 0.023906 0.000762 0.472080 0.000218
0.420170 0.040298 0.044032 0.023438 0.000750 0.471091 0.000222
0.421668 0.040332 0.043753 0.023292 0.000749 0.469983 0.000224
0.423813 0.040104 0.043173 0.023053 0.000750 0.468884 0.000224
0.426138 0.039941 0.042721 0.022764 0.000734 0.467475 0.000227
0.428130 0.040095 0.042172 0.022424 0.000728 0.466219 0.000232
0.429707 0.040371 0.041633 0.022242 0.000710 0.465104 0.000233
0.431806 0.040344 0.041223 0.021979 0.000693 0.463719 0.000237
0.433563 0.040443 0.040983 0.021695 0.000690 0.462385 0.000240
0.435844 0.040442 0.040534 0.021427 0.000682 0.460826 0.000244
0.437479 0.040536 0.040314 0.021189 0.000665 0.459571 0.000247
0.439080 0.040753 0.039992 0.021090 0.000657 0.458177 0.000251
0.440307 0.041045 0.039926 0.020983 0.000645 0.456842 0.000252
0.441875 0.041114 0.039712 0.020875 0.000628 0.455536 0.000259
0.443228 0.041294 0.039561 0.020748 0.000618 0.454290 0.000261
0.444732 0.041310 0.039502 0.020689 0.000611 0.452891 0.000264
0.446130 0.041501 0.039283 0.020553 0.000619 0.451647 0.000267
0.447492 0.041823 0.039154 0.020529 0.000613 0.450121 0.000268
0.448670 0.041894 0.039076 0.020565 0.000598 0.448927 0.000271
0.450126 0.042259 0.038859 0.020530 0.000582 0.447373 0.000272
0.451077 0.042676 0.038687 0.020491 0.000579 0.446215 0.000275
0.452162 0.042864 0.038796 0.020458 0.000584 0.444862 0.000275
0.453056 0.043193 0.038850 0.020471 0.000568 0.443585 0.000278
0.454459 0.043596 0.038919 0.020354 0.000563 0.441828 0.000284
0.455236 0.043979 0.039112 0.020418 0.000549 0.440422 0.000285
0.456011 0.044326 0.039109 0.020463 0.000543 0.439262 0.000286
0.456773 0.044780 0.039226 0.020525 0.000545 0.437861 0.000290
0.457446 0.045173 0.039223 0.020630 0.000549 0.436691 0.000289
0.458212 0.045460 0.039082 0.020628 0.000557 0.435770 0.000291
0.458620 0.045818 0.039257 0.020706 0.000549 0.434759 0.000292
0.459393 0.046159 0.039488 0.020744 0.000545 0.433374 0.000297
0.460185 0.046358 0.039615 0.020885 0.000539 0.432121 0.000298
0.460896 0.046518 0.039802 0.021007 0.000525 0.430953 0.000300
0.461159 0.046771 0.040044 0.021068 0.000519 0.430139 0.000301
0.461763 0.046944 0.040206 0.021101 0.000516 0.429165 0.000305
0.462347 0.047214 0.040448 0.021108 0.000528 0.428049 0.000307
0.462784 0.047400 0.040584 0.021108 0.000538 0.427281 0.000306
0.463425 0.047637 0.040704 0.021219 0.000532 0.426175 0.000308
0.463705 0.047999 0.040837 0.021311 0.000541 0.425299 0.000308
0.463903 0.048293 0.041025 0.021375 0.000547 0.424550 0.000308
0.464207 0.048523 0.041289 0.021391 0.000554 0.423727 0.000310
0.464528 0.048814 0.041428 0.021467 0.000548 0.422903 0.000313
0.464760 0.049376 0.041555 0.021510 0.000544 0.421945 0.000311
0.464989 0.049501 0.041618 0.021563 0.000552 0.421464 0.000313
0.465132 0.049827 0.041807 0.021762 0.000551 0.420610 0.000312
0.465427 0.049995 0.041939 0.021882 0.000551 0.419892 0.000314
0.465710 0.050078 0.042169 0.022018 0.000558 0.419155 0.000313
0.465947 0.050311 0.042270 0.022129 0.000559 0.418467 0.000317
0.465921 0.050446 0.042502 0.022257 0.000557 0.417993 0.000323
0.466191 0.050339 0.042742 0.022379 0.000559 0.417468 0.000322
0.466703 0.050331 0.042970 0.022479 0.000556 0.416633 0.000327
0.466787 0.050498 0.043305 0.022496 0.000549 0.416035 0.000330
0.466610 0.050656 0.043455 0.022597 0.000548 0.415802 0.000332
0.467051 0.050656 0.043627 0.022620 0.000547 0.415165 0.000334
0.467148 0.050766 0.043816 0.022643 0.000549 0.414745 0.000333
0.466957 0.051017 0.044013 0.022741 0.000544 0.414391 0.000337
0.466903 0.051237 0.044249 0.022804 0.000542 0.413929 0.000337
0.466804 0.051520 0.044379 0.022904 0.000549 0.413506 0.000336
0.467075 0.051700 0.044498 0.022948 0.000531 0.412906 0.000341
0.467045 0.051894 0.044695 0.023041 0.000536 0.412448 0.000340
0.466707 0.052100 0.044933 0.023277 0.000529 0.412113 0.000342
0.466751 0.052288 0.045115 0.023371 0.000534 0.411598 0.000342
0.466573 0.052359 0.045176 0.023499 0.000544 0.411505 0.000344
0.466642 0.052353 0.045189 0.023538 0.000541 0.411388 0.000349
0.466530 0.052412 0.045380 0.023577 0.000541 0.411210 0.000349
0.466531 0.052515 0.045426 0.023669 0.000555 0.410952 0.000354
0.466384 0.052612 0.045480 0.023777 0.000561 0.410832 0.000355
0.466349 0.052717 0.045694 0.023871 0.000549 0.410463 0.000357
0.466208 0.052725 0.045813 0.023918 0.000543 0.410435 0.000358
0.466111 0.052833 0.045972 0.023925 0.000532 0.410267 0.000360
0.465926 0.052847 0.046177 0.024058 0.000538 0.410096 0.000358
0.465995 0.052721 0.046284 0.024122 0.000530 0.409984 0.000364
0.466232 0.052549 0.046282 0.024181 0.000538 0.409853 0.000364
0.466132 0.052554 0.046351 0.024240 0.000539 0.409820 0.000365
0.466151 0.052575 0.046469 0.024366 0.000534 0.409537 0.000367
0.465976 0.052659 0.046481 0.024463 0.000543 0.409506 0.000371
0.465884 0.052665 0.046501 0.024400 0.000549 0.409630 0.000370
0.465825 0.052599 0.046486 0.024412 0.000551 0.409752 0.000374
0.465715 0.052659 0.046615 0.024494 0.000558 0.409579 0.000380
0.465446 0.052786 0.046654 0.024568 0.000563 0.409602 0.000380
0.465338 0.052994 0.046682 0.024563 0.000556 0.409488 0.000380
0.465359 0.052830 0.046731 0.024662 0.000548 0.409489 0.000381
0.465313 0.052751 0.046770 0.024711 0.000544 0.409526 0.000384
0.465019 0.052809 0.046937 0.024803 0.000546 0.409495 0.000390
0.465382 0.052707 0.046878 0.024739 0.000560 0.409347 0.000388
0.465380 0.052680 0.046905 0.024726 0.000567 0.409351 0.000391
0.465320 0.052611 0.046901 0.024724 0.000557 0.409494 0.000393
0.465447 0.052517 0.046932 0.024791 0.000562 0.409358 0.000393
0.465298 0.052570 0.047043 0.024856 0.000572 0.409265 0.000396
0.465424 0.052647 0.047108 0.024823 0.000562 0.409034 0.000402
0.465096 0.052748 0.047088 0.024863 0.000549 0.409245 0.000411
0.464992 0.052760 0.047097 0.024847 0.000546 0.409342 0.000417
0.464879 0.052825 0.047084 0.024817 0.000560 0.409418 0.000417
0.464565 0.052919 0.047100 0.024749 0.000559 0.409690 0.000418
0.464260 0.053014 0.047114 0.024824 0.000558 0.409807 0.000422
0.464254 0.053025 0.046982 0.024906 0.000563 0.409849 0.000421
0.464156 0.053022 0.047144 0.024918 0.000561 0.409777 0.000421
0.464192 0.052921 0.047254 0.024957 0.000554 0.409699 0.000422
0.464118 0.052982 0.047313 0.024915 0.000562 0.409687 0.000424
0.464050 0.053014 0.047359 0.024881 0.000564 0.409706 0.000425
0.463945 0.053140 0.047356 0.024813 0.000555 0.409764 0.000427
0.463842 0.053121 0.047297 0.024797 0.000556 0.409958 0.000428
0.463837 0.053207 0.047137 0.024826 0.000553 0.410011 0.000430
0.463615 0.053182 0.047162 0.024985 0.000543 0.410083 0.000431
0.463512 0.053035 0.047149 0.025029 0.000541 0.410303 0.000430
0.463513 0.052992 0.047236 0.025078 0.000534 0.410210 0.000436
0.463501 0.052755 0.047255 0.025112 0.000534 0.410402 0.000441
0.463743 0.052652 0.047273 0.025089 0.000546 0.410257 0.000440
0.463879 0.052561 0.047265 0.025046 0.000556 0.410252 0.000442
0.463899 0.052491 0.047286 0.025012 0.000555 0.410317 0.000441
0.463772 0.052428 0.047273 0.025023 0.000561 0.410495 0.000447
0.464065 0.052381 0.047130 0.025011 0.000557 0.410413 0.000444
0.463845 0.052286 0.047257 0.024914 0.000552 0.410695 0.000451
0.464162 0.052073 0.047369 0.024968 0.000542 0.410435 0.000452
0.464271 0.052066 0.047146 0.024934 0.000541 0.410591 0.000451
0.464326 0.051914 0.047228 0.024842 0.000539 0.410699 0.000452
0.464437 0.051771 0.047186 0.024877 0.000527 0.410751 0.000451
0.464492 0.051606 0.047122 0.024948 0.000536 0.410845 0.000451
0.464623 0.051571 0.047103 0.024886 0.000539 0.410825 0.000454
0.464670 0.051665 0.047187 0.024829 0.000543 0.410648 0.000458
0.464712 0.051822 0.047176 0.024690 0.000535 0.410608 0.000457
0.464576 0.051855 0.047135 0.024691 0.000531 0.410752 0.000459
0.464530 0.051793 0.047003 0.024752 0.000533 0.410932 0.000456
0.464759 0.051746 0.046842 0.024722 0.000532 0.410938 0.000461
0.464695 0.051716 0.046766 0.024691 0.000537 0.411133 0.000461
0.464849 0.051687 0.046733 0.024731 0.000527 0.411012 0.000461
0.464861 0.051711 0.046746 0.024715 0.000532 0.410974 0.000462
0.465006 0.051617 0.046711 0.024687 0.000524 0.410989 0.000466
0.465324 0.051575 0.046738 0.024631 0.000514 0.410746 0.000471
0.465298 0.051668 0.046713 0.024692 0.000517 0.410644 0.000468
0.465211 0.051630 0.046661 0.024824 0.000507 0.410692 0.000474
0.465349 0.051576 0.046675 0.024833 0.000504 0.410587 0.000475
0.465617 0.051501 0.046645 0.024840 0.000512 0.410407 0.000478
0.465872 0.051505 0.046662 0.024840 0.000520 0.410119 0.000482
0.465990 0.051608 0.046538 0.024754 0.000529 0.410096 0.000485
0.465964 0.051661 0.046570 0.024746 0.000536 0.410038 0.000485
0.466143 0.051604 0.046656 0.024705 0.000538 0.409870 0.000485
0.466130 0.051750 0.046731 0.024641 0.000531 0.409724 0.000494
0.466390 0.051583 0.046662 0.024628 0.000539 0.409706 0.000493
0.466610 0.051596 0.046621 0.024656 0.000536 0.409483 0.000496
0.466709 0.051626 0.046698 0.024718 0.000545 0.409207 0.000496
0.466711 0.051584 0.046592 0.024786 0.000536 0.409292 0.000499
0.466828 0.051661 0.046481 0.024733 0.000539 0.409256 0.000501
0.466834 0.051572 0.046424 0.024733 0.000538 0.409395 0.000504
0.467089 0.051690 0.046439 0.024745 0.000538 0.408998 0.000501
0.466941 0.051544 0.046394 0.024744 0.000533 0.409337 0.000507
0.466964 0.051567 0.046346 0.024613 0.000536 0.409461 0.000512
0.467043 0.051678 0.046395 0.024489 0.000536 0.409349 0.000510
0.467214 0.051701 0.046457 0.024473 0.000530 0.409112 0.000513
0.466941 0.051747 0.046449 0.024451 0.000526 0.409370 0.000517
0.467071 0.051743 0.046327 0.024381 0.000532 0.409430 0.000516
0.466873 0.051711 0.046453 0.024438 0.000533 0.409479 0.000513
0.466901 0.051659 0.046459 0.024548 0.000529 0.409383 0.000521
0.467014 0.051756 0.046238 0.024577 0.000526 0.409366 0.000523
0.466858 0.052015 0.046187 0.024651 0.000528 0.409237 0.000524
0.466782 0.051953 0.046312 0.024742 0.000530 0.409155 0.000526
0.466964 0.052034 0.046371 0.024701 0.000535 0.408867 0.000529
0.466994 0.052005 0.046391 0.024746 0.000544 0.408791 0.000529
0.466765 0.052131 0.046361 0.024685 0.000545 0.408985 0.000529
0.466500 0.052123 0.046524 0.024652 0.000548 0.409125 0.000529
0.466847 0.052138 0.046401 0.024698 0.000550 0.408827 0.000538
0.466794 0.052021 0.046489 0.024825 0.000556 0.408780 0.000535
0.466902 0.052085 0.046512 0.024822 0.000546 0.408592 0.000541
0.466589 0.052111 0.046573 0.024786 0.000549 0.408852 0.000540
0.466525 0.052132 0.046641 0.024772 0.000547 0.408842 0.000542
0.466368 0.052194 0.046681 0.024673 0.000533 0.409009 0.000543
0.466451 0.052113 0.046673 0.024764 0.000529 0.408926 0.000543
0.466365 0.052152 0.046598 0.024760 0.000528 0.409053 0.000543
0.466461 0.052135 0.046777 0.024700 0.000508 0.408871 0.000547
0.466170 0.052178 0.046851 0.024759 0.000498 0.408999 0.000545
0.466204 0.052162 0.046859 0.024702 0.000492 0.409035 0.000546
0.466064 0.052259 0.046888 0.024670 0.000485 0.409084 0.000549
0.465969 0.052308 0.046871 0.024625 0.000482 0.409188 0.000556
0.466328 0.052301 0.046768 0.024681 0.000475 0.408890 0.000557
0.466151 0.052304 0.046850 0.024693 0.000477 0.408971 0.000555
0.465948 0.052308 0.046788 0.024731 0.000471 0.409194 0.000561
0.465809 0.052504 0.046784 0.024742 0.000486 0.409112 0.000562
0.465616 0.052745 0.046668 0.024622 0.000499 0.409290 0.000561
0.465578 0.052788 0.046556 0.024527 0.000502 0.409489 0.000560
0.465644 0.052594 0.046567 0.024473 0.000503 0.409660 0.000560
0.465734 0.052570 0.046595 0.024463 0.000505 0.409572 0.000561
0.465969 0.052467 0.046459 0.024397 0.000519 0.409623 0.000566
0.465918 0.052353 0.046436 0.024383 0.000513 0.409834 0.000562
0.466063 0.052206 0.046503 0.024454 0.000496 0.409709 0.000568
0.466370 0.052030 0.046440 0.024460 0.000498 0.409630 0.000570
0.466551 0.051948 0.046537 0.024487 0.000509 0.409397 0.000570
0.466445 0.051933 0.046574 0.024487 0.000511 0.409473 0.000577
0.466416 0.051856 0.046606 0.024471 0.000507 0.409564 0.000579
0.466464 0.051805 0.046555 0.024498 0.000499 0.409597 0.000583
0.466765 0.051757 0.046558 0.024501 0.000503 0.409332 0.000583
0.466898 0.051786 0.046518 0.024517 0.000499 0.409199 0.000583
0.466896 0.051851 0.046549 0.024513 0.000508 0.409095 0.000589
0.467037 0.051795 0.046486 0.024513 0.000515 0.409062 0.000591
0.636692 0.035278 0.031567 0.016712 0.000352 0.278999 0.000400
