0.998926 0.001048 0.000014 0.000012 0.000000 0.000000 0.000000 0.000026
0.998628 0.001253 0.000072 0.000043 0.000000 0.000005 0.000000 0.000119
0.998248 0.001512 0.000134 0.000089 0.000000 0.000016 0.000000 0.000240
0.997722 0.001883 0.000219 0.000135 0.000000 0.000041 0.000000 0.000396
0.997040 0.002374 0.000322 0.000193 0.000000 0.000072 0.000000 0.000588
0.996117 0.003038 0.000462 0.000267 0.000000 0.000115 0.000000 0.000848
0.994894 0.003935 0.000624 0.000372 0.000000 0.000175 0.000000 0.001177
0.993307 0.005086 0.000863 0.000494 0.000002 0.000249 0.000000 0.001615
0.991147 0.006697 0.001150 0.000651 0.000003 0.000352 0.000000 0.002167
0.988350 0.008715 0.001572 0.000881 0.000004 0.000478 0.000000 0.002953
0.984544 0.011531 0.002059 0.001183 0.000007 0.000677 0.000000 0.003949
0.979688 0.015040 0.002734 0.001589 0.000009 0.000940 0.000000 0.005301
0.973443 0.019664 0.003576 0.002049 0.000010 0.001258 0.000000 0.006941
0.965325 0.025583 0.004675 0.002695 0.000015 0.001707 0.000000 0.009158
0.955108 0.032965 0.006123 0.003488 0.000021 0.002294 0.000001 0.012014
0.942122 0.042306 0.008033 0.004491 0.000027 0.003019 0.000002 0.015697
0.925741 0.054125 0.010296 0.005845 0.000038 0.003953 0.000002 0.020306
0.905586 0.068301 0.013379 0.007573 0.000045 0.005114 0.000002 0.026345
0.881352 0.085101 0.017032 0.009705 0.000062 0.006745 0.000003 0.033843
0.852892 0.104309 0.021544 0.012370 0.000089 0.008794 0.000003 0.043197
0.820231 0.125858 0.026884 0.015500 0.000114 0.011407 0.000005 0.054426
0.783279 0.149639 0.033243 0.019150 0.000146 0.014537 0.000006 0.067768
0.743241 0.174103 0.040548 0.023396 0.000192 0.018511 0.000008 0.083546
0.700766 0.198617 0.048945 0.028159 0.000251 0.023249 0.000012 0.101759
0.656863 0.222096 0.058481 0.033505 0.000308 0.028729 0.000017 0.122534
0.612951 0.243670 0.068391 0.039278 0.000373 0.035317 0.000021 0.145277
0.569923 0.262432 0.078864 0.045285 0.000452 0.043015 0.000029 0.170033
0.528656 0.277802 0.089675 0.051579 0.000546 0.051705 0.000038 0.196497
0.489807 0.289678 0.100431 0.057798 0.000663 0.061575 0.000048 0.224183
0.453775 0.297647 0.111096 0.063958 0.000782 0.072683 0.000059 0.253062
0.421438 0.301329 0.121757 0.069868 0.000919 0.084624 0.000065 0.282679
0.392057 0.302264 0.131499 0.075454 0.001069 0.097580 0.000077 0.312266
0.365596 0.300409 0.140600 0.080750 0.001227 0.111330 0.000087 0.341891
0.341919 0.296506 0.148685 0.085452 0.001390 0.125938 0.000110 0.370930
0.321167 0.290042 0.156186 0.089622 0.001554 0.141299 0.000129 0.399748
0.303102 0.281998 0.162631 0.093309 0.001724 0.157089 0.000148 0.427669
0.287276 0.272700 0.167918 0.096648 0.001892 0.173392 0.000173 0.454868
0.273406 0.262520 0.172404 0.099347 0.002087 0.190039 0.000197 0.481177
0.261418 0.251870 0.175889 0.101451 0.002248 0.206901 0.000222 0.506307
0.250841 0.241148 0.178442 0.102880 0.002433 0.224007 0.000247 0.530251
0.241772 0.230037 0.180507 0.103905 0.002600 0.240904 0.000274 0.553361
0.233988 0.218896 0.181708 0.104387 0.002773 0.257940 0.000310 0.575395
0.227354 0.208054 0.182078 0.104380 0.002967 0.274828 0.000341 0.596180
0.221458 0.197616 0.181839 0.104164 0.003101 0.291441 0.000382 0.616053
0.216487 0.187570 0.180827 0.103528 0.003256 0.307917 0.000416 0.634836
0.212148 0.177982 0.179372 0.102632 0.003407 0.324005 0.000455 0.652680
0.208670 0.168773 0.177284 0.101542 0.003535 0.339689 0.000507 0.669573
0.205919 0.159873 0.174766 0.100259 0.003660 0.354975 0.000548 0.685608
0.203579 0.151503 0.171934 0.098762 0.003785 0.369844 0.000593 0.700804
0.201712 0.143618 0.169076 0.096956 0.003907 0.384093 0.000638 0.715221
0.200411 0.136025 0.165937 0.095114 0.004000 0.397824 0.000689 0.729012
0.199485 0.128953 0.162516 0.093084 0.004062 0.411166 0.000736 0.742012
0.198905 0.122446 0.158709 0.090998 0.004159 0.423997 0.000786 0.754272
0.198717 0.116349 0.154695 0.088888 0.004226 0.436281 0.000843 0.765914
0.198866 0.110522 0.150804 0.086681 0.004309 0.447919 0.000899 0.777018
0.199290 0.105161 0.147036 0.084440 0.004362 0.458765 0.000947 0.787617
0.200118 0.100073 0.143165 0.082131 0.004434 0.469077 0.001002 0.797727
0.201012 0.095526 0.139056 0.079840 0.004480 0.479029 0.001057 0.807307
0.202143 0.091351 0.135097 0.077531 0.004500 0.488263 0.001116 0.816422
0.203523 0.087301 0.131150 0.075396 0.004520 0.496945 0.001165 0.825229
0.205112 0.083659 0.127198 0.073224 0.004550 0.505030 0.001226 0.833593
0.206868 0.080204 0.123378 0.071040 0.004565 0.512662 0.001284 0.841637
0.208820 0.077085 0.119598 0.068839 0.004581 0.519740 0.001337 0.849255
0.210827 0.074196 0.115898 0.066764 0.004574 0.526341 0.001400 0.856693
0.212909 0.071485 0.112322 0.064627 0.004597 0.532604 0.001458 0.863862
0.215118 0.068992 0.108775 0.062556 0.004621 0.538419 0.001520 0.870762
0.217467 0.066774 0.105474 0.060525 0.004603 0.543580 0.001576 0.877410
0.219808 0.064762 0.102090 0.058507 0.004587 0.548608 0.001638 0.883833
0.222291 0.062931 0.098821 0.056640 0.004565 0.553058 0.001693 0.890020
0.224913 0.061145 0.095769 0.054877 0.004532 0.557014 0.001750 0.896113
0.227631 0.059551 0.092880 0.053139 0.004504 0.560494 0.001802 0.902046
0.230530 0.058149 0.089918 0.051439 0.004467 0.563645 0.001851 0.907719
0.233216 0.056807 0.087161 0.049892 0.004419 0.566597 0.001907 0.913398
0.236001 0.055527 0.084604 0.048429 0.004363 0.569116 0.001960 0.918953
0.238921 0.054546 0.081985 0.046896 0.004309 0.571321 0.002022 0.924204
0.241731 0.053401 0.079788 0.045508 0.004265 0.573233 0.002074 0.929570
0.244621 0.052435 0.077561 0.044172 0.004213 0.574866 0.002132 0.934783
0.247427 0.051829 0.075291 0.042851 0.004152 0.576254 0.002196 0.939743
0.250345 0.051058 0.073176 0.041701 0.004085 0.577382 0.002253 0.944810
0.253390 0.050262 0.071290 0.040642 0.004031 0.578087 0.002298 0.949786
0.256231 0.049610 0.069485 0.039534 0.003986 0.578802 0.002352 0.954736
0.259136 0.049101 0.067611 0.038474 0.003925 0.579346 0.002408 0.959563
0.262094 0.048529 0.065923 0.037606 0.003888 0.579503 0.002458 0.964391
0.265029 0.048084 0.064321 0.036669 0.003823 0.579565 0.002508 0.969163
0.267950 0.047792 0.062840 0.035833 0.003764 0.579263 0.002559 0.973839
0.270800 0.047423 0.061357 0.035020 0.003708 0.579084 0.002609 0.978498
0.273726 0.047087 0.060033 0.034212 0.003663 0.578625 0.002654 0.983182
0.276627 0.046905 0.058722 0.033460 0.003615 0.577975 0.002696 0.987779
0.279422 0.046720 0.057498 0.032737 0.003566 0.577318 0.002740 0.992423
0.282149 0.046597 0.056291 0.032132 0.003490 0.576552 0.002789 0.996968
0.284894 0.046460 0.055285 0.031475 0.003430 0.575621 0.002834 1.001585
0.287509 0.046581 0.054193 0.030900 0.003361 0.574569 0.002886 1.006090
0.290168 0.046621 0.053256 0.030319 0.003306 0.573398 0.002930 1.010611
0.292785 0.046531 0.052467 0.029895 0.003263 0.572086 0.002972 1.015258
0.295349 0.046573 0.051613 0.029419 0.003223 0.570811 0.003012 1.019801
0.297683 0.046763 0.050888 0.028998 0.003174 0.569442 0.003051 1.024372
0.300036 0.046889 0.050133 0.028581 0.003128 0.568141 0.003092 1.028955
0.302346 0.047075 0.049452 0.028226 0.003086 0.566686 0.003130 1.033536
0.304631 0.047203 0.048976 0.027887 0.003061 0.565079 0.003164 1.038207
0.306744 0.047429 0.048403 0.027599 0.003014 0.563607 0.003204 1.042866
0.308991 0.047529 0.047953 0.027379 0.002962 0.561936 0.003252 1.047637
0.310959 0.047832 0.047517 0.027155 0.002914 0.560328 0.003293 1.052298
0.312997 0.048100 0.047220 0.026894 0.002868 0.558584 0.003338 1.057005
0.314898 0.048389 0.046847 0.026673 0.002837 0.556975 0.003382 1.061729
0.316738 0.048624 0.046495 0.026532 0.002802 0.555394 0.003415 1.066551
0.318638 0.048961 0.046272 0.026389 0.002746 0.553536 0.003459 1.071315
0.320396 0.049304 0.046059 0.026300 0.002690 0.551757 0.003494 1.076141
0.322033 0.049722 0.045821 0.026132 0.002666 0.550093 0.003532 1.080983
0.323734 0.050085 0.045632 0.025987 0.002625 0.548366 0.003572 1.085824
0.325319 0.050442 0.045450 0.026013 0.002605 0.546571 0.003600 1.090752
0.326806 0.050836 0.045330 0.026042 0.002579 0.544770 0.003637 1.095687
0.328173 0.051219 0.045297 0.026062 0.002535 0.543047 0.003668 1.100726
0.329547 0.051633 0.045207 0.025951 0.002482 0.541474 0.003707 1.105705
0.330857 0.052076 0.045192 0.025999 0.002461 0.539680 0.003737 1.110793
0.332161 0.052441 0.045187 0.026084 0.002437 0.537927 0.003763 1.115973
0.333167 0.053023 0.045248 0.026065 0.002410 0.536288 0.003801 1.121092
0.334306 0.053489 0.045284 0.026165 0.002375 0.534546 0.003836 1.126248
0.335249 0.053902 0.045403 0.026206 0.002367 0.533012 0.003861 1.131579
0.336066 0.054494 0.045496 0.026229 0.002345 0.531479 0.003892 1.136820
0.336855 0.054946 0.045636 0.026328 0.002317 0.529996 0.003925 1.142154
0.337608 0.055360 0.045735 0.026414 0.002291 0.528635 0.003958 1.147622
0.338397 0.055751 0.045870 0.026547 0.002265 0.527181 0.003989 1.153113
0.339080 0.056169 0.046108 0.026639 0.002251 0.525733 0.004021 1.158623
0.339446 0.056849 0.046334 0.026748 0.002236 0.524345 0.004042 1.164110
0.339956 0.057389 0.046505 0.026890 0.002217 0.522972 0.004072 1.169659
0.340351 0.057854 0.046784 0.027055 0.002193 0.521669 0.004094 1.175342
0.340687 0.058368 0.047028 0.027170 0.002174 0.520450 0.004124 1.180996
0.341010 0.058763 0.047276 0.027297 0.002155 0.519341 0.004159 1.186729
0.341239 0.059309 0.047559 0.027429 0.002165 0.518112 0.004188 1.192525
0.341501 0.059716 0.047930 0.027639 0.002164 0.516837 0.004213 1.198419
0.341695 0.060117 0.048172 0.027853 0.002142 0.515784 0.004239 1.204317
0.341770 0.060625 0.048512 0.027976 0.002133 0.514713 0.004271 1.210180
0.341779 0.061083 0.048762 0.028207 0.002116 0.513753 0.004300 1.216082
0.341809 0.061537 0.049012 0.028362 0.002108 0.512843 0.004329 1.222040
0.341640 0.061965 0.049414 0.028466 0.002099 0.512055 0.004361 1.228071
0.341571 0.062317 0.049730 0.028671 0.002078 0.511244 0.004388 1.234154
0.341515 0.062598 0.050161 0.028855 0.002073 0.510384 0.004412 1.240389
0.341363 0.062991 0.050457 0.029130 0.002056 0.509563 0.004439 1.246557
0.341068 0.063445 0.050830 0.029222 0.002060 0.508910 0.004464 1.252761
0.340758 0.063941 0.051158 0.029370 0.002042 0.508243 0.004487 1.258927
0.340516 0.064328 0.051395 0.029584 0.002035 0.507627 0.004515 1.265191
0.340217 0.064530 0.051635 0.029785 0.002035 0.507262 0.004539 1.271564
0.339818 0.064754 0.052072 0.029962 0.002038 0.506787 0.004570 1.278008
0.339400 0.065000 0.052386 0.030230 0.002042 0.506346 0.004596 1.284492
0.339033 0.065184 0.052735 0.030386 0.002051 0.505992 0.004620 1.290932
0.338793 0.065366 0.053019 0.030494 0.002058 0.505625 0.004646 1.297332
0.338453 0.065564 0.053305 0.030700 0.002050 0.505251 0.004677 1.303782
0.338027 0.065892 0.053560 0.030787 0.002041 0.504990 0.004704 1.310106
0.337542 0.066185 0.053796 0.030953 0.002049 0.504742 0.004734 1.316563
0.337134 0.066343 0.054163 0.031158 0.002038 0.504404 0.004761 1.323078
0.336797 0.066410 0.054434 0.031290 0.002030 0.504247 0.004792 1.329617
0.336401 0.066551 0.054669 0.031497 0.002023 0.504045 0.004814 1.336153
0.336106 0.066707 0.054842 0.031660 0.002027 0.503820 0.004839 1.342630
0.335781 0.066824 0.055109 0.031735 0.002028 0.503661 0.004863 1.349160
0.335382 0.067001 0.055378 0.031767 0.002022 0.503561 0.004889 1.355673
0.334957 0.067296 0.055577 0.031794 0.002014 0.503446 0.004917 1.362151
0.334695 0.067273 0.055805 0.031979 0.002029 0.503282 0.004938 1.368770
0.334158 0.067468 0.055948 0.032071 0.002021 0.503369 0.004966 1.375332
0.333724 0.067640 0.056127 0.032174 0.002022 0.503316 0.004998 1.381902
0.333444 0.067703 0.056338 0.032284 0.002019 0.503188 0.005023 1.388503
0.332952 0.067928 0.056502 0.032402 0.002037 0.503133 0.005047 1.395077
0.332650 0.067847 0.056825 0.032530 0.002021 0.503049 0.005077 1.401735
0.332321 0.067838 0.057022 0.032645 0.002032 0.503037 0.005104 1.408394
0.331923 0.067836 0.057242 0.032715 0.002033 0.503115 0.005135 1.415099
0.331476 0.067929 0.057383 0.032689 0.002057 0.503304 0.005163 1.421714
0.331213 0.067814 0.057593 0.032814 0.002060 0.503317 0.005190 1.428467
0.331074 0.067693 0.057621 0.032817 0.002056 0.503518 0.005220 1.435053
0.330714 0.067759 0.057635 0.032825 0.002066 0.503757 0.005244 1.441621
0.330442 0.067555 0.057770 0.032925 0.002069 0.503970 0.005269 1.448331
0.330224 0.067486 0.057880 0.032920 0.002081 0.504114 0.005295 1.454931
0.329959 0.067480 0.057936 0.032924 0.002082 0.504296 0.005324 1.461515
0.329724 0.067475 0.057981 0.032957 0.002083 0.504426 0.005354 1.468091
0.329423 0.067297 0.058090 0.033123 0.002071 0.504609 0.005387 1.474842
0.329010 0.067222 0.058158 0.033186 0.002087 0.504926 0.005412 1.481494
0.328826 0.067167 0.058161 0.033209 0.002089 0.505105 0.005443 1.488016
0.328608 0.067087 0.058224 0.033194 0.002096 0.505329 0.005463 1.494595
0.328476 0.067015 0.058163 0.033279 0.002107 0.505470 0.005489 1.501152
0.328331 0.066909 0.058180 0.033296 0.002095 0.505671 0.005517 1.507744
0.328251 0.066957 0.058223 0.033283 0.002102 0.505640 0.005544 1.514257
0.328111 0.066839 0.058129 0.033342 0.002110 0.505896 0.005572 1.520822
0.327844 0.066866 0.058212 0.033362 0.002113 0.506009 0.005594 1.527343
0.327792 0.066651 0.058316 0.033345 0.002123 0.506160 0.005615 1.533927
0.327723 0.066484 0.058247 0.033362 0.002136 0.506412 0.005637 1.540509
0.327617 0.066428 0.058219 0.033297 0.002129 0.506650 0.005661 1.546980
0.327522 0.066439 0.058160 0.033272 0.002143 0.506770 0.005694 1.553374
0.327539 0.066194 0.058123 0.033374 0.002145 0.506905 0.005720 1.559927
0.327463 0.066058 0.058121 0.033341 0.002142 0.507128 0.005747 1.566437
0.327342 0.065927 0.058026 0.033394 0.002128 0.507399 0.005785 1.572961
0.327187 0.065935 0.058054 0.033356 0.002164 0.507493 0.005811 1.579413
0.327173 0.065865 0.057962 0.033262 0.002175 0.507731 0.005832 1.585823
0.327215 0.065775 0.057907 0.033269 0.002177 0.507803 0.005853 1.592250
0.327154 0.065694 0.057812 0.033280 0.002168 0.508011 0.005881 1.598683
0.327077 0.065577 0.057920 0.033301 0.002172 0.508039 0.005915 1.605183
0.327077 0.065477 0.057921 0.033213 0.002160 0.508207 0.005945 1.611582
0.327178 0.065332 0.057837 0.033204 0.002157 0.508317 0.005975 1.617996
0.327287 0.065173 0.057830 0.033155 0.002152 0.508396 0.006007 1.624443
0.327355 0.065069 0.057761 0.033087 0.002165 0.508529 0.006034 1.630797
0.327415 0.064857 0.057729 0.033058 0.002149 0.508732 0.006060 1.637218
0.327487 0.064780 0.057633 0.033084 0.002148 0.508775 0.006093 1.643602
0.327663 0.064661 0.057475 0.033054 0.002148 0.508880 0.006119 1.649951
