0.966420 0.032834 0.000442 0.000285 0.000000 0.000018 0.000000
0.730241 0.260313 0.005866 0.003366 0.000002 0.000212 0.000000
0.453181 0.514248 0.020037 0.011439 0.000012 0.001083 0.000000
0.284093 0.640943 0.045270 0.025607 0.000048 0.004041 0.000000
0.175984 0.689636 0.078910 0.044544 0.000125 0.010800 0.000000
0.109307 0.684337 0.117233 0.066335 0.000274 0.022514 0.000001
0.073930 0.651350 0.150742 0.085466 0.000465 0.038045 0.000003
0.071309 0.597365 0.175819 0.099495 0.000669 0.055338 0.000004
0.046996 0.562908 0.199876 0.113033 0.000935 0.076246 0.000007
0.033831 0.516525 0.222100 0.125586 0.001240 0.100708 0.000009
0.030811 0.472505 0.236444 0.133682 0.001523 0.125023 0.000014
0.033766 0.430075 0.245904 0.138850 0.001813 0.149573 0.000019
0.027322 0.395938 0.254662 0.143754 0.002106 0.176192 0.000026
0.024163 0.359471 0.261752 0.147799 0.002415 0.204366 0.000034
0.029625 0.327797 0.262513 0.148239 0.002684 0.229099 0.000043
0.026576 0.299275 0.264653 0.149412 0.002972 0.257057 0.000054
0.028275 0.272119 0.264080 0.148826 0.003251 0.283381 0.000068
0.030908 0.247369 0.261794 0.147351 0.003520 0.308973 0.000085
0.033942 0.225086 0.258017 0.145283 0.003755 0.333819 0.000098
0.039966 0.204869 0.252634 0.142077 0.003979 0.356367 0.000109
0.046633 0.189630 0.245136 0.137840 0.004154 0.376485 0.000122
0.045396 0.173424 0.240704 0.135206 0.004397 0.400736 0.000137
0.048927 0.157281 0.234565 0.131617 0.004578 0.422877 0.000156
0.053257 0.143547 0.227640 0.127651 0.004734 0.442999 0.000174
0.057802 0.131155 0.220296 0.123304 0.004882 0.462367 0.000193
0.062611 0.119745 0.212925 0.118922 0.005002 0.480582 0.000212
0.067749 0.109245 0.205261 0.114303 0.005111 0.498096 0.000235
0.072983 0.100142 0.197645 0.109949 0.005191 0.513835 0.000255
0.083433 0.091713 0.188692 0.105000 0.005247 0.525641 0.000276
0.091227 0.090670 0.179354 0.099728 0.005239 0.533490 0.000292
0.090680 0.081880 0.173988 0.096384 0.005332 0.551423 0.000313
0.096177 0.073713 0.167010 0.092343 0.005382 0.565040 0.000336
0.102205 0.067870 0.160099 0.088142 0.005405 0.575920 0.000359
0.108530 0.062351 0.152934 0.084075 0.005421 0.586312 0.000378
0.115045 0.057218 0.146127 0.080143 0.005423 0.595637 0.000407
0.121805 0.052738 0.139424 0.076206 0.005438 0.603953 0.000436
0.128444 0.048887 0.133039 0.072579 0.005399 0.611195 0.000458
0.135211 0.045058 0.126778 0.069020 0.005373 0.618083 0.000478
0.142173 0.041484 0.120954 0.065445 0.005333 0.624111 0.000499
0.149257 0.038409 0.115237 0.062102 0.005302 0.629169 0.000523
0.156232 0.035751 0.109892 0.058944 0.005210 0.633431 0.000540
0.163635 0.032851 0.104321 0.055717 0.005162 0.637752 0.000562
0.170836 0.030753 0.099298 0.052791 0.005116 0.640624 0.000583
0.178181 0.028570 0.094444 0.050015 0.005032 0.643150 0.000608
0.185629 0.026392 0.089665 0.047366 0.004986 0.645332 0.000630
0.193252 0.024515 0.085235 0.044783 0.004888 0.646674 0.000653
0.200807 0.022849 0.080949 0.042247 0.004805 0.647666 0.000678
0.208394 0.021267 0.076882 0.039961 0.004716 0.648078 0.000701
0.215859 0.019840 0.073038 0.037794 0.004641 0.648109 0.000719
0.223433 0.018462 0.069092 0.035569 0.004568 0.648139 0.000737
0.231162 0.017182 0.065535 0.033466 0.004493 0.647412 0.000750
0.238761 0.016027 0.062243 0.031612 0.004384 0.646205 0.000769
0.246311 0.015049 0.059087 0.029809 0.004306 0.644647 0.000791
0.253996 0.014078 0.056024 0.028045 0.004219 0.642832 0.000806
0.261558 0.013131 0.053205 0.026458 0.004144 0.640682 0.000822
0.269318 0.012238 0.050396 0.024859 0.004033 0.638316 0.000841
0.276716 0.011530 0.047854 0.023469 0.003923 0.635644 0.000864
0.284341 0.010775 0.045345 0.022081 0.003840 0.632737 0.000882
0.291987 0.010112 0.042980 0.020753 0.003707 0.629561 0.000900
0.299481 0.009508 0.040742 0.019520 0.003628 0.626216 0.000904
0.307154 0.008926 0.038500 0.018367 0.003527 0.622602 0.000924
0.314599 0.008422 0.036445 0.017222 0.003416 0.618948 0.000947
0.321952 0.007981 0.034578 0.016233 0.003328 0.614963 0.000965
0.329404 0.007507 0.032706 0.015289 0.003224 0.610900 0.000970
0.336877 0.007007 0.030912 0.014319 0.003128 0.606759 0.000997
0.344310 0.006610 0.029243 0.013501 0.003047 0.602284 0.001005
0.353340 0.006295 0.027509 0.012645 0.002954 0.596233 0.001026
0.374694 0.021517 0.025169 0.011580 0.002738 0.563317 0.000986
0.362683 0.027075 0.025093 0.011568 0.002710 0.569866 0.001006
0.369273 0.015828 0.024145 0.011059 0.002672 0.575979 0.001044
0.376216 0.013099 0.023151 0.010651 0.002597 0.573222 0.001064
0.383765 0.011343 0.022091 0.010113 0.002522 0.569091 0.001074
0.390629 0.010654 0.021302 0.009612 0.002442 0.564273 0.001088
0.398113 0.008899 0.020193 0.008981 0.002389 0.560320 0.001106
0.404771 0.008310 0.019380 0.008541 0.002303 0.555586 0.001110
0.411478 0.007808 0.018601 0.008169 0.002238 0.550577 0.001129
0.418323 0.007151 0.017764 0.007716 0.002166 0.545733 0.001147
0.424378 0.007281 0.017369 0.007581 0.002094 0.540146 0.001152
0.431963 0.005983 0.016065 0.006970 0.002011 0.535846 0.001162
0.438475 0.005666 0.015342 0.006667 0.001949 0.530728 0.001173
0.445232 0.005189 0.014477 0.006248 0.001899 0.525789 0.001165
0.451892 0.004818 0.013767 0.005871 0.001846 0.520623 0.001184
0.457727 0.004843 0.013431 0.005710 0.001777 0.515313 0.001199
0.464735 0.004228 0.012524 0.005227 0.001735 0.510346 0.001204
0.470680 0.003952 0.011940 0.004941 0.001678 0.505593 0.001215
0.477659 0.003544 0.011145 0.004531 0.001605 0.500298 0.001219
0.483727 0.003296 0.010557 0.004240 0.001564 0.495389 0.001228
0.489532 0.003177 0.010093 0.004049 0.001507 0.490414 0.001229
0.495135 0.003147 0.009896 0.003943 0.001457 0.485167 0.001253
0.500793 0.002953 0.009513 0.003809 0.001396 0.480283 0.001252
0.507255 0.002653 0.008859 0.003540 0.001338 0.475089 0.001265
0.513125 0.002429 0.008256 0.003256 0.001288 0.470365 0.001280
0.518425 0.002428 0.008087 0.003168 0.001255 0.465364 0.001274
0.524889 0.002147 0.007340 0.002844 0.001202 0.460295 0.001283
0.530175 0.002115 0.007172 0.002792 0.001149 0.455295 0.001303
0.536133 0.001962 0.006659 0.002574 0.001096 0.450265 0.001311
0.542002 0.001796 0.006188 0.002359 0.001056 0.445294 0.001304
0.547230 0.001750 0.005982 0.002291 0.001019 0.440413 0.001315
0.552430 0.001702 0.005758 0.002192 0.000987 0.435624 0.001307
0.557830 0.001583 0.005402 0.002022 0.000946 0.430892 0.001326
0.563594 0.001444 0.004963 0.001791 0.000905 0.425979 0.001324
0.568285 0.001441 0.004914 0.001783 0.000863 0.421370 0.001344
0.573757 0.001359 0.004631 0.001672 0.000833 0.416408 0.001340
0.579406 0.001254 0.004212 0.001495 0.000788 0.411484 0.001360
0.584121 0.001241 0.004084 0.001443 0.000776 0.406982 0.001352
0.588730 0.001200 0.003889 0.001388 0.000750 0.402686 0.001357
0.594225 0.001140 0.003608 0.001242 0.000713 0.397711 0.001359
0.598870 0.001115 0.003462 0.001189 0.000682 0.393336 0.001346
0.604032 0.001082 0.003254 0.001111 0.000654 0.388515 0.001354
0.608306 0.001055 0.003147 0.001083 0.000637 0.384406 0.001366
0.613366 0.001014 0.002919 0.001007 0.000616 0.379712 0.001366
0.618598 0.000956 0.002653 0.000874 0.000603 0.374957 0.001360
0.622741 0.000948 0.002626 0.000874 0.000579 0.370859 0.001372
0.627477 0.000916 0.002457 0.000819 0.000556 0.366402 0.001373
0.631531 0.000915 0.002430 0.000803 0.000532 0.362408 0.001380
0.635908 0.000900 0.002309 0.000772 0.000523 0.358204 0.001382
0.641120 0.000857 0.002080 0.000672 0.000493 0.353391 0.001387
0.644767 0.000855 0.002057 0.000668 0.000475 0.349801 0.001377
0.649465 0.000815 0.001902 0.000590 0.000456 0.345392 0.001380
0.653823 0.000806 0.001824 0.000549 0.000429 0.341187 0.001382
0.657958 0.000788 0.001715 0.000523 0.000426 0.337197 0.001393
0.662395 0.000755 0.001576 0.000466 0.000404 0.333008 0.001397
0.666431 0.000750 0.001543 0.000457 0.000388 0.329031 0.001401
0.670888 0.000726 0.001437 0.000417 0.000360 0.324781 0.001390
0.674715 0.000698 0.001339 0.000395 0.000356 0.321094 0.001402
0.678466 0.000693 0.001321 0.000369 0.000337 0.317411 0.001404
0.682571 0.000678 0.001253 0.000353 0.000329 0.313400 0.001417
0.686254 0.000665 0.001185 0.000344 0.000325 0.309819 0.001407
0.690726 0.000637 0.001093 0.000310 0.000304 0.305530 0.001401
0.693962 0.000636 0.001073 0.000308 0.000292 0.302310 0.001420
0.697395 0.000633 0.001034 0.000313 0.000287 0.298929 0.001408
0.701512 0.000625 0.000944 0.000294 0.000271 0.294941 0.001413
0.705028 0.000611 0.000913 0.000280 0.000263 0.291498 0.001408
0.708572 0.000610 0.000871 0.000261 0.000259 0.288027 0.001400
0.712015 0.000608 0.000832 0.000253 0.000247 0.284629 0.001417
0.716136 0.000594 0.000782 0.000228 0.000248 0.280597 0.001414
0.719429 0.000593 0.000747 0.000222 0.000234 0.277346 0.001429
0.722386 0.000581 0.000731 0.000223 0.000217 0.274449 0.001414
0.726357 0.000580 0.000691 0.000198 0.000206 0.270557 0.001410
0.729890 0.000565 0.000646 0.000190 0.000192 0.267084 0.001433
0.732623 0.000578 0.000626 0.000185 0.000191 0.264374 0.001423
0.736557 0.000560 0.000590 0.000167 0.000180 0.260497 0.001449
0.739163 0.000559 0.000583 0.000165 0.000174 0.257924 0.001432
0.743103 0.000551 0.000528 0.000151 0.000166 0.254070 0.001432
0.745698 0.000554 0.000517 0.000148 0.000162 0.251486 0.001435
0.748981 0.000543 0.000494 0.000141 0.000158 0.248247 0.001436
0.752049 0.000546 0.000479 0.000134 0.000152 0.245192 0.001448
0.755123 0.000546 0.000453 0.000129 0.000145 0.242172 0.001432
0.757728 0.000539 0.000437 0.000127 0.000144 0.239591 0.001433
0.760812 0.000547 0.000419 0.000116 0.000133 0.236556 0.001417
0.764261 0.000530 0.000395 0.000112 0.000134 0.233125 0.001443
0.766627 0.000528 0.000389 0.000105 0.000127 0.230792 0.001432
0.769634 0.000520 0.000374 0.000100 0.000125 0.227811 0.001437
0.772604 0.000517 0.000362 0.000099 0.000119 0.224857 0.001443
0.775238 0.000515 0.000345 0.000089 0.000108 0.222263 0.001442
0.777780 0.000510 0.000333 0.000095 0.000110 0.219735 0.001437
0.780547 0.000517 0.000321 0.000088 0.000108 0.216987 0.001433
0.783753 0.000520 0.000297 0.000083 0.000103 0.213798 0.001447
0.785987 0.000519 0.000298 0.000079 0.000101 0.211563 0.001452
0.788618 0.000516 0.000292 0.000078 0.000101 0.208959 0.001437
0.791361 0.000506 0.000275 0.000072 0.000098 0.206251 0.001438
0.793848 0.000515 0.000273 0.000068 0.000089 0.203770 0.001436
0.796160 0.000516 0.000259 0.000065 0.000088 0.201471 0.001442
0.798956 0.000504 0.000258 0.000063 0.000078 0.198669 0.001473
0.800891 0.000502 0.000262 0.000062 0.000080 0.196749 0.001454
0.803796 0.000501 0.000254 0.000062 0.000070 0.193883 0.001433
0.806356 0.000488 0.000257 0.000060 0.000071 0.191315 0.001452
0.808065 0.000475 0.000240 0.000059 0.000070 0.189647 0.001443
0.811099 0.000478 0.000237 0.000059 0.000065 0.186603 0.001460
0.812861 0.000481 0.000232 0.000059 0.000067 0.184843 0.001457
0.815273 0.000474 0.000213 0.000058 0.000060 0.182467 0.001455
0.817421 0.000475 0.000215 0.000053 0.000060 0.180333 0.001444
0.820162 0.000474 0.000226 0.000052 0.000057 0.177593 0.001436
0.822377 0.000472 0.000211 0.000054 0.000050 0.175388 0.001448
0.824336 0.000469 0.000197 0.000051 0.000052 0.173413 0.001483
0.826268 0.000484 0.000187 0.000048 0.000054 0.171491 0.001468
0.828352 0.000473 0.000198 0.000048 0.000048 0.169412 0.001469
0.830601 0.000479 0.000183 0.000043 0.000045 0.167207 0.001442
0.832470 0.000472 0.000192 0.000049 0.000045 0.165314 0.001458
0.834446 0.000463 0.000185 0.000048 0.000043 0.163357 0.001458
0.836606 0.000468 0.000187 0.000045 0.000041 0.161188 0.001466
0.838662 0.000459 0.000171 0.000047 0.000037 0.159165 0.001459
0.840762 0.000470 0.000178 0.000046 0.000038 0.157055 0.001451
0.842582 0.000476 0.000177 0.000040 0.000034 0.155242 0.001448
0.844333 0.000469 0.000174 0.000044 0.000032 0.153480 0.001468
0.846618 0.000461 0.000165 0.000045 0.000028 0.151227 0.001454
0.848508 0.000457 0.000169 0.000044 0.000025 0.149342 0.001454
0.850082 0.000462 0.000156 0.000043 0.000027 0.147786 0.001445
0.852173 0.000456 0.000148 0.000045 0.000027 0.145687 0.001464
0.853725 0.000452 0.000158 0.000041 0.000026 0.144173 0.001425
0.855711 0.000459 0.000159 0.000038 0.000022 0.142152 0.001459
0.857337 0.000464 0.000148 0.000039 0.000022 0.140514 0.001476
0.859108 0.000452 0.000148 0.000042 0.000020 0.138786 0.001444
0.860467 0.000453 0.000144 0.000044 0.000020 0.137432 0.001440
0.862368 0.000454 0.000148 0.000045 0.000018 0.135499 0.001469
0.864076 0.000464 0.000146 0.000042 0.000015 0.133812 0.001445
0.865888 0.000461 0.000146 0.000038 0.000018 0.131999 0.001450
0.867519 0.000463 0.000147 0.000038 0.000016 0.130377 0.001440
0.868726 0.000455 0.000142 0.000039 0.000015 0.129150 0.001472
0.870471 0.000451 0.000140 0.000041 0.000017 0.127409 0.001471
0.872387 0.000454 0.000138 0.000042 0.000015 0.125509 0.001455
0.873920 0.000469 0.000130 0.000043 0.000015 0.123950 0.001474
0.875505 0.000464 0.000126 0.000042 0.000013 0.122392 0.001459
0.876802 0.000463 0.000129 0.000043 0.000011 0.121129 0.001423
0.878739 0.000463 0.000127 0.000040 0.000010 0.119168 0.001453
0.880011 0.000466 0.000119 0.000041 0.000012 0.117887 0.001463
0.881152 0.000457 0.000127 0.000044 0.000012 0.116763 0.001445
0.882884 0.000458 0.000128 0.000041 0.000011 0.114989 0.001489
0.884303 0.000462 0.000122 0.000043 0.000011 0.113597 0.001461
0.885506 0.000464 0.000119 0.000041 0.000010 0.112386 0.001474
0.887274 0.000462 0.000106 0.000037 0.000009 0.110622 0.001490
0.888185 0.000461 0.000109 0.000041 0.000010 0.109736 0.001458
0.889730 0.000464 0.000110 0.000039 0.000012 0.108189 0.001457
0.890982 0.000464 0.000110 0.000045 0.000010 0.106939 0.001450
0.892431 0.000475 0.000112 0.000037 0.000012 0.105458 0.001474
0.893698 0.000472 0.000111 0.000043 0.000008 0.104197 0.001471
0.895178 0.000464 0.000111 0.000040 0.000010 0.102727 0.001469
0.896271 0.000460 0.000110 0.000043 0.000011 0.101654 0.001450
0.897426 0.000464 0.000117 0.000045 0.000010 0.100471 0.001467
0.899064 0.000464 0.000117 0.000041 0.000008 0.098823 0.001482
0.900090 0.000462 0.000117 0.000040 0.000009 0.097787 0.001494
0.901115 0.000462 0.000112 0.000037 0.000011 0.096793 0.001471
0.902092 0.000468 0.000120 0.000036 0.000010 0.095807 0.001466
0.903512 0.000469 0.000109 0.000038 0.000009 0.094399 0.001464
0.904876 0.000466 0.000119 0.000037 0.000009 0.093038 0.001454
0.905720 0.000456 0.000116 0.000039 0.000008 0.092217 0.001445
0.906686 0.000465 0.000121 0.000039 0.000009 0.091216 0.001465
0.908237 0.000455 0.000115 0.000039 0.000007 0.089721 0.001427
0.908936 0.000457 0.000114 0.000043 0.000010 0.088992 0.001448
0.910394 0.000453 0.000114 0.000039 0.000008 0.087558 0.001434
0.911355 0.000454 0.000111 0.000041 0.000007 0.086583 0.001448
0.912570 0.000465 0.000104 0.000042 0.000006 0.085342 0.001472
0.914004 0.000462 0.000107 0.000041 0.000006 0.083906 0.001474
0.914879 0.000456 0.000096 0.000044 0.000005 0.083078 0.001442
0.915797 0.000465 0.000104 0.000040 0.000005 0.082151 0.001438
0.916812 0.000471 0.000099 0.000040 0.000006 0.081114 0.001458
0.917709 0.000454 0.000109 0.000039 0.000007 0.080214 0.001468
0.918698 0.000456 0.000113 0.000043 0.000006 0.079214 0.001469
0.919554 0.000455 0.000108 0.000042 0.000007 0.078370 0.001465
0.920494 0.000451 0.000115 0.000041 0.000006 0.077420 0.001473
0.921911 0.000457 0.000107 0.000039 0.000004 0.076039 0.001444
0.922459 0.000451 0.000110 0.000037 0.000007 0.075482 0.001455
0.923627 0.000443 0.000111 0.000048 0.000004 0.074297 0.001470
0.924496 0.000446 0.000109 0.000040 0.000006 0.073433 0.001470
0.925598 0.000450 0.000106 0.000042 0.000005 0.072339 0.001460
0.926303 0.000446 0.000104 0.000044 0.000006 0.071659 0.001438
0.927013 0.000447 0.000105 0.000038 0.000006 0.070926 0.001466
0.927934 0.000444 0.000115 0.000036 0.000005 0.069996 0.001469
0.928664 0.000437 0.000109 0.000038 0.000006 0.069293 0.001453
0.929406 0.000442 0.000109 0.000036 0.000004 0.068554 0.001448
0.930361 0.000437 0.000107 0.000040 0.000005 0.067621 0.001428
0.931325 0.000449 0.000101 0.000039 0.000004 0.066674 0.001407
0.932136 0.000456 0.000106 0.000033 0.000005 0.065812 0.001452
0.933082 0.000451 0.000107 0.000030 0.000004 0.064853 0.001472
0.933722 0.000452 0.000109 0.000036 0.000003 0.064207 0.001471
0.934653 0.000452 0.000106 0.000033 0.000002 0.063305 0.001449
0.935340 0.000453 0.000097 0.000034 0.000003 0.062628 0.001445
0.936255 0.000441 0.000098 0.000040 0.000004 0.061722 0.001439
0.937053 0.000451 0.000105 0.000036 0.000002 0.060909 0.001443
0.937684 0.000457 0.000101 0.000041 0.000003 0.060248 0.001465
0.938000 0.000455 0.000110 0.000035 0.000005 0.059956 0.001441
0.939169 0.000460 0.000101 0.000037 0.000003 0.058747 0.001484
0.940053 0.000456 0.000102 0.000034 0.000003 0.057904 0.001448
0.940378 0.000460 0.000106 0.000042 0.000003 0.057562 0.001449
0.941410 0.000453 0.000102 0.000040 0.000002 0.056538 0.001456
0.941915 0.000462 0.000102 0.000041 0.000001 0.056022 0.001456
0.942804 0.000469 0.000095 0.000034 0.000001 0.055129 0.001469
0.943587 0.000452 0.000107 0.000037 0.000001 0.054356 0.001459
0.944072 0.000459 0.000109 0.000040 0.000001 0.053870 0.001450
0.944805 0.000446 0.000120 0.000042 0.000001 0.053133 0.001454
0.945489 0.000457 0.000108 0.000038 0.000001 0.052451 0.001456
0.946095 0.000458 0.000103 0.000038 0.000001 0.051850 0.001454
0.946901 0.000459 0.000104 0.000037 0.000001 0.051041 0.001457
0.947181 0.000462 0.000121 0.000039 0.000001 0.050725 0.001471
0.947914 0.000470 0.000119 0.000041 0.000001 0.050000 0.001455
0.948532 0.000466 0.000125 0.000039 0.000001 0.049386 0.001452
0.949217 0.000458 0.000122 0.000037 0.000001 0.048714 0.001452
0.949727 0.000458 0.000127 0.000042 0.000001 0.048177 0.001467
0.950324 0.000470 0.000124 0.000041 0.000002 0.047578 0.001462
0.950893 0.000467 0.000122 0.000040 0.000001 0.047005 0.001473
0.951606 0.000462 0.000124 0.000048 0.000002 0.046306 0.001452
0.952277 0.000467 0.000121 0.000038 0.000001 0.045637 0.001460
0.952849 0.000462 0.000130 0.000044 0.000001 0.045065 0.001449
0.953536 0.000471 0.000128 0.000041 0.000001 0.044359 0.001464
0.953881 0.000470 0.000126 0.000044 0.000001 0.044026 0.001453
0.954510 0.000461 0.000130 0.000043 0.000002 0.043410 0.001443
0.954866 0.000463 0.000133 0.000044 0.000001 0.043025 0.001467
0.955660 0.000469 0.000130 0.000045 0.000001 0.042226 0.001468
0.955976 0.000471 0.000127 0.000043 0.000001 0.041928 0.001455
0.956737 0.000469 0.000122 0.000042 0.000001 0.041175 0.001455
0.957295 0.000460 0.000127 0.000042 0.000001 0.040611 0.001464
0.957821 0.000465 0.000127 0.000040 0.000001 0.040089 0.001457
0.958386 0.000473 0.000134 0.000040 0.000001 0.039508 0.001458
0.958854 0.000467 0.000133 0.000041 0.000001 0.039076 0.001427
0.959407 0.000462 0.000130 0.000040 0.000001 0.038521 0.001439
0.959937 0.000460 0.000135 0.000038 0.000001 0.037949 0.001479
0.960578 0.000461 0.000120 0.000039 0.000001 0.037345 0.001455
0.960995 0.000464 0.000128 0.000039 0.000001 0.036895 0.001478
0.961532 0.000465 0.000123 0.000040 0.000001 0.036380 0.001459
0.961894 0.000456 0.000116 0.000041 0.000001 0.036031 0.001460
0.962509 0.000465 0.000117 0.000038 0.000001 0.035410 0.001461
0.962978 0.000460 0.000117 0.000038 0.000002 0.034962 0.001444
0.963484 0.000463 0.000119 0.000039 0.000002 0.034436 0.001457
0.963878 0.000448 0.000120 0.000037 0.000001 0.034049 0.001468
0.964528 0.000452 0.000113 0.000038 0.000001 0.033420 0.001448
0.964975 0.000451 0.000114 0.000038 0.000002 0.032950 0.001470
0.965337 0.000452 0.000111 0.000039 0.000002 0.032604 0.001455
0.965830 0.000450 0.000114 0.000037 0.000002 0.032113 0.001455
0.966348 0.000458 0.000122 0.000037 0.000001 0.031595 0.001439
0.966758 0.000452 0.000106 0.000041 0.000001 0.031180 0.001462
0.967307 0.000452 0.000105 0.000036 0.000001 0.030655 0.001444
0.967752 0.000455 0.000105 0.000036 0.000001 0.030192 0.001460
0.968141 0.000461 0.000108 0.000035 0.000001 0.029797 0.001456
0.968635 0.000463 0.000108 0.000036 0.000001 0.029304 0.001453
0.969018 0.000455 0.000101 0.000036 0.000001 0.028932 0.001456
0.969581 0.000458 0.000108 0.000039 0.000001 0.028360 0.001453
0.969895 0.000462 0.000108 0.000038 0.000001 0.028053 0.001442
0.970491 0.000456 0.000102 0.000041 0.000001 0.027459 0.001450
0.970906 0.000457 0.000105 0.000038 0.000001 0.027035 0.001456
0.971203 0.000463 0.000102 0.000039 0.000001 0.026736 0.001455
0.971741 0.000462 0.000101 0.000038 0.000001 0.026198 0.001459
0.972163 0.000462 0.000100 0.000039 0.000001 0.025778 0.001457
0.972645 0.000458 0.000107 0.000038 0.000001 0.025289 0.001461
0.972973 0.000461 0.000106 0.000038 0.000001 0.024964 0.001457
0.973454 0.000468 0.000110 0.000039 0.000001 0.024468 0.001460
0.973933 0.000458 0.000109 0.000038 0.000001 0.024000 0.001460
0.974379 0.000460 0.000105 0.000039 0.000001 0.023556 0.001460
0.974715 0.000464 0.000108 0.000039 0.000001 0.023204 0.001468
0.975142 0.000461 0.000108 0.000042 0.000001 0.022790 0.001456
0.975663 0.000454 0.000112 0.000044 0.000001 0.022265 0.001461
0.976080 0.000452 0.000112 0.000043 0.000001 0.021851 0.001461
0.976494 0.000455 0.000114 0.000042 0.000001 0.021432 0.001462
0.976946 0.000455 0.000110 0.000042 0.000001 0.020981 0.001464
0.977388 0.000454 0.000108 0.000042 0.000001 0.020547 0.001461
0.977771 0.000459 0.000107 0.000043 0.000002 0.020160 0.001458
0.978090 0.000462 0.000107 0.000044 0.000001 0.019841 0.001455
0.978583 0.000464 0.000109 0.000042 0.000001 0.019338 0.001462
0.978991 0.000467 0.000109 0.000043 0.000001 0.018924 0.001465
0.979419 0.000469 0.000109 0.000043 0.000001 0.018499 0.001460
0.979798 0.000466 0.000112 0.000043 0.000001 0.018120 0.001459
0.980236 0.000471 0.000112 0.000044 0.000001 0.017672 0.001463
0.980640 0.000472 0.000113 0.000043 0.000001 0.017269 0.001462
0.981051 0.000475 0.000116 0.000043 0.000001 0.016855 0.001459
0.981401 0.000472 0.000117 0.000042 0.000001 0.016508 0.001458
0.981775 0.000476 0.000119 0.000041 0.000001 0.016128 0.001460
0.982222 0.000475 0.000121 0.000039 0.000001 0.015685 0.001458
0.982572 0.000475 0.000119 0.000041 0.000001 0.015329 0.001463
0.982942 0.000475 0.000122 0.000039 0.000001 0.014965 0.001456
0.983488 0.000472 0.000125 0.000040 0.000001 0.014414 0.001461
0.983874 0.000473 0.000121 0.000039 0.000001 0.014032 0.001460
0.984225 0.000478 0.000123 0.000039 0.000001 0.013669 0.001465
0.984631 0.000471 0.000124 0.000040 0.000001 0.013272 0.001461
0.985044 0.000473 0.000127 0.000040 0.000001 0.012855 0.001460
0.985443 0.000472 0.000126 0.000043 0.000001 0.012454 0.001461
0.985831 0.000469 0.000134 0.000042 0.000001 0.012061 0.001461
0.986213 0.000480 0.000132 0.000041 0.000001 0.011672 0.001461
0.986533 0.000481 0.000137 0.000041 0.000001 0.011350 0.001456
0.986964 0.000476 0.000138 0.000041 0.000001 0.010919 0.001460
0.987326 0.000477 0.000143 0.000039 0.000001 0.010554 0.001459
0.987734 0.000481 0.000139 0.000039 0.000001 0.010145 0.001460
0.988070 0.000474 0.000148 0.000038 0.000001 0.009810 0.001459
0.988460 0.000482 0.000139 0.000035 0.000001 0.009421 0.001461
0.988819 0.000489 0.000137 0.000035 0.000001 0.009057 0.001461
0.989148 0.000488 0.000142 0.000038 0.000001 0.008725 0.001458
0.989474 0.000488 0.000143 0.000037 0.000001 0.008396 0.001460
0.989784 0.000492 0.000138 0.000037 0.000001 0.008088 0.001459
0.990208 0.000493 0.000138 0.000038 0.000001 0.007660 0.001461
0.990488 0.000492 0.000142 0.000041 0.000001 0.007376 0.001460
0.990849 0.000494 0.000142 0.000036 0.000001 0.007014 0.001463
0.991180 0.000498 0.000140 0.000036 0.000001 0.006681 0.001464
0.991483 0.000502 0.000139 0.000035 0.000001 0.006377 0.001463
0.991778 0.000513 0.000142 0.000036 0.000001 0.006067 0.001463
0.992055 0.000520 0.000134 0.000035 0.000001 0.005791 0.001465
0.992324 0.000523 0.000141 0.000036 0.000001 0.005513 0.001463
0.992603 0.000528 0.000146 0.000033 0.000001 0.005224 0.001464
0.992790 0.000545 0.000147 0.000031 0.000001 0.005023 0.001463
0.992995 0.000558 0.000159 0.000027 0.000002 0.004797 0.001463
0.993289 0.000563 0.000167 0.000028 0.000002 0.004486 0.001465
0.993525 0.000559 0.000178 0.000029 0.000001 0.004242 0.001466
0.993701 0.000567 0.000180 0.000029 0.000001 0.004058 0.001464
0.993936 0.000583 0.000177 0.000024 0.000001 0.003816 0.001463
0.994134 0.000584 0.000186 0.000028 0.000001 0.003602 0.001465
0.994297 0.000591 0.000190 0.000028 0.000001 0.003427 0.001466
0.994470 0.000606 0.000189 0.000024 0.000001 0.003245 0.001465
0.994631 0.000603 0.000199 0.000028 0.000001 0.003072 0.001466
0.994792 0.000611 0.000194 0.000023 0.000001 0.002913 0.001465
0.994946 0.000613 0.000198 0.000024 0.000001 0.002753 0.001466
0.995086 0.000620 0.000207 0.000021 0.000001 0.002599 0.001466
0.995205 0.000634 0.000210 0.000027 0.000001 0.002459 0.001465
0.995320 0.000635 0.000221 0.000026 0.000001 0.002332 0.001465
0.995421 0.000633 0.000231 0.000028 0.000002 0.002219 0.001466
0.995538 0.000627 0.000217 0.000029 0.000002 0.002123 0.001464
0.995636 0.000636 0.000210 0.000034 0.000002 0.002016 0.001467
0.995762 0.000619 0.000215 0.000029 0.000002 0.001906 0.001467
0.995853 0.000645 0.000211 0.000024 0.000003 0.001797 0.001467
0.995941 0.000637 0.000220 0.000028 0.000003 0.001706 0.001466
0.996006 0.000640 0.000220 0.000021 0.000003 0.001645 0.001465
0.996089 0.000635 0.000215 0.000025 0.000002 0.001569 0.001465
0.996149 0.000652 0.000216 0.000027 0.000002 0.001487 0.001467
0.996207 0.000662 0.000211 0.000027 0.000002 0.001425 0.001467
0.996256 0.000658 0.000217 0.000027 0.000003 0.001373 0.001466
0.996312 0.000660 0.000221 0.000027 0.000003 0.001315 0.001463
0.996361 0.000652 0.000228 0.000023 0.000003 0.001270 0.001463
0.996393 0.000663 0.000226 0.000024 0.000002 0.001229 0.001463
0.996439 0.000657 0.000229 0.000025 0.000002 0.001184 0.001464
0.996481 0.000653 0.000236 0.000026 0.000002 0.001141 0.001462
0.996515 0.000654 0.000237 0.000024 0.000001 0.001108 0.001461
0.996546 0.000664 0.000232 0.000030 0.000002 0.001064 0.001461
0.996585 0.000659 0.000232 0.000029 0.000002 0.001031 0.001463
0.996622 0.000658 0.000219 0.000028 0.000002 0.001007 0.001465
0.996633 0.000691 0.000207 0.000024 0.000001 0.000978 0.001467
0.996640 0.000679 0.000239 0.000025 0.000001 0.000952 0.001465
0.996653 0.000675 0.000233 0.000025 0.000001 0.000948 0.001466
0.996677 0.000677 0.000229 0.000022 0.000001 0.000929 0.001467
0.996668 0.000692 0.000246 0.000026 0.000001 0.000900 0.001468
0.996651 0.000677 0.000264 0.000033 0.000001 0.000906 0.001469
0.996673 0.000653 0.000256 0.000038 0.000001 0.000906 0.001473
0.996699 0.000659 0.000244 0.000034 0.000001 0.000889 0.001474
0.996694 0.000684 0.000229 0.000034 0.000000 0.000884 0.001475
0.996702 0.000675 0.000246 0.000039 0.000000 0.000865 0.001473
0.996701 0.000683 0.000246 0.000031 0.000001 0.000863 0.001474
0.996710 0.000685 0.000244 0.000029 0.000002 0.000857 0.001473
0.996692 0.000708 0.000240 0.000025 0.000002 0.000854 0.001479
0.996707 0.000672 0.000270 0.000032 0.000002 0.000842 0.001476
0.996700 0.000688 0.000253 0.000032 0.000001 0.000851 0.001476
0.996694 0.000686 0.000258 0.000035 0.000001 0.000844 0.001482
0.996700 0.000686 0.000268 0.000029 0.000001 0.000836 0.001480
0.996708 0.000675 0.000272 0.000036 0.000001 0.000830 0.001479
0.996734 0.000672 0.000257 0.000032 0.000003 0.000822 0.001481
0.996737 0.000682 0.000254 0.000035 0.000002 0.000807 0.001483
0.996743 0.000692 0.000255 0.000029 0.000003 0.000798 0.001481
0.996728 0.000695 0.000258 0.000035 0.000001 0.000800 0.001484
0.996719 0.000693 0.000268 0.000036 0.000001 0.000796 0.001487
0.996712 0.000694 0.000265 0.000029 0.000002 0.000813 0.001486
0.996691 0.000691 0.000273 0.000031 0.000002 0.000821 0.001490
0.996692 0.000679 0.000268 0.000038 0.000002 0.000831 0.001490
0.996713 0.000666 0.000270 0.000036 0.000002 0.000826 0.001488
0.996712 0.000672 0.000262 0.000029 0.000002 0.000836 0.001488
0.996703 0.000696 0.000253 0.000022 0.000002 0.000833 0.001491
0.996719 0.000673 0.000260 0.000024 0.000001 0.000837 0.001486
0.996708 0.000670 0.000255 0.000031 0.000001 0.000847 0.001488
0.996702 0.000679 0.000278 0.000028 0.000001 0.000827 0.001485
0.996683 0.000695 0.000267 0.000028 0.000002 0.000844 0.001482
0.996687 0.000681 0.000277 0.000029 0.000002 0.000847 0.001477
0.996692 0.000695 0.000263 0.000031 0.000002 0.000840 0.001476
0.996688 0.000715 0.000264 0.000022 0.000002 0.000831 0.001479
0.996665 0.000700 0.000292 0.000021 0.000002 0.000833 0.001486
0.996649 0.000701 0.000283 0.000036 0.000002 0.000843 0.001486
0.996636 0.000701 0.000280 0.000029 0.000000 0.000880 0.001474
0.996643 0.000693 0.000270 0.000026 0.000000 0.000904 0.001464
0.996631 0.000713 0.000274 0.000026 0.000001 0.000891 0.001465
0.996611 0.000713 0.000277 0.000038 0.000000 0.000894 0.001467
0.996612 0.000689 0.000278 0.000035 0.000000 0.000922 0.001463
0.996611 0.000687 0.000260 0.000033 0.000001 0.000934 0.001473
0.996614 0.000698 0.000239 0.000040 0.000000 0.000931 0.001478
0.996644 0.000679 0.000258 0.000034 0.000000 0.000904 0.001480
0.996652 0.000682 0.000258 0.000030 0.000000 0.000902 0.001476
0.996646 0.000691 0.000260 0.000030 0.000000 0.000889 0.001483
0.996621 0.000681 0.000286 0.000031 0.000000 0.000891 0.001490
0.996586 0.000710 0.000271 0.000028 0.000000 0.000911 0.001494
0.996576 0.000710 0.000258 0.000032 0.000000 0.000934 0.001491
0.996548 0.000708 0.000285 0.000022 0.000000 0.000950 0.001488
0.996549 0.000714 0.000293 0.000024 0.000000 0.000937 0.001484
0.996527 0.000703 0.000300 0.000030 0.000000 0.000957 0.001484
0.996514 0.000697 0.000282 0.000037 0.000000 0.000983 0.001487
0.996522 0.000683 0.000280 0.000037 0.000000 0.000992 0.001487
0.996542 0.000700 0.000270 0.000037 0.000001 0.000967 0.001483
0.996533 0.000693 0.000281 0.000032 0.000001 0.000976 0.001483
0.996537 0.000689 0.000274 0.000037 0.000000 0.000986 0.001477
0.996553 0.000707 0.000268 0.000032 0.000000 0.000975 0.001466
0.996524 0.000730 0.000270 0.000036 0.000000 0.000969 0.001472
0.996526 0.000726 0.000265 0.000036 0.000000 0.000969 0.001479
0.996516 0.000715 0.000258 0.000044 0.000000 0.000990 0.001477
0.996541 0.000716 0.000266 0.000038 0.000001 0.000964 0.001473
0.996529 0.000731 0.000279 0.000033 0.000001 0.000948 0.001480
0.996507 0.000744 0.000288 0.000030 0.000000 0.000950 0.001480
0.996500 0.000752 0.000282 0.000023 0.000000 0.000970 0.001473
0.996486 0.000761 0.000261 0.000026 0.000000 0.000994 0.001472
0.996467 0.000744 0.000308 0.000038 0.000000 0.000966 0.001478
0.996467 0.000742 0.000303 0.000044 0.000000 0.000968 0.001476
0.996476 0.000734 0.000288 0.000039 0.000003 0.000985 0.001475
0.996467 0.000716 0.000305 0.000049 0.000003 0.000977 0.001482
0.996474 0.000707 0.000308 0.000041 0.000001 0.000987 0.001482
0.996478 0.000719 0.000306 0.000034 0.000003 0.000979 0.001480
0.996457 0.000749 0.000287 0.000038 0.000003 0.000994 0.001473
0.996453 0.000747 0.000306 0.000041 0.000003 0.000982 0.001468
0.996396 0.000731 0.000316 0.000050 0.000006 0.001036 0.001465
0.996374 0.000722 0.000332 0.000044 0.000004 0.001057 0.001467
0.996405 0.000703 0.000327 0.000048 0.000003 0.001048 0.001466
0.996412 0.000695 0.000328 0.000034 0.000003 0.001056 0.001473
0.996450 0.000691 0.000284 0.000038 0.000001 0.001061 0.001475
0.996440 0.000733 0.000254 0.000041 0.000002 0.001059 0.001471
0.996459 0.000710 0.000269 0.000034 0.000003 0.001056 0.001468
0.996417 0.000749 0.000249 0.000034 0.000000 0.001073 0.001478
0.996407 0.000743 0.000292 0.000036 0.000000 0.001044 0.001479
0.996372 0.000775 0.000288 0.000033 0.000000 0.001061 0.001471
0.996405 0.000728 0.000311 0.000053 0.000000 0.001032 0.001471
0.996413 0.000721 0.000316 0.000044 0.000000 0.001035 0.001471
0.996397 0.000736 0.000334 0.000043 0.000000 0.001016 0.001475
0.996381 0.000749 0.000353 0.000037 0.000000 0.001004 0.001475
0.996362 0.000751 0.000360 0.000037 0.000000 0.001014 0.001475
0.996333 0.000727 0.000400 0.000043 0.000000 0.001017 0.001479
0.996350 0.000720 0.000382 0.000033 0.000002 0.001048 0.001465
0.996311 0.000777 0.000362 0.000025 0.000005 0.001060 0.001460
0.996310 0.000769 0.000358 0.000035 0.000005 0.001062 0.001461
0.996312 0.000751 0.000379 0.000035 0.000004 0.001063 0.001456
0.996315 0.000745 0.000364 0.000039 0.000004 0.001064 0.001468
0.996280 0.000766 0.000389 0.000028 0.000004 0.001064 0.001469
0.996286 0.000747 0.000368 0.000028 0.000004 0.001098 0.001469
0.996260 0.000751 0.000355 0.000033 0.000002 0.001125 0.001474
0.996232 0.000760 0.000393 0.000031 0.000002 0.001107 0.001475
0.996240 0.000723 0.000403 0.000038 0.000002 0.001132 0.001462
0.996231 0.000741 0.000366 0.000042 0.000000 0.001164 0.001456
0.996222 0.000769 0.000352 0.000036 0.000000 0.001166 0.001455
0.996209 0.000782 0.000330 0.000032 0.000000 0.001181 0.001467
0.996202 0.000769 0.000325 0.000042 0.000000 0.001190 0.001471
0.996215 0.000738 0.000353 0.000043 0.000002 0.001179 0.001470
0.996200 0.000761 0.000348 0.000047 0.000002 0.001179 0.001463
0.996195 0.000755 0.000367 0.000038 0.000002 0.001177 0.001465
0.996182 0.000772 0.000368 0.000036 0.000002 0.001176 0.001464
0.996222 0.000731 0.000395 0.000032 0.000002 0.001158 0.001460
0.996206 0.000736 0.000345 0.000045 0.000000 0.001205 0.001462
0.996211 0.000723 0.000357 0.000049 0.000000 0.001207 0.001454
0.996224 0.000732 0.000330 0.000049 0.000000 0.001231 0.001434
0.996240 0.000715 0.000301 0.000043 0.000000 0.001266 0.001435
0.996260 0.000728 0.000285 0.000028 0.000000 0.001270 0.001429
0.996284 0.000706 0.000298 0.000035 0.000000 0.001240 0.001436
0.996278 0.000710 0.000278 0.000037 0.000002 0.001266 0.001428
0.996277 0.000700 0.000308 0.000034 0.000000 0.001253 0.001427
0.996303 0.000692 0.000287 0.000037 0.000000 0.001255 0.001425
0.996279 0.000717 0.000298 0.000050 0.000002 0.001224 0.001429
0.996288 0.000715 0.000305 0.000039 0.000003 0.001228 0.001423
0.996294 0.000731 0.000310 0.000033 0.000000 0.001206 0.001425
0.996279 0.000748 0.000302 0.000047 0.000000 0.001188 0.001435
0.996234 0.000747 0.000323 0.000032 0.000000 0.001221 0.001443
0.996238 0.000762 0.000322 0.000024 0.000000 0.001216 0.001438
0.996201 0.000793 0.000306 0.000030 0.000000 0.001239 0.001431
0.996178 0.000764 0.000371 0.000033 0.000000 0.001228 0.001428
0.996152 0.000770 0.000322 0.000047 0.000000 0.001282 0.001426
0.996118 0.000778 0.000346 0.000059 0.000000 0.001276 0.001424
0.996138 0.000730 0.000371 0.000059 0.000000 0.001279 0.001424
0.996075 0.000776 0.000335 0.000057 0.000000 0.001326 0.001430
0.996116 0.000730 0.000349 0.000051 0.000000 0.001320 0.001434
0.996190 0.000687 0.000341 0.000057 0.000000 0.001292 0.001434
0.996137 0.000740 0.000312 0.000046 0.000000 0.001318 0.001447
0.996160 0.000734 0.000321 0.000055 0.000000 0.001283 0.001447
0.996092 0.000786 0.000306 0.000051 0.000000 0.001316 0.001449
0.996064 0.000796 0.000315 0.000037 0.000000 0.001334 0.001454
0.996011 0.000796 0.000347 0.000046 0.000000 0.001350 0.001450
0.995962 0.000829 0.000365 0.000043 0.000000 0.001350 0.001450
0.995961 0.000849 0.000353 0.000040 0.000003 0.001344 0.001450
0.995895 0.000883 0.000340 0.000053 0.000000 0.001381 0.001448
0.995951 0.000803 0.000395 0.000054 0.000000 0.001351 0.001447
0.995976 0.000792 0.000375 0.000060 0.000000 0.001348 0.001447
0.995935 0.000794 0.000390 0.000061 0.000000 0.001377 0.001442
0.995978 0.000771 0.000378 0.000065 0.000000 0.001366 0.001442
0.995942 0.000765 0.000410 0.000055 0.000000 0.001386 0.001442
0.995957 0.000755 0.000409 0.000057 0.000000 0.001381 0.001441
0.995963 0.000747 0.000413 0.000050 0.000000 0.001391 0.001436
0.995957 0.000744 0.000442 0.000044 0.000000 0.001375 0.001437
0.995936 0.000755 0.000414 0.000044 0.000000 0.001413 0.001437
0.995899 0.000772 0.000411 0.000051 0.000000 0.001440 0.001427
0.995881 0.000737 0.000425 0.000048 0.000000 0.001486 0.001424
0.995904 0.000760 0.000375 0.000045 0.000000 0.001494 0.001421
0.995912 0.000746 0.000382 0.000035 0.000000 0.001494 0.001430
0.995865 0.000798 0.000335 0.000039 0.000000 0.001531 0.001431
0.995848 0.000776 0.000353 0.000043 0.000000 0.001549 0.001431
0.995844 0.000759 0.000347 0.000033 0.000000 0.001573 0.001443
0.995855 0.000781 0.000310 0.000040 0.000000 0.001570 0.001443
0.995891 0.000762 0.000320 0.000041 0.000000 0.001535 0.001451
0.995869 0.000749 0.000352 0.000034 0.000000 0.001548 0.001448
0.995902 0.000783 0.000341 0.000022 0.000000 0.001503 0.001448
0.995921 0.000776 0.000309 0.000041 0.000000 0.001514 0.001437
0.995941 0.000748 0.000357 0.000035 0.000000 0.001477 0.001442
0.995920 0.000738 0.000401 0.000040 0.000000 0.001445 0.001457
0.995889 0.000791 0.000369 0.000044 0.000000 0.001449 0.001458
0.995922 0.000775 0.000342 0.000032 0.000000 0.001471 0.001458
0.995955 0.000751 0.000333 0.000036 0.000004 0.001461 0.001459
0.995872 0.000769 0.000297 0.000036 0.000004 0.001550 0.001472
0.995865 0.000758 0.000294 0.000037 0.000004 0.001558 0.001483
0.995812 0.000828 0.000334 0.000041 0.000004 0.001497 0.001483
0.995814 0.000785 0.000370 0.000029 0.000000 0.001533 0.001469
0.995794 0.000788 0.000368 0.000030 0.000000 0.001562 0.001459
0.995823 0.000756 0.000375 0.000043 0.000000 0.001547 0.001455
0.995834 0.000777 0.000370 0.000035 0.000000 0.001528 0.001456
0.995843 0.000755 0.000353 0.000034 0.000000 0.001559 0.001456
0.995889 0.000724 0.000385 0.000027 0.000000 0.001499 0.001477
0.995862 0.000769 0.000388 0.000037 0.000000 0.001462 0.001482
0.995852 0.000768 0.000396 0.000042 0.000000 0.001458 0.001484
0.995797 0.000818 0.000360 0.000028 0.000000 0.001514 0.001484
0.995803 0.000795 0.000350 0.000028 0.000000 0.001530 0.001495
0.995787 0.000794 0.000363 0.000037 0.000000 0.001512 0.001506
0.995735 0.000843 0.000372 0.000037 0.000000 0.001507 0.001506
0.995777 0.000820 0.000372 0.000038 0.000000 0.001487 0.001506
0.995788 0.000804 0.000425 0.000048 0.000000 0.001437 0.001498
0.995709 0.000865 0.000382 0.000039 0.000000 0.001501 0.001504
0.995677 0.000859 0.000431 0.000044 0.000000 0.001483 0.001506
0.995673 0.000819 0.000441 0.000059 0.000000 0.001499 0.001508
0.995638 0.000849 0.000406 0.000064 0.000000 0.001535 0.001508
0.995625 0.000842 0.000422 0.000055 0.000000 0.001541 0.001515
0.995599 0.000799 0.000435 0.000055 0.000000 0.001598 0.001515
0.995627 0.000767 0.000420 0.000040 0.000000 0.001635 0.001512
0.995615 0.000749 0.000407 0.000057 0.000000 0.001667 0.001505
0.995676 0.000713 0.000412 0.000063 0.000000 0.001653 0.001482
0.995657 0.000765 0.000400 0.000075 0.000000 0.001614 0.001489
0.995551 0.000806 0.000405 0.000071 0.000006 0.001669 0.001493
0.995616 0.000730 0.000449 0.000082 0.000006 0.001626 0.001493
0.995621 0.000738 0.000375 0.000080 0.000000 0.001709 0.001477
0.995598 0.000788 0.000357 0.000070 0.000006 0.001696 0.001485
0.995609 0.000771 0.000403 0.000041 0.000006 0.001685 0.001485
0.995581 0.000803 0.000385 0.000048 0.000006 0.001700 0.001477
0.995557 0.000850 0.000389 0.000043 0.000006 0.001669 0.001485
0.995549 0.000810 0.000456 0.000045 0.000007 0.001650 0.001484
0.995478 0.000809 0.000455 0.000046 0.000007 0.001706 0.001499
0.995472 0.000815 0.000443 0.000052 0.000007 0.001713 0.001499
0.995570 0.000760 0.000450 0.000053 0.000007 0.001667 0.001494
0.995606 0.000763 0.000407 0.000040 0.000000 0.001677 0.001505
0.995619 0.000762 0.000387 0.000041 0.000000 0.001682 0.001508
0.995567 0.000786 0.000381 0.000056 0.000000 0.001706 0.001504
0.995643 0.000765 0.000360 0.000076 0.000000 0.001651 0.001504
0.995651 0.000786 0.000367 0.000055 0.000000 0.001637 0.001504
0.995631 0.000800 0.000303 0.000062 0.000000 0.001700 0.001504
0.995639 0.000840 0.000367 0.000056 0.000000 0.001594 0.001504
0.995657 0.000810 0.000400 0.000057 0.000000 0.001568 0.001509
0.995613 0.000818 0.000370 0.000064 0.000000 0.001626 0.001509
0.995527 0.000840 0.000420 0.000064 0.000000 0.001640 0.001509
0.995556 0.000782 0.000435 0.000057 0.000000 0.001660 0.001509
0.995592 0.000782 0.000393 0.000057 0.000000 0.001666 0.001509
0.995653 0.000728 0.000412 0.000059 0.000000 0.001648 0.001500
0.995657 0.000733 0.000366 0.000045 0.000000 0.001674 0.001525
0.995625 0.000797 0.000332 0.000031 0.000000 0.001670 0.001547
0.995597 0.000763 0.000384 0.000039 0.000000 0.001667 0.001549
0.995549 0.000810 0.000384 0.000032 0.000000 0.001657 0.001569
0.995417 0.000820 0.000465 0.000025 0.000000 0.001692 0.001581
