0.972742 0.026636 0.000395 0.000223 0.000000 0.000005 0.000000
0.946768 0.051936 0.000818 0.000460 0.000000 0.000018 0.000000
0.938968 0.059521 0.000947 0.000550 0.000000 0.000015 0.000000
0.931076 0.067142 0.001127 0.000637 0.000000 0.000018 0.000000
0.924710 0.073313 0.001258 0.000695 0.000000 0.000024 0.000000
0.914490 0.083215 0.001463 0.000801 0.000000 0.000032 0.000000
0.904152 0.093225 0.001659 0.000924 0.000000 0.000040 0.000000
0.895005 0.102061 0.001856 0.001039 0.000000 0.000038 0.000000
0.883173 0.113510 0.002114 0.001163 0.000000 0.000040 0.000000
0.871337 0.124893 0.002397 0.001319 0.000000 0.000054 0.000000
0.859720 0.136103 0.002653 0.001462 0.000000 0.000061 0.000000
0.846364 0.149007 0.002938 0.001615 0.000000 0.000076 0.000000
0.832738 0.162092 0.003284 0.001795 0.000000 0.000091 0.000000
0.819923 0.174374 0.003609 0.001989 0.000000 0.000104 0.000000
0.804861 0.188846 0.003962 0.002211 0.000001 0.000119 0.000000
0.791101 0.201986 0.004358 0.002422 0.000001 0.000132 0.000000
0.776708 0.215811 0.004724 0.002614 0.000001 0.000141 0.000000
0.761813 0.230018 0.005166 0.002851 0.000001 0.000151 0.000000
0.746802 0.244297 0.005587 0.003150 0.000001 0.000162 0.000000
0.733742 0.256763 0.005956 0.003355 0.000001 0.000184 0.000000
0.718851 0.270916 0.006409 0.003597 0.000001 0.000225 0.000000
0.705848 0.283214 0.006898 0.003791 0.000001 0.000247 0.000000
0.690375 0.297794 0.007419 0.004128 0.000001 0.000283 0.000000
0.675447 0.311889 0.007919 0.004429 0.000001 0.000314 0.000000
0.661973 0.324556 0.008380 0.004759 0.000003 0.000330 0.000000
0.646627 0.338877 0.008953 0.005178 0.000004 0.000360 0.000000
0.633213 0.351348 0.009530 0.005516 0.000006 0.000386 0.000000
0.619436 0.364105 0.010158 0.005878 0.000008 0.000414 0.000000
0.606144 0.376506 0.010690 0.006192 0.000008 0.000460 0.000000
0.592025 0.389550 0.011376 0.006563 0.000007 0.000479 0.000000
0.579642 0.400929 0.012023 0.006899 0.000010 0.000497 0.000000
0.568203 0.411424 0.012568 0.007263 0.000011 0.000531 0.000000
0.554096 0.424339 0.013309 0.007674 0.000011 0.000571 0.000000
0.540122 0.437037 0.014141 0.008086 0.000012 0.000602 0.000000
0.530143 0.446075 0.014678 0.008441 0.000012 0.000650 0.000000
0.516823 0.458060 0.015475 0.008919 0.000014 0.000709 0.000000
0.507193 0.466670 0.016080 0.009283 0.000013 0.000760 0.000000
0.492381 0.479938 0.017020 0.009831 0.000012 0.000818 0.000000
0.484277 0.487079 0.017597 0.010180 0.000014 0.000853 0.000000
0.471855 0.498134 0.018448 0.010626 0.000014 0.000923 0.000000
0.462046 0.506649 0.019193 0.011125 0.000014 0.000973 0.000000
0.452607 0.514795 0.020035 0.011529 0.000014 0.001021 0.000000
0.439974 0.525762 0.021038 0.012107 0.000014 0.001106 0.000000
0.429893 0.534367 0.021917 0.012632 0.000014 0.001176 0.000000
0.419057 0.543568 0.022881 0.013199 0.000015 0.001281 0.000000
0.412264 0.549110 0.023650 0.013608 0.000017 0.001351 0.000000
0.399606 0.559971 0.024724 0.014228 0.000018 0.001452 0.000000
0.393671 0.564515 0.025550 0.014701 0.000019 0.001545 0.000000
0.383095 0.573347 0.026654 0.015263 0.000019 0.001622 0.000000
0.376640 0.578319 0.027495 0.015801 0.000023 0.001721 0.000000
0.366866 0.586484 0.028482 0.016369 0.000025 0.001774 0.000000
0.357599 0.593957 0.029578 0.016937 0.000024 0.001904 0.000000
0.352224 0.597775 0.030418 0.017534 0.000024 0.002025 0.000000
0.342663 0.605201 0.031714 0.018239 0.000027 0.002156 0.000000
0.336875 0.609442 0.032674 0.018721 0.000032 0.002256 0.000000
0.329292 0.615023 0.033837 0.019416 0.000032 0.002401 0.000000
0.325170 0.617849 0.034583 0.019845 0.000037 0.002517 0.000000
0.315785 0.625001 0.035953 0.020583 0.000036 0.002642 0.000000
0.309668 0.629117 0.037170 0.021179 0.000038 0.002828 0.000000
0.301835 0.634882 0.038376 0.021881 0.000038 0.002987 0.000000
0.294279 0.640340 0.039626 0.022602 0.000041 0.003112 0.000000
0.290928 0.642278 0.040431 0.023094 0.000039 0.003229 0.000000
0.286868 0.644870 0.041254 0.023621 0.000040 0.003347 0.000000
0.276699 0.652039 0.043064 0.024571 0.000045 0.003582 0.000000
0.272172 0.654545 0.044232 0.025261 0.000050 0.003741 0.000000
0.262178 0.661795 0.045901 0.026114 0.000052 0.003960 0.000000
0.262027 0.660595 0.046594 0.026612 0.000052 0.004120 0.000000
0.250830 0.668749 0.048410 0.027599 0.000059 0.004353 0.000000
0.249841 0.668532 0.049084 0.027983 0.000055 0.004505 0.000000
0.246700 0.669814 0.050232 0.028521 0.000058 0.004675 0.000000
0.235813 0.676817 0.052539 0.029759 0.000059 0.005012 0.000000
0.233912 0.676710 0.053559 0.030508 0.000060 0.005250 0.000000
0.226899 0.680928 0.055194 0.031417 0.000064 0.005498 0.000000
0.223495 0.682891 0.056105 0.031796 0.000065 0.005648 0.000000
0.218057 0.685587 0.057554 0.032802 0.000067 0.005934 0.000000
0.211501 0.688997 0.059356 0.033862 0.000066 0.006218 0.000000
0.208938 0.689459 0.060474 0.034571 0.000072 0.006486 0.000000
0.201613 0.693951 0.062194 0.035443 0.000071 0.006728 0.000000
0.198397 0.694661 0.063603 0.036187 0.000082 0.007071 0.000000
0.193552 0.696869 0.065177 0.036980 0.000081 0.007341 0.000000
0.192035 0.696485 0.066128 0.037675 0.000084 0.007593 0.000000
0.188021 0.697408 0.067889 0.038675 0.000085 0.007922 0.000000
0.181422 0.701133 0.069473 0.039624 0.000089 0.008258 0.000000
0.175888 0.703175 0.071495 0.040669 0.000092 0.008681 0.000000
0.176329 0.701768 0.071960 0.040982 0.000096 0.008865 0.000000
0.172293 0.702856 0.073619 0.041961 0.000098 0.009173 0.000000
0.166846 0.704755 0.075556 0.043152 0.000103 0.009588 0.000000
0.162122 0.706935 0.076990 0.043893 0.000113 0.009948 0.000000
0.166743 0.701581 0.077344 0.044039 0.000114 0.010179 0.000000
0.159933 0.703946 0.079854 0.045475 0.000119 0.010673 0.000000
0.153203 0.707605 0.081594 0.046449 0.000135 0.011013 0.000000
0.152043 0.706175 0.082989 0.047229 0.000139 0.011426 0.000000
0.156114 0.701621 0.083210 0.047392 0.000140 0.011523 0.000000
0.147500 0.705531 0.085868 0.048827 0.000141 0.012133 0.000000
0.146604 0.704574 0.086791 0.049447 0.000150 0.012434 0.000000
0.136669 0.709026 0.089915 0.051087 0.000161 0.013141 0.000000
0.138089 0.705564 0.090953 0.051749 0.000158 0.013486 0.000000
0.138045 0.704081 0.091676 0.052247 0.000164 0.013786 0.000000
0.134173 0.704694 0.093554 0.053193 0.000161 0.014224 0.000000
0.135054 0.701978 0.094476 0.053711 0.000171 0.014610 0.000000
0.131071 0.703126 0.096136 0.054515 0.000169 0.014983 0.000000
0.128957 0.701756 0.097903 0.055689 0.000178 0.015517 0.000000
0.127780 0.702015 0.098380 0.055988 0.000180 0.015658 0.000000
0.126198 0.699410 0.100757 0.057154 0.000194 0.016287 0.000000
0.125982 0.697334 0.101912 0.057871 0.000201 0.016698 0.000000
0.123535 0.697340 0.103212 0.058506 0.000203 0.017204 0.000000
0.126646 0.693275 0.103615 0.058816 0.000205 0.017444 0.000000
0.123759 0.692502 0.105631 0.059801 0.000210 0.018098 0.000000
0.121497 0.692706 0.106597 0.060492 0.000217 0.018491 0.000000
0.119707 0.693326 0.107099 0.060887 0.000226 0.018755 0.000000
0.114682 0.694706 0.109088 0.061927 0.000225 0.019372 0.000000
0.115161 0.690788 0.110911 0.062884 0.000237 0.020019 0.000000
0.106806 0.694489 0.113260 0.064457 0.000236 0.020752 0.000000
0.108808 0.691138 0.114016 0.064592 0.000246 0.021200 0.000000
0.104772 0.691361 0.116015 0.065821 0.000247 0.021783 0.000000
0.103194 0.691345 0.116837 0.066255 0.000251 0.022119 0.000000
0.100318 0.690602 0.118566 0.067440 0.000276 0.022797 0.000000
0.094021 0.693347 0.120412 0.068566 0.000287 0.023367 0.000000
0.090653 0.692532 0.122583 0.069725 0.000290 0.024217 0.000000
0.089043 0.691245 0.123975 0.070520 0.000307 0.024910 0.000000
0.087086 0.692803 0.124375 0.070503 0.000293 0.024940 0.000000
0.084639 0.691652 0.125941 0.071612 0.000313 0.025843 0.000000
0.080083 0.692855 0.127715 0.072667 0.000326 0.026354 0.000000
0.074085 0.692846 0.130902 0.074512 0.000339 0.027315 0.000000
0.076018 0.691500 0.130449 0.074209 0.000321 0.027503 0.000000
0.069186 0.692187 0.133729 0.076003 0.000332 0.028563 0.000000
0.065409 0.691699 0.135920 0.077268 0.000345 0.029359 0.000000
0.063479 0.690471 0.137493 0.078268 0.000352 0.029937 0.000000
0.060648 0.689608 0.139537 0.079123 0.000353 0.030731 0.000000
0.061779 0.686178 0.140700 0.079796 0.000368 0.031179 0.000001
0.057500 0.687679 0.141906 0.080696 0.000374 0.031844 0.000001
0.058637 0.684273 0.142925 0.081298 0.000388 0.032478 0.000001
0.055717 0.683376 0.144831 0.082460 0.000395 0.033220 0.000001
0.052583 0.682055 0.147202 0.083541 0.000390 0.034228 0.000001
0.051029 0.679155 0.149622 0.084723 0.000419 0.035053 0.000001
0.053994 0.677020 0.148882 0.084448 0.000432 0.035223 0.000002
0.049609 0.676926 0.151056 0.085834 0.000432 0.036142 0.000001
0.049756 0.672012 0.153445 0.086968 0.000447 0.037370 0.000001
0.050370 0.669368 0.154528 0.087482 0.000445 0.037805 0.000002
0.049601 0.668161 0.155317 0.088162 0.000461 0.038296 0.000001
0.049294 0.664899 0.156904 0.089077 0.000473 0.039353 0.000001
0.047776 0.663277 0.158511 0.089793 0.000486 0.040157 0.000001
0.046060 0.661712 0.160166 0.090701 0.000498 0.040862 0.000001
0.050537 0.657672 0.159686 0.090608 0.000513 0.040982 0.000002
0.045505 0.655391 0.163625 0.092330 0.000523 0.042624 0.000001
0.054337 0.649037 0.161984 0.091591 0.000511 0.042537 0.000002
0.056014 0.645042 0.163069 0.092220 0.000528 0.043125 0.000002
0.053814 0.645069 0.163937 0.092906 0.000533 0.043739 0.000003
0.053564 0.644289 0.164494 0.092953 0.000552 0.044146 0.000001
0.054098 0.641937 0.165202 0.093410 0.000551 0.044800 0.000002
0.051482 0.639436 0.167584 0.094773 0.000582 0.046143 0.000001
0.052667 0.636872 0.168223 0.095114 0.000570 0.046552 0.000002
0.048708 0.637134 0.169886 0.096103 0.000577 0.047590 0.000002
0.057011 0.630413 0.168779 0.095506 0.000584 0.047704 0.000002
0.054194 0.630549 0.170060 0.096279 0.000595 0.048321 0.000002
0.050542 0.630713 0.171912 0.097087 0.000606 0.049138 0.000002
0.050446 0.625235 0.174251 0.098770 0.000625 0.050671 0.000003
0.048847 0.625928 0.174688 0.098870 0.000620 0.051044 0.000002
0.053305 0.621845 0.174349 0.098606 0.000642 0.051251 0.000002
0.046617 0.622424 0.177363 0.100124 0.000645 0.052825 0.000002
0.049832 0.619542 0.176732 0.100203 0.000652 0.053036 0.000003
0.050668 0.616790 0.177764 0.100455 0.000676 0.053645 0.000002
0.047106 0.617468 0.178936 0.101208 0.000685 0.054594 0.000002
0.047384 0.614010 0.180543 0.101770 0.000702 0.055588 0.000004
0.041018 0.617446 0.181864 0.102912 0.000696 0.056060 0.000004
0.043442 0.611417 0.183297 0.103635 0.000727 0.057478 0.000004
0.042008 0.610623 0.184251 0.104192 0.000722 0.058202 0.000003
0.042590 0.609617 0.184103 0.104157 0.000732 0.058797 0.000004
0.041705 0.607808 0.185566 0.104805 0.000744 0.059367 0.000004
0.039074 0.604416 0.187933 0.106452 0.000775 0.061345 0.000004
0.039037 0.604274 0.188002 0.106263 0.000771 0.061649 0.000004
0.036986 0.602204 0.190060 0.107407 0.000769 0.062568 0.000005
0.036085 0.603001 0.189714 0.107533 0.000800 0.062863 0.000004
0.036286 0.599602 0.191177 0.108085 0.000806 0.064041 0.000004
0.034257 0.598308 0.192778 0.108832 0.000830 0.064991 0.000004
0.032129 0.597537 0.193881 0.109763 0.000817 0.065869 0.000004
0.032533 0.595179 0.194549 0.110173 0.000823 0.066739 0.000004
0.035894 0.590997 0.194843 0.110163 0.000846 0.067253 0.000005
0.037026 0.588599 0.195299 0.110220 0.000843 0.068007 0.000006
0.036581 0.586374 0.196305 0.111060 0.000836 0.068840 0.000004
0.033548 0.586204 0.197549 0.111827 0.000871 0.069996 0.000005
0.033808 0.582591 0.199177 0.112328 0.000913 0.071179 0.000005
0.033748 0.582104 0.199182 0.112558 0.000892 0.071510 0.000005
0.036331 0.578031 0.199549 0.112838 0.000934 0.072312 0.000005
0.034145 0.576942 0.201375 0.113431 0.000918 0.073182 0.000007
0.028820 0.575007 0.204547 0.115470 0.000917 0.075234 0.000005
0.033185 0.574320 0.202322 0.114545 0.000909 0.074714 0.000005
0.035352 0.568975 0.203752 0.115008 0.000951 0.075956 0.000006
0.034203 0.568257 0.204409 0.115630 0.000969 0.076526 0.000006
0.030447 0.568995 0.205547 0.116205 0.000967 0.077832 0.000007
0.030696 0.565018 0.207349 0.116866 0.001002 0.079066 0.000004
0.029850 0.564764 0.207482 0.117092 0.001025 0.079782 0.000004
0.028067 0.563392 0.208559 0.118056 0.001024 0.080897 0.000005
0.028221 0.561183 0.209442 0.118373 0.001039 0.081736 0.000006
0.028125 0.561809 0.209073 0.118334 0.001020 0.081633 0.000006
0.026094 0.558256 0.211483 0.119516 0.001068 0.083578 0.000005
0.026159 0.555754 0.212324 0.120165 0.001069 0.084524 0.000005
0.023916 0.556885 0.212829 0.120270 0.001071 0.085023 0.000006
0.022913 0.554292 0.214292 0.121235 0.001087 0.086178 0.000004
0.022489 0.552158 0.215366 0.121635 0.001115 0.087231 0.000006
0.021385 0.550589 0.216065 0.122338 0.001103 0.088513 0.000007
0.020363 0.548066 0.217552 0.123046 0.001133 0.089834 0.000005
0.019762 0.545990 0.218638 0.123504 0.001157 0.090942 0.000007
0.019966 0.545400 0.218744 0.123622 0.001177 0.091084 0.000006
0.019315 0.541974 0.220277 0.124294 0.001181 0.092953 0.000006
0.018346 0.540947 0.221114 0.124871 0.001173 0.093543 0.000005
0.018624 0.540718 0.220944 0.124681 0.001197 0.093830 0.000006
0.017697 0.538307 0.222443 0.125166 0.001204 0.095179 0.000005
0.016833 0.535864 0.223791 0.125977 0.001211 0.096319 0.000005
0.016473 0.533083 0.224736 0.126808 0.001226 0.097668 0.000006
0.016079 0.531961 0.225367 0.127101 0.001222 0.098264 0.000006
0.016452 0.532841 0.224419 0.126710 0.001241 0.098332 0.000005
0.015747 0.527727 0.226902 0.128012 0.001243 0.100364 0.000005
0.016174 0.525008 0.227515 0.128495 0.001249 0.101553 0.000006
0.019264 0.520946 0.227604 0.128421 0.001286 0.102473 0.000006
0.020448 0.519653 0.227492 0.128353 0.001273 0.102777 0.000005
0.024783 0.515512 0.226936 0.127994 0.001277 0.103492 0.000006
0.023560 0.513673 0.228111 0.128668 0.001287 0.104695 0.000007
0.022493 0.513220 0.228702 0.128879 0.001282 0.105419 0.000006
0.022442 0.512337 0.228685 0.129032 0.001338 0.106161 0.000005
0.024297 0.509247 0.229006 0.129192 0.001323 0.106927 0.000008
0.022830 0.505738 0.230860 0.130195 0.001363 0.109007 0.000007
0.024122 0.505498 0.230219 0.129927 0.001379 0.108848 0.000007
0.023460 0.503220 0.231124 0.130581 0.001361 0.110245 0.000009
0.022335 0.501296 0.232516 0.130700 0.001412 0.111734 0.000007
0.023273 0.497908 0.233024 0.131459 0.001423 0.112902 0.000010
0.022582 0.497840 0.233109 0.131673 0.001421 0.113365 0.000010
0.022261 0.497966 0.233150 0.131471 0.001428 0.113715 0.000009
0.023904 0.495667 0.233026 0.131477 0.001433 0.114484 0.000009
0.023618 0.491882 0.234274 0.132246 0.001430 0.116538 0.000011
0.025574 0.491024 0.233664 0.131850 0.001446 0.116428 0.000014
0.026858 0.486656 0.234620 0.132533 0.001457 0.117865 0.000011
0.025660 0.486951 0.234951 0.132785 0.001455 0.118188 0.000011
0.030495 0.482402 0.234295 0.132332 0.001506 0.118958 0.000012
0.026233 0.482650 0.236075 0.133231 0.001495 0.120305 0.000012
0.028313 0.480656 0.235752 0.132976 0.001481 0.120808 0.000014
0.028084 0.478008 0.236482 0.133592 0.001531 0.122290 0.000014
0.028617 0.479116 0.235479 0.132981 0.001522 0.122271 0.000014
0.027012 0.477529 0.236726 0.133745 0.001530 0.123446 0.000013
0.025360 0.476641 0.237524 0.134067 0.001557 0.124835 0.000015
0.024501 0.474973 0.238654 0.134618 0.001563 0.125676 0.000016
0.025126 0.471463 0.239300 0.134991 0.001578 0.127527 0.000014
0.023577 0.471444 0.240156 0.135118 0.001590 0.128099 0.000015
0.024132 0.469749 0.240300 0.135152 0.001566 0.129084 0.000016
0.023833 0.469803 0.239863 0.135308 0.001583 0.129595 0.000016
0.024435 0.466286 0.240488 0.135922 0.001619 0.131235 0.000014
0.024149 0.465508 0.241034 0.135755 0.001636 0.131899 0.000019
0.022086 0.464834 0.242077 0.136179 0.001655 0.133148 0.000021
0.021668 0.462638 0.242621 0.136859 0.001655 0.134544 0.000015
0.019539 0.461995 0.243642 0.137420 0.001703 0.135688 0.000013
0.020924 0.460757 0.243226 0.137161 0.001708 0.136205 0.000020
0.020370 0.459314 0.244080 0.137332 0.001709 0.137177 0.000019
0.017611 0.457994 0.245497 0.138514 0.001714 0.138651 0.000018
0.018093 0.457038 0.245495 0.138223 0.001702 0.139426 0.000023
0.017909 0.455886 0.245462 0.138399 0.001720 0.140603 0.000021
0.016238 0.452515 0.247214 0.139695 0.001773 0.142543 0.000022
0.015777 0.452275 0.247367 0.139728 0.001732 0.143098 0.000022
0.015280 0.449636 0.248231 0.140208 0.001831 0.144795 0.000020
0.016066 0.450220 0.247702 0.139867 0.001763 0.144359 0.000023
0.014251 0.446727 0.249351 0.140802 0.001791 0.147054 0.000024
0.014293 0.445879 0.249295 0.140998 0.001819 0.147692 0.000025
0.013177 0.443232 0.250712 0.141591 0.001832 0.149432 0.000024
0.013347 0.441002 0.251351 0.141705 0.001835 0.150738 0.000022
0.012798 0.440643 0.251196 0.142080 0.001862 0.151395 0.000027
0.013133 0.439484 0.251296 0.142056 0.001859 0.152148 0.000024
0.012261 0.437781 0.252347 0.142676 0.001879 0.153033 0.000023
0.012859 0.436865 0.252019 0.142596 0.001898 0.153737 0.000025
0.012176 0.434466 0.252788 0.143134 0.001950 0.155458 0.000028
0.011567 0.432004 0.254157 0.143532 0.001951 0.156760 0.000029
0.012073 0.432961 0.253258 0.142829 0.001938 0.156913 0.000029
0.011363 0.429184 0.254664 0.144083 0.001954 0.158725 0.000027
0.011436 0.429235 0.254388 0.143762 0.001998 0.159153 0.000027
0.011117 0.426660 0.255291 0.144250 0.001972 0.160679 0.000030
0.010719 0.424427 0.255982 0.144698 0.002017 0.162125 0.000031
0.010990 0.423737 0.255643 0.144802 0.002041 0.162760 0.000027
0.010870 0.422244 0.256128 0.144768 0.002007 0.163953 0.000030
0.011371 0.421616 0.255923 0.144465 0.002033 0.164563 0.000028
0.010415 0.417059 0.257438 0.146014 0.002048 0.166996 0.000030
0.010180 0.416159 0.257938 0.145829 0.002065 0.167800 0.000029
0.010458 0.414731 0.257909 0.145734 0.002088 0.169045 0.000035
0.010283 0.412988 0.258426 0.145827 0.002084 0.170365 0.000028
0.010074 0.410339 0.259378 0.146219 0.002136 0.171824 0.000031
0.010226 0.410601 0.258792 0.146263 0.002117 0.171971 0.000030
0.009853 0.407904 0.259878 0.146834 0.002118 0.173381 0.000031
0.009901 0.406621 0.259688 0.146878 0.002124 0.174754 0.000034
0.009872 0.405282 0.260177 0.146862 0.002179 0.175597 0.000031
0.010090 0.405835 0.259710 0.146672 0.002184 0.175475 0.000033
0.009935 0.402789 0.260252 0.146953 0.002191 0.177849 0.000031
0.009733 0.402273 0.260600 0.147418 0.002194 0.177753 0.000030
0.009505 0.398471 0.261392 0.147967 0.002245 0.180387 0.000034
0.009684 0.398534 0.261208 0.147447 0.002221 0.180873 0.000033
0.009499 0.397040 0.261537 0.147570 0.002235 0.182086 0.000033
0.009553 0.395510 0.261647 0.147893 0.002252 0.183111 0.000034
0.009465 0.394286 0.261963 0.148034 0.002231 0.183988 0.000033
0.009609 0.392883 0.262134 0.148017 0.002286 0.185037 0.000035
0.009252 0.388700 0.263250 0.148785 0.002313 0.187664 0.000037
0.009432 0.389509 0.262591 0.148479 0.002329 0.187625 0.000035
0.009392 0.388070 0.263278 0.148638 0.002280 0.188306 0.000035
0.009270 0.386112 0.263472 0.148803 0.002286 0.190018 0.000039
0.009370 0.385655 0.263275 0.148873 0.002323 0.190466 0.000039
0.009189 0.384119 0.263897 0.149032 0.002347 0.191381 0.000034
0.009286 0.382414 0.263507 0.149362 0.002382 0.193015 0.000036
0.009241 0.381955 0.263789 0.149483 0.002375 0.193119 0.000038
0.009181 0.379997 0.264153 0.149724 0.002377 0.194531 0.000037
0.009270 0.380129 0.264010 0.149340 0.002393 0.194819 0.000038
0.009119 0.376104 0.264680 0.149661 0.002447 0.197950 0.000038
0.009145 0.376002 0.264850 0.149911 0.002476 0.197575 0.000040
0.009127 0.374524 0.264716 0.149670 0.002434 0.199494 0.000036
0.009055 0.373204 0.264928 0.150032 0.002423 0.200318 0.000041
0.009177 0.372536 0.265107 0.149833 0.002421 0.200886 0.000039
0.009060 0.370056 0.266032 0.150184 0.002468 0.202156 0.000044
0.009158 0.369269 0.265566 0.150285 0.002496 0.203186 0.000039
0.009111 0.367366 0.265914 0.150491 0.002482 0.204592 0.000044
0.009167 0.366658 0.265543 0.150339 0.002483 0.205771 0.000039
0.009129 0.366578 0.265639 0.150080 0.002529 0.206002 0.000043
0.009034 0.364105 0.266267 0.150587 0.002500 0.207466 0.000042
0.009060 0.362924 0.266192 0.150433 0.002554 0.208797 0.000039
0.009155 0.362764 0.265491 0.150571 0.002540 0.209435 0.000045
0.009039 0.359198 0.266606 0.150712 0.002600 0.211800 0.000045
0.008961 0.356216 0.267501 0.150930 0.002573 0.213770 0.000049
0.009000 0.358143 0.266764 0.150665 0.002546 0.212836 0.000045
0.009104 0.356825 0.266335 0.150796 0.002555 0.214332 0.000053
0.008879 0.353943 0.267115 0.151066 0.002628 0.216322 0.000048
0.008848 0.352867 0.267432 0.151047 0.002634 0.217125 0.000047
0.009043 0.352027 0.266872 0.151180 0.002635 0.218199 0.000045
0.008987 0.350382 0.267588 0.151009 0.002638 0.219343 0.000053
0.008991 0.350746 0.267507 0.150839 0.002661 0.219213 0.000043
0.008892 0.346714 0.267805 0.151569 0.002676 0.222290 0.000054
0.008986 0.347437 0.267429 0.151092 0.002666 0.222339 0.000052
0.008914 0.345355 0.268132 0.151499 0.002693 0.223355 0.000052
0.008964 0.346254 0.267625 0.151151 0.002684 0.223271 0.000050
0.008865 0.342306 0.268397 0.151791 0.002706 0.225886 0.000049
0.008992 0.342919 0.267977 0.151128 0.002707 0.226223 0.000053
0.008927 0.341146 0.268220 0.151326 0.002723 0.227604 0.000055
0.008935 0.339770 0.268518 0.151183 0.002766 0.228770 0.000058
0.008863 0.338642 0.268242 0.151536 0.002774 0.229898 0.000045
0.008828 0.336118 0.268832 0.151653 0.002755 0.231756 0.000059
0.008950 0.336067 0.268554 0.151451 0.002739 0.232184 0.000056
0.008935 0.334501 0.268901 0.151490 0.002772 0.233348 0.000053
0.008909 0.333614 0.269105 0.151575 0.002788 0.233956 0.000053
0.008888 0.331531 0.269540 0.151815 0.002822 0.235355 0.000051
0.008853 0.331681 0.268774 0.151561 0.002808 0.236272 0.000051
0.008878 0.329857 0.269077 0.151905 0.002834 0.237403 0.000046
0.008868 0.328064 0.269501 0.151662 0.002864 0.238988 0.000053
0.008824 0.326718 0.269556 0.151784 0.002851 0.240216 0.000052
0.008919 0.326904 0.269367 0.151714 0.002866 0.240181 0.000049
0.008859 0.325468 0.269054 0.151761 0.002874 0.241931 0.000053
0.008909 0.324678 0.269240 0.151761 0.002932 0.242427 0.000054
0.008855 0.324076 0.269082 0.151628 0.002908 0.243396 0.000054
0.008843 0.321875 0.269468 0.151968 0.002921 0.244874 0.000051
0.008878 0.320065 0.269706 0.151912 0.002915 0.246469 0.000056
0.008895 0.318908 0.269593 0.151749 0.002917 0.247882 0.000056
0.008882 0.318868 0.269478 0.151813 0.002923 0.247987 0.000050
0.008863 0.316683 0.269510 0.151731 0.002958 0.250199 0.000057
0.008896 0.316027 0.269887 0.152071 0.002950 0.250108 0.000060
0.008886 0.314751 0.269479 0.151808 0.002936 0.252082 0.000059
0.008832 0.313666 0.269990 0.151570 0.002988 0.252894 0.000061
0.008909 0.313705 0.269383 0.151644 0.002970 0.253324 0.000064
0.015504 0.309884 0.267240 0.150627 0.003017 0.253667 0.000060
0.019946 0.307244 0.266280 0.149811 0.003000 0.253657 0.000061
0.020146 0.308188 0.265681 0.149420 0.002960 0.253543 0.000063
0.020927 0.306935 0.265581 0.149396 0.003019 0.254084 0.000058
0.021376 0.304983 0.265188 0.149444 0.003017 0.255929 0.000063
0.023619 0.306077 0.264414 0.148628 0.002964 0.254235 0.000064
0.021906 0.304849 0.264578 0.149088 0.003032 0.256484 0.000062
0.021748 0.304629 0.264343 0.149140 0.003016 0.257065 0.000059
0.018578 0.303887 0.265571 0.149494 0.003036 0.259368 0.000066
0.019951 0.302292 0.264883 0.149145 0.003024 0.260640 0.000066
0.020586 0.303673 0.264116 0.148877 0.003097 0.259586 0.000064
0.022168 0.301971 0.263762 0.148485 0.003071 0.260480 0.000064
0.021538 0.301956 0.263903 0.148379 0.003092 0.261067 0.000065
0.020861 0.301140 0.263509 0.148227 0.003106 0.263093 0.000064
0.019198 0.299716 0.264172 0.148501 0.003173 0.265181 0.000060
0.018146 0.300523 0.264576 0.148969 0.003141 0.264584 0.000061
0.020225 0.300423 0.263133 0.147951 0.003157 0.265043 0.000067
0.018356 0.299299 0.263432 0.148543 0.003132 0.267170 0.000068
0.015132 0.297285 0.265186 0.149345 0.003214 0.269774 0.000063
0.015912 0.296907 0.264624 0.148951 0.003153 0.270386 0.000066
0.014664 0.296364 0.265038 0.149123 0.003204 0.271538 0.000069
0.013152 0.295636 0.265632 0.149462 0.003259 0.272796 0.000063
0.012273 0.293083 0.266607 0.149675 0.003272 0.275021 0.000070
0.012150 0.290971 0.266051 0.149784 0.003252 0.277727 0.000065
0.013085 0.292590 0.265455 0.149312 0.003228 0.276261 0.000069
0.013707 0.293624 0.264672 0.149027 0.003250 0.275651 0.000070
0.012154 0.290362 0.265947 0.149453 0.003299 0.278718 0.000066
0.011892 0.291232 0.265619 0.149486 0.003273 0.278431 0.000068
0.011630 0.290258 0.265795 0.149614 0.003276 0.279357 0.000070
0.011012 0.285239 0.266706 0.149867 0.003347 0.283757 0.000071
0.011036 0.284839 0.266506 0.150071 0.003340 0.284133 0.000075
0.010018 0.282244 0.267331 0.150297 0.003382 0.286655 0.000072
0.010449 0.283122 0.266731 0.150328 0.003401 0.285894 0.000076
0.011029 0.283894 0.265424 0.149597 0.003328 0.286655 0.000072
0.010417 0.281787 0.266232 0.149851 0.003360 0.288275 0.000077
0.010038 0.279858 0.266693 0.150322 0.003371 0.289643 0.000075
0.010157 0.279263 0.266833 0.150203 0.003401 0.290064 0.000079
0.010283 0.278918 0.266200 0.150095 0.003427 0.291004 0.000072
0.009817 0.276292 0.266877 0.150213 0.003448 0.293278 0.000075
0.009865 0.274866 0.266701 0.149888 0.003496 0.295108 0.000076
0.009927 0.275691 0.266310 0.150070 0.003460 0.294462 0.000080
0.010011 0.275004 0.266129 0.150011 0.003441 0.295319 0.000085
0.009791 0.272855 0.266481 0.150038 0.003484 0.297268 0.000083
0.009829 0.272542 0.266288 0.149906 0.003510 0.297846 0.000079
0.009790 0.271515 0.266719 0.149817 0.003497 0.298581 0.000081
0.009835 0.270855 0.266476 0.149862 0.003509 0.299383 0.000081
0.009736 0.269120 0.266562 0.149884 0.003496 0.301114 0.000087
0.009474 0.266375 0.266885 0.149962 0.003496 0.303723 0.000084
0.009741 0.267725 0.266002 0.149842 0.003570 0.303031 0.000089
0.009824 0.267350 0.265690 0.149738 0.003558 0.303754 0.000085
0.009624 0.265166 0.266138 0.149547 0.003575 0.305871 0.000079
0.009644 0.263592 0.266100 0.149569 0.003610 0.307397 0.000087
0.009735 0.263698 0.265964 0.149562 0.003606 0.307354 0.000082
0.009455 0.261209 0.266471 0.149864 0.003601 0.309320 0.000080
0.009677 0.261050 0.265868 0.149678 0.003648 0.309988 0.000091
0.009491 0.259296 0.265966 0.149972 0.003618 0.311573 0.000084
0.009446 0.258188 0.265955 0.149723 0.003647 0.312950 0.000091
0.009460 0.257094 0.265861 0.149745 0.003718 0.314037 0.000085
0.009573 0.259070 0.265393 0.149416 0.003712 0.312758 0.000078
0.009442 0.256606 0.265622 0.149553 0.003649 0.315045 0.000083
0.009457 0.254932 0.265608 0.149785 0.003687 0.316439 0.000092
0.009632 0.253996 0.265520 0.149776 0.003652 0.317331 0.000094
0.009610 0.254487 0.264759 0.149228 0.003692 0.318135 0.000089
0.009520 0.253304 0.265048 0.149507 0.003692 0.318841 0.000088
0.009638 0.253422 0.264608 0.149038 0.003696 0.319499 0.000097
0.009590 0.251144 0.264441 0.148939 0.003766 0.322019 0.000100
0.009612 0.251513 0.264399 0.148885 0.003768 0.321743 0.000081
0.009455 0.248659 0.265215 0.149102 0.003738 0.323740 0.000090
0.009599 0.247200 0.264513 0.149158 0.003853 0.325584 0.000093
0.009562 0.247965 0.264439 0.148806 0.003789 0.325353 0.000086
0.009566 0.246695 0.264390 0.149131 0.003733 0.326393 0.000093
0.009600 0.247222 0.264185 0.148816 0.003798 0.326286 0.000091
0.009568 0.244848 0.264198 0.148889 0.003824 0.328584 0.000089
0.009639 0.244591 0.264119 0.148608 0.003804 0.329152 0.000087
0.009745 0.244629 0.263534 0.148085 0.003806 0.330094 0.000106
0.009780 0.243248 0.263390 0.148653 0.003843 0.330988 0.000098
0.009743 0.241813 0.263536 0.148356 0.003864 0.332595 0.000094
0.009720 0.240485 0.263550 0.148531 0.003916 0.333689 0.000108
0.009693 0.239958 0.263578 0.148194 0.003888 0.334586 0.000103
0.009770 0.240327 0.262995 0.147861 0.003831 0.335115 0.000100
0.009841 0.237629 0.263127 0.147901 0.003955 0.337443 0.000104
0.009758 0.238218 0.263046 0.147892 0.003929 0.337058 0.000098
0.009863 0.236862 0.262744 0.147822 0.003954 0.338651 0.000103
0.009787 0.235334 0.263043 0.147698 0.003911 0.340120 0.000107
0.009837 0.236005 0.262127 0.147418 0.003939 0.340570 0.000104
0.009907 0.235962 0.262275 0.147192 0.003940 0.340626 0.000098
0.009782 0.233945 0.262316 0.147484 0.003886 0.342475 0.000111
0.009914 0.233103 0.262006 0.147564 0.003967 0.343339 0.000107
0.009916 0.234516 0.261696 0.147250 0.003944 0.342568 0.000111
0.009962 0.230967 0.261293 0.147000 0.004017 0.346655 0.000107
0.009911 0.230629 0.261446 0.147110 0.003986 0.346807 0.000110
0.009964 0.229129 0.261330 0.147345 0.004016 0.348106 0.000110
0.009945 0.229378 0.261120 0.146860 0.004069 0.348522 0.000108
0.009976 0.228875 0.261019 0.147004 0.003956 0.349056 0.000114
0.010062 0.228397 0.260532 0.146805 0.004016 0.350079 0.000108
0.010031 0.227015 0.260678 0.146506 0.004004 0.351659 0.000107
0.010067 0.226222 0.259845 0.146707 0.004095 0.352949 0.000115
0.010117 0.227429 0.260514 0.146270 0.004075 0.351495 0.000100
0.010019 0.224823 0.259915 0.146502 0.004065 0.354566 0.000110
0.010120 0.224895 0.259922 0.146111 0.004070 0.354767 0.000116
0.010143 0.223078 0.260009 0.146191 0.004102 0.356364 0.000114
0.010089 0.221792 0.259494 0.146123 0.004103 0.358293 0.000106
0.010074 0.222783 0.259415 0.145575 0.004065 0.357970 0.000117
0.010146 0.221728 0.258905 0.145672 0.004166 0.359269 0.000116
0.010254 0.220688 0.258640 0.145489 0.004191 0.360621 0.000117
0.010289 0.219576 0.258438 0.145466 0.004176 0.361937 0.000118
0.010288 0.220543 0.258129 0.145422 0.004144 0.361354 0.000120
0.010338 0.220327 0.258096 0.145359 0.004132 0.361631 0.000118
0.010356 0.217585 0.258129 0.145395 0.004205 0.364212 0.000118
0.010328 0.216678 0.257899 0.145253 0.004191 0.365538 0.000114
0.010385 0.217063 0.257921 0.145048 0.004252 0.365211 0.000120
0.010387 0.216301 0.257929 0.145238 0.004166 0.365861 0.000118
0.010487 0.215692 0.257685 0.145122 0.004158 0.366737 0.000119
0.010499 0.214897 0.256816 0.144997 0.004216 0.368447 0.000127
0.010505 0.214635 0.256586 0.144994 0.004233 0.368922 0.000125
0.010505 0.214013 0.257331 0.144655 0.004252 0.369112 0.000131
0.010484 0.211332 0.257457 0.144548 0.004212 0.371835 0.000133
0.010506 0.211315 0.257062 0.144398 0.004288 0.372305 0.000126
0.010690 0.212302 0.256336 0.144042 0.004232 0.372271 0.000126
0.010583 0.210406 0.256171 0.143982 0.004280 0.374452 0.000125
0.010702 0.209097 0.255417 0.143856 0.004264 0.376537 0.000128
0.010712 0.208147 0.255552 0.143906 0.004297 0.377265 0.000121
0.010681 0.208469 0.255609 0.143988 0.004297 0.376833 0.000124
0.010612 0.208921 0.255454 0.143614 0.004306 0.376958 0.000135
0.010639 0.206765 0.254778 0.143940 0.004255 0.379492 0.000131
0.010690 0.206386 0.254684 0.143521 0.004376 0.380210 0.000133
0.010611 0.204893 0.254855 0.143360 0.004288 0.381861 0.000132
0.010854 0.204864 0.254520 0.143397 0.004323 0.381910 0.000132
0.010709 0.203719 0.254643 0.143284 0.004362 0.383154 0.000130
0.010712 0.203849 0.254046 0.143086 0.004337 0.383842 0.000128
0.010739 0.201811 0.253351 0.142875 0.004358 0.386728 0.000137
0.010742 0.202754 0.254009 0.142762 0.004365 0.385237 0.000132
0.010855 0.202299 0.253300 0.142467 0.004384 0.386566 0.000131
0.010928 0.201095 0.253277 0.142758 0.004419 0.387383 0.000141
0.010771 0.200801 0.253258 0.142520 0.004379 0.388132 0.000139
0.010848 0.199867 0.253013 0.142261 0.004385 0.389491 0.000134
0.011037 0.199036 0.252801 0.141989 0.004403 0.390602 0.000131
0.010972 0.199714 0.252016 0.141668 0.004411 0.391088 0.000131
0.010948 0.197536 0.252233 0.141979 0.004457 0.392711 0.000137
0.011034 0.198394 0.251980 0.141819 0.004422 0.392213 0.000138
0.011044 0.197662 0.251627 0.141593 0.004465 0.393464 0.000144
0.011088 0.196403 0.251053 0.141483 0.004471 0.395359 0.000143
0.011086 0.195485 0.251242 0.141621 0.004433 0.395984 0.000149
0.011137 0.195839 0.251218 0.141318 0.004475 0.395867 0.000146
0.011154 0.195903 0.250931 0.141147 0.004422 0.396300 0.000142
0.011219 0.194801 0.250651 0.141029 0.004472 0.397687 0.000141
0.011252 0.193290 0.250506 0.140908 0.004502 0.399395 0.000147
0.011192 0.193579 0.250152 0.141035 0.004488 0.399405 0.000148
0.011343 0.191926 0.249895 0.140558 0.004510 0.401614 0.000154
0.011332 0.192267 0.250057 0.140433 0.004530 0.401235 0.000147
0.011376 0.191823 0.249529 0.140559 0.004530 0.402045 0.000138
0.011482 0.189814 0.248878 0.140119 0.004512 0.405043 0.000151
0.011482 0.188820 0.248916 0.140210 0.004528 0.405895 0.000148
0.011531 0.188944 0.248137 0.139935 0.004554 0.406752 0.000148
0.011536 0.188286 0.247979 0.140197 0.004541 0.407297 0.000164
0.011626 0.188401 0.248080 0.139784 0.004540 0.407416 0.000155
0.011587 0.189198 0.247779 0.139629 0.004489 0.407176 0.000143
0.011675 0.187286 0.247701 0.139248 0.004542 0.409405 0.000144
0.011746 0.186727 0.247321 0.139670 0.004537 0.409846 0.000153
0.011855 0.184672 0.246797 0.139401 0.004533 0.412594 0.000148
0.011757 0.185692 0.246999 0.139031 0.004629 0.411750 0.000143
0.011707 0.184788 0.246715 0.139032 0.004622 0.412988 0.000148
0.011768 0.184290 0.246111 0.138918 0.004587 0.414172 0.000154
0.011813 0.184782 0.246377 0.138776 0.004607 0.413481 0.000164
0.011924 0.183761 0.245817 0.138885 0.004658 0.414794 0.000160
0.011875 0.182469 0.245710 0.138513 0.004587 0.416690 0.000156
0.011781 0.184186 0.245811 0.138250 0.004603 0.415192 0.000176
0.011918 0.181934 0.245726 0.138317 0.004561 0.417380 0.000164
0.011963 0.181912 0.244950 0.138171 0.004608 0.418233 0.000163
0.011940 0.180422 0.244941 0.138115 0.004674 0.419742 0.000167
0.012070 0.179977 0.244015 0.137855 0.004644 0.421282 0.000157
0.011964 0.180311 0.244421 0.137709 0.004629 0.420796 0.000169
0.012079 0.179592 0.244081 0.137530 0.004624 0.421931 0.000164
0.012127 0.178592 0.243829 0.137564 0.004731 0.423006 0.000151
0.012073 0.178249 0.243913 0.137367 0.004679 0.423545 0.000173
0.012099 0.177499 0.242978 0.137354 0.004716 0.425192 0.000163
0.012202 0.176079 0.243331 0.136840 0.004728 0.426655 0.000165
0.012151 0.176452 0.242776 0.136660 0.004678 0.427114 0.000169
0.012188 0.175440 0.242877 0.137020 0.004745 0.427557 0.000174
0.012300 0.175119 0.242476 0.136666 0.004670 0.428592 0.000176
0.012287 0.173688 0.242037 0.136304 0.004755 0.430755 0.000174
0.012384 0.174025 0.241813 0.136626 0.004724 0.430244 0.000184
0.012361 0.173966 0.241460 0.136164 0.004754 0.431123 0.000172
0.012557 0.173064 0.241121 0.135936 0.004735 0.432416 0.000172
0.012374 0.172229 0.241123 0.135858 0.004780 0.433475 0.000161
0.012418 0.172573 0.241213 0.135839 0.004799 0.432980 0.000178
0.012516 0.171939 0.240460 0.135737 0.004779 0.434387 0.000182
0.012594 0.170961 0.240086 0.135244 0.004824 0.436116 0.000175
0.012708 0.170429 0.239929 0.135286 0.004804 0.436676 0.000167
0.012584 0.170584 0.240110 0.134915 0.004814 0.436823 0.000170
0.012696 0.169948 0.239393 0.134946 0.004819 0.438018 0.000180
0.012825 0.169848 0.239160 0.135158 0.004759 0.438077 0.000174
0.012663 0.169153 0.239084 0.134873 0.004788 0.439262 0.000177
0.012857 0.168580 0.239039 0.134803 0.004786 0.439756 0.000180
0.012782 0.168775 0.239007 0.134525 0.004738 0.439997 0.000176
0.012838 0.166758 0.238296 0.134522 0.004822 0.442581 0.000185
0.012789 0.166909 0.238102 0.134453 0.004819 0.442743 0.000184
0.012907 0.166755 0.237667 0.134270 0.004829 0.443400 0.000173
0.012843 0.165662 0.237716 0.133825 0.004830 0.444938 0.000185
0.012723 0.165711 0.237101 0.134040 0.004810 0.445426 0.000189
0.012996 0.165017 0.236936 0.133544 0.004824 0.446502 0.000182
0.012986 0.165629 0.236985 0.133940 0.004865 0.445423 0.000173
0.013013 0.163287 0.236645 0.133263 0.004944 0.448659 0.000190
0.012992 0.164063 0.236498 0.133283 0.004831 0.448154 0.000179
0.013047 0.163000 0.235922 0.133013 0.004863 0.449967 0.000188
0.013118 0.162555 0.235944 0.133376 0.004837 0.449982 0.000188
0.013259 0.162131 0.235087 0.132250 0.004824 0.452251 0.000198
0.013173 0.162821 0.235242 0.132848 0.004890 0.450844 0.000182
0.013274 0.161448 0.234883 0.132388 0.004927 0.452886 0.000195
0.013190 0.161837 0.234998 0.132495 0.004874 0.452413 0.000193
0.013236 0.160408 0.234497 0.132066 0.004898 0.454702 0.000193
0.013403 0.160532 0.233731 0.131594 0.004907 0.455648 0.000185
0.013477 0.159911 0.233683 0.132183 0.004904 0.455651 0.000192
0.013485 0.158767 0.233722 0.131553 0.004865 0.457425 0.000183
0.013434 0.160037 0.233564 0.131554 0.004904 0.456332 0.000176
0.013400 0.158286 0.232830 0.131327 0.004922 0.459037 0.000198
0.013415 0.158007 0.232925 0.131015 0.004917 0.459533 0.000188
0.013519 0.158295 0.232386 0.131092 0.004876 0.459639 0.000195
0.013558 0.157538 0.232478 0.130727 0.004926 0.460573 0.000199
0.013538 0.157396 0.232016 0.130805 0.004902 0.461155 0.000188
0.013651 0.156466 0.231758 0.130843 0.004917 0.462164 0.000202
0.013573 0.155283 0.231352 0.130385 0.005009 0.464200 0.000199
0.013682 0.154874 0.230922 0.130399 0.004913 0.465016 0.000195
0.013636 0.155374 0.231051 0.130426 0.004870 0.464438 0.000205
0.013732 0.154120 0.230983 0.130333 0.004971 0.465660 0.000201
0.013751 0.154307 0.230425 0.129916 0.004954 0.466446 0.000201
0.013727 0.153754 0.229997 0.130202 0.005032 0.467078 0.000210
0.013788 0.153553 0.229729 0.129980 0.004940 0.467808 0.000203
0.013863 0.152916 0.229479 0.129670 0.005008 0.468863 0.000201
0.013973 0.152976 0.229261 0.129511 0.004968 0.469115 0.000196
0.013978 0.152523 0.228724 0.129139 0.005009 0.470422 0.000204
0.013960 0.151511 0.228583 0.129153 0.005061 0.471528 0.000204
0.013916 0.151905 0.228150 0.129063 0.004989 0.471754 0.000222
0.014030 0.150694 0.228070 0.128702 0.005037 0.473253 0.000214
0.014054 0.151596 0.227683 0.128792 0.005037 0.472623 0.000216
0.014056 0.151006 0.227312 0.128768 0.005027 0.473632 0.000200
0.014105 0.149889 0.227200 0.128134 0.005081 0.475379 0.000212
0.014102 0.149416 0.227143 0.128224 0.005062 0.475841 0.000211
0.014298 0.148964 0.226785 0.127899 0.005024 0.476812 0.000218
0.014293 0.148734 0.226408 0.127885 0.005042 0.477415 0.000224
0.014247 0.148658 0.226488 0.127816 0.005079 0.477500 0.000213
0.014325 0.148269 0.225903 0.127535 0.005004 0.478738 0.000224
0.014367 0.147802 0.225730 0.127370 0.005048 0.479458 0.000225
0.014355 0.146653 0.225257 0.127134 0.005080 0.481313 0.000208
0.014479 0.146910 0.225589 0.127390 0.005096 0.480317 0.000219
0.014473 0.146330 0.225060 0.126820 0.005096 0.482005 0.000216
0.014537 0.145812 0.224995 0.126691 0.005085 0.482657 0.000223
0.014522 0.145024 0.224372 0.126635 0.005119 0.484111 0.000217
0.014588 0.145198 0.223551 0.126437 0.005113 0.484888 0.000227
0.014664 0.144660 0.223708 0.126145 0.005135 0.485467 0.000220
0.014708 0.144423 0.223400 0.125960 0.005153 0.486133 0.000223
0.014722 0.144012 0.223048 0.125989 0.005099 0.486911 0.000219
0.014633 0.143914 0.223404 0.125976 0.005157 0.486685 0.000231
0.014705 0.144370 0.222570 0.125761 0.005129 0.487248 0.000216
0.014704 0.143693 0.222256 0.125926 0.005160 0.488036 0.000226
0.014770 0.142373 0.221664 0.125148 0.005190 0.490615 0.000239
0.014870 0.142900 0.221796 0.125178 0.005147 0.489881 0.000229
0.014896 0.142371 0.221456 0.125342 0.005173 0.490542 0.000220
0.014974 0.142637 0.221117 0.125025 0.005142 0.490883 0.000222
0.015022 0.141518 0.220781 0.124714 0.005118 0.492619 0.000229
0.015121 0.140967 0.220757 0.124494 0.005153 0.493292 0.000216
0.015054 0.141221 0.220341 0.124602 0.005166 0.493380 0.000235
0.015049 0.140171 0.219672 0.124318 0.005157 0.495399 0.000234
0.015167 0.140388 0.219088 0.124244 0.005210 0.495677 0.000226
0.015113 0.140710 0.219918 0.123936 0.005108 0.494969 0.000246
0.015271 0.140257 0.219283 0.123955 0.005158 0.495857 0.000221
0.015266 0.139682 0.218945 0.123845 0.005244 0.496780 0.000238
0.015361 0.139113 0.218523 0.123496 0.005242 0.498032 0.000233
0.015366 0.139062 0.218313 0.123520 0.005167 0.498334 0.000238
0.015414 0.138367 0.218182 0.123230 0.005213 0.499360 0.000234
0.015513 0.137949 0.217737 0.123002 0.005202 0.500362 0.000235
0.015603 0.136850 0.217565 0.122889 0.005307 0.501542 0.000244
0.015752 0.137243 0.217129 0.122693 0.005233 0.501702 0.000248
0.015621 0.137736 0.217251 0.123040 0.005228 0.500884 0.000239
0.015679 0.136605 0.216548 0.122562 0.005269 0.503101 0.000236
0.015568 0.136513 0.216187 0.122504 0.005228 0.503754 0.000246
