0.959976 0.039163 0.000555 0.000294 0.000002 0.000010 0.000000
0.922667 0.075560 0.001132 0.000623 0.000002 0.000017 0.000000
0.912826 0.085133 0.001294 0.000720 0.000006 0.000021 0.000000
0.898994 0.098563 0.001547 0.000867 0.000004 0.000025 0.000000
0.889441 0.107811 0.001747 0.000971 0.000005 0.000026 0.000000
0.876371 0.120512 0.001992 0.001090 0.000005 0.000031 0.000000
0.861389 0.135003 0.002278 0.001282 0.000005 0.000043 0.000000
0.847115 0.148787 0.002574 0.001454 0.000005 0.000064 0.000000
0.829309 0.166046 0.002909 0.001654 0.000005 0.000077 0.000000
0.815286 0.179584 0.003230 0.001809 0.000005 0.000086 0.000000
0.797492 0.196762 0.003631 0.002016 0.000005 0.000095 0.000000
0.780795 0.212869 0.003953 0.002266 0.000005 0.000113 0.000000
0.765354 0.227708 0.004345 0.002460 0.000005 0.000128 0.000000
0.746601 0.245723 0.004810 0.002724 0.000005 0.000137 0.000000
0.731903 0.259824 0.005189 0.002933 0.000005 0.000147 0.000000
0.713651 0.277333 0.005663 0.003178 0.000005 0.000170 0.000000
0.696678 0.293557 0.006154 0.003408 0.000005 0.000198 0.000000
0.678941 0.310453 0.006662 0.003719 0.000004 0.000222 0.000000
0.663808 0.324781 0.007169 0.003997 0.000004 0.000242 0.000000
0.646462 0.341131 0.007816 0.004327 0.000004 0.000260 0.000000
0.628838 0.357828 0.008363 0.004673 0.000005 0.000293 0.000000
0.613309 0.372428 0.008949 0.004992 0.000004 0.000318 0.000000
0.598921 0.385914 0.009531 0.005280 0.000004 0.000351 0.000000
0.582072 0.401667 0.010243 0.005645 0.000004 0.000370 0.000000
0.568931 0.413794 0.010862 0.006001 0.000003 0.000409 0.000000
0.553756 0.427826 0.011552 0.006418 0.000003 0.000444 0.000000
0.540181 0.440417 0.012125 0.006782 0.000003 0.000491 0.000000
0.525041 0.454292 0.012906 0.007228 0.000005 0.000528 0.000000
0.513245 0.464987 0.013577 0.007613 0.000006 0.000572 0.000000
0.499221 0.477788 0.014348 0.008017 0.000007 0.000619 0.000000
0.485830 0.489943 0.015103 0.008451 0.000007 0.000666 0.000000
0.471709 0.502722 0.015908 0.008943 0.000006 0.000712 0.000000
0.457795 0.515179 0.016755 0.009491 0.000006 0.000774 0.000000
0.446097 0.525538 0.017597 0.009929 0.000006 0.000832 0.000000
0.432588 0.537413 0.018590 0.010507 0.000009 0.000894 0.000000
0.420763 0.547848 0.019459 0.010981 0.000010 0.000939 0.000000
0.407752 0.559135 0.020551 0.011543 0.000010 0.001008 0.000000
0.394885 0.570313 0.021552 0.012162 0.000011 0.001076 0.000000
0.382801 0.580714 0.022553 0.012765 0.000012 0.001155 0.000000
0.373395 0.588529 0.023505 0.013330 0.000013 0.001227 0.000000
0.363617 0.596667 0.024540 0.013861 0.000015 0.001300 0.000000
0.355001 0.603632 0.025522 0.014464 0.000015 0.001366 0.000000
0.345280 0.611308 0.026770 0.015155 0.000016 0.001471 0.000000
0.334922 0.619854 0.027838 0.015808 0.000019 0.001560 0.000000
0.326438 0.626581 0.028946 0.016343 0.000022 0.001669 0.000000
0.318290 0.632487 0.030278 0.017114 0.000023 0.001807 0.000000
0.314074 0.635101 0.031263 0.017627 0.000024 0.001910 0.000000
0.305454 0.641766 0.032420 0.018280 0.000025 0.002056 0.000000
0.297978 0.647101 0.033658 0.019047 0.000025 0.002190 0.000000
0.295403 0.648283 0.034465 0.019519 0.000026 0.002304 0.000000
0.286003 0.654806 0.036190 0.020474 0.000029 0.002499 0.000000
0.281710 0.657788 0.037024 0.020855 0.000032 0.002590 0.000000
0.277572 0.660105 0.038101 0.021451 0.000034 0.002737 0.000000
0.270707 0.664953 0.039209 0.022210 0.000037 0.002885 0.000000
0.264587 0.668212 0.040926 0.023180 0.000039 0.003057 0.000000
0.263327 0.668524 0.041445 0.023522 0.000040 0.003142 0.000000
0.260563 0.669204 0.042732 0.024145 0.000041 0.003314 0.000000
0.251424 0.675535 0.044350 0.025120 0.000042 0.003529 0.000000
0.245063 0.680006 0.045445 0.025740 0.000042 0.003703 0.000000
0.240535 0.682333 0.046759 0.026431 0.000045 0.003897 0.000000
0.240115 0.681070 0.047749 0.026989 0.000049 0.004027 0.000000
0.228934 0.689452 0.049346 0.027947 0.000051 0.004270 0.000000
0.226886 0.689306 0.050589 0.028687 0.000053 0.004480 0.000000
0.215266 0.697565 0.052581 0.029779 0.000055 0.004754 0.000000
0.211898 0.698864 0.053740 0.030473 0.000060 0.004964 0.000000
0.209615 0.698806 0.055101 0.031224 0.000061 0.005191 0.000000
0.199525 0.705370 0.057011 0.032482 0.000062 0.005550 0.000000
0.194801 0.707788 0.058417 0.033144 0.000067 0.005783 0.000000
0.195554 0.705359 0.059286 0.033775 0.000069 0.005957 0.000000
0.191417 0.707066 0.060773 0.034463 0.000070 0.006210 0.000000
0.187234 0.708577 0.062311 0.035344 0.000069 0.006465 0.000000
0.182440 0.710663 0.063815 0.036209 0.000082 0.006790 0.000000
0.179190 0.710950 0.065576 0.037138 0.000082 0.007063 0.000000
0.184831 0.704649 0.065773 0.037424 0.000082 0.007241 0.000000
0.179919 0.706467 0.067579 0.038426 0.000085 0.007524 0.000001
0.176176 0.706879 0.069436 0.039511 0.000091 0.007906 0.000001
0.174696 0.706330 0.070613 0.040150 0.000090 0.008120 0.000001
0.177615 0.702126 0.071283 0.040532 0.000095 0.008348 0.000001
0.173256 0.703929 0.072759 0.041285 0.000098 0.008672 0.000001
0.172838 0.702176 0.073883 0.042052 0.000100 0.008952 0.000001
0.173074 0.699285 0.075362 0.042871 0.000105 0.009301 0.000001
0.160959 0.706526 0.078121 0.044411 0.000109 0.009873 0.000001
0.163086 0.703753 0.078510 0.044581 0.000113 0.009956 0.000001
0.166213 0.699305 0.079216 0.044960 0.000109 0.010196 0.000001
0.153144 0.707623 0.081944 0.046418 0.000111 0.010759 0.000001
0.155138 0.704094 0.082534 0.047079 0.000119 0.011036 0.000001
0.145379 0.709358 0.085105 0.048448 0.000122 0.011587 0.000000
0.144983 0.708700 0.085771 0.048627 0.000127 0.011791 0.000001
0.136286 0.713357 0.087994 0.049961 0.000131 0.012270 0.000001
0.134028 0.713742 0.088889 0.050567 0.000137 0.012636 0.000001
0.127563 0.716639 0.090936 0.051664 0.000135 0.013063 0.000001
0.118943 0.721339 0.093236 0.052785 0.000149 0.013546 0.000001
0.113959 0.722755 0.095167 0.053849 0.000152 0.014116 0.000001
0.103856 0.727026 0.098341 0.055800 0.000166 0.014810 0.000001
0.100856 0.727780 0.099592 0.056396 0.000177 0.015199 0.000001
0.093243 0.730250 0.102467 0.057916 0.000183 0.015941 0.000001
0.090901 0.729741 0.103907 0.058839 0.000189 0.016422 0.000000
0.083360 0.732957 0.106305 0.060206 0.000204 0.016967 0.000001
0.078546 0.733738 0.108444 0.061419 0.000223 0.017630 0.000001
0.074489 0.734805 0.110116 0.062322 0.000223 0.018044 0.000001
0.071775 0.733847 0.112102 0.063467 0.000233 0.018575 0.000001
0.065191 0.735226 0.115043 0.065032 0.000223 0.019284 0.000001
0.060926 0.734446 0.117710 0.066636 0.000248 0.020033 0.000001
0.060360 0.733823 0.118283 0.066957 0.000240 0.020336 0.000001
0.056926 0.732307 0.120950 0.068362 0.000254 0.021201 0.000001
0.054535 0.731069 0.122803 0.069522 0.000271 0.021799 0.000001
0.050348 0.730353 0.125259 0.071060 0.000276 0.022702 0.000002
0.049504 0.728846 0.126552 0.071687 0.000288 0.023122 0.000002
0.047062 0.727723 0.128369 0.072682 0.000295 0.023865 0.000003
0.048611 0.724166 0.129480 0.073252 0.000290 0.024199 0.000001
0.049110 0.720490 0.130932 0.074297 0.000301 0.024868 0.000002
0.047576 0.718044 0.132994 0.075512 0.000317 0.025555 0.000001
0.045614 0.717116 0.134447 0.076376 0.000331 0.026114 0.000001
0.047771 0.711301 0.136429 0.077295 0.000337 0.026864 0.000003
0.048749 0.707880 0.137548 0.077942 0.000346 0.027532 0.000002
0.054605 0.702367 0.137134 0.077886 0.000350 0.027657 0.000002
0.055168 0.699415 0.138249 0.078530 0.000360 0.028276 0.000002
0.055532 0.695769 0.139979 0.079432 0.000351 0.028935 0.000001
0.055448 0.691856 0.141732 0.080604 0.000364 0.029994 0.000002
0.058597 0.686857 0.142572 0.081143 0.000368 0.030462 0.000002
0.064103 0.681537 0.142321 0.080997 0.000381 0.030660 0.000002
0.064180 0.677890 0.144141 0.081804 0.000399 0.031584 0.000002
0.061975 0.678220 0.145024 0.082472 0.000392 0.031915 0.000002
0.069916 0.671270 0.144299 0.081993 0.000404 0.032116 0.000001
0.067252 0.670884 0.145799 0.082886 0.000404 0.032774 0.000001
0.071907 0.664794 0.146324 0.083140 0.000411 0.033423 0.000002
0.081546 0.657915 0.144662 0.082175 0.000417 0.033284 0.000001
0.075910 0.658289 0.147295 0.083749 0.000419 0.034336 0.000002
0.077987 0.655489 0.147509 0.083868 0.000418 0.034728 0.000002
0.075863 0.655282 0.148583 0.084473 0.000439 0.035358 0.000001
0.078735 0.650200 0.149740 0.084938 0.000436 0.035949 0.000002
0.077478 0.650468 0.149938 0.085318 0.000447 0.036348 0.000003
0.072709 0.650221 0.152388 0.086769 0.000445 0.037467 0.000001
0.069684 0.650457 0.153841 0.087515 0.000458 0.038043 0.000002
0.066602 0.650844 0.155171 0.088217 0.000471 0.038693 0.000002
0.068628 0.648258 0.155316 0.088245 0.000475 0.039077 0.000001
0.066182 0.649299 0.155886 0.088658 0.000474 0.039499 0.000001
0.060718 0.649489 0.158559 0.089933 0.000493 0.040805 0.000002
0.055621 0.650985 0.159907 0.091286 0.000515 0.041685 0.000001
0.058964 0.646830 0.160273 0.091269 0.000518 0.042144 0.000002
0.050350 0.648064 0.164099 0.093336 0.000540 0.043611 0.000002
0.051253 0.646958 0.163976 0.093403 0.000541 0.043868 0.000002
0.048785 0.647016 0.165099 0.094044 0.000559 0.044494 0.000003
0.047014 0.645646 0.166427 0.094948 0.000566 0.045395 0.000004
0.042456 0.644424 0.169190 0.096632 0.000583 0.046713 0.000003
0.037449 0.644571 0.171786 0.097767 0.000595 0.047829 0.000003
0.035945 0.643845 0.172743 0.098371 0.000597 0.048496 0.000003
0.034749 0.642533 0.173844 0.099102 0.000614 0.049155 0.000003
0.033176 0.641040 0.175471 0.099869 0.000607 0.049833 0.000003
0.029542 0.639353 0.177926 0.101305 0.000633 0.051239 0.000002
0.030216 0.636780 0.179043 0.101532 0.000639 0.051789 0.000002
0.027614 0.635474 0.180540 0.102811 0.000645 0.052914 0.000002
0.027270 0.633792 0.181336 0.103140 0.000665 0.053794 0.000003
0.027492 0.633159 0.181258 0.103452 0.000641 0.053994 0.000005
0.025372 0.629128 0.184229 0.105021 0.000672 0.055575 0.000004
0.023938 0.628754 0.185002 0.105540 0.000681 0.056083 0.000002
0.022827 0.625690 0.187109 0.106397 0.000680 0.057293 0.000003
0.021837 0.623151 0.188631 0.107441 0.000704 0.058232 0.000004
0.021314 0.619378 0.190567 0.108407 0.000723 0.059607 0.000003
0.020458 0.618316 0.191584 0.108808 0.000716 0.060112 0.000005
0.020594 0.616943 0.191978 0.109100 0.000734 0.060646 0.000006
0.020269 0.614963 0.192859 0.109831 0.000725 0.061348 0.000005
0.019072 0.611383 0.195086 0.110690 0.000747 0.063018 0.000004
0.018323 0.609578 0.196140 0.111609 0.000756 0.063591 0.000004
0.018602 0.607761 0.196630 0.111871 0.000752 0.064380 0.000004
0.017848 0.605369 0.197982 0.112702 0.000770 0.065325 0.000004
0.021793 0.601287 0.197794 0.112617 0.000765 0.065738 0.000005
0.023539 0.597674 0.198453 0.112977 0.000787 0.066564 0.000005
0.023851 0.595633 0.199091 0.113139 0.000795 0.067488 0.000004
0.025847 0.592367 0.199458 0.113373 0.000804 0.068147 0.000005
0.025428 0.589954 0.200603 0.114126 0.000818 0.069068 0.000004
0.025154 0.586300 0.202128 0.115144 0.000817 0.070453 0.000004
0.027808 0.585082 0.201572 0.114536 0.000825 0.070173 0.000004
0.026422 0.582141 0.203289 0.115647 0.000830 0.071667 0.000004
0.028263 0.579182 0.203568 0.115701 0.000856 0.072425 0.000005
0.025273 0.580474 0.204514 0.116096 0.000850 0.072790 0.000004
0.027729 0.577668 0.204190 0.116177 0.000857 0.073374 0.000004
0.027445 0.573828 0.205810 0.116965 0.000867 0.075081 0.000005
0.031535 0.570079 0.205532 0.116720 0.000864 0.075266 0.000005
0.031070 0.566421 0.207312 0.117626 0.000884 0.076680 0.000007
0.037127 0.563100 0.205418 0.116907 0.000883 0.076558 0.000007
0.031433 0.563318 0.208050 0.118163 0.000914 0.078113 0.000008
0.033485 0.559864 0.208322 0.118306 0.000914 0.079103 0.000006
0.033455 0.560548 0.208037 0.118131 0.000914 0.078909 0.000006
0.029352 0.559478 0.210159 0.119510 0.000948 0.080545 0.000007
0.033059 0.555059 0.210117 0.119326 0.000934 0.081499 0.000006
0.033436 0.553750 0.210431 0.119505 0.000938 0.081932 0.000009
0.030150 0.554783 0.211457 0.120042 0.000979 0.082580 0.000009
0.030440 0.553059 0.211772 0.120324 0.000968 0.083427 0.000010
0.027158 0.551699 0.213766 0.121510 0.000991 0.084867 0.000010
0.026917 0.549755 0.214475 0.122109 0.001004 0.085731 0.000009
0.025991 0.548491 0.215304 0.122729 0.001002 0.086473 0.000011
0.027278 0.547397 0.215317 0.122300 0.000995 0.086703 0.000010
0.025477 0.545179 0.216460 0.123169 0.001000 0.088704 0.000011
0.023112 0.544273 0.217879 0.124159 0.001024 0.089541 0.000012
0.022478 0.542791 0.218835 0.124268 0.001023 0.090593 0.000011
0.021773 0.542209 0.219110 0.124482 0.001039 0.091377 0.000011
0.021368 0.540020 0.220399 0.124841 0.001053 0.092307 0.000012
0.019086 0.537818 0.222050 0.126054 0.001055 0.093923 0.000015
0.016512 0.536436 0.223642 0.127277 0.001071 0.095048 0.000014
0.018872 0.535608 0.222709 0.126366 0.001052 0.095377 0.000016
0.016728 0.532543 0.224882 0.127554 0.001075 0.097203 0.000016
0.016093 0.531630 0.225406 0.127924 0.001089 0.097844 0.000014
0.015520 0.529686 0.226033 0.128642 0.001130 0.098970 0.000018
0.015115 0.528994 0.226702 0.128630 0.001125 0.099421 0.000013
0.014057 0.525000 0.228436 0.129611 0.001146 0.101735 0.000015
0.013530 0.522668 0.229712 0.130195 0.001147 0.102732 0.000016
0.013331 0.521255 0.230084 0.130770 0.001158 0.103387 0.000016
0.013771 0.521418 0.229542 0.130363 0.001172 0.103719 0.000014
0.012817 0.518729 0.231042 0.131369 0.001187 0.104837 0.000020
0.012012 0.514154 0.232900 0.132462 0.001185 0.107269 0.000018
0.011718 0.512256 0.233886 0.132666 0.001210 0.108244 0.000020
0.012060 0.512654 0.233231 0.132458 0.001240 0.108338 0.000018
0.011646 0.510209 0.234283 0.133386 0.001233 0.109226 0.000018
0.011993 0.509595 0.234408 0.132599 0.001235 0.110152 0.000018
0.011199 0.504347 0.236543 0.134335 0.001275 0.112280 0.000021
0.011380 0.505225 0.236306 0.133598 0.001258 0.112215 0.000018
0.010956 0.501971 0.237426 0.134495 0.001278 0.113860 0.000014
0.010988 0.501851 0.237006 0.134650 0.001267 0.114223 0.000016
0.010877 0.499498 0.237710 0.134922 0.001304 0.115672 0.000017
0.010522 0.496342 0.239156 0.135665 0.001338 0.116958 0.000019
0.010563 0.495930 0.239048 0.135702 0.001346 0.117393 0.000018
0.010356 0.493302 0.239969 0.136337 0.001357 0.118665 0.000015
0.010205 0.490088 0.241363 0.136546 0.001369 0.120412 0.000016
0.010062 0.489359 0.241284 0.137108 0.001375 0.120797 0.000015
0.009753 0.486062 0.242907 0.137451 0.001369 0.122439 0.000018
0.010052 0.485474 0.242414 0.137487 0.001403 0.123149 0.000020
0.009723 0.483472 0.243246 0.137928 0.001411 0.124199 0.000020
0.009939 0.482346 0.243612 0.138043 0.001406 0.124637 0.000018
0.009673 0.479956 0.244479 0.138430 0.001434 0.126006 0.000022
0.009490 0.477847 0.244954 0.139032 0.001458 0.127194 0.000025
0.009834 0.477117 0.244924 0.138718 0.001429 0.127955 0.000024
0.009728 0.475576 0.245198 0.139136 0.001443 0.128893 0.000026
0.009537 0.472914 0.246026 0.139706 0.001473 0.130319 0.000024
0.009322 0.471359 0.246913 0.139911 0.001470 0.131000 0.000025
0.009449 0.471186 0.246609 0.139585 0.001480 0.131668 0.000022
0.009270 0.468126 0.247682 0.140208 0.001494 0.133199 0.000022
0.009171 0.465935 0.248473 0.140388 0.001517 0.134490 0.000028
0.009164 0.464142 0.249026 0.140782 0.001510 0.135352 0.000024
0.009244 0.463235 0.248912 0.140920 0.001540 0.136127 0.000022
0.009069 0.461343 0.249118 0.141452 0.001559 0.137430 0.000028
0.008951 0.458515 0.250287 0.141733 0.001582 0.138909 0.000024
0.009070 0.458038 0.250094 0.141935 0.001584 0.139256 0.000025
0.008836 0.456468 0.250951 0.142144 0.001595 0.139980 0.000026
0.008942 0.454032 0.251281 0.142341 0.001596 0.141783 0.000025
0.008905 0.451413 0.252027 0.142647 0.001626 0.143358 0.000025
0.008876 0.450302 0.252411 0.142910 0.001656 0.143822 0.000023
0.008744 0.448376 0.252826 0.143357 0.001622 0.145051 0.000025
0.008739 0.447768 0.252982 0.143437 0.001645 0.145403 0.000027
0.008781 0.446962 0.252981 0.143418 0.001672 0.146161 0.000025
0.008698 0.443673 0.254022 0.143859 0.001655 0.148069 0.000024
0.008665 0.441295 0.254665 0.144183 0.001680 0.149485 0.000026
0.008602 0.440815 0.254380 0.144265 0.001707 0.150207 0.000024
0.008543 0.438600 0.255352 0.144577 0.001701 0.151199 0.000028
0.008540 0.437188 0.255623 0.144622 0.001705 0.152297 0.000026
0.008616 0.435881 0.255290 0.144824 0.001771 0.153591 0.000025
0.008486 0.433255 0.256338 0.145006 0.001737 0.155149 0.000029
0.008546 0.433064 0.256198 0.145008 0.001751 0.155407 0.000026
0.008465 0.431329 0.256523 0.145351 0.001775 0.156534 0.000023
0.008493 0.429923 0.257004 0.145576 0.001829 0.157149 0.000025
0.008456 0.427875 0.257293 0.145814 0.001818 0.158717 0.000026
0.008430 0.426373 0.257833 0.145745 0.001793 0.159800 0.000028
0.008302 0.423898 0.258513 0.146386 0.001841 0.161031 0.000030
0.008418 0.423319 0.258247 0.146352 0.001851 0.161786 0.000027
0.008349 0.421923 0.258576 0.146445 0.001863 0.162818 0.000027
0.008372 0.419730 0.258836 0.147007 0.001863 0.164163 0.000030
0.008344 0.419531 0.259070 0.146465 0.001901 0.164658 0.000031
0.008303 0.417120 0.259508 0.147191 0.001881 0.165968 0.000029
0.008166 0.415473 0.259917 0.147224 0.001910 0.167283 0.000029
0.008234 0.412972 0.260513 0.147542 0.001898 0.168814 0.000027
0.008214 0.413544 0.260193 0.147423 0.001937 0.168659 0.000030
0.008193 0.410828 0.260659 0.147818 0.001941 0.170529 0.000031
0.008153 0.409421 0.260790 0.148026 0.001987 0.171590 0.000032
0.008185 0.408638 0.260710 0.148182 0.001977 0.172278 0.000029
0.008140 0.405651 0.261740 0.148268 0.002028 0.174141 0.000033
0.008126 0.405752 0.261350 0.148159 0.001997 0.174582 0.000034
0.008130 0.404255 0.261861 0.148340 0.002011 0.175372 0.000032
0.008172 0.401920 0.262304 0.148746 0.002033 0.176798 0.000027
0.008069 0.400921 0.262222 0.149028 0.002036 0.177693 0.000030
0.008033 0.399747 0.262616 0.148865 0.002037 0.178672 0.000030
0.007978 0.396654 0.263194 0.149269 0.002070 0.180800 0.000033
0.008032 0.395148 0.263587 0.149514 0.002037 0.181649 0.000034
0.008038 0.394703 0.263500 0.149564 0.002091 0.182074 0.000030
0.007941 0.391744 0.263929 0.149889 0.002096 0.184373 0.000029
0.007981 0.390925 0.264226 0.149641 0.002075 0.185118 0.000034
0.007949 0.389552 0.264572 0.149875 0.002095 0.185927 0.000030
0.007933 0.388206 0.264697 0.150064 0.002107 0.186963 0.000031
0.007935 0.386565 0.264789 0.150203 0.002154 0.188322 0.000033
0.007969 0.385549 0.264767 0.150402 0.002149 0.189133 0.000031
0.007905 0.383854 0.265042 0.150566 0.002168 0.190432 0.000034
0.007959 0.383510 0.265127 0.150229 0.002172 0.190971 0.000032
0.007924 0.381753 0.265012 0.150639 0.002178 0.192462 0.000033
0.007871 0.380334 0.265829 0.150650 0.002191 0.193092 0.000033
0.007861 0.378512 0.265797 0.150751 0.002223 0.194822 0.000033
0.007950 0.378427 0.265583 0.150737 0.002197 0.195071 0.000035
0.007878 0.375844 0.266053 0.151184 0.002222 0.196781 0.000038
0.007826 0.374355 0.266323 0.151102 0.002225 0.198136 0.000034
0.007877 0.374813 0.266298 0.150856 0.002229 0.197895 0.000032
0.007795 0.372095 0.267141 0.150987 0.002239 0.199708 0.000034
0.007871 0.370983 0.266782 0.151346 0.002230 0.200755 0.000034
0.007858 0.368557 0.267516 0.151264 0.002264 0.202505 0.000035
0.007841 0.367121 0.267091 0.151617 0.002308 0.203984 0.000038
0.007795 0.366267 0.267645 0.151305 0.002270 0.204683 0.000034
0.007677 0.365832 0.267394 0.151800 0.002280 0.204983 0.000034
0.007766 0.365144 0.267468 0.151809 0.002337 0.205443 0.000034
0.007849 0.363521 0.267700 0.151654 0.002297 0.206941 0.000037
0.007765 0.360690 0.268046 0.152191 0.002359 0.208914 0.000035
0.007783 0.359509 0.268010 0.152200 0.002369 0.210091 0.000038
0.007804 0.359808 0.267776 0.152259 0.002366 0.209951 0.000037
0.007715 0.356128 0.268844 0.152125 0.002386 0.212763 0.000039
0.007789 0.356720 0.268276 0.152385 0.002412 0.212384 0.000035
0.007801 0.355878 0.268335 0.152274 0.002366 0.213308 0.000038
0.007818 0.353236 0.268746 0.152492 0.002410 0.215261 0.000036
0.007810 0.351705 0.269169 0.152522 0.002416 0.216335 0.000044
0.007835 0.350719 0.268779 0.152833 0.002424 0.217369 0.000041
0.007793 0.350398 0.269099 0.152795 0.002413 0.217461 0.000041
0.007780 0.348158 0.269120 0.152876 0.002440 0.219587 0.000041
0.008953 0.346781 0.269110 0.152494 0.002463 0.220157 0.000043
0.020155 0.343026 0.265749 0.150494 0.002439 0.218096 0.000042
0.020244 0.341590 0.265439 0.150745 0.002454 0.219482 0.000045
0.022097 0.340348 0.264884 0.150356 0.002470 0.219794 0.000051
0.021947 0.338873 0.265100 0.150176 0.002463 0.221395 0.000046
0.022130 0.338887 0.264444 0.150246 0.002466 0.221783 0.000044
0.020256 0.338175 0.265234 0.150597 0.002517 0.223175 0.000048
0.025354 0.337364 0.263008 0.149459 0.002464 0.222305 0.000045
0.025513 0.337979 0.263116 0.149038 0.002464 0.221843 0.000047
0.023855 0.337688 0.263017 0.149148 0.002456 0.223788 0.000048
0.018838 0.336013 0.265267 0.150449 0.002535 0.226850 0.000048
0.017721 0.335057 0.265179 0.150437 0.002562 0.229001 0.000043
0.020669 0.336226 0.263763 0.149661 0.002524 0.227109 0.000048
0.018217 0.334665 0.264594 0.150092 0.002549 0.229835 0.000049
0.017947 0.333141 0.264736 0.149741 0.002553 0.231834 0.000048
0.015932 0.331946 0.265746 0.150546 0.002582 0.233203 0.000045
0.016505 0.332512 0.264837 0.150413 0.002563 0.233120 0.000049
0.016519 0.333468 0.264340 0.149908 0.002565 0.233153 0.000047
0.013649 0.329791 0.266132 0.150810 0.002590 0.236981 0.000046
0.013475 0.330084 0.265851 0.150795 0.002619 0.237126 0.000051
0.013298 0.330649 0.265818 0.151060 0.002650 0.236481 0.000044
0.011053 0.326358 0.267425 0.152200 0.002670 0.240247 0.000048
0.011044 0.325389 0.267217 0.151936 0.002671 0.241693 0.000049
0.010537 0.324488 0.267661 0.152051 0.002677 0.242533 0.000054
0.010461 0.322014 0.267797 0.152092 0.002647 0.244939 0.000050
0.010244 0.322249 0.267703 0.152069 0.002673 0.245011 0.000051
0.010296 0.321807 0.267710 0.151884 0.002651 0.245603 0.000049
0.009800 0.319683 0.268244 0.152350 0.002729 0.247139 0.000055
0.009332 0.317662 0.268683 0.152227 0.002755 0.249286 0.000055
0.009575 0.319051 0.268068 0.152037 0.002700 0.248512 0.000057
0.009384 0.316007 0.268329 0.152341 0.002734 0.251151 0.000054
0.009193 0.315886 0.268079 0.152407 0.002753 0.251624 0.000057
0.009055 0.314588 0.268170 0.152222 0.002749 0.253167 0.000050
0.008417 0.311441 0.269085 0.152894 0.002778 0.255337 0.000048
0.008634 0.310217 0.269030 0.152700 0.002809 0.256560 0.000050
0.008732 0.311318 0.268380 0.152688 0.002781 0.256047 0.000054
0.008421 0.308862 0.269158 0.152868 0.002802 0.257835 0.000053
0.008279 0.307467 0.269064 0.152796 0.002793 0.259545 0.000057
0.008709 0.307221 0.269100 0.152310 0.002807 0.259802 0.000052
0.008571 0.307410 0.268611 0.152473 0.002803 0.260075 0.000058
0.008596 0.305187 0.268790 0.152504 0.002813 0.262059 0.000050
0.008357 0.303968 0.269013 0.152749 0.002820 0.263037 0.000056
0.008177 0.303242 0.269430 0.152906 0.002847 0.263342 0.000056
0.008295 0.301949 0.269080 0.152627 0.002863 0.265132 0.000054
0.008225 0.299714 0.269282 0.152690 0.002876 0.267155 0.000058
0.008178 0.298783 0.269477 0.152865 0.002841 0.267795 0.000062
0.008107 0.296577 0.269685 0.152946 0.002855 0.269770 0.000060
0.008239 0.296569 0.269241 0.153036 0.002832 0.270024 0.000059
0.008273 0.295283 0.268930 0.152970 0.002901 0.271589 0.000055
0.008442 0.295196 0.268895 0.152302 0.002914 0.272187 0.000065
0.008386 0.294145 0.268651 0.152420 0.002881 0.273464 0.000053
0.008243 0.291508 0.268914 0.152741 0.002956 0.275576 0.000062
0.008246 0.291660 0.269069 0.152481 0.002949 0.275535 0.000061
0.008325 0.290414 0.268732 0.152322 0.002963 0.277189 0.000055
0.008212 0.289936 0.268999 0.152685 0.002981 0.277125 0.000062
0.008100 0.287529 0.269249 0.152754 0.002948 0.279358 0.000062
0.008169 0.287443 0.268930 0.152460 0.002972 0.279960 0.000065
0.008329 0.287703 0.268555 0.152118 0.002994 0.280238 0.000062
0.008127 0.285603 0.269119 0.152349 0.003019 0.281720 0.000064
0.008200 0.285580 0.268562 0.152421 0.002994 0.282174 0.000070
0.008081 0.282878 0.269010 0.152339 0.003018 0.284609 0.000066
0.008155 0.282149 0.268828 0.152182 0.003026 0.285593 0.000067
0.008176 0.282360 0.268618 0.152143 0.003050 0.285583 0.000070
0.008042 0.279043 0.269076 0.152424 0.003053 0.288296 0.000065
0.008123 0.279255 0.268649 0.151939 0.003043 0.288925 0.000067
0.008210 0.279221 0.268530 0.152046 0.003042 0.288883 0.000069
0.008198 0.277942 0.268368 0.152134 0.003084 0.290204 0.000070
0.008080 0.276222 0.268525 0.152005 0.003099 0.291999 0.000068
0.008050 0.274709 0.268552 0.151914 0.003118 0.293587 0.000071
0.008216 0.276302 0.267979 0.151498 0.003092 0.292846 0.000066
0.008112 0.272989 0.268733 0.152017 0.003122 0.294964 0.000063
0.008228 0.274064 0.267775 0.151667 0.003136 0.295060 0.000069
0.008161 0.271937 0.267989 0.151896 0.003124 0.296820 0.000073
0.008269 0.271133 0.267678 0.151664 0.003131 0.298052 0.000074
0.008168 0.270039 0.267978 0.151780 0.003131 0.298827 0.000076
0.008158 0.267970 0.268156 0.151746 0.003206 0.300696 0.000069
0.008233 0.268689 0.268106 0.151432 0.003174 0.300302 0.000065
0.008256 0.266279 0.268091 0.151481 0.003169 0.302652 0.000072
0.008330 0.265671 0.267831 0.151572 0.003205 0.303322 0.000069
0.008273 0.264103 0.267789 0.151784 0.003204 0.304780 0.000068
0.008373 0.265485 0.267097 0.151292 0.003218 0.304463 0.000071
0.008354 0.264430 0.266956 0.151469 0.003211 0.305503 0.000078
0.008288 0.262213 0.267598 0.151456 0.003271 0.307099 0.000075
0.008347 0.262370 0.267225 0.151275 0.003223 0.307488 0.000072
0.008371 0.262011 0.266845 0.151288 0.003239 0.308167 0.000078
0.008348 0.259601 0.266883 0.151298 0.003288 0.310502 0.000079
0.008383 0.258792 0.266736 0.151063 0.003280 0.311678 0.000070
0.008293 0.258013 0.266767 0.151104 0.003261 0.312480 0.000081
0.008322 0.256683 0.266377 0.151123 0.003330 0.314086 0.000080
0.008355 0.257030 0.266335 0.150998 0.003303 0.313903 0.000077
0.008441 0.255713 0.266278 0.151160 0.003309 0.315019 0.000079
0.008457 0.254128 0.266015 0.150632 0.003380 0.317312 0.000076
0.008491 0.253566 0.266121 0.150783 0.003347 0.317619 0.000072
0.008593 0.253192 0.265337 0.150464 0.003334 0.319003 0.000077
0.008568 0.252196 0.265364 0.150755 0.003344 0.319686 0.000086
0.008563 0.250678 0.265639 0.150623 0.003343 0.321071 0.000083
0.008587 0.250870 0.265302 0.150300 0.003378 0.321482 0.000081
0.008433 0.248993 0.265565 0.150283 0.003374 0.323276 0.000077
0.008574 0.249203 0.264939 0.150532 0.003372 0.323302 0.000078
0.008567 0.247165 0.264709 0.150325 0.003377 0.325777 0.000080
0.008547 0.246877 0.264903 0.150369 0.003385 0.325839 0.000080
0.008663 0.245434 0.264917 0.150280 0.003451 0.327168 0.000087
0.008691 0.244275 0.264558 0.150292 0.003390 0.328703 0.000090
0.008667 0.245088 0.264328 0.150306 0.003395 0.328126 0.000089
0.008622 0.243091 0.264495 0.150027 0.003423 0.330256 0.000086
0.008736 0.242874 0.263800 0.149879 0.003443 0.331182 0.000085
0.008749 0.242321 0.264248 0.149838 0.003444 0.331311 0.000088
0.008737 0.240815 0.263662 0.149976 0.003446 0.333267 0.000098
0.008821 0.241077 0.263418 0.149321 0.003413 0.333861 0.000089
0.008841 0.239469 0.263259 0.149330 0.003408 0.335614 0.000080
0.008798 0.238261 0.263334 0.149288 0.003449 0.336778 0.000092
0.008848 0.238388 0.263335 0.149318 0.003468 0.336557 0.000086
0.008888 0.236828 0.263045 0.149277 0.003447 0.338421 0.000095
0.008872 0.236573 0.263179 0.149632 0.003436 0.338216 0.000092
0.008872 0.235003 0.263452 0.149129 0.003515 0.339936 0.000094
0.008949 0.234494 0.262772 0.149197 0.003456 0.341038 0.000092
0.008882 0.234641 0.262240 0.149021 0.003468 0.341653 0.000095
0.008897 0.232774 0.262415 0.149062 0.003525 0.343231 0.000097
0.008997 0.232100 0.262161 0.148818 0.003455 0.344371 0.000099
0.009008 0.231892 0.261932 0.148559 0.003514 0.344991 0.000104
0.008999 0.230981 0.262042 0.148634 0.003498 0.345751 0.000095
0.009014 0.231106 0.262002 0.148420 0.003540 0.345817 0.000101
0.009086 0.229139 0.261450 0.148597 0.003500 0.348139 0.000089
0.009097 0.227984 0.261490 0.148288 0.003543 0.349502 0.000097
0.009086 0.227749 0.261435 0.148135 0.003567 0.349925 0.000102
0.009099 0.227178 0.261368 0.147844 0.003551 0.350860 0.000100
0.009192 0.226474 0.260543 0.147908 0.003514 0.352272 0.000096
0.009182 0.224759 0.260625 0.147902 0.003608 0.353822 0.000103
0.009256 0.225320 0.260607 0.147717 0.003592 0.353409 0.000099
0.009227 0.224764 0.260238 0.147627 0.003638 0.354409 0.000097
0.009247 0.222711 0.260390 0.147433 0.003609 0.356509 0.000100
0.009295 0.223990 0.259786 0.147301 0.003608 0.355918 0.000103
0.009347 0.221547 0.260147 0.147261 0.003602 0.358001 0.000095
0.009343 0.221613 0.259569 0.147049 0.003566 0.358760 0.000100
0.009397 0.220385 0.259432 0.146865 0.003653 0.360163 0.000103
0.009436 0.219799 0.259145 0.147055 0.003601 0.360873 0.000092
0.009453 0.219333 0.258787 0.146893 0.003692 0.361739 0.000103
0.009503 0.218145 0.258866 0.146524 0.003660 0.363204 0.000098
0.009502 0.217959 0.258316 0.146538 0.003673 0.363911 0.000101
0.009528 0.217331 0.258337 0.146412 0.003626 0.364665 0.000101
0.009594 0.216849 0.258061 0.145964 0.003670 0.365758 0.000105
0.009596 0.216655 0.257832 0.146100 0.003704 0.366007 0.000107
0.009646 0.214878 0.257702 0.146128 0.003683 0.367859 0.000103
0.009615 0.214074 0.257707 0.146167 0.003683 0.368645 0.000109
0.009697 0.214250 0.257118 0.146097 0.003648 0.369084 0.000106
0.009615 0.212726 0.257346 0.145681 0.003668 0.370864 0.000100
0.009658 0.213544 0.257094 0.145845 0.003707 0.370041 0.000111
0.009721 0.212317 0.256480 0.145538 0.003749 0.372087 0.000108
0.009774 0.211514 0.256156 0.145459 0.003758 0.373229 0.000110
0.009849 0.209994 0.256116 0.145115 0.003704 0.375116 0.000106
0.009751 0.209592 0.256039 0.145111 0.003774 0.375628 0.000106
0.009827 0.208997 0.255375 0.145099 0.003743 0.376851 0.000109
0.009789 0.209377 0.255632 0.144934 0.003750 0.376412 0.000106
0.009895 0.207012 0.255157 0.144785 0.003791 0.379258 0.000103
0.009922 0.207878 0.255419 0.144746 0.003757 0.378167 0.000110
0.009908 0.206833 0.254861 0.144782 0.003779 0.379727 0.000110
0.009868 0.205874 0.254554 0.144139 0.003744 0.381717 0.000104
0.010022 0.205783 0.254323 0.144297 0.003766 0.381701 0.000108
0.010065 0.204978 0.254099 0.144276 0.003829 0.382644 0.000108
0.009955 0.204347 0.254360 0.144033 0.003751 0.383445 0.000109
0.010087 0.203021 0.253225 0.143974 0.003834 0.385756 0.000103
0.010085 0.203342 0.253250 0.143877 0.003823 0.385521 0.000103
0.010189 0.201933 0.253094 0.143837 0.003855 0.386982 0.000110
0.010215 0.202169 0.252878 0.143700 0.003817 0.387100 0.000121
0.010103 0.201063 0.253137 0.143560 0.003851 0.388170 0.000117
0.010230 0.199917 0.252535 0.143480 0.003848 0.389879 0.000111
0.010213 0.201264 0.252618 0.143177 0.003866 0.388755 0.000107
0.010279 0.198603 0.251639 0.143357 0.003892 0.392118 0.000112
0.010234 0.198496 0.252209 0.143226 0.003842 0.391879 0.000114
0.010298 0.198553 0.251509 0.142995 0.003881 0.392658 0.000106
0.010210 0.197136 0.251231 0.142938 0.003926 0.394446 0.000112
0.010360 0.196052 0.251400 0.142948 0.003911 0.395218 0.000111
0.010345 0.196335 0.250851 0.142941 0.003910 0.395517 0.000101
0.010430 0.195884 0.250836 0.142431 0.003943 0.396367 0.000109
0.010423 0.194856 0.250910 0.142378 0.003891 0.397428 0.000114
0.010420 0.195428 0.250734 0.142496 0.003907 0.396901 0.000114
0.010483 0.193566 0.249970 0.142183 0.003941 0.399744 0.000112
0.010528 0.192945 0.249823 0.142015 0.003920 0.400648 0.000121
0.010556 0.192070 0.249666 0.141851 0.003938 0.401806 0.000114
0.010652 0.191574 0.249728 0.141945 0.003934 0.402050 0.000118
0.010603 0.192219 0.249145 0.141693 0.003963 0.402260 0.000118
0.010678 0.190593 0.248915 0.141482 0.003975 0.404244 0.000113
0.010600 0.189826 0.248723 0.141375 0.003990 0.405376 0.000110
0.010637 0.190144 0.248742 0.141329 0.003962 0.405062 0.000125
0.010612 0.188988 0.248621 0.141027 0.004005 0.406630 0.000118
0.010696 0.188236 0.248374 0.140752 0.003961 0.407860 0.000122
0.010687 0.188711 0.247926 0.140799 0.003984 0.407779 0.000115
0.010754 0.187504 0.247829 0.140808 0.004008 0.408981 0.000117
0.010736 0.186968 0.247839 0.140619 0.004037 0.409671 0.000130
0.010736 0.186018 0.247223 0.140378 0.004010 0.411514 0.000122
0.010905 0.186128 0.247234 0.140495 0.004013 0.411101 0.000124
0.010916 0.184744 0.246160 0.140161 0.004020 0.413880 0.000120
0.010888 0.185142 0.246027 0.140174 0.004046 0.413602 0.000122
0.010971 0.184217 0.245900 0.140101 0.004064 0.414614 0.000132
0.010971 0.183591 0.245673 0.139578 0.004043 0.416016 0.000127
0.011033 0.182897 0.245473 0.139745 0.004024 0.416702 0.000127
0.011168 0.181976 0.245379 0.139694 0.004087 0.417564 0.000132
0.011154 0.181777 0.245514 0.139417 0.004022 0.417995 0.000121
0.011118 0.181135 0.244932 0.139307 0.004080 0.419295 0.000133
0.011156 0.180173 0.244565 0.138967 0.004083 0.420926 0.000131
0.011289 0.179778 0.244447 0.138581 0.004034 0.421749 0.000122
0.011208 0.180001 0.244020 0.138755 0.004066 0.421817 0.000133
0.011170 0.178876 0.243710 0.138827 0.004113 0.423168 0.000136
0.011216 0.178808 0.243909 0.138468 0.004123 0.423340 0.000136
0.011216 0.178541 0.243663 0.138441 0.004093 0.423909 0.000136
0.011245 0.177189 0.243057 0.138278 0.004096 0.425998 0.000136
0.011257 0.177435 0.243048 0.138061 0.004141 0.425923 0.000134
0.011240 0.176940 0.242567 0.138019 0.004146 0.426959 0.000128
0.011257 0.176948 0.242520 0.137904 0.004145 0.427081 0.000144
0.011411 0.175184 0.242528 0.137765 0.004187 0.428786 0.000140
0.011345 0.175735 0.242387 0.137859 0.004148 0.428390 0.000136
0.011342 0.174995 0.242192 0.137621 0.004169 0.429542 0.000139
0.011465 0.174179 0.241678 0.137066 0.004153 0.431322 0.000137
0.011475 0.174557 0.241553 0.137078 0.004153 0.431038 0.000146
0.011468 0.173763 0.240972 0.136610 0.004200 0.432848 0.000137
0.011558 0.173718 0.240794 0.136851 0.004205 0.432740 0.000134
0.011611 0.172509 0.240718 0.136747 0.004236 0.434041 0.000139
0.011623 0.171738 0.240107 0.136500 0.004212 0.435678 0.000141
0.011617 0.171692 0.240705 0.136360 0.004162 0.435330 0.000134
0.011625 0.170497 0.239725 0.136316 0.004233 0.437466 0.000137
0.011649 0.171176 0.239819 0.136143 0.004242 0.436830 0.000141
0.011697 0.170195 0.239312 0.135765 0.004190 0.438698 0.000143
0.011640 0.169183 0.239082 0.135470 0.004235 0.440256 0.000135
0.011702 0.169751 0.239213 0.135399 0.004249 0.439541 0.000144
0.011726 0.168125 0.238716 0.135106 0.004293 0.441896 0.000138
0.011680 0.168062 0.238115 0.134997 0.004210 0.442785 0.000152
0.011758 0.167945 0.238122 0.135097 0.004235 0.442696 0.000147
0.011813 0.166670 0.237539 0.134790 0.004265 0.444774 0.000149
0.011854 0.166940 0.237532 0.134598 0.004231 0.444693 0.000151
0.011920 0.166633 0.237293 0.134893 0.004257 0.444856 0.000147
0.011944 0.165154 0.237135 0.134418 0.004279 0.446919 0.000152
0.011935 0.164676 0.236780 0.134484 0.004333 0.447642 0.000151
0.012000 0.164586 0.236740 0.134062 0.004244 0.448221 0.000148
0.011993 0.164541 0.236282 0.134042 0.004325 0.448669 0.000148
0.012039 0.164104 0.236377 0.134247 0.004331 0.448756 0.000145
0.012051 0.163744 0.235818 0.133395 0.004279 0.450566 0.000147
0.012075 0.162722 0.235254 0.133624 0.004319 0.451858 0.000148
0.012069 0.163803 0.235244 0.133296 0.004287 0.451149 0.000151
0.012247 0.161555 0.234797 0.133162 0.004366 0.453726 0.000146
0.012189 0.161650 0.234604 0.133047 0.004340 0.454018 0.000154
0.012330 0.160681 0.234722 0.132805 0.004265 0.455046 0.000151
0.012300 0.159991 0.234376 0.132102 0.004310 0.456759 0.000163
0.012268 0.160664 0.233930 0.132475 0.004352 0.456156 0.000155
0.012396 0.159139 0.233516 0.131971 0.004341 0.458479 0.000158
0.012364 0.159413 0.233716 0.132329 0.004369 0.457653 0.000155
0.012411 0.158322 0.232952 0.132134 0.004355 0.459667 0.000160
0.012514 0.158044 0.233029 0.131761 0.004396 0.460109 0.000147
0.012432 0.157667 0.232876 0.131765 0.004335 0.460760 0.000165
0.012478 0.157814 0.232480 0.131929 0.004378 0.460763 0.000157
0.012611 0.157064 0.231851 0.131545 0.004426 0.462335 0.000169
0.012587 0.156673 0.232257 0.131556 0.004410 0.462355 0.000163
0.012558 0.156590 0.231622 0.131455 0.004370 0.463236 0.000170
0.012710 0.155550 0.231356 0.130804 0.004362 0.465056 0.000162
0.012691 0.155305 0.231162 0.130751 0.004460 0.465472 0.000159
0.012714 0.154582 0.231141 0.130966 0.004469 0.465957 0.000172
0.012792 0.154672 0.230397 0.130862 0.004450 0.466662 0.000165
0.012833 0.154242 0.230475 0.130568 0.004439 0.467281 0.000161
0.012789 0.153656 0.230077 0.130291 0.004412 0.468608 0.000167
0.012875 0.154201 0.229788 0.130497 0.004426 0.468036 0.000176
0.012964 0.153153 0.229344 0.129797 0.004461 0.470115 0.000165
0.013043 0.152026 0.229268 0.129761 0.004449 0.471279 0.000174
0.012963 0.152206 0.229013 0.129606 0.004422 0.471611 0.000180
0.013131 0.151679 0.228684 0.129472 0.004433 0.472442 0.000161
0.013234 0.151330 0.228187 0.129328 0.004403 0.473352 0.000166
0.013185 0.150817 0.227792 0.128909 0.004452 0.474684 0.000160
0.013301 0.150730 0.227794 0.128938 0.004468 0.474602 0.000167
0.013277 0.150807 0.227418 0.129056 0.004462 0.474807 0.000172
0.013279 0.149223 0.227184 0.128729 0.004431 0.476976 0.000178
0.013323 0.149177 0.227231 0.128776 0.004449 0.476866 0.000179
0.013330 0.148841 0.226711 0.128720 0.004499 0.477726 0.000173
0.013411 0.148446 0.226613 0.128380 0.004466 0.478505 0.000178
0.013474 0.147892 0.226354 0.128179 0.004452 0.479469 0.000179
0.013466 0.147718 0.226171 0.128408 0.004519 0.479546 0.000172
0.013591 0.147472 0.225741 0.128054 0.004487 0.480475 0.000180
0.013469 0.147628 0.225552 0.127933 0.004502 0.480721 0.000194
0.013714 0.147184 0.225059 0.127648 0.004552 0.481661 0.000182
0.013643 0.146259 0.225020 0.127273 0.004500 0.483124 0.000181
0.013614 0.146315 0.224986 0.127360 0.004509 0.483031 0.000185
0.013684 0.145850 0.224333 0.127349 0.004549 0.484058 0.000177
0.013727 0.145324 0.223765 0.126938 0.004564 0.485491 0.000191
0.013694 0.144805 0.223662 0.126982 0.004583 0.486090 0.000184
0.013869 0.144380 0.223167 0.126661 0.004579 0.487158 0.000187
0.013877 0.143869 0.223204 0.126685 0.004516 0.487655 0.000193
0.013846 0.143108 0.223082 0.126577 0.004553 0.488650 0.000185
0.013997 0.142958 0.222040 0.126370 0.004533 0.489918 0.000185
0.013945 0.142999 0.222221 0.125993 0.004580 0.490084 0.000177
0.014005 0.142207 0.222058 0.125731 0.004546 0.491262 0.000191
0.014020 0.142471 0.221947 0.125920 0.004529 0.490929 0.000184
0.013982 0.141298 0.220811 0.125527 0.004615 0.493574 0.000192
0.014018 0.141401 0.221241 0.125336 0.004571 0.493258 0.000176
0.013953 0.141286 0.221091 0.125016 0.004574 0.493899 0.000181
0.014062 0.140647 0.220811 0.125016 0.004599 0.494666 0.000198
0.014060 0.140287 0.220592 0.125167 0.004649 0.495046 0.000199
0.014044 0.140071 0.220177 0.125037 0.004602 0.495877 0.000191
0.014209 0.139421 0.220299 0.124673 0.004640 0.496561 0.000197
0.014243 0.139411 0.219997 0.124742 0.004601 0.496807 0.000199
0.014335 0.139429 0.219968 0.124408 0.004600 0.497067 0.000192
0.014316 0.138338 0.219194 0.124313 0.004591 0.499061 0.000187
0.014397 0.137757 0.218657 0.123976 0.004666 0.500352 0.000196
0.014559 0.137633 0.218154 0.124035 0.004641 0.500778 0.000201
0.014471 0.138079 0.218606 0.123412 0.004647 0.500589 0.000196
0.014425 0.137690 0.218168 0.123610 0.004686 0.501234 0.000187
0.014460 0.137069 0.217909 0.123771 0.004615 0.501983 0.000191
0.014625 0.136813 0.217923 0.123510 0.004637 0.502304 0.000188
0.014662 0.136402 0.216974 0.123363 0.004709 0.503688 0.000202
0.014618 0.136146 0.216945 0.123370 0.004610 0.504120 0.000189
0.014758 0.135818 0.216438 0.122792 0.004682 0.505310 0.000202
0.014836 0.135484 0.216135 0.122625 0.004633 0.506094 0.000193
0.014786 0.135694 0.216142 0.122690 0.004659 0.505842 0.000188
0.014825 0.134805 0.215841 0.121887 0.004673 0.507773 0.000198
0.014807 0.134265 0.215740 0.122030 0.004667 0.508291 0.000201
0.014936 0.134018 0.214851 0.121693 0.004725 0.509563 0.000215
0.014981 0.134185 0.214792 0.121864 0.004692 0.509282 0.000205
0.014949 0.133536 0.214513 0.121886 0.004700 0.510214 0.000201
0.014938 0.133412 0.214569 0.121502 0.004674 0.510704 0.000201
0.015075 0.132362 0.214321 0.121407 0.004614 0.512032 0.000190
0.015086 0.132634 0.213968 0.120977 0.004609 0.512515 0.000212
