0.964433 0.034840 0.000461 0.000258 0.000000 0.000009 0.000000
0.931043 0.067369 0.000994 0.000571 0.000000 0.000023 0.000000
0.922904 0.075279 0.001151 0.000645 0.000000 0.000021 0.000000
0.912138 0.085722 0.001345 0.000772 0.000000 0.000023 0.000000
0.901163 0.096402 0.001507 0.000895 0.000000 0.000033 0.000000
0.890251 0.106987 0.001732 0.000996 0.000000 0.000034 0.000000
0.878566 0.118286 0.001959 0.001146 0.000000 0.000042 0.000000
0.865578 0.130865 0.002223 0.001284 0.000000 0.000050 0.000000
0.851360 0.144621 0.002535 0.001430 0.000000 0.000054 0.000000
0.837333 0.158140 0.002858 0.001607 0.000001 0.000062 0.000000
0.823968 0.170978 0.003191 0.001788 0.000001 0.000074 0.000000
0.807549 0.186737 0.003622 0.002004 0.000001 0.000087 0.000000
0.793255 0.200459 0.003980 0.002209 0.000002 0.000097 0.000000
0.776462 0.216563 0.004421 0.002436 0.000001 0.000117 0.000000
0.761751 0.230725 0.004786 0.002601 0.000001 0.000136 0.000000
0.744111 0.247635 0.005230 0.002864 0.000001 0.000158 0.000000
0.728545 0.262523 0.005652 0.003103 0.000001 0.000175 0.000000
0.711642 0.278580 0.006166 0.003413 0.000002 0.000198 0.000000
0.694426 0.294935 0.006686 0.003733 0.000002 0.000218 0.000000
0.677188 0.311260 0.007261 0.004060 0.000003 0.000228 0.000000
0.661736 0.325780 0.007835 0.004392 0.000004 0.000252 0.000000
0.647076 0.339619 0.008323 0.004702 0.000004 0.000276 0.000000
0.630220 0.355433 0.008968 0.005059 0.000004 0.000316 0.000000
0.615078 0.369644 0.009536 0.005395 0.000005 0.000343 0.000000
0.598875 0.384799 0.010166 0.005772 0.000005 0.000383 0.000000
0.585101 0.397524 0.010795 0.006148 0.000006 0.000426 0.000000
0.570526 0.410950 0.011487 0.006566 0.000006 0.000464 0.000000
0.556109 0.424193 0.012196 0.006998 0.000007 0.000497 0.000000
0.544635 0.434703 0.012826 0.007305 0.000007 0.000524 0.000000
0.530944 0.447214 0.013547 0.007713 0.000008 0.000574 0.000000
0.516427 0.460382 0.014347 0.008217 0.000009 0.000619 0.000000
0.505473 0.470199 0.015026 0.008629 0.000010 0.000664 0.000000
0.489812 0.484336 0.015964 0.009151 0.000011 0.000727 0.000000
0.478401 0.494608 0.016662 0.009535 0.000012 0.000781 0.000000
0.465178 0.506416 0.017543 0.010016 0.000013 0.000834 0.000000
0.454901 0.515464 0.018292 0.010445 0.000012 0.000886 0.000000
0.443805 0.525019 0.019209 0.011001 0.000013 0.000953 0.000000
0.432460 0.534929 0.020085 0.011493 0.000014 0.001019 0.000000
0.420465 0.545310 0.021064 0.012052 0.000014 0.001096 0.000000
0.412989 0.551581 0.021820 0.012433 0.000015 0.001162 0.000000
0.403804 0.559196 0.022750 0.012988 0.000015 0.001246 0.000000
0.395537 0.565931 0.023651 0.013531 0.000018 0.001332 0.000000
0.383765 0.575696 0.024879 0.014206 0.000017 0.001437 0.000000
0.376627 0.581588 0.025648 0.014601 0.000017 0.001519 0.000000
0.367143 0.589161 0.026821 0.015238 0.000019 0.001618 0.000000
0.357344 0.596939 0.028037 0.015923 0.000022 0.001735 0.000000
0.352320 0.600434 0.028960 0.016438 0.000025 0.001823 0.000000
0.344246 0.606611 0.030104 0.017070 0.000024 0.001945 0.000000
0.337750 0.611382 0.031125 0.017661 0.000025 0.002056 0.000000
0.334512 0.613298 0.031845 0.018144 0.000026 0.002174 0.000000
0.326462 0.619330 0.033109 0.018768 0.000029 0.002302 0.000000
0.319094 0.624593 0.034353 0.019486 0.000030 0.002444 0.000000
0.316640 0.625765 0.035096 0.019928 0.000031 0.002540 0.000000
0.310812 0.629458 0.036449 0.020577 0.000033 0.002670 0.000000
0.304532 0.633827 0.037503 0.021281 0.000037 0.002820 0.000000
0.303377 0.633820 0.038187 0.021655 0.000043 0.002919 0.000000
0.297261 0.637923 0.039355 0.022325 0.000045 0.003091 0.000000
0.295218 0.638418 0.040263 0.022834 0.000048 0.003219 0.000000
0.288353 0.643164 0.041492 0.023536 0.000049 0.003406 0.000000
0.283663 0.645788 0.042687 0.024236 0.000051 0.003575 0.000000
0.278272 0.648974 0.044010 0.024948 0.000052 0.003745 0.000000
0.274857 0.650564 0.045112 0.025504 0.000056 0.003907 0.000000
0.273395 0.650930 0.045753 0.025851 0.000059 0.004011 0.000000
0.265633 0.655743 0.047456 0.026844 0.000058 0.004265 0.000000
0.263796 0.655835 0.048481 0.027379 0.000059 0.004449 0.000000
0.260301 0.657425 0.049490 0.028066 0.000062 0.004656 0.000000
0.258345 0.658138 0.050232 0.028477 0.000062 0.004746 0.000000
0.251805 0.661687 0.051926 0.029483 0.000069 0.005030 0.000000
0.248357 0.662825 0.053248 0.030234 0.000069 0.005267 0.000000
0.246993 0.662486 0.054177 0.030788 0.000071 0.005484 0.000000
0.242710 0.664867 0.055271 0.031434 0.000076 0.005641 0.000000
0.236446 0.668741 0.056617 0.032211 0.000076 0.005909 0.000000
0.231677 0.670866 0.058080 0.033128 0.000079 0.006169 0.000000
0.228386 0.672441 0.059046 0.033660 0.000083 0.006383 0.000000
0.222528 0.675405 0.060743 0.034543 0.000086 0.006696 0.000000
0.218096 0.677678 0.061959 0.035282 0.000085 0.006900 0.000000
0.208805 0.682794 0.064323 0.036588 0.000092 0.007398 0.000000
0.202313 0.686951 0.065644 0.037410 0.000098 0.007584 0.000000
0.202469 0.685288 0.066539 0.037808 0.000098 0.007796 0.000000
0.197546 0.688033 0.067695 0.038533 0.000104 0.008088 0.000000
0.192666 0.690026 0.069364 0.039428 0.000105 0.008411 0.000000
0.189044 0.691545 0.070498 0.040101 0.000112 0.008699 0.000000
0.178804 0.697375 0.073070 0.041483 0.000119 0.009148 0.000000
0.180112 0.694807 0.073731 0.041887 0.000116 0.009347 0.000000
0.175575 0.697244 0.074845 0.042576 0.000117 0.009642 0.000000
0.167358 0.700846 0.077500 0.044057 0.000119 0.010119 0.000000
0.160307 0.704806 0.079254 0.044989 0.000123 0.010522 0.000000
0.157551 0.704998 0.080635 0.045745 0.000131 0.010940 0.000000
0.151746 0.707656 0.082384 0.046823 0.000137 0.011254 0.000000
0.146896 0.708901 0.084362 0.047941 0.000137 0.011764 0.000000
0.138613 0.713338 0.086428 0.049253 0.000144 0.012224 0.000000
0.136350 0.713011 0.087918 0.050022 0.000147 0.012552 0.000000
0.135182 0.711093 0.089492 0.051062 0.000150 0.013022 0.000000
0.134266 0.709703 0.090760 0.051777 0.000162 0.013331 0.000000
0.127983 0.712165 0.092888 0.052893 0.000170 0.013901 0.000000
0.125848 0.711557 0.094339 0.053756 0.000171 0.014329 0.000001
0.123842 0.709881 0.096333 0.054861 0.000177 0.014905 0.000001
0.123720 0.709374 0.096714 0.054955 0.000172 0.015064 0.000001
0.121789 0.707857 0.098456 0.056091 0.000194 0.015612 0.000001
0.116827 0.707623 0.101357 0.057642 0.000199 0.016351 0.000000
0.116144 0.705693 0.102712 0.058454 0.000205 0.016791 0.000001
0.113658 0.705409 0.104311 0.059128 0.000209 0.017285 0.000001
0.115056 0.702107 0.105152 0.059822 0.000207 0.017656 0.000001
0.107647 0.705922 0.107182 0.060891 0.000223 0.018135 0.000000
0.106090 0.704548 0.108735 0.061727 0.000230 0.018670 0.000000
0.103964 0.703883 0.110231 0.062478 0.000239 0.019204 0.000001
0.102877 0.702986 0.111058 0.063233 0.000236 0.019609 0.000000
0.102515 0.701297 0.112167 0.063729 0.000244 0.020048 0.000000
0.096131 0.702447 0.115048 0.065295 0.000248 0.020831 0.000000
0.094453 0.701558 0.116281 0.066130 0.000259 0.021319 0.000000
0.092287 0.700790 0.117823 0.066963 0.000262 0.021875 0.000001
0.087107 0.701082 0.120331 0.068408 0.000278 0.022793 0.000000
0.085426 0.701847 0.120797 0.068721 0.000280 0.022929 0.000000
0.085470 0.699316 0.122091 0.069454 0.000292 0.023377 0.000001
0.081630 0.698705 0.124391 0.070733 0.000305 0.024235 0.000000
0.079102 0.698261 0.125948 0.071515 0.000299 0.024875 0.000001
0.073081 0.699444 0.128509 0.073016 0.000312 0.025636 0.000001
0.074919 0.697574 0.128350 0.072967 0.000319 0.025870 0.000001
0.075002 0.692834 0.130772 0.074303 0.000329 0.026760 0.000000
0.068527 0.694797 0.133121 0.075645 0.000344 0.027564 0.000001
0.067120 0.694166 0.134059 0.076233 0.000350 0.028070 0.000001
0.064834 0.693051 0.135918 0.077131 0.000345 0.028718 0.000002
0.067097 0.688350 0.137058 0.077753 0.000366 0.029374 0.000002
0.064415 0.687893 0.138671 0.078587 0.000368 0.030064 0.000001
0.062605 0.686935 0.140153 0.079354 0.000385 0.030566 0.000002
0.061620 0.684494 0.141740 0.080298 0.000392 0.031454 0.000002
0.063353 0.682071 0.142075 0.080500 0.000386 0.031613 0.000001
0.069177 0.674019 0.143113 0.080962 0.000403 0.032325 0.000002
0.070483 0.670733 0.143796 0.081617 0.000412 0.032957 0.000003
0.071742 0.667968 0.144579 0.081867 0.000423 0.033419 0.000003
0.070861 0.664994 0.146720 0.082786 0.000424 0.034212 0.000002
0.070117 0.663677 0.147615 0.083343 0.000443 0.034803 0.000002
0.068414 0.661699 0.149458 0.084350 0.000449 0.035626 0.000003
0.074047 0.656605 0.148921 0.084266 0.000450 0.035708 0.000002
0.072266 0.656221 0.149932 0.084781 0.000456 0.036341 0.000003
0.072046 0.652775 0.151771 0.085724 0.000476 0.037205 0.000003
0.075951 0.648603 0.151413 0.085879 0.000479 0.037672 0.000002
0.073566 0.647964 0.153097 0.086546 0.000482 0.038342 0.000003
0.073113 0.646331 0.153971 0.087062 0.000495 0.039025 0.000003
0.076566 0.642835 0.153743 0.087099 0.000486 0.039267 0.000004
0.071805 0.643585 0.155830 0.088250 0.000509 0.040018 0.000004
0.075291 0.640229 0.155508 0.088133 0.000509 0.040328 0.000003
0.072314 0.639335 0.157397 0.089084 0.000525 0.041342 0.000004
0.069979 0.638688 0.158723 0.089873 0.000530 0.042202 0.000004
0.074059 0.633691 0.159034 0.090036 0.000539 0.042637 0.000004
0.071499 0.634491 0.159789 0.090524 0.000535 0.043157 0.000004
0.069820 0.633789 0.160869 0.091076 0.000558 0.043885 0.000003
0.067753 0.633190 0.162131 0.091815 0.000556 0.044551 0.000005
0.066998 0.631672 0.163113 0.092319 0.000568 0.045325 0.000004
0.062530 0.630325 0.165839 0.094017 0.000574 0.046709 0.000005
0.063405 0.629053 0.165924 0.093951 0.000585 0.047076 0.000005
0.059495 0.629549 0.167469 0.094922 0.000618 0.047943 0.000004
0.061067 0.627499 0.167669 0.094847 0.000607 0.048305 0.000005
0.057907 0.626792 0.169381 0.096017 0.000615 0.049282 0.000006
0.053894 0.626074 0.171833 0.097256 0.000637 0.050301 0.000004
0.050029 0.626369 0.173282 0.098188 0.000646 0.051480 0.000006
0.051571 0.623307 0.173899 0.098379 0.000660 0.052178 0.000004
0.050199 0.623761 0.174296 0.098575 0.000660 0.052504 0.000004
0.046022 0.622387 0.176972 0.100156 0.000681 0.053777 0.000005
0.044690 0.622303 0.177466 0.100541 0.000691 0.054304 0.000004
0.041446 0.620395 0.179883 0.101874 0.000709 0.055688 0.000005
0.039500 0.620827 0.180627 0.102254 0.000726 0.056061 0.000006
0.038277 0.618742 0.181998 0.103121 0.000731 0.057125 0.000006
0.034655 0.617562 0.184415 0.104275 0.000747 0.058340 0.000007
0.035714 0.616795 0.184125 0.104291 0.000740 0.058325 0.000008
0.032252 0.613833 0.187104 0.105819 0.000760 0.060225 0.000007
0.030182 0.612086 0.188829 0.106753 0.000769 0.061375 0.000006
0.029748 0.609878 0.189962 0.107432 0.000795 0.062178 0.000007
0.028362 0.608089 0.191315 0.108218 0.000803 0.063206 0.000008
0.026951 0.606669 0.192533 0.108864 0.000816 0.064162 0.000006
0.026916 0.604723 0.193494 0.109331 0.000816 0.064713 0.000008
0.026683 0.603525 0.193912 0.109762 0.000835 0.065275 0.000007
0.024950 0.601174 0.195723 0.110747 0.000829 0.066570 0.000007
0.024216 0.599579 0.196583 0.111450 0.000863 0.067301 0.000007
0.022804 0.595853 0.198997 0.112491 0.000876 0.068972 0.000006
0.022257 0.593904 0.199858 0.113171 0.000885 0.069919 0.000006
0.021620 0.591046 0.201400 0.113988 0.000888 0.071049 0.000009
0.021059 0.589511 0.202170 0.114465 0.000897 0.071891 0.000006
0.021163 0.588925 0.202436 0.114396 0.000897 0.072176 0.000007
0.020363 0.585156 0.204459 0.115694 0.000927 0.073396 0.000006
0.020423 0.584648 0.204474 0.115656 0.000933 0.073858 0.000008
0.020154 0.581691 0.205677 0.116284 0.000954 0.075232 0.000008
0.019158 0.579488 0.206998 0.117148 0.000955 0.076246 0.000007
0.018600 0.576549 0.208307 0.118052 0.000984 0.077499 0.000009
0.018638 0.575871 0.208682 0.117991 0.000977 0.077831 0.000009
0.018472 0.574122 0.209437 0.118443 0.000988 0.078528 0.000010
0.018170 0.571985 0.210227 0.119010 0.000984 0.079617 0.000008
0.017728 0.568932 0.211483 0.119949 0.000997 0.080901 0.000009
0.017814 0.568051 0.211946 0.119774 0.001023 0.081384 0.000008
0.017684 0.565489 0.212877 0.120384 0.001023 0.082535 0.000008
0.017077 0.563279 0.214064 0.121141 0.001036 0.083396 0.000007
0.016946 0.562122 0.214644 0.121321 0.001032 0.083926 0.000008
0.016339 0.558362 0.216047 0.122371 0.001051 0.085823 0.000007
0.016458 0.556524 0.216566 0.122769 0.001065 0.086611 0.000008
0.016415 0.556715 0.216728 0.122538 0.001082 0.086514 0.000009
0.015944 0.553870 0.217824 0.123332 0.001060 0.087959 0.000010
0.015831 0.551982 0.218503 0.123759 0.001090 0.088826 0.000009
0.015356 0.548294 0.220211 0.124656 0.001105 0.090369 0.000009
0.015145 0.545690 0.221083 0.125364 0.001128 0.091582 0.000008
0.015306 0.545981 0.220920 0.125187 0.001122 0.091476 0.000008
0.016968 0.541556 0.221782 0.125496 0.001148 0.093039 0.000010
0.020789 0.538142 0.221331 0.125238 0.001161 0.093328 0.000011
0.020447 0.534338 0.222990 0.126023 0.001156 0.095033 0.000013
0.022710 0.532302 0.222456 0.125779 0.001191 0.095552 0.000011
0.021959 0.532085 0.222675 0.126270 0.001197 0.095802 0.000012
0.023639 0.529232 0.223009 0.126220 0.001201 0.096687 0.000013
0.021949 0.527704 0.224213 0.126978 0.001211 0.097932 0.000013
0.027236 0.523351 0.223748 0.126230 0.001210 0.098212 0.000015
0.029486 0.519427 0.223802 0.126751 0.001218 0.099305 0.000013
0.029234 0.519318 0.224027 0.126542 0.001236 0.099628 0.000016
0.030044 0.514702 0.225228 0.127457 0.001251 0.101303 0.000016
0.030988 0.512930 0.225457 0.127493 0.001268 0.101845 0.000018
0.030083 0.513467 0.225388 0.127505 0.001254 0.102289 0.000015
0.030715 0.510690 0.225667 0.128074 0.001277 0.103561 0.000016
0.031555 0.510765 0.225249 0.127662 0.001281 0.103472 0.000015
0.027780 0.510245 0.227053 0.128726 0.001285 0.104896 0.000016
0.024549 0.508979 0.228814 0.129769 0.001286 0.106588 0.000015
0.027943 0.508075 0.227760 0.128564 0.001303 0.106340 0.000015
0.027041 0.505955 0.228543 0.129414 0.001331 0.107703 0.000013
0.024179 0.504070 0.230430 0.130399 0.001360 0.109544 0.000018
0.026555 0.502739 0.229524 0.130086 0.001335 0.109745 0.000017
0.025126 0.501905 0.230441 0.130337 0.001341 0.110833 0.000016
0.023762 0.500164 0.231631 0.131016 0.001369 0.112040 0.000018
0.021446 0.499644 0.232564 0.131607 0.001395 0.113328 0.000017
0.020667 0.497480 0.233538 0.132187 0.001411 0.114698 0.000020
0.019198 0.498177 0.233928 0.132333 0.001431 0.114915 0.000018
0.018276 0.495274 0.235258 0.133121 0.001438 0.116612 0.000020
0.017734 0.493182 0.235969 0.133455 0.001469 0.118171 0.000019
0.017192 0.491680 0.236600 0.133982 0.001467 0.119059 0.000019
0.016892 0.491034 0.236793 0.133975 0.001461 0.119824 0.000022
0.015621 0.489350 0.237940 0.134685 0.001497 0.120886 0.000021
0.015324 0.487228 0.238582 0.135117 0.001510 0.122219 0.000019
0.015122 0.485662 0.239096 0.135325 0.001521 0.123253 0.000020
0.014514 0.483765 0.240045 0.135696 0.001517 0.124444 0.000018
0.014017 0.481896 0.240882 0.136085 0.001520 0.125579 0.000020
0.013840 0.480158 0.241416 0.136491 0.001535 0.126538 0.000021
0.013185 0.477299 0.242692 0.137209 0.001578 0.128015 0.000023
0.012789 0.475626 0.243255 0.137431 0.001573 0.129302 0.000023
0.012944 0.474177 0.243297 0.137595 0.001617 0.130347 0.000021
0.012911 0.473081 0.243711 0.138057 0.001598 0.130620 0.000023
0.012317 0.470693 0.244692 0.138507 0.001609 0.132159 0.000024
0.012413 0.470149 0.244618 0.138486 0.001642 0.132671 0.000021
0.012151 0.467448 0.245621 0.138923 0.001627 0.134210 0.000020
0.011949 0.466185 0.245982 0.139091 0.001649 0.135121 0.000022
0.011830 0.464924 0.246317 0.139381 0.001643 0.135883 0.000023
0.011975 0.463284 0.246886 0.139238 0.001696 0.136898 0.000023
0.012015 0.461865 0.246739 0.139740 0.001683 0.137934 0.000025
0.011516 0.458503 0.248354 0.140364 0.001715 0.139526 0.000023
0.011372 0.457801 0.248499 0.140285 0.001695 0.140322 0.000025
0.011088 0.454834 0.249209 0.140937 0.001721 0.142186 0.000024
0.011130 0.454547 0.249379 0.140903 0.001739 0.142276 0.000026
0.011070 0.453780 0.249370 0.141136 0.001744 0.142877 0.000022
0.010820 0.450975 0.250455 0.141355 0.001741 0.144627 0.000028
0.010816 0.449765 0.250760 0.141620 0.001768 0.145242 0.000029
0.010720 0.446538 0.251559 0.142065 0.001804 0.147287 0.000026
0.010492 0.444656 0.252266 0.142240 0.001799 0.148518 0.000029
0.010540 0.442930 0.252639 0.142522 0.001802 0.149538 0.000029
0.010338 0.441690 0.252808 0.142961 0.001836 0.150341 0.000026
0.010548 0.441536 0.252772 0.142458 0.001836 0.150822 0.000029
0.010215 0.437783 0.254207 0.143140 0.001887 0.152739 0.000029
0.010171 0.436639 0.254109 0.143487 0.001873 0.153693 0.000029
0.010143 0.435894 0.254250 0.143639 0.001882 0.154162 0.000029
0.009979 0.433547 0.255259 0.143867 0.001880 0.155441 0.000028
0.010016 0.431699 0.255465 0.144133 0.001921 0.156735 0.000030
0.010067 0.429908 0.255586 0.144298 0.001922 0.158189 0.000029
0.010015 0.429919 0.255622 0.144051 0.001950 0.158410 0.000033
0.009749 0.427307 0.256623 0.144661 0.001959 0.159671 0.000032
0.009713 0.426573 0.256499 0.144951 0.001970 0.160259 0.000034
0.009861 0.424199 0.257061 0.145159 0.001969 0.161718 0.000033
0.009755 0.423632 0.257139 0.144881 0.001987 0.162569 0.000037
0.009639 0.421623 0.257953 0.145285 0.002023 0.163439 0.000037
0.009684 0.419595 0.258072 0.145654 0.002007 0.164952 0.000037
0.009616 0.417233 0.258590 0.145988 0.002046 0.166486 0.000040
0.009551 0.416606 0.258678 0.145825 0.002024 0.167281 0.000035
0.009433 0.413862 0.259416 0.146215 0.002063 0.168971 0.000041
0.009459 0.413138 0.259458 0.146383 0.002058 0.169466 0.000038
0.009494 0.411572 0.259616 0.146509 0.002065 0.170701 0.000043
0.009480 0.410434 0.260013 0.146653 0.002103 0.171280 0.000037
0.009385 0.409235 0.260130 0.146652 0.002099 0.172461 0.000038
0.009427 0.408262 0.260286 0.146742 0.002101 0.173144 0.000037
0.009315 0.405608 0.260863 0.147069 0.002153 0.174950 0.000042
0.009233 0.404052 0.261367 0.147257 0.002187 0.175860 0.000045
0.009288 0.403071 0.261597 0.147370 0.002136 0.176496 0.000041
0.009289 0.403340 0.261431 0.147168 0.002134 0.176596 0.000042
0.012555 0.399553 0.260796 0.146887 0.002123 0.178044 0.000042
0.017901 0.395133 0.259875 0.146528 0.002152 0.178369 0.000041
0.016552 0.394718 0.260222 0.146707 0.002161 0.179599 0.000041
0.018131 0.393447 0.259782 0.146536 0.002205 0.179854 0.000046
0.018011 0.392109 0.260015 0.146895 0.002199 0.180726 0.000046
0.019567 0.389645 0.260005 0.146664 0.002191 0.181884 0.000044
0.017303 0.389950 0.260637 0.147050 0.002228 0.182790 0.000042
0.017465 0.388585 0.260665 0.147017 0.002253 0.183973 0.000042
0.018849 0.386348 0.260480 0.146563 0.002250 0.185467 0.000043
0.019091 0.386844 0.260217 0.146547 0.002259 0.184990 0.000052
0.020873 0.385480 0.259231 0.146182 0.002251 0.185935 0.000048
0.018329 0.385441 0.259989 0.146763 0.002290 0.187138 0.000050
0.017286 0.383797 0.260709 0.147110 0.002288 0.188760 0.000049
0.016548 0.383833 0.260973 0.147106 0.002288 0.189211 0.000041
0.014917 0.383072 0.261532 0.147622 0.002297 0.190515 0.000045
0.014677 0.380257 0.262134 0.148010 0.002322 0.192550 0.000050
0.013745 0.379150 0.262763 0.148138 0.002345 0.193808 0.000051
0.013878 0.377593 0.262724 0.148267 0.002377 0.195112 0.000049
0.014714 0.378529 0.262115 0.147853 0.002369 0.194373 0.000047
0.013179 0.375823 0.263152 0.148344 0.002382 0.197073 0.000047
0.011886 0.373786 0.263783 0.149104 0.002383 0.199008 0.000049
0.011832 0.373680 0.264152 0.148861 0.002398 0.199029 0.000049
0.011248 0.370229 0.264947 0.149611 0.002415 0.201498 0.000052
0.011307 0.369576 0.264836 0.149492 0.002426 0.202309 0.000055
0.011259 0.370152 0.264510 0.149469 0.002418 0.202143 0.000050
0.011242 0.368451 0.264884 0.149473 0.002428 0.203471 0.000050
0.010578 0.367063 0.265101 0.149969 0.002484 0.204753 0.000052
0.010151 0.365714 0.265699 0.149840 0.002458 0.206089 0.000049
0.010070 0.363916 0.265864 0.150050 0.002483 0.207564 0.000053
0.009863 0.362139 0.266159 0.150454 0.002493 0.208839 0.000053
0.009656 0.360304 0.266535 0.150578 0.002504 0.210371 0.000052
0.009556 0.359351 0.266441 0.150807 0.002521 0.211270 0.000054
0.009976 0.358984 0.266181 0.150511 0.002546 0.211746 0.000055
0.009676 0.357042 0.266771 0.150726 0.002570 0.213162 0.000053
0.009586 0.354949 0.266999 0.150882 0.002548 0.214984 0.000052
0.009205 0.353486 0.267727 0.151034 0.002566 0.215925 0.000056
0.009273 0.352636 0.267516 0.150904 0.002575 0.217044 0.000052
0.009254 0.352231 0.267353 0.151053 0.002607 0.217448 0.000053
0.009319 0.350743 0.267436 0.151162 0.002613 0.218672 0.000056
0.009113 0.349831 0.267810 0.151287 0.002617 0.219288 0.000053
0.009128 0.347206 0.268032 0.151340 0.002640 0.221599 0.000055
0.009043 0.345506 0.268112 0.151647 0.002641 0.222994 0.000058
0.009012 0.344826 0.268001 0.151583 0.002650 0.223873 0.000055
0.008942 0.343470 0.268430 0.151608 0.002673 0.224817 0.000060
0.008976 0.342435 0.268583 0.151606 0.002685 0.225655 0.000060
0.008811 0.341195 0.268741 0.151805 0.002685 0.226705 0.000058
0.008829 0.340234 0.268654 0.151583 0.002704 0.227935 0.000060
0.008689 0.339139 0.268596 0.152288 0.002703 0.228528 0.000057
0.008689 0.337907 0.269070 0.152133 0.002722 0.229420 0.000058
0.009063 0.337956 0.268404 0.151620 0.002740 0.230158 0.000059
0.008821 0.335318 0.268948 0.152185 0.002761 0.231906 0.000060
0.008922 0.334623 0.268924 0.152042 0.002757 0.232672 0.000060
0.008820 0.332829 0.268942 0.151948 0.002771 0.234631 0.000059
0.008645 0.331510 0.269588 0.152237 0.002828 0.235132 0.000060
0.008716 0.330357 0.269491 0.152377 0.002829 0.236170 0.000059
0.008673 0.328920 0.269434 0.152305 0.002858 0.237750 0.000060
0.008707 0.328142 0.269513 0.152266 0.002828 0.238490 0.000053
0.008790 0.327073 0.269418 0.152103 0.002872 0.239683 0.000060
0.008598 0.325476 0.269596 0.152425 0.002890 0.240953 0.000062
0.008732 0.325406 0.269238 0.152429 0.002891 0.241242 0.000061
0.008521 0.322126 0.270127 0.152843 0.002889 0.243433 0.000062
0.008650 0.321240 0.269992 0.152401 0.002928 0.244726 0.000063
0.008550 0.319663 0.270203 0.152710 0.002898 0.245914 0.000062
0.008675 0.321082 0.269853 0.152248 0.002894 0.245190 0.000058
0.008657 0.318668 0.269891 0.152315 0.002944 0.247461 0.000064
0.008563 0.315954 0.270304 0.152882 0.002958 0.249272 0.000067
0.008615 0.316086 0.270263 0.152526 0.002972 0.249473 0.000065
0.008662 0.314861 0.269978 0.152386 0.003005 0.251042 0.000066
0.008646 0.314535 0.270264 0.152076 0.003008 0.251406 0.000066
0.008693 0.313672 0.270272 0.152288 0.003000 0.252004 0.000069
0.008643 0.311905 0.270424 0.152510 0.003003 0.253448 0.000066
0.008501 0.309878 0.270544 0.152608 0.003033 0.255371 0.000065
0.008556 0.309294 0.270283 0.152715 0.003056 0.256027 0.000068
0.008695 0.309954 0.270048 0.152499 0.003032 0.255710 0.000062
0.008604 0.308036 0.270289 0.152375 0.003055 0.257574 0.000066
0.008568 0.306455 0.270455 0.152373 0.003079 0.259004 0.000065
0.008729 0.306246 0.270054 0.152256 0.003038 0.259609 0.000067
0.008647 0.304098 0.270640 0.152390 0.003069 0.261087 0.000069
0.008667 0.302904 0.270413 0.152428 0.003075 0.262453 0.000060
0.008600 0.300690 0.270615 0.152651 0.003100 0.264271 0.000072
0.008687 0.300302 0.270554 0.152537 0.003077 0.264774 0.000068
0.008659 0.300230 0.270270 0.152196 0.003125 0.265447 0.000072
0.008627 0.298564 0.270574 0.152443 0.003137 0.266581 0.000073
0.008681 0.297788 0.270368 0.152348 0.003155 0.267587 0.000073
0.008672 0.297717 0.270222 0.152331 0.003160 0.267824 0.000073
0.008610 0.295902 0.270319 0.152294 0.003143 0.269660 0.000072
0.008604 0.293605 0.270625 0.152391 0.003182 0.271520 0.000074
0.008627 0.294667 0.270124 0.152240 0.003172 0.271101 0.000069
0.008609 0.292573 0.270132 0.152381 0.003164 0.273069 0.000073
0.008697 0.291805 0.270037 0.152416 0.003189 0.273782 0.000073
0.008655 0.291275 0.270078 0.152410 0.003209 0.274301 0.000072
0.008720 0.290279 0.269810 0.152234 0.003222 0.275661 0.000073
0.008723 0.288855 0.269757 0.152303 0.003226 0.277057 0.000079
0.008706 0.287919 0.270021 0.152153 0.003242 0.277887 0.000073
0.008656 0.285866 0.270183 0.152077 0.003268 0.279872 0.000078
0.008672 0.284387 0.270295 0.152128 0.003285 0.281158 0.000074
0.008720 0.285169 0.269604 0.151915 0.003241 0.281270 0.000081
0.008735 0.283774 0.270126 0.152025 0.003245 0.282020 0.000075
0.008765 0.282549 0.269805 0.152182 0.003284 0.283339 0.000077
0.008742 0.281306 0.269700 0.151812 0.003293 0.285066 0.000081
0.008733 0.279380 0.269831 0.152134 0.003323 0.286519 0.000080
0.008786 0.278974 0.269678 0.151901 0.003318 0.287258 0.000085
0.008802 0.279406 0.269321 0.151966 0.003285 0.287140 0.000079
0.008827 0.278130 0.269278 0.151955 0.003343 0.288386 0.000082
0.008813 0.276119 0.269513 0.151927 0.003308 0.290235 0.000085
0.008879 0.275106 0.269407 0.151675 0.003355 0.291500 0.000078
0.008865 0.274986 0.269126 0.151563 0.003390 0.291987 0.000082
0.008859 0.274102 0.269083 0.151457 0.003385 0.293035 0.000079
0.008827 0.272341 0.269318 0.151581 0.003367 0.294484 0.000082
0.008848 0.272203 0.269182 0.151380 0.003427 0.294876 0.000084
0.008910 0.271360 0.268697 0.151406 0.003399 0.296141 0.000086
0.008873 0.269789 0.268968 0.151641 0.003443 0.297197 0.000089
0.008926 0.269170 0.268541 0.151335 0.003428 0.298516 0.000084
0.008863 0.269069 0.268853 0.151378 0.003423 0.298329 0.000086
0.008874 0.266889 0.268638 0.151370 0.003443 0.300699 0.000087
0.008944 0.266460 0.268243 0.151158 0.003443 0.301670 0.000082
0.008971 0.266464 0.268283 0.151132 0.003454 0.301614 0.000083
0.008968 0.263934 0.268110 0.151325 0.003520 0.304055 0.000089
0.008927 0.263917 0.267991 0.151072 0.003491 0.304514 0.000088
0.008998 0.264434 0.267626 0.151138 0.003535 0.304178 0.000090
0.009018 0.262772 0.267988 0.150905 0.003538 0.305691 0.000087
0.009075 0.261369 0.267394 0.150843 0.003547 0.307684 0.000089
0.009084 0.259506 0.267465 0.150813 0.003575 0.309463 0.000093
0.009119 0.259390 0.267257 0.150992 0.003577 0.309570 0.000095
0.009102 0.258504 0.267382 0.150460 0.003547 0.310917 0.000088
0.009070 0.258366 0.267152 0.150514 0.003574 0.311235 0.000088
0.009078 0.256513 0.266943 0.150682 0.003621 0.313072 0.000091
0.009065 0.255146 0.267181 0.150515 0.003661 0.314344 0.000089
0.009142 0.256231 0.266911 0.150420 0.003616 0.313586 0.000095
0.009076 0.253999 0.266451 0.150496 0.003633 0.316254 0.000091
0.009149 0.252536 0.266696 0.150381 0.003636 0.317504 0.000098
0.009127 0.252076 0.266804 0.150391 0.003633 0.317874 0.000094
0.009134 0.251486 0.266172 0.150136 0.003694 0.319288 0.000090
0.009203 0.250001 0.266391 0.149899 0.003699 0.320710 0.000097
0.009241 0.250439 0.266126 0.149990 0.003695 0.320415 0.000094
0.009254 0.249568 0.265873 0.150123 0.003691 0.321403 0.000088
0.009196 0.248215 0.265825 0.150033 0.003725 0.322908 0.000098
0.009271 0.247615 0.265494 0.149568 0.003734 0.324227 0.000091
0.009248 0.247746 0.265405 0.149545 0.003751 0.324211 0.000093
0.009293 0.246963 0.265301 0.149450 0.003745 0.325153 0.000095
0.009245 0.245033 0.265400 0.149474 0.003777 0.326977 0.000094
0.009340 0.243930 0.265229 0.149183 0.003751 0.328475 0.000092
0.009340 0.243245 0.265170 0.149212 0.003764 0.329176 0.000093
0.009397 0.243428 0.265044 0.149140 0.003747 0.329148 0.000095
0.009362 0.242041 0.264950 0.149138 0.003811 0.330605 0.000093
0.009437 0.241766 0.264874 0.148734 0.003803 0.331293 0.000093
0.009400 0.240048 0.264655 0.148968 0.003876 0.332963 0.000090
0.009440 0.239712 0.264175 0.149065 0.003835 0.333677 0.000095
0.009398 0.238724 0.264047 0.148979 0.003836 0.334921 0.000095
0.009494 0.237526 0.263805 0.148646 0.003838 0.336599 0.000093
0.009494 0.236922 0.263870 0.148576 0.003850 0.337188 0.000100
0.009515 0.236283 0.263157 0.148642 0.003891 0.338416 0.000098
0.009589 0.235523 0.263508 0.148345 0.003894 0.339043 0.000098
0.009618 0.235584 0.263395 0.148269 0.003893 0.339133 0.000109
0.009584 0.232886 0.262865 0.148435 0.003929 0.342195 0.000106
0.009603 0.232951 0.263000 0.148095 0.003905 0.342340 0.000106
0.009628 0.232823 0.262668 0.148067 0.003911 0.342801 0.000102
0.009599 0.232136 0.262660 0.147736 0.003911 0.343849 0.000109
0.009663 0.231076 0.262405 0.147768 0.003926 0.345055 0.000108
0.009655 0.230177 0.262590 0.147815 0.003973 0.345689 0.000102
0.009642 0.229356 0.262034 0.147688 0.003980 0.347201 0.000099
0.009616 0.228937 0.262134 0.147617 0.004004 0.347587 0.000104
0.009684 0.227681 0.261566 0.147259 0.003995 0.349713 0.000103
0.009686 0.226766 0.261642 0.147488 0.003970 0.350342 0.000106
0.009595 0.227101 0.261703 0.147399 0.004011 0.350081 0.000109
0.009763 0.226001 0.261547 0.147248 0.004019 0.351314 0.000108
0.009794 0.225046 0.261011 0.147133 0.004005 0.352908 0.000102
0.009859 0.223960 0.260737 0.147060 0.004041 0.354230 0.000113
0.009795 0.223747 0.260508 0.146850 0.004019 0.354975 0.000106
0.009829 0.222864 0.260258 0.146795 0.004031 0.356108 0.000115
0.009895 0.222184 0.260505 0.146714 0.004041 0.356553 0.000109
0.009898 0.221147 0.259943 0.146590 0.004083 0.358224 0.000115
0.009976 0.220781 0.260170 0.146526 0.004052 0.358381 0.000114
0.009913 0.219408 0.259846 0.146258 0.004076 0.360388 0.000111
0.009961 0.219268 0.259879 0.146354 0.004095 0.360330 0.000113
0.009971 0.218804 0.259584 0.146064 0.004085 0.361375 0.000117
0.010032 0.217926 0.259169 0.146406 0.004106 0.362245 0.000116
0.010078 0.217475 0.259125 0.145804 0.004106 0.363293 0.000119
0.010067 0.216599 0.258773 0.145874 0.004114 0.364451 0.000122
0.010100 0.216364 0.258612 0.145790 0.004113 0.364902 0.000119
0.010142 0.214200 0.257997 0.145339 0.004118 0.368076 0.000129
0.009975 0.214981 0.258462 0.145420 0.004139 0.366905 0.000118
0.010133 0.213211 0.257727 0.145305 0.004163 0.369338 0.000123
0.010068 0.213260 0.257690 0.145240 0.004227 0.369394 0.000120
0.010203 0.212325 0.257309 0.145246 0.004197 0.370599 0.000121
0.010177 0.212082 0.257393 0.145069 0.004182 0.370972 0.000124
0.010245 0.211057 0.257080 0.144948 0.004213 0.372333 0.000124
0.010192 0.210549 0.257042 0.144886 0.004197 0.373007 0.000127
0.010245 0.210272 0.256493 0.144859 0.004228 0.373768 0.000135
0.010288 0.209068 0.256704 0.144415 0.004161 0.375235 0.000129
0.010383 0.208562 0.256139 0.144292 0.004228 0.376274 0.000122
0.010419 0.207331 0.255693 0.144094 0.004258 0.378068 0.000136
0.010365 0.207585 0.255694 0.144389 0.004249 0.377590 0.000130
0.010380 0.207072 0.255585 0.143946 0.004245 0.378641 0.000131
0.010457 0.206604 0.255248 0.144077 0.004250 0.379227 0.000136
0.010374 0.205151 0.255031 0.143913 0.004274 0.381124 0.000133
0.010422 0.204212 0.255080 0.143813 0.004314 0.382026 0.000135
0.010464 0.203735 0.254514 0.143816 0.004266 0.383073 0.000132
0.010558 0.203037 0.254382 0.143625 0.004329 0.383937 0.000132
0.010529 0.202685 0.254054 0.143528 0.004308 0.384759 0.000137
0.010478 0.202149 0.254142 0.143486 0.004261 0.385347 0.000138
0.010622 0.201364 0.253797 0.143088 0.004305 0.386682 0.000142
0.010618 0.200823 0.253622 0.143035 0.004355 0.387411 0.000135
0.010689 0.200699 0.253750 0.142988 0.004335 0.387398 0.000141
0.010662 0.199551 0.253210 0.143080 0.004341 0.389018 0.000138
0.010707 0.199504 0.253176 0.142531 0.004328 0.389614 0.000140
0.010685 0.198607 0.253241 0.142464 0.004340 0.390524 0.000140
0.010789 0.197517 0.252868 0.142421 0.004384 0.391881 0.000140
0.010806 0.196148 0.252199 0.142182 0.004382 0.394144 0.000140
0.010786 0.196991 0.252179 0.142128 0.004371 0.393394 0.000151
0.010770 0.195724 0.251866 0.142149 0.004371 0.394981 0.000140
0.010877 0.195190 0.251434 0.141943 0.004422 0.395992 0.000142
0.010891 0.194370 0.251520 0.141855 0.004442 0.396776 0.000146
0.010918 0.193848 0.251277 0.141710 0.004415 0.397682 0.000152
0.010921 0.192889 0.251273 0.141649 0.004461 0.398662 0.000145
0.010973 0.193178 0.250824 0.141702 0.004434 0.398747 0.000142
0.011003 0.192519 0.250802 0.141261 0.004438 0.399829 0.000148
0.010981 0.191612 0.250544 0.141110 0.004475 0.401128 0.000149
0.010948 0.192061 0.250411 0.141085 0.004456 0.400897 0.000143
0.011183 0.191022 0.249641 0.141088 0.004463 0.402456 0.000146
0.011100 0.190120 0.249710 0.140883 0.004505 0.403538 0.000144
0.011181 0.188885 0.249088 0.140584 0.004439 0.405667 0.000157
0.011144 0.188804 0.249275 0.140321 0.004509 0.405803 0.000144
0.011185 0.188271 0.248993 0.140287 0.004467 0.406646 0.000151
0.011287 0.187720 0.248758 0.140005 0.004499 0.407575 0.000157
0.011290 0.186471 0.248073 0.140069 0.004501 0.409447 0.000148
0.011364 0.185845 0.247947 0.139954 0.004532 0.410214 0.000144
0.011405 0.185336 0.247711 0.139461 0.004516 0.411424 0.000147
0.011401 0.184959 0.247434 0.139648 0.004555 0.411860 0.000144
0.011417 0.184818 0.247336 0.139636 0.004511 0.412133 0.000148
0.011528 0.183535 0.246887 0.139562 0.004527 0.413802 0.000159
0.011497 0.183218 0.246804 0.139466 0.004524 0.414341 0.000150
0.011475 0.183264 0.246794 0.139029 0.004543 0.414740 0.000156
0.011537 0.182921 0.246547 0.139112 0.004593 0.415139 0.000151
0.011594 0.181681 0.246042 0.138949 0.004577 0.417004 0.000153
0.011518 0.181316 0.245692 0.138712 0.004584 0.418021 0.000157
0.011565 0.181177 0.245536 0.138374 0.004577 0.418610 0.000160
0.011675 0.180663 0.245364 0.138515 0.004592 0.419032 0.000159
0.011762 0.180116 0.244810 0.138491 0.004616 0.420050 0.000155
0.011704 0.179515 0.244771 0.138215 0.004564 0.421070 0.000162
0.011844 0.178503 0.244276 0.137941 0.004617 0.422657 0.000162
0.011879 0.177848 0.244090 0.137983 0.004668 0.423367 0.000164
0.011836 0.177781 0.244013 0.137718 0.004633 0.423851 0.000168
0.011885 0.176840 0.243742 0.137662 0.004654 0.425058 0.000160
0.011868 0.177088 0.243768 0.137457 0.004640 0.425012 0.000166
0.012001 0.176014 0.243308 0.137355 0.004675 0.426486 0.000162
0.012013 0.175530 0.243100 0.137217 0.004644 0.427320 0.000176
0.012121 0.175137 0.242563 0.137090 0.004643 0.428282 0.000164
0.012071 0.174578 0.242502 0.136874 0.004670 0.429126 0.000180
0.012100 0.174443 0.242322 0.136841 0.004694 0.429428 0.000171
0.012206 0.173721 0.242170 0.136806 0.004706 0.430219 0.000172
0.012161 0.172960 0.241677 0.136266 0.004694 0.432072 0.000171
0.012252 0.172595 0.241326 0.136457 0.004679 0.432517 0.000174
0.012251 0.171866 0.240942 0.136351 0.004694 0.433724 0.000173
0.012266 0.171884 0.241230 0.136254 0.004708 0.433492 0.000166
0.012294 0.171297 0.240643 0.135875 0.004699 0.435020 0.000172
0.012388 0.170319 0.240468 0.135732 0.004721 0.436191 0.000181
0.012380 0.170634 0.240548 0.135581 0.004698 0.435989 0.000171
0.012393 0.169734 0.239545 0.135334 0.004743 0.438073 0.000177
0.012429 0.169494 0.239834 0.135228 0.004771 0.438063 0.000180
0.012379 0.169046 0.239454 0.135288 0.004777 0.438875 0.000181
0.012462 0.167491 0.239125 0.135025 0.004777 0.440932 0.000188
0.012581 0.167350 0.238499 0.134929 0.004779 0.441683 0.000179
0.012549 0.166992 0.238807 0.134853 0.004763 0.441845 0.000191
0.012604 0.167022 0.238343 0.134794 0.004706 0.442351 0.000181
0.012622 0.166672 0.237793 0.134518 0.004744 0.443465 0.000187
0.012621 0.165806 0.237803 0.134143 0.004794 0.444658 0.000174
0.012715 0.165663 0.237562 0.134096 0.004780 0.444996 0.000188
0.012756 0.164901 0.237210 0.133938 0.004825 0.446179 0.000190
0.012796 0.164691 0.236971 0.133842 0.004772 0.446738 0.000190
0.012866 0.163807 0.236376 0.133582 0.004772 0.448406 0.000191
0.012866 0.163932 0.236335 0.133443 0.004790 0.448439 0.000195
0.012888 0.163482 0.236276 0.133550 0.004849 0.448754 0.000201
0.012913 0.162132 0.235731 0.133203 0.004830 0.451000 0.000190
0.012910 0.162297 0.235634 0.133160 0.004867 0.450939 0.000193
0.013020 0.161031 0.235222 0.132834 0.004847 0.452853 0.000194
0.012951 0.160850 0.235201 0.132842 0.004851 0.453118 0.000188
0.013037 0.161193 0.234815 0.132860 0.004844 0.453059 0.000194
0.012963 0.160736 0.234759 0.132483 0.004827 0.454036 0.000196
0.013062 0.160721 0.234451 0.132590 0.004852 0.454126 0.000197
0.013124 0.160033 0.234144 0.132415 0.004889 0.455202 0.000193
0.013223 0.159525 0.233945 0.132159 0.004834 0.456115 0.000199
0.013227 0.159002 0.233777 0.131921 0.004856 0.457012 0.000205
0.013330 0.158410 0.233519 0.131791 0.004896 0.457866 0.000187
0.013263 0.157607 0.233310 0.131351 0.004925 0.459339 0.000205
0.013373 0.157379 0.232908 0.131584 0.004910 0.459645 0.000201
0.013429 0.157348 0.232347 0.131382 0.004877 0.460402 0.000215
0.013491 0.156688 0.232415 0.131285 0.004896 0.461008 0.000217
0.013409 0.156098 0.232320 0.130935 0.004911 0.462117 0.000210
0.013436 0.155918 0.232042 0.130942 0.004923 0.462530 0.000209
0.013497 0.155414 0.231402 0.130612 0.004932 0.463932 0.000211
0.013550 0.154476 0.230726 0.130686 0.004948 0.465414 0.000200
0.013643 0.154466 0.231097 0.130557 0.004966 0.465058 0.000212
0.013617 0.153998 0.230908 0.130122 0.004986 0.466162 0.000206
0.013559 0.153355 0.230325 0.129964 0.004977 0.467616 0.000204
0.013723 0.153215 0.230132 0.129853 0.004946 0.467913 0.000219
0.013608 0.153222 0.229809 0.129846 0.004981 0.468330 0.000203
0.013758 0.152354 0.229813 0.129430 0.004951 0.469479 0.000214
0.013744 0.152289 0.229214 0.129197 0.004939 0.470411 0.000208
0.013729 0.151443 0.228642 0.129194 0.004979 0.471799 0.000214
0.013757 0.151867 0.228702 0.129236 0.005007 0.471224 0.000208
0.013813 0.151535 0.228560 0.129008 0.004983 0.471888 0.000212
0.013870 0.151043 0.228230 0.128678 0.004962 0.473010 0.000206
0.013886 0.149997 0.227753 0.128584 0.004994 0.474561 0.000224
0.013817 0.149602 0.227099 0.128312 0.004987 0.475966 0.000217
0.013934 0.149590 0.227376 0.128225 0.004993 0.475674 0.000209
0.013929 0.149645 0.227556 0.128217 0.005030 0.475407 0.000216
0.013977 0.148320 0.226711 0.127636 0.004999 0.478134 0.000224
0.014002 0.148399 0.226396 0.127897 0.005049 0.478036 0.000219
0.014044 0.148121 0.226578 0.127685 0.005066 0.478283 0.000223
0.014053 0.147470 0.226020 0.127484 0.005018 0.479740 0.000213
0.014130 0.147312 0.225461 0.127492 0.005059 0.480324 0.000222
0.014216 0.146752 0.225221 0.127069 0.005060 0.481459 0.000223
0.014284 0.146363 0.225270 0.127045 0.005075 0.481731 0.000232
0.014324 0.145805 0.224902 0.126578 0.005029 0.483140 0.000221
0.014420 0.144742 0.224073 0.126668 0.005124 0.484740 0.000233
0.014396 0.145402 0.224457 0.126337 0.005055 0.484140 0.000214
0.014393 0.144412 0.224070 0.126256 0.005054 0.485590 0.000225
0.014453 0.144859 0.223876 0.126328 0.005114 0.485142 0.000229
0.014410 0.143668 0.223485 0.125887 0.005043 0.487272 0.000236
0.014515 0.143785 0.223419 0.125807 0.005099 0.487143 0.000232
0.014545 0.143960 0.223171 0.126011 0.005078 0.487012 0.000223
0.014512 0.143693 0.223395 0.125611 0.005083 0.487475 0.000232
0.014560 0.142889 0.222708 0.125435 0.005021 0.489152 0.000234
0.014679 0.141900 0.221915 0.125094 0.005140 0.491048 0.000224
0.014550 0.141921 0.222056 0.124999 0.005122 0.491107 0.000244
0.014697 0.141694 0.221233 0.124937 0.005115 0.492090 0.000233
0.014758 0.141568 0.221558 0.124720 0.005163 0.492001 0.000232
0.014858 0.140613 0.220775 0.124690 0.005098 0.493730 0.000236
0.014876 0.140757 0.220674 0.124317 0.005117 0.494025 0.000233
0.014883 0.140277 0.220461 0.124362 0.005134 0.494641 0.000243
0.014843 0.140363 0.220562 0.124406 0.005122 0.494458 0.000247
0.015027 0.139551 0.219796 0.124158 0.005156 0.496068 0.000245
0.015019 0.139721 0.220069 0.123949 0.005139 0.495860 0.000243
0.015066 0.138949 0.219451 0.123895 0.005156 0.497244 0.000239
0.014952 0.138487 0.219134 0.123724 0.005134 0.498326 0.000243
0.015089 0.138035 0.218729 0.123339 0.005127 0.499444 0.000238
0.015189 0.137845 0.218203 0.123262 0.005104 0.500152 0.000244
0.015160 0.137601 0.218066 0.123211 0.005131 0.500589 0.000242
0.015204 0.137993 0.218131 0.123027 0.005122 0.500283 0.000241
0.015220 0.137169 0.217986 0.123042 0.005149 0.501182 0.000252
0.015228 0.136677 0.217724 0.122747 0.005152 0.502221 0.000252
0.015375 0.136432 0.217379 0.122608 0.005185 0.502763 0.000259
0.015463 0.135911 0.216768 0.122183 0.005222 0.504205 0.000248
0.015512 0.135741 0.216140 0.122249 0.005068 0.505043 0.000247
0.015540 0.135503 0.216231 0.122160 0.005133 0.505181 0.000253
0.015486 0.135236 0.216352 0.122024 0.005157 0.505493 0.000252
0.015531 0.134707 0.215594 0.121955 0.005175 0.506788 0.000250
0.015558 0.134509 0.215477 0.121735 0.005161 0.507314 0.000246
0.015650 0.133948 0.215083 0.121484 0.005147 0.508437 0.000251
