0.974822 0.024602 0.000369 0.000200 0.000001 0.000006 0.000000
0.774488 0.217342 0.005093 0.002892 0.000003 0.000182 0.000000
0.500827 0.470610 0.017584 0.010054 0.000013 0.000911 0.000000
0.304302 0.628271 0.040739 0.023282 0.000044 0.003361 0.000000
0.188370 0.686423 0.073606 0.042000 0.000120 0.009479 0.000001
0.124545 0.683092 0.109590 0.062487 0.000254 0.020030 0.000002
0.087394 0.652945 0.143151 0.081561 0.000441 0.034504 0.000003
0.058667 0.615583 0.173787 0.098614 0.000668 0.052676 0.000005
0.050574 0.565957 0.197524 0.112084 0.000904 0.072948 0.000008
0.035763 0.525361 0.218316 0.123653 0.001173 0.095723 0.000011
0.032564 0.478639 0.234294 0.132647 0.001464 0.120378 0.000013
0.029648 0.438717 0.245466 0.138910 0.001762 0.145476 0.000020
0.032491 0.399536 0.252551 0.142648 0.002039 0.170707 0.000027
0.029105 0.365527 0.259310 0.146086 0.002337 0.197599 0.000036
0.033234 0.334835 0.260490 0.146671 0.002595 0.222127 0.000048
0.027193 0.306405 0.264194 0.148729 0.002892 0.250529 0.000058
0.028496 0.276890 0.264793 0.148832 0.003166 0.277753 0.000070
0.035074 0.251815 0.261389 0.146624 0.003403 0.301613 0.000081
0.036951 0.232604 0.257245 0.144102 0.003630 0.325372 0.000097
0.037248 0.210940 0.254267 0.142234 0.003873 0.351330 0.000109
0.046096 0.191857 0.247488 0.138222 0.004050 0.372164 0.000123
0.047148 0.178675 0.241573 0.134727 0.004238 0.393502 0.000137
0.048451 0.161870 0.236177 0.131697 0.004433 0.417218 0.000154
0.052421 0.147389 0.229467 0.127763 0.004572 0.438219 0.000169
0.056810 0.134463 0.222343 0.123708 0.004703 0.457790 0.000183
0.061630 0.122969 0.215075 0.119440 0.004814 0.475872 0.000199
0.066662 0.112415 0.207458 0.114997 0.004943 0.493305 0.000221
0.071787 0.103221 0.199875 0.110535 0.005044 0.509301 0.000238
0.079264 0.094475 0.191781 0.105772 0.005118 0.523329 0.000262
0.091597 0.090967 0.181593 0.100131 0.005130 0.530298 0.000284
0.090065 0.085378 0.175615 0.096675 0.005211 0.546750 0.000306
0.094854 0.075797 0.168857 0.092837 0.005292 0.562030 0.000334
0.100818 0.069393 0.161940 0.088788 0.005317 0.573383 0.000362
0.106948 0.063864 0.154990 0.084645 0.005354 0.583814 0.000386
0.113357 0.058657 0.148211 0.080696 0.005352 0.593315 0.000411
0.119956 0.053754 0.141449 0.076835 0.005356 0.602223 0.000427
0.126517 0.049918 0.135123 0.073155 0.005335 0.609501 0.000451
0.133424 0.045868 0.128654 0.069540 0.005287 0.616758 0.000469
0.140357 0.042509 0.122717 0.066049 0.005246 0.622624 0.000497
0.152091 0.039406 0.116120 0.062278 0.005158 0.624430 0.000516
0.164218 0.045180 0.108939 0.058182 0.005029 0.617918 0.000533
0.162087 0.041257 0.105077 0.055960 0.005065 0.629985 0.000569
0.168558 0.035345 0.100421 0.053202 0.005031 0.636854 0.000589
0.175754 0.032444 0.095725 0.050559 0.004973 0.639927 0.000618
0.183015 0.030178 0.091267 0.047934 0.004897 0.642069 0.000641
0.190598 0.027391 0.086704 0.045396 0.004835 0.644416 0.000659
0.198030 0.025441 0.082509 0.042958 0.004777 0.645602 0.000683
0.205438 0.023650 0.078491 0.040690 0.004674 0.646358 0.000700
0.213105 0.022032 0.074561 0.038404 0.004607 0.646572 0.000719
0.220647 0.020437 0.070821 0.036413 0.004490 0.646453 0.000739
0.228318 0.019004 0.067267 0.034481 0.004405 0.645765 0.000760
0.235857 0.017568 0.063888 0.032550 0.004319 0.645045 0.000773
0.243413 0.016602 0.060781 0.030828 0.004214 0.643367 0.000795
0.251616 0.015212 0.057313 0.029006 0.004127 0.641915 0.000812
0.259207 0.014249 0.054450 0.027413 0.004033 0.639826 0.000822
0.266706 0.013412 0.051683 0.025832 0.003956 0.637572 0.000839
0.274387 0.012546 0.048922 0.024398 0.003837 0.635057 0.000852
0.281563 0.011796 0.046525 0.023039 0.003757 0.632450 0.000871
0.289046 0.011104 0.044183 0.021740 0.003689 0.629344 0.000894
0.296851 0.010295 0.041641 0.020359 0.003595 0.626347 0.000910
0.303773 0.009808 0.039736 0.019318 0.003493 0.622956 0.000915
0.311913 0.009067 0.037319 0.018024 0.003387 0.619357 0.000933
0.319778 0.008411 0.035121 0.016818 0.003295 0.615628 0.000949
0.326720 0.008038 0.033525 0.015954 0.003207 0.611592 0.000964
0.334228 0.007516 0.031561 0.014942 0.003100 0.607676 0.000976
0.341443 0.007188 0.030016 0.014210 0.003026 0.603122 0.000994
0.349052 0.006702 0.028307 0.013239 0.002915 0.598778 0.001006
0.356351 0.006347 0.026801 0.012463 0.002832 0.594185 0.001022
0.363298 0.005988 0.025491 0.011787 0.002745 0.589656 0.001035
0.370658 0.005580 0.024054 0.011064 0.002668 0.584927 0.001049
0.377713 0.005270 0.022732 0.010393 0.002600 0.580237 0.001055
0.384938 0.004947 0.021445 0.009680 0.002543 0.575374 0.001073
0.391864 0.004688 0.020332 0.009130 0.002449 0.570455 0.001082
0.398923 0.004445 0.019274 0.008584 0.002382 0.565303 0.001089
0.405629 0.004189 0.018267 0.008047 0.002302 0.560477 0.001089
0.412381 0.003949 0.017324 0.007625 0.002248 0.555361 0.001111
0.419663 0.003691 0.016264 0.007114 0.002166 0.549991 0.001111
0.425918 0.003521 0.015551 0.006726 0.002085 0.545080 0.001119
0.432850 0.003350 0.014632 0.006250 0.002028 0.539747 0.001141
0.439563 0.003161 0.013791 0.005837 0.001950 0.534544 0.001153
0.446075 0.003030 0.013120 0.005571 0.001899 0.529141 0.001165
0.452834 0.002859 0.012319 0.005186 0.001833 0.523806 0.001162
0.458999 0.002705 0.011701 0.004882 0.001774 0.518767 0.001173
0.465538 0.002577 0.011060 0.004574 0.001730 0.513336 0.001184
0.471922 0.002441 0.010454 0.004301 0.001672 0.508009 0.001201
0.478044 0.002339 0.009924 0.004046 0.001584 0.502867 0.001197
0.484332 0.002245 0.009344 0.003800 0.001530 0.497545 0.001204
0.490329 0.002144 0.008828 0.003533 0.001483 0.492467 0.001216
0.496446 0.002039 0.008394 0.003341 0.001431 0.487133 0.001215
0.502738 0.001926 0.007920 0.003118 0.001366 0.481694 0.001237
0.508574 0.001867 0.007545 0.002958 0.001325 0.476486 0.001245
0.514009 0.001796 0.007176 0.002780 0.001275 0.471724 0.001240
0.520086 0.001704 0.006713 0.002602 0.001236 0.466420 0.001239
0.525745 0.001648 0.006385 0.002445 0.001172 0.461331 0.001274
0.531647 0.001603 0.005969 0.002322 0.001139 0.456051 0.001268
0.537027 0.001534 0.005697 0.002144 0.001107 0.451224 0.001268
0.542409 0.001472 0.005416 0.002030 0.001068 0.446317 0.001288
0.548253 0.001409 0.005089 0.001875 0.001015 0.441073 0.001285
0.553476 0.001366 0.004846 0.001774 0.000989 0.436257 0.001292
0.558920 0.001324 0.004631 0.001683 0.000943 0.431205 0.001293
0.564164 0.001251 0.004371 0.001566 0.000911 0.426434 0.001302
0.569908 0.001190 0.004130 0.001451 0.000874 0.421126 0.001321
0.574894 0.001160 0.003924 0.001383 0.000847 0.416483 0.001309
0.579942 0.001124 0.003698 0.001296 0.000818 0.411808 0.001315
0.585263 0.001099 0.003513 0.001216 0.000785 0.406795 0.001329
0.590063 0.001053 0.003313 0.001159 0.000757 0.402329 0.001326
0.595024 0.001020 0.003142 0.001085 0.000721 0.397677 0.001331
0.599681 0.000991 0.002986 0.001041 0.000703 0.393256 0.001341
0.604503 0.000973 0.002831 0.000966 0.000686 0.388695 0.001346
0.609480 0.000951 0.002678 0.000894 0.000646 0.384004 0.001346
0.614618 0.000922 0.002531 0.000837 0.000626 0.379117 0.001349
0.618996 0.000898 0.002434 0.000786 0.000596 0.374953 0.001337
0.623672 0.000881 0.002298 0.000752 0.000572 0.370459 0.001366
0.628081 0.000873 0.002170 0.000712 0.000548 0.366257 0.001357
0.632974 0.000856 0.002059 0.000664 0.000530 0.361547 0.001370
0.637238 0.000829 0.001939 0.000618 0.000511 0.357490 0.001375
0.641657 0.000816 0.001850 0.000604 0.000491 0.353206 0.001377
0.645906 0.000792 0.001738 0.000564 0.000477 0.349149 0.001373
0.650370 0.000769 0.001681 0.000529 0.000452 0.344827 0.001372
0.654436 0.000756 0.001596 0.000503 0.000431 0.340903 0.001375
0.658151 0.000756 0.001549 0.000481 0.000420 0.337248 0.001395
0.662591 0.000736 0.001443 0.000448 0.000404 0.332988 0.001390
0.667114 0.000719 0.001368 0.000421 0.000386 0.328607 0.001384
0.670685 0.000700 0.001326 0.000398 0.000370 0.325135 0.001386
0.674746 0.000692 0.001241 0.000361 0.000357 0.321205 0.001398
0.679154 0.000676 0.001187 0.000348 0.000340 0.316913 0.001382
0.682763 0.000672 0.001128 0.000328 0.000331 0.313390 0.001388
0.686691 0.000661 0.001062 0.000311 0.000316 0.309562 0.001398
0.690185 0.000650 0.001012 0.000295 0.000313 0.306161 0.001385
0.694115 0.000641 0.000956 0.000274 0.000297 0.302331 0.001387
0.697915 0.000650 0.000910 0.000258 0.000288 0.298581 0.001399
0.701726 0.000637 0.000883 0.000242 0.000274 0.294840 0.001397
0.705458 0.000625 0.000838 0.000233 0.000268 0.291171 0.001407
0.708778 0.000606 0.000805 0.000222 0.000259 0.287933 0.001397
0.712332 0.000610 0.000763 0.000211 0.000241 0.284440 0.001403
0.716018 0.000602 0.000711 0.000195 0.000224 0.280841 0.001410
0.719500 0.000595 0.000695 0.000184 0.000230 0.277390 0.001406
0.722945 0.000585 0.000671 0.000176 0.000211 0.274024 0.001389
0.726165 0.000589 0.000634 0.000160 0.000200 0.270848 0.001403
0.729607 0.000586 0.000620 0.000153 0.000187 0.267454 0.001392
0.732933 0.000577 0.000581 0.000148 0.000185 0.264176 0.001401
0.736170 0.000575 0.000563 0.000137 0.000178 0.260962 0.001415
0.739419 0.000569 0.000536 0.000131 0.000172 0.257762 0.001411
0.742793 0.000559 0.000506 0.000124 0.000164 0.254430 0.001425
0.745645 0.000560 0.000499 0.000118 0.000159 0.251610 0.001409
0.748923 0.000546 0.000498 0.000118 0.000152 0.248327 0.001436
0.751578 0.000540 0.000489 0.000113 0.000153 0.245704 0.001424
0.754743 0.000538 0.000464 0.000110 0.000144 0.242593 0.001408
0.757861 0.000527 0.000447 0.000104 0.000141 0.239488 0.001432
0.760839 0.000534 0.000429 0.000101 0.000134 0.236520 0.001444
0.763937 0.000522 0.000424 0.000092 0.000133 0.233471 0.001422
0.766595 0.000511 0.000410 0.000091 0.000127 0.230815 0.001450
0.769412 0.000511 0.000399 0.000087 0.000119 0.228039 0.001433
0.771935 0.000504 0.000376 0.000083 0.000106 0.225583 0.001413
0.774911 0.000507 0.000354 0.000084 0.000108 0.222623 0.001413
0.777906 0.000505 0.000338 0.000077 0.000105 0.219641 0.001426
0.780800 0.000501 0.000335 0.000073 0.000107 0.216766 0.001417
0.783316 0.000508 0.000309 0.000074 0.000092 0.214283 0.001420
0.786024 0.000501 0.000309 0.000073 0.000091 0.211599 0.001403
0.788508 0.000497 0.000295 0.000074 0.000089 0.209123 0.001413
0.790894 0.000494 0.000299 0.000070 0.000085 0.206727 0.001432
0.793757 0.000489 0.000287 0.000064 0.000085 0.203887 0.001432
0.796244 0.000486 0.000282 0.000067 0.000079 0.201409 0.001431
0.798684 0.000489 0.000268 0.000065 0.000074 0.198988 0.001432
0.801071 0.000496 0.000261 0.000063 0.000073 0.196601 0.001436
0.803565 0.000486 0.000250 0.000060 0.000074 0.194131 0.001434
0.806117 0.000483 0.000243 0.000057 0.000067 0.191600 0.001433
0.808447 0.000488 0.000235 0.000059 0.000066 0.189298 0.001407
0.810622 0.000488 0.000247 0.000060 0.000068 0.187084 0.001431
0.813151 0.000488 0.000231 0.000059 0.000066 0.184584 0.001421
0.815257 0.000485 0.000225 0.000055 0.000068 0.182499 0.001411
0.817455 0.000483 0.000217 0.000054 0.000057 0.180302 0.001433
0.819936 0.000479 0.000227 0.000055 0.000060 0.177822 0.001421
0.822356 0.000475 0.000213 0.000053 0.000056 0.175389 0.001459
0.824126 0.000486 0.000209 0.000054 0.000057 0.173615 0.001453
0.826617 0.000479 0.000202 0.000051 0.000056 0.171156 0.001439
0.828283 0.000479 0.000203 0.000051 0.000052 0.169476 0.001455
0.830557 0.000477 0.000203 0.000057 0.000053 0.167197 0.001456
0.832617 0.000469 0.000190 0.000051 0.000049 0.165187 0.001436
0.834788 0.000476 0.000187 0.000049 0.000046 0.163030 0.001424
0.836688 0.000471 0.000181 0.000049 0.000040 0.161112 0.001459
0.838640 0.000467 0.000184 0.000048 0.000041 0.159178 0.001442
0.840612 0.000465 0.000179 0.000049 0.000040 0.157234 0.001421
0.842759 0.000471 0.000178 0.000045 0.000042 0.155072 0.001433
0.844564 0.000474 0.000172 0.000044 0.000035 0.153271 0.001439
0.846396 0.000462 0.000166 0.000043 0.000037 0.151452 0.001442
0.848381 0.000469 0.000165 0.000040 0.000036 0.149470 0.001438
0.849950 0.000475 0.000164 0.000038 0.000036 0.147889 0.001447
0.852021 0.000470 0.000159 0.000040 0.000034 0.145824 0.001452
0.853704 0.000458 0.000164 0.000044 0.000031 0.144133 0.001466
0.855423 0.000468 0.000164 0.000041 0.000036 0.142423 0.001445
0.857089 0.000473 0.000158 0.000045 0.000033 0.140764 0.001438
0.859009 0.000455 0.000154 0.000044 0.000033 0.138865 0.001441
0.860638 0.000469 0.000162 0.000037 0.000034 0.137202 0.001458
0.862117 0.000464 0.000162 0.000042 0.000031 0.135751 0.001432
0.863968 0.000459 0.000159 0.000038 0.000027 0.133901 0.001448
0.865650 0.000457 0.000153 0.000038 0.000027 0.132239 0.001437
0.867435 0.000457 0.000148 0.000038 0.000023 0.130456 0.001441
0.869097 0.000460 0.000154 0.000037 0.000023 0.128810 0.001419
0.870599 0.000462 0.000144 0.000036 0.000018 0.127297 0.001444
0.872369 0.000464 0.000160 0.000036 0.000020 0.125504 0.001448
0.873958 0.000456 0.000142 0.000038 0.000020 0.123941 0.001445
0.875298 0.000456 0.000145 0.000035 0.000022 0.122595 0.001449
0.876874 0.000459 0.000140 0.000033 0.000021 0.121045 0.001427
0.878094 0.000465 0.000146 0.000032 0.000019 0.119818 0.001426
0.879915 0.000475 0.000124 0.000030 0.000019 0.117999 0.001439
0.881125 0.000454 0.000142 0.000030 0.000019 0.116770 0.001460
0.882606 0.000454 0.000134 0.000028 0.000016 0.115329 0.001433
0.884178 0.000450 0.000138 0.000030 0.000014 0.113771 0.001420
0.885296 0.000455 0.000130 0.000031 0.000014 0.112605 0.001469
0.886764 0.000460 0.000124 0.000029 0.000011 0.111209 0.001403
0.888503 0.000462 0.000125 0.000030 0.000012 0.109444 0.001424
0.889798 0.000457 0.000125 0.000033 0.000012 0.108129 0.001445
0.891015 0.000454 0.000117 0.000033 0.000012 0.106959 0.001410
0.892297 0.000459 0.000120 0.000032 0.000013 0.105642 0.001437
0.893657 0.000468 0.000115 0.000034 0.000013 0.104284 0.001428
0.894970 0.000471 0.000109 0.000030 0.000011 0.102993 0.001416
0.896265 0.000471 0.000113 0.000034 0.000011 0.101685 0.001422
0.897610 0.000466 0.000116 0.000030 0.000012 0.100324 0.001442
0.898634 0.000463 0.000119 0.000029 0.000010 0.099300 0.001445
0.899991 0.000468 0.000122 0.000030 0.000009 0.097945 0.001434
0.901104 0.000479 0.000124 0.000026 0.000012 0.096804 0.001450
0.902133 0.000460 0.000120 0.000028 0.000010 0.095801 0.001448
0.903491 0.000466 0.000126 0.000027 0.000010 0.094427 0.001453
0.904535 0.000466 0.000116 0.000028 0.000006 0.093404 0.001444
0.905799 0.000472 0.000118 0.000029 0.000009 0.092130 0.001442
0.906865 0.000475 0.000118 0.000028 0.000007 0.091079 0.001427
0.907861 0.000476 0.000116 0.000028 0.000009 0.090095 0.001416
0.908808 0.000466 0.000120 0.000029 0.000008 0.089139 0.001430
0.910310 0.000469 0.000112 0.000032 0.000008 0.087615 0.001454
0.911412 0.000465 0.000120 0.000031 0.000009 0.086538 0.001424
0.912403 0.000476 0.000123 0.000032 0.000008 0.085512 0.001445
0.913708 0.000468 0.000121 0.000033 0.000006 0.084227 0.001436
0.914749 0.000473 0.000125 0.000031 0.000006 0.083154 0.001461
0.915491 0.000461 0.000126 0.000034 0.000008 0.082428 0.001452
0.916691 0.000461 0.000116 0.000032 0.000008 0.081261 0.001430
0.917549 0.000460 0.000121 0.000026 0.000006 0.080381 0.001455
0.918583 0.000462 0.000112 0.000033 0.000005 0.079352 0.001452
0.919405 0.000462 0.000115 0.000029 0.000006 0.078556 0.001427
0.920440 0.000463 0.000126 0.000036 0.000004 0.077482 0.001450
0.921510 0.000465 0.000130 0.000032 0.000005 0.076431 0.001427
0.922668 0.000457 0.000126 0.000037 0.000005 0.075279 0.001428
0.923386 0.000468 0.000121 0.000029 0.000005 0.074540 0.001450
0.924175 0.000466 0.000122 0.000029 0.000005 0.073749 0.001454
0.925357 0.000459 0.000138 0.000032 0.000004 0.072593 0.001417
0.926110 0.000466 0.000127 0.000031 0.000005 0.071834 0.001427
0.926914 0.000460 0.000124 0.000033 0.000005 0.071022 0.001442
0.927722 0.000458 0.000124 0.000032 0.000007 0.070185 0.001472
0.928869 0.000460 0.000124 0.000030 0.000007 0.069090 0.001420
0.929614 0.000458 0.000123 0.000029 0.000006 0.068322 0.001448
0.930571 0.000465 0.000117 0.000031 0.000003 0.067377 0.001435
0.931311 0.000473 0.000117 0.000032 0.000007 0.066625 0.001435
0.932128 0.000458 0.000122 0.000029 0.000006 0.065782 0.001475
0.932826 0.000469 0.000126 0.000031 0.000004 0.065092 0.001452
0.933679 0.000476 0.000131 0.000033 0.000005 0.064228 0.001448
0.934434 0.000469 0.000122 0.000032 0.000006 0.063466 0.001471
0.935361 0.000475 0.000125 0.000035 0.000006 0.062578 0.001420
0.936194 0.000466 0.000131 0.000030 0.000005 0.061720 0.001455
0.937173 0.000455 0.000130 0.000031 0.000005 0.060767 0.001439
0.937612 0.000461 0.000122 0.000036 0.000006 0.060305 0.001458
0.938243 0.000472 0.000123 0.000030 0.000006 0.059681 0.001444
0.938965 0.000467 0.000116 0.000030 0.000006 0.058974 0.001442
0.939830 0.000479 0.000124 0.000030 0.000004 0.058083 0.001450
0.940453 0.000479 0.000116 0.000033 0.000004 0.057486 0.001428
0.941279 0.000474 0.000116 0.000031 0.000004 0.056647 0.001450
0.941896 0.000481 0.000121 0.000027 0.000003 0.056052 0.001421
0.942709 0.000471 0.000122 0.000030 0.000005 0.055222 0.001441
0.943222 0.000468 0.000129 0.000035 0.000005 0.054684 0.001459
0.943970 0.000473 0.000131 0.000036 0.000006 0.053942 0.001443
0.944547 0.000464 0.000141 0.000033 0.000004 0.053350 0.001462
0.945372 0.000470 0.000134 0.000037 0.000005 0.052527 0.001455
0.946100 0.000460 0.000139 0.000033 0.000004 0.051802 0.001461
0.946778 0.000465 0.000130 0.000031 0.000006 0.051137 0.001453
0.947492 0.000471 0.000137 0.000032 0.000004 0.050396 0.001467
0.947897 0.000456 0.000139 0.000031 0.000004 0.050015 0.001459
0.948457 0.000459 0.000143 0.000030 0.000005 0.049461 0.001444
0.949206 0.000459 0.000134 0.000028 0.000005 0.048725 0.001442
0.949967 0.000459 0.000136 0.000027 0.000005 0.047969 0.001437
0.950551 0.000455 0.000141 0.000032 0.000003 0.047403 0.001415
0.951076 0.000458 0.000138 0.000029 0.000003 0.046862 0.001432
0.951688 0.000467 0.000134 0.000026 0.000003 0.046230 0.001453
0.952256 0.000474 0.000136 0.000025 0.000003 0.045674 0.001432
0.952878 0.000463 0.000127 0.000031 0.000002 0.045049 0.001450
0.953358 0.000466 0.000139 0.000026 0.000003 0.044551 0.001457
0.954011 0.000461 0.000137 0.000029 0.000002 0.043909 0.001451
0.954612 0.000469 0.000130 0.000030 0.000002 0.043336 0.001421
0.955033 0.000477 0.000135 0.000029 0.000003 0.042887 0.001436
0.955624 0.000478 0.000133 0.000029 0.000003 0.042285 0.001447
0.956162 0.000470 0.000142 0.000029 0.000003 0.041772 0.001420
0.956762 0.000465 0.000147 0.000029 0.000002 0.041162 0.001432
0.957447 0.000471 0.000145 0.000026 0.000003 0.040459 0.001450
0.957845 0.000466 0.000147 0.000027 0.000002 0.040086 0.001427
0.958194 0.000462 0.000146 0.000029 0.000002 0.039708 0.001459
0.958740 0.000465 0.000151 0.000029 0.000002 0.039166 0.001447
0.959358 0.000454 0.000142 0.000030 0.000002 0.038577 0.001436
0.959898 0.000450 0.000149 0.000030 0.000002 0.038022 0.001449
0.960296 0.000458 0.000148 0.000031 0.000002 0.037607 0.001458
0.960840 0.000455 0.000149 0.000031 0.000002 0.037060 0.001464
0.961440 0.000456 0.000151 0.000029 0.000002 0.036466 0.001457
0.961870 0.000458 0.000144 0.000027 0.000001 0.036044 0.001457
0.962362 0.000447 0.000141 0.000031 0.000001 0.035569 0.001449
0.962840 0.000448 0.000145 0.000028 0.000002 0.035096 0.001441
0.963424 0.000446 0.000142 0.000028 0.000002 0.034525 0.001435
0.963999 0.000448 0.000131 0.000028 0.000002 0.033943 0.001448
0.964315 0.000453 0.000138 0.000024 0.000002 0.033622 0.001445
0.964703 0.000450 0.000134 0.000026 0.000002 0.033232 0.001455
0.965358 0.000450 0.000127 0.000026 0.000003 0.032596 0.001440
0.965770 0.000457 0.000130 0.000027 0.000002 0.032161 0.001453
0.966222 0.000453 0.000139 0.000026 0.000002 0.031702 0.001456
0.966691 0.000459 0.000131 0.000028 0.000002 0.031236 0.001454
0.967105 0.000450 0.000130 0.000032 0.000002 0.030827 0.001455
0.967554 0.000459 0.000126 0.000030 0.000002 0.030391 0.001439
0.968060 0.000453 0.000119 0.000033 0.000001 0.029886 0.001447
0.968546 0.000449 0.000121 0.000032 0.000001 0.029406 0.001445
0.968975 0.000454 0.000124 0.000029 0.000002 0.028965 0.001451
0.969398 0.000452 0.000124 0.000029 0.000002 0.028549 0.001447
0.969890 0.000451 0.000120 0.000027 0.000001 0.028083 0.001428
0.970249 0.000456 0.000129 0.000028 0.000001 0.027685 0.001452
0.970709 0.000457 0.000124 0.000027 0.000001 0.027240 0.001441
0.971177 0.000463 0.000117 0.000026 0.000002 0.026783 0.001433
0.971649 0.000459 0.000120 0.000029 0.000001 0.026306 0.001436
0.972103 0.000458 0.000120 0.000028 0.000001 0.025852 0.001438
0.972511 0.000456 0.000123 0.000029 0.000001 0.025431 0.001449
0.972983 0.000460 0.000131 0.000028 0.000001 0.024958 0.001438
0.973347 0.000463 0.000127 0.000028 0.000001 0.024587 0.001448
0.973835 0.000467 0.000119 0.000029 0.000001 0.024103 0.001446
0.974249 0.000464 0.000125 0.000029 0.000001 0.023687 0.001444
0.974751 0.000467 0.000117 0.000028 0.000001 0.023195 0.001441
0.975086 0.000468 0.000120 0.000028 0.000001 0.022842 0.001455
0.975545 0.000470 0.000123 0.000027 0.000001 0.022391 0.001443
0.975931 0.000471 0.000128 0.000028 0.000001 0.022001 0.001439
0.976387 0.000475 0.000131 0.000030 0.000001 0.021539 0.001438
0.976764 0.000474 0.000127 0.000027 0.000001 0.021166 0.001441
0.977197 0.000474 0.000130 0.000029 0.000001 0.020732 0.001438
0.977624 0.000472 0.000129 0.000029 0.000001 0.020306 0.001439
0.978006 0.000476 0.000134 0.000029 0.000001 0.019905 0.001449
0.978470 0.000469 0.000138 0.000029 0.000001 0.019452 0.001440
0.978875 0.000471 0.000130 0.000029 0.000001 0.019054 0.001440
0.979242 0.000472 0.000130 0.000028 0.000001 0.018685 0.001443
0.979695 0.000468 0.000135 0.000029 0.000001 0.018233 0.001440
0.980069 0.000469 0.000137 0.000029 0.000001 0.017854 0.001440
0.980468 0.000472 0.000137 0.000030 0.000001 0.017451 0.001441
0.980873 0.000478 0.000145 0.000032 0.000001 0.017033 0.001440
0.981251 0.000477 0.000147 0.000028 0.000001 0.016655 0.001441
0.981698 0.000472 0.000150 0.000028 0.000001 0.016214 0.001436
0.982073 0.000471 0.000149 0.000029 0.000001 0.015841 0.001436
0.982528 0.000473 0.000145 0.000027 0.000001 0.015386 0.001440
0.982923 0.000477 0.000142 0.000028 0.000001 0.014988 0.001441
0.983281 0.000483 0.000144 0.000029 0.000000 0.014623 0.001439
0.983695 0.000489 0.000136 0.000029 0.000000 0.014210 0.001440
0.984036 0.000496 0.000145 0.000030 0.000000 0.013853 0.001439
0.984450 0.000496 0.000146 0.000034 0.000000 0.013434 0.001441
0.984850 0.000488 0.000148 0.000030 0.000000 0.013042 0.001441
0.985242 0.000487 0.000148 0.000031 0.000000 0.012652 0.001439
0.985621 0.000491 0.000147 0.000034 0.000000 0.012267 0.001439
0.985995 0.000489 0.000157 0.000032 0.000000 0.011887 0.001439
0.986348 0.000484 0.000160 0.000032 0.000000 0.011539 0.001438
0.986764 0.000483 0.000151 0.000032 0.000000 0.011130 0.001439
0.987140 0.000488 0.000146 0.000032 0.000000 0.010754 0.001439
0.987500 0.000483 0.000150 0.000033 0.000000 0.010394 0.001440
0.987832 0.000484 0.000151 0.000033 0.000000 0.010063 0.001436
0.988201 0.000489 0.000148 0.000034 0.000000 0.009690 0.001437
0.988608 0.000489 0.000151 0.000034 0.000000 0.009278 0.001440
0.988959 0.000487 0.000149 0.000034 0.000000 0.008930 0.001440
0.989309 0.000486 0.000154 0.000037 0.000000 0.008575 0.001440
0.989665 0.000486 0.000151 0.000037 0.000000 0.008221 0.001440
0.989982 0.000489 0.000148 0.000038 0.000001 0.007903 0.001439
0.990304 0.000491 0.000155 0.000034 0.000001 0.007578 0.001438
0.990609 0.000498 0.000157 0.000032 0.000002 0.007263 0.001438
0.990900 0.000512 0.000154 0.000031 0.000002 0.006960 0.001440
0.991232 0.000517 0.000157 0.000029 0.000001 0.006622 0.001441
0.991510 0.000512 0.000173 0.000027 0.000001 0.006335 0.001442
0.991767 0.000533 0.000163 0.000027 0.000001 0.006068 0.001441
0.992033 0.000539 0.000174 0.000028 0.000001 0.005784 0.001440
0.992335 0.000545 0.000164 0.000028 0.000002 0.005489 0.001438
0.992598 0.000545 0.000169 0.000032 0.000001 0.005216 0.001439
0.992796 0.000558 0.000171 0.000028 0.000001 0.005005 0.001440
0.993034 0.000563 0.000172 0.000030 0.000001 0.004760 0.001439
0.993247 0.000579 0.000170 0.000028 0.000001 0.004533 0.001441
0.993480 0.000572 0.000186 0.000029 0.000001 0.004290 0.001442
0.993680 0.000577 0.000191 0.000030 0.000001 0.004075 0.001446
0.993854 0.000580 0.000194 0.000027 0.000001 0.003898 0.001447
0.994062 0.000579 0.000192 0.000026 0.000000 0.003691 0.001449
0.994239 0.000598 0.000186 0.000022 0.000001 0.003506 0.001448
0.994433 0.000594 0.000201 0.000019 0.000001 0.003302 0.001449
0.994580 0.000602 0.000205 0.000023 0.000001 0.003141 0.001447
0.994738 0.000607 0.000204 0.000021 0.000001 0.002983 0.001447
0.994887 0.000611 0.000206 0.000019 0.000001 0.002830 0.001447
0.995030 0.000613 0.000218 0.000018 0.000000 0.002677 0.001444
0.995141 0.000611 0.000216 0.000021 0.000000 0.002566 0.001445
0.995304 0.000606 0.000204 0.000017 0.000001 0.002425 0.001444
0.995414 0.000621 0.000210 0.000023 0.000001 0.002288 0.001444
0.995507 0.000633 0.000220 0.000023 0.000000 0.002172 0.001446
0.995601 0.000637 0.000225 0.000027 0.000000 0.002064 0.001446
0.995718 0.000633 0.000224 0.000026 0.000001 0.001951 0.001447
0.995802 0.000638 0.000228 0.000028 0.000001 0.001859 0.001446
0.995878 0.000656 0.000220 0.000028 0.000001 0.001772 0.001445
0.995955 0.000639 0.000233 0.000024 0.000001 0.001702 0.001447
0.996016 0.000645 0.000231 0.000025 0.000001 0.001633 0.001449
0.996079 0.000640 0.000244 0.000025 0.000002 0.001561 0.001449
0.996153 0.000624 0.000242 0.000031 0.000002 0.001499 0.001450
0.996217 0.000632 0.000232 0.000029 0.000003 0.001438 0.001450
0.996285 0.000638 0.000226 0.000027 0.000003 0.001371 0.001450
0.996332 0.000650 0.000219 0.000028 0.000002 0.001320 0.001450
0.996359 0.000657 0.000224 0.000026 0.000002 0.001278 0.001453
0.996393 0.000657 0.000230 0.000026 0.000002 0.001240 0.001452
0.996434 0.000661 0.000232 0.000026 0.000002 0.001194 0.001451
0.996474 0.000668 0.000227 0.000023 0.000002 0.001154 0.001452
0.996507 0.000662 0.000239 0.000022 0.000003 0.001117 0.001451
0.996535 0.000657 0.000243 0.000020 0.000003 0.001091 0.001451
0.996571 0.000664 0.000246 0.000020 0.000003 0.001046 0.001450
0.996579 0.000683 0.000224 0.000020 0.000003 0.001041 0.001449
0.996595 0.000681 0.000237 0.000026 0.000002 0.001013 0.001446
0.996610 0.000680 0.000234 0.000029 0.000002 0.000999 0.001446
0.996639 0.000683 0.000241 0.000023 0.000002 0.000965 0.001447
0.996664 0.000680 0.000256 0.000022 0.000002 0.000929 0.001448
0.996682 0.000686 0.000255 0.000022 0.000003 0.000904 0.001448
0.996681 0.000698 0.000256 0.000027 0.000002 0.000890 0.001448
0.996689 0.000687 0.000272 0.000025 0.000002 0.000879 0.001447
0.996715 0.000677 0.000253 0.000034 0.000002 0.000875 0.001444
0.996717 0.000679 0.000261 0.000037 0.000002 0.000860 0.001444
0.996726 0.000678 0.000261 0.000036 0.000001 0.000851 0.001447
0.996728 0.000690 0.000255 0.000033 0.000001 0.000848 0.001445
0.996731 0.000689 0.000260 0.000035 0.000002 0.000840 0.001443
0.996731 0.000707 0.000252 0.000033 0.000001 0.000834 0.001443
0.996718 0.000710 0.000259 0.000034 0.000002 0.000833 0.001444
0.996735 0.000682 0.000264 0.000034 0.000002 0.000837 0.001446
0.996740 0.000688 0.000258 0.000030 0.000001 0.000836 0.001447
0.996753 0.000686 0.000277 0.000029 0.000002 0.000808 0.001446
0.996760 0.000684 0.000274 0.000034 0.000002 0.000802 0.001443
0.996763 0.000679 0.000279 0.000030 0.000002 0.000798 0.001450
0.996751 0.000690 0.000288 0.000029 0.000001 0.000793 0.001447
0.996744 0.000692 0.000295 0.000032 0.000001 0.000785 0.001451
0.996725 0.000709 0.000283 0.000032 0.000001 0.000799 0.001452
0.996724 0.000683 0.000288 0.000032 0.000001 0.000815 0.001457
0.996726 0.000683 0.000288 0.000025 0.000001 0.000819 0.001458
0.996712 0.000692 0.000273 0.000028 0.000001 0.000833 0.001462
0.996708 0.000698 0.000285 0.000027 0.000003 0.000820 0.001460
0.996706 0.000701 0.000279 0.000023 0.000003 0.000829 0.001459
0.996718 0.000684 0.000274 0.000028 0.000003 0.000833 0.001461
0.996702 0.000710 0.000253 0.000028 0.000003 0.000839 0.001465
0.996690 0.000712 0.000261 0.000025 0.000002 0.000848 0.001462
0.996690 0.000689 0.000270 0.000028 0.000001 0.000857 0.001465
0.996679 0.000698 0.000261 0.000027 0.000001 0.000869 0.001464
0.996688 0.000701 0.000259 0.000029 0.000001 0.000852 0.001469
0.996693 0.000698 0.000259 0.000031 0.000002 0.000849 0.001468
0.996696 0.000701 0.000262 0.000028 0.000002 0.000841 0.001471
0.996682 0.000716 0.000273 0.000027 0.000002 0.000831 0.001469
0.996676 0.000699 0.000293 0.000025 0.000002 0.000836 0.001470
0.996675 0.000698 0.000285 0.000026 0.000002 0.000844 0.001471
0.996648 0.000711 0.000295 0.000031 0.000002 0.000840 0.001474
0.996641 0.000697 0.000305 0.000034 0.000002 0.000849 0.001471
0.996624 0.000704 0.000296 0.000032 0.000003 0.000869 0.001472
0.996592 0.000702 0.000301 0.000037 0.000003 0.000884 0.001481
0.996601 0.000695 0.000315 0.000034 0.000003 0.000866 0.001486
0.996605 0.000691 0.000319 0.000037 0.000002 0.000859 0.001488
0.996570 0.000708 0.000297 0.000033 0.000002 0.000901 0.001490
0.996577 0.000691 0.000309 0.000036 0.000003 0.000901 0.001483
0.996583 0.000711 0.000282 0.000030 0.000003 0.000907 0.001484
0.996581 0.000705 0.000286 0.000026 0.000003 0.000913 0.001487
0.996579 0.000693 0.000278 0.000033 0.000003 0.000922 0.001492
0.996584 0.000686 0.000289 0.000031 0.000002 0.000917 0.001491
0.996559 0.000708 0.000278 0.000034 0.000003 0.000927 0.001491
0.996553 0.000705 0.000286 0.000045 0.000003 0.000920 0.001488
0.996534 0.000713 0.000275 0.000044 0.000003 0.000935 0.001495
0.996533 0.000709 0.000290 0.000044 0.000002 0.000932 0.001490
0.996533 0.000710 0.000299 0.000042 0.000000 0.000923 0.001493
0.996532 0.000696 0.000308 0.000041 0.000000 0.000929 0.001494
0.996550 0.000691 0.000313 0.000041 0.000001 0.000911 0.001493
0.996551 0.000702 0.000298 0.000044 0.000001 0.000910 0.001494
0.996565 0.000710 0.000286 0.000037 0.000001 0.000910 0.001492
0.996538 0.000731 0.000274 0.000046 0.000001 0.000911 0.001499
0.996550 0.000718 0.000304 0.000052 0.000001 0.000884 0.001491
0.996551 0.000721 0.000281 0.000052 0.000001 0.000903 0.001491
0.996507 0.000750 0.000295 0.000053 0.000001 0.000912 0.001482
0.996491 0.000734 0.000316 0.000046 0.000002 0.000925 0.001486
0.996460 0.000737 0.000305 0.000038 0.000002 0.000970 0.001487
0.996455 0.000717 0.000319 0.000040 0.000002 0.000981 0.001486
0.996482 0.000696 0.000311 0.000038 0.000002 0.000984 0.001486
0.996491 0.000692 0.000304 0.000043 0.000002 0.000974 0.001493
0.996500 0.000710 0.000301 0.000035 0.000004 0.000960 0.001490
0.996465 0.000738 0.000297 0.000044 0.000002 0.000958 0.001495
0.996460 0.000700 0.000328 0.000043 0.000004 0.000971 0.001495
0.996463 0.000695 0.000302 0.000036 0.000004 0.001006 0.001494
0.996467 0.000707 0.000287 0.000041 0.000004 0.000999 0.001494
0.996476 0.000707 0.000294 0.000034 0.000004 0.000994 0.001492
0.996452 0.000713 0.000305 0.000034 0.000001 0.001000 0.001496
0.996457 0.000724 0.000280 0.000035 0.000004 0.001010 0.001489
0.996487 0.000722 0.000282 0.000037 0.000004 0.000978 0.001491
0.996492 0.000686 0.000307 0.000040 0.000003 0.000981 0.001491
0.996500 0.000691 0.000304 0.000038 0.000003 0.000972 0.001493
0.996496 0.000711 0.000290 0.000034 0.000001 0.000971 0.001496
0.996484 0.000738 0.000286 0.000033 0.000000 0.000961 0.001498
0.996500 0.000707 0.000310 0.000036 0.000000 0.000949 0.001497
0.996481 0.000710 0.000307 0.000031 0.000001 0.000972 0.001498
0.996446 0.000733 0.000284 0.000034 0.000001 0.001002 0.001499
0.996443 0.000739 0.000299 0.000027 0.000004 0.001003 0.001485
0.996443 0.000735 0.000289 0.000027 0.000003 0.001022 0.001481
0.996459 0.000718 0.000296 0.000023 0.000001 0.001014 0.001488
0.996436 0.000737 0.000296 0.000024 0.000001 0.001019 0.001487
0.996431 0.000738 0.000320 0.000021 0.000001 0.000999 0.001489
0.996425 0.000755 0.000315 0.000025 0.000000 0.000996 0.001484
0.996388 0.000768 0.000320 0.000033 0.000000 0.001008 0.001483
0.996403 0.000739 0.000343 0.000031 0.000000 0.000995 0.001488
0.996372 0.000735 0.000324 0.000033 0.000000 0.001046 0.001490
0.996357 0.000762 0.000304 0.000031 0.000000 0.001052 0.001494
0.996332 0.000776 0.000320 0.000029 0.000000 0.001053 0.001490
0.996309 0.000781 0.000329 0.000034 0.000000 0.001050 0.001496
0.996309 0.000757 0.000346 0.000033 0.000000 0.001057 0.001499
0.996321 0.000744 0.000329 0.000030 0.000000 0.001076 0.001500
0.996302 0.000741 0.000353 0.000030 0.000000 0.001067 0.001506
0.996304 0.000736 0.000365 0.000032 0.000000 0.001058 0.001504
0.996297 0.000733 0.000345 0.000040 0.000002 0.001078 0.001505
0.996298 0.000713 0.000354 0.000043 0.000000 0.001089 0.001502
0.996285 0.000738 0.000321 0.000037 0.000000 0.001112 0.001507
0.996284 0.000720 0.000330 0.000046 0.000000 0.001121 0.001500
0.996303 0.000734 0.000299 0.000046 0.000000 0.001128 0.001490
0.996281 0.000751 0.000305 0.000033 0.000000 0.001140 0.001491
0.996262 0.000756 0.000321 0.000037 0.000000 0.001123 0.001502
0.996267 0.000738 0.000308 0.000036 0.000002 0.001143 0.001506
0.996232 0.000753 0.000314 0.000055 0.000002 0.001143 0.001502
0.996263 0.000738 0.000324 0.000048 0.000002 0.001123 0.001503
0.996249 0.000746 0.000318 0.000050 0.000002 0.001127 0.001507
0.996238 0.000751 0.000324 0.000055 0.000004 0.001122 0.001507
0.996228 0.000749 0.000325 0.000061 0.000002 0.001127 0.001508
0.996210 0.000754 0.000304 0.000048 0.000002 0.001174 0.001509
0.996211 0.000735 0.000312 0.000059 0.000002 0.001171 0.001510
0.996199 0.000746 0.000353 0.000042 0.000002 0.001171 0.001486
0.996178 0.000757 0.000386 0.000039 0.000002 0.001155 0.001484
0.996165 0.000770 0.000361 0.000049 0.000002 0.001165 0.001487
0.996136 0.000733 0.000387 0.000060 0.000002 0.001192 0.001489
0.996125 0.000741 0.000330 0.000055 0.000002 0.001255 0.001492
0.996121 0.000749 0.000328 0.000049 0.000002 0.001255 0.001496
0.996116 0.000737 0.000336 0.000049 0.000002 0.001263 0.001497
0.996142 0.000726 0.000318 0.000030 0.000004 0.001274 0.001506
0.996126 0.000724 0.000347 0.000041 0.000002 0.001252 0.001508
0.996118 0.000761 0.000339 0.000036 0.000002 0.001244 0.001499
0.996113 0.000766 0.000342 0.000046 0.000005 0.001230 0.001499
0.996040 0.000790 0.000334 0.000061 0.000002 0.001263 0.001510
0.996045 0.000794 0.000332 0.000043 0.000002 0.001272 0.001512
0.996006 0.000802 0.000338 0.000043 0.000002 0.001290 0.001518
0.995984 0.000813 0.000324 0.000041 0.000002 0.001328 0.001507
0.995990 0.000760 0.000384 0.000052 0.000002 0.001302 0.001509
0.996004 0.000793 0.000340 0.000053 0.000003 0.001306 0.001502
0.995960 0.000760 0.000363 0.000057 0.000003 0.001346 0.001511
0.995972 0.000772 0.000317 0.000044 0.000005 0.001378 0.001511
0.995953 0.000772 0.000353 0.000040 0.000003 0.001368 0.001512
0.995942 0.000789 0.000332 0.000043 0.000003 0.001375 0.001517
0.995959 0.000758 0.000361 0.000037 0.000003 0.001364 0.001517
0.995899 0.000799 0.000352 0.000024 0.000000 0.001405 0.001521
0.995891 0.000785 0.000360 0.000037 0.000000 0.001405 0.001521
0.995885 0.000762 0.000363 0.000044 0.000000 0.001429 0.001517
0.995831 0.000767 0.000344 0.000058 0.000000 0.001471 0.001528
0.995859 0.000753 0.000343 0.000056 0.000003 0.001457 0.001528
0.995873 0.000758 0.000338 0.000039 0.000003 0.001457 0.001532
0.995858 0.000783 0.000326 0.000042 0.000003 0.001455 0.001532
0.995854 0.000747 0.000329 0.000037 0.000003 0.001499 0.001530
0.995803 0.000783 0.000340 0.000041 0.000003 0.001494 0.001537
0.995825 0.000756 0.000362 0.000050 0.000003 0.001466 0.001538
0.995797 0.000783 0.000354 0.000039 0.000006 0.001479 0.001542
0.995825 0.000776 0.000351 0.000045 0.000003 0.001456 0.001543
0.995814 0.000793 0.000356 0.000064 0.000000 0.001439 0.001534
0.995838 0.000775 0.000359 0.000057 0.000000 0.001436 0.001534
0.995872 0.000751 0.000378 0.000049 0.000000 0.001408 0.001541
0.995894 0.000738 0.000372 0.000046 0.000000 0.001408 0.001541
0.995859 0.000795 0.000371 0.000063 0.000000 0.001368 0.001544
0.995865 0.000783 0.000390 0.000051 0.000000 0.001377 0.001536
0.995869 0.000759 0.000412 0.000035 0.000000 0.001394 0.001531
0.995813 0.000779 0.000398 0.000039 0.000000 0.001443 0.001529
0.995825 0.000764 0.000394 0.000046 0.000000 0.001447 0.001525
0.995834 0.000759 0.000382 0.000044 0.000000 0.001454 0.001527
0.995853 0.000776 0.000319 0.000054 0.000000 0.001480 0.001518
0.995816 0.000785 0.000359 0.000045 0.000000 0.001475 0.001521
0.995817 0.000768 0.000349 0.000042 0.000000 0.001488 0.001536
0.995755 0.000788 0.000357 0.000053 0.000000 0.001503 0.001544
0.995801 0.000745 0.000350 0.000043 0.000000 0.001517 0.001544
0.995802 0.000758 0.000339 0.000047 0.000000 0.001510 0.001544
0.995764 0.000772 0.000387 0.000033 0.000000 0.001505 0.001540
0.995708 0.000802 0.000379 0.000044 0.000000 0.001527 0.001540
0.995711 0.000823 0.000331 0.000056 0.000004 0.001526 0.001550
0.995719 0.000775 0.000374 0.000057 0.000000 0.001519 0.001556
0.995704 0.000782 0.000386 0.000050 0.000000 0.001523 0.001556
0.995673 0.000837 0.000353 0.000055 0.000000 0.001529 0.001553
0.995694 0.000821 0.000364 0.000063 0.000000 0.001511 0.001548
0.995699 0.000795 0.000406 0.000072 0.000000 0.001501 0.001527
0.995742 0.000763 0.000394 0.000076 0.000000 0.001497 0.001527
0.995738 0.000748 0.000426 0.000068 0.000000 0.001493 0.001527
0.995747 0.000772 0.000414 0.000061 0.000008 0.001482 0.001517
0.995778 0.000759 0.000382 0.000069 0.000008 0.001487 0.001517
0.995758 0.000802 0.000381 0.000058 0.000004 0.001481 0.001516
0.995726 0.000776 0.000404 0.000064 0.000000 0.001499 0.001531
0.995733 0.000817 0.000389 0.000053 0.000000 0.001512 0.001497
0.995811 0.000748 0.000428 0.000057 0.000000 0.001459 0.001497
0.995794 0.000721 0.000392 0.000058 0.000004 0.001520 0.001510
0.995780 0.000737 0.000386 0.000050 0.000000 0.001522 0.001525
0.995783 0.000727 0.000414 0.000050 0.000000 0.001491 0.001535
0.995745 0.000747 0.000381 0.000055 0.000000 0.001526 0.001547
0.995695 0.000751 0.000351 0.000052 0.000000 0.001591 0.001560
0.995698 0.000769 0.000392 0.000038 0.000000 0.001541 0.001562
0.995711 0.000772 0.000420 0.000043 0.000000 0.001477 0.001576
0.995640 0.000760 0.000420 0.000034 0.000000 0.001579 0.001567
0.995670 0.000729 0.000411 0.000040 0.000000 0.001584 0.001567
0.995683 0.000741 0.000405 0.000050 0.000000 0.001547 0.001574
0.995729 0.000744 0.000338 0.000076 0.000000 0.001527 0.001587
0.995773 0.000746 0.000347 0.000066 0.000000 0.001482 0.001587
0.995738 0.000801 0.000363 0.000061 0.000000 0.001451 0.001587
0.995673 0.000820 0.000372 0.000056 0.000000 0.001508 0.001570
0.995637 0.000846 0.000371 0.000051 0.000000 0.001524 0.001570
0.995576 0.000831 0.000382 0.000051 0.000000 0.001590 0.001570
0.995603 0.000758 0.000407 0.000072 0.000000 0.001577 0.001583
0.995619 0.000787 0.000402 0.000073 0.000000 0.001538 0.001580
0.995584 0.000774 0.000412 0.000080 0.000000 0.001564 0.001586
0.995556 0.000719 0.000454 0.000054 0.000000 0.001627 0.001589
0.995540 0.000767 0.000411 0.000033 0.000005 0.001669 0.001575
0.995529 0.000794 0.000389 0.000044 0.000005 0.001664 0.001575
0.995567 0.000805 0.000421 0.000044 0.000005 0.001596 0.001562
0.995612 0.000758 0.000404 0.000039 0.000006 0.001633 0.001548
0.995551 0.000780 0.000427 0.000028 0.000000 0.001666 0.001548
0.995562 0.000802 0.000403 0.000017 0.000000 0.001682 0.001534
0.995546 0.000781 0.000420 0.000029 0.000000 0.001685 0.001539
0.995588 0.000762 0.000379 0.000047 0.000000 0.001685 0.001539
0.995572 0.000790 0.000419 0.000042 0.000000 0.001651 0.001526
0.995566 0.000813 0.000387 0.000073 0.000000 0.001641 0.001519
0.995494 0.000805 0.000405 0.000049 0.000006 0.001714 0.001528
0.995482 0.000847 0.000393 0.000050 0.000006 0.001679 0.001543
0.995407 0.000935 0.000361 0.000063 0.000006 0.001685 0.001543
0.995389 0.000966 0.000392 0.000057 0.000006 0.001647 0.001543
0.995380 0.000948 0.000416 0.000045 0.000000 0.001665 0.001546
0.995328 0.000968 0.000403 0.000058 0.000000 0.001697 0.001546
0.995305 0.000989 0.000442 0.000046 0.000000 0.001676 0.001543
0.995265 0.000923 0.000509 0.000039 0.000000 0.001721 0.001543
0.995289 0.000840 0.000501 0.000052 0.000000 0.001775 0.001543
0.995303 0.000814 0.000513 0.000071 0.000000 0.001757 0.001543
0.995279 0.000777 0.000542 0.000073 0.000000 0.001788 0.001542
