0.960316 0.038868 0.000519 0.000291 0.000000 0.000005 0.000000
0.699498 0.290045 0.006537 0.003706 0.000002 0.000212 0.000000
0.419817 0.545575 0.021409 0.012093 0.000013 0.001093 0.000000
0.237260 0.680600 0.049504 0.028157 0.000055 0.004424 0.000000
0.135353 0.713729 0.088425 0.049983 0.000139 0.012371 0.000000
0.070018 0.702608 0.128691 0.073051 0.000286 0.025344 0.000002
0.045178 0.653693 0.164352 0.093465 0.000471 0.042837 0.000003
0.035530 0.603506 0.190205 0.108165 0.000687 0.061901 0.000006
0.024486 0.555343 0.213379 0.121511 0.000933 0.084339 0.000009
0.020030 0.506159 0.231867 0.132023 0.001189 0.108718 0.000015
0.035054 0.459542 0.238550 0.135608 0.001420 0.129805 0.000020
0.029890 0.425090 0.247701 0.140844 0.001684 0.154761 0.000029
0.015570 0.391493 0.259162 0.147573 0.001987 0.184177 0.000038
0.013879 0.354668 0.265227 0.151074 0.002287 0.212817 0.000047
0.014536 0.322544 0.267823 0.152519 0.002541 0.239980 0.000056
0.015648 0.294342 0.268031 0.152403 0.002803 0.266708 0.000065
0.022343 0.267830 0.265093 0.150578 0.003009 0.291073 0.000074
0.029280 0.249001 0.259046 0.147153 0.003210 0.312228 0.000083
0.028002 0.231692 0.255310 0.145089 0.003400 0.336414 0.000093
0.023038 0.211349 0.253606 0.144034 0.003620 0.364244 0.000110
0.024577 0.192943 0.248964 0.141345 0.003808 0.388241 0.000122
0.026771 0.177066 0.243108 0.137993 0.003997 0.410927 0.000139
0.029046 0.163434 0.236818 0.134360 0.004149 0.432041 0.000152
0.031623 0.150510 0.230064 0.130139 0.004292 0.453204 0.000168
0.034444 0.139376 0.223141 0.125856 0.004443 0.472559 0.000182
0.037324 0.129501 0.216006 0.121830 0.004560 0.490582 0.000197
0.040334 0.120484 0.208905 0.117523 0.004678 0.507861 0.000215
0.043350 0.112417 0.201690 0.113256 0.004742 0.524306 0.000239
0.046600 0.105268 0.194359 0.108981 0.004810 0.539731 0.000251
0.049947 0.098880 0.187064 0.104810 0.004883 0.554141 0.000275
0.053443 0.093183 0.179979 0.100723 0.004938 0.567441 0.000293
0.057034 0.087866 0.172945 0.096529 0.004983 0.580329 0.000314
0.060650 0.083262 0.166404 0.092763 0.005015 0.591573 0.000332
0.064432 0.079047 0.159900 0.088874 0.005058 0.602343 0.000345
0.068278 0.075378 0.153555 0.085172 0.005052 0.612202 0.000362
0.072126 0.071959 0.147505 0.081757 0.005030 0.621247 0.000376
0.076145 0.068928 0.141620 0.078365 0.005035 0.629504 0.000402
0.080103 0.066387 0.136064 0.075285 0.005013 0.636726 0.000423
0.084180 0.064044 0.130886 0.072087 0.004972 0.643391 0.000439
0.088410 0.061785 0.125640 0.069031 0.004953 0.649715 0.000466
0.092658 0.059836 0.120896 0.066195 0.004913 0.655015 0.000487
0.096831 0.058129 0.116268 0.063348 0.004839 0.660081 0.000505
0.100836 0.056695 0.111858 0.060847 0.004799 0.664439 0.000526
0.105019 0.055345 0.107838 0.058228 0.004747 0.668281 0.000541
0.109123 0.054327 0.103856 0.055862 0.004665 0.671607 0.000560
0.113296 0.053263 0.100278 0.053597 0.004624 0.674366 0.000577
0.117663 0.052436 0.096807 0.051455 0.004556 0.676494 0.000590
0.121866 0.051729 0.093450 0.049335 0.004497 0.678513 0.000609
0.125936 0.051132 0.090358 0.047468 0.004410 0.680071 0.000624
0.130017 0.050537 0.087393 0.045662 0.004337 0.681409 0.000643
0.134017 0.050051 0.084700 0.044126 0.004270 0.682170 0.000666
0.138124 0.049713 0.082108 0.042531 0.004189 0.682654 0.000680
0.143041 0.049219 0.079630 0.041084 0.004105 0.682222 0.000698
0.163539 0.058462 0.075042 0.038434 0.003904 0.659933 0.000685
0.151745 0.061084 0.074460 0.037960 0.003876 0.670163 0.000713
0.153380 0.054779 0.073378 0.037183 0.003836 0.676706 0.000738
0.157251 0.052708 0.071710 0.036118 0.003758 0.677704 0.000751
0.160919 0.052584 0.070188 0.035192 0.003686 0.676664 0.000766
0.164689 0.051594 0.068588 0.034223 0.003641 0.676483 0.000782
0.168288 0.051468 0.067169 0.033305 0.003566 0.675410 0.000794
0.171911 0.051434 0.065943 0.032519 0.003474 0.673905 0.000815
0.175426 0.051089 0.064654 0.031631 0.003441 0.672932 0.000827
0.178684 0.051080 0.063579 0.030934 0.003370 0.671519 0.000834
0.182103 0.051068 0.062494 0.030237 0.003310 0.669936 0.000853
0.185678 0.051006 0.061487 0.029560 0.003245 0.668159 0.000865
0.189076 0.051255 0.060652 0.028978 0.003183 0.665983 0.000872
0.191934 0.051695 0.059998 0.028475 0.003130 0.663878 0.000891
0.195170 0.051727 0.059099 0.027810 0.003054 0.662236 0.000904
0.198007 0.051969 0.058523 0.027289 0.003008 0.660279 0.000925
0.200797 0.052245 0.057980 0.026872 0.002945 0.658233 0.000929
0.203918 0.052438 0.057269 0.026385 0.002865 0.656184 0.000940
0.206521 0.052773 0.056819 0.026032 0.002811 0.654093 0.000951
0.209473 0.052906 0.056234 0.025657 0.002752 0.652017 0.000961
0.212006 0.053369 0.056038 0.025400 0.002693 0.649522 0.000973
0.214682 0.053671 0.055619 0.025085 0.002664 0.647296 0.000984
0.217087 0.054131 0.055432 0.024892 0.002609 0.644852 0.000998
0.219331 0.054483 0.055150 0.024607 0.002561 0.642868 0.001000
0.221859 0.054875 0.054980 0.024444 0.002509 0.640307 0.001026
0.224151 0.055145 0.054866 0.024266 0.002453 0.638081 0.001038
0.226392 0.055446 0.054674 0.024087 0.002411 0.635951 0.001039
0.228599 0.055852 0.054638 0.024029 0.002372 0.633463 0.001047
0.230715 0.056286 0.054523 0.023873 0.002319 0.631231 0.001053
0.232939 0.056680 0.054512 0.023693 0.002263 0.628843 0.001069
0.234875 0.057075 0.054483 0.023543 0.002213 0.626729 0.001083
0.236673 0.057453 0.054565 0.023503 0.002189 0.624535 0.001083
0.238398 0.057859 0.054703 0.023502 0.002154 0.622290 0.001095
0.240165 0.058143 0.054814 0.023487 0.002102 0.620184 0.001105
0.242066 0.058534 0.054870 0.023394 0.002075 0.617953 0.001108
0.243625 0.058712 0.055129 0.023432 0.002035 0.615946 0.001122
0.245368 0.058981 0.055381 0.023388 0.002008 0.613749 0.001126
0.247198 0.059140 0.055454 0.023334 0.001983 0.611759 0.001133
0.248888 0.059364 0.055582 0.023394 0.001952 0.609673 0.001147
0.250304 0.059686 0.055863 0.023371 0.001923 0.607696 0.001157
0.251855 0.059910 0.056040 0.023322 0.001893 0.605817 0.001164
0.253186 0.060224 0.056241 0.023385 0.001884 0.603908 0.001172
0.254701 0.060516 0.056332 0.023381 0.001856 0.602033 0.001181
0.255963 0.060759 0.056461 0.023401 0.001852 0.600376 0.001189
0.257393 0.060809 0.056715 0.023453 0.001830 0.598605 0.001194
0.258762 0.061022 0.056946 0.023435 0.001813 0.596828 0.001195
0.259866 0.061323 0.057284 0.023402 0.001810 0.595109 0.001207
0.261100 0.061643 0.057473 0.023485 0.001795 0.593288 0.001215
0.262255 0.061847 0.057687 0.023487 0.001754 0.591751 0.001219
0.263383 0.062116 0.057935 0.023499 0.001737 0.590101 0.001230
0.264670 0.062329 0.058150 0.023482 0.001708 0.588425 0.001237
0.265681 0.062541 0.058436 0.023484 0.001687 0.586923 0.001248
0.266606 0.062771 0.058612 0.023574 0.001692 0.585492 0.001255
0.267677 0.063066 0.058830 0.023588 0.001674 0.583898 0.001266
0.268516 0.063302 0.058983 0.023626 0.001663 0.582638 0.001271
0.269463 0.063380 0.059211 0.023611 0.001658 0.581407 0.001271
0.270548 0.063668 0.059408 0.023580 0.001651 0.579863 0.001282
0.271289 0.063825 0.059709 0.023621 0.001643 0.578628 0.001286
0.272289 0.064001 0.059943 0.023659 0.001626 0.577188 0.001294
0.273172 0.064219 0.060089 0.023718 0.001595 0.575903 0.001304
0.273642 0.064458 0.060403 0.023814 0.001583 0.574785 0.001316
0.274544 0.064579 0.060699 0.023899 0.001583 0.573375 0.001321
0.275292 0.064680 0.060969 0.023956 0.001561 0.572204 0.001339
0.276255 0.064736 0.061132 0.023927 0.001564 0.571044 0.001342
0.276837 0.064848 0.061323 0.024010 0.001542 0.570101 0.001339
0.277504 0.065032 0.061509 0.024013 0.001542 0.569043 0.001357
0.278277 0.065132 0.061632 0.024032 0.001542 0.568025 0.001360
0.278836 0.065188 0.061805 0.024001 0.001525 0.567267 0.001376
0.279666 0.065174 0.061970 0.024031 0.001516 0.566272 0.001371
0.280678 0.064873 0.062084 0.024089 0.001516 0.565389 0.001372
0.282597 0.063771 0.062222 0.024130 0.001510 0.564386 0.001384
0.285253 0.062142 0.062393 0.024113 0.001510 0.563202 0.001387
0.287870 0.060303 0.062512 0.023977 0.001494 0.562451 0.001392
0.291257 0.058343 0.062228 0.023777 0.001477 0.561515 0.001404
0.294481 0.056564 0.061925 0.023562 0.001469 0.560597 0.001403
0.297698 0.054717 0.061470 0.023339 0.001460 0.559897 0.001420
0.301068 0.053036 0.061087 0.023058 0.001460 0.558871 0.001420
0.304433 0.051408 0.060626 0.022734 0.001436 0.557947 0.001416
0.308103 0.049895 0.059814 0.022370 0.001445 0.556942 0.001431
0.311651 0.048587 0.058995 0.022015 0.001439 0.555885 0.001428
0.315134 0.047426 0.058336 0.021634 0.001448 0.554581 0.001441
0.318639 0.046363 0.057592 0.021240 0.001432 0.553284 0.001449
0.322085 0.045291 0.056874 0.020808 0.001427 0.552070 0.001445
0.325864 0.044327 0.056280 0.020433 0.001411 0.550235 0.001451
0.329262 0.043469 0.055562 0.020070 0.001413 0.548770 0.001456
0.332647 0.042740 0.054833 0.019653 0.001402 0.547262 0.001462
0.336187 0.042078 0.054077 0.019181 0.001385 0.545622 0.001471
0.339831 0.041411 0.053253 0.018792 0.001359 0.543885 0.001469
0.343143 0.040901 0.052600 0.018391 0.001353 0.542129 0.001484
0.346470 0.040564 0.051896 0.017981 0.001346 0.540262 0.001482
0.349715 0.040090 0.051076 0.017584 0.001333 0.538705 0.001497
0.352833 0.039736 0.050529 0.017282 0.001327 0.536799 0.001494
0.355946 0.039367 0.049799 0.017022 0.001309 0.535050 0.001507
0.359490 0.038962 0.049132 0.016679 0.001293 0.532936 0.001509
0.362500 0.038787 0.048570 0.016368 0.001262 0.530995 0.001519
0.365500 0.038697 0.047879 0.016161 0.001241 0.528998 0.001524
0.368819 0.038463 0.047344 0.015860 0.001238 0.526748 0.001528
0.371891 0.038294 0.046923 0.015698 0.001228 0.524447 0.001519
0.375092 0.038044 0.046452 0.015499 0.001228 0.522152 0.001533
0.377706 0.038013 0.045895 0.015220 0.001222 0.520402 0.001541
0.380861 0.037987 0.045345 0.014927 0.001206 0.518139 0.001535
0.383723 0.037842 0.044894 0.014770 0.001191 0.516030 0.001549
0.386640 0.037864 0.044535 0.014611 0.001167 0.513624 0.001559
0.389200 0.037919 0.044230 0.014431 0.001158 0.511508 0.001554
0.391941 0.037861 0.043851 0.014305 0.001123 0.509362 0.001556
0.394880 0.037817 0.043457 0.014094 0.001123 0.507067 0.001561
0.397383 0.037823 0.043100 0.013967 0.001125 0.505034 0.001568
0.399799 0.037912 0.042873 0.013799 0.001121 0.502924 0.001573
0.402501 0.037935 0.042454 0.013648 0.001120 0.500766 0.001576
0.404997 0.038098 0.042191 0.013563 0.001102 0.498465 0.001585
0.407497 0.038218 0.041919 0.013473 0.001101 0.496201 0.001591
0.410075 0.038280 0.041670 0.013388 0.001079 0.493910 0.001598
0.412481 0.038455 0.041517 0.013269 0.001058 0.491616 0.001604
0.414596 0.038719 0.041304 0.013176 0.001058 0.489543 0.001604
0.416720 0.038983 0.041256 0.013146 0.001037 0.487242 0.001615
0.418670 0.039193 0.041163 0.013055 0.001027 0.485279 0.001613
0.421110 0.039395 0.041020 0.013008 0.001015 0.482836 0.001617
0.422869 0.039628 0.040951 0.012951 0.001004 0.480976 0.001623
0.424810 0.039871 0.040930 0.012980 0.001000 0.478780 0.001629
0.427011 0.039916 0.040951 0.013002 0.000994 0.476494 0.001632
0.428913 0.040059 0.041080 0.012961 0.000993 0.474367 0.001628
0.430946 0.040253 0.040945 0.012943 0.000981 0.472297 0.001634
0.432705 0.040405 0.041043 0.013003 0.000966 0.470237 0.001641
0.434444 0.040608 0.040985 0.013024 0.000954 0.468343 0.001642
0.436430 0.040787 0.041076 0.013019 0.000931 0.466107 0.001650
0.438081 0.041030 0.041180 0.013010 0.000933 0.464110 0.001656
0.439941 0.041156 0.041184 0.013048 0.000925 0.462088 0.001657
0.441265 0.041432 0.041200 0.013130 0.000913 0.460393 0.001666
0.442709 0.041721 0.041332 0.013118 0.000904 0.458550 0.001666
0.443952 0.042167 0.041474 0.013130 0.000904 0.456702 0.001671
0.445736 0.042374 0.041492 0.013130 0.000897 0.454703 0.001667
0.446894 0.042780 0.041696 0.013122 0.000890 0.452950 0.001669
0.447913 0.043155 0.041809 0.013163 0.000877 0.451401 0.001683
0.449512 0.043261 0.041893 0.013226 0.000865 0.449552 0.001691
0.450854 0.043504 0.042027 0.013230 0.000858 0.447847 0.001681
0.451832 0.043657 0.042392 0.013324 0.000860 0.446243 0.001692
0.453525 0.043751 0.042382 0.013358 0.000854 0.444440 0.001690
0.454389 0.043994 0.042610 0.013409 0.000844 0.443059 0.001694
0.455618 0.044042 0.042906 0.013479 0.000844 0.441411 0.001699
0.456792 0.044211 0.043134 0.013574 0.000837 0.439751 0.001701
0.457798 0.044304 0.043332 0.013663 0.000836 0.438357 0.001710
0.458921 0.044516 0.043485 0.013729 0.000835 0.436805 0.001710
0.459912 0.044742 0.043621 0.013786 0.000838 0.435392 0.001709
0.461067 0.044897 0.043657 0.013890 0.000842 0.433935 0.001711
0.461889 0.045020 0.043778 0.013996 0.000836 0.432762 0.001719
0.462785 0.045223 0.043983 0.013998 0.000855 0.431446 0.001710
0.463796 0.045290 0.044244 0.014062 0.000842 0.430058 0.001708
