0.966574 0.032707 0.000427 0.000278 0.000000 0.000015 0.000000
0.727978 0.262504 0.005980 0.003320 0.000001 0.000217 0.000000
0.450178 0.516883 0.020369 0.011445 0.000014 0.001111 0.000000
0.288632 0.637033 0.045003 0.025266 0.000048 0.004018 0.000000
0.185765 0.682722 0.077393 0.043484 0.000126 0.010509 0.000001
0.112202 0.684652 0.115763 0.065045 0.000269 0.022067 0.000002
0.081949 0.648265 0.148546 0.083485 0.000461 0.037291 0.000003
0.070328 0.602742 0.173881 0.097930 0.000661 0.054453 0.000004
0.049244 0.564392 0.198429 0.111812 0.000904 0.075213 0.000007
0.029929 0.523624 0.221158 0.124542 0.001194 0.099540 0.000012
0.020591 0.478495 0.239369 0.134623 0.001503 0.125400 0.000019
0.021746 0.436769 0.249096 0.140372 0.001802 0.150188 0.000027
0.015632 0.399083 0.259273 0.146041 0.002132 0.177803 0.000035
0.015344 0.363044 0.264928 0.149002 0.002431 0.205206 0.000045
0.015939 0.331063 0.267751 0.150498 0.002727 0.231970 0.000052
0.016961 0.301887 0.268697 0.150878 0.003013 0.258496 0.000068
0.018157 0.275676 0.267680 0.150287 0.003308 0.284811 0.000080
0.019647 0.252085 0.264909 0.148955 0.003550 0.310756 0.000098
0.021348 0.230867 0.260998 0.146834 0.003761 0.336075 0.000117
0.027108 0.210840 0.255439 0.143611 0.003965 0.358906 0.000132
0.033292 0.198403 0.247385 0.139117 0.004136 0.377524 0.000142
0.028507 0.182053 0.243911 0.137196 0.004362 0.403814 0.000157
0.030212 0.166892 0.238121 0.133856 0.004566 0.426182 0.000171
0.032644 0.154030 0.231545 0.129898 0.004750 0.446945 0.000188
0.035284 0.142393 0.224575 0.125862 0.004905 0.466779 0.000202
0.038126 0.132049 0.217836 0.121898 0.005054 0.484816 0.000222
0.041175 0.122689 0.210573 0.117512 0.005202 0.502606 0.000244
0.044212 0.114423 0.203277 0.113354 0.005314 0.519156 0.000264
0.047501 0.107102 0.196002 0.109064 0.005396 0.534652 0.000282
0.050910 0.100413 0.188666 0.104816 0.005471 0.549423 0.000301
0.054139 0.094546 0.181724 0.100831 0.005520 0.562921 0.000321
0.057714 0.089269 0.174742 0.096775 0.005530 0.575621 0.000350
0.061340 0.084436 0.168326 0.092918 0.005558 0.587048 0.000374
0.065003 0.079981 0.162026 0.089174 0.005587 0.597835 0.000395
0.068788 0.076010 0.155902 0.085492 0.005600 0.607789 0.000419
0.072698 0.072367 0.149776 0.081982 0.005605 0.617121 0.000450
0.076696 0.069298 0.143999 0.078609 0.005573 0.625357 0.000469
0.080870 0.066511 0.138331 0.075265 0.005573 0.632957 0.000493
0.084967 0.064031 0.132865 0.072041 0.005562 0.640021 0.000512
0.089112 0.061832 0.127774 0.069084 0.005516 0.646148 0.000534
0.093344 0.059757 0.122838 0.066095 0.005485 0.651919 0.000563
0.097642 0.058015 0.117992 0.063277 0.005462 0.657033 0.000579
0.101784 0.056365 0.113426 0.060686 0.005425 0.661712 0.000602
0.105993 0.055020 0.109090 0.058201 0.005359 0.665708 0.000629
0.110246 0.053913 0.104920 0.055777 0.005283 0.669197 0.000664
0.114488 0.052886 0.101033 0.053549 0.005201 0.672163 0.000679
0.118744 0.051972 0.097427 0.051410 0.005122 0.674616 0.000708
0.123066 0.051063 0.094057 0.049439 0.005058 0.676595 0.000723
0.127269 0.050369 0.090915 0.047458 0.004991 0.678259 0.000739
0.131477 0.049738 0.087977 0.045677 0.004917 0.679452 0.000762
0.135617 0.049352 0.085038 0.043920 0.004825 0.680468 0.000782
0.139877 0.048955 0.082163 0.042357 0.004739 0.681105 0.000803
0.143909 0.048556 0.079808 0.040785 0.004669 0.681455 0.000817
0.148187 0.048222 0.077370 0.039407 0.004589 0.681392 0.000833
0.152248 0.047987 0.075182 0.038039 0.004509 0.681173 0.000861
0.156321 0.047815 0.073030 0.036792 0.004445 0.680711 0.000885
0.160438 0.047811 0.071004 0.035527 0.004354 0.679960 0.000905
0.164429 0.047701 0.069279 0.034401 0.004273 0.678996 0.000922
0.168439 0.047586 0.067691 0.033343 0.004194 0.677808 0.000939
0.172397 0.047467 0.066198 0.032371 0.004098 0.676519 0.000951
0.176231 0.047412 0.064727 0.031487 0.004008 0.675168 0.000968
0.180115 0.047469 0.063449 0.030552 0.003926 0.673504 0.000984
0.183761 0.047525 0.062176 0.029747 0.003845 0.671934 0.001012
0.187263 0.047873 0.061015 0.029086 0.003745 0.670001 0.001017
0.190837 0.048082 0.060027 0.028421 0.003667 0.667925 0.001040
0.194338 0.048185 0.058976 0.027805 0.003601 0.666039 0.001055
0.198884 0.048493 0.058019 0.027201 0.003530 0.662811 0.001062
0.216064 0.055972 0.055691 0.026036 0.003366 0.641820 0.001051
0.206471 0.063063 0.055968 0.026043 0.003323 0.644054 0.001079
0.206374 0.056293 0.056184 0.025995 0.003280 0.650769 0.001106
0.209482 0.054166 0.055808 0.025680 0.003227 0.650518 0.001119
0.212424 0.053638 0.055404 0.025410 0.003165 0.648819 0.001140
0.215492 0.053255 0.055082 0.025157 0.003087 0.646769 0.001157
0.218328 0.053358 0.054663 0.024944 0.003039 0.644501 0.001166
0.221455 0.053271 0.054216 0.024532 0.002975 0.642365 0.001186
0.224271 0.053479 0.054094 0.024395 0.002895 0.639677 0.001189
0.242118 0.061084 0.052253 0.023449 0.002758 0.617164 0.001174
0.230381 0.067150 0.053245 0.023854 0.002749 0.621427 0.001195
0.230389 0.061182 0.053703 0.023955 0.002725 0.626829 0.001217
0.232878 0.059210 0.053789 0.023894 0.002680 0.626317 0.001232
0.235785 0.057482 0.053500 0.023621 0.002643 0.625730 0.001239
0.237916 0.057999 0.053622 0.023616 0.002572 0.623022 0.001252
0.240362 0.057890 0.053601 0.023559 0.002544 0.620770 0.001273
0.242674 0.057629 0.053555 0.023446 0.002521 0.618881 0.001294
0.244702 0.057378 0.053668 0.023433 0.002464 0.617061 0.001294
0.246833 0.057392 0.053862 0.023410 0.002431 0.614760 0.001312
0.249131 0.057378 0.053746 0.023222 0.002371 0.612825 0.001328
0.250991 0.057463 0.053917 0.023196 0.002344 0.610751 0.001339
0.252779 0.057661 0.054152 0.023158 0.002313 0.608586 0.001352
0.254283 0.057911 0.054406 0.023280 0.002272 0.606483 0.001364
0.256429 0.057971 0.054305 0.023184 0.002247 0.604493 0.001370
0.258322 0.058045 0.054266 0.023033 0.002219 0.602738 0.001376
0.259714 0.058381 0.054493 0.023062 0.002187 0.600776 0.001388
0.261842 0.058438 0.054489 0.022870 0.002141 0.598815 0.001405
0.263247 0.058762 0.054692 0.022870 0.002110 0.596913 0.001405
0.264985 0.058846 0.054754 0.022893 0.002087 0.595026 0.001410
0.266543 0.059143 0.054933 0.022876 0.002045 0.593025 0.001434
0.267883 0.059298 0.055141 0.022900 0.002035 0.591301 0.001442
0.269427 0.059428 0.055242 0.022827 0.002006 0.589624 0.001446
0.270596 0.059690 0.055477 0.022896 0.001966 0.587911 0.001465
0.272060 0.059879 0.055385 0.022836 0.001961 0.586411 0.001467
0.273378 0.060115 0.055528 0.022867 0.001934 0.584702 0.001476
0.274616 0.060418 0.055576 0.022818 0.001913 0.583173 0.001486
0.275414 0.060704 0.056075 0.022914 0.001902 0.581504 0.001488
0.277067 0.060971 0.056027 0.022774 0.001865 0.579798 0.001498
0.277827 0.061456 0.056273 0.022862 0.001854 0.578223 0.001504
0.279163 0.061694 0.056304 0.022803 0.001834 0.576688 0.001514
0.280078 0.061893 0.056667 0.022857 0.001814 0.575168 0.001524
0.281266 0.062025 0.056877 0.022931 0.001800 0.573572 0.001529
0.282190 0.062276 0.057100 0.022974 0.001774 0.572150 0.001537
0.282952 0.062418 0.057432 0.023034 0.001758 0.570856 0.001549
0.284050 0.062578 0.057529 0.023040 0.001740 0.569506 0.001557
0.284796 0.062783 0.057929 0.023181 0.001725 0.568018 0.001568
0.285745 0.062900 0.058124 0.023259 0.001712 0.566678 0.001583
0.286594 0.063040 0.058252 0.023274 0.001692 0.565565 0.001583
0.287450 0.063125 0.058453 0.023389 0.001672 0.564317 0.001594
0.288228 0.063212 0.058650 0.023467 0.001664 0.563179 0.001599
0.289062 0.063271 0.058918 0.023452 0.001640 0.562060 0.001596
0.289978 0.063269 0.059114 0.023515 0.001630 0.560877 0.001618
0.290580 0.063269 0.059426 0.023628 0.001629 0.559849 0.001620
0.291518 0.063300 0.059456 0.023616 0.001613 0.558873 0.001624
0.292340 0.063367 0.059646 0.023646 0.001615 0.557756 0.001630
0.293266 0.063169 0.059708 0.023650 0.001601 0.556969 0.001636
0.294933 0.062006 0.059944 0.023692 0.001598 0.556180 0.001647
0.297712 0.060307 0.059958 0.023536 0.001583 0.555254 0.001651
0.300495 0.058337 0.059912 0.023381 0.001587 0.554631 0.001659
0.303564 0.056604 0.059797 0.023143 0.001566 0.553657 0.001670
0.307062 0.054897 0.059503 0.022945 0.001557 0.552360 0.001674
0.310407 0.053070 0.059221 0.022675 0.001575 0.551372 0.001680
0.313707 0.051447 0.058807 0.022412 0.001560 0.550370 0.001697
0.317318 0.049930 0.058221 0.022001 0.001559 0.549283 0.001688
0.320933 0.048553 0.057465 0.021636 0.001543 0.548177 0.001695
0.324467 0.047308 0.056928 0.021278 0.001537 0.546778 0.001704
0.327910 0.046248 0.056213 0.020938 0.001522 0.545467 0.001702
0.331530 0.044973 0.055511 0.020614 0.001521 0.544132 0.001719
0.335039 0.043750 0.054754 0.020268 0.001491 0.542964 0.001734
0.338590 0.042814 0.054046 0.019924 0.001482 0.541419 0.001725
0.341912 0.041995 0.053396 0.019479 0.001471 0.540019 0.001727
0.345298 0.041206 0.052662 0.019113 0.001461 0.538517 0.001743
0.349020 0.040539 0.051852 0.018684 0.001443 0.536715 0.001746
0.352423 0.039866 0.051212 0.018301 0.001436 0.535009 0.001752
0.356098 0.039169 0.050484 0.017952 0.001440 0.533096 0.001761
0.359448 0.038666 0.049598 0.017607 0.001416 0.531498 0.001768
0.362721 0.038217 0.048947 0.017267 0.001398 0.529668 0.001782
0.366062 0.037812 0.048248 0.016939 0.001381 0.527784 0.001775
0.369214 0.037504 0.047564 0.016672 0.001369 0.525899 0.001778
0.372818 0.037057 0.046741 0.016368 0.001351 0.523882 0.001782
0.375946 0.036957 0.046120 0.016075 0.001332 0.521776 0.001794
0.379074 0.036652 0.045548 0.015810 0.001309 0.519797 0.001809
0.382217 0.036396 0.045135 0.015543 0.001280 0.517612 0.001816
0.385460 0.036252 0.044641 0.015278 0.001261 0.515289 0.001819
0.388533 0.036097 0.044272 0.015026 0.001250 0.513005 0.001817
0.391419 0.035976 0.043732 0.014766 0.001232 0.511061 0.001815
0.394434 0.035931 0.043266 0.014615 0.001229 0.508697 0.001828
0.397170 0.035769 0.042799 0.014530 0.001207 0.506695 0.001830
0.400449 0.035611 0.042341 0.014280 0.001194 0.504283 0.001842
0.403175 0.035732 0.042014 0.014111 0.001178 0.501950 0.001840
0.405930 0.035704 0.041622 0.013925 0.001161 0.499810 0.001848
0.408905 0.035755 0.041277 0.013733 0.001153 0.497320 0.001856
0.411455 0.035789 0.040995 0.013626 0.001128 0.495150 0.001857
0.414356 0.035664 0.040776 0.013571 0.001105 0.492666 0.001861
0.416975 0.035735 0.040501 0.013419 0.001081 0.490429 0.001861
0.419837 0.035734 0.040175 0.013318 0.001060 0.488003 0.001874
0.422320 0.035915 0.039911 0.013155 0.001052 0.485777 0.001871
0.425096 0.035885 0.039693 0.013068 0.001037 0.483349 0.001871
0.427514 0.036113 0.039647 0.013014 0.001038 0.480800 0.001873
0.429567 0.036302 0.039517 0.012975 0.001016 0.478743 0.001880
0.431794 0.036461 0.039306 0.012899 0.001023 0.476638 0.001879
0.434376 0.036413 0.039240 0.012830 0.001000 0.474243 0.001898
0.436815 0.036548 0.039086 0.012762 0.000984 0.471915 0.001890
0.438725 0.036778 0.039133 0.012728 0.000976 0.469770 0.001889
0.441039 0.036934 0.038865 0.012654 0.000976 0.467644 0.001887
0.443009 0.037117 0.038876 0.012612 0.000968 0.465511 0.001907
0.445092 0.037315 0.038824 0.012537 0.000979 0.463361 0.001891
0.446967 0.037371 0.038816 0.012533 0.000965 0.461436 0.001912
0.449022 0.037531 0.038786 0.012472 0.000960 0.459314 0.001914
0.450934 0.037852 0.038881 0.012445 0.000949 0.457020 0.001919
0.452749 0.038200 0.038821 0.012478 0.000942 0.454889 0.001921
0.454469 0.038377 0.038841 0.012455 0.000930 0.453010 0.001919
0.456405 0.038579 0.038816 0.012451 0.000913 0.450907 0.001929
0.457839 0.038767 0.038985 0.012439 0.000910 0.449127 0.001933
0.459717 0.038912 0.039126 0.012508 0.000909 0.446902 0.001926
0.461361 0.039193 0.039197 0.012474 0.000900 0.444937 0.001938
0.462783 0.039416 0.039275 0.012492 0.000904 0.443191 0.001940
0.464112 0.039820 0.039356 0.012588 0.000888 0.441295 0.001941
0.465644 0.040169 0.039587 0.012625 0.000877 0.439153 0.001944
0.466937 0.040252 0.039800 0.012651 0.000874 0.437537 0.001948
0.468277 0.040452 0.039942 0.012692 0.000883 0.435799 0.001954
0.469570 0.040652 0.040064 0.012768 0.000894 0.434081 0.001971
0.471123 0.040742 0.040167 0.012754 0.000878 0.432366 0.001970
0.472092 0.040962 0.040340 0.012823 0.000881 0.430934 0.001968
0.473401 0.041164 0.040403 0.012926 0.000883 0.429253 0.001971
0.474415 0.041470 0.040580 0.012896 0.000875 0.427801 0.001962
0.475561 0.041676 0.040702 0.012833 0.000866 0.426398 0.001965
0.476609 0.041976 0.040933 0.012882 0.000873 0.424758 0.001969
0.477941 0.042099 0.041021 0.012938 0.000872 0.423153 0.001976
0.478705 0.042473 0.041231 0.012965 0.000872 0.421772 0.001981
0.479826 0.042562 0.041399 0.013035 0.000859 0.420329 0.001990
0.480531 0.042701 0.041792 0.013063 0.000849 0.419068 0.001996
0.481764 0.042764 0.041893 0.013091 0.000852 0.417636 0.002000
