0.965311 0.033961 0.000454 0.000267 0.000000 0.000007 0.000000
0.932767 0.065701 0.000967 0.000541 0.000000 0.000024 0.000000
0.923624 0.074578 0.001135 0.000640 0.000000 0.000023 0.000000
0.912570 0.085314 0.001329 0.000763 0.000000 0.000024 0.000000
0.901337 0.096235 0.001501 0.000891 0.000000 0.000036 0.000000
0.890422 0.106815 0.001740 0.000988 0.000000 0.000035 0.000000
0.878523 0.118327 0.001971 0.001136 0.000000 0.000042 0.000000
0.864905 0.131551 0.002214 0.001279 0.000000 0.000050 0.000000
0.850371 0.145603 0.002529 0.001441 0.000000 0.000055 0.000000
0.835756 0.159726 0.002848 0.001608 0.000001 0.000061 0.000000
0.821674 0.173296 0.003176 0.001784 0.000002 0.000068 0.000000
0.803853 0.190421 0.003645 0.002003 0.000002 0.000077 0.000000
0.789208 0.204463 0.004032 0.002208 0.000002 0.000086 0.000000
0.771718 0.221222 0.004505 0.002447 0.000002 0.000106 0.000000
0.756683 0.235690 0.004884 0.002615 0.000001 0.000127 0.000000
0.737216 0.254297 0.005423 0.002916 0.000002 0.000146 0.000000
0.721693 0.269144 0.005843 0.003155 0.000001 0.000164 0.000000
0.704655 0.285325 0.006367 0.003464 0.000002 0.000187 0.000000
0.685141 0.303858 0.006950 0.003834 0.000003 0.000213 0.000000
0.667761 0.320306 0.007529 0.004176 0.000004 0.000225 0.000000
0.652122 0.335017 0.008101 0.004506 0.000004 0.000250 0.000000
0.637318 0.348936 0.008639 0.004824 0.000004 0.000278 0.000000
0.620343 0.364838 0.009301 0.005190 0.000004 0.000324 0.000000
0.603928 0.380217 0.009939 0.005555 0.000005 0.000356 0.000000
0.587334 0.395704 0.010599 0.005952 0.000007 0.000405 0.000000
0.572899 0.409033 0.011268 0.006344 0.000005 0.000451 0.000000
0.559496 0.421295 0.011939 0.006770 0.000006 0.000494 0.000000
0.545565 0.433991 0.012693 0.007215 0.000007 0.000529 0.000000
0.535529 0.443121 0.013291 0.007503 0.000007 0.000549 0.000000
0.520760 0.456539 0.014134 0.007949 0.000009 0.000610 0.000000
0.508538 0.467526 0.014845 0.008431 0.000009 0.000652 0.000000
0.497055 0.477708 0.015638 0.008893 0.000009 0.000697 0.000000
0.484084 0.489309 0.016463 0.009382 0.000010 0.000753 0.000000
0.472172 0.499916 0.017253 0.009838 0.000012 0.000809 0.000000
0.459235 0.511487 0.018104 0.010296 0.000012 0.000866 0.000000
0.450200 0.519309 0.018848 0.010712 0.000012 0.000919 0.000000
0.439503 0.528492 0.019763 0.011237 0.000013 0.000993 0.000000
0.429162 0.537435 0.020616 0.011726 0.000014 0.001047 0.000000
0.416835 0.548128 0.021612 0.012276 0.000015 0.001135 0.000000
0.408971 0.554625 0.022453 0.012717 0.000016 0.001219 0.000000
0.400601 0.561499 0.023338 0.013252 0.000016 0.001295 0.000000
0.395179 0.565765 0.024014 0.013669 0.000018 0.001356 0.000000
0.381768 0.577047 0.025308 0.014405 0.000017 0.001456 0.000000
0.374237 0.583148 0.026180 0.014876 0.000016 0.001542 0.000000
0.364536 0.591048 0.027284 0.015484 0.000018 0.001631 0.000000
0.354543 0.599059 0.028501 0.016137 0.000021 0.001739 0.000000
0.347840 0.604075 0.029526 0.016689 0.000025 0.001844 0.000000
0.340693 0.609406 0.030593 0.017320 0.000023 0.001965 0.000000
0.332325 0.615922 0.031700 0.017950 0.000025 0.002078 0.000000
0.328107 0.618610 0.032546 0.018491 0.000025 0.002221 0.000000
0.320831 0.623920 0.033782 0.019097 0.000028 0.002341 0.000000
0.313333 0.629353 0.034968 0.019833 0.000029 0.002484 0.000000
0.309349 0.631755 0.035894 0.020369 0.000031 0.002602 0.000000
0.300898 0.637729 0.037440 0.021136 0.000032 0.002764 0.000000
0.295645 0.641197 0.038385 0.021844 0.000034 0.002895 0.000000
0.292850 0.642403 0.039352 0.022343 0.000037 0.003016 0.000000
0.290731 0.643174 0.040134 0.022753 0.000041 0.003167 0.000000
0.285385 0.646337 0.041392 0.023496 0.000045 0.003346 0.000000
0.279593 0.650138 0.042545 0.024152 0.000044 0.003528 0.000000
0.273869 0.653343 0.044030 0.024999 0.000045 0.003715 0.000000
0.270729 0.654499 0.045184 0.025666 0.000045 0.003877 0.000000
0.265007 0.657968 0.046573 0.026324 0.000050 0.004077 0.000000
0.268521 0.654077 0.046807 0.026411 0.000049 0.004135 0.000000
0.259341 0.659947 0.048683 0.027560 0.000050 0.004418 0.000000
0.257472 0.659898 0.049822 0.028141 0.000052 0.004616 0.000000
0.255332 0.660473 0.050605 0.028738 0.000057 0.004796 0.000000
0.254942 0.659830 0.051184 0.029082 0.000057 0.004904 0.000000
0.244790 0.666633 0.053071 0.030219 0.000063 0.005225 0.000000
0.244538 0.664704 0.054303 0.030924 0.000065 0.005465 0.000000
0.241548 0.665708 0.055432 0.031550 0.000069 0.005694 0.000000
0.241186 0.664951 0.056027 0.031953 0.000073 0.005811 0.000000
0.234713 0.668901 0.057452 0.032760 0.000072 0.006103 0.000000
0.226081 0.674261 0.059332 0.033846 0.000075 0.006405 0.000000
0.224360 0.674217 0.060274 0.034440 0.000077 0.006632 0.000000
0.220657 0.675819 0.061528 0.035031 0.000079 0.006886 0.000000
0.212330 0.681003 0.063360 0.036089 0.000079 0.007138 0.000000
0.205177 0.684481 0.065408 0.037196 0.000088 0.007651 0.000000
0.199260 0.688241 0.066633 0.037982 0.000095 0.007789 0.000000
0.196564 0.688519 0.068056 0.038655 0.000095 0.008110 0.000000
0.192376 0.690990 0.068949 0.039230 0.000102 0.008353 0.000000
0.192003 0.689356 0.070114 0.039805 0.000104 0.008618 0.000000
0.184400 0.693892 0.071849 0.040788 0.000110 0.008960 0.000000
0.176296 0.697894 0.074222 0.042065 0.000120 0.009403 0.000000
0.177073 0.695455 0.075124 0.042594 0.000118 0.009636 0.000000
0.174267 0.696894 0.075825 0.043029 0.000119 0.009865 0.000000
0.167031 0.699728 0.078400 0.044404 0.000121 0.010316 0.000000
0.160040 0.703391 0.080238 0.045439 0.000123 0.010768 0.000000
0.156746 0.703814 0.081789 0.046297 0.000132 0.011222 0.000000
0.152616 0.705358 0.083238 0.047177 0.000138 0.011474 0.000000
0.147927 0.706711 0.085011 0.048243 0.000136 0.011971 0.000000
0.139771 0.710552 0.087360 0.049707 0.000144 0.012465 0.000000
0.138145 0.710098 0.088588 0.050258 0.000147 0.012765 0.000000
0.137410 0.707642 0.090201 0.051330 0.000151 0.013266 0.000000
0.133605 0.709215 0.091456 0.052052 0.000163 0.013509 0.000000
0.129556 0.709619 0.093448 0.053066 0.000173 0.014137 0.000001
0.126191 0.710294 0.094852 0.053909 0.000174 0.014579 0.000001
0.125603 0.706901 0.096917 0.055192 0.000180 0.015207 0.000001
0.126423 0.706026 0.097013 0.055062 0.000175 0.015300 0.000001
0.123187 0.705551 0.098915 0.056270 0.000202 0.015873 0.000001
0.115146 0.708092 0.101992 0.057929 0.000198 0.016642 0.000001
0.114418 0.706250 0.103374 0.058706 0.000208 0.017042 0.000001
0.110750 0.706526 0.105285 0.059573 0.000212 0.017653 0.000001
0.112922 0.702296 0.106169 0.060347 0.000212 0.018054 0.000001
0.104372 0.707456 0.108066 0.061356 0.000227 0.018522 0.000001
0.104624 0.704666 0.109412 0.062086 0.000230 0.018981 0.000001
0.101266 0.704974 0.111144 0.062808 0.000244 0.019563 0.000001
0.098917 0.705153 0.112051 0.063674 0.000237 0.019967 0.000001
0.099468 0.703135 0.112862 0.063978 0.000245 0.020312 0.000000
0.092108 0.705163 0.115722 0.065626 0.000252 0.021129 0.000001
0.088921 0.704881 0.117533 0.066725 0.000263 0.021676 0.000001
0.086769 0.703447 0.119375 0.067751 0.000269 0.022388 0.000001
0.081511 0.704120 0.121751 0.069075 0.000287 0.023255 0.000001
0.076562 0.706854 0.122961 0.069789 0.000288 0.023545 0.000000
0.073440 0.705989 0.125037 0.071019 0.000298 0.024215 0.000001
0.072147 0.704107 0.126702 0.071846 0.000312 0.024885 0.000001
0.069311 0.703653 0.128472 0.072695 0.000300 0.025567 0.000001
0.064179 0.703693 0.131084 0.074351 0.000320 0.026371 0.000001
0.064514 0.702264 0.131604 0.074493 0.000331 0.026793 0.000001
0.065246 0.698187 0.133249 0.075516 0.000337 0.027464 0.000001
0.061178 0.698385 0.135257 0.076609 0.000357 0.028212 0.000002
0.057769 0.698294 0.136906 0.077674 0.000363 0.028993 0.000002
0.056917 0.696611 0.138315 0.078311 0.000358 0.029485 0.000003
0.058638 0.692027 0.139817 0.079018 0.000376 0.030122 0.000002
0.054457 0.691592 0.142177 0.080329 0.000381 0.031062 0.000002
0.053934 0.690702 0.142901 0.080659 0.000397 0.031405 0.000003
0.052829 0.687921 0.144709 0.081774 0.000399 0.032366 0.000002
0.053625 0.685584 0.145572 0.082196 0.000398 0.032623 0.000002
0.058237 0.679114 0.146324 0.082638 0.000410 0.033274 0.000003
0.059903 0.675644 0.146862 0.083236 0.000430 0.033921 0.000004
0.060487 0.673409 0.147850 0.083502 0.000431 0.034318 0.000002
0.059454 0.670038 0.150282 0.084466 0.000430 0.035327 0.000002
0.059905 0.667678 0.151062 0.085057 0.000446 0.035852 0.000002
0.054640 0.668179 0.153473 0.086458 0.000460 0.036786 0.000003
0.061407 0.661702 0.153012 0.086416 0.000455 0.037006 0.000002
0.062606 0.659123 0.153601 0.086668 0.000468 0.037531 0.000004
0.064967 0.653680 0.155144 0.087347 0.000488 0.038370 0.000003
0.065467 0.652190 0.155215 0.087807 0.000492 0.038827 0.000003
0.065082 0.649896 0.156604 0.088384 0.000492 0.039539 0.000004
0.064973 0.649217 0.156938 0.088472 0.000508 0.039890 0.000003
0.068755 0.644487 0.157171 0.088753 0.000504 0.040326 0.000005
0.067784 0.642999 0.158230 0.089540 0.000520 0.040922 0.000005
0.072506 0.638274 0.158142 0.089321 0.000517 0.041237 0.000003
0.071683 0.637005 0.158954 0.089799 0.000534 0.042022 0.000005
0.067260 0.636458 0.161340 0.091181 0.000539 0.043217 0.000006
0.075290 0.629703 0.160451 0.090611 0.000538 0.043401 0.000004
0.072921 0.630313 0.161279 0.091176 0.000547 0.043758 0.000005
0.072640 0.628253 0.162307 0.091742 0.000570 0.044483 0.000005
0.069331 0.627900 0.164061 0.092670 0.000564 0.045469 0.000005
0.070678 0.626167 0.164107 0.092693 0.000570 0.045779 0.000005
0.065714 0.625208 0.166932 0.094383 0.000576 0.047181 0.000007
0.068881 0.623502 0.165999 0.093768 0.000579 0.047264 0.000006
0.062463 0.623774 0.168938 0.095617 0.000617 0.048585 0.000006
0.066684 0.621318 0.167940 0.094792 0.000609 0.048652 0.000006
0.062213 0.620164 0.170542 0.096483 0.000622 0.049969 0.000007
0.059273 0.621063 0.171592 0.096991 0.000632 0.050442 0.000005
0.053959 0.622632 0.173185 0.097912 0.000635 0.051670 0.000007
0.057335 0.617759 0.173766 0.098011 0.000659 0.052464 0.000006
0.055151 0.618935 0.174204 0.098289 0.000650 0.052766 0.000006
0.050733 0.618178 0.176717 0.099732 0.000669 0.053966 0.000006
0.048892 0.618098 0.177447 0.100341 0.000681 0.054537 0.000005
0.044954 0.616284 0.180194 0.101814 0.000708 0.056040 0.000007
0.043113 0.617768 0.180436 0.101886 0.000718 0.056073 0.000007
0.041193 0.616011 0.181929 0.102904 0.000728 0.057229 0.000006
0.037744 0.615605 0.183838 0.103862 0.000732 0.058213 0.000006
0.039301 0.614567 0.183347 0.103783 0.000736 0.058258 0.000009
0.034344 0.610759 0.187615 0.105890 0.000758 0.060627 0.000007
0.031536 0.609673 0.189372 0.106885 0.000774 0.061754 0.000005
0.031738 0.607672 0.190081 0.107368 0.000792 0.062342 0.000007
0.030055 0.605987 0.191453 0.108290 0.000803 0.063405 0.000008
0.028309 0.604644 0.192851 0.108968 0.000811 0.064409 0.000007
0.028552 0.602814 0.193686 0.109288 0.000805 0.064847 0.000008
0.028308 0.601724 0.193901 0.109706 0.000834 0.065520 0.000007
0.026297 0.599068 0.196054 0.110823 0.000827 0.066925 0.000007
0.025647 0.598470 0.196379 0.111291 0.000852 0.067353 0.000008
0.023823 0.593890 0.199259 0.112669 0.000868 0.069483 0.000007
0.022755 0.591865 0.200600 0.113532 0.000883 0.070358 0.000007
0.022325 0.589708 0.201721 0.114161 0.000880 0.071196 0.000009
0.021969 0.589264 0.201861 0.114274 0.000882 0.071745 0.000006
0.021950 0.587759 0.202713 0.114364 0.000890 0.072317 0.000007
0.020927 0.584027 0.204756 0.115880 0.000915 0.073488 0.000006
0.020808 0.582405 0.205293 0.116054 0.000927 0.074507 0.000007
0.020609 0.580006 0.206187 0.116716 0.000953 0.075521 0.000009
0.019571 0.578211 0.207223 0.117412 0.000947 0.076628 0.000007
0.019303 0.575878 0.208094 0.118114 0.000984 0.077618 0.000009
0.018968 0.574040 0.209346 0.118385 0.000971 0.078281 0.000010
0.018933 0.572771 0.209747 0.118684 0.000977 0.078878 0.000011
0.018518 0.570301 0.210713 0.119395 0.000983 0.080081 0.000008
0.018208 0.567934 0.211725 0.120094 0.000997 0.081032 0.000010
0.018284 0.566694 0.212401 0.119845 0.001022 0.081744 0.000009
0.018162 0.563991 0.213334 0.120590 0.001027 0.082889 0.000007
0.017383 0.561820 0.214604 0.121391 0.001035 0.083761 0.000007
0.017078 0.559154 0.216074 0.121873 0.001041 0.084771 0.000009
0.016758 0.557248 0.216455 0.122490 0.001053 0.085989 0.000007
0.016869 0.555029 0.217037 0.123020 0.001063 0.086973 0.000009
0.016795 0.555815 0.217106 0.122435 0.001090 0.086749 0.000010
0.016259 0.552849 0.218311 0.123404 0.001067 0.088101 0.000009
0.016232 0.550962 0.218967 0.123783 0.001092 0.088956 0.000009
0.015653 0.546771 0.220932 0.124710 0.001112 0.090812 0.000010
0.015313 0.544185 0.221884 0.125484 0.001135 0.091990 0.000009
0.015498 0.544349 0.221649 0.125448 0.001142 0.091906 0.000008
0.017961 0.539353 0.222297 0.125651 0.001154 0.093573 0.000010
0.023562 0.535515 0.221301 0.125018 0.001164 0.093430 0.000010
0.023169 0.532693 0.222629 0.125413 0.001165 0.094919 0.000012
0.026138 0.529602 0.222213 0.125275 0.001187 0.095573 0.000011
0.025306 0.528964 0.222646 0.125871 0.001204 0.095997 0.000011
0.027577 0.526232 0.222578 0.125628 0.001195 0.096775 0.000015
0.025252 0.524332 0.224110 0.126618 0.001225 0.098449 0.000012
0.033122 0.520532 0.222433 0.125001 0.001203 0.097695 0.000015
0.035894 0.515991 0.222436 0.125703 0.001215 0.098750 0.000012
0.035582 0.515348 0.222885 0.125621 0.001227 0.099321 0.000015
0.036788 0.511430 0.223585 0.126327 0.001251 0.100603 0.000016
0.038556 0.509342 0.223501 0.126268 0.001259 0.101056 0.000018
0.036839 0.510396 0.223722 0.126215 0.001260 0.101555 0.000013
0.037716 0.506993 0.224097 0.126762 0.001278 0.103139 0.000015
0.038800 0.507748 0.223142 0.126275 0.001294 0.102726 0.000015
0.033913 0.508482 0.224962 0.127386 0.001269 0.103974 0.000013
0.029400 0.506359 0.227612 0.128947 0.001292 0.106374 0.000015
0.034516 0.506167 0.225430 0.127135 0.001296 0.105443 0.000013
0.033205 0.502614 0.226884 0.128309 0.001327 0.107647 0.000013
0.028908 0.501663 0.229095 0.129477 0.001380 0.109459 0.000018
0.032291 0.501843 0.227242 0.128620 0.001327 0.108661 0.000016
0.030490 0.500872 0.228486 0.128843 0.001335 0.109959 0.000016
0.028478 0.499407 0.229726 0.129652 0.001372 0.111347 0.000018
0.025450 0.499224 0.230963 0.130269 0.001395 0.112681 0.000018
0.024335 0.498003 0.231721 0.130744 0.001411 0.113766 0.000020
0.022137 0.497631 0.232818 0.131364 0.001429 0.114605 0.000017
0.020982 0.494891 0.234071 0.132164 0.001445 0.116425 0.000021
0.020238 0.493181 0.234839 0.132567 0.001474 0.117681 0.000020
0.019487 0.491687 0.235577 0.133072 0.001471 0.118687 0.000020
0.019168 0.490781 0.235876 0.133158 0.001458 0.119536 0.000023
0.017385 0.489038 0.237313 0.133994 0.001493 0.120754 0.000022
0.016890 0.487456 0.237853 0.134348 0.001524 0.121908 0.000021
0.016740 0.485767 0.238457 0.134591 0.001528 0.122895 0.000021
0.015936 0.483368 0.239611 0.135156 0.001526 0.124385 0.000019
0.015196 0.481664 0.240590 0.135587 0.001520 0.125422 0.000021
0.015043 0.481182 0.240718 0.135653 0.001517 0.125864 0.000023
0.014046 0.476890 0.242644 0.136813 0.001581 0.128002 0.000025
0.013705 0.476381 0.242682 0.136807 0.001575 0.128827 0.000023
0.013850 0.473787 0.243188 0.137258 0.001635 0.130258 0.000024
0.013830 0.473948 0.243184 0.137326 0.001608 0.130081 0.000023
0.013072 0.471312 0.244279 0.137930 0.001619 0.131764 0.000025
0.013161 0.469970 0.244461 0.138092 0.001635 0.132659 0.000021
0.012862 0.467621 0.245406 0.138407 0.001633 0.134049 0.000021
0.012555 0.466193 0.245892 0.138694 0.001642 0.135001 0.000023
0.012435 0.464803 0.246206 0.139014 0.001649 0.135870 0.000024
0.012661 0.463402 0.246656 0.138753 0.001698 0.136805 0.000026
0.012695 0.462033 0.246495 0.139289 0.001691 0.137771 0.000027
0.012048 0.458645 0.248204 0.139975 0.001732 0.139375 0.000023
0.011843 0.457389 0.248491 0.139939 0.001687 0.140624 0.000026
0.011461 0.454263 0.249418 0.140601 0.001740 0.142494 0.000023
0.011547 0.454562 0.249280 0.140607 0.001749 0.142229 0.000027
0.011526 0.453854 0.249235 0.140808 0.001754 0.142801 0.000022
0.011191 0.450975 0.250214 0.141230 0.001738 0.144627 0.000024
0.011179 0.449865 0.250483 0.141385 0.001770 0.145289 0.000029
0.011063 0.446467 0.251464 0.141836 0.001810 0.147335 0.000024
0.010808 0.444258 0.252258 0.142059 0.001816 0.148772 0.000029
0.010858 0.442439 0.252664 0.142373 0.001821 0.149817 0.000028
0.010662 0.441630 0.252718 0.142756 0.001842 0.150367 0.000024
0.010932 0.441710 0.252597 0.142139 0.001864 0.150730 0.000027
0.010548 0.438105 0.253904 0.142832 0.001911 0.152673 0.000027
0.010474 0.436812 0.253957 0.143200 0.001900 0.153627 0.000029
0.010393 0.435561 0.254369 0.143418 0.001910 0.154319 0.000029
0.010217 0.433288 0.255237 0.143701 0.001891 0.155638 0.000029
0.010245 0.431325 0.255400 0.144099 0.001944 0.156955 0.000031
0.010390 0.429214 0.255572 0.144227 0.001932 0.158634 0.000032
0.010341 0.430059 0.255301 0.143873 0.001970 0.158424 0.000031
0.009994 0.426705 0.256692 0.144598 0.001997 0.159982 0.000033
0.009865 0.425491 0.256752 0.144987 0.001989 0.160883 0.000032
0.010097 0.424224 0.256929 0.144933 0.001993 0.161793 0.000032
0.010003 0.423585 0.257005 0.144703 0.001999 0.162668 0.000037
0.009848 0.421579 0.257919 0.145094 0.002032 0.163489 0.000038
0.009909 0.419941 0.257893 0.145429 0.002004 0.164787 0.000037
0.009842 0.416599 0.258552 0.145911 0.002065 0.166993 0.000040
0.009740 0.416174 0.258750 0.145763 0.002046 0.167490 0.000036
0.009595 0.413860 0.259318 0.146066 0.002079 0.169040 0.000042
0.009634 0.411955 0.259622 0.146492 0.002079 0.170177 0.000041
0.009697 0.411557 0.259591 0.146360 0.002080 0.170670 0.000045
0.009632 0.410069 0.260077 0.146583 0.002113 0.171489 0.000037
0.009591 0.409844 0.259882 0.146446 0.002097 0.172102 0.000037
0.009642 0.408403 0.260118 0.146510 0.002117 0.173172 0.000039
0.009530 0.406076 0.260645 0.146816 0.002159 0.174730 0.000043
0.009431 0.403952 0.261307 0.147212 0.002199 0.175853 0.000047
0.009472 0.403140 0.261413 0.147378 0.002127 0.176429 0.000040
0.009470 0.403301 0.261361 0.147132 0.002127 0.176566 0.000042
0.014022 0.398618 0.260446 0.146698 0.002117 0.178057 0.000042
0.021488 0.393601 0.258945 0.145859 0.002144 0.177922 0.000040
0.019627 0.393644 0.259213 0.146234 0.002157 0.179081 0.000044
0.021915 0.393223 0.258458 0.145763 0.002182 0.178413 0.000046
0.021674 0.391006 0.258859 0.146278 0.002183 0.179956 0.000045
0.023653 0.388097 0.258992 0.145924 0.002171 0.181119 0.000045
0.020791 0.388779 0.259688 0.146448 0.002202 0.182049 0.000043
0.020847 0.387975 0.259628 0.146296 0.002243 0.182969 0.000042
0.022921 0.385147 0.259112 0.145754 0.002229 0.184794 0.000044
0.023173 0.385686 0.258794 0.145860 0.002238 0.184196 0.000053
0.025699 0.384921 0.257443 0.145071 0.002222 0.184594 0.000051
0.022281 0.385388 0.258380 0.145649 0.002249 0.186002 0.000051
0.020709 0.383543 0.259178 0.146244 0.002264 0.188012 0.000050
0.019707 0.383710 0.259586 0.146242 0.002252 0.188460 0.000044
0.017497 0.383764 0.260311 0.146795 0.002259 0.189326 0.000047
0.017017 0.381212 0.260769 0.147146 0.002283 0.191522 0.000052
0.015849 0.379978 0.261655 0.147467 0.002323 0.192676 0.000052
0.016115 0.378265 0.261434 0.147458 0.002354 0.194326 0.000048
0.017112 0.379301 0.260658 0.146968 0.002352 0.193563 0.000047
0.015155 0.376517 0.261837 0.147755 0.002363 0.196325 0.000048
0.013409 0.375197 0.262656 0.148427 0.002352 0.197909 0.000050
0.013209 0.374171 0.263395 0.148407 0.002411 0.198356 0.000052
0.012401 0.371107 0.264227 0.149091 0.002411 0.200709 0.000055
0.012441 0.370121 0.264334 0.148936 0.002411 0.201700 0.000058
0.012397 0.371896 0.263495 0.148804 0.002407 0.200949 0.000051
0.012357 0.369016 0.264093 0.149112 0.002410 0.202960 0.000052
0.011518 0.367480 0.264441 0.149568 0.002492 0.204445 0.000056
0.010878 0.366412 0.265102 0.149426 0.002453 0.205680 0.000049
0.010701 0.363810 0.265646 0.149792 0.002486 0.207512 0.000053
0.010473 0.362594 0.265599 0.150206 0.002490 0.208581 0.000056
0.010259 0.360360 0.266286 0.150268 0.002510 0.210262 0.000055
0.010009 0.359756 0.266108 0.150517 0.002514 0.211039 0.000056
0.010678 0.359713 0.265449 0.150219 0.002554 0.211329 0.000057
0.010240 0.358061 0.266217 0.150434 0.002580 0.212413 0.000057
0.010094 0.355950 0.266511 0.150442 0.002558 0.214392 0.000053
0.009608 0.354176 0.267450 0.150772 0.002593 0.215342 0.000059
0.009642 0.353335 0.267050 0.150639 0.002562 0.216714 0.000057
0.009633 0.352885 0.266959 0.150871 0.002603 0.216994 0.000056
0.009764 0.351949 0.266852 0.150885 0.002612 0.217882 0.000056
0.009425 0.350780 0.267494 0.150898 0.002615 0.218730 0.000059
0.009444 0.348354 0.267710 0.151036 0.002659 0.220740 0.000058
0.009380 0.345898 0.267810 0.151310 0.002669 0.222871 0.000062
0.009276 0.345483 0.267633 0.151281 0.002673 0.223594 0.000060
0.009186 0.343982 0.268226 0.151262 0.002670 0.224611 0.000063
0.009208 0.342400 0.268378 0.151341 0.002691 0.225918 0.000065
0.008989 0.341776 0.268382 0.151638 0.002681 0.226473 0.000062
0.008987 0.341254 0.268390 0.151255 0.002691 0.227359 0.000064
0.008855 0.338830 0.268295 0.152180 0.002718 0.229059 0.000062
0.008863 0.338062 0.268912 0.151967 0.002704 0.229427 0.000064
0.009394 0.338986 0.267982 0.151260 0.002742 0.229572 0.000064
0.009027 0.335415 0.268833 0.151921 0.002761 0.231977 0.000066
0.009190 0.335608 0.268532 0.151747 0.002743 0.232115 0.000066
0.009085 0.333657 0.268574 0.151676 0.002753 0.234193 0.000061
0.008810 0.332071 0.269271 0.151975 0.002829 0.234980 0.000064
0.008925 0.330579 0.269241 0.152086 0.002835 0.236270 0.000064
0.008897 0.329622 0.269189 0.152228 0.002870 0.237128 0.000065
0.008976 0.328418 0.269254 0.152123 0.002818 0.238355 0.000055
0.009018 0.327472 0.268939 0.152012 0.002885 0.239608 0.000065
0.008774 0.325607 0.269390 0.152164 0.002901 0.241097 0.000066
0.008964 0.326544 0.268844 0.152048 0.002887 0.240648 0.000065
0.008643 0.321958 0.270053 0.152822 0.002903 0.243554 0.000068
0.008804 0.321574 0.269655 0.152366 0.002952 0.244581 0.000068
0.008674 0.319773 0.270049 0.152656 0.002919 0.245864 0.000065
0.008872 0.321432 0.269461 0.152096 0.002898 0.245178 0.000063
0.008823 0.318676 0.269667 0.152238 0.002945 0.247583 0.000068
0.008708 0.315859 0.270159 0.152916 0.002956 0.249331 0.000071
0.008729 0.315911 0.270066 0.152536 0.002990 0.249699 0.000067
0.008847 0.315048 0.269877 0.152183 0.003022 0.250953 0.000070
0.008775 0.314792 0.269911 0.152029 0.003024 0.251400 0.000069
0.008857 0.313946 0.269757 0.152319 0.003002 0.252045 0.000073
0.008760 0.311740 0.270199 0.152541 0.003032 0.253660 0.000068
0.008592 0.308796 0.270517 0.152635 0.003061 0.256329 0.000069
0.008685 0.308924 0.270165 0.152548 0.003077 0.256528 0.000072
0.008879 0.310422 0.269703 0.152455 0.003059 0.255418 0.000063
0.008744 0.308499 0.269853 0.152202 0.003055 0.257576 0.000072
0.008668 0.306652 0.270157 0.152316 0.003087 0.259049 0.000070
0.008871 0.307243 0.269710 0.152149 0.003041 0.258917 0.000069
0.008732 0.304586 0.270497 0.152290 0.003080 0.260741 0.000074
0.008757 0.302721 0.270327 0.152292 0.003090 0.262748 0.000063
0.008657 0.300613 0.270572 0.152469 0.003136 0.264477 0.000075
0.008757 0.300852 0.270454 0.152352 0.003085 0.264429 0.000071
0.008745 0.300540 0.270181 0.152114 0.003152 0.265191 0.000078
0.008697 0.298522 0.270430 0.152356 0.003156 0.266766 0.000074
0.008776 0.298153 0.270031 0.152546 0.003146 0.267271 0.000077
0.008756 0.297839 0.269839 0.152281 0.003152 0.268054 0.000078
0.008669 0.296170 0.269975 0.152361 0.003135 0.269616 0.000074
0.008676 0.293738 0.270455 0.152426 0.003170 0.271456 0.000080
0.008729 0.294937 0.270083 0.152213 0.003167 0.270799 0.000072
0.008672 0.292903 0.270028 0.152342 0.003162 0.272815 0.000077
0.008819 0.291968 0.269757 0.152307 0.003190 0.273880 0.000079
0.008755 0.291256 0.269975 0.152448 0.003211 0.274278 0.000077
0.008809 0.289751 0.269770 0.152332 0.003217 0.276042 0.000078
0.008815 0.289220 0.269763 0.152248 0.003216 0.276656 0.000082
0.008752 0.287590 0.269870 0.152167 0.003228 0.278317 0.000077
0.008714 0.285666 0.270149 0.152178 0.003275 0.279936 0.000082
0.008716 0.284409 0.270271 0.152188 0.003272 0.281062 0.000082
0.008809 0.285356 0.269482 0.151878 0.003247 0.281141 0.000087
0.008830 0.283991 0.269961 0.152149 0.003219 0.281771 0.000080
0.008845 0.282593 0.269797 0.152246 0.003264 0.283174 0.000080
0.008844 0.281182 0.269681 0.152072 0.003273 0.284862 0.000086
0.008806 0.279162 0.270032 0.152302 0.003322 0.286296 0.000080
0.008865 0.278913 0.269679 0.151957 0.003296 0.287200 0.000090
0.008860 0.279588 0.269541 0.152064 0.003271 0.286589 0.000087
0.008904 0.278434 0.269270 0.151932 0.003342 0.288029 0.000090
0.008832 0.276142 0.269615 0.152083 0.003301 0.289936 0.000090
0.008951 0.274908 0.269298 0.151613 0.003325 0.291824 0.000082
0.008926 0.274973 0.269108 0.151558 0.003396 0.291948 0.000091
0.008908 0.274080 0.268867 0.151431 0.003342 0.293285 0.000087
0.008878 0.272068 0.269451 0.151567 0.003357 0.294593 0.000086
0.008907 0.272291 0.269032 0.151293 0.003410 0.294978 0.000089
0.008946 0.271384 0.268816 0.151337 0.003382 0.296041 0.000094
0.008911 0.269631 0.268850 0.151708 0.003441 0.297367 0.000092
0.008940 0.269539 0.268401 0.151343 0.003392 0.298293 0.000092
0.008918 0.269309 0.268605 0.151325 0.003404 0.298350 0.000089
0.008910 0.267059 0.268417 0.151392 0.003414 0.300713 0.000094
0.008949 0.266587 0.268224 0.151220 0.003438 0.301494 0.000088
0.009032 0.266194 0.268070 0.151175 0.003432 0.302008 0.000088
0.008995 0.263424 0.268040 0.151462 0.003515 0.304469 0.000095
0.008946 0.263834 0.268001 0.151243 0.003467 0.304416 0.000093
0.009076 0.264764 0.267647 0.151164 0.003530 0.303722 0.000097
0.009075 0.262679 0.268174 0.150794 0.003516 0.305669 0.000094
0.009095 0.261537 0.267336 0.150924 0.003518 0.307496 0.000094
0.009121 0.260093 0.267374 0.150825 0.003531 0.308961 0.000096
0.009201 0.259061 0.267095 0.150933 0.003571 0.310036 0.000104
0.009155 0.258415 0.267336 0.150500 0.003551 0.310949 0.000094
0.009162 0.258605 0.266992 0.150514 0.003548 0.311086 0.000092
0.009162 0.256078 0.266733 0.150618 0.003627 0.313688 0.000094
0.009129 0.254426 0.267224 0.150535 0.003661 0.314934 0.000091
0.009232 0.256731 0.266717 0.150345 0.003601 0.313274 0.000100
0.009186 0.254221 0.266484 0.150424 0.003626 0.315964 0.000095
0.009219 0.252516 0.266706 0.150282 0.003622 0.317556 0.000097
0.009204 0.251577 0.266712 0.150371 0.003645 0.318390 0.000101
0.009208 0.251471 0.266024 0.150013 0.003701 0.319492 0.000091
0.009199 0.249604 0.266367 0.149967 0.003705 0.321058 0.000099
0.009305 0.250906 0.265955 0.149954 0.003704 0.320078 0.000098
0.009281 0.249734 0.265685 0.150312 0.003681 0.321218 0.000089
0.009266 0.248085 0.265892 0.150029 0.003731 0.322896 0.000101
0.009321 0.247701 0.265440 0.149488 0.003723 0.324234 0.000092
0.009300 0.247695 0.265356 0.149571 0.003737 0.324244 0.000097
0.009439 0.247328 0.265168 0.149436 0.003750 0.324784 0.000095
0.009335 0.244519 0.265346 0.149304 0.003792 0.327607 0.000097
0.009364 0.243849 0.265158 0.149179 0.003728 0.328623 0.000099
0.009422 0.242817 0.264892 0.149171 0.003785 0.329813 0.000099
0.009429 0.243655 0.264786 0.149127 0.003737 0.329168 0.000098
0.009396 0.242150 0.264824 0.148992 0.003810 0.330734 0.000093
0.009484 0.241786 0.264775 0.148664 0.003801 0.331398 0.000092
0.009447 0.239692 0.264485 0.149008 0.003887 0.333388 0.000093
0.009484 0.239409 0.263896 0.148987 0.003821 0.334304 0.000099
0.009410 0.238547 0.263904 0.149010 0.003832 0.335199 0.000097
0.009507 0.237545 0.263707 0.148639 0.003814 0.336694 0.000094
0.009508 0.237150 0.263649 0.148575 0.003847 0.337165 0.000106
0.009499 0.236405 0.263100 0.148713 0.003879 0.338300 0.000104
0.009646 0.235271 0.263200 0.148369 0.003865 0.339548 0.000101
0.009613 0.236074 0.263121 0.148241 0.003869 0.338967 0.000115
0.009620 0.232665 0.262913 0.148275 0.003907 0.342513 0.000107
0.009576 0.233239 0.262924 0.147958 0.003901 0.342293 0.000109
0.009638 0.232687 0.262496 0.148074 0.003898 0.343103 0.000105
0.009679 0.231959 0.262193 0.147644 0.003915 0.344500 0.000109
0.009645 0.230986 0.262483 0.147665 0.003910 0.345201 0.000110
0.009674 0.230034 0.262439 0.147625 0.003973 0.346151 0.000104
0.009620 0.229345 0.262066 0.147622 0.003973 0.347270 0.000103
0.009644 0.228642 0.261950 0.147540 0.004019 0.348101 0.000104
0.009708 0.227431 0.261388 0.147254 0.003984 0.350131 0.000104
0.009694 0.227314 0.261574 0.147387 0.003971 0.349954 0.000106
0.009629 0.227158 0.261519 0.147248 0.004014 0.350326 0.000107
0.009730 0.226385 0.261509 0.147251 0.003989 0.351023 0.000113
0.009766 0.225416 0.261038 0.146983 0.004002 0.352691 0.000104
0.009904 0.224172 0.260465 0.147054 0.004026 0.354264 0.000115
0.009826 0.223639 0.260180 0.146726 0.004017 0.355504 0.000108
0.009845 0.222922 0.260018 0.146761 0.004034 0.356299 0.000120
0.009906 0.222432 0.260250 0.146647 0.004058 0.356599 0.000108
0.009952 0.220909 0.259901 0.146376 0.004074 0.358671 0.000117
0.010007 0.220658 0.260042 0.146511 0.004065 0.358602 0.000114
0.009910 0.219067 0.259616 0.146108 0.004062 0.361119 0.000118
0.009928 0.219402 0.259817 0.146312 0.004092 0.360330 0.000119
0.009983 0.218473 0.259467 0.145896 0.004121 0.361942 0.000118
0.010017 0.217870 0.258976 0.146266 0.004153 0.362600 0.000118
0.010075 0.217601 0.258873 0.145709 0.004091 0.363530 0.000121
0.010056 0.216516 0.258432 0.145857 0.004124 0.364895 0.000120
0.010123 0.216112 0.258452 0.145564 0.004143 0.365488 0.000119
0.010150 0.214428 0.257637 0.145192 0.004100 0.368366 0.000128
0.009991 0.214477 0.258090 0.145333 0.004183 0.367810 0.000117
0.010085 0.213447 0.257434 0.145475 0.004169 0.369275 0.000115
0.010038 0.213139 0.257425 0.145193 0.004232 0.369856 0.000117
0.010208 0.212585 0.257125 0.145167 0.004217 0.370578 0.000121
0.010156 0.212082 0.257257 0.144847 0.004188 0.371347 0.000123
0.010224 0.211107 0.256639 0.144814 0.004193 0.372908 0.000114
0.010183 0.210753 0.256928 0.144681 0.004202 0.373128 0.000125
0.010207 0.210898 0.256305 0.144597 0.004231 0.373629 0.000132
0.010239 0.209109 0.256605 0.144401 0.004163 0.375359 0.000125
0.010384 0.208729 0.255986 0.144159 0.004250 0.376370 0.000122
0.010420 0.207243 0.255504 0.143853 0.004262 0.378589 0.000129
0.010375 0.207807 0.255680 0.144012 0.004272 0.377725 0.000129
0.010454 0.207308 0.255224 0.143660 0.004243 0.378983 0.000129
0.010550 0.206683 0.254999 0.143809 0.004270 0.379556 0.000134
0.010404 0.205614 0.254916 0.143512 0.004318 0.381108 0.000127
0.010464 0.204311 0.254920 0.143567 0.004319 0.382286 0.000133
0.010541 0.203539 0.254467 0.143598 0.004291 0.383436 0.000129
0.010639 0.203149 0.253888 0.143466 0.004317 0.384411 0.000129
0.010613 0.202986 0.253751 0.143310 0.004331 0.384871 0.000138
0.010524 0.202264 0.254053 0.143303 0.004304 0.385420 0.000133
0.010690 0.201393 0.253521 0.142869 0.004318 0.387069 0.000140
0.010622 0.201305 0.253689 0.142831 0.004353 0.387069 0.000131
0.010751 0.200886 0.253596 0.142947 0.004334 0.387352 0.000134
0.010688 0.199795 0.253020 0.142850 0.004360 0.389151 0.000135
0.010790 0.199424 0.252812 0.142203 0.004350 0.390283 0.000137
0.010758 0.198318 0.252840 0.142259 0.004361 0.391334 0.000131
0.010866 0.197331 0.252568 0.142221 0.004410 0.392467 0.000137
0.010886 0.195821 0.251954 0.142051 0.004380 0.394769 0.000139
0.010914 0.196969 0.251827 0.142041 0.004372 0.393732 0.000145
0.010887 0.195511 0.251483 0.141934 0.004405 0.395643 0.000137
0.011006 0.195186 0.251242 0.141847 0.004443 0.396138 0.000138
0.010971 0.194251 0.251250 0.141678 0.004470 0.397236 0.000144
0.010988 0.193814 0.250996 0.141504 0.004428 0.398120 0.000149
0.010958 0.192617 0.251160 0.141506 0.004475 0.399144 0.000140
0.011017 0.193030 0.250689 0.141435 0.004449 0.399238 0.000142
0.011077 0.192533 0.250478 0.141084 0.004446 0.400240 0.000142
0.011008 0.191786 0.250281 0.140916 0.004520 0.401340 0.000149
0.011013 0.192179 0.250277 0.140891 0.004475 0.401028 0.000137
0.011194 0.191366 0.249521 0.140902 0.004473 0.402401 0.000143
0.011127 0.189914 0.249543 0.140677 0.004520 0.404079 0.000140
0.011204 0.188801 0.248919 0.140309 0.004463 0.406150 0.000154
0.011188 0.189043 0.249136 0.140157 0.004505 0.405825 0.000145
0.011236 0.187930 0.248711 0.140111 0.004464 0.407393 0.000154
0.011300 0.187812 0.248625 0.139825 0.004518 0.407767 0.000153
0.011315 0.186227 0.247941 0.139990 0.004496 0.409882 0.000149
0.011390 0.185840 0.247679 0.139959 0.004538 0.410454 0.000140
0.011441 0.185321 0.247522 0.139423 0.004503 0.411639 0.000152
0.011455 0.184927 0.247205 0.139651 0.004564 0.412052 0.000146
0.011465 0.185091 0.247139 0.139640 0.004521 0.412001 0.000142
0.011539 0.183285 0.246794 0.139494 0.004523 0.414208 0.000157
0.011500 0.183072 0.246897 0.139286 0.004509 0.414584 0.000151
0.011471 0.183193 0.246544 0.138943 0.004558 0.415136 0.000155
0.011548 0.182701 0.246396 0.138916 0.004597 0.415693 0.000149
0.011615 0.181665 0.245909 0.138785 0.004580 0.417290 0.000156
0.011502 0.181243 0.245736 0.138726 0.004623 0.418014 0.000158
0.011554 0.181043 0.245322 0.138309 0.004566 0.419047 0.000161
0.011621 0.180986 0.245213 0.138410 0.004574 0.419042 0.000154
0.011708 0.180215 0.244824 0.138512 0.004628 0.419951 0.000162
0.011710 0.179541 0.244776 0.137866 0.004571 0.421378 0.000158
0.011837 0.178497 0.243961 0.137808 0.004593 0.423144 0.000160
0.011892 0.177722 0.243842 0.137718 0.004668 0.423995 0.000163
0.011835 0.177842 0.243782 0.137684 0.004630 0.424065 0.000164
0.011912 0.176965 0.243389 0.137677 0.004648 0.425245 0.000164
0.011880 0.177284 0.243551 0.137300 0.004643 0.425169 0.000173
0.012004 0.175906 0.243271 0.137249 0.004678 0.426733 0.000160
0.012041 0.175157 0.242871 0.136960 0.004621 0.428172 0.000177
0.012067 0.175194 0.242378 0.136806 0.004643 0.428750 0.000162
0.012093 0.174619 0.242470 0.136702 0.004656 0.429282 0.000177
0.012121 0.174119 0.241967 0.136757 0.004682 0.430186 0.000168
0.012199 0.173367 0.241877 0.136716 0.004718 0.430951 0.000172
0.012147 0.172969 0.241310 0.136180 0.004690 0.432537 0.000166
0.012256 0.172736 0.241081 0.136397 0.004715 0.432641 0.000173
0.012249 0.171713 0.240573 0.136066 0.004689 0.434541 0.000170
0.012210 0.171959 0.240916 0.136030 0.004691 0.434028 0.000166
0.012245 0.171621 0.240453 0.135737 0.004672 0.435100 0.000171
0.012327 0.169923 0.240044 0.135757 0.004741 0.437032 0.000177
0.012348 0.170706 0.240168 0.135514 0.004695 0.436401 0.000168
0.012358 0.169679 0.239083 0.135141 0.004728 0.438837 0.000173
0.012413 0.169330 0.239688 0.135139 0.004762 0.438487 0.000180
0.012333 0.168895 0.239211 0.135239 0.004740 0.439406 0.000176
0.012521 0.167200 0.238752 0.134833 0.004767 0.441742 0.000184
0.012570 0.167800 0.238340 0.134817 0.004777 0.441517 0.000179
0.012541 0.166896 0.238588 0.134858 0.004743 0.442189 0.000186
0.012592 0.167134 0.238086 0.134713 0.004695 0.442599 0.000182
0.012650 0.166757 0.237647 0.134360 0.004722 0.443683 0.000182
0.012643 0.165777 0.237588 0.134091 0.004777 0.444951 0.000172
0.012758 0.165645 0.237258 0.134015 0.004760 0.445382 0.000183
0.012801 0.165005 0.236804 0.133813 0.004804 0.446584 0.000189
0.012806 0.164755 0.237026 0.133650 0.004778 0.446795 0.000189
0.012895 0.163978 0.236086 0.133516 0.004757 0.448583 0.000184
0.012907 0.164014 0.236001 0.133304 0.004793 0.448789 0.000191
0.012931 0.163410 0.236059 0.133515 0.004837 0.449051 0.000196
0.012904 0.162215 0.235475 0.133204 0.004824 0.451190 0.000188
0.012900 0.162671 0.235475 0.133013 0.004850 0.450899 0.000192
0.013011 0.161047 0.235230 0.132556 0.004818 0.453149 0.000191
0.013003 0.160938 0.235052 0.132646 0.004848 0.453327 0.000186
0.013064 0.161359 0.234425 0.132832 0.004844 0.453285 0.000192
0.012926 0.160763 0.234543 0.132476 0.004836 0.454264 0.000192
0.013031 0.160545 0.234193 0.132549 0.004847 0.454639 0.000196
0.013119 0.160098 0.234083 0.132207 0.004896 0.455407 0.000190
0.013249 0.159532 0.233906 0.132028 0.004852 0.456238 0.000195
0.013197 0.159032 0.233625 0.131887 0.004865 0.457192 0.000201
0.013308 0.158487 0.233266 0.131815 0.004889 0.458052 0.000181
0.013280 0.157722 0.233262 0.131108 0.004915 0.459510 0.000202
0.013430 0.157327 0.232721 0.131344 0.004880 0.460102 0.000196
0.013478 0.157517 0.232153 0.131299 0.004860 0.460488 0.000205
0.013525 0.156252 0.232287 0.131132 0.004879 0.461705 0.000219
0.013397 0.156134 0.232072 0.130844 0.004891 0.462458 0.000205
0.013415 0.155862 0.231950 0.130906 0.004920 0.462745 0.000200
0.013477 0.155175 0.231429 0.130381 0.004909 0.464421 0.000209
0.013536 0.154381 0.230702 0.130608 0.004929 0.465650 0.000194
0.013664 0.154509 0.230914 0.130547 0.004948 0.465217 0.000202
0.013687 0.153576 0.230699 0.129967 0.004953 0.466919 0.000200
0.013609 0.152988 0.229981 0.129768 0.004962 0.468491 0.000200
0.013777 0.153312 0.229885 0.129760 0.004961 0.468086 0.000219
0.013637 0.153203 0.229543 0.129943 0.004982 0.468489 0.000203
0.013759 0.152010 0.229650 0.129369 0.004970 0.470026 0.000216
0.013730 0.152169 0.229112 0.129281 0.004929 0.470575 0.000204
0.013782 0.151481 0.228431 0.129077 0.004961 0.472064 0.000204
0.013756 0.151776 0.228469 0.129269 0.004985 0.471542 0.000203
0.013839 0.151571 0.228275 0.129053 0.004968 0.472088 0.000207
0.013908 0.151071 0.228291 0.128721 0.004940 0.472867 0.000202
0.013911 0.149883 0.227525 0.128487 0.004974 0.474994 0.000225
0.013820 0.149424 0.226854 0.128379 0.004980 0.476336 0.000207
0.013998 0.149173 0.227190 0.128111 0.004987 0.476340 0.000201
0.013960 0.149646 0.227557 0.128197 0.005012 0.475418 0.000210
0.014075 0.148069 0.226461 0.127496 0.005022 0.478662 0.000214
0.014071 0.148228 0.226068 0.128039 0.005049 0.478340 0.000205
0.014019 0.148055 0.226450 0.127695 0.005075 0.478487 0.000218
0.014081 0.147101 0.225793 0.127387 0.005023 0.480409 0.000205
0.014175 0.147120 0.225217 0.127339 0.005044 0.480896 0.000211
0.014260 0.146555 0.224999 0.126918 0.005059 0.481996 0.000213
0.014306 0.146486 0.225068 0.127006 0.005067 0.481843 0.000223
0.014355 0.145699 0.224586 0.126639 0.005006 0.483500 0.000215
0.014415 0.144681 0.223753 0.126580 0.005114 0.485239 0.000218
0.014414 0.145458 0.224331 0.126260 0.005055 0.484282 0.000201
0.014476 0.144436 0.223651 0.126222 0.005033 0.485967 0.000216
0.014500 0.144693 0.223596 0.126172 0.005056 0.485756 0.000228
0.014446 0.143372 0.223222 0.125647 0.005054 0.488030 0.000229
0.014563 0.143937 0.223161 0.125720 0.005072 0.487332 0.000216
0.014649 0.143957 0.222865 0.125983 0.005079 0.487250 0.000216
0.014524 0.143976 0.223472 0.125697 0.005050 0.487053 0.000227
0.014602 0.142782 0.222501 0.125414 0.005026 0.489453 0.000222
0.014680 0.141980 0.221594 0.125071 0.005073 0.491381 0.000220
0.014551 0.142069 0.221954 0.124912 0.005092 0.491187 0.000235
0.014765 0.141552 0.220931 0.124832 0.005082 0.492613 0.000224
0.014733 0.141842 0.221728 0.124680 0.005108 0.491688 0.000222
0.014875 0.140651 0.220704 0.124582 0.005056 0.493901 0.000230
0.014894 0.140689 0.220591 0.124235 0.005069 0.494298 0.000225
0.014956 0.140168 0.220365 0.124194 0.005102 0.494979 0.000237
0.014883 0.140253 0.220325 0.124343 0.005062 0.494891 0.000244
0.015078 0.139627 0.219606 0.123985 0.005116 0.496352 0.000236
0.015030 0.139864 0.220150 0.123827 0.005127 0.495769 0.000233
0.015085 0.138960 0.219353 0.123851 0.005103 0.497427 0.000222
0.014977 0.138372 0.219038 0.123624 0.005124 0.498633 0.000232
0.015158 0.138009 0.218718 0.123396 0.005111 0.499374 0.000234
0.015250 0.137775 0.218113 0.123197 0.005114 0.500311 0.000240
0.015195 0.137497 0.217859 0.123080 0.005097 0.501032 0.000239
0.015222 0.138441 0.218188 0.123030 0.005116 0.499770 0.000232
0.015264 0.137046 0.217742 0.122936 0.005141 0.501622 0.000250
0.015257 0.136751 0.217611 0.122673 0.005174 0.502285 0.000248
0.015379 0.136483 0.217351 0.122472 0.005180 0.502883 0.000253
0.015525 0.135759 0.216616 0.122130 0.005233 0.504496 0.000241
0.015569 0.135776 0.216086 0.122171 0.005051 0.505107 0.000239
0.015571 0.135611 0.216291 0.121991 0.005130 0.505157 0.000250
0.015516 0.135429 0.216411 0.121850 0.005133 0.505419 0.000242
0.015566 0.134668 0.215770 0.121976 0.005185 0.506593 0.000242
0.015614 0.134550 0.215355 0.121741 0.005154 0.507345 0.000241
0.015689 0.133895 0.215263 0.121294 0.005128 0.508486 0.000244
