0.962222 0.036971 0.000523 0.000275 0.000001 0.000008 0.000000
0.925965 0.072356 0.001068 0.000593 0.000001 0.000017 0.000000
0.915118 0.082915 0.001240 0.000701 0.000004 0.000021 0.000000
0.903050 0.094659 0.001438 0.000824 0.000003 0.000026 0.000000
0.892183 0.105203 0.001657 0.000925 0.000004 0.000028 0.000000
0.878047 0.118958 0.001900 0.001057 0.000004 0.000035 0.000000
0.863776 0.132743 0.002190 0.001244 0.000003 0.000044 0.000000
0.849053 0.147005 0.002460 0.001423 0.000004 0.000056 0.000000
0.831836 0.163682 0.002780 0.001629 0.000004 0.000069 0.000000
0.817022 0.178034 0.003079 0.001782 0.000003 0.000080 0.000000
0.798860 0.195596 0.003447 0.002007 0.000003 0.000087 0.000000
0.781360 0.212491 0.003806 0.002234 0.000003 0.000105 0.000000
0.765049 0.228148 0.004241 0.002439 0.000004 0.000118 0.000000
0.746555 0.245912 0.004705 0.002699 0.000004 0.000124 0.000000
0.730388 0.261415 0.005142 0.002913 0.000004 0.000137 0.000000
0.712160 0.278881 0.005625 0.003171 0.000003 0.000160 0.000000
0.694851 0.295391 0.006160 0.003406 0.000003 0.000188 0.000000
0.676691 0.312687 0.006671 0.003736 0.000003 0.000212 0.000000
0.661001 0.327543 0.007210 0.004007 0.000003 0.000235 0.000000
0.644159 0.343426 0.007812 0.004344 0.000003 0.000256 0.000000
0.627727 0.358956 0.008354 0.004674 0.000003 0.000285 0.000000
0.612708 0.373052 0.008927 0.005000 0.000003 0.000310 0.000000
0.597960 0.386851 0.009519 0.005318 0.000003 0.000349 0.000000
0.581091 0.402596 0.010241 0.005694 0.000003 0.000376 0.000000
0.569719 0.413073 0.010789 0.006006 0.000003 0.000411 0.000000
0.553338 0.428242 0.011529 0.006445 0.000004 0.000443 0.000000
0.542454 0.438254 0.012031 0.006780 0.000003 0.000477 0.000000
0.525841 0.453493 0.012868 0.007273 0.000004 0.000521 0.000000
0.515775 0.462553 0.013457 0.007645 0.000005 0.000565 0.000000
0.502607 0.474534 0.014191 0.008052 0.000005 0.000611 0.000000
0.488857 0.486986 0.014988 0.008504 0.000006 0.000659 0.000000
0.476284 0.498365 0.015692 0.008945 0.000005 0.000708 0.000000
0.462750 0.510537 0.016500 0.009436 0.000005 0.000773 0.000000
0.451177 0.520688 0.017398 0.009891 0.000005 0.000840 0.000000
0.438813 0.531531 0.018352 0.010408 0.000007 0.000888 0.000000
0.426501 0.542426 0.019238 0.010891 0.000009 0.000936 0.000000
0.413945 0.553379 0.020253 0.011422 0.000010 0.000991 0.000000
0.401158 0.564412 0.021337 0.012020 0.000010 0.001063 0.000000
0.389741 0.574252 0.022282 0.012575 0.000010 0.001139 0.000000
0.381827 0.580852 0.023083 0.013023 0.000011 0.001205 0.000000
0.371930 0.589065 0.024118 0.013596 0.000013 0.001278 0.000000
0.362244 0.597120 0.025131 0.014158 0.000014 0.001333 0.000000
0.354188 0.603491 0.026129 0.014747 0.000015 0.001430 0.000000
0.344528 0.611314 0.027256 0.015361 0.000018 0.001524 0.000000
0.336798 0.617385 0.028279 0.015886 0.000021 0.001631 0.000000
0.330219 0.622129 0.029362 0.016527 0.000022 0.001741 0.000000
0.323521 0.627007 0.030453 0.017158 0.000022 0.001839 0.000000
0.313283 0.635089 0.031747 0.017875 0.000024 0.001982 0.000000
0.306320 0.640121 0.032920 0.018533 0.000027 0.002079 0.000000
0.303823 0.641150 0.033788 0.019018 0.000027 0.002194 0.000000
0.297321 0.645560 0.035031 0.019711 0.000030 0.002347 0.000000
0.289048 0.651735 0.036295 0.020402 0.000033 0.002486 0.000000
0.284920 0.654229 0.037270 0.020933 0.000034 0.002613 0.000000
0.279333 0.657916 0.038350 0.021609 0.000036 0.002757 0.000000
0.272903 0.661753 0.039927 0.022461 0.000038 0.002917 0.000000
0.271413 0.662283 0.040459 0.022819 0.000042 0.002984 0.000000
0.265951 0.665399 0.041854 0.023571 0.000043 0.003183 0.000000
0.261353 0.667986 0.042991 0.024283 0.000043 0.003344 0.000000
0.253593 0.673350 0.044362 0.025108 0.000047 0.003540 0.000000
0.246813 0.677585 0.045889 0.025933 0.000049 0.003732 0.000000
0.245675 0.677009 0.046865 0.026496 0.000051 0.003903 0.000000
0.237971 0.682424 0.048184 0.027285 0.000053 0.004083 0.000000
0.232227 0.685681 0.049623 0.028094 0.000055 0.004321 0.000000
0.225039 0.690046 0.051233 0.029049 0.000055 0.004578 0.000000
0.220228 0.692806 0.052449 0.029683 0.000059 0.004775 0.000000
0.216223 0.694245 0.053957 0.030525 0.000064 0.004986 0.000000
0.209731 0.697937 0.055504 0.031494 0.000063 0.005271 0.000000
0.203548 0.701769 0.056936 0.032160 0.000067 0.005519 0.000000
0.202859 0.700458 0.058023 0.032895 0.000069 0.005696 0.000000
0.198909 0.702218 0.059302 0.033561 0.000072 0.005938 0.000000
0.193190 0.704674 0.061125 0.034674 0.000072 0.006265 0.000000
0.187368 0.707723 0.062683 0.035585 0.000083 0.006558 0.000000
0.181049 0.710643 0.064681 0.036633 0.000088 0.006907 0.000000
0.184861 0.706209 0.064907 0.036879 0.000087 0.007057 0.000000
0.180548 0.707653 0.066567 0.037796 0.000090 0.007346 0.000000
0.171196 0.712755 0.068967 0.039205 0.000097 0.007780 0.000000
0.170791 0.711563 0.069950 0.039631 0.000096 0.007970 0.000001
0.167768 0.712150 0.071254 0.040444 0.000104 0.008279 0.000000
0.162395 0.714325 0.073059 0.041449 0.000107 0.008665 0.000001
0.158851 0.715240 0.074474 0.042354 0.000108 0.008973 0.000000
0.156380 0.714753 0.076148 0.043269 0.000115 0.009334 0.000001
0.147287 0.719571 0.078537 0.044631 0.000118 0.009855 0.000001
0.145021 0.720339 0.079382 0.045147 0.000121 0.009989 0.000001
0.144969 0.717912 0.080782 0.045846 0.000121 0.010370 0.000001
0.133711 0.724724 0.083268 0.047290 0.000126 0.010880 0.000000
0.132657 0.723013 0.084638 0.048259 0.000133 0.011299 0.000001
0.124594 0.727039 0.086971 0.049489 0.000131 0.011777 0.000000
0.122459 0.727367 0.088037 0.049949 0.000138 0.012050 0.000000
0.112432 0.732135 0.090918 0.051687 0.000143 0.012684 0.000001
0.112258 0.730901 0.091582 0.052096 0.000149 0.013015 0.000001
0.105385 0.733448 0.094042 0.053471 0.000152 0.013501 0.000001
0.099886 0.736159 0.095614 0.054270 0.000157 0.013914 0.000001
0.094347 0.736815 0.098296 0.055737 0.000166 0.014638 0.000001
0.086223 0.739879 0.101115 0.057382 0.000176 0.015223 0.000001
0.084371 0.739452 0.102346 0.057964 0.000188 0.015680 0.000000
0.078932 0.739959 0.105170 0.059413 0.000198 0.016328 0.000001
0.076186 0.739590 0.106753 0.060457 0.000201 0.016812 0.000000
0.070818 0.740626 0.109039 0.061885 0.000212 0.017420 0.000001
0.067470 0.740394 0.110932 0.062920 0.000233 0.018051 0.000001
0.063728 0.740147 0.113125 0.064103 0.000237 0.018659 0.000001
0.062187 0.739628 0.114253 0.064774 0.000238 0.018919 0.000000
0.057478 0.739693 0.116845 0.066146 0.000237 0.019599 0.000001
0.054281 0.738353 0.119306 0.067532 0.000256 0.020272 0.000001
0.053348 0.736602 0.120586 0.068329 0.000256 0.020878 0.000001
0.050868 0.735388 0.122563 0.069409 0.000262 0.021509 0.000001
0.048943 0.733607 0.124463 0.070553 0.000277 0.022156 0.000001
0.046079 0.732287 0.126617 0.071793 0.000282 0.022940 0.000001
0.045279 0.730298 0.128111 0.072538 0.000294 0.023478 0.000002
0.043080 0.729305 0.129669 0.073541 0.000302 0.024102 0.000002
0.043998 0.725914 0.131060 0.074200 0.000304 0.024522 0.000001
0.044209 0.722580 0.132573 0.075143 0.000305 0.025189 0.000001
0.042834 0.719742 0.134754 0.076367 0.000321 0.025981 0.000001
0.041750 0.718905 0.135548 0.077069 0.000333 0.026393 0.000001
0.042763 0.713965 0.137603 0.078125 0.000335 0.027207 0.000002
0.043656 0.710329 0.138950 0.078822 0.000348 0.027893 0.000001
0.045111 0.708159 0.139155 0.079105 0.000356 0.028111 0.000002
0.044189 0.705150 0.141240 0.080025 0.000354 0.029040 0.000002
0.044129 0.702921 0.142314 0.080800 0.000355 0.029480 0.000001
0.045532 0.698677 0.143493 0.081573 0.000368 0.030355 0.000001
0.046296 0.695117 0.144899 0.082391 0.000365 0.030930 0.000001
0.050154 0.691074 0.144885 0.082264 0.000382 0.031239 0.000001
0.049976 0.687015 0.147019 0.083387 0.000401 0.032201 0.000001
0.050609 0.684926 0.147745 0.083812 0.000400 0.032506 0.000001
0.054026 0.680330 0.148092 0.084044 0.000405 0.033101 0.000001
0.052314 0.679040 0.149701 0.084875 0.000412 0.033657 0.000001
0.055949 0.673312 0.150520 0.085352 0.000419 0.034447 0.000001
0.062747 0.667605 0.149688 0.085039 0.000424 0.034495 0.000001
0.059463 0.667624 0.151343 0.085879 0.000422 0.035267 0.000002
0.063638 0.662330 0.151686 0.086112 0.000438 0.035794 0.000001
0.062179 0.661866 0.152579 0.086589 0.000449 0.036338 0.000001
0.066454 0.655947 0.153494 0.086766 0.000449 0.036888 0.000001
0.063424 0.656386 0.154478 0.087749 0.000458 0.037501 0.000003
0.061684 0.655401 0.155864 0.088381 0.000447 0.038222 0.000001
0.061005 0.654275 0.156578 0.088898 0.000468 0.038774 0.000002
0.058260 0.653294 0.158416 0.089886 0.000485 0.039658 0.000002
0.060173 0.650577 0.158730 0.090031 0.000485 0.040003 0.000002
0.056949 0.651958 0.159465 0.090643 0.000488 0.040495 0.000001
0.053161 0.651069 0.161741 0.091714 0.000499 0.041814 0.000002
0.047946 0.652369 0.163533 0.093007 0.000514 0.042630 0.000001
0.051600 0.648037 0.163782 0.092996 0.000528 0.043055 0.000002
0.045612 0.648521 0.166426 0.094504 0.000535 0.044401 0.000002
0.044684 0.647456 0.167234 0.095185 0.000549 0.044890 0.000002
0.042020 0.647868 0.168404 0.095693 0.000554 0.045458 0.000003
0.041250 0.645754 0.169525 0.096455 0.000576 0.046436 0.000004
0.038454 0.644608 0.171526 0.097564 0.000574 0.047271 0.000003
0.034881 0.644107 0.173376 0.098644 0.000588 0.048401 0.000003
0.032680 0.643221 0.174893 0.099432 0.000597 0.049174 0.000003
0.030792 0.641702 0.176495 0.100399 0.000612 0.049996 0.000003
0.030586 0.639543 0.177645 0.100909 0.000608 0.050704 0.000004
0.027293 0.638464 0.179759 0.102036 0.000636 0.051808 0.000003
0.027845 0.636258 0.180510 0.102315 0.000640 0.052429 0.000003
0.025857 0.634811 0.181896 0.103343 0.000659 0.053430 0.000003
0.025317 0.632732 0.183002 0.103979 0.000664 0.054302 0.000003
0.025551 0.632185 0.182839 0.104156 0.000659 0.054606 0.000004
0.023488 0.627920 0.185901 0.105713 0.000682 0.056293 0.000003
0.022595 0.627043 0.186633 0.106164 0.000696 0.056865 0.000003
0.021422 0.624775 0.188315 0.106932 0.000687 0.057866 0.000003
0.020294 0.622110 0.190033 0.108064 0.000719 0.058775 0.000004
0.020143 0.618429 0.191651 0.108857 0.000731 0.060186 0.000003
0.019402 0.617372 0.192503 0.109262 0.000730 0.060727 0.000005
0.019481 0.615617 0.193127 0.109717 0.000745 0.061307 0.000006
0.019107 0.613198 0.194217 0.110439 0.000748 0.062285 0.000005
0.018310 0.610428 0.195811 0.111166 0.000758 0.063524 0.000004
0.017773 0.608640 0.196784 0.111917 0.000772 0.064109 0.000004
0.018040 0.607057 0.197171 0.112166 0.000775 0.064787 0.000004
0.017167 0.604319 0.198765 0.113041 0.000787 0.065917 0.000005
0.019832 0.600189 0.199276 0.113182 0.000787 0.066728 0.000004
0.021513 0.598129 0.199154 0.113204 0.000796 0.067199 0.000005
0.021408 0.595784 0.200220 0.113646 0.000807 0.068131 0.000004
0.022896 0.592761 0.200757 0.113951 0.000814 0.068816 0.000005
0.022456 0.590609 0.201773 0.114657 0.000829 0.069672 0.000004
0.022394 0.587401 0.202988 0.115420 0.000836 0.070957 0.000005
0.024259 0.585536 0.203029 0.115286 0.000852 0.071033 0.000005
0.023095 0.583134 0.204523 0.116140 0.000843 0.072262 0.000004
0.024340 0.580375 0.205005 0.116314 0.000874 0.073087 0.000005
0.022156 0.580735 0.205969 0.116750 0.000864 0.073520 0.000005
0.023957 0.577878 0.205869 0.117103 0.000879 0.074310 0.000004
0.023828 0.574450 0.207247 0.117787 0.000883 0.075800 0.000005
0.026619 0.571256 0.207463 0.117625 0.000896 0.076137 0.000005
0.026459 0.568157 0.208800 0.118234 0.000907 0.077437 0.000007
0.030601 0.564986 0.207830 0.118014 0.000916 0.077648 0.000006
0.026385 0.564650 0.209949 0.119055 0.000934 0.079020 0.000007
0.027974 0.562244 0.210075 0.119083 0.000937 0.079681 0.000006
0.027741 0.560938 0.210509 0.119511 0.000943 0.080352 0.000006
0.025113 0.560463 0.211802 0.120324 0.000964 0.081326 0.000007
0.027626 0.556185 0.212194 0.120494 0.000960 0.082534 0.000006
0.029552 0.553350 0.212559 0.120527 0.000965 0.083038 0.000008
0.032280 0.550727 0.212155 0.120472 0.000999 0.083359 0.000008
0.032042 0.550206 0.212373 0.120537 0.000997 0.083838 0.000009
0.029695 0.548158 0.214319 0.121544 0.001001 0.085275 0.000009
0.031293 0.545672 0.214214 0.121768 0.001013 0.086032 0.000009
0.032701 0.544054 0.214030 0.121851 0.001008 0.086347 0.000009
0.031368 0.543087 0.215247 0.122084 0.001003 0.087202 0.000009
0.032974 0.540666 0.214866 0.122216 0.001007 0.088260 0.000011
0.028315 0.540829 0.217079 0.123334 0.001024 0.089408 0.000011
0.028442 0.538978 0.217679 0.123491 0.001034 0.090365 0.000010
0.028245 0.538195 0.217781 0.123643 0.001043 0.091083 0.000010
0.026920 0.537018 0.218858 0.124034 0.001052 0.092108 0.000010
0.025596 0.534199 0.220426 0.125130 0.001051 0.093585 0.000013
0.022422 0.533096 0.222246 0.126235 0.001080 0.094907 0.000014
0.023524 0.532493 0.221706 0.125736 0.001073 0.095453 0.000014
0.023362 0.529963 0.222542 0.126372 0.001084 0.096661 0.000016
0.021414 0.529616 0.223575 0.126942 0.001107 0.097334 0.000013
0.020057 0.527943 0.224546 0.127691 0.001124 0.098622 0.000016
0.019862 0.527458 0.224935 0.127515 0.001123 0.099094 0.000013
0.019624 0.524927 0.225780 0.127977 0.001135 0.100542 0.000013
0.016722 0.522423 0.228126 0.129277 0.001153 0.102284 0.000016
0.015650 0.520544 0.229128 0.130002 0.001170 0.103490 0.000015
0.015585 0.520036 0.229115 0.129988 0.001174 0.104088 0.000014
0.014572 0.517951 0.230382 0.130720 0.001196 0.105161 0.000018
0.014789 0.514849 0.231117 0.131253 0.001186 0.106789 0.000017
0.013945 0.513304 0.232136 0.131684 0.001213 0.107700 0.000018
0.013046 0.512748 0.232598 0.131964 0.001226 0.108400 0.000017
0.013001 0.510272 0.233469 0.132734 0.001222 0.109286 0.000017
0.013500 0.509819 0.233311 0.132075 0.001251 0.110027 0.000017
0.012507 0.505478 0.235350 0.133311 0.001249 0.112086 0.000019
0.012343 0.505403 0.235487 0.133206 0.001250 0.112296 0.000016
0.011821 0.502441 0.236593 0.134001 0.001271 0.113858 0.000014
0.011461 0.500379 0.237197 0.134558 0.001282 0.115109 0.000014
0.011557 0.499544 0.237302 0.134656 0.001315 0.115609 0.000016
0.011237 0.497135 0.238339 0.135098 0.001320 0.116853 0.000018
0.010846 0.495411 0.238891 0.135677 0.001336 0.117822 0.000017
0.011073 0.493891 0.239165 0.135799 0.001340 0.118717 0.000015
0.010625 0.490424 0.240803 0.136363 0.001383 0.120386 0.000016
0.010554 0.489062 0.241008 0.136764 0.001368 0.121228 0.000015
0.010294 0.486226 0.242299 0.137248 0.001366 0.122552 0.000016
0.010455 0.485771 0.242013 0.137162 0.001391 0.123191 0.000017
0.010185 0.483332 0.242845 0.137698 0.001409 0.124513 0.000018
0.010379 0.482569 0.242888 0.137777 0.001407 0.124964 0.000016
0.009959 0.479386 0.244312 0.138401 0.001430 0.126492 0.000020
0.009844 0.477589 0.244627 0.138872 0.001445 0.127602 0.000022
0.009909 0.475842 0.245121 0.138966 0.001421 0.128721 0.000020
0.010002 0.475586 0.245065 0.138987 0.001453 0.128885 0.000022
0.009789 0.473107 0.245802 0.139574 0.001462 0.130245 0.000021
0.009644 0.471069 0.246729 0.139834 0.001464 0.131239 0.000021
0.009528 0.470016 0.246880 0.139815 0.001471 0.132270 0.000019
0.009453 0.467658 0.247482 0.140417 0.001482 0.133488 0.000021
0.009360 0.465146 0.248512 0.140510 0.001513 0.134934 0.000025
0.009455 0.464378 0.248430 0.140833 0.001491 0.135390 0.000022
0.009390 0.462964 0.248889 0.140980 0.001526 0.136232 0.000019
0.009306 0.461480 0.248903 0.141331 0.001536 0.137419 0.000025
0.009156 0.458235 0.250213 0.141833 0.001571 0.138971 0.000021
0.009318 0.457856 0.250005 0.141873 0.001563 0.139362 0.000022
0.009062 0.454834 0.251125 0.142503 0.001587 0.140866 0.000024
0.009190 0.454060 0.250977 0.142330 0.001578 0.141843 0.000022
0.009099 0.451133 0.251870 0.142707 0.001594 0.143575 0.000021
0.008999 0.449937 0.252291 0.143101 0.001624 0.144027 0.000020
0.008889 0.447953 0.252773 0.143464 0.001598 0.145302 0.000022
0.008934 0.447657 0.252645 0.143497 0.001611 0.145632 0.000024
0.009006 0.446588 0.252752 0.143578 0.001635 0.146419 0.000022
0.008919 0.443830 0.253730 0.143845 0.001659 0.147997 0.000020
0.008743 0.441346 0.254575 0.144259 0.001644 0.149411 0.000023
0.008813 0.440530 0.254254 0.144236 0.001675 0.150470 0.000022
0.008725 0.438088 0.255203 0.144678 0.001677 0.151605 0.000024
0.008764 0.437207 0.255200 0.144653 0.001693 0.152460 0.000023
0.008842 0.435611 0.255405 0.144862 0.001733 0.153524 0.000023
0.008771 0.433525 0.256011 0.144974 0.001716 0.154977 0.000026
0.008709 0.432422 0.256160 0.145275 0.001750 0.155662 0.000022
0.008619 0.430292 0.256619 0.145684 0.001762 0.157003 0.000021
0.008642 0.429353 0.256875 0.145769 0.001799 0.157539 0.000023
0.008672 0.428032 0.256895 0.145835 0.001782 0.158761 0.000023
0.008640 0.426107 0.257469 0.146044 0.001766 0.159948 0.000026
0.008538 0.423693 0.257993 0.146607 0.001796 0.161348 0.000026
0.008564 0.422799 0.258214 0.146525 0.001812 0.162063 0.000023
0.008507 0.421638 0.258361 0.146596 0.001835 0.163039 0.000024
0.008516 0.419442 0.258662 0.147076 0.001830 0.164446 0.000028
0.008470 0.418255 0.259283 0.146807 0.001885 0.165275 0.000026
0.008466 0.416414 0.259426 0.147363 0.001847 0.166458 0.000026
0.008346 0.414875 0.259874 0.147389 0.001859 0.167629 0.000028
0.008423 0.412677 0.260383 0.147589 0.001867 0.169034 0.000027
0.008374 0.412842 0.260242 0.147497 0.001881 0.169136 0.000027
0.008339 0.409932 0.260809 0.147970 0.001896 0.171027 0.000028
0.008339 0.408755 0.260831 0.148064 0.001946 0.172034 0.000030
0.008341 0.407390 0.260921 0.148274 0.001924 0.173122 0.000028
0.008253 0.404955 0.262005 0.148413 0.001983 0.174362 0.000030
0.008262 0.404929 0.261545 0.148329 0.001941 0.174963 0.000031
0.008287 0.403084 0.261968 0.148594 0.001979 0.176058 0.000030
0.008304 0.401706 0.262425 0.148714 0.001986 0.176841 0.000025
0.008199 0.400198 0.262403 0.149096 0.001990 0.178087 0.000027
0.008216 0.399429 0.262626 0.148842 0.002003 0.178857 0.000028
0.008181 0.396976 0.263126 0.149238 0.002011 0.180437 0.000031
0.008199 0.394685 0.263687 0.149376 0.002002 0.182020 0.000031
0.008235 0.394160 0.263561 0.149472 0.002055 0.182492 0.000026
0.008162 0.392141 0.263716 0.149733 0.002032 0.184189 0.000027
0.012830 0.390117 0.262438 0.148663 0.002006 0.183917 0.000030
0.016468 0.386553 0.261958 0.148438 0.002040 0.184515 0.000028
0.014650 0.386665 0.262407 0.148842 0.002042 0.185365 0.000029
0.018921 0.384425 0.261045 0.148021 0.002061 0.185499 0.000028
0.017642 0.383271 0.261530 0.148345 0.002067 0.187116 0.000028
0.020561 0.381448 0.260749 0.147879 0.002080 0.187254 0.000030
0.019366 0.381031 0.261136 0.148043 0.002090 0.188305 0.000028
0.015729 0.380624 0.262196 0.148897 0.002096 0.190429 0.000030
0.019322 0.379154 0.261376 0.148022 0.002111 0.189986 0.000029
0.017125 0.377433 0.262136 0.148661 0.002130 0.192485 0.000030
0.020363 0.377853 0.260511 0.147726 0.002121 0.191394 0.000031
0.017500 0.376289 0.261802 0.148459 0.002131 0.193788 0.000032
0.017493 0.376242 0.261651 0.148186 0.002135 0.194264 0.000029
0.017094 0.375971 0.261742 0.148103 0.002111 0.194949 0.000029
0.015170 0.373723 0.263094 0.148715 0.002167 0.197099 0.000031
0.013826 0.372946 0.263324 0.149373 0.002169 0.198331 0.000032
0.012979 0.370868 0.264284 0.149460 0.002203 0.200175 0.000031
0.012783 0.370155 0.264027 0.149703 0.002205 0.201094 0.000033
0.012244 0.368730 0.264714 0.149661 0.002224 0.202396 0.000032
0.011276 0.367938 0.265106 0.150167 0.002209 0.203274 0.000030
0.011473 0.367669 0.264861 0.150092 0.002259 0.203616 0.000031
0.010686 0.365605 0.265648 0.150324 0.002243 0.205460 0.000034
0.011109 0.364435 0.265215 0.150278 0.002279 0.206648 0.000034
0.017877 0.360649 0.263351 0.149461 0.002285 0.206341 0.000036
0.018438 0.359592 0.263358 0.149451 0.002301 0.206824 0.000035
0.020429 0.357386 0.263058 0.148669 0.002283 0.208138 0.000037
0.024348 0.357076 0.261412 0.148221 0.002282 0.206629 0.000033
0.021514 0.357443 0.261912 0.148495 0.002295 0.208306 0.000034
0.020010 0.355214 0.263054 0.148933 0.002321 0.210433 0.000036
0.018300 0.353774 0.264157 0.149472 0.002327 0.211930 0.000039
0.020978 0.352688 0.262803 0.149225 0.002330 0.211939 0.000037
0.020179 0.352454 0.262971 0.149116 0.002337 0.212906 0.000038
0.018131 0.351445 0.263620 0.149618 0.002345 0.214802 0.000038
0.017449 0.349681 0.264504 0.149529 0.002400 0.216397 0.000039
0.026828 0.348782 0.260470 0.147617 0.002368 0.213896 0.000040
0.023876 0.345821 0.262418 0.148913 0.002387 0.216540 0.000045
0.024888 0.344606 0.262042 0.148528 0.002394 0.217498 0.000045
0.024612 0.345190 0.261667 0.148205 0.002390 0.217894 0.000043
0.025342 0.345091 0.261001 0.147857 0.002392 0.218276 0.000041
0.020876 0.342077 0.263590 0.149332 0.002459 0.221624 0.000044
0.025348 0.342742 0.261039 0.148174 0.002418 0.220236 0.000042
0.025296 0.342408 0.261499 0.147817 0.002407 0.220531 0.000042
0.023559 0.342214 0.261434 0.147950 0.002402 0.222400 0.000041
0.020610 0.341994 0.262275 0.148588 0.002456 0.224036 0.000041
0.018026 0.338828 0.263779 0.149336 0.002512 0.227479 0.000040
0.019221 0.339270 0.263197 0.149108 0.002496 0.226667 0.000041
0.017606 0.337922 0.263736 0.149510 0.002509 0.228675 0.000043
0.017458 0.336060 0.263988 0.149185 0.002525 0.230739 0.000044
0.016003 0.335752 0.264332 0.149626 0.002522 0.231726 0.000040
0.016102 0.336651 0.263578 0.149538 0.002526 0.231563 0.000042
0.015646 0.336046 0.263915 0.149289 0.002545 0.232517 0.000042
0.013655 0.333593 0.264974 0.149926 0.002559 0.235252 0.000041
0.013343 0.332683 0.265213 0.150024 0.002583 0.236111 0.000044
0.013031 0.332662 0.265393 0.150453 0.002590 0.235830 0.000041
0.010916 0.328438 0.266884 0.151354 0.002624 0.239743 0.000042
0.011739 0.330207 0.265201 0.150455 0.002591 0.239763 0.000044
0.010349 0.326345 0.267066 0.151553 0.002635 0.242001 0.000051
0.010257 0.324023 0.267444 0.151561 0.002618 0.244053 0.000044
0.010236 0.324536 0.266988 0.151259 0.002631 0.244305 0.000044
0.010278 0.324368 0.266857 0.151238 0.002601 0.244615 0.000043
0.009892 0.322444 0.267273 0.151541 0.002667 0.246134 0.000050
0.009520 0.320621 0.267790 0.151616 0.002680 0.247724 0.000049
0.009519 0.320227 0.267739 0.151378 0.002666 0.248421 0.000050
0.009534 0.318571 0.267624 0.151599 0.002686 0.249939 0.000047
0.009343 0.317570 0.267541 0.151678 0.002715 0.251101 0.000052
0.009089 0.316444 0.267690 0.151708 0.002713 0.252309 0.000046
0.008616 0.313764 0.268366 0.152030 0.002716 0.254460 0.000049
0.008639 0.312300 0.268659 0.152007 0.002761 0.255591 0.000044
0.008772 0.313118 0.268017 0.151916 0.002734 0.255394 0.000050
0.008529 0.310194 0.268701 0.152180 0.002757 0.257586 0.000052
0.008278 0.308153 0.269076 0.152305 0.002749 0.259386 0.000053
0.008607 0.308324 0.268954 0.152062 0.002773 0.259234 0.000048
0.008563 0.307801 0.268456 0.152122 0.002765 0.260239 0.000055
0.008617 0.306290 0.268614 0.152029 0.002771 0.261628 0.000050
0.008459 0.304743 0.268759 0.152213 0.002797 0.262977 0.000052
0.008358 0.304577 0.268893 0.152002 0.002821 0.263300 0.000050
0.008443 0.303595 0.268475 0.151874 0.002813 0.264748 0.000052
0.008315 0.301388 0.268723 0.152229 0.002837 0.266454 0.000052
0.008312 0.300898 0.268761 0.152239 0.002808 0.266927 0.000055
0.008286 0.299479 0.268793 0.152213 0.002807 0.268365 0.000057
0.008327 0.299122 0.268553 0.152240 0.002838 0.268866 0.000054
0.008398 0.297755 0.268192 0.152145 0.002888 0.270568 0.000053
0.008462 0.297306 0.268182 0.151737 0.002890 0.271364 0.000059
0.008273 0.295107 0.268620 0.152047 0.002861 0.273041 0.000050
0.008307 0.294654 0.268198 0.152036 0.002900 0.273850 0.000056
0.008326 0.294606 0.268364 0.151560 0.002912 0.274176 0.000057
0.008297 0.292308 0.268402 0.151836 0.002928 0.276175 0.000054
0.008173 0.291089 0.268857 0.152225 0.002909 0.276689 0.000058
0.008141 0.289624 0.268935 0.152143 0.002935 0.278163 0.000058
0.008195 0.289474 0.268551 0.151733 0.002940 0.279049 0.000057
0.008331 0.289364 0.268150 0.151920 0.002949 0.279227 0.000058
0.008069 0.286974 0.268759 0.152098 0.002992 0.281050 0.000059
0.008254 0.287369 0.267880 0.151811 0.002958 0.281663 0.000065
0.008076 0.284142 0.268835 0.151950 0.002956 0.283979 0.000063
0.008172 0.283435 0.268587 0.151629 0.003006 0.285107 0.000063
0.008138 0.283691 0.268414 0.151742 0.003024 0.284925 0.000066
0.008109 0.280651 0.268669 0.151939 0.003016 0.287555 0.000062
0.008199 0.281737 0.268047 0.151270 0.002990 0.287693 0.000065
0.008125 0.279747 0.268469 0.151794 0.003005 0.288797 0.000063
0.008181 0.279679 0.268202 0.151586 0.003046 0.289242 0.000065
0.008118 0.277424 0.268151 0.151579 0.003037 0.291623 0.000067
0.008133 0.276749 0.268159 0.151386 0.003067 0.292441 0.000066
0.008225 0.277756 0.267642 0.151256 0.003060 0.291998 0.000064
0.008180 0.275218 0.268129 0.151380 0.003057 0.293975 0.000062
0.008261 0.275356 0.267467 0.151015 0.003091 0.294744 0.000065
0.008213 0.273052 0.267840 0.151463 0.003071 0.296293 0.000068
0.008287 0.272265 0.267445 0.151322 0.003104 0.297510 0.000067
0.008299 0.272390 0.267362 0.151251 0.003100 0.297527 0.000070
0.008243 0.269970 0.267660 0.151245 0.003179 0.299636 0.000066
0.008253 0.269184 0.267883 0.151132 0.003156 0.300329 0.000064
0.008304 0.268044 0.267548 0.151077 0.003130 0.301831 0.000066
0.008362 0.267468 0.267354 0.150986 0.003197 0.302567 0.000066
0.008291 0.265852 0.267430 0.151197 0.003170 0.303995 0.000065
0.008399 0.266800 0.266762 0.150837 0.003173 0.303961 0.000068
0.008333 0.265537 0.266566 0.151021 0.003217 0.305253 0.000074
0.008288 0.263449 0.267118 0.151120 0.003228 0.306728 0.000071
0.008333 0.263125 0.266869 0.150864 0.003185 0.307555 0.000068
0.008347 0.262799 0.266561 0.150759 0.003227 0.308234 0.000074
0.008379 0.261900 0.266292 0.150523 0.003224 0.309608 0.000075
0.008376 0.260471 0.266219 0.150555 0.003242 0.311070 0.000065
0.008376 0.260029 0.266344 0.150544 0.003223 0.311406 0.000078
0.008316 0.258706 0.266228 0.150594 0.003276 0.312805 0.000075
0.008372 0.258215 0.265903 0.150621 0.003267 0.313549 0.000073
0.008438 0.257351 0.265906 0.150618 0.003307 0.314308 0.000072
0.008427 0.255801 0.265723 0.150237 0.003332 0.316408 0.000072
0.008511 0.255304 0.265710 0.150220 0.003309 0.316876 0.000071
0.008542 0.254374 0.265193 0.150131 0.003294 0.318395 0.000071
0.008533 0.253286 0.265362 0.150399 0.003314 0.319027 0.000080
0.008600 0.252400 0.265173 0.150154 0.003289 0.320309 0.000076
0.008634 0.251999 0.264958 0.149969 0.003347 0.321014 0.000079
0.008503 0.249787 0.265363 0.149833 0.003335 0.323104 0.000075
0.008570 0.251677 0.264373 0.150037 0.003350 0.321914 0.000077
0.008618 0.248855 0.264508 0.149901 0.003348 0.324695 0.000075
0.008632 0.248626 0.264473 0.149932 0.003362 0.324901 0.000074
0.008673 0.247676 0.264500 0.149742 0.003405 0.325922 0.000081
0.008637 0.246386 0.264328 0.149749 0.003322 0.327493 0.000085
0.008676 0.247200 0.263904 0.149734 0.003365 0.327038 0.000083
0.008640 0.244112 0.264307 0.149537 0.003379 0.329945 0.000080
0.008713 0.243707 0.263634 0.149335 0.003380 0.331151 0.000082
0.008700 0.243698 0.264127 0.149285 0.003397 0.330711 0.000082
0.008789 0.242997 0.263325 0.149353 0.003419 0.332028 0.000090
0.008773 0.242263 0.263255 0.148967 0.003391 0.333264 0.000086
0.008792 0.241342 0.262986 0.148846 0.003377 0.334578 0.000078
0.008773 0.239815 0.263152 0.148914 0.003412 0.335850 0.000084
0.008836 0.240189 0.263158 0.148687 0.003425 0.335623 0.000081
0.008862 0.238585 0.263047 0.148839 0.003435 0.337146 0.000086
0.008847 0.237917 0.262946 0.148971 0.003369 0.337865 0.000085
0.008880 0.236862 0.263119 0.148608 0.003468 0.338977 0.000086
0.008922 0.236081 0.262642 0.148644 0.003430 0.340196 0.000085
0.008878 0.235671 0.262530 0.148397 0.003420 0.341015 0.000088
0.008896 0.234684 0.262198 0.148584 0.003497 0.342052 0.000088
0.008947 0.234055 0.262082 0.148289 0.003433 0.343104 0.000090
0.008991 0.233047 0.261935 0.148103 0.003485 0.344345 0.000094
0.008955 0.232376 0.262058 0.148273 0.003484 0.344766 0.000087
0.009034 0.232151 0.261734 0.147871 0.003507 0.345611 0.000093
0.009051 0.230064 0.261452 0.147899 0.003469 0.347980 0.000083
0.009076 0.229332 0.261555 0.147546 0.003503 0.348899 0.000089
0.009043 0.229171 0.261352 0.147551 0.003532 0.349252 0.000097
0.009076 0.228865 0.261176 0.147432 0.003522 0.349839 0.000090
0.009137 0.227299 0.260713 0.147427 0.003506 0.351827 0.000092
0.009149 0.226979 0.260847 0.147379 0.003564 0.351987 0.000095
0.009174 0.226408 0.260539 0.147253 0.003546 0.352985 0.000094
0.009148 0.225936 0.260238 0.147184 0.003592 0.353811 0.000091
0.009190 0.224153 0.260273 0.146826 0.003572 0.355893 0.000093
0.009237 0.225681 0.259817 0.146725 0.003578 0.354864 0.000098
0.009238 0.222774 0.260228 0.146830 0.003576 0.357265 0.000090
0.009270 0.223151 0.259829 0.146419 0.003544 0.357695 0.000092
0.009285 0.221883 0.259451 0.146395 0.003623 0.359267 0.000096
0.009334 0.220881 0.259310 0.146671 0.003567 0.360146 0.000089
0.009367 0.220847 0.258813 0.146243 0.003641 0.360992 0.000097
0.009439 0.219839 0.258787 0.146002 0.003640 0.362198 0.000095
0.009409 0.219218 0.258374 0.146096 0.003634 0.363175 0.000094
0.009431 0.218365 0.258405 0.145749 0.003614 0.364339 0.000097
0.009488 0.217965 0.258153 0.145669 0.003643 0.364982 0.000099
0.009490 0.217576 0.258139 0.145623 0.003691 0.365382 0.000100
0.009557 0.216887 0.257909 0.145524 0.003649 0.366378 0.000097
0.009531 0.215896 0.257774 0.145730 0.003678 0.367291 0.000099
0.009549 0.215508 0.257417 0.145448 0.003652 0.368331 0.000095
0.009597 0.214290 0.257492 0.145165 0.003689 0.369671 0.000095
0.009573 0.215205 0.257340 0.145221 0.003672 0.368890 0.000099
0.009635 0.213359 0.256738 0.145151 0.003730 0.371286 0.000101
0.009721 0.214122 0.256287 0.144867 0.003721 0.371179 0.000103
0.009741 0.212061 0.256420 0.144699 0.003678 0.373299 0.000102
0.009660 0.211253 0.256255 0.144716 0.003726 0.374292 0.000098
0.009770 0.210306 0.255854 0.144660 0.003736 0.375574 0.000099
0.009717 0.210102 0.255945 0.144414 0.003717 0.376008 0.000097
0.009788 0.208443 0.255529 0.144328 0.003745 0.378067 0.000100
0.009801 0.208156 0.255852 0.144559 0.003722 0.377809 0.000101
0.009805 0.207058 0.255348 0.144258 0.003737 0.379691 0.000104
0.009785 0.207031 0.254776 0.143850 0.003741 0.380722 0.000097
0.009890 0.206920 0.254620 0.143799 0.003764 0.380901 0.000106
0.009963 0.205724 0.254485 0.143815 0.003801 0.382105 0.000107
0.009884 0.205245 0.254646 0.143705 0.003740 0.382674 0.000105
0.009933 0.204590 0.253710 0.143580 0.003780 0.384308 0.000100
0.009972 0.205115 0.253471 0.143247 0.003791 0.384302 0.000101
0.010002 0.202768 0.253524 0.143333 0.003789 0.386479 0.000104
0.010034 0.203626 0.253258 0.143163 0.003764 0.386044 0.000112
0.009983 0.202061 0.253470 0.142915 0.003801 0.387658 0.000112
0.010096 0.201196 0.252827 0.142809 0.003798 0.389164 0.000110
0.010105 0.201538 0.252831 0.142585 0.003848 0.388987 0.000104
0.010063 0.199558 0.252246 0.142929 0.003830 0.391265 0.000109
0.010102 0.198539 0.252540 0.142656 0.003866 0.392187 0.000109
0.010161 0.199320 0.252009 0.142461 0.003838 0.392106 0.000105
0.010161 0.198502 0.251678 0.142320 0.003883 0.393344 0.000111
0.010205 0.197167 0.251641 0.142478 0.003872 0.394532 0.000106
0.010225 0.197418 0.251121 0.142324 0.003888 0.394922 0.000103
0.010276 0.197076 0.251140 0.141845 0.003904 0.395652 0.000107
0.010304 0.196812 0.251066 0.141883 0.003865 0.395963 0.000107
0.010256 0.195529 0.250836 0.141793 0.003895 0.397581 0.000111
0.010304 0.194574 0.250263 0.141528 0.003895 0.399327 0.000108
0.010327 0.194480 0.250250 0.141420 0.003900 0.399503 0.000121
0.010417 0.193528 0.249846 0.141264 0.003914 0.400920 0.000111
0.010500 0.192581 0.249997 0.141347 0.003907 0.401550 0.000118
0.010435 0.193366 0.249347 0.140986 0.003948 0.401804 0.000115
0.010542 0.191732 0.249385 0.140930 0.003938 0.403359 0.000114
0.010504 0.190665 0.248904 0.140913 0.003975 0.404926 0.000112
0.010524 0.191341 0.249065 0.140663 0.003943 0.404341 0.000123
0.010559 0.189632 0.248880 0.140184 0.003989 0.406642 0.000113
0.010604 0.190208 0.248543 0.140431 0.003955 0.406141 0.000117
0.010612 0.189416 0.248342 0.140180 0.003983 0.407352 0.000114
0.010641 0.188518 0.248192 0.140122 0.003994 0.408418 0.000116
0.010642 0.187790 0.248028 0.140028 0.004001 0.409388 0.000123
0.010688 0.186726 0.247649 0.139661 0.003980 0.411176 0.000118
0.010788 0.186695 0.247374 0.139918 0.003995 0.411108 0.000122
0.010804 0.186594 0.246744 0.139546 0.004007 0.412189 0.000115
0.010808 0.186096 0.246387 0.139563 0.004023 0.413005 0.000118
0.010865 0.184789 0.246337 0.139457 0.004054 0.414369 0.000129
0.010879 0.184659 0.246115 0.139074 0.004051 0.415102 0.000120
0.010829 0.183989 0.245914 0.139124 0.004006 0.416019 0.000120
0.011039 0.183430 0.245821 0.139058 0.004092 0.416434 0.000126
0.011007 0.183555 0.245798 0.138872 0.004053 0.416601 0.000113
0.010968 0.182610 0.245643 0.138660 0.004064 0.417931 0.000123
0.010983 0.180961 0.244942 0.138354 0.004086 0.420547 0.000128
0.011160 0.181430 0.244741 0.138072 0.004055 0.420426 0.000116
0.011115 0.181929 0.244589 0.138169 0.004058 0.420016 0.000123
0.011099 0.180167 0.244338 0.138213 0.004121 0.421936 0.000126
0.011092 0.180155 0.244281 0.138081 0.004126 0.422135 0.000131
0.011111 0.179778 0.244322 0.137897 0.004070 0.422697 0.000125
0.011100 0.178736 0.243627 0.137763 0.004055 0.424593 0.000126
0.011150 0.177668 0.243499 0.137417 0.004131 0.426009 0.000125
0.011148 0.178702 0.243123 0.137389 0.004129 0.425389 0.000121
0.011181 0.177878 0.242961 0.137269 0.004138 0.426441 0.000131
0.011341 0.176415 0.242860 0.137198 0.004159 0.427892 0.000135
0.011264 0.176418 0.242821 0.137160 0.004135 0.428077 0.000125
0.011279 0.176335 0.242599 0.136885 0.004164 0.428607 0.000132
0.011308 0.175832 0.242133 0.136361 0.004120 0.430114 0.000132
0.011360 0.175680 0.242080 0.136323 0.004105 0.430320 0.000132
0.011455 0.174309 0.241320 0.136210 0.004168 0.432403 0.000135
0.011502 0.174727 0.241269 0.136163 0.004190 0.432022 0.000128
0.011491 0.173623 0.241055 0.136190 0.004205 0.433306 0.000130
0.011442 0.172932 0.240509 0.135855 0.004164 0.434966 0.000132
0.011519 0.172965 0.240916 0.135771 0.004153 0.434551 0.000126
0.011534 0.171547 0.240035 0.135736 0.004200 0.436817 0.000131
0.011624 0.171960 0.240038 0.135508 0.004196 0.436539 0.000134
0.011656 0.171263 0.239546 0.135392 0.004176 0.437829 0.000137
0.011553 0.170210 0.239502 0.135034 0.004224 0.439346 0.000132
0.011653 0.170693 0.239293 0.135072 0.004235 0.438917 0.000137
0.011657 0.169718 0.238894 0.134618 0.004239 0.440740 0.000134
0.011648 0.168564 0.238534 0.134738 0.004214 0.442154 0.000147
0.011733 0.168841 0.238620 0.134739 0.004202 0.441731 0.000135
0.011762 0.167578 0.238218 0.134439 0.004218 0.443646 0.000138
0.011803 0.167812 0.237893 0.134232 0.004223 0.443895 0.000143
0.011886 0.167234 0.237788 0.134285 0.004241 0.444424 0.000142
0.011893 0.166484 0.237583 0.134046 0.004248 0.445606 0.000141
0.011844 0.165723 0.237524 0.134053 0.004296 0.446416 0.000144
0.011924 0.165209 0.237305 0.133696 0.004221 0.447504 0.000142
0.011910 0.165324 0.236725 0.133760 0.004286 0.447852 0.000143
0.011981 0.164988 0.236584 0.133804 0.004282 0.448217 0.000143
0.011980 0.165003 0.236521 0.133131 0.004264 0.448959 0.000141
0.011986 0.164371 0.235885 0.133143 0.004284 0.450184 0.000147
0.012085 0.164892 0.235733 0.132962 0.004254 0.449928 0.000145
0.012183 0.162460 0.235489 0.132926 0.004321 0.452479 0.000143
0.012122 0.162477 0.235062 0.132772 0.004307 0.453108 0.000152
0.012220 0.161556 0.235212 0.132542 0.004249 0.454076 0.000146
0.012181 0.160825 0.234907 0.132013 0.004298 0.455622 0.000154
0.012231 0.162326 0.234510 0.132234 0.004308 0.454240 0.000151
0.012301 0.160493 0.234150 0.131753 0.004308 0.456845 0.000149
0.012294 0.160473 0.234120 0.131978 0.004327 0.456654 0.000154
0.012371 0.159320 0.233410 0.131683 0.004344 0.458714 0.000157
0.012460 0.159216 0.233464 0.131531 0.004327 0.458865 0.000138
0.012379 0.158471 0.233220 0.131451 0.004315 0.460006 0.000158
0.012421 0.158791 0.232949 0.131576 0.004310 0.459802 0.000151
0.012544 0.158140 0.232473 0.131212 0.004385 0.461080 0.000166
0.012553 0.157671 0.232559 0.131135 0.004363 0.461559 0.000161
0.012595 0.157414 0.232154 0.131176 0.004331 0.462169 0.000162
0.012626 0.156337 0.231741 0.130503 0.004370 0.464267 0.000156
0.012629 0.156647 0.231457 0.130396 0.004393 0.464318 0.000160
0.012670 0.155654 0.231551 0.130607 0.004424 0.464927 0.000167
0.012700 0.156004 0.230913 0.130670 0.004393 0.465155 0.000165
0.012765 0.155623 0.230803 0.130184 0.004405 0.466069 0.000151
0.012868 0.154137 0.230207 0.129945 0.004404 0.468280 0.000159
0.012812 0.155121 0.230287 0.130026 0.004381 0.467207 0.000166
0.012923 0.154140 0.229901 0.129591 0.004436 0.468850 0.000159
0.012950 0.152876 0.229515 0.129468 0.004406 0.470611 0.000174
0.012942 0.153140 0.229434 0.129391 0.004404 0.470524 0.000165
0.013068 0.152687 0.229216 0.129221 0.004407 0.471245 0.000156
0.013167 0.151983 0.228605 0.128959 0.004415 0.472707 0.000164
0.013175 0.151534 0.228215 0.128560 0.004456 0.473904 0.000157
0.013347 0.151096 0.228136 0.128636 0.004433 0.474189 0.000164
0.013246 0.151691 0.228156 0.128781 0.004434 0.473525 0.000168
0.013277 0.150174 0.227492 0.128301 0.004418 0.476174 0.000164
0.013344 0.150042 0.227743 0.128415 0.004417 0.475869 0.000170
0.013368 0.149782 0.227099 0.128367 0.004477 0.476743 0.000165
0.013398 0.149688 0.226834 0.128145 0.004443 0.477323 0.000170
0.013468 0.149162 0.226945 0.127975 0.004434 0.477846 0.000170
0.013441 0.148802 0.226605 0.128017 0.004479 0.478492 0.000166
0.013530 0.148163 0.226101 0.127625 0.004446 0.479967 0.000168
0.013438 0.148101 0.225928 0.127514 0.004488 0.480345 0.000185
0.013614 0.147909 0.225574 0.127303 0.004466 0.480960 0.000174
0.013550 0.147312 0.225335 0.127141 0.004450 0.482041 0.000171
0.013577 0.147555 0.225275 0.126985 0.004484 0.481948 0.000176
0.013721 0.147096 0.224588 0.127050 0.004508 0.482867 0.000170
0.013698 0.146522 0.224390 0.126824 0.004525 0.483857 0.000183
0.013650 0.145728 0.224086 0.126560 0.004545 0.485255 0.000175
0.013777 0.145626 0.223918 0.126434 0.004543 0.485528 0.000174
0.013835 0.145339 0.223645 0.126305 0.004519 0.486178 0.000179
0.013795 0.145141 0.223466 0.126241 0.004532 0.486645 0.000180
0.013901 0.143923 0.222582 0.126069 0.004546 0.488802 0.000176
0.013903 0.144039 0.222553 0.125665 0.004564 0.489105 0.000172
0.013952 0.143420 0.222582 0.125247 0.004532 0.490084 0.000182
0.013961 0.143517 0.222603 0.125686 0.004517 0.489542 0.000174
0.013945 0.142472 0.221665 0.125171 0.004570 0.491996 0.000181
0.013951 0.142431 0.221798 0.125161 0.004578 0.491904 0.000177
0.013942 0.142527 0.221364 0.124824 0.004527 0.492639 0.000177
0.013960 0.141650 0.221511 0.124849 0.004547 0.493296 0.000188
0.013956 0.141094 0.221042 0.124709 0.004596 0.494421 0.000183
0.013985 0.141057 0.220748 0.124484 0.004560 0.494986 0.000181
0.014121 0.140916 0.220959 0.124473 0.004584 0.494765 0.000182
0.014155 0.140429 0.220499 0.124267 0.004563 0.495902 0.000185
0.014219 0.140310 0.220417 0.123927 0.004542 0.496410 0.000175
0.014196 0.139879 0.219806 0.124045 0.004555 0.497337 0.000182
0.014328 0.138915 0.219364 0.123681 0.004605 0.498924 0.000183
0.014433 0.138455 0.218689 0.123677 0.004618 0.499940 0.000187
0.014338 0.139014 0.219318 0.123121 0.004616 0.499407 0.000186
0.014326 0.138431 0.218765 0.123319 0.004633 0.500348 0.000178
0.014363 0.137831 0.218354 0.123212 0.004611 0.501440 0.000189
0.014472 0.137378 0.218011 0.123017 0.004630 0.502313 0.000179
0.014532 0.137521 0.217989 0.123057 0.004665 0.502041 0.000196
0.014540 0.137090 0.217385 0.122932 0.004588 0.503281 0.000183
0.014616 0.136623 0.217065 0.122434 0.004646 0.504427 0.000189
0.014723 0.136050 0.216523 0.122339 0.004616 0.505562 0.000186
0.014699 0.136328 0.216652 0.122075 0.004652 0.505415 0.000180
0.014628 0.135876 0.216662 0.121838 0.004664 0.506140 0.000190
0.014659 0.135420 0.216417 0.121770 0.004676 0.506863 0.000194
0.014809 0.134607 0.215477 0.121367 0.004687 0.508847 0.000208
0.014864 0.134782 0.215465 0.121504 0.004668 0.508517 0.000201
0.014817 0.134694 0.215344 0.121372 0.004689 0.508896 0.000188
0.014819 0.134189 0.215130 0.121272 0.004651 0.509743 0.000197
0.014954 0.133000 0.214664 0.120874 0.004620 0.511705 0.000184
0.014945 0.133549 0.214703 0.120844 0.004624 0.511133 0.000203
