0.973389 0.025996 0.000384 0.000226 0.000000 0.000006 0.000000
0.947973 0.050752 0.000791 0.000462 0.000000 0.000021 0.000000
0.940265 0.058249 0.000920 0.000547 0.000000 0.000019 0.000000
0.931801 0.066426 0.001124 0.000627 0.000000 0.000022 0.000000
0.925925 0.072148 0.001203 0.000693 0.000000 0.000031 0.000000
0.916087 0.081671 0.001404 0.000801 0.000000 0.000038 0.000000
0.906189 0.091240 0.001601 0.000924 0.000000 0.000046 0.000000
0.896265 0.100862 0.001790 0.001039 0.000000 0.000045 0.000000
0.884714 0.112043 0.002044 0.001153 0.000000 0.000047 0.000000
0.873226 0.123075 0.002323 0.001315 0.000000 0.000061 0.000000
0.860720 0.135155 0.002591 0.001464 0.000000 0.000070 0.000000
0.848264 0.147203 0.002836 0.001610 0.000000 0.000088 0.000000
0.834856 0.160073 0.003187 0.001781 0.000000 0.000103 0.000000
0.821484 0.172885 0.003523 0.001992 0.000000 0.000116 0.000000
0.807594 0.186213 0.003859 0.002201 0.000000 0.000134 0.000000
0.792371 0.200756 0.004286 0.002437 0.000001 0.000149 0.000000
0.779094 0.213466 0.004634 0.002648 0.000001 0.000156 0.000000
0.763581 0.228254 0.005085 0.002911 0.000001 0.000167 0.000000
0.748027 0.243076 0.005508 0.003211 0.000002 0.000177 0.000000
0.736572 0.254000 0.005844 0.003383 0.000002 0.000199 0.000000
0.721442 0.268395 0.006296 0.003629 0.000000 0.000237 0.000002
0.708167 0.281000 0.006758 0.003813 0.000000 0.000261 0.000002
0.692766 0.295535 0.007271 0.004136 0.000000 0.000290 0.000001
0.678406 0.309100 0.007774 0.004397 0.000000 0.000321 0.000002
0.663916 0.322729 0.008277 0.004738 0.000001 0.000338 0.000001
0.648655 0.336963 0.008872 0.005142 0.000003 0.000363 0.000002
0.636189 0.348518 0.009418 0.005478 0.000005 0.000390 0.000001
0.621709 0.361981 0.010046 0.005836 0.000007 0.000420 0.000001
0.609053 0.373803 0.010546 0.006128 0.000007 0.000462 0.000001
0.594239 0.387531 0.011243 0.006497 0.000006 0.000482 0.000002
0.582343 0.398473 0.011864 0.006811 0.000008 0.000500 0.000001
0.570674 0.409175 0.012443 0.007173 0.000009 0.000524 0.000001
0.556040 0.422662 0.013155 0.007567 0.000010 0.000566 0.000001
0.542072 0.435314 0.014007 0.007996 0.000011 0.000599 0.000001
0.531825 0.444616 0.014567 0.008343 0.000011 0.000637 0.000001
0.518343 0.456763 0.015375 0.008817 0.000012 0.000689 0.000001
0.508328 0.465756 0.015985 0.009179 0.000011 0.000741 0.000001
0.491812 0.480628 0.016982 0.009765 0.000011 0.000801 0.000001
0.484643 0.486934 0.017490 0.010087 0.000013 0.000833 0.000001
0.471756 0.498380 0.018396 0.010553 0.000013 0.000902 0.000001
0.461629 0.507184 0.019174 0.011050 0.000013 0.000949 0.000001
0.451479 0.515953 0.020067 0.011486 0.000013 0.001001 0.000001
0.438431 0.527305 0.021081 0.012087 0.000013 0.001082 0.000001
0.428351 0.535887 0.021971 0.012627 0.000013 0.001150 0.000001
0.417702 0.544952 0.022910 0.013170 0.000014 0.001252 0.000001
0.409611 0.551611 0.023788 0.013641 0.000017 0.001331 0.000001
0.398382 0.561239 0.024760 0.014171 0.000018 0.001430 0.000001
0.390996 0.567123 0.025661 0.014677 0.000019 0.001523 0.000001
0.380353 0.575957 0.026794 0.015265 0.000020 0.001610 0.000001
0.372767 0.581978 0.027705 0.015818 0.000023 0.001708 0.000001
0.363424 0.589713 0.028695 0.016385 0.000025 0.001757 0.000001
0.355209 0.596356 0.029661 0.016874 0.000024 0.001875 0.000001
0.346581 0.602875 0.030847 0.017654 0.000026 0.002016 0.000001
0.339546 0.608046 0.031976 0.018256 0.000026 0.002149 0.000001
0.332032 0.613936 0.032984 0.018766 0.000032 0.002250 0.000001
0.324329 0.619484 0.034212 0.019541 0.000033 0.002400 0.000001
0.321153 0.621407 0.034943 0.019952 0.000039 0.002506 0.000001
0.311614 0.628758 0.036292 0.020658 0.000039 0.002638 0.000001
0.304396 0.633812 0.037587 0.021326 0.000041 0.002836 0.000001
0.296729 0.639355 0.038852 0.022027 0.000042 0.002995 0.000001
0.289051 0.644975 0.040043 0.022762 0.000044 0.003124 0.000000
0.286167 0.646363 0.040891 0.023285 0.000042 0.003251 0.000001
0.281638 0.649347 0.041772 0.023823 0.000043 0.003378 0.000000
0.273064 0.655114 0.043428 0.024734 0.000048 0.003612 0.000000
0.269403 0.656984 0.044465 0.025353 0.000052 0.003742 0.000001
0.259794 0.664010 0.046042 0.026138 0.000056 0.003958 0.000000
0.258622 0.663380 0.046984 0.026808 0.000056 0.004149 0.000001
0.247800 0.671247 0.048740 0.027777 0.000062 0.004373 0.000001
0.248224 0.669936 0.049219 0.028059 0.000059 0.004502 0.000001
0.242494 0.672919 0.050896 0.028887 0.000063 0.004741 0.000001
0.234678 0.677749 0.052665 0.029819 0.000064 0.005024 0.000001
0.231817 0.678191 0.053946 0.030691 0.000066 0.005288 0.000001
0.226618 0.680872 0.055425 0.031487 0.000069 0.005529 0.000001
0.222981 0.683001 0.056366 0.031925 0.000070 0.005656 0.000001
0.218847 0.684481 0.057760 0.032900 0.000073 0.005937 0.000001
0.211899 0.688095 0.059691 0.033984 0.000073 0.006257 0.000001
0.208771 0.689064 0.060858 0.034720 0.000080 0.006507 0.000001
0.201602 0.693342 0.062621 0.035603 0.000080 0.006751 0.000001
0.200301 0.692788 0.063669 0.036123 0.000095 0.007023 0.000001
0.197191 0.693713 0.064985 0.036764 0.000091 0.007255 0.000001
0.193881 0.694584 0.066231 0.037623 0.000094 0.007586 0.000001
0.190400 0.695238 0.067869 0.038512 0.000095 0.007885 0.000001
0.182706 0.699846 0.069576 0.039548 0.000100 0.008222 0.000001
0.179288 0.700528 0.071167 0.040338 0.000101 0.008577 0.000001
0.179445 0.698982 0.071842 0.040800 0.000106 0.008826 0.000000
0.175537 0.700290 0.073355 0.041624 0.000111 0.009082 0.000000
0.169537 0.702682 0.075294 0.042862 0.000114 0.009510 0.000001
0.165769 0.704558 0.076297 0.043454 0.000122 0.009799 0.000001
0.169156 0.699407 0.077301 0.043885 0.000123 0.010127 0.000001
0.163146 0.701396 0.079543 0.045209 0.000127 0.010578 0.000000
0.155438 0.706144 0.081289 0.046106 0.000142 0.010881 0.000000
0.154338 0.704788 0.082565 0.046911 0.000148 0.011249 0.000001
0.159443 0.699202 0.082741 0.047063 0.000150 0.011399 0.000001
0.151250 0.702851 0.085342 0.048427 0.000149 0.011981 0.000001
0.149807 0.702313 0.086321 0.049098 0.000159 0.012302 0.000001
0.141176 0.705924 0.089153 0.050619 0.000170 0.012956 0.000001
0.141713 0.702867 0.090503 0.051398 0.000170 0.013348 0.000001
0.142702 0.700250 0.091314 0.051881 0.000176 0.013676 0.000001
0.137429 0.702121 0.093186 0.052975 0.000178 0.014110 0.000000
0.138564 0.699806 0.093750 0.053284 0.000183 0.014413 0.000001
0.135610 0.700067 0.095363 0.053993 0.000181 0.014785 0.000000
0.133642 0.698132 0.097301 0.055325 0.000192 0.015407 0.000001
0.130905 0.699620 0.098004 0.055758 0.000196 0.015516 0.000001
0.132254 0.695327 0.099684 0.056483 0.000207 0.016044 0.000001
0.130631 0.694362 0.101023 0.057285 0.000213 0.016486 0.000000
0.127235 0.695317 0.102320 0.057947 0.000212 0.016968 0.000001
0.130532 0.691009 0.102748 0.058234 0.000220 0.017256 0.000001
0.123312 0.692924 0.105673 0.059800 0.000224 0.018066 0.000001
0.123384 0.691657 0.106122 0.060234 0.000233 0.018370 0.000000
0.121656 0.692466 0.106444 0.060587 0.000238 0.018609 0.000000
0.116977 0.693104 0.108660 0.061723 0.000235 0.019302 0.000000
0.117178 0.690148 0.110112 0.062499 0.000249 0.019812 0.000001
0.107703 0.694637 0.112708 0.064102 0.000252 0.020598 0.000001
0.108721 0.691983 0.113618 0.064376 0.000266 0.021036 0.000001
0.103098 0.693215 0.115920 0.065795 0.000262 0.021709 0.000001
0.102282 0.692809 0.116554 0.066067 0.000272 0.022015 0.000001
0.099471 0.691815 0.118327 0.067372 0.000294 0.022719 0.000001
0.090824 0.695966 0.120766 0.068705 0.000309 0.023430 0.000001
0.089138 0.695175 0.122015 0.069397 0.000307 0.023967 0.000001
0.085933 0.694120 0.124143 0.070596 0.000331 0.024876 0.000001
0.084554 0.695177 0.124483 0.070574 0.000317 0.024893 0.000001
0.082844 0.693450 0.126039 0.071597 0.000336 0.025733 0.000001
0.078313 0.694068 0.128089 0.072839 0.000342 0.026349 0.000001
0.074200 0.692914 0.130882 0.074411 0.000361 0.027232 0.000001
0.072635 0.693952 0.131055 0.074456 0.000343 0.027558 0.000001
0.071164 0.690941 0.133379 0.075713 0.000357 0.028445 0.000001
0.066440 0.691031 0.135801 0.077101 0.000363 0.029263 0.000001
0.065356 0.689325 0.137208 0.077972 0.000377 0.029761 0.000001
0.061863 0.688517 0.139554 0.079008 0.000378 0.030679 0.000001
0.063214 0.684646 0.140725 0.079874 0.000389 0.031150 0.000003
0.061672 0.685262 0.141040 0.080089 0.000396 0.031539 0.000002
0.063727 0.680741 0.142072 0.080799 0.000411 0.032245 0.000004
0.061575 0.679090 0.143972 0.081899 0.000420 0.033041 0.000003
0.057397 0.678697 0.146400 0.083053 0.000419 0.034033 0.000002
0.059518 0.672878 0.148315 0.084075 0.000442 0.034769 0.000002
0.061269 0.672272 0.147461 0.083674 0.000448 0.034871 0.000004
0.057199 0.672323 0.149398 0.084893 0.000453 0.035730 0.000004
0.056691 0.668579 0.151610 0.085885 0.000467 0.036764 0.000003
0.053904 0.667963 0.153376 0.086790 0.000469 0.037493 0.000004
0.053837 0.665904 0.154249 0.087528 0.000486 0.037993 0.000003
0.054126 0.663338 0.155070 0.088061 0.000494 0.038908 0.000004
0.050454 0.662466 0.157504 0.089262 0.000509 0.039802 0.000003
0.048533 0.661536 0.158929 0.090006 0.000519 0.040474 0.000002
0.051213 0.659292 0.158504 0.089854 0.000537 0.040596 0.000004
0.045258 0.657286 0.162743 0.091928 0.000542 0.042239 0.000003
0.051283 0.651933 0.162090 0.091624 0.000540 0.042525 0.000005
0.054392 0.648132 0.162283 0.091822 0.000545 0.042821 0.000004
0.050298 0.648875 0.163807 0.092896 0.000553 0.043566 0.000005
0.050916 0.647454 0.164208 0.092861 0.000567 0.043992 0.000004
0.048829 0.646040 0.165835 0.093834 0.000575 0.044883 0.000005
0.047519 0.643197 0.167722 0.094877 0.000592 0.046090 0.000003
0.048192 0.641046 0.168365 0.095276 0.000593 0.046523 0.000005
0.042990 0.641237 0.170769 0.096565 0.000604 0.047831 0.000004
0.049918 0.636146 0.169610 0.095890 0.000604 0.047827 0.000005
0.044525 0.636415 0.172148 0.097483 0.000619 0.048806 0.000004
0.045607 0.634077 0.172833 0.097521 0.000630 0.049326 0.000005
0.044671 0.629400 0.175226 0.099213 0.000648 0.050836 0.000006
0.043334 0.629184 0.175906 0.099560 0.000642 0.051369 0.000006
0.046518 0.625560 0.176112 0.099460 0.000666 0.051678 0.000005
0.043006 0.624574 0.178199 0.100499 0.000670 0.053047 0.000005
0.043392 0.622345 0.178668 0.101202 0.000682 0.053707 0.000005
0.044622 0.619686 0.179463 0.101376 0.000702 0.054146 0.000005
0.041585 0.619610 0.180761 0.102249 0.000707 0.055083 0.000004
0.043644 0.616132 0.181466 0.102323 0.000719 0.055710 0.000006
0.038034 0.618836 0.182812 0.103350 0.000717 0.056243 0.000007
0.039598 0.612723 0.184687 0.104353 0.000749 0.057883 0.000007
0.038627 0.611936 0.185435 0.104797 0.000744 0.058456 0.000005
0.039048 0.610354 0.185611 0.104969 0.000752 0.059261 0.000006
0.038214 0.608737 0.187012 0.105608 0.000764 0.059658 0.000007
0.037270 0.605679 0.188293 0.106714 0.000789 0.061247 0.000007
0.036383 0.604636 0.189287 0.107010 0.000782 0.061895 0.000007
0.034133 0.602056 0.191619 0.108339 0.000775 0.063070 0.000008
0.033807 0.603508 0.190769 0.108088 0.000800 0.063022 0.000006
0.034282 0.600142 0.191969 0.108565 0.000821 0.064215 0.000006
0.032771 0.598685 0.193494 0.109172 0.000840 0.065032 0.000007
0.030806 0.598115 0.194351 0.109994 0.000827 0.065900 0.000008
0.031151 0.595527 0.195189 0.110489 0.000830 0.066808 0.000006
0.034203 0.590672 0.196005 0.110629 0.000848 0.067636 0.000007
0.036086 0.588314 0.196009 0.110620 0.000852 0.068109 0.000009
0.035620 0.586636 0.196637 0.111304 0.000847 0.068948 0.000008
0.032236 0.585699 0.198419 0.112421 0.000880 0.070337 0.000008
0.032479 0.582048 0.200167 0.112895 0.000911 0.071491 0.000008
0.032662 0.581444 0.200118 0.113071 0.000911 0.071787 0.000007
0.035471 0.577605 0.200246 0.113278 0.000932 0.072460 0.000008
0.033100 0.576231 0.202421 0.113955 0.000930 0.073353 0.000010
0.028003 0.574236 0.205436 0.115920 0.000932 0.075466 0.000007
0.032293 0.573417 0.203271 0.115004 0.000920 0.075088 0.000007
0.035104 0.568954 0.204031 0.115115 0.000952 0.075835 0.000008
0.033798 0.568038 0.204869 0.115845 0.000978 0.076465 0.000008
0.029259 0.567457 0.206984 0.116878 0.000986 0.078426 0.000009
0.030238 0.564202 0.208069 0.117189 0.001006 0.079289 0.000007
0.029743 0.564702 0.207716 0.117220 0.001018 0.079595 0.000006
0.027790 0.563149 0.209017 0.118230 0.001027 0.080779 0.000007
0.028029 0.560949 0.209825 0.118527 0.001042 0.081621 0.000008
0.027726 0.561553 0.209574 0.118501 0.001030 0.081607 0.000010
0.026030 0.558777 0.211485 0.119416 0.001059 0.083226 0.000007
0.025923 0.555483 0.212740 0.120309 0.001062 0.084475 0.000008
0.023580 0.556251 0.213418 0.120610 0.001059 0.085073 0.000009
0.022392 0.553310 0.215123 0.121679 0.001087 0.086403 0.000007
0.022011 0.551857 0.216070 0.121861 0.001097 0.087095 0.000009
0.021218 0.550705 0.216289 0.122435 0.001098 0.088246 0.000009
0.020080 0.547546 0.218141 0.123327 0.001129 0.089769 0.000008
0.019406 0.545103 0.219412 0.123928 0.001151 0.090992 0.000009
0.019893 0.545474 0.218950 0.123702 0.001162 0.090811 0.000008
0.019123 0.541821 0.220721 0.124418 0.001178 0.092730 0.000008
0.018153 0.540954 0.221447 0.124963 0.001178 0.093298 0.000008
0.018566 0.540649 0.221204 0.124820 0.001186 0.093567 0.000008
0.017559 0.537803 0.222879 0.125375 0.001204 0.095172 0.000008
0.016804 0.536010 0.223942 0.126025 0.001204 0.096007 0.000008
0.016328 0.532508 0.225288 0.126945 0.001219 0.097703 0.000009
0.016003 0.532041 0.225533 0.127229 0.001210 0.097976 0.000009
0.016258 0.531980 0.224992 0.127018 0.001244 0.098501 0.000008
0.015476 0.526919 0.227528 0.128376 0.001250 0.100443 0.000008
0.016125 0.525268 0.227598 0.128562 0.001252 0.101186 0.000008
0.019184 0.520626 0.227977 0.128569 0.001273 0.102365 0.000007
0.020324 0.519396 0.227848 0.128629 0.001275 0.102521 0.000007
0.024701 0.514868 0.227322 0.128359 0.001273 0.103468 0.000009
0.023455 0.512723 0.228683 0.129045 0.001298 0.104787 0.000010
0.022413 0.513186 0.228894 0.129056 0.001284 0.105159 0.000009
0.022447 0.512252 0.228827 0.129167 0.001327 0.105972 0.000008
0.024204 0.508654 0.229442 0.129463 0.001310 0.106916 0.000010
0.022574 0.505823 0.231036 0.130408 0.001356 0.108795 0.000009
0.023977 0.504891 0.230703 0.130183 0.001377 0.108860 0.000009
0.023343 0.502728 0.231449 0.130908 0.001354 0.110208 0.000010
0.022281 0.500954 0.232691 0.131012 0.001413 0.111640 0.000010
0.023158 0.498163 0.233175 0.131562 0.001415 0.112514 0.000013
0.022589 0.497619 0.233395 0.131767 0.001415 0.113204 0.000011
0.022186 0.498172 0.233197 0.131675 0.001417 0.113342 0.000011
0.023783 0.495918 0.233194 0.131505 0.001442 0.114146 0.000013
0.023627 0.491732 0.234531 0.132378 0.001428 0.116291 0.000012
0.025567 0.490986 0.233912 0.131946 0.001446 0.116128 0.000016
0.026509 0.486308 0.235132 0.132791 0.001461 0.117786 0.000013
0.025580 0.486691 0.235197 0.132980 0.001452 0.118085 0.000014
0.030491 0.481694 0.234732 0.132551 0.001509 0.119010 0.000014
0.025920 0.482303 0.236514 0.133526 0.001496 0.120226 0.000015
0.028046 0.479873 0.236259 0.133393 0.001482 0.120931 0.000016
0.028226 0.477931 0.236585 0.133650 0.001522 0.122069 0.000017
0.028457 0.478901 0.235820 0.133151 0.001526 0.122128 0.000017
0.026818 0.476950 0.237088 0.134059 0.001534 0.123534 0.000017
0.025209 0.476760 0.237623 0.134231 0.001547 0.124613 0.000018
0.024504 0.474823 0.238891 0.134682 0.001568 0.125513 0.000019
0.025098 0.471327 0.239461 0.135189 0.001577 0.127331 0.000017
0.023621 0.471265 0.240247 0.135256 0.001584 0.128009 0.000018
0.024027 0.469213 0.240662 0.135421 0.001581 0.129078 0.000018
0.023624 0.469822 0.240043 0.135486 0.001590 0.129415 0.000019
0.024401 0.466031 0.240736 0.136093 0.001611 0.131112 0.000016
0.024296 0.465459 0.241216 0.135662 0.001626 0.131718 0.000022
0.021929 0.464631 0.242296 0.136344 0.001660 0.133118 0.000024
0.021590 0.462381 0.242833 0.137042 0.001655 0.134480 0.000018
0.019395 0.461006 0.244066 0.137764 0.001689 0.136063 0.000017
0.020958 0.460512 0.243400 0.137299 0.001687 0.136122 0.000022
0.020532 0.459244 0.244049 0.137437 0.001692 0.137024 0.000021
0.017651 0.457908 0.245529 0.138634 0.001708 0.138549 0.000022
0.018130 0.457691 0.245384 0.138288 0.001684 0.138800 0.000024
0.017781 0.455469 0.245811 0.138533 0.001697 0.140686 0.000023
0.016169 0.452533 0.247414 0.139726 0.001738 0.142393 0.000026
0.015787 0.452733 0.247427 0.139662 0.001711 0.142655 0.000025
0.015283 0.449721 0.248296 0.140346 0.001809 0.144522 0.000023
0.015952 0.449801 0.247905 0.140184 0.001756 0.144377 0.000025
0.014189 0.447038 0.249353 0.140856 0.001774 0.146764 0.000025
0.014227 0.445554 0.249463 0.141239 0.001802 0.147690 0.000025
0.013114 0.443807 0.250593 0.141652 0.001813 0.148994 0.000028
0.013315 0.440967 0.251301 0.141864 0.001822 0.150707 0.000025
0.012770 0.440594 0.251360 0.142172 0.001844 0.151232 0.000029
0.013028 0.439215 0.251450 0.142260 0.001855 0.152166 0.000027
0.012097 0.437032 0.252703 0.142969 0.001876 0.153299 0.000025
0.012837 0.437190 0.252043 0.142596 0.001870 0.153437 0.000027
0.012109 0.434093 0.252989 0.143358 0.001930 0.155490 0.000031
0.011464 0.431555 0.254307 0.143714 0.001942 0.156990 0.000029
0.011993 0.433097 0.253206 0.142954 0.001922 0.156796 0.000032
0.011335 0.429433 0.254548 0.144184 0.001938 0.158532 0.000030
0.011361 0.429045 0.254554 0.143923 0.001970 0.159117 0.000030
0.011059 0.426892 0.255116 0.144474 0.001945 0.160485 0.000030
0.010654 0.424673 0.255862 0.144855 0.002001 0.161924 0.000031
0.010930 0.423354 0.255770 0.145017 0.002024 0.162876 0.000029
0.010848 0.422432 0.256155 0.144772 0.001997 0.163767 0.000030
0.011265 0.421613 0.255963 0.144583 0.002022 0.164525 0.000029
0.010365 0.416922 0.257445 0.146162 0.002033 0.167042 0.000031
0.010122 0.416140 0.257858 0.146006 0.002043 0.167799 0.000032
0.010371 0.414136 0.258017 0.145880 0.002067 0.169491 0.000038
0.010229 0.413248 0.258260 0.145898 0.002074 0.170262 0.000030
0.009982 0.410452 0.259338 0.146328 0.002115 0.171751 0.000034
0.010154 0.410196 0.258792 0.146589 0.002096 0.172140 0.000032
0.009789 0.407767 0.259964 0.146863 0.002113 0.173470 0.000034
0.009828 0.406664 0.259654 0.146999 0.002106 0.174712 0.000037
0.009781 0.405350 0.260066 0.147007 0.002150 0.175613 0.000033
0.010060 0.405718 0.259597 0.146757 0.002160 0.175671 0.000038
0.009862 0.402510 0.260239 0.147207 0.002182 0.177968 0.000031
0.009660 0.402092 0.260562 0.147575 0.002174 0.177903 0.000034
0.009466 0.398767 0.261302 0.147976 0.002210 0.180241 0.000037
0.009555 0.398048 0.261302 0.147627 0.002210 0.181222 0.000036
0.009466 0.397398 0.261355 0.147689 0.002221 0.181833 0.000037
0.009517 0.395913 0.261569 0.147862 0.002236 0.182867 0.000035
0.009455 0.394694 0.261784 0.148030 0.002199 0.183803 0.000033
0.009582 0.393619 0.261924 0.148009 0.002260 0.184569 0.000036
0.009240 0.389264 0.263291 0.148668 0.002275 0.187223 0.000039
0.009419 0.389726 0.262556 0.148409 0.002299 0.187553 0.000038
0.009358 0.388135 0.263353 0.148680 0.002259 0.188178 0.000037
0.009267 0.386183 0.263434 0.148853 0.002265 0.189957 0.000040
0.009338 0.385570 0.263321 0.148832 0.002309 0.190590 0.000041
0.009152 0.384121 0.263879 0.149009 0.002328 0.191475 0.000036
0.009264 0.382667 0.263528 0.149213 0.002346 0.192946 0.000037
0.009240 0.382018 0.263743 0.149378 0.002356 0.193225 0.000039
0.009154 0.380175 0.264023 0.149590 0.002351 0.194670 0.000037
0.009231 0.380477 0.263946 0.149278 0.002375 0.194651 0.000041
0.009107 0.376166 0.264685 0.149564 0.002408 0.198027 0.000043
0.009096 0.375711 0.264871 0.149840 0.002454 0.197988 0.000040
0.009058 0.374769 0.264727 0.149612 0.002409 0.199388 0.000038
0.009035 0.373387 0.264906 0.149963 0.002404 0.200263 0.000042
0.009108 0.372745 0.265227 0.149704 0.002405 0.200772 0.000040
0.008992 0.369689 0.266013 0.150312 0.002454 0.202497 0.000043
0.009071 0.368764 0.265743 0.150192 0.002478 0.203711 0.000041
0.009021 0.367266 0.265981 0.150481 0.002467 0.204742 0.000042
0.009102 0.366329 0.265608 0.150269 0.002485 0.206166 0.000041
0.009055 0.366367 0.265705 0.150125 0.002511 0.206195 0.000043
0.008979 0.363743 0.266339 0.150567 0.002480 0.207850 0.000043
0.008990 0.362798 0.266045 0.150584 0.002544 0.208997 0.000041
0.009126 0.363059 0.265340 0.150473 0.002515 0.209442 0.000045
0.008943 0.359085 0.266588 0.150780 0.002577 0.211981 0.000046
0.008926 0.355866 0.267451 0.150930 0.002572 0.214208 0.000048
0.008960 0.357883 0.266821 0.150670 0.002542 0.213077 0.000048
0.009061 0.356665 0.266174 0.150842 0.002544 0.214658 0.000055
0.008831 0.354680 0.266876 0.151017 0.002606 0.215942 0.000048
0.008809 0.353014 0.267253 0.150959 0.002611 0.217307 0.000046
0.009006 0.352469 0.266752 0.151053 0.002617 0.218059 0.000044
0.008951 0.350961 0.267477 0.150915 0.002616 0.219025 0.000055
0.008950 0.350722 0.267460 0.150761 0.002654 0.219408 0.000045
0.008831 0.346431 0.267753 0.151517 0.002672 0.222741 0.000054
0.008972 0.347560 0.267398 0.151002 0.002639 0.222375 0.000054
0.008890 0.345480 0.267924 0.151390 0.002677 0.223590 0.000049
0.008932 0.346129 0.267645 0.151069 0.002687 0.223488 0.000050
0.008812 0.342779 0.268274 0.151682 0.002700 0.225704 0.000049
0.008963 0.343553 0.267781 0.151141 0.002685 0.225824 0.000055
0.008852 0.341142 0.268172 0.151272 0.002713 0.227795 0.000055
0.008911 0.339931 0.268324 0.151177 0.002753 0.228847 0.000058
0.008834 0.338980 0.268229 0.151414 0.002751 0.229747 0.000046
0.008834 0.336361 0.268752 0.151505 0.002742 0.231744 0.000062
0.008892 0.335494 0.268595 0.151475 0.002744 0.232743 0.000058
0.008935 0.335105 0.268814 0.151313 0.002738 0.233041 0.000054
0.008914 0.334095 0.268813 0.151481 0.002788 0.233857 0.000053
0.008864 0.331971 0.269359 0.151608 0.002803 0.235341 0.000054
0.008827 0.331644 0.268801 0.151529 0.002782 0.236362 0.000054
0.008874 0.330373 0.268858 0.151779 0.002831 0.237234 0.000052
0.008855 0.328308 0.269267 0.151636 0.002865 0.239012 0.000056
0.008800 0.326428 0.269456 0.151847 0.002860 0.240554 0.000055
0.008920 0.326918 0.269188 0.151681 0.002868 0.240377 0.000049
0.008823 0.325763 0.268891 0.151780 0.002869 0.241821 0.000053
0.008900 0.324938 0.268955 0.151730 0.002925 0.242499 0.000054
0.008810 0.324288 0.268859 0.151677 0.002897 0.243414 0.000054
0.008778 0.322357 0.269257 0.151795 0.002931 0.244832 0.000051
0.008827 0.320636 0.269487 0.151860 0.002910 0.246222 0.000059
0.008841 0.319353 0.269424 0.151713 0.002910 0.247702 0.000057
0.008828 0.319251 0.269274 0.151841 0.002915 0.247842 0.000051
0.008829 0.316352 0.269514 0.151774 0.002962 0.250511 0.000058
0.008860 0.315652 0.269697 0.152132 0.002953 0.250646 0.000060
0.008869 0.314555 0.269368 0.151855 0.002938 0.252356 0.000059
0.008819 0.313671 0.269677 0.151754 0.002990 0.253027 0.000062
0.008868 0.313873 0.269198 0.151687 0.002972 0.253336 0.000065
0.015459 0.310594 0.266973 0.150686 0.003014 0.253214 0.000060
0.019906 0.307799 0.266274 0.149783 0.003009 0.253166 0.000063
0.020217 0.308734 0.265600 0.149404 0.002955 0.253025 0.000065
0.020941 0.307122 0.265482 0.149408 0.003027 0.253962 0.000058
0.021543 0.304951 0.265248 0.149395 0.003002 0.255797 0.000066
0.023445 0.305961 0.264512 0.148621 0.002973 0.254424 0.000063
0.021853 0.304775 0.264633 0.149111 0.003029 0.256533 0.000066
0.021894 0.304425 0.264268 0.149147 0.003032 0.257176 0.000057
0.018500 0.303770 0.265664 0.149566 0.003048 0.259388 0.000064
0.019926 0.302686 0.264907 0.149115 0.003029 0.260272 0.000066
0.020470 0.303382 0.264132 0.148942 0.003091 0.259917 0.000065
0.022162 0.301779 0.263856 0.148528 0.003070 0.260540 0.000065
0.021593 0.302573 0.263777 0.148322 0.003087 0.260581 0.000067
0.020829 0.301056 0.263504 0.148274 0.003119 0.263152 0.000066
0.019265 0.299948 0.264168 0.148504 0.003144 0.264907 0.000063
0.018197 0.300241 0.264660 0.148925 0.003143 0.264772 0.000062
0.020238 0.300655 0.263155 0.147830 0.003166 0.264886 0.000070
0.018329 0.299101 0.263423 0.148494 0.003140 0.267443 0.000070
0.015072 0.297577 0.265273 0.149307 0.003212 0.269494 0.000064
0.015839 0.297002 0.264715 0.148851 0.003172 0.270351 0.000070
0.014724 0.296426 0.265183 0.148947 0.003187 0.271460 0.000073
0.013155 0.295528 0.265683 0.149413 0.003261 0.272898 0.000063
0.012254 0.293114 0.266538 0.149742 0.003268 0.275013 0.000071
0.012132 0.291496 0.266095 0.149747 0.003248 0.277216 0.000065
0.013015 0.292296 0.265431 0.149317 0.003227 0.276643 0.000071
0.013746 0.293916 0.264705 0.148901 0.003256 0.275405 0.000070
0.012134 0.290302 0.265958 0.149397 0.003301 0.278841 0.000068
0.011953 0.291691 0.265395 0.149414 0.003271 0.278205 0.000071
0.011615 0.290538 0.265932 0.149547 0.003281 0.279017 0.000070
0.010964 0.285898 0.266689 0.149818 0.003342 0.283217 0.000072
0.011014 0.284845 0.266622 0.149939 0.003354 0.284152 0.000073
0.010049 0.282511 0.267324 0.150196 0.003398 0.286451 0.000071
0.010474 0.282985 0.266706 0.150280 0.003400 0.286077 0.000078
0.011012 0.283951 0.265537 0.149592 0.003322 0.286511 0.000076
0.010427 0.282037 0.266309 0.149722 0.003366 0.288061 0.000078
0.010062 0.280184 0.266875 0.150137 0.003373 0.289288 0.000082
0.010146 0.279027 0.266768 0.150154 0.003408 0.290414 0.000082
0.010279 0.279229 0.266391 0.149896 0.003427 0.290703 0.000075
0.009821 0.276548 0.266705 0.150143 0.003450 0.293254 0.000079
0.009851 0.274941 0.266690 0.149855 0.003504 0.295083 0.000076
0.009894 0.276000 0.266202 0.150084 0.003454 0.294283 0.000082
0.010000 0.274853 0.265874 0.150058 0.003452 0.295676 0.000088
0.009762 0.272882 0.266481 0.149967 0.003502 0.297322 0.000085
0.009820 0.272459 0.266147 0.149885 0.003516 0.298092 0.000081
0.009814 0.271551 0.266569 0.149729 0.003492 0.298763 0.000083
0.009824 0.270930 0.266368 0.149821 0.003495 0.299478 0.000084
0.009738 0.269051 0.266372 0.149845 0.003501 0.301403 0.000090
0.009430 0.266551 0.266801 0.149868 0.003510 0.303755 0.000085
0.009699 0.267784 0.266239 0.149712 0.003573 0.302900 0.000092
0.009788 0.267002 0.265593 0.149678 0.003555 0.304298 0.000086
0.009627 0.265353 0.266004 0.149539 0.003582 0.305813 0.000084
0.009578 0.263603 0.266162 0.149536 0.003607 0.307423 0.000091
0.009682 0.263713 0.265844 0.149494 0.003612 0.307571 0.000084
0.009406 0.261674 0.266222 0.149854 0.003615 0.309149 0.000080
0.009668 0.261366 0.265709 0.149692 0.003653 0.309816 0.000096
0.009490 0.259326 0.265952 0.149840 0.003621 0.311683 0.000088
0.009446 0.258300 0.265662 0.149689 0.003646 0.313161 0.000096
0.009431 0.257439 0.265728 0.149755 0.003700 0.313860 0.000087
0.009566 0.259104 0.265029 0.149369 0.003719 0.313130 0.000082
0.009436 0.256306 0.265330 0.149497 0.003681 0.315668 0.000082
0.009396 0.255044 0.265414 0.149753 0.003703 0.316595 0.000094
0.009573 0.254346 0.265541 0.149721 0.003646 0.317082 0.000092
0.009547 0.254520 0.264657 0.149208 0.003720 0.318255 0.000093
0.009472 0.253416 0.264888 0.149526 0.003710 0.318898 0.000089
0.009582 0.253421 0.264401 0.149036 0.003691 0.319768 0.000100
0.009582 0.251190 0.264203 0.148933 0.003771 0.322225 0.000097
0.009601 0.251598 0.264164 0.148893 0.003761 0.321896 0.000086
0.009429 0.248406 0.265186 0.149091 0.003761 0.324039 0.000088
0.009581 0.247565 0.264186 0.149187 0.003850 0.325541 0.000091
0.009533 0.248391 0.264217 0.148922 0.003774 0.325074 0.000089
0.009523 0.247007 0.264192 0.149171 0.003714 0.326303 0.000090
0.009551 0.247479 0.263946 0.148881 0.003800 0.326250 0.000093
0.009519 0.245010 0.263865 0.148949 0.003827 0.328739 0.000091
0.009596 0.244650 0.263678 0.148776 0.003797 0.329412 0.000092
0.009683 0.244911 0.263159 0.148198 0.003809 0.330131 0.000109
0.009716 0.243117 0.263282 0.148720 0.003843 0.331223 0.000099
0.009644 0.242079 0.263395 0.148459 0.003875 0.332452 0.000096
0.009641 0.240337 0.263292 0.148629 0.003931 0.334061 0.000109
0.009646 0.239974 0.263402 0.148359 0.003904 0.334613 0.000103
0.009725 0.240484 0.262680 0.148035 0.003840 0.335133 0.000103
0.009765 0.237692 0.262917 0.148124 0.003970 0.337426 0.000107
0.009683 0.238375 0.262909 0.148037 0.003941 0.336955 0.000099
0.009785 0.237301 0.262492 0.148029 0.003948 0.338341 0.000104
0.009691 0.235543 0.262801 0.147891 0.003905 0.340057 0.000111
0.009784 0.235845 0.261970 0.147530 0.003938 0.340829 0.000105
0.009837 0.236398 0.261887 0.147401 0.003947 0.340432 0.000098
0.009723 0.234208 0.262111 0.147716 0.003914 0.342218 0.000109
0.009780 0.233420 0.261896 0.147614 0.003986 0.343198 0.000106
0.009831 0.234421 0.261453 0.147476 0.003969 0.342736 0.000114
0.009843 0.231081 0.261086 0.147221 0.004033 0.346632 0.000105
0.009827 0.230428 0.261276 0.147141 0.004012 0.347203 0.000113
0.009871 0.229117 0.261093 0.147339 0.004027 0.348435 0.000116
0.009894 0.229332 0.260883 0.147050 0.004066 0.348665 0.000110
0.009903 0.228962 0.260739 0.147198 0.003978 0.349106 0.000115
0.009939 0.228725 0.260440 0.146828 0.004005 0.349951 0.000112
0.009936 0.226809 0.260470 0.146720 0.004003 0.351948 0.000115
0.009976 0.226602 0.259798 0.146913 0.004107 0.352490 0.000114
0.009994 0.227731 0.260360 0.146447 0.004065 0.351298 0.000106
0.009926 0.224937 0.259719 0.146681 0.004057 0.354564 0.000116
0.010043 0.224819 0.259571 0.146321 0.004079 0.355049 0.000119
0.010061 0.223401 0.259756 0.146260 0.004113 0.356293 0.000117
0.009994 0.221791 0.259359 0.146269 0.004119 0.358360 0.000108
0.009998 0.222804 0.259125 0.145808 0.004082 0.358060 0.000122
0.010068 0.221820 0.258612 0.145849 0.004157 0.359378 0.000116
0.010204 0.221016 0.258370 0.145683 0.004200 0.360407 0.000119
0.010172 0.219720 0.258219 0.145644 0.004164 0.361960 0.000122
0.010222 0.220660 0.257845 0.145653 0.004132 0.361366 0.000122
0.010257 0.220576 0.258005 0.145483 0.004121 0.361440 0.000118
0.010253 0.217543 0.258042 0.145535 0.004196 0.364310 0.000122
0.010242 0.216421 0.257619 0.145475 0.004197 0.365930 0.000116
0.010340 0.216976 0.257569 0.145158 0.004228 0.365610 0.000120
0.010315 0.216509 0.257823 0.145284 0.004171 0.365777 0.000120
0.010398 0.215545 0.257523 0.145245 0.004157 0.367009 0.000123
0.010401 0.215161 0.256637 0.145048 0.004222 0.368395 0.000135
0.010444 0.214609 0.256556 0.145111 0.004207 0.368948 0.000126
0.010418 0.213878 0.257208 0.144921 0.004226 0.369218 0.000131
0.010437 0.211417 0.257172 0.144708 0.004193 0.371936 0.000138
0.010386 0.211313 0.256948 0.144655 0.004274 0.372298 0.000126
0.010577 0.212427 0.256386 0.144316 0.004210 0.371954 0.000129
0.010491 0.210774 0.256043 0.144223 0.004262 0.374082 0.000125
0.010612 0.209133 0.255386 0.144047 0.004233 0.376457 0.000132
0.010610 0.208233 0.255410 0.144099 0.004300 0.377224 0.000124
0.010594 0.208694 0.255441 0.144131 0.004273 0.376741 0.000126
0.010560 0.209063 0.255428 0.143795 0.004273 0.376748 0.000133
0.010553 0.206692 0.254813 0.144110 0.004261 0.379443 0.000128
0.010637 0.206201 0.254409 0.143768 0.004347 0.380507 0.000132
0.010531 0.205001 0.254686 0.143624 0.004264 0.381756 0.000137
0.010733 0.205512 0.254616 0.143580 0.004290 0.381139 0.000130
0.010648 0.203878 0.254462 0.143321 0.004337 0.383222 0.000131
0.010663 0.203907 0.254112 0.143153 0.004301 0.383730 0.000135
0.010665 0.202165 0.253475 0.143036 0.004331 0.386191 0.000137
0.010733 0.202627 0.253886 0.142929 0.004338 0.385351 0.000137
0.010821 0.202173 0.253191 0.142660 0.004342 0.386681 0.000132
0.010885 0.201160 0.253235 0.142979 0.004376 0.387227 0.000138
0.010724 0.200812 0.253268 0.142569 0.004347 0.388142 0.000138
0.010792 0.199881 0.252816 0.142492 0.004359 0.389522 0.000137
0.010922 0.199382 0.252732 0.142180 0.004367 0.390285 0.000132
0.010874 0.199741 0.252072 0.141769 0.004344 0.391062 0.000138
0.010833 0.198154 0.252311 0.142086 0.004410 0.392070 0.000135
0.010950 0.198804 0.251961 0.141895 0.004400 0.391854 0.000136
0.010938 0.197973 0.251665 0.141720 0.004423 0.393132 0.000149
0.011018 0.196535 0.251184 0.141620 0.004440 0.395057 0.000146
0.011021 0.195378 0.251418 0.141750 0.004415 0.395870 0.000148
0.011059 0.195853 0.251237 0.141359 0.004444 0.395900 0.000147
0.011119 0.196034 0.250800 0.141194 0.004391 0.396314 0.000148
0.011165 0.194831 0.250583 0.141027 0.004441 0.397804 0.000149
0.011205 0.193207 0.250369 0.140983 0.004472 0.399614 0.000150
0.011150 0.193418 0.250126 0.141017 0.004465 0.399670 0.000155
0.011296 0.191847 0.249958 0.140591 0.004488 0.401661 0.000158
0.011268 0.192370 0.249948 0.140617 0.004503 0.401147 0.000147
0.011292 0.191678 0.249357 0.140599 0.004504 0.402428 0.000141
0.011398 0.189985 0.248744 0.140294 0.004501 0.404928 0.000152
0.011452 0.188953 0.248848 0.140398 0.004507 0.405692 0.000148
0.011480 0.188962 0.248096 0.140084 0.004530 0.406697 0.000151
0.011483 0.188503 0.248051 0.140317 0.004523 0.406959 0.000164
0.011566 0.188363 0.248101 0.139808 0.004499 0.407507 0.000157
0.011547 0.189238 0.247730 0.139639 0.004455 0.407244 0.000148
0.011594 0.187541 0.247734 0.139349 0.004507 0.409123 0.000151
0.011660 0.186947 0.247321 0.139825 0.004518 0.409571 0.000158
0.011752 0.184931 0.246670 0.139609 0.004502 0.412382 0.000152
0.011685 0.185793 0.246946 0.139130 0.004597 0.411701 0.000148
0.011649 0.184854 0.246541 0.139003 0.004579 0.413222 0.000151
0.011733 0.184349 0.245962 0.139004 0.004564 0.414228 0.000161
0.011759 0.185108 0.246192 0.138816 0.004565 0.413393 0.000166
0.011912 0.183655 0.245517 0.138839 0.004635 0.415275 0.000168
0.011814 0.182398 0.245591 0.138584 0.004562 0.416892 0.000159
0.011773 0.184209 0.245604 0.138303 0.004559 0.415376 0.000176
0.011899 0.181724 0.245481 0.138308 0.004525 0.417897 0.000166
0.011934 0.181726 0.244686 0.138204 0.004602 0.418684 0.000165
0.011831 0.180769 0.244854 0.138149 0.004630 0.419601 0.000166
0.011956 0.179996 0.243888 0.137929 0.004610 0.421461 0.000160
0.011889 0.180221 0.244059 0.137607 0.004620 0.421432 0.000172
0.012045 0.179518 0.243853 0.137552 0.004606 0.422261 0.000166
0.012092 0.178784 0.243697 0.137525 0.004706 0.423043 0.000153
0.012031 0.178279 0.243695 0.137285 0.004651 0.423878 0.000181
0.012079 0.177530 0.242551 0.137370 0.004699 0.425609 0.000162
0.012145 0.176233 0.243149 0.136884 0.004725 0.426700 0.000164
0.012074 0.176662 0.242747 0.136735 0.004648 0.426961 0.000172
0.012193 0.175452 0.242538 0.136910 0.004730 0.428004 0.000173
0.012285 0.175003 0.242260 0.136638 0.004678 0.428963 0.000173
0.012295 0.173975 0.241925 0.136337 0.004738 0.430552 0.000178
0.012312 0.174067 0.241681 0.136614 0.004702 0.430446 0.000179
0.012278 0.173807 0.241359 0.136145 0.004728 0.431508 0.000176
0.012472 0.173189 0.241145 0.135983 0.004718 0.432316 0.000176
0.012343 0.172249 0.240997 0.135910 0.004757 0.433581 0.000164
0.012366 0.172665 0.241095 0.135826 0.004753 0.433119 0.000177
0.012485 0.171655 0.240229 0.135772 0.004749 0.434929 0.000182
0.012549 0.170730 0.240025 0.135323 0.004813 0.436384 0.000177
0.012652 0.170572 0.239846 0.135278 0.004786 0.436693 0.000172
0.012555 0.170453 0.239905 0.134961 0.004797 0.437159 0.000171
0.012612 0.170186 0.239358 0.134993 0.004778 0.437894 0.000179
0.012779 0.170031 0.239180 0.135178 0.004731 0.437925 0.000176
0.012620 0.169059 0.239057 0.134863 0.004788 0.439434 0.000180
0.012789 0.168503 0.239048 0.134655 0.004768 0.440058 0.000180
0.012739 0.168617 0.238877 0.134552 0.004722 0.440315 0.000177
0.012767 0.166968 0.238233 0.134586 0.004773 0.442486 0.000188
0.012723 0.166968 0.237971 0.134489 0.004823 0.442841 0.000185
0.012795 0.166870 0.237714 0.134378 0.004809 0.443254 0.000179
0.012775 0.165544 0.237723 0.133842 0.004809 0.445112 0.000196
0.012673 0.165955 0.237084 0.134037 0.004786 0.445271 0.000192
0.012950 0.164796 0.237038 0.133464 0.004783 0.446782 0.000186
0.012899 0.165541 0.237044 0.133867 0.004827 0.445645 0.000177
0.012931 0.163595 0.236725 0.133141 0.004883 0.448533 0.000193
0.012948 0.163887 0.236412 0.133254 0.004801 0.448518 0.000181
0.013033 0.162989 0.235711 0.133045 0.004840 0.450187 0.000194
0.013003 0.162549 0.235888 0.133265 0.004818 0.450287 0.000190
0.013195 0.161975 0.235091 0.132317 0.004812 0.452411 0.000200
0.013103 0.162928 0.235237 0.132825 0.004874 0.450852 0.000182
0.013200 0.161501 0.234773 0.132283 0.004904 0.453136 0.000204
0.013192 0.161811 0.234894 0.132362 0.004854 0.452693 0.000194
0.013264 0.160145 0.234194 0.132052 0.004880 0.455267 0.000198
0.013330 0.160499 0.233669 0.131595 0.004894 0.455824 0.000188
0.013454 0.159928 0.233748 0.132148 0.004880 0.455644 0.000198
0.013354 0.158731 0.233839 0.131548 0.004861 0.457485 0.000183
0.013388 0.160188 0.233693 0.131439 0.004882 0.456225 0.000184
0.013317 0.158388 0.232881 0.131278 0.004901 0.459034 0.000201
0.013382 0.157916 0.232834 0.130932 0.004930 0.459810 0.000196
0.013440 0.158427 0.232462 0.131014 0.004871 0.459588 0.000199
0.013477 0.157593 0.232446 0.130590 0.004924 0.460769 0.000202
0.013470 0.157263 0.231967 0.130725 0.004907 0.461481 0.000188
0.013584 0.156674 0.231887 0.130869 0.004902 0.461881 0.000203
0.013560 0.155279 0.231341 0.130387 0.004976 0.464259 0.000198
0.013640 0.154933 0.230934 0.130328 0.004884 0.465082 0.000198
0.013657 0.155573 0.231058 0.130407 0.004865 0.464237 0.000204
0.013721 0.154194 0.230885 0.130307 0.004934 0.465759 0.000200
0.013720 0.154465 0.230422 0.129868 0.004956 0.466361 0.000208
0.013674 0.153676 0.229815 0.130128 0.005019 0.467470 0.000219
0.013728 0.153686 0.229608 0.129960 0.004939 0.467869 0.000210
0.013793 0.153126 0.229492 0.129585 0.004980 0.468815 0.000209
0.013904 0.153079 0.229130 0.129504 0.004960 0.469223 0.000200
0.013906 0.152617 0.228693 0.129063 0.005014 0.470493 0.000213
0.013889 0.151428 0.228595 0.129082 0.005048 0.471752 0.000207
0.013884 0.151850 0.228044 0.129089 0.004997 0.471913 0.000222
0.013986 0.150652 0.227924 0.128632 0.005053 0.473542 0.000213
0.014029 0.151872 0.227793 0.128818 0.005010 0.472251 0.000227
0.014007 0.151040 0.227226 0.128648 0.004991 0.473873 0.000215
0.014038 0.149980 0.227113 0.128108 0.005037 0.475502 0.000222
0.014069 0.149343 0.226986 0.128163 0.005060 0.476159 0.000220
0.014218 0.148991 0.226660 0.127860 0.005003 0.477042 0.000226
0.014239 0.148697 0.226280 0.127732 0.005015 0.477812 0.000226
0.014221 0.148711 0.226420 0.127641 0.005049 0.477733 0.000225
0.014243 0.148399 0.226044 0.127411 0.004985 0.478688 0.000230
0.014280 0.147963 0.225940 0.127279 0.005018 0.479290 0.000229
0.014352 0.146723 0.225228 0.127028 0.005054 0.481393 0.000222
0.014369 0.147104 0.225385 0.127425 0.005078 0.480414 0.000226
0.014416 0.146269 0.224812 0.126664 0.005099 0.482517 0.000222
0.014447 0.145919 0.224961 0.126574 0.005080 0.482788 0.000232
0.014465 0.145000 0.224213 0.126537 0.005115 0.484443 0.000227
0.014504 0.145252 0.223602 0.126444 0.005102 0.484861 0.000234
0.014539 0.144663 0.223682 0.126230 0.005151 0.485512 0.000223
0.014658 0.144403 0.223178 0.125870 0.005143 0.486515 0.000232
0.014660 0.144117 0.222948 0.125961 0.005104 0.486987 0.000223
0.014603 0.143802 0.223398 0.125945 0.005145 0.486867 0.000240
0.014644 0.144307 0.222477 0.125664 0.005119 0.487567 0.000223
0.014628 0.143784 0.222206 0.125864 0.005149 0.488136 0.000233
0.014739 0.142665 0.221733 0.125085 0.005161 0.490367 0.000250
0.014795 0.142935 0.221819 0.125246 0.005136 0.489829 0.000240
0.014852 0.142519 0.221391 0.125321 0.005170 0.490522 0.000225
0.014920 0.142482 0.221188 0.125099 0.005152 0.490926 0.000233
0.014933 0.141639 0.220770 0.124648 0.005126 0.492647 0.000237
0.015089 0.140907 0.220548 0.124502 0.005172 0.493555 0.000227
0.014959 0.141343 0.220517 0.124692 0.005161 0.493088 0.000240
0.014970 0.140493 0.219999 0.124311 0.005144 0.494840 0.000243
0.015138 0.140240 0.218973 0.124215 0.005208 0.495993 0.000232
0.015049 0.140494 0.219759 0.123962 0.005152 0.495335 0.000248
0.015244 0.140217 0.219387 0.123878 0.005174 0.495873 0.000228
0.015277 0.139504 0.218770 0.123731 0.005258 0.497212 0.000248
0.015332 0.139248 0.218414 0.123501 0.005258 0.497999 0.000248
0.015307 0.139059 0.218470 0.123505 0.005183 0.498232 0.000244
0.015379 0.138456 0.218276 0.123243 0.005231 0.499176 0.000239
0.015475 0.137944 0.217743 0.123063 0.005217 0.500319 0.000239
0.015548 0.137045 0.217475 0.122956 0.005320 0.501399 0.000257
0.015706 0.137283 0.217110 0.122763 0.005248 0.501637 0.000253
0.015650 0.137596 0.217111 0.122999 0.005237 0.501161 0.000246
0.015657 0.136726 0.216529 0.122542 0.005276 0.503028 0.000243
0.015549 0.136630 0.216402 0.122417 0.005217 0.503527 0.000258
