0.963557 0.035709 0.000462 0.000265 0.000000 0.000008 0.000000
0.929200 0.069192 0.000999 0.000586 0.000000 0.000023 0.000000
0.920602 0.077542 0.001166 0.000667 0.000000 0.000023 0.000000
0.909378 0.088418 0.001379 0.000800 0.000000 0.000025 0.000000
0.898288 0.099213 0.001533 0.000928 0.000000 0.000039 0.000000
0.887142 0.110032 0.001763 0.001022 0.000000 0.000042 0.000000
0.875567 0.121227 0.001985 0.001172 0.000000 0.000048 0.000000
0.862027 0.134339 0.002255 0.001321 0.000000 0.000058 0.000000
0.846956 0.148920 0.002580 0.001478 0.000000 0.000065 0.000000
0.832941 0.162435 0.002897 0.001653 0.000001 0.000073 0.000000
0.818540 0.176288 0.003236 0.001846 0.000001 0.000088 0.000000
0.803427 0.190784 0.003656 0.002031 0.000001 0.000100 0.000000
0.788676 0.204949 0.004017 0.002246 0.000001 0.000111 0.000000
0.772085 0.220848 0.004466 0.002468 0.000001 0.000131 0.000000
0.756584 0.235748 0.004860 0.002653 0.000001 0.000153 0.000000
0.739666 0.251926 0.005324 0.002908 0.000001 0.000174 0.000000
0.723474 0.267399 0.005773 0.003163 0.000001 0.000190 0.000000
0.707034 0.283004 0.006276 0.003474 0.000002 0.000210 0.000000
0.689491 0.299668 0.006801 0.003806 0.000002 0.000231 0.000000
0.671259 0.316936 0.007401 0.004158 0.000003 0.000243 0.000000
0.656111 0.331163 0.007959 0.004497 0.000004 0.000266 0.000000
0.641362 0.345083 0.008459 0.004802 0.000004 0.000290 0.000000
0.624573 0.360834 0.009109 0.005151 0.000004 0.000329 0.000000
0.610045 0.374455 0.009668 0.005473 0.000006 0.000354 0.000000
0.592916 0.390453 0.010351 0.005876 0.000006 0.000399 0.000000
0.578660 0.403611 0.011012 0.006270 0.000006 0.000441 0.000000
0.564678 0.416470 0.011683 0.006682 0.000006 0.000481 0.000000
0.549886 0.430033 0.012434 0.007126 0.000008 0.000514 0.000000
0.539068 0.439909 0.013061 0.007414 0.000008 0.000540 0.000000
0.524414 0.453282 0.013845 0.007858 0.000008 0.000593 0.000000
0.510713 0.465662 0.014620 0.008355 0.000010 0.000640 0.000000
0.499618 0.475566 0.015340 0.008778 0.000010 0.000688 0.000000
0.485231 0.488520 0.016206 0.009285 0.000011 0.000745 0.000000
0.472388 0.500026 0.017018 0.009749 0.000013 0.000806 0.000000
0.460441 0.510628 0.017861 0.010201 0.000013 0.000856 0.000000
0.450046 0.519773 0.018621 0.010637 0.000012 0.000910 0.000000
0.439835 0.528465 0.019530 0.011177 0.000013 0.000980 0.000000
0.428558 0.538293 0.020411 0.011672 0.000014 0.001052 0.000000
0.416540 0.548698 0.021388 0.012226 0.000014 0.001135 0.000000
0.408454 0.555453 0.022228 0.012648 0.000015 0.001203 0.000000
0.399558 0.562761 0.023168 0.013209 0.000016 0.001289 0.000000
0.392095 0.568853 0.023951 0.013712 0.000018 0.001371 0.000000
0.380551 0.578344 0.025201 0.014411 0.000017 0.001476 0.000000
0.372377 0.585113 0.026058 0.014868 0.000017 0.001568 0.000000
0.362615 0.592909 0.027251 0.015535 0.000018 0.001672 0.000000
0.354580 0.599111 0.028358 0.016148 0.000022 0.001782 0.000000
0.348560 0.603406 0.029399 0.016728 0.000025 0.001882 0.000000
0.340351 0.609668 0.030564 0.017394 0.000024 0.002000 0.000000
0.334976 0.613426 0.031536 0.017932 0.000025 0.002107 0.000000
0.331385 0.615590 0.032307 0.018457 0.000026 0.002235 0.000000
0.323505 0.621445 0.033578 0.019080 0.000029 0.002363 0.000000
0.317733 0.625318 0.034699 0.019731 0.000029 0.002490 0.000000
0.315115 0.626508 0.035534 0.020223 0.000030 0.002590 0.000000
0.308640 0.630833 0.036919 0.020859 0.000032 0.002718 0.000000
0.304294 0.633450 0.037845 0.021515 0.000036 0.002861 0.000000
0.301731 0.634530 0.038715 0.021992 0.000041 0.002990 0.000000
0.297695 0.636987 0.039608 0.022527 0.000043 0.003139 0.000000
0.295547 0.637492 0.040587 0.023049 0.000046 0.003279 0.000000
0.288976 0.641981 0.041774 0.023760 0.000047 0.003461 0.000000
0.283802 0.644916 0.043084 0.024504 0.000050 0.003643 0.000000
0.280169 0.646726 0.044159 0.025104 0.000051 0.003792 0.000000
0.275103 0.649795 0.045377 0.025710 0.000055 0.003960 0.000000
0.273476 0.650254 0.046053 0.026083 0.000056 0.004077 0.000000
0.266792 0.654046 0.047708 0.027076 0.000055 0.004323 0.000000
0.264756 0.654612 0.048602 0.027497 0.000057 0.004476 0.000000
0.259003 0.658064 0.049856 0.028304 0.000060 0.004713 0.000000
0.257205 0.658642 0.050579 0.028693 0.000061 0.004819 0.000000
0.248533 0.663961 0.052464 0.029853 0.000068 0.005121 0.000000
0.245608 0.664780 0.053658 0.030546 0.000068 0.005340 0.000000
0.244658 0.664072 0.054584 0.031055 0.000071 0.005560 0.000000
0.240570 0.666320 0.055609 0.031701 0.000075 0.005725 0.000000
0.232930 0.671164 0.057179 0.032628 0.000077 0.006021 0.000000
0.227200 0.674234 0.058697 0.033516 0.000080 0.006273 0.000000
0.224728 0.675255 0.059471 0.034002 0.000085 0.006459 0.000000
0.218501 0.678368 0.061336 0.034916 0.000088 0.006792 0.000000
0.211489 0.682582 0.062933 0.035872 0.000087 0.007036 0.000000
0.205082 0.685395 0.064927 0.037006 0.000095 0.007495 0.000000
0.198161 0.689948 0.066262 0.037867 0.000100 0.007661 0.000000
0.195748 0.689852 0.067745 0.038575 0.000100 0.007979 0.000000
0.191277 0.692438 0.068728 0.039209 0.000107 0.008242 0.000000
0.187552 0.693406 0.070339 0.040029 0.000108 0.008566 0.000000
0.182962 0.695505 0.071692 0.040852 0.000116 0.008874 0.000000
0.173485 0.700589 0.074272 0.042196 0.000123 0.009334 0.000000
0.176794 0.696449 0.074692 0.042445 0.000122 0.009498 0.000000
0.171270 0.699492 0.076009 0.043284 0.000124 0.009821 0.000000
0.163844 0.702514 0.078535 0.044679 0.000126 0.010302 0.000000
0.156346 0.706886 0.080312 0.045626 0.000129 0.010700 0.000000
0.155061 0.705527 0.081714 0.046409 0.000141 0.011148 0.000000
0.149820 0.708076 0.083234 0.047301 0.000144 0.011425 0.000000
0.145632 0.708693 0.085133 0.048443 0.000145 0.011954 0.000000
0.136585 0.713538 0.087425 0.049861 0.000153 0.012438 0.000000
0.136286 0.711839 0.088569 0.050427 0.000152 0.012728 0.000000
0.135612 0.709347 0.090206 0.051469 0.000158 0.013209 0.000000
0.134528 0.708110 0.091497 0.052188 0.000169 0.013509 0.000000
0.129162 0.710033 0.093380 0.053186 0.000176 0.014063 0.000000
0.127757 0.708566 0.094885 0.054079 0.000177 0.014534 0.000001
0.126337 0.706797 0.096563 0.055081 0.000184 0.015038 0.000001
0.126132 0.706398 0.096962 0.055123 0.000180 0.015203 0.000001
0.124404 0.704697 0.098697 0.056265 0.000199 0.015738 0.000001
0.121663 0.703017 0.101150 0.057552 0.000203 0.016415 0.000000
0.117256 0.703620 0.103213 0.058751 0.000212 0.016948 0.000001
0.116411 0.702279 0.104473 0.059226 0.000214 0.017396 0.000001
0.119837 0.697437 0.105053 0.059757 0.000214 0.017701 0.000001
0.112323 0.701469 0.107010 0.060769 0.000228 0.018200 0.000000
0.111994 0.699263 0.108321 0.061480 0.000232 0.018711 0.000000
0.108317 0.699898 0.109989 0.062311 0.000239 0.019245 0.000001
0.106867 0.699528 0.110718 0.063034 0.000241 0.019613 0.000000
0.108229 0.696620 0.111479 0.063399 0.000247 0.020025 0.000000
0.101454 0.698086 0.114431 0.064980 0.000251 0.020798 0.000000
0.098799 0.697784 0.115904 0.065904 0.000262 0.021347 0.000000
0.096696 0.697333 0.117228 0.066647 0.000269 0.021827 0.000001
0.091002 0.697857 0.119878 0.068208 0.000283 0.022772 0.000000
0.089152 0.699123 0.120193 0.068365 0.000283 0.022884 0.000000
0.086540 0.697957 0.122171 0.069513 0.000294 0.023524 0.000001
0.082544 0.698115 0.124119 0.070665 0.000306 0.024251 0.000000
0.080345 0.697463 0.125648 0.071376 0.000302 0.024865 0.000001
0.076230 0.696900 0.128093 0.072818 0.000316 0.025643 0.000001
0.077112 0.695781 0.128075 0.072829 0.000324 0.025880 0.000001
0.075454 0.692700 0.130526 0.074186 0.000336 0.026798 0.000000
0.070394 0.693248 0.132906 0.075500 0.000346 0.027605 0.000001
0.068420 0.693168 0.133843 0.076100 0.000354 0.028115 0.000001
0.067187 0.691592 0.135382 0.076816 0.000350 0.028671 0.000002
0.068095 0.687880 0.136761 0.077532 0.000369 0.029360 0.000002
0.063820 0.688438 0.138698 0.078562 0.000376 0.030104 0.000001
0.061725 0.687131 0.140522 0.079484 0.000392 0.030745 0.000002
0.062153 0.683841 0.141759 0.080330 0.000398 0.031518 0.000002
0.065966 0.680608 0.141418 0.080093 0.000389 0.031524 0.000001
0.067720 0.674931 0.143336 0.081113 0.000410 0.032488 0.000002
0.068199 0.671675 0.144512 0.081937 0.000422 0.033252 0.000003
0.066333 0.671667 0.145545 0.082365 0.000432 0.033656 0.000003
0.066566 0.667302 0.147760 0.083352 0.000436 0.034582 0.000002
0.067009 0.665772 0.148151 0.083612 0.000446 0.035008 0.000002
0.064873 0.663754 0.150233 0.084763 0.000457 0.035918 0.000003
0.068655 0.659846 0.149978 0.084923 0.000459 0.036136 0.000002
0.065520 0.660285 0.151325 0.085617 0.000469 0.036781 0.000003
0.067424 0.655401 0.152852 0.086274 0.000482 0.037564 0.000003
0.067210 0.653769 0.153305 0.086988 0.000489 0.038236 0.000003
0.067543 0.651722 0.154226 0.087257 0.000490 0.038759 0.000004
0.065798 0.650370 0.155674 0.088083 0.000509 0.039562 0.000004
0.069031 0.646778 0.155612 0.088174 0.000506 0.039894 0.000005
0.067019 0.646006 0.157059 0.088942 0.000519 0.040450 0.000004
0.069193 0.642659 0.157453 0.089200 0.000522 0.040969 0.000004
0.068024 0.641115 0.158667 0.089852 0.000540 0.041797 0.000005
0.064698 0.640779 0.160381 0.090822 0.000548 0.042767 0.000005
0.070666 0.635327 0.159939 0.090534 0.000544 0.042987 0.000004
0.066571 0.636018 0.161532 0.091522 0.000555 0.043797 0.000006
0.065455 0.634564 0.162686 0.092137 0.000574 0.044579 0.000004
0.063597 0.634049 0.163832 0.092747 0.000574 0.045196 0.000005
0.063037 0.632712 0.164595 0.093162 0.000582 0.045907 0.000005
0.058773 0.630860 0.167473 0.094919 0.000584 0.047386 0.000005
0.060241 0.629269 0.167361 0.094816 0.000602 0.047705 0.000006
0.056584 0.629834 0.168780 0.095650 0.000633 0.048514 0.000005
0.058251 0.627430 0.169084 0.095652 0.000620 0.048957 0.000006
0.054956 0.626486 0.170977 0.096953 0.000631 0.049990 0.000006
0.052233 0.625746 0.172775 0.097775 0.000653 0.050812 0.000005
0.047888 0.626007 0.174523 0.098836 0.000656 0.052084 0.000006
0.049683 0.622712 0.175134 0.099013 0.000672 0.052781 0.000005
0.048411 0.623487 0.175264 0.099146 0.000673 0.053014 0.000005
0.044691 0.621353 0.178081 0.100744 0.000689 0.054437 0.000005
0.042784 0.621003 0.179011 0.101422 0.000703 0.055072 0.000005
0.040134 0.619466 0.181004 0.102429 0.000721 0.056240 0.000006
0.038205 0.620177 0.181589 0.102772 0.000734 0.056517 0.000006
0.037017 0.617942 0.182963 0.103703 0.000741 0.057629 0.000006
0.033800 0.616794 0.185104 0.104780 0.000753 0.058762 0.000007
0.034709 0.615595 0.185147 0.104889 0.000753 0.058898 0.000008
0.031368 0.612933 0.187870 0.106319 0.000772 0.060730 0.000007
0.029307 0.611205 0.189639 0.107210 0.000779 0.061855 0.000005
0.029249 0.609197 0.190453 0.107772 0.000804 0.062519 0.000007
0.028196 0.607997 0.191373 0.108265 0.000805 0.063355 0.000008
0.026384 0.605603 0.193164 0.109303 0.000824 0.064716 0.000006
0.026411 0.603860 0.194073 0.109703 0.000824 0.065122 0.000007
0.026206 0.602772 0.194429 0.110039 0.000850 0.065697 0.000007
0.024534 0.600119 0.196346 0.111099 0.000840 0.067054 0.000007
0.023869 0.598709 0.197049 0.111751 0.000873 0.067741 0.000008
0.022430 0.595024 0.199388 0.112834 0.000889 0.069429 0.000006
0.021947 0.592960 0.200337 0.113501 0.000898 0.070349 0.000006
0.021261 0.590138 0.201938 0.114325 0.000899 0.071430 0.000009
0.020760 0.588696 0.202591 0.114749 0.000908 0.072289 0.000006
0.020916 0.588249 0.202875 0.114569 0.000909 0.072474 0.000007
0.020112 0.584313 0.204849 0.116009 0.000939 0.073772 0.000007
0.020169 0.583983 0.204834 0.115904 0.000937 0.074165 0.000007
0.019862 0.580741 0.206219 0.116590 0.000961 0.075618 0.000008
0.018965 0.578965 0.207181 0.117366 0.000961 0.076554 0.000007
0.018425 0.575804 0.208570 0.118344 0.000996 0.077852 0.000009
0.018382 0.574921 0.209082 0.118358 0.000984 0.078264 0.000009
0.018158 0.573221 0.209913 0.118773 0.000996 0.078930 0.000010
0.017938 0.570908 0.210787 0.119334 0.000999 0.080026 0.000007
0.017459 0.567983 0.211943 0.120322 0.001009 0.081275 0.000009
0.017518 0.566740 0.212616 0.120178 0.001034 0.081905 0.000008
0.017504 0.564796 0.213201 0.120631 0.001036 0.082825 0.000007
0.016790 0.562035 0.214728 0.121425 0.001054 0.083961 0.000007
0.016629 0.560771 0.215355 0.121691 0.001054 0.084492 0.000008
0.016237 0.557842 0.216415 0.122458 0.001070 0.085971 0.000007
0.016337 0.555856 0.216892 0.122983 0.001077 0.086847 0.000008
0.016107 0.555191 0.217547 0.122941 0.001099 0.087106 0.000009
0.015809 0.553418 0.218145 0.123407 0.001077 0.088135 0.000010
0.015687 0.551411 0.218833 0.123926 0.001101 0.089035 0.000008
0.015158 0.547358 0.220690 0.124875 0.001129 0.090781 0.000010
0.015004 0.545101 0.221376 0.125524 0.001144 0.091843 0.000008
0.015063 0.544734 0.221564 0.125521 0.001142 0.091968 0.000008
0.016781 0.540827 0.222148 0.125751 0.001158 0.093325 0.000009
0.020592 0.537162 0.221855 0.125483 0.001172 0.093726 0.000010
0.020363 0.534279 0.223055 0.126088 0.001167 0.095037 0.000012
0.022536 0.531744 0.222717 0.125966 0.001203 0.095825 0.000010
0.021838 0.530998 0.223215 0.126471 0.001213 0.096254 0.000011
0.023428 0.528091 0.223556 0.126439 0.001217 0.097256 0.000013
0.021819 0.527104 0.224526 0.127053 0.001221 0.098264 0.000013
0.027180 0.522594 0.224121 0.126321 0.001226 0.098544 0.000014
0.029261 0.518334 0.224383 0.126958 0.001241 0.099809 0.000013
0.028917 0.518128 0.224637 0.126867 0.001251 0.100185 0.000014
0.030128 0.513938 0.225545 0.127548 0.001270 0.101554 0.000016
0.030947 0.512927 0.225450 0.127443 0.001282 0.101933 0.000018
0.029990 0.512946 0.225681 0.127586 0.001263 0.102518 0.000014
0.030665 0.510353 0.225851 0.128041 0.001291 0.103782 0.000016
0.031446 0.509877 0.225664 0.127828 0.001300 0.103870 0.000015
0.027737 0.509865 0.227236 0.128766 0.001298 0.105081 0.000015
0.024444 0.507802 0.229324 0.129941 0.001304 0.107168 0.000016
0.027772 0.507031 0.228206 0.128821 0.001321 0.106834 0.000015
0.026939 0.505213 0.228848 0.129583 0.001341 0.108063 0.000014
0.024129 0.503141 0.230823 0.130546 0.001380 0.109962 0.000018
0.026372 0.501956 0.229912 0.130292 0.001355 0.110096 0.000017
0.024960 0.500894 0.230853 0.130547 0.001363 0.111367 0.000016
0.023740 0.499749 0.231712 0.131094 0.001386 0.112300 0.000018
0.021367 0.498968 0.232913 0.131692 0.001416 0.113627 0.000018
0.020668 0.497390 0.233580 0.132118 0.001420 0.114804 0.000020
0.019086 0.497036 0.234347 0.132579 0.001449 0.115486 0.000018
0.018204 0.494061 0.235686 0.133311 0.001458 0.117259 0.000021
0.017655 0.492177 0.236298 0.133662 0.001487 0.118703 0.000019
0.017095 0.491033 0.236854 0.134076 0.001482 0.119441 0.000019
0.016798 0.490283 0.237024 0.134132 0.001471 0.120269 0.000022
0.015548 0.488624 0.238257 0.134791 0.001513 0.121245 0.000022
0.015221 0.486440 0.238956 0.135217 0.001526 0.122621 0.000019
0.015080 0.485468 0.239222 0.135325 0.001528 0.123358 0.000020
0.014434 0.482945 0.240409 0.135848 0.001543 0.124804 0.000018
0.013996 0.481569 0.241042 0.136103 0.001538 0.125730 0.000021
0.013770 0.479435 0.241773 0.136530 0.001545 0.126925 0.000021
0.013111 0.476426 0.243015 0.137361 0.001592 0.128472 0.000023
0.012766 0.475400 0.243386 0.137406 0.001589 0.129431 0.000022
0.012911 0.473740 0.243522 0.137697 0.001638 0.130472 0.000021
0.012877 0.472334 0.243939 0.138136 0.001622 0.131070 0.000022
0.012256 0.470140 0.244865 0.138546 0.001639 0.132530 0.000024
0.012370 0.469517 0.244889 0.138583 0.001657 0.132964 0.000021
0.012090 0.466807 0.245847 0.139021 0.001639 0.134577 0.000020
0.011897 0.465431 0.246357 0.139189 0.001669 0.135437 0.000021
0.011763 0.463580 0.246891 0.139615 0.001674 0.136455 0.000022
0.011944 0.462670 0.247073 0.139328 0.001710 0.137251 0.000023
0.011955 0.460791 0.247129 0.139851 0.001699 0.138552 0.000024
0.011469 0.457494 0.248733 0.140459 0.001740 0.140084 0.000022
0.011311 0.456811 0.248997 0.140410 0.001716 0.140731 0.000024
0.011030 0.454140 0.249619 0.140994 0.001739 0.142454 0.000023
0.011109 0.454030 0.249613 0.140935 0.001765 0.142522 0.000025
0.011046 0.453240 0.249652 0.141147 0.001768 0.143125 0.000021
0.010800 0.450519 0.250548 0.141476 0.001761 0.144869 0.000027
0.010796 0.449206 0.250915 0.141679 0.001795 0.145582 0.000028
0.010693 0.445968 0.251782 0.142114 0.001826 0.147590 0.000026
0.010469 0.443899 0.252549 0.142306 0.001826 0.148922 0.000029
0.010506 0.442309 0.252877 0.142616 0.001832 0.149830 0.000030
0.010322 0.441156 0.252978 0.143026 0.001864 0.150627 0.000026
0.010544 0.441148 0.252922 0.142544 0.001861 0.150953 0.000028
0.010211 0.437361 0.254278 0.143155 0.001908 0.153057 0.000029
0.010181 0.436231 0.254268 0.143475 0.001905 0.153910 0.000029
0.010113 0.434610 0.254713 0.143817 0.001921 0.154797 0.000029
0.009967 0.433018 0.255488 0.143868 0.001900 0.155732 0.000028
0.009981 0.430814 0.255771 0.144222 0.001941 0.157242 0.000031
0.010045 0.428767 0.255913 0.144486 0.001940 0.158820 0.000030
0.010014 0.429617 0.255707 0.144042 0.001972 0.158615 0.000033
0.009755 0.426426 0.256957 0.144671 0.001980 0.160179 0.000032
0.009708 0.425754 0.256790 0.145063 0.001994 0.160658 0.000033
0.009852 0.423070 0.257358 0.145349 0.001996 0.162343 0.000032
0.009794 0.423456 0.257162 0.144858 0.002006 0.162685 0.000038
0.009621 0.420904 0.258135 0.145327 0.002038 0.163938 0.000038
0.009694 0.419251 0.258123 0.145620 0.002028 0.165247 0.000036
0.009634 0.416623 0.258778 0.146050 0.002069 0.166806 0.000040
0.009565 0.416203 0.258708 0.145844 0.002047 0.167598 0.000035
0.009472 0.413735 0.259442 0.146212 0.002086 0.169012 0.000041
0.009449 0.412141 0.259647 0.146512 0.002083 0.170130 0.000039
0.009491 0.410833 0.259892 0.146479 0.002084 0.171176 0.000044
0.009473 0.409654 0.260165 0.146706 0.002125 0.171839 0.000036
0.009417 0.408809 0.260282 0.146649 0.002123 0.172683 0.000038
0.009467 0.407766 0.260345 0.146705 0.002122 0.173556 0.000039
0.009352 0.405153 0.260952 0.147029 0.002164 0.175307 0.000044
0.009259 0.403725 0.261468 0.147196 0.002202 0.176103 0.000046
0.009279 0.402329 0.261653 0.147468 0.002160 0.177070 0.000041
0.009302 0.402778 0.261519 0.147151 0.002151 0.177056 0.000043
0.012548 0.399189 0.260825 0.147015 0.002145 0.178237 0.000041
0.017907 0.394937 0.259842 0.146497 0.002176 0.178599 0.000041
0.016640 0.394452 0.260183 0.146696 0.002174 0.179812 0.000042
0.018151 0.392945 0.259905 0.146581 0.002218 0.180152 0.000047
0.018117 0.391578 0.260054 0.146945 0.002194 0.181068 0.000045
0.019688 0.388954 0.260113 0.146681 0.002199 0.182320 0.000044
0.017350 0.389373 0.260755 0.147104 0.002236 0.183140 0.000043
0.017494 0.388564 0.260647 0.146968 0.002265 0.184022 0.000041
0.018860 0.385823 0.260500 0.146601 0.002266 0.185908 0.000042
0.019050 0.386304 0.260281 0.146658 0.002279 0.185378 0.000050
0.020844 0.384968 0.259321 0.146299 0.002258 0.186261 0.000049
0.018299 0.384992 0.260125 0.146791 0.002302 0.187443 0.000048
0.017253 0.383177 0.260852 0.147179 0.002302 0.189189 0.000048
0.016567 0.382969 0.261075 0.147225 0.002306 0.189817 0.000041
0.014916 0.382459 0.261680 0.147675 0.002319 0.190907 0.000044
0.014617 0.379610 0.262260 0.148087 0.002341 0.193035 0.000049
0.013767 0.378683 0.262878 0.148226 0.002350 0.194046 0.000050
0.013928 0.377296 0.262714 0.148253 0.002393 0.195365 0.000051
0.014730 0.377773 0.262284 0.147916 0.002380 0.194871 0.000045
0.013229 0.375401 0.263220 0.148453 0.002408 0.197243 0.000046
0.011924 0.373378 0.263812 0.149157 0.002405 0.199275 0.000049
0.011877 0.373054 0.264267 0.149007 0.002421 0.199327 0.000048
0.011291 0.369781 0.264999 0.149648 0.002438 0.201792 0.000050
0.011320 0.368439 0.265097 0.149573 0.002464 0.203052 0.000055
0.011266 0.369946 0.264572 0.149464 0.002440 0.202264 0.000050
0.011238 0.367667 0.265064 0.149550 0.002468 0.203963 0.000050
0.010622 0.366237 0.265221 0.150071 0.002514 0.205283 0.000052
0.010206 0.365080 0.265670 0.149949 0.002479 0.206567 0.000049
0.010070 0.363052 0.266012 0.150076 0.002510 0.208226 0.000053
0.009897 0.361511 0.266334 0.150489 0.002517 0.209199 0.000053
0.009716 0.359751 0.266612 0.150650 0.002533 0.210686 0.000052
0.009562 0.358511 0.266527 0.150901 0.002546 0.211899 0.000054
0.010004 0.358197 0.266302 0.150653 0.002575 0.212213 0.000056
0.009707 0.356581 0.266995 0.150759 0.002594 0.213312 0.000054
0.009642 0.354720 0.266980 0.150964 0.002588 0.215054 0.000051
0.009246 0.352657 0.267859 0.151196 0.002606 0.216380 0.000056
0.009307 0.352215 0.267543 0.151029 0.002593 0.217261 0.000052
0.009294 0.351848 0.267403 0.151192 0.002636 0.217574 0.000053
0.009377 0.350245 0.267465 0.151223 0.002638 0.218996 0.000055
0.009134 0.349275 0.267856 0.151356 0.002642 0.219682 0.000054
0.009172 0.347353 0.267937 0.151379 0.002665 0.221441 0.000055
0.009092 0.345303 0.268145 0.151647 0.002670 0.223085 0.000059
0.009017 0.344191 0.268089 0.151613 0.002684 0.224352 0.000055
0.008965 0.343098 0.268429 0.151632 0.002721 0.225095 0.000060
0.008992 0.342133 0.268676 0.151665 0.002705 0.225768 0.000061
0.008812 0.340930 0.268732 0.151888 0.002707 0.226872 0.000059
0.008844 0.339891 0.268710 0.151644 0.002715 0.228135 0.000061
0.008707 0.338377 0.268644 0.152303 0.002729 0.229181 0.000058
0.008712 0.337405 0.269057 0.152229 0.002738 0.229800 0.000060
0.009077 0.337585 0.268483 0.151729 0.002766 0.230299 0.000060
0.008831 0.335015 0.268991 0.152195 0.002781 0.232125 0.000062
0.008936 0.334354 0.268989 0.152051 0.002782 0.232827 0.000061
0.008855 0.332295 0.269037 0.152056 0.002793 0.234906 0.000059
0.008676 0.331262 0.269598 0.152198 0.002844 0.235360 0.000060
0.008755 0.329817 0.269489 0.152455 0.002857 0.236568 0.000060
0.008696 0.328436 0.269418 0.152460 0.002888 0.238042 0.000060
0.008737 0.327777 0.269568 0.152341 0.002854 0.238668 0.000055
0.008815 0.326695 0.269384 0.152171 0.002887 0.239986 0.000061
0.008633 0.325045 0.269592 0.152493 0.002912 0.241260 0.000064
0.008770 0.325078 0.269333 0.152426 0.002912 0.241419 0.000062
0.008553 0.321603 0.270184 0.152979 0.002922 0.243697 0.000063
0.008672 0.320973 0.269922 0.152471 0.002951 0.244947 0.000063
0.008559 0.319423 0.270228 0.152797 0.002925 0.246004 0.000063
0.008695 0.320026 0.269938 0.152404 0.002905 0.245971 0.000061
0.008688 0.318177 0.269933 0.152485 0.002962 0.247690 0.000066
0.008582 0.315814 0.270310 0.152908 0.002986 0.249334 0.000067
0.008615 0.315636 0.270309 0.152669 0.002985 0.249719 0.000066
0.008690 0.314566 0.270050 0.152502 0.003015 0.251108 0.000068
0.008666 0.313975 0.270260 0.152210 0.003032 0.251791 0.000066
0.008707 0.312958 0.270259 0.152445 0.003029 0.252531 0.000070
0.008654 0.311511 0.270457 0.152567 0.003035 0.253709 0.000067
0.008515 0.309134 0.270702 0.152723 0.003053 0.255807 0.000066
0.008597 0.308710 0.270388 0.152827 0.003079 0.256328 0.000070
0.008714 0.309726 0.270126 0.152583 0.003047 0.255742 0.000063
0.008643 0.308105 0.270394 0.152414 0.003068 0.257308 0.000067
0.008566 0.306236 0.270631 0.152416 0.003089 0.258995 0.000067
0.008747 0.306013 0.270046 0.152358 0.003062 0.259707 0.000067
0.008638 0.303733 0.270682 0.152483 0.003084 0.261311 0.000069
0.008659 0.302284 0.270475 0.152509 0.003100 0.262912 0.000062
0.008594 0.300503 0.270691 0.152663 0.003130 0.264347 0.000072
0.008652 0.299678 0.270666 0.152606 0.003106 0.265221 0.000071
0.008657 0.299864 0.270346 0.152299 0.003152 0.265608 0.000074
0.008619 0.298195 0.270635 0.152466 0.003167 0.266844 0.000074
0.008672 0.297283 0.270478 0.152461 0.003176 0.267855 0.000075
0.008662 0.297213 0.270271 0.152445 0.003176 0.268158 0.000075
0.008601 0.295346 0.270425 0.152429 0.003150 0.269976 0.000072
0.008617 0.293291 0.270647 0.152481 0.003185 0.271705 0.000075
0.008633 0.294282 0.270362 0.152293 0.003191 0.271168 0.000071
0.008613 0.292452 0.270247 0.152420 0.003175 0.273020 0.000073
0.008691 0.291245 0.270095 0.152524 0.003196 0.274175 0.000075
0.008681 0.290527 0.270143 0.152503 0.003219 0.274852 0.000075
0.008716 0.289713 0.269933 0.152268 0.003235 0.276060 0.000074
0.008709 0.288563 0.269883 0.152333 0.003246 0.277186 0.000080
0.008697 0.287168 0.270056 0.152161 0.003256 0.278587 0.000075
0.008651 0.285374 0.270367 0.152110 0.003288 0.280128 0.000080
0.008644 0.284072 0.270372 0.152157 0.003280 0.281398 0.000078
0.008732 0.284531 0.269773 0.151955 0.003254 0.281671 0.000084
0.008744 0.283386 0.270197 0.152081 0.003251 0.282263 0.000078
0.008752 0.282207 0.269968 0.152230 0.003296 0.283468 0.000079
0.008737 0.280465 0.269882 0.151977 0.003299 0.285557 0.000083
0.008746 0.278957 0.269909 0.152239 0.003325 0.286741 0.000083
0.008814 0.278744 0.269733 0.151976 0.003329 0.287319 0.000086
0.008823 0.278952 0.269531 0.152089 0.003291 0.287233 0.000080
0.008825 0.277841 0.269382 0.151979 0.003350 0.288540 0.000084
0.008796 0.276003 0.269558 0.152005 0.003315 0.290235 0.000087
0.008883 0.274647 0.269509 0.151675 0.003348 0.291858 0.000080
0.008874 0.274407 0.269252 0.151616 0.003421 0.292345 0.000086
0.008831 0.273577 0.269156 0.151543 0.003376 0.293435 0.000082
0.008808 0.272081 0.269516 0.151638 0.003380 0.294493 0.000085
0.008864 0.271504 0.269239 0.151516 0.003436 0.295352 0.000089
0.008889 0.270674 0.268877 0.151466 0.003389 0.296616 0.000088
0.008871 0.269487 0.269014 0.151625 0.003447 0.297464 0.000092
0.008905 0.268803 0.268659 0.151425 0.003422 0.298698 0.000088
0.008877 0.268986 0.268777 0.151533 0.003441 0.298297 0.000089
0.008856 0.266654 0.268799 0.151373 0.003448 0.300780 0.000090
0.008918 0.265940 0.268330 0.151301 0.003449 0.301976 0.000086
0.008951 0.265840 0.268521 0.151190 0.003456 0.301956 0.000086
0.008934 0.263202 0.268196 0.151436 0.003511 0.304631 0.000092
0.008915 0.263335 0.268290 0.151206 0.003482 0.304682 0.000090
0.009011 0.263736 0.267755 0.151139 0.003530 0.304736 0.000093
0.008999 0.262341 0.268231 0.150907 0.003530 0.305903 0.000090
0.009054 0.261057 0.267514 0.150951 0.003534 0.307801 0.000089
0.009070 0.259394 0.267658 0.150838 0.003566 0.309377 0.000096
0.009094 0.258584 0.267550 0.151054 0.003586 0.310035 0.000097
0.009103 0.258124 0.267541 0.150535 0.003558 0.311046 0.000092
0.009080 0.257689 0.267314 0.150617 0.003586 0.311622 0.000092
0.009064 0.256023 0.267217 0.150787 0.003646 0.313169 0.000094
0.009046 0.254616 0.267368 0.150605 0.003659 0.314614 0.000091
0.009128 0.255923 0.267144 0.150518 0.003621 0.313570 0.000097
0.009097 0.253690 0.266695 0.150556 0.003641 0.316228 0.000093
0.009128 0.252329 0.266854 0.150551 0.003637 0.317403 0.000099
0.009137 0.251339 0.267092 0.150464 0.003651 0.318220 0.000098
0.009134 0.251084 0.266372 0.150230 0.003708 0.319379 0.000093
0.009182 0.249672 0.266580 0.149975 0.003720 0.320776 0.000095
0.009246 0.249813 0.266260 0.150099 0.003708 0.320775 0.000098
0.009235 0.249268 0.266067 0.150221 0.003699 0.321421 0.000089
0.009209 0.247849 0.266179 0.150035 0.003742 0.322887 0.000100
0.009256 0.247048 0.265744 0.149616 0.003736 0.324508 0.000092
0.009251 0.246934 0.265674 0.149542 0.003754 0.324750 0.000095
0.009320 0.246699 0.265550 0.149592 0.003790 0.324951 0.000097
0.009270 0.244417 0.265516 0.149583 0.003798 0.327318 0.000098
0.009347 0.243500 0.265421 0.149312 0.003758 0.328568 0.000094
0.009372 0.242646 0.265235 0.149281 0.003791 0.329579 0.000096
0.009404 0.242853 0.265151 0.149233 0.003761 0.329502 0.000097
0.009366 0.241742 0.265142 0.149195 0.003823 0.330638 0.000095
0.009430 0.241266 0.264936 0.148862 0.003817 0.331595 0.000094
0.009367 0.239493 0.264784 0.148965 0.003888 0.333409 0.000094
0.009419 0.239335 0.264274 0.149158 0.003852 0.333864 0.000098
0.009372 0.238266 0.264272 0.149111 0.003849 0.335032 0.000098
0.009494 0.237454 0.264048 0.148747 0.003841 0.336321 0.000095
0.009481 0.236524 0.263955 0.148670 0.003860 0.337408 0.000102
0.009483 0.235761 0.263352 0.148673 0.003899 0.338730 0.000102
0.009563 0.235044 0.263578 0.148506 0.003895 0.339314 0.000100
0.009593 0.235265 0.263430 0.148421 0.003902 0.339277 0.000111
0.009563 0.232508 0.263083 0.148485 0.003943 0.342312 0.000106
0.009578 0.232570 0.263183 0.148145 0.003914 0.342503 0.000108
0.009587 0.232484 0.262849 0.148113 0.003926 0.342939 0.000103
0.009593 0.231619 0.262722 0.147840 0.003924 0.344191 0.000110
0.009627 0.230814 0.262516 0.147880 0.003948 0.345105 0.000111
0.009613 0.229491 0.262776 0.147844 0.003980 0.346191 0.000104
0.009604 0.228938 0.262262 0.147698 0.003974 0.347421 0.000102
0.009595 0.228533 0.262356 0.147647 0.004013 0.347748 0.000107
0.009655 0.227213 0.261741 0.147274 0.004006 0.350005 0.000107
0.009655 0.226643 0.261841 0.147533 0.003974 0.350246 0.000108
0.009613 0.226718 0.261847 0.147441 0.004017 0.350253 0.000112
0.009748 0.225625 0.261780 0.147307 0.004017 0.351411 0.000112
0.009796 0.224937 0.261036 0.147176 0.004024 0.352926 0.000105
0.009858 0.223589 0.260897 0.147098 0.004040 0.354402 0.000116
0.009781 0.223445 0.260732 0.146784 0.004034 0.355114 0.000110
0.009818 0.222461 0.260493 0.146843 0.004064 0.356205 0.000116
0.009907 0.221928 0.260546 0.146804 0.004071 0.356631 0.000113
0.009881 0.220705 0.260221 0.146562 0.004090 0.358421 0.000120
0.009953 0.220302 0.260283 0.146586 0.004064 0.358694 0.000117
0.009896 0.218976 0.259910 0.146267 0.004091 0.360746 0.000114
0.009935 0.218928 0.259922 0.146311 0.004104 0.360684 0.000116
0.009919 0.218377 0.259797 0.146065 0.004094 0.361626 0.000122
0.009973 0.217388 0.259283 0.146375 0.004109 0.362755 0.000117
0.010024 0.217027 0.259255 0.145877 0.004109 0.363586 0.000123
0.010021 0.216341 0.258943 0.145887 0.004126 0.364558 0.000124
0.010041 0.215661 0.258728 0.145741 0.004127 0.365580 0.000122
0.010101 0.213848 0.258118 0.145273 0.004126 0.368405 0.000128
0.009947 0.214581 0.258579 0.145362 0.004143 0.367271 0.000118
0.010087 0.213201 0.257919 0.145299 0.004152 0.369221 0.000121
0.010029 0.213125 0.257756 0.145269 0.004232 0.369469 0.000120
0.010168 0.211815 0.257468 0.145145 0.004191 0.371092 0.000122
0.010152 0.211983 0.257637 0.145023 0.004183 0.370892 0.000129
0.010216 0.210753 0.257145 0.144884 0.004234 0.372644 0.000125
0.010179 0.210102 0.257117 0.144840 0.004203 0.373431 0.000128
0.010231 0.210064 0.256682 0.144911 0.004232 0.373746 0.000135
0.010280 0.208622 0.256711 0.144478 0.004170 0.375607 0.000132
0.010378 0.208274 0.256309 0.144293 0.004248 0.376374 0.000123
0.010400 0.206945 0.255807 0.144069 0.004266 0.378378 0.000136
0.010353 0.207222 0.255925 0.144267 0.004255 0.377846 0.000131
0.010399 0.206746 0.255601 0.143894 0.004261 0.378965 0.000133
0.010477 0.206019 0.255274 0.144093 0.004266 0.379735 0.000135
0.010385 0.204976 0.255151 0.143781 0.004289 0.381286 0.000132
0.010440 0.203824 0.255178 0.143793 0.004332 0.382298 0.000135
0.010478 0.203416 0.254695 0.143761 0.004268 0.383248 0.000134
0.010564 0.203092 0.254541 0.143615 0.004327 0.383731 0.000131
0.010547 0.202269 0.254095 0.143508 0.004329 0.385116 0.000137
0.010485 0.201897 0.254244 0.143465 0.004266 0.385504 0.000139
0.010637 0.201092 0.253819 0.143156 0.004308 0.386850 0.000139
0.010612 0.200423 0.253677 0.143016 0.004361 0.387777 0.000135
0.010720 0.200380 0.253789 0.143032 0.004346 0.387595 0.000140
0.010693 0.199460 0.253349 0.143043 0.004357 0.388960 0.000138
0.010732 0.198987 0.253237 0.142499 0.004345 0.390063 0.000138
0.010707 0.198027 0.253276 0.142471 0.004365 0.391013 0.000141
0.010822 0.196929 0.252866 0.142350 0.004404 0.392490 0.000140
0.010849 0.195887 0.252258 0.142224 0.004402 0.394237 0.000141
0.010820 0.196519 0.252350 0.142083 0.004392 0.393687 0.000148
0.010833 0.195321 0.252006 0.142077 0.004396 0.395228 0.000139
0.010941 0.194751 0.251421 0.141977 0.004440 0.396330 0.000138
0.010947 0.194149 0.251730 0.141825 0.004449 0.396753 0.000147
0.010954 0.193465 0.251382 0.141744 0.004410 0.397895 0.000149
0.010979 0.192426 0.251277 0.141717 0.004458 0.398999 0.000142
0.011010 0.192658 0.250966 0.141706 0.004457 0.399058 0.000145
0.011051 0.191963 0.250792 0.141216 0.004467 0.400363 0.000148
0.011025 0.191362 0.250621 0.141099 0.004491 0.401253 0.000149
0.010986 0.191811 0.250509 0.141076 0.004458 0.401018 0.000141
0.011219 0.190749 0.249842 0.141103 0.004472 0.402468 0.000147
0.011146 0.189616 0.249744 0.140874 0.004526 0.403950 0.000143
0.011214 0.188657 0.249214 0.140551 0.004467 0.405743 0.000154
0.011173 0.188565 0.249344 0.140338 0.004517 0.405920 0.000143
0.011240 0.187913 0.249079 0.140277 0.004493 0.406849 0.000149
0.011318 0.187243 0.248897 0.140025 0.004508 0.407855 0.000155
0.011315 0.186159 0.248111 0.140144 0.004507 0.409618 0.000145
0.011395 0.185525 0.248006 0.139948 0.004539 0.410443 0.000143
0.011428 0.185018 0.247752 0.139507 0.004529 0.411619 0.000147
0.011421 0.184714 0.247553 0.139662 0.004544 0.411960 0.000145
0.011443 0.184440 0.247494 0.139725 0.004509 0.412240 0.000148
0.011534 0.183286 0.247091 0.139666 0.004530 0.413736 0.000157
0.011537 0.182831 0.246916 0.139409 0.004531 0.414628 0.000148
0.011520 0.182886 0.246864 0.139110 0.004549 0.414919 0.000151
0.011546 0.182411 0.246699 0.139153 0.004599 0.415441 0.000151
0.011611 0.181339 0.246108 0.139038 0.004572 0.417181 0.000151
0.011536 0.181106 0.245813 0.138718 0.004589 0.418080 0.000157
0.011603 0.180722 0.245548 0.138502 0.004595 0.418867 0.000163
0.011685 0.180361 0.245368 0.138562 0.004599 0.419266 0.000159
0.011770 0.179710 0.244811 0.138608 0.004622 0.420322 0.000156
0.011715 0.179195 0.244800 0.138166 0.004578 0.421384 0.000163
0.011873 0.178209 0.244286 0.138041 0.004622 0.422808 0.000161
0.011888 0.177514 0.244237 0.138032 0.004672 0.423493 0.000163
0.011848 0.177637 0.244092 0.137869 0.004640 0.423749 0.000165
0.011911 0.176585 0.243801 0.137648 0.004664 0.425229 0.000164
0.011889 0.176808 0.243842 0.137497 0.004634 0.425165 0.000165
0.012012 0.175545 0.243405 0.137379 0.004668 0.426828 0.000163
0.012038 0.175025 0.242935 0.137271 0.004661 0.427891 0.000178
0.012158 0.174630 0.242406 0.137067 0.004652 0.428921 0.000165
0.012101 0.174361 0.242665 0.136821 0.004666 0.429206 0.000180
0.012136 0.173907 0.242234 0.136846 0.004697 0.430009 0.000171
0.012227 0.173217 0.242116 0.136755 0.004727 0.430784 0.000175
0.012170 0.172572 0.241717 0.136249 0.004700 0.432421 0.000171
0.012285 0.172301 0.241450 0.136409 0.004685 0.432693 0.000177
0.012267 0.171618 0.240972 0.136341 0.004681 0.433946 0.000175
0.012281 0.171431 0.241276 0.136168 0.004716 0.433958 0.000170
0.012302 0.171115 0.240737 0.135917 0.004702 0.435056 0.000171
0.012386 0.169920 0.240458 0.135834 0.004734 0.436487 0.000182
0.012383 0.170210 0.240411 0.135625 0.004729 0.436473 0.000170
0.012378 0.169400 0.239545 0.135358 0.004750 0.438390 0.000179
0.012427 0.169036 0.239740 0.135285 0.004790 0.438539 0.000181
0.012355 0.168642 0.239423 0.135275 0.004773 0.439354 0.000179
0.012452 0.167344 0.239153 0.135111 0.004784 0.440970 0.000186
0.012528 0.167308 0.238628 0.134973 0.004774 0.441612 0.000176
0.012536 0.166686 0.238797 0.134927 0.004755 0.442109 0.000190
0.012596 0.166455 0.238387 0.134802 0.004718 0.442862 0.000180
0.012584 0.166538 0.237951 0.134534 0.004759 0.443448 0.000186
0.012582 0.165451 0.238028 0.134137 0.004804 0.444821 0.000177
0.012701 0.165232 0.237481 0.134161 0.004809 0.445429 0.000185
0.012745 0.164641 0.237296 0.133971 0.004834 0.446325 0.000187
0.012762 0.164358 0.237124 0.133875 0.004783 0.446907 0.000191
0.012876 0.163527 0.236407 0.133658 0.004790 0.448552 0.000190
0.012855 0.163589 0.236480 0.133449 0.004796 0.448638 0.000193
0.012867 0.163076 0.236385 0.133540 0.004853 0.449076 0.000203
0.012870 0.161852 0.235754 0.133242 0.004834 0.451260 0.000189
0.012904 0.161902 0.235662 0.133108 0.004868 0.451366 0.000191
0.012993 0.160975 0.235456 0.132816 0.004857 0.452713 0.000191
0.012973 0.160431 0.235215 0.132842 0.004859 0.453494 0.000186
0.013027 0.160918 0.234900 0.132911 0.004854 0.453196 0.000194
0.012987 0.160165 0.234703 0.132507 0.004839 0.454603 0.000197
0.013055 0.160293 0.234542 0.132661 0.004857 0.454393 0.000198
0.013097 0.159802 0.234184 0.132434 0.004890 0.455399 0.000194
0.013218 0.159208 0.233966 0.132173 0.004848 0.456386 0.000202
0.013211 0.158626 0.233813 0.131911 0.004866 0.457367 0.000206
0.013316 0.158195 0.233520 0.131812 0.004909 0.458060 0.000189
0.013245 0.157505 0.233393 0.131457 0.004921 0.459275 0.000204
0.013386 0.157113 0.232842 0.131535 0.004911 0.460011 0.000202
0.013437 0.157070 0.232386 0.131421 0.004890 0.460581 0.000215
0.013498 0.156148 0.232318 0.131203 0.004912 0.461702 0.000218
0.013450 0.155683 0.232151 0.130896 0.004897 0.462715 0.000207
0.013462 0.155540 0.232036 0.130968 0.004931 0.462855 0.000208
0.013522 0.155114 0.231484 0.130517 0.004946 0.464203 0.000214
0.013540 0.154133 0.230736 0.130628 0.004951 0.465813 0.000200
0.013648 0.154183 0.231089 0.130512 0.004956 0.465404 0.000209
0.013630 0.153659 0.231010 0.130123 0.004975 0.466397 0.000206
0.013584 0.153038 0.230369 0.129911 0.004985 0.467910 0.000203
0.013786 0.152978 0.230079 0.129855 0.004958 0.468123 0.000222
0.013627 0.152863 0.229880 0.129871 0.004992 0.468563 0.000205
0.013783 0.151923 0.229603 0.129489 0.004971 0.470018 0.000213
0.013772 0.152001 0.229144 0.129369 0.004941 0.470569 0.000204
0.013738 0.151086 0.228727 0.129100 0.004975 0.472161 0.000213
0.013814 0.151315 0.228647 0.129172 0.005023 0.471820 0.000210
0.013837 0.151150 0.228537 0.128972 0.004964 0.472327 0.000213
0.013908 0.150686 0.228193 0.128647 0.004948 0.473411 0.000209
0.013925 0.149644 0.227676 0.128637 0.005001 0.474891 0.000227
0.013841 0.149121 0.227026 0.128345 0.004981 0.476470 0.000216
0.013952 0.149058 0.227307 0.128180 0.005008 0.476285 0.000211
0.013952 0.149298 0.227531 0.128198 0.005021 0.475782 0.000219
0.013978 0.147996 0.226747 0.127687 0.005011 0.478357 0.000223
0.014021 0.148095 0.226327 0.128008 0.005047 0.478289 0.000214
0.014026 0.147760 0.226505 0.127739 0.005070 0.478682 0.000219
0.014068 0.147185 0.226031 0.127431 0.005019 0.480055 0.000212
0.014117 0.147068 0.225465 0.127336 0.005063 0.480726 0.000225
0.014220 0.146484 0.225294 0.127010 0.005056 0.481712 0.000223
0.014290 0.146086 0.225222 0.126967 0.005079 0.482129 0.000227
0.014350 0.145511 0.224791 0.126618 0.005012 0.483497 0.000221
0.014439 0.144561 0.224145 0.126680 0.005115 0.484828 0.000231
0.014409 0.145015 0.224477 0.126423 0.005047 0.484412 0.000216
0.014380 0.144212 0.224014 0.126224 0.005053 0.485893 0.000223
0.014462 0.144460 0.223863 0.126221 0.005104 0.485661 0.000230
0.014426 0.143354 0.223502 0.125824 0.005057 0.487605 0.000233
0.014529 0.143366 0.223338 0.125789 0.005100 0.487649 0.000230
0.014571 0.143628 0.223161 0.125944 0.005101 0.487364 0.000231
0.014511 0.143458 0.223421 0.125634 0.005085 0.487659 0.000233
0.014592 0.142485 0.222531 0.125374 0.005053 0.489733 0.000234
0.014662 0.141801 0.221987 0.125011 0.005115 0.491194 0.000230
0.014571 0.141707 0.222092 0.124952 0.005130 0.491303 0.000245
0.014697 0.141527 0.221340 0.124915 0.005122 0.492163 0.000235
0.014733 0.141469 0.221768 0.124786 0.005135 0.491881 0.000227
0.014854 0.140347 0.220833 0.124716 0.005080 0.493937 0.000234
0.014873 0.140500 0.220756 0.124361 0.005115 0.494161 0.000233
0.014901 0.140001 0.220471 0.124231 0.005140 0.495017 0.000240
0.014868 0.140025 0.220476 0.124409 0.005106 0.494869 0.000248
0.015024 0.139327 0.219762 0.124117 0.005139 0.496381 0.000250
0.015001 0.139519 0.220123 0.123978 0.005130 0.496005 0.000244
0.015077 0.138778 0.219455 0.123877 0.005168 0.497403 0.000242
0.014984 0.138311 0.219219 0.123789 0.005142 0.498311 0.000244
0.015160 0.137794 0.218802 0.123348 0.005145 0.499505 0.000245
0.015198 0.137595 0.218352 0.123285 0.005128 0.500196 0.000245
0.015149 0.137339 0.218139 0.123139 0.005129 0.500861 0.000245
0.015221 0.137757 0.218215 0.123130 0.005131 0.500304 0.000243
0.015217 0.136810 0.217980 0.123013 0.005153 0.501570 0.000257
0.015236 0.136286 0.217743 0.122667 0.005165 0.502644 0.000259
0.015386 0.136034 0.217359 0.122621 0.005174 0.503160 0.000266
0.015477 0.135502 0.216757 0.122128 0.005222 0.504665 0.000249
0.015542 0.135628 0.216374 0.122288 0.005061 0.504857 0.000250
0.015521 0.135292 0.216345 0.122149 0.005137 0.505299 0.000257
0.015472 0.135019 0.216393 0.121975 0.005148 0.505736 0.000258
0.015520 0.134626 0.215766 0.122033 0.005196 0.506611 0.000248
0.015541 0.134307 0.215431 0.121730 0.005169 0.507578 0.000244
0.015674 0.133667 0.214967 0.121516 0.005151 0.508774 0.000251
