0.963366 0.035885 0.000471 0.000266 0.000000 0.000013 0.000000
0.702897 0.287018 0.006319 0.003558 0.000002 0.000205 0.000000
0.421986 0.543920 0.021006 0.011969 0.000012 0.001107 0.000000
0.247036 0.672287 0.048536 0.027692 0.000050 0.004399 0.000000
0.145611 0.707941 0.085689 0.048608 0.000140 0.012010 0.000001
0.073988 0.701443 0.127244 0.071998 0.000299 0.025027 0.000002
0.044893 0.655620 0.163783 0.092786 0.000503 0.042413 0.000003
0.033843 0.604223 0.190931 0.108242 0.000730 0.062027 0.000005
0.028778 0.552591 0.213001 0.120711 0.000969 0.083941 0.000008
0.028433 0.503833 0.229431 0.130011 0.001200 0.107078 0.000014
0.035426 0.459796 0.238442 0.135108 0.001443 0.129769 0.000017
0.030363 0.422831 0.248788 0.140856 0.001713 0.155428 0.000022
0.024841 0.386371 0.257867 0.145950 0.002000 0.182943 0.000029
0.023389 0.352830 0.262750 0.148604 0.002263 0.210126 0.000037
0.022280 0.320191 0.266212 0.150720 0.002541 0.238008 0.000048
0.024209 0.290759 0.266369 0.150978 0.002790 0.264838 0.000058
0.030692 0.263722 0.263501 0.149335 0.003017 0.289665 0.000068
0.036777 0.243156 0.258356 0.146382 0.003215 0.312039 0.000075
0.038179 0.224501 0.253856 0.143993 0.003412 0.335975 0.000084
0.036499 0.203378 0.251230 0.142291 0.003647 0.362856 0.000100
0.039723 0.184565 0.246030 0.139166 0.003820 0.386582 0.000114
0.043514 0.168108 0.240017 0.135487 0.004009 0.408734 0.000130
0.047743 0.153438 0.233346 0.131372 0.004169 0.429786 0.000146
0.052217 0.140186 0.226258 0.127119 0.004320 0.449734 0.000165
0.056892 0.128282 0.218901 0.122916 0.004434 0.468391 0.000185
0.061921 0.116949 0.211475 0.118392 0.004554 0.486510 0.000201
0.067070 0.107345 0.203767 0.113912 0.004648 0.503042 0.000215
0.072505 0.098248 0.195963 0.109330 0.004694 0.519027 0.000234
0.077962 0.090064 0.188315 0.104884 0.004760 0.533765 0.000250
0.083699 0.082921 0.180582 0.100503 0.004817 0.547208 0.000270
0.089688 0.076257 0.173119 0.096024 0.004835 0.559791 0.000286
0.095881 0.070154 0.165742 0.091749 0.004849 0.571318 0.000306
0.102159 0.064501 0.158632 0.087466 0.004865 0.582048 0.000329
0.108533 0.059281 0.151497 0.083420 0.004868 0.592054 0.000347
0.115039 0.054660 0.144750 0.079470 0.004861 0.600855 0.000366
0.121651 0.050479 0.138239 0.075629 0.004838 0.608778 0.000385
0.128497 0.046654 0.131704 0.071771 0.004794 0.616172 0.000408
0.135462 0.043118 0.125426 0.067991 0.004774 0.622800 0.000429
0.142506 0.040014 0.119525 0.064510 0.004716 0.628277 0.000451
0.149628 0.037067 0.113776 0.061198 0.004701 0.633164 0.000466
0.156821 0.034237 0.108376 0.058044 0.004641 0.637399 0.000481
0.163819 0.031922 0.103187 0.055033 0.004576 0.640966 0.000496
0.171287 0.029607 0.098078 0.052028 0.004506 0.643973 0.000521
0.178641 0.027547 0.093210 0.049201 0.004440 0.646425 0.000536
0.186165 0.025562 0.088476 0.046465 0.004364 0.648415 0.000554
0.193576 0.023814 0.083999 0.043967 0.004297 0.649777 0.000570
0.201116 0.022205 0.079799 0.041488 0.004243 0.650560 0.000589
0.208807 0.020657 0.075850 0.039184 0.004171 0.650729 0.000602
0.216378 0.019296 0.071972 0.037043 0.004092 0.650601 0.000617
0.223936 0.018002 0.068248 0.034971 0.004021 0.650186 0.000637
0.231468 0.016849 0.064752 0.033012 0.003917 0.649355 0.000647
0.239064 0.015791 0.061412 0.031238 0.003845 0.647992 0.000658
0.246845 0.014713 0.058179 0.029361 0.003758 0.646472 0.000672
0.269165 0.020315 0.053784 0.027045 0.003578 0.625446 0.000668
0.264402 0.030786 0.051468 0.025813 0.003495 0.623348 0.000687
0.267791 0.021125 0.049734 0.024849 0.003464 0.632329 0.000707
0.275512 0.017489 0.047353 0.023560 0.003392 0.631971 0.000723
0.283058 0.015757 0.045178 0.022260 0.003318 0.629689 0.000739
0.290909 0.014098 0.042896 0.021007 0.003237 0.627093 0.000759
0.298874 0.012436 0.040628 0.019711 0.003162 0.624426 0.000762
0.321512 0.021703 0.037674 0.018146 0.002955 0.597251 0.000759
0.313193 0.031880 0.036630 0.017448 0.002903 0.597176 0.000769
0.317954 0.020560 0.035721 0.017062 0.002891 0.605020 0.000791
0.325235 0.017812 0.034547 0.016448 0.002807 0.602343 0.000809
0.333345 0.014495 0.032813 0.015559 0.002753 0.600221 0.000814
0.340709 0.012992 0.031302 0.014828 0.002687 0.596666 0.000816
0.347699 0.012033 0.029998 0.014187 0.002634 0.592609 0.000840
0.355316 0.010670 0.028433 0.013353 0.002542 0.588834 0.000852
0.362375 0.010265 0.027078 0.012663 0.002454 0.584306 0.000859
0.369014 0.009862 0.026175 0.012106 0.002392 0.579579 0.000872
0.376694 0.008645 0.024624 0.011351 0.002322 0.575483 0.000882
0.382880 0.008295 0.023763 0.010927 0.002268 0.570976 0.000890
0.390077 0.007764 0.022559 0.010314 0.002223 0.566157 0.000906
0.397713 0.006850 0.021071 0.009554 0.002149 0.561757 0.000906
0.404650 0.006390 0.020013 0.009022 0.002067 0.556942 0.000916
0.411467 0.005748 0.018956 0.008494 0.002015 0.552390 0.000931
0.418180 0.005587 0.018227 0.008186 0.001947 0.546939 0.000934
0.424511 0.005209 0.017331 0.007747 0.001888 0.542372 0.000942
0.431790 0.004734 0.016297 0.007218 0.001847 0.537165 0.000949
0.438452 0.004397 0.015364 0.006812 0.001771 0.532260 0.000943
0.445485 0.004001 0.014337 0.006282 0.001716 0.527216 0.000963
0.451604 0.003812 0.013691 0.005997 0.001665 0.522255 0.000976
0.457610 0.003747 0.013298 0.005811 0.001618 0.516941 0.000974
0.464739 0.003390 0.012281 0.005256 0.001557 0.511783 0.000995
0.471185 0.003147 0.011490 0.004886 0.001519 0.506777 0.000996
0.477199 0.003084 0.011028 0.004708 0.001471 0.501514 0.000996
0.483760 0.002827 0.010268 0.004336 0.001419 0.496391 0.000998
0.489285 0.002741 0.009885 0.004147 0.001388 0.491547 0.001007
0.495413 0.002583 0.009368 0.003928 0.001345 0.486343 0.001020
0.501923 0.002363 0.008686 0.003598 0.001298 0.481115 0.001017
0.507761 0.002264 0.008257 0.003385 0.001246 0.476074 0.001013
0.513221 0.002170 0.007835 0.003190 0.001209 0.471356 0.001019
0.519188 0.002058 0.007415 0.003006 0.001155 0.466136 0.001042
0.525247 0.001978 0.007005 0.002792 0.001111 0.460835 0.001032
0.530531 0.001905 0.006698 0.002618 0.001071 0.456124 0.001051
0.536129 0.001839 0.006406 0.002486 0.001049 0.451044 0.001046
0.542137 0.001680 0.005931 0.002250 0.000978 0.445970 0.001053
0.547941 0.001611 0.005575 0.002096 0.000941 0.440788 0.001049
0.553068 0.001548 0.005307 0.002003 0.000898 0.436112 0.001064
0.558462 0.001505 0.005044 0.001889 0.000883 0.431137 0.001080
0.563971 0.001415 0.004723 0.001754 0.000847 0.426229 0.001061
0.569254 0.001347 0.004457 0.001638 0.000826 0.421408 0.001071
0.574009 0.001347 0.004271 0.001572 0.000806 0.416916 0.001078
0.579289 0.001282 0.004035 0.001450 0.000769 0.412091 0.001082
0.584216 0.001264 0.003897 0.001407 0.000747 0.407382 0.001088
0.589379 0.001188 0.003613 0.001304 0.000719 0.402723 0.001073
0.594571 0.001155 0.003438 0.001217 0.000686 0.397824 0.001108
0.599994 0.001112 0.003181 0.001086 0.000671 0.392877 0.001079
0.604635 0.001084 0.003065 0.001059 0.000640 0.388418 0.001100
0.609029 0.001051 0.002946 0.001007 0.000626 0.384240 0.001101
0.614108 0.001022 0.002757 0.000923 0.000599 0.379488 0.001104
0.619198 0.000961 0.002548 0.000827 0.000574 0.374777 0.001115
0.623932 0.000938 0.002404 0.000793 0.000549 0.370277 0.001107
0.627878 0.000934 0.002374 0.000766 0.000532 0.366424 0.001092
0.632595 0.000923 0.002233 0.000701 0.000516 0.361920 0.001111
0.636925 0.000908 0.002136 0.000689 0.000506 0.357723 0.001113
0.641582 0.000882 0.002019 0.000621 0.000474 0.353299 0.001123
0.646129 0.000858 0.001892 0.000586 0.000455 0.348962 0.001117
0.650320 0.000836 0.001792 0.000550 0.000438 0.344951 0.001113
0.654682 0.000812 0.001697 0.000522 0.000427 0.340733 0.001128
0.659081 0.000800 0.001608 0.000465 0.000418 0.336506 0.001122
0.663826 0.000781 0.001503 0.000420 0.000401 0.331948 0.001122
0.666767 0.000790 0.001509 0.000431 0.000384 0.328993 0.001127
0.671286 0.000773 0.001417 0.000405 0.000382 0.324611 0.001126
0.675223 0.000755 0.001366 0.000388 0.000358 0.320784 0.001127
0.679375 0.000752 0.001291 0.000356 0.000338 0.316734 0.001154
0.683323 0.000737 0.001220 0.000333 0.000338 0.312907 0.001141
0.686917 0.000727 0.001179 0.000324 0.000326 0.309378 0.001149
0.690586 0.000715 0.001123 0.000303 0.000318 0.305822 0.001133
0.694621 0.000699 0.001052 0.000277 0.000300 0.301901 0.001150
0.697916 0.000686 0.001018 0.000269 0.000293 0.298666 0.001151
0.701975 0.000682 0.000964 0.000257 0.000281 0.294702 0.001140
0.705726 0.000668 0.000899 0.000236 0.000265 0.291061 0.001146
0.709077 0.000660 0.000860 0.000221 0.000255 0.287778 0.001149
0.712287 0.000658 0.000821 0.000223 0.000251 0.284598 0.001161
0.715724 0.000654 0.000798 0.000214 0.000237 0.281217 0.001156
0.719291 0.000649 0.000765 0.000200 0.000228 0.277705 0.001163
0.723229 0.000634 0.000703 0.000192 0.000225 0.273863 0.001153
0.726705 0.000623 0.000678 0.000181 0.000211 0.270430 0.001172
0.730074 0.000618 0.000642 0.000176 0.000206 0.267115 0.001169
0.733132 0.000608 0.000627 0.000176 0.000201 0.264090 0.001166
0.736458 0.000605 0.000598 0.000168 0.000193 0.260816 0.001161
0.739918 0.000594 0.000569 0.000150 0.000186 0.257410 0.001172
0.742363 0.000592 0.000570 0.000154 0.000178 0.254973 0.001169
0.745877 0.000590 0.000549 0.000148 0.000171 0.251492 0.001174
0.749112 0.000596 0.000518 0.000140 0.000161 0.248304 0.001170
0.751857 0.000588 0.000499 0.000139 0.000152 0.245589 0.001175
0.755064 0.000590 0.000463 0.000125 0.000145 0.242440 0.001174
0.757670 0.000588 0.000450 0.000131 0.000143 0.239840 0.001178
0.761075 0.000590 0.000427 0.000113 0.000136 0.236477 0.001182
0.763938 0.000573 0.000406 0.000109 0.000133 0.233669 0.001172
0.766634 0.000577 0.000411 0.000103 0.000133 0.230966 0.001176
0.770078 0.000564 0.000380 0.000090 0.000126 0.227594 0.001168
0.772211 0.000557 0.000372 0.000092 0.000123 0.225472 0.001173
0.775211 0.000560 0.000355 0.000096 0.000116 0.222492 0.001170
0.777852 0.000565 0.000346 0.000090 0.000113 0.219847 0.001187
0.781006 0.000566 0.000335 0.000084 0.000104 0.216719 0.001185
0.783688 0.000556 0.000308 0.000074 0.000107 0.214100 0.001167
0.786299 0.000559 0.000302 0.000079 0.000102 0.211475 0.001184
0.788859 0.000553 0.000304 0.000078 0.000098 0.208928 0.001180
0.791340 0.000549 0.000289 0.000078 0.000090 0.206472 0.001183
0.794073 0.000546 0.000276 0.000077 0.000084 0.203767 0.001177
0.796203 0.000550 0.000283 0.000081 0.000084 0.201625 0.001174
0.798723 0.000547 0.000271 0.000073 0.000084 0.199124 0.001178
0.801571 0.000536 0.000259 0.000074 0.000077 0.196325 0.001159
0.803896 0.000541 0.000249 0.000068 0.000073 0.193993 0.001181
0.806429 0.000523 0.000256 0.000067 0.000072 0.191475 0.001178
0.808794 0.000529 0.000243 0.000063 0.000068 0.189115 0.001188
0.810724 0.000529 0.000236 0.000065 0.000073 0.187192 0.001181
0.813147 0.000517 0.000234 0.000059 0.000073 0.184775 0.001196
0.815680 0.000515 0.000220 0.000057 0.000066 0.182287 0.001176
0.817868 0.000515 0.000232 0.000054 0.000066 0.180099 0.001166
0.819835 0.000516 0.000237 0.000057 0.000064 0.178116 0.001174
0.822118 0.000513 0.000229 0.000056 0.000063 0.175857 0.001164
0.824532 0.000517 0.000226 0.000049 0.000062 0.173445 0.001169
0.826611 0.000515 0.000213 0.000053 0.000058 0.171353 0.001198
0.828823 0.000511 0.000205 0.000049 0.000054 0.169171 0.001187
0.830546 0.000508 0.000206 0.000048 0.000052 0.167441 0.001200
0.832788 0.000500 0.000200 0.000041 0.000050 0.165236 0.001184
0.834632 0.000509 0.000199 0.000043 0.000045 0.163383 0.001189
0.837288 0.000517 0.000190 0.000037 0.000044 0.160736 0.001187
0.838596 0.000512 0.000191 0.000039 0.000048 0.159422 0.001193
0.840649 0.000513 0.000181 0.000039 0.000037 0.157389 0.001192
0.842278 0.000506 0.000191 0.000037 0.000040 0.155749 0.001199
0.844782 0.000499 0.000182 0.000042 0.000038 0.153270 0.001188
0.846427 0.000504 0.000177 0.000039 0.000036 0.151636 0.001180
0.848318 0.000515 0.000178 0.000041 0.000034 0.149720 0.001195
0.849870 0.000509 0.000169 0.000042 0.000029 0.148197 0.001184
0.851926 0.000510 0.000162 0.000039 0.000033 0.146140 0.001190
0.853734 0.000498 0.000159 0.000041 0.000031 0.144317 0.001220
0.855507 0.000510 0.000162 0.000039 0.000026 0.142567 0.001189
0.857640 0.000511 0.000155 0.000039 0.000027 0.140433 0.001195
0.859070 0.000504 0.000164 0.000041 0.000025 0.139002 0.001196
0.861034 0.000504 0.000163 0.000038 0.000026 0.137069 0.001167
0.862450 0.000499 0.000154 0.000037 0.000026 0.135644 0.001192
0.864624 0.000501 0.000148 0.000040 0.000020 0.133483 0.001184
0.866045 0.000503 0.000148 0.000037 0.000022 0.132045 0.001200
0.867833 0.000496 0.000152 0.000040 0.000019 0.130267 0.001193
0.869436 0.000499 0.000146 0.000042 0.000020 0.128652 0.001206
0.871133 0.000496 0.000148 0.000037 0.000019 0.126964 0.001203
0.872717 0.000492 0.000145 0.000039 0.000017 0.125393 0.001196
0.873714 0.000496 0.000140 0.000043 0.000016 0.124411 0.001180
0.875358 0.000498 0.000148 0.000035 0.000020 0.122770 0.001171
0.877545 0.000496 0.000136 0.000037 0.000017 0.120581 0.001189
0.878704 0.000492 0.000145 0.000035 0.000019 0.119433 0.001172
0.879858 0.000500 0.000139 0.000034 0.000017 0.118258 0.001195
0.881380 0.000505 0.000135 0.000035 0.000015 0.116735 0.001196
0.882912 0.000496 0.000134 0.000032 0.000015 0.115223 0.001188
0.884604 0.000503 0.000140 0.000033 0.000016 0.113514 0.001190
0.885917 0.000498 0.000134 0.000035 0.000015 0.112195 0.001206
0.887072 0.000510 0.000131 0.000030 0.000015 0.111034 0.001209
0.888846 0.000497 0.000131 0.000032 0.000013 0.109283 0.001198
0.889618 0.000509 0.000141 0.000033 0.000014 0.108500 0.001186
0.891301 0.000503 0.000123 0.000030 0.000009 0.106816 0.001219
0.892727 0.000515 0.000125 0.000031 0.000011 0.105392 0.001199
0.893983 0.000497 0.000130 0.000036 0.000013 0.104185 0.001156
0.895217 0.000492 0.000121 0.000036 0.000015 0.102909 0.001208
0.896616 0.000491 0.000133 0.000032 0.000015 0.101507 0.001206
0.897958 0.000496 0.000128 0.000033 0.000013 0.100188 0.001184
0.898835 0.000484 0.000123 0.000032 0.000011 0.099353 0.001162
0.900382 0.000494 0.000118 0.000032 0.000011 0.097745 0.001218
0.901239 0.000495 0.000115 0.000029 0.000010 0.096901 0.001212
0.902260 0.000492 0.000108 0.000032 0.000009 0.095902 0.001197
0.903808 0.000492 0.000118 0.000032 0.000008 0.094348 0.001194
0.904842 0.000497 0.000115 0.000030 0.000009 0.093315 0.001191
0.906178 0.000500 0.000123 0.000026 0.000010 0.091974 0.001190
0.907072 0.000492 0.000113 0.000029 0.000007 0.091092 0.001195
0.908185 0.000486 0.000102 0.000029 0.000012 0.089982 0.001204
0.909430 0.000490 0.000114 0.000028 0.000009 0.088738 0.001191
0.910474 0.000496 0.000118 0.000029 0.000010 0.087670 0.001204
0.911620 0.000499 0.000116 0.000026 0.000009 0.086554 0.001177
0.912948 0.000495 0.000119 0.000030 0.000008 0.085223 0.001177
0.913719 0.000501 0.000121 0.000029 0.000007 0.084427 0.001195
0.914734 0.000500 0.000120 0.000032 0.000008 0.083418 0.001188
0.915642 0.000510 0.000118 0.000031 0.000006 0.082510 0.001184
0.916700 0.000496 0.000118 0.000028 0.000006 0.081445 0.001205
0.917626 0.000505 0.000117 0.000028 0.000007 0.080541 0.001177
0.918568 0.000507 0.000117 0.000030 0.000006 0.079580 0.001193
0.920097 0.000508 0.000115 0.000025 0.000007 0.078062 0.001186
0.920409 0.000508 0.000127 0.000026 0.000007 0.077742 0.001182
0.921615 0.000505 0.000124 0.000022 0.000006 0.076551 0.001176
0.922722 0.000508 0.000126 0.000026 0.000008 0.075440 0.001169
0.923636 0.000502 0.000119 0.000029 0.000006 0.074522 0.001186
0.924464 0.000516 0.000124 0.000036 0.000006 0.073661 0.001194
0.925477 0.000515 0.000129 0.000031 0.000004 0.072645 0.001199
0.926338 0.000510 0.000127 0.000030 0.000005 0.071792 0.001198
0.927338 0.000507 0.000123 0.000027 0.000006 0.070798 0.001200
0.928216 0.000503 0.000134 0.000029 0.000006 0.069953 0.001158
0.928897 0.000507 0.000132 0.000024 0.000007 0.069236 0.001197
0.929874 0.000509 0.000121 0.000031 0.000006 0.068248 0.001211
0.930546 0.000509 0.000134 0.000030 0.000006 0.067599 0.001176
0.931387 0.000489 0.000133 0.000028 0.000006 0.066754 0.001203
0.932050 0.000495 0.000134 0.000027 0.000006 0.066082 0.001205
0.932958 0.000490 0.000138 0.000028 0.000007 0.065172 0.001206
0.933728 0.000492 0.000137 0.000027 0.000006 0.064414 0.001195
0.934834 0.000496 0.000133 0.000024 0.000005 0.063302 0.001206
0.935622 0.000499 0.000139 0.000028 0.000007 0.062540 0.001165
0.936358 0.000504 0.000137 0.000026 0.000006 0.061776 0.001192
0.937008 0.000494 0.000129 0.000026 0.000006 0.061145 0.001190
0.938098 0.000500 0.000146 0.000026 0.000006 0.060035 0.001190
0.938568 0.000502 0.000134 0.000028 0.000006 0.059586 0.001176
0.939253 0.000503 0.000147 0.000027 0.000005 0.058897 0.001168
0.939940 0.000501 0.000152 0.000026 0.000004 0.058189 0.001187
0.940804 0.000497 0.000127 0.000023 0.000006 0.057348 0.001195
0.941670 0.000493 0.000136 0.000027 0.000004 0.056502 0.001168
0.942120 0.000491 0.000131 0.000024 0.000004 0.056046 0.001184
0.942820 0.000495 0.000137 0.000025 0.000005 0.055317 0.001201
0.943619 0.000498 0.000140 0.000023 0.000004 0.054520 0.001195
0.944538 0.000494 0.000128 0.000027 0.000003 0.053645 0.001166
0.945122 0.000497 0.000126 0.000027 0.000003 0.053018 0.001206
0.945612 0.000484 0.000135 0.000030 0.000004 0.052542 0.001194
0.946366 0.000499 0.000120 0.000026 0.000005 0.051801 0.001185
0.946849 0.000487 0.000124 0.000023 0.000003 0.051326 0.001187
0.947814 0.000502 0.000120 0.000025 0.000003 0.050350 0.001186
0.948220 0.000500 0.000116 0.000021 0.000004 0.049951 0.001186
0.948941 0.000499 0.000120 0.000026 0.000003 0.049233 0.001179
0.949543 0.000498 0.000121 0.000027 0.000003 0.048617 0.001191
0.949986 0.000505 0.000134 0.000028 0.000004 0.048167 0.001176
0.950557 0.000501 0.000135 0.000026 0.000003 0.047578 0.001201
0.950931 0.000497 0.000136 0.000028 0.000003 0.047217 0.001188
0.952032 0.000489 0.000127 0.000026 0.000003 0.046143 0.001179
0.952385 0.000498 0.000125 0.000027 0.000004 0.045762 0.001200
0.953059 0.000486 0.000122 0.000027 0.000004 0.045103 0.001200
0.953699 0.000489 0.000128 0.000025 0.000003 0.044459 0.001196
0.954164 0.000490 0.000127 0.000025 0.000006 0.043979 0.001209
0.954808 0.000495 0.000124 0.000026 0.000004 0.043360 0.001183
0.955411 0.000499 0.000120 0.000022 0.000002 0.042758 0.001189
0.956077 0.000502 0.000115 0.000024 0.000002 0.042072 0.001208
0.956486 0.000501 0.000115 0.000024 0.000003 0.041678 0.001194
0.957110 0.000501 0.000125 0.000022 0.000002 0.041050 0.001191
0.957421 0.000497 0.000123 0.000023 0.000003 0.040741 0.001192
0.957991 0.000492 0.000123 0.000027 0.000002 0.040177 0.001187
0.958652 0.000494 0.000119 0.000028 0.000002 0.039501 0.001204
0.959075 0.000497 0.000129 0.000024 0.000002 0.039091 0.001182
0.959608 0.000502 0.000115 0.000027 0.000002 0.038554 0.001192
0.959923 0.000494 0.000120 0.000026 0.000003 0.038235 0.001200
0.960580 0.000496 0.000122 0.000029 0.000002 0.037574 0.001198
0.961107 0.000496 0.000115 0.000032 0.000002 0.037057 0.001191
0.961556 0.000497 0.000120 0.000026 0.000004 0.036588 0.001209
0.962222 0.000495 0.000115 0.000028 0.000002 0.035940 0.001198
0.962769 0.000492 0.000110 0.000027 0.000002 0.035402 0.001198
0.963101 0.000494 0.000111 0.000024 0.000002 0.035080 0.001189
0.963598 0.000494 0.000109 0.000025 0.000002 0.034565 0.001207
0.964242 0.000496 0.000114 0.000024 0.000003 0.033933 0.001189
0.964517 0.000507 0.000119 0.000024 0.000003 0.033626 0.001205
0.965105 0.000499 0.000117 0.000023 0.000003 0.033058 0.001194
0.965584 0.000494 0.000114 0.000024 0.000003 0.032582 0.001199
0.966062 0.000502 0.000118 0.000024 0.000003 0.032110 0.001180
0.966488 0.000499 0.000113 0.000023 0.000002 0.031684 0.001191
0.966984 0.000502 0.000116 0.000022 0.000003 0.031181 0.001192
0.967466 0.000504 0.000118 0.000025 0.000002 0.030696 0.001189
0.967833 0.000502 0.000114 0.000024 0.000002 0.030331 0.001194
0.968407 0.000494 0.000110 0.000023 0.000003 0.029778 0.001186
0.968793 0.000504 0.000117 0.000022 0.000003 0.029371 0.001190
0.969307 0.000500 0.000111 0.000021 0.000003 0.028862 0.001196
0.969762 0.000496 0.000115 0.000022 0.000003 0.028408 0.001195
0.970216 0.000491 0.000119 0.000023 0.000002 0.027952 0.001196
0.970686 0.000489 0.000123 0.000023 0.000002 0.027472 0.001205
0.971167 0.000488 0.000118 0.000024 0.000003 0.027009 0.001192
0.971542 0.000490 0.000121 0.000023 0.000002 0.026620 0.001201
0.972043 0.000495 0.000115 0.000024 0.000003 0.026131 0.001191
0.972490 0.000499 0.000114 0.000026 0.000002 0.025675 0.001193
0.972963 0.000492 0.000115 0.000024 0.000002 0.025211 0.001194
0.973322 0.000494 0.000113 0.000022 0.000002 0.024848 0.001199
0.973799 0.000496 0.000111 0.000021 0.000002 0.024375 0.001195
0.974261 0.000496 0.000114 0.000021 0.000002 0.023910 0.001195
0.974606 0.000492 0.000115 0.000020 0.000002 0.023572 0.001193
0.975064 0.000494 0.000109 0.000021 0.000002 0.023118 0.001193
0.975544 0.000495 0.000112 0.000019 0.000001 0.022637 0.001191
0.975904 0.000503 0.000111 0.000020 0.000001 0.022264 0.001198
0.976334 0.000503 0.000114 0.000021 0.000001 0.021835 0.001191
0.976786 0.000497 0.000112 0.000021 0.000001 0.021387 0.001196
0.977242 0.000503 0.000116 0.000022 0.000001 0.020923 0.001194
0.977601 0.000504 0.000124 0.000022 0.000001 0.020551 0.001197
0.978027 0.000505 0.000129 0.000024 0.000001 0.020114 0.001201
0.978466 0.000503 0.000119 0.000024 0.000001 0.019687 0.001198
0.978891 0.000504 0.000120 0.000024 0.000001 0.019265 0.001194
0.979331 0.000505 0.000123 0.000024 0.000001 0.018822 0.001194
0.979742 0.000502 0.000118 0.000024 0.000001 0.018421 0.001192
0.980163 0.000502 0.000118 0.000025 0.000001 0.017998 0.001194
0.980573 0.000507 0.000117 0.000024 0.000001 0.017585 0.001195
0.980975 0.000509 0.000118 0.000024 0.000001 0.017176 0.001197
0.981418 0.000509 0.000126 0.000024 0.000002 0.016729 0.001193
0.981791 0.000506 0.000127 0.000024 0.000001 0.016358 0.001193
0.982109 0.000507 0.000133 0.000023 0.000001 0.016036 0.001191
0.982634 0.000507 0.000136 0.000023 0.000001 0.015506 0.001193
0.983050 0.000515 0.000130 0.000024 0.000001 0.015087 0.001194
0.983424 0.000515 0.000127 0.000023 0.000000 0.014717 0.001195
0.983823 0.000519 0.000127 0.000025 0.000000 0.014312 0.001194
0.984195 0.000520 0.000130 0.000025 0.000001 0.013936 0.001193
0.984590 0.000519 0.000129 0.000024 0.000001 0.013542 0.001193
0.985003 0.000527 0.000126 0.000026 0.000001 0.013124 0.001193
0.985399 0.000522 0.000131 0.000028 0.000001 0.012726 0.001193
0.985781 0.000517 0.000136 0.000028 0.000001 0.012345 0.001192
0.986178 0.000520 0.000136 0.000031 0.000001 0.011941 0.001193
0.986536 0.000521 0.000139 0.000032 0.000001 0.011579 0.001192
0.986922 0.000518 0.000139 0.000033 0.000001 0.011195 0.001192
0.987311 0.000522 0.000136 0.000033 0.000001 0.010804 0.001193
0.987694 0.000519 0.000135 0.000032 0.000001 0.010426 0.001193
0.988070 0.000517 0.000139 0.000031 0.000001 0.010049 0.001193
0.988375 0.000517 0.000144 0.000031 0.000002 0.009740 0.001191
0.988805 0.000510 0.000138 0.000028 0.000001 0.009323 0.001194
0.989146 0.000518 0.000137 0.000028 0.000001 0.008977 0.001193
0.989524 0.000518 0.000134 0.000026 0.000001 0.008602 0.001195
0.989888 0.000516 0.000139 0.000027 0.000002 0.008233 0.001194
0.990204 0.000524 0.000141 0.000029 0.000001 0.007905 0.001195
0.990558 0.000520 0.000148 0.000031 0.000001 0.007547 0.001195
0.990831 0.000522 0.000147 0.000028 0.000001 0.007278 0.001194
0.991192 0.000526 0.000150 0.000029 0.000001 0.006907 0.001195
0.991498 0.000535 0.000145 0.000026 0.000001 0.006600 0.001195
0.991789 0.000541 0.000150 0.000025 0.000001 0.006299 0.001195
0.992079 0.000537 0.000155 0.000024 0.000001 0.006011 0.001193
0.992349 0.000554 0.000151 0.000027 0.000000 0.005724 0.001194
0.992615 0.000558 0.000162 0.000025 0.000001 0.005446 0.001193
0.992878 0.000563 0.000167 0.000025 0.000001 0.005174 0.001193
0.993126 0.000572 0.000171 0.000023 0.000001 0.004913 0.001194
0.993374 0.000567 0.000188 0.000025 0.000001 0.004650 0.001195
0.993612 0.000572 0.000176 0.000024 0.000001 0.004422 0.001193
0.993832 0.000577 0.000175 0.000029 0.000001 0.004193 0.001193
0.994033 0.000583 0.000174 0.000023 0.000002 0.003993 0.001192
0.994253 0.000577 0.000184 0.000023 0.000001 0.003769 0.001192
0.994442 0.000593 0.000182 0.000026 0.000001 0.003564 0.001191
0.994629 0.000598 0.000181 0.000023 0.000001 0.003378 0.001191
0.994805 0.000590 0.000190 0.000021 0.000001 0.003201 0.001191
0.994984 0.000596 0.000184 0.000020 0.000001 0.003026 0.001190
0.995142 0.000608 0.000193 0.000022 0.000001 0.002845 0.001189
0.995290 0.000613 0.000187 0.000024 0.000001 0.002697 0.001189
0.995405 0.000614 0.000197 0.000023 0.000001 0.002575 0.001185
0.995527 0.000638 0.000189 0.000023 0.000001 0.002436 0.001186
0.995642 0.000635 0.000199 0.000021 0.000001 0.002316 0.001187
0.995734 0.000643 0.000205 0.000018 0.000001 0.002212 0.001187
0.995825 0.000639 0.000206 0.000021 0.000002 0.002121 0.001186
0.995919 0.000634 0.000210 0.000023 0.000002 0.002026 0.001186
0.996018 0.000628 0.000220 0.000027 0.000002 0.001919 0.001186
0.996092 0.000634 0.000216 0.000029 0.000002 0.001842 0.001185
0.996147 0.000638 0.000219 0.000025 0.000002 0.001784 0.001186
0.996214 0.000635 0.000215 0.000031 0.000001 0.001717 0.001186
0.996291 0.000632 0.000214 0.000028 0.000002 0.001647 0.001187
0.996352 0.000646 0.000208 0.000025 0.000001 0.001581 0.001187
0.996416 0.000648 0.000205 0.000019 0.000001 0.001522 0.001188
0.996462 0.000652 0.000219 0.000021 0.000001 0.001461 0.001186
0.996531 0.000641 0.000219 0.000020 0.000001 0.001402 0.001186
0.996564 0.000661 0.000204 0.000026 0.000000 0.001359 0.001186
0.996601 0.000656 0.000210 0.000030 0.000000 0.001316 0.001187
0.996640 0.000654 0.000217 0.000022 0.000000 0.001282 0.001186
0.996682 0.000656 0.000226 0.000024 0.000001 0.001226 0.001186
0.996710 0.000663 0.000219 0.000027 0.000000 0.001197 0.001184
0.996746 0.000661 0.000223 0.000029 0.000000 0.001156 0.001184
0.996762 0.000661 0.000229 0.000027 0.000000 0.001139 0.001183
0.996791 0.000652 0.000222 0.000026 0.000000 0.001123 0.001185
0.996827 0.000655 0.000209 0.000030 0.000000 0.001096 0.001183
0.996831 0.000667 0.000218 0.000026 0.000000 0.001074 0.001185
0.996845 0.000653 0.000234 0.000025 0.000000 0.001056 0.001186
0.996864 0.000650 0.000224 0.000027 0.000001 0.001052 0.001184
0.996865 0.000682 0.000213 0.000024 0.000001 0.001033 0.001183
0.996887 0.000658 0.000225 0.000031 0.000001 0.001012 0.001186
0.996867 0.000671 0.000213 0.000033 0.000001 0.001030 0.001186
0.996882 0.000657 0.000229 0.000030 0.000000 0.001016 0.001186
0.996875 0.000677 0.000210 0.000030 0.000000 0.001019 0.001189
0.996898 0.000678 0.000222 0.000029 0.000001 0.000984 0.001188
0.996902 0.000671 0.000229 0.000029 0.000000 0.000978 0.001190
0.996911 0.000669 0.000239 0.000031 0.000000 0.000960 0.001190
0.996913 0.000682 0.000221 0.000028 0.000000 0.000965 0.001191
0.996907 0.000697 0.000238 0.000024 0.000000 0.000944 0.001190
0.996905 0.000694 0.000245 0.000023 0.000001 0.000942 0.001190
0.996905 0.000704 0.000241 0.000024 0.000001 0.000937 0.001188
0.996892 0.000697 0.000253 0.000029 0.000001 0.000937 0.001191
0.996911 0.000673 0.000260 0.000033 0.000001 0.000935 0.001188
0.996919 0.000678 0.000253 0.000036 0.000001 0.000930 0.001183
0.996918 0.000685 0.000239 0.000036 0.000001 0.000937 0.001183
0.996906 0.000695 0.000240 0.000031 0.000001 0.000944 0.001183
0.996892 0.000698 0.000253 0.000037 0.000001 0.000940 0.001180
0.996880 0.000693 0.000267 0.000037 0.000000 0.000946 0.001177
0.996876 0.000709 0.000246 0.000032 0.000000 0.000958 0.001179
0.996874 0.000700 0.000266 0.000028 0.000000 0.000952 0.001179
0.996861 0.000697 0.000283 0.000028 0.000000 0.000955 0.001176
0.996875 0.000668 0.000277 0.000033 0.000000 0.000978 0.001170
0.996879 0.000675 0.000258 0.000031 0.000000 0.000991 0.001166
0.996878 0.000688 0.000245 0.000032 0.000000 0.000989 0.001168
0.996898 0.000677 0.000258 0.000033 0.000000 0.000965 0.001170
0.996905 0.000676 0.000249 0.000028 0.000001 0.000975 0.001166
0.996893 0.000667 0.000261 0.000032 0.000001 0.000978 0.001168
0.996905 0.000672 0.000251 0.000029 0.000001 0.000973 0.001169
0.996900 0.000676 0.000256 0.000032 0.000001 0.000969 0.001166
0.996884 0.000681 0.000257 0.000031 0.000001 0.000983 0.001163
0.996906 0.000656 0.000260 0.000035 0.000001 0.000983 0.001159
0.996881 0.000696 0.000253 0.000036 0.000001 0.000975 0.001159
0.996886 0.000690 0.000268 0.000028 0.000001 0.000965 0.001162
0.996864 0.000704 0.000267 0.000026 0.000000 0.000978 0.001162
0.996851 0.000701 0.000288 0.000033 0.000000 0.000971 0.001157
0.996851 0.000683 0.000296 0.000030 0.000000 0.000981 0.001159
0.996854 0.000702 0.000269 0.000027 0.000000 0.000988 0.001160
0.996853 0.000700 0.000276 0.000026 0.000000 0.000983 0.001161
0.996834 0.000714 0.000270 0.000029 0.000000 0.000998 0.001156
0.996846 0.000695 0.000273 0.000032 0.000000 0.001000 0.001155
0.996822 0.000700 0.000281 0.000029 0.000001 0.001012 0.001156
0.996785 0.000722 0.000282 0.000030 0.000001 0.001024 0.001156
0.996793 0.000710 0.000299 0.000027 0.000002 0.001012 0.001157
0.996797 0.000694 0.000305 0.000033 0.000002 0.001023 0.001146
0.996784 0.000695 0.000290 0.000036 0.000001 0.001045 0.001149
0.996775 0.000693 0.000294 0.000042 0.000001 0.001052 0.001143
0.996751 0.000706 0.000279 0.000036 0.000001 0.001090 0.001137
0.996755 0.000715 0.000277 0.000035 0.000000 0.001083 0.001135
0.996735 0.000731 0.000276 0.000038 0.000000 0.001099 0.001122
0.996733 0.000727 0.000281 0.000043 0.000000 0.001099 0.001117
0.996753 0.000700 0.000303 0.000032 0.000002 0.001087 0.001123
0.996730 0.000718 0.000288 0.000035 0.000001 0.001110 0.001119
0.996723 0.000733 0.000285 0.000033 0.000000 0.001105 0.001121
0.996695 0.000733 0.000309 0.000035 0.000001 0.001102 0.001125
0.996709 0.000729 0.000300 0.000032 0.000000 0.001106 0.001124
0.996705 0.000718 0.000310 0.000029 0.000000 0.001113 0.001126
0.996716 0.000701 0.000305 0.000032 0.000000 0.001116 0.001131
0.996712 0.000684 0.000297 0.000029 0.000000 0.001147 0.001133
0.996715 0.000707 0.000281 0.000042 0.000000 0.001120 0.001135
0.996714 0.000733 0.000284 0.000041 0.000001 0.001091 0.001136
0.996693 0.000746 0.000301 0.000032 0.000001 0.001091 0.001135
0.996655 0.000758 0.000318 0.000034 0.000002 0.001090 0.001141
0.996648 0.000745 0.000326 0.000027 0.000001 0.001118 0.001135
0.996625 0.000738 0.000318 0.000029 0.000001 0.001152 0.001136
0.996627 0.000730 0.000312 0.000033 0.000000 0.001159 0.001139
0.996622 0.000743 0.000316 0.000025 0.000000 0.001152 0.001142
0.996643 0.000737 0.000311 0.000030 0.000001 0.001136 0.001142
0.996634 0.000745 0.000311 0.000034 0.000000 0.001139 0.001137
0.996633 0.000730 0.000302 0.000039 0.000001 0.001157 0.001138
0.996629 0.000721 0.000300 0.000032 0.000001 0.001175 0.001141
0.996659 0.000723 0.000306 0.000037 0.000001 0.001133 0.001141
0.996620 0.000754 0.000299 0.000040 0.000001 0.001140 0.001146
0.996622 0.000727 0.000312 0.000043 0.000001 0.001148 0.001146
0.996600 0.000732 0.000304 0.000037 0.000001 0.001175 0.001150
0.996612 0.000693 0.000309 0.000040 0.000001 0.001195 0.001151
0.996615 0.000706 0.000310 0.000035 0.000001 0.001184 0.001149
0.996624 0.000689 0.000332 0.000045 0.000001 0.001157 0.001153
0.996638 0.000706 0.000296 0.000041 0.000001 0.001166 0.001151
0.996641 0.000711 0.000299 0.000031 0.000001 0.001164 0.001152
0.996634 0.000718 0.000300 0.000039 0.000000 0.001156 0.001153
0.996616 0.000728 0.000286 0.000035 0.000000 0.001181 0.001155
0.996586 0.000763 0.000272 0.000038 0.000000 0.001187 0.001154
0.996571 0.000744 0.000286 0.000050 0.000000 0.001197 0.001152
0.996549 0.000749 0.000293 0.000039 0.000000 0.001219 0.001152
0.996559 0.000761 0.000264 0.000041 0.000000 0.001225 0.001150
0.996519 0.000777 0.000285 0.000043 0.000000 0.001224 0.001152
0.996520 0.000755 0.000297 0.000050 0.000000 0.001225 0.001153
0.996528 0.000749 0.000321 0.000044 0.000000 0.001204 0.001154
0.996505 0.000760 0.000312 0.000043 0.000000 0.001223 0.001157
0.996516 0.000708 0.000327 0.000055 0.000003 0.001231 0.001161
0.996536 0.000711 0.000288 0.000050 0.000003 0.001244 0.001167
0.996507 0.000740 0.000298 0.000039 0.000005 0.001237 0.001173
0.996470 0.000746 0.000324 0.000035 0.000003 0.001246 0.001175
0.996482 0.000735 0.000328 0.000045 0.000003 0.001232 0.001175
0.996476 0.000733 0.000322 0.000049 0.000003 0.001238 0.001180
0.996477 0.000732 0.000333 0.000048 0.000003 0.001224 0.001183
0.996473 0.000751 0.000331 0.000046 0.000003 0.001219 0.001177
0.996448 0.000742 0.000312 0.000059 0.000003 0.001262 0.001174
0.996438 0.000754 0.000302 0.000054 0.000003 0.001276 0.001173
0.996434 0.000737 0.000342 0.000051 0.000003 0.001259 0.001173
0.996406 0.000748 0.000342 0.000047 0.000004 0.001279 0.001173
0.996380 0.000782 0.000326 0.000042 0.000002 0.001295 0.001173
0.996346 0.000771 0.000358 0.000038 0.000002 0.001309 0.001178
0.996346 0.000751 0.000359 0.000041 0.000004 0.001320 0.001180
0.996351 0.000737 0.000367 0.000038 0.000004 0.001319 0.001185
0.996349 0.000759 0.000329 0.000039 0.000004 0.001333 0.001187
0.996312 0.000771 0.000314 0.000038 0.000004 0.001364 0.001198
0.996318 0.000799 0.000315 0.000040 0.000002 0.001329 0.001198
0.996253 0.000805 0.000355 0.000044 0.000002 0.001339 0.001202
0.996264 0.000759 0.000380 0.000048 0.000002 0.001347 0.001201
0.996251 0.000780 0.000346 0.000052 0.000002 0.001372 0.001197
0.996203 0.000786 0.000350 0.000063 0.000002 0.001393 0.001204
0.996184 0.000821 0.000325 0.000055 0.000004 0.001403 0.001207
0.996174 0.000778 0.000325 0.000070 0.000004 0.001434 0.001215
0.996192 0.000802 0.000300 0.000072 0.000004 0.001416 0.001215
0.996187 0.000774 0.000324 0.000073 0.000006 0.001422 0.001213
0.996184 0.000786 0.000342 0.000063 0.000004 0.001406 0.001215
0.996204 0.000779 0.000321 0.000063 0.000002 0.001414 0.001217
0.996230 0.000760 0.000331 0.000060 0.000002 0.001400 0.001219
0.996263 0.000739 0.000343 0.000062 0.000002 0.001384 0.001206
0.996274 0.000753 0.000346 0.000054 0.000002 0.001380 0.001192
0.996269 0.000760 0.000339 0.000052 0.000002 0.001384 0.001195
0.996261 0.000761 0.000343 0.000046 0.000002 0.001391 0.001196
0.996247 0.000753 0.000359 0.000048 0.000002 0.001383 0.001207
0.996247 0.000744 0.000358 0.000038 0.000002 0.001393 0.001219
0.996203 0.000736 0.000361 0.000038 0.000002 0.001438 0.001221
0.996249 0.000728 0.000354 0.000029 0.000005 0.001422 0.001214
0.996243 0.000753 0.000350 0.000032 0.000005 0.001414 0.001203
0.996203 0.000798 0.000363 0.000037 0.000000 0.001407 0.001192
0.996176 0.000806 0.000370 0.000035 0.000000 0.001426 0.001188
0.996187 0.000784 0.000390 0.000035 0.000000 0.001419 0.001183
0.996193 0.000758 0.000377 0.000043 0.000000 0.001442 0.001188
0.996196 0.000802 0.000332 0.000041 0.000000 0.001452 0.001176
0.996149 0.000793 0.000372 0.000047 0.000000 0.001466 0.001174
0.996130 0.000781 0.000394 0.000065 0.000000 0.001456 0.001174
0.996122 0.000807 0.000383 0.000056 0.000000 0.001457 0.001176
0.996082 0.000811 0.000414 0.000044 0.000003 0.001480 0.001167
0.996086 0.000779 0.000417 0.000037 0.000000 0.001518 0.001163
0.996074 0.000784 0.000415 0.000032 0.000000 0.001534 0.001161
0.996069 0.000782 0.000397 0.000043 0.000000 0.001546 0.001164
0.996108 0.000747 0.000407 0.000048 0.000000 0.001525 0.001164
0.996048 0.000768 0.000415 0.000054 0.000000 0.001547 0.001168
0.996047 0.000791 0.000417 0.000057 0.000000 0.001527 0.001161
0.996049 0.000823 0.000376 0.000071 0.000000 0.001525 0.001157
0.996031 0.000825 0.000399 0.000066 0.000000 0.001513 0.001166
0.996020 0.000808 0.000407 0.000061 0.000000 0.001536 0.001167
0.995969 0.000783 0.000409 0.000054 0.000000 0.001613 0.001172
0.995974 0.000769 0.000394 0.000064 0.000003 0.001623 0.001174
0.995986 0.000798 0.000376 0.000064 0.000000 0.001603 0.001174
0.996007 0.000768 0.000373 0.000058 0.000003 0.001621 0.001170
0.996017 0.000778 0.000361 0.000038 0.000003 0.001629 0.001174
0.996004 0.000781 0.000366 0.000038 0.000003 0.001627 0.001182
0.996029 0.000791 0.000380 0.000042 0.000003 0.001568 0.001188
0.996063 0.000754 0.000383 0.000054 0.000000 0.001557 0.001189
0.996069 0.000781 0.000383 0.000051 0.000000 0.001522 0.001194
0.996046 0.000798 0.000373 0.000054 0.000000 0.001529 0.001199
0.996074 0.000825 0.000374 0.000054 0.000000 0.001473 0.001199
0.996025 0.000842 0.000360 0.000059 0.000000 0.001516 0.001199
0.996010 0.000807 0.000408 0.000053 0.000000 0.001527 0.001194
0.996001 0.000798 0.000420 0.000053 0.000000 0.001534 0.001194
0.995967 0.000831 0.000369 0.000044 0.000000 0.001589 0.001199
0.995973 0.000790 0.000433 0.000041 0.000000 0.001564 0.001199
0.995942 0.000795 0.000420 0.000038 0.000000 0.001602 0.001203
0.995936 0.000814 0.000407 0.000035 0.000000 0.001605 0.001203
0.995905 0.000833 0.000362 0.000038 0.000000 0.001659 0.001203
0.995902 0.000806 0.000378 0.000045 0.000000 0.001664 0.001205
0.995899 0.000806 0.000377 0.000035 0.000000 0.001678 0.001205
0.995883 0.000825 0.000376 0.000026 0.000000 0.001680 0.001210
0.995834 0.000854 0.000383 0.000033 0.000000 0.001678 0.001219
0.995850 0.000801 0.000428 0.000046 0.000000 0.001658 0.001217
0.995762 0.000853 0.000417 0.000044 0.000000 0.001699 0.001225
0.995780 0.000876 0.000431 0.000041 0.000000 0.001647 0.001225
0.995741 0.000844 0.000489 0.000031 0.000003 0.001665 0.001226
0.995684 0.000886 0.000457 0.000032 0.000003 0.001706 0.001232
0.995679 0.000825 0.000423 0.000050 0.000004 0.001786 0.001234
0.995689 0.000813 0.000387 0.000064 0.000004 0.001803 0.001240
0.995662 0.000794 0.000429 0.000065 0.000007 0.001796 0.001246
0.995659 0.000788 0.000411 0.000055 0.000000 0.001850 0.001237
0.995630 0.000825 0.000425 0.000047 0.000000 0.001835 0.001237
0.995652 0.000763 0.000472 0.000065 0.000000 0.001810 0.001237
0.995594 0.000785 0.000458 0.000058 0.000000 0.001868 0.001237
0.995602 0.000740 0.000443 0.000077 0.000000 0.001894 0.001244
0.995611 0.000772 0.000369 0.000066 0.000000 0.001932 0.001250
0.995644 0.000757 0.000417 0.000066 0.000000 0.001865 0.001250
0.995620 0.000808 0.000405 0.000045 0.000004 0.001865 0.001253
0.995556 0.000878 0.000351 0.000053 0.000004 0.001903 0.001254
0.995593 0.000863 0.000378 0.000045 0.000004 0.001862 0.001254
0.995593 0.000832 0.000422 0.000073 0.000004 0.001823 0.001253
0.995594 0.000805 0.000414 0.000067 0.000004 0.001866 0.001249
0.995619 0.000809 0.000418 0.000076 0.000004 0.001831 0.001244
0.995605 0.000815 0.000405 0.000072 0.000004 0.001879 0.001219
0.995575 0.000781 0.000421 0.000061 0.000004 0.001938 0.001220
0.995611 0.000796 0.000404 0.000054 0.000004 0.001917 0.001214
0.995586 0.000817 0.000396 0.000033 0.000004 0.001950 0.001214
0.995581 0.000824 0.000377 0.000042 0.000004 0.001952 0.001219
0.995570 0.000790 0.000423 0.000039 0.000004 0.001965 0.001209
0.995576 0.000789 0.000414 0.000057 0.000004 0.001940 0.001220
0.995593 0.000766 0.000414 0.000066 0.000004 0.001935 0.001220
0.995563 0.000779 0.000414 0.000066 0.000000 0.001958 0.001220
0.995511 0.000812 0.000418 0.000045 0.000000 0.001982 0.001231
0.995522 0.000789 0.000431 0.000050 0.000000 0.001993 0.001216
0.995541 0.000820 0.000362 0.000046 0.000000 0.002013 0.001219
0.995532 0.000848 0.000371 0.000046 0.000000 0.001985 0.001219
0.995553 0.000807 0.000378 0.000076 0.000000 0.001963 0.001224
0.995516 0.000826 0.000386 0.000067 0.000000 0.001978 0.001227
0.995574 0.000796 0.000376 0.000082 0.000000 0.001946 0.001226
0.995588 0.000849 0.000382 0.000068 0.000000 0.001887 0.001226
0.995559 0.000874 0.000390 0.000054 0.000000 0.001889 0.001234
0.995511 0.000878 0.000434 0.000078 0.000000 0.001865 0.001234
0.995507 0.000867 0.000409 0.000079 0.000000 0.001904 0.001232
0.995518 0.000857 0.000428 0.000060 0.000000 0.001901 0.001236
0.995429 0.000896 0.000398 0.000066 0.000005 0.001974 0.001232
0.995444 0.000871 0.000378 0.000102 0.000005 0.001968 0.001232
0.995444 0.000823 0.000423 0.000099 0.000005 0.001961 0.001245
0.995408 0.000863 0.000438 0.000074 0.000005 0.001963 0.001248
0.995360 0.000899 0.000443 0.000076 0.000006 0.001972 0.001245
0.995370 0.000877 0.000486 0.000065 0.000000 0.001964 0.001238
0.995348 0.000860 0.000536 0.000055 0.000000 0.001948 0.001253
0.995300 0.000847 0.000611 0.000068 0.000000 0.001928 0.001245
