0.960767 0.038390 0.000545 0.000287 0.000001 0.000009 0.000000
0.923993 0.074274 0.001105 0.000609 0.000001 0.000017 0.000000
0.912929 0.085043 0.001277 0.000726 0.000004 0.000021 0.000000
0.900613 0.097023 0.001483 0.000852 0.000003 0.000026 0.000000
0.890164 0.107147 0.001696 0.000962 0.000004 0.000028 0.000000
0.876214 0.120697 0.001948 0.001103 0.000003 0.000034 0.000000
0.862317 0.134111 0.002236 0.001289 0.000003 0.000043 0.000000
0.848013 0.147958 0.002505 0.001460 0.000004 0.000060 0.000000
0.830447 0.164971 0.002845 0.001660 0.000004 0.000073 0.000000
0.815389 0.179533 0.003160 0.001832 0.000003 0.000082 0.000000
0.797328 0.196990 0.003537 0.002052 0.000003 0.000090 0.000000
0.780557 0.213176 0.003876 0.002280 0.000003 0.000108 0.000000
0.764352 0.228743 0.004301 0.002479 0.000004 0.000122 0.000000
0.745494 0.246859 0.004773 0.002740 0.000004 0.000131 0.000000
0.729910 0.261797 0.005194 0.002953 0.000004 0.000143 0.000000
0.711992 0.278982 0.005654 0.003204 0.000003 0.000164 0.000000
0.694816 0.295380 0.006156 0.003453 0.000003 0.000191 0.000000
0.676671 0.312651 0.006676 0.003782 0.000003 0.000217 0.000000
0.660693 0.327775 0.007222 0.004067 0.000003 0.000241 0.000000
0.643963 0.343557 0.007821 0.004392 0.000003 0.000263 0.000000
0.627099 0.359504 0.008366 0.004734 0.000003 0.000295 0.000000
0.611972 0.373722 0.008938 0.005047 0.000003 0.000317 0.000000
0.597384 0.387366 0.009532 0.005360 0.000003 0.000356 0.000000
0.580100 0.403536 0.010247 0.005732 0.000003 0.000382 0.000000
0.568144 0.414534 0.010831 0.006068 0.000003 0.000420 0.000000
0.552783 0.428740 0.011541 0.006479 0.000004 0.000454 0.000000
0.540603 0.439962 0.012090 0.006845 0.000003 0.000497 0.000000
0.524877 0.454400 0.012873 0.007307 0.000005 0.000538 0.000000
0.514486 0.463781 0.013490 0.007655 0.000006 0.000582 0.000000
0.501033 0.476014 0.014247 0.008073 0.000006 0.000628 0.000000
0.488140 0.487684 0.014994 0.008500 0.000006 0.000674 0.000000
0.474780 0.499752 0.015763 0.008975 0.000005 0.000725 0.000000
0.460689 0.512392 0.016626 0.009499 0.000005 0.000789 0.000000
0.449743 0.522008 0.017464 0.009926 0.000006 0.000852 0.000000
0.436206 0.533914 0.018467 0.010497 0.000008 0.000908 0.000000
0.423801 0.544890 0.019365 0.010978 0.000009 0.000956 0.000000
0.412136 0.555038 0.020335 0.011469 0.000010 0.001012 0.000000
0.399569 0.565857 0.021405 0.012073 0.000010 0.001085 0.000000
0.387465 0.576326 0.022386 0.012653 0.000011 0.001159 0.000000
0.379007 0.583378 0.023243 0.013130 0.000012 0.001231 0.000000
0.369459 0.591311 0.024251 0.013667 0.000013 0.001299 0.000000
0.360996 0.598231 0.025192 0.014208 0.000014 0.001359 0.000000
0.351336 0.605955 0.026362 0.014871 0.000015 0.001461 0.000000
0.341852 0.613659 0.027445 0.015474 0.000018 0.001552 0.000000
0.334233 0.619593 0.028477 0.016011 0.000021 0.001665 0.000000
0.327360 0.624494 0.029648 0.016688 0.000023 0.001787 0.000000
0.321552 0.628609 0.030663 0.017271 0.000023 0.001883 0.000000
0.313149 0.635035 0.031837 0.017943 0.000024 0.002013 0.000000
0.305587 0.640509 0.033081 0.018666 0.000027 0.002130 0.000000
0.303236 0.641534 0.033861 0.019101 0.000027 0.002240 0.000000
0.295573 0.646767 0.035315 0.019905 0.000030 0.002410 0.000000
0.289564 0.651124 0.036302 0.020455 0.000034 0.002520 0.000000
0.283576 0.655012 0.037553 0.021142 0.000035 0.002682 0.000000
0.278649 0.658335 0.038460 0.021718 0.000036 0.002803 0.000000
0.271707 0.662482 0.040136 0.022664 0.000039 0.002972 0.000000
0.269796 0.663423 0.040666 0.023027 0.000041 0.003047 0.000000
0.264871 0.666095 0.042018 0.023736 0.000042 0.003237 0.000000
0.258297 0.670351 0.043333 0.024547 0.000043 0.003429 0.000000
0.251900 0.674736 0.044488 0.025235 0.000045 0.003596 0.000000
0.244486 0.679503 0.046076 0.026085 0.000048 0.003802 0.000000
0.243207 0.679172 0.047012 0.026609 0.000051 0.003948 0.000000
0.234045 0.685787 0.048482 0.027476 0.000052 0.004158 0.000000
0.227317 0.689774 0.050069 0.028381 0.000054 0.004405 0.000000
0.218983 0.695183 0.051763 0.029362 0.000057 0.004652 0.000000
0.214813 0.697263 0.052972 0.030030 0.000059 0.004862 0.000000
0.209913 0.699484 0.054557 0.030899 0.000065 0.005082 0.000000
0.201007 0.705092 0.056383 0.032049 0.000064 0.005406 0.000000
0.196678 0.707334 0.057646 0.032633 0.000069 0.005641 0.000000
0.194750 0.707162 0.058783 0.033404 0.000070 0.005830 0.000000
0.191239 0.708325 0.060182 0.034106 0.000073 0.006075 0.000000
0.186347 0.710397 0.061758 0.035066 0.000073 0.006359 0.000000
0.178473 0.714878 0.063690 0.036161 0.000086 0.006712 0.000000
0.173820 0.716345 0.065539 0.037181 0.000087 0.007029 0.000000
0.178458 0.711087 0.065754 0.037432 0.000087 0.007183 0.000000
0.173052 0.713222 0.067649 0.038485 0.000091 0.007501 0.000000
0.166623 0.715794 0.069823 0.039752 0.000097 0.007910 0.000000
0.165445 0.715136 0.070907 0.040278 0.000097 0.008136 0.000001
0.163487 0.714551 0.072292 0.041109 0.000105 0.008456 0.000000
0.159992 0.715311 0.073852 0.041941 0.000108 0.008796 0.000001
0.157241 0.715452 0.075258 0.042817 0.000108 0.009123 0.000000
0.156538 0.713472 0.076776 0.043639 0.000115 0.009459 0.000001
0.145405 0.719862 0.079433 0.045159 0.000119 0.010021 0.000001
0.145672 0.718457 0.080044 0.045566 0.000122 0.010138 0.000001
0.147516 0.714794 0.081063 0.046047 0.000121 0.010458 0.000001
0.136979 0.721098 0.083449 0.047387 0.000126 0.010961 0.000000
0.135767 0.719299 0.084934 0.048472 0.000134 0.011393 0.000001
0.127987 0.723164 0.087168 0.049667 0.000133 0.011881 0.000000
0.127073 0.722710 0.087995 0.049986 0.000139 0.012096 0.000000
0.118420 0.726400 0.090724 0.051585 0.000143 0.012726 0.000001
0.117342 0.725855 0.091485 0.052111 0.000150 0.013056 0.000001
0.110819 0.728289 0.093807 0.053389 0.000151 0.013544 0.000001
0.104134 0.731909 0.095543 0.054288 0.000159 0.013966 0.000001
0.099228 0.732445 0.097922 0.055563 0.000167 0.014675 0.000001
0.091962 0.734942 0.100544 0.057152 0.000178 0.015221 0.000001
0.089015 0.735562 0.101830 0.057765 0.000188 0.015639 0.000000
0.082840 0.736714 0.104725 0.059199 0.000197 0.016325 0.000001
0.080388 0.736106 0.106248 0.060239 0.000200 0.016819 0.000000
0.074181 0.738050 0.108542 0.061617 0.000211 0.017397 0.000001
0.070264 0.737991 0.110644 0.062797 0.000232 0.018071 0.000001
0.066675 0.738144 0.112550 0.063812 0.000234 0.018585 0.000001
0.064581 0.737666 0.113908 0.064662 0.000236 0.018945 0.000000
0.059393 0.737869 0.116704 0.066127 0.000234 0.019673 0.000001
0.056053 0.736782 0.119144 0.067435 0.000252 0.020334 0.000001
0.055523 0.735450 0.119991 0.068000 0.000247 0.020787 0.000001
0.052397 0.734537 0.122150 0.069196 0.000258 0.021461 0.000001
0.050567 0.732520 0.124075 0.070417 0.000273 0.022147 0.000001
0.047004 0.731504 0.126406 0.071832 0.000278 0.022975 0.000001
0.045873 0.729506 0.128110 0.072645 0.000293 0.023572 0.000002
0.044199 0.728588 0.129404 0.073393 0.000295 0.024119 0.000002
0.044824 0.725203 0.130900 0.074184 0.000296 0.024593 0.000001
0.045033 0.722018 0.132324 0.075056 0.000299 0.025270 0.000001
0.043630 0.719257 0.134494 0.076287 0.000315 0.026016 0.000001
0.042296 0.718348 0.135464 0.077074 0.000330 0.026487 0.000001
0.043408 0.713536 0.137472 0.078048 0.000329 0.027205 0.000002
0.043888 0.710081 0.138918 0.078807 0.000345 0.027960 0.000001
0.047830 0.705996 0.138745 0.078926 0.000351 0.028150 0.000002
0.048216 0.702856 0.140165 0.079553 0.000348 0.028860 0.000002
0.048429 0.699792 0.141636 0.080399 0.000349 0.029395 0.000001
0.048131 0.696272 0.143304 0.081496 0.000366 0.030430 0.000001
0.050422 0.691712 0.144431 0.082102 0.000361 0.030970 0.000001
0.054128 0.687767 0.144414 0.082057 0.000381 0.031252 0.000001
0.054065 0.684081 0.146295 0.083013 0.000398 0.032146 0.000001
0.052364 0.683464 0.147444 0.083768 0.000397 0.032562 0.000001
0.057687 0.677408 0.147610 0.083783 0.000404 0.033107 0.000001
0.055868 0.676722 0.148880 0.084518 0.000404 0.033608 0.000001
0.059055 0.671662 0.149605 0.084928 0.000411 0.034338 0.000001
0.066542 0.665683 0.148562 0.084446 0.000419 0.034348 0.000001
0.062222 0.665739 0.150712 0.085620 0.000416 0.035289 0.000002
0.063698 0.662772 0.151285 0.086027 0.000431 0.035785 0.000001
0.062102 0.662073 0.152328 0.086616 0.000440 0.036440 0.000001
0.064277 0.657539 0.153631 0.087011 0.000446 0.037094 0.000001
0.063012 0.657523 0.153976 0.087558 0.000453 0.037475 0.000003
0.059399 0.657166 0.155959 0.088583 0.000446 0.038446 0.000001
0.056895 0.656580 0.157404 0.089486 0.000460 0.039173 0.000002
0.054932 0.655818 0.158727 0.090190 0.000478 0.039854 0.000002
0.056494 0.653068 0.159219 0.090449 0.000480 0.040288 0.000002
0.054053 0.654003 0.159812 0.090925 0.000481 0.040725 0.000001
0.049865 0.653386 0.162235 0.092024 0.000491 0.041996 0.000002
0.046242 0.653490 0.163680 0.093226 0.000515 0.042846 0.000001
0.048689 0.649684 0.164272 0.093455 0.000528 0.043370 0.000002
0.042386 0.650252 0.167141 0.094998 0.000535 0.044685 0.000002
0.042758 0.648671 0.167513 0.095458 0.000544 0.045054 0.000002
0.041164 0.648453 0.168411 0.095850 0.000550 0.045570 0.000003
0.039325 0.646651 0.169978 0.096810 0.000572 0.046660 0.000004
0.036297 0.644992 0.172255 0.098157 0.000573 0.047724 0.000003
0.032427 0.644505 0.174410 0.099268 0.000587 0.048800 0.000003
0.031275 0.643710 0.175281 0.099757 0.000593 0.049382 0.000003
0.030465 0.641966 0.176461 0.100431 0.000607 0.050065 0.000003
0.029112 0.640028 0.178097 0.101259 0.000602 0.050897 0.000004
0.026395 0.638507 0.180034 0.102411 0.000629 0.052022 0.000003
0.026778 0.635882 0.181164 0.102822 0.000636 0.052716 0.000003
0.024919 0.634309 0.182543 0.103777 0.000648 0.053801 0.000003
0.024536 0.632433 0.183384 0.104341 0.000657 0.054646 0.000003
0.024571 0.631727 0.183525 0.104585 0.000649 0.054940 0.000004
0.023017 0.627656 0.186201 0.105943 0.000675 0.056504 0.000003
0.021925 0.626747 0.187070 0.106477 0.000692 0.057085 0.000004
0.021148 0.624034 0.188734 0.107210 0.000686 0.058185 0.000003
0.020303 0.621722 0.190137 0.108189 0.000713 0.058931 0.000004
0.019990 0.618223 0.191833 0.108949 0.000725 0.060278 0.000003
0.019239 0.616922 0.192835 0.109377 0.000727 0.060897 0.000005
0.019351 0.615396 0.193296 0.109810 0.000738 0.061403 0.000006
0.018911 0.612962 0.194474 0.110555 0.000742 0.062350 0.000005
0.018193 0.610250 0.195989 0.111182 0.000755 0.063626 0.000004
0.017629 0.608358 0.197027 0.111964 0.000764 0.064256 0.000004
0.017802 0.606486 0.197592 0.112316 0.000766 0.065035 0.000004
0.017128 0.604076 0.198897 0.113101 0.000779 0.066016 0.000005
0.019910 0.600066 0.199216 0.113219 0.000780 0.066804 0.000004
0.021161 0.597245 0.199727 0.113546 0.000793 0.067522 0.000005
0.021322 0.595233 0.200496 0.113773 0.000804 0.068368 0.000004
0.022780 0.592475 0.200929 0.114038 0.000810 0.068964 0.000005
0.022366 0.589840 0.202146 0.114859 0.000827 0.069957 0.000004
0.022235 0.586542 0.203401 0.115690 0.000828 0.071298 0.000005
0.024202 0.585093 0.203270 0.115343 0.000844 0.071243 0.000005
0.023048 0.582757 0.204675 0.116212 0.000838 0.072466 0.000004
0.024200 0.579960 0.205186 0.116439 0.000865 0.073345 0.000005
0.022126 0.580376 0.206085 0.116803 0.000855 0.073751 0.000005
0.023875 0.577703 0.205992 0.117072 0.000867 0.074486 0.000004
0.023755 0.573928 0.207465 0.117887 0.000877 0.076084 0.000005
0.026622 0.570946 0.207541 0.117628 0.000885 0.076373 0.000005
0.026226 0.567413 0.209132 0.118472 0.000898 0.077853 0.000007
0.030655 0.564935 0.207794 0.117981 0.000901 0.077729 0.000006
0.026366 0.564171 0.210098 0.119138 0.000925 0.079296 0.000007
0.027770 0.561399 0.210465 0.119324 0.000929 0.080107 0.000006
0.027660 0.561188 0.210422 0.119415 0.000931 0.080379 0.000006
0.024996 0.560064 0.211991 0.120402 0.000949 0.081591 0.000007
0.027548 0.555630 0.212443 0.120601 0.000953 0.082818 0.000006
0.029449 0.553297 0.212602 0.120524 0.000950 0.083170 0.000008
0.032197 0.550567 0.212289 0.120450 0.000986 0.083504 0.000008
0.031874 0.549340 0.212827 0.120689 0.000981 0.084280 0.000009
0.029493 0.548192 0.214389 0.121519 0.000992 0.085407 0.000009
0.031204 0.545079 0.214483 0.121864 0.001010 0.086352 0.000009
0.032621 0.543276 0.214437 0.121961 0.001002 0.086693 0.000009
0.031337 0.542769 0.215397 0.122108 0.000996 0.087385 0.000009
0.032756 0.539835 0.215281 0.122425 0.001000 0.088691 0.000011
0.028332 0.539982 0.217396 0.123424 0.001020 0.089835 0.000012
0.028528 0.538286 0.217876 0.123577 0.001022 0.090702 0.000010
0.028251 0.537424 0.218100 0.123720 0.001037 0.091459 0.000010
0.026932 0.536098 0.219304 0.124156 0.001044 0.092456 0.000010
0.025558 0.533894 0.220545 0.125125 0.001048 0.093818 0.000013
0.022491 0.532956 0.222262 0.126160 0.001072 0.095046 0.000013
0.023427 0.532168 0.221872 0.125761 0.001064 0.095694 0.000014
0.023363 0.529565 0.222809 0.126328 0.001074 0.096847 0.000015
0.021359 0.529304 0.223763 0.126887 0.001088 0.097586 0.000012
0.020026 0.527666 0.224611 0.127707 0.001116 0.098858 0.000015
0.019771 0.526974 0.225175 0.127602 0.001111 0.099353 0.000013
0.019624 0.524236 0.226000 0.128058 0.001129 0.100939 0.000013
0.016715 0.522167 0.228250 0.129221 0.001143 0.102488 0.000015
0.015691 0.519857 0.229305 0.130090 0.001159 0.103882 0.000015
0.015561 0.519743 0.229228 0.130061 0.001162 0.104231 0.000013
0.014605 0.517898 0.230374 0.130717 0.001181 0.105208 0.000017
0.014819 0.514679 0.231230 0.131229 0.001168 0.106859 0.000016
0.013927 0.512813 0.232399 0.131736 0.001199 0.107909 0.000017
0.013073 0.511964 0.232871 0.132100 0.001226 0.108749 0.000017
0.013025 0.510126 0.233572 0.132675 0.001217 0.109367 0.000016
0.013483 0.509327 0.233612 0.132079 0.001236 0.110247 0.000016
0.012510 0.505132 0.235470 0.133392 0.001242 0.112235 0.000019
0.012370 0.505061 0.235654 0.133184 0.001239 0.112476 0.000016
0.011823 0.501647 0.236901 0.134079 0.001269 0.114267 0.000013
0.011546 0.500675 0.237101 0.134403 0.001269 0.114993 0.000014
0.011580 0.499186 0.237406 0.134617 0.001302 0.115893 0.000015
0.011271 0.496627 0.238567 0.135106 0.001316 0.117096 0.000017
0.010868 0.495318 0.239000 0.135549 0.001330 0.117919 0.000016
0.011130 0.493727 0.239239 0.135737 0.001334 0.118819 0.000014
0.010623 0.489847 0.241120 0.136283 0.001372 0.120739 0.000015
0.010613 0.489207 0.240984 0.136647 0.001363 0.121171 0.000015
0.010309 0.485974 0.242446 0.137177 0.001359 0.122721 0.000015
0.010500 0.485371 0.242177 0.137129 0.001385 0.123421 0.000017
0.010204 0.483243 0.242893 0.137651 0.001394 0.124598 0.000018
0.010404 0.482089 0.243196 0.137710 0.001402 0.125184 0.000016
0.009991 0.479400 0.244368 0.138246 0.001419 0.126557 0.000019
0.009880 0.477544 0.244751 0.138753 0.001437 0.127615 0.000021
0.009965 0.475772 0.245169 0.138848 0.001414 0.128812 0.000020
0.010039 0.475034 0.245177 0.138960 0.001437 0.129331 0.000021
0.009849 0.472596 0.246010 0.139498 0.001455 0.130573 0.000020
0.009694 0.470701 0.246863 0.139794 0.001459 0.131469 0.000020
0.009566 0.469838 0.246938 0.139664 0.001469 0.132505 0.000019
0.009485 0.467154 0.247744 0.140315 0.001481 0.133802 0.000020
0.009389 0.464841 0.248601 0.140401 0.001509 0.135236 0.000024
0.009509 0.463959 0.248626 0.140718 0.001488 0.135680 0.000021
0.009440 0.462650 0.249010 0.140824 0.001520 0.136537 0.000019
0.009363 0.461077 0.249065 0.141177 0.001536 0.137757 0.000024
0.009195 0.457995 0.250281 0.141697 0.001570 0.139241 0.000021
0.009328 0.457423 0.250166 0.141782 0.001569 0.139712 0.000022
0.009100 0.455136 0.251005 0.142282 0.001580 0.140872 0.000024
0.009210 0.453807 0.251097 0.142252 0.001579 0.142033 0.000022
0.009146 0.450944 0.251892 0.142648 0.001592 0.143758 0.000021
0.009061 0.449649 0.252397 0.142957 0.001627 0.144289 0.000020
0.008935 0.447790 0.252808 0.143360 0.001592 0.145494 0.000021
0.009009 0.447012 0.252876 0.143396 0.001619 0.146065 0.000023
0.009048 0.446073 0.252946 0.143455 0.001638 0.146817 0.000022
0.008969 0.443747 0.253762 0.143666 0.001645 0.148191 0.000020
0.008817 0.440661 0.254851 0.144191 0.001652 0.149806 0.000023
0.008856 0.440208 0.254344 0.144181 0.001681 0.150709 0.000021
0.008773 0.438041 0.255231 0.144500 0.001674 0.151756 0.000024
0.008800 0.436731 0.255388 0.144599 0.001690 0.152769 0.000022
0.008880 0.435225 0.255471 0.144807 0.001732 0.153862 0.000023
0.008804 0.433447 0.256090 0.144842 0.001711 0.155079 0.000026
0.008772 0.432199 0.256236 0.145175 0.001737 0.155858 0.000023
0.008682 0.430261 0.256668 0.145513 0.001756 0.157098 0.000021
0.008701 0.428888 0.257096 0.145660 0.001795 0.157837 0.000023
0.008728 0.427596 0.257093 0.145791 0.001773 0.158997 0.000023
0.008673 0.425506 0.257721 0.145917 0.001770 0.160387 0.000026
0.008579 0.423412 0.258197 0.146478 0.001800 0.161508 0.000026
0.008609 0.422526 0.258363 0.146389 0.001810 0.162280 0.000024
0.008557 0.421391 0.258483 0.146449 0.001830 0.163266 0.000025
0.008552 0.419072 0.258723 0.147044 0.001826 0.164755 0.000029
0.008528 0.418296 0.259253 0.146654 0.001873 0.165368 0.000027
0.008486 0.416033 0.259587 0.147268 0.001840 0.166759 0.000027
0.008392 0.414585 0.259976 0.147273 0.001867 0.167879 0.000028
0.008459 0.412180 0.260508 0.147529 0.001860 0.169436 0.000027
0.008404 0.412502 0.260278 0.147452 0.001891 0.169447 0.000027
0.008385 0.410118 0.260718 0.147844 0.001895 0.171011 0.000029
0.008381 0.408938 0.260790 0.147976 0.001945 0.171941 0.000030
0.008384 0.407598 0.260896 0.148151 0.001928 0.173014 0.000028
0.008302 0.404559 0.262050 0.148369 0.001984 0.174706 0.000030
0.008315 0.404543 0.261606 0.148229 0.001944 0.175331 0.000032
0.008313 0.402879 0.262077 0.148417 0.001980 0.176304 0.000030
0.008363 0.401590 0.262405 0.148593 0.001984 0.177039 0.000026
0.008237 0.400207 0.262411 0.149002 0.001995 0.178119 0.000028
0.008241 0.398830 0.262731 0.148827 0.002004 0.179338 0.000028
0.008201 0.396154 0.263280 0.149232 0.002028 0.181072 0.000032
0.008235 0.394557 0.263665 0.149309 0.002006 0.182197 0.000032
0.008263 0.394107 0.263492 0.149426 0.002049 0.182636 0.000027
0.008167 0.391482 0.263917 0.149741 0.002050 0.184616 0.000027
0.012861 0.389736 0.262585 0.148604 0.002021 0.184163 0.000030
0.016476 0.386558 0.261999 0.148320 0.002041 0.184577 0.000029
0.014679 0.386179 0.262507 0.148802 0.002053 0.185751 0.000029
0.018988 0.383707 0.261188 0.147991 0.002079 0.186019 0.000029
0.017719 0.382972 0.261678 0.148230 0.002081 0.187291 0.000028
0.020582 0.381232 0.260775 0.147826 0.002092 0.187462 0.000030
0.019366 0.380869 0.261199 0.147905 0.002097 0.188533 0.000029
0.015775 0.380135 0.262240 0.148842 0.002115 0.190862 0.000031
0.019387 0.378724 0.261515 0.147949 0.002128 0.190268 0.000030
0.017106 0.377224 0.262219 0.148627 0.002154 0.192639 0.000031
0.020399 0.377713 0.260507 0.147631 0.002129 0.191589 0.000032
0.017519 0.375703 0.261932 0.148428 0.002151 0.194233 0.000033
0.017372 0.376115 0.261778 0.148158 0.002143 0.194404 0.000029
0.017081 0.375630 0.261890 0.148039 0.002136 0.195194 0.000030
0.015202 0.373620 0.263206 0.148581 0.002178 0.197181 0.000031
0.013805 0.372680 0.263411 0.149319 0.002172 0.198581 0.000032
0.013024 0.370252 0.264504 0.149393 0.002198 0.200597 0.000032
0.012806 0.369314 0.264185 0.149678 0.002219 0.201764 0.000034
0.012269 0.368550 0.264686 0.149617 0.002219 0.202627 0.000032
0.011333 0.367860 0.265061 0.150097 0.002222 0.203396 0.000031
0.011502 0.367594 0.264901 0.150032 0.002269 0.203671 0.000031
0.010722 0.365521 0.265615 0.150302 0.002248 0.205558 0.000034
0.011117 0.363986 0.265331 0.150283 0.002291 0.206958 0.000034
0.017796 0.360424 0.263399 0.149403 0.002292 0.206650 0.000036
0.018266 0.359523 0.263518 0.149421 0.002304 0.206933 0.000036
0.020302 0.357487 0.263147 0.148627 0.002287 0.208113 0.000037
0.024289 0.356530 0.261531 0.148185 0.002298 0.207135 0.000033
0.021647 0.357089 0.261944 0.148435 0.002291 0.208559 0.000035
0.019948 0.355030 0.263134 0.148924 0.002329 0.210600 0.000035
0.018315 0.353368 0.264199 0.149453 0.002332 0.212293 0.000040
0.021023 0.351992 0.262928 0.149178 0.002347 0.212494 0.000038
0.020121 0.352193 0.263144 0.149070 0.002337 0.213095 0.000039
0.018025 0.351053 0.263774 0.149618 0.002361 0.215129 0.000039
0.017472 0.349553 0.264539 0.149502 0.002397 0.216496 0.000040
0.026737 0.348465 0.260608 0.147579 0.002382 0.214189 0.000040
0.023860 0.345370 0.262475 0.148919 0.002393 0.216937 0.000046
0.024941 0.344438 0.262048 0.148442 0.002407 0.217678 0.000047
0.024612 0.344612 0.261813 0.148114 0.002394 0.218412 0.000044
0.025185 0.344755 0.261031 0.147926 0.002395 0.218665 0.000043
0.020861 0.341562 0.263698 0.149384 0.002471 0.221980 0.000045
0.025285 0.342297 0.261135 0.148164 0.002425 0.220650 0.000044
0.025160 0.342319 0.261517 0.147865 0.002417 0.220677 0.000045
0.023433 0.341857 0.261492 0.148022 0.002412 0.222740 0.000043
0.020577 0.341574 0.262377 0.148658 0.002451 0.224320 0.000042
0.017945 0.338594 0.263841 0.149387 0.002509 0.227680 0.000043
0.019262 0.338912 0.263189 0.149080 0.002491 0.227023 0.000043
0.017638 0.337719 0.263730 0.149365 0.002519 0.228984 0.000045
0.017488 0.335815 0.263965 0.149161 0.002518 0.231006 0.000047
0.015985 0.335592 0.264352 0.149547 0.002530 0.231953 0.000041
0.016108 0.336216 0.263644 0.149529 0.002526 0.231932 0.000045
0.015622 0.335634 0.263957 0.149314 0.002542 0.232888 0.000044
0.013671 0.333559 0.264888 0.149892 0.002555 0.235392 0.000044
0.013330 0.332476 0.265155 0.150027 0.002579 0.236387 0.000046
0.013020 0.332210 0.265444 0.150510 0.002593 0.236180 0.000043
0.010912 0.327981 0.267021 0.151428 0.002614 0.240001 0.000044
0.011738 0.330190 0.265187 0.150539 0.002601 0.239698 0.000046
0.010355 0.325798 0.267180 0.151543 0.002640 0.242433 0.000052
0.010287 0.323588 0.267412 0.151579 0.002612 0.244477 0.000046
0.010234 0.324298 0.266997 0.151254 0.002630 0.244540 0.000047
0.010299 0.323943 0.266918 0.151263 0.002607 0.244923 0.000046
0.009901 0.322077 0.267366 0.151544 0.002667 0.246394 0.000051
0.009552 0.320055 0.267800 0.151628 0.002693 0.248221 0.000051
0.009494 0.319925 0.267744 0.151408 0.002666 0.248711 0.000053
0.009537 0.318018 0.267596 0.151643 0.002695 0.250462 0.000050
0.009346 0.317554 0.267466 0.151641 0.002715 0.251224 0.000055
0.009126 0.316316 0.267623 0.151666 0.002706 0.252515 0.000048
0.008627 0.313521 0.268367 0.152044 0.002722 0.254668 0.000050
0.008651 0.311788 0.268688 0.152032 0.002757 0.256037 0.000047
0.008762 0.312576 0.268098 0.152005 0.002725 0.255784 0.000051
0.008549 0.310071 0.268673 0.152205 0.002756 0.257692 0.000053
0.008301 0.308129 0.269041 0.152334 0.002754 0.259385 0.000055
0.008634 0.307917 0.268940 0.152017 0.002774 0.259669 0.000050
0.008577 0.307643 0.268461 0.152040 0.002772 0.260450 0.000057
0.008610 0.305716 0.268708 0.152085 0.002775 0.262054 0.000053
0.008475 0.304546 0.268772 0.152308 0.002792 0.263053 0.000055
0.008361 0.304423 0.268878 0.152107 0.002816 0.263362 0.000053
0.008445 0.303382 0.268581 0.151902 0.002815 0.264821 0.000054
0.008306 0.301056 0.268803 0.152261 0.002848 0.266672 0.000055
0.008361 0.300627 0.268759 0.152258 0.002809 0.267126 0.000059
0.008304 0.298883 0.268884 0.152198 0.002817 0.268854 0.000059
0.008354 0.298527 0.268637 0.152282 0.002840 0.269304 0.000057
0.008422 0.297569 0.268177 0.152131 0.002889 0.270757 0.000055
0.008507 0.297008 0.268178 0.151728 0.002892 0.271625 0.000062
0.008331 0.294873 0.268587 0.151962 0.002873 0.273320 0.000054
0.008335 0.293784 0.268317 0.152021 0.002907 0.274576 0.000060
0.008389 0.294162 0.268293 0.151589 0.002916 0.274590 0.000060
0.008341 0.292044 0.268399 0.151811 0.002933 0.276417 0.000056
0.008196 0.290573 0.268877 0.152216 0.002926 0.277151 0.000061
0.008169 0.289415 0.268891 0.152096 0.002940 0.278428 0.000061
0.008247 0.289345 0.268487 0.151783 0.002934 0.279145 0.000060
0.008382 0.288874 0.268132 0.151816 0.002961 0.279776 0.000060
0.008105 0.286655 0.268776 0.152008 0.003003 0.281392 0.000062
0.008301 0.287284 0.267943 0.151818 0.002966 0.281620 0.000068
0.008127 0.283704 0.268923 0.151979 0.002963 0.284240 0.000064
0.008208 0.283454 0.268514 0.151590 0.003013 0.285156 0.000065
0.008207 0.283389 0.268399 0.151627 0.003028 0.285280 0.000069
0.008136 0.280365 0.268642 0.151949 0.003030 0.287814 0.000064
0.008239 0.281509 0.268019 0.151303 0.002996 0.287867 0.000067
0.008196 0.279645 0.268405 0.151674 0.003005 0.289010 0.000065
0.008239 0.279228 0.268157 0.151592 0.003053 0.289664 0.000066
0.008172 0.277349 0.268183 0.151513 0.003045 0.291669 0.000069
0.008167 0.276656 0.268117 0.151384 0.003070 0.292539 0.000067
0.008262 0.277249 0.267747 0.151222 0.003054 0.292401 0.000065
0.008207 0.274881 0.268207 0.151409 0.003075 0.294159 0.000063
0.008298 0.275138 0.267531 0.151078 0.003099 0.294789 0.000067
0.008236 0.272665 0.267802 0.151414 0.003093 0.296719 0.000070
0.008320 0.271870 0.267416 0.151320 0.003107 0.297897 0.000070
0.008306 0.271887 0.267430 0.151243 0.003109 0.297953 0.000071
0.008269 0.269466 0.267752 0.151228 0.003181 0.300037 0.000068
0.008284 0.268795 0.267959 0.151180 0.003152 0.300565 0.000065
0.008344 0.267756 0.267598 0.151094 0.003128 0.302010 0.000070
0.008408 0.267254 0.267421 0.151024 0.003195 0.302629 0.000068
0.008310 0.265292 0.267531 0.151227 0.003188 0.304387 0.000065
0.008417 0.266460 0.266817 0.150796 0.003188 0.304254 0.000068
0.008372 0.265269 0.266617 0.150932 0.003212 0.305523 0.000074
0.008313 0.263052 0.267240 0.151094 0.003237 0.306992 0.000072
0.008371 0.262811 0.266995 0.150888 0.003205 0.307659 0.000071
0.008394 0.262337 0.266646 0.150742 0.003227 0.308580 0.000075
0.008407 0.261714 0.266395 0.150539 0.003232 0.309635 0.000077
0.008425 0.260002 0.266287 0.150605 0.003249 0.311364 0.000067
0.008392 0.259587 0.266393 0.150530 0.003231 0.311788 0.000079
0.008348 0.258059 0.266296 0.150592 0.003294 0.313336 0.000077
0.008393 0.257897 0.265933 0.150627 0.003282 0.313794 0.000074
0.008472 0.256944 0.265924 0.150583 0.003306 0.314696 0.000075
0.008473 0.255106 0.265870 0.150171 0.003344 0.316963 0.000074
0.008544 0.254905 0.265771 0.150274 0.003322 0.317112 0.000071
0.008580 0.254109 0.265224 0.150039 0.003304 0.318670 0.000073
0.008573 0.252785 0.265370 0.150369 0.003320 0.319501 0.000081
0.008623 0.251916 0.265282 0.150198 0.003296 0.320609 0.000077
0.008628 0.251742 0.265044 0.149891 0.003356 0.321260 0.000079
0.008525 0.249753 0.265402 0.149881 0.003337 0.323027 0.000074
0.008610 0.251029 0.264451 0.149999 0.003357 0.322476 0.000078
0.008644 0.248416 0.264545 0.149851 0.003352 0.325116 0.000076
0.008650 0.248217 0.264528 0.149928 0.003369 0.325236 0.000072
0.008710 0.247292 0.264506 0.149754 0.003431 0.326225 0.000082
0.008685 0.245819 0.264302 0.149769 0.003348 0.327990 0.000086
0.008709 0.246847 0.263953 0.149808 0.003371 0.327228 0.000083
0.008683 0.243769 0.264401 0.149574 0.003390 0.330102 0.000080
0.008763 0.243633 0.263698 0.149272 0.003389 0.331163 0.000082
0.008732 0.243449 0.264151 0.149307 0.003402 0.330877 0.000082
0.008809 0.242780 0.263334 0.149393 0.003428 0.332165 0.000091
0.008825 0.241888 0.263287 0.148915 0.003409 0.333590 0.000085
0.008847 0.240949 0.262979 0.148808 0.003404 0.334934 0.000079
0.008816 0.239276 0.263190 0.148993 0.003426 0.336214 0.000084
0.008850 0.239715 0.263089 0.148699 0.003437 0.336129 0.000081
0.008885 0.238080 0.263007 0.148839 0.003435 0.337665 0.000088
0.008883 0.237679 0.262959 0.148971 0.003392 0.338031 0.000086
0.008902 0.236748 0.263072 0.148598 0.003481 0.339113 0.000087
0.008920 0.235803 0.262574 0.148635 0.003447 0.340537 0.000085
0.008892 0.235402 0.262405 0.148436 0.003441 0.341336 0.000088
0.008903 0.234284 0.262138 0.148494 0.003505 0.342588 0.000087
0.008982 0.233683 0.261988 0.148260 0.003454 0.343543 0.000090
0.009018 0.232748 0.261841 0.148068 0.003496 0.344735 0.000095
0.009001 0.231807 0.261942 0.148202 0.003502 0.345457 0.000089
0.009049 0.232073 0.261709 0.147948 0.003523 0.345606 0.000093
0.009072 0.229869 0.261430 0.147988 0.003489 0.348068 0.000084
0.009104 0.229036 0.261542 0.147574 0.003535 0.349119 0.000089
0.009080 0.228985 0.261216 0.147590 0.003556 0.349478 0.000096
0.009105 0.228700 0.261128 0.147379 0.003535 0.350063 0.000091
0.009170 0.226998 0.260659 0.147445 0.003515 0.352121 0.000092
0.009174 0.226691 0.260647 0.147365 0.003591 0.352438 0.000095
0.009216 0.226094 0.260430 0.147238 0.003573 0.353354 0.000094
0.009192 0.225810 0.260112 0.147144 0.003624 0.354027 0.000091
0.009226 0.223888 0.260151 0.146821 0.003606 0.356216 0.000092
0.009267 0.225265 0.259689 0.146673 0.003602 0.355408 0.000097
0.009284 0.222400 0.260009 0.146871 0.003588 0.357758 0.000091
0.009316 0.222917 0.259669 0.146402 0.003555 0.358047 0.000093
0.009323 0.221486 0.259368 0.146403 0.003642 0.359680 0.000097
0.009384 0.220621 0.259151 0.146625 0.003586 0.360543 0.000089
0.009396 0.220544 0.258735 0.146244 0.003660 0.361324 0.000098
0.009463 0.219454 0.258728 0.145950 0.003650 0.362660 0.000095
0.009455 0.218978 0.258195 0.146098 0.003655 0.363524 0.000095
0.009463 0.218350 0.258333 0.145827 0.003628 0.364303 0.000096
0.009522 0.217730 0.258002 0.145649 0.003676 0.365320 0.000100
0.009514 0.217206 0.258056 0.145643 0.003701 0.365781 0.000099
0.009561 0.216381 0.257680 0.145593 0.003668 0.367020 0.000097
0.009559 0.215681 0.257566 0.145730 0.003691 0.367674 0.000099
0.009600 0.215270 0.257252 0.145492 0.003670 0.368620 0.000096
0.009594 0.214088 0.257283 0.145222 0.003689 0.370029 0.000094
0.009591 0.214957 0.257213 0.145236 0.003682 0.369222 0.000099
0.009670 0.213324 0.256553 0.145125 0.003740 0.371485 0.000102
0.009729 0.213930 0.256197 0.144933 0.003746 0.371361 0.000104
0.009782 0.211716 0.256176 0.144693 0.003688 0.373843 0.000102
0.009677 0.211083 0.256103 0.144760 0.003748 0.374531 0.000099
0.009784 0.210089 0.255654 0.144653 0.003753 0.375968 0.000099
0.009763 0.209914 0.255708 0.144516 0.003743 0.376257 0.000099
0.009799 0.208128 0.255329 0.144358 0.003760 0.378527 0.000099
0.009820 0.207968 0.255706 0.144513 0.003737 0.378152 0.000104
0.009843 0.206886 0.255110 0.144292 0.003751 0.380014 0.000104
0.009801 0.206635 0.254696 0.143820 0.003747 0.381202 0.000098
0.009924 0.206856 0.254484 0.143811 0.003775 0.381044 0.000105
0.009991 0.205421 0.254302 0.143836 0.003805 0.382539 0.000106
0.009904 0.204715 0.254531 0.143718 0.003745 0.383281 0.000106
0.009993 0.204108 0.253539 0.143567 0.003810 0.384881 0.000101
0.010021 0.204855 0.253365 0.143370 0.003806 0.384481 0.000101
0.010073 0.202439 0.253439 0.143340 0.003819 0.386784 0.000107
0.010101 0.203370 0.253048 0.143215 0.003788 0.386364 0.000115
0.010032 0.201714 0.253375 0.143076 0.003829 0.387861 0.000113
0.010142 0.200879 0.252709 0.142936 0.003822 0.389401 0.000110
0.010135 0.201326 0.252783 0.142749 0.003865 0.389037 0.000105
0.010138 0.199307 0.252061 0.142927 0.003846 0.391612 0.000109
0.010117 0.198371 0.252450 0.142748 0.003857 0.392346 0.000111
0.010200 0.198915 0.251844 0.142577 0.003866 0.392494 0.000103
0.010195 0.198118 0.251433 0.142359 0.003904 0.393881 0.000111
0.010283 0.196749 0.251605 0.142544 0.003893 0.394818 0.000108
0.010277 0.197021 0.250960 0.142401 0.003896 0.395344 0.000101
0.010352 0.196751 0.251067 0.141919 0.003925 0.395880 0.000106
0.010361 0.196336 0.250982 0.141932 0.003873 0.396409 0.000108
0.010346 0.195319 0.250715 0.141874 0.003918 0.397717 0.000111
0.010391 0.194334 0.250166 0.141681 0.003915 0.399404 0.000110
0.010423 0.194070 0.249899 0.141481 0.003919 0.400086 0.000122
0.010482 0.193310 0.249636 0.141334 0.003936 0.401190 0.000111
0.010580 0.192309 0.249842 0.141393 0.003936 0.401823 0.000118
0.010536 0.193221 0.249237 0.141065 0.003957 0.401868 0.000116
0.010631 0.191329 0.249168 0.140975 0.003958 0.403827 0.000112
0.010564 0.190418 0.248877 0.140974 0.003985 0.405072 0.000110
0.010583 0.191200 0.248911 0.140778 0.003959 0.404447 0.000121
0.010613 0.189373 0.248752 0.140376 0.003998 0.406775 0.000113
0.010668 0.189920 0.248365 0.140442 0.003973 0.406512 0.000120
0.010671 0.189022 0.248132 0.140253 0.003989 0.407819 0.000114
0.010710 0.188337 0.248013 0.140274 0.003995 0.408555 0.000115
0.010721 0.187633 0.247912 0.140119 0.004006 0.409487 0.000123
0.010751 0.186630 0.247548 0.139810 0.003987 0.411155 0.000118
0.010852 0.186566 0.247321 0.140025 0.004008 0.411107 0.000122
0.010859 0.186196 0.246482 0.139583 0.004007 0.412757 0.000115
0.010863 0.185924 0.246294 0.139648 0.004023 0.413129 0.000119
0.010906 0.184579 0.246189 0.139589 0.004063 0.414545 0.000127
0.010911 0.184428 0.245931 0.139130 0.004058 0.415421 0.000120
0.010890 0.183639 0.245672 0.139253 0.004004 0.416419 0.000122
0.011093 0.183134 0.245603 0.139181 0.004091 0.416771 0.000127
0.011060 0.183132 0.245617 0.138911 0.004051 0.417110 0.000118
0.011014 0.182163 0.245324 0.138779 0.004066 0.418528 0.000125
0.011073 0.180681 0.244795 0.138484 0.004086 0.420750 0.000130
0.011206 0.181119 0.244588 0.138139 0.004052 0.420778 0.000118
0.011147 0.181806 0.244456 0.138279 0.004064 0.420121 0.000126
0.011135 0.179950 0.244146 0.138319 0.004113 0.422207 0.000130
0.011118 0.179807 0.244137 0.138107 0.004117 0.422582 0.000133
0.011157 0.179450 0.244010 0.137991 0.004068 0.423194 0.000129
0.011173 0.178582 0.243455 0.137860 0.004075 0.424726 0.000129
0.011191 0.177603 0.243301 0.137583 0.004139 0.426054 0.000129
0.011167 0.178354 0.242863 0.137422 0.004141 0.425931 0.000121
0.011195 0.177723 0.242773 0.137374 0.004136 0.426665 0.000134
0.011370 0.176159 0.242590 0.137300 0.004189 0.428255 0.000137
0.011299 0.176273 0.242573 0.137269 0.004135 0.428323 0.000128
0.011301 0.176131 0.242357 0.136962 0.004161 0.428954 0.000134
0.011354 0.175503 0.241959 0.136471 0.004121 0.430460 0.000133
0.011393 0.175513 0.241823 0.136488 0.004123 0.430524 0.000137
0.011455 0.174155 0.241150 0.136235 0.004164 0.432704 0.000136
0.011534 0.174760 0.240998 0.136337 0.004181 0.432060 0.000129
0.011543 0.173330 0.240882 0.136276 0.004206 0.433630 0.000133
0.011539 0.172795 0.240338 0.136019 0.004168 0.435007 0.000135
0.011558 0.172707 0.240782 0.135954 0.004161 0.434712 0.000127
0.011563 0.171495 0.239871 0.135872 0.004208 0.436858 0.000134
0.011644 0.171910 0.239801 0.135650 0.004208 0.436650 0.000138
0.011672 0.170972 0.239320 0.135448 0.004182 0.438266 0.000140
0.011589 0.170003 0.239263 0.135044 0.004225 0.439744 0.000133
0.011661 0.170618 0.239116 0.135098 0.004243 0.439123 0.000141
0.011687 0.169502 0.238749 0.134684 0.004244 0.440997 0.000136
0.011659 0.168500 0.238301 0.134701 0.004232 0.442462 0.000145
0.011726 0.168623 0.238285 0.134740 0.004212 0.442273 0.000139
0.011757 0.167320 0.237976 0.134441 0.004234 0.444132 0.000140
0.011807 0.167764 0.237731 0.134373 0.004229 0.443950 0.000147
0.011906 0.167059 0.237448 0.134419 0.004253 0.444771 0.000144
0.011898 0.166254 0.237345 0.134123 0.004266 0.445972 0.000142
0.011865 0.165482 0.237239 0.134020 0.004293 0.446952 0.000148
0.011950 0.165035 0.236985 0.133714 0.004227 0.447945 0.000143
0.011921 0.165121 0.236502 0.133829 0.004299 0.448182 0.000147
0.012023 0.164925 0.236509 0.133986 0.004305 0.448106 0.000147
0.012007 0.164692 0.236194 0.133264 0.004272 0.449427 0.000145
0.012009 0.163961 0.235609 0.133172 0.004305 0.450796 0.000148
0.012055 0.164761 0.235513 0.133107 0.004263 0.450155 0.000146
0.012186 0.162073 0.235062 0.132824 0.004336 0.453374 0.000144
0.012120 0.162371 0.234869 0.132847 0.004317 0.453322 0.000153
0.012235 0.161299 0.234963 0.132494 0.004247 0.454616 0.000146
0.012211 0.160661 0.234736 0.132013 0.004308 0.455917 0.000156
0.012232 0.161965 0.234232 0.132243 0.004318 0.454857 0.000152
0.012327 0.160176 0.233756 0.131753 0.004319 0.457517 0.000151
0.012316 0.160323 0.233870 0.132026 0.004333 0.456978 0.000156
0.012367 0.159154 0.233136 0.131734 0.004349 0.459101 0.000158
0.012443 0.158880 0.233203 0.131540 0.004346 0.459450 0.000139
0.012389 0.158330 0.233069 0.131493 0.004314 0.460243 0.000161
0.012431 0.158567 0.232642 0.131704 0.004331 0.460173 0.000153
0.012565 0.158059 0.232135 0.131291 0.004383 0.461397 0.000170
0.012569 0.157571 0.232419 0.131187 0.004366 0.461723 0.000164
0.012569 0.157338 0.231897 0.131214 0.004333 0.462484 0.000164
0.012661 0.156344 0.231635 0.130656 0.004362 0.464182 0.000161
0.012673 0.156371 0.231269 0.130506 0.004404 0.464618 0.000160
0.012657 0.155310 0.231298 0.130661 0.004441 0.465464 0.000169
0.012745 0.155846 0.230768 0.130663 0.004381 0.465431 0.000165
0.012803 0.155420 0.230669 0.130312 0.004413 0.466229 0.000154
0.012880 0.154027 0.230149 0.130034 0.004401 0.468347 0.000161
0.012820 0.154960 0.230085 0.130240 0.004373 0.467352 0.000170
0.012950 0.153999 0.229653 0.129602 0.004422 0.469212 0.000162
0.012981 0.152883 0.229382 0.129524 0.004418 0.470638 0.000174
0.012941 0.152990 0.229291 0.129466 0.004404 0.470741 0.000167
0.013072 0.152557 0.228929 0.129289 0.004416 0.471582 0.000156
0.013187 0.151829 0.228455 0.129072 0.004425 0.472866 0.000167
0.013184 0.151418 0.227934 0.128609 0.004470 0.474227 0.000158
0.013309 0.151062 0.227936 0.128707 0.004443 0.474380 0.000163
0.013242 0.151505 0.227812 0.128772 0.004430 0.474071 0.000169
0.013261 0.150026 0.227392 0.128483 0.004412 0.476257 0.000168
0.013362 0.150032 0.227560 0.128479 0.004414 0.475979 0.000173
0.013364 0.149586 0.226897 0.128379 0.004477 0.477130 0.000168
0.013392 0.149466 0.226735 0.128164 0.004447 0.477624 0.000172
0.013489 0.148941 0.226630 0.128013 0.004426 0.478331 0.000172
0.013471 0.148590 0.226346 0.128091 0.004477 0.478858 0.000167
0.013555 0.148028 0.225836 0.127731 0.004444 0.480233 0.000173
0.013456 0.147954 0.225673 0.127561 0.004474 0.480692 0.000190
0.013645 0.147846 0.225293 0.127356 0.004485 0.481198 0.000177
0.013585 0.147190 0.225155 0.127204 0.004445 0.482247 0.000175
0.013596 0.147386 0.225036 0.127077 0.004467 0.482255 0.000182
0.013703 0.147065 0.224447 0.127105 0.004509 0.482998 0.000174
0.013701 0.146302 0.224145 0.126821 0.004525 0.484321 0.000187
0.013667 0.145654 0.223831 0.126647 0.004545 0.485475 0.000180
0.013819 0.145375 0.223559 0.126522 0.004527 0.486021 0.000178
0.013858 0.145048 0.223358 0.126402 0.004505 0.486643 0.000185
0.013824 0.144767 0.223266 0.126333 0.004513 0.487116 0.000182
0.013918 0.143728 0.222295 0.126072 0.004550 0.489256 0.000181
0.013910 0.143759 0.222344 0.125765 0.004554 0.489493 0.000176
0.013967 0.143122 0.222288 0.125363 0.004520 0.490553 0.000186
0.013980 0.143184 0.222164 0.125679 0.004512 0.490302 0.000180
0.013968 0.142218 0.221306 0.125298 0.004560 0.492467 0.000183
0.013990 0.142192 0.221355 0.125210 0.004553 0.492519 0.000181
0.013968 0.142313 0.221247 0.124889 0.004531 0.492870 0.000182
0.014004 0.141472 0.221111 0.124830 0.004546 0.493844 0.000193
0.014012 0.141080 0.220802 0.124934 0.004593 0.494386 0.000192
0.014022 0.140688 0.220429 0.124717 0.004569 0.495389 0.000186
0.014148 0.140595 0.220596 0.124539 0.004585 0.495350 0.000187
0.014198 0.140341 0.220205 0.124448 0.004564 0.496053 0.000192
0.014262 0.140176 0.220130 0.124044 0.004539 0.496670 0.000180
0.014214 0.139745 0.219548 0.124177 0.004556 0.497574 0.000184
0.014362 0.138528 0.218965 0.123664 0.004613 0.499683 0.000186
0.014478 0.138296 0.218326 0.123703 0.004623 0.500382 0.000192
0.014367 0.138843 0.218897 0.123222 0.004626 0.499854 0.000191
0.014382 0.138248 0.218372 0.123417 0.004640 0.500760 0.000181
0.014413 0.137651 0.217984 0.123361 0.004612 0.501786 0.000193
0.014497 0.137230 0.217840 0.123087 0.004623 0.502542 0.000182
0.014583 0.137393 0.217613 0.123199 0.004664 0.502350 0.000200
0.014574 0.136853 0.217092 0.123002 0.004595 0.503696 0.000187
0.014663 0.136401 0.216705 0.122565 0.004631 0.504845 0.000191
0.014775 0.136026 0.216323 0.122381 0.004604 0.505701 0.000189
0.014698 0.136371 0.216344 0.122235 0.004637 0.505530 0.000184
0.014680 0.135624 0.216213 0.121859 0.004650 0.506777 0.000195
0.014716 0.135170 0.216106 0.121724 0.004659 0.507428 0.000197
0.014872 0.134376 0.215059 0.121445 0.004680 0.509360 0.000209
0.014915 0.134800 0.215143 0.121546 0.004648 0.508745 0.000203
0.014825 0.134720 0.214957 0.121623 0.004694 0.508988 0.000194
0.014828 0.133997 0.214861 0.121347 0.004632 0.510135 0.000200
0.014960 0.132887 0.214404 0.120972 0.004607 0.511980 0.000189
0.014976 0.133448 0.214302 0.120894 0.004602 0.511573 0.000205
