0.974062 0.025347 0.000377 0.000210 0.000000 0.000004 0.000000
0.949483 0.049258 0.000802 0.000440 0.000000 0.000017 0.000000
0.942019 0.056510 0.000945 0.000511 0.000000 0.000015 0.000000
0.933752 0.064504 0.001128 0.000598 0.000000 0.000018 0.000000
0.926890 0.071165 0.001251 0.000669 0.000000 0.000025 0.000000
0.917576 0.080210 0.001426 0.000756 0.000000 0.000032 0.000000
0.907551 0.089932 0.001600 0.000878 0.000000 0.000038 0.000000
0.898724 0.098491 0.001771 0.000975 0.000000 0.000039 0.000000
0.886379 0.110424 0.002047 0.001107 0.000000 0.000043 0.000000
0.874784 0.121582 0.002309 0.001269 0.000000 0.000055 0.000000
0.863169 0.132792 0.002560 0.001414 0.000000 0.000065 0.000000
0.850763 0.144780 0.002815 0.001564 0.000000 0.000078 0.000000
0.836993 0.158006 0.003156 0.001750 0.000000 0.000095 0.000000
0.823222 0.171227 0.003479 0.001965 0.000000 0.000108 0.000000
0.807927 0.185931 0.003832 0.002183 0.000000 0.000127 0.000000
0.794265 0.199010 0.004189 0.002390 0.000001 0.000144 0.000000
0.780000 0.212693 0.004552 0.002596 0.000002 0.000157 0.000000
0.764935 0.227085 0.004967 0.002842 0.000002 0.000170 0.000000
0.748918 0.242343 0.005428 0.003129 0.000002 0.000181 0.000000
0.735329 0.255274 0.005831 0.003360 0.000002 0.000204 0.000000
0.718812 0.270990 0.006331 0.003626 0.000001 0.000239 0.000001
0.704543 0.284516 0.006824 0.003856 0.000001 0.000260 0.000001
0.688553 0.299621 0.007360 0.004173 0.000001 0.000290 0.000001
0.672648 0.314662 0.007885 0.004475 0.000001 0.000328 0.000001
0.657783 0.328671 0.008376 0.004818 0.000002 0.000349 0.000001
0.641735 0.343636 0.009027 0.005224 0.000003 0.000374 0.000001
0.628154 0.356255 0.009622 0.005565 0.000004 0.000399 0.000001
0.612300 0.371000 0.010282 0.005977 0.000005 0.000434 0.000001
0.599104 0.383307 0.010807 0.006293 0.000006 0.000481 0.000001
0.583589 0.397625 0.011562 0.006712 0.000005 0.000506 0.000001
0.571482 0.408750 0.012187 0.007039 0.000007 0.000533 0.000001
0.558641 0.420491 0.012830 0.007458 0.000008 0.000571 0.000001
0.543446 0.434464 0.013578 0.007885 0.000008 0.000618 0.000001
0.529939 0.446653 0.014418 0.008326 0.000009 0.000653 0.000001
0.519059 0.456516 0.015037 0.008680 0.000009 0.000698 0.000001
0.505434 0.468719 0.015927 0.009159 0.000010 0.000751 0.000001
0.495849 0.477228 0.016568 0.009540 0.000009 0.000806 0.000001
0.480586 0.490836 0.017565 0.010138 0.000009 0.000864 0.000001
0.472469 0.497954 0.018160 0.010497 0.000010 0.000909 0.000001
0.460543 0.508475 0.019016 0.010973 0.000011 0.000981 0.000001
0.452689 0.515106 0.019743 0.011418 0.000011 0.001032 0.000001
0.442842 0.523581 0.020640 0.011839 0.000012 0.001084 0.000001
0.429937 0.534725 0.021690 0.012460 0.000012 0.001175 0.000001
0.420110 0.543025 0.022607 0.012997 0.000012 0.001249 0.000001
0.411631 0.550059 0.023466 0.013494 0.000012 0.001337 0.000000
0.403685 0.556541 0.024363 0.013977 0.000015 0.001419 0.000001
0.393316 0.565279 0.025341 0.014530 0.000016 0.001518 0.000001
0.387652 0.569579 0.026170 0.014974 0.000017 0.001608 0.000001
0.376818 0.578545 0.027340 0.015580 0.000017 0.001700 0.000001
0.372026 0.581998 0.028099 0.016066 0.000020 0.001790 0.000001
0.361818 0.590395 0.029190 0.016715 0.000022 0.001860 0.000001
0.353786 0.596735 0.030197 0.017271 0.000021 0.001989 0.000000
0.348984 0.599911 0.031107 0.017862 0.000023 0.002113 0.000001
0.341002 0.606018 0.032241 0.018476 0.000024 0.002239 0.000000
0.334744 0.610683 0.033228 0.018965 0.000028 0.002352 0.000001
0.326319 0.616965 0.034470 0.019736 0.000029 0.002481 0.000000
0.323435 0.618556 0.035209 0.020147 0.000035 0.002617 0.000000
0.314885 0.624954 0.036542 0.020843 0.000035 0.002740 0.000000
0.311138 0.627211 0.037452 0.021276 0.000036 0.002886 0.000001
0.303962 0.632437 0.038600 0.021927 0.000036 0.003038 0.000001
0.296259 0.637832 0.039925 0.022746 0.000039 0.003200 0.000000
0.292670 0.639892 0.040817 0.023254 0.000038 0.003329 0.000001
0.289689 0.641496 0.041609 0.023721 0.000038 0.003447 0.000000
0.280744 0.647718 0.043189 0.024625 0.000042 0.003682 0.000000
0.278151 0.648726 0.044129 0.025144 0.000044 0.003804 0.000001
0.267928 0.656372 0.045688 0.025955 0.000047 0.004010 0.000000
0.265100 0.657324 0.046691 0.026624 0.000048 0.004212 0.000001
0.256761 0.663351 0.048047 0.027391 0.000053 0.004397 0.000000
0.254022 0.664383 0.049024 0.027931 0.000053 0.004588 0.000001
0.251626 0.665189 0.049992 0.028403 0.000055 0.004735 0.000000
0.241525 0.671856 0.051980 0.029538 0.000056 0.005044 0.000001
0.239947 0.671605 0.052962 0.030194 0.000059 0.005234 0.000000
0.229672 0.678289 0.055072 0.031342 0.000062 0.005563 0.000000
0.227715 0.679377 0.055588 0.031599 0.000063 0.005657 0.000001
0.222126 0.682279 0.057022 0.032552 0.000065 0.005956 0.000001
0.214711 0.686304 0.058954 0.033691 0.000066 0.006273 0.000000
0.210765 0.687840 0.060261 0.034496 0.000073 0.006565 0.000000
0.205041 0.691290 0.061626 0.035207 0.000071 0.006765 0.000001
0.199874 0.693585 0.063242 0.036118 0.000083 0.007096 0.000001
0.197072 0.694074 0.064620 0.036796 0.000084 0.007354 0.000000
0.192374 0.696052 0.066051 0.037759 0.000086 0.007677 0.000001
0.188375 0.697157 0.067714 0.038674 0.000087 0.007993 0.000000
0.182326 0.700411 0.069280 0.039602 0.000091 0.008291 0.000001
0.177390 0.702431 0.070938 0.040495 0.000094 0.008652 0.000000
0.177331 0.700775 0.071853 0.041027 0.000097 0.008916 0.000000
0.172656 0.702699 0.073464 0.041882 0.000102 0.009197 0.000000
0.166277 0.705333 0.075550 0.043097 0.000107 0.009636 0.000000
0.164404 0.705615 0.076392 0.043579 0.000115 0.009893 0.000001
0.163433 0.703845 0.077911 0.044377 0.000119 0.010315 0.000000
0.158759 0.704820 0.079963 0.045604 0.000123 0.010731 0.000000
0.152554 0.707966 0.081707 0.046558 0.000136 0.011080 0.000000
0.156145 0.703288 0.082253 0.046851 0.000140 0.011322 0.000000
0.157141 0.700564 0.083170 0.047434 0.000143 0.011547 0.000001
0.148410 0.704489 0.085878 0.048931 0.000144 0.012147 0.000001
0.149497 0.701869 0.086592 0.049432 0.000151 0.012459 0.000001
0.141106 0.705341 0.089355 0.050945 0.000161 0.013091 0.000001
0.145322 0.700281 0.089765 0.051168 0.000160 0.013304 0.000001
0.145355 0.698418 0.090658 0.051763 0.000165 0.013641 0.000000
0.138251 0.701373 0.093005 0.053043 0.000169 0.014158 0.000000
0.138745 0.699054 0.093913 0.053530 0.000176 0.014580 0.000000
0.136192 0.699098 0.095375 0.054265 0.000173 0.014897 0.000000
0.132376 0.698123 0.097838 0.055801 0.000187 0.015675 0.000001
0.131230 0.699008 0.098005 0.055866 0.000192 0.015699 0.000001
0.131865 0.695397 0.099631 0.056705 0.000198 0.016204 0.000000
0.131288 0.693840 0.100733 0.057346 0.000203 0.016590 0.000000
0.129177 0.693788 0.101912 0.057885 0.000206 0.017031 0.000001
0.129455 0.691436 0.102939 0.058542 0.000212 0.017416 0.000001
0.124523 0.692319 0.105141 0.059683 0.000220 0.018113 0.000001
0.122799 0.691982 0.106150 0.060344 0.000223 0.018501 0.000000
0.120721 0.692415 0.106842 0.060938 0.000232 0.018852 0.000000
0.116581 0.693575 0.108454 0.061757 0.000231 0.019401 0.000000
0.116416 0.690479 0.110140 0.062767 0.000244 0.019953 0.000001
0.108975 0.693602 0.112407 0.064104 0.000246 0.020666 0.000001
0.107579 0.692577 0.113716 0.064701 0.000252 0.021174 0.000000
0.103753 0.692705 0.115655 0.065817 0.000255 0.021815 0.000000
0.102858 0.691661 0.116664 0.066402 0.000261 0.022153 0.000001
0.101323 0.690804 0.117717 0.067202 0.000278 0.022676 0.000001
0.093654 0.693606 0.120369 0.068656 0.000292 0.023423 0.000001
0.092949 0.691748 0.121596 0.069362 0.000296 0.024048 0.000001
0.088632 0.692068 0.123596 0.070512 0.000314 0.024877 0.000001
0.087087 0.692704 0.124146 0.070740 0.000306 0.025015 0.000001
0.085607 0.690668 0.125801 0.071797 0.000318 0.025809 0.000001
0.083246 0.690397 0.127098 0.072610 0.000325 0.026324 0.000001
0.079826 0.689113 0.129522 0.074049 0.000338 0.027151 0.000001
0.078309 0.689803 0.129848 0.074192 0.000327 0.027519 0.000001
0.076713 0.687440 0.131989 0.075263 0.000335 0.028260 0.000001
0.072978 0.686305 0.134517 0.076702 0.000346 0.029152 0.000000
0.073836 0.684251 0.135064 0.077060 0.000352 0.029436 0.000001
0.068614 0.683851 0.138028 0.078608 0.000357 0.030541 0.000000
0.071292 0.679432 0.138813 0.079136 0.000369 0.030956 0.000002
0.067756 0.680257 0.140037 0.079966 0.000378 0.031604 0.000001
0.068696 0.677112 0.141036 0.080549 0.000391 0.032213 0.000003
0.067561 0.675157 0.142564 0.081416 0.000399 0.032899 0.000002
0.065194 0.674290 0.144330 0.082135 0.000397 0.033652 0.000002
0.066424 0.669931 0.145834 0.083009 0.000415 0.034384 0.000002
0.066935 0.669258 0.145765 0.083013 0.000426 0.034600 0.000003
0.063475 0.668573 0.147840 0.084240 0.000432 0.035438 0.000003
0.061952 0.664844 0.150427 0.085618 0.000449 0.036708 0.000002
0.060463 0.664061 0.151601 0.086164 0.000446 0.037263 0.000003
0.062574 0.661222 0.151796 0.086422 0.000456 0.037528 0.000002
0.061364 0.658778 0.153403 0.087361 0.000474 0.038619 0.000003
0.056766 0.659033 0.155664 0.088527 0.000485 0.039523 0.000002
0.057072 0.656942 0.156465 0.088991 0.000492 0.040036 0.000002
0.058466 0.654315 0.156971 0.089295 0.000510 0.040440 0.000003
0.054540 0.652472 0.159989 0.090773 0.000515 0.041708 0.000002
0.059706 0.647778 0.159465 0.090518 0.000512 0.042018 0.000003
0.061076 0.644985 0.160082 0.090907 0.000526 0.042421 0.000003
0.055468 0.646558 0.161989 0.092153 0.000537 0.043291 0.000004
0.055810 0.644957 0.162533 0.092330 0.000553 0.043814 0.000003
0.055310 0.643338 0.163513 0.092777 0.000556 0.044503 0.000003
0.052880 0.640763 0.165822 0.094129 0.000575 0.045829 0.000002
0.053614 0.639495 0.166047 0.094212 0.000573 0.046056 0.000004
0.049006 0.639070 0.168475 0.095581 0.000593 0.047272 0.000003
0.055825 0.633568 0.167509 0.095075 0.000595 0.047425 0.000004
0.051103 0.634385 0.169539 0.096216 0.000601 0.048153 0.000003
0.048816 0.633617 0.171040 0.096866 0.000621 0.049037 0.000004
0.048353 0.629265 0.173129 0.098268 0.000640 0.050340 0.000005
0.045896 0.629387 0.174229 0.098834 0.000638 0.051013 0.000004
0.048855 0.626253 0.174289 0.098725 0.000651 0.051225 0.000003
0.043948 0.625825 0.176860 0.099990 0.000659 0.052714 0.000003
0.045007 0.623243 0.177221 0.100595 0.000673 0.053257 0.000003
0.046055 0.621444 0.177585 0.100641 0.000687 0.053584 0.000003
0.043286 0.620793 0.179068 0.101425 0.000700 0.054726 0.000003
0.042887 0.618278 0.180504 0.102118 0.000708 0.055499 0.000005
0.037776 0.620181 0.181941 0.103205 0.000714 0.056178 0.000005
0.039521 0.615308 0.183216 0.103793 0.000735 0.057421 0.000005
0.038280 0.614123 0.184166 0.104501 0.000732 0.058194 0.000004
0.038087 0.611753 0.185188 0.104938 0.000746 0.059284 0.000004
0.037141 0.609979 0.186593 0.105662 0.000767 0.059852 0.000005
0.035400 0.607750 0.188083 0.106737 0.000785 0.061240 0.000005
0.034929 0.606979 0.188659 0.106855 0.000780 0.061793 0.000005
0.033350 0.604350 0.190642 0.107991 0.000782 0.062879 0.000006
0.032721 0.604824 0.190401 0.108117 0.000806 0.063129 0.000004
0.032508 0.601523 0.191932 0.108873 0.000821 0.064338 0.000004
0.030878 0.599879 0.193505 0.109543 0.000839 0.065352 0.000005
0.029185 0.598856 0.194571 0.110358 0.000829 0.066196 0.000005
0.029505 0.596966 0.195103 0.110668 0.000826 0.066929 0.000005
0.031678 0.593032 0.195842 0.110948 0.000850 0.067645 0.000005
0.032355 0.590196 0.196661 0.111340 0.000850 0.068591 0.000006
0.031935 0.588549 0.197453 0.111885 0.000859 0.069315 0.000006
0.029552 0.587654 0.198592 0.112817 0.000887 0.070493 0.000006
0.029557 0.584045 0.200400 0.113321 0.000925 0.071746 0.000006
0.029676 0.583266 0.200466 0.113477 0.000912 0.072198 0.000005
0.031497 0.579562 0.201028 0.114020 0.000947 0.072941 0.000006
0.029608 0.578594 0.202609 0.114493 0.000937 0.073752 0.000007
0.025638 0.576658 0.205178 0.116036 0.000942 0.075542 0.000005
0.028851 0.574779 0.204091 0.115674 0.000935 0.075666 0.000005
0.030685 0.571117 0.204852 0.115944 0.000960 0.076436 0.000006
0.029483 0.569895 0.205755 0.116662 0.000988 0.077211 0.000005
0.026701 0.569555 0.206915 0.117249 0.000994 0.078578 0.000007
0.026745 0.566175 0.208483 0.117799 0.001013 0.079781 0.000005
0.026206 0.565542 0.208725 0.118057 0.001026 0.080440 0.000004
0.024858 0.564012 0.209725 0.118971 0.001027 0.081403 0.000005
0.025006 0.562358 0.210335 0.119184 0.001048 0.082065 0.000005
0.024621 0.561869 0.210558 0.119407 0.001043 0.082495 0.000007
0.023428 0.558514 0.212530 0.120361 0.001076 0.084086 0.000005
0.023328 0.556980 0.213111 0.120814 0.001067 0.084694 0.000005
0.021543 0.555999 0.214210 0.121376 0.001081 0.085783 0.000007
0.020894 0.554111 0.215224 0.121958 0.001090 0.086718 0.000005
0.020406 0.552373 0.216155 0.122382 0.001108 0.087570 0.000006
0.019610 0.549987 0.217040 0.123182 0.001110 0.089064 0.000007
0.018853 0.547572 0.218385 0.123732 0.001138 0.090315 0.000006
0.018498 0.546476 0.218954 0.123964 0.001149 0.090952 0.000006
0.018459 0.544662 0.219621 0.124444 0.001163 0.091646 0.000005
0.017929 0.541654 0.220906 0.125040 0.001172 0.093292 0.000006
0.017358 0.540941 0.221568 0.125310 0.001177 0.093639 0.000006
0.017403 0.539370 0.221947 0.125613 0.001191 0.094471 0.000006
0.016778 0.538143 0.222789 0.125786 0.001193 0.095305 0.000005
0.016093 0.535474 0.224058 0.126523 0.001200 0.096647 0.000006
0.015762 0.532621 0.225172 0.127231 0.001213 0.097994 0.000007
0.015428 0.531361 0.225751 0.127628 0.001224 0.098602 0.000006
0.015732 0.531860 0.225063 0.127314 0.001230 0.098795 0.000006
0.015128 0.527000 0.227352 0.128546 0.001244 0.100724 0.000006
0.015452 0.525018 0.227662 0.128958 0.001252 0.101651 0.000006
0.017562 0.520841 0.228246 0.129159 0.001284 0.102903 0.000006
0.018436 0.520104 0.228087 0.129038 0.001267 0.103062 0.000006
0.021545 0.515978 0.228184 0.128974 0.001275 0.104037 0.000007
0.020584 0.514450 0.229127 0.129514 0.001286 0.105032 0.000008
0.019709 0.513532 0.229883 0.129719 0.001290 0.105860 0.000007
0.019818 0.512258 0.229872 0.129938 0.001317 0.106790 0.000007
0.021018 0.509390 0.230445 0.130162 0.001318 0.107660 0.000008
0.019843 0.506257 0.231952 0.131098 0.001360 0.109482 0.000008
0.020789 0.505602 0.231619 0.130902 0.001372 0.109709 0.000008
0.020354 0.503086 0.232522 0.131554 0.001365 0.111111 0.000008
0.019517 0.502418 0.233223 0.131564 0.001400 0.111870 0.000008
0.020181 0.498830 0.234022 0.132229 0.001413 0.113314 0.000010
0.019684 0.498750 0.234036 0.132340 0.001411 0.113769 0.000010
0.019431 0.497879 0.234360 0.132500 0.001425 0.114398 0.000008
0.020613 0.496252 0.234264 0.132429 0.001431 0.115001 0.000010
0.020534 0.492848 0.235389 0.133033 0.001432 0.116754 0.000011
0.021874 0.491228 0.235202 0.133108 0.001451 0.117124 0.000013
0.022592 0.487285 0.236343 0.133617 0.001458 0.118694 0.000011
0.021698 0.486966 0.236596 0.134055 0.001459 0.119215 0.000011
0.025414 0.483166 0.236258 0.133684 0.001506 0.119961 0.000011
0.021998 0.483448 0.237630 0.134447 0.001503 0.120961 0.000013
0.023647 0.481254 0.237484 0.134433 0.001495 0.121673 0.000014
0.023580 0.478664 0.238248 0.134759 0.001528 0.123206 0.000015
0.023690 0.479213 0.237819 0.134504 0.001522 0.123236 0.000016
0.022552 0.476955 0.238865 0.135280 0.001543 0.124790 0.000015
0.021388 0.476210 0.239436 0.135513 0.001560 0.125877 0.000016
0.020839 0.474610 0.240408 0.135865 0.001576 0.126685 0.000017
0.021334 0.471842 0.240779 0.136160 0.001594 0.128275 0.000016
0.020332 0.471243 0.241514 0.136305 0.001587 0.129004 0.000016
0.020407 0.469270 0.242028 0.136550 0.001599 0.130128 0.000017
0.020058 0.468901 0.241749 0.136744 0.001611 0.130920 0.000017
0.020811 0.466435 0.242194 0.136975 0.001614 0.131956 0.000015
0.020526 0.464716 0.242865 0.136998 0.001641 0.133236 0.000019
0.018885 0.464353 0.243645 0.137476 0.001661 0.133959 0.000022
0.018714 0.461618 0.244233 0.138093 0.001677 0.135650 0.000017
0.017071 0.460107 0.245345 0.138586 0.001701 0.137173 0.000017
0.017966 0.459684 0.245001 0.138438 0.001713 0.137177 0.000021
0.017816 0.458191 0.245454 0.138511 0.001714 0.138294 0.000021
0.015774 0.456963 0.246509 0.139398 0.001729 0.139608 0.000020
0.016059 0.456269 0.246641 0.139277 0.001712 0.140019 0.000022
0.015791 0.453822 0.247203 0.139711 0.001750 0.141702 0.000021
0.014646 0.451669 0.248314 0.140509 0.001770 0.143070 0.000022
0.014319 0.450878 0.248500 0.140673 0.001746 0.143861 0.000022
0.013928 0.447855 0.249466 0.141268 0.001829 0.145633 0.000020
0.014416 0.448090 0.249229 0.141016 0.001778 0.145449 0.000022
0.013191 0.445452 0.250243 0.141638 0.001784 0.147670 0.000022
0.013160 0.444394 0.250307 0.141908 0.001819 0.148390 0.000023
0.012318 0.442029 0.251383 0.142397 0.001843 0.150006 0.000024
0.012461 0.439349 0.252165 0.142569 0.001840 0.151593 0.000022
0.012090 0.438890 0.252120 0.142855 0.001860 0.152159 0.000025
0.012277 0.437921 0.252167 0.142834 0.001878 0.152901 0.000023
0.011674 0.436466 0.252927 0.143396 0.001893 0.153620 0.000022
0.012146 0.435532 0.252727 0.143262 0.001893 0.154416 0.000025
0.011571 0.432760 0.253548 0.143830 0.001938 0.156324 0.000029
0.011162 0.430750 0.254385 0.144141 0.001937 0.157599 0.000026
0.011539 0.432181 0.253626 0.143514 0.001932 0.157181 0.000027
0.011012 0.428246 0.254907 0.144654 0.001943 0.159213 0.000026
0.011023 0.427690 0.254815 0.144460 0.001989 0.159998 0.000026
0.010795 0.425590 0.255395 0.144853 0.001970 0.161369 0.000028
0.010496 0.423575 0.256049 0.145194 0.002002 0.162654 0.000029
0.010659 0.422671 0.255929 0.145292 0.002026 0.163399 0.000025
0.010599 0.421245 0.256436 0.145235 0.001998 0.164458 0.000028
0.010917 0.420323 0.256358 0.145195 0.002032 0.165149 0.000026
0.010202 0.415660 0.257716 0.146436 0.002041 0.167916 0.000028
0.010087 0.415389 0.257975 0.146139 0.002050 0.168329 0.000030
0.010244 0.413131 0.258249 0.146318 0.002082 0.169942 0.000034
0.010179 0.412762 0.258293 0.146188 0.002084 0.170466 0.000027
0.009957 0.409499 0.259367 0.146615 0.002113 0.172418 0.000032
0.010083 0.409842 0.258747 0.146751 0.002102 0.172446 0.000028
0.009793 0.406909 0.259856 0.147156 0.002111 0.174143 0.000031
0.009841 0.405341 0.259783 0.147403 0.002108 0.175491 0.000033
0.009826 0.404726 0.260086 0.147242 0.002168 0.175922 0.000029
0.009958 0.405173 0.259639 0.147085 0.002170 0.175940 0.000035
0.009837 0.401775 0.260308 0.147504 0.002172 0.178374 0.000030
0.009675 0.401615 0.260592 0.147767 0.002170 0.178148 0.000033
0.009530 0.398299 0.261304 0.148115 0.002209 0.180508 0.000034
0.009585 0.396972 0.261427 0.147923 0.002209 0.181852 0.000032
0.009489 0.396249 0.261459 0.147981 0.002230 0.182560 0.000033
0.009495 0.394367 0.261703 0.148357 0.002219 0.183826 0.000033
0.009526 0.393831 0.261815 0.148389 0.002207 0.184199 0.000033
0.009577 0.391977 0.262235 0.148527 0.002261 0.185390 0.000034
0.009324 0.388550 0.263023 0.148947 0.002279 0.187839 0.000037
0.009436 0.388975 0.262592 0.148684 0.002292 0.187985 0.000036
0.009387 0.387302 0.263184 0.148988 0.002277 0.188827 0.000034
0.009323 0.385029 0.263529 0.149179 0.002278 0.190626 0.000037
0.009372 0.384335 0.263528 0.149203 0.002312 0.191211 0.000038
0.009197 0.383025 0.263944 0.149313 0.002336 0.192151 0.000033
0.009306 0.382052 0.263623 0.149522 0.002362 0.193098 0.000036
0.009243 0.381261 0.263865 0.149623 0.002365 0.193605 0.000039
0.009216 0.379002 0.264136 0.149881 0.002360 0.195370 0.000036
0.009295 0.379127 0.264076 0.149625 0.002375 0.195463 0.000039
0.009180 0.375770 0.264721 0.149866 0.002408 0.198015 0.000040
0.009200 0.374650 0.264912 0.150008 0.002456 0.198737 0.000037
0.009163 0.373664 0.264752 0.149924 0.002415 0.200044 0.000037
0.009103 0.372269 0.265022 0.150211 0.002408 0.200948 0.000038
0.009186 0.371467 0.265257 0.149988 0.002410 0.201655 0.000038
0.009086 0.369281 0.265855 0.150506 0.002450 0.202782 0.000040
0.009151 0.368408 0.265698 0.150507 0.002472 0.203725 0.000039
0.009122 0.366364 0.266017 0.150711 0.002463 0.205281 0.000041
0.009154 0.365651 0.265734 0.150544 0.002470 0.206406 0.000039
0.009140 0.365036 0.265784 0.150436 0.002520 0.207042 0.000041
0.009086 0.363364 0.266172 0.150804 0.002475 0.208060 0.000039
0.009087 0.361859 0.266165 0.150714 0.002536 0.209599 0.000039
0.009172 0.361687 0.265669 0.150866 0.002529 0.210033 0.000043
0.009068 0.358692 0.266661 0.150887 0.002564 0.212084 0.000043
0.009032 0.355709 0.267323 0.151065 0.002559 0.214269 0.000043
0.009058 0.357305 0.266832 0.150818 0.002538 0.213405 0.000045
0.009106 0.355407 0.266648 0.151015 0.002567 0.215209 0.000049
0.008954 0.353253 0.267159 0.151212 0.002625 0.216753 0.000044
0.013018 0.351510 0.266063 0.150456 0.002626 0.216283 0.000043
0.014958 0.350504 0.265066 0.150218 0.002618 0.216594 0.000042
0.015953 0.348283 0.265220 0.149893 0.002605 0.217997 0.000049
0.018134 0.347809 0.264565 0.149222 0.002627 0.217601 0.000042
0.016940 0.345316 0.265011 0.150074 0.002649 0.219961 0.000050
0.014990 0.345683 0.265377 0.150130 0.002634 0.221136 0.000050
0.020216 0.343501 0.263912 0.149373 0.002647 0.220303 0.000048
0.016132 0.344949 0.264998 0.149828 0.002648 0.221397 0.000047
0.020670 0.341299 0.263709 0.149362 0.002654 0.222259 0.000047
0.016806 0.342292 0.264807 0.149585 0.002682 0.223776 0.000051
0.017714 0.340340 0.264672 0.149531 0.002671 0.225021 0.000051
0.017252 0.339429 0.264865 0.149492 0.002721 0.226187 0.000053
0.018480 0.339027 0.263866 0.149337 0.002713 0.226531 0.000046
0.018192 0.337030 0.264436 0.149267 0.002711 0.228307 0.000057
0.016837 0.336718 0.264796 0.149497 0.002697 0.229402 0.000053
0.015025 0.336037 0.265522 0.149953 0.002723 0.230690 0.000049
0.014210 0.335013 0.266055 0.150114 0.002743 0.231815 0.000050
0.016102 0.333777 0.265222 0.149615 0.002756 0.232477 0.000052
0.015591 0.333910 0.264860 0.149455 0.002757 0.233377 0.000050
0.013509 0.332214 0.265971 0.150293 0.002776 0.235188 0.000049
0.013312 0.330505 0.266392 0.150174 0.002825 0.236738 0.000053
0.012866 0.329492 0.266588 0.150288 0.002817 0.237896 0.000052
0.013487 0.330051 0.265869 0.150037 0.002829 0.237679 0.000048
0.011817 0.327963 0.266684 0.150620 0.002846 0.240021 0.000050
0.011807 0.327064 0.266930 0.150655 0.002878 0.240613 0.000053
0.011290 0.326458 0.266978 0.150744 0.002878 0.241601 0.000050
0.010917 0.324149 0.267618 0.151012 0.002887 0.243367 0.000050
0.011020 0.322840 0.267607 0.150925 0.002887 0.244666 0.000054
0.011297 0.322167 0.267164 0.150667 0.002891 0.245762 0.000053
0.010615 0.320940 0.267680 0.150949 0.002885 0.246881 0.000050
0.010353 0.318776 0.267890 0.151028 0.002947 0.248951 0.000054
0.010810 0.319099 0.267598 0.150954 0.002930 0.248554 0.000056
0.009811 0.316413 0.268314 0.151374 0.002931 0.251100 0.000057
0.009708 0.315132 0.268737 0.151147 0.002952 0.252266 0.000058
0.010041 0.315264 0.267948 0.151089 0.002955 0.252643 0.000060
0.014626 0.312746 0.266315 0.150397 0.003012 0.252849 0.000055
0.017855 0.310867 0.265534 0.149806 0.002981 0.252897 0.000060
0.017998 0.311459 0.265185 0.149363 0.002964 0.252970 0.000061
0.018086 0.308645 0.265800 0.149864 0.003003 0.254545 0.000057
0.018274 0.306525 0.265594 0.149913 0.003023 0.256611 0.000060
0.019784 0.307238 0.265030 0.149267 0.002991 0.255631 0.000060
0.019068 0.307245 0.264585 0.149272 0.003020 0.256747 0.000062
0.018975 0.306532 0.264418 0.149307 0.003013 0.257701 0.000055
0.016319 0.304921 0.265698 0.149822 0.003051 0.260129 0.000060
0.017356 0.303869 0.265271 0.149391 0.003030 0.261021 0.000063
0.017673 0.304014 0.264866 0.149496 0.003096 0.260793 0.000061
0.018524 0.301977 0.264964 0.149277 0.003086 0.262112 0.000061
0.018357 0.302904 0.264639 0.148965 0.003086 0.261986 0.000062
0.017814 0.301284 0.264503 0.149019 0.003093 0.264226 0.000061
0.016688 0.300347 0.264923 0.149042 0.003155 0.265788 0.000058
0.015845 0.300318 0.265375 0.149418 0.003115 0.265867 0.000061
0.017470 0.300354 0.264006 0.148630 0.003160 0.266316 0.000064
0.016020 0.298821 0.264456 0.149202 0.003158 0.268278 0.000065
0.013668 0.297603 0.265652 0.149745 0.003181 0.270089 0.000062
0.014207 0.297403 0.264946 0.149297 0.003174 0.270908 0.000065
0.013223 0.295839 0.265820 0.149681 0.003192 0.272178 0.000068
0.012152 0.295030 0.266110 0.149798 0.003245 0.273604 0.000061
0.011601 0.293722 0.266431 0.149906 0.003262 0.275013 0.000066
0.011427 0.291057 0.266358 0.150166 0.003244 0.277686 0.000063
0.011983 0.291368 0.266153 0.149836 0.003235 0.277360 0.000066
0.012462 0.292333 0.265561 0.149516 0.003246 0.276816 0.000066
0.011353 0.289366 0.266318 0.149900 0.003298 0.279701 0.000063
0.011226 0.290335 0.265899 0.149835 0.003277 0.279361 0.000067
0.010993 0.289464 0.266271 0.149816 0.003262 0.280126 0.000069
0.010571 0.285895 0.266637 0.149971 0.003321 0.283539 0.000067
0.010616 0.284899 0.266516 0.150332 0.003321 0.284245 0.000072
0.009833 0.282523 0.267103 0.150417 0.003373 0.286680 0.000072
0.010175 0.282758 0.266833 0.150413 0.003364 0.286383 0.000074
0.010589 0.283704 0.265653 0.149836 0.003339 0.286807 0.000072
0.010209 0.281896 0.266313 0.149822 0.003350 0.288334 0.000077
0.009824 0.279143 0.266896 0.150290 0.003378 0.290393 0.000076
0.009921 0.278473 0.266876 0.150391 0.003378 0.290883 0.000078
0.010046 0.278191 0.266482 0.150223 0.003398 0.291586 0.000074
0.009745 0.276369 0.266619 0.150271 0.003405 0.293513 0.000078
0.009753 0.275215 0.266640 0.150068 0.003457 0.294791 0.000076
0.009730 0.274673 0.266523 0.150294 0.003448 0.295254 0.000077
0.009939 0.275597 0.265737 0.149996 0.003437 0.295211 0.000083
0.009766 0.273732 0.266106 0.150070 0.003472 0.296772 0.000081
0.009691 0.271913 0.266355 0.150180 0.003506 0.298279 0.000076
0.009686 0.270657 0.266685 0.149999 0.003475 0.299420 0.000078
0.009647 0.269991 0.266490 0.150006 0.003511 0.300274 0.000080
0.009659 0.269373 0.266160 0.149888 0.003488 0.301348 0.000083
0.009434 0.267092 0.266658 0.149964 0.003488 0.303280 0.000084
0.009666 0.267787 0.265984 0.149775 0.003545 0.303157 0.000085
0.009749 0.267751 0.265462 0.149747 0.003514 0.303691 0.000087
0.009541 0.264702 0.266131 0.149651 0.003561 0.306333 0.000082
0.009561 0.263619 0.265924 0.149631 0.003586 0.307593 0.000086
0.009667 0.263946 0.265615 0.149499 0.003595 0.307597 0.000083
0.009490 0.262487 0.265653 0.149888 0.003588 0.308818 0.000077
0.009648 0.261339 0.265315 0.149795 0.003636 0.310175 0.000091
0.009503 0.259484 0.265656 0.149768 0.003600 0.311908 0.000082
0.009460 0.258654 0.265362 0.149742 0.003622 0.313068 0.000092
0.009459 0.257945 0.265420 0.149746 0.003660 0.313686 0.000084
0.009563 0.258886 0.264831 0.149448 0.003686 0.313506 0.000080
0.009473 0.257168 0.265043 0.149502 0.003656 0.315075 0.000084
0.009476 0.255505 0.265095 0.149613 0.003684 0.316537 0.000091
0.009548 0.254086 0.265267 0.149766 0.003636 0.317606 0.000090
0.009570 0.253941 0.264613 0.149229 0.003691 0.318863 0.000093
0.009502 0.252866 0.264724 0.149495 0.003678 0.319650 0.000085
0.009591 0.252615 0.264281 0.149168 0.003704 0.320547 0.000093
0.009605 0.251146 0.264234 0.148905 0.003747 0.322268 0.000096
0.009604 0.251074 0.264142 0.148892 0.003736 0.322470 0.000082
0.009490 0.248950 0.264713 0.148951 0.003722 0.324082 0.000091
0.009596 0.247760 0.264065 0.149082 0.003798 0.325604 0.000094
0.009519 0.247737 0.264060 0.149053 0.003764 0.325781 0.000085
0.009532 0.247029 0.264104 0.149059 0.003711 0.326476 0.000088
0.009545 0.246441 0.263946 0.148866 0.003790 0.327320 0.000092
0.009546 0.245881 0.263641 0.148891 0.003802 0.328150 0.000089
0.009595 0.244157 0.263698 0.148833 0.003790 0.329835 0.000092
0.009671 0.244658 0.263120 0.148239 0.003781 0.330427 0.000104
0.009693 0.243076 0.263159 0.148666 0.003825 0.331486 0.000094
0.009666 0.241453 0.263245 0.148578 0.003845 0.333120 0.000093
0.009672 0.241084 0.262904 0.148582 0.003894 0.333761 0.000104
0.009659 0.239803 0.263167 0.148295 0.003883 0.335096 0.000097
0.009744 0.239729 0.262647 0.148062 0.003835 0.335882 0.000101
0.009803 0.237837 0.262876 0.148055 0.003927 0.337400 0.000102
0.009737 0.238865 0.262576 0.147922 0.003913 0.336889 0.000098
0.009818 0.237286 0.262255 0.147821 0.003935 0.338784 0.000101
0.009772 0.235887 0.262368 0.147781 0.003901 0.340183 0.000107
0.009843 0.236050 0.261640 0.147558 0.003922 0.340886 0.000101
0.009918 0.235758 0.261709 0.147457 0.003936 0.341119 0.000103
0.009811 0.234671 0.261754 0.147640 0.003902 0.342112 0.000108
0.009894 0.232372 0.261644 0.147627 0.003962 0.344400 0.000101
0.009934 0.234040 0.261155 0.147376 0.003955 0.343434 0.000106
0.009943 0.231614 0.260784 0.147212 0.004004 0.346340 0.000103
0.009921 0.230778 0.260870 0.147091 0.003997 0.347235 0.000109
0.009936 0.229703 0.260887 0.147300 0.003997 0.348066 0.000112
0.009955 0.229499 0.260515 0.147004 0.004045 0.348875 0.000107
0.010035 0.229165 0.260407 0.147033 0.003961 0.349287 0.000111
0.010053 0.228359 0.260209 0.146755 0.004001 0.350517 0.000107
0.010034 0.227642 0.260263 0.146536 0.003997 0.351419 0.000109
0.010062 0.226927 0.259616 0.146603 0.004085 0.352598 0.000109
0.010073 0.227297 0.260086 0.146394 0.004055 0.351990 0.000105
0.010053 0.224684 0.259453 0.146653 0.004049 0.354994 0.000114
0.010122 0.225134 0.259424 0.146115 0.004073 0.355019 0.000113
0.010129 0.223914 0.259583 0.146063 0.004100 0.356099 0.000112
0.010120 0.222470 0.259032 0.146150 0.004103 0.358019 0.000107
0.010147 0.222951 0.258937 0.145853 0.004069 0.357927 0.000115
0.010198 0.222205 0.258450 0.145717 0.004143 0.359172 0.000115
0.010277 0.221512 0.258238 0.145535 0.004151 0.360172 0.000115
0.010279 0.219613 0.258036 0.145584 0.004153 0.362218 0.000118
0.010326 0.220269 0.257860 0.145509 0.004139 0.361778 0.000119
0.010340 0.219738 0.257977 0.145365 0.004132 0.362334 0.000114
0.010366 0.217844 0.257790 0.145334 0.004172 0.364374 0.000120
0.010379 0.216560 0.257478 0.145293 0.004178 0.365999 0.000113
0.010428 0.216882 0.257420 0.145142 0.004210 0.365799 0.000119
0.010470 0.216483 0.257430 0.145240 0.004155 0.366102 0.000120
0.010500 0.216071 0.257216 0.145110 0.004153 0.366831 0.000118
0.010508 0.214744 0.256580 0.144955 0.004192 0.368890 0.000130
0.010552 0.214637 0.256493 0.145022 0.004188 0.368982 0.000126
0.010537 0.213708 0.256855 0.144733 0.004202 0.369844 0.000122
0.010526 0.211957 0.256753 0.144530 0.004189 0.371913 0.000132
0.010504 0.211799 0.256640 0.144528 0.004236 0.372169 0.000123
0.010650 0.212492 0.255996 0.144088 0.004191 0.372458 0.000124
0.010604 0.210282 0.255781 0.144060 0.004244 0.374903 0.000126
0.010671 0.208952 0.255156 0.143930 0.004225 0.376941 0.000125
0.010705 0.208740 0.255039 0.143878 0.004259 0.377256 0.000123
0.010676 0.208792 0.255011 0.144079 0.004253 0.377063 0.000126
0.010642 0.208467 0.255163 0.143602 0.004256 0.377737 0.000133
0.010631 0.207591 0.254473 0.143902 0.004223 0.379051 0.000130
0.010689 0.206405 0.254389 0.143653 0.004332 0.380400 0.000132
0.010673 0.205912 0.254306 0.143340 0.004249 0.381390 0.000130
0.010819 0.205896 0.254201 0.143431 0.004284 0.381242 0.000128
0.010770 0.204685 0.254019 0.143157 0.004310 0.382928 0.000130
0.010758 0.204393 0.253775 0.143042 0.004285 0.383615 0.000132
0.010778 0.202381 0.253226 0.142818 0.004311 0.386346 0.000139
0.010803 0.203008 0.253605 0.142754 0.004307 0.385389 0.000134
0.010878 0.202209 0.253024 0.142608 0.004325 0.386822 0.000134
0.010961 0.201307 0.252743 0.142726 0.004378 0.387749 0.000136
0.010827 0.201414 0.252943 0.142411 0.004330 0.387939 0.000135
0.010880 0.200026 0.252684 0.142288 0.004354 0.389634 0.000135
0.011043 0.199399 0.252431 0.142068 0.004373 0.390552 0.000133
0.010966 0.199549 0.252109 0.141815 0.004354 0.391070 0.000138
0.011000 0.198443 0.251956 0.142047 0.004396 0.392020 0.000138
0.011117 0.199012 0.251544 0.141779 0.004350 0.392059 0.000139
0.011080 0.198001 0.251393 0.141590 0.004408 0.393377 0.000150
0.011137 0.196346 0.250804 0.141564 0.004413 0.395589 0.000146
0.011182 0.196824 0.250904 0.141546 0.004383 0.395017 0.000143
0.011162 0.196381 0.250889 0.141311 0.004393 0.395716 0.000148
0.011214 0.195736 0.250723 0.141168 0.004395 0.396619 0.000147
0.011255 0.194871 0.250434 0.140966 0.004430 0.397899 0.000145
0.011280 0.193333 0.249938 0.140868 0.004456 0.399977 0.000150
0.011240 0.193995 0.249832 0.140974 0.004441 0.399363 0.000155
0.011355 0.192822 0.249715 0.140489 0.004459 0.401008 0.000153
0.011387 0.192122 0.249490 0.140555 0.004480 0.401819 0.000147
0.011402 0.191895 0.249110 0.140490 0.004479 0.402484 0.000140
0.011485 0.190617 0.248555 0.140158 0.004493 0.404540 0.000152
0.011497 0.189314 0.248555 0.140256 0.004494 0.405736 0.000148
0.011492 0.189633 0.247908 0.140079 0.004472 0.406265 0.000151
0.011518 0.188647 0.247793 0.140152 0.004497 0.407231 0.000162
0.011552 0.188199 0.247797 0.139882 0.004480 0.407932 0.000157
0.011548 0.189266 0.247561 0.139591 0.004452 0.407434 0.000148
0.011646 0.187728 0.247467 0.139316 0.004493 0.409201 0.000149
0.011691 0.186547 0.246971 0.139697 0.004504 0.410436 0.000155
0.011778 0.185229 0.246595 0.139362 0.004511 0.412373 0.000151
0.011753 0.185752 0.246714 0.138950 0.004581 0.412103 0.000148
0.011703 0.186174 0.246448 0.139052 0.004558 0.411910 0.000155
0.011791 0.184748 0.245930 0.138871 0.004536 0.413964 0.000159
0.011783 0.185030 0.246075 0.138902 0.004552 0.413491 0.000168
0.011926 0.183705 0.245397 0.138815 0.004604 0.415387 0.000165
0.011861 0.182849 0.245400 0.138493 0.004538 0.416701 0.000158
0.011831 0.183947 0.245474 0.138354 0.004565 0.415649 0.000180
0.011942 0.181915 0.245302 0.138277 0.004536 0.417861 0.000167
0.011953 0.181641 0.244646 0.138225 0.004571 0.418794 0.000170
0.011944 0.180801 0.244708 0.138068 0.004610 0.419703 0.000167
0.012024 0.180189 0.243792 0.137816 0.004581 0.421437 0.000162
0.011995 0.180118 0.244014 0.137652 0.004596 0.421454 0.000172
0.012100 0.179617 0.243747 0.137593 0.004588 0.422187 0.000168
0.012133 0.178730 0.243500 0.137520 0.004671 0.423285 0.000161
0.012109 0.178322 0.243637 0.137248 0.004635 0.423871 0.000179
0.012148 0.177652 0.242640 0.137342 0.004657 0.425395 0.000167
0.012223 0.176317 0.243083 0.136789 0.004687 0.426727 0.000174
0.012156 0.176605 0.242639 0.136759 0.004663 0.427003 0.000174
0.012216 0.176083 0.242542 0.136937 0.004700 0.427347 0.000175
0.012313 0.175291 0.242085 0.136695 0.004668 0.428773 0.000175
0.012324 0.174233 0.241610 0.136378 0.004709 0.430573 0.000174
0.012386 0.173906 0.241557 0.136532 0.004702 0.430735 0.000183
0.012376 0.174301 0.241141 0.136147 0.004721 0.431130 0.000183
0.012501 0.173512 0.241022 0.136030 0.004704 0.432057 0.000175
0.012459 0.172485 0.240743 0.135907 0.004716 0.433523 0.000167
0.012448 0.172806 0.240679 0.135831 0.004731 0.433328 0.000178
0.012587 0.172135 0.240126 0.135793 0.004731 0.434443 0.000185
0.012651 0.170933 0.239943 0.135445 0.004784 0.436064 0.000179
0.012763 0.170671 0.239608 0.135442 0.004756 0.436584 0.000176
0.012669 0.171190 0.239798 0.135131 0.004761 0.436274 0.000178
0.012735 0.170213 0.239228 0.135113 0.004763 0.437763 0.000185
0.012840 0.169793 0.238979 0.135121 0.004700 0.438381 0.000187
0.012753 0.169049 0.238866 0.134905 0.004757 0.439482 0.000189
0.012904 0.168659 0.238736 0.134709 0.004723 0.440083 0.000186
0.012897 0.168705 0.238492 0.134582 0.004715 0.440425 0.000186
0.012932 0.167352 0.237954 0.134508 0.004775 0.442291 0.000189
0.012864 0.166938 0.237858 0.134423 0.004791 0.442937 0.000190
0.012946 0.167131 0.237461 0.134288 0.004787 0.443200 0.000187
0.012907 0.166099 0.237372 0.134051 0.004778 0.444596 0.000197
0.012842 0.165846 0.236836 0.134067 0.004760 0.445452 0.000195
0.013041 0.164890 0.236733 0.133551 0.004769 0.446823 0.000193
0.013038 0.165329 0.236605 0.133989 0.004812 0.446039 0.000189
0.013021 0.163822 0.236334 0.133378 0.004867 0.448379 0.000199
0.013062 0.163980 0.236001 0.133442 0.004773 0.448555 0.000188
0.013141 0.163332 0.235646 0.133162 0.004800 0.449718 0.000201
0.013176 0.162873 0.235598 0.133405 0.004794 0.449955 0.000198
0.013271 0.162170 0.234897 0.132466 0.004801 0.452188 0.000207
0.013232 0.162579 0.234884 0.132903 0.004845 0.451364 0.000192
0.013330 0.162178 0.234620 0.132604 0.004869 0.452194 0.000205
0.013291 0.161996 0.234585 0.132590 0.004819 0.452517 0.000202
0.013336 0.160593 0.234197 0.132223 0.004836 0.454616 0.000199
0.013389 0.160764 0.233563 0.131816 0.004855 0.455418 0.000196
0.013469 0.159866 0.233461 0.132305 0.004880 0.455817 0.000203
0.013477 0.159250 0.233480 0.131781 0.004823 0.456995 0.000194
0.013502 0.160103 0.233296 0.131651 0.004833 0.456422 0.000193
0.013434 0.158633 0.232779 0.131431 0.004899 0.458615 0.000208
0.013517 0.158156 0.232683 0.131140 0.004900 0.459398 0.000205
0.013578 0.157946 0.232163 0.131139 0.004877 0.460092 0.000204
0.013628 0.157143 0.232072 0.130882 0.004911 0.461151 0.000212
0.013609 0.157226 0.231730 0.131000 0.004887 0.461345 0.000203
0.013672 0.156645 0.231574 0.130926 0.004877 0.462096 0.000210
0.013660 0.156044 0.231143 0.130628 0.004954 0.463363 0.000207
0.013727 0.155011 0.230647 0.130528 0.004900 0.464980 0.000207
0.013789 0.155488 0.230713 0.130550 0.004865 0.464382 0.000213
0.013797 0.154156 0.230475 0.130405 0.004923 0.466034 0.000209
0.013825 0.154178 0.230002 0.129976 0.004961 0.466846 0.000212
0.013800 0.154014 0.229827 0.130186 0.004995 0.466956 0.000221
0.013838 0.153837 0.229489 0.130050 0.004899 0.467673 0.000214
0.013874 0.153120 0.229000 0.129694 0.004974 0.469124 0.000215
0.014031 0.152856 0.228858 0.129420 0.004957 0.469665 0.000213
0.014028 0.152399 0.228319 0.129182 0.005000 0.470856 0.000217
0.014033 0.151504 0.228283 0.129052 0.005006 0.471906 0.000215
0.013961 0.152501 0.228042 0.129167 0.004958 0.471142 0.000229
0.014093 0.150813 0.227754 0.128773 0.005009 0.473334 0.000224
0.014171 0.151368 0.227431 0.128680 0.005004 0.473114 0.000232
0.014101 0.150838 0.227055 0.128672 0.004992 0.474125 0.000217
0.014191 0.150316 0.226988 0.128199 0.005026 0.475050 0.000230
0.014202 0.149559 0.226793 0.128267 0.005016 0.475933 0.000229
0.014372 0.148755 0.226350 0.128091 0.005003 0.477196 0.000233
0.014340 0.148929 0.226107 0.127905 0.005019 0.477459 0.000241
0.014356 0.148710 0.225996 0.127712 0.005036 0.477952 0.000237
0.014377 0.148589 0.225611 0.127529 0.004976 0.478674 0.000245
0.014395 0.147764 0.225380 0.127372 0.004993 0.479857 0.000239
0.014410 0.146982 0.225043 0.127080 0.005041 0.481211 0.000234
0.014470 0.147007 0.225095 0.127430 0.005062 0.480700 0.000237
0.014472 0.146366 0.224550 0.126899 0.005068 0.482406 0.000238
0.014542 0.146132 0.224583 0.126811 0.005049 0.482649 0.000234
0.014586 0.145246 0.223984 0.126546 0.005068 0.484334 0.000235
0.014598 0.145447 0.223261 0.126469 0.005063 0.484917 0.000245
0.014639 0.145027 0.223370 0.126234 0.005121 0.485379 0.000230
0.014756 0.144615 0.222933 0.125889 0.005134 0.486431 0.000241
0.014762 0.144470 0.222685 0.126032 0.005070 0.486742 0.000239
0.014659 0.144347 0.222975 0.125996 0.005104 0.486678 0.000241
0.014748 0.144180 0.222116 0.125736 0.005087 0.487902 0.000232
0.014715 0.144086 0.222005 0.125913 0.005132 0.487901 0.000248
0.014863 0.142636 0.221448 0.125090 0.005129 0.490577 0.000257
0.014935 0.143078 0.221464 0.125250 0.005109 0.489921 0.000243
0.014961 0.142465 0.221054 0.125283 0.005140 0.490859 0.000238
0.015016 0.142535 0.220857 0.125125 0.005130 0.491098 0.000241
0.014981 0.142095 0.220661 0.124822 0.005095 0.492100 0.000245
0.015158 0.141249 0.220449 0.124645 0.005152 0.493111 0.000237
0.015080 0.141571 0.220278 0.124692 0.005139 0.492993 0.000248
0.015135 0.140426 0.219541 0.124280 0.005123 0.495239 0.000256
0.015229 0.140601 0.218920 0.124279 0.005158 0.495574 0.000240
0.015127 0.140762 0.219472 0.124017 0.005155 0.495204 0.000263
0.015313 0.140169 0.219036 0.123940 0.005166 0.496136 0.000240
0.015324 0.139721 0.218621 0.123960 0.005229 0.496889 0.000257
0.015415 0.139120 0.218113 0.123593 0.005257 0.498248 0.000253
0.015420 0.139053 0.217975 0.123546 0.005164 0.498587 0.000255
0.015485 0.138554 0.217864 0.123336 0.005197 0.499314 0.000250
0.015550 0.138034 0.217474 0.123152 0.005166 0.500376 0.000250
0.015602 0.137113 0.217161 0.122883 0.005261 0.501715 0.000265
0.015782 0.137262 0.216675 0.122663 0.005215 0.502142 0.000261
0.015672 0.137530 0.216873 0.122864 0.005220 0.501586 0.000256
0.015699 0.137007 0.216459 0.122550 0.005278 0.502753 0.000254
0.015659 0.136559 0.216066 0.122492 0.005194 0.503768 0.000263
