0.974634 0.024766 0.000373 0.000222 0.000001 0.000004 0.000000
0.772974 0.218869 0.005167 0.002820 0.000003 0.000167 0.000000
0.496835 0.474265 0.017844 0.010081 0.000010 0.000966 0.000000
0.292358 0.638530 0.041792 0.023704 0.000043 0.003574 0.000000
0.181171 0.690584 0.075372 0.042886 0.000112 0.009874 0.000000
0.115745 0.688220 0.111699 0.063437 0.000240 0.020659 0.000001
0.068396 0.662053 0.148551 0.084345 0.000428 0.036226 0.000001
0.044008 0.618902 0.179470 0.101763 0.000680 0.055176 0.000002
0.047489 0.563468 0.199972 0.113306 0.000925 0.074835 0.000005
0.030965 0.525288 0.220144 0.124532 0.001207 0.097854 0.000010
0.019290 0.481136 0.238866 0.135020 0.001533 0.124140 0.000015
0.022746 0.437029 0.248754 0.140713 0.001800 0.148938 0.000021
0.024065 0.399489 0.255514 0.144482 0.002078 0.174342 0.000029
0.029065 0.365390 0.258315 0.145932 0.002361 0.198900 0.000036
0.023651 0.339110 0.261630 0.147640 0.002670 0.225257 0.000043
0.017734 0.308781 0.266059 0.149973 0.002984 0.254414 0.000054
0.018714 0.280791 0.266021 0.149887 0.003261 0.281257 0.000069
0.026167 0.256124 0.262275 0.147594 0.003489 0.304267 0.000085
0.025653 0.238733 0.258537 0.145438 0.003707 0.327835 0.000098
0.023655 0.217425 0.256060 0.143973 0.003970 0.354800 0.000115
0.032668 0.199334 0.248935 0.139854 0.004167 0.374915 0.000128
0.031994 0.188562 0.242657 0.136128 0.004323 0.396193 0.000143
0.029976 0.171852 0.238570 0.133601 0.004547 0.421294 0.000160
0.032148 0.157623 0.232372 0.130032 0.004739 0.442904 0.000182
0.034770 0.145700 0.225655 0.126124 0.004897 0.462650 0.000204
0.037611 0.135073 0.218807 0.122037 0.004999 0.481250 0.000225
0.040597 0.125178 0.211773 0.117761 0.005142 0.499299 0.000249
0.043609 0.116884 0.204349 0.113767 0.005227 0.515896 0.000267
0.046881 0.109205 0.196907 0.109532 0.005315 0.531875 0.000285
0.050082 0.102329 0.189914 0.105466 0.005388 0.546517 0.000303
0.053548 0.096021 0.182943 0.101388 0.005479 0.560299 0.000322
0.057130 0.090423 0.175885 0.097336 0.005509 0.573378 0.000337
0.060632 0.085544 0.169239 0.093443 0.005520 0.585262 0.000360
0.064317 0.081090 0.162805 0.089617 0.005535 0.596252 0.000384
0.068225 0.077022 0.156420 0.085761 0.005543 0.606623 0.000407
0.072218 0.073347 0.150434 0.082103 0.005537 0.615930 0.000430
0.076255 0.070226 0.144792 0.078799 0.005514 0.623963 0.000452
0.080310 0.067154 0.138859 0.075436 0.005514 0.632249 0.000478
0.084328 0.064594 0.133560 0.072322 0.005501 0.639192 0.000503
0.093974 0.062526 0.127421 0.068800 0.005443 0.641319 0.000517
0.104795 0.069738 0.120398 0.064927 0.005298 0.634315 0.000528
0.097770 0.067066 0.117681 0.063279 0.005319 0.648331 0.000553
0.100632 0.062049 0.113730 0.060908 0.005298 0.656800 0.000582
0.104631 0.059335 0.109831 0.058664 0.005264 0.661661 0.000613
0.108812 0.057466 0.105913 0.056407 0.005196 0.665569 0.000638
0.113246 0.055403 0.101944 0.054191 0.005147 0.669407 0.000661
0.117397 0.054280 0.098504 0.052152 0.005091 0.671894 0.000682
0.121690 0.053382 0.095241 0.050182 0.005026 0.673776 0.000703
0.126055 0.052351 0.092041 0.048328 0.004969 0.675529 0.000727
0.130337 0.051409 0.088920 0.046477 0.004879 0.677234 0.000744
0.134697 0.050568 0.085974 0.044723 0.004811 0.678469 0.000759
0.138980 0.049971 0.083228 0.043265 0.004730 0.679054 0.000771
0.143134 0.049454 0.080691 0.041742 0.004640 0.679546 0.000792
0.147632 0.048820 0.078103 0.040147 0.004555 0.679930 0.000812
0.151661 0.048375 0.075953 0.038766 0.004459 0.679961 0.000825
0.155618 0.048191 0.073966 0.037495 0.004377 0.679499 0.000854
0.159641 0.047822 0.072052 0.036194 0.004297 0.679118 0.000875
0.163909 0.047659 0.070173 0.035008 0.004203 0.678154 0.000894
0.167881 0.047545 0.068345 0.033944 0.004090 0.677270 0.000925
0.171907 0.047465 0.066722 0.032875 0.004014 0.676072 0.000944
0.175619 0.047528 0.065192 0.031899 0.003929 0.674872 0.000962
0.179378 0.047523 0.063734 0.031114 0.003848 0.673421 0.000983
0.183390 0.047597 0.062502 0.030262 0.003766 0.671487 0.000996
0.187061 0.047711 0.061365 0.029528 0.003707 0.669620 0.001008
0.190644 0.047766 0.060340 0.028749 0.003639 0.667833 0.001029
0.193915 0.047827 0.059559 0.028075 0.003588 0.665998 0.001037
0.197520 0.047964 0.058627 0.027468 0.003504 0.663870 0.001048
0.201039 0.048118 0.057772 0.026924 0.003425 0.661653 0.001069
0.204504 0.048452 0.056977 0.026434 0.003358 0.659193 0.001082
0.207473 0.048688 0.056257 0.026037 0.003254 0.657189 0.001102
0.210723 0.048957 0.055702 0.025575 0.003198 0.654724 0.001121
0.213952 0.049255 0.054917 0.025041 0.003117 0.652580 0.001138
0.216805 0.049697 0.054487 0.024714 0.003045 0.650103 0.001150
0.219873 0.049966 0.054010 0.024303 0.002986 0.647702 0.001161
0.222845 0.050224 0.053571 0.024029 0.002923 0.645229 0.001180
0.225806 0.050520 0.053136 0.023800 0.002853 0.642695 0.001189
0.228599 0.050968 0.052833 0.023539 0.002787 0.640077 0.001197
0.231367 0.051114 0.052622 0.023282 0.002729 0.637672 0.001216
0.233869 0.051510 0.052473 0.023060 0.002666 0.635199 0.001223
0.236400 0.051822 0.052358 0.022782 0.002614 0.632791 0.001233
0.238898 0.052238 0.052293 0.022579 0.002565 0.630185 0.001242
0.241278 0.052532 0.052197 0.022445 0.002507 0.627789 0.001252
0.243525 0.052993 0.052076 0.022363 0.002457 0.625317 0.001269
0.245851 0.053307 0.052046 0.022230 0.002396 0.622890 0.001279
0.248102 0.053828 0.051958 0.022112 0.002369 0.620348 0.001284
0.250354 0.054009 0.051918 0.022078 0.002322 0.618026 0.001293
0.252462 0.054431 0.051913 0.022028 0.002305 0.615552 0.001309
0.254475 0.054843 0.051896 0.021898 0.002274 0.613295 0.001319
0.256269 0.055182 0.052024 0.021921 0.002225 0.611050 0.001328
0.258152 0.055663 0.052086 0.021902 0.002198 0.608661 0.001339
0.260037 0.055957 0.052225 0.021802 0.002139 0.606487 0.001353
0.261812 0.056170 0.052520 0.021801 0.002119 0.604221 0.001358
0.263712 0.056485 0.052619 0.021836 0.002082 0.601893 0.001371
0.265266 0.056827 0.052872 0.021850 0.002049 0.599754 0.001381
0.267049 0.057280 0.052980 0.021873 0.002021 0.597414 0.001383
0.268571 0.057629 0.053146 0.021818 0.001994 0.595453 0.001390
0.269971 0.058159 0.053316 0.021871 0.001956 0.593325 0.001402
0.271474 0.058422 0.053622 0.021891 0.001929 0.591247 0.001415
0.273006 0.058727 0.053781 0.021957 0.001907 0.589197 0.001425
0.274486 0.058962 0.054101 0.021989 0.001887 0.587146 0.001429
0.275951 0.059310 0.054302 0.022035 0.001856 0.585103 0.001442
0.277062 0.059642 0.054550 0.022128 0.001848 0.583320 0.001450
0.278230 0.059862 0.054789 0.022234 0.001830 0.581599 0.001456
0.279263 0.060207 0.054987 0.022307 0.001805 0.579968 0.001463
0.280471 0.060477 0.055299 0.022363 0.001774 0.578137 0.001478
0.281427 0.060757 0.055425 0.022385 0.001779 0.576752 0.001476
0.282465 0.060948 0.055621 0.022449 0.001761 0.575273 0.001482
0.283627 0.061097 0.055850 0.022466 0.001751 0.573718 0.001490
0.284799 0.061302 0.056226 0.022569 0.001733 0.571874 0.001496
0.285773 0.061505 0.056542 0.022642 0.001728 0.570306 0.001503
0.286921 0.061565 0.056879 0.022643 0.001723 0.568764 0.001504
0.287776 0.061838 0.057078 0.022678 0.001705 0.567417 0.001509
0.288835 0.061839 0.057328 0.022702 0.001688 0.566086 0.001522
0.289807 0.061876 0.057691 0.022750 0.001682 0.564673 0.001520
0.290520 0.062153 0.058005 0.022752 0.001674 0.563361 0.001536
0.291432 0.062422 0.058074 0.022808 0.001657 0.562063 0.001546
0.292520 0.062431 0.058155 0.022857 0.001662 0.560824 0.001549
0.292959 0.062617 0.058514 0.022989 0.001659 0.559705 0.001557
0.293897 0.062716 0.058704 0.023056 0.001642 0.558417 0.001567
0.294449 0.062995 0.058910 0.023095 0.001638 0.557332 0.001582
0.295249 0.063176 0.059061 0.023182 0.001627 0.556123 0.001582
0.296015 0.063369 0.059191 0.023208 0.001616 0.555008 0.001593
0.296975 0.063214 0.059348 0.023229 0.001627 0.554003 0.001604
0.298705 0.061981 0.059537 0.023214 0.001607 0.553352 0.001605
0.301507 0.060329 0.059574 0.023115 0.001601 0.552260 0.001615
0.304495 0.058361 0.059613 0.022987 0.001599 0.551327 0.001617
0.307705 0.056435 0.059510 0.022820 0.001611 0.550299 0.001620
0.310985 0.054597 0.059238 0.022589 0.001605 0.549363 0.001624
0.314260 0.052967 0.058915 0.022318 0.001596 0.548309 0.001636
0.317887 0.051220 0.058589 0.022109 0.001584 0.546966 0.001645
0.321580 0.049459 0.058016 0.021774 0.001569 0.545950 0.001652
0.325184 0.048019 0.057400 0.021401 0.001574 0.544775 0.001647
0.328647 0.046705 0.056803 0.021054 0.001556 0.543566 0.001669
0.332554 0.045295 0.056127 0.020680 0.001544 0.542123 0.001677
0.335921 0.044199 0.055455 0.020264 0.001523 0.540956 0.001681
0.339464 0.043306 0.054633 0.019894 0.001503 0.539515 0.001684
0.342929 0.042384 0.053760 0.019512 0.001498 0.538221 0.001696
0.346268 0.041727 0.053025 0.019081 0.001483 0.536712 0.001704
0.349776 0.040878 0.052302 0.018673 0.001445 0.535216 0.001710
0.353589 0.040107 0.051574 0.018297 0.001431 0.533286 0.001716
0.356756 0.039430 0.050834 0.017919 0.001426 0.531913 0.001723
0.360441 0.038807 0.050081 0.017603 0.001422 0.529911 0.001734
0.363842 0.038476 0.049253 0.017177 0.001408 0.528098 0.001746
0.367004 0.038078 0.048572 0.016878 0.001392 0.526336 0.001740
0.370448 0.037686 0.047868 0.016497 0.001368 0.524371 0.001762
0.373910 0.037256 0.047135 0.016246 0.001345 0.522355 0.001753
0.377046 0.036849 0.046585 0.015966 0.001321 0.520472 0.001762
0.380421 0.036532 0.046107 0.015656 0.001307 0.518209 0.001768
0.383755 0.036278 0.045443 0.015312 0.001301 0.516132 0.001779
0.386871 0.036051 0.044898 0.015074 0.001291 0.514026 0.001789
0.389845 0.035902 0.044407 0.014871 0.001282 0.511911 0.001782
0.393068 0.035716 0.043830 0.014639 0.001275 0.509672 0.001800
0.396253 0.035481 0.043246 0.014418 0.001259 0.507549 0.001794
0.399225 0.035394 0.042810 0.014206 0.001258 0.505305 0.001801
0.402269 0.035255 0.042408 0.014030 0.001241 0.502987 0.001810
0.405390 0.035164 0.041959 0.013835 0.001244 0.500594 0.001814
0.408726 0.035083 0.041531 0.013620 0.001219 0.498005 0.001817
0.411268 0.035013 0.041182 0.013435 0.001201 0.496070 0.001830
0.414210 0.035096 0.040732 0.013281 0.001195 0.493666 0.001820
0.417077 0.035144 0.040376 0.013152 0.001172 0.491252 0.001828
0.419847 0.035194 0.040007 0.013011 0.001159 0.488940 0.001842
0.422427 0.035346 0.039616 0.012895 0.001141 0.486737 0.001838
0.424924 0.035378 0.039322 0.012850 0.001116 0.484564 0.001846
0.427687 0.035382 0.039043 0.012712 0.001100 0.482221 0.001854
0.429868 0.035562 0.038937 0.012645 0.001073 0.480054 0.001860
0.432235 0.035651 0.038802 0.012586 0.001066 0.477793 0.001866
0.434938 0.035770 0.038565 0.012523 0.001055 0.475278 0.001871
0.437354 0.035861 0.038503 0.012442 0.001037 0.472933 0.001870
0.439376 0.035905 0.038506 0.012383 0.001015 0.470930 0.001885
0.442096 0.036010 0.038248 0.012282 0.001009 0.468471 0.001884
0.444140 0.036300 0.038206 0.012276 0.001002 0.466191 0.001885
0.446241 0.036375 0.038038 0.012280 0.001008 0.464162 0.001895
0.448441 0.036538 0.038021 0.012255 0.000994 0.461847 0.001903
0.450683 0.036557 0.037967 0.012288 0.000981 0.459614 0.001909
0.452533 0.036726 0.037980 0.012258 0.000971 0.457627 0.001904
0.454725 0.036766 0.038018 0.012241 0.000967 0.455368 0.001914
0.456969 0.036866 0.037939 0.012249 0.000951 0.453115 0.001912
0.458923 0.036876 0.037981 0.012210 0.000937 0.451170 0.001904
0.460874 0.037018 0.038100 0.012135 0.000938 0.449009 0.001926
0.462824 0.037179 0.038116 0.012107 0.000932 0.446929 0.001913
0.464160 0.037479 0.038230 0.012132 0.000918 0.445160 0.001922
0.465829 0.037679 0.038282 0.012159 0.000913 0.443212 0.001927
0.467624 0.037642 0.038301 0.012163 0.000908 0.441436 0.001926
0.469767 0.037839 0.038265 0.012149 0.000911 0.439136 0.001933
0.471071 0.038093 0.038304 0.012205 0.000898 0.437497 0.001933
0.472689 0.038319 0.038301 0.012211 0.000894 0.435639 0.001946
0.474531 0.038502 0.038386 0.012213 0.000890 0.433525 0.001953
0.476007 0.038601 0.038439 0.012232 0.000883 0.431885 0.001953
0.477320 0.038787 0.038456 0.012224 0.000885 0.430369 0.001960
0.479087 0.039056 0.038635 0.012247 0.000879 0.428149 0.001947
0.480655 0.039368 0.038679 0.012272 0.000874 0.426201 0.001951
0.481974 0.039536 0.038840 0.012260 0.000880 0.424556 0.001955
0.483039 0.039786 0.038961 0.012323 0.000876 0.423043 0.001972
0.484254 0.040181 0.039157 0.012352 0.000865 0.421225 0.001966
0.485218 0.040457 0.039306 0.012435 0.000869 0.419742 0.001974
0.486189 0.040709 0.039491 0.012495 0.000854 0.418283 0.001978
0.487779 0.040859 0.039550 0.012502 0.000854 0.416485 0.001972
0.488632 0.041144 0.039825 0.012564 0.000848 0.415019 0.001968
0.489600 0.041423 0.040128 0.012625 0.000831 0.413409 0.001983
0.491077 0.041457 0.040167 0.012707 0.000823 0.411790 0.001980
