0.973314 0.026094 0.000380 0.000208 0.000000 0.000004 0.000000
0.947970 0.050761 0.000804 0.000450 0.000000 0.000015 0.000000
0.940416 0.058109 0.000938 0.000524 0.000000 0.000013 0.000000
0.932200 0.066057 0.001105 0.000620 0.000000 0.000018 0.000000
0.924975 0.073068 0.001243 0.000691 0.000000 0.000024 0.000000
0.915506 0.082264 0.001426 0.000774 0.000000 0.000030 0.000000
0.905062 0.092389 0.001609 0.000903 0.000000 0.000036 0.000000
0.895614 0.101536 0.001801 0.001012 0.000000 0.000038 0.000000
0.883910 0.112823 0.002077 0.001149 0.000000 0.000041 0.000000
0.871694 0.124581 0.002350 0.001321 0.000000 0.000054 0.000000
0.860007 0.135847 0.002611 0.001473 0.000000 0.000062 0.000000
0.847249 0.148159 0.002881 0.001638 0.000000 0.000074 0.000000
0.833187 0.161688 0.003221 0.001814 0.000000 0.000090 0.000000
0.819813 0.174500 0.003561 0.002025 0.000000 0.000101 0.000000
0.804567 0.189154 0.003912 0.002246 0.000000 0.000121 0.000000
0.791072 0.202060 0.004276 0.002456 0.000001 0.000136 0.000000
0.775941 0.216582 0.004666 0.002661 0.000001 0.000149 0.000000
0.761523 0.230347 0.005080 0.002888 0.000001 0.000161 0.000000
0.745205 0.245850 0.005578 0.003193 0.000001 0.000173 0.000000
0.730857 0.259500 0.006002 0.003441 0.000001 0.000199 0.000000
0.714808 0.274754 0.006493 0.003708 0.000002 0.000235 0.000000
0.700486 0.288303 0.007001 0.003951 0.000002 0.000257 0.000000
0.684690 0.303214 0.007536 0.004272 0.000002 0.000287 0.000000
0.668895 0.318135 0.008059 0.004582 0.000002 0.000328 0.000000
0.655292 0.330940 0.008506 0.004913 0.000003 0.000346 0.000000
0.638940 0.346186 0.009171 0.005323 0.000004 0.000375 0.000000
0.625194 0.358966 0.009774 0.005660 0.000006 0.000400 0.000000
0.610079 0.372990 0.010426 0.006062 0.000006 0.000436 0.000000
0.596253 0.385869 0.010978 0.006407 0.000007 0.000486 0.000000
0.581508 0.399464 0.011705 0.006807 0.000006 0.000509 0.000000
0.568969 0.410974 0.012359 0.007152 0.000008 0.000538 0.000000
0.556083 0.422764 0.012986 0.007585 0.000008 0.000573 0.000000
0.541994 0.435678 0.013707 0.007997 0.000009 0.000614 0.000000
0.527454 0.448847 0.014594 0.008445 0.000011 0.000650 0.000000
0.517129 0.458180 0.015193 0.008790 0.000011 0.000697 0.000000
0.503682 0.470226 0.016067 0.009258 0.000015 0.000751 0.000000
0.493727 0.479071 0.016724 0.009655 0.000014 0.000809 0.000000
0.479472 0.491736 0.017673 0.010238 0.000015 0.000866 0.000000
0.471009 0.499197 0.018288 0.010580 0.000015 0.000911 0.000000
0.459591 0.509258 0.019103 0.011049 0.000015 0.000984 0.000000
0.450989 0.516622 0.019844 0.011491 0.000015 0.001039 0.000000
0.441672 0.524549 0.020737 0.011931 0.000016 0.001095 0.000000
0.429799 0.534776 0.021724 0.012502 0.000015 0.001184 0.000000
0.419358 0.543593 0.022704 0.013063 0.000016 0.001267 0.000000
0.410531 0.550947 0.023583 0.013573 0.000016 0.001351 0.000000
0.403585 0.556552 0.024392 0.014025 0.000018 0.001428 0.000000
0.392050 0.566272 0.025482 0.014650 0.000018 0.001529 0.000000
0.387734 0.569398 0.026208 0.015025 0.000019 0.001616 0.000000
0.376744 0.578472 0.027404 0.015651 0.000020 0.001710 0.000000
0.372054 0.581780 0.028192 0.016146 0.000022 0.001805 0.000000
0.362576 0.589531 0.029222 0.016771 0.000024 0.001877 0.000000
0.353927 0.596369 0.030304 0.017359 0.000025 0.002016 0.000000
0.350065 0.598756 0.031113 0.017904 0.000026 0.002137 0.000000
0.342564 0.604431 0.032219 0.018508 0.000026 0.002251 0.000000
0.336640 0.608746 0.033225 0.018992 0.000030 0.002367 0.000000
0.327903 0.615403 0.034417 0.019746 0.000032 0.002500 0.000000
0.325775 0.616138 0.035199 0.020204 0.000037 0.002646 0.000000
0.317072 0.622829 0.036453 0.020851 0.000037 0.002759 0.000000
0.313926 0.624483 0.037386 0.021266 0.000037 0.002901 0.000000
0.306979 0.629559 0.038461 0.021913 0.000037 0.003051 0.000000
0.299715 0.634651 0.039720 0.022675 0.000040 0.003198 0.000000
0.295223 0.637481 0.040707 0.023215 0.000038 0.003336 0.000000
0.292541 0.638920 0.041405 0.023657 0.000039 0.003438 0.000000
0.281853 0.646573 0.043206 0.024644 0.000043 0.003682 0.000000
0.279329 0.647484 0.044142 0.025181 0.000047 0.003818 0.000000
0.268953 0.655266 0.045715 0.025997 0.000048 0.004020 0.000000
0.266860 0.655843 0.046503 0.026547 0.000048 0.004199 0.000000
0.258575 0.661675 0.047933 0.027368 0.000055 0.004393 0.000000
0.256032 0.662546 0.048887 0.027892 0.000054 0.004590 0.000000
0.254432 0.662865 0.049665 0.028275 0.000057 0.004706 0.000000
0.242750 0.670736 0.051905 0.029515 0.000057 0.005037 0.000000
0.241933 0.669839 0.052789 0.030165 0.000060 0.005215 0.000000
0.231341 0.676895 0.054880 0.031288 0.000064 0.005532 0.000000
0.230582 0.676936 0.055312 0.031481 0.000063 0.005626 0.000000
0.224016 0.680561 0.056890 0.032526 0.000066 0.005940 0.000000
0.217628 0.683926 0.058599 0.033564 0.000064 0.006219 0.000000
0.212810 0.686150 0.060018 0.034412 0.000072 0.006538 0.000000
0.208504 0.688289 0.061320 0.035087 0.000070 0.006730 0.000000
0.203125 0.690655 0.063008 0.036056 0.000078 0.007078 0.000000
0.199161 0.692035 0.064522 0.036836 0.000082 0.007364 0.000000
0.194982 0.693841 0.065791 0.037666 0.000084 0.007636 0.000000
0.192278 0.694051 0.067173 0.038479 0.000083 0.007935 0.000000
0.187259 0.696370 0.068697 0.039375 0.000088 0.008210 0.000000
0.181861 0.698543 0.070561 0.040344 0.000091 0.008600 0.000000
0.181877 0.697108 0.071301 0.040778 0.000096 0.008841 0.000000
0.176346 0.699517 0.073094 0.041785 0.000099 0.009159 0.000000
0.170608 0.701770 0.075036 0.042912 0.000107 0.009567 0.000000
0.168362 0.702333 0.075967 0.043384 0.000115 0.009839 0.000000
0.167589 0.700665 0.077283 0.044115 0.000118 0.010231 0.000000
0.163492 0.701405 0.079141 0.045213 0.000124 0.010625 0.000000
0.157367 0.704398 0.080911 0.046202 0.000135 0.010987 0.000000
0.160979 0.699789 0.081398 0.046468 0.000139 0.011227 0.000000
0.159984 0.698671 0.082591 0.047148 0.000141 0.011466 0.000000
0.150387 0.703164 0.085445 0.048755 0.000143 0.012106 0.000000
0.151843 0.700224 0.086122 0.049255 0.000149 0.012406 0.000000
0.142734 0.704546 0.088832 0.050715 0.000160 0.013014 0.000000
0.146439 0.699996 0.089232 0.050952 0.000158 0.013223 0.000000
0.145538 0.698852 0.090219 0.051652 0.000164 0.013574 0.000000
0.139447 0.701067 0.092421 0.052802 0.000165 0.014098 0.000000
0.139428 0.698800 0.093575 0.053457 0.000176 0.014565 0.000000
0.135348 0.699758 0.095393 0.054392 0.000172 0.014937 0.000000
0.131067 0.699536 0.097793 0.055771 0.000185 0.015648 0.000000
0.131142 0.699742 0.097591 0.055670 0.000188 0.015667 0.000000
0.129525 0.697647 0.099668 0.056744 0.000196 0.016220 0.000000
0.129033 0.696089 0.100718 0.057382 0.000205 0.016573 0.000000
0.126205 0.696044 0.102293 0.058139 0.000206 0.017112 0.000000
0.126264 0.694304 0.103114 0.058688 0.000212 0.017417 0.000000
0.123335 0.693613 0.105071 0.059675 0.000218 0.018089 0.000000
0.120192 0.694326 0.106301 0.060449 0.000218 0.018514 0.000000
0.116720 0.695245 0.107549 0.061273 0.000232 0.018981 0.000000
0.113383 0.696223 0.108783 0.061935 0.000232 0.019444 0.000000
0.112602 0.693321 0.110717 0.063050 0.000244 0.020065 0.000000
0.105196 0.696582 0.112897 0.064335 0.000245 0.020745 0.000000
0.104681 0.694729 0.114148 0.064910 0.000250 0.021281 0.000000
0.100539 0.695240 0.116038 0.066048 0.000254 0.021881 0.000000
0.099489 0.693801 0.117321 0.066824 0.000258 0.022307 0.000000
0.098021 0.693409 0.118161 0.067419 0.000274 0.022715 0.000000
0.091239 0.695526 0.120643 0.068846 0.000287 0.023460 0.000000
0.089535 0.693895 0.122313 0.069760 0.000292 0.024207 0.000000
0.086494 0.693072 0.124190 0.070896 0.000308 0.025040 0.000000
0.084025 0.694341 0.124913 0.071221 0.000303 0.025196 0.000000
0.082409 0.692908 0.126311 0.072136 0.000311 0.025926 0.000000
0.079843 0.692958 0.127564 0.072921 0.000322 0.026392 0.000000
0.075968 0.691796 0.130165 0.074463 0.000337 0.027271 0.000000
0.075148 0.691496 0.130621 0.074697 0.000326 0.027713 0.000000
0.072153 0.690434 0.132794 0.075831 0.000333 0.028455 0.000000
0.068393 0.689460 0.135303 0.077188 0.000345 0.029310 0.000000
0.068951 0.687193 0.136000 0.077785 0.000350 0.029721 0.000000
0.064813 0.686301 0.138708 0.079104 0.000349 0.030725 0.000000
0.066682 0.682037 0.139836 0.079816 0.000367 0.031260 0.000001
0.063213 0.683096 0.140928 0.080575 0.000371 0.031817 0.000000
0.062649 0.680427 0.142513 0.081433 0.000389 0.032588 0.000001
0.060906 0.679023 0.144047 0.082345 0.000398 0.033280 0.000001
0.059224 0.677303 0.145862 0.083077 0.000394 0.034139 0.000001
0.058760 0.674918 0.147317 0.083850 0.000408 0.034747 0.000000
0.060258 0.672953 0.147337 0.083976 0.000426 0.035049 0.000001
0.056898 0.672234 0.149402 0.085179 0.000427 0.035861 0.000001
0.055262 0.668505 0.152024 0.086593 0.000445 0.037170 0.000001
0.054658 0.666873 0.153192 0.087147 0.000440 0.037688 0.000001
0.055786 0.664812 0.153511 0.087443 0.000447 0.037999 0.000001
0.053126 0.662389 0.155879 0.088853 0.000474 0.039279 0.000001
0.051440 0.661273 0.157302 0.089530 0.000481 0.039973 0.000001
0.050975 0.659432 0.158381 0.090152 0.000487 0.040572 0.000001
0.052150 0.656833 0.158978 0.090512 0.000505 0.041021 0.000001
0.050743 0.653393 0.161475 0.091679 0.000513 0.042196 0.000001
0.056058 0.649097 0.160717 0.091263 0.000507 0.042356 0.000002
0.056224 0.646241 0.161999 0.091995 0.000528 0.043011 0.000002
0.052911 0.646905 0.163165 0.092804 0.000531 0.043682 0.000002
0.052681 0.645444 0.163947 0.093110 0.000551 0.044266 0.000001
0.052855 0.643504 0.164723 0.093477 0.000548 0.044893 0.000001
0.050965 0.640664 0.166894 0.094734 0.000578 0.046164 0.000001
0.051258 0.639400 0.167289 0.094993 0.000570 0.046489 0.000002
0.047196 0.639372 0.169213 0.096136 0.000586 0.047496 0.000001
0.053747 0.633293 0.168694 0.095848 0.000588 0.047828 0.000001
0.049943 0.634290 0.170176 0.096615 0.000600 0.048375 0.000001
0.047493 0.633213 0.171812 0.097508 0.000614 0.049359 0.000002
0.047201 0.628661 0.173930 0.098866 0.000635 0.050706 0.000002
0.044791 0.628757 0.175079 0.099386 0.000633 0.051352 0.000002
0.048215 0.625442 0.174920 0.099194 0.000645 0.051582 0.000002
0.043301 0.625282 0.177332 0.100458 0.000655 0.052970 0.000002
0.044290 0.622616 0.177850 0.101055 0.000664 0.053523 0.000002
0.045539 0.620709 0.178132 0.101069 0.000680 0.053869 0.000001
0.042560 0.620047 0.179664 0.101945 0.000693 0.055090 0.000001
0.042535 0.617470 0.181005 0.102478 0.000703 0.055806 0.000003
0.037280 0.619315 0.182506 0.103653 0.000714 0.056529 0.000003
0.039252 0.614661 0.183572 0.104132 0.000730 0.057650 0.000003
0.037847 0.613507 0.184576 0.104896 0.000727 0.058444 0.000002
0.037545 0.611102 0.185714 0.105335 0.000743 0.059558 0.000003
0.036967 0.609216 0.186934 0.105948 0.000766 0.060166 0.000003
0.034997 0.606758 0.188671 0.107166 0.000780 0.061626 0.000003
0.034899 0.606444 0.188813 0.107050 0.000776 0.062014 0.000003
0.033292 0.604129 0.190696 0.108099 0.000779 0.063001 0.000004
0.032516 0.604146 0.190715 0.108359 0.000809 0.063452 0.000003
0.032167 0.600544 0.192439 0.109268 0.000821 0.064759 0.000003
0.030638 0.599103 0.193856 0.109892 0.000830 0.065679 0.000003
0.028917 0.597719 0.195111 0.110788 0.000829 0.066633 0.000003
0.029392 0.596049 0.195437 0.111007 0.000827 0.067287 0.000003
0.031662 0.592691 0.195874 0.111173 0.000848 0.067749 0.000004
0.032208 0.589725 0.196814 0.111606 0.000849 0.068793 0.000004
0.031901 0.587642 0.197824 0.112160 0.000851 0.069618 0.000003
0.029702 0.586983 0.198819 0.112934 0.000877 0.070681 0.000003
0.029761 0.583570 0.200374 0.113440 0.000923 0.071928 0.000004
0.029675 0.582367 0.200769 0.113745 0.000904 0.072537 0.000004
0.031565 0.578756 0.201212 0.114225 0.000939 0.073297 0.000005
0.029711 0.577723 0.202803 0.114715 0.000930 0.074112 0.000006
0.025763 0.576505 0.205028 0.116140 0.000928 0.075633 0.000004
0.029017 0.574011 0.204246 0.115863 0.000922 0.075936 0.000004
0.030591 0.570580 0.205015 0.116150 0.000948 0.076711 0.000005
0.029400 0.569333 0.205914 0.116843 0.000975 0.077529 0.000005
0.026878 0.568908 0.206999 0.117405 0.000981 0.078823 0.000006
0.026836 0.565993 0.208446 0.117835 0.001001 0.079885 0.000003
0.026252 0.565031 0.208845 0.118220 0.001021 0.080628 0.000004
0.025034 0.563551 0.209672 0.119090 0.001020 0.081629 0.000004
0.025099 0.561769 0.210367 0.119309 0.001033 0.082418 0.000005
0.024739 0.561360 0.210581 0.119560 0.001030 0.082724 0.000005
0.023499 0.557405 0.212772 0.120644 0.001078 0.084598 0.000005
0.023429 0.556829 0.212925 0.120892 0.001065 0.084856 0.000004
0.021681 0.555608 0.214144 0.121450 0.001087 0.086024 0.000005
0.021036 0.553561 0.215256 0.122051 0.001086 0.087007 0.000003
0.020597 0.551862 0.216091 0.122488 0.001105 0.087851 0.000005
0.019717 0.549224 0.217206 0.123329 0.001104 0.089415 0.000005
0.019023 0.547288 0.218267 0.123773 0.001130 0.090514 0.000004
0.018629 0.546041 0.218943 0.124006 0.001148 0.091228 0.000006
0.018529 0.543694 0.219873 0.124656 0.001167 0.092077 0.000004
0.018084 0.541309 0.220869 0.125069 0.001169 0.093496 0.000005
0.017444 0.540225 0.221684 0.125507 0.001169 0.093967 0.000004
0.017523 0.538872 0.221998 0.125674 0.001188 0.094740 0.000004
0.016903 0.537664 0.222840 0.125835 0.001186 0.095567 0.000004
0.016155 0.534599 0.224277 0.126712 0.001194 0.097059 0.000004
0.015875 0.532226 0.225093 0.127410 0.001207 0.098184 0.000005
0.015547 0.530618 0.225861 0.127756 0.001217 0.098997 0.000005
0.015839 0.531134 0.225178 0.127432 0.001219 0.099193 0.000005
0.015251 0.526485 0.227402 0.128623 0.001235 0.100999 0.000005
0.015575 0.524270 0.227733 0.129081 0.001243 0.102092 0.000005
0.017671 0.520031 0.228395 0.129347 0.001289 0.103261 0.000006
0.018606 0.519303 0.228123 0.129109 0.001262 0.103590 0.000006
0.021687 0.515045 0.228292 0.129150 0.001273 0.104548 0.000006
0.020802 0.514107 0.229009 0.129508 0.001269 0.105297 0.000007
0.019869 0.512817 0.229940 0.129808 0.001290 0.106269 0.000006
0.019837 0.511322 0.230056 0.130152 0.001312 0.107316 0.000006
0.021219 0.508688 0.230362 0.130355 0.001325 0.108044 0.000007
0.020139 0.505706 0.231926 0.131140 0.001359 0.109722 0.000007
0.021015 0.505545 0.231428 0.130866 0.001365 0.109773 0.000007
0.020542 0.502549 0.232527 0.131619 0.001357 0.111397 0.000009
0.019706 0.501937 0.233210 0.131589 0.001386 0.112164 0.000009
0.020394 0.497921 0.234075 0.132333 0.001409 0.113857 0.000010
0.019902 0.498468 0.233915 0.132344 0.001401 0.113961 0.000010
0.021238 0.496574 0.233991 0.132315 0.001411 0.114462 0.000009
0.024742 0.493900 0.233163 0.131938 0.001411 0.114837 0.000009
0.027886 0.489339 0.233359 0.131965 0.001410 0.116032 0.000011
0.027626 0.488214 0.233678 0.132263 0.001437 0.116769 0.000013
0.030404 0.484031 0.234062 0.132315 0.001425 0.117754 0.000010
0.028379 0.484058 0.234661 0.132992 0.001438 0.118461 0.000011
0.034064 0.479714 0.233619 0.132275 0.001478 0.118838 0.000012
0.029613 0.480536 0.235248 0.133176 0.001466 0.119949 0.000012
0.032945 0.477734 0.234595 0.132864 0.001459 0.120388 0.000015
0.031155 0.475905 0.235794 0.133456 0.001503 0.122172 0.000015
0.032553 0.476030 0.234924 0.132912 0.001491 0.122074 0.000017
0.030110 0.474903 0.236138 0.133803 0.001516 0.123515 0.000015
0.029521 0.473935 0.236546 0.133917 0.001532 0.124533 0.000017
0.030043 0.472642 0.236848 0.133958 0.001540 0.124954 0.000015
0.029169 0.469938 0.237829 0.134530 0.001566 0.126955 0.000015
0.025767 0.470377 0.239276 0.135059 0.001562 0.127943 0.000016
0.027862 0.468299 0.238849 0.134783 0.001558 0.128631 0.000018
0.027827 0.467683 0.238541 0.134840 0.001580 0.129513 0.000016
0.027736 0.466119 0.238980 0.135212 0.001579 0.130359 0.000015
0.026132 0.464582 0.240095 0.135573 0.001616 0.131982 0.000019
0.024313 0.464880 0.240750 0.135976 0.001627 0.132434 0.000020
0.024819 0.462410 0.240908 0.136277 0.001636 0.133933 0.000017
0.020956 0.461041 0.242986 0.137341 0.001678 0.135981 0.000016
0.021456 0.460627 0.242807 0.137281 0.001691 0.136119 0.000020
0.020091 0.458837 0.244005 0.137764 0.001701 0.137584 0.000020
0.019036 0.457886 0.244492 0.138236 0.001696 0.138635 0.000019
0.018861 0.457045 0.244751 0.138315 0.001692 0.139313 0.000023
0.018316 0.455244 0.245207 0.138760 0.001735 0.140718 0.000020
0.017089 0.452766 0.246553 0.139562 0.001762 0.142248 0.000021
0.016552 0.452038 0.246764 0.139807 0.001732 0.143086 0.000021
0.016007 0.449349 0.247747 0.140328 0.001802 0.144747 0.000020
0.016054 0.449124 0.247854 0.140237 0.001757 0.144952 0.000022
0.015237 0.446463 0.248670 0.140782 0.001772 0.147053 0.000022
0.014984 0.446102 0.248687 0.141011 0.001798 0.147395 0.000023
0.013547 0.442691 0.250423 0.141785 0.001835 0.149698 0.000023
0.013825 0.440618 0.250908 0.141844 0.001828 0.150957 0.000021
0.013610 0.440387 0.250617 0.142046 0.001842 0.151474 0.000025
0.013127 0.438621 0.251367 0.142380 0.001859 0.152624 0.000022
0.012689 0.437651 0.251943 0.142742 0.001875 0.153077 0.000022
0.013433 0.437266 0.251342 0.142482 0.001880 0.153572 0.000024
0.012379 0.434082 0.252624 0.143236 0.001924 0.155727 0.000027
0.012110 0.432477 0.253256 0.143487 0.001924 0.156719 0.000027
0.012195 0.432828 0.253028 0.143085 0.001927 0.156911 0.000026
0.011608 0.428657 0.254395 0.144255 0.001928 0.159132 0.000026
0.011865 0.428985 0.253732 0.143855 0.001976 0.159561 0.000026
0.011563 0.426893 0.254488 0.144254 0.001952 0.160824 0.000028
0.010849 0.423649 0.255806 0.144948 0.001995 0.162723 0.000029
0.011391 0.424018 0.255033 0.144743 0.002011 0.162779 0.000025
0.011235 0.422489 0.255572 0.144796 0.001978 0.163901 0.000029
0.011538 0.421466 0.255594 0.144682 0.002010 0.164684 0.000026
0.010529 0.416328 0.257306 0.146140 0.002020 0.167647 0.000030
0.010444 0.416039 0.257547 0.145905 0.002038 0.168000 0.000028
0.010865 0.414811 0.257363 0.145704 0.002069 0.169155 0.000032
0.010797 0.414535 0.257424 0.145606 0.002064 0.169549 0.000026
0.010292 0.410334 0.258855 0.146360 0.002107 0.172021 0.000031
0.010326 0.410439 0.258499 0.146432 0.002097 0.172179 0.000027
0.010176 0.407790 0.259268 0.146825 0.002099 0.173812 0.000030
0.010152 0.406211 0.259374 0.147064 0.002098 0.175069 0.000032
0.010074 0.405176 0.259828 0.146982 0.002152 0.175759 0.000029
0.010208 0.405522 0.259349 0.146868 0.002165 0.175855 0.000033
0.010210 0.402835 0.259763 0.147135 0.002163 0.177864 0.000030
0.009990 0.402554 0.260172 0.147390 0.002153 0.177710 0.000030
0.009854 0.399385 0.260873 0.147807 0.002201 0.179847 0.000032
0.009956 0.398335 0.260789 0.147539 0.002183 0.181166 0.000032
0.009788 0.396798 0.261087 0.147734 0.002223 0.182341 0.000030
0.009692 0.394968 0.261397 0.148115 0.002202 0.183592 0.000033
0.009743 0.394197 0.261601 0.148199 0.002206 0.184022 0.000032
0.009885 0.392883 0.261740 0.148245 0.002240 0.184973 0.000033
0.009513 0.388972 0.262714 0.148816 0.002272 0.187677 0.000036
0.009648 0.389433 0.262382 0.148551 0.002283 0.187670 0.000033
0.009691 0.388537 0.262526 0.148698 0.002261 0.188254 0.000033
0.009537 0.385830 0.263134 0.148929 0.002270 0.190263 0.000036
0.009655 0.385595 0.262905 0.148838 0.002296 0.190674 0.000037
0.009392 0.383823 0.263586 0.149153 0.002322 0.191691 0.000033
0.009453 0.382324 0.263421 0.149420 0.002364 0.192985 0.000034
0.009356 0.381726 0.263676 0.149544 0.002349 0.193312 0.000038
0.009295 0.378846 0.264225 0.149893 0.002348 0.195358 0.000035
0.009414 0.379376 0.263950 0.149516 0.002362 0.195346 0.000037
0.009309 0.376415 0.264463 0.149801 0.002392 0.197583 0.000037
0.009308 0.375376 0.264712 0.149960 0.002450 0.198158 0.000036
0.009380 0.374484 0.264341 0.149753 0.002402 0.199604 0.000036
0.009239 0.373013 0.264807 0.150065 0.002393 0.200446 0.000038
0.009268 0.371761 0.265146 0.149977 0.002403 0.201409 0.000036
0.009140 0.369394 0.265835 0.150471 0.002454 0.202667 0.000039
0.009287 0.369034 0.265401 0.150502 0.002466 0.203272 0.000037
0.009265 0.367217 0.265751 0.150531 0.002456 0.204739 0.000040
0.009261 0.365992 0.265650 0.150474 0.002460 0.206125 0.000037
0.009239 0.365254 0.265737 0.150427 0.002516 0.206789 0.000039
0.009214 0.364139 0.265950 0.150664 0.002472 0.207522 0.000039
0.009203 0.362402 0.266110 0.150554 0.002520 0.209175 0.000037
0.009246 0.361906 0.265696 0.150760 0.002525 0.209824 0.000043
0.009198 0.359458 0.266433 0.150687 0.002552 0.211630 0.000041
0.009106 0.356249 0.267236 0.151010 0.002546 0.213810 0.000043
0.009200 0.358042 0.266497 0.150620 0.002535 0.213064 0.000043
0.009183 0.355735 0.266660 0.150957 0.002555 0.214864 0.000046
0.009032 0.353392 0.267072 0.151188 0.002612 0.216662 0.000042
0.013116 0.351757 0.266034 0.150444 0.002620 0.215986 0.000043
0.015071 0.350949 0.264942 0.150211 0.002618 0.216168 0.000041
0.015975 0.348581 0.265133 0.149858 0.002612 0.217794 0.000047
0.018251 0.348077 0.264526 0.149270 0.002626 0.217209 0.000041
0.017001 0.345965 0.264897 0.149944 0.002648 0.219497 0.000047
0.015117 0.346242 0.265196 0.150057 0.002636 0.220705 0.000047
0.020335 0.343799 0.263842 0.149333 0.002649 0.219994 0.000047
0.016187 0.345487 0.264859 0.149773 0.002645 0.221003 0.000046
0.020836 0.341756 0.263523 0.149320 0.002645 0.221875 0.000046
0.016854 0.342635 0.264703 0.149513 0.002672 0.223573 0.000050
0.017863 0.340406 0.264690 0.149477 0.002671 0.224844 0.000050
0.017345 0.339704 0.264765 0.149516 0.002726 0.225893 0.000051
0.018570 0.339497 0.263736 0.149251 0.002712 0.226190 0.000045
0.018312 0.338114 0.264129 0.149157 0.002694 0.227539 0.000054
0.016895 0.337239 0.264727 0.149447 0.002694 0.228947 0.000051
0.015075 0.336331 0.265423 0.149948 0.002731 0.230446 0.000047
0.014259 0.335273 0.266027 0.150126 0.002729 0.231536 0.000050
0.016195 0.334201 0.265163 0.149664 0.002763 0.231967 0.000048
0.015668 0.334069 0.264740 0.149509 0.002751 0.233215 0.000048
0.013559 0.332024 0.266050 0.150382 0.002778 0.235161 0.000045
0.013361 0.331022 0.266273 0.150210 0.002823 0.236260 0.000051
0.012914 0.329652 0.266612 0.150318 0.002814 0.237640 0.000050
0.013524 0.330301 0.265818 0.150126 0.002822 0.237363 0.000046
0.011830 0.328121 0.266683 0.150567 0.002839 0.239911 0.000048
0.011819 0.327528 0.266882 0.150618 0.002872 0.240231 0.000050
0.011308 0.326407 0.267064 0.150675 0.002883 0.241614 0.000049
0.010983 0.324543 0.267441 0.151046 0.002886 0.243051 0.000049
0.011042 0.322852 0.267642 0.150889 0.002891 0.244634 0.000051
0.011331 0.322437 0.267119 0.150661 0.002881 0.245519 0.000052
0.010650 0.321308 0.267604 0.150867 0.002882 0.246640 0.000048
0.010361 0.319160 0.267801 0.151106 0.002936 0.248582 0.000054
0.010825 0.319986 0.267464 0.150859 0.002917 0.247895 0.000055
0.009841 0.316968 0.268236 0.151336 0.002928 0.250635 0.000056
0.009717 0.315584 0.268699 0.151097 0.002949 0.251897 0.000056
0.010065 0.315880 0.267804 0.151085 0.002945 0.252163 0.000058
0.014644 0.312740 0.266329 0.150476 0.003010 0.252746 0.000054
0.017929 0.311540 0.265267 0.149784 0.002968 0.252455 0.000057
0.017991 0.311034 0.265277 0.149514 0.002965 0.253163 0.000057
0.018026 0.308764 0.265833 0.149876 0.002992 0.254455 0.000054
0.018368 0.306884 0.265383 0.150025 0.003024 0.256258 0.000058
0.019914 0.307489 0.264843 0.149436 0.002984 0.255279 0.000056
0.019206 0.307435 0.264444 0.149233 0.003019 0.256605 0.000058
0.018912 0.307165 0.264258 0.149405 0.003005 0.257201 0.000054
0.016334 0.305027 0.265590 0.149924 0.003047 0.260018 0.000060
0.017419 0.303579 0.265222 0.149463 0.003033 0.261224 0.000061
0.017772 0.304757 0.264672 0.149472 0.003100 0.260167 0.000060
0.018602 0.302412 0.264707 0.149351 0.003074 0.261796 0.000059
0.018386 0.302838 0.264536 0.149100 0.003085 0.261993 0.000061
0.017888 0.301629 0.264368 0.149073 0.003082 0.263899 0.000060
0.016658 0.300507 0.264868 0.149112 0.003158 0.265642 0.000055
0.015813 0.300309 0.265350 0.149519 0.003123 0.265830 0.000057
0.017445 0.300514 0.263891 0.148750 0.003147 0.266193 0.000061
0.015962 0.298961 0.264434 0.149342 0.003151 0.268088 0.000062
0.013706 0.298102 0.265418 0.149807 0.003170 0.269736 0.000060
0.014263 0.297691 0.264787 0.149348 0.003157 0.270694 0.000061
0.013205 0.296038 0.265623 0.149866 0.003196 0.272010 0.000063
0.012142 0.295309 0.266044 0.149852 0.003238 0.273357 0.000058
0.011605 0.293844 0.266354 0.149985 0.003261 0.274887 0.000063
0.011449 0.291491 0.266228 0.150173 0.003239 0.277359 0.000060
0.012009 0.291931 0.266067 0.149864 0.003233 0.276832 0.000064
0.012462 0.292471 0.265433 0.149665 0.003237 0.276668 0.000064
0.011368 0.289748 0.266261 0.149956 0.003293 0.279311 0.000063
0.011202 0.290447 0.265896 0.149956 0.003260 0.279174 0.000065
0.011019 0.289448 0.266174 0.149865 0.003263 0.280166 0.000065
0.010575 0.285798 0.266591 0.150082 0.003316 0.283572 0.000065
0.010640 0.285908 0.266321 0.150341 0.003304 0.283416 0.000071
0.009853 0.283121 0.267004 0.150514 0.003360 0.286077 0.000071
0.010170 0.283074 0.266841 0.150571 0.003348 0.285926 0.000070
0.010587 0.283977 0.265540 0.149938 0.003342 0.286547 0.000069
0.010212 0.281983 0.266289 0.149906 0.003347 0.288188 0.000075
0.009833 0.279607 0.266676 0.150452 0.003371 0.289991 0.000070
0.009932 0.279055 0.266811 0.150406 0.003381 0.290344 0.000073
0.010042 0.278423 0.266312 0.150245 0.003380 0.291523 0.000074
0.009734 0.276331 0.266675 0.150419 0.003398 0.293369 0.000073
0.009777 0.275600 0.266568 0.150174 0.003460 0.294348 0.000073
0.009732 0.275128 0.266541 0.150281 0.003423 0.294819 0.000076
0.009954 0.275844 0.265835 0.150000 0.003419 0.294868 0.000080
0.009778 0.274054 0.266057 0.150186 0.003464 0.296383 0.000078
0.009725 0.272157 0.266326 0.150259 0.003497 0.297963 0.000074
0.009691 0.270788 0.266743 0.150097 0.003459 0.299144 0.000077
0.009648 0.270071 0.266515 0.150068 0.003505 0.300113 0.000079
0.009685 0.270189 0.266111 0.149897 0.003467 0.300570 0.000081
0.009446 0.267615 0.266557 0.150060 0.003470 0.302771 0.000081
0.009666 0.267928 0.265991 0.149855 0.003539 0.302937 0.000083
0.009782 0.268671 0.265392 0.149729 0.003521 0.302821 0.000084
0.009560 0.264679 0.266175 0.149687 0.003558 0.306262 0.000078
0.009592 0.264156 0.265912 0.149666 0.003572 0.307020 0.000083
0.009703 0.264295 0.265590 0.149600 0.003587 0.307146 0.000079
0.009528 0.262710 0.265791 0.149880 0.003569 0.308448 0.000075
0.009647 0.261198 0.265492 0.149858 0.003611 0.310106 0.000088
0.009514 0.259959 0.265651 0.149760 0.003582 0.311456 0.000078
0.009478 0.259176 0.265464 0.149772 0.003606 0.312418 0.000087
0.009490 0.257934 0.265506 0.149674 0.003658 0.313658 0.000080
0.009555 0.259221 0.264982 0.149446 0.003668 0.313050 0.000078
0.009473 0.257805 0.265126 0.149580 0.003637 0.314298 0.000082
0.009504 0.255562 0.265178 0.149729 0.003667 0.316273 0.000087
0.009580 0.254157 0.265201 0.149869 0.003635 0.317470 0.000089
0.009589 0.254011 0.264685 0.149237 0.003681 0.318710 0.000087
0.009542 0.253045 0.264771 0.149474 0.003667 0.319419 0.000083
0.009628 0.252849 0.264371 0.149218 0.003687 0.320158 0.000088
0.009630 0.251860 0.264238 0.148963 0.003719 0.321497 0.000093
0.009605 0.251151 0.264316 0.148904 0.003711 0.322234 0.000079
0.009492 0.249481 0.264758 0.148957 0.003716 0.323509 0.000088
0.009614 0.247937 0.264211 0.149112 0.003787 0.325248 0.000090
0.009538 0.247954 0.264102 0.149015 0.003758 0.325548 0.000083
0.009576 0.247056 0.264134 0.149072 0.003708 0.326365 0.000089
0.009579 0.246612 0.263992 0.148783 0.003767 0.327176 0.000090
0.009581 0.246278 0.263749 0.148876 0.003782 0.327648 0.000086
0.009626 0.244538 0.263829 0.148706 0.003786 0.329428 0.000088
0.009725 0.245221 0.263153 0.148198 0.003771 0.329832 0.000099
0.009748 0.243093 0.263140 0.148596 0.003809 0.331521 0.000093
0.009731 0.241432 0.263270 0.148519 0.003839 0.333119 0.000090
0.009745 0.241264 0.262888 0.148461 0.003874 0.333667 0.000101
0.009692 0.240020 0.263198 0.148166 0.003850 0.334977 0.000097
0.009745 0.239971 0.262793 0.147984 0.003816 0.335594 0.000096
0.009840 0.238002 0.263043 0.147894 0.003920 0.337204 0.000096
0.009789 0.239104 0.262655 0.147847 0.003894 0.336615 0.000096
0.009864 0.237377 0.262297 0.147805 0.003925 0.338635 0.000096
0.009819 0.235811 0.262436 0.147720 0.003894 0.340216 0.000104
0.009909 0.236690 0.261651 0.147476 0.003899 0.340277 0.000098
0.009926 0.235748 0.261890 0.147456 0.003915 0.340967 0.000099
0.009825 0.234977 0.261770 0.147532 0.003866 0.341923 0.000107
0.009925 0.232392 0.261725 0.147553 0.003945 0.344359 0.000101
0.009967 0.234352 0.261203 0.147286 0.003923 0.343165 0.000103
0.010007 0.231766 0.260940 0.147136 0.003989 0.346061 0.000101
0.009985 0.231017 0.260914 0.147182 0.003975 0.346823 0.000105
0.009988 0.230249 0.260996 0.147292 0.003967 0.347401 0.000107
0.009981 0.229552 0.260587 0.146990 0.004033 0.348753 0.000104
0.010056 0.229433 0.260630 0.146936 0.003950 0.348887 0.000108
0.010118 0.228503 0.260323 0.146831 0.003986 0.350137 0.000102
0.010115 0.227638 0.260280 0.146597 0.003989 0.351277 0.000104
0.010113 0.227174 0.259676 0.146591 0.004060 0.352279 0.000107
0.010151 0.227361 0.260091 0.146403 0.004046 0.351845 0.000103
0.010114 0.224937 0.259577 0.146609 0.004028 0.354623 0.000111
0.010140 0.225514 0.259686 0.146205 0.004053 0.354292 0.000111
0.010162 0.223909 0.259633 0.146235 0.004092 0.355859 0.000109
0.010151 0.223077 0.259095 0.146187 0.004068 0.357320 0.000102
0.010159 0.223407 0.259061 0.145824 0.004041 0.357398 0.000110
0.010213 0.222555 0.258520 0.145760 0.004129 0.358710 0.000112
0.010287 0.221264 0.258396 0.145600 0.004127 0.360213 0.000113
0.010284 0.219773 0.258200 0.145636 0.004127 0.361867 0.000113
0.010325 0.220560 0.258051 0.145494 0.004123 0.361332 0.000115
0.010362 0.220200 0.258109 0.145427 0.004112 0.361677 0.000113
0.010392 0.217888 0.257909 0.145382 0.004159 0.364153 0.000117
0.010392 0.216983 0.257666 0.145332 0.004146 0.365369 0.000111
0.010417 0.217206 0.257627 0.145154 0.004199 0.365279 0.000118
0.010468 0.216545 0.257481 0.145335 0.004156 0.365899 0.000116
0.010544 0.216242 0.257216 0.145168 0.004153 0.366563 0.000115
0.010534 0.215001 0.256732 0.144970 0.004188 0.368449 0.000126
0.010568 0.214640 0.256496 0.145053 0.004183 0.368937 0.000123
0.010543 0.213915 0.256865 0.144692 0.004213 0.369651 0.000122
0.010516 0.212152 0.256839 0.144643 0.004186 0.371538 0.000126
0.010525 0.212370 0.256717 0.144495 0.004220 0.371552 0.000121
0.010676 0.212594 0.256009 0.144069 0.004192 0.372339 0.000120
0.010633 0.210205 0.255864 0.144041 0.004228 0.374906 0.000124
0.010698 0.208902 0.255099 0.143932 0.004241 0.377005 0.000123
0.010713 0.209066 0.255137 0.143904 0.004253 0.376809 0.000118
0.010694 0.208691 0.255113 0.144063 0.004262 0.377053 0.000123
0.010661 0.208628 0.255209 0.143554 0.004253 0.377562 0.000133
0.010686 0.207624 0.254388 0.143906 0.004224 0.379047 0.000127
0.010709 0.206676 0.254465 0.143674 0.004333 0.380012 0.000131
0.010700 0.206315 0.254349 0.143346 0.004242 0.380920 0.000127
0.010850 0.206130 0.254162 0.143416 0.004275 0.381040 0.000127
0.010768 0.204780 0.254169 0.143253 0.004301 0.382602 0.000126
0.010749 0.204592 0.253767 0.143207 0.004294 0.383262 0.000128
0.010775 0.202894 0.253267 0.142942 0.004317 0.385669 0.000135
0.010800 0.203218 0.253603 0.142682 0.004302 0.385264 0.000131
0.010870 0.202688 0.253026 0.142648 0.004324 0.386311 0.000133
0.010969 0.201841 0.252889 0.142728 0.004371 0.387064 0.000137
0.010814 0.201524 0.252995 0.142479 0.004339 0.387714 0.000135
0.010883 0.200498 0.252734 0.142310 0.004346 0.389096 0.000134
0.011086 0.199731 0.252489 0.142090 0.004375 0.390097 0.000132
0.011008 0.199935 0.252102 0.141854 0.004358 0.390608 0.000135
0.011024 0.198566 0.252045 0.142108 0.004402 0.391720 0.000136
0.011117 0.198920 0.251633 0.141874 0.004352 0.391968 0.000136
0.011096 0.198036 0.251361 0.141683 0.004415 0.393264 0.000145
0.011133 0.196501 0.250851 0.141659 0.004411 0.395299 0.000146
0.011200 0.196943 0.250868 0.141596 0.004386 0.394862 0.000144
0.011182 0.196882 0.250850 0.141374 0.004395 0.395171 0.000146
0.011197 0.195972 0.250780 0.141384 0.004397 0.396131 0.000139
0.011268 0.194926 0.250493 0.141161 0.004431 0.397581 0.000140
0.011286 0.193522 0.250036 0.140891 0.004445 0.399672 0.000149
0.011245 0.194290 0.249816 0.141138 0.004439 0.398923 0.000149
0.011358 0.193088 0.249676 0.140613 0.004454 0.400667 0.000145
0.011399 0.192415 0.249662 0.140581 0.004480 0.401316 0.000147
0.011410 0.192242 0.249250 0.140618 0.004473 0.401869 0.000138
0.011522 0.191093 0.248674 0.140281 0.004489 0.403793 0.000148
0.011477 0.189453 0.248618 0.140290 0.004483 0.405531 0.000148
0.011525 0.189921 0.247884 0.140183 0.004468 0.405872 0.000147
0.011512 0.188846 0.247807 0.140200 0.004485 0.406989 0.000161
0.011550 0.188241 0.247822 0.139918 0.004481 0.407834 0.000154
0.011542 0.189572 0.247668 0.139687 0.004460 0.406929 0.000143
0.011643 0.187763 0.247497 0.139420 0.004510 0.409024 0.000143
0.011694 0.186842 0.247037 0.139681 0.004502 0.410095 0.000149
0.011792 0.185545 0.246834 0.139390 0.004512 0.411778 0.000148
0.011757 0.185837 0.246800 0.139019 0.004596 0.411843 0.000147
0.011711 0.186396 0.246572 0.139177 0.004575 0.411419 0.000149
0.011792 0.184801 0.245941 0.138946 0.004538 0.413826 0.000155
0.011810 0.184701 0.246080 0.138939 0.004564 0.413741 0.000164
0.011881 0.184085 0.245604 0.138949 0.004592 0.414731 0.000157
0.011856 0.183153 0.245461 0.138589 0.004533 0.416253 0.000155
0.011810 0.184325 0.245600 0.138373 0.004567 0.415151 0.000175
0.011901 0.182301 0.245410 0.138419 0.004533 0.417273 0.000163
0.011941 0.181676 0.244730 0.138289 0.004563 0.418634 0.000167
0.011940 0.181021 0.244698 0.138229 0.004616 0.419332 0.000165
0.012013 0.180662 0.243992 0.137852 0.004586 0.420735 0.000160
0.011986 0.180246 0.244171 0.137732 0.004596 0.421103 0.000166
0.012063 0.179849 0.243883 0.137642 0.004586 0.421813 0.000165
0.012073 0.178818 0.243690 0.137616 0.004652 0.422992 0.000159
0.012067 0.178553 0.243796 0.137322 0.004641 0.423452 0.000169
0.012117 0.177839 0.242890 0.137459 0.004658 0.424872 0.000164
0.012187 0.176122 0.243187 0.136914 0.004673 0.426748 0.000169
0.012133 0.176606 0.242665 0.136802 0.004670 0.426951 0.000173
0.012160 0.176308 0.242666 0.137031 0.004696 0.426966 0.000173
0.012248 0.175371 0.242283 0.136747 0.004647 0.428527 0.000176
0.012271 0.174345 0.241779 0.136429 0.004688 0.430318 0.000170
0.012362 0.174188 0.241754 0.136626 0.004711 0.430179 0.000180
0.012336 0.174318 0.241297 0.136193 0.004728 0.430951 0.000177
0.012497 0.173705 0.241093 0.136130 0.004697 0.431708 0.000170
0.012419 0.172600 0.240808 0.135978 0.004727 0.433304 0.000164
0.012427 0.173052 0.240828 0.135901 0.004745 0.432872 0.000176
0.012523 0.172571 0.240249 0.135845 0.004741 0.433892 0.000179
0.012576 0.171405 0.240204 0.135461 0.004775 0.435406 0.000173
0.012683 0.170889 0.239646 0.135557 0.004744 0.436312 0.000170
0.012623 0.171373 0.239983 0.135121 0.004749 0.435979 0.000173
0.012727 0.170362 0.239269 0.135169 0.004753 0.437539 0.000182
0.012798 0.169791 0.238971 0.135182 0.004698 0.438379 0.000180
0.012712 0.169141 0.238975 0.134946 0.004734 0.439308 0.000184
0.012902 0.168922 0.238827 0.134861 0.004717 0.439592 0.000178
0.012883 0.168808 0.238556 0.134667 0.004711 0.440195 0.000180
0.012914 0.167567 0.238008 0.134591 0.004765 0.441973 0.000183
0.012863 0.167360 0.237978 0.134495 0.004773 0.442343 0.000189
0.012942 0.167268 0.237579 0.134365 0.004775 0.442891 0.000181
0.012928 0.166203 0.237444 0.134045 0.004773 0.444419 0.000188
0.012848 0.165888 0.236949 0.134140 0.004749 0.445239 0.000189
0.013008 0.165100 0.236777 0.133617 0.004771 0.446543 0.000184
0.013060 0.165431 0.236677 0.134063 0.004822 0.445762 0.000185
0.013048 0.163849 0.236260 0.133535 0.004864 0.448251 0.000192
0.013024 0.164332 0.236127 0.133481 0.004785 0.448069 0.000182
0.013087 0.163357 0.235816 0.133181 0.004783 0.449584 0.000192
0.013190 0.163367 0.235848 0.133495 0.004795 0.449110 0.000195
0.013244 0.162630 0.235002 0.132522 0.004793 0.451605 0.000203
0.013210 0.162694 0.234951 0.132929 0.004832 0.451194 0.000190
0.013291 0.162259 0.234653 0.132688 0.004861 0.452052 0.000196
0.013274 0.162161 0.234598 0.132613 0.004826 0.452329 0.000198
0.013310 0.160742 0.234208 0.132298 0.004816 0.454433 0.000194
0.013390 0.161018 0.233688 0.131884 0.004849 0.454981 0.000190
0.013468 0.160074 0.233489 0.132305 0.004878 0.455589 0.000197
0.013490 0.159805 0.233621 0.131873 0.004816 0.456206 0.000189
0.013482 0.160401 0.233351 0.131760 0.004841 0.455978 0.000186
0.013438 0.158855 0.232796 0.131487 0.004885 0.458337 0.000203
0.013515 0.158302 0.232716 0.131225 0.004886 0.459163 0.000194
0.013591 0.157894 0.232136 0.131175 0.004870 0.460133 0.000201
0.013651 0.157349 0.232159 0.131023 0.004904 0.460712 0.000203
0.013628 0.157424 0.231826 0.131036 0.004884 0.461004 0.000198
0.013696 0.156864 0.231620 0.131073 0.004871 0.461673 0.000203
0.013639 0.156191 0.231316 0.130632 0.004957 0.463061 0.000203
0.013749 0.155073 0.230601 0.130596 0.004906 0.464877 0.000199
0.013754 0.155759 0.230835 0.130613 0.004857 0.463971 0.000210
0.013804 0.154083 0.230577 0.130428 0.004909 0.465994 0.000206
0.013839 0.154395 0.230000 0.130048 0.004943 0.466571 0.000204
0.013765 0.154278 0.229968 0.130200 0.004971 0.466604 0.000214
0.013859 0.154064 0.229509 0.130139 0.004887 0.467333 0.000209
0.013868 0.153286 0.229210 0.129752 0.004982 0.468695 0.000206
0.014007 0.153276 0.229121 0.129526 0.004939 0.468923 0.000208
0.014041 0.152693 0.228533 0.129299 0.004982 0.470241 0.000212
0.014042 0.151904 0.228352 0.129190 0.004997 0.471302 0.000213
0.013966 0.152639 0.228146 0.129189 0.004951 0.470887 0.000223
0.014086 0.150998 0.227943 0.128887 0.004972 0.472893 0.000221
0.014149 0.151469 0.227630 0.128738 0.004990 0.472795 0.000228
0.014094 0.150864 0.227229 0.128775 0.004981 0.473848 0.000210
0.014160 0.150422 0.227127 0.128256 0.005021 0.474795 0.000220
0.014192 0.149937 0.226991 0.128399 0.004998 0.475261 0.000222
0.014366 0.148764 0.226496 0.128068 0.005001 0.477076 0.000228
0.014317 0.149136 0.226345 0.128069 0.005019 0.476881 0.000233
0.014337 0.148998 0.226146 0.127798 0.005042 0.477453 0.000226
0.014358 0.148871 0.225590 0.127595 0.004969 0.478380 0.000236
0.014379 0.147964 0.225466 0.127492 0.004996 0.479472 0.000232
0.014328 0.147255 0.225293 0.127209 0.005019 0.480674 0.000222
0.014462 0.147082 0.225226 0.127405 0.005044 0.480551 0.000231
0.014430 0.146533 0.224608 0.126997 0.005047 0.482153 0.000232
0.014492 0.146468 0.224665 0.126903 0.005043 0.482199 0.000230
0.014555 0.145619 0.224203 0.126652 0.005051 0.483694 0.000227
0.014610 0.145720 0.223413 0.126590 0.005048 0.484382 0.000237
0.014629 0.145279 0.223436 0.126319 0.005111 0.485001 0.000225
0.014721 0.144694 0.223174 0.125945 0.005108 0.486125 0.000233
0.014719 0.144419 0.222784 0.126056 0.005066 0.486724 0.000232
0.014622 0.144478 0.223067 0.126089 0.005083 0.486423 0.000238
0.014703 0.144450 0.222361 0.125830 0.005073 0.487357 0.000227
0.014713 0.144235 0.222233 0.125931 0.005128 0.487517 0.000242
0.014832 0.142580 0.221672 0.125144 0.005132 0.490389 0.000251
0.014912 0.143204 0.221654 0.125293 0.005100 0.489602 0.000234
0.014908 0.142677 0.221156 0.125328 0.005130 0.490570 0.000230
0.014953 0.142693 0.220972 0.125104 0.005113 0.490930 0.000234
0.014969 0.142060 0.220840 0.124911 0.005076 0.491904 0.000239
0.015108 0.141526 0.220665 0.124737 0.005130 0.492606 0.000228
0.015040 0.141820 0.220470 0.124774 0.005109 0.492541 0.000246
0.015090 0.140457 0.219599 0.124327 0.005131 0.495148 0.000248
0.015166 0.140802 0.219115 0.124322 0.005138 0.495221 0.000235
0.015128 0.140942 0.219545 0.123989 0.005120 0.495018 0.000259
0.015277 0.140395 0.219228 0.124070 0.005146 0.495650 0.000234
0.015256 0.140134 0.218976 0.124114 0.005187 0.496087 0.000246
0.015381 0.139181 0.218328 0.123657 0.005226 0.497982 0.000245
0.015386 0.139120 0.218015 0.123597 0.005153 0.498480 0.000250
0.015450 0.138967 0.218068 0.123444 0.005173 0.498652 0.000247
0.015471 0.138383 0.217703 0.123214 0.005154 0.499830 0.000246
0.015550 0.137100 0.217500 0.122935 0.005238 0.501423 0.000253
0.015700 0.137416 0.217097 0.122682 0.005189 0.501659 0.000257
0.015627 0.137707 0.217062 0.122878 0.005197 0.501277 0.000253
0.015649 0.137278 0.216710 0.122709 0.005244 0.502163 0.000247
0.015613 0.136603 0.216125 0.122556 0.005190 0.503660 0.000254
