0.966069 0.033224 0.000437 0.000263 0.000000 0.000007 0.000000
0.933991 0.064507 0.000945 0.000533 0.000000 0.000024 0.000000
0.926027 0.072249 0.001081 0.000619 0.000000 0.000023 0.000000
0.914787 0.083172 0.001278 0.000739 0.000000 0.000024 0.000000
0.902737 0.094905 0.001459 0.000861 0.000000 0.000037 0.000000
0.892405 0.104919 0.001690 0.000949 0.000000 0.000037 0.000000
0.879478 0.117436 0.001931 0.001109 0.000000 0.000046 0.000000
0.866454 0.130068 0.002174 0.001248 0.000000 0.000055 0.000000
0.852726 0.143365 0.002459 0.001389 0.000000 0.000061 0.000000
0.838199 0.157394 0.002785 0.001554 0.000001 0.000068 0.000000
0.823659 0.171407 0.003119 0.001739 0.000002 0.000074 0.000000
0.806682 0.187708 0.003571 0.001954 0.000002 0.000083 0.000000
0.790467 0.203252 0.004003 0.002187 0.000002 0.000089 0.000000
0.773721 0.219311 0.004450 0.002409 0.000002 0.000108 0.000000
0.758908 0.233561 0.004814 0.002586 0.000001 0.000129 0.000000
0.739657 0.251995 0.005324 0.002876 0.000002 0.000146 0.000000
0.724033 0.266939 0.005758 0.003101 0.000001 0.000167 0.000000
0.706080 0.283982 0.006315 0.003427 0.000002 0.000193 0.000000
0.687765 0.301368 0.006864 0.003784 0.000003 0.000216 0.000000
0.670908 0.317336 0.007418 0.004108 0.000004 0.000226 0.000000
0.655534 0.331792 0.008006 0.004415 0.000004 0.000250 0.000000
0.640281 0.346150 0.008532 0.004754 0.000004 0.000279 0.000000
0.622505 0.362786 0.009242 0.005135 0.000004 0.000328 0.000000
0.606669 0.377587 0.009883 0.005494 0.000005 0.000362 0.000000
0.590771 0.392459 0.010489 0.005872 0.000006 0.000403 0.000000
0.576218 0.405916 0.011171 0.006243 0.000005 0.000446 0.000000
0.562372 0.418629 0.011817 0.006693 0.000005 0.000484 0.000000
0.548665 0.431140 0.012542 0.007127 0.000007 0.000520 0.000000
0.537401 0.441412 0.013176 0.007457 0.000007 0.000546 0.000000
0.524165 0.453452 0.013925 0.007853 0.000008 0.000597 0.000000
0.510406 0.465876 0.014709 0.008364 0.000007 0.000637 0.000000
0.498893 0.476102 0.015483 0.008826 0.000008 0.000688 0.000000
0.485540 0.488054 0.016335 0.009317 0.000009 0.000745 0.000000
0.474786 0.497645 0.017051 0.009711 0.000011 0.000796 0.000000
0.460031 0.510839 0.018015 0.010243 0.000012 0.000860 0.000000
0.451210 0.518482 0.018744 0.010640 0.000012 0.000912 0.000000
0.440261 0.527884 0.019658 0.011197 0.000012 0.000988 0.000000
0.430115 0.536678 0.020479 0.011671 0.000013 0.001045 0.000000
0.417861 0.547279 0.021486 0.012229 0.000014 0.001132 0.000000
0.410138 0.553703 0.022285 0.012645 0.000014 0.001215 0.000000
0.401521 0.560797 0.023198 0.013172 0.000015 0.001296 0.000000
0.395144 0.565796 0.024025 0.013659 0.000017 0.001359 0.000000
0.382798 0.576157 0.025229 0.014346 0.000016 0.001456 0.000000
0.375715 0.581913 0.026057 0.014766 0.000016 0.001533 0.000000
0.365720 0.590092 0.027182 0.015363 0.000017 0.001627 0.000000
0.355342 0.598426 0.028432 0.016048 0.000020 0.001732 0.000000
0.349781 0.602433 0.029371 0.016563 0.000024 0.001828 0.000000
0.341751 0.608605 0.030472 0.017192 0.000022 0.001958 0.000000
0.333014 0.615463 0.031562 0.017865 0.000024 0.002072 0.000000
0.327537 0.619319 0.032486 0.018428 0.000025 0.002205 0.000000
0.321214 0.623845 0.033637 0.018958 0.000028 0.002317 0.000000
0.309558 0.632981 0.035113 0.019831 0.000029 0.002488 0.000000
0.307263 0.634001 0.035841 0.020270 0.000032 0.002594 0.000000
0.298883 0.639958 0.037321 0.021042 0.000033 0.002764 0.000000
0.291130 0.645596 0.038472 0.021852 0.000035 0.002916 0.000000
0.286822 0.648235 0.039496 0.022366 0.000039 0.003042 0.000000
0.281379 0.651775 0.040602 0.022996 0.000042 0.003206 0.000000
0.275093 0.655872 0.041864 0.023732 0.000047 0.003391 0.000000
0.268184 0.660647 0.043131 0.024409 0.000046 0.003582 0.000000
0.265182 0.661585 0.044306 0.025137 0.000047 0.003743 0.000000
0.257223 0.666773 0.045938 0.026061 0.000048 0.003956 0.000000
0.253791 0.668234 0.047141 0.026648 0.000053 0.004133 0.000000
0.253281 0.667587 0.047860 0.026983 0.000057 0.004233 0.000000
0.242882 0.674571 0.049816 0.028157 0.000058 0.004516 0.000000
0.243156 0.672324 0.050969 0.028766 0.000059 0.004725 0.000000
0.241169 0.672697 0.051781 0.029367 0.000064 0.004923 0.000000
0.238160 0.673995 0.052804 0.029918 0.000065 0.005058 0.000000
0.231740 0.677373 0.054496 0.030959 0.000071 0.005361 0.000000
0.229612 0.676789 0.056072 0.031819 0.000072 0.005637 0.000000
0.227129 0.677301 0.057135 0.032492 0.000076 0.005866 0.000000
0.226562 0.676506 0.057912 0.032941 0.000080 0.005999 0.000000
0.222118 0.678612 0.059246 0.033645 0.000080 0.006299 0.000000
0.214685 0.682543 0.061215 0.034845 0.000082 0.006629 0.000000
0.215561 0.680434 0.061852 0.035228 0.000085 0.006840 0.000000
0.211641 0.682068 0.063179 0.035914 0.000086 0.007112 0.000000
0.206449 0.684530 0.064759 0.036813 0.000086 0.007362 0.000000
0.196965 0.689784 0.067140 0.038124 0.000095 0.007893 0.000000
0.194788 0.690372 0.068047 0.038677 0.000101 0.008014 0.000000
0.193978 0.689656 0.068919 0.039068 0.000102 0.008277 0.000000
0.189743 0.691818 0.070030 0.039747 0.000108 0.008554 0.000000
0.190044 0.689916 0.070922 0.040233 0.000110 0.008776 0.000000
0.183681 0.692950 0.072764 0.041324 0.000117 0.009164 0.000000
0.174636 0.698476 0.074810 0.042410 0.000123 0.009544 0.000000
0.173246 0.697317 0.076219 0.043232 0.000121 0.009865 0.000000
0.171920 0.697815 0.076595 0.043475 0.000124 0.010071 0.000000
0.162973 0.701938 0.079403 0.045053 0.000125 0.010509 0.000000
0.158212 0.703823 0.080987 0.045927 0.000127 0.010923 0.000000
0.153319 0.705586 0.082685 0.046856 0.000132 0.011422 0.000000
0.149857 0.706408 0.084131 0.047798 0.000139 0.011668 0.000000
0.142079 0.710003 0.086428 0.049129 0.000142 0.012220 0.000000
0.135768 0.713032 0.088207 0.050237 0.000147 0.012610 0.000000
0.133276 0.712881 0.089760 0.050939 0.000153 0.012992 0.000000
0.130428 0.712432 0.091459 0.052041 0.000157 0.013483 0.000000
0.131046 0.711038 0.091882 0.052278 0.000165 0.013590 0.000000
0.124798 0.712362 0.094644 0.053707 0.000176 0.014311 0.000001
0.121419 0.713319 0.095872 0.054506 0.000177 0.014706 0.000001
0.117948 0.711989 0.098457 0.056018 0.000181 0.015406 0.000001
0.118355 0.710455 0.099141 0.056252 0.000179 0.015617 0.000001
0.116257 0.709533 0.100636 0.057213 0.000206 0.016153 0.000001
0.107382 0.712728 0.103841 0.058907 0.000204 0.016938 0.000001
0.106610 0.710983 0.105154 0.059711 0.000211 0.017329 0.000001
0.103190 0.711407 0.106801 0.060505 0.000216 0.017880 0.000001
0.104401 0.707046 0.108335 0.061558 0.000219 0.018441 0.000001
0.097137 0.711057 0.110141 0.062555 0.000231 0.018878 0.000001
0.096163 0.709713 0.111402 0.063204 0.000238 0.019280 0.000001
0.094629 0.707982 0.113145 0.064005 0.000256 0.019983 0.000001
0.093290 0.707670 0.113763 0.064678 0.000248 0.020351 0.000001
0.092628 0.706295 0.114931 0.065153 0.000254 0.020739 0.000000
0.085563 0.707546 0.118068 0.066905 0.000260 0.021656 0.000001
0.084198 0.706371 0.119329 0.067757 0.000271 0.022075 0.000001
0.080849 0.705576 0.121525 0.068919 0.000272 0.022858 0.000001
0.076952 0.705888 0.123382 0.069914 0.000293 0.023571 0.000001
0.072718 0.707891 0.124529 0.070718 0.000296 0.023847 0.000000
0.073028 0.704410 0.126138 0.071665 0.000306 0.024452 0.000001
0.071713 0.701980 0.128111 0.072629 0.000323 0.025243 0.000001
0.068815 0.701857 0.129713 0.073429 0.000309 0.025877 0.000001
0.064779 0.701313 0.132035 0.074934 0.000330 0.026607 0.000001
0.064798 0.699408 0.132918 0.075362 0.000347 0.027165 0.000001
0.069765 0.692804 0.133652 0.075826 0.000344 0.027609 0.000001
0.064244 0.694432 0.135671 0.076993 0.000361 0.028297 0.000002
0.063197 0.692775 0.136842 0.077816 0.000372 0.028996 0.000002
0.061462 0.691592 0.138465 0.078570 0.000366 0.029542 0.000003
0.065097 0.685995 0.139406 0.079035 0.000382 0.030083 0.000002
0.062819 0.684307 0.141396 0.080070 0.000382 0.031024 0.000002
0.061644 0.683251 0.142534 0.080677 0.000406 0.031486 0.000003
0.061815 0.680524 0.143681 0.081293 0.000405 0.032280 0.000002
0.061631 0.678884 0.144680 0.081834 0.000403 0.032566 0.000002
0.070018 0.670103 0.144662 0.081854 0.000410 0.032951 0.000003
0.073112 0.666582 0.144457 0.082015 0.000425 0.033405 0.000004
0.075035 0.662773 0.145519 0.082355 0.000426 0.033889 0.000002
0.073704 0.660141 0.147731 0.083187 0.000433 0.034801 0.000002
0.072027 0.658891 0.149108 0.084053 0.000454 0.035466 0.000002
0.068747 0.659220 0.150551 0.084915 0.000458 0.036107 0.000003
0.074603 0.653494 0.150217 0.084935 0.000458 0.036292 0.000002
0.073774 0.651877 0.151322 0.085467 0.000466 0.037090 0.000003
0.071271 0.650977 0.153045 0.086364 0.000492 0.037847 0.000003
0.076641 0.645421 0.152738 0.086419 0.000491 0.038287 0.000003
0.070774 0.646869 0.155110 0.087594 0.000495 0.039155 0.000004
0.071696 0.645890 0.154939 0.087467 0.000507 0.039499 0.000003
0.074518 0.642231 0.155159 0.087752 0.000501 0.039834 0.000005
0.066808 0.644931 0.157602 0.089308 0.000520 0.040826 0.000005
0.070840 0.641656 0.157095 0.088898 0.000526 0.040982 0.000003
0.064907 0.642709 0.159507 0.090089 0.000540 0.042244 0.000005
0.059502 0.642579 0.162133 0.091737 0.000541 0.043503 0.000006
0.062506 0.638608 0.162414 0.091897 0.000560 0.044010 0.000004
0.064515 0.636948 0.162168 0.091766 0.000548 0.044050 0.000005
0.062418 0.636574 0.163313 0.092401 0.000576 0.044713 0.000005
0.060388 0.634740 0.165137 0.093385 0.000570 0.045775 0.000005
0.057823 0.634567 0.166351 0.094129 0.000582 0.046542 0.000005
0.053352 0.633208 0.169126 0.095796 0.000595 0.047917 0.000007
0.052985 0.632356 0.169611 0.096006 0.000600 0.048435 0.000006
0.052949 0.629871 0.170599 0.096816 0.000626 0.049133 0.000006
0.051828 0.629580 0.171330 0.096947 0.000625 0.049684 0.000006
0.048810 0.627686 0.173501 0.098407 0.000639 0.050949 0.000007
0.046076 0.627077 0.175286 0.099249 0.000651 0.051655 0.000005
0.046517 0.626235 0.175092 0.099190 0.000647 0.052310 0.000007
0.045319 0.622535 0.177373 0.100318 0.000682 0.053767 0.000006
0.042779 0.623358 0.178256 0.100789 0.000673 0.054139 0.000006
0.041292 0.622113 0.179492 0.101510 0.000686 0.054901 0.000006
0.040546 0.621861 0.179767 0.101814 0.000695 0.055312 0.000005
0.035813 0.618778 0.183566 0.103866 0.000722 0.057248 0.000007
0.036318 0.619271 0.183034 0.103503 0.000734 0.057133 0.000007
0.033922 0.617535 0.184805 0.104610 0.000742 0.058381 0.000006
0.032018 0.616633 0.186227 0.105211 0.000746 0.059158 0.000006
0.032488 0.615402 0.186389 0.105535 0.000756 0.059422 0.000008
0.029251 0.611197 0.189915 0.107263 0.000774 0.061593 0.000007
0.027298 0.609781 0.191390 0.108094 0.000784 0.062646 0.000006
0.027825 0.607350 0.192181 0.108579 0.000808 0.063248 0.000007
0.025753 0.605295 0.193922 0.109777 0.000826 0.064419 0.000008
0.024428 0.603587 0.195326 0.110365 0.000828 0.065459 0.000007
0.024607 0.601462 0.196261 0.110722 0.000825 0.066115 0.000008
0.025101 0.600609 0.196027 0.110985 0.000840 0.066430 0.000008
0.024038 0.598149 0.197648 0.111689 0.000837 0.067633 0.000007
0.023208 0.597646 0.198035 0.112180 0.000862 0.068061 0.000008
0.021937 0.593060 0.200703 0.113409 0.000880 0.070005 0.000007
0.020584 0.590455 0.202343 0.114525 0.000890 0.071196 0.000007
0.020712 0.588551 0.203021 0.114836 0.000890 0.071981 0.000009
0.020180 0.587236 0.203712 0.115313 0.000896 0.072656 0.000006
0.020298 0.586161 0.204220 0.115279 0.000903 0.073132 0.000007
0.019768 0.582975 0.205826 0.116416 0.000920 0.074089 0.000006
0.019388 0.581046 0.206571 0.116855 0.000941 0.075190 0.000008
0.018969 0.578100 0.207819 0.117578 0.000970 0.076555 0.000009
0.018404 0.576431 0.208602 0.118164 0.000966 0.077426 0.000007
0.018203 0.574136 0.209551 0.118735 0.001000 0.078367 0.000008
0.018060 0.572566 0.210498 0.118870 0.000993 0.079004 0.000009
0.017992 0.571700 0.210682 0.119161 0.000995 0.079461 0.000009
0.017881 0.569570 0.211248 0.119679 0.000995 0.080618 0.000008
0.017391 0.566609 0.212716 0.120510 0.001007 0.081757 0.000010
0.017415 0.565292 0.213303 0.120382 0.001037 0.082562 0.000009
0.017148 0.562682 0.214426 0.121149 0.001034 0.083553 0.000008
0.016694 0.560830 0.215303 0.121903 0.001038 0.084224 0.000007
0.016565 0.558387 0.216556 0.122199 0.001039 0.085246 0.000008
0.015991 0.555141 0.217576 0.123189 0.001052 0.087043 0.000007
0.015847 0.552708 0.218455 0.123792 0.001074 0.088115 0.000009
0.015940 0.553300 0.218447 0.123253 0.001099 0.087952 0.000010
0.015667 0.550640 0.219358 0.124025 0.001074 0.089225 0.000010
0.015752 0.549694 0.219602 0.124165 0.001092 0.089686 0.000009
0.015222 0.545641 0.221494 0.125124 0.001108 0.091402 0.000010
0.014939 0.542860 0.222446 0.125941 0.001131 0.092673 0.000010
0.015275 0.543840 0.221938 0.125520 0.001138 0.092283 0.000007
0.017517 0.538166 0.223045 0.125994 0.001159 0.094109 0.000011
0.023158 0.534003 0.222011 0.125547 0.001172 0.094097 0.000011
0.022824 0.530903 0.223489 0.125873 0.001171 0.095727 0.000014
0.025878 0.528375 0.222709 0.125704 0.001184 0.096138 0.000013
0.024891 0.527907 0.223184 0.126245 0.001201 0.096560 0.000012
0.027440 0.525873 0.222730 0.125913 0.001186 0.096842 0.000016
0.024927 0.523435 0.224549 0.127031 0.001230 0.098814 0.000014
0.032688 0.518571 0.223307 0.125663 0.001206 0.098548 0.000015
0.035650 0.514501 0.222988 0.126123 0.001219 0.099507 0.000012
0.035505 0.514132 0.223267 0.125943 0.001236 0.099901 0.000016
0.036482 0.510344 0.223926 0.126688 0.001251 0.101293 0.000016
0.038212 0.507587 0.224302 0.126762 0.001256 0.101862 0.000018
0.036700 0.509549 0.223905 0.126540 0.001256 0.102036 0.000015
0.037385 0.505930 0.224502 0.127194 0.001280 0.103695 0.000015
0.038743 0.506947 0.223364 0.126550 0.001295 0.103085 0.000016
0.033640 0.506279 0.225818 0.127921 0.001278 0.105050 0.000014
0.029146 0.505623 0.227925 0.129240 0.001291 0.106759 0.000016
0.034250 0.504424 0.226246 0.127583 0.001306 0.106176 0.000015
0.032951 0.502316 0.227119 0.128482 0.001330 0.107788 0.000014
0.028569 0.500815 0.229563 0.129823 0.001368 0.109843 0.000018
0.032410 0.500305 0.227736 0.128803 0.001321 0.109408 0.000017
0.030507 0.500330 0.228620 0.128973 0.001341 0.110213 0.000016
0.028250 0.498428 0.230126 0.130062 0.001377 0.111737 0.000020
0.025038 0.498055 0.231489 0.130743 0.001389 0.113268 0.000018
0.024090 0.496492 0.232435 0.131216 0.001411 0.114335 0.000022
0.021936 0.496696 0.233235 0.131691 0.001432 0.114990 0.000019
0.020765 0.494105 0.234609 0.132454 0.001433 0.116613 0.000021
0.019978 0.491558 0.235575 0.133037 0.001489 0.118343 0.000021
0.019441 0.490608 0.236042 0.133339 0.001476 0.119073 0.000020
0.019082 0.490050 0.236222 0.133358 0.001463 0.119800 0.000024
0.017294 0.487929 0.237642 0.134300 0.001506 0.121307 0.000023
0.016780 0.486132 0.238382 0.134628 0.001527 0.122528 0.000023
0.016527 0.483829 0.239204 0.134970 0.001542 0.123906 0.000022
0.015806 0.482562 0.239937 0.135299 0.001540 0.124836 0.000019
0.015007 0.480028 0.241200 0.135870 0.001530 0.126344 0.000021
0.014910 0.479870 0.241251 0.135950 0.001535 0.126460 0.000024
0.014047 0.476493 0.242740 0.136803 0.001597 0.128295 0.000025
0.013516 0.474639 0.243317 0.137171 0.001583 0.129751 0.000023
0.013715 0.472579 0.243523 0.137444 0.001635 0.131079 0.000025
0.013626 0.472331 0.243800 0.137685 0.001613 0.130921 0.000024
0.012940 0.470379 0.244681 0.138072 0.001616 0.132286 0.000026
0.013096 0.469812 0.244494 0.138057 0.001637 0.132881 0.000023
0.012764 0.466870 0.245766 0.138559 0.001641 0.134378 0.000022
0.012457 0.465229 0.246095 0.138880 0.001648 0.135666 0.000026
0.012345 0.464136 0.246468 0.139102 0.001661 0.136263 0.000024
0.012552 0.462548 0.247000 0.138919 0.001708 0.137247 0.000027
0.012594 0.461418 0.246686 0.139497 0.001693 0.138084 0.000029
0.011891 0.457481 0.248595 0.140265 0.001741 0.140002 0.000025
0.011762 0.456519 0.248700 0.139996 0.001701 0.141295 0.000028
0.011423 0.453885 0.249451 0.140650 0.001734 0.142833 0.000025
0.011500 0.454369 0.249264 0.140592 0.001737 0.142510 0.000028
0.011374 0.451910 0.249798 0.141159 0.001765 0.143971 0.000023
0.011057 0.449335 0.250826 0.141465 0.001745 0.145546 0.000026
0.011075 0.448499 0.250896 0.141578 0.001775 0.146148 0.000030
0.010980 0.445718 0.251611 0.141916 0.001823 0.147924 0.000027
0.010757 0.443776 0.252258 0.142164 0.001814 0.149200 0.000031
0.010801 0.441902 0.252835 0.142434 0.001811 0.150187 0.000029
0.010586 0.440452 0.253108 0.142877 0.001844 0.151107 0.000026
0.010875 0.440619 0.252908 0.142191 0.001850 0.151527 0.000029
0.010430 0.436490 0.254525 0.143009 0.001905 0.153611 0.000030
0.010425 0.436333 0.254061 0.143261 0.001889 0.154000 0.000031
0.010351 0.435143 0.254408 0.143444 0.001895 0.154727 0.000031
0.010150 0.431968 0.255630 0.143835 0.001897 0.156489 0.000030
0.010137 0.430424 0.255758 0.144201 0.001951 0.157495 0.000033
0.010290 0.428106 0.255914 0.144408 0.001944 0.159306 0.000033
0.010215 0.428466 0.255730 0.144081 0.001973 0.159502 0.000033
0.009835 0.425180 0.257161 0.144908 0.002000 0.160881 0.000036
0.009780 0.425187 0.256819 0.144962 0.001985 0.161232 0.000035
0.010078 0.424592 0.256908 0.144672 0.001971 0.161746 0.000033
0.009842 0.421714 0.257573 0.145045 0.002003 0.163788 0.000035
0.009724 0.420485 0.258226 0.145232 0.002039 0.164256 0.000038
0.009807 0.418416 0.258233 0.145686 0.002020 0.165800 0.000038
0.009753 0.415750 0.258797 0.145911 0.002058 0.167692 0.000039
0.009629 0.414823 0.259133 0.145955 0.002046 0.168378 0.000036
0.009501 0.412498 0.259591 0.146205 0.002083 0.170078 0.000043
0.009561 0.411913 0.259762 0.146448 0.002075 0.170200 0.000041
0.009595 0.410930 0.259714 0.146515 0.002090 0.171113 0.000043
0.009590 0.409803 0.260112 0.146590 0.002115 0.171753 0.000037
0.009520 0.408898 0.260110 0.146526 0.002108 0.172801 0.000037
0.009511 0.407008 0.260571 0.146666 0.002130 0.174076 0.000038
0.009383 0.404561 0.261071 0.147049 0.002180 0.175715 0.000041
0.009353 0.403299 0.261427 0.147328 0.002211 0.176338 0.000045
0.009421 0.402506 0.261631 0.147370 0.002145 0.176884 0.000042
0.009402 0.402340 0.261652 0.147250 0.002151 0.177162 0.000042
0.013971 0.397761 0.260655 0.146679 0.002144 0.178749 0.000042
0.021588 0.392683 0.259152 0.145900 0.002153 0.178483 0.000041
0.019599 0.392338 0.259539 0.146280 0.002187 0.180013 0.000044
0.021903 0.392232 0.258669 0.145786 0.002209 0.179156 0.000045
0.021544 0.390395 0.259055 0.146249 0.002212 0.180499 0.000045
0.023550 0.386990 0.259173 0.146062 0.002204 0.181974 0.000047
0.020598 0.387756 0.259906 0.146554 0.002230 0.182913 0.000043
0.020815 0.386969 0.259749 0.146343 0.002258 0.183824 0.000042
0.022821 0.384910 0.259197 0.145573 0.002246 0.185209 0.000045
0.023223 0.385106 0.258836 0.145732 0.002268 0.184784 0.000051
0.025514 0.383845 0.257711 0.145067 0.002258 0.185556 0.000049
0.022134 0.384154 0.258590 0.145725 0.002289 0.187057 0.000051
0.020718 0.382430 0.259404 0.146265 0.002300 0.188835 0.000048
0.019660 0.382697 0.259871 0.146287 0.002289 0.189153 0.000043
0.017359 0.383063 0.260541 0.146785 0.002293 0.189915 0.000044
0.017049 0.380304 0.261019 0.147202 0.002309 0.192067 0.000050
0.015718 0.378394 0.261962 0.147565 0.002369 0.193942 0.000049
0.016039 0.377617 0.261634 0.147525 0.002368 0.194772 0.000045
0.016955 0.378462 0.260886 0.147093 0.002380 0.194179 0.000046
0.015049 0.375692 0.262015 0.147638 0.002384 0.197175 0.000046
0.013329 0.374559 0.262799 0.148468 0.002366 0.198431 0.000048
0.013220 0.373621 0.263350 0.148280 0.002418 0.199061 0.000050
0.012362 0.370364 0.264311 0.149045 0.002436 0.201430 0.000051
0.012354 0.369333 0.264512 0.149063 0.002427 0.202256 0.000054
0.012332 0.369892 0.263942 0.149036 0.002437 0.202310 0.000051
0.012305 0.368431 0.264290 0.149017 0.002417 0.203490 0.000050
0.011479 0.366950 0.264569 0.149590 0.002498 0.204861 0.000052
0.010837 0.365904 0.265398 0.149334 0.002467 0.206014 0.000047
0.010691 0.363383 0.265655 0.149754 0.002512 0.207954 0.000050
0.010430 0.360861 0.265955 0.150224 0.002525 0.209951 0.000054
0.010165 0.359519 0.266498 0.150267 0.002513 0.210986 0.000051
0.009993 0.359221 0.266261 0.150473 0.002523 0.211475 0.000054
0.010613 0.359018 0.265722 0.150136 0.002551 0.211905 0.000055
0.010190 0.357147 0.266310 0.150493 0.002577 0.213229 0.000054
0.010065 0.354860 0.266780 0.150375 0.002550 0.215318 0.000053
0.009556 0.353435 0.267610 0.150682 0.002586 0.216075 0.000058
0.009575 0.352070 0.267370 0.150641 0.002593 0.217696 0.000054
0.009569 0.352183 0.267126 0.150756 0.002615 0.217697 0.000054
0.009694 0.350893 0.267116 0.150858 0.002620 0.218761 0.000057
0.009390 0.349408 0.267755 0.150815 0.002641 0.219937 0.000055
0.009424 0.347218 0.267943 0.151035 0.002672 0.221648 0.000060
0.009311 0.345145 0.268000 0.151317 0.002665 0.223501 0.000061
0.009283 0.344727 0.267766 0.151311 0.002676 0.224179 0.000059
0.009122 0.342577 0.268454 0.151345 0.002684 0.225758 0.000061
0.009166 0.341565 0.268522 0.151327 0.002700 0.226660 0.000062
0.008925 0.340222 0.268600 0.151698 0.002699 0.227796 0.000060
0.008904 0.339476 0.268665 0.151363 0.002718 0.228812 0.000062
0.008794 0.337892 0.268454 0.152137 0.002739 0.229924 0.000060
0.008762 0.336821 0.269146 0.151843 0.002743 0.230625 0.000059
0.009316 0.338122 0.268005 0.151221 0.002763 0.230513 0.000060
0.008930 0.334105 0.268938 0.152017 0.002794 0.233152 0.000063
0.009148 0.335199 0.268491 0.151703 0.002758 0.232639 0.000062
0.008999 0.332724 0.268753 0.151660 0.002788 0.235019 0.000058
0.008701 0.330676 0.269499 0.152152 0.002859 0.236050 0.000062
0.008816 0.329892 0.269352 0.152112 0.002852 0.236912 0.000064
0.008828 0.328423 0.269437 0.152128 0.002887 0.238233 0.000063
0.008891 0.327229 0.269395 0.152056 0.002843 0.239533 0.000052
0.008939 0.326945 0.269048 0.151886 0.002903 0.240217 0.000063
0.008708 0.324140 0.269515 0.152298 0.002946 0.242328 0.000064
0.008882 0.325537 0.268889 0.152087 0.002919 0.241622 0.000064
0.008585 0.321070 0.270154 0.152669 0.002929 0.244530 0.000065
0.008752 0.320279 0.269825 0.152289 0.002985 0.245803 0.000066
0.008628 0.318693 0.270135 0.152705 0.002947 0.246831 0.000062
0.008804 0.321365 0.269530 0.151940 0.002920 0.245381 0.000060
0.008769 0.317875 0.269782 0.152129 0.002976 0.248402 0.000066
0.008674 0.314981 0.270227 0.152870 0.002969 0.250208 0.000072
0.008708 0.315600 0.270169 0.152419 0.003023 0.250014 0.000067
0.008798 0.314291 0.269965 0.152185 0.003054 0.251642 0.000065
0.008733 0.313737 0.270055 0.152051 0.003062 0.252296 0.000066
0.008790 0.312580 0.270090 0.152323 0.003040 0.253106 0.000071
0.008746 0.311338 0.270241 0.152509 0.003036 0.254063 0.000067
0.008578 0.308754 0.270546 0.152512 0.003077 0.256466 0.000066
0.008639 0.308307 0.270227 0.152467 0.003100 0.257189 0.000071
0.008812 0.309705 0.269790 0.152318 0.003088 0.256228 0.000060
0.008663 0.306779 0.270095 0.152245 0.003099 0.259050 0.000070
0.008602 0.305489 0.270380 0.152328 0.003121 0.260010 0.000069
0.008830 0.306378 0.269833 0.152147 0.003078 0.259665 0.000068
0.008689 0.303224 0.270730 0.152286 0.003110 0.261888 0.000073
0.008730 0.301991 0.270431 0.152373 0.003116 0.263297 0.000062
0.008608 0.298843 0.270770 0.152479 0.003164 0.266061 0.000075
0.008751 0.299864 0.270506 0.152385 0.003118 0.265308 0.000068
0.008737 0.299804 0.270211 0.152013 0.003167 0.265994 0.000075
0.008686 0.297764 0.270491 0.152336 0.003173 0.267480 0.000070
0.008735 0.297395 0.270249 0.152276 0.003180 0.268095 0.000071
0.008761 0.297311 0.270011 0.152088 0.003181 0.268575 0.000074
0.008651 0.295313 0.269972 0.152283 0.003188 0.270523 0.000071
0.008656 0.292533 0.270551 0.152337 0.003220 0.272629 0.000074
0.008712 0.293958 0.270046 0.152195 0.003218 0.271803 0.000068
0.008677 0.291860 0.270010 0.152321 0.003213 0.273845 0.000073
0.008820 0.291394 0.269864 0.152111 0.003242 0.274495 0.000074
0.008734 0.291173 0.269990 0.152243 0.003252 0.274537 0.000071
0.008835 0.289242 0.269758 0.152166 0.003258 0.276665 0.000076
0.008823 0.288313 0.269665 0.152179 0.003274 0.277666 0.000079
0.008746 0.287175 0.269919 0.151990 0.003276 0.278823 0.000071
0.008728 0.285205 0.270058 0.151993 0.003302 0.280636 0.000079
0.008730 0.283678 0.270353 0.152069 0.003323 0.281773 0.000073
0.008782 0.284781 0.269454 0.151735 0.003284 0.281881 0.000082
0.008840 0.283340 0.269802 0.152061 0.003271 0.282612 0.000074
0.008837 0.281989 0.269708 0.152114 0.003309 0.283968 0.000075
0.008824 0.280782 0.269717 0.151830 0.003329 0.285437 0.000082
0.008795 0.278855 0.269939 0.152010 0.003367 0.286959 0.000074
0.008854 0.278211 0.269605 0.151816 0.003335 0.288093 0.000085
0.008838 0.278782 0.269411 0.151810 0.003324 0.287751 0.000083
0.008890 0.277521 0.269210 0.151722 0.003381 0.289192 0.000083
0.008852 0.275076 0.269637 0.151881 0.003338 0.291135 0.000082
0.008968 0.274466 0.269309 0.151477 0.003371 0.292332 0.000077
0.008927 0.274543 0.268977 0.151435 0.003414 0.292621 0.000082
0.008937 0.273891 0.269026 0.151120 0.003407 0.293541 0.000079
0.008899 0.271260 0.269298 0.151429 0.003400 0.295632 0.000082
0.008921 0.272041 0.269004 0.151070 0.003444 0.295438 0.000082
0.008976 0.271096 0.268699 0.151177 0.003430 0.296536 0.000087
0.008912 0.268819 0.268744 0.151529 0.003483 0.298427 0.000086
0.008969 0.268403 0.268288 0.151246 0.003457 0.299552 0.000085
0.008865 0.268024 0.268817 0.151062 0.003448 0.299700 0.000083
0.008906 0.266570 0.268275 0.151283 0.003462 0.301418 0.000085
0.008953 0.265942 0.268070 0.151072 0.003491 0.302390 0.000082
0.009071 0.265999 0.267995 0.151044 0.003476 0.302332 0.000084
0.009004 0.263553 0.267895 0.151195 0.003562 0.304705 0.000087
0.008930 0.263615 0.267776 0.150951 0.003517 0.305123 0.000089
0.009072 0.264504 0.267514 0.150926 0.003558 0.304336 0.000091
0.009080 0.261783 0.267869 0.150633 0.003562 0.306984 0.000089
0.009112 0.261021 0.267094 0.150715 0.003574 0.308396 0.000089
0.009111 0.259067 0.267135 0.150598 0.003586 0.310409 0.000094
0.009175 0.258778 0.266884 0.150769 0.003591 0.310704 0.000100
0.009148 0.257541 0.267330 0.150429 0.003581 0.311881 0.000091
0.009111 0.258369 0.266958 0.150340 0.003556 0.311581 0.000085
0.009132 0.255726 0.266467 0.150437 0.003628 0.314522 0.000089
0.009073 0.254539 0.267087 0.150337 0.003672 0.315204 0.000089
0.009208 0.255923 0.266644 0.150086 0.003631 0.314412 0.000097
0.009130 0.253550 0.266216 0.150337 0.003647 0.317028 0.000092
0.009198 0.251962 0.266586 0.149974 0.003649 0.318535 0.000095
0.009158 0.251647 0.266530 0.150169 0.003655 0.318745 0.000096
0.009199 0.251299 0.265892 0.149715 0.003704 0.320103 0.000088
0.009209 0.248916 0.266295 0.149784 0.003742 0.321957 0.000098
0.009284 0.251003 0.265822 0.149798 0.003717 0.320280 0.000095
0.009292 0.248979 0.265382 0.150024 0.003713 0.322520 0.000090
0.009211 0.247650 0.265548 0.149897 0.003749 0.323850 0.000095
0.009318 0.247082 0.265271 0.149294 0.003755 0.325191 0.000090
0.009264 0.247651 0.265177 0.149484 0.003764 0.324564 0.000095
0.009362 0.246680 0.264949 0.149244 0.003751 0.325919 0.000094
0.009301 0.244137 0.265056 0.149203 0.003810 0.328399 0.000094
0.009306 0.243551 0.265120 0.148980 0.003763 0.329184 0.000095
0.009364 0.242406 0.264876 0.149040 0.003800 0.330418 0.000096
0.009433 0.243010 0.264841 0.148891 0.003755 0.329972 0.000098
0.009398 0.241568 0.264855 0.148811 0.003845 0.331431 0.000092
0.009461 0.241151 0.264659 0.148482 0.003826 0.332326 0.000095
0.009435 0.239272 0.264445 0.148883 0.003917 0.333957 0.000090
0.009477 0.239165 0.263815 0.148786 0.003860 0.334799 0.000098
0.009432 0.238252 0.263940 0.148726 0.003862 0.335693 0.000094
0.009502 0.236866 0.263530 0.148403 0.003862 0.337746 0.000092
0.009524 0.236410 0.263649 0.148378 0.003888 0.338050 0.000101
0.009526 0.236104 0.262904 0.148480 0.003925 0.338959 0.000101
0.009676 0.234552 0.263103 0.148148 0.003914 0.340509 0.000098
0.009646 0.234928 0.263042 0.147979 0.003917 0.340373 0.000116
0.009636 0.231984 0.262713 0.148031 0.003941 0.343588 0.000108
0.009613 0.232599 0.262940 0.147817 0.003923 0.343003 0.000105
0.009664 0.232161 0.262418 0.147954 0.003932 0.343765 0.000106
0.009695 0.231807 0.262277 0.147439 0.003945 0.344726 0.000111
0.009680 0.229996 0.262268 0.147423 0.003931 0.346592 0.000110
0.009702 0.229705 0.262297 0.147436 0.003969 0.346788 0.000103
0.009629 0.228941 0.261947 0.147547 0.004003 0.347833 0.000100
0.009664 0.227912 0.261791 0.147351 0.004038 0.349142 0.000103
0.009722 0.227244 0.261286 0.146979 0.004010 0.350657 0.000103
0.009698 0.226520 0.261390 0.147151 0.003989 0.351147 0.000107
0.009619 0.227194 0.261405 0.147021 0.004029 0.350627 0.000105
0.009765 0.226113 0.261332 0.146993 0.004027 0.351654 0.000115
0.009768 0.224712 0.260870 0.146760 0.004026 0.353760 0.000104
0.009916 0.223636 0.260286 0.146816 0.004067 0.355168 0.000111
0.009826 0.223307 0.260167 0.146437 0.004011 0.356142 0.000110
0.009856 0.222610 0.259930 0.146594 0.004048 0.356842 0.000119
0.009869 0.221692 0.260184 0.146419 0.004065 0.357664 0.000108
0.009929 0.220327 0.259692 0.146285 0.004085 0.359568 0.000114
0.009996 0.220255 0.260008 0.146208 0.004069 0.359350 0.000115
0.009907 0.218632 0.259446 0.145905 0.004079 0.361915 0.000117
0.009911 0.219045 0.259813 0.146086 0.004108 0.360921 0.000115
0.010011 0.217685 0.259342 0.145765 0.004133 0.362949 0.000115
0.010037 0.217651 0.258921 0.146083 0.004160 0.363030 0.000118
0.010069 0.217422 0.258762 0.145475 0.004104 0.364049 0.000120
0.010055 0.215973 0.258400 0.145669 0.004120 0.365665 0.000117
0.010159 0.215945 0.258250 0.145384 0.004119 0.366021 0.000122
0.010148 0.214140 0.257671 0.145082 0.004102 0.368723 0.000133
0.010035 0.214254 0.257938 0.145265 0.004179 0.368214 0.000115
0.010134 0.212999 0.257340 0.145135 0.004179 0.370094 0.000121
0.010077 0.212556 0.257540 0.144954 0.004238 0.370516 0.000118
0.010214 0.211992 0.256933 0.144920 0.004222 0.371595 0.000124
0.010151 0.211409 0.257110 0.144638 0.004196 0.372373 0.000123
0.010222 0.210678 0.256624 0.144696 0.004196 0.373466 0.000119
0.010206 0.210358 0.256927 0.144510 0.004210 0.373662 0.000127
0.010233 0.209908 0.256283 0.144322 0.004226 0.374895 0.000133
0.010272 0.208575 0.256602 0.144046 0.004170 0.376210 0.000125
0.010383 0.208124 0.255799 0.143975 0.004235 0.377359 0.000123
0.010415 0.206773 0.255585 0.143687 0.004259 0.379149 0.000131
0.010348 0.207306 0.255502 0.143854 0.004250 0.378611 0.000129
0.010416 0.206548 0.255124 0.143531 0.004246 0.380007 0.000128
0.010539 0.206579 0.255058 0.143721 0.004246 0.379723 0.000135
0.010388 0.204964 0.254823 0.143412 0.004298 0.381983 0.000132
0.010410 0.203971 0.254961 0.143272 0.004299 0.382953 0.000135
0.010465 0.203398 0.254415 0.143414 0.004285 0.383893 0.000130
0.010582 0.202093 0.253859 0.143215 0.004322 0.385796 0.000132
0.010568 0.202552 0.253810 0.143116 0.004321 0.385493 0.000140
0.010491 0.201885 0.254007 0.143005 0.004294 0.386182 0.000136
0.010623 0.200925 0.253495 0.142661 0.004331 0.387822 0.000142
0.010572 0.200776 0.253690 0.142650 0.004356 0.387824 0.000132
0.010690 0.200244 0.253418 0.142715 0.004355 0.388442 0.000136
0.010597 0.199271 0.252976 0.142796 0.004371 0.389853 0.000137
0.010763 0.199056 0.252690 0.142012 0.004341 0.390998 0.000140
0.010703 0.198379 0.253003 0.142074 0.004335 0.391372 0.000133
0.010798 0.197628 0.252602 0.142025 0.004386 0.392422 0.000138
0.010804 0.195705 0.252018 0.141802 0.004377 0.395153 0.000141
0.010834 0.196671 0.251706 0.141790 0.004370 0.394479 0.000150
0.010809 0.195386 0.251368 0.141881 0.004385 0.396031 0.000141
0.010916 0.194996 0.251273 0.141563 0.004441 0.396671 0.000140
0.010911 0.193743 0.251238 0.141537 0.004461 0.397963 0.000146
0.010957 0.193415 0.250956 0.141224 0.004433 0.398864 0.000150
0.010901 0.192310 0.251189 0.141199 0.004466 0.399792 0.000142
0.010971 0.192462 0.250538 0.141269 0.004439 0.400181 0.000140
0.011039 0.192238 0.250485 0.141005 0.004436 0.400652 0.000145
0.011004 0.190995 0.250187 0.140675 0.004519 0.402466 0.000153
0.010981 0.191622 0.250168 0.140646 0.004478 0.401964 0.000141
0.011150 0.190933 0.249360 0.140661 0.004477 0.403272 0.000147
0.011099 0.189789 0.249517 0.140555 0.004517 0.404379 0.000143
0.011153 0.188440 0.248729 0.140159 0.004436 0.406926 0.000157
0.011167 0.188489 0.249006 0.139942 0.004512 0.406738 0.000146
0.011187 0.187811 0.248552 0.139990 0.004463 0.407843 0.000154
0.011254 0.187560 0.248529 0.139599 0.004516 0.408387 0.000156
0.011292 0.185927 0.247963 0.139653 0.004503 0.410511 0.000152
0.011350 0.185660 0.247632 0.139647 0.004551 0.411016 0.000143
0.011442 0.184950 0.247500 0.139202 0.004521 0.412231 0.000153
0.011418 0.184396 0.247146 0.139466 0.004586 0.412841 0.000147
0.011420 0.184438 0.247047 0.139302 0.004526 0.413117 0.000150
0.011500 0.183055 0.246704 0.139213 0.004527 0.414840 0.000161
0.011459 0.183120 0.246890 0.139127 0.004517 0.414734 0.000152
0.011436 0.183096 0.246666 0.138700 0.004569 0.415372 0.000161
0.011562 0.182285 0.246249 0.138693 0.004613 0.416449 0.000149
0.011579 0.181376 0.245942 0.138538 0.004601 0.417803 0.000162
0.011491 0.180542 0.245472 0.138491 0.004610 0.419233 0.000161
0.011511 0.180661 0.245221 0.138007 0.004581 0.419853 0.000167
0.011596 0.180600 0.245298 0.138183 0.004565 0.419598 0.000161
0.011716 0.179820 0.244855 0.138179 0.004622 0.420642 0.000166
0.011728 0.179160 0.244698 0.137702 0.004565 0.421984 0.000163
0.011809 0.178101 0.244117 0.137494 0.004603 0.423711 0.000165
0.011909 0.177456 0.243919 0.137459 0.004676 0.424415 0.000166
0.011825 0.177278 0.243840 0.137258 0.004631 0.424996 0.000173
0.011900 0.176214 0.243275 0.137415 0.004655 0.426377 0.000165
0.011859 0.176667 0.243533 0.137040 0.004684 0.426042 0.000176
0.011996 0.175896 0.243359 0.137098 0.004693 0.426793 0.000165
0.012006 0.174927 0.243063 0.136650 0.004637 0.428535 0.000182
0.012087 0.174965 0.242452 0.136696 0.004655 0.428982 0.000164
0.012072 0.174126 0.242357 0.136597 0.004678 0.429988 0.000183
0.012087 0.173947 0.242072 0.136533 0.004680 0.430509 0.000172
0.012197 0.173055 0.241892 0.136561 0.004702 0.431420 0.000172
0.012165 0.172488 0.241221 0.135973 0.004715 0.433266 0.000172
0.012250 0.172105 0.240949 0.136192 0.004715 0.433611 0.000177
0.012258 0.171189 0.240538 0.135897 0.004699 0.435244 0.000175
0.012215 0.171379 0.240800 0.135946 0.004683 0.434807 0.000171
0.012239 0.170923 0.240263 0.135584 0.004660 0.436155 0.000175
0.012314 0.169840 0.240044 0.135420 0.004746 0.437455 0.000181
0.012356 0.170483 0.240320 0.135233 0.004704 0.436728 0.000175
0.012364 0.169400 0.239061 0.134931 0.004743 0.439324 0.000178
0.012417 0.169107 0.239633 0.134967 0.004767 0.438928 0.000181
0.012364 0.168562 0.239165 0.135065 0.004759 0.439901 0.000185
0.012536 0.166679 0.238617 0.134509 0.004767 0.442702 0.000190
0.012612 0.167091 0.238055 0.134512 0.004781 0.442763 0.000185
0.012535 0.166608 0.238490 0.134624 0.004767 0.442783 0.000193
0.012558 0.167040 0.238013 0.134466 0.004684 0.443051 0.000187
0.012672 0.166204 0.237540 0.134112 0.004723 0.444561 0.000189
0.012681 0.164969 0.237151 0.133784 0.004781 0.446456 0.000177
0.012744 0.165356 0.237199 0.133682 0.004753 0.446071 0.000195
0.012787 0.164452 0.236640 0.133459 0.004813 0.447651 0.000200
0.012827 0.164331 0.236583 0.133450 0.004775 0.447841 0.000193
0.012837 0.163576 0.236139 0.133279 0.004770 0.449205 0.000194
0.012896 0.163745 0.235609 0.133109 0.004818 0.449626 0.000197
0.012953 0.163258 0.235759 0.133183 0.004843 0.449802 0.000203
0.012896 0.161891 0.235310 0.133034 0.004840 0.451834 0.000195
0.012865 0.162109 0.235251 0.132762 0.004874 0.451941 0.000199
0.012985 0.160445 0.234955 0.132339 0.004849 0.454221 0.000206
0.012959 0.160660 0.234851 0.132310 0.004866 0.454162 0.000191
0.013050 0.160871 0.234069 0.132587 0.004841 0.454379 0.000202
0.012864 0.160712 0.234441 0.132222 0.004840 0.454728 0.000194
0.013014 0.160368 0.234046 0.132124 0.004865 0.455379 0.000204
0.013096 0.159753 0.234067 0.131986 0.004909 0.455991 0.000198
0.013244 0.159039 0.233553 0.131689 0.004861 0.457408 0.000206
0.013227 0.158787 0.233358 0.131579 0.004884 0.457955 0.000210
0.013275 0.158002 0.233034 0.131497 0.004903 0.459100 0.000189
0.013272 0.157228 0.232892 0.130829 0.004965 0.460603 0.000210
0.013408 0.156889 0.232587 0.131074 0.004914 0.460924 0.000204
0.013426 0.157199 0.232049 0.131028 0.004882 0.461199 0.000216
0.013491 0.156231 0.232252 0.130957 0.004887 0.461955 0.000226
0.013367 0.155716 0.231982 0.130607 0.004927 0.463189 0.000212
0.013363 0.155738 0.231772 0.130600 0.004935 0.463383 0.000208
0.013440 0.155003 0.231193 0.130230 0.004927 0.464991 0.000215
0.013527 0.153930 0.230406 0.130378 0.004958 0.466598 0.000202
0.013653 0.154152 0.230818 0.130313 0.004990 0.465861 0.000213
0.013678 0.153437 0.230545 0.129783 0.005006 0.467343 0.000208
0.013561 0.152748 0.229735 0.129646 0.004980 0.469123 0.000208
0.013668 0.153331 0.229884 0.129649 0.004970 0.468273 0.000224
0.013610 0.152965 0.229367 0.129687 0.004975 0.469186 0.000209
0.013706 0.151869 0.229716 0.129161 0.004993 0.470333 0.000222
0.013683 0.152009 0.228939 0.128989 0.004943 0.471224 0.000212
0.013753 0.151256 0.228153 0.128914 0.004962 0.472747 0.000215
0.013701 0.151636 0.228359 0.129096 0.005001 0.471999 0.000208
0.013787 0.151262 0.228016 0.128959 0.005006 0.472754 0.000216
0.013850 0.150656 0.227984 0.128519 0.004969 0.473812 0.000210
0.013891 0.149729 0.227422 0.128082 0.004980 0.475663 0.000233
0.013806 0.149532 0.226876 0.128083 0.004992 0.476493 0.000218
0.013959 0.149161 0.227108 0.127937 0.004997 0.476634 0.000204
0.013962 0.149416 0.227149 0.127960 0.005022 0.476276 0.000216
0.014034 0.147950 0.226059 0.127240 0.005022 0.479476 0.000220
0.014051 0.147907 0.225865 0.127703 0.005075 0.479183 0.000215
0.013979 0.147828 0.226219 0.127401 0.005101 0.479249 0.000222
0.014039 0.147198 0.225721 0.127240 0.005025 0.480561 0.000217
0.014138 0.146742 0.224786 0.127235 0.005082 0.481800 0.000217
0.014256 0.146408 0.224737 0.126666 0.005100 0.482611 0.000223
0.014303 0.146360 0.224701 0.126764 0.005086 0.482552 0.000234
0.014328 0.145452 0.224475 0.126322 0.005040 0.484159 0.000223
0.014375 0.144567 0.223558 0.126322 0.005126 0.485827 0.000225
0.014398 0.145568 0.224295 0.126035 0.005062 0.484425 0.000217
0.014484 0.144192 0.223433 0.125907 0.005040 0.486719 0.000225
0.014472 0.144667 0.223325 0.125943 0.005117 0.486249 0.000227
0.014418 0.143506 0.223113 0.125395 0.005056 0.488270 0.000241
0.014517 0.143849 0.223007 0.125471 0.005101 0.487827 0.000227
0.014587 0.143964 0.222629 0.125695 0.005060 0.487844 0.000223
0.014523 0.143422 0.222944 0.125288 0.005085 0.488505 0.000234
0.014580 0.142693 0.222309 0.125142 0.005048 0.490002 0.000225
0.014639 0.141855 0.221308 0.124869 0.005120 0.491985 0.000225
0.014534 0.141632 0.221430 0.124620 0.005121 0.492419 0.000244
0.014707 0.141273 0.220669 0.124537 0.005118 0.493465 0.000232
0.014701 0.141631 0.221294 0.124389 0.005171 0.492581 0.000233
0.014855 0.140317 0.220411 0.124221 0.005096 0.494861 0.000240
0.014868 0.140597 0.220248 0.123845 0.005095 0.495117 0.000230
0.014890 0.139964 0.220008 0.124019 0.005098 0.495774 0.000247
0.014824 0.140342 0.220290 0.124063 0.005087 0.495144 0.000249
0.015025 0.139544 0.219380 0.123707 0.005147 0.496953 0.000244
0.015032 0.139441 0.219670 0.123437 0.005160 0.497015 0.000246
0.015032 0.138834 0.219067 0.123479 0.005135 0.498223 0.000230
0.014890 0.138364 0.218641 0.123108 0.005129 0.499633 0.000235
0.015044 0.137812 0.218482 0.123006 0.005119 0.500295 0.000240
0.015158 0.137702 0.217705 0.122743 0.005137 0.501305 0.000252
0.015160 0.137193 0.217437 0.122882 0.005141 0.501943 0.000245
0.015146 0.138187 0.217805 0.122651 0.005144 0.500826 0.000241
0.015206 0.136798 0.217414 0.122700 0.005175 0.502453 0.000255
0.015200 0.136394 0.217188 0.122390 0.005183 0.503391 0.000254
0.015366 0.136395 0.217098 0.122128 0.005225 0.503532 0.000257
0.015490 0.135464 0.216185 0.121841 0.005261 0.505509 0.000249
0.015504 0.135540 0.215716 0.121846 0.005076 0.506070 0.000249
0.015553 0.135243 0.215815 0.121653 0.005157 0.506325 0.000253
0.015492 0.135105 0.216101 0.121665 0.005161 0.506229 0.000247
0.015543 0.134416 0.215351 0.121638 0.005191 0.507606 0.000255
0.015566 0.134553 0.215285 0.121494 0.005178 0.507672 0.000253
0.015693 0.133601 0.214944 0.120893 0.005165 0.509447 0.000258
