0.973915 0.025489 0.000383 0.000209 0.000000 0.000004 0.000000
0.949071 0.049663 0.000806 0.000444 0.000000 0.000017 0.000000
0.941385 0.057121 0.000954 0.000525 0.000000 0.000015 0.000000
0.933653 0.064599 0.001126 0.000604 0.000000 0.000018 0.000000
0.926842 0.071206 0.001245 0.000681 0.000000 0.000026 0.000000
0.917227 0.080548 0.001419 0.000774 0.000000 0.000033 0.000000
0.907037 0.090439 0.001592 0.000892 0.000000 0.000039 0.000000
0.897992 0.099209 0.001768 0.000992 0.000000 0.000039 0.000000
0.885347 0.111419 0.002062 0.001127 0.000000 0.000045 0.000000
0.874051 0.122283 0.002317 0.001290 0.000000 0.000059 0.000000
0.862188 0.133722 0.002582 0.001437 0.000000 0.000070 0.000000
0.849299 0.146191 0.002839 0.001585 0.000000 0.000085 0.000000
0.835911 0.159044 0.003169 0.001774 0.000000 0.000102 0.000000
0.822572 0.171851 0.003483 0.001980 0.000000 0.000113 0.000000
0.807099 0.186746 0.003833 0.002188 0.000000 0.000134 0.000000
0.792571 0.200665 0.004208 0.002402 0.000001 0.000152 0.000000
0.778552 0.214105 0.004568 0.002613 0.000002 0.000160 0.000000
0.763265 0.228702 0.004990 0.002866 0.000002 0.000175 0.000000
0.747083 0.244105 0.005457 0.003166 0.000002 0.000186 0.000000
0.734411 0.256168 0.005840 0.003375 0.000002 0.000204 0.000000
0.717865 0.271900 0.006355 0.003637 0.000002 0.000240 0.000001
0.703083 0.285909 0.006864 0.003879 0.000002 0.000262 0.000001
0.687287 0.300785 0.007428 0.004206 0.000002 0.000292 0.000001
0.671869 0.315348 0.007957 0.004498 0.000002 0.000325 0.000001
0.657247 0.329083 0.008475 0.004845 0.000003 0.000347 0.000001
0.641091 0.344156 0.009134 0.005243 0.000004 0.000371 0.000001
0.627271 0.356984 0.009731 0.005608 0.000006 0.000399 0.000001
0.611740 0.371434 0.010381 0.006005 0.000006 0.000432 0.000001
0.598439 0.383822 0.010920 0.006331 0.000007 0.000479 0.000001
0.583580 0.397529 0.011664 0.006719 0.000006 0.000500 0.000001
0.571147 0.408950 0.012297 0.007070 0.000008 0.000528 0.000001
0.558249 0.420754 0.012949 0.007473 0.000008 0.000565 0.000001
0.543758 0.434062 0.013684 0.007874 0.000009 0.000613 0.000001
0.530445 0.446103 0.014490 0.008302 0.000010 0.000648 0.000001
0.518235 0.457163 0.015192 0.008704 0.000010 0.000696 0.000001
0.504713 0.469282 0.016042 0.009199 0.000011 0.000751 0.000001
0.495153 0.477740 0.016717 0.009576 0.000010 0.000803 0.000001
0.479884 0.491404 0.017683 0.010156 0.000010 0.000862 0.000001
0.470721 0.499507 0.018317 0.010534 0.000011 0.000910 0.000001
0.459413 0.509453 0.019152 0.010983 0.000011 0.000987 0.000001
0.450260 0.517281 0.019937 0.011469 0.000011 0.001041 0.000001
0.439119 0.526938 0.020892 0.011942 0.000012 0.001097 0.000001
0.427061 0.537280 0.021919 0.012547 0.000012 0.001181 0.000001
0.416093 0.546613 0.022887 0.013137 0.000012 0.001257 0.000001
0.407343 0.553907 0.023767 0.013630 0.000012 0.001341 0.000000
0.399849 0.559958 0.024666 0.014088 0.000014 0.001424 0.000001
0.389049 0.569098 0.025670 0.014648 0.000016 0.001518 0.000001
0.382460 0.574242 0.026545 0.015133 0.000016 0.001604 0.000001
0.372480 0.582415 0.027682 0.015718 0.000017 0.001688 0.000001
0.366031 0.587352 0.028534 0.016274 0.000020 0.001789 0.000001
0.355323 0.596153 0.029701 0.016932 0.000022 0.001868 0.000001
0.348016 0.601813 0.030700 0.017457 0.000021 0.001992 0.000000
0.342068 0.605973 0.031704 0.018105 0.000022 0.002128 0.000001
0.334601 0.611548 0.032848 0.018722 0.000025 0.002255 0.000000
0.327471 0.616925 0.033929 0.019274 0.000030 0.002370 0.000001
0.319844 0.622492 0.035130 0.019999 0.000030 0.002505 0.000000
0.317557 0.623554 0.035833 0.020395 0.000036 0.002625 0.000000
0.308253 0.630482 0.037297 0.021162 0.000036 0.002769 0.000000
0.304277 0.632950 0.038192 0.021620 0.000038 0.002923 0.000001
0.297090 0.638058 0.039403 0.022329 0.000038 0.003081 0.000001
0.289120 0.643588 0.040803 0.023196 0.000040 0.003251 0.000000
0.285705 0.645526 0.041671 0.023694 0.000039 0.003365 0.000001
0.283363 0.646454 0.042467 0.024188 0.000040 0.003487 0.000000
0.274288 0.652800 0.044066 0.025088 0.000043 0.003716 0.000000
0.271837 0.653475 0.045101 0.025679 0.000046 0.003861 0.000001
0.262596 0.660282 0.046587 0.026435 0.000049 0.004051 0.000000
0.260851 0.660261 0.047517 0.027067 0.000050 0.004253 0.000001
0.250941 0.667580 0.049047 0.027928 0.000056 0.004448 0.000000
0.249408 0.667434 0.049991 0.028459 0.000054 0.004652 0.000001
0.247458 0.667812 0.050953 0.028919 0.000057 0.004800 0.000000
0.237637 0.674317 0.052876 0.030012 0.000059 0.005099 0.000001
0.235976 0.673809 0.054036 0.030792 0.000062 0.005324 0.000000
0.226870 0.679698 0.055921 0.031830 0.000065 0.005616 0.000000
0.226860 0.678982 0.056387 0.031997 0.000066 0.005707 0.000001
0.219792 0.683094 0.057978 0.033048 0.000068 0.006020 0.000001
0.212888 0.686502 0.059971 0.034196 0.000067 0.006376 0.000000
0.209883 0.687372 0.061120 0.034919 0.000074 0.006631 0.000000
0.204163 0.690815 0.062490 0.035619 0.000073 0.006839 0.000001
0.200093 0.692197 0.063986 0.036464 0.000085 0.007175 0.000001
0.197076 0.692860 0.065412 0.037135 0.000086 0.007429 0.000000
0.192252 0.694953 0.066849 0.038098 0.000086 0.007761 0.000001
0.188547 0.695872 0.068462 0.038964 0.000087 0.008069 0.000000
0.183583 0.698139 0.069977 0.039838 0.000091 0.008371 0.000001
0.178486 0.700337 0.071631 0.040745 0.000094 0.008706 0.000000
0.178657 0.698456 0.072561 0.041249 0.000098 0.008978 0.000000
0.174319 0.700086 0.074120 0.042106 0.000102 0.009267 0.000000
0.168819 0.702061 0.076082 0.043234 0.000107 0.009696 0.000000
0.165851 0.703198 0.077065 0.043795 0.000116 0.009975 0.000001
0.166037 0.700702 0.078348 0.044433 0.000119 0.010360 0.000000
0.161597 0.701573 0.080306 0.045608 0.000121 0.010794 0.000000
0.154008 0.705792 0.082212 0.046699 0.000137 0.011151 0.000000
0.156373 0.701950 0.082958 0.047137 0.000140 0.011442 0.000000
0.157797 0.699242 0.083597 0.047575 0.000142 0.011647 0.000001
0.148771 0.703428 0.086306 0.049110 0.000144 0.012240 0.000001
0.147584 0.702717 0.087263 0.049713 0.000151 0.012572 0.000001
0.139881 0.705602 0.089960 0.051204 0.000160 0.013192 0.000001
0.143782 0.700703 0.090438 0.051473 0.000159 0.013444 0.000001
0.142835 0.699305 0.091661 0.052206 0.000165 0.013829 0.000000
0.136793 0.701742 0.093692 0.053321 0.000169 0.014282 0.000000
0.135469 0.700891 0.094818 0.053920 0.000175 0.014726 0.000000
0.133539 0.700616 0.096090 0.054539 0.000171 0.015046 0.000000
0.129443 0.699987 0.098510 0.056099 0.000185 0.015776 0.000001
0.126593 0.701292 0.099344 0.056620 0.000190 0.015960 0.000001
0.129016 0.696800 0.100474 0.057157 0.000197 0.016356 0.000000
0.128267 0.695166 0.101709 0.057855 0.000202 0.016801 0.000000
0.125020 0.695285 0.103420 0.058696 0.000204 0.017374 0.000001
0.126685 0.692273 0.104026 0.059140 0.000209 0.017668 0.000001
0.120628 0.693960 0.106436 0.060372 0.000217 0.018386 0.000001
0.119105 0.693079 0.107602 0.061154 0.000222 0.018838 0.000000
0.117991 0.693402 0.107824 0.061463 0.000227 0.019093 0.000000
0.114007 0.694264 0.109535 0.062319 0.000228 0.019647 0.000000
0.114129 0.691047 0.111102 0.063261 0.000242 0.020219 0.000001
0.106914 0.693592 0.113561 0.064720 0.000245 0.020969 0.000001
0.105785 0.692556 0.114753 0.065223 0.000250 0.021433 0.000000
0.102020 0.692569 0.116703 0.066368 0.000253 0.022087 0.000000
0.099772 0.692033 0.118165 0.067247 0.000259 0.022524 0.000001
0.099383 0.690234 0.119078 0.067969 0.000276 0.023059 0.000001
0.092452 0.692719 0.121486 0.069282 0.000292 0.023769 0.000001
0.091283 0.690833 0.122983 0.070169 0.000293 0.024437 0.000001
0.087551 0.690966 0.124765 0.071196 0.000314 0.025208 0.000001
0.086759 0.691341 0.125085 0.071231 0.000305 0.025278 0.000001
0.085377 0.689183 0.126707 0.072295 0.000314 0.026123 0.000001
0.082808 0.688974 0.128078 0.073170 0.000323 0.026646 0.000001
0.079391 0.687618 0.130544 0.074640 0.000333 0.027472 0.000001
0.078263 0.687710 0.131024 0.074814 0.000328 0.027860 0.000001
0.076875 0.685450 0.132947 0.075815 0.000336 0.028576 0.000001
0.073401 0.684606 0.135230 0.077018 0.000347 0.029396 0.000002
0.073889 0.682189 0.136156 0.077598 0.000355 0.029812 0.000001
0.068954 0.681659 0.139037 0.079063 0.000359 0.030926 0.000001
0.071918 0.677592 0.139481 0.079405 0.000369 0.031233 0.000002
0.068112 0.678374 0.140918 0.080295 0.000379 0.031921 0.000002
0.069443 0.675138 0.141748 0.080835 0.000394 0.032439 0.000004
0.068403 0.673173 0.143211 0.081640 0.000398 0.033172 0.000003
0.065995 0.672489 0.144876 0.082350 0.000394 0.033894 0.000002
0.067142 0.667629 0.146683 0.083406 0.000415 0.034723 0.000002
0.067816 0.666962 0.146494 0.083349 0.000428 0.034946 0.000004
0.063977 0.666491 0.148661 0.084621 0.000436 0.035811 0.000004
0.064673 0.661683 0.150641 0.085652 0.000446 0.036904 0.000002
0.064772 0.659520 0.151642 0.086140 0.000445 0.037477 0.000004
0.067667 0.656201 0.151691 0.086302 0.000457 0.037679 0.000002
0.065791 0.654349 0.153337 0.087264 0.000470 0.038785 0.000003
0.063453 0.653170 0.155176 0.088162 0.000479 0.039558 0.000003
0.061966 0.652653 0.156092 0.088713 0.000488 0.040086 0.000002
0.064532 0.649478 0.156215 0.088842 0.000506 0.040423 0.000003
0.060711 0.647363 0.159358 0.090339 0.000511 0.041714 0.000003
0.066753 0.642389 0.158480 0.089950 0.000502 0.041922 0.000003
0.069318 0.639219 0.158703 0.090087 0.000514 0.042155 0.000004
0.062456 0.640962 0.161151 0.091576 0.000527 0.043324 0.000004
0.063270 0.639318 0.161449 0.091646 0.000545 0.043769 0.000004
0.062915 0.637836 0.162290 0.092032 0.000550 0.044373 0.000004
0.059233 0.636435 0.164688 0.093437 0.000566 0.045639 0.000003
0.058957 0.635274 0.165348 0.093803 0.000566 0.046048 0.000004
0.056093 0.633888 0.167293 0.094908 0.000584 0.047231 0.000003
0.062620 0.628754 0.166285 0.094380 0.000590 0.047366 0.000004
0.059249 0.629333 0.167723 0.095164 0.000594 0.047933 0.000004
0.054357 0.630121 0.169825 0.096199 0.000607 0.048888 0.000004
0.053704 0.625915 0.171946 0.097610 0.000625 0.050194 0.000005
0.051337 0.625948 0.173002 0.098149 0.000628 0.050932 0.000005
0.055452 0.622892 0.172465 0.097657 0.000640 0.050891 0.000004
0.048480 0.623496 0.175593 0.099304 0.000647 0.052475 0.000004
0.049143 0.620865 0.176175 0.099992 0.000662 0.053159 0.000004
0.050438 0.618978 0.176438 0.099955 0.000676 0.053512 0.000004
0.047660 0.618977 0.177591 0.100651 0.000687 0.054430 0.000003
0.046389 0.615976 0.179714 0.101628 0.000705 0.055582 0.000005
0.041243 0.618394 0.180903 0.102670 0.000701 0.056083 0.000005
0.043158 0.613926 0.181936 0.103100 0.000724 0.057150 0.000006
0.041637 0.612464 0.183191 0.103932 0.000724 0.058048 0.000004
0.041368 0.610736 0.183960 0.104176 0.000735 0.059021 0.000005
0.040512 0.608823 0.185352 0.104965 0.000757 0.059585 0.000005
0.038023 0.606540 0.187239 0.106232 0.000780 0.061180 0.000006
0.037225 0.605551 0.188078 0.106541 0.000775 0.061824 0.000006
0.035259 0.602906 0.190287 0.107796 0.000778 0.062967 0.000007
0.035027 0.603653 0.189724 0.107706 0.000801 0.063084 0.000005
0.034713 0.600369 0.191328 0.108514 0.000816 0.064255 0.000005
0.032882 0.598207 0.193173 0.109352 0.000835 0.065546 0.000005
0.031276 0.597765 0.193977 0.110010 0.000823 0.066144 0.000006
0.031485 0.595753 0.194697 0.110356 0.000821 0.066882 0.000005
0.033774 0.591946 0.195258 0.110628 0.000846 0.067542 0.000006
0.034267 0.589276 0.196104 0.110962 0.000852 0.068534 0.000007
0.033954 0.587758 0.196784 0.111470 0.000853 0.069174 0.000006
0.031498 0.586260 0.198226 0.112567 0.000883 0.070559 0.000006
0.031530 0.583054 0.199833 0.112982 0.000919 0.071676 0.000006
0.031656 0.582256 0.199910 0.113144 0.000910 0.072118 0.000005
0.033145 0.578741 0.200548 0.113722 0.000939 0.072898 0.000006
0.031357 0.577455 0.202239 0.114291 0.000933 0.073717 0.000008
0.027417 0.575313 0.204864 0.115885 0.000936 0.075580 0.000005
0.030514 0.574135 0.203579 0.115360 0.000930 0.075478 0.000005
0.032269 0.569867 0.204617 0.115813 0.000961 0.076467 0.000006
0.031226 0.568776 0.205411 0.116434 0.000982 0.077166 0.000006
0.028401 0.567967 0.206884 0.117085 0.000994 0.078662 0.000007
0.028432 0.564678 0.208345 0.117668 0.001011 0.079861 0.000005
0.027795 0.564184 0.208532 0.117959 0.001028 0.080498 0.000005
0.026658 0.563233 0.209268 0.118588 0.001027 0.081220 0.000006
0.026599 0.561227 0.210083 0.119016 0.001043 0.082026 0.000006
0.026333 0.560331 0.210438 0.119230 0.001042 0.082617 0.000008
0.025037 0.557162 0.212328 0.120203 0.001072 0.084192 0.000006
0.024979 0.555479 0.213010 0.120687 0.001069 0.084771 0.000006
0.023200 0.554634 0.213952 0.121210 0.001088 0.085909 0.000008
0.022504 0.552938 0.214913 0.121752 0.001093 0.086795 0.000006
0.022067 0.551316 0.215873 0.122095 0.001111 0.087531 0.000007
0.021200 0.548617 0.216916 0.123019 0.001114 0.089127 0.000007
0.020524 0.546329 0.218116 0.123556 0.001142 0.090326 0.000006
0.020108 0.545205 0.218746 0.123801 0.001157 0.090977 0.000006
0.020049 0.543419 0.219382 0.124229 0.001170 0.091744 0.000006
0.019503 0.540426 0.220671 0.124842 0.001185 0.093366 0.000007
0.018947 0.539613 0.221355 0.125154 0.001180 0.093745 0.000006
0.018995 0.538171 0.221607 0.125440 0.001201 0.094580 0.000006
0.018520 0.536992 0.222380 0.125537 0.001200 0.095365 0.000006
0.017673 0.534036 0.223925 0.126421 0.001204 0.096736 0.000006
0.017444 0.531584 0.224836 0.126925 0.001218 0.097986 0.000007
0.017177 0.530558 0.225275 0.127295 0.001226 0.098462 0.000006
0.017368 0.530395 0.224931 0.127149 0.001236 0.098915 0.000006
0.016734 0.525950 0.227096 0.128348 0.001250 0.100616 0.000006
0.017149 0.523934 0.227331 0.128703 0.001259 0.101617 0.000007
0.019286 0.520326 0.227678 0.128762 0.001287 0.102655 0.000006
0.020138 0.519055 0.227791 0.128724 0.001275 0.103011 0.000006
0.023175 0.514878 0.227906 0.128721 0.001286 0.104027 0.000007
0.022173 0.513260 0.228974 0.129275 0.001298 0.105012 0.000008
0.021440 0.512349 0.229475 0.129518 0.001293 0.105919 0.000007
0.021500 0.511719 0.229318 0.129577 0.001329 0.106549 0.000007
0.022606 0.508222 0.230141 0.130056 0.001328 0.107639 0.000008
0.021379 0.505383 0.231570 0.130902 0.001369 0.109389 0.000008
0.022374 0.504742 0.231250 0.130633 0.001380 0.109612 0.000009
0.021969 0.501850 0.232254 0.131421 0.001372 0.111125 0.000009
0.021132 0.501075 0.232956 0.131397 0.001418 0.112013 0.000009
0.021765 0.498135 0.233544 0.131986 0.001420 0.113140 0.000011
0.021352 0.497624 0.233651 0.132179 0.001422 0.113762 0.000010
0.021097 0.497019 0.233870 0.132227 0.001433 0.114345 0.000009
0.022149 0.495295 0.233830 0.132270 0.001440 0.115005 0.000011
0.022118 0.491815 0.235069 0.132876 0.001443 0.116667 0.000011
0.023540 0.490037 0.234866 0.132838 0.001467 0.117238 0.000014
0.024239 0.486244 0.235905 0.133429 0.001468 0.118703 0.000012
0.023410 0.485675 0.236238 0.133905 0.001470 0.119290 0.000012
0.027128 0.482244 0.235756 0.133445 0.001515 0.119900 0.000012
0.023486 0.482162 0.237297 0.134386 0.001512 0.121143 0.000013
0.025163 0.479785 0.237256 0.134321 0.001505 0.121956 0.000015
0.025080 0.477466 0.237938 0.134694 0.001534 0.123271 0.000016
0.025348 0.477909 0.237442 0.134397 0.001536 0.123351 0.000017
0.024248 0.476172 0.238306 0.135018 0.001551 0.124689 0.000017
0.023009 0.475305 0.239041 0.135342 0.001578 0.125709 0.000017
0.022393 0.473346 0.240020 0.135841 0.001595 0.126787 0.000018
0.022999 0.470831 0.240379 0.136031 0.001603 0.128138 0.000018
0.021918 0.470332 0.241050 0.136208 0.001602 0.128873 0.000017
0.022003 0.468319 0.241621 0.136420 0.001608 0.130010 0.000018
0.021627 0.467665 0.241450 0.136646 0.001624 0.130969 0.000018
0.022428 0.465255 0.241823 0.136874 0.001633 0.131971 0.000016
0.022269 0.463849 0.242294 0.136901 0.001650 0.133017 0.000020
0.020559 0.463016 0.243279 0.137361 0.001681 0.134080 0.000023
0.020325 0.460545 0.243945 0.137945 0.001695 0.135528 0.000018
0.018736 0.459148 0.244913 0.138470 0.001713 0.137002 0.000018
0.019650 0.458486 0.244611 0.138353 0.001732 0.137147 0.000021
0.019535 0.457687 0.244895 0.138255 0.001718 0.137889 0.000021
0.017417 0.455798 0.246165 0.139261 0.001738 0.139600 0.000021
0.017723 0.454658 0.246470 0.139175 0.001741 0.140209 0.000024
0.017455 0.452223 0.246896 0.139684 0.001770 0.141949 0.000023
0.016386 0.450392 0.247906 0.140355 0.001792 0.143145 0.000024
0.016044 0.449846 0.248019 0.140529 0.001757 0.143782 0.000024
0.015660 0.446698 0.248987 0.141108 0.001841 0.145682 0.000023
0.016105 0.447151 0.248690 0.140880 0.001794 0.145355 0.000024
0.014866 0.444136 0.249988 0.141517 0.001804 0.147666 0.000024
0.014873 0.443145 0.249944 0.141787 0.001841 0.148385 0.000025
0.014069 0.440979 0.250957 0.142195 0.001860 0.149915 0.000025
0.014256 0.438300 0.251689 0.142420 0.001856 0.151455 0.000024
0.013841 0.437937 0.251622 0.142730 0.001872 0.151971 0.000026
0.014046 0.436988 0.251641 0.142639 0.001895 0.152767 0.000025
0.013395 0.435252 0.252547 0.143246 0.001904 0.153632 0.000024
0.013871 0.434411 0.252366 0.143115 0.001912 0.154299 0.000026
0.013342 0.431922 0.253092 0.143653 0.001941 0.156020 0.000030
0.012913 0.429716 0.254017 0.143933 0.001944 0.157451 0.000027
0.013313 0.430626 0.253403 0.143370 0.001958 0.157301 0.000029
0.012745 0.427007 0.254546 0.144549 0.001957 0.159168 0.000028
0.012782 0.426442 0.254524 0.144285 0.002005 0.159933 0.000028
0.012550 0.424536 0.255094 0.144662 0.001981 0.161147 0.000030
0.012229 0.422260 0.255716 0.145077 0.002017 0.162670 0.000032
0.012404 0.421580 0.255502 0.145098 0.002041 0.163349 0.000027
0.012399 0.420092 0.256024 0.145016 0.002018 0.164421 0.000030
0.012739 0.419116 0.256037 0.144957 0.002054 0.165069 0.000028
0.011953 0.414984 0.257265 0.146136 0.002063 0.167570 0.000030
0.011852 0.414051 0.257641 0.146041 0.002072 0.168312 0.000032
0.011982 0.411927 0.257958 0.146133 0.002095 0.169868 0.000037
0.011965 0.411569 0.257869 0.146088 0.002100 0.170379 0.000029
0.011725 0.408384 0.259007 0.146476 0.002116 0.172259 0.000034
0.011871 0.408605 0.258439 0.146551 0.002126 0.172377 0.000031
0.011608 0.405858 0.259426 0.146961 0.002134 0.173978 0.000034
0.011655 0.404279 0.259359 0.147215 0.002129 0.175328 0.000036
0.011664 0.403487 0.259726 0.146983 0.002183 0.175924 0.000032
0.011724 0.403802 0.259291 0.146974 0.002194 0.175979 0.000037
0.011678 0.400720 0.259903 0.147307 0.002196 0.178162 0.000033
0.011503 0.400815 0.260049 0.147566 0.002189 0.177845 0.000034
0.011278 0.397077 0.260933 0.148010 0.002226 0.180439 0.000037
0.011402 0.396041 0.261009 0.147704 0.002229 0.181581 0.000034
0.011345 0.395143 0.261078 0.147758 0.002245 0.182394 0.000036
0.011248 0.393155 0.261325 0.148176 0.002246 0.183814 0.000036
0.011303 0.392671 0.261473 0.148208 0.002223 0.184086 0.000035
0.011420 0.390908 0.261833 0.148284 0.002270 0.185249 0.000037
0.011170 0.387353 0.262702 0.148741 0.002299 0.187695 0.000040
0.011277 0.387681 0.262177 0.148585 0.002310 0.187931 0.000039
0.011222 0.386275 0.262784 0.148810 0.002303 0.188569 0.000037
0.011125 0.384184 0.263090 0.148928 0.002301 0.190333 0.000039
0.011223 0.383300 0.263050 0.149064 0.002335 0.190985 0.000043
0.011080 0.382145 0.263415 0.149060 0.002341 0.191923 0.000036
0.011128 0.380704 0.263283 0.149380 0.002369 0.193097 0.000039
0.011154 0.380012 0.263417 0.149468 0.002382 0.193525 0.000042
0.011025 0.378036 0.263701 0.149662 0.002378 0.195159 0.000039
0.011168 0.377983 0.263667 0.149393 0.002393 0.195355 0.000041
0.010967 0.375022 0.264279 0.149611 0.002418 0.197660 0.000043
0.011010 0.373504 0.264501 0.149882 0.002468 0.198594 0.000040
0.010985 0.372569 0.264283 0.149742 0.002443 0.199938 0.000040
0.010961 0.371189 0.264599 0.149942 0.002434 0.200834 0.000041
0.011052 0.370604 0.264719 0.149839 0.002435 0.201310 0.000041
0.010986 0.368409 0.265293 0.150227 0.002471 0.202569 0.000044
0.011044 0.367172 0.265227 0.150239 0.002491 0.203784 0.000043
0.010888 0.365419 0.265576 0.150544 0.002483 0.205045 0.000044
0.010989 0.364534 0.265239 0.150380 0.002485 0.206330 0.000043
0.010987 0.364436 0.265185 0.150142 0.002542 0.206664 0.000044
0.010927 0.362265 0.265655 0.150591 0.002491 0.208029 0.000042
0.010928 0.361034 0.265672 0.150498 0.002549 0.209277 0.000042
0.010998 0.360600 0.265172 0.150669 0.002545 0.209970 0.000045
0.010987 0.357859 0.266142 0.150683 0.002583 0.211701 0.000046
0.010955 0.354930 0.266834 0.150765 0.002574 0.213894 0.000047
0.010931 0.356316 0.266321 0.150554 0.002550 0.213279 0.000048
0.011052 0.354592 0.266091 0.150775 0.002574 0.214864 0.000051
0.010848 0.352248 0.266726 0.151023 0.002636 0.216472 0.000047
0.010803 0.351384 0.266816 0.150969 0.002652 0.217330 0.000046
0.011004 0.351178 0.266363 0.151005 0.002635 0.217772 0.000044
0.010933 0.348473 0.267040 0.151089 0.002655 0.219759 0.000052
0.010969 0.348565 0.267090 0.150820 0.002664 0.219848 0.000045
0.010857 0.345590 0.267272 0.151369 0.002688 0.222171 0.000053
0.010901 0.345489 0.267043 0.151061 0.002669 0.222784 0.000053
0.010815 0.344185 0.267429 0.151391 0.002700 0.223431 0.000050
0.010934 0.344571 0.267157 0.151108 0.002691 0.223489 0.000050
0.010860 0.340928 0.267686 0.151674 0.002720 0.226081 0.000051
0.010942 0.341407 0.267408 0.151058 0.002734 0.226397 0.000053
0.010861 0.338991 0.267821 0.151333 0.002714 0.228227 0.000054
0.010872 0.338082 0.267875 0.151370 0.002767 0.228977 0.000058
0.010811 0.336894 0.267730 0.151558 0.002773 0.230184 0.000050
0.010794 0.334676 0.268300 0.151518 0.002771 0.231880 0.000061
0.010933 0.333933 0.268201 0.151431 0.002750 0.232696 0.000056
0.010996 0.333234 0.268158 0.151538 0.002766 0.233255 0.000053
0.010876 0.332723 0.268354 0.151432 0.002787 0.233774 0.000053
0.010873 0.329873 0.268793 0.151721 0.002815 0.235869 0.000055
0.010823 0.329703 0.268346 0.151485 0.002809 0.236779 0.000054
0.010873 0.328269 0.268411 0.151765 0.002837 0.237793 0.000052
0.010892 0.326657 0.268829 0.151567 0.002862 0.239135 0.000058
0.010847 0.325259 0.268997 0.151650 0.002866 0.240326 0.000056
0.010934 0.325032 0.268767 0.151682 0.002880 0.240653 0.000052
0.010827 0.324076 0.268585 0.151659 0.002889 0.241911 0.000053
0.010968 0.322871 0.268830 0.151639 0.002939 0.242696 0.000057
0.010854 0.322716 0.268555 0.151624 0.002909 0.243289 0.000054
0.010797 0.320602 0.269073 0.151757 0.002927 0.244791 0.000053
0.010965 0.318870 0.269087 0.151795 0.002926 0.246300 0.000058
0.010897 0.317534 0.269052 0.151781 0.002938 0.247742 0.000056
0.010920 0.317059 0.268908 0.151743 0.002939 0.248377 0.000054
0.010903 0.315421 0.268960 0.151594 0.002977 0.250088 0.000057
0.010913 0.314500 0.269219 0.151929 0.002971 0.250411 0.000058
0.010934 0.313168 0.268888 0.151824 0.002975 0.252151 0.000060
0.010896 0.312226 0.269279 0.151608 0.002988 0.252939 0.000062
0.011009 0.311726 0.268826 0.151680 0.003001 0.253695 0.000064
0.015700 0.309207 0.267159 0.150879 0.003054 0.253942 0.000060
0.018956 0.307056 0.266457 0.150318 0.003017 0.254133 0.000063
0.019135 0.307609 0.266095 0.149881 0.002992 0.254222 0.000065
0.019711 0.305848 0.266023 0.150057 0.003035 0.255265 0.000061
0.019878 0.303801 0.265840 0.150088 0.003051 0.257276 0.000065
0.021225 0.304117 0.265407 0.149563 0.003044 0.256581 0.000063
0.020371 0.303229 0.265342 0.149855 0.003068 0.258070 0.000066
0.020383 0.302673 0.265216 0.149794 0.003060 0.258815 0.000059
0.017977 0.302039 0.266058 0.150089 0.003070 0.260704 0.000062
0.018863 0.300943 0.265661 0.149780 0.003068 0.261618 0.000067
0.019498 0.301009 0.264965 0.149666 0.003132 0.261665 0.000066
0.020357 0.299479 0.265007 0.149330 0.003108 0.262655 0.000063
0.020058 0.300311 0.264832 0.149190 0.003125 0.262420 0.000065
0.019693 0.298387 0.264600 0.149139 0.003133 0.264982 0.000065
0.018498 0.297263 0.265160 0.149253 0.003186 0.266577 0.000063
0.017629 0.297349 0.265555 0.149624 0.003148 0.266629 0.000066
0.019259 0.297161 0.264249 0.148872 0.003191 0.267200 0.000068
0.017948 0.296462 0.264484 0.149278 0.003179 0.268581 0.000067
0.015555 0.294654 0.265865 0.149854 0.003216 0.270792 0.000064
0.015972 0.293880 0.265515 0.149553 0.003206 0.271806 0.000068
0.015212 0.293584 0.265845 0.149668 0.003216 0.272405 0.000071
0.014098 0.292405 0.266220 0.149854 0.003269 0.274089 0.000064
0.013491 0.290268 0.266812 0.150119 0.003299 0.275941 0.000069
0.013441 0.288199 0.266473 0.150203 0.003270 0.278347 0.000066
0.014104 0.289095 0.266055 0.149743 0.003256 0.277680 0.000068
0.014549 0.290211 0.265541 0.149461 0.003254 0.276916 0.000069
0.013386 0.287025 0.266306 0.149865 0.003313 0.280037 0.000068
0.013255 0.287834 0.265915 0.149805 0.003305 0.279816 0.000070
0.013052 0.287019 0.266278 0.149863 0.003286 0.280431 0.000071
0.012673 0.282754 0.266793 0.149945 0.003357 0.284408 0.000070
0.012701 0.282420 0.266615 0.150271 0.003351 0.284569 0.000074
0.011900 0.280144 0.267107 0.150356 0.003388 0.287032 0.000074
0.012286 0.280437 0.266795 0.150342 0.003386 0.286677 0.000076
0.012727 0.280708 0.265755 0.149884 0.003353 0.287499 0.000073
0.012282 0.278784 0.266429 0.149912 0.003377 0.289137 0.000080
0.012008 0.276925 0.266734 0.150187 0.003402 0.290666 0.000077
0.012113 0.276374 0.266662 0.150264 0.003394 0.291113 0.000081
0.012178 0.275950 0.266292 0.150164 0.003429 0.291913 0.000074
0.011952 0.273992 0.266560 0.150250 0.003426 0.293739 0.000080
0.011952 0.272617 0.266666 0.149969 0.003478 0.295241 0.000078
0.011903 0.273198 0.266107 0.150147 0.003474 0.295091 0.000080
0.011954 0.272497 0.265928 0.150137 0.003465 0.295934 0.000084
0.011893 0.270515 0.266311 0.150087 0.003488 0.297624 0.000082
0.011942 0.270254 0.266132 0.149957 0.003511 0.298128 0.000077
0.011928 0.269008 0.266318 0.149871 0.003479 0.299316 0.000081
0.011909 0.268451 0.266062 0.149839 0.003519 0.300137 0.000083
0.011862 0.266751 0.266063 0.149855 0.003511 0.301870 0.000088
0.011681 0.264912 0.266487 0.149807 0.003504 0.303524 0.000086
0.011865 0.265380 0.265889 0.149752 0.003573 0.303453 0.000088
0.011899 0.264914 0.265478 0.149788 0.003540 0.304294 0.000087
0.011787 0.263037 0.265698 0.149456 0.003583 0.306356 0.000083
0.011793 0.261131 0.265747 0.149563 0.003595 0.308085 0.000085
0.011904 0.261350 0.265498 0.149456 0.003615 0.308091 0.000084
0.011721 0.259564 0.265629 0.149853 0.003607 0.309547 0.000079
0.011927 0.259170 0.265158 0.149691 0.003662 0.310300 0.000092
0.011710 0.257143 0.265418 0.149661 0.003622 0.312360 0.000086
0.011787 0.256429 0.265166 0.149535 0.003628 0.313360 0.000096
0.011705 0.255827 0.265086 0.149656 0.003684 0.313955 0.000085
0.011807 0.256557 0.264625 0.149321 0.003694 0.313916 0.000081
0.011782 0.254587 0.264845 0.149429 0.003675 0.315597 0.000085
0.011785 0.253168 0.264750 0.149489 0.003698 0.317017 0.000091
0.011840 0.252652 0.264833 0.149564 0.003654 0.317368 0.000089
0.011882 0.252027 0.264287 0.149025 0.003717 0.318969 0.000093
0.011810 0.251189 0.264360 0.149274 0.003700 0.319580 0.000087
0.011944 0.251279 0.263825 0.148971 0.003704 0.320181 0.000095
0.011926 0.249355 0.263859 0.148696 0.003751 0.322318 0.000096
0.011881 0.249061 0.263799 0.148716 0.003755 0.322701 0.000086
0.011814 0.246950 0.264349 0.148741 0.003732 0.324325 0.000090
0.011946 0.245879 0.263739 0.148858 0.003813 0.325673 0.000091
0.011812 0.246090 0.263611 0.148873 0.003783 0.325745 0.000085
0.011868 0.245452 0.263631 0.148884 0.003724 0.326351 0.000090
0.011905 0.245123 0.263445 0.148596 0.003795 0.327047 0.000090
0.011863 0.243617 0.263276 0.148782 0.003818 0.328557 0.000087
0.011909 0.243012 0.263216 0.148487 0.003789 0.329496 0.000092
0.011916 0.242610 0.262808 0.148078 0.003788 0.330693 0.000106
0.012039 0.241474 0.262746 0.148447 0.003821 0.331376 0.000096
0.012122 0.239954 0.262740 0.148258 0.003858 0.332975 0.000093
0.012020 0.239130 0.262543 0.148398 0.003896 0.333909 0.000104
0.012097 0.238281 0.262590 0.148019 0.003886 0.335029 0.000098
0.012103 0.238415 0.262094 0.147795 0.003835 0.335655 0.000103
0.012252 0.236332 0.262370 0.147746 0.003933 0.337266 0.000101
0.012144 0.236731 0.262214 0.147687 0.003931 0.337194 0.000098
0.012138 0.235257 0.261939 0.147778 0.003936 0.338849 0.000103
0.012128 0.233780 0.262008 0.147563 0.003920 0.340494 0.000108
0.012242 0.234025 0.261239 0.147365 0.003935 0.341093 0.000101
0.012300 0.234324 0.261249 0.147138 0.003938 0.340952 0.000099
0.012183 0.232646 0.261439 0.147406 0.003910 0.342307 0.000109
0.012320 0.231297 0.261130 0.147282 0.003969 0.343902 0.000100
0.012275 0.232355 0.260757 0.147112 0.003953 0.343443 0.000106
0.012358 0.229911 0.260415 0.146969 0.004000 0.346245 0.000103
0.012342 0.228661 0.260466 0.146830 0.004004 0.347588 0.000109
0.012388 0.227850 0.260439 0.146952 0.004006 0.348254 0.000111
0.012363 0.227727 0.260126 0.146790 0.004042 0.348846 0.000106
0.012355 0.226975 0.260036 0.146815 0.003978 0.349733 0.000109
0.012414 0.226912 0.259780 0.146486 0.003999 0.350303 0.000107
0.012485 0.225856 0.259844 0.146348 0.004006 0.351353 0.000108
0.012543 0.224992 0.259186 0.146348 0.004087 0.352737 0.000107
0.012554 0.225324 0.259635 0.146170 0.004080 0.352134 0.000103
0.012527 0.223611 0.258892 0.146211 0.004054 0.354592 0.000112
0.012545 0.223234 0.258976 0.145820 0.004072 0.355240 0.000113
0.012650 0.222089 0.258990 0.145818 0.004099 0.356244 0.000110
0.012525 0.220813 0.258591 0.145824 0.004117 0.358023 0.000108
0.012559 0.221263 0.258377 0.145498 0.004077 0.358110 0.000116
0.012547 0.220171 0.258023 0.145454 0.004158 0.359533 0.000114
0.012793 0.219663 0.257903 0.145259 0.004164 0.360105 0.000113
0.012723 0.218181 0.257426 0.145244 0.004167 0.362144 0.000114
0.012761 0.218829 0.257279 0.145168 0.004150 0.361696 0.000116
0.012827 0.218515 0.257328 0.145037 0.004142 0.362038 0.000113
0.012837 0.216183 0.257157 0.145061 0.004188 0.364454 0.000120
0.012843 0.215092 0.256852 0.145027 0.004189 0.365886 0.000112
0.012859 0.215387 0.256811 0.144823 0.004230 0.365774 0.000116
0.012894 0.214835 0.256911 0.144916 0.004170 0.366156 0.000118
0.012955 0.214111 0.256715 0.144872 0.004170 0.367061 0.000115
0.012959 0.213335 0.255915 0.144584 0.004207 0.368876 0.000124
0.013010 0.212958 0.255894 0.144728 0.004229 0.369060 0.000122
0.012996 0.212389 0.256219 0.144323 0.004223 0.369730 0.000120
0.013007 0.210116 0.256247 0.144147 0.004210 0.372145 0.000128
0.012963 0.210132 0.256002 0.144184 0.004268 0.372329 0.000122
0.013041 0.210769 0.255491 0.143853 0.004210 0.372513 0.000124
0.013057 0.208988 0.255242 0.143685 0.004249 0.374657 0.000123
0.013177 0.207556 0.254546 0.143628 0.004249 0.376720 0.000123
0.013199 0.206861 0.254434 0.143499 0.004279 0.377608 0.000121
0.013214 0.207222 0.254434 0.143689 0.004278 0.377040 0.000124
0.013164 0.207158 0.254519 0.143221 0.004273 0.377533 0.000131
0.013098 0.205528 0.253926 0.143528 0.004250 0.379543 0.000127
0.013182 0.204937 0.253865 0.143286 0.004345 0.380257 0.000129
0.013135 0.203952 0.253788 0.143144 0.004267 0.381586 0.000127
0.013406 0.204143 0.253675 0.143087 0.004304 0.381262 0.000124
0.013245 0.202705 0.253559 0.142760 0.004318 0.383287 0.000126
0.013255 0.202509 0.253152 0.142669 0.004317 0.383968 0.000129
0.013240 0.201331 0.252683 0.142534 0.004302 0.385776 0.000133
0.013292 0.201409 0.253035 0.142379 0.004328 0.385426 0.000132
0.013437 0.200982 0.252325 0.142166 0.004323 0.386634 0.000133
0.013487 0.200000 0.252267 0.142416 0.004379 0.387317 0.000134
0.013347 0.199792 0.252384 0.142075 0.004334 0.387932 0.000136
0.013352 0.198608 0.252085 0.141960 0.004350 0.389514 0.000132
0.013557 0.198231 0.251821 0.141728 0.004379 0.390156 0.000128
0.013504 0.198421 0.251471 0.141478 0.004362 0.390633 0.000132
0.013567 0.196756 0.251339 0.141667 0.004411 0.392127 0.000134
0.013630 0.197069 0.250976 0.141404 0.004373 0.392413 0.000136
0.013673 0.196345 0.250787 0.141144 0.004430 0.393478 0.000144
0.013683 0.195148 0.250293 0.141139 0.004422 0.395172 0.000143
0.013750 0.194800 0.250308 0.141267 0.004396 0.395339 0.000140
0.013686 0.194615 0.250336 0.140934 0.004419 0.395865 0.000145
0.013746 0.194294 0.250077 0.140725 0.004401 0.396613 0.000146
0.013828 0.193821 0.249926 0.140555 0.004418 0.397311 0.000141
0.013824 0.192234 0.249463 0.140464 0.004461 0.399409 0.000144
0.013855 0.192444 0.249104 0.140567 0.004453 0.399424 0.000152
0.013917 0.190838 0.249130 0.140099 0.004464 0.401400 0.000152
0.013934 0.190916 0.248843 0.140036 0.004487 0.401640 0.000144
0.013983 0.190484 0.248507 0.140096 0.004491 0.402299 0.000139
0.014101 0.188987 0.247993 0.139741 0.004492 0.404534 0.000151
0.014113 0.188168 0.247854 0.139873 0.004508 0.405343 0.000142
0.014067 0.188013 0.247283 0.139700 0.004489 0.406300 0.000147
0.014154 0.187427 0.247142 0.139739 0.004500 0.406881 0.000157
0.014161 0.187306 0.247107 0.139384 0.004488 0.407400 0.000153
0.014174 0.187829 0.246915 0.139215 0.004462 0.407260 0.000146
0.014248 0.186326 0.246666 0.138921 0.004494 0.409197 0.000148
0.014336 0.185612 0.246282 0.139275 0.004519 0.409825 0.000151
0.014414 0.183630 0.245879 0.139010 0.004528 0.412392 0.000146
0.014334 0.184472 0.246069 0.138582 0.004585 0.411814 0.000143
0.014361 0.183746 0.245780 0.138619 0.004584 0.412758 0.000151
0.014352 0.183230 0.245210 0.138464 0.004553 0.414035 0.000157
0.014399 0.183564 0.245394 0.138535 0.004564 0.413381 0.000162
0.014556 0.182360 0.244772 0.138362 0.004612 0.415175 0.000162
0.014469 0.181427 0.244720 0.137977 0.004551 0.416701 0.000154
0.014473 0.182507 0.244808 0.137863 0.004583 0.415590 0.000176
0.014511 0.180660 0.244642 0.137863 0.004549 0.417613 0.000164
0.014570 0.180440 0.243906 0.137745 0.004588 0.418587 0.000164
0.014647 0.179228 0.243886 0.137621 0.004634 0.419821 0.000163
0.014643 0.178701 0.243077 0.137402 0.004600 0.421420 0.000157
0.014655 0.178844 0.243170 0.137137 0.004609 0.421420 0.000166
0.014777 0.178399 0.243039 0.137142 0.004619 0.421860 0.000164
0.014741 0.177392 0.242752 0.137006 0.004703 0.423250 0.000156
0.014737 0.177118 0.242899 0.136801 0.004662 0.423609 0.000174
0.014760 0.176101 0.241937 0.136849 0.004684 0.425505 0.000163
0.014858 0.174928 0.242259 0.136425 0.004702 0.426663 0.000164
0.014844 0.175519 0.241976 0.136343 0.004675 0.426476 0.000166
0.014953 0.174464 0.241771 0.136286 0.004725 0.427629 0.000173
0.014995 0.173862 0.241389 0.136250 0.004691 0.428644 0.000168
0.015015 0.172768 0.240873 0.135837 0.004710 0.430626 0.000171
0.015077 0.172752 0.240844 0.136102 0.004723 0.430323 0.000179
0.015158 0.172548 0.240335 0.135576 0.004746 0.431459 0.000179
0.015189 0.172079 0.240325 0.135555 0.004714 0.431967 0.000171
0.015239 0.171104 0.240063 0.135365 0.004749 0.433316 0.000163
0.015176 0.171500 0.240006 0.135387 0.004750 0.433007 0.000174
0.015382 0.170582 0.239371 0.135320 0.004742 0.434421 0.000182
0.015474 0.169756 0.239196 0.134963 0.004790 0.435647 0.000174
0.015552 0.169472 0.238933 0.134983 0.004762 0.436128 0.000170
0.015392 0.169550 0.239045 0.134655 0.004769 0.436415 0.000174
0.015508 0.168882 0.238480 0.134658 0.004783 0.437511 0.000179
0.015545 0.168845 0.238287 0.134698 0.004714 0.437731 0.000180
0.015482 0.167946 0.238109 0.134495 0.004769 0.439013 0.000185
0.015746 0.167064 0.237839 0.134170 0.004756 0.440244 0.000182
0.015622 0.167433 0.237782 0.134067 0.004750 0.440164 0.000183
0.015622 0.165886 0.237316 0.134080 0.004807 0.442102 0.000186
0.015586 0.165842 0.237082 0.133971 0.004793 0.442541 0.000184
0.015668 0.165327 0.236668 0.133759 0.004816 0.443580 0.000182
0.015658 0.164813 0.236659 0.133506 0.004789 0.444384 0.000192
0.015642 0.164480 0.235993 0.133575 0.004771 0.445348 0.000192
0.015848 0.163726 0.235925 0.133110 0.004794 0.446407 0.000190
0.015832 0.164174 0.235893 0.133508 0.004844 0.445564 0.000185
0.015854 0.162698 0.235636 0.132847 0.004888 0.447882 0.000195
0.015829 0.162724 0.235336 0.132891 0.004807 0.448226 0.000186
0.015951 0.161907 0.234884 0.132687 0.004799 0.449576 0.000197
0.016001 0.161636 0.234899 0.132821 0.004807 0.449645 0.000191
0.016201 0.160864 0.234043 0.131900 0.004815 0.451975 0.000202
0.015950 0.161454 0.234091 0.132437 0.004869 0.451009 0.000189
0.016164 0.160625 0.233848 0.132002 0.004887 0.452271 0.000203
0.016083 0.160431 0.233667 0.132004 0.004839 0.452779 0.000196
0.016217 0.159219 0.233372 0.131616 0.004858 0.454522 0.000195
0.016184 0.159397 0.232704 0.131333 0.004869 0.455318 0.000194
0.016205 0.158862 0.232749 0.131711 0.004885 0.455386 0.000201
0.016345 0.157911 0.232766 0.131282 0.004849 0.456657 0.000191
0.016335 0.158790 0.232544 0.131130 0.004849 0.456163 0.000188
0.016215 0.157479 0.231967 0.130905 0.004890 0.458337 0.000207
0.016342 0.157040 0.231941 0.130627 0.004894 0.458955 0.000200
0.016327 0.157095 0.231483 0.130663 0.004861 0.459369 0.000202
0.016457 0.156422 0.231304 0.130340 0.004920 0.460347 0.000209
0.016349 0.156112 0.230956 0.130549 0.004886 0.460952 0.000196
0.016543 0.155461 0.230715 0.130444 0.004899 0.461733 0.000205
0.016511 0.154287 0.230275 0.130058 0.004956 0.463706 0.000207
0.016550 0.153925 0.229937 0.129977 0.004922 0.464487 0.000202
0.016560 0.154444 0.229987 0.130039 0.004857 0.463906 0.000208
0.016662 0.153265 0.229840 0.129855 0.004942 0.465230 0.000207
0.016651 0.153356 0.229337 0.129458 0.004960 0.466028 0.000210
0.016684 0.153127 0.229157 0.129712 0.004994 0.466109 0.000216
0.016621 0.152799 0.228771 0.129581 0.004912 0.467108 0.000207
0.016735 0.152094 0.228349 0.129119 0.004978 0.468515 0.000210
0.016911 0.151759 0.228093 0.128938 0.004965 0.469124 0.000210
0.016940 0.151364 0.227605 0.128670 0.004993 0.470216 0.000212
0.016898 0.150815 0.227580 0.128572 0.005012 0.470912 0.000211
0.016852 0.150884 0.227233 0.128640 0.004968 0.471200 0.000224
0.016890 0.149781 0.227159 0.128243 0.005009 0.472699 0.000218
0.017025 0.150389 0.226798 0.128137 0.005018 0.472405 0.000228
0.017066 0.150011 0.226338 0.128132 0.004981 0.473261 0.000211
0.016999 0.149008 0.226176 0.127667 0.005037 0.474890 0.000223
0.016973 0.148490 0.226068 0.127751 0.005027 0.475471 0.000220
0.017216 0.147796 0.225649 0.127567 0.005009 0.476544 0.000219
0.017313 0.147807 0.225295 0.127361 0.005036 0.476955 0.000234
0.017381 0.147646 0.225167 0.127195 0.005028 0.477358 0.000224
0.017357 0.147446 0.224821 0.127013 0.004976 0.478154 0.000234
0.017284 0.146834 0.224748 0.126823 0.005008 0.479068 0.000235
0.017280 0.145954 0.224223 0.126545 0.005051 0.480723 0.000225
0.017380 0.146062 0.224422 0.126933 0.005064 0.479908 0.000231
0.017433 0.145312 0.223928 0.126362 0.005078 0.481663 0.000225
0.017369 0.145148 0.223965 0.126246 0.005030 0.482012 0.000230
0.017494 0.144382 0.223265 0.126066 0.005056 0.483508 0.000228
0.017616 0.144323 0.222506 0.125965 0.005075 0.484279 0.000236
0.017584 0.143957 0.222691 0.125754 0.005106 0.484683 0.000224
0.017762 0.143727 0.222299 0.125434 0.005135 0.485411 0.000232
0.017778 0.143280 0.222051 0.125539 0.005061 0.486063 0.000227
0.017608 0.143043 0.222290 0.125522 0.005098 0.486204 0.000235
0.017733 0.143322 0.221407 0.125275 0.005090 0.486949 0.000225
0.017590 0.142810 0.221258 0.125385 0.005137 0.487583 0.000237
0.017854 0.141886 0.220733 0.124631 0.005139 0.489507 0.000250
0.017858 0.141934 0.220685 0.124782 0.005106 0.489399 0.000236
0.017894 0.141314 0.220308 0.124737 0.005147 0.490371 0.000229
0.018091 0.141405 0.220045 0.124588 0.005142 0.490497 0.000232
0.017934 0.140954 0.219781 0.124321 0.005098 0.491679 0.000234
0.018104 0.140358 0.219704 0.124144 0.005154 0.492307 0.000229
0.018053 0.140345 0.219511 0.124071 0.005150 0.492634 0.000234
0.018072 0.139427 0.218820 0.123781 0.005138 0.494514 0.000248
0.018202 0.139649 0.218189 0.123762 0.005162 0.494806 0.000230
0.018073 0.139557 0.218817 0.123416 0.005155 0.494727 0.000256
0.018243 0.139298 0.218290 0.123434 0.005154 0.495352 0.000229
0.018402 0.138596 0.217805 0.123347 0.005220 0.496382 0.000247
0.018440 0.138172 0.217351 0.123026 0.005247 0.497518 0.000246
0.018429 0.138204 0.217358 0.122938 0.005165 0.497659 0.000247
0.018449 0.137479 0.216965 0.122716 0.005194 0.498956 0.000241
0.018583 0.137023 0.216595 0.122558 0.005145 0.499859 0.000238
0.018673 0.136409 0.216405 0.122337 0.005254 0.500669 0.000254
0.018773 0.136443 0.215889 0.122136 0.005203 0.501302 0.000253
0.018576 0.136790 0.216201 0.122330 0.005214 0.500641 0.000248
0.018695 0.135900 0.215519 0.121966 0.005268 0.502405 0.000247
0.018645 0.135728 0.215314 0.121919 0.005184 0.502954 0.000256
