0.962751 0.036450 0.000517 0.000272 0.000002 0.000009 0.000000
0.926546 0.071770 0.001074 0.000592 0.000002 0.000016 0.000000
0.916970 0.081110 0.001220 0.000673 0.000006 0.000021 0.000000
0.904189 0.093526 0.001447 0.000810 0.000004 0.000024 0.000000
0.895024 0.102396 0.001645 0.000905 0.000005 0.000025 0.000000
0.880457 0.116553 0.001908 0.001046 0.000005 0.000031 0.000000
0.865987 0.130558 0.002182 0.001224 0.000005 0.000044 0.000000
0.850294 0.145753 0.002481 0.001409 0.000005 0.000058 0.000000
0.833569 0.161951 0.002788 0.001616 0.000005 0.000070 0.000000
0.819537 0.175552 0.003077 0.001752 0.000005 0.000078 0.000000
0.800796 0.193661 0.003479 0.001974 0.000005 0.000085 0.000000
0.783373 0.210508 0.003811 0.002201 0.000005 0.000104 0.000000
0.767271 0.225976 0.004229 0.002401 0.000005 0.000118 0.000000
0.748041 0.244455 0.004705 0.002669 0.000005 0.000124 0.000000
0.732416 0.259456 0.005099 0.002891 0.000005 0.000134 0.000000
0.712406 0.278658 0.005607 0.003163 0.000005 0.000161 0.000000
0.695370 0.294916 0.006112 0.003407 0.000005 0.000191 0.000000
0.677452 0.311992 0.006610 0.003729 0.000004 0.000214 0.000000
0.661516 0.327082 0.007145 0.004018 0.000004 0.000236 0.000000
0.645418 0.342245 0.007729 0.004349 0.000004 0.000255 0.000000
0.627387 0.359310 0.008305 0.004711 0.000004 0.000283 0.000000
0.611356 0.374365 0.008929 0.005039 0.000004 0.000307 0.000000
0.597259 0.387570 0.009491 0.005337 0.000004 0.000340 0.000000
0.579197 0.404436 0.010259 0.005742 0.000004 0.000362 0.000000
0.567437 0.415282 0.010827 0.006053 0.000003 0.000398 0.000000
0.551838 0.429681 0.011557 0.006487 0.000003 0.000434 0.000000
0.540542 0.440133 0.012053 0.006798 0.000003 0.000471 0.000000
0.524079 0.455238 0.012889 0.007276 0.000004 0.000514 0.000000
0.513542 0.464742 0.013496 0.007654 0.000006 0.000561 0.000000
0.500015 0.477083 0.014244 0.008045 0.000006 0.000607 0.000000
0.485443 0.490332 0.015061 0.008498 0.000007 0.000659 0.000000
0.472795 0.501787 0.015771 0.008936 0.000006 0.000705 0.000000
0.458001 0.515094 0.016657 0.009470 0.000005 0.000774 0.000000
0.446823 0.524941 0.017494 0.009902 0.000006 0.000835 0.000000
0.433227 0.536879 0.018519 0.010476 0.000007 0.000892 0.000000
0.421344 0.547345 0.019394 0.010973 0.000008 0.000935 0.000000
0.407682 0.559312 0.020465 0.011535 0.000009 0.000997 0.000000
0.394458 0.570803 0.021501 0.012164 0.000010 0.001064 0.000000
0.382085 0.581496 0.022492 0.012778 0.000010 0.001139 0.000000
0.373114 0.588933 0.023438 0.013294 0.000011 0.001210 0.000000
0.361155 0.598938 0.024653 0.013938 0.000013 0.001302 0.000000
0.352837 0.605705 0.025607 0.014485 0.000013 0.001354 0.000000
0.343526 0.613110 0.026765 0.015139 0.000014 0.001446 0.000000
0.333816 0.620975 0.027865 0.015786 0.000017 0.001541 0.000000
0.323532 0.629367 0.029062 0.016371 0.000022 0.001646 0.000000
0.316798 0.634127 0.030221 0.017054 0.000024 0.001776 0.000000
0.310902 0.638099 0.031401 0.017690 0.000024 0.001884 0.000000
0.301868 0.645006 0.032662 0.018410 0.000026 0.002028 0.000000
0.294275 0.650478 0.033907 0.019162 0.000027 0.002152 0.000000
0.292809 0.650526 0.034753 0.019616 0.000027 0.002268 0.000000
0.284118 0.656588 0.036326 0.020494 0.000031 0.002443 0.000000
0.278390 0.660681 0.037344 0.021003 0.000033 0.002549 0.000000
0.274780 0.662507 0.038413 0.021584 0.000034 0.002682 0.000000
0.268275 0.666996 0.039529 0.022326 0.000038 0.002835 0.000000
0.263157 0.669341 0.041202 0.023255 0.000039 0.003006 0.000000
0.261884 0.669695 0.041692 0.023607 0.000043 0.003079 0.000000
0.260382 0.669354 0.042818 0.024151 0.000043 0.003253 0.000000
0.252984 0.674284 0.044269 0.024975 0.000044 0.003444 0.000000
0.242981 0.681419 0.045913 0.025962 0.000046 0.003679 0.000000
0.240336 0.682233 0.047009 0.026543 0.000048 0.003830 0.000000
0.239859 0.681058 0.047948 0.027103 0.000052 0.003980 0.000000
0.228897 0.689095 0.049635 0.028102 0.000056 0.004215 0.000000
0.225208 0.690454 0.050964 0.028879 0.000056 0.004439 0.000000
0.216372 0.696464 0.052630 0.029789 0.000057 0.004688 0.000000
0.212422 0.698398 0.053769 0.030471 0.000063 0.004878 0.000000
0.209055 0.699132 0.055310 0.031304 0.000065 0.005133 0.000000
0.199564 0.705238 0.057142 0.032524 0.000065 0.005467 0.000000
0.195628 0.707464 0.058191 0.032977 0.000070 0.005671 0.000000
0.195530 0.705334 0.059391 0.033801 0.000073 0.005871 0.000000
0.192314 0.706386 0.060684 0.034434 0.000072 0.006110 0.000000
0.186373 0.709149 0.062506 0.035486 0.000074 0.006413 0.000000
0.182128 0.710891 0.063907 0.036286 0.000085 0.006703 0.000000
0.176794 0.712833 0.065932 0.037314 0.000088 0.007039 0.000000
0.180121 0.708446 0.066358 0.037753 0.000086 0.007236 0.000000
0.175790 0.709869 0.068090 0.038654 0.000090 0.007507 0.000001
0.171204 0.711107 0.069940 0.039772 0.000097 0.007880 0.000001
0.170992 0.709866 0.070835 0.040162 0.000095 0.008049 0.000001
0.169326 0.709076 0.072136 0.040978 0.000102 0.008382 0.000001
0.164186 0.711106 0.073922 0.041929 0.000106 0.008750 0.000001
0.165253 0.708376 0.074731 0.042534 0.000105 0.009001 0.000001
0.162840 0.707653 0.076508 0.043509 0.000113 0.009376 0.000001
0.152399 0.713402 0.079163 0.044969 0.000117 0.009948 0.000001
0.152936 0.711882 0.079768 0.045281 0.000120 0.010013 0.000001
0.153476 0.709560 0.080732 0.045803 0.000119 0.010308 0.000001
0.140526 0.717562 0.083527 0.047364 0.000123 0.010897 0.000001
0.142992 0.713728 0.084066 0.047933 0.000131 0.011150 0.000001
0.133758 0.718622 0.086581 0.049242 0.000129 0.011669 0.000000
0.130745 0.718992 0.088183 0.049888 0.000139 0.012053 0.000001
0.122413 0.723658 0.090173 0.051117 0.000142 0.012495 0.000001
0.121868 0.722962 0.090721 0.051488 0.000149 0.012811 0.000001
0.114674 0.725660 0.093319 0.052881 0.000146 0.013320 0.000001
0.107872 0.729025 0.095310 0.053831 0.000158 0.013803 0.000001
0.103263 0.729977 0.097294 0.054920 0.000166 0.014379 0.000001
0.092649 0.734226 0.100799 0.057003 0.000177 0.015145 0.000001
0.090954 0.734132 0.101775 0.057464 0.000187 0.015488 0.000001
0.084566 0.735078 0.104812 0.059063 0.000195 0.016284 0.000001
0.081943 0.734616 0.106402 0.060071 0.000203 0.016765 0.000000
0.076294 0.736634 0.108379 0.061224 0.000214 0.017255 0.000001
0.072241 0.736826 0.110391 0.062388 0.000235 0.017919 0.000001
0.067638 0.737611 0.112445 0.063610 0.000239 0.018456 0.000001
0.066592 0.736478 0.113655 0.064265 0.000244 0.018767 0.000001
0.060277 0.737226 0.116780 0.065946 0.000235 0.019536 0.000001
0.056537 0.735888 0.119475 0.067560 0.000262 0.020277 0.000001
0.055757 0.735023 0.120227 0.068027 0.000257 0.020708 0.000001
0.053207 0.733186 0.122605 0.069263 0.000265 0.021473 0.000001
0.051088 0.731929 0.124301 0.070337 0.000286 0.022057 0.000001
0.047635 0.730643 0.126713 0.071772 0.000291 0.022944 0.000002
0.046941 0.728929 0.128002 0.072454 0.000298 0.023373 0.000002
0.044159 0.727858 0.129906 0.073616 0.000313 0.024146 0.000003
0.046133 0.724511 0.130709 0.073921 0.000304 0.024420 0.000001
0.047009 0.720764 0.132122 0.074814 0.000310 0.024978 0.000002
0.045256 0.717975 0.134416 0.076207 0.000328 0.025817 0.000002
0.043937 0.717055 0.135486 0.076918 0.000344 0.026258 0.000001
0.046038 0.710993 0.137543 0.077951 0.000349 0.027124 0.000003
0.047361 0.707400 0.138593 0.078525 0.000360 0.027759 0.000002
0.049828 0.704416 0.138723 0.078725 0.000367 0.027939 0.000002
0.049047 0.701925 0.140409 0.079524 0.000374 0.028718 0.000002
0.049018 0.699247 0.141717 0.080366 0.000363 0.029289 0.000001
0.050940 0.693686 0.143286 0.081386 0.000377 0.030323 0.000002
0.052231 0.690245 0.144374 0.082016 0.000383 0.030749 0.000002
0.057818 0.684976 0.143990 0.081775 0.000394 0.031045 0.000002
0.055020 0.682748 0.146595 0.083061 0.000415 0.032159 0.000002
0.053925 0.682497 0.147282 0.083477 0.000411 0.032407 0.000002
0.059506 0.676825 0.147020 0.083422 0.000426 0.032801 0.000001
0.057230 0.676191 0.148497 0.084242 0.000424 0.033416 0.000001
0.060528 0.670625 0.149476 0.084769 0.000428 0.034173 0.000002
0.068311 0.664879 0.148178 0.084101 0.000437 0.034093 0.000001
0.066162 0.663445 0.149906 0.085132 0.000433 0.034919 0.000003
0.069155 0.659010 0.150464 0.085375 0.000442 0.035553 0.000002
0.066334 0.659772 0.151436 0.085974 0.000461 0.036022 0.000001
0.068013 0.654974 0.153175 0.086582 0.000457 0.036796 0.000002
0.066751 0.654358 0.153722 0.087342 0.000470 0.037355 0.000003
0.064863 0.652855 0.155353 0.088255 0.000462 0.038210 0.000001
0.063794 0.652436 0.156051 0.088650 0.000479 0.038588 0.000002
0.060530 0.651848 0.157964 0.089645 0.000494 0.039517 0.000002
0.062270 0.649252 0.158300 0.089784 0.000501 0.039892 0.000001
0.061048 0.649236 0.158662 0.090179 0.000502 0.040370 0.000001
0.055791 0.649220 0.161236 0.091442 0.000523 0.041786 0.000002
0.051489 0.650679 0.162382 0.092528 0.000533 0.042388 0.000001
0.054531 0.646522 0.162938 0.092517 0.000547 0.042942 0.000002
0.047282 0.647767 0.165924 0.094280 0.000560 0.044186 0.000002
0.047864 0.645962 0.166290 0.094653 0.000569 0.044660 0.000002
0.045663 0.646241 0.167227 0.095108 0.000575 0.045183 0.000003
0.044692 0.644137 0.168528 0.095897 0.000597 0.046146 0.000004
0.040139 0.643431 0.171089 0.097482 0.000601 0.047255 0.000003
0.035930 0.643384 0.173258 0.098435 0.000619 0.048369 0.000003
0.033572 0.642103 0.174934 0.099448 0.000624 0.049316 0.000003
0.032617 0.640925 0.175912 0.100054 0.000632 0.049857 0.000003
0.031564 0.639181 0.177268 0.100806 0.000633 0.050545 0.000003
0.028003 0.637689 0.179746 0.102086 0.000653 0.051821 0.000003
0.028911 0.635774 0.180284 0.102108 0.000660 0.052260 0.000002
0.026687 0.634475 0.181676 0.103248 0.000670 0.053242 0.000002
0.026297 0.632272 0.182791 0.103766 0.000689 0.054183 0.000003
0.026570 0.631719 0.182640 0.103968 0.000666 0.054433 0.000005
0.024388 0.627630 0.185574 0.105638 0.000703 0.056064 0.000004
0.022866 0.626737 0.186670 0.106292 0.000705 0.056728 0.000002
0.022197 0.624603 0.188128 0.106786 0.000701 0.057582 0.000003
0.021110 0.621577 0.189928 0.108009 0.000728 0.058643 0.000004
0.020658 0.617973 0.191717 0.108884 0.000746 0.060017 0.000003
0.019773 0.616926 0.192639 0.109291 0.000744 0.060623 0.000005
0.019747 0.615133 0.193332 0.109818 0.000758 0.061206 0.000006
0.019572 0.613455 0.193955 0.110402 0.000755 0.061856 0.000005
0.018459 0.609777 0.196245 0.111221 0.000768 0.063525 0.000004
0.017863 0.608351 0.197020 0.112041 0.000784 0.063937 0.000004
0.017847 0.605869 0.197945 0.112540 0.000784 0.065011 0.000004
0.017239 0.603680 0.199040 0.113318 0.000796 0.065923 0.000005
0.021220 0.599845 0.198819 0.113054 0.000793 0.066264 0.000005
0.023382 0.596793 0.198882 0.113168 0.000815 0.066954 0.000005
0.023382 0.594575 0.199937 0.113466 0.000813 0.067823 0.000004
0.025506 0.591168 0.200223 0.113738 0.000824 0.068536 0.000005
0.025157 0.588999 0.201196 0.114439 0.000839 0.069366 0.000004
0.024765 0.585395 0.202749 0.115430 0.000851 0.070806 0.000004
0.027373 0.583128 0.202670 0.115147 0.000859 0.070818 0.000004
0.026001 0.580543 0.204307 0.116123 0.000854 0.072168 0.000004
0.027966 0.578022 0.204263 0.116062 0.000880 0.072803 0.000005
0.024897 0.579173 0.205457 0.116435 0.000873 0.073160 0.000004
0.027385 0.576174 0.204984 0.116736 0.000886 0.073830 0.000004
0.027378 0.572612 0.206365 0.117310 0.000890 0.075438 0.000005
0.031348 0.568512 0.206322 0.117152 0.000889 0.075771 0.000005
0.031094 0.565466 0.207755 0.117853 0.000908 0.076917 0.000008
0.036834 0.561249 0.206331 0.117469 0.000911 0.077199 0.000007
0.031445 0.562059 0.208685 0.118416 0.000940 0.078446 0.000009
0.033332 0.558692 0.208979 0.118649 0.000936 0.079406 0.000006
0.033479 0.558903 0.208673 0.118663 0.000948 0.079329 0.000006
0.029288 0.558063 0.210844 0.119953 0.000977 0.080869 0.000007
0.032757 0.553973 0.210763 0.119640 0.000963 0.081898 0.000006
0.033302 0.552306 0.211115 0.119963 0.000971 0.082334 0.000009
0.029768 0.552831 0.212367 0.120696 0.001007 0.083322 0.000009
0.030397 0.551652 0.212510 0.120627 0.000999 0.083804 0.000010
0.027086 0.550147 0.214582 0.121867 0.001010 0.085298 0.000010
0.026772 0.548657 0.214999 0.122366 0.001022 0.086175 0.000010
0.025754 0.547182 0.215881 0.123101 0.001030 0.087042 0.000011
0.027186 0.546074 0.215892 0.122645 0.001020 0.087173 0.000010
0.025569 0.544598 0.216703 0.123248 0.001024 0.088845 0.000012
0.022974 0.543135 0.218593 0.124328 0.001042 0.089916 0.000012
0.022304 0.541464 0.219550 0.124538 0.001050 0.091082 0.000011
0.021684 0.541228 0.219544 0.124724 0.001059 0.091751 0.000011
0.021212 0.539453 0.220568 0.125048 0.001073 0.092634 0.000012
0.018973 0.536621 0.222578 0.126371 0.001067 0.094375 0.000015
0.016327 0.534919 0.224359 0.127585 0.001087 0.095709 0.000014
0.018684 0.534446 0.223217 0.126632 0.001068 0.095936 0.000016
0.016643 0.531063 0.225419 0.127960 0.001096 0.097802 0.000016
0.015900 0.530067 0.226055 0.128378 0.001115 0.098471 0.000014
0.015434 0.528565 0.226609 0.128881 0.001147 0.099346 0.000018
0.015042 0.528002 0.227033 0.128913 0.001139 0.099858 0.000013
0.013943 0.523878 0.228949 0.129790 0.001168 0.102257 0.000015
0.013438 0.521585 0.230059 0.130548 0.001176 0.103177 0.000017
0.013180 0.520117 0.230586 0.131009 0.001175 0.103917 0.000016
0.013677 0.520009 0.230217 0.130554 0.001190 0.104340 0.000014
0.012728 0.517547 0.231495 0.131602 0.001213 0.105395 0.000020
0.011909 0.513044 0.233294 0.132684 0.001211 0.107841 0.000018
0.011673 0.511465 0.234200 0.132798 0.001234 0.108610 0.000020
0.011981 0.512177 0.233445 0.132554 0.001249 0.108576 0.000018
0.011467 0.508853 0.234838 0.133739 0.001245 0.109841 0.000018
0.011914 0.508857 0.234673 0.132777 0.001260 0.110501 0.000018
0.011128 0.503614 0.236864 0.134408 0.001286 0.112679 0.000021
0.011292 0.504446 0.236588 0.133799 0.001275 0.112582 0.000018
0.010863 0.501255 0.237718 0.134672 0.001282 0.114195 0.000014
0.010836 0.500045 0.237711 0.134972 0.001286 0.115133 0.000016
0.010786 0.498518 0.238205 0.135125 0.001335 0.116013 0.000017
0.010408 0.495984 0.239321 0.135718 0.001345 0.117205 0.000019
0.010495 0.495183 0.239223 0.135937 0.001357 0.117788 0.000018
0.010277 0.492414 0.240197 0.136559 0.001370 0.119168 0.000016
0.010136 0.489608 0.241446 0.136688 0.001403 0.120704 0.000016
0.009895 0.487498 0.241947 0.137514 0.001401 0.121729 0.000015
0.009707 0.484891 0.243215 0.137782 0.001390 0.122999 0.000018
0.009936 0.484272 0.242839 0.137717 0.001427 0.123789 0.000020
0.009645 0.482434 0.243489 0.138176 0.001436 0.124799 0.000020
0.009866 0.481648 0.243702 0.138182 0.001426 0.125157 0.000018
0.009617 0.479257 0.244558 0.138600 0.001457 0.126489 0.000022
0.009397 0.476618 0.245325 0.139241 0.001474 0.127921 0.000025
0.009717 0.475698 0.245287 0.139004 0.001447 0.128824 0.000023
0.009619 0.474422 0.245714 0.139375 0.001470 0.129374 0.000026
0.009409 0.471922 0.246372 0.139956 0.001493 0.130823 0.000024
0.009206 0.469965 0.247351 0.140222 0.001480 0.131751 0.000025
0.009371 0.470526 0.246724 0.139868 0.001484 0.132004 0.000022
0.009156 0.467216 0.247824 0.140537 0.001493 0.133751 0.000022
0.009115 0.464923 0.248661 0.140630 0.001523 0.135120 0.000027
0.009099 0.463476 0.249112 0.141119 0.001520 0.135650 0.000025
0.009179 0.462464 0.249036 0.141273 0.001549 0.136478 0.000022
0.008981 0.460338 0.249424 0.141801 0.001566 0.137861 0.000029
0.008893 0.457645 0.250460 0.142102 0.001587 0.139289 0.000025
0.009036 0.457340 0.250305 0.142184 0.001586 0.139525 0.000024
0.008792 0.455137 0.251257 0.142599 0.001609 0.140581 0.000024
0.008893 0.453023 0.251424 0.142650 0.001598 0.142388 0.000024
0.008819 0.450269 0.252428 0.142844 0.001633 0.143983 0.000024
0.008791 0.449691 0.252433 0.143250 0.001653 0.144161 0.000022
0.008664 0.447654 0.253006 0.143600 0.001630 0.145421 0.000024
0.008636 0.446586 0.253276 0.143797 0.001642 0.146036 0.000027
0.008747 0.446173 0.253119 0.143712 0.001679 0.146546 0.000024
0.008611 0.442451 0.254340 0.144276 0.001676 0.148623 0.000023
0.008556 0.440615 0.254794 0.144442 0.001673 0.149895 0.000025
0.008554 0.439714 0.254667 0.144454 0.001702 0.150884 0.000024
0.008468 0.437430 0.255576 0.144922 0.001693 0.151884 0.000028
0.008504 0.436438 0.255619 0.144915 0.001716 0.152783 0.000025
0.008555 0.434852 0.255707 0.145022 0.001752 0.154086 0.000026
0.008419 0.432179 0.256643 0.145280 0.001733 0.155716 0.000029
0.008470 0.432023 0.256467 0.145333 0.001758 0.155924 0.000025
0.008378 0.429653 0.256887 0.145845 0.001790 0.157425 0.000023
0.008434 0.429355 0.257076 0.145850 0.001828 0.157432 0.000025
0.008381 0.427316 0.257331 0.146037 0.001815 0.159094 0.000026
0.008375 0.425220 0.257984 0.146134 0.001797 0.160463 0.000028
0.008258 0.422946 0.258578 0.146721 0.001831 0.161636 0.000030
0.008365 0.422698 0.258324 0.146631 0.001844 0.162112 0.000026
0.008309 0.421127 0.258543 0.146786 0.001865 0.163344 0.000026
0.008309 0.418999 0.258977 0.147184 0.001856 0.164647 0.000029
0.008261 0.418542 0.259378 0.146737 0.001900 0.165153 0.000029
0.008246 0.415652 0.259796 0.147485 0.001880 0.166911 0.000029
0.008109 0.414710 0.260112 0.147416 0.001886 0.167736 0.000029
0.008162 0.412077 0.260714 0.147800 0.001885 0.169334 0.000027
0.008144 0.412406 0.260479 0.147677 0.001919 0.169345 0.000030
0.008102 0.409266 0.261053 0.148181 0.001932 0.171436 0.000031
0.008098 0.408019 0.261063 0.148317 0.001984 0.172486 0.000033
0.008112 0.407430 0.261040 0.148451 0.001961 0.172977 0.000029
0.008060 0.404633 0.262082 0.148587 0.002015 0.174590 0.000032
0.008055 0.404795 0.261560 0.148465 0.001984 0.175107 0.000034
0.008081 0.403075 0.262138 0.148586 0.002005 0.176084 0.000032
0.008104 0.401116 0.262480 0.148951 0.002022 0.177300 0.000027
0.008015 0.400245 0.262257 0.149278 0.002023 0.178151 0.000031
0.007965 0.398787 0.262905 0.149121 0.002029 0.179161 0.000030
0.007942 0.396581 0.263196 0.149367 0.002051 0.180829 0.000034
0.007991 0.394278 0.263823 0.149680 0.002028 0.182166 0.000034
0.008004 0.393842 0.263676 0.149725 0.002088 0.182636 0.000029
0.007899 0.390894 0.264157 0.149996 0.002082 0.184942 0.000030
0.007917 0.390662 0.264269 0.149676 0.002056 0.185385 0.000035
0.007910 0.388446 0.264779 0.150149 0.002098 0.186587 0.000031
0.007859 0.387963 0.264786 0.150170 0.002087 0.187103 0.000032
0.007857 0.386263 0.264976 0.150302 0.002122 0.188447 0.000033
0.007903 0.384696 0.265021 0.150540 0.002127 0.189680 0.000033
0.007858 0.383115 0.265325 0.150607 0.002157 0.190906 0.000033
0.007881 0.382360 0.265371 0.150466 0.002162 0.191730 0.000031
0.007882 0.381280 0.265061 0.150796 0.002163 0.192784 0.000035
0.007808 0.379700 0.265886 0.150916 0.002170 0.193487 0.000033
0.007832 0.377849 0.265862 0.150908 0.002205 0.195312 0.000033
0.007889 0.377525 0.265825 0.151027 0.002183 0.195516 0.000034
0.007851 0.375130 0.266168 0.151318 0.002198 0.197297 0.000038
0.007810 0.373492 0.266556 0.151295 0.002215 0.198598 0.000034
0.007830 0.373869 0.266528 0.151079 0.002193 0.198469 0.000033
0.007763 0.371060 0.267309 0.151222 0.002219 0.200392 0.000035
0.007835 0.370430 0.266881 0.151573 0.002222 0.201026 0.000034
0.007844 0.367980 0.267506 0.151448 0.002257 0.202929 0.000035
0.007786 0.366724 0.267234 0.151792 0.002281 0.204146 0.000037
0.007746 0.365391 0.267833 0.151529 0.002261 0.205205 0.000035
0.007638 0.364746 0.267734 0.151976 0.002253 0.205618 0.000034
0.007729 0.364035 0.267709 0.151999 0.002314 0.206181 0.000034
0.007812 0.362506 0.267924 0.151815 0.002274 0.207631 0.000038
0.007720 0.359764 0.268223 0.152342 0.002332 0.209580 0.000038
0.007718 0.358560 0.268142 0.152436 0.002355 0.210748 0.000041
0.007755 0.358596 0.267999 0.152331 0.002362 0.210916 0.000040
0.007672 0.354999 0.269074 0.152293 0.002372 0.213547 0.000041
0.007747 0.356192 0.268347 0.152580 0.002392 0.212704 0.000038
0.007771 0.355013 0.268506 0.152440 0.002364 0.213866 0.000040
0.007783 0.352605 0.268791 0.152649 0.002406 0.215726 0.000040
0.007780 0.351411 0.269185 0.152687 0.002414 0.216477 0.000047
0.007793 0.349968 0.268992 0.152986 0.002415 0.217800 0.000046
0.007796 0.349652 0.269048 0.152910 0.002415 0.218135 0.000045
0.007786 0.347480 0.269215 0.152987 0.002418 0.220070 0.000045
0.008949 0.345959 0.269150 0.152673 0.002473 0.220748 0.000048
0.020344 0.342100 0.265753 0.150573 0.002434 0.218751 0.000046
0.020273 0.341264 0.265525 0.150768 0.002447 0.219672 0.000050
0.021975 0.339869 0.265030 0.150420 0.002453 0.220201 0.000052
0.021797 0.338654 0.265116 0.150290 0.002467 0.221627 0.000050
0.022402 0.338164 0.264595 0.150210 0.002457 0.222124 0.000048
0.020323 0.337705 0.265241 0.150602 0.002497 0.223580 0.000052
0.025162 0.336909 0.263184 0.149620 0.002459 0.222618 0.000048
0.025763 0.337210 0.263188 0.149033 0.002447 0.222310 0.000049
0.024002 0.337030 0.263073 0.149083 0.002459 0.224304 0.000048
0.018809 0.335416 0.265296 0.150506 0.002527 0.227396 0.000049
0.017666 0.334117 0.265338 0.150443 0.002557 0.229833 0.000046
0.020524 0.335257 0.263889 0.149748 0.002527 0.228007 0.000050
0.018289 0.334338 0.264560 0.150237 0.002552 0.229976 0.000049
0.017921 0.332721 0.264746 0.149777 0.002572 0.232214 0.000049
0.015872 0.331511 0.265781 0.150665 0.002575 0.233548 0.000048
0.016418 0.332113 0.264836 0.150459 0.002574 0.233549 0.000050
0.016534 0.332784 0.264418 0.149926 0.002576 0.233715 0.000048
0.013505 0.328745 0.266405 0.150888 0.002619 0.237790 0.000046
0.013437 0.329648 0.265972 0.150803 0.002620 0.237467 0.000053
0.013285 0.330051 0.265902 0.151059 0.002666 0.236991 0.000045
0.011071 0.325909 0.267354 0.152101 0.002694 0.240823 0.000049
0.010995 0.324521 0.267300 0.151889 0.002672 0.242572 0.000051
0.010525 0.323992 0.267589 0.152098 0.002674 0.243066 0.000056
0.010389 0.321768 0.267836 0.152209 0.002648 0.245097 0.000052
0.010219 0.321472 0.267757 0.152113 0.002675 0.245713 0.000051
0.010273 0.321550 0.267622 0.152003 0.002656 0.245847 0.000049
0.009757 0.319387 0.268130 0.152459 0.002727 0.247481 0.000059
0.009286 0.317428 0.268641 0.152275 0.002735 0.249577 0.000057
0.009568 0.318425 0.268160 0.152025 0.002699 0.249063 0.000059
0.009383 0.315593 0.268352 0.152359 0.002736 0.251522 0.000055
0.009152 0.314571 0.268196 0.152585 0.002770 0.252663 0.000061
0.009039 0.313960 0.268196 0.152353 0.002772 0.253627 0.000052
0.008414 0.311000 0.269036 0.152924 0.002763 0.255809 0.000053
0.008608 0.309682 0.269056 0.152735 0.002811 0.257057 0.000051
0.008743 0.310963 0.268343 0.152614 0.002787 0.256493 0.000057
0.008425 0.308212 0.269151 0.152866 0.002808 0.258484 0.000055
0.008285 0.306769 0.269114 0.152798 0.002801 0.260174 0.000059
0.008723 0.306742 0.269091 0.152420 0.002828 0.260143 0.000053
0.008564 0.306625 0.268633 0.152598 0.002816 0.260705 0.000060
0.008632 0.305097 0.268662 0.152435 0.002840 0.262279 0.000055
0.008371 0.303370 0.268902 0.152842 0.002834 0.263621 0.000059
0.008219 0.302347 0.269466 0.152867 0.002879 0.264167 0.000056
0.008334 0.301272 0.268913 0.152664 0.002877 0.265885 0.000056
0.008224 0.299041 0.269174 0.152846 0.002888 0.267769 0.000058
0.008167 0.297861 0.269498 0.152930 0.002872 0.268610 0.000062
0.008094 0.296029 0.269577 0.153070 0.002861 0.270307 0.000062
0.008239 0.296538 0.269051 0.152981 0.002862 0.270268 0.000062
0.008247 0.294939 0.268711 0.153080 0.002916 0.272051 0.000056
0.008395 0.294728 0.268785 0.152384 0.002939 0.272703 0.000065
0.008359 0.293891 0.268486 0.152453 0.002919 0.273836 0.000057
0.008201 0.291357 0.268778 0.152782 0.002962 0.275858 0.000062
0.008200 0.291421 0.269081 0.152344 0.002967 0.275926 0.000062
0.008307 0.289935 0.268654 0.152383 0.002981 0.277680 0.000059
0.008212 0.289495 0.268797 0.152671 0.002965 0.277795 0.000064
0.008076 0.287171 0.269176 0.152820 0.002968 0.279724 0.000064
0.008131 0.286985 0.268865 0.152341 0.003004 0.280610 0.000065
0.008302 0.287423 0.268458 0.152210 0.003016 0.280527 0.000064
0.008087 0.285487 0.269052 0.152464 0.003053 0.281791 0.000066
0.008179 0.284962 0.268389 0.152471 0.003025 0.282901 0.000074
0.008065 0.282409 0.268855 0.152312 0.003038 0.285254 0.000067
0.008118 0.281670 0.268747 0.152200 0.003061 0.286137 0.000068
0.008123 0.281785 0.268554 0.152283 0.003076 0.286107 0.000072
0.008051 0.278715 0.268936 0.152417 0.003076 0.288737 0.000068
0.008118 0.278897 0.268468 0.151852 0.003059 0.289537 0.000069
0.008158 0.279001 0.268233 0.152086 0.003047 0.289404 0.000071
0.008194 0.277804 0.268273 0.152101 0.003106 0.290448 0.000074
0.008076 0.275469 0.268402 0.152015 0.003111 0.292854 0.000074
0.008045 0.274368 0.268510 0.151806 0.003147 0.294048 0.000075
0.008182 0.276077 0.267783 0.151603 0.003114 0.293168 0.000072
0.008124 0.272722 0.268503 0.151994 0.003126 0.295462 0.000069
0.008234 0.273706 0.267606 0.151577 0.003155 0.295648 0.000074
0.008201 0.271661 0.267858 0.151939 0.003127 0.297135 0.000078
0.008260 0.270701 0.267599 0.151725 0.003147 0.298492 0.000075
0.008214 0.269813 0.267824 0.151778 0.003143 0.299149 0.000079
0.008184 0.267839 0.268099 0.151698 0.003232 0.300876 0.000073
0.008255 0.268188 0.267970 0.151394 0.003208 0.300917 0.000067
0.008242 0.266062 0.267899 0.151484 0.003188 0.303051 0.000073
0.008340 0.265110 0.267721 0.151502 0.003250 0.304004 0.000072
0.008286 0.263974 0.267629 0.151828 0.003221 0.304991 0.000071
0.008378 0.265335 0.266994 0.151347 0.003223 0.304647 0.000076
0.008361 0.263977 0.266832 0.151443 0.003245 0.306057 0.000084
0.008288 0.262185 0.267405 0.151451 0.003274 0.307319 0.000078
0.008335 0.262007 0.267103 0.151273 0.003238 0.307970 0.000075
0.008335 0.261799 0.266717 0.151170 0.003268 0.308627 0.000084
0.008305 0.259385 0.266827 0.151206 0.003286 0.310907 0.000084
0.008352 0.258587 0.266613 0.150947 0.003300 0.312130 0.000071
0.008294 0.258065 0.266574 0.151015 0.003279 0.312687 0.000086
0.008287 0.256684 0.266303 0.151083 0.003351 0.314209 0.000083
0.008315 0.256896 0.266129 0.151008 0.003302 0.314270 0.000080
0.008420 0.255321 0.266237 0.151221 0.003345 0.315375 0.000080
0.008426 0.254085 0.265794 0.150695 0.003391 0.317530 0.000080
0.008468 0.253417 0.266016 0.150751 0.003352 0.317918 0.000078
0.008579 0.253052 0.265293 0.150490 0.003327 0.319178 0.000080
0.008546 0.252058 0.265270 0.150864 0.003360 0.319812 0.000090
0.008582 0.250340 0.265484 0.150600 0.003347 0.321562 0.000087
0.008615 0.250776 0.265031 0.150338 0.003396 0.321758 0.000087
0.008465 0.248601 0.265388 0.150192 0.003382 0.323889 0.000084
0.008539 0.249173 0.264824 0.150532 0.003394 0.323454 0.000085
0.008557 0.247188 0.264516 0.150389 0.003376 0.325890 0.000084
0.008574 0.246814 0.264726 0.150381 0.003404 0.326016 0.000083
0.008676 0.245368 0.264631 0.150297 0.003455 0.327478 0.000094
0.008658 0.244283 0.264468 0.150266 0.003383 0.328845 0.000097
0.008661 0.244990 0.264053 0.150336 0.003400 0.328466 0.000094
0.008642 0.242704 0.264252 0.150089 0.003422 0.330799 0.000091
0.008763 0.242123 0.263491 0.149858 0.003436 0.332239 0.000090
0.008768 0.241969 0.264008 0.149759 0.003434 0.331968 0.000094
0.008759 0.240523 0.263442 0.149888 0.003456 0.333829 0.000102
0.008836 0.240936 0.263119 0.149285 0.003423 0.334304 0.000097
0.008832 0.239373 0.263042 0.149366 0.003410 0.335891 0.000086
0.008805 0.238161 0.263088 0.149195 0.003441 0.337211 0.000099
0.008866 0.238181 0.263218 0.149230 0.003480 0.336932 0.000093
0.008898 0.236642 0.262916 0.149224 0.003474 0.338748 0.000098
0.008877 0.236414 0.262939 0.149516 0.003441 0.338715 0.000099
0.008908 0.234562 0.263227 0.148997 0.003518 0.340690 0.000099
0.008961 0.234726 0.262616 0.149152 0.003471 0.340976 0.000098
0.008904 0.234465 0.262185 0.148914 0.003481 0.341950 0.000102
0.008893 0.232860 0.262287 0.148959 0.003535 0.343365 0.000101
0.009005 0.231998 0.261967 0.148817 0.003460 0.344648 0.000106
0.009005 0.231868 0.261826 0.148543 0.003523 0.345126 0.000109
0.008990 0.230944 0.261856 0.148594 0.003513 0.346004 0.000100
0.009021 0.230739 0.261770 0.148263 0.003564 0.346534 0.000109
0.009067 0.229145 0.261207 0.148408 0.003517 0.348558 0.000097
0.009092 0.228018 0.261207 0.148114 0.003567 0.349899 0.000103
0.009044 0.227714 0.261244 0.148096 0.003576 0.350214 0.000111
0.009086 0.227136 0.261173 0.147811 0.003562 0.351127 0.000105
0.009173 0.226404 0.260364 0.147804 0.003534 0.352616 0.000104
0.009207 0.224655 0.260560 0.147806 0.003635 0.354026 0.000110
0.009222 0.225301 0.260545 0.147599 0.003598 0.353629 0.000106
0.009212 0.224485 0.260114 0.147653 0.003642 0.354791 0.000103
0.009237 0.222889 0.260352 0.147454 0.003598 0.356364 0.000106
0.009295 0.223745 0.259751 0.147198 0.003613 0.356287 0.000111
0.009326 0.221642 0.260151 0.147131 0.003600 0.358050 0.000100
0.009328 0.221350 0.259529 0.146916 0.003576 0.359195 0.000106
0.009364 0.220299 0.259359 0.146811 0.003682 0.360378 0.000107
0.009432 0.219627 0.258982 0.147021 0.003612 0.361226 0.000098
0.009418 0.219271 0.258704 0.146853 0.003694 0.361952 0.000109
0.009502 0.218001 0.258675 0.146452 0.003680 0.363585 0.000105
0.009476 0.217902 0.258130 0.146493 0.003686 0.364207 0.000107
0.009504 0.216996 0.258238 0.146250 0.003651 0.365251 0.000109
0.009580 0.216586 0.257978 0.145911 0.003678 0.366153 0.000114
0.009597 0.216616 0.257760 0.145880 0.003737 0.366298 0.000112
0.009641 0.215059 0.257657 0.146029 0.003696 0.367807 0.000111
0.009605 0.213908 0.257598 0.146088 0.003715 0.368974 0.000113
0.009669 0.213777 0.257162 0.145828 0.003674 0.369782 0.000108
0.009630 0.212328 0.257337 0.145507 0.003707 0.371385 0.000107
0.009635 0.213336 0.257036 0.145723 0.003716 0.370440 0.000116
0.009710 0.211747 0.256551 0.145403 0.003774 0.372702 0.000113
0.009782 0.211297 0.256186 0.145313 0.003768 0.373536 0.000116
0.009821 0.209766 0.256184 0.144928 0.003717 0.375470 0.000115
0.009709 0.209563 0.256034 0.145060 0.003787 0.375735 0.000111
0.009807 0.208658 0.255468 0.145069 0.003782 0.377102 0.000114
0.009749 0.209307 0.255658 0.144813 0.003785 0.376576 0.000112
0.009868 0.207008 0.255121 0.144691 0.003822 0.379379 0.000111
0.009892 0.207662 0.255349 0.144731 0.003783 0.378468 0.000115
0.009907 0.206675 0.254840 0.144597 0.003800 0.380060 0.000122
0.009884 0.205721 0.254419 0.144114 0.003786 0.381968 0.000109
0.009979 0.205534 0.254342 0.144079 0.003801 0.382148 0.000117
0.010056 0.204786 0.254060 0.144186 0.003856 0.382941 0.000116
0.009980 0.204355 0.254265 0.143920 0.003786 0.383575 0.000120
0.010040 0.203037 0.253271 0.143891 0.003856 0.385795 0.000111
0.010066 0.202944 0.253102 0.143635 0.003846 0.386297 0.000111
0.010149 0.201781 0.252907 0.143727 0.003890 0.387430 0.000115
0.010193 0.201933 0.252939 0.143569 0.003825 0.387416 0.000126
0.010077 0.201015 0.253103 0.143304 0.003869 0.388508 0.000126
0.010222 0.199882 0.252469 0.143246 0.003880 0.390181 0.000120
0.010230 0.201156 0.252476 0.142928 0.003896 0.389202 0.000112
0.010226 0.198368 0.251676 0.143220 0.003924 0.392466 0.000120
0.010233 0.198159 0.252138 0.143055 0.003913 0.392381 0.000120
0.010321 0.198621 0.251474 0.142840 0.003908 0.392722 0.000115
0.010230 0.197083 0.251348 0.142789 0.003967 0.394461 0.000122
0.010313 0.195947 0.251335 0.142795 0.003955 0.395538 0.000118
0.010370 0.196177 0.250723 0.142768 0.003955 0.395897 0.000111
0.010406 0.195893 0.250830 0.142279 0.003965 0.396512 0.000116
0.010432 0.195025 0.250768 0.142261 0.003920 0.397473 0.000120
0.010374 0.195288 0.250661 0.142265 0.003948 0.397340 0.000123
0.010434 0.193433 0.249690 0.142048 0.003972 0.400303 0.000120
0.010497 0.193079 0.249763 0.141858 0.003956 0.400712 0.000135
0.010529 0.192039 0.249583 0.141741 0.003961 0.402024 0.000123
0.010621 0.191321 0.249570 0.141711 0.003957 0.402693 0.000128
0.010554 0.192015 0.248899 0.141462 0.003995 0.402950 0.000126
0.010698 0.190644 0.248962 0.141269 0.003992 0.404311 0.000124
0.010628 0.189772 0.248635 0.141242 0.004027 0.405575 0.000122
0.010587 0.190069 0.248741 0.141049 0.003977 0.405437 0.000140
0.010651 0.188949 0.248637 0.140689 0.004039 0.406908 0.000127
0.010703 0.188293 0.248234 0.140647 0.004008 0.407983 0.000131
0.010675 0.188697 0.247835 0.140547 0.004012 0.408109 0.000125
0.010716 0.187263 0.247855 0.140490 0.004047 0.409500 0.000128
0.010687 0.186807 0.247594 0.140381 0.004079 0.410310 0.000140
0.010750 0.185554 0.247131 0.140062 0.004038 0.412332 0.000133
0.010902 0.186029 0.247090 0.140243 0.004046 0.411554 0.000136
0.010893 0.184725 0.246095 0.140000 0.004043 0.414114 0.000129
0.010913 0.185171 0.245987 0.139874 0.004101 0.413822 0.000132
0.010940 0.184125 0.245785 0.139821 0.004094 0.415091 0.000145
0.011001 0.183566 0.245415 0.139368 0.004101 0.416410 0.000139
0.010977 0.182646 0.245375 0.139482 0.004064 0.417323 0.000134
0.011165 0.181980 0.245260 0.139478 0.004130 0.417845 0.000141
0.011180 0.181824 0.245312 0.139146 0.004090 0.418323 0.000125
0.011071 0.181347 0.244944 0.139037 0.004134 0.419325 0.000142
0.011077 0.180191 0.244363 0.138714 0.004125 0.421393 0.000137
0.011268 0.179932 0.244213 0.138365 0.004078 0.422017 0.000128
0.011235 0.179942 0.243872 0.138467 0.004092 0.422255 0.000138
0.011188 0.178868 0.243652 0.138646 0.004161 0.423346 0.000140
0.011201 0.179052 0.243717 0.138323 0.004181 0.423382 0.000144
0.011182 0.178795 0.243689 0.138235 0.004137 0.423822 0.000140
0.011212 0.177383 0.242890 0.138033 0.004132 0.426209 0.000142
0.011219 0.177416 0.243016 0.137721 0.004173 0.426314 0.000140
0.011259 0.177108 0.242459 0.137712 0.004191 0.427134 0.000137
0.011262 0.177035 0.242434 0.137721 0.004186 0.427215 0.000147
0.011443 0.175356 0.242369 0.137372 0.004196 0.429115 0.000148
0.011353 0.175568 0.242326 0.137555 0.004175 0.428883 0.000140
0.011364 0.174923 0.242050 0.137290 0.004209 0.430014 0.000150
0.011431 0.174318 0.241554 0.136684 0.004190 0.431674 0.000148
0.011482 0.174508 0.241494 0.136754 0.004165 0.431446 0.000150
0.011528 0.173919 0.240800 0.136443 0.004246 0.432921 0.000142
0.011616 0.173590 0.240705 0.136463 0.004246 0.433241 0.000139
0.011624 0.172495 0.240492 0.136527 0.004269 0.434448 0.000146
0.011579 0.171701 0.240026 0.136186 0.004245 0.436114 0.000148
0.011625 0.171835 0.240430 0.136088 0.004188 0.435691 0.000143
0.011643 0.170392 0.239478 0.136036 0.004251 0.438058 0.000143
0.011656 0.171110 0.239679 0.135806 0.004265 0.437339 0.000146
0.011719 0.170305 0.239228 0.135503 0.004215 0.438879 0.000150
0.011649 0.169347 0.239145 0.135269 0.004262 0.440183 0.000144
0.011719 0.169753 0.238875 0.135238 0.004272 0.439992 0.000152
0.011719 0.168181 0.238597 0.134847 0.004304 0.442206 0.000146
0.011720 0.168098 0.238014 0.134883 0.004245 0.442880 0.000159
0.011797 0.168048 0.238001 0.134934 0.004258 0.442808 0.000154
0.011869 0.166714 0.237494 0.134678 0.004269 0.444820 0.000156
0.011874 0.166887 0.237395 0.134358 0.004259 0.445072 0.000155
0.011915 0.166641 0.237230 0.134589 0.004278 0.445192 0.000155
0.011919 0.165150 0.237008 0.134149 0.004301 0.447313 0.000161
0.011961 0.164787 0.236809 0.134288 0.004372 0.447628 0.000156
0.011991 0.164598 0.236775 0.133922 0.004268 0.448290 0.000156
0.011962 0.164603 0.236095 0.133908 0.004353 0.448927 0.000153
0.012026 0.164165 0.236176 0.134002 0.004355 0.449121 0.000154
0.012049 0.163886 0.235890 0.133137 0.004321 0.450563 0.000153
0.012064 0.162993 0.235246 0.133519 0.004338 0.451681 0.000160
0.012113 0.163860 0.235163 0.132998 0.004300 0.451404 0.000162
0.012244 0.161660 0.234785 0.133035 0.004387 0.453733 0.000157
0.012168 0.161716 0.234441 0.132816 0.004365 0.454328 0.000167
0.012320 0.160671 0.234586 0.132655 0.004309 0.455297 0.000161
0.012226 0.159895 0.234239 0.131975 0.004349 0.457143 0.000172
0.012270 0.160924 0.233616 0.132292 0.004398 0.456334 0.000166
0.012348 0.159388 0.233461 0.131784 0.004380 0.458472 0.000167
0.012345 0.159518 0.233500 0.132099 0.004392 0.457978 0.000168
0.012442 0.158537 0.232769 0.131891 0.004411 0.459780 0.000170
0.012585 0.158343 0.232876 0.131611 0.004410 0.460020 0.000155
0.012442 0.157581 0.232538 0.131634 0.004365 0.461262 0.000177
0.012532 0.158028 0.232211 0.131721 0.004402 0.460935 0.000170
0.012619 0.157172 0.231636 0.131326 0.004475 0.462592 0.000181
0.012647 0.156633 0.231952 0.131353 0.004447 0.462794 0.000175
0.012624 0.156622 0.231489 0.131306 0.004406 0.463375 0.000177
0.012731 0.155452 0.231167 0.130628 0.004417 0.465436 0.000170
0.012732 0.155472 0.230974 0.130453 0.004477 0.465719 0.000175
0.012742 0.154716 0.231035 0.130797 0.004492 0.466034 0.000183
0.012826 0.154682 0.230255 0.130771 0.004472 0.466818 0.000176
0.012881 0.154341 0.230304 0.130262 0.004485 0.467558 0.000169
0.012880 0.153517 0.229711 0.130074 0.004453 0.469187 0.000178
0.012923 0.154262 0.229638 0.130052 0.004440 0.468502 0.000185
0.013031 0.152964 0.229176 0.129540 0.004508 0.470605 0.000176
0.013072 0.151970 0.228945 0.129634 0.004467 0.471721 0.000190
0.013046 0.152148 0.228742 0.129423 0.004478 0.471977 0.000185
0.013167 0.151652 0.228552 0.129290 0.004464 0.472703 0.000172
0.013358 0.151416 0.227933 0.129007 0.004462 0.473648 0.000176
0.013314 0.150663 0.227589 0.128607 0.004490 0.475166 0.000170
0.013450 0.150661 0.227538 0.128727 0.004513 0.474932 0.000181
0.013359 0.150854 0.227390 0.128837 0.004489 0.474888 0.000183
0.013338 0.149375 0.226864 0.128449 0.004471 0.477315 0.000189
0.013376 0.148997 0.227034 0.128602 0.004492 0.477309 0.000190
0.013433 0.148963 0.226484 0.128546 0.004551 0.477837 0.000185
0.013467 0.148595 0.226283 0.128231 0.004507 0.478729 0.000188
0.013522 0.147870 0.226272 0.127997 0.004482 0.479666 0.000191
0.013509 0.147839 0.226100 0.128267 0.004552 0.479550 0.000183
0.013606 0.147631 0.225652 0.127792 0.004529 0.480603 0.000186
0.013480 0.147845 0.225506 0.127738 0.004548 0.480678 0.000205
0.013743 0.147294 0.224974 0.127488 0.004567 0.481743 0.000191
0.013639 0.146314 0.224710 0.127067 0.004533 0.483546 0.000189
0.013628 0.146484 0.224731 0.127092 0.004561 0.483311 0.000193
0.013709 0.145921 0.223980 0.127170 0.004576 0.484457 0.000188
0.013744 0.145449 0.223689 0.126844 0.004597 0.485475 0.000202
0.013698 0.145061 0.223545 0.126804 0.004611 0.486081 0.000200
0.013862 0.144515 0.223048 0.126430 0.004626 0.487325 0.000195
0.013909 0.144116 0.222985 0.126442 0.004568 0.487780 0.000200
0.013852 0.143719 0.222847 0.126429 0.004596 0.488358 0.000200
0.014003 0.143133 0.221913 0.126208 0.004570 0.489978 0.000196
0.013947 0.143264 0.222026 0.125863 0.004625 0.490090 0.000186
0.014030 0.142367 0.222065 0.125403 0.004573 0.491367 0.000195
0.014032 0.142808 0.222047 0.125808 0.004554 0.490559 0.000193
0.013997 0.141685 0.220741 0.125357 0.004649 0.493362 0.000209
0.014001 0.141696 0.221232 0.125198 0.004631 0.493052 0.000189
0.013946 0.141507 0.220913 0.124894 0.004594 0.493950 0.000196
0.014036 0.140890 0.220855 0.124964 0.004627 0.494417 0.000210
0.014043 0.140238 0.220412 0.124882 0.004664 0.495554 0.000207
0.014057 0.140374 0.220178 0.124664 0.004620 0.495904 0.000204
0.014182 0.139748 0.220403 0.124547 0.004665 0.496248 0.000207
0.014222 0.139522 0.220040 0.124606 0.004628 0.496777 0.000205
0.014322 0.139530 0.219922 0.124158 0.004610 0.497263 0.000195
0.014338 0.138332 0.219043 0.124033 0.004611 0.499443 0.000200
0.014407 0.138286 0.218809 0.123920 0.004679 0.499696 0.000203
0.014551 0.137770 0.218052 0.123967 0.004671 0.500780 0.000208
0.014459 0.138325 0.218703 0.123265 0.004671 0.500373 0.000203
0.014391 0.137955 0.218199 0.123483 0.004706 0.501067 0.000197
0.014414 0.137321 0.217833 0.123593 0.004648 0.501986 0.000205
0.014565 0.136941 0.217831 0.123414 0.004671 0.502383 0.000195
0.014653 0.136542 0.217241 0.123137 0.004735 0.503480 0.000211
0.014595 0.136388 0.216873 0.123200 0.004639 0.504107 0.000198
0.014738 0.135964 0.216537 0.122507 0.004714 0.505330 0.000210
0.014775 0.135450 0.216183 0.122479 0.004662 0.506250 0.000200
0.014776 0.135524 0.216090 0.122355 0.004694 0.506367 0.000195
0.014737 0.134980 0.216026 0.121828 0.004696 0.507522 0.000210
0.014788 0.134554 0.215849 0.121905 0.004707 0.507992 0.000206
0.014859 0.134259 0.214940 0.121561 0.004756 0.509401 0.000225
0.014967 0.134077 0.214788 0.121608 0.004732 0.509617 0.000212
0.014926 0.133646 0.214611 0.121596 0.004729 0.510284 0.000208
0.014917 0.133614 0.214594 0.121384 0.004711 0.510570 0.000209
0.015068 0.132729 0.214219 0.121244 0.004650 0.511889 0.000200
0.015057 0.132831 0.214102 0.120801 0.004635 0.512356 0.000218
