0.960316 0.038868 0.000519 0.000291 0.000000 0.000005 0.000000
0.699498 0.290045 0.006537 0.003706 0.000002 0.000212 0.000000
0.419817 0.545575 0.021409 0.012093 0.000013 0.001093 0.000000
0.237260 0.680600 0.049504 0.028157 0.000055 0.004424 0.000000
0.135353 0.713729 0.088425 0.049983 0.000139 0.012371 0.000000
0.070018 0.702608 0.128691 0.073051 0.000286 0.025344 0.000002
0.045178 0.653693 0.164352 0.093465 0.000471 0.042837 0.000003
0.035530 0.603506 0.190205 0.108165 0.000687 0.061901 0.000006
0.024486 0.555343 0.213379 0.121511 0.000933 0.084339 0.000009
0.020030 0.506159 0.231867 0.132023 0.001189 0.108718 0.000015
0.035054 0.459542 0.238550 0.135608 0.001420 0.129805 0.000020
0.029890 0.425090 0.247701 0.140844 0.001684 0.154761 0.000029
0.015570 0.391493 0.259162 0.147573 0.001987 0.184177 0.000038
0.013879 0.354668 0.265227 0.151074 0.002287 0.212817 0.000047
0.014536 0.322544 0.267823 0.152519 0.002541 0.239980 0.000056
0.015648 0.294342 0.268031 0.152403 0.002803 0.266708 0.000065
0.022343 0.267830 0.265093 0.150578 0.003009 0.291073 0.000074
0.029280 0.249001 0.259046 0.147153 0.003210 0.312228 0.000083
0.028002 0.231692 0.255310 0.145089 0.003400 0.336414 0.000093
0.023038 0.211349 0.253606 0.144034 0.003620 0.364244 0.000110
0.024577 0.192943 0.248964 0.141345 0.003808 0.388241 0.000122
0.026771 0.177066 0.243108 0.137993 0.003997 0.410927 0.000139
0.029046 0.163434 0.236818 0.134360 0.004149 0.432041 0.000152
0.031623 0.150510 0.230064 0.130139 0.004292 0.453204 0.000168
0.034444 0.139376 0.223141 0.125856 0.004443 0.472559 0.000182
0.037324 0.129501 0.216006 0.121830 0.004560 0.490582 0.000197
0.040334 0.120484 0.208905 0.117523 0.004678 0.507861 0.000215
0.043350 0.112417 0.201690 0.113256 0.004742 0.524306 0.000239
0.046600 0.105268 0.194359 0.108981 0.004810 0.539731 0.000251
0.049947 0.098880 0.187064 0.104810 0.004883 0.554141 0.000275
0.053443 0.093183 0.179979 0.100723 0.004938 0.567441 0.000293
0.057034 0.087866 0.172945 0.096529 0.004983 0.580329 0.000314
0.060650 0.083262 0.166404 0.092763 0.005015 0.591573 0.000332
0.064432 0.079047 0.159900 0.088874 0.005058 0.602343 0.000345
0.068278 0.075378 0.153555 0.085172 0.005052 0.612202 0.000362
0.072126 0.071959 0.147505 0.081757 0.005030 0.621247 0.000376
0.076145 0.068928 0.141620 0.078365 0.005035 0.629504 0.000402
0.080103 0.066387 0.136064 0.075285 0.005013 0.636726 0.000423
0.084180 0.064044 0.130886 0.072087 0.004972 0.643391 0.000439
0.088410 0.061785 0.125640 0.069031 0.004953 0.649715 0.000466
0.092658 0.059836 0.120896 0.066195 0.004913 0.655015 0.000487
0.096831 0.058129 0.116268 0.063348 0.004839 0.660081 0.000505
0.100836 0.056695 0.111858 0.060847 0.004799 0.664439 0.000526
0.105019 0.055345 0.107838 0.058228 0.004747 0.668281 0.000541
0.109123 0.054327 0.103856 0.055862 0.004665 0.671607 0.000560
0.113296 0.053263 0.100278 0.053597 0.004624 0.674366 0.000577
0.117663 0.052436 0.096807 0.051455 0.004556 0.676494 0.000590
0.121866 0.051729 0.093450 0.049335 0.004497 0.678513 0.000609
0.125936 0.051132 0.090358 0.047468 0.004410 0.680071 0.000624
0.130017 0.050537 0.087393 0.045662 0.004337 0.681409 0.000643
0.134017 0.050051 0.084700 0.044126 0.004270 0.682170 0.000666
0.138124 0.049713 0.082108 0.042531 0.004189 0.682654 0.000680
0.143041 0.049219 0.079630 0.041084 0.004105 0.682222 0.000698
0.163539 0.058462 0.075042 0.038434 0.003904 0.659933 0.000685
0.151745 0.061084 0.074460 0.037960 0.003876 0.670163 0.000713
0.153380 0.054779 0.073378 0.037183 0.003836 0.676706 0.000738
0.157251 0.052708 0.071710 0.036118 0.003758 0.677704 0.000751
0.160919 0.052584 0.070188 0.035192 0.003686 0.676664 0.000766
0.164689 0.051594 0.068588 0.034223 0.003641 0.676483 0.000782
0.168288 0.051468 0.067169 0.033305 0.003566 0.675410 0.000794
0.171911 0.051434 0.065943 0.032519 0.003474 0.673905 0.000815
0.175426 0.051089 0.064654 0.031631 0.003441 0.672932 0.000827
0.178684 0.051080 0.063579 0.030934 0.003370 0.671519 0.000834
0.182103 0.051068 0.062494 0.030237 0.003310 0.669936 0.000853
0.185678 0.051006 0.061487 0.029560 0.003245 0.668159 0.000865
0.189076 0.051255 0.060652 0.028978 0.003183 0.665983 0.000872
0.191934 0.051695 0.059998 0.028475 0.003130 0.663878 0.000891
0.195170 0.051727 0.059099 0.027810 0.003054 0.662236 0.000904
0.198007 0.051969 0.058523 0.027289 0.003008 0.660279 0.000925
0.200797 0.052245 0.057980 0.026872 0.002945 0.658233 0.000929
0.203918 0.052438 0.057269 0.026385 0.002865 0.656184 0.000940
0.206521 0.052773 0.056819 0.026032 0.002811 0.654093 0.000951
0.209473 0.052906 0.056234 0.025657 0.002752 0.652017 0.000961
0.212006 0.053369 0.056038 0.025400 0.002693 0.649522 0.000973
0.214682 0.053671 0.055619 0.025085 0.002664 0.647296 0.000984
0.217087 0.054131 0.055432 0.024892 0.002609 0.644852 0.000998
0.219331 0.054483 0.055150 0.024607 0.002561 0.642868 0.001000
0.221859 0.054875 0.054980 0.024444 0.002509 0.640307 0.001026
0.224151 0.055145 0.054866 0.024266 0.002453 0.638081 0.001038
0.226392 0.055446 0.054674 0.024087 0.002411 0.635951 0.001039
0.228599 0.055852 0.054638 0.024029 0.002372 0.633463 0.001047
0.230715 0.056286 0.054523 0.023873 0.002319 0.631231 0.001053
0.232939 0.056680 0.054512 0.023693 0.002263 0.628843 0.001069
0.234875 0.057075 0.054483 0.023543 0.002213 0.626729 0.001083
0.236673 0.057453 0.054565 0.023503 0.002189 0.624535 0.001083
0.238398 0.057859 0.054703 0.023502 0.002154 0.622290 0.001095
0.240165 0.058143 0.054814 0.023487 0.002102 0.620184 0.001105
0.242066 0.058534 0.054870 0.023394 0.002075 0.617953 0.001108
0.243625 0.058712 0.055129 0.023432 0.002035 0.615946 0.001122
0.245368 0.058981 0.055381 0.023388 0.002008 0.613749 0.001126
0.247198 0.059140 0.055454 0.023334 0.001983 0.611759 0.001133
0.248888 0.059364 0.055582 0.023394 0.001952 0.609673 0.001147
0.250304 0.059686 0.055863 0.023371 0.001923 0.607696 0.001157
0.251855 0.059910 0.056040 0.023322 0.001893 0.605817 0.001164
0.253186 0.060224 0.056241 0.023385 0.001884 0.603908 0.001172
0.254701 0.060516 0.056332 0.023381 0.001856 0.602033 0.001181
0.255963 0.060759 0.056461 0.023401 0.001852 0.600376 0.001189
0.257393 0.060809 0.056715 0.023453 0.001830 0.598605 0.001194
0.258762 0.061022 0.056946 0.023435 0.001813 0.596828 0.001195
0.259866 0.061323 0.057284 0.023402 0.001810 0.595109 0.001207
0.261100 0.061643 0.057473 0.023485 0.001795 0.593288 0.001215
0.262255 0.061847 0.057687 0.023487 0.001754 0.591751 0.001219
0.263383 0.062116 0.057935 0.023499 0.001737 0.590101 0.001230
0.264670 0.062329 0.058150 0.023482 0.001708 0.588425 0.001237
0.265681 0.062541 0.058436 0.023484 0.001687 0.586923 0.001248
0.266606 0.062771 0.058612 0.023574 0.001692 0.585492 0.001255
0.267677 0.063066 0.058830 0.023588 0.001674 0.583898 0.001266
0.268516 0.063302 0.058983 0.023626 0.001663 0.582638 0.001271
0.269463 0.063380 0.059211 0.023611 0.001658 0.581407 0.001271
0.270548 0.063668 0.059408 0.023580 0.001651 0.579863 0.001282
0.271289 0.063825 0.059709 0.023621 0.001643 0.578628 0.001286
0.272289 0.064001 0.059943 0.023659 0.001626 0.577188 0.001294
0.273172 0.064219 0.060089 0.023718 0.001595 0.575903 0.001304
0.273642 0.064458 0.060403 0.023814 0.001583 0.574785 0.001316
0.274544 0.064579 0.060699 0.023899 0.001583 0.573375 0.001321
0.275292 0.064680 0.060969 0.023956 0.001561 0.572204 0.001339
0.276255 0.064736 0.061132 0.023927 0.001564 0.571044 0.001342
0.276837 0.064848 0.061323 0.024010 0.001542 0.570101 0.001339
0.277504 0.065032 0.061509 0.024013 0.001542 0.569043 0.001357
0.278277 0.065132 0.061632 0.024032 0.001542 0.568025 0.001360
0.278836 0.065188 0.061805 0.024001 0.001525 0.567267 0.001376
0.279666 0.065174 0.061970 0.024031 0.001516 0.566272 0.001371
0.280604 0.064924 0.062081 0.024068 0.001511 0.565438 0.001373
0.282428 0.063814 0.062325 0.024037 0.001514 0.564501 0.001381
0.285028 0.062068 0.062344 0.023928 0.001535 0.563710 0.001387
0.287874 0.060205 0.062329 0.023848 0.001530 0.562818 0.001396
0.291320 0.058263 0.061983 0.023706 0.001512 0.561810 0.001404
0.294778 0.056345 0.061749 0.023510 0.001497 0.560702 0.001420
0.297955 0.054464 0.061462 0.023267 0.001477 0.559955 0.001421
0.301341 0.052878 0.060986 0.022910 0.001490 0.558964 0.001430
0.304744 0.051308 0.060501 0.022545 0.001470 0.558004 0.001428
0.308224 0.049863 0.059727 0.022174 0.001446 0.557139 0.001427
0.311890 0.048508 0.058998 0.021879 0.001444 0.555842 0.001439
0.315300 0.047207 0.058329 0.021545 0.001440 0.554729 0.001451
0.318822 0.046173 0.057478 0.021145 0.001416 0.553517 0.001450
0.322254 0.045181 0.056721 0.020717 0.001400 0.552271 0.001455
0.325958 0.044123 0.055888 0.020336 0.001393 0.550847 0.001455
0.329456 0.043205 0.055091 0.019916 0.001391 0.549481 0.001460
0.332955 0.042384 0.054445 0.019532 0.001377 0.547838 0.001469
0.336263 0.041757 0.053705 0.019143 0.001376 0.546286 0.001469
0.339874 0.041146 0.052882 0.018836 0.001368 0.544412 0.001482
0.343239 0.040634 0.052139 0.018433 0.001364 0.542712 0.001481
0.346532 0.040076 0.051468 0.018043 0.001351 0.541038 0.001491
0.349974 0.039674 0.050686 0.017705 0.001334 0.539128 0.001499
0.353429 0.039290 0.049962 0.017385 0.001319 0.537115 0.001500
0.356394 0.038965 0.049340 0.017129 0.001319 0.535343 0.001509
0.359760 0.038641 0.048668 0.016817 0.001290 0.533311 0.001513
0.362959 0.038329 0.047970 0.016471 0.001279 0.531479 0.001513
0.366219 0.037928 0.047462 0.016208 0.001268 0.529390 0.001525
0.369311 0.037651 0.046895 0.015973 0.001246 0.527398 0.001525
0.372222 0.037509 0.046416 0.015699 0.001241 0.525370 0.001543
0.375433 0.037350 0.045848 0.015450 0.001238 0.523148 0.001533
0.378493 0.037196 0.045227 0.015190 0.001227 0.521125 0.001542
0.381473 0.037202 0.044795 0.014945 0.001212 0.518821 0.001553
0.384237 0.037210 0.044390 0.014750 0.001201 0.516654 0.001558
0.387114 0.037181 0.044025 0.014606 0.001185 0.514337 0.001552
0.389605 0.037225 0.043670 0.014470 0.001178 0.512299 0.001555
0.392392 0.037331 0.043292 0.014249 0.001161 0.510012 0.001563
0.395474 0.037351 0.042874 0.014140 0.001145 0.507456 0.001561
0.398075 0.037527 0.042511 0.014028 0.001140 0.505154 0.001565
0.400836 0.037540 0.042047 0.013842 0.001128 0.503037 0.001570
0.403430 0.037742 0.041796 0.013718 0.001106 0.500636 0.001572
0.405840 0.037789 0.041638 0.013639 0.001089 0.498421 0.001583
0.408665 0.037821 0.041450 0.013534 0.001069 0.495872 0.001588
0.411119 0.037933 0.041297 0.013469 0.001049 0.493552 0.001582
0.413454 0.038144 0.041133 0.013414 0.001032 0.491225 0.001598
0.415666 0.038454 0.040905 0.013310 0.001018 0.489052 0.001595
0.417921 0.038740 0.040827 0.013237 0.001015 0.486663 0.001598
0.419931 0.038947 0.040678 0.013307 0.001007 0.484527 0.001603
0.422317 0.039147 0.040560 0.013267 0.001011 0.482086 0.001612
0.424129 0.039320 0.040555 0.013285 0.000993 0.480106 0.001611
0.426389 0.039486 0.040687 0.013258 0.000979 0.477572 0.001628
0.428056 0.039700 0.040745 0.013251 0.000968 0.475660 0.001621
0.429953 0.039882 0.040778 0.013244 0.000957 0.473566 0.001619
0.431826 0.040187 0.040832 0.013208 0.000942 0.471381 0.001624
0.433866 0.040307 0.040824 0.013155 0.000930 0.469294 0.001625
0.435437 0.040560 0.040926 0.013184 0.000933 0.467322 0.001638
0.437257 0.040733 0.040954 0.013255 0.000915 0.465248 0.001639
0.438770 0.040974 0.041020 0.013295 0.000911 0.463387 0.001644
0.440371 0.041263 0.041067 0.013338 0.000898 0.461407 0.001656
0.441961 0.041545 0.041152 0.013383 0.000890 0.459414 0.001655
0.443336 0.041829 0.041157 0.013410 0.000881 0.457734 0.001653
0.444627 0.042058 0.041327 0.013460 0.000880 0.455981 0.001667
0.446211 0.042294 0.041334 0.013457 0.000881 0.454158 0.001666
0.447585 0.042611 0.041601 0.013386 0.000878 0.452261 0.001679
0.448837 0.042887 0.041628 0.013383 0.000881 0.450706 0.001677
0.449926 0.043368 0.041824 0.013444 0.000867 0.448890 0.001681
0.451484 0.043289 0.041945 0.013403 0.000854 0.447337 0.001689
0.452699 0.043727 0.042081 0.013426 0.000854 0.445521 0.001690
0.453868 0.044106 0.042255 0.013421 0.000862 0.443791 0.001697
0.455110 0.044123 0.042541 0.013511 0.000859 0.442147 0.001709
0.456183 0.044346 0.042764 0.013523 0.000856 0.440635 0.001693
0.456956 0.044598 0.042947 0.013535 0.000865 0.439398 0.001700
0.458237 0.044815 0.043078 0.013570 0.000865 0.437731 0.001704
0.458957 0.045141 0.043320 0.013672 0.000848 0.436354 0.001710
0.459900 0.045386 0.043501 0.013707 0.000858 0.434935 0.001713
0.460508 0.045652 0.043846 0.013734 0.000854 0.433689 0.001717
0.461566 0.045729 0.044143 0.013789 0.000848 0.432210 0.001714
0.462440 0.045806 0.044379 0.013922 0.000836 0.430896 0.001721
0.463286 0.045883 0.044749 0.014021 0.000843 0.429489 0.001729
