0.341629 0.364253 0.294118
0.322245 0.326403 0.351351
0.296813 0.396414 0.306773
0.304158 0.400438 0.295405
0.343621 0.353909 0.302469
0.315451 0.364807 0.319742
0.319106 0.359756 0.321138
0.317814 0.374494 0.307692
0.329876 0.358921 0.311203
0.301031 0.375258 0.323711
0.308300 0.365613 0.326087
0.302000 0.370000 0.328000
0.356250 0.354167 0.289583
0.336170 0.317021 0.346809
0.380952 0.331169 0.287879
0.307536 0.389002 0.303462
0.361277 0.353293 0.285429
0.325820 0.350410 0.323770
0.340000 0.386000 0.274000
0.301556 0.367704 0.330739
0.347727 0.347727 0.304545
0.304348 0.361556 0.334096
0.349076 0.351129 0.299795
0.362725 0.356713 0.280561
0.365217 0.304348 0.330435
0.334702 0.388090 0.277207
0.349020 0.343137 0.307843
0.291028 0.404814 0.304158
0.347573 0.365049 0.287379
0.327381 0.392857 0.279762
0.310924 0.355042 0.334034
0.376016 0.361789 0.262195
0.365049 0.337864 0.297087
0.308017 0.369198 0.322785
0.361004 0.326255 0.312741
0.323529 0.382353 0.294118
0.380392 0.331373 0.288235
0.350000 0.352000 0.298000
0.330040 0.385375 0.284585
0.335938 0.353516 0.310547
0.332627 0.372881 0.294492
0.322449 0.348980 0.328571
0.353398 0.316505 0.330097
0.345528 0.371951 0.282520
0.356998 0.369168 0.273834
0.310722 0.352298 0.336980
0.364407 0.334746 0.300847
0.359438 0.329317 0.311245
0.332661 0.362903 0.304435
0.328767 0.365949 0.305284
0.361055 0.350913 0.288032
0.342105 0.313765 0.344130
0.358000 0.344000 0.298000
0.363273 0.325349 0.311377
0.379845 0.313953 0.306202
0.328972 0.355140 0.315888
0.365942 0.333333 0.300725
0.376518 0.344130 0.279352
0.326493 0.300373 0.373134
0.349495 0.333333 0.317172
0.345776 0.337917 0.316306
0.302505 0.350674 0.346821
0.356000 0.370000 0.274000
0.316103 0.401590 0.282306
0.365613 0.387352 0.247036
0.315488 0.393881 0.290631
0.360825 0.354639 0.284536
0.334737 0.393684 0.271579
0.388994 0.296015 0.314991
0.348884 0.314402 0.336714
0.350775 0.374031 0.275194
0.345560 0.343629 0.310811
0.388560 0.315582 0.295858
0.359551 0.333333 0.307116
0.344330 0.338144 0.317526
0.343511 0.330153 0.326336
0.361165 0.318447 0.320388
0.369811 0.352830 0.277358
0.347305 0.327345 0.325349
0.361624 0.297048 0.341328
0.395085 0.342155 0.262760
0.343750 0.316176 0.340074
0.339731 0.309021 0.351248
0.347992 0.342256 0.309751
0.340996 0.354406 0.304598
0.367188 0.363281 0.269531
0.394444 0.301852 0.303704
0.377863 0.368321 0.253817
0.394841 0.321429 0.283730
0.383459 0.319549 0.296992
0.386980 0.323689 0.289331
0.377016 0.336694 0.286290
0.383877 0.341651 0.274472
0.350649 0.326531 0.322820
0.374280 0.333973 0.291747
0.366142 0.352362 0.281496
0.351607 0.344045 0.304348
0.381605 0.354207 0.264188
0.335821 0.343284 0.320896
0.374768 0.324675 0.300557
0.316981 0.358491 0.324528
0.341912 0.349265 0.308824
0.409615 0.309615 0.280769
0.392578 0.330078 0.277344
0.360687 0.364504 0.274809
0.396887 0.303502 0.299611
0.342857 0.342857 0.314286
0.395221 0.334559 0.270221
0.338491 0.373308 0.288201
0.385965 0.339181 0.274854
0.395131 0.305243 0.299625
0.371648 0.335249 0.293103
0.380478 0.322709 0.296813
0.369352 0.328094 0.302554
0.385455 0.334545 0.280000
0.389098 0.283835 0.327068
0.357741 0.328452 0.313808
0.385686 0.347913 0.266402
0.376494 0.304781 0.318725
0.374302 0.340782 0.284916
0.375926 0.335185 0.288889
0.369025 0.347992 0.282983
0.397459 0.321234 0.281307
0.406072 0.294118 0.299810
0.326007 0.362637 0.311355
0.386809 0.315508 0.297683
0.368530 0.327122 0.304348
0.372222 0.340741 0.287037
0.377282 0.312373 0.310345
0.350575 0.327586 0.321839
0.395221 0.340074 0.264706
0.361266 0.335196 0.303538
0.349550 0.318919 0.331532
0.381783 0.319767 0.298450
0.376218 0.325536 0.298246
0.379110 0.328820 0.292070
0.397388 0.333955 0.268657
0.365809 0.363971 0.270221
0.371154 0.340385 0.288462
0.363469 0.339483 0.297048
0.366599 0.354379 0.279022
0.380866 0.335740 0.283394
0.398058 0.306796 0.295146
0.383234 0.305389 0.311377
0.402321 0.326886 0.270793
0.365269 0.321357 0.313373
0.371698 0.352830 0.275472
0.326000 0.350000 0.324000
0.381139 0.300589 0.318271
0.357414 0.363118 0.279468
0.371373 0.338491 0.290135
0.368421 0.360000 0.271579
0.344294 0.324952 0.330754
0.365049 0.357282 0.277670
0.383858 0.342520 0.273622
0.381919 0.348708 0.269373
0.354902 0.337255 0.307843
0.401501 0.354597 0.243902
0.376494 0.330677 0.292829
0.378968 0.337302 0.283730
0.343228 0.346939 0.309833
0.366038 0.330189 0.303774
0.362919 0.339250 0.297830
0.388988 0.326821 0.284192
0.337209 0.348837 0.313953
0.391635 0.317490 0.290875
0.354406 0.339080 0.306513
0.362573 0.341131 0.296296
0.382178 0.312871 0.304950
0.351248 0.343570 0.305182
0.342105 0.360902 0.296992
0.361111 0.341270 0.297619
0.377820 0.347744 0.274436
0.381044 0.286267 0.332689
0.399621 0.314394 0.285985
0.359073 0.357143 0.283784
0.384170 0.337838 0.277992
0.385455 0.320000 0.294545
0.369048 0.325397 0.305556
0.350000 0.322222 0.327778
0.379722 0.312127 0.308151
0.400000 0.325490 0.274510
0.395437 0.307985 0.296578
0.373358 0.352720 0.273921
0.365989 0.329020 0.304991
0.396857 0.316306 0.286837
0.424490 0.328571 0.246939
0.386916 0.312150 0.300935
0.370236 0.328494 0.301270
0.375926 0.355556 0.268519
0.374088 0.317518 0.308394
0.408203 0.337891 0.253906
0.365949 0.354207 0.279843
0.373047 0.312500 0.314453
0.414498 0.355019 0.230483
0.342799 0.336714 0.320487
0.392079 0.283168 0.324752
0.329137 0.356115 0.314748
0.392857 0.315126 0.292017
0.359431 0.330961 0.309609
0.365234 0.333984 0.300781
0.359528 0.337917 0.302554
0.378168 0.321637 0.300195
0.363636 0.314394 0.321970
0.389210 0.306358 0.304432
0.363107 0.316505 0.320388
0.387226 0.313373 0.299401
0.378571 0.332143 0.289286
0.388476 0.347584 0.263941
0.418182 0.282828 0.298990
0.355159 0.317460 0.327381
0.366730 0.308129 0.325142
0.396450 0.335306 0.268245
0.370705 0.325497 0.303797
0.381853 0.319471 0.298677
0.345811 0.344029 0.310160
0.372093 0.346899 0.281008
0.366733 0.332665 0.300601
0.371482 0.298311 0.330206
0.334623 0.386847 0.278530
0.398165 0.328440 0.273394
0.318182 0.365455 0.316364
0.332673 0.348515 0.318812
0.377358 0.318658 0.303983
0.367041 0.348315 0.284644
0.364486 0.357009 0.278505
0.371025 0.337456 0.291519
0.403013 0.314501 0.282486
0.359528 0.341847 0.298625
0.369942 0.325626 0.304432
0.340187 0.347664 0.312150
0.392015 0.315789 0.292196
0.380952 0.331349 0.287698
0.382353 0.309804 0.307843
0.364937 0.339893 0.295170
0.394444 0.322222 0.283333
0.365234 0.330078 0.304688
0.367387 0.365422 0.267191
0.375235 0.317073 0.307692
0.369115 0.340866 0.290019
0.366730 0.315690 0.317580
0.370656 0.330116 0.299228
0.357285 0.297405 0.345309
0.384016 0.317739 0.298246
0.370763 0.343220 0.286017
0.344294 0.361702 0.294004
0.361224 0.359184 0.279592
0.385214 0.313230 0.301556
0.373383 0.325323 0.301294
0.402464 0.293634 0.303901
0.351750 0.329650 0.318600
0.352381 0.320000 0.327619
0.375723 0.314066 0.310212
0.403042 0.332700 0.264259
0.390716 0.313346 0.295938
0.398113 0.322642 0.279245
0.383234 0.343313 0.273453
0.368952 0.356855 0.274194
0.368030 0.356877 0.275093
0.364469 0.324176 0.311355
0.383912 0.341865 0.274223
0.363806 0.337687 0.298507
0.374768 0.354360 0.270872
0.366089 0.350674 0.283237
0.352490 0.335249 0.312261
0.389091 0.318182 0.292727
0.404762 0.296703 0.298535
0.370937 0.319312 0.309751
0.391714 0.305085 0.303202
0.359848 0.367424 0.272727
0.388672 0.339844 0.271484
0.341085 0.344961 0.313953
0.360444 0.321627 0.317930
0.386364 0.348485 0.265152
0.388368 0.333959 0.277674
0.396947 0.309160 0.293893
0.350554 0.352399 0.297048
0.377163 0.340830 0.282007
0.368015 0.312139 0.319846
0.368715 0.363128 0.268156
0.406998 0.313076 0.279926
0.416968 0.285199 0.297834
0.405904 0.324723 0.269373
0.387629 0.319588 0.292784
0.375734 0.309198 0.315068
0.384170 0.303089 0.312741
0.350000 0.358929 0.291071
0.405405 0.291892 0.302703
0.425139 0.306839 0.268022
0.388087 0.303249 0.308664
0.396797 0.359431 0.243772
0.405295 0.321792 0.272912
0.393195 0.293006 0.313800
0.398887 0.328386 0.272727
0.348928 0.313840 0.337232
0.372951 0.348361 0.278689
0.397482 0.314748 0.287770
0.357522 0.325664 0.316814
0.408829 0.339731 0.251440
0.378531 0.348399 0.273070
0.354545 0.320000 0.325455
0.362595 0.349237 0.288168
0.361162 0.348457 0.290381
0.405745 0.307002 0.287253
0.375000 0.323077 0.301923
0.394107 0.325967 0.279926
0.370079 0.328740 0.301181
0.385689 0.294939 0.319372
0.406977 0.313953 0.279070
0.400000 0.322222 0.277778
0.375486 0.321012 0.303502
0.364662 0.319549 0.315789
0.370229 0.341603 0.288168
0.367816 0.323755 0.308429
0.405607 0.308411 0.285981
0.410156 0.359375 0.230469
0.398390 0.313883 0.287726
0.400771 0.287091 0.312139
0.392734 0.297578 0.309689
0.405303 0.321970 0.272727
0.370577 0.392924 0.236499
0.424610 0.299827 0.275563
0.421818 0.329091 0.249091
0.404943 0.340304 0.254753
0.400000 0.318868 0.281132
0.405769 0.332692 0.261538
0.404537 0.336484 0.258979
0.397638 0.285433 0.316929
0.401141 0.361217 0.237643
0.378731 0.307836 0.313433
0.401070 0.351159 0.247772
0.435115 0.307252 0.257634
0.388145 0.334608 0.277247
0.409683 0.294227 0.296089
0.403013 0.333333 0.263653
0.397436 0.309524 0.293040
0.398524 0.321033 0.280443
0.429098 0.307551 0.263352
0.460714 0.285714 0.253571
0.391714 0.357815 0.250471
0.389734 0.311787 0.298479
0.426786 0.289286 0.283929
0.381786 0.323993 0.294221
0.385996 0.326750 0.287253
0.386492 0.343340 0.270169
0.423214 0.301786 0.275000
0.413675 0.324786 0.261538
0.423408 0.306368 0.270224
0.408425 0.336996 0.254579
0.375912 0.319343 0.304745
0.390291 0.302913 0.306796
0.394231 0.303846 0.301923
0.434066 0.271062 0.294872
0.388889 0.335185 0.275926
0.392473 0.329749 0.277778
0.412523 0.325967 0.261510
0.390741 0.314815 0.294444
0.378571 0.337500 0.283929
0.429603 0.315884 0.254513
0.436330 0.308989 0.254682
0.419183 0.319716 0.261101
0.406015 0.312030 0.281955
0.416350 0.296578 0.287072
0.387405 0.320611 0.291985
0.399274 0.326679 0.274047
0.405204 0.306691 0.288104
0.395833 0.319444 0.284722
0.420000 0.309091 0.270909
0.434701 0.343284 0.222015
0.446397 0.286467 0.267135
0.399635 0.291971 0.308394
0.411654 0.295113 0.293233
0.411335 0.330896 0.257770
0.399632 0.348066 0.252302
0.456722 0.296501 0.246777
0.380610 0.305206 0.314183
0.416196 0.342750 0.241055
0.415789 0.303509 0.280702
0.423440 0.294896 0.281664
0.377460 0.347048 0.275492
0.415270 0.314711 0.270019
0.423143 0.295337 0.281520
0.397086 0.296903 0.306011
0.400372 0.307263 0.292365
0.422877 0.305026 0.272097
0.370093 0.340187 0.289720
0.426573 0.314685 0.258741
0.385740 0.332724 0.281536
0.416031 0.309160 0.274809
0.433086 0.315985 0.250929
0.404372 0.318761 0.276867
0.399645 0.314387 0.285968
0.414365 0.320442 0.265193
0.378709 0.342059 0.279232
0.397869 0.309059 0.293073
0.443203 0.309125 0.247672
0.365591 0.318996 0.315412
0.398876 0.301498 0.299625
0.365809 0.334559 0.299632
0.403035 0.333895 0.263069
0.409894 0.316254 0.273852
0.414035 0.314035 0.271930
0.429907 0.302804 0.267290
0.425455 0.296364 0.278182
0.422877 0.306759 0.270364
0.388889 0.313620 0.297491
0.403285 0.319343 0.277372
0.445230 0.277385 0.277385
0.414634 0.287054 0.298311
0.421903 0.274686 0.303411
0.438406 0.262681 0.298913
0.392265 0.346225 0.261510
0.369643 0.333929 0.296429
0.418149 0.295374 0.286477
0.450178 0.298932 0.250890
0.420755 0.300000 0.279245
0.425891 0.294559 0.279550
0.403114 0.330450 0.266436
0.407599 0.283247 0.309154
0.401130 0.293785 0.305085
0.445008 0.282572 0.272420
0.445269 0.294991 0.259740
0.440497 0.280639 0.278863
0.416667 0.313406 0.269928
0.456811 0.254153 0.289037
0.378479 0.324675 0.296846
0.396768 0.323160 0.280072
0.414105 0.314647 0.271248
0.428819 0.300347 0.270833
0.411439 0.319188 0.269373
0.420578 0.279783 0.299639
0.407986 0.336806 0.255208
0.434307 0.306569 0.259124
0.369863 0.339041 0.291096
0.436697 0.335780 0.227523
0.422259 0.288052 0.289689
0.407143 0.321429 0.271429
0.439236 0.284722 0.276042
0.471455 0.272560 0.255985
0.395797 0.336252 0.267951
0.412829 0.305921 0.281250
0.402080 0.303293 0.294627
0.401384 0.276817 0.321799
0.407343 0.328671 0.263986
0.428571 0.320513 0.250916
0.406475 0.289568 0.303957
0.426104 0.284069 0.289827
0.431481 0.322222 0.246296
0.423208 0.291809 0.284983
0.407666 0.329268 0.263066
0.453590 0.302977 0.243433
0.412892 0.290941 0.296167
0.398496 0.334586 0.266917
0.394690 0.281416 0.323894
0.396768 0.350090 0.253142
0.424915 0.295222 0.279863
0.423488 0.293594 0.282918
0.449524 0.272381 0.278095
0.415517 0.312069 0.272414
0.440147 0.305709 0.254144
0.415194 0.309187 0.275618
0.408163 0.298701 0.293135
0.427523 0.280734 0.291743
0.423469 0.304422 0.272109
0.409660 0.304114 0.286225
0.481013 0.265823 0.253165
0.426415 0.288679 0.284906
0.384762 0.321905 0.293333
0.422182 0.279070 0.298748
0.430532 0.296741 0.272727
0.402647 0.306238 0.291115
0.412963 0.311111 0.275926
0.451724 0.275862 0.272414
0.394052 0.314126 0.291822
0.414773 0.337121 0.248106
0.421359 0.306796 0.271845
0.482935 0.290102 0.226962
0.450085 0.285956 0.263959
0.430740 0.292220 0.277040
0.390909 0.360000 0.249091
0.393888 0.325976 0.280136
0.403315 0.346225 0.250460
0.417722 0.296564 0.285714
0.407599 0.319516 0.272884
0.379817 0.332110 0.288073
0.390110 0.318681 0.291209
0.429630 0.287037 0.283333
0.416949 0.305085 0.277966
0.408163 0.339518 0.252319
0.398589 0.338624 0.262787
0.436697 0.308257 0.255046
0.390244 0.339837 0.269919
0.385185 0.353704 0.261111
0.398955 0.306620 0.294425
0.434856 0.285956 0.279188
0.445489 0.302632 0.251880
0.439791 0.298429 0.261780
0.409574 0.299645 0.290780
0.422877 0.296360 0.280763
0.442238 0.310469 0.247292
0.433735 0.313253 0.253012
0.445993 0.266551 0.287456
0.413851 0.305743 0.280405
0.430210 0.330784 0.239006
0.432056 0.289199 0.278746
0.436742 0.294627 0.268631
0.470054 0.304900 0.225045
0.436742 0.279029 0.284229
0.424704 0.299492 0.275804
0.441739 0.288696 0.269565
0.455426 0.275194 0.269380
0.413729 0.293135 0.293135
0.448718 0.305861 0.245421
0.423333 0.326667 0.250000
0.396768 0.353680 0.249551
0.414722 0.305206 0.280072
0.405923 0.315331 0.278746
0.455026 0.299824 0.245150
0.464552 0.274254 0.261194
0.429809 0.289428 0.280763
0.413613 0.303665 0.282723
0.449458 0.332130 0.218412
0.438163 0.284452 0.277385
0.409396 0.318792 0.271812
0.408163 0.312925 0.278912
0.413509 0.337727 0.248764
0.421818 0.300000 0.278182
0.412646 0.311148 0.276206
0.451786 0.271429 0.276786
0.423698 0.281867 0.294434
0.413379 0.288165 0.298456
0.429400 0.321083 0.249516
0.450607 0.296360 0.253033
0.439539 0.287908 0.272553
0.445230 0.300353 0.254417
0.407143 0.305357 0.287500
0.412781 0.297064 0.290155
0.416517 0.312388 0.271095
0.427046 0.304270 0.268683
0.460573 0.275986 0.263441
0.405660 0.307547 0.286792
0.436620 0.281690 0.281690
0.427798 0.285199 0.287004
0.410526 0.303509 0.285965
0.436333 0.280136 0.283531
0.416667 0.280612 0.302721
0.415945 0.306759 0.277296
0.400369 0.343173 0.256458
0.398637 0.311755 0.289608
0.438380 0.316901 0.244718
0.417407 0.326821 0.255773
0.432836 0.302239 0.264925
0.460069 0.272569 0.267361
0.450450 0.293694 0.255856
0.422383 0.299639 0.277978
0.425455 0.270909 0.303636
0.439446 0.283737 0.276817
0.446735 0.269759 0.283505
0.417362 0.293823 0.288815
0.455556 0.303704 0.240741
0.415094 0.337907 0.246998
0.459854 0.284672 0.255474
0.409174 0.306422 0.284404
0.418278 0.311072 0.270650
0.423611 0.302083 0.274306
0.447602 0.303730 0.248668
0.415709 0.318008 0.266284
0.433043 0.314783 0.252174
0.436207 0.298276 0.265517
0.414234 0.282847 0.302920
0.456261 0.283019 0.260720
0.437168 0.276106 0.286726
0.435140 0.298851 0.266010
0.453405 0.324373 0.222222
0.468085 0.299645 0.232270
0.436620 0.297535 0.265845
0.431239 0.315789 0.252971
0.429872 0.298725 0.271403
0.449726 0.255941 0.294333
0.468401 0.284387 0.247212
0.445471 0.290203 0.264325
0.460111 0.282004 0.257885
0.422339 0.331588 0.246073
0.450368 0.281250 0.268382
0.430052 0.278066 0.291883
0.452727 0.276364 0.270909
0.424028 0.323322 0.252650
0.484053 0.255159 0.260788
0.449909 0.306011 0.244080
0.431095 0.339223 0.229682
0.396648 0.322160 0.281192
0.439338 0.323529 0.237132
0.461538 0.316434 0.222028
0.441558 0.298701 0.259740
0.452632 0.301754 0.245614
0.415913 0.276673 0.307414
0.442975 0.295868 0.261157
0.446128 0.277778 0.276094
0.404806 0.325323 0.269871
0.449744 0.289608 0.260647
0.417883 0.295620 0.286496
0.452514 0.294227 0.253259
0.446461 0.279492 0.274047
0.439929 0.318021 0.242049
0.415584 0.296846 0.287570
0.445633 0.306595 0.247772
0.446154 0.312821 0.241026
0.461538 0.309441 0.229021
0.464419 0.295880 0.239700
0.441696 0.305654 0.252650
0.420870 0.299130 0.280000
0.462585 0.277211 0.260204
0.425347 0.310764 0.263889
0.449821 0.275986 0.274194
0.470796 0.279646 0.249558
0.481149 0.285458 0.233393
0.441901 0.309859 0.248239
0.438031 0.271647 0.290323
0.416244 0.285956 0.297800
0.418440 0.313830 0.267730
0.433628 0.284956 0.281416
0.442105 0.291228 0.266667
0.471204 0.267016 0.261780
0.455036 0.298561 0.246403
0.434932 0.261986 0.303082
0.487500 0.289286 0.223214
0.454713 0.303142 0.242144
0.446266 0.316940 0.236794
0.439114 0.285978 0.274908
0.406408 0.317032 0.276560
0.413547 0.319073 0.267380
0.466312 0.274823 0.258865
0.464716 0.287435 0.247849
0.438163 0.302120 0.259717
0.479129 0.263158 0.257713
0.438628 0.308664 0.252708
0.464957 0.287179 0.247863
0.416084 0.312937 0.270979
0.422460 0.274510 0.303030
0.437390 0.294533 0.268078
0.478705 0.298126 0.223169
0.426087 0.302609 0.271304
0.428331 0.295110 0.276560
0.450262 0.312391 0.237347
0.472269 0.265546 0.262185
0.452899 0.297101 0.250000
0.429066 0.309689 0.261246
0.424779 0.311504 0.263717
0.423971 0.288014 0.288014
0.440901 0.294559 0.264540
0.477639 0.291592 0.230769
0.461028 0.291874 0.247098
0.434862 0.280734 0.284404
0.409168 0.285229 0.305603
0.425424 0.311864 0.262712
0.490231 0.253996 0.255773
0.424074 0.303704 0.272222
0.446918 0.325342 0.227740
0.453263 0.299824 0.246914
0.471404 0.263432 0.265165
0.425210 0.319328 0.255462
0.403566 0.319287 0.277147
0.460733 0.275742 0.263525
0.456172 0.298748 0.245081
0.454707 0.287744 0.257549
0.436945 0.287744 0.275311
0.442478 0.322124 0.235398
0.444444 0.308081 0.247475
0.441781 0.315068 0.243151
0.435540 0.310105 0.254355
0.437943 0.290780 0.271277
0.436306 0.299363 0.264331
0.440072 0.320215 0.239714
0.466667 0.254054 0.279279
0.436720 0.285205 0.278075
0.434307 0.302920 0.262774
0.454082 0.255102 0.290816
0.439065 0.262104 0.298831
0.409091 0.295455 0.295455
0.422145 0.288927 0.288927
0.490265 0.270796 0.238938
0.435169 0.303730 0.261101
0.489474 0.277193 0.233333
0.444030 0.277985 0.277985
0.467200 0.299200 0.233600
0.430880 0.289048 0.280072
0.456722 0.290976 0.252302
0.469159 0.272897 0.257944
0.456343 0.283361 0.260297
0.419580 0.314685 0.265734
0.435572 0.301270 0.263158
0.477816 0.279863 0.242321
0.446043 0.307554 0.246403
0.474245 0.262877 0.262877
0.458333 0.310764 0.230903
0.467023 0.288770 0.244207
0.428064 0.291297 0.280639
0.410435 0.323478 0.266087
0.413907 0.329470 0.256623
0.442142 0.312608 0.245250
0.465116 0.298748 0.236136
0.474606 0.266200 0.259194
0.432014 0.302926 0.265060
0.448582 0.271277 0.280142
0.428819 0.317708 0.253472
0.421648 0.300485 0.277868
0.459547 0.260518 0.279935
0.442105 0.294737 0.263158
0.476103 0.262868 0.261029
0.398660 0.341709 0.259631
0.470270 0.282883 0.246847
0.463668 0.280277 0.256055
0.471560 0.251376 0.277064
0.446128 0.289562 0.264310
0.460838 0.285974 0.253188
0.428312 0.275862 0.295826
0.430796 0.301038 0.268166
0.441176 0.314338 0.244485
0.424028 0.312721 0.263251
0.439024 0.310569 0.250407
0.456747 0.307958 0.235294
0.474336 0.277876 0.247788
0.462963 0.291246 0.245791
0.441536 0.273997 0.284468
0.486679 0.294849 0.218472
0.468966 0.263793 0.267241
0.429319 0.310646 0.260035
0.458633 0.287770 0.253597
0.457686 0.284974 0.257340
0.462562 0.292845 0.244592
0.443478 0.328696 0.227826
0.503610 0.276173 0.220217
0.471074 0.261157 0.267769
0.464223 0.303665 0.232112
0.457770 0.261824 0.280405
0.461538 0.286225 0.252236
0.475083 0.255814 0.269103
0.443878 0.297619 0.258503
0.482699 0.278547 0.238754
0.456989 0.283154 0.259857
0.462418 0.294118 0.243464
0.456522 0.272575 0.270903
0.456483 0.300178 0.243339
0.454545 0.284965 0.260490
0.446585 0.322242 0.231173
0.461157 0.282645 0.256198
0.442308 0.290210 0.267483
0.461812 0.277087 0.261101
0.461676 0.262032 0.276292
0.446043 0.316547 0.237410
0.432143 0.319643 0.248214
0.443493 0.297945 0.258562
0.441821 0.295110 0.263069
0.416955 0.307958 0.275087
0.458042 0.290210 0.251748
0.439799 0.311037 0.249164
0.446619 0.297153 0.256228
0.454713 0.293900 0.251386
0.480892 0.297771 0.221338
0.467014 0.282986 0.250000
0.419301 0.301165 0.279534
0.454701 0.294017 0.251282
0.453097 0.313274 0.233628
0.504870 0.233766 0.261364
0.468858 0.297578 0.233564
0.439252 0.291589 0.269159
0.461165 0.276699 0.262136
0.462520 0.314195 0.223285
0.449587 0.297521 0.252893
0.479522 0.259386 0.261092
0.434276 0.307820 0.257903
0.461929 0.289340 0.248731
0.463972 0.293497 0.242531
0.438261 0.311304 0.250435
0.484245 0.291874 0.223881
0.434188 0.290598 0.275214
0.476021 0.287744 0.236234
0.485714 0.244643 0.269643
0.452218 0.283276 0.264505
0.476440 0.284468 0.239092
0.472509 0.240550 0.286942
0.423818 0.313485 0.262697
0.426808 0.324515 0.248677
0.462867 0.278066 0.259067
0.465890 0.272879 0.261231
0.468582 0.276481 0.254937
0.458120 0.290598 0.251282
0.455139 0.278956 0.265905
0.459283 0.291531 0.249186
0.497409 0.241796 0.260794
0.452101 0.282353 0.265546
0.462312 0.286432 0.251256
0.458763 0.276632 0.264605
0.472527 0.274725 0.252747
0.457483 0.285714 0.256803
0.459649 0.275439 0.264912
0.454704 0.275261 0.270035
0.476844 0.277873 0.245283
0.476281 0.297913 0.225806
0.454397 0.304560 0.241042
0.476684 0.298791 0.224525
0.470489 0.274874 0.254637
0.439932 0.301184 0.258883
0.492674 0.230769 0.276557
0.436077 0.294221 0.269702
0.464098 0.285464 0.250438
0.485370 0.280551 0.234079
0.433276 0.289428 0.277296
0.478411 0.264249 0.257340
0.435484 0.312903 0.251613
0.474210 0.281198 0.244592
0.440823 0.291595 0.267581
0.462659 0.282332 0.255009
0.474295 0.285240 0.240464
0.457539 0.284229 0.258232
0.435540 0.283972 0.280488
0.473214 0.289286 0.237500
0.436842 0.301754 0.261404
0.452218 0.320819 0.226962
0.456897 0.308621 0.234483
0.464865 0.297297 0.237838
0.493783 0.289520 0.216696
0.471204 0.301920 0.226876
0.442029 0.298913 0.259058
0.460595 0.287215 0.252189
0.450085 0.287648 0.262267
0.506557 0.244262 0.249180
0.454698 0.285235 0.260067
0.444643 0.285714 0.269643
0.463211 0.299331 0.237458
0.468750 0.300987 0.230263
0.477798 0.289520 0.232682
0.459044 0.307167 0.233788
0.434326 0.285464 0.280210
0.472973 0.278716 0.248311
0.448097 0.318339 0.233564
0.482332 0.263251 0.254417
0.460784 0.279412 0.259804
0.424092 0.313531 0.262376
0.465798 0.281759 0.252443
0.497382 0.273997 0.228621
0.446880 0.293423 0.259696
0.474638 0.282609 0.242754
0.439145 0.284539 0.276316
0.467826 0.266087 0.266087
0.469697 0.254209 0.276094
0.488372 0.249169 0.262458
0.480069 0.259965 0.259965
0.465776 0.268781 0.265442
0.458054 0.286913 0.255034
0.503484 0.282230 0.214286
0.478632 0.261538 0.259829
0.471326 0.283154 0.245520
0.475439 0.270175 0.254386
0.465753 0.309932 0.224315
0.445364 0.281457 0.273179
0.440068 0.325342 0.234589
0.465849 0.294221 0.239930
0.439421 0.300181 0.260398
0.424658 0.296233 0.279110
0.442396 0.305684 0.251920
0.472973 0.295608 0.231419
0.460751 0.315700 0.223549
0.449587 0.271074 0.279339
0.433219 0.320205 0.246575
0.422442 0.326733 0.250825
0.473504 0.268376 0.258120
0.448220 0.292880 0.258900
0.484950 0.274247 0.240803
0.452632 0.294737 0.252632
0.492437 0.280672 0.226891
0.461800 0.303905 0.234295
0.470100 0.289037 0.240864
0.489362 0.265957 0.244681
0.477080 0.256367 0.266553
0.424132 0.279707 0.296161
0.452077 0.300319 0.247604
0.412781 0.305699 0.281520
0.435940 0.302829 0.261231
0.455592 0.281250 0.263158
0.483980 0.261383 0.254637
0.430380 0.289557 0.280063
0.427621 0.312812 0.259567
0.458333 0.295000 0.246667
0.463987 0.259631 0.276382
0.437601 0.290113 0.272285
0.488055 0.261092 0.250853
0.461806 0.295139 0.243056
0.449355 0.265193 0.285451
0.456172 0.280859 0.262970
0.447195 0.290429 0.262376
0.417391 0.318261 0.264348
0.486971 0.286645 0.226384
0.456452 0.269355 0.274194
0.443350 0.295567 0.261084
0.533003 0.250825 0.216172
0.459504 0.299174 0.241322
0.487310 0.272420 0.240271
0.422034 0.281356 0.296610
0.452893 0.304132 0.242975
0.501792 0.261649 0.236559
0.484950 0.269231 0.245819
0.455859 0.295345 0.248796
0.463696 0.272277 0.264026
0.468121 0.276846 0.255034
0.480456 0.263844 0.255700
0.460036 0.300178 0.239787
0.482112 0.269165 0.248722
0.485000 0.296667 0.218333
0.490662 0.246180 0.263158
0.456294 0.277972 0.265734
0.438144 0.273196 0.288660
0.443124 0.302207 0.254669
0.468376 0.285470 0.246154
0.459750 0.298748 0.241503
0.481149 0.287253 0.231598
0.460912 0.288274 0.250814
0.418451 0.316310 0.265239
0.470890 0.275685 0.253425
0.472817 0.280066 0.247117
0.503165 0.264241 0.232595
0.479933 0.272575 0.247492
0.473354 0.289969 0.236677
0.471854 0.291391 0.236755
0.449912 0.286467 0.263620
0.485099 0.259934 0.254967
0.437075 0.295918 0.267007
0.469012 0.279732 0.251256
0.461664 0.265905 0.272431
0.463987 0.301508 0.234506
0.461140 0.293610 0.245250
0.452800 0.275200 0.272000
0.472131 0.301639 0.226230
0.465890 0.282862 0.251248
0.500852 0.269165 0.229983
0.460145 0.262681 0.277174
0.486614 0.261417 0.251969
0.480737 0.269682 0.249581
0.447412 0.293823 0.258765
0.484794 0.236136 0.279070
0.468048 0.253886 0.278066
0.443015 0.279412 0.277574
0.428328 0.291809 0.279863
0.487676 0.278169 0.234155
0.444816 0.304348 0.250836
0.483304 0.258348 0.258348
0.493955 0.265976 0.240069
0.447038 0.305206 0.247756
0.506734 0.259259 0.234007
0.490291 0.258900 0.250809
0.476190 0.259442 0.264368
0.488496 0.284956 0.226549
0.442238 0.306859 0.250903
0.478849 0.257191 0.263959
0.435764 0.302083 0.262153
0.508170 0.240196 0.251634
0.444634 0.291312 0.264055
0.396290 0.278246 0.325464
0.440536 0.276382 0.283082
0.482293 0.293423 0.224283
0.455017 0.268166 0.276817
0.451220 0.289634 0.259146
0.462585 0.268707 0.268707
0.468484 0.281090 0.250426
0.466555 0.284281 0.249164
0.460616 0.270548 0.268836
0.458333 0.277778 0.263889
0.409574 0.329787 0.260638
0.475806 0.261290 0.262903
0.498294 0.254266 0.247440
0.437500 0.296875 0.265625
0.450947 0.278830 0.270224
0.459370 0.278607 0.262023
0.436644 0.306507 0.256849
0.441077 0.306397 0.252525
0.457096 0.270627 0.272277
0.468227 0.277592 0.254181
0.472089 0.296651 0.231260
0.439297 0.284345 0.276358
0.478032 0.277680 0.244288
0.448505 0.308970 0.242525
0.426948 0.284091 0.288961
0.468697 0.285956 0.245347
0.472756 0.282051 0.245192
0.464348 0.297391 0.238261
0.482759 0.297641 0.219601
0.415945 0.299827 0.284229
0.475000 0.255000 0.270000
0.438380 0.286972 0.274648
0.459605 0.281867 0.258528
0.475214 0.283761 0.241026
0.475248 0.273927 0.250825
0.452465 0.265845 0.281690
0.458333 0.299679 0.241987
0.446585 0.302977 0.250438
0.435407 0.291866 0.272727
0.476268 0.297872 0.225859
0.491086 0.286872 0.222042
0.460345 0.281034 0.258621
0.474576 0.283051 0.242373
0.496540 0.252595 0.250865
0.465490 0.258427 0.276083
0.498322 0.265101 0.236577
0.484589 0.273973 0.241438
0.465798 0.265472 0.268730
0.510744 0.229752 0.259504
0.487603 0.271074 0.241322
0.489256 0.282645 0.228099
0.478827 0.268730 0.252443
0.492586 0.273476 0.233937
0.434360 0.327391 0.238250
0.493569 0.286174 0.220257
0.462214 0.279438 0.258348
0.438811 0.312937 0.248252
0.511384 0.273205 0.215412
0.481481 0.282828 0.235690
0.443902 0.304065 0.252033
0.458194 0.282609 0.259197
0.453152 0.293015 0.253833
0.457516 0.279412 0.263072
0.456169 0.261364 0.282468
0.465574 0.290164 0.244262
0.468454 0.301262 0.230284
0.481229 0.283276 0.235495
0.467128 0.297578 0.235294
0.441516 0.299835 0.258649
0.487310 0.253807 0.258883
0.439316 0.302564 0.258120
0.424561 0.300000 0.275439
0.464580 0.298188 0.237232
0.470588 0.249603 0.279809
0.487179 0.261218 0.251603
0.511401 0.252443 0.236156
0.458472 0.287375 0.254153
0.464812 0.250409 0.284779
0.450658 0.289474 0.259868
0.466997 0.297030 0.235974
0.451448 0.296422 0.252129
0.461794 0.285714 0.252492
0.443522 0.284053 0.272425
0.467023 0.269162 0.263815
0.471761 0.260797 0.267442
0.506780 0.276271 0.216949
0.510569 0.245528 0.243902
0.464348 0.264348 0.271304
0.459130 0.302609 0.238261
0.463211 0.269231 0.267559
0.490132 0.246711 0.263158
0.498339 0.280731 0.220930
0.491319 0.258681 0.250000
0.485714 0.257143 0.257143
0.483761 0.273504 0.242735
0.509370 0.264055 0.226576
0.452101 0.289076 0.258824
0.489221 0.268657 0.242123
0.480634 0.285211 0.234155
0.449400 0.277873 0.272727
0.496610 0.277966 0.225424
0.467466 0.277397 0.255137
0.455399 0.284820 0.259781
0.480409 0.277683 0.241908
0.488812 0.261618 0.249570
0.482353 0.285714 0.231933
0.463866 0.307563 0.228571
0.479381 0.259450 0.261168
0.466667 0.285470 0.247863
0.475862 0.296552 0.227586
0.488333 0.275000 0.236667
0.500821 0.274220 0.224959
0.476844 0.272727 0.250429
0.405405 0.314785 0.279809
0.467257 0.309735 0.223009
0.516447 0.238487 0.245066
0.467905 0.285473 0.246622
0.471572 0.289298 0.239130
0.505460 0.252730 0.241810
0.481250 0.275000 0.243750
0.512111 0.266436 0.221453
0.524911 0.261566 0.213523
0.490401 0.254799 0.254799
0.491007 0.248201 0.260791
0.501718 0.269759 0.228522
0.479938 0.277778 0.242284
0.486486 0.255068 0.258446
0.465398 0.259516 0.275087
0.491722 0.269868 0.238411
0.464856 0.276358 0.258786
0.450704 0.274648 0.274648
0.477537 0.246256 0.276206
0.495114 0.273616 0.231270
0.469156 0.261364 0.269481
0.479542 0.276596 0.243863
0.486179 0.261789 0.252033
0.468800 0.296000 0.235200
0.480274 0.295026 0.224700
0.446910 0.309033 0.244057
0.445528 0.279675 0.274797
0.480865 0.267887 0.251248
0.473510 0.268212 0.258278
0.486111 0.243827 0.270062
0.487091 0.287435 0.225473
0.501582 0.275316 0.223101
0.478618 0.300987 0.220395
0.456229 0.296296 0.247475
0.504823 0.241158 0.254019
0.455008 0.292020 0.252971
0.475779 0.249135 0.275087
0.451356 0.288676 0.259968
0.489002 0.253807 0.257191
0.500879 0.282953 0.216169
0.495741 0.289608 0.214651
0.463608 0.272152 0.264241
0.444969 0.294025 0.261006
0.509735 0.258407 0.231858
0.483421 0.280977 0.235602
0.485762 0.249581 0.264657
0.496678 0.275748 0.227575
0.509565 0.259130 0.231304
0.484897 0.282989 0.232114
0.484034 0.258824 0.257143
0.479062 0.266332 0.254606
0.497487 0.269682 0.232831
0.485166 0.275742 0.239092
0.489967 0.269231 0.240803
0.469453 0.265273 0.265273
0.456998 0.327150 0.215852
0.469579 0.280811 0.249610
0.463087 0.293624 0.243289
0.461415 0.281350 0.257235
0.489633 0.277512 0.232855
0.463415 0.300813 0.235772
0.467638 0.283172 0.249191
0.508197 0.250820 0.240984
0.458478 0.256055 0.285467
0.490596 0.260188 0.249216
0.474960 0.292407 0.232633
0.474359 0.267628 0.258013
0.437500 0.312500 0.250000
0.481802 0.279029 0.239168
0.474210 0.292845 0.232945
0.460317 0.273016 0.266667
0.452991 0.271795 0.275214
0.492386 0.280880 0.226734
0.476268 0.252046 0.271686
0.500000 0.269968 0.230032
0.463816 0.287829 0.248355
0.497409 0.233161 0.269430
0.496667 0.268333 0.235000
0.465870 0.283276 0.250853
0.485714 0.268908 0.245378
0.460420 0.289176 0.250404
0.484245 0.283582 0.232172
0.474632 0.270049 0.255319
0.478849 0.285956 0.235195
0.501563 0.271875 0.226562
0.480645 0.280645 0.238710
0.476109 0.281570 0.242321
0.501639 0.260656 0.237705
0.477157 0.277496 0.245347
0.484603 0.286872 0.228525
0.465944 0.321981 0.212074
0.483705 0.267581 0.248714
0.483980 0.261383 0.254637
0.496795 0.283654 0.219551
0.506734 0.260943 0.232323
0.481967 0.290164 0.227869
0.473186 0.280757 0.246057
0.496564 0.280069 0.223368
0.488189 0.264567 0.247244
0.492707 0.286872 0.220421
0.539116 0.253401 0.207483
0.501695 0.261017 0.237288
0.482051 0.252991 0.264957
0.499148 0.265758 0.235094
0.499210 0.266983 0.233807
0.511438 0.253268 0.235294
0.474878 0.275527 0.249595
0.482003 0.262911 0.255086
0.493554 0.265193 0.241252
0.544554 0.254125 0.201320
0.465710 0.275917 0.258373
0.490501 0.267703 0.241796
0.489256 0.282645 0.228099
0.479798 0.294613 0.225589
0.486207 0.246552 0.267241
0.501645 0.266447 0.231908
0.486312 0.270531 0.243156
0.486532 0.267677 0.245791
0.489655 0.277586 0.232759
0.481544 0.288591 0.229866
0.517301 0.240484 0.242215
0.467446 0.305509 0.227045
0.468750 0.303819 0.227431
0.471284 0.275338 0.253378
0.457286 0.268007 0.274707
0.469595 0.287162 0.243243
0.489185 0.272879 0.237937
0.492754 0.302738 0.204509
0.528662 0.242038 0.229299
0.469799 0.298658 0.231544
0.493399 0.283828 0.222772
0.485484 0.248387 0.266129
0.454545 0.292562 0.252893
0.501582 0.250000 0.248418
0.491143 0.264090 0.244767
0.540956 0.233788 0.225256
0.493220 0.279661 0.227119
0.505983 0.247863 0.246154
0.498397 0.256410 0.245192
0.487437 0.286432 0.226131
0.483923 0.265273 0.250804
0.495268 0.261830 0.242902
0.503289 0.271382 0.225329
0.501661 0.262458 0.235880
0.511886 0.263074 0.225040
0.533773 0.250412 0.215815
0.498366 0.246732 0.254902
0.499157 0.266442 0.234401
0.497400 0.246101 0.256499
0.481544 0.298658 0.219799
0.470492 0.255738 0.273770
0.518212 0.278146 0.203642
0.464724 0.297546 0.237730
0.444062 0.294320 0.261618
0.494327 0.269044 0.236629
0.495146 0.262136 0.242718
0.470016 0.273906 0.256078
0.475465 0.247039 0.277496
0.476974 0.282895 0.240132
0.467577 0.259386 0.273038
0.494176 0.249584 0.256240
0.495854 0.247098 0.257048
0.470000 0.290000 0.240000
0.493174 0.262799 0.244027
0.457735 0.293461 0.248804
0.510033 0.257525 0.232441
0.507270 0.261712 0.231018
0.474662 0.265203 0.260135
0.478328 0.256966 0.264706
0.509735 0.277876 0.212389
0.501587 0.261905 0.236508
0.491319 0.284722 0.223958
0.496678 0.257475 0.245847
0.457189 0.268174 0.274637
0.491987 0.262821 0.245192
0.489533 0.270531 0.239936
0.505618 0.258427 0.235955
0.501608 0.273312 0.225080
0.495854 0.250415 0.253731
0.509740 0.262987 0.227273
0.437500 0.307566 0.254934
0.462400 0.268800 0.268800
0.517185 0.243863 0.238953
0.472973 0.266892 0.260135
0.519393 0.252951 0.227656
0.507962 0.262739 0.229299
0.489362 0.296236 0.214403
0.496753 0.284091 0.219156
0.507862 0.245283 0.246855
0.458128 0.303777 0.238095
0.494327 0.236629 0.269044
0.500000 0.257576 0.242424
0.454690 0.279809 0.265501
0.519862 0.257340 0.222798
0.515837 0.266968 0.217195
0.493464 0.253268 0.253268
0.508143 0.255700 0.236156
0.485197 0.273026 0.241776
0.471609 0.257098 0.271293
0.493711 0.256289 0.250000
0.495298 0.274295 0.230408
0.484568 0.291667 0.223765
0.462171 0.300987 0.236842
0.501567 0.261755 0.236677
0.462025 0.270570 0.267405
0.491349 0.269896 0.238754
0.499192 0.260097 0.240711
0.516667 0.275000 0.208333
0.493002 0.239502 0.267496
0.476499 0.260940 0.262561
0.476708 0.291925 0.231366
0.541801 0.234727 0.223473
0.511513 0.238487 0.250000
0.524288 0.236181 0.239531
0.492163 0.261755 0.246082
0.474048 0.285467 0.240484
0.508333 0.281667 0.210000
0.476033 0.269421 0.254545
0.506803 0.258503 0.234694
0.518519 0.230274 0.251208
0.454992 0.312602 0.232406
0.487961 0.263242 0.248796
0.508361 0.274247 0.217391
0.495114 0.263844 0.241042
0.495652 0.250435 0.253913
0.513557 0.283892 0.202552
0.536304 0.242574 0.221122
0.518836 0.258562 0.222603
0.459416 0.290584 0.250000
0.447692 0.293846 0.258462
0.504078 0.243067 0.252855
0.510501 0.281099 0.208401
0.482085 0.309446 0.208469
0.493827 0.248457 0.257716
0.492777 0.272873 0.234350
0.494966 0.268456 0.236577
0.510870 0.259317 0.229814
0.467875 0.250412 0.281713
0.556684 0.240271 0.203046
0.463651 0.276252 0.260097
0.487603 0.294215 0.218182
0.494196 0.255390 0.250415
0.509709 0.239482 0.250809
0.499234 0.264931 0.235835
0.486529 0.261490 0.251981
0.510433 0.245586 0.243981
0.475200 0.275200 0.249600
0.465839 0.273292 0.260870
0.502318 0.267388 0.230294
0.492537 0.283582 0.223881
0.481191 0.278997 0.239812
0.502479 0.290909 0.206612
0.496700 0.293729 0.209571
0.516835 0.255892 0.227273
0.503344 0.250836 0.245819
0.475490 0.266340 0.258170
0.476190 0.284014 0.239796
0.479452 0.266362 0.254186
0.490323 0.283871 0.225806
0.505804 0.283582 0.210614
0.503257 0.258958 0.237785
0.520325 0.243902 0.235772
0.467427 0.281759 0.250814
0.535948 0.240196 0.223856
0.480207 0.283993 0.235800
0.513428 0.260664 0.225908
0.535370 0.234727 0.229904
0.532095 0.228041 0.239865
0.472973 0.270270 0.256757
0.510870 0.232919 0.256211
0.504967 0.243377 0.251656
0.471609 0.276025 0.252366
0.518760 0.261011 0.220228
0.517941 0.273011 0.209048
0.465798 0.276873 0.257329
0.505710 0.269168 0.225122
0.517707 0.271501 0.210793
0.494681 0.262411 0.242908
0.520064 0.237560 0.242376
0.506431 0.239550 0.254019
0.477816 0.257679 0.264505
0.517355 0.259504 0.223140
0.469579 0.274571 0.255850
0.515480 0.243034 0.241486
0.515447 0.276423 0.208130
0.477537 0.272879 0.249584
0.490291 0.281553 0.228155
0.476038 0.297125 0.226837
0.487562 0.278607 0.233831
0.461538 0.290064 0.248397
0.520134 0.271812 0.208054
0.489130 0.285714 0.225155
0.494540 0.263651 0.241810
0.543444 0.229068 0.227488
0.493485 0.265472 0.241042
0.482812 0.284375 0.232813
0.524957 0.259897 0.215146
0.500000 0.271331 0.228669
0.511438 0.245098 0.243464
0.482812 0.278125 0.239063
0.488215 0.289562 0.222222
0.488444 0.255778 0.255778
0.515447 0.255285 0.229268
0.513344 0.235479 0.251177
0.472403 0.271104 0.256494
0.504188 0.284757 0.211055
0.512605 0.253782 0.233613
0.469194 0.290679 0.240126
0.496855 0.268868 0.234277
0.527397 0.256849 0.215753
0.526316 0.266447 0.207237
0.503175 0.268254 0.228571
0.501639 0.275410 0.222951
0.491749 0.270627 0.237624
0.531348 0.269592 0.199060
0.514480 0.245315 0.240204
0.480645 0.288710 0.230645
0.489063 0.239063 0.271875
0.510367 0.258373 0.231260
0.505443 0.279938 0.214619
0.547739 0.234506 0.217755
0.523316 0.255613 0.221071
0.491667 0.266667 0.241667
0.518225 0.226624 0.255151
0.485531 0.297428 0.217042
0.537582 0.225490 0.236928
0.480190 0.263074 0.256735
0.509554 0.248408 0.242038
0.511438 0.261438 0.227124
0.512461 0.267913 0.219626
0.491115 0.281099 0.227787
0.545307 0.258900 0.195793
0.496088 0.270736 0.233177
0.489185 0.262895 0.247920
0.506998 0.265941 0.227061
0.527244 0.266026 0.206731
0.519685 0.266142 0.214173
0.494309 0.256911 0.248780
0.494418 0.277512 0.228070
0.475200 0.291200 0.233600
0.503226 0.253226 0.243548
0.508251 0.240924 0.250825
0.493464 0.246732 0.259804
0.508532 0.261092 0.230375
0.503448 0.263793 0.232759
0.508065 0.240323 0.251613
0.515773 0.246057 0.238170
0.499197 0.255217 0.245586
0.516129 0.262903 0.220968
0.478469 0.280702 0.240829
0.520312 0.270313 0.209375
0.502415 0.239936 0.257649
0.505137 0.253425 0.241438
0.496656 0.277592 0.225753
0.483553 0.276316 0.240132
0.506891 0.280245 0.212864
0.469579 0.279251 0.251170
0.529032 0.246774 0.224194
0.485246 0.270492 0.244262
0.487055 0.275081 0.237864
0.498403 0.281150 0.220447
0.509772 0.270358 0.219870
0.493377 0.261589 0.245033
0.518760 0.259380 0.221860
0.513514 0.244932 0.241554
0.496979 0.261329 0.241692
0.524510 0.250000 0.225490
0.477636 0.274760 0.247604
0.500000 0.277429 0.222571
0.490998 0.288052 0.220949
0.491028 0.261011 0.247961
0.511327 0.249191 0.239482
0.507538 0.271357 0.221106
0.533123 0.257098 0.209779
0.531882 0.255054 0.213064
0.475728 0.299353 0.224919
0.513289 0.240864 0.245847
0.546823 0.235786 0.217391
0.483412 0.273302 0.243286
0.489552 0.276119 0.234328
0.494309 0.261789 0.243902
0.490401 0.254799 0.254799
0.495050 0.267327 0.237624
0.518707 0.268707 0.212585
0.512356 0.255354 0.232290
0.521531 0.269537 0.208931
0.497553 0.261011 0.241436
0.480253 0.270142 0.249605
0.513029 0.239414 0.247557
0.563011 0.220949 0.216039
0.517451 0.261002 0.221548
0.496622 0.270270 0.233108
0.499218 0.270736 0.230047
0.494078 0.287648 0.218274
0.503086 0.266975 0.229938
0.501695 0.269492 0.228814
0.540584 0.241883 0.217532
0.540412 0.256735 0.202853
0.531250 0.231908 0.236842
0.510269 0.259084 0.230648
0.507788 0.252336 0.239875
0.496855 0.256289 0.246855
0.504105 0.257800 0.238095
0.522508 0.262058 0.215434
0.492284 0.280864 0.226852
0.477905 0.256956 0.265139
0.486088 0.270049 0.243863
0.515576 0.260125 0.224299
0.481419 0.277027 0.241554
0.539200 0.262400 0.198400
0.498377 0.254870 0.246753
