0.999822 0.000136 0.000028 0.000013 0.000000 0.000001 0.000000
0.999762 0.000167 0.000026 0.000005 0.000000 0.000040 0.000000
0.999553 0.000354 0.000053 0.000012 0.000000 0.000028 0.000000
0.999362 0.000512 0.000062 0.000028 0.000000 0.000036 0.000000
0.998892 0.000906 0.000109 0.000049 0.000000 0.000044 0.000000
0.998165 0.001536 0.000168 0.000081 0.000000 0.000050 0.000000
0.997044 0.002429 0.000314 0.000142 0.000000 0.000072 0.000000
0.995632 0.003546 0.000483 0.000226 0.000000 0.000113 0.000000
0.993301 0.005483 0.000697 0.000350 0.000000 0.000170 0.000000
0.990129 0.007933 0.001115 0.000561 0.000000 0.000262 0.000000
0.985869 0.011238 0.001668 0.000837 0.000000 0.000387 0.000000
0.980041 0.015790 0.002392 0.001207 0.000001 0.000568 0.000000
0.972572 0.021525 0.003322 0.001720 0.000001 0.000859 0.000000
0.962900 0.028853 0.004608 0.002362 0.000003 0.001274 0.000000
0.950681 0.038058 0.006279 0.003185 0.000007 0.001790 0.000000
0.936967 0.048112 0.008238 0.004214 0.000009 0.002460 0.000000
0.920953 0.059582 0.010631 0.005515 0.000016 0.003303 0.000000
0.903526 0.071886 0.013345 0.006910 0.000021 0.004313 0.000000
0.884096 0.085122 0.016567 0.008632 0.000022 0.005560 0.000000
0.863106 0.098981 0.020264 0.010513 0.000028 0.007108 0.000000
0.842336 0.111961 0.024201 0.012567 0.000035 0.008901 0.000001
0.820816 0.124723 0.028543 0.014839 0.000046 0.011032 0.000002
0.800058 0.136468 0.032832 0.017135 0.000055 0.013451 0.000001
0.778665 0.147753 0.037549 0.019684 0.000064 0.016284 0.000001
0.758018 0.157731 0.042515 0.022273 0.000077 0.019385 0.000001
0.737178 0.167158 0.047764 0.024938 0.000089 0.022872 0.000001
0.717370 0.175317 0.052954 0.027582 0.000104 0.026671 0.000002
0.697547 0.182704 0.058376 0.030382 0.000120 0.030868 0.000003
0.678657 0.188797 0.063621 0.033132 0.000139 0.035651 0.000004
0.660570 0.193841 0.068868 0.035879 0.000160 0.040679 0.000004
0.643140 0.197803 0.074129 0.038575 0.000182 0.046167 0.000004
0.626013 0.201091 0.079248 0.041179 0.000203 0.052262 0.000004
0.609386 0.203622 0.084326 0.043788 0.000225 0.058649 0.000004
0.593173 0.205112 0.089361 0.046345 0.000248 0.065757 0.000004
0.576884 0.206546 0.094241 0.048931 0.000276 0.073118 0.000004
0.562433 0.206432 0.098733 0.051288 0.000308 0.080801 0.000005
0.548114 0.205448 0.103242 0.053633 0.000337 0.089221 0.000005
0.535408 0.203679 0.107122 0.055683 0.000367 0.097737 0.000005
0.523337 0.201214 0.110698 0.057705 0.000393 0.106646 0.000006
0.512165 0.198194 0.114035 0.059553 0.000419 0.115625 0.000008
0.503103 0.194689 0.116584 0.060877 0.000445 0.124291 0.000010
0.493504 0.190630 0.119118 0.062260 0.000473 0.134005 0.000011
0.485719 0.186553 0.120899 0.063303 0.000498 0.143017 0.000012
0.477922 0.182229 0.122678 0.064331 0.000530 0.152298 0.000013
0.471163 0.177815 0.123872 0.065122 0.000561 0.161453 0.000013
0.464372 0.173177 0.125009 0.065803 0.000588 0.171036 0.000015
0.458665 0.168629 0.125653 0.066231 0.000616 0.180191 0.000016
0.453449 0.164348 0.125976 0.066375 0.000645 0.189188 0.000019
0.446992 0.160178 0.126497 0.066690 0.000677 0.198946 0.000020
0.441826 0.156016 0.126493 0.066707 0.000715 0.208220 0.000024
0.436407 0.152200 0.126449 0.066715 0.000737 0.217466 0.000026
0.431379 0.148599 0.126257 0.066535 0.000762 0.226440 0.000027
0.425885 0.145086 0.126009 0.066397 0.000778 0.235815 0.000029
0.419756 0.141428 0.125948 0.066405 0.000799 0.245631 0.000033
0.415371 0.137763 0.125225 0.066153 0.000829 0.254625 0.000035
0.410215 0.133592 0.124709 0.065863 0.000863 0.264721 0.000037
0.406006 0.129497 0.124006 0.065528 0.000889 0.274035 0.000039
0.402367 0.125439 0.123083 0.065098 0.000912 0.283058 0.000043
0.399090 0.121282 0.121879 0.064569 0.000932 0.292200 0.000047
0.395427 0.117108 0.120796 0.063937 0.000963 0.301719 0.000050
0.393497 0.112987 0.119135 0.063115 0.000981 0.310232 0.000053
0.390934 0.109380 0.117748 0.062465 0.001001 0.318413 0.000058
0.388925 0.105668 0.116000 0.061592 0.001018 0.326737 0.000061
0.386832 0.102011 0.114350 0.060711 0.001041 0.334991 0.000064
0.385356 0.098300 0.112274 0.059667 0.001048 0.343287 0.000069
0.383887 0.094503 0.110519 0.058786 0.001055 0.351180 0.000072
0.382929 0.091046 0.108515 0.057781 0.001052 0.358601 0.000077
0.382138 0.087884 0.106542 0.056854 0.001057 0.365445 0.000079
0.381645 0.084519 0.104318 0.055741 0.001062 0.372632 0.000083
0.381308 0.081221 0.102079 0.054634 0.001070 0.379602 0.000086
0.381287 0.077966 0.099768 0.053449 0.001075 0.386363 0.000092
0.381435 0.075107 0.097552 0.052262 0.001078 0.392472 0.000095
0.382172 0.072180 0.095082 0.050997 0.001077 0.398396 0.000098
0.382940 0.069906 0.093058 0.049909 0.001082 0.403003 0.000103
0.384179 0.067290 0.090718 0.048688 0.001083 0.407935 0.000107
0.385885 0.064596 0.088264 0.047335 0.001073 0.412736 0.000111
0.387433 0.062259 0.085823 0.045997 0.001074 0.417299 0.000115
0.389286 0.060387 0.083542 0.044709 0.001067 0.420889 0.000120
0.391525 0.058415 0.081266 0.043468 0.001057 0.424145 0.000125
0.393784 0.056568 0.078946 0.042212 0.001043 0.427319 0.000129
0.396159 0.055117 0.076748 0.040995 0.001033 0.429813 0.000133
0.398490 0.053788 0.074691 0.039886 0.001034 0.431974 0.000137
0.400677 0.052273 0.072523 0.038722 0.001024 0.434642 0.000138
0.403189 0.051391 0.070700 0.037806 0.001018 0.435755 0.000141
0.405127 0.050368 0.068809 0.036880 0.001014 0.437658 0.000144
0.407008 0.049377 0.066767 0.035804 0.001002 0.439894 0.000149
0.409232 0.048813 0.065097 0.034892 0.000987 0.440829 0.000151
0.410993 0.047865 0.063494 0.034018 0.000975 0.442501 0.000154
0.412817 0.047274 0.062055 0.033278 0.000963 0.443455 0.000159
0.414377 0.046552 0.060692 0.032525 0.000948 0.444742 0.000163
0.416392 0.045683 0.059101 0.031701 0.000934 0.446023 0.000167
0.418375 0.045032 0.057683 0.031016 0.000919 0.446808 0.000169
0.420334 0.044251 0.056228 0.030291 0.000909 0.447813 0.000174
0.422398 0.043844 0.055093 0.029677 0.000896 0.447915 0.000177
0.424265 0.043064 0.053935 0.029045 0.000896 0.448615 0.000180
0.426475 0.042477 0.052754 0.028387 0.000888 0.448834 0.000184
0.428653 0.041714 0.051513 0.027720 0.000873 0.449341 0.000187
0.430941 0.041155 0.050401 0.027104 0.000858 0.449351 0.000192
0.432908 0.040674 0.049424 0.026547 0.000850 0.449402 0.000195
0.435004 0.040206 0.048486 0.026033 0.000836 0.449237 0.000199
0.437229 0.039616 0.047493 0.025452 0.000834 0.449176 0.000201
0.439440 0.039184 0.046601 0.024974 0.000823 0.448774 0.000204
0.441675 0.038983 0.045729 0.024518 0.000808 0.448081 0.000206
0.444009 0.038621 0.044922 0.024081 0.000796 0.447362 0.000210
0.446199 0.038191 0.044001 0.023607 0.000784 0.447004 0.000214
0.448236 0.037997 0.043353 0.023261 0.000776 0.446161 0.000216
0.450543 0.037855 0.042822 0.022914 0.000760 0.444890 0.000217
0.452827 0.037621 0.042119 0.022533 0.000750 0.443930 0.000221
0.455155 0.037559 0.041444 0.022103 0.000739 0.442776 0.000223
0.457229 0.037531 0.040954 0.021829 0.000731 0.441500 0.000226
0.459654 0.037427 0.040298 0.021478 0.000715 0.440199 0.000228
0.461949 0.037411 0.039779 0.021212 0.000710 0.438710 0.000228
0.464442 0.037291 0.039103 0.020889 0.000695 0.437348 0.000231
0.466803 0.037284 0.038636 0.020637 0.000683 0.435722 0.000234
0.469055 0.037486 0.038206 0.020379 0.000673 0.433964 0.000236
0.471216 0.037680 0.037922 0.020249 0.000667 0.432025 0.000240
0.473345 0.037960 0.037406 0.019986 0.000659 0.430400 0.000244
0.475010 0.038421 0.037172 0.019861 0.000649 0.428643 0.000244
0.476541 0.038710 0.037000 0.019721 0.000642 0.427137 0.000249
0.478141 0.039155 0.036810 0.019582 0.000631 0.425432 0.000249
0.479444 0.039653 0.036758 0.019512 0.000626 0.423756 0.000251
0.480462 0.039887 0.036616 0.019399 0.000621 0.422763 0.000253
0.481716 0.040363 0.036621 0.019378 0.000615 0.421053 0.000254
0.482773 0.040596 0.036569 0.019379 0.000607 0.419818 0.000257
0.483842 0.040536 0.036467 0.019321 0.000594 0.418981 0.000260
0.484947 0.041042 0.036495 0.019271 0.000585 0.417396 0.000264
0.485888 0.041277 0.036523 0.019274 0.000578 0.416193 0.000268
0.486911 0.041382 0.036433 0.019246 0.000575 0.415181 0.000272
0.487567 0.041521 0.036541 0.019250 0.000570 0.414279 0.000272
0.488806 0.041719 0.036543 0.019272 0.000561 0.412824 0.000274
0.489765 0.041876 0.036612 0.019234 0.000548 0.411690 0.000276
0.490709 0.042127 0.036619 0.019206 0.000536 0.410526 0.000278
0.491527 0.042378 0.036811 0.019284 0.000529 0.409192 0.000279
0.492648 0.042444 0.036803 0.019298 0.000524 0.408001 0.000282
0.493936 0.042696 0.036839 0.019320 0.000516 0.406408 0.000285
0.494465 0.042919 0.037006 0.019377 0.000515 0.405431 0.000287
0.495689 0.043124 0.037066 0.019347 0.000511 0.403975 0.000288
0.496660 0.043308 0.037094 0.019354 0.000504 0.402792 0.000289
0.497932 0.043701 0.037191 0.019346 0.000500 0.401038 0.000292
0.498777 0.044030 0.037284 0.019422 0.000496 0.399698 0.000293
0.499286 0.044505 0.037483 0.019536 0.000498 0.398398 0.000293
0.500012 0.045056 0.037685 0.019624 0.000496 0.396831 0.000296
0.499665 0.045468 0.037929 0.019773 0.000495 0.396371 0.000299
0.500228 0.046078 0.038077 0.019887 0.000495 0.394936 0.000298
0.500273 0.046448 0.038315 0.020057 0.000491 0.394116 0.000301
0.500160 0.046846 0.038515 0.020210 0.000487 0.393480 0.000303
0.500259 0.047125 0.038707 0.020355 0.000486 0.392762 0.000306
0.500378 0.047509 0.038920 0.020476 0.000486 0.391923 0.000308
0.500320 0.047716 0.039118 0.020578 0.000484 0.391476 0.000309
0.500147 0.047750 0.039294 0.020622 0.000480 0.391394 0.000311
0.500357 0.048003 0.039503 0.020756 0.000478 0.390588 0.000315
0.500308 0.048095 0.039740 0.020939 0.000477 0.390126 0.000316
0.500482 0.048166 0.039888 0.021012 0.000473 0.389660 0.000319
0.500429 0.048278 0.040130 0.021151 0.000478 0.389214 0.000319
0.500529 0.048314 0.040369 0.021233 0.000479 0.388755 0.000321
0.500679 0.048272 0.040406 0.021312 0.000477 0.388531 0.000322
0.500734 0.048486 0.040588 0.021386 0.000472 0.388012 0.000322
0.500687 0.048575 0.040782 0.021493 0.000474 0.387665 0.000324
0.500759 0.048654 0.040875 0.021559 0.000468 0.387358 0.000327
0.500594 0.048803 0.041084 0.021639 0.000468 0.387082 0.000329
0.500585 0.048898 0.041391 0.021799 0.000466 0.386530 0.000332
0.500692 0.048937 0.041525 0.021874 0.000469 0.386172 0.000331
0.500500 0.049056 0.041733 0.021993 0.000472 0.385915 0.000332
0.500592 0.049062 0.041843 0.022039 0.000470 0.385661 0.000333
0.500342 0.049214 0.041994 0.022172 0.000470 0.385473 0.000335
0.500460 0.049253 0.041966 0.022140 0.000465 0.385379 0.000338
0.500350 0.049335 0.042061 0.022183 0.000463 0.385267 0.000341
0.500293 0.049420 0.042272 0.022293 0.000459 0.384921 0.000342
0.500218 0.049479 0.042325 0.022340 0.000457 0.384835 0.000345
0.500308 0.049512 0.042403 0.022401 0.000458 0.384573 0.000346
0.500051 0.049593 0.042587 0.022505 0.000460 0.384457 0.000348
0.499913 0.049609 0.042803 0.022577 0.000461 0.384289 0.000350
0.499827 0.049613 0.042900 0.022593 0.000467 0.384249 0.000350
0.499781 0.049694 0.043038 0.022681 0.000467 0.383987 0.000352
0.499730 0.049753 0.043135 0.022672 0.000469 0.383886 0.000355
0.499597 0.049793 0.043229 0.022736 0.000472 0.383818 0.000356
0.499498 0.049798 0.043354 0.022802 0.000471 0.383721 0.000356
0.499452 0.049798 0.043423 0.022830 0.000472 0.383668 0.000357
0.499304 0.049850 0.043519 0.022863 0.000474 0.383632 0.000359
0.499212 0.049958 0.043593 0.022862 0.000477 0.383536 0.000363
0.499153 0.049865 0.043726 0.022908 0.000478 0.383505 0.000365
0.499123 0.049890 0.043798 0.022937 0.000477 0.383410 0.000366
0.499101 0.049819 0.043889 0.022982 0.000476 0.383362 0.000370
0.499110 0.049711 0.043930 0.023037 0.000474 0.383367 0.000371
0.499196 0.049684 0.043935 0.023055 0.000474 0.383283 0.000374
0.499189 0.049643 0.043981 0.023046 0.000481 0.383287 0.000373
0.499091 0.049644 0.043991 0.023074 0.000488 0.383335 0.000377
0.499073 0.049643 0.043971 0.023108 0.000492 0.383335 0.000378
0.499017 0.049668 0.043982 0.023116 0.000494 0.383340 0.000381
0.499155 0.049562 0.043986 0.023132 0.000495 0.383288 0.000382
0.499002 0.049541 0.044013 0.023175 0.000494 0.383391 0.000383
0.498986 0.049438 0.044066 0.023217 0.000495 0.383412 0.000386
0.499082 0.049397 0.043990 0.023290 0.000495 0.383359 0.000387
0.498873 0.049395 0.044052 0.023315 0.000491 0.383484 0.000390
0.498820 0.049290 0.044151 0.023301 0.000491 0.383553 0.000394
0.498929 0.049157 0.044186 0.023356 0.000488 0.383490 0.000394
0.499011 0.049131 0.044145 0.023395 0.000487 0.383436 0.000395
0.498921 0.049018 0.044171 0.023451 0.000489 0.383551 0.000398
0.498946 0.048942 0.044216 0.023462 0.000492 0.383542 0.000400
0.499120 0.048855 0.044262 0.023422 0.000485 0.383455 0.000401
0.499135 0.048892 0.044249 0.023431 0.000491 0.383400 0.000402
0.499085 0.048890 0.044226 0.023414 0.000489 0.383491 0.000405
0.499218 0.048908 0.044095 0.023376 0.000494 0.383502 0.000408
0.499260 0.048895 0.044042 0.023350 0.000487 0.383558 0.000408
0.499307 0.048892 0.044055 0.023330 0.000484 0.383522 0.000412
0.499388 0.048848 0.044066 0.023297 0.000482 0.383506 0.000414
0.499370 0.048791 0.044049 0.023322 0.000482 0.383571 0.000415
0.499368 0.048822 0.044130 0.023281 0.000488 0.383496 0.000415
0.499389 0.048789 0.044080 0.023266 0.000486 0.383573 0.000417
0.499518 0.048730 0.044108 0.023274 0.000491 0.383459 0.000420
0.499513 0.048727 0.044053 0.023281 0.000493 0.383508 0.000424
0.499555 0.048734 0.044021 0.023263 0.000497 0.383504 0.000424
0.499483 0.048770 0.043941 0.023205 0.000497 0.383677 0.000427
0.499492 0.048749 0.043907 0.023197 0.000499 0.383727 0.000430
0.499510 0.048690 0.043874 0.023149 0.000502 0.383844 0.000432
0.499583 0.048698 0.043891 0.023191 0.000511 0.383695 0.000431
0.499564 0.048654 0.043894 0.023185 0.000513 0.383755 0.000435
0.499585 0.048614 0.043835 0.023121 0.000512 0.383899 0.000435
0.499650 0.048615 0.043761 0.023097 0.000508 0.383933 0.000436
0.499695 0.048544 0.043751 0.023056 0.000506 0.384010 0.000439
0.499851 0.048517 0.043753 0.023070 0.000503 0.383867 0.000439
0.499950 0.048427 0.043740 0.023108 0.000500 0.383834 0.000441
0.500070 0.048360 0.043653 0.023107 0.000498 0.383867 0.000444
0.500174 0.048247 0.043680 0.023132 0.000499 0.383820 0.000447
0.500226 0.048214 0.043652 0.023140 0.000500 0.383818 0.000450
0.500259 0.048205 0.043621 0.023153 0.000500 0.383810 0.000452
0.500346 0.048221 0.043599 0.023102 0.000504 0.383774 0.000455
0.500410 0.048223 0.043550 0.023068 0.000506 0.383788 0.000455
0.500497 0.048171 0.043537 0.023063 0.000510 0.383767 0.000456
0.500481 0.048150 0.043549 0.023054 0.000510 0.383798 0.000459
0.500571 0.048098 0.043561 0.023060 0.000511 0.383738 0.000461
0.500659 0.048131 0.043522 0.023067 0.000509 0.383647 0.000464
0.500735 0.048179 0.043497 0.023010 0.000512 0.383603 0.000464
0.500864 0.048155 0.043501 0.023000 0.000511 0.383503 0.000466
0.500906 0.048164 0.043512 0.023020 0.000510 0.383418 0.000469
0.501076 0.048174 0.043454 0.022989 0.000509 0.383330 0.000468
0.501178 0.048223 0.043430 0.022984 0.000506 0.383208 0.000472
0.501065 0.048261 0.043410 0.022992 0.000506 0.383293 0.000474
0.501187 0.048143 0.043370 0.022963 0.000509 0.383352 0.000476
0.501247 0.048181 0.043365 0.022947 0.000514 0.383268 0.000477
0.501406 0.048177 0.043313 0.022956 0.000509 0.383159 0.000480
0.501472 0.048227 0.043319 0.022954 0.000508 0.383039 0.000481
0.501475 0.048272 0.043344 0.022965 0.000504 0.382953 0.000486
0.501472 0.048316 0.043330 0.022993 0.000502 0.382900 0.000487
0.501543 0.048360 0.043321 0.022948 0.000500 0.382841 0.000488
0.501637 0.048314 0.043338 0.022963 0.000502 0.382756 0.000490
0.501757 0.048353 0.043296 0.022965 0.000500 0.382633 0.000495
0.501738 0.048377 0.043331 0.022931 0.000501 0.382625 0.000497
0.501951 0.048360 0.043254 0.022852 0.000496 0.382592 0.000497
0.502069 0.048334 0.043260 0.022845 0.000494 0.382500 0.000498
0.502119 0.048366 0.043316 0.022857 0.000493 0.382348 0.000502
0.502208 0.048384 0.043339 0.022900 0.000486 0.382181 0.000502
0.502328 0.048341 0.043351 0.022881 0.000486 0.382108 0.000505
0.502208 0.048425 0.043329 0.022900 0.000491 0.382138 0.000509
0.502323 0.048473 0.043245 0.022911 0.000495 0.382043 0.000510
0.502280 0.048563 0.043281 0.022908 0.000496 0.381960 0.000512
0.502300 0.048604 0.043321 0.022902 0.000492 0.381864 0.000516
0.502181 0.048633 0.043421 0.022923 0.000484 0.381840 0.000518
0.502282 0.048693 0.043406 0.022904 0.000485 0.381712 0.000518
0.502234 0.048680 0.043519 0.022897 0.000478 0.381671 0.000521
0.502082 0.048750 0.043563 0.022891 0.000483 0.381708 0.000524
0.502119 0.048750 0.043529 0.022919 0.000480 0.381678 0.000526
0.502044 0.048715 0.043568 0.022987 0.000474 0.381685 0.000526
0.502023 0.048720 0.043550 0.022988 0.000473 0.381718 0.000528
0.502092 0.048760 0.043531 0.022972 0.000470 0.381645 0.000530
0.502060 0.048671 0.043580 0.022990 0.000467 0.381700 0.000531
0.501977 0.048665 0.043674 0.023014 0.000468 0.381670 0.000533
0.501983 0.048633 0.043683 0.023051 0.000466 0.381648 0.000536
0.502154 0.048558 0.043711 0.023081 0.000467 0.381490 0.000539
0.502147 0.048528 0.043678 0.023068 0.000475 0.381560 0.000543
0.502107 0.048615 0.043693 0.023049 0.000481 0.381509 0.000545
0.502281 0.048633 0.043607 0.023017 0.000484 0.381435 0.000543
0.502327 0.048658 0.043650 0.023049 0.000485 0.381288 0.000543
0.502239 0.048680 0.043655 0.023035 0.000490 0.381354 0.000547
0.502242 0.048643 0.043638 0.023085 0.000489 0.381357 0.000547
0.502229 0.048707 0.043614 0.023091 0.000494 0.381317 0.000548
0.502273 0.048783 0.043543 0.023051 0.000497 0.381304 0.000549
0.502170 0.048831 0.043572 0.023108 0.000495 0.381272 0.000552
0.502185 0.048910 0.043586 0.023102 0.000501 0.381164 0.000553
0.502032 0.048946 0.043627 0.023124 0.000508 0.381210 0.000553
0.502117 0.048909 0.043553 0.023122 0.000504 0.381242 0.000553
0.502122 0.049011 0.043552 0.023120 0.000509 0.381131 0.000556
0.502017 0.049069 0.043502 0.023147 0.000518 0.381191 0.000556
0.501957 0.049062 0.043553 0.023176 0.000520 0.381175 0.000557
0.501853 0.049064 0.043624 0.023159 0.000516 0.381225 0.000558
0.501948 0.049107 0.043632 0.023120 0.000512 0.381119 0.000562
0.501726 0.049188 0.043632 0.023168 0.000510 0.381212 0.000564
0.501592 0.049211 0.043656 0.023153 0.000511 0.381311 0.000567
0.501612 0.049219 0.043655 0.023119 0.000508 0.381320 0.000569
0.501559 0.049138 0.043644 0.023123 0.000505 0.381460 0.000570
0.501646 0.049068 0.043647 0.023162 0.000502 0.381406 0.000570
0.501652 0.049068 0.043672 0.023180 0.000501 0.381353 0.000574
0.501630 0.048996 0.043674 0.023219 0.000505 0.381402 0.000574
0.501509 0.048931 0.043731 0.023249 0.000506 0.381498 0.000576
0.501430 0.048965 0.043728 0.023239 0.000507 0.381551 0.000579
0.501538 0.048968 0.043685 0.023218 0.000507 0.381504 0.000580
0.501314 0.048977 0.043741 0.023246 0.000502 0.381638 0.000582
0.501234 0.049039 0.043711 0.023236 0.000499 0.381699 0.000583
0.501348 0.048967 0.043752 0.023237 0.000499 0.381612 0.000585
0.682007 0.031121 0.027862 0.014816 0.000318 0.243503 0.000373
