0.998927 0.001045 0.000023 0.000005 0.000000 0.000000 0.000000 0.000028
0.998636 0.001233 0.000083 0.000044 0.000000 0.000005 0.000000 0.000132
0.998202 0.001529 0.000163 0.000087 0.000000 0.000018 0.000000 0.000270
0.997668 0.001910 0.000250 0.000133 0.000000 0.000040 0.000000 0.000424
0.996958 0.002419 0.000353 0.000194 0.000000 0.000076 0.000000 0.000624
0.996057 0.003068 0.000478 0.000284 0.000000 0.000114 0.000000 0.000877
0.994855 0.003917 0.000654 0.000387 0.000002 0.000186 0.000000 0.001230
0.993405 0.004969 0.000848 0.000509 0.000003 0.000267 0.000000 0.001632
0.991524 0.006266 0.001160 0.000680 0.000003 0.000368 0.000000 0.002221
0.989205 0.007875 0.001514 0.000893 0.000005 0.000509 0.000000 0.002937
0.986350 0.009848 0.001961 0.001130 0.000008 0.000704 0.000000 0.003827
0.982774 0.012343 0.002513 0.001420 0.000011 0.000939 0.000000 0.004921
0.978500 0.015268 0.003198 0.001782 0.000015 0.001237 0.000000 0.006284
0.973311 0.018822 0.003992 0.002253 0.000023 0.001599 0.000000 0.007936
0.967072 0.023060 0.004970 0.002813 0.000028 0.002057 0.000001 0.009960
0.959453 0.028230 0.006128 0.003511 0.000036 0.002641 0.000002 0.012441
0.950463 0.034202 0.007571 0.004373 0.000039 0.003352 0.000002 0.015499
0.939779 0.041254 0.009310 0.005335 0.000047 0.004272 0.000002 0.019179
0.926930 0.049635 0.011462 0.006533 0.000066 0.005370 0.000003 0.023708
0.912050 0.059279 0.013915 0.007950 0.000080 0.006722 0.000003 0.029013
0.894846 0.070308 0.016782 0.009644 0.000098 0.008316 0.000005 0.035281
0.875101 0.082736 0.020278 0.011547 0.000115 0.010214 0.000008 0.042712
0.852807 0.096474 0.024195 0.013792 0.000138 0.012584 0.000010 0.051410
0.827801 0.111515 0.028784 0.016341 0.000170 0.015377 0.000012 0.061541
0.800754 0.127066 0.034005 0.019293 0.000203 0.018666 0.000014 0.073233
0.771428 0.143277 0.039825 0.022651 0.000241 0.022562 0.000016 0.086596
0.740273 0.159859 0.046207 0.026345 0.000297 0.027001 0.000019 0.101473
0.707728 0.176432 0.053157 0.030197 0.000359 0.032107 0.000021 0.117832
0.674168 0.192341 0.060584 0.034570 0.000413 0.037898 0.000025 0.135920
0.640438 0.206970 0.068310 0.039161 0.000503 0.044590 0.000027 0.155525
0.606666 0.220378 0.076448 0.043814 0.000587 0.052072 0.000035 0.176476
0.573405 0.232182 0.084635 0.048728 0.000698 0.060309 0.000044 0.198669
0.541094 0.242026 0.092984 0.053564 0.000790 0.069490 0.000054 0.221954
0.510616 0.249353 0.101273 0.058343 0.000895 0.079455 0.000066 0.246019
0.481464 0.254813 0.109582 0.063106 0.001004 0.089951 0.000079 0.270809
0.454075 0.258306 0.117430 0.067522 0.001127 0.101447 0.000093 0.295886
0.428774 0.259525 0.124854 0.071815 0.001257 0.113669 0.000106 0.321332
0.405695 0.258736 0.131774 0.075858 0.001377 0.126442 0.000118 0.346717
0.384447 0.256471 0.138217 0.079481 0.001523 0.139722 0.000139 0.371915
0.365244 0.252625 0.143968 0.082777 0.001671 0.153559 0.000157 0.396785
0.347949 0.247229 0.149192 0.085674 0.001836 0.167946 0.000175 0.421446
0.332334 0.240921 0.153607 0.088411 0.001982 0.182552 0.000194 0.445540
0.318456 0.234009 0.157154 0.090530 0.002120 0.197512 0.000220 0.468721
0.306088 0.226495 0.160049 0.092165 0.002264 0.212694 0.000245 0.491154
0.295207 0.218309 0.162433 0.093438 0.002440 0.227898 0.000274 0.513006
0.285463 0.209968 0.164137 0.094456 0.002598 0.243068 0.000309 0.534076
0.276754 0.201520 0.165085 0.095068 0.002745 0.258489 0.000339 0.554352
0.269323 0.193014 0.165592 0.095225 0.002879 0.273591 0.000378 0.573646
0.262723 0.184593 0.165518 0.095166 0.003014 0.288576 0.000410 0.592142
0.256947 0.176459 0.164922 0.094932 0.003141 0.303149 0.000451 0.609842
0.251774 0.168728 0.163681 0.094382 0.003261 0.317687 0.000486 0.626573
0.247427 0.160971 0.162370 0.093521 0.003378 0.331805 0.000528 0.642692
0.243712 0.153541 0.160627 0.092386 0.003499 0.345673 0.000562 0.658040
0.240585 0.146371 0.158505 0.091254 0.003582 0.359093 0.000612 0.672724
0.238030 0.139538 0.156176 0.089976 0.003676 0.371948 0.000656 0.686703
0.235869 0.133020 0.153632 0.088496 0.003749 0.384533 0.000701 0.700049
0.234282 0.126780 0.150958 0.086773 0.003843 0.396622 0.000742 0.712743
0.233105 0.120807 0.148054 0.085046 0.003951 0.408251 0.000786 0.724940
0.232237 0.115152 0.144784 0.083395 0.004037 0.419566 0.000829 0.736627
0.231710 0.110014 0.141644 0.081538 0.004104 0.430113 0.000878 0.747624
0.231680 0.105110 0.138335 0.079672 0.004146 0.440124 0.000935 0.758129
0.231948 0.100303 0.135020 0.077759 0.004186 0.449792 0.000991 0.768306
0.232339 0.095909 0.131548 0.075825 0.004234 0.459105 0.001040 0.777967
0.232973 0.091917 0.128141 0.073740 0.004282 0.467855 0.001093 0.787109
0.233839 0.088030 0.124758 0.071851 0.004310 0.476066 0.001146 0.795979
0.234986 0.084408 0.121364 0.069933 0.004330 0.483772 0.001206 0.804455
0.236255 0.081234 0.117989 0.067943 0.004349 0.490972 0.001258 0.812531
0.237651 0.078173 0.114628 0.066002 0.004371 0.497868 0.001309 0.820335
0.239256 0.075219 0.111402 0.064198 0.004368 0.504188 0.001368 0.827956
0.241058 0.072593 0.108115 0.062292 0.004370 0.510155 0.001417 0.835200
0.243012 0.070016 0.105039 0.060460 0.004366 0.515636 0.001471 0.842205
0.245034 0.067710 0.101953 0.058628 0.004344 0.520804 0.001528 0.848976
0.247070 0.065539 0.098837 0.056900 0.004327 0.525749 0.001578 0.855533
0.249402 0.063619 0.095817 0.055163 0.004300 0.530059 0.001640 0.861757
0.251767 0.061799 0.092972 0.053473 0.004286 0.534016 0.001687 0.867933
0.254224 0.060110 0.090214 0.051936 0.004260 0.537519 0.001737 0.873946
0.256730 0.058553 0.087520 0.050452 0.004219 0.540733 0.001792 0.879704
0.259195 0.057181 0.084912 0.049082 0.004177 0.543607 0.001847 0.885401
0.261783 0.055872 0.082516 0.047666 0.004143 0.546120 0.001900 0.890926
0.264368 0.054644 0.080147 0.046222 0.004102 0.548559 0.001958 0.896332
0.267121 0.053382 0.077883 0.044986 0.004056 0.550559 0.002014 0.901725
0.269875 0.052313 0.075677 0.043739 0.004039 0.552292 0.002066 0.906962
0.272440 0.051452 0.073591 0.042535 0.003990 0.553881 0.002112 0.911993
0.275194 0.050618 0.071499 0.041360 0.003954 0.555212 0.002163 0.916928
0.278035 0.049796 0.069572 0.040315 0.003907 0.556157 0.002218 0.921852
0.280788 0.049078 0.067802 0.039302 0.003854 0.556912 0.002264 0.926765
0.283646 0.048386 0.066098 0.038291 0.003800 0.557468 0.002313 0.931569
0.286463 0.047784 0.064520 0.037245 0.003747 0.557886 0.002356 0.936325
0.289386 0.047248 0.062849 0.036303 0.003692 0.558118 0.002404 0.940959
0.292174 0.046729 0.061388 0.035414 0.003659 0.558186 0.002450 0.945555
0.295112 0.046302 0.059978 0.034518 0.003615 0.557975 0.002500 0.950089
0.298041 0.045841 0.058648 0.033678 0.003586 0.557668 0.002538 0.954613
0.300920 0.045400 0.057354 0.032892 0.003556 0.557291 0.002586 0.959127
0.303858 0.045006 0.056205 0.032154 0.003502 0.556639 0.002637 0.963585
0.306580 0.044776 0.054996 0.031526 0.003437 0.555998 0.002687 0.967938
0.309400 0.044605 0.053952 0.030883 0.003378 0.555053 0.002729 0.972325
0.312136 0.044396 0.052932 0.030332 0.003322 0.554116 0.002765 0.976732
0.314773 0.044139 0.052041 0.029795 0.003271 0.553172 0.002808 0.981180
0.317519 0.044017 0.051092 0.029237 0.003223 0.552060 0.002851 0.985517
0.320153 0.044013 0.050103 0.028738 0.003169 0.550936 0.002889 0.989784
0.322858 0.043989 0.049326 0.028246 0.003132 0.549516 0.002932 0.994071
0.325533 0.043877 0.048557 0.027786 0.003084 0.548190 0.002973 0.998389
0.328103 0.043901 0.047847 0.027367 0.003038 0.546736 0.003008 1.002666
0.330650 0.043869 0.047246 0.026992 0.002987 0.545210 0.003047 1.006930
0.333001 0.043989 0.046642 0.026634 0.002955 0.543692 0.003088 1.011240
0.335285 0.044125 0.046110 0.026330 0.002906 0.542116 0.003129 1.015609
0.337622 0.044256 0.045591 0.026073 0.002857 0.540426 0.003176 1.019943
0.339970 0.044219 0.045206 0.025820 0.002792 0.538783 0.003211 1.024372
0.342135 0.044406 0.044741 0.025550 0.002761 0.537167 0.003241 1.028695
0.344289 0.044568 0.044369 0.025313 0.002719 0.535463 0.003280 1.033075
0.346439 0.044674 0.044010 0.025085 0.002691 0.533787 0.003314 1.037522
0.348669 0.044767 0.043743 0.024900 0.002658 0.531918 0.003347 1.041971
0.350764 0.044882 0.043467 0.024751 0.002619 0.530131 0.003387 1.046379
0.352743 0.045158 0.043265 0.024571 0.002568 0.528272 0.003424 1.050758
0.354631 0.045512 0.042951 0.024400 0.002521 0.526522 0.003461 1.055192
0.356386 0.045719 0.042743 0.024328 0.002477 0.524853 0.003495 1.059676
0.358231 0.045927 0.042701 0.024255 0.002433 0.522923 0.003530 1.064288
0.359970 0.046231 0.042472 0.024160 0.002410 0.521192 0.003566 1.068775
0.361712 0.046365 0.042486 0.024138 0.002379 0.519323 0.003598 1.073430
0.363252 0.046726 0.042396 0.024018 0.002352 0.517628 0.003629 1.077993
0.364750 0.047085 0.042274 0.023972 0.002329 0.515933 0.003657 1.082606
0.366098 0.047509 0.042257 0.023937 0.002303 0.514210 0.003685 1.087258
0.367351 0.047953 0.042242 0.023952 0.002272 0.512519 0.003711 1.091906
0.368623 0.048267 0.042287 0.024021 0.002243 0.510815 0.003744 1.096690
0.369806 0.048647 0.042271 0.024012 0.002228 0.509265 0.003771 1.101450
0.370885 0.049121 0.042310 0.024052 0.002193 0.507638 0.003801 1.106221
0.372036 0.049333 0.042383 0.024177 0.002174 0.506063 0.003835 1.111138
0.373162 0.049653 0.042461 0.024303 0.002153 0.504406 0.003863 1.116068
0.374214 0.050124 0.042458 0.024393 0.002125 0.502796 0.003891 1.120914
0.375211 0.050467 0.042604 0.024446 0.002101 0.501245 0.003926 1.125868
0.376120 0.050775 0.042815 0.024502 0.002076 0.499755 0.003958 1.130880
0.376813 0.051254 0.042924 0.024498 0.002064 0.498462 0.003986 1.135854
0.377468 0.051651 0.043032 0.024604 0.002058 0.497176 0.004011 1.140918
0.378164 0.052080 0.043162 0.024670 0.002038 0.495849 0.004038 1.145973
0.378684 0.052644 0.043335 0.024819 0.001999 0.494454 0.004067 1.151047
0.379240 0.053124 0.043519 0.024925 0.001968 0.493134 0.004091 1.156197
0.379797 0.053539 0.043735 0.025000 0.001967 0.491848 0.004114 1.161433
0.380301 0.053988 0.043968 0.025112 0.001956 0.490531 0.004144 1.166688
0.380701 0.054370 0.044289 0.025251 0.001940 0.489280 0.004168 1.172074
0.381053 0.054768 0.044582 0.025349 0.001931 0.488124 0.004193 1.177399
0.381289 0.055025 0.044857 0.025622 0.001919 0.487072 0.004215 1.182903
0.381515 0.055445 0.045131 0.025735 0.001914 0.486016 0.004244 1.188337
0.381816 0.055676 0.045423 0.025998 0.001895 0.484926 0.004267 1.193891
0.382058 0.055951 0.045648 0.026157 0.001889 0.484002 0.004295 1.199406
0.382260 0.056335 0.045823 0.026258 0.001878 0.483128 0.004317 1.204870
0.382412 0.056755 0.046023 0.026378 0.001870 0.482220 0.004343 1.210362
0.382579 0.057089 0.046128 0.026592 0.001861 0.481384 0.004368 1.215926
0.382618 0.057375 0.046452 0.026747 0.001860 0.480560 0.004388 1.221543
0.382530 0.057655 0.046746 0.026831 0.001848 0.479977 0.004414 1.227216
0.382513 0.057932 0.046978 0.027060 0.001837 0.479246 0.004434 1.232915
0.382366 0.058421 0.047169 0.027134 0.001836 0.478614 0.004460 1.238507
0.382357 0.058699 0.047519 0.027302 0.001832 0.477808 0.004483 1.244266
0.382203 0.059013 0.047772 0.027542 0.001819 0.477143 0.004508 1.250084
0.381925 0.059387 0.048017 0.027639 0.001819 0.476681 0.004533 1.255836
0.381624 0.059709 0.048301 0.027765 0.001827 0.476215 0.004559 1.261713
0.381334 0.060095 0.048537 0.027864 0.001826 0.475762 0.004581 1.267570
0.380988 0.060369 0.048807 0.028052 0.001835 0.475343 0.004605 1.273505
0.380713 0.060621 0.048998 0.028149 0.001845 0.475046 0.004628 1.279384
0.380452 0.060878 0.049262 0.028347 0.001837 0.474568 0.004656 1.285372
0.380111 0.061042 0.049555 0.028530 0.001841 0.474242 0.004680 1.291410
0.379806 0.061241 0.049855 0.028694 0.001855 0.473842 0.004706 1.297388
0.379386 0.061489 0.050121 0.028824 0.001847 0.473604 0.004730 1.303405
0.379186 0.061600 0.050479 0.028879 0.001829 0.473272 0.004755 1.309446
0.378810 0.061763 0.050743 0.029024 0.001834 0.473049 0.004775 1.315551
0.378503 0.061800 0.051031 0.029200 0.001843 0.472835 0.004789 1.321665
0.378284 0.061853 0.051238 0.029291 0.001844 0.472677 0.004813 1.327751
0.377828 0.062048 0.051482 0.029370 0.001857 0.472584 0.004832 1.333805
0.377471 0.062323 0.051636 0.029464 0.001870 0.472383 0.004853 1.339882
0.377073 0.062533 0.051854 0.029583 0.001864 0.472209 0.004882 1.345960
0.376859 0.062680 0.051958 0.029734 0.001858 0.472010 0.004901 1.352041
0.376553 0.062674 0.052200 0.029862 0.001857 0.471928 0.004927 1.358244
0.376229 0.062670 0.052337 0.030010 0.001857 0.471941 0.004955 1.364408
0.375829 0.062819 0.052511 0.030118 0.001861 0.471881 0.004980 1.370546
0.375528 0.062863 0.052743 0.030236 0.001868 0.471764 0.004999 1.376758
0.375299 0.062852 0.052836 0.030356 0.001879 0.471757 0.005022 1.382966
0.375029 0.062969 0.053023 0.030378 0.001878 0.471667 0.005056 1.389131
0.374717 0.063154 0.053123 0.030361 0.001870 0.471697 0.005080 1.395193
0.374400 0.063095 0.053266 0.030453 0.001875 0.471805 0.005107 1.401466
0.374013 0.063171 0.053315 0.030588 0.001876 0.471908 0.005129 1.407691
0.373684 0.063351 0.053417 0.030679 0.001894 0.471826 0.005149 1.413806
0.373263 0.063436 0.053498 0.030721 0.001901 0.472011 0.005171 1.420018
0.372883 0.063417 0.053650 0.030895 0.001902 0.472060 0.005194 1.426248
0.372611 0.063433 0.053780 0.030987 0.001904 0.472066 0.005219 1.432445
0.372313 0.063392 0.053774 0.031132 0.001922 0.472226 0.005242 1.438661
0.372024 0.063438 0.053855 0.031192 0.001929 0.472299 0.005264 1.444804
0.371765 0.063320 0.054076 0.031192 0.001936 0.472419 0.005292 1.451086
0.371345 0.063464 0.054109 0.031178 0.001939 0.472648 0.005316 1.457259
0.370946 0.063433 0.054235 0.031261 0.001942 0.472848 0.005335 1.463542
0.370585 0.063470 0.054258 0.031268 0.001948 0.473111 0.005361 1.469716
0.370227 0.063455 0.054334 0.031313 0.001965 0.473323 0.005383 1.475928
0.370076 0.063305 0.054433 0.031377 0.001963 0.473438 0.005409 1.482220
0.369971 0.063149 0.054477 0.031356 0.001964 0.473646 0.005438 1.488430
0.369791 0.063007 0.054576 0.031382 0.001973 0.473799 0.005473 1.494659
0.369631 0.062889 0.054667 0.031375 0.001994 0.473950 0.005495 1.500884
0.369452 0.062685 0.054824 0.031434 0.001990 0.474093 0.005522 1.507129
0.369145 0.062855 0.054819 0.031357 0.001988 0.474290 0.005546 1.513223
0.368918 0.062868 0.054775 0.031354 0.002000 0.474514 0.005571 1.519347
0.368812 0.062690 0.054779 0.031407 0.002008 0.474713 0.005592 1.525553
0.368680 0.062559 0.054889 0.031432 0.002013 0.474813 0.005614 1.531736
0.368677 0.062485 0.054904 0.031412 0.002014 0.474864 0.005644 1.537797
