0.998928 0.001044 0.000019 0.000009 0.000000 0.000000 0.000000 0.000028
0.998632 0.001247 0.000074 0.000042 0.000000 0.000006 0.000000 0.000121
0.998222 0.001536 0.000143 0.000082 0.000000 0.000016 0.000000 0.000243
0.997655 0.001950 0.000232 0.000129 0.000000 0.000035 0.000000 0.000396
0.996940 0.002451 0.000346 0.000194 0.000001 0.000069 0.000000 0.000611
0.995969 0.003150 0.000475 0.000278 0.000003 0.000125 0.000000 0.000883
0.994702 0.004067 0.000660 0.000383 0.000004 0.000186 0.000000 0.001236
0.993029 0.005288 0.000898 0.000514 0.000006 0.000267 0.000000 0.001689
0.990855 0.006852 0.001203 0.000703 0.000006 0.000381 0.000000 0.002299
0.988074 0.008878 0.001596 0.000919 0.000010 0.000525 0.000000 0.003061
0.984398 0.011606 0.002072 0.001206 0.000013 0.000705 0.000000 0.004016
0.979762 0.014940 0.002747 0.001583 0.000015 0.000952 0.000000 0.005330
0.973791 0.019231 0.003598 0.002052 0.000019 0.001308 0.000000 0.007025
0.966193 0.024748 0.004628 0.002677 0.000023 0.001730 0.000001 0.009125
0.956590 0.031619 0.005975 0.003483 0.000029 0.002303 0.000001 0.011880
0.944945 0.039804 0.007732 0.004448 0.000037 0.003032 0.000002 0.015370
0.930769 0.049661 0.009907 0.005635 0.000046 0.003979 0.000002 0.019729
0.913528 0.061605 0.012516 0.007129 0.000064 0.005155 0.000003 0.025083
0.892983 0.075570 0.015747 0.008969 0.000084 0.006642 0.000004 0.031731
0.868895 0.091523 0.019861 0.011152 0.000103 0.008462 0.000005 0.039968
0.841623 0.109180 0.024411 0.013839 0.000126 0.010816 0.000006 0.049693
0.810845 0.128446 0.029886 0.016973 0.000162 0.013682 0.000006 0.061359
0.777044 0.148849 0.036191 0.020588 0.000198 0.017122 0.000008 0.074939
0.741061 0.169318 0.043391 0.024731 0.000234 0.021254 0.000012 0.090676
0.703457 0.189713 0.051215 0.029220 0.000276 0.026102 0.000017 0.108197
0.665107 0.208934 0.059573 0.034096 0.000341 0.031930 0.000018 0.127702
0.626410 0.226762 0.068536 0.039294 0.000419 0.038558 0.000021 0.149004
0.588494 0.242088 0.077944 0.044711 0.000500 0.046238 0.000026 0.172128
0.551944 0.255016 0.087486 0.050129 0.000589 0.054805 0.000031 0.196393
0.517255 0.264997 0.097151 0.055568 0.000681 0.064311 0.000036 0.221820
0.484525 0.272259 0.106640 0.061030 0.000795 0.074703 0.000049 0.248121
0.454439 0.276336 0.115815 0.066236 0.000925 0.086190 0.000059 0.275124
0.426840 0.277791 0.124480 0.071288 0.001066 0.098466 0.000069 0.302412
0.401908 0.276781 0.132545 0.075993 0.001199 0.111489 0.000085 0.329616
0.379403 0.273885 0.139919 0.080198 0.001340 0.125161 0.000095 0.356523
0.359207 0.269160 0.146645 0.083926 0.001489 0.139461 0.000112 0.383146
0.341164 0.263134 0.152507 0.087324 0.001643 0.154094 0.000134 0.409127
0.325130 0.255616 0.157690 0.090194 0.001821 0.169396 0.000153 0.434711
0.310746 0.247639 0.161981 0.092692 0.001959 0.184808 0.000176 0.459271
0.298150 0.238913 0.165444 0.094668 0.002124 0.200501 0.000202 0.483037
0.287044 0.229525 0.168230 0.096295 0.002254 0.216427 0.000226 0.506135
0.277357 0.219895 0.170167 0.097538 0.002413 0.232373 0.000256 0.528275
0.268868 0.210246 0.171185 0.098339 0.002555 0.248516 0.000292 0.549399
0.261354 0.200626 0.171930 0.098919 0.002702 0.264148 0.000321 0.569729
0.254805 0.191167 0.171907 0.098855 0.002849 0.280068 0.000350 0.589029
0.249123 0.182303 0.171117 0.098412 0.002990 0.295666 0.000389 0.607185
0.244315 0.173459 0.170067 0.097659 0.003140 0.310930 0.000430 0.624626
0.240220 0.164919 0.168462 0.096802 0.003291 0.325838 0.000468 0.641184
0.236740 0.156890 0.166467 0.095537 0.003422 0.340432 0.000511 0.656845
0.233667 0.149254 0.164102 0.094278 0.003539 0.354604 0.000555 0.671809
0.231304 0.141841 0.161513 0.092834 0.003648 0.368257 0.000602 0.686081
0.229422 0.134917 0.158598 0.091186 0.003751 0.381483 0.000644 0.699547
0.228039 0.128209 0.155715 0.089496 0.003855 0.393996 0.000691 0.712491
0.227203 0.121695 0.152685 0.087603 0.003913 0.406158 0.000744 0.724879
0.226508 0.115951 0.149195 0.085635 0.003998 0.417920 0.000794 0.736487
0.226087 0.110503 0.145674 0.083651 0.004072 0.429185 0.000828 0.747603
0.225996 0.105417 0.142018 0.081656 0.004167 0.439867 0.000878 0.758167
0.226415 0.100467 0.138468 0.079566 0.004215 0.449942 0.000928 0.768299
0.227046 0.095997 0.134718 0.077513 0.004266 0.459484 0.000977 0.777930
0.227745 0.092014 0.130968 0.075446 0.004288 0.468506 0.001033 0.787049
0.228765 0.088173 0.127352 0.073417 0.004329 0.476887 0.001077 0.795845
0.229917 0.084489 0.123766 0.071417 0.004345 0.484934 0.001132 0.804350
0.231510 0.081023 0.120074 0.069448 0.004379 0.492383 0.001181 0.812419
0.232944 0.077937 0.116682 0.067395 0.004380 0.499430 0.001233 0.820182
0.234792 0.074848 0.113337 0.065465 0.004367 0.505904 0.001287 0.827798
0.236633 0.072204 0.109866 0.063400 0.004388 0.512178 0.001331 0.834973
0.238729 0.069775 0.106594 0.061420 0.004397 0.517710 0.001375 0.841868
0.240821 0.067453 0.103479 0.059480 0.004405 0.522945 0.001418 0.848593
0.243092 0.065346 0.100241 0.057726 0.004406 0.527710 0.001479 0.855062
0.245314 0.063326 0.097266 0.055950 0.004374 0.532231 0.001540 0.861386
0.247789 0.061491 0.094288 0.054242 0.004353 0.536233 0.001605 0.867473
0.250274 0.059841 0.091312 0.052554 0.004346 0.540020 0.001653 0.873371
0.252837 0.058378 0.088480 0.050884 0.004308 0.543401 0.001711 0.879072
0.255449 0.056851 0.085946 0.049404 0.004262 0.546324 0.001765 0.884778
0.257995 0.055496 0.083500 0.047897 0.004228 0.549065 0.001820 0.890365
0.260873 0.054207 0.080916 0.046500 0.004177 0.551444 0.001882 0.895726
0.263743 0.053046 0.078467 0.045215 0.004146 0.553454 0.001930 0.900968
0.266520 0.052044 0.076226 0.043912 0.004118 0.555202 0.001979 0.906098
0.269341 0.051087 0.073996 0.042708 0.004098 0.556742 0.002029 0.911181
0.272269 0.050050 0.071974 0.041528 0.004043 0.558046 0.002089 0.916273
0.275216 0.049353 0.070023 0.040332 0.003998 0.558937 0.002142 0.921130
0.278168 0.048544 0.068303 0.039306 0.003949 0.559539 0.002191 0.926033
0.280981 0.047935 0.066478 0.038265 0.003874 0.560221 0.002247 0.930756
0.283888 0.047434 0.064696 0.037230 0.003822 0.560628 0.002303 0.935370
0.286877 0.046871 0.063120 0.036276 0.003777 0.560733 0.002346 0.940027
0.289674 0.046548 0.061476 0.035312 0.003739 0.560863 0.002389 0.944505
0.292473 0.046129 0.060092 0.034488 0.003704 0.560685 0.002430 0.949049
0.295431 0.045781 0.058700 0.033717 0.003649 0.560246 0.002476 0.953550
0.298333 0.045405 0.057479 0.033021 0.003598 0.559648 0.002517 0.958063
0.301188 0.045152 0.056218 0.032333 0.003524 0.559024 0.002562 0.962510
0.304002 0.044891 0.055070 0.031712 0.003466 0.558254 0.002605 0.966953
0.306701 0.044760 0.053976 0.031135 0.003391 0.557384 0.002653 0.971373
0.309443 0.044607 0.052923 0.030502 0.003326 0.556494 0.002704 0.975761
0.312231 0.044489 0.051977 0.029964 0.003270 0.555315 0.002753 0.980136
0.314994 0.044350 0.050985 0.029425 0.003223 0.554231 0.002793 0.984489
0.317817 0.044185 0.050126 0.028884 0.003169 0.552987 0.002832 0.988884
0.320397 0.044163 0.049384 0.028418 0.003115 0.551643 0.002880 0.993211
0.322929 0.044254 0.048632 0.028069 0.003076 0.550130 0.002911 0.997526
0.325392 0.044335 0.047954 0.027644 0.003048 0.548680 0.002947 1.001854
0.327941 0.044366 0.047334 0.027327 0.002998 0.547046 0.002987 1.006214
0.330276 0.044476 0.046716 0.026972 0.002952 0.545588 0.003021 1.010543
0.332514 0.044569 0.046194 0.026662 0.002896 0.544103 0.003062 1.014940
0.334743 0.044666 0.045648 0.026406 0.002850 0.542592 0.003096 1.019351
0.337033 0.044838 0.045172 0.026165 0.002808 0.540853 0.003132 1.023733
0.339238 0.045016 0.044707 0.025819 0.002778 0.539276 0.003166 1.028125
0.341419 0.045200 0.044323 0.025658 0.002735 0.537469 0.003196 1.032603
0.343488 0.045287 0.044023 0.025405 0.002695 0.535870 0.003232 1.037022
0.345423 0.045677 0.043696 0.025233 0.002642 0.534062 0.003267 1.041419
0.347503 0.045890 0.043464 0.025032 0.002596 0.532211 0.003306 1.045918
0.349373 0.046098 0.043274 0.024849 0.002556 0.530511 0.003339 1.050422
0.351162 0.046443 0.042994 0.024703 0.002521 0.528809 0.003368 1.054891
0.352878 0.046651 0.042850 0.024575 0.002475 0.527169 0.003403 1.059541
0.354710 0.046932 0.042701 0.024511 0.002457 0.525258 0.003431 1.064080
0.356286 0.047257 0.042606 0.024393 0.002426 0.523562 0.003469 1.068672
0.357645 0.047719 0.042558 0.024318 0.002393 0.521871 0.003496 1.073295
0.359006 0.048206 0.042466 0.024309 0.002356 0.520127 0.003530 1.077954
0.360362 0.048642 0.042512 0.024252 0.002321 0.518349 0.003562 1.082642
0.361565 0.049143 0.042490 0.024286 0.002294 0.516627 0.003594 1.087411
0.362683 0.049596 0.042543 0.024275 0.002255 0.515021 0.003626 1.092243
0.363815 0.050015 0.042702 0.024252 0.002230 0.513332 0.003653 1.097157
0.364894 0.050382 0.042848 0.024277 0.002195 0.511714 0.003690 1.102109
0.365817 0.050778 0.042938 0.024341 0.002176 0.510235 0.003715 1.107089
0.366641 0.051308 0.043001 0.024416 0.002152 0.508737 0.003745 1.112109
0.367556 0.051792 0.043097 0.024494 0.002135 0.507151 0.003775 1.117094
0.368250 0.052331 0.043236 0.024579 0.002123 0.505677 0.003804 1.122188
0.368822 0.052755 0.043374 0.024707 0.002115 0.504395 0.003832 1.127425
0.369483 0.053149 0.043541 0.024817 0.002096 0.503056 0.003859 1.132599
0.370142 0.053706 0.043732 0.024945 0.002067 0.501521 0.003888 1.137765
0.370791 0.054052 0.044047 0.025113 0.002052 0.500029 0.003917 1.143087
0.371196 0.054564 0.044247 0.025253 0.002033 0.498763 0.003945 1.148393
0.371719 0.055000 0.044434 0.025458 0.002031 0.497389 0.003969 1.153759
0.372001 0.055391 0.044667 0.025561 0.002020 0.496367 0.003993 1.159187
0.372438 0.055901 0.044788 0.025746 0.001992 0.495113 0.004022 1.164514
0.372620 0.056313 0.045075 0.025972 0.001982 0.493983 0.004055 1.170023
0.372852 0.056700 0.045309 0.026139 0.001974 0.492946 0.004080 1.175576
0.373132 0.057048 0.045593 0.026331 0.001971 0.491825 0.004100 1.181166
0.373188 0.057497 0.045830 0.026486 0.001961 0.490914 0.004126 1.186710
0.373323 0.057935 0.046017 0.026666 0.001942 0.489960 0.004157 1.192328
0.373289 0.058372 0.046244 0.026911 0.001933 0.489075 0.004176 1.197986
0.373394 0.058626 0.046577 0.027052 0.001936 0.488215 0.004201 1.203766
0.373329 0.059030 0.046894 0.027226 0.001937 0.487364 0.004221 1.209527
0.373216 0.059597 0.047106 0.027389 0.001936 0.486511 0.004246 1.215197
0.373239 0.059939 0.047318 0.027551 0.001930 0.485750 0.004273 1.220971
0.373184 0.060192 0.047615 0.027700 0.001936 0.485072 0.004302 1.226848
0.373009 0.060536 0.047906 0.027948 0.001913 0.484357 0.004333 1.232754
0.372885 0.060841 0.048072 0.028075 0.001898 0.483868 0.004361 1.238612
0.372685 0.061020 0.048436 0.028270 0.001896 0.483313 0.004380 1.244645
0.372564 0.061145 0.048786 0.028499 0.001899 0.482710 0.004399 1.250757
0.372337 0.061451 0.049106 0.028669 0.001902 0.482109 0.004427 1.256681
0.372140 0.061591 0.049568 0.028840 0.001908 0.481502 0.004451 1.262781
0.371855 0.061731 0.049861 0.028927 0.001912 0.481237 0.004479 1.268849
0.371513 0.061937 0.050088 0.029229 0.001909 0.480824 0.004501 1.274989
0.371201 0.062100 0.050336 0.029347 0.001912 0.480583 0.004521 1.281112
0.370874 0.062353 0.050625 0.029418 0.001905 0.480281 0.004544 1.287187
0.370610 0.062432 0.050856 0.029551 0.001925 0.480055 0.004572 1.293328
0.370284 0.062651 0.051148 0.029637 0.001925 0.479760 0.004595 1.299468
0.369947 0.062862 0.051416 0.029772 0.001947 0.479441 0.004614 1.305592
0.369662 0.063094 0.051648 0.029892 0.001943 0.479117 0.004645 1.311761
0.369213 0.063356 0.051858 0.029999 0.001948 0.478947 0.004679 1.317990
0.368816 0.063576 0.052106 0.030090 0.001949 0.478763 0.004701 1.324131
0.368541 0.063576 0.052298 0.030280 0.001944 0.478631 0.004731 1.330419
0.368260 0.063706 0.052529 0.030404 0.001920 0.478422 0.004760 1.336616
0.367942 0.063802 0.052693 0.030494 0.001919 0.478366 0.004783 1.342856
0.367645 0.063796 0.052943 0.030601 0.001923 0.478279 0.004812 1.349118
0.367220 0.064022 0.053145 0.030704 0.001922 0.478148 0.004841 1.355306
0.366905 0.064047 0.053349 0.030798 0.001932 0.478108 0.004861 1.361602
0.366676 0.064005 0.053511 0.030786 0.001931 0.478205 0.004886 1.367872
0.366452 0.063943 0.053736 0.030881 0.001945 0.478135 0.004908 1.374164
0.366039 0.064055 0.053802 0.030903 0.001951 0.478315 0.004936 1.380442
0.365767 0.064097 0.053842 0.031021 0.001963 0.478352 0.004958 1.386698
0.365556 0.064047 0.054023 0.031033 0.001974 0.478385 0.004983 1.393044
0.365180 0.064022 0.054153 0.031179 0.001972 0.478483 0.005012 1.399416
0.364966 0.064058 0.054329 0.031197 0.001972 0.478443 0.005037 1.405658
0.364590 0.064119 0.054478 0.031209 0.001985 0.478559 0.005060 1.411919
0.364359 0.064069 0.054660 0.031313 0.001985 0.478523 0.005093 1.418312
0.364098 0.064017 0.054787 0.031313 0.001994 0.478673 0.005118 1.424590
0.363857 0.064031 0.054843 0.031347 0.001992 0.478783 0.005145 1.430827
0.363486 0.064158 0.054807 0.031346 0.001988 0.479044 0.005171 1.437010
0.363381 0.064039 0.054851 0.031508 0.002000 0.479027 0.005194 1.443359
0.363048 0.064188 0.054867 0.031454 0.002020 0.479205 0.005217 1.449522
0.362891 0.064064 0.054971 0.031473 0.002021 0.479339 0.005243 1.455799
0.362579 0.064104 0.055016 0.031575 0.002018 0.479438 0.005270 1.462023
0.362247 0.064102 0.055051 0.031674 0.002035 0.479598 0.005293 1.468345
0.361998 0.064039 0.055155 0.031687 0.002026 0.479768 0.005326 1.474618
0.361739 0.063967 0.055312 0.031603 0.002028 0.479999 0.005353 1.480918
0.361511 0.063928 0.055350 0.031636 0.002020 0.480168 0.005386 1.487197
0.361347 0.063908 0.055479 0.031637 0.002015 0.480200 0.005412 1.493458
0.361156 0.063872 0.055554 0.031634 0.002041 0.480306 0.005436 1.499744
0.360888 0.063900 0.055532 0.031722 0.002027 0.480468 0.005464 1.506009
0.360717 0.063868 0.055511 0.031728 0.002027 0.480663 0.005486 1.512252
0.360549 0.063755 0.055552 0.031727 0.002016 0.480886 0.005514 1.518486
0.360445 0.063697 0.055490 0.031707 0.002015 0.481109 0.005537 1.524666
0.360267 0.063723 0.055501 0.031703 0.002015 0.481229 0.005561 1.530846
0.360245 0.063561 0.055485 0.031714 0.002023 0.481386 0.005586 1.537068
0.360066 0.063398 0.055563 0.031750 0.002032 0.481583 0.005608 1.543361
0.360017 0.063362 0.055438 0.031773 0.002028 0.481743 0.005639 1.549528
0.359966 0.063235 0.055410 0.031811 0.002040 0.481871 0.005667 1.555744
0.359915 0.063080 0.055338 0.031877 0.002036 0.482060 0.005695 1.561976
0.359846 0.063047 0.055252 0.031845 0.002045 0.482252 0.005715 1.568150
0.359971 0.062847 0.055256 0.031750 0.002045 0.482387 0.005745 1.574301
