0.998932 0.001036 0.000021 0.000011 0.000000 0.000000 0.000000 0.000032
0.998645 0.001209 0.000091 0.000048 0.000000 0.000008 0.000000 0.000146
0.998246 0.001490 0.000153 0.000091 0.000000 0.000020 0.000000 0.000265
0.997658 0.001935 0.000233 0.000134 0.000000 0.000040 0.000000 0.000408
0.996927 0.002446 0.000358 0.000203 0.000000 0.000067 0.000000 0.000629
0.995972 0.003147 0.000483 0.000287 0.000000 0.000111 0.000000 0.000884
0.994699 0.004064 0.000661 0.000406 0.000002 0.000168 0.000000 0.001240
0.993021 0.005289 0.000899 0.000538 0.000002 0.000252 0.000000 0.001696
0.990780 0.006917 0.001214 0.000708 0.000006 0.000376 0.000000 0.002311
0.987876 0.009053 0.001614 0.000917 0.000005 0.000535 0.000000 0.003085
0.984034 0.011885 0.002119 0.001212 0.000007 0.000743 0.000000 0.004103
0.979082 0.015534 0.002761 0.001618 0.000010 0.000996 0.000000 0.005416
0.972720 0.020187 0.003643 0.002099 0.000018 0.001333 0.000000 0.007144
0.964535 0.026170 0.004745 0.002774 0.000024 0.001752 0.000000 0.009366
0.954126 0.033681 0.006190 0.003626 0.000030 0.002347 0.000000 0.012290
0.940988 0.043075 0.008078 0.004694 0.000040 0.003126 0.000000 0.016064
0.924818 0.054476 0.010463 0.006066 0.000047 0.004130 0.000000 0.020876
0.904897 0.068512 0.013371 0.007733 0.000063 0.005423 0.000001 0.026817
0.881175 0.084946 0.016979 0.009800 0.000081 0.007017 0.000002 0.034179
0.853144 0.103827 0.021506 0.012415 0.000103 0.009002 0.000003 0.043428
0.820825 0.125021 0.026918 0.015509 0.000132 0.011590 0.000004 0.054675
0.784880 0.147899 0.033283 0.019083 0.000158 0.014691 0.000006 0.067931
0.745827 0.171647 0.040521 0.023239 0.000208 0.018550 0.000010 0.083435
0.704556 0.195196 0.048687 0.028067 0.000266 0.023216 0.000012 0.101423
0.661790 0.218007 0.057647 0.033332 0.000329 0.028877 0.000017 0.121705
0.618939 0.238866 0.067305 0.039003 0.000393 0.035474 0.000020 0.144109
0.577066 0.256824 0.077640 0.044863 0.000481 0.043101 0.000025 0.168497
0.537034 0.271576 0.088218 0.050874 0.000576 0.051688 0.000034 0.194377
0.499311 0.282725 0.098743 0.056955 0.000696 0.061531 0.000040 0.221661
0.464386 0.290278 0.109237 0.063039 0.000803 0.072213 0.000044 0.249854
0.432479 0.294542 0.119191 0.068683 0.000937 0.084111 0.000057 0.278476
0.403655 0.295717 0.128707 0.073989 0.001071 0.096792 0.000069 0.307232
0.377695 0.294152 0.137624 0.079041 0.001220 0.110180 0.000088 0.336041
0.354821 0.289977 0.145491 0.083626 0.001375 0.124602 0.000108 0.364545
0.334573 0.283687 0.152851 0.087791 0.001538 0.139433 0.000126 0.392792
0.317008 0.275594 0.159131 0.091439 0.001709 0.154974 0.000144 0.420301
0.301325 0.266658 0.164603 0.094449 0.001879 0.170916 0.000169 0.446951
0.287850 0.256785 0.168885 0.096956 0.002053 0.187279 0.000192 0.472557
0.275823 0.246638 0.172285 0.098829 0.002223 0.203985 0.000216 0.497167
0.265477 0.235815 0.174878 0.100311 0.002412 0.220871 0.000236 0.520961
0.256526 0.225122 0.176544 0.101304 0.002581 0.237665 0.000259 0.543453
0.248740 0.214386 0.177387 0.101861 0.002768 0.254571 0.000288 0.564986
0.242212 0.203586 0.177806 0.102035 0.002953 0.271090 0.000319 0.585558
0.236644 0.193038 0.177577 0.101868 0.003129 0.287384 0.000358 0.605154
0.231886 0.183039 0.176770 0.101293 0.003276 0.303343 0.000392 0.623590
0.227940 0.173413 0.175385 0.100579 0.003424 0.318824 0.000435 0.641049
0.224457 0.164296 0.173422 0.099535 0.003557 0.334247 0.000485 0.657645
0.221624 0.155638 0.170866 0.098195 0.003696 0.349449 0.000530 0.673369
0.219368 0.147548 0.168255 0.096665 0.003789 0.363794 0.000582 0.688136
0.217687 0.139717 0.165487 0.094917 0.003928 0.377637 0.000627 0.702284
0.216340 0.132529 0.162283 0.093020 0.004027 0.391128 0.000673 0.715646
0.215521 0.125718 0.158814 0.091085 0.004097 0.404041 0.000723 0.728235
0.215022 0.119364 0.155149 0.088945 0.004180 0.416565 0.000775 0.740175
0.214784 0.113385 0.151559 0.086854 0.004274 0.428325 0.000819 0.751650
0.215016 0.107794 0.147866 0.084734 0.004336 0.439375 0.000879 0.762498
0.215410 0.102602 0.143921 0.082519 0.004371 0.450233 0.000944 0.772877
0.216095 0.097809 0.140057 0.080315 0.004416 0.460316 0.000992 0.782672
0.216947 0.093441 0.135976 0.077987 0.004459 0.470140 0.001050 0.791975
0.218103 0.089264 0.132061 0.075723 0.004504 0.479237 0.001109 0.800949
0.219445 0.085505 0.128151 0.073420 0.004534 0.487783 0.001164 0.809448
0.221146 0.081936 0.124249 0.071248 0.004535 0.495661 0.001227 0.817547
0.222747 0.078741 0.120540 0.069047 0.004547 0.503096 0.001282 0.825312
0.224731 0.075551 0.117025 0.067021 0.004533 0.509796 0.001343 0.832967
0.226608 0.072692 0.113478 0.064930 0.004531 0.516365 0.001396 0.840316
0.228582 0.070081 0.109964 0.062900 0.004507 0.522507 0.001459 0.847372
0.230656 0.067789 0.106525 0.060885 0.004467 0.528161 0.001518 0.854077
0.233081 0.065494 0.103234 0.059001 0.004450 0.533167 0.001572 0.860617
0.235437 0.063602 0.099959 0.057105 0.004422 0.537848 0.001627 0.866828
0.238015 0.061654 0.096895 0.055304 0.004405 0.542053 0.001675 0.872960
0.240629 0.059819 0.093832 0.053630 0.004388 0.545973 0.001728 0.879006
0.243403 0.058119 0.090930 0.052064 0.004353 0.549351 0.001781 0.884835
0.246075 0.056684 0.088017 0.050519 0.004338 0.552531 0.001835 0.890495
0.248866 0.055367 0.085363 0.049014 0.004296 0.555205 0.001890 0.895958
0.251674 0.054181 0.082758 0.047572 0.004256 0.557620 0.001939 0.901294
0.254592 0.053042 0.080276 0.046142 0.004226 0.559732 0.001990 0.906558
0.257468 0.052101 0.077882 0.044756 0.004176 0.561575 0.002041 0.911732
0.260192 0.051203 0.075610 0.043553 0.004106 0.563237 0.002100 0.916821
0.263010 0.050406 0.073477 0.042282 0.004060 0.564617 0.002148 0.921846
0.265864 0.049609 0.071517 0.041125 0.004008 0.565674 0.002203 0.926802
0.268776 0.048968 0.069503 0.039976 0.003940 0.566580 0.002257 0.931635
0.271725 0.048439 0.067699 0.038871 0.003874 0.567078 0.002314 0.936329
0.274501 0.047939 0.065885 0.037910 0.003824 0.567575 0.002367 0.941030
0.277569 0.047256 0.064368 0.037005 0.003769 0.567621 0.002411 0.945786
0.280556 0.046836 0.062681 0.036191 0.003717 0.567563 0.002456 0.950407
0.283426 0.046538 0.061166 0.035307 0.003690 0.567372 0.002501 0.954929
0.286208 0.046297 0.059715 0.034434 0.003637 0.567157 0.002551 0.959458
0.289068 0.046067 0.058405 0.033647 0.003567 0.566640 0.002605 0.963991
0.292010 0.045777 0.057159 0.032908 0.003513 0.565985 0.002648 0.968488
0.294760 0.045574 0.055940 0.032238 0.003472 0.565321 0.002695 0.972990
0.297487 0.045363 0.054751 0.031639 0.003429 0.564589 0.002742 0.977438
0.300227 0.045234 0.053745 0.031012 0.003380 0.563617 0.002786 0.981820
0.302895 0.045165 0.052791 0.030457 0.003324 0.562531 0.002837 0.986241
0.305524 0.045165 0.051915 0.029881 0.003277 0.561354 0.002885 0.990644
0.308084 0.045123 0.051008 0.029442 0.003232 0.560188 0.002924 0.995107
0.310646 0.045110 0.050170 0.028988 0.003191 0.558931 0.002963 0.999557
0.313121 0.045174 0.049498 0.028546 0.003151 0.557514 0.002995 1.003952
0.315587 0.045286 0.048812 0.028078 0.003106 0.556093 0.003038 1.008323
0.317888 0.045344 0.048191 0.027661 0.003061 0.554768 0.003087 1.012769
0.320093 0.045673 0.047524 0.027355 0.003014 0.553215 0.003126 1.017133
0.322342 0.045794 0.046973 0.027045 0.002970 0.551707 0.003168 1.021599
0.324535 0.045943 0.046478 0.026812 0.002925 0.550101 0.003205 1.026142
0.326535 0.046240 0.045983 0.026455 0.002880 0.548665 0.003242 1.030613
0.328593 0.046418 0.045646 0.026235 0.002845 0.546982 0.003279 1.035167
0.330601 0.046587 0.045344 0.026030 0.002784 0.545336 0.003318 1.039737
0.332532 0.046868 0.045031 0.025824 0.002760 0.543637 0.003348 1.044291
0.334424 0.047107 0.044782 0.025615 0.002722 0.541969 0.003381 1.048949
0.336290 0.047359 0.044548 0.025501 0.002673 0.540211 0.003417 1.053609
0.338112 0.047735 0.044274 0.025394 0.002626 0.538407 0.003454 1.058207
0.339662 0.048153 0.044010 0.025316 0.002593 0.536784 0.003483 1.062854
0.341288 0.048531 0.043843 0.025251 0.002557 0.535017 0.003515 1.067605
0.342914 0.048813 0.043769 0.025169 0.002527 0.533259 0.003550 1.072374
0.344376 0.049298 0.043656 0.025138 0.002495 0.531454 0.003583 1.077126
0.345846 0.049676 0.043639 0.025036 0.002455 0.529725 0.003624 1.081946
0.347159 0.050041 0.043721 0.024991 0.002422 0.528007 0.003658 1.086894
0.348384 0.050465 0.043734 0.025021 0.002392 0.526312 0.003692 1.091799
0.349519 0.050972 0.043730 0.025119 0.002377 0.524563 0.003721 1.096768
0.350369 0.051453 0.043797 0.025201 0.002348 0.523080 0.003753 1.101853
0.351275 0.052034 0.043795 0.025192 0.002320 0.521602 0.003782 1.106822
0.352149 0.052503 0.043950 0.025251 0.002285 0.520049 0.003813 1.111924
0.353062 0.052882 0.044095 0.025314 0.002265 0.518550 0.003833 1.117163
0.353698 0.053391 0.044300 0.025387 0.002241 0.517116 0.003868 1.122398
0.354315 0.053813 0.044527 0.025429 0.002233 0.515788 0.003896 1.127706
0.354996 0.054234 0.044697 0.025580 0.002214 0.514350 0.003930 1.133085
0.355716 0.054649 0.044806 0.025676 0.002198 0.512995 0.003960 1.138406
0.356244 0.055185 0.044999 0.025812 0.002197 0.511572 0.003991 1.143798
0.356668 0.055807 0.045164 0.025921 0.002195 0.510225 0.004018 1.149154
0.357209 0.056143 0.045383 0.026098 0.002190 0.508937 0.004039 1.154607
0.357580 0.056553 0.045752 0.026233 0.002175 0.507641 0.004065 1.160167
0.357979 0.056989 0.045952 0.026388 0.002166 0.506432 0.004095 1.165675
0.358132 0.057579 0.046215 0.026483 0.002174 0.505301 0.004117 1.171186
0.358365 0.057959 0.046528 0.026630 0.002166 0.504213 0.004139 1.176862
0.358625 0.058298 0.046816 0.026818 0.002165 0.503112 0.004166 1.182608
0.358745 0.058667 0.047046 0.027014 0.002163 0.502172 0.004193 1.188378
0.358822 0.059161 0.047402 0.027105 0.002151 0.501136 0.004223 1.194077
0.358938 0.059576 0.047666 0.027314 0.002134 0.500124 0.004250 1.199868
0.358946 0.059981 0.047877 0.027582 0.002132 0.499209 0.004273 1.205671
0.358864 0.060476 0.048260 0.027735 0.002122 0.498246 0.004297 1.211538
0.358764 0.060771 0.048613 0.027871 0.002117 0.497541 0.004323 1.217531
0.358591 0.061036 0.048904 0.028145 0.002096 0.496872 0.004355 1.223618
0.358215 0.061480 0.049213 0.028325 0.002089 0.496299 0.004379 1.229615
0.358087 0.061748 0.049501 0.028488 0.002078 0.495693 0.004406 1.235663
0.357895 0.062060 0.049831 0.028658 0.002069 0.495056 0.004431 1.241742
0.357704 0.062337 0.050177 0.028881 0.002075 0.494376 0.004451 1.247904
0.357520 0.062516 0.050470 0.029132 0.002061 0.493826 0.004475 1.254057
0.357287 0.062852 0.050727 0.029238 0.002063 0.493328 0.004505 1.260173
0.356931 0.063069 0.051021 0.029436 0.002058 0.492951 0.004534 1.266407
0.356751 0.063302 0.051331 0.029575 0.002050 0.492432 0.004560 1.272574
0.356474 0.063424 0.051633 0.029774 0.002037 0.492074 0.004584 1.278838
0.356236 0.063574 0.051928 0.029902 0.002042 0.491710 0.004610 1.285105
0.355980 0.063839 0.052083 0.030008 0.002035 0.491414 0.004641 1.291297
0.355691 0.064023 0.052281 0.030131 0.002035 0.491174 0.004666 1.297532
0.355424 0.064217 0.052534 0.030281 0.002037 0.490818 0.004691 1.303831
0.355228 0.064362 0.052711 0.030372 0.002029 0.490580 0.004718 1.310105
0.354967 0.064571 0.052878 0.030450 0.002041 0.490352 0.004741 1.316304
0.354629 0.064666 0.053061 0.030609 0.002038 0.490230 0.004768 1.322671
0.354251 0.064786 0.053241 0.030762 0.002039 0.490121 0.004800 1.329004
0.353956 0.064855 0.053470 0.030903 0.002026 0.489958 0.004833 1.335363
0.353739 0.064928 0.053643 0.030996 0.002024 0.489804 0.004865 1.341677
0.353363 0.065117 0.053809 0.031081 0.002024 0.489715 0.004891 1.347974
0.353038 0.065150 0.054102 0.031230 0.002027 0.489541 0.004913 1.354438
0.352708 0.065277 0.054107 0.031355 0.002026 0.489591 0.004936 1.360781
0.352514 0.065323 0.054268 0.031485 0.002027 0.489418 0.004966 1.367124
0.352010 0.065252 0.054559 0.031666 0.002012 0.489502 0.005000 1.373698
0.351650 0.065344 0.054660 0.031732 0.002012 0.489575 0.005028 1.380069
0.351409 0.065273 0.054893 0.031775 0.002027 0.489568 0.005056 1.386494
0.351138 0.065319 0.055018 0.031787 0.002015 0.489637 0.005087 1.392838
0.350673 0.065437 0.055144 0.031778 0.002017 0.489836 0.005114 1.399244
0.350372 0.065402 0.055311 0.031793 0.002019 0.489958 0.005147 1.405649
0.350004 0.065439 0.055509 0.031808 0.002016 0.490051 0.005174 1.412110
0.349774 0.065333 0.055709 0.031922 0.002013 0.490050 0.005199 1.418575
0.349437 0.065388 0.055739 0.032028 0.002000 0.490183 0.005226 1.424966
0.349157 0.065251 0.055884 0.032060 0.002003 0.490393 0.005251 1.431409
0.348889 0.065287 0.055952 0.032065 0.002007 0.490525 0.005276 1.437740
0.348822 0.065137 0.055930 0.032132 0.002009 0.490669 0.005302 1.444142
0.348548 0.065110 0.055978 0.032234 0.002008 0.490797 0.005324 1.450542
0.348395 0.065017 0.056023 0.032198 0.002012 0.491004 0.005350 1.456893
0.348212 0.064854 0.056122 0.032243 0.002012 0.491187 0.005371 1.463309
0.347979 0.064887 0.056144 0.032220 0.002022 0.491359 0.005390 1.469656
0.347861 0.064823 0.056066 0.032184 0.002020 0.491631 0.005415 1.475980
0.347766 0.064900 0.055962 0.032121 0.002033 0.491775 0.005444 1.482169
0.347594 0.064870 0.055909 0.032109 0.002040 0.492013 0.005465 1.488467
0.347499 0.064756 0.055904 0.032170 0.002042 0.492140 0.005491 1.494822
0.347429 0.064604 0.055998 0.032141 0.002060 0.492255 0.005515 1.501210
0.347372 0.064421 0.056027 0.032120 0.002067 0.492456 0.005538 1.507574
0.347264 0.064354 0.056061 0.032008 0.002068 0.492683 0.005562 1.513875
0.347243 0.064251 0.056073 0.031971 0.002081 0.492800 0.005583 1.520154
0.347156 0.064174 0.056076 0.032002 0.002085 0.492899 0.005608 1.526492
0.347019 0.064112 0.056048 0.032014 0.002082 0.493096 0.005630 1.532807
0.346842 0.064145 0.056086 0.032017 0.002081 0.493175 0.005655 1.539040
0.346871 0.063967 0.056010 0.032036 0.002092 0.493347 0.005676 1.545346
0.346784 0.063976 0.056019 0.032009 0.002075 0.493436 0.005700 1.551610
0.346729 0.063872 0.055951 0.032054 0.002070 0.493593 0.005732 1.557854
0.346647 0.063770 0.055936 0.031996 0.002058 0.493836 0.005758 1.564107
0.346728 0.063729 0.055899 0.031938 0.002066 0.493858 0.005782 1.570297
0.346834 0.063667 0.055783 0.031966 0.002076 0.493866 0.005809 1.576409
0.346915 0.063553 0.055715 0.031904 0.002090 0.493992 0.005831 1.582575
0.346967 0.063515 0.055693 0.031866 0.002086 0.494018 0.005855 1.588770
0.346965 0.063495 0.055587 0.031845 0.002085 0.494143 0.005881 1.594982
0.347022 0.063443 0.055490 0.031916 0.002097 0.494127 0.005906 1.601176
0.347080 0.063340 0.055500 0.031911 0.002090 0.494145 0.005934 1.607374
