0.349616 0.063211 0.056209 0.032338 0.002135 0.490457 0.006034 1.596485
0.351489 0.061324 0.056081 0.032250 0.002127 0.490669 0.006061 1.602613
0.353754 0.059192 0.055913 0.032054 0.002114 0.490882 0.006091 1.608605
0.356482 0.056899 0.055669 0.031827 0.002103 0.490903 0.006116 1.614324
0.359603 0.054571 0.055211 0.031451 0.002102 0.490918 0.006144 1.619731
0.362824 0.052241 0.054621 0.031049 0.002107 0.490987 0.006170 1.624995
0.366069 0.050017 0.053984 0.030673 0.002098 0.490961 0.006197 1.630006
0.369585 0.047749 0.053250 0.030195 0.002100 0.490892 0.006229 1.634854
0.373201 0.045668 0.052488 0.029696 0.002102 0.490594 0.006252 1.639488
0.376972 0.043764 0.051572 0.029170 0.002098 0.490148 0.006276 1.643806
0.380831 0.041911 0.050680 0.028538 0.002087 0.489647 0.006306 1.647954
0.384700 0.040108 0.049814 0.027922 0.002085 0.489041 0.006331 1.652013
0.388510 0.038446 0.048845 0.027264 0.002073 0.488503 0.006359 1.655888
0.392526 0.036878 0.047747 0.026592 0.002075 0.487800 0.006384 1.659557
0.396637 0.035391 0.046635 0.025892 0.002040 0.486986 0.006418 1.663095
0.400790 0.033999 0.045516 0.025323 0.002020 0.485900 0.006451 1.666452
0.404886 0.032715 0.044425 0.024715 0.002010 0.484770 0.006478 1.669672
0.409075 0.031487 0.043378 0.024018 0.001999 0.483542 0.006501 1.672755
0.413220 0.030290 0.042322 0.023466 0.001982 0.482192 0.006529 1.675809
0.417474 0.029146 0.041178 0.022852 0.001971 0.480828 0.006552 1.678698
0.421739 0.028081 0.040031 0.022248 0.001958 0.479366 0.006578 1.681460
0.426058 0.026933 0.039036 0.021662 0.001952 0.477760 0.006601 1.684268
0.430483 0.025889 0.037972 0.021056 0.001913 0.476056 0.006631 1.686907
0.434880 0.024962 0.036913 0.020470 0.001895 0.474225 0.006656 1.689387
0.439264 0.024093 0.035883 0.019834 0.001875 0.472371 0.006682 1.691785
0.443667 0.023263 0.034892 0.019293 0.001856 0.470328 0.006702 1.694130
0.448127 0.022511 0.033807 0.018745 0.001840 0.468249 0.006722 1.696354
0.452590 0.021663 0.032883 0.018185 0.001831 0.466104 0.006744 1.698579
0.456934 0.021001 0.031899 0.017651 0.001812 0.463939 0.006765 1.700638
0.461418 0.020292 0.030957 0.017138 0.001784 0.461622 0.006789 1.702728
0.465905 0.019584 0.030057 0.016639 0.001755 0.459252 0.006808 1.704703
0.470333 0.019001 0.029147 0.016131 0.001732 0.456828 0.006829 1.706587
0.474760 0.018450 0.028279 0.015616 0.001713 0.454334 0.006848 1.708394
0.479140 0.017918 0.027409 0.015121 0.001679 0.451857 0.006875 1.710161
0.483587 0.017495 0.026558 0.014645 0.001651 0.449164 0.006900 1.711828
0.488151 0.017037 0.025814 0.014243 0.001624 0.446210 0.006922 1.713500
0.492490 0.016568 0.025075 0.013802 0.001594 0.443529 0.006942 1.715149
0.496939 0.016120 0.024308 0.013383 0.001551 0.440733 0.006965 1.716761
0.501231 0.015696 0.023595 0.013039 0.001517 0.437935 0.006987 1.718340
0.505494 0.015243 0.022923 0.012636 0.001499 0.435200 0.007004 1.719870
0.509807 0.014864 0.022275 0.012264 0.001470 0.432295 0.007026 1.721338
0.514046 0.014510 0.021703 0.011928 0.001432 0.429334 0.007049 1.722773
0.518259 0.014207 0.021059 0.011602 0.001418 0.426387 0.007068 1.724187
0.522513 0.013888 0.020437 0.011273 0.001389 0.423415 0.007086 1.725565
0.526760 0.013603 0.019837 0.010952 0.001370 0.420377 0.007101 1.726882
0.530892 0.013318 0.019302 0.010644 0.001349 0.417379 0.007116 1.728185
0.534946 0.013049 0.018817 0.010362 0.001335 0.414359 0.007133 1.729494
0.539103 0.012719 0.018384 0.010061 0.001314 0.411268 0.007151 1.730808
0.543206 0.012448 0.017910 0.009831 0.001285 0.408152 0.007168 1.732075
0.547303 0.012228 0.017435 0.009528 0.001256 0.405061 0.007190 1.733268
0.551427 0.011986 0.016937 0.009308 0.001232 0.401900 0.007209 1.734450
0.555548 0.011750 0.016437 0.009104 0.001214 0.398719 0.007229 1.735609
0.559546 0.011560 0.016048 0.008849 0.001188 0.395563 0.007246 1.736757
0.563537 0.011311 0.015677 0.008622 0.001173 0.392421 0.007260 1.737884
0.567550 0.011061 0.015280 0.008403 0.001149 0.389282 0.007276 1.739005
0.571412 0.010894 0.014889 0.008162 0.001128 0.386226 0.007290 1.740092
0.575269 0.010698 0.014518 0.007957 0.001106 0.383147 0.007305 1.741143
0.579149 0.010565 0.014129 0.007739 0.001085 0.380013 0.007320 1.742157
0.583054 0.010322 0.013820 0.007553 0.001066 0.376849 0.007336 1.743211
0.586930 0.010110 0.013463 0.007376 0.001051 0.373725 0.007345 1.744239
0.590828 0.009902 0.013154 0.007202 0.001029 0.370527 0.007358 1.745223
0.594661 0.009670 0.012883 0.007048 0.001013 0.367356 0.007368 1.746227
0.598438 0.009551 0.012587 0.006878 0.000985 0.364177 0.007383 1.747161
0.602219 0.009389 0.012312 0.006746 0.000965 0.360972 0.007398 1.748096
0.605965 0.009216 0.012026 0.006603 0.000938 0.357840 0.007412 1.749038
0.609682 0.009082 0.011753 0.006449 0.000923 0.354687 0.007424 1.749936
0.613430 0.008946 0.011505 0.006324 0.000906 0.351453 0.007438 1.750819
0.617100 0.008767 0.011310 0.006166 0.000883 0.348321 0.007454 1.751712
0.620760 0.008592 0.011038 0.006051 0.000858 0.345234 0.007467 1.752583
0.624335 0.008511 0.010767 0.005910 0.000840 0.342162 0.007476 1.753405
0.627741 0.008410 0.010512 0.005777 0.000823 0.339250 0.007486 1.754219
0.631187 0.008300 0.010283 0.005665 0.000799 0.336267 0.007500 1.755042
0.634619 0.008215 0.010057 0.005552 0.000793 0.333251 0.007512 1.755820
0.638137 0.008092 0.009860 0.005435 0.000771 0.330181 0.007526 1.756628
0.641546 0.008018 0.009660 0.005312 0.000753 0.327177 0.007536 1.757382
0.644875 0.007951 0.009443 0.005217 0.000736 0.324234 0.007545 1.758147
0.648230 0.007805 0.009275 0.005119 0.000722 0.321296 0.007554 1.758933
0.651573 0.007672 0.009114 0.005038 0.000705 0.318335 0.007564 1.759721
0.654884 0.007554 0.008997 0.004962 0.000692 0.315341 0.007569 1.760495
0.658235 0.007447 0.008826 0.004870 0.000676 0.312368 0.007578 1.761223
0.661496 0.007366 0.008678 0.004737 0.000667 0.309473 0.007584 1.761952
0.664676 0.007299 0.008541 0.004644 0.000655 0.306592 0.007594 1.762655
0.667879 0.007260 0.008389 0.004570 0.000637 0.303660 0.007605 1.763338
0.671077 0.007182 0.008239 0.004505 0.000623 0.300758 0.007616 1.764034
0.674174 0.007115 0.008097 0.004410 0.000611 0.297968 0.007626 1.764727
0.677154 0.007077 0.007929 0.004347 0.000601 0.295259 0.007634 1.765405
0.680146 0.007006 0.007806 0.004292 0.000592 0.292518 0.007641 1.766088
0.683082 0.006942 0.007687 0.004227 0.000577 0.289836 0.007649 1.766775
0.686027 0.006879 0.007576 0.004180 0.000567 0.287113 0.007657 1.767488
0.688948 0.006818 0.007491 0.004114 0.000551 0.284413 0.007665 1.768170
0.691876 0.006741 0.007388 0.004054 0.000544 0.281725 0.007673 1.768831
0.694805 0.006666 0.007315 0.003987 0.000536 0.279014 0.007678 1.769502
0.697756 0.006649 0.007192 0.003913 0.000523 0.276282 0.007686 1.770123
0.700639 0.006572 0.007127 0.003886 0.000510 0.273573 0.007695 1.770780
0.703396 0.006497 0.007034 0.003852 0.000506 0.271016 0.007699 1.771440
0.706221 0.006484 0.006919 0.003817 0.000498 0.268358 0.007704 1.772043
0.708964 0.006441 0.006829 0.003742 0.000490 0.265824 0.007711 1.772665
0.711701 0.006371 0.006773 0.003700 0.000473 0.263264 0.007719 1.773308
0.714454 0.006402 0.006677 0.003630 0.000465 0.260648 0.007725 1.773883
0.717118 0.006333 0.006626 0.003586 0.000455 0.258151 0.007731 1.774507
0.719821 0.006315 0.006559 0.003528 0.000449 0.255593 0.007736 1.775097
0.722562 0.006228 0.006529 0.003510 0.000444 0.252988 0.007740 1.775746
0.725094 0.006182 0.006475 0.003490 0.000431 0.250580 0.007747 1.776358
0.727733 0.006116 0.006388 0.003442 0.000427 0.248145 0.007749 1.776986
0.730294 0.006054 0.006294 0.003422 0.000422 0.245759 0.007755 1.777577
0.732789 0.006043 0.006257 0.003396 0.000413 0.243342 0.007760 1.778157
0.735339 0.006009 0.006182 0.003368 0.000404 0.240933 0.007765 1.778732
0.737802 0.005921 0.006133 0.003347 0.000403 0.238628 0.007767 1.779352
0.740186 0.005901 0.006030 0.003330 0.000394 0.236388 0.007771 1.779921
0.742651 0.005775 0.005988 0.003304 0.000387 0.234118 0.007777 1.780528
0.745050 0.005746 0.005926 0.003262 0.000373 0.231857 0.007785 1.781078
0.747430 0.005714 0.005833 0.003246 0.000367 0.229619 0.007789 1.781624
0.749825 0.005644 0.005799 0.003202 0.000358 0.227375 0.007796 1.782191
0.752081 0.005596 0.005725 0.003160 0.000353 0.225284 0.007801 1.782737
0.754424 0.005582 0.005684 0.003142 0.000344 0.223018 0.007806 1.783288
0.756726 0.005532 0.005636 0.003098 0.000344 0.220855 0.007810 1.783848
0.758950 0.005476 0.005570 0.003074 0.000336 0.218780 0.007815 1.784416
0.761167 0.005400 0.005514 0.003067 0.000330 0.216707 0.007816 1.784961
0.763406 0.005338 0.005446 0.003021 0.000325 0.214642 0.007822 1.785494
0.765610 0.005314 0.005395 0.003009 0.000320 0.212526 0.007827 1.786020
0.767775 0.005294 0.005372 0.002969 0.000314 0.210446 0.007831 1.786531
0.769884 0.005273 0.005321 0.002939 0.000308 0.208439 0.007834 1.787044
0.772044 0.005223 0.005305 0.002904 0.000308 0.206378 0.007837 1.787568
0.774167 0.005185 0.005268 0.002887 0.000303 0.204348 0.007841 1.788076
0.776253 0.005166 0.005255 0.002856 0.000296 0.202329 0.007844 1.788574
0.778291 0.005182 0.005217 0.002831 0.000287 0.200343 0.007850 1.789064
0.780272 0.005150 0.005172 0.002802 0.000286 0.198466 0.007853 1.789567
0.782301 0.005127 0.005142 0.002776 0.000275 0.196521 0.007857 1.790077
0.784220 0.005148 0.005097 0.002748 0.000274 0.194651 0.007861 1.790564
0.786160 0.005093 0.005063 0.002727 0.000277 0.192816 0.007865 1.791084
0.787999 0.005050 0.005062 0.002699 0.000279 0.191044 0.007867 1.791592
0.789945 0.005020 0.005026 0.002706 0.000274 0.189158 0.007872 1.792090
0.791852 0.004997 0.004989 0.002688 0.000269 0.187331 0.007875 1.792580
0.793693 0.004983 0.004948 0.002672 0.000264 0.185561 0.007878 1.793068
0.795525 0.004938 0.004909 0.002675 0.000261 0.183810 0.007882 1.793579
0.797425 0.004926 0.004838 0.002647 0.000255 0.182022 0.007887 1.794044
0.799139 0.004928 0.004797 0.002610 0.000253 0.180384 0.007889 1.794524
0.800910 0.004925 0.004769 0.002611 0.000248 0.178646 0.007892 1.795010
0.802694 0.004879 0.004773 0.002595 0.000237 0.176925 0.007897 1.795507
0.804456 0.004850 0.004737 0.002588 0.000235 0.175235 0.007899 1.796001
0.806219 0.004835 0.004684 0.002560 0.000233 0.173566 0.007903 1.796461
0.807931 0.004848 0.004634 0.002542 0.000234 0.171907 0.007905 1.796921
0.809586 0.004835 0.004618 0.002537 0.000232 0.170284 0.007908 1.797400
0.811192 0.004831 0.004561 0.002532 0.000233 0.168741 0.007911 1.797862
0.812886 0.004797 0.004552 0.002508 0.000230 0.167112 0.007916 1.798333
0.814501 0.004769 0.004533 0.002499 0.000225 0.165551 0.007922 1.798824
0.816123 0.004739 0.004515 0.002487 0.000223 0.163985 0.007928 1.799307
0.817621 0.004760 0.004497 0.002445 0.000222 0.162526 0.007930 1.799761
0.819265 0.004731 0.004471 0.002425 0.000219 0.160957 0.007933 1.800212
0.820789 0.004707 0.004462 0.002421 0.000215 0.159469 0.007936 1.800682
0.822355 0.004713 0.004422 0.002410 0.000210 0.157953 0.007939 1.801114
0.823894 0.004666 0.004401 0.002390 0.000207 0.156500 0.007943 1.801586
0.825330 0.004677 0.004375 0.002377 0.000208 0.155090 0.007945 1.802046
0.826810 0.004672 0.004374 0.002355 0.000205 0.153639 0.007947 1.802507
0.828284 0.004644 0.004340 0.002344 0.000203 0.152236 0.007951 1.802964
0.829745 0.004708 0.004304 0.002327 0.000200 0.150762 0.007954 1.803386
0.831200 0.004697 0.004291 0.002310 0.000198 0.149350 0.007955 1.803848
0.832612 0.004686 0.004269 0.002309 0.000195 0.147970 0.007958 1.804298
0.834062 0.004629 0.004280 0.002311 0.000191 0.146567 0.007960 1.804773
0.835478 0.004626 0.004277 0.002309 0.000186 0.145161 0.007965 1.805232
0.836797 0.004639 0.004272 0.002305 0.000190 0.143829 0.007967 1.805698
0.838117 0.004587 0.004294 0.002303 0.000187 0.142543 0.007969 1.806188
0.839408 0.004594 0.004298 0.002295 0.000186 0.141251 0.007970 1.806634
0.840723 0.004591 0.004303 0.002281 0.000186 0.139942 0.007973 1.807083
0.842052 0.004575 0.004273 0.002269 0.000184 0.138672 0.007975 1.807534
0.843354 0.004590 0.004266 0.002255 0.000180 0.137377 0.007980 1.807973
0.844562 0.004581 0.004273 0.002244 0.000179 0.136180 0.007980 1.808446
0.845807 0.004601 0.004254 0.002224 0.000178 0.134955 0.007981 1.808866
0.847072 0.004615 0.004238 0.002230 0.000179 0.133683 0.007982 1.809325
0.848334 0.004595 0.004195 0.002232 0.000177 0.132483 0.007985 1.809775
0.849615 0.004565 0.004209 0.002227 0.000180 0.131218 0.007987 1.810236
0.850783 0.004588 0.004175 0.002205 0.000177 0.130082 0.007990 1.810673
0.851997 0.004585 0.004168 0.002211 0.000174 0.128874 0.007992 1.811113
0.853098 0.004573 0.004177 0.002222 0.000176 0.127761 0.007994 1.811589
0.854286 0.004571 0.004166 0.002219 0.000174 0.126587 0.007998 1.812020
0.855374 0.004577 0.004138 0.002216 0.000175 0.125522 0.007999 1.812467
0.856511 0.004575 0.004117 0.002219 0.000173 0.124404 0.008001 1.812908
0.857562 0.004593 0.004116 0.002199 0.000172 0.123353 0.008005 1.813352
0.858666 0.004595 0.004109 0.002207 0.000175 0.122241 0.008006 1.813799
0.859747 0.004581 0.004114 0.002194 0.000182 0.121175 0.008008 1.814255
0.860807 0.004540 0.004112 0.002176 0.000179 0.120176 0.008010 1.814719
0.861870 0.004519 0.004077 0.002188 0.000177 0.119155 0.008013 1.815153
0.862879 0.004506 0.004076 0.002196 0.000180 0.118148 0.008016 1.815606
0.863933 0.004523 0.004063 0.002187 0.000180 0.117097 0.008018 1.816031
0.864969 0.004515 0.004051 0.002178 0.000176 0.116091 0.008021 1.816459
0.865964 0.004512 0.004029 0.002202 0.000173 0.115099 0.008022 1.816913
0.866989 0.004544 0.004018 0.002159 0.000170 0.114095 0.008025 1.817330
0.867931 0.004557 0.004029 0.002173 0.000167 0.113116 0.008027 1.817777
0.868877 0.004516 0.004044 0.002189 0.000160 0.112185 0.008031 1.818237
0.869828 0.004494 0.004066 0.002175 0.000160 0.111246 0.008032 1.818691
0.870808 0.004478 0.004049 0.002186 0.000161 0.110284 0.008034 1.819129
0.871736 0.004461 0.004043 0.002183 0.000160 0.109381 0.008037 1.819569
0.872652 0.004478 0.004040 0.002181 0.000154 0.108454 0.008041 1.819991
0.873587 0.004470 0.004029 0.002158 0.000153 0.107559 0.008043 1.820411
0.874498 0.004442 0.004045 0.002150 0.000149 0.106672 0.008044 1.820866
0.875369 0.004459 0.004036 0.002156 0.000153 0.105782 0.008046 1.821306
0.876257 0.004482 0.004034 0.002159 0.000153 0.104867 0.008047 1.821749
0.877195 0.004457 0.004035 0.002170 0.000154 0.103940 0.008049 1.822206
0.878084 0.004460 0.004019 0.002179 0.000156 0.103052 0.008051 1.822639
0.878936 0.004439 0.004023 0.002196 0.000156 0.102195 0.008054 1.823083
0.879744 0.004465 0.004046 0.002183 0.000157 0.101349 0.008056 1.823521
0.880582 0.004450 0.004040 0.002192 0.000157 0.100520 0.008058 1.823986
0.881397 0.004417 0.004052 0.002195 0.000157 0.099723 0.008059 1.824437
0.882224 0.004405 0.004043 0.002202 0.000150 0.098914 0.008062 1.824865
0.882969 0.004414 0.004034 0.002197 0.000153 0.098169 0.008063 1.825301
0.883789 0.004416 0.004039 0.002190 0.000152 0.097351 0.008064 1.825733
0.884542 0.004403 0.004050 0.002207 0.000146 0.096586 0.008066 1.826190
0.885332 0.004371 0.004034 0.002206 0.000147 0.095842 0.008068 1.826631
0.886093 0.004422 0.004010 0.002199 0.000145 0.095061 0.008071 1.827040
0.886862 0.004418 0.004024 0.002182 0.000143 0.094299 0.008072 1.827470
0.887540 0.004457 0.003994 0.002166 0.000141 0.093628 0.008074 1.827884
0.888307 0.004476 0.003975 0.002160 0.000141 0.092865 0.008077 1.828316
0.889043 0.004468 0.003985 0.002154 0.000144 0.092127 0.008079 1.828767
0.889758 0.004453 0.003963 0.002164 0.000147 0.091436 0.008079 1.829214
0.890485 0.004430 0.003961 0.002171 0.000145 0.090723 0.008083 1.829652
0.891205 0.004435 0.003957 0.002171 0.000147 0.089999 0.008086 1.830087
0.891922 0.004439 0.003955 0.002156 0.000146 0.089292 0.008090 1.830514
0.892560 0.004455 0.003939 0.002165 0.000149 0.088641 0.008091 1.830952
0.893211 0.004496 0.003948 0.002166 0.000152 0.087934 0.008094 1.831382
0.893808 0.004537 0.003931 0.002170 0.000149 0.087309 0.008096 1.831804
0.894434 0.004534 0.003952 0.002164 0.000149 0.086670 0.008097 1.832247
0.895070 0.004547 0.003958 0.002159 0.000147 0.086021 0.008099 1.832680
0.895709 0.004563 0.003961 0.002146 0.000146 0.085376 0.008101 1.833108
0.896295 0.004551 0.003958 0.002169 0.000145 0.084780 0.008103 1.833562
0.896942 0.004569 0.003932 0.002171 0.000144 0.084135 0.008108 1.833975
0.897538 0.004575 0.003937 0.002175 0.000149 0.083519 0.008108 1.834428
0.898154 0.004590 0.003916 0.002174 0.000148 0.082909 0.008108 1.834854
0.898731 0.004558 0.003932 0.002201 0.000152 0.082317 0.008110 1.835323
0.899288 0.004563 0.003958 0.002202 0.000150 0.081726 0.008114 1.835789
0.899868 0.004528 0.003973 0.002199 0.000146 0.081167 0.008118 1.836261
0.900425 0.004500 0.003995 0.002179 0.000147 0.080633 0.008122 1.836707
0.900952 0.004522 0.003950 0.002192 0.000145 0.080115 0.008125 1.837129
0.901499 0.004525 0.003950 0.002200 0.000143 0.079557 0.008126 1.837569
0.902019 0.004559 0.003930 0.002196 0.000140 0.079029 0.008127 1.837989
0.902587 0.004561 0.003916 0.002195 0.000142 0.078469 0.008130 1.838433
0.903089 0.004543 0.003954 0.002193 0.000145 0.077945 0.008132 1.838900
0.903610 0.004561 0.003948 0.002196 0.000148 0.077404 0.008133 1.839351
0.904116 0.004578 0.003940 0.002172 0.000148 0.076912 0.008134 1.839788
0.904634 0.004573 0.003971 0.002166 0.000147 0.076373 0.008135 1.840244
0.905092 0.004565 0.003981 0.002179 0.000150 0.075896 0.008137 1.840704
0.905627 0.004567 0.003988 0.002148 0.000146 0.075384 0.008140 1.841135
0.906138 0.004557 0.004004 0.002174 0.000145 0.074842 0.008141 1.841609
0.906575 0.004593 0.004006 0.002181 0.000145 0.074356 0.008143 1.842040
0.907011 0.004589 0.004040 0.002200 0.000145 0.073869 0.008145 1.842501
0.907491 0.004576 0.004042 0.002206 0.000145 0.073393 0.008147 1.842953
0.907910 0.004600 0.004042 0.002204 0.000146 0.072948 0.008150 1.843403
0.908379 0.004611 0.004053 0.002200 0.000145 0.072462 0.008151 1.843850
0.908825 0.004645 0.004022 0.002202 0.000140 0.072013 0.008154 1.844278
0.909250 0.004648 0.004020 0.002208 0.000137 0.071580 0.008156 1.844721
0.909684 0.004629 0.004039 0.002209 0.000141 0.071141 0.008156 1.845193
0.910086 0.004640 0.004072 0.002216 0.000143 0.070686 0.008158 1.845664
0.910512 0.004662 0.004074 0.002206 0.000144 0.070244 0.008159 1.846110
0.910935 0.004674 0.004074 0.002213 0.000144 0.069801 0.008160 1.846561
0.911380 0.004671 0.004079 0.002214 0.000143 0.069350 0.008163 1.847028
0.911803 0.004662 0.004117 0.002225 0.000142 0.068886 0.008166 1.847524
0.912175 0.004684 0.004101 0.002241 0.000142 0.068490 0.008168 1.847979
0.912535 0.004716 0.004096 0.002226 0.000145 0.068115 0.008168 1.848426
0.912933 0.004741 0.004111 0.002215 0.000147 0.067685 0.008168 1.848887
0.913294 0.004735 0.004152 0.002204 0.000150 0.067296 0.008170 1.849361
0.913634 0.004728 0.004174 0.002226 0.000147 0.066918 0.008173 1.849843
0.913990 0.004764 0.004176 0.002221 0.000147 0.066524 0.008177 1.850293
0.914311 0.004789 0.004162 0.002216 0.000149 0.066194 0.008179 1.850769
0.914627 0.004815 0.004156 0.002242 0.000147 0.065832 0.008181 1.851246
0.914942 0.004884 0.004143 0.002234 0.000150 0.065464 0.008183 1.851675
0.915274 0.004906 0.004155 0.002233 0.000145 0.065101 0.008186 1.852144
0.915608 0.004909 0.004150 0.002229 0.000145 0.064770 0.008188 1.852608
0.915936 0.004944 0.004154 0.002243 0.000144 0.064389 0.008191 1.853082
0.916197 0.004982 0.004164 0.002239 0.000142 0.064082 0.008195 1.853569
0.916505 0.004988 0.004161 0.002251 0.000142 0.063759 0.008195 1.854046
0.916891 0.004974 0.004196 0.002258 0.000142 0.063343 0.008196 1.854535
0.917156 0.004991 0.004215 0.002258 0.000145 0.063036 0.008198 1.855029
0.917456 0.004990 0.004225 0.002245 0.000142 0.062742 0.008200 1.855507
0.917789 0.004982 0.004255 0.002249 0.000142 0.062380 0.008203 1.856006
0.918068 0.005000 0.004249 0.002253 0.000141 0.062083 0.008205 1.856493
0.918300 0.005040 0.004262 0.002273 0.000142 0.061778 0.008206 1.856971
0.918536 0.005076 0.004294 0.002267 0.000144 0.061477 0.008208 1.857466
0.918768 0.005089 0.004344 0.002274 0.000146 0.061167 0.008212 1.857989
0.918976 0.005128 0.004324 0.002278 0.000146 0.060934 0.008215 1.858464
0.919214 0.005132 0.004302 0.002283 0.000148 0.060706 0.008216 1.858940
0.919448 0.005137 0.004284 0.002307 0.000149 0.060457 0.008218 1.859439
0.919695 0.005144 0.004304 0.002332 0.000151 0.060157 0.008218 1.859964
0.919992 0.005111 0.004324 0.002340 0.000152 0.059862 0.008220 1.860475
0.920200 0.005138 0.004331 0.002360 0.000155 0.059596 0.008221 1.860955
0.920473 0.005122 0.004339 0.002369 0.000153 0.059321 0.008224 1.861473
0.920692 0.005107 0.004377 0.002366 0.000153 0.059076 0.008228 1.861976
0.920937 0.005097 0.004395 0.002376 0.000151 0.058813 0.008232 1.862500
0.921139 0.005147 0.004397 0.002373 0.000148 0.058563 0.008234 1.862983
0.921321 0.005170 0.004423 0.002373 0.000147 0.058330 0.008236 1.863480
0.921525 0.005189 0.004441 0.002374 0.000143 0.058090 0.008238 1.863983
0.921778 0.005155 0.004478 0.002358 0.000146 0.057846 0.008240 1.864512
0.921960 0.005151 0.004478 0.002358 0.000148 0.057664 0.008242 1.865016
0.922136 0.005174 0.004493 0.002353 0.000148 0.057452 0.008245 1.865524
0.922304 0.005212 0.004478 0.002372 0.000147 0.057240 0.008247 1.866023
0.922493 0.005228 0.004495 0.002378 0.000147 0.057011 0.008248 1.866534
0.922706 0.005234 0.004516 0.002373 0.000146 0.056774 0.008249 1.867047
0.922869 0.005257 0.004550 0.002380 0.000145 0.056549 0.008250 1.867566
0.923035 0.005291 0.004560 0.002372 0.000143 0.056346 0.008253 1.868060
0.923190 0.005293 0.004573 0.002388 0.000143 0.056159 0.008255 1.868588
0.923347 0.005325 0.004561 0.002397 0.000146 0.055967 0.008256 1.869080
0.923474 0.005349 0.004557 0.002423 0.000147 0.055792 0.008258 1.869602
0.923606 0.005363 0.004599 0.002441 0.000153 0.055580 0.008258 1.870153
0.923743 0.005367 0.004631 0.002441 0.000157 0.055402 0.008260 1.870701
0.923908 0.005380 0.004638 0.002452 0.000158 0.055203 0.008262 1.871231
0.924024 0.005406 0.004649 0.002427 0.000157 0.055075 0.008263 1.871746
0.924167 0.005450 0.004650 0.002431 0.000158 0.054880 0.008265 1.872259
0.924309 0.005419 0.004695 0.002447 0.000156 0.054705 0.008269 1.872830
0.924435 0.005445 0.004689 0.002456 0.000156 0.054549 0.008271 1.873354
0.924602 0.005451 0.004701 0.002458 0.000157 0.054359 0.008272 1.873879
0.924755 0.005469 0.004692 0.002481 0.000152 0.054179 0.008273 1.874398
0.924884 0.005481 0.004707 0.002476 0.000155 0.054024 0.008275 1.874925
0.924992 0.005524 0.004710 0.002469 0.000153 0.053875 0.008277 1.875463
0.925119 0.005507 0.004711 0.002495 0.000156 0.053734 0.008279 1.876013
0.925257 0.005555 0.004713 0.002504 0.000154 0.053535 0.008280 1.876521
0.925359 0.005573 0.004723 0.002498 0.000154 0.053411 0.008282 1.877053
0.925440 0.005622 0.004727 0.002519 0.000154 0.053254 0.008284 1.877585
0.925556 0.005624 0.004752 0.002537 0.000152 0.053095 0.008286 1.878150
0.925677 0.005607 0.004772 0.002564 0.000152 0.052940 0.008287 1.878708
0.925779 0.005626 0.004762 0.002581 0.000154 0.052806 0.008292 1.879248
0.925819 0.005667 0.004796 0.002592 0.000157 0.052675 0.008295 1.879792
0.925935 0.005639 0.004796 0.002608 0.000157 0.052569 0.008297 1.880349
0.926019 0.005688 0.004793 0.002592 0.000160 0.052450 0.008299 1.880873
0.926100 0.005689 0.004813 0.002605 0.000166 0.052328 0.008299 1.881436
0.926211 0.005693 0.004830 0.002608 0.000165 0.052191 0.008301 1.881976
0.926321 0.005702 0.004857 0.002614 0.000166 0.052036 0.008304 1.882518
0.926378 0.005736 0.004875 0.002604 0.000165 0.051935 0.008307 1.883063
0.926431 0.005781 0.004889 0.002611 0.000164 0.051816 0.008310 1.883612
0.926487 0.005793 0.004885 0.002615 0.000172 0.051737 0.008310 1.884180
0.926596 0.005793 0.004893 0.002645 0.000176 0.051587 0.008310 1.884746
0.926682 0.005813 0.004900 0.002665 0.000178 0.051451 0.008311 1.885324
0.926761 0.005830 0.004892 0.002678 0.000179 0.051346 0.008314 1.885875
0.926883 0.005783 0.004922 0.002713 0.000177 0.051205 0.008317 1.886455
0.926942 0.005784 0.004951 0.002742 0.000179 0.051083 0.008319 1.887034
0.927009 0.005750 0.004984 0.002760 0.000178 0.050998 0.008321 1.887650
0.927056 0.005781 0.004986 0.002758 0.000176 0.050917 0.008325 1.888213
0.927097 0.005788 0.004994 0.002758 0.000173 0.050863 0.008326 1.888780
0.927141 0.005813 0.005010 0.002760 0.000172 0.050775 0.008328 1.889325
0.927176 0.005836 0.005009 0.002773 0.000172 0.050705 0.008330 1.889899
0.927259 0.005819 0.005012 0.002776 0.000175 0.050627 0.008333 1.890481
0.927308 0.005855 0.005025 0.002766 0.000173 0.050537 0.008336 1.891039
0.927334 0.005896 0.005009 0.002770 0.000170 0.050484 0.008339 1.891593
0.927338 0.005926 0.005004 0.002772 0.000169 0.050450 0.008341 1.892134
0.927366 0.005939 0.005017 0.002783 0.000165 0.050387 0.008343 1.892728
0.927398 0.005983 0.005027 0.002811 0.000165 0.050271 0.008345 1.893303
0.927413 0.006004 0.005043 0.002822 0.000164 0.050207 0.008347 1.893885
0.927471 0.006004 0.005048 0.002818 0.000160 0.050149 0.008349 1.894463
0.927481 0.006030 0.005058 0.002814 0.000162 0.050105 0.008350 1.895035
0.927491 0.006050 0.005112 0.002837 0.000161 0.049996 0.008352 1.895627
0.927485 0.006052 0.005145 0.002842 0.000165 0.049958 0.008353 1.896230
0.927523 0.006054 0.005178 0.002835 0.000166 0.049888 0.008355 1.896821
0.927530 0.006079 0.005205 0.002820 0.000165 0.049843 0.008358 1.897422
0.927505 0.006096 0.005239 0.002848 0.000165 0.049789 0.008359 1.898051
0.927480 0.006101 0.005270 0.002863 0.000165 0.049758 0.008362 1.898668
0.927442 0.006119 0.005296 0.002866 0.000163 0.049751 0.008364 1.899261
0.927417 0.006139 0.005316 0.002886 0.000165 0.049710 0.008367 1.899878
0.927401 0.006142 0.005319 0.002906 0.000162 0.049701 0.008369 1.900489
0.927444 0.006145 0.005313 0.002917 0.000165 0.049645 0.008371 1.901092
0.927433 0.006162 0.005332 0.002921 0.000169 0.049611 0.008372 1.901708
0.927443 0.006171 0.005325 0.002919 0.000167 0.049599 0.008374 1.902308
0.927460 0.006162 0.005350 0.002933 0.000165 0.049553 0.008376 1.902921
0.927440 0.006186 0.005350 0.002908 0.000167 0.049570 0.008379 1.903523
0.927433 0.006177 0.005407 0.002887 0.000171 0.049543 0.008382 1.904144
0.927438 0.006193 0.005410 0.002892 0.000175 0.049508 0.008384 1.904747
0.927437 0.006207 0.005443 0.002901 0.000181 0.049444 0.008387 1.905367
0.927425 0.006205 0.005474 0.002915 0.000183 0.049409 0.008390 1.906009
0.927417 0.006240 0.005435 0.002910 0.000184 0.049423 0.008392 1.906610
0.927390 0.006292 0.005408 0.002903 0.000184 0.049430 0.008394 1.907193
0.927364 0.006308 0.005450 0.002917 0.000183 0.049381 0.008397 1.907831
0.927323 0.006368 0.005422 0.002927 0.000187 0.049378 0.008398 1.908415
0.927348 0.006350 0.005453 0.002913 0.000190 0.049347 0.008399 1.909036
0.927305 0.006370 0.005449 0.002909 0.000194 0.049374 0.008399 1.909659
0.927276 0.006388 0.005484 0.002931 0.000193 0.049324 0.008403 1.910286
0.927270 0.006363 0.005522 0.002949 0.000196 0.049298 0.008404 1.910936
0.927263 0.006352 0.005522 0.002965 0.000196 0.049295 0.008407 1.911578
0.927244 0.006326 0.005567 0.002986 0.000196 0.049272 0.008411 1.912241
0.927187 0.006406 0.005549 0.002974 0.000193 0.049278 0.008413 1.912840
0.927189 0.006386 0.005550 0.002991 0.000200 0.049270 0.008415 1.913473
0.927155 0.006401 0.005574 0.002993 0.000202 0.049258 0.008417 1.914114
0.927092 0.006436 0.005563 0.002993 0.000206 0.049290 0.008419 1.914744
0.927023 0.006458 0.005586 0.002994 0.000210 0.049306 0.008423 1.915391
0.926976 0.006456 0.005596 0.002995 0.000205 0.049344 0.008428 1.916022
0.926950 0.006460 0.005614 0.003017 0.000206 0.049322 0.008431 1.916681
0.926911 0.006468 0.005621 0.003030 0.000199 0.049337 0.008433 1.917330
0.926889 0.006459 0.005660 0.003032 0.000199 0.049326 0.008435 1.917964
0.926835 0.006524 0.005682 0.003022 0.000198 0.049300 0.008437 1.918575
0.926829 0.006531 0.005680 0.003010 0.000201 0.049312 0.008438 1.919199
0.926778 0.006543 0.005675 0.003031 0.000202 0.049330 0.008441 1.919841
0.926748 0.006570 0.005684 0.003015 0.000202 0.049337 0.008444 1.920459
0.926757 0.006585 0.005674 0.003034 0.000200 0.049303 0.008446 1.921088
0.926716 0.006602 0.005711 0.003029 0.000206 0.049289 0.008447 1.921737
0.926683 0.006602 0.005732 0.003066 0.000205 0.049260 0.008451 1.922396
0.926610 0.006630 0.005719 0.003071 0.000203 0.049314 0.008453 1.923033
0.926566 0.006635 0.005736 0.003081 0.000205 0.049320 0.008457 1.923684
0.926564 0.006622 0.005795 0.003069 0.000201 0.049287 0.008461 1.924341
0.926496 0.006644 0.005831 0.003072 0.000199 0.049295 0.008463 1.925000
0.926467 0.006615 0.005859 0.003092 0.000198 0.049304 0.008465 1.925676
0.926388 0.006645 0.005876 0.003104 0.000197 0.049324 0.008468 1.926336
0.926328 0.006692 0.005871 0.003077 0.000195 0.049367 0.008470 1.926963
0.926326 0.006633 0.005906 0.003091 0.000196 0.049377 0.008473 1.927650
0.926283 0.006656 0.005893 0.003072 0.000195 0.049425 0.008475 1.928281
0.926271 0.006631 0.005903 0.003093 0.000199 0.049427 0.008476 1.928962
0.926201 0.006674 0.005896 0.003111 0.000197 0.049442 0.008479 1.929599
0.926172 0.006684 0.005879 0.003122 0.000194 0.049468 0.008481 1.930241
0.926150 0.006717 0.005840 0.003132 0.000197 0.049481 0.008483 1.930880
0.926104 0.006722 0.005849 0.003136 0.000196 0.049506 0.008487 1.931532
0.926031 0.006729 0.005909 0.003126 0.000195 0.049522 0.008490 1.932210
0.926008 0.006695 0.005943 0.003130 0.000198 0.049534 0.008491 1.932888
0.925979 0.006699 0.005953 0.003109 0.000196 0.049570 0.008493 1.933529
0.925915 0.006746 0.005934 0.003105 0.000195 0.049609 0.008496 1.934175
0.925847 0.006760 0.005938 0.003136 0.000194 0.049627 0.008497 1.934858
0.925825 0.006784 0.005942 0.003119 0.000193 0.049636 0.008500 1.935492
0.925782 0.006760 0.005947 0.003122 0.000193 0.049692 0.008503 1.936158
0.925721 0.006732 0.005964 0.003148 0.000197 0.049735 0.008504 1.936845
0.925708 0.006690 0.005988 0.003148 0.000196 0.049761 0.008508 1.937529
0.925660 0.006718 0.006007 0.003155 0.000194 0.049756 0.008511 1.938207
0.925630 0.006721 0.006006 0.003172 0.000195 0.049761 0.008515 1.938863
0.925593 0.006720 0.005987 0.003183 0.000196 0.049804 0.008518 1.939531
0.925577 0.006711 0.005960 0.003177 0.000196 0.049857 0.008521 1.940174
0.925559 0.006683 0.005982 0.003202 0.000198 0.049853 0.008522 1.940841
0.925525 0.006691 0.005937 0.003215 0.000196 0.049909 0.008526 1.941489
0.925481 0.006682 0.005916 0.003223 0.000195 0.049975 0.008528 1.942152
0.925456 0.006667 0.005937 0.003216 0.000192 0.050002 0.008530 1.942826
0.925404 0.006674 0.005941 0.003230 0.000196 0.050022 0.008533 1.943486
0.925383 0.006684 0.005937 0.003210 0.000198 0.050054 0.008535 1.944128
0.925354 0.006678 0.005927 0.003209 0.000198 0.050096 0.008536 1.944791
0.925353 0.006687 0.005930 0.003195 0.000196 0.050100 0.008539 1.945447
0.925356 0.006634 0.005959 0.003194 0.000198 0.050119 0.008540 1.946144
0.925308 0.006621 0.005975 0.003200 0.000199 0.050155 0.008542 1.946828
0.925275 0.006616 0.005972 0.003190 0.000200 0.050203 0.008543 1.947492
0.925238 0.006615 0.005978 0.003186 0.000202 0.050234 0.008547 1.948157
0.925181 0.006625 0.005962 0.003201 0.000205 0.050277 0.008549 1.948803
0.925143 0.006635 0.005925 0.003194 0.000207 0.050344 0.008552 1.949456
0.925111 0.006650 0.005942 0.003190 0.000206 0.050347 0.008554 1.950122
0.925077 0.006655 0.005979 0.003168 0.000208 0.050358 0.008555 1.950781
0.924994 0.006691 0.006009 0.003158 0.000207 0.050384 0.008558 1.951446
0.924912 0.006745 0.006008 0.003167 0.000209 0.050400 0.008559 1.952099
0.924821 0.006747 0.006058 0.003183 0.000210 0.050420 0.008562 1.952801
0.924769 0.006804 0.006062 0.003178 0.000212 0.050413 0.008563 1.953457
0.924697 0.006833 0.006035 0.003159 0.000212 0.050499 0.008565 1.954122
0.924675 0.006863 0.006037 0.003163 0.000208 0.050487 0.008568 1.954775
0.924661 0.006895 0.005998 0.003148 0.000207 0.050522 0.008571 1.955412
0.924573 0.006938 0.006017 0.003151 0.000202 0.050548 0.008571 1.956085
0.924496 0.006949 0.006027 0.003172 0.000203 0.050580 0.008573 1.956761
0.924407 0.006943 0.006066 0.003193 0.000205 0.050612 0.008575 1.957458
0.924367 0.006957 0.006066 0.003210 0.000203 0.050619 0.008578 1.958137
0.924286 0.006972 0.006075 0.003223 0.000205 0.050658 0.008580 1.958811
0.924241 0.006962 0.006102 0.003225 0.000201 0.050687 0.008582 1.959502
0.924159 0.007000 0.006094 0.003236 0.000204 0.050721 0.008585 1.960166
0.924116 0.006992 0.006101 0.003270 0.000206 0.050728 0.008587 1.960861
0.924069 0.006969 0.006114 0.003283 0.000205 0.050770 0.008590 1.961564
0.924006 0.006993 0.006097 0.003260 0.000207 0.050841 0.008594 1.962218
0.923960 0.006958 0.006129 0.003270 0.000209 0.050877 0.008599 1.962927
0.923861 0.007003 0.006145 0.003264 0.000210 0.050914 0.008603 1.963605
0.923832 0.006978 0.006142 0.003274 0.000212 0.050957 0.008606 1.964307
0.923773 0.007006 0.006145 0.003290 0.000207 0.050972 0.008608 1.964977
0.923698 0.007024 0.006126 0.003303 0.000212 0.051028 0.008609 1.965662
0.923634 0.007041 0.006142 0.003293 0.000212 0.051068 0.008611 1.966332
0.923595 0.007037 0.006160 0.003296 0.000216 0.051083 0.008613 1.967017
0.923560 0.006973 0.006134 0.003331 0.000215 0.051171 0.008617 1.967755
0.923545 0.006978 0.006150 0.003307 0.000213 0.051188 0.008620 1.968429
0.923542 0.006926 0.006172 0.003305 0.000207 0.051224 0.008624 1.969141
0.923448 0.006966 0.006190 0.003307 0.000204 0.051257 0.008627 1.969835
0.923437 0.006959 0.006175 0.003308 0.000206 0.051286 0.008630 1.970505
0.923383 0.006953 0.006183 0.003325 0.000207 0.051317 0.008633 1.971185
0.923329 0.007001 0.006158 0.003331 0.000210 0.051337 0.008634 1.971846
0.923236 0.007013 0.006194 0.003322 0.000204 0.051392 0.008639 1.972552
0.923220 0.006993 0.006190 0.003344 0.000204 0.051408 0.008641 1.973237
0.923179 0.006962 0.006251 0.003351 0.000200 0.051413 0.008644 1.973957
0.923147 0.006964 0.006256 0.003342 0.000202 0.051442 0.008647 1.974653
0.923093 0.006949 0.006252 0.003350 0.000203 0.051503 0.008651 1.975346
0.923069 0.006954 0.006259 0.003351 0.000213 0.051502 0.008652 1.976025
0.923032 0.006986 0.006261 0.003361 0.000214 0.051492 0.008655 1.976693
0.922935 0.007023 0.006283 0.003359 0.000219 0.051524 0.008657 1.977385
0.922852 0.007021 0.006281 0.003331 0.000221 0.051634 0.008661 1.978085
0.922786 0.007045 0.006267 0.003322 0.000223 0.051694 0.008663 1.978766
0.922696 0.007058 0.006290 0.003344 0.000221 0.051726 0.008665 1.979476
0.922606 0.007105 0.006283 0.003350 0.000227 0.051764 0.008666 1.980158
0.922519 0.007134 0.006294 0.003367 0.000225 0.051789 0.008670 1.980840
0.922437 0.007168 0.006297 0.003373 0.000223 0.051831 0.008671 1.981553
0.922401 0.007157 0.006281 0.003360 0.000227 0.051900 0.008674 1.982243
0.922327 0.007142 0.006326 0.003348 0.000233 0.051948 0.008675 1.982979
0.922229 0.007131 0.006345 0.003372 0.000237 0.052010 0.008677 1.983707
0.922158 0.007172 0.006349 0.003351 0.000236 0.052053 0.008680 1.984376
0.922110 0.007186 0.006351 0.003344 0.000237 0.052088 0.008684 1.985079
0.922059 0.007180 0.006345 0.003366 0.000233 0.052129 0.008687 1.985787
0.921962 0.007179 0.006354 0.003395 0.000237 0.052184 0.008690 1.986512
0.921915 0.007178 0.006386 0.003382 0.000238 0.052207 0.008693 1.987220
0.921853 0.007208 0.006351 0.003374 0.000237 0.052281 0.008698 1.987900
0.921802 0.007206 0.006378 0.003389 0.000233 0.052290 0.008703 1.988617
0.921680 0.007256 0.006330 0.003409 0.000233 0.052388 0.008705 1.989291
0.921601 0.007275 0.006360 0.003425 0.000232 0.052400 0.008709 1.990005
0.921525 0.007300 0.006346 0.003410 0.000238 0.052471 0.008711 1.990702
0.921446 0.007322 0.006343 0.003417 0.000236 0.052519 0.008717 1.991405
0.921375 0.007358 0.006332 0.003400 0.000234 0.052581 0.008721 1.992080
0.921337 0.007348 0.006325 0.003420 0.000233 0.052615 0.008723 1.992792
0.921266 0.007381 0.006326 0.003424 0.000232 0.052646 0.008725 1.993486
0.921176 0.007398 0.006351 0.003451 0.000228 0.052665 0.008731 1.994197
0.921101 0.007447 0.006348 0.003459 0.000230 0.052685 0.008732 1.994882
0.921009 0.007426 0.006373 0.003490 0.000229 0.052740 0.008734 1.995609
0.920909 0.007454 0.006403 0.003470 0.000228 0.052799 0.008737 1.996309
0.920822 0.007437 0.006419 0.003469 0.000230 0.052886 0.008739 1.997040
0.920763 0.007436 0.006468 0.003463 0.000231 0.052899 0.008741 1.997772
0.920686 0.007425 0.006480 0.003479 0.000229 0.052957 0.008745 1.998518
0.920630 0.007413 0.006509 0.003499 0.000226 0.052977 0.008746 1.999268
0.920547 0.007422 0.006510 0.003482 0.000228 0.053063 0.008749 1.999976
0.920492 0.007392 0.006496 0.003481 0.000226 0.053162 0.008751 2.000701
0.920421 0.007396 0.006477 0.003495 0.000224 0.053235 0.008753 2.001403
0.920328 0.007451 0.006467 0.003484 0.000225 0.053288 0.008757 2.002098
0.920268 0.007475 0.006464 0.003481 0.000220 0.053332 0.008759 2.002804
0.920189 0.007465 0.006500 0.003509 0.000223 0.053351 0.008764 2.003578
0.920095 0.007508 0.006517 0.003505 0.000221 0.053388 0.008767 2.004312
0.920022 0.007547 0.006544 0.003506 0.000224 0.053388 0.008771 2.005034
0.919906 0.007555 0.006592 0.003505 0.000224 0.053444 0.008775 2.005784
0.919829 0.007528 0.006612 0.003513 0.000227 0.053514 0.008777 2.006546
0.919761 0.007526 0.006629 0.003554 0.000231 0.053520 0.008780 2.007301
0.919708 0.007493 0.006640 0.003559 0.000236 0.053583 0.008782 2.008056
0.919656 0.007488 0.006616 0.003542 0.000237 0.053677 0.008785 2.008782
0.919597 0.007493 0.006604 0.003537 0.000235 0.053746 0.008789 2.009529
0.919531 0.007495 0.006606 0.003519 0.000231 0.053827 0.008792 2.010237
0.919473 0.007525 0.006580 0.003505 0.000235 0.053888 0.008794 2.010942
0.919480 0.007503 0.006578 0.003483 0.000236 0.053923 0.008797 2.011652
0.919377 0.007492 0.006576 0.003503 0.000236 0.054016 0.008802 2.012425
0.919307 0.007469 0.006601 0.003521 0.000233 0.054063 0.008806 2.013187
0.919229 0.007468 0.006637 0.003530 0.000233 0.054093 0.008812 2.013921
0.919153 0.007471 0.006633 0.003542 0.000233 0.054154 0.008814 2.014674
0.919094 0.007471 0.006617 0.003547 0.000232 0.054222 0.008815 2.015394
0.919066 0.007420 0.006620 0.003549 0.000233 0.054293 0.008818 2.016135
0.919025 0.007417 0.006633 0.003541 0.000228 0.054335 0.008823 2.016854
0.918997 0.007429 0.006644 0.003553 0.000227 0.054327 0.008824 2.017579
0.918940 0.007398 0.006641 0.003565 0.000228 0.054398 0.008829 2.018351
0.918869 0.007380 0.006631 0.003573 0.000230 0.054485 0.008832 2.019101
0.918849 0.007374 0.006635 0.003573 0.000226 0.054507 0.008837 2.019830
0.918790 0.007342 0.006634 0.003596 0.000226 0.054571 0.008842 2.020590
0.918756 0.007333 0.006614 0.003600 0.000228 0.054622 0.008846 2.021304
0.918697 0.007362 0.006628 0.003601 0.000231 0.054635 0.008847 2.022027
0.918629 0.007398 0.006646 0.003585 0.000231 0.054662 0.008850 2.022734
0.918568 0.007396 0.006646 0.003575 0.000229 0.054734 0.008852 2.023463
0.918522 0.007411 0.006662 0.003565 0.000228 0.054757 0.008855 2.024186
0.918461 0.007426 0.006648 0.003577 0.000233 0.054798 0.008857 2.024917
0.918395 0.007452 0.006654 0.003559 0.000235 0.054846 0.008859 2.025628
0.918322 0.007477 0.006660 0.003546 0.000238 0.054895 0.008862 2.026347
0.918328 0.007450 0.006682 0.003547 0.000235 0.054892 0.008867 2.027073
0.918281 0.007473 0.006687 0.003535 0.000235 0.054920 0.008870 2.027777
0.918249 0.007457 0.006684 0.003534 0.000235 0.054968 0.008873 2.028513
0.918161 0.007488 0.006684 0.003551 0.000232 0.055009 0.008875 2.029246
0.918117 0.007484 0.006695 0.003541 0.000233 0.055052 0.008878 2.029979
0.918095 0.007484 0.006684 0.003535 0.000231 0.055089 0.008881 2.030680
0.918050 0.007498 0.006669 0.003553 0.000233 0.055114 0.008885 2.031417
0.917981 0.007518 0.006667 0.003553 0.000237 0.055159 0.008887 2.032128
0.917948 0.007506 0.006694 0.003528 0.000231 0.055204 0.008891 2.032855
0.917901 0.007530 0.006672 0.003510 0.000231 0.055265 0.008893 2.033590
0.917913 0.007513 0.006647 0.003524 0.000229 0.055280 0.008895 2.034323
0.917879 0.007508 0.006682 0.003517 0.000230 0.055286 0.008898 2.035087
0.917864 0.007520 0.006661 0.003522 0.000231 0.055302 0.008901 2.035810
0.917756 0.007552 0.006665 0.003530 0.000234 0.055362 0.008902 2.036577
0.917695 0.007536 0.006703 0.003548 0.000229 0.055382 0.008908 2.037348
