0.339402 0.062648 0.056071 0.032508 0.002103 0.501124 0.006143 1.642055
0.342044 0.060204 0.055936 0.032280 0.002115 0.501255 0.006166 1.648079
0.345393 0.057365 0.055701 0.032023 0.002119 0.501205 0.006194 1.653750
0.349242 0.054259 0.055372 0.031574 0.002134 0.501199 0.006220 1.659225
0.353598 0.051085 0.054872 0.031058 0.002127 0.501009 0.006251 1.664383
0.357969 0.048001 0.054213 0.030533 0.002129 0.500878 0.006277 1.669248
0.362718 0.045061 0.053299 0.029863 0.002111 0.500641 0.006306 1.673761
0.367651 0.042166 0.052402 0.029185 0.002100 0.500156 0.006339 1.678079
0.372575 0.039426 0.051461 0.028527 0.002077 0.499556 0.006378 1.682142
0.377567 0.037023 0.050290 0.027721 0.002060 0.498934 0.006405 1.685795
0.382613 0.034620 0.049076 0.027018 0.002062 0.498185 0.006427 1.689307
0.387844 0.032289 0.047801 0.026221 0.002046 0.497349 0.006450 1.692662
0.393154 0.030219 0.046399 0.025379 0.002037 0.496334 0.006479 1.695693
0.398459 0.028123 0.045130 0.024564 0.002021 0.495198 0.006504 1.698634
0.403688 0.026312 0.043753 0.023724 0.002010 0.493979 0.006534 1.701308
0.408946 0.024567 0.042421 0.022825 0.001995 0.492687 0.006559 1.703846
0.414307 0.023015 0.041059 0.021974 0.001972 0.491086 0.006587 1.706184
0.419724 0.021593 0.039627 0.021167 0.001944 0.489329 0.006616 1.708352
0.425161 0.020286 0.038266 0.020327 0.001925 0.487394 0.006640 1.710406
0.430487 0.019016 0.036875 0.019507 0.001904 0.485547 0.006663 1.712359
0.435857 0.017840 0.035538 0.018786 0.001887 0.483408 0.006684 1.714184
0.441235 0.016695 0.034144 0.018053 0.001856 0.481304 0.006713 1.715942
0.446662 0.015717 0.032767 0.017319 0.001823 0.478978 0.006733 1.717522
0.452144 0.014774 0.031469 0.016555 0.001804 0.476504 0.006751 1.719002
0.457582 0.013893 0.030269 0.015848 0.001776 0.473855 0.006778 1.720458
0.463008 0.013126 0.028972 0.015175 0.001733 0.471184 0.006801 1.721753
0.468385 0.012430 0.027796 0.014544 0.001703 0.468321 0.006820 1.722979
0.473723 0.011732 0.026631 0.013958 0.001665 0.465447 0.006844 1.724171
0.479116 0.011072 0.025514 0.013355 0.001628 0.462448 0.006867 1.725291
0.484448 0.010428 0.024442 0.012794 0.001588 0.459416 0.006886 1.726362
0.489801 0.009835 0.023390 0.012215 0.001577 0.456278 0.006905 1.727347
0.495006 0.009301 0.022406 0.011641 0.001545 0.453177 0.006926 1.728279
0.500270 0.008784 0.021421 0.011136 0.001512 0.449930 0.006948 1.729190
0.505563 0.008354 0.020503 0.010638 0.001481 0.446497 0.006965 1.730007
0.510794 0.007905 0.019671 0.010126 0.001455 0.443070 0.006981 1.730824
0.515948 0.007499 0.018781 0.009656 0.001426 0.439692 0.006997 1.731586
0.521041 0.007138 0.017964 0.009173 0.001416 0.436254 0.007014 1.732300
0.526188 0.006754 0.017177 0.008744 0.001387 0.432721 0.007030 1.733001
0.531237 0.006419 0.016376 0.008350 0.001358 0.429217 0.007045 1.733649
0.536333 0.006075 0.015630 0.007963 0.001329 0.425610 0.007060 1.734281
0.541297 0.005781 0.014911 0.007595 0.001307 0.422028 0.007081 1.734862
0.546318 0.005486 0.014198 0.007251 0.001278 0.418371 0.007098 1.735419
0.551319 0.005217 0.013561 0.006903 0.001243 0.414641 0.007117 1.735941
0.556208 0.004981 0.012943 0.006566 0.001214 0.410959 0.007130 1.736444
0.561013 0.004766 0.012386 0.006279 0.001189 0.407228 0.007140 1.736924
0.565833 0.004577 0.011787 0.005975 0.001153 0.403517 0.007158 1.737359
0.570643 0.004366 0.011292 0.005705 0.001123 0.399700 0.007172 1.737806
0.575449 0.004164 0.010782 0.005448 0.001097 0.395875 0.007187 1.738228
0.580167 0.004004 0.010312 0.005224 0.001069 0.392023 0.007202 1.738612
0.584829 0.003811 0.009827 0.004970 0.001048 0.388302 0.007214 1.738998
0.589467 0.003643 0.009426 0.004739 0.001024 0.384472 0.007229 1.739374
0.594159 0.003513 0.008995 0.004496 0.001000 0.380593 0.007245 1.739704
0.598724 0.003377 0.008568 0.004274 0.000973 0.376821 0.007262 1.740037
0.603237 0.003247 0.008211 0.004098 0.000946 0.372985 0.007277 1.740373
0.607693 0.003115 0.007863 0.003893 0.000918 0.369226 0.007291 1.740689
0.612180 0.003000 0.007504 0.003717 0.000888 0.365403 0.007307 1.740981
0.616505 0.002890 0.007178 0.003550 0.000858 0.361693 0.007326 1.741263
0.620871 0.002801 0.006832 0.003393 0.000837 0.357929 0.007338 1.741523
0.625121 0.002709 0.006537 0.003250 0.000825 0.354212 0.007346 1.741798
0.629395 0.002632 0.006251 0.003091 0.000803 0.350473 0.007355 1.742043
0.633652 0.002497 0.005988 0.002955 0.000776 0.346768 0.007365 1.742323
0.637798 0.002426 0.005690 0.002839 0.000752 0.343117 0.007378 1.742561
0.641995 0.002319 0.005450 0.002721 0.000729 0.339403 0.007386 1.742808
0.646076 0.002232 0.005233 0.002578 0.000711 0.335777 0.007393 1.743035
0.650046 0.002143 0.005007 0.002487 0.000689 0.332227 0.007401 1.743270
0.654091 0.002090 0.004779 0.002381 0.000675 0.328578 0.007406 1.743465
0.658140 0.002009 0.004563 0.002279 0.000655 0.324937 0.007417 1.743675
0.661999 0.001948 0.004368 0.002190 0.000635 0.321438 0.007422 1.743868
0.665876 0.001891 0.004171 0.002105 0.000615 0.317911 0.007432 1.744047
0.669723 0.001816 0.004025 0.002012 0.000596 0.314386 0.007441 1.744242
0.673540 0.001766 0.003854 0.001930 0.000576 0.310882 0.007452 1.744410
0.677282 0.001702 0.003708 0.001844 0.000558 0.307445 0.007460 1.744589
0.680977 0.001643 0.003531 0.001770 0.000539 0.304072 0.007467 1.744747
0.684687 0.001591 0.003403 0.001690 0.000519 0.300634 0.007476 1.744897
0.688306 0.001536 0.003276 0.001618 0.000499 0.297283 0.007482 1.745051
0.691868 0.001467 0.003169 0.001546 0.000490 0.293971 0.007488 1.745212
0.695357 0.001419 0.003055 0.001474 0.000478 0.290725 0.007494 1.745352
0.698909 0.001389 0.002925 0.001412 0.000456 0.287403 0.007505 1.745488
0.702360 0.001352 0.002801 0.001362 0.000443 0.284173 0.007510 1.745622
0.705727 0.001314 0.002689 0.001308 0.000427 0.281022 0.007515 1.745753
0.709174 0.001294 0.002601 0.001252 0.000413 0.277745 0.007522 1.745873
0.712596 0.001257 0.002509 0.001212 0.000400 0.274497 0.007529 1.745991
0.715972 0.001192 0.002440 0.001164 0.000389 0.271307 0.007535 1.746119
0.719283 0.001159 0.002356 0.001114 0.000379 0.268170 0.007540 1.746230
0.722509 0.001122 0.002265 0.001078 0.000363 0.265116 0.007547 1.746344
0.725698 0.001096 0.002196 0.001043 0.000355 0.262062 0.007552 1.746452
0.728915 0.001068 0.002126 0.001010 0.000345 0.258981 0.007556 1.746555
0.732022 0.001045 0.002041 0.000976 0.000333 0.256020 0.007565 1.746657
0.735220 0.001009 0.001965 0.000950 0.000321 0.252969 0.007568 1.746766
0.738285 0.000983 0.001896 0.000921 0.000309 0.250032 0.007574 1.746854
0.741335 0.000937 0.001842 0.000878 0.000298 0.247132 0.007580 1.746959
0.744294 0.000916 0.001776 0.000848 0.000289 0.244294 0.007583 1.747046
0.747341 0.000884 0.001723 0.000820 0.000275 0.241370 0.007590 1.747137
0.750272 0.000855 0.001679 0.000774 0.000265 0.238563 0.007592 1.747229
0.753133 0.000830 0.001609 0.000749 0.000256 0.235826 0.007598 1.747306
0.756029 0.000808 0.001538 0.000726 0.000249 0.233049 0.007602 1.747378
0.758851 0.000782 0.001484 0.000701 0.000241 0.230337 0.007605 1.747460
0.761636 0.000750 0.001420 0.000677 0.000230 0.227679 0.007609 1.747541
0.764441 0.000737 0.001356 0.000651 0.000221 0.224982 0.007614 1.747609
0.767232 0.000732 0.001302 0.000618 0.000214 0.222285 0.007618 1.747670
0.769927 0.000707 0.001260 0.000610 0.000208 0.219669 0.007620 1.747753
0.772606 0.000700 0.001207 0.000597 0.000200 0.217067 0.007624 1.747815
0.775235 0.000689 0.001176 0.000582 0.000187 0.214501 0.007629 1.747879
0.777869 0.000669 0.001141 0.000564 0.000179 0.211945 0.007633 1.747955
0.780426 0.000659 0.001099 0.000546 0.000171 0.209463 0.007636 1.748013
0.783031 0.000631 0.001074 0.000530 0.000166 0.206928 0.007639 1.748083
0.785533 0.000617 0.001046 0.000514 0.000161 0.204488 0.007641 1.748145
0.788049 0.000599 0.001014 0.000497 0.000157 0.202040 0.007643 1.748208
0.790551 0.000579 0.000988 0.000487 0.000154 0.199595 0.007646 1.748279
0.792978 0.000562 0.000949 0.000469 0.000150 0.197244 0.007649 1.748336
0.795387 0.000551 0.000909 0.000456 0.000145 0.194902 0.007651 1.748386
0.797817 0.000541 0.000881 0.000441 0.000142 0.192526 0.007652 1.748436
0.800211 0.000524 0.000845 0.000426 0.000136 0.190202 0.007655 1.748489
0.802543 0.000517 0.000822 0.000406 0.000132 0.187924 0.007656 1.748536
0.804856 0.000500 0.000796 0.000395 0.000123 0.185669 0.007661 1.748584
0.807164 0.000497 0.000765 0.000385 0.000121 0.183406 0.007663 1.748623
0.809406 0.000491 0.000745 0.000372 0.000117 0.181205 0.007664 1.748669
0.811675 0.000469 0.000729 0.000363 0.000114 0.178984 0.007666 1.748721
0.813892 0.000455 0.000707 0.000355 0.000113 0.176813 0.007666 1.748770
0.816085 0.000440 0.000686 0.000338 0.000109 0.174674 0.007668 1.748808
0.818199 0.000426 0.000657 0.000330 0.000107 0.172613 0.007668 1.748852
0.820269 0.000421 0.000646 0.000322 0.000106 0.170567 0.007670 1.748892
0.822373 0.000415 0.000633 0.000316 0.000103 0.168490 0.007671 1.748931
0.824427 0.000408 0.000611 0.000309 0.000099 0.166475 0.007672 1.748972
0.826384 0.000391 0.000597 0.000303 0.000097 0.164556 0.007673 1.749019
0.828411 0.000381 0.000572 0.000290 0.000090 0.162581 0.007675 1.749053
0.830389 0.000371 0.000562 0.000285 0.000089 0.160629 0.007676 1.749094
0.832346 0.000360 0.000549 0.000282 0.000085 0.158700 0.007678 1.749131
0.834276 0.000347 0.000539 0.000272 0.000083 0.156805 0.007679 1.749166
0.836201 0.000342 0.000520 0.000266 0.000079 0.154913 0.007681 1.749198
0.838151 0.000345 0.000498 0.000258 0.000078 0.152990 0.007681 1.749222
0.840049 0.000327 0.000494 0.000248 0.000076 0.151124 0.007683 1.749260
0.841906 0.000316 0.000478 0.000243 0.000074 0.149300 0.007684 1.749292
0.843735 0.000313 0.000464 0.000233 0.000073 0.147498 0.007685 1.749321
0.845591 0.000304 0.000447 0.000230 0.000071 0.145672 0.007686 1.749345
0.847421 0.000296 0.000433 0.000221 0.000066 0.143876 0.007688 1.749374
0.849156 0.000285 0.000425 0.000215 0.000062 0.142167 0.007690 1.749402
0.850875 0.000280 0.000419 0.000208 0.000058 0.140468 0.007692 1.749433
0.852611 0.000276 0.000416 0.000206 0.000057 0.138743 0.007692 1.749466
0.854272 0.000274 0.000406 0.000202 0.000056 0.137100 0.007692 1.749494
0.855934 0.000264 0.000394 0.000194 0.000055 0.135468 0.007692 1.749519
0.857593 0.000272 0.000389 0.000181 0.000052 0.133819 0.007693 1.749542
0.859178 0.000261 0.000384 0.000180 0.000050 0.132252 0.007694 1.749574
0.860794 0.000262 0.000373 0.000181 0.000049 0.130647 0.007694 1.749597
0.862312 0.000256 0.000367 0.000180 0.000048 0.129143 0.007694 1.749622
0.863825 0.000255 0.000359 0.000169 0.000046 0.127651 0.007695 1.749644
0.865305 0.000253 0.000347 0.000162 0.000043 0.126195 0.007695 1.749670
0.866811 0.000253 0.000338 0.000162 0.000041 0.124700 0.007695 1.749693
0.868286 0.000252 0.000330 0.000155 0.000040 0.123241 0.007696 1.749716
0.869720 0.000251 0.000328 0.000146 0.000039 0.121819 0.007697 1.749736
0.871134 0.000238 0.000329 0.000145 0.000040 0.120418 0.007697 1.749768
0.872487 0.000231 0.000317 0.000141 0.000037 0.119090 0.007697 1.749788
0.873819 0.000225 0.000316 0.000134 0.000037 0.117771 0.007698 1.749810
0.875136 0.000217 0.000314 0.000130 0.000036 0.116470 0.007698 1.749833
0.876412 0.000211 0.000308 0.000122 0.000034 0.115215 0.007698 1.749853
0.877656 0.000202 0.000304 0.000119 0.000033 0.113987 0.007699 1.749875
0.878846 0.000190 0.000303 0.000115 0.000030 0.112817 0.007700 1.749900
0.880027 0.000187 0.000292 0.000113 0.000029 0.111651 0.007700 1.749919
0.881245 0.000191 0.000285 0.000110 0.000029 0.110439 0.007701 1.749934
0.882421 0.000187 0.000272 0.000112 0.000028 0.109280 0.007702 1.749954
0.883580 0.000183 0.000268 0.000110 0.000028 0.108130 0.007702 1.749971
0.884681 0.000182 0.000262 0.000109 0.000029 0.107036 0.007702 1.749988
0.885787 0.000172 0.000257 0.000104 0.000029 0.105949 0.007702 1.750010
0.886819 0.000177 0.000244 0.000103 0.000029 0.104926 0.007702 1.750024
0.887934 0.000182 0.000231 0.000100 0.000028 0.103822 0.007703 1.750035
0.888936 0.000175 0.000227 0.000100 0.000029 0.102831 0.007703 1.750055
0.889957 0.000175 0.000219 0.000099 0.000028 0.101819 0.007703 1.750068
0.890937 0.000173 0.000215 0.000098 0.000028 0.100847 0.007703 1.750084
0.891896 0.000176 0.000212 0.000096 0.000026 0.099890 0.007704 1.750099
0.892822 0.000174 0.000211 0.000098 0.000024 0.098965 0.007705 1.750116
0.893739 0.000172 0.000207 0.000092 0.000022 0.098061 0.007706 1.750130
0.894607 0.000167 0.000203 0.000089 0.000022 0.097204 0.007706 1.750145
0.895489 0.000165 0.000197 0.000090 0.000022 0.096330 0.007706 1.750160
0.896356 0.000159 0.000191 0.000093 0.000021 0.095474 0.007706 1.750175
0.897202 0.000155 0.000185 0.000096 0.000020 0.094634 0.007707 1.750193
0.898014 0.000150 0.000187 0.000089 0.000020 0.093832 0.007707 1.750207
0.898819 0.000145 0.000186 0.000088 0.000019 0.093035 0.007707 1.750222
0.899575 0.000150 0.000183 0.000081 0.000019 0.092284 0.007707 1.750232
0.900295 0.000150 0.000172 0.000081 0.000018 0.091576 0.007707 1.750244
0.901014 0.000143 0.000170 0.000084 0.000018 0.090862 0.007708 1.750261
0.901714 0.000139 0.000164 0.000082 0.000017 0.090174 0.007708 1.750275
0.902408 0.000135 0.000163 0.000078 0.000017 0.089491 0.007708 1.750287
0.903088 0.000133 0.000160 0.000073 0.000018 0.088818 0.007708 1.750300
0.903775 0.000132 0.000158 0.000070 0.000018 0.088138 0.007708 1.750313
0.904373 0.000130 0.000154 0.000069 0.000017 0.087547 0.007709 1.750322
0.904996 0.000132 0.000145 0.000065 0.000016 0.086936 0.007709 1.750331
0.905610 0.000131 0.000144 0.000063 0.000014 0.086328 0.007710 1.750343
0.906179 0.000122 0.000144 0.000066 0.000014 0.085764 0.007710 1.750357
0.906740 0.000119 0.000136 0.000061 0.000012 0.085219 0.007711 1.750368
0.907276 0.000115 0.000132 0.000062 0.000012 0.084690 0.007711 1.750380
0.907748 0.000117 0.000131 0.000060 0.000011 0.084220 0.007712 1.750389
0.908268 0.000118 0.000124 0.000060 0.000010 0.083708 0.007712 1.750398
0.908758 0.000120 0.000120 0.000059 0.000009 0.083222 0.007712 1.750408
0.909244 0.000115 0.000117 0.000056 0.000008 0.082747 0.007712 1.750422
0.909707 0.000111 0.000118 0.000056 0.000007 0.082286 0.007713 1.750435
0.910156 0.000107 0.000117 0.000056 0.000007 0.081844 0.007713 1.750445
0.910568 0.000104 0.000119 0.000054 0.000007 0.081434 0.007713 1.750458
0.910956 0.000102 0.000119 0.000054 0.000007 0.081048 0.007714 1.750472
0.911367 0.000094 0.000116 0.000058 0.000007 0.080643 0.007715 1.750485
0.911769 0.000090 0.000112 0.000059 0.000007 0.080248 0.007715 1.750496
0.912193 0.000090 0.000109 0.000057 0.000007 0.079828 0.007715 1.750502
0.912602 0.000091 0.000103 0.000055 0.000008 0.079426 0.007715 1.750510
0.912972 0.000090 0.000105 0.000052 0.000008 0.079057 0.007715 1.750519
0.913341 0.000088 0.000103 0.000054 0.000008 0.078690 0.007715 1.750529
0.913706 0.000086 0.000101 0.000051 0.000009 0.078331 0.007715 1.750539
0.914041 0.000082 0.000100 0.000049 0.000009 0.078004 0.007715 1.750547
0.914369 0.000083 0.000098 0.000051 0.000008 0.077675 0.007715 1.750556
0.914692 0.000079 0.000095 0.000050 0.000007 0.077362 0.007715 1.750566
0.914976 0.000077 0.000095 0.000048 0.000007 0.077081 0.007715 1.750575
0.915270 0.000079 0.000094 0.000048 0.000007 0.076787 0.007715 1.750582
0.915568 0.000081 0.000090 0.000047 0.000008 0.076490 0.007715 1.750588
0.915860 0.000084 0.000089 0.000045 0.000008 0.076198 0.007715 1.750594
0.916135 0.000085 0.000088 0.000045 0.000008 0.075923 0.007715 1.750602
0.916422 0.000085 0.000087 0.000046 0.000008 0.075636 0.007715 1.750608
0.916665 0.000081 0.000086 0.000047 0.000007 0.075397 0.007716 1.750617
0.916938 0.000081 0.000084 0.000047 0.000008 0.075126 0.007716 1.750626
0.917208 0.000082 0.000082 0.000047 0.000008 0.074856 0.007716 1.750632
0.917462 0.000078 0.000080 0.000046 0.000007 0.074610 0.007717 1.750639
0.917716 0.000075 0.000082 0.000044 0.000007 0.074360 0.007717 1.750649
0.917936 0.000074 0.000082 0.000043 0.000007 0.074140 0.007717 1.750655
0.918163 0.000070 0.000084 0.000045 0.000006 0.073914 0.007717 1.750667
0.918375 0.000070 0.000085 0.000045 0.000006 0.073702 0.007717 1.750675
0.918583 0.000069 0.000086 0.000042 0.000005 0.073497 0.007717 1.750680
0.918780 0.000067 0.000082 0.000039 0.000005 0.073309 0.007717 1.750687
0.918960 0.000062 0.000083 0.000040 0.000005 0.073133 0.007717 1.750697
0.919124 0.000064 0.000082 0.000038 0.000005 0.072970 0.007717 1.750702
0.919296 0.000065 0.000080 0.000037 0.000005 0.072800 0.007717 1.750709
0.919471 0.000064 0.000080 0.000037 0.000004 0.072626 0.007718 1.750715
0.919641 0.000063 0.000081 0.000038 0.000003 0.072456 0.007718 1.750724
0.919792 0.000063 0.000082 0.000037 0.000003 0.072305 0.007718 1.750731
0.919939 0.000060 0.000079 0.000037 0.000004 0.072163 0.007718 1.750739
0.920082 0.000057 0.000080 0.000037 0.000004 0.072022 0.007718 1.750747
0.920226 0.000057 0.000077 0.000036 0.000004 0.071882 0.007718 1.750753
0.920369 0.000057 0.000075 0.000035 0.000004 0.071743 0.007718 1.750757
0.920497 0.000056 0.000072 0.000034 0.000004 0.071620 0.007718 1.750763
0.920640 0.000054 0.000066 0.000035 0.000003 0.071484 0.007718 1.750767
0.920776 0.000053 0.000067 0.000035 0.000003 0.071348 0.007718 1.750773
0.920903 0.000052 0.000063 0.000033 0.000003 0.071227 0.007718 1.750778
0.921026 0.000050 0.000063 0.000033 0.000002 0.071107 0.007718 1.750784
0.921147 0.000047 0.000062 0.000034 0.000002 0.070990 0.007718 1.750791
0.921262 0.000047 0.000063 0.000033 0.000002 0.070875 0.007718 1.750797
0.921379 0.000046 0.000062 0.000033 0.000002 0.070760 0.007718 1.750803
0.921500 0.000044 0.000061 0.000032 0.000002 0.070643 0.007718 1.750809
0.921611 0.000044 0.000061 0.000031 0.000002 0.070533 0.007718 1.750813
0.921709 0.000044 0.000065 0.000029 0.000002 0.070433 0.007718 1.750821
0.921807 0.000044 0.000060 0.000028 0.000002 0.070339 0.007718 1.750825
0.921904 0.000043 0.000059 0.000028 0.000003 0.070246 0.007718 1.750830
0.922013 0.000043 0.000059 0.000028 0.000003 0.070136 0.007718 1.750836
0.922100 0.000045 0.000056 0.000029 0.000003 0.070050 0.007718 1.750840
0.922189 0.000045 0.000055 0.000026 0.000003 0.069964 0.007718 1.750844
0.922267 0.000044 0.000054 0.000025 0.000003 0.069889 0.007718 1.750848
0.922346 0.000045 0.000052 0.000025 0.000003 0.069812 0.007718 1.750850
0.922437 0.000047 0.000050 0.000024 0.000003 0.069722 0.007718 1.750853
0.922512 0.000046 0.000046 0.000024 0.000003 0.069651 0.007718 1.750857
0.922586 0.000046 0.000047 0.000022 0.000003 0.069578 0.007718 1.750861
0.922665 0.000049 0.000044 0.000022 0.000003 0.069500 0.007718 1.750864
0.922737 0.000049 0.000042 0.000023 0.000003 0.069428 0.007718 1.750869
0.922810 0.000045 0.000043 0.000022 0.000004 0.069358 0.007718 1.750874
0.922880 0.000044 0.000042 0.000023 0.000004 0.069289 0.007718 1.750878
0.922948 0.000042 0.000043 0.000024 0.000003 0.069222 0.007718 1.750882
0.923001 0.000044 0.000044 0.000022 0.000003 0.069169 0.007718 1.750885
0.923069 0.000040 0.000045 0.000020 0.000003 0.069105 0.007718 1.750891
0.923126 0.000040 0.000047 0.000021 0.000003 0.069045 0.007718 1.750895
0.923181 0.000040 0.000046 0.000021 0.000003 0.068992 0.007718 1.750900
0.923237 0.000040 0.000046 0.000022 0.000003 0.068935 0.007718 1.750903
0.923286 0.000040 0.000046 0.000021 0.000003 0.068886 0.007718 1.750907
0.923336 0.000040 0.000047 0.000021 0.000003 0.068836 0.007718 1.750912
0.923387 0.000040 0.000048 0.000019 0.000003 0.068785 0.007718 1.750915
0.923434 0.000039 0.000046 0.000020 0.000003 0.068741 0.007718 1.750920
0.923480 0.000037 0.000045 0.000021 0.000003 0.068696 0.007718 1.750926
0.923532 0.000035 0.000044 0.000021 0.000003 0.068647 0.007718 1.750930
0.923576 0.000036 0.000043 0.000019 0.000003 0.068605 0.007718 1.750932
0.923617 0.000034 0.000042 0.000017 0.000003 0.068566 0.007718 1.750935
0.923660 0.000034 0.000043 0.000017 0.000003 0.068523 0.007718 1.750937
0.923708 0.000034 0.000042 0.000016 0.000003 0.068477 0.007718 1.750940
0.923757 0.000037 0.000042 0.000016 0.000003 0.068425 0.007719 1.750942
0.923802 0.000036 0.000042 0.000016 0.000003 0.068383 0.007719 1.750946
0.923846 0.000037 0.000040 0.000015 0.000003 0.068340 0.007719 1.750947
0.923882 0.000034 0.000042 0.000015 0.000003 0.068304 0.007719 1.750952
0.923927 0.000035 0.000040 0.000016 0.000003 0.068261 0.007719 1.750955
0.923968 0.000032 0.000039 0.000017 0.000003 0.068222 0.007719 1.750959
0.924005 0.000032 0.000039 0.000015 0.000003 0.068188 0.007719 1.750962
0.924039 0.000029 0.000040 0.000014 0.000003 0.068156 0.007719 1.750966
0.924074 0.000030 0.000039 0.000012 0.000002 0.068123 0.007719 1.750967
0.924106 0.000030 0.000040 0.000010 0.000002 0.068093 0.007719 1.750970
0.924135 0.000026 0.000040 0.000011 0.000002 0.068066 0.007719 1.750974
0.924165 0.000028 0.000035 0.000011 0.000002 0.068040 0.007719 1.750975
0.924197 0.000027 0.000032 0.000013 0.000002 0.068010 0.007719 1.750978
0.924227 0.000028 0.000030 0.000011 0.000002 0.067983 0.007719 1.750979
0.924259 0.000028 0.000030 0.000010 0.000002 0.067952 0.007719 1.750982
0.924282 0.000029 0.000027 0.000010 0.000002 0.067930 0.007719 1.750982
0.924311 0.000026 0.000029 0.000012 0.000002 0.067901 0.007720 1.750987
0.924339 0.000025 0.000028 0.000010 0.000002 0.067875 0.007720 1.750989
0.924366 0.000029 0.000027 0.000010 0.000002 0.067846 0.007720 1.750990
0.924391 0.000026 0.000028 0.000010 0.000002 0.067824 0.007720 1.750994
0.924418 0.000027 0.000029 0.000009 0.000002 0.067796 0.007720 1.750996
0.924434 0.000025 0.000028 0.000010 0.000002 0.067781 0.007720 1.751000
0.924463 0.000023 0.000028 0.000010 0.000002 0.067754 0.007720 1.751002
0.924495 0.000022 0.000026 0.000010 0.000001 0.067726 0.007720 1.751003
0.924519 0.000022 0.000025 0.000010 0.000001 0.067703 0.007720 1.751004
0.924544 0.000022 0.000023 0.000010 0.000001 0.067680 0.007720 1.751005
0.924570 0.000020 0.000025 0.000010 0.000001 0.067654 0.007720 1.751008
0.924593 0.000021 0.000024 0.000008 0.000001 0.067633 0.007720 1.751009
0.924616 0.000020 0.000024 0.000008 0.000001 0.067610 0.007720 1.751011
0.924644 0.000019 0.000024 0.000010 0.000001 0.067582 0.007720 1.751014
0.924661 0.000019 0.000023 0.000010 0.000001 0.067566 0.007720 1.751016
0.924682 0.000018 0.000022 0.000011 0.000001 0.067546 0.007720 1.751018
0.924707 0.000017 0.000022 0.000012 0.000001 0.067522 0.007720 1.751020
0.924724 0.000017 0.000022 0.000011 0.000001 0.067506 0.007720 1.751020
0.924738 0.000018 0.000021 0.000011 0.000001 0.067492 0.007720 1.751021
0.924756 0.000018 0.000019 0.000011 0.000001 0.067475 0.007720 1.751021
0.924770 0.000019 0.000018 0.000011 0.000000 0.067461 0.007720 1.751022
0.924793 0.000020 0.000018 0.000010 0.000000 0.067438 0.007720 1.751023
0.924809 0.000020 0.000017 0.000011 0.000000 0.067423 0.007720 1.751024
0.924828 0.000018 0.000018 0.000011 0.000000 0.067405 0.007720 1.751027
0.924839 0.000018 0.000019 0.000010 0.000000 0.067393 0.007720 1.751029
0.924852 0.000017 0.000020 0.000010 0.000000 0.067382 0.007720 1.751031
0.924872 0.000018 0.000016 0.000010 0.000000 0.067364 0.007720 1.751031
0.924886 0.000018 0.000016 0.000010 0.000000 0.067350 0.007720 1.751033
0.924900 0.000019 0.000016 0.000009 0.000000 0.067336 0.007720 1.751034
0.924908 0.000019 0.000018 0.000008 0.000000 0.067327 0.007720 1.751038
0.924926 0.000017 0.000018 0.000008 0.000000 0.067312 0.007720 1.751040
0.924934 0.000018 0.000017 0.000008 0.000000 0.067303 0.007720 1.751041
0.924947 0.000016 0.000018 0.000010 0.000000 0.067291 0.007720 1.751044
0.924962 0.000017 0.000017 0.000010 0.000000 0.067274 0.007720 1.751044
0.924975 0.000019 0.000017 0.000009 0.000000 0.067260 0.007720 1.751044
0.924986 0.000022 0.000017 0.000010 0.000000 0.067247 0.007720 1.751046
0.925000 0.000021 0.000017 0.000010 0.000000 0.067232 0.007720 1.751048
0.925017 0.000019 0.000016 0.000010 0.000000 0.067218 0.007720 1.751051
0.925028 0.000018 0.000019 0.000009 0.000000 0.067205 0.007720 1.751054
0.925038 0.000017 0.000019 0.000009 0.000000 0.067196 0.007720 1.751057
0.925047 0.000018 0.000018 0.000009 0.000000 0.067187 0.007720 1.751057
0.925059 0.000017 0.000019 0.000009 0.000000 0.067175 0.007720 1.751060
0.925073 0.000017 0.000019 0.000008 0.000000 0.067162 0.007720 1.751061
0.925085 0.000016 0.000019 0.000010 0.000000 0.067151 0.007720 1.751063
0.925094 0.000016 0.000017 0.000010 0.000000 0.067143 0.007720 1.751065
0.925101 0.000016 0.000018 0.000010 0.000000 0.067134 0.007720 1.751068
0.925111 0.000017 0.000018 0.000010 0.000000 0.067123 0.007720 1.751070
0.925126 0.000014 0.000019 0.000012 0.000000 0.067108 0.007720 1.751073
0.925136 0.000017 0.000018 0.000011 0.000000 0.067098 0.007720 1.751073
0.925147 0.000016 0.000017 0.000012 0.000000 0.067087 0.007720 1.751075
0.925162 0.000016 0.000017 0.000011 0.000000 0.067073 0.007720 1.751077
0.925172 0.000015 0.000019 0.000011 0.000000 0.067064 0.007720 1.751080
0.925183 0.000016 0.000018 0.000010 0.000000 0.067054 0.007720 1.751081
0.925195 0.000016 0.000018 0.000011 0.000000 0.067041 0.007720 1.751081
0.925204 0.000014 0.000018 0.000012 0.000000 0.067032 0.007720 1.751085
0.925212 0.000015 0.000018 0.000012 0.000000 0.067024 0.007720 1.751086
0.925222 0.000014 0.000017 0.000012 0.000000 0.067016 0.007720 1.751086
0.925229 0.000015 0.000016 0.000012 0.000000 0.067009 0.007720 1.751087
0.925236 0.000015 0.000016 0.000012 0.000000 0.067002 0.007720 1.751089
0.925245 0.000013 0.000015 0.000013 0.000000 0.066993 0.007720 1.751092
0.925256 0.000013 0.000015 0.000013 0.000000 0.066982 0.007720 1.751093
0.925269 0.000014 0.000014 0.000012 0.000000 0.066972 0.007720 1.751093
0.925272 0.000016 0.000014 0.000010 0.000000 0.066968 0.007720 1.751094
0.925278 0.000016 0.000015 0.000010 0.000000 0.066961 0.007720 1.751095
0.925286 0.000016 0.000016 0.000010 0.000000 0.066953 0.007720 1.751098
0.925294 0.000015 0.000016 0.000008 0.000000 0.066946 0.007720 1.751099
0.925301 0.000015 0.000016 0.000008 0.000000 0.066940 0.007720 1.751099
0.925306 0.000014 0.000017 0.000008 0.000000 0.066934 0.007720 1.751101
0.925312 0.000015 0.000018 0.000008 0.000000 0.066927 0.007720 1.751103
0.925316 0.000013 0.000020 0.000008 0.000000 0.066922 0.007720 1.751106
0.925321 0.000013 0.000020 0.000008 0.000000 0.066917 0.007720 1.751107
0.925328 0.000014 0.000019 0.000008 0.000000 0.066910 0.007720 1.751107
0.925334 0.000015 0.000018 0.000008 0.000001 0.066904 0.007720 1.751108
0.925339 0.000016 0.000017 0.000006 0.000001 0.066901 0.007720 1.751109
0.925344 0.000017 0.000017 0.000006 0.000001 0.066896 0.007720 1.751110
0.925348 0.000018 0.000017 0.000006 0.000001 0.066889 0.007720 1.751111
0.925354 0.000019 0.000017 0.000005 0.000001 0.066885 0.007720 1.751112
0.925355 0.000019 0.000017 0.000006 0.000001 0.066883 0.007720 1.751115
0.925359 0.000018 0.000017 0.000007 0.000001 0.066879 0.007720 1.751117
0.925365 0.000016 0.000017 0.000007 0.000001 0.066874 0.007720 1.751119
0.925373 0.000013 0.000017 0.000009 0.000001 0.066867 0.007720 1.751123
0.925375 0.000013 0.000018 0.000008 0.000001 0.066865 0.007720 1.751125
0.925379 0.000014 0.000019 0.000008 0.000000 0.066860 0.007720 1.751126
0.925383 0.000014 0.000018 0.000008 0.000000 0.066857 0.007720 1.751128
0.925387 0.000014 0.000016 0.000007 0.000000 0.066855 0.007720 1.751128
0.925389 0.000014 0.000016 0.000008 0.000000 0.066853 0.007720 1.751129
0.925392 0.000013 0.000017 0.000008 0.000000 0.066850 0.007720 1.751132
0.925397 0.000012 0.000016 0.000008 0.000000 0.066847 0.007720 1.751135
0.925399 0.000013 0.000017 0.000008 0.000000 0.066844 0.007720 1.751136
0.925401 0.000012 0.000017 0.000008 0.000000 0.066842 0.007720 1.751138
0.925405 0.000011 0.000016 0.000009 0.000000 0.066839 0.007720 1.751140
0.925408 0.000012 0.000016 0.000008 0.000000 0.066836 0.007720 1.751142
0.925411 0.000011 0.000017 0.000008 0.000000 0.066833 0.007720 1.751144
0.925413 0.000010 0.000016 0.000006 0.000000 0.066834 0.007720 1.751145
0.925418 0.000008 0.000017 0.000006 0.000000 0.066830 0.007720 1.751147
0.925423 0.000008 0.000017 0.000006 0.000000 0.066827 0.007720 1.751148
0.925425 0.000007 0.000015 0.000006 0.000000 0.066826 0.007720 1.751149
0.925428 0.000008 0.000014 0.000006 0.000000 0.066824 0.007720 1.751150
0.925428 0.000008 0.000014 0.000006 0.000000 0.066823 0.007720 1.751150
0.925431 0.000009 0.000013 0.000006 0.000000 0.066821 0.007720 1.751150
0.925432 0.000010 0.000012 0.000006 0.000000 0.066820 0.007720 1.751150
0.925436 0.000010 0.000011 0.000006 0.000000 0.066818 0.007720 1.751150
0.925439 0.000008 0.000012 0.000005 0.000000 0.066815 0.007720 1.751152
0.925440 0.000008 0.000012 0.000006 0.000000 0.066815 0.007720 1.751154
0.925445 0.000008 0.000012 0.000006 0.000000 0.066810 0.007720 1.751155
0.925448 0.000008 0.000012 0.000006 0.000000 0.066807 0.007720 1.751155
0.925449 0.000008 0.000010 0.000005 0.000000 0.066807 0.007720 1.751155
0.925449 0.000009 0.000012 0.000004 0.000000 0.066806 0.007720 1.751157
0.925450 0.000009 0.000012 0.000004 0.000000 0.066805 0.007720 1.751157
0.925450 0.000010 0.000012 0.000003 0.000000 0.066805 0.007720 1.751159
0.925450 0.000010 0.000012 0.000003 0.000000 0.066803 0.007720 1.751159
0.925452 0.000010 0.000011 0.000003 0.000000 0.066803 0.007720 1.751160
0.925453 0.000010 0.000011 0.000003 0.000000 0.066802 0.007720 1.751161
0.925455 0.000010 0.000011 0.000002 0.000000 0.066801 0.007720 1.751161
0.925456 0.000010 0.000012 0.000003 0.000000 0.066799 0.007720 1.751163
0.925458 0.000011 0.000011 0.000003 0.000000 0.066798 0.007720 1.751163
0.925461 0.000009 0.000012 0.000003 0.000000 0.066796 0.007720 1.751165
0.925461 0.000008 0.000011 0.000004 0.000000 0.066797 0.007720 1.751167
0.925462 0.000008 0.000011 0.000003 0.000001 0.066796 0.007720 1.751168
0.925465 0.000007 0.000012 0.000003 0.000001 0.066792 0.007720 1.751169
0.925467 0.000007 0.000012 0.000003 0.000001 0.066790 0.007720 1.751169
0.925470 0.000007 0.000012 0.000003 0.000001 0.066788 0.007720 1.751170
0.925473 0.000007 0.000011 0.000003 0.000001 0.066785 0.007720 1.751170
0.925474 0.000007 0.000011 0.000003 0.000001 0.066784 0.007720 1.751171
0.925476 0.000007 0.000010 0.000003 0.000001 0.066783 0.007720 1.751171
0.925477 0.000006 0.000011 0.000003 0.000001 0.066783 0.007720 1.751172
0.925478 0.000006 0.000012 0.000003 0.000001 0.066781 0.007720 1.751173
0.925480 0.000004 0.000012 0.000003 0.000001 0.066779 0.007720 1.751175
0.925481 0.000005 0.000012 0.000003 0.000001 0.066777 0.007720 1.751176
0.925482 0.000005 0.000012 0.000003 0.000000 0.066778 0.007720 1.751177
0.925485 0.000005 0.000012 0.000003 0.000000 0.066775 0.007720 1.751177
0.925485 0.000006 0.000012 0.000003 0.000000 0.066774 0.007720 1.751178
0.925487 0.000006 0.000010 0.000003 0.000000 0.066773 0.007720 1.751179
0.925488 0.000006 0.000011 0.000003 0.000000 0.066772 0.007720 1.751180
0.925490 0.000005 0.000012 0.000003 0.000000 0.066771 0.007720 1.751181
0.925491 0.000005 0.000011 0.000003 0.000000 0.066771 0.007720 1.751181
0.925493 0.000006 0.000010 0.000003 0.000000 0.066768 0.007720 1.751181
0.925495 0.000005 0.000010 0.000003 0.000000 0.066767 0.007720 1.751182
0.925497 0.000005 0.000008 0.000002 0.000000 0.066768 0.007720 1.751182
0.925499 0.000005 0.000008 0.000001 0.000000 0.066766 0.007720 1.751183
0.925500 0.000005 0.000007 0.000001 0.000000 0.066766 0.007720 1.751183
0.925501 0.000006 0.000006 0.000001 0.000000 0.066765 0.007720 1.751183
0.925500 0.000008 0.000007 0.000001 0.000000 0.066765 0.007720 1.751184
0.925501 0.000008 0.000006 0.000001 0.000000 0.066764 0.007720 1.751184
0.925502 0.000006 0.000008 0.000002 0.000000 0.066762 0.007720 1.751185
0.925502 0.000006 0.000008 0.000002 0.000000 0.066761 0.007720 1.751186
0.925503 0.000006 0.000008 0.000002 0.000000 0.066761 0.007720 1.751186
0.925504 0.000008 0.000006 0.000002 0.000000 0.066761 0.007720 1.751186
0.925506 0.000007 0.000007 0.000002 0.000000 0.066759 0.007720 1.751187
0.925506 0.000008 0.000006 0.000002 0.000000 0.066759 0.007720 1.751188
0.925507 0.000008 0.000006 0.000002 0.000000 0.066758 0.007720 1.751188
0.925508 0.000007 0.000005 0.000002 0.000000 0.066758 0.007720 1.751188
0.925508 0.000007 0.000005 0.000002 0.000000 0.066758 0.007720 1.751189
0.925508 0.000007 0.000006 0.000002 0.000000 0.066758 0.007720 1.751190
0.925509 0.000007 0.000005 0.000002 0.000000 0.066757 0.007720 1.751190
0.925510 0.000008 0.000006 0.000001 0.000000 0.066756 0.007720 1.751190
0.925510 0.000007 0.000005 0.000002 0.000000 0.066756 0.007720 1.751191
0.925511 0.000008 0.000004 0.000002 0.000000 0.066755 0.007720 1.751191
0.925511 0.000008 0.000005 0.000003 0.000000 0.066754 0.007720 1.751192
0.925511 0.000006 0.000006 0.000003 0.000000 0.066754 0.007720 1.751194
0.925512 0.000006 0.000005 0.000004 0.000000 0.066753 0.007720 1.751195
0.925513 0.000006 0.000005 0.000005 0.000000 0.066752 0.007720 1.751195
0.925514 0.000006 0.000005 0.000004 0.000000 0.066751 0.007720 1.751195
0.925513 0.000008 0.000005 0.000003 0.000000 0.066750 0.007720 1.751196
0.925513 0.000007 0.000006 0.000004 0.000000 0.066751 0.007720 1.751197
0.925513 0.000006 0.000006 0.000004 0.000000 0.066751 0.007720 1.751198
0.925513 0.000006 0.000008 0.000004 0.000000 0.066750 0.007720 1.751200
0.925513 0.000005 0.000009 0.000003 0.000000 0.066749 0.007720 1.751201
0.925516 0.000005 0.000008 0.000004 0.000000 0.066748 0.007720 1.751202
0.925516 0.000005 0.000007 0.000003 0.000000 0.066748 0.007720 1.751202
0.925518 0.000004 0.000008 0.000003 0.000000 0.066746 0.007720 1.751203
0.925520 0.000004 0.000008 0.000003 0.000000 0.066745 0.007720 1.751203
0.925521 0.000005 0.000008 0.000003 0.000000 0.066744 0.007720 1.751203
0.925523 0.000005 0.000008 0.000003 0.000000 0.066742 0.007720 1.751203
0.925524 0.000005 0.000007 0.000003 0.000000 0.066742 0.007720 1.751203
0.925523 0.000005 0.000007 0.000003 0.000000 0.066742 0.007720 1.751204
0.925524 0.000005 0.000006 0.000003 0.000000 0.066741 0.007720 1.751204
0.925525 0.000004 0.000007 0.000004 0.000000 0.066740 0.007720 1.751205
0.925525 0.000005 0.000007 0.000003 0.000000 0.066740 0.007720 1.751205
0.925525 0.000005 0.000007 0.000003 0.000000 0.066740 0.007720 1.751205
0.925525 0.000005 0.000007 0.000003 0.000000 0.066741 0.007720 1.751206
0.925524 0.000006 0.000007 0.000003 0.000000 0.066741 0.007720 1.751206
0.925525 0.000006 0.000007 0.000003 0.000000 0.066740 0.007720 1.751207
0.925526 0.000005 0.000007 0.000003 0.000000 0.066739 0.007720 1.751208
0.925526 0.000006 0.000006 0.000003 0.000000 0.066739 0.007720 1.751208
0.925527 0.000006 0.000006 0.000003 0.000000 0.066737 0.007720 1.751208
0.925529 0.000006 0.000006 0.000003 0.000000 0.066736 0.007720 1.751208
0.925529 0.000006 0.000006 0.000003 0.000000 0.066736 0.007720 1.751209
0.925530 0.000005 0.000006 0.000003 0.000000 0.066736 0.007720 1.751210
0.925531 0.000005 0.000006 0.000003 0.000000 0.066735 0.007720 1.751210
0.925530 0.000005 0.000007 0.000001 0.000000 0.066736 0.007720 1.751211
0.925531 0.000003 0.000008 0.000001 0.000000 0.066736 0.007720 1.751212
0.925532 0.000003 0.000007 0.000002 0.000000 0.066736 0.007720 1.751213
0.925531 0.000004 0.000007 0.000001 0.000000 0.066737 0.007720 1.751213
0.925533 0.000005 0.000007 0.000000 0.000000 0.066735 0.007720 1.751213
0.925533 0.000004 0.000007 0.000000 0.000000 0.066735 0.007720 1.751213
0.925534 0.000003 0.000007 0.000000 0.000000 0.066735 0.007720 1.751214
0.925534 0.000003 0.000007 0.000000 0.000000 0.066736 0.007720 1.751214
0.925534 0.000003 0.000007 0.000000 0.000000 0.066735 0.007720 1.751214
0.925535 0.000003 0.000006 0.000000 0.000000 0.066735 0.007720 1.751214
0.925536 0.000003 0.000005 0.000000 0.000000 0.066735 0.007720 1.751214
0.925537 0.000003 0.000005 0.000001 0.000000 0.066734 0.007720 1.751215
0.925538 0.000002 0.000006 0.000000 0.000000 0.066734 0.007720 1.751216
0.925539 0.000001 0.000006 0.000000 0.000000 0.066733 0.007720 1.751217
0.925541 0.000001 0.000006 0.000000 0.000000 0.066731 0.007720 1.751217
0.925542 0.000002 0.000006 0.000000 0.000000 0.066730 0.007720 1.751217
0.925544 0.000002 0.000006 0.000000 0.000000 0.066729 0.007720 1.751217
0.925543 0.000002 0.000005 0.000000 0.000000 0.066729 0.007720 1.751217
0.925543 0.000002 0.000006 0.000000 0.000000 0.066729 0.007720 1.751218
0.925543 0.000002 0.000005 0.000000 0.000000 0.066729 0.007720 1.751218
0.925544 0.000002 0.000004 0.000000 0.000000 0.066729 0.007720 1.751218
0.925545 0.000003 0.000003 0.000000 0.000000 0.066729 0.007720 1.751218
0.925546 0.000003 0.000003 0.000000 0.000000 0.066729 0.007720 1.751218
0.925547 0.000003 0.000002 0.000000 0.000000 0.066728 0.007720 1.751218
0.925549 0.000003 0.000002 0.000000 0.000000 0.066726 0.007720 1.751218
0.925550 0.000002 0.000003 0.000000 0.000000 0.066726 0.007720 1.751219
0.925552 0.000002 0.000003 0.000000 0.000000 0.066724 0.007720 1.751219
0.925551 0.000003 0.000002 0.000000 0.000000 0.066724 0.007720 1.751219
0.925551 0.000003 0.000003 0.000000 0.000000 0.066724 0.007720 1.751219
0.925550 0.000003 0.000002 0.000000 0.000000 0.066724 0.007720 1.751219
0.925550 0.000003 0.000002 0.000000 0.000000 0.066724 0.007720 1.751220
0.925551 0.000003 0.000003 0.000000 0.000000 0.066723 0.007720 1.751220
0.925551 0.000003 0.000003 0.000000 0.000000 0.066723 0.007720 1.751221
0.925552 0.000003 0.000003 0.000000 0.000000 0.066723 0.007720 1.751221
0.925552 0.000003 0.000003 0.000000 0.000000 0.066722 0.007720 1.751221
0.925553 0.000003 0.000003 0.000000 0.000000 0.066722 0.007720 1.751221
0.925553 0.000003 0.000003 0.000000 0.000000 0.066721 0.007720 1.751221
0.925554 0.000003 0.000003 0.000000 0.000000 0.066721 0.007720 1.751221
0.925555 0.000003 0.000003 0.000000 0.000000 0.066720 0.007720 1.751221
0.925555 0.000003 0.000003 0.000000 0.000000 0.066719 0.007720 1.751221
0.925555 0.000003 0.000003 0.000000 0.000000 0.066719 0.007720 1.751221
0.925555 0.000002 0.000003 0.000000 0.000000 0.066719 0.007720 1.751222
0.925555 0.000002 0.000003 0.000000 0.000000 0.066720 0.007720 1.751222
0.925556 0.000002 0.000003 0.000000 0.000000 0.066719 0.007720 1.751222
0.925556 0.000002 0.000003 0.000000 0.000000 0.066719 0.007720 1.751222
0.925556 0.000003 0.000002 0.000000 0.000000 0.066719 0.007720 1.751222
0.925556 0.000002 0.000003 0.000000 0.000000 0.066719 0.007720 1.751222
0.925556 0.000001 0.000003 0.000001 0.000000 0.066719 0.007720 1.751223
0.925556 0.000001 0.000003 0.000001 0.000000 0.066719 0.007720 1.751223
0.925557 0.000001 0.000003 0.000000 0.000000 0.066718 0.007720 1.751223
0.925557 0.000001 0.000002 0.000000 0.000000 0.066719 0.007720 1.751223
0.925557 0.000001 0.000002 0.000000 0.000000 0.066719 0.007720 1.751223
0.925558 0.000001 0.000001 0.000000 0.000000 0.066719 0.007720 1.751223
0.925558 0.000001 0.000001 0.000000 0.000000 0.066719 0.007720 1.751224
0.925559 0.000001 0.000001 0.000000 0.000000 0.066719 0.007720 1.751224
0.925559 0.000001 0.000001 0.000000 0.000000 0.066718 0.007720 1.751224
0.925560 0.000001 0.000001 0.000000 0.000000 0.066718 0.007720 1.751224
0.925560 0.000000 0.000001 0.000001 0.000000 0.066718 0.007720 1.751224
0.925560 0.000000 0.000001 0.000001 0.000000 0.066717 0.007720 1.751224
0.925561 0.000000 0.000001 0.000001 0.000000 0.066717 0.007720 1.751224
0.925561 0.000000 0.000001 0.000001 0.000000 0.066716 0.007720 1.751224
0.925562 0.000000 0.000001 0.000001 0.000000 0.066716 0.007720 1.751224
0.925562 0.000000 0.000000 0.000001 0.000000 0.066716 0.007720 1.751224
0.925562 0.000000 0.000000 0.000001 0.000000 0.066716 0.007720 1.751224
0.925563 0.000000 0.000000 0.000001 0.000000 0.066715 0.007720 1.751224
0.925563 0.000000 0.000000 0.000001 0.000000 0.066715 0.007720 1.751224
0.925564 0.000000 0.000000 0.000001 0.000000 0.066714 0.007720 1.751224
0.925564 0.000000 0.000000 0.000000 0.000000 0.066715 0.007720 1.751224
0.925564 0.000000 0.000000 0.000000 0.000000 0.066714 0.007720 1.751224
0.925564 0.000000 0.000000 0.000000 0.000000 0.066715 0.007720 1.751224
0.925565 0.000000 0.000000 0.000000 0.000000 0.066714 0.007720 1.751224
0.925565 0.000000 0.000000 0.000000 0.000000 0.066714 0.007720 1.751224
0.925565 0.000000 0.000000 0.000000 0.000000 0.066714 0.007720 1.751224
0.925566 0.000000 0.000000 0.000000 0.000000 0.066714 0.007720 1.751224
