0.341993 0.062447 0.056422 0.032175 0.002148 0.498790 0.006025 1.630304
0.344949 0.059730 0.056307 0.032010 0.002153 0.498802 0.006048 1.636314
0.348653 0.056579 0.056048 0.031610 0.002165 0.498873 0.006071 1.641961
0.352948 0.053144 0.055639 0.031124 0.002159 0.498890 0.006097 1.647322
0.357673 0.049693 0.055153 0.030482 0.002156 0.498724 0.006120 1.652291
0.362659 0.046342 0.054350 0.029813 0.002152 0.498538 0.006148 1.656962
0.367879 0.043004 0.053564 0.029083 0.002139 0.498156 0.006176 1.661355
0.373203 0.039894 0.052498 0.028348 0.002123 0.497732 0.006201 1.665372
0.378570 0.036952 0.051283 0.027520 0.002125 0.497324 0.006225 1.669116
0.384038 0.034155 0.050112 0.026623 0.002114 0.496702 0.006254 1.672613
0.389582 0.031584 0.048874 0.025822 0.002081 0.495767 0.006290 1.675882
0.395250 0.029224 0.047452 0.024978 0.002061 0.494716 0.006319 1.678851
0.400925 0.026933 0.046061 0.024101 0.002062 0.493573 0.006345 1.681664
0.406507 0.024847 0.044660 0.023214 0.002044 0.492360 0.006368 1.684242
0.412170 0.022975 0.043221 0.022285 0.002026 0.490931 0.006392 1.686589
0.417835 0.021272 0.041689 0.021374 0.001999 0.489408 0.006424 1.688712
0.423533 0.019649 0.040198 0.020484 0.001979 0.487711 0.006445 1.690747
0.429152 0.018149 0.038657 0.019638 0.001960 0.485977 0.006465 1.692635
0.434873 0.016820 0.037124 0.018756 0.001940 0.483997 0.006491 1.694332
0.440511 0.015552 0.035659 0.017891 0.001915 0.481959 0.006513 1.695945
0.446241 0.014453 0.034218 0.017014 0.001883 0.479651 0.006541 1.697364
0.451966 0.013399 0.032753 0.016232 0.001845 0.477240 0.006564 1.698726
0.457579 0.012356 0.031401 0.015475 0.001823 0.474779 0.006587 1.700054
0.463204 0.011439 0.030014 0.014760 0.001786 0.472189 0.006609 1.701252
0.468807 0.010588 0.028754 0.014073 0.001760 0.469386 0.006632 1.702367
0.474367 0.009845 0.027436 0.013401 0.001718 0.466575 0.006659 1.703366
0.479893 0.009179 0.026167 0.012714 0.001680 0.463688 0.006680 1.704262
0.485383 0.008523 0.024956 0.012083 0.001655 0.460696 0.006703 1.705140
0.490943 0.007900 0.023835 0.011508 0.001618 0.457471 0.006726 1.705983
0.496362 0.007347 0.022738 0.010923 0.001588 0.454292 0.006749 1.706750
0.501819 0.006805 0.021693 0.010371 0.001554 0.450990 0.006768 1.707495
0.507254 0.006363 0.020618 0.009793 0.001514 0.447669 0.006789 1.708121
0.512656 0.005934 0.019587 0.009328 0.001473 0.444212 0.006810 1.708729
0.518062 0.005555 0.018602 0.008827 0.001436 0.440686 0.006831 1.709288
0.523331 0.005209 0.017676 0.008390 0.001401 0.437144 0.006849 1.709822
0.528719 0.004898 0.016783 0.007925 0.001372 0.433439 0.006863 1.710285
0.533987 0.004612 0.015925 0.007529 0.001335 0.429731 0.006881 1.710748
0.539121 0.004343 0.015119 0.007138 0.001304 0.426076 0.006900 1.711175
0.544374 0.004067 0.014400 0.006750 0.001269 0.422221 0.006918 1.711596
0.549505 0.003777 0.013686 0.006361 0.001239 0.418497 0.006935 1.712007
0.554575 0.003566 0.013001 0.006005 0.001208 0.414692 0.006953 1.712363
0.559670 0.003377 0.012322 0.005668 0.001178 0.410816 0.006970 1.712689
0.564658 0.003189 0.011661 0.005382 0.001148 0.406983 0.006979 1.713001
0.569663 0.003013 0.011098 0.005090 0.001119 0.403025 0.006993 1.713293
0.574551 0.002848 0.010558 0.004807 0.001092 0.399138 0.007006 1.713570
0.579363 0.002699 0.010026 0.004520 0.001065 0.395305 0.007022 1.713837
0.584230 0.002545 0.009511 0.004272 0.001040 0.391367 0.007034 1.714106
0.589059 0.002395 0.009049 0.004073 0.001005 0.387373 0.007047 1.714356
0.593744 0.002267 0.008588 0.003848 0.000981 0.383511 0.007062 1.714589
0.598437 0.002153 0.008149 0.003634 0.000951 0.379603 0.007074 1.714799
0.603084 0.002063 0.007700 0.003433 0.000928 0.375705 0.007086 1.714992
0.607704 0.001959 0.007327 0.003249 0.000902 0.371763 0.007097 1.715194
0.612266 0.001852 0.006943 0.003067 0.000874 0.367888 0.007111 1.715392
0.616859 0.001759 0.006605 0.002898 0.000842 0.363914 0.007123 1.715566
0.621345 0.001685 0.006248 0.002764 0.000817 0.360009 0.007132 1.715738
0.625727 0.001600 0.005940 0.002612 0.000798 0.356183 0.007142 1.715909
0.630003 0.001527 0.005661 0.002467 0.000771 0.352417 0.007155 1.716068
0.634219 0.001477 0.005361 0.002340 0.000754 0.348685 0.007166 1.716205
0.638475 0.001398 0.005112 0.002192 0.000729 0.344920 0.007176 1.716358
0.642734 0.001319 0.004876 0.002069 0.000709 0.341109 0.007184 1.716503
0.646906 0.001254 0.004628 0.001950 0.000691 0.337376 0.007195 1.716634
0.651013 0.001196 0.004407 0.001849 0.000669 0.333666 0.007202 1.716758
0.655154 0.001128 0.004210 0.001751 0.000649 0.329898 0.007209 1.716878
0.659140 0.001080 0.004002 0.001656 0.000629 0.326274 0.007219 1.716987
0.663105 0.001021 0.003802 0.001578 0.000603 0.322660 0.007231 1.717101
0.666998 0.000981 0.003590 0.001498 0.000583 0.319113 0.007238 1.717192
0.670890 0.000945 0.003426 0.001417 0.000568 0.315508 0.007246 1.717290
0.674737 0.000897 0.003236 0.001344 0.000555 0.311978 0.007254 1.717385
0.678508 0.000856 0.003083 0.001275 0.000536 0.308479 0.007264 1.717470
0.682294 0.000829 0.002930 0.001218 0.000509 0.304944 0.007276 1.717554
0.685952 0.000804 0.002783 0.001160 0.000489 0.301532 0.007281 1.717628
0.689626 0.000777 0.002654 0.001094 0.000473 0.298090 0.007288 1.717701
0.693319 0.000736 0.002536 0.001043 0.000458 0.294616 0.007293 1.717782
0.696889 0.000716 0.002396 0.000987 0.000442 0.291272 0.007299 1.717845
0.700454 0.000705 0.002279 0.000935 0.000429 0.287893 0.007305 1.717904
0.703958 0.000679 0.002177 0.000894 0.000414 0.284570 0.007309 1.717980
0.707426 0.000659 0.002074 0.000844 0.000395 0.281287 0.007316 1.718037
0.710892 0.000635 0.001991 0.000803 0.000382 0.277977 0.007321 1.718105
0.714359 0.000623 0.001877 0.000756 0.000366 0.274690 0.007329 1.718157
0.717741 0.000596 0.001795 0.000725 0.000350 0.271457 0.007337 1.718221
0.721094 0.000572 0.001722 0.000694 0.000335 0.268243 0.007341 1.718281
0.724426 0.000559 0.001645 0.000663 0.000329 0.265035 0.007345 1.718333
0.727631 0.000540 0.001562 0.000631 0.000316 0.261970 0.007351 1.718389
0.730898 0.000520 0.001488 0.000600 0.000303 0.258836 0.007356 1.718441
0.734124 0.000500 0.001403 0.000570 0.000294 0.255752 0.007359 1.718493
0.737271 0.000475 0.001341 0.000552 0.000285 0.252715 0.007363 1.718547
0.740426 0.000455 0.001281 0.000525 0.000273 0.249672 0.007369 1.718595
0.743480 0.000435 0.001220 0.000503 0.000261 0.246730 0.007373 1.718641
0.746485 0.000422 0.001179 0.000480 0.000254 0.243807 0.007374 1.718685
0.749505 0.000419 0.001121 0.000454 0.000243 0.240882 0.007378 1.718721
0.752457 0.000404 0.001079 0.000437 0.000233 0.238009 0.007382 1.718762
0.755390 0.000380 0.001034 0.000415 0.000221 0.235175 0.007386 1.718801
0.758243 0.000362 0.000991 0.000403 0.000216 0.232397 0.007389 1.718841
0.761141 0.000348 0.000940 0.000387 0.000208 0.229587 0.007392 1.718876
0.764032 0.000344 0.000891 0.000364 0.000199 0.226775 0.007396 1.718905
0.766847 0.000330 0.000855 0.000350 0.000191 0.224030 0.007399 1.718943
0.769596 0.000324 0.000813 0.000335 0.000186 0.221347 0.007401 1.718970
0.772321 0.000316 0.000774 0.000317 0.000182 0.218689 0.007404 1.718995
0.774983 0.000306 0.000738 0.000302 0.000175 0.216089 0.007406 1.719026
0.777649 0.000299 0.000707 0.000287 0.000173 0.213479 0.007408 1.719057
0.780297 0.000291 0.000676 0.000270 0.000167 0.210891 0.007410 1.719082
0.782851 0.000284 0.000639 0.000262 0.000163 0.208390 0.007412 1.719105
0.785408 0.000269 0.000617 0.000250 0.000158 0.205884 0.007414 1.719134
0.787959 0.000254 0.000598 0.000239 0.000153 0.203382 0.007416 1.719167
0.790443 0.000253 0.000559 0.000224 0.000151 0.200953 0.007417 1.719184
0.793039 0.000239 0.000540 0.000215 0.000146 0.198402 0.007420 1.719212
0.795440 0.000227 0.000526 0.000205 0.000142 0.196040 0.007422 1.719239
0.797876 0.000217 0.000512 0.000195 0.000137 0.193641 0.007424 1.719263
0.800262 0.000212 0.000488 0.000187 0.000131 0.191293 0.007427 1.719285
0.802644 0.000200 0.000472 0.000183 0.000127 0.188945 0.007429 1.719310
0.804999 0.000190 0.000459 0.000175 0.000121 0.186625 0.007431 1.719335
0.807275 0.000183 0.000444 0.000166 0.000116 0.184383 0.007432 1.719354
0.809515 0.000176 0.000431 0.000158 0.000113 0.182174 0.007433 1.719377
0.811709 0.000170 0.000410 0.000155 0.000109 0.180011 0.007436 1.719394
0.813952 0.000160 0.000401 0.000150 0.000107 0.177792 0.007437 1.719419
0.816177 0.000162 0.000379 0.000143 0.000102 0.175597 0.007439 1.719432
0.818352 0.000159 0.000359 0.000140 0.000096 0.173452 0.007442 1.719445
0.820463 0.000152 0.000353 0.000130 0.000092 0.171366 0.007445 1.719463
0.822588 0.000145 0.000337 0.000124 0.000088 0.169270 0.007448 1.719479
0.824648 0.000131 0.000335 0.000121 0.000086 0.167232 0.007448 1.719498
0.826696 0.000131 0.000315 0.000114 0.000083 0.165210 0.007450 1.719507
0.828671 0.000125 0.000301 0.000112 0.000081 0.163258 0.007450 1.719522
0.830582 0.000118 0.000297 0.000112 0.000079 0.161362 0.007450 1.719541
0.832470 0.000117 0.000289 0.000109 0.000075 0.159488 0.007451 1.719550
0.834356 0.000115 0.000280 0.000106 0.000072 0.157618 0.007453 1.719563
0.836253 0.000113 0.000267 0.000103 0.000069 0.155740 0.007454 1.719573
0.838194 0.000111 0.000251 0.000101 0.000067 0.153822 0.007455 1.719582
0.840037 0.000106 0.000243 0.000098 0.000065 0.151996 0.007455 1.719594
0.841820 0.000104 0.000231 0.000095 0.000061 0.150232 0.007456 1.719606
0.843566 0.000102 0.000221 0.000093 0.000060 0.148499 0.007457 1.719615
0.845271 0.000094 0.000217 0.000092 0.000059 0.146809 0.007458 1.719627
0.846951 0.000093 0.000206 0.000089 0.000058 0.145143 0.007459 1.719635
0.848600 0.000093 0.000193 0.000084 0.000055 0.143513 0.007461 1.719642
0.850191 0.000090 0.000188 0.000082 0.000053 0.141933 0.007462 1.719652
0.851754 0.000087 0.000183 0.000077 0.000051 0.140385 0.007462 1.719665
0.853341 0.000081 0.000176 0.000078 0.000050 0.138810 0.007464 1.719676
0.854899 0.000078 0.000175 0.000076 0.000046 0.137260 0.007467 1.719686
0.856394 0.000076 0.000167 0.000071 0.000045 0.135780 0.007467 1.719694
0.857871 0.000075 0.000164 0.000067 0.000044 0.134310 0.007467 1.719700
0.859256 0.000077 0.000159 0.000064 0.000044 0.132933 0.007467 1.719705
0.860697 0.000072 0.000152 0.000064 0.000043 0.131504 0.007467 1.719712
0.862082 0.000074 0.000148 0.000063 0.000041 0.130125 0.007467 1.719718
0.863426 0.000073 0.000147 0.000057 0.000041 0.128789 0.007468 1.719727
0.864735 0.000068 0.000146 0.000054 0.000039 0.127489 0.007469 1.719738
0.866031 0.000069 0.000144 0.000050 0.000038 0.126198 0.007469 1.719741
0.867276 0.000068 0.000136 0.000050 0.000037 0.124964 0.007470 1.719748
0.868390 0.000064 0.000133 0.000046 0.000034 0.123862 0.007470 1.719755
0.869501 0.000062 0.000131 0.000043 0.000033 0.122760 0.007471 1.719761
0.870631 0.000057 0.000124 0.000044 0.000032 0.121641 0.007471 1.719768
0.871705 0.000054 0.000117 0.000044 0.000033 0.120576 0.007471 1.719776
0.872772 0.000054 0.000114 0.000043 0.000032 0.119513 0.007471 1.719781
0.873772 0.000052 0.000114 0.000042 0.000031 0.118516 0.007473 1.719787
0.874722 0.000049 0.000112 0.000043 0.000029 0.117572 0.007473 1.719793
0.875674 0.000047 0.000107 0.000041 0.000028 0.116629 0.007474 1.719799
0.876589 0.000045 0.000103 0.000042 0.000026 0.115720 0.007475 1.719807
0.877429 0.000040 0.000100 0.000043 0.000025 0.114888 0.007475 1.719815
0.878287 0.000037 0.000093 0.000042 0.000024 0.114041 0.007476 1.719821
0.879112 0.000035 0.000089 0.000043 0.000022 0.113222 0.007477 1.719824
0.879911 0.000034 0.000085 0.000041 0.000021 0.112430 0.007477 1.719827
0.880671 0.000036 0.000080 0.000041 0.000021 0.111674 0.007478 1.719830
0.881412 0.000034 0.000076 0.000040 0.000020 0.110940 0.007478 1.719833
0.882123 0.000033 0.000069 0.000039 0.000019 0.110238 0.007478 1.719838
0.882805 0.000033 0.000066 0.000037 0.000018 0.109562 0.007479 1.719839
0.883429 0.000031 0.000063 0.000035 0.000017 0.108946 0.007480 1.719843
0.884066 0.000028 0.000062 0.000033 0.000017 0.108315 0.007480 1.719847
0.884624 0.000027 0.000058 0.000030 0.000017 0.107764 0.007480 1.719850
0.885189 0.000026 0.000055 0.000028 0.000017 0.107205 0.007480 1.719852
0.885720 0.000023 0.000056 0.000029 0.000016 0.106676 0.007480 1.719856
0.886248 0.000021 0.000054 0.000030 0.000016 0.106150 0.007480 1.719859
0.886763 0.000022 0.000052 0.000029 0.000015 0.105637 0.007481 1.719860
0.887254 0.000023 0.000048 0.000028 0.000015 0.105152 0.007481 1.719862
0.887689 0.000023 0.000046 0.000027 0.000015 0.104719 0.007481 1.719864
0.888116 0.000021 0.000044 0.000023 0.000016 0.104297 0.007481 1.719866
0.888542 0.000022 0.000041 0.000023 0.000015 0.103875 0.007482 1.719866
0.888953 0.000024 0.000040 0.000023 0.000015 0.103463 0.007482 1.719868
0.889352 0.000023 0.000040 0.000021 0.000015 0.103068 0.007482 1.719870
0.889744 0.000022 0.000039 0.000019 0.000015 0.102678 0.007482 1.719872
0.890111 0.000023 0.000038 0.000019 0.000015 0.102312 0.007482 1.719873
0.890470 0.000023 0.000038 0.000018 0.000015 0.101954 0.007482 1.719874
0.890819 0.000022 0.000037 0.000017 0.000014 0.101609 0.007482 1.719876
0.891159 0.000022 0.000036 0.000016 0.000014 0.101270 0.007482 1.719878
0.891484 0.000022 0.000035 0.000016 0.000013 0.100948 0.007482 1.719880
0.891755 0.000020 0.000033 0.000016 0.000012 0.100682 0.007483 1.719881
0.892010 0.000018 0.000031 0.000015 0.000012 0.100431 0.007483 1.719884
0.892297 0.000017 0.000030 0.000014 0.000011 0.100149 0.007483 1.719887
0.892571 0.000016 0.000030 0.000014 0.000011 0.099877 0.007483 1.719889
0.892848 0.000014 0.000029 0.000013 0.000010 0.099605 0.007483 1.719891
0.893087 0.000012 0.000030 0.000014 0.000010 0.099364 0.007484 1.719893
0.893349 0.000012 0.000029 0.000013 0.000010 0.099103 0.007484 1.719895
0.893582 0.000013 0.000027 0.000013 0.000009 0.098872 0.007484 1.719896
0.893819 0.000012 0.000028 0.000014 0.000008 0.098636 0.007485 1.719897
0.894024 0.000012 0.000027 0.000013 0.000008 0.098433 0.007485 1.719898
0.894230 0.000011 0.000025 0.000013 0.000008 0.098228 0.007485 1.719899
0.894446 0.000011 0.000025 0.000013 0.000008 0.098013 0.007485 1.719900
0.894634 0.000010 0.000022 0.000012 0.000008 0.097830 0.007485 1.719902
0.894834 0.000012 0.000022 0.000010 0.000007 0.097631 0.007485 1.719903
0.895017 0.000011 0.000022 0.000010 0.000006 0.097448 0.007486 1.719904
0.895209 0.000012 0.000021 0.000009 0.000006 0.097258 0.007487 1.719905
0.895388 0.000011 0.000019 0.000008 0.000005 0.097082 0.007487 1.719906
0.895555 0.000010 0.000020 0.000008 0.000005 0.096917 0.007487 1.719908
0.895709 0.000010 0.000018 0.000007 0.000005 0.096765 0.007487 1.719908
0.895845 0.000010 0.000018 0.000006 0.000005 0.096630 0.007487 1.719909
0.895972 0.000010 0.000017 0.000006 0.000005 0.096504 0.007487 1.719910
0.896098 0.000009 0.000017 0.000005 0.000005 0.096380 0.007487 1.719911
0.896219 0.000009 0.000017 0.000005 0.000004 0.096260 0.007487 1.719911
0.896332 0.000009 0.000017 0.000004 0.000004 0.096148 0.007487 1.719912
0.896460 0.000007 0.000015 0.000005 0.000004 0.096023 0.007487 1.719914
0.896561 0.000006 0.000016 0.000006 0.000004 0.095922 0.007487 1.719916
0.896664 0.000006 0.000016 0.000005 0.000004 0.095819 0.007487 1.719917
0.896755 0.000007 0.000015 0.000005 0.000004 0.095728 0.007487 1.719917
0.896861 0.000007 0.000015 0.000005 0.000004 0.095622 0.007487 1.719918
0.896942 0.000007 0.000014 0.000004 0.000004 0.095542 0.007487 1.719919
0.897021 0.000008 0.000013 0.000004 0.000003 0.095464 0.007487 1.719919
0.897109 0.000008 0.000013 0.000003 0.000003 0.095377 0.007487 1.719919
0.897175 0.000006 0.000015 0.000003 0.000003 0.095312 0.007487 1.719922
0.897248 0.000005 0.000015 0.000003 0.000003 0.095240 0.007487 1.719923
0.897314 0.000004 0.000016 0.000003 0.000003 0.095175 0.007487 1.719924
0.897374 0.000004 0.000015 0.000003 0.000003 0.095115 0.007487 1.719925
0.897435 0.000004 0.000014 0.000003 0.000003 0.095055 0.007487 1.719925
0.897491 0.000005 0.000014 0.000002 0.000002 0.094999 0.007488 1.719925
0.897540 0.000006 0.000013 0.000002 0.000002 0.094951 0.007488 1.719925
0.897597 0.000006 0.000012 0.000002 0.000002 0.094895 0.007488 1.719925
0.897642 0.000007 0.000012 0.000002 0.000002 0.094849 0.007488 1.719926
0.897689 0.000006 0.000012 0.000002 0.000002 0.094801 0.007488 1.719927
0.897736 0.000007 0.000011 0.000003 0.000002 0.094755 0.007488 1.719927
0.897782 0.000007 0.000011 0.000002 0.000002 0.094709 0.007488 1.719928
0.897825 0.000006 0.000011 0.000003 0.000002 0.094666 0.007488 1.719928
0.897861 0.000007 0.000009 0.000003 0.000002 0.094631 0.007488 1.719929
0.897896 0.000008 0.000010 0.000003 0.000001 0.094595 0.007488 1.719929
0.897930 0.000008 0.000009 0.000003 0.000000 0.094562 0.007488 1.719930
0.897961 0.000007 0.000007 0.000003 0.000000 0.094534 0.007488 1.719930
0.897991 0.000007 0.000006 0.000003 0.000000 0.094506 0.007488 1.719931
0.898019 0.000006 0.000006 0.000003 0.000000 0.094478 0.007488 1.719931
0.898055 0.000006 0.000006 0.000003 0.000000 0.094442 0.007488 1.719932
0.898076 0.000008 0.000006 0.000003 0.000000 0.094421 0.007488 1.719932
0.898104 0.000008 0.000005 0.000003 0.000000 0.094393 0.007488 1.719932
0.898135 0.000008 0.000004 0.000003 0.000000 0.094362 0.007488 1.719932
0.898155 0.000009 0.000003 0.000003 0.000000 0.094342 0.007488 1.719934
0.898175 0.000008 0.000004 0.000003 0.000000 0.094321 0.007488 1.719934
0.898201 0.000008 0.000003 0.000003 0.000000 0.094297 0.007488 1.719934
0.898221 0.000008 0.000004 0.000003 0.000000 0.094276 0.007488 1.719936
0.898243 0.000006 0.000004 0.000003 0.000000 0.094255 0.007488 1.719937
0.898265 0.000006 0.000004 0.000003 0.000000 0.094234 0.007488 1.719937
0.898294 0.000006 0.000004 0.000003 0.000000 0.094205 0.007488 1.719938
0.898311 0.000006 0.000003 0.000003 0.000000 0.094188 0.007488 1.719938
0.898329 0.000006 0.000005 0.000003 0.000000 0.094170 0.007488 1.719939
0.898343 0.000005 0.000004 0.000003 0.000000 0.094157 0.007488 1.719939
0.898359 0.000006 0.000004 0.000003 0.000000 0.094140 0.007488 1.719939
0.898378 0.000005 0.000005 0.000003 0.000000 0.094122 0.007488 1.719941
0.898390 0.000004 0.000006 0.000002 0.000000 0.094111 0.007488 1.719942
0.898408 0.000004 0.000006 0.000002 0.000000 0.094093 0.007488 1.719942
0.898421 0.000003 0.000006 0.000002 0.000000 0.094080 0.007488 1.719943
0.898436 0.000003 0.000006 0.000002 0.000000 0.094065 0.007488 1.719943
0.898451 0.000004 0.000006 0.000002 0.000000 0.094051 0.007488 1.719943
0.898462 0.000004 0.000005 0.000001 0.000000 0.094040 0.007488 1.719943
0.898480 0.000003 0.000005 0.000001 0.000000 0.094023 0.007488 1.719943
0.898492 0.000003 0.000003 0.000000 0.000000 0.094013 0.007488 1.719943
0.898505 0.000004 0.000003 0.000000 0.000000 0.093999 0.007488 1.719943
0.898514 0.000003 0.000003 0.000001 0.000000 0.093991 0.007488 1.719944
0.898522 0.000003 0.000003 0.000001 0.000000 0.093982 0.007488 1.719944
0.898530 0.000003 0.000003 0.000001 0.000000 0.093975 0.007488 1.719944
0.898539 0.000003 0.000003 0.000000 0.000000 0.093967 0.007488 1.719944
0.898548 0.000003 0.000003 0.000000 0.000000 0.093958 0.007488 1.719944
0.898555 0.000003 0.000003 0.000000 0.000000 0.093951 0.007488 1.719944
0.898561 0.000003 0.000003 0.000000 0.000000 0.093945 0.007488 1.719944
0.898569 0.000003 0.000003 0.000000 0.000000 0.093937 0.007488 1.719944
0.898573 0.000003 0.000003 0.000000 0.000000 0.093934 0.007488 1.719945
0.898580 0.000003 0.000003 0.000000 0.000000 0.093927 0.007488 1.719945
0.898586 0.000003 0.000003 0.000000 0.000000 0.093921 0.007488 1.719945
0.898591 0.000002 0.000003 0.000000 0.000000 0.093915 0.007488 1.719946
0.898600 0.000002 0.000003 0.000000 0.000000 0.093907 0.007488 1.719946
0.898606 0.000002 0.000003 0.000000 0.000000 0.093901 0.007488 1.719946
0.898613 0.000002 0.000003 0.000000 0.000000 0.093894 0.007488 1.719946
0.898622 0.000002 0.000003 0.000000 0.000000 0.093886 0.007488 1.719946
0.898628 0.000002 0.000003 0.000000 0.000000 0.093879 0.007488 1.719946
0.898634 0.000002 0.000003 0.000000 0.000000 0.093873 0.007488 1.719946
0.898639 0.000002 0.000003 0.000000 0.000000 0.093868 0.007488 1.719946
0.898647 0.000002 0.000003 0.000000 0.000000 0.093861 0.007488 1.719946
0.898649 0.000002 0.000003 0.000000 0.000000 0.093858 0.007488 1.719947
0.898655 0.000002 0.000003 0.000000 0.000000 0.093852 0.007488 1.719947
0.898659 0.000002 0.000003 0.000000 0.000000 0.093848 0.007488 1.719947
0.898663 0.000002 0.000003 0.000000 0.000000 0.093844 0.007488 1.719947
0.898666 0.000003 0.000003 0.000000 0.000000 0.093840 0.007488 1.719947
0.898673 0.000002 0.000004 0.000000 0.000000 0.093833 0.007488 1.719948
0.898677 0.000001 0.000005 0.000000 0.000000 0.093829 0.007488 1.719949
0.898682 0.000002 0.000005 0.000000 0.000000 0.093824 0.007488 1.719949
0.898686 0.000002 0.000005 0.000000 0.000000 0.093819 0.007488 1.719949
0.898690 0.000002 0.000005 0.000000 0.000000 0.093815 0.007488 1.719949
0.898695 0.000002 0.000005 0.000000 0.000000 0.093810 0.007488 1.719949
0.898700 0.000002 0.000005 0.000000 0.000000 0.093805 0.007488 1.719949
0.898700 0.000003 0.000004 0.000000 0.000000 0.093804 0.007488 1.719949
0.898704 0.000003 0.000003 0.000000 0.000000 0.093801 0.007488 1.719949
0.898708 0.000002 0.000003 0.000001 0.000000 0.093798 0.007488 1.719950
0.898711 0.000002 0.000003 0.000001 0.000000 0.093795 0.007488 1.719950
0.898713 0.000002 0.000003 0.000001 0.000000 0.093794 0.007488 1.719950
0.898718 0.000002 0.000002 0.000001 0.000000 0.093789 0.007488 1.719950
0.898722 0.000001 0.000002 0.000002 0.000000 0.093785 0.007488 1.719950
0.898723 0.000002 0.000002 0.000002 0.000000 0.093784 0.007488 1.719950
0.898726 0.000002 0.000002 0.000002 0.000000 0.093781 0.007488 1.719950
0.898729 0.000002 0.000002 0.000002 0.000000 0.093778 0.007488 1.719950
0.898731 0.000001 0.000002 0.000002 0.000000 0.093776 0.007488 1.719951
0.898732 0.000001 0.000002 0.000001 0.000000 0.093776 0.007488 1.719951
0.898736 0.000001 0.000002 0.000001 0.000000 0.093772 0.007488 1.719951
0.898739 0.000001 0.000002 0.000001 0.000000 0.093768 0.007488 1.719951
0.898742 0.000001 0.000002 0.000001 0.000000 0.093765 0.007488 1.719951
0.898745 0.000001 0.000002 0.000001 0.000000 0.093763 0.007488 1.719951
0.898747 0.000001 0.000003 0.000001 0.000000 0.093761 0.007488 1.719951
0.898750 0.000001 0.000003 0.000000 0.000000 0.093758 0.007488 1.719951
0.898751 0.000001 0.000002 0.000000 0.000000 0.093757 0.007488 1.719951
0.898753 0.000001 0.000002 0.000000 0.000000 0.093756 0.007488 1.719951
0.898755 0.000001 0.000003 0.000000 0.000000 0.093753 0.007488 1.719952
0.898756 0.000001 0.000003 0.000000 0.000000 0.093751 0.007488 1.719952
0.898757 0.000002 0.000003 0.000000 0.000000 0.093750 0.007488 1.719952
0.898759 0.000003 0.000003 0.000000 0.000000 0.093747 0.007488 1.719952
0.898761 0.000003 0.000003 0.000000 0.000000 0.093746 0.007488 1.719953
0.898762 0.000002 0.000003 0.000000 0.000000 0.093744 0.007488 1.719953
0.898763 0.000002 0.000003 0.000000 0.000000 0.093744 0.007488 1.719953
0.898766 0.000002 0.000003 0.000000 0.000000 0.093741 0.007488 1.719953
0.898768 0.000001 0.000003 0.000000 0.000000 0.093739 0.007488 1.719954
0.898770 0.000001 0.000004 0.000000 0.000000 0.093737 0.007488 1.719954
0.898771 0.000002 0.000004 0.000000 0.000000 0.093735 0.007488 1.719954
0.898773 0.000003 0.000003 0.000000 0.000000 0.093733 0.007488 1.719954
0.898774 0.000003 0.000003 0.000000 0.000000 0.093733 0.007488 1.719954
0.898775 0.000002 0.000003 0.000000 0.000000 0.093732 0.007488 1.719955
0.898776 0.000003 0.000003 0.000000 0.000000 0.093730 0.007488 1.719955
0.898777 0.000002 0.000003 0.000000 0.000000 0.093729 0.007488 1.719956
0.898778 0.000003 0.000003 0.000000 0.000000 0.093727 0.007488 1.719956
0.898782 0.000003 0.000003 0.000000 0.000000 0.093725 0.007488 1.719956
0.898782 0.000003 0.000003 0.000000 0.000000 0.093724 0.007488 1.719956
0.898784 0.000003 0.000002 0.000001 0.000000 0.093721 0.007488 1.719956
0.898786 0.000003 0.000002 0.000001 0.000000 0.093720 0.007488 1.719956
0.898787 0.000002 0.000002 0.000002 0.000000 0.093719 0.007488 1.719957
0.898789 0.000002 0.000002 0.000001 0.000000 0.093718 0.007488 1.719957
0.898791 0.000001 0.000002 0.000001 0.000000 0.093716 0.007488 1.719958
0.898793 0.000001 0.000002 0.000001 0.000000 0.093714 0.007488 1.719958
0.898794 0.000002 0.000002 0.000001 0.000000 0.093714 0.007488 1.719958
0.898795 0.000001 0.000003 0.000001 0.000000 0.093713 0.007488 1.719959
0.898796 0.000001 0.000003 0.000000 0.000000 0.093712 0.007488 1.719959
0.898799 0.000001 0.000003 0.000000 0.000000 0.093709 0.007488 1.719959
0.898800 0.000001 0.000002 0.000000 0.000000 0.093708 0.007488 1.719959
0.898800 0.000001 0.000003 0.000000 0.000000 0.093708 0.007488 1.719959
0.898801 0.000000 0.000003 0.000000 0.000000 0.093706 0.007488 1.719960
0.898802 0.000000 0.000002 0.000000 0.000000 0.093706 0.007488 1.719960
0.898802 0.000001 0.000002 0.000000 0.000000 0.093706 0.007488 1.719960
0.898803 0.000001 0.000002 0.000000 0.000000 0.093705 0.007488 1.719960
0.898803 0.000001 0.000001 0.000000 0.000000 0.093705 0.007488 1.719960
0.898804 0.000001 0.000001 0.000000 0.000000 0.093704 0.007488 1.719960
0.898805 0.000001 0.000001 0.000000 0.000000 0.093703 0.007488 1.719960
0.898807 0.000001 0.000001 0.000000 0.000000 0.093702 0.007488 1.719960
0.898807 0.000002 0.000001 0.000000 0.000000 0.093701 0.007488 1.719960
0.898808 0.000001 0.000001 0.000000 0.000000 0.093701 0.007488 1.719960
0.898810 0.000001 0.000001 0.000000 0.000000 0.093699 0.007488 1.719961
0.898810 0.000001 0.000001 0.000000 0.000000 0.093699 0.007488 1.719961
0.898811 0.000001 0.000001 0.000000 0.000000 0.093698 0.007488 1.719961
0.898810 0.000002 0.000001 0.000000 0.000000 0.093698 0.007488 1.719961
0.898811 0.000002 0.000001 0.000000 0.000000 0.093697 0.007488 1.719961
0.898811 0.000003 0.000001 0.000000 0.000000 0.093697 0.007488 1.719961
0.898811 0.000003 0.000001 0.000000 0.000000 0.093697 0.007488 1.719961
0.898812 0.000003 0.000001 0.000000 0.000000 0.093696 0.007488 1.719961
0.898812 0.000002 0.000001 0.000000 0.000000 0.093696 0.007488 1.719961
0.898812 0.000002 0.000001 0.000000 0.000000 0.093697 0.007488 1.719961
0.898812 0.000002 0.000001 0.000000 0.000000 0.093696 0.007488 1.719961
0.898812 0.000002 0.000000 0.000000 0.000000 0.093697 0.007488 1.719961
0.898813 0.000002 0.000000 0.000000 0.000000 0.093696 0.007488 1.719961
0.898813 0.000001 0.000001 0.000000 0.000000 0.093696 0.007488 1.719962
0.898814 0.000001 0.000001 0.000000 0.000000 0.093695 0.007488 1.719962
0.898814 0.000001 0.000001 0.000001 0.000000 0.093695 0.007488 1.719962
0.898814 0.000001 0.000001 0.000000 0.000000 0.093696 0.007488 1.719962
0.898814 0.000001 0.000001 0.000000 0.000000 0.093695 0.007488 1.719962
0.898814 0.000000 0.000001 0.000000 0.000000 0.093696 0.007488 1.719963
0.898814 0.000000 0.000000 0.000000 0.000000 0.093696 0.007488 1.719963
0.898815 0.000000 0.000000 0.000000 0.000000 0.093696 0.007488 1.719963
0.898816 0.000000 0.000000 0.000000 0.000000 0.093694 0.007488 1.719963
0.898817 0.000000 0.000000 0.000000 0.000000 0.093694 0.007488 1.719963
0.898817 0.000000 0.000000 0.000000 0.000000 0.093693 0.007488 1.719963
0.898818 0.000000 0.000000 0.000000 0.000000 0.093693 0.007488 1.719963
0.898818 0.000001 0.000000 0.000000 0.000000 0.093692 0.007488 1.719963
0.898818 0.000001 0.000000 0.000000 0.000000 0.093693 0.007488 1.719963
0.898818 0.000001 0.000000 0.000000 0.000000 0.093692 0.007488 1.719963
0.898819 0.000001 0.000000 0.000000 0.000000 0.093691 0.007488 1.719963
0.898820 0.000001 0.000000 0.000000 0.000000 0.093690 0.007488 1.719963
0.898820 0.000001 0.000000 0.000000 0.000000 0.093690 0.007488 1.719963
0.898821 0.000001 0.000000 0.000000 0.000000 0.093689 0.007488 1.719963
0.898821 0.000001 0.000000 0.000000 0.000000 0.093689 0.007488 1.719963
0.898821 0.000001 0.000000 0.000000 0.000000 0.093689 0.007488 1.719963
0.898822 0.000001 0.000000 0.000000 0.000000 0.093689 0.007488 1.719963
0.898822 0.000001 0.000000 0.000000 0.000000 0.093688 0.007488 1.719963
0.898823 0.000000 0.000000 0.000000 0.000000 0.093688 0.007488 1.719964
0.898823 0.000000 0.000000 0.000000 0.000000 0.093688 0.007488 1.719964
0.898824 0.000000 0.000000 0.000000 0.000000 0.093687 0.007488 1.719964
0.898825 0.000000 0.000000 0.000000 0.000000 0.093686 0.007488 1.719964
0.898825 0.000000 0.000000 0.000000 0.000000 0.093686 0.007488 1.719964
0.898826 0.000000 0.000000 0.000000 0.000000 0.093685 0.007488 1.719964
0.898826 0.000000 0.000000 0.000000 0.000000 0.093685 0.007488 1.719964
0.898826 0.000000 0.000000 0.000000 0.000000 0.093685 0.007488 1.719964
0.898827 0.000000 0.000000 0.000000 0.000000 0.093685 0.007488 1.719964
0.898828 0.000000 0.000000 0.000000 0.000000 0.093683 0.007488 1.719964
0.898828 0.000000 0.000000 0.000000 0.000000 0.093683 0.007488 1.719964
0.898829 0.000000 0.000000 0.000000 0.000000 0.093683 0.007488 1.719964
0.898829 0.000000 0.000000 0.000000 0.000000 0.093682 0.007488 1.719964
0.898830 0.000000 0.000000 0.000000 0.000000 0.093681 0.007488 1.719964
0.898831 0.000000 0.000000 0.000000 0.000000 0.093680 0.007488 1.719964
0.898831 0.000000 0.000000 0.000000 0.000000 0.093680 0.007488 1.719964
0.898832 0.000000 0.000000 0.000000 0.000000 0.093679 0.007488 1.719964
0.898832 0.000000 0.000000 0.000000 0.000000 0.093679 0.007488 1.719964
0.898832 0.000000 0.000000 0.000000 0.000000 0.093679 0.007488 1.719964
0.898833 0.000000 0.000000 0.000000 0.000000 0.093679 0.007488 1.719964
0.898833 0.000000 0.000000 0.000000 0.000000 0.093678 0.007488 1.719964
0.898834 0.000000 0.000000 0.000000 0.000000 0.093678 0.007488 1.719964
0.898834 0.000000 0.000000 0.000000 0.000000 0.093677 0.007488 1.719964
0.898835 0.000000 0.000000 0.000000 0.000000 0.093676 0.007488 1.719964
0.898835 0.000000 0.000000 0.000000 0.000000 0.093676 0.007488 1.719964
0.898836 0.000000 0.000000 0.000000 0.000000 0.093675 0.007488 1.719964
0.898836 0.000000 0.000000 0.000000 0.000000 0.093675 0.007488 1.719964
0.898837 0.000000 0.000000 0.000000 0.000000 0.093674 0.007488 1.719964
0.898837 0.000000 0.000000 0.000000 0.000000 0.093674 0.007488 1.719964
0.898838 0.000000 0.000000 0.000000 0.000000 0.093674 0.007488 1.719964
0.898838 0.000000 0.000000 0.000000 0.000000 0.093673 0.007488 1.719964
0.898838 0.000000 0.000000 0.000000 0.000000 0.093673 0.007489 1.719964
0.898838 0.000000 0.000000 0.000000 0.000000 0.093673 0.007489 1.719964
0.898838 0.000000 0.000000 0.000000 0.000000 0.093673 0.007489 1.719964
0.898838 0.000000 0.000000 0.000000 0.000000 0.093673 0.007489 1.719964
0.898838 0.000000 0.000000 0.000000 0.000000 0.093673 0.007489 1.719964
0.898838 0.000000 0.000000 0.000000 0.000000 0.093673 0.007489 1.719964
0.898838 0.000000 0.000000 0.000000 0.000000 0.093673 0.007489 1.719964
0.898838 0.000000 0.000000 0.000000 0.000000 0.093673 0.007489 1.719964
0.898838 0.000000 0.000000 0.000000 0.000000 0.093673 0.007489 1.719964
0.898838 0.000000 0.000000 0.000000 0.000000 0.093673 0.007489 1.719964
0.898838 0.000000 0.000000 0.000000 0.000000 0.093673 0.007489 1.719964
0.898838 0.000000 0.000000 0.000000 0.000000 0.093673 0.007489 1.719964
0.898838 0.000000 0.000000 0.000000 0.000000 0.093673 0.007489 1.719964
0.898838 0.000000 0.000000 0.000000 0.000000 0.093673 0.007489 1.719964
0.898838 0.000000 0.000000 0.000000 0.000000 0.093673 0.007489 1.719964
0.898838 0.000000 0.000000 0.000000 0.000000 0.093673 0.007489 1.719964
0.898838 0.000000 0.000000 0.000000 0.000000 0.093673 0.007489 1.719964
0.898838 0.000000 0.000000 0.000000 0.000000 0.093673 0.007489 1.719964
0.898838 0.000000 0.000000 0.000000 0.000000 0.093673 0.007489 1.719964
0.898838 0.000000 0.000000 0.000000 0.000000 0.093673 0.007489 1.719964
0.898838 0.000000 0.000000 0.000000 0.000000 0.093673 0.007489 1.719964
0.898838 0.000000 0.000000 0.000000 0.000000 0.093673 0.007489 1.719964
0.898838 0.000000 0.000000 0.000000 0.000000 0.093673 0.007489 1.719964
0.898838 0.000000 0.000000 0.000000 0.000000 0.093673 0.007489 1.719964
0.898838 0.000000 0.000000 0.000000 0.000000 0.093673 0.007489 1.719964
0.898838 0.000000 0.000000 0.000000 0.000000 0.093673 0.007489 1.719964
0.898838 0.000000 0.000000 0.000000 0.000000 0.093673 0.007489 1.719964
0.898838 0.000000 0.000000 0.000000 0.000000 0.093673 0.007489 1.719964
0.898838 0.000000 0.000000 0.000000 0.000000 0.093673 0.007489 1.719964
0.898838 0.000000 0.000000 0.000000 0.000000 0.093673 0.007489 1.719964
0.898838 0.000000 0.000000 0.000000 0.000000 0.093673 0.007489 1.719964
0.898838 0.000000 0.000000 0.000000 0.000000 0.093673 0.007489 1.719964
0.898838 0.000000 0.000000 0.000000 0.000000 0.093673 0.007489 1.719964
0.898838 0.000000 0.000000 0.000000 0.000000 0.093673 0.007489 1.719964
0.898838 0.000000 0.000000 0.000000 0.000000 0.093673 0.007489 1.719964
0.898838 0.000000 0.000000 0.000000 0.000000 0.093673 0.007489 1.719964
0.898838 0.000000 0.000000 0.000000 0.000000 0.093673 0.007489 1.719964
0.898838 0.000000 0.000000 0.000000 0.000000 0.093673 0.007489 1.719964
0.898838 0.000000 0.000000 0.000000 0.000000 0.093673 0.007489 1.719964
0.898838 0.000000 0.000000 0.000000 0.000000 0.093673 0.007489 1.719964
0.898838 0.000000 0.000000 0.000000 0.000000 0.093673 0.007489 1.719964
0.898838 0.000000 0.000000 0.000000 0.000000 0.093673 0.007489 1.719964
0.898838 0.000000 0.000000 0.000000 0.000000 0.093673 0.007489 1.719964
0.898838 0.000000 0.000000 0.000000 0.000000 0.093673 0.007489 1.719964
0.898838 0.000000 0.000000 0.000000 0.000000 0.093673 0.007489 1.719964
0.898838 0.000000 0.000000 0.000000 0.000000 0.093673 0.007489 1.719964
0.898838 0.000000 0.000000 0.000000 0.000000 0.093673 0.007489 1.719964
0.898838 0.000000 0.000000 0.000000 0.000000 0.093673 0.007489 1.719964
0.898838 0.000000 0.000000 0.000000 0.000000 0.093673 0.007489 1.719964
0.898838 0.000000 0.000000 0.000000 0.000000 0.093673 0.007489 1.719964
0.898838 0.000000 0.000000 0.000000 0.000000 0.093673 0.007489 1.719964
0.898838 0.000000 0.000000 0.000000 0.000000 0.093673 0.007489 1.719964
0.898838 0.000000 0.000000 0.000000 0.000000 0.093673 0.007489 1.719964
0.898838 0.000000 0.000000 0.000000 0.000000 0.093673 0.007489 1.719964
0.898838 0.000000 0.000000 0.000000 0.000000 0.093673 0.007489 1.719964
0.898838 0.000000 0.000000 0.000000 0.000000 0.093673 0.007489 1.719964
0.898838 0.000000 0.000000 0.000000 0.000000 0.093673 0.007489 1.719964
0.898838 0.000000 0.000000 0.000000 0.000000 0.093673 0.007489 1.719964
0.898838 0.000000 0.000000 0.000000 0.000000 0.093673 0.007489 1.719964
0.898838 0.000000 0.000000 0.000000 0.000000 0.093673 0.007489 1.719964
0.898838 0.000000 0.000000 0.000000 0.000000 0.093673 0.007489 1.719964
0.898838 0.000000 0.000000 0.000000 0.000000 0.093673 0.007489 1.719964
0.898838 0.000000 0.000000 0.000000 0.000000 0.093673 0.007489 1.719964
0.898838 0.000000 0.000000 0.000000 0.000000 0.093673 0.007489 1.719964
0.898838 0.000000 0.000000 0.000000 0.000000 0.093673 0.007489 1.719964
0.898838 0.000000 0.000000 0.000000 0.000000 0.093673 0.007489 1.719964
0.898838 0.000000 0.000000 0.000000 0.000000 0.093673 0.007489 1.719964
0.898838 0.000000 0.000000 0.000000 0.000000 0.093673 0.007489 1.719964
0.898838 0.000000 0.000000 0.000000 0.000000 0.093673 0.007489 1.719964
0.898838 0.000000 0.000000 0.000000 0.000000 0.093673 0.007489 1.719964
0.898838 0.000000 0.000000 0.000000 0.000000 0.093673 0.007489 1.719964
0.898838 0.000000 0.000000 0.000000 0.000000 0.093673 0.007489 1.719964
0.898838 0.000000 0.000000 0.000000 0.000000 0.093673 0.007489 1.719964
0.898838 0.000000 0.000000 0.000000 0.000000 0.093673 0.007489 1.719964
0.898838 0.000000 0.000000 0.000000 0.000000 0.093673 0.007489 1.719964
0.898838 0.000000 0.000000 0.000000 0.000000 0.093673 0.007489 1.719964
0.898838 0.000000 0.000000 0.000000 0.000000 0.093673 0.007489 1.719964
0.898838 0.000000 0.000000 0.000000 0.000000 0.093673 0.007489 1.719964
0.898838 0.000000 0.000000 0.000000 0.000000 0.093673 0.007489 1.719964
0.898838 0.000000 0.000000 0.000000 0.000000 0.093673 0.007489 1.719964
0.898838 0.000000 0.000000 0.000000 0.000000 0.093673 0.007489 1.719964
0.898838 0.000000 0.000000 0.000000 0.000000 0.093673 0.007489 1.719964
0.898838 0.000000 0.000000 0.000000 0.000000 0.093673 0.007489 1.719964
0.898838 0.000000 0.000000 0.000000 0.000000 0.093673 0.007489 1.719964
0.898838 0.000000 0.000000 0.000000 0.000000 0.093673 0.007489 1.719964
0.898838 0.000000 0.000000 0.000000 0.000000 0.093673 0.007489 1.719964
0.898838 0.000000 0.000000 0.000000 0.000000 0.093673 0.007489 1.719964
0.898838 0.000000 0.000000 0.000000 0.000000 0.093673 0.007489 1.719964
0.898838 0.000000 0.000000 0.000000 0.000000 0.093673 0.007489 1.719964
0.898838 0.000000 0.000000 0.000000 0.000000 0.093673 0.007489 1.719964
0.898838 0.000000 0.000000 0.000000 0.000000 0.093673 0.007489 1.719964
0.898838 0.000000 0.000000 0.000000 0.000000 0.093673 0.007489 1.719964
0.898838 0.000000 0.000000 0.000000 0.000000 0.093673 0.007489 1.719964
0.898838 0.000000 0.000000 0.000000 0.000000 0.093673 0.007489 1.719964
0.898838 0.000000 0.000000 0.000000 0.000000 0.093673 0.007489 1.719964
0.898838 0.000000 0.000000 0.000000 0.000000 0.093673 0.007489 1.719964
0.898838 0.000000 0.000000 0.000000 0.000000 0.093673 0.007489 1.719964
0.898838 0.000000 0.000000 0.000000 0.000000 0.093673 0.007489 1.719964
0.898838 0.000000 0.000000 0.000000 0.000000 0.093673 0.007489 1.719964
0.898838 0.000000 0.000000 0.000000 0.000000 0.093673 0.007489 1.719964
0.898838 0.000000 0.000000 0.000000 0.000000 0.093673 0.007489 1.719964
0.898838 0.000000 0.000000 0.000000 0.000000 0.093673 0.007489 1.719964
0.898838 0.000000 0.000000 0.000000 0.000000 0.093673 0.007489 1.719964
0.898838 0.000000 0.000000 0.000000 0.000000 0.093673 0.007489 1.719964
0.898838 0.000000 0.000000 0.000000 0.000000 0.093673 0.007489 1.719964
0.898838 0.000000 0.000000 0.000000 0.000000 0.093673 0.007489 1.719964
0.898838 0.000000 0.000000 0.000000 0.000000 0.093673 0.007489 1.719964
0.898838 0.000000 0.000000 0.000000 0.000000 0.093673 0.007489 1.719964
0.898838 0.000000 0.000000 0.000000 0.000000 0.093673 0.007489 1.719964
0.898838 0.000000 0.000000 0.000000 0.000000 0.093673 0.007489 1.719964
0.898838 0.000000 0.000000 0.000000 0.000000 0.093673 0.007489 1.719964
0.898838 0.000000 0.000000 0.000000 0.000000 0.093673 0.007489 1.719964
0.898838 0.000000 0.000000 0.000000 0.000000 0.093673 0.007489 1.719964
0.898838 0.000000 0.000000 0.000000 0.000000 0.093673 0.007489 1.719964
0.898838 0.000000 0.000000 0.000000 0.000000 0.093673 0.007489 1.719964
0.898838 0.000000 0.000000 0.000000 0.000000 0.093673 0.007489 1.719964
0.898838 0.000000 0.000000 0.000000 0.000000 0.093673 0.007489 1.719964
0.898838 0.000000 0.000000 0.000000 0.000000 0.093673 0.007489 1.719964
0.898838 0.000000 0.000000 0.000000 0.000000 0.093673 0.007489 1.719964
0.898838 0.000000 0.000000 0.000000 0.000000 0.093673 0.007489 1.719964
0.898838 0.000000 0.000000 0.000000 0.000000 0.093673 0.007489 1.719964
0.898838 0.000000 0.000000 0.000000 0.000000 0.093673 0.007489 1.719964
0.898838 0.000000 0.000000 0.000000 0.000000 0.093673 0.007489 1.719964
0.898838 0.000000 0.000000 0.000000 0.000000 0.093673 0.007489 1.719964
0.898838 0.000000 0.000000 0.000000 0.000000 0.093673 0.007489 1.719964
0.898838 0.000000 0.000000 0.000000 0.000000 0.093673 0.007489 1.719964
0.898838 0.000000 0.000000 0.000000 0.000000 0.093673 0.007489 1.719964
0.898838 0.000000 0.000000 0.000000 0.000000 0.093673 0.007489 1.719964
0.898838 0.000000 0.000000 0.000000 0.000000 0.093673 0.007489 1.719964
0.898838 0.000000 0.000000 0.000000 0.000000 0.093673 0.007489 1.719964
0.898838 0.000000 0.000000 0.000000 0.000000 0.093673 0.007489 1.719964
0.898838 0.000000 0.000000 0.000000 0.000000 0.093673 0.007489 1.719964
0.898838 0.000000 0.000000 0.000000 0.000000 0.093673 0.007489 1.719964
0.898838 0.000000 0.000000 0.000000 0.000000 0.093673 0.007489 1.719964
0.898838 0.000000 0.000000 0.000000 0.000000 0.093673 0.007489 1.719964
0.898838 0.000000 0.000000 0.000000 0.000000 0.093673 0.007489 1.719964
0.898838 0.000000 0.000000 0.000000 0.000000 0.093673 0.007489 1.719964
