0.328521 0.063596 0.057434 0.032989 0.002184 0.509007 0.006269 1.662820
0.330544 0.061640 0.057273 0.032817 0.002195 0.509235 0.006297 1.669001
0.333322 0.059379 0.056935 0.032557 0.002191 0.509291 0.006324 1.674841
0.336302 0.057027 0.056480 0.032213 0.002197 0.509431 0.006350 1.680456
0.339794 0.054433 0.056036 0.031885 0.002177 0.509288 0.006387 1.685996
0.343429 0.051917 0.055477 0.031500 0.002177 0.509088 0.006413 1.691252
0.347322 0.049482 0.054818 0.031057 0.002171 0.508713 0.006436 1.696225
0.351294 0.047103 0.054042 0.030564 0.002171 0.508362 0.006464 1.701013
0.355416 0.044805 0.053216 0.029910 0.002144 0.508012 0.006496 1.705544
0.359574 0.042746 0.052285 0.029267 0.002141 0.507464 0.006524 1.709776
0.363737 0.040746 0.051310 0.028611 0.002135 0.506914 0.006548 1.713879
0.368049 0.038829 0.050196 0.027965 0.002117 0.506265 0.006579 1.717769
0.372576 0.036974 0.049083 0.027317 0.002107 0.505334 0.006609 1.721513
0.376946 0.035237 0.047922 0.026642 0.002087 0.504527 0.006638 1.725058
0.381489 0.033593 0.046751 0.026021 0.002071 0.503413 0.006664 1.728468
0.386009 0.032036 0.045612 0.025319 0.002051 0.502285 0.006687 1.731737
0.390728 0.030605 0.044317 0.024572 0.002036 0.501032 0.006711 1.734771
0.395318 0.029366 0.043065 0.023799 0.002027 0.499688 0.006737 1.737632
0.400071 0.028066 0.041902 0.023043 0.002007 0.498148 0.006763 1.740437
0.404829 0.026811 0.040654 0.022438 0.001994 0.496485 0.006789 1.743168
0.409642 0.025524 0.039566 0.021758 0.001977 0.494721 0.006813 1.745808
0.414460 0.024431 0.038294 0.021135 0.001956 0.492882 0.006842 1.748247
0.419183 0.023441 0.037142 0.020477 0.001930 0.490954 0.006872 1.750576
0.423963 0.022471 0.035996 0.019817 0.001910 0.488947 0.006895 1.752819
0.428758 0.021562 0.034855 0.019201 0.001881 0.486828 0.006916 1.754988
0.433431 0.020800 0.033700 0.018578 0.001869 0.484684 0.006938 1.757052
0.438337 0.019972 0.032657 0.017957 0.001842 0.482270 0.006965 1.759047
0.443257 0.019177 0.031632 0.017327 0.001815 0.479800 0.006991 1.761007
0.448064 0.018459 0.030573 0.016747 0.001784 0.477358 0.007016 1.762838
0.452890 0.017804 0.029592 0.016157 0.001750 0.474762 0.007045 1.764584
0.457817 0.017109 0.028664 0.015594 0.001740 0.472011 0.007065 1.766327
0.462733 0.016484 0.027699 0.015020 0.001715 0.469262 0.007087 1.767981
0.467618 0.015981 0.026810 0.014465 0.001695 0.466323 0.007106 1.769539
0.472416 0.015384 0.025973 0.014004 0.001666 0.463426 0.007131 1.771074
0.477168 0.014884 0.025155 0.013577 0.001634 0.460431 0.007151 1.772578
0.481973 0.014409 0.024307 0.013123 0.001614 0.457400 0.007174 1.773993
0.486816 0.013939 0.023517 0.012726 0.001586 0.454224 0.007193 1.775394
0.491487 0.013494 0.022739 0.012313 0.001569 0.451183 0.007215 1.776752
0.496177 0.013118 0.021968 0.011912 0.001545 0.448049 0.007231 1.778023
0.500929 0.012725 0.021204 0.011515 0.001511 0.444869 0.007247 1.779270
0.505606 0.012367 0.020530 0.011190 0.001479 0.441558 0.007270 1.780481
0.510212 0.012040 0.019813 0.010810 0.001459 0.438377 0.007289 1.781654
0.514763 0.011652 0.019208 0.010439 0.001437 0.435192 0.007309 1.782839
0.519428 0.011305 0.018619 0.010067 0.001414 0.431840 0.007327 1.783968
0.523982 0.010961 0.018057 0.009730 0.001403 0.428518 0.007348 1.785094
0.528515 0.010628 0.017533 0.009378 0.001381 0.425201 0.007364 1.786188
0.533055 0.010359 0.016947 0.009100 0.001347 0.421808 0.007383 1.787245
0.537592 0.010089 0.016378 0.008824 0.001317 0.418401 0.007399 1.788245
0.542049 0.009849 0.015873 0.008577 0.001286 0.414953 0.007414 1.789239
0.546445 0.009629 0.015380 0.008309 0.001253 0.411553 0.007434 1.790203
0.550918 0.009390 0.014909 0.008033 0.001233 0.408068 0.007451 1.791148
0.555347 0.009201 0.014507 0.007788 0.001208 0.404485 0.007464 1.792058
0.559653 0.009062 0.014018 0.007556 0.001183 0.401052 0.007476 1.792926
0.563783 0.008903 0.013592 0.007335 0.001158 0.397734 0.007496 1.793794
0.568058 0.008712 0.013211 0.007121 0.001132 0.394256 0.007510 1.794661
0.572313 0.008535 0.012892 0.006887 0.001098 0.390746 0.007530 1.795511
0.576486 0.008405 0.012480 0.006697 0.001072 0.387317 0.007543 1.796306
0.580605 0.008250 0.012105 0.006537 0.001048 0.383899 0.007557 1.797119
0.584713 0.008080 0.011769 0.006351 0.001027 0.380491 0.007569 1.797925
0.588824 0.007919 0.011457 0.006177 0.001004 0.377039 0.007581 1.798716
0.592993 0.007792 0.011141 0.006011 0.000982 0.373487 0.007593 1.799482
0.597015 0.007634 0.010863 0.005818 0.000964 0.370101 0.007605 1.800247
0.601045 0.007509 0.010547 0.005662 0.000948 0.366674 0.007616 1.800975
0.605047 0.007354 0.010272 0.005532 0.000925 0.363242 0.007629 1.801710
0.608936 0.007237 0.010031 0.005379 0.000915 0.359865 0.007639 1.802423
0.612888 0.007162 0.009741 0.005238 0.000904 0.356424 0.007646 1.803098
0.616706 0.007087 0.009474 0.005081 0.000881 0.353111 0.007660 1.803776
0.620537 0.006993 0.009268 0.004916 0.000855 0.349754 0.007677 1.804440
0.624229 0.006922 0.009034 0.004811 0.000834 0.346483 0.007687 1.805132
0.627972 0.006830 0.008870 0.004703 0.000808 0.343116 0.007702 1.805816
0.631692 0.006732 0.008661 0.004595 0.000789 0.339817 0.007715 1.806473
0.635344 0.006635 0.008467 0.004467 0.000774 0.336587 0.007727 1.807117
0.638996 0.006546 0.008311 0.004389 0.000747 0.333271 0.007740 1.807770
0.642657 0.006434 0.008148 0.004295 0.000733 0.329986 0.007748 1.808420
0.646217 0.006385 0.007969 0.004204 0.000718 0.326749 0.007759 1.809020
0.649724 0.006326 0.007804 0.004127 0.000703 0.323549 0.007767 1.809661
0.653169 0.006281 0.007676 0.004026 0.000695 0.320381 0.007773 1.810280
0.656592 0.006291 0.007496 0.003937 0.000678 0.317225 0.007782 1.810838
0.659989 0.006229 0.007382 0.003871 0.000660 0.314079 0.007792 1.811456
0.663388 0.006196 0.007275 0.003815 0.000646 0.310880 0.007800 1.812061
0.666717 0.006169 0.007137 0.003737 0.000632 0.307802 0.007807 1.812631
0.669967 0.006088 0.007013 0.003678 0.000612 0.304823 0.007820 1.813236
0.673169 0.006028 0.006930 0.003618 0.000594 0.301834 0.007828 1.813834
0.676418 0.005964 0.006813 0.003571 0.000583 0.298815 0.007836 1.814438
0.679613 0.005941 0.006654 0.003531 0.000567 0.295849 0.007845 1.814989
0.682811 0.005871 0.006567 0.003493 0.000554 0.292850 0.007855 1.815562
0.685907 0.005819 0.006479 0.003432 0.000542 0.289959 0.007861 1.816137
0.689014 0.005776 0.006397 0.003393 0.000528 0.287020 0.007873 1.816721
0.692048 0.005740 0.006313 0.003376 0.000517 0.284127 0.007880 1.817310
0.695054 0.005698 0.006251 0.003344 0.000506 0.281264 0.007884 1.817890
0.698043 0.005677 0.006160 0.003320 0.000497 0.278415 0.007889 1.818448
0.701002 0.005600 0.006096 0.003305 0.000494 0.275607 0.007896 1.819050
0.703963 0.005555 0.006019 0.003283 0.000485 0.272793 0.007902 1.819621
0.706871 0.005539 0.005967 0.003234 0.000474 0.270008 0.007907 1.820156
0.709721 0.005518 0.005906 0.003199 0.000455 0.267286 0.007915 1.820702
0.712563 0.005521 0.005864 0.003138 0.000453 0.264541 0.007920 1.821226
0.715308 0.005510 0.005796 0.003115 0.000442 0.261905 0.007925 1.821774
0.717982 0.005530 0.005742 0.003079 0.000431 0.259303 0.007933 1.822313
0.720684 0.005492 0.005707 0.003042 0.000421 0.256711 0.007944 1.822858
0.723354 0.005465 0.005647 0.002990 0.000414 0.254180 0.007949 1.823375
0.726010 0.005448 0.005573 0.002968 0.000408 0.251641 0.007953 1.823906
0.728654 0.005467 0.005536 0.002933 0.000400 0.249053 0.007957 1.824439
0.731273 0.005467 0.005464 0.002897 0.000392 0.246546 0.007962 1.824941
0.733810 0.005496 0.005417 0.002867 0.000384 0.244062 0.007966 1.825443
0.736259 0.005483 0.005375 0.002842 0.000373 0.241695 0.007971 1.825981
0.738734 0.005507 0.005349 0.002803 0.000363 0.239264 0.007980 1.826492
0.741098 0.005535 0.005292 0.002777 0.000359 0.236954 0.007985 1.827004
0.743524 0.005521 0.005301 0.002779 0.000353 0.234533 0.007990 1.827565
0.745872 0.005549 0.005238 0.002775 0.000342 0.232228 0.007996 1.828117
0.748243 0.005534 0.005242 0.002769 0.000333 0.229877 0.008001 1.828672
0.750558 0.005553 0.005190 0.002765 0.000329 0.227600 0.008005 1.829202
0.752837 0.005556 0.005174 0.002752 0.000324 0.225347 0.008010 1.829726
0.755013 0.005557 0.005182 0.002740 0.000321 0.223174 0.008012 1.830285
0.757281 0.005561 0.005189 0.002728 0.000320 0.220905 0.008016 1.830838
0.759479 0.005571 0.005159 0.002745 0.000314 0.218710 0.008022 1.831389
0.761629 0.005592 0.005134 0.002743 0.000309 0.216565 0.008027 1.831904
0.763790 0.005580 0.005137 0.002734 0.000304 0.214424 0.008032 1.832458
0.765892 0.005585 0.005157 0.002742 0.000298 0.212293 0.008034 1.833026
0.767997 0.005589 0.005166 0.002750 0.000296 0.210166 0.008037 1.833597
0.770008 0.005616 0.005160 0.002747 0.000291 0.208140 0.008039 1.834149
0.771954 0.005657 0.005167 0.002733 0.000283 0.206162 0.008044 1.834701
0.773903 0.005687 0.005182 0.002720 0.000280 0.204180 0.008047 1.835255
0.775831 0.005702 0.005180 0.002716 0.000281 0.202240 0.008049 1.835823
0.777723 0.005777 0.005180 0.002696 0.000277 0.200298 0.008050 1.836365
0.779664 0.005797 0.005171 0.002722 0.000273 0.198318 0.008053 1.836936
0.781513 0.005841 0.005170 0.002716 0.000275 0.196431 0.008055 1.837497
0.783342 0.005860 0.005169 0.002702 0.000266 0.194599 0.008061 1.838061
0.785117 0.005900 0.005156 0.002684 0.000264 0.192814 0.008066 1.838628
0.786902 0.005963 0.005169 0.002689 0.000259 0.190951 0.008069 1.839207
0.788633 0.005991 0.005176 0.002705 0.000257 0.189168 0.008071 1.839785
0.790355 0.006049 0.005215 0.002695 0.000257 0.187357 0.008072 1.840353
0.792035 0.006102 0.005222 0.002707 0.000254 0.185603 0.008077 1.840936
0.793762 0.006141 0.005253 0.002716 0.000253 0.183796 0.008079 1.841525
0.795447 0.006199 0.005256 0.002733 0.000250 0.182032 0.008083 1.842111
0.797042 0.006205 0.005297 0.002767 0.000248 0.180355 0.008086 1.842762
0.798633 0.006290 0.005298 0.002772 0.000242 0.178676 0.008089 1.843351
0.800282 0.006337 0.005291 0.002808 0.000239 0.176949 0.008092 1.843965
0.801826 0.006383 0.005327 0.002813 0.000233 0.175321 0.008097 1.844590
0.803353 0.006387 0.005366 0.002848 0.000232 0.173713 0.008100 1.845248
0.804837 0.006440 0.005392 0.002849 0.000234 0.172144 0.008104 1.845866
0.806361 0.006502 0.005431 0.002869 0.000234 0.170496 0.008106 1.846495
0.807797 0.006618 0.005409 0.002881 0.000231 0.168954 0.008111 1.847101
0.809227 0.006628 0.005476 0.002885 0.000228 0.167443 0.008114 1.847756
0.810520 0.006704 0.005514 0.002906 0.000224 0.166014 0.008118 1.848429
0.811910 0.006747 0.005542 0.002933 0.000221 0.164527 0.008120 1.849084
0.813193 0.006827 0.005574 0.002947 0.000221 0.163114 0.008123 1.849736
0.814550 0.006874 0.005632 0.002959 0.000220 0.161638 0.008127 1.850403
0.815778 0.006939 0.005639 0.002987 0.000218 0.160312 0.008127 1.851071
0.817018 0.006990 0.005693 0.002981 0.000216 0.158973 0.008129 1.851742
0.818238 0.007049 0.005730 0.003010 0.000217 0.157623 0.008131 1.852434
0.819459 0.007104 0.005751 0.003038 0.000214 0.156301 0.008134 1.853123
0.820632 0.007190 0.005793 0.003065 0.000212 0.154973 0.008136 1.853820
0.821759 0.007250 0.005807 0.003118 0.000213 0.153714 0.008139 1.854536
0.822923 0.007310 0.005868 0.003140 0.000211 0.152406 0.008141 1.855236
0.823983 0.007388 0.005923 0.003140 0.000210 0.151210 0.008145 1.855959
0.825097 0.007473 0.005968 0.003158 0.000210 0.149947 0.008148 1.856689
0.826185 0.007521 0.005997 0.003222 0.000211 0.148713 0.008150 1.857435
0.827259 0.007575 0.006033 0.003256 0.000208 0.147516 0.008152 1.858167
0.828306 0.007678 0.006093 0.003280 0.000211 0.146277 0.008155 1.858881
0.829303 0.007756 0.006181 0.003315 0.000212 0.145076 0.008156 1.859655
0.830266 0.007832 0.006208 0.003334 0.000215 0.143985 0.008160 1.860422
0.831208 0.007953 0.006262 0.003335 0.000218 0.142862 0.008162 1.861172
0.832163 0.008059 0.006305 0.003382 0.000213 0.141710 0.008166 1.861942
0.832983 0.008157 0.006358 0.003424 0.000212 0.140698 0.008168 1.862722
0.833896 0.008241 0.006438 0.003467 0.000215 0.139574 0.008171 1.863528
0.834664 0.008333 0.006505 0.003522 0.000215 0.138589 0.008173 1.864357
0.835539 0.008410 0.006541 0.003555 0.000212 0.137568 0.008175 1.865150
0.836295 0.008465 0.006601 0.003609 0.000211 0.136641 0.008179 1.866018
0.837085 0.008582 0.006651 0.003632 0.000206 0.135659 0.008184 1.866845
0.837835 0.008683 0.006708 0.003673 0.000200 0.134711 0.008190 1.867693
0.838578 0.008788 0.006787 0.003684 0.000203 0.133768 0.008191 1.868545
0.839360 0.008837 0.006868 0.003741 0.000208 0.132793 0.008193 1.869423
0.840083 0.008942 0.006978 0.003770 0.000215 0.131817 0.008195 1.870296
0.840740 0.009000 0.007071 0.003784 0.000211 0.130995 0.008198 1.871177
0.841341 0.009124 0.007124 0.003818 0.000216 0.130176 0.008200 1.872058
0.841903 0.009276 0.007198 0.003829 0.000217 0.129373 0.008205 1.872938
0.842508 0.009376 0.007307 0.003864 0.000213 0.128526 0.008207 1.873859
0.843123 0.009437 0.007412 0.003921 0.000221 0.127676 0.008209 1.874791
0.843666 0.009525 0.007493 0.003972 0.000220 0.126914 0.008210 1.875737
0.844240 0.009619 0.007570 0.004006 0.000229 0.126123 0.008213 1.876682
0.844739 0.009761 0.007646 0.004040 0.000231 0.125366 0.008217 1.877590
0.845270 0.009830 0.007752 0.004085 0.000230 0.124611 0.008221 1.878580
0.845782 0.009930 0.007827 0.004125 0.000232 0.123879 0.008224 1.879541
0.846250 0.009983 0.007921 0.004174 0.000231 0.123213 0.008227 1.880557
0.846696 0.010066 0.007997 0.004236 0.000234 0.122543 0.008229 1.881555
0.847127 0.010220 0.008041 0.004266 0.000232 0.121884 0.008231 1.882490
0.847568 0.010309 0.008156 0.004322 0.000241 0.121171 0.008232 1.883505
0.847986 0.010442 0.008212 0.004343 0.000240 0.120540 0.008237 1.884483
0.848406 0.010519 0.008319 0.004386 0.000241 0.119887 0.008242 1.885529
0.848770 0.010650 0.008412 0.004405 0.000243 0.119274 0.008246 1.886551
0.849134 0.010693 0.008534 0.004456 0.000253 0.118682 0.008248 1.887637
0.849447 0.010779 0.008562 0.004518 0.000259 0.118186 0.008249 1.888690
0.849786 0.010901 0.008631 0.004559 0.000260 0.117611 0.008253 1.889739
0.850125 0.010960 0.008664 0.004604 0.000256 0.117135 0.008257 1.890813
0.850430 0.011069 0.008738 0.004659 0.000259 0.116586 0.008259 1.891895
0.850644 0.011182 0.008821 0.004725 0.000269 0.116100 0.008261 1.892999
0.850894 0.011260 0.008894 0.004792 0.000272 0.115624 0.008264 1.894108
0.851135 0.011378 0.008997 0.004806 0.000269 0.115148 0.008268 1.895213
0.851334 0.011448 0.009091 0.004863 0.000277 0.114716 0.008271 1.896362
0.851523 0.011582 0.009164 0.004895 0.000282 0.114280 0.008274 1.897491
0.851655 0.011684 0.009255 0.004927 0.000284 0.113916 0.008279 1.898638
0.851934 0.011706 0.009314 0.005006 0.000286 0.113472 0.008282 1.899804
0.852110 0.011784 0.009419 0.005068 0.000284 0.113046 0.008288 1.901006
0.852277 0.011859 0.009535 0.005108 0.000285 0.112642 0.008292 1.902180
0.852459 0.011894 0.009611 0.005163 0.000284 0.112296 0.008294 1.903368
0.852565 0.011976 0.009676 0.005212 0.000289 0.111983 0.008298 1.904547
0.852631 0.012075 0.009740 0.005243 0.000299 0.111710 0.008300 1.905755
0.852697 0.012177 0.009822 0.005273 0.000301 0.111427 0.008302 1.906969
0.852744 0.012308 0.009876 0.005302 0.000308 0.111156 0.008306 1.908138
0.852785 0.012468 0.009942 0.005335 0.000308 0.110852 0.008310 1.909341
0.852852 0.012628 0.009992 0.005344 0.000305 0.110566 0.008315 1.910514
0.852921 0.012674 0.010107 0.005376 0.000313 0.110292 0.008317 1.911767
0.852931 0.012765 0.010171 0.005434 0.000316 0.110063 0.008320 1.913021
0.852961 0.012849 0.010238 0.005481 0.000316 0.109829 0.008326 1.914284
0.852932 0.013040 0.010300 0.005507 0.000318 0.109574 0.008329 1.915536
0.852901 0.013205 0.010388 0.005522 0.000321 0.109330 0.008332 1.916777
0.852872 0.013292 0.010496 0.005571 0.000321 0.109113 0.008335 1.918079
0.852810 0.013409 0.010567 0.005622 0.000321 0.108932 0.008339 1.919363
0.852745 0.013535 0.010658 0.005675 0.000319 0.108724 0.008343 1.920646
0.852699 0.013689 0.010781 0.005682 0.000325 0.108477 0.008348 1.921949
0.852644 0.013699 0.010985 0.005773 0.000325 0.108223 0.008352 1.923366
0.852580 0.013708 0.011118 0.005824 0.000330 0.108084 0.008356 1.924768
0.852441 0.013889 0.011164 0.005855 0.000332 0.107955 0.008364 1.926071
0.852337 0.014032 0.011256 0.005917 0.000334 0.107758 0.008365 1.927440
0.852180 0.014187 0.011380 0.005957 0.000342 0.107587 0.008368 1.928795
0.852069 0.014245 0.011471 0.006035 0.000338 0.107467 0.008374 1.930210
0.851843 0.014379 0.011591 0.006116 0.000337 0.107357 0.008379 1.931618
0.851648 0.014469 0.011634 0.006161 0.000340 0.107361 0.008386 1.933046
0.851471 0.014577 0.011677 0.006226 0.000344 0.107316 0.008390 1.934438
0.851210 0.014759 0.011781 0.006258 0.000341 0.107256 0.008396 1.935829
0.851040 0.014864 0.011834 0.006334 0.000340 0.107190 0.008400 1.937239
0.850836 0.014992 0.011914 0.006367 0.000343 0.107146 0.008403 1.938644
0.850633 0.015057 0.011999 0.006440 0.000342 0.107123 0.008408 1.940124
0.850383 0.015145 0.012074 0.006515 0.000341 0.107131 0.008412 1.941611
0.850145 0.015240 0.012200 0.006544 0.000346 0.107109 0.008416 1.943105
0.849940 0.015309 0.012256 0.006613 0.000350 0.107112 0.008420 1.944587
0.849675 0.015393 0.012299 0.006681 0.000354 0.107175 0.008424 1.946108
0.849375 0.015513 0.012419 0.006709 0.000357 0.107199 0.008428 1.947595
0.849145 0.015629 0.012463 0.006749 0.000356 0.107224 0.008434 1.949061
0.848903 0.015686 0.012584 0.006804 0.000351 0.107229 0.008444 1.950594
0.848636 0.015717 0.012684 0.006870 0.000353 0.107291 0.008449 1.952178
0.848346 0.015840 0.012772 0.006933 0.000355 0.107301 0.008454 1.953709
0.847996 0.015968 0.012899 0.006953 0.000359 0.107367 0.008458 1.955256
0.847669 0.016095 0.013040 0.007012 0.000362 0.107361 0.008461 1.956820
0.847352 0.016140 0.013142 0.007074 0.000367 0.107461 0.008464 1.958409
0.846996 0.016258 0.013245 0.007126 0.000373 0.107535 0.008469 1.959984
0.846619 0.016303 0.013335 0.007200 0.000379 0.107692 0.008472 1.961624
0.846269 0.016390 0.013461 0.007250 0.000385 0.107770 0.008477 1.963229
0.845912 0.016494 0.013555 0.007305 0.000390 0.107865 0.008481 1.964840
0.845571 0.016556 0.013704 0.007378 0.000383 0.107918 0.008490 1.966497
0.845195 0.016663 0.013810 0.007403 0.000386 0.108052 0.008492 1.968098
0.844816 0.016784 0.013817 0.007428 0.000394 0.108267 0.008495 1.969694
0.844463 0.016893 0.013887 0.007459 0.000400 0.108403 0.008498 1.971311
0.844019 0.017025 0.013990 0.007495 0.000401 0.108567 0.008504 1.972947
0.843655 0.017126 0.014038 0.007514 0.000406 0.108754 0.008508 1.974598
0.843277 0.017185 0.014121 0.007533 0.000416 0.108952 0.008516 1.976254
0.842920 0.017278 0.014179 0.007551 0.000418 0.109131 0.008522 1.977913
0.842483 0.017340 0.014251 0.007589 0.000423 0.109387 0.008526 1.979606
0.842131 0.017316 0.014428 0.007616 0.000421 0.109555 0.008533 1.981353
0.841679 0.017430 0.014492 0.007669 0.000424 0.109767 0.008539 1.983046
0.841286 0.017513 0.014591 0.007705 0.000423 0.109939 0.008545 1.984774
0.840900 0.017552 0.014652 0.007793 0.000427 0.110127 0.008549 1.986497
0.840473 0.017583 0.014749 0.007830 0.000434 0.110379 0.008553 1.988251
0.840073 0.017622 0.014757 0.007924 0.000440 0.110626 0.008559 1.989966
0.839678 0.017702 0.014847 0.007913 0.000445 0.110851 0.008565 1.991688
0.839296 0.017775 0.014918 0.007912 0.000447 0.111082 0.008570 1.993392
0.838898 0.017784 0.014975 0.007969 0.000454 0.111346 0.008575 1.995147
0.838502 0.017854 0.015069 0.007987 0.000449 0.111558 0.008582 1.996891
0.838109 0.017895 0.015086 0.008067 0.000462 0.111796 0.008587 1.998656
0.837661 0.017980 0.015114 0.008122 0.000461 0.112068 0.008595 2.000439
0.837282 0.017978 0.015189 0.008148 0.000464 0.112338 0.008602 2.002211
0.836887 0.017941 0.015299 0.008157 0.000465 0.112644 0.008608 2.004032
0.836522 0.017985 0.015342 0.008177 0.000468 0.112891 0.008614 2.005755
0.836123 0.017978 0.015426 0.008176 0.000469 0.113204 0.008624 2.007550
0.835707 0.018084 0.015463 0.008205 0.000466 0.113444 0.008632 2.009278
0.835332 0.018087 0.015531 0.008242 0.000465 0.113707 0.008638 2.011070
0.834897 0.018146 0.015554 0.008235 0.000462 0.114063 0.008643 2.012871
0.834581 0.018099 0.015631 0.008267 0.000466 0.114309 0.008647 2.014677
0.834263 0.018138 0.015620 0.008294 0.000473 0.114562 0.008652 2.016429
0.833889 0.018144 0.015679 0.008299 0.000482 0.114853 0.008654 2.018238
0.833540 0.018106 0.015758 0.008346 0.000482 0.115109 0.008658 2.020065
0.833158 0.018197 0.015779 0.008342 0.000495 0.115366 0.008664 2.021794
0.832734 0.018292 0.015755 0.008386 0.000496 0.115666 0.008670 2.023570
0.832376 0.018309 0.015799 0.008442 0.000509 0.115889 0.008676 2.025358
0.831962 0.018301 0.015829 0.008469 0.000518 0.116236 0.008685 2.027174
0.831577 0.018369 0.015908 0.008470 0.000524 0.116462 0.008692 2.028961
0.831297 0.018359 0.015897 0.008493 0.000529 0.116730 0.008697 2.030749
0.831019 0.018336 0.015924 0.008493 0.000533 0.116992 0.008704 2.032538
0.830749 0.018271 0.015980 0.008510 0.000535 0.117244 0.008710 2.034336
0.830373 0.018288 0.016014 0.008538 0.000534 0.117536 0.008715 2.036136
0.830013 0.018317 0.016057 0.008560 0.000541 0.117790 0.008722 2.037935
0.829714 0.018331 0.016078 0.008546 0.000539 0.118067 0.008726 2.039718
0.829391 0.018356 0.016074 0.008557 0.000546 0.118342 0.008735 2.041485
0.829076 0.018361 0.016084 0.008527 0.000548 0.118665 0.008741 2.043251
0.828820 0.018312 0.016176 0.008498 0.000559 0.118890 0.008744 2.045050
0.828502 0.018296 0.016216 0.008496 0.000556 0.119184 0.008751 2.046856
0.828180 0.018348 0.016254 0.008495 0.000558 0.119407 0.008759 2.048635
0.827790 0.018333 0.016313 0.008507 0.000565 0.119728 0.008764 2.050460
0.827477 0.018329 0.016298 0.008529 0.000566 0.120029 0.008773 2.052263
0.827200 0.018374 0.016288 0.008504 0.000562 0.120291 0.008780 2.053973
0.826958 0.018337 0.016379 0.008523 0.000561 0.120460 0.008783 2.055780
0.826615 0.018355 0.016390 0.008521 0.000563 0.120769 0.008788 2.057568
0.826333 0.018361 0.016446 0.008527 0.000560 0.120977 0.008797 2.059370
0.826004 0.018361 0.016458 0.008562 0.000560 0.121254 0.008802 2.061170
0.825819 0.018245 0.016464 0.008583 0.000565 0.121515 0.008808 2.063032
0.825559 0.018241 0.016446 0.008571 0.000568 0.121802 0.008813 2.064789
0.825353 0.018192 0.016474 0.008559 0.000570 0.122031 0.008820 2.066556
0.825126 0.018173 0.016434 0.008592 0.000574 0.122273 0.008829 2.068334
0.824888 0.018171 0.016402 0.008601 0.000575 0.122532 0.008833 2.070097
0.824609 0.018231 0.016395 0.008582 0.000579 0.122767 0.008837 2.071837
0.824363 0.018152 0.016415 0.008569 0.000584 0.123077 0.008842 2.073640
0.824112 0.018127 0.016463 0.008583 0.000582 0.123284 0.008850 2.075453
0.823898 0.018102 0.016488 0.008580 0.000578 0.123497 0.008857 2.077239
0.823738 0.018058 0.016478 0.008556 0.000578 0.123726 0.008867 2.078998
0.823543 0.018076 0.016498 0.008509 0.000570 0.123928 0.008876 2.080779
0.823353 0.018100 0.016414 0.008505 0.000567 0.124179 0.008882 2.082498
0.823149 0.018015 0.016420 0.008527 0.000572 0.124427 0.008890 2.084316
0.822987 0.017925 0.016403 0.008496 0.000570 0.124720 0.008899 2.086080
0.822822 0.017864 0.016406 0.008485 0.000565 0.124952 0.008907 2.087834
0.822708 0.017838 0.016402 0.008492 0.000565 0.125082 0.008914 2.089568
0.822549 0.017816 0.016341 0.008466 0.000564 0.125343 0.008920 2.091290
0.822400 0.017776 0.016300 0.008480 0.000567 0.125546 0.008929 2.093031
0.822279 0.017699 0.016306 0.008492 0.000564 0.125722 0.008937 2.094785
0.822151 0.017735 0.016248 0.008447 0.000558 0.125916 0.008945 2.096484
0.822025 0.017703 0.016285 0.008414 0.000561 0.126060 0.008952 2.098225
0.821927 0.017635 0.016251 0.008427 0.000570 0.126235 0.008957 2.099954
0.821858 0.017601 0.016186 0.008427 0.000574 0.126392 0.008962 2.101664
0.821831 0.017519 0.016162 0.008431 0.000576 0.126510 0.008971 2.103376
0.821766 0.017460 0.016172 0.008430 0.000580 0.126610 0.008983 2.105071
0.821712 0.017368 0.016153 0.008424 0.000580 0.126773 0.008991 2.106790
0.821672 0.017250 0.016110 0.008429 0.000585 0.126958 0.008998 2.108505
0.821643 0.017149 0.016005 0.008445 0.000585 0.127166 0.009007 2.110202
0.821630 0.017088 0.015951 0.008432 0.000578 0.127302 0.009019 2.111863
0.821589 0.017096 0.015853 0.008421 0.000571 0.127441 0.009028 2.113509
0.821575 0.017033 0.015854 0.008379 0.000570 0.127550 0.009037 2.115202
0.821551 0.016937 0.015841 0.008359 0.000569 0.127698 0.009045 2.116901
0.821529 0.016938 0.015775 0.008297 0.000572 0.127836 0.009053 2.118505
0.821497 0.016863 0.015811 0.008223 0.000581 0.127967 0.009058 2.120188
0.821517 0.016778 0.015786 0.008225 0.000576 0.128053 0.009064 2.121852
0.821481 0.016741 0.015679 0.008206 0.000575 0.128245 0.009074 2.123476
0.821506 0.016618 0.015663 0.008198 0.000571 0.128366 0.009079 2.125168
0.821556 0.016584 0.015621 0.008154 0.000574 0.128423 0.009087 2.126784
0.821562 0.016587 0.015584 0.008109 0.000569 0.128497 0.009093 2.128386
0.821663 0.016544 0.015532 0.008067 0.000570 0.128525 0.009098 2.129985
0.821677 0.016526 0.015463 0.008028 0.000570 0.128630 0.009105 2.131597
0.821684 0.016412 0.015480 0.008025 0.000565 0.128720 0.009114 2.133303
0.821713 0.016389 0.015461 0.008006 0.000564 0.128748 0.009119 2.134937
0.821764 0.016333 0.015428 0.008018 0.000565 0.128766 0.009128 2.136566
0.821847 0.016283 0.015333 0.007991 0.000561 0.128850 0.009135 2.138151
0.821872 0.016282 0.015311 0.007976 0.000565 0.128854 0.009140 2.139730
0.821930 0.016239 0.015282 0.007955 0.000563 0.128883 0.009147 2.141333
0.822037 0.016183 0.015261 0.007925 0.000563 0.128876 0.009155 2.142905
0.822088 0.016181 0.015216 0.007925 0.000567 0.128861 0.009163 2.144488
0.822230 0.016055 0.015192 0.007935 0.000568 0.128850 0.009170 2.146107
0.822268 0.016025 0.015151 0.007902 0.000563 0.128913 0.009178 2.147675
0.822313 0.016008 0.015126 0.007879 0.000560 0.128932 0.009183 2.149236
0.822394 0.015942 0.015120 0.007843 0.000556 0.128953 0.009192 2.150820
0.822531 0.015873 0.015061 0.007800 0.000559 0.128979 0.009197 2.152363
0.822652 0.015865 0.014939 0.007763 0.000567 0.129011 0.009203 2.153885
0.822803 0.015798 0.014961 0.007746 0.000569 0.128915 0.009209 2.155448
0.822835 0.015819 0.014910 0.007725 0.000570 0.128928 0.009214 2.156998
0.822877 0.015760 0.014875 0.007725 0.000565 0.128978 0.009222 2.158577
0.823027 0.015739 0.014786 0.007743 0.000565 0.128911 0.009228 2.160121
0.823109 0.015696 0.014742 0.007727 0.000559 0.128932 0.009235 2.161679
0.823263 0.015628 0.014717 0.007705 0.000559 0.128889 0.009240 2.163195
0.823381 0.015555 0.014738 0.007713 0.000559 0.128805 0.009249 2.164772
0.823584 0.015497 0.014692 0.007722 0.000562 0.128690 0.009254 2.166302
0.823737 0.015458 0.014589 0.007697 0.000555 0.128698 0.009265 2.167772
0.823858 0.015435 0.014572 0.007683 0.000551 0.128632 0.009270 2.169295
0.824014 0.015336 0.014604 0.007662 0.000556 0.128554 0.009274 2.170854
0.824137 0.015392 0.014442 0.007596 0.000550 0.128604 0.009280 2.172293
0.824262 0.015342 0.014417 0.007579 0.000550 0.128564 0.009285 2.173812
0.824392 0.015333 0.014378 0.007588 0.000548 0.128468 0.009292 2.175301
0.824584 0.015262 0.014370 0.007581 0.000555 0.128349 0.009298 2.176816
0.824755 0.015214 0.014323 0.007559 0.000557 0.128291 0.009301 2.178298
0.824917 0.015170 0.014262 0.007530 0.000559 0.128251 0.009311 2.179798
0.825066 0.015157 0.014225 0.007490 0.000562 0.128181 0.009318 2.181251
0.825182 0.015152 0.014218 0.007457 0.000560 0.128106 0.009325 2.182732
0.825317 0.015044 0.014209 0.007443 0.000557 0.128097 0.009332 2.184263
0.825467 0.015040 0.014165 0.007436 0.000557 0.127998 0.009337 2.185726
0.825570 0.015022 0.014119 0.007397 0.000556 0.127991 0.009344 2.187186
0.825681 0.014989 0.014099 0.007367 0.000547 0.127961 0.009356 2.188665
0.825751 0.014965 0.014058 0.007349 0.000546 0.127966 0.009365 2.190156
0.825806 0.015023 0.014028 0.007341 0.000540 0.127889 0.009374 2.191608
0.826024 0.014928 0.014021 0.007347 0.000535 0.127763 0.009382 2.193091
0.826215 0.014868 0.014000 0.007322 0.000528 0.127674 0.009393 2.194565
0.826411 0.014833 0.013944 0.007286 0.000528 0.127596 0.009403 2.196031
0.826560 0.014840 0.013921 0.007249 0.000528 0.127492 0.009410 2.197454
0.826690 0.014850 0.013854 0.007301 0.000520 0.127367 0.009418 2.198902
0.826826 0.014831 0.013804 0.007277 0.000529 0.127312 0.009422 2.200356
0.827016 0.014777 0.013776 0.007285 0.000524 0.127194 0.009429 2.201831
0.827237 0.014661 0.013745 0.007271 0.000530 0.127122 0.009435 2.203314
0.827397 0.014648 0.013702 0.007242 0.000530 0.127039 0.009443 2.204743
0.827545 0.014682 0.013685 0.007212 0.000523 0.126903 0.009451 2.206150
0.827659 0.014698 0.013655 0.007182 0.000519 0.126830 0.009456 2.207563
0.827828 0.014716 0.013627 0.007134 0.000521 0.126711 0.009464 2.209007
0.828033 0.014671 0.013591 0.007134 0.000513 0.126586 0.009473 2.210444
0.828228 0.014629 0.013575 0.007093 0.000510 0.126484 0.009481 2.211848
0.828440 0.014637 0.013542 0.007067 0.000512 0.126315 0.009487 2.213269
0.828621 0.014564 0.013512 0.007076 0.000515 0.126221 0.009493 2.214720
0.828738 0.014596 0.013426 0.007095 0.000507 0.126143 0.009498 2.216131
0.828890 0.014513 0.013441 0.007054 0.000506 0.126093 0.009504 2.217564
0.829088 0.014407 0.013434 0.007022 0.000508 0.126032 0.009509 2.219008
0.829355 0.014394 0.013403 0.007011 0.000505 0.125817 0.009514 2.220416
0.829591 0.014399 0.013339 0.006980 0.000496 0.125676 0.009520 2.221791
0.829721 0.014352 0.013293 0.006968 0.000499 0.125642 0.009526 2.223226
0.829869 0.014332 0.013295 0.006974 0.000497 0.125502 0.009530 2.224650
0.830066 0.014312 0.013262 0.006970 0.000489 0.125359 0.009541 2.226035
0.830227 0.014213 0.013278 0.006980 0.000490 0.125268 0.009545 2.227513
0.830374 0.014209 0.013275 0.006964 0.000490 0.125138 0.009550 2.228925
0.830519 0.014246 0.013220 0.006949 0.000493 0.125019 0.009555 2.230306
0.830623 0.014270 0.013218 0.006929 0.000484 0.124914 0.009561 2.231721
0.830772 0.014271 0.013153 0.006933 0.000489 0.124818 0.009565 2.233107
0.830926 0.014272 0.013134 0.006901 0.000481 0.124716 0.009570 2.234478
0.831106 0.014242 0.013168 0.006895 0.000478 0.124535 0.009576 2.235900
0.831313 0.014239 0.013098 0.006887 0.000480 0.124399 0.009584 2.237264
0.831500 0.014231 0.013070 0.006880 0.000479 0.124251 0.009589 2.238672
0.831644 0.014185 0.013043 0.006885 0.000472 0.124177 0.009595 2.240067
0.831817 0.014145 0.013032 0.006885 0.000473 0.124050 0.009598 2.241481
0.831989 0.014111 0.013067 0.006875 0.000470 0.123883 0.009605 2.242887
0.832133 0.014102 0.013073 0.006832 0.000479 0.123772 0.009608 2.244278
0.832247 0.014051 0.013045 0.006842 0.000472 0.123726 0.009617 2.245690
0.832429 0.014027 0.013019 0.006825 0.000468 0.123607 0.009625 2.247069
0.832571 0.013999 0.013000 0.006794 0.000466 0.123539 0.009633 2.248439
0.832737 0.014013 0.012936 0.006793 0.000464 0.123416 0.009641 2.249763
0.832898 0.014027 0.012908 0.006781 0.000466 0.123272 0.009647 2.251104
0.833048 0.014069 0.012869 0.006757 0.000461 0.123143 0.009654 2.252459
0.833174 0.014087 0.012843 0.006732 0.000470 0.123038 0.009657 2.253817
0.833332 0.014044 0.012842 0.006768 0.000467 0.122884 0.009664 2.255236
0.833445 0.014067 0.012836 0.006728 0.000469 0.122787 0.009668 2.256613
0.833580 0.014144 0.012799 0.006720 0.000472 0.122611 0.009675 2.257947
0.833799 0.014085 0.012758 0.006726 0.000471 0.122480 0.009682 2.259320
0.833920 0.014099 0.012704 0.006734 0.000470 0.122386 0.009687 2.260678
0.834053 0.014134 0.012663 0.006665 0.000470 0.122323 0.009692 2.262003
0.834215 0.014143 0.012630 0.006668 0.000469 0.122176 0.009699 2.263365
0.834339 0.014137 0.012596 0.006665 0.000472 0.122087 0.009705 2.264745
0.834427 0.014135 0.012631 0.006641 0.000474 0.121979 0.009714 2.266136
0.834627 0.014107 0.012622 0.006659 0.000474 0.121792 0.009720 2.267517
0.834741 0.014092 0.012660 0.006667 0.000467 0.121646 0.009727 2.268928
0.834930 0.014114 0.012630 0.006649 0.000457 0.121489 0.009732 2.270282
0.835092 0.014104 0.012625 0.006670 0.000456 0.121313 0.009739 2.271645
0.835246 0.014113 0.012635 0.006666 0.000456 0.121144 0.009743 2.272989
0.835396 0.014140 0.012667 0.006650 0.000455 0.120948 0.009745 2.274362
0.835550 0.014115 0.012699 0.006633 0.000455 0.120798 0.009751 2.275768
0.835699 0.014115 0.012703 0.006620 0.000452 0.120657 0.009755 2.277147
0.835796 0.014146 0.012677 0.006617 0.000449 0.120555 0.009761 2.278515
0.835915 0.014140 0.012685 0.006647 0.000450 0.120397 0.009768 2.279906
0.836022 0.014092 0.012705 0.006635 0.000449 0.120324 0.009773 2.281312
0.836140 0.014112 0.012754 0.006620 0.000453 0.120141 0.009780 2.282677
0.836278 0.014103 0.012705 0.006596 0.000444 0.120087 0.009787 2.284011
0.836401 0.014047 0.012710 0.006613 0.000444 0.119989 0.009796 2.285432
0.836538 0.014030 0.012718 0.006623 0.000455 0.119836 0.009801 2.286838
0.836755 0.014016 0.012695 0.006601 0.000458 0.119671 0.009804 2.288208
0.836873 0.013993 0.012754 0.006603 0.000456 0.119512 0.009810 2.289601
0.837017 0.013972 0.012782 0.006591 0.000458 0.119365 0.009815 2.290989
0.837118 0.014018 0.012748 0.006570 0.000456 0.119267 0.009823 2.292308
0.837248 0.013945 0.012773 0.006621 0.000453 0.119132 0.009830 2.293717
0.837448 0.013932 0.012721 0.006631 0.000457 0.118980 0.009832 2.295077
0.837590 0.013885 0.012737 0.006582 0.000455 0.118910 0.009842 2.296472
0.837682 0.013920 0.012721 0.006584 0.000457 0.118788 0.009848 2.297842
0.837755 0.013984 0.012657 0.006598 0.000454 0.118700 0.009853 2.299188
0.837876 0.014013 0.012631 0.006599 0.000454 0.118567 0.009859 2.300542
0.837938 0.014025 0.012653 0.006544 0.000457 0.118519 0.009865 2.301936
0.838031 0.014017 0.012607 0.006550 0.000460 0.118466 0.009870 2.303320
0.838099 0.014049 0.012618 0.006573 0.000465 0.118320 0.009876 2.304703
0.838146 0.014115 0.012619 0.006592 0.000464 0.118182 0.009883 2.306064
0.838247 0.014121 0.012607 0.006609 0.000469 0.118059 0.009888 2.307438
0.838349 0.014093 0.012662 0.006641 0.000467 0.117896 0.009894 2.308863
0.838334 0.014143 0.012636 0.006666 0.000470 0.117852 0.009899 2.310253
0.838467 0.014108 0.012656 0.006673 0.000471 0.117722 0.009903 2.311672
0.838585 0.014118 0.012621 0.006636 0.000470 0.117661 0.009909 2.313006
0.838645 0.014146 0.012633 0.006652 0.000468 0.117539 0.009917 2.314381
0.838710 0.014164 0.012599 0.006663 0.000473 0.117470 0.009921 2.315767
0.838782 0.014212 0.012590 0.006663 0.000471 0.117351 0.009930 2.317133
0.838819 0.014230 0.012613 0.006623 0.000473 0.117304 0.009937 2.318526
0.838873 0.014204 0.012665 0.006612 0.000474 0.117231 0.009942 2.319949
0.838943 0.014197 0.012693 0.006616 0.000470 0.117131 0.009950 2.321332
0.838963 0.014212 0.012735 0.006608 0.000484 0.117046 0.009953 2.322750
0.839001 0.014220 0.012731 0.006634 0.000473 0.116983 0.009959 2.324133
0.839073 0.014189 0.012747 0.006662 0.000477 0.116888 0.009965 2.325536
0.838995 0.014299 0.012704 0.006656 0.000475 0.116900 0.009971 2.326902
0.839008 0.014349 0.012739 0.006635 0.000477 0.116818 0.009975 2.328275
0.839032 0.014335 0.012719 0.006667 0.000475 0.116793 0.009980 2.329696
0.839023 0.014307 0.012768 0.006646 0.000480 0.116791 0.009985 2.331150
0.839133 0.014299 0.012735 0.006652 0.000479 0.116711 0.009991 2.332544
0.839204 0.014312 0.012707 0.006660 0.000475 0.116648 0.009996 2.333921
0.839240 0.014349 0.012702 0.006663 0.000471 0.116574 0.010001 2.335302
0.839292 0.014339 0.012697 0.006674 0.000474 0.116519 0.010005 2.336705
0.839326 0.014361 0.012724 0.006666 0.000471 0.116442 0.010010 2.338111
0.839418 0.014347 0.012720 0.006690 0.000466 0.116345 0.010014 2.339512
0.839439 0.014325 0.012721 0.006674 0.000467 0.116353 0.010020 2.340916
0.839510 0.014283 0.012735 0.006687 0.000467 0.116293 0.010025 2.342324
0.839540 0.014345 0.012739 0.006685 0.000456 0.116203 0.010033 2.343678
0.839525 0.014384 0.012761 0.006690 0.000453 0.116152 0.010035 2.345076
0.839611 0.014361 0.012788 0.006673 0.000455 0.116072 0.010041 2.346495
0.839675 0.014373 0.012815 0.006650 0.000451 0.115988 0.010048 2.347909
0.839681 0.014394 0.012888 0.006619 0.000447 0.115913 0.010057 2.349327
0.839675 0.014417 0.012885 0.006627 0.000451 0.115881 0.010064 2.350736
0.839721 0.014456 0.012824 0.006639 0.000449 0.115844 0.010068 2.352102
0.839726 0.014469 0.012840 0.006650 0.000454 0.115788 0.010073 2.353516
0.839689 0.014481 0.012891 0.006676 0.000447 0.115736 0.010081 2.354970
0.839646 0.014532 0.012906 0.006673 0.000445 0.115715 0.010083 2.356376
0.839599 0.014626 0.012880 0.006665 0.000442 0.115699 0.010089 2.357766
0.839634 0.014617 0.012915 0.006664 0.000436 0.115637 0.010096 2.359198
0.839630 0.014570 0.012935 0.006707 0.000442 0.115615 0.010102 2.360689
0.839680 0.014547 0.013001 0.006728 0.000443 0.115494 0.010107 2.362151
0.839716 0.014583 0.012964 0.006757 0.000431 0.115433 0.010118 2.363561
0.839708 0.014580 0.012970 0.006763 0.000434 0.115423 0.010123 2.364997
0.839770 0.014547 0.012975 0.006772 0.000431 0.115380 0.010126 2.366444
0.839818 0.014550 0.012976 0.006784 0.000432 0.115305 0.010133 2.367866
0.839855 0.014465 0.013015 0.006778 0.000436 0.115315 0.010136 2.369322
0.839891 0.014480 0.013046 0.006766 0.000447 0.115231 0.010139 2.370720
0.839908 0.014481 0.013024 0.006766 0.000456 0.115224 0.010143 2.372142
0.839882 0.014496 0.013029 0.006810 0.000457 0.115181 0.010146 2.373606
0.839914 0.014575 0.012973 0.006800 0.000452 0.115132 0.010154 2.374986
0.839950 0.014542 0.013012 0.006817 0.000453 0.115066 0.010162 2.376416
0.839857 0.014593 0.012986 0.006823 0.000444 0.115129 0.010169 2.377839
0.839845 0.014647 0.012984 0.006800 0.000451 0.115099 0.010174 2.379237
0.839835 0.014692 0.013006 0.006776 0.000453 0.115059 0.010181 2.380644
0.839903 0.014711 0.013027 0.006767 0.000451 0.114953 0.010188 2.382075
0.839861 0.014764 0.013052 0.006787 0.000459 0.114888 0.010191 2.383496
0.839811 0.014759 0.013090 0.006823 0.000457 0.114863 0.010197 2.384957
0.839778 0.014773 0.013163 0.006772 0.000457 0.114856 0.010201 2.386397
0.839722 0.014806 0.013166 0.006770 0.000458 0.114873 0.010205 2.387827
0.839686 0.014861 0.013180 0.006784 0.000460 0.114820 0.010209 2.389235
0.839680 0.014815 0.013215 0.006821 0.000465 0.114792 0.010213 2.390712
0.839604 0.014826 0.013258 0.006820 0.000466 0.114807 0.010219 2.392175
0.839575 0.014896 0.013233 0.006805 0.000458 0.114809 0.010223 2.393584
0.839491 0.014967 0.013209 0.006794 0.000455 0.114859 0.010227 2.394996
0.839534 0.014958 0.013211 0.006783 0.000449 0.114834 0.010232 2.396445
0.839555 0.014928 0.013200 0.006802 0.000449 0.114829 0.010237 2.397921
0.839500 0.014984 0.013163 0.006799 0.000446 0.114865 0.010243 2.399369
0.839435 0.014943 0.013270 0.006810 0.000451 0.114843 0.010248 2.400891
0.839434 0.014925 0.013260 0.006832 0.000449 0.114848 0.010252 2.402340
0.839378 0.014895 0.013324 0.006846 0.000452 0.114849 0.010256 2.403837
0.839346 0.014849 0.013354 0.006837 0.000453 0.114901 0.010261 2.405314
0.839290 0.014823 0.013376 0.006853 0.000466 0.114927 0.010265 2.406801
0.839243 0.014850 0.013344 0.006865 0.000463 0.114965 0.010271 2.408260
0.839196 0.014859 0.013372 0.006872 0.000452 0.114969 0.010280 2.409735
0.839169 0.014905 0.013346 0.006868 0.000458 0.114968 0.010286 2.411164
0.839121 0.014961 0.013283 0.006850 0.000461 0.115034 0.010290 2.412576
0.839069 0.014980 0.013302 0.006860 0.000461 0.115031 0.010297 2.414027
0.839054 0.014926 0.013322 0.006871 0.000460 0.115061 0.010306 2.415531
0.839068 0.014917 0.013322 0.006883 0.000458 0.115040 0.010312 2.416980
0.838977 0.014945 0.013331 0.006901 0.000457 0.115068 0.010320 2.418443
0.838963 0.014982 0.013326 0.006863 0.000462 0.115080 0.010325 2.419887
0.838928 0.014960 0.013361 0.006879 0.000467 0.115074 0.010331 2.421372
0.838912 0.014888 0.013409 0.006927 0.000463 0.115060 0.010341 2.422880
0.838859 0.014871 0.013450 0.006936 0.000461 0.115076 0.010348 2.424372
0.838829 0.014842 0.013406 0.006946 0.000465 0.115161 0.010352 2.425851
0.838780 0.014855 0.013409 0.006946 0.000460 0.115190 0.010360 2.427331
0.838764 0.014839 0.013421 0.006951 0.000459 0.115197 0.010369 2.428785
0.838775 0.014846 0.013439 0.006941 0.000464 0.115163 0.010374 2.430244
0.838744 0.014769 0.013467 0.006915 0.000469 0.115259 0.010378 2.431760
0.838719 0.014791 0.013493 0.006917 0.000468 0.115228 0.010383 2.433191
