0.341731 0.062825 0.056372 0.032232 0.002130 0.498683 0.006026 1.630240
0.343812 0.060911 0.056328 0.032067 0.002134 0.498696 0.006054 1.636317
0.346458 0.058654 0.056105 0.031872 0.002132 0.498697 0.006082 1.642233
0.349415 0.056183 0.055847 0.031641 0.002139 0.498665 0.006110 1.647991
0.352717 0.053761 0.055320 0.031342 0.002137 0.498588 0.006136 1.653402
0.356116 0.051611 0.054666 0.030885 0.002139 0.498425 0.006157 1.658441
0.359535 0.049383 0.054002 0.030434 0.002141 0.498321 0.006184 1.663438
0.363265 0.047088 0.053264 0.029991 0.002134 0.498050 0.006209 1.668234
0.367079 0.044878 0.052488 0.029481 0.002120 0.497717 0.006238 1.672831
0.370999 0.042901 0.051466 0.028910 0.002107 0.497348 0.006270 1.677112
0.375047 0.041081 0.050485 0.028251 0.002101 0.496738 0.006298 1.681166
0.379164 0.039156 0.049472 0.027718 0.002086 0.496073 0.006330 1.685177
0.383219 0.037468 0.048410 0.027079 0.002079 0.495386 0.006360 1.688956
0.387456 0.035840 0.047372 0.026410 0.002096 0.494443 0.006383 1.692558
0.391709 0.034336 0.046217 0.025750 0.002092 0.493490 0.006408 1.695981
0.396107 0.032860 0.045110 0.025108 0.002096 0.492290 0.006430 1.699327
0.400459 0.031453 0.043945 0.024461 0.002074 0.491148 0.006459 1.702530
0.404920 0.030114 0.042805 0.023839 0.002052 0.489784 0.006485 1.705628
0.409334 0.028981 0.041590 0.023160 0.002043 0.488379 0.006514 1.708468
0.413709 0.027839 0.040549 0.022547 0.002013 0.486803 0.006540 1.711310
0.418163 0.026795 0.039376 0.021923 0.002001 0.485175 0.006567 1.713954
0.422783 0.025731 0.038273 0.021213 0.001984 0.483425 0.006591 1.716530
0.427299 0.024753 0.037121 0.020553 0.001964 0.481694 0.006617 1.718984
0.431776 0.023829 0.036052 0.019960 0.001941 0.479806 0.006637 1.721390
0.436254 0.022938 0.034982 0.019358 0.001922 0.477882 0.006665 1.723701
0.440895 0.022076 0.033978 0.018775 0.001892 0.475688 0.006695 1.725919
0.445397 0.021305 0.033016 0.018188 0.001854 0.473519 0.006721 1.728040
0.450059 0.020588 0.032037 0.017579 0.001835 0.471152 0.006750 1.730086
0.454680 0.019912 0.031025 0.017045 0.001795 0.468765 0.006778 1.732040
0.459258 0.019279 0.030042 0.016547 0.001761 0.466307 0.006805 1.733921
0.463844 0.018595 0.029143 0.016082 0.001737 0.463771 0.006827 1.735805
0.468424 0.017960 0.028237 0.015545 0.001726 0.461265 0.006843 1.737632
0.472950 0.017379 0.027400 0.015053 0.001705 0.458655 0.006857 1.739372
0.477546 0.016837 0.026588 0.014524 0.001686 0.455940 0.006879 1.741021
0.482162 0.016300 0.025782 0.014087 0.001654 0.453118 0.006898 1.742660
0.486790 0.015824 0.024961 0.013661 0.001632 0.450215 0.006917 1.744205
0.491382 0.015410 0.024139 0.013199 0.001601 0.447334 0.006936 1.745675
0.495905 0.014996 0.023358 0.012791 0.001581 0.444416 0.006953 1.747172
0.500353 0.014608 0.022669 0.012392 0.001550 0.441457 0.006971 1.748609
0.504655 0.014239 0.022005 0.011969 0.001526 0.438613 0.006994 1.749991
0.509123 0.013848 0.021350 0.011613 0.001490 0.435556 0.007021 1.751372
0.513540 0.013470 0.020700 0.011262 0.001461 0.432522 0.007044 1.752693
0.518058 0.013118 0.020095 0.010914 0.001425 0.429325 0.007066 1.753980
0.522479 0.012783 0.019474 0.010561 0.001407 0.426214 0.007082 1.755256
0.526976 0.012467 0.018919 0.010272 0.001378 0.422891 0.007097 1.756516
0.531367 0.012145 0.018374 0.009951 0.001352 0.419694 0.007117 1.757721
0.535752 0.011824 0.017886 0.009670 0.001321 0.416409 0.007138 1.758903
0.540048 0.011525 0.017362 0.009421 0.001300 0.413192 0.007154 1.760073
0.544330 0.011293 0.016881 0.009112 0.001273 0.409942 0.007169 1.761176
0.548587 0.011051 0.016429 0.008851 0.001250 0.406645 0.007186 1.762262
0.552850 0.010787 0.016015 0.008575 0.001222 0.403347 0.007204 1.763344
0.557077 0.010521 0.015572 0.008358 0.001203 0.400050 0.007218 1.764411
0.561252 0.010319 0.015116 0.008103 0.001181 0.396795 0.007234 1.765408
0.565397 0.010084 0.014686 0.007892 0.001154 0.393542 0.007245 1.766411
0.569546 0.009834 0.014280 0.007680 0.001129 0.390271 0.007261 1.767425
0.573662 0.009632 0.013890 0.007439 0.001111 0.386992 0.007274 1.768388
0.577705 0.009460 0.013494 0.007246 0.001098 0.383712 0.007286 1.769317
0.581760 0.009323 0.013106 0.007058 0.001072 0.380384 0.007296 1.770204
0.585718 0.009132 0.012818 0.006903 0.001044 0.377077 0.007310 1.771147
0.589819 0.008937 0.012469 0.006719 0.001014 0.373717 0.007325 1.772021
0.593790 0.008732 0.012148 0.006555 0.000996 0.370442 0.007339 1.772910
0.597736 0.008574 0.011825 0.006378 0.000973 0.367165 0.007349 1.773745
0.601621 0.008430 0.011485 0.006224 0.000947 0.363930 0.007363 1.774565
0.605473 0.008320 0.011192 0.006051 0.000928 0.360663 0.007374 1.775356
0.609214 0.008251 0.010908 0.005912 0.000919 0.357413 0.007384 1.776145
0.613031 0.008099 0.010712 0.005737 0.000899 0.354128 0.007394 1.776938
0.616811 0.007925 0.010462 0.005605 0.000884 0.350907 0.007408 1.777743
0.620495 0.007811 0.010240 0.005495 0.000859 0.347680 0.007420 1.778512
0.624273 0.007643 0.010004 0.005370 0.000838 0.344444 0.007430 1.779285
0.627951 0.007533 0.009766 0.005212 0.000816 0.341280 0.007441 1.780010
0.631570 0.007455 0.009562 0.005091 0.000800 0.338070 0.007451 1.780741
0.635129 0.007369 0.009383 0.004964 0.000779 0.334913 0.007463 1.781488
0.638670 0.007264 0.009208 0.004862 0.000760 0.331762 0.007473 1.782204
0.642128 0.007163 0.009032 0.004785 0.000740 0.328668 0.007484 1.782923
0.645558 0.007080 0.008864 0.004704 0.000724 0.325574 0.007496 1.783634
0.649019 0.006995 0.008664 0.004598 0.000708 0.322508 0.007508 1.784323
0.652344 0.006962 0.008471 0.004522 0.000694 0.319489 0.007517 1.784984
0.655797 0.006865 0.008294 0.004415 0.000679 0.316421 0.007529 1.785661
0.659207 0.006763 0.008155 0.004323 0.000668 0.313351 0.007534 1.786348
0.662437 0.006751 0.008005 0.004242 0.000645 0.310376 0.007545 1.786982
0.665709 0.006691 0.007868 0.004173 0.000621 0.307385 0.007554 1.787626
0.668967 0.006598 0.007760 0.004080 0.000612 0.304422 0.007561 1.788277
0.672166 0.006498 0.007579 0.004026 0.000604 0.301556 0.007571 1.788909
0.675381 0.006416 0.007477 0.003971 0.000592 0.298586 0.007578 1.789548
0.678507 0.006343 0.007349 0.003910 0.000579 0.295727 0.007585 1.790176
0.681658 0.006287 0.007231 0.003818 0.000573 0.292840 0.007594 1.790775
0.684749 0.006213 0.007144 0.003763 0.000564 0.289967 0.007601 1.791394
0.687722 0.006159 0.007027 0.003727 0.000548 0.287208 0.007609 1.791992
0.690737 0.006097 0.006916 0.003689 0.000544 0.284403 0.007614 1.792596
0.693739 0.006015 0.006811 0.003657 0.000535 0.281624 0.007618 1.793194
0.696785 0.005929 0.006713 0.003602 0.000524 0.278819 0.007628 1.793790
0.699635 0.005883 0.006616 0.003538 0.000516 0.276176 0.007636 1.794377
0.702568 0.005860 0.006530 0.003463 0.000504 0.273433 0.007643 1.794932
0.705485 0.005803 0.006420 0.003413 0.000495 0.270734 0.007651 1.795495
0.708342 0.005774 0.006339 0.003372 0.000489 0.268025 0.007659 1.796055
0.711214 0.005749 0.006265 0.003319 0.000478 0.265312 0.007664 1.796632
0.714019 0.005719 0.006194 0.003272 0.000472 0.262656 0.007669 1.797190
0.716712 0.005672 0.006131 0.003233 0.000462 0.260113 0.007677 1.797757
0.719408 0.005658 0.006029 0.003174 0.000452 0.257598 0.007683 1.798287
0.722019 0.005625 0.005972 0.003151 0.000444 0.255102 0.007688 1.798856
0.724651 0.005595 0.005956 0.003125 0.000436 0.252542 0.007696 1.799432
0.727263 0.005595 0.005916 0.003083 0.000429 0.250012 0.007702 1.799978
0.729808 0.005625 0.005836 0.003037 0.000420 0.247569 0.007706 1.800491
0.732332 0.005622 0.005778 0.003010 0.000419 0.245131 0.007709 1.801038
0.734812 0.005614 0.005751 0.002991 0.000415 0.242705 0.007712 1.801601
0.737380 0.005583 0.005713 0.002961 0.000411 0.240238 0.007714 1.802148
0.739803 0.005536 0.005674 0.002937 0.000400 0.237929 0.007720 1.802703
0.742345 0.005505 0.005646 0.002921 0.000389 0.235467 0.007726 1.803253
0.744786 0.005551 0.005591 0.002880 0.000382 0.233078 0.007732 1.803747
0.747166 0.005509 0.005542 0.002838 0.000371 0.230837 0.007737 1.804294
0.749592 0.005507 0.005509 0.002804 0.000362 0.228484 0.007742 1.804815
0.751965 0.005462 0.005495 0.002793 0.000352 0.226185 0.007748 1.805360
0.754203 0.005442 0.005460 0.002772 0.000341 0.224030 0.007752 1.805915
0.756476 0.005413 0.005402 0.002769 0.000333 0.221852 0.007756 1.806448
0.758715 0.005393 0.005403 0.002739 0.000328 0.219661 0.007761 1.806998
0.760906 0.005369 0.005373 0.002721 0.000322 0.217544 0.007766 1.807530
0.763045 0.005370 0.005343 0.002717 0.000314 0.215441 0.007771 1.808036
0.765104 0.005392 0.005299 0.002701 0.000305 0.213423 0.007776 1.808535
0.767269 0.005384 0.005278 0.002683 0.000303 0.211305 0.007778 1.809067
0.769386 0.005327 0.005281 0.002686 0.000287 0.209249 0.007785 1.809628
0.771393 0.005352 0.005228 0.002677 0.000290 0.207273 0.007789 1.810128
0.773404 0.005315 0.005240 0.002689 0.000288 0.205271 0.007793 1.810677
0.775426 0.005377 0.005174 0.002666 0.000287 0.203273 0.007798 1.811177
0.777394 0.005404 0.005121 0.002646 0.000285 0.201350 0.007801 1.811680
0.779373 0.005400 0.005103 0.002636 0.000280 0.199403 0.007806 1.812218
0.781285 0.005380 0.005086 0.002636 0.000274 0.197534 0.007808 1.812751
0.783285 0.005339 0.005075 0.002622 0.000272 0.195596 0.007810 1.813289
0.785153 0.005358 0.005044 0.002600 0.000273 0.193759 0.007813 1.813802
0.787089 0.005362 0.004987 0.002604 0.000267 0.191877 0.007816 1.814320
0.788972 0.005341 0.004954 0.002609 0.000255 0.190048 0.007822 1.814830
0.790898 0.005318 0.004944 0.002599 0.000253 0.188163 0.007826 1.815348
0.792753 0.005337 0.004887 0.002595 0.000253 0.186347 0.007830 1.815833
0.794542 0.005373 0.004860 0.002598 0.000251 0.184543 0.007834 1.816332
0.796328 0.005353 0.004837 0.002596 0.000247 0.182804 0.007837 1.816865
0.798060 0.005349 0.004822 0.002597 0.000246 0.181085 0.007841 1.817394
0.799778 0.005359 0.004802 0.002592 0.000240 0.179384 0.007845 1.817899
0.801527 0.005344 0.004802 0.002579 0.000240 0.177661 0.007849 1.818412
0.803202 0.005337 0.004806 0.002568 0.000235 0.175999 0.007853 1.818922
0.804853 0.005329 0.004804 0.002583 0.000232 0.174343 0.007857 1.819462
0.806468 0.005340 0.004796 0.002577 0.000232 0.172728 0.007859 1.819986
0.808074 0.005328 0.004778 0.002573 0.000228 0.171158 0.007862 1.820499
0.809697 0.005329 0.004783 0.002565 0.000226 0.169534 0.007864 1.821030
0.811259 0.005350 0.004769 0.002547 0.000226 0.167982 0.007867 1.821537
0.812821 0.005364 0.004757 0.002535 0.000221 0.166431 0.007869 1.822054
0.814371 0.005330 0.004784 0.002539 0.000219 0.164884 0.007873 1.822598
0.815868 0.005327 0.004812 0.002533 0.000216 0.163369 0.007875 1.823135
0.817364 0.005345 0.004808 0.002534 0.000210 0.161858 0.007880 1.823634
0.818839 0.005393 0.004798 0.002535 0.000215 0.160338 0.007884 1.824156
0.820276 0.005416 0.004800 0.002526 0.000209 0.158887 0.007886 1.824688
0.821729 0.005446 0.004796 0.002529 0.000205 0.157408 0.007887 1.825211
0.823145 0.005463 0.004820 0.002531 0.000196 0.155954 0.007891 1.825745
0.824479 0.005488 0.004815 0.002567 0.000194 0.154562 0.007895 1.826291
0.825905 0.005483 0.004837 0.002538 0.000199 0.153140 0.007898 1.826829
0.827206 0.005505 0.004817 0.002541 0.000193 0.151839 0.007901 1.827359
0.828558 0.005513 0.004835 0.002543 0.000191 0.150456 0.007904 1.827901
0.829940 0.005554 0.004807 0.002530 0.000189 0.149073 0.007907 1.828402
0.831273 0.005574 0.004789 0.002544 0.000187 0.147724 0.007910 1.828932
0.832528 0.005546 0.004832 0.002577 0.000186 0.146421 0.007912 1.829509
0.833787 0.005575 0.004835 0.002587 0.000186 0.145116 0.007914 1.830037
0.835040 0.005567 0.004848 0.002594 0.000183 0.143851 0.007917 1.830585
0.836280 0.005580 0.004878 0.002598 0.000185 0.142558 0.007921 1.831152
0.837479 0.005603 0.004894 0.002619 0.000185 0.141297 0.007922 1.831715
0.838728 0.005600 0.004930 0.002621 0.000188 0.140010 0.007923 1.832269
0.839845 0.005592 0.004959 0.002640 0.000189 0.138849 0.007926 1.832845
0.841017 0.005643 0.004944 0.002662 0.000191 0.137616 0.007928 1.833389
0.842168 0.005653 0.004939 0.002652 0.000191 0.136466 0.007931 1.833939
0.843240 0.005692 0.004926 0.002675 0.000196 0.135339 0.007932 1.834496
0.844375 0.005717 0.004908 0.002659 0.000196 0.134212 0.007934 1.835041
0.845450 0.005728 0.004940 0.002677 0.000193 0.133074 0.007938 1.835615
0.846461 0.005764 0.004988 0.002688 0.000195 0.131965 0.007940 1.836186
0.847517 0.005792 0.005018 0.002687 0.000195 0.130850 0.007942 1.836751
0.848541 0.005814 0.005007 0.002687 0.000197 0.129807 0.007947 1.837309
0.849539 0.005859 0.005021 0.002713 0.000200 0.128721 0.007948 1.837891
0.850510 0.005904 0.005076 0.002714 0.000201 0.127644 0.007951 1.838475
0.851520 0.005948 0.005086 0.002726 0.000196 0.126568 0.007956 1.839043
0.852530 0.005990 0.005083 0.002723 0.000198 0.125520 0.007957 1.839607
0.853502 0.006028 0.005074 0.002715 0.000199 0.124521 0.007960 1.840185
0.854389 0.006090 0.005081 0.002714 0.000201 0.123563 0.007962 1.840782
0.855285 0.006109 0.005112 0.002733 0.000199 0.122597 0.007965 1.841386
0.856202 0.006137 0.005144 0.002736 0.000195 0.121616 0.007970 1.841982
0.857060 0.006192 0.005188 0.002735 0.000194 0.120659 0.007974 1.842583
0.857916 0.006235 0.005202 0.002749 0.000197 0.119726 0.007975 1.843199
0.858726 0.006279 0.005229 0.002765 0.000191 0.118831 0.007979 1.843820
0.859545 0.006311 0.005276 0.002779 0.000191 0.117918 0.007981 1.844446
0.860370 0.006342 0.005316 0.002761 0.000191 0.117037 0.007984 1.845060
0.861131 0.006381 0.005330 0.002787 0.000190 0.116195 0.007985 1.845691
0.861887 0.006413 0.005360 0.002807 0.000190 0.115355 0.007987 1.846308
0.862660 0.006483 0.005362 0.002828 0.000194 0.114483 0.007991 1.846910
0.863404 0.006509 0.005387 0.002853 0.000196 0.113657 0.007994 1.847553
0.864097 0.006546 0.005409 0.002891 0.000196 0.112865 0.007996 1.848216
0.864841 0.006590 0.005410 0.002926 0.000191 0.112042 0.008000 1.848860
0.865573 0.006604 0.005426 0.002954 0.000191 0.111248 0.008003 1.849505
0.866260 0.006609 0.005453 0.002986 0.000190 0.110497 0.008005 1.850163
0.866907 0.006683 0.005477 0.002990 0.000188 0.109749 0.008008 1.850811
0.867514 0.006751 0.005506 0.002993 0.000188 0.109038 0.008010 1.851458
0.868207 0.006780 0.005561 0.002996 0.000187 0.108256 0.008012 1.852117
0.868780 0.006856 0.005582 0.003021 0.000184 0.107562 0.008014 1.852768
0.869402 0.006916 0.005611 0.003009 0.000188 0.106858 0.008015 1.853406
0.870033 0.006906 0.005655 0.003040 0.000186 0.106162 0.008018 1.854083
0.870674 0.006925 0.005715 0.003072 0.000184 0.105408 0.008022 1.854781
0.871317 0.006936 0.005741 0.003106 0.000183 0.104694 0.008024 1.855461
0.871936 0.006940 0.005770 0.003104 0.000183 0.104040 0.008027 1.856143
0.872498 0.006957 0.005823 0.003126 0.000186 0.103382 0.008029 1.856847
0.873041 0.006986 0.005869 0.003121 0.000190 0.102762 0.008032 1.857531
0.873632 0.007032 0.005885 0.003135 0.000190 0.102092 0.008034 1.858223
0.874173 0.007079 0.005896 0.003129 0.000192 0.101493 0.008037 1.858900
0.874707 0.007138 0.005903 0.003128 0.000189 0.100896 0.008040 1.859573
0.875217 0.007157 0.005973 0.003125 0.000188 0.100298 0.008042 1.860306
0.875686 0.007238 0.005939 0.003137 0.000188 0.099767 0.008046 1.860972
0.876171 0.007271 0.005993 0.003198 0.000190 0.099131 0.008046 1.861699
0.876717 0.007243 0.006036 0.003216 0.000191 0.098548 0.008049 1.862439
0.877213 0.007298 0.006077 0.003236 0.000194 0.097932 0.008051 1.863131
0.877648 0.007356 0.006123 0.003263 0.000199 0.097358 0.008054 1.863851
0.878075 0.007404 0.006135 0.003280 0.000200 0.096852 0.008056 1.864559
0.878443 0.007507 0.006157 0.003306 0.000200 0.096332 0.008057 1.865291
0.878881 0.007555 0.006201 0.003338 0.000201 0.095765 0.008061 1.866039
0.879288 0.007620 0.006230 0.003386 0.000198 0.095213 0.008066 1.866790
0.879691 0.007649 0.006254 0.003391 0.000197 0.094752 0.008068 1.867532
0.880097 0.007673 0.006263 0.003414 0.000198 0.094286 0.008070 1.868291
0.880466 0.007726 0.006275 0.003435 0.000197 0.093831 0.008073 1.869043
0.880842 0.007788 0.006284 0.003480 0.000198 0.093335 0.008074 1.869802
0.881166 0.007856 0.006351 0.003484 0.000197 0.092867 0.008078 1.870549
0.881466 0.007911 0.006403 0.003492 0.000198 0.092449 0.008082 1.871305
0.881759 0.007999 0.006432 0.003513 0.000200 0.092011 0.008086 1.872065
0.882040 0.008048 0.006474 0.003525 0.000201 0.091624 0.008089 1.872860
0.882308 0.008073 0.006516 0.003557 0.000202 0.091254 0.008090 1.873653
0.882551 0.008172 0.006549 0.003589 0.000207 0.090840 0.008093 1.874442
0.882885 0.008209 0.006588 0.003586 0.000210 0.090426 0.008097 1.875228
0.883177 0.008237 0.006661 0.003618 0.000215 0.089994 0.008098 1.876054
0.883418 0.008281 0.006710 0.003640 0.000218 0.089634 0.008099 1.876872
0.883750 0.008340 0.006763 0.003652 0.000221 0.089176 0.008101 1.877671
0.884023 0.008348 0.006816 0.003691 0.000221 0.088799 0.008104 1.878496
0.884240 0.008398 0.006857 0.003717 0.000217 0.088463 0.008108 1.879321
0.884485 0.008429 0.006882 0.003742 0.000221 0.088129 0.008112 1.880154
0.884744 0.008471 0.006957 0.003727 0.000223 0.087765 0.008114 1.880987
0.884924 0.008577 0.006984 0.003748 0.000230 0.087422 0.008116 1.881804
0.885123 0.008688 0.006988 0.003754 0.000228 0.087099 0.008121 1.882611
0.885262 0.008777 0.007073 0.003787 0.000227 0.086750 0.008124 1.883473
0.885335 0.008886 0.007152 0.003813 0.000234 0.086453 0.008126 1.884341
0.885469 0.008944 0.007172 0.003870 0.000233 0.086180 0.008131 1.885209
0.885625 0.009010 0.007211 0.003906 0.000237 0.085878 0.008133 1.886081
0.885808 0.009012 0.007302 0.003940 0.000240 0.085563 0.008136 1.887001
0.885935 0.009089 0.007328 0.003967 0.000239 0.085303 0.008139 1.887862
0.886023 0.009147 0.007410 0.004002 0.000238 0.085038 0.008142 1.888763
0.886128 0.009194 0.007480 0.004028 0.000233 0.084794 0.008143 1.889671
0.886212 0.009279 0.007485 0.004080 0.000236 0.084563 0.008147 1.890551
0.886211 0.009389 0.007549 0.004086 0.000236 0.084378 0.008151 1.891444
0.886262 0.009466 0.007595 0.004149 0.000236 0.084137 0.008156 1.892391
0.886311 0.009532 0.007663 0.004156 0.000240 0.083942 0.008158 1.893306
0.886297 0.009585 0.007733 0.004220 0.000245 0.083760 0.008161 1.894267
0.886349 0.009612 0.007827 0.004234 0.000254 0.083561 0.008163 1.895253
0.886329 0.009708 0.007878 0.004256 0.000262 0.083403 0.008164 1.896189
0.886342 0.009806 0.007927 0.004307 0.000260 0.083193 0.008166 1.897142
0.886292 0.009885 0.007999 0.004350 0.000265 0.083040 0.008170 1.898130
0.886294 0.009958 0.008084 0.004371 0.000267 0.082853 0.008173 1.899113
0.886294 0.010042 0.008183 0.004361 0.000263 0.082679 0.008178 1.900069
0.886275 0.010131 0.008226 0.004402 0.000264 0.082523 0.008180 1.901039
0.886211 0.010231 0.008309 0.004437 0.000260 0.082366 0.008185 1.902040
0.886136 0.010320 0.008371 0.004458 0.000263 0.082262 0.008191 1.903046
0.886073 0.010391 0.008425 0.004474 0.000267 0.082177 0.008194 1.904053
0.886080 0.010425 0.008455 0.004505 0.000264 0.082075 0.008196 1.905047
0.886010 0.010457 0.008513 0.004574 0.000268 0.081979 0.008200 1.906112
0.885954 0.010525 0.008549 0.004593 0.000270 0.081906 0.008202 1.907127
0.885908 0.010588 0.008610 0.004617 0.000266 0.081805 0.008206 1.908156
0.885779 0.010641 0.008705 0.004661 0.000270 0.081733 0.008211 1.909243
0.885694 0.010755 0.008735 0.004668 0.000266 0.081666 0.008217 1.910249
0.885559 0.010841 0.008790 0.004708 0.000267 0.081617 0.008219 1.911315
0.885441 0.010892 0.008858 0.004752 0.000269 0.081564 0.008224 1.912377
0.885337 0.010997 0.008902 0.004779 0.000272 0.081489 0.008225 1.913409
0.885186 0.011079 0.008977 0.004807 0.000267 0.081453 0.008230 1.914477
0.885071 0.011158 0.009016 0.004849 0.000270 0.081403 0.008233 1.915552
0.884898 0.011263 0.009038 0.004889 0.000271 0.081407 0.008235 1.916622
0.884748 0.011255 0.009148 0.004921 0.000277 0.081414 0.008238 1.917737
0.884620 0.011354 0.009246 0.004914 0.000275 0.081351 0.008241 1.918815
0.884420 0.011449 0.009305 0.004946 0.000283 0.081353 0.008244 1.919922
0.884224 0.011548 0.009362 0.004969 0.000280 0.081373 0.008245 1.921009
0.884052 0.011554 0.009437 0.004985 0.000286 0.081440 0.008247 1.922168
0.883870 0.011653 0.009459 0.005017 0.000287 0.081463 0.008251 1.923264
0.883737 0.011640 0.009554 0.005058 0.000285 0.081472 0.008255 1.924430
0.883565 0.011728 0.009580 0.005123 0.000292 0.081457 0.008256 1.925540
0.883390 0.011767 0.009635 0.005179 0.000293 0.081478 0.008260 1.926680
0.883221 0.011814 0.009704 0.005237 0.000296 0.081466 0.008262 1.927828
0.882989 0.011852 0.009776 0.005280 0.000298 0.081539 0.008265 1.929025
0.882833 0.011925 0.009815 0.005278 0.000299 0.081581 0.008270 1.930151
0.882612 0.012042 0.009794 0.005330 0.000303 0.081643 0.008276 1.931272
0.882364 0.012128 0.009867 0.005357 0.000302 0.081697 0.008285 1.932463
0.882165 0.012161 0.009930 0.005399 0.000305 0.081750 0.008290 1.933656
0.881893 0.012225 0.010000 0.005435 0.000307 0.081847 0.008293 1.934864
0.881679 0.012287 0.010085 0.005464 0.000310 0.081880 0.008296 1.936044
0.881470 0.012271 0.010176 0.005498 0.000316 0.081970 0.008299 1.937288
0.881225 0.012310 0.010263 0.005556 0.000314 0.082029 0.008304 1.938527
0.880939 0.012372 0.010300 0.005576 0.000312 0.082191 0.008309 1.939732
0.880732 0.012479 0.010357 0.005588 0.000315 0.082217 0.008312 1.940904
0.880473 0.012548 0.010365 0.005616 0.000313 0.082369 0.008316 1.942112
0.880166 0.012610 0.010455 0.005650 0.000324 0.082476 0.008320 1.943340
0.879881 0.012670 0.010560 0.005658 0.000324 0.082585 0.008323 1.944591
0.879649 0.012650 0.010664 0.005680 0.000328 0.082703 0.008327 1.945878
0.879350 0.012700 0.010714 0.005714 0.000327 0.082863 0.008333 1.947136
0.879077 0.012829 0.010729 0.005700 0.000324 0.083003 0.008338 1.948320
0.878839 0.012865 0.010781 0.005710 0.000321 0.083139 0.008345 1.949545
0.878504 0.012943 0.010807 0.005737 0.000321 0.083339 0.008349 1.950813
0.878213 0.012986 0.010869 0.005748 0.000326 0.083506 0.008352 1.952094
0.877908 0.013057 0.010911 0.005754 0.000332 0.083684 0.008354 1.953371
0.877623 0.013097 0.010942 0.005823 0.000337 0.083821 0.008357 1.954653
0.877325 0.013162 0.010990 0.005857 0.000337 0.083968 0.008360 1.955944
0.877062 0.013242 0.011019 0.005885 0.000338 0.084090 0.008364 1.957188
0.876753 0.013276 0.011078 0.005937 0.000346 0.084243 0.008367 1.958514
0.876475 0.013318 0.011143 0.005962 0.000347 0.084384 0.008372 1.959819
0.876149 0.013435 0.011171 0.005990 0.000345 0.084533 0.008377 1.961095
0.875863 0.013490 0.011228 0.005996 0.000336 0.084702 0.008384 1.962394
0.875499 0.013571 0.011233 0.006045 0.000337 0.084925 0.008390 1.963695
0.875196 0.013633 0.011298 0.006065 0.000339 0.085073 0.008396 1.964997
0.874838 0.013725 0.011384 0.006129 0.000335 0.085187 0.008402 1.966327
0.874490 0.013804 0.011425 0.006172 0.000338 0.085366 0.008405 1.967663
0.874167 0.013867 0.011470 0.006198 0.000342 0.085550 0.008407 1.969008
0.873820 0.013897 0.011544 0.006247 0.000340 0.085742 0.008411 1.970395
0.873483 0.013940 0.011608 0.006289 0.000346 0.085918 0.008417 1.971758
0.873080 0.014015 0.011677 0.006283 0.000360 0.086165 0.008420 1.973135
0.872724 0.014060 0.011719 0.006311 0.000368 0.086396 0.008423 1.974522
0.872336 0.014210 0.011756 0.006287 0.000373 0.086616 0.008424 1.975832
0.871987 0.014241 0.011776 0.006360 0.000371 0.086839 0.008428 1.977231
0.871596 0.014313 0.011846 0.006378 0.000379 0.087056 0.008431 1.978643
0.871279 0.014290 0.011938 0.006449 0.000377 0.087231 0.008437 1.980088
0.870932 0.014321 0.012045 0.006471 0.000382 0.087409 0.008442 1.981512
0.870591 0.014334 0.012129 0.006507 0.000387 0.087608 0.008443 1.982913
0.870185 0.014410 0.012183 0.006507 0.000391 0.087877 0.008447 1.984299
0.869808 0.014455 0.012223 0.006536 0.000397 0.088130 0.008451 1.985707
0.869455 0.014445 0.012285 0.006584 0.000394 0.088382 0.008456 1.987167
0.869109 0.014429 0.012361 0.006613 0.000398 0.088629 0.008460 1.988638
0.868807 0.014438 0.012334 0.006637 0.000401 0.088920 0.008464 1.990044
0.868456 0.014489 0.012372 0.006663 0.000406 0.089147 0.008468 1.991464
0.868116 0.014535 0.012386 0.006689 0.000405 0.089393 0.008476 1.992865
0.867828 0.014533 0.012456 0.006732 0.000410 0.089560 0.008481 1.994322
0.867486 0.014542 0.012538 0.006755 0.000409 0.089783 0.008486 1.995748
0.867116 0.014585 0.012558 0.006781 0.000417 0.090054 0.008490 1.997169
0.866675 0.014702 0.012586 0.006775 0.000420 0.090348 0.008494 1.998573
0.866275 0.014728 0.012664 0.006768 0.000422 0.090645 0.008498 2.000047
0.865878 0.014818 0.012700 0.006778 0.000425 0.090899 0.008502 2.001459
0.865485 0.014840 0.012770 0.006819 0.000429 0.091151 0.008506 2.002939
0.865122 0.014855 0.012809 0.006869 0.000427 0.091404 0.008512 2.004417
0.864779 0.014903 0.012820 0.006872 0.000433 0.091677 0.008517 2.005841
0.864409 0.014909 0.012858 0.006893 0.000433 0.091974 0.008524 2.007314
0.864096 0.014976 0.012867 0.006903 0.000431 0.092196 0.008532 2.008743
0.863788 0.014944 0.012901 0.006909 0.000429 0.092490 0.008538 2.010210
0.863420 0.015018 0.012965 0.006900 0.000436 0.092722 0.008540 2.011660
0.863044 0.014988 0.013017 0.006951 0.000437 0.093015 0.008547 2.013196
0.862751 0.014994 0.013053 0.006950 0.000438 0.093260 0.008553 2.014674
0.862410 0.015058 0.013070 0.006984 0.000442 0.093477 0.008558 2.016113
0.862106 0.015072 0.013053 0.007014 0.000434 0.093756 0.008566 2.017584
0.861775 0.015129 0.013041 0.007011 0.000441 0.094034 0.008568 2.019033
0.861406 0.015138 0.013071 0.007042 0.000441 0.094331 0.008571 2.020523
0.861119 0.015156 0.013086 0.007068 0.000444 0.094551 0.008578 2.022018
0.860814 0.015147 0.013144 0.007090 0.000448 0.094774 0.008583 2.023530
0.860524 0.015136 0.013194 0.007088 0.000451 0.095021 0.008588 2.025003
0.860189 0.015141 0.013243 0.007125 0.000452 0.095258 0.008593 2.026504
0.859862 0.015117 0.013308 0.007136 0.000454 0.095528 0.008596 2.028027
0.859586 0.015093 0.013333 0.007136 0.000453 0.095797 0.008604 2.029523
0.859309 0.015066 0.013379 0.007118 0.000448 0.096070 0.008609 2.031031
0.858907 0.015135 0.013443 0.007112 0.000448 0.096340 0.008614 2.032528
0.858575 0.015162 0.013469 0.007119 0.000449 0.096604 0.008622 2.034023
0.858270 0.015206 0.013496 0.007094 0.000447 0.096862 0.008625 2.035492
0.857961 0.015206 0.013526 0.007145 0.000445 0.097087 0.008629 2.037003
0.857682 0.015235 0.013530 0.007148 0.000440 0.097330 0.008635 2.038485
0.857436 0.015247 0.013533 0.007168 0.000438 0.097534 0.008644 2.039969
0.857119 0.015342 0.013527 0.007125 0.000446 0.097795 0.008646 2.041425
0.856795 0.015388 0.013551 0.007135 0.000443 0.098036 0.008652 2.042935
0.856473 0.015383 0.013573 0.007166 0.000450 0.098298 0.008658 2.044475
0.856163 0.015420 0.013624 0.007171 0.000449 0.098513 0.008661 2.045982
0.855790 0.015484 0.013644 0.007188 0.000450 0.098777 0.008668 2.047474
0.855504 0.015535 0.013630 0.007189 0.000444 0.099025 0.008673 2.048952
0.855241 0.015512 0.013651 0.007187 0.000446 0.099286 0.008677 2.050449
0.854932 0.015446 0.013706 0.007235 0.000443 0.099557 0.008681 2.052007
0.854619 0.015461 0.013724 0.007225 0.000445 0.099842 0.008685 2.053527
0.854365 0.015491 0.013775 0.007227 0.000442 0.100009 0.008691 2.055035
0.854073 0.015476 0.013786 0.007227 0.000442 0.100299 0.008697 2.056563
0.853789 0.015460 0.013799 0.007201 0.000455 0.100593 0.008704 2.058102
0.853548 0.015499 0.013783 0.007228 0.000458 0.100776 0.008708 2.059579
0.853260 0.015527 0.013788 0.007237 0.000462 0.101016 0.008712 2.061114
0.852903 0.015555 0.013825 0.007280 0.000465 0.101256 0.008715 2.062649
0.852619 0.015593 0.013830 0.007243 0.000472 0.101525 0.008720 2.064136
0.852472 0.015524 0.013796 0.007218 0.000474 0.101791 0.008726 2.065646
0.852243 0.015556 0.013782 0.007199 0.000477 0.102011 0.008732 2.067121
0.851948 0.015578 0.013778 0.007195 0.000481 0.102283 0.008737 2.068666
0.851679 0.015607 0.013727 0.007248 0.000483 0.102512 0.008744 2.070187
0.851458 0.015569 0.013751 0.007277 0.000477 0.102715 0.008753 2.071719
0.851269 0.015514 0.013738 0.007275 0.000472 0.102972 0.008759 2.073244
0.851079 0.015478 0.013769 0.007255 0.000465 0.103185 0.008769 2.074775
0.850864 0.015484 0.013754 0.007275 0.000461 0.103386 0.008778 2.076289
0.850627 0.015468 0.013828 0.007262 0.000456 0.103572 0.008786 2.077830
0.850408 0.015446 0.013862 0.007286 0.000448 0.103758 0.008792 2.079369
0.850179 0.015452 0.013873 0.007271 0.000450 0.103977 0.008798 2.080867
0.850005 0.015395 0.013894 0.007280 0.000449 0.104173 0.008803 2.082395
0.849735 0.015418 0.013893 0.007260 0.000454 0.104431 0.008809 2.083908
0.849529 0.015431 0.013881 0.007296 0.000453 0.104595 0.008817 2.085383
0.849364 0.015451 0.013842 0.007279 0.000453 0.104790 0.008823 2.086838
0.849117 0.015394 0.013897 0.007294 0.000455 0.105014 0.008830 2.088426
0.848919 0.015365 0.013913 0.007273 0.000447 0.105246 0.008837 2.089961
0.848746 0.015343 0.013920 0.007256 0.000448 0.105446 0.008840 2.091476
0.848555 0.015352 0.013949 0.007264 0.000450 0.105583 0.008847 2.092996
0.848413 0.015334 0.013966 0.007269 0.000451 0.105715 0.008852 2.094516
0.848264 0.015312 0.014001 0.007231 0.000450 0.105886 0.008855 2.096021
0.848082 0.015329 0.014006 0.007218 0.000447 0.106057 0.008861 2.097549
0.847907 0.015326 0.013974 0.007241 0.000445 0.106239 0.008868 2.099079
0.847780 0.015320 0.013927 0.007237 0.000449 0.106413 0.008874 2.100575
0.847574 0.015296 0.013906 0.007247 0.000455 0.106644 0.008880 2.102069
0.847377 0.015288 0.013916 0.007266 0.000457 0.106814 0.008883 2.103588
0.847252 0.015243 0.013919 0.007284 0.000459 0.106956 0.008888 2.105100
0.847062 0.015227 0.013861 0.007331 0.000461 0.107164 0.008894 2.106608
0.846911 0.015217 0.013873 0.007306 0.000468 0.107322 0.008902 2.108115
0.846780 0.015237 0.013833 0.007262 0.000471 0.107509 0.008909 2.109599
0.846639 0.015171 0.013836 0.007239 0.000473 0.107726 0.008914 2.111088
0.846467 0.015187 0.013816 0.007240 0.000472 0.107900 0.008920 2.112569
0.846393 0.015091 0.013871 0.007241 0.000460 0.108015 0.008929 2.114087
0.846249 0.015078 0.013831 0.007239 0.000460 0.108208 0.008935 2.115574
0.846073 0.015101 0.013815 0.007254 0.000456 0.108357 0.008943 2.117046
0.845928 0.015095 0.013816 0.007245 0.000459 0.108510 0.008948 2.118549
0.845811 0.015088 0.013792 0.007250 0.000460 0.108644 0.008953 2.120035
0.845671 0.015121 0.013779 0.007257 0.000465 0.108747 0.008959 2.121506
0.845551 0.015090 0.013821 0.007242 0.000461 0.108869 0.008965 2.123006
0.845420 0.015064 0.013831 0.007204 0.000464 0.109043 0.008974 2.124491
0.845370 0.014998 0.013814 0.007207 0.000467 0.109164 0.008980 2.125963
0.845302 0.014963 0.013763 0.007186 0.000463 0.109335 0.008987 2.127415
0.845234 0.014954 0.013716 0.007181 0.000460 0.109460 0.008995 2.128853
0.845164 0.014956 0.013697 0.007169 0.000465 0.109546 0.009002 2.130311
0.845077 0.014932 0.013677 0.007201 0.000473 0.109632 0.009009 2.131800
0.845070 0.014892 0.013632 0.007184 0.000479 0.109730 0.009014 2.133263
0.845019 0.014883 0.013633 0.007180 0.000475 0.109790 0.009019 2.134717
0.844945 0.014916 0.013553 0.007171 0.000474 0.109918 0.009024 2.136147
0.844885 0.014921 0.013603 0.007152 0.000472 0.109936 0.009031 2.137604
0.844738 0.014936 0.013549 0.007150 0.000464 0.110126 0.009036 2.139042
0.844704 0.014910 0.013482 0.007125 0.000470 0.110271 0.009039 2.140488
0.844662 0.014877 0.013492 0.007120 0.000467 0.110335 0.009048 2.141946
0.844557 0.014874 0.013504 0.007136 0.000466 0.110409 0.009054 2.143402
0.844472 0.014874 0.013451 0.007145 0.000461 0.110538 0.009059 2.144844
0.844477 0.014836 0.013419 0.007101 0.000460 0.110641 0.009066 2.146288
0.844471 0.014807 0.013407 0.007112 0.000463 0.110668 0.009072 2.147722
0.844444 0.014757 0.013408 0.007123 0.000465 0.110726 0.009078 2.149169
0.844409 0.014740 0.013414 0.007134 0.000458 0.110757 0.009088 2.150613
0.844357 0.014738 0.013388 0.007098 0.000464 0.110864 0.009092 2.152019
0.844284 0.014683 0.013398 0.007121 0.000460 0.110957 0.009098 2.153480
0.844254 0.014661 0.013361 0.007113 0.000460 0.111046 0.009106 2.154907
0.844155 0.014718 0.013343 0.007100 0.000468 0.111111 0.009108 2.156341
0.844199 0.014686 0.013323 0.007075 0.000470 0.111137 0.009111 2.157754
0.844234 0.014635 0.013329 0.007049 0.000473 0.111164 0.009118 2.159202
0.844178 0.014623 0.013328 0.007048 0.000476 0.111223 0.009124 2.160674
0.844175 0.014599 0.013290 0.007054 0.000480 0.111272 0.009131 2.162092
0.844081 0.014617 0.013309 0.007012 0.000480 0.111367 0.009134 2.163543
0.844069 0.014618 0.013322 0.007003 0.000481 0.111368 0.009140 2.164960
0.844022 0.014629 0.013237 0.006946 0.000479 0.111538 0.009150 2.166349
0.844032 0.014567 0.013248 0.006946 0.000474 0.111572 0.009160 2.167757
0.844077 0.014561 0.013216 0.006938 0.000473 0.111572 0.009164 2.169161
0.844090 0.014537 0.013200 0.006947 0.000474 0.111586 0.009167 2.170610
0.844085 0.014483 0.013222 0.006930 0.000473 0.111635 0.009172 2.172055
0.844087 0.014434 0.013223 0.006924 0.000476 0.111681 0.009176 2.173501
0.844069 0.014455 0.013177 0.006883 0.000475 0.111760 0.009181 2.174871
0.844083 0.014425 0.013190 0.006875 0.000478 0.111767 0.009183 2.176309
0.844180 0.014442 0.013142 0.006873 0.000472 0.111702 0.009189 2.177660
0.844180 0.014395 0.013119 0.006876 0.000468 0.111767 0.009195 2.179086
0.844129 0.014377 0.013131 0.006873 0.000468 0.111821 0.009203 2.180504
0.844146 0.014379 0.013124 0.006865 0.000470 0.111809 0.009207 2.181899
0.844169 0.014372 0.013062 0.006863 0.000468 0.111854 0.009212 2.183296
0.844190 0.014349 0.013024 0.006895 0.000461 0.111866 0.009216 2.184702
0.844157 0.014355 0.013005 0.006866 0.000464 0.111931 0.009223 2.186077
0.844183 0.014283 0.013017 0.006863 0.000462 0.111966 0.009228 2.187534
0.844220 0.014212 0.013059 0.006862 0.000461 0.111951 0.009235 2.188971
0.844292 0.014130 0.013101 0.006847 0.000462 0.111931 0.009238 2.190383
0.844292 0.014115 0.013054 0.006836 0.000466 0.111994 0.009243 2.191763
0.844382 0.014129 0.013036 0.006809 0.000468 0.111927 0.009248 2.193084
0.844459 0.014105 0.013031 0.006771 0.000468 0.111911 0.009256 2.194453
0.844478 0.014066 0.013013 0.006806 0.000464 0.111910 0.009263 2.195849
0.844535 0.014097 0.012974 0.006798 0.000463 0.111867 0.009268 2.197207
0.844583 0.014077 0.012980 0.006780 0.000464 0.111843 0.009273 2.198584
0.844594 0.014077 0.012990 0.006781 0.000468 0.111812 0.009279 2.199958
0.844619 0.014039 0.012923 0.006818 0.000472 0.111846 0.009284 2.201370
0.844640 0.014017 0.012895 0.006812 0.000476 0.111871 0.009288 2.202750
0.844659 0.014065 0.012837 0.006792 0.000469 0.111879 0.009298 2.204078
0.844727 0.014026 0.012806 0.006801 0.000471 0.111867 0.009302 2.205464
0.844782 0.014032 0.012772 0.006802 0.000481 0.111825 0.009306 2.206810
0.844845 0.014012 0.012743 0.006734 0.000482 0.111874 0.009311 2.208163
0.844849 0.013968 0.012772 0.006742 0.000482 0.111870 0.009317 2.209551
0.844988 0.013895 0.012753 0.006750 0.000489 0.111807 0.009319 2.210944
0.845021 0.013909 0.012717 0.006759 0.000488 0.111782 0.009325 2.212283
0.845100 0.013901 0.012703 0.006734 0.000488 0.111742 0.009331 2.213632
0.845179 0.013858 0.012628 0.006732 0.000490 0.111774 0.009337 2.214962
0.845236 0.013826 0.012624 0.006736 0.000494 0.111742 0.009343 2.216342
0.845361 0.013796 0.012595 0.006739 0.000489 0.111671 0.009349 2.217679
0.845455 0.013783 0.012565 0.006727 0.000488 0.111627 0.009355 2.218985
0.845439 0.013719 0.012601 0.006717 0.000490 0.111676 0.009359 2.220396
0.845560 0.013708 0.012571 0.006725 0.000487 0.111583 0.009367 2.221728
0.845671 0.013680 0.012535 0.006733 0.000490 0.111519 0.009373 2.223050
0.845704 0.013689 0.012505 0.006712 0.000490 0.111522 0.009379 2.224385
0.845769 0.013653 0.012501 0.006718 0.000492 0.111484 0.009383 2.225723
0.845862 0.013591 0.012452 0.006749 0.000494 0.111463 0.009389 2.227049
0.845926 0.013612 0.012405 0.006740 0.000493 0.111429 0.009396 2.228380
0.846039 0.013580 0.012373 0.006741 0.000484 0.111384 0.009400 2.229679
0.846155 0.013564 0.012344 0.006741 0.000486 0.111303 0.009406 2.231001
0.846205 0.013587 0.012312 0.006697 0.000484 0.111301 0.009415 2.232279
0.846319 0.013559 0.012287 0.006655 0.000482 0.111273 0.009424 2.233605
0.846353 0.013540 0.012288 0.006649 0.000476 0.111264 0.009431 2.234956
0.846451 0.013441 0.012287 0.006654 0.000473 0.111261 0.009434 2.236322
0.846554 0.013448 0.012278 0.006643 0.000470 0.111166 0.009441 2.237622
0.846610 0.013449 0.012256 0.006627 0.000475 0.111137 0.009446 2.238929
0.846786 0.013391 0.012241 0.006621 0.000476 0.111030 0.009454 2.240250
0.846870 0.013352 0.012216 0.006550 0.000472 0.111076 0.009464 2.241553
0.846994 0.013351 0.012169 0.006532 0.000475 0.111009 0.009469 2.242842
0.847103 0.013302 0.012176 0.006531 0.000474 0.110941 0.009473 2.244158
0.847214 0.013245 0.012207 0.006525 0.000474 0.110858 0.009478 2.245477
0.847329 0.013208 0.012164 0.006468 0.000479 0.110867 0.009484 2.246802
0.847478 0.013181 0.012157 0.006510 0.000474 0.110711 0.009490 2.248093
0.847575 0.013172 0.012156 0.006510 0.000480 0.110612 0.009494 2.249373
0.847646 0.013117 0.012161 0.006482 0.000479 0.110617 0.009499 2.250689
0.847772 0.013092 0.012099 0.006461 0.000478 0.110594 0.009503 2.251945
0.847887 0.013040 0.012143 0.006442 0.000477 0.110502 0.009508 2.253263
0.847963 0.013002 0.012117 0.006428 0.000474 0.110504 0.009513 2.254561
0.848048 0.013003 0.012063 0.006398 0.000472 0.110498 0.009518 2.255833
0.848097 0.013076 0.012023 0.006397 0.000462 0.110418 0.009528 2.257094
0.848143 0.013092 0.012035 0.006365 0.000462 0.110372 0.009532 2.258388
0.848245 0.013064 0.012000 0.006367 0.000459 0.110327 0.009539 2.259683
0.848272 0.013072 0.011976 0.006357 0.000458 0.110323 0.009543 2.260976
0.848398 0.013039 0.012001 0.006385 0.000456 0.110173 0.009548 2.262281
0.848489 0.013025 0.012009 0.006363 0.000458 0.110103 0.009552 2.263563
0.848571 0.013030 0.011942 0.006313 0.000463 0.110123 0.009558 2.264804
0.848724 0.013080 0.011900 0.006268 0.000467 0.109996 0.009565 2.266023
0.848766 0.013107 0.011900 0.006229 0.000470 0.109960 0.009567 2.267262
0.848803 0.013117 0.011890 0.006236 0.000473 0.109909 0.009572 2.268549
0.848925 0.013051 0.011901 0.006220 0.000479 0.109848 0.009577 2.269870
0.848969 0.013072 0.011904 0.006226 0.000468 0.109776 0.009586 2.271158
0.849090 0.013026 0.011899 0.006235 0.000469 0.109693 0.009589 2.272457
0.849230 0.012988 0.011915 0.006247 0.000471 0.109552 0.009597 2.273734
0.849347 0.012986 0.011878 0.006244 0.000468 0.109471 0.009606 2.275003
0.849462 0.012978 0.011860 0.006254 0.000459 0.109374 0.009612 2.276284
0.849564 0.012922 0.011837 0.006249 0.000467 0.109346 0.009616 2.277605
0.849713 0.012858 0.011871 0.006247 0.000469 0.109222 0.009621 2.278909
0.849859 0.012870 0.011814 0.006231 0.000469 0.109132 0.009625 2.280146
0.849923 0.012913 0.011803 0.006194 0.000467 0.109071 0.009630 2.281392
0.850114 0.012895 0.011819 0.006181 0.000469 0.108886 0.009636 2.282646
0.850203 0.012897 0.011819 0.006188 0.000462 0.108786 0.009645 2.283921
0.850394 0.012823 0.011812 0.006168 0.000466 0.108688 0.009650 2.285186
0.850464 0.012823 0.011814 0.006165 0.000463 0.108614 0.009657 2.286451
0.850527 0.012838 0.011786 0.006136 0.000456 0.108595 0.009662 2.287702
0.850609 0.012869 0.011816 0.006123 0.000461 0.108454 0.009667 2.288950
0.850671 0.012879 0.011835 0.006133 0.000455 0.108353 0.009675 2.290224
0.850795 0.012830 0.011801 0.006159 0.000457 0.108277 0.009681 2.291526
0.850886 0.012790 0.011756 0.006195 0.000451 0.108237 0.009686 2.292801
0.851012 0.012767 0.011729 0.006176 0.000451 0.108174 0.009691 2.294064
0.851163 0.012714 0.011717 0.006146 0.000454 0.108113 0.009693 2.295318
0.851248 0.012736 0.011671 0.006130 0.000453 0.108066 0.009698 2.296562
0.851299 0.012827 0.011592 0.006094 0.000455 0.108028 0.009704 2.297782
0.851348 0.012855 0.011552 0.006073 0.000452 0.108008 0.009712 2.299033
0.851454 0.012872 0.011512 0.006089 0.000450 0.107907 0.009717 2.300268
0.851531 0.012826 0.011517 0.006093 0.000449 0.107861 0.009723 2.301567
0.851620 0.012813 0.011544 0.006094 0.000442 0.107757 0.009730 2.302811
0.851701 0.012794 0.011567 0.006110 0.000434 0.107660 0.009735 2.304074
0.851805 0.012812 0.011555 0.006116 0.000434 0.107538 0.009740 2.305309
0.851803 0.012861 0.011575 0.006088 0.000435 0.107494 0.009744 2.306554
