0.999814 0.000145 0.000027 0.000014 0.000000 0.000000 0.000000
0.999728 0.000201 0.000025 0.000008 0.000000 0.000038 0.000000
0.999395 0.000514 0.000050 0.000017 0.000000 0.000023 0.000000
0.998859 0.000963 0.000093 0.000054 0.000000 0.000030 0.000000
0.998168 0.001532 0.000146 0.000101 0.000000 0.000054 0.000000
0.997182 0.002318 0.000257 0.000168 0.000000 0.000075 0.000000
0.995190 0.003867 0.000539 0.000296 0.000000 0.000108 0.000000
0.992783 0.005856 0.000792 0.000396 0.000000 0.000174 0.000000
0.988832 0.008884 0.001269 0.000674 0.000000 0.000342 0.000000
0.984367 0.012431 0.001815 0.000890 0.000000 0.000498 0.000000
0.978423 0.017093 0.002562 0.001226 0.000001 0.000694 0.000000
0.969463 0.024112 0.003658 0.001752 0.000002 0.001014 0.000000
0.958274 0.032848 0.004906 0.002483 0.000002 0.001488 0.000000
0.945215 0.042805 0.006535 0.003362 0.000002 0.002080 0.000000
0.931668 0.052806 0.008446 0.004426 0.000002 0.002653 0.000000
0.915838 0.064172 0.010946 0.005632 0.000010 0.003402 0.000000
0.897698 0.077023 0.013841 0.007007 0.000020 0.004412 0.000000
0.879059 0.089650 0.016980 0.008692 0.000025 0.005594 0.000000
0.859838 0.102121 0.020455 0.010527 0.000030 0.007029 0.000000
0.841839 0.113348 0.024097 0.012236 0.000030 0.008451 0.000000
0.818455 0.127689 0.028635 0.014705 0.000038 0.010477 0.000000
0.797835 0.139328 0.033139 0.016941 0.000052 0.012705 0.000000
0.776723 0.150467 0.037945 0.019443 0.000063 0.015359 0.000000
0.757886 0.160089 0.042153 0.021681 0.000079 0.018112 0.000000
0.736905 0.169884 0.047310 0.024404 0.000094 0.021403 0.000000
0.716787 0.178538 0.052335 0.027152 0.000099 0.025089 0.000000
0.696786 0.186443 0.057534 0.029883 0.000113 0.029239 0.000002
0.676498 0.193842 0.062975 0.032703 0.000128 0.033851 0.000003
0.657549 0.199980 0.068118 0.035437 0.000154 0.038758 0.000003
0.639622 0.204618 0.073194 0.038186 0.000177 0.044198 0.000005
0.621914 0.208767 0.078338 0.040958 0.000198 0.049820 0.000005
0.603668 0.212193 0.083938 0.043736 0.000206 0.056254 0.000006
0.587497 0.214479 0.088880 0.046217 0.000230 0.062690 0.000006
0.570557 0.216310 0.093917 0.048871 0.000251 0.070087 0.000007
0.554932 0.217018 0.098589 0.051406 0.000277 0.077770 0.000008
0.540117 0.216931 0.103122 0.053874 0.000305 0.085643 0.000008
0.524735 0.216334 0.107776 0.056316 0.000334 0.094496 0.000010
0.510937 0.215461 0.111800 0.058450 0.000366 0.102975 0.000011
0.497061 0.213884 0.115877 0.060574 0.000405 0.112187 0.000012
0.483691 0.211421 0.119826 0.062526 0.000441 0.122082 0.000012
0.471766 0.208477 0.123105 0.064222 0.000485 0.131933 0.000012
0.459870 0.205463 0.126333 0.066009 0.000520 0.141791 0.000013
0.450241 0.201117 0.128836 0.067522 0.000538 0.151730 0.000016
0.438944 0.197106 0.131551 0.069050 0.000564 0.162766 0.000019
0.430073 0.192467 0.133545 0.070121 0.000597 0.173175 0.000021
0.421285 0.187003 0.135209 0.071039 0.000632 0.184809 0.000024
0.414357 0.182332 0.136249 0.071581 0.000649 0.194807 0.000026
0.406054 0.176751 0.137431 0.072290 0.000677 0.206767 0.000029
0.399510 0.171831 0.137921 0.072606 0.000692 0.217409 0.000031
0.393248 0.166973 0.138399 0.072867 0.000721 0.227759 0.000033
0.386714 0.161813 0.138411 0.072974 0.000750 0.239302 0.000037
0.381050 0.157216 0.138181 0.072887 0.000789 0.249837 0.000039
0.375104 0.152469 0.137988 0.072711 0.000818 0.260866 0.000043
0.369743 0.146413 0.137466 0.072396 0.000845 0.273089 0.000048
0.365444 0.141209 0.136516 0.071936 0.000869 0.283975 0.000051
0.361662 0.136495 0.135335 0.071413 0.000892 0.294147 0.000055
0.359235 0.131855 0.133713 0.070645 0.000923 0.303572 0.000057
0.356309 0.126957 0.132138 0.069873 0.000947 0.313717 0.000060
0.353392 0.121894 0.130424 0.069085 0.000959 0.324184 0.000062
0.351044 0.117354 0.128607 0.068141 0.000980 0.333811 0.000063
0.349450 0.112972 0.126578 0.067193 0.001011 0.342729 0.000065
0.347811 0.108886 0.124649 0.066215 0.001036 0.351338 0.000065
0.346982 0.104193 0.122515 0.065135 0.001058 0.360049 0.000068
0.346822 0.099844 0.119837 0.063763 0.001070 0.368590 0.000074
0.346430 0.095943 0.117425 0.062595 0.001069 0.376463 0.000076
0.346762 0.092643 0.114867 0.061290 0.001059 0.383300 0.000079
0.346620 0.089040 0.112378 0.060000 0.001062 0.390815 0.000085
0.347447 0.086174 0.109615 0.058724 0.001062 0.396886 0.000091
0.348171 0.083566 0.107249 0.057574 0.001056 0.402290 0.000094
0.347425 0.080437 0.104797 0.056263 0.001070 0.409909 0.000099
0.347879 0.077823 0.102131 0.054928 0.001081 0.416055 0.000102
0.348943 0.075643 0.099469 0.053554 0.001083 0.421203 0.000104
0.349014 0.073224 0.097221 0.052329 0.001080 0.427026 0.000105
0.349579 0.070941 0.094860 0.051159 0.001090 0.432266 0.000107
0.350119 0.068403 0.092387 0.049798 0.001094 0.438084 0.000113
0.351188 0.066316 0.090085 0.048527 0.001098 0.442667 0.000119
0.352407 0.063745 0.087399 0.047090 0.001102 0.448132 0.000123
0.353975 0.062397 0.085491 0.046049 0.001093 0.450867 0.000127
0.355819 0.060389 0.083139 0.044852 0.001080 0.454590 0.000131
0.357193 0.058929 0.081417 0.044005 0.001084 0.457236 0.000135
0.358758 0.056576 0.079157 0.042788 0.001082 0.461501 0.000139
0.360800 0.054612 0.076793 0.041489 0.001075 0.465089 0.000142
0.362945 0.053421 0.074932 0.040352 0.001059 0.467144 0.000147
0.364707 0.051705 0.072966 0.039276 0.001053 0.470139 0.000153
0.367192 0.050624 0.070962 0.038186 0.001043 0.471837 0.000156
0.369455 0.049417 0.068951 0.037184 0.001024 0.473810 0.000159
0.371619 0.048466 0.067399 0.036327 0.001008 0.475019 0.000162
0.374046 0.047276 0.065592 0.035287 0.000993 0.476642 0.000163
0.376675 0.046359 0.063817 0.034257 0.000976 0.477748 0.000168
0.379143 0.045501 0.062201 0.033313 0.000977 0.478695 0.000171
0.381796 0.044493 0.060405 0.032319 0.000953 0.479859 0.000176
0.383917 0.044111 0.059269 0.031565 0.000936 0.480020 0.000181
0.386227 0.043312 0.057669 0.030710 0.000938 0.480958 0.000186
0.388952 0.042698 0.056261 0.029868 0.000931 0.481103 0.000188
0.391158 0.042424 0.055197 0.029293 0.000908 0.480827 0.000193
0.393823 0.041816 0.053666 0.028517 0.000893 0.481089 0.000197
0.396151 0.041390 0.052513 0.027878 0.000890 0.480980 0.000198
0.398838 0.040935 0.051284 0.027192 0.000877 0.480671 0.000202
0.401148 0.040558 0.050389 0.026646 0.000867 0.480187 0.000205
0.403669 0.040155 0.049434 0.026143 0.000853 0.479535 0.000211
0.406206 0.039995 0.048461 0.025504 0.000858 0.478762 0.000214
0.408102 0.039854 0.047855 0.025162 0.000853 0.477953 0.000221
0.410922 0.039652 0.046692 0.024607 0.000842 0.477061 0.000224
0.413367 0.039501 0.045824 0.024174 0.000829 0.476074 0.000230
0.415320 0.039566 0.045195 0.023760 0.000814 0.475113 0.000232
0.417233 0.039565 0.044581 0.023314 0.000803 0.474268 0.000235
0.419647 0.039549 0.043811 0.022895 0.000787 0.473070 0.000241
0.421616 0.039612 0.043135 0.022516 0.000771 0.472105 0.000245
0.423770 0.039554 0.042549 0.022236 0.000759 0.470886 0.000245
0.425772 0.039548 0.042151 0.022033 0.000746 0.469500 0.000251
0.427353 0.039760 0.041767 0.021932 0.000736 0.468198 0.000254
0.429536 0.039787 0.041111 0.021685 0.000725 0.466897 0.000259
0.431679 0.039928 0.040635 0.021388 0.000718 0.465390 0.000262
0.433286 0.040105 0.040392 0.021210 0.000712 0.464032 0.000263
0.435049 0.040149 0.040094 0.021020 0.000703 0.462719 0.000266
0.436937 0.040211 0.039829 0.020853 0.000696 0.461205 0.000268
0.438508 0.040452 0.039697 0.020732 0.000681 0.459659 0.000271
0.439811 0.040698 0.039523 0.020684 0.000668 0.458339 0.000276
0.441533 0.040933 0.039226 0.020564 0.000660 0.456806 0.000278
0.442906 0.041197 0.039013 0.020494 0.000644 0.455464 0.000283
0.444191 0.041397 0.038876 0.020436 0.000639 0.454175 0.000285
0.445699 0.041616 0.038824 0.020386 0.000638 0.452552 0.000286
0.447286 0.041831 0.038653 0.020256 0.000636 0.451052 0.000286
0.449510 0.041369 0.038717 0.020153 0.000633 0.449329 0.000287
0.452188 0.040517 0.038690 0.019948 0.000626 0.447743 0.000288
0.454877 0.039428 0.038597 0.019768 0.000608 0.446433 0.000289
0.458073 0.037891 0.038555 0.019488 0.000600 0.445099 0.000294
0.461886 0.036272 0.038324 0.019197 0.000591 0.443436 0.000294
0.465621 0.034622 0.038026 0.018851 0.000587 0.441996 0.000298
0.469583 0.032958 0.037748 0.018441 0.000581 0.440386 0.000304
0.473821 0.031213 0.037273 0.018074 0.000570 0.438744 0.000306
0.478210 0.029617 0.036776 0.017673 0.000560 0.436856 0.000307
0.482441 0.027885 0.036159 0.017200 0.000558 0.435452 0.000306
0.487241 0.026204 0.035493 0.016698 0.000554 0.433499 0.000311
0.491600 0.024675 0.034802 0.016211 0.000548 0.431849 0.000314
0.496507 0.023141 0.033998 0.015764 0.000543 0.429734 0.000313
0.501248 0.021688 0.033259 0.015234 0.000530 0.427723 0.000317
0.505673 0.020326 0.032511 0.014722 0.000528 0.425925 0.000316
0.510826 0.019043 0.031695 0.014213 0.000519 0.423386 0.000318
0.515364 0.017829 0.030792 0.013711 0.000509 0.421474 0.000322
0.520170 0.016674 0.029902 0.013208 0.000499 0.419228 0.000320
0.524934 0.015575 0.028863 0.012687 0.000486 0.417131 0.000324
0.529586 0.014605 0.027882 0.012191 0.000472 0.414943 0.000321
0.534181 0.013664 0.026930 0.011647 0.000466 0.412787 0.000325
0.539242 0.012765 0.026015 0.011146 0.000464 0.410042 0.000326
0.544235 0.011971 0.025003 0.010709 0.000450 0.407302 0.000329
0.549145 0.011238 0.024058 0.010285 0.000437 0.404508 0.000330
0.553662 0.010481 0.023097 0.009801 0.000434 0.402195 0.000329
0.558575 0.009801 0.022175 0.009363 0.000429 0.399324 0.000334
0.563459 0.009206 0.021211 0.008969 0.000421 0.396403 0.000331
0.567922 0.008653 0.020387 0.008574 0.000409 0.393724 0.000332
0.573058 0.008026 0.019528 0.008135 0.000398 0.390520 0.000335
0.577369 0.007562 0.018825 0.007801 0.000392 0.387718 0.000333
0.582402 0.007049 0.018039 0.007468 0.000384 0.384321 0.000337
0.586775 0.006589 0.017235 0.007097 0.000376 0.381591 0.000336
0.591267 0.006221 0.016575 0.006758 0.000368 0.378471 0.000340
0.595813 0.005836 0.015864 0.006453 0.000370 0.375329 0.000336
0.600390 0.005474 0.015101 0.006165 0.000362 0.372163 0.000345
0.604794 0.005134 0.014457 0.005858 0.000353 0.369065 0.000339
0.609362 0.004836 0.013818 0.005575 0.000345 0.365721 0.000343
0.613860 0.004521 0.013162 0.005284 0.000333 0.362492 0.000348
0.617953 0.004258 0.012581 0.005025 0.000323 0.359513 0.000348
0.622241 0.004032 0.012050 0.004789 0.000310 0.356228 0.000350
0.626918 0.003783 0.011449 0.004521 0.000294 0.352685 0.000349
0.631066 0.003623 0.010850 0.004304 0.000287 0.349519 0.000351
0.635312 0.003425 0.010276 0.004099 0.000281 0.346259 0.000348
0.639597 0.003240 0.009813 0.003887 0.000275 0.342835 0.000353
0.643532 0.003076 0.009343 0.003727 0.000265 0.339704 0.000352
0.647935 0.002911 0.008965 0.003547 0.000260 0.336023 0.000357
0.651874 0.002759 0.008563 0.003388 0.000253 0.332808 0.000355
0.656127 0.002637 0.008124 0.003223 0.000254 0.329275 0.000359
0.660196 0.002508 0.007759 0.003064 0.000243 0.325874 0.000356
0.664236 0.002406 0.007433 0.002902 0.000238 0.322427 0.000358
0.668165 0.002303 0.007076 0.002756 0.000228 0.319116 0.000357
0.672266 0.002151 0.006703 0.002639 0.000221 0.315657 0.000363
0.676149 0.002055 0.006363 0.002537 0.000214 0.312324 0.000359
0.679918 0.001950 0.006064 0.002410 0.000211 0.309086 0.000362
0.683777 0.001860 0.005793 0.002293 0.000204 0.305712 0.000361
0.687387 0.001766 0.005491 0.002180 0.000196 0.302618 0.000363
0.690891 0.001691 0.005209 0.002093 0.000189 0.299559 0.000367
0.694645 0.001601 0.004941 0.001995 0.000179 0.296278 0.000361
0.698367 0.001543 0.004696 0.001898 0.000178 0.292947 0.000371
0.701986 0.001462 0.004472 0.001815 0.000171 0.289732 0.000363
0.705728 0.001399 0.004248 0.001721 0.000167 0.286367 0.000369
0.709241 0.001341 0.004073 0.001661 0.000158 0.283161 0.000364
0.712627 0.001310 0.003893 0.001574 0.000154 0.280076 0.000366
0.716188 0.001280 0.003684 0.001494 0.000142 0.276836 0.000375
0.719425 0.001225 0.003528 0.001413 0.000137 0.273902 0.000370
0.722912 0.001158 0.003393 0.001340 0.000129 0.270700 0.000368
0.726707 0.001095 0.003222 0.001271 0.000127 0.267206 0.000373
0.729675 0.001048 0.003084 0.001207 0.000120 0.264498 0.000368
0.733003 0.001016 0.002955 0.001168 0.000119 0.261364 0.000375
0.736229 0.000967 0.002838 0.001124 0.000110 0.258358 0.000373
0.739519 0.000910 0.002700 0.001065 0.000105 0.255332 0.000370
0.742569 0.000865 0.002584 0.001018 0.000103 0.252487 0.000374
0.745722 0.000843 0.002475 0.000973 0.000101 0.249513 0.000373
0.748740 0.000810 0.002355 0.000907 0.000097 0.246719 0.000373
0.752064 0.000793 0.002256 0.000869 0.000092 0.243554 0.000372
0.754840 0.000774 0.002165 0.000830 0.000083 0.240931 0.000377
0.757844 0.000746 0.002055 0.000804 0.000084 0.238086 0.000381
0.760952 0.000728 0.001941 0.000754 0.000081 0.235168 0.000375
0.763848 0.000701 0.001864 0.000705 0.000076 0.232435 0.000371
0.766619 0.000663 0.001779 0.000675 0.000073 0.229810 0.000380
0.769688 0.000632 0.001701 0.000651 0.000067 0.226879 0.000381
0.772590 0.000611 0.001631 0.000623 0.000068 0.224100 0.000377
0.775441 0.000584 0.001569 0.000596 0.000068 0.221364 0.000378
0.778291 0.000548 0.001493 0.000564 0.000065 0.218663 0.000376
0.780997 0.000547 0.001429 0.000537 0.000062 0.216051 0.000376
0.783720 0.000524 0.001363 0.000498 0.000059 0.213458 0.000377
0.786366 0.000509 0.001299 0.000488 0.000055 0.210896 0.000387
0.789263 0.000497 0.001261 0.000463 0.000057 0.208074 0.000384
0.791531 0.000488 0.001201 0.000441 0.000052 0.205907 0.000379
0.794263 0.000463 0.001160 0.000416 0.000053 0.203264 0.000381
0.796737 0.000451 0.001095 0.000407 0.000050 0.200884 0.000375
0.799679 0.000431 0.001038 0.000386 0.000046 0.198034 0.000386
0.801910 0.000414 0.001006 0.000366 0.000047 0.195887 0.000370
0.804315 0.000402 0.000960 0.000361 0.000049 0.193531 0.000382
0.806850 0.000389 0.000902 0.000354 0.000045 0.191079 0.000382
0.809341 0.000377 0.000871 0.000335 0.000045 0.188647 0.000383
0.811725 0.000367 0.000841 0.000311 0.000040 0.186340 0.000377
0.814139 0.000364 0.000806 0.000300 0.000038 0.183967 0.000385
0.816379 0.000344 0.000761 0.000291 0.000038 0.181807 0.000380
0.818669 0.000340 0.000725 0.000278 0.000038 0.179570 0.000381
0.821169 0.000336 0.000706 0.000264 0.000037 0.177103 0.000384
0.823345 0.000322 0.000661 0.000262 0.000036 0.174999 0.000374
0.825726 0.000313 0.000633 0.000252 0.000032 0.172659 0.000385
0.827708 0.000301 0.000600 0.000246 0.000031 0.170735 0.000379
0.829973 0.000312 0.000578 0.000227 0.000031 0.168498 0.000380
0.831880 0.000284 0.000555 0.000227 0.000031 0.166643 0.000380
0.834053 0.000276 0.000531 0.000224 0.000030 0.164508 0.000379
0.836267 0.000268 0.000507 0.000214 0.000029 0.162332 0.000383
0.838447 0.000272 0.000499 0.000202 0.000027 0.160169 0.000384
0.840454 0.000256 0.000493 0.000185 0.000025 0.158197 0.000389
0.842309 0.000250 0.000483 0.000177 0.000023 0.156376 0.000381
0.844480 0.000233 0.000457 0.000171 0.000024 0.154256 0.000379
0.846107 0.000226 0.000446 0.000165 0.000024 0.152658 0.000374
0.847722 0.000220 0.000447 0.000165 0.000022 0.151044 0.000381
0.850056 0.000207 0.000429 0.000152 0.000021 0.148747 0.000388
0.851952 0.000205 0.000419 0.000150 0.000022 0.146869 0.000383
0.853728 0.000199 0.000388 0.000144 0.000023 0.145136 0.000382
0.855486 0.000205 0.000389 0.000139 0.000024 0.143375 0.000381
0.857416 0.000194 0.000367 0.000132 0.000023 0.141488 0.000379
0.859418 0.000199 0.000368 0.000127 0.000020 0.139478 0.000390
0.860779 0.000192 0.000347 0.000121 0.000019 0.138154 0.000387
0.862730 0.000194 0.000336 0.000114 0.000018 0.136227 0.000381
0.864302 0.000186 0.000325 0.000107 0.000017 0.134679 0.000384
0.866338 0.000180 0.000316 0.000104 0.000014 0.132670 0.000379
0.868343 0.000175 0.000303 0.000106 0.000016 0.130677 0.000381
0.869525 0.000170 0.000292 0.000104 0.000014 0.129520 0.000375
0.871359 0.000161 0.000279 0.000102 0.000013 0.127705 0.000380
0.872643 0.000160 0.000290 0.000103 0.000012 0.126407 0.000386
0.873986 0.000141 0.000281 0.000096 0.000011 0.125104 0.000381
0.876103 0.000148 0.000264 0.000086 0.000013 0.123006 0.000381
0.877707 0.000145 0.000254 0.000087 0.000013 0.121410 0.000385
0.879159 0.000135 0.000245 0.000084 0.000012 0.119985 0.000380
0.880542 0.000140 0.000241 0.000088 0.000012 0.118593 0.000384
0.882275 0.000129 0.000232 0.000087 0.000011 0.116888 0.000378
0.883807 0.000130 0.000224 0.000086 0.000009 0.115358 0.000386
0.885384 0.000130 0.000225 0.000084 0.000009 0.113774 0.000394
0.886936 0.000133 0.000213 0.000086 0.000010 0.112239 0.000384
0.887918 0.000129 0.000205 0.000090 0.000009 0.111263 0.000386
0.889420 0.000131 0.000219 0.000082 0.000008 0.109765 0.000374
0.890852 0.000134 0.000206 0.000078 0.000008 0.108332 0.000390
0.892738 0.000133 0.000208 0.000072 0.000008 0.106458 0.000382
0.893984 0.000138 0.000218 0.000083 0.000007 0.105188 0.000382
0.895625 0.000129 0.000222 0.000082 0.000008 0.103554 0.000381
0.896631 0.000127 0.000226 0.000086 0.000009 0.102528 0.000391
0.898182 0.000134 0.000223 0.000080 0.000009 0.100991 0.000381
0.899204 0.000104 0.000220 0.000074 0.000010 0.100014 0.000374
0.900621 0.000117 0.000206 0.000077 0.000009 0.098605 0.000364
0.902115 0.000126 0.000217 0.000079 0.000008 0.097082 0.000373
0.902824 0.000125 0.000224 0.000068 0.000008 0.096368 0.000383
0.904409 0.000114 0.000207 0.000072 0.000008 0.094821 0.000369
0.905454 0.000113 0.000198 0.000062 0.000008 0.093793 0.000371
0.907094 0.000101 0.000190 0.000066 0.000009 0.092168 0.000372
0.908021 0.000123 0.000208 0.000072 0.000009 0.091203 0.000364
0.909563 0.000109 0.000201 0.000071 0.000010 0.089682 0.000364
0.910273 0.000102 0.000192 0.000073 0.000009 0.088980 0.000371
0.912142 0.000110 0.000194 0.000070 0.000008 0.087120 0.000356
0.912610 0.000098 0.000189 0.000071 0.000007 0.086657 0.000368
0.913592 0.000087 0.000173 0.000069 0.000008 0.085707 0.000364
0.915082 0.000096 0.000186 0.000072 0.000008 0.084191 0.000364
0.915980 0.000088 0.000192 0.000071 0.000006 0.083309 0.000354
0.917166 0.000084 0.000183 0.000064 0.000009 0.082120 0.000373
0.918135 0.000080 0.000179 0.000064 0.000007 0.081168 0.000366
0.919311 0.000081 0.000179 0.000067 0.000006 0.079990 0.000366
0.920210 0.000083 0.000182 0.000072 0.000007 0.079096 0.000350
0.921450 0.000081 0.000169 0.000068 0.000007 0.077876 0.000350
0.922389 0.000084 0.000171 0.000071 0.000010 0.076927 0.000349
0.923108 0.000085 0.000172 0.000066 0.000007 0.076215 0.000346
0.923676 0.000070 0.000155 0.000065 0.000006 0.075675 0.000353
0.925126 0.000074 0.000142 0.000056 0.000005 0.074253 0.000343
0.925682 0.000078 0.000138 0.000059 0.000007 0.073695 0.000340
0.926848 0.000080 0.000144 0.000056 0.000006 0.072532 0.000334
0.928529 0.000079 0.000140 0.000051 0.000006 0.070851 0.000344
0.929122 0.000073 0.000140 0.000051 0.000005 0.070283 0.000326
0.929608 0.000077 0.000154 0.000053 0.000004 0.069775 0.000329
0.930723 0.000077 0.000155 0.000053 0.000003 0.068663 0.000327
0.931953 0.000082 0.000153 0.000064 0.000003 0.067418 0.000327
0.942670 0.000022 0.000045 0.000018 0.000001 0.056991 0.000252
