0.341875 0.062563 0.056539 0.032196 0.002142 0.498658 0.006027 1.630289
0.344463 0.060142 0.056395 0.032014 0.002139 0.498794 0.006053 1.636313
0.347901 0.057293 0.056128 0.031702 0.002137 0.498765 0.006075 1.642042
0.351724 0.054069 0.055748 0.031303 0.002137 0.498912 0.006108 1.647563
0.355944 0.050932 0.055199 0.030889 0.002141 0.498766 0.006130 1.652747
0.360455 0.047947 0.054416 0.030336 0.002127 0.498561 0.006160 1.657538
0.365147 0.044917 0.053678 0.029704 0.002141 0.498230 0.006185 1.662170
0.369976 0.042054 0.052718 0.029013 0.002145 0.497885 0.006208 1.666446
0.374867 0.039339 0.051665 0.028317 0.002121 0.497447 0.006245 1.670443
0.379905 0.036788 0.050536 0.027605 0.002096 0.496797 0.006274 1.674238
0.385018 0.034476 0.049358 0.026776 0.002083 0.495991 0.006297 1.677702
0.390140 0.032271 0.048120 0.025986 0.002066 0.495093 0.006324 1.681006
0.395427 0.030164 0.046730 0.025177 0.002064 0.494091 0.006347 1.684097
0.400748 0.028180 0.045385 0.024348 0.002049 0.492917 0.006373 1.686994
0.405926 0.026373 0.044012 0.023584 0.002038 0.491669 0.006399 1.689695
0.411336 0.024658 0.042523 0.022723 0.002016 0.490320 0.006425 1.692213
0.416663 0.023091 0.041132 0.021884 0.002003 0.488783 0.006444 1.694566
0.421933 0.021683 0.039701 0.021088 0.001984 0.487139 0.006471 1.696746
0.427188 0.020328 0.038322 0.020280 0.001970 0.485420 0.006491 1.698843
0.432518 0.019051 0.036993 0.019538 0.001948 0.483437 0.006515 1.700816
0.438004 0.017871 0.035610 0.018781 0.001930 0.481261 0.006543 1.702671
0.443382 0.016819 0.034231 0.018003 0.001918 0.479082 0.006564 1.704369
0.448682 0.015854 0.032870 0.017250 0.001896 0.476855 0.006593 1.705958
0.454002 0.014907 0.031509 0.016567 0.001866 0.474536 0.006613 1.707465
0.459392 0.014046 0.030292 0.015845 0.001837 0.471949 0.006638 1.708877
0.464897 0.013236 0.029125 0.015160 0.001801 0.469117 0.006662 1.710225
0.470230 0.012498 0.027963 0.014515 0.001764 0.466343 0.006686 1.711495
0.475632 0.011824 0.026779 0.013892 0.001728 0.463435 0.006710 1.712665
0.480872 0.011179 0.025667 0.013298 0.001706 0.460544 0.006732 1.713809
0.486147 0.010539 0.024615 0.012725 0.001667 0.457548 0.006759 1.714919
0.491427 0.009990 0.023534 0.012142 0.001647 0.454478 0.006782 1.715903
0.496586 0.009465 0.022513 0.011639 0.001621 0.451367 0.006808 1.716838
0.501788 0.008967 0.021537 0.011120 0.001596 0.448165 0.006827 1.717739
0.507005 0.008523 0.020648 0.010643 0.001559 0.444767 0.006854 1.718587
0.512290 0.008116 0.019749 0.010162 0.001531 0.441280 0.006873 1.719391
0.517482 0.007708 0.018831 0.009734 0.001495 0.437855 0.006896 1.720160
0.522644 0.007362 0.018064 0.009286 0.001464 0.434262 0.006917 1.720870
0.527707 0.006999 0.017274 0.008873 0.001438 0.430776 0.006933 1.721573
0.532712 0.006690 0.016533 0.008442 0.001409 0.427258 0.006957 1.722229
0.537728 0.006374 0.015799 0.008062 0.001379 0.423685 0.006974 1.722857
0.542668 0.006095 0.015101 0.007707 0.001362 0.420081 0.006987 1.723451
0.547603 0.005827 0.014454 0.007392 0.001333 0.416392 0.007002 1.724032
0.552442 0.005560 0.013850 0.007070 0.001306 0.412749 0.007025 1.724588
0.557257 0.005318 0.013227 0.006784 0.001270 0.409105 0.007038 1.725128
0.562051 0.005095 0.012628 0.006485 0.001244 0.405444 0.007054 1.725627
0.566789 0.004884 0.012052 0.006177 0.001213 0.401818 0.007066 1.726107
0.571446 0.004666 0.011541 0.005897 0.001180 0.398192 0.007080 1.726584
0.576161 0.004467 0.011062 0.005635 0.001153 0.394431 0.007093 1.727021
0.580846 0.004283 0.010586 0.005398 0.001125 0.390661 0.007103 1.727456
0.585419 0.004104 0.010107 0.005170 0.001091 0.386992 0.007116 1.727866
0.589959 0.003922 0.009669 0.004946 0.001062 0.383308 0.007135 1.728262
0.594518 0.003752 0.009251 0.004724 0.001032 0.379572 0.007151 1.728657
0.599011 0.003605 0.008863 0.004513 0.001000 0.375847 0.007163 1.729018
0.603613 0.003459 0.008478 0.004334 0.000981 0.371960 0.007173 1.729364
0.607989 0.003332 0.008086 0.004129 0.000949 0.368327 0.007188 1.729702
0.612335 0.003206 0.007749 0.003942 0.000932 0.364634 0.007201 1.730029
0.616662 0.003098 0.007382 0.003770 0.000901 0.360972 0.007214 1.730340
0.621036 0.002961 0.007087 0.003629 0.000880 0.357183 0.007224 1.730653
0.625256 0.002841 0.006777 0.003482 0.000858 0.353553 0.007233 1.730935
0.629544 0.002732 0.006490 0.003342 0.000831 0.349821 0.007242 1.731214
0.633791 0.002633 0.006233 0.003206 0.000811 0.346076 0.007251 1.731480
0.637857 0.002554 0.005953 0.003051 0.000788 0.342534 0.007262 1.731720
0.641921 0.002465 0.005676 0.002917 0.000767 0.338981 0.007274 1.731965
0.645915 0.002365 0.005456 0.002783 0.000752 0.335447 0.007282 1.732210
0.649887 0.002282 0.005247 0.002662 0.000720 0.331905 0.007297 1.732442
0.653895 0.002202 0.005043 0.002525 0.000700 0.328330 0.007305 1.732659
0.657793 0.002134 0.004849 0.002415 0.000678 0.324816 0.007316 1.732873
0.661652 0.002046 0.004664 0.002316 0.000659 0.321339 0.007324 1.733091
0.665445 0.001987 0.004462 0.002216 0.000639 0.317921 0.007330 1.733288
0.669263 0.001931 0.004293 0.002111 0.000623 0.314443 0.007336 1.733470
0.673135 0.001879 0.004093 0.002026 0.000609 0.310915 0.007342 1.733642
0.676867 0.001847 0.003933 0.001946 0.000591 0.307467 0.007350 1.733811
0.680565 0.001801 0.003774 0.001881 0.000571 0.304050 0.007359 1.733981
0.684344 0.001748 0.003630 0.001801 0.000552 0.300557 0.007368 1.734153
0.687873 0.001686 0.003469 0.001715 0.000541 0.297345 0.007372 1.734316
0.691487 0.001638 0.003316 0.001632 0.000527 0.294024 0.007378 1.734464
0.695044 0.001567 0.003205 0.001561 0.000509 0.290732 0.007383 1.734629
0.698512 0.001518 0.003076 0.001504 0.000493 0.287506 0.007391 1.734776
0.701928 0.001467 0.002976 0.001444 0.000478 0.284311 0.007397 1.734926
0.705259 0.001421 0.002861 0.001396 0.000463 0.281198 0.007403 1.735070
0.708666 0.001370 0.002762 0.001322 0.000445 0.278024 0.007412 1.735214
0.712055 0.001324 0.002665 0.001276 0.000430 0.274836 0.007416 1.735349
0.715395 0.001269 0.002564 0.001226 0.000413 0.271710 0.007423 1.735486
0.718656 0.001240 0.002478 0.001165 0.000401 0.268634 0.007427 1.735609
0.721902 0.001206 0.002378 0.001127 0.000386 0.265569 0.007433 1.735721
0.725127 0.001179 0.002280 0.001096 0.000373 0.262507 0.007438 1.735837
0.728344 0.001136 0.002192 0.001065 0.000361 0.259460 0.007442 1.735950
0.731533 0.001101 0.002107 0.001029 0.000351 0.256433 0.007448 1.736062
0.734689 0.001068 0.002039 0.000992 0.000341 0.253420 0.007451 1.736170
0.737817 0.001044 0.001967 0.000958 0.000335 0.250426 0.007453 1.736264
0.740810 0.001022 0.001877 0.000931 0.000328 0.247577 0.007455 1.736357
0.743768 0.000985 0.001827 0.000901 0.000315 0.244740 0.007463 1.736464
0.746825 0.000944 0.001764 0.000876 0.000307 0.241816 0.007469 1.736567
0.749776 0.000927 0.001702 0.000839 0.000292 0.238990 0.007474 1.736655
0.752631 0.000898 0.001638 0.000809 0.000278 0.236267 0.007480 1.736748
0.755494 0.000874 0.001589 0.000774 0.000273 0.233516 0.007482 1.736842
0.758342 0.000836 0.001543 0.000738 0.000264 0.230792 0.007486 1.736935
0.761076 0.000825 0.001485 0.000715 0.000256 0.228154 0.007490 1.737004
0.763827 0.000807 0.001450 0.000698 0.000247 0.225479 0.007492 1.737089
0.766580 0.000793 0.001387 0.000671 0.000241 0.222833 0.007496 1.737164
0.769334 0.000774 0.001333 0.000649 0.000231 0.220178 0.007501 1.737238
0.772076 0.000754 0.001294 0.000632 0.000220 0.217519 0.007505 1.737315
0.774748 0.000737 0.001234 0.000614 0.000213 0.214947 0.007508 1.737383
0.777436 0.000727 0.001192 0.000588 0.000209 0.212337 0.007512 1.737442
0.780102 0.000716 0.001155 0.000571 0.000200 0.209744 0.007514 1.737517
0.782783 0.000682 0.001117 0.000555 0.000193 0.207154 0.007517 1.737592
0.785347 0.000672 0.001084 0.000532 0.000186 0.204655 0.007523 1.737657
0.787824 0.000658 0.001051 0.000512 0.000184 0.202246 0.007524 1.737721
0.790273 0.000646 0.001022 0.000495 0.000183 0.199857 0.007525 1.737786
0.792755 0.000636 0.000983 0.000485 0.000173 0.197439 0.007530 1.737844
0.795174 0.000629 0.000965 0.000470 0.000166 0.195063 0.007532 1.737909
0.797617 0.000621 0.000929 0.000451 0.000160 0.192688 0.007534 1.737964
0.799967 0.000612 0.000890 0.000445 0.000154 0.190395 0.007537 1.738022
0.802229 0.000610 0.000862 0.000431 0.000149 0.188180 0.007538 1.738070
0.804568 0.000611 0.000837 0.000414 0.000145 0.185883 0.007541 1.738125
0.806858 0.000592 0.000823 0.000400 0.000144 0.183640 0.007543 1.738185
0.809060 0.000579 0.000804 0.000393 0.000140 0.181481 0.007543 1.738244
0.811237 0.000559 0.000779 0.000387 0.000136 0.179357 0.007545 1.738306
0.813405 0.000539 0.000762 0.000374 0.000132 0.177240 0.007547 1.738367
0.815604 0.000525 0.000743 0.000357 0.000129 0.175093 0.007547 1.738415
0.817724 0.000516 0.000733 0.000346 0.000125 0.173007 0.007549 1.738467
0.819897 0.000500 0.000716 0.000326 0.000119 0.170892 0.007552 1.738518
0.821977 0.000492 0.000697 0.000311 0.000115 0.168854 0.007554 1.738561
0.824018 0.000483 0.000672 0.000310 0.000110 0.166852 0.007556 1.738604
0.826062 0.000479 0.000667 0.000307 0.000108 0.164821 0.007557 1.738649
0.828097 0.000464 0.000649 0.000305 0.000104 0.162822 0.007559 1.738699
0.830100 0.000461 0.000629 0.000292 0.000099 0.160858 0.007561 1.738742
0.832057 0.000449 0.000610 0.000284 0.000097 0.158942 0.007562 1.738789
0.834005 0.000430 0.000594 0.000278 0.000094 0.157035 0.007564 1.738835
0.835991 0.000406 0.000583 0.000283 0.000091 0.155081 0.007565 1.738884
0.837887 0.000399 0.000569 0.000278 0.000086 0.153213 0.007568 1.738916
0.839720 0.000385 0.000554 0.000278 0.000083 0.151408 0.007571 1.738960
0.841620 0.000380 0.000536 0.000270 0.000081 0.149543 0.007572 1.738991
0.843430 0.000370 0.000523 0.000262 0.000080 0.147763 0.007572 1.739031
0.845256 0.000352 0.000520 0.000258 0.000078 0.145962 0.007573 1.739071
0.846985 0.000341 0.000509 0.000259 0.000075 0.144258 0.007574 1.739108
0.848757 0.000338 0.000491 0.000253 0.000071 0.142513 0.007576 1.739136
0.850547 0.000342 0.000480 0.000245 0.000068 0.140742 0.007577 1.739163
0.852294 0.000329 0.000479 0.000236 0.000064 0.139019 0.007578 1.739199
0.853975 0.000322 0.000472 0.000233 0.000062 0.137356 0.007579 1.739228
0.855683 0.000314 0.000460 0.000228 0.000061 0.135674 0.007581 1.739259
0.857365 0.000312 0.000441 0.000222 0.000059 0.134021 0.007581 1.739287
0.858948 0.000302 0.000432 0.000217 0.000056 0.132464 0.007582 1.739320
0.860538 0.000301 0.000418 0.000207 0.000056 0.130899 0.007583 1.739342
0.862180 0.000292 0.000410 0.000203 0.000054 0.129277 0.007584 1.739369
0.863712 0.000297 0.000400 0.000190 0.000055 0.127761 0.007584 1.739394
0.865253 0.000296 0.000388 0.000184 0.000052 0.126242 0.007585 1.739418
0.866821 0.000287 0.000372 0.000185 0.000050 0.124699 0.007586 1.739446
0.868297 0.000282 0.000363 0.000181 0.000048 0.123243 0.007587 1.739470
0.869795 0.000270 0.000359 0.000177 0.000048 0.121763 0.007587 1.739500
0.871266 0.000262 0.000353 0.000169 0.000048 0.120315 0.007587 1.739529
0.872665 0.000255 0.000354 0.000166 0.000047 0.118926 0.007588 1.739559
0.874070 0.000248 0.000347 0.000165 0.000047 0.117535 0.007588 1.739589
0.875499 0.000238 0.000339 0.000165 0.000045 0.116125 0.007589 1.739617
0.876809 0.000241 0.000328 0.000161 0.000043 0.114828 0.007590 1.739636
0.878075 0.000238 0.000317 0.000162 0.000040 0.113578 0.007591 1.739661
0.879413 0.000228 0.000313 0.000153 0.000039 0.112262 0.007591 1.739687
0.880709 0.000219 0.000298 0.000153 0.000038 0.110990 0.007592 1.739710
0.881988 0.000211 0.000295 0.000149 0.000037 0.109727 0.007593 1.739733
0.883221 0.000215 0.000288 0.000143 0.000035 0.108504 0.007595 1.739748
0.884438 0.000205 0.000282 0.000143 0.000034 0.107303 0.007595 1.739770
0.885598 0.000202 0.000276 0.000146 0.000032 0.106149 0.007596 1.739791
0.886775 0.000207 0.000266 0.000143 0.000032 0.104979 0.007596 1.739807
0.887911 0.000199 0.000264 0.000144 0.000032 0.103853 0.007597 1.739832
0.889029 0.000198 0.000257 0.000141 0.000030 0.102749 0.007597 1.739849
0.890144 0.000188 0.000252 0.000141 0.000029 0.101649 0.007597 1.739868
0.891200 0.000182 0.000249 0.000141 0.000027 0.100603 0.007598 1.739890
0.892254 0.000177 0.000250 0.000144 0.000028 0.099550 0.007598 1.739912
0.893274 0.000181 0.000244 0.000138 0.000027 0.098539 0.007598 1.739928
0.894269 0.000183 0.000236 0.000131 0.000028 0.097556 0.007598 1.739945
0.895212 0.000184 0.000234 0.000127 0.000025 0.096618 0.007599 1.739960
0.896166 0.000180 0.000225 0.000123 0.000024 0.095683 0.007599 1.739977
0.897099 0.000175 0.000225 0.000120 0.000025 0.094757 0.007599 1.739999
0.898006 0.000173 0.000217 0.000120 0.000025 0.093860 0.007599 1.740016
0.898906 0.000175 0.000216 0.000114 0.000023 0.092967 0.007600 1.740031
0.899774 0.000171 0.000219 0.000114 0.000023 0.092100 0.007600 1.740049
0.900642 0.000167 0.000219 0.000115 0.000022 0.091235 0.007600 1.740067
0.901462 0.000166 0.000215 0.000112 0.000021 0.090423 0.007600 1.740084
0.902311 0.000164 0.000210 0.000111 0.000022 0.089581 0.007600 1.740103
0.903121 0.000160 0.000202 0.000105 0.000021 0.088789 0.007600 1.740119
0.903913 0.000156 0.000205 0.000101 0.000021 0.088004 0.007600 1.740137
0.904675 0.000151 0.000205 0.000098 0.000021 0.087248 0.007601 1.740155
0.905410 0.000152 0.000200 0.000094 0.000021 0.086521 0.007602 1.740168
0.906126 0.000149 0.000191 0.000093 0.000020 0.085818 0.007602 1.740183
0.906830 0.000147 0.000190 0.000092 0.000019 0.085120 0.007602 1.740199
0.907492 0.000145 0.000188 0.000092 0.000018 0.084461 0.007602 1.740216
0.908176 0.000139 0.000185 0.000088 0.000018 0.083790 0.007602 1.740232
0.908841 0.000141 0.000176 0.000085 0.000018 0.083136 0.007602 1.740241
0.909495 0.000134 0.000173 0.000086 0.000017 0.082493 0.007602 1.740259
0.910131 0.000133 0.000171 0.000081 0.000016 0.081865 0.007603 1.740270
0.910704 0.000129 0.000174 0.000077 0.000016 0.081296 0.007603 1.740282
0.911307 0.000123 0.000171 0.000078 0.000016 0.080701 0.007603 1.740296
0.911844 0.000119 0.000168 0.000076 0.000016 0.080173 0.007603 1.740309
0.912411 0.000116 0.000158 0.000076 0.000016 0.079619 0.007603 1.740318
0.912960 0.000116 0.000155 0.000076 0.000016 0.079074 0.007603 1.740329
0.913508 0.000114 0.000149 0.000075 0.000015 0.078536 0.007603 1.740338
0.914034 0.000115 0.000145 0.000074 0.000014 0.078015 0.007603 1.740347
0.914565 0.000111 0.000137 0.000077 0.000014 0.077492 0.007603 1.740357
0.915063 0.000109 0.000131 0.000076 0.000013 0.077004 0.007603 1.740368
0.915561 0.000104 0.000133 0.000073 0.000013 0.076513 0.007603 1.740382
0.916013 0.000102 0.000130 0.000069 0.000012 0.076069 0.007604 1.740392
0.916449 0.000102 0.000126 0.000064 0.000012 0.075642 0.007604 1.740399
0.916881 0.000102 0.000127 0.000064 0.000012 0.075210 0.007604 1.740410
0.917296 0.000099 0.000124 0.000060 0.000013 0.074804 0.007604 1.740419
0.917724 0.000092 0.000124 0.000058 0.000012 0.074384 0.007604 1.740432
0.918143 0.000092 0.000123 0.000055 0.000011 0.073970 0.007604 1.740442
0.918579 0.000091 0.000125 0.000056 0.000011 0.073534 0.007604 1.740451
0.918948 0.000085 0.000124 0.000056 0.000011 0.073171 0.007604 1.740461
0.919327 0.000083 0.000121 0.000053 0.000010 0.072802 0.007604 1.740470
0.919686 0.000085 0.000113 0.000052 0.000010 0.072449 0.007604 1.740478
0.920013 0.000088 0.000110 0.000052 0.000010 0.072122 0.007604 1.740484
0.920351 0.000087 0.000110 0.000053 0.000010 0.071784 0.007604 1.740491
0.920674 0.000086 0.000108 0.000050 0.000010 0.071466 0.007604 1.740501
0.920998 0.000082 0.000105 0.000051 0.000009 0.071149 0.007604 1.740511
0.921295 0.000085 0.000102 0.000051 0.000008 0.070853 0.007605 1.740520
0.921577 0.000086 0.000100 0.000048 0.000008 0.070575 0.007605 1.740528
0.921859 0.000084 0.000100 0.000049 0.000007 0.070295 0.007605 1.740537
0.922133 0.000083 0.000097 0.000047 0.000007 0.070028 0.007605 1.740545
0.922407 0.000075 0.000100 0.000048 0.000007 0.069758 0.007605 1.740558
0.922669 0.000074 0.000095 0.000048 0.000007 0.069501 0.007605 1.740566
0.922924 0.000069 0.000095 0.000049 0.000007 0.069252 0.007605 1.740577
0.923175 0.000064 0.000092 0.000047 0.000007 0.069010 0.007605 1.740586
0.923419 0.000063 0.000092 0.000046 0.000007 0.068768 0.007605 1.740593
0.923648 0.000064 0.000087 0.000046 0.000007 0.068542 0.007605 1.740596
0.923877 0.000065 0.000086 0.000043 0.000007 0.068316 0.007605 1.740602
0.924114 0.000064 0.000086 0.000044 0.000007 0.068080 0.007605 1.740609
0.924315 0.000063 0.000086 0.000042 0.000007 0.067882 0.007605 1.740616
0.924519 0.000062 0.000084 0.000041 0.000007 0.067681 0.007606 1.740623
0.924712 0.000060 0.000079 0.000039 0.000006 0.067498 0.007606 1.740628
0.924883 0.000062 0.000077 0.000035 0.000006 0.067330 0.007606 1.740633
0.925080 0.000060 0.000075 0.000034 0.000005 0.067139 0.007606 1.740641
0.925268 0.000058 0.000072 0.000036 0.000005 0.066954 0.007606 1.740647
0.925427 0.000059 0.000070 0.000034 0.000004 0.066800 0.007606 1.740654
0.925573 0.000060 0.000067 0.000033 0.000004 0.066657 0.007606 1.740660
0.925719 0.000059 0.000066 0.000030 0.000004 0.066515 0.007606 1.740664
0.925881 0.000057 0.000064 0.000032 0.000004 0.066357 0.007607 1.740671
0.926043 0.000052 0.000060 0.000031 0.000003 0.066203 0.007607 1.740678
0.926203 0.000053 0.000057 0.000030 0.000003 0.066047 0.007607 1.740681
0.926365 0.000048 0.000054 0.000030 0.000004 0.065893 0.007607 1.740687
0.926517 0.000046 0.000055 0.000031 0.000004 0.065740 0.007607 1.740694
0.926671 0.000046 0.000053 0.000030 0.000004 0.065588 0.007607 1.740697
0.926808 0.000044 0.000052 0.000032 0.000004 0.065454 0.007607 1.740703
0.926944 0.000045 0.000051 0.000029 0.000004 0.065321 0.007607 1.740707
0.927062 0.000045 0.000050 0.000029 0.000005 0.065202 0.007607 1.740712
0.927187 0.000043 0.000048 0.000027 0.000005 0.065084 0.007607 1.740717
0.927298 0.000040 0.000046 0.000027 0.000005 0.064978 0.007607 1.740722
0.927409 0.000039 0.000045 0.000024 0.000005 0.064870 0.007607 1.740725
0.927509 0.000039 0.000046 0.000022 0.000005 0.064772 0.007607 1.740729
0.927605 0.000041 0.000047 0.000022 0.000005 0.064673 0.007607 1.740733
0.927702 0.000040 0.000046 0.000023 0.000005 0.064576 0.007607 1.740736
0.927792 0.000041 0.000042 0.000022 0.000005 0.064491 0.007607 1.740738
0.927896 0.000043 0.000038 0.000021 0.000004 0.064391 0.007607 1.740739
0.927979 0.000041 0.000036 0.000022 0.000004 0.064310 0.007607 1.740743
0.928047 0.000040 0.000038 0.000020 0.000004 0.064244 0.007607 1.740747
0.928126 0.000040 0.000039 0.000021 0.000004 0.064163 0.007607 1.740750
0.928212 0.000040 0.000040 0.000020 0.000004 0.064077 0.007607 1.740753
0.928283 0.000040 0.000038 0.000019 0.000004 0.064008 0.007607 1.740756
0.928366 0.000040 0.000038 0.000017 0.000004 0.063929 0.007607 1.740759
0.928447 0.000040 0.000038 0.000016 0.000004 0.063848 0.007607 1.740762
0.928516 0.000040 0.000037 0.000017 0.000004 0.063780 0.007607 1.740766
0.928596 0.000038 0.000038 0.000017 0.000004 0.063702 0.007607 1.740771
0.928683 0.000037 0.000038 0.000016 0.000004 0.063614 0.007607 1.740774
0.928760 0.000034 0.000039 0.000018 0.000004 0.063539 0.007607 1.740779
0.928827 0.000031 0.000039 0.000019 0.000004 0.063473 0.007607 1.740785
0.928894 0.000032 0.000035 0.000019 0.000004 0.063410 0.007607 1.740788
0.928948 0.000031 0.000033 0.000018 0.000004 0.063359 0.007607 1.740790
0.929012 0.000030 0.000032 0.000017 0.000004 0.063298 0.007607 1.740792
0.929066 0.000030 0.000031 0.000016 0.000004 0.063247 0.007607 1.740793
0.929134 0.000030 0.000031 0.000017 0.000004 0.063177 0.007607 1.740796
0.929195 0.000032 0.000031 0.000016 0.000004 0.063115 0.007607 1.740797
0.929248 0.000032 0.000029 0.000016 0.000004 0.063064 0.007607 1.740800
0.929302 0.000030 0.000030 0.000016 0.000004 0.063012 0.007607 1.740803
0.929368 0.000029 0.000029 0.000016 0.000003 0.062947 0.007607 1.740805
0.929414 0.000029 0.000027 0.000015 0.000003 0.062905 0.007608 1.740808
0.929466 0.000027 0.000026 0.000016 0.000003 0.062855 0.007608 1.740810
0.929521 0.000026 0.000025 0.000015 0.000003 0.062802 0.007608 1.740813
0.929570 0.000024 0.000025 0.000016 0.000003 0.062754 0.007608 1.740817
0.929624 0.000021 0.000024 0.000018 0.000003 0.062703 0.007608 1.740822
0.929680 0.000020 0.000024 0.000018 0.000003 0.062646 0.007608 1.740825
0.929737 0.000020 0.000023 0.000019 0.000003 0.062589 0.007608 1.740828
0.929790 0.000019 0.000023 0.000020 0.000003 0.062536 0.007608 1.740830
0.929843 0.000018 0.000025 0.000020 0.000003 0.062482 0.007608 1.740832
0.929893 0.000018 0.000024 0.000019 0.000003 0.062435 0.007608 1.740834
0.929936 0.000016 0.000026 0.000019 0.000003 0.062393 0.007608 1.740837
0.929975 0.000014 0.000027 0.000019 0.000002 0.062355 0.007608 1.740840
0.930010 0.000014 0.000026 0.000018 0.000002 0.062321 0.007608 1.740842
0.930050 0.000014 0.000026 0.000019 0.000002 0.062281 0.007608 1.740844
0.930086 0.000015 0.000025 0.000017 0.000002 0.062248 0.007608 1.740845
0.930127 0.000017 0.000022 0.000016 0.000002 0.062209 0.007608 1.740846
0.930162 0.000017 0.000022 0.000016 0.000002 0.062173 0.007608 1.740848
0.930194 0.000018 0.000019 0.000018 0.000002 0.062141 0.007608 1.740850
0.930228 0.000017 0.000020 0.000017 0.000003 0.062107 0.007608 1.740852
0.930258 0.000019 0.000018 0.000015 0.000003 0.062078 0.007608 1.740853
0.930295 0.000021 0.000017 0.000014 0.000003 0.062041 0.007608 1.740853
0.930333 0.000021 0.000018 0.000012 0.000003 0.062005 0.007608 1.740855
0.930361 0.000021 0.000016 0.000011 0.000003 0.061980 0.007608 1.740856
0.930391 0.000023 0.000016 0.000011 0.000003 0.061946 0.007608 1.740858
0.930420 0.000023 0.000016 0.000012 0.000003 0.061918 0.007608 1.740860
0.930450 0.000022 0.000016 0.000012 0.000003 0.061889 0.007608 1.740863
0.930477 0.000022 0.000016 0.000012 0.000002 0.061862 0.007609 1.740864
0.930501 0.000022 0.000017 0.000011 0.000002 0.061837 0.007609 1.740866
0.930530 0.000021 0.000018 0.000012 0.000002 0.061810 0.007609 1.740869
0.930559 0.000022 0.000017 0.000010 0.000002 0.061782 0.007609 1.740869
0.930578 0.000022 0.000017 0.000010 0.000002 0.061762 0.007609 1.740870
0.930602 0.000022 0.000017 0.000011 0.000002 0.061738 0.007609 1.740873
0.930626 0.000018 0.000018 0.000012 0.000002 0.061715 0.007609 1.740876
0.930646 0.000018 0.000016 0.000011 0.000002 0.061697 0.007609 1.740877
0.930661 0.000018 0.000016 0.000011 0.000002 0.061683 0.007609 1.740879
0.930675 0.000018 0.000017 0.000010 0.000002 0.061669 0.007609 1.740881
0.930696 0.000018 0.000016 0.000010 0.000002 0.061649 0.007609 1.740882
0.930718 0.000019 0.000013 0.000009 0.000002 0.061631 0.007609 1.740883
0.930743 0.000018 0.000012 0.000009 0.000002 0.061608 0.007609 1.740884
0.930762 0.000018 0.000011 0.000009 0.000002 0.061589 0.007609 1.740886
0.930778 0.000021 0.000010 0.000008 0.000002 0.061574 0.007609 1.740886
0.930792 0.000020 0.000010 0.000007 0.000002 0.061560 0.007609 1.740887
0.930810 0.000020 0.000011 0.000008 0.000002 0.061540 0.007609 1.740890
0.930822 0.000018 0.000013 0.000008 0.000002 0.061529 0.007609 1.740893
0.930836 0.000017 0.000012 0.000008 0.000002 0.061517 0.007609 1.740895
0.930850 0.000016 0.000012 0.000008 0.000002 0.061504 0.007609 1.740897
0.930863 0.000015 0.000012 0.000007 0.000002 0.061493 0.007609 1.740899
0.930873 0.000016 0.000013 0.000008 0.000002 0.061480 0.007609 1.740901
0.930885 0.000016 0.000012 0.000008 0.000002 0.061469 0.007609 1.740901
0.930903 0.000015 0.000012 0.000007 0.000002 0.061452 0.007609 1.740904
0.930914 0.000015 0.000011 0.000007 0.000002 0.061443 0.007609 1.740904
0.930922 0.000015 0.000011 0.000006 0.000002 0.061435 0.007609 1.740905
0.930932 0.000016 0.000010 0.000006 0.000002 0.061425 0.007609 1.740906
0.930943 0.000016 0.000010 0.000006 0.000002 0.061415 0.007609 1.740907
0.930956 0.000014 0.000011 0.000006 0.000002 0.061402 0.007609 1.740909
0.930964 0.000015 0.000012 0.000006 0.000002 0.061393 0.007609 1.740911
0.930974 0.000016 0.000011 0.000006 0.000002 0.061383 0.007609 1.740911
0.930985 0.000015 0.000012 0.000006 0.000002 0.061372 0.007609 1.740912
0.930993 0.000014 0.000013 0.000006 0.000002 0.061364 0.007609 1.740915
0.931008 0.000013 0.000014 0.000006 0.000002 0.061348 0.007609 1.740916
0.931019 0.000013 0.000016 0.000006 0.000002 0.061337 0.007609 1.740918
0.931029 0.000013 0.000013 0.000006 0.000002 0.061328 0.007609 1.740918
0.931038 0.000013 0.000013 0.000006 0.000002 0.061320 0.007609 1.740919
0.931049 0.000012 0.000014 0.000006 0.000002 0.061308 0.007609 1.740920
0.931058 0.000012 0.000014 0.000006 0.000002 0.061301 0.007609 1.740921
0.931065 0.000012 0.000013 0.000006 0.000002 0.061295 0.007609 1.740921
0.931075 0.000012 0.000012 0.000007 0.000002 0.061285 0.007609 1.740922
0.931083 0.000012 0.000011 0.000006 0.000002 0.061278 0.007609 1.740923
0.931092 0.000013 0.000010 0.000006 0.000002 0.061269 0.007609 1.740923
0.931100 0.000011 0.000010 0.000006 0.000002 0.061261 0.007609 1.740925
0.931106 0.000012 0.000010 0.000006 0.000002 0.061255 0.007609 1.740926
0.931114 0.000011 0.000011 0.000006 0.000002 0.061247 0.007609 1.740927
0.931121 0.000009 0.000012 0.000006 0.000002 0.061242 0.007609 1.740929
0.931125 0.000010 0.000012 0.000006 0.000002 0.061236 0.007609 1.740930
0.931133 0.000009 0.000012 0.000006 0.000002 0.061229 0.007609 1.740931
0.931140 0.000010 0.000012 0.000005 0.000002 0.061223 0.007609 1.740931
0.931146 0.000008 0.000012 0.000006 0.000002 0.061216 0.007609 1.740933
0.931156 0.000009 0.000012 0.000006 0.000002 0.061206 0.007609 1.740933
0.931163 0.000008 0.000013 0.000006 0.000002 0.061200 0.007609 1.740935
0.931166 0.000007 0.000012 0.000006 0.000002 0.061198 0.007609 1.740936
0.931172 0.000006 0.000011 0.000006 0.000002 0.061194 0.007609 1.740936
0.931177 0.000006 0.000012 0.000005 0.000002 0.061189 0.007609 1.740937
0.931183 0.000006 0.000010 0.000005 0.000002 0.061184 0.007609 1.740938
0.931189 0.000006 0.000011 0.000006 0.000002 0.061178 0.007609 1.740939
0.931195 0.000006 0.000011 0.000006 0.000001 0.061172 0.007609 1.740940
0.931202 0.000005 0.000010 0.000005 0.000001 0.061167 0.007609 1.740940
0.931208 0.000005 0.000010 0.000005 0.000001 0.061161 0.007609 1.740941
0.931212 0.000005 0.000010 0.000005 0.000002 0.061157 0.007609 1.740941
0.931217 0.000005 0.000010 0.000005 0.000002 0.061152 0.007609 1.740942
0.931222 0.000005 0.000008 0.000005 0.000002 0.061149 0.007609 1.740942
0.931226 0.000004 0.000008 0.000005 0.000002 0.061147 0.007609 1.740943
0.931232 0.000003 0.000008 0.000005 0.000002 0.061142 0.007609 1.740944
0.931238 0.000003 0.000008 0.000005 0.000002 0.061135 0.007609 1.740944
0.931243 0.000003 0.000008 0.000005 0.000002 0.061130 0.007609 1.740944
0.931249 0.000002 0.000008 0.000005 0.000002 0.061125 0.007609 1.740945
0.931253 0.000002 0.000008 0.000005 0.000002 0.061121 0.007609 1.740945
0.931259 0.000002 0.000008 0.000004 0.000002 0.061116 0.007609 1.740945
0.931265 0.000002 0.000008 0.000004 0.000002 0.061111 0.007609 1.740946
0.931268 0.000002 0.000007 0.000004 0.000002 0.061109 0.007609 1.740946
0.931271 0.000002 0.000007 0.000002 0.000002 0.061107 0.007609 1.740946
0.931276 0.000002 0.000006 0.000002 0.000002 0.061103 0.007609 1.740946
0.931280 0.000002 0.000006 0.000002 0.000002 0.061099 0.007609 1.740946
0.931284 0.000001 0.000006 0.000002 0.000002 0.061096 0.007609 1.740947
0.931288 0.000001 0.000006 0.000002 0.000002 0.061092 0.007609 1.740947
0.931293 0.000000 0.000007 0.000002 0.000002 0.061087 0.007609 1.740947
0.931300 0.000000 0.000007 0.000002 0.000002 0.061080 0.007609 1.740947
0.931304 0.000000 0.000007 0.000002 0.000002 0.061076 0.007609 1.740947
0.931311 0.000000 0.000006 0.000002 0.000002 0.061070 0.007609 1.740947
0.931314 0.000000 0.000006 0.000002 0.000002 0.061067 0.007609 1.740947
0.931318 0.000000 0.000006 0.000001 0.000002 0.061064 0.007609 1.740947
0.931322 0.000000 0.000005 0.000001 0.000002 0.061061 0.007609 1.740947
0.931328 0.000000 0.000005 0.000001 0.000001 0.061055 0.007609 1.740947
0.931331 0.000000 0.000004 0.000001 0.000001 0.061053 0.007609 1.740947
0.931334 0.000000 0.000004 0.000001 0.000001 0.061050 0.007609 1.740947
0.931338 0.000000 0.000004 0.000001 0.000001 0.061047 0.007609 1.740947
0.931340 0.000000 0.000003 0.000001 0.000001 0.061045 0.007609 1.740947
0.931343 0.000000 0.000003 0.000001 0.000001 0.061042 0.007609 1.740947
0.931346 0.000000 0.000003 0.000001 0.000001 0.061039 0.007609 1.740947
0.931349 0.000000 0.000003 0.000001 0.000001 0.061036 0.007609 1.740947
0.931350 0.000000 0.000003 0.000001 0.000000 0.061036 0.007609 1.740947
0.931352 0.000000 0.000003 0.000001 0.000000 0.061034 0.007609 1.740947
0.931354 0.000000 0.000003 0.000001 0.000000 0.061032 0.007609 1.740947
0.931356 0.000000 0.000003 0.000001 0.000000 0.061030 0.007609 1.740947
0.931359 0.000000 0.000003 0.000001 0.000000 0.061028 0.007609 1.740947
0.931360 0.000000 0.000002 0.000001 0.000000 0.061027 0.007609 1.740947
0.931363 0.000000 0.000001 0.000001 0.000000 0.061025 0.007609 1.740947
0.931365 0.000000 0.000001 0.000002 0.000000 0.061023 0.007609 1.740948
0.931366 0.000000 0.000001 0.000002 0.000000 0.061021 0.007609 1.740948
0.931369 0.000000 0.000001 0.000002 0.000000 0.061019 0.007609 1.740948
0.931371 0.000000 0.000001 0.000002 0.000000 0.061017 0.007609 1.740948
0.931372 0.000000 0.000001 0.000002 0.000000 0.061015 0.007609 1.740948
0.931374 0.000000 0.000001 0.000002 0.000000 0.061013 0.007609 1.740948
0.931376 0.000000 0.000001 0.000002 0.000000 0.061012 0.007609 1.740948
0.931377 0.000000 0.000001 0.000002 0.000000 0.061010 0.007609 1.740948
0.931378 0.000000 0.000001 0.000001 0.000000 0.061010 0.007609 1.740948
0.931379 0.000000 0.000000 0.000001 0.000000 0.061010 0.007609 1.740948
0.931380 0.000000 0.000000 0.000001 0.000000 0.061009 0.007609 1.740948
0.931381 0.000000 0.000000 0.000001 0.000000 0.061008 0.007609 1.740948
0.931382 0.000000 0.000000 0.000001 0.000000 0.061006 0.007609 1.740948
0.931384 0.000000 0.000000 0.000001 0.000000 0.061005 0.007609 1.740948
0.931385 0.000000 0.000000 0.000001 0.000000 0.061004 0.007609 1.740948
0.931386 0.000000 0.000000 0.000001 0.000000 0.061003 0.007609 1.740948
0.931387 0.000000 0.000000 0.000001 0.000000 0.061002 0.007609 1.740948
0.931388 0.000000 0.000000 0.000001 0.000000 0.061001 0.007609 1.740948
0.931388 0.000000 0.000000 0.000000 0.000000 0.061002 0.007609 1.740948
0.931389 0.000000 0.000000 0.000000 0.000000 0.061001 0.007609 1.740948
0.931389 0.000000 0.000000 0.000000 0.000000 0.061001 0.007609 1.740948
0.931389 0.000000 0.000000 0.000000 0.000000 0.061001 0.007609 1.740948
0.931389 0.000000 0.000000 0.000000 0.000000 0.061001 0.007609 1.740948
0.931389 0.000000 0.000000 0.000000 0.000000 0.061001 0.007609 1.740948
0.931389 0.000000 0.000000 0.000000 0.000000 0.061001 0.007609 1.740948
0.931389 0.000000 0.000000 0.000000 0.000000 0.061001 0.007609 1.740948
0.931389 0.000000 0.000000 0.000000 0.000000 0.061001 0.007609 1.740948
0.931389 0.000000 0.000000 0.000000 0.000000 0.061001 0.007609 1.740948
0.931389 0.000000 0.000000 0.000000 0.000000 0.061001 0.007609 1.740948
0.931389 0.000000 0.000000 0.000000 0.000000 0.061001 0.007609 1.740948
0.931389 0.000000 0.000000 0.000000 0.000000 0.061001 0.007609 1.740948
0.931389 0.000000 0.000000 0.000000 0.000000 0.061001 0.007609 1.740948
0.931389 0.000000 0.000000 0.000000 0.000000 0.061001 0.007609 1.740948
0.931389 0.000000 0.000000 0.000000 0.000000 0.061001 0.007609 1.740948
0.931389 0.000000 0.000000 0.000000 0.000000 0.061001 0.007609 1.740948
0.931389 0.000000 0.000000 0.000000 0.000000 0.061001 0.007609 1.740948
0.931389 0.000000 0.000000 0.000000 0.000000 0.061001 0.007609 1.740948
0.931389 0.000000 0.000000 0.000000 0.000000 0.061001 0.007609 1.740948
0.931389 0.000000 0.000000 0.000000 0.000000 0.061001 0.007609 1.740948
0.931389 0.000000 0.000000 0.000000 0.000000 0.061001 0.007609 1.740948
0.931389 0.000000 0.000000 0.000000 0.000000 0.061001 0.007609 1.740948
0.931389 0.000000 0.000000 0.000000 0.000000 0.061001 0.007609 1.740948
0.931389 0.000000 0.000000 0.000000 0.000000 0.061001 0.007609 1.740948
0.931389 0.000000 0.000000 0.000000 0.000000 0.061001 0.007609 1.740948
0.931389 0.000000 0.000000 0.000000 0.000000 0.061001 0.007609 1.740948
0.931389 0.000000 0.000000 0.000000 0.000000 0.061001 0.007609 1.740948
0.931389 0.000000 0.000000 0.000000 0.000000 0.061001 0.007609 1.740948
0.931389 0.000000 0.000000 0.000000 0.000000 0.061001 0.007609 1.740948
0.931389 0.000000 0.000000 0.000000 0.000000 0.061001 0.007609 1.740948
0.931389 0.000000 0.000000 0.000000 0.000000 0.061001 0.007609 1.740948
0.931389 0.000000 0.000000 0.000000 0.000000 0.061001 0.007609 1.740948
0.931389 0.000000 0.000000 0.000000 0.000000 0.061001 0.007609 1.740948
0.931389 0.000000 0.000000 0.000000 0.000000 0.061001 0.007609 1.740948
0.931389 0.000000 0.000000 0.000000 0.000000 0.061001 0.007609 1.740948
0.931389 0.000000 0.000000 0.000000 0.000000 0.061001 0.007609 1.740948
0.931389 0.000000 0.000000 0.000000 0.000000 0.061001 0.007609 1.740948
0.931389 0.000000 0.000000 0.000000 0.000000 0.061001 0.007609 1.740948
0.931389 0.000000 0.000000 0.000000 0.000000 0.061001 0.007609 1.740948
0.931389 0.000000 0.000000 0.000000 0.000000 0.061001 0.007609 1.740948
0.931389 0.000000 0.000000 0.000000 0.000000 0.061001 0.007609 1.740948
0.931389 0.000000 0.000000 0.000000 0.000000 0.061001 0.007609 1.740948
0.931389 0.000000 0.000000 0.000000 0.000000 0.061001 0.007609 1.740948
0.931389 0.000000 0.000000 0.000000 0.000000 0.061001 0.007609 1.740948
0.931389 0.000000 0.000000 0.000000 0.000000 0.061001 0.007609 1.740948
0.931389 0.000000 0.000000 0.000000 0.000000 0.061001 0.007609 1.740948
0.931389 0.000000 0.000000 0.000000 0.000000 0.061001 0.007609 1.740948
0.931389 0.000000 0.000000 0.000000 0.000000 0.061001 0.007609 1.740948
0.931389 0.000000 0.000000 0.000000 0.000000 0.061001 0.007609 1.740948
0.931389 0.000000 0.000000 0.000000 0.000000 0.061001 0.007609 1.740948
0.931389 0.000000 0.000000 0.000000 0.000000 0.061001 0.007609 1.740948
0.931389 0.000000 0.000000 0.000000 0.000000 0.061001 0.007609 1.740948
0.931389 0.000000 0.000000 0.000000 0.000000 0.061001 0.007609 1.740948
0.931389 0.000000 0.000000 0.000000 0.000000 0.061001 0.007609 1.740948
0.931389 0.000000 0.000000 0.000000 0.000000 0.061001 0.007609 1.740948
0.931389 0.000000 0.000000 0.000000 0.000000 0.061001 0.007609 1.740948
0.931389 0.000000 0.000000 0.000000 0.000000 0.061001 0.007609 1.740948
0.931389 0.000000 0.000000 0.000000 0.000000 0.061001 0.007609 1.740948
0.931389 0.000000 0.000000 0.000000 0.000000 0.061001 0.007609 1.740948
0.931389 0.000000 0.000000 0.000000 0.000000 0.061001 0.007609 1.740948
0.931389 0.000000 0.000000 0.000000 0.000000 0.061001 0.007609 1.740948
0.931389 0.000000 0.000000 0.000000 0.000000 0.061001 0.007609 1.740948
0.931389 0.000000 0.000000 0.000000 0.000000 0.061001 0.007609 1.740948
0.931389 0.000000 0.000000 0.000000 0.000000 0.061001 0.007609 1.740948
0.931389 0.000000 0.000000 0.000000 0.000000 0.061001 0.007609 1.740948
0.931389 0.000000 0.000000 0.000000 0.000000 0.061001 0.007609 1.740948
0.931389 0.000000 0.000000 0.000000 0.000000 0.061001 0.007609 1.740948
0.931389 0.000000 0.000000 0.000000 0.000000 0.061001 0.007609 1.740948
0.931389 0.000000 0.000000 0.000000 0.000000 0.061001 0.007609 1.740948
0.931389 0.000000 0.000000 0.000000 0.000000 0.061001 0.007609 1.740948
0.931389 0.000000 0.000000 0.000000 0.000000 0.061001 0.007609 1.740948
0.931389 0.000000 0.000000 0.000000 0.000000 0.061001 0.007609 1.740948
0.931389 0.000000 0.000000 0.000000 0.000000 0.061001 0.007609 1.740948
0.931389 0.000000 0.000000 0.000000 0.000000 0.061001 0.007609 1.740948
0.931389 0.000000 0.000000 0.000000 0.000000 0.061001 0.007609 1.740948
0.931389 0.000000 0.000000 0.000000 0.000000 0.061001 0.007609 1.740948
0.931389 0.000000 0.000000 0.000000 0.000000 0.061001 0.007609 1.740948
0.931389 0.000000 0.000000 0.000000 0.000000 0.061001 0.007609 1.740948
0.931389 0.000000 0.000000 0.000000 0.000000 0.061001 0.007609 1.740948
0.931389 0.000000 0.000000 0.000000 0.000000 0.061001 0.007609 1.740948
0.931389 0.000000 0.000000 0.000000 0.000000 0.061001 0.007609 1.740948
0.931389 0.000000 0.000000 0.000000 0.000000 0.061001 0.007609 1.740948
0.931389 0.000000 0.000000 0.000000 0.000000 0.061001 0.007609 1.740948
0.931389 0.000000 0.000000 0.000000 0.000000 0.061001 0.007609 1.740948
0.931389 0.000000 0.000000 0.000000 0.000000 0.061001 0.007609 1.740948
0.931389 0.000000 0.000000 0.000000 0.000000 0.061001 0.007609 1.740948
0.931389 0.000000 0.000000 0.000000 0.000000 0.061001 0.007609 1.740948
0.931389 0.000000 0.000000 0.000000 0.000000 0.061001 0.007609 1.740948
0.931389 0.000000 0.000000 0.000000 0.000000 0.061001 0.007609 1.740948
0.931389 0.000000 0.000000 0.000000 0.000000 0.061001 0.007609 1.740948
0.931389 0.000000 0.000000 0.000000 0.000000 0.061001 0.007609 1.740948
0.931389 0.000000 0.000000 0.000000 0.000000 0.061001 0.007609 1.740948
0.931389 0.000000 0.000000 0.000000 0.000000 0.061001 0.007609 1.740948
0.931389 0.000000 0.000000 0.000000 0.000000 0.061001 0.007609 1.740948
0.931389 0.000000 0.000000 0.000000 0.000000 0.061001 0.007609 1.740948
0.931389 0.000000 0.000000 0.000000 0.000000 0.061001 0.007609 1.740948
0.931389 0.000000 0.000000 0.000000 0.000000 0.061001 0.007609 1.740948
0.931389 0.000000 0.000000 0.000000 0.000000 0.061001 0.007609 1.740948
0.931389 0.000000 0.000000 0.000000 0.000000 0.061001 0.007609 1.740948
0.931389 0.000000 0.000000 0.000000 0.000000 0.061001 0.007609 1.740948
0.931389 0.000000 0.000000 0.000000 0.000000 0.061001 0.007609 1.740948
0.931389 0.000000 0.000000 0.000000 0.000000 0.061001 0.007609 1.740948
0.931389 0.000000 0.000000 0.000000 0.000000 0.061001 0.007609 1.740948
0.931389 0.000000 0.000000 0.000000 0.000000 0.061001 0.007609 1.740948
0.931389 0.000000 0.000000 0.000000 0.000000 0.061001 0.007609 1.740948
0.931389 0.000000 0.000000 0.000000 0.000000 0.061001 0.007609 1.740948
0.931389 0.000000 0.000000 0.000000 0.000000 0.061001 0.007609 1.740948
0.931389 0.000000 0.000000 0.000000 0.000000 0.061001 0.007609 1.740948
0.931389 0.000000 0.000000 0.000000 0.000000 0.061001 0.007609 1.740948
0.931389 0.000000 0.000000 0.000000 0.000000 0.061001 0.007609 1.740948
0.931389 0.000000 0.000000 0.000000 0.000000 0.061001 0.007609 1.740948
0.931389 0.000000 0.000000 0.000000 0.000000 0.061001 0.007609 1.740948
0.931389 0.000000 0.000000 0.000000 0.000000 0.061001 0.007609 1.740948
0.931389 0.000000 0.000000 0.000000 0.000000 0.061001 0.007609 1.740948
0.931389 0.000000 0.000000 0.000000 0.000000 0.061001 0.007609 1.740948
0.931389 0.000000 0.000000 0.000000 0.000000 0.061001 0.007609 1.740948
0.931389 0.000000 0.000000 0.000000 0.000000 0.061001 0.007609 1.740948
0.931389 0.000000 0.000000 0.000000 0.000000 0.061001 0.007609 1.740948
0.931389 0.000000 0.000000 0.000000 0.000000 0.061001 0.007609 1.740948
0.931389 0.000000 0.000000 0.000000 0.000000 0.061001 0.007609 1.740948
0.931389 0.000000 0.000000 0.000000 0.000000 0.061001 0.007609 1.740948
0.931389 0.000000 0.000000 0.000000 0.000000 0.061001 0.007609 1.740948
0.931389 0.000000 0.000000 0.000000 0.000000 0.061001 0.007609 1.740948
0.931389 0.000000 0.000000 0.000000 0.000000 0.061001 0.007609 1.740948
0.931389 0.000000 0.000000 0.000000 0.000000 0.061001 0.007609 1.740948
0.931389 0.000000 0.000000 0.000000 0.000000 0.061001 0.007609 1.740948
0.931389 0.000000 0.000000 0.000000 0.000000 0.061001 0.007609 1.740948
0.931389 0.000000 0.000000 0.000000 0.000000 0.061001 0.007609 1.740948
0.931389 0.000000 0.000000 0.000000 0.000000 0.061001 0.007609 1.740948
0.931389 0.000000 0.000000 0.000000 0.000000 0.061001 0.007609 1.740948
0.931389 0.000000 0.000000 0.000000 0.000000 0.061001 0.007609 1.740948
0.931389 0.000000 0.000000 0.000000 0.000000 0.061001 0.007609 1.740948
0.931389 0.000000 0.000000 0.000000 0.000000 0.061001 0.007609 1.740948
0.931389 0.000000 0.000000 0.000000 0.000000 0.061001 0.007609 1.740948
0.931389 0.000000 0.000000 0.000000 0.000000 0.061001 0.007609 1.740948
0.931389 0.000000 0.000000 0.000000 0.000000 0.061001 0.007609 1.740948
0.931389 0.000000 0.000000 0.000000 0.000000 0.061001 0.007609 1.740948
