0.328818 0.063504 0.057350 0.032940 0.002169 0.508948 0.006271 1.662724
0.331568 0.061067 0.057225 0.032664 0.002177 0.508998 0.006301 1.668816
0.335182 0.057957 0.056972 0.032370 0.002167 0.509023 0.006329 1.674718
0.339153 0.054780 0.056495 0.031892 0.002153 0.509167 0.006361 1.680231
0.343482 0.051639 0.055894 0.031417 0.002160 0.509025 0.006382 1.685366
0.348108 0.048455 0.055191 0.030834 0.002157 0.508847 0.006409 1.690282
0.352915 0.045510 0.054295 0.030164 0.002151 0.508526 0.006438 1.694797
0.357857 0.042577 0.053402 0.029542 0.002137 0.508025 0.006463 1.699158
0.362953 0.039769 0.052403 0.028765 0.002141 0.507476 0.006493 1.703213
0.368169 0.037133 0.051335 0.027986 0.002113 0.506742 0.006521 1.707030
0.373278 0.034785 0.049968 0.027209 0.002102 0.506105 0.006552 1.710485
0.378603 0.032539 0.048604 0.026423 0.002102 0.505145 0.006584 1.713751
0.383867 0.030429 0.047300 0.025578 0.002090 0.504129 0.006608 1.716846
0.389260 0.028500 0.045885 0.024705 0.002080 0.502935 0.006635 1.719701
0.394718 0.026674 0.044472 0.023880 0.002058 0.501531 0.006667 1.722373
0.400202 0.024912 0.043020 0.023106 0.002035 0.500024 0.006701 1.724925
0.405775 0.023345 0.041561 0.022244 0.002027 0.498324 0.006723 1.727241
0.411375 0.021820 0.040130 0.021386 0.002005 0.496536 0.006748 1.729434
0.416792 0.020423 0.038664 0.020576 0.001987 0.494788 0.006769 1.731510
0.422457 0.019133 0.037277 0.019769 0.001975 0.492597 0.006791 1.733442
0.428066 0.017877 0.035921 0.018986 0.001957 0.490378 0.006816 1.735301
0.433573 0.016769 0.034539 0.018260 0.001928 0.488092 0.006838 1.737011
0.439027 0.015722 0.033175 0.017503 0.001898 0.485815 0.006858 1.738629
0.444526 0.014749 0.031818 0.016786 0.001872 0.483367 0.006882 1.740121
0.450037 0.013877 0.030490 0.016020 0.001853 0.480817 0.006905 1.741483
0.455661 0.013077 0.029285 0.015303 0.001816 0.477925 0.006933 1.742788
0.461138 0.012305 0.028032 0.014633 0.001776 0.475160 0.006958 1.744028
0.466592 0.011597 0.026845 0.013982 0.001754 0.472255 0.006975 1.745192
0.472092 0.010950 0.025688 0.013403 0.001723 0.469148 0.006996 1.746277
0.477594 0.010306 0.024576 0.012815 0.001681 0.466008 0.007021 1.747322
0.483004 0.009709 0.023481 0.012242 0.001659 0.462864 0.007041 1.748320
0.488395 0.009156 0.022454 0.011697 0.001624 0.459611 0.007064 1.749263
0.493855 0.008645 0.021501 0.011154 0.001585 0.456167 0.007094 1.750142
0.499171 0.008199 0.020579 0.010610 0.001560 0.452768 0.007114 1.750944
0.504408 0.007746 0.019688 0.010132 0.001534 0.449358 0.007134 1.751747
0.509736 0.007352 0.018841 0.009643 0.001511 0.445766 0.007152 1.752478
0.514948 0.006980 0.018036 0.009194 0.001472 0.442199 0.007171 1.753175
0.520155 0.006613 0.017215 0.008757 0.001433 0.438633 0.007193 1.753862
0.525340 0.006266 0.016441 0.008342 0.001396 0.434997 0.007219 1.754510
0.530405 0.005947 0.015680 0.007930 0.001354 0.431447 0.007238 1.755096
0.535466 0.005618 0.014993 0.007566 0.001327 0.427774 0.007256 1.755682
0.540517 0.005334 0.014329 0.007200 0.001301 0.424047 0.007273 1.756237
0.545607 0.005064 0.013670 0.006870 0.001267 0.420233 0.007290 1.756757
0.550650 0.004833 0.012976 0.006562 0.001238 0.416431 0.007309 1.757238
0.555630 0.004604 0.012334 0.006253 0.001212 0.412648 0.007322 1.757710
0.560492 0.004391 0.011792 0.005950 0.001185 0.408858 0.007332 1.758165
0.565298 0.004211 0.011233 0.005681 0.001157 0.405075 0.007345 1.758576
0.570165 0.004018 0.010738 0.005406 0.001136 0.401181 0.007357 1.759002
0.574940 0.003824 0.010280 0.005136 0.001098 0.397349 0.007375 1.759406
0.579649 0.003688 0.009762 0.004869 0.001059 0.393585 0.007388 1.759747
0.584295 0.003520 0.009324 0.004633 0.001034 0.389789 0.007406 1.760118
0.588971 0.003373 0.008913 0.004427 0.001005 0.385895 0.007417 1.760459
0.593580 0.003237 0.008522 0.004226 0.000968 0.382034 0.007432 1.760786
0.598154 0.003109 0.008154 0.004039 0.000942 0.378155 0.007447 1.761115
0.602624 0.002983 0.007788 0.003837 0.000925 0.374387 0.007457 1.761416
0.607116 0.002852 0.007443 0.003679 0.000901 0.370541 0.007467 1.761727
0.611599 0.002737 0.007111 0.003500 0.000877 0.366699 0.007478 1.762012
0.615970 0.002633 0.006778 0.003338 0.000854 0.362939 0.007488 1.762279
0.620373 0.002498 0.006494 0.003175 0.000833 0.359132 0.007496 1.762561
0.624652 0.002407 0.006234 0.003028 0.000808 0.355361 0.007509 1.762811
0.628980 0.002308 0.005948 0.002888 0.000785 0.351572 0.007519 1.763047
0.633121 0.002242 0.005691 0.002731 0.000758 0.347925 0.007533 1.763249
0.637236 0.002163 0.005457 0.002614 0.000733 0.344252 0.007545 1.763464
0.641305 0.002101 0.005213 0.002487 0.000717 0.340624 0.007554 1.763656
0.645387 0.002035 0.004996 0.002371 0.000692 0.336955 0.007565 1.763848
0.649368 0.001958 0.004795 0.002260 0.000668 0.333374 0.007578 1.764037
0.653401 0.001893 0.004591 0.002183 0.000651 0.329699 0.007583 1.764221
0.657323 0.001842 0.004383 0.002075 0.000634 0.326152 0.007591 1.764389
0.661304 0.001800 0.004164 0.001983 0.000622 0.322532 0.007597 1.764549
0.665166 0.001756 0.003980 0.001909 0.000606 0.318980 0.007604 1.764725
0.669042 0.001698 0.003791 0.001820 0.000597 0.315442 0.007611 1.764886
0.672834 0.001652 0.003617 0.001766 0.000581 0.311932 0.007619 1.765049
0.676545 0.001596 0.003465 0.001696 0.000563 0.308508 0.007627 1.765215
0.680239 0.001546 0.003329 0.001624 0.000541 0.305085 0.007636 1.765367
0.683976 0.001491 0.003196 0.001561 0.000521 0.301612 0.007644 1.765518
0.687656 0.001445 0.003067 0.001504 0.000507 0.298171 0.007651 1.765657
0.691240 0.001394 0.002947 0.001458 0.000489 0.294817 0.007656 1.765809
0.694805 0.001345 0.002828 0.001399 0.000476 0.291488 0.007660 1.765947
0.698398 0.001302 0.002709 0.001338 0.000461 0.288128 0.007665 1.766070
0.701890 0.001268 0.002599 0.001294 0.000447 0.284829 0.007673 1.766189
0.705476 0.001223 0.002506 0.001243 0.000430 0.281442 0.007681 1.766307
0.708883 0.001172 0.002409 0.001198 0.000416 0.278235 0.007688 1.766431
0.712240 0.001139 0.002320 0.001147 0.000404 0.275058 0.007693 1.766539
0.715664 0.001082 0.002232 0.001102 0.000389 0.271832 0.007701 1.766660
0.718921 0.001064 0.002139 0.001057 0.000377 0.268738 0.007706 1.766766
0.722219 0.001048 0.002049 0.001024 0.000369 0.265581 0.007711 1.766873
0.725429 0.001017 0.001974 0.000987 0.000356 0.262518 0.007720 1.766968
0.728585 0.000993 0.001905 0.000959 0.000346 0.259491 0.007722 1.767070
0.731711 0.000958 0.001816 0.000928 0.000335 0.256526 0.007726 1.767170
0.734880 0.000937 0.001755 0.000892 0.000326 0.253481 0.007730 1.767260
0.737953 0.000925 0.001685 0.000861 0.000316 0.250527 0.007735 1.767349
0.740955 0.000906 0.001615 0.000821 0.000305 0.247659 0.007740 1.767432
0.743996 0.000880 0.001565 0.000796 0.000292 0.244726 0.007746 1.767525
0.746988 0.000860 0.001514 0.000773 0.000277 0.241839 0.007750 1.767613
0.749834 0.000836 0.001466 0.000747 0.000269 0.239094 0.007754 1.767701
0.752742 0.000802 0.001423 0.000725 0.000262 0.236290 0.007757 1.767789
0.755650 0.000788 0.001360 0.000704 0.000252 0.233485 0.007762 1.767863
0.758568 0.000758 0.001323 0.000676 0.000244 0.230666 0.007765 1.767941
0.761350 0.000731 0.001305 0.000643 0.000238 0.227964 0.007769 1.768015
0.764154 0.000715 0.001272 0.000624 0.000231 0.225232 0.007773 1.768093
0.766869 0.000707 0.001239 0.000606 0.000223 0.222582 0.007776 1.768163
0.769638 0.000698 0.001199 0.000587 0.000216 0.219886 0.007778 1.768222
0.772300 0.000673 0.001161 0.000565 0.000212 0.217309 0.007781 1.768292
0.774931 0.000661 0.001129 0.000543 0.000208 0.214744 0.007785 1.768355
0.777616 0.000643 0.001098 0.000522 0.000201 0.212134 0.007789 1.768420
0.780229 0.000635 0.001066 0.000506 0.000193 0.209581 0.007791 1.768480
0.782846 0.000618 0.001032 0.000487 0.000188 0.207037 0.007793 1.768539
0.785437 0.000603 0.000992 0.000466 0.000183 0.204522 0.007797 1.768596
0.787953 0.000581 0.000970 0.000452 0.000173 0.202072 0.007800 1.768660
0.790377 0.000576 0.000929 0.000437 0.000169 0.199709 0.007803 1.768708
0.792803 0.000560 0.000911 0.000423 0.000164 0.197335 0.007805 1.768766
0.795200 0.000535 0.000891 0.000414 0.000162 0.194991 0.007807 1.768824
0.797530 0.000522 0.000869 0.000408 0.000160 0.192702 0.007810 1.768874
0.799883 0.000509 0.000836 0.000393 0.000157 0.190410 0.007812 1.768921
0.802192 0.000503 0.000821 0.000377 0.000153 0.188137 0.007816 1.768971
0.804489 0.000503 0.000797 0.000359 0.000148 0.185885 0.007820 1.769013
0.806721 0.000497 0.000777 0.000353 0.000146 0.183684 0.007822 1.769059
0.808957 0.000499 0.000744 0.000340 0.000143 0.181492 0.007824 1.769103
0.811156 0.000480 0.000726 0.000335 0.000139 0.179340 0.007826 1.769159
0.813298 0.000475 0.000702 0.000322 0.000135 0.177240 0.007827 1.769198
0.815437 0.000464 0.000690 0.000310 0.000131 0.175137 0.007831 1.769248
0.817597 0.000458 0.000670 0.000304 0.000126 0.173012 0.007834 1.769292
0.819706 0.000453 0.000653 0.000285 0.000122 0.170947 0.007835 1.769333
0.821835 0.000440 0.000641 0.000275 0.000118 0.168855 0.007837 1.769383
0.823968 0.000426 0.000617 0.000273 0.000114 0.166764 0.007838 1.769423
0.825958 0.000406 0.000608 0.000272 0.000113 0.164804 0.007841 1.769472
0.827935 0.000398 0.000582 0.000263 0.000108 0.162872 0.007843 1.769507
0.829977 0.000382 0.000563 0.000263 0.000105 0.160865 0.007846 1.769545
0.831963 0.000367 0.000549 0.000260 0.000100 0.158914 0.007848 1.769587
0.833904 0.000365 0.000529 0.000250 0.000097 0.157006 0.007850 1.769623
0.835831 0.000351 0.000521 0.000240 0.000092 0.155112 0.007853 1.769658
0.837738 0.000348 0.000499 0.000233 0.000089 0.153240 0.007853 1.769689
0.839635 0.000335 0.000492 0.000224 0.000086 0.151373 0.007855 1.769724
0.841473 0.000341 0.000475 0.000215 0.000083 0.149556 0.007857 1.769752
0.843262 0.000337 0.000462 0.000208 0.000081 0.147792 0.007859 1.769780
0.845037 0.000331 0.000453 0.000193 0.000076 0.146049 0.007861 1.769811
0.846790 0.000326 0.000445 0.000191 0.000077 0.144309 0.007861 1.769842
0.848516 0.000313 0.000434 0.000181 0.000076 0.142618 0.007862 1.769876
0.850230 0.000309 0.000424 0.000173 0.000075 0.140927 0.007862 1.769903
0.851871 0.000298 0.000418 0.000171 0.000072 0.139307 0.007862 1.769937
0.853527 0.000296 0.000415 0.000167 0.000069 0.137662 0.007864 1.769968
0.855152 0.000286 0.000411 0.000168 0.000068 0.136052 0.007864 1.769999
0.856759 0.000285 0.000400 0.000160 0.000066 0.134466 0.007865 1.770021
0.858269 0.000279 0.000391 0.000160 0.000065 0.132970 0.007866 1.770052
0.859795 0.000278 0.000387 0.000164 0.000063 0.131446 0.007868 1.770077
0.861270 0.000269 0.000374 0.000158 0.000061 0.129998 0.007870 1.770103
0.862739 0.000257 0.000369 0.000155 0.000059 0.128550 0.007872 1.770135
0.864151 0.000247 0.000362 0.000154 0.000057 0.127156 0.007873 1.770164
0.865606 0.000238 0.000354 0.000153 0.000054 0.125721 0.007875 1.770189
0.866982 0.000231 0.000344 0.000146 0.000053 0.124369 0.007875 1.770214
0.868323 0.000219 0.000336 0.000147 0.000052 0.123047 0.007876 1.770243
0.869640 0.000218 0.000327 0.000141 0.000051 0.121747 0.007876 1.770263
0.870968 0.000218 0.000319 0.000134 0.000051 0.120434 0.007877 1.770282
0.872256 0.000213 0.000308 0.000130 0.000050 0.119168 0.007877 1.770303
0.873549 0.000206 0.000297 0.000125 0.000050 0.117898 0.007877 1.770323
0.874866 0.000206 0.000284 0.000117 0.000047 0.116601 0.007878 1.770335
0.876102 0.000203 0.000275 0.000111 0.000046 0.115385 0.007880 1.770356
0.877286 0.000202 0.000268 0.000107 0.000044 0.114213 0.007881 1.770371
0.878481 0.000198 0.000261 0.000106 0.000041 0.113030 0.007881 1.770388
0.879695 0.000197 0.000260 0.000105 0.000039 0.111821 0.007883 1.770406
0.880790 0.000196 0.000253 0.000101 0.000038 0.110739 0.007883 1.770422
0.881880 0.000183 0.000251 0.000103 0.000035 0.109663 0.007886 1.770444
0.882962 0.000172 0.000256 0.000105 0.000034 0.108585 0.007886 1.770466
0.884022 0.000168 0.000246 0.000106 0.000032 0.107539 0.007888 1.770483
0.885047 0.000159 0.000239 0.000105 0.000030 0.106532 0.007888 1.770502
0.886076 0.000156 0.000237 0.000104 0.000030 0.105510 0.007888 1.770519
0.887123 0.000160 0.000229 0.000098 0.000029 0.104472 0.007888 1.770529
0.888072 0.000154 0.000219 0.000099 0.000029 0.103539 0.007888 1.770548
0.889071 0.000149 0.000214 0.000096 0.000027 0.102554 0.007889 1.770565
0.889927 0.000146 0.000214 0.000091 0.000027 0.101705 0.007890 1.770581
0.890839 0.000146 0.000208 0.000087 0.000026 0.100805 0.007890 1.770595
0.891692 0.000139 0.000206 0.000087 0.000023 0.099962 0.007892 1.770611
0.892533 0.000138 0.000193 0.000088 0.000021 0.099134 0.007892 1.770620
0.893386 0.000135 0.000184 0.000089 0.000021 0.098293 0.007892 1.770630
0.894193 0.000143 0.000180 0.000085 0.000020 0.097487 0.007893 1.770640
0.894959 0.000144 0.000175 0.000084 0.000020 0.096725 0.007893 1.770653
0.895714 0.000139 0.000173 0.000083 0.000019 0.095980 0.007893 1.770669
0.896463 0.000136 0.000174 0.000079 0.000019 0.095236 0.007893 1.770684
0.897189 0.000133 0.000171 0.000077 0.000018 0.094518 0.007893 1.770699
0.897923 0.000133 0.000166 0.000076 0.000018 0.093791 0.007893 1.770709
0.898577 0.000133 0.000162 0.000073 0.000017 0.093144 0.007893 1.770719
0.899273 0.000133 0.000155 0.000073 0.000017 0.092455 0.007893 1.770731
0.899920 0.000126 0.000152 0.000072 0.000016 0.091819 0.007895 1.770747
0.900566 0.000114 0.000147 0.000075 0.000015 0.091187 0.007896 1.770765
0.901203 0.000118 0.000146 0.000071 0.000014 0.090551 0.007896 1.770772
0.901770 0.000121 0.000142 0.000067 0.000014 0.089989 0.007896 1.770784
0.902373 0.000115 0.000141 0.000064 0.000014 0.089396 0.007896 1.770797
0.902948 0.000110 0.000145 0.000061 0.000014 0.088825 0.007897 1.770808
0.903505 0.000110 0.000143 0.000059 0.000014 0.088272 0.007897 1.770819
0.904058 0.000112 0.000140 0.000058 0.000013 0.087721 0.007897 1.770827
0.904583 0.000108 0.000136 0.000059 0.000012 0.087204 0.007897 1.770839
0.905085 0.000104 0.000135 0.000059 0.000012 0.086707 0.007897 1.770850
0.905564 0.000107 0.000134 0.000056 0.000011 0.086230 0.007898 1.770858
0.906047 0.000107 0.000133 0.000055 0.000010 0.085749 0.007899 1.770867
0.906528 0.000104 0.000131 0.000056 0.000009 0.085273 0.007899 1.770877
0.906955 0.000102 0.000127 0.000054 0.000009 0.084854 0.007899 1.770887
0.907376 0.000100 0.000120 0.000055 0.000009 0.084441 0.007899 1.770896
0.907784 0.000101 0.000120 0.000053 0.000009 0.084034 0.007899 1.770903
0.908164 0.000099 0.000116 0.000052 0.000008 0.083661 0.007899 1.770912
0.908549 0.000097 0.000118 0.000052 0.000007 0.083277 0.007900 1.770923
0.908916 0.000092 0.000115 0.000054 0.000007 0.082915 0.007900 1.770935
0.909262 0.000095 0.000110 0.000052 0.000007 0.082574 0.007900 1.770941
0.909606 0.000093 0.000108 0.000050 0.000007 0.082236 0.007900 1.770951
0.909941 0.000088 0.000106 0.000051 0.000006 0.081907 0.007900 1.770960
0.910288 0.000081 0.000109 0.000048 0.000006 0.081567 0.007900 1.770973
0.910627 0.000080 0.000104 0.000048 0.000006 0.081235 0.007900 1.770981
0.910936 0.000078 0.000105 0.000045 0.000006 0.080930 0.007900 1.770989
0.911271 0.000081 0.000103 0.000045 0.000006 0.080594 0.007900 1.770996
0.911594 0.000079 0.000099 0.000044 0.000005 0.080278 0.007900 1.771002
0.911900 0.000075 0.000101 0.000042 0.000006 0.079975 0.007900 1.771011
0.912204 0.000074 0.000101 0.000040 0.000005 0.079675 0.007901 1.771018
0.912501 0.000072 0.000099 0.000041 0.000005 0.079380 0.007901 1.771024
0.912771 0.000069 0.000097 0.000040 0.000005 0.079116 0.007901 1.771032
0.913030 0.000073 0.000093 0.000040 0.000005 0.078858 0.007901 1.771037
0.913264 0.000075 0.000089 0.000038 0.000004 0.078628 0.007902 1.771042
0.913540 0.000071 0.000088 0.000038 0.000004 0.078358 0.007902 1.771050
0.913800 0.000068 0.000084 0.000038 0.000004 0.078104 0.007902 1.771056
0.914022 0.000063 0.000086 0.000039 0.000003 0.077885 0.007902 1.771066
0.914241 0.000063 0.000084 0.000039 0.000003 0.077667 0.007902 1.771072
0.914460 0.000063 0.000083 0.000037 0.000003 0.077451 0.007902 1.771079
0.914644 0.000067 0.000081 0.000034 0.000003 0.077269 0.007902 1.771083
0.914853 0.000068 0.000081 0.000034 0.000003 0.077058 0.007902 1.771087
0.915063 0.000068 0.000080 0.000035 0.000003 0.076849 0.007902 1.771094
0.915253 0.000068 0.000076 0.000035 0.000003 0.076662 0.007902 1.771100
0.915441 0.000069 0.000074 0.000034 0.000003 0.076477 0.007902 1.771104
0.915616 0.000069 0.000073 0.000034 0.000004 0.076302 0.007902 1.771112
0.915778 0.000070 0.000074 0.000032 0.000004 0.076140 0.007902 1.771118
0.915930 0.000069 0.000074 0.000033 0.000004 0.075989 0.007902 1.771125
0.916087 0.000071 0.000070 0.000031 0.000004 0.075835 0.007902 1.771130
0.916247 0.000070 0.000072 0.000033 0.000004 0.075672 0.007902 1.771136
0.916409 0.000068 0.000068 0.000033 0.000005 0.075516 0.007902 1.771141
0.916555 0.000064 0.000068 0.000034 0.000004 0.075372 0.007902 1.771147
0.916698 0.000063 0.000065 0.000033 0.000004 0.075235 0.007902 1.771153
0.916848 0.000062 0.000062 0.000033 0.000004 0.075090 0.007902 1.771161
0.916990 0.000056 0.000063 0.000031 0.000004 0.074953 0.007902 1.771169
0.917108 0.000058 0.000063 0.000031 0.000004 0.074833 0.007903 1.771172
0.917237 0.000060 0.000062 0.000033 0.000003 0.074702 0.007904 1.771179
0.917360 0.000060 0.000063 0.000031 0.000003 0.074580 0.007904 1.771184
0.917483 0.000053 0.000064 0.000030 0.000003 0.074464 0.007904 1.771193
0.917594 0.000051 0.000063 0.000029 0.000003 0.074356 0.007904 1.771200
0.917698 0.000052 0.000062 0.000029 0.000003 0.074253 0.007904 1.771205
0.917795 0.000050 0.000059 0.000028 0.000003 0.074161 0.007904 1.771211
0.917905 0.000049 0.000061 0.000028 0.000004 0.074050 0.007904 1.771217
0.918005 0.000049 0.000059 0.000029 0.000003 0.073952 0.007904 1.771220
0.918100 0.000051 0.000057 0.000030 0.000003 0.073855 0.007904 1.771223
0.918189 0.000051 0.000056 0.000029 0.000003 0.073768 0.007904 1.771227
0.918280 0.000047 0.000057 0.000029 0.000003 0.073680 0.007904 1.771233
0.918351 0.000046 0.000056 0.000028 0.000003 0.073613 0.007904 1.771237
0.918426 0.000046 0.000061 0.000028 0.000003 0.073534 0.007904 1.771244
0.918506 0.000046 0.000060 0.000026 0.000003 0.073455 0.007904 1.771248
0.918586 0.000050 0.000059 0.000024 0.000003 0.073375 0.007904 1.771251
0.918660 0.000049 0.000057 0.000022 0.000003 0.073307 0.007904 1.771254
0.918740 0.000050 0.000055 0.000022 0.000003 0.073226 0.007904 1.771259
0.918813 0.000047 0.000056 0.000024 0.000003 0.073154 0.007904 1.771265
0.918882 0.000045 0.000055 0.000024 0.000003 0.073088 0.007904 1.771271
0.918939 0.000040 0.000054 0.000023 0.000003 0.073037 0.007904 1.771277
0.919003 0.000040 0.000051 0.000021 0.000003 0.072979 0.007905 1.771281
0.919065 0.000036 0.000051 0.000020 0.000002 0.072921 0.007905 1.771286
0.919115 0.000037 0.000051 0.000020 0.000002 0.072872 0.007905 1.771290
0.919171 0.000034 0.000051 0.000021 0.000002 0.072817 0.007905 1.771295
0.919221 0.000033 0.000049 0.000021 0.000002 0.072770 0.007905 1.771299
0.919273 0.000033 0.000048 0.000020 0.000002 0.072720 0.007905 1.771302
0.919324 0.000033 0.000046 0.000019 0.000003 0.072671 0.007905 1.771305
0.919380 0.000034 0.000044 0.000022 0.000003 0.072614 0.007905 1.771310
0.919430 0.000031 0.000044 0.000023 0.000003 0.072565 0.007905 1.771314
0.919479 0.000032 0.000043 0.000022 0.000003 0.072517 0.007905 1.771319
0.919518 0.000035 0.000042 0.000022 0.000003 0.072476 0.007905 1.771322
0.919556 0.000034 0.000042 0.000021 0.000003 0.072441 0.007905 1.771326
0.919596 0.000034 0.000041 0.000022 0.000003 0.072401 0.007905 1.771328
0.919630 0.000034 0.000042 0.000020 0.000002 0.072366 0.007905 1.771334
0.919668 0.000035 0.000039 0.000022 0.000002 0.072330 0.007905 1.771337
0.919705 0.000036 0.000037 0.000022 0.000001 0.072294 0.007905 1.771339
0.919752 0.000036 0.000035 0.000021 0.000002 0.072249 0.007905 1.771342
0.919790 0.000035 0.000037 0.000021 0.000001 0.072210 0.007906 1.771347
0.919826 0.000037 0.000035 0.000022 0.000001 0.072173 0.007906 1.771350
0.919866 0.000040 0.000033 0.000022 0.000001 0.072132 0.007906 1.771353
0.919903 0.000039 0.000035 0.000021 0.000001 0.072096 0.007906 1.771357
0.919939 0.000041 0.000034 0.000021 0.000001 0.072059 0.007906 1.771360
0.919972 0.000040 0.000033 0.000024 0.000001 0.072026 0.007906 1.771365
0.920002 0.000037 0.000033 0.000026 0.000001 0.071996 0.007906 1.771370
0.920032 0.000039 0.000034 0.000024 0.000001 0.071964 0.007906 1.771373
0.920062 0.000038 0.000034 0.000024 0.000001 0.071935 0.007906 1.771376
0.920094 0.000036 0.000036 0.000024 0.000000 0.071904 0.007906 1.771381
0.920122 0.000036 0.000034 0.000025 0.000000 0.071877 0.007906 1.771384
0.920154 0.000034 0.000034 0.000024 0.000000 0.071848 0.007906 1.771389
0.920183 0.000036 0.000032 0.000025 0.000000 0.071819 0.007906 1.771391
0.920207 0.000035 0.000035 0.000023 0.000000 0.071794 0.007906 1.771396
0.920234 0.000034 0.000034 0.000022 0.000000 0.071771 0.007906 1.771400
0.920264 0.000034 0.000032 0.000022 0.000000 0.071743 0.007906 1.771403
0.920289 0.000034 0.000030 0.000022 0.000000 0.071719 0.007906 1.771405
0.920314 0.000035 0.000029 0.000023 0.000000 0.071692 0.007906 1.771409
0.920340 0.000034 0.000031 0.000023 0.000000 0.071666 0.007906 1.771413
0.920365 0.000033 0.000030 0.000023 0.000000 0.071643 0.007906 1.771416
0.920389 0.000035 0.000030 0.000023 0.000000 0.071616 0.007906 1.771417
0.920409 0.000036 0.000031 0.000022 0.000000 0.071595 0.007906 1.771420
0.920427 0.000034 0.000031 0.000023 0.000000 0.071579 0.007906 1.771424
0.920449 0.000032 0.000031 0.000022 0.000000 0.071561 0.007906 1.771428
0.920465 0.000036 0.000030 0.000020 0.000000 0.071542 0.007906 1.771431
0.920491 0.000035 0.000032 0.000021 0.000000 0.071515 0.007906 1.771435
0.920512 0.000036 0.000030 0.000021 0.000000 0.071495 0.007906 1.771435
0.920530 0.000038 0.000029 0.000020 0.000000 0.071477 0.007906 1.771437
0.920548 0.000039 0.000029 0.000018 0.000000 0.071459 0.007906 1.771440
0.920563 0.000038 0.000027 0.000019 0.000000 0.071447 0.007906 1.771443
0.920575 0.000036 0.000029 0.000018 0.000000 0.071435 0.007906 1.771448
0.920591 0.000036 0.000029 0.000019 0.000000 0.071419 0.007906 1.771452
0.920605 0.000035 0.000029 0.000019 0.000000 0.071406 0.007906 1.771455
0.920618 0.000033 0.000031 0.000017 0.000000 0.071395 0.007906 1.771459
0.920632 0.000031 0.000030 0.000015 0.000000 0.071385 0.007906 1.771461
0.920646 0.000033 0.000030 0.000014 0.000000 0.071371 0.007906 1.771463
0.920655 0.000036 0.000030 0.000014 0.000000 0.071359 0.007906 1.771465
0.920664 0.000036 0.000031 0.000014 0.000000 0.071349 0.007906 1.771469
0.920680 0.000034 0.000031 0.000013 0.000000 0.071336 0.007906 1.771472
0.920695 0.000034 0.000029 0.000014 0.000001 0.071321 0.007906 1.771475
0.920705 0.000033 0.000026 0.000014 0.000001 0.071316 0.007906 1.771478
0.920715 0.000031 0.000026 0.000017 0.000001 0.071305 0.007906 1.771483
0.920729 0.000031 0.000028 0.000017 0.000001 0.071289 0.007906 1.771486
0.920739 0.000032 0.000028 0.000016 0.000002 0.071278 0.007906 1.771489
0.920753 0.000031 0.000027 0.000017 0.000002 0.071266 0.007906 1.771493
0.920762 0.000029 0.000026 0.000017 0.000002 0.071259 0.007906 1.771497
0.920774 0.000030 0.000025 0.000017 0.000002 0.071248 0.007906 1.771499
0.920783 0.000029 0.000025 0.000017 0.000002 0.071240 0.007906 1.771500
0.920792 0.000029 0.000023 0.000018 0.000002 0.071231 0.007906 1.771502
0.920806 0.000029 0.000024 0.000017 0.000002 0.071217 0.007906 1.771504
0.920819 0.000027 0.000025 0.000016 0.000002 0.071207 0.007906 1.771507
0.920832 0.000027 0.000024 0.000017 0.000002 0.071194 0.007906 1.771508
0.920844 0.000025 0.000025 0.000016 0.000002 0.071182 0.007906 1.771511
0.920856 0.000023 0.000024 0.000017 0.000002 0.071173 0.007906 1.771514
0.920862 0.000022 0.000023 0.000017 0.000002 0.071169 0.007906 1.771517
0.920871 0.000021 0.000022 0.000016 0.000002 0.071162 0.007906 1.771519
0.920882 0.000020 0.000022 0.000015 0.000002 0.071154 0.007906 1.771521
0.920893 0.000019 0.000023 0.000014 0.000002 0.071143 0.007906 1.771524
0.920903 0.000018 0.000024 0.000013 0.000002 0.071134 0.007906 1.771527
0.920911 0.000016 0.000025 0.000012 0.000002 0.071129 0.007906 1.771530
0.920918 0.000016 0.000024 0.000012 0.000002 0.071123 0.007906 1.771532
0.920924 0.000016 0.000024 0.000012 0.000002 0.071117 0.007906 1.771535
0.920931 0.000018 0.000022 0.000012 0.000002 0.071110 0.007906 1.771535
0.920938 0.000018 0.000023 0.000012 0.000002 0.071103 0.007906 1.771539
0.920948 0.000018 0.000022 0.000011 0.000002 0.071095 0.007906 1.771539
0.920960 0.000019 0.000021 0.000011 0.000002 0.071083 0.007906 1.771539
0.920967 0.000020 0.000019 0.000010 0.000002 0.071076 0.007907 1.771540
0.920972 0.000019 0.000021 0.000010 0.000002 0.071071 0.007907 1.771543
0.920976 0.000020 0.000019 0.000010 0.000002 0.071067 0.007907 1.771543
0.920980 0.000022 0.000022 0.000010 0.000002 0.071060 0.007907 1.771545
0.920987 0.000023 0.000022 0.000010 0.000002 0.071051 0.007907 1.771547
0.920995 0.000022 0.000022 0.000010 0.000002 0.071043 0.007907 1.771549
0.921000 0.000024 0.000022 0.000010 0.000002 0.071036 0.007907 1.771551
0.921008 0.000025 0.000021 0.000010 0.000002 0.071029 0.007907 1.771553
0.921014 0.000026 0.000022 0.000010 0.000002 0.071022 0.007907 1.771554
0.921018 0.000026 0.000021 0.000013 0.000002 0.071015 0.007907 1.771558
0.921027 0.000024 0.000022 0.000013 0.000002 0.071007 0.007907 1.771562
0.921033 0.000024 0.000021 0.000014 0.000002 0.071000 0.007907 1.771564
0.921038 0.000023 0.000021 0.000013 0.000002 0.070998 0.007907 1.771568
0.921043 0.000024 0.000022 0.000014 0.000002 0.070989 0.007907 1.771570
0.921054 0.000025 0.000021 0.000015 0.000002 0.070978 0.007907 1.771572
0.921060 0.000025 0.000019 0.000014 0.000002 0.070973 0.007907 1.771574
0.921066 0.000024 0.000019 0.000014 0.000002 0.070969 0.007907 1.771577
0.921067 0.000024 0.000020 0.000014 0.000003 0.070966 0.007907 1.771580
0.921071 0.000024 0.000022 0.000013 0.000003 0.070962 0.007907 1.771582
0.921075 0.000023 0.000022 0.000015 0.000003 0.070957 0.007907 1.771587
0.921077 0.000023 0.000023 0.000014 0.000003 0.070955 0.007907 1.771589
0.921079 0.000024 0.000024 0.000014 0.000002 0.070952 0.007907 1.771590
0.921083 0.000022 0.000024 0.000014 0.000002 0.070949 0.007907 1.771593
0.921085 0.000024 0.000021 0.000014 0.000002 0.070947 0.007907 1.771594
0.921087 0.000026 0.000022 0.000013 0.000002 0.070945 0.007907 1.771596
0.921093 0.000027 0.000023 0.000012 0.000002 0.070938 0.007907 1.771599
0.921097 0.000026 0.000023 0.000012 0.000002 0.070935 0.007907 1.771601
0.921106 0.000023 0.000024 0.000010 0.000001 0.070930 0.007907 1.771605
0.921111 0.000022 0.000024 0.000011 0.000001 0.070925 0.007907 1.771607
0.921116 0.000022 0.000026 0.000011 0.000000 0.070920 0.007907 1.771611
0.921119 0.000021 0.000025 0.000011 0.000000 0.070918 0.007907 1.771613
0.921122 0.000019 0.000026 0.000011 0.000000 0.070915 0.007907 1.771616
0.921128 0.000021 0.000026 0.000010 0.000000 0.070908 0.007907 1.771617
0.921136 0.000022 0.000023 0.000010 0.000000 0.070901 0.007907 1.771617
0.921137 0.000023 0.000022 0.000010 0.000000 0.070901 0.007907 1.771618
0.921139 0.000022 0.000024 0.000011 0.000000 0.070897 0.007907 1.771622
0.921145 0.000020 0.000024 0.000011 0.000000 0.070893 0.007907 1.771624
0.921149 0.000019 0.000023 0.000010 0.000000 0.070892 0.007907 1.771627
0.921150 0.000020 0.000023 0.000010 0.000000 0.070889 0.007907 1.771628
0.921153 0.000019 0.000025 0.000010 0.000000 0.070887 0.007907 1.771631
0.921154 0.000021 0.000024 0.000010 0.000000 0.070885 0.007907 1.771632
0.921159 0.000019 0.000024 0.000010 0.000000 0.070881 0.007907 1.771633
0.921162 0.000021 0.000022 0.000010 0.000000 0.070879 0.007907 1.771634
0.921166 0.000021 0.000022 0.000011 0.000000 0.070875 0.007907 1.771637
0.921167 0.000020 0.000022 0.000011 0.000000 0.070873 0.007907 1.771640
0.921170 0.000018 0.000022 0.000010 0.000000 0.070873 0.007907 1.771642
0.921172 0.000018 0.000022 0.000010 0.000000 0.070873 0.007907 1.771643
0.921172 0.000017 0.000022 0.000010 0.000000 0.070873 0.007907 1.771645
0.921174 0.000017 0.000022 0.000010 0.000000 0.070872 0.007907 1.771647
0.921172 0.000019 0.000021 0.000008 0.000000 0.070873 0.007907 1.771649
0.921176 0.000020 0.000020 0.000007 0.000000 0.070870 0.007907 1.771649
0.921178 0.000020 0.000020 0.000008 0.000000 0.070867 0.007907 1.771652
0.921180 0.000019 0.000020 0.000010 0.000000 0.070864 0.007907 1.771654
0.921185 0.000019 0.000019 0.000010 0.000000 0.070860 0.007907 1.771656
0.921186 0.000020 0.000019 0.000010 0.000000 0.070858 0.007907 1.771658
0.921186 0.000021 0.000019 0.000012 0.000000 0.070856 0.007907 1.771660
0.921188 0.000018 0.000022 0.000011 0.000000 0.070856 0.007907 1.771663
0.921190 0.000016 0.000020 0.000012 0.000000 0.070856 0.007907 1.771665
0.921190 0.000014 0.000022 0.000013 0.000000 0.070855 0.007907 1.771669
0.921194 0.000014 0.000021 0.000013 0.000000 0.070852 0.007907 1.771670
0.921195 0.000015 0.000020 0.000012 0.000000 0.070851 0.007907 1.771671
0.921200 0.000015 0.000018 0.000011 0.000000 0.070850 0.007907 1.771673
0.921203 0.000014 0.000017 0.000012 0.000000 0.070849 0.007907 1.771675
0.921205 0.000012 0.000015 0.000011 0.000000 0.070850 0.007907 1.771676
0.921208 0.000011 0.000015 0.000011 0.000000 0.070849 0.007907 1.771678
0.921211 0.000010 0.000016 0.000012 0.000000 0.070844 0.007907 1.771680
0.921214 0.000010 0.000015 0.000013 0.000000 0.070842 0.007907 1.771681
0.921214 0.000012 0.000016 0.000012 0.000000 0.070841 0.007907 1.771682
0.921218 0.000011 0.000014 0.000010 0.000000 0.070840 0.007907 1.771683
0.921221 0.000011 0.000013 0.000010 0.000000 0.070840 0.007907 1.771683
0.921223 0.000011 0.000013 0.000009 0.000000 0.070838 0.007907 1.771683
0.921227 0.000010 0.000013 0.000008 0.000000 0.070835 0.007907 1.771685
0.921230 0.000010 0.000012 0.000007 0.000000 0.070835 0.007907 1.771685
0.921231 0.000008 0.000013 0.000008 0.000000 0.070834 0.007907 1.771688
0.921231 0.000010 0.000012 0.000008 0.000000 0.070833 0.007907 1.771688
0.921234 0.000006 0.000013 0.000008 0.000000 0.070833 0.007907 1.771691
0.921239 0.000006 0.000012 0.000008 0.000000 0.070829 0.007907 1.771691
0.921240 0.000006 0.000012 0.000006 0.000000 0.070829 0.007907 1.771691
0.921240 0.000006 0.000011 0.000007 0.000000 0.070829 0.007907 1.771693
0.921242 0.000006 0.000011 0.000006 0.000000 0.070828 0.007907 1.771694
0.921245 0.000006 0.000011 0.000005 0.000000 0.070827 0.007907 1.771694
0.921247 0.000006 0.000010 0.000005 0.000000 0.070825 0.007907 1.771695
0.921251 0.000006 0.000010 0.000005 0.000000 0.070822 0.007907 1.771696
0.921254 0.000006 0.000009 0.000005 0.000000 0.070819 0.007907 1.771696
0.921256 0.000007 0.000008 0.000005 0.000000 0.070817 0.007907 1.771696
0.921259 0.000006 0.000008 0.000006 0.000000 0.070815 0.007907 1.771697
0.921260 0.000006 0.000007 0.000005 0.000000 0.070815 0.007907 1.771697
0.921260 0.000006 0.000007 0.000005 0.000000 0.070815 0.007907 1.771699
0.921261 0.000006 0.000008 0.000005 0.000000 0.070813 0.007907 1.771700
0.921263 0.000006 0.000008 0.000005 0.000000 0.070811 0.007907 1.771701
0.921264 0.000005 0.000009 0.000005 0.000000 0.070810 0.007907 1.771703
0.921266 0.000006 0.000009 0.000005 0.000000 0.070808 0.007907 1.771703
0.921267 0.000006 0.000008 0.000005 0.000000 0.070807 0.007907 1.771703
0.921271 0.000006 0.000009 0.000005 0.000000 0.070803 0.007907 1.771704
0.921273 0.000005 0.000008 0.000005 0.000000 0.070802 0.007907 1.771704
0.921276 0.000005 0.000008 0.000005 0.000000 0.070801 0.007907 1.771705
0.921279 0.000005 0.000006 0.000004 0.000000 0.070799 0.007907 1.771705
0.921280 0.000003 0.000008 0.000004 0.000000 0.070798 0.007907 1.771705
0.921281 0.000003 0.000008 0.000004 0.000000 0.070796 0.007907 1.771706
0.921283 0.000004 0.000008 0.000004 0.000000 0.070795 0.007907 1.771707
0.921284 0.000004 0.000008 0.000004 0.000000 0.070794 0.007907 1.771707
0.921286 0.000004 0.000008 0.000004 0.000000 0.070792 0.007907 1.771708
0.921287 0.000005 0.000008 0.000003 0.000000 0.070791 0.007907 1.771708
0.921289 0.000005 0.000008 0.000003 0.000000 0.070788 0.007907 1.771708
0.921291 0.000006 0.000008 0.000003 0.000000 0.070786 0.007907 1.771709
0.921291 0.000005 0.000007 0.000003 0.000000 0.070787 0.007907 1.771710
0.921293 0.000006 0.000006 0.000003 0.000000 0.070786 0.007907 1.771710
0.921293 0.000006 0.000006 0.000003 0.000000 0.070786 0.007907 1.771710
0.921294 0.000005 0.000006 0.000003 0.000000 0.070785 0.007907 1.771711
0.921294 0.000006 0.000005 0.000003 0.000000 0.070784 0.007907 1.771711
0.921296 0.000006 0.000005 0.000003 0.000000 0.070783 0.007907 1.771712
0.921298 0.000007 0.000005 0.000004 0.000000 0.070780 0.007907 1.771712
0.921299 0.000007 0.000005 0.000003 0.000000 0.070779 0.007907 1.771713
0.921299 0.000006 0.000006 0.000003 0.000000 0.070779 0.007907 1.771714
0.921299 0.000007 0.000006 0.000003 0.000000 0.070778 0.007907 1.771714
0.921301 0.000007 0.000006 0.000003 0.000000 0.070776 0.007907 1.771715
0.921302 0.000007 0.000006 0.000003 0.000000 0.070775 0.007907 1.771715
0.921304 0.000006 0.000005 0.000003 0.000000 0.070774 0.007907 1.771715
0.921305 0.000006 0.000005 0.000003 0.000000 0.070774 0.007907 1.771715
0.921306 0.000005 0.000006 0.000003 0.000000 0.070772 0.007907 1.771717
0.921306 0.000006 0.000005 0.000003 0.000000 0.070773 0.007907 1.771717
0.921307 0.000006 0.000005 0.000003 0.000000 0.070772 0.007907 1.771718
0.921307 0.000005 0.000006 0.000003 0.000000 0.070772 0.007907 1.771720
0.921308 0.000005 0.000006 0.000003 0.000000 0.070772 0.007907 1.771721
0.921309 0.000006 0.000006 0.000003 0.000000 0.070769 0.007907 1.771721
0.921309 0.000007 0.000006 0.000003 0.000000 0.070768 0.007907 1.771721
0.921309 0.000006 0.000006 0.000002 0.000000 0.070769 0.007907 1.771722
0.921309 0.000007 0.000006 0.000002 0.000000 0.070769 0.007907 1.771722
0.921310 0.000008 0.000006 0.000003 0.000000 0.070767 0.007907 1.771723
0.921311 0.000009 0.000005 0.000003 0.000000 0.070766 0.007907 1.771723
0.921312 0.000010 0.000005 0.000003 0.000000 0.070764 0.007907 1.771723
0.921314 0.000010 0.000006 0.000003 0.000000 0.070762 0.007907 1.771724
0.921314 0.000011 0.000006 0.000003 0.000000 0.070760 0.007907 1.771724
0.921315 0.000009 0.000006 0.000003 0.000000 0.070760 0.007907 1.771727
0.921317 0.000008 0.000008 0.000003 0.000000 0.070757 0.007907 1.771728
0.921315 0.000011 0.000006 0.000003 0.000000 0.070758 0.007907 1.771728
0.921316 0.000010 0.000006 0.000005 0.000000 0.070757 0.007907 1.771730
0.921317 0.000010 0.000008 0.000005 0.000000 0.070754 0.007907 1.771732
0.921318 0.000009 0.000007 0.000005 0.000000 0.070754 0.007907 1.771732
0.921319 0.000009 0.000006 0.000004 0.000000 0.070755 0.007907 1.771733
0.921320 0.000009 0.000006 0.000004 0.000000 0.070754 0.007907 1.771734
0.921322 0.000009 0.000006 0.000004 0.000000 0.070752 0.007907 1.771734
0.921321 0.000011 0.000006 0.000003 0.000000 0.070752 0.007907 1.771734
0.921320 0.000011 0.000006 0.000004 0.000000 0.070752 0.007907 1.771735
0.921321 0.000010 0.000006 0.000004 0.000000 0.070752 0.007907 1.771737
0.921322 0.000010 0.000006 0.000003 0.000000 0.070752 0.007907 1.771737
0.921324 0.000008 0.000007 0.000003 0.000000 0.070752 0.007907 1.771739
0.921325 0.000007 0.000006 0.000004 0.000000 0.070752 0.007907 1.771740
0.921326 0.000007 0.000006 0.000004 0.000000 0.070751 0.007907 1.771742
0.921326 0.000007 0.000006 0.000003 0.000000 0.070751 0.007907 1.771742
0.921328 0.000008 0.000006 0.000003 0.000000 0.070750 0.007907 1.771742
0.921329 0.000006 0.000007 0.000003 0.000000 0.070750 0.007907 1.771744
0.921329 0.000006 0.000006 0.000002 0.000000 0.070750 0.007907 1.771744
0.921331 0.000005 0.000008 0.000002 0.000000 0.070749 0.007907 1.771745
0.921332 0.000005 0.000007 0.000002 0.000000 0.070748 0.007907 1.771745
0.921334 0.000003 0.000008 0.000002 0.000000 0.070747 0.007907 1.771747
0.921335 0.000004 0.000007 0.000002 0.000000 0.070746 0.007907 1.771747
0.921336 0.000004 0.000008 0.000002 0.000000 0.070744 0.007907 1.771748
0.921337 0.000004 0.000006 0.000002 0.000000 0.070744 0.007907 1.771748
0.921338 0.000003 0.000006 0.000001 0.000000 0.070745 0.007907 1.771749
0.921339 0.000003 0.000006 0.000001 0.000000 0.070744 0.007907 1.771749
0.921339 0.000004 0.000004 0.000001 0.000000 0.070745 0.007907 1.771749
0.921338 0.000005 0.000003 0.000001 0.000000 0.070745 0.007907 1.771749
0.921340 0.000005 0.000003 0.000001 0.000000 0.070745 0.007907 1.771749
0.921341 0.000005 0.000003 0.000001 0.000000 0.070742 0.007907 1.771749
0.921341 0.000005 0.000004 0.000001 0.000000 0.070742 0.007907 1.771750
0.921343 0.000006 0.000005 0.000001 0.000000 0.070739 0.007907 1.771751
0.921344 0.000006 0.000003 0.000001 0.000000 0.070739 0.007907 1.771751
0.921345 0.000006 0.000003 0.000001 0.000000 0.070738 0.007907 1.771751
0.921343 0.000008 0.000003 0.000001 0.000000 0.070738 0.007907 1.771751
0.921345 0.000007 0.000004 0.000001 0.000000 0.070736 0.007907 1.771752
0.921345 0.000008 0.000004 0.000001 0.000000 0.070735 0.007907 1.771752
0.921346 0.000008 0.000003 0.000001 0.000000 0.070735 0.007907 1.771752
0.921346 0.000008 0.000003 0.000002 0.000000 0.070736 0.007907 1.771753
0.921346 0.000008 0.000003 0.000002 0.000000 0.070735 0.007907 1.771753
0.921347 0.000006 0.000004 0.000002 0.000000 0.070734 0.007907 1.771755
0.921346 0.000007 0.000004 0.000002 0.000000 0.070735 0.007907 1.771755
0.921345 0.000006 0.000005 0.000002 0.000000 0.070734 0.007907 1.771757
0.921346 0.000006 0.000005 0.000003 0.000000 0.070734 0.007907 1.771758
0.921346 0.000006 0.000006 0.000002 0.000000 0.070733 0.007907 1.771759
0.921346 0.000006 0.000007 0.000002 0.000000 0.070733 0.007907 1.771759
0.921347 0.000006 0.000006 0.000003 0.000000 0.070732 0.007907 1.771759
0.921347 0.000006 0.000006 0.000003 0.000000 0.070731 0.007907 1.771759
0.921347 0.000006 0.000007 0.000003 0.000000 0.070731 0.007907 1.771761
0.921346 0.000007 0.000007 0.000003 0.000000 0.070731 0.007907 1.771761
0.921347 0.000006 0.000006 0.000003 0.000000 0.070731 0.007907 1.771761
0.921346 0.000007 0.000006 0.000002 0.000000 0.070732 0.007907 1.771762
0.921346 0.000008 0.000005 0.000002 0.000000 0.070733 0.007907 1.771762
0.921346 0.000008 0.000005 0.000002 0.000000 0.070732 0.007907 1.771762
0.921346 0.000007 0.000005 0.000002 0.000000 0.070733 0.007907 1.771764
0.921345 0.000007 0.000006 0.000002 0.000000 0.070733 0.007907 1.771765
0.921345 0.000007 0.000006 0.000001 0.000000 0.070733 0.007907 1.771765
0.921345 0.000008 0.000006 0.000001 0.000000 0.070732 0.007907 1.771765
0.921343 0.000010 0.000006 0.000001 0.000000 0.070733 0.007907 1.771766
0.921343 0.000008 0.000006 0.000003 0.000000 0.070733 0.007907 1.771767
0.921345 0.000008 0.000005 0.000003 0.000000 0.070733 0.007907 1.771767
0.921345 0.000009 0.000004 0.000003 0.000000 0.070733 0.007907 1.771767
0.921345 0.000008 0.000003 0.000003 0.000000 0.070734 0.007907 1.771769
0.921346 0.000006 0.000004 0.000004 0.000000 0.070733 0.007907 1.771771
0.921345 0.000006 0.000003 0.000004 0.000000 0.070734 0.007907 1.771771
0.921348 0.000006 0.000004 0.000003 0.000000 0.070732 0.007907 1.771772
0.921348 0.000006 0.000005 0.000003 0.000000 0.070732 0.007907 1.771773
0.921348 0.000006 0.000005 0.000003 0.000000 0.070731 0.007907 1.771773
0.921349 0.000006 0.000003 0.000003 0.000000 0.070731 0.007907 1.771773
0.921351 0.000006 0.000003 0.000003 0.000000 0.070730 0.007907 1.771774
0.921351 0.000006 0.000003 0.000003 0.000000 0.070730 0.007907 1.771774
0.921351 0.000007 0.000003 0.000003 0.000000 0.070730 0.007907 1.771774
0.921351 0.000008 0.000003 0.000002 0.000000 0.070730 0.007907 1.771774
0.921351 0.000006 0.000003 0.000003 0.000000 0.070730 0.007907 1.771776
0.921352 0.000006 0.000003 0.000003 0.000000 0.070729 0.007907 1.771776
0.921353 0.000006 0.000002 0.000003 0.000000 0.070729 0.007907 1.771777
0.921353 0.000006 0.000002 0.000004 0.000000 0.070728 0.007907 1.771777
0.921354 0.000006 0.000002 0.000003 0.000000 0.070728 0.007907 1.771778
0.921354 0.000007 0.000002 0.000003 0.000000 0.070728 0.007907 1.771778
0.921353 0.000006 0.000002 0.000003 0.000000 0.070729 0.007907 1.771779
0.921354 0.000005 0.000002 0.000004 0.000000 0.070729 0.007907 1.771780
