0.339198 0.062735 0.056091 0.032569 0.002107 0.501157 0.006142 1.642221
0.341371 0.060943 0.055917 0.032379 0.002100 0.501116 0.006173 1.648206
0.344005 0.058665 0.055823 0.032125 0.002103 0.501078 0.006200 1.654120
0.347021 0.056283 0.055583 0.031831 0.002101 0.500953 0.006228 1.659780
0.350293 0.053792 0.055100 0.031515 0.002097 0.500949 0.006255 1.665259
0.353846 0.051328 0.054583 0.031153 0.002103 0.500708 0.006279 1.670471
0.357510 0.048978 0.053946 0.030686 0.002100 0.500477 0.006303 1.675408
0.361181 0.046777 0.053223 0.030151 0.002091 0.500244 0.006332 1.680167
0.365014 0.044680 0.052348 0.029640 0.002080 0.499875 0.006363 1.684650
0.369003 0.042685 0.051470 0.029104 0.002082 0.499269 0.006386 1.688909
0.372971 0.040868 0.050525 0.028526 0.002074 0.498625 0.006412 1.692999
0.377155 0.039107 0.049506 0.027859 0.002075 0.497862 0.006437 1.696893
0.381260 0.037411 0.048397 0.027298 0.002052 0.497122 0.006459 1.700688
0.385568 0.035772 0.047305 0.026690 0.002039 0.496139 0.006487 1.704281
0.389970 0.034180 0.046175 0.026007 0.002028 0.495120 0.006520 1.707729
0.394399 0.032682 0.045066 0.025363 0.002011 0.493931 0.006548 1.711048
0.398798 0.031341 0.043863 0.024636 0.002009 0.492785 0.006569 1.714156
0.403209 0.029951 0.042751 0.023962 0.001979 0.491550 0.006598 1.717197
0.407750 0.028697 0.041567 0.023277 0.001974 0.490113 0.006623 1.720041
0.412380 0.027550 0.040423 0.022586 0.001962 0.488452 0.006647 1.722758
0.416904 0.026475 0.039309 0.021893 0.001946 0.486799 0.006673 1.725384
0.421556 0.025445 0.038114 0.021299 0.001928 0.484958 0.006699 1.727910
0.426130 0.024463 0.037023 0.020715 0.001888 0.483059 0.006723 1.730352
0.430719 0.023614 0.035898 0.020103 0.001868 0.481051 0.006748 1.732664
0.435315 0.022719 0.034795 0.019478 0.001846 0.479069 0.006778 1.734895
0.439948 0.021924 0.033735 0.018890 0.001814 0.476878 0.006811 1.737014
0.444672 0.021075 0.032796 0.018257 0.001793 0.474572 0.006836 1.739141
0.449305 0.020290 0.031874 0.017711 0.001763 0.472199 0.006857 1.741226
0.453932 0.019602 0.030880 0.017106 0.001741 0.469857 0.006882 1.743161
0.458406 0.018933 0.029885 0.016601 0.001713 0.467551 0.006911 1.745028
0.463098 0.018348 0.028929 0.016086 0.001683 0.464920 0.006936 1.746798
0.467881 0.017695 0.028075 0.015560 0.001653 0.462175 0.006961 1.748561
0.472593 0.017150 0.027202 0.015070 0.001628 0.459373 0.006983 1.750271
0.477146 0.016626 0.026337 0.014572 0.001606 0.456710 0.007004 1.751918
0.481810 0.016041 0.025600 0.014125 0.001584 0.453818 0.007022 1.753575
0.486471 0.015601 0.024767 0.013635 0.001558 0.450926 0.007042 1.755100
0.491133 0.015118 0.023973 0.013216 0.001521 0.447974 0.007064 1.756590
0.495691 0.014676 0.023208 0.012794 0.001499 0.445051 0.007081 1.758033
0.500273 0.014271 0.022482 0.012419 0.001470 0.441982 0.007103 1.759439
0.504788 0.013894 0.021822 0.012023 0.001440 0.438914 0.007119 1.760808
0.509318 0.013512 0.021163 0.011655 0.001413 0.435800 0.007139 1.762145
0.513800 0.013206 0.020517 0.011318 0.001385 0.432612 0.007161 1.763423
0.518322 0.012838 0.019915 0.010996 0.001351 0.429397 0.007181 1.764688
0.522827 0.012491 0.019373 0.010616 0.001330 0.426166 0.007198 1.765914
0.527146 0.012177 0.018803 0.010287 0.001300 0.423069 0.007217 1.767147
0.531378 0.011897 0.018284 0.009968 0.001267 0.419967 0.007238 1.768337
0.535814 0.011642 0.017695 0.009666 0.001255 0.416673 0.007256 1.769454
0.540141 0.011348 0.017179 0.009405 0.001236 0.413421 0.007272 1.770578
0.544506 0.011063 0.016638 0.009166 0.001202 0.410138 0.007289 1.771678
0.548769 0.010816 0.016168 0.008878 0.001178 0.406885 0.007307 1.772758
0.553084 0.010479 0.015768 0.008611 0.001145 0.403590 0.007324 1.773850
0.557350 0.010222 0.015280 0.008352 0.001135 0.400324 0.007338 1.774866
0.561461 0.010036 0.014807 0.008121 0.001117 0.397110 0.007349 1.775849
0.565625 0.009853 0.014410 0.007864 0.001097 0.393787 0.007364 1.776804
0.569839 0.009638 0.014060 0.007628 0.001075 0.390382 0.007379 1.777761
0.573865 0.009442 0.013673 0.007426 0.001045 0.387153 0.007397 1.778689
0.578016 0.009222 0.013391 0.007195 0.001022 0.383740 0.007414 1.779613
0.582100 0.009073 0.013018 0.006965 0.001011 0.380409 0.007425 1.780461
0.586050 0.008871 0.012699 0.006819 0.000989 0.377136 0.007437 1.781371
0.590084 0.008675 0.012360 0.006618 0.000969 0.373844 0.007451 1.782242
0.593963 0.008527 0.012036 0.006448 0.000943 0.370621 0.007463 1.783096
0.597851 0.008380 0.011762 0.006315 0.000930 0.367292 0.007472 1.783922
0.601792 0.008235 0.011484 0.006148 0.000897 0.363956 0.007487 1.784754
0.605601 0.008119 0.011194 0.005947 0.000884 0.360759 0.007496 1.785553
0.609476 0.007986 0.010898 0.005792 0.000866 0.357475 0.007508 1.786336
0.613315 0.007846 0.010651 0.005621 0.000852 0.354194 0.007521 1.787114
0.617032 0.007747 0.010449 0.005514 0.000832 0.350893 0.007533 1.787906
0.620734 0.007637 0.010171 0.005397 0.000811 0.347703 0.007547 1.788676
0.624410 0.007530 0.009908 0.005275 0.000792 0.344528 0.007558 1.789428
0.628073 0.007413 0.009683 0.005149 0.000767 0.341340 0.007573 1.790166
0.631684 0.007328 0.009455 0.005048 0.000748 0.338156 0.007582 1.790879
0.635254 0.007239 0.009254 0.004951 0.000725 0.334984 0.007594 1.791599
0.638869 0.007151 0.009050 0.004845 0.000710 0.331768 0.007607 1.792305
0.642321 0.007078 0.008848 0.004758 0.000703 0.328678 0.007615 1.792988
0.645773 0.006969 0.008687 0.004644 0.000692 0.325612 0.007623 1.793686
0.649277 0.006934 0.008539 0.004532 0.000664 0.322419 0.007636 1.794360
0.652817 0.006829 0.008384 0.004420 0.000658 0.319245 0.007647 1.795028
0.656224 0.006720 0.008273 0.004348 0.000643 0.316136 0.007655 1.795733
0.659612 0.006625 0.008128 0.004279 0.000629 0.313066 0.007662 1.796412
0.662995 0.006535 0.007973 0.004200 0.000620 0.310003 0.007673 1.797065
0.666307 0.006455 0.007826 0.004126 0.000608 0.306998 0.007679 1.797685
0.669537 0.006398 0.007664 0.004048 0.000586 0.304077 0.007691 1.798295
0.672805 0.006338 0.007501 0.003978 0.000570 0.301111 0.007697 1.798907
0.675999 0.006263 0.007347 0.003917 0.000563 0.298209 0.007703 1.799524
0.679147 0.006186 0.007241 0.003858 0.000550 0.295305 0.007714 1.800139
0.682214 0.006145 0.007115 0.003808 0.000542 0.292456 0.007721 1.800750
0.685379 0.006070 0.006998 0.003733 0.000530 0.289560 0.007731 1.801350
0.688483 0.005993 0.006892 0.003689 0.000517 0.286688 0.007739 1.801964
0.691469 0.005945 0.006774 0.003650 0.000501 0.283916 0.007745 1.802551
0.694541 0.005870 0.006688 0.003603 0.000494 0.281058 0.007748 1.803149
0.697463 0.005864 0.006601 0.003547 0.000485 0.278286 0.007755 1.803714
0.700331 0.005829 0.006549 0.003502 0.000478 0.275550 0.007762 1.804291
0.703298 0.005777 0.006466 0.003435 0.000471 0.272787 0.007768 1.804848
0.706126 0.005745 0.006339 0.003407 0.000460 0.270152 0.007772 1.805402
0.708945 0.005713 0.006225 0.003359 0.000456 0.267525 0.007778 1.805944
0.711765 0.005652 0.006135 0.003322 0.000445 0.264898 0.007784 1.806500
0.714584 0.005580 0.006068 0.003276 0.000440 0.262263 0.007790 1.807072
0.717355 0.005530 0.006002 0.003216 0.000429 0.259671 0.007796 1.807626
0.720039 0.005524 0.005906 0.003177 0.000419 0.257135 0.007801 1.808162
0.722728 0.005498 0.005843 0.003134 0.000411 0.254580 0.007806 1.808712
0.725378 0.005489 0.005785 0.003099 0.000405 0.252033 0.007812 1.809264
0.728011 0.005441 0.005721 0.003092 0.000393 0.249526 0.007817 1.809815
0.730535 0.005446 0.005640 0.003070 0.000386 0.247105 0.007820 1.810341
0.733006 0.005491 0.005598 0.003030 0.000376 0.244673 0.007827 1.810858
0.735603 0.005467 0.005537 0.003021 0.000371 0.242169 0.007833 1.811396
0.738081 0.005436 0.005486 0.002977 0.000368 0.239814 0.007839 1.811930
0.740457 0.005465 0.005443 0.002956 0.000361 0.237477 0.007842 1.812445
0.742896 0.005413 0.005422 0.002934 0.000354 0.235133 0.007848 1.812996
0.745324 0.005376 0.005387 0.002929 0.000344 0.232788 0.007852 1.813552
0.747678 0.005383 0.005324 0.002893 0.000337 0.230526 0.007859 1.814058
0.750019 0.005366 0.005294 0.002856 0.000331 0.228270 0.007864 1.814576
0.752358 0.005339 0.005293 0.002842 0.000326 0.225972 0.007870 1.815118
0.754631 0.005356 0.005247 0.002819 0.000323 0.223748 0.007876 1.815615
0.756865 0.005379 0.005231 0.002796 0.000319 0.221529 0.007881 1.816135
0.759110 0.005356 0.005198 0.002781 0.000313 0.219357 0.007885 1.816666
0.761430 0.005333 0.005155 0.002773 0.000299 0.217122 0.007888 1.817191
0.763601 0.005377 0.005099 0.002734 0.000295 0.215003 0.007891 1.817679
0.765785 0.005384 0.005095 0.002719 0.000292 0.212829 0.007897 1.818209
0.767954 0.005381 0.005063 0.002722 0.000281 0.210697 0.007903 1.818739
0.770129 0.005358 0.005036 0.002732 0.000278 0.208561 0.007906 1.819281
0.772173 0.005361 0.005012 0.002727 0.000271 0.206544 0.007913 1.819806
0.774158 0.005402 0.004991 0.002721 0.000267 0.204542 0.007918 1.820329
0.776113 0.005429 0.004931 0.002733 0.000266 0.202605 0.007923 1.820845
0.778115 0.005449 0.004936 0.002698 0.000267 0.200611 0.007924 1.821359
0.780044 0.005459 0.004962 0.002682 0.000263 0.198664 0.007927 1.821916
0.782001 0.005460 0.004937 0.002687 0.000263 0.196722 0.007931 1.822451
0.783869 0.005455 0.004909 0.002683 0.000255 0.194895 0.007935 1.822982
0.785756 0.005418 0.004911 0.002668 0.000251 0.193057 0.007940 1.823548
0.787572 0.005415 0.004902 0.002689 0.000249 0.191230 0.007942 1.824091
0.789461 0.005398 0.004873 0.002705 0.000245 0.189371 0.007947 1.824625
0.791321 0.005396 0.004898 0.002709 0.000237 0.187488 0.007950 1.825179
0.793099 0.005446 0.004867 0.002687 0.000234 0.185715 0.007952 1.825687
0.794828 0.005443 0.004863 0.002690 0.000234 0.183989 0.007953 1.826245
0.796598 0.005484 0.004859 0.002680 0.000231 0.182190 0.007959 1.826778
0.798309 0.005483 0.004851 0.002684 0.000223 0.180489 0.007962 1.827323
0.800041 0.005485 0.004845 0.002690 0.000220 0.178756 0.007964 1.827866
0.801779 0.005471 0.004844 0.002708 0.000216 0.177014 0.007968 1.828407
0.803376 0.005498 0.004851 0.002707 0.000214 0.175384 0.007971 1.828962
0.805000 0.005477 0.004897 0.002694 0.000215 0.173744 0.007973 1.829524
0.806582 0.005508 0.004879 0.002683 0.000217 0.172155 0.007977 1.830062
0.808134 0.005560 0.004884 0.002674 0.000217 0.170553 0.007978 1.830603
0.809646 0.005595 0.004904 0.002647 0.000219 0.169009 0.007980 1.831145
0.811079 0.005661 0.004891 0.002650 0.000214 0.167523 0.007984 1.831663
0.812569 0.005675 0.004920 0.002657 0.000205 0.165988 0.007987 1.832228
0.814086 0.005730 0.004908 0.002671 0.000203 0.164414 0.007989 1.832776
0.815501 0.005820 0.004942 0.002647 0.000200 0.162900 0.007992 1.833329
0.816961 0.005831 0.004969 0.002672 0.000200 0.161372 0.007996 1.833907
0.818420 0.005854 0.004958 0.002676 0.000198 0.159899 0.007997 1.834465
0.819804 0.005849 0.005009 0.002680 0.000199 0.158459 0.008000 1.835081
0.821219 0.005907 0.005011 0.002663 0.000204 0.156993 0.008003 1.835623
0.822549 0.005938 0.005019 0.002661 0.000203 0.155626 0.008004 1.836197
0.823940 0.005958 0.005054 0.002678 0.000205 0.154161 0.008005 1.836778
0.825264 0.005977 0.005078 0.002718 0.000206 0.152749 0.008009 1.837366
0.826611 0.006009 0.005110 0.002723 0.000200 0.151337 0.008011 1.837937
0.827854 0.006054 0.005133 0.002745 0.000201 0.149999 0.008014 1.838528
0.829108 0.006075 0.005150 0.002755 0.000199 0.148698 0.008016 1.839137
0.830307 0.006108 0.005180 0.002772 0.000200 0.147416 0.008017 1.839744
0.831513 0.006134 0.005194 0.002779 0.000202 0.146160 0.008019 1.840343
0.832568 0.006186 0.005236 0.002786 0.000203 0.144999 0.008023 1.840966
0.833666 0.006212 0.005245 0.002813 0.000199 0.143842 0.008024 1.841583
0.834804 0.006233 0.005256 0.002820 0.000202 0.142661 0.008026 1.842183
0.835988 0.006272 0.005296 0.002830 0.000197 0.141390 0.008028 1.842800
0.837055 0.006342 0.005311 0.002853 0.000199 0.140210 0.008030 1.843410
0.838169 0.006368 0.005346 0.002870 0.000199 0.139017 0.008032 1.844046
0.839263 0.006396 0.005357 0.002869 0.000201 0.137880 0.008034 1.844667
0.840324 0.006446 0.005368 0.002885 0.000203 0.136738 0.008035 1.845309
0.841375 0.006478 0.005431 0.002891 0.000209 0.135578 0.008038 1.845956
0.842376 0.006512 0.005466 0.002911 0.000208 0.134487 0.008041 1.846601
0.843385 0.006595 0.005487 0.002909 0.000206 0.133374 0.008045 1.847223
0.844309 0.006674 0.005515 0.002931 0.000205 0.132320 0.008048 1.847857
0.845266 0.006743 0.005543 0.002939 0.000200 0.131258 0.008052 1.848498
0.846216 0.006777 0.005585 0.002967 0.000203 0.130198 0.008055 1.849177
0.847160 0.006811 0.005619 0.002978 0.000203 0.129171 0.008059 1.849856
0.848125 0.006830 0.005683 0.003002 0.000201 0.128096 0.008063 1.850550
0.848981 0.006900 0.005737 0.003007 0.000201 0.127110 0.008065 1.851239
0.849813 0.006956 0.005761 0.003071 0.000196 0.126137 0.008068 1.851952
0.850567 0.007063 0.005731 0.003090 0.000199 0.125279 0.008070 1.852602
0.851394 0.007104 0.005800 0.003113 0.000200 0.124315 0.008073 1.853314
0.852270 0.007146 0.005846 0.003141 0.000198 0.123323 0.008077 1.854021
0.853077 0.007158 0.005903 0.003163 0.000196 0.122424 0.008080 1.854747
0.853826 0.007266 0.005911 0.003174 0.000192 0.121549 0.008082 1.855416
0.854523 0.007358 0.005931 0.003184 0.000196 0.120725 0.008084 1.856122
0.855255 0.007469 0.005968 0.003189 0.000195 0.119839 0.008087 1.856827
0.855977 0.007547 0.006004 0.003187 0.000191 0.119006 0.008089 1.857561
0.856587 0.007639 0.006061 0.003195 0.000187 0.118240 0.008092 1.858296
0.857253 0.007707 0.006143 0.003229 0.000191 0.117381 0.008095 1.859054
0.857893 0.007779 0.006206 0.003259 0.000195 0.116571 0.008096 1.859824
0.858544 0.007792 0.006295 0.003317 0.000194 0.115761 0.008099 1.860627
0.859203 0.007792 0.006379 0.003349 0.000197 0.114980 0.008101 1.861443
0.859779 0.007871 0.006393 0.003357 0.000196 0.114300 0.008105 1.862185
0.860414 0.007940 0.006455 0.003364 0.000200 0.113520 0.008107 1.862950
0.860967 0.008050 0.006514 0.003397 0.000196 0.112764 0.008112 1.863717
0.861554 0.008105 0.006554 0.003441 0.000199 0.112034 0.008114 1.864511
0.862018 0.008230 0.006603 0.003446 0.000202 0.111385 0.008117 1.865302
0.862555 0.008301 0.006653 0.003497 0.000202 0.110672 0.008120 1.866108
0.863002 0.008408 0.006706 0.003529 0.000204 0.110029 0.008123 1.866921
0.863495 0.008445 0.006804 0.003540 0.000210 0.109380 0.008125 1.867762
0.863938 0.008515 0.006875 0.003575 0.000212 0.108756 0.008129 1.868621
0.864351 0.008606 0.006906 0.003616 0.000210 0.108180 0.008132 1.869432
0.864723 0.008717 0.006944 0.003644 0.000210 0.107624 0.008137 1.870263
0.865125 0.008822 0.007007 0.003672 0.000208 0.107026 0.008140 1.871122
0.865505 0.008930 0.007066 0.003712 0.000206 0.106438 0.008144 1.872014
0.865929 0.008988 0.007168 0.003738 0.000213 0.105818 0.008146 1.872899
0.866351 0.009067 0.007175 0.003806 0.000211 0.105245 0.008147 1.873765
0.866666 0.009210 0.007223 0.003834 0.000210 0.104705 0.008152 1.874625
0.866977 0.009273 0.007317 0.003884 0.000211 0.104182 0.008157 1.875538
0.867278 0.009361 0.007411 0.003926 0.000208 0.103657 0.008160 1.876444
0.867573 0.009465 0.007427 0.003932 0.000210 0.103230 0.008163 1.877335
0.867877 0.009492 0.007518 0.003991 0.000210 0.102747 0.008166 1.878295
0.868198 0.009560 0.007583 0.004027 0.000217 0.102247 0.008169 1.879223
0.868467 0.009660 0.007616 0.004064 0.000223 0.101798 0.008172 1.880139
0.868654 0.009763 0.007697 0.004073 0.000228 0.101411 0.008174 1.881081
0.868903 0.009827 0.007790 0.004128 0.000226 0.100950 0.008177 1.882053
0.869138 0.009855 0.007844 0.004170 0.000228 0.100587 0.008178 1.883037
0.869305 0.009969 0.007892 0.004216 0.000231 0.100207 0.008181 1.884017
0.869507 0.010071 0.007940 0.004238 0.000230 0.099829 0.008186 1.884983
0.869686 0.010148 0.008036 0.004246 0.000236 0.099460 0.008189 1.885972
0.869858 0.010224 0.008124 0.004315 0.000237 0.099052 0.008190 1.886983
0.869980 0.010310 0.008203 0.004366 0.000237 0.098713 0.008192 1.887995
0.870112 0.010404 0.008259 0.004390 0.000241 0.098401 0.008195 1.888988
0.870264 0.010471 0.008336 0.004411 0.000243 0.098077 0.008198 1.889997
0.870359 0.010596 0.008356 0.004486 0.000241 0.097761 0.008201 1.890995
0.870385 0.010690 0.008446 0.004554 0.000243 0.097478 0.008205 1.892053
0.870452 0.010851 0.008511 0.004594 0.000246 0.097139 0.008208 1.893091
0.870504 0.010925 0.008563 0.004643 0.000250 0.096905 0.008210 1.894154
0.870551 0.010993 0.008665 0.004694 0.000252 0.096630 0.008214 1.895245
0.870534 0.011096 0.008741 0.004720 0.000256 0.096438 0.008215 1.896347
0.870525 0.011226 0.008822 0.004758 0.000259 0.096193 0.008218 1.897416
0.870532 0.011393 0.008898 0.004799 0.000263 0.095894 0.008222 1.898479
0.870578 0.011429 0.009005 0.004848 0.000265 0.095652 0.008224 1.899626
0.870537 0.011556 0.009099 0.004876 0.000266 0.095441 0.008226 1.900741
0.870462 0.011650 0.009199 0.004940 0.000274 0.095247 0.008227 1.901902
0.870373 0.011784 0.009334 0.005001 0.000272 0.095006 0.008230 1.903045
0.870287 0.011888 0.009422 0.005050 0.000275 0.094843 0.008235 1.904188
0.870226 0.011958 0.009528 0.005097 0.000278 0.094676 0.008238 1.905383
0.870150 0.012091 0.009642 0.005135 0.000280 0.094462 0.008241 1.906544
0.870018 0.012225 0.009719 0.005162 0.000283 0.094348 0.008246 1.907705
0.869810 0.012374 0.009844 0.005202 0.000281 0.094240 0.008250 1.908948
0.869701 0.012417 0.009943 0.005268 0.000282 0.094137 0.008252 1.910171
0.869514 0.012492 0.010080 0.005328 0.000288 0.094043 0.008255 1.911449
0.869431 0.012548 0.010206 0.005346 0.000294 0.093917 0.008258 1.912691
0.869218 0.012724 0.010256 0.005397 0.000301 0.093844 0.008261 1.913893
0.869021 0.012831 0.010343 0.005452 0.000304 0.093784 0.008265 1.915142
0.868855 0.012949 0.010440 0.005481 0.000301 0.093702 0.008273 1.916390
0.868627 0.013066 0.010515 0.005534 0.000309 0.093674 0.008276 1.917661
0.868429 0.013161 0.010550 0.005611 0.000307 0.093661 0.008281 1.918963
0.868227 0.013215 0.010662 0.005666 0.000308 0.093639 0.008282 1.920276
0.868043 0.013313 0.010739 0.005667 0.000315 0.093638 0.008285 1.921536
0.867832 0.013377 0.010793 0.005744 0.000317 0.093647 0.008291 1.922833
0.867634 0.013493 0.010878 0.005774 0.000319 0.093605 0.008298 1.924124
0.867404 0.013523 0.010950 0.005821 0.000324 0.093677 0.008302 1.925481
0.867207 0.013591 0.011061 0.005882 0.000331 0.093624 0.008305 1.926827
0.866920 0.013713 0.011136 0.005933 0.000331 0.093661 0.008307 1.928160
0.866663 0.013798 0.011234 0.005985 0.000336 0.093674 0.008312 1.929505
0.866369 0.013973 0.011267 0.006000 0.000342 0.093734 0.008314 1.930810
0.866044 0.014100 0.011355 0.006055 0.000347 0.093782 0.008318 1.932183
0.865731 0.014162 0.011471 0.006097 0.000347 0.093867 0.008325 1.933609
0.865380 0.014277 0.011572 0.006149 0.000352 0.093942 0.008328 1.935016
0.865096 0.014364 0.011670 0.006174 0.000358 0.094005 0.008333 1.936398
0.864771 0.014479 0.011682 0.006276 0.000360 0.094093 0.008340 1.937798
0.864385 0.014617 0.011777 0.006293 0.000362 0.094218 0.008349 1.939206
0.864093 0.014664 0.011861 0.006341 0.000365 0.094323 0.008353 1.940650
0.863744 0.014768 0.011922 0.006391 0.000374 0.094445 0.008356 1.942079
0.863373 0.014837 0.011977 0.006435 0.000378 0.094641 0.008359 1.943537
0.863001 0.014927 0.012116 0.006485 0.000377 0.094732 0.008363 1.945022
0.862619 0.014993 0.012206 0.006544 0.000380 0.094888 0.008370 1.946510
0.862208 0.015069 0.012298 0.006582 0.000385 0.095086 0.008373 1.948028
0.861822 0.015184 0.012351 0.006603 0.000389 0.095269 0.008382 1.949492
0.861443 0.015280 0.012439 0.006625 0.000399 0.095429 0.008385 1.950992
0.861022 0.015384 0.012524 0.006700 0.000398 0.095583 0.008390 1.952507
0.860618 0.015494 0.012606 0.006715 0.000400 0.095774 0.008394 1.954000
0.860177 0.015570 0.012668 0.006751 0.000405 0.096031 0.008398 1.955541
0.859758 0.015678 0.012738 0.006825 0.000408 0.096189 0.008404 1.957062
0.859392 0.015772 0.012788 0.006869 0.000407 0.096363 0.008409 1.958559
0.858953 0.015817 0.012892 0.006883 0.000409 0.096632 0.008413 1.960120
0.858519 0.015924 0.012951 0.006917 0.000415 0.096854 0.008419 1.961671
0.858133 0.015998 0.013024 0.006974 0.000419 0.097031 0.008422 1.963228
0.857721 0.016095 0.013095 0.006994 0.000421 0.097245 0.008429 1.964779
0.857270 0.016155 0.013158 0.007034 0.000424 0.097526 0.008432 1.966349
0.856851 0.016190 0.013229 0.007086 0.000420 0.097787 0.008438 1.967922
0.856384 0.016236 0.013339 0.007128 0.000416 0.098054 0.008442 1.969567
0.855927 0.016323 0.013439 0.007172 0.000428 0.098266 0.008446 1.971145
0.855486 0.016378 0.013551 0.007195 0.000436 0.098504 0.008451 1.972748
0.854991 0.016454 0.013622 0.007220 0.000436 0.098821 0.008457 1.974359
0.854560 0.016540 0.013743 0.007225 0.000434 0.099038 0.008461 1.975982
0.854093 0.016619 0.013803 0.007295 0.000433 0.099291 0.008466 1.977603
0.853637 0.016714 0.013852 0.007340 0.000436 0.099546 0.008473 1.979246
0.853156 0.016773 0.013952 0.007402 0.000445 0.099793 0.008479 1.980920
0.852762 0.016816 0.014041 0.007397 0.000456 0.100044 0.008483 1.982525
0.852263 0.016881 0.014148 0.007416 0.000460 0.100344 0.008488 1.984189
0.851769 0.017009 0.014168 0.007407 0.000471 0.100683 0.008492 1.985823
0.851320 0.017062 0.014193 0.007482 0.000468 0.100976 0.008498 1.987488
0.850849 0.017110 0.014244 0.007531 0.000463 0.101297 0.008506 1.989136
0.850422 0.017212 0.014300 0.007530 0.000458 0.101563 0.008514 1.990762
0.849958 0.017186 0.014432 0.007579 0.000463 0.101863 0.008519 1.992511
0.849463 0.017238 0.014550 0.007624 0.000464 0.102133 0.008526 1.994198
0.848953 0.017340 0.014602 0.007613 0.000469 0.102492 0.008531 1.995860
0.848441 0.017409 0.014721 0.007665 0.000474 0.102755 0.008536 1.997590
0.848010 0.017408 0.014835 0.007708 0.000478 0.103020 0.008541 1.999347
0.847553 0.017434 0.014907 0.007760 0.000478 0.103320 0.008548 2.001075
0.847108 0.017484 0.014910 0.007814 0.000476 0.103654 0.008554 2.002762
0.846681 0.017533 0.014969 0.007816 0.000478 0.103960 0.008563 2.004445
0.846179 0.017680 0.014999 0.007797 0.000474 0.104298 0.008573 2.006115
0.845674 0.017750 0.015029 0.007820 0.000473 0.104673 0.008581 2.007834
0.845224 0.017766 0.015108 0.007851 0.000474 0.104991 0.008587 2.009564
0.844793 0.017686 0.015243 0.007930 0.000481 0.105274 0.008593 2.011397
0.844336 0.017623 0.015397 0.007970 0.000485 0.105592 0.008598 2.013250
0.843880 0.017622 0.015471 0.008022 0.000480 0.105920 0.008606 2.015019
0.843438 0.017662 0.015485 0.008044 0.000476 0.106286 0.008609 2.016737
0.843011 0.017708 0.015482 0.008082 0.000474 0.106625 0.008616 2.018458
0.842538 0.017768 0.015500 0.008106 0.000480 0.106986 0.008623 2.020198
0.842105 0.017679 0.015628 0.008138 0.000482 0.107340 0.008629 2.022029
0.841656 0.017755 0.015650 0.008143 0.000482 0.107680 0.008634 2.023745
0.841204 0.017842 0.015647 0.008138 0.000479 0.108049 0.008640 2.025465
0.840756 0.017928 0.015600 0.008174 0.000486 0.108409 0.008646 2.027197
0.840226 0.017987 0.015644 0.008179 0.000488 0.108825 0.008651 2.028954
0.839792 0.018068 0.015634 0.008201 0.000489 0.109160 0.008655 2.030672
0.839366 0.018075 0.015704 0.008225 0.000488 0.109475 0.008665 2.032456
0.839026 0.017972 0.015773 0.008235 0.000492 0.109831 0.008672 2.034257
0.838666 0.017947 0.015866 0.008246 0.000493 0.110105 0.008678 2.036055
0.838292 0.017960 0.015827 0.008321 0.000490 0.110427 0.008684 2.037790
0.837920 0.017963 0.015829 0.008333 0.000494 0.110773 0.008690 2.039559
0.837543 0.017985 0.015858 0.008337 0.000495 0.111089 0.008693 2.041285
0.837136 0.017951 0.015921 0.008312 0.000497 0.111485 0.008698 2.043080
0.836750 0.017907 0.015938 0.008379 0.000506 0.111819 0.008700 2.044878
0.836463 0.017840 0.015927 0.008417 0.000511 0.112137 0.008705 2.046644
0.836137 0.017865 0.015880 0.008442 0.000510 0.112456 0.008710 2.048367
0.835822 0.017925 0.015903 0.008402 0.000506 0.112726 0.008716 2.050067
0.835487 0.017877 0.015911 0.008435 0.000515 0.113051 0.008724 2.051829
0.835149 0.017909 0.015908 0.008424 0.000513 0.113370 0.008728 2.053545
0.834784 0.017932 0.015879 0.008419 0.000510 0.113743 0.008733 2.055285
0.834508 0.017921 0.015888 0.008393 0.000512 0.114039 0.008740 2.057022
0.834139 0.017883 0.015900 0.008404 0.000519 0.114409 0.008746 2.058824
0.833841 0.017883 0.015856 0.008367 0.000509 0.114786 0.008757 2.060533
0.833629 0.017845 0.015836 0.008371 0.000519 0.115037 0.008764 2.062236
0.833356 0.017779 0.015870 0.008370 0.000517 0.115338 0.008771 2.063998
0.833057 0.017760 0.015851 0.008360 0.000520 0.115671 0.008779 2.065748
0.832776 0.017794 0.015820 0.008367 0.000523 0.115938 0.008782 2.067451
0.832500 0.017776 0.015844 0.008359 0.000516 0.116215 0.008789 2.069185
0.832211 0.017771 0.015888 0.008331 0.000514 0.116487 0.008798 2.070909
0.831904 0.017767 0.015876 0.008293 0.000510 0.116844 0.008805 2.072604
0.831646 0.017704 0.015872 0.008321 0.000517 0.117131 0.008808 2.074348
0.831407 0.017688 0.015867 0.008284 0.000519 0.117420 0.008813 2.076056
0.831063 0.017760 0.015805 0.008291 0.000519 0.117741 0.008821 2.077762
0.830779 0.017747 0.015813 0.008281 0.000516 0.118033 0.008829 2.079515
0.830585 0.017698 0.015803 0.008275 0.000519 0.118287 0.008833 2.081223
0.830393 0.017671 0.015807 0.008300 0.000520 0.118470 0.008840 2.082946
0.830244 0.017631 0.015809 0.008323 0.000515 0.118631 0.008848 2.084642
0.829916 0.017660 0.015781 0.008347 0.000506 0.118932 0.008858 2.086348
0.829656 0.017661 0.015746 0.008371 0.000510 0.119190 0.008865 2.088058
0.829377 0.017685 0.015774 0.008341 0.000520 0.119431 0.008872 2.089793
0.829132 0.017729 0.015778 0.008360 0.000516 0.119604 0.008881 2.091505
0.828987 0.017647 0.015801 0.008346 0.000515 0.119817 0.008887 2.093221
0.828803 0.017605 0.015756 0.008368 0.000516 0.120059 0.008893 2.094946
0.828626 0.017553 0.015722 0.008358 0.000516 0.120323 0.008901 2.096645
0.828529 0.017398 0.015728 0.008353 0.000519 0.120564 0.008907 2.098383
0.828451 0.017385 0.015657 0.008369 0.000520 0.120706 0.008913 2.100049
0.828271 0.017385 0.015625 0.008356 0.000527 0.120917 0.008920 2.101738
0.828128 0.017377 0.015586 0.008356 0.000521 0.121104 0.008928 2.103413
0.828020 0.017311 0.015612 0.008364 0.000520 0.121240 0.008933 2.105127
0.827903 0.017224 0.015575 0.008346 0.000518 0.121494 0.008941 2.106817
0.827728 0.017221 0.015559 0.008362 0.000516 0.121664 0.008949 2.108498
0.827703 0.017169 0.015596 0.008324 0.000518 0.121734 0.008956 2.110166
0.827611 0.017156 0.015572 0.008309 0.000523 0.121867 0.008961 2.111818
0.827449 0.017119 0.015547 0.008314 0.000532 0.122073 0.008968 2.113494
0.827371 0.017024 0.015516 0.008297 0.000535 0.122283 0.008975 2.115172
0.827306 0.016998 0.015450 0.008278 0.000535 0.122449 0.008983 2.116816
0.827273 0.016970 0.015419 0.008245 0.000539 0.122567 0.008989 2.118443
0.827183 0.016886 0.015389 0.008225 0.000530 0.122785 0.009000 2.120121
0.827086 0.016878 0.015338 0.008208 0.000535 0.122946 0.009008 2.121765
0.827078 0.016815 0.015255 0.008167 0.000536 0.123139 0.009012 2.123379
0.827049 0.016734 0.015232 0.008138 0.000536 0.123294 0.009016 2.125049
0.826997 0.016634 0.015224 0.008141 0.000538 0.123440 0.009026 2.126723
0.826954 0.016584 0.015228 0.008102 0.000538 0.123558 0.009036 2.128363
0.826911 0.016584 0.015159 0.008034 0.000546 0.123727 0.009041 2.129939
0.826869 0.016547 0.015141 0.008049 0.000548 0.123801 0.009046 2.131561
0.826804 0.016471 0.015154 0.008053 0.000546 0.123921 0.009051 2.133242
0.826801 0.016460 0.015139 0.008039 0.000540 0.123956 0.009064 2.134839
0.826726 0.016452 0.015143 0.008030 0.000541 0.124041 0.009068 2.136468
0.826676 0.016425 0.015164 0.008022 0.000529 0.124106 0.009079 2.138101
0.826699 0.016359 0.015095 0.008027 0.000531 0.124205 0.009085 2.139700
0.826653 0.016282 0.015063 0.008034 0.000532 0.124346 0.009090 2.141348
0.826656 0.016289 0.015008 0.008037 0.000539 0.124373 0.009097 2.142920
0.826623 0.016342 0.014941 0.007991 0.000540 0.124457 0.009104 2.144479
0.826629 0.016304 0.014953 0.007983 0.000538 0.124481 0.009111 2.146073
0.826593 0.016261 0.014938 0.007931 0.000535 0.124622 0.009120 2.147659
0.826561 0.016251 0.014945 0.007883 0.000534 0.124698 0.009127 2.149245
0.826543 0.016212 0.014946 0.007827 0.000546 0.124794 0.009132 2.150849
0.826480 0.016186 0.014922 0.007816 0.000542 0.124917 0.009139 2.152452
0.826475 0.016162 0.014912 0.007823 0.000541 0.124943 0.009144 2.154031
0.826516 0.016055 0.014866 0.007818 0.000547 0.125050 0.009149 2.155617
0.826586 0.016045 0.014819 0.007807 0.000551 0.125037 0.009155 2.157152
0.826531 0.016061 0.014791 0.007814 0.000546 0.125093 0.009164 2.158716
0.826509 0.015972 0.014852 0.007837 0.000550 0.125108 0.009173 2.160329
0.826541 0.015925 0.014819 0.007814 0.000548 0.125172 0.009182 2.161892
0.826586 0.015892 0.014790 0.007773 0.000548 0.125222 0.009189 2.163460
0.826588 0.015915 0.014761 0.007805 0.000547 0.125190 0.009194 2.165020
0.826528 0.015946 0.014731 0.007780 0.000548 0.125266 0.009202 2.166544
0.826513 0.015933 0.014722 0.007766 0.000556 0.125303 0.009209 2.168114
0.826482 0.015912 0.014693 0.007725 0.000553 0.125419 0.009215 2.169653
0.826554 0.015887 0.014656 0.007693 0.000548 0.125441 0.009221 2.171172
0.826623 0.015845 0.014623 0.007644 0.000549 0.125489 0.009226 2.172706
0.826659 0.015836 0.014580 0.007658 0.000548 0.125487 0.009232 2.174255
0.826715 0.015800 0.014497 0.007658 0.000554 0.125537 0.009240 2.175823
0.826812 0.015747 0.014512 0.007603 0.000553 0.125525 0.009247 2.177377
0.826898 0.015715 0.014443 0.007629 0.000547 0.125515 0.009253 2.178913
0.826911 0.015714 0.014387 0.007628 0.000549 0.125554 0.009257 2.180447
0.827065 0.015682 0.014358 0.007621 0.000550 0.125460 0.009265 2.181953
0.827127 0.015637 0.014372 0.007578 0.000551 0.125465 0.009271 2.183473
0.827211 0.015595 0.014342 0.007549 0.000554 0.125476 0.009275 2.185023
0.827293 0.015532 0.014325 0.007552 0.000545 0.125469 0.009285 2.186560
0.827361 0.015504 0.014288 0.007531 0.000548 0.125478 0.009289 2.188080
0.827458 0.015461 0.014229 0.007501 0.000549 0.125507 0.009296 2.189574
0.827495 0.015466 0.014193 0.007509 0.000548 0.125487 0.009303 2.191067
0.827598 0.015417 0.014200 0.007511 0.000545 0.125416 0.009314 2.192588
0.827655 0.015402 0.014189 0.007468 0.000538 0.125427 0.009320 2.194102
0.827687 0.015427 0.014157 0.007489 0.000537 0.125377 0.009326 2.195566
0.827755 0.015440 0.014126 0.007488 0.000528 0.125328 0.009335 2.197083
0.827912 0.015377 0.014083 0.007461 0.000532 0.125293 0.009343 2.198572
0.827992 0.015330 0.014117 0.007465 0.000534 0.125216 0.009346 2.200093
0.828042 0.015319 0.014046 0.007439 0.000536 0.125265 0.009354 2.201591
0.828172 0.015234 0.014072 0.007430 0.000539 0.125194 0.009358 2.203129
0.828308 0.015175 0.014035 0.007399 0.000531 0.125187 0.009365 2.204618
0.828425 0.015126 0.013983 0.007403 0.000528 0.125164 0.009371 2.206136
0.828557 0.015096 0.013971 0.007381 0.000530 0.125090 0.009376 2.207626
0.828621 0.015115 0.013927 0.007357 0.000529 0.125066 0.009386 2.209085
0.828708 0.015066 0.013918 0.007347 0.000528 0.125039 0.009394 2.210614
0.828919 0.014955 0.013929 0.007332 0.000529 0.124936 0.009402 2.212108
0.829032 0.014939 0.013907 0.007319 0.000534 0.124862 0.009407 2.213553
0.829114 0.014993 0.013861 0.007259 0.000530 0.124830 0.009414 2.214983
0.829304 0.014920 0.013850 0.007257 0.000531 0.124717 0.009421 2.216459
0.829371 0.014860 0.013837 0.007280 0.000529 0.124696 0.009426 2.217985
0.829481 0.014847 0.013777 0.007299 0.000528 0.124634 0.009434 2.219432
0.829556 0.014885 0.013714 0.007310 0.000527 0.124569 0.009440 2.220855
0.829662 0.014886 0.013725 0.007310 0.000530 0.124441 0.009445 2.222314
0.829786 0.014864 0.013683 0.007305 0.000525 0.124383 0.009454 2.223774
0.829868 0.014891 0.013674 0.007282 0.000531 0.124297 0.009459 2.225226
0.830042 0.014850 0.013619 0.007282 0.000532 0.124210 0.009465 2.226668
0.830151 0.014774 0.013649 0.007264 0.000533 0.124156 0.009472 2.228185
0.830279 0.014735 0.013603 0.007270 0.000528 0.124105 0.009480 2.229626
0.830350 0.014780 0.013552 0.007269 0.000524 0.124041 0.009485 2.231056
0.830436 0.014753 0.013574 0.007245 0.000521 0.123983 0.009489 2.232526
0.830558 0.014708 0.013550 0.007245 0.000507 0.123932 0.009500 2.233948
0.830684 0.014726 0.013514 0.007175 0.000510 0.123886 0.009504 2.235359
0.830827 0.014631 0.013535 0.007157 0.000509 0.123832 0.009509 2.236839
0.830952 0.014586 0.013480 0.007140 0.000508 0.123819 0.009516 2.238290
0.831076 0.014570 0.013461 0.007120 0.000510 0.123742 0.009521 2.239734
0.831247 0.014531 0.013421 0.007077 0.000507 0.123688 0.009530 2.241171
0.831417 0.014507 0.013358 0.007052 0.000508 0.123620 0.009538 2.242557
0.831510 0.014553 0.013300 0.007016 0.000512 0.123565 0.009544 2.243960
0.831685 0.014554 0.013216 0.007007 0.000506 0.123481 0.009551 2.245351
0.831828 0.014548 0.013175 0.007024 0.000494 0.123374 0.009558 2.246780
0.831939 0.014589 0.013181 0.006996 0.000494 0.123237 0.009564 2.248182
0.832084 0.014579 0.013170 0.006984 0.000493 0.123117 0.009574 2.249626
0.832165 0.014558 0.013172 0.006994 0.000484 0.123047 0.009582 2.251068
0.832347 0.014496 0.013163 0.006990 0.000484 0.122932 0.009588 2.252498
0.832416 0.014539 0.013145 0.006985 0.000483 0.122838 0.009594 2.253902
0.832566 0.014420 0.013150 0.006973 0.000484 0.122809 0.009598 2.255362
0.832672 0.014389 0.013142 0.006951 0.000491 0.122750 0.009604 2.256784
0.832900 0.014259 0.013128 0.006959 0.000485 0.122661 0.009609 2.258223
0.833069 0.014226 0.013125 0.006955 0.000477 0.122534 0.009614 2.259616
0.833240 0.014207 0.013144 0.006923 0.000474 0.122393 0.009619 2.261021
0.833438 0.014161 0.013125 0.006893 0.000470 0.122286 0.009627 2.262399
0.833583 0.014131 0.013115 0.006906 0.000464 0.122167 0.009635 2.263818
0.833733 0.014139 0.013076 0.006864 0.000470 0.122079 0.009641 2.265165
0.833901 0.014113 0.013060 0.006851 0.000466 0.121963 0.009646 2.266583
0.834081 0.014120 0.013008 0.006823 0.000463 0.121855 0.009651 2.267969
0.834269 0.014103 0.013009 0.006797 0.000458 0.121706 0.009659 2.269318
0.834411 0.014057 0.013003 0.006813 0.000453 0.121595 0.009667 2.270734
0.834526 0.014073 0.013009 0.006825 0.000447 0.121446 0.009675 2.272122
0.834673 0.014054 0.012948 0.006798 0.000449 0.121396 0.009683 2.273469
0.834808 0.014068 0.012965 0.006768 0.000448 0.121252 0.009691 2.274859
0.834919 0.014120 0.012928 0.006756 0.000446 0.121133 0.009698 2.276219
0.835124 0.014112 0.012888 0.006725 0.000446 0.120999 0.009706 2.277580
0.835284 0.014066 0.012913 0.006713 0.000441 0.120870 0.009714 2.278978
0.835426 0.014041 0.012961 0.006686 0.000439 0.120727 0.009721 2.280370
0.835514 0.014042 0.012966 0.006688 0.000443 0.120623 0.009725 2.281778
0.835601 0.014083 0.012934 0.006645 0.000439 0.120568 0.009729 2.283132
0.835687 0.014045 0.012956 0.006667 0.000441 0.120469 0.009735 2.284556
0.835842 0.014037 0.012907 0.006671 0.000449 0.120354 0.009739 2.285894
0.835994 0.014083 0.012851 0.006650 0.000450 0.120231 0.009742 2.287221
0.836097 0.014113 0.012825 0.006655 0.000451 0.120114 0.009746 2.288587
0.836277 0.014031 0.012868 0.006671 0.000452 0.119951 0.009751 2.290006
0.836463 0.014076 0.012798 0.006679 0.000454 0.119773 0.009757 2.291358
0.836576 0.014024 0.012778 0.006676 0.000451 0.119731 0.009764 2.292757
0.836605 0.014131 0.012709 0.006676 0.000447 0.119665 0.009768 2.294071
0.836726 0.014121 0.012744 0.006690 0.000453 0.119496 0.009771 2.295481
0.836874 0.014101 0.012739 0.006675 0.000452 0.119382 0.009779 2.296864
0.836955 0.014138 0.012698 0.006662 0.000447 0.119319 0.009782 2.298214
0.837030 0.014131 0.012694 0.006680 0.000444 0.119231 0.009789 2.299617
0.837129 0.014162 0.012684 0.006683 0.000438 0.119109 0.009794 2.300990
0.837243 0.014149 0.012641 0.006686 0.000443 0.119037 0.009800 2.302372
0.837342 0.014173 0.012677 0.006638 0.000439 0.118924 0.009808 2.303725
0.837486 0.014116 0.012717 0.006607 0.000441 0.118819 0.009814 2.305124
0.837588 0.014119 0.012693 0.006621 0.000440 0.118719 0.009820 2.306503
0.837684 0.014166 0.012685 0.006652 0.000445 0.118544 0.009824 2.307872
0.837759 0.014173 0.012729 0.006644 0.000448 0.118417 0.009831 2.309268
0.837878 0.014151 0.012749 0.006640 0.000444 0.118298 0.009840 2.310660
0.837971 0.014163 0.012709 0.006605 0.000444 0.118261 0.009848 2.312039
0.838029 0.014196 0.012676 0.006578 0.000447 0.118222 0.009852 2.313400
0.838093 0.014160 0.012683 0.006575 0.000447 0.118182 0.009860 2.314821
0.838196 0.014111 0.012691 0.006615 0.000437 0.118083 0.009867 2.316221
0.838238 0.014205 0.012666 0.006625 0.000437 0.117958 0.009872 2.317565
0.838230 0.014200 0.012705 0.006639 0.000442 0.117906 0.009878 2.319002
0.838368 0.014192 0.012700 0.006646 0.000439 0.117773 0.009883 2.320380
0.838454 0.014216 0.012682 0.006651 0.000432 0.117676 0.009888 2.321737
0.838546 0.014158 0.012706 0.006658 0.000439 0.117602 0.009891 2.323174
0.838625 0.014227 0.012729 0.006668 0.000446 0.117410 0.009895 2.324574
0.838684 0.014250 0.012761 0.006703 0.000444 0.117258 0.009901 2.325980
0.838721 0.014217 0.012762 0.006678 0.000447 0.117268 0.009906 2.327395
0.838800 0.014246 0.012749 0.006675 0.000450 0.117167 0.009913 2.328745
0.838849 0.014274 0.012755 0.006694 0.000448 0.117062 0.009917 2.330143
0.838908 0.014273 0.012778 0.006729 0.000450 0.116938 0.009924 2.331566
0.839027 0.014232 0.012804 0.006718 0.000449 0.116843 0.009928 2.332986
0.839073 0.014232 0.012812 0.006686 0.000451 0.116812 0.009933 2.334369
0.839083 0.014282 0.012819 0.006687 0.000455 0.116736 0.009938 2.335759
0.839206 0.014286 0.012847 0.006686 0.000453 0.116580 0.009942 2.337155
0.839312 0.014294 0.012839 0.006705 0.000456 0.116446 0.009948 2.338551
0.839392 0.014208 0.012861 0.006733 0.000453 0.116398 0.009955 2.339957
0.839441 0.014219 0.012874 0.006702 0.000455 0.116349 0.009959 2.341360
0.839491 0.014226 0.012886 0.006719 0.000446 0.116266 0.009967 2.342767
0.839463 0.014260 0.012841 0.006742 0.000444 0.116278 0.009973 2.344161
0.839598 0.014269 0.012831 0.006744 0.000441 0.116141 0.009977 2.345561
0.839630 0.014278 0.012855 0.006703 0.000445 0.116102 0.009985 2.346953
0.839689 0.014307 0.012807 0.006710 0.000448 0.116048 0.009991 2.348322
0.839749 0.014293 0.012767 0.006709 0.000445 0.116039 0.009999 2.349710
0.839815 0.014252 0.012772 0.006710 0.000442 0.116006 0.010002 2.351104
0.839866 0.014220 0.012783 0.006688 0.000440 0.115999 0.010004 2.352543
0.839875 0.014301 0.012778 0.006693 0.000441 0.115902 0.010011 2.353909
0.839939 0.014310 0.012755 0.006672 0.000438 0.115863 0.010024 2.355299
0.840026 0.014294 0.012758 0.006706 0.000433 0.115752 0.010031 2.356707
0.840073 0.014302 0.012779 0.006705 0.000430 0.115675 0.010035 2.358090
0.840051 0.014305 0.012803 0.006700 0.000428 0.115673 0.010038 2.359486
0.840055 0.014312 0.012787 0.006728 0.000430 0.115645 0.010044 2.360905
0.840089 0.014310 0.012792 0.006752 0.000432 0.115577 0.010047 2.362292
0.840183 0.014307 0.012819 0.006759 0.000431 0.115448 0.010053 2.363675
0.840245 0.014257 0.012863 0.006770 0.000439 0.115369 0.010057 2.365122
0.840301 0.014279 0.012871 0.006765 0.000437 0.115284 0.010064 2.366505
0.840288 0.014362 0.012876 0.006760 0.000442 0.115204 0.010069 2.367883
0.840327 0.014333 0.012900 0.006760 0.000444 0.115160 0.010076 2.369315
0.840316 0.014414 0.012861 0.006742 0.000446 0.115137 0.010084 2.370691
0.840327 0.014462 0.012886 0.006751 0.000438 0.115046 0.010089 2.372084
0.840349 0.014477 0.012893 0.006749 0.000437 0.115001 0.010095 2.373462
0.840364 0.014521 0.012871 0.006748 0.000432 0.114964 0.010101 2.374854
0.840375 0.014553 0.012915 0.006755 0.000429 0.114866 0.010106 2.376278
0.840381 0.014576 0.012933 0.006792 0.000427 0.114780 0.010111 2.377713
0.840404 0.014534 0.012933 0.006805 0.000433 0.114776 0.010115 2.379176
0.840400 0.014495 0.012889 0.006840 0.000433 0.114821 0.010122 2.380614
0.840463 0.014470 0.012878 0.006838 0.000438 0.114787 0.010125 2.382032
0.840442 0.014447 0.012929 0.006857 0.000439 0.114757 0.010129 2.383484
0.840451 0.014478 0.012913 0.006831 0.000447 0.114745 0.010135 2.384847
0.840468 0.014414 0.012978 0.006857 0.000452 0.114690 0.010141 2.386311
0.840592 0.014383 0.012917 0.006879 0.000462 0.114621 0.010147 2.387702
0.840569 0.014440 0.012901 0.006822 0.000462 0.114651 0.010156 2.389077
0.840575 0.014462 0.012893 0.006824 0.000472 0.114615 0.010159 2.390510
