0.350000 0.062917 0.056206 0.032307 0.002143 0.490398 0.006030 1.596464
0.352374 0.060604 0.056106 0.032200 0.002149 0.490511 0.006055 1.602481
0.355622 0.057744 0.055945 0.031905 0.002156 0.490546 0.006082 1.608256
0.359242 0.054714 0.055534 0.031569 0.002147 0.490681 0.006115 1.613745
0.363299 0.051723 0.054946 0.031035 0.002136 0.490716 0.006144 1.618860
0.367640 0.048643 0.054264 0.030446 0.002138 0.490698 0.006169 1.623749
0.372032 0.045799 0.053510 0.029711 0.002139 0.490616 0.006194 1.628327
0.376646 0.042913 0.052643 0.029071 0.002135 0.490371 0.006222 1.632746
0.381341 0.040269 0.051637 0.028435 0.002130 0.489944 0.006244 1.636811
0.386188 0.037656 0.050499 0.027808 0.002115 0.489462 0.006271 1.640723
0.391126 0.035303 0.049297 0.027087 0.002111 0.488785 0.006291 1.644283
0.396034 0.033070 0.048061 0.026285 0.002104 0.488127 0.006319 1.647657
0.401105 0.031006 0.046777 0.025498 0.002097 0.487168 0.006348 1.650838
0.406171 0.029046 0.045561 0.024688 0.002079 0.486075 0.006380 1.653829
0.411239 0.027249 0.044323 0.023886 0.002057 0.484836 0.006410 1.656632
0.416381 0.025616 0.042871 0.023070 0.002036 0.483583 0.006443 1.659208
0.421449 0.024069 0.041481 0.022219 0.001999 0.482315 0.006470 1.661660
0.426587 0.022669 0.040041 0.021433 0.001958 0.480805 0.006506 1.663910
0.431732 0.021331 0.038641 0.020677 0.001928 0.479162 0.006528 1.666044
0.436990 0.020124 0.037225 0.019860 0.001900 0.477351 0.006551 1.668039
0.442098 0.019012 0.035899 0.019094 0.001867 0.475452 0.006579 1.669925
0.447417 0.017849 0.034592 0.018321 0.001840 0.473381 0.006601 1.671766
0.452602 0.016853 0.033279 0.017590 0.001816 0.471237 0.006624 1.673457
0.457747 0.015897 0.032014 0.016868 0.001780 0.469044 0.006651 1.675067
0.462928 0.015029 0.030763 0.016210 0.001755 0.466646 0.006669 1.676575
0.468193 0.014194 0.029555 0.015573 0.001722 0.464072 0.006690 1.678005
0.473448 0.013451 0.028413 0.014881 0.001687 0.461411 0.006711 1.679351
0.478680 0.012740 0.027239 0.014281 0.001659 0.458664 0.006736 1.680619
0.483803 0.012062 0.026173 0.013658 0.001637 0.455909 0.006758 1.681848
0.488915 0.011474 0.025107 0.013049 0.001610 0.453066 0.006781 1.682975
0.494012 0.010919 0.024011 0.012484 0.001580 0.450193 0.006801 1.684023
0.499049 0.010418 0.023012 0.011964 0.001548 0.447186 0.006823 1.685063
0.504280 0.009894 0.022100 0.011431 0.001517 0.443941 0.006838 1.686072
0.509287 0.009417 0.021188 0.010947 0.001487 0.440816 0.006857 1.687016
0.514334 0.008950 0.020329 0.010500 0.001462 0.437548 0.006876 1.687927
0.519328 0.008508 0.019450 0.010068 0.001433 0.434322 0.006891 1.688792
0.524404 0.008119 0.018671 0.009621 0.001403 0.430875 0.006908 1.689604
0.529377 0.007779 0.017876 0.009207 0.001361 0.427473 0.006928 1.690354
0.534249 0.007445 0.017096 0.008821 0.001323 0.424121 0.006946 1.691092
0.539212 0.007124 0.016361 0.008412 0.001288 0.420643 0.006960 1.691791
0.544118 0.006844 0.015656 0.008050 0.001262 0.417093 0.006978 1.692457
0.549007 0.006562 0.014992 0.007708 0.001232 0.413503 0.006997 1.693108
0.553750 0.006242 0.014383 0.007419 0.001205 0.409988 0.007012 1.693778
0.558476 0.005970 0.013770 0.007095 0.001172 0.406484 0.007033 1.694376
0.563199 0.005730 0.013224 0.006791 0.001142 0.402863 0.007051 1.694960
0.567956 0.005499 0.012728 0.006509 0.001124 0.399116 0.007069 1.695533
0.572638 0.005280 0.012180 0.006237 0.001097 0.395484 0.007084 1.696052
0.577269 0.005047 0.011669 0.005977 0.001074 0.391869 0.007096 1.696577
0.581844 0.004856 0.011181 0.005731 0.001048 0.388234 0.007107 1.697065
0.586365 0.004660 0.010726 0.005477 0.001018 0.384634 0.007119 1.697552
0.590866 0.004505 0.010279 0.005240 0.000993 0.380986 0.007131 1.697974
0.595317 0.004328 0.009850 0.005021 0.000959 0.377378 0.007145 1.698415
0.599710 0.004186 0.009422 0.004827 0.000929 0.373765 0.007160 1.698817
0.604201 0.004036 0.009018 0.004632 0.000907 0.370037 0.007170 1.699222
0.608592 0.003917 0.008646 0.004416 0.000872 0.366368 0.007188 1.699587
0.612868 0.003777 0.008261 0.004247 0.000853 0.362797 0.007197 1.699963
0.617118 0.003654 0.007912 0.004085 0.000831 0.359192 0.007208 1.700324
0.621319 0.003536 0.007567 0.003900 0.000816 0.355647 0.007216 1.700673
0.625539 0.003418 0.007284 0.003748 0.000791 0.351996 0.007224 1.701032
0.629749 0.003287 0.007017 0.003604 0.000763 0.348342 0.007239 1.701368
0.633870 0.003173 0.006769 0.003448 0.000744 0.344751 0.007246 1.701696
0.637929 0.003076 0.006510 0.003296 0.000726 0.341212 0.007253 1.702003
0.642087 0.002969 0.006254 0.003171 0.000712 0.337546 0.007261 1.702294
0.646108 0.002878 0.006005 0.003039 0.000689 0.334013 0.007269 1.702568
0.650082 0.002755 0.005777 0.002919 0.000670 0.330521 0.007276 1.702863
0.654140 0.002670 0.005557 0.002788 0.000649 0.326914 0.007282 1.703133
0.658053 0.002598 0.005321 0.002679 0.000632 0.323427 0.007291 1.703392
0.661899 0.002528 0.005103 0.002580 0.000616 0.319975 0.007299 1.703620
0.665757 0.002451 0.004909 0.002486 0.000605 0.316483 0.007308 1.703869
0.669460 0.002379 0.004742 0.002365 0.000590 0.313145 0.007320 1.704103
0.673118 0.002290 0.004578 0.002297 0.000574 0.309819 0.007325 1.704355
0.676821 0.002235 0.004394 0.002212 0.000558 0.306448 0.007333 1.704576
0.680406 0.002195 0.004243 0.002125 0.000537 0.303154 0.007342 1.704789
0.684038 0.002123 0.004099 0.002054 0.000526 0.299812 0.007349 1.705013
0.687616 0.002056 0.003971 0.001970 0.000508 0.296523 0.007357 1.705223
0.691194 0.001980 0.003852 0.001883 0.000492 0.293237 0.007364 1.705428
0.694685 0.001909 0.003740 0.001806 0.000473 0.290015 0.007372 1.705631
0.698183 0.001845 0.003611 0.001740 0.000462 0.286778 0.007381 1.705831
0.701634 0.001790 0.003503 0.001681 0.000448 0.283559 0.007385 1.706024
0.705138 0.001742 0.003366 0.001620 0.000438 0.280307 0.007389 1.706198
0.708517 0.001702 0.003243 0.001566 0.000421 0.277156 0.007394 1.706365
0.711790 0.001669 0.003117 0.001510 0.000408 0.274106 0.007401 1.706525
0.715047 0.001607 0.003008 0.001452 0.000393 0.271085 0.007409 1.706702
0.718324 0.001581 0.002903 0.001418 0.000382 0.267978 0.007415 1.706856
0.721569 0.001549 0.002776 0.001366 0.000369 0.264949 0.007422 1.706993
0.724811 0.001513 0.002679 0.001316 0.000359 0.261896 0.007426 1.707143
0.728044 0.001479 0.002587 0.001268 0.000349 0.258844 0.007430 1.707294
0.731113 0.001452 0.002495 0.001236 0.000336 0.255936 0.007434 1.707435
0.734220 0.001425 0.002416 0.001195 0.000325 0.252983 0.007437 1.707570
0.737277 0.001374 0.002356 0.001152 0.000315 0.250086 0.007441 1.707726
0.740296 0.001352 0.002280 0.001118 0.000306 0.247205 0.007444 1.707859
0.743261 0.001324 0.002201 0.001081 0.000300 0.244385 0.007449 1.707992
0.746145 0.001298 0.002123 0.001049 0.000292 0.241644 0.007451 1.708113
0.749030 0.001272 0.002041 0.001014 0.000283 0.238905 0.007456 1.708233
0.751879 0.001235 0.001977 0.000984 0.000276 0.236191 0.007459 1.708355
0.754731 0.001214 0.001940 0.000965 0.000267 0.233423 0.007461 1.708475
0.757537 0.001185 0.001889 0.000946 0.000259 0.230723 0.007462 1.708599
0.760276 0.001175 0.001829 0.000908 0.000257 0.228092 0.007464 1.708710
0.763090 0.001138 0.001780 0.000886 0.000245 0.225394 0.007468 1.708823
0.765771 0.001130 0.001720 0.000850 0.000240 0.222819 0.007470 1.708924
0.768456 0.001105 0.001676 0.000823 0.000231 0.220236 0.007473 1.709041
0.771106 0.001075 0.001637 0.000809 0.000223 0.217673 0.007478 1.709153
0.773725 0.001063 0.001583 0.000771 0.000215 0.215160 0.007481 1.709244
0.776301 0.001047 0.001534 0.000754 0.000208 0.212671 0.007485 1.709351
0.778937 0.001022 0.001492 0.000725 0.000199 0.210138 0.007488 1.709455
0.781500 0.001006 0.001433 0.000705 0.000190 0.207672 0.007493 1.709549
0.783960 0.000985 0.001403 0.000690 0.000183 0.205284 0.007495 1.709650
0.786426 0.000981 0.001374 0.000668 0.000179 0.202876 0.007497 1.709739
0.788848 0.000965 0.001340 0.000644 0.000173 0.200530 0.007500 1.709830
0.791243 0.000938 0.001312 0.000629 0.000167 0.198209 0.007502 1.709923
0.793649 0.000913 0.001292 0.000611 0.000160 0.195871 0.007505 1.710019
0.796022 0.000890 0.001256 0.000603 0.000157 0.193566 0.007506 1.710111
0.798382 0.000860 0.001231 0.000582 0.000150 0.191286 0.007508 1.710198
0.800742 0.000837 0.001210 0.000556 0.000147 0.188999 0.007509 1.710281
0.803032 0.000827 0.001175 0.000546 0.000140 0.186769 0.007510 1.710360
0.805257 0.000790 0.001147 0.000539 0.000135 0.184619 0.007513 1.710449
0.807464 0.000766 0.001116 0.000542 0.000132 0.182464 0.007515 1.710531
0.809672 0.000754 0.001091 0.000519 0.000129 0.180321 0.007515 1.710599
0.811882 0.000737 0.001068 0.000500 0.000125 0.178172 0.007517 1.710670
0.814023 0.000732 0.001021 0.000483 0.000123 0.176101 0.007517 1.710733
0.816191 0.000699 0.001004 0.000478 0.000121 0.173987 0.007519 1.710810
0.818351 0.000673 0.000974 0.000473 0.000119 0.171892 0.007520 1.710885
0.820418 0.000661 0.000936 0.000462 0.000114 0.169887 0.007521 1.710949
0.822510 0.000651 0.000914 0.000451 0.000111 0.167841 0.007523 1.711011
0.824559 0.000640 0.000888 0.000443 0.000108 0.165837 0.007524 1.711071
0.826574 0.000630 0.000867 0.000425 0.000106 0.163871 0.007526 1.711130
0.828600 0.000610 0.000843 0.000416 0.000106 0.161897 0.007527 1.711189
0.830587 0.000604 0.000818 0.000407 0.000105 0.159953 0.007527 1.711239
0.832511 0.000598 0.000797 0.000396 0.000102 0.158067 0.007529 1.711294
0.834404 0.000594 0.000782 0.000382 0.000101 0.156207 0.007530 1.711347
0.836298 0.000574 0.000768 0.000366 0.000100 0.154363 0.007530 1.711412
0.838155 0.000565 0.000751 0.000363 0.000097 0.152539 0.007531 1.711466
0.839989 0.000546 0.000730 0.000353 0.000094 0.150756 0.007532 1.711525
0.841858 0.000551 0.000703 0.000337 0.000091 0.148928 0.007533 1.711561
0.843641 0.000541 0.000682 0.000335 0.000086 0.147181 0.007534 1.711607
0.845407 0.000528 0.000656 0.000330 0.000084 0.145459 0.007535 1.711657
0.847189 0.000503 0.000639 0.000323 0.000082 0.143728 0.007536 1.711712
0.848946 0.000487 0.000630 0.000322 0.000077 0.142002 0.007536 1.711764
0.850697 0.000480 0.000618 0.000311 0.000075 0.140284 0.007536 1.711810
0.852461 0.000460 0.000606 0.000305 0.000071 0.138560 0.007538 1.711860
0.854189 0.000447 0.000595 0.000303 0.000066 0.136859 0.007540 1.711907
0.855850 0.000441 0.000583 0.000294 0.000064 0.135228 0.007541 1.711944
0.857497 0.000451 0.000559 0.000284 0.000062 0.133606 0.007541 1.711974
0.859107 0.000439 0.000556 0.000279 0.000059 0.132016 0.007544 1.712022
0.860702 0.000420 0.000547 0.000273 0.000057 0.130457 0.007546 1.712068
0.862249 0.000402 0.000536 0.000268 0.000056 0.128944 0.007546 1.712112
0.863821 0.000399 0.000521 0.000263 0.000057 0.127393 0.007547 1.712149
0.865340 0.000391 0.000517 0.000260 0.000056 0.125890 0.007547 1.712190
0.866880 0.000390 0.000505 0.000254 0.000054 0.124370 0.007548 1.712226
0.868455 0.000389 0.000496 0.000243 0.000053 0.122815 0.007549 1.712263
0.869933 0.000384 0.000493 0.000237 0.000051 0.121352 0.007549 1.712300
0.871390 0.000390 0.000481 0.000229 0.000049 0.119911 0.007551 1.712327
0.872821 0.000380 0.000467 0.000220 0.000049 0.118511 0.007552 1.712364
0.874211 0.000368 0.000465 0.000226 0.000046 0.117133 0.007552 1.712408
0.875607 0.000360 0.000461 0.000228 0.000044 0.115746 0.007554 1.712440
0.876943 0.000373 0.000441 0.000220 0.000044 0.114426 0.007555 1.712466
0.878312 0.000371 0.000436 0.000215 0.000042 0.113068 0.007555 1.712495
0.879666 0.000365 0.000428 0.000217 0.000041 0.111728 0.007556 1.712532
0.880964 0.000363 0.000425 0.000207 0.000041 0.110444 0.007556 1.712566
0.882276 0.000355 0.000418 0.000203 0.000041 0.109149 0.007558 1.712600
0.883521 0.000356 0.000411 0.000203 0.000040 0.107913 0.007558 1.712630
0.884813 0.000349 0.000406 0.000194 0.000039 0.106643 0.007558 1.712662
0.886022 0.000344 0.000404 0.000195 0.000038 0.105439 0.007558 1.712697
0.887182 0.000337 0.000401 0.000193 0.000037 0.104292 0.007559 1.712732
0.888356 0.000324 0.000385 0.000195 0.000035 0.103145 0.007560 1.712768
0.889489 0.000319 0.000382 0.000194 0.000033 0.102023 0.007561 1.712801
0.890620 0.000313 0.000378 0.000192 0.000033 0.100902 0.007561 1.712831
0.891720 0.000301 0.000368 0.000189 0.000031 0.099829 0.007562 1.712860
0.892852 0.000295 0.000360 0.000185 0.000030 0.098716 0.007562 1.712887
0.893919 0.000307 0.000345 0.000184 0.000030 0.097654 0.007562 1.712909
0.894984 0.000305 0.000337 0.000180 0.000030 0.096601 0.007563 1.712938
0.896012 0.000296 0.000329 0.000179 0.000029 0.095591 0.007564 1.712971
0.897047 0.000286 0.000328 0.000176 0.000029 0.094570 0.007564 1.713005
0.898039 0.000268 0.000332 0.000175 0.000028 0.093593 0.007565 1.713041
0.899007 0.000271 0.000325 0.000178 0.000026 0.092628 0.007565 1.713069
0.899965 0.000267 0.000314 0.000176 0.000025 0.091687 0.007565 1.713090
0.900926 0.000267 0.000308 0.000175 0.000024 0.090734 0.007566 1.713113
0.901844 0.000260 0.000305 0.000172 0.000024 0.089829 0.007566 1.713141
0.902752 0.000251 0.000304 0.000165 0.000024 0.088938 0.007566 1.713167
0.903645 0.000251 0.000304 0.000159 0.000022 0.088054 0.007566 1.713191
0.904518 0.000245 0.000297 0.000159 0.000021 0.087192 0.007567 1.713216
0.905407 0.000241 0.000289 0.000158 0.000022 0.086318 0.007567 1.713236
0.906311 0.000233 0.000288 0.000154 0.000021 0.085425 0.007567 1.713263
0.907179 0.000222 0.000289 0.000153 0.000021 0.084569 0.007567 1.713289
0.908029 0.000221 0.000283 0.000152 0.000021 0.083727 0.007567 1.713313
0.908881 0.000217 0.000282 0.000147 0.000019 0.082886 0.007568 1.713337
0.909686 0.000215 0.000275 0.000146 0.000019 0.082090 0.007568 1.713359
0.910493 0.000211 0.000268 0.000146 0.000019 0.081293 0.007568 1.713381
0.911285 0.000211 0.000263 0.000143 0.000018 0.080511 0.007568 1.713401
0.912089 0.000212 0.000255 0.000142 0.000018 0.079716 0.007568 1.713419
0.912810 0.000208 0.000253 0.000137 0.000017 0.079006 0.007568 1.713439
0.913530 0.000210 0.000249 0.000132 0.000017 0.078294 0.007569 1.713456
0.914271 0.000199 0.000249 0.000132 0.000016 0.077565 0.007569 1.713481
0.914966 0.000191 0.000244 0.000132 0.000016 0.076883 0.007569 1.713504
0.915643 0.000190 0.000240 0.000123 0.000015 0.076220 0.007569 1.713521
0.916332 0.000190 0.000232 0.000122 0.000015 0.075540 0.007569 1.713537
0.917006 0.000188 0.000225 0.000121 0.000015 0.074875 0.007569 1.713555
0.917653 0.000189 0.000225 0.000116 0.000014 0.074233 0.007569 1.713574
0.918310 0.000187 0.000219 0.000113 0.000014 0.073587 0.007570 1.713588
0.918910 0.000182 0.000217 0.000111 0.000013 0.072996 0.007570 1.713607
0.919514 0.000177 0.000218 0.000110 0.000012 0.072399 0.007570 1.713628
0.920129 0.000170 0.000218 0.000112 0.000012 0.071789 0.007570 1.713651
0.920720 0.000169 0.000212 0.000107 0.000012 0.071211 0.007570 1.713667
0.921311 0.000170 0.000205 0.000104 0.000012 0.070628 0.007570 1.713682
0.921875 0.000158 0.000205 0.000102 0.000012 0.070078 0.007570 1.713704
0.922422 0.000158 0.000201 0.000102 0.000012 0.069535 0.007570 1.713721
0.922966 0.000156 0.000197 0.000097 0.000012 0.069000 0.007570 1.713737
0.923494 0.000152 0.000194 0.000093 0.000012 0.068484 0.007570 1.713755
0.924007 0.000153 0.000190 0.000089 0.000012 0.067979 0.007571 1.713765
0.924518 0.000156 0.000185 0.000088 0.000012 0.067470 0.007571 1.713776
0.925008 0.000160 0.000175 0.000089 0.000011 0.066985 0.007572 1.713786
0.925520 0.000155 0.000170 0.000088 0.000011 0.066484 0.007572 1.713802
0.926009 0.000150 0.000166 0.000089 0.000011 0.066003 0.007572 1.713816
0.926475 0.000147 0.000164 0.000087 0.000011 0.065545 0.007572 1.713832
0.926940 0.000144 0.000156 0.000085 0.000012 0.065091 0.007572 1.713843
0.927348 0.000142 0.000157 0.000086 0.000012 0.064685 0.007572 1.713858
0.927793 0.000136 0.000154 0.000087 0.000011 0.064248 0.007572 1.713874
0.928222 0.000136 0.000148 0.000083 0.000009 0.063829 0.007572 1.713885
0.928638 0.000134 0.000148 0.000082 0.000009 0.063416 0.007572 1.713898
0.929047 0.000135 0.000145 0.000079 0.000008 0.063014 0.007572 1.713906
0.929450 0.000130 0.000145 0.000076 0.000008 0.062618 0.007572 1.713920
0.929831 0.000131 0.000141 0.000078 0.000008 0.062240 0.007572 1.713932
0.930190 0.000131 0.000131 0.000079 0.000008 0.061890 0.007572 1.713941
0.930557 0.000131 0.000129 0.000074 0.000007 0.061530 0.007572 1.713951
0.930902 0.000126 0.000131 0.000073 0.000007 0.061188 0.007572 1.713964
0.931239 0.000115 0.000129 0.000076 0.000006 0.060861 0.007573 1.713981
0.931568 0.000116 0.000125 0.000075 0.000006 0.060537 0.007573 1.713991
0.931885 0.000105 0.000123 0.000073 0.000006 0.060234 0.007573 1.714008
0.932202 0.000102 0.000124 0.000070 0.000006 0.059922 0.007573 1.714017
0.932496 0.000103 0.000123 0.000071 0.000006 0.059627 0.007573 1.714026
0.932785 0.000101 0.000120 0.000069 0.000006 0.059347 0.007573 1.714036
0.933087 0.000101 0.000117 0.000067 0.000007 0.059048 0.007573 1.714044
0.933365 0.000097 0.000117 0.000068 0.000007 0.058772 0.007573 1.714054
0.933637 0.000093 0.000117 0.000066 0.000007 0.058506 0.007573 1.714065
0.933901 0.000087 0.000118 0.000064 0.000007 0.058249 0.007573 1.714075
0.934139 0.000087 0.000111 0.000063 0.000007 0.058020 0.007573 1.714084
0.934424 0.000085 0.000107 0.000065 0.000005 0.057740 0.007574 1.714093
0.934661 0.000082 0.000107 0.000062 0.000005 0.057509 0.007574 1.714103
0.934894 0.000083 0.000103 0.000060 0.000005 0.057281 0.007574 1.714110
0.935125 0.000085 0.000099 0.000057 0.000005 0.057056 0.007574 1.714116
0.935362 0.000084 0.000098 0.000056 0.000005 0.056821 0.007574 1.714125
0.935569 0.000082 0.000098 0.000053 0.000005 0.056619 0.007574 1.714134
0.935791 0.000080 0.000097 0.000051 0.000005 0.056402 0.007574 1.714140
0.936000 0.000079 0.000096 0.000051 0.000005 0.056194 0.007574 1.714147
0.936207 0.000085 0.000093 0.000048 0.000005 0.055987 0.007574 1.714149
0.936396 0.000089 0.000092 0.000047 0.000005 0.055796 0.007574 1.714155
0.936597 0.000085 0.000098 0.000045 0.000005 0.055595 0.007574 1.714164
0.936801 0.000084 0.000093 0.000045 0.000005 0.055397 0.007574 1.714172
0.936979 0.000085 0.000090 0.000044 0.000005 0.055223 0.007574 1.714181
0.937151 0.000085 0.000088 0.000044 0.000006 0.055053 0.007574 1.714191
0.937334 0.000082 0.000091 0.000043 0.000005 0.054870 0.007575 1.714201
0.937520 0.000079 0.000090 0.000044 0.000006 0.054686 0.007575 1.714211
0.937690 0.000081 0.000087 0.000043 0.000006 0.054517 0.007575 1.714217
0.937876 0.000078 0.000084 0.000042 0.000005 0.054338 0.007575 1.714226
0.938038 0.000079 0.000086 0.000041 0.000006 0.054175 0.007575 1.714236
0.938198 0.000081 0.000082 0.000040 0.000005 0.054019 0.007576 1.714241
0.938352 0.000082 0.000081 0.000040 0.000005 0.053864 0.007576 1.714248
0.938513 0.000082 0.000082 0.000038 0.000005 0.053704 0.007576 1.714255
0.938661 0.000080 0.000084 0.000036 0.000005 0.053559 0.007576 1.714263
0.938810 0.000081 0.000084 0.000034 0.000005 0.053410 0.007576 1.714270
0.938946 0.000084 0.000082 0.000035 0.000005 0.053272 0.007577 1.714277
0.939077 0.000083 0.000081 0.000035 0.000005 0.053143 0.007577 1.714284
0.939224 0.000078 0.000083 0.000034 0.000005 0.053000 0.007577 1.714296
0.939364 0.000072 0.000090 0.000035 0.000004 0.052859 0.007577 1.714309
0.939503 0.000072 0.000090 0.000033 0.000004 0.052721 0.007577 1.714317
0.939626 0.000067 0.000088 0.000036 0.000004 0.052602 0.007577 1.714327
0.939746 0.000064 0.000087 0.000035 0.000004 0.052488 0.007577 1.714334
0.939860 0.000061 0.000081 0.000038 0.000004 0.052379 0.007577 1.714341
0.939983 0.000061 0.000081 0.000031 0.000004 0.052264 0.007577 1.714348
0.940111 0.000059 0.000078 0.000032 0.000004 0.052139 0.007577 1.714352
0.940228 0.000056 0.000078 0.000033 0.000004 0.052025 0.007577 1.714360
0.940341 0.000054 0.000073 0.000032 0.000004 0.051919 0.007577 1.714366
0.940449 0.000053 0.000076 0.000031 0.000003 0.051810 0.007578 1.714372
0.940561 0.000051 0.000073 0.000031 0.000003 0.051705 0.007578 1.714377
0.940670 0.000051 0.000070 0.000033 0.000003 0.051597 0.007578 1.714381
0.940768 0.000051 0.000071 0.000032 0.000003 0.051497 0.007578 1.714385
0.940852 0.000051 0.000065 0.000029 0.000003 0.051422 0.007578 1.714390
0.940943 0.000047 0.000065 0.000030 0.000002 0.051334 0.007578 1.714398
0.941020 0.000048 0.000064 0.000028 0.000002 0.051260 0.007578 1.714403
0.941106 0.000047 0.000063 0.000030 0.000002 0.051174 0.007578 1.714410
0.941184 0.000046 0.000061 0.000029 0.000002 0.051099 0.007578 1.714415
0.941260 0.000044 0.000058 0.000031 0.000002 0.051026 0.007578 1.714422
0.941328 0.000044 0.000057 0.000032 0.000002 0.050959 0.007578 1.714426
0.941387 0.000044 0.000056 0.000031 0.000002 0.050904 0.007578 1.714430
0.941464 0.000043 0.000053 0.000029 0.000002 0.050832 0.007578 1.714434
0.941527 0.000043 0.000051 0.000028 0.000002 0.050771 0.007578 1.714439
0.941584 0.000041 0.000048 0.000028 0.000002 0.050719 0.007578 1.714443
0.941641 0.000039 0.000049 0.000030 0.000002 0.050662 0.007579 1.714448
0.941695 0.000037 0.000049 0.000031 0.000002 0.050607 0.007579 1.714453
0.941756 0.000039 0.000049 0.000031 0.000002 0.050545 0.007579 1.714456
0.941800 0.000036 0.000048 0.000029 0.000002 0.050506 0.007579 1.714461
0.941859 0.000040 0.000045 0.000026 0.000002 0.050451 0.007579 1.714462
0.941912 0.000041 0.000044 0.000027 0.000002 0.050397 0.007579 1.714467
0.941964 0.000043 0.000041 0.000026 0.000002 0.050345 0.007579 1.714469
0.942019 0.000043 0.000040 0.000025 0.000002 0.050294 0.007579 1.714471
0.942071 0.000043 0.000039 0.000025 0.000002 0.050243 0.007579 1.714474
0.942121 0.000043 0.000039 0.000023 0.000002 0.050194 0.007579 1.714478
0.942173 0.000041 0.000040 0.000020 0.000002 0.050145 0.007579 1.714482
0.942218 0.000041 0.000038 0.000021 0.000002 0.050102 0.007579 1.714486
0.942259 0.000039 0.000039 0.000022 0.000002 0.050061 0.007579 1.714491
0.942301 0.000039 0.000039 0.000020 0.000002 0.050021 0.007579 1.714495
0.942339 0.000040 0.000035 0.000019 0.000002 0.049986 0.007579 1.714498
0.942378 0.000038 0.000034 0.000019 0.000002 0.049951 0.007579 1.714502
0.942418 0.000038 0.000036 0.000019 0.000002 0.049909 0.007579 1.714507
0.942462 0.000038 0.000036 0.000019 0.000002 0.049865 0.007579 1.714511
0.942504 0.000037 0.000035 0.000019 0.000002 0.049824 0.007579 1.714514
0.942545 0.000034 0.000038 0.000017 0.000003 0.049785 0.007579 1.714520
0.942579 0.000035 0.000037 0.000016 0.000003 0.049751 0.007579 1.714521
0.942617 0.000033 0.000036 0.000016 0.000003 0.049716 0.007579 1.714524
0.942658 0.000034 0.000035 0.000016 0.000003 0.049676 0.007579 1.714525
0.942702 0.000031 0.000036 0.000017 0.000003 0.049633 0.007579 1.714530
0.942735 0.000029 0.000035 0.000014 0.000003 0.049606 0.007579 1.714532
0.942776 0.000027 0.000034 0.000015 0.000002 0.049568 0.007579 1.714537
0.942811 0.000026 0.000033 0.000016 0.000002 0.049534 0.007579 1.714538
0.942846 0.000025 0.000032 0.000015 0.000002 0.049501 0.007579 1.714541
0.942881 0.000026 0.000030 0.000015 0.000002 0.049469 0.007579 1.714543
0.942910 0.000028 0.000029 0.000015 0.000002 0.049438 0.007579 1.714544
0.942937 0.000027 0.000026 0.000015 0.000002 0.049414 0.007579 1.714548
0.942965 0.000026 0.000025 0.000016 0.000002 0.049388 0.007579 1.714551
0.942991 0.000027 0.000026 0.000016 0.000002 0.049359 0.007579 1.714553
0.943013 0.000026 0.000030 0.000016 0.000002 0.049336 0.007579 1.714558
0.943039 0.000025 0.000027 0.000015 0.000002 0.049314 0.007579 1.714560
0.943072 0.000025 0.000026 0.000014 0.000002 0.049284 0.007579 1.714562
0.943097 0.000024 0.000027 0.000012 0.000002 0.049260 0.007579 1.714565
0.943124 0.000022 0.000025 0.000012 0.000002 0.049237 0.007579 1.714567
0.943146 0.000023 0.000024 0.000010 0.000002 0.049217 0.007579 1.714569
0.943166 0.000022 0.000025 0.000010 0.000001 0.049196 0.007579 1.714572
0.943186 0.000024 0.000023 0.000010 0.000001 0.049178 0.007579 1.714573
0.943205 0.000024 0.000022 0.000010 0.000001 0.049160 0.007579 1.714573
0.943224 0.000022 0.000024 0.000010 0.000001 0.049140 0.007579 1.714578
0.943242 0.000022 0.000025 0.000009 0.000000 0.049122 0.007580 1.714580
0.943261 0.000022 0.000023 0.000010 0.000000 0.049105 0.007580 1.714581
0.943277 0.000023 0.000022 0.000011 0.000000 0.049086 0.007580 1.714584
0.943290 0.000023 0.000024 0.000009 0.000000 0.049074 0.007580 1.714587
0.943303 0.000022 0.000024 0.000008 0.000000 0.049062 0.007580 1.714589
0.943315 0.000021 0.000026 0.000008 0.000000 0.049050 0.007580 1.714592
0.943334 0.000016 0.000027 0.000009 0.000000 0.049033 0.007580 1.714596
0.943347 0.000016 0.000027 0.000010 0.000000 0.049021 0.007580 1.714599
0.943366 0.000015 0.000025 0.000009 0.000000 0.049004 0.007580 1.714600
0.943383 0.000016 0.000024 0.000010 0.000000 0.048986 0.007580 1.714601
0.943397 0.000015 0.000023 0.000011 0.000000 0.048974 0.007580 1.714603
0.943406 0.000016 0.000024 0.000011 0.000000 0.048964 0.007580 1.714606
0.943418 0.000016 0.000023 0.000011 0.000000 0.048952 0.007580 1.714607
0.943430 0.000014 0.000022 0.000011 0.000000 0.048942 0.007580 1.714609
0.943439 0.000015 0.000022 0.000011 0.000000 0.048933 0.007580 1.714610
0.943449 0.000017 0.000021 0.000010 0.000000 0.048923 0.007580 1.714611
0.943456 0.000018 0.000022 0.000010 0.000000 0.048914 0.007580 1.714612
0.943466 0.000017 0.000022 0.000010 0.000001 0.048904 0.007580 1.714614
0.943474 0.000019 0.000022 0.000011 0.000001 0.048894 0.007580 1.714616
0.943482 0.000020 0.000022 0.000011 0.000000 0.048885 0.007580 1.714617
0.943489 0.000021 0.000025 0.000010 0.000000 0.048876 0.007580 1.714619
0.943495 0.000020 0.000025 0.000012 0.000000 0.048869 0.007580 1.714622
0.943503 0.000021 0.000024 0.000011 0.000000 0.048862 0.007580 1.714624
0.943507 0.000023 0.000025 0.000011 0.000000 0.048856 0.007580 1.714627
0.943513 0.000023 0.000023 0.000011 0.000000 0.048851 0.007580 1.714627
0.943520 0.000019 0.000023 0.000013 0.000000 0.048845 0.007580 1.714631
0.943527 0.000019 0.000022 0.000013 0.000000 0.048840 0.007580 1.714632
0.943533 0.000022 0.000021 0.000013 0.000000 0.048831 0.007580 1.714633
0.943538 0.000023 0.000019 0.000013 0.000000 0.048827 0.007580 1.714635
0.943547 0.000021 0.000020 0.000012 0.000000 0.048821 0.007580 1.714638
0.943557 0.000019 0.000020 0.000013 0.000000 0.048811 0.007580 1.714640
0.943567 0.000019 0.000021 0.000012 0.000000 0.048802 0.007580 1.714643
0.943572 0.000019 0.000018 0.000014 0.000000 0.048797 0.007580 1.714645
0.943583 0.000019 0.000018 0.000013 0.000000 0.048787 0.007580 1.714646
0.943590 0.000019 0.000018 0.000011 0.000001 0.048782 0.007580 1.714647
0.943595 0.000019 0.000019 0.000011 0.000001 0.048776 0.007580 1.714649
0.943602 0.000018 0.000018 0.000012 0.000001 0.048770 0.007580 1.714651
0.943610 0.000018 0.000018 0.000011 0.000000 0.048764 0.007580 1.714652
0.943615 0.000016 0.000018 0.000010 0.000000 0.048761 0.007580 1.714654
0.943619 0.000016 0.000018 0.000010 0.000000 0.048758 0.007580 1.714656
0.943624 0.000014 0.000018 0.000010 0.000001 0.048754 0.007580 1.714659
0.943626 0.000013 0.000019 0.000010 0.000001 0.048751 0.007580 1.714661
0.943633 0.000014 0.000017 0.000010 0.000001 0.048746 0.007580 1.714661
0.943642 0.000012 0.000019 0.000010 0.000001 0.048736 0.007580 1.714664
0.943650 0.000012 0.000018 0.000008 0.000001 0.048731 0.007580 1.714664
0.943657 0.000013 0.000017 0.000008 0.000001 0.048726 0.007580 1.714665
0.943662 0.000012 0.000016 0.000008 0.000000 0.048721 0.007580 1.714666
0.943669 0.000010 0.000017 0.000008 0.000000 0.048715 0.007580 1.714667
0.943677 0.000012 0.000017 0.000008 0.000000 0.048707 0.007580 1.714668
0.943684 0.000011 0.000015 0.000008 0.000000 0.048702 0.007580 1.714669
0.943690 0.000012 0.000014 0.000008 0.000001 0.048696 0.007580 1.714670
0.943696 0.000011 0.000013 0.000008 0.000001 0.048691 0.007580 1.714670
0.943702 0.000011 0.000011 0.000008 0.000001 0.048688 0.007580 1.714671
0.943709 0.000011 0.000011 0.000008 0.000001 0.048681 0.007580 1.714673
0.943715 0.000012 0.000010 0.000008 0.000001 0.048675 0.007580 1.714674
0.943720 0.000013 0.000010 0.000008 0.000001 0.048669 0.007580 1.714674
0.943729 0.000012 0.000011 0.000006 0.000001 0.048661 0.007580 1.714676
0.943732 0.000013 0.000013 0.000006 0.000002 0.048656 0.007580 1.714678
0.943740 0.000012 0.000014 0.000006 0.000002 0.048647 0.007580 1.714680
0.943748 0.000013 0.000014 0.000007 0.000002 0.048638 0.007580 1.714682
0.943750 0.000012 0.000015 0.000008 0.000002 0.048635 0.007580 1.714684
0.943753 0.000012 0.000016 0.000007 0.000001 0.048632 0.007580 1.714685
0.943757 0.000012 0.000016 0.000006 0.000001 0.048628 0.007580 1.714686
0.943761 0.000011 0.000014 0.000007 0.000001 0.048626 0.007580 1.714687
0.943766 0.000010 0.000015 0.000007 0.000001 0.048621 0.007580 1.714690
0.943770 0.000011 0.000015 0.000007 0.000000 0.048616 0.007581 1.714691
0.943774 0.000011 0.000015 0.000006 0.000000 0.048612 0.007581 1.714692
0.943776 0.000012 0.000016 0.000006 0.000000 0.048609 0.007581 1.714694
0.943779 0.000011 0.000016 0.000008 0.000000 0.048606 0.007581 1.714696
0.943782 0.000010 0.000016 0.000008 0.000000 0.048602 0.007581 1.714697
0.943783 0.000009 0.000017 0.000009 0.000000 0.048601 0.007581 1.714701
0.943788 0.000009 0.000014 0.000008 0.000000 0.048599 0.007581 1.714701
0.943793 0.000008 0.000012 0.000008 0.000000 0.048598 0.007581 1.714701
0.943795 0.000010 0.000012 0.000008 0.000000 0.048595 0.007581 1.714701
0.943798 0.000010 0.000011 0.000007 0.000000 0.048593 0.007581 1.714702
0.943802 0.000010 0.000010 0.000007 0.000000 0.048590 0.007581 1.714702
0.943804 0.000011 0.000008 0.000007 0.000000 0.048589 0.007581 1.714703
0.943809 0.000010 0.000008 0.000006 0.000002 0.048585 0.007581 1.714704
0.943811 0.000010 0.000009 0.000006 0.000002 0.048582 0.007581 1.714705
0.943812 0.000011 0.000009 0.000006 0.000002 0.048581 0.007581 1.714706
0.943816 0.000011 0.000008 0.000005 0.000002 0.048578 0.007581 1.714706
0.943820 0.000011 0.000009 0.000004 0.000002 0.048574 0.007581 1.714707
0.943822 0.000009 0.000009 0.000007 0.000002 0.048571 0.007581 1.714710
0.943825 0.000009 0.000008 0.000006 0.000002 0.048570 0.007581 1.714710
0.943826 0.000009 0.000008 0.000006 0.000002 0.048569 0.007581 1.714711
0.943832 0.000009 0.000007 0.000006 0.000002 0.048564 0.007581 1.714711
0.943835 0.000012 0.000007 0.000005 0.000002 0.048559 0.007581 1.714711
0.943836 0.000012 0.000007 0.000005 0.000002 0.048558 0.007581 1.714712
0.943836 0.000013 0.000008 0.000006 0.000001 0.048556 0.007581 1.714714
0.943837 0.000013 0.000008 0.000005 0.000001 0.048556 0.007581 1.714714
0.943838 0.000013 0.000008 0.000007 0.000001 0.048553 0.007581 1.714716
0.943841 0.000014 0.000008 0.000007 0.000001 0.048550 0.007581 1.714716
0.943840 0.000016 0.000008 0.000006 0.000001 0.048549 0.007581 1.714717
0.943845 0.000015 0.000008 0.000006 0.000001 0.048544 0.007581 1.714718
0.943847 0.000017 0.000008 0.000006 0.000001 0.048541 0.007581 1.714719
0.943847 0.000018 0.000008 0.000006 0.000001 0.048540 0.007581 1.714720
0.943850 0.000017 0.000008 0.000006 0.000001 0.048537 0.007581 1.714722
0.943853 0.000017 0.000010 0.000006 0.000001 0.048532 0.007581 1.714724
0.943855 0.000016 0.000011 0.000005 0.000001 0.048532 0.007581 1.714725
0.943858 0.000016 0.000011 0.000005 0.000001 0.048529 0.007581 1.714726
0.943860 0.000014 0.000012 0.000005 0.000001 0.048529 0.007581 1.714729
0.943862 0.000015 0.000010 0.000004 0.000001 0.048527 0.007581 1.714729
0.943863 0.000015 0.000010 0.000004 0.000001 0.048528 0.007581 1.714730
0.943864 0.000014 0.000011 0.000005 0.000000 0.048526 0.007581 1.714732
0.943866 0.000013 0.000010 0.000006 0.000000 0.048524 0.007581 1.714734
0.943869 0.000012 0.000010 0.000006 0.000000 0.048522 0.007581 1.714735
0.943871 0.000012 0.000009 0.000006 0.000001 0.048521 0.007581 1.714736
0.943872 0.000010 0.000010 0.000005 0.000001 0.048521 0.007581 1.714737
0.943876 0.000011 0.000009 0.000005 0.000001 0.048518 0.007581 1.714737
0.943878 0.000012 0.000010 0.000005 0.000001 0.048514 0.007581 1.714738
0.943878 0.000014 0.000010 0.000005 0.000001 0.048512 0.007581 1.714738
0.943879 0.000014 0.000010 0.000006 0.000001 0.048510 0.007581 1.714740
0.943883 0.000013 0.000009 0.000006 0.000001 0.048507 0.007581 1.714741
0.943887 0.000012 0.000008 0.000006 0.000001 0.048504 0.007581 1.714742
0.943889 0.000012 0.000008 0.000008 0.000001 0.048501 0.007581 1.714743
0.943890 0.000012 0.000008 0.000008 0.000001 0.048502 0.007581 1.714744
0.943890 0.000012 0.000008 0.000008 0.000001 0.048501 0.007581 1.714746
0.943890 0.000012 0.000009 0.000009 0.000001 0.048500 0.007581 1.714748
0.943891 0.000010 0.000010 0.000008 0.000001 0.048499 0.007581 1.714750
0.943891 0.000010 0.000010 0.000007 0.000000 0.048500 0.007581 1.714751
0.943891 0.000010 0.000010 0.000007 0.000000 0.048501 0.007581 1.714752
0.943891 0.000010 0.000008 0.000007 0.000000 0.048502 0.007581 1.714753
0.943895 0.000010 0.000007 0.000006 0.000000 0.048500 0.007581 1.714753
0.943895 0.000010 0.000006 0.000006 0.000000 0.048501 0.007581 1.714753
0.943896 0.000008 0.000007 0.000007 0.000000 0.048500 0.007581 1.714756
0.943897 0.000008 0.000006 0.000006 0.000000 0.048501 0.007581 1.714756
0.943899 0.000005 0.000008 0.000007 0.000000 0.048500 0.007581 1.714758
0.943899 0.000005 0.000006 0.000007 0.000000 0.048501 0.007581 1.714759
0.943900 0.000005 0.000007 0.000007 0.000000 0.048500 0.007581 1.714760
0.943899 0.000006 0.000006 0.000006 0.000000 0.048502 0.007581 1.714760
0.943900 0.000005 0.000006 0.000005 0.000000 0.048502 0.007581 1.714760
0.943902 0.000005 0.000006 0.000005 0.000000 0.048501 0.007581 1.714761
0.943902 0.000005 0.000006 0.000005 0.000000 0.048500 0.007581 1.714761
0.943903 0.000005 0.000006 0.000005 0.000000 0.048500 0.007581 1.714761
0.943904 0.000005 0.000005 0.000005 0.000000 0.048500 0.007581 1.714762
0.943906 0.000003 0.000006 0.000006 0.000000 0.048498 0.007581 1.714764
0.943907 0.000004 0.000005 0.000006 0.000000 0.048496 0.007581 1.714764
0.943909 0.000003 0.000006 0.000006 0.000000 0.048494 0.007581 1.714766
0.943911 0.000003 0.000006 0.000006 0.000000 0.048493 0.007581 1.714766
0.943912 0.000003 0.000006 0.000005 0.000000 0.048492 0.007581 1.714766
0.943912 0.000003 0.000006 0.000005 0.000001 0.048492 0.007581 1.714766
0.943913 0.000003 0.000005 0.000005 0.000001 0.048492 0.007581 1.714766
0.943914 0.000003 0.000005 0.000004 0.000001 0.048492 0.007581 1.714766
0.943916 0.000003 0.000004 0.000004 0.000001 0.048491 0.007581 1.714766
0.943919 0.000002 0.000005 0.000005 0.000001 0.048487 0.007581 1.714767
0.943920 0.000002 0.000004 0.000004 0.000001 0.048487 0.007581 1.714767
0.943923 0.000001 0.000005 0.000004 0.000001 0.048485 0.007581 1.714768
0.943924 0.000002 0.000005 0.000004 0.000001 0.048483 0.007581 1.714768
0.943925 0.000002 0.000004 0.000003 0.000001 0.048483 0.007581 1.714768
0.943926 0.000002 0.000004 0.000003 0.000002 0.048482 0.007581 1.714768
0.943927 0.000002 0.000003 0.000003 0.000002 0.048482 0.007581 1.714768
0.943929 0.000001 0.000003 0.000003 0.000002 0.048480 0.007581 1.714769
0.943930 0.000001 0.000003 0.000003 0.000002 0.048480 0.007581 1.714769
0.943933 0.000001 0.000003 0.000003 0.000002 0.048477 0.007581 1.714769
0.943933 0.000002 0.000003 0.000003 0.000001 0.048476 0.007582 1.714769
0.943933 0.000003 0.000003 0.000003 0.000001 0.048475 0.007582 1.714769
0.943934 0.000003 0.000003 0.000003 0.000001 0.048474 0.007582 1.714769
0.943934 0.000002 0.000004 0.000003 0.000001 0.048474 0.007582 1.714770
0.943933 0.000003 0.000004 0.000003 0.000000 0.048474 0.007582 1.714770
0.943934 0.000004 0.000004 0.000003 0.000000 0.048473 0.007582 1.714770
0.943935 0.000004 0.000003 0.000003 0.000000 0.048473 0.007582 1.714771
0.943935 0.000004 0.000003 0.000002 0.000000 0.048474 0.007582 1.714771
0.943936 0.000003 0.000004 0.000002 0.000000 0.048473 0.007582 1.714772
0.943937 0.000004 0.000004 0.000002 0.000000 0.048472 0.007582 1.714772
0.943938 0.000004 0.000004 0.000002 0.000000 0.048470 0.007582 1.714772
0.943939 0.000003 0.000005 0.000002 0.000000 0.048469 0.007582 1.714773
0.943940 0.000001 0.000006 0.000002 0.000000 0.048469 0.007582 1.714774
0.943941 0.000001 0.000006 0.000002 0.000000 0.048468 0.007582 1.714774
0.943942 0.000000 0.000006 0.000002 0.000000 0.048467 0.007583 1.714775
0.943943 0.000000 0.000006 0.000002 0.000000 0.048466 0.007583 1.714775
0.943943 0.000001 0.000006 0.000002 0.000000 0.048466 0.007583 1.714775
0.943943 0.000001 0.000006 0.000000 0.000000 0.048467 0.007583 1.714775
0.943944 0.000001 0.000004 0.000001 0.000000 0.048468 0.007583 1.714775
0.943944 0.000001 0.000004 0.000001 0.000000 0.048466 0.007583 1.714775
0.943944 0.000002 0.000004 0.000002 0.000000 0.048466 0.007583 1.714776
0.943945 0.000002 0.000004 0.000002 0.000000 0.048465 0.007583 1.714776
0.943944 0.000003 0.000004 0.000002 0.000000 0.048465 0.007583 1.714776
0.943943 0.000004 0.000003 0.000002 0.000000 0.048465 0.007583 1.714776
0.943943 0.000005 0.000004 0.000002 0.000000 0.048465 0.007583 1.714776
0.943943 0.000005 0.000004 0.000002 0.000000 0.048464 0.007583 1.714777
0.943942 0.000005 0.000005 0.000002 0.000000 0.048463 0.007583 1.714778
0.943943 0.000005 0.000005 0.000002 0.000000 0.048463 0.007583 1.714779
0.943944 0.000004 0.000005 0.000002 0.000000 0.048462 0.007583 1.714779
0.943944 0.000003 0.000006 0.000002 0.000000 0.048462 0.007583 1.714780
0.943945 0.000003 0.000005 0.000003 0.000000 0.048462 0.007583 1.714781
0.943945 0.000003 0.000006 0.000003 0.000000 0.048461 0.007583 1.714781
0.943946 0.000003 0.000006 0.000002 0.000000 0.048461 0.007583 1.714781
0.943946 0.000002 0.000005 0.000003 0.000000 0.048461 0.007583 1.714782
0.943946 0.000003 0.000005 0.000002 0.000000 0.048461 0.007583 1.714782
0.943945 0.000003 0.000005 0.000001 0.000000 0.048462 0.007583 1.714783
0.943945 0.000003 0.000005 0.000001 0.000000 0.048462 0.007583 1.714783
0.943946 0.000005 0.000005 0.000001 0.000000 0.048460 0.007583 1.714783
0.943946 0.000004 0.000005 0.000001 0.000000 0.048461 0.007583 1.714783
0.943946 0.000004 0.000003 0.000002 0.000000 0.048462 0.007583 1.714784
0.943947 0.000003 0.000003 0.000002 0.000000 0.048461 0.007583 1.714784
0.943949 0.000003 0.000003 0.000002 0.000000 0.048460 0.007583 1.714784
0.943948 0.000004 0.000003 0.000002 0.000000 0.048460 0.007583 1.714784
0.943948 0.000003 0.000003 0.000002 0.000000 0.048460 0.007583 1.714785
0.943948 0.000004 0.000003 0.000002 0.000000 0.048460 0.007583 1.714786
0.943948 0.000005 0.000003 0.000002 0.000000 0.048460 0.007583 1.714786
0.943948 0.000006 0.000003 0.000002 0.000000 0.048460 0.007583 1.714786
0.943948 0.000005 0.000003 0.000002 0.000000 0.048460 0.007583 1.714787
0.943948 0.000005 0.000003 0.000002 0.000000 0.048460 0.007583 1.714787
0.943948 0.000004 0.000004 0.000002 0.000000 0.048460 0.007583 1.714788
0.943949 0.000003 0.000005 0.000003 0.000000 0.048459 0.007583 1.714789
0.943949 0.000002 0.000005 0.000003 0.000000 0.048459 0.007583 1.714790
0.943950 0.000001 0.000005 0.000003 0.000000 0.048458 0.007583 1.714790
0.943951 0.000001 0.000005 0.000003 0.000000 0.048458 0.007583 1.714791
0.943952 0.000001 0.000005 0.000002 0.000000 0.048458 0.007583 1.714791
0.943952 0.000001 0.000004 0.000002 0.000000 0.048458 0.007583 1.714791
0.943952 0.000001 0.000004 0.000002 0.000000 0.048458 0.007583 1.714791
0.943952 0.000001 0.000004 0.000002 0.000000 0.048458 0.007583 1.714791
0.943953 0.000001 0.000004 0.000002 0.000000 0.048458 0.007583 1.714792
0.943953 0.000001 0.000004 0.000002 0.000000 0.048457 0.007583 1.714792
0.943954 0.000002 0.000003 0.000002 0.000000 0.048456 0.007583 1.714792
0.943954 0.000001 0.000003 0.000000 0.000000 0.048458 0.007583 1.714792
0.943954 0.000001 0.000003 0.000000 0.000000 0.048458 0.007583 1.714792
0.943954 0.000002 0.000003 0.000000 0.000000 0.048458 0.007583 1.714792
0.943954 0.000002 0.000003 0.000000 0.000000 0.048458 0.007583 1.714792
0.943954 0.000002 0.000003 0.000000 0.000000 0.048458 0.007583 1.714792
0.943954 0.000003 0.000003 0.000000 0.000000 0.048458 0.007583 1.714792
0.943955 0.000002 0.000003 0.000001 0.000000 0.048457 0.007583 1.714793
0.943955 0.000002 0.000003 0.000001 0.000000 0.048456 0.007583 1.714793
0.943956 0.000002 0.000003 0.000001 0.000000 0.048456 0.007583 1.714793
0.943955 0.000002 0.000003 0.000001 0.000000 0.048456 0.007583 1.714793
