0.350040 0.063242 0.056099 0.032479 0.002079 0.490111 0.005951 1.596983
0.351790 0.061544 0.056067 0.032353 0.002077 0.490195 0.005973 1.603125
0.354115 0.059487 0.055954 0.032118 0.002063 0.490263 0.006000 1.609070
0.356651 0.057172 0.055699 0.031926 0.002067 0.490456 0.006029 1.614903
0.359460 0.054883 0.055413 0.031567 0.002048 0.490567 0.006062 1.620490
0.362448 0.052704 0.054870 0.031182 0.002051 0.490658 0.006087 1.625788
0.365589 0.050530 0.054237 0.030832 0.002068 0.490630 0.006115 1.630917
0.368991 0.048518 0.053447 0.030427 0.002070 0.490410 0.006136 1.635820
0.372403 0.046576 0.052686 0.029915 0.002081 0.490177 0.006162 1.640508
0.375818 0.044785 0.051812 0.029344 0.002073 0.489977 0.006191 1.644970
0.379433 0.042995 0.050943 0.028812 0.002079 0.489520 0.006220 1.649309
0.383118 0.041274 0.049929 0.028225 0.002085 0.489126 0.006243 1.653466
0.387032 0.039612 0.048920 0.027669 0.002081 0.488414 0.006272 1.657441
0.390865 0.038089 0.047945 0.027101 0.002065 0.487633 0.006302 1.661266
0.394602 0.036704 0.046962 0.026539 0.002047 0.486813 0.006333 1.664951
0.398439 0.035371 0.045942 0.025960 0.002037 0.485896 0.006355 1.668531
0.402484 0.034043 0.044952 0.025309 0.002020 0.484810 0.006382 1.671974
0.406461 0.032813 0.043807 0.024707 0.002004 0.483802 0.006407 1.675244
0.410448 0.031622 0.042815 0.024037 0.001982 0.482658 0.006437 1.678478
0.414472 0.030634 0.041754 0.023421 0.001973 0.481291 0.006456 1.681466
0.418605 0.029679 0.040678 0.022787 0.001948 0.479816 0.006486 1.684405
0.422621 0.028675 0.039739 0.022170 0.001932 0.478353 0.006510 1.687280
0.426859 0.027759 0.038739 0.021583 0.001924 0.476604 0.006533 1.690022
0.430946 0.026870 0.037758 0.021006 0.001894 0.474968 0.006557 1.692769
0.435233 0.026089 0.036835 0.020470 0.001872 0.472917 0.006584 1.695378
0.439289 0.025377 0.035813 0.019989 0.001849 0.471075 0.006609 1.697921
0.443398 0.024675 0.034877 0.019472 0.001833 0.469117 0.006627 1.700394
0.447440 0.024081 0.033944 0.018961 0.001814 0.467111 0.006650 1.702782
0.451607 0.023443 0.032978 0.018443 0.001805 0.465059 0.006664 1.705085
0.455733 0.022821 0.032085 0.017962 0.001785 0.462917 0.006695 1.707361
0.459873 0.022221 0.031233 0.017484 0.001772 0.460700 0.006716 1.709601
0.464059 0.021656 0.030457 0.016990 0.001748 0.458354 0.006736 1.711769
0.468139 0.021162 0.029610 0.016539 0.001721 0.456070 0.006758 1.713846
0.472277 0.020617 0.028850 0.016142 0.001688 0.453641 0.006784 1.715912
0.476393 0.020119 0.028056 0.015720 0.001665 0.451241 0.006806 1.717912
0.480457 0.019657 0.027331 0.015303 0.001651 0.448777 0.006825 1.719876
0.484653 0.019185 0.026678 0.014869 0.001609 0.446155 0.006850 1.721808
0.488730 0.018723 0.025995 0.014501 0.001600 0.443586 0.006863 1.723689
0.492782 0.018338 0.025299 0.014155 0.001576 0.440966 0.006885 1.725502
0.496737 0.017989 0.024654 0.013788 0.001552 0.438377 0.006903 1.727245
0.500734 0.017657 0.024002 0.013422 0.001528 0.435735 0.006924 1.729004
0.504656 0.017348 0.023481 0.013079 0.001496 0.432993 0.006947 1.730728
0.508676 0.017026 0.022937 0.012781 0.001478 0.430138 0.006964 1.732396
0.512719 0.016718 0.022387 0.012477 0.001462 0.427254 0.006982 1.734040
0.516652 0.016420 0.021919 0.012199 0.001435 0.424373 0.007001 1.735674
0.520585 0.016157 0.021403 0.011917 0.001402 0.421518 0.007019 1.737259
0.524543 0.015929 0.020909 0.011634 0.001370 0.418577 0.007038 1.738802
0.528533 0.015684 0.020426 0.011412 0.001341 0.415547 0.007057 1.740348
0.532359 0.015474 0.019982 0.011175 0.001312 0.412624 0.007074 1.741899
0.536230 0.015217 0.019497 0.010934 0.001296 0.409741 0.007085 1.743402
0.540025 0.014958 0.019130 0.010706 0.001276 0.406799 0.007107 1.744942
0.543777 0.014803 0.018667 0.010493 0.001259 0.403875 0.007126 1.746360
0.547508 0.014618 0.018266 0.010278 0.001234 0.400953 0.007144 1.747785
0.551269 0.014413 0.017893 0.010039 0.001215 0.398009 0.007162 1.749214
0.554990 0.014319 0.017505 0.009824 0.001191 0.394996 0.007175 1.750592
0.558614 0.014148 0.017189 0.009648 0.001180 0.392038 0.007184 1.752007
0.562359 0.014016 0.016842 0.009441 0.001160 0.388980 0.007202 1.753368
0.565984 0.013866 0.016526 0.009287 0.001141 0.385981 0.007214 1.754732
0.569640 0.013697 0.016262 0.009127 0.001126 0.382921 0.007228 1.756089
0.573252 0.013561 0.015958 0.008907 0.001108 0.379972 0.007241 1.757424
0.576827 0.013467 0.015663 0.008749 0.001091 0.376947 0.007255 1.758727
0.580334 0.013351 0.015366 0.008586 0.001065 0.374027 0.007271 1.760036
0.583774 0.013231 0.015136 0.008432 0.001051 0.371092 0.007284 1.761326
0.587264 0.013107 0.014902 0.008300 0.001040 0.368094 0.007294 1.762622
0.590616 0.012998 0.014650 0.008164 0.001029 0.365236 0.007308 1.763876
0.594029 0.012915 0.014442 0.008036 0.001011 0.362243 0.007324 1.765164
0.597346 0.012810 0.014231 0.007914 0.000984 0.359375 0.007342 1.766419
0.600706 0.012657 0.014031 0.007821 0.000965 0.356462 0.007358 1.767654
0.604063 0.012550 0.013908 0.007681 0.000940 0.353483 0.007375 1.768878
0.607393 0.012448 0.013699 0.007587 0.000917 0.350564 0.007393 1.770090
0.610673 0.012378 0.013463 0.007478 0.000896 0.347708 0.007405 1.771276
0.613924 0.012264 0.013300 0.007349 0.000883 0.344860 0.007419 1.772488
0.617114 0.012190 0.013113 0.007259 0.000868 0.342029 0.007427 1.773680
0.620159 0.012113 0.012987 0.007157 0.000849 0.339296 0.007439 1.774897
0.623259 0.012009 0.012862 0.007053 0.000832 0.336531 0.007452 1.776110
0.626309 0.011939 0.012710 0.006969 0.000820 0.333790 0.007462 1.777289
0.629380 0.011890 0.012500 0.006898 0.000806 0.331059 0.007467 1.778442
0.632358 0.011763 0.012354 0.006837 0.000784 0.328424 0.007481 1.779635
0.635373 0.011739 0.012188 0.006746 0.000773 0.325693 0.007488 1.780757
0.638281 0.011671 0.012066 0.006699 0.000758 0.323029 0.007497 1.781890
0.641293 0.011580 0.011961 0.006601 0.000750 0.320308 0.007506 1.783025
0.644263 0.011540 0.011826 0.006530 0.000739 0.317589 0.007514 1.784114
0.647170 0.011466 0.011754 0.006483 0.000727 0.314873 0.007526 1.785248
0.650147 0.011373 0.011634 0.006413 0.000719 0.312182 0.007535 1.786347
0.652978 0.011301 0.011513 0.006348 0.000704 0.309608 0.007549 1.787470
0.655776 0.011221 0.011403 0.006240 0.000690 0.307109 0.007561 1.788567
0.658512 0.011173 0.011315 0.006166 0.000668 0.304588 0.007579 1.789679
0.661232 0.011140 0.011191 0.006136 0.000659 0.302054 0.007588 1.790754
0.663950 0.011145 0.011102 0.006063 0.000648 0.299495 0.007597 1.791826
0.666704 0.011095 0.011005 0.005990 0.000645 0.296956 0.007606 1.792909
0.669444 0.011054 0.010934 0.005936 0.000628 0.294385 0.007620 1.793980
0.672041 0.010999 0.010856 0.005884 0.000621 0.291969 0.007629 1.795065
0.674659 0.010940 0.010764 0.005860 0.000618 0.289523 0.007636 1.796151
0.677196 0.010909 0.010693 0.005848 0.000608 0.287100 0.007645 1.797230
0.679811 0.010864 0.010601 0.005798 0.000604 0.284672 0.007651 1.798267
0.682308 0.010839 0.010520 0.005770 0.000596 0.282306 0.007661 1.799328
0.684788 0.010876 0.010466 0.005737 0.000587 0.279875 0.007671 1.800351
0.687173 0.010860 0.010441 0.005684 0.000580 0.277584 0.007678 1.801420
0.689645 0.010814 0.010399 0.005646 0.000571 0.275239 0.007686 1.802490
0.692067 0.010779 0.010323 0.005640 0.000558 0.272939 0.007695 1.803549
0.694445 0.010663 0.010270 0.005632 0.000553 0.270736 0.007702 1.804650
0.696789 0.010681 0.010193 0.005604 0.000540 0.268485 0.007709 1.805662
0.699056 0.010648 0.010142 0.005577 0.000526 0.266336 0.007715 1.806698
0.701324 0.010688 0.010072 0.005563 0.000525 0.264107 0.007722 1.807709
0.703570 0.010672 0.009987 0.005562 0.000516 0.261966 0.007728 1.808734
0.705767 0.010671 0.009925 0.005540 0.000506 0.259857 0.007734 1.809760
0.708121 0.010617 0.009899 0.005485 0.000498 0.257639 0.007741 1.810788
0.710375 0.010572 0.009880 0.005483 0.000497 0.255446 0.007747 1.811875
0.712556 0.010589 0.009849 0.005430 0.000493 0.253332 0.007752 1.812903
0.714744 0.010546 0.009827 0.005411 0.000488 0.251227 0.007757 1.813930
0.716884 0.010496 0.009811 0.005406 0.000484 0.249155 0.007764 1.814962
0.719064 0.010473 0.009766 0.005377 0.000476 0.247071 0.007774 1.815976
0.721188 0.010505 0.009702 0.005350 0.000470 0.245004 0.007782 1.816958
0.723226 0.010433 0.009695 0.005355 0.000461 0.243041 0.007788 1.818023
0.725267 0.010421 0.009669 0.005310 0.000451 0.241090 0.007792 1.819025
0.727205 0.010443 0.009614 0.005253 0.000447 0.239239 0.007798 1.820015
0.729159 0.010382 0.009645 0.005259 0.000446 0.237307 0.007801 1.821086
0.731126 0.010384 0.009649 0.005232 0.000449 0.235353 0.007806 1.822115
0.732989 0.010373 0.009633 0.005219 0.000449 0.233526 0.007811 1.823150
0.734912 0.010374 0.009612 0.005190 0.000443 0.231652 0.007819 1.824152
0.736727 0.010414 0.009558 0.005179 0.000434 0.229864 0.007824 1.825146
0.738577 0.010382 0.009559 0.005178 0.000432 0.228042 0.007830 1.826211
0.740417 0.010376 0.009522 0.005160 0.000427 0.226260 0.007838 1.827226
0.742165 0.010370 0.009517 0.005139 0.000420 0.224545 0.007844 1.828256
0.743939 0.010379 0.009505 0.005142 0.000424 0.222764 0.007848 1.829286
0.745658 0.010420 0.009493 0.005136 0.000419 0.221021 0.007853 1.830277
0.747348 0.010435 0.009451 0.005115 0.000419 0.219376 0.007857 1.831314
0.749023 0.010454 0.009454 0.005125 0.000412 0.217670 0.007863 1.832325
0.750764 0.010396 0.009441 0.005145 0.000407 0.215981 0.007867 1.833389
0.752461 0.010423 0.009390 0.005128 0.000407 0.214322 0.007871 1.834395
0.754104 0.010423 0.009401 0.005126 0.000402 0.212669 0.007876 1.835409
0.755712 0.010427 0.009351 0.005113 0.000402 0.211116 0.007879 1.836405
0.757270 0.010418 0.009349 0.005088 0.000401 0.209590 0.007885 1.837454
0.758857 0.010455 0.009322 0.005053 0.000401 0.208022 0.007891 1.838424
0.760434 0.010447 0.009321 0.005065 0.000400 0.206437 0.007896 1.839455
0.761951 0.010423 0.009339 0.005092 0.000399 0.204896 0.007901 1.840504
0.763437 0.010473 0.009347 0.005073 0.000405 0.203359 0.007905 1.841527
0.764923 0.010487 0.009352 0.005073 0.000401 0.201854 0.007911 1.842566
0.766446 0.010484 0.009335 0.005097 0.000398 0.200326 0.007916 1.843611
0.767949 0.010505 0.009316 0.005085 0.000389 0.198835 0.007922 1.844633
0.769405 0.010493 0.009310 0.005080 0.000388 0.197399 0.007926 1.845685
0.770774 0.010495 0.009365 0.005096 0.000383 0.195953 0.007934 1.846759
0.772150 0.010514 0.009349 0.005102 0.000386 0.194563 0.007938 1.847810
0.773518 0.010561 0.009344 0.005125 0.000381 0.193127 0.007944 1.848820
0.774822 0.010611 0.009347 0.005145 0.000374 0.191753 0.007949 1.849847
0.776142 0.010599 0.009326 0.005174 0.000375 0.190432 0.007954 1.850907
0.777469 0.010631 0.009371 0.005136 0.000378 0.189058 0.007958 1.851947
0.778770 0.010707 0.009347 0.005136 0.000377 0.187702 0.007962 1.852978
0.780111 0.010723 0.009330 0.005123 0.000371 0.186374 0.007968 1.853994
0.781337 0.010775 0.009330 0.005124 0.000373 0.185089 0.007972 1.855022
0.782592 0.010743 0.009375 0.005155 0.000370 0.183788 0.007978 1.856087
0.783893 0.010737 0.009376 0.005162 0.000368 0.182480 0.007984 1.857162
0.785112 0.010764 0.009383 0.005190 0.000367 0.181198 0.007987 1.858204
0.786246 0.010835 0.009355 0.005189 0.000368 0.180016 0.007990 1.859230
0.787441 0.010859 0.009390 0.005173 0.000362 0.178780 0.007995 1.860289
0.788649 0.010856 0.009437 0.005167 0.000362 0.177530 0.008000 1.861370
0.789843 0.010867 0.009405 0.005193 0.000357 0.176329 0.008007 1.862400
0.790934 0.010952 0.009383 0.005190 0.000353 0.175174 0.008013 1.863455
0.792073 0.010984 0.009435 0.005182 0.000359 0.173950 0.008017 1.864535
0.793145 0.011028 0.009471 0.005206 0.000360 0.172769 0.008020 1.865630
0.794117 0.011051 0.009499 0.005215 0.000360 0.171731 0.008027 1.866737
0.795144 0.011091 0.009520 0.005227 0.000360 0.170628 0.008031 1.867803
0.796244 0.011094 0.009548 0.005259 0.000354 0.169466 0.008035 1.868919
0.797206 0.011068 0.009598 0.005253 0.000356 0.168480 0.008039 1.870027
0.798143 0.011083 0.009647 0.005281 0.000355 0.167445 0.008046 1.871124
0.799040 0.011156 0.009645 0.005277 0.000355 0.166473 0.008053 1.872188
0.800028 0.011177 0.009656 0.005327 0.000354 0.165401 0.008058 1.873300
0.800990 0.011244 0.009681 0.005309 0.000352 0.164364 0.008059 1.874381
0.801911 0.011282 0.009690 0.005339 0.000347 0.163368 0.008064 1.875484
0.802888 0.011281 0.009682 0.005335 0.000342 0.162402 0.008070 1.876585
0.803762 0.011303 0.009707 0.005359 0.000342 0.161454 0.008073 1.877719
0.804665 0.011329 0.009714 0.005394 0.000338 0.160483 0.008077 1.878830
0.805497 0.011368 0.009736 0.005424 0.000339 0.159557 0.008081 1.879954
0.806378 0.011280 0.009755 0.005468 0.000343 0.158694 0.008083 1.881138
0.807194 0.011351 0.009746 0.005481 0.000339 0.157799 0.008090 1.882219
0.807999 0.011396 0.009761 0.005480 0.000336 0.156932 0.008096 1.883338
0.808813 0.011425 0.009796 0.005455 0.000334 0.156077 0.008099 1.884447
0.809659 0.011454 0.009799 0.005458 0.000341 0.155187 0.008103 1.885565
0.810427 0.011546 0.009796 0.005462 0.000341 0.154317 0.008111 1.886651
0.811192 0.011561 0.009819 0.005479 0.000338 0.153493 0.008119 1.887783
0.811929 0.011597 0.009862 0.005468 0.000338 0.152681 0.008124 1.888933
0.812702 0.011574 0.009896 0.005539 0.000332 0.151830 0.008128 1.890114
0.813470 0.011583 0.009954 0.005583 0.000334 0.150945 0.008133 1.891281
0.814193 0.011673 0.009968 0.005565 0.000338 0.150126 0.008138 1.892375
0.814843 0.011732 0.010000 0.005566 0.000338 0.149381 0.008140 1.893510
0.815483 0.011771 0.010006 0.005571 0.000333 0.148688 0.008146 1.894666
0.816148 0.011803 0.010098 0.005566 0.000334 0.147900 0.008151 1.895835
0.816843 0.011835 0.010117 0.005573 0.000335 0.147142 0.008155 1.896985
0.817491 0.011878 0.010132 0.005588 0.000328 0.146421 0.008162 1.898126
0.818107 0.011906 0.010158 0.005646 0.000328 0.145690 0.008166 1.899332
0.818672 0.011993 0.010205 0.005639 0.000330 0.144991 0.008171 1.900498
0.819317 0.012019 0.010209 0.005658 0.000328 0.144297 0.008174 1.901684
0.819863 0.012005 0.010275 0.005678 0.000335 0.143668 0.008176 1.902904
0.820368 0.012055 0.010330 0.005666 0.000336 0.143066 0.008180 1.904114
0.820906 0.012091 0.010332 0.005691 0.000354 0.142443 0.008183 1.905312
0.821436 0.012157 0.010371 0.005732 0.000349 0.141768 0.008187 1.906495
0.821900 0.012177 0.010427 0.005733 0.000345 0.141224 0.008193 1.907736
0.822409 0.012178 0.010484 0.005774 0.000352 0.140606 0.008197 1.908991
0.822893 0.012267 0.010469 0.005788 0.000352 0.140029 0.008202 1.910177
0.823408 0.012256 0.010520 0.005809 0.000353 0.139446 0.008207 1.911418
0.823853 0.012305 0.010522 0.005826 0.000353 0.138931 0.008209 1.912615
0.824275 0.012387 0.010551 0.005859 0.000353 0.138358 0.008215 1.913832
0.824725 0.012461 0.010556 0.005882 0.000359 0.137800 0.008217 1.915026
0.825161 0.012477 0.010604 0.005923 0.000355 0.137260 0.008220 1.916254
0.825672 0.012499 0.010646 0.005946 0.000357 0.136658 0.008223 1.917480
0.826084 0.012544 0.010692 0.005951 0.000356 0.136146 0.008228 1.918699
0.826513 0.012535 0.010756 0.005970 0.000362 0.135633 0.008231 1.919941
0.826983 0.012563 0.010751 0.005968 0.000365 0.135137 0.008234 1.921165
0.827411 0.012567 0.010790 0.005995 0.000367 0.134632 0.008238 1.922430
0.827776 0.012627 0.010831 0.006006 0.000372 0.134147 0.008240 1.923668
0.828115 0.012745 0.010829 0.006030 0.000375 0.133662 0.008246 1.924863
0.828530 0.012761 0.010869 0.006039 0.000381 0.133169 0.008252 1.926129
0.828890 0.012787 0.010922 0.006040 0.000383 0.132719 0.008259 1.927409
0.829225 0.012858 0.010923 0.006027 0.000382 0.132322 0.008263 1.928633
0.829618 0.012899 0.010927 0.006037 0.000375 0.131871 0.008273 1.929882
0.829960 0.012959 0.010960 0.006060 0.000378 0.131407 0.008276 1.931145
0.830242 0.013001 0.011040 0.006093 0.000381 0.130961 0.008283 1.932449
0.830564 0.013056 0.011062 0.006110 0.000382 0.130539 0.008287 1.933709
0.830839 0.013063 0.011144 0.006132 0.000372 0.130156 0.008293 1.935017
0.831127 0.013173 0.011154 0.006137 0.000375 0.129734 0.008301 1.936263
0.831416 0.013283 0.011202 0.006131 0.000371 0.129289 0.008308 1.937509
0.831687 0.013325 0.011206 0.006164 0.000369 0.128934 0.008315 1.938805
0.831932 0.013344 0.011226 0.006222 0.000370 0.128586 0.008320 1.940137
0.832177 0.013413 0.011249 0.006211 0.000375 0.128250 0.008325 1.941404
0.832416 0.013537 0.011252 0.006220 0.000378 0.127865 0.008330 1.942657
0.832659 0.013569 0.011328 0.006257 0.000381 0.127474 0.008333 1.943998
0.832837 0.013625 0.011391 0.006285 0.000382 0.127142 0.008337 1.945336
0.833096 0.013659 0.011473 0.006315 0.000384 0.126731 0.008342 1.946655
0.833279 0.013688 0.011538 0.006336 0.000385 0.126428 0.008346 1.948006
0.833493 0.013722 0.011550 0.006386 0.000385 0.126113 0.008351 1.949364
0.833668 0.013780 0.011598 0.006390 0.000387 0.125820 0.008356 1.950695
0.833796 0.013820 0.011637 0.006440 0.000398 0.125549 0.008359 1.952066
0.833961 0.013856 0.011722 0.006439 0.000394 0.125265 0.008363 1.953439
0.834039 0.013986 0.011740 0.006453 0.000396 0.125018 0.008368 1.954767
0.834168 0.014046 0.011763 0.006468 0.000393 0.124789 0.008373 1.956112
0.834296 0.014088 0.011846 0.006447 0.000401 0.124548 0.008375 1.957492
0.834485 0.014151 0.011852 0.006458 0.000403 0.124271 0.008380 1.958843
0.834593 0.014216 0.011895 0.006483 0.000402 0.124025 0.008385 1.960226
0.834694 0.014257 0.011950 0.006522 0.000400 0.123784 0.008392 1.961637
0.834721 0.014299 0.011990 0.006557 0.000397 0.123639 0.008397 1.963037
0.834812 0.014332 0.012036 0.006600 0.000401 0.123418 0.008400 1.964446
0.834998 0.014339 0.012110 0.006585 0.000398 0.123161 0.008408 1.965864
0.835048 0.014384 0.012148 0.006643 0.000399 0.122963 0.008414 1.967298
0.835102 0.014405 0.012232 0.006667 0.000400 0.122774 0.008420 1.968759
0.835161 0.014490 0.012284 0.006686 0.000406 0.122550 0.008423 1.970154
0.835227 0.014494 0.012336 0.006731 0.000410 0.122377 0.008426 1.971579
0.835283 0.014497 0.012355 0.006789 0.000414 0.122230 0.008432 1.973026
0.835316 0.014583 0.012378 0.006811 0.000421 0.122054 0.008437 1.974439
0.835291 0.014687 0.012391 0.006821 0.000424 0.121944 0.008443 1.975850
0.835282 0.014682 0.012473 0.006825 0.000427 0.121863 0.008448 1.977323
0.835348 0.014714 0.012525 0.006828 0.000430 0.121702 0.008453 1.978760
0.835373 0.014783 0.012527 0.006826 0.000424 0.121607 0.008459 1.980205
0.835397 0.014845 0.012584 0.006878 0.000431 0.121402 0.008464 1.981667
0.835418 0.014909 0.012583 0.006894 0.000431 0.121297 0.008469 1.983083
0.835439 0.014945 0.012601 0.006943 0.000438 0.121164 0.008472 1.984536
0.835463 0.014979 0.012637 0.006989 0.000439 0.121017 0.008476 1.986009
0.835488 0.015026 0.012699 0.006960 0.000439 0.120906 0.008482 1.987470
0.835492 0.015097 0.012720 0.006952 0.000444 0.120808 0.008487 1.988919
0.835541 0.015044 0.012795 0.006989 0.000449 0.120687 0.008493 1.990436
0.835529 0.015058 0.012835 0.007041 0.000451 0.120585 0.008501 1.991936
0.835505 0.015086 0.012895 0.007051 0.000448 0.120504 0.008510 1.993427
0.835586 0.015062 0.012905 0.007073 0.000449 0.120408 0.008516 1.994923
0.835578 0.015064 0.012943 0.007128 0.000449 0.120320 0.008518 1.996428
0.835623 0.015044 0.012974 0.007194 0.000456 0.120186 0.008522 1.997922
0.835666 0.015053 0.013003 0.007208 0.000457 0.120089 0.008526 1.999399
0.835717 0.015012 0.013064 0.007204 0.000457 0.120016 0.008531 2.000906
0.835689 0.015081 0.013084 0.007218 0.000461 0.119928 0.008540 2.002379
0.835634 0.015100 0.013093 0.007211 0.000460 0.119953 0.008549 2.003858
0.835566 0.015162 0.013104 0.007241 0.000461 0.119912 0.008554 2.005347
0.835575 0.015166 0.013070 0.007282 0.000456 0.119891 0.008560 2.006841
0.835554 0.015222 0.013121 0.007272 0.000455 0.119809 0.008566 2.008323
0.835500 0.015294 0.013157 0.007268 0.000450 0.119757 0.008575 2.009794
0.835480 0.015362 0.013181 0.007267 0.000459 0.119671 0.008580 2.011265
0.835408 0.015436 0.013204 0.007268 0.000460 0.119637 0.008586 2.012763
0.835301 0.015434 0.013289 0.007295 0.000466 0.119620 0.008594 2.014316
0.835265 0.015445 0.013354 0.007298 0.000465 0.119573 0.008600 2.015873
0.835133 0.015533 0.013436 0.007256 0.000464 0.119572 0.008605 2.017404
0.835008 0.015585 0.013504 0.007247 0.000467 0.119577 0.008613 2.018928
0.834967 0.015649 0.013545 0.007286 0.000474 0.119461 0.008618 2.020456
0.834884 0.015751 0.013533 0.007275 0.000478 0.119455 0.008624 2.021971
0.834800 0.015824 0.013584 0.007318 0.000472 0.119370 0.008632 2.023518
0.834703 0.015871 0.013621 0.007321 0.000470 0.119376 0.008639 2.025047
0.834584 0.015931 0.013654 0.007358 0.000469 0.119361 0.008643 2.026607
0.834439 0.015929 0.013739 0.007402 0.000462 0.119380 0.008650 2.028243
0.834356 0.015976 0.013787 0.007407 0.000462 0.119355 0.008656 2.029792
0.834262 0.016020 0.013787 0.007431 0.000459 0.119379 0.008663 2.031358
0.834118 0.016084 0.013807 0.007450 0.000461 0.119414 0.008667 2.032920
0.834000 0.016151 0.013838 0.007481 0.000469 0.119388 0.008674 2.034487
0.833895 0.016129 0.013892 0.007488 0.000475 0.119444 0.008677 2.036077
0.833749 0.016198 0.013946 0.007493 0.000476 0.119456 0.008683 2.037647
0.833571 0.016258 0.013963 0.007522 0.000478 0.119522 0.008687 2.039233
0.833442 0.016283 0.014056 0.007548 0.000477 0.119499 0.008695 2.040818
0.833362 0.016325 0.014031 0.007547 0.000478 0.119557 0.008700 2.042354
0.833202 0.016380 0.014066 0.007551 0.000481 0.119612 0.008707 2.043909
0.833128 0.016364 0.014082 0.007623 0.000485 0.119603 0.008715 2.045548
0.833050 0.016375 0.014107 0.007619 0.000492 0.119636 0.008721 2.047156
0.832867 0.016428 0.014168 0.007605 0.000494 0.119708 0.008730 2.048769
0.832702 0.016438 0.014206 0.007628 0.000491 0.119797 0.008736 2.050401
0.832549 0.016447 0.014252 0.007670 0.000497 0.119841 0.008742 2.052041
0.832430 0.016469 0.014280 0.007701 0.000501 0.119875 0.008744 2.053672
0.832325 0.016485 0.014322 0.007706 0.000510 0.119903 0.008749 2.055284
0.832161 0.016480 0.014397 0.007775 0.000505 0.119925 0.008757 2.056952
0.832053 0.016476 0.014381 0.007812 0.000495 0.120018 0.008765 2.058587
0.831960 0.016476 0.014351 0.007832 0.000495 0.120114 0.008771 2.060168
0.831777 0.016516 0.014371 0.007837 0.000501 0.120220 0.008778 2.061800
0.831597 0.016624 0.014374 0.007834 0.000494 0.120288 0.008788 2.063368
0.831450 0.016606 0.014442 0.007803 0.000500 0.120406 0.008793 2.065008
0.831320 0.016564 0.014500 0.007848 0.000501 0.120466 0.008801 2.066692
0.831195 0.016593 0.014540 0.007840 0.000504 0.120521 0.008807 2.068299
0.831014 0.016673 0.014542 0.007857 0.000501 0.120598 0.008814 2.069876
0.830828 0.016698 0.014543 0.007903 0.000508 0.120698 0.008822 2.071543
0.830665 0.016707 0.014582 0.007964 0.000509 0.120742 0.008828 2.073189
0.830464 0.016718 0.014590 0.007978 0.000514 0.120900 0.008835 2.074846
0.830308 0.016737 0.014597 0.007958 0.000524 0.121034 0.008842 2.076471
0.830099 0.016787 0.014638 0.007955 0.000527 0.121143 0.008849 2.078130
0.829968 0.016810 0.014685 0.007971 0.000532 0.121179 0.008855 2.079760
0.829812 0.016811 0.014675 0.007968 0.000538 0.121338 0.008859 2.081400
0.829685 0.016815 0.014688 0.007945 0.000534 0.121468 0.008865 2.083029
0.829470 0.016867 0.014774 0.007945 0.000530 0.121540 0.008873 2.084702
0.829353 0.016874 0.014740 0.007972 0.000532 0.121649 0.008881 2.086334
0.829248 0.016894 0.014741 0.007978 0.000530 0.121720 0.008890 2.087993
0.829096 0.016909 0.014730 0.008006 0.000526 0.121837 0.008896 2.089635
0.828934 0.016937 0.014743 0.008021 0.000526 0.121935 0.008903 2.091296
0.828785 0.016943 0.014757 0.008040 0.000527 0.122039 0.008909 2.092969
0.828677 0.016888 0.014771 0.008068 0.000533 0.122148 0.008914 2.094674
0.828527 0.016978 0.014756 0.008038 0.000524 0.122254 0.008923 2.096290
0.828362 0.017019 0.014816 0.008057 0.000521 0.122296 0.008930 2.097950
0.828173 0.017028 0.014838 0.008081 0.000515 0.122426 0.008939 2.099633
0.828049 0.017098 0.014836 0.008082 0.000516 0.122474 0.008945 2.101258
0.827969 0.017052 0.014915 0.008119 0.000516 0.122476 0.008953 2.102960
0.827881 0.017004 0.014924 0.008146 0.000525 0.122562 0.008958 2.104644
0.827668 0.017024 0.014982 0.008171 0.000530 0.122661 0.008964 2.106336
0.827546 0.017083 0.014915 0.008152 0.000528 0.122807 0.008970 2.107959
0.827505 0.017051 0.014920 0.008192 0.000532 0.122824 0.008977 2.109615
0.827392 0.017010 0.014969 0.008262 0.000537 0.122851 0.008980 2.111360
0.827231 0.017003 0.014962 0.008299 0.000537 0.122979 0.008989 2.113055
0.827016 0.017025 0.014995 0.008293 0.000542 0.123135 0.008994 2.114744
0.826959 0.016984 0.015013 0.008278 0.000544 0.123222 0.009001 2.116429
0.826811 0.016999 0.015010 0.008254 0.000543 0.123377 0.009007 2.118104
0.826681 0.017053 0.014993 0.008233 0.000533 0.123492 0.009016 2.119709
0.826589 0.017068 0.014974 0.008209 0.000534 0.123603 0.009023 2.121368
0.826484 0.017041 0.014987 0.008213 0.000534 0.123709 0.009031 2.123057
0.826466 0.017042 0.015013 0.008187 0.000533 0.123722 0.009036 2.124698
0.826299 0.017155 0.014978 0.008195 0.000542 0.123789 0.009044 2.126310
0.826165 0.017169 0.014994 0.008201 0.000549 0.123872 0.009051 2.127979
0.825949 0.017161 0.015017 0.008219 0.000553 0.124044 0.009058 2.129710
0.825812 0.017130 0.015035 0.008222 0.000548 0.124189 0.009064 2.131414
0.825747 0.017050 0.015064 0.008232 0.000545 0.124290 0.009072 2.133118
0.825630 0.017035 0.015037 0.008233 0.000542 0.124444 0.009080 2.134783
0.825565 0.016970 0.015046 0.008239 0.000546 0.124550 0.009085 2.136490
0.825391 0.017056 0.015002 0.008216 0.000551 0.124696 0.009088 2.138139
0.825264 0.017125 0.014980 0.008211 0.000554 0.124772 0.009093 2.139780
0.825091 0.017187 0.014987 0.008180 0.000557 0.124897 0.009100 2.141461
0.824981 0.017209 0.014991 0.008171 0.000552 0.124987 0.009108 2.143143
0.824797 0.017242 0.014996 0.008179 0.000552 0.125121 0.009113 2.144813
0.824685 0.017253 0.015031 0.008160 0.000555 0.125196 0.009120 2.146488
0.824542 0.017215 0.015097 0.008168 0.000560 0.125292 0.009126 2.148206
0.824473 0.017136 0.015145 0.008199 0.000558 0.125357 0.009134 2.149944
0.824394 0.017161 0.015152 0.008224 0.000561 0.125369 0.009140 2.151629
0.824338 0.017155 0.015115 0.008261 0.000562 0.125424 0.009145 2.153287
0.824327 0.017116 0.015124 0.008274 0.000555 0.125448 0.009157 2.154947
0.824229 0.017086 0.015088 0.008289 0.000549 0.125597 0.009163 2.156618
0.824108 0.017096 0.015137 0.008308 0.000537 0.125643 0.009172 2.158289
0.823999 0.017133 0.015088 0.008287 0.000538 0.125776 0.009180 2.159939
0.823943 0.017121 0.015089 0.008319 0.000539 0.125803 0.009186 2.161623
0.823798 0.017213 0.015059 0.008258 0.000533 0.125946 0.009193 2.163248
0.823650 0.017223 0.015045 0.008234 0.000534 0.126114 0.009199 2.164932
0.823510 0.017257 0.015072 0.008247 0.000537 0.126171 0.009207 2.166626
0.823372 0.017275 0.015101 0.008263 0.000535 0.126239 0.009215 2.168328
0.823211 0.017271 0.015115 0.008325 0.000533 0.126327 0.009218 2.170058
0.823148 0.017275 0.015139 0.008342 0.000536 0.126336 0.009225 2.171723
0.823034 0.017309 0.015112 0.008301 0.000544 0.126467 0.009234 2.173363
0.822898 0.017322 0.015148 0.008253 0.000546 0.126596 0.009238 2.175053
0.822849 0.017264 0.015178 0.008278 0.000544 0.126644 0.009243 2.176781
0.822774 0.017301 0.015183 0.008233 0.000540 0.126717 0.009250 2.178417
0.822646 0.017295 0.015213 0.008216 0.000537 0.126833 0.009259 2.180120
0.822547 0.017307 0.015219 0.008246 0.000536 0.126882 0.009263 2.181812
0.822402 0.017322 0.015298 0.008259 0.000540 0.126911 0.009268 2.183524
0.822267 0.017333 0.015320 0.008249 0.000540 0.127018 0.009273 2.185205
0.822219 0.017330 0.015335 0.008227 0.000532 0.127073 0.009284 2.186865
0.822118 0.017284 0.015360 0.008239 0.000535 0.127173 0.009291 2.188588
0.821997 0.017359 0.015262 0.008193 0.000541 0.127352 0.009297 2.190201
0.821839 0.017384 0.015329 0.008205 0.000544 0.127395 0.009303 2.191937
0.821742 0.017426 0.015289 0.008198 0.000551 0.127486 0.009308 2.193595
0.821623 0.017440 0.015318 0.008174 0.000551 0.127577 0.009317 2.195305
0.821439 0.017474 0.015361 0.008170 0.000555 0.127680 0.009321 2.197025
0.821319 0.017448 0.015402 0.008167 0.000549 0.127788 0.009328 2.198772
0.821152 0.017446 0.015391 0.008194 0.000546 0.127937 0.009335 2.200526
0.821026 0.017468 0.015416 0.008260 0.000552 0.127941 0.009338 2.202260
0.820898 0.017462 0.015414 0.008251 0.000553 0.128078 0.009345 2.203965
0.820746 0.017531 0.015369 0.008240 0.000557 0.128205 0.009351 2.205671
0.820562 0.017606 0.015357 0.008290 0.000554 0.128274 0.009358 2.207358
0.820519 0.017537 0.015336 0.008320 0.000555 0.128371 0.009364 2.209092
0.820399 0.017552 0.015396 0.008289 0.000555 0.128439 0.009370 2.210795
0.820229 0.017594 0.015437 0.008346 0.000568 0.128450 0.009376 2.212507
0.820109 0.017575 0.015473 0.008393 0.000565 0.128503 0.009382 2.214234
0.820005 0.017624 0.015431 0.008390 0.000568 0.128591 0.009390 2.215918
0.819895 0.017583 0.015461 0.008383 0.000567 0.128716 0.009395 2.217649
0.819781 0.017619 0.015451 0.008367 0.000568 0.128810 0.009406 2.219346
0.819680 0.017599 0.015445 0.008418 0.000556 0.128887 0.009416 2.221068
0.819627 0.017601 0.015376 0.008435 0.000547 0.128992 0.009424 2.222749
0.819516 0.017561 0.015399 0.008424 0.000551 0.129122 0.009428 2.224515
0.819439 0.017530 0.015435 0.008462 0.000540 0.129156 0.009438 2.226221
0.819383 0.017528 0.015399 0.008467 0.000544 0.129236 0.009444 2.227920
0.819267 0.017489 0.015405 0.008466 0.000539 0.129383 0.009451 2.229648
0.819191 0.017387 0.015436 0.008463 0.000541 0.129526 0.009456 2.231395
0.819206 0.017312 0.015462 0.008487 0.000546 0.129524 0.009462 2.233133
0.819066 0.017380 0.015443 0.008490 0.000553 0.129599 0.009470 2.234797
0.818918 0.017371 0.015437 0.008490 0.000551 0.129756 0.009477 2.236494
0.818863 0.017353 0.015415 0.008480 0.000554 0.129853 0.009483 2.238182
0.818915 0.017285 0.015415 0.008466 0.000551 0.129880 0.009489 2.239881
0.818798 0.017256 0.015480 0.008481 0.000552 0.129939 0.009495 2.241624
0.818711 0.017327 0.015451 0.008443 0.000552 0.130016 0.009501 2.243267
0.818600 0.017321 0.015468 0.008411 0.000560 0.130135 0.009505 2.244951
0.818515 0.017309 0.015439 0.008424 0.000558 0.130242 0.009515 2.246644
0.818474 0.017266 0.015433 0.008393 0.000563 0.130349 0.009521 2.248340
0.818385 0.017276 0.015419 0.008370 0.000558 0.130464 0.009528 2.250026
0.818323 0.017301 0.015427 0.008352 0.000562 0.130504 0.009532 2.251734
0.818219 0.017291 0.015424 0.008370 0.000561 0.130596 0.009539 2.253453
0.818107 0.017292 0.015392 0.008370 0.000561 0.130734 0.009545 2.255177
0.818083 0.017327 0.015396 0.008369 0.000557 0.130716 0.009551 2.256842
0.817928 0.017371 0.015384 0.008390 0.000555 0.130813 0.009558 2.258554
0.817944 0.017359 0.015336 0.008393 0.000550 0.130853 0.009564 2.260236
0.817851 0.017302 0.015400 0.008382 0.000553 0.130944 0.009569 2.261982
0.817731 0.017299 0.015443 0.008386 0.000550 0.131014 0.009576 2.263700
0.817742 0.017263 0.015413 0.008380 0.000547 0.131072 0.009584 2.265398
0.817702 0.017265 0.015391 0.008379 0.000551 0.131122 0.009590 2.267100
0.817634 0.017227 0.015385 0.008433 0.000548 0.131178 0.009596 2.268832
0.817543 0.017222 0.015365 0.008463 0.000543 0.131261 0.009603 2.270547
0.817487 0.017205 0.015409 0.008454 0.000538 0.131294 0.009613 2.272266
0.817440 0.017207 0.015413 0.008463 0.000539 0.131320 0.009618 2.273951
0.817306 0.017307 0.015370 0.008451 0.000533 0.131407 0.009626 2.275575
0.817260 0.017334 0.015359 0.008404 0.000530 0.131477 0.009636 2.277248
0.817235 0.017342 0.015327 0.008386 0.000530 0.131537 0.009643 2.278928
0.817143 0.017363 0.015371 0.008366 0.000526 0.131580 0.009651 2.280628
0.817149 0.017364 0.015380 0.008315 0.000531 0.131603 0.009658 2.282306
0.817075 0.017416 0.015383 0.008351 0.000537 0.131573 0.009666 2.283991
0.817053 0.017388 0.015441 0.008297 0.000540 0.131606 0.009675 2.285675
0.817033 0.017333 0.015454 0.008287 0.000544 0.131670 0.009680 2.287373
0.817018 0.017258 0.015395 0.008310 0.000540 0.131792 0.009688 2.289116
0.816930 0.017224 0.015464 0.008328 0.000542 0.131814 0.009697 2.290856
0.816959 0.017156 0.015431 0.008311 0.000540 0.131898 0.009705 2.292560
0.816951 0.017103 0.015414 0.008329 0.000548 0.131942 0.009712 2.294265
0.816954 0.017070 0.015391 0.008343 0.000538 0.131984 0.009719 2.295939
0.816897 0.017102 0.015395 0.008328 0.000531 0.132021 0.009726 2.297593
0.816867 0.017070 0.015381 0.008375 0.000540 0.132035 0.009733 2.299333
0.816841 0.017114 0.015350 0.008337 0.000545 0.132076 0.009739 2.300989
0.816812 0.017156 0.015339 0.008367 0.000545 0.132037 0.009745 2.302651
0.816752 0.017158 0.015385 0.008337 0.000550 0.132067 0.009751 2.304376
0.816724 0.017154 0.015371 0.008359 0.000547 0.132085 0.009759 2.306049
0.816627 0.017209 0.015358 0.008359 0.000540 0.132143 0.009764 2.307699
0.816629 0.017215 0.015352 0.008331 0.000531 0.132169 0.009773 2.309393
0.816577 0.017243 0.015345 0.008305 0.000534 0.132218 0.009780 2.311058
0.816537 0.017288 0.015274 0.008323 0.000536 0.132255 0.009786 2.312709
0.816490 0.017321 0.015240 0.008323 0.000541 0.132294 0.009792 2.314383
0.816504 0.017314 0.015244 0.008346 0.000539 0.132255 0.009798 2.316102
0.816430 0.017245 0.015279 0.008354 0.000546 0.132340 0.009807 2.317855
0.816475 0.017251 0.015161 0.008333 0.000545 0.132424 0.009811 2.319466
0.816433 0.017242 0.015177 0.008329 0.000546 0.132459 0.009815 2.321183
0.816441 0.017226 0.015252 0.008296 0.000546 0.132417 0.009821 2.322880
0.816406 0.017205 0.015260 0.008299 0.000547 0.132454 0.009831 2.324589
0.816401 0.017155 0.015256 0.008331 0.000553 0.132469 0.009836 2.326301
0.816427 0.017122 0.015258 0.008304 0.000552 0.132496 0.009842 2.327934
0.816463 0.017132 0.015241 0.008305 0.000548 0.132459 0.009853 2.329591
0.816464 0.017100 0.015212 0.008338 0.000541 0.132486 0.009859 2.331256
0.816497 0.017092 0.015201 0.008324 0.000544 0.132476 0.009867 2.332929
0.816515 0.017084 0.015167 0.008326 0.000533 0.132499 0.009875 2.334564
0.816509 0.017081 0.015158 0.008301 0.000543 0.132526 0.009882 2.336223
0.816562 0.017059 0.015120 0.008336 0.000548 0.132487 0.009888 2.337894
0.816586 0.017028 0.015139 0.008353 0.000540 0.132454 0.009900 2.339583
0.816549 0.017010 0.015115 0.008337 0.000538 0.132545 0.009907 2.341242
0.816570 0.016993 0.015133 0.008314 0.000542 0.132534 0.009914 2.342931
0.816567 0.016948 0.015198 0.008271 0.000541 0.132554 0.009921 2.344619
0.816626 0.016850 0.015221 0.008257 0.000544 0.132572 0.009929 2.346333
0.816695 0.016837 0.015186 0.008245 0.000540 0.132560 0.009937 2.347963
0.816763 0.016796 0.015217 0.008217 0.000546 0.132516 0.009946 2.349624
0.816734 0.016873 0.015191 0.008194 0.000550 0.132506 0.009952 2.351228
0.816727 0.016888 0.015189 0.008151 0.000549 0.132535 0.009960 2.352885
0.816763 0.016878 0.015175 0.008134 0.000545 0.132537 0.009968 2.354547
0.816773 0.016808 0.015203 0.008143 0.000551 0.132545 0.009977 2.356260
0.816745 0.016835 0.015186 0.008125 0.000547 0.132582 0.009981 2.357907
0.816734 0.016868 0.015147 0.008122 0.000546 0.132597 0.009987 2.359523
0.816729 0.016849 0.015161 0.008110 0.000548 0.132611 0.009993 2.361174
0.816747 0.016764 0.015213 0.008121 0.000546 0.132608 0.010002 2.362886
0.816756 0.016742 0.015214 0.008140 0.000547 0.132589 0.010011 2.364552
0.816742 0.016792 0.015170 0.008139 0.000551 0.132585 0.010019 2.366192
0.816786 0.016786 0.015140 0.008093 0.000552 0.132618 0.010025 2.367811
0.816758 0.016760 0.015107 0.008114 0.000543 0.132684 0.010034 2.369481
0.816814 0.016722 0.015072 0.008100 0.000548 0.132705 0.010039 2.371111
0.816803 0.016718 0.015061 0.008146 0.000548 0.132678 0.010046 2.372765
0.816820 0.016736 0.015055 0.008103 0.000550 0.132685 0.010052 2.374406
0.816869 0.016735 0.015010 0.008139 0.000549 0.132637 0.010061 2.376025
0.816847 0.016700 0.015022 0.008165 0.000550 0.132647 0.010068 2.377702
0.816837 0.016664 0.015051 0.008191 0.000548 0.132633 0.010076 2.379393
0.816891 0.016634 0.015040 0.008191 0.000548 0.132616 0.010080 2.381035
0.816959 0.016639 0.015024 0.008187 0.000545 0.132560 0.010086 2.382661
0.816959 0.016668 0.014968 0.008193 0.000545 0.132573 0.010095 2.384271
0.816972 0.016718 0.014937 0.008197 0.000544 0.132532 0.010101 2.385865
0.817007 0.016687 0.014930 0.008175 0.000538 0.132556 0.010108 2.387520
0.817049 0.016689 0.014897 0.008164 0.000534 0.132551 0.010116 2.389135
0.817066 0.016745 0.014896 0.008159 0.000543 0.132467 0.010124 2.390747
0.817137 0.016723 0.014839 0.008156 0.000547 0.132465 0.010133 2.392374
0.817235 0.016670 0.014899 0.008156 0.000552 0.132347 0.010140 2.394040
0.817307 0.016642 0.014863 0.008135 0.000544 0.132360 0.010148 2.395650
0.817326 0.016598 0.014849 0.008149 0.000537 0.132385 0.010156 2.397313
0.817344 0.016620 0.014786 0.008170 0.000536 0.132381 0.010162 2.398938
0.817371 0.016641 0.014742 0.008149 0.000535 0.132393 0.010169 2.400551
0.817424 0.016648 0.014738 0.008133 0.000536 0.132345 0.010177 2.402169
0.817544 0.016568 0.014739 0.008121 0.000535 0.132310 0.010184 2.403805
0.817593 0.016507 0.014739 0.008109 0.000535 0.132328 0.010188 2.405448
0.817731 0.016468 0.014727 0.008109 0.000534 0.132234 0.010196 2.407082
0.817856 0.016415 0.014709 0.008110 0.000532 0.132177 0.010201 2.408689
0.817883 0.016415 0.014714 0.008118 0.000533 0.132129 0.010208 2.410310
0.817905 0.016441 0.014693 0.008127 0.000533 0.132088 0.010212 2.411911
0.817997 0.016328 0.014714 0.008113 0.000537 0.132094 0.010218 2.413555
0.818060 0.016315 0.014695 0.008088 0.000539 0.132079 0.010224 2.415168
0.818173 0.016271 0.014705 0.008058 0.000538 0.132024 0.010231 2.416764
0.818215 0.016245 0.014691 0.008023 0.000529 0.132057 0.010240 2.418367
0.818253 0.016281 0.014692 0.008029 0.000534 0.131965 0.010246 2.419954
0.818344 0.016286 0.014657 0.008005 0.000525 0.131930 0.010255 2.421509
0.818413 0.016267 0.014723 0.007986 0.000528 0.131820 0.010263 2.423114
0.818470 0.016304 0.014665 0.008006 0.000527 0.131757 0.010271 2.424695
0.818477 0.016291 0.014702 0.007996 0.000526 0.131734 0.010276 2.426345
0.818566 0.016232 0.014668 0.007999 0.000528 0.131721 0.010286 2.427953
0.818554 0.016268 0.014686 0.007988 0.000530 0.131684 0.010290 2.429552
0.818593 0.016245 0.014662 0.007974 0.000521 0.131708 0.010297 2.431176
0.818644 0.016265 0.014655 0.007970 0.000526 0.131637 0.010303 2.432742
0.818680 0.016307 0.014594 0.007980 0.000532 0.131600 0.010308 2.434316
0.818743 0.016297 0.014584 0.007939 0.000532 0.131590 0.010315 2.435890
0.818803 0.016347 0.014561 0.007914 0.000528 0.131527 0.010321 2.437425
0.818855 0.016349 0.014573 0.007923 0.000525 0.131445 0.010330 2.439035
0.818904 0.016296 0.014623 0.007918 0.000523 0.131401 0.010336 2.440677
0.818963 0.016212 0.014632 0.007966 0.000529 0.131355 0.010344 2.442320
0.818987 0.016219 0.014648 0.007960 0.000523 0.131311 0.010353 2.443916
0.819054 0.016219 0.014646 0.007979 0.000524 0.131219 0.010359 2.445549
0.819040 0.016237 0.014626 0.007987 0.000524 0.131218 0.010368 2.447155
0.819135 0.016239 0.014635 0.007980 0.000529 0.131107 0.010374 2.448764
0.819197 0.016264 0.014640 0.007965 0.000529 0.131024 0.010382 2.450369
0.819230 0.016239 0.014634 0.007986 0.000528 0.130997 0.010388 2.452023
0.819286 0.016186 0.014616 0.008019 0.000526 0.130973 0.010395 2.453653
0.819355 0.016151 0.014601 0.008005 0.000532 0.130957 0.010399 2.455253
0.819391 0.016205 0.014588 0.007999 0.000536 0.130876 0.010405 2.456825
0.819420 0.016250 0.014558 0.007948 0.000540 0.130878 0.010408 2.458365
0.819454 0.016213 0.014638 0.007949 0.000535 0.130797 0.010415 2.460000
0.819586 0.016165 0.014607 0.007948 0.000538 0.130737 0.010420 2.461591
0.819609 0.016084 0.014632 0.007972 0.000542 0.130735 0.010427 2.463226
0.819687 0.016115 0.014638 0.007945 0.000541 0.130640 0.010433 2.464788
0.819639 0.016158 0.014607 0.007954 0.000543 0.130663 0.010438 2.466363
0.819717 0.016067 0.014598 0.007978 0.000551 0.130643 0.010446 2.468007
0.819782 0.016112 0.014583 0.007954 0.000545 0.130571 0.010452 2.469560
0.819871 0.016090 0.014555 0.007939 0.000547 0.130538 0.010461 2.471155
0.819937 0.016048 0.014547 0.007963 0.000554 0.130486 0.010464 2.472763
0.820001 0.016038 0.014512 0.007912 0.000551 0.130517 0.010470 2.474329
0.820042 0.016011 0.014470 0.007919 0.000547 0.130534 0.010476 2.475933
0.820129 0.016034 0.014410 0.007916 0.000551 0.130477 0.010484 2.477471
