0.339261 0.062838 0.056277 0.032343 0.002134 0.500983 0.006165 1.643337
0.341372 0.060916 0.056215 0.032306 0.002144 0.500854 0.006192 1.649467
0.343803 0.058825 0.055917 0.032124 0.002134 0.500979 0.006220 1.655289
0.346785 0.056567 0.055493 0.031831 0.002135 0.500941 0.006248 1.660899
0.350058 0.054271 0.055008 0.031415 0.002136 0.500836 0.006276 1.666241
0.353404 0.052052 0.054347 0.031010 0.002130 0.500752 0.006305 1.671365
0.356830 0.049824 0.053620 0.030595 0.002127 0.500673 0.006331 1.676325
0.360508 0.047560 0.052892 0.030180 0.002115 0.500383 0.006362 1.681135
0.364349 0.045388 0.052190 0.029687 0.002102 0.499886 0.006396 1.685782
0.368229 0.043339 0.051397 0.029178 0.002100 0.499334 0.006423 1.690203
0.372125 0.041435 0.050412 0.028541 0.002101 0.498935 0.006450 1.694372
0.376137 0.039673 0.049360 0.027943 0.002099 0.498311 0.006477 1.698321
0.380319 0.037957 0.048216 0.027316 0.002086 0.497602 0.006505 1.702107
0.384487 0.036429 0.047094 0.026649 0.002077 0.496733 0.006531 1.705688
0.388713 0.034864 0.046045 0.026015 0.002067 0.495732 0.006564 1.709182
0.392896 0.033395 0.044989 0.025380 0.002051 0.494701 0.006589 1.712583
0.397360 0.032013 0.043857 0.024741 0.002047 0.493369 0.006613 1.715754
0.401719 0.030728 0.042732 0.024097 0.002037 0.492051 0.006638 1.718823
0.406024 0.029595 0.041570 0.023393 0.002025 0.490731 0.006661 1.721707
0.410498 0.028367 0.040467 0.022807 0.002003 0.489168 0.006690 1.724582
0.415008 0.027251 0.039375 0.022164 0.001990 0.487498 0.006713 1.727321
0.419415 0.026223 0.038258 0.021493 0.001980 0.485895 0.006736 1.729945
0.423937 0.025211 0.037278 0.020888 0.001964 0.483963 0.006759 1.732503
0.428383 0.024396 0.036157 0.020314 0.001933 0.482025 0.006791 1.734854
0.432970 0.023533 0.035120 0.019671 0.001904 0.479985 0.006817 1.737186
0.437549 0.022706 0.034179 0.019017 0.001891 0.477822 0.006835 1.739466
0.442028 0.021940 0.033251 0.018439 0.001864 0.475618 0.006860 1.741681
0.446575 0.021257 0.032199 0.017883 0.001837 0.473363 0.006886 1.743745
0.451018 0.020625 0.031226 0.017311 0.001836 0.471078 0.006905 1.745762
0.455587 0.019959 0.030266 0.016792 0.001805 0.468665 0.006926 1.747735
0.460136 0.019327 0.029408 0.016312 0.001777 0.466089 0.006950 1.749650
0.464787 0.018653 0.028550 0.015829 0.001760 0.463449 0.006970 1.751565
0.469407 0.018021 0.027712 0.015331 0.001734 0.460807 0.006987 1.753404
0.473916 0.017505 0.026871 0.014797 0.001710 0.458195 0.007007 1.755124
0.478386 0.016998 0.026065 0.014377 0.001685 0.455461 0.007028 1.756826
0.482923 0.016548 0.025266 0.013951 0.001658 0.452610 0.007043 1.758452
0.487453 0.016130 0.024486 0.013558 0.001628 0.449680 0.007064 1.760007
0.491892 0.015658 0.023697 0.013145 0.001601 0.446921 0.007086 1.761587
0.496500 0.015250 0.022989 0.012759 0.001566 0.443831 0.007106 1.763080
0.500939 0.014870 0.022279 0.012372 0.001539 0.440878 0.007124 1.764526
0.505443 0.014456 0.021662 0.012018 0.001519 0.437756 0.007145 1.765967
0.509784 0.014054 0.021063 0.011677 0.001506 0.434752 0.007163 1.767396
0.514246 0.013677 0.020471 0.011337 0.001466 0.431620 0.007185 1.768778
0.518633 0.013291 0.019937 0.011020 0.001443 0.428471 0.007205 1.770137
0.522963 0.012988 0.019413 0.010683 0.001428 0.425302 0.007222 1.771444
0.527268 0.012657 0.018909 0.010373 0.001410 0.422145 0.007238 1.772732
0.531570 0.012400 0.018350 0.010033 0.001382 0.419011 0.007252 1.773935
0.535749 0.012154 0.017852 0.009774 0.001354 0.415853 0.007264 1.775122
0.539968 0.011898 0.017417 0.009505 0.001330 0.412602 0.007281 1.776322
0.544168 0.011630 0.016927 0.009215 0.001305 0.409461 0.007294 1.777504
0.548447 0.011384 0.016462 0.008968 0.001278 0.406150 0.007311 1.778635
0.552640 0.011145 0.016043 0.008711 0.001254 0.402876 0.007330 1.779782
0.556832 0.010912 0.015653 0.008490 0.001223 0.399539 0.007351 1.780865
0.560974 0.010732 0.015214 0.008289 0.001198 0.396225 0.007368 1.781925
0.565050 0.010573 0.014800 0.008068 0.001178 0.392951 0.007380 1.782940
0.569014 0.010404 0.014419 0.007878 0.001162 0.389727 0.007395 1.783967
0.573011 0.010226 0.014062 0.007690 0.001140 0.386463 0.007409 1.784992
0.577080 0.010086 0.013690 0.007486 0.001113 0.383123 0.007423 1.785972
0.581001 0.009942 0.013411 0.007307 0.001087 0.379816 0.007437 1.786964
0.584886 0.009789 0.013088 0.007118 0.001070 0.376597 0.007451 1.787931
0.588800 0.009631 0.012807 0.006974 0.001048 0.373277 0.007463 1.788881
0.592666 0.009472 0.012538 0.006790 0.001023 0.370035 0.007476 1.789821
0.596490 0.009367 0.012253 0.006641 0.001000 0.366762 0.007488 1.790734
0.600302 0.009251 0.012008 0.006504 0.000975 0.363456 0.007504 1.791645
0.604021 0.009164 0.011721 0.006332 0.000954 0.360291 0.007517 1.792537
0.607787 0.008988 0.011480 0.006199 0.000937 0.357081 0.007528 1.793449
0.611541 0.008869 0.011210 0.006054 0.000911 0.353872 0.007543 1.794298
0.615241 0.008722 0.010944 0.005956 0.000891 0.350691 0.007554 1.795186
0.618859 0.008591 0.010732 0.005824 0.000871 0.347555 0.007568 1.796052
0.622397 0.008506 0.010509 0.005716 0.000852 0.344439 0.007581 1.796883
0.625966 0.008434 0.010271 0.005613 0.000840 0.341281 0.007595 1.797683
0.629582 0.008324 0.010097 0.005499 0.000824 0.338067 0.007608 1.798509
0.633109 0.008285 0.009914 0.005371 0.000808 0.334898 0.007616 1.799298
0.636483 0.008157 0.009743 0.005306 0.000793 0.331892 0.007627 1.800137
0.639872 0.008040 0.009591 0.005185 0.000780 0.328896 0.007637 1.800982
0.643288 0.007957 0.009436 0.005111 0.000758 0.325799 0.007651 1.801760
0.646590 0.007924 0.009245 0.005004 0.000748 0.322830 0.007659 1.802517
0.649871 0.007840 0.009103 0.004911 0.000738 0.319868 0.007670 1.803296
0.653173 0.007798 0.008953 0.004797 0.000727 0.316876 0.007676 1.804050
0.656351 0.007732 0.008787 0.004737 0.000708 0.314003 0.007682 1.804801
0.659561 0.007664 0.008663 0.004665 0.000697 0.311059 0.007692 1.805544
0.662790 0.007545 0.008561 0.004646 0.000682 0.308074 0.007702 1.806337
0.665907 0.007488 0.008430 0.004600 0.000665 0.305196 0.007714 1.807085
0.669101 0.007382 0.008300 0.004513 0.000650 0.302330 0.007723 1.807817
0.672173 0.007372 0.008157 0.004449 0.000640 0.299481 0.007730 1.808522
0.675175 0.007384 0.008019 0.004361 0.000630 0.296695 0.007738 1.809242
0.678213 0.007336 0.007926 0.004268 0.000617 0.293893 0.007746 1.809941
0.681182 0.007335 0.007816 0.004194 0.000608 0.291112 0.007753 1.810647
0.684239 0.007258 0.007732 0.004131 0.000603 0.288276 0.007760 1.811355
0.687129 0.007236 0.007623 0.004112 0.000586 0.285540 0.007774 1.812059
0.690035 0.007198 0.007516 0.004079 0.000572 0.282819 0.007782 1.812765
0.692940 0.007179 0.007442 0.004029 0.000562 0.280058 0.007790 1.813462
0.695822 0.007132 0.007373 0.003966 0.000553 0.277359 0.007795 1.814153
0.698638 0.007069 0.007306 0.003914 0.000541 0.274730 0.007802 1.814858
0.701347 0.007052 0.007248 0.003907 0.000532 0.272107 0.007809 1.815547
0.704019 0.007037 0.007125 0.003879 0.000521 0.269603 0.007817 1.816230
0.706731 0.007056 0.007040 0.003845 0.000513 0.266990 0.007825 1.816917
0.709328 0.007035 0.007004 0.003786 0.000503 0.264509 0.007835 1.817617
0.711943 0.007043 0.006950 0.003766 0.000491 0.261963 0.007845 1.818301
0.714541 0.007017 0.006891 0.003719 0.000480 0.259500 0.007853 1.818972
0.717118 0.006970 0.006852 0.003707 0.000471 0.257023 0.007860 1.819674
0.719644 0.006980 0.006788 0.003685 0.000459 0.254578 0.007867 1.820310
0.722130 0.006973 0.006765 0.003656 0.000448 0.252153 0.007874 1.820993
0.724592 0.006971 0.006720 0.003631 0.000439 0.249767 0.007880 1.821657
0.727062 0.006914 0.006702 0.003621 0.000432 0.247387 0.007885 1.822352
0.729534 0.006878 0.006677 0.003627 0.000423 0.244973 0.007890 1.823053
0.731904 0.006900 0.006623 0.003587 0.000416 0.242672 0.007897 1.823726
0.734212 0.006892 0.006597 0.003567 0.000405 0.240422 0.007905 1.824417
0.736508 0.006861 0.006577 0.003560 0.000402 0.238180 0.007913 1.825115
0.738828 0.006856 0.006535 0.003556 0.000399 0.235909 0.007917 1.825806
0.741033 0.006843 0.006519 0.003544 0.000390 0.233747 0.007925 1.826517
0.743156 0.006901 0.006486 0.003505 0.000385 0.231638 0.007930 1.827173
0.745328 0.006925 0.006486 0.003485 0.000379 0.229461 0.007936 1.827841
0.747512 0.006963 0.006465 0.003464 0.000370 0.227285 0.007942 1.828524
0.749630 0.006991 0.006425 0.003480 0.000365 0.225161 0.007948 1.829210
0.751698 0.006975 0.006436 0.003478 0.000357 0.223104 0.007952 1.829909
0.753777 0.006999 0.006423 0.003453 0.000350 0.221039 0.007958 1.830574
0.755860 0.007011 0.006430 0.003426 0.000342 0.218969 0.007963 1.831251
0.757895 0.006989 0.006447 0.003425 0.000338 0.216939 0.007969 1.831959
0.759895 0.007029 0.006409 0.003423 0.000336 0.214934 0.007974 1.832640
0.761949 0.007003 0.006381 0.003389 0.000336 0.212967 0.007977 1.833303
0.763789 0.007040 0.006396 0.003399 0.000336 0.211059 0.007981 1.834008
0.765786 0.007042 0.006421 0.003399 0.000326 0.209039 0.007989 1.834706
0.767576 0.007126 0.006397 0.003397 0.000332 0.207181 0.007992 1.835388
0.769392 0.007141 0.006360 0.003411 0.000333 0.205368 0.007996 1.836097
0.771247 0.007167 0.006324 0.003419 0.000329 0.203514 0.008001 1.836796
0.773042 0.007180 0.006338 0.003441 0.000323 0.201670 0.008006 1.837537
0.774840 0.007191 0.006342 0.003436 0.000319 0.199862 0.008011 1.838254
0.776539 0.007216 0.006339 0.003444 0.000310 0.198135 0.008018 1.838953
0.778218 0.007260 0.006346 0.003443 0.000309 0.196404 0.008021 1.839666
0.779946 0.007271 0.006365 0.003456 0.000308 0.194627 0.008027 1.840387
0.781575 0.007300 0.006377 0.003461 0.000304 0.192952 0.008031 1.841139
0.783215 0.007303 0.006396 0.003484 0.000301 0.191265 0.008037 1.841867
0.784799 0.007374 0.006397 0.003480 0.000300 0.189609 0.008039 1.842562
0.786433 0.007369 0.006413 0.003494 0.000299 0.187946 0.008045 1.843313
0.787954 0.007482 0.006420 0.003473 0.000300 0.186325 0.008048 1.844008
0.789543 0.007536 0.006420 0.003504 0.000300 0.184647 0.008051 1.844738
0.791096 0.007576 0.006415 0.003495 0.000295 0.183070 0.008055 1.845463
0.792591 0.007600 0.006442 0.003521 0.000292 0.181497 0.008059 1.846226
0.794122 0.007635 0.006447 0.003520 0.000289 0.179923 0.008063 1.846976
0.795624 0.007645 0.006484 0.003567 0.000290 0.178326 0.008066 1.847755
0.797029 0.007680 0.006497 0.003569 0.000291 0.176864 0.008070 1.848502
0.798407 0.007755 0.006516 0.003580 0.000290 0.175377 0.008076 1.849246
0.799765 0.007814 0.006564 0.003595 0.000288 0.173896 0.008078 1.850019
0.801095 0.007893 0.006587 0.003600 0.000285 0.172458 0.008083 1.850773
0.802438 0.007913 0.006625 0.003605 0.000279 0.171054 0.008087 1.851564
0.803698 0.007960 0.006669 0.003633 0.000275 0.169672 0.008093 1.852359
0.804948 0.008013 0.006721 0.003635 0.000270 0.168315 0.008098 1.853163
0.806280 0.008046 0.006752 0.003674 0.000271 0.166874 0.008102 1.853968
0.807541 0.008093 0.006819 0.003684 0.000272 0.165485 0.008106 1.854767
0.808704 0.008233 0.006857 0.003688 0.000275 0.164135 0.008109 1.855545
0.809893 0.008292 0.006934 0.003710 0.000279 0.162781 0.008112 1.856366
0.811026 0.008356 0.006962 0.003745 0.000276 0.161519 0.008117 1.857183
0.812168 0.008411 0.007004 0.003776 0.000268 0.160256 0.008119 1.858001
0.813267 0.008486 0.007035 0.003796 0.000264 0.159028 0.008124 1.858828
0.814299 0.008595 0.007100 0.003816 0.000266 0.157797 0.008128 1.859681
0.815350 0.008675 0.007151 0.003843 0.000265 0.156584 0.008131 1.860531
0.816441 0.008716 0.007192 0.003865 0.000267 0.155385 0.008135 1.861397
0.817361 0.008815 0.007272 0.003875 0.000270 0.154269 0.008137 1.862285
0.818361 0.008885 0.007320 0.003913 0.000269 0.153107 0.008143 1.863157
0.819338 0.008976 0.007364 0.003936 0.000265 0.151974 0.008148 1.864025
0.820249 0.009082 0.007442 0.003963 0.000262 0.150852 0.008150 1.864915
0.821210 0.009132 0.007518 0.003989 0.000264 0.149733 0.008154 1.865827
0.822148 0.009217 0.007594 0.004017 0.000259 0.148608 0.008158 1.866721
0.823004 0.009281 0.007663 0.004061 0.000261 0.147567 0.008163 1.867651
0.823831 0.009409 0.007699 0.004058 0.000260 0.146577 0.008166 1.868553
0.824650 0.009437 0.007771 0.004102 0.000265 0.145608 0.008167 1.869533
0.825383 0.009588 0.007816 0.004123 0.000259 0.144656 0.008175 1.870440
0.826153 0.009711 0.007810 0.004167 0.000267 0.143716 0.008176 1.871344
0.826915 0.009780 0.007867 0.004200 0.000263 0.142794 0.008182 1.872310
0.827661 0.009843 0.007939 0.004230 0.000265 0.141877 0.008185 1.873281
0.828370 0.009924 0.008015 0.004256 0.000266 0.140982 0.008187 1.874252
0.828992 0.010052 0.008087 0.004292 0.000271 0.140114 0.008192 1.875235
0.829623 0.010116 0.008177 0.004340 0.000271 0.139276 0.008196 1.876255
0.830249 0.010175 0.008241 0.004408 0.000272 0.138455 0.008201 1.877276
0.830917 0.010212 0.008366 0.004447 0.000276 0.137580 0.008203 1.878311
0.831579 0.010323 0.008417 0.004472 0.000270 0.136731 0.008207 1.879298
0.832165 0.010398 0.008524 0.004518 0.000276 0.135910 0.008210 1.880361
0.832759 0.010498 0.008563 0.004552 0.000279 0.135135 0.008213 1.881358
0.833302 0.010605 0.008634 0.004585 0.000280 0.134378 0.008215 1.882380
0.833817 0.010671 0.008683 0.004629 0.000287 0.133693 0.008219 1.883437
0.834351 0.010761 0.008706 0.004683 0.000292 0.132987 0.008221 1.884498
0.834891 0.010848 0.008750 0.004731 0.000293 0.132261 0.008227 1.885567
0.835406 0.010951 0.008756 0.004766 0.000294 0.131597 0.008231 1.886631
0.835841 0.011046 0.008821 0.004782 0.000296 0.130980 0.008235 1.887696
0.836251 0.011152 0.008876 0.004861 0.000299 0.130324 0.008239 1.888781
0.836643 0.011260 0.008945 0.004897 0.000304 0.129709 0.008243 1.889871
0.837056 0.011341 0.008994 0.004930 0.000306 0.129127 0.008246 1.891004
0.837450 0.011413 0.009065 0.004923 0.000308 0.128591 0.008250 1.892116
0.837822 0.011458 0.009193 0.004944 0.000310 0.128017 0.008256 1.893296
0.838164 0.011606 0.009311 0.004942 0.000312 0.127406 0.008260 1.894432
0.838453 0.011777 0.009330 0.004988 0.000312 0.126878 0.008263 1.895554
0.838702 0.011921 0.009409 0.005040 0.000315 0.126346 0.008268 1.896691
0.838945 0.012089 0.009462 0.005074 0.000316 0.125845 0.008270 1.897843
0.839161 0.012221 0.009611 0.005100 0.000317 0.125317 0.008273 1.899034
0.839434 0.012342 0.009687 0.005141 0.000326 0.124794 0.008276 1.900211
0.839578 0.012496 0.009792 0.005200 0.000331 0.124323 0.008282 1.901448
0.839693 0.012659 0.009887 0.005270 0.000334 0.123871 0.008286 1.902672
0.839869 0.012765 0.010010 0.005334 0.000345 0.123389 0.008288 1.903923
0.840035 0.012876 0.010072 0.005373 0.000350 0.123003 0.008291 1.905165
0.840187 0.013034 0.010122 0.005437 0.000349 0.122577 0.008294 1.906418
0.840326 0.013097 0.010256 0.005502 0.000352 0.122172 0.008297 1.907725
0.840455 0.013193 0.010390 0.005551 0.000348 0.121765 0.008300 1.909008
0.840600 0.013262 0.010499 0.005594 0.000353 0.121392 0.008301 1.910332
0.840657 0.013365 0.010619 0.005672 0.000351 0.121029 0.008306 1.911677
0.840787 0.013427 0.010705 0.005755 0.000349 0.120668 0.008310 1.912984
0.840743 0.013644 0.010799 0.005816 0.000350 0.120334 0.008314 1.914248
0.840802 0.013738 0.010869 0.005896 0.000356 0.120020 0.008318 1.915607
0.840810 0.013829 0.010979 0.005898 0.000364 0.119799 0.008323 1.916961
0.840857 0.013864 0.011090 0.005970 0.000368 0.119524 0.008328 1.918360
0.840901 0.013967 0.011190 0.006037 0.000368 0.119204 0.008333 1.919730
0.840914 0.014094 0.011281 0.006077 0.000367 0.118929 0.008338 1.921101
0.840948 0.014219 0.011326 0.006111 0.000375 0.118682 0.008339 1.922445
0.840918 0.014351 0.011405 0.006160 0.000384 0.118441 0.008342 1.923816
0.840919 0.014482 0.011490 0.006194 0.000390 0.118182 0.008343 1.925197
0.840838 0.014581 0.011634 0.006258 0.000387 0.117953 0.008349 1.926659
0.840716 0.014687 0.011749 0.006312 0.000390 0.117790 0.008356 1.928116
0.840585 0.014790 0.011856 0.006430 0.000384 0.117590 0.008364 1.929585
0.840424 0.014882 0.011954 0.006531 0.000393 0.117449 0.008367 1.931063
0.840350 0.014975 0.012033 0.006568 0.000387 0.117311 0.008377 1.932511
0.840184 0.015151 0.012085 0.006609 0.000388 0.117199 0.008384 1.933956
0.840055 0.015294 0.012148 0.006658 0.000389 0.117068 0.008389 1.935421
0.839865 0.015471 0.012251 0.006708 0.000388 0.116922 0.008395 1.936907
0.839709 0.015553 0.012368 0.006785 0.000390 0.116792 0.008403 1.938461
0.839479 0.015739 0.012520 0.006850 0.000397 0.116609 0.008407 1.939968
0.839274 0.015859 0.012618 0.006863 0.000399 0.116574 0.008413 1.941510
0.839075 0.015977 0.012718 0.006891 0.000403 0.116521 0.008415 1.943052
0.838829 0.016119 0.012829 0.006956 0.000402 0.116444 0.008422 1.944572
0.838535 0.016252 0.012940 0.007009 0.000407 0.116432 0.008426 1.946166
0.838263 0.016381 0.013028 0.007080 0.000397 0.116415 0.008436 1.947756
0.837948 0.016539 0.013098 0.007107 0.000395 0.116470 0.008443 1.949345
0.837729 0.016592 0.013203 0.007194 0.000399 0.116437 0.008447 1.950993
0.837467 0.016702 0.013329 0.007264 0.000396 0.116390 0.008454 1.952647
0.837235 0.016766 0.013462 0.007319 0.000393 0.116368 0.008458 1.954290
0.836973 0.016862 0.013561 0.007357 0.000395 0.116388 0.008463 1.955928
0.836694 0.016966 0.013702 0.007384 0.000399 0.116389 0.008467 1.957572
0.836445 0.017023 0.013786 0.007425 0.000401 0.116447 0.008474 1.959233
0.836094 0.017153 0.013878 0.007495 0.000397 0.116504 0.008481 1.960923
0.835762 0.017295 0.013965 0.007552 0.000400 0.116543 0.008484 1.962576
0.835473 0.017368 0.014042 0.007612 0.000396 0.116620 0.008489 1.964270
0.835165 0.017408 0.014116 0.007644 0.000402 0.116774 0.008492 1.965988
0.834840 0.017443 0.014303 0.007686 0.000411 0.116819 0.008497 1.967738
0.834455 0.017446 0.014436 0.007755 0.000411 0.116994 0.008502 1.969516
0.834176 0.017489 0.014537 0.007789 0.000415 0.117086 0.008507 1.971246
0.833813 0.017587 0.014614 0.007794 0.000421 0.117260 0.008512 1.972956
0.833509 0.017675 0.014714 0.007858 0.000422 0.117304 0.008517 1.974676
0.833149 0.017744 0.014846 0.007921 0.000427 0.117386 0.008526 1.976462
0.832688 0.017941 0.014935 0.007912 0.000419 0.117573 0.008532 1.978168
0.832232 0.018080 0.015020 0.007931 0.000419 0.117781 0.008536 1.979933
0.831808 0.018205 0.015077 0.007990 0.000421 0.117956 0.008544 1.981709
0.831449 0.018288 0.015142 0.008044 0.000426 0.118102 0.008548 1.983474
0.831027 0.018371 0.015205 0.008122 0.000426 0.118295 0.008555 1.985278
0.830619 0.018468 0.015301 0.008177 0.000433 0.118442 0.008559 1.987096
0.830216 0.018560 0.015382 0.008218 0.000440 0.118618 0.008566 1.988893
0.829768 0.018663 0.015487 0.008264 0.000440 0.118807 0.008572 1.990714
0.829275 0.018803 0.015550 0.008272 0.000439 0.119082 0.008580 1.992542
0.828876 0.018826 0.015620 0.008339 0.000453 0.119302 0.008584 1.994385
0.828452 0.018878 0.015676 0.008396 0.000453 0.119556 0.008590 1.996220
0.828038 0.018884 0.015765 0.008463 0.000457 0.119801 0.008594 1.998137
0.827591 0.018938 0.015838 0.008539 0.000457 0.120037 0.008600 2.000009
0.827143 0.018958 0.015914 0.008593 0.000459 0.120326 0.008608 2.001909
0.826704 0.019023 0.015975 0.008644 0.000457 0.120585 0.008613 2.003785
0.826248 0.019075 0.016054 0.008691 0.000462 0.120849 0.008620 2.005683
0.825898 0.019145 0.016099 0.008705 0.000474 0.121054 0.008625 2.007524
0.825458 0.019220 0.016179 0.008738 0.000479 0.121298 0.008629 2.009427
0.824999 0.019251 0.016313 0.008776 0.000487 0.121541 0.008633 2.011360
0.824579 0.019396 0.016361 0.008799 0.000484 0.121743 0.008639 2.013197
0.824110 0.019513 0.016425 0.008822 0.000498 0.121992 0.008639 2.015063
0.823703 0.019515 0.016543 0.008852 0.000499 0.122242 0.008645 2.017004
0.823246 0.019606 0.016606 0.008869 0.000512 0.122513 0.008649 2.018924
0.822785 0.019675 0.016654 0.008908 0.000521 0.122800 0.008656 2.020850
0.822310 0.019755 0.016651 0.008876 0.000533 0.123211 0.008664 2.022745
0.821935 0.019748 0.016713 0.008966 0.000531 0.123435 0.008672 2.024728
0.821535 0.019827 0.016743 0.008979 0.000528 0.123709 0.008678 2.026638
0.821114 0.019913 0.016790 0.009018 0.000536 0.123945 0.008685 2.028559
0.820628 0.019962 0.016846 0.009064 0.000537 0.124271 0.008691 2.030538
0.820196 0.020015 0.016854 0.009148 0.000541 0.124550 0.008696 2.032460
0.819768 0.020077 0.016879 0.009146 0.000542 0.124885 0.008702 2.034371
0.819319 0.020109 0.016965 0.009141 0.000543 0.125212 0.008711 2.036370
0.818888 0.020172 0.017007 0.009178 0.000549 0.125489 0.008718 2.038320
0.818396 0.020243 0.017066 0.009231 0.000545 0.125794 0.008726 2.040305
0.817928 0.020315 0.017123 0.009284 0.000560 0.126056 0.008734 2.042273
0.817463 0.020402 0.017163 0.009354 0.000561 0.126314 0.008743 2.044239
0.817013 0.020433 0.017180 0.009386 0.000564 0.126673 0.008750 2.046265
0.816567 0.020506 0.017169 0.009418 0.000558 0.127023 0.008758 2.048214
0.816169 0.020479 0.017261 0.009450 0.000564 0.127315 0.008764 2.050251
0.815789 0.020441 0.017363 0.009517 0.000572 0.127550 0.008769 2.052288
0.815372 0.020436 0.017421 0.009551 0.000570 0.127871 0.008780 2.054296
0.814984 0.020412 0.017494 0.009560 0.000571 0.128192 0.008787 2.056322
0.814626 0.020411 0.017544 0.009549 0.000572 0.128501 0.008796 2.058324
0.814212 0.020438 0.017585 0.009525 0.000579 0.128857 0.008803 2.060315
0.813795 0.020464 0.017622 0.009516 0.000582 0.129209 0.008813 2.062307
0.813310 0.020501 0.017675 0.009596 0.000576 0.129519 0.008821 2.064362
0.812900 0.020499 0.017720 0.009615 0.000585 0.129851 0.008830 2.066401
0.812479 0.020513 0.017785 0.009630 0.000589 0.130167 0.008837 2.068432
0.812098 0.020480 0.017799 0.009621 0.000586 0.130571 0.008845 2.070428
0.811748 0.020457 0.017868 0.009644 0.000600 0.130836 0.008848 2.072434
0.811320 0.020548 0.017908 0.009654 0.000600 0.131115 0.008855 2.074438
0.810972 0.020483 0.017968 0.009645 0.000597 0.131474 0.008861 2.076479
0.810610 0.020537 0.017974 0.009616 0.000602 0.131793 0.008867 2.078441
0.810258 0.020549 0.018020 0.009599 0.000603 0.132098 0.008874 2.080436
0.809889 0.020506 0.018006 0.009621 0.000605 0.132492 0.008882 2.082487
0.809555 0.020469 0.018022 0.009667 0.000606 0.132789 0.008892 2.084534
0.809183 0.020467 0.018061 0.009675 0.000612 0.133105 0.008897 2.086577
0.808826 0.020499 0.018076 0.009653 0.000618 0.133426 0.008903 2.088589
0.808490 0.020498 0.018110 0.009640 0.000623 0.133724 0.008915 2.090632
0.808169 0.020517 0.018121 0.009667 0.000624 0.133982 0.008921 2.092626
0.807909 0.020560 0.018085 0.009643 0.000618 0.134252 0.008932 2.094574
0.807584 0.020533 0.018150 0.009615 0.000614 0.134566 0.008937 2.096605
0.807258 0.020520 0.018246 0.009624 0.000609 0.134794 0.008950 2.098628
0.806962 0.020496 0.018276 0.009621 0.000612 0.135075 0.008959 2.100618
0.806699 0.020418 0.018279 0.009621 0.000618 0.135404 0.008963 2.102660
0.806449 0.020394 0.018252 0.009639 0.000619 0.135674 0.008973 2.104643
0.806136 0.020388 0.018201 0.009666 0.000618 0.136008 0.008983 2.106657
0.805826 0.020395 0.018227 0.009681 0.000613 0.136271 0.008988 2.108666
0.805604 0.020309 0.018213 0.009703 0.000613 0.136563 0.008995 2.110695
0.805326 0.020300 0.018206 0.009697 0.000612 0.136858 0.009002 2.112698
0.805081 0.020331 0.018185 0.009708 0.000616 0.137064 0.009015 2.114668
0.804864 0.020319 0.018215 0.009702 0.000621 0.137254 0.009023 2.116632
0.804605 0.020384 0.018167 0.009700 0.000622 0.137489 0.009032 2.118567
0.804303 0.020345 0.018162 0.009711 0.000615 0.137824 0.009040 2.120591
0.804104 0.020261 0.018196 0.009726 0.000616 0.138049 0.009047 2.122611
0.803900 0.020238 0.018177 0.009698 0.000614 0.138317 0.009055 2.124579
0.803777 0.020172 0.018156 0.009696 0.000616 0.138518 0.009064 2.126558
0.803547 0.020198 0.018111 0.009649 0.000619 0.138803 0.009073 2.128508
0.803346 0.020175 0.018130 0.009652 0.000613 0.139004 0.009081 2.130473
0.803179 0.020080 0.018104 0.009669 0.000617 0.139266 0.009086 2.132475
0.803033 0.020011 0.018031 0.009659 0.000620 0.139549 0.009096 2.134409
0.802862 0.019912 0.018062 0.009668 0.000623 0.139771 0.009101 2.136417
0.802687 0.019785 0.018030 0.009669 0.000621 0.140101 0.009108 2.138420
0.802580 0.019744 0.018033 0.009689 0.000618 0.140216 0.009120 2.140380
0.802453 0.019762 0.018022 0.009616 0.000620 0.140398 0.009129 2.142264
0.802289 0.019670 0.018033 0.009605 0.000620 0.140647 0.009136 2.144248
0.802140 0.019680 0.018026 0.009602 0.000627 0.140780 0.009145 2.146168
0.801964 0.019672 0.017974 0.009577 0.000629 0.141033 0.009152 2.148096
0.801842 0.019655 0.017969 0.009550 0.000617 0.141205 0.009161 2.150023
0.801705 0.019602 0.017991 0.009537 0.000617 0.141379 0.009168 2.152001
0.801498 0.019594 0.017987 0.009533 0.000628 0.141587 0.009174 2.153949
0.801427 0.019563 0.017958 0.009509 0.000620 0.141742 0.009180 2.155854
0.801314 0.019502 0.017936 0.009519 0.000622 0.141918 0.009188 2.157805
0.801196 0.019466 0.017888 0.009510 0.000616 0.142130 0.009194 2.159734
0.801163 0.019415 0.017872 0.009483 0.000621 0.142242 0.009203 2.161628
0.801124 0.019434 0.017801 0.009447 0.000625 0.142359 0.009210 2.163459
0.801067 0.019357 0.017804 0.009449 0.000626 0.142475 0.009222 2.165404
0.800935 0.019354 0.017772 0.009445 0.000620 0.142643 0.009230 2.167319
0.800845 0.019346 0.017733 0.009432 0.000626 0.142782 0.009238 2.169214
0.800733 0.019356 0.017646 0.009420 0.000633 0.142969 0.009243 2.171086
0.800588 0.019354 0.017638 0.009394 0.000632 0.143142 0.009251 2.172978
0.800517 0.019290 0.017648 0.009395 0.000626 0.143262 0.009262 2.174919
0.800589 0.019213 0.017615 0.009351 0.000628 0.143334 0.009269 2.176799
0.800472 0.019241 0.017575 0.009305 0.000628 0.143499 0.009279 2.178662
0.800444 0.019211 0.017546 0.009276 0.000626 0.143609 0.009289 2.180495
0.800296 0.019249 0.017514 0.009277 0.000628 0.143740 0.009295 2.182372
0.800210 0.019220 0.017528 0.009219 0.000626 0.143895 0.009302 2.184277
0.800202 0.019238 0.017444 0.009203 0.000626 0.143977 0.009311 2.186131
0.800115 0.019133 0.017429 0.009241 0.000632 0.144134 0.009317 2.188093
0.800053 0.019054 0.017419 0.009248 0.000628 0.144275 0.009325 2.190003
0.800110 0.018975 0.017361 0.009213 0.000631 0.144377 0.009333 2.191853
0.800114 0.018947 0.017328 0.009179 0.000635 0.144457 0.009340 2.193719
0.800099 0.018911 0.017237 0.009186 0.000638 0.144578 0.009351 2.195560
0.800116 0.018940 0.017132 0.009153 0.000643 0.144659 0.009358 2.197351
0.800150 0.018883 0.017087 0.009104 0.000638 0.144771 0.009367 2.199182
0.800173 0.018774 0.017082 0.009077 0.000635 0.144883 0.009376 2.201027
0.800240 0.018683 0.017078 0.009072 0.000635 0.144911 0.009381 2.202879
0.800307 0.018571 0.017102 0.009016 0.000643 0.144972 0.009389 2.204740
0.800381 0.018468 0.017125 0.009015 0.000635 0.144978 0.009399 2.206601
0.800451 0.018473 0.017001 0.009012 0.000636 0.145022 0.009405 2.208372
0.800444 0.018460 0.016931 0.008967 0.000636 0.145151 0.009410 2.210145
0.800558 0.018421 0.016889 0.008975 0.000634 0.145103 0.009419 2.211905
0.800691 0.018347 0.016866 0.008987 0.000631 0.145052 0.009426 2.213723
0.800743 0.018299 0.016843 0.008977 0.000625 0.145077 0.009435 2.215554
0.800756 0.018253 0.016800 0.009000 0.000614 0.145133 0.009443 2.217362
0.800820 0.018259 0.016734 0.008962 0.000616 0.145156 0.009452 2.219120
0.800917 0.018251 0.016702 0.008894 0.000617 0.145158 0.009461 2.220861
0.800922 0.018265 0.016611 0.008888 0.000613 0.145234 0.009467 2.222627
0.801002 0.018161 0.016648 0.008899 0.000614 0.145203 0.009473 2.224481
0.801107 0.018146 0.016608 0.008861 0.000613 0.145184 0.009482 2.226247
0.801245 0.018058 0.016585 0.008866 0.000609 0.145150 0.009487 2.228048
0.801358 0.017977 0.016544 0.008894 0.000606 0.145122 0.009500 2.229824
0.801505 0.017879 0.016494 0.008878 0.000608 0.145125 0.009509 2.231574
0.801613 0.017819 0.016430 0.008870 0.000606 0.145147 0.009515 2.233319
0.801698 0.017778 0.016414 0.008864 0.000603 0.145121 0.009524 2.235095
0.801830 0.017730 0.016375 0.008819 0.000599 0.145118 0.009530 2.236808
0.801880 0.017710 0.016347 0.008827 0.000599 0.145098 0.009541 2.238562
0.802019 0.017707 0.016301 0.008813 0.000593 0.145022 0.009546 2.240269
0.802153 0.017579 0.016327 0.008799 0.000587 0.144997 0.009557 2.242046
0.802208 0.017588 0.016268 0.008765 0.000588 0.145016 0.009567 2.243741
0.802276 0.017576 0.016261 0.008725 0.000586 0.145005 0.009572 2.245480
0.802316 0.017597 0.016213 0.008704 0.000580 0.145014 0.009576 2.247185
0.802441 0.017626 0.016129 0.008654 0.000583 0.144986 0.009582 2.248878
0.802491 0.017656 0.016082 0.008664 0.000586 0.144930 0.009591 2.250617
0.802703 0.017604 0.016053 0.008614 0.000589 0.144842 0.009597 2.252282
0.802858 0.017518 0.016056 0.008602 0.000586 0.144780 0.009602 2.254011
0.803026 0.017447 0.016012 0.008575 0.000582 0.144745 0.009612 2.255722
0.803125 0.017503 0.015903 0.008547 0.000584 0.144721 0.009618 2.257396
0.803300 0.017468 0.015915 0.008546 0.000584 0.144564 0.009624 2.259091
0.803389 0.017431 0.015880 0.008533 0.000589 0.144547 0.009631 2.260811
0.803582 0.017389 0.015889 0.008522 0.000587 0.144393 0.009639 2.262505
0.803664 0.017410 0.015876 0.008449 0.000578 0.144372 0.009650 2.264192
0.803771 0.017361 0.015887 0.008425 0.000579 0.144322 0.009656 2.265931
0.803905 0.017293 0.015893 0.008445 0.000575 0.144226 0.009662 2.267660
0.804086 0.017248 0.015899 0.008427 0.000582 0.144089 0.009670 2.269351
0.804278 0.017241 0.015896 0.008396 0.000582 0.143928 0.009680 2.271028
0.804492 0.017200 0.015835 0.008432 0.000578 0.143773 0.009690 2.272710
0.804697 0.017119 0.015862 0.008353 0.000585 0.143688 0.009696 2.274409
0.804842 0.017127 0.015813 0.008283 0.000583 0.143648 0.009705 2.276040
0.805036 0.017082 0.015768 0.008312 0.000575 0.143512 0.009717 2.277716
0.805223 0.017030 0.015728 0.008282 0.000580 0.143431 0.009726 2.279387
0.805434 0.016944 0.015674 0.008312 0.000575 0.143328 0.009734 2.281082
0.805610 0.016880 0.015640 0.008316 0.000577 0.143236 0.009742 2.282747
0.805738 0.016859 0.015625 0.008289 0.000580 0.143161 0.009747 2.284417
0.805839 0.016882 0.015605 0.008252 0.000578 0.143089 0.009755 2.286061
0.806043 0.016772 0.015591 0.008229 0.000577 0.143028 0.009761 2.287732
0.806180 0.016772 0.015547 0.008199 0.000566 0.142965 0.009770 2.289363
0.806326 0.016804 0.015483 0.008151 0.000573 0.142890 0.009775 2.290983
0.806508 0.016762 0.015502 0.008164 0.000566 0.142715 0.009784 2.292651
0.806714 0.016735 0.015484 0.008126 0.000561 0.142589 0.009793 2.294277
0.806861 0.016700 0.015432 0.008093 0.000561 0.142554 0.009801 2.295932
0.807089 0.016676 0.015363 0.008113 0.000557 0.142395 0.009808 2.297560
0.807277 0.016658 0.015280 0.008121 0.000555 0.142292 0.009817 2.299182
0.807353 0.016706 0.015312 0.008056 0.000560 0.142190 0.009824 2.300810
0.807528 0.016715 0.015264 0.008035 0.000554 0.142073 0.009831 2.302393
0.807701 0.016653 0.015259 0.008038 0.000555 0.141957 0.009837 2.304061
0.807866 0.016650 0.015250 0.008011 0.000554 0.141827 0.009842 2.305679
0.808092 0.016631 0.015186 0.008004 0.000555 0.141683 0.009850 2.307295
0.808232 0.016589 0.015181 0.008012 0.000555 0.141573 0.009859 2.308964
0.808361 0.016521 0.015189 0.008011 0.000550 0.141501 0.009868 2.310633
0.808566 0.016513 0.015112 0.007985 0.000551 0.141394 0.009878 2.312230
0.808748 0.016482 0.015112 0.007964 0.000553 0.141259 0.009884 2.313853
0.808936 0.016449 0.015126 0.007951 0.000544 0.141101 0.009894 2.315477
0.809094 0.016440 0.015096 0.007954 0.000539 0.140973 0.009905 2.317080
0.809332 0.016412 0.015104 0.007935 0.000536 0.140770 0.009912 2.318711
0.809454 0.016399 0.015117 0.007913 0.000539 0.140658 0.009920 2.320343
0.809617 0.016386 0.015141 0.007892 0.000545 0.140497 0.009923 2.321952
0.809779 0.016414 0.015105 0.007825 0.000541 0.140407 0.009930 2.323546
0.809956 0.016396 0.015091 0.007843 0.000539 0.140239 0.009937 2.325189
0.810110 0.016416 0.015070 0.007841 0.000540 0.140080 0.009942 2.326795
0.810207 0.016414 0.015045 0.007833 0.000552 0.140002 0.009948 2.328426
0.810322 0.016426 0.015013 0.007842 0.000555 0.139887 0.009955 2.330020
0.810422 0.016427 0.015004 0.007856 0.000557 0.139773 0.009963 2.331652
0.810566 0.016460 0.014971 0.007874 0.000554 0.139605 0.009969 2.333255
0.810738 0.016426 0.014951 0.007874 0.000555 0.139481 0.009976 2.334884
0.810904 0.016435 0.014951 0.007864 0.000558 0.139308 0.009982 2.336500
0.811071 0.016434 0.014953 0.007870 0.000557 0.139125 0.009988 2.338106
0.811224 0.016381 0.014939 0.007890 0.000559 0.139012 0.009995 2.339757
0.811411 0.016342 0.014959 0.007887 0.000564 0.138834 0.010002 2.341404
0.811597 0.016372 0.014912 0.007848 0.000561 0.138702 0.010008 2.342954
0.811697 0.016404 0.014901 0.007864 0.000561 0.138556 0.010017 2.344547
0.811879 0.016398 0.014828 0.007864 0.000552 0.138455 0.010024 2.346128
0.811944 0.016470 0.014789 0.007858 0.000554 0.138353 0.010030 2.347724
0.812096 0.016470 0.014796 0.007823 0.000556 0.138219 0.010039 2.349305
0.812206 0.016446 0.014805 0.007850 0.000553 0.138094 0.010048 2.350917
0.812353 0.016478 0.014824 0.007833 0.000551 0.137904 0.010057 2.352508
0.812460 0.016475 0.014804 0.007828 0.000553 0.137818 0.010062 2.354128
0.812649 0.016414 0.014799 0.007837 0.000548 0.137681 0.010072 2.355776
0.812751 0.016401 0.014772 0.007879 0.000551 0.137572 0.010075 2.357404
0.812916 0.016422 0.014735 0.007830 0.000545 0.137469 0.010083 2.358976
0.813078 0.016419 0.014740 0.007824 0.000543 0.137306 0.010091 2.360589
0.813111 0.016445 0.014772 0.007838 0.000546 0.137193 0.010096 2.362225
0.813175 0.016467 0.014737 0.007852 0.000551 0.137117 0.010101 2.363813
0.813316 0.016431 0.014735 0.007821 0.000551 0.137042 0.010105 2.365429
0.813446 0.016421 0.014729 0.007821 0.000547 0.136926 0.010110 2.367029
0.813572 0.016461 0.014700 0.007821 0.000544 0.136788 0.010115 2.368628
0.813667 0.016497 0.014711 0.007800 0.000538 0.136663 0.010122 2.370226
0.813792 0.016455 0.014710 0.007825 0.000541 0.136550 0.010128 2.371871
0.813861 0.016530 0.014678 0.007822 0.000533 0.136438 0.010136 2.373410
0.813986 0.016519 0.014682 0.007797 0.000529 0.136341 0.010145 2.375004
0.814013 0.016511 0.014673 0.007814 0.000534 0.136306 0.010149 2.376616
0.814062 0.016500 0.014705 0.007799 0.000541 0.136238 0.010154 2.378242
0.814101 0.016460 0.014745 0.007848 0.000541 0.136142 0.010163 2.379925
0.814164 0.016490 0.014748 0.007867 0.000539 0.136026 0.010168 2.381546
0.814229 0.016490 0.014711 0.007866 0.000545 0.135984 0.010175 2.383185
0.814243 0.016557 0.014699 0.007860 0.000536 0.135919 0.010187 2.384788
0.814316 0.016616 0.014686 0.007860 0.000532 0.135794 0.010197 2.386378
0.814427 0.016609 0.014728 0.007873 0.000533 0.135627 0.010203 2.388008
0.814484 0.016626 0.014744 0.007845 0.000536 0.135555 0.010210 2.389625
0.814617 0.016571 0.014774 0.007889 0.000540 0.135392 0.010218 2.391308
0.814620 0.016621 0.014772 0.007856 0.000544 0.135360 0.010227 2.392908
0.814607 0.016653 0.014777 0.007836 0.000542 0.135350 0.010235 2.394547
0.814625 0.016635 0.014816 0.007883 0.000547 0.135253 0.010243 2.396222
0.814714 0.016611 0.014860 0.007893 0.000551 0.135123 0.010249 2.397872
0.814798 0.016637 0.014848 0.007885 0.000552 0.135027 0.010253 2.399490
0.814907 0.016655 0.014824 0.007855 0.000557 0.134944 0.010260 2.401104
0.814947 0.016725 0.014768 0.007857 0.000553 0.134882 0.010268 2.402723
0.814980 0.016714 0.014791 0.007872 0.000550 0.134812 0.010280 2.404368
0.815016 0.016736 0.014803 0.007889 0.000542 0.134727 0.010288 2.405993
0.815041 0.016751 0.014835 0.007891 0.000546 0.134643 0.010293 2.407628
0.815086 0.016735 0.014833 0.007926 0.000551 0.134571 0.010299 2.409307
0.815123 0.016724 0.014889 0.007936 0.000547 0.134475 0.010307 2.410953
0.815153 0.016716 0.014908 0.007963 0.000546 0.134400 0.010315 2.412630
0.815212 0.016732 0.014921 0.007936 0.000547 0.134330 0.010323 2.414248
0.815160 0.016790 0.014909 0.007963 0.000546 0.134302 0.010330 2.415909
0.815249 0.016774 0.014909 0.007921 0.000551 0.134258 0.010340 2.417546
0.815306 0.016736 0.014894 0.007928 0.000549 0.134242 0.010345 2.419159
0.815359 0.016715 0.014862 0.007923 0.000548 0.134241 0.010352 2.420782
0.815421 0.016691 0.014890 0.007927 0.000549 0.134165 0.010356 2.422423
0.815429 0.016754 0.014888 0.007906 0.000555 0.134106 0.010363 2.424026
0.815413 0.016740 0.014914 0.007941 0.000554 0.134068 0.010370 2.425702
0.815447 0.016735 0.014904 0.007931 0.000553 0.134052 0.010377 2.427348
0.815528 0.016710 0.014957 0.007936 0.000555 0.133932 0.010382 2.429013
0.815554 0.016683 0.014950 0.007937 0.000565 0.133922 0.010389 2.430651
0.815534 0.016750 0.014974 0.007930 0.000559 0.133857 0.010396 2.432291
0.815522 0.016763 0.014963 0.007925 0.000564 0.133862 0.010402 2.433952
0.815535 0.016759 0.014978 0.007932 0.000567 0.133821 0.010408 2.435613
0.815621 0.016783 0.014934 0.007921 0.000566 0.133759 0.010416 2.437198
0.815585 0.016802 0.014947 0.007923 0.000567 0.133753 0.010423 2.438854
0.815619 0.016805 0.014952 0.007899 0.000567 0.133725 0.010431 2.440462
0.815592 0.016835 0.014960 0.007910 0.000564 0.133699 0.010440 2.442110
0.815594 0.016819 0.014982 0.007905 0.000560 0.133692 0.010447 2.443779
0.815647 0.016835 0.014996 0.007914 0.000557 0.133591 0.010460 2.445407
0.815717 0.016792 0.014970 0.007923 0.000561 0.133570 0.010468 2.447056
0.815724 0.016819 0.014994 0.007909 0.000556 0.133522 0.010476 2.448723
0.815741 0.016820 0.015001 0.007921 0.000550 0.133484 0.010484 2.450347
0.815769 0.016845 0.015023 0.007975 0.000544 0.133355 0.010489 2.451988
0.815819 0.016814 0.015073 0.007985 0.000538 0.133275 0.010497 2.453671
0.815869 0.016791 0.015093 0.007978 0.000538 0.133228 0.010503 2.455331
0.815843 0.016836 0.015036 0.008021 0.000537 0.133218 0.010509 2.456961
0.815827 0.016882 0.015022 0.008042 0.000539 0.133175 0.010513 2.458606
0.815867 0.016850 0.015076 0.008060 0.000536 0.133091 0.010522 2.460288
0.815849 0.016870 0.015112 0.008034 0.000539 0.133070 0.010527 2.461952
0.815932 0.016848 0.015090 0.008040 0.000542 0.133017 0.010532 2.463588
0.815889 0.016910 0.015059 0.008043 0.000547 0.133016 0.010537 2.465219
0.815901 0.016966 0.015082 0.008045 0.000550 0.132913 0.010544 2.466874
0.815799 0.017030 0.015098 0.008070 0.000545 0.132904 0.010555 2.468547
0.815826 0.017038 0.015107 0.008087 0.000547 0.132833 0.010563 2.470224
0.815783 0.017007 0.015187 0.008098 0.000539 0.132813 0.010573 2.471922
0.815726 0.017014 0.015234 0.008076 0.000530 0.132840 0.010581 2.473595
0.815729 0.016952 0.015246 0.008072 0.000531 0.132883 0.010589 2.475301
0.815757 0.016903 0.015284 0.008029 0.000532 0.132899 0.010596 2.476991
0.815861 0.016853 0.015289 0.008021 0.000534 0.132843 0.010601 2.478642
0.815848 0.016894 0.015270 0.008004 0.000532 0.132843 0.010607 2.480282
0.815893 0.016977 0.015250 0.007971 0.000536 0.132759 0.010615 2.481876
0.815862 0.016997 0.015262 0.007985 0.000539 0.132736 0.010619 2.483557
0.815866 0.016996 0.015261 0.007990 0.000544 0.132720 0.010625 2.485220
0.815808 0.017014 0.015299 0.007975 0.000540 0.132736 0.010628 2.486880
0.815813 0.016976 0.015335 0.008001 0.000545 0.132698 0.010632 2.488574
0.815762 0.017022 0.015328 0.007982 0.000547 0.132720 0.010638 2.490219
0.815700 0.017083 0.015333 0.007948 0.000548 0.132745 0.010644 2.491864
0.815662 0.017069 0.015302 0.008019 0.000545 0.132756 0.010648 2.493579
0.815606 0.017103 0.015315 0.008011 0.000546 0.132762 0.010657 2.495258
0.815592 0.017110 0.015315 0.008030 0.000540 0.132747 0.010666 2.496921
0.815564 0.017146 0.015273 0.008034 0.000543 0.132768 0.010672 2.498584
0.815551 0.017154 0.015243 0.008025 0.000542 0.132810 0.010676 2.500257
0.815511 0.017162 0.015273 0.008012 0.000552 0.132810 0.010680 2.501953
0.815549 0.017139 0.015265 0.008017 0.000550 0.132797 0.010684 2.503618
0.815524 0.017097 0.015271 0.008015 0.000546 0.132856 0.010691 2.505317
0.815537 0.017120 0.015225 0.008049 0.000548 0.132822 0.010699 2.506981
0.815520 0.017152 0.015232 0.008025 0.000550 0.132817 0.010704 2.508632
0.815523 0.017118 0.015265 0.008027 0.000545 0.132810 0.010712 2.510315
0.815467 0.017126 0.015277 0.008003 0.000546 0.132864 0.010719 2.512003
0.815458 0.017133 0.015315 0.008016 0.000549 0.132801 0.010728 2.513659
0.815391 0.017109 0.015332 0.008035 0.000556 0.132845 0.010733 2.515374
0.815390 0.017127 0.015316 0.008030 0.000557 0.132842 0.010739 2.517040
0.815316 0.017134 0.015264 0.008031 0.000558 0.132947 0.010749 2.518734
0.815258 0.017209 0.015243 0.008047 0.000546 0.132940 0.010758 2.520390
