0.329636 0.063804 0.056814 0.032921 0.002170 0.508372 0.006284 1.663566
0.331646 0.062034 0.056725 0.032705 0.002162 0.508417 0.006312 1.669663
0.334295 0.059726 0.056521 0.032577 0.002173 0.508373 0.006336 1.675647
0.337318 0.057283 0.056215 0.032336 0.002172 0.508304 0.006372 1.681422
0.340666 0.054662 0.055773 0.031978 0.002189 0.508336 0.006396 1.686986
0.344212 0.052121 0.055294 0.031620 0.002183 0.508146 0.006424 1.692357
0.347973 0.049693 0.054603 0.031167 0.002189 0.507927 0.006448 1.697398
0.351850 0.047399 0.053858 0.030621 0.002180 0.507617 0.006475 1.702192
0.355843 0.045117 0.052940 0.030179 0.002173 0.507245 0.006504 1.706798
0.360034 0.042978 0.051938 0.029611 0.002172 0.506739 0.006526 1.711147
0.364342 0.040960 0.050950 0.028996 0.002169 0.506035 0.006548 1.715263
0.368553 0.039199 0.049849 0.028371 0.002159 0.505299 0.006571 1.719115
0.372768 0.037497 0.048813 0.027722 0.002156 0.504446 0.006600 1.722858
0.377085 0.035818 0.047780 0.027065 0.002131 0.503490 0.006630 1.726482
0.381422 0.034258 0.046562 0.026345 0.002121 0.502632 0.006659 1.729862
0.385916 0.032791 0.045421 0.025684 0.002114 0.501390 0.006684 1.733181
0.390481 0.031345 0.044242 0.024965 0.002113 0.500141 0.006713 1.736344
0.395052 0.029985 0.043102 0.024319 0.002088 0.498711 0.006743 1.739384
0.399670 0.028734 0.041970 0.023623 0.002055 0.497177 0.006770 1.742231
0.404411 0.027547 0.040749 0.022894 0.002037 0.495563 0.006799 1.744946
0.409061 0.026489 0.039533 0.022160 0.002016 0.493908 0.006833 1.747537
0.413811 0.025387 0.038438 0.021509 0.002006 0.491990 0.006859 1.750115
0.418551 0.024345 0.037336 0.020898 0.001985 0.489997 0.006889 1.752573
0.423270 0.023427 0.036217 0.020264 0.001981 0.487930 0.006910 1.754885
0.428051 0.022586 0.035116 0.019612 0.001958 0.485744 0.006934 1.757089
0.432806 0.021804 0.033989 0.018945 0.001938 0.483556 0.006962 1.759218
0.437635 0.020944 0.033048 0.018355 0.001924 0.481110 0.006985 1.761365
0.442362 0.020228 0.032002 0.017790 0.001901 0.478710 0.007007 1.763335
0.447033 0.019513 0.031054 0.017196 0.001880 0.476293 0.007033 1.765294
0.451754 0.018842 0.030085 0.016649 0.001855 0.473762 0.007054 1.767182
0.456536 0.018187 0.029159 0.016085 0.001839 0.471114 0.007080 1.769017
0.461226 0.017524 0.028238 0.015581 0.001816 0.468510 0.007104 1.770803
0.465888 0.016913 0.027379 0.015089 0.001785 0.465815 0.007130 1.772517
0.470615 0.016368 0.026484 0.014630 0.001743 0.463006 0.007156 1.774155
0.475183 0.015856 0.025635 0.014163 0.001715 0.460271 0.007176 1.775714
0.479879 0.015403 0.024822 0.013689 0.001684 0.457323 0.007200 1.777211
0.484691 0.014935 0.024037 0.013245 0.001652 0.454214 0.007225 1.778699
0.489313 0.014435 0.023299 0.012812 0.001624 0.451273 0.007244 1.780176
0.493944 0.013991 0.022570 0.012410 0.001592 0.448229 0.007265 1.781602
0.498502 0.013668 0.021867 0.012037 0.001561 0.445082 0.007284 1.782937
0.503135 0.013296 0.021205 0.011653 0.001539 0.441869 0.007302 1.784245
0.507706 0.012942 0.020542 0.011309 0.001502 0.438670 0.007329 1.785521
0.512201 0.012689 0.019902 0.010961 0.001478 0.435418 0.007351 1.786738
0.516740 0.012347 0.019263 0.010683 0.001445 0.432150 0.007372 1.787991
0.521181 0.011981 0.018710 0.010439 0.001413 0.428889 0.007387 1.789235
0.525690 0.011700 0.018115 0.010124 0.001383 0.425579 0.007408 1.790390
0.530109 0.011422 0.017544 0.009825 0.001357 0.422320 0.007424 1.791527
0.534465 0.011198 0.017011 0.009534 0.001343 0.419008 0.007442 1.792631
0.538785 0.010978 0.016519 0.009169 0.001325 0.415766 0.007458 1.793694
0.543151 0.010730 0.016019 0.008912 0.001285 0.412425 0.007478 1.794743
0.547610 0.010423 0.015601 0.008630 0.001261 0.408984 0.007493 1.795826
0.551931 0.010231 0.015141 0.008425 0.001232 0.405533 0.007507 1.796818
0.556112 0.010032 0.014742 0.008188 0.001203 0.402204 0.007519 1.797825
0.560424 0.009818 0.014327 0.007953 0.001174 0.398767 0.007537 1.798782
0.564634 0.009642 0.013949 0.007703 0.001163 0.395363 0.007547 1.799732
0.568705 0.009500 0.013591 0.007461 0.001132 0.392047 0.007563 1.800659
0.572878 0.009418 0.013201 0.007232 0.001118 0.388576 0.007576 1.801519
0.576916 0.009294 0.012835 0.007050 0.001093 0.385221 0.007592 1.802403
0.580908 0.009209 0.012502 0.006868 0.001070 0.381838 0.007605 1.803273
0.584953 0.009022 0.012234 0.006684 0.001045 0.378443 0.007620 1.804184
0.588972 0.008948 0.011938 0.006474 0.001029 0.375009 0.007630 1.805032
0.592996 0.008777 0.011677 0.006382 0.001005 0.371525 0.007639 1.805918
0.596852 0.008662 0.011395 0.006252 0.000981 0.368204 0.007655 1.806761
0.600735 0.008541 0.011109 0.006104 0.000961 0.364879 0.007671 1.807595
0.604505 0.008393 0.010841 0.005938 0.000939 0.361699 0.007686 1.808433
0.608266 0.008264 0.010594 0.005805 0.000924 0.358449 0.007697 1.809254
0.611969 0.008193 0.010350 0.005672 0.000912 0.355196 0.007709 1.810042
0.615771 0.008108 0.010111 0.005553 0.000889 0.351849 0.007720 1.810821
0.619480 0.008018 0.009907 0.005426 0.000869 0.348568 0.007733 1.811589
0.623073 0.007917 0.009723 0.005323 0.000848 0.345369 0.007748 1.812383
0.626694 0.007794 0.009536 0.005191 0.000827 0.342199 0.007759 1.813148
0.630318 0.007725 0.009333 0.005067 0.000816 0.338971 0.007771 1.813908
0.633741 0.007665 0.009153 0.004953 0.000800 0.335908 0.007779 1.814660
0.637215 0.007568 0.009000 0.004879 0.000787 0.332759 0.007792 1.815418
0.640606 0.007547 0.008797 0.004771 0.000775 0.329705 0.007800 1.816119
0.644044 0.007529 0.008661 0.004688 0.000758 0.326511 0.007809 1.816828
0.647435 0.007492 0.008526 0.004598 0.000741 0.323388 0.007820 1.817533
0.650782 0.007414 0.008421 0.004533 0.000723 0.320295 0.007831 1.818272
0.654143 0.007312 0.008281 0.004459 0.000706 0.317258 0.007841 1.819023
0.657402 0.007270 0.008183 0.004409 0.000690 0.314191 0.007855 1.819744
0.660638 0.007202 0.008055 0.004348 0.000674 0.311220 0.007863 1.820446
0.663869 0.007163 0.007928 0.004269 0.000656 0.308241 0.007874 1.821159
0.667023 0.007114 0.007798 0.004213 0.000632 0.305335 0.007886 1.821861
0.670169 0.007081 0.007689 0.004125 0.000626 0.302421 0.007891 1.822546
0.673225 0.007075 0.007601 0.004052 0.000612 0.299535 0.007901 1.823224
0.676248 0.007043 0.007520 0.004012 0.000598 0.296669 0.007911 1.823933
0.679300 0.006980 0.007392 0.003985 0.000586 0.293842 0.007916 1.824623
0.682340 0.006936 0.007324 0.003934 0.000577 0.290965 0.007924 1.825311
0.685223 0.006879 0.007307 0.003879 0.000568 0.288212 0.007932 1.826031
0.688183 0.006852 0.007237 0.003840 0.000554 0.285394 0.007940 1.826696
0.691023 0.006846 0.007156 0.003780 0.000544 0.282708 0.007944 1.827359
0.693831 0.006849 0.007077 0.003735 0.000532 0.280026 0.007951 1.828031
0.696676 0.006785 0.007005 0.003750 0.000520 0.277304 0.007960 1.828717
0.699529 0.006781 0.006950 0.003706 0.000507 0.274560 0.007966 1.829377
0.702239 0.006786 0.006870 0.003681 0.000499 0.271951 0.007974 1.830008
0.704906 0.006803 0.006833 0.003643 0.000490 0.269346 0.007980 1.830672
0.707649 0.006789 0.006770 0.003620 0.000478 0.266709 0.007985 1.831328
0.710308 0.006776 0.006717 0.003592 0.000469 0.264144 0.007994 1.832000
0.712948 0.006753 0.006683 0.003563 0.000460 0.261595 0.007999 1.832664
0.715571 0.006696 0.006655 0.003572 0.000456 0.259046 0.008004 1.833374
0.718144 0.006718 0.006573 0.003560 0.000443 0.256550 0.008011 1.834011
0.720659 0.006764 0.006526 0.003522 0.000442 0.254072 0.008016 1.834647
0.723084 0.006784 0.006481 0.003484 0.000436 0.251709 0.008021 1.835304
0.725520 0.006807 0.006432 0.003475 0.000425 0.249311 0.008031 1.835962
0.727885 0.006828 0.006408 0.003457 0.000420 0.246966 0.008035 1.836615
0.730260 0.006815 0.006404 0.003454 0.000421 0.244607 0.008038 1.837309
0.732659 0.006822 0.006386 0.003440 0.000411 0.242239 0.008043 1.837978
0.735021 0.006844 0.006361 0.003424 0.000403 0.239897 0.008049 1.838640
0.737316 0.006811 0.006368 0.003399 0.000393 0.237661 0.008053 1.839333
0.739615 0.006840 0.006359 0.003384 0.000385 0.235355 0.008060 1.840019
0.741839 0.006838 0.006366 0.003393 0.000380 0.233119 0.008065 1.840706
0.744058 0.006863 0.006375 0.003386 0.000376 0.230874 0.008069 1.841370
0.746232 0.006907 0.006326 0.003365 0.000368 0.228727 0.008075 1.842022
0.748458 0.006911 0.006350 0.003342 0.000369 0.226492 0.008078 1.842707
0.750584 0.006858 0.006378 0.003363 0.000364 0.224372 0.008082 1.843427
0.752673 0.006863 0.006397 0.003348 0.000359 0.222273 0.008086 1.844105
0.754742 0.006890 0.006398 0.003345 0.000354 0.220182 0.008090 1.844789
0.756794 0.006978 0.006356 0.003363 0.000353 0.218062 0.008095 1.845441
0.758801 0.006961 0.006358 0.003368 0.000348 0.216065 0.008099 1.846147
0.760806 0.006991 0.006364 0.003373 0.000337 0.214022 0.008106 1.846837
0.762710 0.007028 0.006326 0.003357 0.000334 0.212135 0.008112 1.847518
0.764596 0.007109 0.006335 0.003336 0.000332 0.210177 0.008115 1.848203
0.766501 0.007128 0.006396 0.003358 0.000330 0.208170 0.008118 1.848947
0.768342 0.007149 0.006398 0.003347 0.000327 0.206314 0.008123 1.849644
0.770195 0.007177 0.006416 0.003381 0.000323 0.204381 0.008127 1.850373
0.771979 0.007237 0.006424 0.003383 0.000322 0.202522 0.008133 1.851090
0.773743 0.007282 0.006412 0.003414 0.000317 0.200695 0.008138 1.851811
0.775390 0.007386 0.006388 0.003408 0.000309 0.198975 0.008143 1.852519
0.777059 0.007402 0.006413 0.003425 0.000306 0.197248 0.008146 1.853243
0.778721 0.007500 0.006390 0.003415 0.000311 0.195514 0.008150 1.853946
0.780331 0.007545 0.006405 0.003430 0.000303 0.193832 0.008154 1.854685
0.781949 0.007611 0.006434 0.003442 0.000299 0.192108 0.008158 1.855420
0.783564 0.007665 0.006436 0.003458 0.000297 0.190421 0.008161 1.856154
0.785164 0.007702 0.006473 0.003483 0.000296 0.188720 0.008163 1.856915
0.786704 0.007739 0.006502 0.003497 0.000295 0.187094 0.008167 1.857671
0.788208 0.007806 0.006496 0.003515 0.000299 0.185505 0.008170 1.858418
0.789608 0.007876 0.006540 0.003512 0.000294 0.183992 0.008177 1.859190
0.791082 0.007967 0.006556 0.003537 0.000294 0.182388 0.008178 1.859950
0.792524 0.008024 0.006571 0.003574 0.000291 0.180834 0.008181 1.860710
0.794005 0.008034 0.006628 0.003592 0.000291 0.179266 0.008184 1.861516
0.795425 0.008059 0.006645 0.003613 0.000291 0.177781 0.008186 1.862314
0.796767 0.008147 0.006708 0.003616 0.000290 0.176282 0.008191 1.863106
0.798073 0.008281 0.006739 0.003632 0.000284 0.174794 0.008197 1.863882
0.799365 0.008311 0.006802 0.003657 0.000282 0.173383 0.008199 1.864718
0.800628 0.008379 0.006878 0.003672 0.000282 0.171958 0.008204 1.865549
0.801887 0.008470 0.006880 0.003701 0.000283 0.170569 0.008209 1.866355
0.803113 0.008515 0.006910 0.003737 0.000279 0.169234 0.008213 1.867210
0.804322 0.008585 0.006993 0.003748 0.000278 0.167858 0.008217 1.868046
0.805511 0.008629 0.007033 0.003795 0.000276 0.166535 0.008222 1.868896
0.806655 0.008712 0.007088 0.003809 0.000280 0.165230 0.008225 1.869748
0.807852 0.008792 0.007138 0.003820 0.000272 0.163897 0.008230 1.870589
0.808902 0.008897 0.007213 0.003865 0.000273 0.162616 0.008233 1.871449
0.809922 0.009044 0.007224 0.003919 0.000272 0.161382 0.008237 1.872308
0.810953 0.009096 0.007309 0.003976 0.000272 0.160153 0.008241 1.873210
0.811967 0.009196 0.007337 0.003996 0.000276 0.158984 0.008244 1.874076
0.812922 0.009317 0.007408 0.004010 0.000275 0.157819 0.008249 1.874965
0.813850 0.009445 0.007445 0.004028 0.000269 0.156707 0.008255 1.875873
0.814770 0.009599 0.007510 0.004050 0.000269 0.155545 0.008257 1.876754
0.815644 0.009697 0.007547 0.004058 0.000273 0.154521 0.008259 1.877664
0.816523 0.009810 0.007611 0.004083 0.000278 0.153432 0.008263 1.878615
0.817373 0.009913 0.007686 0.004119 0.000281 0.152363 0.008265 1.879561
0.818260 0.010037 0.007734 0.004143 0.000286 0.151273 0.008266 1.880496
0.819043 0.010163 0.007801 0.004162 0.000284 0.150276 0.008271 1.881451
0.819767 0.010250 0.007882 0.004235 0.000283 0.149309 0.008274 1.882466
0.820556 0.010347 0.007956 0.004317 0.000284 0.148264 0.008276 1.883491
0.821334 0.010420 0.008064 0.004367 0.000288 0.147249 0.008279 1.884504
0.822062 0.010570 0.008139 0.004413 0.000289 0.146244 0.008284 1.885509
0.822792 0.010654 0.008226 0.004470 0.000289 0.145284 0.008287 1.886549
0.823447 0.010747 0.008303 0.004531 0.000291 0.144390 0.008291 1.887608
0.824097 0.010883 0.008398 0.004589 0.000301 0.143437 0.008294 1.888645
0.824658 0.011017 0.008481 0.004651 0.000301 0.142596 0.008298 1.889705
0.825276 0.011094 0.008584 0.004696 0.000302 0.141746 0.008301 1.890782
0.825907 0.011215 0.008680 0.004707 0.000307 0.140880 0.008303 1.891874
0.826399 0.011322 0.008768 0.004788 0.000313 0.140104 0.008306 1.893017
0.826911 0.011465 0.008868 0.004824 0.000314 0.139306 0.008312 1.894130
0.827393 0.011586 0.008950 0.004870 0.000316 0.138567 0.008318 1.895240
0.827805 0.011651 0.009052 0.004942 0.000318 0.137907 0.008323 1.896430
0.828238 0.011803 0.009126 0.004991 0.000317 0.137195 0.008330 1.897574
0.828682 0.011940 0.009216 0.005055 0.000316 0.136456 0.008334 1.898764
0.829099 0.012063 0.009336 0.005097 0.000319 0.135749 0.008339 1.899935
0.829446 0.012185 0.009427 0.005152 0.000322 0.135126 0.008343 1.901125
0.829811 0.012366 0.009527 0.005202 0.000327 0.134420 0.008347 1.902284
0.830184 0.012468 0.009642 0.005240 0.000333 0.133783 0.008351 1.903480
0.830563 0.012557 0.009712 0.005263 0.000337 0.133215 0.008353 1.904701
0.830864 0.012695 0.009824 0.005328 0.000335 0.132596 0.008359 1.905939
0.831162 0.012811 0.009935 0.005401 0.000337 0.131993 0.008362 1.907206
0.831404 0.012928 0.010043 0.005486 0.000339 0.131436 0.008364 1.908490
0.831584 0.013071 0.010133 0.005534 0.000336 0.130973 0.008369 1.909765
0.831851 0.013167 0.010210 0.005580 0.000336 0.130485 0.008372 1.911030
0.832084 0.013266 0.010289 0.005653 0.000338 0.129996 0.008374 1.912339
0.832268 0.013384 0.010410 0.005750 0.000346 0.129465 0.008377 1.913674
0.832490 0.013514 0.010514 0.005829 0.000349 0.128923 0.008380 1.915000
0.832629 0.013638 0.010610 0.005853 0.000345 0.128540 0.008386 1.916322
0.832822 0.013710 0.010759 0.005906 0.000348 0.128067 0.008388 1.917693
0.832864 0.013901 0.010817 0.005965 0.000348 0.127713 0.008391 1.919054
0.832938 0.014030 0.010921 0.006001 0.000347 0.127368 0.008396 1.920431
0.833105 0.014132 0.011024 0.006084 0.000338 0.126917 0.008401 1.921808
0.833194 0.014242 0.011140 0.006153 0.000341 0.126524 0.008407 1.923202
0.833226 0.014392 0.011292 0.006196 0.000351 0.126132 0.008412 1.924585
0.833217 0.014526 0.011378 0.006264 0.000353 0.125845 0.008417 1.926009
0.833252 0.014561 0.011491 0.006330 0.000354 0.125591 0.008421 1.927488
0.833275 0.014652 0.011595 0.006375 0.000362 0.125315 0.008426 1.928921
0.833242 0.014806 0.011707 0.006438 0.000368 0.125007 0.008432 1.930392
0.833221 0.014923 0.011795 0.006493 0.000371 0.124759 0.008439 1.931850
0.833198 0.015050 0.011865 0.006558 0.000372 0.124514 0.008443 1.933306
0.833161 0.015151 0.011980 0.006644 0.000375 0.124240 0.008449 1.934777
0.833148 0.015345 0.012093 0.006649 0.000379 0.123934 0.008453 1.936213
0.833006 0.015555 0.012140 0.006701 0.000381 0.123760 0.008458 1.937671
0.832956 0.015613 0.012274 0.006803 0.000391 0.123504 0.008460 1.939216
0.832843 0.015773 0.012379 0.006848 0.000391 0.123302 0.008464 1.940739
0.832718 0.015934 0.012483 0.006899 0.000394 0.123104 0.008467 1.942274
0.832566 0.016143 0.012564 0.006929 0.000400 0.122928 0.008471 1.943788
0.832362 0.016283 0.012669 0.006996 0.000401 0.122813 0.008476 1.945362
0.832206 0.016368 0.012765 0.007041 0.000404 0.122735 0.008480 1.946940
0.831961 0.016525 0.012884 0.007066 0.000407 0.122672 0.008485 1.948532
0.831732 0.016633 0.013010 0.007160 0.000413 0.122562 0.008491 1.950186
0.831559 0.016758 0.013144 0.007211 0.000414 0.122415 0.008498 1.951819
0.831349 0.016892 0.013323 0.007220 0.000424 0.122291 0.008502 1.953449
0.831085 0.017065 0.013430 0.007263 0.000433 0.122219 0.008506 1.955077
0.830883 0.017132 0.013529 0.007352 0.000432 0.122159 0.008515 1.956745
0.830659 0.017255 0.013613 0.007377 0.000431 0.122146 0.008520 1.958392
0.830396 0.017344 0.013724 0.007451 0.000435 0.122124 0.008527 1.960110
0.830143 0.017448 0.013815 0.007478 0.000438 0.122146 0.008532 1.961781
0.829809 0.017636 0.013900 0.007479 0.000438 0.122201 0.008538 1.963445
0.829511 0.017723 0.013996 0.007555 0.000441 0.122232 0.008542 1.965171
0.829234 0.017801 0.014153 0.007582 0.000449 0.122236 0.008546 1.966890
0.828859 0.017921 0.014251 0.007646 0.000446 0.122323 0.008554 1.968630
0.828565 0.018082 0.014326 0.007695 0.000446 0.122324 0.008563 1.970343
0.828243 0.018214 0.014459 0.007768 0.000451 0.122300 0.008566 1.972098
0.827914 0.018353 0.014580 0.007826 0.000449 0.122306 0.008571 1.973864
0.827554 0.018410 0.014783 0.007865 0.000450 0.122361 0.008576 1.975711
0.827139 0.018533 0.014895 0.007930 0.000454 0.122466 0.008583 1.977530
0.826783 0.018560 0.014998 0.008003 0.000462 0.122605 0.008588 1.979351
0.826414 0.018588 0.015138 0.008061 0.000458 0.122747 0.008596 1.981221
0.825988 0.018702 0.015248 0.008124 0.000461 0.122878 0.008599 1.983036
0.825538 0.018770 0.015384 0.008165 0.000462 0.123075 0.008605 1.984891
0.825139 0.018842 0.015476 0.008187 0.000462 0.123281 0.008614 1.986742
0.824806 0.018934 0.015502 0.008224 0.000476 0.123442 0.008618 1.988543
0.824356 0.019077 0.015613 0.008277 0.000482 0.123574 0.008622 1.990370
0.823949 0.019169 0.015741 0.008351 0.000485 0.123678 0.008626 1.992259
0.823538 0.019196 0.015834 0.008429 0.000482 0.123887 0.008633 1.994147
0.823129 0.019271 0.015924 0.008503 0.000484 0.124049 0.008640 1.996042
0.822722 0.019357 0.016017 0.008563 0.000485 0.124210 0.008647 1.997926
0.822308 0.019355 0.016195 0.008616 0.000492 0.124383 0.008652 1.999885
0.821948 0.019441 0.016215 0.008623 0.000498 0.124620 0.008655 2.001737
0.821466 0.019552 0.016290 0.008697 0.000496 0.124837 0.008662 2.003670
0.821000 0.019638 0.016404 0.008729 0.000505 0.125059 0.008664 2.005606
0.820617 0.019722 0.016468 0.008793 0.000513 0.125217 0.008669 2.007527
0.820213 0.019795 0.016529 0.008826 0.000519 0.125443 0.008676 2.009431
0.819741 0.019885 0.016651 0.008844 0.000521 0.125676 0.008682 2.011350
0.819314 0.019956 0.016745 0.008889 0.000522 0.125885 0.008688 2.013313
0.818912 0.020004 0.016874 0.008945 0.000524 0.126045 0.008695 2.015272
0.818488 0.020053 0.016990 0.008955 0.000527 0.126289 0.008699 2.017255
0.818113 0.020079 0.017144 0.008962 0.000532 0.126467 0.008703 2.019206
0.817711 0.020123 0.017202 0.008991 0.000534 0.126727 0.008711 2.021186
0.817193 0.020222 0.017260 0.009054 0.000549 0.127006 0.008715 2.023164
0.816749 0.020214 0.017380 0.009132 0.000553 0.127245 0.008727 2.025173
0.816341 0.020213 0.017412 0.009156 0.000556 0.127587 0.008733 2.027151
0.815906 0.020254 0.017460 0.009182 0.000552 0.127906 0.008739 2.029137
0.815442 0.020267 0.017496 0.009241 0.000550 0.128257 0.008747 2.031151
0.815078 0.020281 0.017553 0.009259 0.000552 0.128519 0.008757 2.033142
0.814759 0.020246 0.017643 0.009286 0.000555 0.128742 0.008767 2.035137
0.814330 0.020286 0.017692 0.009308 0.000558 0.129049 0.008776 2.037138
0.813968 0.020267 0.017745 0.009315 0.000566 0.129356 0.008781 2.039143
0.813539 0.020278 0.017778 0.009338 0.000567 0.129706 0.008793 2.041158
0.813197 0.020304 0.017798 0.009361 0.000569 0.129970 0.008802 2.043153
0.812810 0.020336 0.017768 0.009437 0.000570 0.130273 0.008807 2.045129
0.812437 0.020363 0.017804 0.009408 0.000573 0.130602 0.008813 2.047103
0.812134 0.020335 0.017892 0.009421 0.000564 0.130831 0.008823 2.049107
0.811729 0.020320 0.017907 0.009469 0.000572 0.131175 0.008828 2.051134
0.811383 0.020307 0.017884 0.009442 0.000575 0.131569 0.008841 2.053093
0.811068 0.020317 0.017915 0.009411 0.000583 0.131863 0.008845 2.055071
0.810756 0.020333 0.017889 0.009448 0.000589 0.132133 0.008852 2.057030
0.810457 0.020290 0.017888 0.009500 0.000588 0.132417 0.008861 2.059049
0.810128 0.020309 0.017885 0.009515 0.000590 0.132704 0.008869 2.061017
0.809831 0.020233 0.017955 0.009522 0.000591 0.132990 0.008879 2.063035
0.809556 0.020146 0.017988 0.009510 0.000597 0.133317 0.008887 2.065050
0.809191 0.020177 0.017990 0.009521 0.000601 0.133623 0.008897 2.067005
0.808905 0.020124 0.018054 0.009499 0.000610 0.133903 0.008905 2.069036
0.808606 0.020181 0.017976 0.009489 0.000603 0.134230 0.008915 2.070954
0.808346 0.020116 0.018043 0.009521 0.000608 0.134445 0.008922 2.072990
0.808050 0.020168 0.018061 0.009492 0.000610 0.134693 0.008928 2.074943
0.807711 0.020200 0.018050 0.009517 0.000612 0.134973 0.008937 2.076903
0.807470 0.020182 0.018034 0.009537 0.000616 0.135218 0.008944 2.078875
0.807211 0.020073 0.018072 0.009577 0.000629 0.135491 0.008948 2.080911
0.806902 0.020155 0.018003 0.009612 0.000628 0.135744 0.008956 2.082819
0.806648 0.020154 0.018007 0.009615 0.000631 0.135983 0.008963 2.084793
0.806429 0.020145 0.017951 0.009563 0.000621 0.136319 0.008972 2.086761
0.806244 0.020129 0.017972 0.009540 0.000625 0.136512 0.008979 2.088748
0.805968 0.020150 0.017978 0.009492 0.000621 0.136805 0.008987 2.090675
0.805705 0.020152 0.017985 0.009491 0.000624 0.137049 0.008994 2.092652
0.805494 0.020075 0.017975 0.009525 0.000624 0.137305 0.009003 2.094608
0.805196 0.020079 0.017927 0.009503 0.000623 0.137664 0.009009 2.096573
0.805011 0.020022 0.017970 0.009542 0.000617 0.137821 0.009019 2.098569
0.804855 0.019894 0.017971 0.009568 0.000622 0.138067 0.009025 2.100599
0.804745 0.019745 0.018008 0.009599 0.000624 0.138250 0.009030 2.102568
0.804570 0.019723 0.017982 0.009571 0.000622 0.138493 0.009039 2.104474
0.804392 0.019629 0.017974 0.009578 0.000620 0.138761 0.009047 2.106455
0.804211 0.019652 0.017931 0.009553 0.000616 0.138983 0.009054 2.108359
0.804055 0.019593 0.017905 0.009541 0.000623 0.139217 0.009065 2.110315
0.803945 0.019472 0.017936 0.009538 0.000623 0.139414 0.009073 2.112298
0.803837 0.019474 0.017890 0.009471 0.000631 0.139619 0.009078 2.114180
0.803711 0.019366 0.017911 0.009471 0.000632 0.139826 0.009084 2.116145
0.803612 0.019336 0.017848 0.009444 0.000637 0.140032 0.009092 2.118040
0.803545 0.019290 0.017841 0.009443 0.000639 0.140145 0.009097 2.119946
0.803467 0.019299 0.017748 0.009402 0.000642 0.140337 0.009105 2.121781
0.803360 0.019284 0.017704 0.009377 0.000639 0.140529 0.009108 2.123658
0.803280 0.019308 0.017612 0.009346 0.000644 0.140696 0.009116 2.125495
0.803181 0.019273 0.017632 0.009324 0.000652 0.140818 0.009120 2.127412
0.803110 0.019257 0.017611 0.009298 0.000651 0.140945 0.009128 2.129300
0.803040 0.019178 0.017548 0.009306 0.000655 0.141141 0.009133 2.131194
0.802977 0.019077 0.017509 0.009253 0.000654 0.141389 0.009142 2.133074
0.802867 0.019074 0.017511 0.009270 0.000648 0.141480 0.009150 2.134942
0.802772 0.019076 0.017454 0.009286 0.000645 0.141606 0.009160 2.136801
0.802760 0.018989 0.017461 0.009281 0.000645 0.141699 0.009166 2.138692
0.802665 0.019013 0.017441 0.009260 0.000643 0.141803 0.009176 2.140507
0.802649 0.018922 0.017378 0.009259 0.000656 0.141958 0.009179 2.142382
0.802649 0.018856 0.017352 0.009257 0.000654 0.142043 0.009190 2.144226
0.802678 0.018768 0.017360 0.009224 0.000647 0.142125 0.009199 2.146083
0.802629 0.018731 0.017331 0.009214 0.000649 0.142240 0.009206 2.147932
0.802447 0.018780 0.017295 0.009202 0.000649 0.142414 0.009214 2.149754
0.802473 0.018737 0.017218 0.009161 0.000651 0.142538 0.009222 2.151575
0.802526 0.018600 0.017237 0.009159 0.000647 0.142601 0.009231 2.153462
0.802461 0.018611 0.017251 0.009112 0.000642 0.142683 0.009241 2.155266
0.802522 0.018577 0.017157 0.009061 0.000633 0.142800 0.009249 2.157038
0.802583 0.018494 0.017137 0.009013 0.000631 0.142885 0.009258 2.158848
0.802580 0.018422 0.017119 0.008966 0.000629 0.143016 0.009267 2.160665
0.802544 0.018431 0.017051 0.008948 0.000621 0.143125 0.009279 2.162467
0.802597 0.018357 0.017050 0.008945 0.000621 0.143143 0.009286 2.164280
0.802627 0.018236 0.017020 0.008990 0.000615 0.143219 0.009293 2.166155
0.802706 0.018185 0.016971 0.008960 0.000613 0.143266 0.009300 2.167932
0.802775 0.018124 0.016965 0.008912 0.000612 0.143305 0.009308 2.169730
0.802877 0.018016 0.016955 0.008922 0.000616 0.143302 0.009313 2.171531
0.802993 0.017929 0.016946 0.008886 0.000612 0.143313 0.009321 2.173306
0.803042 0.017869 0.016868 0.008902 0.000609 0.143382 0.009328 2.175085
0.803122 0.017814 0.016809 0.008831 0.000611 0.143475 0.009338 2.176823
0.803137 0.017858 0.016732 0.008759 0.000608 0.143559 0.009348 2.178509
0.803200 0.017805 0.016710 0.008754 0.000610 0.143567 0.009355 2.180246
0.803311 0.017793 0.016672 0.008734 0.000617 0.143513 0.009361 2.181962
0.803427 0.017748 0.016563 0.008661 0.000609 0.143624 0.009368 2.183663
0.803537 0.017759 0.016490 0.008639 0.000614 0.143589 0.009374 2.185367
0.803679 0.017667 0.016450 0.008601 0.000614 0.143607 0.009383 2.187124
0.803840 0.017649 0.016399 0.008555 0.000614 0.143556 0.009388 2.188829
0.803953 0.017581 0.016323 0.008545 0.000621 0.143585 0.009392 2.190569
0.804023 0.017586 0.016293 0.008522 0.000609 0.143566 0.009401 2.192275
0.804084 0.017565 0.016283 0.008506 0.000603 0.143553 0.009407 2.193969
0.804253 0.017483 0.016234 0.008521 0.000605 0.143487 0.009417 2.195685
0.804395 0.017473 0.016212 0.008466 0.000609 0.143419 0.009427 2.197368
0.804532 0.017429 0.016175 0.008449 0.000609 0.143371 0.009434 2.199068
0.804582 0.017428 0.016154 0.008398 0.000602 0.143396 0.009442 2.200758
0.804762 0.017382 0.016078 0.008386 0.000598 0.143345 0.009449 2.202470
0.804894 0.017374 0.016095 0.008369 0.000598 0.143214 0.009456 2.204166
0.805085 0.017305 0.016078 0.008364 0.000599 0.143105 0.009463 2.205862
0.805155 0.017297 0.016042 0.008358 0.000595 0.143081 0.009472 2.207577
0.805343 0.017272 0.015982 0.008359 0.000595 0.142971 0.009479 2.209271
0.805486 0.017300 0.015962 0.008361 0.000594 0.142807 0.009490 2.210937
0.805600 0.017334 0.015905 0.008329 0.000595 0.142737 0.009501 2.212590
0.805727 0.017315 0.015871 0.008313 0.000598 0.142668 0.009508 2.214282
0.805913 0.017226 0.015886 0.008320 0.000593 0.142544 0.009518 2.216009
0.806040 0.017151 0.015876 0.008372 0.000595 0.142442 0.009523 2.217750
0.806179 0.017070 0.015881 0.008351 0.000599 0.142390 0.009530 2.219458
0.806334 0.016960 0.015887 0.008309 0.000593 0.142378 0.009539 2.221167
0.806468 0.016884 0.015854 0.008303 0.000598 0.142344 0.009548 2.222876
0.806617 0.016841 0.015850 0.008286 0.000593 0.142257 0.009557 2.224559
0.806729 0.016831 0.015838 0.008272 0.000597 0.142169 0.009564 2.226212
0.806855 0.016813 0.015755 0.008233 0.000603 0.142170 0.009571 2.227848
0.806972 0.016767 0.015772 0.008193 0.000606 0.142115 0.009575 2.229525
0.807060 0.016727 0.015741 0.008171 0.000600 0.142116 0.009585 2.231220
0.807149 0.016742 0.015726 0.008129 0.000596 0.142061 0.009596 2.232869
0.807239 0.016706 0.015718 0.008142 0.000595 0.141997 0.009603 2.234544
0.807344 0.016693 0.015750 0.008120 0.000594 0.141890 0.009610 2.236216
0.807465 0.016708 0.015728 0.008104 0.000590 0.141790 0.009616 2.237831
0.807605 0.016704 0.015675 0.008061 0.000588 0.141740 0.009626 2.239457
0.807787 0.016650 0.015638 0.008066 0.000599 0.141629 0.009633 2.241111
0.807945 0.016572 0.015662 0.008095 0.000598 0.141488 0.009640 2.242813
0.808139 0.016522 0.015649 0.008059 0.000593 0.141389 0.009649 2.244458
0.808254 0.016578 0.015625 0.008057 0.000583 0.141244 0.009657 2.246050
0.808389 0.016562 0.015589 0.008046 0.000584 0.141169 0.009662 2.247685
0.808501 0.016580 0.015508 0.008053 0.000587 0.141101 0.009671 2.249290
0.808648 0.016582 0.015469 0.007998 0.000584 0.141040 0.009679 2.250886
0.808906 0.016494 0.015502 0.008006 0.000583 0.140823 0.009686 2.252560
0.809022 0.016468 0.015446 0.008002 0.000585 0.140785 0.009693 2.254187
0.809219 0.016487 0.015375 0.007981 0.000585 0.140654 0.009699 2.255757
0.809256 0.016558 0.015295 0.007943 0.000593 0.140649 0.009707 2.257358
0.809376 0.016614 0.015277 0.007881 0.000587 0.140550 0.009714 2.258933
0.809510 0.016584 0.015241 0.007898 0.000586 0.140463 0.009718 2.260574
0.809706 0.016535 0.015242 0.007924 0.000578 0.140288 0.009728 2.262225
0.809860 0.016484 0.015197 0.007896 0.000579 0.140249 0.009735 2.263886
0.810059 0.016472 0.015157 0.007860 0.000576 0.140134 0.009741 2.265477
0.810197 0.016502 0.015190 0.007837 0.000570 0.139952 0.009752 2.267070
0.810358 0.016483 0.015114 0.007865 0.000564 0.139855 0.009762 2.268660
0.810563 0.016418 0.015073 0.007869 0.000569 0.139735 0.009772 2.270268
0.810694 0.016422 0.015045 0.007873 0.000568 0.139621 0.009778 2.271858
0.810851 0.016402 0.015061 0.007853 0.000564 0.139482 0.009787 2.273488
0.810971 0.016363 0.015110 0.007866 0.000561 0.139334 0.009796 2.275150
0.811139 0.016348 0.015065 0.007856 0.000561 0.139229 0.009800 2.276772
0.811217 0.016393 0.015046 0.007841 0.000560 0.139137 0.009807 2.278356
0.811351 0.016420 0.014963 0.007825 0.000553 0.139074 0.009816 2.279897
0.811541 0.016400 0.014916 0.007825 0.000547 0.138946 0.009825 2.281467
0.811640 0.016405 0.014919 0.007821 0.000550 0.138835 0.009829 2.283088
0.811803 0.016402 0.014905 0.007826 0.000545 0.138685 0.009835 2.284679
0.811905 0.016360 0.014879 0.007864 0.000548 0.138604 0.009839 2.286297
0.812085 0.016316 0.014921 0.007838 0.000548 0.138443 0.009849 2.287922
0.812193 0.016338 0.014868 0.007841 0.000556 0.138353 0.009852 2.289517
0.812315 0.016289 0.014822 0.007822 0.000554 0.138337 0.009860 2.291132
0.812480 0.016362 0.014804 0.007799 0.000550 0.138136 0.009870 2.292694
0.812562 0.016408 0.014830 0.007787 0.000554 0.137982 0.009876 2.294279
0.812705 0.016372 0.014849 0.007780 0.000551 0.137858 0.009885 2.295877
0.812838 0.016357 0.014843 0.007813 0.000552 0.137705 0.009893 2.297496
0.812957 0.016323 0.014853 0.007851 0.000546 0.137567 0.009903 2.299136
0.813003 0.016283 0.014898 0.007838 0.000551 0.137518 0.009909 2.300786
0.813170 0.016231 0.014891 0.007849 0.000552 0.137391 0.009917 2.302389
0.813379 0.016223 0.014858 0.007857 0.000548 0.137211 0.009924 2.303975
0.813509 0.016220 0.014822 0.007846 0.000548 0.137129 0.009928 2.305551
0.813698 0.016228 0.014783 0.007834 0.000553 0.136975 0.009931 2.307132
0.813832 0.016206 0.014741 0.007824 0.000557 0.136905 0.009935 2.308725
0.813917 0.016182 0.014738 0.007830 0.000545 0.136848 0.009941 2.310334
0.814040 0.016126 0.014747 0.007842 0.000546 0.136752 0.009947 2.311954
0.814154 0.016200 0.014728 0.007802 0.000545 0.136619 0.009953 2.313506
0.814223 0.016246 0.014717 0.007792 0.000544 0.136521 0.009959 2.315081
0.814370 0.016208 0.014728 0.007790 0.000548 0.136390 0.009966 2.316701
0.814494 0.016222 0.014708 0.007760 0.000558 0.136285 0.009974 2.318299
0.814576 0.016175 0.014683 0.007745 0.000550 0.136294 0.009978 2.319910
0.814640 0.016182 0.014662 0.007742 0.000549 0.136237 0.009986 2.321514
0.814776 0.016160 0.014674 0.007774 0.000543 0.136082 0.009991 2.323138
0.814942 0.016185 0.014605 0.007762 0.000545 0.135966 0.009996 2.324683
0.815051 0.016189 0.014551 0.007755 0.000549 0.135903 0.010002 2.326272
0.815160 0.016202 0.014546 0.007691 0.000551 0.135844 0.010007 2.327843
0.815324 0.016217 0.014552 0.007656 0.000549 0.135689 0.010015 2.329418
0.815437 0.016192 0.014533 0.007641 0.000552 0.135624 0.010021 2.330997
0.815635 0.016137 0.014575 0.007686 0.000545 0.135396 0.010026 2.332587
0.815790 0.016199 0.014570 0.007691 0.000549 0.135172 0.010030 2.334159
0.815837 0.016271 0.014547 0.007689 0.000549 0.135072 0.010035 2.335735
0.815928 0.016261 0.014590 0.007697 0.000554 0.134927 0.010043 2.337350
0.816022 0.016254 0.014596 0.007709 0.000548 0.134822 0.010049 2.338927
0.816129 0.016238 0.014624 0.007689 0.000534 0.134731 0.010055 2.340540
0.816237 0.016235 0.014670 0.007671 0.000532 0.134595 0.010061 2.342137
0.816356 0.016286 0.014709 0.007671 0.000531 0.134380 0.010068 2.343711
0.816416 0.016344 0.014649 0.007660 0.000527 0.134332 0.010073 2.345262
0.816507 0.016320 0.014647 0.007686 0.000524 0.134240 0.010078 2.346863
0.816634 0.016343 0.014620 0.007681 0.000524 0.134117 0.010081 2.348444
0.816780 0.016359 0.014614 0.007652 0.000524 0.133987 0.010084 2.350019
0.816767 0.016411 0.014623 0.007682 0.000527 0.133901 0.010089 2.351618
0.816869 0.016406 0.014642 0.007692 0.000521 0.133773 0.010098 2.353222
0.816986 0.016364 0.014650 0.007699 0.000522 0.133677 0.010104 2.354831
0.817063 0.016321 0.014682 0.007711 0.000514 0.133594 0.010115 2.356469
0.817102 0.016360 0.014707 0.007724 0.000516 0.133471 0.010120 2.358057
0.817206 0.016356 0.014747 0.007701 0.000518 0.133346 0.010126 2.359654
0.817312 0.016332 0.014723 0.007708 0.000521 0.133272 0.010132 2.361239
0.817414 0.016302 0.014671 0.007728 0.000518 0.133231 0.010137 2.362847
0.817366 0.016357 0.014685 0.007721 0.000518 0.133207 0.010145 2.364433
0.817393 0.016392 0.014657 0.007745 0.000516 0.133147 0.010149 2.366031
0.817425 0.016415 0.014607 0.007765 0.000517 0.133117 0.010154 2.367627
0.817477 0.016533 0.014544 0.007740 0.000522 0.133025 0.010160 2.369125
0.817502 0.016595 0.014608 0.007730 0.000520 0.132879 0.010167 2.370740
0.817620 0.016604 0.014559 0.007750 0.000522 0.132773 0.010172 2.372317
0.817698 0.016549 0.014568 0.007757 0.000525 0.132727 0.010175 2.373949
0.817809 0.016533 0.014538 0.007806 0.000523 0.132609 0.010183 2.375559
0.817807 0.016567 0.014611 0.007786 0.000529 0.132512 0.010189 2.377184
0.817831 0.016553 0.014645 0.007776 0.000523 0.132474 0.010197 2.378826
0.817856 0.016533 0.014697 0.007825 0.000527 0.132358 0.010205 2.380480
0.817851 0.016556 0.014721 0.007846 0.000530 0.132288 0.010210 2.382112
0.817885 0.016550 0.014733 0.007871 0.000531 0.132212 0.010217 2.383767
0.817874 0.016590 0.014742 0.007843 0.000531 0.132196 0.010226 2.385366
0.817926 0.016551 0.014786 0.007831 0.000526 0.132147 0.010234 2.387047
0.817877 0.016563 0.014782 0.007824 0.000521 0.132193 0.010240 2.388650
0.817887 0.016576 0.014829 0.007801 0.000523 0.132138 0.010246 2.390246
0.817986 0.016559 0.014815 0.007831 0.000518 0.132039 0.010252 2.391861
0.818120 0.016482 0.014822 0.007823 0.000523 0.131975 0.010256 2.393504
0.818126 0.016507 0.014820 0.007795 0.000526 0.131963 0.010262 2.395090
0.818144 0.016507 0.014819 0.007803 0.000520 0.131936 0.010270 2.396743
0.818165 0.016447 0.014913 0.007814 0.000526 0.131860 0.010275 2.398432
0.818235 0.016433 0.014905 0.007796 0.000525 0.131826 0.010280 2.400046
0.818320 0.016377 0.014906 0.007797 0.000536 0.131780 0.010283 2.401662
0.818327 0.016450 0.014890 0.007783 0.000535 0.131723 0.010293 2.403257
0.818365 0.016486 0.014843 0.007783 0.000541 0.131684 0.010299 2.404828
0.818349 0.016491 0.014823 0.007782 0.000547 0.131704 0.010305 2.406440
0.818359 0.016442 0.014850 0.007799 0.000543 0.131692 0.010315 2.408095
0.818369 0.016497 0.014830 0.007779 0.000539 0.131666 0.010321 2.409682
0.818308 0.016545 0.014842 0.007800 0.000540 0.131637 0.010327 2.411313
0.818314 0.016613 0.014850 0.007778 0.000543 0.131568 0.010334 2.412924
0.818348 0.016573 0.014918 0.007797 0.000545 0.131478 0.010342 2.414584
0.818384 0.016526 0.014944 0.007774 0.000546 0.131477 0.010351 2.416207
0.818466 0.016454 0.014965 0.007807 0.000549 0.131403 0.010356 2.417864
0.818473 0.016453 0.014938 0.007811 0.000541 0.131421 0.010363 2.419453
0.818521 0.016415 0.014916 0.007831 0.000538 0.131408 0.010370 2.421077
0.818518 0.016414 0.014861 0.007855 0.000533 0.131442 0.010377 2.422689
0.818550 0.016462 0.014825 0.007848 0.000538 0.131392 0.010385 2.424251
0.818614 0.016431 0.014858 0.007868 0.000533 0.131305 0.010392 2.425879
0.818684 0.016430 0.014845 0.007878 0.000530 0.131236 0.010397 2.427487
0.818696 0.016467 0.014812 0.007901 0.000532 0.131190 0.010402 2.429068
0.818696 0.016468 0.014784 0.007872 0.000529 0.131241 0.010411 2.430679
0.818766 0.016403 0.014799 0.007888 0.000529 0.131202 0.010414 2.432321
0.818803 0.016372 0.014807 0.007845 0.000534 0.131218 0.010420 2.433952
0.818764 0.016394 0.014828 0.007868 0.000534 0.131189 0.010424 2.435564
0.818805 0.016368 0.014862 0.007877 0.000535 0.131122 0.010430 2.437186
0.818870 0.016408 0.014855 0.007832 0.000536 0.131062 0.010439 2.438761
0.818952 0.016400 0.014873 0.007844 0.000542 0.130944 0.010446 2.440357
0.818929 0.016414 0.014866 0.007850 0.000539 0.130951 0.010450 2.441971
0.818880 0.016498 0.014846 0.007861 0.000536 0.130919 0.010458 2.443568
0.818897 0.016527 0.014811 0.007830 0.000540 0.130932 0.010463 2.445155
0.818873 0.016549 0.014797 0.007819 0.000544 0.130950 0.010468 2.446763
0.818891 0.016527 0.014824 0.007802 0.000546 0.130934 0.010475 2.448421
0.818805 0.016578 0.014839 0.007827 0.000542 0.130926 0.010484 2.450044
0.818805 0.016572 0.014824 0.007839 0.000544 0.130927 0.010490 2.451698
0.818855 0.016542 0.014849 0.007873 0.000541 0.130843 0.010498 2.453366
0.818838 0.016571 0.014843 0.007847 0.000537 0.130860 0.010503 2.454984
0.818862 0.016529 0.014842 0.007859 0.000538 0.130860 0.010510 2.456623
0.818864 0.016604 0.014830 0.007821 0.000543 0.130824 0.010516 2.458206
0.818890 0.016582 0.014816 0.007815 0.000538 0.130837 0.010523 2.459826
0.818875 0.016590 0.014811 0.007803 0.000534 0.130856 0.010530 2.461471
0.818814 0.016590 0.014877 0.007791 0.000527 0.130863 0.010538 2.463119
0.818796 0.016592 0.014886 0.007782 0.000524 0.130877 0.010543 2.464762
0.818754 0.016643 0.014845 0.007830 0.000526 0.130851 0.010552 2.466385
0.818674 0.016653 0.014873 0.007852 0.000525 0.130867 0.010557 2.468064
0.818681 0.016631 0.014896 0.007830 0.000532 0.130867 0.010564 2.469717
0.818704 0.016684 0.014889 0.007842 0.000535 0.130779 0.010569 2.471301
0.818753 0.016718 0.014941 0.007833 0.000535 0.130643 0.010577 2.472937
0.818740 0.016772 0.014951 0.007812 0.000542 0.130601 0.010581 2.474532
0.818710 0.016761 0.014933 0.007829 0.000549 0.130631 0.010587 2.476167
0.818682 0.016796 0.014918 0.007811 0.000546 0.130652 0.010596 2.477783
0.818745 0.016734 0.014916 0.007827 0.000546 0.130629 0.010603 2.479458
0.818712 0.016714 0.014922 0.007847 0.000545 0.130652 0.010610 2.481132
0.818626 0.016812 0.014919 0.007830 0.000548 0.130646 0.010619 2.482726
0.818599 0.016809 0.014942 0.007835 0.000548 0.130641 0.010626 2.484384
0.818616 0.016809 0.014911 0.007814 0.000556 0.130663 0.010632 2.486010
0.818589 0.016811 0.014920 0.007837 0.000551 0.130653 0.010639 2.487668
0.818592 0.016847 0.014900 0.007840 0.000549 0.130626 0.010647 2.489266
0.818628 0.016835 0.014947 0.007928 0.000547 0.130464 0.010651 2.490918
0.818547 0.016862 0.014970 0.007922 0.000559 0.130484 0.010656 2.492593
0.818564 0.016863 0.014970 0.007935 0.000560 0.130444 0.010665 2.494254
0.818556 0.016854 0.014963 0.007957 0.000567 0.130434 0.010671 2.495914
0.818529 0.016877 0.014984 0.007927 0.000561 0.130446 0.010677 2.497560
0.818537 0.016852 0.015000 0.007924 0.000563 0.130442 0.010683 2.499219
0.818561 0.016783 0.015056 0.007951 0.000559 0.130400 0.010690 2.500908
0.818540 0.016813 0.015071 0.007935 0.000562 0.130383 0.010696 2.502548
0.818552 0.016810 0.015059 0.007965 0.000561 0.130349 0.010705 2.504200
0.818479 0.016847 0.015056 0.007968 0.000568 0.130372 0.010710 2.505826
0.818473 0.016847 0.015085 0.007919 0.000562 0.130397 0.010718 2.507447
0.818464 0.016868 0.015069 0.007932 0.000557 0.130385 0.010726 2.509089
0.818416 0.016917 0.015036 0.007952 0.000561 0.130388 0.010733 2.510729
0.818341 0.016966 0.015026 0.007966 0.000552 0.130406 0.010743 2.512356
0.818230 0.017039 0.015012 0.007967 0.000549 0.130450 0.010753 2.514005
0.818177 0.017110 0.015046 0.007968 0.000548 0.130394 0.010758 2.515658
0.818115 0.017148 0.015083 0.007939 0.000550 0.130396 0.010769 2.517319
0.818119 0.017142 0.015094 0.007943 0.000548 0.130380 0.010774 2.518993
0.818076 0.017135 0.015117 0.007995 0.000548 0.130347 0.010781 2.520697
0.817961 0.017166 0.015121 0.008002 0.000549 0.130412 0.010789 2.522393
0.817921 0.017234 0.015102 0.007978 0.000555 0.130414 0.010797 2.524022
0.817891 0.017192 0.015118 0.007959 0.000553 0.130486 0.010802 2.525710
0.817810 0.017144 0.015117 0.007999 0.000547 0.130571 0.010813 2.527419
0.817748 0.017171 0.015135 0.008006 0.000549 0.130569 0.010821 2.529109
0.817690 0.017198 0.015136 0.008017 0.000545 0.130583 0.010832 2.530761
0.817603 0.017155 0.015184 0.008013 0.000547 0.130663 0.010835 2.532470
0.817540 0.017215 0.015166 0.008005 0.000554 0.130683 0.010839 2.534115
