0.329864 0.063556 0.057001 0.032872 0.002152 0.508275 0.006280 1.663486
0.332535 0.061097 0.057029 0.032666 0.002150 0.508218 0.006307 1.669634
0.336007 0.058104 0.056787 0.032293 0.002144 0.508327 0.006337 1.675488
0.340020 0.054937 0.056347 0.031877 0.002145 0.508314 0.006360 1.680967
0.344427 0.051650 0.055743 0.031466 0.002130 0.508192 0.006392 1.686247
0.348967 0.048469 0.055018 0.030956 0.002129 0.508040 0.006422 1.691181
0.353737 0.045370 0.054185 0.030367 0.002127 0.507762 0.006451 1.695821
0.358761 0.042495 0.053247 0.029636 0.002119 0.507260 0.006481 1.700106
0.363760 0.039691 0.052163 0.028906 0.002105 0.506864 0.006511 1.704188
0.368889 0.037128 0.050966 0.028206 0.002111 0.506169 0.006531 1.707946
0.374075 0.034720 0.049712 0.027383 0.002109 0.505444 0.006556 1.711488
0.379341 0.032527 0.048367 0.026552 0.002091 0.504533 0.006589 1.714715
0.384685 0.030331 0.047044 0.025791 0.002067 0.503464 0.006617 1.717872
0.390092 0.028279 0.045723 0.024960 0.002051 0.502254 0.006641 1.720823
0.395559 0.026393 0.044295 0.024127 0.002032 0.500924 0.006669 1.723544
0.401018 0.024723 0.042874 0.023295 0.002016 0.499376 0.006699 1.726054
0.406506 0.023210 0.041430 0.022364 0.001988 0.497774 0.006728 1.728342
0.411964 0.021746 0.040002 0.021483 0.001973 0.496076 0.006756 1.730531
0.417478 0.020403 0.038498 0.020700 0.001954 0.494184 0.006784 1.732550
0.422962 0.019148 0.037063 0.019903 0.001932 0.492184 0.006809 1.734477
0.428485 0.017949 0.035652 0.019117 0.001911 0.490053 0.006833 1.736306
0.433968 0.016809 0.034336 0.018346 0.001884 0.487796 0.006863 1.738061
0.439434 0.015812 0.032926 0.017550 0.001865 0.485528 0.006885 1.739642
0.444861 0.014831 0.031643 0.016856 0.001822 0.483076 0.006911 1.741179
0.450333 0.013983 0.030328 0.016152 0.001808 0.480460 0.006935 1.742562
0.455728 0.013133 0.029131 0.015463 0.001784 0.477803 0.006957 1.743941
0.461163 0.012365 0.027878 0.014811 0.001753 0.475048 0.006983 1.745171
0.466490 0.011643 0.026815 0.014196 0.001730 0.472120 0.007005 1.746376
0.471879 0.011036 0.025605 0.013588 0.001710 0.469147 0.007034 1.747442
0.477343 0.010424 0.024551 0.012986 0.001675 0.465966 0.007056 1.748502
0.482742 0.009825 0.023516 0.012417 0.001641 0.462779 0.007082 1.749505
0.488134 0.009278 0.022510 0.011807 0.001607 0.459563 0.007101 1.750441
0.493572 0.008772 0.021535 0.011275 0.001578 0.456143 0.007124 1.751332
0.498910 0.008293 0.020674 0.010804 0.001542 0.452637 0.007141 1.752216
0.504234 0.007891 0.019744 0.010300 0.001507 0.449166 0.007159 1.752988
0.509462 0.007498 0.018897 0.009835 0.001469 0.445656 0.007184 1.753734
0.514789 0.007106 0.018082 0.009366 0.001444 0.442014 0.007200 1.754463
0.519978 0.006743 0.017309 0.008933 0.001411 0.438410 0.007216 1.755166
0.525235 0.006396 0.016509 0.008519 0.001390 0.434714 0.007238 1.755830
0.530332 0.006034 0.015824 0.008107 0.001370 0.431080 0.007254 1.756466
0.535351 0.005740 0.015119 0.007710 0.001344 0.427467 0.007270 1.757047
0.540393 0.005455 0.014449 0.007330 0.001325 0.423764 0.007284 1.757615
0.545383 0.005215 0.013814 0.006951 0.001289 0.420042 0.007305 1.758147
0.550358 0.004965 0.013208 0.006648 0.001262 0.416238 0.007320 1.758664
0.555276 0.004718 0.012613 0.006329 0.001227 0.412502 0.007334 1.759160
0.560190 0.004533 0.012050 0.006017 0.001191 0.408668 0.007352 1.759604
0.565077 0.004343 0.011543 0.005745 0.001164 0.404758 0.007370 1.760040
0.569950 0.004179 0.011029 0.005461 0.001134 0.400862 0.007385 1.760452
0.574652 0.004022 0.010546 0.005220 0.001107 0.397052 0.007402 1.760842
0.579331 0.003862 0.010054 0.004965 0.001077 0.393295 0.007416 1.761216
0.584012 0.003705 0.009602 0.004721 0.001042 0.389484 0.007434 1.761590
0.588609 0.003563 0.009160 0.004515 0.001008 0.385693 0.007451 1.761944
0.593160 0.003409 0.008750 0.004333 0.000982 0.381898 0.007468 1.762305
0.597634 0.003259 0.008346 0.004153 0.000956 0.378171 0.007482 1.762639
0.602177 0.003129 0.007967 0.003971 0.000932 0.374328 0.007496 1.762956
0.606593 0.003012 0.007633 0.003794 0.000904 0.370556 0.007508 1.763257
0.611026 0.002896 0.007312 0.003603 0.000875 0.366764 0.007526 1.763553
0.615472 0.002802 0.007021 0.003425 0.000847 0.362894 0.007539 1.763829
0.619735 0.002710 0.006695 0.003283 0.000821 0.359206 0.007550 1.764086
0.624005 0.002621 0.006374 0.003157 0.000795 0.355490 0.007559 1.764343
0.628232 0.002486 0.006129 0.003029 0.000775 0.351775 0.007574 1.764637
0.632525 0.002409 0.005854 0.002895 0.000751 0.347982 0.007585 1.764855
0.636692 0.002348 0.005588 0.002768 0.000728 0.344279 0.007596 1.765072
0.640739 0.002257 0.005366 0.002647 0.000712 0.340672 0.007607 1.765307
0.644779 0.002185 0.005130 0.002525 0.000694 0.337071 0.007615 1.765522
0.648757 0.002098 0.004935 0.002414 0.000675 0.333497 0.007624 1.765736
0.652755 0.002025 0.004702 0.002296 0.000651 0.329936 0.007634 1.765933
0.656781 0.001946 0.004533 0.002188 0.000633 0.326280 0.007640 1.766133
0.660722 0.001912 0.004341 0.002089 0.000615 0.322672 0.007648 1.766302
0.664674 0.001837 0.004196 0.001985 0.000599 0.319054 0.007655 1.766493
0.668481 0.001769 0.004032 0.001899 0.000580 0.315577 0.007662 1.766672
0.672284 0.001713 0.003865 0.001842 0.000560 0.312064 0.007672 1.766853
0.676042 0.001663 0.003727 0.001758 0.000543 0.308585 0.007682 1.767015
0.679780 0.001612 0.003599 0.001696 0.000531 0.305093 0.007690 1.767179
0.683534 0.001565 0.003439 0.001630 0.000518 0.301619 0.007697 1.767336
0.687123 0.001519 0.003270 0.001563 0.000508 0.298316 0.007701 1.767480
0.690699 0.001463 0.003147 0.001507 0.000489 0.294984 0.007710 1.767635
0.694223 0.001419 0.003023 0.001457 0.000475 0.291689 0.007715 1.767779
0.697847 0.001385 0.002896 0.001396 0.000464 0.288292 0.007720 1.767906
0.701308 0.001337 0.002788 0.001339 0.000451 0.285053 0.007725 1.768042
0.704731 0.001285 0.002676 0.001282 0.000437 0.281860 0.007730 1.768176
0.708120 0.001251 0.002565 0.001231 0.000427 0.278672 0.007735 1.768291
0.711500 0.001206 0.002462 0.001192 0.000419 0.275484 0.007739 1.768415
0.714818 0.001170 0.002370 0.001145 0.000409 0.272348 0.007742 1.768529
0.718061 0.001137 0.002299 0.001107 0.000391 0.269252 0.007753 1.768650
0.721362 0.001109 0.002214 0.001065 0.000383 0.266109 0.007758 1.768764
0.724599 0.001064 0.002131 0.001028 0.000373 0.263044 0.007763 1.768878
0.727821 0.001024 0.002047 0.000993 0.000364 0.259986 0.007767 1.768986
0.730928 0.001005 0.001972 0.000951 0.000350 0.257019 0.007775 1.769072
0.734050 0.000978 0.001906 0.000916 0.000338 0.254031 0.007782 1.769169
0.737181 0.000962 0.001824 0.000883 0.000328 0.251035 0.007788 1.769255
0.740173 0.000944 0.001736 0.000857 0.000315 0.248182 0.007793 1.769344
0.743171 0.000905 0.001683 0.000832 0.000305 0.245307 0.007797 1.769440
0.746174 0.000886 0.001613 0.000793 0.000301 0.242433 0.007801 1.769528
0.749129 0.000873 0.001556 0.000772 0.000289 0.239576 0.007806 1.769621
0.752027 0.000859 0.001507 0.000746 0.000279 0.236773 0.007810 1.769701
0.754933 0.000848 0.001453 0.000720 0.000273 0.233960 0.007815 1.769780
0.757739 0.000835 0.001401 0.000699 0.000260 0.231245 0.007821 1.769861
0.760487 0.000830 0.001363 0.000665 0.000250 0.228577 0.007828 1.769933
0.763253 0.000798 0.001318 0.000655 0.000243 0.225904 0.007830 1.770019
0.766039 0.000776 0.001280 0.000634 0.000232 0.223201 0.007837 1.770106
0.768745 0.000757 0.001245 0.000609 0.000226 0.220580 0.007839 1.770185
0.771484 0.000739 0.001204 0.000597 0.000218 0.217916 0.007842 1.770257
0.774078 0.000715 0.001167 0.000582 0.000214 0.215400 0.007844 1.770333
0.776779 0.000678 0.001133 0.000565 0.000205 0.212794 0.007846 1.770417
0.779386 0.000657 0.001103 0.000537 0.000201 0.210267 0.007850 1.770485
0.781916 0.000638 0.001074 0.000525 0.000194 0.207803 0.007852 1.770556
0.784429 0.000619 0.001042 0.000518 0.000189 0.205351 0.007853 1.770625
0.786910 0.000616 0.000995 0.000498 0.000182 0.202943 0.007856 1.770671
0.789308 0.000595 0.000976 0.000490 0.000173 0.200598 0.007860 1.770738
0.791717 0.000592 0.000936 0.000466 0.000168 0.198258 0.007862 1.770791
0.794152 0.000566 0.000913 0.000453 0.000160 0.195893 0.007864 1.770852
0.796542 0.000548 0.000893 0.000425 0.000159 0.193568 0.007865 1.770910
0.798960 0.000538 0.000855 0.000409 0.000153 0.191218 0.007868 1.770960
0.801274 0.000532 0.000828 0.000400 0.000146 0.188950 0.007871 1.771015
0.803649 0.000514 0.000806 0.000389 0.000143 0.186628 0.007872 1.771073
0.805933 0.000493 0.000780 0.000371 0.000138 0.184409 0.007876 1.771123
0.808230 0.000497 0.000751 0.000352 0.000133 0.182157 0.007880 1.771158
0.810376 0.000493 0.000721 0.000339 0.000128 0.180062 0.007881 1.771203
0.812615 0.000486 0.000706 0.000321 0.000124 0.177865 0.007883 1.771249
0.814785 0.000473 0.000691 0.000318 0.000122 0.175728 0.007884 1.771302
0.816998 0.000466 0.000677 0.000306 0.000120 0.173548 0.007886 1.771342
0.819054 0.000447 0.000653 0.000305 0.000117 0.171538 0.007886 1.771396
0.821130 0.000447 0.000641 0.000288 0.000112 0.169494 0.007888 1.771436
0.823180 0.000431 0.000629 0.000281 0.000108 0.167481 0.007890 1.771479
0.825222 0.000422 0.000621 0.000268 0.000102 0.165473 0.007893 1.771519
0.827238 0.000412 0.000597 0.000269 0.000100 0.163489 0.007896 1.771560
0.829238 0.000395 0.000582 0.000259 0.000094 0.161535 0.007897 1.771602
0.831189 0.000388 0.000572 0.000252 0.000092 0.159609 0.007899 1.771642
0.833168 0.000377 0.000553 0.000253 0.000090 0.157659 0.007901 1.771686
0.835070 0.000376 0.000532 0.000250 0.000087 0.155782 0.007903 1.771717
0.836969 0.000364 0.000532 0.000249 0.000086 0.153895 0.007905 1.771762
0.838798 0.000348 0.000527 0.000247 0.000082 0.152092 0.007907 1.771804
0.840634 0.000337 0.000512 0.000243 0.000078 0.150289 0.007908 1.771839
0.842419 0.000327 0.000502 0.000234 0.000076 0.148534 0.007909 1.771876
0.844148 0.000312 0.000489 0.000234 0.000073 0.146834 0.007910 1.771913
0.845950 0.000304 0.000485 0.000224 0.000069 0.145057 0.007911 1.771948
0.847701 0.000301 0.000479 0.000215 0.000066 0.143327 0.007913 1.771978
0.849401 0.000304 0.000469 0.000208 0.000063 0.141640 0.007915 1.772006
0.851102 0.000293 0.000456 0.000206 0.000061 0.139966 0.007917 1.772041
0.852748 0.000285 0.000447 0.000198 0.000060 0.138345 0.007918 1.772067
0.854418 0.000277 0.000438 0.000192 0.000058 0.136699 0.007919 1.772093
0.856015 0.000277 0.000425 0.000188 0.000057 0.135120 0.007919 1.772121
0.857609 0.000271 0.000418 0.000188 0.000056 0.133537 0.007920 1.772151
0.859225 0.000273 0.000411 0.000183 0.000054 0.131932 0.007922 1.772175
0.860829 0.000273 0.000392 0.000176 0.000051 0.130355 0.007923 1.772198
0.862362 0.000272 0.000381 0.000174 0.000052 0.128837 0.007924 1.772223
0.863836 0.000259 0.000366 0.000178 0.000050 0.127386 0.007925 1.772257
0.865302 0.000251 0.000357 0.000174 0.000048 0.125942 0.007926 1.772286
0.866761 0.000256 0.000346 0.000167 0.000048 0.124496 0.007927 1.772312
0.868203 0.000250 0.000344 0.000165 0.000046 0.123065 0.007927 1.772342
0.869607 0.000245 0.000343 0.000163 0.000044 0.121670 0.007928 1.772373
0.870976 0.000243 0.000333 0.000155 0.000044 0.120321 0.007928 1.772393
0.872332 0.000245 0.000320 0.000150 0.000043 0.118980 0.007930 1.772415
0.873657 0.000238 0.000316 0.000140 0.000044 0.117674 0.007930 1.772440
0.874965 0.000239 0.000309 0.000138 0.000043 0.116375 0.007930 1.772461
0.876256 0.000224 0.000306 0.000138 0.000043 0.115102 0.007930 1.772496
0.877484 0.000222 0.000290 0.000140 0.000043 0.113890 0.007931 1.772516
0.878733 0.000213 0.000286 0.000134 0.000042 0.112660 0.007931 1.772540
0.879947 0.000215 0.000274 0.000130 0.000040 0.111462 0.007932 1.772560
0.881129 0.000213 0.000269 0.000130 0.000038 0.110288 0.007932 1.772581
0.882305 0.000205 0.000266 0.000129 0.000039 0.109124 0.007933 1.772604
0.883432 0.000201 0.000267 0.000128 0.000038 0.108001 0.007934 1.772625
0.884517 0.000194 0.000264 0.000128 0.000037 0.106926 0.007934 1.772647
0.885520 0.000195 0.000256 0.000126 0.000037 0.105932 0.007934 1.772663
0.886546 0.000193 0.000248 0.000125 0.000036 0.104918 0.007934 1.772679
0.887601 0.000188 0.000242 0.000124 0.000034 0.103876 0.007935 1.772696
0.888626 0.000186 0.000229 0.000116 0.000034 0.102874 0.007935 1.772710
0.889640 0.000178 0.000230 0.000114 0.000033 0.101869 0.007936 1.772729
0.890622 0.000179 0.000228 0.000109 0.000032 0.100893 0.007936 1.772746
0.891568 0.000181 0.000224 0.000106 0.000033 0.099953 0.007936 1.772764
0.892499 0.000170 0.000222 0.000106 0.000031 0.099034 0.007937 1.772786
0.893449 0.000166 0.000219 0.000105 0.000030 0.098094 0.007937 1.772805
0.894341 0.000158 0.000221 0.000101 0.000030 0.097211 0.007937 1.772822
0.895235 0.000153 0.000213 0.000098 0.000028 0.096333 0.007939 1.772842
0.896111 0.000146 0.000215 0.000098 0.000026 0.095464 0.007940 1.772860
0.896956 0.000149 0.000215 0.000095 0.000024 0.094620 0.007940 1.772876
0.897813 0.000154 0.000209 0.000092 0.000024 0.093767 0.007941 1.772892
0.898613 0.000154 0.000203 0.000092 0.000022 0.092974 0.007941 1.772907
0.899419 0.000157 0.000200 0.000087 0.000022 0.092174 0.007941 1.772920
0.900180 0.000155 0.000198 0.000087 0.000023 0.091416 0.007941 1.772935
0.900899 0.000156 0.000195 0.000084 0.000023 0.090702 0.007942 1.772945
0.901611 0.000158 0.000190 0.000078 0.000022 0.089999 0.007942 1.772956
0.902356 0.000160 0.000188 0.000077 0.000021 0.089255 0.007942 1.772972
0.903046 0.000162 0.000182 0.000076 0.000020 0.088569 0.007943 1.772986
0.903699 0.000162 0.000179 0.000076 0.000020 0.087922 0.007943 1.773002
0.904367 0.000163 0.000180 0.000077 0.000020 0.087249 0.007943 1.773019
0.905033 0.000170 0.000178 0.000075 0.000019 0.086580 0.007943 1.773029
0.905642 0.000168 0.000183 0.000075 0.000017 0.085971 0.007944 1.773051
0.906257 0.000173 0.000177 0.000073 0.000016 0.085358 0.007945 1.773060
0.906862 0.000172 0.000175 0.000071 0.000016 0.084759 0.007945 1.773077
0.907471 0.000171 0.000176 0.000071 0.000016 0.084150 0.007945 1.773094
0.908029 0.000177 0.000170 0.000074 0.000015 0.083589 0.007945 1.773109
0.908618 0.000177 0.000167 0.000075 0.000016 0.083002 0.007945 1.773122
0.909172 0.000180 0.000166 0.000073 0.000016 0.082448 0.007945 1.773136
0.909713 0.000178 0.000164 0.000073 0.000016 0.081910 0.007945 1.773153
0.910243 0.000175 0.000157 0.000076 0.000016 0.081387 0.007945 1.773170
0.910789 0.000174 0.000156 0.000078 0.000015 0.080843 0.007945 1.773185
0.911294 0.000171 0.000156 0.000078 0.000014 0.080341 0.007945 1.773202
0.911809 0.000162 0.000156 0.000078 0.000014 0.079837 0.007945 1.773220
0.912314 0.000162 0.000154 0.000075 0.000014 0.079336 0.007945 1.773236
0.912804 0.000164 0.000154 0.000077 0.000013 0.078842 0.007945 1.773249
0.913274 0.000158 0.000153 0.000075 0.000012 0.078381 0.007945 1.773266
0.913714 0.000145 0.000155 0.000081 0.000012 0.077946 0.007945 1.773289
0.914185 0.000143 0.000154 0.000083 0.000012 0.077476 0.007946 1.773300
0.914623 0.000135 0.000154 0.000083 0.000012 0.077046 0.007946 1.773316
0.915055 0.000139 0.000154 0.000079 0.000012 0.076615 0.007946 1.773327
0.915449 0.000141 0.000150 0.000078 0.000012 0.076223 0.007946 1.773335
0.915839 0.000144 0.000149 0.000076 0.000012 0.075833 0.007946 1.773346
0.916229 0.000143 0.000148 0.000075 0.000012 0.075445 0.007947 1.773359
0.916611 0.000145 0.000145 0.000071 0.000012 0.075069 0.007947 1.773369
0.916984 0.000142 0.000155 0.000067 0.000011 0.074694 0.007947 1.773382
0.917327 0.000146 0.000154 0.000062 0.000011 0.074352 0.007947 1.773394
0.917697 0.000146 0.000150 0.000059 0.000010 0.073990 0.007947 1.773406
0.918021 0.000145 0.000151 0.000062 0.000010 0.073663 0.007947 1.773424
0.918346 0.000146 0.000154 0.000060 0.000010 0.073336 0.007947 1.773436
0.918682 0.000142 0.000159 0.000060 0.000010 0.072998 0.007947 1.773455
0.918988 0.000137 0.000158 0.000061 0.000009 0.072699 0.007947 1.773472
0.919288 0.000137 0.000155 0.000060 0.000008 0.072404 0.007947 1.773483
0.919611 0.000138 0.000154 0.000058 0.000009 0.072083 0.007947 1.773494
0.919890 0.000137 0.000151 0.000058 0.000009 0.071807 0.007947 1.773508
0.920173 0.000135 0.000148 0.000059 0.000009 0.071527 0.007947 1.773524
0.920445 0.000126 0.000147 0.000062 0.000009 0.071263 0.007947 1.773542
0.920716 0.000121 0.000147 0.000063 0.000008 0.070997 0.007947 1.773555
0.920988 0.000118 0.000143 0.000060 0.000008 0.070735 0.007947 1.773567
0.921236 0.000115 0.000142 0.000059 0.000007 0.070492 0.007947 1.773580
0.921490 0.000111 0.000134 0.000058 0.000007 0.070253 0.007947 1.773593
0.921723 0.000111 0.000136 0.000059 0.000007 0.070016 0.007947 1.773607
0.921961 0.000113 0.000134 0.000059 0.000007 0.069778 0.007947 1.773617
0.922189 0.000112 0.000132 0.000058 0.000007 0.069554 0.007947 1.773627
0.922409 0.000111 0.000133 0.000059 0.000006 0.069334 0.007947 1.773640
0.922634 0.000110 0.000128 0.000058 0.000006 0.069117 0.007947 1.773649
0.922855 0.000108 0.000126 0.000061 0.000007 0.068895 0.007947 1.773661
0.923061 0.000108 0.000125 0.000062 0.000007 0.068690 0.007947 1.773674
0.923275 0.000106 0.000124 0.000062 0.000007 0.068478 0.007947 1.773686
0.923473 0.000106 0.000126 0.000062 0.000007 0.068279 0.007947 1.773696
0.923693 0.000097 0.000129 0.000062 0.000007 0.068064 0.007947 1.773711
0.923900 0.000101 0.000129 0.000060 0.000006 0.067857 0.007947 1.773721
0.924120 0.000102 0.000127 0.000057 0.000006 0.067639 0.007947 1.773730
0.924328 0.000096 0.000129 0.000056 0.000007 0.067437 0.007947 1.773744
0.924504 0.000098 0.000127 0.000052 0.000007 0.067265 0.007947 1.773754
0.924687 0.000099 0.000125 0.000052 0.000007 0.067082 0.007947 1.773762
0.924863 0.000098 0.000123 0.000054 0.000008 0.066905 0.007947 1.773771
0.925033 0.000095 0.000119 0.000051 0.000007 0.066746 0.007948 1.773781
0.925210 0.000096 0.000120 0.000050 0.000007 0.066570 0.007948 1.773790
0.925389 0.000093 0.000118 0.000050 0.000007 0.066394 0.007948 1.773801
0.925575 0.000094 0.000119 0.000048 0.000007 0.066208 0.007948 1.773810
0.925732 0.000093 0.000121 0.000048 0.000006 0.066051 0.007949 1.773820
0.925890 0.000096 0.000122 0.000046 0.000007 0.065890 0.007949 1.773829
0.926053 0.000099 0.000121 0.000043 0.000007 0.065728 0.007949 1.773838
0.926193 0.000099 0.000117 0.000043 0.000007 0.065592 0.007949 1.773848
0.926335 0.000098 0.000118 0.000042 0.000007 0.065452 0.007949 1.773858
0.926476 0.000098 0.000118 0.000043 0.000007 0.065309 0.007949 1.773867
0.926610 0.000098 0.000116 0.000044 0.000006 0.065176 0.007949 1.773877
0.926768 0.000097 0.000108 0.000044 0.000006 0.065028 0.007949 1.773885
0.926921 0.000094 0.000107 0.000044 0.000006 0.064879 0.007949 1.773895
0.927057 0.000100 0.000103 0.000041 0.000006 0.064743 0.007949 1.773899
0.927191 0.000098 0.000104 0.000040 0.000006 0.064611 0.007949 1.773908
0.927319 0.000097 0.000100 0.000044 0.000007 0.064483 0.007949 1.773918
0.927460 0.000099 0.000104 0.000045 0.000006 0.064337 0.007949 1.773928
0.927605 0.000099 0.000104 0.000045 0.000007 0.064189 0.007949 1.773937
0.927727 0.000095 0.000106 0.000044 0.000006 0.064073 0.007949 1.773949
0.927852 0.000095 0.000102 0.000043 0.000006 0.063952 0.007949 1.773956
0.927978 0.000095 0.000098 0.000043 0.000007 0.063830 0.007949 1.773966
0.928100 0.000099 0.000093 0.000041 0.000007 0.063710 0.007949 1.773972
0.928222 0.000097 0.000094 0.000043 0.000007 0.063589 0.007949 1.773983
0.928336 0.000094 0.000095 0.000042 0.000007 0.063475 0.007949 1.773993
0.928457 0.000095 0.000097 0.000043 0.000007 0.063350 0.007949 1.774004
0.928572 0.000093 0.000099 0.000043 0.000007 0.063235 0.007949 1.774015
0.928686 0.000096 0.000097 0.000041 0.000008 0.063123 0.007949 1.774023
0.928798 0.000101 0.000089 0.000041 0.000007 0.063014 0.007949 1.774028
0.928905 0.000100 0.000090 0.000041 0.000007 0.062908 0.007949 1.774040
0.929013 0.000098 0.000092 0.000043 0.000007 0.062798 0.007949 1.774050
0.929113 0.000097 0.000095 0.000042 0.000007 0.062697 0.007949 1.774060
0.929220 0.000097 0.000096 0.000039 0.000006 0.062591 0.007950 1.774070
0.929320 0.000095 0.000093 0.000041 0.000006 0.062494 0.007950 1.774082
0.929423 0.000093 0.000096 0.000040 0.000006 0.062393 0.007950 1.774094
0.929511 0.000087 0.000099 0.000042 0.000006 0.062305 0.007950 1.774107
0.929604 0.000085 0.000101 0.000041 0.000006 0.062212 0.007950 1.774117
0.929687 0.000084 0.000100 0.000039 0.000006 0.062134 0.007950 1.774124
0.929775 0.000081 0.000098 0.000039 0.000005 0.062052 0.007950 1.774132
0.929879 0.000080 0.000097 0.000038 0.000005 0.061949 0.007950 1.774142
0.929961 0.000083 0.000095 0.000038 0.000005 0.061866 0.007950 1.774148
0.930040 0.000087 0.000090 0.000037 0.000006 0.061790 0.007950 1.774154
0.930125 0.000088 0.000091 0.000036 0.000005 0.061704 0.007950 1.774161
0.930205 0.000087 0.000093 0.000038 0.000005 0.061622 0.007950 1.774172
0.930282 0.000083 0.000092 0.000041 0.000005 0.061546 0.007950 1.774182
0.930359 0.000084 0.000088 0.000040 0.000005 0.061472 0.007950 1.774187
0.930428 0.000086 0.000088 0.000038 0.000005 0.061406 0.007951 1.774197
0.930499 0.000088 0.000083 0.000039 0.000005 0.061336 0.007951 1.774203
0.930560 0.000084 0.000081 0.000039 0.000005 0.061280 0.007951 1.774212
0.930612 0.000085 0.000079 0.000039 0.000005 0.061228 0.007951 1.774219
0.930665 0.000085 0.000081 0.000040 0.000004 0.061174 0.007951 1.774228
0.930721 0.000082 0.000079 0.000042 0.000004 0.061121 0.007951 1.774238
0.930779 0.000080 0.000082 0.000042 0.000004 0.061061 0.007951 1.774248
0.930828 0.000083 0.000080 0.000039 0.000004 0.061016 0.007951 1.774254
0.930873 0.000077 0.000078 0.000038 0.000004 0.060979 0.007951 1.774264
0.930929 0.000075 0.000079 0.000038 0.000004 0.060923 0.007951 1.774275
0.930981 0.000077 0.000079 0.000036 0.000004 0.060872 0.007951 1.774280
0.931036 0.000082 0.000073 0.000034 0.000004 0.060820 0.007951 1.774282
0.931087 0.000082 0.000075 0.000034 0.000004 0.060766 0.007951 1.774289
0.931139 0.000078 0.000075 0.000034 0.000004 0.060717 0.007951 1.774296
0.931194 0.000076 0.000077 0.000033 0.000004 0.060664 0.007951 1.774303
0.931249 0.000073 0.000075 0.000035 0.000004 0.060613 0.007951 1.774310
0.931293 0.000077 0.000070 0.000034 0.000004 0.060570 0.007951 1.774315
0.931344 0.000077 0.000068 0.000033 0.000004 0.060522 0.007951 1.774322
0.931388 0.000082 0.000066 0.000035 0.000004 0.060474 0.007951 1.774326
0.931414 0.000086 0.000063 0.000036 0.000003 0.060446 0.007952 1.774333
0.931463 0.000088 0.000063 0.000034 0.000004 0.060396 0.007952 1.774339
0.931505 0.000086 0.000066 0.000034 0.000003 0.060354 0.007952 1.774347
0.931534 0.000085 0.000065 0.000032 0.000004 0.060328 0.007952 1.774355
0.931571 0.000083 0.000067 0.000031 0.000004 0.060291 0.007952 1.774364
0.931615 0.000083 0.000068 0.000029 0.000004 0.060249 0.007952 1.774371
0.931655 0.000081 0.000066 0.000029 0.000004 0.060212 0.007952 1.774379
0.931696 0.000078 0.000067 0.000033 0.000004 0.060170 0.007952 1.774388
0.931735 0.000077 0.000067 0.000034 0.000004 0.060132 0.007952 1.774397
0.931772 0.000074 0.000070 0.000032 0.000005 0.060095 0.007952 1.774406
0.931799 0.000073 0.000070 0.000032 0.000005 0.060069 0.007952 1.774413
0.931834 0.000067 0.000073 0.000032 0.000006 0.060036 0.007952 1.774423
0.931866 0.000065 0.000071 0.000032 0.000006 0.060008 0.007952 1.774430
0.931900 0.000067 0.000069 0.000031 0.000006 0.059975 0.007952 1.774435
0.931934 0.000067 0.000070 0.000031 0.000006 0.059940 0.007952 1.774442
0.931967 0.000066 0.000067 0.000032 0.000006 0.059910 0.007952 1.774447
0.932003 0.000067 0.000066 0.000030 0.000006 0.059877 0.007952 1.774452
0.932041 0.000065 0.000066 0.000031 0.000006 0.059839 0.007952 1.774459
0.932066 0.000066 0.000063 0.000033 0.000006 0.059815 0.007952 1.774465
0.932098 0.000063 0.000066 0.000034 0.000005 0.059782 0.007952 1.774473
0.932119 0.000067 0.000065 0.000033 0.000005 0.059759 0.007952 1.774479
0.932140 0.000066 0.000064 0.000034 0.000005 0.059740 0.007952 1.774486
0.932164 0.000066 0.000064 0.000034 0.000005 0.059714 0.007952 1.774494
0.932193 0.000066 0.000063 0.000034 0.000005 0.059687 0.007952 1.774500
0.932219 0.000063 0.000060 0.000036 0.000005 0.059665 0.007952 1.774507
0.932238 0.000064 0.000060 0.000034 0.000006 0.059646 0.007952 1.774513
0.932266 0.000061 0.000063 0.000032 0.000006 0.059620 0.007952 1.774520
0.932285 0.000061 0.000063 0.000033 0.000005 0.059601 0.007952 1.774527
0.932301 0.000063 0.000063 0.000033 0.000005 0.059584 0.007952 1.774532
0.932317 0.000063 0.000065 0.000033 0.000005 0.059565 0.007952 1.774539
0.932337 0.000059 0.000067 0.000033 0.000005 0.059547 0.007952 1.774544
0.932358 0.000059 0.000064 0.000031 0.000005 0.059532 0.007952 1.774547
0.932375 0.000059 0.000064 0.000031 0.000004 0.059515 0.007952 1.774552
0.932393 0.000059 0.000062 0.000030 0.000003 0.059500 0.007952 1.774557
0.932414 0.000057 0.000062 0.000031 0.000003 0.059481 0.007952 1.774566
0.932427 0.000058 0.000063 0.000028 0.000004 0.059467 0.007952 1.774570
0.932443 0.000058 0.000063 0.000026 0.000004 0.059454 0.007952 1.774574
0.932453 0.000058 0.000064 0.000026 0.000004 0.059442 0.007952 1.774580
0.932464 0.000058 0.000068 0.000025 0.000004 0.059429 0.007952 1.774587
0.932481 0.000057 0.000063 0.000026 0.000004 0.059416 0.007952 1.774592
0.932498 0.000056 0.000064 0.000026 0.000004 0.059399 0.007952 1.774599
0.932512 0.000051 0.000069 0.000028 0.000003 0.059384 0.007953 1.774609
0.932532 0.000047 0.000073 0.000028 0.000003 0.059364 0.007953 1.774618
0.932546 0.000044 0.000074 0.000029 0.000003 0.059351 0.007953 1.774623
0.932556 0.000047 0.000071 0.000030 0.000003 0.059340 0.007953 1.774627
0.932570 0.000041 0.000070 0.000030 0.000003 0.059333 0.007953 1.774634
0.932587 0.000042 0.000068 0.000027 0.000003 0.059319 0.007953 1.774637
0.932601 0.000041 0.000066 0.000026 0.000003 0.059309 0.007953 1.774641
0.932617 0.000044 0.000061 0.000025 0.000003 0.059298 0.007953 1.774643
0.932623 0.000042 0.000058 0.000024 0.000003 0.059296 0.007953 1.774649
0.932633 0.000044 0.000058 0.000023 0.000003 0.059287 0.007953 1.774653
0.932642 0.000044 0.000059 0.000023 0.000003 0.059277 0.007953 1.774659
0.932651 0.000045 0.000056 0.000024 0.000003 0.059268 0.007953 1.774662
0.932666 0.000044 0.000053 0.000023 0.000003 0.059258 0.007953 1.774665
0.932677 0.000041 0.000051 0.000024 0.000003 0.059251 0.007953 1.774671
0.932683 0.000042 0.000051 0.000022 0.000003 0.059246 0.007953 1.774676
0.932691 0.000041 0.000051 0.000024 0.000003 0.059236 0.007953 1.774682
0.932702 0.000041 0.000055 0.000025 0.000003 0.059222 0.007953 1.774687
0.932712 0.000042 0.000053 0.000024 0.000003 0.059213 0.007953 1.774688
0.932721 0.000044 0.000050 0.000022 0.000003 0.059208 0.007953 1.774690
0.932729 0.000043 0.000049 0.000019 0.000003 0.059204 0.007953 1.774694
0.932741 0.000045 0.000047 0.000021 0.000003 0.059191 0.007953 1.774697
0.932755 0.000043 0.000047 0.000021 0.000003 0.059178 0.007953 1.774700
0.932767 0.000041 0.000047 0.000020 0.000003 0.059169 0.007953 1.774706
0.932774 0.000043 0.000046 0.000019 0.000003 0.059162 0.007953 1.774710
0.932787 0.000039 0.000045 0.000018 0.000003 0.059154 0.007953 1.774715
0.932789 0.000041 0.000041 0.000017 0.000004 0.059154 0.007953 1.774719
0.932799 0.000040 0.000042 0.000018 0.000004 0.059144 0.007953 1.774724
0.932807 0.000040 0.000043 0.000018 0.000004 0.059136 0.007953 1.774726
0.932811 0.000039 0.000041 0.000019 0.000003 0.059133 0.007953 1.774734
0.932819 0.000041 0.000042 0.000019 0.000003 0.059122 0.007953 1.774737
0.932824 0.000039 0.000040 0.000020 0.000003 0.059119 0.007953 1.774742
0.932835 0.000036 0.000040 0.000022 0.000003 0.059110 0.007953 1.774747
0.932842 0.000037 0.000038 0.000022 0.000003 0.059104 0.007953 1.774749
0.932851 0.000037 0.000039 0.000022 0.000003 0.059097 0.007953 1.774753
0.932855 0.000039 0.000037 0.000022 0.000003 0.059092 0.007953 1.774755
0.932862 0.000039 0.000037 0.000021 0.000003 0.059084 0.007953 1.774759
0.932866 0.000037 0.000041 0.000021 0.000003 0.059079 0.007953 1.774767
0.932870 0.000040 0.000041 0.000021 0.000003 0.059073 0.007953 1.774769
0.932876 0.000038 0.000041 0.000022 0.000003 0.059067 0.007953 1.774774
0.932875 0.000040 0.000037 0.000022 0.000003 0.059069 0.007953 1.774777
0.932884 0.000043 0.000033 0.000022 0.000004 0.059061 0.007953 1.774779
0.932889 0.000043 0.000032 0.000021 0.000004 0.059057 0.007953 1.774782
0.932892 0.000045 0.000032 0.000022 0.000004 0.059051 0.007953 1.774786
0.932902 0.000043 0.000033 0.000023 0.000004 0.059043 0.007953 1.774791
0.932909 0.000042 0.000032 0.000022 0.000004 0.059038 0.007953 1.774795
0.932913 0.000044 0.000033 0.000024 0.000003 0.059031 0.007953 1.774800
0.932915 0.000044 0.000034 0.000023 0.000003 0.059029 0.007953 1.774805
0.932917 0.000048 0.000034 0.000021 0.000004 0.059023 0.007953 1.774809
0.932923 0.000047 0.000034 0.000022 0.000004 0.059018 0.007953 1.774814
0.932927 0.000049 0.000031 0.000019 0.000004 0.059017 0.007953 1.774816
0.932934 0.000052 0.000031 0.000019 0.000004 0.059008 0.007953 1.774818
0.932937 0.000050 0.000034 0.000018 0.000004 0.059003 0.007953 1.774826
0.932943 0.000046 0.000035 0.000018 0.000004 0.059001 0.007953 1.774833
0.932946 0.000045 0.000033 0.000022 0.000003 0.058999 0.007954 1.774838
0.932954 0.000044 0.000032 0.000022 0.000003 0.058992 0.007954 1.774842
0.932960 0.000039 0.000034 0.000024 0.000003 0.058987 0.007954 1.774849
0.932964 0.000039 0.000035 0.000024 0.000003 0.058981 0.007954 1.774853
0.932968 0.000039 0.000035 0.000022 0.000003 0.058980 0.007954 1.774855
0.932969 0.000040 0.000036 0.000022 0.000003 0.058976 0.007954 1.774859
0.932973 0.000039 0.000034 0.000023 0.000003 0.058974 0.007954 1.774863
0.932975 0.000039 0.000036 0.000021 0.000003 0.058972 0.007954 1.774867
0.932978 0.000039 0.000037 0.000022 0.000003 0.058967 0.007954 1.774872
0.932982 0.000041 0.000034 0.000022 0.000003 0.058965 0.007954 1.774874
0.932984 0.000039 0.000034 0.000020 0.000003 0.058965 0.007954 1.774877
0.932990 0.000038 0.000034 0.000019 0.000003 0.058961 0.007954 1.774880
0.932994 0.000037 0.000033 0.000019 0.000003 0.058960 0.007954 1.774884
0.933003 0.000038 0.000030 0.000018 0.000003 0.058955 0.007954 1.774886
0.933003 0.000042 0.000029 0.000018 0.000003 0.058951 0.007954 1.774888
0.933006 0.000045 0.000027 0.000019 0.000003 0.058947 0.007954 1.774892
0.933007 0.000046 0.000028 0.000019 0.000003 0.058944 0.007954 1.774895
0.933008 0.000044 0.000028 0.000019 0.000003 0.058944 0.007954 1.774900
0.933010 0.000046 0.000025 0.000019 0.000002 0.058942 0.007954 1.774903
0.933009 0.000043 0.000027 0.000022 0.000002 0.058944 0.007954 1.774910
0.933013 0.000041 0.000028 0.000021 0.000002 0.058939 0.007954 1.774915
0.933016 0.000039 0.000031 0.000019 0.000002 0.058938 0.007954 1.774920
0.933016 0.000046 0.000031 0.000017 0.000003 0.058933 0.007954 1.774921
0.933013 0.000052 0.000030 0.000017 0.000002 0.058931 0.007954 1.774922
0.933011 0.000054 0.000031 0.000019 0.000002 0.058928 0.007954 1.774927
0.933013 0.000051 0.000032 0.000019 0.000002 0.058928 0.007954 1.774935
0.933012 0.000051 0.000030 0.000021 0.000002 0.058930 0.007954 1.774941
0.933011 0.000049 0.000032 0.000022 0.000002 0.058929 0.007954 1.774947
0.933018 0.000048 0.000031 0.000022 0.000002 0.058925 0.007954 1.774949
0.933022 0.000050 0.000030 0.000022 0.000002 0.058921 0.007954 1.774952
0.933027 0.000046 0.000031 0.000023 0.000002 0.058916 0.007954 1.774957
0.933029 0.000048 0.000030 0.000023 0.000002 0.058914 0.007954 1.774960
0.933032 0.000045 0.000032 0.000024 0.000002 0.058911 0.007955 1.774966
0.933036 0.000045 0.000031 0.000022 0.000002 0.058909 0.007955 1.774968
0.933039 0.000042 0.000032 0.000022 0.000002 0.058908 0.007955 1.774973
0.933042 0.000043 0.000033 0.000022 0.000002 0.058904 0.007955 1.774978
0.933044 0.000043 0.000033 0.000023 0.000002 0.058901 0.007955 1.774983
0.933047 0.000041 0.000034 0.000024 0.000002 0.058898 0.007955 1.774986
0.933045 0.000043 0.000032 0.000024 0.000002 0.058899 0.007955 1.774990
0.933044 0.000044 0.000031 0.000024 0.000001 0.058899 0.007955 1.774993
0.933044 0.000044 0.000032 0.000022 0.000001 0.058902 0.007955 1.774997
0.933044 0.000044 0.000033 0.000020 0.000001 0.058903 0.007955 1.775001
0.933041 0.000047 0.000032 0.000022 0.000001 0.058902 0.007955 1.775006
0.933043 0.000044 0.000032 0.000024 0.000001 0.058901 0.007955 1.775013
0.933044 0.000043 0.000034 0.000023 0.000001 0.058900 0.007955 1.775017
0.933048 0.000043 0.000032 0.000023 0.000001 0.058898 0.007955 1.775021
0.933053 0.000042 0.000031 0.000024 0.000001 0.058893 0.007955 1.775025
0.933055 0.000044 0.000029 0.000022 0.000001 0.058894 0.007955 1.775029
0.933055 0.000044 0.000032 0.000021 0.000001 0.058892 0.007955 1.775034
0.933056 0.000040 0.000034 0.000020 0.000001 0.058892 0.007955 1.775040
0.933058 0.000039 0.000036 0.000019 0.000001 0.058891 0.007955 1.775044
0.933060 0.000039 0.000035 0.000019 0.000001 0.058891 0.007955 1.775047
0.933059 0.000039 0.000035 0.000019 0.000000 0.058891 0.007955 1.775051
0.933060 0.000038 0.000037 0.000019 0.000000 0.058889 0.007955 1.775056
0.933063 0.000036 0.000038 0.000018 0.000000 0.058888 0.007955 1.775060
0.933064 0.000039 0.000039 0.000017 0.000001 0.058884 0.007955 1.775063
0.933065 0.000037 0.000038 0.000017 0.000001 0.058886 0.007955 1.775069
0.933063 0.000041 0.000037 0.000016 0.000000 0.058888 0.007955 1.775071
0.933063 0.000039 0.000037 0.000017 0.000000 0.058888 0.007955 1.775078
0.933063 0.000038 0.000037 0.000017 0.000000 0.058887 0.007955 1.775081
0.933064 0.000039 0.000037 0.000018 0.000000 0.058887 0.007955 1.775084
0.933061 0.000040 0.000036 0.000020 0.000000 0.058887 0.007955 1.775088
0.933057 0.000041 0.000037 0.000022 0.000000 0.058887 0.007955 1.775092
0.933055 0.000043 0.000038 0.000021 0.000000 0.058887 0.007955 1.775096
0.933055 0.000042 0.000037 0.000019 0.000000 0.058890 0.007955 1.775100
0.933055 0.000044 0.000037 0.000019 0.000000 0.058888 0.007955 1.775102
0.933053 0.000047 0.000036 0.000019 0.000000 0.058888 0.007955 1.775106
0.933056 0.000048 0.000037 0.000021 0.000000 0.058881 0.007955 1.775110
0.933059 0.000049 0.000036 0.000021 0.000000 0.058879 0.007955 1.775113
0.933060 0.000045 0.000039 0.000022 0.000000 0.058879 0.007955 1.775119
0.933060 0.000045 0.000037 0.000022 0.000000 0.058880 0.007955 1.775124
0.933062 0.000046 0.000038 0.000021 0.000000 0.058877 0.007955 1.775127
0.933058 0.000045 0.000037 0.000024 0.000001 0.058880 0.007955 1.775133
0.933058 0.000043 0.000039 0.000024 0.000001 0.058879 0.007955 1.775139
0.933057 0.000043 0.000041 0.000023 0.000001 0.058879 0.007955 1.775144
0.933056 0.000045 0.000040 0.000022 0.000001 0.058879 0.007955 1.775147
0.933055 0.000044 0.000039 0.000020 0.000002 0.058885 0.007955 1.775151
0.933053 0.000044 0.000040 0.000019 0.000001 0.058887 0.007955 1.775158
0.933053 0.000042 0.000043 0.000018 0.000001 0.058887 0.007955 1.775165
0.933055 0.000044 0.000043 0.000016 0.000001 0.058886 0.007955 1.775168
0.933055 0.000046 0.000043 0.000015 0.000001 0.058884 0.007955 1.775171
0.933053 0.000045 0.000046 0.000014 0.000001 0.058885 0.007955 1.775177
0.933053 0.000045 0.000044 0.000016 0.000001 0.058887 0.007955 1.775180
0.933054 0.000045 0.000042 0.000016 0.000001 0.058886 0.007955 1.775183
0.933053 0.000047 0.000044 0.000017 0.000001 0.058884 0.007955 1.775187
0.933052 0.000046 0.000044 0.000017 0.000001 0.058884 0.007955 1.775193
0.933051 0.000047 0.000045 0.000015 0.000001 0.058886 0.007955 1.775197
0.933051 0.000046 0.000044 0.000015 0.000002 0.058888 0.007955 1.775201
0.933054 0.000045 0.000043 0.000016 0.000002 0.058885 0.007955 1.775204
0.933052 0.000047 0.000041 0.000017 0.000002 0.058885 0.007955 1.775208
0.933049 0.000049 0.000039 0.000018 0.000002 0.058888 0.007955 1.775212
0.933049 0.000049 0.000037 0.000017 0.000003 0.058889 0.007955 1.775218
0.933047 0.000047 0.000038 0.000019 0.000003 0.058891 0.007955 1.775223
0.933043 0.000050 0.000038 0.000019 0.000003 0.058891 0.007955 1.775228
0.933044 0.000049 0.000041 0.000018 0.000003 0.058890 0.007955 1.775233
0.933044 0.000048 0.000042 0.000018 0.000003 0.058889 0.007955 1.775237
0.933045 0.000047 0.000041 0.000018 0.000003 0.058891 0.007955 1.775242
0.933045 0.000044 0.000044 0.000016 0.000003 0.058892 0.007955 1.775248
0.933045 0.000045 0.000042 0.000018 0.000003 0.058892 0.007955 1.775252
0.933044 0.000041 0.000041 0.000019 0.000004 0.058895 0.007955 1.775258
0.933050 0.000035 0.000043 0.000020 0.000004 0.058893 0.007955 1.775265
0.933052 0.000035 0.000043 0.000018 0.000003 0.058894 0.007955 1.775269
0.933054 0.000033 0.000042 0.000019 0.000003 0.058894 0.007955 1.775273
0.933055 0.000032 0.000039 0.000018 0.000003 0.058897 0.007955 1.775277
0.933057 0.000033 0.000037 0.000019 0.000003 0.058896 0.007955 1.775279
0.933055 0.000033 0.000036 0.000018 0.000004 0.058898 0.007955 1.775282
0.933059 0.000032 0.000033 0.000019 0.000004 0.058898 0.007955 1.775285
0.933061 0.000032 0.000032 0.000019 0.000003 0.058897 0.007955 1.775287
0.933063 0.000031 0.000033 0.000019 0.000003 0.058895 0.007955 1.775292
0.933065 0.000031 0.000032 0.000019 0.000003 0.058894 0.007955 1.775294
0.933064 0.000032 0.000032 0.000019 0.000003 0.058894 0.007955 1.775298
0.933062 0.000031 0.000033 0.000019 0.000003 0.058896 0.007955 1.775302
0.933066 0.000031 0.000033 0.000018 0.000003 0.058894 0.007955 1.775305
0.933065 0.000034 0.000032 0.000018 0.000003 0.058892 0.007955 1.775308
0.933065 0.000034 0.000031 0.000017 0.000003 0.058895 0.007955 1.775310
0.933063 0.000036 0.000030 0.000016 0.000003 0.058896 0.007955 1.775312
0.933064 0.000038 0.000028 0.000015 0.000003 0.058896 0.007955 1.775314
0.933066 0.000038 0.000031 0.000015 0.000003 0.058893 0.007955 1.775318
0.933071 0.000036 0.000031 0.000016 0.000002 0.058890 0.007955 1.775322
0.933071 0.000035 0.000032 0.000016 0.000002 0.058889 0.007955 1.775327
0.933070 0.000036 0.000030 0.000013 0.000002 0.058893 0.007955 1.775329
0.933071 0.000038 0.000029 0.000014 0.000002 0.058892 0.007955 1.775333
0.933072 0.000037 0.000031 0.000014 0.000002 0.058889 0.007955 1.775337
0.933071 0.000039 0.000029 0.000016 0.000002 0.058889 0.007955 1.775339
0.933074 0.000039 0.000027 0.000016 0.000002 0.058887 0.007955 1.775342
0.933071 0.000039 0.000029 0.000016 0.000002 0.058887 0.007955 1.775347
0.933072 0.000040 0.000029 0.000016 0.000003 0.058886 0.007955 1.775350
0.933076 0.000039 0.000029 0.000015 0.000003 0.058883 0.007955 1.775352
0.933078 0.000034 0.000029 0.000017 0.000003 0.058884 0.007955 1.775359
0.933079 0.000036 0.000028 0.000015 0.000003 0.058884 0.007955 1.775361
0.933081 0.000037 0.000027 0.000016 0.000003 0.058880 0.007955 1.775363
0.933080 0.000039 0.000027 0.000017 0.000003 0.058879 0.007955 1.775365
0.933079 0.000038 0.000027 0.000018 0.000003 0.058880 0.007955 1.775369
0.933080 0.000037 0.000029 0.000018 0.000002 0.058878 0.007955 1.775373
0.933080 0.000036 0.000031 0.000016 0.000002 0.058879 0.007955 1.775377
0.933082 0.000034 0.000032 0.000016 0.000002 0.058879 0.007955 1.775381
0.933080 0.000033 0.000032 0.000016 0.000002 0.058881 0.007955 1.775384
0.933080 0.000033 0.000033 0.000017 0.000002 0.058880 0.007955 1.775389
0.933079 0.000034 0.000032 0.000017 0.000002 0.058882 0.007955 1.775391
0.933080 0.000034 0.000031 0.000015 0.000002 0.058882 0.007955 1.775393
0.933078 0.000036 0.000034 0.000015 0.000001 0.058881 0.007956 1.775397
0.933081 0.000034 0.000034 0.000017 0.000001 0.058877 0.007956 1.775400
0.933083 0.000030 0.000034 0.000018 0.000001 0.058877 0.007956 1.775406
0.933085 0.000030 0.000033 0.000018 0.000001 0.058878 0.007956 1.775409
0.933085 0.000031 0.000030 0.000018 0.000001 0.058879 0.007956 1.775411
0.933089 0.000029 0.000031 0.000018 0.000001 0.058876 0.007956 1.775414
0.933090 0.000027 0.000031 0.000019 0.000001 0.058874 0.007956 1.775418
0.933092 0.000027 0.000027 0.000019 0.000001 0.058878 0.007956 1.775420
0.933094 0.000027 0.000026 0.000017 0.000001 0.058879 0.007956 1.775422
0.933092 0.000029 0.000027 0.000016 0.000001 0.058879 0.007956 1.775425
0.933093 0.000027 0.000027 0.000016 0.000002 0.058880 0.007956 1.775428
0.933096 0.000027 0.000026 0.000015 0.000002 0.058880 0.007956 1.775429
0.933099 0.000029 0.000024 0.000015 0.000002 0.058876 0.007956 1.775430
0.933102 0.000027 0.000022 0.000015 0.000002 0.058876 0.007956 1.775433
