0.350422 0.063059 0.056055 0.032271 0.002068 0.490166 0.005960 1.596810
0.352710 0.060639 0.056090 0.032153 0.002071 0.490349 0.005988 1.602979
0.355745 0.057974 0.055837 0.031889 0.002058 0.490479 0.006019 1.608716
0.359352 0.054964 0.055460 0.031608 0.002063 0.490504 0.006049 1.614268
0.363261 0.052039 0.054876 0.031178 0.002050 0.490518 0.006078 1.619431
0.367473 0.048984 0.054136 0.030620 0.002066 0.490617 0.006105 1.624368
0.371844 0.046142 0.053333 0.029961 0.002075 0.490519 0.006126 1.629004
0.376402 0.043385 0.052457 0.029256 0.002083 0.490264 0.006152 1.633363
0.381051 0.040707 0.051496 0.028608 0.002073 0.489886 0.006179 1.637548
0.385734 0.038331 0.050533 0.027811 0.002067 0.489319 0.006205 1.641415
0.390372 0.036156 0.049355 0.026967 0.002056 0.488858 0.006237 1.644960
0.395124 0.033952 0.048233 0.026197 0.002048 0.488184 0.006263 1.648429
0.400094 0.031879 0.047065 0.025443 0.002040 0.487192 0.006288 1.651711
0.405137 0.030067 0.045781 0.024677 0.002027 0.486001 0.006312 1.654683
0.410143 0.028265 0.044494 0.023884 0.002018 0.484860 0.006338 1.657561
0.415150 0.026607 0.043164 0.023139 0.002015 0.483562 0.006364 1.660274
0.420140 0.025040 0.041754 0.022420 0.001999 0.482258 0.006388 1.662822
0.425244 0.023615 0.040377 0.021630 0.001977 0.480747 0.006411 1.665162
0.430299 0.022277 0.039037 0.020863 0.001959 0.479132 0.006432 1.667421
0.435401 0.021091 0.037626 0.020079 0.001932 0.477415 0.006456 1.669512
0.440458 0.019957 0.036285 0.019320 0.001901 0.475594 0.006485 1.671499
0.445458 0.018881 0.034960 0.018597 0.001878 0.473715 0.006511 1.673406
0.450576 0.017914 0.033705 0.017890 0.001854 0.471531 0.006531 1.675191
0.455728 0.017014 0.032406 0.017258 0.001816 0.469222 0.006555 1.676852
0.460925 0.016112 0.031235 0.016546 0.001793 0.466809 0.006580 1.678476
0.466027 0.015326 0.030030 0.015894 0.001774 0.464350 0.006599 1.679986
0.471115 0.014529 0.028867 0.015291 0.001749 0.461824 0.006624 1.681466
0.476283 0.013803 0.027743 0.014719 0.001714 0.459092 0.006646 1.682871
0.481321 0.013141 0.026680 0.014108 0.001676 0.456407 0.006665 1.684188
0.486385 0.012525 0.025650 0.013542 0.001653 0.453558 0.006687 1.685439
0.491417 0.011914 0.024643 0.012970 0.001624 0.450725 0.006707 1.686652
0.496464 0.011396 0.023722 0.012441 0.001605 0.447650 0.006723 1.687778
0.501461 0.010863 0.022802 0.011952 0.001584 0.444599 0.006739 1.688896
0.506430 0.010377 0.021882 0.011461 0.001554 0.441535 0.006761 1.689953
0.511401 0.009929 0.020945 0.011031 0.001520 0.438386 0.006787 1.690944
0.516290 0.009487 0.020122 0.010597 0.001496 0.435203 0.006805 1.691928
0.521253 0.009133 0.019351 0.010188 0.001477 0.431770 0.006828 1.692819
0.526173 0.008768 0.018617 0.009737 0.001444 0.428413 0.006846 1.693709
0.531126 0.008419 0.017887 0.009339 0.001417 0.424949 0.006865 1.694552
0.535906 0.008094 0.017164 0.008965 0.001394 0.421595 0.006882 1.695358
0.540664 0.007796 0.016481 0.008592 0.001374 0.418190 0.006902 1.696141
0.545322 0.007517 0.015828 0.008238 0.001348 0.414832 0.006917 1.696890
0.550012 0.007218 0.015244 0.007910 0.001322 0.411357 0.006937 1.697609
0.554638 0.006971 0.014667 0.007581 0.001286 0.407902 0.006955 1.698311
0.559358 0.006745 0.014085 0.007290 0.001260 0.404291 0.006971 1.698987
0.563912 0.006545 0.013563 0.007000 0.001236 0.400756 0.006988 1.699645
0.568379 0.006397 0.013022 0.006718 0.001194 0.397282 0.007007 1.700232
0.572974 0.006133 0.012546 0.006481 0.001170 0.393675 0.007022 1.700879
0.577567 0.005958 0.012088 0.006227 0.001148 0.389973 0.007039 1.701478
0.582072 0.005773 0.011602 0.005964 0.001121 0.386415 0.007053 1.702012
0.586562 0.005584 0.011196 0.005752 0.001092 0.382747 0.007067 1.702589
0.591021 0.005420 0.010777 0.005539 0.001064 0.379098 0.007082 1.703115
0.595341 0.005259 0.010324 0.005314 0.001036 0.375632 0.007095 1.703631
0.599596 0.005098 0.009951 0.005107 0.001012 0.372127 0.007109 1.704146
0.603825 0.004962 0.009567 0.004889 0.000990 0.368644 0.007122 1.704628
0.608087 0.004795 0.009226 0.004707 0.000967 0.365087 0.007131 1.705113
0.612409 0.004645 0.008875 0.004543 0.000944 0.361440 0.007145 1.705579
0.616608 0.004491 0.008574 0.004382 0.000917 0.357870 0.007158 1.706021
0.620799 0.004348 0.008250 0.004241 0.000892 0.354297 0.007172 1.706472
0.624862 0.004225 0.007957 0.004112 0.000866 0.350795 0.007184 1.706921
0.628995 0.004103 0.007637 0.003959 0.000846 0.347267 0.007192 1.707326
0.633010 0.003982 0.007392 0.003792 0.000823 0.343797 0.007204 1.707733
0.636985 0.003867 0.007122 0.003657 0.000806 0.340350 0.007213 1.708129
0.640912 0.003770 0.006864 0.003532 0.000781 0.336915 0.007226 1.708515
0.644795 0.003668 0.006633 0.003431 0.000758 0.333481 0.007235 1.708895
0.648579 0.003610 0.006377 0.003326 0.000736 0.330125 0.007248 1.709243
0.652389 0.003527 0.006149 0.003235 0.000713 0.326728 0.007259 1.709596
0.656158 0.003441 0.005969 0.003130 0.000695 0.323340 0.007267 1.709936
0.659935 0.003339 0.005799 0.003002 0.000673 0.319977 0.007273 1.710276
0.663632 0.003270 0.005578 0.002913 0.000653 0.316672 0.007282 1.710598
0.667424 0.003195 0.005390 0.002825 0.000638 0.313237 0.007291 1.710915
0.671129 0.003142 0.005214 0.002741 0.000622 0.309852 0.007300 1.711234
0.674799 0.003062 0.005036 0.002642 0.000602 0.306553 0.007306 1.711535
0.678413 0.002979 0.004900 0.002554 0.000595 0.303248 0.007312 1.711841
0.681941 0.002919 0.004725 0.002488 0.000577 0.300033 0.007319 1.712142
0.685412 0.002876 0.004599 0.002407 0.000560 0.296820 0.007327 1.712407
0.688907 0.002831 0.004429 0.002329 0.000545 0.293626 0.007333 1.712680
0.692368 0.002764 0.004282 0.002272 0.000527 0.290445 0.007342 1.712955
0.695671 0.002718 0.004158 0.002209 0.000514 0.287382 0.007348 1.713224
0.699113 0.002649 0.004035 0.002148 0.000502 0.284197 0.007357 1.713490
0.702456 0.002588 0.003910 0.002084 0.000493 0.281108 0.007361 1.713749
0.705732 0.002537 0.003784 0.002021 0.000479 0.278082 0.007366 1.713997
0.709035 0.002509 0.003683 0.001969 0.000469 0.274964 0.007372 1.714230
0.712217 0.002474 0.003603 0.001928 0.000459 0.271939 0.007382 1.714472
0.715367 0.002426 0.003509 0.001867 0.000449 0.268995 0.007387 1.714706
0.718492 0.002398 0.003422 0.001805 0.000437 0.266056 0.007392 1.714926
0.721659 0.002344 0.003344 0.001760 0.000423 0.263072 0.007398 1.715161
0.724733 0.002281 0.003255 0.001705 0.000413 0.260211 0.007402 1.715397
0.727803 0.002238 0.003173 0.001660 0.000396 0.257323 0.007409 1.715621
0.730878 0.002192 0.003093 0.001636 0.000387 0.254400 0.007416 1.715850
0.733855 0.002150 0.003040 0.001594 0.000376 0.251565 0.007421 1.716068
0.736838 0.002106 0.002977 0.001557 0.000368 0.248732 0.007423 1.716279
0.739732 0.002063 0.002911 0.001527 0.000355 0.245981 0.007431 1.716493
0.742590 0.002041 0.002842 0.001470 0.000347 0.243276 0.007435 1.716684
0.745461 0.002014 0.002777 0.001435 0.000338 0.240535 0.007440 1.716886
0.748282 0.001963 0.002703 0.001415 0.000327 0.237866 0.007445 1.717091
0.751053 0.001922 0.002636 0.001387 0.000323 0.235232 0.007447 1.717288
0.753781 0.001873 0.002592 0.001367 0.000313 0.232623 0.007453 1.717492
0.756527 0.001839 0.002550 0.001329 0.000301 0.229997 0.007458 1.717680
0.759230 0.001821 0.002488 0.001273 0.000297 0.227429 0.007463 1.717848
0.761876 0.001763 0.002438 0.001249 0.000293 0.224916 0.007466 1.718047
0.764524 0.001735 0.002354 0.001223 0.000284 0.222410 0.007471 1.718213
0.767120 0.001724 0.002306 0.001196 0.000277 0.219903 0.007475 1.718378
0.769746 0.001688 0.002258 0.001159 0.000274 0.217397 0.007478 1.718539
0.772270 0.001692 0.002191 0.001141 0.000262 0.214963 0.007483 1.718683
0.774802 0.001646 0.002177 0.001114 0.000255 0.212519 0.007487 1.718861
0.777318 0.001631 0.002124 0.001090 0.000249 0.210098 0.007491 1.719011
0.779803 0.001596 0.002069 0.001060 0.000245 0.207736 0.007492 1.719172
0.782232 0.001581 0.002044 0.001044 0.000235 0.205371 0.007494 1.719332
0.784711 0.001573 0.001992 0.001020 0.000229 0.202976 0.007499 1.719482
0.787095 0.001556 0.001948 0.000997 0.000222 0.200681 0.007502 1.719622
0.789500 0.001522 0.001908 0.000985 0.000215 0.198366 0.007505 1.719778
0.791891 0.001486 0.001871 0.000970 0.000208 0.196067 0.007509 1.719933
0.794184 0.001444 0.001841 0.000951 0.000200 0.193869 0.007512 1.720091
0.796479 0.001431 0.001801 0.000940 0.000193 0.191640 0.007517 1.720225
0.798785 0.001407 0.001767 0.000926 0.000186 0.189408 0.007522 1.720364
0.801044 0.001387 0.001747 0.000908 0.000182 0.187209 0.007524 1.720508
0.803270 0.001357 0.001728 0.000893 0.000178 0.185048 0.007526 1.720649
0.805507 0.001343 0.001701 0.000866 0.000174 0.182880 0.007529 1.720780
0.807653 0.001341 0.001667 0.000846 0.000168 0.180794 0.007531 1.720906
0.809833 0.001307 0.001633 0.000842 0.000163 0.178689 0.007533 1.721053
0.811965 0.001294 0.001583 0.000827 0.000154 0.176642 0.007536 1.721175
0.814104 0.001264 0.001562 0.000816 0.000151 0.174566 0.007538 1.721314
0.816110 0.001263 0.001526 0.000791 0.000144 0.172624 0.007542 1.721424
0.818134 0.001231 0.001501 0.000781 0.000139 0.170670 0.007545 1.721556
0.820188 0.001219 0.001477 0.000766 0.000134 0.168669 0.007548 1.721676
0.822134 0.001201 0.001450 0.000753 0.000130 0.166783 0.007549 1.721793
0.824075 0.001197 0.001425 0.000746 0.000128 0.164877 0.007552 1.721911
0.826033 0.001163 0.001425 0.000735 0.000126 0.162964 0.007555 1.722042
0.828011 0.001157 0.001394 0.000708 0.000123 0.161052 0.007555 1.722153
0.829927 0.001135 0.001374 0.000701 0.000120 0.159189 0.007556 1.722271
0.831759 0.001147 0.001338 0.000685 0.000114 0.157401 0.007557 1.722362
0.833576 0.001130 0.001320 0.000669 0.000113 0.155636 0.007558 1.722475
0.835429 0.001118 0.001308 0.000665 0.000114 0.153808 0.007559 1.722586
0.837284 0.001110 0.001285 0.000651 0.000112 0.151999 0.007560 1.722695
0.839070 0.001109 0.001267 0.000640 0.000111 0.150243 0.007561 1.722804
0.840834 0.001092 0.001252 0.000643 0.000109 0.148508 0.007563 1.722917
0.842645 0.001072 0.001223 0.000642 0.000106 0.146748 0.007565 1.723025
0.844398 0.001064 0.001210 0.000639 0.000106 0.145017 0.007566 1.723126
0.846117 0.001054 0.001191 0.000628 0.000105 0.143337 0.007568 1.723224
0.847813 0.001033 0.001184 0.000613 0.000102 0.141687 0.007569 1.723334
0.849467 0.001013 0.001174 0.000610 0.000097 0.140069 0.007570 1.723443
0.851094 0.001005 0.001156 0.000603 0.000094 0.138476 0.007572 1.723543
0.852700 0.000983 0.001139 0.000595 0.000094 0.136917 0.007573 1.723651
0.854330 0.000972 0.001128 0.000589 0.000089 0.135318 0.007574 1.723750
0.855914 0.000947 0.001110 0.000580 0.000085 0.133789 0.007576 1.723846
0.857500 0.000943 0.001092 0.000576 0.000082 0.132229 0.007578 1.723938
0.859030 0.000943 0.001071 0.000568 0.000079 0.130731 0.007578 1.724021
0.860566 0.000929 0.001064 0.000559 0.000078 0.129224 0.007580 1.724114
0.862133 0.000898 0.001060 0.000556 0.000074 0.127698 0.007582 1.724218
0.863634 0.000885 0.001046 0.000548 0.000073 0.126232 0.007583 1.724307
0.865147 0.000870 0.001022 0.000544 0.000073 0.124761 0.007584 1.724397
0.866591 0.000862 0.001005 0.000530 0.000072 0.123356 0.007585 1.724488
0.868041 0.000860 0.000996 0.000514 0.000071 0.121932 0.007585 1.724573
0.869481 0.000864 0.000978 0.000504 0.000069 0.120519 0.007586 1.724649
0.870874 0.000843 0.000961 0.000496 0.000065 0.119173 0.007587 1.724736
0.872260 0.000818 0.000956 0.000489 0.000063 0.117826 0.007588 1.724828
0.873642 0.000796 0.000945 0.000489 0.000061 0.116479 0.007589 1.724915
0.875023 0.000798 0.000928 0.000484 0.000060 0.115118 0.007590 1.724986
0.876350 0.000793 0.000912 0.000481 0.000059 0.113815 0.007590 1.725072
0.877704 0.000776 0.000896 0.000470 0.000057 0.112505 0.007593 1.725149
0.879031 0.000769 0.000877 0.000464 0.000057 0.111210 0.007593 1.725220
0.880350 0.000762 0.000867 0.000461 0.000057 0.109910 0.007594 1.725294
0.881676 0.000745 0.000862 0.000448 0.000055 0.108620 0.007596 1.725375
0.882950 0.000742 0.000846 0.000439 0.000052 0.107375 0.007597 1.725448
0.884138 0.000735 0.000836 0.000430 0.000051 0.106214 0.007598 1.725525
0.885337 0.000739 0.000838 0.000416 0.000051 0.105020 0.007599 1.725599
0.886592 0.000733 0.000816 0.000409 0.000052 0.103800 0.007599 1.725669
0.887821 0.000728 0.000806 0.000414 0.000050 0.102581 0.007601 1.725742
0.888962 0.000726 0.000796 0.000411 0.000049 0.101456 0.007601 1.725813
0.890167 0.000719 0.000781 0.000400 0.000048 0.100284 0.007601 1.725883
0.891341 0.000706 0.000779 0.000384 0.000048 0.099142 0.007601 1.725961
0.892441 0.000692 0.000762 0.000381 0.000050 0.098074 0.007602 1.726035
0.893596 0.000689 0.000750 0.000380 0.000049 0.096935 0.007602 1.726096
0.894684 0.000691 0.000742 0.000375 0.000049 0.095858 0.007602 1.726161
0.895770 0.000677 0.000730 0.000372 0.000046 0.094802 0.007603 1.726233
0.896853 0.000679 0.000720 0.000362 0.000046 0.093738 0.007603 1.726298
0.897964 0.000667 0.000712 0.000351 0.000044 0.092659 0.007603 1.726363
0.899027 0.000665 0.000697 0.000346 0.000042 0.091621 0.007604 1.726424
0.900146 0.000650 0.000697 0.000337 0.000042 0.090525 0.007604 1.726488
0.901162 0.000649 0.000693 0.000338 0.000041 0.089514 0.007605 1.726552
0.902182 0.000638 0.000685 0.000334 0.000042 0.088514 0.007605 1.726621
0.903152 0.000640 0.000676 0.000324 0.000042 0.087561 0.007606 1.726669
0.904168 0.000625 0.000661 0.000331 0.000041 0.086569 0.007606 1.726738
0.905154 0.000627 0.000652 0.000316 0.000039 0.085606 0.007607 1.726790
0.906101 0.000623 0.000647 0.000321 0.000039 0.084663 0.007607 1.726847
0.907037 0.000609 0.000634 0.000313 0.000038 0.083762 0.007608 1.726910
0.907962 0.000595 0.000627 0.000309 0.000039 0.082860 0.007609 1.726973
0.908871 0.000582 0.000630 0.000309 0.000038 0.081963 0.007609 1.727034
0.909748 0.000579 0.000622 0.000304 0.000038 0.081101 0.007609 1.727089
0.910683 0.000573 0.000620 0.000300 0.000037 0.080178 0.007610 1.727143
0.911562 0.000557 0.000611 0.000299 0.000037 0.079325 0.007611 1.727202
0.912437 0.000559 0.000598 0.000292 0.000036 0.078468 0.007612 1.727246
0.913313 0.000544 0.000583 0.000292 0.000035 0.077623 0.007612 1.727299
0.914136 0.000533 0.000586 0.000281 0.000035 0.076818 0.007613 1.727355
0.914966 0.000527 0.000580 0.000273 0.000034 0.076009 0.007613 1.727404
0.915829 0.000523 0.000566 0.000274 0.000034 0.075162 0.007613 1.727454
0.916678 0.000519 0.000558 0.000263 0.000035 0.074335 0.007613 1.727501
0.917490 0.000512 0.000551 0.000262 0.000036 0.073537 0.007613 1.727552
0.918268 0.000504 0.000557 0.000268 0.000036 0.072754 0.007614 1.727609
0.919039 0.000502 0.000554 0.000268 0.000035 0.071989 0.007615 1.727661
0.919801 0.000507 0.000535 0.000260 0.000035 0.071248 0.007615 1.727697
0.920553 0.000515 0.000526 0.000259 0.000034 0.070498 0.007616 1.727744
0.921296 0.000504 0.000516 0.000255 0.000033 0.069781 0.007616 1.727791
0.922044 0.000496 0.000522 0.000247 0.000032 0.069044 0.007616 1.727839
0.922781 0.000494 0.000526 0.000245 0.000033 0.068305 0.007616 1.727888
0.923507 0.000495 0.000518 0.000244 0.000032 0.067588 0.007616 1.727939
0.924217 0.000491 0.000516 0.000247 0.000032 0.066882 0.007616 1.727985
0.924877 0.000488 0.000511 0.000244 0.000030 0.066233 0.007617 1.728031
0.925571 0.000475 0.000506 0.000241 0.000032 0.065559 0.007617 1.728086
0.926238 0.000470 0.000498 0.000250 0.000031 0.064896 0.007618 1.728136
0.926861 0.000467 0.000499 0.000246 0.000032 0.064277 0.007618 1.728184
0.927514 0.000472 0.000494 0.000244 0.000031 0.063628 0.007618 1.728229
0.928142 0.000466 0.000489 0.000245 0.000032 0.063008 0.007618 1.728277
0.928783 0.000473 0.000481 0.000240 0.000030 0.062374 0.007619 1.728317
0.929406 0.000454 0.000480 0.000245 0.000030 0.061765 0.007620 1.728372
0.930026 0.000442 0.000479 0.000249 0.000028 0.061156 0.007621 1.728420
0.930633 0.000437 0.000472 0.000239 0.000029 0.060570 0.007621 1.728461
0.931223 0.000435 0.000458 0.000232 0.000030 0.060003 0.007621 1.728500
0.931811 0.000432 0.000464 0.000236 0.000031 0.059406 0.007621 1.728550
0.932397 0.000432 0.000456 0.000236 0.000029 0.058829 0.007622 1.728589
0.932942 0.000434 0.000451 0.000239 0.000028 0.058284 0.007622 1.728629
0.933452 0.000427 0.000456 0.000233 0.000029 0.057781 0.007623 1.728680
0.933983 0.000430 0.000449 0.000230 0.000028 0.057256 0.007624 1.728718
0.934496 0.000436 0.000447 0.000229 0.000027 0.056742 0.007624 1.728757
0.935002 0.000435 0.000440 0.000221 0.000026 0.056252 0.007625 1.728796
0.935492 0.000439 0.000431 0.000216 0.000025 0.055771 0.007627 1.728833
0.936005 0.000433 0.000434 0.000214 0.000027 0.055261 0.007627 1.728879
0.936492 0.000438 0.000422 0.000215 0.000026 0.054780 0.007628 1.728919
0.936960 0.000439 0.000413 0.000210 0.000027 0.054325 0.007628 1.728959
0.937453 0.000425 0.000416 0.000214 0.000027 0.053838 0.007628 1.729008
0.937933 0.000415 0.000420 0.000213 0.000026 0.053365 0.007628 1.729055
0.938399 0.000420 0.000420 0.000204 0.000024 0.052905 0.007629 1.729093
0.938876 0.000415 0.000412 0.000209 0.000024 0.052436 0.007629 1.729130
0.939296 0.000404 0.000413 0.000208 0.000022 0.052027 0.007630 1.729172
0.939750 0.000409 0.000404 0.000211 0.000021 0.051575 0.007631 1.729208
0.940213 0.000410 0.000399 0.000208 0.000020 0.051118 0.007631 1.729245
0.940638 0.000403 0.000398 0.000203 0.000020 0.050706 0.007632 1.729285
0.941032 0.000386 0.000405 0.000198 0.000019 0.050328 0.007632 1.729332
0.941424 0.000381 0.000395 0.000197 0.000019 0.049952 0.007633 1.729364
0.941850 0.000375 0.000384 0.000190 0.000019 0.049549 0.007633 1.729400
0.942237 0.000373 0.000386 0.000183 0.000018 0.049169 0.007634 1.729432
0.942611 0.000367 0.000380 0.000178 0.000018 0.048813 0.007634 1.729472
0.943009 0.000358 0.000376 0.000181 0.000017 0.048425 0.007634 1.729513
0.943389 0.000359 0.000366 0.000175 0.000017 0.048058 0.007634 1.729540
0.943748 0.000349 0.000356 0.000181 0.000017 0.047717 0.007634 1.729574
0.944114 0.000347 0.000351 0.000178 0.000016 0.047360 0.007635 1.729605
0.944466 0.000347 0.000352 0.000176 0.000016 0.047008 0.007635 1.729636
0.944797 0.000344 0.000347 0.000175 0.000015 0.046687 0.007635 1.729664
0.945149 0.000340 0.000343 0.000175 0.000014 0.046343 0.007636 1.729694
0.945493 0.000338 0.000338 0.000171 0.000014 0.046011 0.007636 1.729724
0.945811 0.000325 0.000346 0.000163 0.000012 0.045706 0.007636 1.729761
0.946159 0.000321 0.000340 0.000160 0.000013 0.045372 0.007636 1.729790
0.946475 0.000323 0.000335 0.000164 0.000013 0.045053 0.007636 1.729821
0.946779 0.000319 0.000330 0.000164 0.000013 0.044760 0.007636 1.729852
0.947104 0.000321 0.000320 0.000160 0.000013 0.044447 0.007637 1.729876
0.947400 0.000324 0.000317 0.000158 0.000013 0.044151 0.007637 1.729905
0.947700 0.000323 0.000310 0.000156 0.000012 0.043862 0.007638 1.729934
0.948005 0.000323 0.000300 0.000165 0.000012 0.043558 0.007638 1.729970
0.948298 0.000317 0.000300 0.000160 0.000013 0.043274 0.007638 1.730000
0.948588 0.000317 0.000300 0.000153 0.000014 0.042990 0.007638 1.730027
0.948890 0.000319 0.000295 0.000154 0.000013 0.042690 0.007638 1.730056
0.949158 0.000321 0.000296 0.000150 0.000014 0.042423 0.007638 1.730083
0.949440 0.000305 0.000303 0.000157 0.000013 0.042143 0.007638 1.730123
0.949705 0.000307 0.000301 0.000156 0.000014 0.041880 0.007638 1.730152
0.949961 0.000300 0.000303 0.000156 0.000014 0.041628 0.007638 1.730186
0.950214 0.000300 0.000304 0.000152 0.000014 0.041378 0.007638 1.730211
0.950462 0.000296 0.000307 0.000153 0.000014 0.041129 0.007639 1.730244
0.950712 0.000295 0.000310 0.000150 0.000013 0.040881 0.007639 1.730276
0.950958 0.000291 0.000313 0.000150 0.000013 0.040636 0.007639 1.730303
0.951211 0.000289 0.000307 0.000147 0.000013 0.040394 0.007639 1.730333
0.951447 0.000291 0.000307 0.000148 0.000013 0.040154 0.007639 1.730365
0.951669 0.000293 0.000303 0.000152 0.000013 0.039931 0.007639 1.730395
0.951886 0.000302 0.000303 0.000151 0.000012 0.039707 0.007639 1.730420
0.952113 0.000301 0.000300 0.000152 0.000013 0.039481 0.007639 1.730449
0.952345 0.000297 0.000301 0.000155 0.000013 0.039251 0.007639 1.730479
0.952555 0.000296 0.000296 0.000159 0.000013 0.039041 0.007639 1.730508
0.952774 0.000293 0.000291 0.000157 0.000013 0.038834 0.007640 1.730543
0.952991 0.000286 0.000290 0.000156 0.000014 0.038623 0.007640 1.730572
0.953210 0.000282 0.000289 0.000152 0.000014 0.038413 0.007640 1.730600
0.953423 0.000280 0.000287 0.000148 0.000012 0.038209 0.007641 1.730627
0.953613 0.000278 0.000282 0.000147 0.000011 0.038027 0.007642 1.730655
0.953831 0.000275 0.000277 0.000146 0.000011 0.037816 0.007642 1.730682
0.954026 0.000276 0.000272 0.000147 0.000011 0.037627 0.007642 1.730706
0.954222 0.000268 0.000271 0.000143 0.000010 0.037443 0.007643 1.730735
0.954395 0.000261 0.000271 0.000146 0.000010 0.037274 0.007643 1.730762
0.954574 0.000255 0.000268 0.000143 0.000010 0.037107 0.007644 1.730789
0.954726 0.000254 0.000266 0.000145 0.000010 0.036956 0.007644 1.730815
0.954894 0.000255 0.000256 0.000141 0.000010 0.036800 0.007644 1.730836
0.955059 0.000260 0.000257 0.000139 0.000011 0.036633 0.007644 1.730860
0.955244 0.000258 0.000242 0.000137 0.000011 0.036464 0.007644 1.730880
0.955416 0.000255 0.000244 0.000134 0.000011 0.036297 0.007644 1.730907
0.955578 0.000258 0.000240 0.000138 0.000011 0.036131 0.007644 1.730927
0.955723 0.000263 0.000236 0.000131 0.000011 0.035993 0.007644 1.730944
0.955882 0.000256 0.000237 0.000131 0.000010 0.035841 0.007644 1.730974
0.956039 0.000255 0.000235 0.000135 0.000010 0.035683 0.007645 1.731002
0.956166 0.000257 0.000228 0.000131 0.000009 0.035563 0.007645 1.731023
0.956322 0.000257 0.000230 0.000133 0.000008 0.035405 0.007646 1.731051
0.956453 0.000254 0.000232 0.000134 0.000008 0.035273 0.007646 1.731079
0.956614 0.000247 0.000231 0.000132 0.000008 0.035122 0.007646 1.731106
0.956752 0.000246 0.000238 0.000132 0.000008 0.034979 0.007646 1.731133
0.956887 0.000247 0.000240 0.000133 0.000009 0.034839 0.007646 1.731155
0.957030 0.000246 0.000234 0.000128 0.000008 0.034708 0.007646 1.731176
0.957169 0.000239 0.000235 0.000127 0.000008 0.034576 0.007646 1.731200
0.957301 0.000239 0.000232 0.000122 0.000008 0.034452 0.007646 1.731221
0.957426 0.000237 0.000228 0.000124 0.000008 0.034330 0.007647 1.731242
0.957538 0.000242 0.000229 0.000119 0.000008 0.034218 0.007647 1.731264
0.957649 0.000240 0.000223 0.000115 0.000007 0.034119 0.007647 1.731285
0.957782 0.000234 0.000228 0.000112 0.000007 0.033990 0.007647 1.731309
0.957903 0.000239 0.000228 0.000108 0.000007 0.033868 0.007647 1.731327
0.958020 0.000239 0.000230 0.000109 0.000007 0.033749 0.007647 1.731350
0.958124 0.000237 0.000233 0.000112 0.000007 0.033641 0.007647 1.731378
0.958236 0.000233 0.000231 0.000111 0.000007 0.033535 0.007647 1.731400
0.958360 0.000226 0.000222 0.000110 0.000008 0.033427 0.007647 1.731423
0.958478 0.000223 0.000219 0.000111 0.000008 0.033315 0.007647 1.731443
0.958575 0.000214 0.000219 0.000111 0.000008 0.033226 0.007647 1.731469
0.958684 0.000213 0.000220 0.000104 0.000008 0.033124 0.007648 1.731489
0.958791 0.000210 0.000213 0.000107 0.000009 0.033022 0.007648 1.731509
0.958893 0.000212 0.000207 0.000107 0.000009 0.032924 0.007648 1.731527
0.958978 0.000211 0.000207 0.000107 0.000009 0.032842 0.007648 1.731553
0.959081 0.000208 0.000207 0.000105 0.000009 0.032743 0.007648 1.731574
0.959172 0.000210 0.000205 0.000104 0.000008 0.032653 0.007649 1.731595
0.959276 0.000205 0.000210 0.000104 0.000009 0.032549 0.007649 1.731615
0.959374 0.000204 0.000208 0.000100 0.000008 0.032457 0.007650 1.731636
0.959479 0.000198 0.000204 0.000105 0.000008 0.032357 0.007650 1.731656
0.959570 0.000200 0.000203 0.000103 0.000008 0.032266 0.007650 1.731671
0.959660 0.000192 0.000207 0.000106 0.000008 0.032178 0.007650 1.731695
0.959746 0.000189 0.000204 0.000105 0.000008 0.032099 0.007650 1.731713
0.959838 0.000186 0.000202 0.000103 0.000008 0.032014 0.007650 1.731731
0.959932 0.000179 0.000207 0.000101 0.000009 0.031921 0.007650 1.731752
0.960017 0.000171 0.000201 0.000102 0.000009 0.031851 0.007650 1.731771
0.960105 0.000164 0.000199 0.000103 0.000010 0.031769 0.007650 1.731790
0.960187 0.000163 0.000190 0.000101 0.000010 0.031698 0.007651 1.731802
0.960274 0.000160 0.000190 0.000101 0.000009 0.031615 0.007652 1.731818
0.960356 0.000153 0.000190 0.000102 0.000009 0.031539 0.007652 1.731839
0.960438 0.000152 0.000188 0.000098 0.000008 0.031464 0.007652 1.731851
0.960504 0.000146 0.000185 0.000097 0.000008 0.031409 0.007652 1.731868
0.960571 0.000148 0.000182 0.000094 0.000008 0.031345 0.007653 1.731880
0.960655 0.000141 0.000176 0.000093 0.000008 0.031275 0.007653 1.731898
0.960718 0.000135 0.000171 0.000095 0.000008 0.031219 0.007653 1.731914
0.960789 0.000140 0.000168 0.000090 0.000008 0.031154 0.007653 1.731925
0.960852 0.000144 0.000164 0.000089 0.000007 0.031091 0.007653 1.731936
0.960930 0.000142 0.000159 0.000087 0.000006 0.031023 0.007653 1.731949
0.960999 0.000141 0.000157 0.000088 0.000006 0.030956 0.007654 1.731962
0.961058 0.000145 0.000153 0.000085 0.000006 0.030899 0.007654 1.731974
0.961115 0.000145 0.000156 0.000085 0.000006 0.030840 0.007654 1.731993
0.961186 0.000142 0.000150 0.000086 0.000007 0.030775 0.007654 1.732008
0.961244 0.000146 0.000148 0.000087 0.000008 0.030713 0.007654 1.732021
0.961292 0.000143 0.000147 0.000090 0.000008 0.030666 0.007654 1.732040
0.961359 0.000143 0.000146 0.000089 0.000008 0.030601 0.007654 1.732054
0.961436 0.000137 0.000148 0.000090 0.000008 0.030527 0.007654 1.732070
0.961497 0.000133 0.000147 0.000090 0.000008 0.030470 0.007654 1.732086
0.961554 0.000131 0.000144 0.000085 0.000007 0.030425 0.007654 1.732099
0.961604 0.000133 0.000143 0.000085 0.000007 0.030375 0.007654 1.732113
0.961658 0.000134 0.000139 0.000082 0.000008 0.030326 0.007654 1.732123
0.961709 0.000135 0.000143 0.000079 0.000007 0.030273 0.007654 1.732136
0.961770 0.000135 0.000142 0.000075 0.000007 0.030217 0.007654 1.732145
0.961820 0.000142 0.000139 0.000075 0.000007 0.030163 0.007654 1.732153
0.961876 0.000141 0.000138 0.000072 0.000006 0.030113 0.007654 1.732167
0.961933 0.000139 0.000143 0.000071 0.000006 0.030054 0.007655 1.732181
0.961980 0.000139 0.000138 0.000070 0.000006 0.030014 0.007655 1.732192
0.962011 0.000142 0.000140 0.000070 0.000006 0.029976 0.007655 1.732206
0.962061 0.000138 0.000135 0.000069 0.000006 0.029937 0.007655 1.732223
0.962107 0.000130 0.000135 0.000069 0.000005 0.029899 0.007655 1.732238
0.962145 0.000135 0.000130 0.000067 0.000006 0.029862 0.007655 1.732246
0.962190 0.000136 0.000130 0.000067 0.000005 0.029817 0.007655 1.732260
0.962230 0.000132 0.000131 0.000066 0.000005 0.029780 0.007656 1.732273
0.962270 0.000134 0.000126 0.000064 0.000005 0.029745 0.007656 1.732282
0.962310 0.000134 0.000121 0.000064 0.000005 0.029710 0.007656 1.732294
0.962351 0.000129 0.000118 0.000066 0.000004 0.029676 0.007656 1.732307
0.962388 0.000127 0.000117 0.000063 0.000005 0.029643 0.007656 1.732319
0.962425 0.000123 0.000115 0.000062 0.000005 0.029614 0.007656 1.732331
0.962470 0.000119 0.000121 0.000063 0.000005 0.029566 0.007656 1.732346
0.962498 0.000122 0.000121 0.000061 0.000005 0.029537 0.007656 1.732359
0.962535 0.000127 0.000120 0.000058 0.000005 0.029499 0.007656 1.732366
0.962562 0.000127 0.000120 0.000058 0.000004 0.029472 0.007657 1.732379
0.962593 0.000124 0.000120 0.000058 0.000004 0.029444 0.007657 1.732394
0.962624 0.000119 0.000121 0.000060 0.000004 0.029415 0.007657 1.732408
0.962659 0.000115 0.000126 0.000058 0.000004 0.029381 0.007657 1.732421
0.962683 0.000116 0.000123 0.000058 0.000004 0.029360 0.007657 1.732433
0.962709 0.000118 0.000123 0.000055 0.000004 0.029334 0.007657 1.732442
0.962741 0.000115 0.000123 0.000054 0.000003 0.029306 0.007657 1.732452
0.962765 0.000123 0.000118 0.000051 0.000003 0.029284 0.007657 1.732458
0.962788 0.000125 0.000113 0.000048 0.000003 0.029266 0.007657 1.732469
0.962812 0.000122 0.000116 0.000046 0.000003 0.029243 0.007657 1.732482
0.962841 0.000122 0.000111 0.000046 0.000003 0.029220 0.007657 1.732491
0.962868 0.000119 0.000111 0.000044 0.000005 0.029195 0.007657 1.732504
0.962899 0.000115 0.000111 0.000044 0.000005 0.029169 0.007657 1.732517
0.962924 0.000117 0.000104 0.000044 0.000005 0.029149 0.007657 1.732530
0.962945 0.000116 0.000103 0.000043 0.000005 0.029131 0.007657 1.732542
0.962973 0.000117 0.000100 0.000044 0.000005 0.029104 0.007657 1.732551
0.962990 0.000122 0.000096 0.000047 0.000005 0.029082 0.007658 1.732560
0.963016 0.000122 0.000094 0.000050 0.000004 0.029056 0.007658 1.732568
0.963045 0.000112 0.000100 0.000051 0.000005 0.029029 0.007658 1.732585
0.963064 0.000112 0.000098 0.000052 0.000005 0.029010 0.007658 1.732594
0.963083 0.000113 0.000098 0.000052 0.000005 0.028990 0.007658 1.732606
0.963108 0.000113 0.000100 0.000050 0.000005 0.028966 0.007658 1.732614
0.963123 0.000112 0.000101 0.000051 0.000006 0.028949 0.007659 1.732624
0.963141 0.000106 0.000106 0.000052 0.000006 0.028931 0.007659 1.732638
0.963158 0.000106 0.000106 0.000054 0.000006 0.028911 0.007659 1.732650
0.963177 0.000106 0.000103 0.000054 0.000006 0.028895 0.007659 1.732661
0.963197 0.000106 0.000101 0.000052 0.000006 0.028880 0.007659 1.732671
0.963214 0.000108 0.000099 0.000051 0.000006 0.028862 0.007659 1.732678
0.963236 0.000101 0.000099 0.000052 0.000006 0.028848 0.007659 1.732692
0.963253 0.000097 0.000099 0.000054 0.000006 0.028832 0.007659 1.732705
0.963264 0.000096 0.000099 0.000056 0.000005 0.028822 0.007659 1.732718
0.963284 0.000094 0.000100 0.000056 0.000005 0.028803 0.007659 1.732727
0.963302 0.000093 0.000097 0.000054 0.000005 0.028790 0.007659 1.732735
0.963324 0.000094 0.000094 0.000053 0.000004 0.028772 0.007659 1.732741
0.963346 0.000099 0.000087 0.000048 0.000004 0.028758 0.007659 1.732745
0.963364 0.000101 0.000088 0.000048 0.000004 0.028736 0.007659 1.732753
0.963383 0.000098 0.000089 0.000047 0.000004 0.028722 0.007659 1.732764
0.963397 0.000102 0.000085 0.000044 0.000005 0.028709 0.007659 1.732771
0.963416 0.000095 0.000088 0.000044 0.000005 0.028694 0.007659 1.732782
0.963434 0.000097 0.000082 0.000040 0.000005 0.028684 0.007659 1.732788
0.963456 0.000095 0.000085 0.000039 0.000005 0.028662 0.007659 1.732798
0.963464 0.000095 0.000084 0.000038 0.000005 0.028656 0.007659 1.732808
0.963477 0.000092 0.000085 0.000040 0.000004 0.028644 0.007659 1.732819
0.963489 0.000091 0.000085 0.000041 0.000004 0.028632 0.007659 1.732830
0.963500 0.000098 0.000083 0.000041 0.000004 0.028616 0.007659 1.732836
0.963514 0.000100 0.000083 0.000039 0.000004 0.028601 0.007659 1.732843
0.963520 0.000103 0.000085 0.000042 0.000004 0.028587 0.007659 1.732855
0.963534 0.000102 0.000085 0.000044 0.000004 0.028572 0.007659 1.732865
0.963551 0.000099 0.000084 0.000044 0.000004 0.028559 0.007659 1.732876
0.963560 0.000096 0.000085 0.000046 0.000003 0.028552 0.007659 1.732889
0.963572 0.000101 0.000080 0.000047 0.000003 0.028538 0.007659 1.732894
0.963581 0.000095 0.000085 0.000047 0.000003 0.028530 0.007659 1.732907
0.963597 0.000094 0.000085 0.000045 0.000003 0.028516 0.007660 1.732913
0.963608 0.000092 0.000088 0.000045 0.000004 0.028505 0.007660 1.732924
0.963615 0.000093 0.000088 0.000044 0.000003 0.028497 0.007660 1.732931
0.963623 0.000092 0.000092 0.000045 0.000003 0.028486 0.007660 1.732942
0.963634 0.000091 0.000095 0.000047 0.000003 0.028471 0.007660 1.732953
0.963643 0.000092 0.000095 0.000047 0.000003 0.028460 0.007660 1.732962
0.963654 0.000092 0.000096 0.000047 0.000002 0.028450 0.007660 1.732971
0.963666 0.000092 0.000098 0.000045 0.000002 0.028438 0.007660 1.732981
0.963674 0.000088 0.000099 0.000045 0.000002 0.028433 0.007660 1.732993
0.963686 0.000087 0.000100 0.000045 0.000002 0.028421 0.007660 1.733003
0.963696 0.000087 0.000096 0.000044 0.000002 0.028416 0.007660 1.733009
0.963705 0.000085 0.000097 0.000044 0.000003 0.028406 0.007660 1.733017
0.963717 0.000082 0.000094 0.000044 0.000003 0.028400 0.007660 1.733027
0.963727 0.000078 0.000093 0.000046 0.000003 0.028394 0.007660 1.733038
0.963735 0.000076 0.000087 0.000049 0.000003 0.028390 0.007660 1.733047
0.963740 0.000076 0.000088 0.000047 0.000003 0.028387 0.007660 1.733056
0.963746 0.000077 0.000082 0.000048 0.000002 0.028384 0.007661 1.733064
0.963758 0.000078 0.000077 0.000048 0.000002 0.028375 0.007661 1.733071
0.963766 0.000081 0.000074 0.000047 0.000002 0.028370 0.007661 1.733077
0.963774 0.000078 0.000075 0.000046 0.000002 0.028365 0.007661 1.733086
0.963786 0.000073 0.000078 0.000042 0.000003 0.028358 0.007661 1.733096
0.963799 0.000073 0.000075 0.000043 0.000003 0.028347 0.007661 1.733101
0.963808 0.000073 0.000074 0.000042 0.000003 0.028339 0.007661 1.733109
0.963815 0.000070 0.000073 0.000043 0.000002 0.028337 0.007661 1.733118
0.963826 0.000067 0.000071 0.000042 0.000003 0.028331 0.007661 1.733125
0.963842 0.000064 0.000071 0.000042 0.000003 0.028318 0.007661 1.733133
0.963857 0.000066 0.000072 0.000041 0.000003 0.028302 0.007661 1.733139
0.963863 0.000066 0.000071 0.000043 0.000003 0.028293 0.007661 1.733146
0.963865 0.000069 0.000072 0.000041 0.000003 0.028290 0.007661 1.733152
0.963872 0.000063 0.000075 0.000040 0.000003 0.028286 0.007661 1.733162
0.963880 0.000059 0.000078 0.000036 0.000003 0.028284 0.007661 1.733170
0.963887 0.000064 0.000074 0.000034 0.000003 0.028277 0.007661 1.733172
0.963891 0.000065 0.000073 0.000035 0.000003 0.028272 0.007661 1.733178
0.963895 0.000069 0.000070 0.000035 0.000003 0.028268 0.007661 1.733183
0.963904 0.000068 0.000070 0.000035 0.000003 0.028259 0.007661 1.733189
0.963914 0.000064 0.000073 0.000034 0.000003 0.028252 0.007661 1.733198
0.963924 0.000062 0.000074 0.000035 0.000003 0.028242 0.007661 1.733205
0.963928 0.000061 0.000074 0.000035 0.000003 0.028238 0.007661 1.733212
0.963932 0.000057 0.000076 0.000035 0.000003 0.028235 0.007661 1.733221
0.963943 0.000056 0.000072 0.000036 0.000003 0.028229 0.007661 1.733226
0.963953 0.000053 0.000073 0.000035 0.000003 0.028223 0.007661 1.733231
0.963963 0.000050 0.000069 0.000034 0.000003 0.028220 0.007661 1.733237
0.963971 0.000051 0.000068 0.000036 0.000003 0.028211 0.007661 1.733243
0.963977 0.000051 0.000067 0.000037 0.000003 0.028206 0.007661 1.733250
0.963987 0.000047 0.000067 0.000034 0.000003 0.028202 0.007661 1.733256
0.963993 0.000046 0.000067 0.000035 0.000003 0.028195 0.007661 1.733262
0.964001 0.000045 0.000066 0.000032 0.000003 0.028192 0.007661 1.733266
0.964010 0.000045 0.000066 0.000030 0.000003 0.028186 0.007661 1.733270
0.964017 0.000046 0.000065 0.000030 0.000003 0.028179 0.007661 1.733274
0.964026 0.000045 0.000062 0.000029 0.000004 0.028173 0.007661 1.733277
0.964035 0.000044 0.000059 0.000029 0.000004 0.028168 0.007661 1.733282
0.964040 0.000046 0.000059 0.000029 0.000004 0.028162 0.007661 1.733286
0.964046 0.000046 0.000057 0.000031 0.000004 0.028155 0.007661 1.733292
0.964053 0.000047 0.000057 0.000031 0.000004 0.028148 0.007661 1.733296
0.964056 0.000046 0.000058 0.000031 0.000003 0.028145 0.007661 1.733302
0.964063 0.000049 0.000056 0.000030 0.000004 0.028138 0.007661 1.733305
0.964067 0.000048 0.000056 0.000033 0.000004 0.028133 0.007661 1.733312
0.964074 0.000047 0.000052 0.000032 0.000004 0.028131 0.007661 1.733317
0.964080 0.000046 0.000050 0.000031 0.000004 0.028129 0.007661 1.733321
0.964092 0.000043 0.000053 0.000031 0.000004 0.028117 0.007661 1.733327
0.964101 0.000042 0.000051 0.000029 0.000004 0.028112 0.007661 1.733330
0.964106 0.000044 0.000049 0.000028 0.000005 0.028107 0.007661 1.733334
0.964111 0.000045 0.000047 0.000028 0.000005 0.028103 0.007661 1.733338
0.964119 0.000044 0.000047 0.000029 0.000004 0.028097 0.007661 1.733342
0.964124 0.000045 0.000046 0.000028 0.000004 0.028093 0.007661 1.733346
0.964130 0.000043 0.000046 0.000030 0.000004 0.028086 0.007661 1.733352
0.964134 0.000042 0.000046 0.000029 0.000004 0.028084 0.007661 1.733357
0.964140 0.000042 0.000046 0.000027 0.000004 0.028079 0.007661 1.733360
0.964150 0.000040 0.000048 0.000026 0.000004 0.028071 0.007661 1.733366
0.964152 0.000045 0.000045 0.000024 0.000004 0.028069 0.007661 1.733368
0.964159 0.000047 0.000044 0.000026 0.000004 0.028060 0.007661 1.733372
0.964167 0.000044 0.000046 0.000026 0.000004 0.028054 0.007661 1.733377
0.964177 0.000043 0.000046 0.000024 0.000004 0.028045 0.007661 1.733380
0.964183 0.000039 0.000045 0.000025 0.000004 0.028042 0.007661 1.733385
0.964188 0.000041 0.000042 0.000025 0.000004 0.028038 0.007661 1.733386
0.964193 0.000044 0.000042 0.000023 0.000004 0.028034 0.007661 1.733389
0.964197 0.000044 0.000042 0.000023 0.000004 0.028028 0.007661 1.733393
0.964201 0.000045 0.000043 0.000022 0.000004 0.028023 0.007661 1.733396
0.964205 0.000044 0.000044 0.000022 0.000003 0.028020 0.007662 1.733402
0.964213 0.000042 0.000047 0.000022 0.000003 0.028013 0.007662 1.733407
0.964218 0.000040 0.000046 0.000022 0.000003 0.028009 0.007662 1.733412
0.964218 0.000042 0.000044 0.000023 0.000003 0.028008 0.007662 1.733416
0.964223 0.000041 0.000046 0.000022 0.000003 0.028004 0.007662 1.733422
0.964225 0.000041 0.000046 0.000020 0.000003 0.028004 0.007662 1.733425
0.964235 0.000042 0.000044 0.000018 0.000003 0.027997 0.007662 1.733426
0.964238 0.000044 0.000043 0.000019 0.000003 0.027993 0.007662 1.733430
0.964238 0.000041 0.000045 0.000020 0.000003 0.027992 0.007662 1.733438
0.964241 0.000041 0.000042 0.000020 0.000003 0.027991 0.007662 1.733442
0.964244 0.000039 0.000042 0.000021 0.000003 0.027990 0.007662 1.733448
0.964249 0.000038 0.000038 0.000021 0.000003 0.027990 0.007662 1.733451
0.964252 0.000034 0.000040 0.000021 0.000002 0.027990 0.007662 1.733458
0.964254 0.000035 0.000040 0.000022 0.000002 0.027986 0.007662 1.733461
0.964257 0.000036 0.000038 0.000022 0.000002 0.027984 0.007662 1.733462
0.964260 0.000037 0.000036 0.000021 0.000002 0.027982 0.007662 1.733465
0.964264 0.000035 0.000037 0.000021 0.000002 0.027980 0.007662 1.733468
0.964266 0.000032 0.000039 0.000021 0.000001 0.027979 0.007662 1.733474
0.964271 0.000029 0.000041 0.000020 0.000001 0.027975 0.007662 1.733480
0.964273 0.000028 0.000042 0.000020 0.000001 0.027974 0.007662 1.733484
0.964275 0.000029 0.000038 0.000019 0.000001 0.027976 0.007662 1.733487
0.964277 0.000031 0.000034 0.000019 0.000001 0.027975 0.007662 1.733489
0.964274 0.000037 0.000033 0.000019 0.000000 0.027975 0.007662 1.733491
0.964275 0.000039 0.000034 0.000017 0.000000 0.027974 0.007662 1.733495
0.964272 0.000038 0.000036 0.000017 0.000000 0.027973 0.007662 1.733501
0.964274 0.000037 0.000037 0.000017 0.000000 0.027973 0.007662 1.733506
0.964278 0.000036 0.000037 0.000016 0.000000 0.027970 0.007662 1.733510
0.964278 0.000036 0.000036 0.000017 0.000000 0.027971 0.007662 1.733514
0.964282 0.000035 0.000033 0.000019 0.000000 0.027969 0.007662 1.733518
0.964286 0.000035 0.000033 0.000020 0.000000 0.027964 0.007662 1.733522
0.964291 0.000036 0.000031 0.000019 0.000000 0.027961 0.007662 1.733525
0.964292 0.000037 0.000032 0.000020 0.000000 0.027957 0.007662 1.733529
0.964297 0.000035 0.000031 0.000018 0.000000 0.027956 0.007662 1.733531
0.964297 0.000038 0.000032 0.000019 0.000000 0.027952 0.007662 1.733533
0.964298 0.000040 0.000029 0.000019 0.000000 0.027952 0.007662 1.733537
0.964301 0.000039 0.000029 0.000020 0.000000 0.027949 0.007662 1.733540
0.964305 0.000039 0.000028 0.000020 0.000000 0.027946 0.007662 1.733544
0.964307 0.000039 0.000026 0.000019 0.000000 0.027945 0.007662 1.733546
0.964309 0.000040 0.000028 0.000018 0.000000 0.027943 0.007662 1.733549
0.964310 0.000039 0.000030 0.000019 0.000000 0.027939 0.007662 1.733554
0.964308 0.000041 0.000027 0.000022 0.000000 0.027941 0.007662 1.733558
0.964306 0.000041 0.000028 0.000022 0.000000 0.027940 0.007662 1.733564
0.964307 0.000041 0.000031 0.000022 0.000000 0.027937 0.007662 1.733570
0.964305 0.000043 0.000033 0.000020 0.000000 0.027935 0.007662 1.733575
0.964311 0.000040 0.000034 0.000023 0.000000 0.027930 0.007662 1.733578
0.964311 0.000038 0.000035 0.000024 0.000000 0.027929 0.007662 1.733584
0.964315 0.000039 0.000034 0.000023 0.000000 0.027926 0.007662 1.733585
0.964318 0.000038 0.000036 0.000022 0.000000 0.027924 0.007662 1.733589
0.964324 0.000036 0.000036 0.000019 0.000000 0.027923 0.007662 1.733591
0.964325 0.000033 0.000036 0.000019 0.000000 0.027925 0.007662 1.733596
