0.339463 0.062600 0.056275 0.032363 0.002137 0.500995 0.006165 1.643392
0.341991 0.060200 0.056149 0.032166 0.002150 0.501158 0.006186 1.649463
0.345453 0.057313 0.055884 0.031925 0.002148 0.501062 0.006215 1.655211
0.349349 0.054171 0.055542 0.031481 0.002149 0.501062 0.006244 1.660731
0.353506 0.051093 0.055021 0.030975 0.002145 0.500988 0.006272 1.665893
0.357987 0.048017 0.054402 0.030436 0.002147 0.500711 0.006300 1.670789
0.362663 0.045101 0.053542 0.029716 0.002150 0.500501 0.006328 1.675291
0.367442 0.042253 0.052636 0.029019 0.002148 0.500145 0.006357 1.679611
0.372397 0.039627 0.051448 0.028310 0.002138 0.499692 0.006387 1.683575
0.377399 0.037037 0.050346 0.027535 0.002138 0.499130 0.006414 1.687363
0.382488 0.034662 0.049069 0.026794 0.002116 0.498423 0.006449 1.690913
0.387632 0.032405 0.047753 0.026021 0.002093 0.497622 0.006475 1.694213
0.392836 0.030429 0.046400 0.025200 0.002084 0.496552 0.006498 1.697223
0.398088 0.028371 0.045158 0.024418 0.002082 0.495360 0.006523 1.700225
0.403344 0.026547 0.043832 0.023640 0.002065 0.494026 0.006546 1.702974
0.408663 0.024915 0.042404 0.022793 0.002062 0.492594 0.006569 1.705501
0.413890 0.023351 0.041010 0.021936 0.002058 0.491164 0.006590 1.707901
0.419172 0.021922 0.039570 0.021096 0.002036 0.489592 0.006613 1.710112
0.424607 0.020562 0.038176 0.020283 0.002011 0.487724 0.006636 1.712186
0.430032 0.019301 0.036826 0.019484 0.001994 0.485701 0.006662 1.714130
0.435456 0.018124 0.035481 0.018718 0.001961 0.483567 0.006692 1.715960
0.440823 0.017096 0.034149 0.017928 0.001917 0.481367 0.006720 1.717642
0.446259 0.016110 0.032851 0.017197 0.001896 0.478942 0.006744 1.719251
0.451588 0.015205 0.031532 0.016513 0.001874 0.476520 0.006767 1.720772
0.457008 0.014347 0.030284 0.015808 0.001846 0.473920 0.006788 1.722194
0.462335 0.013502 0.029170 0.015153 0.001805 0.471219 0.006815 1.723600
0.467642 0.012751 0.027990 0.014526 0.001765 0.468485 0.006840 1.724903
0.472913 0.012065 0.026824 0.013923 0.001727 0.465683 0.006866 1.726104
0.478249 0.011440 0.025736 0.013292 0.001698 0.462697 0.006889 1.727225
0.483489 0.010828 0.024631 0.012705 0.001672 0.459770 0.006905 1.728301
0.488804 0.010304 0.023543 0.012143 0.001647 0.456638 0.006922 1.729284
0.494016 0.009818 0.022528 0.011604 0.001619 0.453472 0.006943 1.730217
0.499233 0.009294 0.021571 0.011113 0.001601 0.450226 0.006961 1.731167
0.504420 0.008819 0.020647 0.010633 0.001568 0.446931 0.006984 1.732048
0.509607 0.008378 0.019778 0.010149 0.001543 0.443539 0.007007 1.732893
0.514813 0.007966 0.018953 0.009676 0.001528 0.440043 0.007023 1.733680
0.519953 0.007581 0.018092 0.009264 0.001491 0.436576 0.007044 1.734432
0.525007 0.007211 0.017314 0.008863 0.001463 0.433085 0.007058 1.735171
0.530041 0.006859 0.016555 0.008474 0.001431 0.429569 0.007072 1.735872
0.535026 0.006544 0.015835 0.008108 0.001396 0.425999 0.007094 1.736537
0.539984 0.006241 0.015204 0.007734 0.001371 0.422350 0.007116 1.737169
0.544930 0.005972 0.014497 0.007422 0.001343 0.418700 0.007136 1.737758
0.549825 0.005766 0.013855 0.007056 0.001305 0.415038 0.007156 1.738282
0.554715 0.005490 0.013282 0.006734 0.001267 0.411340 0.007172 1.738849
0.559601 0.005264 0.012708 0.006421 0.001235 0.407580 0.007192 1.739343
0.564317 0.005039 0.012130 0.006134 0.001208 0.403966 0.007208 1.739836
0.569022 0.004833 0.011592 0.005844 0.001182 0.400301 0.007226 1.740315
0.573883 0.004620 0.011089 0.005602 0.001155 0.396411 0.007241 1.740768
0.578610 0.004461 0.010616 0.005331 0.001125 0.392601 0.007256 1.741206
0.583273 0.004241 0.010182 0.005144 0.001094 0.388795 0.007271 1.741643
0.587910 0.004078 0.009744 0.004901 0.001065 0.385012 0.007291 1.742042
0.592430 0.003922 0.009322 0.004666 0.001035 0.381318 0.007307 1.742427
0.596971 0.003769 0.008946 0.004465 0.001008 0.377517 0.007325 1.742799
0.601404 0.003647 0.008575 0.004270 0.000976 0.373790 0.007338 1.743149
0.605804 0.003519 0.008232 0.004078 0.000942 0.370073 0.007353 1.743509
0.610222 0.003419 0.007878 0.003913 0.000909 0.366295 0.007366 1.743830
0.614626 0.003321 0.007517 0.003752 0.000875 0.362532 0.007377 1.744117
0.618963 0.003226 0.007198 0.003595 0.000847 0.358782 0.007389 1.744423
0.623260 0.003110 0.006902 0.003422 0.000826 0.355078 0.007402 1.744725
0.627515 0.003007 0.006592 0.003288 0.000802 0.351380 0.007416 1.745024
0.631715 0.002910 0.006286 0.003156 0.000771 0.347733 0.007431 1.745311
0.635877 0.002808 0.006029 0.003033 0.000757 0.344057 0.007440 1.745584
0.639962 0.002722 0.005765 0.002919 0.000739 0.340446 0.007448 1.745840
0.644022 0.002626 0.005527 0.002822 0.000712 0.336834 0.007459 1.746100
0.648051 0.002534 0.005298 0.002736 0.000696 0.333215 0.007470 1.746362
0.652101 0.002446 0.005065 0.002612 0.000682 0.329617 0.007479 1.746602
0.656088 0.002373 0.004853 0.002512 0.000668 0.326016 0.007491 1.746826
0.660027 0.002289 0.004681 0.002415 0.000648 0.322439 0.007502 1.747048
0.663906 0.002198 0.004505 0.002331 0.000624 0.318926 0.007509 1.747279
0.667756 0.002148 0.004309 0.002249 0.000608 0.315413 0.007519 1.747480
0.671484 0.002057 0.004153 0.002166 0.000592 0.312021 0.007528 1.747689
0.675192 0.001979 0.004007 0.002094 0.000577 0.308615 0.007537 1.747897
0.678861 0.001916 0.003861 0.002011 0.000563 0.305243 0.007545 1.748088
0.682516 0.001849 0.003710 0.001933 0.000548 0.301892 0.007553 1.748286
0.686176 0.001789 0.003574 0.001861 0.000532 0.298509 0.007559 1.748470
0.689697 0.001733 0.003432 0.001789 0.000515 0.295264 0.007570 1.748655
0.693297 0.001704 0.003311 0.001710 0.000502 0.291899 0.007577 1.748815
0.696863 0.001639 0.003200 0.001644 0.000487 0.288579 0.007588 1.748977
0.700326 0.001596 0.003078 0.001582 0.000473 0.285349 0.007596 1.749136
0.703795 0.001534 0.002961 0.001535 0.000456 0.282115 0.007604 1.749297
0.707188 0.001479 0.002865 0.001493 0.000445 0.278919 0.007611 1.749453
0.710595 0.001441 0.002766 0.001427 0.000432 0.275725 0.007615 1.749593
0.713912 0.001410 0.002663 0.001371 0.000417 0.272608 0.007620 1.749736
0.717209 0.001373 0.002562 0.001325 0.000404 0.269501 0.007627 1.749873
0.720412 0.001329 0.002481 0.001269 0.000390 0.266488 0.007633 1.750012
0.723685 0.001298 0.002398 0.001229 0.000379 0.263376 0.007637 1.750133
0.726937 0.001258 0.002333 0.001171 0.000367 0.260291 0.007643 1.750263
0.730146 0.001242 0.002237 0.001126 0.000356 0.257248 0.007647 1.750369
0.733248 0.001212 0.002171 0.001095 0.000346 0.254278 0.007651 1.750491
0.736326 0.001181 0.002116 0.001049 0.000334 0.251338 0.007658 1.750611
0.739361 0.001149 0.002041 0.001021 0.000330 0.248438 0.007661 1.750720
0.742301 0.001116 0.001970 0.000992 0.000317 0.245638 0.007667 1.750837
0.745303 0.001090 0.001909 0.000963 0.000314 0.242753 0.007668 1.750948
0.748234 0.001073 0.001856 0.000928 0.000303 0.239934 0.007673 1.751047
0.751110 0.001057 0.001803 0.000887 0.000297 0.237171 0.007676 1.751147
0.753997 0.001050 0.001753 0.000855 0.000288 0.234377 0.007681 1.751251
0.756831 0.001025 0.001689 0.000821 0.000279 0.231669 0.007686 1.751351
0.759659 0.001009 0.001620 0.000785 0.000268 0.228966 0.007693 1.751439
0.762470 0.000973 0.001573 0.000762 0.000262 0.226265 0.007695 1.751542
0.765256 0.000935 0.001541 0.000734 0.000257 0.223579 0.007697 1.751639
0.767940 0.000920 0.001496 0.000713 0.000249 0.220981 0.007700 1.751724
0.770656 0.000901 0.001439 0.000694 0.000242 0.218363 0.007704 1.751811
0.773292 0.000875 0.001399 0.000671 0.000237 0.215818 0.007708 1.751902
0.775962 0.000836 0.001363 0.000663 0.000229 0.213236 0.007712 1.751997
0.778540 0.000816 0.001318 0.000646 0.000220 0.210746 0.007715 1.752077
0.781099 0.000808 0.001280 0.000626 0.000219 0.208253 0.007717 1.752147
0.783619 0.000805 0.001249 0.000610 0.000211 0.205787 0.007721 1.752225
0.786122 0.000789 0.001210 0.000589 0.000208 0.203359 0.007722 1.752300
0.788720 0.000765 0.001176 0.000575 0.000202 0.200838 0.007725 1.752378
0.791189 0.000753 0.001147 0.000552 0.000195 0.198435 0.007729 1.752443
0.793610 0.000731 0.001114 0.000544 0.000191 0.196081 0.007731 1.752519
0.796003 0.000714 0.001083 0.000526 0.000184 0.193756 0.007734 1.752588
0.798392 0.000700 0.001056 0.000516 0.000177 0.191422 0.007736 1.752659
0.800736 0.000693 0.001041 0.000500 0.000170 0.189122 0.007739 1.752730
0.803092 0.000665 0.001010 0.000495 0.000164 0.186832 0.007742 1.752815
0.805369 0.000656 0.000973 0.000484 0.000156 0.184617 0.007745 1.752878
0.807610 0.000640 0.000933 0.000470 0.000153 0.182446 0.007748 1.752939
0.809781 0.000625 0.000910 0.000461 0.000149 0.180323 0.007750 1.752997
0.812035 0.000617 0.000881 0.000447 0.000147 0.178123 0.007751 1.753054
0.814176 0.000596 0.000861 0.000431 0.000142 0.176040 0.007754 1.753116
0.816347 0.000574 0.000857 0.000415 0.000139 0.173914 0.007756 1.753180
0.818455 0.000566 0.000842 0.000403 0.000134 0.171844 0.007757 1.753238
0.820596 0.000554 0.000820 0.000394 0.000131 0.169746 0.007759 1.753289
0.822617 0.000533 0.000810 0.000381 0.000126 0.167771 0.007763 1.753350
0.824694 0.000524 0.000781 0.000370 0.000122 0.165746 0.007764 1.753405
0.826694 0.000508 0.000757 0.000364 0.000122 0.163791 0.007765 1.753458
0.828647 0.000509 0.000724 0.000352 0.000118 0.161884 0.007766 1.753499
0.830610 0.000497 0.000714 0.000347 0.000115 0.159952 0.007767 1.753556
0.832597 0.000495 0.000685 0.000339 0.000113 0.158005 0.007767 1.753599
0.834458 0.000498 0.000657 0.000335 0.000107 0.156175 0.007770 1.753643
0.836352 0.000496 0.000639 0.000334 0.000104 0.154303 0.007772 1.753687
0.838225 0.000493 0.000622 0.000325 0.000103 0.152462 0.007772 1.753732
0.840066 0.000472 0.000619 0.000322 0.000098 0.150649 0.007774 1.753792
0.841847 0.000470 0.000608 0.000306 0.000094 0.148899 0.007777 1.753833
0.843650 0.000465 0.000591 0.000308 0.000092 0.147117 0.007778 1.753875
0.845409 0.000444 0.000579 0.000299 0.000090 0.145400 0.007779 1.753925
0.847129 0.000443 0.000571 0.000282 0.000088 0.143708 0.007780 1.753962
0.848817 0.000429 0.000567 0.000274 0.000086 0.142046 0.007781 1.754006
0.850510 0.000410 0.000562 0.000267 0.000083 0.140384 0.007784 1.754054
0.852120 0.000402 0.000549 0.000259 0.000082 0.138804 0.007785 1.754093
0.853803 0.000393 0.000533 0.000253 0.000083 0.137151 0.007785 1.754132
0.855457 0.000391 0.000521 0.000244 0.000081 0.135521 0.007786 1.754162
0.857066 0.000389 0.000511 0.000236 0.000079 0.133934 0.007787 1.754194
0.858627 0.000383 0.000501 0.000230 0.000076 0.132395 0.007788 1.754232
0.860174 0.000386 0.000485 0.000223 0.000075 0.130870 0.007789 1.754263
0.861784 0.000369 0.000483 0.000222 0.000073 0.129279 0.007790 1.754306
0.863321 0.000358 0.000471 0.000219 0.000071 0.127769 0.007791 1.754341
0.864819 0.000363 0.000456 0.000216 0.000067 0.126288 0.007792 1.754372
0.866290 0.000359 0.000447 0.000212 0.000064 0.124836 0.007793 1.754409
0.867734 0.000345 0.000432 0.000212 0.000061 0.123421 0.007796 1.754445
0.869163 0.000345 0.000425 0.000212 0.000059 0.122002 0.007796 1.754477
0.870547 0.000345 0.000411 0.000208 0.000060 0.120634 0.007797 1.754508
0.871925 0.000340 0.000403 0.000200 0.000060 0.119275 0.007797 1.754540
0.873253 0.000327 0.000399 0.000198 0.000058 0.117966 0.007799 1.754575
0.874592 0.000333 0.000392 0.000194 0.000058 0.116633 0.007799 1.754607
0.875827 0.000321 0.000386 0.000196 0.000057 0.115415 0.007799 1.754644
0.877111 0.000308 0.000376 0.000194 0.000054 0.114157 0.007801 1.754679
0.878443 0.000301 0.000377 0.000189 0.000052 0.112839 0.007801 1.754709
0.879701 0.000296 0.000367 0.000178 0.000051 0.111606 0.007802 1.754738
0.881000 0.000290 0.000366 0.000173 0.000050 0.110318 0.007803 1.754771
0.882232 0.000285 0.000359 0.000172 0.000049 0.109101 0.007803 1.754798
0.883439 0.000286 0.000351 0.000170 0.000048 0.107905 0.007803 1.754821
0.884601 0.000279 0.000336 0.000170 0.000047 0.106764 0.007803 1.754848
0.885810 0.000269 0.000331 0.000168 0.000043 0.105574 0.007805 1.754872
0.886942 0.000264 0.000321 0.000171 0.000041 0.104456 0.007807 1.754904
0.888022 0.000261 0.000316 0.000164 0.000040 0.103391 0.007807 1.754931
0.889148 0.000258 0.000313 0.000157 0.000040 0.102276 0.007807 1.754955
0.890257 0.000254 0.000307 0.000154 0.000040 0.101182 0.007808 1.754979
0.891377 0.000252 0.000299 0.000152 0.000038 0.100073 0.007808 1.755002
0.892465 0.000250 0.000288 0.000152 0.000037 0.099000 0.007809 1.755022
0.893496 0.000242 0.000281 0.000153 0.000034 0.097985 0.007810 1.755046
0.894563 0.000239 0.000278 0.000150 0.000034 0.096926 0.007811 1.755064
0.895552 0.000229 0.000279 0.000148 0.000033 0.095949 0.007811 1.755091
0.896493 0.000224 0.000275 0.000146 0.000032 0.095018 0.007811 1.755116
0.897433 0.000219 0.000277 0.000146 0.000032 0.094081 0.007811 1.755145
0.898372 0.000219 0.000276 0.000139 0.000031 0.093151 0.007811 1.755166
0.899266 0.000223 0.000264 0.000135 0.000030 0.092270 0.007811 1.755182
0.900139 0.000223 0.000263 0.000133 0.000028 0.091402 0.007812 1.755202
0.901031 0.000218 0.000262 0.000131 0.000027 0.090518 0.007813 1.755226
0.901872 0.000205 0.000259 0.000133 0.000027 0.089691 0.007814 1.755257
0.902684 0.000199 0.000260 0.000132 0.000026 0.088884 0.007814 1.755281
0.903497 0.000199 0.000255 0.000130 0.000025 0.088079 0.007815 1.755300
0.904256 0.000198 0.000251 0.000131 0.000027 0.087323 0.007815 1.755322
0.905031 0.000197 0.000243 0.000125 0.000027 0.086562 0.007815 1.755341
0.905791 0.000192 0.000242 0.000123 0.000026 0.085810 0.007815 1.755365
0.906541 0.000185 0.000238 0.000122 0.000026 0.085073 0.007816 1.755388
0.907254 0.000172 0.000237 0.000122 0.000027 0.084372 0.007816 1.755414
0.907987 0.000171 0.000228 0.000119 0.000027 0.083653 0.007816 1.755430
0.908696 0.000167 0.000223 0.000116 0.000026 0.082956 0.007817 1.755449
0.909343 0.000165 0.000221 0.000116 0.000025 0.082313 0.007817 1.755467
0.910007 0.000164 0.000213 0.000110 0.000024 0.081664 0.007817 1.755477
0.910678 0.000168 0.000207 0.000106 0.000022 0.081000 0.007819 1.755488
0.911321 0.000161 0.000208 0.000108 0.000022 0.080361 0.007819 1.755506
0.911936 0.000159 0.000201 0.000109 0.000022 0.079754 0.007820 1.755522
0.912569 0.000158 0.000190 0.000105 0.000021 0.079136 0.007820 1.755534
0.913170 0.000156 0.000190 0.000103 0.000021 0.078539 0.007820 1.755550
0.913749 0.000155 0.000182 0.000099 0.000021 0.077973 0.007820 1.755563
0.914300 0.000154 0.000182 0.000099 0.000020 0.077424 0.007820 1.755577
0.914882 0.000158 0.000182 0.000095 0.000020 0.076842 0.007820 1.755587
0.915424 0.000154 0.000184 0.000090 0.000019 0.076308 0.007821 1.755602
0.915959 0.000154 0.000182 0.000090 0.000018 0.075775 0.007821 1.755617
0.916482 0.000152 0.000180 0.000086 0.000017 0.075260 0.007821 1.755631
0.916961 0.000157 0.000175 0.000086 0.000018 0.074781 0.007821 1.755647
0.917451 0.000154 0.000175 0.000086 0.000017 0.074294 0.007822 1.755666
0.917921 0.000154 0.000173 0.000086 0.000017 0.073827 0.007822 1.755683
0.918375 0.000153 0.000173 0.000085 0.000017 0.073374 0.007822 1.755699
0.918815 0.000151 0.000172 0.000084 0.000016 0.072937 0.007823 1.755715
0.919237 0.000150 0.000172 0.000083 0.000016 0.072516 0.007823 1.755729
0.919639 0.000148 0.000168 0.000083 0.000015 0.072123 0.007823 1.755742
0.920040 0.000145 0.000166 0.000086 0.000015 0.071723 0.007824 1.755760
0.920456 0.000142 0.000164 0.000083 0.000014 0.071315 0.007825 1.755772
0.920872 0.000141 0.000163 0.000079 0.000013 0.070905 0.007826 1.755786
0.921245 0.000140 0.000165 0.000078 0.000013 0.070532 0.007826 1.755802
0.921595 0.000135 0.000164 0.000078 0.000012 0.070190 0.007827 1.755817
0.921938 0.000129 0.000162 0.000081 0.000013 0.069852 0.007827 1.755836
0.922287 0.000126 0.000158 0.000080 0.000013 0.069509 0.007827 1.755846
0.922613 0.000128 0.000151 0.000079 0.000013 0.069189 0.007827 1.755857
0.922911 0.000132 0.000148 0.000078 0.000012 0.068892 0.007827 1.755869
0.923238 0.000133 0.000145 0.000076 0.000012 0.068569 0.007827 1.755879
0.923534 0.000135 0.000150 0.000073 0.000012 0.068269 0.007827 1.755893
0.923840 0.000130 0.000150 0.000075 0.000012 0.067965 0.007827 1.755910
0.924150 0.000129 0.000145 0.000073 0.000011 0.067666 0.007827 1.755922
0.924428 0.000131 0.000142 0.000072 0.000011 0.067388 0.007827 1.755933
0.924701 0.000129 0.000145 0.000071 0.000011 0.067117 0.007827 1.755948
0.924952 0.000128 0.000142 0.000071 0.000010 0.066870 0.007828 1.755961
0.925217 0.000119 0.000142 0.000069 0.000010 0.066614 0.007828 1.755977
0.925473 0.000118 0.000139 0.000066 0.000010 0.066365 0.007828 1.755988
0.925723 0.000116 0.000136 0.000064 0.000009 0.066122 0.007829 1.756000
0.925986 0.000113 0.000137 0.000063 0.000009 0.065863 0.007829 1.756014
0.926239 0.000108 0.000136 0.000061 0.000009 0.065617 0.007829 1.756029
0.926489 0.000112 0.000137 0.000060 0.000009 0.065363 0.007829 1.756041
0.926723 0.000114 0.000134 0.000059 0.000010 0.065130 0.007829 1.756050
0.926943 0.000115 0.000132 0.000058 0.000010 0.064912 0.007830 1.756062
0.927159 0.000112 0.000128 0.000059 0.000009 0.064703 0.007830 1.756075
0.927374 0.000107 0.000131 0.000059 0.000008 0.064491 0.007830 1.756090
0.927599 0.000106 0.000126 0.000058 0.000009 0.064272 0.007830 1.756099
0.927783 0.000106 0.000124 0.000058 0.000008 0.064090 0.007831 1.756110
0.927986 0.000106 0.000118 0.000055 0.000007 0.063896 0.007831 1.756121
0.928170 0.000102 0.000114 0.000055 0.000007 0.063720 0.007832 1.756134
0.928357 0.000104 0.000111 0.000055 0.000007 0.063534 0.007832 1.756144
0.928527 0.000103 0.000107 0.000057 0.000007 0.063368 0.007832 1.756155
0.928695 0.000104 0.000106 0.000057 0.000007 0.063199 0.007832 1.756165
0.928858 0.000101 0.000105 0.000059 0.000007 0.063038 0.007832 1.756178
0.929017 0.000104 0.000099 0.000060 0.000007 0.062881 0.007832 1.756185
0.929180 0.000105 0.000097 0.000062 0.000006 0.062718 0.007832 1.756195
0.929335 0.000104 0.000099 0.000060 0.000006 0.062564 0.007833 1.756205
0.929478 0.000103 0.000098 0.000059 0.000006 0.062422 0.007833 1.756214
0.929631 0.000096 0.000100 0.000058 0.000006 0.062276 0.007833 1.756223
0.929773 0.000092 0.000096 0.000062 0.000006 0.062137 0.007833 1.756234
0.929920 0.000093 0.000098 0.000057 0.000006 0.061992 0.007834 1.756242
0.930055 0.000093 0.000097 0.000056 0.000005 0.061860 0.007834 1.756249
0.930172 0.000089 0.000093 0.000056 0.000005 0.061750 0.007834 1.756259
0.930292 0.000090 0.000090 0.000056 0.000005 0.061632 0.007834 1.756266
0.930411 0.000088 0.000090 0.000055 0.000005 0.061516 0.007834 1.756276
0.930541 0.000085 0.000087 0.000052 0.000005 0.061396 0.007834 1.756282
0.930648 0.000089 0.000086 0.000050 0.000005 0.061289 0.007834 1.756288
0.930768 0.000084 0.000090 0.000047 0.000005 0.061171 0.007834 1.756297
0.930888 0.000083 0.000088 0.000047 0.000006 0.061054 0.007834 1.756305
0.930993 0.000085 0.000084 0.000044 0.000005 0.060956 0.007834 1.756310
0.931089 0.000080 0.000087 0.000042 0.000005 0.060863 0.007834 1.756320
0.931199 0.000076 0.000088 0.000044 0.000004 0.060755 0.007834 1.756330
0.931289 0.000080 0.000087 0.000044 0.000004 0.060660 0.007834 1.756336
0.931378 0.000082 0.000088 0.000041 0.000004 0.060572 0.007835 1.756341
0.931469 0.000082 0.000088 0.000044 0.000004 0.060480 0.007835 1.756347
0.931563 0.000078 0.000085 0.000044 0.000004 0.060392 0.007835 1.756355
0.931641 0.000080 0.000081 0.000044 0.000004 0.060315 0.007835 1.756359
0.931722 0.000081 0.000078 0.000042 0.000004 0.060239 0.007835 1.756367
0.931807 0.000076 0.000078 0.000043 0.000003 0.060159 0.007835 1.756377
0.931899 0.000075 0.000075 0.000042 0.000003 0.060071 0.007835 1.756383
0.931981 0.000070 0.000077 0.000044 0.000003 0.059989 0.007835 1.756393
0.932060 0.000072 0.000072 0.000042 0.000003 0.059916 0.007835 1.756396
0.932125 0.000070 0.000074 0.000042 0.000003 0.059851 0.007835 1.756405
0.932201 0.000068 0.000075 0.000041 0.000004 0.059776 0.007835 1.756411
0.932290 0.000068 0.000079 0.000038 0.000004 0.059687 0.007835 1.756419
0.932359 0.000062 0.000077 0.000039 0.000004 0.059624 0.007835 1.756429
0.932430 0.000063 0.000074 0.000039 0.000003 0.059556 0.007835 1.756433
0.932501 0.000063 0.000075 0.000039 0.000003 0.059483 0.007835 1.756439
0.932572 0.000063 0.000075 0.000039 0.000003 0.059414 0.007835 1.756446
0.932648 0.000062 0.000076 0.000037 0.000003 0.059339 0.007835 1.756452
0.932712 0.000065 0.000075 0.000034 0.000003 0.059277 0.007835 1.756458
0.932775 0.000062 0.000079 0.000032 0.000002 0.059214 0.007836 1.756468
0.932836 0.000060 0.000078 0.000032 0.000002 0.059155 0.007836 1.756474
0.932900 0.000058 0.000079 0.000033 0.000002 0.059093 0.007836 1.756481
0.932962 0.000057 0.000080 0.000031 0.000002 0.059033 0.007836 1.756486
0.933023 0.000054 0.000078 0.000032 0.000002 0.058975 0.007836 1.756493
0.933101 0.000051 0.000075 0.000031 0.000002 0.058905 0.007836 1.756499
0.933157 0.000049 0.000074 0.000030 0.000002 0.058852 0.007836 1.756505
0.933209 0.000051 0.000070 0.000029 0.000002 0.058803 0.007836 1.756508
0.933270 0.000050 0.000068 0.000026 0.000002 0.058748 0.007836 1.756512
0.933310 0.000053 0.000066 0.000026 0.000002 0.058707 0.007836 1.756516
0.933369 0.000052 0.000064 0.000025 0.000002 0.058651 0.007836 1.756520
0.933419 0.000055 0.000060 0.000023 0.000002 0.058604 0.007836 1.756526
0.933471 0.000052 0.000060 0.000021 0.000002 0.058559 0.007836 1.756533
0.933515 0.000053 0.000058 0.000020 0.000002 0.058517 0.007836 1.756537
0.933562 0.000058 0.000057 0.000018 0.000002 0.058467 0.007836 1.756539
0.933611 0.000056 0.000054 0.000021 0.000001 0.058420 0.007836 1.756545
0.933650 0.000059 0.000057 0.000022 0.000001 0.058374 0.007836 1.756550
0.933693 0.000063 0.000056 0.000023 0.000001 0.058327 0.007836 1.756554
0.933725 0.000058 0.000058 0.000024 0.000001 0.058297 0.007836 1.756563
0.933766 0.000055 0.000061 0.000024 0.000000 0.058257 0.007837 1.756570
0.933800 0.000056 0.000061 0.000023 0.000000 0.058223 0.007837 1.756575
0.933835 0.000059 0.000058 0.000021 0.000000 0.058190 0.007837 1.756579
0.933871 0.000060 0.000058 0.000022 0.000000 0.058151 0.007837 1.756584
0.933907 0.000061 0.000058 0.000022 0.000000 0.058114 0.007837 1.756591
0.933951 0.000057 0.000060 0.000024 0.000000 0.058071 0.007837 1.756600
0.933997 0.000054 0.000059 0.000024 0.000000 0.058027 0.007837 1.756604
0.934035 0.000056 0.000051 0.000025 0.000000 0.057995 0.007837 1.756606
0.934071 0.000055 0.000055 0.000027 0.000000 0.057955 0.007837 1.756614
0.934104 0.000053 0.000058 0.000026 0.000000 0.057921 0.007837 1.756620
0.934138 0.000054 0.000056 0.000025 0.000001 0.057889 0.007837 1.756623
0.934175 0.000053 0.000056 0.000026 0.000001 0.057852 0.007837 1.756628
0.934214 0.000055 0.000053 0.000025 0.000001 0.057815 0.007837 1.756630
0.934244 0.000054 0.000053 0.000025 0.000001 0.057786 0.007837 1.756635
0.934273 0.000054 0.000053 0.000025 0.000001 0.057757 0.007837 1.756640
0.934306 0.000056 0.000047 0.000025 0.000002 0.057727 0.007837 1.756644
0.934332 0.000055 0.000047 0.000027 0.000002 0.057700 0.007837 1.756651
0.934355 0.000056 0.000048 0.000024 0.000002 0.057678 0.007837 1.756656
0.934384 0.000057 0.000046 0.000023 0.000002 0.057651 0.007837 1.756661
0.934417 0.000057 0.000045 0.000022 0.000002 0.057620 0.007837 1.756665
0.934442 0.000055 0.000047 0.000020 0.000002 0.057596 0.007837 1.756671
0.934468 0.000054 0.000046 0.000023 0.000002 0.057570 0.007837 1.756676
0.934492 0.000052 0.000046 0.000023 0.000002 0.057547 0.007837 1.756681
0.934516 0.000053 0.000046 0.000021 0.000002 0.057525 0.007837 1.756684
0.934543 0.000051 0.000045 0.000020 0.000002 0.057502 0.007837 1.756688
0.934568 0.000047 0.000047 0.000020 0.000002 0.057478 0.007837 1.756694
0.934591 0.000045 0.000049 0.000022 0.000002 0.057454 0.007837 1.756701
0.934609 0.000042 0.000051 0.000020 0.000002 0.057439 0.007837 1.756707
0.934634 0.000038 0.000051 0.000022 0.000002 0.057417 0.007837 1.756713
0.934654 0.000036 0.000049 0.000022 0.000002 0.057399 0.007837 1.756718
0.934668 0.000038 0.000048 0.000021 0.000002 0.057386 0.007838 1.756722
0.934694 0.000036 0.000051 0.000020 0.000002 0.057360 0.007838 1.756726
0.934715 0.000036 0.000049 0.000022 0.000002 0.057338 0.007838 1.756729
0.934731 0.000036 0.000048 0.000022 0.000002 0.057323 0.007838 1.756735
0.934749 0.000036 0.000046 0.000024 0.000002 0.057307 0.007838 1.756739
0.934766 0.000036 0.000046 0.000020 0.000001 0.057294 0.007838 1.756742
0.934787 0.000033 0.000046 0.000017 0.000000 0.057278 0.007838 1.756747
0.934812 0.000032 0.000046 0.000017 0.000000 0.057254 0.007838 1.756750
0.934829 0.000033 0.000043 0.000018 0.000000 0.057239 0.007838 1.756752
0.934849 0.000031 0.000043 0.000018 0.000000 0.057221 0.007838 1.756755
0.934866 0.000032 0.000043 0.000017 0.000000 0.057205 0.007838 1.756758
0.934885 0.000029 0.000040 0.000018 0.000000 0.057191 0.007838 1.756761
0.934900 0.000028 0.000039 0.000019 0.000000 0.057177 0.007838 1.756765
0.934916 0.000026 0.000040 0.000019 0.000000 0.057161 0.007838 1.756769
0.934934 0.000026 0.000039 0.000017 0.000000 0.057148 0.007838 1.756772
0.934952 0.000025 0.000039 0.000016 0.000000 0.057129 0.007838 1.756776
0.934963 0.000027 0.000039 0.000017 0.000000 0.057116 0.007838 1.756779
0.934974 0.000028 0.000038 0.000017 0.000000 0.057106 0.007838 1.756782
0.934987 0.000027 0.000038 0.000016 0.000000 0.057095 0.007838 1.756784
0.935009 0.000026 0.000037 0.000014 0.000000 0.057076 0.007838 1.756786
0.935020 0.000028 0.000036 0.000014 0.000000 0.057064 0.007838 1.756788
0.935032 0.000030 0.000036 0.000015 0.000000 0.057049 0.007838 1.756789
0.935047 0.000029 0.000036 0.000014 0.000000 0.057036 0.007838 1.756792
0.935060 0.000027 0.000038 0.000015 0.000000 0.057023 0.007838 1.756796
0.935078 0.000024 0.000036 0.000015 0.000000 0.057009 0.007838 1.756799
0.935093 0.000024 0.000034 0.000014 0.000000 0.056996 0.007838 1.756801
0.935105 0.000025 0.000032 0.000014 0.000000 0.056986 0.007838 1.756802
0.935116 0.000022 0.000033 0.000014 0.000000 0.056977 0.007838 1.756806
0.935126 0.000023 0.000031 0.000013 0.000000 0.056970 0.007838 1.756808
0.935140 0.000024 0.000029 0.000013 0.000000 0.056957 0.007838 1.756809
0.935148 0.000025 0.000026 0.000013 0.000000 0.056950 0.007838 1.756810
0.935154 0.000028 0.000023 0.000013 0.000000 0.056944 0.007838 1.756811
0.935162 0.000029 0.000023 0.000013 0.000000 0.056935 0.007838 1.756812
0.935170 0.000029 0.000022 0.000014 0.000000 0.056927 0.007838 1.756814
0.935178 0.000028 0.000022 0.000014 0.000000 0.056920 0.007838 1.756816
0.935185 0.000030 0.000023 0.000014 0.000000 0.056910 0.007838 1.756819
0.935195 0.000028 0.000023 0.000014 0.000000 0.056903 0.007838 1.756822
0.935201 0.000031 0.000024 0.000013 0.000000 0.056893 0.007838 1.756825
0.935206 0.000036 0.000024 0.000013 0.000000 0.056883 0.007838 1.756826
0.935213 0.000037 0.000024 0.000013 0.000000 0.056876 0.007838 1.756827
0.935220 0.000036 0.000024 0.000013 0.000000 0.056869 0.007838 1.756830
0.935228 0.000036 0.000024 0.000011 0.000000 0.056863 0.007838 1.756831
0.935241 0.000036 0.000024 0.000012 0.000000 0.056850 0.007838 1.756835
0.935246 0.000035 0.000027 0.000012 0.000000 0.056842 0.007838 1.756840
0.935257 0.000035 0.000029 0.000012 0.000000 0.056828 0.007838 1.756842
0.935265 0.000034 0.000030 0.000012 0.000000 0.056821 0.007838 1.756845
0.935274 0.000035 0.000029 0.000013 0.000000 0.056812 0.007838 1.756848
0.935279 0.000034 0.000029 0.000016 0.000000 0.056805 0.007838 1.756853
0.935287 0.000035 0.000027 0.000014 0.000000 0.056800 0.007838 1.756854
0.935292 0.000036 0.000025 0.000017 0.000000 0.056792 0.007838 1.756858
0.935298 0.000035 0.000024 0.000017 0.000000 0.056788 0.007838 1.756860
0.935303 0.000034 0.000025 0.000018 0.000000 0.056782 0.007838 1.756864
0.935309 0.000034 0.000025 0.000019 0.000000 0.056775 0.007838 1.756869
0.935314 0.000034 0.000026 0.000019 0.000000 0.056769 0.007838 1.756872
0.935320 0.000032 0.000027 0.000017 0.000000 0.056767 0.007838 1.756877
0.935328 0.000030 0.000029 0.000017 0.000000 0.056759 0.007838 1.756882
0.935331 0.000029 0.000029 0.000018 0.000000 0.056756 0.007838 1.756885
0.935339 0.000029 0.000028 0.000018 0.000000 0.056749 0.007838 1.756887
0.935343 0.000029 0.000028 0.000017 0.000000 0.056746 0.007838 1.756891
0.935348 0.000030 0.000025 0.000017 0.000000 0.056743 0.007838 1.756892
0.935355 0.000029 0.000028 0.000016 0.000000 0.056735 0.007838 1.756895
0.935361 0.000029 0.000026 0.000016 0.000000 0.056731 0.007838 1.756897
0.935365 0.000028 0.000026 0.000015 0.000000 0.056729 0.007838 1.756900
0.935371 0.000027 0.000024 0.000013 0.000000 0.056727 0.007838 1.756902
0.935374 0.000026 0.000024 0.000014 0.000000 0.056724 0.007838 1.756906
0.935381 0.000024 0.000026 0.000013 0.000000 0.056718 0.007838 1.756909
0.935389 0.000024 0.000027 0.000013 0.000000 0.056710 0.007838 1.756911
0.935393 0.000024 0.000027 0.000012 0.000000 0.056706 0.007838 1.756913
0.935401 0.000024 0.000026 0.000011 0.000000 0.056700 0.007838 1.756915
0.935407 0.000024 0.000026 0.000012 0.000000 0.056694 0.007838 1.756917
0.935412 0.000025 0.000024 0.000011 0.000000 0.056691 0.007838 1.756918
0.935416 0.000025 0.000023 0.000011 0.000000 0.056688 0.007838 1.756920
0.935422 0.000023 0.000024 0.000011 0.000000 0.056682 0.007838 1.756923
0.935426 0.000023 0.000024 0.000011 0.000000 0.056678 0.007838 1.756924
0.935431 0.000021 0.000023 0.000011 0.000000 0.056676 0.007838 1.756927
0.935435 0.000019 0.000023 0.000013 0.000000 0.056673 0.007838 1.756929
0.935439 0.000019 0.000022 0.000013 0.000000 0.056670 0.007838 1.756931
0.935442 0.000022 0.000020 0.000013 0.000000 0.056665 0.007838 1.756931
0.935443 0.000022 0.000020 0.000013 0.000000 0.056664 0.007838 1.756934
0.935447 0.000024 0.000019 0.000012 0.000000 0.056660 0.007838 1.756935
0.935452 0.000023 0.000019 0.000011 0.000000 0.056657 0.007838 1.756936
0.935456 0.000023 0.000020 0.000010 0.000000 0.056654 0.007838 1.756938
0.935458 0.000022 0.000019 0.000010 0.000000 0.056654 0.007838 1.756940
0.935460 0.000021 0.000019 0.000009 0.000000 0.056653 0.007838 1.756943
0.935462 0.000023 0.000019 0.000009 0.000000 0.056649 0.007838 1.756944
0.935467 0.000020 0.000021 0.000008 0.000000 0.056646 0.007838 1.756947
0.935471 0.000019 0.000021 0.000008 0.000000 0.056643 0.007838 1.756949
0.935476 0.000018 0.000019 0.000009 0.000000 0.056641 0.007838 1.756950
0.935478 0.000019 0.000018 0.000009 0.000000 0.056639 0.007838 1.756951
0.935478 0.000020 0.000018 0.000008 0.000000 0.056637 0.007838 1.756952
0.935483 0.000020 0.000017 0.000008 0.000000 0.056634 0.007838 1.756954
0.935485 0.000018 0.000016 0.000009 0.000000 0.056633 0.007838 1.756956
0.935489 0.000017 0.000017 0.000008 0.000000 0.056631 0.007838 1.756958
0.935491 0.000014 0.000018 0.000010 0.000000 0.056629 0.007838 1.756962
0.935496 0.000014 0.000019 0.000009 0.000000 0.056625 0.007838 1.756963
0.935499 0.000014 0.000019 0.000009 0.000000 0.056621 0.007838 1.756965
0.935501 0.000012 0.000019 0.000009 0.000000 0.056620 0.007838 1.756966
0.935504 0.000012 0.000020 0.000008 0.000000 0.056617 0.007838 1.756968
0.935508 0.000012 0.000017 0.000009 0.000000 0.056616 0.007838 1.756968
0.935511 0.000013 0.000016 0.000009 0.000000 0.056613 0.007838 1.756969
0.935513 0.000012 0.000014 0.000010 0.000000 0.056613 0.007838 1.756971
0.935517 0.000012 0.000014 0.000008 0.000001 0.056611 0.007838 1.756972
0.935520 0.000013 0.000014 0.000008 0.000001 0.056607 0.007838 1.756973
0.935522 0.000012 0.000014 0.000006 0.000001 0.056607 0.007838 1.756975
0.935523 0.000012 0.000014 0.000005 0.000001 0.056608 0.007838 1.756975
0.935522 0.000012 0.000014 0.000005 0.000001 0.056608 0.007838 1.756977
0.935524 0.000012 0.000014 0.000005 0.000001 0.056607 0.007838 1.756978
0.935526 0.000012 0.000014 0.000005 0.000001 0.056605 0.007838 1.756979
0.935530 0.000011 0.000014 0.000006 0.000001 0.056602 0.007838 1.756980
0.935531 0.000011 0.000011 0.000005 0.000001 0.056604 0.007838 1.756980
0.935530 0.000012 0.000011 0.000005 0.000001 0.056604 0.007838 1.756982
0.935532 0.000012 0.000011 0.000003 0.000001 0.056604 0.007838 1.756982
0.935533 0.000013 0.000010 0.000003 0.000001 0.056604 0.007838 1.756983
0.935535 0.000011 0.000011 0.000003 0.000001 0.056602 0.007838 1.756985
0.935539 0.000010 0.000012 0.000004 0.000001 0.056598 0.007838 1.756987
0.935539 0.000011 0.000011 0.000003 0.000001 0.056598 0.007838 1.756987
0.935537 0.000013 0.000010 0.000003 0.000001 0.056599 0.007838 1.756988
0.935541 0.000012 0.000009 0.000003 0.000001 0.056597 0.007838 1.756989
0.935543 0.000012 0.000008 0.000003 0.000001 0.056597 0.007838 1.756989
0.935544 0.000013 0.000008 0.000003 0.000001 0.056595 0.007838 1.756990
0.935545 0.000013 0.000008 0.000003 0.000001 0.056593 0.007838 1.756991
0.935546 0.000012 0.000009 0.000003 0.000001 0.056591 0.007838 1.756992
0.935548 0.000010 0.000010 0.000005 0.000001 0.056589 0.007838 1.756995
0.935546 0.000010 0.000010 0.000005 0.000001 0.056591 0.007838 1.756997
0.935548 0.000009 0.000010 0.000005 0.000001 0.056590 0.007838 1.756998
0.935551 0.000008 0.000010 0.000005 0.000001 0.056588 0.007838 1.757000
0.935554 0.000007 0.000009 0.000005 0.000002 0.056586 0.007838 1.757000
0.935555 0.000008 0.000008 0.000004 0.000002 0.056586 0.007838 1.757000
0.935558 0.000006 0.000008 0.000004 0.000002 0.056584 0.007838 1.757002
0.935558 0.000006 0.000008 0.000005 0.000002 0.056583 0.007838 1.757003
0.935560 0.000006 0.000010 0.000005 0.000002 0.056582 0.007838 1.757004
0.935561 0.000006 0.000009 0.000004 0.000002 0.056581 0.007838 1.757004
0.935565 0.000007 0.000006 0.000004 0.000001 0.056580 0.007838 1.757004
0.935567 0.000007 0.000006 0.000003 0.000001 0.056578 0.007838 1.757004
0.935567 0.000007 0.000006 0.000003 0.000001 0.056578 0.007838 1.757005
0.935569 0.000006 0.000007 0.000003 0.000001 0.056577 0.007838 1.757006
0.935569 0.000006 0.000006 0.000003 0.000001 0.056577 0.007838 1.757007
0.935570 0.000006 0.000006 0.000003 0.000001 0.056575 0.007838 1.757007
0.935571 0.000006 0.000006 0.000003 0.000001 0.056575 0.007838 1.757007
0.935572 0.000006 0.000006 0.000003 0.000001 0.056574 0.007838 1.757008
0.935573 0.000007 0.000005 0.000003 0.000001 0.056573 0.007838 1.757008
0.935574 0.000006 0.000005 0.000003 0.000001 0.056572 0.007838 1.757008
0.935574 0.000007 0.000004 0.000003 0.000001 0.056573 0.007838 1.757009
0.935576 0.000008 0.000003 0.000003 0.000001 0.056571 0.007838 1.757009
0.935578 0.000008 0.000003 0.000004 0.000001 0.056569 0.007838 1.757010
0.935579 0.000007 0.000005 0.000004 0.000001 0.056567 0.007838 1.757011
0.935580 0.000007 0.000005 0.000004 0.000001 0.056565 0.007838 1.757011
0.935583 0.000006 0.000005 0.000004 0.000001 0.056563 0.007838 1.757012
0.935584 0.000007 0.000003 0.000004 0.000001 0.056563 0.007838 1.757012
0.935587 0.000007 0.000003 0.000004 0.000001 0.056560 0.007838 1.757012
0.935588 0.000008 0.000003 0.000003 0.000001 0.056560 0.007838 1.757012
0.935589 0.000007 0.000003 0.000003 0.000001 0.056558 0.007838 1.757013
0.935590 0.000007 0.000003 0.000003 0.000001 0.056557 0.007838 1.757013
0.935592 0.000007 0.000003 0.000004 0.000001 0.056555 0.007838 1.757013
0.935594 0.000006 0.000004 0.000004 0.000001 0.056553 0.007838 1.757014
0.935597 0.000006 0.000004 0.000004 0.000001 0.056550 0.007838 1.757014
0.935597 0.000006 0.000005 0.000003 0.000001 0.056550 0.007838 1.757014
0.935599 0.000007 0.000004 0.000003 0.000001 0.056549 0.007838 1.757014
0.935600 0.000007 0.000004 0.000003 0.000001 0.056547 0.007838 1.757014
0.935601 0.000006 0.000005 0.000003 0.000001 0.056547 0.007838 1.757015
0.935602 0.000007 0.000005 0.000003 0.000001 0.056546 0.007838 1.757015
0.935602 0.000006 0.000005 0.000003 0.000001 0.056545 0.007838 1.757016
0.935600 0.000009 0.000005 0.000003 0.000001 0.056545 0.007838 1.757017
0.935601 0.000008 0.000006 0.000003 0.000002 0.056543 0.007838 1.757017
0.935603 0.000008 0.000005 0.000003 0.000002 0.056543 0.007838 1.757017
0.935604 0.000008 0.000005 0.000003 0.000002 0.056541 0.007838 1.757018
0.935604 0.000008 0.000005 0.000003 0.000002 0.056542 0.007838 1.757019
0.935604 0.000008 0.000005 0.000003 0.000002 0.056542 0.007838 1.757019
0.935605 0.000007 0.000006 0.000003 0.000002 0.056541 0.007838 1.757020
0.935605 0.000006 0.000006 0.000003 0.000002 0.056541 0.007838 1.757022
0.935607 0.000005 0.000006 0.000003 0.000002 0.056540 0.007838 1.757023
0.935608 0.000005 0.000006 0.000003 0.000002 0.056539 0.007838 1.757023
0.935610 0.000004 0.000005 0.000004 0.000002 0.056539 0.007838 1.757024
0.935611 0.000004 0.000004 0.000003 0.000002 0.056539 0.007838 1.757024
0.935612 0.000004 0.000003 0.000003 0.000002 0.056538 0.007838 1.757025
0.935612 0.000005 0.000003 0.000003 0.000002 0.056538 0.007838 1.757025
0.935612 0.000004 0.000004 0.000003 0.000002 0.056539 0.007838 1.757026
0.935613 0.000003 0.000005 0.000003 0.000002 0.056538 0.007838 1.757027
0.935614 0.000003 0.000005 0.000002 0.000002 0.056537 0.007838 1.757027
0.935615 0.000003 0.000005 0.000002 0.000002 0.056536 0.007838 1.757027
0.935616 0.000004 0.000004 0.000001 0.000002 0.056535 0.007838 1.757027
0.935617 0.000003 0.000006 0.000001 0.000001 0.056534 0.007838 1.757029
0.935614 0.000006 0.000006 0.000001 0.000001 0.056534 0.007838 1.757030
0.935615 0.000006 0.000006 0.000001 0.000000 0.056534 0.007838 1.757030
0.935616 0.000006 0.000006 0.000001 0.000000 0.056532 0.007838 1.757030
0.935615 0.000007 0.000006 0.000000 0.000000 0.056533 0.007838 1.757030
0.935616 0.000006 0.000006 0.000000 0.000000 0.056532 0.007838 1.757031
0.935617 0.000007 0.000006 0.000000 0.000000 0.056531 0.007838 1.757031
0.935617 0.000006 0.000006 0.000001 0.000000 0.056531 0.007838 1.757032
0.935618 0.000006 0.000006 0.000001 0.000000 0.056530 0.007838 1.757032
0.935618 0.000007 0.000006 0.000001 0.000000 0.056529 0.007838 1.757032
0.935618 0.000007 0.000007 0.000001 0.000000 0.056529 0.007838 1.757033
0.935618 0.000006 0.000008 0.000001 0.000000 0.056529 0.007838 1.757034
0.935619 0.000006 0.000008 0.000000 0.000000 0.056529 0.007838 1.757034
0.935617 0.000006 0.000009 0.000000 0.000000 0.056530 0.007838 1.757036
0.935617 0.000005 0.000010 0.000001 0.000000 0.056530 0.007838 1.757037
0.935617 0.000005 0.000009 0.000000 0.000000 0.056531 0.007838 1.757037
0.935617 0.000005 0.000008 0.000001 0.000000 0.056531 0.007838 1.757038
0.935617 0.000005 0.000009 0.000001 0.000000 0.056529 0.007838 1.757039
0.935618 0.000005 0.000008 0.000002 0.000000 0.056529 0.007838 1.757039
0.935618 0.000005 0.000008 0.000002 0.000000 0.056530 0.007838 1.757040
0.935618 0.000005 0.000006 0.000002 0.000000 0.056530 0.007838 1.757040
0.935619 0.000005 0.000007 0.000003 0.000000 0.056529 0.007838 1.757041
0.935618 0.000005 0.000006 0.000003 0.000000 0.056530 0.007838 1.757041
0.935617 0.000005 0.000008 0.000002 0.000000 0.056531 0.007838 1.757042
0.935618 0.000003 0.000008 0.000002 0.000000 0.056531 0.007838 1.757043
0.935618 0.000003 0.000007 0.000003 0.000000 0.056531 0.007838 1.757044
0.935618 0.000003 0.000006 0.000003 0.000000 0.056531 0.007838 1.757045
0.935619 0.000003 0.000006 0.000003 0.000000 0.056531 0.007838 1.757045
0.935620 0.000002 0.000005 0.000003 0.000000 0.056531 0.007838 1.757045
0.935620 0.000002 0.000004 0.000003 0.000000 0.056533 0.007838 1.757045
0.935621 0.000002 0.000003 0.000003 0.000000 0.056532 0.007838 1.757045
0.935620 0.000002 0.000003 0.000003 0.000000 0.056533 0.007838 1.757046
0.935620 0.000002 0.000003 0.000003 0.000000 0.056534 0.007838 1.757046
0.935621 0.000002 0.000003 0.000003 0.000000 0.056534 0.007838 1.757046
0.935621 0.000002 0.000003 0.000003 0.000000 0.056534 0.007838 1.757046
0.935622 0.000002 0.000003 0.000002 0.000000 0.056534 0.007838 1.757046
0.935623 0.000002 0.000003 0.000001 0.000000 0.056533 0.007838 1.757046
0.935624 0.000002 0.000003 0.000001 0.000000 0.056532 0.007838 1.757046
0.935625 0.000001 0.000003 0.000001 0.000000 0.056532 0.007838 1.757046
0.935626 0.000001 0.000003 0.000001 0.000000 0.056531 0.007838 1.757047
0.935627 0.000001 0.000003 0.000001 0.000000 0.056530 0.007838 1.757047
0.935627 0.000001 0.000003 0.000001 0.000000 0.056530 0.007838 1.757047
0.935628 0.000000 0.000003 0.000001 0.000000 0.056530 0.007838 1.757047
0.935628 0.000000 0.000003 0.000000 0.000000 0.056530 0.007838 1.757047
0.935629 0.000000 0.000002 0.000000 0.000000 0.056530 0.007838 1.757047
