0.342863 0.062573 0.056159 0.032114 0.002169 0.498034 0.006089 1.629847
0.345505 0.060248 0.056043 0.031953 0.002179 0.497966 0.006107 1.635835
0.348883 0.057270 0.055975 0.031715 0.002170 0.497853 0.006133 1.641692
0.352785 0.054167 0.055496 0.031321 0.002170 0.497898 0.006163 1.647131
0.357025 0.051057 0.054913 0.030847 0.002168 0.497796 0.006194 1.652284
0.361376 0.048022 0.054274 0.030319 0.002156 0.497624 0.006229 1.657185
0.366135 0.045050 0.053452 0.029711 0.002150 0.497241 0.006263 1.661729
0.370780 0.042331 0.052513 0.029017 0.002141 0.496932 0.006286 1.665942
0.375664 0.039654 0.051497 0.028295 0.002145 0.496432 0.006312 1.670019
0.380576 0.037145 0.050435 0.027525 0.002128 0.495851 0.006340 1.673793
0.385584 0.034784 0.049223 0.026775 0.002107 0.495162 0.006365 1.677337
0.390558 0.032615 0.047963 0.025990 0.002097 0.494388 0.006391 1.680676
0.395672 0.030521 0.046626 0.025244 0.002081 0.493434 0.006422 1.683832
0.400717 0.028694 0.045210 0.024420 0.002069 0.492443 0.006448 1.686696
0.405915 0.026892 0.043796 0.023614 0.002050 0.491264 0.006469 1.689422
0.411177 0.025269 0.042397 0.022821 0.002019 0.489819 0.006499 1.691962
0.416456 0.023735 0.040995 0.022062 0.001971 0.488249 0.006533 1.694353
0.421539 0.022352 0.039617 0.021267 0.001949 0.486715 0.006560 1.696611
0.426808 0.021004 0.038206 0.020456 0.001942 0.485004 0.006581 1.698735
0.432041 0.019743 0.036914 0.019728 0.001935 0.483038 0.006601 1.700770
0.437336 0.018612 0.035554 0.018929 0.001902 0.481038 0.006628 1.702618
0.442552 0.017578 0.034206 0.018148 0.001874 0.478993 0.006649 1.704376
0.447964 0.016563 0.032937 0.017454 0.001846 0.476559 0.006676 1.706060
0.453317 0.015607 0.031720 0.016781 0.001821 0.474048 0.006706 1.707641
0.458490 0.014743 0.030478 0.016117 0.001785 0.471653 0.006734 1.709122
0.463682 0.013983 0.029237 0.015480 0.001754 0.469107 0.006756 1.710498
0.469019 0.013272 0.028037 0.014833 0.001712 0.466344 0.006782 1.711777
0.474292 0.012611 0.026901 0.014193 0.001678 0.463518 0.006807 1.713009
0.479500 0.011962 0.025829 0.013614 0.001658 0.460613 0.006825 1.714198
0.484711 0.011316 0.024764 0.013066 0.001628 0.457671 0.006845 1.715362
0.489910 0.010712 0.023780 0.012518 0.001607 0.454612 0.006863 1.716468
0.495052 0.010173 0.022798 0.012011 0.001577 0.451506 0.006883 1.717502
0.500256 0.009689 0.021834 0.011522 0.001538 0.448257 0.006904 1.718472
0.505467 0.009230 0.020896 0.011014 0.001507 0.444962 0.006923 1.719396
0.510664 0.008807 0.019958 0.010539 0.001492 0.441599 0.006942 1.720265
0.515711 0.008400 0.019110 0.010096 0.001439 0.438271 0.006974 1.721095
0.520680 0.007995 0.018306 0.009623 0.001415 0.434988 0.006995 1.721914
0.525782 0.007630 0.017593 0.009148 0.001385 0.431446 0.007017 1.722682
0.530782 0.007287 0.016813 0.008754 0.001359 0.427969 0.007036 1.723406
0.535773 0.006975 0.016046 0.008360 0.001319 0.424469 0.007059 1.724077
0.540715 0.006701 0.015389 0.007974 0.001294 0.420851 0.007077 1.724729
0.545567 0.006392 0.014740 0.007643 0.001262 0.417300 0.007098 1.725389
0.550355 0.006129 0.014141 0.007303 0.001241 0.413718 0.007114 1.726001
0.555149 0.005869 0.013576 0.006992 0.001213 0.410071 0.007130 1.726605
0.559889 0.005614 0.013008 0.006677 0.001175 0.406487 0.007150 1.727187
0.564662 0.005357 0.012467 0.006382 0.001151 0.402817 0.007164 1.727744
0.569304 0.005148 0.011938 0.006077 0.001124 0.399232 0.007178 1.728258
0.573899 0.004960 0.011434 0.005789 0.001093 0.395631 0.007193 1.728742
0.578582 0.004794 0.010931 0.005545 0.001069 0.391872 0.007208 1.729201
0.583105 0.004626 0.010506 0.005310 0.001036 0.388190 0.007226 1.729684
0.587728 0.004463 0.010055 0.005074 0.001015 0.384429 0.007237 1.730128
0.592226 0.004293 0.009621 0.004873 0.000980 0.380753 0.007255 1.730560
0.596723 0.004136 0.009210 0.004653 0.000951 0.377057 0.007271 1.730955
0.601158 0.004003 0.008823 0.004456 0.000932 0.373347 0.007282 1.731352
0.605606 0.003867 0.008448 0.004258 0.000908 0.369619 0.007294 1.731728
0.610047 0.003731 0.008091 0.004070 0.000876 0.365879 0.007307 1.732085
0.614318 0.003612 0.007784 0.003913 0.000846 0.362206 0.007323 1.732449
0.618510 0.003501 0.007456 0.003749 0.000827 0.358628 0.007330 1.732795
0.622739 0.003397 0.007147 0.003595 0.000811 0.354972 0.007341 1.733126
0.626968 0.003285 0.006876 0.003452 0.000786 0.351283 0.007350 1.733456
0.631190 0.003162 0.006611 0.003317 0.000760 0.347597 0.007364 1.733774
0.635425 0.003064 0.006328 0.003186 0.000741 0.343882 0.007375 1.734073
0.639547 0.002967 0.006087 0.003058 0.000718 0.340237 0.007386 1.734369
0.643580 0.002872 0.005835 0.002926 0.000693 0.336697 0.007398 1.734646
0.647508 0.002758 0.005629 0.002815 0.000674 0.333208 0.007408 1.734944
0.651510 0.002679 0.005408 0.002687 0.000653 0.329644 0.007420 1.735214
0.655433 0.002599 0.005189 0.002590 0.000634 0.326124 0.007432 1.735472
0.659373 0.002509 0.005004 0.002498 0.000608 0.322567 0.007441 1.735736
0.663185 0.002437 0.004814 0.002415 0.000580 0.319116 0.007454 1.735977
0.666947 0.002376 0.004644 0.002312 0.000567 0.315696 0.007459 1.736209
0.670736 0.002306 0.004488 0.002224 0.000552 0.312230 0.007465 1.736447
0.674568 0.002240 0.004292 0.002143 0.000536 0.308747 0.007475 1.736662
0.678188 0.002182 0.004119 0.002072 0.000519 0.305434 0.007487 1.736870
0.681822 0.002121 0.003976 0.001994 0.000515 0.302079 0.007493 1.737075
0.685436 0.002058 0.003862 0.001936 0.000502 0.298710 0.007497 1.737285
0.689055 0.001975 0.003752 0.001882 0.000485 0.295348 0.007505 1.737494
0.692583 0.001933 0.003596 0.001823 0.000473 0.292081 0.007512 1.737682
0.696055 0.001878 0.003455 0.001764 0.000458 0.288870 0.007521 1.737871
0.699486 0.001812 0.003337 0.001707 0.000439 0.285690 0.007529 1.738059
0.703002 0.001767 0.003212 0.001642 0.000425 0.282417 0.007536 1.738235
0.706406 0.001720 0.003099 0.001577 0.000418 0.279239 0.007541 1.738398
0.709679 0.001677 0.002969 0.001523 0.000404 0.276203 0.007547 1.738563
0.713065 0.001638 0.002886 0.001461 0.000394 0.273004 0.007552 1.738720
0.716287 0.001602 0.002801 0.001402 0.000382 0.269969 0.007559 1.738885
0.719597 0.001545 0.002701 0.001346 0.000368 0.266878 0.007566 1.739041
0.722782 0.001514 0.002610 0.001303 0.000354 0.263868 0.007569 1.739180
0.725948 0.001478 0.002519 0.001255 0.000343 0.260884 0.007574 1.739325
0.729110 0.001438 0.002448 0.001219 0.000333 0.257872 0.007580 1.739475
0.732177 0.001400 0.002372 0.001183 0.000320 0.254963 0.007585 1.739609
0.735266 0.001380 0.002295 0.001156 0.000312 0.252003 0.007589 1.739744
0.738315 0.001336 0.002224 0.001121 0.000306 0.249102 0.007595 1.739883
0.741344 0.001298 0.002170 0.001077 0.000297 0.246215 0.007599 1.740010
0.744254 0.001282 0.002108 0.001042 0.000287 0.243427 0.007602 1.740131
0.747178 0.001245 0.002056 0.001025 0.000282 0.240612 0.007603 1.740269
0.750092 0.001225 0.001975 0.001007 0.000275 0.237819 0.007608 1.740387
0.752946 0.001200 0.001901 0.000975 0.000265 0.235100 0.007612 1.740505
0.755913 0.001156 0.001859 0.000945 0.000253 0.232260 0.007616 1.740633
0.758594 0.001124 0.001821 0.000911 0.000245 0.229689 0.007618 1.740754
0.761302 0.001093 0.001766 0.000877 0.000237 0.227104 0.007622 1.740867
0.764102 0.001073 0.001722 0.000840 0.000230 0.224409 0.007625 1.740970
0.766780 0.001044 0.001671 0.000824 0.000222 0.221832 0.007628 1.741066
0.769482 0.001035 0.001588 0.000805 0.000213 0.219247 0.007631 1.741157
0.772048 0.001019 0.001543 0.000787 0.000206 0.216764 0.007633 1.741261
0.774641 0.000999 0.001496 0.000764 0.000199 0.214264 0.007637 1.741359
0.777269 0.000983 0.001451 0.000738 0.000191 0.211727 0.007641 1.741450
0.779906 0.000959 0.001405 0.000713 0.000187 0.209187 0.007643 1.741544
0.782458 0.000939 0.001372 0.000686 0.000185 0.206715 0.007645 1.741632
0.784965 0.000910 0.001328 0.000680 0.000186 0.204284 0.007647 1.741729
0.787479 0.000894 0.001290 0.000654 0.000179 0.201853 0.007652 1.741816
0.790001 0.000867 0.001262 0.000638 0.000174 0.199406 0.007654 1.741907
0.792447 0.000842 0.001234 0.000621 0.000169 0.197031 0.007656 1.741994
0.794770 0.000829 0.001193 0.000608 0.000165 0.194777 0.007659 1.742072
0.797138 0.000815 0.001161 0.000589 0.000161 0.192475 0.007660 1.742152
0.799422 0.000797 0.001128 0.000583 0.000156 0.190253 0.007661 1.742232
0.801798 0.000793 0.001095 0.000574 0.000150 0.187929 0.007663 1.742303
0.804056 0.000782 0.001065 0.000562 0.000144 0.185726 0.007666 1.742376
0.806352 0.000762 0.001034 0.000551 0.000141 0.183493 0.007668 1.742454
0.808594 0.000750 0.000994 0.000529 0.000137 0.181326 0.007671 1.742523
0.810748 0.000744 0.000961 0.000511 0.000134 0.179229 0.007672 1.742584
0.813014 0.000716 0.000944 0.000504 0.000130 0.177018 0.007675 1.742674
0.815154 0.000701 0.000932 0.000496 0.000124 0.174916 0.007678 1.742748
0.817321 0.000694 0.000911 0.000479 0.000122 0.172794 0.007679 1.742814
0.819403 0.000680 0.000898 0.000470 0.000119 0.170751 0.007680 1.742883
0.821450 0.000662 0.000892 0.000462 0.000118 0.168736 0.007681 1.742952
0.823511 0.000654 0.000879 0.000442 0.000113 0.166720 0.007682 1.743012
0.825519 0.000631 0.000873 0.000426 0.000108 0.164759 0.007684 1.743088
0.827491 0.000623 0.000854 0.000418 0.000102 0.162825 0.007686 1.743152
0.829462 0.000622 0.000839 0.000412 0.000098 0.160880 0.007688 1.743214
0.831502 0.000598 0.000831 0.000404 0.000095 0.158880 0.007690 1.743282
0.833446 0.000585 0.000816 0.000390 0.000092 0.156980 0.007691 1.743339
0.835320 0.000579 0.000791 0.000379 0.000091 0.155150 0.007692 1.743390
0.837178 0.000570 0.000773 0.000371 0.000087 0.153329 0.007692 1.743445
0.839009 0.000560 0.000763 0.000362 0.000088 0.151525 0.007692 1.743507
0.840860 0.000547 0.000749 0.000353 0.000087 0.149710 0.007694 1.743561
0.842700 0.000535 0.000732 0.000353 0.000086 0.147900 0.007696 1.743615
0.844497 0.000523 0.000724 0.000349 0.000085 0.146127 0.007697 1.743672
0.846291 0.000520 0.000707 0.000338 0.000079 0.144368 0.007698 1.743718
0.847990 0.000515 0.000684 0.000327 0.000076 0.142709 0.007700 1.743771
0.849697 0.000497 0.000678 0.000327 0.000074 0.141026 0.007702 1.743829
0.851389 0.000483 0.000660 0.000320 0.000072 0.139374 0.007703 1.743876
0.853061 0.000469 0.000647 0.000311 0.000070 0.137740 0.007703 1.743923
0.854746 0.000461 0.000641 0.000298 0.000066 0.136083 0.007705 1.743967
0.856317 0.000446 0.000625 0.000292 0.000064 0.134549 0.007707 1.744015
0.857942 0.000426 0.000613 0.000291 0.000063 0.132959 0.007707 1.744065
0.859498 0.000424 0.000599 0.000281 0.000062 0.131430 0.007707 1.744102
0.861081 0.000407 0.000594 0.000271 0.000060 0.129880 0.007707 1.744152
0.862638 0.000404 0.000575 0.000270 0.000059 0.128348 0.007707 1.744192
0.864173 0.000399 0.000561 0.000262 0.000057 0.126842 0.007708 1.744229
0.865705 0.000387 0.000559 0.000257 0.000054 0.125331 0.007709 1.744273
0.867196 0.000383 0.000550 0.000251 0.000052 0.123856 0.007712 1.744311
0.868691 0.000361 0.000543 0.000248 0.000051 0.122395 0.007712 1.744356
0.870141 0.000361 0.000521 0.000247 0.000051 0.120967 0.007713 1.744387
0.871557 0.000351 0.000507 0.000237 0.000051 0.119585 0.007713 1.744425
0.872951 0.000347 0.000492 0.000231 0.000051 0.118218 0.007713 1.744459
0.874249 0.000341 0.000484 0.000230 0.000049 0.116934 0.007714 1.744500
0.875620 0.000334 0.000476 0.000222 0.000048 0.115586 0.007715 1.744533
0.876976 0.000332 0.000465 0.000218 0.000048 0.114247 0.007715 1.744563
0.878311 0.000318 0.000455 0.000215 0.000049 0.112938 0.007715 1.744596
0.879560 0.000314 0.000448 0.000209 0.000049 0.111707 0.007715 1.744627
0.880828 0.000307 0.000430 0.000201 0.000048 0.110470 0.007716 1.744657
0.882106 0.000298 0.000426 0.000195 0.000047 0.109213 0.007716 1.744694
0.883341 0.000296 0.000417 0.000192 0.000046 0.107992 0.007716 1.744719
0.884567 0.000295 0.000403 0.000185 0.000047 0.106788 0.007717 1.744743
0.885716 0.000293 0.000397 0.000184 0.000043 0.105649 0.007719 1.744770
0.886918 0.000290 0.000387 0.000180 0.000042 0.104465 0.007720 1.744804
0.888081 0.000289 0.000377 0.000173 0.000041 0.103319 0.007721 1.744829
0.889220 0.000288 0.000371 0.000169 0.000038 0.102192 0.007722 1.744856
0.890321 0.000279 0.000368 0.000170 0.000037 0.101103 0.007722 1.744886
0.891381 0.000275 0.000359 0.000168 0.000036 0.100058 0.007723 1.744914
0.892477 0.000269 0.000353 0.000163 0.000036 0.098980 0.007723 1.744937
0.893504 0.000267 0.000348 0.000156 0.000035 0.097966 0.007723 1.744960
0.894536 0.000273 0.000343 0.000153 0.000035 0.096937 0.007724 1.744982
0.895557 0.000264 0.000342 0.000154 0.000034 0.095925 0.007725 1.745013
0.896598 0.000259 0.000338 0.000147 0.000033 0.094901 0.007725 1.745039
0.897614 0.000251 0.000330 0.000153 0.000032 0.093894 0.007725 1.745065
0.898599 0.000249 0.000322 0.000150 0.000031 0.092923 0.007726 1.745088
0.899578 0.000254 0.000308 0.000149 0.000031 0.091953 0.007727 1.745111
0.900535 0.000253 0.000303 0.000148 0.000030 0.091004 0.007727 1.745136
0.901490 0.000248 0.000289 0.000145 0.000030 0.090071 0.007728 1.745159
0.902407 0.000254 0.000283 0.000138 0.000030 0.089159 0.007728 1.745177
0.903299 0.000253 0.000279 0.000136 0.000031 0.088274 0.007728 1.745198
0.904181 0.000252 0.000269 0.000136 0.000029 0.087406 0.007729 1.745222
0.905064 0.000245 0.000266 0.000138 0.000028 0.086531 0.007729 1.745247
0.905918 0.000239 0.000262 0.000137 0.000028 0.085688 0.007729 1.745274
0.906766 0.000233 0.000260 0.000135 0.000027 0.084850 0.007729 1.745297
0.907592 0.000232 0.000254 0.000135 0.000027 0.084031 0.007729 1.745316
0.908387 0.000234 0.000249 0.000132 0.000026 0.083243 0.007729 1.745339
0.909204 0.000232 0.000245 0.000136 0.000026 0.082428 0.007729 1.745365
0.909993 0.000224 0.000246 0.000136 0.000028 0.081645 0.007729 1.745389
0.910766 0.000221 0.000242 0.000136 0.000028 0.080878 0.007729 1.745412
0.911509 0.000213 0.000246 0.000132 0.000027 0.080145 0.007729 1.745438
0.912261 0.000206 0.000242 0.000127 0.000027 0.079407 0.007729 1.745460
0.913013 0.000201 0.000242 0.000127 0.000026 0.078662 0.007729 1.745482
0.913709 0.000204 0.000233 0.000123 0.000025 0.077976 0.007730 1.745497
0.914439 0.000203 0.000225 0.000125 0.000025 0.077253 0.007730 1.745518
0.915118 0.000200 0.000224 0.000127 0.000025 0.076576 0.007730 1.745536
0.915791 0.000197 0.000217 0.000128 0.000023 0.075912 0.007731 1.745557
0.916428 0.000195 0.000216 0.000126 0.000023 0.075281 0.007731 1.745580
0.917069 0.000190 0.000211 0.000126 0.000022 0.074650 0.007731 1.745601
0.917696 0.000190 0.000204 0.000127 0.000021 0.074030 0.007731 1.745620
0.918329 0.000194 0.000203 0.000126 0.000020 0.073396 0.007732 1.745639
0.918900 0.000190 0.000194 0.000128 0.000019 0.072837 0.007732 1.745659
0.919455 0.000188 0.000192 0.000125 0.000018 0.072290 0.007732 1.745676
0.920011 0.000178 0.000192 0.000121 0.000018 0.071748 0.007732 1.745694
0.920553 0.000175 0.000188 0.000123 0.000017 0.071211 0.007733 1.745716
0.921050 0.000177 0.000188 0.000120 0.000017 0.070715 0.007733 1.745731
0.921554 0.000176 0.000189 0.000119 0.000015 0.070215 0.007734 1.745748
0.922044 0.000176 0.000180 0.000112 0.000015 0.069739 0.007734 1.745761
0.922519 0.000175 0.000176 0.000113 0.000015 0.069268 0.007734 1.745776
0.922953 0.000172 0.000167 0.000109 0.000015 0.068850 0.007735 1.745790
0.923400 0.000171 0.000166 0.000106 0.000015 0.068407 0.007735 1.745808
0.923862 0.000171 0.000165 0.000101 0.000014 0.067951 0.007735 1.745821
0.924289 0.000167 0.000165 0.000101 0.000014 0.067527 0.007736 1.745840
0.924724 0.000157 0.000163 0.000101 0.000013 0.067104 0.007736 1.745859
0.925128 0.000155 0.000164 0.000102 0.000013 0.066701 0.007736 1.745875
0.925529 0.000150 0.000159 0.000098 0.000013 0.066313 0.007736 1.745892
0.925916 0.000148 0.000152 0.000093 0.000013 0.065940 0.007737 1.745904
0.926301 0.000151 0.000145 0.000092 0.000012 0.065561 0.007737 1.745914
0.926685 0.000149 0.000143 0.000087 0.000013 0.065184 0.007737 1.745930
0.927046 0.000149 0.000140 0.000087 0.000013 0.064827 0.007737 1.745943
0.927416 0.000142 0.000139 0.000083 0.000013 0.064469 0.007737 1.745958
0.927751 0.000143 0.000139 0.000079 0.000012 0.064138 0.007737 1.745972
0.928090 0.000142 0.000141 0.000078 0.000011 0.063799 0.007738 1.745987
0.928406 0.000141 0.000138 0.000074 0.000011 0.063493 0.007738 1.746000
0.928739 0.000142 0.000136 0.000070 0.000011 0.063165 0.007738 1.746011
0.929066 0.000143 0.000134 0.000066 0.000010 0.062843 0.007738 1.746020
0.929352 0.000142 0.000130 0.000064 0.000011 0.062564 0.007738 1.746032
0.929637 0.000141 0.000127 0.000063 0.000011 0.062283 0.007738 1.746045
0.929943 0.000134 0.000124 0.000060 0.000011 0.061989 0.007738 1.746058
0.930231 0.000133 0.000124 0.000055 0.000012 0.061707 0.007738 1.746072
0.930499 0.000136 0.000127 0.000053 0.000012 0.061434 0.007739 1.746083
0.930770 0.000134 0.000126 0.000053 0.000012 0.061166 0.007739 1.746096
0.931026 0.000133 0.000126 0.000052 0.000013 0.060911 0.007739 1.746108
0.931287 0.000131 0.000121 0.000054 0.000013 0.060655 0.007739 1.746121
0.931520 0.000136 0.000119 0.000053 0.000012 0.060420 0.007739 1.746130
0.931766 0.000141 0.000119 0.000052 0.000012 0.060171 0.007739 1.746142
0.931991 0.000141 0.000120 0.000052 0.000012 0.059944 0.007739 1.746156
0.932208 0.000144 0.000116 0.000053 0.000012 0.059726 0.007739 1.746167
0.932462 0.000135 0.000119 0.000051 0.000012 0.059482 0.007739 1.746183
0.932682 0.000132 0.000116 0.000055 0.000011 0.059264 0.007740 1.746197
0.932889 0.000130 0.000114 0.000056 0.000010 0.059062 0.007740 1.746209
0.933069 0.000134 0.000111 0.000052 0.000009 0.058884 0.007741 1.746218
0.933264 0.000134 0.000109 0.000050 0.000009 0.058693 0.007741 1.746231
0.933469 0.000130 0.000111 0.000052 0.000008 0.058489 0.007741 1.746246
0.933645 0.000120 0.000115 0.000055 0.000008 0.058315 0.007741 1.746264
0.933830 0.000122 0.000114 0.000053 0.000007 0.058131 0.007742 1.746271
0.934013 0.000124 0.000114 0.000051 0.000007 0.057949 0.007742 1.746278
0.934182 0.000131 0.000110 0.000050 0.000007 0.057778 0.007742 1.746286
0.934364 0.000126 0.000116 0.000052 0.000007 0.057594 0.007742 1.746300
0.934529 0.000125 0.000117 0.000050 0.000006 0.057432 0.007742 1.746312
0.934695 0.000119 0.000117 0.000051 0.000006 0.057271 0.007742 1.746325
0.934870 0.000115 0.000117 0.000050 0.000006 0.057100 0.007742 1.746338
0.935028 0.000113 0.000118 0.000049 0.000005 0.056945 0.007742 1.746349
0.935161 0.000117 0.000119 0.000048 0.000006 0.056808 0.007742 1.746358
0.935303 0.000113 0.000122 0.000045 0.000006 0.056668 0.007742 1.746371
0.935451 0.000111 0.000121 0.000050 0.000005 0.056518 0.007742 1.746382
0.935593 0.000111 0.000124 0.000052 0.000005 0.056372 0.007742 1.746396
0.935718 0.000112 0.000119 0.000054 0.000004 0.056249 0.007743 1.746406
0.935854 0.000110 0.000124 0.000055 0.000004 0.056110 0.007743 1.746418
0.935972 0.000116 0.000119 0.000054 0.000003 0.055992 0.007743 1.746426
0.936085 0.000121 0.000113 0.000055 0.000004 0.055879 0.007743 1.746434
0.936197 0.000123 0.000112 0.000054 0.000003 0.055768 0.007743 1.746445
0.936305 0.000122 0.000110 0.000056 0.000003 0.055661 0.007743 1.746457
0.936431 0.000123 0.000110 0.000057 0.000003 0.055534 0.007743 1.746471
0.936532 0.000118 0.000114 0.000056 0.000002 0.055435 0.007743 1.746485
0.936642 0.000114 0.000114 0.000056 0.000002 0.055328 0.007743 1.746497
0.936746 0.000114 0.000108 0.000057 0.000002 0.055230 0.007743 1.746507
0.936848 0.000117 0.000108 0.000057 0.000002 0.055124 0.007743 1.746519
0.936952 0.000116 0.000106 0.000055 0.000002 0.055026 0.007743 1.746528
0.937054 0.000116 0.000102 0.000056 0.000002 0.054927 0.007743 1.746537
0.937144 0.000107 0.000105 0.000060 0.000002 0.054839 0.007743 1.746553
0.937234 0.000106 0.000103 0.000060 0.000002 0.054751 0.007743 1.746564
0.937329 0.000104 0.000103 0.000062 0.000002 0.054657 0.007743 1.746575
0.937416 0.000101 0.000096 0.000063 0.000002 0.054578 0.007743 1.746584
0.937502 0.000101 0.000100 0.000061 0.000002 0.054492 0.007743 1.746597
0.937598 0.000095 0.000100 0.000060 0.000002 0.054401 0.007743 1.746609
0.937676 0.000092 0.000102 0.000060 0.000002 0.054325 0.007743 1.746620
0.937759 0.000092 0.000100 0.000057 0.000002 0.054247 0.007743 1.746629
0.937836 0.000088 0.000100 0.000058 0.000002 0.054173 0.007743 1.746639
0.937906 0.000095 0.000098 0.000054 0.000002 0.054101 0.007743 1.746644
0.937982 0.000098 0.000092 0.000051 0.000002 0.054031 0.007743 1.746650
0.938069 0.000101 0.000086 0.000050 0.000003 0.053948 0.007743 1.746655
0.938143 0.000103 0.000082 0.000050 0.000003 0.053875 0.007743 1.746661
0.938219 0.000102 0.000080 0.000050 0.000003 0.053802 0.007743 1.746669
0.938297 0.000102 0.000078 0.000048 0.000003 0.053728 0.007743 1.746676
0.938365 0.000100 0.000081 0.000049 0.000003 0.053659 0.007743 1.746686
0.938428 0.000094 0.000078 0.000051 0.000003 0.053603 0.007743 1.746694
0.938493 0.000091 0.000080 0.000053 0.000003 0.053536 0.007743 1.746705
0.938561 0.000086 0.000082 0.000053 0.000003 0.053473 0.007743 1.746717
0.938621 0.000087 0.000081 0.000053 0.000003 0.053412 0.007743 1.746726
0.938684 0.000082 0.000084 0.000053 0.000002 0.053352 0.007743 1.746738
0.938736 0.000085 0.000082 0.000052 0.000002 0.053300 0.007743 1.746744
0.938785 0.000082 0.000084 0.000050 0.000001 0.053254 0.007744 1.746755
0.938841 0.000081 0.000081 0.000048 0.000001 0.053203 0.007744 1.746761
0.938908 0.000078 0.000085 0.000048 0.000000 0.053137 0.007744 1.746773
0.938968 0.000074 0.000084 0.000047 0.000000 0.053082 0.007744 1.746783
0.939019 0.000073 0.000083 0.000045 0.000000 0.053036 0.007744 1.746788
0.939069 0.000074 0.000077 0.000040 0.000002 0.052994 0.007744 1.746792
0.939126 0.000071 0.000073 0.000040 0.000002 0.052944 0.007744 1.746799
0.939171 0.000069 0.000077 0.000040 0.000002 0.052898 0.007744 1.746809
0.939221 0.000065 0.000075 0.000040 0.000002 0.052854 0.007744 1.746818
0.939272 0.000065 0.000074 0.000040 0.000002 0.052803 0.007744 1.746824
0.939316 0.000064 0.000070 0.000041 0.000002 0.052763 0.007744 1.746829
0.939358 0.000064 0.000068 0.000041 0.000002 0.052723 0.007744 1.746834
0.939407 0.000063 0.000065 0.000041 0.000002 0.052680 0.007744 1.746840
0.939451 0.000062 0.000065 0.000041 0.000002 0.052634 0.007744 1.746845
0.939488 0.000060 0.000066 0.000039 0.000002 0.052600 0.007744 1.746853
0.939538 0.000059 0.000064 0.000040 0.000002 0.052554 0.007744 1.746859
0.939578 0.000057 0.000066 0.000039 0.000003 0.052514 0.007744 1.746865
0.939626 0.000055 0.000067 0.000037 0.000003 0.052467 0.007744 1.746873
0.939670 0.000054 0.000066 0.000037 0.000003 0.052425 0.007744 1.746878
0.939717 0.000054 0.000068 0.000035 0.000003 0.052378 0.007744 1.746884
0.939762 0.000052 0.000068 0.000036 0.000003 0.052335 0.007744 1.746889
0.939805 0.000050 0.000068 0.000035 0.000003 0.052296 0.007744 1.746896
0.939832 0.000054 0.000061 0.000034 0.000003 0.052272 0.007744 1.746898
0.939875 0.000054 0.000059 0.000031 0.000003 0.052233 0.007744 1.746902
0.939920 0.000054 0.000058 0.000029 0.000003 0.052192 0.007744 1.746906
0.939956 0.000056 0.000058 0.000028 0.000003 0.052156 0.007744 1.746910
0.939984 0.000056 0.000058 0.000026 0.000003 0.052129 0.007744 1.746915
0.940016 0.000057 0.000056 0.000026 0.000003 0.052096 0.007744 1.746917
0.940045 0.000055 0.000057 0.000028 0.000003 0.052069 0.007744 1.746923
0.940072 0.000052 0.000057 0.000027 0.000003 0.052046 0.007744 1.746928
0.940101 0.000051 0.000057 0.000026 0.000003 0.052018 0.007744 1.746934
0.940138 0.000045 0.000057 0.000027 0.000003 0.051985 0.007744 1.746941
0.940167 0.000044 0.000058 0.000027 0.000003 0.051957 0.007744 1.746947
0.940194 0.000043 0.000057 0.000029 0.000003 0.051931 0.007744 1.746952
0.940224 0.000042 0.000053 0.000027 0.000003 0.051906 0.007744 1.746956
0.940256 0.000040 0.000055 0.000026 0.000003 0.051876 0.007744 1.746961
0.940280 0.000043 0.000052 0.000025 0.000003 0.051854 0.007744 1.746963
0.940310 0.000039 0.000053 0.000025 0.000003 0.051825 0.007744 1.746970
0.940335 0.000039 0.000053 0.000024 0.000003 0.051803 0.007744 1.746973
0.940369 0.000039 0.000050 0.000024 0.000003 0.051771 0.007744 1.746975
0.940390 0.000040 0.000051 0.000025 0.000003 0.051748 0.007744 1.746981
0.940409 0.000039 0.000050 0.000024 0.000003 0.051732 0.007744 1.746986
0.940434 0.000038 0.000047 0.000024 0.000003 0.051710 0.007744 1.746991
0.940458 0.000037 0.000047 0.000024 0.000003 0.051687 0.007744 1.746995
0.940481 0.000037 0.000046 0.000024 0.000003 0.051665 0.007744 1.746998
0.940508 0.000035 0.000048 0.000022 0.000003 0.051640 0.007744 1.747001
0.940538 0.000033 0.000048 0.000022 0.000003 0.051612 0.007744 1.747005
0.940564 0.000032 0.000048 0.000021 0.000004 0.051587 0.007744 1.747007
0.940588 0.000033 0.000046 0.000022 0.000004 0.051563 0.007744 1.747009
0.940610 0.000034 0.000041 0.000022 0.000004 0.051544 0.007744 1.747012
0.940631 0.000032 0.000044 0.000022 0.000004 0.051523 0.007744 1.747018
0.940650 0.000031 0.000044 0.000022 0.000004 0.051505 0.007744 1.747022
0.940674 0.000033 0.000043 0.000019 0.000003 0.051484 0.007744 1.747025
0.940696 0.000034 0.000041 0.000018 0.000003 0.051464 0.007744 1.747027
0.940712 0.000035 0.000040 0.000017 0.000003 0.051449 0.007744 1.747029
0.940729 0.000033 0.000038 0.000018 0.000003 0.051435 0.007744 1.747032
0.940749 0.000032 0.000036 0.000019 0.000002 0.051418 0.007745 1.747036
0.940772 0.000034 0.000035 0.000018 0.000002 0.051395 0.007745 1.747038
0.940795 0.000031 0.000036 0.000018 0.000002 0.051374 0.007745 1.747041
0.940810 0.000031 0.000036 0.000017 0.000001 0.051360 0.007745 1.747044
0.940830 0.000031 0.000036 0.000018 0.000001 0.051340 0.007745 1.747049
0.940849 0.000029 0.000033 0.000018 0.000001 0.051325 0.007745 1.747052
0.940865 0.000033 0.000031 0.000017 0.000001 0.051309 0.007745 1.747054
0.940883 0.000037 0.000029 0.000018 0.000001 0.051287 0.007745 1.747056
0.940893 0.000038 0.000027 0.000016 0.000001 0.051280 0.007745 1.747058
0.940907 0.000036 0.000026 0.000016 0.000001 0.051269 0.007745 1.747063
0.940927 0.000035 0.000024 0.000016 0.000001 0.051253 0.007745 1.747066
0.940943 0.000034 0.000024 0.000016 0.000000 0.051237 0.007745 1.747069
0.940959 0.000036 0.000023 0.000015 0.000000 0.051222 0.007745 1.747071
0.940971 0.000035 0.000024 0.000016 0.000000 0.051210 0.007745 1.747074
0.940977 0.000037 0.000022 0.000015 0.000000 0.051203 0.007745 1.747077
0.940988 0.000037 0.000022 0.000017 0.000000 0.051190 0.007745 1.747080
0.941001 0.000037 0.000023 0.000017 0.000000 0.051177 0.007745 1.747084
0.941015 0.000035 0.000024 0.000017 0.000000 0.051163 0.007745 1.747088
0.941036 0.000033 0.000026 0.000017 0.000000 0.051142 0.007745 1.747092
0.941045 0.000037 0.000026 0.000016 0.000000 0.051130 0.007745 1.747094
0.941055 0.000039 0.000027 0.000016 0.000000 0.051117 0.007745 1.747097
0.941067 0.000038 0.000028 0.000015 0.000000 0.051107 0.007745 1.747099
0.941077 0.000035 0.000031 0.000015 0.000000 0.051097 0.007745 1.747104
0.941090 0.000030 0.000032 0.000016 0.000000 0.051085 0.007745 1.747110
0.941102 0.000031 0.000031 0.000017 0.000000 0.051074 0.007745 1.747113
0.941118 0.000030 0.000031 0.000015 0.000001 0.051060 0.007745 1.747115
0.941129 0.000029 0.000030 0.000014 0.000001 0.051051 0.007745 1.747118
0.941143 0.000028 0.000032 0.000014 0.000001 0.051037 0.007745 1.747122
0.941156 0.000027 0.000031 0.000015 0.000001 0.051024 0.007745 1.747125
0.941166 0.000028 0.000030 0.000016 0.000001 0.051015 0.007745 1.747127
0.941176 0.000027 0.000030 0.000014 0.000000 0.051009 0.007745 1.747131
0.941185 0.000024 0.000031 0.000014 0.000000 0.051001 0.007745 1.747136
0.941192 0.000024 0.000031 0.000015 0.000000 0.050993 0.007745 1.747138
0.941204 0.000026 0.000028 0.000015 0.000000 0.050983 0.007745 1.747139
0.941214 0.000024 0.000028 0.000015 0.000000 0.050973 0.007745 1.747142
0.941223 0.000023 0.000029 0.000016 0.000000 0.050964 0.007745 1.747146
0.941228 0.000025 0.000029 0.000016 0.000000 0.050958 0.007745 1.747148
0.941237 0.000024 0.000028 0.000016 0.000000 0.050951 0.007745 1.747151
0.941247 0.000024 0.000028 0.000015 0.000000 0.050941 0.007745 1.747153
0.941255 0.000026 0.000027 0.000013 0.000000 0.050935 0.007745 1.747154
0.941264 0.000024 0.000029 0.000012 0.000000 0.050926 0.007745 1.747158
0.941271 0.000023 0.000030 0.000010 0.000000 0.050921 0.007746 1.747161
0.941275 0.000022 0.000031 0.000010 0.000000 0.050916 0.007746 1.747163
0.941280 0.000022 0.000030 0.000011 0.000000 0.050911 0.007746 1.747166
0.941282 0.000022 0.000031 0.000012 0.000000 0.050909 0.007746 1.747168
0.941288 0.000022 0.000029 0.000011 0.000000 0.050904 0.007746 1.747169
0.941295 0.000021 0.000028 0.000010 0.000000 0.050900 0.007746 1.747172
0.941302 0.000021 0.000027 0.000010 0.000000 0.050895 0.007746 1.747174
0.941307 0.000020 0.000029 0.000008 0.000000 0.050890 0.007746 1.747177
0.941309 0.000021 0.000029 0.000009 0.000000 0.050887 0.007746 1.747180
0.941314 0.000022 0.000028 0.000008 0.000000 0.050884 0.007746 1.747181
0.941316 0.000024 0.000026 0.000008 0.000000 0.050880 0.007746 1.747182
0.941319 0.000025 0.000026 0.000008 0.000000 0.050876 0.007746 1.747184
0.941322 0.000026 0.000025 0.000010 0.000000 0.050871 0.007746 1.747187
0.941324 0.000028 0.000023 0.000010 0.000000 0.050870 0.007746 1.747189
0.941326 0.000028 0.000024 0.000010 0.000000 0.050867 0.007746 1.747193
0.941331 0.000028 0.000023 0.000010 0.000000 0.050863 0.007746 1.747195
0.941337 0.000026 0.000022 0.000010 0.000000 0.050860 0.007746 1.747198
0.941341 0.000026 0.000023 0.000011 0.000000 0.050854 0.007746 1.747200
0.941348 0.000025 0.000022 0.000012 0.000000 0.050849 0.007746 1.747203
0.941350 0.000025 0.000022 0.000010 0.000000 0.050848 0.007746 1.747206
0.941357 0.000020 0.000022 0.000012 0.000000 0.050843 0.007746 1.747211
0.941365 0.000018 0.000023 0.000012 0.000000 0.050836 0.007746 1.747214
0.941373 0.000018 0.000022 0.000012 0.000000 0.050830 0.007746 1.747215
0.941380 0.000016 0.000022 0.000013 0.000000 0.050824 0.007746 1.747218
0.941385 0.000017 0.000023 0.000013 0.000000 0.050816 0.007746 1.747219
0.941388 0.000017 0.000024 0.000012 0.000000 0.050814 0.007746 1.747222
0.941393 0.000016 0.000023 0.000011 0.000000 0.050812 0.007746 1.747224
0.941395 0.000018 0.000022 0.000011 0.000000 0.050809 0.007746 1.747225
0.941396 0.000017 0.000022 0.000012 0.000000 0.050809 0.007746 1.747229
0.941398 0.000013 0.000023 0.000014 0.000000 0.050806 0.007746 1.747234
0.941402 0.000012 0.000023 0.000016 0.000000 0.050802 0.007746 1.747237
0.941407 0.000011 0.000022 0.000016 0.000000 0.050799 0.007746 1.747238
0.941413 0.000010 0.000021 0.000015 0.000000 0.050796 0.007746 1.747240
0.941417 0.000012 0.000019 0.000015 0.000000 0.050793 0.007746 1.747240
0.941421 0.000013 0.000016 0.000014 0.000000 0.050790 0.007746 1.747240
0.941424 0.000013 0.000015 0.000014 0.000000 0.050789 0.007746 1.747242
0.941429 0.000012 0.000016 0.000014 0.000000 0.050785 0.007746 1.747244
0.941432 0.000013 0.000016 0.000013 0.000000 0.050781 0.007746 1.747244
0.941436 0.000013 0.000016 0.000011 0.000000 0.050779 0.007746 1.747246
0.941440 0.000011 0.000015 0.000012 0.000000 0.050778 0.007746 1.747248
0.941441 0.000012 0.000014 0.000011 0.000000 0.050777 0.007746 1.747248
0.941444 0.000012 0.000013 0.000010 0.000000 0.050776 0.007746 1.747249
0.941450 0.000012 0.000013 0.000009 0.000000 0.050771 0.007746 1.747250
0.941452 0.000013 0.000013 0.000009 0.000000 0.050767 0.007746 1.747251
0.941455 0.000014 0.000015 0.000007 0.000000 0.050764 0.007746 1.747252
0.941455 0.000015 0.000014 0.000008 0.000000 0.050763 0.007746 1.747254
0.941460 0.000015 0.000015 0.000008 0.000000 0.050757 0.007746 1.747256
0.941463 0.000014 0.000015 0.000008 0.000000 0.050754 0.007746 1.747258
0.941468 0.000014 0.000014 0.000008 0.000000 0.050750 0.007746 1.747259
0.941471 0.000013 0.000015 0.000009 0.000000 0.050747 0.007746 1.747261
0.941471 0.000013 0.000014 0.000010 0.000000 0.050748 0.007746 1.747263
0.941474 0.000012 0.000014 0.000010 0.000000 0.050746 0.007746 1.747263
0.941477 0.000013 0.000013 0.000009 0.000000 0.050743 0.007746 1.747265
0.941480 0.000011 0.000014 0.000008 0.000000 0.050742 0.007746 1.747267
0.941485 0.000010 0.000014 0.000008 0.000000 0.050738 0.007746 1.747267
0.941485 0.000013 0.000014 0.000008 0.000000 0.050736 0.007746 1.747267
0.941487 0.000013 0.000014 0.000008 0.000000 0.050733 0.007746 1.747269
0.941489 0.000013 0.000015 0.000008 0.000000 0.050731 0.007746 1.747271
0.941491 0.000013 0.000013 0.000008 0.000000 0.050729 0.007746 1.747272
0.941495 0.000010 0.000014 0.000008 0.000000 0.050728 0.007746 1.747274
0.941495 0.000012 0.000014 0.000008 0.000000 0.050725 0.007746 1.747274
0.941495 0.000014 0.000013 0.000007 0.000000 0.050726 0.007746 1.747275
0.941499 0.000014 0.000013 0.000007 0.000000 0.050722 0.007746 1.747276
0.941502 0.000013 0.000012 0.000008 0.000000 0.050720 0.007746 1.747276
0.941504 0.000014 0.000012 0.000008 0.000000 0.050716 0.007746 1.747277
0.941506 0.000015 0.000012 0.000008 0.000000 0.050714 0.007746 1.747278
0.941508 0.000014 0.000012 0.000008 0.000000 0.050714 0.007746 1.747279
0.941509 0.000014 0.000014 0.000008 0.000000 0.050708 0.007746 1.747282
0.941513 0.000014 0.000014 0.000008 0.000000 0.050706 0.007746 1.747283
0.941515 0.000013 0.000013 0.000008 0.000000 0.050705 0.007746 1.747284
0.941518 0.000013 0.000013 0.000008 0.000000 0.050702 0.007746 1.747285
0.941517 0.000015 0.000013 0.000008 0.000000 0.050701 0.007746 1.747286
0.941518 0.000016 0.000014 0.000008 0.000000 0.050699 0.007746 1.747287
0.941521 0.000014 0.000014 0.000010 0.000000 0.050695 0.007746 1.747290
0.941522 0.000014 0.000015 0.000010 0.000000 0.050694 0.007746 1.747293
0.941521 0.000016 0.000015 0.000010 0.000000 0.050692 0.007746 1.747294
0.941522 0.000016 0.000015 0.000008 0.000000 0.050693 0.007746 1.747295
0.941525 0.000017 0.000014 0.000008 0.000000 0.050690 0.007746 1.747296
0.941526 0.000017 0.000013 0.000008 0.000000 0.050690 0.007746 1.747297
0.941526 0.000018 0.000013 0.000007 0.000001 0.050690 0.007746 1.747298
0.941528 0.000018 0.000012 0.000006 0.000001 0.050691 0.007746 1.747299
0.941533 0.000019 0.000010 0.000005 0.000001 0.050687 0.007746 1.747300
0.941534 0.000018 0.000012 0.000005 0.000001 0.050685 0.007746 1.747301
0.941534 0.000021 0.000013 0.000005 0.000001 0.050682 0.007746 1.747302
0.941536 0.000020 0.000013 0.000005 0.000001 0.050680 0.007746 1.747304
0.941537 0.000020 0.000013 0.000006 0.000001 0.050678 0.007746 1.747306
0.941539 0.000018 0.000013 0.000006 0.000001 0.050678 0.007746 1.747309
0.941539 0.000019 0.000013 0.000006 0.000001 0.050676 0.007746 1.747311
0.941540 0.000019 0.000013 0.000006 0.000001 0.050675 0.007746 1.747312
0.941541 0.000019 0.000012 0.000006 0.000001 0.050676 0.007746 1.747313
0.941541 0.000020 0.000012 0.000007 0.000001 0.050674 0.007746 1.747314
0.941544 0.000019 0.000014 0.000008 0.000001 0.050669 0.007746 1.747317
0.941544 0.000018 0.000015 0.000009 0.000001 0.050668 0.007746 1.747321
0.941543 0.000018 0.000014 0.000009 0.000001 0.050670 0.007746 1.747322
0.941544 0.000016 0.000013 0.000009 0.000001 0.050671 0.007746 1.747324
0.941546 0.000017 0.000012 0.000008 0.000001 0.050671 0.007746 1.747324
0.941547 0.000018 0.000010 0.000008 0.000001 0.050671 0.007746 1.747324
0.941549 0.000016 0.000011 0.000007 0.000001 0.050670 0.007746 1.747326
0.941551 0.000016 0.000012 0.000007 0.000001 0.050668 0.007746 1.747327
0.941552 0.000018 0.000012 0.000008 0.000001 0.050665 0.007746 1.747328
0.941553 0.000014 0.000015 0.000007 0.000000 0.050665 0.007746 1.747331
0.941555 0.000014 0.000014 0.000007 0.000000 0.050665 0.007746 1.747333
0.941554 0.000015 0.000012 0.000007 0.000000 0.050666 0.007746 1.747334
0.941554 0.000014 0.000012 0.000007 0.000000 0.050666 0.007746 1.747336
0.941555 0.000016 0.000012 0.000007 0.000000 0.050665 0.007746 1.747337
0.941557 0.000015 0.000012 0.000006 0.000000 0.050664 0.007746 1.747338
0.941560 0.000013 0.000012 0.000007 0.000000 0.050663 0.007746 1.747341
0.941560 0.000014 0.000013 0.000006 0.000000 0.050661 0.007746 1.747342
0.941560 0.000014 0.000014 0.000007 0.000000 0.050660 0.007746 1.747344
0.941561 0.000014 0.000013 0.000006 0.000000 0.050660 0.007746 1.747344
0.941563 0.000014 0.000011 0.000006 0.000000 0.050659 0.007746 1.747345
0.941563 0.000015 0.000010 0.000006 0.000000 0.050659 0.007746 1.747346
0.941564 0.000014 0.000012 0.000007 0.000000 0.050658 0.007746 1.747348
0.941563 0.000014 0.000013 0.000007 0.000000 0.050657 0.007746 1.747350
0.941565 0.000013 0.000013 0.000007 0.000000 0.050656 0.007746 1.747351
0.941567 0.000014 0.000012 0.000006 0.000000 0.050655 0.007746 1.747351
0.941569 0.000013 0.000011 0.000006 0.000000 0.050655 0.007746 1.747352
0.941569 0.000013 0.000012 0.000006 0.000000 0.050654 0.007746 1.747353
0.941570 0.000013 0.000012 0.000006 0.000000 0.050653 0.007746 1.747354
0.941570 0.000015 0.000012 0.000006 0.000000 0.050651 0.007746 1.747355
0.941570 0.000013 0.000012 0.000006 0.000000 0.050653 0.007746 1.747357
0.941571 0.000012 0.000012 0.000006 0.000000 0.050653 0.007746 1.747359
0.941572 0.000012 0.000012 0.000005 0.000000 0.050653 0.007746 1.747360
0.941573 0.000011 0.000013 0.000006 0.000000 0.050651 0.007746 1.747362
0.941575 0.000010 0.000014 0.000006 0.000000 0.050648 0.007746 1.747365
0.941574 0.000011 0.000013 0.000006 0.000000 0.050649 0.007746 1.747366
0.941575 0.000012 0.000012 0.000006 0.000000 0.050649 0.007746 1.747366
0.941575 0.000012 0.000013 0.000005 0.000000 0.050649 0.007746 1.747368
0.941574 0.000014 0.000013 0.000005 0.000000 0.050648 0.007746 1.747369
0.941574 0.000015 0.000013 0.000005 0.000000 0.050648 0.007746 1.747369
0.941574 0.000015 0.000013 0.000005 0.000000 0.050647 0.007746 1.747369
0.941574 0.000017 0.000013 0.000004 0.000000 0.050647 0.007746 1.747370
0.941575 0.000014 0.000013 0.000004 0.000000 0.050647 0.007746 1.747373
0.941574 0.000014 0.000014 0.000005 0.000000 0.050647 0.007746 1.747375
0.941573 0.000017 0.000013 0.000005 0.000000 0.050647 0.007746 1.747376
0.941573 0.000015 0.000013 0.000007 0.000000 0.050647 0.007746 1.747379
0.941573 0.000016 0.000012 0.000007 0.000000 0.050648 0.007746 1.747380
0.941574 0.000016 0.000010 0.000007 0.000000 0.050647 0.007746 1.747381
0.941574 0.000016 0.000012 0.000006 0.000000 0.050646 0.007746 1.747383
0.941575 0.000016 0.000012 0.000006 0.000000 0.050646 0.007746 1.747384
0.941576 0.000015 0.000011 0.000006 0.000000 0.050646 0.007746 1.747386
0.941576 0.000014 0.000012 0.000006 0.000000 0.050646 0.007747 1.747388
0.941577 0.000013 0.000010 0.000006 0.000000 0.050647 0.007747 1.747389
0.941577 0.000012 0.000010 0.000006 0.000000 0.050648 0.007747 1.747390
0.941577 0.000013 0.000010 0.000006 0.000000 0.050647 0.007747 1.747390
0.941577 0.000012 0.000010 0.000006 0.000000 0.050647 0.007747 1.747392
0.941577 0.000013 0.000010 0.000006 0.000000 0.050647 0.007747 1.747392
0.941578 0.000013 0.000010 0.000007 0.000000 0.050645 0.007747 1.747393
0.941578 0.000013 0.000011 0.000006 0.000000 0.050645 0.007747 1.747394
0.941579 0.000012 0.000012 0.000005 0.000000 0.050646 0.007747 1.747396
0.941578 0.000012 0.000012 0.000005 0.000000 0.050647 0.007747 1.747397
0.941578 0.000010 0.000013 0.000006 0.000000 0.050647 0.007747 1.747399
0.941579 0.000009 0.000013 0.000006 0.000000 0.050647 0.007747 1.747400
0.941580 0.000009 0.000011 0.000005 0.000000 0.050648 0.007747 1.747400
0.941581 0.000009 0.000012 0.000005 0.000000 0.050647 0.007747 1.747401
0.941580 0.000010 0.000012 0.000005 0.000000 0.050647 0.007747 1.747402
0.941581 0.000010 0.000012 0.000004 0.000000 0.050647 0.007747 1.747402
0.941581 0.000010 0.000012 0.000004 0.000000 0.050646 0.007747 1.747403
0.941580 0.000011 0.000011 0.000003 0.000000 0.050647 0.007747 1.747403
0.941580 0.000010 0.000010 0.000005 0.000000 0.050648 0.007747 1.747404
0.941579 0.000008 0.000012 0.000006 0.000000 0.050649 0.007747 1.747407
0.941580 0.000007 0.000012 0.000005 0.000001 0.050649 0.007747 1.747408
0.941582 0.000007 0.000010 0.000005 0.000001 0.050649 0.007747 1.747409
0.941582 0.000007 0.000010 0.000005 0.000000 0.050649 0.007747 1.747409
0.941583 0.000009 0.000009 0.000005 0.000000 0.050648 0.007747 1.747409
0.941581 0.000010 0.000008 0.000005 0.000000 0.050649 0.007747 1.747409
