0.342580 0.062963 0.056044 0.032086 0.002181 0.498057 0.006090 1.629708
0.344623 0.061188 0.055898 0.031958 0.002173 0.498045 0.006115 1.635700
0.347122 0.058915 0.055688 0.031806 0.002166 0.498157 0.006146 1.641644
0.349950 0.056593 0.055455 0.031543 0.002161 0.498125 0.006175 1.647360
0.353042 0.054365 0.054950 0.031228 0.002178 0.498034 0.006203 1.652762
0.356351 0.052005 0.054389 0.030842 0.002182 0.498003 0.006228 1.658035
0.359781 0.049742 0.053755 0.030315 0.002173 0.497975 0.006258 1.663036
0.363339 0.047614 0.053073 0.029838 0.002177 0.497671 0.006288 1.667845
0.367087 0.045561 0.052235 0.029350 0.002169 0.497281 0.006317 1.672422
0.370870 0.043656 0.051380 0.028768 0.002169 0.496813 0.006344 1.676717
0.374741 0.041818 0.050372 0.028224 0.002159 0.496308 0.006378 1.680908
0.378690 0.039999 0.049388 0.027664 0.002165 0.495695 0.006399 1.684975
0.382765 0.038311 0.048326 0.027149 0.002144 0.494876 0.006431 1.688866
0.386846 0.036688 0.047372 0.026520 0.002138 0.493973 0.006464 1.692579
0.390950 0.035202 0.046304 0.025926 0.002127 0.493004 0.006488 1.696117
0.395188 0.033814 0.045136 0.025294 0.002109 0.491942 0.006518 1.699510
0.399380 0.032517 0.044037 0.024578 0.002096 0.490853 0.006539 1.702748
0.403634 0.031272 0.042979 0.023945 0.002063 0.489539 0.006569 1.705831
0.407903 0.029989 0.042012 0.023313 0.002044 0.488141 0.006597 1.708931
0.412190 0.028905 0.040910 0.022649 0.002028 0.486697 0.006620 1.711818
0.416646 0.027843 0.039810 0.022000 0.001999 0.485055 0.006648 1.714583
0.420963 0.026851 0.038721 0.021394 0.001976 0.483417 0.006677 1.717268
0.425274 0.025907 0.037627 0.020781 0.001957 0.481749 0.006706 1.719875
0.429649 0.025046 0.036543 0.020195 0.001948 0.479892 0.006728 1.722338
0.434054 0.024179 0.035530 0.019580 0.001930 0.477974 0.006752 1.724755
0.438470 0.023405 0.034548 0.018946 0.001903 0.475951 0.006777 1.727053
0.442886 0.022667 0.033599 0.018427 0.001879 0.473742 0.006800 1.729323
0.447417 0.021934 0.032648 0.017863 0.001843 0.471466 0.006828 1.731505
0.451789 0.021216 0.031763 0.017339 0.001811 0.469226 0.006856 1.733655
0.456284 0.020557 0.030853 0.016825 0.001803 0.466802 0.006877 1.735675
0.460763 0.019928 0.029982 0.016340 0.001774 0.464308 0.006905 1.737678
0.465217 0.019314 0.029152 0.015897 0.001744 0.461750 0.006926 1.739616
0.469799 0.018798 0.028286 0.015421 0.001715 0.459036 0.006946 1.741450
0.474209 0.018315 0.027437 0.014950 0.001692 0.456429 0.006968 1.743234
0.478704 0.017825 0.026606 0.014536 0.001673 0.453668 0.006987 1.744968
0.483168 0.017327 0.025915 0.014098 0.001648 0.450837 0.007008 1.746707
0.487657 0.016878 0.025160 0.013645 0.001626 0.448008 0.007027 1.748398
0.492034 0.016403 0.024527 0.013266 0.001600 0.445126 0.007046 1.750077
0.496427 0.016007 0.023791 0.012886 0.001575 0.442247 0.007068 1.751655
0.500814 0.015583 0.023145 0.012566 0.001551 0.439255 0.007086 1.753240
0.505089 0.015227 0.022471 0.012210 0.001528 0.436374 0.007102 1.754742
0.509392 0.014837 0.021831 0.011893 0.001505 0.433420 0.007120 1.756272
0.513661 0.014544 0.021208 0.011571 0.001469 0.430407 0.007142 1.757711
0.517943 0.014196 0.020636 0.011272 0.001449 0.427348 0.007157 1.759137
0.522195 0.013892 0.020092 0.010948 0.001413 0.424286 0.007174 1.760513
0.526358 0.013689 0.019513 0.010643 0.001374 0.421229 0.007195 1.761818
0.530497 0.013415 0.019058 0.010363 0.001354 0.418101 0.007212 1.763185
0.534670 0.013182 0.018534 0.010117 0.001328 0.414937 0.007230 1.764492
0.538856 0.012886 0.018016 0.009883 0.001303 0.411809 0.007248 1.765788
0.542954 0.012674 0.017514 0.009647 0.001278 0.408667 0.007267 1.767014
0.547140 0.012439 0.017092 0.009407 0.001251 0.405390 0.007282 1.768230
0.551118 0.012191 0.016646 0.009185 0.001219 0.402340 0.007301 1.769438
0.555139 0.011975 0.016184 0.008960 0.001187 0.399235 0.007321 1.770628
0.559110 0.011763 0.015782 0.008762 0.001166 0.396081 0.007336 1.771808
0.563201 0.011640 0.015368 0.008559 0.001140 0.392741 0.007350 1.772913
0.567161 0.011418 0.015087 0.008383 0.001119 0.389462 0.007370 1.774091
0.571064 0.011222 0.014801 0.008186 0.001099 0.386246 0.007383 1.775225
0.574903 0.011126 0.014495 0.007967 0.001085 0.383028 0.007397 1.776320
0.578849 0.010948 0.014183 0.007779 0.001072 0.379764 0.007406 1.777405
0.582726 0.010781 0.013879 0.007572 0.001054 0.376571 0.007418 1.778468
0.586484 0.010596 0.013581 0.007399 0.001034 0.373480 0.007428 1.779537
0.590140 0.010502 0.013312 0.007231 0.001010 0.370365 0.007441 1.780578
0.593774 0.010413 0.013081 0.007059 0.000995 0.367227 0.007451 1.781613
0.597433 0.010276 0.012807 0.006919 0.000967 0.364133 0.007466 1.782636
0.601138 0.010127 0.012524 0.006802 0.000944 0.360985 0.007481 1.783656
0.604705 0.010010 0.012252 0.006659 0.000924 0.357964 0.007487 1.784639
0.608326 0.009912 0.011992 0.006518 0.000913 0.354841 0.007498 1.785611
0.611994 0.009767 0.011776 0.006411 0.000891 0.351653 0.007510 1.786616
0.615457 0.009739 0.011540 0.006280 0.000873 0.348590 0.007522 1.787558
0.618900 0.009677 0.011310 0.006177 0.000860 0.345540 0.007536 1.788490
0.622367 0.009628 0.011111 0.006057 0.000838 0.342451 0.007548 1.789425
0.625810 0.009544 0.010909 0.005985 0.000820 0.339375 0.007558 1.790349
0.629332 0.009437 0.010701 0.005877 0.000801 0.336282 0.007571 1.791253
0.632693 0.009353 0.010552 0.005766 0.000790 0.333269 0.007578 1.792193
0.636045 0.009257 0.010385 0.005665 0.000775 0.330284 0.007588 1.793104
0.639441 0.009123 0.010240 0.005582 0.000756 0.327263 0.007596 1.794024
0.642645 0.009026 0.010081 0.005548 0.000734 0.324356 0.007610 1.794947
0.645874 0.008956 0.009942 0.005454 0.000714 0.321439 0.007621 1.795805
0.649126 0.008904 0.009775 0.005385 0.000704 0.318475 0.007632 1.796673
0.652303 0.008843 0.009641 0.005321 0.000692 0.315557 0.007643 1.797548
0.655430 0.008769 0.009527 0.005246 0.000681 0.312697 0.007650 1.798435
0.658588 0.008700 0.009420 0.005210 0.000664 0.309754 0.007664 1.799303
0.661619 0.008681 0.009329 0.005133 0.000653 0.306912 0.007673 1.800169
0.664609 0.008609 0.009238 0.005054 0.000639 0.304170 0.007682 1.801042
0.667515 0.008562 0.009141 0.004990 0.000629 0.301472 0.007691 1.801915
0.670466 0.008534 0.009045 0.004925 0.000619 0.298713 0.007700 1.802765
0.673374 0.008473 0.008991 0.004843 0.000613 0.296003 0.007703 1.803608
0.676254 0.008416 0.008888 0.004778 0.000607 0.293346 0.007712 1.804462
0.679128 0.008402 0.008759 0.004751 0.000595 0.290644 0.007721 1.805266
0.681966 0.008361 0.008698 0.004690 0.000585 0.287969 0.007730 1.806097
0.684797 0.008345 0.008614 0.004642 0.000579 0.285285 0.007738 1.806897
0.687591 0.008300 0.008551 0.004617 0.000564 0.282632 0.007746 1.807729
0.690331 0.008252 0.008465 0.004578 0.000560 0.280061 0.007753 1.808561
0.693065 0.008245 0.008368 0.004532 0.000551 0.277480 0.007759 1.809360
0.695808 0.008232 0.008282 0.004483 0.000533 0.274894 0.007768 1.810164
0.698416 0.008226 0.008235 0.004445 0.000523 0.272382 0.007776 1.810954
0.701012 0.008251 0.008180 0.004408 0.000513 0.269854 0.007782 1.811734
0.703586 0.008231 0.008132 0.004365 0.000505 0.267392 0.007789 1.812540
0.706193 0.008213 0.008102 0.004317 0.000497 0.264886 0.007793 1.813336
0.708636 0.008196 0.008033 0.004313 0.000486 0.262539 0.007799 1.814140
0.711071 0.008181 0.007978 0.004283 0.000471 0.260212 0.007805 1.814960
0.713551 0.008201 0.007918 0.004265 0.000462 0.257793 0.007810 1.815726
0.716017 0.008171 0.007923 0.004261 0.000457 0.255354 0.007818 1.816544
0.718365 0.008133 0.007879 0.004231 0.000449 0.253120 0.007824 1.817335
0.720725 0.008149 0.007839 0.004242 0.000436 0.250781 0.007829 1.818121
0.723037 0.008134 0.007795 0.004222 0.000434 0.248540 0.007838 1.818952
0.725380 0.008153 0.007776 0.004166 0.000430 0.246254 0.007842 1.819721
0.727603 0.008131 0.007764 0.004186 0.000427 0.244042 0.007847 1.820534
0.729895 0.008075 0.007735 0.004178 0.000423 0.241842 0.007853 1.821364
0.732089 0.008070 0.007690 0.004137 0.000416 0.239739 0.007858 1.822165
0.734334 0.008077 0.007646 0.004098 0.000410 0.237571 0.007865 1.822941
0.736431 0.008152 0.007607 0.004088 0.000406 0.235446 0.007872 1.823714
0.738635 0.008115 0.007611 0.004098 0.000395 0.233269 0.007878 1.824534
0.740685 0.008145 0.007553 0.004112 0.000389 0.231232 0.007884 1.825320
0.742792 0.008122 0.007565 0.004082 0.000386 0.229162 0.007891 1.826125
0.744754 0.008185 0.007489 0.004049 0.000385 0.227241 0.007898 1.826889
0.746783 0.008187 0.007470 0.004065 0.000377 0.225214 0.007904 1.827707
0.748806 0.008167 0.007466 0.004060 0.000376 0.223215 0.007910 1.828520
0.750754 0.008179 0.007516 0.004029 0.000369 0.221236 0.007917 1.829344
0.752706 0.008186 0.007525 0.004026 0.000366 0.219269 0.007920 1.830171
0.754658 0.008214 0.007493 0.004010 0.000365 0.217335 0.007925 1.830961
0.756634 0.008212 0.007478 0.004007 0.000359 0.215380 0.007930 1.831753
0.758492 0.008235 0.007499 0.004001 0.000354 0.213483 0.007936 1.832570
0.760286 0.008265 0.007485 0.003982 0.000346 0.211695 0.007941 1.833368
0.762065 0.008312 0.007503 0.003956 0.000345 0.209875 0.007945 1.834182
0.763744 0.008356 0.007486 0.003952 0.000344 0.208170 0.007949 1.834982
0.765476 0.008384 0.007459 0.003962 0.000340 0.206426 0.007954 1.835814
0.767221 0.008401 0.007472 0.003954 0.000339 0.204655 0.007958 1.836637
0.768935 0.008422 0.007479 0.003964 0.000334 0.202904 0.007963 1.837477
0.770636 0.008420 0.007505 0.003989 0.000329 0.201154 0.007967 1.838328
0.772352 0.008478 0.007461 0.003992 0.000324 0.199419 0.007974 1.839130
0.773901 0.008532 0.007499 0.003994 0.000323 0.197771 0.007980 1.839964
0.775507 0.008599 0.007481 0.004015 0.000322 0.196094 0.007982 1.840803
0.777071 0.008595 0.007497 0.004042 0.000317 0.194493 0.007986 1.841666
0.778555 0.008647 0.007494 0.004061 0.000311 0.192942 0.007991 1.842508
0.780007 0.008746 0.007514 0.004056 0.000311 0.191373 0.007993 1.843351
0.781486 0.008726 0.007568 0.004088 0.000307 0.189830 0.007996 1.844251
0.782995 0.008747 0.007558 0.004113 0.000307 0.188280 0.008000 1.845115
0.784430 0.008756 0.007600 0.004121 0.000304 0.186785 0.008004 1.845986
0.785860 0.008749 0.007634 0.004154 0.000302 0.185294 0.008008 1.846873
0.787257 0.008792 0.007617 0.004159 0.000304 0.183860 0.008011 1.847727
0.788610 0.008864 0.007659 0.004176 0.000302 0.182376 0.008015 1.848591
0.789919 0.008966 0.007629 0.004187 0.000307 0.180974 0.008018 1.849446
0.791204 0.009060 0.007633 0.004187 0.000306 0.179587 0.008024 1.850303
0.792573 0.009028 0.007688 0.004197 0.000305 0.178180 0.008030 1.851217
0.793840 0.009039 0.007757 0.004199 0.000308 0.176824 0.008033 1.852127
0.795086 0.009120 0.007750 0.004192 0.000303 0.175516 0.008035 1.852992
0.796271 0.009161 0.007768 0.004195 0.000303 0.174265 0.008038 1.853884
0.797493 0.009196 0.007798 0.004234 0.000303 0.172935 0.008042 1.854805
0.798715 0.009257 0.007819 0.004239 0.000304 0.171622 0.008045 1.855681
0.799855 0.009337 0.007828 0.004273 0.000306 0.170355 0.008048 1.856588
0.800996 0.009411 0.007856 0.004287 0.000308 0.169090 0.008053 1.857514
0.802139 0.009472 0.007905 0.004282 0.000312 0.167837 0.008055 1.858426
0.803239 0.009538 0.007975 0.004304 0.000307 0.166578 0.008059 1.859360
0.804343 0.009590 0.008006 0.004339 0.000303 0.165356 0.008064 1.860323
0.805407 0.009665 0.008062 0.004358 0.000305 0.164137 0.008068 1.861254
0.806498 0.009771 0.008056 0.004372 0.000308 0.162923 0.008073 1.862157
0.807615 0.009776 0.008087 0.004409 0.000314 0.161725 0.008074 1.863142
0.808634 0.009861 0.008106 0.004456 0.000308 0.160556 0.008079 1.864086
0.809546 0.009946 0.008126 0.004466 0.000310 0.159523 0.008083 1.865045
0.810522 0.009994 0.008186 0.004455 0.000320 0.158440 0.008085 1.866037
0.811492 0.010053 0.008221 0.004441 0.000318 0.157388 0.008088 1.866997
0.812425 0.010155 0.008276 0.004461 0.000318 0.156273 0.008092 1.867968
0.813339 0.010180 0.008334 0.004492 0.000318 0.155240 0.008096 1.868981
0.814233 0.010248 0.008388 0.004526 0.000316 0.154186 0.008102 1.869967
0.815021 0.010355 0.008456 0.004551 0.000314 0.153197 0.008105 1.870961
0.815852 0.010406 0.008520 0.004591 0.000312 0.152209 0.008111 1.871988
0.816639 0.010491 0.008586 0.004632 0.000311 0.151228 0.008114 1.873006
0.817383 0.010601 0.008667 0.004664 0.000315 0.150252 0.008118 1.874023
0.818103 0.010710 0.008688 0.004710 0.000315 0.149355 0.008120 1.875074
0.818872 0.010785 0.008744 0.004735 0.000318 0.148420 0.008126 1.876113
0.819610 0.010892 0.008783 0.004783 0.000322 0.147481 0.008129 1.877157
0.820249 0.010963 0.008856 0.004833 0.000325 0.146639 0.008136 1.878227
0.820977 0.011019 0.008931 0.004838 0.000321 0.145772 0.008142 1.879314
0.821657 0.011096 0.009019 0.004880 0.000319 0.144884 0.008145 1.880392
0.822326 0.011184 0.009096 0.004926 0.000320 0.143999 0.008149 1.881471
0.822897 0.011294 0.009182 0.004958 0.000320 0.143196 0.008153 1.882586
0.823474 0.011372 0.009223 0.004988 0.000317 0.142466 0.008159 1.883702
0.823945 0.011490 0.009301 0.005011 0.000326 0.141764 0.008162 1.884809
0.824425 0.011580 0.009342 0.005072 0.000315 0.141100 0.008167 1.885946
0.824951 0.011616 0.009411 0.005123 0.000318 0.140411 0.008170 1.887103
0.825469 0.011685 0.009454 0.005139 0.000313 0.139767 0.008175 1.888217
0.825954 0.011799 0.009495 0.005193 0.000317 0.139064 0.008179 1.889367
0.826431 0.011890 0.009552 0.005225 0.000323 0.138396 0.008182 1.890538
0.826982 0.011960 0.009588 0.005280 0.000323 0.137681 0.008188 1.891681
0.827442 0.012019 0.009646 0.005312 0.000320 0.137069 0.008193 1.892873
0.827855 0.012129 0.009725 0.005331 0.000325 0.136437 0.008198 1.894046
0.828282 0.012233 0.009790 0.005365 0.000328 0.135802 0.008201 1.895238
0.828739 0.012253 0.009859 0.005425 0.000333 0.135188 0.008202 1.896469
0.829174 0.012281 0.009961 0.005429 0.000334 0.134615 0.008207 1.897675
0.829600 0.012370 0.010051 0.005469 0.000338 0.133962 0.008210 1.898900
0.829995 0.012432 0.010147 0.005484 0.000346 0.133382 0.008214 1.900129
0.830354 0.012520 0.010249 0.005500 0.000344 0.132817 0.008217 1.901351
0.830771 0.012481 0.010307 0.005558 0.000344 0.132316 0.008223 1.902620
0.831148 0.012566 0.010334 0.005576 0.000349 0.131799 0.008229 1.903838
0.831501 0.012642 0.010404 0.005598 0.000350 0.131276 0.008230 1.905081
0.831767 0.012785 0.010491 0.005656 0.000359 0.130707 0.008236 1.906326
0.832014 0.012863 0.010564 0.005690 0.000360 0.130270 0.008240 1.907626
0.832217 0.012920 0.010635 0.005727 0.000366 0.129889 0.008246 1.908944
0.832443 0.013021 0.010725 0.005717 0.000369 0.129476 0.008250 1.910211
0.832717 0.013060 0.010815 0.005765 0.000372 0.129017 0.008254 1.911518
0.832986 0.013159 0.010841 0.005819 0.000371 0.128567 0.008257 1.912802
0.833184 0.013312 0.010883 0.005862 0.000379 0.128121 0.008260 1.914069
0.833381 0.013393 0.010938 0.005920 0.000377 0.127728 0.008264 1.915366
0.833553 0.013510 0.011008 0.005933 0.000385 0.127344 0.008269 1.916662
0.833701 0.013617 0.011098 0.005932 0.000387 0.126993 0.008275 1.918000
0.833839 0.013730 0.011191 0.005931 0.000396 0.126634 0.008279 1.919340
0.833936 0.013860 0.011254 0.005985 0.000395 0.126287 0.008282 1.920683
0.834022 0.013992 0.011296 0.006032 0.000401 0.125971 0.008287 1.922005
0.834121 0.014102 0.011363 0.006040 0.000404 0.125681 0.008291 1.923363
0.834218 0.014211 0.011442 0.006082 0.000398 0.125355 0.008294 1.924741
0.834357 0.014303 0.011477 0.006124 0.000405 0.125037 0.008299 1.926119
0.834371 0.014391 0.011602 0.006202 0.000410 0.124720 0.008304 1.927561
0.834418 0.014433 0.011658 0.006276 0.000407 0.124500 0.008309 1.929029
0.834478 0.014488 0.011770 0.006330 0.000411 0.124209 0.008313 1.930471
0.834495 0.014573 0.011903 0.006404 0.000410 0.123894 0.008320 1.931920
0.834524 0.014666 0.012023 0.006442 0.000409 0.123611 0.008326 1.933347
0.834571 0.014774 0.012095 0.006473 0.000405 0.123354 0.008330 1.934775
0.834549 0.014908 0.012165 0.006535 0.000404 0.123104 0.008336 1.936216
0.834508 0.015042 0.012231 0.006593 0.000404 0.122881 0.008343 1.937695
0.834458 0.015185 0.012284 0.006642 0.000410 0.122672 0.008349 1.939133
0.834451 0.015292 0.012332 0.006716 0.000412 0.122443 0.008353 1.940611
0.834408 0.015336 0.012474 0.006794 0.000410 0.122219 0.008359 1.942158
0.834333 0.015448 0.012557 0.006798 0.000415 0.122084 0.008366 1.943634
0.834269 0.015551 0.012656 0.006808 0.000419 0.121926 0.008371 1.945137
0.834098 0.015727 0.012701 0.006861 0.000422 0.121813 0.008377 1.946622
0.833955 0.015753 0.012856 0.006903 0.000423 0.121727 0.008383 1.948249
0.833803 0.015909 0.012910 0.006946 0.000424 0.121620 0.008389 1.949756
0.833663 0.016001 0.012992 0.006985 0.000429 0.121535 0.008395 1.951316
0.833499 0.016137 0.013100 0.007043 0.000429 0.121391 0.008401 1.952876
0.833296 0.016228 0.013181 0.007126 0.000439 0.121330 0.008402 1.954492
0.833176 0.016267 0.013309 0.007174 0.000438 0.121230 0.008407 1.956107
0.833036 0.016332 0.013398 0.007233 0.000442 0.121149 0.008411 1.957679
0.832931 0.016364 0.013492 0.007274 0.000445 0.121079 0.008416 1.959314
0.832789 0.016451 0.013625 0.007293 0.000453 0.120969 0.008421 1.960908
0.832583 0.016532 0.013686 0.007341 0.000450 0.120980 0.008427 1.962552
0.832396 0.016653 0.013732 0.007413 0.000453 0.120922 0.008431 1.964166
0.832228 0.016730 0.013788 0.007457 0.000456 0.120906 0.008436 1.965776
0.832009 0.016810 0.013848 0.007460 0.000459 0.120969 0.008446 1.967419
0.831788 0.016869 0.013980 0.007537 0.000462 0.120910 0.008455 1.969121
0.831534 0.016939 0.014056 0.007611 0.000464 0.120935 0.008462 1.970795
0.831305 0.017023 0.014146 0.007634 0.000463 0.120965 0.008466 1.972476
0.831118 0.017052 0.014260 0.007671 0.000463 0.120968 0.008470 1.974169
0.830919 0.017180 0.014288 0.007707 0.000466 0.120965 0.008477 1.975814
0.830616 0.017280 0.014381 0.007738 0.000460 0.121043 0.008482 1.977508
0.830383 0.017314 0.014481 0.007751 0.000460 0.121123 0.008489 1.979228
0.830050 0.017441 0.014536 0.007813 0.000463 0.121205 0.008494 1.980920
0.829767 0.017533 0.014628 0.007845 0.000475 0.121255 0.008498 1.982652
0.829526 0.017555 0.014741 0.007870 0.000487 0.121320 0.008502 1.984369
0.829281 0.017633 0.014756 0.007907 0.000486 0.121428 0.008509 1.986081
0.828959 0.017715 0.014840 0.007968 0.000481 0.121520 0.008517 1.987806
0.828672 0.017770 0.014911 0.008012 0.000478 0.121632 0.008526 1.989557
0.828397 0.017837 0.014954 0.008022 0.000480 0.121782 0.008529 1.991285
0.828102 0.017895 0.015032 0.008057 0.000480 0.121899 0.008536 1.993053
0.827730 0.018000 0.015103 0.008102 0.000477 0.122044 0.008544 1.994806
0.827367 0.018134 0.015165 0.008177 0.000469 0.122136 0.008553 1.996524
0.827082 0.018281 0.015218 0.008187 0.000474 0.122204 0.008556 1.998257
0.826827 0.018321 0.015282 0.008204 0.000476 0.122330 0.008561 2.000023
0.826463 0.018451 0.015353 0.008228 0.000477 0.122462 0.008568 2.001785
0.826130 0.018520 0.015396 0.008303 0.000481 0.122597 0.008574 2.003586
0.825868 0.018496 0.015484 0.008358 0.000484 0.122729 0.008580 2.005428
0.825445 0.018616 0.015583 0.008436 0.000490 0.122845 0.008586 2.007270
0.825082 0.018640 0.015652 0.008496 0.000497 0.123043 0.008590 2.009121
0.824703 0.018700 0.015756 0.008508 0.000499 0.123239 0.008595 2.010975
0.824368 0.018802 0.015769 0.008495 0.000502 0.123460 0.008604 2.012779
0.824046 0.018832 0.015830 0.008558 0.000503 0.123621 0.008611 2.014635
0.823710 0.018843 0.015859 0.008650 0.000503 0.123820 0.008615 2.016528
0.823364 0.018825 0.016021 0.008732 0.000502 0.123933 0.008622 2.018471
0.823029 0.018854 0.016068 0.008739 0.000512 0.124170 0.008629 2.020316
0.822650 0.018925 0.016099 0.008732 0.000515 0.124442 0.008636 2.022163
0.822259 0.018980 0.016203 0.008768 0.000511 0.124634 0.008646 2.024035
0.821892 0.019020 0.016252 0.008844 0.000514 0.124827 0.008651 2.025920
0.821575 0.019120 0.016305 0.008814 0.000515 0.125013 0.008658 2.027764
0.821220 0.019169 0.016377 0.008812 0.000524 0.125233 0.008665 2.029645
0.820841 0.019244 0.016404 0.008834 0.000529 0.125477 0.008671 2.031514
0.820463 0.019284 0.016453 0.008872 0.000536 0.125716 0.008676 2.033394
0.820047 0.019358 0.016525 0.008893 0.000539 0.125954 0.008684 2.035311
0.819695 0.019384 0.016579 0.008935 0.000542 0.126173 0.008692 2.037212
0.819299 0.019407 0.016602 0.008966 0.000542 0.126484 0.008700 2.039109
0.818895 0.019516 0.016622 0.008987 0.000546 0.126729 0.008705 2.040954
0.818566 0.019537 0.016712 0.009043 0.000557 0.126878 0.008708 2.042898
0.818216 0.019584 0.016728 0.009055 0.000563 0.127140 0.008714 2.044804
0.817806 0.019636 0.016798 0.009075 0.000566 0.127396 0.008722 2.046748
0.817423 0.019697 0.016837 0.009096 0.000566 0.127653 0.008730 2.048659
0.817027 0.019744 0.016878 0.009118 0.000561 0.127936 0.008737 2.050576
0.816685 0.019725 0.016922 0.009184 0.000558 0.128183 0.008744 2.052542
0.816303 0.019790 0.016914 0.009199 0.000560 0.128482 0.008752 2.054459
0.815862 0.019803 0.017002 0.009251 0.000560 0.128762 0.008760 2.056431
0.815501 0.019802 0.017074 0.009273 0.000566 0.129018 0.008765 2.058384
0.815159 0.019850 0.017115 0.009294 0.000569 0.129244 0.008769 2.060337
0.814815 0.019883 0.017134 0.009316 0.000569 0.129508 0.008775 2.062273
0.814420 0.019898 0.017171 0.009286 0.000578 0.129866 0.008780 2.064220
0.814051 0.019926 0.017205 0.009296 0.000572 0.130163 0.008787 2.066141
0.813707 0.019906 0.017253 0.009356 0.000567 0.130419 0.008793 2.068130
0.813462 0.019860 0.017337 0.009350 0.000566 0.130624 0.008801 2.070072
0.813138 0.019942 0.017348 0.009319 0.000567 0.130878 0.008806 2.071990
0.812768 0.019928 0.017448 0.009349 0.000569 0.131123 0.008816 2.073991
0.812363 0.019933 0.017532 0.009348 0.000574 0.131429 0.008821 2.075976
0.812011 0.020009 0.017538 0.009367 0.000578 0.131668 0.008829 2.077910
0.811667 0.020011 0.017527 0.009420 0.000579 0.131958 0.008836 2.079906
0.811307 0.020028 0.017538 0.009434 0.000577 0.132273 0.008843 2.081865
0.810942 0.020111 0.017537 0.009412 0.000577 0.132571 0.008849 2.083796
0.810732 0.020078 0.017572 0.009429 0.000580 0.132755 0.008854 2.085766
0.810417 0.020091 0.017545 0.009448 0.000579 0.133056 0.008865 2.087763
0.810101 0.020067 0.017544 0.009388 0.000587 0.133440 0.008872 2.089728
0.809738 0.020112 0.017553 0.009373 0.000586 0.133761 0.008878 2.091678
0.809486 0.020135 0.017563 0.009382 0.000585 0.133962 0.008887 2.093599
0.809207 0.020157 0.017551 0.009385 0.000587 0.134214 0.008898 2.095523
0.808932 0.020166 0.017581 0.009402 0.000580 0.134434 0.008903 2.097514
0.808676 0.020146 0.017573 0.009452 0.000582 0.134661 0.008909 2.099489
0.808413 0.020168 0.017594 0.009469 0.000587 0.134852 0.008916 2.101451
0.808142 0.020132 0.017670 0.009497 0.000591 0.135047 0.008922 2.103450
0.807800 0.020109 0.017663 0.009520 0.000596 0.135383 0.008928 2.105455
0.807556 0.020087 0.017693 0.009503 0.000595 0.135629 0.008937 2.107418
0.807323 0.020047 0.017718 0.009511 0.000599 0.135857 0.008945 2.109424
0.807101 0.019995 0.017773 0.009532 0.000604 0.136044 0.008952 2.111401
0.806826 0.019976 0.017803 0.009574 0.000597 0.136259 0.008964 2.113422
0.806599 0.019989 0.017779 0.009564 0.000604 0.136496 0.008969 2.115369
0.806354 0.020019 0.017812 0.009531 0.000610 0.136699 0.008975 2.117326
0.806097 0.020005 0.017814 0.009556 0.000613 0.136933 0.008982 2.119310
0.805879 0.019963 0.017805 0.009549 0.000613 0.137202 0.008989 2.121238
0.805645 0.019938 0.017777 0.009559 0.000614 0.137473 0.008996 2.123188
0.805477 0.019872 0.017786 0.009505 0.000612 0.137743 0.009004 2.125164
0.805231 0.019862 0.017773 0.009486 0.000614 0.138021 0.009013 2.127087
0.804990 0.019895 0.017757 0.009461 0.000621 0.138259 0.009018 2.128993
0.804790 0.019910 0.017738 0.009443 0.000616 0.138475 0.009029 2.130929
0.804610 0.019905 0.017764 0.009441 0.000624 0.138622 0.009034 2.132867
0.804395 0.019938 0.017702 0.009455 0.000636 0.138832 0.009041 2.134769
0.804207 0.019880 0.017732 0.009494 0.000636 0.139002 0.009049 2.136730
0.803991 0.019827 0.017735 0.009516 0.000631 0.139240 0.009059 2.138705
0.803868 0.019810 0.017754 0.009516 0.000630 0.139355 0.009065 2.140629
0.803701 0.019763 0.017764 0.009462 0.000644 0.139594 0.009073 2.142588
0.803595 0.019718 0.017738 0.009440 0.000648 0.139780 0.009083 2.144522
0.803474 0.019693 0.017764 0.009444 0.000646 0.139888 0.009090 2.146482
0.803355 0.019664 0.017719 0.009449 0.000640 0.140073 0.009099 2.148424
0.803253 0.019646 0.017666 0.009432 0.000645 0.140252 0.009106 2.150314
0.803169 0.019596 0.017631 0.009420 0.000648 0.140424 0.009113 2.152245
0.802999 0.019551 0.017624 0.009404 0.000649 0.140653 0.009120 2.154191
0.802956 0.019452 0.017608 0.009395 0.000652 0.140809 0.009128 2.156109
0.802796 0.019469 0.017635 0.009426 0.000652 0.140888 0.009135 2.158030
0.802631 0.019452 0.017646 0.009436 0.000653 0.141041 0.009141 2.159972
0.802459 0.019453 0.017621 0.009445 0.000645 0.141228 0.009148 2.161892
0.802315 0.019462 0.017620 0.009428 0.000645 0.141373 0.009157 2.163801
0.802137 0.019478 0.017597 0.009428 0.000645 0.141549 0.009168 2.165713
0.801928 0.019539 0.017566 0.009389 0.000652 0.141752 0.009174 2.167594
0.801805 0.019490 0.017557 0.009376 0.000651 0.141940 0.009181 2.169532
0.801666 0.019503 0.017510 0.009372 0.000650 0.142109 0.009190 2.171422
0.801513 0.019537 0.017486 0.009357 0.000649 0.142258 0.009201 2.173285
0.801384 0.019513 0.017496 0.009333 0.000651 0.142417 0.009208 2.175209
0.801280 0.019524 0.017497 0.009317 0.000651 0.142518 0.009215 2.177090
0.801176 0.019516 0.017498 0.009304 0.000642 0.142638 0.009226 2.178990
0.801176 0.019463 0.017460 0.009318 0.000635 0.142715 0.009234 2.180895
0.801138 0.019442 0.017395 0.009303 0.000634 0.142848 0.009240 2.182747
0.801060 0.019435 0.017376 0.009298 0.000636 0.142945 0.009250 2.184631
0.800985 0.019405 0.017386 0.009285 0.000643 0.143039 0.009258 2.186530
0.800905 0.019438 0.017392 0.009290 0.000642 0.143071 0.009264 2.188401
0.800832 0.019350 0.017387 0.009306 0.000639 0.143213 0.009273 2.190297
0.800747 0.019276 0.017410 0.009359 0.000635 0.143291 0.009281 2.192237
0.800691 0.019225 0.017374 0.009312 0.000636 0.143473 0.009290 2.194093
0.800606 0.019236 0.017339 0.009282 0.000630 0.143612 0.009297 2.195946
0.800557 0.019261 0.017341 0.009288 0.000637 0.143614 0.009303 2.197788
0.800502 0.019220 0.017352 0.009258 0.000639 0.143720 0.009310 2.199672
0.800434 0.019127 0.017378 0.009263 0.000642 0.143839 0.009317 2.201620
0.800438 0.019090 0.017432 0.009220 0.000642 0.143852 0.009327 2.203520
0.800390 0.019088 0.017447 0.009222 0.000635 0.143883 0.009336 2.205407
0.800364 0.019044 0.017405 0.009258 0.000637 0.143953 0.009339 2.207284
0.800322 0.019042 0.017395 0.009256 0.000634 0.144004 0.009348 2.209154
0.800332 0.018942 0.017376 0.009239 0.000630 0.144125 0.009357 2.211030
0.800312 0.018886 0.017328 0.009174 0.000632 0.144306 0.009362 2.212906
0.800225 0.018876 0.017279 0.009164 0.000635 0.144452 0.009370 2.214768
0.800204 0.018814 0.017244 0.009209 0.000635 0.144516 0.009379 2.216686
0.800195 0.018811 0.017174 0.009214 0.000642 0.144578 0.009385 2.218490
0.800212 0.018701 0.017184 0.009252 0.000644 0.144616 0.009393 2.220403
0.800183 0.018725 0.017114 0.009212 0.000648 0.144718 0.009401 2.222227
0.800118 0.018752 0.017074 0.009161 0.000651 0.144833 0.009411 2.224057
0.800135 0.018677 0.017067 0.009164 0.000644 0.144891 0.009421 2.225938
0.800113 0.018691 0.017040 0.009140 0.000638 0.144947 0.009431 2.227744
0.800111 0.018616 0.017072 0.009120 0.000636 0.145003 0.009443 2.229607
0.800147 0.018575 0.016994 0.009125 0.000627 0.145084 0.009449 2.231409
0.800198 0.018479 0.016974 0.009101 0.000625 0.145167 0.009457 2.233241
0.800277 0.018469 0.016872 0.009092 0.000626 0.145200 0.009463 2.235016
0.800367 0.018361 0.016853 0.009093 0.000625 0.145225 0.009477 2.236871
0.800424 0.018331 0.016822 0.009058 0.000623 0.145257 0.009484 2.238650
0.800492 0.018242 0.016788 0.009040 0.000627 0.145320 0.009492 2.240457
0.800524 0.018239 0.016701 0.009077 0.000615 0.145343 0.009500 2.242246
0.800561 0.018195 0.016684 0.009046 0.000614 0.145390 0.009511 2.244057
0.800604 0.018229 0.016689 0.008984 0.000606 0.145367 0.009522 2.245811
0.800700 0.018200 0.016652 0.008979 0.000603 0.145332 0.009534 2.247573
0.800751 0.018209 0.016593 0.008971 0.000607 0.145329 0.009541 2.249348
0.800776 0.018160 0.016617 0.008961 0.000608 0.145330 0.009548 2.251163
0.800944 0.018102 0.016607 0.008925 0.000608 0.145257 0.009557 2.252953
0.800981 0.017974 0.016646 0.008945 0.000608 0.145282 0.009565 2.254782
0.801042 0.017980 0.016603 0.008860 0.000606 0.145337 0.009572 2.256529
0.801087 0.017968 0.016533 0.008843 0.000608 0.145382 0.009580 2.258285
0.801153 0.017970 0.016504 0.008779 0.000600 0.145407 0.009588 2.260017
0.801312 0.017873 0.016497 0.008783 0.000598 0.145339 0.009599 2.261800
0.801404 0.017934 0.016420 0.008756 0.000594 0.145284 0.009610 2.263507
0.801500 0.017942 0.016378 0.008728 0.000588 0.145246 0.009618 2.265232
0.801625 0.017874 0.016354 0.008691 0.000586 0.145242 0.009629 2.266995
0.801654 0.017889 0.016295 0.008674 0.000582 0.145270 0.009637 2.268746
0.801776 0.017865 0.016294 0.008642 0.000577 0.145203 0.009644 2.270498
0.801878 0.017826 0.016294 0.008631 0.000572 0.145147 0.009653 2.272250
0.801941 0.017815 0.016246 0.008638 0.000574 0.145127 0.009660 2.273979
0.801984 0.017878 0.016221 0.008557 0.000577 0.145115 0.009667 2.275687
0.802200 0.017731 0.016255 0.008572 0.000581 0.144986 0.009674 2.277498
0.802255 0.017706 0.016248 0.008559 0.000577 0.144968 0.009686 2.279271
0.802410 0.017607 0.016260 0.008544 0.000586 0.144901 0.009693 2.281011
0.802496 0.017647 0.016217 0.008528 0.000587 0.144823 0.009703 2.282705
0.802591 0.017692 0.016174 0.008554 0.000585 0.144693 0.009710 2.284419
0.802706 0.017704 0.016132 0.008548 0.000589 0.144604 0.009718 2.286104
0.802765 0.017728 0.016107 0.008536 0.000589 0.144551 0.009722 2.287812
0.802810 0.017694 0.016097 0.008567 0.000583 0.144516 0.009733 2.289595
0.802888 0.017673 0.016056 0.008566 0.000592 0.144485 0.009741 2.291340
0.802964 0.017630 0.016038 0.008532 0.000590 0.144498 0.009750 2.293078
0.803163 0.017600 0.016046 0.008516 0.000586 0.144330 0.009758 2.294772
0.803320 0.017543 0.015995 0.008509 0.000596 0.144272 0.009766 2.296526
0.803424 0.017522 0.015973 0.008460 0.000598 0.144251 0.009772 2.298233
0.803446 0.017546 0.016000 0.008470 0.000599 0.144161 0.009779 2.299989
0.803545 0.017635 0.015913 0.008429 0.000602 0.144086 0.009790 2.301602
0.803693 0.017562 0.015893 0.008460 0.000599 0.143996 0.009798 2.303330
0.803840 0.017473 0.015856 0.008482 0.000594 0.143948 0.009807 2.305055
0.803979 0.017432 0.015875 0.008488 0.000602 0.143810 0.009814 2.306789
0.804055 0.017375 0.015884 0.008494 0.000607 0.143765 0.009821 2.308527
0.804104 0.017363 0.015890 0.008501 0.000608 0.143709 0.009828 2.310236
0.804252 0.017339 0.015853 0.008490 0.000598 0.143630 0.009838 2.311940
0.804355 0.017350 0.015858 0.008466 0.000600 0.143527 0.009845 2.313636
0.804457 0.017386 0.015864 0.008454 0.000597 0.143388 0.009854 2.315346
0.804457 0.017394 0.015876 0.008424 0.000599 0.143391 0.009861 2.317061
0.804516 0.017437 0.015841 0.008416 0.000603 0.143317 0.009869 2.318760
0.804640 0.017449 0.015821 0.008386 0.000602 0.143224 0.009878 2.320467
0.804710 0.017398 0.015871 0.008369 0.000593 0.143173 0.009885 2.322223
0.804808 0.017327 0.015913 0.008372 0.000591 0.143098 0.009892 2.323994
0.804838 0.017375 0.015876 0.008374 0.000593 0.143046 0.009899 2.325696
0.805017 0.017310 0.015862 0.008392 0.000594 0.142920 0.009907 2.327420
0.805084 0.017257 0.015871 0.008393 0.000590 0.142889 0.009917 2.329171
0.805109 0.017318 0.015858 0.008358 0.000582 0.142847 0.009928 2.330844
0.805193 0.017332 0.015802 0.008348 0.000581 0.142809 0.009936 2.332524
0.805247 0.017344 0.015819 0.008372 0.000577 0.142694 0.009947 2.334237
0.805394 0.017322 0.015792 0.008353 0.000578 0.142604 0.009958 2.335936
0.805481 0.017328 0.015722 0.008379 0.000574 0.142551 0.009965 2.337627
0.805640 0.017230 0.015715 0.008370 0.000578 0.142494 0.009974 2.339336
0.805736 0.017178 0.015692 0.008404 0.000581 0.142427 0.009982 2.341087
0.805850 0.017173 0.015650 0.008355 0.000582 0.142398 0.009991 2.342730
0.805994 0.017149 0.015659 0.008314 0.000586 0.142301 0.009997 2.344431
0.806167 0.017123 0.015624 0.008276 0.000589 0.142220 0.010002 2.346093
0.806292 0.017085 0.015636 0.008258 0.000589 0.142132 0.010009 2.347802
0.806470 0.017032 0.015610 0.008266 0.000589 0.142017 0.010018 2.349502
0.806616 0.016977 0.015618 0.008253 0.000585 0.141926 0.010024 2.351199
0.806720 0.017060 0.015569 0.008220 0.000576 0.141821 0.010034 2.352812
0.806804 0.017068 0.015534 0.008239 0.000574 0.141738 0.010044 2.354490
0.806911 0.017004 0.015521 0.008240 0.000566 0.141705 0.010055 2.356191
0.807063 0.016985 0.015492 0.008272 0.000568 0.141557 0.010063 2.357866
0.807069 0.016994 0.015497 0.008271 0.000570 0.141530 0.010069 2.359551
0.807161 0.017027 0.015444 0.008268 0.000569 0.141451 0.010080 2.361214
0.807317 0.017006 0.015410 0.008231 0.000565 0.141387 0.010084 2.362839
0.807442 0.017058 0.015371 0.008202 0.000577 0.141262 0.010088 2.364474
0.807550 0.017055 0.015330 0.008208 0.000585 0.141178 0.010095 2.366134
0.807688 0.017047 0.015316 0.008215 0.000587 0.141046 0.010101 2.367796
0.807682 0.017119 0.015280 0.008219 0.000586 0.141006 0.010108 2.369458
0.807782 0.017123 0.015261 0.008190 0.000582 0.140944 0.010117 2.371125
0.807870 0.017108 0.015319 0.008200 0.000582 0.140797 0.010124 2.372840
0.807939 0.017152 0.015251 0.008203 0.000576 0.140746 0.010133 2.374482
0.807931 0.017222 0.015237 0.008207 0.000572 0.140691 0.010140 2.376159
0.808024 0.017197 0.015253 0.008185 0.000571 0.140622 0.010149 2.377838
0.808166 0.017234 0.015234 0.008143 0.000570 0.140497 0.010156 2.379481
0.808294 0.017212 0.015209 0.008185 0.000568 0.140368 0.010164 2.381181
0.808342 0.017236 0.015209 0.008187 0.000562 0.140291 0.010174 2.382863
0.808440 0.017214 0.015213 0.008157 0.000569 0.140229 0.010179 2.384533
0.808601 0.017116 0.015284 0.008173 0.000567 0.140072 0.010188 2.386261
0.808741 0.017040 0.015308 0.008182 0.000571 0.139962 0.010196 2.387944
0.808761 0.017051 0.015310 0.008200 0.000571 0.139904 0.010204 2.389651
0.808829 0.017024 0.015328 0.008221 0.000566 0.139819 0.010213 2.391339
0.808821 0.017033 0.015312 0.008221 0.000567 0.139827 0.010220 2.393058
0.808957 0.016981 0.015368 0.008199 0.000563 0.139705 0.010227 2.394765
0.809033 0.016984 0.015326 0.008195 0.000566 0.139663 0.010232 2.396434
0.809081 0.016999 0.015361 0.008196 0.000559 0.139567 0.010237 2.398075
0.809124 0.017024 0.015344 0.008186 0.000560 0.139519 0.010243 2.399743
0.809202 0.017037 0.015299 0.008172 0.000557 0.139483 0.010252 2.401380
0.809254 0.017075 0.015263 0.008191 0.000552 0.139408 0.010258 2.403011
0.809385 0.017033 0.015247 0.008193 0.000543 0.139330 0.010270 2.404670
0.809442 0.017086 0.015237 0.008210 0.000545 0.139205 0.010276 2.406342
0.809478 0.017122 0.015212 0.008155 0.000543 0.139206 0.010285 2.407994
0.809612 0.017094 0.015208 0.008139 0.000543 0.139112 0.010292 2.409631
0.809654 0.017097 0.015270 0.008142 0.000550 0.138986 0.010301 2.411349
0.809700 0.017117 0.015232 0.008143 0.000545 0.138956 0.010307 2.413007
0.809752 0.017095 0.015236 0.008154 0.000545 0.138904 0.010314 2.414697
0.809838 0.017140 0.015180 0.008164 0.000554 0.138802 0.010324 2.416323
0.809850 0.017142 0.015195 0.008146 0.000547 0.138791 0.010330 2.418006
0.809974 0.017073 0.015187 0.008123 0.000544 0.138761 0.010339 2.419691
0.810088 0.017033 0.015177 0.008118 0.000540 0.138698 0.010346 2.421361
0.810173 0.017028 0.015140 0.008148 0.000539 0.138619 0.010354 2.423038
0.810256 0.017059 0.015173 0.008138 0.000544 0.138471 0.010360 2.424690
0.810354 0.017046 0.015213 0.008104 0.000535 0.138380 0.010369 2.426360
0.810327 0.017122 0.015265 0.008103 0.000532 0.138276 0.010377 2.428024
0.810387 0.017099 0.015258 0.008102 0.000537 0.138235 0.010383 2.429701
0.810517 0.017056 0.015280 0.008113 0.000533 0.138112 0.010390 2.431388
0.810536 0.017057 0.015293 0.008137 0.000533 0.138046 0.010397 2.433077
0.810645 0.017089 0.015223 0.008109 0.000538 0.137988 0.010408 2.434707
0.810730 0.017102 0.015222 0.008074 0.000545 0.137912 0.010414 2.436360
0.810790 0.017127 0.015217 0.008071 0.000551 0.137823 0.010421 2.438050
0.810899 0.017054 0.015280 0.008050 0.000556 0.137734 0.010429 2.439775
0.810961 0.017082 0.015262 0.008047 0.000556 0.137658 0.010435 2.441422
0.810985 0.017123 0.015224 0.008033 0.000553 0.137639 0.010443 2.443083
0.810985 0.017165 0.015204 0.008032 0.000548 0.137618 0.010448 2.444750
0.811010 0.017208 0.015216 0.008033 0.000545 0.137529 0.010458 2.446430
0.811042 0.017161 0.015197 0.008060 0.000547 0.137527 0.010465 2.448143
0.811034 0.017165 0.015249 0.008063 0.000543 0.137475 0.010470 2.449851
0.811136 0.017110 0.015275 0.008077 0.000548 0.137378 0.010477 2.451559
0.811200 0.017103 0.015303 0.008036 0.000549 0.137327 0.010483 2.453218
0.811287 0.017057 0.015343 0.008056 0.000545 0.137223 0.010490 2.454924
0.811361 0.017007 0.015363 0.008001 0.000551 0.137222 0.010497 2.456615
0.811351 0.017011 0.015347 0.008012 0.000547 0.137226 0.010506 2.458298
0.811419 0.017061 0.015299 0.008006 0.000550 0.137152 0.010512 2.459919
0.811416 0.017039 0.015310 0.008032 0.000549 0.137131 0.010522 2.461622
0.811396 0.017020 0.015310 0.008037 0.000549 0.137158 0.010529 2.463322
0.811425 0.017090 0.015215 0.008091 0.000550 0.137094 0.010535 2.464956
0.811475 0.017156 0.015182 0.008058 0.000546 0.137041 0.010543 2.466583
0.811424 0.017198 0.015140 0.008087 0.000538 0.137065 0.010549 2.468258
0.811498 0.017145 0.015111 0.008125 0.000541 0.137027 0.010555 2.469938
0.811511 0.017146 0.015132 0.008113 0.000538 0.136996 0.010562 2.471595
0.811599 0.017135 0.015144 0.008136 0.000534 0.136882 0.010570 2.473252
0.811612 0.017133 0.015153 0.008161 0.000532 0.136833 0.010576 2.474949
0.811602 0.017153 0.015157 0.008156 0.000534 0.136816 0.010583 2.476617
0.811608 0.017181 0.015196 0.008161 0.000526 0.136738 0.010590 2.478297
0.811664 0.017190 0.015171 0.008137 0.000518 0.136719 0.010600 2.479945
0.811685 0.017206 0.015180 0.008153 0.000518 0.136651 0.010608 2.481631
0.811714 0.017153 0.015155 0.008139 0.000520 0.136705 0.010613 2.483327
0.811758 0.017129 0.015180 0.008152 0.000525 0.136638 0.010619 2.485000
0.811700 0.017203 0.015197 0.008125 0.000525 0.136622 0.010627 2.486661
0.811760 0.017119 0.015177 0.008168 0.000525 0.136617 0.010633 2.488388
0.811781 0.017106 0.015187 0.008186 0.000525 0.136573 0.010642 2.490089
0.811810 0.017113 0.015180 0.008156 0.000524 0.136568 0.010649 2.491770
0.811900 0.017106 0.015157 0.008150 0.000533 0.136497 0.010656 2.493441
0.811932 0.017083 0.015196 0.008139 0.000537 0.136451 0.010662 2.495136
0.811944 0.017100 0.015217 0.008142 0.000550 0.136379 0.010666 2.496818
0.811968 0.017177 0.015240 0.008111 0.000553 0.136280 0.010672 2.498442
0.811946 0.017167 0.015274 0.008131 0.000553 0.136249 0.010680 2.500162
0.812003 0.017150 0.015302 0.008124 0.000552 0.136179 0.010690 2.501836
0.812061 0.017125 0.015297 0.008107 0.000548 0.136163 0.010699 2.503497
0.812072 0.017199 0.015273 0.008090 0.000556 0.136105 0.010703 2.505143
0.812052 0.017153 0.015304 0.008131 0.000558 0.136092 0.010709 2.506878
0.811993 0.017164 0.015320 0.008136 0.000554 0.136117 0.010716 2.508582
0.812009 0.017197 0.015335 0.008134 0.000558 0.136042 0.010725 2.510257
0.812063 0.017217 0.015296 0.008139 0.000555 0.135997 0.010733 2.511922
0.811987 0.017294 0.015336 0.008101 0.000557 0.135983 0.010742 2.513621
0.811944 0.017322 0.015332 0.008121 0.000559 0.135974 0.010749 2.515312
0.811914 0.017409 0.015292 0.008133 0.000557 0.135940 0.010754 2.516960
0.811955 0.017351 0.015334 0.008186 0.000552 0.135857 0.010765 2.518690
0.811998 0.017299 0.015357 0.008154 0.000562 0.135855 0.010776 2.520419
0.812021 0.017322 0.015371 0.008163 0.000553 0.135785 0.010786 2.522145
0.812066 0.017305 0.015331 0.008146 0.000549 0.135810 0.010793 2.523826
0.812022 0.017364 0.015293 0.008147 0.000556 0.135818 0.010801 2.525536
0.811992 0.017378 0.015304 0.008165 0.000555 0.135800 0.010807 2.527216
0.812046 0.017309 0.015335 0.008197 0.000547 0.135750 0.010815 2.528934
0.812066 0.017297 0.015339 0.008200 0.000544 0.135731 0.010822 2.530647
