0.350584 0.062745 0.056110 0.032332 0.002072 0.490194 0.005962 1.596981
0.353349 0.060111 0.056089 0.032101 0.002085 0.490276 0.005990 1.603037
0.356959 0.056912 0.055885 0.031678 0.002103 0.490451 0.006013 1.608720
0.361210 0.053447 0.055655 0.031313 0.002105 0.490230 0.006041 1.614178
0.365857 0.049963 0.055086 0.030775 0.002090 0.490160 0.006069 1.619254
0.370693 0.046571 0.054304 0.030094 0.002089 0.490158 0.006091 1.623954
0.375542 0.043249 0.053589 0.029393 0.002075 0.490030 0.006123 1.628453
0.380739 0.040125 0.052587 0.028615 0.002058 0.489724 0.006152 1.632566
0.385980 0.037210 0.051456 0.027858 0.002058 0.489258 0.006180 1.636417
0.391318 0.034448 0.050283 0.027045 0.002041 0.488658 0.006207 1.639952
0.396752 0.031859 0.049085 0.026160 0.002028 0.487883 0.006232 1.643236
0.402182 0.029454 0.047735 0.025277 0.002010 0.487084 0.006259 1.646282
0.407587 0.027320 0.046188 0.024313 0.002002 0.486304 0.006286 1.648999
0.413194 0.025308 0.044692 0.023394 0.001989 0.485106 0.006318 1.651553
0.418725 0.023417 0.043199 0.022521 0.001979 0.483811 0.006347 1.653944
0.424189 0.021629 0.041757 0.021667 0.001951 0.482434 0.006374 1.656186
0.429754 0.020039 0.040354 0.020776 0.001935 0.480743 0.006400 1.658227
0.435420 0.018568 0.038875 0.019902 0.001914 0.478902 0.006419 1.660134
0.440990 0.017255 0.037362 0.019015 0.001889 0.477046 0.006444 1.661866
0.446512 0.016047 0.035873 0.018166 0.001874 0.475060 0.006468 1.663466
0.452083 0.014902 0.034434 0.017393 0.001849 0.472845 0.006494 1.665001
0.457637 0.013850 0.032951 0.016599 0.001824 0.470622 0.006519 1.666395
0.463250 0.012892 0.031508 0.015834 0.001788 0.468184 0.006544 1.667696
0.468795 0.011944 0.030184 0.015110 0.001760 0.465632 0.006574 1.668968
0.474338 0.011070 0.028920 0.014364 0.001726 0.462982 0.006600 1.670139
0.479773 0.010304 0.027631 0.013681 0.001698 0.460291 0.006621 1.671196
0.485328 0.009584 0.026315 0.012996 0.001672 0.457460 0.006646 1.672178
0.490782 0.008909 0.025128 0.012388 0.001630 0.454489 0.006674 1.673109
0.496158 0.008331 0.023897 0.011743 0.001598 0.451576 0.006697 1.673935
0.501602 0.007788 0.022826 0.011147 0.001560 0.448360 0.006718 1.674725
0.506867 0.007300 0.021736 0.010593 0.001526 0.445240 0.006738 1.675457
0.512205 0.006843 0.020714 0.010068 0.001483 0.441928 0.006760 1.676147
0.517431 0.006448 0.019717 0.009582 0.001451 0.438596 0.006777 1.676778
0.522750 0.006022 0.018805 0.009087 0.001419 0.435121 0.006795 1.677422
0.527862 0.005647 0.017870 0.008623 0.001386 0.431799 0.006812 1.678000
0.532998 0.005316 0.017030 0.008175 0.001350 0.428299 0.006833 1.678545
0.538212 0.005005 0.016200 0.007780 0.001315 0.424636 0.006852 1.679049
0.543314 0.004725 0.015415 0.007411 0.001290 0.420977 0.006869 1.679507
0.548378 0.004453 0.014689 0.007018 0.001258 0.417321 0.006883 1.679965
0.553494 0.004215 0.013946 0.006637 0.001234 0.413579 0.006895 1.680380
0.558437 0.003976 0.013235 0.006287 0.001211 0.409943 0.006912 1.680782
0.563482 0.003740 0.012560 0.005954 0.001193 0.406149 0.006922 1.681165
0.568391 0.003516 0.011918 0.005618 0.001156 0.402460 0.006941 1.681526
0.573193 0.003331 0.011336 0.005314 0.001126 0.398739 0.006960 1.681867
0.578029 0.003174 0.010749 0.005043 0.001096 0.394936 0.006974 1.682179
0.582777 0.003033 0.010179 0.004778 0.001071 0.391177 0.006987 1.682468
0.587525 0.002877 0.009671 0.004537 0.001048 0.387341 0.007001 1.682758
0.592237 0.002737 0.009184 0.004306 0.001016 0.383500 0.007021 1.683029
0.596835 0.002590 0.008702 0.004095 0.000983 0.379757 0.007038 1.683299
0.601417 0.002436 0.008259 0.003882 0.000959 0.375997 0.007051 1.683555
0.605972 0.002329 0.007822 0.003666 0.000934 0.372216 0.007063 1.683779
0.610456 0.002225 0.007422 0.003460 0.000909 0.368454 0.007073 1.683999
0.614982 0.002131 0.007046 0.003285 0.000882 0.364592 0.007083 1.684213
0.619496 0.002015 0.006672 0.003133 0.000855 0.360734 0.007095 1.684414
0.623895 0.001920 0.006332 0.002976 0.000826 0.356945 0.007106 1.684612
0.628282 0.001829 0.006027 0.002824 0.000808 0.353117 0.007115 1.684797
0.632617 0.001754 0.005717 0.002676 0.000777 0.349333 0.007127 1.684973
0.636911 0.001662 0.005448 0.002540 0.000759 0.345545 0.007137 1.685147
0.641138 0.001581 0.005183 0.002414 0.000740 0.341799 0.007146 1.685305
0.645342 0.001524 0.004937 0.002288 0.000714 0.338041 0.007155 1.685456
0.649363 0.001476 0.004677 0.002180 0.000695 0.334447 0.007162 1.685599
0.653379 0.001412 0.004459 0.002076 0.000677 0.330828 0.007168 1.685752
0.657500 0.001351 0.004238 0.001972 0.000652 0.327110 0.007177 1.685880
0.661518 0.001301 0.004033 0.001879 0.000631 0.323458 0.007182 1.686012
0.665474 0.001251 0.003828 0.001780 0.000607 0.319868 0.007192 1.686133
0.669435 0.001209 0.003648 0.001706 0.000577 0.316224 0.007202 1.686259
0.673247 0.001150 0.003483 0.001637 0.000561 0.312713 0.007210 1.686380
0.677029 0.001120 0.003293 0.001565 0.000542 0.309235 0.007217 1.686483
0.680809 0.001086 0.003143 0.001498 0.000521 0.305719 0.007225 1.686589
0.684562 0.001050 0.002987 0.001414 0.000510 0.302247 0.007231 1.686684
0.688218 0.001015 0.002845 0.001347 0.000492 0.298845 0.007240 1.686784
0.691878 0.000989 0.002702 0.001287 0.000476 0.295422 0.007247 1.686876
0.695394 0.000954 0.002574 0.001220 0.000458 0.292148 0.007253 1.686972
0.698973 0.000919 0.002447 0.001170 0.000444 0.288790 0.007258 1.687058
0.702449 0.000883 0.002347 0.001120 0.000430 0.285508 0.007263 1.687147
0.706036 0.000868 0.002248 0.001065 0.000417 0.282099 0.007268 1.687228
0.709411 0.000828 0.002131 0.001021 0.000400 0.278936 0.007274 1.687317
0.712831 0.000794 0.002048 0.000984 0.000388 0.275674 0.007281 1.687404
0.716238 0.000761 0.001961 0.000936 0.000381 0.272439 0.007286 1.687483
0.719648 0.000717 0.001864 0.000906 0.000368 0.269209 0.007289 1.687568
0.722945 0.000701 0.001786 0.000869 0.000356 0.266049 0.007295 1.687632
0.726231 0.000679 0.001707 0.000826 0.000348 0.262911 0.007299 1.687693
0.729443 0.000646 0.001645 0.000792 0.000332 0.259836 0.007307 1.687761
0.732657 0.000615 0.001571 0.000750 0.000322 0.256776 0.007310 1.687825
0.735853 0.000595 0.001506 0.000709 0.000313 0.253711 0.007314 1.687883
0.739041 0.000566 0.001436 0.000678 0.000302 0.250659 0.007318 1.687944
0.742081 0.000546 0.001369 0.000640 0.000293 0.247753 0.007319 1.688006
0.745167 0.000528 0.001306 0.000609 0.000282 0.244784 0.007323 1.688058
0.748182 0.000510 0.001264 0.000576 0.000274 0.241869 0.007326 1.688110
0.751092 0.000502 0.001210 0.000551 0.000267 0.239048 0.007330 1.688153
0.754039 0.000490 0.001160 0.000528 0.000256 0.236195 0.007334 1.688193
0.757003 0.000477 0.001116 0.000505 0.000247 0.233313 0.007339 1.688239
0.759873 0.000461 0.001079 0.000478 0.000239 0.230530 0.007342 1.688282
0.762730 0.000436 0.001044 0.000461 0.000231 0.227751 0.007346 1.688333
0.765520 0.000413 0.001000 0.000449 0.000226 0.225045 0.007349 1.688378
0.768334 0.000390 0.000961 0.000432 0.000219 0.222312 0.007352 1.688423
0.770961 0.000380 0.000922 0.000410 0.000213 0.219761 0.007353 1.688463
0.773633 0.000362 0.000881 0.000396 0.000209 0.217165 0.007355 1.688500
0.776303 0.000354 0.000844 0.000382 0.000202 0.214559 0.007358 1.688534
0.778970 0.000343 0.000811 0.000368 0.000199 0.211951 0.007359 1.688569
0.781584 0.000327 0.000781 0.000351 0.000191 0.209404 0.007362 1.688609
0.784218 0.000320 0.000756 0.000335 0.000184 0.206824 0.007365 1.688635
0.786798 0.000310 0.000732 0.000322 0.000177 0.204296 0.007366 1.688667
0.789297 0.000302 0.000705 0.000305 0.000170 0.201852 0.007369 1.688697
0.791853 0.000288 0.000673 0.000296 0.000167 0.199353 0.007371 1.688729
0.794328 0.000275 0.000640 0.000285 0.000158 0.196941 0.007374 1.688757
0.796749 0.000275 0.000609 0.000272 0.000155 0.194565 0.007374 1.688783
0.799077 0.000271 0.000577 0.000256 0.000150 0.192295 0.007376 1.688806
0.801490 0.000270 0.000547 0.000243 0.000143 0.189929 0.007379 1.688833
0.803822 0.000264 0.000524 0.000230 0.000140 0.187641 0.007380 1.688855
0.806117 0.000262 0.000500 0.000212 0.000137 0.185392 0.007382 1.688877
0.808394 0.000251 0.000483 0.000214 0.000131 0.183144 0.007384 1.688906
0.810683 0.000242 0.000468 0.000207 0.000130 0.180887 0.007384 1.688935
0.812895 0.000232 0.000447 0.000197 0.000123 0.178719 0.007389 1.688954
0.815111 0.000222 0.000436 0.000188 0.000119 0.176535 0.007391 1.688978
0.817323 0.000211 0.000427 0.000176 0.000111 0.174358 0.007394 1.689000
0.819484 0.000204 0.000419 0.000171 0.000107 0.172221 0.007395 1.689019
0.821529 0.000202 0.000400 0.000167 0.000103 0.170203 0.007397 1.689037
0.823658 0.000194 0.000391 0.000164 0.000099 0.168096 0.007398 1.689061
0.825740 0.000186 0.000379 0.000158 0.000096 0.166041 0.007400 1.689081
0.827804 0.000186 0.000360 0.000156 0.000092 0.164001 0.007400 1.689099
0.829780 0.000179 0.000348 0.000155 0.000089 0.162047 0.007402 1.689118
0.831767 0.000179 0.000333 0.000152 0.000086 0.160080 0.007404 1.689132
0.833751 0.000175 0.000319 0.000145 0.000083 0.158121 0.007406 1.689151
0.835677 0.000178 0.000309 0.000143 0.000082 0.156204 0.007407 1.689169
0.837592 0.000166 0.000297 0.000137 0.000078 0.154320 0.007409 1.689187
0.839463 0.000165 0.000291 0.000134 0.000073 0.152463 0.007411 1.689202
0.841336 0.000160 0.000280 0.000134 0.000069 0.150607 0.007413 1.689217
0.843140 0.000155 0.000266 0.000129 0.000067 0.148830 0.007414 1.689234
0.844954 0.000152 0.000259 0.000125 0.000064 0.147031 0.007415 1.689250
0.846768 0.000145 0.000248 0.000121 0.000063 0.145239 0.007416 1.689265
0.848518 0.000141 0.000242 0.000116 0.000060 0.143507 0.007417 1.689281
0.850220 0.000135 0.000234 0.000108 0.000058 0.141827 0.007418 1.689294
0.851951 0.000128 0.000224 0.000103 0.000058 0.140117 0.007418 1.689308
0.853617 0.000126 0.000213 0.000099 0.000056 0.138469 0.007419 1.689317
0.855187 0.000124 0.000206 0.000098 0.000054 0.136911 0.007420 1.689331
0.856738 0.000123 0.000203 0.000098 0.000052 0.135365 0.007421 1.689344
0.858225 0.000117 0.000194 0.000094 0.000050 0.133897 0.007423 1.689359
0.859770 0.000106 0.000190 0.000092 0.000048 0.132371 0.007423 1.689376
0.861306 0.000101 0.000182 0.000091 0.000046 0.130851 0.007424 1.689386
0.862833 0.000095 0.000182 0.000087 0.000045 0.129333 0.007425 1.689397
0.864269 0.000092 0.000178 0.000082 0.000043 0.127912 0.007425 1.689405
0.865711 0.000093 0.000169 0.000081 0.000043 0.126477 0.007426 1.689410
0.867080 0.000097 0.000160 0.000078 0.000042 0.125116 0.007427 1.689418
0.868389 0.000102 0.000152 0.000076 0.000041 0.123813 0.007427 1.689423
0.869715 0.000097 0.000149 0.000075 0.000039 0.122497 0.007428 1.689434
0.871048 0.000092 0.000148 0.000073 0.000036 0.121173 0.007429 1.689444
0.872345 0.000085 0.000143 0.000075 0.000035 0.119888 0.007429 1.689457
0.873593 0.000085 0.000138 0.000073 0.000034 0.118648 0.007430 1.689464
0.874735 0.000084 0.000133 0.000070 0.000033 0.117513 0.007430 1.689471
0.875918 0.000087 0.000128 0.000066 0.000032 0.116338 0.007431 1.689477
0.877109 0.000087 0.000122 0.000064 0.000031 0.115157 0.007431 1.689483
0.878244 0.000088 0.000118 0.000061 0.000030 0.114027 0.007432 1.689490
0.879351 0.000085 0.000115 0.000059 0.000029 0.112928 0.007432 1.689499
0.880439 0.000084 0.000114 0.000058 0.000029 0.111844 0.007432 1.689506
0.881513 0.000083 0.000111 0.000056 0.000027 0.110777 0.007432 1.689514
0.882541 0.000080 0.000106 0.000059 0.000025 0.109755 0.007433 1.689524
0.883568 0.000078 0.000104 0.000059 0.000024 0.108732 0.007435 1.689531
0.884528 0.000078 0.000103 0.000056 0.000021 0.107778 0.007435 1.689540
0.885467 0.000075 0.000100 0.000053 0.000021 0.106847 0.007436 1.689548
0.886360 0.000072 0.000098 0.000052 0.000020 0.105963 0.007436 1.689556
0.887190 0.000070 0.000097 0.000049 0.000019 0.105139 0.007436 1.689564
0.888022 0.000069 0.000097 0.000046 0.000019 0.104309 0.007436 1.689570
0.888850 0.000063 0.000100 0.000045 0.000018 0.103488 0.007436 1.689581
0.889602 0.000060 0.000097 0.000045 0.000018 0.102742 0.007436 1.689588
0.890372 0.000058 0.000096 0.000042 0.000017 0.101979 0.007436 1.689593
0.891134 0.000057 0.000091 0.000039 0.000017 0.101226 0.007436 1.689597
0.891902 0.000052 0.000088 0.000040 0.000017 0.100464 0.007437 1.689606
0.892619 0.000054 0.000084 0.000040 0.000015 0.099750 0.007439 1.689610
0.893286 0.000055 0.000083 0.000039 0.000014 0.099084 0.007439 1.689613
0.893971 0.000053 0.000084 0.000037 0.000014 0.098402 0.007439 1.689620
0.894621 0.000051 0.000082 0.000035 0.000014 0.097758 0.007439 1.689629
0.895267 0.000054 0.000081 0.000034 0.000014 0.097111 0.007439 1.689635
0.895866 0.000052 0.000079 0.000034 0.000014 0.096515 0.007439 1.689641
0.896457 0.000055 0.000077 0.000034 0.000014 0.095923 0.007439 1.689646
0.897021 0.000054 0.000073 0.000034 0.000013 0.095367 0.007439 1.689651
0.897595 0.000050 0.000074 0.000036 0.000013 0.094794 0.007439 1.689658
0.898119 0.000051 0.000075 0.000032 0.000013 0.094271 0.007439 1.689662
0.898655 0.000048 0.000073 0.000032 0.000013 0.093740 0.007439 1.689667
0.899139 0.000047 0.000067 0.000030 0.000013 0.093266 0.007439 1.689671
0.899598 0.000045 0.000068 0.000029 0.000012 0.092808 0.007440 1.689677
0.900043 0.000044 0.000068 0.000027 0.000011 0.092368 0.007440 1.689682
0.900454 0.000047 0.000066 0.000027 0.000011 0.091956 0.007440 1.689686
0.900858 0.000047 0.000064 0.000025 0.000010 0.091556 0.007440 1.689689
0.901247 0.000046 0.000061 0.000027 0.000010 0.091171 0.007441 1.689693
0.901624 0.000044 0.000060 0.000026 0.000009 0.090797 0.007441 1.689699
0.901995 0.000041 0.000058 0.000024 0.000009 0.090432 0.007441 1.689703
0.902322 0.000042 0.000060 0.000024 0.000008 0.090103 0.007441 1.689708
0.902662 0.000040 0.000058 0.000025 0.000008 0.089768 0.007441 1.689713
0.902985 0.000040 0.000055 0.000023 0.000009 0.089447 0.007441 1.689717
0.903328 0.000039 0.000054 0.000022 0.000009 0.089107 0.007441 1.689720
0.903631 0.000038 0.000052 0.000020 0.000008 0.088810 0.007441 1.689724
0.903928 0.000042 0.000050 0.000019 0.000008 0.088511 0.007442 1.689725
0.904205 0.000040 0.000052 0.000020 0.000008 0.088233 0.007442 1.689730
0.904492 0.000040 0.000052 0.000018 0.000007 0.087950 0.007442 1.689734
0.904748 0.000039 0.000053 0.000018 0.000008 0.087693 0.007442 1.689738
0.905012 0.000041 0.000052 0.000017 0.000008 0.087428 0.007442 1.689742
0.905262 0.000039 0.000049 0.000017 0.000008 0.087183 0.007442 1.689745
0.905494 0.000037 0.000049 0.000017 0.000008 0.086953 0.007442 1.689750
0.905718 0.000037 0.000048 0.000017 0.000007 0.086732 0.007442 1.689753
0.905931 0.000036 0.000047 0.000016 0.000007 0.086521 0.007443 1.689755
0.906154 0.000037 0.000044 0.000016 0.000007 0.086300 0.007443 1.689758
0.906370 0.000035 0.000044 0.000014 0.000006 0.086088 0.007443 1.689761
0.906591 0.000034 0.000043 0.000015 0.000005 0.085868 0.007444 1.689764
0.906771 0.000034 0.000043 0.000015 0.000005 0.085689 0.007444 1.689767
0.906953 0.000037 0.000042 0.000015 0.000005 0.085505 0.007444 1.689770
0.907114 0.000038 0.000040 0.000015 0.000005 0.085344 0.007444 1.689773
0.907295 0.000037 0.000041 0.000014 0.000005 0.085165 0.007444 1.689777
0.907466 0.000034 0.000040 0.000016 0.000005 0.084996 0.007444 1.689781
0.907627 0.000032 0.000040 0.000015 0.000005 0.084836 0.007444 1.689785
0.907760 0.000031 0.000039 0.000013 0.000005 0.084708 0.007445 1.689787
0.907923 0.000030 0.000037 0.000013 0.000005 0.084548 0.007445 1.689789
0.908060 0.000027 0.000036 0.000014 0.000005 0.084413 0.007445 1.689793
0.908190 0.000026 0.000034 0.000013 0.000005 0.084288 0.007445 1.689796
0.908329 0.000025 0.000032 0.000012 0.000005 0.084152 0.007445 1.689798
0.908469 0.000022 0.000031 0.000014 0.000005 0.084016 0.007445 1.689801
0.908599 0.000022 0.000027 0.000014 0.000005 0.083890 0.007445 1.689803
0.908716 0.000020 0.000026 0.000012 0.000005 0.083777 0.007445 1.689806
0.908827 0.000019 0.000025 0.000010 0.000004 0.083669 0.007445 1.689807
0.908928 0.000018 0.000024 0.000011 0.000004 0.083570 0.007445 1.689808
0.909046 0.000017 0.000024 0.000011 0.000004 0.083453 0.007445 1.689810
0.909147 0.000017 0.000026 0.000010 0.000004 0.083351 0.007445 1.689813
0.909259 0.000015 0.000024 0.000011 0.000004 0.083240 0.007446 1.689815
0.909359 0.000015 0.000023 0.000010 0.000004 0.083142 0.007446 1.689816
0.909455 0.000016 0.000023 0.000010 0.000003 0.083047 0.007446 1.689816
0.909544 0.000017 0.000022 0.000010 0.000003 0.082958 0.007446 1.689817
0.909630 0.000017 0.000021 0.000009 0.000003 0.082875 0.007446 1.689819
0.909702 0.000016 0.000021 0.000008 0.000003 0.082805 0.007446 1.689822
0.909770 0.000016 0.000020 0.000008 0.000003 0.082737 0.007446 1.689823
0.909835 0.000017 0.000020 0.000008 0.000003 0.082672 0.007446 1.689824
0.909911 0.000016 0.000021 0.000009 0.000003 0.082596 0.007446 1.689827
0.909988 0.000016 0.000020 0.000009 0.000003 0.082519 0.007446 1.689827
0.910054 0.000015 0.000019 0.000009 0.000003 0.082455 0.007446 1.689829
0.910129 0.000016 0.000018 0.000008 0.000003 0.082380 0.007446 1.689829
0.910192 0.000018 0.000015 0.000008 0.000003 0.082319 0.007446 1.689829
0.910249 0.000017 0.000014 0.000007 0.000003 0.082264 0.007446 1.689831
0.910311 0.000015 0.000015 0.000007 0.000003 0.082204 0.007446 1.689834
0.910362 0.000015 0.000014 0.000008 0.000002 0.082152 0.007447 1.689835
0.910420 0.000012 0.000016 0.000008 0.000002 0.082096 0.007447 1.689838
0.910473 0.000010 0.000016 0.000009 0.000002 0.082045 0.007447 1.689840
0.910520 0.000010 0.000016 0.000008 0.000002 0.081998 0.007447 1.689842
0.910575 0.000010 0.000015 0.000008 0.000002 0.081945 0.007447 1.689843
0.910629 0.000012 0.000013 0.000007 0.000002 0.081892 0.007447 1.689843
0.910670 0.000013 0.000013 0.000007 0.000002 0.081848 0.007447 1.689844
0.910712 0.000012 0.000016 0.000007 0.000002 0.081805 0.007447 1.689847
0.910759 0.000011 0.000016 0.000007 0.000002 0.081759 0.007447 1.689848
0.910794 0.000013 0.000016 0.000006 0.000002 0.081723 0.007447 1.689850
0.910839 0.000012 0.000017 0.000006 0.000002 0.081678 0.007447 1.689851
0.910881 0.000013 0.000017 0.000007 0.000002 0.081634 0.007447 1.689852
0.910919 0.000012 0.000018 0.000007 0.000002 0.081597 0.007447 1.689853
0.910958 0.000012 0.000017 0.000007 0.000002 0.081557 0.007447 1.689854
0.911000 0.000011 0.000018 0.000007 0.000002 0.081517 0.007447 1.689855
0.911033 0.000010 0.000018 0.000007 0.000002 0.081484 0.007447 1.689856
0.911059 0.000010 0.000016 0.000007 0.000002 0.081460 0.007447 1.689858
0.911088 0.000010 0.000017 0.000006 0.000002 0.081432 0.007447 1.689858
0.911116 0.000010 0.000016 0.000006 0.000002 0.081404 0.007447 1.689860
0.911140 0.000011 0.000016 0.000006 0.000002 0.081379 0.007447 1.689860
0.911167 0.000010 0.000016 0.000006 0.000002 0.081352 0.007447 1.689861
0.911196 0.000010 0.000016 0.000005 0.000002 0.081325 0.007447 1.689861
0.911230 0.000010 0.000017 0.000005 0.000002 0.081292 0.007447 1.689863
0.911265 0.000010 0.000016 0.000005 0.000001 0.081257 0.007447 1.689863
0.911287 0.000010 0.000016 0.000004 0.000001 0.081236 0.007447 1.689864
0.911312 0.000011 0.000015 0.000004 0.000001 0.081211 0.007447 1.689864
0.911339 0.000011 0.000016 0.000004 0.000001 0.081183 0.007447 1.689865
0.911363 0.000011 0.000015 0.000004 0.000001 0.081160 0.007447 1.689866
0.911380 0.000011 0.000014 0.000004 0.000001 0.081144 0.007447 1.689866
0.911394 0.000011 0.000015 0.000004 0.000001 0.081129 0.007447 1.689868
0.911418 0.000009 0.000014 0.000004 0.000001 0.081107 0.007447 1.689870
0.911435 0.000010 0.000014 0.000004 0.000001 0.081091 0.007447 1.689870
0.911461 0.000011 0.000013 0.000004 0.000001 0.081064 0.007447 1.689870
0.911487 0.000010 0.000014 0.000005 0.000001 0.081037 0.007447 1.689872
0.911503 0.000012 0.000013 0.000005 0.000001 0.081021 0.007447 1.689872
0.911524 0.000012 0.000012 0.000005 0.000001 0.081000 0.007447 1.689873
0.911544 0.000011 0.000012 0.000004 0.000001 0.080981 0.007447 1.689875
0.911564 0.000012 0.000012 0.000004 0.000001 0.080961 0.007447 1.689875
0.911581 0.000011 0.000013 0.000004 0.000001 0.080944 0.007447 1.689877
0.911599 0.000013 0.000013 0.000003 0.000001 0.080925 0.007447 1.689877
0.911619 0.000013 0.000012 0.000004 0.000000 0.080904 0.007447 1.689878
0.911639 0.000012 0.000013 0.000004 0.000000 0.080886 0.007447 1.689880
0.911659 0.000012 0.000013 0.000004 0.000000 0.080865 0.007447 1.689881
0.911674 0.000012 0.000012 0.000004 0.000000 0.080851 0.007447 1.689881
0.911689 0.000011 0.000011 0.000004 0.000000 0.080838 0.007447 1.689882
0.911706 0.000012 0.000010 0.000005 0.000000 0.080820 0.007447 1.689882
0.911722 0.000012 0.000010 0.000005 0.000000 0.080805 0.007447 1.689883
0.911741 0.000012 0.000010 0.000005 0.000000 0.080785 0.007447 1.689884
0.911753 0.000012 0.000012 0.000005 0.000000 0.080772 0.007447 1.689886
0.911765 0.000012 0.000013 0.000006 0.000000 0.080758 0.007447 1.689887
0.911778 0.000011 0.000013 0.000006 0.000000 0.080746 0.007447 1.689888
0.911796 0.000010 0.000012 0.000006 0.000000 0.080729 0.007447 1.689888
0.911813 0.000008 0.000013 0.000006 0.000001 0.080712 0.007447 1.689890
0.911829 0.000009 0.000012 0.000006 0.000001 0.080696 0.007447 1.689891
0.911841 0.000009 0.000012 0.000007 0.000001 0.080684 0.007447 1.689892
0.911854 0.000008 0.000012 0.000008 0.000001 0.080671 0.007447 1.689894
0.911867 0.000008 0.000012 0.000008 0.000001 0.080659 0.007447 1.689895
0.911884 0.000007 0.000012 0.000008 0.000001 0.080642 0.007447 1.689897
0.911899 0.000007 0.000012 0.000008 0.000002 0.080626 0.007447 1.689897
0.911913 0.000007 0.000010 0.000008 0.000002 0.080614 0.007447 1.689897
0.911923 0.000007 0.000008 0.000007 0.000002 0.080605 0.007447 1.689897
0.911940 0.000006 0.000008 0.000008 0.000002 0.080589 0.007447 1.689898
0.911956 0.000007 0.000008 0.000008 0.000002 0.080574 0.007447 1.689899
0.911966 0.000008 0.000008 0.000008 0.000002 0.080562 0.007447 1.689899
0.911986 0.000008 0.000007 0.000008 0.000002 0.080543 0.007447 1.689900
0.911999 0.000009 0.000006 0.000008 0.000002 0.080530 0.007447 1.689900
0.912013 0.000008 0.000006 0.000007 0.000002 0.080518 0.007447 1.689901
0.912022 0.000007 0.000007 0.000008 0.000002 0.080508 0.007447 1.689904
0.912030 0.000006 0.000007 0.000008 0.000002 0.080501 0.007447 1.689906
0.912041 0.000005 0.000008 0.000007 0.000002 0.080491 0.007447 1.689907
0.912048 0.000003 0.000010 0.000006 0.000002 0.080485 0.007447 1.689909
0.912061 0.000003 0.000010 0.000006 0.000002 0.080472 0.007447 1.689909
0.912072 0.000004 0.000008 0.000006 0.000001 0.080462 0.007447 1.689910
0.912078 0.000004 0.000008 0.000005 0.000001 0.080456 0.007447 1.689910
0.912087 0.000004 0.000008 0.000005 0.000001 0.080448 0.007447 1.689911
0.912099 0.000004 0.000007 0.000005 0.000001 0.080438 0.007447 1.689911
0.912106 0.000003 0.000007 0.000004 0.000001 0.080432 0.007447 1.689912
0.912113 0.000003 0.000008 0.000004 0.000001 0.080425 0.007447 1.689912
0.912120 0.000003 0.000008 0.000004 0.000001 0.080417 0.007447 1.689913
0.912129 0.000003 0.000008 0.000003 0.000001 0.080410 0.007447 1.689913
0.912140 0.000004 0.000008 0.000003 0.000001 0.080399 0.007447 1.689913
0.912150 0.000003 0.000009 0.000003 0.000001 0.080388 0.007447 1.689914
0.912158 0.000003 0.000009 0.000002 0.000001 0.080380 0.007447 1.689914
0.912166 0.000003 0.000008 0.000003 0.000001 0.080373 0.007447 1.689915
0.912176 0.000003 0.000008 0.000003 0.000000 0.080364 0.007447 1.689915
0.912181 0.000004 0.000007 0.000003 0.000000 0.080358 0.007447 1.689915
0.912188 0.000004 0.000007 0.000003 0.000000 0.080352 0.007447 1.689916
0.912192 0.000005 0.000006 0.000003 0.000000 0.080347 0.007447 1.689916
0.912197 0.000006 0.000006 0.000003 0.000000 0.080341 0.007447 1.689916
0.912204 0.000005 0.000007 0.000003 0.000000 0.080335 0.007447 1.689917
0.912209 0.000004 0.000007 0.000003 0.000000 0.080330 0.007447 1.689918
0.912213 0.000004 0.000008 0.000003 0.000000 0.080325 0.007447 1.689919
0.912216 0.000004 0.000008 0.000003 0.000000 0.080321 0.007447 1.689920
0.912220 0.000003 0.000008 0.000003 0.000000 0.080318 0.007447 1.689920
0.912226 0.000003 0.000007 0.000004 0.000000 0.080313 0.007447 1.689922
0.912227 0.000004 0.000007 0.000003 0.000000 0.080311 0.007447 1.689922
0.912229 0.000005 0.000007 0.000003 0.000000 0.080309 0.007447 1.689922
0.912233 0.000005 0.000008 0.000003 0.000000 0.080305 0.007447 1.689922
0.912234 0.000006 0.000008 0.000002 0.000000 0.080305 0.007447 1.689922
0.912239 0.000006 0.000007 0.000002 0.000000 0.080299 0.007447 1.689922
0.912243 0.000006 0.000008 0.000002 0.000000 0.080295 0.007447 1.689923
0.912250 0.000006 0.000007 0.000002 0.000000 0.080288 0.007447 1.689923
0.912254 0.000006 0.000008 0.000003 0.000000 0.080284 0.007447 1.689924
0.912254 0.000007 0.000008 0.000003 0.000000 0.080282 0.007447 1.689924
0.912256 0.000008 0.000007 0.000003 0.000000 0.080280 0.007447 1.689925
0.912260 0.000008 0.000007 0.000003 0.000000 0.080277 0.007447 1.689925
0.912263 0.000008 0.000006 0.000003 0.000000 0.080273 0.007447 1.689925
0.912266 0.000006 0.000005 0.000003 0.000000 0.080273 0.007447 1.689926
0.912269 0.000006 0.000005 0.000003 0.000000 0.080270 0.007447 1.689926
0.912275 0.000005 0.000006 0.000003 0.000000 0.080265 0.007447 1.689928
0.912278 0.000004 0.000006 0.000003 0.000000 0.080262 0.007447 1.689929
0.912282 0.000004 0.000005 0.000003 0.000000 0.080260 0.007447 1.689929
0.912284 0.000004 0.000005 0.000003 0.000000 0.080258 0.007447 1.689929
0.912286 0.000004 0.000005 0.000003 0.000000 0.080254 0.007447 1.689930
0.912289 0.000003 0.000006 0.000003 0.000000 0.080252 0.007447 1.689931
0.912292 0.000003 0.000006 0.000003 0.000000 0.080248 0.007447 1.689931
0.912294 0.000003 0.000005 0.000003 0.000000 0.080247 0.007447 1.689931
0.912296 0.000003 0.000006 0.000003 0.000000 0.080245 0.007447 1.689932
0.912298 0.000003 0.000007 0.000003 0.000000 0.080243 0.007447 1.689932
0.912300 0.000003 0.000007 0.000003 0.000000 0.080242 0.007447 1.689932
0.912301 0.000003 0.000006 0.000002 0.000000 0.080241 0.007447 1.689932
0.912304 0.000002 0.000006 0.000003 0.000000 0.080239 0.007447 1.689933
0.912305 0.000002 0.000006 0.000002 0.000000 0.080238 0.007447 1.689933
0.912307 0.000002 0.000005 0.000001 0.000000 0.080238 0.007447 1.689933
0.912309 0.000002 0.000005 0.000001 0.000000 0.080236 0.007447 1.689933
0.912309 0.000003 0.000005 0.000001 0.000000 0.080236 0.007447 1.689933
0.912310 0.000003 0.000005 0.000000 0.000000 0.080235 0.007447 1.689933
0.912313 0.000003 0.000005 0.000000 0.000000 0.080232 0.007447 1.689933
0.912315 0.000004 0.000005 0.000000 0.000000 0.080229 0.007447 1.689933
0.912315 0.000006 0.000005 0.000000 0.000000 0.080228 0.007447 1.689933
0.912316 0.000007 0.000005 0.000000 0.000000 0.080225 0.007447 1.689933
0.912317 0.000007 0.000004 0.000001 0.000000 0.080224 0.007447 1.689934
0.912320 0.000007 0.000004 0.000000 0.000000 0.080222 0.007447 1.689934
0.912320 0.000009 0.000004 0.000000 0.000000 0.080220 0.007447 1.689934
0.912320 0.000008 0.000005 0.000000 0.000000 0.080219 0.007447 1.689935
0.912321 0.000008 0.000005 0.000002 0.000000 0.080218 0.007447 1.689936
0.912323 0.000006 0.000006 0.000000 0.000000 0.080217 0.007447 1.689938
0.912327 0.000006 0.000004 0.000001 0.000000 0.080215 0.007447 1.689938
0.912328 0.000005 0.000004 0.000002 0.000000 0.080215 0.007447 1.689940
0.912331 0.000005 0.000004 0.000002 0.000000 0.080212 0.007447 1.689940
0.912334 0.000005 0.000003 0.000002 0.000000 0.080209 0.007448 1.689940
0.912336 0.000005 0.000003 0.000002 0.000000 0.080207 0.007448 1.689940
0.912337 0.000005 0.000003 0.000002 0.000000 0.080206 0.007448 1.689941
0.912339 0.000005 0.000003 0.000002 0.000000 0.080204 0.007448 1.689941
0.912340 0.000005 0.000003 0.000002 0.000000 0.080204 0.007448 1.689941
0.912342 0.000005 0.000003 0.000002 0.000000 0.080203 0.007448 1.689941
0.912344 0.000004 0.000002 0.000002 0.000000 0.080201 0.007448 1.689942
0.912347 0.000004 0.000002 0.000002 0.000000 0.080198 0.007448 1.689942
0.912348 0.000005 0.000002 0.000002 0.000000 0.080196 0.007448 1.689942
0.912352 0.000005 0.000003 0.000002 0.000000 0.080192 0.007448 1.689942
0.912353 0.000004 0.000003 0.000001 0.000000 0.080191 0.007448 1.689943
0.912356 0.000003 0.000003 0.000001 0.000000 0.080188 0.007448 1.689944
0.912357 0.000004 0.000003 0.000000 0.000000 0.080188 0.007448 1.689944
0.912359 0.000005 0.000003 0.000000 0.000000 0.080185 0.007448 1.689944
0.912361 0.000004 0.000003 0.000001 0.000000 0.080183 0.007448 1.689945
0.912361 0.000004 0.000003 0.000002 0.000000 0.080183 0.007448 1.689946
0.912361 0.000004 0.000003 0.000002 0.000000 0.080183 0.007448 1.689946
0.912361 0.000003 0.000003 0.000002 0.000000 0.080184 0.007448 1.689948
0.912363 0.000003 0.000003 0.000002 0.000000 0.080183 0.007448 1.689948
0.912366 0.000002 0.000003 0.000002 0.000000 0.080180 0.007448 1.689949
0.912367 0.000002 0.000003 0.000001 0.000000 0.080180 0.007448 1.689949
0.912368 0.000002 0.000003 0.000001 0.000000 0.080178 0.007448 1.689949
0.912370 0.000002 0.000003 0.000001 0.000000 0.080176 0.007448 1.689949
0.912372 0.000002 0.000003 0.000001 0.000000 0.080175 0.007448 1.689949
0.912373 0.000001 0.000003 0.000002 0.000000 0.080174 0.007448 1.689950
0.912374 0.000001 0.000003 0.000002 0.000000 0.080173 0.007448 1.689950
0.912376 0.000001 0.000003 0.000002 0.000000 0.080172 0.007448 1.689950
0.912377 0.000001 0.000003 0.000002 0.000000 0.080171 0.007448 1.689950
0.912378 0.000001 0.000002 0.000002 0.000000 0.080170 0.007448 1.689950
0.912379 0.000001 0.000002 0.000001 0.000000 0.080169 0.007448 1.689950
0.912380 0.000001 0.000002 0.000001 0.000000 0.080169 0.007448 1.689950
0.912381 0.000001 0.000001 0.000001 0.000000 0.080168 0.007448 1.689950
0.912383 0.000001 0.000001 0.000001 0.000000 0.080167 0.007448 1.689950
0.912384 0.000001 0.000000 0.000001 0.000000 0.080167 0.007448 1.689950
0.912385 0.000001 0.000000 0.000001 0.000000 0.080166 0.007448 1.689950
0.912386 0.000001 0.000000 0.000000 0.000000 0.080165 0.007448 1.689950
0.912386 0.000001 0.000001 0.000000 0.000000 0.080165 0.007448 1.689950
0.912386 0.000001 0.000000 0.000000 0.000000 0.080166 0.007448 1.689950
0.912386 0.000001 0.000000 0.000000 0.000000 0.080165 0.007448 1.689950
0.912386 0.000001 0.000000 0.000000 0.000000 0.080165 0.007448 1.689950
0.912387 0.000001 0.000000 0.000000 0.000000 0.080164 0.007448 1.689950
0.912387 0.000000 0.000001 0.000000 0.000000 0.080164 0.007448 1.689952
0.912388 0.000000 0.000001 0.000000 0.000000 0.080163 0.007448 1.689952
0.912388 0.000000 0.000001 0.000000 0.000000 0.080163 0.007448 1.689952
0.912389 0.000000 0.000001 0.000000 0.000000 0.080162 0.007448 1.689952
0.912389 0.000000 0.000001 0.000000 0.000000 0.080162 0.007448 1.689952
0.912390 0.000000 0.000001 0.000000 0.000000 0.080161 0.007448 1.689952
0.912390 0.000000 0.000001 0.000000 0.000000 0.080161 0.007448 1.689952
0.912390 0.000001 0.000001 0.000000 0.000000 0.080161 0.007448 1.689952
0.912390 0.000001 0.000001 0.000000 0.000000 0.080160 0.007448 1.689952
0.912390 0.000001 0.000001 0.000000 0.000000 0.080160 0.007448 1.689952
0.912391 0.000001 0.000001 0.000000 0.000000 0.080159 0.007448 1.689952
0.912391 0.000000 0.000001 0.000000 0.000000 0.080160 0.007448 1.689952
0.912392 0.000000 0.000001 0.000000 0.000000 0.080158 0.007448 1.689952
0.912393 0.000000 0.000001 0.000000 0.000000 0.080157 0.007448 1.689952
0.912393 0.000001 0.000001 0.000000 0.000000 0.080157 0.007448 1.689952
0.912393 0.000001 0.000001 0.000000 0.000000 0.080157 0.007448 1.689952
0.912393 0.000001 0.000001 0.000000 0.000000 0.080156 0.007448 1.689952
0.912393 0.000002 0.000001 0.000000 0.000000 0.080156 0.007448 1.689952
0.912393 0.000002 0.000001 0.000000 0.000000 0.080156 0.007448 1.689952
0.912393 0.000002 0.000001 0.000000 0.000000 0.080156 0.007448 1.689952
0.912393 0.000002 0.000000 0.000000 0.000000 0.080157 0.007448 1.689952
0.912393 0.000003 0.000000 0.000000 0.000000 0.080157 0.007448 1.689952
0.912392 0.000003 0.000000 0.000000 0.000000 0.080157 0.007448 1.689952
0.912392 0.000003 0.000000 0.000000 0.000000 0.080157 0.007448 1.689952
0.912392 0.000003 0.000000 0.000000 0.000000 0.080157 0.007448 1.689952
0.912392 0.000003 0.000000 0.000000 0.000000 0.080157 0.007448 1.689953
0.912392 0.000003 0.000000 0.000000 0.000000 0.080157 0.007448 1.689953
0.912392 0.000003 0.000000 0.000000 0.000000 0.080157 0.007448 1.689953
0.912392 0.000003 0.000000 0.000000 0.000000 0.080157 0.007448 1.689953
0.912392 0.000003 0.000001 0.000000 0.000000 0.080156 0.007448 1.689953
0.912393 0.000003 0.000001 0.000000 0.000000 0.080156 0.007448 1.689953
0.912393 0.000003 0.000001 0.000000 0.000000 0.080155 0.007448 1.689953
0.912394 0.000003 0.000001 0.000000 0.000000 0.080155 0.007448 1.689953
0.912394 0.000003 0.000001 0.000000 0.000000 0.080155 0.007448 1.689954
0.912393 0.000003 0.000001 0.000000 0.000000 0.080155 0.007448 1.689954
0.912392 0.000003 0.000003 0.000000 0.000000 0.080155 0.007448 1.689956
0.912392 0.000003 0.000003 0.000000 0.000000 0.080155 0.007448 1.689956
0.912394 0.000003 0.000003 0.000000 0.000000 0.080153 0.007448 1.689956
0.912394 0.000002 0.000003 0.000000 0.000000 0.080153 0.007448 1.689957
0.912394 0.000002 0.000003 0.000000 0.000000 0.080153 0.007448 1.689957
0.912395 0.000002 0.000003 0.000000 0.000000 0.080152 0.007448 1.689957
0.912395 0.000003 0.000002 0.000000 0.000000 0.080152 0.007448 1.689957
0.912394 0.000003 0.000002 0.000000 0.000000 0.080153 0.007448 1.689958
0.912393 0.000005 0.000002 0.000000 0.000000 0.080153 0.007448 1.689958
0.912391 0.000005 0.000003 0.000000 0.000000 0.080153 0.007448 1.689959
0.912390 0.000006 0.000003 0.000001 0.000000 0.080152 0.007448 1.689960
0.912391 0.000005 0.000003 0.000001 0.000000 0.080152 0.007448 1.689960
0.912390 0.000005 0.000003 0.000001 0.000000 0.080152 0.007448 1.689961
0.912390 0.000006 0.000003 0.000001 0.000000 0.080154 0.007448 1.689961
0.912389 0.000006 0.000003 0.000001 0.000000 0.080154 0.007448 1.689962
0.912389 0.000006 0.000003 0.000002 0.000000 0.080154 0.007448 1.689963
0.912389 0.000006 0.000003 0.000002 0.000000 0.080154 0.007448 1.689963
0.912389 0.000005 0.000003 0.000002 0.000000 0.080154 0.007448 1.689963
0.912389 0.000004 0.000003 0.000003 0.000000 0.080154 0.007448 1.689964
0.912390 0.000003 0.000004 0.000003 0.000000 0.080154 0.007448 1.689965
0.912390 0.000003 0.000003 0.000003 0.000000 0.080154 0.007448 1.689965
0.912390 0.000003 0.000004 0.000002 0.000000 0.080154 0.007448 1.689966
0.912391 0.000003 0.000004 0.000001 0.000000 0.080153 0.007448 1.689966
0.912391 0.000002 0.000003 0.000001 0.000000 0.080154 0.007448 1.689966
0.912392 0.000002 0.000003 0.000001 0.000000 0.080154 0.007448 1.689966
0.912391 0.000003 0.000003 0.000001 0.000000 0.080154 0.007448 1.689966
0.912393 0.000002 0.000004 0.000001 0.000000 0.080153 0.007448 1.689967
0.912393 0.000002 0.000003 0.000001 0.000000 0.080153 0.007448 1.689967
0.912393 0.000002 0.000003 0.000001 0.000000 0.080154 0.007448 1.689967
0.912393 0.000002 0.000003 0.000001 0.000000 0.080154 0.007448 1.689967
0.912394 0.000002 0.000002 0.000001 0.000000 0.080154 0.007448 1.689967
0.912393 0.000001 0.000003 0.000001 0.000000 0.080154 0.007448 1.689968
0.912393 0.000001 0.000003 0.000001 0.000000 0.080154 0.007448 1.689968
0.912393 0.000001 0.000003 0.000001 0.000000 0.080155 0.007448 1.689968
0.912394 0.000001 0.000001 0.000001 0.000000 0.080155 0.007448 1.689968
0.912393 0.000002 0.000001 0.000001 0.000000 0.080155 0.007448 1.689968
0.912394 0.000001 0.000001 0.000001 0.000000 0.080155 0.007448 1.689969
0.912394 0.000001 0.000001 0.000001 0.000000 0.080155 0.007448 1.689969
0.912394 0.000001 0.000001 0.000001 0.000000 0.080155 0.007448 1.689969
0.912394 0.000001 0.000001 0.000001 0.000000 0.080155 0.007448 1.689969
0.912395 0.000001 0.000001 0.000001 0.000000 0.080154 0.007448 1.689969
0.912395 0.000001 0.000001 0.000001 0.000000 0.080154 0.007448 1.689969
0.912396 0.000001 0.000001 0.000001 0.000000 0.080153 0.007448 1.689969
0.912396 0.000001 0.000001 0.000001 0.000000 0.080154 0.007448 1.689969
0.912395 0.000001 0.000001 0.000001 0.000000 0.080154 0.007448 1.689969
0.912396 0.000001 0.000001 0.000001 0.000000 0.080153 0.007448 1.689969
0.912396 0.000001 0.000001 0.000001 0.000000 0.080153 0.007448 1.689970
0.912396 0.000001 0.000001 0.000001 0.000000 0.080153 0.007448 1.689970
0.912396 0.000001 0.000001 0.000001 0.000000 0.080152 0.007448 1.689970
0.912396 0.000002 0.000001 0.000001 0.000000 0.080152 0.007448 1.689970
0.912396 0.000001 0.000001 0.000001 0.000000 0.080152 0.007448 1.689970
0.912395 0.000003 0.000002 0.000001 0.000000 0.080151 0.007448 1.689971
0.912395 0.000003 0.000002 0.000001 0.000000 0.080151 0.007448 1.689971
0.912395 0.000003 0.000002 0.000001 0.000000 0.080150 0.007448 1.689971
0.912395 0.000003 0.000002 0.000001 0.000000 0.080151 0.007448 1.689971
0.912395 0.000003 0.000001 0.000001 0.000000 0.080151 0.007448 1.689971
0.912395 0.000003 0.000001 0.000001 0.000000 0.080152 0.007448 1.689971
0.912395 0.000003 0.000001 0.000001 0.000000 0.080151 0.007448 1.689971
0.912395 0.000004 0.000001 0.000001 0.000000 0.080151 0.007448 1.689971
0.912394 0.000005 0.000001 0.000001 0.000000 0.080151 0.007448 1.689971
0.912394 0.000005 0.000000 0.000001 0.000000 0.080152 0.007448 1.689971
0.912394 0.000005 0.000000 0.000001 0.000000 0.080152 0.007448 1.689971
0.912394 0.000004 0.000000 0.000001 0.000000 0.080152 0.007448 1.689972
0.912394 0.000005 0.000000 0.000001 0.000000 0.080152 0.007448 1.689972
0.912394 0.000005 0.000000 0.000001 0.000000 0.080152 0.007448 1.689972
0.912394 0.000005 0.000001 0.000001 0.000000 0.080152 0.007448 1.689972
0.912394 0.000005 0.000001 0.000001 0.000000 0.080151 0.007448 1.689972
0.912394 0.000004 0.000001 0.000003 0.000000 0.080151 0.007448 1.689973
0.912394 0.000005 0.000001 0.000002 0.000000 0.080151 0.007448 1.689973
0.912394 0.000004 0.000001 0.000002 0.000000 0.080151 0.007448 1.689974
0.912393 0.000004 0.000001 0.000002 0.000000 0.080152 0.007448 1.689974
0.912393 0.000003 0.000003 0.000002 0.000000 0.080151 0.007448 1.689975
0.912393 0.000003 0.000003 0.000001 0.000000 0.080152 0.007448 1.689975
0.912393 0.000003 0.000003 0.000001 0.000000 0.080152 0.007448 1.689976
0.912393 0.000003 0.000003 0.000002 0.000000 0.080152 0.007448 1.689976
0.912393 0.000002 0.000003 0.000002 0.000000 0.080152 0.007448 1.689977
0.912394 0.000002 0.000003 0.000002 0.000000 0.080151 0.007448 1.689977
0.912394 0.000002 0.000003 0.000001 0.000000 0.080151 0.007448 1.689977
0.912394 0.000001 0.000003 0.000002 0.000000 0.080152 0.007448 1.689977
0.912394 0.000001 0.000003 0.000002 0.000000 0.080152 0.007448 1.689977
0.912394 0.000002 0.000001 0.000001 0.000000 0.080153 0.007448 1.689977
0.912394 0.000002 0.000001 0.000002 0.000000 0.080154 0.007448 1.689978
0.912393 0.000003 0.000001 0.000002 0.000000 0.080154 0.007448 1.689978
0.912393 0.000003 0.000000 0.000002 0.000000 0.080154 0.007448 1.689978
0.912394 0.000003 0.000000 0.000002 0.000000 0.080154 0.007448 1.689978
0.912393 0.000003 0.000001 0.000002 0.000000 0.080154 0.007448 1.689978
0.912394 0.000003 0.000001 0.000002 0.000000 0.080153 0.007448 1.689979
0.912394 0.000003 0.000001 0.000001 0.000000 0.080153 0.007448 1.689979
0.912394 0.000003 0.000002 0.000001 0.000000 0.080153 0.007448 1.689979
0.912394 0.000003 0.000001 0.000001 0.000000 0.080153 0.007448 1.689979
0.912394 0.000001 0.000001 0.000001 0.000000 0.080154 0.007448 1.689980
0.912394 0.000001 0.000001 0.000001 0.000000 0.080155 0.007448 1.689980
0.912394 0.000001 0.000001 0.000001 0.000000 0.080155 0.007448 1.689981
0.912394 0.000001 0.000001 0.000001 0.000000 0.080155 0.007448 1.689981
0.912394 0.000001 0.000001 0.000001 0.000000 0.080155 0.007448 1.689981
0.912394 0.000001 0.000001 0.000001 0.000000 0.080155 0.007448 1.689981
0.912394 0.000002 0.000001 0.000001 0.000000 0.080155 0.007448 1.689981
0.912394 0.000001 0.000001 0.000001 0.000000 0.080155 0.007448 1.689982
0.912393 0.000001 0.000001 0.000001 0.000000 0.080155 0.007448 1.689982
0.912393 0.000002 0.000002 0.000001 0.000000 0.080154 0.007448 1.689982
0.912393 0.000002 0.000002 0.000001 0.000000 0.080155 0.007448 1.689982
0.912393 0.000002 0.000002 0.000001 0.000000 0.080154 0.007448 1.689982
