0.999821 0.000132 0.000034 0.000013 0.000000 0.000000 0.000000
0.999732 0.000197 0.000026 0.000004 0.000000 0.000041 0.000000
0.999384 0.000516 0.000052 0.000024 0.000000 0.000024 0.000000
0.998942 0.000901 0.000089 0.000040 0.000000 0.000029 0.000000
0.998275 0.001426 0.000153 0.000096 0.000001 0.000049 0.000000
0.997267 0.002245 0.000291 0.000143 0.000005 0.000050 0.000000
0.995373 0.003734 0.000548 0.000253 0.000005 0.000086 0.000000
0.992696 0.005954 0.000790 0.000379 0.000005 0.000177 0.000000
0.988690 0.009085 0.001235 0.000660 0.000007 0.000324 0.000000
0.984127 0.012642 0.001801 0.000968 0.000006 0.000457 0.000000
0.977400 0.017910 0.002648 0.001350 0.000007 0.000686 0.000000
0.968477 0.024823 0.003742 0.001917 0.000009 0.001032 0.000000
0.957593 0.033230 0.005039 0.002638 0.000011 0.001489 0.000000
0.943000 0.044285 0.006968 0.003646 0.000011 0.002090 0.000000
0.926286 0.056702 0.009350 0.004913 0.000011 0.002738 0.000000
0.908534 0.069494 0.012074 0.006312 0.000013 0.003574 0.000000
0.888254 0.083761 0.015278 0.007940 0.000019 0.004748 0.000000
0.867932 0.097208 0.018984 0.009731 0.000027 0.006118 0.000000
0.847988 0.109748 0.022689 0.011651 0.000035 0.007889 0.000000
0.828172 0.121873 0.026681 0.013603 0.000035 0.009637 0.000000
0.808127 0.133174 0.031118 0.015816 0.000041 0.011724 0.000000
0.789544 0.143087 0.035246 0.017980 0.000048 0.014094 0.000000
0.770922 0.152700 0.039361 0.020246 0.000053 0.016718 0.000000
0.750616 0.163041 0.043993 0.022575 0.000067 0.019708 0.000000
0.731040 0.171725 0.048873 0.025273 0.000084 0.023005 0.000000
0.712607 0.179539 0.053521 0.027790 0.000101 0.026443 0.000000
0.691604 0.187849 0.059102 0.030649 0.000123 0.030672 0.000001
0.671794 0.195469 0.064090 0.033346 0.000142 0.035157 0.000001
0.650292 0.202710 0.069905 0.036465 0.000161 0.040466 0.000001
0.630651 0.208036 0.075696 0.039390 0.000184 0.046040 0.000002
0.610485 0.212869 0.081687 0.042408 0.000212 0.052336 0.000004
0.591825 0.216565 0.087157 0.045218 0.000234 0.058997 0.000004
0.572950 0.219146 0.092745 0.048244 0.000256 0.066656 0.000004
0.555547 0.220129 0.098406 0.051114 0.000268 0.074531 0.000005
0.539872 0.220762 0.103158 0.053752 0.000286 0.082163 0.000006
0.523819 0.219986 0.108236 0.056473 0.000313 0.091168 0.000006
0.509699 0.218482 0.112676 0.058760 0.000347 0.100028 0.000006
0.496507 0.216224 0.116824 0.060830 0.000377 0.109232 0.000006
0.483935 0.212571 0.120756 0.062960 0.000399 0.119373 0.000006
0.473338 0.209031 0.123881 0.064525 0.000432 0.128786 0.000007
0.463083 0.205070 0.126537 0.066009 0.000470 0.138822 0.000009
0.451394 0.201358 0.129621 0.067720 0.000507 0.149391 0.000010
0.441820 0.197091 0.131965 0.069031 0.000548 0.159535 0.000010
0.432051 0.192253 0.134177 0.070405 0.000594 0.170508 0.000012
0.423291 0.188116 0.135797 0.071353 0.000627 0.180801 0.000014
0.414432 0.182927 0.137366 0.072166 0.000670 0.192423 0.000016
0.405968 0.178346 0.138534 0.072733 0.000692 0.203711 0.000017
0.397796 0.173643 0.139481 0.073281 0.000708 0.215071 0.000019
0.389658 0.168724 0.140240 0.073646 0.000725 0.226983 0.000024
0.382327 0.163813 0.140606 0.073971 0.000753 0.238502 0.000028
0.375765 0.158374 0.140556 0.074086 0.000783 0.250404 0.000032
0.369394 0.153490 0.140476 0.074019 0.000813 0.261770 0.000039
0.363550 0.147668 0.140293 0.073720 0.000851 0.273877 0.000041
0.358593 0.142421 0.139447 0.073412 0.000875 0.285204 0.000048
0.354643 0.136743 0.138296 0.072788 0.000910 0.296569 0.000050
0.350668 0.131039 0.136954 0.072148 0.000948 0.308191 0.000052
0.347703 0.126087 0.135303 0.071428 0.000966 0.318456 0.000055
0.345444 0.120964 0.133325 0.070524 0.000978 0.328708 0.000057
0.343434 0.115220 0.131299 0.069493 0.000994 0.339501 0.000059
0.342376 0.110570 0.129269 0.068528 0.001001 0.348196 0.000060
0.342135 0.105403 0.126607 0.067170 0.001023 0.357600 0.000062
0.341643 0.101526 0.124382 0.065995 0.001054 0.365337 0.000063
0.341644 0.096789 0.121337 0.064511 0.001070 0.374581 0.000068
0.342419 0.093133 0.118588 0.063047 0.001077 0.381664 0.000071
0.343036 0.089780 0.115684 0.061677 0.001076 0.388673 0.000073
0.343737 0.086496 0.112949 0.060289 0.001083 0.395370 0.000076
0.344314 0.083389 0.110215 0.058729 0.001088 0.402189 0.000075
0.344145 0.080445 0.107608 0.057343 0.001100 0.409281 0.000079
0.344841 0.078329 0.105014 0.055964 0.001111 0.414658 0.000084
0.345099 0.075613 0.102119 0.054552 0.001113 0.421416 0.000088
0.345690 0.073486 0.099855 0.053378 0.001129 0.426372 0.000090
0.346573 0.070479 0.096715 0.051750 0.001129 0.433260 0.000094
0.347327 0.068388 0.094448 0.050591 0.001122 0.438024 0.000100
0.348085 0.066276 0.092022 0.049397 0.001113 0.443003 0.000103
0.349406 0.064133 0.089427 0.048069 0.001101 0.447755 0.000109
0.350707 0.062343 0.087070 0.046895 0.001088 0.451784 0.000114
0.352664 0.060304 0.084584 0.045512 0.001077 0.455740 0.000119
0.354452 0.058439 0.082440 0.044308 0.001066 0.459172 0.000122
0.356219 0.056543 0.080291 0.043205 0.001062 0.462552 0.000127
0.358147 0.055255 0.078255 0.042060 0.001061 0.465087 0.000134
0.360143 0.053368 0.075975 0.040902 0.001049 0.468425 0.000140
0.362557 0.052234 0.073835 0.039840 0.001048 0.470343 0.000143
0.364548 0.050817 0.071866 0.038745 0.001034 0.472841 0.000148
0.366892 0.049681 0.069788 0.037620 0.001019 0.474847 0.000153
0.369197 0.048250 0.067646 0.036463 0.001001 0.477286 0.000157
0.371331 0.047462 0.066088 0.035661 0.000980 0.478320 0.000159
0.373712 0.046727 0.064684 0.034792 0.000961 0.478962 0.000162
0.376184 0.045564 0.062981 0.033735 0.000948 0.480421 0.000166
0.378585 0.044647 0.061313 0.032810 0.000933 0.481540 0.000172
0.380965 0.044039 0.059903 0.031986 0.000932 0.482001 0.000175
0.383572 0.043154 0.058232 0.031030 0.000927 0.482907 0.000179
0.385932 0.042681 0.056910 0.030215 0.000913 0.483166 0.000183
0.388707 0.041913 0.055387 0.029382 0.000895 0.483526 0.000190
0.390873 0.041553 0.054353 0.028787 0.000880 0.483361 0.000194
0.393552 0.041227 0.053003 0.028147 0.000864 0.483009 0.000198
0.396316 0.040803 0.051612 0.027432 0.000848 0.482787 0.000203
0.398499 0.040559 0.050732 0.026946 0.000840 0.482217 0.000208
0.400796 0.040393 0.049729 0.026372 0.000827 0.481671 0.000212
0.403337 0.040122 0.048676 0.025809 0.000818 0.481018 0.000220
0.405763 0.039845 0.047771 0.025356 0.000809 0.480230 0.000226
0.408591 0.039606 0.046582 0.024692 0.000798 0.479501 0.000230
0.410631 0.039554 0.046057 0.024384 0.000785 0.478356 0.000232
0.412853 0.039455 0.045171 0.023884 0.000780 0.477624 0.000232
0.415193 0.039466 0.044467 0.023522 0.000771 0.476344 0.000237
0.417014 0.039465 0.043991 0.023180 0.000749 0.475362 0.000238
0.419283 0.039380 0.043318 0.022769 0.000736 0.474272 0.000242
0.421558 0.039288 0.042649 0.022422 0.000724 0.473114 0.000245
0.423447 0.039393 0.042192 0.022131 0.000704 0.471886 0.000247
0.425646 0.039354 0.041605 0.021928 0.000697 0.470520 0.000250
0.427610 0.039432 0.041214 0.021712 0.000688 0.469093 0.000251
0.429295 0.039509 0.040882 0.021569 0.000679 0.467808 0.000259
0.431339 0.039605 0.040413 0.021330 0.000666 0.466387 0.000261
0.433253 0.039948 0.039996 0.021117 0.000663 0.464759 0.000265
0.435064 0.040045 0.039691 0.020972 0.000647 0.463315 0.000266
0.436752 0.040260 0.039420 0.020869 0.000638 0.461794 0.000267
0.438506 0.040331 0.039171 0.020731 0.000633 0.460360 0.000269
0.440309 0.040516 0.038939 0.020619 0.000624 0.458720 0.000272
0.441473 0.040764 0.038758 0.020613 0.000611 0.457501 0.000280
0.442986 0.041012 0.038651 0.020580 0.000598 0.455892 0.000280
0.444229 0.041243 0.038527 0.020510 0.000587 0.454621 0.000283
0.445786 0.041458 0.038360 0.020439 0.000581 0.453089 0.000287
0.447314 0.041766 0.038306 0.020343 0.000573 0.451410 0.000288
0.448540 0.041890 0.038346 0.020250 0.000574 0.450111 0.000288
0.450782 0.041464 0.038361 0.020114 0.000567 0.448420 0.000292
0.453013 0.040560 0.038367 0.019976 0.000558 0.447234 0.000292
0.456084 0.039463 0.038303 0.019764 0.000544 0.445549 0.000293
0.459155 0.038044 0.038223 0.019583 0.000543 0.444156 0.000296
0.462576 0.036663 0.038020 0.019172 0.000542 0.442732 0.000296
0.466313 0.035172 0.037681 0.018842 0.000532 0.441162 0.000298
0.469900 0.033587 0.037453 0.018483 0.000528 0.439750 0.000298
0.473862 0.031937 0.037066 0.018140 0.000523 0.438170 0.000302
0.477666 0.030349 0.036636 0.017802 0.000526 0.436721 0.000302
0.482047 0.028761 0.035998 0.017354 0.000522 0.435013 0.000305
0.486004 0.027261 0.035417 0.016924 0.000527 0.433563 0.000305
0.490294 0.025824 0.034726 0.016411 0.000522 0.431912 0.000310
0.494615 0.024444 0.033965 0.015912 0.000521 0.430236 0.000307
0.499186 0.023101 0.033283 0.015458 0.000514 0.428147 0.000311
0.503704 0.021877 0.032513 0.014976 0.000506 0.426109 0.000315
0.508009 0.020611 0.031659 0.014503 0.000501 0.424399 0.000318
0.512581 0.019470 0.030788 0.014027 0.000493 0.422324 0.000317
0.517147 0.018343 0.030011 0.013538 0.000479 0.420161 0.000321
0.522205 0.017333 0.029113 0.013069 0.000463 0.417493 0.000323
0.526647 0.016311 0.028289 0.012608 0.000459 0.415363 0.000323
0.531299 0.015354 0.027398 0.012181 0.000455 0.412980 0.000332
0.536215 0.014491 0.026435 0.011713 0.000445 0.410373 0.000328
0.540613 0.013743 0.025572 0.011281 0.000437 0.408022 0.000334
0.545329 0.012961 0.024693 0.010789 0.000424 0.405469 0.000335
0.549918 0.012271 0.023887 0.010378 0.000419 0.402791 0.000337
0.554627 0.011627 0.023012 0.009973 0.000413 0.400009 0.000339
0.558719 0.011083 0.022219 0.009615 0.000405 0.397617 0.000342
0.563559 0.010495 0.021376 0.009273 0.000393 0.394561 0.000343
0.567977 0.009935 0.020575 0.008898 0.000384 0.391884 0.000346
0.572505 0.009406 0.019841 0.008541 0.000377 0.388978 0.000351
0.577310 0.008872 0.019094 0.008164 0.000363 0.385848 0.000349
0.581460 0.008396 0.018361 0.007833 0.000354 0.383244 0.000352
0.586225 0.007946 0.017608 0.007488 0.000350 0.380026 0.000356
0.590474 0.007600 0.016923 0.007214 0.000339 0.377097 0.000354
0.595047 0.007172 0.016279 0.006944 0.000329 0.373870 0.000360
0.599308 0.006881 0.015608 0.006623 0.000314 0.370903 0.000364
0.604017 0.006553 0.014987 0.006333 0.000304 0.367447 0.000359
0.608309 0.006273 0.014365 0.006062 0.000296 0.364334 0.000362
0.612694 0.005934 0.013790 0.005790 0.000297 0.361132 0.000363
0.616908 0.005637 0.013234 0.005561 0.000288 0.358009 0.000363
0.621350 0.005362 0.012686 0.005369 0.000276 0.354592 0.000364
0.625188 0.005113 0.012110 0.005163 0.000271 0.351790 0.000365
0.629376 0.004899 0.011599 0.004916 0.000262 0.348579 0.000369
0.633746 0.004690 0.011106 0.004678 0.000251 0.345158 0.000369
0.638099 0.004477 0.010694 0.004506 0.000246 0.341604 0.000373
0.642326 0.004296 0.010300 0.004337 0.000233 0.338136 0.000371
0.646203 0.004094 0.009809 0.004143 0.000230 0.335153 0.000368
0.650372 0.003938 0.009437 0.003932 0.000218 0.331730 0.000373
0.654112 0.003781 0.009027 0.003778 0.000216 0.328715 0.000371
0.658310 0.003640 0.008593 0.003609 0.000206 0.325266 0.000376
0.662157 0.003517 0.008233 0.003469 0.000198 0.322048 0.000377
0.665764 0.003403 0.007875 0.003322 0.000196 0.319067 0.000373
0.669855 0.003308 0.007505 0.003182 0.000196 0.315579 0.000375
0.673757 0.003181 0.007170 0.003046 0.000192 0.312279 0.000375
0.677674 0.003080 0.006889 0.002906 0.000190 0.308882 0.000378
0.681028 0.002997 0.006637 0.002812 0.000183 0.305964 0.000378
0.684947 0.002893 0.006363 0.002690 0.000179 0.302545 0.000383
0.688507 0.002818 0.006105 0.002608 0.000173 0.299411 0.000378
0.692090 0.002728 0.005880 0.002508 0.000172 0.296240 0.000382
0.695797 0.002648 0.005628 0.002385 0.000166 0.292998 0.000379
0.699221 0.002565 0.005408 0.002292 0.000162 0.289973 0.000379
0.702750 0.002481 0.005213 0.002214 0.000155 0.286808 0.000377
0.706295 0.002380 0.005044 0.002143 0.000148 0.283605 0.000385
0.709500 0.002327 0.004856 0.002080 0.000139 0.280716 0.000381
0.712989 0.002248 0.004627 0.001996 0.000136 0.277625 0.000379
0.716496 0.002162 0.004467 0.001923 0.000137 0.274437 0.000379
0.720032 0.002090 0.004283 0.001823 0.000134 0.271259 0.000378
0.722927 0.002044 0.004121 0.001771 0.000128 0.268628 0.000380
0.726188 0.001974 0.004002 0.001720 0.000128 0.265604 0.000384
0.729497 0.001890 0.003886 0.001644 0.000125 0.262573 0.000386
0.732660 0.001843 0.003717 0.001590 0.000124 0.259690 0.000377
0.735799 0.001777 0.003581 0.001537 0.000121 0.256805 0.000381
0.739217 0.001738 0.003436 0.001466 0.000115 0.253646 0.000382
0.742561 0.001679 0.003315 0.001426 0.000115 0.250520 0.000384
0.745341 0.001617 0.003203 0.001367 0.000110 0.247975 0.000387
0.748386 0.001578 0.003065 0.001319 0.000110 0.245160 0.000381
0.751395 0.001510 0.002974 0.001274 0.000102 0.242360 0.000384
0.754329 0.001470 0.002882 0.001236 0.000099 0.239599 0.000385
0.757307 0.001444 0.002761 0.001191 0.000095 0.236820 0.000383
0.760023 0.001393 0.002653 0.001154 0.000095 0.234294 0.000388
0.763207 0.001370 0.002544 0.001123 0.000091 0.231274 0.000392
0.766002 0.001348 0.002446 0.001076 0.000083 0.228661 0.000383
0.768639 0.001320 0.002353 0.001048 0.000082 0.226170 0.000389
0.771235 0.001274 0.002273 0.000996 0.000080 0.223759 0.000383
0.774070 0.001232 0.002190 0.000970 0.000076 0.221081 0.000381
0.776759 0.001198 0.002114 0.000931 0.000078 0.218529 0.000389
0.779261 0.001177 0.002035 0.000909 0.000073 0.216155 0.000390
0.782092 0.001145 0.001967 0.000872 0.000072 0.213461 0.000391
0.784845 0.001129 0.001912 0.000834 0.000071 0.210820 0.000389
0.787447 0.001092 0.001832 0.000818 0.000071 0.208354 0.000386
0.790065 0.001045 0.001763 0.000795 0.000072 0.205867 0.000393
0.792348 0.001025 0.001713 0.000763 0.000068 0.203696 0.000387
0.795054 0.000962 0.001680 0.000742 0.000069 0.201107 0.000386
0.797517 0.000937 0.001641 0.000722 0.000066 0.198725 0.000392
0.800121 0.000881 0.001588 0.000699 0.000061 0.196261 0.000389
0.802542 0.000851 0.001531 0.000679 0.000058 0.193949 0.000390
0.804686 0.000838 0.001517 0.000681 0.000057 0.191832 0.000389
0.806954 0.000802 0.001467 0.000647 0.000054 0.189690 0.000385
0.809182 0.000777 0.001414 0.000624 0.000055 0.187559 0.000390
0.811811 0.000777 0.001377 0.000598 0.000056 0.184992 0.000389
0.814147 0.000757 0.001326 0.000574 0.000057 0.182752 0.000387
0.816287 0.000766 0.001270 0.000567 0.000054 0.180672 0.000385
0.818408 0.000761 0.001241 0.000560 0.000051 0.178585 0.000394
0.820709 0.000725 0.001212 0.000550 0.000050 0.176365 0.000389
0.822692 0.000696 0.001178 0.000553 0.000047 0.174441 0.000393
0.825267 0.000658 0.001099 0.000511 0.000048 0.172021 0.000396
0.827073 0.000677 0.001089 0.000497 0.000044 0.170219 0.000401
0.829413 0.000651 0.001046 0.000493 0.000041 0.167968 0.000389
0.831514 0.000610 0.000995 0.000472 0.000042 0.165981 0.000387
0.833567 0.000604 0.000993 0.000464 0.000036 0.163940 0.000396
0.835436 0.000592 0.000947 0.000448 0.000039 0.162148 0.000391
0.837506 0.000588 0.000916 0.000437 0.000037 0.160122 0.000393
0.839081 0.000584 0.000888 0.000415 0.000040 0.158607 0.000386
0.841484 0.000552 0.000849 0.000408 0.000038 0.156283 0.000386
0.843390 0.000547 0.000839 0.000395 0.000039 0.154399 0.000391
0.845561 0.000526 0.000816 0.000382 0.000038 0.152287 0.000390
0.847301 0.000528 0.000794 0.000375 0.000037 0.150581 0.000384
0.848933 0.000546 0.000792 0.000378 0.000034 0.148928 0.000389
0.851097 0.000494 0.000744 0.000373 0.000033 0.146870 0.000389
0.852720 0.000503 0.000740 0.000372 0.000034 0.145245 0.000386
0.854558 0.000499 0.000721 0.000356 0.000031 0.143453 0.000384
0.856606 0.000486 0.000690 0.000341 0.000029 0.141463 0.000385
0.858141 0.000482 0.000678 0.000325 0.000029 0.139954 0.000391
0.859952 0.000482 0.000658 0.000320 0.000026 0.138175 0.000387
0.861735 0.000479 0.000649 0.000316 0.000026 0.136412 0.000383
0.863625 0.000479 0.000636 0.000302 0.000025 0.134554 0.000380
0.865183 0.000475 0.000641 0.000298 0.000023 0.132985 0.000395
0.866888 0.000464 0.000622 0.000288 0.000020 0.131334 0.000383
0.868778 0.000446 0.000590 0.000272 0.000021 0.129505 0.000388
0.870366 0.000424 0.000558 0.000258 0.000021 0.127987 0.000385
0.871955 0.000431 0.000554 0.000254 0.000022 0.126399 0.000384
0.873505 0.000442 0.000556 0.000243 0.000018 0.124851 0.000386
0.875030 0.000418 0.000522 0.000227 0.000019 0.123400 0.000383
0.876992 0.000434 0.000515 0.000225 0.000017 0.121436 0.000381
0.878106 0.000421 0.000486 0.000224 0.000018 0.120366 0.000379
0.879897 0.000395 0.000479 0.000217 0.000015 0.118607 0.000390
0.880930 0.000411 0.000480 0.000226 0.000015 0.117546 0.000392
0.882649 0.000401 0.000468 0.000210 0.000017 0.115865 0.000390
0.884262 0.000399 0.000450 0.000204 0.000017 0.114282 0.000386
0.885247 0.000400 0.000451 0.000216 0.000014 0.113291 0.000381
0.886881 0.000406 0.000449 0.000206 0.000014 0.111659 0.000385
0.888395 0.000389 0.000436 0.000211 0.000016 0.110165 0.000389
0.889426 0.000389 0.000435 0.000225 0.000012 0.109129 0.000384
0.891209 0.000360 0.000423 0.000213 0.000013 0.107393 0.000390
0.892681 0.000375 0.000442 0.000217 0.000014 0.105891 0.000380
0.894310 0.000353 0.000420 0.000214 0.000014 0.104293 0.000396
0.895203 0.000349 0.000426 0.000213 0.000014 0.103401 0.000392
0.896903 0.000342 0.000420 0.000208 0.000012 0.101723 0.000392
0.898297 0.000320 0.000389 0.000205 0.000014 0.100385 0.000390
0.899129 0.000341 0.000407 0.000197 0.000012 0.099526 0.000389
0.900611 0.000339 0.000413 0.000197 0.000012 0.098043 0.000386
0.902065 0.000332 0.000406 0.000201 0.000009 0.096604 0.000384
0.903331 0.000337 0.000401 0.000191 0.000008 0.095339 0.000394
0.904189 0.000328 0.000398 0.000182 0.000008 0.094517 0.000378
0.905401 0.000344 0.000407 0.000181 0.000007 0.093277 0.000383
0.906788 0.000343 0.000410 0.000182 0.000008 0.091871 0.000398
0.907934 0.000327 0.000400 0.000170 0.000007 0.090779 0.000383
0.908927 0.000343 0.000405 0.000180 0.000006 0.089761 0.000379
0.910189 0.000346 0.000399 0.000168 0.000005 0.088497 0.000395
0.911217 0.000352 0.000393 0.000165 0.000007 0.087482 0.000383
0.912677 0.000331 0.000358 0.000161 0.000007 0.086070 0.000395
0.913579 0.000340 0.000372 0.000173 0.000006 0.085142 0.000388
0.914564 0.000318 0.000351 0.000161 0.000008 0.084213 0.000385
0.916118 0.000305 0.000345 0.000155 0.000008 0.082682 0.000389
0.916923 0.000320 0.000357 0.000152 0.000009 0.081855 0.000384
0.918031 0.000316 0.000338 0.000157 0.000009 0.080769 0.000380
0.918495 0.000305 0.000361 0.000151 0.000008 0.080302 0.000378
0.920182 0.000302 0.000346 0.000144 0.000008 0.078643 0.000375
0.921114 0.000266 0.000325 0.000149 0.000007 0.077758 0.000381
0.922010 0.000304 0.000348 0.000140 0.000008 0.076811 0.000379
0.923072 0.000316 0.000331 0.000143 0.000009 0.075760 0.000369
0.923977 0.000321 0.000323 0.000131 0.000009 0.074858 0.000381
0.924340 0.000324 0.000341 0.000134 0.000005 0.074482 0.000373
0.925507 0.000299 0.000328 0.000134 0.000007 0.073344 0.000381
0.926493 0.000278 0.000334 0.000131 0.000008 0.072387 0.000370
0.927283 0.000277 0.000337 0.000133 0.000007 0.071592 0.000372
0.950572 0.000117 0.000144 0.000062 0.000004 0.048860 0.000241
