0.349885 0.063322 0.056049 0.032226 0.002115 0.490319 0.006083 1.597335
0.352393 0.060856 0.056055 0.032100 0.002101 0.490383 0.006114 1.603472
0.355682 0.057829 0.055950 0.031840 0.002107 0.490453 0.006139 1.609339
0.359508 0.054617 0.055618 0.031335 0.002113 0.490638 0.006170 1.614895
0.363748 0.051318 0.055276 0.030808 0.002107 0.490544 0.006199 1.620109
0.368243 0.048230 0.054622 0.030192 0.002099 0.490395 0.006219 1.624915
0.372847 0.045265 0.053754 0.029483 0.002083 0.490317 0.006250 1.629390
0.377689 0.042297 0.052855 0.028819 0.002072 0.489988 0.006280 1.633705
0.382443 0.039622 0.051832 0.027980 0.002060 0.489754 0.006310 1.637615
0.387396 0.037115 0.050634 0.027156 0.002056 0.489310 0.006333 1.641283
0.392417 0.034704 0.049431 0.026383 0.002044 0.488661 0.006358 1.644784
0.397404 0.032457 0.048206 0.025534 0.002048 0.487968 0.006383 1.648051
0.402521 0.030363 0.046811 0.024676 0.002048 0.487177 0.006402 1.651095
0.407663 0.028382 0.045491 0.023852 0.002055 0.486128 0.006429 1.654016
0.412788 0.026582 0.044137 0.023019 0.002030 0.484992 0.006452 1.656728
0.417999 0.024868 0.042803 0.022162 0.002003 0.483692 0.006473 1.659280
0.423206 0.023326 0.041497 0.021330 0.001989 0.482155 0.006497 1.661664
0.428465 0.021896 0.040167 0.020507 0.001957 0.480485 0.006524 1.663940
0.433630 0.020646 0.038762 0.019745 0.001933 0.478732 0.006551 1.665985
0.438860 0.019474 0.037446 0.018969 0.001918 0.476763 0.006571 1.667908
0.444076 0.018372 0.036111 0.018186 0.001899 0.474761 0.006596 1.669725
0.449217 0.017355 0.034786 0.017443 0.001871 0.472703 0.006624 1.671476
0.454358 0.016390 0.033499 0.016704 0.001829 0.470568 0.006651 1.673164
0.459483 0.015491 0.032250 0.016076 0.001803 0.468221 0.006675 1.674784
0.464585 0.014676 0.031000 0.015405 0.001780 0.465857 0.006698 1.676276
0.469687 0.013920 0.029852 0.014706 0.001764 0.463349 0.006723 1.677720
0.474828 0.013239 0.028716 0.014088 0.001736 0.460647 0.006747 1.679060
0.479997 0.012575 0.027629 0.013480 0.001702 0.457849 0.006768 1.680352
0.485045 0.011931 0.026638 0.012934 0.001663 0.454996 0.006794 1.681640
0.490106 0.011456 0.025501 0.012425 0.001617 0.452077 0.006817 1.682772
0.495096 0.010962 0.024474 0.011887 0.001579 0.449163 0.006841 1.683877
0.500121 0.010502 0.023498 0.011402 0.001544 0.446071 0.006863 1.684927
0.505136 0.010152 0.022496 0.010932 0.001507 0.442896 0.006882 1.685884
0.510077 0.009774 0.021606 0.010509 0.001482 0.439651 0.006903 1.686873
0.514890 0.009378 0.020781 0.010038 0.001459 0.436537 0.006918 1.687845
0.519749 0.009099 0.019947 0.009598 0.001421 0.433248 0.006940 1.688707
0.524652 0.008787 0.019130 0.009192 0.001382 0.429895 0.006961 1.689591
0.529436 0.008510 0.018389 0.008818 0.001354 0.426512 0.006982 1.690417
0.534166 0.008233 0.017661 0.008484 0.001322 0.423134 0.007000 1.691255
0.538974 0.007958 0.016975 0.008127 0.001288 0.419662 0.007017 1.692083
0.543702 0.007743 0.016319 0.007747 0.001263 0.416194 0.007032 1.692874
0.548347 0.007543 0.015707 0.007450 0.001238 0.412667 0.007047 1.693602
0.552930 0.007355 0.015099 0.007147 0.001205 0.409194 0.007069 1.694343
0.557545 0.007181 0.014496 0.006875 0.001170 0.405649 0.007085 1.695062
0.561958 0.007030 0.013958 0.006610 0.001139 0.402204 0.007100 1.695754
0.566525 0.006844 0.013463 0.006347 0.001114 0.398596 0.007112 1.696436
0.570846 0.006720 0.012973 0.006098 0.001090 0.395143 0.007129 1.697095
0.575308 0.006537 0.012512 0.005894 0.001058 0.391548 0.007143 1.697768
0.579632 0.006429 0.012019 0.005667 0.001029 0.388068 0.007157 1.698393
0.583939 0.006292 0.011639 0.005444 0.001004 0.384506 0.007174 1.699024
0.588223 0.006215 0.011238 0.005245 0.000970 0.380919 0.007190 1.699619
0.592392 0.006132 0.010827 0.005095 0.000935 0.377412 0.007206 1.700213
0.596632 0.006018 0.010458 0.004921 0.000910 0.373842 0.007219 1.700822
0.600882 0.005942 0.010135 0.004772 0.000889 0.370153 0.007226 1.701398
0.604934 0.005865 0.009840 0.004619 0.000872 0.366634 0.007237 1.701989
0.608962 0.005777 0.009570 0.004475 0.000853 0.363115 0.007250 1.702564
0.612887 0.005729 0.009258 0.004302 0.000834 0.359733 0.007258 1.703099
0.616861 0.005693 0.008960 0.004177 0.000813 0.356226 0.007269 1.703628
0.620763 0.005655 0.008704 0.004055 0.000798 0.352747 0.007279 1.704182
0.624678 0.005598 0.008475 0.003935 0.000777 0.349248 0.007288 1.704723
0.628568 0.005547 0.008257 0.003834 0.000751 0.345743 0.007301 1.705266
0.632352 0.005499 0.008038 0.003728 0.000733 0.342341 0.007309 1.705800
0.636127 0.005443 0.007848 0.003631 0.000711 0.338920 0.007321 1.706350
0.639867 0.005378 0.007679 0.003554 0.000687 0.335504 0.007332 1.706905
0.643573 0.005363 0.007470 0.003482 0.000669 0.332103 0.007340 1.707420
0.647181 0.005284 0.007302 0.003396 0.000649 0.328837 0.007350 1.707944
0.650801 0.005228 0.007134 0.003333 0.000630 0.325514 0.007361 1.708468
0.654363 0.005179 0.007016 0.003261 0.000611 0.322198 0.007370 1.708975
0.657797 0.005183 0.006860 0.003186 0.000596 0.318997 0.007380 1.709489
0.661265 0.005144 0.006741 0.003106 0.000585 0.315773 0.007386 1.710000
0.664700 0.005103 0.006632 0.003042 0.000570 0.312559 0.007394 1.710512
0.668117 0.005102 0.006511 0.002972 0.000553 0.309339 0.007407 1.711016
0.671531 0.005048 0.006395 0.002937 0.000539 0.306141 0.007411 1.711544
0.674815 0.005054 0.006262 0.002877 0.000526 0.303049 0.007418 1.712027
0.678121 0.005033 0.006183 0.002812 0.000515 0.299909 0.007426 1.712543
0.681363 0.005005 0.006118 0.002762 0.000501 0.296817 0.007434 1.713047
0.684586 0.004985 0.006013 0.002733 0.000492 0.293751 0.007440 1.713544
0.687645 0.004978 0.005911 0.002710 0.000481 0.290830 0.007445 1.714035
0.690739 0.004947 0.005824 0.002664 0.000473 0.287904 0.007450 1.714535
0.693892 0.004924 0.005740 0.002619 0.000466 0.284904 0.007455 1.715019
0.696912 0.004938 0.005661 0.002590 0.000454 0.281979 0.007466 1.715504
0.699891 0.004950 0.005607 0.002561 0.000442 0.279079 0.007470 1.715983
0.702785 0.004957 0.005518 0.002542 0.000433 0.276291 0.007475 1.716453
0.705713 0.004992 0.005451 0.002509 0.000422 0.273434 0.007480 1.716921
0.708600 0.005018 0.005378 0.002501 0.000421 0.270599 0.007483 1.717402
0.711417 0.005015 0.005355 0.002468 0.000410 0.267847 0.007489 1.717923
0.714257 0.004994 0.005333 0.002442 0.000401 0.265080 0.007494 1.718428
0.717074 0.005008 0.005260 0.002435 0.000395 0.262333 0.007497 1.718917
0.719873 0.004985 0.005237 0.002410 0.000386 0.259605 0.007503 1.719415
0.722585 0.004997 0.005194 0.002389 0.000373 0.256953 0.007509 1.719899
0.725351 0.004991 0.005137 0.002348 0.000363 0.254294 0.007516 1.720370
0.727966 0.005039 0.005103 0.002315 0.000358 0.251701 0.007520 1.720844
0.730528 0.005069 0.005096 0.002322 0.000359 0.249106 0.007523 1.721373
0.733123 0.005093 0.005076 0.002302 0.000349 0.246528 0.007530 1.721869
0.735652 0.005161 0.005043 0.002299 0.000338 0.243974 0.007534 1.722358
0.738151 0.005183 0.005033 0.002296 0.000333 0.241468 0.007537 1.722858
0.740655 0.005191 0.004981 0.002291 0.000321 0.239021 0.007541 1.723357
0.743060 0.005239 0.004970 0.002280 0.000312 0.236595 0.007546 1.723840
0.745479 0.005257 0.004948 0.002306 0.000308 0.234153 0.007550 1.724361
0.747835 0.005296 0.004931 0.002291 0.000297 0.231797 0.007554 1.724862
0.750267 0.005286 0.004930 0.002277 0.000292 0.229391 0.007557 1.725391
0.752591 0.005316 0.004923 0.002282 0.000284 0.227042 0.007563 1.725900
0.754795 0.005357 0.004943 0.002266 0.000277 0.224793 0.007569 1.726423
0.757076 0.005361 0.004955 0.002259 0.000268 0.222506 0.007575 1.726954
0.759274 0.005395 0.004952 0.002263 0.000266 0.220274 0.007577 1.727486
0.761455 0.005416 0.004940 0.002276 0.000260 0.218074 0.007580 1.728020
0.763639 0.005390 0.004940 0.002276 0.000258 0.215914 0.007583 1.728563
0.765773 0.005448 0.004939 0.002273 0.000253 0.213729 0.007587 1.729075
0.767934 0.005469 0.004959 0.002289 0.000248 0.211512 0.007591 1.729617
0.770045 0.005487 0.004998 0.002293 0.000241 0.209341 0.007595 1.730148
0.772091 0.005520 0.004995 0.002302 0.000233 0.207259 0.007599 1.730662
0.774040 0.005549 0.005009 0.002322 0.000230 0.205251 0.007601 1.731215
0.775985 0.005594 0.005030 0.002335 0.000223 0.203229 0.007605 1.731760
0.777925 0.005653 0.005034 0.002334 0.000223 0.201224 0.007608 1.732295
0.779867 0.005682 0.005064 0.002347 0.000219 0.199209 0.007614 1.732853
0.781670 0.005773 0.005083 0.002366 0.000215 0.197275 0.007618 1.733408
0.783484 0.005827 0.005106 0.002391 0.000209 0.195362 0.007621 1.733987
0.785361 0.005849 0.005113 0.002411 0.000203 0.193440 0.007624 1.734565
0.787107 0.005892 0.005121 0.002439 0.000199 0.191614 0.007629 1.735134
0.788789 0.005952 0.005176 0.002463 0.000196 0.189792 0.007632 1.735713
0.790502 0.006009 0.005150 0.002487 0.000194 0.188025 0.007634 1.736287
0.792240 0.006027 0.005191 0.002502 0.000194 0.186208 0.007638 1.736905
0.793926 0.006083 0.005207 0.002511 0.000193 0.184438 0.007642 1.737479
0.795628 0.006082 0.005240 0.002528 0.000190 0.182688 0.007645 1.738102
0.797269 0.006127 0.005268 0.002545 0.000189 0.180954 0.007649 1.738700
0.798906 0.006211 0.005289 0.002561 0.000188 0.179191 0.007654 1.739300
0.800446 0.006297 0.005349 0.002570 0.000191 0.177491 0.007656 1.739903
0.802022 0.006325 0.005383 0.002604 0.000188 0.175818 0.007661 1.740530
0.803555 0.006374 0.005393 0.002624 0.000187 0.174204 0.007665 1.741145
0.805076 0.006414 0.005452 0.002647 0.000187 0.172558 0.007666 1.741798
0.806534 0.006507 0.005486 0.002662 0.000185 0.170958 0.007668 1.742411
0.807932 0.006575 0.005533 0.002672 0.000188 0.169432 0.007669 1.743041
0.809342 0.006629 0.005591 0.002698 0.000189 0.167882 0.007671 1.743703
0.810698 0.006694 0.005654 0.002707 0.000185 0.166387 0.007676 1.744361
0.812036 0.006781 0.005668 0.002720 0.000185 0.164934 0.007677 1.745010
0.813354 0.006789 0.005713 0.002748 0.000185 0.163534 0.007678 1.745711
0.814653 0.006839 0.005766 0.002770 0.000180 0.162110 0.007683 1.746385
0.815943 0.006908 0.005823 0.002801 0.000182 0.160659 0.007685 1.747063
0.817153 0.006974 0.005871 0.002837 0.000183 0.159295 0.007687 1.747758
0.818348 0.007054 0.005923 0.002866 0.000185 0.157935 0.007690 1.748453
0.819494 0.007143 0.005955 0.002861 0.000191 0.156664 0.007692 1.749139
0.820649 0.007195 0.006003 0.002856 0.000189 0.155410 0.007697 1.749852
0.821854 0.007259 0.006050 0.002906 0.000185 0.154048 0.007698 1.750577
0.823068 0.007291 0.006095 0.002931 0.000186 0.152728 0.007702 1.751305
0.824175 0.007399 0.006120 0.002938 0.000186 0.151476 0.007705 1.752000
0.825296 0.007466 0.006166 0.002969 0.000183 0.150210 0.007709 1.752730
0.826345 0.007572 0.006229 0.002998 0.000182 0.148963 0.007711 1.753469
0.827401 0.007624 0.006279 0.003028 0.000183 0.147771 0.007713 1.754233
0.828452 0.007671 0.006338 0.003063 0.000183 0.146578 0.007716 1.755006
0.829405 0.007774 0.006381 0.003080 0.000186 0.145457 0.007717 1.755760
0.830323 0.007862 0.006432 0.003104 0.000186 0.144373 0.007719 1.756501
0.831308 0.007920 0.006503 0.003122 0.000185 0.143238 0.007724 1.757279
0.832247 0.008036 0.006546 0.003145 0.000185 0.142113 0.007728 1.758028
0.833145 0.008131 0.006636 0.003183 0.000182 0.140993 0.007731 1.758822
0.834108 0.008134 0.006720 0.003211 0.000185 0.139910 0.007733 1.759621
0.834997 0.008208 0.006767 0.003209 0.000185 0.138897 0.007738 1.760402
0.835772 0.008311 0.006838 0.003234 0.000185 0.137919 0.007741 1.761217
0.836567 0.008402 0.006955 0.003254 0.000185 0.136895 0.007742 1.762061
0.837316 0.008550 0.007033 0.003298 0.000185 0.135873 0.007745 1.762882
0.838059 0.008639 0.007098 0.003324 0.000188 0.134943 0.007747 1.763718
0.838823 0.008710 0.007148 0.003353 0.000189 0.134026 0.007750 1.764567
0.839529 0.008775 0.007217 0.003403 0.000189 0.133133 0.007753 1.765445
0.840217 0.008852 0.007279 0.003438 0.000188 0.132269 0.007756 1.766308
0.840974 0.008924 0.007339 0.003494 0.000189 0.131321 0.007759 1.767198
0.841676 0.009004 0.007401 0.003516 0.000188 0.130453 0.007763 1.768049
0.842362 0.009102 0.007452 0.003554 0.000186 0.129582 0.007764 1.768925
0.842957 0.009176 0.007536 0.003604 0.000184 0.128777 0.007767 1.769826
0.843657 0.009207 0.007616 0.003670 0.000182 0.127899 0.007769 1.770753
0.844285 0.009259 0.007711 0.003680 0.000186 0.127108 0.007771 1.771661
0.844884 0.009341 0.007758 0.003715 0.000187 0.126343 0.007772 1.772570
0.845453 0.009440 0.007815 0.003765 0.000191 0.125564 0.007772 1.773487
0.845970 0.009564 0.007850 0.003821 0.000190 0.124830 0.007775 1.774390
0.846471 0.009673 0.007933 0.003848 0.000195 0.124104 0.007776 1.775323
0.846957 0.009762 0.008008 0.003839 0.000196 0.123459 0.007778 1.776254
0.847433 0.009843 0.008041 0.003883 0.000201 0.122820 0.007779 1.777204
0.847910 0.009960 0.008126 0.003889 0.000199 0.122135 0.007783 1.778138
0.848318 0.010028 0.008202 0.003921 0.000200 0.121547 0.007785 1.779142
0.848766 0.010067 0.008318 0.003969 0.000203 0.120891 0.007787 1.780159
0.849192 0.010170 0.008387 0.003995 0.000202 0.120263 0.007791 1.781113
0.849634 0.010261 0.008444 0.004037 0.000201 0.119632 0.007792 1.782114
0.850055 0.010300 0.008482 0.004078 0.000198 0.119092 0.007795 1.783104
0.850489 0.010322 0.008553 0.004135 0.000206 0.118498 0.007797 1.784110
0.850876 0.010405 0.008611 0.004174 0.000210 0.117926 0.007799 1.785106
0.851239 0.010488 0.008684 0.004204 0.000211 0.117372 0.007802 1.786113
0.851652 0.010491 0.008792 0.004254 0.000215 0.116793 0.007803 1.787188
0.852025 0.010566 0.008853 0.004279 0.000216 0.116254 0.007807 1.788172
0.852381 0.010626 0.008902 0.004289 0.000223 0.115772 0.007809 1.789203
0.852805 0.010617 0.008991 0.004319 0.000221 0.115234 0.007812 1.790274
0.853133 0.010682 0.009053 0.004363 0.000220 0.114733 0.007816 1.791324
0.853565 0.010691 0.009107 0.004405 0.000220 0.114192 0.007820 1.792391
0.853860 0.010777 0.009179 0.004420 0.000219 0.113718 0.007827 1.793432
0.854069 0.010858 0.009307 0.004452 0.000224 0.113261 0.007829 1.794488
0.854351 0.010922 0.009378 0.004472 0.000233 0.112813 0.007832 1.795553
0.854639 0.010991 0.009438 0.004470 0.000233 0.112394 0.007836 1.796600
0.854979 0.011015 0.009492 0.004485 0.000240 0.111954 0.007837 1.797685
0.855195 0.011055 0.009530 0.004497 0.000243 0.111642 0.007839 1.798784
0.855419 0.011093 0.009571 0.004531 0.000245 0.111302 0.007840 1.799875
0.855673 0.011113 0.009677 0.004542 0.000251 0.110902 0.007843 1.800991
0.855934 0.011159 0.009746 0.004560 0.000249 0.110503 0.007849 1.802075
0.856155 0.011258 0.009747 0.004555 0.000255 0.110178 0.007851 1.803136
0.856401 0.011304 0.009813 0.004597 0.000251 0.109780 0.007856 1.804244
0.856612 0.011369 0.009874 0.004620 0.000251 0.109417 0.007858 1.805331
0.856809 0.011418 0.009918 0.004655 0.000254 0.109087 0.007860 1.806446
0.856972 0.011503 0.009907 0.004671 0.000253 0.108830 0.007864 1.807545
0.857220 0.011504 0.009964 0.004685 0.000255 0.108507 0.007866 1.808662
0.857416 0.011500 0.010034 0.004743 0.000258 0.108176 0.007873 1.809813
0.857642 0.011535 0.010038 0.004780 0.000257 0.107874 0.007876 1.810945
0.857830 0.011512 0.010086 0.004821 0.000262 0.107608 0.007881 1.812107
0.858073 0.011467 0.010144 0.004882 0.000264 0.107286 0.007884 1.813273
0.858342 0.011453 0.010178 0.004890 0.000268 0.106983 0.007886 1.814403
0.858544 0.011458 0.010206 0.004916 0.000271 0.106716 0.007889 1.815535
0.858748 0.011476 0.010266 0.004918 0.000272 0.106425 0.007895 1.816666
0.858953 0.011543 0.010322 0.004931 0.000276 0.106078 0.007898 1.817773
0.859089 0.011613 0.010293 0.004982 0.000280 0.105843 0.007900 1.818872
0.859255 0.011681 0.010307 0.004978 0.000285 0.105591 0.007903 1.819971
0.859437 0.011645 0.010393 0.004968 0.000288 0.105363 0.007907 1.821143
0.859626 0.011636 0.010424 0.004975 0.000285 0.105144 0.007911 1.822287
0.859818 0.011677 0.010427 0.004977 0.000282 0.104906 0.007913 1.823401
0.859890 0.011775 0.010445 0.004981 0.000285 0.104708 0.007916 1.824518
0.859976 0.011749 0.010480 0.004977 0.000286 0.104617 0.007917 1.825701
0.860154 0.011729 0.010474 0.004968 0.000289 0.104466 0.007921 1.826852
0.860287 0.011702 0.010543 0.004983 0.000293 0.104266 0.007926 1.828020
0.860439 0.011721 0.010577 0.004987 0.000292 0.104056 0.007929 1.829168
0.860656 0.011699 0.010634 0.004986 0.000291 0.103799 0.007935 1.830330
0.860797 0.011701 0.010619 0.004993 0.000291 0.103658 0.007941 1.831469
0.860934 0.011661 0.010639 0.005018 0.000293 0.103510 0.007945 1.832634
0.861003 0.011678 0.010643 0.005021 0.000293 0.103415 0.007948 1.833804
0.861206 0.011671 0.010676 0.005025 0.000296 0.103176 0.007950 1.834954
0.861341 0.011709 0.010645 0.005019 0.000293 0.103038 0.007954 1.836029
0.861486 0.011712 0.010667 0.005009 0.000298 0.102873 0.007956 1.837153
0.861668 0.011660 0.010700 0.004997 0.000300 0.102714 0.007960 1.838302
0.861807 0.011701 0.010712 0.004981 0.000300 0.102534 0.007964 1.839392
0.861926 0.011747 0.010731 0.004959 0.000299 0.102369 0.007969 1.840507
0.862073 0.011710 0.010725 0.004956 0.000302 0.102262 0.007973 1.841666
0.862253 0.011687 0.010724 0.004990 0.000306 0.102062 0.007979 1.842832
0.862407 0.011690 0.010729 0.004972 0.000310 0.101909 0.007982 1.843959
0.862545 0.011673 0.010749 0.004996 0.000304 0.101747 0.007986 1.845109
0.862675 0.011621 0.010793 0.005009 0.000309 0.101606 0.007987 1.846300
0.862832 0.011604 0.010815 0.004992 0.000306 0.101459 0.007991 1.847429
0.862974 0.011592 0.010835 0.004996 0.000305 0.101303 0.007994 1.848545
0.863139 0.011584 0.010792 0.005019 0.000305 0.101164 0.007997 1.849649
0.863254 0.011606 0.010810 0.004984 0.000306 0.101040 0.008001 1.850760
0.863336 0.011616 0.010782 0.004989 0.000305 0.100970 0.008002 1.851906
0.863481 0.011558 0.010789 0.004993 0.000306 0.100868 0.008006 1.853071
0.863615 0.011557 0.010772 0.004982 0.000307 0.100759 0.008008 1.854176
0.863734 0.011498 0.010764 0.004997 0.000307 0.100689 0.008011 1.855325
0.863907 0.011473 0.010815 0.004998 0.000305 0.100490 0.008013 1.856465
0.864079 0.011446 0.010806 0.004969 0.000309 0.100375 0.008016 1.857577
0.864281 0.011426 0.010783 0.004961 0.000316 0.100214 0.008019 1.858684
0.864502 0.011328 0.010757 0.004936 0.000315 0.100141 0.008022 1.859803
0.864695 0.011268 0.010797 0.004914 0.000317 0.099985 0.008023 1.860923
0.864923 0.011209 0.010827 0.004928 0.000314 0.099773 0.008026 1.862029
0.865202 0.011076 0.010860 0.004939 0.000315 0.099579 0.008029 1.863174
0.865340 0.011065 0.010847 0.004918 0.000315 0.099483 0.008032 1.864260
0.865509 0.011057 0.010815 0.004897 0.000316 0.099370 0.008037 1.865336
0.865725 0.011016 0.010766 0.004914 0.000308 0.099226 0.008044 1.866417
0.865876 0.010992 0.010754 0.004896 0.000312 0.099127 0.008044 1.867500
0.866038 0.010943 0.010727 0.004893 0.000318 0.099032 0.008049 1.868602
0.866236 0.010901 0.010703 0.004857 0.000321 0.098932 0.008052 1.869669
0.866452 0.010846 0.010666 0.004854 0.000323 0.098805 0.008055 1.870753
0.866642 0.010849 0.010596 0.004844 0.000329 0.098683 0.008057 1.871801
0.866856 0.010853 0.010508 0.004810 0.000327 0.098585 0.008061 1.872824
0.867085 0.010778 0.010527 0.004815 0.000329 0.098402 0.008064 1.873913
0.867264 0.010762 0.010456 0.004805 0.000327 0.098319 0.008066 1.874951
0.867461 0.010782 0.010389 0.004781 0.000327 0.098192 0.008068 1.875961
0.867707 0.010717 0.010336 0.004770 0.000324 0.098074 0.008073 1.877018
0.867932 0.010655 0.010347 0.004756 0.000326 0.097907 0.008077 1.878077
0.868116 0.010669 0.010319 0.004768 0.000321 0.097728 0.008079 1.879101
0.868369 0.010622 0.010302 0.004779 0.000322 0.097521 0.008084 1.880160
0.868553 0.010587 0.010274 0.004765 0.000325 0.097410 0.008086 1.881189
0.868789 0.010565 0.010257 0.004762 0.000324 0.097215 0.008091 1.882224
0.868997 0.010574 0.010206 0.004720 0.000320 0.097089 0.008094 1.883229
0.869202 0.010567 0.010196 0.004679 0.000322 0.096935 0.008100 1.884248
0.869378 0.010575 0.010177 0.004662 0.000316 0.096789 0.008103 1.885268
0.869598 0.010551 0.010156 0.004627 0.000318 0.096645 0.008106 1.886270
0.869807 0.010519 0.010148 0.004624 0.000315 0.096477 0.008111 1.887307
0.869999 0.010522 0.010152 0.004627 0.000318 0.096270 0.008113 1.888349
0.870212 0.010472 0.010152 0.004606 0.000314 0.096128 0.008117 1.889386
0.870469 0.010377 0.010136 0.004626 0.000310 0.095963 0.008120 1.890452
0.870674 0.010304 0.010127 0.004632 0.000313 0.095826 0.008124 1.891497
0.870877 0.010289 0.010071 0.004621 0.000317 0.095698 0.008127 1.892493
0.871106 0.010257 0.010017 0.004612 0.000318 0.095557 0.008133 1.893483
0.871379 0.010202 0.009970 0.004617 0.000316 0.095379 0.008138 1.894501
0.871554 0.010193 0.009927 0.004602 0.000308 0.095273 0.008143 1.895507
0.871853 0.010130 0.009900 0.004578 0.000308 0.095085 0.008146 1.896505
0.872086 0.010113 0.009863 0.004565 0.000311 0.094914 0.008148 1.897493
0.872404 0.010023 0.009873 0.004560 0.000311 0.094677 0.008152 1.898493
0.872599 0.010025 0.009828 0.004548 0.000308 0.094537 0.008156 1.899462
0.872854 0.009947 0.009828 0.004552 0.000305 0.094354 0.008160 1.900464
0.873058 0.009968 0.009794 0.004508 0.000301 0.094207 0.008165 1.901423
0.873263 0.009890 0.009773 0.004524 0.000301 0.094081 0.008168 1.902414
0.873441 0.009902 0.009750 0.004498 0.000305 0.093933 0.008171 1.903376
0.873656 0.009916 0.009679 0.004466 0.000304 0.093801 0.008177 1.904330
0.873912 0.009872 0.009641 0.004469 0.000307 0.093618 0.008180 1.905309
0.874162 0.009877 0.009595 0.004443 0.000314 0.093427 0.008182 1.906257
0.874417 0.009817 0.009614 0.004437 0.000319 0.093211 0.008185 1.907215
0.874645 0.009743 0.009608 0.004430 0.000320 0.093066 0.008188 1.908216
0.874840 0.009761 0.009517 0.004410 0.000323 0.092956 0.008193 1.909140
0.875022 0.009752 0.009508 0.004393 0.000316 0.092807 0.008203 1.910098
0.875272 0.009692 0.009494 0.004424 0.000312 0.092600 0.008207 1.911091
0.875477 0.009663 0.009488 0.004414 0.000315 0.092433 0.008210 1.912062
0.875710 0.009648 0.009444 0.004401 0.000319 0.092265 0.008215 1.912993
0.875899 0.009664 0.009457 0.004387 0.000318 0.092055 0.008220 1.913937
0.876116 0.009628 0.009448 0.004398 0.000314 0.091873 0.008223 1.914910
0.876338 0.009610 0.009407 0.004365 0.000318 0.091735 0.008227 1.915843
0.876541 0.009613 0.009364 0.004362 0.000314 0.091575 0.008232 1.916774
0.876753 0.009636 0.009345 0.004342 0.000316 0.091373 0.008235 1.917709
0.876934 0.009631 0.009329 0.004333 0.000317 0.091215 0.008240 1.918657
0.877164 0.009661 0.009328 0.004294 0.000317 0.090993 0.008243 1.919571
0.877329 0.009680 0.009320 0.004284 0.000313 0.090825 0.008248 1.920515
0.877445 0.009676 0.009284 0.004260 0.000313 0.090767 0.008253 1.921488
0.877683 0.009618 0.009295 0.004269 0.000304 0.090571 0.008261 1.922463
0.877827 0.009648 0.009228 0.004237 0.000305 0.090491 0.008264 1.923393
0.878027 0.009654 0.009210 0.004242 0.000299 0.090300 0.008268 1.924325
0.878228 0.009637 0.009181 0.004223 0.000297 0.090162 0.008271 1.925269
0.878468 0.009667 0.009162 0.004187 0.000296 0.089946 0.008276 1.926188
0.878636 0.009661 0.009194 0.004179 0.000294 0.089755 0.008281 1.927148
0.878755 0.009723 0.009184 0.004172 0.000293 0.089589 0.008284 1.928060
0.878881 0.009764 0.009154 0.004190 0.000297 0.089428 0.008287 1.929006
0.879038 0.009765 0.009116 0.004194 0.000297 0.089300 0.008291 1.929947
0.879189 0.009794 0.009116 0.004167 0.000294 0.089146 0.008294 1.930866
0.879359 0.009788 0.009131 0.004166 0.000297 0.088964 0.008296 1.931828
0.879476 0.009769 0.009161 0.004178 0.000291 0.088827 0.008300 1.932805
0.879626 0.009767 0.009173 0.004192 0.000289 0.088650 0.008303 1.933770
0.879812 0.009729 0.009144 0.004199 0.000288 0.088523 0.008306 1.934743
0.879973 0.009728 0.009103 0.004189 0.000293 0.088406 0.008309 1.935684
0.880118 0.009771 0.009056 0.004179 0.000292 0.088274 0.008311 1.936596
0.880304 0.009753 0.009079 0.004175 0.000292 0.088081 0.008315 1.937548
0.880469 0.009746 0.009061 0.004145 0.000291 0.087968 0.008321 1.938491
0.880562 0.009746 0.009093 0.004127 0.000294 0.087855 0.008324 1.939427
0.880709 0.009772 0.009098 0.004126 0.000288 0.087681 0.008326 1.940363
0.880844 0.009740 0.009140 0.004111 0.000291 0.087546 0.008329 1.941346
0.880958 0.009746 0.009169 0.004138 0.000291 0.087366 0.008332 1.942313
0.881145 0.009714 0.009167 0.004176 0.000292 0.087170 0.008335 1.943255
0.881292 0.009654 0.009209 0.004180 0.000291 0.087033 0.008341 1.944262
0.881437 0.009654 0.009208 0.004213 0.000286 0.086859 0.008345 1.945210
0.881625 0.009623 0.009212 0.004211 0.000286 0.086695 0.008348 1.946169
0.881789 0.009613 0.009179 0.004226 0.000280 0.086562 0.008352 1.947120
0.881936 0.009621 0.009192 0.004235 0.000277 0.086385 0.008355 1.948066
0.882020 0.009654 0.009161 0.004231 0.000272 0.086305 0.008357 1.949009
0.882100 0.009687 0.009200 0.004223 0.000271 0.086160 0.008360 1.949948
0.882186 0.009680 0.009210 0.004227 0.000268 0.086066 0.008364 1.950939
0.882296 0.009673 0.009185 0.004217 0.000270 0.085994 0.008365 1.951895
0.882491 0.009643 0.009179 0.004227 0.000267 0.085826 0.008370 1.952854
0.882654 0.009670 0.009164 0.004220 0.000273 0.085650 0.008372 1.953783
0.882825 0.009633 0.009150 0.004191 0.000274 0.085555 0.008373 1.954711
0.882944 0.009665 0.009159 0.004187 0.000277 0.085393 0.008375 1.955646
0.883052 0.009667 0.009210 0.004197 0.000270 0.085222 0.008381 1.956601
0.883167 0.009703 0.009203 0.004199 0.000269 0.085075 0.008385 1.957563
0.883310 0.009668 0.009217 0.004230 0.000271 0.084915 0.008389 1.958560
0.883444 0.009696 0.009178 0.004240 0.000276 0.084778 0.008390 1.959505
0.883561 0.009676 0.009141 0.004252 0.000271 0.084703 0.008395 1.960472
0.883618 0.009671 0.009150 0.004250 0.000269 0.084643 0.008401 1.961425
0.883716 0.009658 0.009149 0.004254 0.000272 0.084548 0.008404 1.962398
0.883799 0.009702 0.009141 0.004215 0.000271 0.084465 0.008408 1.963334
0.883853 0.009743 0.009136 0.004209 0.000270 0.084380 0.008410 1.964289
0.883920 0.009768 0.009135 0.004212 0.000272 0.084279 0.008414 1.965240
0.884038 0.009759 0.009159 0.004220 0.000271 0.084136 0.008418 1.966185
0.884140 0.009761 0.009143 0.004230 0.000270 0.084033 0.008423 1.967135
0.884244 0.009787 0.009170 0.004210 0.000269 0.083892 0.008428 1.968088
0.884329 0.009794 0.009164 0.004229 0.000270 0.083786 0.008430 1.969068
0.884384 0.009827 0.009155 0.004197 0.000272 0.083732 0.008433 1.970028
0.884430 0.009787 0.009182 0.004244 0.000270 0.083647 0.008440 1.971041
0.884444 0.009830 0.009196 0.004211 0.000274 0.083603 0.008443 1.971994
0.884552 0.009804 0.009170 0.004223 0.000274 0.083533 0.008444 1.972961
0.884640 0.009793 0.009166 0.004214 0.000274 0.083466 0.008447 1.973931
0.884692 0.009810 0.009155 0.004218 0.000282 0.083394 0.008450 1.974893
0.884703 0.009824 0.009203 0.004242 0.000281 0.083294 0.008453 1.975912
0.884777 0.009850 0.009227 0.004248 0.000283 0.083160 0.008455 1.976865
0.884814 0.009872 0.009267 0.004226 0.000281 0.083081 0.008459 1.977849
0.884904 0.009818 0.009285 0.004259 0.000280 0.082995 0.008461 1.978838
0.884993 0.009850 0.009248 0.004219 0.000279 0.082947 0.008465 1.979778
0.885098 0.009805 0.009234 0.004191 0.000275 0.082926 0.008471 1.980737
0.885125 0.009825 0.009244 0.004186 0.000275 0.082871 0.008474 1.981674
0.885184 0.009858 0.009217 0.004207 0.000276 0.082782 0.008477 1.982612
0.885227 0.009843 0.009213 0.004213 0.000274 0.082749 0.008481 1.983571
0.885248 0.009848 0.009206 0.004246 0.000271 0.082692 0.008489 1.984556
0.885288 0.009856 0.009185 0.004239 0.000271 0.082668 0.008494 1.985522
0.885341 0.009875 0.009202 0.004239 0.000267 0.082578 0.008498 1.986503
0.885393 0.009897 0.009223 0.004222 0.000271 0.082493 0.008501 1.987472
0.885440 0.009915 0.009245 0.004237 0.000271 0.082388 0.008505 1.988428
0.885495 0.009898 0.009245 0.004245 0.000273 0.082338 0.008507 1.989407
0.885591 0.009878 0.009236 0.004275 0.000267 0.082242 0.008511 1.990376
0.885609 0.009885 0.009258 0.004258 0.000269 0.082208 0.008514 1.991348
0.885643 0.009888 0.009246 0.004269 0.000263 0.082175 0.008516 1.992322
0.885691 0.009920 0.009269 0.004259 0.000261 0.082079 0.008522 1.993279
0.885727 0.009920 0.009245 0.004270 0.000257 0.082057 0.008525 1.994239
0.885734 0.009904 0.009300 0.004298 0.000257 0.081981 0.008527 1.995242
0.885717 0.009949 0.009292 0.004297 0.000260 0.081957 0.008528 1.996208
0.885769 0.009934 0.009336 0.004293 0.000260 0.081875 0.008534 1.997204
0.885851 0.009952 0.009298 0.004301 0.000254 0.081806 0.008538 1.998143
0.885907 0.009955 0.009281 0.004309 0.000256 0.081751 0.008543 1.999113
0.885932 0.009951 0.009281 0.004330 0.000256 0.081705 0.008546 2.000094
0.886054 0.009927 0.009222 0.004358 0.000253 0.081637 0.008549 2.001027
0.886055 0.009954 0.009241 0.004377 0.000252 0.081568 0.008555 2.002015
0.886118 0.009935 0.009236 0.004380 0.000255 0.081518 0.008559 2.002988
0.886155 0.009976 0.009222 0.004358 0.000260 0.081468 0.008561 2.003941
0.886169 0.009959 0.009258 0.004367 0.000260 0.081420 0.008566 2.004927
0.886212 0.009958 0.009255 0.004348 0.000263 0.081394 0.008569 2.005900
0.886309 0.009935 0.009255 0.004341 0.000262 0.081324 0.008574 2.006860
0.886314 0.009880 0.009296 0.004326 0.000264 0.081342 0.008578 2.007879
0.886356 0.009874 0.009285 0.004310 0.000262 0.081329 0.008584 2.008820
0.886358 0.009885 0.009251 0.004311 0.000266 0.081344 0.008585 2.009791
0.886391 0.009872 0.009261 0.004322 0.000268 0.081299 0.008587 2.010767
0.886400 0.009881 0.009263 0.004304 0.000265 0.081296 0.008591 2.011727
0.886476 0.009874 0.009240 0.004326 0.000263 0.081227 0.008595 2.012691
0.886518 0.009869 0.009231 0.004345 0.000264 0.081174 0.008598 2.013657
0.886525 0.009890 0.009210 0.004385 0.000265 0.081126 0.008601 2.014625
0.886445 0.009980 0.009187 0.004371 0.000265 0.081150 0.008603 2.015575
0.886474 0.009986 0.009201 0.004350 0.000261 0.081123 0.008606 2.016555
0.886453 0.010011 0.009249 0.004320 0.000261 0.081097 0.008608 2.017520
0.886519 0.010047 0.009236 0.004312 0.000258 0.081018 0.008612 2.018455
0.886542 0.010098 0.009239 0.004284 0.000262 0.080962 0.008614 2.019414
0.886563 0.010059 0.009305 0.004292 0.000259 0.080907 0.008615 2.020429
0.886588 0.010051 0.009315 0.004251 0.000256 0.080921 0.008618 2.021401
0.886603 0.010033 0.009294 0.004255 0.000260 0.080934 0.008621 2.022384
0.886646 0.009986 0.009324 0.004297 0.000264 0.080860 0.008623 2.023402
0.886704 0.009983 0.009337 0.004317 0.000260 0.080773 0.008627 2.024366
0.886758 0.009985 0.009319 0.004312 0.000263 0.080735 0.008630 2.025341
0.886833 0.009952 0.009345 0.004312 0.000263 0.080663 0.008632 2.026323
0.886858 0.009906 0.009320 0.004358 0.000263 0.080660 0.008636 2.027323
0.886882 0.009886 0.009340 0.004352 0.000264 0.080639 0.008637 2.028297
0.886946 0.009881 0.009257 0.004372 0.000263 0.080643 0.008639 2.029229
0.886976 0.009846 0.009317 0.004365 0.000263 0.080591 0.008642 2.030272
0.886990 0.009859 0.009318 0.004367 0.000260 0.080560 0.008646 2.031237
0.887016 0.009891 0.009315 0.004342 0.000264 0.080524 0.008648 2.032181
0.887075 0.009888 0.009306 0.004321 0.000265 0.080494 0.008651 2.033137
0.887106 0.009891 0.009325 0.004318 0.000264 0.080443 0.008653 2.034127
0.887150 0.009876 0.009304 0.004323 0.000259 0.080430 0.008657 2.035112
0.887177 0.009888 0.009273 0.004295 0.000259 0.080447 0.008661 2.036057
0.887250 0.009855 0.009322 0.004307 0.000256 0.080346 0.008664 2.037057
0.887258 0.009853 0.009340 0.004306 0.000254 0.080321 0.008666 2.038052
0.887216 0.009873 0.009364 0.004310 0.000258 0.080310 0.008670 2.039033
0.887198 0.009921 0.009346 0.004312 0.000256 0.080295 0.008673 2.040000
0.887282 0.009881 0.009366 0.004292 0.000260 0.080241 0.008677 2.040991
0.887286 0.009861 0.009344 0.004303 0.000257 0.080269 0.008681 2.041977
0.887284 0.009870 0.009301 0.004324 0.000253 0.080283 0.008686 2.042953
0.887353 0.009881 0.009300 0.004326 0.000253 0.080198 0.008689 2.043903
0.887345 0.009863 0.009319 0.004335 0.000253 0.080193 0.008693 2.044898
0.887405 0.009832 0.009322 0.004363 0.000253 0.080129 0.008696 2.045893
0.887402 0.009898 0.009332 0.004342 0.000250 0.080077 0.008699 2.046848
0.887401 0.009912 0.009337 0.004340 0.000251 0.080056 0.008703 2.047812
0.887428 0.009871 0.009308 0.004342 0.000254 0.080094 0.008704 2.048803
0.887463 0.009835 0.009321 0.004329 0.000256 0.080091 0.008705 2.049804
0.887484 0.009822 0.009313 0.004334 0.000259 0.080080 0.008708 2.050777
0.887500 0.009805 0.009306 0.004364 0.000260 0.080052 0.008713 2.051775
0.887550 0.009808 0.009299 0.004373 0.000260 0.079996 0.008715 2.052743
0.887594 0.009872 0.009253 0.004349 0.000261 0.079954 0.008717 2.053668
0.887663 0.009855 0.009293 0.004308 0.000267 0.079896 0.008719 2.054629
0.887654 0.009852 0.009275 0.004325 0.000269 0.079902 0.008723 2.055614
0.887701 0.009857 0.009298 0.004326 0.000269 0.079824 0.008726 2.056596
0.887702 0.009862 0.009300 0.004346 0.000271 0.079789 0.008729 2.057580
0.887749 0.009830 0.009277 0.004345 0.000270 0.079796 0.008733 2.058553
0.887792 0.009869 0.009224 0.004324 0.000275 0.079779 0.008738 2.059475
0.887884 0.009856 0.009216 0.004296 0.000276 0.079732 0.008741 2.060417
0.887930 0.009832 0.009232 0.004292 0.000271 0.079699 0.008744 2.061415
0.887951 0.009797 0.009255 0.004296 0.000272 0.079682 0.008746 2.062396
0.887894 0.009839 0.009273 0.004326 0.000275 0.079645 0.008748 2.063379
0.887972 0.009823 0.009288 0.004329 0.000275 0.079560 0.008752 2.064352
0.888004 0.009873 0.009245 0.004332 0.000272 0.079520 0.008756 2.065276
0.887985 0.009916 0.009213 0.004283 0.000275 0.079569 0.008761 2.066206
0.888030 0.009943 0.009173 0.004284 0.000276 0.079530 0.008764 2.067127
0.888079 0.009941 0.009170 0.004270 0.000274 0.079499 0.008768 2.068069
0.888148 0.009857 0.009213 0.004305 0.000274 0.079434 0.008769 2.069075
0.888187 0.009858 0.009155 0.004283 0.000272 0.079472 0.008773 2.070016
0.888270 0.009834 0.009155 0.004299 0.000267 0.079401 0.008774 2.070980
0.888279 0.009792 0.009184 0.004300 0.000268 0.079402 0.008776 2.071956
0.888298 0.009794 0.009204 0.004293 0.000265 0.079369 0.008777 2.072942
0.888330 0.009791 0.009206 0.004311 0.000258 0.079324 0.008781 2.073907
0.888377 0.009771 0.009193 0.004296 0.000252 0.079328 0.008784 2.074877
0.888437 0.009728 0.009212 0.004287 0.000252 0.079297 0.008787 2.075848
0.888448 0.009759 0.009219 0.004272 0.000253 0.079261 0.008789 2.076782
0.888455 0.009800 0.009234 0.004260 0.000249 0.079210 0.008792 2.077727
0.888473 0.009837 0.009195 0.004256 0.000256 0.079191 0.008793 2.078648
0.888489 0.009875 0.009186 0.004237 0.000256 0.079158 0.008797 2.079588
0.888533 0.009842 0.009224 0.004260 0.000256 0.079083 0.008800 2.080573
0.888537 0.009855 0.009226 0.004282 0.000257 0.079040 0.008804 2.081536
0.888516 0.009884 0.009218 0.004273 0.000258 0.079045 0.008806 2.082510
0.888506 0.009913 0.009188 0.004259 0.000260 0.079064 0.008809 2.083445
0.888475 0.009900 0.009246 0.004268 0.000259 0.079038 0.008813 2.084461
0.888490 0.009921 0.009239 0.004271 0.000256 0.079006 0.008816 2.085439
0.888504 0.009894 0.009231 0.004296 0.000260 0.078996 0.008820 2.086435
0.888529 0.009878 0.009218 0.004306 0.000259 0.078987 0.008824 2.087395
0.888548 0.009873 0.009215 0.004318 0.000259 0.078960 0.008827 2.088372
0.888543 0.009936 0.009232 0.004301 0.000261 0.078898 0.008829 2.089315
0.888534 0.009944 0.009217 0.004304 0.000262 0.078905 0.008833 2.090284
0.888562 0.009919 0.009242 0.004300 0.000260 0.078881 0.008837 2.091259
0.888578 0.009922 0.009290 0.004288 0.000262 0.078820 0.008841 2.092237
0.888584 0.009927 0.009292 0.004294 0.000262 0.078800 0.008842 2.093209
0.888583 0.009940 0.009316 0.004322 0.000266 0.078729 0.008845 2.094196
0.888569 0.009940 0.009289 0.004339 0.000270 0.078743 0.008850 2.095172
0.888575 0.009936 0.009296 0.004315 0.000271 0.078755 0.008854 2.096149
0.888580 0.009931 0.009307 0.004297 0.000273 0.078756 0.008857 2.097119
0.888571 0.009984 0.009281 0.004293 0.000275 0.078737 0.008860 2.098070
0.888559 0.010020 0.009274 0.004287 0.000278 0.078720 0.008863 2.099017
0.888573 0.010021 0.009311 0.004306 0.000278 0.078646 0.008865 2.100001
0.888491 0.010079 0.009314 0.004311 0.000278 0.078659 0.008868 2.100979
0.888437 0.010064 0.009323 0.004338 0.000273 0.078693 0.008872 2.101987
0.888413 0.010053 0.009360 0.004339 0.000277 0.078682 0.008876 2.103006
0.888399 0.010072 0.009353 0.004339 0.000277 0.078681 0.008881 2.103988
0.888428 0.010062 0.009323 0.004316 0.000274 0.078710 0.008886 2.104943
0.888451 0.010046 0.009368 0.004309 0.000275 0.078661 0.008890 2.105940
0.888463 0.010069 0.009395 0.004338 0.000275 0.078568 0.008893 2.106910
0.888456 0.010039 0.009433 0.004328 0.000270 0.078578 0.008895 2.107917
0.888433 0.010039 0.009416 0.004338 0.000270 0.078605 0.008899 2.108905
0.888406 0.010080 0.009404 0.004357 0.000274 0.078578 0.008902 2.109886
0.888407 0.010079 0.009419 0.004367 0.000269 0.078553 0.008906 2.110857
0.888380 0.010063 0.009427 0.004380 0.000267 0.078573 0.008909 2.111840
0.888382 0.010050 0.009434 0.004367 0.000271 0.078585 0.008911 2.112823
0.888370 0.010051 0.009465 0.004345 0.000274 0.078579 0.008915 2.113816
0.888375 0.010022 0.009488 0.004367 0.000276 0.078554 0.008918 2.114834
0.888351 0.010059 0.009458 0.004361 0.000277 0.078574 0.008920 2.115803
0.888362 0.010040 0.009451 0.004382 0.000279 0.078562 0.008925 2.116795
0.888362 0.010060 0.009437 0.004391 0.000277 0.078546 0.008928 2.117761
0.888352 0.010066 0.009454 0.004398 0.000280 0.078521 0.008931 2.118741
0.888366 0.010032 0.009479 0.004383 0.000280 0.078525 0.008936 2.119761
0.888377 0.010053 0.009454 0.004355 0.000280 0.078543 0.008940 2.120726
0.888385 0.010080 0.009430 0.004354 0.000275 0.078532 0.008945 2.121683
0.888342 0.010144 0.009380 0.004331 0.000275 0.078580 0.008950 2.122636
0.888304 0.010170 0.009351 0.004325 0.000275 0.078622 0.008954 2.123622
0.888308 0.010111 0.009384 0.004338 0.000275 0.078629 0.008957 2.124634
0.888302 0.010103 0.009362 0.004346 0.000276 0.078653 0.008959 2.125621
0.888292 0.010101 0.009346 0.004316 0.000276 0.078706 0.008965 2.126603
0.888297 0.010118 0.009351 0.004304 0.000272 0.078690 0.008969 2.127563
0.888269 0.010129 0.009329 0.004292 0.000274 0.078734 0.008973 2.128545
0.888264 0.010116 0.009319 0.004314 0.000273 0.078737 0.008978 2.129553
0.888219 0.010176 0.009307 0.004311 0.000271 0.078737 0.008981 2.130523
0.888232 0.010177 0.009311 0.004297 0.000269 0.078729 0.008985 2.131506
0.888163 0.010190 0.009337 0.004341 0.000267 0.078716 0.008987 2.132515
0.888074 0.010228 0.009325 0.004371 0.000265 0.078748 0.008989 2.133499
0.888096 0.010245 0.009355 0.004372 0.000264 0.078675 0.008994 2.134478
0.888083 0.010227 0.009345 0.004383 0.000265 0.078700 0.008997 2.135488
0.888097 0.010190 0.009347 0.004383 0.000267 0.078716 0.009000 2.136505
0.888040 0.010200 0.009374 0.004354 0.000269 0.078760 0.009003 2.137492
0.887989 0.010208 0.009351 0.004370 0.000270 0.078805 0.009009 2.138502
0.887950 0.010201 0.009365 0.004378 0.000267 0.078825 0.009013 2.139488
0.887992 0.010185 0.009352 0.004357 0.000261 0.078836 0.009018 2.140453
0.888046 0.010124 0.009362 0.004364 0.000258 0.078826 0.009020 2.141440
0.888003 0.010174 0.009349 0.004386 0.000258 0.078807 0.009023 2.142407
0.888052 0.010150 0.009376 0.004384 0.000264 0.078747 0.009026 2.143416
0.888063 0.010169 0.009338 0.004407 0.000263 0.078731 0.009029 2.144396
0.888150 0.010133 0.009344 0.004396 0.000265 0.078680 0.009033 2.145368
0.888146 0.010111 0.009335 0.004408 0.000263 0.078701 0.009035 2.146358
0.888140 0.010105 0.009309 0.004399 0.000264 0.078745 0.009038 2.147337
0.888155 0.010060 0.009342 0.004413 0.000266 0.078721 0.009042 2.148361
0.888163 0.010019 0.009374 0.004409 0.000264 0.078724 0.009048 2.149369
0.888243 0.009964 0.009391 0.004418 0.000266 0.078667 0.009051 2.150375
0.888233 0.009930 0.009419 0.004445 0.000263 0.078655 0.009055 2.151406
0.888276 0.009920 0.009393 0.004417 0.000268 0.078668 0.009058 2.152356
0.888353 0.009859 0.009393 0.004390 0.000269 0.078676 0.009060 2.153339
0.888364 0.009817 0.009418 0.004387 0.000266 0.078683 0.009065 2.154333
0.888390 0.009841 0.009394 0.004381 0.000264 0.078661 0.009069 2.155292
0.888373 0.009892 0.009375 0.004371 0.000260 0.078659 0.009072 2.156252
0.888369 0.009897 0.009404 0.004358 0.000259 0.078637 0.009077 2.157223
0.888387 0.009887 0.009393 0.004341 0.000265 0.078648 0.009079 2.158192
