0.328370 0.063823 0.057117 0.032810 0.002179 0.509366 0.006336 1.664723
0.330581 0.061775 0.057049 0.032624 0.002180 0.509426 0.006365 1.670890
0.333300 0.059444 0.056733 0.032378 0.002177 0.509576 0.006393 1.676737
0.336696 0.056786 0.056437 0.032011 0.002183 0.509468 0.006419 1.682381
0.340295 0.054066 0.056011 0.031584 0.002186 0.509407 0.006452 1.687826
0.344211 0.051332 0.055490 0.031105 0.002166 0.509212 0.006484 1.692972
0.348331 0.048790 0.054746 0.030501 0.002173 0.508952 0.006507 1.697749
0.352575 0.046343 0.053904 0.029899 0.002183 0.508567 0.006530 1.702351
0.356914 0.043974 0.052934 0.029270 0.002191 0.508164 0.006554 1.706754
0.361346 0.041589 0.051996 0.028596 0.002180 0.507710 0.006584 1.711005
0.365871 0.039386 0.050930 0.027960 0.002178 0.507063 0.006613 1.714995
0.370448 0.037452 0.049825 0.027198 0.002178 0.506259 0.006640 1.718726
0.375023 0.035701 0.048641 0.026438 0.002154 0.505368 0.006675 1.722219
0.379711 0.033932 0.047535 0.025626 0.002145 0.504357 0.006696 1.725610
0.384353 0.032356 0.046329 0.024852 0.002140 0.503247 0.006722 1.728795
0.389133 0.030742 0.045179 0.024113 0.002119 0.501962 0.006753 1.731911
0.393883 0.029331 0.043936 0.023391 0.002100 0.500575 0.006784 1.734823
0.398716 0.027977 0.042758 0.022674 0.002080 0.498984 0.006811 1.737663
0.403521 0.026761 0.041519 0.021948 0.002065 0.497350 0.006837 1.740349
0.408282 0.025655 0.040317 0.021216 0.002042 0.495627 0.006863 1.742887
0.413068 0.024625 0.039074 0.020562 0.002016 0.493761 0.006893 1.745391
0.417759 0.023626 0.037927 0.019910 0.001986 0.491872 0.006919 1.747754
0.422609 0.022682 0.036811 0.019299 0.001969 0.489681 0.006950 1.750055
0.427378 0.021808 0.035657 0.018684 0.001936 0.487565 0.006973 1.752259
0.432196 0.020944 0.034577 0.018104 0.001916 0.485264 0.006999 1.754398
0.436904 0.020279 0.033402 0.017454 0.001885 0.483050 0.007027 1.756347
0.441577 0.019598 0.032453 0.016878 0.001861 0.480583 0.007049 1.758303
0.446314 0.018939 0.031415 0.016360 0.001822 0.478071 0.007078 1.760176
0.451026 0.018401 0.030380 0.015833 0.001787 0.475466 0.007108 1.761967
0.455771 0.017828 0.029418 0.015322 0.001759 0.472770 0.007133 1.763741
0.460415 0.017303 0.028512 0.014814 0.001731 0.470068 0.007157 1.765456
0.465012 0.016824 0.027627 0.014374 0.001709 0.467278 0.007177 1.767164
0.469652 0.016406 0.026719 0.013898 0.001684 0.464442 0.007200 1.768742
0.474283 0.015983 0.025847 0.013454 0.001661 0.461547 0.007226 1.770335
0.478787 0.015555 0.025118 0.013065 0.001642 0.458589 0.007245 1.771913
0.483367 0.015243 0.024339 0.012644 0.001601 0.455532 0.007275 1.773386
0.487866 0.014997 0.023615 0.012267 0.001559 0.452403 0.007294 1.774827
0.492364 0.014699 0.022942 0.011916 0.001527 0.449234 0.007320 1.776271
0.496833 0.014458 0.022292 0.011558 0.001491 0.446019 0.007350 1.777667
0.501269 0.014183 0.021631 0.011265 0.001469 0.442814 0.007367 1.779099
0.505601 0.013940 0.021051 0.010928 0.001438 0.439656 0.007388 1.780478
0.509881 0.013712 0.020498 0.010580 0.001402 0.436524 0.007404 1.781830
0.514239 0.013441 0.019955 0.010291 0.001368 0.433280 0.007426 1.783204
0.518436 0.013288 0.019442 0.010023 0.001336 0.430026 0.007450 1.784507
0.522618 0.013078 0.018937 0.009750 0.001306 0.426843 0.007468 1.785828
0.526829 0.012948 0.018464 0.009451 0.001277 0.423549 0.007482 1.787088
0.531070 0.012792 0.017990 0.009203 0.001242 0.420200 0.007504 1.788325
0.535182 0.012665 0.017536 0.008971 0.001204 0.416923 0.007520 1.789555
0.539260 0.012516 0.017089 0.008798 0.001182 0.413618 0.007537 1.790787
0.543349 0.012395 0.016700 0.008540 0.001159 0.410307 0.007552 1.791965
0.547407 0.012223 0.016341 0.008391 0.001139 0.406935 0.007565 1.793245
0.551383 0.012102 0.015992 0.008188 0.001112 0.403644 0.007579 1.794472
0.555289 0.012017 0.015653 0.008011 0.001087 0.400350 0.007594 1.795645
0.559191 0.011929 0.015357 0.007837 0.001063 0.397015 0.007609 1.796811
0.562969 0.011891 0.014977 0.007669 0.001039 0.393836 0.007621 1.797960
0.566774 0.011790 0.014736 0.007544 0.001014 0.390506 0.007637 1.799162
0.570533 0.011725 0.014505 0.007402 0.000995 0.387191 0.007650 1.800339
0.574244 0.011673 0.014250 0.007275 0.000982 0.383916 0.007661 1.801465
0.577902 0.011628 0.014002 0.007184 0.000968 0.380647 0.007671 1.802623
0.581505 0.011583 0.013704 0.007050 0.000951 0.377521 0.007685 1.803744
0.585067 0.011511 0.013513 0.006926 0.000931 0.374356 0.007696 1.804903
0.588593 0.011460 0.013302 0.006834 0.000914 0.371192 0.007705 1.806026
0.592117 0.011453 0.013107 0.006753 0.000896 0.367958 0.007716 1.807158
0.595618 0.011408 0.012912 0.006658 0.000878 0.364804 0.007724 1.808268
0.598990 0.011385 0.012745 0.006583 0.000863 0.361700 0.007734 1.809400
0.602456 0.011396 0.012572 0.006477 0.000844 0.358515 0.007741 1.810485
0.605754 0.011402 0.012407 0.006380 0.000828 0.355480 0.007750 1.811578
0.608999 0.011447 0.012242 0.006279 0.000813 0.352458 0.007762 1.812673
0.612336 0.011506 0.012139 0.006191 0.000796 0.349263 0.007770 1.813772
0.615622 0.011475 0.012058 0.006111 0.000788 0.346167 0.007781 1.814907
0.618842 0.011457 0.011887 0.006077 0.000776 0.343170 0.007791 1.816018
0.621969 0.011426 0.011790 0.006053 0.000764 0.340200 0.007799 1.817165
0.625046 0.011496 0.011655 0.006008 0.000751 0.337235 0.007809 1.818259
0.628112 0.011548 0.011564 0.005933 0.000741 0.334279 0.007823 1.819359
0.631167 0.011554 0.011478 0.005905 0.000717 0.331345 0.007834 1.820461
0.634059 0.011624 0.011415 0.005868 0.000709 0.328482 0.007844 1.821591
0.636969 0.011640 0.011361 0.005863 0.000696 0.325621 0.007851 1.822737
0.639914 0.011676 0.011320 0.005846 0.000683 0.322700 0.007862 1.823871
0.642759 0.011768 0.011247 0.005773 0.000681 0.319903 0.007869 1.824984
0.645460 0.011856 0.011252 0.005740 0.000660 0.317151 0.007881 1.826150
0.648179 0.011881 0.011211 0.005732 0.000649 0.314458 0.007890 1.827338
0.650840 0.011900 0.011210 0.005721 0.000635 0.311798 0.007896 1.828539
0.653478 0.011969 0.011170 0.005709 0.000628 0.309142 0.007905 1.829678
0.656098 0.012028 0.011161 0.005712 0.000622 0.306468 0.007912 1.830833
0.658634 0.012112 0.011149 0.005711 0.000617 0.303858 0.007918 1.832015
0.661202 0.012154 0.011143 0.005690 0.000605 0.301274 0.007931 1.833190
0.663618 0.012219 0.011149 0.005691 0.000596 0.298789 0.007939 1.834397
0.666058 0.012258 0.011170 0.005705 0.000588 0.296274 0.007947 1.835631
0.668488 0.012391 0.011186 0.005684 0.000581 0.293718 0.007954 1.836811
0.670844 0.012475 0.011169 0.005712 0.000571 0.291269 0.007960 1.838026
0.673046 0.012585 0.011231 0.005708 0.000558 0.288906 0.007966 1.839269
0.675308 0.012672 0.011247 0.005733 0.000553 0.286512 0.007974 1.840516
0.677436 0.012782 0.011308 0.005740 0.000545 0.284208 0.007982 1.841769
0.679565 0.012882 0.011319 0.005763 0.000537 0.281946 0.007987 1.843025
0.681676 0.013002 0.011329 0.005768 0.000534 0.279696 0.007997 1.844302
0.683687 0.013104 0.011373 0.005792 0.000528 0.277516 0.008002 1.845610
0.685758 0.013232 0.011425 0.005808 0.000517 0.275250 0.008009 1.846893
0.687743 0.013370 0.011443 0.005803 0.000515 0.273110 0.008016 1.848176
0.689671 0.013504 0.011478 0.005842 0.000509 0.270972 0.008024 1.849466
0.691549 0.013678 0.011533 0.005887 0.000506 0.268819 0.008028 1.850777
0.693435 0.013832 0.011572 0.005903 0.000502 0.266721 0.008034 1.852093
0.695267 0.013901 0.011660 0.005947 0.000494 0.264691 0.008039 1.853495
0.697035 0.014069 0.011702 0.005975 0.000490 0.262684 0.008046 1.854823
0.698809 0.014177 0.011791 0.005997 0.000474 0.260700 0.008054 1.856206
0.700492 0.014310 0.011864 0.006022 0.000470 0.258783 0.008060 1.857598
0.702160 0.014441 0.011972 0.006093 0.000460 0.256810 0.008065 1.859016
0.703774 0.014604 0.012047 0.006155 0.000455 0.254896 0.008070 1.860412
0.705401 0.014739 0.012120 0.006187 0.000452 0.253026 0.008075 1.861815
0.706908 0.014877 0.012190 0.006214 0.000452 0.251278 0.008081 1.863271
0.708483 0.015037 0.012265 0.006274 0.000451 0.249401 0.008089 1.864752
0.709938 0.015215 0.012402 0.006307 0.000452 0.247592 0.008094 1.866233
0.711412 0.015352 0.012480 0.006402 0.000454 0.245799 0.008101 1.867765
0.712875 0.015530 0.012536 0.006475 0.000453 0.244024 0.008106 1.869240
0.714239 0.015650 0.012690 0.006523 0.000453 0.242334 0.008112 1.870801
0.715531 0.015822 0.012776 0.006597 0.000446 0.240710 0.008118 1.872350
0.716806 0.015995 0.012870 0.006687 0.000448 0.239070 0.008124 1.873911
0.718049 0.016167 0.012977 0.006745 0.000453 0.237481 0.008128 1.875471
0.719254 0.016376 0.013104 0.006789 0.000456 0.235887 0.008133 1.877031
0.720424 0.016474 0.013234 0.006896 0.000457 0.234376 0.008138 1.878684
0.721528 0.016594 0.013331 0.006966 0.000454 0.232982 0.008147 1.880334
0.722707 0.016779 0.013472 0.006995 0.000450 0.231446 0.008151 1.881952
0.723862 0.016934 0.013587 0.007035 0.000458 0.229967 0.008158 1.883573
0.724923 0.017139 0.013655 0.007125 0.000457 0.228537 0.008164 1.885215
0.726001 0.017316 0.013733 0.007219 0.000450 0.227110 0.008172 1.886884
0.726936 0.017472 0.013876 0.007300 0.000453 0.225785 0.008178 1.888604
0.727892 0.017521 0.014000 0.007387 0.000452 0.224563 0.008184 1.890357
0.728806 0.017709 0.014086 0.007441 0.000453 0.223312 0.008193 1.892073
0.729662 0.017922 0.014241 0.007461 0.000451 0.222065 0.008199 1.893803
0.730537 0.018059 0.014323 0.007561 0.000453 0.220863 0.008204 1.895592
0.731331 0.018211 0.014508 0.007652 0.000451 0.219635 0.008213 1.897397
0.732170 0.018359 0.014611 0.007736 0.000446 0.218459 0.008219 1.899178
0.732874 0.018555 0.014690 0.007806 0.000449 0.217403 0.008224 1.900967
0.733612 0.018699 0.014885 0.007861 0.000453 0.216258 0.008232 1.902831
0.734338 0.018875 0.014973 0.007913 0.000449 0.215214 0.008238 1.904626
0.735052 0.018979 0.015189 0.007970 0.000457 0.214116 0.008239 1.906519
0.735594 0.019142 0.015347 0.008066 0.000453 0.213155 0.008244 1.908424
0.736167 0.019256 0.015467 0.008157 0.000449 0.212253 0.008250 1.910323
0.736748 0.019412 0.015627 0.008204 0.000448 0.211304 0.008256 1.912207
0.737327 0.019490 0.015798 0.008276 0.000451 0.210394 0.008265 1.914181
0.737924 0.019651 0.015944 0.008345 0.000449 0.209416 0.008271 1.916094
0.738482 0.019757 0.016054 0.008418 0.000460 0.208554 0.008275 1.918049
0.739050 0.019918 0.016133 0.008428 0.000465 0.207725 0.008281 1.919971
0.739629 0.020041 0.016255 0.008515 0.000462 0.206811 0.008287 1.921934
0.740048 0.020176 0.016420 0.008599 0.000461 0.206002 0.008294 1.923941
0.740401 0.020418 0.016457 0.008641 0.000465 0.205319 0.008300 1.925882
0.740818 0.020562 0.016602 0.008704 0.000472 0.204536 0.008307 1.927899
0.741210 0.020705 0.016766 0.008779 0.000483 0.203741 0.008317 1.929946
0.741528 0.020874 0.016920 0.008824 0.000485 0.203043 0.008325 1.931980
0.741729 0.021146 0.017067 0.008872 0.000489 0.202366 0.008331 1.934000
0.742035 0.021289 0.017248 0.008953 0.000490 0.201649 0.008337 1.936095
0.742278 0.021441 0.017441 0.009021 0.000493 0.200983 0.008344 1.938214
0.742600 0.021538 0.017605 0.009077 0.000501 0.200330 0.008349 1.940342
0.742883 0.021649 0.017721 0.009122 0.000504 0.199768 0.008353 1.942467
0.743094 0.021754 0.017876 0.009199 0.000519 0.199199 0.008359 1.944607
0.743350 0.021826 0.017983 0.009288 0.000523 0.198665 0.008366 1.946744
0.743602 0.021979 0.018102 0.009349 0.000521 0.198074 0.008374 1.948857
0.743802 0.022129 0.018221 0.009370 0.000520 0.197578 0.008380 1.950969
0.744011 0.022286 0.018307 0.009429 0.000526 0.197055 0.008386 1.953062
0.744159 0.022372 0.018481 0.009513 0.000537 0.196547 0.008392 1.955256
0.740539 0.022408 0.018556 0.009503 0.000530 0.195113 0.008352 1.947592
0.744352 0.022664 0.018759 0.009632 0.000531 0.195657 0.008405 1.959635
0.744435 0.022723 0.018890 0.009724 0.000532 0.195282 0.008416 1.961892
0.744552 0.022856 0.019031 0.009762 0.000535 0.194842 0.008423 1.964078
0.744722 0.022855 0.019155 0.009847 0.000534 0.194458 0.008429 1.966343
0.744757 0.023022 0.019211 0.009861 0.000541 0.194174 0.008435 1.968550
0.744880 0.023079 0.019322 0.009902 0.000542 0.193838 0.008439 1.970771
0.745023 0.023132 0.019437 0.009992 0.000540 0.193431 0.008445 1.973045
0.745153 0.023248 0.019552 0.010009 0.000547 0.193040 0.008451 1.975288
0.745207 0.023336 0.019660 0.010034 0.000551 0.192753 0.008458 1.977523
0.745260 0.023435 0.019742 0.010054 0.000554 0.192493 0.008462 1.979781
0.745343 0.023435 0.019811 0.010134 0.000555 0.192256 0.008467 1.982084
0.745440 0.023454 0.019941 0.010157 0.000546 0.191984 0.008478 1.984382
0.745545 0.023462 0.020063 0.010215 0.000546 0.191682 0.008488 1.986694
0.745618 0.023463 0.020179 0.010273 0.000547 0.191428 0.008494 1.989018
0.745716 0.023432 0.020234 0.010356 0.000551 0.191211 0.008501 1.991358
0.745787 0.023474 0.020305 0.010430 0.000554 0.190940 0.008509 1.993644
0.745816 0.023512 0.020367 0.010470 0.000559 0.190756 0.008521 1.995936
0.745880 0.023536 0.020434 0.010500 0.000553 0.190571 0.008527 1.998202
0.745970 0.023570 0.020433 0.010554 0.000557 0.190380 0.008536 2.000500
0.746020 0.023571 0.020515 0.010574 0.000552 0.190221 0.008546 2.002824
0.746080 0.023550 0.020539 0.010607 0.000548 0.190124 0.008553 2.005123
0.746087 0.023614 0.020595 0.010615 0.000555 0.189973 0.008561 2.007404
0.746180 0.023502 0.020646 0.010649 0.000565 0.189891 0.008566 2.009773
0.746193 0.023574 0.020656 0.010671 0.000560 0.189772 0.008575 2.012028
0.746238 0.023502 0.020727 0.010715 0.000564 0.189674 0.008581 2.014369
0.746260 0.023563 0.020737 0.010680 0.000573 0.189600 0.008589 2.016618
0.746332 0.023541 0.020710 0.010699 0.000580 0.189542 0.008596 2.018931
0.746443 0.023497 0.020763 0.010747 0.000587 0.189362 0.008600 2.021247
0.746548 0.023443 0.020760 0.010743 0.000583 0.189307 0.008614 2.023577
0.746717 0.023323 0.020876 0.010776 0.000586 0.189101 0.008622 2.025901
0.746796 0.023379 0.020870 0.010736 0.000586 0.189002 0.008631 2.028150
0.746861 0.023292 0.020976 0.010738 0.000583 0.188912 0.008640 2.030452
0.746930 0.023257 0.020995 0.010736 0.000587 0.188849 0.008646 2.032723
0.747044 0.023197 0.021002 0.010755 0.000584 0.188763 0.008657 2.034988
0.747135 0.023151 0.021076 0.010722 0.000592 0.188657 0.008666 2.037284
0.747283 0.023064 0.021101 0.010694 0.000598 0.188589 0.008671 2.039577
0.747343 0.023072 0.021054 0.010666 0.000603 0.188583 0.008679 2.041814
0.747502 0.022965 0.021103 0.010667 0.000604 0.188475 0.008685 2.044103
0.747540 0.022912 0.021112 0.010710 0.000610 0.188421 0.008694 2.046398
0.747666 0.022883 0.021074 0.010674 0.000610 0.188393 0.008700 2.048612
0.747880 0.022797 0.021046 0.010663 0.000602 0.188304 0.008708 2.050822
0.748124 0.022736 0.020962 0.010614 0.000602 0.188247 0.008713 2.052991
0.748316 0.022702 0.020958 0.010588 0.000611 0.188108 0.008718 2.055193
0.748478 0.022610 0.020967 0.010563 0.000611 0.188046 0.008725 2.057441
0.748729 0.022404 0.021004 0.010549 0.000619 0.187963 0.008734 2.059743
0.748870 0.022376 0.021003 0.010573 0.000616 0.187821 0.008740 2.061988
0.748990 0.022399 0.020943 0.010543 0.000614 0.187760 0.008750 2.064156
0.749186 0.022320 0.020887 0.010539 0.000618 0.187693 0.008757 2.066329
0.749359 0.022285 0.020833 0.010514 0.000619 0.187624 0.008766 2.068512
0.749642 0.022170 0.020879 0.010533 0.000616 0.187385 0.008776 2.070720
0.749878 0.022067 0.020858 0.010519 0.000619 0.187277 0.008783 2.072926
0.750191 0.021879 0.020837 0.010488 0.000624 0.187194 0.008788 2.075125
0.750476 0.021822 0.020765 0.010405 0.000632 0.187105 0.008796 2.077223
0.750768 0.021703 0.020750 0.010405 0.000633 0.186941 0.008801 2.079422
0.750958 0.021705 0.020645 0.010359 0.000637 0.186888 0.008808 2.081526
0.751290 0.021607 0.020558 0.010314 0.000637 0.186780 0.008815 2.083610
0.751570 0.021578 0.020429 0.010286 0.000638 0.186677 0.008824 2.085685
0.751765 0.021563 0.020391 0.010254 0.000642 0.186554 0.008831 2.087790
0.751995 0.021560 0.020327 0.010257 0.000649 0.186372 0.008840 2.089872
0.752242 0.021496 0.020292 0.010231 0.000648 0.186243 0.008850 2.091994
0.752596 0.021397 0.020244 0.010203 0.000650 0.186054 0.008858 2.094119
0.752869 0.021283 0.020160 0.010167 0.000643 0.186011 0.008866 2.096241
0.753152 0.021189 0.020128 0.010131 0.000645 0.185885 0.008871 2.098347
0.753426 0.021093 0.020057 0.010107 0.000641 0.185799 0.008877 2.100446
0.753714 0.021095 0.019981 0.010068 0.000642 0.185611 0.008888 2.102489
0.754003 0.021023 0.019924 0.010059 0.000638 0.185453 0.008900 2.104529
0.754292 0.020940 0.019871 0.010041 0.000633 0.185313 0.008911 2.106629
0.754642 0.020897 0.019847 0.009977 0.000635 0.185082 0.008919 2.108665
0.754946 0.020846 0.019839 0.009940 0.000639 0.184864 0.008927 2.110762
0.755188 0.020777 0.019822 0.009933 0.000641 0.184703 0.008937 2.112828
0.755484 0.020796 0.019741 0.009832 0.000637 0.184562 0.008949 2.114813
0.755811 0.020711 0.019739 0.009794 0.000630 0.184361 0.008955 2.116906
0.756113 0.020682 0.019673 0.009771 0.000623 0.184173 0.008964 2.118905
0.756349 0.020695 0.019628 0.009759 0.000621 0.183975 0.008973 2.120945
0.756652 0.020688 0.019563 0.009736 0.000619 0.183758 0.008983 2.122949
0.756918 0.020642 0.019454 0.009756 0.000624 0.183615 0.008992 2.124966
0.757176 0.020684 0.019420 0.009695 0.000618 0.183409 0.008999 2.126964
0.757444 0.020724 0.019327 0.009648 0.000621 0.183229 0.009008 2.128932
0.757744 0.020628 0.019354 0.009672 0.000618 0.182972 0.009013 2.131017
0.758005 0.020548 0.019371 0.009694 0.000612 0.182751 0.009021 2.133084
0.758216 0.020586 0.019318 0.009669 0.000621 0.182564 0.009028 2.135086
0.758553 0.020569 0.019181 0.009624 0.000612 0.182420 0.009041 2.137031
0.758911 0.020451 0.019166 0.009650 0.000619 0.182157 0.009046 2.139089
0.759152 0.020416 0.019143 0.009632 0.000618 0.181985 0.009055 2.141117
0.759443 0.020419 0.019104 0.009584 0.000622 0.181766 0.009063 2.143086
0.759702 0.020446 0.019108 0.009554 0.000618 0.181501 0.009072 2.145046
0.760043 0.020355 0.019082 0.009547 0.000607 0.181286 0.009081 2.147046
0.760297 0.020378 0.019049 0.009522 0.000605 0.181062 0.009088 2.149007
0.760433 0.020420 0.019008 0.009522 0.000606 0.180914 0.009098 2.151021
0.760761 0.020286 0.019024 0.009492 0.000604 0.180730 0.009104 2.153057
0.761051 0.020299 0.018926 0.009453 0.000615 0.180547 0.009111 2.155016
0.761359 0.020247 0.018859 0.009424 0.000617 0.180377 0.009118 2.157001
0.761578 0.020244 0.018864 0.009350 0.000620 0.180219 0.009127 2.158992
0.761835 0.020244 0.018813 0.009410 0.000620 0.179941 0.009137 2.160966
0.762186 0.020186 0.018803 0.009370 0.000623 0.179689 0.009143 2.162918
0.762499 0.020150 0.018804 0.009359 0.000629 0.179409 0.009151 2.164912
0.762771 0.020195 0.018747 0.009326 0.000623 0.179180 0.009158 2.166857
0.763073 0.020142 0.018714 0.009339 0.000619 0.178948 0.009165 2.168854
0.763370 0.020093 0.018696 0.009310 0.000608 0.178751 0.009172 2.170820
0.763627 0.020070 0.018644 0.009317 0.000605 0.178557 0.009179 2.172777
0.763907 0.020069 0.018652 0.009306 0.000600 0.178280 0.009186 2.174728
0.764151 0.020051 0.018641 0.009298 0.000594 0.178070 0.009197 2.176692
0.764360 0.020096 0.018582 0.009309 0.000587 0.177863 0.009204 2.178621
0.764597 0.020093 0.018564 0.009281 0.000589 0.177665 0.009211 2.180582
0.764865 0.020132 0.018549 0.009298 0.000587 0.177351 0.009217 2.182517
0.765183 0.020062 0.018499 0.009297 0.000584 0.177151 0.009225 2.184473
0.765418 0.020052 0.018445 0.009299 0.000581 0.176971 0.009234 2.186377
0.765594 0.020172 0.018442 0.009275 0.000581 0.176695 0.009243 2.188296
0.765812 0.020138 0.018457 0.009260 0.000585 0.176498 0.009251 2.190313
0.766048 0.020036 0.018544 0.009272 0.000586 0.176258 0.009257 2.192340
0.766290 0.020023 0.018554 0.009268 0.000587 0.176015 0.009264 2.194277
0.766587 0.019933 0.018555 0.009284 0.000590 0.175783 0.009269 2.196292
0.766780 0.019940 0.018559 0.009281 0.000587 0.175575 0.009278 2.198251
0.767006 0.020014 0.018502 0.009215 0.000595 0.175387 0.009283 2.200142
0.767305 0.019988 0.018475 0.009243 0.000598 0.175101 0.009292 2.202105
0.767528 0.019962 0.018508 0.009245 0.000593 0.174865 0.009299 2.204067
0.767752 0.019939 0.018482 0.009270 0.000593 0.174661 0.009304 2.206036
0.767987 0.019927 0.018414 0.009249 0.000594 0.174518 0.009311 2.207993
0.768255 0.019884 0.018325 0.009296 0.000592 0.174332 0.009315 2.209956
0.768457 0.019907 0.018314 0.009270 0.000591 0.174138 0.009324 2.211875
0.768602 0.019879 0.018316 0.009307 0.000589 0.173977 0.009332 2.213903
0.768757 0.019908 0.018294 0.009293 0.000589 0.173819 0.009340 2.215841
0.769007 0.019848 0.018303 0.009302 0.000584 0.173607 0.009350 2.217817
0.769201 0.019881 0.018265 0.009315 0.000578 0.173404 0.009357 2.219738
0.769345 0.019911 0.018273 0.009336 0.000576 0.173195 0.009364 2.221668
0.769535 0.019880 0.018275 0.009325 0.000575 0.173038 0.009373 2.223613
0.769761 0.019886 0.018239 0.009292 0.000572 0.172870 0.009378 2.225518
0.769929 0.019904 0.018257 0.009241 0.000579 0.172705 0.009386 2.227463
0.770121 0.019884 0.018243 0.009230 0.000586 0.172546 0.009391 2.229426
0.770279 0.019886 0.018259 0.009247 0.000589 0.172341 0.009401 2.231374
0.770491 0.019896 0.018219 0.009229 0.000593 0.172164 0.009409 2.233309
0.770648 0.019899 0.018236 0.009255 0.000595 0.171954 0.009414 2.235295
0.770861 0.019901 0.018223 0.009243 0.000592 0.171761 0.009420 2.237268
0.770991 0.019880 0.018189 0.009216 0.000595 0.171702 0.009427 2.239213
0.771168 0.019938 0.018129 0.009214 0.000596 0.171523 0.009434 2.241104
0.771387 0.020001 0.018058 0.009200 0.000598 0.171317 0.009440 2.243009
0.771658 0.019917 0.018095 0.009223 0.000600 0.171056 0.009452 2.244990
0.771863 0.019914 0.018128 0.009238 0.000605 0.170794 0.009460 2.246937
0.771988 0.019944 0.018143 0.009224 0.000603 0.170631 0.009469 2.248900
0.772141 0.019912 0.018163 0.009194 0.000601 0.170511 0.009478 2.250869
0.772277 0.019956 0.018138 0.009177 0.000607 0.170362 0.009484 2.252791
0.772402 0.019950 0.018124 0.009170 0.000600 0.170259 0.009496 2.254764
0.772483 0.019991 0.018132 0.009172 0.000600 0.170120 0.009503 2.256731
0.772617 0.020010 0.018138 0.009145 0.000604 0.169976 0.009510 2.258679
0.772770 0.019999 0.018154 0.009147 0.000603 0.169810 0.009519 2.260646
0.772850 0.020045 0.018169 0.009144 0.000606 0.169661 0.009526 2.262588
0.772965 0.020012 0.018213 0.009157 0.000599 0.169520 0.009534 2.264562
0.773094 0.019987 0.018256 0.009156 0.000596 0.169365 0.009547 2.266556
0.773221 0.019966 0.018276 0.009153 0.000592 0.169240 0.009554 2.268528
0.773363 0.019953 0.018246 0.009153 0.000594 0.169130 0.009563 2.270487
0.773486 0.019953 0.018258 0.009095 0.000593 0.169049 0.009568 2.272469
0.773640 0.019976 0.018253 0.009091 0.000594 0.168874 0.009573 2.274408
0.773703 0.020018 0.018278 0.009135 0.000595 0.168695 0.009575 2.276363
0.773776 0.020046 0.018316 0.009131 0.000598 0.168556 0.009579 2.278354
0.773867 0.020091 0.018299 0.009132 0.000604 0.168420 0.009588 2.280325
0.774002 0.020067 0.018331 0.009150 0.000603 0.168255 0.009594 2.282297
0.774037 0.020039 0.018365 0.009182 0.000600 0.168175 0.009602 2.284332
0.774176 0.020075 0.018335 0.009186 0.000608 0.168011 0.009609 2.286285
0.774247 0.020124 0.018385 0.009194 0.000597 0.167834 0.009619 2.288262
0.774370 0.020131 0.018352 0.009171 0.000601 0.167747 0.009627 2.290213
0.774437 0.020164 0.018362 0.009175 0.000598 0.167629 0.009636 2.292188
0.774503 0.020219 0.018342 0.009189 0.000594 0.167509 0.009645 2.294128
0.774595 0.020258 0.018313 0.009161 0.000602 0.167419 0.009652 2.296076
0.774642 0.020277 0.018352 0.009164 0.000605 0.167302 0.009659 2.298096
0.774723 0.020253 0.018326 0.009234 0.000599 0.167198 0.009667 2.300112
0.774799 0.020254 0.018366 0.009210 0.000601 0.167096 0.009674 2.302086
0.774895 0.020277 0.018366 0.009203 0.000606 0.166974 0.009679 2.304069
0.774880 0.020365 0.018410 0.009187 0.000598 0.166871 0.009689 2.306035
0.774989 0.020357 0.018409 0.009219 0.000604 0.166726 0.009694 2.308021
0.775021 0.020369 0.018470 0.009191 0.000596 0.166652 0.009701 2.310039
0.775065 0.020379 0.018426 0.009239 0.000593 0.166589 0.009710 2.312014
0.775098 0.020425 0.018387 0.009271 0.000590 0.166512 0.009717 2.313982
0.775155 0.020436 0.018421 0.009328 0.000598 0.166341 0.009720 2.315979
0.775223 0.020374 0.018472 0.009352 0.000597 0.166254 0.009728 2.318018
0.775242 0.020420 0.018499 0.009291 0.000594 0.166220 0.009735 2.319995
0.775244 0.020391 0.018527 0.009305 0.000588 0.166201 0.009745 2.322021
0.775321 0.020456 0.018472 0.009331 0.000592 0.166079 0.009750 2.324001
0.775405 0.020452 0.018471 0.009310 0.000595 0.166013 0.009755 2.326002
0.775476 0.020405 0.018472 0.009254 0.000588 0.166040 0.009764 2.327999
0.775487 0.020436 0.018548 0.009238 0.000584 0.165936 0.009773 2.329984
0.775466 0.020490 0.018571 0.009205 0.000596 0.165892 0.009779 2.331958
0.775493 0.020543 0.018613 0.009214 0.000605 0.165750 0.009783 2.333933
0.775528 0.020620 0.018568 0.009182 0.000606 0.165706 0.009791 2.335866
0.775550 0.020591 0.018631 0.009203 0.000602 0.165627 0.009796 2.337903
0.775611 0.020675 0.018624 0.009185 0.000604 0.165501 0.009801 2.339844
0.775571 0.020747 0.018660 0.009173 0.000597 0.165445 0.009807 2.341868
0.775618 0.020695 0.018703 0.009256 0.000584 0.165327 0.009818 2.343922
0.775616 0.020788 0.018676 0.009254 0.000588 0.165252 0.009825 2.345903
0.775671 0.020808 0.018710 0.009264 0.000586 0.165129 0.009832 2.347938
0.775673 0.020763 0.018712 0.009292 0.000586 0.165132 0.009842 2.350014
0.775675 0.020730 0.018714 0.009326 0.000585 0.165122 0.009849 2.352079
0.775664 0.020728 0.018743 0.009360 0.000595 0.165055 0.009857 2.354109
0.775698 0.020694 0.018811 0.009338 0.000592 0.165004 0.009863 2.356132
0.775737 0.020717 0.018822 0.009315 0.000600 0.164940 0.009869 2.358127
0.775712 0.020717 0.018822 0.009371 0.000598 0.164903 0.009877 2.360188
0.775737 0.020695 0.018850 0.009403 0.000605 0.164824 0.009885 2.362241
0.775793 0.020709 0.018856 0.009436 0.000605 0.164704 0.009897 2.364260
0.775836 0.020714 0.018871 0.009392 0.000612 0.164672 0.009905 2.366233
0.775912 0.020666 0.018878 0.009361 0.000619 0.164655 0.009909 2.368260
0.775912 0.020638 0.018908 0.009357 0.000621 0.164648 0.009916 2.370289
0.775924 0.020718 0.018835 0.009380 0.000613 0.164606 0.009924 2.372259
0.775957 0.020675 0.018852 0.009432 0.000619 0.164538 0.009928 2.374347
0.775971 0.020715 0.018864 0.009419 0.000623 0.164475 0.009935 2.376355
0.775977 0.020701 0.018850 0.009458 0.000620 0.164451 0.009943 2.378408
0.775943 0.020764 0.018851 0.009493 0.000615 0.164384 0.009951 2.380447
0.775938 0.020816 0.018794 0.009481 0.000621 0.164393 0.009958 2.382426
0.775918 0.020849 0.018729 0.009511 0.000619 0.164409 0.009966 2.384411
0.775934 0.020921 0.018715 0.009549 0.000624 0.164283 0.009975 2.386392
0.775933 0.020891 0.018800 0.009471 0.000630 0.164297 0.009980 2.388432
0.775842 0.020934 0.018785 0.009490 0.000628 0.164340 0.009983 2.390473
0.775830 0.020932 0.018805 0.009494 0.000632 0.164317 0.009991 2.392547
0.775793 0.020943 0.018812 0.009510 0.000632 0.164314 0.009997 2.394592
0.775770 0.020975 0.018833 0.009482 0.000638 0.164300 0.010003 2.396639
0.775747 0.021001 0.018860 0.009459 0.000636 0.164286 0.010013 2.398645
0.775757 0.021007 0.018887 0.009468 0.000635 0.164226 0.010021 2.400674
0.775682 0.021011 0.018939 0.009511 0.000637 0.164194 0.010027 2.402759
0.775624 0.021021 0.018980 0.009507 0.000636 0.164195 0.010038 2.404844
0.775594 0.020923 0.019031 0.009509 0.000639 0.164262 0.010043 2.406925
0.775519 0.020897 0.019038 0.009547 0.000640 0.164308 0.010052 2.408999
0.775561 0.020895 0.019059 0.009525 0.000634 0.164266 0.010061 2.411031
0.775557 0.020947 0.019045 0.009532 0.000634 0.164221 0.010066 2.413054
0.775533 0.020901 0.019089 0.009517 0.000632 0.164254 0.010074 2.415111
0.775548 0.020866 0.019096 0.009483 0.000625 0.164303 0.010080 2.417145
0.775544 0.020868 0.019131 0.009435 0.000626 0.164311 0.010085 2.419195
0.775522 0.020869 0.019134 0.009491 0.000622 0.164268 0.010095 2.421255
0.775552 0.020858 0.019159 0.009535 0.000619 0.164173 0.010104 2.423288
0.775551 0.020862 0.019135 0.009556 0.000611 0.164175 0.010110 2.425331
0.775576 0.020847 0.019144 0.009550 0.000609 0.164155 0.010120 2.427368
0.775586 0.020813 0.019215 0.009558 0.000610 0.164091 0.010127 2.429431
0.775537 0.020837 0.019246 0.009554 0.000609 0.164087 0.010132 2.431476
0.775568 0.020823 0.019191 0.009568 0.000606 0.164106 0.010139 2.433497
0.775527 0.020782 0.019170 0.009554 0.000605 0.164214 0.010148 2.435528
0.775627 0.020730 0.019146 0.009554 0.000608 0.164180 0.010154 2.437554
0.775638 0.020702 0.019112 0.009573 0.000611 0.164205 0.010161 2.439614
0.775602 0.020755 0.019068 0.009553 0.000614 0.164240 0.010170 2.441610
0.775602 0.020731 0.019070 0.009593 0.000612 0.164215 0.010180 2.443697
0.775639 0.020753 0.019055 0.009612 0.000608 0.164145 0.010188 2.445738
0.775682 0.020678 0.019118 0.009633 0.000603 0.164091 0.010196 2.447825
0.775602 0.020669 0.019068 0.009647 0.000598 0.164210 0.010206 2.449878
0.775509 0.020703 0.019062 0.009639 0.000603 0.164270 0.010214 2.451907
0.775559 0.020675 0.019034 0.009667 0.000605 0.164240 0.010220 2.453933
0.775537 0.020643 0.019058 0.009667 0.000602 0.164266 0.010227 2.455990
0.775581 0.020610 0.019070 0.009650 0.000593 0.164261 0.010237 2.458032
0.775647 0.020624 0.019024 0.009624 0.000597 0.164240 0.010243 2.460009
0.775655 0.020651 0.018974 0.009609 0.000596 0.164264 0.010251 2.462028
0.775745 0.020622 0.018907 0.009577 0.000601 0.164290 0.010259 2.464036
0.775773 0.020614 0.018938 0.009565 0.000600 0.164243 0.010267 2.466047
0.775751 0.020628 0.018963 0.009576 0.000599 0.164209 0.010274 2.468088
0.775790 0.020628 0.018950 0.009581 0.000602 0.164166 0.010284 2.470082
0.775807 0.020660 0.018900 0.009582 0.000594 0.164165 0.010293 2.472068
0.775779 0.020675 0.018917 0.009559 0.000600 0.164172 0.010299 2.474090
0.775846 0.020643 0.018885 0.009564 0.000598 0.164157 0.010308 2.476136
0.775859 0.020665 0.018916 0.009550 0.000598 0.164095 0.010318 2.478167
0.775894 0.020656 0.018915 0.009539 0.000600 0.164068 0.010328 2.480204
0.775906 0.020647 0.018893 0.009520 0.000599 0.164100 0.010335 2.482259
0.775815 0.020628 0.018894 0.009524 0.000595 0.164200 0.010344 2.484346
0.775777 0.020586 0.018917 0.009548 0.000594 0.164229 0.010350 2.486403
0.775767 0.020634 0.018899 0.009547 0.000597 0.164198 0.010360 2.488386
0.775814 0.020531 0.018977 0.009572 0.000601 0.164142 0.010366 2.490492
0.775840 0.020516 0.018913 0.009613 0.000603 0.164143 0.010373 2.492504
0.775895 0.020527 0.018933 0.009588 0.000602 0.164077 0.010380 2.494520
0.775927 0.020466 0.018957 0.009619 0.000600 0.164043 0.010389 2.496580
0.775894 0.020566 0.018923 0.009602 0.000600 0.164021 0.010395 2.498579
0.775999 0.020452 0.018951 0.009551 0.000594 0.164047 0.010405 2.500643
0.776147 0.020383 0.018943 0.009591 0.000594 0.163930 0.010414 2.502668
0.776202 0.020373 0.018878 0.009554 0.000600 0.163974 0.010421 2.504660
0.776206 0.020449 0.018866 0.009525 0.000597 0.163927 0.010429 2.506597
0.776222 0.020450 0.018888 0.009493 0.000597 0.163915 0.010436 2.508595
0.776349 0.020432 0.018900 0.009463 0.000597 0.163817 0.010443 2.510581
0.776448 0.020360 0.018881 0.009494 0.000598 0.163771 0.010449 2.512618
0.776508 0.020300 0.018885 0.009494 0.000602 0.163754 0.010457 2.514634
0.776562 0.020250 0.018906 0.009503 0.000599 0.163715 0.010464 2.516702
0.776560 0.020282 0.018906 0.009468 0.000599 0.163715 0.010471 2.518708
0.776594 0.020251 0.018915 0.009477 0.000592 0.163694 0.010479 2.520718
0.776591 0.020255 0.018908 0.009467 0.000596 0.163697 0.010486 2.522725
0.776627 0.020254 0.018867 0.009435 0.000606 0.163722 0.010490 2.524685
0.776660 0.020296 0.018783 0.009378 0.000608 0.163778 0.010498 2.526620
0.776738 0.020278 0.018778 0.009379 0.000608 0.163716 0.010504 2.528602
0.776703 0.020352 0.018778 0.009359 0.000606 0.163693 0.010511 2.530559
0.776862 0.020282 0.018753 0.009336 0.000609 0.163642 0.010517 2.532526
0.776936 0.020307 0.018667 0.009364 0.000605 0.163598 0.010524 2.534499
0.777008 0.020252 0.018650 0.009433 0.000608 0.163519 0.010530 2.536504
0.777074 0.020237 0.018691 0.009448 0.000603 0.163409 0.010540 2.538553
0.777111 0.020261 0.018653 0.009425 0.000603 0.163401 0.010547 2.540514
0.777123 0.020266 0.018681 0.009373 0.000599 0.163406 0.010552 2.542512
0.777127 0.020300 0.018633 0.009376 0.000595 0.163412 0.010557 2.544496
0.777124 0.020337 0.018588 0.009384 0.000601 0.163400 0.010567 2.546474
0.777145 0.020322 0.018595 0.009397 0.000596 0.163373 0.010573 2.548480
0.777158 0.020332 0.018573 0.009373 0.000603 0.163383 0.010579 2.550454
0.777201 0.020354 0.018573 0.009346 0.000602 0.163337 0.010586 2.552426
0.777181 0.020384 0.018592 0.009371 0.000593 0.163287 0.010592 2.554449
0.777248 0.020370 0.018600 0.009355 0.000593 0.163235 0.010599 2.556444
0.777271 0.020367 0.018621 0.009338 0.000597 0.163205 0.010602 2.558442
0.777276 0.020301 0.018678 0.009326 0.000600 0.163212 0.010608 2.560521
0.777373 0.020208 0.018701 0.009406 0.000600 0.163098 0.010615 2.562548
0.777422 0.020187 0.018664 0.009424 0.000603 0.163080 0.010620 2.564547
0.777478 0.020280 0.018642 0.009417 0.000597 0.162964 0.010624 2.566446
0.777495 0.020248 0.018628 0.009389 0.000598 0.163013 0.010630 2.568457
0.777517 0.020235 0.018647 0.009351 0.000595 0.163019 0.010636 2.570456
0.777463 0.020272 0.018644 0.009335 0.000606 0.163040 0.010641 2.572464
0.777467 0.020273 0.018623 0.009331 0.000609 0.163048 0.010650 2.574461
0.777514 0.020300 0.018590 0.009284 0.000610 0.163049 0.010654 2.576402
0.777548 0.020317 0.018591 0.009282 0.000617 0.162987 0.010660 2.578410
0.777607 0.020315 0.018596 0.009299 0.000616 0.162900 0.010667 2.580394
0.777633 0.020348 0.018561 0.009326 0.000618 0.162840 0.010675 2.582374
0.777673 0.020335 0.018516 0.009389 0.000618 0.162785 0.010684 2.584386
0.777645 0.020303 0.018573 0.009420 0.000620 0.162748 0.010692 2.586437
0.777725 0.020282 0.018572 0.009433 0.000619 0.162669 0.010700 2.588418
0.777760 0.020301 0.018564 0.009392 0.000617 0.162657 0.010709 2.590384
0.777774 0.020287 0.018592 0.009398 0.000621 0.162614 0.010714 2.592404
0.777871 0.020287 0.018535 0.009389 0.000625 0.162575 0.010720 2.594398
0.777829 0.020275 0.018556 0.009399 0.000620 0.162594 0.010727 2.596424
0.777821 0.020238 0.018560 0.009432 0.000620 0.162593 0.010737 2.598464
0.777845 0.020244 0.018583 0.009427 0.000617 0.162540 0.010745 2.600447
0.777873 0.020298 0.018559 0.009431 0.000613 0.162471 0.010755 2.602388
0.777861 0.020311 0.018545 0.009459 0.000612 0.162450 0.010763 2.604398
0.777853 0.020268 0.018602 0.009465 0.000609 0.162431 0.010772 2.606416
0.777786 0.020321 0.018603 0.009455 0.000617 0.162439 0.010779 2.608396
0.777748 0.020379 0.018536 0.009438 0.000615 0.162495 0.010790 2.610350
0.777780 0.020337 0.018540 0.009412 0.000614 0.162519 0.010798 2.612341
0.777812 0.020303 0.018496 0.009470 0.000610 0.162503 0.010807 2.614351
0.777761 0.020257 0.018507 0.009506 0.000624 0.162534 0.010812 2.616396
0.777855 0.020208 0.018550 0.009494 0.000619 0.162455 0.010818 2.618385
0.777863 0.020257 0.018502 0.009457 0.000618 0.162480 0.010824 2.620377
0.777862 0.020299 0.018523 0.009381 0.000621 0.162487 0.010829 2.622319
0.777778 0.020348 0.018579 0.009368 0.000624 0.162467 0.010834 2.624338
0.777809 0.020366 0.018567 0.009333 0.000628 0.162453 0.010845 2.626316
0.777825 0.020388 0.018558 0.009313 0.000617 0.162446 0.010854 2.628320
0.777782 0.020422 0.018606 0.009319 0.000610 0.162398 0.010864 2.630329
0.777807 0.020412 0.018625 0.009318 0.000605 0.162354 0.010878 2.632338
0.777830 0.020473 0.018612 0.009312 0.000594 0.162293 0.010887 2.634299
0.777832 0.020478 0.018529 0.009321 0.000591 0.162353 0.010897 2.636286
0.777881 0.020433 0.018559 0.009308 0.000596 0.162321 0.010903 2.638323
0.777902 0.020437 0.018602 0.009325 0.000596 0.162232 0.010908 2.640309
0.777923 0.020491 0.018593 0.009317 0.000605 0.162159 0.010913 2.642267
0.778056 0.020427 0.018557 0.009339 0.000608 0.162093 0.010920 2.644248
0.778053 0.020423 0.018588 0.009361 0.000613 0.162035 0.010927 2.646276
0.777970 0.020472 0.018544 0.009353 0.000612 0.162113 0.010936 2.648258
0.778017 0.020454 0.018513 0.009374 0.000615 0.162082 0.010945 2.650217
0.777950 0.020441 0.018549 0.009381 0.000624 0.162103 0.010953 2.652260
0.777863 0.020487 0.018596 0.009415 0.000627 0.162052 0.010962 2.654280
0.777885 0.020486 0.018635 0.009394 0.000628 0.162003 0.010969 2.656291
0.777891 0.020495 0.018617 0.009389 0.000624 0.162007 0.010977 2.658272
0.777907 0.020500 0.018609 0.009375 0.000618 0.162006 0.010986 2.660277
0.777890 0.020525 0.018606 0.009403 0.000610 0.161970 0.010997 2.662277
0.777923 0.020457 0.018676 0.009436 0.000611 0.161895 0.011003 2.664336
0.777880 0.020504 0.018645 0.009457 0.000608 0.161895 0.011012 2.666346
0.777900 0.020517 0.018671 0.009466 0.000606 0.161820 0.011022 2.668364
0.777846 0.020572 0.018636 0.009490 0.000597 0.161830 0.011028 2.670347
0.777837 0.020530 0.018646 0.009523 0.000596 0.161832 0.011036 2.672378
0.777862 0.020596 0.018676 0.009444 0.000602 0.161775 0.011044 2.674329
0.777835 0.020659 0.018596 0.009442 0.000605 0.161813 0.011050 2.676285
0.777792 0.020658 0.018656 0.009432 0.000610 0.161794 0.011058 2.678337
0.777807 0.020728 0.018691 0.009431 0.000607 0.161668 0.011067 2.680312
0.777754 0.020736 0.018705 0.009390 0.000616 0.161726 0.011075 2.682351
0.777656 0.020744 0.018667 0.009447 0.000616 0.161788 0.011082 2.684384
0.777589 0.020725 0.018711 0.009481 0.000628 0.161779 0.011086 2.686424
0.777600 0.020695 0.018738 0.009508 0.000621 0.161741 0.011096 2.688452
0.777596 0.020704 0.018742 0.009528 0.000616 0.161709 0.011105 2.690459
0.777622 0.020700 0.018710 0.009558 0.000618 0.161680 0.011112 2.692465
0.777641 0.020697 0.018684 0.009566 0.000617 0.161675 0.011121 2.694500
0.777633 0.020745 0.018691 0.009573 0.000621 0.161607 0.011130 2.696509
0.777590 0.020746 0.018719 0.009554 0.000618 0.161633 0.011140 2.698532
0.777521 0.020774 0.018697 0.009536 0.000615 0.161708 0.011149 2.700545
0.777484 0.020880 0.018663 0.009549 0.000613 0.161655 0.011157 2.702544
0.777440 0.020838 0.018734 0.009560 0.000610 0.161653 0.011165 2.704611
0.777386 0.020808 0.018821 0.009551 0.000614 0.161649 0.011172 2.706694
0.777328 0.020766 0.018880 0.009524 0.000612 0.161709 0.011181 2.708756
0.777388 0.020727 0.018976 0.009525 0.000613 0.161583 0.011190 2.710820
0.777347 0.020780 0.019007 0.009467 0.000613 0.161587 0.011199 2.712801
0.777294 0.020750 0.019076 0.009488 0.000615 0.161573 0.011207 2.714866
0.777322 0.020734 0.019071 0.009472 0.000621 0.161566 0.011215 2.716875
0.777300 0.020746 0.018991 0.009460 0.000616 0.161662 0.011225 2.718888
0.777271 0.020683 0.019013 0.009492 0.000615 0.161696 0.011231 2.720945
0.777219 0.020681 0.018993 0.009498 0.000611 0.161761 0.011237 2.722981
0.777201 0.020751 0.019029 0.009440 0.000612 0.161723 0.011246 2.724941
0.777108 0.020695 0.019056 0.009504 0.000609 0.161773 0.011255 2.727054
0.777112 0.020709 0.019066 0.009498 0.000605 0.161747 0.011265 2.729111
0.777155 0.020702 0.019098 0.009494 0.000604 0.161675 0.011273 2.731150
0.777113 0.020655 0.019118 0.009479 0.000604 0.161755 0.011278 2.733208
0.777045 0.020646 0.019078 0.009471 0.000603 0.161872 0.011286 2.735252
0.776975 0.020697 0.019045 0.009499 0.000605 0.161889 0.011293 2.737258
0.777004 0.020698 0.019004 0.009498 0.000603 0.161892 0.011300 2.739260
0.776961 0.020698 0.018949 0.009479 0.000600 0.162006 0.011307 2.741297
0.776913 0.020727 0.018926 0.009462 0.000604 0.162049 0.011318 2.743299
0.776935 0.020732 0.018957 0.009469 0.000602 0.161979 0.011326 2.745314
0.776886 0.020826 0.018899 0.009455 0.000608 0.161994 0.011333 2.747298
0.776893 0.020840 0.018896 0.009479 0.000607 0.161944 0.011342 2.749324
0.776840 0.020862 0.018879 0.009475 0.000599 0.161995 0.011351 2.751312
0.776745 0.020901 0.018906 0.009431 0.000596 0.162063 0.011359 2.753334
0.776788 0.020848 0.018861 0.009458 0.000592 0.162086 0.011369 2.755369
0.776822 0.020826 0.018864 0.009486 0.000597 0.162031 0.011375 2.757414
0.776757 0.020792 0.018938 0.009530 0.000593 0.162002 0.011387 2.759500
0.776790 0.020736 0.018967 0.009541 0.000593 0.161980 0.011394 2.761550
0.776758 0.020704 0.018990 0.009561 0.000598 0.161990 0.011399 2.763624
