0.999806 0.000152 0.000029 0.000012 0.000000 0.000001 0.000000
0.999740 0.000189 0.000022 0.000007 0.000000 0.000041 0.000000
0.999484 0.000428 0.000040 0.000019 0.000000 0.000029 0.000000
0.999032 0.000816 0.000080 0.000043 0.000000 0.000030 0.000000
0.998386 0.001354 0.000146 0.000077 0.000000 0.000037 0.000000
0.997466 0.002073 0.000283 0.000129 0.000003 0.000047 0.000000
0.995886 0.003338 0.000470 0.000226 0.000006 0.000075 0.000000
0.993767 0.005022 0.000729 0.000344 0.000003 0.000135 0.000000
0.990278 0.007742 0.001133 0.000594 0.000005 0.000248 0.000000
0.986321 0.010867 0.001597 0.000834 0.000004 0.000377 0.000000
0.980678 0.015365 0.002219 0.001149 0.000004 0.000584 0.000000
0.972934 0.021444 0.003182 0.001583 0.000005 0.000851 0.000000
0.963039 0.029160 0.004346 0.002212 0.000008 0.001234 0.000000
0.949469 0.039422 0.006081 0.003208 0.000009 0.001812 0.000000
0.934920 0.050242 0.008077 0.004338 0.000009 0.002415 0.000000
0.917568 0.062832 0.010751 0.005591 0.000011 0.003246 0.000000
0.897890 0.076963 0.013741 0.007060 0.000016 0.004331 0.000000
0.876133 0.091985 0.017321 0.008903 0.000016 0.005641 0.000000
0.853773 0.106676 0.021292 0.011027 0.000026 0.007207 0.000000
0.831374 0.120782 0.025540 0.013278 0.000034 0.008991 0.000002
0.807884 0.134970 0.030138 0.015669 0.000045 0.011292 0.000002
0.783958 0.148709 0.035110 0.018290 0.000061 0.013871 0.000002
0.759406 0.161720 0.040544 0.021210 0.000074 0.017043 0.000002
0.736856 0.172703 0.045861 0.024010 0.000086 0.020483 0.000001
0.712715 0.183533 0.052007 0.027212 0.000103 0.024428 0.000001
0.691950 0.191845 0.057595 0.030104 0.000117 0.028388 0.000001
0.667566 0.200741 0.064450 0.033574 0.000143 0.033525 0.000002
0.648508 0.206476 0.069911 0.036458 0.000162 0.038482 0.000002
0.626554 0.212336 0.076284 0.039856 0.000195 0.044773 0.000002
0.608125 0.215759 0.082005 0.042807 0.000220 0.051081 0.000003
0.589902 0.218360 0.087808 0.045703 0.000251 0.057972 0.000004
0.571898 0.219716 0.093694 0.048734 0.000277 0.065678 0.000004
0.556032 0.220317 0.098730 0.051314 0.000308 0.073295 0.000004
0.540106 0.219793 0.104010 0.053915 0.000338 0.081831 0.000007
0.527134 0.218493 0.108112 0.055974 0.000369 0.089910 0.000008
0.512769 0.217144 0.112407 0.058358 0.000402 0.098911 0.000009
0.498944 0.215031 0.116475 0.060586 0.000436 0.108517 0.000010
0.487250 0.212537 0.119797 0.062359 0.000462 0.117580 0.000014
0.475135 0.209167 0.123176 0.064197 0.000489 0.127820 0.000016
0.463882 0.206053 0.126124 0.065784 0.000519 0.137620 0.000017
0.452943 0.202326 0.128784 0.067247 0.000554 0.148128 0.000019
0.442238 0.198396 0.131411 0.068662 0.000569 0.158701 0.000023
0.432833 0.193637 0.133503 0.069778 0.000600 0.169624 0.000026
0.423463 0.188979 0.135330 0.070764 0.000620 0.180815 0.000029
0.415722 0.183956 0.136658 0.071552 0.000639 0.191441 0.000032
0.407807 0.178780 0.137633 0.072261 0.000670 0.202815 0.000034
0.400372 0.173329 0.138464 0.072757 0.000685 0.214356 0.000037
0.394392 0.168609 0.138826 0.073124 0.000707 0.224304 0.000039
0.388134 0.162934 0.139069 0.073176 0.000746 0.235903 0.000039
0.383586 0.157945 0.138719 0.072977 0.000769 0.245964 0.000041
0.377350 0.152510 0.138322 0.072987 0.000795 0.257992 0.000043
0.372176 0.147915 0.137850 0.072727 0.000824 0.268461 0.000046
0.368647 0.143154 0.136862 0.072258 0.000848 0.278184 0.000048
0.364051 0.137541 0.135862 0.071924 0.000876 0.289693 0.000054
0.360442 0.132840 0.134374 0.071294 0.000910 0.300083 0.000057
0.356979 0.128053 0.133120 0.070609 0.000941 0.310241 0.000057
0.354317 0.123435 0.131586 0.069774 0.000962 0.319864 0.000061
0.352577 0.118636 0.129578 0.068851 0.000972 0.329323 0.000064
0.351028 0.113622 0.127519 0.067771 0.000990 0.339003 0.000066
0.350411 0.109554 0.125343 0.066639 0.001009 0.346974 0.000070
0.348973 0.105367 0.123463 0.065674 0.001021 0.355431 0.000072
0.349014 0.101784 0.121258 0.064495 0.001042 0.362331 0.000076
0.347795 0.097527 0.118465 0.063112 0.001062 0.371960 0.000080
0.348778 0.094353 0.115883 0.061846 0.001063 0.377993 0.000084
0.349629 0.091186 0.113187 0.060395 0.001046 0.384470 0.000087
0.349370 0.087612 0.110691 0.059007 0.001050 0.392178 0.000093
0.351296 0.084849 0.108079 0.057470 0.001053 0.397159 0.000094
0.352860 0.082395 0.105471 0.056083 0.001067 0.402031 0.000094
0.354098 0.079427 0.102847 0.054722 0.001062 0.407746 0.000099
0.355678 0.077196 0.099897 0.053349 0.001060 0.412716 0.000103
0.357041 0.075589 0.097646 0.052085 0.001048 0.416484 0.000107
0.358767 0.073856 0.095149 0.050802 0.001049 0.420265 0.000111
0.359829 0.071877 0.092324 0.049416 0.001048 0.425390 0.000116
0.361368 0.070540 0.090027 0.048269 0.001044 0.428634 0.000118
0.362195 0.069406 0.088143 0.047253 0.001032 0.431851 0.000120
0.363168 0.068179 0.085813 0.046043 0.001025 0.435648 0.000124
0.363537 0.066674 0.083917 0.044998 0.001021 0.439725 0.000128
0.364115 0.065322 0.082120 0.043982 0.001015 0.443316 0.000129
0.365010 0.064104 0.080482 0.043035 0.001016 0.446221 0.000132
0.365853 0.062840 0.078667 0.042013 0.001021 0.449471 0.000135
0.366908 0.061579 0.077170 0.041280 0.001002 0.451919 0.000141
0.367857 0.059776 0.075516 0.040420 0.000989 0.455299 0.000143
0.369005 0.058277 0.073956 0.039557 0.000980 0.458081 0.000144
0.370585 0.056783 0.072102 0.038649 0.000967 0.460769 0.000145
0.372274 0.055680 0.070626 0.037923 0.000960 0.462392 0.000145
0.374255 0.053943 0.068658 0.036859 0.000951 0.465185 0.000149
0.375529 0.052797 0.067533 0.036115 0.000944 0.466933 0.000149
0.377501 0.051414 0.065795 0.035130 0.000926 0.469083 0.000151
0.379715 0.050343 0.064309 0.034312 0.000900 0.470268 0.000153
0.381955 0.049022 0.062598 0.033283 0.000900 0.472084 0.000157
0.383920 0.048503 0.061600 0.032723 0.000897 0.472196 0.000160
0.386168 0.047231 0.060046 0.031887 0.000892 0.473611 0.000166
0.388676 0.046342 0.058764 0.031230 0.000894 0.473926 0.000167
0.390849 0.045641 0.057548 0.030622 0.000880 0.474288 0.000172
0.392846 0.045056 0.056502 0.030131 0.000866 0.474424 0.000175
0.395237 0.044244 0.054842 0.029298 0.000863 0.475339 0.000177
0.397546 0.043842 0.053680 0.028694 0.000862 0.475199 0.000178
0.399974 0.043132 0.052435 0.028067 0.000865 0.475345 0.000182
0.402159 0.042314 0.051195 0.027464 0.000861 0.475821 0.000186
0.404286 0.042113 0.050507 0.027060 0.000849 0.474991 0.000194
0.407180 0.041821 0.049243 0.026372 0.000847 0.474339 0.000199
0.408770 0.041682 0.048783 0.026090 0.000843 0.473631 0.000202
0.410947 0.041556 0.047907 0.025586 0.000833 0.472964 0.000206
0.413454 0.041212 0.046793 0.025059 0.000812 0.472458 0.000213
0.415195 0.041001 0.046237 0.024799 0.000799 0.471755 0.000214
0.417298 0.040705 0.045418 0.024374 0.000784 0.471207 0.000214
0.419933 0.040550 0.044513 0.023882 0.000762 0.470145 0.000216
0.421571 0.040571 0.044186 0.023636 0.000755 0.469066 0.000216
0.423671 0.040519 0.043607 0.023334 0.000742 0.467906 0.000221
0.425984 0.040366 0.042967 0.022917 0.000732 0.466811 0.000223
0.427926 0.040376 0.042358 0.022660 0.000713 0.465742 0.000226
0.429942 0.040381 0.041951 0.022395 0.000705 0.464394 0.000231
0.431770 0.040546 0.041538 0.022136 0.000700 0.463077 0.000234
0.433642 0.040677 0.041031 0.021854 0.000689 0.461872 0.000235
0.435036 0.040860 0.040937 0.021735 0.000683 0.460515 0.000234
0.437123 0.040916 0.040575 0.021545 0.000666 0.458940 0.000236
0.438574 0.041131 0.040280 0.021482 0.000662 0.457633 0.000237
0.440150 0.041160 0.039922 0.021400 0.000649 0.456477 0.000242
0.441963 0.041430 0.039577 0.021215 0.000638 0.454932 0.000246
0.443419 0.041598 0.039413 0.021157 0.000632 0.453533 0.000248
0.444583 0.041858 0.039285 0.021108 0.000628 0.452289 0.000249
0.445601 0.042190 0.039173 0.021035 0.000617 0.451132 0.000252
0.447058 0.042386 0.039008 0.020853 0.000612 0.449829 0.000253
0.448937 0.042046 0.039008 0.020747 0.000604 0.448404 0.000254
0.451765 0.041301 0.038733 0.020467 0.000591 0.446885 0.000258
0.454341 0.040289 0.038716 0.020319 0.000589 0.445487 0.000260
0.457317 0.038984 0.038552 0.020060 0.000586 0.444238 0.000263
0.460894 0.037486 0.038389 0.019726 0.000574 0.442667 0.000264
0.464269 0.035999 0.038266 0.019393 0.000574 0.441229 0.000271
0.467947 0.034336 0.038105 0.019021 0.000576 0.439742 0.000274
0.472178 0.032718 0.037727 0.018617 0.000566 0.437915 0.000278
0.476199 0.031170 0.037276 0.018210 0.000552 0.436317 0.000276
0.480393 0.029649 0.036663 0.017748 0.000545 0.434723 0.000280
0.484416 0.028179 0.036027 0.017341 0.000539 0.433212 0.000287
0.488764 0.026823 0.035353 0.016903 0.000535 0.431330 0.000292
0.492828 0.025456 0.034676 0.016420 0.000535 0.429797 0.000289
0.497328 0.024093 0.033986 0.015960 0.000527 0.427816 0.000290
0.501759 0.022828 0.033194 0.015497 0.000515 0.425915 0.000292
0.505994 0.021609 0.032552 0.015069 0.000505 0.423978 0.000293
0.510528 0.020524 0.031797 0.014569 0.000501 0.421787 0.000294
0.514845 0.019413 0.031027 0.014096 0.000487 0.419831 0.000301
0.519408 0.018394 0.030143 0.013589 0.000490 0.417680 0.000296
0.523862 0.017491 0.029237 0.013109 0.000479 0.415522 0.000298
0.528297 0.016638 0.028326 0.012661 0.000469 0.413310 0.000299
0.532638 0.015784 0.027524 0.012209 0.000468 0.411077 0.000301
0.536983 0.014991 0.026693 0.011754 0.000462 0.408813 0.000304
0.541476 0.014145 0.025838 0.011355 0.000448 0.406432 0.000307
0.546070 0.013399 0.025032 0.010920 0.000441 0.403834 0.000305
0.550798 0.012826 0.024140 0.010496 0.000436 0.400995 0.000308
0.554831 0.012204 0.023280 0.010073 0.000426 0.398879 0.000307
0.559372 0.011654 0.022509 0.009683 0.000418 0.396060 0.000303
0.563984 0.011092 0.021826 0.009339 0.000404 0.393048 0.000307
0.568477 0.010548 0.021033 0.009011 0.000392 0.390232 0.000308
0.572851 0.010102 0.020314 0.008642 0.000382 0.387392 0.000316
0.577123 0.009605 0.019612 0.008300 0.000375 0.384672 0.000314
0.581636 0.009132 0.018930 0.007979 0.000354 0.381655 0.000314
0.586113 0.008682 0.018186 0.007670 0.000339 0.378692 0.000319
0.590493 0.008320 0.017514 0.007402 0.000336 0.375617 0.000317
0.594644 0.008002 0.016843 0.007116 0.000330 0.372747 0.000319
0.599207 0.007680 0.016206 0.006837 0.000324 0.369424 0.000322
0.603312 0.007419 0.015616 0.006551 0.000323 0.366455 0.000324
0.607255 0.007094 0.015061 0.006310 0.000318 0.363642 0.000320
0.611256 0.006847 0.014537 0.006059 0.000308 0.360670 0.000323
0.615476 0.006565 0.013961 0.005822 0.000299 0.357555 0.000322
0.619478 0.006301 0.013466 0.005593 0.000292 0.354540 0.000330
0.623760 0.006078 0.012929 0.005371 0.000286 0.351249 0.000327
0.627551 0.005895 0.012424 0.005192 0.000281 0.348325 0.000330
0.631845 0.005709 0.011927 0.004980 0.000274 0.344937 0.000328
0.635915 0.005543 0.011461 0.004787 0.000266 0.341696 0.000331
0.639667 0.005361 0.010994 0.004587 0.000257 0.338805 0.000329
0.643469 0.005255 0.010602 0.004445 0.000252 0.335647 0.000330
0.647322 0.005099 0.010182 0.004266 0.000244 0.332556 0.000331
0.651155 0.004981 0.009804 0.004121 0.000243 0.329366 0.000330
0.655501 0.004794 0.009461 0.003971 0.000237 0.325701 0.000334
0.659014 0.004643 0.009171 0.003848 0.000226 0.322757 0.000340
0.662559 0.004524 0.008905 0.003701 0.000221 0.319750 0.000339
0.666247 0.004425 0.008580 0.003588 0.000214 0.316607 0.000339
0.669871 0.004352 0.008290 0.003475 0.000212 0.313464 0.000337
0.673549 0.004242 0.007984 0.003320 0.000204 0.310365 0.000335
0.677103 0.004136 0.007695 0.003199 0.000197 0.307331 0.000338
0.680758 0.004069 0.007409 0.003098 0.000190 0.304137 0.000339
0.684485 0.003923 0.007223 0.002988 0.000190 0.300849 0.000341
0.688076 0.003815 0.006964 0.002911 0.000187 0.297708 0.000339
0.691318 0.003735 0.006741 0.002806 0.000182 0.294877 0.000340
0.694725 0.003707 0.006554 0.002709 0.000182 0.291783 0.000340
0.698207 0.003595 0.006298 0.002591 0.000179 0.288789 0.000341
0.701612 0.003519 0.006112 0.002530 0.000175 0.285717 0.000334
0.704871 0.003491 0.005924 0.002452 0.000167 0.282756 0.000339
0.708232 0.003454 0.005721 0.002386 0.000162 0.279710 0.000336
0.711274 0.003427 0.005542 0.002320 0.000161 0.276936 0.000340
0.714645 0.003355 0.005363 0.002236 0.000153 0.273904 0.000344
0.717960 0.003308 0.005221 0.002183 0.000143 0.270842 0.000343
0.720898 0.003286 0.005095 0.002106 0.000141 0.268130 0.000345
0.723941 0.003221 0.004954 0.002070 0.000132 0.265337 0.000344
0.727095 0.003197 0.004821 0.002026 0.000133 0.262385 0.000343
0.730316 0.003155 0.004693 0.001960 0.000130 0.259401 0.000344
0.733343 0.003125 0.004587 0.001942 0.000128 0.256527 0.000348
0.736392 0.003070 0.004466 0.001884 0.000126 0.253717 0.000344
0.739466 0.003018 0.004357 0.001837 0.000120 0.250859 0.000344
0.741996 0.002978 0.004259 0.001829 0.000119 0.248472 0.000347
0.745202 0.002905 0.004188 0.001760 0.000114 0.245483 0.000348
0.748102 0.002879 0.004113 0.001720 0.000113 0.242725 0.000348
0.750867 0.002849 0.003990 0.001677 0.000115 0.240152 0.000349
0.753610 0.002850 0.003936 0.001652 0.000108 0.237498 0.000346
0.756188 0.002825 0.003845 0.001603 0.000105 0.235088 0.000345
0.758766 0.002857 0.003808 0.001579 0.000105 0.232535 0.000350
0.761699 0.002847 0.003728 0.001542 0.000098 0.229739 0.000347
0.764450 0.002827 0.003662 0.001526 0.000097 0.227087 0.000351
0.766839 0.002796 0.003622 0.001522 0.000097 0.224780 0.000344
0.769654 0.002721 0.003542 0.001483 0.000096 0.222154 0.000350
0.772374 0.002740 0.003472 0.001467 0.000092 0.219504 0.000352
0.774786 0.002726 0.003380 0.001433 0.000084 0.217238 0.000352
0.777096 0.002744 0.003306 0.001472 0.000082 0.214952 0.000348
0.779345 0.002741 0.003230 0.001453 0.000082 0.212797 0.000352
0.781741 0.002758 0.003234 0.001462 0.000078 0.210374 0.000353
0.784338 0.002726 0.003163 0.001443 0.000077 0.207895 0.000356
0.786484 0.002694 0.003096 0.001400 0.000074 0.205898 0.000354
0.788926 0.002701 0.003075 0.001378 0.000075 0.203488 0.000357
0.791163 0.002699 0.003031 0.001370 0.000075 0.201307 0.000354
0.793457 0.002664 0.003026 0.001372 0.000072 0.199061 0.000349
0.795660 0.002631 0.002985 0.001353 0.000070 0.196949 0.000351
0.798039 0.002576 0.002916 0.001317 0.000073 0.194723 0.000356
0.800104 0.002577 0.002881 0.001314 0.000070 0.192701 0.000353
0.802439 0.002586 0.002838 0.001308 0.000069 0.190402 0.000359
0.804743 0.002522 0.002794 0.001288 0.000071 0.188233 0.000349
0.806728 0.002568 0.002802 0.001285 0.000067 0.186199 0.000351
0.808883 0.002546 0.002750 0.001271 0.000061 0.184132 0.000357
0.811172 0.002538 0.002705 0.001240 0.000059 0.181930 0.000356
0.813410 0.002526 0.002679 0.001209 0.000062 0.179758 0.000355
0.815209 0.002583 0.002644 0.001203 0.000059 0.177948 0.000355
0.816940 0.002609 0.002675 0.001203 0.000056 0.176166 0.000352
0.818823 0.002619 0.002650 0.001179 0.000059 0.174315 0.000355
0.820700 0.002632 0.002606 0.001168 0.000059 0.172480 0.000355
0.822638 0.002643 0.002614 0.001172 0.000056 0.170520 0.000357
0.824309 0.002710 0.002621 0.001137 0.000058 0.168808 0.000357
0.826253 0.002687 0.002603 0.001127 0.000058 0.166910 0.000362
0.827965 0.002739 0.002647 0.001139 0.000059 0.165097 0.000355
0.830115 0.002669 0.002605 0.001134 0.000061 0.163058 0.000358
0.831783 0.002667 0.002605 0.001151 0.000058 0.161382 0.000355
0.833427 0.002744 0.002613 0.001166 0.000059 0.159629 0.000362
0.835447 0.002698 0.002574 0.001159 0.000054 0.157711 0.000357
0.836928 0.002711 0.002605 0.001175 0.000055 0.156174 0.000354
0.838517 0.002713 0.002605 0.001186 0.000054 0.154568 0.000358
0.840269 0.002710 0.002617 0.001187 0.000054 0.152803 0.000359
0.841863 0.002736 0.002572 0.001188 0.000055 0.151223 0.000363
0.843601 0.002746 0.002554 0.001183 0.000055 0.149499 0.000362
0.845235 0.002785 0.002585 0.001182 0.000054 0.147797 0.000363
0.846785 0.002770 0.002625 0.001178 0.000049 0.146234 0.000359
0.848037 0.002833 0.002664 0.001212 0.000053 0.144846 0.000355
0.850135 0.002804 0.002584 0.001159 0.000050 0.142912 0.000356
0.851142 0.002861 0.002644 0.001195 0.000053 0.141745 0.000360
0.852813 0.002896 0.002671 0.001202 0.000048 0.140013 0.000357
0.854516 0.002845 0.002610 0.001173 0.000048 0.138446 0.000363
0.855615 0.002900 0.002655 0.001225 0.000049 0.137198 0.000358
0.857039 0.002885 0.002644 0.001187 0.000048 0.135836 0.000360
0.858360 0.002943 0.002732 0.001222 0.000047 0.134338 0.000358
0.859608 0.003034 0.002736 0.001232 0.000046 0.132985 0.000358
0.861381 0.002952 0.002662 0.001200 0.000042 0.131404 0.000359
0.862705 0.003040 0.002724 0.001236 0.000043 0.129895 0.000358
0.863588 0.003078 0.002718 0.001264 0.000039 0.128957 0.000356
0.864990 0.003103 0.002738 0.001265 0.000041 0.127508 0.000355
0.866294 0.003057 0.002752 0.001273 0.000038 0.126227 0.000359
0.867646 0.003073 0.002716 0.001275 0.000038 0.124898 0.000355
0.868976 0.003165 0.002753 0.001277 0.000038 0.123431 0.000360
0.870497 0.003151 0.002761 0.001302 0.000038 0.121893 0.000359
0.871567 0.003123 0.002729 0.001283 0.000037 0.120902 0.000358
0.873086 0.003160 0.002776 0.001265 0.000034 0.119321 0.000356
0.874340 0.003142 0.002784 0.001253 0.000036 0.118082 0.000362
0.875126 0.003188 0.002823 0.001280 0.000037 0.117189 0.000357
0.876569 0.003274 0.002833 0.001276 0.000039 0.115652 0.000358
0.877543 0.003235 0.002841 0.001274 0.000034 0.114711 0.000360
0.878376 0.003367 0.002949 0.001297 0.000037 0.113619 0.000356
0.880032 0.003263 0.002814 0.001264 0.000034 0.112230 0.000362
0.880522 0.003429 0.002923 0.001324 0.000034 0.111409 0.000359
0.881502 0.003440 0.002973 0.001317 0.000034 0.110372 0.000363
0.882543 0.003526 0.003038 0.001340 0.000036 0.109154 0.000364
0.883534 0.003579 0.003085 0.001357 0.000034 0.108053 0.000357
0.884437 0.003588 0.003072 0.001363 0.000039 0.107147 0.000353
0.885699 0.003600 0.003070 0.001382 0.000037 0.105855 0.000356
0.886421 0.003617 0.003131 0.001391 0.000035 0.105045 0.000360
0.887382 0.003707 0.003140 0.001375 0.000037 0.104000 0.000359
0.887795 0.003842 0.003284 0.001417 0.000038 0.103261 0.000363
0.889172 0.003793 0.003234 0.001430 0.000033 0.101985 0.000354
0.889726 0.003790 0.003327 0.001465 0.000033 0.101299 0.000360
0.890905 0.003798 0.003296 0.001436 0.000033 0.100170 0.000361
0.891477 0.003796 0.003368 0.001467 0.000033 0.099503 0.000357
0.892372 0.003872 0.003422 0.001482 0.000035 0.098465 0.000353
0.893200 0.003939 0.003396 0.001486 0.000033 0.097585 0.000361
0.893890 0.004026 0.003439 0.001499 0.000035 0.096750 0.000361
0.894456 0.004133 0.003457 0.001552 0.000035 0.096008 0.000359
0.895356 0.004144 0.003503 0.001546 0.000033 0.095056 0.000361
0.896042 0.004239 0.003527 0.001545 0.000035 0.094254 0.000358
0.896500 0.004261 0.003558 0.001574 0.000035 0.093711 0.000361
0.897380 0.004272 0.003593 0.001631 0.000035 0.092725 0.000364
0.898040 0.004306 0.003597 0.001695 0.000037 0.091962 0.000363
0.898691 0.004418 0.003683 0.001718 0.000035 0.091100 0.000355
0.899315 0.004474 0.003719 0.001748 0.000037 0.090345 0.000363
0.899736 0.004588 0.003764 0.001754 0.000036 0.089757 0.000364
0.900089 0.004702 0.003837 0.001754 0.000037 0.089220 0.000361
0.942131 0.002267 0.001864 0.000842 0.000019 0.052656 0.000222
