0.328472 0.063786 0.057172 0.032681 0.002196 0.509353 0.006339 1.664618
0.330974 0.061498 0.057102 0.032402 0.002184 0.509470 0.006371 1.670706
0.334350 0.058490 0.057029 0.032078 0.002166 0.509480 0.006408 1.676663
0.338158 0.055450 0.056654 0.031647 0.002160 0.509496 0.006434 1.682209
0.342414 0.052312 0.056143 0.031121 0.002155 0.509389 0.006466 1.687436
0.346955 0.049263 0.055480 0.030487 0.002151 0.509166 0.006496 1.692295
0.351671 0.046232 0.054715 0.029844 0.002145 0.508869 0.006524 1.696965
0.356631 0.043151 0.053872 0.029137 0.002132 0.508526 0.006552 1.701438
0.361675 0.040412 0.052895 0.028327 0.002131 0.507978 0.006582 1.705534
0.366848 0.037816 0.051788 0.027551 0.002120 0.507272 0.006606 1.709347
0.372051 0.035319 0.050600 0.026680 0.002103 0.506606 0.006641 1.712966
0.377322 0.033084 0.049404 0.025879 0.002096 0.505551 0.006664 1.716265
0.382643 0.031021 0.048112 0.025033 0.002084 0.504420 0.006686 1.719369
0.387892 0.029010 0.046817 0.024177 0.002070 0.503328 0.006706 1.722324
0.393280 0.027214 0.045432 0.023270 0.002056 0.502011 0.006736 1.725024
0.398735 0.025504 0.044033 0.022459 0.002022 0.500475 0.006774 1.727604
0.404155 0.023887 0.042604 0.021617 0.002005 0.498932 0.006801 1.730040
0.409571 0.022392 0.041192 0.020780 0.001988 0.497249 0.006828 1.732344
0.415027 0.021017 0.039808 0.020007 0.001959 0.495331 0.006853 1.734489
0.420385 0.019730 0.038415 0.019223 0.001931 0.493437 0.006881 1.736524
0.425701 0.018552 0.037055 0.018476 0.001903 0.491403 0.006910 1.738452
0.431137 0.017433 0.035724 0.017709 0.001863 0.489197 0.006936 1.740257
0.436607 0.016439 0.034389 0.016968 0.001835 0.486801 0.006962 1.741920
0.442005 0.015517 0.033074 0.016245 0.001808 0.484357 0.006994 1.743479
0.447359 0.014701 0.031830 0.015541 0.001784 0.481765 0.007019 1.744961
0.452677 0.013922 0.030604 0.014911 0.001738 0.479101 0.007046 1.746357
0.458045 0.013200 0.029373 0.014290 0.001709 0.476314 0.007070 1.747684
0.463339 0.012551 0.028167 0.013649 0.001674 0.473526 0.007093 1.748920
0.468632 0.011934 0.027079 0.013073 0.001657 0.470512 0.007113 1.750110
0.473948 0.011367 0.025959 0.012499 0.001628 0.467467 0.007133 1.751244
0.479215 0.010839 0.024896 0.011909 0.001617 0.464373 0.007151 1.752313
0.484383 0.010390 0.023885 0.011390 0.001576 0.461199 0.007177 1.753337
0.489545 0.009936 0.022942 0.010930 0.001533 0.457914 0.007201 1.754329
0.494693 0.009486 0.022053 0.010441 0.001508 0.454598 0.007221 1.755273
0.499882 0.009046 0.021148 0.009985 0.001476 0.451221 0.007240 1.756216
0.504978 0.008690 0.020301 0.009564 0.001439 0.447764 0.007264 1.757063
0.510152 0.008337 0.019441 0.009174 0.001417 0.444201 0.007277 1.757911
0.515246 0.007997 0.018659 0.008798 0.001382 0.440623 0.007296 1.758721
0.520223 0.007728 0.017857 0.008426 0.001350 0.437103 0.007314 1.759456
0.525273 0.007453 0.017122 0.008070 0.001311 0.433436 0.007336 1.760166
0.530124 0.007251 0.016448 0.007707 0.001283 0.429834 0.007353 1.760854
0.535051 0.006946 0.015834 0.007376 0.001250 0.426176 0.007367 1.761588
0.539905 0.006691 0.015211 0.007053 0.001218 0.422538 0.007383 1.762282
0.544741 0.006459 0.014582 0.006781 0.001192 0.418844 0.007401 1.762927
0.549524 0.006294 0.013981 0.006513 0.001163 0.415106 0.007418 1.763536
0.554241 0.006079 0.013419 0.006216 0.001137 0.411472 0.007437 1.764181
0.558914 0.005900 0.012865 0.005945 0.001109 0.407813 0.007454 1.764779
0.563551 0.005772 0.012333 0.005690 0.001083 0.404103 0.007468 1.765339
0.568225 0.005597 0.011839 0.005474 0.001052 0.400329 0.007485 1.765914
0.572792 0.005430 0.011385 0.005252 0.001020 0.396620 0.007500 1.766457
0.577354 0.005262 0.010957 0.005050 0.000992 0.392874 0.007511 1.766988
0.581981 0.005166 0.010500 0.004858 0.000960 0.389012 0.007523 1.767469
0.586350 0.005062 0.010092 0.004679 0.000931 0.385349 0.007537 1.767961
0.590700 0.004922 0.009697 0.004527 0.000898 0.381708 0.007547 1.768469
0.595097 0.004802 0.009337 0.004371 0.000875 0.377955 0.007562 1.768940
0.599379 0.004694 0.008983 0.004214 0.000850 0.374304 0.007577 1.769397
0.603648 0.004584 0.008638 0.004083 0.000833 0.370629 0.007585 1.769862
0.607872 0.004495 0.008342 0.003944 0.000817 0.366938 0.007593 1.770308
0.612111 0.004394 0.008083 0.003808 0.000793 0.363207 0.007604 1.770762
0.616328 0.004312 0.007825 0.003694 0.000779 0.359448 0.007614 1.771194
0.620330 0.004246 0.007605 0.003569 0.000757 0.355868 0.007624 1.771628
0.624350 0.004184 0.007330 0.003450 0.000728 0.352322 0.007637 1.772056
0.628343 0.004120 0.007121 0.003326 0.000711 0.348738 0.007642 1.772475
0.632298 0.004026 0.006912 0.003232 0.000692 0.345188 0.007652 1.772892
0.636262 0.003951 0.006712 0.003126 0.000677 0.341616 0.007657 1.773295
0.640262 0.003881 0.006478 0.003027 0.000665 0.338027 0.007661 1.773686
0.644112 0.003817 0.006311 0.002947 0.000647 0.334501 0.007667 1.774069
0.648025 0.003757 0.006143 0.002855 0.000622 0.330919 0.007681 1.774434
0.651846 0.003689 0.005939 0.002768 0.000604 0.327465 0.007689 1.774807
0.655563 0.003625 0.005752 0.002704 0.000585 0.324073 0.007700 1.775178
0.659280 0.003575 0.005576 0.002638 0.000571 0.320654 0.007707 1.775533
0.663018 0.003519 0.005426 0.002546 0.000551 0.317224 0.007718 1.775879
0.666670 0.003467 0.005275 0.002468 0.000534 0.313862 0.007726 1.776219
0.670253 0.003474 0.005112 0.002397 0.000514 0.310514 0.007737 1.776534
0.673767 0.003439 0.005005 0.002338 0.000498 0.307210 0.007743 1.776874
0.677237 0.003398 0.004906 0.002279 0.000488 0.303945 0.007749 1.777215
0.680814 0.003327 0.004816 0.002258 0.000469 0.300559 0.007756 1.777578
0.684299 0.003302 0.004712 0.002190 0.000453 0.297280 0.007763 1.777901
0.687739 0.003289 0.004593 0.002132 0.000444 0.294034 0.007770 1.778223
0.691126 0.003266 0.004489 0.002083 0.000434 0.290829 0.007774 1.778548
0.694403 0.003270 0.004399 0.002014 0.000426 0.287708 0.007779 1.778860
0.697635 0.003256 0.004338 0.001962 0.000414 0.284611 0.007786 1.779176
0.700906 0.003254 0.004238 0.001930 0.000406 0.281473 0.007794 1.779477
0.704175 0.003220 0.004160 0.001893 0.000392 0.278360 0.007801 1.779789
0.707327 0.003213 0.004065 0.001846 0.000377 0.275365 0.007808 1.780104
0.710450 0.003202 0.003978 0.001824 0.000366 0.272369 0.007812 1.780423
0.713567 0.003167 0.003917 0.001806 0.000358 0.269370 0.007816 1.780738
0.716588 0.003154 0.003866 0.001773 0.000344 0.266452 0.007823 1.781054
0.719617 0.003153 0.003777 0.001757 0.000331 0.263536 0.007828 1.781357
0.722654 0.003134 0.003718 0.001727 0.000322 0.260612 0.007835 1.781657
0.725583 0.003086 0.003662 0.001720 0.000315 0.257796 0.007838 1.781973
0.728515 0.003089 0.003616 0.001705 0.000308 0.254926 0.007841 1.782279
0.731431 0.003071 0.003574 0.001691 0.000300 0.252089 0.007847 1.782597
0.734285 0.003054 0.003504 0.001671 0.000293 0.249342 0.007851 1.782903
0.737017 0.003075 0.003451 0.001643 0.000284 0.246675 0.007856 1.783183
0.739740 0.003065 0.003399 0.001632 0.000280 0.244027 0.007858 1.783475
0.742520 0.003023 0.003360 0.001595 0.000270 0.241369 0.007863 1.783776
0.745235 0.003047 0.003324 0.001579 0.000263 0.238685 0.007869 1.784065
0.747891 0.003059 0.003269 0.001567 0.000257 0.236085 0.007873 1.784346
0.750524 0.003042 0.003243 0.001542 0.000250 0.233524 0.007875 1.784653
0.753133 0.003042 0.003197 0.001529 0.000246 0.230977 0.007878 1.784938
0.755728 0.003056 0.003141 0.001523 0.000240 0.228429 0.007884 1.785219
0.758300 0.003049 0.003108 0.001496 0.000240 0.225921 0.007886 1.785512
0.760840 0.003058 0.003071 0.001490 0.000237 0.223417 0.007888 1.785796
0.763335 0.003037 0.003040 0.001479 0.000232 0.220987 0.007891 1.786095
0.765752 0.003039 0.002996 0.001454 0.000222 0.218642 0.007896 1.786369
0.768086 0.003022 0.002990 0.001457 0.000217 0.216330 0.007899 1.786685
0.770501 0.003062 0.002949 0.001447 0.000209 0.213930 0.007903 1.786956
0.772842 0.003040 0.002960 0.001465 0.000202 0.211586 0.007905 1.787283
0.775125 0.003024 0.002941 0.001463 0.000200 0.209343 0.007906 1.787586
0.777454 0.003032 0.002939 0.001461 0.000197 0.207011 0.007907 1.787887
0.779755 0.003033 0.002918 0.001464 0.000195 0.204727 0.007909 1.788177
0.782035 0.003045 0.002886 0.001462 0.000195 0.202466 0.007911 1.788470
0.784260 0.003020 0.002899 0.001474 0.000192 0.200241 0.007914 1.788796
0.786494 0.003037 0.002877 0.001477 0.000184 0.198015 0.007916 1.789082
0.788697 0.003044 0.002855 0.001482 0.000181 0.195823 0.007919 1.789377
0.790747 0.003075 0.002859 0.001472 0.000174 0.193752 0.007922 1.789686
0.792833 0.003090 0.002852 0.001463 0.000170 0.191670 0.007924 1.789979
0.794908 0.003095 0.002858 0.001461 0.000167 0.189586 0.007927 1.790300
0.796973 0.003106 0.002865 0.001456 0.000163 0.187507 0.007929 1.790612
0.798952 0.003131 0.002851 0.001465 0.000158 0.185512 0.007932 1.790916
0.800959 0.003159 0.002856 0.001442 0.000149 0.183499 0.007936 1.791213
0.802870 0.003172 0.002851 0.001432 0.000145 0.181590 0.007939 1.791518
0.804806 0.003179 0.002857 0.001420 0.000140 0.179656 0.007943 1.791818
0.806777 0.003194 0.002858 0.001404 0.000137 0.177686 0.007944 1.792107
0.808689 0.003196 0.002895 0.001408 0.000134 0.175730 0.007947 1.792426
0.810559 0.003190 0.002897 0.001396 0.000132 0.173878 0.007949 1.792743
0.812362 0.003217 0.002901 0.001398 0.000133 0.172040 0.007950 1.793041
0.814169 0.003226 0.002901 0.001383 0.000130 0.170239 0.007952 1.793358
0.815890 0.003245 0.002922 0.001408 0.000131 0.168450 0.007955 1.793688
0.817700 0.003268 0.002941 0.001400 0.000130 0.166605 0.007956 1.794010
0.819427 0.003300 0.002945 0.001398 0.000125 0.164848 0.007958 1.794330
0.821175 0.003275 0.002948 0.001410 0.000121 0.163108 0.007964 1.794664
0.822796 0.003292 0.002959 0.001414 0.000121 0.161453 0.007964 1.794997
0.824515 0.003301 0.002995 0.001422 0.000122 0.159679 0.007966 1.795340
0.826143 0.003322 0.003022 0.001434 0.000123 0.157989 0.007967 1.795661
0.827715 0.003376 0.003034 0.001460 0.000122 0.156326 0.007968 1.795983
0.829309 0.003397 0.003055 0.001460 0.000121 0.154688 0.007969 1.796334
0.830871 0.003432 0.003043 0.001472 0.000118 0.153094 0.007969 1.796660
0.832357 0.003485 0.003045 0.001467 0.000118 0.151558 0.007969 1.796987
0.833848 0.003510 0.003037 0.001498 0.000114 0.150020 0.007972 1.797335
0.835299 0.003559 0.003052 0.001485 0.000111 0.148520 0.007974 1.797672
0.836723 0.003591 0.003056 0.001497 0.000108 0.147048 0.007977 1.798031
0.838156 0.003624 0.003089 0.001508 0.000108 0.145537 0.007979 1.798389
0.839521 0.003660 0.003113 0.001516 0.000108 0.144102 0.007979 1.798738
0.840872 0.003683 0.003142 0.001537 0.000109 0.142678 0.007979 1.799117
0.842269 0.003676 0.003171 0.001551 0.000109 0.141244 0.007981 1.799478
0.843527 0.003708 0.003199 0.001570 0.000110 0.139905 0.007981 1.799855
0.844808 0.003793 0.003204 0.001574 0.000110 0.138528 0.007983 1.800200
0.846091 0.003848 0.003211 0.001592 0.000109 0.137164 0.007984 1.800581
0.847320 0.003876 0.003239 0.001608 0.000111 0.135861 0.007985 1.800966
0.848594 0.003925 0.003245 0.001598 0.000109 0.134543 0.007986 1.801332
0.849755 0.003995 0.003272 0.001603 0.000110 0.133277 0.007987 1.801704
0.850991 0.004042 0.003289 0.001616 0.000110 0.131964 0.007988 1.802077
0.852222 0.004089 0.003309 0.001622 0.000111 0.130658 0.007988 1.802456
0.853375 0.004106 0.003336 0.001651 0.000112 0.129431 0.007990 1.802875
0.854505 0.004148 0.003361 0.001673 0.000109 0.128213 0.007992 1.803268
0.855691 0.004164 0.003380 0.001687 0.000110 0.126974 0.007994 1.803664
0.856841 0.004225 0.003395 0.001688 0.000111 0.125745 0.007995 1.804058
0.857895 0.004262 0.003445 0.001692 0.000109 0.124601 0.007995 1.804484
0.858979 0.004326 0.003502 0.001702 0.000109 0.123385 0.007997 1.804905
0.860008 0.004374 0.003515 0.001721 0.000110 0.122274 0.007998 1.805307
0.860976 0.004465 0.003567 0.001715 0.000109 0.121167 0.008001 1.805721
0.861939 0.004502 0.003625 0.001739 0.000106 0.120089 0.008001 1.806177
0.862887 0.004557 0.003653 0.001777 0.000105 0.119020 0.008002 1.806627
0.863809 0.004606 0.003713 0.001801 0.000105 0.117963 0.008004 1.807094
0.864758 0.004684 0.003738 0.001805 0.000106 0.116904 0.008004 1.807524
0.865662 0.004743 0.003782 0.001818 0.000107 0.115884 0.008005 1.807979
0.866516 0.004809 0.003809 0.001833 0.000103 0.114924 0.008005 1.808430
0.867447 0.004822 0.003862 0.001857 0.000102 0.113903 0.008007 1.808908
0.868324 0.004838 0.003902 0.001876 0.000102 0.112949 0.008009 1.809399
0.869115 0.004881 0.003974 0.001907 0.000102 0.112009 0.008012 1.809891
0.869952 0.004938 0.003993 0.001899 0.000101 0.111103 0.008013 1.810359
0.870742 0.004997 0.004045 0.001936 0.000102 0.110165 0.008014 1.810847
0.871552 0.005066 0.004091 0.001976 0.000100 0.109197 0.008018 1.811347
0.872250 0.005152 0.004149 0.001986 0.000098 0.108345 0.008020 1.811835
0.872988 0.005164 0.004207 0.002040 0.000099 0.107480 0.008022 1.812373
0.873686 0.005226 0.004221 0.002070 0.000101 0.106673 0.008023 1.812882
0.874355 0.005329 0.004269 0.002073 0.000098 0.105851 0.008025 1.813384
0.875102 0.005364 0.004317 0.002087 0.000099 0.105004 0.008027 1.813912
0.875779 0.005389 0.004404 0.002110 0.000095 0.104195 0.008028 1.814475
0.876485 0.005452 0.004443 0.002122 0.000098 0.103373 0.008028 1.814994
0.877122 0.005480 0.004480 0.002148 0.000097 0.102645 0.008029 1.815559
0.877748 0.005530 0.004561 0.002174 0.000098 0.101858 0.008030 1.816129
0.878354 0.005625 0.004589 0.002182 0.000098 0.101120 0.008032 1.816658
0.878982 0.005675 0.004617 0.002186 0.000103 0.100406 0.008033 1.817196
0.879590 0.005764 0.004650 0.002220 0.000100 0.099642 0.008034 1.817743
0.880147 0.005826 0.004698 0.002256 0.000101 0.098936 0.008036 1.818315
0.880735 0.005887 0.004720 0.002282 0.000103 0.098236 0.008037 1.818874
0.881314 0.005860 0.004822 0.002326 0.000101 0.097538 0.008037 1.819513
0.881815 0.005934 0.004861 0.002357 0.000101 0.096894 0.008038 1.820088
0.882356 0.005956 0.004917 0.002373 0.000102 0.096258 0.008039 1.820685
0.882852 0.006001 0.004972 0.002388 0.000109 0.095638 0.008039 1.821287
0.883343 0.006075 0.004998 0.002403 0.000109 0.095030 0.008041 1.821853
0.883740 0.006189 0.005011 0.002439 0.000113 0.094467 0.008041 1.822425
0.884203 0.006212 0.005085 0.002449 0.000115 0.093895 0.008042 1.823042
0.884640 0.006253 0.005145 0.002483 0.000116 0.093319 0.008043 1.823685
0.885076 0.006323 0.005178 0.002515 0.000114 0.092747 0.008046 1.824286
0.885480 0.006366 0.005232 0.002537 0.000112 0.092225 0.008047 1.824926
0.885862 0.006438 0.005281 0.002569 0.000114 0.091687 0.008049 1.825555
0.886248 0.006489 0.005330 0.002613 0.000113 0.091156 0.008052 1.826214
0.886668 0.006548 0.005368 0.002661 0.000109 0.090592 0.008054 1.826849
0.887022 0.006591 0.005408 0.002702 0.000114 0.090108 0.008054 1.827503
0.887367 0.006680 0.005430 0.002735 0.000112 0.089620 0.008056 1.828141
0.887710 0.006793 0.005480 0.002756 0.000114 0.089090 0.008057 1.828776
0.887977 0.006923 0.005532 0.002760 0.000114 0.088635 0.008059 1.829438
0.888228 0.006998 0.005567 0.002787 0.000116 0.088242 0.008061 1.830106
0.888521 0.007051 0.005646 0.002806 0.000117 0.087797 0.008062 1.830793
0.888782 0.007116 0.005720 0.002849 0.000118 0.087351 0.008064 1.831508
0.889046 0.007212 0.005784 0.002855 0.000120 0.086919 0.008065 1.832187
0.889298 0.007299 0.005834 0.002900 0.000128 0.086475 0.008065 1.832892
0.889467 0.007368 0.005915 0.002956 0.000128 0.086099 0.008067 1.833635
0.889727 0.007439 0.005926 0.003017 0.000132 0.085690 0.008068 1.834354
0.889918 0.007539 0.005965 0.003053 0.000135 0.085320 0.008070 1.835070
0.890157 0.007605 0.006007 0.003071 0.000132 0.084955 0.008072 1.835792
0.890368 0.007726 0.006062 0.003058 0.000135 0.084579 0.008073 1.836491
0.890596 0.007769 0.006120 0.003070 0.000138 0.084232 0.008074 1.837228
0.890767 0.007777 0.006207 0.003114 0.000144 0.083917 0.008075 1.838016
0.890876 0.007864 0.006270 0.003141 0.000144 0.083628 0.008077 1.838771
0.891033 0.007969 0.006328 0.003134 0.000142 0.083316 0.008078 1.839499
0.891174 0.008018 0.006398 0.003162 0.000145 0.083022 0.008081 1.840274
0.891279 0.008103 0.006450 0.003182 0.000150 0.082753 0.008082 1.841069
0.891416 0.008172 0.006504 0.003218 0.000151 0.082453 0.008086 1.841853
0.891440 0.008261 0.006601 0.003248 0.000154 0.082208 0.008087 1.842659
0.891534 0.008306 0.006644 0.003266 0.000153 0.082007 0.008089 1.843466
0.891627 0.008361 0.006717 0.003328 0.000155 0.081720 0.008091 1.844282
0.891692 0.008392 0.006804 0.003340 0.000152 0.081526 0.008094 1.845137
0.891742 0.008429 0.006886 0.003361 0.000156 0.081330 0.008096 1.845981
0.891812 0.008420 0.007018 0.003395 0.000154 0.081102 0.008099 1.846857
0.891863 0.008472 0.007057 0.003423 0.000152 0.080933 0.008101 1.847688
0.891900 0.008573 0.007106 0.003455 0.000151 0.080712 0.008104 1.848524
0.891946 0.008607 0.007155 0.003462 0.000157 0.080568 0.008105 1.849358
0.892012 0.008620 0.007179 0.003502 0.000158 0.080419 0.008110 1.850222
0.892120 0.008626 0.007236 0.003543 0.000164 0.080200 0.008112 1.851086
0.892171 0.008642 0.007253 0.003556 0.000170 0.080093 0.008114 1.851939
0.892193 0.008736 0.007311 0.003552 0.000170 0.079922 0.008116 1.852779
0.892200 0.008782 0.007391 0.003566 0.000174 0.079770 0.008118 1.853646
0.892237 0.008822 0.007457 0.003577 0.000172 0.079614 0.008122 1.854523
0.892224 0.008891 0.007524 0.003609 0.000175 0.079453 0.008124 1.855386
0.892213 0.008936 0.007606 0.003612 0.000175 0.079330 0.008129 1.856275
0.892213 0.008972 0.007653 0.003630 0.000176 0.079222 0.008133 1.857168
0.892233 0.008999 0.007663 0.003674 0.000181 0.079116 0.008134 1.858054
0.892167 0.009115 0.007697 0.003698 0.000183 0.079002 0.008137 1.858920
0.892191 0.009127 0.007781 0.003712 0.000185 0.078865 0.008139 1.859837
0.892155 0.009209 0.007810 0.003713 0.000188 0.078784 0.008141 1.860727
0.892149 0.009264 0.007836 0.003746 0.000188 0.078674 0.008143 1.861622
0.892124 0.009288 0.007886 0.003777 0.000189 0.078591 0.008145 1.862525
0.892048 0.009334 0.007927 0.003807 0.000196 0.078542 0.008147 1.863437
0.891970 0.009410 0.007960 0.003850 0.000194 0.078467 0.008149 1.864341
0.891940 0.009442 0.008005 0.003888 0.000194 0.078381 0.008151 1.865260
0.891915 0.009482 0.008072 0.003921 0.000199 0.078257 0.008155 1.866184
0.891840 0.009508 0.008157 0.003940 0.000201 0.078200 0.008156 1.867142
0.891737 0.009550 0.008163 0.003975 0.000200 0.078218 0.008157 1.868077
0.891604 0.009596 0.008231 0.003982 0.000201 0.078228 0.008159 1.869036
0.891460 0.009643 0.008300 0.004035 0.000203 0.078197 0.008160 1.870001
0.891383 0.009720 0.008327 0.004030 0.000203 0.078173 0.008164 1.870919
0.891345 0.009694 0.008407 0.004067 0.000205 0.078115 0.008166 1.871890
0.891307 0.009719 0.008426 0.004110 0.000207 0.078064 0.008167 1.872841
0.891260 0.009763 0.008427 0.004126 0.000206 0.078047 0.008170 1.873768
0.891160 0.009769 0.008480 0.004193 0.000206 0.078022 0.008171 1.874742
0.891148 0.009750 0.008478 0.004193 0.000205 0.078052 0.008174 1.875692
0.891065 0.009794 0.008508 0.004207 0.000205 0.078043 0.008178 1.876650
0.890958 0.009813 0.008579 0.004228 0.000206 0.078036 0.008181 1.877620
0.890884 0.009893 0.008575 0.004229 0.000206 0.078031 0.008182 1.878524
0.890807 0.009963 0.008592 0.004246 0.000204 0.078005 0.008184 1.879466
0.890750 0.009993 0.008627 0.004262 0.000202 0.077980 0.008186 1.880408
0.890676 0.010026 0.008693 0.004271 0.000206 0.077941 0.008187 1.881382
0.890554 0.010015 0.008750 0.004268 0.000212 0.078012 0.008190 1.882371
0.890467 0.010009 0.008789 0.004290 0.000215 0.078038 0.008192 1.883375
0.890379 0.010073 0.008811 0.004277 0.000213 0.078052 0.008194 1.884335
0.890326 0.010070 0.008863 0.004286 0.000216 0.078043 0.008196 1.885317
0.890226 0.010101 0.008863 0.004303 0.000224 0.078086 0.008196 1.886307
0.890152 0.010088 0.008927 0.004314 0.000219 0.078099 0.008200 1.887314
0.890036 0.010122 0.008937 0.004329 0.000219 0.078152 0.008204 1.888306
0.889931 0.010116 0.008942 0.004349 0.000218 0.078233 0.008209 1.889291
0.889792 0.010121 0.008973 0.004369 0.000218 0.078314 0.008212 1.890318
0.889664 0.010103 0.009044 0.004390 0.000221 0.078365 0.008214 1.891344
0.889618 0.010126 0.009002 0.004415 0.000223 0.078402 0.008215 1.892322
0.889579 0.010126 0.009047 0.004422 0.000226 0.078385 0.008216 1.893310
0.889510 0.010148 0.009024 0.004422 0.000227 0.078449 0.008220 1.894281
0.889383 0.010233 0.009023 0.004394 0.000234 0.078511 0.008223 1.895246
0.889322 0.010222 0.009082 0.004364 0.000229 0.078555 0.008226 1.896239
0.889245 0.010233 0.009135 0.004375 0.000230 0.078555 0.008228 1.897238
0.889158 0.010223 0.009174 0.004371 0.000232 0.078614 0.008228 1.898265
0.889132 0.010201 0.009217 0.004397 0.000232 0.078590 0.008230 1.899275
0.889042 0.010218 0.009238 0.004397 0.000235 0.078637 0.008233 1.900269
0.888921 0.010243 0.009248 0.004398 0.000237 0.078718 0.008236 1.901252
0.888818 0.010319 0.009231 0.004369 0.000231 0.078793 0.008239 1.902202
0.888744 0.010272 0.009302 0.004414 0.000230 0.078797 0.008243 1.903234
0.888625 0.010313 0.009274 0.004389 0.000230 0.078924 0.008246 1.904229
0.888569 0.010292 0.009325 0.004399 0.000233 0.078935 0.008248 1.905251
0.888481 0.010283 0.009346 0.004415 0.000234 0.078991 0.008252 1.906253
0.888395 0.010262 0.009345 0.004415 0.000231 0.079100 0.008254 1.907282
0.888315 0.010266 0.009371 0.004414 0.000227 0.079149 0.008259 1.908269
0.888226 0.010243 0.009382 0.004426 0.000231 0.079231 0.008262 1.909300
0.888194 0.010232 0.009371 0.004446 0.000229 0.079265 0.008264 1.910291
0.888111 0.010257 0.009370 0.004471 0.000234 0.079289 0.008268 1.911287
0.888074 0.010211 0.009387 0.004505 0.000233 0.079320 0.008272 1.912308
0.888059 0.010205 0.009332 0.004513 0.000231 0.079384 0.008277 1.913268
0.887981 0.010151 0.009378 0.004509 0.000232 0.079468 0.008281 1.914307
0.887912 0.010124 0.009434 0.004512 0.000225 0.079508 0.008285 1.915320
0.887789 0.010184 0.009434 0.004497 0.000223 0.079587 0.008287 1.916293
0.887734 0.010177 0.009421 0.004465 0.000225 0.079690 0.008289 1.917275
0.887639 0.010165 0.009387 0.004473 0.000223 0.079820 0.008292 1.918289
0.887563 0.010142 0.009353 0.004461 0.000224 0.079962 0.008294 1.919276
0.887534 0.010059 0.009392 0.004467 0.000227 0.080025 0.008297 1.920317
0.887553 0.009972 0.009426 0.004478 0.000226 0.080045 0.008300 1.921358
0.887507 0.009971 0.009383 0.004482 0.000230 0.080126 0.008301 1.922308
0.887428 0.009974 0.009419 0.004487 0.000232 0.080158 0.008303 1.923298
0.887384 0.010007 0.009424 0.004473 0.000229 0.080174 0.008308 1.924257
0.887342 0.010017 0.009395 0.004463 0.000234 0.080240 0.008310 1.925230
0.887287 0.010027 0.009373 0.004465 0.000237 0.080296 0.008314 1.926193
0.887275 0.010024 0.009364 0.004454 0.000242 0.080325 0.008317 1.927158
0.887313 0.009986 0.009327 0.004472 0.000247 0.080336 0.008319 1.928134
0.887327 0.009954 0.009271 0.004480 0.000247 0.080399 0.008322 1.929115
0.887366 0.009875 0.009277 0.004493 0.000251 0.080414 0.008324 1.930113
0.887318 0.009867 0.009244 0.004489 0.000253 0.080504 0.008325 1.931079
0.887304 0.009863 0.009250 0.004469 0.000249 0.080536 0.008329 1.932023
0.887332 0.009813 0.009243 0.004470 0.000255 0.080554 0.008333 1.932993
0.887311 0.009812 0.009191 0.004478 0.000256 0.080617 0.008335 1.933934
0.887283 0.009808 0.009145 0.004457 0.000255 0.080715 0.008337 1.934871
0.887305 0.009758 0.009130 0.004469 0.000251 0.080748 0.008339 1.935829
0.887316 0.009735 0.009140 0.004451 0.000248 0.080770 0.008341 1.936797
0.887319 0.009684 0.009144 0.004439 0.000247 0.080819 0.008348 1.937767
0.887320 0.009684 0.009128 0.004408 0.000246 0.080862 0.008352 1.938689
0.887316 0.009676 0.009118 0.004375 0.000250 0.080912 0.008355 1.939621
0.887379 0.009627 0.009129 0.004363 0.000247 0.080895 0.008359 1.940583
0.887413 0.009653 0.009123 0.004378 0.000247 0.080824 0.008362 1.941495
0.887418 0.009617 0.009117 0.004333 0.000246 0.080905 0.008365 1.942440
0.887468 0.009549 0.009096 0.004340 0.000243 0.080938 0.008367 1.943417
0.887572 0.009440 0.009080 0.004350 0.000236 0.080953 0.008370 1.944387
0.887595 0.009424 0.009048 0.004360 0.000236 0.080965 0.008373 1.945308
0.887637 0.009403 0.009021 0.004353 0.000236 0.080976 0.008375 1.946246
0.887673 0.009374 0.009012 0.004338 0.000239 0.080987 0.008377 1.947186
0.887781 0.009335 0.008960 0.004314 0.000242 0.080989 0.008380 1.948082
0.887784 0.009334 0.008975 0.004299 0.000245 0.080984 0.008381 1.949004
0.887793 0.009298 0.008964 0.004268 0.000246 0.081044 0.008387 1.949934
0.887837 0.009308 0.008925 0.004263 0.000247 0.081030 0.008391 1.950834
0.887913 0.009291 0.008909 0.004252 0.000239 0.081003 0.008394 1.951743
0.887986 0.009263 0.008886 0.004236 0.000241 0.080995 0.008395 1.952649
0.888001 0.009251 0.008837 0.004246 0.000237 0.081030 0.008397 1.953554
0.888127 0.009203 0.008794 0.004244 0.000244 0.080987 0.008400 1.954456
0.888237 0.009201 0.008763 0.004239 0.000242 0.080915 0.008403 1.955336
0.888249 0.009177 0.008759 0.004232 0.000242 0.080935 0.008407 1.956250
0.888289 0.009115 0.008753 0.004206 0.000243 0.080983 0.008412 1.957163
0.888343 0.009141 0.008738 0.004181 0.000236 0.080948 0.008415 1.958019
0.888366 0.009109 0.008733 0.004188 0.000238 0.080950 0.008418 1.958930
0.888409 0.009076 0.008694 0.004187 0.000234 0.080980 0.008421 1.959834
0.888488 0.009055 0.008654 0.004178 0.000233 0.080969 0.008423 1.960700
0.888604 0.009001 0.008645 0.004166 0.000239 0.080921 0.008425 1.961586
0.888687 0.009024 0.008615 0.004131 0.000239 0.080875 0.008430 1.962430
0.888762 0.009011 0.008605 0.004140 0.000236 0.080813 0.008434 1.963338
0.888826 0.008985 0.008593 0.004168 0.000236 0.080757 0.008437 1.964241
0.888938 0.008968 0.008555 0.004149 0.000237 0.080712 0.008439 1.965114
0.889028 0.008969 0.008487 0.004139 0.000234 0.080702 0.008441 1.965970
0.889152 0.008964 0.008418 0.004134 0.000231 0.080658 0.008443 1.966822
0.889180 0.008967 0.008413 0.004125 0.000234 0.080635 0.008446 1.967699
0.889245 0.008935 0.008433 0.004144 0.000233 0.080561 0.008450 1.968596
0.889372 0.008904 0.008466 0.004118 0.000235 0.080454 0.008452 1.969479
0.889412 0.008940 0.008458 0.004112 0.000238 0.080385 0.008456 1.970344
0.889497 0.008916 0.008423 0.004105 0.000238 0.080364 0.008458 1.971206
0.889505 0.008905 0.008439 0.004094 0.000236 0.080361 0.008462 1.972086
0.889605 0.008851 0.008461 0.004112 0.000232 0.080273 0.008466 1.972980
0.889671 0.008815 0.008455 0.004091 0.000233 0.080264 0.008472 1.973863
0.889775 0.008809 0.008419 0.004076 0.000237 0.080211 0.008473 1.974722
0.889860 0.008827 0.008375 0.004061 0.000238 0.080162 0.008476 1.975560
0.889938 0.008818 0.008320 0.004034 0.000234 0.080178 0.008478 1.976395
0.890040 0.008774 0.008348 0.004051 0.000234 0.080072 0.008481 1.977271
0.890170 0.008792 0.008313 0.004017 0.000234 0.079991 0.008483 1.978085
0.890260 0.008742 0.008314 0.004014 0.000232 0.079953 0.008486 1.978972
0.890371 0.008692 0.008323 0.004024 0.000229 0.079874 0.008488 1.979831
0.890445 0.008657 0.008275 0.004043 0.000231 0.079860 0.008490 1.980694
0.890590 0.008615 0.008251 0.004022 0.000233 0.079798 0.008492 1.981544
0.890654 0.008585 0.008273 0.004023 0.000232 0.079740 0.008494 1.982432
0.890726 0.008592 0.008256 0.004007 0.000236 0.079686 0.008497 1.983284
0.890783 0.008590 0.008251 0.003990 0.000235 0.079651 0.008501 1.984112
0.890847 0.008595 0.008265 0.003979 0.000236 0.079576 0.008503 1.984952
0.890941 0.008610 0.008257 0.003954 0.000236 0.079497 0.008506 1.985775
0.891056 0.008614 0.008256 0.003949 0.000233 0.079384 0.008509 1.986607
0.891179 0.008583 0.008255 0.003939 0.000230 0.079304 0.008511 1.987454
0.891244 0.008630 0.008201 0.003915 0.000230 0.079266 0.008514 1.988258
0.891339 0.008601 0.008167 0.003913 0.000228 0.079234 0.008517 1.989080
0.891407 0.008585 0.008146 0.003907 0.000230 0.079205 0.008519 1.989940
0.891542 0.008562 0.008104 0.003897 0.000228 0.079146 0.008521 1.990766
0.891699 0.008547 0.008051 0.003884 0.000224 0.079072 0.008525 1.991588
0.891775 0.008559 0.008058 0.003860 0.000229 0.078995 0.008526 1.992435
0.891847 0.008567 0.008060 0.003851 0.000231 0.078917 0.008527 1.993269
0.891980 0.008493 0.008068 0.003834 0.000225 0.078868 0.008533 1.994117
0.892119 0.008442 0.008044 0.003852 0.000223 0.078784 0.008536 1.994941
0.892206 0.008429 0.008056 0.003846 0.000223 0.078700 0.008540 1.995777
0.892312 0.008368 0.008050 0.003861 0.000225 0.078642 0.008542 1.996625
0.892386 0.008382 0.008032 0.003811 0.000228 0.078619 0.008543 1.997433
0.892515 0.008374 0.008008 0.003817 0.000227 0.078514 0.008545 1.998234
0.892689 0.008351 0.008008 0.003839 0.000227 0.078339 0.008546 1.999047
0.892815 0.008355 0.007997 0.003836 0.000228 0.078221 0.008549 1.999859
0.892896 0.008323 0.008008 0.003820 0.000225 0.078177 0.008551 2.000686
0.893008 0.008291 0.007983 0.003812 0.000224 0.078129 0.008554 2.001503
0.893160 0.008214 0.007975 0.003806 0.000222 0.078066 0.008556 2.002339
0.893265 0.008233 0.007918 0.003794 0.000227 0.078005 0.008558 2.003119
0.893349 0.008200 0.007910 0.003772 0.000222 0.077985 0.008562 2.003936
0.893483 0.008183 0.007876 0.003772 0.000222 0.077900 0.008564 2.004725
0.893610 0.008132 0.007903 0.003751 0.000220 0.077819 0.008566 2.005531
0.893778 0.008102 0.007882 0.003726 0.000217 0.077724 0.008572 2.006327
0.893944 0.008023 0.007867 0.003713 0.000214 0.077665 0.008573 2.007148
0.894050 0.008030 0.007848 0.003688 0.000217 0.077592 0.008576 2.007927
0.894174 0.008002 0.007831 0.003668 0.000216 0.077531 0.008579 2.008739
0.894335 0.007964 0.007848 0.003645 0.000219 0.077408 0.008581 2.009521
0.894396 0.008021 0.007800 0.003636 0.000219 0.077346 0.008583 2.010281
0.894573 0.007972 0.007793 0.003622 0.000220 0.077232 0.008588 2.011067
0.894660 0.007971 0.007767 0.003639 0.000218 0.077155 0.008590 2.011862
0.894739 0.007970 0.007755 0.003612 0.000220 0.077112 0.008593 2.012657
0.894800 0.007985 0.007747 0.003613 0.000222 0.077038 0.008596 2.013458
0.894892 0.008016 0.007733 0.003589 0.000224 0.076948 0.008599 2.014222
0.895009 0.007984 0.007691 0.003595 0.000229 0.076893 0.008600 2.015016
0.895123 0.007992 0.007691 0.003606 0.000226 0.076760 0.008602 2.015788
0.895243 0.008019 0.007654 0.003602 0.000224 0.076654 0.008604 2.016545
0.895366 0.008037 0.007600 0.003606 0.000222 0.076563 0.008607 2.017322
0.895466 0.008040 0.007598 0.003576 0.000222 0.076490 0.008609 2.018096
0.895580 0.008034 0.007610 0.003589 0.000218 0.076359 0.008611 2.018889
0.895668 0.008008 0.007618 0.003572 0.000217 0.076306 0.008613 2.019697
0.895749 0.008039 0.007614 0.003574 0.000219 0.076190 0.008616 2.020476
0.895836 0.008050 0.007638 0.003573 0.000217 0.076067 0.008619 2.021271
0.895884 0.008047 0.007652 0.003556 0.000217 0.076022 0.008621 2.022074
0.895957 0.008060 0.007647 0.003581 0.000210 0.075923 0.008623 2.022869
0.896002 0.008075 0.007648 0.003592 0.000208 0.075849 0.008626 2.023661
0.896079 0.008046 0.007649 0.003592 0.000208 0.075798 0.008628 2.024483
0.896154 0.008047 0.007674 0.003588 0.000209 0.075699 0.008630 2.025306
0.896216 0.008029 0.007690 0.003581 0.000208 0.075643 0.008633 2.026125
0.896277 0.008082 0.007637 0.003562 0.000205 0.075600 0.008638 2.026876
0.896369 0.008081 0.007599 0.003569 0.000207 0.075536 0.008642 2.027663
0.896473 0.008031 0.007611 0.003577 0.000209 0.075457 0.008643 2.028486
0.896529 0.008082 0.007585 0.003559 0.000216 0.075386 0.008644 2.029233
0.896563 0.008140 0.007555 0.003549 0.000216 0.075333 0.008645 2.029999
0.896612 0.008158 0.007525 0.003527 0.000213 0.075317 0.008649 2.030780
0.896710 0.008165 0.007542 0.003532 0.000211 0.075187 0.008653 2.031569
0.896780 0.008169 0.007563 0.003513 0.000213 0.075109 0.008654 2.032357
0.896863 0.008198 0.007570 0.003508 0.000214 0.074990 0.008657 2.033114
0.896943 0.008177 0.007617 0.003517 0.000215 0.074873 0.008659 2.033938
0.896975 0.008185 0.007607 0.003519 0.000217 0.074838 0.008660 2.034728
0.897066 0.008199 0.007607 0.003519 0.000215 0.074730 0.008665 2.035504
0.897135 0.008168 0.007649 0.003503 0.000216 0.074662 0.008667 2.036312
0.897226 0.008140 0.007668 0.003508 0.000208 0.074577 0.008672 2.037131
0.897290 0.008195 0.007614 0.003503 0.000203 0.074520 0.008675 2.037869
0.897392 0.008197 0.007600 0.003505 0.000198 0.074430 0.008678 2.038645
0.897466 0.008185 0.007585 0.003523 0.000197 0.074365 0.008680 2.039453
0.897536 0.008168 0.007584 0.003512 0.000195 0.074324 0.008682 2.040274
0.897606 0.008156 0.007589 0.003536 0.000195 0.074234 0.008685 2.041080
0.897658 0.008166 0.007607 0.003518 0.000197 0.074167 0.008687 2.041870
0.897728 0.008199 0.007598 0.003508 0.000200 0.074078 0.008689 2.042655
0.897799 0.008188 0.007626 0.003500 0.000202 0.073995 0.008691 2.043460
0.897840 0.008197 0.007648 0.003498 0.000200 0.073926 0.008693 2.044257
0.897905 0.008241 0.007633 0.003493 0.000197 0.073835 0.008696 2.045033
0.897934 0.008231 0.007645 0.003507 0.000200 0.073787 0.008698 2.045845
0.898018 0.008206 0.007619 0.003538 0.000200 0.073719 0.008700 2.046645
0.898056 0.008233 0.007625 0.003542 0.000200 0.073641 0.008704 2.047450
0.898122 0.008194 0.007649 0.003546 0.000204 0.073581 0.008706 2.048289
0.898154 0.008216 0.007635 0.003528 0.000203 0.073558 0.008707 2.049059
0.898239 0.008185 0.007644 0.003560 0.000206 0.073457 0.008710 2.049887
0.898314 0.008145 0.007671 0.003583 0.000200 0.073376 0.008711 2.050685
0.898349 0.008196 0.007665 0.003584 0.000197 0.073295 0.008713 2.051452
0.898358 0.008169 0.007703 0.003560 0.000198 0.073296 0.008716 2.052284
0.898408 0.008147 0.007711 0.003579 0.000194 0.073240 0.008721 2.053087
0.898440 0.008185 0.007669 0.003588 0.000192 0.073202 0.008724 2.053889
0.898468 0.008229 0.007624 0.003609 0.000193 0.073152 0.008725 2.054676
0.898479 0.008242 0.007641 0.003615 0.000193 0.073104 0.008727 2.055476
0.898485 0.008227 0.007672 0.003612 0.000192 0.073081 0.008731 2.056302
0.898553 0.008209 0.007656 0.003627 0.000192 0.073032 0.008733 2.057111
0.898574 0.008229 0.007682 0.003614 0.000194 0.072974 0.008735 2.057902
0.898621 0.008230 0.007638 0.003603 0.000193 0.072977 0.008738 2.058686
0.898653 0.008167 0.007654 0.003589 0.000194 0.073002 0.008741 2.059505
0.898630 0.008182 0.007656 0.003594 0.000196 0.073002 0.008742 2.060320
0.898637 0.008171 0.007662 0.003629 0.000198 0.072960 0.008744 2.061155
0.898706 0.008180 0.007632 0.003647 0.000200 0.072888 0.008747 2.061953
0.898749 0.008191 0.007649 0.003641 0.000203 0.072817 0.008749 2.062750
0.898822 0.008210 0.007652 0.003628 0.000203 0.072733 0.008752 2.063526
0.898871 0.008201 0.007649 0.003649 0.000199 0.072675 0.008756 2.064335
0.898912 0.008182 0.007681 0.003650 0.000201 0.072617 0.008758 2.065155
0.898969 0.008181 0.007682 0.003672 0.000205 0.072530 0.008761 2.065948
0.899070 0.008139 0.007681 0.003672 0.000204 0.072468 0.008765 2.066764
0.899166 0.008110 0.007705 0.003649 0.000201 0.072403 0.008767 2.067570
0.899168 0.008145 0.007693 0.003631 0.000199 0.072393 0.008770 2.068358
0.899254 0.008118 0.007653 0.003618 0.000199 0.072385 0.008772 2.069138
0.899269 0.008171 0.007640 0.003620 0.000199 0.072326 0.008775 2.069931
0.899278 0.008222 0.007647 0.003622 0.000201 0.072251 0.008777 2.070717
0.899286 0.008240 0.007621 0.003636 0.000200 0.072238 0.008780 2.071544
0.899267 0.008282 0.007628 0.003647 0.000203 0.072190 0.008783 2.072341
0.899284 0.008319 0.007605 0.003656 0.000201 0.072149 0.008786 2.073146
0.899312 0.008336 0.007592 0.003679 0.000198 0.072095 0.008788 2.073961
0.899348 0.008335 0.007612 0.003686 0.000201 0.072029 0.008790 2.074785
0.899370 0.008338 0.007612 0.003684 0.000201 0.072002 0.008792 2.075603
0.899447 0.008272 0.007621 0.003706 0.000200 0.071958 0.008796 2.076441
0.899443 0.008299 0.007633 0.003690 0.000200 0.071939 0.008798 2.077250
0.899439 0.008310 0.007608 0.003706 0.000202 0.071935 0.008801 2.078059
0.899437 0.008306 0.007632 0.003699 0.000204 0.071917 0.008804 2.078892
0.899400 0.008277 0.007674 0.003689 0.000205 0.071949 0.008807 2.079743
0.899390 0.008289 0.007715 0.003687 0.000208 0.071904 0.008807 2.080568
0.899387 0.008304 0.007715 0.003691 0.000210 0.071885 0.008809 2.081378
0.899381 0.008335 0.007726 0.003714 0.000209 0.071824 0.008812 2.082189
0.899344 0.008347 0.007729 0.003718 0.000205 0.071840 0.008818 2.083024
0.899336 0.008376 0.007750 0.003717 0.000211 0.071790 0.008819 2.083840
0.899350 0.008401 0.007748 0.003679 0.000211 0.071790 0.008821 2.084649
0.899345 0.008376 0.007768 0.003688 0.000211 0.071789 0.008823 2.085497
0.899375 0.008355 0.007749 0.003711 0.000211 0.071775 0.008824 2.086322
0.899354 0.008357 0.007763 0.003700 0.000215 0.071784 0.008827 2.087143
0.899319 0.008405 0.007742 0.003713 0.000213 0.071777 0.008829 2.087947
0.899356 0.008422 0.007725 0.003733 0.000214 0.071720 0.008831 2.088760
0.899322 0.008480 0.007719 0.003710 0.000212 0.071724 0.008834 2.089558
0.899314 0.008500 0.007729 0.003713 0.000215 0.071694 0.008835 2.090388
0.899312 0.008553 0.007725 0.003707 0.000215 0.071652 0.008837 2.091177
0.899325 0.008546 0.007744 0.003705 0.000217 0.071625 0.008838 2.092027
0.899304 0.008543 0.007758 0.003729 0.000217 0.071608 0.008842 2.092864
0.899255 0.008544 0.007770 0.003748 0.000219 0.071621 0.008843 2.093704
0.899288 0.008493 0.007787 0.003768 0.000218 0.071600 0.008846 2.094558
0.899265 0.008487 0.007815 0.003770 0.000220 0.071595 0.008849 2.095403
0.899295 0.008481 0.007825 0.003767 0.000222 0.071559 0.008851 2.096231
0.899296 0.008490 0.007806 0.003737 0.000224 0.071594 0.008853 2.097053
0.899269 0.008511 0.007798 0.003733 0.000223 0.071612 0.008854 2.097873
0.899309 0.008492 0.007809 0.003730 0.000221 0.071580 0.008858 2.098719
0.899303 0.008476 0.007837 0.003758 0.000222 0.071545 0.008860 2.099567
0.899317 0.008472 0.007829 0.003762 0.000219 0.071537 0.008864 2.100378
0.899329 0.008471 0.007815 0.003773 0.000216 0.071531 0.008867 2.101210
0.899316 0.008479 0.007853 0.003754 0.000222 0.071507 0.008869 2.102059
0.899349 0.008421 0.007867 0.003771 0.000223 0.071498 0.008872 2.102925
0.899305 0.008461 0.007840 0.003760 0.000219 0.071539 0.008876 2.103729
0.899298 0.008488 0.007840 0.003757 0.000222 0.071519 0.008877 2.104553
0.899268 0.008490 0.007835 0.003771 0.000224 0.071533 0.008880 2.105380
0.899301 0.008482 0.007829 0.003769 0.000224 0.071513 0.008882 2.106219
0.899300 0.008497 0.007825 0.003744 0.000228 0.071523 0.008884 2.107042
0.899301 0.008471 0.007848 0.003722 0.000228 0.071543 0.008887 2.107873
0.899277 0.008475 0.007854 0.003742 0.000218 0.071545 0.008889 2.108707
0.899274 0.008445 0.007906 0.003760 0.000216 0.071510 0.008891 2.109587
0.899290 0.008407 0.007908 0.003773 0.000214 0.071515 0.008894 2.110443
0.899306 0.008414 0.007899 0.003754 0.000210 0.071520 0.008897 2.111264
0.899313 0.008460 0.007904 0.003724 0.000209 0.071490 0.008899 2.112072
0.899309 0.008445 0.007881 0.003727 0.000215 0.071523 0.008901 2.112918
0.899232 0.008466 0.007867 0.003727 0.000211 0.071591 0.008906 2.113754
0.899239 0.008446 0.007902 0.003709 0.000211 0.071586 0.008908 2.114602
0.899204 0.008487 0.007902 0.003677 0.000208 0.071613 0.008910 2.115422
0.899188 0.008454 0.007937 0.003670 0.000206 0.071633 0.008913 2.116279
0.899119 0.008479 0.007938 0.003667 0.000214 0.071668 0.008914 2.117115
0.899073 0.008511 0.007916 0.003650 0.000210 0.071722 0.008918 2.117943
0.899068 0.008516 0.007909 0.003645 0.000212 0.071732 0.008919 2.118771
0.899053 0.008531 0.007924 0.003666 0.000212 0.071693 0.008920 2.119617
0.899033 0.008487 0.007934 0.003699 0.000213 0.071711 0.008924 2.120478
0.899012 0.008502 0.007895 0.003709 0.000214 0.071742 0.008926 2.121305
0.899003 0.008509 0.007891 0.003717 0.000213 0.071738 0.008929 2.122164
0.898980 0.008554 0.007867 0.003700 0.000219 0.071749 0.008932 2.122958
0.899001 0.008530 0.007881 0.003708 0.000225 0.071720 0.008934 2.123810
0.898993 0.008527 0.007890 0.003712 0.000229 0.071713 0.008936 2.124648
0.899000 0.008534 0.007864 0.003715 0.000228 0.071720 0.008938 2.125461
0.898956 0.008574 0.007893 0.003706 0.000224 0.071707 0.008940 2.126301
0.898947 0.008580 0.007880 0.003705 0.000223 0.071721 0.008944 2.127124
0.898917 0.008560 0.007858 0.003732 0.000218 0.071769 0.008948 2.127969
0.898924 0.008493 0.007902 0.003734 0.000219 0.071779 0.008950 2.128860
0.898965 0.008488 0.007876 0.003732 0.000217 0.071768 0.008954 2.129676
