0.341406 0.063411 0.056402 0.032447 0.002133 0.497989 0.006213 1.630843
0.341947 0.062929 0.056264 0.032354 0.002137 0.498134 0.006235 1.636974
0.342765 0.062209 0.056196 0.032278 0.002133 0.498158 0.006260 1.643134
0.343743 0.061429 0.056074 0.032165 0.002130 0.498174 0.006285 1.649180
0.344843 0.060482 0.055872 0.031971 0.002144 0.498375 0.006312 1.655208
0.346108 0.059663 0.055700 0.031750 0.002152 0.498293 0.006334 1.661079
0.347523 0.058743 0.055494 0.031702 0.002152 0.498019 0.006366 1.666937
0.348788 0.057990 0.055213 0.031456 0.002149 0.498007 0.006397 1.672621
0.350280 0.057035 0.055023 0.031181 0.002162 0.497895 0.006425 1.678329
0.351772 0.056285 0.054710 0.030891 0.002159 0.497730 0.006453 1.683907
0.353183 0.055563 0.054372 0.030634 0.002165 0.497607 0.006477 1.689421
0.354682 0.055002 0.053905 0.030295 0.002163 0.497446 0.006507 1.694748
0.356257 0.054250 0.053503 0.030101 0.002156 0.497200 0.006533 1.700138
0.357821 0.053665 0.053127 0.029736 0.002145 0.496945 0.006561 1.705410
0.359178 0.053166 0.052789 0.029454 0.002132 0.496696 0.006583 1.710690
0.360831 0.052614 0.052333 0.029222 0.002119 0.496271 0.006609 1.715890
0.362455 0.052108 0.051936 0.028940 0.002100 0.495829 0.006633 1.721095
0.364008 0.051731 0.051485 0.028627 0.002092 0.495395 0.006661 1.726160
0.365594 0.051375 0.051079 0.028480 0.002076 0.494702 0.006693 1.731176
0.367134 0.050982 0.050689 0.028287 0.002073 0.494116 0.006718 1.736193
0.368590 0.050609 0.050333 0.028028 0.002063 0.493633 0.006744 1.741221
0.370001 0.050330 0.049924 0.027810 0.002048 0.493114 0.006773 1.746193
0.371525 0.050129 0.049576 0.027522 0.002044 0.492407 0.006796 1.751080
0.373140 0.049824 0.049251 0.027317 0.002026 0.491622 0.006819 1.755989
0.374586 0.049602 0.048959 0.027085 0.002026 0.490897 0.006844 1.760868
0.376108 0.049483 0.048588 0.026825 0.002006 0.490119 0.006872 1.765630
0.377565 0.049221 0.048222 0.026664 0.002005 0.489427 0.006895 1.770555
0.379063 0.048992 0.047886 0.026530 0.001991 0.488619 0.006919 1.775471
0.380604 0.048721 0.047637 0.026332 0.001967 0.487790 0.006950 1.780270
0.382115 0.048543 0.047277 0.026150 0.001960 0.486980 0.006976 1.785057
0.383493 0.048434 0.046968 0.025996 0.001959 0.486158 0.006993 1.789806
0.384983 0.048332 0.046713 0.025880 0.001935 0.485140 0.007018 1.794563
0.386399 0.048297 0.046437 0.025774 0.001924 0.484127 0.007042 1.799300
0.387774 0.048299 0.046118 0.025642 0.001920 0.483182 0.007065 1.803980
0.389122 0.048216 0.045889 0.025478 0.001915 0.482286 0.007094 1.808679
0.390506 0.048215 0.045621 0.025316 0.001908 0.481317 0.007117 1.813368
0.391955 0.048146 0.045403 0.025200 0.001897 0.480256 0.007142 1.818050
0.393256 0.048187 0.045213 0.025081 0.001891 0.479203 0.007169 1.822790
0.394656 0.048207 0.044963 0.024980 0.001878 0.478121 0.007195 1.827462
0.395956 0.048200 0.044696 0.024943 0.001865 0.477122 0.007217 1.832183
0.397200 0.048140 0.044576 0.024839 0.001849 0.476157 0.007240 1.836973
0.398359 0.048171 0.044430 0.024790 0.001834 0.475153 0.007263 1.841690
0.399564 0.048298 0.044319 0.024756 0.001841 0.473939 0.007285 1.846388
0.400691 0.048286 0.044127 0.024659 0.001831 0.473093 0.007315 1.851102
0.401842 0.048371 0.044041 0.024609 0.001818 0.471975 0.007343 1.855813
0.402991 0.048283 0.043945 0.024570 0.001802 0.471044 0.007366 1.860618
0.404117 0.048238 0.043861 0.024505 0.001799 0.470094 0.007385 1.865400
0.405351 0.048151 0.043787 0.024458 0.001802 0.469044 0.007408 1.870222
0.406394 0.048270 0.043667 0.024401 0.001815 0.468024 0.007429 1.874945
0.407421 0.048419 0.043517 0.024328 0.001788 0.467071 0.007457 1.879607
0.408386 0.048464 0.043429 0.024381 0.001768 0.466097 0.007477 1.884403
0.409462 0.048532 0.043379 0.024348 0.001749 0.465031 0.007500 1.889176
0.410374 0.048578 0.043247 0.024352 0.001732 0.464190 0.007528 1.893956
0.411264 0.048776 0.043205 0.024278 0.001721 0.463200 0.007556 1.898694
0.412347 0.048756 0.043179 0.024238 0.001714 0.462188 0.007580 1.903490
0.413283 0.048698 0.043177 0.024215 0.001699 0.461328 0.007599 1.908295
0.414188 0.048737 0.043113 0.024219 0.001703 0.460425 0.007617 1.913137
0.415078 0.048806 0.043110 0.024218 0.001686 0.459469 0.007635 1.917972
0.415852 0.048912 0.043064 0.024209 0.001678 0.458629 0.007655 1.922806
0.416684 0.049016 0.043066 0.024185 0.001660 0.457710 0.007679 1.927614
0.417588 0.049050 0.043097 0.024190 0.001668 0.456707 0.007699 1.932373
0.418242 0.049244 0.043018 0.024205 0.001658 0.455912 0.007721 1.937120
0.419064 0.049218 0.043029 0.024222 0.001658 0.455070 0.007739 1.942022
0.419871 0.049308 0.043012 0.024228 0.001637 0.454180 0.007764 1.946836
0.420624 0.049422 0.042887 0.024231 0.001633 0.453417 0.007786 1.951599
0.421364 0.049433 0.042957 0.024284 0.001641 0.452513 0.007807 1.956515
0.422059 0.049566 0.042946 0.024231 0.001636 0.451735 0.007827 1.961317
0.422795 0.049499 0.043070 0.024236 0.001633 0.450918 0.007848 1.966251
0.423617 0.049416 0.043159 0.024296 0.001635 0.450014 0.007864 1.971186
0.424487 0.049366 0.043224 0.024293 0.001616 0.449125 0.007891 1.976035
0.425141 0.049375 0.043217 0.024298 0.001617 0.448442 0.007909 1.980895
0.425897 0.049408 0.043128 0.024314 0.001610 0.447712 0.007931 1.985709
0.426625 0.049396 0.043150 0.024348 0.001597 0.446932 0.007952 1.990626
0.427287 0.049384 0.043154 0.024329 0.001603 0.446272 0.007971 1.995478
0.427910 0.049363 0.043324 0.024365 0.001603 0.445444 0.007990 2.000405
0.428603 0.049390 0.043316 0.024347 0.001616 0.444719 0.008009 2.005267
0.429125 0.049586 0.043302 0.024304 0.001618 0.444032 0.008034 2.010106
0.429796 0.049631 0.043333 0.024247 0.001628 0.443311 0.008054 2.014936
0.430329 0.049709 0.043278 0.024241 0.001621 0.442743 0.008078 2.019779
0.430946 0.049731 0.043358 0.024309 0.001619 0.441945 0.008091 2.024691
0.431555 0.049733 0.043442 0.024318 0.001614 0.441228 0.008111 2.029615
0.432076 0.049733 0.043540 0.024396 0.001613 0.440513 0.008130 2.034561
0.432698 0.049724 0.043593 0.024432 0.001614 0.439791 0.008149 2.039513
0.433261 0.049739 0.043531 0.024502 0.001615 0.439181 0.008171 2.044395
0.433703 0.049775 0.043606 0.024607 0.001613 0.438499 0.008196 2.049342
0.434303 0.049924 0.043593 0.024568 0.001607 0.437790 0.008215 2.054163
0.434815 0.049904 0.043710 0.024593 0.001615 0.437128 0.008234 2.059111
0.435327 0.050014 0.043704 0.024497 0.001625 0.436579 0.008254 2.063950
0.435815 0.050053 0.043764 0.024551 0.001621 0.435924 0.008272 2.068913
0.436232 0.050246 0.043719 0.024509 0.001614 0.435386 0.008294 2.073748
0.436686 0.050383 0.043780 0.024485 0.001619 0.434733 0.008313 2.078645
0.437124 0.050507 0.043798 0.024441 0.001626 0.434172 0.008332 2.083545
0.437522 0.050656 0.043837 0.024465 0.001624 0.433539 0.008358 2.088440
0.437926 0.050784 0.043873 0.024455 0.001633 0.432954 0.008377 2.093366
0.438206 0.050886 0.043945 0.024490 0.001636 0.432441 0.008396 2.098341
0.438564 0.050913 0.043962 0.024483 0.001637 0.432025 0.008415 2.103290
0.438953 0.051006 0.043910 0.024494 0.001643 0.431557 0.008436 2.108231
0.439208 0.051082 0.043985 0.024463 0.001659 0.431155 0.008448 2.113191
0.439521 0.051006 0.044032 0.024594 0.001653 0.430726 0.008470 2.118293
0.439902 0.050972 0.044088 0.024661 0.001643 0.430245 0.008490 2.123321
0.440153 0.050977 0.044235 0.024615 0.001628 0.429884 0.008508 2.128311
0.440487 0.050950 0.044252 0.024633 0.001623 0.429528 0.008528 2.133334
0.440858 0.050887 0.044355 0.024635 0.001620 0.429100 0.008545 2.138352
0.441195 0.050929 0.044419 0.024627 0.001628 0.428638 0.008562 2.143347
0.441484 0.051015 0.044382 0.024706 0.001632 0.428192 0.008587 2.148322
0.441813 0.051030 0.044450 0.024755 0.001626 0.427722 0.008605 2.153358
0.442175 0.051083 0.044452 0.024745 0.001618 0.427303 0.008624 2.158318
0.442313 0.051186 0.044529 0.024706 0.001620 0.427003 0.008645 2.163317
0.442604 0.051116 0.044584 0.024768 0.001626 0.426636 0.008668 2.168327
0.442871 0.051119 0.044654 0.024849 0.001632 0.426186 0.008691 2.173395
0.443129 0.051153 0.044763 0.024802 0.001635 0.425810 0.008709 2.178417
0.443493 0.051159 0.044783 0.024862 0.001633 0.425340 0.008730 2.183407
0.443910 0.051159 0.044798 0.024872 0.001636 0.424878 0.008747 2.188357
0.444127 0.051335 0.044694 0.024868 0.001637 0.424575 0.008764 2.193255
0.444400 0.051319 0.044757 0.024857 0.001651 0.424235 0.008781 2.198312
0.444648 0.051411 0.044790 0.024854 0.001651 0.423845 0.008801 2.203276
0.445019 0.051387 0.044813 0.024870 0.001652 0.423433 0.008825 2.208229
0.445271 0.051402 0.044752 0.024916 0.001647 0.423162 0.008850 2.213236
0.445556 0.051409 0.044801 0.024890 0.001639 0.422833 0.008874 2.218229
0.445909 0.051216 0.044796 0.025042 0.001623 0.422522 0.008894 2.223336
0.446350 0.051091 0.044849 0.025019 0.001611 0.422163 0.008918 2.228392
0.446606 0.051059 0.044935 0.024977 0.001610 0.421870 0.008943 2.233417
0.446788 0.051106 0.044910 0.024953 0.001612 0.421675 0.008955 2.238419
0.447191 0.051040 0.044944 0.024966 0.001599 0.421285 0.008975 2.243379
0.447540 0.051042 0.044893 0.024970 0.001594 0.420971 0.008991 2.248354
0.447864 0.051002 0.044931 0.024944 0.001594 0.420657 0.009010 2.253350
0.448260 0.050921 0.044930 0.024990 0.001596 0.420276 0.009027 2.258353
0.448436 0.050967 0.044928 0.025040 0.001587 0.419990 0.009051 2.263348
0.448836 0.050907 0.044871 0.025048 0.001594 0.419675 0.009068 2.268326
0.449235 0.050884 0.044895 0.025002 0.001590 0.419309 0.009088 2.273311
0.449533 0.050769 0.044912 0.024957 0.001588 0.419135 0.009107 2.278359
0.449643 0.050794 0.044811 0.024994 0.001577 0.419049 0.009131 2.283371
0.449969 0.050838 0.044766 0.024964 0.001585 0.418729 0.009150 2.288310
0.450204 0.050804 0.044774 0.024958 0.001587 0.418504 0.009169 2.293343
0.450351 0.050854 0.044700 0.024974 0.001580 0.418350 0.009192 2.298309
0.450560 0.050790 0.044723 0.024983 0.001585 0.418148 0.009211 2.303323
0.450711 0.050905 0.044696 0.025011 0.001588 0.417857 0.009234 2.308302
0.450928 0.050891 0.044700 0.024963 0.001589 0.417675 0.009256 2.313316
0.451128 0.050889 0.044652 0.025007 0.001581 0.417467 0.009277 2.318275
0.451405 0.050919 0.044661 0.025020 0.001581 0.417117 0.009297 2.323239
0.451565 0.050976 0.044673 0.024994 0.001568 0.416900 0.009323 2.328207
0.451806 0.050905 0.044737 0.025046 0.001565 0.416592 0.009349 2.333253
0.451997 0.050880 0.044690 0.025022 0.001573 0.416471 0.009368 2.338232
0.452255 0.050824 0.044757 0.025004 0.001589 0.416187 0.009385 2.343277
0.452634 0.050708 0.044654 0.025044 0.001594 0.415969 0.009396 2.348289
0.452805 0.050730 0.044718 0.024985 0.001603 0.415743 0.009416 2.353262
0.453180 0.050572 0.044781 0.024945 0.001603 0.415489 0.009430 2.358256
0.453394 0.050652 0.044710 0.024950 0.001608 0.415236 0.009449 2.363160
0.453661 0.050656 0.044721 0.024910 0.001602 0.414983 0.009469 2.368070
0.453961 0.050597 0.044648 0.024889 0.001608 0.414810 0.009487 2.373039
0.454197 0.050563 0.044691 0.024905 0.001601 0.414536 0.009506 2.377990
0.454462 0.050580 0.044715 0.024872 0.001599 0.414244 0.009527 2.382900
0.454757 0.050556 0.044626 0.024880 0.001605 0.414028 0.009549 2.387863
0.454957 0.050541 0.044672 0.024813 0.001608 0.413840 0.009571 2.392872
0.455169 0.050610 0.044569 0.024798 0.001614 0.413656 0.009585 2.397772
0.455380 0.050572 0.044526 0.024722 0.001626 0.413569 0.009605 2.402732
0.455476 0.050643 0.044535 0.024724 0.001622 0.413374 0.009624 2.407693
0.455725 0.050555 0.044462 0.024852 0.001621 0.413147 0.009639 2.412729
0.455963 0.050426 0.044493 0.024893 0.001619 0.412946 0.009659 2.417765
0.456249 0.050486 0.044499 0.024860 0.001642 0.412591 0.009674 2.422651
0.456491 0.050527 0.044532 0.024836 0.001654 0.412267 0.009694 2.427596
0.456699 0.050501 0.044568 0.024911 0.001647 0.411956 0.009719 2.432562
0.456873 0.050399 0.044619 0.024912 0.001641 0.411813 0.009742 2.437546
0.457053 0.050462 0.044596 0.024891 0.001629 0.411602 0.009768 2.442442
0.457207 0.050487 0.044603 0.024860 0.001620 0.411436 0.009788 2.447370
0.457487 0.050354 0.044759 0.024836 0.001628 0.411133 0.009803 2.452399
0.457634 0.050443 0.044787 0.024778 0.001614 0.410918 0.009824 2.457283
0.457891 0.050426 0.044761 0.024783 0.001611 0.410684 0.009844 2.462190
0.458057 0.050525 0.044723 0.024808 0.001611 0.410410 0.009867 2.467105
0.458168 0.050547 0.044692 0.024781 0.001603 0.410322 0.009887 2.472016
0.458306 0.050541 0.044711 0.024869 0.001598 0.410066 0.009909 2.476989
0.458389 0.050632 0.044698 0.024832 0.001598 0.409921 0.009930 2.481947
0.458525 0.050687 0.044643 0.024851 0.001602 0.409741 0.009951 2.486880
0.458691 0.050656 0.044609 0.024942 0.001610 0.409520 0.009973 2.491861
0.458789 0.050709 0.044542 0.024925 0.001606 0.409440 0.009989 2.496791
0.459003 0.050708 0.044522 0.024922 0.001612 0.409222 0.010011 2.501770
0.459129 0.050742 0.044457 0.024893 0.001609 0.409140 0.010029 2.506704
0.459196 0.050801 0.044457 0.024889 0.001613 0.408996 0.010048 2.511659
0.459309 0.050899 0.044381 0.024930 0.001608 0.408797 0.010075 2.516586
0.459633 0.050766 0.044433 0.024886 0.001619 0.408567 0.010098 2.521561
0.459717 0.050834 0.044478 0.024879 0.001622 0.408350 0.010120 2.526549
0.459742 0.050924 0.044366 0.024914 0.001621 0.408292 0.010141 2.531466
0.459911 0.050939 0.044371 0.024955 0.001632 0.408034 0.010159 2.536455
0.459989 0.050957 0.044414 0.024975 0.001622 0.407864 0.010180 2.541465
0.460145 0.050884 0.044499 0.024971 0.001611 0.407685 0.010204 2.546501
0.460282 0.050721 0.044576 0.024903 0.001628 0.407670 0.010220 2.551587
0.460416 0.050732 0.044622 0.024886 0.001624 0.407477 0.010244 2.556517
0.460562 0.050762 0.044565 0.024910 0.001605 0.407326 0.010271 2.561512
0.460585 0.050746 0.044619 0.024896 0.001595 0.407265 0.010295 2.566508
0.460590 0.050828 0.044582 0.024875 0.001601 0.407213 0.010311 2.571490
0.460718 0.050785 0.044618 0.024967 0.001595 0.406985 0.010332 2.576525
0.460859 0.050734 0.044645 0.025028 0.001586 0.406800 0.010349 2.581535
0.460965 0.050771 0.044624 0.025024 0.001593 0.406655 0.010367 2.586484
0.461154 0.050719 0.044646 0.024958 0.001593 0.406537 0.010393 2.591461
0.461181 0.050849 0.044662 0.024905 0.001592 0.406396 0.010415 2.596356
0.461273 0.050852 0.044714 0.024864 0.001587 0.406274 0.010436 2.601330
0.461380 0.050909 0.044725 0.024818 0.001597 0.406119 0.010453 2.606263
0.461512 0.050930 0.044799 0.024782 0.001599 0.405906 0.010472 2.611219
0.461720 0.050875 0.044762 0.024733 0.001585 0.405837 0.010489 2.616212
0.461791 0.050779 0.044816 0.024757 0.001589 0.405761 0.010508 2.621250
0.461851 0.050740 0.044782 0.024765 0.001579 0.405752 0.010531 2.626244
0.461997 0.050693 0.044736 0.024768 0.001586 0.405672 0.010549 2.631229
0.462170 0.050744 0.044728 0.024774 0.001566 0.405444 0.010573 2.636196
0.462364 0.050630 0.044776 0.024747 0.001562 0.405325 0.010596 2.641193
0.462584 0.050605 0.044778 0.024794 0.001567 0.405057 0.010616 2.646117
0.462644 0.050603 0.044775 0.024776 0.001560 0.405003 0.010638 2.651124
0.462661 0.050559 0.044875 0.024749 0.001567 0.404936 0.010654 2.656163
0.462802 0.050525 0.044871 0.024788 0.001577 0.404769 0.010668 2.661144
0.462818 0.050659 0.044730 0.024818 0.001568 0.404720 0.010689 2.666020
0.462990 0.050518 0.044711 0.024829 0.001567 0.404682 0.010704 2.671007
0.462983 0.050553 0.044717 0.024821 0.001567 0.404635 0.010727 2.675979
0.463039 0.050583 0.044748 0.024802 0.001569 0.404511 0.010749 2.680942
0.463171 0.050541 0.044721 0.024804 0.001584 0.404416 0.010764 2.685901
0.463258 0.050505 0.044703 0.024780 0.001584 0.404387 0.010784 2.690923
0.463185 0.050580 0.044676 0.024780 0.001589 0.404380 0.010811 2.695887
0.463246 0.050604 0.044748 0.024773 0.001596 0.404203 0.010831 2.700894
0.463508 0.050562 0.044756 0.024720 0.001596 0.404007 0.010850 2.705765
0.463640 0.050521 0.044688 0.024720 0.001604 0.403961 0.010866 2.710708
0.463838 0.050433 0.044638 0.024763 0.001597 0.403843 0.010888 2.715648
0.463922 0.050350 0.044677 0.024853 0.001584 0.403704 0.010909 2.720681
0.463953 0.050381 0.044722 0.024806 0.001580 0.403630 0.010929 2.725615
0.464046 0.050320 0.044768 0.024786 0.001579 0.403554 0.010947 2.730582
0.464095 0.050364 0.044738 0.024753 0.001587 0.403500 0.010963 2.735469
0.464220 0.050329 0.044691 0.024698 0.001588 0.403487 0.010986 2.740409
0.464271 0.050328 0.044642 0.024734 0.001597 0.403420 0.011008 2.745346
0.464390 0.050317 0.044638 0.024807 0.001598 0.403220 0.011030 2.750323
0.464369 0.050371 0.044679 0.024775 0.001586 0.403167 0.011053 2.755315
0.464432 0.050279 0.044740 0.024766 0.001580 0.403131 0.011074 2.760312
0.464477 0.050432 0.044648 0.024679 0.001580 0.403092 0.011093 2.765153
0.464554 0.050390 0.044615 0.024670 0.001594 0.403069 0.011109 2.770137
0.464648 0.050421 0.044583 0.024659 0.001597 0.402963 0.011130 2.775033
0.464726 0.050443 0.044451 0.024667 0.001593 0.402973 0.011149 2.779946
0.464720 0.050558 0.044441 0.024652 0.001585 0.402872 0.011172 2.784878
0.464793 0.050661 0.044455 0.024598 0.001575 0.402720 0.011198 2.789784
0.464750 0.050793 0.044547 0.024615 0.001582 0.402497 0.011216 2.794735
0.464840 0.050864 0.044457 0.024601 0.001578 0.402422 0.011239 2.799636
0.464912 0.050932 0.044479 0.024583 0.001583 0.402251 0.011261 2.804587
0.465059 0.050844 0.044464 0.024647 0.001566 0.402138 0.011282 2.809583
0.464955 0.050976 0.044490 0.024667 0.001555 0.402055 0.011303 2.814545
0.465033 0.050891 0.044541 0.024668 0.001548 0.401997 0.011322 2.819554
0.465000 0.050779 0.044659 0.024685 0.001548 0.401987 0.011342 2.824643
0.465101 0.050762 0.044759 0.024677 0.001550 0.401789 0.011362 2.829664
0.465182 0.050801 0.044748 0.024661 0.001554 0.401675 0.011378 2.834596
0.465091 0.050901 0.044748 0.024665 0.001557 0.401638 0.011401 2.839508
0.465231 0.050820 0.044728 0.024661 0.001563 0.401576 0.011421 2.844494
0.465335 0.050820 0.044729 0.024667 0.001565 0.401442 0.011442 2.849435
0.465468 0.050831 0.044702 0.024688 0.001580 0.401267 0.011463 2.854352
0.465577 0.050804 0.044677 0.024690 0.001579 0.401191 0.011484 2.859301
0.465658 0.050806 0.044628 0.024750 0.001592 0.401060 0.011506 2.864261
0.465639 0.050722 0.044707 0.024798 0.001580 0.401025 0.011529 2.869350
0.465820 0.050634 0.044702 0.024741 0.001576 0.400973 0.011554 2.874285
0.465848 0.050681 0.044673 0.024731 0.001580 0.400914 0.011572 2.879204
0.465891 0.050699 0.044663 0.024679 0.001578 0.400896 0.011595 2.884121
0.465923 0.050764 0.044601 0.024713 0.001552 0.400832 0.011615 2.889085
0.466000 0.050721 0.044736 0.024686 0.001552 0.400668 0.011638 2.894086
0.465936 0.050733 0.044733 0.024706 0.001555 0.400682 0.011657 2.899072
0.465945 0.050653 0.044749 0.024788 0.001545 0.400637 0.011683 2.904106
0.466020 0.050711 0.044686 0.024736 0.001552 0.400596 0.011699 2.909013
0.466172 0.050732 0.044659 0.024795 0.001557 0.400365 0.011720 2.913956
0.466190 0.050647 0.044707 0.024876 0.001563 0.400276 0.011742 2.918987
0.466345 0.050618 0.044672 0.024852 0.001570 0.400181 0.011761 2.923937
0.466365 0.050662 0.044622 0.024821 0.001568 0.400181 0.011782 2.928850
0.466408 0.050679 0.044667 0.024837 0.001574 0.400039 0.011798 2.933848
0.466387 0.050730 0.044701 0.024897 0.001568 0.399903 0.011815 2.938845
0.466458 0.050784 0.044773 0.024816 0.001569 0.399768 0.011833 2.943792
0.466506 0.050813 0.044706 0.024809 0.001578 0.399734 0.011855 2.948759
0.466563 0.050809 0.044689 0.024828 0.001582 0.399659 0.011871 2.953748
0.466637 0.050780 0.044681 0.024889 0.001584 0.399532 0.011898 2.958762
0.466650 0.050834 0.044627 0.024938 0.001590 0.399441 0.011921 2.963733
0.466666 0.050831 0.044673 0.024948 0.001576 0.399359 0.011947 2.968713
0.466683 0.050846 0.044667 0.024906 0.001584 0.399350 0.011966 2.973623
0.466585 0.050891 0.044662 0.024919 0.001578 0.399381 0.011984 2.978578
0.466545 0.050912 0.044635 0.024945 0.001582 0.399375 0.012006 2.983563
0.466536 0.050914 0.044617 0.025010 0.001589 0.399314 0.012019 2.988577
0.466528 0.050965 0.044535 0.025042 0.001582 0.399311 0.012038 2.993551
0.466607 0.050783 0.044629 0.025065 0.001588 0.399269 0.012059 2.998661
0.466677 0.050775 0.044659 0.025000 0.001584 0.399228 0.012077 3.003639
0.466622 0.050817 0.044720 0.024993 0.001595 0.399156 0.012096 3.008606
0.466644 0.050918 0.044663 0.024974 0.001598 0.399089 0.012114 3.013542
0.466614 0.050992 0.044684 0.024935 0.001609 0.399035 0.012132 3.018528
0.466570 0.051028 0.044721 0.024882 0.001611 0.399036 0.012152 3.023485
0.466550 0.050942 0.044775 0.024936 0.001600 0.399020 0.012177 3.028564
0.466551 0.050980 0.044755 0.024989 0.001603 0.398924 0.012197 3.033555
0.466711 0.050878 0.044688 0.025087 0.001598 0.398818 0.012220 3.038572
0.466751 0.050854 0.044667 0.025103 0.001600 0.398788 0.012238 3.043556
0.466674 0.050973 0.044652 0.025058 0.001603 0.398781 0.012259 3.048477
0.466813 0.050974 0.044645 0.025008 0.001587 0.398688 0.012285 3.053430
0.466901 0.050967 0.044620 0.025045 0.001591 0.398577 0.012300 3.058407
0.466877 0.050925 0.044575 0.025079 0.001595 0.398629 0.012318 3.063423
0.466961 0.050990 0.044538 0.024997 0.001600 0.398575 0.012340 3.068339
0.466967 0.051064 0.044494 0.025034 0.001603 0.398475 0.012362 3.073331
0.466861 0.051050 0.044548 0.025025 0.001594 0.398536 0.012386 3.078375
0.466896 0.050981 0.044694 0.024990 0.001596 0.398435 0.012408 3.083424
0.466962 0.050941 0.044663 0.025005 0.001580 0.398422 0.012428 3.088414
0.466868 0.050976 0.044775 0.025012 0.001585 0.398340 0.012444 3.093404
0.466838 0.051000 0.044836 0.024971 0.001575 0.398320 0.012462 3.098379
0.466880 0.050943 0.044894 0.024945 0.001563 0.398293 0.012482 3.103326
0.466942 0.050954 0.044907 0.024942 0.001559 0.398191 0.012503 3.108308
0.467052 0.050981 0.044903 0.024938 0.001570 0.398031 0.012524 3.113237
0.467145 0.050867 0.044906 0.024900 0.001566 0.398065 0.012551 3.118225
0.467173 0.050833 0.044884 0.024888 0.001574 0.398075 0.012573 3.123222
0.467168 0.050774 0.044914 0.024912 0.001582 0.398060 0.012589 3.128254
0.467114 0.050846 0.044955 0.024911 0.001582 0.397982 0.012607 3.133231
0.467014 0.050935 0.044942 0.024859 0.001574 0.398051 0.012627 3.138212
0.466990 0.050959 0.044916 0.024858 0.001569 0.398059 0.012648 3.143151
0.466895 0.050879 0.044974 0.024858 0.001573 0.398154 0.012667 3.148228
0.466871 0.050924 0.045027 0.024837 0.001576 0.398083 0.012683 3.153170
0.466978 0.050915 0.044997 0.024909 0.001572 0.397927 0.012702 3.158116
0.466828 0.050980 0.044987 0.024902 0.001569 0.398014 0.012720 3.163130
0.466779 0.050983 0.045044 0.024959 0.001564 0.397930 0.012743 3.168176
0.466813 0.050959 0.044933 0.024934 0.001572 0.398028 0.012762 3.173095
0.466662 0.050945 0.045015 0.024955 0.001572 0.398069 0.012782 3.178181
0.466683 0.050976 0.044949 0.024894 0.001568 0.398128 0.012802 3.183113
0.466629 0.051013 0.044960 0.024860 0.001565 0.398152 0.012820 3.188117
0.466543 0.051036 0.044947 0.024849 0.001560 0.398223 0.012841 3.193110
0.466573 0.051000 0.045028 0.024911 0.001553 0.398075 0.012860 3.198149
0.466553 0.051063 0.044887 0.024874 0.001580 0.398167 0.012874 3.203023
0.466625 0.050891 0.044940 0.024849 0.001568 0.398231 0.012897 3.208108
0.466614 0.050935 0.044976 0.024772 0.001577 0.398208 0.012919 3.213065
0.466846 0.050798 0.044958 0.024837 0.001579 0.398039 0.012944 3.218085
0.466828 0.050819 0.044851 0.024896 0.001570 0.398068 0.012967 3.223062
0.466700 0.050873 0.044885 0.024850 0.001579 0.398132 0.012982 3.228031
0.466806 0.050784 0.044930 0.024846 0.001588 0.398044 0.013002 3.233058
0.466834 0.050700 0.044960 0.024851 0.001577 0.398051 0.013029 3.238097
0.466858 0.050779 0.044924 0.024827 0.001576 0.397986 0.013050 3.243025
0.466833 0.050722 0.044964 0.024816 0.001590 0.398005 0.013070 3.248027
0.466888 0.050713 0.044898 0.024737 0.001588 0.398079 0.013098 3.252999
0.466987 0.050700 0.044846 0.024700 0.001585 0.398063 0.013121 3.257926
0.466945 0.050669 0.044788 0.024704 0.001586 0.398168 0.013141 3.262858
0.466862 0.050628 0.044859 0.024771 0.001593 0.398126 0.013162 3.267904
0.466927 0.050711 0.044805 0.024698 0.001583 0.398099 0.013180 3.272766
0.466877 0.050772 0.044730 0.024715 0.001577 0.398128 0.013201 3.277731
0.467031 0.050763 0.044753 0.024694 0.001571 0.397969 0.013219 3.282653
0.466992 0.050730 0.044747 0.024691 0.001577 0.398031 0.013233 3.287663
0.467063 0.050639 0.044803 0.024725 0.001575 0.397943 0.013253 3.292691
0.467155 0.050626 0.044735 0.024710 0.001571 0.397928 0.013275 3.297613
0.467198 0.050567 0.044652 0.024716 0.001567 0.398001 0.013301 3.302549
0.467206 0.050514 0.044712 0.024687 0.001561 0.397995 0.013324 3.307534
0.467187 0.050541 0.044730 0.024699 0.001564 0.397935 0.013343 3.312482
0.467192 0.050630 0.044727 0.024712 0.001556 0.397815 0.013368 3.317408
0.467095 0.050670 0.044804 0.024612 0.001559 0.397876 0.013384 3.322341
0.467211 0.050620 0.044805 0.024628 0.001555 0.397778 0.013404 3.327272
0.467245 0.050583 0.044705 0.024673 0.001564 0.397808 0.013422 3.332245
0.467256 0.050680 0.044576 0.024655 0.001564 0.397824 0.013445 3.337105
0.467278 0.050577 0.044613 0.024706 0.001562 0.397799 0.013464 3.342169
0.467205 0.050649 0.044596 0.024674 0.001563 0.397832 0.013483 3.347103
0.467228 0.050598 0.044510 0.024709 0.001575 0.397881 0.013500 3.352088
0.467244 0.050621 0.044477 0.024743 0.001569 0.397821 0.013524 3.356980
0.467346 0.050544 0.044412 0.024693 0.001588 0.397880 0.013536 3.361963
0.467365 0.050542 0.044357 0.024714 0.001584 0.397884 0.013555 3.366896
0.467422 0.050452 0.044377 0.024756 0.001589 0.397830 0.013574 3.371890
0.467376 0.050431 0.044385 0.024773 0.001599 0.397841 0.013594 3.376878
0.467461 0.050451 0.044358 0.024751 0.001594 0.397777 0.013608 3.381789
0.467635 0.050340 0.044297 0.024750 0.001584 0.397758 0.013635 3.386725
0.467678 0.050318 0.044265 0.024698 0.001571 0.397813 0.013657 3.391580
0.467658 0.050406 0.044328 0.024652 0.001571 0.397708 0.013678 3.396455
0.467756 0.050416 0.044333 0.024667 0.001563 0.397565 0.013700 3.401349
0.467737 0.050591 0.044270 0.024634 0.001564 0.397484 0.013718 3.406148
0.467803 0.050466 0.044254 0.024699 0.001569 0.397470 0.013740 3.411139
0.467804 0.050550 0.044303 0.024705 0.001575 0.397303 0.013760 3.416001
0.467806 0.050529 0.044231 0.024798 0.001567 0.397291 0.013778 3.420923
0.467782 0.050595 0.044216 0.024765 0.001565 0.397283 0.013795 3.425827
0.467770 0.050557 0.044225 0.024731 0.001571 0.397335 0.013812 3.430811
0.467773 0.050532 0.044305 0.024725 0.001573 0.397261 0.013832 3.435750
0.467732 0.050515 0.044298 0.024716 0.001566 0.397319 0.013855 3.440677
0.467670 0.050566 0.044189 0.024703 0.001565 0.397431 0.013876 3.445604
0.467832 0.050445 0.044190 0.024712 0.001569 0.397359 0.013893 3.450542
0.467864 0.050361 0.044335 0.024688 0.001568 0.397270 0.013914 3.455542
0.467806 0.050413 0.044311 0.024742 0.001561 0.397230 0.013936 3.460501
0.467745 0.050449 0.044402 0.024751 0.001562 0.397135 0.013956 3.465473
0.467860 0.050513 0.044345 0.024783 0.001572 0.396956 0.013971 3.470339
0.467848 0.050487 0.044351 0.024713 0.001583 0.397026 0.013991 3.475312
0.467866 0.050581 0.044298 0.024730 0.001586 0.396933 0.014006 3.480209
0.467815 0.050709 0.044299 0.024729 0.001586 0.396840 0.014023 3.485078
0.467956 0.050635 0.044301 0.024752 0.001586 0.396729 0.014043 3.490076
0.467990 0.050582 0.044431 0.024806 0.001595 0.396539 0.014057 3.495061
0.468040 0.050477 0.044530 0.024787 0.001599 0.396489 0.014078 3.500075
0.467930 0.050466 0.044497 0.024776 0.001602 0.396632 0.014097 3.505031
0.468053 0.050405 0.044429 0.024828 0.001595 0.396566 0.014124 3.509964
0.467998 0.050419 0.044438 0.024825 0.001601 0.396571 0.014148 3.514922
0.468036 0.050481 0.044434 0.024772 0.001613 0.396500 0.014163 3.519785
0.467926 0.050598 0.044443 0.024747 0.001606 0.396498 0.014183 3.524729
0.468009 0.050522 0.044468 0.024691 0.001598 0.396516 0.014196 3.529665
0.468036 0.050504 0.044565 0.024771 0.001594 0.396309 0.014220 3.534660
0.467991 0.050450 0.044499 0.024857 0.001591 0.396370 0.014243 3.539676
0.467954 0.050426 0.044597 0.024870 0.001590 0.396304 0.014260 3.544684
0.468045 0.050412 0.044541 0.024883 0.001586 0.396255 0.014279 3.549614
0.468019 0.050525 0.044535 0.024849 0.001584 0.396189 0.014297 3.554486
0.468049 0.050431 0.044589 0.024889 0.001579 0.396147 0.014316 3.559492
0.468093 0.050472 0.044552 0.024906 0.001583 0.396061 0.014335 3.564427
0.468082 0.050430 0.044553 0.024885 0.001576 0.396116 0.014358 3.569327
0.468023 0.050452 0.044528 0.024891 0.001575 0.396153 0.014378 3.574291
0.467926 0.050450 0.044577 0.024885 0.001583 0.396183 0.014395 3.579266
0.468050 0.050357 0.044639 0.024879 0.001587 0.396075 0.014413 3.584235
0.467916 0.050381 0.044631 0.024846 0.001573 0.396215 0.014436 3.589188
0.467885 0.050364 0.044667 0.024859 0.001571 0.396202 0.014452 3.594128
0.468015 0.050319 0.044589 0.024866 0.001569 0.396169 0.014473 3.599042
0.467903 0.050312 0.044652 0.024921 0.001567 0.396155 0.014490 3.604029
0.468041 0.050216 0.044631 0.024897 0.001570 0.396133 0.014512 3.608968
0.468028 0.050239 0.044684 0.024858 0.001565 0.396094 0.014531 3.613890
0.468066 0.050280 0.044650 0.024840 0.001563 0.396050 0.014553 3.618828
0.468006 0.050305 0.044574 0.024860 0.001575 0.396111 0.014569 3.623786
0.468166 0.050329 0.044481 0.024793 0.001565 0.396071 0.014595 3.628642
0.468162 0.050391 0.044481 0.024792 0.001558 0.396006 0.014611 3.633549
0.468117 0.050436 0.044508 0.024768 0.001569 0.395975 0.014628 3.638524
0.468221 0.050482 0.044533 0.024719 0.001556 0.395844 0.014647 3.643402
0.468186 0.050405 0.044526 0.024684 0.001561 0.395975 0.014663 3.648383
0.468096 0.050387 0.044587 0.024684 0.001553 0.396011 0.014682 3.653370
0.468196 0.050362 0.044598 0.024679 0.001564 0.395901 0.014702 3.658289
0.468158 0.050422 0.044587 0.024741 0.001561 0.395814 0.014719 3.663214
0.468215 0.050386 0.044591 0.024790 0.001554 0.395723 0.014742 3.668146
0.468228 0.050466 0.044580 0.024710 0.001545 0.395712 0.014759 3.672997
0.468144 0.050472 0.044483 0.024697 0.001543 0.395875 0.014786 3.677954
0.468205 0.050411 0.044507 0.024709 0.001543 0.395815 0.014809 3.682935
0.468138 0.050462 0.044456 0.024717 0.001537 0.395856 0.014833 3.687847
0.468071 0.050583 0.044351 0.024652 0.001537 0.395951 0.014855 3.692683
0.468003 0.050609 0.044303 0.024685 0.001544 0.395985 0.014870 3.697650
0.467913 0.050521 0.044392 0.024697 0.001566 0.396027 0.014884 3.702690
0.467920 0.050495 0.044355 0.024682 0.001555 0.396087 0.014907 3.707673
0.467973 0.050435 0.044291 0.024736 0.001549 0.396095 0.014922 3.712611
0.468009 0.050342 0.044308 0.024776 0.001540 0.396084 0.014940 3.717619
0.468048 0.050297 0.044367 0.024703 0.001542 0.396083 0.014962 3.722556
0.468065 0.050309 0.044353 0.024674 0.001539 0.396077 0.014983 3.727504
0.468145 0.050276 0.044379 0.024678 0.001549 0.395977 0.014998 3.732436
0.468144 0.050160 0.044500 0.024698 0.001549 0.395931 0.015020 3.737422
0.468197 0.050214 0.044378 0.024641 0.001548 0.395985 0.015035 3.742274
0.468263 0.050149 0.044284 0.024699 0.001546 0.396012 0.015046 3.747194
0.468409 0.050160 0.044175 0.024682 0.001538 0.395975 0.015063 3.752029
0.468421 0.050214 0.044197 0.024642 0.001547 0.395898 0.015082 3.756913
0.468474 0.050286 0.044124 0.024656 0.001554 0.395804 0.015102 3.761788
0.468517 0.050182 0.044120 0.024729 0.001556 0.395775 0.015122 3.766766
0.468685 0.050162 0.044111 0.024717 0.001547 0.395632 0.015146 3.771595
0.468605 0.050243 0.044067 0.024694 0.001547 0.395674 0.015170 3.776467
0.468569 0.050237 0.044069 0.024738 0.001539 0.395657 0.015192 3.781434
0.468609 0.050226 0.044119 0.024710 0.001542 0.395585 0.015208 3.786401
0.468635 0.050215 0.044106 0.024669 0.001542 0.395597 0.015235 3.791334
0.468598 0.050170 0.044204 0.024627 0.001548 0.395603 0.015251 3.796286
0.468765 0.050135 0.044174 0.024602 0.001540 0.395510 0.015274 3.801147
0.468822 0.050116 0.044127 0.024542 0.001530 0.395565 0.015298 3.806052
0.468795 0.050137 0.044094 0.024476 0.001531 0.395647 0.015321 3.810989
0.468794 0.050175 0.044098 0.024463 0.001536 0.395590 0.015344 3.815880
0.468869 0.050036 0.044122 0.024507 0.001523 0.395578 0.015366 3.820868
0.468844 0.049937 0.044114 0.024579 0.001526 0.395615 0.015384 3.825906
0.468859 0.050007 0.044060 0.024615 0.001535 0.395527 0.015397 3.830794
0.468982 0.049942 0.044053 0.024648 0.001530 0.395428 0.015417 3.835699
0.469027 0.049988 0.043950 0.024674 0.001528 0.395394 0.015440 3.840590
0.468980 0.050049 0.043962 0.024642 0.001529 0.395384 0.015456 3.845511
0.468933 0.050006 0.044079 0.024628 0.001531 0.395349 0.015474 3.850498
0.468806 0.050083 0.044159 0.024624 0.001522 0.395318 0.015489 3.855404
0.468805 0.050161 0.044145 0.024550 0.001520 0.395315 0.015505 3.860277
0.468995 0.050073 0.044126 0.024568 0.001527 0.395188 0.015523 3.865178
0.468971 0.050155 0.044150 0.024527 0.001525 0.395126 0.015546 3.870033
0.468899 0.050168 0.044183 0.024549 0.001528 0.395109 0.015565 3.874979
0.468960 0.050088 0.044224 0.024620 0.001535 0.394991 0.015583 3.879921
0.468933 0.050016 0.044207 0.024639 0.001524 0.395075 0.015606 3.884882
0.468930 0.050081 0.044215 0.024668 0.001540 0.394940 0.015626 3.889719
0.468909 0.050188 0.044184 0.024609 0.001546 0.394924 0.015641 3.894539
0.469009 0.050229 0.044139 0.024567 0.001550 0.394846 0.015660 3.899357
0.469014 0.050233 0.044148 0.024686 0.001539 0.394703 0.015676 3.904269
0.469010 0.050151 0.044177 0.024721 0.001537 0.394711 0.015693 3.909212
0.469098 0.050167 0.044184 0.024630 0.001531 0.394670 0.015721 3.914109
0.469113 0.050163 0.044202 0.024659 0.001540 0.394591 0.015733 3.919072
0.469155 0.050231 0.044243 0.024677 0.001539 0.394400 0.015756 3.924012
0.469239 0.050244 0.044238 0.024645 0.001536 0.394320 0.015779 3.928920
0.469262 0.050150 0.044291 0.024708 0.001529 0.394262 0.015800 3.933916
0.469330 0.050000 0.044359 0.024771 0.001526 0.394189 0.015825 3.938950
0.469344 0.050029 0.044331 0.024799 0.001521 0.394132 0.015846 3.943869
0.469362 0.050161 0.044217 0.024759 0.001516 0.394122 0.015863 3.948740
0.469408 0.050100 0.044150 0.024820 0.001522 0.394122 0.015880 3.953749
0.469223 0.050238 0.044101 0.024793 0.001524 0.394226 0.015897 3.958652
0.469168 0.050310 0.044137 0.024830 0.001525 0.394116 0.015914 3.963625
0.469136 0.050297 0.044143 0.024804 0.001520 0.394162 0.015938 3.968597
0.468966 0.050283 0.044223 0.024789 0.001529 0.394246 0.015963 3.973601
0.468978 0.050336 0.044200 0.024800 0.001536 0.394168 0.015983 3.978499
0.468968 0.050306 0.044203 0.024824 0.001547 0.394154 0.015999 3.983520
0.468929 0.050271 0.044182 0.024774 0.001569 0.394260 0.016015 3.988481
0.468873 0.050305 0.044217 0.024791 0.001568 0.394210 0.016035 3.993462
0.468777 0.050275 0.044221 0.024768 0.001579 0.394327 0.016052 3.998440
0.468793 0.050365 0.044257 0.024743 0.001586 0.394185 0.016071 4.003352
0.468629 0.050421 0.044332 0.024708 0.001584 0.394238 0.016089 4.008302
0.468584 0.050346 0.044350 0.024721 0.001585 0.394308 0.016107 4.013282
0.468617 0.050344 0.044301 0.024691 0.001592 0.394330 0.016125 4.018175
0.468713 0.050265 0.044260 0.024712 0.001583 0.394321 0.016146 4.023094
0.468686 0.050342 0.044349 0.024655 0.001577 0.394225 0.016166 4.027997
0.468834 0.050262 0.044335 0.024748 0.001569 0.394064 0.016186 4.032949
0.468732 0.050335 0.044195 0.024805 0.001566 0.394162 0.016204 4.037859
0.468833 0.050170 0.044340 0.024844 0.001563 0.394023 0.016227 4.042840
0.468815 0.050209 0.044368 0.024884 0.001542 0.393931 0.016250 4.047756
0.468828 0.050286 0.044313 0.024846 0.001546 0.393908 0.016273 4.052639
0.468871 0.050231 0.044392 0.024786 0.001558 0.393874 0.016289 4.057635
0.468923 0.050215 0.044339 0.024782 0.001570 0.393863 0.016309 4.062560
0.468828 0.050272 0.044405 0.024812 0.001554 0.393799 0.016329 4.067539
0.468791 0.050343 0.044341 0.024769 0.001551 0.393854 0.016349 4.072424
0.468711 0.050337 0.044432 0.024791 0.001536 0.393818 0.016375 4.077431
0.468713 0.050309 0.044372 0.024816 0.001543 0.393852 0.016396 4.082330
0.468640 0.050313 0.044463 0.024781 0.001542 0.393848 0.016414 4.087312
0.468827 0.050223 0.044399 0.024829 0.001538 0.393750 0.016434 4.092215
0.468839 0.050098 0.044379 0.024805 0.001534 0.393894 0.016452 4.097261
0.468758 0.050165 0.044290 0.024902 0.001530 0.393887 0.016469 4.102173
0.468834 0.050145 0.044365 0.024811 0.001529 0.393828 0.016489 4.107053
0.468791 0.050046 0.044442 0.024857 0.001531 0.393830 0.016503 4.112061
0.468682 0.050029 0.044356 0.024870 0.001529 0.394017 0.016517 4.116993
0.468750 0.050008 0.044340 0.024818 0.001533 0.394015 0.016536 4.121864
0.468760 0.049990 0.044341 0.024797 0.001545 0.394013 0.016553 4.126774
0.468725 0.049915 0.044442 0.024746 0.001550 0.394050 0.016572 4.131730
0.468764 0.049856 0.044396 0.024851 0.001549 0.393993 0.016592 4.136668
0.468693 0.049931 0.044273 0.024902 0.001557 0.394034 0.016611 4.141546
0.468757 0.049941 0.044286 0.024810 0.001556 0.394017 0.016632 4.146365
0.468849 0.049912 0.044224 0.024726 0.001543 0.394094 0.016653 4.151291
0.468847 0.049968 0.044200 0.024696 0.001548 0.394070 0.016672 4.156165
0.468805 0.049956 0.044160 0.024650 0.001558 0.394178 0.016693 4.161074
0.468776 0.049927 0.044163 0.024654 0.001562 0.394203 0.016715 4.166021
0.468840 0.049921 0.044083 0.024568 0.001570 0.394285 0.016734 4.170853
0.468811 0.050003 0.044101 0.024580 0.001568 0.394184 0.016753 4.175730
0.468733 0.050140 0.044076 0.024532 0.001564 0.394185 0.016770 4.180592
0.468839 0.050048 0.044127 0.024574 0.001570 0.394053 0.016790 4.185536
0.468894 0.050031 0.044152 0.024520 0.001572 0.394018 0.016813 4.190441
0.468851 0.050106 0.044203 0.024523 0.001580 0.393908 0.016829 4.195365
0.468826 0.050123 0.044166 0.024501 0.001588 0.393953 0.016843 4.200269
0.468839 0.050201 0.044111 0.024438 0.001585 0.393958 0.016866 4.205151
0.468891 0.050208 0.044124 0.024475 0.001584 0.393825 0.016894 4.210069
0.468923 0.050113 0.044145 0.024562 0.001576 0.393763 0.016917 4.215038
0.468961 0.050005 0.044188 0.024616 0.001576 0.393715 0.016940 4.219987
0.468893 0.050071 0.044234 0.024554 0.001581 0.393708 0.016961 4.224880
0.468946 0.050066 0.044214 0.024528 0.001578 0.393684 0.016983 4.229773
0.468986 0.050053 0.044232 0.024513 0.001582 0.393631 0.017002 4.234633
0.469027 0.049978 0.044277 0.024481 0.001577 0.393637 0.017022 4.239557
0.469058 0.050008 0.044278 0.024561 0.001581 0.393471 0.017041 4.244497
0.468999 0.049987 0.044273 0.024589 0.001572 0.393517 0.017062 4.249442
0.469005 0.050002 0.044236 0.024508 0.001580 0.393585 0.017084 4.254284
0.469150 0.049945 0.044244 0.024494 0.001574 0.393487 0.017106 4.259223
0.469143 0.049920 0.044237 0.024502 0.001561 0.393510 0.017126 4.264111
0.469413 0.049837 0.044187 0.024526 0.001551 0.393343 0.017143 4.268938
0.469427 0.049819 0.044126 0.024567 0.001546 0.393353 0.017162 4.273853
0.469381 0.050015 0.044057 0.024575 0.001550 0.393243 0.017178 4.278612
0.469389 0.050142 0.043979 0.024527 0.001550 0.393219 0.017195 4.283413
0.469372 0.049984 0.044113 0.024568 0.001557 0.393196 0.017210 4.288405
0.469405 0.049976 0.044154 0.024574 0.001548 0.393118 0.017226 4.293317
0.469366 0.049909 0.044141 0.024621 0.001548 0.393171 0.017244 4.298243
0.469404 0.049987 0.044067 0.024604 0.001548 0.393123 0.017267 4.303079
0.469494 0.049958 0.044083 0.024541 0.001551 0.393084 0.017288 4.307990
0.469642 0.049894 0.044105 0.024456 0.001533 0.393058 0.017314 4.312844
0.469673 0.049961 0.044113 0.024429 0.001544 0.392943 0.017336 4.317690
0.469634 0.049929 0.044151 0.024403 0.001545 0.392989 0.017350 4.322604
0.469678 0.049966 0.044114 0.024345 0.001546 0.392982 0.017370 4.327402
0.469617 0.049981 0.044077 0.024356 0.001547 0.393030 0.017391 4.332305
0.469555 0.050113 0.044067 0.024341 0.001550 0.392962 0.017413 4.337163
0.469605 0.050160 0.044017 0.024449 0.001539 0.392797 0.017433 4.342037
0.469617 0.050119 0.043987 0.024445 0.001537 0.392844 0.017451 4.346948
0.469558 0.050195 0.043859 0.024433 0.001528 0.392958 0.017469 4.351788
0.469620 0.050257 0.043828 0.024428 0.001533 0.392846 0.017488 4.356593
0.469610 0.050285 0.043835 0.024461 0.001530 0.392778 0.017502 4.361496
0.469639 0.050302 0.043872 0.024463 0.001530 0.392671 0.017523 4.366398
0.469690 0.050225 0.044014 0.024494 0.001526 0.392505 0.017545 4.371388
0.469727 0.050173 0.044021 0.024549 0.001535 0.392436 0.017559 4.376310
