0.338789 0.063099 0.056150 0.032295 0.002119 0.501220 0.006329 1.642830
0.340310 0.061732 0.056088 0.032191 0.002117 0.501207 0.006355 1.648982
0.342197 0.059986 0.055983 0.031979 0.002117 0.501353 0.006386 1.655036
0.344489 0.058061 0.055803 0.031766 0.002120 0.501352 0.006409 1.660902
0.347117 0.056087 0.055527 0.031359 0.002135 0.501345 0.006431 1.666506
0.349917 0.054217 0.055183 0.030969 0.002138 0.501113 0.006462 1.671918
0.352861 0.052264 0.054732 0.030600 0.002142 0.500912 0.006490 1.677200
0.355912 0.050424 0.054063 0.030160 0.002143 0.500779 0.006518 1.682221
0.359080 0.048667 0.053504 0.029650 0.002122 0.500428 0.006550 1.687075
0.362275 0.047056 0.052788 0.029110 0.002112 0.500082 0.006578 1.691735
0.365677 0.045469 0.052068 0.028569 0.002100 0.499503 0.006616 1.696236
0.369079 0.044027 0.051273 0.028059 0.002109 0.498817 0.006636 1.700568
0.372451 0.042620 0.050533 0.027545 0.002122 0.498074 0.006657 1.704858
0.375798 0.041317 0.049752 0.027025 0.002115 0.497307 0.006686 1.709014
0.379079 0.040249 0.048841 0.026393 0.002096 0.496624 0.006719 1.712972
0.382409 0.039218 0.047914 0.025816 0.002078 0.495815 0.006750 1.716835
0.385812 0.038194 0.047046 0.025317 0.002063 0.494789 0.006780 1.720681
0.389142 0.037329 0.046189 0.024700 0.002039 0.493784 0.006816 1.724368
0.392511 0.036465 0.045323 0.024119 0.002025 0.492718 0.006838 1.727986
0.395901 0.035722 0.044431 0.023607 0.002001 0.491479 0.006861 1.731515
0.399363 0.034909 0.043627 0.023181 0.001985 0.490051 0.006884 1.735021
0.402791 0.034248 0.042750 0.022705 0.001976 0.488625 0.006905 1.738437
0.406311 0.033574 0.041884 0.022257 0.001962 0.487082 0.006931 1.741768
0.409638 0.033055 0.041102 0.021769 0.001944 0.485531 0.006962 1.745022
0.412992 0.032633 0.040245 0.021264 0.001929 0.483957 0.006981 1.748151
0.416274 0.032228 0.039483 0.020810 0.001910 0.482292 0.007003 1.751288
0.419534 0.031839 0.038749 0.020356 0.001892 0.480605 0.007026 1.754392
0.422886 0.031352 0.038127 0.020057 0.001873 0.478651 0.007054 1.757601
0.426171 0.030991 0.037380 0.019701 0.001848 0.476832 0.007078 1.760636
0.429531 0.030681 0.036672 0.019416 0.001832 0.474769 0.007101 1.763661
0.432708 0.030454 0.036025 0.019077 0.001801 0.472805 0.007131 1.766628
0.435966 0.030156 0.035484 0.018753 0.001777 0.470707 0.007159 1.769628
0.439135 0.029905 0.034955 0.018460 0.001764 0.468598 0.007183 1.772595
0.442256 0.029746 0.034372 0.018189 0.001741 0.466495 0.007202 1.775492
0.445297 0.029665 0.033779 0.017832 0.001723 0.464480 0.007224 1.778323
0.448331 0.029536 0.033350 0.017539 0.001703 0.462295 0.007246 1.781193
0.451330 0.029447 0.032944 0.017319 0.001688 0.460009 0.007264 1.784062
0.454268 0.029368 0.032548 0.017055 0.001657 0.457823 0.007282 1.786934
0.457233 0.029266 0.032176 0.016796 0.001648 0.455581 0.007300 1.789790
0.460089 0.029191 0.031796 0.016617 0.001624 0.453363 0.007320 1.792662
0.462916 0.029090 0.031521 0.016469 0.001597 0.451064 0.007344 1.795583
0.465688 0.029110 0.031111 0.016287 0.001574 0.448864 0.007367 1.798381
0.468359 0.029210 0.030741 0.016064 0.001546 0.446696 0.007386 1.801164
0.471226 0.029273 0.030311 0.015905 0.001530 0.444346 0.007408 1.803915
0.473901 0.029305 0.030005 0.015786 0.001508 0.442067 0.007429 1.806752
0.476486 0.029392 0.029738 0.015580 0.001490 0.439866 0.007449 1.809547
0.479084 0.029480 0.029507 0.015455 0.001466 0.437538 0.007469 1.812408
0.481615 0.029398 0.029329 0.015424 0.001465 0.435284 0.007487 1.815360
0.484017 0.029432 0.029126 0.015362 0.001444 0.433116 0.007503 1.818312
0.486507 0.029500 0.028912 0.015249 0.001419 0.430895 0.007517 1.821183
0.488976 0.029597 0.028758 0.015148 0.001397 0.428588 0.007534 1.824061
0.491368 0.029612 0.028659 0.015133 0.001365 0.426310 0.007554 1.827021
0.493753 0.029631 0.028521 0.015052 0.001347 0.424127 0.007571 1.829950
0.496008 0.029759 0.028363 0.014970 0.001336 0.421982 0.007584 1.832867
0.498274 0.029821 0.028187 0.014954 0.001319 0.419844 0.007602 1.835768
0.500505 0.029980 0.028090 0.014868 0.001305 0.417636 0.007615 1.838662
0.502641 0.030063 0.028007 0.014815 0.001282 0.415558 0.007635 1.841635
0.504827 0.030103 0.027960 0.014835 0.001271 0.413351 0.007654 1.844651
0.506930 0.030225 0.027889 0.014803 0.001269 0.411218 0.007667 1.847609
0.508903 0.030369 0.027834 0.014739 0.001271 0.409206 0.007676 1.850603
0.510965 0.030483 0.027740 0.014702 0.001250 0.407169 0.007693 1.853565
0.512884 0.030575 0.027750 0.014659 0.001235 0.405187 0.007709 1.856574
0.514853 0.030731 0.027671 0.014679 0.001216 0.403125 0.007724 1.859577
0.516690 0.030837 0.027748 0.014666 0.001207 0.401112 0.007739 1.862630
0.518462 0.031017 0.027729 0.014669 0.001191 0.399174 0.007759 1.865630
0.520272 0.031101 0.027724 0.014681 0.001190 0.397257 0.007775 1.868713
0.522073 0.031240 0.027740 0.014685 0.001188 0.395282 0.007794 1.871749
0.523872 0.031388 0.027804 0.014705 0.001177 0.393244 0.007810 1.874821
0.525593 0.031669 0.027773 0.014673 0.001172 0.391291 0.007829 1.877778
0.527244 0.031882 0.027750 0.014680 0.001156 0.389447 0.007842 1.880842
0.528911 0.031958 0.027823 0.014693 0.001145 0.387611 0.007860 1.884003
0.530423 0.032100 0.027907 0.014760 0.001131 0.385799 0.007880 1.887137
0.532028 0.032128 0.028021 0.014869 0.001128 0.383930 0.007896 1.890354
0.533497 0.032259 0.028057 0.014906 0.001132 0.382241 0.007908 1.893502
0.534956 0.032417 0.028106 0.014964 0.001116 0.380516 0.007925 1.896650
0.536345 0.032658 0.028149 0.014994 0.001113 0.378805 0.007938 1.899796
0.537612 0.032861 0.028280 0.015009 0.001094 0.377192 0.007952 1.903031
0.538981 0.032992 0.028386 0.015098 0.001086 0.375489 0.007969 1.906251
0.540196 0.033156 0.028480 0.015176 0.001077 0.373929 0.007987 1.909516
0.541393 0.033421 0.028564 0.015167 0.001072 0.372386 0.007996 1.912725
0.542650 0.033569 0.028681 0.015195 0.001056 0.370836 0.008014 1.915971
0.543785 0.033737 0.028734 0.015295 0.001053 0.369368 0.008027 1.919242
0.544956 0.033902 0.028869 0.015336 0.001050 0.367848 0.008039 1.922519
0.546115 0.033996 0.028980 0.015429 0.001045 0.366381 0.008053 1.925856
0.547255 0.034111 0.029121 0.015483 0.001054 0.364910 0.008065 1.929208
0.548347 0.034283 0.029203 0.015522 0.001061 0.363509 0.008075 1.932540
0.549500 0.034306 0.029344 0.015605 0.001057 0.362097 0.008091 1.935941
0.550455 0.034468 0.029443 0.015698 0.001058 0.360774 0.008104 1.939341
0.551483 0.034546 0.029592 0.015772 0.001062 0.359427 0.008118 1.942746
0.552477 0.034576 0.029658 0.015812 0.001069 0.358274 0.008133 1.946175
0.553413 0.034717 0.029787 0.015843 0.001065 0.357026 0.008149 1.949562
0.554424 0.034769 0.029920 0.015858 0.001058 0.355809 0.008161 1.952985
0.555272 0.034816 0.030063 0.015940 0.001050 0.354680 0.008179 1.956427
0.556195 0.034985 0.030141 0.016008 0.001037 0.353441 0.008193 1.959813
0.557275 0.035071 0.030125 0.016073 0.001033 0.352211 0.008211 1.963154
0.558158 0.035230 0.030179 0.016094 0.001032 0.351077 0.008232 1.966512
0.558992 0.035270 0.030321 0.016116 0.001041 0.350020 0.008240 1.969967
0.559783 0.035358 0.030412 0.016143 0.001037 0.349013 0.008254 1.973449
0.560653 0.035456 0.030539 0.016169 0.001021 0.347892 0.008270 1.976866
0.561353 0.035548 0.030683 0.016203 0.001028 0.346901 0.008283 1.980347
0.562024 0.035684 0.030796 0.016268 0.001040 0.345894 0.008294 1.983835
0.562745 0.035765 0.030923 0.016269 0.001031 0.344959 0.008308 1.987339
0.563536 0.035848 0.030969 0.016323 0.001037 0.343967 0.008319 1.990836
0.564216 0.035871 0.031110 0.016339 0.001042 0.343091 0.008330 1.994385
0.564904 0.035872 0.031217 0.016412 0.001044 0.342208 0.008342 1.997935
0.565680 0.035870 0.031346 0.016461 0.001041 0.341248 0.008355 2.001465
0.566363 0.035947 0.031406 0.016457 0.001042 0.340418 0.008367 2.004969
0.567041 0.036046 0.031428 0.016532 0.001030 0.339543 0.008379 2.008465
0.567640 0.036051 0.031544 0.016557 0.001023 0.338792 0.008394 2.012051
0.568335 0.036100 0.031557 0.016584 0.001014 0.338002 0.008408 2.015528
0.569046 0.036142 0.031610 0.016614 0.001026 0.337138 0.008424 2.019020
0.569649 0.036181 0.031684 0.016610 0.001030 0.336405 0.008440 2.022537
0.570157 0.036205 0.031796 0.016683 0.001030 0.335677 0.008454 2.026126
0.570815 0.036240 0.031868 0.016698 0.001040 0.334871 0.008469 2.029666
0.571385 0.036207 0.031977 0.016708 0.001038 0.334206 0.008478 2.033272
0.572122 0.036078 0.032061 0.016736 0.001035 0.333480 0.008488 2.036887
0.572872 0.036042 0.032053 0.016725 0.001042 0.332763 0.008503 2.040424
0.573614 0.035953 0.032101 0.016770 0.001038 0.332010 0.008514 2.043995
0.574260 0.035934 0.032116 0.016772 0.001044 0.331347 0.008526 2.047526
0.574811 0.036004 0.032112 0.016821 0.001042 0.330674 0.008537 2.051037
0.575579 0.035816 0.032188 0.016858 0.001035 0.329973 0.008550 2.054653
0.576275 0.035652 0.032255 0.016879 0.001029 0.329340 0.008569 2.058216
0.576795 0.035809 0.032242 0.016828 0.001029 0.328718 0.008578 2.061636
0.577514 0.035717 0.032262 0.016841 0.001029 0.328043 0.008594 2.065156
0.578224 0.035743 0.032212 0.016841 0.001036 0.327340 0.008605 2.068597
0.578766 0.035809 0.032212 0.016818 0.001047 0.326731 0.008617 2.072047
0.579318 0.035816 0.032240 0.016793 0.001045 0.326160 0.008628 2.075569
0.579751 0.035864 0.032268 0.016737 0.001049 0.325690 0.008642 2.079084
0.580279 0.035881 0.032279 0.016776 0.001055 0.325075 0.008655 2.082597
0.580755 0.035957 0.032244 0.016795 0.001055 0.324528 0.008666 2.086090
0.581332 0.035868 0.032224 0.016856 0.001055 0.323989 0.008678 2.089629
0.581838 0.035862 0.032250 0.016875 0.001057 0.323431 0.008689 2.093182
0.582528 0.035809 0.032206 0.016895 0.001066 0.322799 0.008697 2.096630
0.583110 0.035725 0.032224 0.016904 0.001062 0.322268 0.008708 2.100156
0.583753 0.035653 0.032179 0.016940 0.001048 0.321704 0.008723 2.103668
0.584329 0.035607 0.032131 0.016919 0.001045 0.321235 0.008734 2.107148
0.584988 0.035533 0.032131 0.016898 0.001041 0.320663 0.008746 2.110591
0.585490 0.035502 0.032155 0.016892 0.001040 0.320162 0.008759 2.114079
0.586058 0.035477 0.032154 0.016834 0.001034 0.319669 0.008774 2.117527
0.586526 0.035432 0.032181 0.016846 0.001032 0.319190 0.008793 2.121103
0.587047 0.035475 0.032123 0.016808 0.001018 0.318721 0.008809 2.124534
0.587614 0.035361 0.032172 0.016810 0.001018 0.318201 0.008826 2.128067
0.588152 0.035254 0.032189 0.016826 0.001019 0.317724 0.008836 2.131610
0.588739 0.035160 0.032109 0.016797 0.001018 0.317326 0.008850 2.135075
0.589302 0.035083 0.032117 0.016727 0.001015 0.316893 0.008863 2.138500
0.589803 0.035145 0.032014 0.016701 0.001017 0.316444 0.008876 2.141871
0.590408 0.035097 0.031995 0.016703 0.001029 0.315883 0.008887 2.145304
0.590928 0.035124 0.032034 0.016664 0.001029 0.315317 0.008905 2.148746
0.591352 0.035230 0.031946 0.016665 0.001036 0.314851 0.008921 2.152135
0.591849 0.035207 0.031915 0.016623 0.001047 0.314426 0.008933 2.155545
0.592365 0.035283 0.031861 0.016570 0.001046 0.313934 0.008942 2.158901
0.592800 0.035262 0.031919 0.016550 0.001040 0.313472 0.008957 2.162382
0.593262 0.035190 0.031965 0.016583 0.001046 0.312983 0.008971 2.165901
0.593786 0.035163 0.031903 0.016600 0.001037 0.312529 0.008983 2.169310
0.594380 0.035131 0.031910 0.016609 0.001041 0.311934 0.008996 2.172699
0.594917 0.035073 0.031954 0.016594 0.001032 0.311419 0.009012 2.176186
0.595365 0.034985 0.031936 0.016543 0.001035 0.311107 0.009028 2.179681
0.595883 0.034954 0.031929 0.016544 0.001026 0.310624 0.009039 2.183122
0.596338 0.034869 0.031945 0.016600 0.001032 0.310163 0.009052 2.186653
0.596861 0.034849 0.031996 0.016576 0.001025 0.309628 0.009065 2.190084
0.597336 0.034838 0.031984 0.016572 0.001026 0.309170 0.009075 2.193522
0.597705 0.034900 0.031930 0.016563 0.001033 0.308778 0.009091 2.196951
0.598105 0.034959 0.031910 0.016548 0.001032 0.308340 0.009105 2.200326
0.598569 0.034951 0.031821 0.016565 0.001035 0.307942 0.009116 2.203714
0.598894 0.035125 0.031748 0.016541 0.001039 0.307523 0.009130 2.207080
0.599341 0.035055 0.031778 0.016560 0.001039 0.307086 0.009142 2.210571
0.599727 0.035022 0.031810 0.016538 0.001035 0.306712 0.009155 2.214021
0.600152 0.034971 0.031793 0.016558 0.001034 0.306326 0.009166 2.217467
0.600479 0.034904 0.031749 0.016576 0.001039 0.306076 0.009178 2.220958
0.600972 0.034800 0.031790 0.016576 0.001027 0.305640 0.009193 2.224442
0.601394 0.034724 0.031748 0.016579 0.001023 0.305328 0.009204 2.227905
0.601837 0.034714 0.031689 0.016549 0.001032 0.304962 0.009217 2.231293
0.602304 0.034733 0.031626 0.016524 0.001031 0.304554 0.009228 2.234647
0.602660 0.034779 0.031623 0.016529 0.001024 0.304145 0.009240 2.238038
0.603008 0.034780 0.031585 0.016514 0.001019 0.303839 0.009254 2.241414
0.603342 0.034797 0.031520 0.016527 0.001021 0.303526 0.009267 2.244818
0.603664 0.034767 0.031529 0.016504 0.001027 0.303229 0.009278 2.248276
0.604054 0.034758 0.031461 0.016462 0.001023 0.302953 0.009289 2.251619
0.604372 0.034843 0.031406 0.016458 0.001017 0.302605 0.009300 2.254983
0.604732 0.034813 0.031384 0.016509 0.001012 0.302237 0.009314 2.258421
0.605153 0.034854 0.031314 0.016480 0.001022 0.301856 0.009321 2.261748
0.605585 0.034762 0.031292 0.016533 0.001018 0.301476 0.009334 2.265165
0.606032 0.034666 0.031320 0.016538 0.001027 0.301070 0.009346 2.268593
0.606319 0.034737 0.031304 0.016525 0.001023 0.300732 0.009360 2.271961
0.606574 0.034802 0.031252 0.016536 0.001028 0.300436 0.009372 2.275335
0.606932 0.034770 0.031208 0.016496 0.001034 0.300181 0.009380 2.278729
0.607184 0.034956 0.031119 0.016464 0.001042 0.299843 0.009393 2.282032
0.607607 0.034943 0.031172 0.016443 0.001040 0.299385 0.009409 2.285415
0.607952 0.034815 0.031192 0.016456 0.001038 0.299123 0.009423 2.288924
0.608346 0.034729 0.031256 0.016449 0.001040 0.298744 0.009435 2.292367
0.608714 0.034745 0.031261 0.016420 0.001030 0.298380 0.009451 2.295756
0.609021 0.034777 0.031226 0.016495 0.001029 0.297991 0.009461 2.299137
0.609286 0.034808 0.031242 0.016533 0.001018 0.297634 0.009479 2.302558
0.609486 0.034877 0.031239 0.016541 0.001019 0.297345 0.009492 2.306013
0.609779 0.034918 0.031358 0.016455 0.001014 0.296968 0.009509 2.309418
0.610040 0.034926 0.031295 0.016507 0.001001 0.296709 0.009522 2.312834
0.610345 0.034943 0.031305 0.016499 0.001021 0.296358 0.009530 2.316242
0.610617 0.034940 0.031248 0.016531 0.001019 0.296102 0.009543 2.319669
0.610881 0.034951 0.031240 0.016521 0.001012 0.295836 0.009558 2.323104
0.611081 0.034991 0.031317 0.016506 0.001015 0.295517 0.009572 2.326539
0.611370 0.034913 0.031297 0.016519 0.001013 0.295303 0.009584 2.329996
0.611615 0.034909 0.031233 0.016539 0.001009 0.295096 0.009598 2.333404
0.611911 0.034788 0.031339 0.016564 0.001006 0.294783 0.009609 2.336891
0.612187 0.034722 0.031312 0.016572 0.000996 0.294587 0.009624 2.340315
0.612357 0.034762 0.031303 0.016590 0.000987 0.294365 0.009638 2.343727
0.612508 0.034898 0.031241 0.016597 0.000988 0.294119 0.009650 2.347087
0.612733 0.034894 0.031198 0.016597 0.000987 0.293927 0.009664 2.350514
0.612944 0.034929 0.031211 0.016624 0.000989 0.293626 0.009677 2.353942
0.613194 0.034949 0.031267 0.016628 0.000990 0.293285 0.009688 2.357379
0.613524 0.034905 0.031277 0.016612 0.000994 0.292987 0.009701 2.360802
0.613662 0.034994 0.031284 0.016616 0.000993 0.292738 0.009714 2.364217
0.613952 0.034946 0.031349 0.016597 0.000988 0.292439 0.009730 2.367688
0.614046 0.035052 0.031325 0.016573 0.000988 0.292275 0.009744 2.371062
0.614271 0.035152 0.031283 0.016601 0.000991 0.291943 0.009760 2.374464
0.614532 0.035174 0.031304 0.016597 0.000988 0.291634 0.009771 2.377891
0.614707 0.035138 0.031394 0.016637 0.000992 0.291351 0.009780 2.381387
0.614805 0.035179 0.031433 0.016606 0.000992 0.291195 0.009791 2.384810
0.614886 0.035228 0.031401 0.016613 0.000981 0.291090 0.009801 2.388268
0.615086 0.035269 0.031413 0.016577 0.000987 0.290854 0.009814 2.391634
0.615279 0.035199 0.031539 0.016600 0.001001 0.290555 0.009827 2.395164
0.615456 0.035161 0.031552 0.016615 0.001004 0.290373 0.009841 2.398627
0.615603 0.035219 0.031518 0.016573 0.001012 0.290222 0.009851 2.402018
0.615843 0.035169 0.031573 0.016563 0.001013 0.289974 0.009866 2.405516
0.615966 0.035175 0.031598 0.016630 0.001014 0.289740 0.009878 2.408966
0.616080 0.035192 0.031582 0.016661 0.001011 0.289583 0.009891 2.412439
0.616187 0.035211 0.031557 0.016672 0.001009 0.289463 0.009903 2.415864
0.616296 0.035254 0.031608 0.016680 0.001013 0.289234 0.009915 2.419300
0.616517 0.035167 0.031697 0.016679 0.001008 0.289004 0.009929 2.422816
0.616607 0.035268 0.031717 0.016687 0.001014 0.288770 0.009937 2.426275
0.616712 0.035238 0.031799 0.016659 0.001013 0.288628 0.009951 2.429781
0.616827 0.035323 0.031741 0.016608 0.001009 0.288531 0.009961 2.433181
0.617034 0.035181 0.031760 0.016630 0.001007 0.288414 0.009975 2.436683
0.617183 0.035229 0.031772 0.016626 0.001005 0.288194 0.009990 2.440134
0.617480 0.035125 0.031819 0.016573 0.001007 0.287994 0.010003 2.443609
0.617651 0.035264 0.031768 0.016523 0.001008 0.287774 0.010012 2.446979
0.617788 0.035327 0.031707 0.016526 0.001016 0.287613 0.010023 2.450422
0.617910 0.035287 0.031709 0.016543 0.001006 0.287506 0.010039 2.453912
0.618119 0.035238 0.031715 0.016614 0.000998 0.287266 0.010050 2.457396
0.618139 0.035301 0.031817 0.016590 0.001010 0.287083 0.010061 2.460867
0.618313 0.035290 0.031842 0.016563 0.001019 0.286899 0.010073 2.464359
0.618293 0.035413 0.031822 0.016536 0.001018 0.286826 0.010093 2.467801
0.618399 0.035449 0.031820 0.016524 0.001011 0.286691 0.010106 2.471218
0.618447 0.035547 0.031802 0.016554 0.001022 0.286508 0.010120 2.474656
0.618417 0.035597 0.031851 0.016542 0.001028 0.286430 0.010134 2.478137
0.618552 0.035543 0.031856 0.016592 0.001029 0.286284 0.010145 2.481652
0.618710 0.035501 0.031959 0.016623 0.001028 0.286023 0.010155 2.485179
0.618779 0.035557 0.031916 0.016651 0.001016 0.285915 0.010166 2.488614
0.618877 0.035577 0.031907 0.016651 0.001010 0.285800 0.010177 2.492067
0.618894 0.035662 0.031926 0.016643 0.001009 0.285673 0.010192 2.495532
0.619028 0.035597 0.031935 0.016640 0.001001 0.285596 0.010203 2.499028
0.619235 0.035632 0.031878 0.016595 0.000993 0.285452 0.010215 2.502409
0.619338 0.035665 0.031854 0.016540 0.000996 0.285377 0.010230 2.505836
0.619559 0.035624 0.031875 0.016586 0.000998 0.285115 0.010243 2.509340
0.619631 0.035560 0.031928 0.016598 0.000996 0.285034 0.010253 2.512863
0.619680 0.035597 0.031961 0.016577 0.000998 0.284923 0.010264 2.516337
0.619739 0.035539 0.032051 0.016666 0.000993 0.284732 0.010280 2.519908
0.619796 0.035589 0.032026 0.016676 0.001005 0.284618 0.010290 2.523371
0.619860 0.035575 0.032045 0.016728 0.001009 0.284481 0.010301 2.526866
0.619965 0.035553 0.032062 0.016732 0.000998 0.284374 0.010314 2.530342
0.619991 0.035540 0.032154 0.016739 0.001002 0.284247 0.010327 2.533882
0.619971 0.035581 0.032206 0.016688 0.001009 0.284205 0.010340 2.537399
0.620035 0.035619 0.032198 0.016643 0.001010 0.284144 0.010351 2.540839
0.620073 0.035678 0.032140 0.016631 0.001009 0.284109 0.010361 2.544262
0.620189 0.035670 0.032211 0.016551 0.001009 0.284001 0.010370 2.547733
0.620208 0.035705 0.032200 0.016590 0.001006 0.283911 0.010382 2.551252
0.620288 0.035642 0.032272 0.016622 0.001005 0.283773 0.010397 2.554782
0.620346 0.035703 0.032188 0.016651 0.001005 0.283702 0.010406 2.558254
0.620401 0.035651 0.032227 0.016642 0.001024 0.283640 0.010415 2.561765
0.620381 0.035675 0.032238 0.016619 0.001022 0.283642 0.010423 2.565261
0.620514 0.035577 0.032337 0.016641 0.001016 0.283478 0.010438 2.568825
0.620655 0.035653 0.032312 0.016604 0.001018 0.283304 0.010454 2.572244
0.620674 0.035617 0.032371 0.016587 0.001022 0.283264 0.010466 2.575744
0.620731 0.035582 0.032319 0.016606 0.001026 0.283258 0.010478 2.579238
0.620849 0.035542 0.032256 0.016594 0.001033 0.283240 0.010487 2.582722
0.620876 0.035532 0.032254 0.016573 0.001035 0.283233 0.010498 2.586195
0.620912 0.035608 0.032237 0.016577 0.001035 0.283118 0.010512 2.589622
0.620957 0.035503 0.032211 0.016623 0.001030 0.283149 0.010526 2.593141
0.621009 0.035547 0.032120 0.016623 0.001020 0.283143 0.010539 2.596615
0.621117 0.035513 0.032045 0.016671 0.001016 0.283086 0.010552 2.600108
0.621201 0.035414 0.032067 0.016687 0.001015 0.283048 0.010567 2.603625
0.621290 0.035389 0.032124 0.016657 0.001022 0.282941 0.010577 2.607114
0.621499 0.035351 0.032058 0.016683 0.001037 0.282783 0.010589 2.610543
0.621467 0.035428 0.032060 0.016741 0.001031 0.282665 0.010608 2.613968
0.621585 0.035312 0.032035 0.016792 0.001021 0.282632 0.010623 2.617486
0.621663 0.035256 0.032027 0.016792 0.001029 0.282600 0.010635 2.620975
0.621724 0.035224 0.032041 0.016756 0.001026 0.282581 0.010648 2.624480
0.621780 0.035267 0.031986 0.016726 0.001027 0.282557 0.010659 2.627918
0.621787 0.035325 0.031927 0.016736 0.001020 0.282534 0.010672 2.631411
0.621886 0.035318 0.031909 0.016704 0.001028 0.282474 0.010682 2.634850
0.621984 0.035287 0.031994 0.016646 0.001029 0.282365 0.010694 2.638320
0.622045 0.035317 0.031975 0.016674 0.001036 0.282247 0.010707 2.641774
0.622124 0.035344 0.031911 0.016744 0.001036 0.282120 0.010721 2.645243
0.622175 0.035318 0.031882 0.016758 0.001035 0.282093 0.010740 2.648707
0.622337 0.035228 0.031896 0.016771 0.001033 0.281979 0.010755 2.652200
0.622471 0.035176 0.031899 0.016765 0.001030 0.281892 0.010768 2.655658
0.622538 0.035266 0.031862 0.016697 0.001025 0.281828 0.010784 2.659012
0.622588 0.035288 0.031844 0.016643 0.001022 0.281816 0.010799 2.662441
0.622605 0.035268 0.031814 0.016658 0.001022 0.281824 0.010809 2.665878
0.622748 0.035271 0.031729 0.016684 0.001020 0.281727 0.010822 2.669288
0.622764 0.035323 0.031713 0.016669 0.001013 0.281686 0.010833 2.672701
0.622832 0.035356 0.031711 0.016653 0.001010 0.281591 0.010847 2.676118
0.623008 0.035246 0.031731 0.016582 0.001024 0.281552 0.010858 2.679586
0.623070 0.035217 0.031806 0.016554 0.001026 0.281453 0.010874 2.683085
0.623071 0.035292 0.031709 0.016603 0.001012 0.281429 0.010884 2.686488
0.623193 0.035320 0.031741 0.016609 0.001013 0.281234 0.010890 2.689951
0.623262 0.035277 0.031751 0.016624 0.001014 0.281170 0.010903 2.693457
0.623393 0.035231 0.031760 0.016650 0.001010 0.281038 0.010919 2.696849
0.623411 0.035211 0.031795 0.016603 0.001001 0.281048 0.010932 2.700325
0.623461 0.035166 0.031932 0.016602 0.001004 0.280893 0.010942 2.703829
0.623511 0.035223 0.031904 0.016604 0.001015 0.280790 0.010954 2.707230
0.623606 0.035139 0.031900 0.016544 0.001014 0.280827 0.010971 2.710703
0.623719 0.035120 0.031851 0.016545 0.001013 0.280768 0.010985 2.714153
0.623770 0.035112 0.031908 0.016550 0.001006 0.280661 0.010995 2.717600
0.623868 0.035040 0.031976 0.016517 0.000996 0.280593 0.011009 2.721107
0.623807 0.035131 0.031949 0.016494 0.001004 0.280595 0.011020 2.724547
0.623869 0.035165 0.031960 0.016507 0.001001 0.280461 0.011037 2.727976
0.623955 0.035277 0.031910 0.016441 0.001000 0.280367 0.011050 2.731345
0.624003 0.035224 0.031993 0.016439 0.000995 0.280286 0.011060 2.734818
0.624082 0.035096 0.031909 0.016473 0.000987 0.280377 0.011078 2.738271
0.624141 0.034997 0.031917 0.016458 0.000997 0.280402 0.011090 2.741795
0.624098 0.035122 0.031831 0.016426 0.000995 0.280428 0.011100 2.745143
0.624128 0.035106 0.031843 0.016422 0.001008 0.280385 0.011108 2.748608
0.624151 0.035142 0.031809 0.016409 0.001007 0.280361 0.011122 2.752051
0.624198 0.035210 0.031793 0.016391 0.001007 0.280273 0.011129 2.755400
0.624327 0.035171 0.031809 0.016364 0.001011 0.280180 0.011140 2.758871
0.624419 0.035137 0.031905 0.016324 0.001000 0.280063 0.011152 2.762348
0.624433 0.035191 0.031868 0.016336 0.000996 0.280010 0.011166 2.765818
0.624483 0.035220 0.031861 0.016365 0.000997 0.279902 0.011173 2.769274
0.624563 0.035172 0.031933 0.016336 0.001001 0.279807 0.011189 2.772761
0.624620 0.035172 0.031901 0.016353 0.001001 0.279754 0.011199 2.776192
0.624537 0.035205 0.031949 0.016392 0.000998 0.279705 0.011214 2.779692
0.624595 0.035247 0.031966 0.016448 0.000993 0.279523 0.011230 2.783142
0.624521 0.035248 0.031966 0.016418 0.001006 0.279600 0.011240 2.786653
0.624517 0.035212 0.031999 0.016436 0.000989 0.279589 0.011257 2.790147
0.624578 0.035215 0.031987 0.016469 0.000991 0.279489 0.011270 2.793591
0.624674 0.035193 0.032019 0.016493 0.000980 0.279354 0.011285 2.797051
0.624733 0.035250 0.031937 0.016511 0.000984 0.279290 0.011294 2.800458
0.624817 0.035201 0.031934 0.016530 0.000987 0.279227 0.011303 2.803944
0.624780 0.035202 0.031979 0.016534 0.000989 0.279203 0.011314 2.807408
0.624649 0.035226 0.032025 0.016529 0.000990 0.279251 0.011330 2.810907
0.624731 0.035248 0.031999 0.016544 0.000996 0.279142 0.011342 2.814369
0.624763 0.035203 0.031971 0.016533 0.001005 0.279171 0.011354 2.817814
0.624818 0.035190 0.031956 0.016494 0.001022 0.279159 0.011362 2.821248
0.624844 0.035119 0.031946 0.016548 0.001021 0.279144 0.011378 2.824757
0.624891 0.035113 0.031924 0.016550 0.001027 0.279106 0.011388 2.828180
0.624976 0.035149 0.031886 0.016512 0.001019 0.279056 0.011402 2.831588
0.624922 0.035145 0.031870 0.016532 0.001010 0.279106 0.011415 2.835015
0.624969 0.035198 0.031893 0.016466 0.001008 0.279041 0.011426 2.838439
0.624989 0.035192 0.031835 0.016519 0.001018 0.279013 0.011433 2.841868
0.625005 0.035173 0.031839 0.016509 0.001016 0.279011 0.011446 2.845335
0.625041 0.035172 0.031846 0.016484 0.001018 0.278982 0.011457 2.848760
0.625019 0.035261 0.031859 0.016490 0.001016 0.278883 0.011472 2.852214
0.625035 0.035210 0.031875 0.016476 0.001016 0.278901 0.011486 2.855674
0.625026 0.035227 0.031950 0.016471 0.001034 0.278799 0.011493 2.859141
0.625009 0.035260 0.031977 0.016406 0.001032 0.278809 0.011509 2.862617
0.625181 0.035383 0.031907 0.016353 0.001021 0.278627 0.011528 2.865927
0.625265 0.035415 0.031859 0.016326 0.001019 0.278573 0.011543 2.869354
0.625310 0.035422 0.031905 0.016340 0.001017 0.278453 0.011553 2.872782
0.625251 0.035393 0.031926 0.016360 0.001017 0.278487 0.011567 2.876296
0.625269 0.035512 0.031884 0.016302 0.001020 0.278433 0.011581 2.879690
0.625280 0.035555 0.031865 0.016297 0.001027 0.278384 0.011592 2.883125
0.625261 0.035606 0.031847 0.016286 0.001019 0.278376 0.011605 2.886573
0.625233 0.035614 0.031878 0.016341 0.001013 0.278305 0.011616 2.890080
0.625197 0.035596 0.031887 0.016362 0.001015 0.278319 0.011625 2.893599
0.625089 0.035625 0.031894 0.016423 0.001004 0.278326 0.011638 2.897093
0.625107 0.035507 0.031967 0.016431 0.000997 0.278342 0.011649 2.900673
0.625165 0.035516 0.031957 0.016426 0.000986 0.278290 0.011661 2.904091
0.625158 0.035520 0.031979 0.016457 0.000989 0.278225 0.011672 2.907574
0.625182 0.035482 0.031973 0.016489 0.000986 0.278204 0.011684 2.911062
0.625205 0.035442 0.031950 0.016487 0.000996 0.278223 0.011698 2.914535
0.625125 0.035436 0.032031 0.016479 0.001000 0.278221 0.011708 2.918016
0.625152 0.035411 0.032019 0.016481 0.001007 0.278212 0.011718 2.921473
0.625190 0.035332 0.032041 0.016470 0.001010 0.278226 0.011732 2.924969
0.625339 0.035258 0.032105 0.016465 0.001016 0.278075 0.011741 2.928475
0.625303 0.035282 0.032133 0.016435 0.001009 0.278083 0.011755 2.931894
0.625234 0.035357 0.032130 0.016457 0.001004 0.278052 0.011766 2.935347
0.625193 0.035299 0.032116 0.016507 0.001017 0.278090 0.011779 2.938834
0.625128 0.035299 0.032151 0.016452 0.001027 0.278150 0.011792 2.942290
0.625190 0.035302 0.032144 0.016478 0.001023 0.278053 0.011808 2.945758
0.625306 0.035253 0.032135 0.016495 0.001015 0.277975 0.011821 2.949188
0.625338 0.035232 0.032099 0.016485 0.001018 0.277996 0.011832 2.952670
0.625446 0.035322 0.032058 0.016435 0.001036 0.277859 0.011844 2.956020
0.625588 0.035186 0.032115 0.016447 0.001029 0.277778 0.011858 2.959507
0.625611 0.035218 0.032085 0.016417 0.001028 0.277770 0.011871 2.962952
0.625564 0.035325 0.032037 0.016351 0.001040 0.277800 0.011882 2.966350
0.625531 0.035313 0.032048 0.016290 0.001038 0.277884 0.011897 2.969814
0.625490 0.035329 0.032033 0.016353 0.001037 0.277846 0.011912 2.973294
0.625425 0.035408 0.031927 0.016378 0.001035 0.277901 0.011925 2.976709
0.625408 0.035335 0.031968 0.016405 0.001037 0.277907 0.011940 2.980227
0.625414 0.035459 0.031894 0.016382 0.001039 0.277859 0.011953 2.983562
0.625407 0.035442 0.031931 0.016411 0.001028 0.277816 0.011967 2.987052
0.625400 0.035386 0.031955 0.016425 0.001026 0.277826 0.011982 2.990570
0.625448 0.035303 0.031973 0.016413 0.001021 0.277843 0.011999 2.994062
0.625485 0.035271 0.031987 0.016387 0.001019 0.277838 0.012012 2.997511
0.625522 0.035228 0.032008 0.016420 0.001024 0.277777 0.012021 3.000999
0.625650 0.035224 0.032038 0.016376 0.001021 0.277653 0.012038 3.004408
0.625683 0.035213 0.031937 0.016461 0.001033 0.277623 0.012051 3.007869
0.625696 0.035250 0.031969 0.016500 0.001033 0.277488 0.012064 3.011338
0.625768 0.035170 0.032100 0.016497 0.001037 0.277356 0.012072 3.014884
0.625879 0.035105 0.032076 0.016441 0.001028 0.277384 0.012088 3.018296
0.625915 0.035101 0.032048 0.016439 0.001037 0.277357 0.012102 3.021721
0.625952 0.035091 0.031998 0.016455 0.001038 0.277354 0.012113 3.025170
0.625928 0.035181 0.031990 0.016500 0.001037 0.277239 0.012125 3.028607
0.626009 0.035114 0.031979 0.016535 0.001037 0.277186 0.012139 3.032090
0.626047 0.035105 0.031939 0.016534 0.001033 0.277194 0.012148 3.035498
0.626152 0.035007 0.031929 0.016549 0.001028 0.277172 0.012165 3.038960
0.626174 0.034979 0.031932 0.016529 0.001029 0.277182 0.012177 3.042402
0.626221 0.034909 0.031895 0.016535 0.001026 0.277224 0.012192 3.045858
0.626142 0.035082 0.031769 0.016509 0.001031 0.277262 0.012204 3.049181
0.626135 0.035050 0.031724 0.016504 0.001033 0.277335 0.012221 3.052653
0.626225 0.035029 0.031713 0.016525 0.001027 0.277249 0.012233 3.056085
0.626311 0.034988 0.031699 0.016521 0.001023 0.277213 0.012245 3.059492
0.626324 0.034953 0.031716 0.016529 0.001014 0.277206 0.012259 3.062975
0.626333 0.034952 0.031748 0.016487 0.001011 0.277201 0.012270 3.066402
0.626370 0.034916 0.031646 0.016494 0.001002 0.277289 0.012283 3.069838
0.626436 0.034889 0.031567 0.016536 0.001000 0.277279 0.012294 3.073245
0.626472 0.034883 0.031607 0.016498 0.001009 0.277232 0.012300 3.076674
0.626498 0.034954 0.031575 0.016516 0.001009 0.277133 0.012313 3.080033
0.626546 0.034989 0.031540 0.016556 0.001010 0.277032 0.012327 3.083461
0.626572 0.034921 0.031578 0.016593 0.001016 0.276981 0.012339 3.086947
0.626567 0.034974 0.031611 0.016556 0.001010 0.276935 0.012348 3.090368
0.626513 0.035016 0.031636 0.016543 0.001012 0.276919 0.012361 3.093784
0.626545 0.034922 0.031711 0.016613 0.001014 0.276822 0.012373 3.097265
0.626561 0.034950 0.031661 0.016608 0.001003 0.276826 0.012390 3.100674
0.626555 0.034976 0.031599 0.016591 0.001006 0.276870 0.012403 3.104074
0.626557 0.034889 0.031618 0.016649 0.001009 0.276864 0.012414 3.107594
0.626629 0.034831 0.031601 0.016638 0.000998 0.276875 0.012428 3.111009
0.626658 0.034819 0.031657 0.016616 0.001002 0.276810 0.012440 3.114446
0.626767 0.034775 0.031637 0.016571 0.001016 0.276785 0.012450 3.117873
0.626808 0.034710 0.031582 0.016565 0.001013 0.276858 0.012465 3.121282
0.626946 0.034604 0.031527 0.016553 0.001013 0.276877 0.012480 3.124691
0.627052 0.034538 0.031552 0.016509 0.001016 0.276841 0.012493 3.128113
0.627041 0.034395 0.031607 0.016523 0.001015 0.276914 0.012504 3.131612
0.627171 0.034407 0.031567 0.016480 0.001009 0.276850 0.012516 3.134976
0.627290 0.034450 0.031535 0.016453 0.001008 0.276736 0.012528 3.138341
0.627455 0.034384 0.031539 0.016411 0.001012 0.276656 0.012542 3.141742
0.627471 0.034428 0.031513 0.016414 0.001011 0.276607 0.012555 3.145110
0.627584 0.034406 0.031514 0.016418 0.001018 0.276494 0.012567 3.148494
0.627618 0.034394 0.031453 0.016373 0.001020 0.276562 0.012579 3.151891
0.627745 0.034364 0.031418 0.016332 0.001018 0.276534 0.012590 3.155293
0.627766 0.034475 0.031412 0.016292 0.001017 0.276439 0.012600 3.158632
0.627815 0.034504 0.031356 0.016333 0.001027 0.276356 0.012609 3.162023
0.627981 0.034457 0.031292 0.016322 0.001024 0.276304 0.012620 3.165390
0.627995 0.034453 0.031334 0.016311 0.001019 0.276257 0.012632 3.168827
0.627961 0.034432 0.031405 0.016316 0.001014 0.276230 0.012643 3.172271
0.628042 0.034418 0.031379 0.016333 0.001018 0.276155 0.012656 3.175664
0.627995 0.034517 0.031388 0.016305 0.001013 0.276111 0.012670 3.179042
0.627978 0.034540 0.031399 0.016299 0.001018 0.276086 0.012681 3.182451
0.627952 0.034659 0.031393 0.016305 0.001023 0.275971 0.012697 3.185810
0.627965 0.034662 0.031393 0.016341 0.001025 0.275907 0.012707 3.189244
0.628007 0.034690 0.031421 0.016324 0.001026 0.275818 0.012716 3.192627
0.627985 0.034736 0.031400 0.016277 0.001024 0.275846 0.012732 3.196028
0.628099 0.034706 0.031338 0.016276 0.001027 0.275809 0.012745 3.199414
0.628096 0.034734 0.031403 0.016239 0.001020 0.275753 0.012756 3.202848
0.627998 0.034754 0.031382 0.016244 0.001013 0.275839 0.012769 3.206289
0.627930 0.034901 0.031334 0.016258 0.001009 0.275786 0.012781 3.209648
0.627876 0.034968 0.031324 0.016267 0.001014 0.275760 0.012791 3.213065
0.627883 0.034964 0.031392 0.016307 0.001016 0.275637 0.012802 3.216500
0.627970 0.034951 0.031407 0.016348 0.001020 0.275492 0.012813 3.219903
0.627955 0.034952 0.031441 0.016332 0.001020 0.275473 0.012828 3.223375
0.627923 0.035047 0.031403 0.016334 0.001026 0.275424 0.012843 3.226748
0.627830 0.035179 0.031340 0.016332 0.001019 0.275445 0.012854 3.230122
0.627777 0.035174 0.031393 0.016376 0.001015 0.275395 0.012869 3.233599
0.627745 0.035202 0.031391 0.016380 0.001020 0.275375 0.012886 3.237033
0.627762 0.035233 0.031359 0.016352 0.001038 0.275362 0.012895 3.240437
0.627736 0.035213 0.031364 0.016362 0.001030 0.275390 0.012906 3.243898
0.627746 0.035199 0.031415 0.016314 0.001031 0.275374 0.012920 3.247375
0.627760 0.035204 0.031355 0.016367 0.001039 0.275348 0.012927 3.250742
0.627761 0.035160 0.031446 0.016364 0.001040 0.275293 0.012937 3.254255
0.627852 0.035098 0.031504 0.016338 0.001031 0.275226 0.012951 3.257719
0.627749 0.035185 0.031582 0.016310 0.001034 0.275181 0.012959 3.261150
0.627810 0.035144 0.031638 0.016329 0.001037 0.275065 0.012976 3.264620
0.627794 0.035138 0.031601 0.016339 0.001029 0.275107 0.012991 3.268079
0.627725 0.035118 0.031655 0.016322 0.001035 0.275144 0.013002 3.271573
0.627735 0.035088 0.031736 0.016337 0.001039 0.275050 0.013015 3.275035
0.627672 0.035072 0.031724 0.016378 0.001040 0.275090 0.013024 3.278547
0.627511 0.035137 0.031777 0.016372 0.001032 0.275132 0.013038 3.281997
0.627495 0.035180 0.031744 0.016346 0.001032 0.275153 0.013052 3.285428
0.627538 0.035117 0.031767 0.016362 0.001040 0.275113 0.013062 3.288887
0.627611 0.035084 0.031741 0.016343 0.001042 0.275104 0.013075 3.292290
0.627598 0.035151 0.031786 0.016359 0.001044 0.274975 0.013088 3.295772
0.627528 0.035159 0.031733 0.016362 0.001039 0.275077 0.013101 3.299240
0.627465 0.035164 0.031653 0.016375 0.001040 0.275188 0.013116 3.302688
0.627444 0.035161 0.031648 0.016364 0.001049 0.275207 0.013127 3.306107
0.627392 0.035153 0.031657 0.016417 0.001041 0.275200 0.013139 3.309605
0.627352 0.035162 0.031676 0.016454 0.001029 0.275174 0.013154 3.313047
0.627364 0.035191 0.031632 0.016447 0.001031 0.275171 0.013165 3.316481
0.627303 0.035198 0.031624 0.016467 0.001031 0.275196 0.013180 3.319904
0.627232 0.035298 0.031631 0.016489 0.001030 0.275127 0.013193 3.323343
0.627202 0.035287 0.031705 0.016487 0.001025 0.275086 0.013207 3.326813
0.627184 0.035181 0.031751 0.016496 0.001018 0.275146 0.013224 3.330308
0.627250 0.035123 0.031675 0.016531 0.001014 0.275170 0.013237 3.333773
0.627248 0.035107 0.031652 0.016524 0.001018 0.275201 0.013249 3.337190
0.627275 0.035105 0.031601 0.016502 0.001011 0.275242 0.013264 3.340624
0.627280 0.035162 0.031548 0.016510 0.001015 0.275211 0.013274 3.344031
0.627290 0.035184 0.031545 0.016470 0.001014 0.275207 0.013290 3.347460
0.627270 0.035211 0.031646 0.016480 0.001017 0.275070 0.013305 3.350930
0.627297 0.035214 0.031620 0.016421 0.001021 0.275109 0.013318 3.354341
0.627287 0.035193 0.031667 0.016344 0.001020 0.275160 0.013329 3.357760
0.627315 0.035139 0.031679 0.016332 0.001028 0.275166 0.013340 3.361220
0.627377 0.035101 0.031676 0.016333 0.001037 0.275126 0.013351 3.364664
0.627374 0.035078 0.031648 0.016321 0.001035 0.275179 0.013364 3.368073
0.627357 0.035031 0.031732 0.016301 0.001036 0.275164 0.013379 3.371515
0.627355 0.034957 0.031861 0.016262 0.001039 0.275136 0.013390 3.375027
0.627440 0.034991 0.031840 0.016202 0.001037 0.275089 0.013401 3.378406
0.627419 0.034951 0.031802 0.016220 0.001037 0.275158 0.013413 3.381868
0.627375 0.035029 0.031780 0.016219 0.001033 0.275136 0.013427 3.385256
0.627280 0.035112 0.031752 0.016208 0.001033 0.275173 0.013441 3.388636
0.627190 0.035121 0.031803 0.016266 0.001020 0.275144 0.013456 3.392117
0.627128 0.035161 0.031842 0.016289 0.001019 0.275095 0.013466 3.395593
0.627236 0.035021 0.031860 0.016285 0.001022 0.275101 0.013474 3.399103
0.627160 0.035053 0.031782 0.016287 0.001022 0.275208 0.013486 3.402523
0.627081 0.035074 0.031773 0.016344 0.001024 0.275210 0.013495 3.405994
0.627133 0.035048 0.031830 0.016335 0.001021 0.275125 0.013508 3.409451
0.627167 0.034978 0.031837 0.016392 0.001018 0.275082 0.013525 3.412937
0.627183 0.035085 0.031731 0.016344 0.001013 0.275105 0.013540 3.416254
0.627120 0.035187 0.031724 0.016329 0.001012 0.275073 0.013554 3.419634
0.627140 0.035175 0.031687 0.016352 0.001006 0.275073 0.013567 3.423088
0.626978 0.035208 0.031790 0.016391 0.001006 0.275046 0.013580 3.426590
0.627011 0.035191 0.031757 0.016440 0.001003 0.275010 0.013589 3.430033
0.626959 0.035137 0.031856 0.016417 0.001008 0.275024 0.013598 3.433552
0.626903 0.035190 0.031838 0.016349 0.001010 0.275098 0.013612 3.436928
0.626868 0.035173 0.031915 0.016336 0.001005 0.275079 0.013625 3.440402
0.626793 0.035163 0.031891 0.016388 0.001008 0.275120 0.013636 3.443878
0.626816 0.035100 0.031852 0.016442 0.001013 0.275128 0.013650 3.447340
0.626931 0.034977 0.031864 0.016391 0.001016 0.275161 0.013659 3.450805
0.626986 0.034986 0.031815 0.016379 0.001019 0.275146 0.013670 3.454220
0.627035 0.034919 0.031905 0.016383 0.001010 0.275065 0.013682 3.457701
0.627039 0.034905 0.031962 0.016396 0.000997 0.275004 0.013697 3.461137
0.627022 0.034902 0.031944 0.016362 0.000999 0.275059 0.013712 3.464597
0.627093 0.034846 0.031971 0.016359 0.001012 0.274993 0.013725 3.468046
0.627071 0.034858 0.031910 0.016396 0.001004 0.275025 0.013737 3.471439
0.627109 0.034820 0.031861 0.016400 0.001003 0.275055 0.013752 3.474861
0.627122 0.034905 0.031779 0.016363 0.001000 0.275064 0.013767 3.478186
0.627181 0.034972 0.031747 0.016279 0.001009 0.275034 0.013779 3.481533
0.627238 0.034910 0.031805 0.016263 0.001020 0.274973 0.013791 3.484999
0.627294 0.034894 0.031840 0.016266 0.001015 0.274888 0.013802 3.488398
0.627291 0.034859 0.031771 0.016276 0.001026 0.274964 0.013814 3.491808
0.627259 0.034879 0.031759 0.016292 0.001023 0.274960 0.013827 3.495226
0.627322 0.034846 0.031808 0.016285 0.001016 0.274881 0.013843 3.498646
0.627440 0.034852 0.031792 0.016265 0.001020 0.274781 0.013852 3.502068
0.627486 0.034814 0.031811 0.016241 0.001027 0.274759 0.013862 3.505505
0.627553 0.034868 0.031754 0.016260 0.001031 0.274658 0.013875 3.508875
0.627659 0.034736 0.031680 0.016327 0.001029 0.274681 0.013889 3.512342
0.627690 0.034773 0.031653 0.016302 0.001025 0.274649 0.013908 3.515719
0.627809 0.034736 0.031645 0.016321 0.001020 0.274548 0.013921 3.519138
0.627794 0.034700 0.031639 0.016336 0.001027 0.274570 0.013934 3.522542
0.627810 0.034739 0.031611 0.016310 0.001023 0.274560 0.013947 3.525909
0.627753 0.034809 0.031628 0.016311 0.001020 0.274521 0.013959 3.529320
0.627795 0.034731 0.031752 0.016329 0.001015 0.274404 0.013974 3.532778
0.627832 0.034719 0.031820 0.016332 0.001020 0.274292 0.013985 3.536211
0.627786 0.034715 0.031834 0.016365 0.001018 0.274287 0.013995 3.539665
0.627675 0.034717 0.031897 0.016409 0.001017 0.274273 0.014012 3.543130
0.627676 0.034716 0.031898 0.016415 0.001016 0.274254 0.014026 3.546582
0.627627 0.034812 0.031772 0.016392 0.001017 0.274337 0.014042 3.549942
