0.342345 0.062455 0.056408 0.032439 0.002133 0.498001 0.006219 1.630870
0.344884 0.060153 0.056287 0.032188 0.002127 0.498115 0.006248 1.636790
0.348173 0.057296 0.056079 0.031864 0.002129 0.498186 0.006274 1.642587
0.352079 0.054231 0.055685 0.031388 0.002130 0.498185 0.006301 1.648021
0.356301 0.051135 0.055157 0.030767 0.002130 0.498185 0.006325 1.653113
0.360807 0.047919 0.054555 0.030165 0.002137 0.498064 0.006351 1.658024
0.365465 0.044887 0.053758 0.029470 0.002117 0.497926 0.006378 1.662539
0.370302 0.041924 0.052993 0.028723 0.002101 0.497544 0.006413 1.666852
0.375217 0.039275 0.051918 0.027923 0.002090 0.497140 0.006437 1.670752
0.380367 0.036592 0.050914 0.027119 0.002081 0.496466 0.006462 1.674556
0.385440 0.034224 0.049635 0.026355 0.002064 0.495791 0.006491 1.678035
0.390601 0.031973 0.048461 0.025492 0.002038 0.494918 0.006517 1.681318
0.395851 0.029889 0.047134 0.024609 0.002025 0.493945 0.006547 1.684354
0.401113 0.027944 0.045762 0.023728 0.002000 0.492883 0.006570 1.687177
0.406370 0.026211 0.044347 0.022860 0.001991 0.491631 0.006590 1.689777
0.411622 0.024577 0.042896 0.022023 0.001973 0.490293 0.006616 1.692291
0.416903 0.023059 0.041518 0.021194 0.001952 0.488728 0.006646 1.694605
0.422203 0.021622 0.040184 0.020349 0.001938 0.487037 0.006668 1.696821
0.427506 0.020341 0.038722 0.019545 0.001924 0.485268 0.006693 1.698863
0.432883 0.019165 0.037265 0.018764 0.001893 0.483312 0.006719 1.700762
0.438143 0.018045 0.035866 0.018037 0.001882 0.481293 0.006734 1.702594
0.443397 0.017048 0.034539 0.017276 0.001852 0.479130 0.006759 1.704298
0.448571 0.016130 0.033188 0.016552 0.001824 0.476950 0.006785 1.705912
0.453865 0.015251 0.031968 0.015848 0.001801 0.474460 0.006809 1.707431
0.459233 0.014422 0.030739 0.015185 0.001764 0.471823 0.006834 1.708912
0.464394 0.013750 0.029536 0.014511 0.001739 0.469219 0.006852 1.710255
0.469486 0.013103 0.028445 0.013888 0.001701 0.466503 0.006875 1.711572
0.474554 0.012450 0.027340 0.013319 0.001674 0.463768 0.006897 1.712863
0.479741 0.011915 0.026248 0.012765 0.001634 0.460781 0.006917 1.714030
0.484847 0.011394 0.025195 0.012218 0.001609 0.457803 0.006934 1.715179
0.489947 0.010872 0.024247 0.011705 0.001570 0.454701 0.006958 1.716307
0.495035 0.010434 0.023231 0.011220 0.001547 0.451556 0.006978 1.717339
0.500039 0.010033 0.022253 0.010785 0.001514 0.448375 0.007000 1.718337
0.505134 0.009601 0.021374 0.010377 0.001485 0.445014 0.007017 1.719319
0.510008 0.009250 0.020523 0.009975 0.001456 0.441754 0.007034 1.720255
0.515006 0.008924 0.019688 0.009537 0.001423 0.438369 0.007052 1.721150
0.519952 0.008604 0.018959 0.009140 0.001396 0.434881 0.007069 1.722022
0.524830 0.008325 0.018242 0.008728 0.001367 0.431421 0.007088 1.722853
0.529587 0.008059 0.017528 0.008342 0.001342 0.428044 0.007099 1.723677
0.534423 0.007820 0.016842 0.008030 0.001305 0.424471 0.007110 1.724443
0.539152 0.007591 0.016166 0.007681 0.001272 0.421009 0.007130 1.725202
0.543878 0.007406 0.015512 0.007371 0.001235 0.417449 0.007149 1.725928
0.548557 0.007231 0.014909 0.007084 0.001204 0.413853 0.007164 1.726636
0.553187 0.007039 0.014311 0.006803 0.001178 0.410307 0.007176 1.727336
0.557872 0.006875 0.013739 0.006560 0.001143 0.406615 0.007197 1.728025
0.562459 0.006696 0.013247 0.006326 0.001115 0.402948 0.007211 1.728699
0.566860 0.006544 0.012752 0.006082 0.001088 0.399448 0.007227 1.729358
0.571352 0.006379 0.012324 0.005858 0.001065 0.395780 0.007243 1.730024
0.575762 0.006244 0.011911 0.005641 0.001041 0.392147 0.007256 1.730649
0.580145 0.006141 0.011489 0.005436 0.001017 0.388502 0.007270 1.731236
0.584414 0.006021 0.011102 0.005259 0.000995 0.384932 0.007279 1.731843
0.588669 0.005870 0.010793 0.005064 0.000966 0.381347 0.007292 1.732486
0.592885 0.005768 0.010420 0.004921 0.000942 0.377757 0.007307 1.733079
0.597055 0.005693 0.010064 0.004748 0.000913 0.374207 0.007321 1.733623
0.601217 0.005634 0.009751 0.004591 0.000889 0.370585 0.007334 1.734181
0.605370 0.005588 0.009437 0.004454 0.000862 0.366943 0.007347 1.734730
0.609424 0.005504 0.009146 0.004298 0.000846 0.363426 0.007357 1.735273
0.613469 0.005417 0.008863 0.004164 0.000823 0.359896 0.007368 1.735813
0.617447 0.005366 0.008584 0.004011 0.000801 0.356409 0.007382 1.736332
0.621372 0.005332 0.008312 0.003905 0.000786 0.352902 0.007391 1.736842
0.625290 0.005260 0.008124 0.003802 0.000767 0.349359 0.007400 1.737395
0.629015 0.005253 0.007907 0.003690 0.000739 0.345982 0.007414 1.737905
0.632805 0.005180 0.007690 0.003600 0.000717 0.342579 0.007429 1.738427
0.636641 0.005119 0.007503 0.003496 0.000698 0.339108 0.007438 1.738925
0.640432 0.005083 0.007301 0.003406 0.000679 0.335651 0.007449 1.739425
0.644161 0.005052 0.007120 0.003318 0.000660 0.332229 0.007460 1.739912
0.647869 0.005001 0.006930 0.003260 0.000644 0.328827 0.007469 1.740405
0.651466 0.004971 0.006773 0.003201 0.000626 0.325485 0.007478 1.740896
0.654980 0.004963 0.006637 0.003140 0.000610 0.322185 0.007487 1.741378
0.658516 0.004982 0.006488 0.003060 0.000591 0.318869 0.007495 1.741833
0.661990 0.004991 0.006363 0.002999 0.000577 0.315579 0.007501 1.742324
0.665374 0.004969 0.006262 0.002938 0.000560 0.312388 0.007508 1.742823
0.668802 0.004945 0.006150 0.002888 0.000545 0.309158 0.007514 1.743302
0.672172 0.004930 0.006053 0.002829 0.000533 0.305965 0.007519 1.743793
0.675439 0.004939 0.005951 0.002779 0.000519 0.302849 0.007524 1.744287
0.678812 0.004932 0.005862 0.002739 0.000505 0.299620 0.007531 1.744765
0.682139 0.004906 0.005783 0.002702 0.000494 0.296442 0.007535 1.745276
0.685421 0.004914 0.005701 0.002656 0.000482 0.293287 0.007539 1.745754
0.688513 0.004896 0.005617 0.002623 0.000470 0.290336 0.007546 1.746260
0.691663 0.004865 0.005550 0.002601 0.000460 0.287309 0.007553 1.746751
0.694777 0.004869 0.005503 0.002586 0.000448 0.284260 0.007558 1.747228
0.697887 0.004882 0.005407 0.002581 0.000433 0.281247 0.007563 1.747711
0.700932 0.004883 0.005338 0.002554 0.000422 0.278303 0.007567 1.748203
0.703873 0.004879 0.005287 0.002523 0.000408 0.275457 0.007574 1.748688
0.706889 0.004899 0.005230 0.002495 0.000393 0.272513 0.007581 1.749157
0.709857 0.004901 0.005127 0.002463 0.000384 0.269681 0.007589 1.749626
0.712702 0.004890 0.005067 0.002465 0.000374 0.266910 0.007593 1.750123
0.715448 0.004909 0.005036 0.002422 0.000371 0.264217 0.007598 1.750602
0.718314 0.004923 0.005015 0.002415 0.000362 0.261369 0.007602 1.751100
0.721018 0.004968 0.004991 0.002405 0.000347 0.258661 0.007610 1.751588
0.723753 0.004990 0.004964 0.002401 0.000345 0.255934 0.007614 1.752087
0.726492 0.005022 0.004964 0.002376 0.000339 0.253191 0.007618 1.752579
0.729077 0.005064 0.004927 0.002364 0.000330 0.250618 0.007621 1.753078
0.731659 0.005065 0.004910 0.002353 0.000322 0.248069 0.007624 1.753588
0.734248 0.005119 0.004913 0.002350 0.000312 0.245428 0.007630 1.754092
0.736759 0.005168 0.004907 0.002349 0.000309 0.242876 0.007633 1.754592
0.739245 0.005187 0.004922 0.002337 0.000299 0.240374 0.007637 1.755099
0.741669 0.005199 0.004949 0.002328 0.000292 0.237922 0.007641 1.755621
0.744090 0.005220 0.004948 0.002336 0.000284 0.235478 0.007644 1.756143
0.746511 0.005274 0.004963 0.002329 0.000279 0.232998 0.007647 1.756641
0.748876 0.005325 0.004946 0.002325 0.000270 0.230609 0.007650 1.757158
0.751193 0.005356 0.004934 0.002317 0.000271 0.228277 0.007653 1.757682
0.753431 0.005457 0.004939 0.002309 0.000260 0.225948 0.007657 1.758190
0.755612 0.005530 0.004965 0.002327 0.000256 0.223652 0.007660 1.758733
0.757823 0.005573 0.004978 0.002337 0.000247 0.221378 0.007666 1.759281
0.759962 0.005611 0.004981 0.002352 0.000243 0.219182 0.007671 1.759831
0.762118 0.005672 0.004957 0.002359 0.000242 0.216980 0.007673 1.760367
0.764238 0.005700 0.004982 0.002360 0.000242 0.214804 0.007674 1.760930
0.766296 0.005743 0.005027 0.002342 0.000234 0.212681 0.007678 1.761503
0.768323 0.005792 0.005024 0.002359 0.000227 0.210593 0.007682 1.762059
0.770325 0.005854 0.005072 0.002353 0.000222 0.208489 0.007687 1.762606
0.772251 0.005931 0.005082 0.002363 0.000220 0.206465 0.007689 1.763174
0.774245 0.006005 0.005105 0.002384 0.000220 0.204351 0.007691 1.763759
0.776091 0.006091 0.005115 0.002406 0.000216 0.202386 0.007696 1.764345
0.777979 0.006153 0.005142 0.002416 0.000218 0.200396 0.007697 1.764938
0.779797 0.006209 0.005191 0.002424 0.000212 0.198467 0.007700 1.765558
0.781657 0.006280 0.005214 0.002448 0.000208 0.196488 0.007704 1.766180
0.783417 0.006362 0.005246 0.002463 0.000211 0.194594 0.007707 1.766779
0.785191 0.006446 0.005282 0.002458 0.000210 0.192705 0.007709 1.767377
0.786841 0.006513 0.005327 0.002487 0.000209 0.190911 0.007712 1.768019
0.788421 0.006604 0.005389 0.002499 0.000213 0.189165 0.007712 1.768668
0.790060 0.006635 0.005461 0.002542 0.000212 0.187375 0.007715 1.769339
0.791665 0.006728 0.005497 0.002555 0.000210 0.185627 0.007719 1.769972
0.793176 0.006839 0.005586 0.002576 0.000209 0.183894 0.007721 1.770648
0.794701 0.006973 0.005647 0.002589 0.000204 0.182163 0.007724 1.771302
0.796180 0.007098 0.005692 0.002615 0.000201 0.180490 0.007724 1.771950
0.797676 0.007200 0.005706 0.002651 0.000201 0.178840 0.007728 1.772606
0.799063 0.007292 0.005763 0.002689 0.000199 0.177262 0.007731 1.773297
0.800487 0.007378 0.005829 0.002700 0.000194 0.175677 0.007736 1.774004
0.801828 0.007458 0.005875 0.002758 0.000189 0.174153 0.007740 1.774751
0.803163 0.007561 0.005910 0.002812 0.000186 0.172626 0.007742 1.775465
0.804463 0.007647 0.006002 0.002850 0.000184 0.171109 0.007744 1.776201
0.805846 0.007674 0.006113 0.002878 0.000185 0.169558 0.007746 1.776959
0.807155 0.007730 0.006164 0.002934 0.000182 0.168088 0.007748 1.777719
0.808408 0.007770 0.006287 0.003002 0.000182 0.166600 0.007751 1.778507
0.809650 0.007843 0.006374 0.003010 0.000182 0.165187 0.007755 1.779284
0.810912 0.007919 0.006425 0.003077 0.000183 0.163728 0.007757 1.780069
0.812060 0.008013 0.006506 0.003107 0.000182 0.162374 0.007758 1.780849
0.813176 0.008119 0.006556 0.003145 0.000177 0.161065 0.007761 1.781654
0.814282 0.008214 0.006630 0.003166 0.000177 0.159769 0.007763 1.782459
0.815409 0.008276 0.006698 0.003202 0.000178 0.158473 0.007764 1.783288
0.816494 0.008404 0.006782 0.003214 0.000180 0.157161 0.007766 1.784086
0.817542 0.008486 0.006826 0.003250 0.000185 0.155944 0.007768 1.784907
0.818592 0.008572 0.006887 0.003279 0.000183 0.154717 0.007770 1.785733
0.819550 0.008676 0.006966 0.003322 0.000185 0.153526 0.007774 1.786584
0.820438 0.008763 0.007085 0.003374 0.000186 0.152377 0.007776 1.787490
0.821452 0.008795 0.007174 0.003388 0.000187 0.151227 0.007778 1.788370
0.822388 0.008855 0.007250 0.003433 0.000189 0.150103 0.007781 1.789250
0.823226 0.009000 0.007311 0.003452 0.000188 0.149040 0.007783 1.790083
0.824041 0.009129 0.007400 0.003477 0.000184 0.147984 0.007786 1.790960
0.824903 0.009219 0.007464 0.003528 0.000188 0.146910 0.007787 1.791868
0.825724 0.009282 0.007549 0.003579 0.000186 0.145891 0.007789 1.792795
0.826557 0.009324 0.007632 0.003649 0.000188 0.144858 0.007794 1.793746
0.827356 0.009406 0.007771 0.003695 0.000188 0.143789 0.007797 1.794714
0.828123 0.009491 0.007840 0.003732 0.000184 0.142827 0.007801 1.795646
0.828827 0.009564 0.007916 0.003772 0.000187 0.141929 0.007806 1.796597
0.829540 0.009663 0.007987 0.003808 0.000189 0.141002 0.007810 1.797526
0.830258 0.009759 0.008050 0.003821 0.000187 0.140111 0.007813 1.798475
0.830960 0.009811 0.008143 0.003870 0.000191 0.139211 0.007814 1.799468
0.831625 0.009841 0.008248 0.003906 0.000196 0.138368 0.007816 1.800473
0.832266 0.009963 0.008293 0.003931 0.000198 0.137532 0.007818 1.801427
0.832834 0.010054 0.008374 0.003967 0.000201 0.136749 0.007820 1.802414
0.833479 0.010145 0.008448 0.003994 0.000205 0.135907 0.007822 1.803409
0.834175 0.010163 0.008498 0.004055 0.000208 0.135078 0.007823 1.804438
0.834823 0.010256 0.008543 0.004102 0.000210 0.134239 0.007828 1.805428
0.835349 0.010344 0.008616 0.004142 0.000213 0.133502 0.007832 1.806459
0.835950 0.010399 0.008673 0.004201 0.000212 0.132731 0.007836 1.807480
0.836580 0.010398 0.008730 0.004229 0.000216 0.132011 0.007837 1.808517
0.837090 0.010452 0.008796 0.004257 0.000217 0.131350 0.007839 1.809550
0.837626 0.010545 0.008824 0.004257 0.000220 0.130687 0.007841 1.810538
0.838168 0.010626 0.008892 0.004284 0.000226 0.129962 0.007843 1.811560
0.838651 0.010701 0.008949 0.004326 0.000226 0.129302 0.007846 1.812592
0.839156 0.010735 0.009050 0.004372 0.000229 0.128610 0.007848 1.813688
0.839687 0.010814 0.009106 0.004392 0.000233 0.127917 0.007851 1.814733
0.840182 0.010833 0.009212 0.004437 0.000236 0.127247 0.007853 1.815842
0.840660 0.010844 0.009262 0.004464 0.000239 0.126676 0.007856 1.816919
0.841078 0.010883 0.009325 0.004526 0.000241 0.126089 0.007857 1.818009
0.841481 0.010923 0.009393 0.004555 0.000239 0.125547 0.007862 1.819134
0.841904 0.010995 0.009504 0.004558 0.000236 0.124937 0.007867 1.820222
0.842250 0.011076 0.009602 0.004564 0.000240 0.124398 0.007870 1.821333
0.842615 0.011155 0.009684 0.004600 0.000243 0.123832 0.007871 1.822452
0.843009 0.011186 0.009755 0.004646 0.000240 0.123291 0.007872 1.823578
0.843414 0.011261 0.009782 0.004646 0.000245 0.122777 0.007876 1.824649
0.843781 0.011344 0.009799 0.004684 0.000250 0.122264 0.007878 1.825749
0.844213 0.011356 0.009865 0.004715 0.000252 0.121718 0.007882 1.826862
0.844573 0.011361 0.009924 0.004758 0.000257 0.121244 0.007883 1.828014
0.844873 0.011403 0.009962 0.004790 0.000263 0.120823 0.007886 1.829139
0.845148 0.011500 0.010018 0.004740 0.000261 0.120443 0.007890 1.830219
0.845490 0.011519 0.010052 0.004792 0.000260 0.119991 0.007895 1.831359
0.845824 0.011546 0.010141 0.004814 0.000264 0.119515 0.007897 1.832505
0.846157 0.011599 0.010171 0.004841 0.000259 0.119074 0.007900 1.833618
0.846486 0.011655 0.010206 0.004860 0.000258 0.118631 0.007904 1.834745
0.846796 0.011688 0.010288 0.004882 0.000262 0.118176 0.007908 1.835902
0.847142 0.011701 0.010356 0.004865 0.000260 0.117765 0.007911 1.837058
0.847327 0.011801 0.010426 0.004896 0.000262 0.117373 0.007915 1.838213
0.847633 0.011841 0.010420 0.004891 0.000270 0.117029 0.007916 1.839346
0.847960 0.011869 0.010513 0.004904 0.000271 0.116565 0.007918 1.840492
0.848232 0.011890 0.010522 0.004922 0.000275 0.116237 0.007922 1.841660
0.848523 0.011924 0.010522 0.004942 0.000273 0.115892 0.007924 1.842790
0.848850 0.011934 0.010577 0.004945 0.000273 0.115492 0.007929 1.843947
0.849177 0.011954 0.010627 0.004963 0.000276 0.115073 0.007930 1.845116
0.849362 0.011996 0.010667 0.004990 0.000280 0.114772 0.007932 1.846309
0.849610 0.012009 0.010672 0.005019 0.000279 0.114477 0.007934 1.847491
0.849845 0.012099 0.010687 0.005013 0.000277 0.114140 0.007939 1.848624
0.850047 0.012144 0.010714 0.005019 0.000281 0.113852 0.007942 1.849794
0.850249 0.012236 0.010728 0.005019 0.000281 0.113542 0.007945 1.850945
0.850450 0.012238 0.010802 0.005033 0.000283 0.113246 0.007948 1.852154
0.850693 0.012252 0.010809 0.005078 0.000286 0.112932 0.007951 1.853345
0.850922 0.012273 0.010837 0.005108 0.000284 0.112624 0.007953 1.854511
0.851136 0.012252 0.010887 0.005141 0.000288 0.112339 0.007957 1.855712
0.851323 0.012263 0.010956 0.005132 0.000291 0.112074 0.007961 1.856925
0.851495 0.012230 0.011038 0.005154 0.000293 0.111823 0.007967 1.858172
0.851655 0.012262 0.011100 0.005179 0.000297 0.111537 0.007970 1.859357
0.851867 0.012277 0.011143 0.005181 0.000294 0.111263 0.007974 1.860567
0.852087 0.012248 0.011153 0.005205 0.000298 0.111033 0.007976 1.861743
0.852270 0.012302 0.011157 0.005167 0.000303 0.110822 0.007979 1.862899
0.852483 0.012291 0.011148 0.005157 0.000307 0.110633 0.007981 1.864072
0.852626 0.012265 0.011182 0.005189 0.000307 0.110447 0.007984 1.865301
0.852786 0.012297 0.011172 0.005219 0.000310 0.110228 0.007988 1.866501
0.852933 0.012310 0.011132 0.005226 0.000307 0.110100 0.007992 1.867694
0.853189 0.012248 0.011160 0.005219 0.000309 0.109881 0.007994 1.868903
0.853380 0.012162 0.011203 0.005234 0.000314 0.109711 0.007997 1.870163
0.853560 0.012118 0.011250 0.005243 0.000316 0.109515 0.007999 1.871386
0.853738 0.012103 0.011217 0.005229 0.000322 0.109386 0.008004 1.872559
0.853929 0.012070 0.011203 0.005288 0.000326 0.109177 0.008006 1.873764
0.854113 0.012082 0.011203 0.005280 0.000323 0.108989 0.008010 1.874952
0.854314 0.012056 0.011219 0.005297 0.000327 0.108776 0.008012 1.876157
0.854514 0.012036 0.011236 0.005280 0.000323 0.108596 0.008015 1.877337
0.854704 0.012026 0.011244 0.005246 0.000325 0.108435 0.008020 1.878506
0.854848 0.012041 0.011248 0.005247 0.000324 0.108271 0.008021 1.879683
0.854977 0.011968 0.011258 0.005262 0.000326 0.108184 0.008025 1.880917
0.855165 0.011954 0.011194 0.005269 0.000323 0.108067 0.008028 1.882071
0.855369 0.011930 0.011224 0.005263 0.000320 0.107863 0.008032 1.883228
0.855502 0.011929 0.011187 0.005256 0.000322 0.107770 0.008034 1.884383
0.855684 0.011916 0.011154 0.005253 0.000315 0.107638 0.008039 1.885549
0.855988 0.011816 0.011160 0.005218 0.000313 0.107459 0.008045 1.886713
0.856243 0.011687 0.011195 0.005235 0.000313 0.107277 0.008048 1.887920
0.856476 0.011651 0.011217 0.005222 0.000312 0.107068 0.008055 1.889071
0.856716 0.011689 0.011187 0.005218 0.000311 0.106822 0.008057 1.890169
0.856956 0.011667 0.011167 0.005227 0.000313 0.106607 0.008063 1.891304
0.857137 0.011624 0.011186 0.005226 0.000318 0.106441 0.008068 1.892455
0.857361 0.011589 0.011152 0.005189 0.000321 0.106317 0.008072 1.893585
0.857561 0.011610 0.011077 0.005162 0.000318 0.106194 0.008079 1.894686
0.857828 0.011565 0.011025 0.005149 0.000318 0.106033 0.008083 1.895827
0.857990 0.011594 0.011009 0.005134 0.000320 0.105868 0.008086 1.896941
0.858187 0.011579 0.010996 0.005127 0.000317 0.105703 0.008091 1.898066
0.858303 0.011599 0.011014 0.005128 0.000318 0.105544 0.008096 1.899207
0.858507 0.011552 0.011017 0.005173 0.000304 0.105344 0.008105 1.900390
0.858657 0.011557 0.010986 0.005137 0.000306 0.105250 0.008108 1.901503
0.858889 0.011471 0.010936 0.005117 0.000305 0.105170 0.008113 1.902645
0.859118 0.011378 0.010939 0.005115 0.000303 0.105030 0.008118 1.903812
0.859329 0.011369 0.010885 0.005129 0.000302 0.104864 0.008122 1.904914
0.859558 0.011378 0.010832 0.005097 0.000298 0.104713 0.008126 1.905988
0.859772 0.011415 0.010818 0.005060 0.000300 0.104506 0.008130 1.907052
0.860001 0.011323 0.010872 0.005044 0.000295 0.104330 0.008135 1.908213
0.860221 0.011286 0.010892 0.005030 0.000292 0.104141 0.008138 1.909328
0.860447 0.011278 0.010833 0.005058 0.000290 0.103950 0.008145 1.910422
0.860677 0.011269 0.010836 0.005076 0.000295 0.103701 0.008147 1.911563
0.860936 0.011202 0.010814 0.005032 0.000296 0.103571 0.008150 1.912661
0.861115 0.011148 0.010817 0.005031 0.000291 0.103444 0.008155 1.913783
0.861362 0.011063 0.010843 0.005035 0.000289 0.103248 0.008160 1.914916
0.861604 0.011017 0.010837 0.005065 0.000287 0.103024 0.008166 1.916031
0.861768 0.011022 0.010814 0.005053 0.000291 0.102884 0.008169 1.917116
0.861966 0.011044 0.010767 0.005028 0.000293 0.102731 0.008172 1.918197
0.862197 0.010975 0.010798 0.005021 0.000290 0.102542 0.008178 1.919317
0.862462 0.010925 0.010758 0.005019 0.000283 0.102370 0.008184 1.920388
0.862656 0.010869 0.010701 0.005010 0.000284 0.102295 0.008186 1.921488
0.862898 0.010858 0.010649 0.005002 0.000279 0.102124 0.008190 1.922550
0.863114 0.010859 0.010611 0.004988 0.000280 0.101955 0.008194 1.923603
0.863396 0.010860 0.010591 0.004947 0.000285 0.101725 0.008196 1.924644
0.863619 0.010857 0.010519 0.004930 0.000282 0.101593 0.008200 1.925679
0.863855 0.010823 0.010484 0.004927 0.000282 0.101427 0.008203 1.926755
0.864042 0.010787 0.010458 0.004910 0.000280 0.101315 0.008208 1.927831
0.864298 0.010769 0.010460 0.004891 0.000281 0.101092 0.008209 1.928882
0.864525 0.010751 0.010447 0.004899 0.000277 0.100890 0.008211 1.929924
0.864766 0.010660 0.010448 0.004885 0.000282 0.100747 0.008213 1.930991
0.865004 0.010670 0.010383 0.004879 0.000286 0.100560 0.008218 1.932025
0.865255 0.010679 0.010331 0.004831 0.000288 0.100396 0.008221 1.933019
0.865493 0.010600 0.010331 0.004829 0.000285 0.100237 0.008227 1.934104
0.865740 0.010536 0.010335 0.004831 0.000288 0.100042 0.008229 1.935175
0.865963 0.010543 0.010289 0.004811 0.000289 0.099874 0.008232 1.936192
0.866170 0.010550 0.010276 0.004781 0.000287 0.099700 0.008237 1.937224
0.866421 0.010520 0.010244 0.004763 0.000285 0.099529 0.008240 1.938263
0.866675 0.010480 0.010203 0.004754 0.000284 0.099362 0.008243 1.939279
0.866951 0.010485 0.010136 0.004735 0.000283 0.099166 0.008246 1.940275
0.867183 0.010455 0.010124 0.004713 0.000282 0.098996 0.008248 1.941325
0.867450 0.010443 0.010043 0.004704 0.000278 0.098831 0.008251 1.942330
0.867641 0.010417 0.010036 0.004689 0.000280 0.098680 0.008257 1.943375
0.867835 0.010412 0.010032 0.004652 0.000281 0.098529 0.008260 1.944403
0.868081 0.010370 0.010007 0.004641 0.000274 0.098365 0.008263 1.945429
0.868293 0.010344 0.010019 0.004647 0.000279 0.098153 0.008265 1.946475
0.868564 0.010282 0.010009 0.004648 0.000281 0.097947 0.008269 1.947515
0.868786 0.010260 0.009976 0.004628 0.000279 0.097800 0.008273 1.948522
0.869046 0.010277 0.009954 0.004636 0.000273 0.097537 0.008277 1.949507
0.869277 0.010275 0.009947 0.004636 0.000273 0.097313 0.008278 1.950533
0.869532 0.010248 0.009925 0.004644 0.000270 0.097099 0.008282 1.951522
0.869745 0.010220 0.009885 0.004637 0.000275 0.096955 0.008284 1.952533
0.869973 0.010189 0.009837 0.004608 0.000278 0.096829 0.008287 1.953534
0.870175 0.010197 0.009830 0.004609 0.000275 0.096625 0.008289 1.954553
0.870382 0.010198 0.009828 0.004574 0.000277 0.096451 0.008292 1.955566
0.870630 0.010180 0.009796 0.004555 0.000276 0.096269 0.008295 1.956572
0.870757 0.010233 0.009784 0.004525 0.000274 0.096129 0.008299 1.957533
0.870980 0.010219 0.009772 0.004488 0.000274 0.095966 0.008302 1.958516
0.871193 0.010208 0.009757 0.004465 0.000270 0.095802 0.008306 1.959507
0.871438 0.010152 0.009767 0.004482 0.000269 0.095584 0.008310 1.960542
0.871649 0.010175 0.009745 0.004464 0.000272 0.095384 0.008312 1.961504
0.871886 0.010153 0.009719 0.004434 0.000273 0.095218 0.008317 1.962464
0.872052 0.010162 0.009702 0.004430 0.000272 0.095061 0.008321 1.963456
0.872272 0.010209 0.009635 0.004429 0.000274 0.094857 0.008324 1.964382
0.872469 0.010215 0.009608 0.004402 0.000270 0.094709 0.008329 1.965354
0.872683 0.010201 0.009586 0.004401 0.000274 0.094526 0.008330 1.966346
0.872883 0.010189 0.009551 0.004420 0.000277 0.094345 0.008335 1.967352
0.873094 0.010203 0.009529 0.004408 0.000277 0.094148 0.008341 1.968323
0.873310 0.010189 0.009558 0.004397 0.000281 0.093923 0.008343 1.969312
0.873501 0.010169 0.009543 0.004397 0.000274 0.093771 0.008345 1.970289
0.873681 0.010144 0.009540 0.004413 0.000272 0.093602 0.008348 1.971286
0.873900 0.010091 0.009572 0.004411 0.000268 0.093407 0.008353 1.972300
0.874087 0.010069 0.009552 0.004418 0.000271 0.093248 0.008356 1.973289
0.874321 0.010070 0.009502 0.004422 0.000272 0.093055 0.008358 1.974247
0.874508 0.010070 0.009470 0.004435 0.000275 0.092880 0.008362 1.975262
0.874696 0.010055 0.009475 0.004433 0.000275 0.092702 0.008365 1.976259
0.874878 0.010024 0.009450 0.004436 0.000271 0.092572 0.008370 1.977263
0.875079 0.009971 0.009449 0.004424 0.000275 0.092431 0.008371 1.978246
0.875265 0.009949 0.009467 0.004417 0.000277 0.092249 0.008376 1.979253
0.875423 0.009917 0.009445 0.004412 0.000270 0.092155 0.008380 1.980259
0.875595 0.009906 0.009440 0.004399 0.000268 0.092010 0.008382 1.981244
0.875829 0.009875 0.009398 0.004413 0.000270 0.091828 0.008387 1.982202
0.876021 0.009855 0.009373 0.004411 0.000271 0.091678 0.008391 1.983166
0.876209 0.009848 0.009325 0.004415 0.000268 0.091539 0.008397 1.984127
0.876373 0.009809 0.009355 0.004418 0.000263 0.091383 0.008399 1.985115
0.876553 0.009794 0.009353 0.004419 0.000267 0.091214 0.008400 1.986085
0.876676 0.009835 0.009341 0.004394 0.000266 0.091087 0.008402 1.987023
0.876845 0.009833 0.009346 0.004379 0.000264 0.090930 0.008404 1.988013
0.877041 0.009864 0.009287 0.004364 0.000262 0.090775 0.008408 1.988915
0.877157 0.009877 0.009294 0.004368 0.000265 0.090631 0.008409 1.989897
0.877401 0.009858 0.009255 0.004362 0.000270 0.090444 0.008411 1.990860
0.877544 0.009930 0.009226 0.004330 0.000269 0.090287 0.008416 1.991798
0.877730 0.009939 0.009231 0.004342 0.000268 0.090072 0.008417 1.992774
0.877887 0.009870 0.009255 0.004362 0.000266 0.089937 0.008422 1.993809
0.878035 0.009903 0.009233 0.004351 0.000264 0.089791 0.008425 1.994743
0.878159 0.009930 0.009221 0.004337 0.000264 0.089660 0.008430 1.995699
0.878279 0.009961 0.009236 0.004301 0.000266 0.089524 0.008435 1.996657
0.878421 0.009957 0.009195 0.004289 0.000271 0.089430 0.008438 1.997612
0.878560 0.009899 0.009218 0.004305 0.000270 0.089308 0.008441 1.998628
0.878716 0.009905 0.009214 0.004296 0.000268 0.089159 0.008443 1.999590
0.878908 0.009894 0.009171 0.004294 0.000267 0.089019 0.008447 2.000535
0.879057 0.009903 0.009141 0.004294 0.000271 0.088887 0.008449 2.001485
0.879199 0.009924 0.009140 0.004303 0.000273 0.088710 0.008452 2.002452
0.879330 0.009963 0.009141 0.004310 0.000266 0.088533 0.008458 2.003408
0.879458 0.009982 0.009114 0.004316 0.000261 0.088410 0.008460 2.004354
0.879581 0.009968 0.009127 0.004344 0.000261 0.088256 0.008464 2.005355
0.879673 0.009965 0.009169 0.004341 0.000262 0.088123 0.008467 2.006352
0.879772 0.009992 0.009193 0.004328 0.000262 0.087982 0.008473 2.007319
0.879847 0.009985 0.009230 0.004352 0.000257 0.087851 0.008479 2.008338
0.879990 0.009942 0.009247 0.004351 0.000261 0.087727 0.008482 2.009339
0.880057 0.009986 0.009263 0.004343 0.000261 0.087605 0.008486 2.010306
0.880083 0.010011 0.009278 0.004340 0.000262 0.087537 0.008489 2.011300
0.880190 0.009984 0.009320 0.004331 0.000266 0.087418 0.008492 2.012309
0.880283 0.010023 0.009298 0.004311 0.000264 0.087326 0.008497 2.013271
0.880424 0.010025 0.009298 0.004336 0.000266 0.087151 0.008500 2.014241
0.880492 0.010063 0.009304 0.004349 0.000264 0.087026 0.008504 2.015221
0.880538 0.010103 0.009303 0.004332 0.000266 0.086951 0.008507 2.016193
0.880642 0.010097 0.009348 0.004324 0.000269 0.086810 0.008510 2.017209
0.880727 0.010122 0.009358 0.004322 0.000271 0.086688 0.008513 2.018208
0.880834 0.010146 0.009397 0.004314 0.000271 0.086523 0.008516 2.019200
0.880929 0.010165 0.009418 0.004321 0.000272 0.086375 0.008521 2.020206
0.880958 0.010185 0.009458 0.004350 0.000275 0.086250 0.008523 2.021219
0.881011 0.010212 0.009450 0.004354 0.000282 0.086164 0.008528 2.022187
0.881062 0.010257 0.009443 0.004367 0.000285 0.086054 0.008533 2.023163
0.881102 0.010285 0.009446 0.004381 0.000288 0.085965 0.008535 2.024177
0.881150 0.010275 0.009453 0.004412 0.000291 0.085881 0.008539 2.025182
0.881179 0.010289 0.009463 0.004458 0.000285 0.085782 0.008543 2.026207
0.881238 0.010331 0.009439 0.004448 0.000287 0.085711 0.008546 2.027179
0.881312 0.010340 0.009447 0.004456 0.000287 0.085608 0.008550 2.028186
0.881372 0.010363 0.009441 0.004456 0.000283 0.085532 0.008553 2.029175
0.881406 0.010392 0.009443 0.004456 0.000283 0.085465 0.008555 2.030171
0.881434 0.010362 0.009462 0.004480 0.000280 0.085422 0.008561 2.031206
0.881503 0.010342 0.009476 0.004469 0.000277 0.085368 0.008566 2.032224
0.881584 0.010364 0.009447 0.004472 0.000278 0.085285 0.008569 2.033192
0.881580 0.010393 0.009472 0.004472 0.000276 0.085235 0.008572 2.034210
0.881623 0.010393 0.009509 0.004470 0.000270 0.085159 0.008575 2.035244
0.881687 0.010350 0.009555 0.004481 0.000275 0.085075 0.008577 2.036292
0.881706 0.010411 0.009529 0.004479 0.000275 0.085021 0.008580 2.037298
0.881773 0.010385 0.009577 0.004471 0.000276 0.084933 0.008585 2.038343
0.881807 0.010408 0.009565 0.004502 0.000278 0.084855 0.008587 2.039370
0.881824 0.010433 0.009547 0.004506 0.000277 0.084823 0.008591 2.040387
0.881789 0.010519 0.009570 0.004504 0.000278 0.084747 0.008594 2.041404
0.881811 0.010508 0.009598 0.004499 0.000277 0.084708 0.008599 2.042426
0.881880 0.010471 0.009621 0.004526 0.000278 0.084625 0.008600 2.043477
0.881913 0.010512 0.009643 0.004511 0.000279 0.084537 0.008604 2.044488
0.881937 0.010503 0.009677 0.004499 0.000280 0.084496 0.008608 2.045534
0.881950 0.010495 0.009697 0.004485 0.000279 0.084484 0.008612 2.046572
0.881932 0.010533 0.009636 0.004495 0.000277 0.084509 0.008618 2.047572
0.881988 0.010545 0.009607 0.004491 0.000283 0.084466 0.008620 2.048585
0.881969 0.010583 0.009667 0.004507 0.000285 0.084365 0.008625 2.049625
0.881980 0.010620 0.009672 0.004522 0.000286 0.084291 0.008629 2.050651
0.882018 0.010604 0.009704 0.004522 0.000287 0.084233 0.008633 2.051692
0.881975 0.010668 0.009722 0.004526 0.000286 0.084187 0.008636 2.052690
0.882002 0.010647 0.009753 0.004547 0.000288 0.084124 0.008639 2.053759
0.881994 0.010663 0.009765 0.004543 0.000285 0.084106 0.008643 2.054789
0.881982 0.010689 0.009761 0.004532 0.000282 0.084109 0.008646 2.055830
0.881978 0.010696 0.009813 0.004543 0.000280 0.084042 0.008649 2.056891
0.881966 0.010713 0.009828 0.004537 0.000279 0.084025 0.008652 2.057951
0.881915 0.010713 0.009863 0.004555 0.000285 0.084015 0.008655 2.059019
0.881895 0.010747 0.009854 0.004545 0.000284 0.084019 0.008656 2.060049
0.881912 0.010745 0.009875 0.004566 0.000292 0.083951 0.008660 2.061092
0.881918 0.010751 0.009910 0.004585 0.000285 0.083886 0.008666 2.062146
0.881885 0.010760 0.009950 0.004594 0.000282 0.083858 0.008670 2.063232
0.881841 0.010755 0.009954 0.004609 0.000285 0.083883 0.008674 2.064306
0.881801 0.010766 0.009982 0.004590 0.000289 0.083896 0.008678 2.065347
0.881769 0.010797 0.009997 0.004638 0.000290 0.083829 0.008680 2.066436
0.881788 0.010803 0.010011 0.004661 0.000288 0.083766 0.008683 2.067497
0.881747 0.010815 0.010007 0.004692 0.000283 0.083770 0.008687 2.068555
0.881700 0.010820 0.010018 0.004704 0.000285 0.083782 0.008691 2.069624
0.881692 0.010848 0.010028 0.004683 0.000282 0.083773 0.008695 2.070683
0.881671 0.010835 0.010065 0.004705 0.000283 0.083744 0.008698 2.071748
0.881682 0.010823 0.010027 0.004695 0.000283 0.083791 0.008700 2.072798
0.881674 0.010838 0.010027 0.004676 0.000283 0.083798 0.008704 2.073857
0.881676 0.010814 0.010027 0.004662 0.000285 0.083830 0.008707 2.074904
0.881699 0.010793 0.010036 0.004677 0.000286 0.083799 0.008711 2.075976
0.881735 0.010735 0.010058 0.004680 0.000292 0.083786 0.008715 2.077056
0.881726 0.010773 0.010070 0.004669 0.000292 0.083754 0.008716 2.078066
0.881721 0.010760 0.010095 0.004672 0.000287 0.083744 0.008721 2.079153
0.881740 0.010735 0.010124 0.004690 0.000288 0.083702 0.008724 2.080252
0.881700 0.010763 0.010094 0.004668 0.000294 0.083754 0.008726 2.081280
0.881766 0.010777 0.010076 0.004673 0.000297 0.083681 0.008731 2.082314
0.881745 0.010774 0.010096 0.004696 0.000301 0.083652 0.008736 2.083380
0.881698 0.010778 0.010084 0.004656 0.000304 0.083741 0.008740 2.084448
0.881657 0.010807 0.010065 0.004653 0.000307 0.083767 0.008744 2.085465
0.881601 0.010835 0.010072 0.004634 0.000311 0.083799 0.008747 2.086521
0.881630 0.010806 0.010073 0.004608 0.000308 0.083825 0.008751 2.087561
0.881599 0.010809 0.010080 0.004635 0.000310 0.083813 0.008754 2.088616
0.881588 0.010800 0.010125 0.004635 0.000306 0.083787 0.008759 2.089698
0.881585 0.010787 0.010121 0.004644 0.000303 0.083798 0.008763 2.090757
0.881581 0.010729 0.010173 0.004642 0.000302 0.083804 0.008769 2.091842
0.881591 0.010732 0.010134 0.004659 0.000301 0.083807 0.008776 2.092876
0.881540 0.010751 0.010145 0.004654 0.000299 0.083831 0.008781 2.093914
0.881496 0.010761 0.010158 0.004660 0.000304 0.083837 0.008784 2.095008
0.881468 0.010730 0.010176 0.004680 0.000305 0.083854 0.008788 2.096129
0.881490 0.010753 0.010152 0.004689 0.000305 0.083821 0.008792 2.097173
0.881483 0.010684 0.010170 0.004682 0.000306 0.083879 0.008795 2.098280
0.881451 0.010713 0.010158 0.004644 0.000310 0.083926 0.008798 2.099301
0.881391 0.010731 0.010190 0.004645 0.000302 0.083934 0.008807 2.100370
0.881373 0.010790 0.010135 0.004642 0.000299 0.083953 0.008808 2.101379
0.881305 0.010816 0.010172 0.004614 0.000298 0.083983 0.008812 2.102441
0.881342 0.010765 0.010174 0.004644 0.000301 0.083957 0.008818 2.103544
0.881324 0.010771 0.010154 0.004663 0.000295 0.083969 0.008822 2.104607
0.881339 0.010776 0.010165 0.004625 0.000296 0.083969 0.008829 2.105655
0.881303 0.010781 0.010132 0.004640 0.000287 0.084022 0.008834 2.106712
0.881320 0.010755 0.010131 0.004604 0.000286 0.084064 0.008839 2.107784
0.881298 0.010766 0.010107 0.004602 0.000286 0.084099 0.008843 2.108846
0.881275 0.010756 0.010120 0.004599 0.000285 0.084120 0.008847 2.109915
0.881238 0.010782 0.010096 0.004601 0.000284 0.084148 0.008851 2.110956
0.881178 0.010864 0.010096 0.004600 0.000283 0.084128 0.008853 2.111991
0.881163 0.010904 0.010097 0.004599 0.000285 0.084097 0.008855 2.113027
0.881133 0.010939 0.010101 0.004599 0.000284 0.084085 0.008860 2.114079
0.881086 0.011004 0.010144 0.004599 0.000281 0.084022 0.008866 2.115140
0.881098 0.010983 0.010138 0.004606 0.000275 0.084029 0.008871 2.116198
0.881099 0.011000 0.010089 0.004595 0.000268 0.084074 0.008875 2.117234
0.881082 0.011011 0.010126 0.004616 0.000264 0.084026 0.008878 2.118278
0.881067 0.011010 0.010125 0.004616 0.000263 0.084037 0.008882 2.119340
0.881025 0.011007 0.010185 0.004613 0.000262 0.084023 0.008886 2.120417
0.880971 0.010993 0.010218 0.004617 0.000262 0.084048 0.008891 2.121510
0.880959 0.010949 0.010248 0.004630 0.000265 0.084055 0.008894 2.122609
0.880952 0.010913 0.010286 0.004644 0.000272 0.084036 0.008897 2.123720
0.880890 0.010969 0.010277 0.004638 0.000278 0.084049 0.008899 2.124764
0.880852 0.010922 0.010326 0.004634 0.000277 0.084088 0.008903 2.125879
0.880870 0.010880 0.010368 0.004651 0.000276 0.084051 0.008905 2.126967
0.880835 0.010867 0.010354 0.004663 0.000273 0.084098 0.008910 2.128046
0.880839 0.010895 0.010328 0.004644 0.000277 0.084105 0.008913 2.129087
0.880883 0.010823 0.010341 0.004650 0.000278 0.084110 0.008916 2.130178
0.880876 0.010817 0.010301 0.004648 0.000281 0.084157 0.008920 2.131247
0.880874 0.010830 0.010287 0.004645 0.000278 0.084162 0.008925 2.132285
0.880849 0.010860 0.010237 0.004665 0.000277 0.084185 0.008928 2.133336
0.880838 0.010851 0.010280 0.004653 0.000283 0.084166 0.008930 2.134408
0.880829 0.010873 0.010254 0.004649 0.000287 0.084176 0.008934 2.135429
0.880787 0.010937 0.010207 0.004604 0.000282 0.084244 0.008938 2.136437
0.880817 0.010915 0.010192 0.004617 0.000286 0.084230 0.008944 2.137507
0.880768 0.010939 0.010181 0.004615 0.000289 0.084262 0.008946 2.138558
0.880720 0.010914 0.010195 0.004635 0.000284 0.084303 0.008951 2.139663
0.880745 0.010920 0.010175 0.004647 0.000283 0.084275 0.008955 2.140717
0.880718 0.010961 0.010196 0.004668 0.000280 0.084219 0.008959 2.141770
0.880795 0.010884 0.010204 0.004694 0.000275 0.084188 0.008962 2.142844
0.880809 0.010812 0.010217 0.004705 0.000269 0.084224 0.008965 2.143947
0.880800 0.010785 0.010186 0.004713 0.000271 0.084278 0.008967 2.145011
0.880803 0.010710 0.010211 0.004723 0.000276 0.084308 0.008970 2.146113
0.880792 0.010690 0.010235 0.004748 0.000274 0.084290 0.008973 2.147197
0.880791 0.010693 0.010193 0.004734 0.000273 0.084337 0.008977 2.148228
0.880838 0.010639 0.010174 0.004722 0.000273 0.084375 0.008980 2.149304
0.880873 0.010640 0.010188 0.004746 0.000276 0.084292 0.008986 2.150358
0.880845 0.010634 0.010195 0.004730 0.000276 0.084330 0.008993 2.151405
0.880835 0.010663 0.010142 0.004690 0.000274 0.084401 0.008995 2.152408
0.880831 0.010641 0.010130 0.004694 0.000279 0.084428 0.008998 2.153473
0.880878 0.010579 0.010104 0.004696 0.000278 0.084464 0.009002 2.154541
0.880878 0.010569 0.010140 0.004698 0.000278 0.084433 0.009005 2.155610
0.880932 0.010561 0.010123 0.004682 0.000278 0.084420 0.009006 2.156637
0.880968 0.010571 0.010091 0.004678 0.000278 0.084407 0.009007 2.157646
0.881020 0.010603 0.010059 0.004632 0.000287 0.084390 0.009008 2.158643
0.881057 0.010566 0.010060 0.004641 0.000286 0.084380 0.009012 2.159702
0.881079 0.010567 0.010055 0.004627 0.000288 0.084369 0.009016 2.160718
0.881079 0.010578 0.010047 0.004613 0.000283 0.084384 0.009018 2.161755
0.881073 0.010628 0.010044 0.004625 0.000282 0.084327 0.009022 2.162762
0.881115 0.010552 0.010094 0.004636 0.000284 0.084296 0.009024 2.163841
0.881152 0.010557 0.010095 0.004642 0.000282 0.084245 0.009027 2.164870
0.881147 0.010586 0.010061 0.004664 0.000277 0.084235 0.009030 2.165892
0.881206 0.010575 0.010059 0.004626 0.000280 0.084221 0.009034 2.166906
0.881227 0.010582 0.010089 0.004617 0.000278 0.084167 0.009039 2.167941
0.881253 0.010586 0.010111 0.004600 0.000274 0.084134 0.009041 2.168978
0.881272 0.010565 0.010138 0.004567 0.000275 0.084139 0.009044 2.170010
0.881291 0.010507 0.010111 0.004591 0.000276 0.084178 0.009047 2.171079
0.881265 0.010541 0.010103 0.004597 0.000276 0.084167 0.009050 2.172133
0.881299 0.010529 0.010121 0.004586 0.000277 0.084136 0.009052 2.173176
0.881307 0.010543 0.010092 0.004602 0.000272 0.084129 0.009055 2.174182
0.881279 0.010537 0.010126 0.004602 0.000279 0.084121 0.009057 2.175247
0.881298 0.010566 0.010073 0.004602 0.000277 0.084122 0.009063 2.176231
0.881337 0.010546 0.010112 0.004624 0.000274 0.084041 0.009066 2.177279
0.881315 0.010581 0.010123 0.004606 0.000277 0.084028 0.009071 2.178304
0.881308 0.010592 0.010125 0.004614 0.000280 0.084008 0.009074 2.179347
0.881320 0.010594 0.010112 0.004594 0.000284 0.084022 0.009075 2.180385
0.881371 0.010588 0.010122 0.004600 0.000282 0.083958 0.009080 2.181426
0.881369 0.010563 0.010145 0.004627 0.000279 0.083936 0.009083 2.182479
0.881397 0.010551 0.010107 0.004633 0.000278 0.083947 0.009086 2.183519
0.881374 0.010524 0.010107 0.004627 0.000277 0.084001 0.009091 2.184566
0.881405 0.010504 0.010082 0.004621 0.000276 0.084020 0.009093 2.185595
0.881410 0.010499 0.010020 0.004634 0.000281 0.084061 0.009095 2.186604
0.881392 0.010505 0.010006 0.004662 0.000278 0.084059 0.009098 2.187636
0.881416 0.010521 0.009990 0.004663 0.000279 0.084029 0.009103 2.188667
0.881438 0.010518 0.009997 0.004680 0.000277 0.083983 0.009107 2.189701
0.881443 0.010528 0.009989 0.004677 0.000278 0.083972 0.009111 2.190722
0.881473 0.010497 0.010005 0.004690 0.000283 0.083937 0.009116 2.191778
0.881531 0.010479 0.009971 0.004671 0.000282 0.083946 0.009120 2.192792
0.881542 0.010483 0.009983 0.004668 0.000280 0.083920 0.009124 2.193815
0.881536 0.010496 0.009987 0.004656 0.000284 0.083913 0.009128 2.194837
0.881698 0.010395 0.009975 0.004641 0.000286 0.083874 0.009130 2.195876
0.881817 0.010373 0.009933 0.004615 0.000285 0.083845 0.009133 2.196866
0.881841 0.010388 0.009891 0.004592 0.000287 0.083865 0.009137 2.197837
0.881888 0.010347 0.009920 0.004601 0.000284 0.083820 0.009141 2.198882
0.881925 0.010356 0.009927 0.004594 0.000285 0.083768 0.009146 2.199906
0.882001 0.010342 0.009875 0.004605 0.000281 0.083747 0.009150 2.200912
0.882016 0.010341 0.009921 0.004582 0.000282 0.083706 0.009152 2.201942
0.882078 0.010346 0.009917 0.004585 0.000284 0.083635 0.009155 2.202946
0.882127 0.010342 0.009893 0.004591 0.000283 0.083606 0.009160 2.203978
0.882208 0.010310 0.009877 0.004579 0.000285 0.083580 0.009162 2.204994
0.882240 0.010287 0.009870 0.004563 0.000288 0.083589 0.009164 2.206008
0.882254 0.010281 0.009860 0.004560 0.000286 0.083593 0.009168 2.207020
0.882327 0.010221 0.009865 0.004550 0.000289 0.083577 0.009171 2.208030
0.882337 0.010204 0.009867 0.004533 0.000288 0.083597 0.009173 2.209045
0.882330 0.010226 0.009856 0.004534 0.000286 0.083593 0.009176 2.210046
0.882369 0.010168 0.009875 0.004549 0.000284 0.083577 0.009179 2.211095
0.882391 0.010198 0.009879 0.004515 0.000287 0.083547 0.009182 2.212087
0.882412 0.010269 0.009850 0.004519 0.000287 0.083477 0.009185 2.213062
0.882477 0.010246 0.009881 0.004525 0.000289 0.083396 0.009187 2.214110
0.882482 0.010339 0.009887 0.004528 0.000288 0.083286 0.009191 2.215095
0.882472 0.010353 0.009861 0.004531 0.000286 0.083300 0.009196 2.216105
0.882571 0.010292 0.009860 0.004539 0.000287 0.083253 0.009197 2.217158
