0.328200 0.064031 0.057133 0.032933 0.002197 0.509173 0.006334 1.664729
0.330050 0.062400 0.057128 0.032754 0.002190 0.509113 0.006363 1.670973
0.332271 0.060487 0.056989 0.032606 0.002188 0.509063 0.006395 1.677036
0.334786 0.058401 0.056686 0.032440 0.002203 0.509065 0.006419 1.682987
0.337521 0.056392 0.056204 0.032127 0.002212 0.509103 0.006442 1.688583
0.340505 0.054263 0.055741 0.031776 0.002204 0.509032 0.006478 1.694009
0.343667 0.052363 0.055065 0.031415 0.002202 0.508781 0.006507 1.699155
0.346909 0.050377 0.054425 0.031020 0.002200 0.508532 0.006537 1.704251
0.350170 0.048575 0.053783 0.030601 0.002179 0.508122 0.006569 1.709143
0.353450 0.046867 0.053075 0.030055 0.002175 0.507784 0.006595 1.713834
0.356970 0.045273 0.052232 0.029481 0.002161 0.507259 0.006624 1.718299
0.360332 0.043808 0.051360 0.028890 0.002147 0.506804 0.006659 1.722632
0.363767 0.042469 0.050478 0.028266 0.002139 0.506192 0.006690 1.726810
0.367451 0.041060 0.049473 0.027754 0.002127 0.505418 0.006718 1.730865
0.371070 0.039691 0.048633 0.027232 0.002104 0.504526 0.006745 1.734881
0.374775 0.038445 0.047626 0.026695 0.002107 0.503581 0.006770 1.738704
0.378500 0.037308 0.046581 0.026145 0.002097 0.502573 0.006796 1.742411
0.382301 0.036200 0.045532 0.025605 0.002092 0.501453 0.006817 1.746013
0.386146 0.035166 0.044557 0.024986 0.002083 0.500223 0.006839 1.749488
0.389970 0.034229 0.043576 0.024450 0.002062 0.498845 0.006868 1.752873
0.393829 0.033324 0.042581 0.023861 0.002033 0.497469 0.006904 1.756169
0.397692 0.032521 0.041660 0.023319 0.002017 0.495860 0.006932 1.759390
0.401543 0.031685 0.040768 0.022814 0.001993 0.494234 0.006963 1.762554
0.405312 0.031028 0.039820 0.022252 0.001981 0.492618 0.006988 1.765566
0.409190 0.030290 0.038932 0.021718 0.001961 0.490892 0.007018 1.768569
0.413129 0.029567 0.038141 0.021212 0.001936 0.488972 0.007043 1.771579
0.416981 0.028986 0.037301 0.020713 0.001927 0.487027 0.007065 1.774369
0.420828 0.028355 0.036578 0.020248 0.001898 0.485001 0.007092 1.777232
0.424602 0.027819 0.035770 0.019793 0.001881 0.483021 0.007114 1.779984
0.428402 0.027248 0.035020 0.019406 0.001857 0.480933 0.007135 1.782721
0.432191 0.026757 0.034271 0.018985 0.001842 0.478796 0.007158 1.785373
0.435973 0.026357 0.033544 0.018572 0.001815 0.476554 0.007185 1.787982
0.439738 0.025947 0.032820 0.018192 0.001788 0.474306 0.007209 1.790576
0.443449 0.025616 0.032048 0.017790 0.001754 0.472100 0.007241 1.793057
0.447238 0.025313 0.031386 0.017438 0.001737 0.469627 0.007262 1.795517
0.450808 0.025093 0.030710 0.017063 0.001714 0.467328 0.007283 1.797932
0.454418 0.024812 0.030062 0.016731 0.001693 0.464981 0.007303 1.800375
0.458087 0.024556 0.029463 0.016418 0.001649 0.462495 0.007333 1.802777
0.461808 0.024337 0.028943 0.016092 0.001621 0.459845 0.007354 1.805150
0.465394 0.024083 0.028416 0.015763 0.001601 0.457371 0.007372 1.807520
0.468876 0.023898 0.027946 0.015483 0.001575 0.454830 0.007392 1.809866
0.472471 0.023622 0.027529 0.015213 0.001557 0.452198 0.007411 1.812222
0.475966 0.023471 0.026969 0.014986 0.001527 0.449646 0.007435 1.814501
0.479445 0.023286 0.026557 0.014713 0.001512 0.447034 0.007453 1.816781
0.482907 0.023153 0.026144 0.014451 0.001491 0.444382 0.007472 1.819040
0.486245 0.023039 0.025724 0.014239 0.001469 0.441792 0.007494 1.821316
0.489587 0.023014 0.025341 0.014013 0.001452 0.439078 0.007514 1.823493
0.492827 0.022901 0.025047 0.013824 0.001429 0.436440 0.007534 1.825778
0.496117 0.022743 0.024723 0.013643 0.001409 0.433809 0.007555 1.828036
0.499265 0.022661 0.024410 0.013471 0.001382 0.431236 0.007578 1.830236
0.502467 0.022630 0.024111 0.013275 0.001361 0.428562 0.007594 1.832438
0.505716 0.022544 0.023806 0.013110 0.001338 0.425873 0.007612 1.834631
0.508932 0.022458 0.023587 0.012942 0.001321 0.423131 0.007630 1.836817
0.512112 0.022338 0.023291 0.012818 0.001315 0.420482 0.007643 1.839062
0.515179 0.022342 0.023041 0.012671 0.001290 0.417812 0.007666 1.841221
0.518334 0.022316 0.022877 0.012505 0.001280 0.415003 0.007684 1.843401
0.521254 0.022350 0.022644 0.012349 0.001264 0.412436 0.007704 1.845563
0.524128 0.022369 0.022446 0.012246 0.001245 0.409844 0.007723 1.847759
0.526948 0.022451 0.022250 0.012173 0.001228 0.407207 0.007744 1.849918
0.529798 0.022497 0.022028 0.012058 0.001218 0.404646 0.007756 1.852075
0.532625 0.022484 0.021828 0.012027 0.001199 0.402065 0.007773 1.854289
0.535388 0.022558 0.021674 0.011913 0.001184 0.399491 0.007793 1.856461
0.538199 0.022548 0.021628 0.011849 0.001171 0.396798 0.007808 1.858701
0.540854 0.022603 0.021517 0.011787 0.001145 0.394273 0.007822 1.860915
0.543496 0.022591 0.021448 0.011752 0.001126 0.391751 0.007836 1.863201
0.546037 0.022683 0.021346 0.011697 0.001118 0.389266 0.007854 1.865412
0.548587 0.022822 0.021198 0.011653 0.001107 0.386768 0.007866 1.867590
0.551005 0.022923 0.021083 0.011642 0.001095 0.384371 0.007882 1.869828
0.553456 0.022942 0.021062 0.011614 0.001098 0.381938 0.007891 1.872127
0.555905 0.023010 0.020989 0.011586 0.001088 0.379516 0.007907 1.874391
0.558235 0.023117 0.021004 0.011557 0.001082 0.377086 0.007919 1.876676
0.560589 0.023194 0.020976 0.011563 0.001067 0.374680 0.007932 1.878960
0.562929 0.023301 0.020956 0.011548 0.001053 0.372268 0.007945 1.881229
0.565245 0.023451 0.020949 0.011511 0.001046 0.369837 0.007960 1.883474
0.567292 0.023667 0.020975 0.011528 0.001035 0.367531 0.007973 1.885819
0.569521 0.023750 0.020999 0.011529 0.001021 0.365197 0.007984 1.888155
0.571552 0.023893 0.021017 0.011557 0.001006 0.362977 0.007999 1.890525
0.573609 0.024047 0.021031 0.011566 0.000985 0.360748 0.008015 1.892903
0.575529 0.024171 0.021064 0.011560 0.000973 0.358675 0.008027 1.895271
0.577443 0.024357 0.021094 0.011557 0.000962 0.356549 0.008039 1.897639
0.579223 0.024507 0.021190 0.011568 0.000954 0.354506 0.008051 1.900075
0.581021 0.024625 0.021223 0.011619 0.000954 0.352495 0.008064 1.902503
0.582825 0.024814 0.021290 0.011619 0.000947 0.350429 0.008077 1.904884
0.584502 0.025078 0.021372 0.011633 0.000946 0.348385 0.008085 1.907324
0.586104 0.025324 0.021433 0.011682 0.000932 0.346425 0.008101 1.909778
0.587725 0.025564 0.021475 0.011696 0.000921 0.344506 0.008112 1.912249
0.589229 0.025706 0.021588 0.011744 0.000919 0.342691 0.008124 1.914781
0.590745 0.025913 0.021707 0.011784 0.000911 0.340804 0.008136 1.917315
0.592184 0.026080 0.021846 0.011819 0.000911 0.339017 0.008144 1.919898
0.593689 0.026264 0.021961 0.011857 0.000910 0.337167 0.008152 1.922453
0.595193 0.026399 0.022019 0.011958 0.000905 0.335362 0.008163 1.925061
0.596478 0.026688 0.022128 0.012065 0.000899 0.333569 0.008174 1.927625
0.597847 0.026948 0.022183 0.012118 0.000882 0.331837 0.008185 1.930188
0.599098 0.027152 0.022392 0.012162 0.000878 0.330122 0.008196 1.932883
0.600287 0.027451 0.022498 0.012218 0.000875 0.328469 0.008202 1.935515
0.601415 0.027735 0.022594 0.012291 0.000876 0.326876 0.008212 1.938195
0.602540 0.027902 0.022715 0.012377 0.000878 0.325365 0.008224 1.940959
0.603511 0.028120 0.022833 0.012471 0.000886 0.323944 0.008234 1.943753
0.604629 0.028338 0.023014 0.012542 0.000885 0.322347 0.008246 1.946523
0.605553 0.028634 0.023174 0.012622 0.000892 0.320868 0.008257 1.949307
0.606451 0.028945 0.023260 0.012672 0.000884 0.319523 0.008266 1.952019
0.607488 0.029045 0.023443 0.012798 0.000882 0.318062 0.008280 1.954913
0.608302 0.029296 0.023622 0.012865 0.000883 0.316741 0.008290 1.957744
0.609064 0.029614 0.023767 0.013003 0.000885 0.315368 0.008298 1.960636
0.609849 0.029833 0.023903 0.013143 0.000887 0.314073 0.008313 1.963571
0.610600 0.030017 0.024042 0.013212 0.000884 0.312916 0.008328 1.966483
0.611434 0.030285 0.024209 0.013280 0.000891 0.311564 0.008337 1.969369
0.612122 0.030499 0.024415 0.013363 0.000892 0.310359 0.008350 1.972362
0.612785 0.030741 0.024601 0.013397 0.000894 0.309218 0.008364 1.975316
0.613415 0.030924 0.024828 0.013509 0.000891 0.308055 0.008378 1.978387
0.614146 0.031075 0.024939 0.013618 0.000898 0.306938 0.008386 1.981397
0.614617 0.031372 0.025184 0.013724 0.000897 0.305806 0.008399 1.984445
0.615132 0.031666 0.025349 0.013808 0.000898 0.304738 0.008409 1.987487
0.615592 0.031894 0.025575 0.013943 0.000901 0.303676 0.008420 1.990569
0.616055 0.032151 0.025765 0.014040 0.000897 0.302656 0.008436 1.993639
0.616346 0.032384 0.026006 0.014158 0.000892 0.301773 0.008442 1.996844
0.616831 0.032546 0.026281 0.014205 0.000892 0.300790 0.008454 2.000017
0.617070 0.032832 0.026359 0.014321 0.000898 0.300054 0.008466 2.003193
0.617332 0.032992 0.026546 0.014400 0.000903 0.299351 0.008476 2.006449
0.617623 0.033219 0.026795 0.014506 0.000906 0.298464 0.008488 2.009665
0.617938 0.033385 0.027000 0.014624 0.000891 0.297657 0.008504 2.012928
0.618100 0.033640 0.027198 0.014720 0.000896 0.296933 0.008513 2.016198
0.618252 0.033822 0.027353 0.014859 0.000896 0.296289 0.008529 2.019533
0.618405 0.033905 0.027575 0.014982 0.000897 0.295693 0.008542 2.022948
0.618516 0.034150 0.027732 0.015009 0.000898 0.295144 0.008551 2.026244
0.618738 0.034291 0.027964 0.015099 0.000896 0.294452 0.008561 2.029592
0.618841 0.034459 0.028169 0.015204 0.000894 0.293864 0.008570 2.032968
0.618959 0.034614 0.028421 0.015316 0.000890 0.293218 0.008582 2.036392
0.619212 0.034621 0.028626 0.015486 0.000887 0.292574 0.008594 2.039850
0.619197 0.034781 0.028833 0.015558 0.000890 0.292134 0.008606 2.043303
0.619242 0.034918 0.028989 0.015666 0.000893 0.291673 0.008618 2.046728
0.619270 0.035043 0.029170 0.015780 0.000905 0.291205 0.008626 2.050207
0.619203 0.035274 0.029221 0.015826 0.000926 0.290916 0.008634 2.053575
0.619151 0.035442 0.029373 0.015941 0.000918 0.290522 0.008651 2.057024
0.619153 0.035520 0.029527 0.016026 0.000924 0.290186 0.008665 2.060508
0.619215 0.035566 0.029704 0.016075 0.000933 0.289825 0.008682 2.064006
0.619130 0.035702 0.029825 0.016168 0.000937 0.289543 0.008695 2.067474
0.619182 0.035847 0.029882 0.016207 0.000945 0.289230 0.008705 2.070866
0.619032 0.036048 0.030091 0.016247 0.000952 0.288912 0.008718 2.074358
0.618967 0.036178 0.030288 0.016329 0.000960 0.288548 0.008730 2.077873
0.618845 0.036224 0.030529 0.016427 0.000960 0.288272 0.008743 2.081521
0.618733 0.036380 0.030684 0.016546 0.000961 0.287943 0.008753 2.085061
0.618671 0.036461 0.030801 0.016623 0.000967 0.287710 0.008766 2.088634
0.618700 0.036425 0.030998 0.016639 0.000973 0.287487 0.008778 2.092227
0.618726 0.036379 0.031130 0.016758 0.000962 0.287249 0.008796 2.095874
0.618598 0.036487 0.031228 0.016804 0.000967 0.287102 0.008813 2.099474
0.618485 0.036542 0.031363 0.016833 0.000969 0.286978 0.008831 2.103077
0.618496 0.036473 0.031485 0.016893 0.000973 0.286839 0.008841 2.106712
0.618499 0.036533 0.031557 0.016931 0.000974 0.286652 0.008853 2.110246
0.618484 0.036519 0.031642 0.017000 0.000988 0.286500 0.008866 2.113864
0.618402 0.036523 0.031653 0.017041 0.000998 0.286507 0.008875 2.117441
0.618392 0.036549 0.031779 0.017033 0.001008 0.286349 0.008890 2.121037
0.618366 0.036607 0.031851 0.017086 0.001018 0.286170 0.008903 2.124604
0.618345 0.036588 0.031957 0.017182 0.001031 0.285982 0.008915 2.128217
0.618401 0.036632 0.031933 0.017219 0.001045 0.285845 0.008926 2.131750
0.618283 0.036644 0.031974 0.017216 0.001046 0.285899 0.008939 2.135353
0.618257 0.036631 0.032033 0.017264 0.001056 0.285807 0.008952 2.138959
0.618187 0.036663 0.032112 0.017282 0.001059 0.285732 0.008967 2.142574
0.618147 0.036696 0.032154 0.017301 0.001058 0.285663 0.008981 2.146139
0.618066 0.036613 0.032235 0.017357 0.001067 0.285667 0.008995 2.149789
0.618129 0.036581 0.032319 0.017390 0.001069 0.285506 0.009007 2.153399
0.618102 0.036656 0.032337 0.017330 0.001059 0.285492 0.009023 2.156902
0.618126 0.036612 0.032342 0.017362 0.001072 0.285453 0.009034 2.160536
0.618124 0.036685 0.032410 0.017369 0.001080 0.285286 0.009047 2.164085
0.618085 0.036666 0.032472 0.017356 0.001083 0.285282 0.009057 2.167702
0.618075 0.036686 0.032422 0.017434 0.001075 0.285235 0.009074 2.171244
0.618127 0.036684 0.032412 0.017441 0.001084 0.285162 0.009091 2.174773
0.618152 0.036733 0.032403 0.017419 0.001102 0.285087 0.009104 2.178266
0.618154 0.036586 0.032475 0.017436 0.001113 0.285123 0.009114 2.181894
0.618259 0.036447 0.032467 0.017447 0.001108 0.285138 0.009135 2.185529
0.618303 0.036342 0.032508 0.017416 0.001107 0.285174 0.009151 2.189154
0.618279 0.036355 0.032485 0.017401 0.001114 0.285204 0.009163 2.192702
0.618335 0.036270 0.032506 0.017441 0.001115 0.285154 0.009179 2.196305
0.618365 0.036252 0.032522 0.017448 0.001119 0.285102 0.009193 2.199853
0.618488 0.036087 0.032528 0.017508 0.001121 0.285060 0.009208 2.203501
0.618592 0.036075 0.032486 0.017440 0.001114 0.285067 0.009227 2.206978
0.618619 0.036132 0.032461 0.017417 0.001112 0.285015 0.009244 2.210464
0.618710 0.036026 0.032432 0.017476 0.001122 0.284974 0.009259 2.214031
0.618823 0.036007 0.032351 0.017475 0.001133 0.284934 0.009277 2.217505
0.618923 0.035907 0.032378 0.017427 0.001133 0.284941 0.009292 2.221044
0.619024 0.035807 0.032332 0.017451 0.001131 0.284951 0.009305 2.224586
0.619166 0.035728 0.032335 0.017439 0.001123 0.284891 0.009320 2.228092
0.619270 0.035650 0.032299 0.017436 0.001118 0.284891 0.009336 2.231629
0.619311 0.035641 0.032239 0.017323 0.001124 0.285016 0.009349 2.235069
0.619425 0.035590 0.032169 0.017332 0.001124 0.284994 0.009364 2.238567
0.619641 0.035521 0.032156 0.017303 0.001131 0.284871 0.009378 2.242043
0.619951 0.035472 0.032030 0.017248 0.001133 0.284775 0.009394 2.245435
0.620091 0.035359 0.032015 0.017276 0.001123 0.284728 0.009408 2.248948
0.620332 0.035221 0.032046 0.017261 0.001123 0.284592 0.009425 2.252397
0.620558 0.035027 0.032044 0.017202 0.001125 0.284604 0.009442 2.255906
0.620829 0.034956 0.032032 0.017172 0.001120 0.284431 0.009461 2.259345
0.620990 0.034890 0.031900 0.017212 0.001129 0.284406 0.009474 2.262762
0.621138 0.034893 0.031815 0.017111 0.001119 0.284435 0.009490 2.266154
0.621302 0.034860 0.031771 0.017056 0.001127 0.284380 0.009504 2.269577
0.621453 0.034810 0.031737 0.017041 0.001125 0.284316 0.009519 2.272993
0.621580 0.034724 0.031701 0.017018 0.001122 0.284322 0.009534 2.276440
0.621707 0.034733 0.031647 0.016998 0.001130 0.284240 0.009547 2.279808
0.621705 0.034699 0.031567 0.017018 0.001147 0.284302 0.009562 2.283234
0.621917 0.034604 0.031529 0.017000 0.001137 0.284233 0.009579 2.286624
0.622180 0.034564 0.031427 0.017051 0.001138 0.284047 0.009593 2.289992
0.622282 0.034622 0.031382 0.017018 0.001129 0.283955 0.009612 2.293377
0.622447 0.034651 0.031340 0.016970 0.001130 0.283834 0.009630 2.296768
0.622662 0.034599 0.031346 0.016930 0.001141 0.283679 0.009643 2.300168
0.622812 0.034578 0.031262 0.016905 0.001153 0.283633 0.009657 2.303554
0.623013 0.034529 0.031169 0.016866 0.001148 0.283601 0.009675 2.306919
0.623196 0.034455 0.031144 0.016840 0.001146 0.283530 0.009689 2.310342
0.623372 0.034370 0.031142 0.016856 0.001147 0.283406 0.009707 2.313772
0.623656 0.034266 0.031080 0.016834 0.001150 0.283295 0.009719 2.317185
0.623943 0.034267 0.031009 0.016806 0.001151 0.283092 0.009733 2.320515
0.624142 0.034107 0.031059 0.016798 0.001150 0.282996 0.009748 2.324000
0.624522 0.034024 0.030951 0.016753 0.001149 0.282843 0.009759 2.327301
0.624812 0.033982 0.030855 0.016681 0.001149 0.282748 0.009773 2.330578
0.625174 0.033887 0.030740 0.016659 0.001154 0.282602 0.009786 2.333898
0.625385 0.033864 0.030698 0.016570 0.001144 0.282536 0.009803 2.337182
0.625767 0.033758 0.030637 0.016564 0.001144 0.282316 0.009815 2.340464
0.626081 0.033558 0.030596 0.016597 0.001144 0.282196 0.009828 2.343873
0.626315 0.033622 0.030541 0.016562 0.001145 0.281974 0.009839 2.347106
0.626579 0.033487 0.030570 0.016557 0.001147 0.281807 0.009853 2.350466
0.626753 0.033482 0.030623 0.016500 0.001139 0.281634 0.009870 2.353788
0.627072 0.033383 0.030654 0.016426 0.001140 0.281438 0.009887 2.357127
0.627164 0.033402 0.030684 0.016309 0.001137 0.281403 0.009901 2.360414
0.627507 0.033415 0.030560 0.016260 0.001136 0.281206 0.009916 2.363628
0.627765 0.033377 0.030485 0.016262 0.001139 0.281041 0.009929 2.366902
0.628038 0.033402 0.030440 0.016275 0.001145 0.280757 0.009943 2.370185
0.628285 0.033419 0.030453 0.016198 0.001139 0.280550 0.009958 2.373441
0.628569 0.033408 0.030430 0.016175 0.001147 0.280302 0.009971 2.376722
0.628795 0.033385 0.030442 0.016164 0.001145 0.280082 0.009987 2.379998
0.629029 0.033416 0.030384 0.016156 0.001136 0.279876 0.010004 2.383223
0.629298 0.033400 0.030306 0.016153 0.001131 0.279696 0.010017 2.386461
0.629512 0.033384 0.030311 0.016139 0.001130 0.279493 0.010032 2.389760
0.629705 0.033390 0.030266 0.016098 0.001126 0.279368 0.010048 2.393028
0.629887 0.033388 0.030228 0.016070 0.001122 0.279241 0.010066 2.396250
0.630199 0.033296 0.030160 0.016145 0.001115 0.279005 0.010081 2.399530
0.630420 0.033344 0.030055 0.016143 0.001127 0.278819 0.010092 2.402727
0.630702 0.033320 0.030038 0.016099 0.001128 0.278605 0.010109 2.405967
0.631055 0.033278 0.030008 0.016107 0.001120 0.278310 0.010122 2.409203
0.631403 0.033221 0.029901 0.016100 0.001129 0.278108 0.010138 2.412421
0.631627 0.033302 0.029799 0.016082 0.001125 0.277911 0.010154 2.415596
0.631802 0.033251 0.029849 0.016057 0.001120 0.277752 0.010170 2.418876
0.632002 0.033306 0.029746 0.016027 0.001127 0.277610 0.010182 2.422099
0.632176 0.033284 0.029775 0.015973 0.001122 0.277472 0.010198 2.425372
0.632408 0.033229 0.029752 0.015963 0.001128 0.277309 0.010211 2.428635
0.632562 0.033302 0.029708 0.015929 0.001120 0.277154 0.010225 2.431843
0.632746 0.033233 0.029800 0.015939 0.001127 0.276915 0.010242 2.435156
0.632954 0.033269 0.029781 0.015884 0.001123 0.276735 0.010255 2.438380
0.633073 0.033380 0.029779 0.015861 0.001121 0.276519 0.010269 2.441600
0.633237 0.033334 0.029831 0.015818 0.001121 0.276378 0.010282 2.444892
0.633380 0.033357 0.029851 0.015782 0.001126 0.276212 0.010292 2.448141
0.633607 0.033318 0.029822 0.015813 0.001119 0.276012 0.010307 2.451370
0.633706 0.033500 0.029774 0.015812 0.001117 0.275770 0.010321 2.454517
0.633796 0.033470 0.029774 0.015836 0.001117 0.275670 0.010337 2.457878
0.633990 0.033443 0.029843 0.015871 0.001108 0.275398 0.010347 2.461196
0.634223 0.033369 0.029797 0.015845 0.001099 0.275301 0.010366 2.464487
0.634451 0.033340 0.029799 0.015857 0.001098 0.275078 0.010378 2.467754
0.634648 0.033345 0.029836 0.015832 0.001108 0.274835 0.010394 2.471019
0.634868 0.033273 0.029911 0.015819 0.001095 0.274625 0.010410 2.474349
0.635004 0.033321 0.029901 0.015824 0.001089 0.274438 0.010424 2.477611
0.635132 0.033304 0.029919 0.015811 0.001085 0.274310 0.010438 2.480889
0.635195 0.033366 0.029858 0.015828 0.001088 0.274212 0.010452 2.484145
0.635354 0.033455 0.029839 0.015744 0.001087 0.274053 0.010467 2.487347
0.635481 0.033507 0.029877 0.015732 0.001082 0.273840 0.010482 2.490628
0.635685 0.033501 0.029861 0.015770 0.001083 0.273606 0.010495 2.493922
0.635703 0.033562 0.029830 0.015770 0.001094 0.273536 0.010505 2.497165
0.635721 0.033583 0.029858 0.015782 0.001093 0.273441 0.010522 2.500460
0.635838 0.033661 0.029841 0.015767 0.001094 0.273262 0.010536 2.503714
0.635981 0.033610 0.029835 0.015784 0.001086 0.273154 0.010550 2.507014
0.636159 0.033663 0.029868 0.015846 0.001086 0.272818 0.010561 2.510258
0.636149 0.033724 0.029803 0.015933 0.001075 0.272739 0.010576 2.513548
0.636325 0.033665 0.029871 0.016016 0.001051 0.272480 0.010593 2.516892
0.636408 0.033681 0.029882 0.016018 0.001040 0.272365 0.010607 2.520181
0.636513 0.033627 0.029920 0.016073 0.001040 0.272202 0.010624 2.523527
0.636532 0.033714 0.029882 0.016071 0.001038 0.272127 0.010637 2.526776
0.636533 0.033763 0.029881 0.016054 0.001038 0.272082 0.010649 2.530080
0.636726 0.033688 0.029936 0.016039 0.001045 0.271908 0.010658 2.533413
0.636812 0.033698 0.029972 0.016057 0.001049 0.271740 0.010672 2.536707
0.636900 0.033736 0.030023 0.016019 0.001050 0.271591 0.010680 2.539979
0.636970 0.033797 0.029985 0.016022 0.001050 0.271487 0.010690 2.543268
0.637060 0.033792 0.029999 0.016037 0.001052 0.271356 0.010704 2.546569
0.637145 0.033718 0.030046 0.016080 0.001054 0.271238 0.010719 2.549945
0.637187 0.033747 0.030077 0.016061 0.001053 0.271144 0.010731 2.553225
0.637191 0.033753 0.030092 0.016051 0.001050 0.271122 0.010742 2.556536
0.637089 0.033810 0.030141 0.016002 0.001044 0.271159 0.010755 2.559867
0.637137 0.033768 0.030146 0.016001 0.001045 0.271130 0.010773 2.563166
0.637225 0.033768 0.030160 0.016060 0.001059 0.270945 0.010784 2.566500
0.637365 0.033689 0.030159 0.016089 0.001059 0.270843 0.010797 2.569838
0.637386 0.033747 0.030151 0.016154 0.001063 0.270685 0.010813 2.573110
0.637458 0.033675 0.030239 0.016154 0.001061 0.270590 0.010821 2.576463
0.637469 0.033788 0.030290 0.016107 0.001055 0.270453 0.010838 2.579790
0.637603 0.033766 0.030327 0.016154 0.001058 0.270240 0.010851 2.583126
0.637545 0.033892 0.030303 0.016147 0.001052 0.270198 0.010862 2.586404
0.637612 0.033893 0.030312 0.016160 0.001048 0.270100 0.010875 2.589718
0.637633 0.033850 0.030344 0.016208 0.001043 0.270032 0.010890 2.593078
0.637709 0.033818 0.030423 0.016236 0.001044 0.269867 0.010903 2.596461
0.637845 0.033812 0.030397 0.016227 0.001041 0.269764 0.010914 2.599725
0.637854 0.033814 0.030335 0.016235 0.001024 0.269808 0.010929 2.603056
0.638026 0.033745 0.030317 0.016253 0.001028 0.269690 0.010941 2.606415
0.638084 0.033726 0.030327 0.016186 0.001024 0.269694 0.010959 2.609700
0.638109 0.033799 0.030276 0.016194 0.001024 0.269627 0.010970 2.612955
0.638187 0.033764 0.030232 0.016184 0.001029 0.269617 0.010987 2.616284
0.638363 0.033804 0.030192 0.016163 0.001034 0.269444 0.011000 2.619551
0.638513 0.033791 0.030140 0.016155 0.001040 0.269349 0.011013 2.622848
0.638498 0.033764 0.030162 0.016188 0.001034 0.269328 0.011025 2.626210
0.638501 0.033806 0.030144 0.016166 0.001042 0.269309 0.011033 2.629523
0.638467 0.033849 0.030182 0.016196 0.001034 0.269226 0.011046 2.632852
0.638575 0.033844 0.030206 0.016160 0.001038 0.269119 0.011058 2.636135
0.638573 0.033930 0.030245 0.016145 0.001041 0.268995 0.011072 2.639404
0.638601 0.033842 0.030306 0.016187 0.001029 0.268945 0.011091 2.642825
0.638629 0.033797 0.030312 0.016202 0.001036 0.268922 0.011103 2.646174
0.638654 0.033890 0.030206 0.016215 0.001031 0.268888 0.011117 2.649415
0.638564 0.033869 0.030279 0.016179 0.001045 0.268941 0.011125 2.652801
0.638536 0.033889 0.030319 0.016188 0.001053 0.268876 0.011139 2.656121
0.638594 0.033897 0.030352 0.016148 0.001064 0.268794 0.011152 2.659434
0.638645 0.033879 0.030348 0.016128 0.001063 0.268772 0.011165 2.662793
0.638618 0.033897 0.030433 0.016162 0.001075 0.268637 0.011178 2.666116
0.638624 0.033922 0.030396 0.016164 0.001081 0.268622 0.011191 2.669432
0.638549 0.034027 0.030388 0.016175 0.001080 0.268579 0.011201 2.672713
0.638548 0.034123 0.030296 0.016209 0.001084 0.268529 0.011212 2.676030
0.638549 0.034051 0.030283 0.016315 0.001086 0.268492 0.011225 2.679438
0.638629 0.034084 0.030249 0.016300 0.001084 0.268420 0.011236 2.682712
0.638707 0.034056 0.030252 0.016324 0.001076 0.268334 0.011252 2.686056
0.638714 0.034032 0.030257 0.016362 0.001075 0.268293 0.011268 2.689395
0.638692 0.034031 0.030314 0.016398 0.001066 0.268214 0.011287 2.692743
0.638683 0.034139 0.030248 0.016385 0.001082 0.268164 0.011299 2.696042
0.638695 0.034212 0.030215 0.016373 0.001077 0.268116 0.011312 2.699351
0.638614 0.034215 0.030271 0.016384 0.001079 0.268113 0.011324 2.702698
0.638538 0.034211 0.030390 0.016385 0.001076 0.268060 0.011340 2.706115
0.638523 0.034152 0.030369 0.016416 0.001090 0.268097 0.011353 2.709440
0.638441 0.034124 0.030425 0.016408 0.001091 0.268147 0.011365 2.712835
0.638402 0.034228 0.030492 0.016365 0.001098 0.268035 0.011380 2.716136
0.638431 0.034145 0.030538 0.016346 0.001107 0.268042 0.011391 2.719504
0.638417 0.034276 0.030529 0.016273 0.001112 0.267986 0.011407 2.722750
0.638352 0.034368 0.030554 0.016176 0.001117 0.268007 0.011425 2.726099
0.638266 0.034318 0.030608 0.016219 0.001109 0.268042 0.011438 2.729507
0.638326 0.034250 0.030712 0.016177 0.001107 0.267979 0.011449 2.732898
0.638368 0.034218 0.030742 0.016198 0.001098 0.267910 0.011466 2.736271
0.638347 0.034177 0.030834 0.016189 0.001104 0.267872 0.011478 2.739649
0.638263 0.034232 0.030830 0.016224 0.001098 0.267859 0.011494 2.742987
0.638302 0.034180 0.030853 0.016237 0.001098 0.267823 0.011507 2.746319
0.638186 0.034224 0.030802 0.016237 0.001098 0.267936 0.011517 2.749654
0.638207 0.034265 0.030699 0.016266 0.001090 0.267939 0.011533 2.752982
0.638262 0.034179 0.030700 0.016305 0.001076 0.267932 0.011546 2.756350
0.638285 0.034127 0.030695 0.016359 0.001075 0.267898 0.011561 2.759718
0.638352 0.034179 0.030636 0.016319 0.001071 0.267866 0.011578 2.762988
0.638368 0.034195 0.030722 0.016309 0.001067 0.267749 0.011591 2.766361
0.638466 0.034190 0.030678 0.016260 0.001069 0.267734 0.011603 2.769695
0.638468 0.034202 0.030681 0.016249 0.001072 0.267712 0.011615 2.773056
0.638442 0.034283 0.030738 0.016243 0.001065 0.267599 0.011630 2.776396
0.638516 0.034243 0.030750 0.016280 0.001062 0.267505 0.011643 2.779763
0.638560 0.034138 0.030802 0.016282 0.001064 0.267494 0.011660 2.783172
0.638562 0.034052 0.030736 0.016319 0.001065 0.267594 0.011671 2.786528
0.638537 0.034165 0.030683 0.016285 0.001059 0.267580 0.011691 2.789788
0.638599 0.034186 0.030606 0.016290 0.001073 0.267548 0.011699 2.793058
0.638634 0.034209 0.030591 0.016306 0.001074 0.267476 0.011710 2.796397
0.638646 0.034261 0.030623 0.016249 0.001080 0.267420 0.011721 2.799724
0.638681 0.034186 0.030628 0.016289 0.001080 0.267401 0.011734 2.803102
0.638649 0.034179 0.030625 0.016287 0.001073 0.267435 0.011752 2.806484
0.638690 0.034145 0.030593 0.016259 0.001071 0.267475 0.011767 2.809795
0.638635 0.034139 0.030601 0.016267 0.001055 0.267520 0.011784 2.813145
0.638719 0.034161 0.030626 0.016263 0.001063 0.267374 0.011794 2.816451
0.638750 0.034184 0.030519 0.016300 0.001071 0.267366 0.011811 2.819769
0.638819 0.034094 0.030581 0.016351 0.001063 0.267268 0.011824 2.823203
0.638854 0.034088 0.030576 0.016351 0.001065 0.267228 0.011837 2.826570
0.638957 0.034118 0.030531 0.016300 0.001076 0.267169 0.011849 2.829853
0.639014 0.034019 0.030525 0.016262 0.001076 0.267238 0.011867 2.833242
0.639056 0.034023 0.030573 0.016265 0.001084 0.267121 0.011878 2.836555
0.639077 0.033967 0.030569 0.016302 0.001077 0.267116 0.011892 2.839948
0.639018 0.033975 0.030624 0.016240 0.001070 0.267163 0.011910 2.843327
0.639022 0.033916 0.030683 0.016244 0.001070 0.267139 0.011926 2.846693
0.639030 0.033957 0.030641 0.016205 0.001079 0.267147 0.011940 2.849990
0.639000 0.034039 0.030588 0.016162 0.001077 0.267178 0.011956 2.853255
0.638909 0.034074 0.030556 0.016173 0.001092 0.267229 0.011969 2.856618
0.638868 0.034035 0.030648 0.016190 0.001094 0.267183 0.011983 2.860005
0.638953 0.033989 0.030562 0.016226 0.001098 0.267174 0.011997 2.863335
0.639044 0.033903 0.030550 0.016227 0.001095 0.267170 0.012012 2.866681
0.639145 0.033800 0.030511 0.016268 0.001095 0.267157 0.012025 2.870025
0.639134 0.033813 0.030509 0.016309 0.001094 0.267101 0.012039 2.873370
0.639139 0.033830 0.030514 0.016331 0.001093 0.267043 0.012049 2.876657
0.639255 0.033857 0.030555 0.016252 0.001099 0.266918 0.012064 2.879944
0.639286 0.033870 0.030483 0.016275 0.001100 0.266908 0.012078 2.883249
0.639249 0.033944 0.030493 0.016258 0.001110 0.266855 0.012090 2.886571
0.639225 0.034008 0.030424 0.016218 0.001110 0.266910 0.012104 2.889817
0.639158 0.034123 0.030442 0.016202 0.001100 0.266857 0.012118 2.893070
0.639167 0.034077 0.030485 0.016171 0.001098 0.266871 0.012132 2.896461
0.639193 0.034060 0.030448 0.016179 0.001102 0.266874 0.012145 2.899786
0.639124 0.034044 0.030501 0.016167 0.001096 0.266910 0.012159 2.903152
0.639072 0.034037 0.030556 0.016203 0.001103 0.266858 0.012171 2.906522
0.639089 0.033929 0.030634 0.016228 0.001103 0.266835 0.012182 2.909916
0.639140 0.033924 0.030595 0.016203 0.001098 0.266849 0.012191 2.913213
0.639184 0.033951 0.030602 0.016162 0.001098 0.266795 0.012208 2.916521
0.639128 0.034051 0.030637 0.016114 0.001085 0.266759 0.012227 2.919786
0.639015 0.034100 0.030586 0.016182 0.001095 0.266782 0.012241 2.923152
0.639050 0.034044 0.030507 0.016227 0.001093 0.266826 0.012253 2.926485
0.638998 0.034111 0.030480 0.016268 0.001086 0.266788 0.012270 2.929812
0.638954 0.034045 0.030478 0.016268 0.001083 0.266889 0.012285 2.933226
0.638842 0.034110 0.030476 0.016293 0.001081 0.266897 0.012302 2.936514
0.638857 0.034140 0.030463 0.016296 0.001087 0.266844 0.012313 2.939823
0.638652 0.034224 0.030434 0.016325 0.001080 0.266951 0.012335 2.943184
0.638673 0.034184 0.030435 0.016320 0.001076 0.266965 0.012346 2.946511
0.638696 0.034119 0.030442 0.016328 0.001075 0.266979 0.012362 2.949859
0.638627 0.034070 0.030471 0.016321 0.001071 0.267066 0.012375 2.953272
0.638565 0.034102 0.030424 0.016334 0.001078 0.267111 0.012387 2.956602
0.638680 0.034057 0.030428 0.016338 0.001072 0.267020 0.012405 2.959959
0.638650 0.034173 0.030375 0.016249 0.001071 0.267064 0.012418 2.963210
0.638638 0.034166 0.030402 0.016256 0.001069 0.267038 0.012431 2.966580
0.638698 0.034106 0.030460 0.016284 0.001061 0.266946 0.012445 2.969987
0.638756 0.034084 0.030421 0.016284 0.001062 0.266933 0.012461 2.973320
0.638792 0.034041 0.030432 0.016259 0.001062 0.266938 0.012474 2.976693
0.638875 0.034001 0.030417 0.016283 0.001070 0.266868 0.012485 2.980059
0.638822 0.034036 0.030352 0.016316 0.001074 0.266901 0.012500 2.983407
0.638746 0.034066 0.030352 0.016297 0.001079 0.266948 0.012512 2.986723
0.638760 0.034036 0.030318 0.016246 0.001079 0.267040 0.012522 2.990103
0.638803 0.034000 0.030363 0.016260 0.001084 0.266952 0.012539 2.993473
0.638920 0.033925 0.030347 0.016258 0.001096 0.266900 0.012553 2.996787
0.638967 0.033860 0.030454 0.016248 0.001091 0.266816 0.012565 3.000153
0.639009 0.033851 0.030421 0.016227 0.001094 0.266816 0.012583 3.003505
0.639073 0.033823 0.030448 0.016221 0.001106 0.266733 0.012596 3.006844
0.639087 0.033819 0.030457 0.016281 0.001107 0.266635 0.012614 3.010133
0.639114 0.033853 0.030401 0.016214 0.001106 0.266686 0.012628 3.013400
0.639135 0.033939 0.030356 0.016195 0.001111 0.266625 0.012640 3.016634
0.639216 0.033834 0.030376 0.016212 0.001103 0.266603 0.012658 3.020035
0.639265 0.033734 0.030408 0.016271 0.001098 0.266547 0.012678 3.023423
0.639316 0.033794 0.030293 0.016295 0.001096 0.266513 0.012692 3.026654
0.639410 0.033719 0.030290 0.016283 0.001081 0.266513 0.012705 3.029979
0.639466 0.033733 0.030239 0.016266 0.001080 0.266499 0.012717 3.033234
0.639534 0.033691 0.030252 0.016213 0.001071 0.266506 0.012733 3.036565
0.639614 0.033555 0.030263 0.016197 0.001070 0.266554 0.012748 3.039906
0.639625 0.033625 0.030198 0.016186 0.001071 0.266536 0.012761 3.043166
0.639722 0.033634 0.030065 0.016190 0.001069 0.266543 0.012777 3.046413
0.639811 0.033639 0.030037 0.016162 0.001056 0.266505 0.012792 3.049681
0.639873 0.033593 0.030046 0.016166 0.001060 0.266451 0.012811 3.052988
0.639939 0.033509 0.030077 0.016198 0.001070 0.266383 0.012825 3.056305
0.639910 0.033539 0.030052 0.016164 0.001067 0.266429 0.012840 3.059586
0.639929 0.033539 0.030047 0.016110 0.001053 0.266464 0.012859 3.062863
0.640022 0.033501 0.030113 0.016126 0.001057 0.266309 0.012873 3.066186
0.640125 0.033435 0.030054 0.016139 0.001053 0.266307 0.012887 3.069479
0.640136 0.033375 0.030103 0.016169 0.001046 0.266271 0.012901 3.072819
0.640147 0.033293 0.030137 0.016152 0.001046 0.266315 0.012910 3.076148
0.640186 0.033312 0.030101 0.016122 0.001047 0.266310 0.012923 3.079397
0.640276 0.033305 0.030023 0.016118 0.001043 0.266299 0.012937 3.082654
0.640274 0.033380 0.029956 0.016096 0.001068 0.266279 0.012947 3.085887
0.640348 0.033382 0.029825 0.016112 0.001067 0.266304 0.012961 3.089141
0.640431 0.033391 0.029799 0.016101 0.001057 0.266244 0.012977 3.092421
0.640453 0.033431 0.029764 0.016062 0.001049 0.266250 0.012992 3.095648
0.640549 0.033346 0.029816 0.016041 0.001053 0.266190 0.013006 3.098946
0.640623 0.033402 0.029798 0.015991 0.001056 0.266111 0.013018 3.102216
0.640670 0.033377 0.029828 0.015939 0.001055 0.266102 0.013029 3.105557
0.640753 0.033339 0.029841 0.015968 0.001055 0.265999 0.013047 3.108821
0.640858 0.033326 0.029832 0.015931 0.001054 0.265936 0.013063 3.112086
0.640825 0.033444 0.029837 0.015931 0.001047 0.265837 0.013080 3.115361
0.640785 0.033428 0.029933 0.015921 0.001055 0.265787 0.013091 3.118689
0.640826 0.033414 0.029933 0.015906 0.001061 0.265759 0.013101 3.121991
0.640886 0.033401 0.029870 0.015921 0.001056 0.265751 0.013116 3.125240
0.640934 0.033342 0.029851 0.015932 0.001062 0.265749 0.013130 3.128534
0.641068 0.033272 0.029826 0.015966 0.001064 0.265660 0.013143 3.131813
0.641115 0.033252 0.029803 0.015960 0.001066 0.265649 0.013154 3.135105
0.641158 0.033321 0.029796 0.015954 0.001057 0.265546 0.013168 3.138349
0.641128 0.033392 0.029787 0.015892 0.001058 0.265560 0.013183 3.141590
0.641240 0.033301 0.029821 0.015871 0.001062 0.265510 0.013194 3.144903
0.641328 0.033289 0.029818 0.015833 0.001067 0.265455 0.013209 3.148144
0.641396 0.033228 0.029888 0.015819 0.001061 0.265386 0.013223 3.151462
0.641444 0.033191 0.029936 0.015858 0.001079 0.265257 0.013236 3.154757
0.641449 0.033316 0.029801 0.015866 0.001076 0.265242 0.013249 3.157946
0.641597 0.033347 0.029759 0.015840 0.001074 0.265118 0.013265 3.161142
0.641551 0.033420 0.029695 0.015895 0.001067 0.265094 0.013278 3.164404
0.641640 0.033357 0.029700 0.015962 0.001056 0.264988 0.013297 3.167688
0.641660 0.033357 0.029729 0.015970 0.001051 0.264920 0.013313 3.170944
0.641758 0.033364 0.029799 0.015963 0.001051 0.264740 0.013326 3.174225
0.641784 0.033387 0.029763 0.015970 0.001056 0.264704 0.013336 3.177465
0.641844 0.033485 0.029749 0.015959 0.001049 0.264566 0.013347 3.180675
0.641797 0.033517 0.029802 0.015933 0.001051 0.264539 0.013360 3.183945
0.641921 0.033488 0.029828 0.015964 0.001050 0.264377 0.013373 3.187250
0.641887 0.033498 0.029924 0.016011 0.001059 0.264234 0.013387 3.190604
0.641889 0.033551 0.029906 0.016016 0.001051 0.264186 0.013401 3.193859
0.641796 0.033690 0.029853 0.016003 0.001052 0.264190 0.013417 3.197094
0.641890 0.033725 0.029836 0.015993 0.001057 0.264069 0.013430 3.200320
0.641885 0.033723 0.029905 0.016030 0.001060 0.263950 0.013446 3.203670
0.641868 0.033752 0.029964 0.016009 0.001066 0.263884 0.013458 3.206970
0.641787 0.033761 0.029963 0.016064 0.001068 0.263891 0.013469 3.210283
0.641773 0.033740 0.029986 0.016036 0.001073 0.263910 0.013483 3.213580
0.641749 0.033721 0.030053 0.016003 0.001067 0.263903 0.013505 3.216912
0.641684 0.033712 0.030072 0.016009 0.001055 0.263952 0.013516 3.220249
0.641622 0.033774 0.030021 0.016021 0.001057 0.263974 0.013530 3.223524
0.641541 0.033822 0.029961 0.016080 0.001065 0.263988 0.013542 3.226815
0.641604 0.033723 0.029971 0.016152 0.001046 0.263948 0.013556 3.230189
0.641604 0.033670 0.029960 0.016131 0.001051 0.264016 0.013567 3.233486
0.641569 0.033692 0.029935 0.016151 0.001060 0.264010 0.013582 3.236761
0.641431 0.033710 0.029969 0.016186 0.001066 0.264042 0.013596 3.240097
0.641412 0.033719 0.029918 0.016168 0.001060 0.264112 0.013611 3.243352
0.641500 0.033615 0.029965 0.016195 0.001060 0.264043 0.013622 3.246708
0.641539 0.033601 0.029973 0.016160 0.001042 0.264047 0.013638 3.249997
0.641514 0.033613 0.029890 0.016136 0.001045 0.264155 0.013647 3.253260
0.641526 0.033567 0.029922 0.016116 0.001055 0.264156 0.013659 3.256564
0.641712 0.033451 0.029943 0.016106 0.001060 0.264056 0.013674 3.259889
0.641718 0.033492 0.029895 0.016134 0.001066 0.264013 0.013683 3.263159
0.641724 0.033489 0.029867 0.016120 0.001064 0.264036 0.013700 3.266453
0.641806 0.033497 0.029823 0.016104 0.001068 0.263993 0.013710 3.269685
0.641849 0.033434 0.029831 0.016103 0.001065 0.263994 0.013725 3.272982
0.641945 0.033462 0.029832 0.016037 0.001056 0.263927 0.013742 3.276197
0.641915 0.033528 0.029800 0.016027 0.001066 0.263910 0.013755 3.279446
0.641948 0.033537 0.029817 0.016052 0.001066 0.263812 0.013769 3.282753
0.641990 0.033493 0.029778 0.016021 0.001072 0.263864 0.013783 3.286055
0.641973 0.033544 0.029814 0.015983 0.001075 0.263819 0.013793 3.289294
0.641979 0.033534 0.029803 0.015958 0.001075 0.263845 0.013809 3.292587
0.641983 0.033554 0.029834 0.015986 0.001066 0.263751 0.013825 3.295847
0.641961 0.033596 0.029821 0.015963 0.001059 0.263752 0.013848 3.299118
0.641992 0.033585 0.029866 0.015986 0.001056 0.263653 0.013862 3.302404
0.641996 0.033649 0.029806 0.015988 0.001047 0.263638 0.013877 3.305642
0.641951 0.033648 0.029843 0.016001 0.001053 0.263618 0.013886 3.308967
0.641989 0.033607 0.029871 0.015984 0.001056 0.263595 0.013899 3.312261
0.642044 0.033606 0.029863 0.016002 0.001055 0.263516 0.013913 3.315543
0.642094 0.033561 0.029772 0.016059 0.001046 0.263543 0.013925 3.318840
0.642124 0.033604 0.029762 0.016013 0.001042 0.263516 0.013939 3.322053
0.642013 0.033646 0.029775 0.016004 0.001043 0.263560 0.013959 3.325372
0.641984 0.033693 0.029782 0.015993 0.001049 0.263531 0.013968 3.328649
0.641991 0.033701 0.029770 0.015989 0.001041 0.263527 0.013981 3.331904
0.641931 0.033745 0.029803 0.015992 0.001026 0.263502 0.014000 3.335218
0.641907 0.033726 0.029778 0.015999 0.001034 0.263541 0.014014 3.338546
0.641848 0.033749 0.029775 0.015983 0.001024 0.263592 0.014029 3.341829
0.641859 0.033793 0.029817 0.015989 0.001023 0.263477 0.014042 3.345099
0.641759 0.033855 0.029886 0.016011 0.001029 0.263404 0.014056 3.348424
0.641693 0.033854 0.029921 0.016026 0.001030 0.263408 0.014068 3.351764
0.641703 0.033852 0.029963 0.016065 0.001039 0.263297 0.014081 3.355131
0.641702 0.033893 0.030017 0.016039 0.001047 0.263213 0.014090 3.358429
0.641557 0.033871 0.029982 0.016176 0.001042 0.263261 0.014111 3.361851
0.641683 0.033843 0.030004 0.016161 0.001048 0.263134 0.014126 3.365122
0.641549 0.033902 0.030005 0.016211 0.001047 0.263149 0.014138 3.368457
0.641411 0.033955 0.030084 0.016176 0.001042 0.263178 0.014154 3.371775
0.641431 0.034025 0.030048 0.016104 0.001041 0.263187 0.014164 3.374990
0.641391 0.034054 0.030162 0.016105 0.001047 0.263062 0.014178 3.378326
0.641316 0.034146 0.030180 0.016117 0.001048 0.263003 0.014191 3.381638
0.641385 0.034145 0.030180 0.016107 0.001045 0.262932 0.014206 3.384947
0.641433 0.034093 0.030199 0.016103 0.001057 0.262900 0.014216 3.388325
0.641325 0.034086 0.030289 0.016110 0.001056 0.262903 0.014231 3.391673
0.641269 0.034110 0.030271 0.016115 0.001052 0.262937 0.014246 3.394999
0.641294 0.034123 0.030211 0.016095 0.001041 0.262977 0.014259 3.398305
0.641279 0.034138 0.030244 0.016104 0.001047 0.262918 0.014268 3.401650
0.641201 0.034113 0.030264 0.016107 0.001049 0.262983 0.014283 3.404972
0.641176 0.034091 0.030322 0.016132 0.001048 0.262939 0.014293 3.408354
0.641088 0.034144 0.030292 0.016133 0.001049 0.262983 0.014310 3.411654
0.640975 0.034262 0.030333 0.016103 0.001063 0.262944 0.014320 3.414974
0.640940 0.034210 0.030352 0.016145 0.001057 0.262966 0.014330 3.418354
0.640877 0.034258 0.030326 0.016167 0.001055 0.262971 0.014346 3.421655
0.640832 0.034156 0.030420 0.016201 0.001067 0.262968 0.014355 3.425078
0.640815 0.034130 0.030434 0.016206 0.001066 0.262981 0.014370 3.428417
0.640765 0.034158 0.030361 0.016231 0.001058 0.263041 0.014386 3.431760
0.640729 0.034132 0.030314 0.016244 0.001058 0.263127 0.014396 3.435113
0.640656 0.034084 0.030370 0.016273 0.001050 0.263159 0.014408 3.438510
0.640583 0.034100 0.030417 0.016248 0.001051 0.263181 0.014421 3.441831
0.640539 0.034089 0.030390 0.016266 0.001053 0.263230 0.014433 3.445195
0.640505 0.034064 0.030475 0.016290 0.001037 0.263179 0.014450 3.448566
0.640417 0.034128 0.030395 0.016281 0.001030 0.263283 0.014467 3.451854
0.640280 0.034165 0.030356 0.016290 0.001034 0.263397 0.014478 3.455202
0.640210 0.034134 0.030404 0.016263 0.001032 0.263464 0.014493 3.458544
0.640162 0.034116 0.030314 0.016295 0.001039 0.263566 0.014508 3.461867
0.640176 0.034075 0.030268 0.016304 0.001036 0.263619 0.014524 3.465199
