0.339491 0.062528 0.056094 0.032268 0.002118 0.501173 0.006328 1.642778
0.342242 0.060056 0.056064 0.032071 0.002136 0.501077 0.006354 1.648873
0.345654 0.057026 0.055895 0.031839 0.002147 0.501060 0.006380 1.654740
0.349515 0.053954 0.055510 0.031410 0.002157 0.501049 0.006405 1.660146
0.353833 0.050716 0.054937 0.030897 0.002152 0.501022 0.006444 1.665291
0.358388 0.047532 0.054304 0.030361 0.002141 0.500799 0.006476 1.670162
0.363241 0.044464 0.053579 0.029682 0.002138 0.500393 0.006503 1.674705
0.368034 0.041564 0.052661 0.028916 0.002138 0.500156 0.006531 1.678916
0.373025 0.038769 0.051719 0.028136 0.002123 0.499669 0.006558 1.682928
0.378188 0.036232 0.050565 0.027348 0.002117 0.498967 0.006584 1.686581
0.383532 0.033827 0.049389 0.026467 0.002114 0.498051 0.006620 1.689999
0.388783 0.031484 0.048129 0.025642 0.002091 0.497224 0.006647 1.693286
0.394067 0.029401 0.046735 0.024745 0.002075 0.496301 0.006675 1.696248
0.399331 0.027455 0.045459 0.023879 0.002062 0.495112 0.006704 1.699073
0.404551 0.025721 0.044161 0.022976 0.002043 0.493817 0.006732 1.701651
0.409969 0.023964 0.042757 0.022104 0.002027 0.492424 0.006756 1.704161
0.415407 0.022497 0.041380 0.021215 0.002014 0.490709 0.006780 1.706429
0.420747 0.021061 0.039960 0.020416 0.001998 0.489013 0.006804 1.708628
0.426206 0.019750 0.038531 0.019621 0.001961 0.487108 0.006823 1.710653
0.431606 0.018647 0.037182 0.018775 0.001938 0.485006 0.006847 1.712487
0.436994 0.017528 0.035792 0.018049 0.001911 0.482853 0.006873 1.714282
0.442372 0.016535 0.034366 0.017291 0.001891 0.480647 0.006899 1.715942
0.447832 0.015556 0.033091 0.016570 0.001868 0.478164 0.006920 1.717570
0.453173 0.014710 0.031802 0.015875 0.001843 0.475655 0.006943 1.719042
0.458586 0.013918 0.030560 0.015226 0.001811 0.472931 0.006967 1.720466
0.463840 0.013201 0.029301 0.014521 0.001788 0.470364 0.006984 1.721800
0.469161 0.012512 0.028164 0.013877 0.001755 0.467520 0.007011 1.723097
0.474394 0.011841 0.027009 0.013276 0.001716 0.464726 0.007038 1.724332
0.479650 0.011269 0.025930 0.012689 0.001682 0.461723 0.007058 1.725456
0.484874 0.010752 0.024885 0.012134 0.001653 0.458621 0.007080 1.726519
0.489970 0.010289 0.023859 0.011598 0.001618 0.455571 0.007096 1.727533
0.495040 0.009862 0.022863 0.011072 0.001583 0.452460 0.007120 1.728500
0.500138 0.009457 0.021867 0.010591 0.001556 0.449255 0.007136 1.729423
0.505292 0.009065 0.020933 0.010120 0.001520 0.445917 0.007155 1.730332
0.510281 0.008707 0.020068 0.009658 0.001477 0.442629 0.007180 1.731216
0.515377 0.008372 0.019204 0.009237 0.001441 0.439164 0.007205 1.732065
0.520394 0.008039 0.018435 0.008817 0.001419 0.435678 0.007218 1.732870
0.525369 0.007806 0.017660 0.008417 0.001396 0.432118 0.007235 1.733595
0.530205 0.007562 0.016951 0.008036 0.001368 0.428628 0.007250 1.734340
0.535093 0.007281 0.016252 0.007727 0.001335 0.425044 0.007268 1.735084
0.539931 0.007022 0.015648 0.007404 0.001296 0.421411 0.007288 1.735809
0.544714 0.006810 0.015001 0.007114 0.001266 0.417796 0.007299 1.736483
0.549486 0.006628 0.014397 0.006810 0.001235 0.414127 0.007317 1.737119
0.554212 0.006463 0.013834 0.006510 0.001202 0.410445 0.007334 1.737732
0.558838 0.006297 0.013281 0.006252 0.001166 0.406809 0.007356 1.738342
0.563466 0.006075 0.012783 0.005998 0.001134 0.403173 0.007371 1.738971
0.568064 0.005920 0.012302 0.005745 0.001098 0.399485 0.007387 1.739545
0.572629 0.005762 0.011821 0.005500 0.001077 0.395813 0.007398 1.740116
0.577206 0.005598 0.011366 0.005318 0.001044 0.392051 0.007418 1.740684
0.581645 0.005446 0.010961 0.005147 0.001012 0.388357 0.007432 1.741263
0.586084 0.005365 0.010506 0.004934 0.000983 0.384684 0.007445 1.741759
0.590461 0.005239 0.010163 0.004749 0.000956 0.380976 0.007457 1.742290
0.594850 0.005114 0.009797 0.004569 0.000924 0.377272 0.007475 1.742801
0.599105 0.005001 0.009434 0.004402 0.000891 0.373677 0.007491 1.743312
0.603360 0.004906 0.009100 0.004244 0.000870 0.370018 0.007502 1.743802
0.607572 0.004820 0.008749 0.004092 0.000851 0.366403 0.007515 1.744255
0.611815 0.004731 0.008466 0.003950 0.000829 0.362685 0.007525 1.744728
0.615936 0.004635 0.008180 0.003840 0.000799 0.359071 0.007539 1.745200
0.620039 0.004567 0.007943 0.003718 0.000777 0.355406 0.007550 1.745668
0.624150 0.004504 0.007691 0.003590 0.000761 0.351747 0.007559 1.746092
0.628247 0.004411 0.007439 0.003487 0.000744 0.348102 0.007571 1.746538
0.632181 0.004351 0.007240 0.003364 0.000732 0.344558 0.007575 1.746975
0.636150 0.004253 0.007022 0.003276 0.000708 0.341004 0.007588 1.747420
0.640067 0.004227 0.006779 0.003133 0.000683 0.337510 0.007600 1.747816
0.643855 0.004148 0.006623 0.003046 0.000666 0.334056 0.007606 1.748271
0.647628 0.004118 0.006404 0.002951 0.000647 0.330638 0.007615 1.748658
0.651397 0.004055 0.006232 0.002883 0.000633 0.327177 0.007622 1.749068
0.655073 0.004011 0.006093 0.002818 0.000619 0.323759 0.007627 1.749479
0.658749 0.003980 0.005931 0.002739 0.000605 0.320364 0.007633 1.749856
0.662368 0.003913 0.005773 0.002678 0.000591 0.317037 0.007639 1.750257
0.665992 0.003903 0.005630 0.002613 0.000577 0.313640 0.007645 1.750625
0.669484 0.003870 0.005502 0.002554 0.000562 0.310377 0.007653 1.751007
0.673115 0.003837 0.005376 0.002484 0.000542 0.306983 0.007663 1.751376
0.676713 0.003818 0.005250 0.002424 0.000530 0.303595 0.007671 1.751742
0.680131 0.003789 0.005122 0.002375 0.000520 0.300388 0.007675 1.752102
0.683477 0.003759 0.005026 0.002320 0.000508 0.297231 0.007681 1.752495
0.686857 0.003780 0.004904 0.002273 0.000483 0.294012 0.007691 1.752842
0.690187 0.003732 0.004809 0.002249 0.000469 0.290855 0.007697 1.753216
0.693462 0.003748 0.004731 0.002188 0.000450 0.287715 0.007706 1.753562
0.696582 0.003744 0.004653 0.002131 0.000437 0.284741 0.007712 1.753932
0.699798 0.003744 0.004552 0.002109 0.000422 0.281656 0.007719 1.754279
0.702956 0.003681 0.004508 0.002094 0.000411 0.278626 0.007724 1.754682
0.706034 0.003674 0.004434 0.002080 0.000400 0.275648 0.007730 1.755040
0.709094 0.003671 0.004368 0.002048 0.000389 0.272692 0.007739 1.755403
0.712188 0.003665 0.004305 0.002010 0.000383 0.269708 0.007742 1.755761
0.715218 0.003662 0.004217 0.001981 0.000373 0.266803 0.007748 1.756112
0.718265 0.003659 0.004178 0.001953 0.000363 0.263829 0.007754 1.756472
0.721166 0.003664 0.004117 0.001938 0.000357 0.261003 0.007757 1.756820
0.724109 0.003666 0.004062 0.001908 0.000341 0.258152 0.007762 1.757168
0.726935 0.003691 0.003991 0.001885 0.000337 0.255397 0.007765 1.757513
0.729733 0.003682 0.003952 0.001870 0.000328 0.252667 0.007769 1.757888
0.732527 0.003652 0.003918 0.001852 0.000322 0.249952 0.007777 1.758263
0.735309 0.003667 0.003872 0.001825 0.000317 0.247229 0.007782 1.758615
0.738068 0.003650 0.003843 0.001818 0.000308 0.244527 0.007786 1.758982
0.740742 0.003630 0.003824 0.001790 0.000303 0.241920 0.007790 1.759358
0.743317 0.003633 0.003779 0.001775 0.000293 0.239409 0.007794 1.759710
0.745959 0.003635 0.003742 0.001762 0.000288 0.236815 0.007799 1.760062
0.748516 0.003682 0.003686 0.001751 0.000278 0.234285 0.007804 1.760402
0.751072 0.003681 0.003678 0.001759 0.000271 0.231730 0.007809 1.760786
0.753634 0.003665 0.003656 0.001744 0.000263 0.229226 0.007814 1.761153
0.756148 0.003658 0.003635 0.001739 0.000259 0.226744 0.007818 1.761507
0.758680 0.003676 0.003617 0.001726 0.000252 0.224228 0.007822 1.761859
0.761135 0.003684 0.003584 0.001739 0.000249 0.221784 0.007825 1.762211
0.763493 0.003717 0.003573 0.001728 0.000241 0.219420 0.007830 1.762563
0.765877 0.003700 0.003566 0.001724 0.000235 0.217063 0.007835 1.762934
0.768203 0.003699 0.003563 0.001711 0.000228 0.214757 0.007839 1.763295
0.770507 0.003725 0.003562 0.001711 0.000224 0.212431 0.007841 1.763672
0.772826 0.003728 0.003539 0.001722 0.000220 0.210119 0.007847 1.764040
0.775063 0.003721 0.003569 0.001708 0.000217 0.207876 0.007848 1.764434
0.777239 0.003752 0.003579 0.001709 0.000210 0.205660 0.007851 1.764808
0.779412 0.003752 0.003564 0.001687 0.000210 0.203523 0.007854 1.765187
0.781528 0.003762 0.003568 0.001696 0.000207 0.201382 0.007858 1.765566
0.783604 0.003779 0.003560 0.001703 0.000203 0.199292 0.007860 1.765934
0.785661 0.003810 0.003533 0.001699 0.000199 0.197238 0.007861 1.766297
0.787809 0.003798 0.003538 0.001705 0.000193 0.195095 0.007863 1.766676
0.789845 0.003823 0.003548 0.001712 0.000188 0.193018 0.007867 1.767057
0.791846 0.003853 0.003554 0.001706 0.000178 0.190992 0.007871 1.767431
0.793817 0.003871 0.003555 0.001699 0.000172 0.189014 0.007873 1.767820
0.795716 0.003910 0.003566 0.001674 0.000171 0.187089 0.007875 1.768191
0.797567 0.003954 0.003576 0.001676 0.000167 0.185181 0.007877 1.768585
0.799408 0.003961 0.003596 0.001699 0.000164 0.183293 0.007878 1.768979
0.801249 0.003971 0.003591 0.001693 0.000165 0.181450 0.007881 1.769374
0.803092 0.004033 0.003576 0.001704 0.000162 0.179549 0.007884 1.769762
0.804909 0.004071 0.003566 0.001707 0.000162 0.177699 0.007885 1.770144
0.806729 0.004110 0.003606 0.001708 0.000159 0.175802 0.007887 1.770549
0.808472 0.004146 0.003618 0.001711 0.000158 0.174006 0.007890 1.770960
0.810180 0.004189 0.003620 0.001711 0.000154 0.172253 0.007892 1.771351
0.811895 0.004208 0.003648 0.001710 0.000151 0.170495 0.007894 1.771778
0.813594 0.004271 0.003675 0.001726 0.000148 0.168690 0.007897 1.772192
0.815274 0.004320 0.003679 0.001732 0.000143 0.166954 0.007898 1.772605
0.816909 0.004350 0.003703 0.001732 0.000137 0.165268 0.007902 1.773017
0.818496 0.004426 0.003702 0.001756 0.000133 0.163581 0.007905 1.773440
0.820083 0.004494 0.003714 0.001767 0.000131 0.161903 0.007907 1.773870
0.821616 0.004526 0.003775 0.001773 0.000129 0.160272 0.007910 1.774316
0.823091 0.004617 0.003785 0.001756 0.000131 0.158708 0.007912 1.774741
0.824541 0.004669 0.003837 0.001768 0.000130 0.157142 0.007914 1.775184
0.825995 0.004747 0.003857 0.001788 0.000130 0.155566 0.007916 1.775636
0.827401 0.004808 0.003903 0.001812 0.000132 0.154028 0.007917 1.776105
0.828801 0.004870 0.003941 0.001831 0.000134 0.152506 0.007917 1.776585
0.830117 0.004916 0.003975 0.001863 0.000135 0.151076 0.007918 1.777069
0.831380 0.005031 0.003994 0.001881 0.000135 0.149660 0.007919 1.777538
0.832713 0.005035 0.004034 0.001911 0.000134 0.148253 0.007921 1.778045
0.833975 0.005053 0.004093 0.001942 0.000131 0.146883 0.007924 1.778565
0.835235 0.005116 0.004150 0.001967 0.000131 0.145475 0.007926 1.779074
0.836459 0.005161 0.004224 0.001989 0.000127 0.144111 0.007929 1.779603
0.837633 0.005239 0.004285 0.002012 0.000122 0.142776 0.007933 1.780112
0.838841 0.005333 0.004325 0.002038 0.000118 0.141412 0.007935 1.780618
0.840025 0.005412 0.004345 0.002033 0.000119 0.140130 0.007936 1.781119
0.841198 0.005436 0.004380 0.002074 0.000118 0.138856 0.007938 1.781661
0.842305 0.005481 0.004468 0.002109 0.000118 0.137578 0.007940 1.782219
0.843412 0.005517 0.004524 0.002149 0.000114 0.136343 0.007942 1.782768
0.844495 0.005571 0.004591 0.002155 0.000114 0.135131 0.007945 1.783318
0.845545 0.005639 0.004627 0.002178 0.000114 0.133950 0.007948 1.783891
0.846537 0.005736 0.004687 0.002190 0.000114 0.132787 0.007950 1.784436
0.847584 0.005797 0.004759 0.002209 0.000115 0.131583 0.007952 1.785013
0.848568 0.005847 0.004838 0.002236 0.000114 0.130443 0.007953 1.785599
0.849528 0.005912 0.004887 0.002265 0.000116 0.129336 0.007955 1.786199
0.850540 0.005966 0.004958 0.002293 0.000114 0.128172 0.007957 1.786793
0.851501 0.006035 0.004993 0.002309 0.000117 0.127087 0.007957 1.787373
0.852390 0.006115 0.005040 0.002325 0.000120 0.126051 0.007959 1.787964
0.853327 0.006192 0.005101 0.002355 0.000118 0.124948 0.007960 1.788568
0.854232 0.006207 0.005158 0.002414 0.000121 0.123908 0.007961 1.789216
0.855103 0.006266 0.005205 0.002452 0.000125 0.122886 0.007962 1.789838
0.855958 0.006363 0.005242 0.002472 0.000128 0.121873 0.007964 1.790444
0.856722 0.006470 0.005302 0.002476 0.000133 0.120932 0.007966 1.791058
0.857485 0.006547 0.005342 0.002487 0.000136 0.120036 0.007967 1.791691
0.858297 0.006614 0.005399 0.002526 0.000136 0.119060 0.007969 1.792347
0.859104 0.006703 0.005430 0.002546 0.000139 0.118108 0.007969 1.792975
0.859844 0.006827 0.005472 0.002598 0.000144 0.117145 0.007970 1.793610
0.860558 0.006922 0.005557 0.002648 0.000144 0.116200 0.007972 1.794309
0.861264 0.006988 0.005606 0.002686 0.000145 0.115338 0.007974 1.794999
0.861867 0.007105 0.005640 0.002700 0.000149 0.114565 0.007975 1.795683
0.862546 0.007118 0.005727 0.002750 0.000143 0.113737 0.007979 1.796416
0.863156 0.007235 0.005758 0.002783 0.000146 0.112943 0.007980 1.797111
0.863752 0.007329 0.005800 0.002812 0.000149 0.112177 0.007981 1.797817
0.864356 0.007437 0.005883 0.002838 0.000149 0.111355 0.007983 1.798533
0.864949 0.007525 0.005954 0.002863 0.000152 0.110573 0.007984 1.799241
0.865429 0.007664 0.006017 0.002898 0.000157 0.109847 0.007988 1.799969
0.865937 0.007758 0.006121 0.002915 0.000157 0.109122 0.007990 1.800729
0.866481 0.007849 0.006186 0.002934 0.000160 0.108398 0.007993 1.801493
0.866973 0.007955 0.006247 0.003002 0.000160 0.107669 0.007994 1.802264
0.867443 0.008005 0.006379 0.003054 0.000165 0.106961 0.007995 1.803074
0.867884 0.008094 0.006435 0.003075 0.000168 0.106348 0.007997 1.803821
0.868328 0.008146 0.006526 0.003132 0.000167 0.105700 0.008001 1.804652
0.868763 0.008254 0.006545 0.003175 0.000168 0.105094 0.008002 1.805435
0.869217 0.008289 0.006634 0.003204 0.000169 0.104484 0.008005 1.806278
0.869592 0.008328 0.006756 0.003254 0.000170 0.103893 0.008007 1.807138
0.869997 0.008372 0.006825 0.003281 0.000169 0.103348 0.008009 1.807969
0.870412 0.008470 0.006883 0.003287 0.000174 0.102765 0.008011 1.808784
0.870835 0.008548 0.006937 0.003313 0.000169 0.102185 0.008013 1.809589
0.871201 0.008630 0.007023 0.003332 0.000174 0.101625 0.008015 1.810436
0.871511 0.008666 0.007130 0.003385 0.000176 0.101116 0.008017 1.811315
0.871851 0.008735 0.007198 0.003413 0.000174 0.100610 0.008020 1.812182
0.872175 0.008778 0.007247 0.003466 0.000175 0.100135 0.008024 1.813071
0.872462 0.008861 0.007300 0.003482 0.000181 0.099685 0.008027 1.813927
0.872724 0.008918 0.007372 0.003529 0.000183 0.099245 0.008029 1.814824
0.873001 0.008958 0.007451 0.003567 0.000188 0.098802 0.008033 1.815728
0.873250 0.009021 0.007488 0.003622 0.000189 0.098395 0.008036 1.816604
0.873498 0.009078 0.007569 0.003656 0.000188 0.097973 0.008039 1.817527
0.873703 0.009149 0.007640 0.003685 0.000191 0.097590 0.008042 1.818430
0.873893 0.009188 0.007689 0.003725 0.000191 0.097269 0.008045 1.819358
0.874104 0.009279 0.007788 0.003726 0.000193 0.096866 0.008045 1.820259
0.874333 0.009347 0.007863 0.003738 0.000196 0.096478 0.008046 1.821180
0.874548 0.009427 0.007938 0.003777 0.000198 0.096063 0.008050 1.822118
0.874781 0.009501 0.007992 0.003817 0.000201 0.095656 0.008053 1.823024
0.874991 0.009542 0.008035 0.003907 0.000200 0.095269 0.008056 1.824002
0.875152 0.009625 0.008090 0.003919 0.000200 0.094955 0.008061 1.824941
0.875305 0.009692 0.008176 0.003951 0.000207 0.094605 0.008063 1.825889
0.875471 0.009761 0.008266 0.003983 0.000205 0.094248 0.008065 1.826855
0.875661 0.009804 0.008324 0.004005 0.000207 0.093929 0.008069 1.827820
0.875775 0.009862 0.008410 0.004030 0.000211 0.093641 0.008071 1.828792
0.875935 0.009925 0.008441 0.004055 0.000215 0.093357 0.008073 1.829742
0.876013 0.009969 0.008552 0.004102 0.000223 0.093069 0.008074 1.830755
0.876126 0.010065 0.008660 0.004079 0.000232 0.092763 0.008076 1.831702
0.876252 0.010130 0.008673 0.004116 0.000229 0.092522 0.008079 1.832675
0.876366 0.010171 0.008723 0.004114 0.000232 0.092313 0.008082 1.833662
0.876397 0.010259 0.008804 0.004131 0.000225 0.092097 0.008087 1.834678
0.876442 0.010332 0.008853 0.004159 0.000230 0.091896 0.008089 1.835686
0.876464 0.010380 0.008918 0.004212 0.000234 0.091701 0.008093 1.836742
0.876557 0.010393 0.008955 0.004271 0.000232 0.091496 0.008096 1.837764
0.876653 0.010398 0.009017 0.004275 0.000237 0.091322 0.008098 1.838795
0.876728 0.010473 0.009037 0.004301 0.000242 0.091118 0.008101 1.839786
0.876738 0.010502 0.009113 0.004314 0.000244 0.090987 0.008103 1.840834
0.876811 0.010550 0.009154 0.004357 0.000243 0.090779 0.008107 1.841855
0.876907 0.010636 0.009196 0.004379 0.000248 0.090524 0.008111 1.842877
0.876929 0.010705 0.009223 0.004367 0.000244 0.090415 0.008117 1.843879
0.876931 0.010748 0.009273 0.004389 0.000250 0.090289 0.008120 1.844912
0.876949 0.010802 0.009371 0.004394 0.000250 0.090112 0.008122 1.845965
0.876990 0.010848 0.009419 0.004409 0.000245 0.089964 0.008125 1.847000
0.877091 0.010797 0.009485 0.004403 0.000250 0.089845 0.008129 1.848054
0.877054 0.010859 0.009537 0.004414 0.000257 0.089749 0.008131 1.849120
0.877134 0.010900 0.009598 0.004436 0.000257 0.089540 0.008135 1.850181
0.877122 0.010990 0.009624 0.004442 0.000257 0.089427 0.008137 1.851223
0.877114 0.010991 0.009663 0.004430 0.000257 0.089402 0.008143 1.852299
0.877170 0.010995 0.009669 0.004470 0.000259 0.089290 0.008147 1.853346
0.877208 0.011001 0.009748 0.004482 0.000264 0.089148 0.008150 1.854450
0.877201 0.011079 0.009749 0.004502 0.000268 0.089051 0.008152 1.855478
0.877226 0.011062 0.009807 0.004542 0.000265 0.088942 0.008157 1.856566
0.877214 0.011118 0.009789 0.004564 0.000268 0.088887 0.008160 1.857635
0.877263 0.011092 0.009863 0.004561 0.000260 0.088797 0.008165 1.858727
0.877329 0.011122 0.009896 0.004541 0.000260 0.088683 0.008170 1.859776
0.877434 0.011031 0.009967 0.004570 0.000261 0.088564 0.008174 1.860901
0.877445 0.010987 0.010036 0.004606 0.000263 0.088486 0.008178 1.862010
0.877422 0.010981 0.010089 0.004619 0.000265 0.088443 0.008180 1.863120
0.877472 0.010999 0.010094 0.004620 0.000267 0.088365 0.008184 1.864170
0.877510 0.010966 0.010118 0.004625 0.000275 0.088318 0.008188 1.865267
0.877511 0.010975 0.010151 0.004606 0.000271 0.088297 0.008192 1.866352
0.877541 0.011033 0.010151 0.004599 0.000271 0.088211 0.008195 1.867384
0.877556 0.010994 0.010167 0.004632 0.000278 0.088178 0.008197 1.868506
0.877557 0.011016 0.010148 0.004641 0.000277 0.088161 0.008200 1.869571
0.877551 0.011020 0.010135 0.004681 0.000282 0.088129 0.008202 1.870668
0.877642 0.010969 0.010159 0.004715 0.000279 0.088030 0.008206 1.871754
0.877647 0.010995 0.010172 0.004702 0.000279 0.087996 0.008210 1.872823
0.877674 0.010950 0.010180 0.004712 0.000275 0.087994 0.008216 1.873938
0.877650 0.010985 0.010235 0.004707 0.000276 0.087931 0.008217 1.875018
0.877651 0.010993 0.010257 0.004710 0.000276 0.087894 0.008219 1.876116
0.877724 0.010966 0.010265 0.004706 0.000273 0.087844 0.008222 1.877176
0.877788 0.010985 0.010192 0.004715 0.000272 0.087822 0.008226 1.878186
0.877864 0.010941 0.010204 0.004698 0.000277 0.087788 0.008228 1.879284
0.877923 0.010895 0.010240 0.004725 0.000282 0.087706 0.008229 1.880379
0.877950 0.010835 0.010259 0.004711 0.000288 0.087725 0.008232 1.881466
0.878028 0.010795 0.010271 0.004691 0.000285 0.087692 0.008238 1.882539
0.878065 0.010800 0.010271 0.004710 0.000286 0.087626 0.008241 1.883593
0.878024 0.010813 0.010252 0.004699 0.000288 0.087680 0.008245 1.884638
0.878065 0.010758 0.010257 0.004685 0.000290 0.087697 0.008248 1.885724
0.878060 0.010791 0.010257 0.004663 0.000293 0.087684 0.008251 1.886753
0.878187 0.010753 0.010239 0.004658 0.000296 0.087614 0.008254 1.887784
0.878253 0.010750 0.010198 0.004647 0.000294 0.087599 0.008259 1.888840
0.878386 0.010714 0.010193 0.004648 0.000295 0.087505 0.008261 1.889896
0.878427 0.010710 0.010148 0.004652 0.000293 0.087505 0.008266 1.890949
0.878450 0.010690 0.010156 0.004650 0.000293 0.087489 0.008272 1.892003
0.878494 0.010662 0.010134 0.004658 0.000289 0.087486 0.008276 1.893053
0.878575 0.010668 0.010113 0.004640 0.000288 0.087435 0.008282 1.894057
0.878577 0.010677 0.010139 0.004639 0.000288 0.087394 0.008287 1.895109
0.878687 0.010704 0.010087 0.004647 0.000286 0.087296 0.008294 1.896137
0.878714 0.010714 0.010094 0.004614 0.000291 0.087278 0.008296 1.897175
0.878793 0.010694 0.010089 0.004591 0.000293 0.087240 0.008301 1.898213
0.878856 0.010647 0.010108 0.004581 0.000294 0.087210 0.008303 1.899262
0.878914 0.010607 0.010094 0.004592 0.000293 0.087193 0.008306 1.900318
0.879032 0.010546 0.010111 0.004567 0.000293 0.087137 0.008313 1.901365
0.879089 0.010556 0.010093 0.004561 0.000294 0.087088 0.008319 1.902371
0.879185 0.010533 0.010082 0.004567 0.000291 0.087017 0.008324 1.903380
0.879266 0.010501 0.010069 0.004556 0.000294 0.086986 0.008328 1.904395
0.879374 0.010494 0.010023 0.004529 0.000289 0.086960 0.008331 1.905397
0.879515 0.010430 0.010045 0.004537 0.000290 0.086852 0.008332 1.906444
0.879557 0.010418 0.010023 0.004550 0.000294 0.086822 0.008336 1.907468
0.879641 0.010383 0.010000 0.004524 0.000297 0.086815 0.008339 1.908492
0.879710 0.010366 0.009961 0.004538 0.000297 0.086785 0.008343 1.909507
0.879830 0.010377 0.009884 0.004515 0.000300 0.086749 0.008347 1.910462
0.879901 0.010345 0.009860 0.004521 0.000297 0.086723 0.008354 1.911469
0.880017 0.010280 0.009864 0.004497 0.000300 0.086682 0.008359 1.912485
0.880128 0.010223 0.009860 0.004488 0.000294 0.086642 0.008364 1.913511
0.880241 0.010155 0.009814 0.004475 0.000291 0.086658 0.008368 1.914527
0.880375 0.010095 0.009765 0.004481 0.000295 0.086616 0.008373 1.915537
0.880506 0.010019 0.009760 0.004461 0.000289 0.086589 0.008377 1.916518
0.880579 0.010028 0.009734 0.004484 0.000286 0.086504 0.008384 1.917483
0.880710 0.009987 0.009714 0.004451 0.000285 0.086464 0.008388 1.918467
0.880807 0.009979 0.009694 0.004438 0.000284 0.086405 0.008393 1.919424
0.880941 0.009950 0.009668 0.004401 0.000287 0.086357 0.008396 1.920393
0.881094 0.009911 0.009624 0.004372 0.000291 0.086307 0.008401 1.921351
0.881251 0.009854 0.009614 0.004370 0.000296 0.086211 0.008406 1.922314
0.881383 0.009786 0.009576 0.004368 0.000302 0.086175 0.008410 1.923289
0.881518 0.009722 0.009577 0.004340 0.000304 0.086127 0.008412 1.924268
0.881753 0.009682 0.009528 0.004335 0.000299 0.085988 0.008415 1.925221
0.881956 0.009643 0.009502 0.004314 0.000301 0.085866 0.008418 1.926159
0.882082 0.009625 0.009418 0.004291 0.000300 0.085863 0.008421 1.927067
0.882255 0.009565 0.009387 0.004262 0.000297 0.085808 0.008426 1.928009
0.882447 0.009523 0.009348 0.004256 0.000289 0.085707 0.008430 1.928948
0.882624 0.009509 0.009316 0.004245 0.000287 0.085587 0.008432 1.929874
0.882795 0.009481 0.009288 0.004234 0.000286 0.085482 0.008436 1.930786
0.882926 0.009463 0.009261 0.004211 0.000286 0.085416 0.008439 1.931698
0.883062 0.009435 0.009238 0.004192 0.000286 0.085347 0.008442 1.932621
0.883218 0.009429 0.009194 0.004159 0.000286 0.085269 0.008445 1.933515
0.883337 0.009406 0.009154 0.004191 0.000288 0.085178 0.008447 1.934466
0.883494 0.009358 0.009128 0.004161 0.000283 0.085127 0.008450 1.935372
0.883644 0.009345 0.009085 0.004137 0.000278 0.085058 0.008452 1.936279
0.883872 0.009288 0.009079 0.004123 0.000273 0.084908 0.008458 1.937193
0.884032 0.009309 0.009062 0.004087 0.000271 0.084777 0.008461 1.938043
0.884204 0.009284 0.009015 0.004085 0.000270 0.084677 0.008465 1.938937
0.884362 0.009282 0.008973 0.004075 0.000269 0.084572 0.008467 1.939828
0.884549 0.009244 0.008929 0.004051 0.000268 0.084488 0.008471 1.940722
0.884745 0.009207 0.008907 0.004054 0.000265 0.084346 0.008475 1.941631
0.884893 0.009219 0.008862 0.004053 0.000266 0.084229 0.008479 1.942532
0.885105 0.009177 0.008873 0.004038 0.000265 0.084061 0.008481 1.943431
0.885335 0.009136 0.008859 0.004010 0.000260 0.083914 0.008487 1.944334
0.885561 0.009101 0.008800 0.004002 0.000260 0.083786 0.008489 1.945213
0.885778 0.009024 0.008803 0.003994 0.000254 0.083652 0.008496 1.946120
0.885947 0.009035 0.008795 0.003998 0.000253 0.083470 0.008501 1.946993
0.886146 0.008990 0.008790 0.003998 0.000245 0.083323 0.008507 1.947872
0.886325 0.008974 0.008755 0.003998 0.000242 0.083196 0.008510 1.948753
0.886538 0.008957 0.008721 0.003993 0.000243 0.083035 0.008513 1.949648
0.886707 0.008935 0.008664 0.003986 0.000245 0.082945 0.008518 1.950515
0.886885 0.008896 0.008669 0.003968 0.000248 0.082813 0.008520 1.951415
0.887097 0.008833 0.008653 0.003972 0.000253 0.082670 0.008524 1.952295
0.887286 0.008863 0.008609 0.003964 0.000247 0.082499 0.008531 1.953143
0.887489 0.008818 0.008575 0.003969 0.000246 0.082367 0.008536 1.954020
0.887691 0.008796 0.008590 0.003973 0.000243 0.082168 0.008540 1.954886
0.887881 0.008768 0.008593 0.003948 0.000247 0.082022 0.008542 1.955739
0.888022 0.008811 0.008522 0.003896 0.000246 0.081957 0.008546 1.956572
0.888217 0.008780 0.008477 0.003873 0.000248 0.081857 0.008548 1.957418
0.888405 0.008742 0.008458 0.003877 0.000253 0.081715 0.008549 1.958291
0.888610 0.008697 0.008466 0.003863 0.000248 0.081563 0.008553 1.959169
0.888829 0.008677 0.008410 0.003861 0.000243 0.081423 0.008557 1.959998
0.888948 0.008692 0.008402 0.003830 0.000245 0.081321 0.008560 1.960840
0.889147 0.008657 0.008366 0.003846 0.000248 0.081174 0.008561 1.961686
0.889322 0.008633 0.008374 0.003861 0.000245 0.080999 0.008567 1.962546
0.889477 0.008600 0.008365 0.003842 0.000246 0.080900 0.008570 1.963403
0.889651 0.008632 0.008326 0.003816 0.000246 0.080756 0.008574 1.964226
0.889893 0.008582 0.008311 0.003840 0.000247 0.080550 0.008578 1.965086
0.890054 0.008578 0.008268 0.003836 0.000245 0.080438 0.008581 1.965924
0.890228 0.008592 0.008270 0.003830 0.000244 0.080253 0.008583 1.966755
0.890406 0.008591 0.008278 0.003795 0.000244 0.080100 0.008587 1.967617
0.890500 0.008625 0.008233 0.003772 0.000248 0.080032 0.008590 1.968449
0.890647 0.008590 0.008264 0.003733 0.000252 0.079922 0.008594 1.969313
0.890786 0.008624 0.008238 0.003721 0.000256 0.079778 0.008597 1.970121
0.890920 0.008589 0.008241 0.003724 0.000255 0.079670 0.008601 1.970975
0.891073 0.008570 0.008209 0.003722 0.000254 0.079568 0.008604 1.971816
0.891240 0.008526 0.008193 0.003734 0.000255 0.079446 0.008607 1.972670
0.891348 0.008564 0.008168 0.003723 0.000256 0.079331 0.008611 1.973498
0.891490 0.008578 0.008169 0.003723 0.000256 0.079169 0.008615 1.974340
0.891656 0.008561 0.008167 0.003717 0.000257 0.079022 0.008620 1.975191
0.891803 0.008564 0.008126 0.003694 0.000258 0.078932 0.008622 1.976021
0.891983 0.008576 0.008119 0.003669 0.000257 0.078772 0.008624 1.976846
0.892126 0.008573 0.008063 0.003679 0.000259 0.078672 0.008627 1.977679
0.892252 0.008580 0.008083 0.003684 0.000253 0.078518 0.008630 1.978532
0.892417 0.008513 0.008147 0.003692 0.000254 0.078345 0.008632 1.979401
0.892552 0.008514 0.008142 0.003683 0.000259 0.078215 0.008636 1.980222
0.892633 0.008494 0.008110 0.003710 0.000257 0.078159 0.008638 1.981080
0.892757 0.008502 0.008111 0.003699 0.000256 0.078034 0.008641 1.981910
0.892849 0.008517 0.008131 0.003681 0.000254 0.077924 0.008644 1.982758
0.892986 0.008511 0.008134 0.003694 0.000255 0.077774 0.008646 1.983605
0.893117 0.008500 0.008158 0.003694 0.000251 0.077631 0.008649 1.984449
0.893289 0.008495 0.008145 0.003662 0.000251 0.077507 0.008652 1.985270
0.893462 0.008438 0.008172 0.003664 0.000251 0.077355 0.008657 1.986127
0.893618 0.008402 0.008186 0.003654 0.000249 0.077232 0.008660 1.986963
0.893779 0.008381 0.008216 0.003656 0.000250 0.077056 0.008663 1.987810
0.893960 0.008365 0.008195 0.003672 0.000251 0.076890 0.008667 1.988643
0.894033 0.008413 0.008173 0.003679 0.000252 0.076780 0.008670 1.989471
0.894152 0.008464 0.008183 0.003682 0.000252 0.076598 0.008671 1.990282
0.894267 0.008457 0.008208 0.003667 0.000249 0.076478 0.008674 1.991141
0.894329 0.008511 0.008197 0.003650 0.000250 0.076388 0.008676 1.991975
0.894414 0.008523 0.008154 0.003663 0.000250 0.076318 0.008679 1.992831
0.894502 0.008539 0.008119 0.003681 0.000248 0.076230 0.008681 1.993658
0.894611 0.008526 0.008126 0.003689 0.000241 0.076122 0.008686 1.994516
0.894705 0.008533 0.008104 0.003665 0.000245 0.076061 0.008689 1.995347
0.894817 0.008502 0.008106 0.003681 0.000244 0.075958 0.008691 1.996199
0.894942 0.008464 0.008136 0.003685 0.000248 0.075832 0.008694 1.997071
0.895083 0.008456 0.008139 0.003674 0.000244 0.075707 0.008698 1.997884
0.895201 0.008426 0.008167 0.003672 0.000246 0.075588 0.008701 1.998729
0.895314 0.008390 0.008210 0.003680 0.000247 0.075455 0.008704 1.999619
0.895400 0.008442 0.008180 0.003655 0.000251 0.075367 0.008706 2.000437
0.895468 0.008437 0.008167 0.003693 0.000251 0.075274 0.008711 2.001293
0.895562 0.008465 0.008176 0.003704 0.000250 0.075126 0.008717 2.002140
0.895627 0.008549 0.008146 0.003655 0.000256 0.075050 0.008718 2.002941
0.895684 0.008602 0.008126 0.003649 0.000254 0.074962 0.008724 2.003771
0.895705 0.008684 0.008096 0.003663 0.000254 0.074870 0.008728 2.004589
0.895807 0.008686 0.008066 0.003686 0.000250 0.074773 0.008732 2.005439
0.895872 0.008738 0.008056 0.003692 0.000248 0.074658 0.008737 2.006253
0.895922 0.008797 0.008016 0.003672 0.000252 0.074602 0.008741 2.007075
0.896014 0.008783 0.008056 0.003676 0.000257 0.074472 0.008744 2.007937
0.896088 0.008768 0.008056 0.003713 0.000256 0.074370 0.008750 2.008805
0.896165 0.008728 0.008072 0.003727 0.000258 0.074297 0.008753 2.009679
0.896258 0.008722 0.008090 0.003736 0.000252 0.074185 0.008758 2.010528
0.896261 0.008751 0.008104 0.003764 0.000256 0.074105 0.008761 2.011404
0.896355 0.008747 0.008101 0.003768 0.000259 0.074005 0.008766 2.012259
0.896423 0.008753 0.008149 0.003770 0.000262 0.073874 0.008768 2.013138
0.896444 0.008790 0.008140 0.003748 0.000266 0.073842 0.008771 2.013979
0.896480 0.008787 0.008154 0.003736 0.000265 0.073803 0.008775 2.014831
0.896531 0.008785 0.008187 0.003740 0.000261 0.073718 0.008778 2.015706
0.896568 0.008798 0.008217 0.003756 0.000261 0.073620 0.008781 2.016587
0.896640 0.008786 0.008230 0.003753 0.000263 0.073545 0.008785 2.017455
0.896703 0.008776 0.008229 0.003769 0.000265 0.073471 0.008787 2.018306
0.896794 0.008809 0.008232 0.003775 0.000265 0.073335 0.008790 2.019151
0.896862 0.008817 0.008219 0.003770 0.000263 0.073277 0.008793 2.020016
0.896834 0.008845 0.008220 0.003773 0.000262 0.073270 0.008796 2.020894
0.896805 0.008906 0.008179 0.003797 0.000252 0.073261 0.008801 2.021745
0.896907 0.008912 0.008182 0.003795 0.000251 0.073149 0.008805 2.022593
0.896869 0.008912 0.008207 0.003813 0.000254 0.073136 0.008809 2.023496
0.896895 0.008924 0.008241 0.003801 0.000254 0.073072 0.008814 2.024357
0.897009 0.008887 0.008293 0.003807 0.000250 0.072939 0.008816 2.025250
0.897015 0.008927 0.008297 0.003810 0.000250 0.072882 0.008821 2.026124
0.897071 0.008957 0.008247 0.003803 0.000251 0.072846 0.008825 2.026968
0.897082 0.008975 0.008261 0.003810 0.000252 0.072795 0.008826 2.027851
0.897108 0.009014 0.008234 0.003807 0.000254 0.072754 0.008831 2.028699
0.897104 0.009067 0.008213 0.003830 0.000257 0.072695 0.008835 2.029553
0.897149 0.009095 0.008193 0.003829 0.000253 0.072643 0.008839 2.030407
0.897185 0.009132 0.008168 0.003840 0.000252 0.072578 0.008845 2.031263
0.897191 0.009122 0.008218 0.003826 0.000252 0.072543 0.008848 2.032150
0.897180 0.009085 0.008284 0.003830 0.000258 0.072514 0.008851 2.033097
0.897164 0.009084 0.008319 0.003838 0.000253 0.072487 0.008855 2.033987
0.897159 0.009122 0.008313 0.003849 0.000255 0.072443 0.008858 2.034869
0.897165 0.009106 0.008383 0.003877 0.000252 0.072356 0.008861 2.035793
0.897158 0.009110 0.008384 0.003907 0.000247 0.072331 0.008866 2.036693
0.897198 0.009086 0.008384 0.003915 0.000248 0.072302 0.008870 2.037578
0.897224 0.009085 0.008378 0.003911 0.000243 0.072287 0.008873 2.038468
0.897281 0.009122 0.008376 0.003869 0.000244 0.072232 0.008876 2.039335
0.897311 0.009102 0.008393 0.003846 0.000250 0.072221 0.008879 2.040203
0.897324 0.009086 0.008406 0.003877 0.000253 0.072171 0.008882 2.041103
0.897345 0.009072 0.008436 0.003848 0.000255 0.072161 0.008883 2.041994
0.897358 0.009102 0.008470 0.003835 0.000255 0.072095 0.008885 2.042892
0.897390 0.009118 0.008462 0.003802 0.000248 0.072089 0.008891 2.043742
0.897380 0.009189 0.008438 0.003803 0.000253 0.072046 0.008892 2.044601
0.897405 0.009164 0.008456 0.003824 0.000254 0.072003 0.008894 2.045514
0.897422 0.009177 0.008452 0.003834 0.000252 0.071963 0.008898 2.046410
0.897439 0.009157 0.008440 0.003853 0.000250 0.071958 0.008903 2.047302
0.897452 0.009172 0.008425 0.003884 0.000243 0.071920 0.008905 2.048194
0.897445 0.009176 0.008476 0.003889 0.000245 0.071861 0.008907 2.049108
0.897434 0.009183 0.008475 0.003898 0.000248 0.071853 0.008908 2.050006
0.897447 0.009189 0.008432 0.003893 0.000250 0.071878 0.008911 2.050879
0.897438 0.009174 0.008441 0.003884 0.000250 0.071898 0.008915 2.051770
0.897382 0.009179 0.008460 0.003888 0.000247 0.071925 0.008918 2.052682
0.897356 0.009184 0.008469 0.003886 0.000245 0.071940 0.008921 2.053603
0.897355 0.009202 0.008471 0.003913 0.000238 0.071895 0.008927 2.054502
0.897390 0.009154 0.008522 0.003947 0.000239 0.071817 0.008930 2.055442
0.897332 0.009206 0.008500 0.003930 0.000236 0.071864 0.008932 2.056316
0.897322 0.009175 0.008506 0.003933 0.000237 0.071894 0.008933 2.057228
0.897310 0.009230 0.008513 0.003918 0.000238 0.071858 0.008934 2.058099
0.897312 0.009231 0.008550 0.003934 0.000242 0.071798 0.008934 2.059031
0.897303 0.009233 0.008571 0.003926 0.000236 0.071794 0.008936 2.059928
0.897321 0.009224 0.008574 0.003941 0.000236 0.071761 0.008942 2.060817
0.897345 0.009238 0.008560 0.003930 0.000241 0.071741 0.008944 2.061696
0.897315 0.009238 0.008609 0.003928 0.000242 0.071719 0.008948 2.062618
0.897315 0.009206 0.008640 0.003929 0.000243 0.071716 0.008951 2.063551
0.897308 0.009193 0.008666 0.003922 0.000241 0.071714 0.008955 2.064472
0.897260 0.009220 0.008645 0.003919 0.000238 0.071758 0.008960 2.065357
0.897234 0.009281 0.008652 0.003907 0.000236 0.071726 0.008965 2.066231
0.897196 0.009265 0.008705 0.003929 0.000241 0.071698 0.008965 2.067193
0.897253 0.009236 0.008719 0.003962 0.000241 0.071622 0.008969 2.068129
0.897221 0.009282 0.008682 0.003977 0.000241 0.071624 0.008972 2.069000
0.897193 0.009290 0.008692 0.003987 0.000244 0.071617 0.008977 2.069923
0.897186 0.009327 0.008720 0.003975 0.000238 0.071571 0.008982 2.070810
0.897175 0.009315 0.008710 0.004004 0.000235 0.071576 0.008984 2.071746
0.897180 0.009330 0.008709 0.004010 0.000231 0.071553 0.008988 2.072643
0.897146 0.009290 0.008696 0.004029 0.000229 0.071619 0.008990 2.073582
0.897133 0.009308 0.008688 0.004022 0.000227 0.071627 0.008995 2.074461
0.897111 0.009302 0.008688 0.004021 0.000227 0.071652 0.008999 2.075370
0.897123 0.009331 0.008655 0.004027 0.000226 0.071637 0.009002 2.076241
0.897127 0.009334 0.008693 0.004042 0.000227 0.071572 0.009005 2.077163
0.897114 0.009377 0.008693 0.004021 0.000230 0.071557 0.009008 2.078045
0.897160 0.009331 0.008698 0.004037 0.000229 0.071532 0.009012 2.078967
0.897090 0.009321 0.008696 0.004042 0.000228 0.071607 0.009016 2.079901
0.897006 0.009367 0.008671 0.004042 0.000225 0.071670 0.009019 2.080798
0.896944 0.009400 0.008688 0.004021 0.000226 0.071697 0.009023 2.081710
0.896931 0.009373 0.008701 0.004002 0.000225 0.071742 0.009026 2.082638
0.896844 0.009422 0.008729 0.003984 0.000228 0.071764 0.009029 2.083529
0.896793 0.009409 0.008775 0.004003 0.000227 0.071761 0.009032 2.084471
0.896759 0.009441 0.008766 0.003989 0.000227 0.071781 0.009037 2.085355
0.896759 0.009410 0.008759 0.004004 0.000227 0.071800 0.009042 2.086251
0.896767 0.009395 0.008729 0.004001 0.000232 0.071833 0.009045 2.087157
0.896799 0.009372 0.008747 0.003978 0.000233 0.071822 0.009049 2.088077
0.896813 0.009357 0.008736 0.003998 0.000237 0.071809 0.009051 2.088988
0.896781 0.009355 0.008704 0.004012 0.000235 0.071858 0.009055 2.089910
0.896785 0.009359 0.008704 0.004003 0.000232 0.071857 0.009059 2.090806
0.896804 0.009346 0.008708 0.003991 0.000230 0.071858 0.009062 2.091707
0.896824 0.009313 0.008719 0.004012 0.000230 0.071837 0.009065 2.092621
0.896743 0.009348 0.008759 0.004011 0.000226 0.071843 0.009070 2.093553
0.896735 0.009342 0.008763 0.003992 0.000222 0.071870 0.009075 2.094474
0.896659 0.009315 0.008786 0.004001 0.000218 0.071941 0.009080 2.095442
0.896637 0.009338 0.008732 0.003999 0.000222 0.071991 0.009082 2.096323
0.896640 0.009301 0.008706 0.003981 0.000219 0.072070 0.009083 2.097234
0.896621 0.009264 0.008754 0.003971 0.000221 0.072086 0.009084 2.098169
0.896649 0.009243 0.008756 0.003972 0.000220 0.072075 0.009086 2.099074
0.896688 0.009192 0.008756 0.003975 0.000221 0.072081 0.009088 2.100014
0.896711 0.009147 0.008751 0.003976 0.000221 0.072103 0.009091 2.100931
0.896726 0.009165 0.008731 0.003967 0.000225 0.072093 0.009093 2.101822
0.896691 0.009185 0.008734 0.003977 0.000228 0.072088 0.009097 2.102733
0.896725 0.009145 0.008744 0.003971 0.000229 0.072084 0.009102 2.103645
0.896708 0.009147 0.008740 0.003978 0.000234 0.072089 0.009104 2.104566
0.896708 0.009136 0.008714 0.004009 0.000235 0.072092 0.009108 2.105473
0.896699 0.009108 0.008710 0.004006 0.000233 0.072131 0.009112 2.106383
0.896657 0.009113 0.008730 0.004001 0.000232 0.072147 0.009118 2.107293
0.896617 0.009102 0.008740 0.004018 0.000236 0.072165 0.009122 2.108210
0.896651 0.009095 0.008723 0.004034 0.000232 0.072141 0.009125 2.109095
0.896636 0.009105 0.008695 0.004011 0.000235 0.072191 0.009127 2.109995
0.896656 0.009104 0.008642 0.003998 0.000234 0.072237 0.009129 2.110860
0.896740 0.009086 0.008639 0.003968 0.000235 0.072202 0.009131 2.111736
0.896766 0.009065 0.008621 0.003972 0.000234 0.072208 0.009134 2.112627
0.896755 0.009077 0.008600 0.003962 0.000231 0.072240 0.009135 2.113506
0.896729 0.009068 0.008581 0.003975 0.000231 0.072279 0.009138 2.114393
0.896722 0.009080 0.008568 0.003946 0.000236 0.072306 0.009141 2.115271
0.896746 0.009043 0.008593 0.003957 0.000233 0.072282 0.009144 2.116188
0.896783 0.009052 0.008566 0.003931 0.000235 0.072285 0.009147 2.117045
0.896847 0.009043 0.008561 0.003935 0.000236 0.072230 0.009148 2.117918
0.896842 0.009037 0.008576 0.003953 0.000238 0.072203 0.009151 2.118819
0.896876 0.009003 0.008570 0.003972 0.000238 0.072188 0.009153 2.119724
0.896897 0.009009 0.008525 0.003958 0.000234 0.072221 0.009157 2.120594
0.896899 0.009011 0.008530 0.003959 0.000234 0.072208 0.009160 2.121480
0.896868 0.009055 0.008496 0.003962 0.000233 0.072220 0.009164 2.122333
0.896905 0.008977 0.008517 0.003971 0.000231 0.072232 0.009168 2.123257
0.896883 0.008998 0.008552 0.003938 0.000224 0.072233 0.009172 2.124122
0.896891 0.009001 0.008478 0.003952 0.000230 0.072274 0.009175 2.125019
0.896902 0.008984 0.008498 0.003939 0.000232 0.072267 0.009179 2.125912
0.896901 0.008944 0.008539 0.003952 0.000230 0.072252 0.009183 2.126843
0.896892 0.008945 0.008519 0.003943 0.000235 0.072279 0.009187 2.127722
0.896918 0.008974 0.008496 0.003969 0.000232 0.072217 0.009194 2.128592
0.896908 0.008993 0.008481 0.003954 0.000235 0.072233 0.009196 2.129480
0.896894 0.009061 0.008476 0.003919 0.000239 0.072214 0.009198 2.130316
0.896882 0.009050 0.008526 0.003919 0.000241 0.072180 0.009201 2.131225
0.896914 0.009062 0.008556 0.003908 0.000243 0.072112 0.009204 2.132092
0.896918 0.009066 0.008544 0.003887 0.000244 0.072134 0.009207 2.132977
0.896950 0.009102 0.008542 0.003895 0.000245 0.072057 0.009209 2.133848
0.896967 0.009089 0.008554 0.003877 0.000250 0.072050 0.009213 2.134744
0.896952 0.009113 0.008544 0.003856 0.000248 0.072073 0.009215 2.135631
0.896966 0.009117 0.008523 0.003847 0.000246 0.072086 0.009215 2.136513
0.896958 0.009090 0.008523 0.003852 0.000246 0.072114 0.009217 2.137439
0.896935 0.009092 0.008535 0.003832 0.000247 0.072141 0.009218 2.138321
0.896913 0.009127 0.008525 0.003824 0.000250 0.072139 0.009222 2.139178
0.896909 0.009117 0.008563 0.003857 0.000248 0.072082 0.009225 2.140091
0.896941 0.009135 0.008525 0.003884 0.000246 0.072041 0.009229 2.140962
0.896975 0.009137 0.008543 0.003888 0.000247 0.071977 0.009234 2.141852
0.896982 0.009121 0.008564 0.003911 0.000249 0.071938 0.009236 2.142768
0.896938 0.009157 0.008591 0.003900 0.000251 0.071925 0.009239 2.143659
0.896863 0.009195 0.008593 0.003904 0.000255 0.071949 0.009241 2.144569
0.896860 0.009162 0.008560 0.003928 0.000252 0.071994 0.009244 2.145454
0.896875 0.009155 0.008574 0.003914 0.000247 0.071986 0.009248 2.146349
