0.341955 0.062953 0.056421 0.032434 0.002143 0.497881 0.006212 1.630854
0.343417 0.061604 0.056358 0.032235 0.002145 0.498005 0.006237 1.637004
0.345487 0.059938 0.056241 0.031994 0.002164 0.497920 0.006258 1.642947
0.347854 0.058030 0.056009 0.031685 0.002152 0.497979 0.006292 1.648758
0.350341 0.056131 0.055781 0.031357 0.002152 0.497917 0.006322 1.654402
0.353131 0.054199 0.055280 0.030926 0.002146 0.497971 0.006348 1.659755
0.356009 0.052329 0.054725 0.030484 0.002145 0.497933 0.006374 1.664923
0.359174 0.050460 0.054020 0.030068 0.002142 0.497738 0.006399 1.669929
0.362293 0.048636 0.053436 0.029593 0.002121 0.497492 0.006429 1.674826
0.365410 0.046892 0.052823 0.029149 0.002116 0.497151 0.006460 1.679635
0.368629 0.045358 0.051965 0.028617 0.002108 0.496839 0.006483 1.684137
0.371914 0.043874 0.051268 0.028096 0.002102 0.496229 0.006516 1.688531
0.375277 0.042368 0.050531 0.027582 0.002093 0.495603 0.006545 1.692873
0.378560 0.041115 0.049639 0.027022 0.002090 0.495005 0.006568 1.696975
0.381930 0.040037 0.048734 0.026511 0.002071 0.494124 0.006593 1.700934
0.385233 0.038947 0.047878 0.025926 0.002052 0.493345 0.006619 1.704848
0.388606 0.037924 0.047034 0.025339 0.002033 0.492416 0.006647 1.708623
0.392078 0.036983 0.046155 0.024796 0.002014 0.491302 0.006671 1.712340
0.395473 0.036172 0.045252 0.024299 0.001999 0.490104 0.006701 1.715913
0.398797 0.035301 0.044390 0.023757 0.001978 0.489054 0.006724 1.719458
0.402284 0.034496 0.043566 0.023240 0.001963 0.487701 0.006750 1.722889
0.405666 0.033931 0.042539 0.022742 0.001942 0.486402 0.006778 1.726156
0.409015 0.033312 0.041738 0.022270 0.001922 0.484942 0.006799 1.729500
0.412475 0.032765 0.040874 0.021777 0.001908 0.483380 0.006822 1.732692
0.415934 0.032234 0.039987 0.021295 0.001881 0.481816 0.006854 1.735872
0.419325 0.031733 0.039178 0.020857 0.001877 0.480159 0.006872 1.739010
0.422580 0.031318 0.038397 0.020451 0.001863 0.478491 0.006899 1.742107
0.425851 0.030934 0.037724 0.020064 0.001838 0.476662 0.006926 1.745151
0.429195 0.030596 0.037018 0.019601 0.001825 0.474810 0.006954 1.748147
0.432363 0.030395 0.036347 0.019185 0.001800 0.472930 0.006980 1.751075
0.435581 0.030113 0.035770 0.018855 0.001783 0.470895 0.007003 1.754052
0.438773 0.029908 0.035074 0.018522 0.001770 0.468928 0.007025 1.756963
0.441911 0.029757 0.034439 0.018184 0.001755 0.466912 0.007042 1.759774
0.445035 0.029572 0.033920 0.017917 0.001735 0.464757 0.007064 1.762595
0.448075 0.029473 0.033368 0.017652 0.001709 0.462638 0.007085 1.765427
0.451157 0.029391 0.032876 0.017302 0.001686 0.460482 0.007107 1.768263
0.454258 0.029219 0.032427 0.017062 0.001677 0.458235 0.007123 1.771120
0.457100 0.029228 0.032020 0.016821 0.001657 0.456029 0.007145 1.773897
0.460069 0.029057 0.031643 0.016632 0.001638 0.453800 0.007162 1.776777
0.462928 0.028987 0.031310 0.016468 0.001625 0.451502 0.007180 1.779669
0.465982 0.028797 0.030918 0.016272 0.001601 0.449236 0.007196 1.782553
0.468738 0.028756 0.030588 0.016104 0.001590 0.447004 0.007220 1.785415
0.471470 0.028714 0.030276 0.015968 0.001567 0.444761 0.007244 1.788234
0.474303 0.028712 0.029951 0.015797 0.001535 0.442441 0.007260 1.790991
0.476961 0.028739 0.029662 0.015659 0.001510 0.440186 0.007285 1.793810
0.479588 0.028634 0.029455 0.015567 0.001495 0.437959 0.007302 1.796705
0.482198 0.028689 0.029209 0.015362 0.001479 0.435743 0.007321 1.799493
0.484864 0.028657 0.029002 0.015199 0.001454 0.433483 0.007341 1.802313
0.487384 0.028739 0.028775 0.015050 0.001439 0.431256 0.007357 1.805075
0.489823 0.028841 0.028561 0.014943 0.001423 0.429033 0.007376 1.807875
0.492272 0.028945 0.028322 0.014877 0.001395 0.426791 0.007398 1.810662
0.494721 0.029071 0.028142 0.014819 0.001372 0.424457 0.007419 1.813459
0.497090 0.029193 0.027977 0.014725 0.001353 0.422228 0.007434 1.816280
0.499392 0.029200 0.027934 0.014699 0.001337 0.419989 0.007450 1.819179
0.501733 0.029279 0.027900 0.014722 0.001323 0.417577 0.007466 1.822085
0.504016 0.029499 0.027757 0.014673 0.001307 0.415262 0.007488 1.824937
0.506164 0.029591 0.027672 0.014577 0.001293 0.413195 0.007507 1.827784
0.508383 0.029663 0.027532 0.014534 0.001287 0.411081 0.007521 1.830647
0.510574 0.029742 0.027415 0.014544 0.001267 0.408920 0.007539 1.833552
0.512624 0.029928 0.027368 0.014470 0.001243 0.406809 0.007558 1.836456
0.514655 0.030051 0.027398 0.014478 0.001231 0.404613 0.007574 1.839441
0.516780 0.030112 0.027332 0.014496 0.001215 0.402477 0.007588 1.842384
0.518733 0.030209 0.027289 0.014484 0.001206 0.400476 0.007603 1.845345
0.520749 0.030250 0.027353 0.014428 0.001195 0.398405 0.007618 1.848337
0.522644 0.030353 0.027307 0.014465 0.001184 0.396411 0.007635 1.851319
0.524545 0.030415 0.027293 0.014454 0.001157 0.394474 0.007662 1.854314
0.526261 0.030525 0.027307 0.014506 0.001144 0.392578 0.007680 1.857325
0.528009 0.030599 0.027353 0.014506 0.001134 0.390705 0.007695 1.860374
0.529716 0.030758 0.027271 0.014445 0.001127 0.388974 0.007708 1.863363
0.531372 0.030838 0.027340 0.014508 0.001125 0.387096 0.007722 1.866440
0.533046 0.031012 0.027413 0.014533 0.001117 0.385143 0.007735 1.869459
0.534787 0.031102 0.027469 0.014549 0.001098 0.383243 0.007751 1.872458
0.536421 0.031195 0.027481 0.014616 0.001098 0.381427 0.007764 1.875506
0.537991 0.031284 0.027534 0.014613 0.001087 0.379712 0.007779 1.878602
0.539468 0.031460 0.027613 0.014628 0.001076 0.377963 0.007792 1.881652
0.540940 0.031696 0.027683 0.014598 0.001064 0.376213 0.007806 1.884721
0.542304 0.031895 0.027745 0.014601 0.001057 0.374575 0.007823 1.887817
0.543649 0.032033 0.027721 0.014665 0.001054 0.373042 0.007837 1.890919
0.544986 0.032224 0.027774 0.014685 0.001046 0.371437 0.007849 1.894034
0.546351 0.032351 0.027799 0.014794 0.001038 0.369808 0.007861 1.897162
0.547789 0.032446 0.027933 0.014799 0.001024 0.368133 0.007877 1.900315
0.549073 0.032520 0.027992 0.014866 0.001020 0.366641 0.007889 1.903560
0.550308 0.032591 0.028106 0.014923 0.001012 0.365156 0.007904 1.906786
0.551545 0.032677 0.028240 0.015026 0.001007 0.363588 0.007917 1.910060
0.552697 0.032910 0.028241 0.015035 0.001003 0.362183 0.007931 1.913216
0.553812 0.033058 0.028315 0.015095 0.000993 0.360780 0.007947 1.916478
0.554991 0.033119 0.028450 0.015116 0.000992 0.359371 0.007961 1.919773
0.556220 0.033150 0.028519 0.015131 0.000987 0.358015 0.007977 1.922991
0.557261 0.033418 0.028586 0.015167 0.000979 0.356594 0.007995 1.926170
0.558236 0.033633 0.028639 0.015239 0.000976 0.355267 0.008010 1.929393
0.559232 0.033724 0.028796 0.015331 0.000984 0.353910 0.008024 1.932706
0.560175 0.033767 0.028894 0.015443 0.000977 0.352708 0.008036 1.936065
0.561063 0.033954 0.029071 0.015436 0.000978 0.351451 0.008047 1.939385
0.562010 0.034088 0.029112 0.015499 0.000981 0.350249 0.008059 1.942687
0.563031 0.034127 0.029164 0.015540 0.000984 0.349086 0.008068 1.946055
0.563777 0.034311 0.029289 0.015536 0.000982 0.348030 0.008078 1.949375
0.564720 0.034355 0.029385 0.015580 0.000967 0.346900 0.008094 1.952758
0.565587 0.034444 0.029546 0.015609 0.000967 0.345738 0.008110 1.956094
0.566415 0.034544 0.029612 0.015659 0.000969 0.344677 0.008125 1.959439
0.567308 0.034614 0.029650 0.015761 0.000971 0.343559 0.008138 1.962831
0.568189 0.034672 0.029736 0.015814 0.000970 0.342467 0.008152 1.966230
0.569037 0.034764 0.029850 0.015860 0.000977 0.341348 0.008164 1.969610
0.569748 0.034774 0.030010 0.015906 0.000980 0.340408 0.008175 1.973079
0.570528 0.034922 0.030036 0.015918 0.000989 0.339422 0.008186 1.976433
0.571248 0.034977 0.030077 0.015970 0.000985 0.338543 0.008201 1.979839
0.572036 0.034936 0.030187 0.016034 0.000984 0.337606 0.008217 1.983304
0.572805 0.034931 0.030231 0.016066 0.000987 0.336753 0.008227 1.986754
0.573544 0.034883 0.030349 0.016145 0.000995 0.335845 0.008238 1.990231
0.574306 0.034831 0.030421 0.016227 0.000994 0.334969 0.008253 1.993701
0.574950 0.034890 0.030424 0.016252 0.000994 0.334224 0.008267 1.997138
0.575566 0.034988 0.030453 0.016266 0.000989 0.333457 0.008280 2.000570
0.576203 0.035036 0.030495 0.016285 0.000998 0.332692 0.008291 2.003996
0.576850 0.035091 0.030605 0.016261 0.000989 0.331900 0.008305 2.007417
0.577596 0.035114 0.030615 0.016314 0.000991 0.331057 0.008314 2.010823
0.578302 0.035156 0.030708 0.016347 0.001001 0.330164 0.008323 2.014241
0.578987 0.035166 0.030782 0.016375 0.001021 0.329340 0.008329 2.017717
0.579694 0.035225 0.030787 0.016360 0.001019 0.328573 0.008341 2.021120
0.580431 0.035250 0.030854 0.016405 0.001024 0.327681 0.008355 2.024539
0.581048 0.035276 0.030896 0.016482 0.001017 0.326911 0.008370 2.027984
0.581736 0.035285 0.030986 0.016439 0.001029 0.326140 0.008385 2.031434
0.582264 0.035369 0.030988 0.016466 0.001020 0.325494 0.008400 2.034848
0.582781 0.035429 0.031077 0.016456 0.001014 0.324828 0.008415 2.038290
0.583348 0.035486 0.031127 0.016455 0.001012 0.324147 0.008426 2.041770
0.583822 0.035530 0.031199 0.016448 0.001009 0.323549 0.008442 2.045266
0.584367 0.035614 0.031198 0.016408 0.001003 0.322956 0.008455 2.048689
0.584873 0.035596 0.031242 0.016434 0.001018 0.322372 0.008464 2.052171
0.585438 0.035597 0.031230 0.016444 0.001012 0.321803 0.008478 2.055619
0.585973 0.035594 0.031244 0.016498 0.001008 0.321193 0.008491 2.059085
0.586511 0.035652 0.031213 0.016478 0.001016 0.320627 0.008503 2.062492
0.587031 0.035582 0.031225 0.016549 0.001012 0.320085 0.008515 2.066020
0.587505 0.035550 0.031330 0.016597 0.001015 0.319476 0.008527 2.069540
0.588005 0.035540 0.031325 0.016627 0.001011 0.318955 0.008537 2.073051
0.588512 0.035564 0.031414 0.016635 0.001013 0.318311 0.008549 2.076512
0.589039 0.035515 0.031421 0.016658 0.001014 0.317794 0.008558 2.080023
0.589542 0.035500 0.031474 0.016688 0.001006 0.317222 0.008569 2.083512
0.589938 0.035602 0.031413 0.016680 0.001008 0.316772 0.008585 2.086890
0.590418 0.035595 0.031372 0.016713 0.001011 0.316292 0.008600 2.090345
0.590849 0.035622 0.031382 0.016702 0.001013 0.315817 0.008615 2.093810
0.591353 0.035608 0.031421 0.016711 0.001009 0.315274 0.008624 2.097285
0.592018 0.035481 0.031539 0.016756 0.001003 0.314563 0.008640 2.100823
0.592472 0.035465 0.031519 0.016765 0.001008 0.314114 0.008657 2.104264
0.593033 0.035446 0.031563 0.016697 0.001002 0.313584 0.008675 2.107732
0.593441 0.035497 0.031538 0.016669 0.001013 0.313160 0.008684 2.111144
0.593987 0.035411 0.031552 0.016649 0.001022 0.312682 0.008697 2.114610
0.594555 0.035385 0.031540 0.016664 0.001027 0.312122 0.008708 2.118034
0.594986 0.035355 0.031582 0.016645 0.001031 0.311681 0.008721 2.121491
0.595434 0.035340 0.031569 0.016608 0.001044 0.311274 0.008730 2.124928
0.595871 0.035274 0.031656 0.016601 0.001043 0.310811 0.008743 2.128435
0.596236 0.035229 0.031631 0.016636 0.001054 0.310460 0.008754 2.131924
0.596652 0.035179 0.031678 0.016683 0.001063 0.309980 0.008765 2.135425
0.597159 0.035057 0.031693 0.016694 0.001066 0.309554 0.008778 2.138905
0.597509 0.035116 0.031739 0.016662 0.001064 0.309119 0.008792 2.142343
0.597951 0.035039 0.031846 0.016721 0.001066 0.308573 0.008804 2.145866
0.598438 0.035017 0.031862 0.016734 0.001058 0.308076 0.008816 2.149321
0.598891 0.034932 0.031844 0.016731 0.001060 0.307713 0.008829 2.152743
0.599466 0.034807 0.031842 0.016758 0.001066 0.307219 0.008840 2.156201
0.599839 0.034753 0.031859 0.016761 0.001064 0.306873 0.008852 2.159687
0.600321 0.034807 0.031792 0.016718 0.001063 0.306435 0.008865 2.163038
0.600832 0.034825 0.031725 0.016652 0.001059 0.306030 0.008877 2.166402
0.601216 0.034789 0.031746 0.016644 0.001062 0.305654 0.008890 2.169869
0.601640 0.034726 0.031781 0.016622 0.001055 0.305271 0.008906 2.173324
0.601947 0.034795 0.031754 0.016565 0.001051 0.304971 0.008918 2.176707
0.602329 0.034885 0.031630 0.016560 0.001047 0.304613 0.008936 2.180063
0.602721 0.034822 0.031637 0.016604 0.001050 0.304219 0.008947 2.183527
0.603178 0.034780 0.031615 0.016615 0.001042 0.303810 0.008960 2.186915
0.603509 0.034846 0.031595 0.016615 0.001041 0.303419 0.008976 2.190298
0.603867 0.034850 0.031587 0.016616 0.001031 0.303055 0.008993 2.193698
0.604291 0.034768 0.031602 0.016635 0.001028 0.302669 0.009007 2.197147
0.604628 0.034828 0.031552 0.016636 0.001028 0.302308 0.009020 2.200526
0.604928 0.034799 0.031580 0.016630 0.001023 0.302006 0.009034 2.203982
0.605300 0.034860 0.031574 0.016620 0.001030 0.301571 0.009046 2.207339
0.605607 0.034809 0.031609 0.016640 0.001030 0.301247 0.009059 2.210822
0.605894 0.034805 0.031614 0.016616 0.001033 0.300961 0.009076 2.214273
0.606266 0.034726 0.031568 0.016607 0.001032 0.300715 0.009087 2.217711
0.606575 0.034658 0.031527 0.016600 0.001033 0.300510 0.009097 2.221125
0.606993 0.034577 0.031535 0.016527 0.001041 0.300217 0.009111 2.224518
0.607314 0.034550 0.031513 0.016481 0.001043 0.299974 0.009125 2.227899
0.607655 0.034521 0.031512 0.016393 0.001031 0.299747 0.009142 2.231275
0.608151 0.034469 0.031476 0.016345 0.001027 0.299376 0.009156 2.234653
0.608511 0.034495 0.031467 0.016321 0.001026 0.299010 0.009171 2.238013
0.608854 0.034462 0.031486 0.016302 0.001034 0.298681 0.009182 2.241431
0.609275 0.034440 0.031426 0.016330 0.001037 0.298295 0.009196 2.244796
0.609589 0.034446 0.031463 0.016305 0.001041 0.297948 0.009207 2.248209
0.609845 0.034566 0.031367 0.016242 0.001033 0.297726 0.009221 2.251538
0.610158 0.034523 0.031423 0.016267 0.001030 0.297364 0.009235 2.254948
0.610516 0.034560 0.031369 0.016276 0.001032 0.297003 0.009244 2.258306
0.610806 0.034594 0.031294 0.016289 0.001032 0.296729 0.009256 2.261664
0.611078 0.034702 0.031191 0.016300 0.001034 0.296425 0.009271 2.265039
0.611468 0.034690 0.031186 0.016277 0.001035 0.296061 0.009283 2.268419
0.611718 0.034699 0.031266 0.016220 0.001038 0.295762 0.009298 2.271828
0.611984 0.034676 0.031379 0.016227 0.001035 0.295390 0.009310 2.275291
0.612259 0.034705 0.031370 0.016196 0.001032 0.295121 0.009317 2.278656
0.612557 0.034667 0.031334 0.016198 0.001031 0.294886 0.009327 2.282088
0.612817 0.034685 0.031302 0.016254 0.001027 0.294570 0.009346 2.285476
0.613076 0.034728 0.031264 0.016273 0.001030 0.294275 0.009356 2.288853
0.613312 0.034727 0.031369 0.016254 0.001031 0.293935 0.009372 2.292312
0.613616 0.034657 0.031371 0.016287 0.001028 0.293652 0.009388 2.295733
0.613880 0.034598 0.031397 0.016275 0.001024 0.293424 0.009403 2.299181
0.614228 0.034513 0.031328 0.016263 0.001026 0.293223 0.009418 2.302602
0.614585 0.034444 0.031297 0.016267 0.001014 0.292960 0.009435 2.306034
0.614938 0.034458 0.031292 0.016213 0.001019 0.292636 0.009445 2.309399
0.615255 0.034443 0.031309 0.016205 0.001019 0.292309 0.009459 2.312751
0.615475 0.034494 0.031156 0.016196 0.001020 0.292185 0.009474 2.316088
0.615650 0.034659 0.031088 0.016177 0.001032 0.291907 0.009488 2.319365
0.615922 0.034715 0.031141 0.016147 0.001029 0.291547 0.009500 2.322722
0.616173 0.034773 0.031139 0.016087 0.001019 0.291295 0.009514 2.326099
0.616488 0.034764 0.031118 0.016065 0.001015 0.291025 0.009527 2.329468
0.616691 0.034762 0.031160 0.016079 0.001012 0.290757 0.009540 2.332901
0.616983 0.034842 0.031128 0.016050 0.001006 0.290437 0.009554 2.336227
0.617129 0.034903 0.031120 0.016055 0.001010 0.290210 0.009573 2.339587
0.617427 0.034806 0.031141 0.016088 0.001015 0.289940 0.009583 2.343041
0.617600 0.034797 0.031110 0.016135 0.001021 0.289748 0.009589 2.346464
0.617887 0.034676 0.031171 0.016164 0.001025 0.289475 0.009602 2.349894
0.618093 0.034727 0.031180 0.016162 0.001025 0.289199 0.009614 2.353265
0.618314 0.034694 0.031175 0.016184 0.001024 0.288979 0.009631 2.356676
0.618564 0.034625 0.031173 0.016203 0.001025 0.288766 0.009645 2.360110
0.618702 0.034662 0.031119 0.016257 0.001033 0.288572 0.009656 2.363472
0.618913 0.034639 0.031114 0.016277 0.001034 0.288355 0.009669 2.366905
0.619068 0.034672 0.031125 0.016256 0.001038 0.288160 0.009680 2.370285
0.619268 0.034667 0.031072 0.016312 0.001035 0.287951 0.009695 2.373662
0.619461 0.034683 0.031084 0.016306 0.001032 0.287731 0.009705 2.377025
0.619581 0.034730 0.031015 0.016311 0.001034 0.287611 0.009718 2.380415
0.619781 0.034713 0.031003 0.016290 0.001036 0.287445 0.009732 2.383789
0.620005 0.034767 0.030988 0.016247 0.001036 0.287214 0.009744 2.387141
0.620062 0.034861 0.031016 0.016241 0.001040 0.287019 0.009762 2.390496
0.620307 0.034770 0.031054 0.016273 0.001044 0.286781 0.009771 2.393972
0.620520 0.034727 0.031146 0.016251 0.001052 0.286524 0.009780 2.397400
0.620659 0.034683 0.031178 0.016239 0.001050 0.286396 0.009796 2.400866
0.620857 0.034759 0.031147 0.016237 0.001048 0.286145 0.009809 2.404231
0.621024 0.034813 0.031126 0.016224 0.001039 0.285949 0.009826 2.407602
0.621280 0.034710 0.031194 0.016201 0.001031 0.285743 0.009841 2.411001
0.621430 0.034750 0.031170 0.016199 0.001032 0.285570 0.009850 2.414392
0.621655 0.034736 0.031215 0.016207 0.001032 0.285291 0.009865 2.417763
0.621805 0.034713 0.031221 0.016199 0.001034 0.285152 0.009877 2.421177
0.621921 0.034790 0.031137 0.016270 0.001035 0.284961 0.009888 2.424559
0.622101 0.034845 0.031155 0.016278 0.001030 0.284693 0.009900 2.427957
0.622259 0.034815 0.031210 0.016289 0.001041 0.284475 0.009912 2.431361
0.622417 0.034833 0.031219 0.016300 0.001034 0.284271 0.009926 2.434729
0.622468 0.034897 0.031264 0.016304 0.001035 0.284094 0.009938 2.438124
0.622673 0.034859 0.031290 0.016277 0.001024 0.283927 0.009951 2.441570
0.622828 0.034827 0.031303 0.016241 0.001018 0.283814 0.009969 2.445008
0.622971 0.034848 0.031296 0.016279 0.001028 0.283600 0.009980 2.448452
0.623033 0.034956 0.031316 0.016247 0.001031 0.283428 0.009989 2.451829
0.623162 0.034899 0.031316 0.016258 0.001035 0.283328 0.010001 2.455279
0.623256 0.034915 0.031312 0.016247 0.001045 0.283210 0.010014 2.458705
0.623368 0.034964 0.031303 0.016205 0.001045 0.283089 0.010026 2.462077
0.623449 0.034981 0.031341 0.016207 0.001045 0.282939 0.010038 2.465499
0.623594 0.034920 0.031473 0.016215 0.001041 0.282705 0.010051 2.468982
0.623758 0.034897 0.031415 0.016216 0.001037 0.282610 0.010066 2.472406
0.623994 0.034794 0.031453 0.016184 0.001044 0.282454 0.010077 2.475865
0.624142 0.034789 0.031467 0.016146 0.001043 0.282326 0.010087 2.479277
0.624287 0.034778 0.031460 0.016155 0.001043 0.282177 0.010100 2.482692
0.624364 0.034698 0.031480 0.016238 0.001037 0.282068 0.010116 2.486194
0.624543 0.034663 0.031393 0.016282 0.001034 0.281960 0.010126 2.489580
0.624603 0.034772 0.031285 0.016286 0.001024 0.281884 0.010145 2.492867
0.624723 0.034670 0.031336 0.016283 0.001036 0.281796 0.010155 2.496361
0.624731 0.034786 0.031387 0.016306 0.001018 0.281602 0.010169 2.499731
0.624922 0.034764 0.031404 0.016290 0.001026 0.281410 0.010183 2.503159
0.625108 0.034672 0.031383 0.016295 0.001022 0.281325 0.010195 2.506584
0.625268 0.034698 0.031388 0.016216 0.001016 0.281204 0.010210 2.509941
0.625400 0.034703 0.031365 0.016166 0.001019 0.281125 0.010223 2.513323
0.625520 0.034758 0.031372 0.016126 0.001030 0.280956 0.010237 2.516670
0.625515 0.034804 0.031426 0.016166 0.001031 0.280808 0.010251 2.520101
0.625647 0.034803 0.031445 0.016176 0.001031 0.280635 0.010263 2.523484
0.625751 0.034827 0.031463 0.016214 0.001022 0.280446 0.010277 2.526891
0.625784 0.034847 0.031469 0.016197 0.001023 0.280392 0.010289 2.530364
0.625919 0.034843 0.031451 0.016167 0.001029 0.280290 0.010301 2.533781
0.625973 0.034973 0.031381 0.016173 0.001022 0.280166 0.010312 2.537111
0.625889 0.034972 0.031380 0.016228 0.001031 0.280171 0.010329 2.540627
0.625939 0.035037 0.031380 0.016182 0.001033 0.280088 0.010341 2.544034
0.626004 0.035073 0.031356 0.016188 0.001028 0.279998 0.010353 2.547445
0.626062 0.035035 0.031357 0.016214 0.001029 0.279940 0.010364 2.550926
0.626110 0.035033 0.031387 0.016183 0.001027 0.279880 0.010380 2.554351
0.626146 0.034987 0.031400 0.016257 0.001023 0.279794 0.010392 2.557855
0.626282 0.035062 0.031366 0.016187 0.001021 0.279679 0.010403 2.561210
0.626393 0.034959 0.031469 0.016240 0.001025 0.279506 0.010408 2.564716
0.626580 0.034910 0.031491 0.016265 0.001025 0.279307 0.010422 2.568153
0.626638 0.034944 0.031525 0.016238 0.001025 0.279193 0.010436 2.571549
0.626823 0.034845 0.031533 0.016290 0.001033 0.279032 0.010445 2.575012
0.626952 0.034872 0.031565 0.016237 0.001022 0.278894 0.010459 2.578343
0.626929 0.034960 0.031555 0.016226 0.001018 0.278841 0.010473 2.581738
0.626934 0.035033 0.031550 0.016276 0.001013 0.278706 0.010489 2.585198
0.626870 0.035099 0.031624 0.016325 0.001006 0.278571 0.010504 2.588661
0.626917 0.035113 0.031567 0.016320 0.001011 0.278556 0.010516 2.592063
0.626983 0.035093 0.031596 0.016341 0.001002 0.278451 0.010534 2.595530
0.627029 0.035020 0.031632 0.016389 0.001000 0.278387 0.010545 2.599042
0.627094 0.034995 0.031583 0.016386 0.001013 0.278375 0.010554 2.602500
0.627100 0.035059 0.031587 0.016329 0.001009 0.278346 0.010570 2.605888
0.627048 0.035142 0.031632 0.016341 0.001013 0.278241 0.010581 2.609311
0.627098 0.035086 0.031614 0.016353 0.001012 0.278240 0.010596 2.612791
0.627163 0.035057 0.031614 0.016391 0.001012 0.278150 0.010613 2.616223
0.627166 0.035102 0.031553 0.016402 0.001016 0.278136 0.010626 2.619643
0.627261 0.035088 0.031510 0.016389 0.001016 0.278100 0.010638 2.623092
0.627332 0.035107 0.031486 0.016396 0.001005 0.278021 0.010653 2.626508
0.627351 0.035057 0.031525 0.016416 0.001001 0.277983 0.010666 2.629984
0.627429 0.035054 0.031494 0.016443 0.001005 0.277896 0.010678 2.633429
0.627398 0.035058 0.031500 0.016471 0.001003 0.277880 0.010690 2.636860
0.627500 0.035131 0.031487 0.016462 0.001009 0.277712 0.010700 2.640249
0.627529 0.035083 0.031446 0.016408 0.001008 0.277811 0.010716 2.643701
0.627641 0.035013 0.031383 0.016422 0.001011 0.277799 0.010731 2.647142
0.627694 0.035005 0.031404 0.016387 0.001015 0.277750 0.010745 2.650561
0.627760 0.034929 0.031449 0.016382 0.001013 0.277711 0.010757 2.654000
0.627734 0.034985 0.031455 0.016400 0.001016 0.277641 0.010768 2.657440
0.627804 0.034944 0.031468 0.016402 0.001002 0.277595 0.010784 2.660889
0.627822 0.035042 0.031402 0.016396 0.000998 0.277535 0.010804 2.664239
0.627932 0.034999 0.031356 0.016395 0.000993 0.277507 0.010819 2.667645
0.627983 0.034939 0.031384 0.016327 0.000997 0.277541 0.010831 2.671093
0.628127 0.034904 0.031328 0.016325 0.000998 0.277477 0.010841 2.674478
0.628246 0.034909 0.031271 0.016311 0.001002 0.277405 0.010855 2.677872
0.628356 0.034951 0.031255 0.016346 0.001006 0.277216 0.010868 2.681272
0.628446 0.034917 0.031219 0.016332 0.001006 0.277199 0.010883 2.684661
0.628446 0.034953 0.031214 0.016343 0.001005 0.277140 0.010901 2.688036
0.628470 0.034944 0.031206 0.016328 0.000993 0.277141 0.010919 2.691497
0.628604 0.034989 0.031180 0.016237 0.000986 0.277071 0.010933 2.694858
0.628654 0.034933 0.031204 0.016244 0.000986 0.277033 0.010947 2.698303
0.628722 0.034907 0.031275 0.016230 0.000992 0.276912 0.010961 2.701726
0.628815 0.034879 0.031304 0.016247 0.000994 0.276788 0.010975 2.705159
0.628847 0.034829 0.031362 0.016280 0.000997 0.276697 0.010988 2.708648
0.628931 0.034816 0.031356 0.016273 0.000998 0.276627 0.011000 2.712087
0.628988 0.034718 0.031414 0.016258 0.001008 0.276601 0.011014 2.715516
0.628999 0.034761 0.031441 0.016258 0.000997 0.276519 0.011026 2.718870
0.629138 0.034714 0.031473 0.016277 0.001003 0.276359 0.011034 2.722255
0.629240 0.034755 0.031460 0.016261 0.001000 0.276241 0.011044 2.725615
0.629363 0.034690 0.031554 0.016213 0.001001 0.276125 0.011054 2.729096
0.629382 0.034688 0.031507 0.016200 0.000997 0.276164 0.011063 2.732483
0.629402 0.034734 0.031528 0.016212 0.001009 0.276043 0.011074 2.735879
0.629446 0.034738 0.031526 0.016185 0.001008 0.276014 0.011083 2.739293
0.629530 0.034718 0.031513 0.016167 0.001009 0.275970 0.011094 2.742697
0.629534 0.034739 0.031464 0.016173 0.001012 0.275970 0.011108 2.746096
0.629690 0.034732 0.031478 0.016113 0.001024 0.275844 0.011120 2.749423
0.629817 0.034756 0.031411 0.016116 0.001030 0.275739 0.011132 2.752808
0.629854 0.034731 0.031398 0.016172 0.001034 0.275666 0.011146 2.756213
0.629934 0.034753 0.031390 0.016187 0.001034 0.275540 0.011161 2.759588
0.630096 0.034638 0.031406 0.016173 0.001022 0.275487 0.011179 2.763011
0.630128 0.034687 0.031360 0.016163 0.001023 0.275446 0.011194 2.766360
0.630245 0.034706 0.031336 0.016191 0.001028 0.275290 0.011205 2.769714
0.630211 0.034663 0.031317 0.016240 0.001036 0.275317 0.011218 2.773177
0.630182 0.034727 0.031260 0.016224 0.001038 0.275338 0.011232 2.776506
0.630227 0.034754 0.031245 0.016261 0.001031 0.275235 0.011247 2.779943
0.630268 0.034762 0.031261 0.016298 0.001031 0.275123 0.011257 2.783370
0.630316 0.034710 0.031272 0.016269 0.001033 0.275130 0.011270 2.786740
0.630378 0.034729 0.031310 0.016270 0.001027 0.275002 0.011284 2.790139
0.630380 0.034865 0.031299 0.016266 0.001027 0.274868 0.011294 2.793501
0.630462 0.034812 0.031308 0.016283 0.001014 0.274812 0.011309 2.796956
0.630440 0.034854 0.031332 0.016301 0.001006 0.274747 0.011320 2.800411
0.630487 0.034865 0.031288 0.016271 0.001005 0.274753 0.011332 2.803790
0.630514 0.034862 0.031285 0.016289 0.001002 0.274701 0.011347 2.807204
0.630487 0.034939 0.031289 0.016266 0.000999 0.274660 0.011360 2.810606
0.630574 0.034940 0.031299 0.016296 0.001003 0.274513 0.011375 2.813981
0.630581 0.034851 0.031351 0.016391 0.000997 0.274443 0.011386 2.817451
0.630499 0.034851 0.031365 0.016417 0.000987 0.274481 0.011400 2.820958
0.630464 0.034892 0.031370 0.016471 0.000983 0.274407 0.011414 2.824393
0.630479 0.034897 0.031373 0.016442 0.000982 0.274403 0.011425 2.827819
0.630456 0.034904 0.031459 0.016393 0.000990 0.274361 0.011436 2.831275
0.630460 0.034939 0.031505 0.016439 0.000991 0.274215 0.011450 2.834692
0.630493 0.034918 0.031483 0.016446 0.000989 0.274210 0.011461 2.838085
0.630502 0.034921 0.031462 0.016489 0.000987 0.274164 0.011476 2.841509
0.630598 0.034864 0.031495 0.016468 0.000981 0.274100 0.011494 2.844954
0.630574 0.034835 0.031495 0.016444 0.000974 0.274174 0.011506 2.848397
0.630585 0.034788 0.031525 0.016427 0.000979 0.274178 0.011519 2.851840
0.630545 0.034816 0.031568 0.016423 0.000977 0.274141 0.011530 2.855260
0.630471 0.034880 0.031631 0.016341 0.000978 0.274157 0.011541 2.858679
0.630510 0.034883 0.031690 0.016361 0.000979 0.274027 0.011549 2.862102
0.630537 0.034852 0.031656 0.016355 0.000978 0.274061 0.011560 2.865557
0.630514 0.034899 0.031681 0.016365 0.000986 0.273981 0.011574 2.868997
0.630460 0.034940 0.031726 0.016308 0.000984 0.273996 0.011586 2.872419
0.630527 0.034935 0.031783 0.016288 0.000988 0.273881 0.011598 2.875860
0.630478 0.034956 0.031791 0.016342 0.000992 0.273833 0.011607 2.879328
0.630503 0.034991 0.031747 0.016333 0.001001 0.273805 0.011619 2.882731
0.630458 0.034999 0.031694 0.016421 0.000993 0.273804 0.011633 2.886192
0.630462 0.034997 0.031669 0.016442 0.000994 0.273792 0.011644 2.889621
0.630483 0.035081 0.031615 0.016421 0.000988 0.273754 0.011657 2.893018
0.630530 0.035013 0.031637 0.016401 0.000989 0.273756 0.011674 2.896498
0.630503 0.035050 0.031685 0.016399 0.000995 0.273684 0.011684 2.899962
0.630420 0.035095 0.031699 0.016362 0.000998 0.273732 0.011695 2.903376
0.630308 0.035191 0.031711 0.016365 0.000998 0.273723 0.011705 2.906781
0.630333 0.035208 0.031718 0.016400 0.001003 0.273619 0.011719 2.910208
0.630195 0.035238 0.031697 0.016439 0.001007 0.273701 0.011724 2.913683
0.630167 0.035308 0.031626 0.016418 0.001005 0.273740 0.011737 2.917075
0.630119 0.035376 0.031599 0.016389 0.001003 0.273763 0.011750 2.920487
0.630167 0.035295 0.031630 0.016471 0.000999 0.273673 0.011766 2.924001
0.630253 0.035251 0.031650 0.016401 0.001003 0.273668 0.011774 2.927397
0.630248 0.035276 0.031590 0.016418 0.001004 0.273673 0.011790 2.930811
0.630233 0.035233 0.031607 0.016422 0.001010 0.273693 0.011803 2.934256
0.630155 0.035288 0.031595 0.016430 0.001007 0.273709 0.011815 2.937707
0.630197 0.035220 0.031601 0.016446 0.001003 0.273705 0.011829 2.941164
0.630199 0.035182 0.031618 0.016440 0.001007 0.273715 0.011838 2.944628
0.630089 0.035292 0.031555 0.016405 0.000999 0.273808 0.011852 2.948012
0.630084 0.035226 0.031585 0.016368 0.000998 0.273870 0.011869 2.951508
0.630193 0.035209 0.031610 0.016303 0.001002 0.273801 0.011882 2.954901
0.630159 0.035305 0.031534 0.016298 0.001012 0.273800 0.011892 2.958298
0.630285 0.035144 0.031576 0.016378 0.001014 0.273700 0.011904 2.961804
0.630300 0.035132 0.031588 0.016340 0.001016 0.273707 0.011917 2.965207
0.630360 0.035134 0.031659 0.016349 0.001010 0.273556 0.011931 2.968669
0.630363 0.035159 0.031552 0.016312 0.001009 0.273662 0.011943 2.972023
0.630343 0.035138 0.031604 0.016299 0.001005 0.273659 0.011953 2.975481
0.630346 0.035084 0.031648 0.016320 0.000999 0.273639 0.011965 2.978975
0.630294 0.035095 0.031629 0.016292 0.000998 0.273717 0.011976 2.982366
0.630286 0.035033 0.031639 0.016298 0.000995 0.273757 0.011992 2.985814
0.630405 0.034909 0.031704 0.016305 0.000985 0.273687 0.012006 2.989270
0.630372 0.034946 0.031725 0.016302 0.000987 0.273651 0.012017 2.992727
0.630383 0.034869 0.031735 0.016305 0.000997 0.273685 0.012027 2.996172
0.630467 0.034760 0.031727 0.016289 0.000991 0.273724 0.012042 2.999621
0.630432 0.034786 0.031750 0.016326 0.000971 0.273680 0.012055 3.003039
0.630484 0.034707 0.031767 0.016333 0.000973 0.273665 0.012071 3.006476
0.630618 0.034568 0.031755 0.016316 0.000975 0.273685 0.012082 3.009908
0.630640 0.034644 0.031749 0.016319 0.000968 0.273584 0.012098 3.013289
0.630675 0.034660 0.031682 0.016291 0.000967 0.273618 0.012107 3.016645
0.630818 0.034553 0.031686 0.016230 0.000976 0.273616 0.012120 3.020044
0.630759 0.034538 0.031637 0.016258 0.000980 0.273698 0.012129 3.023499
0.630851 0.034493 0.031570 0.016245 0.000980 0.273722 0.012140 3.026906
0.630845 0.034497 0.031549 0.016226 0.000980 0.273755 0.012149 3.030280
0.630848 0.034530 0.031497 0.016242 0.000982 0.273743 0.012159 3.033682
0.630819 0.034544 0.031506 0.016238 0.000980 0.273742 0.012172 3.037091
0.630866 0.034595 0.031525 0.016174 0.000976 0.273672 0.012192 3.040423
0.630911 0.034506 0.031522 0.016172 0.000976 0.273708 0.012207 3.043849
0.630887 0.034504 0.031562 0.016156 0.000977 0.273698 0.012216 3.047242
0.630925 0.034538 0.031523 0.016165 0.000981 0.273640 0.012227 3.050589
0.630981 0.034521 0.031563 0.016166 0.000980 0.273550 0.012240 3.053990
0.630948 0.034485 0.031614 0.016168 0.000971 0.273561 0.012253 3.057428
0.631004 0.034486 0.031607 0.016137 0.000976 0.273527 0.012262 3.060806
0.631008 0.034516 0.031596 0.016118 0.000969 0.273517 0.012275 3.064188
0.631102 0.034521 0.031564 0.016124 0.000977 0.273428 0.012285 3.067566
0.631064 0.034510 0.031502 0.016135 0.000970 0.273519 0.012300 3.070998
0.631222 0.034448 0.031380 0.016126 0.000974 0.273535 0.012315 3.074337
0.631383 0.034471 0.031334 0.016051 0.000987 0.273452 0.012323 3.077671
0.631401 0.034471 0.031287 0.016094 0.000984 0.273430 0.012333 3.081066
0.631405 0.034495 0.031342 0.016137 0.000986 0.273293 0.012343 3.084484
0.631416 0.034557 0.031340 0.016168 0.000990 0.273174 0.012356 3.087870
0.631399 0.034588 0.031302 0.016131 0.000981 0.273230 0.012370 3.091244
0.631557 0.034531 0.031260 0.016171 0.000977 0.273117 0.012387 3.094614
0.631639 0.034475 0.031321 0.016250 0.000979 0.272938 0.012400 3.098041
0.631642 0.034527 0.031320 0.016231 0.000989 0.272879 0.012412 3.101379
0.631623 0.034584 0.031255 0.016231 0.000997 0.272887 0.012422 3.104725
0.631618 0.034626 0.031200 0.016165 0.001000 0.272958 0.012433 3.108084
0.631659 0.034513 0.031262 0.016165 0.000995 0.272960 0.012446 3.111526
0.631642 0.034523 0.031279 0.016151 0.000992 0.272953 0.012461 3.114926
0.631760 0.034469 0.031325 0.016154 0.000993 0.272827 0.012473 3.118339
0.631798 0.034496 0.031308 0.016169 0.000989 0.272755 0.012486 3.121736
0.631771 0.034535 0.031287 0.016143 0.000994 0.272780 0.012493 3.125098
0.631794 0.034564 0.031251 0.016141 0.000988 0.272753 0.012508 3.128474
0.631830 0.034544 0.031331 0.016101 0.000982 0.272692 0.012521 3.131895
0.631859 0.034610 0.031268 0.016061 0.000979 0.272689 0.012534 3.135189
0.631939 0.034531 0.031280 0.015984 0.000995 0.272728 0.012543 3.138573
0.631849 0.034485 0.031296 0.016005 0.001001 0.272812 0.012552 3.142040
0.631802 0.034516 0.031240 0.016011 0.000999 0.272869 0.012563 3.145434
0.631814 0.034578 0.031208 0.015950 0.000996 0.272880 0.012574 3.148808
0.631776 0.034651 0.031206 0.015934 0.000984 0.272862 0.012588 3.152149
0.631774 0.034646 0.031237 0.015963 0.000978 0.272802 0.012600 3.155540
0.631830 0.034608 0.031231 0.016016 0.001000 0.272707 0.012609 3.158970
0.631849 0.034519 0.031264 0.016064 0.000997 0.272688 0.012621 3.162436
0.631870 0.034519 0.031266 0.016061 0.001003 0.272650 0.012632 3.165825
0.631953 0.034529 0.031142 0.016108 0.000996 0.272626 0.012647 3.169181
0.631939 0.034564 0.031271 0.016078 0.000984 0.272502 0.012662 3.172595
0.632012 0.034514 0.031325 0.016097 0.000985 0.272396 0.012671 3.175997
0.632008 0.034531 0.031375 0.016126 0.000992 0.272288 0.012680 3.179395
0.632085 0.034583 0.031335 0.016134 0.000996 0.272174 0.012693 3.182736
0.632072 0.034625 0.031298 0.016169 0.000997 0.272134 0.012705 3.186119
0.632125 0.034556 0.031347 0.016133 0.000999 0.272121 0.012719 3.189551
0.632080 0.034606 0.031345 0.016139 0.001000 0.272100 0.012729 3.192913
0.632169 0.034582 0.031267 0.016215 0.001002 0.272023 0.012742 3.196292
0.632237 0.034514 0.031293 0.016200 0.000999 0.272002 0.012755 3.199712
0.632313 0.034578 0.031234 0.016214 0.000997 0.271897 0.012767 3.203061
0.632250 0.034616 0.031253 0.016178 0.000996 0.271924 0.012781 3.206468
0.632296 0.034588 0.031277 0.016197 0.000999 0.271853 0.012790 3.209880
0.632392 0.034441 0.031338 0.016228 0.000994 0.271801 0.012806 3.213355
0.632393 0.034400 0.031340 0.016226 0.000998 0.271830 0.012814 3.216782
0.632352 0.034369 0.031341 0.016215 0.000999 0.271896 0.012827 3.220173
0.632381 0.034337 0.031377 0.016254 0.000988 0.271822 0.012841 3.223584
0.632353 0.034382 0.031303 0.016203 0.000988 0.271920 0.012852 3.226947
0.632442 0.034329 0.031307 0.016230 0.000996 0.271830 0.012866 3.230332
0.632473 0.034371 0.031319 0.016206 0.000992 0.271760 0.012879 3.233688
0.632442 0.034413 0.031304 0.016193 0.000998 0.271757 0.012892 3.237068
0.632469 0.034461 0.031292 0.016183 0.001002 0.271688 0.012905 3.240423
0.632413 0.034476 0.031311 0.016165 0.001000 0.271718 0.012918 3.243807
0.632359 0.034489 0.031343 0.016134 0.000995 0.271749 0.012932 3.247183
0.632247 0.034501 0.031356 0.016144 0.001005 0.271803 0.012946 3.250604
0.632324 0.034476 0.031405 0.016083 0.001006 0.271748 0.012959 3.254001
0.632272 0.034518 0.031392 0.016103 0.001010 0.271734 0.012971 3.257396
0.632196 0.034604 0.031431 0.016096 0.001004 0.271686 0.012984 3.260733
0.632144 0.034665 0.031420 0.016097 0.001002 0.271675 0.012997 3.264090
0.632074 0.034781 0.031359 0.016071 0.001005 0.271704 0.013005 3.267448
0.632067 0.034828 0.031388 0.016079 0.001006 0.271619 0.013014 3.270845
0.631947 0.034798 0.031480 0.016116 0.000998 0.271630 0.013029 3.274296
0.631896 0.034775 0.031465 0.016129 0.001002 0.271693 0.013039 3.277750
0.631931 0.034777 0.031439 0.016101 0.001004 0.271693 0.013054 3.281136
0.631888 0.034737 0.031379 0.016153 0.000998 0.271777 0.013068 3.284560
0.631953 0.034674 0.031353 0.016175 0.001002 0.271766 0.013078 3.287933
0.631972 0.034679 0.031308 0.016189 0.000997 0.271762 0.013092 3.291330
0.631927 0.034708 0.031274 0.016216 0.001010 0.271759 0.013105 3.294708
0.631953 0.034726 0.031353 0.016172 0.001012 0.271670 0.013115 3.298122
0.631927 0.034787 0.031358 0.016184 0.001018 0.271601 0.013126 3.301542
0.631857 0.034862 0.031322 0.016178 0.001026 0.271619 0.013136 3.304923
0.631918 0.034814 0.031338 0.016214 0.001015 0.271551 0.013149 3.308321
0.631870 0.034886 0.031270 0.016161 0.001017 0.271632 0.013164 3.311680
0.631848 0.034937 0.031276 0.016153 0.001013 0.271597 0.013176 3.315041
0.631864 0.034974 0.031250 0.016110 0.001007 0.271609 0.013186 3.318407
0.631838 0.034937 0.031248 0.016051 0.001009 0.271721 0.013197 3.321827
0.631805 0.035046 0.031095 0.016071 0.001007 0.271765 0.013211 3.325171
0.631708 0.035015 0.031154 0.016064 0.001016 0.271819 0.013223 3.328585
0.631752 0.034933 0.031243 0.016122 0.001016 0.271700 0.013234 3.332026
0.631675 0.034961 0.031231 0.016173 0.001014 0.271697 0.013250 3.335463
0.631642 0.035005 0.031205 0.016138 0.001013 0.271735 0.013260 3.338810
0.631720 0.034937 0.031204 0.016105 0.001010 0.271753 0.013269 3.342230
0.631705 0.034865 0.031232 0.016119 0.001013 0.271785 0.013280 3.345720
0.631653 0.034838 0.031221 0.016116 0.001030 0.271853 0.013289 3.349156
0.631640 0.034868 0.031232 0.016135 0.001030 0.271793 0.013302 3.352522
0.631585 0.034734 0.031313 0.016134 0.001016 0.271901 0.013318 3.356027
0.631536 0.034733 0.031308 0.016125 0.001011 0.271958 0.013328 3.359439
0.631594 0.034667 0.031318 0.016086 0.001005 0.271992 0.013339 3.362847
0.631670 0.034638 0.031376 0.016035 0.000996 0.271933 0.013352 3.366214
0.631707 0.034588 0.031341 0.016043 0.000995 0.271959 0.013368 3.369619
0.631718 0.034618 0.031313 0.016082 0.001001 0.271890 0.013379 3.372974
0.631735 0.034578 0.031321 0.016065 0.001010 0.271900 0.013392 3.376399
0.631780 0.034467 0.031331 0.016143 0.001006 0.271866 0.013406 3.379836
0.631792 0.034411 0.031379 0.016126 0.001012 0.271862 0.013418 3.383253
0.631817 0.034413 0.031346 0.016094 0.001020 0.271882 0.013427 3.386634
0.631761 0.034434 0.031375 0.016099 0.001012 0.271879 0.013439 3.390055
0.631784 0.034418 0.031413 0.016080 0.001002 0.271846 0.013456 3.393421
0.631683 0.034450 0.031483 0.016053 0.000998 0.271863 0.013470 3.396825
0.631738 0.034535 0.031421 0.016095 0.001005 0.271727 0.013478 3.400179
0.631645 0.034549 0.031446 0.016135 0.001000 0.271738 0.013488 3.403617
0.631594 0.034536 0.031467 0.016105 0.000999 0.271798 0.013502 3.407024
0.631596 0.034537 0.031464 0.016166 0.000997 0.271731 0.013511 3.410449
0.631583 0.034568 0.031505 0.016150 0.001002 0.271671 0.013524 3.413858
0.631544 0.034686 0.031503 0.016132 0.000990 0.271608 0.013537 3.417215
0.631476 0.034660 0.031470 0.016163 0.000988 0.271694 0.013550 3.420651
0.631399 0.034670 0.031424 0.016172 0.000983 0.271786 0.013565 3.424018
0.631491 0.034574 0.031408 0.016203 0.000972 0.271773 0.013579 3.427452
0.631451 0.034693 0.031322 0.016200 0.000971 0.271771 0.013594 3.430762
0.631450 0.034718 0.031363 0.016205 0.000966 0.271694 0.013605 3.434155
0.631431 0.034696 0.031326 0.016202 0.000959 0.271768 0.013619 3.437525
0.631513 0.034678 0.031321 0.016242 0.000951 0.271662 0.013632 3.440900
0.631497 0.034581 0.031359 0.016294 0.000941 0.271686 0.013641 3.444349
0.631586 0.034522 0.031315 0.016285 0.000942 0.271700 0.013651 3.447745
0.631612 0.034533 0.031236 0.016244 0.000940 0.271770 0.013666 3.451121
0.631676 0.034514 0.031250 0.016255 0.000945 0.271683 0.013677 3.454497
0.631748 0.034464 0.031259 0.016220 0.000948 0.271675 0.013686 3.457919
0.631795 0.034419 0.031235 0.016198 0.000959 0.271700 0.013694 3.461287
0.631848 0.034391 0.031252 0.016211 0.000966 0.271630 0.013703 3.464664
0.631892 0.034390 0.031312 0.016161 0.000965 0.271564 0.013716 3.468041
0.631989 0.034369 0.031225 0.016164 0.000969 0.271556 0.013727 3.471397
0.632041 0.034337 0.031166 0.016149 0.000967 0.271600 0.013739 3.474780
0.632083 0.034262 0.031196 0.016147 0.000969 0.271590 0.013753 3.478177
0.632162 0.034264 0.031241 0.016080 0.000967 0.271520 0.013765 3.481539
0.632124 0.034213 0.031388 0.016066 0.000961 0.271470 0.013778 3.485049
0.632078 0.034353 0.031310 0.016088 0.000966 0.271417 0.013788 3.488330
0.632142 0.034362 0.031251 0.016042 0.000974 0.271428 0.013801 3.491651
0.632254 0.034302 0.031266 0.016079 0.000969 0.271315 0.013815 3.495019
0.632223 0.034369 0.031251 0.016037 0.000966 0.271326 0.013828 3.498375
0.632242 0.034400 0.031197 0.016080 0.000967 0.271269 0.013845 3.501727
0.632132 0.034461 0.031198 0.016106 0.000963 0.271283 0.013857 3.505073
0.632048 0.034517 0.031244 0.016087 0.000967 0.271266 0.013872 3.508469
0.632152 0.034425 0.031295 0.016087 0.000968 0.271194 0.013882 3.511868
0.632084 0.034514 0.031267 0.016081 0.000966 0.271194 0.013896 3.515201
