0.349082 0.064187 0.055970 0.032312 0.002111 0.490248 0.006090 1.597317
0.349613 0.063669 0.055813 0.032246 0.002119 0.490421 0.006120 1.603528
0.350286 0.062931 0.055708 0.032171 0.002116 0.490643 0.006146 1.609661
0.351190 0.062079 0.055583 0.032116 0.002101 0.490757 0.006175 1.615764
0.352332 0.061190 0.055439 0.031926 0.002100 0.490816 0.006198 1.621721
0.353560 0.060194 0.055363 0.031759 0.002095 0.490804 0.006227 1.627666
0.354725 0.059249 0.055259 0.031633 0.002092 0.490783 0.006258 1.633555
0.355949 0.058369 0.055056 0.031501 0.002099 0.490744 0.006283 1.639359
0.357293 0.057407 0.054913 0.031294 0.002102 0.490685 0.006306 1.645088
0.358640 0.056563 0.054615 0.031013 0.002107 0.490737 0.006325 1.650683
0.360031 0.055809 0.054306 0.030776 0.002109 0.490614 0.006355 1.656149
0.361357 0.055099 0.053922 0.030607 0.002103 0.490525 0.006386 1.661600
0.362807 0.054342 0.053611 0.030262 0.002097 0.490464 0.006416 1.666990
0.364253 0.053694 0.053160 0.030030 0.002093 0.490326 0.006444 1.672271
0.365785 0.053085 0.052770 0.029818 0.002097 0.489978 0.006467 1.677535
0.367313 0.052595 0.052358 0.029520 0.002095 0.489622 0.006497 1.682655
0.368692 0.052120 0.051950 0.029263 0.002089 0.489365 0.006520 1.687806
0.370203 0.051617 0.051497 0.029038 0.002091 0.489009 0.006544 1.692893
0.371836 0.051147 0.051080 0.028733 0.002085 0.488546 0.006573 1.697907
0.373373 0.050753 0.050685 0.028493 0.002081 0.488010 0.006605 1.702886
0.374987 0.050346 0.050224 0.028317 0.002085 0.487409 0.006632 1.707837
0.376524 0.050002 0.049863 0.028044 0.002062 0.486845 0.006659 1.712760
0.378052 0.049622 0.049462 0.027772 0.002063 0.486341 0.006688 1.717610
0.379602 0.049258 0.049082 0.027560 0.002058 0.485732 0.006709 1.722455
0.381195 0.048948 0.048700 0.027293 0.002043 0.485083 0.006738 1.727276
0.382659 0.048781 0.048264 0.027065 0.002042 0.484425 0.006766 1.731999
0.384150 0.048512 0.047898 0.026843 0.002042 0.483766 0.006790 1.736792
0.385580 0.048303 0.047534 0.026616 0.002027 0.483129 0.006812 1.741528
0.387004 0.048174 0.047151 0.026408 0.002034 0.482391 0.006838 1.746248
0.388497 0.048002 0.046884 0.026274 0.002017 0.481459 0.006867 1.750989
0.389951 0.047729 0.046584 0.026114 0.002008 0.480721 0.006894 1.755764
0.391477 0.047657 0.046187 0.025912 0.001991 0.479858 0.006918 1.760371
0.392894 0.047396 0.046038 0.025739 0.001964 0.479024 0.006944 1.765140
0.394325 0.047223 0.045822 0.025551 0.001948 0.478162 0.006967 1.769836
0.395754 0.047227 0.045419 0.025381 0.001945 0.477277 0.006996 1.774389
0.397170 0.047094 0.045213 0.025251 0.001923 0.476328 0.007021 1.779044
0.398534 0.046972 0.045040 0.025131 0.001910 0.475366 0.007047 1.783709
0.399875 0.046882 0.044805 0.025031 0.001886 0.474446 0.007074 1.788319
0.401134 0.046904 0.044490 0.024844 0.001875 0.473656 0.007096 1.792849
0.402464 0.046895 0.044211 0.024738 0.001847 0.472725 0.007119 1.797410
0.403740 0.046887 0.044034 0.024573 0.001843 0.471783 0.007141 1.802011
0.405126 0.046856 0.043841 0.024418 0.001838 0.470764 0.007159 1.806577
0.406439 0.046767 0.043663 0.024317 0.001838 0.469800 0.007176 1.811180
0.407664 0.046804 0.043462 0.024246 0.001820 0.468801 0.007203 1.815756
0.408862 0.046780 0.043395 0.024110 0.001823 0.467806 0.007224 1.820381
0.410066 0.046734 0.043267 0.024107 0.001811 0.466771 0.007243 1.825015
0.411221 0.046732 0.043170 0.024038 0.001791 0.465783 0.007266 1.829611
0.412499 0.046736 0.043028 0.023931 0.001783 0.464734 0.007288 1.834194
0.413744 0.046801 0.042891 0.023851 0.001768 0.463631 0.007314 1.838721
0.414929 0.046893 0.042741 0.023807 0.001746 0.462544 0.007340 1.843299
0.416083 0.046950 0.042616 0.023698 0.001746 0.461545 0.007361 1.847890
0.417142 0.047057 0.042505 0.023659 0.001740 0.460514 0.007384 1.852482
0.418284 0.047144 0.042441 0.023569 0.001743 0.459413 0.007405 1.857054
0.419418 0.047190 0.042469 0.023479 0.001733 0.458280 0.007432 1.861668
0.420453 0.047120 0.042430 0.023469 0.001732 0.457336 0.007459 1.866332
0.421419 0.047257 0.042310 0.023458 0.001738 0.456341 0.007477 1.870885
0.422504 0.047313 0.042248 0.023374 0.001737 0.455329 0.007497 1.875461
0.423484 0.047241 0.042290 0.023417 0.001722 0.454327 0.007521 1.880200
0.424298 0.047394 0.042240 0.023371 0.001719 0.453438 0.007540 1.884815
0.425259 0.047537 0.042158 0.023329 0.001712 0.452443 0.007563 1.889383
0.426222 0.047630 0.042076 0.023289 0.001707 0.451487 0.007589 1.894066
0.427040 0.047731 0.042124 0.023308 0.001702 0.450486 0.007609 1.898810
0.427902 0.047847 0.042104 0.023293 0.001702 0.449519 0.007633 1.903472
0.428883 0.047826 0.042198 0.023361 0.001699 0.448382 0.007652 1.908210
0.429659 0.047966 0.042147 0.023374 0.001690 0.447497 0.007668 1.912855
0.430521 0.048002 0.042148 0.023316 0.001684 0.446639 0.007690 1.917553
0.431227 0.048017 0.042250 0.023382 0.001683 0.445732 0.007709 1.922325
0.432072 0.047989 0.042237 0.023387 0.001663 0.444923 0.007730 1.927063
0.432830 0.048010 0.042249 0.023443 0.001658 0.444060 0.007751 1.931821
0.433663 0.048036 0.042311 0.023439 0.001648 0.443128 0.007775 1.936545
0.434375 0.048178 0.042255 0.023440 0.001643 0.442315 0.007794 1.941220
0.435030 0.048314 0.042295 0.023480 0.001646 0.441420 0.007816 1.945946
0.435845 0.048310 0.042281 0.023555 0.001642 0.440533 0.007834 1.950700
0.436545 0.048485 0.042305 0.023559 0.001620 0.439635 0.007851 1.955312
0.437111 0.048625 0.042317 0.023566 0.001624 0.438890 0.007868 1.960029
0.437775 0.048703 0.042406 0.023554 0.001619 0.438053 0.007892 1.964771
0.438425 0.048763 0.042417 0.023560 0.001617 0.437304 0.007914 1.969503
0.438966 0.048844 0.042501 0.023529 0.001602 0.436617 0.007941 1.974293
0.439467 0.048919 0.042549 0.023632 0.001598 0.435872 0.007964 1.979140
0.440068 0.048978 0.042598 0.023655 0.001593 0.435124 0.007985 1.983907
0.440785 0.048970 0.042677 0.023685 0.001596 0.434286 0.008002 1.988720
0.441175 0.049106 0.042802 0.023671 0.001587 0.433637 0.008023 1.993542
0.441724 0.049132 0.042886 0.023692 0.001583 0.432940 0.008045 1.998360
0.442270 0.049211 0.042918 0.023663 0.001579 0.432291 0.008068 2.003122
0.442812 0.049229 0.042947 0.023723 0.001577 0.431625 0.008087 2.007990
0.443374 0.049258 0.042962 0.023733 0.001590 0.430976 0.008107 2.012738
0.443881 0.049253 0.042995 0.023811 0.001577 0.430353 0.008130 2.017590
0.444396 0.049363 0.043047 0.023839 0.001579 0.429622 0.008154 2.022372
0.444790 0.049504 0.043138 0.023918 0.001564 0.428904 0.008183 2.027217
0.445379 0.049413 0.043183 0.024007 0.001558 0.428263 0.008198 2.032095
0.445757 0.049500 0.043145 0.024012 0.001561 0.427808 0.008218 2.036911
0.446123 0.049665 0.043159 0.024026 0.001565 0.427229 0.008234 2.041701
0.446613 0.049723 0.043170 0.024089 0.001565 0.426586 0.008254 2.046532
0.446883 0.049834 0.043339 0.024005 0.001570 0.426097 0.008273 2.051382
0.447268 0.049951 0.043331 0.024009 0.001567 0.425582 0.008293 2.056282
0.447559 0.050055 0.043370 0.024004 0.001567 0.425130 0.008316 2.061152
0.447987 0.049999 0.043437 0.024054 0.001563 0.424619 0.008341 2.066111
0.448371 0.050025 0.043491 0.024091 0.001566 0.424094 0.008362 2.070996
0.448744 0.050067 0.043440 0.024187 0.001573 0.423608 0.008381 2.075853
0.449157 0.050025 0.043509 0.024188 0.001576 0.423146 0.008399 2.080778
0.449496 0.050037 0.043509 0.024164 0.001590 0.422793 0.008412 2.085679
0.449816 0.050012 0.043559 0.024251 0.001589 0.422341 0.008431 2.090647
0.450185 0.050065 0.043477 0.024300 0.001592 0.421931 0.008450 2.095522
0.450504 0.050144 0.043524 0.024279 0.001593 0.421486 0.008471 2.100397
0.450843 0.050218 0.043502 0.024294 0.001585 0.421073 0.008488 2.105238
0.451129 0.050178 0.043564 0.024335 0.001579 0.420707 0.008510 2.110183
0.451477 0.050225 0.043479 0.024426 0.001580 0.420287 0.008528 2.115083
0.451901 0.050219 0.043586 0.024452 0.001567 0.419730 0.008547 2.120025
0.452276 0.050215 0.043616 0.024495 0.001569 0.419260 0.008570 2.124887
0.452695 0.050120 0.043669 0.024519 0.001557 0.418854 0.008588 2.129828
0.452974 0.050066 0.043786 0.024543 0.001561 0.418465 0.008606 2.134782
0.453131 0.050152 0.043810 0.024557 0.001558 0.418162 0.008631 2.139726
0.453413 0.050224 0.043840 0.024451 0.001565 0.417855 0.008651 2.144575
0.453605 0.050273 0.043878 0.024493 0.001568 0.417515 0.008667 2.149511
0.453834 0.050278 0.043987 0.024525 0.001555 0.417129 0.008692 2.154493
0.454066 0.050366 0.044017 0.024527 0.001555 0.416755 0.008715 2.159342
0.454250 0.050439 0.044006 0.024576 0.001557 0.416440 0.008734 2.164319
0.454557 0.050476 0.044034 0.024523 0.001567 0.416096 0.008747 2.169201
0.454747 0.050579 0.044082 0.024510 0.001552 0.415765 0.008766 2.174102
0.455071 0.050529 0.044119 0.024494 0.001552 0.415453 0.008782 2.179066
0.455383 0.050567 0.044128 0.024462 0.001556 0.415105 0.008800 2.183990
0.455603 0.050513 0.044203 0.024452 0.001555 0.414855 0.008818 2.188986
0.455835 0.050539 0.044274 0.024416 0.001552 0.414542 0.008842 2.193951
0.455934 0.050473 0.044300 0.024385 0.001540 0.414506 0.008861 2.198911
0.456181 0.050424 0.044261 0.024436 0.001551 0.414268 0.008879 2.203855
0.456389 0.050434 0.044206 0.024502 0.001542 0.414028 0.008900 2.208810
0.456636 0.050353 0.044159 0.024563 0.001540 0.413833 0.008915 2.213781
0.456729 0.050398 0.044124 0.024634 0.001540 0.413640 0.008934 2.218746
0.457041 0.050260 0.044232 0.024639 0.001536 0.413334 0.008959 2.223753
0.457217 0.050206 0.044231 0.024658 0.001519 0.413182 0.008989 2.228748
0.457505 0.050173 0.044182 0.024683 0.001517 0.412932 0.009010 2.233661
0.457757 0.050212 0.044247 0.024592 0.001531 0.412632 0.009027 2.238569
0.458054 0.050156 0.044246 0.024641 0.001533 0.412321 0.009049 2.243533
0.458282 0.050005 0.044327 0.024680 0.001537 0.412102 0.009067 2.248565
0.458567 0.049994 0.044257 0.024660 0.001542 0.411890 0.009089 2.253455
0.458755 0.049952 0.044345 0.024643 0.001545 0.411651 0.009108 2.258374
0.458932 0.049913 0.044387 0.024681 0.001547 0.411415 0.009125 2.263358
0.458990 0.049950 0.044378 0.024688 0.001539 0.411309 0.009147 2.268319
0.459338 0.049813 0.044351 0.024699 0.001546 0.411090 0.009163 2.273291
0.459558 0.049904 0.044366 0.024689 0.001550 0.410752 0.009181 2.278159
0.459767 0.050014 0.044310 0.024626 0.001546 0.410538 0.009201 2.282958
0.459930 0.050161 0.044232 0.024576 0.001548 0.410330 0.009226 2.287753
0.460069 0.050148 0.044205 0.024583 0.001531 0.410213 0.009251 2.292660
0.460364 0.050154 0.044177 0.024573 0.001529 0.409931 0.009271 2.297530
0.460483 0.050098 0.044259 0.024638 0.001526 0.409701 0.009296 2.302528
0.460702 0.050015 0.044250 0.024707 0.001545 0.409471 0.009309 2.307489
0.460981 0.049989 0.044216 0.024739 0.001553 0.409192 0.009329 2.312371
0.461302 0.049984 0.044141 0.024703 0.001555 0.408966 0.009349 2.317217
0.461578 0.050046 0.044133 0.024639 0.001561 0.408676 0.009368 2.322068
0.461782 0.049970 0.044101 0.024676 0.001559 0.408525 0.009387 2.326993
0.462111 0.049998 0.044096 0.024581 0.001560 0.408248 0.009405 2.331819
0.462249 0.050135 0.044086 0.024503 0.001573 0.408034 0.009421 2.336648
0.462641 0.050100 0.044049 0.024582 0.001577 0.407613 0.009437 2.341559
0.462840 0.050081 0.044068 0.024651 0.001578 0.407319 0.009463 2.346441
0.463089 0.050071 0.044017 0.024642 0.001559 0.407139 0.009484 2.351304
0.463315 0.050082 0.044084 0.024621 0.001575 0.406823 0.009501 2.356204
0.463532 0.050089 0.044134 0.024589 0.001571 0.406562 0.009524 2.361106
0.463779 0.049954 0.044112 0.024671 0.001585 0.406359 0.009541 2.366073
0.463934 0.049921 0.044160 0.024708 0.001584 0.406131 0.009561 2.370997
0.464073 0.049929 0.044121 0.024653 0.001581 0.406060 0.009583 2.375813
0.464254 0.049908 0.044134 0.024695 0.001579 0.405825 0.009607 2.380688
0.464535 0.049972 0.044002 0.024655 0.001571 0.405634 0.009632 2.385450
0.464793 0.049909 0.044031 0.024683 0.001569 0.405368 0.009647 2.390361
0.465008 0.049940 0.044022 0.024623 0.001565 0.405175 0.009667 2.395206
0.465287 0.049837 0.044115 0.024598 0.001574 0.404903 0.009687 2.400164
0.465363 0.049828 0.044125 0.024578 0.001574 0.404825 0.009707 2.405057
0.465488 0.049894 0.044086 0.024525 0.001561 0.404719 0.009727 2.409877
0.465704 0.049823 0.044065 0.024541 0.001569 0.404548 0.009751 2.414759
0.465957 0.049777 0.044074 0.024541 0.001575 0.404308 0.009769 2.419631
0.466240 0.049729 0.044049 0.024517 0.001566 0.404108 0.009790 2.424475
0.466330 0.049725 0.044028 0.024508 0.001566 0.404034 0.009811 2.429374
0.466473 0.049807 0.043902 0.024510 0.001567 0.403912 0.009829 2.434170
0.466523 0.049793 0.043943 0.024507 0.001572 0.403815 0.009847 2.439112
0.466708 0.049678 0.043982 0.024636 0.001563 0.403566 0.009867 2.444074
0.466848 0.049745 0.043941 0.024610 0.001566 0.403407 0.009884 2.448895
0.467111 0.049668 0.043945 0.024561 0.001564 0.403254 0.009898 2.453787
0.467234 0.049644 0.043894 0.024624 0.001557 0.403124 0.009923 2.458676
0.467408 0.049663 0.043869 0.024635 0.001550 0.402932 0.009943 2.463568
0.467720 0.049682 0.043775 0.024610 0.001542 0.402708 0.009963 2.468370
0.467758 0.049705 0.043771 0.024621 0.001534 0.402628 0.009985 2.473293
0.467835 0.049708 0.043770 0.024556 0.001532 0.402597 0.010002 2.478196
0.468086 0.049717 0.043801 0.024504 0.001528 0.402341 0.010024 2.483045
0.468307 0.049682 0.043765 0.024521 0.001532 0.402153 0.010039 2.487888
0.468425 0.049659 0.043737 0.024470 0.001531 0.402120 0.010056 2.492791
0.468463 0.049722 0.043773 0.024470 0.001541 0.401956 0.010074 2.497655
0.468546 0.049766 0.043733 0.024421 0.001550 0.401892 0.010092 2.502504
0.468612 0.049810 0.043750 0.024397 0.001555 0.401762 0.010113 2.507370
0.468746 0.049826 0.043742 0.024428 0.001558 0.401566 0.010135 2.512224
0.468984 0.049897 0.043749 0.024458 0.001550 0.401211 0.010151 2.516985
0.469129 0.049891 0.043745 0.024516 0.001529 0.401017 0.010174 2.521880
0.469438 0.049721 0.043825 0.024516 0.001533 0.400772 0.010196 2.526851
0.469568 0.049729 0.043816 0.024540 0.001526 0.400605 0.010217 2.531705
0.469735 0.049764 0.043738 0.024570 0.001522 0.400439 0.010234 2.536512
0.469797 0.049754 0.043764 0.024554 0.001520 0.400355 0.010256 2.541396
0.469951 0.049726 0.043714 0.024547 0.001517 0.400274 0.010271 2.546229
0.470001 0.049792 0.043724 0.024573 0.001522 0.400100 0.010289 2.551103
0.470098 0.049902 0.043675 0.024486 0.001530 0.399998 0.010311 2.555901
0.470126 0.049832 0.043723 0.024475 0.001537 0.399976 0.010330 2.560842
0.470310 0.049785 0.043806 0.024467 0.001523 0.399757 0.010352 2.565767
0.470428 0.049791 0.043814 0.024465 0.001521 0.399606 0.010375 2.570665
0.470391 0.049824 0.043911 0.024456 0.001513 0.399503 0.010403 2.575614
0.470376 0.049911 0.043967 0.024432 0.001516 0.399381 0.010417 2.580416
0.470420 0.049882 0.043965 0.024452 0.001515 0.399328 0.010439 2.585357
0.470463 0.049900 0.044030 0.024458 0.001517 0.399171 0.010461 2.590221
0.470568 0.049891 0.044000 0.024435 0.001517 0.399107 0.010483 2.595125
0.470615 0.049860 0.044057 0.024404 0.001516 0.399043 0.010504 2.600049
0.470591 0.049951 0.043996 0.024300 0.001527 0.399109 0.010526 2.604904
0.470697 0.049818 0.044013 0.024338 0.001526 0.399067 0.010542 2.609815
0.470642 0.049999 0.044050 0.024334 0.001523 0.398890 0.010563 2.614612
0.470655 0.050143 0.044044 0.024285 0.001531 0.398761 0.010581 2.619437
0.470809 0.050043 0.044052 0.024299 0.001542 0.398656 0.010599 2.624352
0.470868 0.050040 0.044090 0.024377 0.001543 0.398465 0.010617 2.629287
0.470957 0.049978 0.044176 0.024386 0.001532 0.398332 0.010639 2.634267
0.471027 0.049898 0.044281 0.024431 0.001530 0.398173 0.010661 2.639219
0.470998 0.050017 0.044227 0.024352 0.001531 0.398202 0.010674 2.644060
0.471086 0.050036 0.044239 0.024359 0.001539 0.398048 0.010694 2.648948
0.471164 0.050046 0.044253 0.024381 0.001544 0.397898 0.010713 2.653795
0.471258 0.050104 0.044259 0.024357 0.001545 0.397745 0.010732 2.658701
0.471448 0.049994 0.044273 0.024405 0.001538 0.397591 0.010752 2.663618
0.471609 0.049967 0.044286 0.024476 0.001532 0.397355 0.010775 2.668552
0.471619 0.049890 0.044342 0.024530 0.001517 0.397308 0.010794 2.673534
0.471731 0.049923 0.044389 0.024452 0.001525 0.397174 0.010806 2.678385
0.471792 0.049888 0.044446 0.024443 0.001527 0.397074 0.010829 2.683303
0.471780 0.049942 0.044469 0.024460 0.001530 0.396974 0.010846 2.688200
0.471830 0.049945 0.044440 0.024458 0.001533 0.396935 0.010860 2.693122
0.471908 0.049929 0.044403 0.024469 0.001530 0.396881 0.010880 2.698088
0.472114 0.049958 0.044267 0.024474 0.001543 0.396747 0.010898 2.702883
0.472072 0.050005 0.044392 0.024509 0.001545 0.396562 0.010915 2.707852
0.472134 0.050061 0.044305 0.024470 0.001544 0.396551 0.010934 2.712677
0.472255 0.049993 0.044254 0.024479 0.001540 0.396528 0.010952 2.717597
0.472315 0.050000 0.044161 0.024468 0.001539 0.396543 0.010973 2.722445
0.472454 0.049982 0.044139 0.024516 0.001530 0.396383 0.010996 2.727353
0.472444 0.050028 0.044125 0.024529 0.001531 0.396333 0.011011 2.732271
0.472559 0.050082 0.044136 0.024507 0.001526 0.396160 0.011032 2.737086
0.472562 0.050065 0.044194 0.024540 0.001503 0.396083 0.011054 2.742033
0.472514 0.050120 0.044158 0.024577 0.001509 0.396052 0.011071 2.746924
0.472627 0.050037 0.044232 0.024579 0.001535 0.395904 0.011087 2.751883
0.472629 0.050022 0.044217 0.024606 0.001541 0.395886 0.011098 2.756823
0.472708 0.049940 0.044203 0.024568 0.001539 0.395928 0.011114 2.761753
0.472748 0.049916 0.044153 0.024558 0.001529 0.395956 0.011141 2.766628
0.472813 0.049800 0.044211 0.024619 0.001541 0.395854 0.011163 2.771646
0.472832 0.049845 0.044144 0.024579 0.001543 0.395873 0.011183 2.776499
0.472904 0.049813 0.044228 0.024598 0.001550 0.395706 0.011202 2.781450
0.472949 0.049908 0.044143 0.024635 0.001547 0.395594 0.011223 2.786305
0.472811 0.049980 0.044041 0.024605 0.001554 0.395765 0.011243 2.791206
0.472990 0.049811 0.044086 0.024716 0.001545 0.395593 0.011258 2.796197
0.473117 0.049833 0.043991 0.024696 0.001549 0.395542 0.011272 2.801040
0.473195 0.049869 0.043944 0.024743 0.001556 0.395400 0.011292 2.805926
0.473313 0.049761 0.044001 0.024776 0.001556 0.395278 0.011313 2.810869
0.473443 0.049746 0.044004 0.024703 0.001557 0.395219 0.011329 2.815757
0.473576 0.049732 0.043952 0.024664 0.001549 0.395177 0.011350 2.820608
0.473615 0.049807 0.043852 0.024608 0.001545 0.395206 0.011367 2.825426
0.473685 0.049860 0.043891 0.024511 0.001545 0.395124 0.011383 2.830232
0.473841 0.049734 0.043946 0.024461 0.001555 0.395059 0.011404 2.835170
0.473989 0.049670 0.043934 0.024440 0.001552 0.394993 0.011423 2.840027
0.474042 0.049674 0.043877 0.024497 0.001544 0.394920 0.011445 2.844901
0.474085 0.049647 0.043891 0.024519 0.001545 0.394852 0.011463 2.849859
0.474187 0.049735 0.043796 0.024539 0.001555 0.394710 0.011478 2.854609
0.474278 0.049717 0.043851 0.024437 0.001554 0.394662 0.011501 2.859456
0.474407 0.049714 0.043823 0.024443 0.001552 0.394540 0.011521 2.864285
0.474404 0.049766 0.043873 0.024405 0.001569 0.394443 0.011542 2.869158
0.474446 0.049748 0.043921 0.024412 0.001566 0.394345 0.011562 2.873995
0.474479 0.049692 0.043940 0.024440 0.001568 0.394304 0.011577 2.878951
0.474499 0.049727 0.043955 0.024410 0.001561 0.394253 0.011595 2.883825
0.474599 0.049773 0.043865 0.024318 0.001568 0.394267 0.011609 2.888653
0.474520 0.049859 0.043906 0.024276 0.001561 0.394246 0.011633 2.893551
0.474532 0.049930 0.043904 0.024274 0.001557 0.394147 0.011655 2.898382
0.474645 0.049897 0.043910 0.024264 0.001550 0.394057 0.011678 2.903215
0.474810 0.049783 0.043881 0.024297 0.001552 0.393983 0.011694 2.908104
0.474964 0.049794 0.043833 0.024253 0.001553 0.393888 0.011714 2.912938
0.475170 0.049672 0.043832 0.024309 0.001560 0.393729 0.011728 2.917857
0.475187 0.049722 0.043793 0.024321 0.001549 0.393682 0.011747 2.922692
0.475155 0.049787 0.043760 0.024290 0.001548 0.393694 0.011767 2.927549
0.475308 0.049765 0.043773 0.024313 0.001555 0.393506 0.011780 2.932424
0.475464 0.049710 0.043854 0.024265 0.001570 0.393343 0.011794 2.937279
0.475365 0.049787 0.043851 0.024257 0.001564 0.393362 0.011814 2.942195
0.475335 0.049988 0.043809 0.024291 0.001561 0.393185 0.011832 2.947005
0.475428 0.049951 0.043817 0.024284 0.001569 0.393101 0.011850 2.951936
0.475364 0.049964 0.043859 0.024323 0.001560 0.393062 0.011869 2.956848
0.475350 0.050008 0.043870 0.024366 0.001576 0.392945 0.011885 2.961738
0.475375 0.050013 0.043945 0.024392 0.001566 0.392800 0.011909 2.966636
0.475418 0.050090 0.043971 0.024386 0.001554 0.392655 0.011927 2.971458
0.475465 0.050149 0.043990 0.024314 0.001565 0.392572 0.011946 2.976319
0.475493 0.050005 0.043991 0.024388 0.001567 0.392596 0.011960 2.981290
0.475480 0.050112 0.043966 0.024388 0.001551 0.392523 0.011979 2.986104
0.475510 0.050030 0.044065 0.024416 0.001556 0.392420 0.012005 2.991096
0.475538 0.050028 0.044024 0.024439 0.001548 0.392392 0.012032 2.995981
0.475438 0.050193 0.044082 0.024409 0.001549 0.392283 0.012048 3.000860
0.475370 0.050135 0.044185 0.024502 0.001548 0.392188 0.012071 3.005877
0.475332 0.050085 0.044141 0.024542 0.001541 0.392271 0.012089 3.010820
0.475359 0.049918 0.044216 0.024562 0.001552 0.392287 0.012107 3.015809
0.475488 0.049832 0.044183 0.024562 0.001551 0.392253 0.012131 3.020727
0.475498 0.049888 0.044133 0.024557 0.001550 0.392222 0.012152 3.025536
0.475441 0.049917 0.044121 0.024606 0.001565 0.392182 0.012168 3.030446
0.475427 0.049882 0.044065 0.024609 0.001550 0.392268 0.012197 3.035320
0.475421 0.049933 0.044007 0.024538 0.001549 0.392341 0.012212 3.040152
0.475377 0.049947 0.043981 0.024561 0.001550 0.392358 0.012226 3.045065
0.475337 0.049927 0.044044 0.024583 0.001557 0.392306 0.012247 3.049978
0.475295 0.049893 0.044065 0.024648 0.001557 0.392277 0.012265 3.054911
0.475319 0.049899 0.043969 0.024639 0.001563 0.392328 0.012283 3.059752
0.475335 0.049878 0.043951 0.024650 0.001553 0.392334 0.012301 3.064701
0.475347 0.049830 0.043951 0.024586 0.001553 0.392412 0.012320 3.069615
0.475522 0.049712 0.043982 0.024547 0.001553 0.392346 0.012338 3.074476
0.475586 0.049644 0.044008 0.024555 0.001558 0.392290 0.012359 3.079385
0.475657 0.049648 0.044079 0.024460 0.001556 0.392218 0.012381 3.084271
0.475730 0.049667 0.043951 0.024431 0.001569 0.392257 0.012395 3.089069
0.475797 0.049653 0.043956 0.024392 0.001573 0.392213 0.012416 3.093911
0.475759 0.049703 0.043967 0.024417 0.001569 0.392145 0.012438 3.098725
0.475830 0.049713 0.043847 0.024438 0.001557 0.392154 0.012461 3.103524
0.475886 0.049704 0.043713 0.024432 0.001563 0.392223 0.012478 3.108336
0.475909 0.049705 0.043737 0.024458 0.001571 0.392121 0.012499 3.113187
0.475936 0.049595 0.043740 0.024494 0.001558 0.392153 0.012523 3.118106
0.475908 0.049538 0.043799 0.024509 0.001564 0.392136 0.012546 3.123017
0.476009 0.049474 0.043784 0.024504 0.001556 0.392100 0.012572 3.127946
0.476200 0.049431 0.043835 0.024516 0.001545 0.391881 0.012592 3.132819
0.476265 0.049399 0.043845 0.024465 0.001549 0.391868 0.012610 3.137632
0.476362 0.049375 0.043879 0.024489 0.001544 0.391724 0.012628 3.142505
0.476230 0.049484 0.043879 0.024410 0.001549 0.391803 0.012645 3.147357
0.476212 0.049531 0.043853 0.024317 0.001541 0.391880 0.012666 3.152155
0.476200 0.049629 0.043846 0.024287 0.001542 0.391808 0.012689 3.156979
0.476137 0.049734 0.043754 0.024289 0.001550 0.391828 0.012709 3.161820
0.476070 0.049691 0.043741 0.024248 0.001559 0.391960 0.012731 3.166739
0.476195 0.049680 0.043788 0.024211 0.001575 0.391804 0.012748 3.171659
0.476247 0.049777 0.043735 0.024170 0.001568 0.391739 0.012766 3.176460
0.476314 0.049760 0.043740 0.024221 0.001565 0.391611 0.012789 3.181374
0.476460 0.049656 0.043760 0.024238 0.001579 0.391501 0.012806 3.186270
0.476461 0.049598 0.043731 0.024265 0.001585 0.391535 0.012824 3.191187
0.476389 0.049611 0.043813 0.024331 0.001582 0.391431 0.012841 3.196087
0.476391 0.049668 0.043777 0.024329 0.001567 0.391407 0.012862 3.200896
0.476345 0.049703 0.043876 0.024303 0.001571 0.391320 0.012880 3.205800
0.476422 0.049678 0.043879 0.024319 0.001573 0.391230 0.012899 3.210662
0.476313 0.049815 0.043874 0.024353 0.001566 0.391160 0.012921 3.215562
0.476185 0.049872 0.043921 0.024319 0.001575 0.391186 0.012941 3.220431
0.476214 0.049875 0.043910 0.024366 0.001572 0.391103 0.012961 3.225298
0.476348 0.049766 0.044003 0.024295 0.001565 0.391038 0.012984 3.230232
0.476359 0.049708 0.044005 0.024334 0.001567 0.391023 0.013004 3.235111
0.476370 0.049670 0.044074 0.024336 0.001571 0.390958 0.013022 3.239991
0.476360 0.049655 0.044200 0.024364 0.001588 0.390793 0.013038 3.244922
0.476363 0.049689 0.044224 0.024411 0.001585 0.390673 0.013055 3.249802
0.476463 0.049715 0.044168 0.024402 0.001586 0.390592 0.013074 3.254631
0.476442 0.049789 0.044149 0.024314 0.001592 0.390622 0.013092 3.259460
0.476458 0.049785 0.044074 0.024363 0.001585 0.390619 0.013116 3.264357
0.476408 0.049837 0.044021 0.024360 0.001575 0.390667 0.013132 3.269197
0.476475 0.049768 0.043944 0.024354 0.001570 0.390738 0.013151 3.274124
0.476452 0.049665 0.043970 0.024422 0.001577 0.390747 0.013169 3.279089
0.476384 0.049744 0.044017 0.024444 0.001585 0.390640 0.013188 3.283936
0.476439 0.049770 0.043983 0.024424 0.001574 0.390597 0.013213 3.288807
0.476441 0.049682 0.043984 0.024443 0.001568 0.390647 0.013236 3.293752
0.476498 0.049502 0.044067 0.024506 0.001569 0.390606 0.013254 3.298729
0.476440 0.049448 0.044112 0.024471 0.001568 0.390688 0.013273 3.303633
0.476369 0.049425 0.044092 0.024499 0.001564 0.390759 0.013291 3.308514
0.476533 0.049313 0.044027 0.024461 0.001577 0.390778 0.013310 3.313425
0.476559 0.049311 0.044005 0.024498 0.001567 0.390729 0.013331 3.318224
0.476542 0.049299 0.043946 0.024453 0.001567 0.390845 0.013347 3.323063
0.476599 0.049288 0.043913 0.024359 0.001572 0.390901 0.013367 3.327867
0.476719 0.049185 0.044015 0.024342 0.001561 0.390793 0.013385 3.332784
0.476673 0.049143 0.043960 0.024336 0.001559 0.390926 0.013404 3.337671
0.476813 0.049039 0.043928 0.024361 0.001552 0.390876 0.013432 3.342544
0.476776 0.049009 0.043850 0.024387 0.001555 0.390974 0.013450 3.347453
0.476820 0.049066 0.043789 0.024320 0.001561 0.390975 0.013470 3.352197
0.477074 0.048957 0.043799 0.024285 0.001567 0.390832 0.013487 3.357073
0.477010 0.049038 0.043819 0.024252 0.001564 0.390809 0.013509 3.361920
0.477122 0.049063 0.043662 0.024300 0.001563 0.390757 0.013532 3.366690
0.477040 0.049072 0.043665 0.024288 0.001567 0.390819 0.013551 3.371584
0.477127 0.049117 0.043589 0.024318 0.001557 0.390720 0.013573 3.376330
0.477175 0.049159 0.043597 0.024290 0.001567 0.390619 0.013594 3.381126
0.477225 0.049102 0.043632 0.024238 0.001559 0.390632 0.013613 3.386005
0.477272 0.049005 0.043692 0.024220 0.001556 0.390627 0.013629 3.390902
0.477210 0.049101 0.043625 0.024147 0.001545 0.390724 0.013650 3.395683
0.477342 0.049128 0.043565 0.024155 0.001550 0.390593 0.013667 3.400411
0.477261 0.049156 0.043531 0.024188 0.001545 0.390632 0.013686 3.405266
0.477306 0.049149 0.043510 0.024177 0.001548 0.390608 0.013704 3.410138
0.477360 0.049173 0.043462 0.024211 0.001557 0.390517 0.013720 3.414999
0.477361 0.049196 0.043533 0.024155 0.001562 0.390455 0.013738 3.419846
0.477483 0.049213 0.043536 0.024129 0.001558 0.390327 0.013755 3.424639
0.477622 0.049143 0.043562 0.024170 0.001558 0.390179 0.013768 3.429481
0.477638 0.049118 0.043589 0.024212 0.001555 0.390105 0.013785 3.434332
0.477636 0.049148 0.043539 0.024232 0.001552 0.390089 0.013804 3.439167
0.477647 0.049096 0.043676 0.024196 0.001546 0.390022 0.013818 3.444050
0.477625 0.049207 0.043713 0.024161 0.001536 0.389917 0.013841 3.448892
0.477608 0.049244 0.043653 0.024194 0.001537 0.389906 0.013859 3.453731
0.477681 0.049320 0.043591 0.024206 0.001526 0.389798 0.013878 3.458531
0.477735 0.049278 0.043650 0.024225 0.001516 0.389694 0.013902 3.463405
0.477742 0.049331 0.043623 0.024226 0.001525 0.389633 0.013920 3.468222
0.477881 0.049266 0.043639 0.024278 0.001528 0.389466 0.013943 3.473107
0.477951 0.049199 0.043661 0.024314 0.001519 0.389395 0.013962 3.477985
0.478034 0.049213 0.043660 0.024281 0.001521 0.389311 0.013980 3.482826
0.478023 0.049201 0.043619 0.024309 0.001519 0.389328 0.014001 3.487668
0.478172 0.049192 0.043608 0.024177 0.001518 0.389315 0.014018 3.492475
0.478204 0.049316 0.043549 0.024172 0.001508 0.389213 0.014038 3.497232
0.478236 0.049407 0.043555 0.024061 0.001516 0.389169 0.014055 3.501995
0.478184 0.049516 0.043510 0.023974 0.001505 0.389238 0.014074 3.506786
0.478156 0.049474 0.043602 0.024011 0.001501 0.389165 0.014091 3.511708
0.478136 0.049500 0.043591 0.024036 0.001496 0.389127 0.014112 3.516601
0.478158 0.049406 0.043553 0.024098 0.001493 0.389160 0.014132 3.521514
0.478209 0.049382 0.043584 0.024160 0.001494 0.389021 0.014151 3.526343
0.478137 0.049430 0.043581 0.024201 0.001482 0.389000 0.014169 3.531169
0.478094 0.049564 0.043510 0.024192 0.001486 0.388970 0.014183 3.535992
0.478033 0.049593 0.043527 0.024198 0.001480 0.388969 0.014201 3.540898
0.478027 0.049667 0.043516 0.024195 0.001485 0.388889 0.014222 3.545669
0.478041 0.049619 0.043533 0.024220 0.001488 0.388856 0.014242 3.550580
0.478064 0.049650 0.043518 0.024157 0.001482 0.388865 0.014264 3.555434
0.478135 0.049429 0.043577 0.024238 0.001477 0.388867 0.014277 3.560434
0.478041 0.049525 0.043562 0.024269 0.001477 0.388835 0.014292 3.565278
0.478089 0.049519 0.043538 0.024268 0.001483 0.388793 0.014309 3.570158
0.478022 0.049450 0.043636 0.024281 0.001491 0.388799 0.014321 3.575087
0.477940 0.049539 0.043584 0.024239 0.001506 0.388853 0.014339 3.579911
0.477916 0.049597 0.043603 0.024238 0.001497 0.388793 0.014357 3.584753
0.477988 0.049513 0.043622 0.024299 0.001497 0.388707 0.014374 3.589641
0.478079 0.049528 0.043627 0.024325 0.001486 0.388563 0.014392 3.594498
0.478016 0.049490 0.043681 0.024337 0.001494 0.388570 0.014410 3.599387
0.478035 0.049466 0.043742 0.024344 0.001495 0.388491 0.014427 3.604246
0.478015 0.049439 0.043771 0.024337 0.001491 0.388498 0.014448 3.609128
0.478071 0.049509 0.043760 0.024248 0.001491 0.388457 0.014465 3.613882
0.478050 0.049466 0.043803 0.024273 0.001495 0.388427 0.014485 3.618777
0.477901 0.049507 0.043746 0.024294 0.001500 0.388548 0.014502 3.623661
0.477990 0.049567 0.043568 0.024304 0.001507 0.388545 0.014518 3.628446
0.477911 0.049591 0.043567 0.024266 0.001519 0.388604 0.014541 3.633326
0.477937 0.049648 0.043616 0.024282 0.001525 0.388433 0.014559 3.638183
0.477994 0.049571 0.043592 0.024277 0.001518 0.388468 0.014580 3.643037
0.478005 0.049556 0.043557 0.024344 0.001516 0.388423 0.014599 3.647899
0.477878 0.049704 0.043533 0.024371 0.001524 0.388371 0.014619 3.652678
0.477732 0.049765 0.043568 0.024319 0.001525 0.388453 0.014639 3.657541
0.477723 0.049704 0.043481 0.024353 0.001531 0.388553 0.014655 3.662400
0.477733 0.049626 0.043468 0.024432 0.001538 0.388529 0.014674 3.667325
0.477742 0.049642 0.043415 0.024477 0.001532 0.388499 0.014693 3.672154
0.477700 0.049669 0.043409 0.024396 0.001527 0.388586 0.014713 3.676986
0.477675 0.049703 0.043490 0.024391 0.001525 0.388488 0.014728 3.681837
0.477699 0.049599 0.043590 0.024422 0.001524 0.388416 0.014750 3.686806
0.477833 0.049583 0.043521 0.024354 0.001508 0.388425 0.014775 3.691590
0.477977 0.049362 0.043637 0.024312 0.001518 0.388405 0.014788 3.696544
0.477994 0.049359 0.043683 0.024325 0.001519 0.388316 0.014803 3.701421
0.477984 0.049321 0.043602 0.024383 0.001502 0.388379 0.014830 3.706281
0.478005 0.049364 0.043622 0.024338 0.001519 0.388307 0.014847 3.711107
0.477898 0.049444 0.043593 0.024259 0.001523 0.388415 0.014869 3.715927
0.477957 0.049431 0.043548 0.024308 0.001514 0.388349 0.014891 3.720800
0.478050 0.049434 0.043556 0.024279 0.001511 0.388257 0.014911 3.725612
0.478053 0.049427 0.043578 0.024309 0.001492 0.388210 0.014931 3.730465
0.478047 0.049316 0.043667 0.024272 0.001492 0.388252 0.014955 3.735350
0.478128 0.049140 0.043695 0.024272 0.001492 0.388299 0.014972 3.740294
0.478112 0.049073 0.043650 0.024276 0.001486 0.388413 0.014990 3.745137
0.478249 0.049022 0.043748 0.024210 0.001476 0.388285 0.015009 3.749991
0.478230 0.049099 0.043730 0.024193 0.001490 0.388232 0.015025 3.754800
0.478134 0.049204 0.043742 0.024184 0.001491 0.388201 0.015045 3.759663
0.478258 0.049198 0.043665 0.024185 0.001487 0.388143 0.015063 3.764465
0.478312 0.049292 0.043584 0.024140 0.001492 0.388096 0.015084 3.769208
0.478242 0.049440 0.043620 0.024179 0.001484 0.387932 0.015104 3.774011
0.478033 0.049620 0.043622 0.024151 0.001479 0.387973 0.015122 3.778834
0.477968 0.049757 0.043628 0.024142 0.001469 0.387896 0.015140 3.783656
0.477964 0.049824 0.043597 0.024143 0.001469 0.387843 0.015160 3.788513
0.477944 0.049805 0.043642 0.024158 0.001474 0.387798 0.015179 3.793423
0.477970 0.049824 0.043711 0.024166 0.001477 0.387658 0.015195 3.798293
0.477889 0.049715 0.043719 0.024226 0.001473 0.387764 0.015217 3.803273
0.477913 0.049734 0.043651 0.024228 0.001470 0.387769 0.015236 3.808095
0.478017 0.049639 0.043640 0.024232 0.001480 0.387742 0.015251 3.812976
0.477971 0.049603 0.043724 0.024252 0.001491 0.387694 0.015265 3.817915
0.477911 0.049619 0.043697 0.024262 0.001487 0.387743 0.015281 3.822783
0.477936 0.049546 0.043632 0.024250 0.001497 0.387843 0.015295 3.827607
0.477793 0.049544 0.043669 0.024235 0.001504 0.387939 0.015315 3.832508
0.477801 0.049553 0.043681 0.024200 0.001511 0.387918 0.015335 3.837337
0.477811 0.049467 0.043660 0.024302 0.001512 0.387891 0.015358 3.842269
0.477738 0.049431 0.043709 0.024292 0.001518 0.387940 0.015373 3.847198
0.477607 0.049535 0.043741 0.024296 0.001521 0.387911 0.015389 3.852029
0.477601 0.049531 0.043714 0.024356 0.001521 0.387869 0.015409 3.856949
0.477670 0.049528 0.043684 0.024328 0.001521 0.387848 0.015423 3.861789
0.477769 0.049480 0.043706 0.024290 0.001514 0.387791 0.015451 3.866665
0.477887 0.049364 0.043769 0.024271 0.001509 0.387730 0.015470 3.871528
0.477766 0.049463 0.043723 0.024200 0.001506 0.387852 0.015489 3.876312
0.477825 0.049494 0.043619 0.024210 0.001506 0.387842 0.015504 3.881096
0.477764 0.049482 0.043705 0.024148 0.001515 0.387867 0.015520 3.885974
0.477617 0.049615 0.043752 0.024154 0.001506 0.387815 0.015542 3.890776
0.477479 0.049655 0.043798 0.024189 0.001504 0.387813 0.015561 3.895681
0.477441 0.049667 0.043826 0.024246 0.001501 0.387738 0.015579 3.900542
0.477269 0.049754 0.043800 0.024293 0.001497 0.387791 0.015596 3.905377
0.477319 0.049782 0.043885 0.024309 0.001496 0.387589 0.015619 3.910239
0.477231 0.049677 0.043936 0.024243 0.001498 0.387777 0.015637 3.915179
0.477190 0.049666 0.043944 0.024254 0.001494 0.387792 0.015661 3.920045
0.477120 0.049675 0.043834 0.024334 0.001503 0.387860 0.015673 3.924952
0.477015 0.049636 0.043895 0.024389 0.001496 0.387877 0.015691 3.929907
0.477081 0.049632 0.043870 0.024402 0.001495 0.387810 0.015711 3.934718
0.477036 0.049546 0.043941 0.024399 0.001500 0.387855 0.015724 3.939638
0.477079 0.049496 0.043895 0.024431 0.001500 0.387858 0.015741 3.944519
0.477070 0.049481 0.043893 0.024438 0.001487 0.387867 0.015764 3.949327
0.477081 0.049605 0.043868 0.024340 0.001491 0.387834 0.015782 3.954120
0.477053 0.049576 0.043887 0.024384 0.001502 0.387801 0.015799 3.958954
0.476982 0.049545 0.043866 0.024411 0.001499 0.387870 0.015827 3.963829
0.477040 0.049516 0.043878 0.024405 0.001502 0.387814 0.015845 3.968622
0.477004 0.049582 0.043806 0.024409 0.001497 0.387843 0.015860 3.973417
0.476852 0.049742 0.043795 0.024286 0.001495 0.387948 0.015881 3.978162
0.476898 0.049750 0.043760 0.024287 0.001511 0.387901 0.015892 3.982988
0.476782 0.049766 0.043793 0.024367 0.001508 0.387872 0.015912 3.987900
0.476653 0.049767 0.043857 0.024337 0.001530 0.387925 0.015931 3.992844
0.476842 0.049702 0.043840 0.024295 0.001532 0.387843 0.015947 3.997692
0.476869 0.049618 0.043841 0.024209 0.001536 0.387961 0.015965 4.002581
0.476838 0.049693 0.043718 0.024153 0.001531 0.388079 0.015988 4.007373
0.476755 0.049665 0.043788 0.024175 0.001525 0.388086 0.016006 4.012276
0.476744 0.049609 0.043821 0.024156 0.001530 0.388117 0.016024 4.017201
0.476674 0.049519 0.043830 0.024186 0.001527 0.388218 0.016044 4.022133
0.476615 0.049551 0.043763 0.024194 0.001520 0.388291 0.016067 4.026985
0.476640 0.049518 0.043722 0.024206 0.001516 0.388310 0.016089 4.031842
0.476697 0.049402 0.043761 0.024228 0.001514 0.388291 0.016108 4.036772
0.476578 0.049386 0.043743 0.024290 0.001506 0.388369 0.016129 4.041652
0.476683 0.049317 0.043757 0.024195 0.001519 0.388385 0.016144 4.046466
0.476700 0.049413 0.043688 0.024113 0.001520 0.388398 0.016168 4.051261
0.476718 0.049448 0.043643 0.024083 0.001509 0.388412 0.016187 4.056048
0.476786 0.049407 0.043671 0.024077 0.001499 0.388357 0.016203 4.060893
0.476758 0.049413 0.043741 0.024060 0.001492 0.388308 0.016228 4.065749
0.476780 0.049407 0.043753 0.024094 0.001496 0.388217 0.016251 4.070625
0.476923 0.049424 0.043600 0.024089 0.001507 0.388188 0.016268 4.075355
0.477048 0.049347 0.043631 0.024098 0.001510 0.388078 0.016288 4.080184
0.477028 0.049338 0.043642 0.024088 0.001513 0.388085 0.016306 4.085040
0.477027 0.049347 0.043580 0.024097 0.001510 0.388114 0.016325 4.089814
0.477039 0.049358 0.043542 0.024069 0.001504 0.388143 0.016346 4.094603
0.477031 0.049373 0.043555 0.024139 0.001521 0.388020 0.016360 4.099441
0.477035 0.049304 0.043505 0.024205 0.001510 0.388061 0.016382 4.104363
0.477078 0.049182 0.043568 0.024213 0.001503 0.388056 0.016399 4.109233
0.477196 0.049052 0.043527 0.024229 0.001512 0.388066 0.016419 4.114074
0.477322 0.049041 0.043480 0.024256 0.001523 0.387944 0.016434 4.118906
0.477352 0.049064 0.043424 0.024257 0.001530 0.387918 0.016455 4.123705
0.477405 0.049072 0.043431 0.024328 0.001530 0.387756 0.016479 4.128507
0.477375 0.049071 0.043500 0.024277 0.001539 0.387739 0.016499 4.133313
0.477376 0.049201 0.043435 0.024268 0.001532 0.387672 0.016516 4.138048
0.477408 0.049088 0.043393 0.024247 0.001535 0.387795 0.016534 4.142927
0.477621 0.049106 0.043352 0.024207 0.001534 0.387620 0.016561 4.147662
0.477666 0.049062 0.043277 0.024241 0.001536 0.387644 0.016575 4.152481
0.477795 0.049037 0.043272 0.024259 0.001541 0.387504 0.016593 4.157286
0.477799 0.049021 0.043266 0.024198 0.001539 0.387566 0.016613 4.162091
0.477740 0.049108 0.043304 0.024170 0.001531 0.387512 0.016635 4.166908
0.477806 0.049139 0.043411 0.024156 0.001535 0.387301 0.016650 4.171714
0.477753 0.049208 0.043458 0.024057 0.001542 0.387312 0.016670 4.176496
0.477571 0.049309 0.043471 0.024109 0.001534 0.387317 0.016688 4.181344
0.477581 0.049394 0.043456 0.024067 0.001539 0.387252 0.016711 4.186110
0.477582 0.049410 0.043422 0.024045 0.001537 0.387274 0.016730 4.190903
0.477641 0.049355 0.043390 0.024091 0.001528 0.387239 0.016756 4.195779
0.477754 0.049301 0.043253 0.024096 0.001531 0.387286 0.016780 4.200586
0.477699 0.049377 0.043239 0.024126 0.001526 0.387235 0.016798 4.205387
0.477787 0.049404 0.043279 0.024035 0.001534 0.387148 0.016812 4.210147
0.477840 0.049354 0.043337 0.024027 0.001547 0.387065 0.016831 4.215016
0.477818 0.049353 0.043307 0.024060 0.001533 0.387082 0.016847 4.219907
0.477778 0.049408 0.043302 0.024062 0.001523 0.387063 0.016865 4.224737
0.477757 0.049409 0.043320 0.024086 0.001524 0.387015 0.016889 4.229653
0.477648 0.049326 0.043314 0.024149 0.001532 0.387124 0.016907 4.234529
0.477628 0.049325 0.043419 0.024128 0.001528 0.387047 0.016925 4.239372
0.477669 0.049327 0.043474 0.024116 0.001532 0.386941 0.016941 4.244211
0.477737 0.049394 0.043461 0.024123 0.001524 0.386800 0.016961 4.248995
0.477616 0.049491 0.043496 0.024104 0.001525 0.386788 0.016980 4.253806
0.477577 0.049550 0.043489 0.024100 0.001515 0.386769 0.017001 4.258629
0.477550 0.049579 0.043465 0.024089 0.001506 0.386792 0.017018 4.263474
0.477476 0.049504 0.043521 0.024129 0.001509 0.386821 0.017039 4.268393
0.477568 0.049567 0.043435 0.024167 0.001512 0.386690 0.017062 4.273189
0.477531 0.049611 0.043402 0.024209 0.001517 0.386651 0.017080 4.278039
0.477529 0.049598 0.043385 0.024252 0.001513 0.386623 0.017100 4.282898
0.477465 0.049560 0.043477 0.024228 0.001524 0.386629 0.017117 4.287779
0.477448 0.049623 0.043488 0.024163 0.001507 0.386639 0.017133 4.292616
0.477426 0.049700 0.043440 0.024146 0.001509 0.386628 0.017151 4.297437
