0.338494 0.063392 0.056150 0.032358 0.002112 0.501170 0.006325 1.642842
0.338984 0.063063 0.056088 0.032303 0.002105 0.501109 0.006346 1.648960
0.339803 0.062466 0.055939 0.032256 0.002109 0.501059 0.006369 1.655072
0.340698 0.061693 0.055801 0.032152 0.002121 0.501140 0.006393 1.661206
0.341930 0.060849 0.055639 0.031984 0.002137 0.501037 0.006424 1.667247
0.343165 0.060164 0.055417 0.031777 0.002150 0.500874 0.006454 1.673087
0.344373 0.059326 0.055199 0.031608 0.002142 0.500859 0.006493 1.678957
0.345488 0.058654 0.054994 0.031444 0.002151 0.500750 0.006521 1.684749
0.346860 0.057949 0.054731 0.031216 0.002157 0.500542 0.006545 1.690386
0.348165 0.057133 0.054558 0.030998 0.002154 0.500418 0.006574 1.696126
0.349452 0.056406 0.054310 0.030850 0.002149 0.500232 0.006602 1.701798
0.350786 0.055645 0.054113 0.030585 0.002139 0.500103 0.006629 1.707377
0.352244 0.055135 0.053647 0.030344 0.002119 0.499844 0.006668 1.712731
0.353699 0.054425 0.053310 0.030133 0.002126 0.499615 0.006692 1.718119
0.355073 0.053834 0.053012 0.030019 0.002126 0.499218 0.006718 1.723542
0.356522 0.053399 0.052730 0.029672 0.002122 0.498807 0.006748 1.728810
0.357946 0.052881 0.052346 0.029407 0.002108 0.498538 0.006774 1.734084
0.359405 0.052567 0.051941 0.029165 0.002087 0.498036 0.006800 1.739188
0.361142 0.051990 0.051658 0.028896 0.002074 0.497408 0.006833 1.744382
0.362565 0.051593 0.051421 0.028703 0.002070 0.496785 0.006862 1.749591
0.364028 0.051296 0.050986 0.028498 0.002053 0.496249 0.006892 1.754599
0.365319 0.050975 0.050607 0.028257 0.002064 0.495863 0.006915 1.759677
0.366766 0.050667 0.050281 0.028006 0.002051 0.495285 0.006944 1.764701
0.368331 0.050486 0.049883 0.027717 0.002046 0.494568 0.006969 1.769576
0.369850 0.050256 0.049541 0.027503 0.002048 0.493806 0.006995 1.774506
0.371194 0.050163 0.049189 0.027269 0.002041 0.493115 0.007030 1.779375
0.372585 0.050003 0.048778 0.026986 0.002035 0.492556 0.007058 1.784237
0.374053 0.049866 0.048458 0.026743 0.002025 0.491771 0.007084 1.789116
0.375538 0.049663 0.048093 0.026609 0.002025 0.490963 0.007109 1.794044
0.377010 0.049558 0.047818 0.026364 0.002009 0.490102 0.007139 1.798834
0.378304 0.049533 0.047486 0.026160 0.002007 0.489342 0.007167 1.803629
0.379624 0.049481 0.047291 0.025975 0.001998 0.488438 0.007194 1.808449
0.380987 0.049346 0.047052 0.025856 0.001975 0.487564 0.007220 1.813336
0.382341 0.049138 0.046879 0.025751 0.001966 0.486679 0.007246 1.818239
0.383574 0.049125 0.046638 0.025688 0.001955 0.485751 0.007270 1.823053
0.384885 0.048959 0.046495 0.025619 0.001942 0.484803 0.007298 1.827967
0.386178 0.048911 0.046326 0.025466 0.001919 0.483880 0.007321 1.832744
0.387518 0.048785 0.046092 0.025429 0.001917 0.482911 0.007347 1.837613
0.388915 0.048777 0.045866 0.025309 0.001901 0.481862 0.007369 1.842376
0.390162 0.048847 0.045698 0.025157 0.001878 0.480866 0.007394 1.847117
0.391174 0.048901 0.045498 0.025067 0.001867 0.480072 0.007421 1.851922
0.392431 0.048925 0.045367 0.025008 0.001862 0.478963 0.007444 1.856718
0.393480 0.049027 0.045182 0.024915 0.001843 0.478087 0.007465 1.861495
0.394703 0.049033 0.045082 0.024839 0.001841 0.477011 0.007491 1.866282
0.395753 0.049144 0.044926 0.024777 0.001825 0.476061 0.007514 1.871012
0.396824 0.049312 0.044797 0.024727 0.001811 0.474992 0.007537 1.875731
0.397969 0.049367 0.044610 0.024728 0.001807 0.473954 0.007565 1.880483
0.399075 0.049435 0.044530 0.024696 0.001802 0.472874 0.007586 1.885315
0.400107 0.049448 0.044441 0.024710 0.001790 0.471892 0.007611 1.890180
0.401150 0.049381 0.044382 0.024663 0.001797 0.470994 0.007632 1.895082
0.402170 0.049446 0.044369 0.024581 0.001786 0.469992 0.007655 1.899902
0.403146 0.049508 0.044234 0.024550 0.001783 0.469101 0.007677 1.904710
0.404248 0.049524 0.044144 0.024533 0.001776 0.468072 0.007702 1.909553
0.405054 0.049719 0.044159 0.024457 0.001775 0.467108 0.007727 1.914385
0.406039 0.049712 0.044163 0.024423 0.001764 0.466152 0.007747 1.919269
0.406884 0.049797 0.044205 0.024370 0.001752 0.465227 0.007767 1.924082
0.407688 0.049841 0.044210 0.024397 0.001741 0.464333 0.007790 1.928953
0.408388 0.049861 0.044207 0.024404 0.001738 0.463590 0.007812 1.933906
0.409287 0.049810 0.044207 0.024499 0.001731 0.462634 0.007833 1.938904
0.410153 0.049914 0.044166 0.024456 0.001708 0.461740 0.007863 1.943760
0.410970 0.049978 0.044140 0.024459 0.001719 0.460854 0.007882 1.948643
0.411662 0.050128 0.044114 0.024417 0.001700 0.460072 0.007907 1.953542
0.412483 0.050148 0.044049 0.024485 0.001696 0.459207 0.007933 1.958484
0.413217 0.050298 0.043902 0.024466 0.001682 0.458480 0.007955 1.963333
0.413949 0.050338 0.044005 0.024496 0.001665 0.457575 0.007973 1.968257
0.414641 0.050451 0.044024 0.024516 0.001644 0.456729 0.007996 1.973122
0.415327 0.050536 0.044008 0.024479 0.001648 0.455993 0.008010 1.978037
0.416050 0.050484 0.044040 0.024498 0.001641 0.455257 0.008031 1.982995
0.416713 0.050563 0.044044 0.024545 0.001634 0.454450 0.008051 1.987937
0.417434 0.050562 0.044156 0.024610 0.001628 0.453536 0.008074 1.992942
0.418077 0.050564 0.044169 0.024690 0.001628 0.452772 0.008100 1.997936
0.418755 0.050619 0.044187 0.024761 0.001617 0.451939 0.008124 2.002921
0.419478 0.050624 0.044199 0.024834 0.001619 0.451099 0.008145 2.007912
0.419993 0.050816 0.044228 0.024806 0.001617 0.450375 0.008165 2.012833
0.420599 0.050881 0.044291 0.024885 0.001612 0.449547 0.008186 2.017826
0.421097 0.050880 0.044323 0.024939 0.001603 0.448946 0.008211 2.022870
0.421588 0.050962 0.044350 0.024960 0.001605 0.448304 0.008232 2.027866
0.422060 0.051045 0.044420 0.024949 0.001614 0.447658 0.008254 2.032895
0.422549 0.051120 0.044407 0.024930 0.001629 0.447092 0.008274 2.037878
0.423083 0.051169 0.044474 0.024901 0.001626 0.446452 0.008295 2.042859
0.423797 0.051133 0.044514 0.024953 0.001633 0.445655 0.008315 2.047861
0.424250 0.051271 0.044509 0.024958 0.001610 0.445063 0.008338 2.052791
0.424785 0.051353 0.044464 0.024960 0.001596 0.444485 0.008357 2.057762
0.425290 0.051354 0.044493 0.024998 0.001604 0.443880 0.008380 2.062798
0.425626 0.051426 0.044487 0.025080 0.001602 0.443372 0.008406 2.067862
0.426020 0.051428 0.044503 0.025124 0.001611 0.442889 0.008425 2.072938
0.426578 0.051433 0.044517 0.025120 0.001596 0.442304 0.008451 2.077976
0.427045 0.051438 0.044485 0.025186 0.001594 0.441786 0.008467 2.082972
0.427540 0.051391 0.044533 0.025230 0.001596 0.441222 0.008488 2.088010
0.428111 0.051331 0.044593 0.025209 0.001600 0.440649 0.008507 2.093047
0.428541 0.051300 0.044678 0.025190 0.001606 0.440155 0.008530 2.098058
0.429001 0.051289 0.044626 0.025217 0.001614 0.439704 0.008549 2.103063
0.429470 0.051282 0.044708 0.025264 0.001595 0.439110 0.008572 2.108156
0.430031 0.051308 0.044635 0.025279 0.001587 0.438563 0.008597 2.113159
0.430451 0.051291 0.044644 0.025312 0.001591 0.438093 0.008617 2.118206
0.430757 0.051363 0.044710 0.025336 0.001592 0.437605 0.008637 2.123266
0.431190 0.051313 0.044812 0.025319 0.001597 0.437113 0.008656 2.128301
0.431618 0.051374 0.044842 0.025349 0.001595 0.436546 0.008675 2.133321
0.432043 0.051411 0.044835 0.025317 0.001593 0.436106 0.008694 2.138307
0.432389 0.051480 0.044852 0.025269 0.001596 0.435693 0.008722 2.143278
0.432798 0.051473 0.044863 0.025286 0.001591 0.435245 0.008744 2.148350
0.433318 0.051426 0.044836 0.025272 0.001595 0.434785 0.008769 2.153393
0.433669 0.051620 0.044859 0.025186 0.001593 0.434282 0.008791 2.158332
0.433973 0.051697 0.044932 0.025174 0.001605 0.433806 0.008813 2.163358
0.434330 0.051776 0.044975 0.025139 0.001602 0.433350 0.008828 2.168418
0.434694 0.051816 0.045005 0.025117 0.001608 0.432910 0.008851 2.173463
0.434977 0.051830 0.044972 0.025205 0.001603 0.432544 0.008869 2.178512
0.435286 0.051728 0.044988 0.025364 0.001604 0.432144 0.008886 2.183696
0.435601 0.051711 0.045039 0.025297 0.001615 0.431834 0.008902 2.188760
0.435817 0.051742 0.045086 0.025334 0.001600 0.431497 0.008924 2.193821
0.436089 0.051816 0.045043 0.025387 0.001607 0.431113 0.008945 2.198890
0.436220 0.051843 0.045055 0.025434 0.001606 0.430875 0.008966 2.204037
0.436508 0.051862 0.045098 0.025396 0.001612 0.430538 0.008986 2.209110
0.436780 0.051882 0.045169 0.025406 0.001604 0.430147 0.009013 2.214214
0.437104 0.051840 0.045224 0.025394 0.001613 0.429792 0.009034 2.219321
0.437505 0.051733 0.045278 0.025409 0.001619 0.429402 0.009053 2.224409
0.437805 0.051688 0.045331 0.025461 0.001622 0.429022 0.009071 2.229510
0.438110 0.051717 0.045314 0.025442 0.001619 0.428707 0.009091 2.234559
0.438363 0.051765 0.045406 0.025415 0.001634 0.428307 0.009111 2.239638
0.438650 0.051859 0.045338 0.025444 0.001638 0.427941 0.009130 2.244635
0.439096 0.051683 0.045452 0.025440 0.001628 0.427551 0.009151 2.249742
0.439418 0.051601 0.045487 0.025496 0.001631 0.427196 0.009171 2.254862
0.439671 0.051582 0.045541 0.025459 0.001624 0.426934 0.009190 2.259953
0.439823 0.051663 0.045530 0.025430 0.001620 0.426722 0.009212 2.264978
0.440103 0.051568 0.045568 0.025443 0.001622 0.426470 0.009226 2.270114
0.440494 0.051413 0.045569 0.025419 0.001616 0.426238 0.009251 2.275221
0.440770 0.051401 0.045522 0.025429 0.001617 0.425991 0.009271 2.280260
0.441144 0.051383 0.045382 0.025356 0.001620 0.425826 0.009290 2.285243
0.441414 0.051333 0.045322 0.025348 0.001621 0.425648 0.009314 2.290284
0.441656 0.051313 0.045265 0.025345 0.001620 0.425468 0.009334 2.295339
0.441886 0.051301 0.045271 0.025309 0.001633 0.425241 0.009360 2.300384
0.442157 0.051283 0.045176 0.025203 0.001629 0.425173 0.009379 2.305366
0.442522 0.051262 0.045232 0.025244 0.001623 0.424717 0.009401 2.310428
0.442925 0.051283 0.045280 0.025116 0.001610 0.424361 0.009425 2.315406
0.443193 0.051231 0.045243 0.025094 0.001613 0.424181 0.009447 2.320456
0.443474 0.051246 0.045321 0.025143 0.001606 0.423740 0.009470 2.325484
0.443830 0.051164 0.045355 0.025170 0.001602 0.423382 0.009499 2.330529
0.444157 0.051160 0.045343 0.025191 0.001601 0.423037 0.009513 2.335550
0.444441 0.051142 0.045398 0.025166 0.001604 0.422713 0.009537 2.340577
0.444672 0.051158 0.045441 0.025152 0.001608 0.422415 0.009553 2.345599
0.444890 0.051168 0.045400 0.025140 0.001609 0.422215 0.009578 2.350609
0.445170 0.051226 0.045315 0.025163 0.001599 0.421930 0.009598 2.355608
0.445355 0.051346 0.045291 0.025186 0.001599 0.421610 0.009615 2.360591
0.445622 0.051230 0.045327 0.025260 0.001593 0.421334 0.009634 2.365732
0.445877 0.051225 0.045246 0.025223 0.001608 0.421171 0.009649 2.370716
0.446026 0.051324 0.045255 0.025238 0.001612 0.420876 0.009670 2.375736
0.446308 0.051283 0.045243 0.025256 0.001605 0.420617 0.009689 2.380777
0.446536 0.051267 0.045283 0.025291 0.001611 0.420307 0.009707 2.385798
0.446880 0.051216 0.045168 0.025336 0.001617 0.420054 0.009730 2.390807
0.447081 0.051243 0.045135 0.025334 0.001610 0.419845 0.009753 2.395829
0.447288 0.051357 0.045078 0.025307 0.001607 0.419587 0.009775 2.400839
0.447520 0.051390 0.045064 0.025320 0.001614 0.419301 0.009791 2.405890
0.447806 0.051390 0.045136 0.025340 0.001582 0.418937 0.009810 2.410925
0.448032 0.051388 0.045190 0.025375 0.001586 0.418599 0.009831 2.416008
0.448295 0.051334 0.045228 0.025439 0.001593 0.418262 0.009850 2.421124
0.448577 0.051297 0.045237 0.025416 0.001604 0.418000 0.009869 2.426166
0.448797 0.051191 0.045183 0.025479 0.001602 0.417858 0.009891 2.431239
0.449003 0.051131 0.045151 0.025482 0.001608 0.417718 0.009907 2.436359
0.449351 0.051079 0.045026 0.025422 0.001607 0.417586 0.009928 2.441261
0.449585 0.051058 0.044977 0.025392 0.001611 0.417431 0.009946 2.446285
0.449803 0.051064 0.044929 0.025327 0.001603 0.417310 0.009965 2.451235
0.450116 0.051088 0.044991 0.025210 0.001611 0.417001 0.009984 2.456224
0.450271 0.051096 0.044915 0.025184 0.001608 0.416925 0.010001 2.461217
0.450472 0.051119 0.044898 0.025138 0.001610 0.416736 0.010028 2.466236
0.450642 0.051102 0.044905 0.025143 0.001604 0.416557 0.010046 2.471263
0.450889 0.051060 0.044931 0.025160 0.001597 0.416295 0.010069 2.476272
0.451070 0.051063 0.044964 0.025142 0.001607 0.416071 0.010084 2.481281
0.451280 0.051095 0.044985 0.025138 0.001607 0.415797 0.010100 2.486296
0.451428 0.051134 0.044886 0.025106 0.001600 0.415721 0.010125 2.491267
0.451512 0.051162 0.045012 0.025079 0.001597 0.415489 0.010150 2.496295
0.451755 0.051238 0.045046 0.025051 0.001592 0.415149 0.010171 2.501252
0.451932 0.051211 0.045150 0.025063 0.001589 0.414865 0.010189 2.506298
0.451870 0.051404 0.045148 0.025016 0.001590 0.414766 0.010207 2.511277
0.451909 0.051446 0.045188 0.025062 0.001575 0.414590 0.010232 2.516347
0.452069 0.051480 0.045128 0.025108 0.001572 0.414390 0.010255 2.521381
0.452290 0.051413 0.045121 0.025158 0.001587 0.414160 0.010271 2.526472
0.452352 0.051433 0.045173 0.025111 0.001585 0.414058 0.010289 2.531485
0.452525 0.051404 0.045163 0.025126 0.001594 0.413878 0.010311 2.536548
0.452644 0.051400 0.045176 0.025235 0.001590 0.413623 0.010332 2.541624
0.452875 0.051424 0.045150 0.025203 0.001597 0.413401 0.010351 2.546612
0.453009 0.051497 0.045152 0.025182 0.001603 0.413186 0.010372 2.551607
0.453215 0.051455 0.045084 0.025215 0.001600 0.413041 0.010391 2.556586
0.453254 0.051434 0.045180 0.025282 0.001599 0.412840 0.010410 2.561666
0.453499 0.051288 0.045206 0.025399 0.001603 0.412579 0.010426 2.566809
0.453618 0.051277 0.045295 0.025479 0.001601 0.412282 0.010449 2.571910
0.453811 0.051124 0.045417 0.025462 0.001596 0.412115 0.010475 2.577013
0.453814 0.051175 0.045355 0.025460 0.001600 0.412101 0.010495 2.582053
0.453896 0.051250 0.045434 0.025434 0.001596 0.411875 0.010514 2.587060
0.453955 0.051424 0.045376 0.025388 0.001604 0.411723 0.010531 2.592005
0.454000 0.051393 0.045375 0.025409 0.001608 0.411659 0.010556 2.597129
0.454060 0.051486 0.045340 0.025388 0.001608 0.411535 0.010583 2.602154
0.454099 0.051496 0.045306 0.025442 0.001606 0.411444 0.010607 2.607224
0.454195 0.051534 0.045272 0.025419 0.001592 0.411361 0.010626 2.612235
0.454120 0.051710 0.045238 0.025405 0.001598 0.411280 0.010648 2.617238
0.454227 0.051667 0.045283 0.025329 0.001593 0.411237 0.010664 2.622308
0.454267 0.051792 0.045266 0.025309 0.001600 0.411086 0.010680 2.627299
0.454338 0.051820 0.045334 0.025208 0.001602 0.410996 0.010702 2.632368
0.454448 0.051834 0.045309 0.025271 0.001598 0.410815 0.010725 2.637406
0.454395 0.051797 0.045325 0.025296 0.001598 0.410845 0.010745 2.642532
0.454515 0.051765 0.045400 0.025311 0.001590 0.410652 0.010767 2.647606
0.454587 0.051650 0.045419 0.025355 0.001589 0.410621 0.010780 2.652731
0.454660 0.051633 0.045398 0.025360 0.001590 0.410563 0.010796 2.657855
0.454782 0.051571 0.045428 0.025345 0.001586 0.410471 0.010819 2.663018
0.454883 0.051503 0.045397 0.025391 0.001596 0.410394 0.010837 2.668110
0.454890 0.051538 0.045407 0.025386 0.001603 0.410325 0.010852 2.673198
0.455053 0.051537 0.045439 0.025364 0.001596 0.410139 0.010873 2.678249
0.455149 0.051464 0.045389 0.025386 0.001605 0.410114 0.010892 2.683307
0.455227 0.051370 0.045368 0.025398 0.001600 0.410122 0.010914 2.688349
0.455318 0.051389 0.045403 0.025437 0.001593 0.409922 0.010938 2.693390
0.455435 0.051421 0.045374 0.025426 0.001605 0.409784 0.010956 2.698456
0.455587 0.051385 0.045399 0.025428 0.001609 0.409617 0.010975 2.703481
0.455781 0.051332 0.045414 0.025372 0.001617 0.409492 0.010992 2.708469
0.455861 0.051250 0.045381 0.025430 0.001617 0.409444 0.011017 2.713533
0.455785 0.051248 0.045391 0.025379 0.001615 0.409542 0.011039 2.718589
0.456042 0.051186 0.045254 0.025332 0.001616 0.409510 0.011060 2.723544
0.456224 0.051183 0.045195 0.025255 0.001621 0.409443 0.011080 2.728500
0.456303 0.051136 0.045228 0.025264 0.001609 0.409361 0.011100 2.733504
0.456485 0.051091 0.045212 0.025256 0.001616 0.409226 0.011115 2.738504
0.456671 0.051105 0.045135 0.025182 0.001618 0.409154 0.011134 2.743436
0.456817 0.051041 0.045159 0.025183 0.001623 0.409023 0.011154 2.748497
0.456786 0.051102 0.045232 0.025165 0.001631 0.408912 0.011171 2.753470
0.456835 0.051148 0.045225 0.025091 0.001635 0.408878 0.011189 2.758471
0.456761 0.051256 0.045140 0.025161 0.001615 0.408858 0.011210 2.763463
0.456902 0.051202 0.045165 0.025162 0.001614 0.408727 0.011227 2.768518
0.457014 0.051082 0.045265 0.025185 0.001608 0.408593 0.011253 2.773610
0.457138 0.051049 0.045366 0.025162 0.001614 0.408396 0.011275 2.778632
0.457224 0.051057 0.045350 0.025162 0.001613 0.408297 0.011297 2.783623
0.457370 0.050982 0.045402 0.025239 0.001601 0.408083 0.011322 2.788742
0.457443 0.051058 0.045356 0.025172 0.001618 0.408015 0.011339 2.793687
0.457613 0.050954 0.045408 0.025178 0.001612 0.407872 0.011363 2.798786
0.457769 0.050933 0.045423 0.025199 0.001606 0.407690 0.011381 2.803809
0.457654 0.051073 0.045389 0.025229 0.001599 0.407654 0.011404 2.808833
0.457872 0.050933 0.045373 0.025213 0.001606 0.407580 0.011423 2.813884
0.457971 0.050879 0.045405 0.025239 0.001599 0.407466 0.011442 2.818969
0.457898 0.051015 0.045345 0.025235 0.001607 0.407434 0.011464 2.823965
0.458029 0.050908 0.045321 0.025237 0.001605 0.407407 0.011494 2.829002
0.458175 0.050867 0.045237 0.025191 0.001610 0.407409 0.011510 2.833947
0.458267 0.050922 0.045197 0.025150 0.001618 0.407319 0.011527 2.838879
0.458418 0.050900 0.045171 0.025131 0.001629 0.407204 0.011547 2.843871
0.458505 0.050871 0.045158 0.025151 0.001630 0.407118 0.011567 2.848890
0.458525 0.050835 0.045302 0.025179 0.001635 0.406933 0.011590 2.853995
0.458647 0.050886 0.045230 0.025192 0.001639 0.406800 0.011606 2.858957
0.458546 0.051012 0.045157 0.025206 0.001640 0.406810 0.011629 2.863952
0.458618 0.051040 0.045082 0.025255 0.001624 0.406727 0.011655 2.868964
0.458696 0.050982 0.045225 0.025204 0.001629 0.406588 0.011676 2.874052
0.458853 0.051018 0.045154 0.025197 0.001635 0.406446 0.011696 2.879029
0.458841 0.051135 0.045113 0.025180 0.001634 0.406379 0.011718 2.884034
0.458840 0.051159 0.045082 0.025183 0.001635 0.406362 0.011740 2.889048
0.458829 0.051143 0.045157 0.025181 0.001632 0.406297 0.011761 2.894120
0.458856 0.051120 0.045117 0.025201 0.001630 0.406301 0.011774 2.899163
0.458917 0.051010 0.045163 0.025260 0.001624 0.406228 0.011798 2.904274
0.459000 0.050990 0.045117 0.025244 0.001621 0.406204 0.011823 2.909258
0.459105 0.051008 0.045033 0.025319 0.001606 0.406085 0.011844 2.914291
0.459181 0.051029 0.044972 0.025260 0.001610 0.406078 0.011871 2.919267
0.459143 0.051082 0.044940 0.025294 0.001613 0.406042 0.011888 2.924266
0.459081 0.051172 0.044886 0.025269 0.001625 0.406062 0.011906 2.929271
0.459132 0.051134 0.044977 0.025221 0.001625 0.405986 0.011926 2.934284
0.459210 0.051062 0.045020 0.025297 0.001618 0.405845 0.011947 2.939381
0.459251 0.051157 0.044910 0.025256 0.001610 0.405852 0.011965 2.944350
0.459175 0.051242 0.044817 0.025235 0.001604 0.405944 0.011983 2.949334
0.459141 0.051377 0.044778 0.025156 0.001622 0.405923 0.012004 2.954271
0.459210 0.051373 0.044759 0.025209 0.001621 0.405799 0.012030 2.959347
0.459194 0.051332 0.044875 0.025204 0.001609 0.405732 0.012053 2.964418
0.459119 0.051460 0.044829 0.025130 0.001604 0.405785 0.012074 2.969368
0.458958 0.051548 0.044924 0.025162 0.001605 0.405711 0.012092 2.974450
0.459002 0.051627 0.044951 0.025197 0.001600 0.405511 0.012113 2.979485
0.458971 0.051709 0.045009 0.025150 0.001604 0.405428 0.012129 2.984514
0.459073 0.051578 0.045108 0.025228 0.001585 0.405278 0.012151 2.989631
0.459226 0.051541 0.045195 0.025277 0.001590 0.404997 0.012174 2.994670
0.459211 0.051430 0.045361 0.025291 0.001588 0.404917 0.012202 2.999830
0.459198 0.051452 0.045334 0.025317 0.001583 0.404902 0.012214 3.004926
0.459197 0.051373 0.045300 0.025402 0.001586 0.404909 0.012233 3.010017
0.459172 0.051435 0.045302 0.025437 0.001586 0.404812 0.012258 3.015047
0.459224 0.051523 0.045246 0.025392 0.001604 0.404731 0.012280 3.020004
0.459316 0.051431 0.045265 0.025447 0.001599 0.404641 0.012301 3.025098
0.459394 0.051425 0.045229 0.025502 0.001595 0.404529 0.012328 3.030124
0.459353 0.051431 0.045223 0.025426 0.001602 0.404620 0.012344 3.035187
0.459406 0.051406 0.045184 0.025385 0.001594 0.404663 0.012363 3.040214
0.459507 0.051419 0.045183 0.025389 0.001586 0.404530 0.012387 3.045267
0.459454 0.051486 0.045193 0.025364 0.001603 0.404491 0.012408 3.050315
0.459525 0.051525 0.045148 0.025317 0.001599 0.404458 0.012428 3.055292
0.459522 0.051464 0.045158 0.025370 0.001590 0.404446 0.012450 3.060351
0.459542 0.051334 0.045257 0.025437 0.001581 0.404380 0.012471 3.065519
0.459662 0.051246 0.045216 0.025454 0.001581 0.404353 0.012488 3.070520
0.459774 0.051162 0.045201 0.025447 0.001586 0.404324 0.012506 3.075573
0.459735 0.051148 0.045239 0.025426 0.001594 0.404338 0.012521 3.080598
0.459787 0.051171 0.045230 0.025416 0.001578 0.404272 0.012545 3.085571
0.459863 0.051126 0.045251 0.025370 0.001580 0.404251 0.012560 3.090617
0.459874 0.051160 0.045264 0.025353 0.001574 0.404198 0.012577 3.095642
0.459793 0.051394 0.045193 0.025265 0.001577 0.404182 0.012596 3.100556
0.460020 0.051368 0.045253 0.025284 0.001570 0.403895 0.012609 3.105540
0.459841 0.051557 0.045301 0.025176 0.001569 0.403927 0.012630 3.110538
0.459810 0.051479 0.045373 0.025203 0.001558 0.403927 0.012649 3.115620
0.459675 0.051518 0.045460 0.025246 0.001556 0.403880 0.012666 3.120743
0.459797 0.051482 0.045382 0.025211 0.001552 0.403886 0.012689 3.125805
0.459824 0.051496 0.045386 0.025185 0.001573 0.403832 0.012705 3.130849
0.459744 0.051540 0.045438 0.025179 0.001582 0.403793 0.012723 3.135904
0.459786 0.051583 0.045444 0.025212 0.001589 0.403644 0.012743 3.140930
0.459820 0.051575 0.045440 0.025196 0.001597 0.403610 0.012763 3.145932
0.459848 0.051459 0.045512 0.025239 0.001581 0.403573 0.012788 3.151071
0.459773 0.051502 0.045470 0.025208 0.001583 0.403656 0.012808 3.156065
0.459805 0.051494 0.045453 0.025199 0.001585 0.403636 0.012827 3.161082
0.459940 0.051464 0.045412 0.025219 0.001576 0.403543 0.012847 3.166098
0.459993 0.051474 0.045279 0.025179 0.001572 0.403629 0.012873 3.171083
0.459964 0.051553 0.045240 0.025113 0.001580 0.403662 0.012890 3.176089
0.460003 0.051447 0.045305 0.025127 0.001581 0.403633 0.012905 3.181218
0.459930 0.051579 0.045218 0.025072 0.001587 0.403692 0.012922 3.186175
0.460063 0.051502 0.045194 0.025118 0.001582 0.403599 0.012944 3.191246
0.460173 0.051367 0.045173 0.025089 0.001577 0.403652 0.012968 3.196317
0.460172 0.051375 0.045181 0.025058 0.001574 0.403658 0.012984 3.201381
0.460143 0.051438 0.045102 0.025059 0.001564 0.403695 0.013000 3.206398
0.460160 0.051418 0.045104 0.025100 0.001581 0.403623 0.013016 3.211451
0.460185 0.051341 0.045166 0.025127 0.001585 0.403561 0.013036 3.216540
0.460272 0.051282 0.045201 0.025058 0.001594 0.403541 0.013051 3.221576
0.460270 0.051314 0.045183 0.025081 0.001577 0.403504 0.013069 3.226572
0.460283 0.051337 0.045140 0.025099 0.001563 0.403489 0.013089 3.231609
0.460361 0.051287 0.045159 0.025081 0.001567 0.403436 0.013108 3.236635
0.460294 0.051352 0.045030 0.025086 0.001573 0.403541 0.013124 3.241604
0.460260 0.051312 0.044970 0.025115 0.001577 0.403623 0.013142 3.246656
0.460345 0.051238 0.044927 0.025146 0.001577 0.403606 0.013162 3.251705
0.460514 0.051080 0.044993 0.025142 0.001574 0.403516 0.013180 3.256733
0.460545 0.051071 0.044977 0.025096 0.001574 0.403539 0.013199 3.261756
0.460548 0.051113 0.044967 0.025092 0.001573 0.403481 0.013226 3.266768
0.460697 0.051224 0.044896 0.025105 0.001573 0.403263 0.013242 3.271683
0.460653 0.051301 0.044930 0.025113 0.001562 0.403176 0.013265 3.276688
0.460767 0.051217 0.044913 0.025170 0.001551 0.403093 0.013289 3.281735
0.460688 0.051281 0.044900 0.025188 0.001559 0.403077 0.013308 3.286736
0.460732 0.051285 0.044909 0.025137 0.001559 0.403050 0.013327 3.291754
0.460760 0.051389 0.044915 0.025137 0.001570 0.402881 0.013348 3.296691
0.460925 0.051195 0.044906 0.025228 0.001577 0.402804 0.013366 3.301800
0.460938 0.051190 0.044823 0.025223 0.001568 0.402872 0.013389 3.306772
0.460964 0.051175 0.044869 0.025203 0.001575 0.402809 0.013406 3.311788
0.460991 0.051259 0.044854 0.025161 0.001577 0.402734 0.013423 3.316755
0.460850 0.051394 0.044838 0.025103 0.001573 0.402803 0.013439 3.321707
0.460767 0.051348 0.044923 0.025149 0.001581 0.402774 0.013458 3.326860
0.460796 0.051375 0.044888 0.025134 0.001580 0.402750 0.013476 3.331824
0.460922 0.051246 0.044900 0.025084 0.001574 0.402770 0.013504 3.336856
0.460948 0.051247 0.044989 0.025060 0.001571 0.402661 0.013524 3.341859
0.460979 0.051304 0.044905 0.025111 0.001564 0.402593 0.013544 3.346831
0.460969 0.051256 0.044856 0.025115 0.001577 0.402662 0.013565 3.351885
0.460906 0.051429 0.044879 0.025087 0.001569 0.402543 0.013587 3.356864
0.460876 0.051411 0.044965 0.025051 0.001559 0.402525 0.013612 3.361931
0.460986 0.051296 0.045072 0.025059 0.001541 0.402406 0.013639 3.367022
0.461072 0.051188 0.045061 0.025131 0.001535 0.402354 0.013659 3.372057
0.460960 0.051289 0.045066 0.025108 0.001539 0.402359 0.013679 3.377058
0.460925 0.051300 0.045025 0.025091 0.001547 0.402412 0.013700 3.382085
0.460885 0.051357 0.045002 0.025139 0.001536 0.402364 0.013717 3.387121
0.460918 0.051353 0.044944 0.025132 0.001536 0.402378 0.013740 3.392115
0.460993 0.051278 0.044987 0.025137 0.001545 0.402300 0.013762 3.397205
0.460995 0.051137 0.045040 0.025189 0.001546 0.402310 0.013783 3.402322
0.461033 0.051193 0.044998 0.025234 0.001547 0.402192 0.013802 3.407293
0.460971 0.051249 0.045045 0.025187 0.001549 0.402179 0.013820 3.412316
0.461057 0.051136 0.045067 0.025189 0.001551 0.402162 0.013838 3.417364
0.461060 0.051156 0.045041 0.025169 0.001543 0.402176 0.013856 3.422347
0.461170 0.051091 0.045040 0.025140 0.001545 0.402138 0.013875 3.427336
0.461231 0.051080 0.045064 0.025171 0.001549 0.402015 0.013891 3.432378
0.461262 0.051035 0.045154 0.025189 0.001545 0.401898 0.013916 3.437430
0.461193 0.051128 0.045199 0.025153 0.001554 0.401841 0.013932 3.442427
0.461251 0.051041 0.045117 0.025161 0.001559 0.401922 0.013949 3.447463
0.461393 0.050893 0.045122 0.025179 0.001558 0.401890 0.013967 3.452499
0.461460 0.050835 0.045019 0.025154 0.001558 0.401984 0.013990 3.457543
0.461594 0.050736 0.044999 0.025161 0.001584 0.401915 0.014011 3.462584
0.461603 0.050831 0.044896 0.025152 0.001592 0.401897 0.014031 3.467525
0.461511 0.050954 0.044881 0.025149 0.001588 0.401870 0.014046 3.472467
0.461483 0.050956 0.044944 0.025090 0.001585 0.401879 0.014064 3.477472
0.461464 0.051069 0.044964 0.025037 0.001569 0.401812 0.014086 3.482431
0.461392 0.051094 0.044936 0.025065 0.001557 0.401848 0.014109 3.487459
0.461419 0.051007 0.044925 0.025137 0.001551 0.401829 0.014131 3.492499
0.461339 0.051052 0.044872 0.025133 0.001551 0.401901 0.014152 3.497474
0.461416 0.051075 0.044889 0.025156 0.001549 0.401745 0.014170 3.502473
0.461552 0.051011 0.044901 0.025172 0.001554 0.401617 0.014193 3.507499
0.461735 0.050938 0.044878 0.025199 0.001554 0.401483 0.014213 3.512507
0.461734 0.050971 0.044889 0.025193 0.001549 0.401429 0.014234 3.517511
0.461734 0.050982 0.044866 0.025145 0.001565 0.401460 0.014248 3.522498
0.461799 0.051034 0.044843 0.025115 0.001548 0.401394 0.014267 3.527452
0.461814 0.051081 0.044938 0.025114 0.001553 0.401213 0.014287 3.532480
0.461772 0.050994 0.045013 0.025189 0.001548 0.401177 0.014306 3.537613
0.461814 0.050963 0.044915 0.025237 0.001544 0.401206 0.014322 3.542619
0.461863 0.051002 0.044861 0.025296 0.001536 0.401095 0.014346 3.547594
0.461931 0.050966 0.044807 0.025277 0.001535 0.401117 0.014366 3.552630
0.461948 0.050914 0.044911 0.025296 0.001548 0.400996 0.014386 3.557682
0.461936 0.050927 0.044986 0.025212 0.001556 0.400974 0.014408 3.562635
0.461975 0.050924 0.044914 0.025282 0.001551 0.400928 0.014425 3.567661
0.462040 0.050935 0.044889 0.025189 0.001563 0.400940 0.014445 3.572600
0.462003 0.050933 0.044861 0.025208 0.001560 0.400971 0.014465 3.577646
0.462004 0.050970 0.044785 0.025184 0.001569 0.401010 0.014479 3.582589
0.462033 0.050997 0.044781 0.025169 0.001555 0.400958 0.014507 3.587578
0.462050 0.050963 0.044728 0.025161 0.001549 0.401017 0.014533 3.592514
0.462070 0.050904 0.044807 0.025224 0.001545 0.400892 0.014557 3.597590
0.462217 0.050850 0.044826 0.025313 0.001551 0.400668 0.014575 3.602603
0.462087 0.051010 0.044763 0.025240 0.001532 0.400772 0.014595 3.607509
0.462021 0.051041 0.044852 0.025207 0.001533 0.400727 0.014618 3.612543
0.461899 0.051099 0.044875 0.025208 0.001537 0.400741 0.014641 3.617562
0.461805 0.051048 0.044887 0.025217 0.001544 0.400835 0.014663 3.622631
0.461729 0.051100 0.044938 0.025158 0.001542 0.400851 0.014682 3.627614
0.461646 0.051113 0.044898 0.025148 0.001557 0.400940 0.014698 3.632629
0.461712 0.051084 0.044918 0.025111 0.001566 0.400894 0.014716 3.637582
0.461734 0.051020 0.044987 0.025104 0.001566 0.400852 0.014736 3.642597
0.461815 0.051007 0.044961 0.025135 0.001576 0.400751 0.014755 3.647588
0.461719 0.051029 0.044995 0.025169 0.001577 0.400739 0.014771 3.652575
0.461721 0.051070 0.044961 0.025185 0.001585 0.400686 0.014792 3.657534
0.461757 0.051068 0.044966 0.025172 0.001586 0.400647 0.014805 3.662571
0.461694 0.051096 0.045007 0.025162 0.001583 0.400634 0.014825 3.667581
0.461709 0.051087 0.045076 0.025102 0.001577 0.400600 0.014849 3.672595
0.461548 0.051181 0.045069 0.025165 0.001570 0.400599 0.014869 3.677588
0.461519 0.051250 0.044991 0.025099 0.001565 0.400677 0.014896 3.682566
0.461584 0.051091 0.044973 0.025153 0.001563 0.400717 0.014919 3.687649
0.461550 0.051130 0.045006 0.025147 0.001564 0.400665 0.014938 3.692681
0.461557 0.051232 0.044986 0.025124 0.001556 0.400588 0.014957 3.697618
0.461537 0.051322 0.044952 0.025108 0.001563 0.400538 0.014979 3.702588
0.461452 0.051369 0.044990 0.025082 0.001571 0.400538 0.014998 3.707608
0.461484 0.051228 0.045051 0.025071 0.001578 0.400576 0.015013 3.712673
0.461480 0.051185 0.045117 0.025091 0.001583 0.400512 0.015033 3.717716
0.461422 0.051206 0.045114 0.025064 0.001581 0.400557 0.015057 3.722679
0.461580 0.051092 0.045120 0.025109 0.001583 0.400437 0.015078 3.727789
0.461592 0.051107 0.045108 0.025133 0.001568 0.400392 0.015101 3.732781
0.461705 0.051047 0.045093 0.025133 0.001570 0.400331 0.015121 3.737781
0.461719 0.051098 0.045028 0.025119 0.001564 0.400331 0.015141 3.742744
0.461729 0.051088 0.044983 0.025150 0.001557 0.400330 0.015163 3.747745
0.461801 0.051187 0.045049 0.025083 0.001564 0.400134 0.015182 3.752682
0.461766 0.051297 0.045035 0.025059 0.001560 0.400084 0.015200 3.757626
0.461705 0.051306 0.045151 0.025054 0.001563 0.400001 0.015221 3.762695
0.461804 0.051265 0.045215 0.025080 0.001553 0.399843 0.015240 3.767717
0.461806 0.051221 0.045186 0.025133 0.001557 0.399841 0.015256 3.772772
0.461710 0.051262 0.045136 0.025148 0.001560 0.399906 0.015277 3.777767
0.461672 0.051133 0.045159 0.025211 0.001575 0.399963 0.015289 3.782902
0.461731 0.051028 0.045218 0.025237 0.001572 0.399900 0.015312 3.787980
0.461699 0.051075 0.045118 0.025231 0.001561 0.399985 0.015333 3.792990
0.461636 0.051034 0.045029 0.025206 0.001563 0.400179 0.015354 3.798010
0.461711 0.050979 0.045089 0.025151 0.001561 0.400138 0.015373 3.803053
0.461622 0.051051 0.045087 0.025149 0.001558 0.400140 0.015392 3.808089
0.461628 0.051009 0.045088 0.025164 0.001551 0.400148 0.015413 3.813127
0.461521 0.051074 0.045052 0.025175 0.001543 0.400200 0.015436 3.818137
0.461457 0.051103 0.045045 0.025149 0.001541 0.400246 0.015459 3.823143
0.461484 0.051058 0.045100 0.025179 0.001540 0.400158 0.015480 3.828204
0.461560 0.051150 0.045049 0.025186 0.001547 0.400005 0.015503 3.833135
0.461420 0.051161 0.045047 0.025159 0.001556 0.400136 0.015522 3.838179
0.461471 0.051121 0.045041 0.025167 0.001557 0.400100 0.015543 3.843199
0.461396 0.051173 0.044989 0.025160 0.001568 0.400155 0.015560 3.848215
0.461306 0.051222 0.044999 0.025153 0.001575 0.400166 0.015580 3.853193
0.461300 0.051285 0.044963 0.025158 0.001576 0.400115 0.015605 3.858169
0.461423 0.051063 0.045028 0.025228 0.001590 0.400053 0.015616 3.863264
0.461399 0.051053 0.045068 0.025195 0.001590 0.400055 0.015639 3.868298
0.461385 0.051007 0.044998 0.025236 0.001588 0.400126 0.015660 3.873314
0.461360 0.050940 0.044915 0.025244 0.001593 0.400266 0.015682 3.878318
0.461403 0.050791 0.044872 0.025253 0.001604 0.400376 0.015701 3.883356
0.461376 0.050783 0.044884 0.025280 0.001610 0.400343 0.015725 3.888404
0.461284 0.050673 0.044962 0.025247 0.001596 0.400481 0.015756 3.893466
0.461421 0.050601 0.044977 0.025277 0.001597 0.400359 0.015769 3.898509
0.461534 0.050606 0.044894 0.025244 0.001583 0.400349 0.015790 3.903447
0.461557 0.050629 0.044923 0.025282 0.001580 0.400222 0.015807 3.908452
0.461553 0.050671 0.044990 0.025197 0.001592 0.400167 0.015831 3.913434
0.461541 0.050750 0.044984 0.025146 0.001580 0.400146 0.015852 3.918382
0.461559 0.050756 0.044998 0.025102 0.001571 0.400143 0.015871 3.923330
0.461602 0.050711 0.044942 0.025168 0.001579 0.400111 0.015889 3.928385
0.461687 0.050706 0.044947 0.025129 0.001572 0.400049 0.015910 3.933334
0.461680 0.050654 0.044938 0.025163 0.001562 0.400072 0.015930 3.938353
0.461648 0.050645 0.044918 0.025132 0.001557 0.400151 0.015949 3.943345
0.461752 0.050569 0.044917 0.025121 0.001548 0.400127 0.015967 3.948348
0.461854 0.050540 0.044931 0.025139 0.001556 0.399995 0.015986 3.953307
0.461832 0.050612 0.044867 0.025111 0.001555 0.400009 0.016013 3.958260
0.461799 0.050734 0.044820 0.025051 0.001560 0.400001 0.016036 3.963165
0.461888 0.050661 0.044737 0.025083 0.001563 0.400015 0.016052 3.968138
0.461952 0.050581 0.044796 0.024994 0.001572 0.400036 0.016069 3.973156
0.461959 0.050553 0.044767 0.024916 0.001574 0.400145 0.016087 3.978126
0.461960 0.050577 0.044782 0.024857 0.001576 0.400138 0.016110 3.983105
0.462004 0.050655 0.044784 0.024840 0.001565 0.400019 0.016133 3.988060
0.461970 0.050672 0.044719 0.024755 0.001570 0.400162 0.016152 3.992975
0.461942 0.050785 0.044663 0.024797 0.001558 0.400082 0.016174 3.997865
0.462100 0.050669 0.044741 0.024781 0.001553 0.399958 0.016198 4.002885
0.462136 0.050682 0.044732 0.024804 0.001547 0.399880 0.016220 4.007840
0.462240 0.050687 0.044763 0.024816 0.001548 0.399713 0.016233 4.012820
0.462178 0.050694 0.044739 0.024777 0.001557 0.399810 0.016246 4.017793
0.462141 0.050829 0.044657 0.024759 0.001564 0.399791 0.016259 4.022693
0.462255 0.050851 0.044545 0.024727 0.001558 0.399788 0.016276 4.027600
0.462203 0.050974 0.044499 0.024762 0.001551 0.399719 0.016293 4.032487
0.462105 0.050959 0.044456 0.024834 0.001542 0.399790 0.016313 4.037503
0.462117 0.051003 0.044509 0.024867 0.001548 0.399618 0.016337 4.042469
0.462155 0.050952 0.044522 0.024892 0.001553 0.399572 0.016354 4.047471
0.462255 0.050805 0.044634 0.024874 0.001557 0.399502 0.016374 4.052520
0.462226 0.050815 0.044596 0.024951 0.001550 0.399467 0.016394 4.057519
0.462249 0.050774 0.044707 0.024932 0.001552 0.399377 0.016409 4.062534
0.462251 0.050843 0.044707 0.024900 0.001555 0.399317 0.016428 4.067504
0.462115 0.050905 0.044682 0.024918 0.001553 0.399375 0.016451 4.072461
0.462260 0.050714 0.044779 0.024885 0.001562 0.399332 0.016467 4.077538
0.462280 0.050677 0.044829 0.024946 0.001548 0.399229 0.016490 4.082594
0.462337 0.050566 0.044847 0.025003 0.001539 0.399199 0.016508 4.087647
0.462469 0.050438 0.044815 0.025041 0.001549 0.399157 0.016532 4.092624
0.462526 0.050394 0.044822 0.025026 0.001543 0.399138 0.016551 4.097606
0.462487 0.050500 0.044724 0.024990 0.001545 0.399182 0.016571 4.102498
0.462593 0.050508 0.044708 0.024991 0.001552 0.399060 0.016588 4.107418
0.462672 0.050437 0.044693 0.025043 0.001547 0.398997 0.016611 4.112398
0.462660 0.050390 0.044692 0.025093 0.001552 0.398987 0.016627 4.117424
0.462693 0.050463 0.044623 0.025055 0.001546 0.398977 0.016643 4.122336
0.462723 0.050570 0.044601 0.025060 0.001545 0.398836 0.016664 4.127209
0.462740 0.050614 0.044552 0.025016 0.001525 0.398862 0.016692 4.132155
0.462767 0.050587 0.044548 0.025026 0.001529 0.398826 0.016718 4.137159
0.462889 0.050486 0.044536 0.025033 0.001542 0.398778 0.016736 4.142196
0.462935 0.050497 0.044577 0.024994 0.001535 0.398706 0.016757 4.147129
0.462898 0.050568 0.044662 0.024983 0.001530 0.398575 0.016783 4.152085
0.462947 0.050588 0.044601 0.024982 0.001542 0.398537 0.016804 4.157000
0.462925 0.050661 0.044620 0.024975 0.001544 0.398452 0.016823 4.161932
0.462859 0.050629 0.044581 0.024998 0.001546 0.398548 0.016838 4.166926
0.462800 0.050694 0.044547 0.024988 0.001562 0.398555 0.016855 4.171870
0.462806 0.050786 0.044483 0.024935 0.001579 0.398542 0.016869 4.176776
0.462822 0.050727 0.044580 0.024957 0.001579 0.398450 0.016887 4.181832
0.462766 0.050765 0.044535 0.024933 0.001575 0.398524 0.016902 4.186758
0.462730 0.050769 0.044506 0.024942 0.001568 0.398566 0.016920 4.191737
0.462879 0.050635 0.044478 0.024957 0.001568 0.398540 0.016943 4.196738
0.462886 0.050581 0.044473 0.024966 0.001561 0.398569 0.016964 4.201718
0.462869 0.050625 0.044493 0.024961 0.001560 0.398509 0.016984 4.206709
0.462871 0.050639 0.044522 0.024917 0.001562 0.398489 0.017000 4.211669
0.462814 0.050748 0.044423 0.024938 0.001566 0.398492 0.017017 4.216577
0.462851 0.050728 0.044451 0.024942 0.001557 0.398436 0.017034 4.221570
0.462686 0.050747 0.044468 0.024958 0.001571 0.398516 0.017055 4.226593
0.462781 0.050771 0.044465 0.024935 0.001565 0.398410 0.017073 4.231543
0.462716 0.050716 0.044599 0.024947 0.001573 0.398360 0.017089 4.236591
0.462743 0.050683 0.044633 0.024857 0.001585 0.398388 0.017110 4.241550
0.462758 0.050743 0.044499 0.024867 0.001582 0.398425 0.017127 4.246475
0.462692 0.050807 0.044522 0.024823 0.001573 0.398433 0.017150 4.251455
0.462708 0.050785 0.044437 0.024853 0.001575 0.398473 0.017169 4.256406
0.462684 0.050764 0.044443 0.024929 0.001574 0.398416 0.017189 4.261394
0.462661 0.050757 0.044453 0.024976 0.001563 0.398387 0.017204 4.266402
0.462556 0.050765 0.044483 0.024932 0.001566 0.398470 0.017228 4.271388
0.462523 0.050779 0.044527 0.024959 0.001568 0.398400 0.017243 4.276382
0.462418 0.050820 0.044449 0.024963 0.001573 0.398517 0.017261 4.281390
0.462321 0.050985 0.044421 0.024930 0.001575 0.398485 0.017283 4.286298
0.462266 0.051089 0.044448 0.024935 0.001576 0.398384 0.017302 4.291232
0.462364 0.051101 0.044433 0.024934 0.001580 0.398271 0.017317 4.296211
0.462393 0.051104 0.044468 0.024914 0.001587 0.398197 0.017339 4.301219
0.462249 0.051156 0.044522 0.024938 0.001587 0.398182 0.017365 4.306273
0.462236 0.051197 0.044610 0.024985 0.001576 0.398009 0.017388 4.311268
0.462364 0.051136 0.044639 0.025012 0.001569 0.397869 0.017410 4.316306
0.462361 0.051212 0.044670 0.024965 0.001565 0.397801 0.017426 4.321250
0.462365 0.051138 0.044783 0.024963 0.001563 0.397737 0.017452 4.326323
0.462332 0.051199 0.044838 0.024943 0.001556 0.397662 0.017470 4.331323
0.462221 0.051266 0.044757 0.024904 0.001546 0.397817 0.017489 4.336263
0.462062 0.051347 0.044788 0.024939 0.001544 0.397809 0.017511 4.341281
0.461938 0.051387 0.044793 0.024995 0.001528 0.397823 0.017537 4.346305
0.461929 0.051393 0.044836 0.025038 0.001524 0.397724 0.017556 4.351337
0.461823 0.051445 0.044827 0.025024 0.001539 0.397774 0.017568 4.356325
0.461753 0.051350 0.044832 0.025148 0.001534 0.397795 0.017588 4.361453
0.461674 0.051345 0.044934 0.025135 0.001526 0.397777 0.017609 4.366498
0.461656 0.051379 0.044858 0.025147 0.001548 0.397789 0.017623 4.371515
0.461525 0.051306 0.044894 0.025180 0.001546 0.397906 0.017642 4.376641
0.461597 0.051164 0.045013 0.025178 0.001536 0.397852 0.017661 4.381704
0.461494 0.051233 0.044903 0.025218 0.001545 0.397925 0.017682 4.386677
0.461446 0.051370 0.044831 0.025291 0.001537 0.397826 0.017701 4.391681
0.461491 0.051265 0.044836 0.025318 0.001544 0.397828 0.017719 4.396703
0.461533 0.051151 0.044889 0.025337 0.001536 0.397818 0.017737 4.401761
0.461508 0.051191 0.044888 0.025241 0.001547 0.397872 0.017754 4.406743
0.461532 0.051154 0.044943 0.025233 0.001557 0.397807 0.017776 4.411750
0.461547 0.051200 0.044891 0.025241 0.001558 0.397766 0.017798 4.416798
0.461470 0.051083 0.044870 0.025340 0.001553 0.397866 0.017818 4.421884
0.461495 0.051065 0.044933 0.025334 0.001571 0.397768 0.017834 4.426882
