0.349412 0.063812 0.055940 0.032232 0.002123 0.490401 0.006080 1.597339
0.350854 0.062354 0.055908 0.032049 0.002129 0.490597 0.006109 1.603454
0.352703 0.060521 0.055961 0.031807 0.002129 0.490742 0.006137 1.609499
0.355031 0.058526 0.055809 0.031539 0.002115 0.490812 0.006169 1.615310
0.357628 0.056387 0.055509 0.031174 0.002096 0.491007 0.006198 1.620934
0.360456 0.054311 0.055080 0.030800 0.002083 0.491038 0.006232 1.626349
0.363365 0.052435 0.054608 0.030332 0.002079 0.490922 0.006259 1.631475
0.366443 0.050525 0.054066 0.029842 0.002080 0.490760 0.006283 1.636526
0.369581 0.048610 0.053491 0.029347 0.002073 0.490583 0.006315 1.641432
0.372799 0.046886 0.052794 0.028802 0.002060 0.490315 0.006344 1.646100
0.376034 0.045243 0.052001 0.028302 0.002061 0.489990 0.006369 1.650634
0.379300 0.043767 0.051160 0.027802 0.002055 0.489526 0.006390 1.654975
0.382702 0.042300 0.050391 0.027239 0.002051 0.488900 0.006418 1.659224
0.386101 0.041007 0.049543 0.026702 0.002036 0.488165 0.006447 1.663276
0.389374 0.039812 0.048666 0.026196 0.002018 0.487459 0.006475 1.667233
0.392848 0.038584 0.047844 0.025627 0.002002 0.486591 0.006503 1.671119
0.396334 0.037501 0.046874 0.025091 0.001992 0.485682 0.006526 1.674876
0.399853 0.036569 0.045841 0.024526 0.001980 0.484672 0.006558 1.678466
0.403254 0.035746 0.044939 0.023971 0.001949 0.483554 0.006587 1.681983
0.406644 0.034813 0.044103 0.023501 0.001929 0.482399 0.006611 1.685519
0.410109 0.034056 0.043261 0.022981 0.001911 0.481051 0.006632 1.688886
0.413494 0.033355 0.042397 0.022488 0.001899 0.479709 0.006658 1.692178
0.416859 0.032696 0.041552 0.022010 0.001887 0.478313 0.006684 1.695480
0.420278 0.032099 0.040690 0.021507 0.001860 0.476860 0.006707 1.698615
0.423615 0.031513 0.039852 0.021071 0.001829 0.475389 0.006731 1.701724
0.426975 0.030984 0.039088 0.020669 0.001813 0.473719 0.006753 1.704819
0.430436 0.030529 0.038198 0.020277 0.001810 0.471982 0.006768 1.707842
0.433699 0.030148 0.037434 0.019825 0.001804 0.470304 0.006787 1.710775
0.436913 0.029817 0.036799 0.019393 0.001796 0.468477 0.006804 1.713706
0.440194 0.029475 0.036133 0.019018 0.001759 0.466590 0.006833 1.716619
0.443253 0.029149 0.035531 0.018662 0.001751 0.464796 0.006858 1.719568
0.446437 0.028835 0.034880 0.018344 0.001718 0.462902 0.006883 1.722450
0.449761 0.028508 0.034230 0.017987 0.001707 0.460903 0.006904 1.725306
0.452894 0.028327 0.033612 0.017649 0.001685 0.458908 0.006926 1.728109
0.456076 0.028112 0.033058 0.017387 0.001663 0.456748 0.006956 1.730907
0.459239 0.027941 0.032552 0.017045 0.001648 0.454596 0.006979 1.733658
0.462326 0.027908 0.031935 0.016781 0.001626 0.452419 0.007005 1.736304
0.465169 0.027780 0.031576 0.016526 0.001602 0.450319 0.007028 1.739099
0.468190 0.027649 0.031122 0.016283 0.001572 0.448136 0.007049 1.741799
0.471197 0.027536 0.030732 0.016089 0.001541 0.445832 0.007075 1.744524
0.474045 0.027517 0.030291 0.015844 0.001530 0.443678 0.007096 1.747176
0.476958 0.027491 0.029885 0.015682 0.001505 0.441364 0.007115 1.749839
0.479771 0.027484 0.029493 0.015490 0.001478 0.439146 0.007138 1.752531
0.482601 0.027454 0.029155 0.015355 0.001454 0.436822 0.007158 1.755214
0.485406 0.027391 0.028838 0.015203 0.001426 0.434552 0.007183 1.757882
0.488198 0.027296 0.028623 0.015065 0.001410 0.432209 0.007200 1.760640
0.491061 0.027217 0.028371 0.014947 0.001391 0.429798 0.007216 1.763327
0.493729 0.027167 0.028172 0.014807 0.001366 0.427525 0.007235 1.766048
0.496425 0.027130 0.027897 0.014618 0.001352 0.425328 0.007249 1.768721
0.499055 0.027080 0.027733 0.014534 0.001344 0.422992 0.007263 1.771449
0.501624 0.027146 0.027522 0.014453 0.001317 0.420654 0.007285 1.774097
0.504212 0.027140 0.027279 0.014341 0.001309 0.418415 0.007304 1.776770
0.506766 0.027131 0.027121 0.014244 0.001288 0.416126 0.007324 1.779458
0.509063 0.027235 0.026928 0.014143 0.001271 0.414018 0.007342 1.782152
0.511533 0.027383 0.026678 0.014042 0.001262 0.411742 0.007361 1.784763
0.513849 0.027462 0.026585 0.013962 0.001243 0.409523 0.007376 1.787449
0.516266 0.027489 0.026519 0.013859 0.001225 0.407253 0.007391 1.790179
0.518570 0.027614 0.026393 0.013807 0.001220 0.404992 0.007405 1.792848
0.520709 0.027679 0.026264 0.013773 0.001200 0.402955 0.007421 1.795609
0.522951 0.027711 0.026120 0.013742 0.001188 0.400852 0.007437 1.798354
0.525192 0.027742 0.026026 0.013607 0.001180 0.398802 0.007450 1.801096
0.527409 0.027804 0.026024 0.013544 0.001173 0.396587 0.007459 1.803833
0.529605 0.027896 0.025938 0.013582 0.001153 0.394351 0.007477 1.806551
0.531552 0.028061 0.025832 0.013548 0.001143 0.392371 0.007494 1.809303
0.533524 0.028160 0.025783 0.013559 0.001135 0.390336 0.007505 1.812095
0.535547 0.028279 0.025682 0.013550 0.001122 0.388300 0.007521 1.814845
0.537530 0.028390 0.025674 0.013551 0.001107 0.386211 0.007537 1.817635
0.539435 0.028490 0.025703 0.013514 0.001094 0.384215 0.007550 1.820435
0.541286 0.028546 0.025749 0.013532 0.001084 0.382238 0.007566 1.823305
0.543164 0.028670 0.025777 0.013526 0.001076 0.380209 0.007579 1.826150
0.544971 0.028766 0.025833 0.013599 0.001063 0.378171 0.007598 1.829041
0.546707 0.028942 0.025840 0.013552 0.001046 0.376301 0.007612 1.831849
0.548410 0.029058 0.025939 0.013517 0.001037 0.374419 0.007621 1.834750
0.550043 0.029097 0.025960 0.013585 0.001021 0.372656 0.007638 1.837689
0.551606 0.029372 0.025915 0.013543 0.001006 0.370910 0.007649 1.840476
0.553176 0.029559 0.025897 0.013560 0.001003 0.369143 0.007663 1.843353
0.554755 0.029667 0.025956 0.013639 0.000999 0.367313 0.007671 1.846292
0.556199 0.029745 0.026091 0.013639 0.000982 0.365662 0.007683 1.849291
0.557604 0.029965 0.026100 0.013689 0.000975 0.363974 0.007693 1.852202
0.558971 0.030099 0.026255 0.013720 0.000979 0.362277 0.007700 1.855177
0.560415 0.030265 0.026263 0.013734 0.000979 0.360631 0.007713 1.858127
0.561725 0.030380 0.026373 0.013775 0.000966 0.359052 0.007730 1.861169
0.563150 0.030468 0.026513 0.013775 0.000967 0.357384 0.007744 1.864176
0.564332 0.030690 0.026567 0.013782 0.000966 0.355899 0.007763 1.867146
0.565535 0.030779 0.026675 0.013863 0.000963 0.354407 0.007777 1.870244
0.566952 0.030815 0.026754 0.013899 0.000962 0.352831 0.007789 1.873276
0.568205 0.031022 0.026884 0.013906 0.000961 0.351223 0.007801 1.876258
0.569546 0.031142 0.026894 0.013967 0.000956 0.349682 0.007814 1.879261
0.570618 0.031360 0.026944 0.014069 0.000958 0.348228 0.007822 1.882335
0.571694 0.031483 0.027094 0.014103 0.000950 0.346839 0.007837 1.885450
0.572788 0.031615 0.027252 0.014176 0.000954 0.345370 0.007845 1.888578
0.573970 0.031698 0.027346 0.014201 0.000954 0.343972 0.007858 1.891684
0.575017 0.031803 0.027407 0.014213 0.000942 0.342748 0.007869 1.894756
0.576015 0.031986 0.027517 0.014268 0.000930 0.341404 0.007880 1.897871
0.577022 0.032102 0.027615 0.014323 0.000919 0.340129 0.007891 1.901014
0.577972 0.032254 0.027685 0.014371 0.000929 0.338885 0.007905 1.904111
0.578889 0.032421 0.027761 0.014460 0.000929 0.337625 0.007917 1.907280
0.579796 0.032539 0.027833 0.014487 0.000916 0.336498 0.007930 1.910470
0.580771 0.032601 0.027939 0.014579 0.000916 0.335255 0.007940 1.913678
0.581782 0.032675 0.028034 0.014640 0.000922 0.333998 0.007950 1.916881
0.582621 0.032686 0.028151 0.014726 0.000923 0.332933 0.007960 1.920164
0.583429 0.032826 0.028286 0.014759 0.000930 0.331800 0.007970 1.923347
0.584205 0.033002 0.028302 0.014852 0.000927 0.330729 0.007982 1.926545
0.585048 0.033075 0.028452 0.014902 0.000922 0.329607 0.007994 1.929766
0.585831 0.033175 0.028566 0.014966 0.000915 0.328539 0.008010 1.933029
0.586458 0.033261 0.028736 0.014979 0.000914 0.327634 0.008018 1.936323
0.587048 0.033395 0.028851 0.015089 0.000909 0.326679 0.008028 1.939625
0.587742 0.033453 0.028930 0.015169 0.000914 0.325748 0.008043 1.942924
0.588431 0.033590 0.028980 0.015157 0.000924 0.324866 0.008054 1.946183
0.589073 0.033637 0.029164 0.015222 0.000928 0.323912 0.008064 1.949537
0.589734 0.033729 0.029213 0.015287 0.000935 0.323028 0.008073 1.952847
0.590433 0.033715 0.029332 0.015374 0.000929 0.322134 0.008083 1.956215
0.591132 0.033802 0.029416 0.015417 0.000938 0.321202 0.008093 1.959551
0.591741 0.033803 0.029468 0.015421 0.000940 0.320525 0.008103 1.962900
0.592393 0.033852 0.029549 0.015488 0.000953 0.319652 0.008114 1.966222
0.592965 0.033861 0.029638 0.015534 0.000952 0.318916 0.008133 1.969620
0.593549 0.033896 0.029680 0.015585 0.000949 0.318197 0.008144 1.972926
0.594159 0.033966 0.029746 0.015586 0.000960 0.317428 0.008155 1.976248
0.594722 0.034000 0.029804 0.015628 0.000960 0.316721 0.008165 1.979599
0.595235 0.034020 0.029896 0.015633 0.000972 0.316066 0.008176 1.982971
0.595934 0.034029 0.029912 0.015662 0.000976 0.315303 0.008184 1.986268
0.596475 0.034092 0.030009 0.015709 0.000984 0.314536 0.008195 1.989620
0.597026 0.034164 0.030051 0.015741 0.000970 0.313836 0.008211 1.992949
0.597528 0.034286 0.030084 0.015756 0.000961 0.313163 0.008221 1.996247
0.598007 0.034370 0.030141 0.015769 0.000962 0.312521 0.008230 1.999596
0.598520 0.034434 0.030106 0.015786 0.000951 0.311959 0.008243 2.002917
0.598992 0.034543 0.030088 0.015836 0.000954 0.311334 0.008254 2.006267
0.599562 0.034431 0.030114 0.015864 0.000955 0.310806 0.008269 2.009660
0.600132 0.034362 0.030177 0.015914 0.000954 0.310181 0.008280 2.013089
0.600633 0.034436 0.030162 0.015928 0.000959 0.309584 0.008299 2.016369
0.601072 0.034523 0.030185 0.015914 0.000965 0.309028 0.008313 2.019714
0.601468 0.034593 0.030287 0.015880 0.000976 0.308474 0.008321 2.023082
0.601843 0.034698 0.030316 0.015869 0.000975 0.307969 0.008329 2.026416
0.602145 0.034719 0.030392 0.015937 0.000969 0.307492 0.008345 2.029835
0.602596 0.034670 0.030431 0.015995 0.000967 0.306984 0.008357 2.033259
0.602969 0.034615 0.030535 0.016001 0.000976 0.306537 0.008367 2.036684
0.603471 0.034537 0.030586 0.015995 0.000982 0.306049 0.008381 2.040115
0.603968 0.034517 0.030633 0.016029 0.000985 0.305473 0.008394 2.043526
0.604402 0.034492 0.030770 0.016066 0.000983 0.304877 0.008410 2.046955
0.604782 0.034600 0.030679 0.016037 0.000986 0.304495 0.008420 2.050270
0.605195 0.034632 0.030665 0.016035 0.000991 0.304051 0.008431 2.053656
0.605631 0.034552 0.030726 0.016090 0.000994 0.303567 0.008439 2.057065
0.606018 0.034580 0.030700 0.016145 0.001001 0.303103 0.008455 2.060440
0.606482 0.034573 0.030760 0.016112 0.001004 0.302602 0.008465 2.063774
0.606844 0.034670 0.030728 0.016091 0.001011 0.302178 0.008478 2.067102
0.607388 0.034567 0.030785 0.016042 0.001020 0.301707 0.008491 2.070507
0.607845 0.034417 0.030885 0.016054 0.001016 0.301278 0.008504 2.073967
0.608289 0.034432 0.030855 0.016063 0.001027 0.300817 0.008516 2.077299
0.608821 0.034314 0.030887 0.016057 0.001025 0.300368 0.008528 2.080701
0.609246 0.034230 0.030973 0.016090 0.001023 0.299895 0.008543 2.084128
0.609626 0.034150 0.030992 0.016078 0.001024 0.299576 0.008554 2.087545
0.609998 0.034135 0.031015 0.016082 0.001029 0.299174 0.008567 2.090931
0.610423 0.034036 0.030997 0.016095 0.001033 0.298835 0.008580 2.094345
0.610819 0.034064 0.030995 0.016074 0.001035 0.298418 0.008594 2.097676
0.611305 0.033979 0.030944 0.016157 0.001027 0.297984 0.008605 2.101047
0.611706 0.033981 0.030931 0.016154 0.001027 0.297581 0.008619 2.104358
0.612057 0.034046 0.030877 0.016140 0.001018 0.297231 0.008630 2.107644
0.612426 0.033992 0.030945 0.016123 0.001026 0.296847 0.008642 2.111009
0.612822 0.034087 0.030960 0.016034 0.001019 0.296423 0.008655 2.114298
0.613311 0.033932 0.030953 0.016013 0.001018 0.296101 0.008671 2.117662
0.613627 0.033918 0.030885 0.016026 0.001022 0.295837 0.008684 2.120991
0.613993 0.033899 0.030834 0.016038 0.001016 0.295521 0.008699 2.124296
0.614378 0.033930 0.030837 0.015972 0.001024 0.295146 0.008712 2.127593
0.614678 0.033974 0.030835 0.015966 0.001017 0.294804 0.008726 2.130928
0.615062 0.033966 0.030800 0.015942 0.001017 0.294473 0.008739 2.134259
0.615360 0.033872 0.030847 0.015938 0.001009 0.294220 0.008753 2.137645
0.615679 0.033792 0.030881 0.015938 0.001017 0.293930 0.008764 2.141020
0.616043 0.033725 0.030842 0.015967 0.001029 0.293622 0.008774 2.144357
0.616437 0.033713 0.030774 0.015935 0.001030 0.293322 0.008788 2.147682
0.616838 0.033650 0.030766 0.015925 0.001029 0.292990 0.008803 2.151041
0.617220 0.033592 0.030757 0.015994 0.001038 0.292586 0.008813 2.154377
0.617586 0.033518 0.030729 0.015984 0.001034 0.292320 0.008830 2.157698
0.617986 0.033519 0.030657 0.015963 0.001025 0.292007 0.008844 2.160959
0.618335 0.033581 0.030657 0.016006 0.001024 0.291539 0.008858 2.164230
0.618644 0.033522 0.030727 0.015978 0.001018 0.291243 0.008870 2.167556
0.618938 0.033527 0.030700 0.015965 0.001024 0.290967 0.008880 2.170879
0.619284 0.033465 0.030652 0.015927 0.001031 0.290748 0.008894 2.174174
0.619553 0.033417 0.030678 0.015921 0.001026 0.290498 0.008906 2.177484
0.619919 0.033411 0.030618 0.015854 0.001036 0.290245 0.008917 2.180684
0.620272 0.033430 0.030556 0.015870 0.001035 0.289906 0.008932 2.183925
0.620494 0.033472 0.030537 0.015855 0.001031 0.289667 0.008946 2.187213
0.620852 0.033484 0.030559 0.015790 0.001034 0.289324 0.008958 2.190465
0.621265 0.033452 0.030510 0.015797 0.001033 0.288971 0.008971 2.193763
0.621581 0.033419 0.030504 0.015775 0.001034 0.288705 0.008983 2.197034
0.621944 0.033388 0.030506 0.015776 0.001042 0.288351 0.008994 2.200344
0.622167 0.033396 0.030472 0.015744 0.001045 0.288169 0.009008 2.203612
0.622576 0.033431 0.030544 0.015719 0.001038 0.287670 0.009023 2.206889
0.622936 0.033421 0.030500 0.015698 0.001038 0.287370 0.009037 2.210169
0.623287 0.033429 0.030454 0.015649 0.001031 0.287100 0.009050 2.213375
0.623598 0.033479 0.030400 0.015668 0.001027 0.286764 0.009064 2.216621
0.624007 0.033413 0.030470 0.015623 0.001029 0.286380 0.009078 2.219912
0.624417 0.033340 0.030483 0.015645 0.001031 0.286000 0.009085 2.223209
0.624709 0.033312 0.030429 0.015676 0.001027 0.285749 0.009099 2.226480
0.625130 0.033201 0.030419 0.015676 0.001023 0.285433 0.009119 2.229794
0.625475 0.033232 0.030278 0.015643 0.001029 0.285210 0.009133 2.232994
0.625805 0.033216 0.030203 0.015675 0.001037 0.284922 0.009143 2.236254
0.626057 0.033260 0.030228 0.015644 0.001032 0.284620 0.009158 2.239537
0.626301 0.033312 0.030217 0.015647 0.001025 0.284325 0.009173 2.242767
0.626536 0.033436 0.030232 0.015536 0.001035 0.284040 0.009185 2.246012
0.626831 0.033397 0.030222 0.015577 0.001022 0.283748 0.009202 2.249327
0.627223 0.033374 0.030213 0.015532 0.001019 0.283428 0.009210 2.252600
0.627516 0.033349 0.030194 0.015489 0.001023 0.283205 0.009225 2.255891
0.627777 0.033291 0.030246 0.015520 0.001026 0.282902 0.009238 2.259227
0.628060 0.033329 0.030183 0.015522 0.001023 0.282634 0.009248 2.262490
0.628350 0.033324 0.030185 0.015513 0.001023 0.282344 0.009262 2.265761
0.628626 0.033316 0.030203 0.015485 0.001020 0.282076 0.009274 2.269027
0.628937 0.033354 0.030231 0.015438 0.001010 0.281740 0.009292 2.272250
0.629189 0.033367 0.030273 0.015407 0.001017 0.281443 0.009303 2.275536
0.629427 0.033314 0.030300 0.015458 0.001013 0.281173 0.009314 2.278911
0.629700 0.033324 0.030252 0.015427 0.001019 0.280953 0.009324 2.282125
0.629938 0.033312 0.030241 0.015422 0.001024 0.280726 0.009337 2.285425
0.630108 0.033392 0.030206 0.015411 0.001021 0.280514 0.009348 2.288666
0.630429 0.033389 0.030195 0.015411 0.001010 0.280204 0.009363 2.291910
0.630539 0.033438 0.030209 0.015391 0.001018 0.280033 0.009373 2.295198
0.630725 0.033474 0.030214 0.015418 0.001024 0.279758 0.009387 2.298492
0.630930 0.033468 0.030231 0.015394 0.001038 0.279544 0.009397 2.301777
0.631098 0.033470 0.030307 0.015412 0.001027 0.279275 0.009411 2.305063
0.631352 0.033439 0.030311 0.015438 0.001012 0.279024 0.009424 2.308322
0.631530 0.033405 0.030356 0.015516 0.001004 0.278754 0.009435 2.311684
0.631788 0.033328 0.030370 0.015556 0.000998 0.278516 0.009444 2.314992
0.631895 0.033336 0.030409 0.015530 0.000997 0.278377 0.009458 2.318309
0.632131 0.033291 0.030442 0.015538 0.001000 0.278126 0.009472 2.321609
0.632296 0.033293 0.030425 0.015505 0.001002 0.277994 0.009485 2.324869
0.632483 0.033320 0.030445 0.015481 0.001006 0.277766 0.009500 2.328138
0.632766 0.033233 0.030415 0.015544 0.001010 0.277521 0.009512 2.331466
0.633044 0.033337 0.030364 0.015551 0.001016 0.277163 0.009524 2.334687
0.633166 0.033439 0.030325 0.015564 0.001024 0.276951 0.009531 2.337957
0.633342 0.033435 0.030330 0.015556 0.001022 0.276768 0.009546 2.341247
0.633563 0.033468 0.030370 0.015515 0.001019 0.276508 0.009557 2.344508
0.633725 0.033480 0.030359 0.015521 0.001018 0.276328 0.009570 2.347775
0.633920 0.033503 0.030349 0.015525 0.001019 0.276101 0.009583 2.351036
0.634083 0.033538 0.030257 0.015526 0.001012 0.275990 0.009594 2.354310
0.634172 0.033547 0.030220 0.015573 0.001024 0.275857 0.009606 2.357595
0.634400 0.033543 0.030206 0.015533 0.001026 0.275672 0.009619 2.360802
0.634548 0.033629 0.030158 0.015530 0.001026 0.275478 0.009630 2.364025
0.634745 0.033639 0.030122 0.015528 0.001014 0.275306 0.009646 2.367282
0.634854 0.033544 0.030259 0.015486 0.001017 0.275182 0.009658 2.370659
0.635040 0.033514 0.030245 0.015515 0.001027 0.274991 0.009668 2.373954
0.635190 0.033460 0.030244 0.015559 0.001019 0.274844 0.009683 2.377284
0.635339 0.033492 0.030242 0.015534 0.001019 0.274682 0.009692 2.380549
0.635419 0.033479 0.030240 0.015506 0.001008 0.274639 0.009709 2.383823
0.635621 0.033518 0.030149 0.015519 0.001000 0.274469 0.009723 2.387031
0.635756 0.033509 0.030240 0.015499 0.000998 0.274262 0.009734 2.390321
0.635842 0.033507 0.030274 0.015523 0.000982 0.274124 0.009748 2.393657
0.635917 0.033499 0.030327 0.015596 0.000976 0.273926 0.009760 2.396964
0.636029 0.033485 0.030332 0.015555 0.000971 0.273855 0.009773 2.400307
0.636279 0.033483 0.030304 0.015568 0.000978 0.273601 0.009788 2.403576
0.636595 0.033448 0.030298 0.015563 0.000978 0.273319 0.009799 2.406830
0.636712 0.033438 0.030302 0.015580 0.000971 0.273186 0.009811 2.410109
0.636753 0.033416 0.030360 0.015661 0.000972 0.273012 0.009825 2.413421
0.636805 0.033491 0.030338 0.015649 0.000975 0.272904 0.009838 2.416673
0.636876 0.033546 0.030352 0.015606 0.000979 0.272792 0.009850 2.419953
0.637101 0.033508 0.030305 0.015603 0.000963 0.272657 0.009864 2.423185
0.637201 0.033516 0.030359 0.015608 0.000964 0.272477 0.009877 2.426501
0.637335 0.033465 0.030377 0.015610 0.000969 0.272357 0.009889 2.429798
0.637415 0.033470 0.030369 0.015653 0.000969 0.272222 0.009901 2.433115
0.637576 0.033469 0.030369 0.015629 0.000963 0.272081 0.009913 2.436433
0.637731 0.033467 0.030286 0.015599 0.000961 0.272031 0.009925 2.439676
0.637806 0.033577 0.030245 0.015626 0.000965 0.271846 0.009935 2.442939
0.637912 0.033610 0.030296 0.015588 0.000966 0.271679 0.009950 2.446233
0.638021 0.033640 0.030312 0.015646 0.000960 0.271457 0.009963 2.449500
0.638112 0.033666 0.030322 0.015667 0.000967 0.271292 0.009974 2.452790
0.638118 0.033740 0.030277 0.015664 0.000964 0.271255 0.009983 2.456037
0.638111 0.033735 0.030345 0.015685 0.000968 0.271160 0.009997 2.459376
0.638257 0.033711 0.030300 0.015671 0.000964 0.271086 0.010012 2.462631
0.638393 0.033716 0.030322 0.015638 0.000957 0.270948 0.010027 2.465909
0.638392 0.033769 0.030357 0.015628 0.000960 0.270861 0.010035 2.469183
0.638472 0.033775 0.030367 0.015654 0.000961 0.270726 0.010046 2.472490
0.638571 0.033753 0.030413 0.015693 0.000965 0.270553 0.010052 2.475786
0.638700 0.033743 0.030376 0.015716 0.000964 0.270437 0.010065 2.479055
0.638749 0.033782 0.030349 0.015688 0.000979 0.270378 0.010076 2.482338
0.638876 0.033710 0.030377 0.015698 0.000985 0.270266 0.010088 2.485719
0.638875 0.033720 0.030362 0.015730 0.000984 0.270227 0.010103 2.489052
0.639001 0.033671 0.030370 0.015748 0.000979 0.270110 0.010121 2.492369
0.639058 0.033539 0.030462 0.015787 0.000991 0.270033 0.010129 2.495803
0.638975 0.033545 0.030535 0.015828 0.000982 0.269990 0.010144 2.499155
0.638995 0.033527 0.030608 0.015830 0.000982 0.269903 0.010155 2.502469
0.639164 0.033579 0.030458 0.015820 0.000977 0.269832 0.010171 2.505685
0.639241 0.033552 0.030506 0.015811 0.000977 0.269729 0.010183 2.509024
0.639287 0.033591 0.030438 0.015778 0.000975 0.269739 0.010193 2.512302
0.639481 0.033545 0.030447 0.015836 0.000977 0.269512 0.010203 2.515589
0.639537 0.033538 0.030349 0.015854 0.000970 0.269537 0.010214 2.518841
0.639525 0.033546 0.030307 0.015888 0.000962 0.269544 0.010228 2.522155
0.639632 0.033594 0.030252 0.015854 0.000964 0.269468 0.010236 2.525411
0.639744 0.033601 0.030251 0.015824 0.000957 0.269373 0.010250 2.528710
0.639863 0.033496 0.030351 0.015834 0.000957 0.269240 0.010260 2.532081
0.639976 0.033481 0.030377 0.015766 0.000958 0.269166 0.010275 2.535349
0.640021 0.033546 0.030350 0.015724 0.000955 0.269121 0.010284 2.538598
0.640112 0.033494 0.030345 0.015747 0.000953 0.269052 0.010297 2.541934
0.640259 0.033434 0.030400 0.015706 0.000943 0.268946 0.010313 2.545243
0.640338 0.033442 0.030340 0.015693 0.000941 0.268919 0.010327 2.548489
0.640446 0.033447 0.030385 0.015686 0.000948 0.268750 0.010339 2.551776
0.640422 0.033527 0.030284 0.015702 0.000944 0.268769 0.010353 2.555024
0.640427 0.033514 0.030292 0.015695 0.000941 0.268771 0.010362 2.558331
0.640436 0.033573 0.030266 0.015680 0.000947 0.268731 0.010367 2.561593
0.640504 0.033689 0.030247 0.015638 0.000949 0.268591 0.010382 2.564836
0.640577 0.033702 0.030298 0.015649 0.000952 0.268431 0.010391 2.568160
0.640603 0.033683 0.030341 0.015670 0.000967 0.268331 0.010405 2.571495
0.640642 0.033696 0.030385 0.015605 0.000978 0.268280 0.010416 2.574786
0.640640 0.033777 0.030416 0.015544 0.000979 0.268214 0.010429 2.578084
0.640658 0.033722 0.030399 0.015562 0.000987 0.268233 0.010440 2.581445
0.640644 0.033755 0.030427 0.015502 0.000989 0.268230 0.010452 2.584718
0.640664 0.033815 0.030410 0.015531 0.000991 0.268126 0.010462 2.588021
0.640707 0.033795 0.030362 0.015509 0.000996 0.268158 0.010473 2.591358
0.640857 0.033802 0.030366 0.015503 0.000994 0.267993 0.010485 2.594624
0.640875 0.033760 0.030468 0.015534 0.001003 0.267864 0.010496 2.597969
0.640869 0.033809 0.030451 0.015499 0.001007 0.267857 0.010508 2.601266
0.640939 0.033782 0.030433 0.015513 0.001012 0.267799 0.010523 2.604608
0.641074 0.033699 0.030425 0.015591 0.001002 0.267669 0.010538 2.607967
0.641094 0.033742 0.030468 0.015554 0.000997 0.267586 0.010560 2.611253
0.641070 0.033752 0.030470 0.015610 0.000994 0.267531 0.010572 2.614576
0.641174 0.033774 0.030413 0.015643 0.000992 0.267419 0.010585 2.617874
0.641199 0.033723 0.030439 0.015621 0.000994 0.267426 0.010597 2.621190
0.641138 0.033800 0.030444 0.015625 0.000988 0.267394 0.010611 2.624486
0.641259 0.033700 0.030433 0.015627 0.000983 0.267371 0.010626 2.627819
0.641354 0.033701 0.030540 0.015596 0.000981 0.267192 0.010637 2.631143
0.641434 0.033738 0.030512 0.015567 0.000979 0.267125 0.010647 2.634390
0.641576 0.033730 0.030463 0.015604 0.000972 0.266996 0.010659 2.637674
0.641586 0.033838 0.030470 0.015592 0.000984 0.266858 0.010673 2.640913
0.641557 0.033828 0.030531 0.015584 0.000975 0.266839 0.010687 2.644199
0.641537 0.033872 0.030571 0.015591 0.000962 0.266767 0.010701 2.647470
0.641575 0.033818 0.030570 0.015623 0.000952 0.266749 0.010715 2.650827
0.641613 0.033849 0.030527 0.015663 0.000953 0.266672 0.010723 2.654102
0.641704 0.033859 0.030513 0.015670 0.000953 0.266572 0.010729 2.657380
0.641819 0.033806 0.030564 0.015696 0.000963 0.266413 0.010740 2.660709
0.641880 0.033795 0.030586 0.015769 0.000962 0.266258 0.010750 2.664015
0.641911 0.033770 0.030573 0.015803 0.000962 0.266221 0.010761 2.667358
0.641957 0.033702 0.030616 0.015802 0.000961 0.266192 0.010771 2.670719
0.641997 0.033643 0.030615 0.015831 0.000963 0.266165 0.010788 2.674066
0.642064 0.033641 0.030578 0.015829 0.000961 0.266125 0.010802 2.677351
0.642016 0.033617 0.030549 0.015875 0.000959 0.266172 0.010813 2.680644
0.642018 0.033695 0.030520 0.015859 0.000970 0.266116 0.010823 2.683894
0.641897 0.033822 0.030523 0.015815 0.000958 0.266147 0.010838 2.687170
0.641858 0.033890 0.030445 0.015793 0.000953 0.266211 0.010851 2.690440
0.641962 0.033776 0.030507 0.015801 0.000952 0.266138 0.010864 2.693818
0.641894 0.033786 0.030516 0.015786 0.000957 0.266187 0.010875 2.697107
0.642000 0.033717 0.030506 0.015756 0.000958 0.266175 0.010889 2.700440
0.642077 0.033791 0.030465 0.015720 0.000945 0.266105 0.010896 2.703657
0.642168 0.033808 0.030523 0.015640 0.000942 0.266012 0.010907 2.706958
0.642202 0.033752 0.030596 0.015636 0.000942 0.265953 0.010920 2.710281
0.642288 0.033728 0.030596 0.015603 0.000929 0.265924 0.010932 2.713560
0.642405 0.033603 0.030585 0.015619 0.000928 0.265914 0.010946 2.716918
0.642377 0.033609 0.030585 0.015611 0.000925 0.265938 0.010956 2.720219
0.642449 0.033631 0.030559 0.015576 0.000932 0.265886 0.010967 2.723473
0.642368 0.033685 0.030584 0.015550 0.000932 0.265901 0.010980 2.726748
0.642225 0.033762 0.030640 0.015561 0.000941 0.265880 0.010991 2.730056
0.642205 0.033839 0.030649 0.015540 0.000944 0.265826 0.010996 2.733327
0.642207 0.033754 0.030625 0.015560 0.000943 0.265900 0.011010 2.736662
0.642221 0.033792 0.030579 0.015611 0.000939 0.265832 0.011026 2.739976
0.642266 0.033791 0.030582 0.015658 0.000936 0.265728 0.011040 2.743353
0.642331 0.033791 0.030620 0.015683 0.000943 0.265582 0.011050 2.746721
0.642295 0.033839 0.030526 0.015699 0.000940 0.265637 0.011063 2.749973
0.642341 0.033945 0.030467 0.015664 0.000939 0.265570 0.011075 2.753177
0.642399 0.034025 0.030456 0.015620 0.000929 0.265482 0.011089 2.756435
0.642348 0.034016 0.030460 0.015667 0.000935 0.265474 0.011100 2.759779
0.642328 0.033992 0.030499 0.015684 0.000930 0.265453 0.011114 2.763126
0.642342 0.033980 0.030543 0.015727 0.000930 0.265354 0.011125 2.766478
0.642282 0.033961 0.030547 0.015739 0.000934 0.265402 0.011136 2.769825
0.642250 0.033981 0.030517 0.015828 0.000933 0.265342 0.011149 2.773136
0.642209 0.033983 0.030546 0.015807 0.000934 0.265358 0.011164 2.776481
0.642262 0.033988 0.030562 0.015798 0.000935 0.265280 0.011177 2.779799
0.642168 0.034054 0.030614 0.015790 0.000942 0.265246 0.011186 2.783114
0.642165 0.034047 0.030673 0.015833 0.000938 0.265138 0.011207 2.786455
0.642175 0.034060 0.030698 0.015811 0.000943 0.265093 0.011220 2.789782
0.642199 0.034064 0.030702 0.015808 0.000947 0.265052 0.011229 2.793104
0.642226 0.034001 0.030650 0.015875 0.000950 0.265062 0.011236 2.796504
0.642263 0.033940 0.030673 0.015855 0.000951 0.265068 0.011251 2.799812
0.642265 0.033965 0.030655 0.015846 0.000950 0.265049 0.011269 2.803132
0.642269 0.034015 0.030591 0.015844 0.000959 0.265044 0.011279 2.806424
0.642370 0.033942 0.030592 0.015821 0.000955 0.265029 0.011290 2.809732
0.642377 0.033862 0.030611 0.015799 0.000954 0.265091 0.011305 2.813106
0.642409 0.033874 0.030677 0.015784 0.000959 0.264982 0.011315 2.816433
0.642395 0.033913 0.030662 0.015738 0.000970 0.264993 0.011328 2.819722
0.642470 0.033938 0.030569 0.015722 0.000960 0.264999 0.011343 2.823012
0.642387 0.033935 0.030611 0.015715 0.000955 0.265042 0.011356 2.826321
0.642373 0.033947 0.030615 0.015748 0.000955 0.264991 0.011372 2.829609
0.642378 0.033969 0.030598 0.015709 0.000963 0.264997 0.011385 2.832897
0.642467 0.033830 0.030606 0.015745 0.000956 0.264997 0.011398 2.836260
0.642361 0.033922 0.030553 0.015757 0.000959 0.265038 0.011410 2.839541
0.642348 0.033856 0.030516 0.015737 0.000967 0.265155 0.011421 2.842857
0.642280 0.033945 0.030438 0.015732 0.000968 0.265207 0.011432 2.846128
0.642157 0.033976 0.030497 0.015749 0.000967 0.265211 0.011444 2.849463
0.642168 0.033982 0.030520 0.015728 0.000959 0.265185 0.011458 2.852757
0.642106 0.034001 0.030476 0.015759 0.000968 0.265218 0.011472 2.856070
0.642088 0.033978 0.030499 0.015738 0.000969 0.265245 0.011484 2.859441
0.642051 0.033919 0.030524 0.015720 0.000957 0.265326 0.011502 2.862757
0.642092 0.033911 0.030480 0.015721 0.000957 0.265329 0.011510 2.866051
0.642160 0.033934 0.030475 0.015681 0.000958 0.265270 0.011522 2.869319
0.642153 0.033986 0.030444 0.015655 0.000960 0.265270 0.011531 2.872588
0.642246 0.033936 0.030560 0.015641 0.000966 0.265108 0.011543 2.875955
0.642181 0.033970 0.030561 0.015629 0.000957 0.265140 0.011562 2.879263
0.642240 0.033949 0.030593 0.015610 0.000965 0.265070 0.011573 2.882585
0.642288 0.033833 0.030647 0.015653 0.000967 0.265025 0.011589 2.885981
0.642350 0.033846 0.030647 0.015670 0.000966 0.264914 0.011609 2.889275
0.642350 0.033768 0.030670 0.015647 0.000969 0.264976 0.011621 2.892619
0.642412 0.033671 0.030707 0.015663 0.000975 0.264939 0.011635 2.895963
0.642458 0.033635 0.030664 0.015661 0.000985 0.264954 0.011645 2.899259
0.642370 0.033647 0.030620 0.015674 0.000978 0.265052 0.011658 2.902553
0.642515 0.033557 0.030563 0.015675 0.000980 0.265037 0.011673 2.905833
0.642559 0.033475 0.030595 0.015718 0.000980 0.264989 0.011684 2.909164
0.642643 0.033455 0.030621 0.015738 0.000982 0.264866 0.011695 2.912452
0.642711 0.033361 0.030629 0.015720 0.000970 0.264902 0.011707 2.915761
0.642717 0.033432 0.030607 0.015656 0.000969 0.264900 0.011718 2.918988
0.642730 0.033349 0.030647 0.015656 0.000971 0.264916 0.011730 2.922328
0.642705 0.033373 0.030659 0.015657 0.000965 0.264897 0.011744 2.925626
0.642673 0.033365 0.030696 0.015678 0.000973 0.264860 0.011755 2.928953
0.642742 0.033277 0.030730 0.015683 0.000972 0.264826 0.011771 2.932299
0.642840 0.033181 0.030778 0.015720 0.000975 0.264728 0.011778 2.935622
0.642812 0.033151 0.030768 0.015725 0.000983 0.264768 0.011792 2.938939
0.642707 0.033238 0.030717 0.015742 0.000985 0.264808 0.011803 2.942200
0.642728 0.033201 0.030774 0.015686 0.000983 0.264815 0.011813 2.945482
0.642778 0.033161 0.030823 0.015653 0.000970 0.264785 0.011831 2.948768
0.642860 0.033188 0.030763 0.015647 0.000965 0.264731 0.011846 2.952053
0.642908 0.033221 0.030737 0.015643 0.000970 0.264665 0.011857 2.955313
0.642900 0.033314 0.030607 0.015611 0.000971 0.264731 0.011866 2.958509
0.642913 0.033270 0.030554 0.015611 0.000976 0.264801 0.011877 2.961829
0.642907 0.033295 0.030565 0.015550 0.000983 0.264814 0.011886 2.965066
0.642963 0.033335 0.030554 0.015519 0.000992 0.264736 0.011900 2.968295
0.643004 0.033315 0.030472 0.015567 0.001002 0.264730 0.011911 2.971579
0.643055 0.033235 0.030435 0.015609 0.000999 0.264743 0.011924 2.974928
0.643010 0.033307 0.030410 0.015630 0.000994 0.264714 0.011935 2.978190
0.643017 0.033323 0.030393 0.015611 0.000991 0.264719 0.011947 2.981453
0.642974 0.033280 0.030442 0.015633 0.000990 0.264721 0.011961 2.984785
0.643026 0.033333 0.030418 0.015586 0.000987 0.264678 0.011973 2.988005
0.643199 0.033164 0.030419 0.015624 0.000991 0.264616 0.011987 2.991313
0.643200 0.033162 0.030409 0.015644 0.000989 0.264598 0.012000 2.994598
0.643297 0.033079 0.030399 0.015662 0.000995 0.264557 0.012013 2.997913
0.643375 0.033038 0.030393 0.015639 0.001002 0.264526 0.012026 3.001141
0.643432 0.033000 0.030428 0.015583 0.001006 0.264517 0.012035 3.004406
0.643513 0.032857 0.030440 0.015558 0.001005 0.264578 0.012048 3.007715
0.643604 0.032790 0.030454 0.015572 0.001010 0.264513 0.012056 3.011013
0.643658 0.032835 0.030276 0.015585 0.001019 0.264558 0.012067 3.014210
0.643758 0.032897 0.030182 0.015548 0.001012 0.264525 0.012078 3.017406
0.643890 0.032964 0.030119 0.015511 0.001012 0.264417 0.012086 3.020539
0.644031 0.032978 0.030047 0.015535 0.001000 0.264306 0.012102 3.023716
0.644026 0.032987 0.030007 0.015505 0.000999 0.264359 0.012118 3.026947
0.644067 0.032989 0.030014 0.015481 0.000994 0.264325 0.012131 3.030203
0.644191 0.032988 0.029952 0.015425 0.000987 0.264316 0.012141 3.033413
0.644276 0.032947 0.029870 0.015392 0.000983 0.264380 0.012152 3.036606
0.644332 0.032885 0.029925 0.015394 0.000973 0.264323 0.012167 3.039876
0.644372 0.032877 0.029960 0.015356 0.000972 0.264283 0.012181 3.043148
0.644448 0.032896 0.029974 0.015373 0.000969 0.264151 0.012190 3.046387
0.644467 0.032886 0.029957 0.015390 0.000973 0.264124 0.012204 3.049636
0.644620 0.032836 0.029957 0.015384 0.000985 0.263999 0.012219 3.052866
0.644688 0.032892 0.029961 0.015333 0.000984 0.263908 0.012234 3.056028
0.644785 0.032834 0.029899 0.015368 0.000969 0.263896 0.012249 3.059251
0.644866 0.032792 0.029890 0.015354 0.000954 0.263882 0.012263 3.062484
0.644962 0.032718 0.029875 0.015396 0.000954 0.263823 0.012271 3.065726
0.645012 0.032770 0.029879 0.015334 0.000950 0.263769 0.012286 3.068926
0.645157 0.032734 0.029891 0.015262 0.000950 0.263711 0.012294 3.072139
0.645120 0.032875 0.029870 0.015233 0.000949 0.263647 0.012305 3.075322
0.645238 0.032950 0.029798 0.015241 0.000948 0.263506 0.012317 3.078460
0.645180 0.033051 0.029753 0.015242 0.000952 0.263491 0.012333 3.081678
0.645310 0.033021 0.029772 0.015199 0.000943 0.263411 0.012344 3.084891
0.645344 0.033071 0.029640 0.015243 0.000939 0.263403 0.012360 3.088112
0.645350 0.033065 0.029733 0.015251 0.000932 0.263298 0.012370 3.091403
0.645284 0.033130 0.029794 0.015256 0.000938 0.263217 0.012380 3.094692
0.645193 0.033236 0.029816 0.015210 0.000937 0.263221 0.012388 3.097895
0.645203 0.033260 0.029812 0.015255 0.000940 0.263128 0.012402 3.101142
0.645193 0.033270 0.029830 0.015296 0.000935 0.263063 0.012413 3.104393
0.645277 0.033265 0.029867 0.015324 0.000937 0.262904 0.012427 3.107633
0.645247 0.033320 0.029846 0.015242 0.000930 0.262974 0.012440 3.110841
0.645373 0.033226 0.030010 0.015222 0.000934 0.262782 0.012454 3.114144
0.645355 0.033252 0.030039 0.015217 0.000956 0.262716 0.012465 3.117405
0.645317 0.033240 0.030060 0.015303 0.000959 0.262644 0.012477 3.120700
0.645222 0.033237 0.030144 0.015342 0.000958 0.262608 0.012489 3.124012
0.645099 0.033244 0.030146 0.015322 0.000955 0.262730 0.012504 3.127302
0.645107 0.033310 0.030109 0.015283 0.000955 0.262723 0.012514 3.130527
0.645080 0.033309 0.030112 0.015314 0.000956 0.262703 0.012526 3.133775
0.644999 0.033359 0.030086 0.015309 0.000950 0.262761 0.012537 3.137046
0.645049 0.033341 0.030074 0.015302 0.000950 0.262731 0.012553 3.140319
0.645009 0.033382 0.030041 0.015320 0.000955 0.262727 0.012565 3.143549
0.645054 0.033338 0.030065 0.015387 0.000948 0.262631 0.012578 3.146854
0.645117 0.033349 0.030096 0.015425 0.000941 0.262480 0.012592 3.150091
0.645137 0.033307 0.030131 0.015439 0.000947 0.262437 0.012602 3.153365
0.645132 0.033268 0.030176 0.015463 0.000956 0.262395 0.012609 3.156659
0.645182 0.033189 0.030158 0.015463 0.000963 0.262427 0.012617 3.159935
0.645195 0.033133 0.030221 0.015465 0.000967 0.262394 0.012626 3.163288
0.645335 0.033078 0.030180 0.015485 0.000968 0.262315 0.012640 3.166521
0.645330 0.032979 0.030240 0.015480 0.000975 0.262349 0.012646 3.169865
0.645399 0.032976 0.030224 0.015470 0.000968 0.262305 0.012657 3.173104
0.645525 0.033029 0.030122 0.015481 0.000969 0.262206 0.012666 3.176309
0.645478 0.033100 0.030064 0.015504 0.000967 0.262208 0.012679 3.179545
0.645404 0.033102 0.030156 0.015529 0.000963 0.262151 0.012694 3.182867
0.645517 0.033145 0.030131 0.015528 0.000961 0.262011 0.012707 3.186080
0.645579 0.033184 0.030128 0.015466 0.000964 0.261959 0.012720 3.189319
0.645658 0.033194 0.030188 0.015456 0.000966 0.261807 0.012732 3.192598
0.645674 0.033252 0.030154 0.015480 0.000969 0.261723 0.012748 3.195853
0.645664 0.033343 0.030113 0.015483 0.000961 0.261674 0.012761 3.199074
0.645706 0.033406 0.030108 0.015453 0.000966 0.261591 0.012769 3.202281
0.645743 0.033329 0.030075 0.015479 0.000966 0.261629 0.012778 3.205595
0.645704 0.033484 0.030022 0.015469 0.000966 0.261566 0.012789 3.208764
0.645683 0.033443 0.030039 0.015525 0.000961 0.261546 0.012804 3.212097
0.645610 0.033498 0.030063 0.015507 0.000950 0.261554 0.012819 3.215378
0.645594 0.033453 0.029959 0.015524 0.000956 0.261682 0.012831 3.218669
0.645634 0.033351 0.030000 0.015582 0.000960 0.261632 0.012842 3.222018
0.645609 0.033369 0.030040 0.015596 0.000968 0.261567 0.012852 3.225294
0.645640 0.033321 0.030101 0.015578 0.000969 0.261524 0.012867 3.228588
0.645591 0.033362 0.030026 0.015529 0.000972 0.261641 0.012879 3.231847
0.645646 0.033314 0.030023 0.015539 0.000972 0.261618 0.012889 3.235117
0.645625 0.033396 0.030053 0.015493 0.000976 0.261553 0.012903 3.238354
0.645549 0.033388 0.030124 0.015523 0.000978 0.261523 0.012914 3.241668
0.645540 0.033395 0.030080 0.015587 0.000982 0.261494 0.012923 3.244949
0.645468 0.033538 0.030041 0.015564 0.000974 0.261480 0.012936 3.248168
0.645470 0.033587 0.030022 0.015530 0.000979 0.261465 0.012948 3.251389
0.645471 0.033510 0.030060 0.015516 0.000975 0.261510 0.012959 3.254722
0.645461 0.033502 0.030056 0.015524 0.000969 0.261515 0.012973 3.258006
0.645374 0.033572 0.030066 0.015543 0.000970 0.261492 0.012983 3.261248
0.645370 0.033520 0.030097 0.015565 0.000961 0.261493 0.012995 3.264552
0.645349 0.033642 0.030047 0.015583 0.000964 0.261408 0.013008 3.267762
0.645355 0.033540 0.030096 0.015603 0.000967 0.261420 0.013021 3.271104
0.645312 0.033499 0.030174 0.015586 0.000965 0.261432 0.013034 3.274419
0.645340 0.033456 0.030170 0.015561 0.000966 0.261461 0.013046 3.277714
0.645267 0.033519 0.030152 0.015604 0.000968 0.261432 0.013059 3.281007
0.645202 0.033564 0.030130 0.015593 0.000956 0.261485 0.013070 3.284245
0.645183 0.033467 0.030190 0.015642 0.000961 0.261476 0.013081 3.287589
0.645262 0.033443 0.030189 0.015650 0.000960 0.261399 0.013097 3.290840
0.645302 0.033469 0.030118 0.015672 0.000954 0.261375 0.013110 3.294071
0.645323 0.033466 0.030099 0.015629 0.000951 0.261408 0.013123 3.297322
0.645407 0.033398 0.030143 0.015632 0.000948 0.261339 0.013135 3.300576
0.645365 0.033396 0.030216 0.015640 0.000947 0.261289 0.013147 3.303884
0.645403 0.033370 0.030197 0.015649 0.000944 0.261272 0.013163 3.307148
0.645334 0.033366 0.030146 0.015665 0.000942 0.261371 0.013175 3.310443
0.645296 0.033470 0.030119 0.015648 0.000940 0.261341 0.013187 3.313644
0.645142 0.033511 0.030133 0.015579 0.000945 0.261486 0.013203 3.316926
0.645127 0.033561 0.030094 0.015583 0.000942 0.261483 0.013210 3.320178
0.645033 0.033575 0.030138 0.015611 0.000947 0.261472 0.013223 3.323493
0.645067 0.033505 0.030181 0.015627 0.000946 0.261442 0.013233 3.326842
0.645015 0.033474 0.030156 0.015651 0.000951 0.261512 0.013242 3.330133
0.644978 0.033465 0.030176 0.015642 0.000950 0.261535 0.013254 3.333452
0.644894 0.033450 0.030244 0.015634 0.000944 0.261571 0.013263 3.336785
0.645014 0.033379 0.030226 0.015606 0.000944 0.261557 0.013275 3.340069
0.645000 0.033396 0.030188 0.015614 0.000955 0.261563 0.013284 3.343327
0.644974 0.033401 0.030222 0.015608 0.000961 0.261543 0.013292 3.346618
0.644892 0.033429 0.030258 0.015593 0.000958 0.261568 0.013303 3.349891
0.644863 0.033501 0.030220 0.015549 0.000960 0.261593 0.013315 3.353097
0.644752 0.033600 0.030178 0.015528 0.000957 0.261660 0.013325 3.356356
0.644804 0.033627 0.030171 0.015499 0.000955 0.261607 0.013338 3.359591
0.644718 0.033681 0.030184 0.015487 0.000945 0.261631 0.013354 3.362871
0.644725 0.033594 0.030244 0.015482 0.000950 0.261642 0.013363 3.366216
0.644652 0.033579 0.030297 0.015502 0.000943 0.261648 0.013379 3.369515
0.644607 0.033615 0.030396 0.015462 0.000952 0.261579 0.013390 3.372809
0.644522 0.033681 0.030449 0.015429 0.000959 0.261556 0.013404 3.376076
0.644565 0.033601 0.030554 0.015372 0.000950 0.261540 0.013419 3.379411
0.644522 0.033668 0.030568 0.015338 0.000953 0.261518 0.013433 3.382666
0.644416 0.033734 0.030641 0.015282 0.000948 0.261533 0.013447 3.385937
0.644346 0.033784 0.030651 0.015224 0.000950 0.261585 0.013461 3.389223
0.644344 0.033796 0.030601 0.015194 0.000954 0.261639 0.013473 3.392492
0.644204 0.033830 0.030664 0.015242 0.000955 0.261617 0.013488 3.395838
0.644193 0.033672 0.030736 0.015329 0.000955 0.261616 0.013500 3.399261
0.644067 0.033712 0.030666 0.015355 0.000947 0.261736 0.013516 3.402534
0.644037 0.033820 0.030569 0.015363 0.000952 0.261733 0.013526 3.405772
0.644052 0.033752 0.030597 0.015420 0.000961 0.261679 0.013539 3.409105
0.644098 0.033740 0.030554 0.015397 0.000958 0.261703 0.013551 3.412370
0.643973 0.033864 0.030532 0.015449 0.000950 0.261670 0.013562 3.415644
