0.338224 0.063136 0.056348 0.032535 0.002176 0.501346 0.006235 1.645071
0.339869 0.061567 0.056268 0.032417 0.002185 0.501430 0.006263 1.651220
0.342075 0.059644 0.056109 0.032196 0.002183 0.501499 0.006293 1.657198
0.344581 0.057591 0.055801 0.031935 0.002169 0.501606 0.006318 1.662931
0.347359 0.055426 0.055487 0.031646 0.002175 0.501563 0.006344 1.668535
0.350393 0.053288 0.055000 0.031280 0.002173 0.501492 0.006375 1.673880
0.353477 0.051356 0.054354 0.030866 0.002183 0.501359 0.006406 1.678917
0.356790 0.049440 0.053696 0.030425 0.002187 0.501028 0.006434 1.683860
0.360279 0.047619 0.052968 0.030018 0.002183 0.500474 0.006459 1.688612
0.363795 0.045758 0.052243 0.029507 0.002174 0.500028 0.006496 1.693293
0.367318 0.044067 0.051385 0.028960 0.002148 0.499601 0.006522 1.697719
0.370890 0.042495 0.050585 0.028441 0.002143 0.498902 0.006546 1.701997
0.374440 0.040997 0.049663 0.027938 0.002129 0.498262 0.006571 1.706142
0.378005 0.039635 0.048667 0.027340 0.002121 0.497633 0.006600 1.710115
0.381658 0.038393 0.047674 0.026704 0.002115 0.496831 0.006626 1.713902
0.385441 0.037100 0.046686 0.026136 0.002102 0.495889 0.006648 1.717634
0.389183 0.036010 0.045577 0.025551 0.002077 0.494926 0.006676 1.721145
0.393053 0.034918 0.044583 0.024964 0.002062 0.493722 0.006697 1.724570
0.396941 0.033933 0.043569 0.024334 0.002049 0.492450 0.006723 1.727901
0.400804 0.032898 0.042639 0.023796 0.002013 0.491099 0.006750 1.731231
0.404619 0.031863 0.041671 0.023238 0.002000 0.489829 0.006781 1.734477
0.408435 0.030993 0.040665 0.022700 0.001997 0.488409 0.006800 1.737573
0.412288 0.030157 0.039684 0.022145 0.001975 0.486925 0.006827 1.740558
0.416105 0.029433 0.038737 0.021618 0.001956 0.485296 0.006856 1.743416
0.419937 0.028651 0.037916 0.021105 0.001929 0.483582 0.006881 1.746343
0.423969 0.027954 0.037062 0.020610 0.001901 0.481599 0.006905 1.749096
0.427923 0.027393 0.036173 0.020129 0.001886 0.479567 0.006931 1.751793
0.431872 0.026820 0.035239 0.019653 0.001861 0.477593 0.006962 1.754407
0.435797 0.026244 0.034490 0.019160 0.001848 0.475473 0.006989 1.757035
0.439772 0.025711 0.033681 0.018708 0.001827 0.473292 0.007009 1.759582
0.443606 0.025258 0.032904 0.018297 0.001799 0.471101 0.007036 1.762041
0.447515 0.024735 0.032178 0.017925 0.001778 0.468802 0.007069 1.764546
0.451420 0.024274 0.031450 0.017501 0.001757 0.466508 0.007090 1.766946
0.455224 0.023925 0.030760 0.017106 0.001725 0.464145 0.007115 1.769272
0.459178 0.023581 0.030008 0.016714 0.001701 0.461678 0.007139 1.771566
0.463220 0.023073 0.029371 0.016338 0.001681 0.459156 0.007162 1.773865
0.466998 0.022770 0.028668 0.015926 0.001691 0.456769 0.007177 1.776085
0.470741 0.022451 0.028089 0.015610 0.001671 0.454242 0.007196 1.778317
0.474518 0.022128 0.027475 0.015283 0.001650 0.451727 0.007219 1.780495
0.478217 0.021884 0.026930 0.015007 0.001633 0.449090 0.007240 1.782664
0.481931 0.021642 0.026385 0.014689 0.001610 0.446479 0.007264 1.784749
0.485567 0.021433 0.025889 0.014410 0.001588 0.443829 0.007284 1.786843
0.489325 0.021172 0.025402 0.014130 0.001563 0.441102 0.007306 1.788915
0.493173 0.020891 0.024906 0.013883 0.001542 0.438280 0.007326 1.790972
0.496786 0.020651 0.024495 0.013578 0.001509 0.435636 0.007345 1.793014
0.500347 0.020470 0.024063 0.013334 0.001489 0.432930 0.007368 1.795024
0.503917 0.020292 0.023659 0.013091 0.001460 0.430191 0.007389 1.797028
0.507490 0.020096 0.023268 0.012842 0.001435 0.427462 0.007407 1.798998
0.511066 0.019884 0.022877 0.012650 0.001420 0.424671 0.007431 1.800986
0.514547 0.019732 0.022527 0.012436 0.001391 0.421916 0.007450 1.802960
0.517920 0.019681 0.022116 0.012210 0.001378 0.419229 0.007466 1.804870
0.521364 0.019579 0.021770 0.011991 0.001362 0.416453 0.007481 1.806747
0.524749 0.019396 0.021500 0.011820 0.001342 0.413695 0.007498 1.808706
0.528107 0.019283 0.021206 0.011660 0.001314 0.410917 0.007513 1.810665
0.531428 0.019235 0.020895 0.011495 0.001292 0.408128 0.007528 1.812532
0.534663 0.019189 0.020593 0.011328 0.001276 0.405409 0.007543 1.814400
0.537883 0.019218 0.020302 0.011171 0.001253 0.402613 0.007561 1.816215
0.541075 0.019130 0.020088 0.011056 0.001234 0.399841 0.007578 1.818104
0.544133 0.019120 0.019871 0.010926 0.001219 0.397136 0.007595 1.819963
0.547158 0.019098 0.019719 0.010833 0.001203 0.394379 0.007610 1.821842
0.550218 0.019044 0.019525 0.010775 0.001182 0.391633 0.007622 1.823771
0.553317 0.018961 0.019378 0.010684 0.001174 0.388846 0.007640 1.825666
0.556270 0.019031 0.019159 0.010593 0.001165 0.386128 0.007655 1.827504
0.559190 0.018972 0.019047 0.010472 0.001156 0.383493 0.007670 1.829399
0.562132 0.019018 0.018843 0.010387 0.001143 0.380790 0.007688 1.831210
0.564942 0.019081 0.018692 0.010322 0.001119 0.378137 0.007707 1.833059
0.567780 0.018998 0.018683 0.010231 0.001103 0.375478 0.007727 1.834972
0.570543 0.018985 0.018608 0.010188 0.001084 0.372850 0.007743 1.836870
0.573192 0.019021 0.018497 0.010143 0.001060 0.370330 0.007758 1.838723
0.575911 0.019089 0.018308 0.010060 0.001046 0.367814 0.007773 1.840519
0.578574 0.019060 0.018182 0.010059 0.001030 0.365310 0.007787 1.842407
0.581246 0.019078 0.018065 0.010020 0.001014 0.362777 0.007800 1.844315
0.583878 0.019081 0.018080 0.009932 0.001001 0.360212 0.007817 1.846200
0.586426 0.019083 0.018079 0.009914 0.000997 0.357679 0.007824 1.848121
0.588871 0.019140 0.017998 0.009873 0.000990 0.355290 0.007838 1.850008
0.591411 0.019112 0.017966 0.009894 0.000978 0.352789 0.007850 1.851966
0.593740 0.019260 0.017906 0.009834 0.000959 0.350439 0.007862 1.853833
0.596066 0.019360 0.017828 0.009829 0.000950 0.348096 0.007873 1.855747
0.598359 0.019449 0.017747 0.009782 0.000942 0.345839 0.007883 1.857678
0.600662 0.019468 0.017747 0.009793 0.000924 0.343509 0.007897 1.859615
0.602878 0.019547 0.017759 0.009783 0.000923 0.341202 0.007907 1.861570
0.605068 0.019662 0.017749 0.009786 0.000916 0.338901 0.007919 1.863546
0.607206 0.019774 0.017761 0.009774 0.000912 0.336649 0.007926 1.865496
0.609303 0.019887 0.017780 0.009758 0.000891 0.334443 0.007940 1.867453
0.611422 0.019982 0.017774 0.009748 0.000883 0.332244 0.007949 1.869422
0.613510 0.020126 0.017791 0.009765 0.000870 0.329977 0.007961 1.871392
0.615535 0.020248 0.017803 0.009752 0.000867 0.327825 0.007971 1.873364
0.617598 0.020336 0.017800 0.009762 0.000860 0.325665 0.007980 1.875332
0.619648 0.020414 0.017771 0.009774 0.000848 0.323548 0.007997 1.877305
0.621557 0.020598 0.017783 0.009758 0.000840 0.321456 0.008008 1.879298
0.623497 0.020665 0.017830 0.009785 0.000831 0.319376 0.008017 1.881335
0.625398 0.020732 0.017879 0.009802 0.000827 0.317335 0.008026 1.883362
0.627125 0.020944 0.017972 0.009813 0.000828 0.315284 0.008035 1.885393
0.628863 0.021117 0.018029 0.009855 0.000825 0.313264 0.008048 1.887439
0.630513 0.021276 0.018051 0.009894 0.000817 0.311387 0.008062 1.889512
0.632161 0.021434 0.018089 0.009933 0.000805 0.309504 0.008075 1.891613
0.633753 0.021586 0.018137 0.009989 0.000801 0.307650 0.008086 1.893723
0.635197 0.021832 0.018188 0.010006 0.000794 0.305886 0.008097 1.895825
0.636665 0.022014 0.018228 0.010073 0.000789 0.304123 0.008109 1.897998
0.638080 0.022118 0.018406 0.010117 0.000780 0.302382 0.008117 1.900226
0.639517 0.022316 0.018482 0.010138 0.000776 0.300640 0.008132 1.902412
0.640906 0.022546 0.018556 0.010179 0.000769 0.298906 0.008138 1.904554
0.642290 0.022674 0.018722 0.010239 0.000761 0.297166 0.008149 1.906820
0.643571 0.022821 0.018836 0.010358 0.000751 0.295505 0.008159 1.909105
0.644800 0.023014 0.018972 0.010361 0.000749 0.293934 0.008169 1.911345
0.645933 0.023245 0.019067 0.010410 0.000743 0.292423 0.008179 1.913556
0.647047 0.023477 0.019178 0.010493 0.000743 0.290873 0.008188 1.915853
0.648315 0.023606 0.019278 0.010533 0.000748 0.289328 0.008194 1.918202
0.649402 0.023779 0.019442 0.010600 0.000747 0.287829 0.008202 1.920541
0.650384 0.024041 0.019554 0.010636 0.000748 0.286425 0.008213 1.922833
0.651403 0.024267 0.019678 0.010691 0.000745 0.284995 0.008223 1.925177
0.652310 0.024549 0.019782 0.010771 0.000749 0.283609 0.008230 1.927534
0.653246 0.024766 0.019932 0.010854 0.000747 0.282212 0.008242 1.929938
0.654041 0.025024 0.020015 0.010946 0.000744 0.280981 0.008251 1.932350
0.654894 0.025170 0.020236 0.011059 0.000748 0.279635 0.008259 1.934841
0.655716 0.025468 0.020395 0.011030 0.000752 0.278371 0.008267 1.937285
0.656448 0.025603 0.020588 0.011199 0.000750 0.277137 0.008275 1.939867
0.657230 0.025766 0.020796 0.011308 0.000751 0.275863 0.008285 1.942404
0.657944 0.025978 0.020903 0.011392 0.000751 0.274739 0.008292 1.944926
0.658544 0.026206 0.021081 0.011482 0.000745 0.273641 0.008300 1.947493
0.659129 0.026471 0.021208 0.011568 0.000747 0.272563 0.008314 1.950062
0.659623 0.026650 0.021362 0.011618 0.000756 0.271668 0.008324 1.952680
0.660118 0.026863 0.021564 0.011689 0.000752 0.270676 0.008339 1.955336
0.660588 0.026958 0.021742 0.011820 0.000759 0.269789 0.008345 1.958076
0.661083 0.027163 0.021864 0.011923 0.000760 0.268852 0.008355 1.960710
0.661501 0.027311 0.022035 0.012003 0.000760 0.268026 0.008365 1.963408
0.662004 0.027601 0.022113 0.012068 0.000767 0.267072 0.008376 1.966040
0.662401 0.027843 0.022276 0.012145 0.000779 0.266177 0.008380 1.968746
0.662838 0.028050 0.022480 0.012192 0.000778 0.265268 0.008393 1.971483
0.663157 0.028245 0.022673 0.012283 0.000780 0.264458 0.008406 1.974249
0.663534 0.028427 0.022872 0.012357 0.000787 0.263609 0.008414 1.977046
0.663783 0.028553 0.023101 0.012438 0.000786 0.262914 0.008425 1.979887
0.664124 0.028643 0.023240 0.012501 0.000804 0.262256 0.008432 1.982711
0.664498 0.028707 0.023439 0.012581 0.000797 0.261534 0.008445 1.985547
0.664641 0.028909 0.023590 0.012697 0.000790 0.260919 0.008454 1.988383
0.664995 0.029098 0.023665 0.012777 0.000790 0.260208 0.008467 1.991144
0.665234 0.029219 0.023892 0.012861 0.000789 0.259531 0.008476 1.994002
0.665338 0.029408 0.024104 0.012945 0.000796 0.258922 0.008488 1.996913
0.665491 0.029568 0.024255 0.013061 0.000797 0.258331 0.008497 1.999848
0.665583 0.029753 0.024395 0.013168 0.000800 0.257793 0.008507 2.002774
0.665809 0.029880 0.024482 0.013279 0.000803 0.257229 0.008520 2.005706
0.665920 0.030174 0.024552 0.013336 0.000802 0.256683 0.008531 2.008568
0.666060 0.030328 0.024691 0.013427 0.000811 0.256140 0.008542 2.011539
0.666106 0.030521 0.024774 0.013504 0.000821 0.255726 0.008548 2.014451
0.666152 0.030720 0.024885 0.013619 0.000833 0.255236 0.008556 2.017438
0.666148 0.030876 0.025122 0.013687 0.000830 0.254769 0.008569 2.020445
0.666183 0.031002 0.025290 0.013743 0.000835 0.254367 0.008580 2.023455
0.666180 0.031077 0.025471 0.013835 0.000838 0.254009 0.008589 2.026554
0.666150 0.031233 0.025631 0.013887 0.000845 0.253657 0.008598 2.029594
0.666081 0.031344 0.025808 0.014034 0.000842 0.253280 0.008609 2.032686
0.666024 0.031388 0.026021 0.014100 0.000849 0.252996 0.008622 2.035815
0.665977 0.031537 0.026132 0.014214 0.000860 0.252647 0.008633 2.038883
0.665902 0.031635 0.026316 0.014274 0.000859 0.252372 0.008642 2.042018
0.665856 0.031695 0.026482 0.014306 0.000865 0.252143 0.008653 2.045181
0.665797 0.031802 0.026617 0.014398 0.000860 0.251862 0.008665 2.048302
0.665793 0.031955 0.026753 0.014459 0.000857 0.251503 0.008679 2.051409
0.665595 0.032068 0.026967 0.014521 0.000864 0.251293 0.008691 2.054596
0.665549 0.032116 0.027145 0.014581 0.000868 0.251036 0.008704 2.057797
0.665458 0.032203 0.027258 0.014631 0.000871 0.250865 0.008715 2.060946
0.665286 0.032271 0.027337 0.014721 0.000876 0.250787 0.008724 2.064123
0.665193 0.032405 0.027436 0.014706 0.000884 0.250643 0.008733 2.067263
0.665054 0.032493 0.027579 0.014748 0.000885 0.250498 0.008743 2.070447
0.664896 0.032640 0.027727 0.014865 0.000881 0.250235 0.008757 2.073648
0.664758 0.032689 0.027861 0.014872 0.000876 0.250174 0.008770 2.076845
0.664643 0.032793 0.027918 0.014883 0.000884 0.250099 0.008782 2.079991
0.664438 0.032828 0.028028 0.014882 0.000882 0.250144 0.008797 2.083224
0.664292 0.032854 0.028196 0.014943 0.000895 0.250010 0.008810 2.086477
0.664129 0.032975 0.028226 0.014966 0.000896 0.249989 0.008819 2.089625
0.663961 0.032993 0.028341 0.015014 0.000908 0.249954 0.008829 2.092868
0.663867 0.033017 0.028393 0.015141 0.000903 0.249835 0.008844 2.096071
0.663707 0.033034 0.028440 0.015209 0.000911 0.249845 0.008854 2.099300
0.663613 0.033046 0.028565 0.015225 0.000917 0.249768 0.008867 2.102537
0.663481 0.033060 0.028663 0.015304 0.000926 0.249688 0.008878 2.105789
0.663337 0.033070 0.028696 0.015335 0.000931 0.249744 0.008888 2.109034
0.663200 0.033104 0.028757 0.015377 0.000933 0.249731 0.008899 2.112242
0.663089 0.033121 0.028796 0.015419 0.000942 0.249724 0.008908 2.115483
0.663024 0.033101 0.028860 0.015425 0.000963 0.249710 0.008917 2.118703
0.662832 0.033116 0.028877 0.015457 0.000963 0.249827 0.008929 2.121936
0.662747 0.033142 0.028980 0.015447 0.000968 0.249776 0.008940 2.125157
0.662606 0.033149 0.028959 0.015499 0.000970 0.249861 0.008956 2.128363
0.662465 0.033215 0.028961 0.015480 0.000966 0.249944 0.008968 2.131579
0.662358 0.033221 0.028964 0.015473 0.000961 0.250038 0.008984 2.134767
0.662344 0.033177 0.028966 0.015501 0.000971 0.250047 0.008995 2.138011
0.662192 0.033212 0.029018 0.015523 0.000965 0.250083 0.009008 2.141218
0.662216 0.033145 0.029007 0.015570 0.000975 0.250066 0.009020 2.144411
0.662170 0.033071 0.029060 0.015589 0.000977 0.250108 0.009027 2.147665
0.662026 0.033026 0.029092 0.015647 0.000977 0.250193 0.009041 2.150938
0.661983 0.033041 0.029107 0.015627 0.000976 0.250218 0.009050 2.154117
0.661877 0.033053 0.029176 0.015646 0.000982 0.250209 0.009059 2.157349
0.661772 0.033016 0.029260 0.015688 0.000974 0.250212 0.009079 2.160632
0.661742 0.032961 0.029236 0.015751 0.000988 0.250237 0.009085 2.163859
0.661800 0.032896 0.029245 0.015777 0.000983 0.250204 0.009096 2.167109
0.661722 0.032913 0.029234 0.015753 0.000985 0.250286 0.009109 2.170307
0.661762 0.032861 0.029238 0.015729 0.000991 0.250307 0.009114 2.173495
0.661838 0.032728 0.029246 0.015684 0.000992 0.250382 0.009129 2.176697
0.661821 0.032721 0.029232 0.015739 0.001002 0.250343 0.009143 2.179912
0.661893 0.032674 0.029197 0.015717 0.000999 0.250367 0.009154 2.183050
0.661868 0.032626 0.029112 0.015741 0.000999 0.250488 0.009165 2.186237
0.661913 0.032496 0.029182 0.015734 0.001011 0.250489 0.009177 2.189459
0.661977 0.032418 0.029227 0.015698 0.001019 0.250476 0.009187 2.192673
0.661938 0.032408 0.029147 0.015738 0.001014 0.250554 0.009200 2.195869
0.662003 0.032302 0.029181 0.015728 0.001009 0.250564 0.009214 2.199090
0.662033 0.032311 0.029133 0.015713 0.001020 0.250562 0.009228 2.202221
0.662025 0.032265 0.029098 0.015674 0.001018 0.250676 0.009243 2.205405
0.661992 0.032240 0.029055 0.015660 0.001016 0.250782 0.009256 2.208587
0.662038 0.032249 0.029077 0.015588 0.001021 0.250758 0.009270 2.211734
0.661984 0.032288 0.028985 0.015550 0.001020 0.250891 0.009283 2.214834
0.662082 0.032259 0.028972 0.015521 0.001025 0.250842 0.009297 2.217974
0.662140 0.032159 0.029000 0.015497 0.001022 0.250870 0.009313 2.221162
0.662197 0.032102 0.028997 0.015461 0.001038 0.250878 0.009326 2.224306
0.662251 0.032017 0.028979 0.015400 0.001038 0.250975 0.009339 2.227422
0.662285 0.031991 0.028884 0.015430 0.001042 0.251016 0.009352 2.230542
0.662321 0.031909 0.028869 0.015480 0.001033 0.251019 0.009369 2.233731
0.662354 0.031906 0.028771 0.015469 0.001032 0.251083 0.009386 2.236811
0.662401 0.031896 0.028685 0.015439 0.001041 0.251140 0.009398 2.239869
0.662417 0.031885 0.028718 0.015412 0.001036 0.251123 0.009409 2.242985
0.662543 0.031848 0.028650 0.015392 0.001038 0.251102 0.009426 2.246083
0.662684 0.031824 0.028602 0.015352 0.001035 0.251061 0.009440 2.249154
0.662715 0.031778 0.028599 0.015339 0.001035 0.251082 0.009453 2.252281
0.662769 0.031821 0.028573 0.015312 0.001037 0.251026 0.009462 2.255381
0.662742 0.031775 0.028514 0.015371 0.001018 0.251102 0.009480 2.258523
0.662857 0.031743 0.028384 0.015347 0.001030 0.251148 0.009490 2.261576
0.662995 0.031699 0.028432 0.015327 0.001034 0.251011 0.009501 2.264677
0.663098 0.031604 0.028509 0.015331 0.001030 0.250918 0.009511 2.267814
0.663238 0.031445 0.028527 0.015304 0.001032 0.250924 0.009530 2.270973
0.663356 0.031372 0.028479 0.015266 0.001035 0.250951 0.009541 2.274026
0.663399 0.031389 0.028429 0.015272 0.001042 0.250914 0.009556 2.277124
0.663456 0.031355 0.028434 0.015252 0.001057 0.250880 0.009566 2.280210
0.663544 0.031293 0.028405 0.015251 0.001054 0.250874 0.009580 2.283308
0.663734 0.031182 0.028386 0.015255 0.001049 0.250797 0.009599 2.286365
0.663831 0.031206 0.028302 0.015187 0.001052 0.250816 0.009606 2.289386
0.663946 0.031177 0.028220 0.015183 0.001050 0.250802 0.009623 2.292412
0.663924 0.031178 0.028231 0.015178 0.001036 0.250815 0.009639 2.295486
0.664073 0.031077 0.028162 0.015194 0.001037 0.250804 0.009654 2.298494
0.664267 0.031114 0.028069 0.015128 0.001034 0.250723 0.009665 2.301442
0.664360 0.031084 0.028032 0.015126 0.001035 0.250685 0.009678 2.304465
0.664468 0.031101 0.027972 0.015089 0.001014 0.250660 0.009697 2.307467
0.664553 0.030968 0.027976 0.015056 0.001024 0.250712 0.009713 2.310590
0.664588 0.030983 0.028063 0.015000 0.001027 0.250609 0.009730 2.313639
0.664590 0.030993 0.027976 0.014991 0.001031 0.250675 0.009743 2.316658
0.664753 0.030886 0.027981 0.014978 0.001031 0.250614 0.009757 2.319732
0.665052 0.030772 0.027936 0.014954 0.001025 0.250492 0.009770 2.322749
0.665170 0.030748 0.027885 0.014960 0.001020 0.250435 0.009782 2.325740
0.665288 0.030792 0.027885 0.014948 0.001020 0.250272 0.009795 2.328768
0.665429 0.030742 0.027885 0.014907 0.001030 0.250202 0.009805 2.331768
0.665537 0.030716 0.027848 0.014834 0.001028 0.250222 0.009816 2.334767
0.665759 0.030661 0.027816 0.014838 0.001025 0.250072 0.009830 2.337775
0.665930 0.030679 0.027777 0.014830 0.001028 0.249914 0.009842 2.340741
0.666089 0.030616 0.027785 0.014842 0.001022 0.249793 0.009855 2.343766
0.666222 0.030591 0.027700 0.014822 0.001010 0.249790 0.009865 2.346749
0.666356 0.030643 0.027612 0.014757 0.000999 0.249756 0.009878 2.349710
0.666477 0.030568 0.027527 0.014767 0.001004 0.249767 0.009890 2.352730
0.666552 0.030523 0.027480 0.014811 0.000993 0.249737 0.009902 2.355717
0.666812 0.030469 0.027468 0.014787 0.000992 0.249561 0.009910 2.358681
0.667003 0.030406 0.027385 0.014786 0.000994 0.249502 0.009924 2.361620
0.667220 0.030255 0.027418 0.014771 0.000992 0.249404 0.009938 2.364615
0.667464 0.030168 0.027431 0.014768 0.000988 0.249231 0.009950 2.367613
0.667582 0.030140 0.027451 0.014726 0.000991 0.249150 0.009959 2.370619
0.667673 0.030268 0.027441 0.014722 0.000985 0.248936 0.009974 2.373540
0.667866 0.030149 0.027454 0.014715 0.000991 0.248835 0.009989 2.376575
0.668076 0.030142 0.027455 0.014667 0.000988 0.248670 0.010000 2.379553
0.668238 0.030098 0.027365 0.014705 0.000995 0.248587 0.010011 2.382561
0.668380 0.030087 0.027371 0.014648 0.000988 0.248504 0.010022 2.385516
0.668559 0.030042 0.027380 0.014574 0.000981 0.248428 0.010037 2.388484
0.668821 0.029965 0.027365 0.014580 0.000973 0.248249 0.010048 2.391453
0.669025 0.029874 0.027296 0.014576 0.000979 0.248189 0.010059 2.394444
0.669122 0.029903 0.027266 0.014583 0.000984 0.248067 0.010073 2.397358
0.669218 0.029953 0.027203 0.014619 0.000984 0.247938 0.010085 2.400292
0.669426 0.029956 0.027169 0.014561 0.000993 0.247800 0.010096 2.403216
0.669510 0.029939 0.027184 0.014557 0.001002 0.247700 0.010108 2.406227
0.669735 0.029984 0.027111 0.014520 0.001006 0.247522 0.010122 2.409083
0.669886 0.030036 0.027065 0.014557 0.000998 0.247323 0.010135 2.412003
0.669983 0.030067 0.027120 0.014549 0.000994 0.247134 0.010154 2.414985
0.670105 0.029963 0.027195 0.014577 0.000991 0.247003 0.010167 2.418024
0.670221 0.029896 0.027258 0.014611 0.000983 0.246850 0.010181 2.420993
0.670321 0.029897 0.027225 0.014572 0.000989 0.246803 0.010192 2.423974
0.670528 0.029861 0.027206 0.014533 0.000989 0.246681 0.010204 2.426918
0.670668 0.029925 0.027167 0.014518 0.000990 0.246518 0.010214 2.429825
0.670769 0.029981 0.027184 0.014497 0.000996 0.246346 0.010227 2.432780
0.670852 0.030017 0.027053 0.014502 0.000992 0.246344 0.010240 2.435668
0.670936 0.030007 0.027084 0.014484 0.000997 0.246241 0.010251 2.438668
0.671070 0.030034 0.027070 0.014410 0.001003 0.246152 0.010262 2.441575
0.671274 0.029950 0.027087 0.014444 0.001000 0.245976 0.010271 2.444554
0.671385 0.030018 0.027056 0.014356 0.001000 0.245901 0.010284 2.447479
0.671499 0.029989 0.027020 0.014337 0.001006 0.245855 0.010295 2.450454
0.671711 0.029973 0.027010 0.014404 0.000995 0.245599 0.010308 2.453406
0.671810 0.030058 0.026892 0.014405 0.001002 0.245518 0.010315 2.456276
0.671946 0.030059 0.026900 0.014358 0.001003 0.245408 0.010326 2.459248
0.671949 0.030125 0.026932 0.014393 0.000998 0.245262 0.010341 2.462197
0.672067 0.030169 0.026973 0.014358 0.001002 0.245079 0.010353 2.465188
0.672127 0.030231 0.027013 0.014294 0.001009 0.244964 0.010363 2.468149
0.672250 0.030203 0.027039 0.014281 0.001013 0.244838 0.010376 2.471124
0.672321 0.030220 0.027096 0.014263 0.001016 0.244698 0.010387 2.474093
0.672417 0.030200 0.027100 0.014313 0.001014 0.244559 0.010398 2.477099
0.672515 0.030223 0.027103 0.014225 0.001012 0.244506 0.010415 2.480013
0.672580 0.030325 0.027099 0.014175 0.001016 0.244381 0.010425 2.482935
0.672683 0.030325 0.027099 0.014167 0.001008 0.244280 0.010439 2.485924
0.672733 0.030414 0.027083 0.014117 0.001021 0.244185 0.010447 2.488850
0.672790 0.030415 0.027071 0.014127 0.001030 0.244110 0.010457 2.491820
0.672960 0.030312 0.027092 0.014148 0.001031 0.243989 0.010468 2.494830
0.673002 0.030288 0.027106 0.014178 0.001019 0.243928 0.010480 2.497837
0.673085 0.030331 0.027074 0.014241 0.001007 0.243766 0.010496 2.500823
0.673081 0.030421 0.027089 0.014232 0.001002 0.243668 0.010508 2.503785
0.673110 0.030467 0.027146 0.014229 0.001001 0.243525 0.010522 2.506731
0.673177 0.030398 0.027157 0.014256 0.001000 0.243480 0.010532 2.509739
0.673216 0.030349 0.027138 0.014274 0.000994 0.243486 0.010543 2.512742
0.673297 0.030366 0.027094 0.014305 0.000992 0.243393 0.010553 2.515715
0.673316 0.030382 0.027096 0.014347 0.000984 0.243308 0.010568 2.518711
0.673395 0.030273 0.027214 0.014374 0.000994 0.243169 0.010582 2.521778
0.673481 0.030310 0.027304 0.014319 0.000995 0.242999 0.010591 2.524701
0.673534 0.030367 0.027218 0.014336 0.000991 0.242951 0.010604 2.527652
0.673482 0.030415 0.027213 0.014333 0.000984 0.242957 0.010615 2.530623
0.673639 0.030365 0.027210 0.014385 0.000984 0.242793 0.010625 2.533619
0.673636 0.030445 0.027278 0.014350 0.000993 0.242663 0.010635 2.536586
0.673712 0.030452 0.027277 0.014338 0.000989 0.242588 0.010645 2.539552
0.673710 0.030500 0.027242 0.014316 0.000979 0.242591 0.010662 2.542504
0.673775 0.030494 0.027239 0.014317 0.000979 0.242524 0.010673 2.545511
0.673740 0.030461 0.027307 0.014316 0.000969 0.242519 0.010688 2.548541
0.673790 0.030527 0.027288 0.014340 0.000969 0.242387 0.010699 2.551479
0.673766 0.030519 0.027225 0.014367 0.000973 0.242441 0.010711 2.554504
0.673824 0.030517 0.027246 0.014383 0.000984 0.242325 0.010721 2.557521
0.673783 0.030577 0.027279 0.014407 0.000979 0.242235 0.010739 2.560545
0.673854 0.030600 0.027273 0.014444 0.000991 0.242085 0.010752 2.563496
0.673897 0.030653 0.027288 0.014379 0.001000 0.242019 0.010764 2.566470
0.673870 0.030590 0.027336 0.014407 0.000996 0.242024 0.010776 2.569527
0.673906 0.030574 0.027342 0.014461 0.000993 0.241935 0.010789 2.572554
0.673913 0.030629 0.027254 0.014464 0.000996 0.241948 0.010796 2.575505
0.673966 0.030608 0.027264 0.014507 0.000994 0.241851 0.010809 2.578527
0.674025 0.030678 0.027269 0.014524 0.000981 0.241699 0.010825 2.581482
0.673994 0.030738 0.027245 0.014512 0.000990 0.241687 0.010834 2.584437
0.673989 0.030736 0.027270 0.014557 0.000979 0.241621 0.010849 2.587481
0.674035 0.030679 0.027292 0.014584 0.000991 0.241561 0.010859 2.590557
0.674086 0.030670 0.027261 0.014601 0.000985 0.241525 0.010871 2.593539
0.674026 0.030661 0.027257 0.014601 0.000989 0.241581 0.010885 2.596580
0.674067 0.030612 0.027271 0.014573 0.000981 0.241598 0.010899 2.599580
0.674133 0.030634 0.027167 0.014577 0.000986 0.241595 0.010908 2.602535
0.674170 0.030685 0.027113 0.014558 0.000996 0.241561 0.010916 2.605488
0.674257 0.030646 0.027122 0.014627 0.000993 0.241424 0.010931 2.608510
0.674251 0.030661 0.027219 0.014623 0.000990 0.241311 0.010945 2.611534
0.674344 0.030570 0.027280 0.014685 0.000991 0.241176 0.010955 2.614553
0.674363 0.030605 0.027298 0.014714 0.000995 0.241059 0.010967 2.617555
0.674363 0.030622 0.027337 0.014725 0.000995 0.240978 0.010981 2.620567
0.674419 0.030658 0.027287 0.014692 0.000996 0.240954 0.010994 2.623510
0.674447 0.030619 0.027282 0.014696 0.000993 0.240958 0.011006 2.626533
0.674400 0.030678 0.027226 0.014675 0.000984 0.241013 0.011023 2.629512
0.674375 0.030693 0.027230 0.014696 0.000983 0.240986 0.011035 2.632533
0.674431 0.030627 0.027265 0.014683 0.000981 0.240963 0.011050 2.635565
0.674445 0.030594 0.027266 0.014649 0.000970 0.241014 0.011064 2.638558
0.674446 0.030651 0.027227 0.014593 0.000981 0.241025 0.011077 2.641553
0.674561 0.030513 0.027286 0.014597 0.000973 0.240980 0.011092 2.644612
0.674706 0.030469 0.027335 0.014551 0.000978 0.240862 0.011100 2.647626
0.674830 0.030344 0.027340 0.014563 0.000973 0.240838 0.011112 2.650648
0.674890 0.030377 0.027278 0.014567 0.000972 0.240792 0.011125 2.653631
0.674979 0.030318 0.027264 0.014604 0.000965 0.240732 0.011137 2.656648
0.675075 0.030186 0.027338 0.014598 0.000970 0.240682 0.011152 2.659681
0.675062 0.030206 0.027295 0.014593 0.000976 0.240706 0.011162 2.662631
0.675059 0.030243 0.027277 0.014621 0.000980 0.240646 0.011173 2.665622
0.675121 0.030294 0.027289 0.014571 0.000984 0.240561 0.011182 2.668561
0.675150 0.030273 0.027201 0.014596 0.000986 0.240601 0.011193 2.671563
0.675185 0.030325 0.027160 0.014572 0.000977 0.240573 0.011207 2.674527
0.675165 0.030320 0.027179 0.014550 0.000968 0.240598 0.011220 2.677537
0.675253 0.030370 0.027203 0.014527 0.000972 0.240445 0.011231 2.680478
0.675258 0.030405 0.027165 0.014588 0.000971 0.240371 0.011242 2.683457
0.675217 0.030536 0.027159 0.014533 0.000969 0.240330 0.011255 2.686366
0.675207 0.030578 0.027115 0.014535 0.000972 0.240329 0.011263 2.689373
0.675306 0.030524 0.027120 0.014513 0.000965 0.240297 0.011276 2.692378
0.675402 0.030385 0.027199 0.014533 0.000966 0.240223 0.011291 2.695428
0.675341 0.030423 0.027234 0.014559 0.000973 0.240170 0.011300 2.698412
0.675382 0.030442 0.027220 0.014576 0.000973 0.240098 0.011309 2.701345
0.675289 0.030513 0.027235 0.014590 0.000971 0.240083 0.011319 2.704329
0.675293 0.030460 0.027232 0.014593 0.000967 0.240120 0.011336 2.707394
0.675323 0.030383 0.027316 0.014601 0.000962 0.240072 0.011344 2.710424
0.675379 0.030316 0.027329 0.014624 0.000958 0.240034 0.011362 2.713416
0.675350 0.030360 0.027365 0.014556 0.000959 0.240035 0.011375 2.716365
0.675396 0.030379 0.027321 0.014564 0.000958 0.239993 0.011389 2.719311
0.675465 0.030410 0.027283 0.014544 0.000962 0.239936 0.011402 2.722248
0.675483 0.030415 0.027289 0.014485 0.000985 0.239934 0.011410 2.725241
0.675489 0.030435 0.027196 0.014505 0.000979 0.239971 0.011426 2.728184
0.675503 0.030315 0.027303 0.014567 0.000975 0.239896 0.011441 2.731258
0.675565 0.030386 0.027263 0.014551 0.000977 0.239808 0.011451 2.734218
0.675511 0.030337 0.027382 0.014600 0.000977 0.239734 0.011460 2.737275
0.675477 0.030245 0.027472 0.014563 0.000979 0.239790 0.011475 2.740323
0.675464 0.030318 0.027442 0.014571 0.000974 0.239743 0.011489 2.743268
0.675474 0.030261 0.027478 0.014559 0.000973 0.239756 0.011500 2.746268
0.675511 0.030303 0.027494 0.014547 0.000971 0.239659 0.011515 2.749221
0.675462 0.030358 0.027442 0.014529 0.000972 0.239711 0.011525 2.752142
0.675474 0.030348 0.027451 0.014530 0.000973 0.239687 0.011539 2.755137
0.675397 0.030313 0.027443 0.014505 0.000985 0.239808 0.011551 2.758114
0.675373 0.030409 0.027378 0.014484 0.000970 0.239815 0.011571 2.761044
0.675340 0.030410 0.027401 0.014473 0.000968 0.239823 0.011585 2.764041
0.675345 0.030482 0.027355 0.014428 0.000967 0.239825 0.011598 2.767008
0.675286 0.030559 0.027321 0.014448 0.000970 0.239806 0.011611 2.769990
0.675268 0.030611 0.027292 0.014458 0.000979 0.239772 0.011620 2.772987
0.675282 0.030566 0.027340 0.014431 0.000978 0.239772 0.011632 2.775989
0.675255 0.030586 0.027311 0.014427 0.000959 0.239813 0.011650 2.778971
0.675325 0.030511 0.027315 0.014499 0.000964 0.239728 0.011658 2.781970
0.675366 0.030429 0.027295 0.014585 0.000959 0.239694 0.011672 2.785008
0.675307 0.030536 0.027240 0.014571 0.000950 0.239709 0.011686 2.787984
0.675400 0.030410 0.027261 0.014580 0.000962 0.239690 0.011698 2.791028
0.675466 0.030365 0.027287 0.014598 0.000972 0.239598 0.011714 2.794011
0.675539 0.030353 0.027286 0.014578 0.000973 0.239544 0.011728 2.796987
0.675529 0.030389 0.027181 0.014523 0.000975 0.239665 0.011739 2.799933
0.675584 0.030378 0.027159 0.014504 0.000972 0.239652 0.011752 2.802904
0.675645 0.030356 0.027189 0.014441 0.000985 0.239617 0.011767 2.805891
0.675768 0.030291 0.027129 0.014469 0.000991 0.239572 0.011779 2.808871
0.675818 0.030257 0.027205 0.014453 0.000988 0.239486 0.011793 2.811923
0.675866 0.030220 0.027154 0.014440 0.000978 0.239532 0.011809 2.814895
0.675878 0.030230 0.027198 0.014426 0.000985 0.239463 0.011819 2.817816
0.675802 0.030287 0.027151 0.014444 0.000988 0.239496 0.011831 2.820771
0.675778 0.030341 0.027158 0.014421 0.000979 0.239478 0.011844 2.823724
0.675897 0.030330 0.027136 0.014447 0.000979 0.239356 0.011856 2.826688
0.675867 0.030343 0.027129 0.014462 0.000974 0.239355 0.011869 2.829681
0.675906 0.030223 0.027155 0.014523 0.000983 0.239332 0.011878 2.832746
0.675984 0.030236 0.027076 0.014497 0.000988 0.239327 0.011892 2.835641
0.676044 0.030125 0.027108 0.014561 0.000992 0.239263 0.011908 2.838688
0.676060 0.030231 0.027052 0.014510 0.000989 0.239235 0.011922 2.841548
0.676111 0.030234 0.027089 0.014475 0.000989 0.239168 0.011933 2.844482
0.676152 0.030199 0.027030 0.014511 0.000980 0.239182 0.011947 2.847439
0.676197 0.030247 0.027017 0.014532 0.000987 0.239059 0.011960 2.850426
0.676211 0.030270 0.027051 0.014529 0.000976 0.238990 0.011974 2.853379
0.676191 0.030308 0.027032 0.014508 0.000974 0.238998 0.011989 2.856314
0.676249 0.030270 0.027029 0.014543 0.000983 0.238922 0.012003 2.859300
0.676240 0.030242 0.027070 0.014565 0.000976 0.238888 0.012019 2.862307
0.676332 0.030210 0.027062 0.014550 0.000969 0.238847 0.012029 2.865284
0.676350 0.030248 0.026990 0.014573 0.000974 0.238821 0.012043 2.868199
0.676394 0.030112 0.027024 0.014680 0.000975 0.238756 0.012058 2.871245
0.676415 0.030158 0.026943 0.014666 0.000977 0.238772 0.012069 2.874171
0.676401 0.030219 0.026907 0.014597 0.000978 0.238816 0.012083 2.877071
0.676389 0.030252 0.026901 0.014642 0.000975 0.238745 0.012095 2.880038
0.676477 0.030193 0.026892 0.014612 0.000973 0.238743 0.012110 2.883048
0.676517 0.030174 0.026872 0.014571 0.000972 0.238771 0.012123 2.886008
0.676537 0.030166 0.026828 0.014529 0.000974 0.238821 0.012145 2.888958
0.676511 0.030173 0.026838 0.014473 0.000976 0.238873 0.012156 2.891899
0.676597 0.030177 0.026784 0.014477 0.000967 0.238828 0.012170 2.894813
0.676592 0.030136 0.026793 0.014505 0.000969 0.238826 0.012179 2.897786
0.676622 0.030168 0.026773 0.014526 0.000968 0.238753 0.012189 2.900720
0.676587 0.030213 0.026797 0.014506 0.000956 0.238738 0.012203 2.903667
0.676694 0.030118 0.026796 0.014506 0.000956 0.238718 0.012213 2.906720
0.676696 0.030159 0.026839 0.014496 0.000949 0.238639 0.012223 2.909670
0.676734 0.030172 0.026853 0.014496 0.000948 0.238560 0.012236 2.912592
0.676761 0.030095 0.026883 0.014520 0.000938 0.238554 0.012249 2.915585
0.676855 0.029983 0.026943 0.014498 0.000935 0.238522 0.012263 2.918589
0.676903 0.030016 0.026938 0.014512 0.000937 0.238416 0.012277 2.921522
0.676921 0.029923 0.026994 0.014490 0.000944 0.238442 0.012287 2.924531
0.676906 0.029898 0.026974 0.014479 0.000947 0.238496 0.012301 2.927513
0.677038 0.029815 0.026990 0.014469 0.000941 0.238432 0.012315 2.930487
0.677078 0.029859 0.026959 0.014447 0.000933 0.238394 0.012328 2.933389
0.677077 0.029944 0.026865 0.014436 0.000933 0.238406 0.012339 2.936310
0.677122 0.029833 0.026930 0.014462 0.000940 0.238367 0.012344 2.939343
0.677208 0.029770 0.026985 0.014488 0.000940 0.238255 0.012355 2.942339
0.677200 0.029787 0.026957 0.014484 0.000944 0.238256 0.012372 2.945240
0.677288 0.029801 0.026962 0.014449 0.000953 0.238169 0.012379 2.948148
0.677279 0.029774 0.026972 0.014466 0.000956 0.238163 0.012389 2.951104
0.677292 0.029760 0.026969 0.014427 0.000949 0.238201 0.012402 2.954062
0.677249 0.029879 0.026944 0.014442 0.000948 0.238125 0.012412 2.956994
0.677268 0.029870 0.026935 0.014420 0.000939 0.238139 0.012429 2.959946
0.677301 0.029855 0.026970 0.014408 0.000935 0.238094 0.012437 2.962941
0.677289 0.029877 0.026916 0.014454 0.000937 0.238082 0.012445 2.965892
0.677271 0.029945 0.026887 0.014454 0.000940 0.238048 0.012455 2.968832
0.677378 0.029949 0.026785 0.014491 0.000937 0.237994 0.012467 2.971716
0.677409 0.030000 0.026735 0.014475 0.000943 0.237963 0.012477 2.974626
0.677406 0.029954 0.026719 0.014522 0.000937 0.237971 0.012491 2.977613
0.677497 0.029963 0.026736 0.014500 0.000931 0.237866 0.012507 2.980536
0.677496 0.029976 0.026728 0.014454 0.000930 0.237896 0.012519 2.983507
0.677537 0.029992 0.026771 0.014425 0.000941 0.237803 0.012531 2.986429
0.677422 0.030087 0.026750 0.014382 0.000952 0.237865 0.012541 2.989343
0.677506 0.030092 0.026725 0.014427 0.000953 0.237743 0.012553 2.992268
0.677476 0.030087 0.026750 0.014446 0.000949 0.237723 0.012569 2.995258
0.677577 0.030055 0.026776 0.014402 0.000956 0.237656 0.012578 2.998195
0.677610 0.030006 0.026742 0.014442 0.000966 0.237645 0.012586 3.001117
0.677720 0.029977 0.026665 0.014498 0.000965 0.237579 0.012597 3.004038
0.677789 0.029959 0.026672 0.014453 0.000971 0.237550 0.012607 3.006973
0.677789 0.029931 0.026715 0.014451 0.000966 0.237525 0.012622 3.009959
0.677775 0.030004 0.026657 0.014413 0.000968 0.237550 0.012633 3.012817
0.677878 0.029899 0.026727 0.014423 0.000972 0.237453 0.012648 3.015802
0.678058 0.029827 0.026669 0.014416 0.000963 0.237405 0.012662 3.018724
0.677990 0.029898 0.026674 0.014333 0.000950 0.237480 0.012674 3.021664
0.678096 0.029933 0.026681 0.014301 0.000954 0.237349 0.012685 3.024559
0.678236 0.029856 0.026775 0.014285 0.000955 0.237195 0.012699 3.027523
0.678330 0.029817 0.026818 0.014210 0.000957 0.237160 0.012710 3.030483
0.678314 0.029861 0.026805 0.014200 0.000956 0.237147 0.012717 3.033430
0.678245 0.029886 0.026716 0.014203 0.000947 0.237269 0.012735 3.036388
0.678300 0.029822 0.026691 0.014249 0.000945 0.237245 0.012748 3.039361
0.678355 0.029738 0.026785 0.014293 0.000947 0.237119 0.012762 3.042395
0.678483 0.029779 0.026768 0.014284 0.000941 0.236968 0.012777 3.045249
0.678345 0.029930 0.026722 0.014271 0.000939 0.237004 0.012789 3.048138
0.678266 0.030006 0.026684 0.014251 0.000940 0.237051 0.012801 3.051084
0.678351 0.029999 0.026698 0.014253 0.000941 0.236942 0.012816 3.054037
0.678401 0.030013 0.026703 0.014270 0.000944 0.236843 0.012828 3.057009
0.678341 0.030038 0.026746 0.014271 0.000943 0.236824 0.012837 3.059971
0.678308 0.030082 0.026817 0.014241 0.000935 0.236765 0.012851 3.062945
0.678318 0.030086 0.026814 0.014270 0.000936 0.236710 0.012866 3.065910
0.678292 0.030109 0.026846 0.014254 0.000932 0.236688 0.012879 3.068876
0.678253 0.030080 0.026856 0.014254 0.000934 0.236732 0.012891 3.071858
0.678211 0.030113 0.026844 0.014241 0.000939 0.236747 0.012905 3.074792
0.678294 0.030150 0.026822 0.014216 0.000945 0.236659 0.012913 3.077692
0.678254 0.030083 0.026851 0.014202 0.000945 0.236743 0.012923 3.080676
0.678251 0.030108 0.026810 0.014186 0.000946 0.236760 0.012938 3.083612
0.678219 0.030124 0.026867 0.014163 0.000956 0.236722 0.012950 3.086599
0.678274 0.030199 0.026789 0.014152 0.000951 0.236671 0.012964 3.089460
0.678287 0.030167 0.026820 0.014154 0.000951 0.236644 0.012976 3.092452
0.678331 0.030163 0.026808 0.014174 0.000952 0.236582 0.012990 3.095433
0.678251 0.030180 0.026907 0.014176 0.000949 0.236535 0.013004 3.098434
0.678255 0.030271 0.026906 0.014183 0.000944 0.236423 0.013019 3.101335
0.678241 0.030265 0.026941 0.014142 0.000948 0.236433 0.013031 3.104291
0.678228 0.030298 0.026935 0.014143 0.000938 0.236417 0.013043 3.107242
0.678209 0.030310 0.026935 0.014194 0.000921 0.236372 0.013059 3.110217
0.678151 0.030398 0.026877 0.014141 0.000912 0.236449 0.013071 3.113130
0.678131 0.030347 0.026997 0.014164 0.000926 0.236351 0.013084 3.116162
0.678033 0.030393 0.026977 0.014213 0.000915 0.236372 0.013097 3.119187
0.678045 0.030453 0.026986 0.014220 0.000915 0.236272 0.013109 3.122100
0.678069 0.030475 0.027017 0.014207 0.000917 0.236191 0.013123 3.125055
0.677965 0.030601 0.027044 0.014234 0.000930 0.236093 0.013134 3.128012
0.677861 0.030648 0.027093 0.014274 0.000935 0.236046 0.013143 3.131024
0.677906 0.030632 0.027117 0.014302 0.000938 0.235947 0.013158 3.134048
0.677881 0.030614 0.027151 0.014320 0.000939 0.235924 0.013169 3.137072
0.677899 0.030655 0.027084 0.014354 0.000930 0.235899 0.013180 3.140016
0.677785 0.030639 0.027127 0.014398 0.000923 0.235930 0.013196 3.143097
0.677645 0.030663 0.027088 0.014417 0.000947 0.236037 0.013202 3.146107
0.677467 0.030738 0.027096 0.014474 0.000946 0.236063 0.013216 3.149113
0.677352 0.030737 0.027157 0.014469 0.000950 0.236101 0.013233 3.152124
0.677274 0.030770 0.027216 0.014430 0.000948 0.236113 0.013248 3.155108
0.677218 0.030808 0.027181 0.014458 0.000948 0.236127 0.013260 3.158103
0.677185 0.030743 0.027202 0.014537 0.000946 0.236111 0.013277 3.161167
0.677122 0.030783 0.027264 0.014512 0.000940 0.236090 0.013291 3.164156
0.677080 0.030804 0.027231 0.014526 0.000942 0.236117 0.013300 3.167173
0.676976 0.030815 0.027220 0.014557 0.000935 0.236185 0.013312 3.170205
0.676936 0.030741 0.027234 0.014591 0.000929 0.236244 0.013325 3.173283
0.676820 0.030670 0.027314 0.014624 0.000930 0.236302 0.013339 3.176368
0.676813 0.030693 0.027244 0.014572 0.000929 0.236397 0.013352 3.179311
0.676715 0.030675 0.027274 0.014584 0.000926 0.236464 0.013363 3.182344
0.676687 0.030571 0.027295 0.014573 0.000935 0.236565 0.013374 3.185385
0.676595 0.030641 0.027248 0.014541 0.000927 0.236666 0.013382 3.188320
0.676523 0.030596 0.027253 0.014600 0.000922 0.236709 0.013398 3.191333
0.676426 0.030557 0.027326 0.014613 0.000925 0.236745 0.013409 3.194386
0.676400 0.030457 0.027411 0.014648 0.000934 0.236731 0.013420 3.197452
0.676311 0.030496 0.027396 0.014629 0.000938 0.236800 0.013430 3.200405
0.676374 0.030463 0.027316 0.014582 0.000939 0.236884 0.013443 3.203346
0.676207 0.030557 0.027361 0.014599 0.000942 0.236877 0.013458 3.206334
0.676196 0.030577 0.027317 0.014594 0.000942 0.236907 0.013467 3.209267
0.676176 0.030661 0.027287 0.014594 0.000944 0.236857 0.013482 3.212190
0.676215 0.030636 0.027192 0.014591 0.000954 0.236921 0.013490 3.215144
0.676209 0.030614 0.027196 0.014623 0.000953 0.236902 0.013503 3.218158
0.676113 0.030605 0.027226 0.014649 0.000947 0.236945 0.013515 3.221179
0.676054 0.030621 0.027213 0.014643 0.000948 0.236995 0.013526 3.224182
0.675979 0.030656 0.027137 0.014663 0.000943 0.237079 0.013543 3.227160
0.675919 0.030647 0.027129 0.014645 0.000944 0.237159 0.013557 3.230137
0.675930 0.030667 0.027142 0.014608 0.000949 0.237137 0.013568 3.233130
0.675903 0.030585 0.027198 0.014653 0.000947 0.237133 0.013581 3.236179
0.675896 0.030601 0.027230 0.014654 0.000952 0.237076 0.013591 3.239191
0.675835 0.030551 0.027297 0.014676 0.000954 0.237085 0.013603 3.242237
0.675768 0.030615 0.027300 0.014664 0.000961 0.237075 0.013617 3.245229
0.675715 0.030589 0.027360 0.014696 0.000963 0.237050 0.013628 3.248275
0.675674 0.030541 0.027411 0.014731 0.000962 0.237040 0.013641 3.251299
0.675660 0.030502 0.027414 0.014719 0.000965 0.237083 0.013657 3.254267
