0.999839 0.000105 0.000039 0.000018 0.000000 0.000000 0.000000
0.999769 0.000155 0.000020 0.000005 0.000000 0.000051 0.000000
0.999572 0.000338 0.000038 0.000014 0.000000 0.000038 0.000000
0.999056 0.000827 0.000059 0.000022 0.000000 0.000036 0.000000
0.998484 0.001278 0.000152 0.000047 0.000000 0.000039 0.000000
0.997488 0.002059 0.000340 0.000085 0.000000 0.000029 0.000000
0.995520 0.003611 0.000646 0.000191 0.000000 0.000032 0.000000
0.992442 0.006146 0.000919 0.000369 0.000000 0.000125 0.000000
0.988246 0.009292 0.001437 0.000699 0.000000 0.000326 0.000000
0.983621 0.012824 0.002015 0.001049 0.000000 0.000490 0.000000
0.977791 0.017222 0.002748 0.001473 0.000000 0.000766 0.000000
0.970446 0.022815 0.003684 0.001935 0.000000 0.001121 0.000000
0.960730 0.030195 0.004890 0.002600 0.000000 0.001584 0.000000
0.949096 0.039030 0.006220 0.003471 0.000000 0.002183 0.000000
0.938477 0.046775 0.007759 0.004383 0.000003 0.002603 0.000000
0.923221 0.057741 0.010029 0.005503 0.000020 0.003486 0.000000
0.907068 0.069332 0.012651 0.006404 0.000031 0.004512 0.000001
0.887987 0.082526 0.015801 0.008040 0.000041 0.005603 0.000003
0.869311 0.094998 0.019060 0.009677 0.000046 0.006904 0.000004
0.849670 0.107901 0.022652 0.011529 0.000034 0.008211 0.000004
0.827363 0.121870 0.026808 0.013886 0.000032 0.010037 0.000004
0.805076 0.135235 0.031205 0.016206 0.000046 0.012228 0.000004
0.784256 0.146615 0.035863 0.018447 0.000053 0.014763 0.000004
0.763201 0.157659 0.040698 0.020886 0.000070 0.017481 0.000003
0.739205 0.169318 0.046444 0.023964 0.000088 0.020977 0.000003
0.718702 0.178958 0.051545 0.026454 0.000102 0.024235 0.000004
0.695191 0.189151 0.057541 0.029406 0.000113 0.028592 0.000006
0.671724 0.198003 0.063736 0.032806 0.000137 0.033589 0.000005
0.650926 0.204587 0.069468 0.035983 0.000175 0.038857 0.000005
0.632177 0.209018 0.075280 0.038947 0.000204 0.044370 0.000005
0.613896 0.212733 0.080954 0.042161 0.000227 0.050024 0.000005
0.595637 0.215134 0.086710 0.045418 0.000239 0.056857 0.000004
0.576663 0.217681 0.092563 0.048325 0.000263 0.064501 0.000004
0.561338 0.217484 0.097783 0.050997 0.000283 0.072111 0.000004
0.548401 0.216828 0.101776 0.053149 0.000313 0.079530 0.000004
0.533940 0.215988 0.106216 0.055603 0.000335 0.087913 0.000004
0.521550 0.214697 0.110197 0.057589 0.000347 0.095616 0.000004
0.510003 0.212116 0.113684 0.059410 0.000370 0.104414 0.000004
0.499624 0.208940 0.116656 0.061093 0.000389 0.113292 0.000005
0.487453 0.206736 0.120013 0.062807 0.000428 0.122556 0.000007
0.478072 0.203581 0.122216 0.064093 0.000466 0.131565 0.000007
0.467060 0.200866 0.125033 0.065599 0.000495 0.140939 0.000007
0.458432 0.197841 0.126914 0.066594 0.000522 0.149690 0.000007
0.444552 0.194517 0.130153 0.068443 0.000547 0.161780 0.000009
0.434735 0.191865 0.132297 0.069426 0.000572 0.171096 0.000008
0.425294 0.188107 0.133863 0.070259 0.000603 0.181863 0.000010
0.414763 0.184743 0.135924 0.071239 0.000631 0.192687 0.000012
0.403833 0.180248 0.138148 0.072506 0.000639 0.204613 0.000012
0.393410 0.175236 0.139817 0.073483 0.000653 0.217389 0.000012
0.385818 0.170176 0.140171 0.074145 0.000687 0.228991 0.000012
0.377173 0.163976 0.140842 0.074763 0.000739 0.242493 0.000013
0.370607 0.158224 0.140970 0.074949 0.000767 0.254465 0.000019
0.364964 0.152637 0.140973 0.074657 0.000787 0.265959 0.000023
0.359625 0.146801 0.140584 0.074374 0.000806 0.277779 0.000031
0.354355 0.140396 0.140108 0.074091 0.000848 0.290167 0.000036
0.350978 0.134400 0.138729 0.073513 0.000887 0.301457 0.000036
0.347804 0.129369 0.137179 0.073057 0.000936 0.311618 0.000037
0.344587 0.123376 0.135331 0.072392 0.000953 0.323322 0.000038
0.342320 0.118005 0.133349 0.071510 0.000968 0.333808 0.000040
0.340337 0.112969 0.131202 0.070387 0.000999 0.344064 0.000041
0.338737 0.107972 0.129242 0.069365 0.001026 0.353619 0.000040
0.337498 0.103159 0.126587 0.068078 0.001074 0.363561 0.000043
0.337479 0.099010 0.123743 0.066569 0.001062 0.372088 0.000048
0.337107 0.094584 0.120670 0.064931 0.001060 0.381592 0.000055
0.338576 0.090667 0.117404 0.063206 0.001064 0.389025 0.000058
0.339457 0.086372 0.114302 0.061824 0.001067 0.396917 0.000060
0.340557 0.082364 0.111443 0.060281 0.001083 0.404212 0.000061
0.344201 0.079319 0.108642 0.058908 0.001080 0.407787 0.000064
0.346558 0.076453 0.105646 0.057327 0.001087 0.412857 0.000071
0.349346 0.073036 0.102133 0.055671 0.001084 0.418654 0.000075
0.352873 0.070641 0.099032 0.053985 0.001099 0.422290 0.000081
0.357019 0.068628 0.095663 0.052342 0.001089 0.425175 0.000083
0.360031 0.066591 0.092606 0.050623 0.001109 0.428955 0.000086
0.363099 0.065471 0.090157 0.049285 0.001101 0.430799 0.000088
0.366076 0.064922 0.087403 0.047790 0.001080 0.432635 0.000094
0.367149 0.064216 0.084966 0.046542 0.001073 0.435952 0.000102
0.367904 0.063700 0.082948 0.045451 0.001066 0.438827 0.000104
0.368579 0.063363 0.081171 0.044537 0.001070 0.441169 0.000111
0.368729 0.062477 0.079164 0.043335 0.001052 0.445121 0.000123
0.369652 0.061531 0.077064 0.042219 0.001044 0.448362 0.000129
0.370318 0.060616 0.075455 0.041442 0.001040 0.450998 0.000132
0.371363 0.059947 0.073917 0.040502 0.001030 0.453102 0.000138
0.371997 0.058390 0.072196 0.039484 0.001011 0.456781 0.000140
0.373877 0.057830 0.070816 0.038892 0.000994 0.457449 0.000143
0.374694 0.055860 0.069333 0.038109 0.000974 0.460885 0.000146
0.376597 0.054982 0.068196 0.037509 0.000961 0.461608 0.000146
0.377623 0.053220 0.066948 0.036662 0.000973 0.464423 0.000151
0.379131 0.052164 0.065664 0.035853 0.000970 0.466065 0.000154
0.381630 0.050891 0.064084 0.034962 0.000942 0.467328 0.000162
0.383463 0.049684 0.062663 0.034163 0.000940 0.468921 0.000166
0.385363 0.049433 0.061654 0.033440 0.000924 0.469014 0.000171
0.387568 0.048202 0.060135 0.032432 0.000909 0.470582 0.000173
0.389729 0.047375 0.058772 0.031673 0.000895 0.471378 0.000178
0.391100 0.046661 0.057907 0.031195 0.000875 0.472083 0.000180
0.393257 0.045664 0.056495 0.030478 0.000848 0.473073 0.000185
0.395667 0.044807 0.054878 0.029683 0.000846 0.473932 0.000187
0.397446 0.044525 0.054092 0.029204 0.000841 0.473700 0.000191
0.400209 0.043633 0.052665 0.028412 0.000821 0.474062 0.000198
0.402538 0.042815 0.051153 0.027704 0.000821 0.474767 0.000203
0.404563 0.042784 0.050654 0.027531 0.000815 0.473449 0.000205
0.407079 0.042615 0.049646 0.026897 0.000835 0.472721 0.000206
0.408359 0.042594 0.049552 0.026868 0.000837 0.471588 0.000202
0.410779 0.042083 0.048607 0.026269 0.000840 0.471215 0.000207
0.412926 0.041724 0.047142 0.025570 0.000824 0.471594 0.000220
0.415117 0.041763 0.046386 0.025140 0.000822 0.470550 0.000223
0.417660 0.041036 0.045468 0.024451 0.000802 0.470360 0.000223
0.419338 0.040950 0.045074 0.024063 0.000789 0.469559 0.000226
0.421323 0.040933 0.044450 0.023725 0.000783 0.468559 0.000228
0.423320 0.040952 0.043834 0.023374 0.000786 0.467507 0.000226
0.425635 0.040856 0.043044 0.022997 0.000776 0.466461 0.000230
0.427442 0.040901 0.042406 0.022767 0.000759 0.465492 0.000233
0.429531 0.040912 0.041994 0.022512 0.000746 0.464073 0.000232
0.431198 0.041067 0.041666 0.022289 0.000728 0.462817 0.000235
0.433540 0.040909 0.040915 0.021928 0.000695 0.461769 0.000243
0.434951 0.041055 0.040792 0.021837 0.000691 0.460430 0.000244
0.436963 0.040969 0.040418 0.021562 0.000680 0.459160 0.000247
0.438763 0.040990 0.040242 0.021414 0.000683 0.457657 0.000251
0.440504 0.040929 0.039896 0.021358 0.000678 0.456378 0.000257
0.441833 0.041195 0.039497 0.021240 0.000667 0.455307 0.000262
0.443354 0.041358 0.039209 0.021150 0.000662 0.454005 0.000264
0.444677 0.041411 0.039100 0.021101 0.000642 0.452808 0.000261
0.446120 0.041542 0.039062 0.021062 0.000623 0.451327 0.000265
0.447963 0.041459 0.038737 0.020882 0.000624 0.450070 0.000264
0.449375 0.041200 0.038733 0.020869 0.000625 0.448927 0.000271
0.452607 0.040189 0.038601 0.020555 0.000620 0.447157 0.000272
0.455025 0.039121 0.038616 0.020480 0.000609 0.445877 0.000272
0.458036 0.037927 0.038290 0.020167 0.000594 0.444707 0.000279
0.461735 0.036424 0.038026 0.019961 0.000585 0.442988 0.000281
0.464764 0.034956 0.037934 0.019728 0.000585 0.441752 0.000281
0.468766 0.033441 0.037370 0.019337 0.000575 0.440229 0.000283
0.472886 0.031837 0.036880 0.018953 0.000568 0.438586 0.000290
0.476945 0.030304 0.036264 0.018600 0.000553 0.437042 0.000292
0.481320 0.028714 0.035684 0.018108 0.000542 0.435344 0.000287
0.485278 0.027341 0.035147 0.017685 0.000534 0.433720 0.000296
0.489890 0.025982 0.034567 0.017219 0.000530 0.431518 0.000294
0.493850 0.024700 0.033934 0.016692 0.000522 0.430012 0.000291
0.498315 0.023512 0.032996 0.016142 0.000526 0.428212 0.000297
0.502468 0.022303 0.032318 0.015689 0.000519 0.426410 0.000294
0.507070 0.021073 0.031435 0.015096 0.000505 0.424524 0.000297
0.511612 0.019931 0.030574 0.014521 0.000499 0.422565 0.000298
0.516446 0.018955 0.029682 0.014026 0.000491 0.420096 0.000305
0.520990 0.017935 0.028947 0.013619 0.000486 0.417723 0.000301
0.525572 0.016946 0.028171 0.013089 0.000486 0.415435 0.000301
0.530311 0.016007 0.027303 0.012694 0.000487 0.412892 0.000306
0.534426 0.015104 0.026417 0.012334 0.000483 0.410931 0.000305
0.539340 0.014412 0.025551 0.011794 0.000480 0.408117 0.000305
0.544086 0.013662 0.024794 0.011395 0.000471 0.405280 0.000312
0.548690 0.013017 0.023965 0.010920 0.000451 0.402651 0.000306
0.552786 0.012509 0.023185 0.010487 0.000445 0.400269 0.000320
0.556955 0.011927 0.022504 0.010082 0.000436 0.397768 0.000329
0.561750 0.011260 0.021730 0.009711 0.000424 0.394801 0.000325
0.566833 0.010730 0.020930 0.009279 0.000405 0.391496 0.000327
0.570663 0.010135 0.020140 0.008939 0.000391 0.389405 0.000327
0.575177 0.009668 0.019368 0.008593 0.000380 0.386484 0.000329
0.579825 0.009274 0.018609 0.008181 0.000366 0.383418 0.000328
0.584229 0.008826 0.018026 0.007938 0.000353 0.380288 0.000340
0.588531 0.008361 0.017450 0.007669 0.000355 0.377294 0.000340
0.593248 0.008021 0.016742 0.007337 0.000350 0.373970 0.000333
0.596707 0.007751 0.016254 0.007124 0.000343 0.371485 0.000336
0.601580 0.007267 0.015507 0.006841 0.000336 0.368132 0.000337
0.605272 0.006997 0.015090 0.006628 0.000326 0.365348 0.000339
0.609881 0.006677 0.014497 0.006321 0.000330 0.361954 0.000340
0.614648 0.006347 0.013943 0.006012 0.000326 0.358383 0.000342
0.618548 0.006174 0.013427 0.005796 0.000309 0.355405 0.000342
0.622990 0.005865 0.012878 0.005546 0.000306 0.352066 0.000350
0.626756 0.005754 0.012519 0.005442 0.000294 0.348888 0.000347
0.631350 0.005480 0.011927 0.005174 0.000291 0.345428 0.000350
0.635329 0.005244 0.011512 0.004996 0.000295 0.342275 0.000348
0.639185 0.005126 0.011043 0.004815 0.000283 0.339194 0.000354
0.643152 0.004902 0.010574 0.004608 0.000281 0.336123 0.000360
0.646515 0.004767 0.010224 0.004463 0.000273 0.333405 0.000353
0.651184 0.004656 0.009821 0.004284 0.000269 0.329435 0.000352
0.655600 0.004369 0.009375 0.004061 0.000247 0.325994 0.000353
0.659441 0.004257 0.009106 0.003907 0.000237 0.322706 0.000345
0.663187 0.004126 0.008693 0.003775 0.000232 0.319627 0.000361
0.666776 0.004035 0.008420 0.003643 0.000222 0.316544 0.000359
0.670321 0.003928 0.008077 0.003551 0.000210 0.313553 0.000361
0.673988 0.003833 0.007774 0.003405 0.000210 0.310430 0.000360
0.678159 0.003631 0.007414 0.003251 0.000199 0.306981 0.000365
0.681699 0.003572 0.007233 0.003126 0.000199 0.303814 0.000357
0.685461 0.003438 0.006957 0.002975 0.000181 0.300622 0.000366
0.688885 0.003330 0.006716 0.002879 0.000172 0.297655 0.000364
0.692108 0.003261 0.006484 0.002808 0.000168 0.294801 0.000369
0.695578 0.003182 0.006263 0.002697 0.000163 0.291745 0.000372
0.699186 0.003062 0.006032 0.002602 0.000161 0.288580 0.000377
0.702225 0.003016 0.005837 0.002501 0.000164 0.285883 0.000375
0.705985 0.002934 0.005575 0.002374 0.000162 0.282601 0.000370
0.709580 0.002816 0.005334 0.002265 0.000157 0.279470 0.000378
0.712165 0.002762 0.005196 0.002204 0.000156 0.277142 0.000377
0.716350 0.002698 0.004920 0.002126 0.000148 0.273384 0.000375
0.719691 0.002671 0.004802 0.002087 0.000141 0.270240 0.000368
0.722330 0.002686 0.004652 0.002053 0.000144 0.267757 0.000377
0.725770 0.002555 0.004377 0.001958 0.000148 0.264813 0.000380
0.728900 0.002478 0.004271 0.001907 0.000146 0.261925 0.000372
0.731887 0.002448 0.004141 0.001815 0.000134 0.259195 0.000381
0.735710 0.002395 0.003966 0.001778 0.000125 0.255650 0.000377
0.738578 0.002348 0.003813 0.001754 0.000117 0.252999 0.000391
0.741109 0.002392 0.003754 0.001680 0.000118 0.250567 0.000379
0.744129 0.002294 0.003604 0.001634 0.000105 0.247842 0.000390
0.747260 0.002331 0.003591 0.001608 0.000105 0.244728 0.000376
0.750229 0.002230 0.003419 0.001541 0.000099 0.242091 0.000390
0.752880 0.002261 0.003353 0.001508 0.000092 0.239517 0.000388
0.755691 0.002247 0.003261 0.001478 0.000090 0.236855 0.000377
0.758554 0.002220 0.003146 0.001412 0.000088 0.234201 0.000379
0.761920 0.002173 0.003053 0.001424 0.000087 0.230980 0.000363
0.764042 0.002090 0.003001 0.001372 0.000085 0.229028 0.000381
0.766784 0.002088 0.002990 0.001365 0.000085 0.226312 0.000376
0.769297 0.002063 0.002976 0.001369 0.000082 0.223833 0.000379
0.772672 0.001948 0.002894 0.001333 0.000081 0.220701 0.000370
0.775679 0.001839 0.002706 0.001301 0.000080 0.218019 0.000376
0.778135 0.001771 0.002713 0.001278 0.000075 0.215652 0.000375
0.780356 0.001793 0.002701 0.001286 0.000079 0.213396 0.000389
0.783034 0.001699 0.002576 0.001249 0.000076 0.210979 0.000388
0.785351 0.001667 0.002562 0.001271 0.000079 0.208694 0.000376
0.787936 0.001660 0.002491 0.001238 0.000074 0.206208 0.000394
0.790628 0.001609 0.002411 0.001186 0.000076 0.203706 0.000384
0.793222 0.001594 0.002339 0.001139 0.000067 0.201249 0.000389
0.795091 0.001580 0.002265 0.001121 0.000063 0.199497 0.000383
0.797742 0.001594 0.002234 0.001066 0.000066 0.196914 0.000385
0.799808 0.001646 0.002189 0.001063 0.000058 0.194851 0.000386
0.803115 0.001558 0.002069 0.001003 0.000056 0.191820 0.000379
0.805542 0.001473 0.002032 0.001016 0.000054 0.189491 0.000392
0.807311 0.001494 0.001999 0.001005 0.000053 0.187749 0.000389
0.809330 0.001506 0.001947 0.000997 0.000053 0.185776 0.000390
0.812325 0.001412 0.001807 0.000914 0.000055 0.183112 0.000374
0.814186 0.001465 0.001808 0.000916 0.000050 0.181191 0.000383
0.816507 0.001485 0.001760 0.000904 0.000049 0.178914 0.000381
0.818480 0.001436 0.001742 0.000885 0.000043 0.177030 0.000384
0.820511 0.001442 0.001760 0.000852 0.000045 0.175004 0.000386
0.823215 0.001367 0.001677 0.000829 0.000039 0.172487 0.000387
0.826148 0.001289 0.001560 0.000754 0.000037 0.169831 0.000381
0.827296 0.001449 0.001653 0.000784 0.000034 0.168405 0.000380
0.829846 0.001325 0.001578 0.000737 0.000034 0.166094 0.000386
0.831175 0.001364 0.001615 0.000737 0.000038 0.164686 0.000384
0.833376 0.001311 0.001524 0.000719 0.000038 0.162643 0.000388
0.834772 0.001300 0.001516 0.000702 0.000037 0.161288 0.000386
0.836947 0.001372 0.001523 0.000696 0.000036 0.159045 0.000381
0.839373 0.001291 0.001424 0.000672 0.000036 0.156817 0.000387
0.840699 0.001270 0.001427 0.000682 0.000036 0.155501 0.000384
0.842860 0.001265 0.001393 0.000667 0.000037 0.153402 0.000375
0.844839 0.001263 0.001412 0.000668 0.000036 0.151395 0.000387
0.846158 0.001287 0.001437 0.000687 0.000034 0.150023 0.000374
0.847931 0.001315 0.001417 0.000670 0.000034 0.148257 0.000375
0.849774 0.001295 0.001429 0.000641 0.000031 0.146455 0.000374
0.852014 0.001242 0.001397 0.000650 0.000028 0.144291 0.000378
0.853484 0.001192 0.001372 0.000623 0.000033 0.142909 0.000386
0.855751 0.001242 0.001397 0.000608 0.000029 0.140594 0.000379
0.856665 0.001242 0.001353 0.000603 0.000032 0.139724 0.000382
0.858667 0.001247 0.001318 0.000604 0.000029 0.137747 0.000387
0.860214 0.001222 0.001307 0.000630 0.000032 0.136212 0.000383
0.861395 0.001270 0.001319 0.000603 0.000029 0.135003 0.000382
0.862992 0.001292 0.001338 0.000605 0.000031 0.133358 0.000384
0.864799 0.001272 0.001328 0.000616 0.000028 0.131578 0.000380
0.866492 0.001237 0.001324 0.000589 0.000027 0.129938 0.000393
0.867129 0.001310 0.001355 0.000621 0.000029 0.129177 0.000379
0.869368 0.001209 0.001299 0.000607 0.000026 0.127111 0.000380
0.870649 0.001210 0.001319 0.000586 0.000028 0.125826 0.000382
0.872660 0.001185 0.001274 0.000575 0.000025 0.123898 0.000383
0.872981 0.001310 0.001340 0.000604 0.000026 0.123351 0.000387
0.875135 0.001260 0.001293 0.000577 0.000026 0.121320 0.000389
0.876325 0.001328 0.001305 0.000583 0.000026 0.120054 0.000380
0.877662 0.001386 0.001295 0.000591 0.000022 0.118667 0.000378
0.879259 0.001315 0.001248 0.000611 0.000030 0.117145 0.000393
0.880359 0.001276 0.001289 0.000635 0.000028 0.116041 0.000371
0.881782 0.001289 0.001292 0.000645 0.000025 0.114586 0.000380
0.882716 0.001366 0.001288 0.000628 0.000029 0.113605 0.000368
0.884503 0.001342 0.001303 0.000676 0.000031 0.111765 0.000381
0.885182 0.001410 0.001430 0.000742 0.000025 0.110824 0.000387
0.886676 0.001399 0.001393 0.000707 0.000029 0.109413 0.000383
0.887879 0.001392 0.001347 0.000700 0.000028 0.108283 0.000372
0.889406 0.001388 0.001288 0.000645 0.000029 0.106863 0.000382
0.890789 0.001431 0.001273 0.000659 0.000023 0.105449 0.000375
0.890485 0.001652 0.001422 0.000741 0.000026 0.105291 0.000384
0.891877 0.001623 0.001447 0.000715 0.000025 0.103935 0.000378
0.892317 0.001837 0.001556 0.000733 0.000025 0.103153 0.000380
0.895113 0.001605 0.001390 0.000664 0.000026 0.100834 0.000369
0.895793 0.001672 0.001439 0.000708 0.000023 0.099996 0.000369
0.895909 0.001789 0.001509 0.000756 0.000023 0.099641 0.000373
0.897752 0.001667 0.001456 0.000717 0.000023 0.098012 0.000373
0.897394 0.002101 0.001588 0.000823 0.000021 0.097693 0.000380
0.898701 0.002065 0.001525 0.000780 0.000020 0.096524 0.000385
0.899405 0.002049 0.001640 0.000828 0.000022 0.095678 0.000378
0.899854 0.002305 0.001757 0.000839 0.000022 0.094838 0.000384
0.901633 0.002182 0.001632 0.000817 0.000020 0.093333 0.000383
0.902719 0.002214 0.001635 0.000887 0.000019 0.092142 0.000383
0.903015 0.002421 0.001719 0.000943 0.000022 0.091491 0.000388
0.904217 0.002228 0.001688 0.000897 0.000017 0.090565 0.000388
0.905378 0.002320 0.001718 0.000897 0.000018 0.089306 0.000363
0.905665 0.002428 0.001819 0.000967 0.000020 0.088727 0.000375
0.905467 0.002586 0.001918 0.001042 0.000021 0.088590 0.000376
0.906979 0.002539 0.001901 0.001082 0.000019 0.087097 0.000384
0.907683 0.002593 0.001992 0.001159 0.000019 0.086172 0.000381
0.908975 0.002654 0.001982 0.001235 0.000017 0.084744 0.000392
0.907740 0.002879 0.002290 0.001391 0.000018 0.085290 0.000391
0.909688 0.002665 0.002234 0.001283 0.000022 0.083713 0.000394
0.911113 0.002536 0.002134 0.001210 0.000019 0.082607 0.000380
0.908346 0.003231 0.002681 0.001480 0.000025 0.083846 0.000391
0.910224 0.003149 0.002639 0.001428 0.000027 0.082132 0.000401
0.912799 0.002803 0.002320 0.001245 0.000025 0.080423 0.000386
0.956141 0.000624 0.000583 0.000286 0.000008 0.042151 0.000207
