0.330517 0.063422 0.056731 0.032708 0.002155 0.508322 0.006144 1.661778
0.332890 0.061129 0.056716 0.032559 0.002159 0.508379 0.006168 1.667966
0.336072 0.058381 0.056534 0.032216 0.002159 0.508443 0.006194 1.673822
0.339902 0.055374 0.056165 0.031871 0.002165 0.508298 0.006226 1.679445
0.344089 0.052358 0.055718 0.031386 0.002149 0.508044 0.006257 1.684718
0.348405 0.049400 0.055081 0.030860 0.002150 0.507818 0.006287 1.689719
0.352873 0.046589 0.054253 0.030286 0.002131 0.507556 0.006313 1.694350
0.357422 0.043878 0.053388 0.029625 0.002134 0.507211 0.006342 1.698715
0.362100 0.041269 0.052347 0.028988 0.002141 0.506790 0.006367 1.702879
0.366889 0.038775 0.051149 0.028328 0.002145 0.506328 0.006386 1.706838
0.371919 0.036435 0.050008 0.027532 0.002142 0.505552 0.006413 1.710503
0.377070 0.034210 0.048814 0.026715 0.002134 0.504621 0.006436 1.713983
0.382342 0.032222 0.047491 0.025884 0.002112 0.503486 0.006465 1.717190
0.387458 0.030356 0.046256 0.025108 0.002102 0.502224 0.006496 1.720243
0.392719 0.028575 0.044905 0.024256 0.002087 0.500933 0.006524 1.723124
0.397853 0.026973 0.043464 0.023481 0.002054 0.499618 0.006557 1.725827
0.403011 0.025415 0.042171 0.022667 0.002026 0.498124 0.006587 1.728420
0.408268 0.023954 0.040736 0.021899 0.002004 0.496523 0.006616 1.730837
0.413538 0.022585 0.039401 0.021129 0.001979 0.494722 0.006646 1.733114
0.418824 0.021345 0.038145 0.020369 0.001950 0.492694 0.006674 1.735273
0.424176 0.020133 0.036826 0.019605 0.001911 0.490645 0.006704 1.737320
0.429526 0.019073 0.035526 0.018846 0.001879 0.488414 0.006735 1.739237
0.434773 0.018032 0.034241 0.018180 0.001876 0.486145 0.006752 1.741075
0.440095 0.017087 0.033002 0.017553 0.001839 0.483643 0.006781 1.742813
0.445343 0.016259 0.031760 0.016817 0.001809 0.481202 0.006811 1.744406
0.450563 0.015421 0.030613 0.016111 0.001783 0.478672 0.006837 1.745961
0.455817 0.014686 0.029466 0.015467 0.001754 0.475952 0.006857 1.747403
0.460947 0.014010 0.028332 0.014845 0.001728 0.473264 0.006874 1.748785
0.466203 0.013279 0.027221 0.014266 0.001702 0.470432 0.006897 1.750158
0.471459 0.012634 0.026210 0.013696 0.001664 0.467414 0.006923 1.751451
0.476621 0.012049 0.025188 0.013146 0.001630 0.464418 0.006948 1.752674
0.481757 0.011536 0.024214 0.012614 0.001611 0.461297 0.006970 1.753814
0.486853 0.011017 0.023228 0.012056 0.001573 0.458284 0.006989 1.754928
0.491968 0.010579 0.022296 0.011541 0.001543 0.455059 0.007013 1.755965
0.497035 0.010055 0.021488 0.011106 0.001518 0.451769 0.007029 1.757047
0.502030 0.009597 0.020663 0.010681 0.001487 0.448491 0.007051 1.758060
0.507090 0.009234 0.019813 0.010253 0.001458 0.445085 0.007068 1.758967
0.512158 0.008863 0.019020 0.009865 0.001416 0.441589 0.007090 1.759864
0.517158 0.008530 0.018261 0.009482 0.001374 0.438085 0.007111 1.760716
0.522155 0.008236 0.017521 0.009100 0.001350 0.434512 0.007126 1.761524
0.526948 0.007949 0.016848 0.008751 0.001325 0.431032 0.007147 1.762312
0.531795 0.007705 0.016171 0.008385 0.001291 0.427488 0.007167 1.763062
0.536620 0.007422 0.015488 0.008051 0.001261 0.423975 0.007184 1.763803
0.541405 0.007133 0.014902 0.007747 0.001240 0.420374 0.007199 1.764544
0.546108 0.006892 0.014349 0.007443 0.001216 0.416779 0.007213 1.765248
0.550850 0.006651 0.013786 0.007154 0.001204 0.413124 0.007231 1.765922
0.555483 0.006425 0.013264 0.006847 0.001188 0.409549 0.007245 1.766552
0.560154 0.006213 0.012735 0.006570 0.001165 0.405902 0.007260 1.767169
0.564761 0.006032 0.012231 0.006272 0.001140 0.402287 0.007276 1.767753
0.569370 0.005875 0.011746 0.006031 0.001117 0.398572 0.007288 1.768318
0.574027 0.005707 0.011305 0.005784 0.001093 0.394779 0.007307 1.768858
0.578555 0.005558 0.010901 0.005556 0.001067 0.391041 0.007322 1.769403
0.583022 0.005412 0.010470 0.005333 0.001036 0.387392 0.007335 1.769918
0.587487 0.005266 0.010078 0.005164 0.001004 0.383652 0.007349 1.770447
0.591913 0.005115 0.009720 0.004979 0.000978 0.379936 0.007360 1.770972
0.596328 0.004950 0.009399 0.004808 0.000959 0.376185 0.007371 1.771490
0.600594 0.004804 0.009086 0.004619 0.000937 0.372572 0.007387 1.771985
0.604828 0.004685 0.008747 0.004465 0.000911 0.368963 0.007401 1.772438
0.608995 0.004585 0.008443 0.004294 0.000886 0.365381 0.007417 1.772888
0.613232 0.004461 0.008142 0.004142 0.000866 0.361732 0.007425 1.773335
0.617370 0.004351 0.007849 0.003998 0.000851 0.358145 0.007436 1.773757
0.621451 0.004259 0.007595 0.003860 0.000827 0.354561 0.007448 1.774176
0.625496 0.004155 0.007318 0.003725 0.000811 0.351036 0.007458 1.774612
0.629498 0.004091 0.007069 0.003599 0.000787 0.347484 0.007472 1.775004
0.633546 0.003993 0.006843 0.003474 0.000770 0.343891 0.007483 1.775398
0.637558 0.003912 0.006620 0.003377 0.000746 0.340293 0.007493 1.775789
0.641472 0.003822 0.006398 0.003260 0.000719 0.336821 0.007508 1.776168
0.645382 0.003748 0.006171 0.003157 0.000703 0.333325 0.007515 1.776539
0.649206 0.003713 0.005983 0.003028 0.000690 0.329858 0.007522 1.776886
0.653019 0.003617 0.005803 0.002921 0.000671 0.326438 0.007531 1.777257
0.656809 0.003563 0.005628 0.002832 0.000656 0.322976 0.007538 1.777600
0.660498 0.003547 0.005420 0.002748 0.000645 0.319594 0.007547 1.777919
0.664236 0.003451 0.005269 0.002678 0.000631 0.316180 0.007555 1.778281
0.667943 0.003390 0.005105 0.002616 0.000616 0.312764 0.007565 1.778610
0.671558 0.003334 0.004984 0.002533 0.000596 0.309420 0.007576 1.778943
0.675173 0.003255 0.004819 0.002484 0.000574 0.306112 0.007582 1.779275
0.678775 0.003217 0.004675 0.002433 0.000558 0.302752 0.007590 1.779587
0.682299 0.003164 0.004565 0.002364 0.000547 0.299466 0.007597 1.779904
0.685749 0.003136 0.004445 0.002316 0.000529 0.296221 0.007604 1.780201
0.689070 0.003054 0.004333 0.002253 0.000509 0.293167 0.007614 1.780508
0.692457 0.003016 0.004219 0.002188 0.000492 0.290007 0.007623 1.780789
0.695807 0.002975 0.004121 0.002152 0.000471 0.286840 0.007634 1.781080
0.699165 0.002928 0.004006 0.002120 0.000454 0.283687 0.007641 1.781371
0.702521 0.002872 0.003901 0.002074 0.000446 0.280541 0.007645 1.781650
0.705725 0.002825 0.003810 0.002016 0.000434 0.277544 0.007648 1.781933
0.708968 0.002797 0.003719 0.001970 0.000423 0.274468 0.007655 1.782193
0.712068 0.002770 0.003627 0.001940 0.000416 0.271520 0.007660 1.782457
0.715248 0.002730 0.003541 0.001897 0.000407 0.268514 0.007664 1.782720
0.718365 0.002675 0.003465 0.001858 0.000395 0.265572 0.007671 1.782996
0.721486 0.002636 0.003367 0.001815 0.000377 0.262640 0.007679 1.783247
0.724515 0.002600 0.003278 0.001769 0.000367 0.259788 0.007683 1.783493
0.727486 0.002582 0.003211 0.001720 0.000357 0.256957 0.007688 1.783738
0.730507 0.002534 0.003158 0.001689 0.000344 0.254072 0.007696 1.783993
0.733450 0.002491 0.003108 0.001646 0.000337 0.251267 0.007702 1.784251
0.736385 0.002471 0.003036 0.001613 0.000330 0.248461 0.007704 1.784487
0.739302 0.002442 0.002977 0.001580 0.000317 0.245671 0.007712 1.784726
0.742138 0.002408 0.002913 0.001535 0.000306 0.242981 0.007718 1.784959
0.744927 0.002367 0.002860 0.001509 0.000294 0.240322 0.007723 1.785213
0.747710 0.002369 0.002810 0.001458 0.000288 0.237641 0.007725 1.785426
0.750442 0.002336 0.002777 0.001437 0.000282 0.234998 0.007727 1.785668
0.753230 0.002322 0.002740 0.001403 0.000278 0.232298 0.007731 1.785896
0.755872 0.002300 0.002698 0.001376 0.000271 0.229748 0.007737 1.786119
0.758462 0.002287 0.002663 0.001349 0.000263 0.227234 0.007742 1.786343
0.761074 0.002287 0.002608 0.001332 0.000259 0.224696 0.007744 1.786563
0.763638 0.002273 0.002588 0.001317 0.000255 0.222184 0.007747 1.786794
0.766135 0.002255 0.002536 0.001310 0.000249 0.219768 0.007749 1.787015
0.768712 0.002239 0.002511 0.001298 0.000239 0.217249 0.007753 1.787244
0.771200 0.002243 0.002488 0.001275 0.000228 0.214811 0.007757 1.787449
0.773661 0.002218 0.002468 0.001279 0.000222 0.212396 0.007758 1.787688
0.776070 0.002218 0.002439 0.001241 0.000217 0.210057 0.007760 1.787893
0.778483 0.002224 0.002404 0.001218 0.000212 0.207698 0.007762 1.788093
0.780874 0.002231 0.002390 0.001204 0.000207 0.205328 0.007767 1.788301
0.783228 0.002201 0.002366 0.001206 0.000196 0.203032 0.007772 1.788522
0.785505 0.002186 0.002354 0.001196 0.000189 0.200796 0.007774 1.788739
0.787778 0.002188 0.002327 0.001173 0.000186 0.198573 0.007777 1.788956
0.790089 0.002164 0.002308 0.001173 0.000183 0.196304 0.007779 1.789183
0.792353 0.002170 0.002292 0.001157 0.000182 0.194066 0.007781 1.789390
0.794595 0.002158 0.002290 0.001155 0.000173 0.191847 0.007784 1.789612
0.796802 0.002176 0.002270 0.001143 0.000170 0.189654 0.007786 1.789822
0.798963 0.002183 0.002238 0.001122 0.000166 0.187539 0.007789 1.790020
0.801036 0.002160 0.002216 0.001122 0.000166 0.185511 0.007791 1.790234
0.803137 0.002153 0.002203 0.001108 0.000157 0.183447 0.007795 1.790434
0.805219 0.002140 0.002187 0.001115 0.000153 0.181390 0.007796 1.790647
0.807338 0.002158 0.002173 0.001095 0.000146 0.179292 0.007798 1.790840
0.809349 0.002156 0.002157 0.001105 0.000144 0.177289 0.007801 1.791057
0.811337 0.002161 0.002152 0.001105 0.000138 0.175304 0.007804 1.791271
0.813252 0.002145 0.002161 0.001112 0.000136 0.173388 0.007806 1.791501
0.815228 0.002134 0.002138 0.001116 0.000134 0.171442 0.007808 1.791719
0.817163 0.002150 0.002119 0.001109 0.000132 0.169518 0.007810 1.791918
0.819013 0.002145 0.002106 0.001093 0.000128 0.167704 0.007812 1.792130
0.820921 0.002149 0.002107 0.001074 0.000125 0.165811 0.007814 1.792344
0.822799 0.002169 0.002100 0.001060 0.000125 0.163933 0.007815 1.792530
0.824587 0.002174 0.002090 0.001059 0.000123 0.162151 0.007816 1.792742
0.826352 0.002173 0.002082 0.001059 0.000119 0.160398 0.007817 1.792965
0.828145 0.002181 0.002086 0.001049 0.000117 0.158602 0.007820 1.793172
0.829862 0.002202 0.002083 0.001038 0.000115 0.156880 0.007821 1.793388
0.831600 0.002225 0.002080 0.001027 0.000117 0.155130 0.007822 1.793594
0.833305 0.002241 0.002057 0.001021 0.000118 0.153434 0.007824 1.793794
0.835027 0.002235 0.002059 0.001014 0.000115 0.151726 0.007825 1.794025
0.836693 0.002235 0.002055 0.001007 0.000113 0.150072 0.007826 1.794246
0.838351 0.002247 0.002039 0.001015 0.000110 0.148409 0.007829 1.794450
0.839953 0.002241 0.002053 0.001027 0.000108 0.146787 0.007831 1.794688
0.841556 0.002252 0.002060 0.001021 0.000103 0.145174 0.007835 1.794907
0.843146 0.002252 0.002058 0.001028 0.000101 0.143579 0.007836 1.795125
0.844749 0.002257 0.002064 0.001029 0.000101 0.141963 0.007837 1.795357
0.846283 0.002247 0.002068 0.001032 0.000099 0.140432 0.007839 1.795574
0.847855 0.002262 0.002058 0.001033 0.000098 0.138854 0.007841 1.795782
0.849369 0.002259 0.002063 0.001040 0.000097 0.137328 0.007843 1.796013
0.850881 0.002254 0.002052 0.001039 0.000097 0.135831 0.007845 1.796242
0.852341 0.002252 0.002058 0.001028 0.000097 0.134376 0.007846 1.796464
0.853804 0.002248 0.002071 0.001019 0.000096 0.132916 0.007846 1.796691
0.855202 0.002263 0.002071 0.001027 0.000093 0.131494 0.007849 1.796916
0.856623 0.002248 0.002078 0.001028 0.000091 0.130083 0.007850 1.797150
0.857956 0.002260 0.002083 0.001036 0.000091 0.128723 0.007850 1.797386
0.859302 0.002274 0.002081 0.001040 0.000091 0.127360 0.007852 1.797613
0.860682 0.002280 0.002093 0.001045 0.000089 0.125959 0.007853 1.797831
0.861964 0.002299 0.002083 0.001058 0.000088 0.124653 0.007855 1.798057
0.863267 0.002332 0.002096 0.001066 0.000086 0.123296 0.007856 1.798289
0.864549 0.002342 0.002111 0.001077 0.000087 0.121979 0.007856 1.798521
0.865809 0.002332 0.002114 0.001062 0.000086 0.120741 0.007856 1.798755
0.867099 0.002340 0.002103 0.001060 0.000084 0.119457 0.007858 1.798982
0.868309 0.002352 0.002109 0.001064 0.000087 0.118221 0.007859 1.799215
0.869547 0.002366 0.002123 0.001058 0.000086 0.116960 0.007860 1.799444
0.870731 0.002392 0.002131 0.001060 0.000087 0.115738 0.007861 1.799680
0.871929 0.002416 0.002133 0.001065 0.000084 0.114509 0.007863 1.799907
0.873098 0.002429 0.002135 0.001076 0.000083 0.113314 0.007865 1.800148
0.874201 0.002420 0.002144 0.001073 0.000083 0.112212 0.007866 1.800401
0.875308 0.002451 0.002137 0.001064 0.000082 0.111092 0.007867 1.800634
0.876434 0.002474 0.002133 0.001079 0.000081 0.109931 0.007868 1.800876
0.877515 0.002494 0.002131 0.001089 0.000084 0.108818 0.007870 1.801117
0.878612 0.002491 0.002138 0.001102 0.000081 0.107707 0.007871 1.801371
0.879628 0.002494 0.002177 0.001086 0.000081 0.106661 0.007872 1.801640
0.880685 0.002530 0.002165 0.001083 0.000082 0.105583 0.007873 1.801861
0.881693 0.002517 0.002179 0.001090 0.000080 0.104567 0.007874 1.802126
0.882741 0.002553 0.002167 0.001098 0.000078 0.103489 0.007874 1.802349
0.883804 0.002549 0.002207 0.001107 0.000076 0.102382 0.007875 1.802612
0.884743 0.002562 0.002212 0.001106 0.000075 0.101426 0.007877 1.802859
0.885649 0.002575 0.002223 0.001116 0.000071 0.100488 0.007878 1.803117
0.886532 0.002612 0.002246 0.001109 0.000071 0.099551 0.007880 1.803359
0.887405 0.002595 0.002270 0.001144 0.000069 0.098636 0.007882 1.803654
0.888313 0.002616 0.002281 0.001144 0.000070 0.097695 0.007882 1.803910
0.889210 0.002666 0.002283 0.001150 0.000069 0.096739 0.007884 1.804160
0.890072 0.002678 0.002293 0.001152 0.000073 0.095849 0.007884 1.804420
0.890938 0.002720 0.002265 0.001160 0.000074 0.094958 0.007885 1.804663
0.891730 0.002752 0.002253 0.001170 0.000074 0.094136 0.007885 1.804911
0.892550 0.002741 0.002280 0.001202 0.000071 0.093271 0.007886 1.805196
0.893403 0.002754 0.002298 0.001192 0.000075 0.092391 0.007886 1.805446
0.894165 0.002782 0.002285 0.001204 0.000074 0.091604 0.007887 1.805705
0.894974 0.002761 0.002303 0.001203 0.000077 0.090796 0.007888 1.805982
0.895777 0.002789 0.002303 0.001206 0.000078 0.089958 0.007889 1.806252
0.896536 0.002802 0.002322 0.001216 0.000077 0.089156 0.007891 1.806526
0.897262 0.002802 0.002340 0.001247 0.000077 0.088381 0.007892 1.806809
0.897966 0.002835 0.002316 0.001253 0.000078 0.087658 0.007893 1.807070
0.898666 0.002846 0.002332 0.001267 0.000078 0.086916 0.007893 1.807352
0.899316 0.002880 0.002354 0.001269 0.000079 0.086209 0.007894 1.807624
0.900018 0.002897 0.002360 0.001260 0.000080 0.085490 0.007894 1.807903
0.900762 0.002875 0.002380 0.001279 0.000081 0.084727 0.007896 1.808199
0.901426 0.002886 0.002386 0.001297 0.000083 0.084024 0.007897 1.808483
0.902080 0.002913 0.002387 0.001303 0.000084 0.083336 0.007898 1.808758
0.902724 0.002923 0.002412 0.001310 0.000085 0.082648 0.007899 1.809056
0.903336 0.002942 0.002459 0.001313 0.000086 0.081965 0.007900 1.809346
0.903989 0.002969 0.002480 0.001322 0.000084 0.081254 0.007902 1.809633
0.904610 0.002957 0.002513 0.001325 0.000084 0.080610 0.007903 1.809946
0.905230 0.002978 0.002508 0.001334 0.000086 0.079962 0.007904 1.810237
0.905821 0.003001 0.002522 0.001322 0.000084 0.079345 0.007904 1.810510
0.906417 0.003015 0.002549 0.001326 0.000083 0.078704 0.007905 1.810811
0.907023 0.003038 0.002545 0.001334 0.000087 0.078069 0.007905 1.811093
0.907585 0.003060 0.002553 0.001346 0.000086 0.077463 0.007906 1.811377
0.908094 0.003075 0.002574 0.001344 0.000085 0.076921 0.007907 1.811666
0.908619 0.003099 0.002588 0.001329 0.000087 0.076369 0.007908 1.811969
0.909149 0.003105 0.002607 0.001345 0.000088 0.075798 0.007908 1.812276
0.909694 0.003116 0.002630 0.001360 0.000090 0.075200 0.007910 1.812582
0.910194 0.003137 0.002638 0.001376 0.000093 0.074652 0.007910 1.812888
0.910695 0.003120 0.002655 0.001391 0.000094 0.074133 0.007911 1.813212
0.911192 0.003131 0.002655 0.001402 0.000093 0.073614 0.007912 1.813510
0.911691 0.003150 0.002666 0.001420 0.000093 0.073066 0.007913 1.813814
0.912173 0.003172 0.002686 0.001432 0.000093 0.072528 0.007915 1.814127
0.912654 0.003190 0.002711 0.001439 0.000093 0.071997 0.007916 1.814435
0.913097 0.003195 0.002737 0.001444 0.000093 0.071519 0.007917 1.814771
0.913539 0.003208 0.002762 0.001447 0.000091 0.071035 0.007918 1.815100
0.913989 0.003244 0.002783 0.001440 0.000094 0.070531 0.007920 1.815405
0.914434 0.003237 0.002803 0.001453 0.000095 0.070058 0.007920 1.815741
0.914804 0.003265 0.002804 0.001458 0.000096 0.069652 0.007921 1.816071
0.915210 0.003302 0.002808 0.001457 0.000094 0.069205 0.007924 1.816395
0.915620 0.003351 0.002802 0.001443 0.000092 0.068766 0.007926 1.816695
0.915979 0.003354 0.002830 0.001464 0.000091 0.068355 0.007927 1.817039
0.916351 0.003372 0.002834 0.001475 0.000088 0.067953 0.007928 1.817364
0.916756 0.003364 0.002863 0.001470 0.000089 0.067529 0.007930 1.817719
0.917108 0.003371 0.002875 0.001484 0.000086 0.067145 0.007931 1.818061
0.917436 0.003398 0.002880 0.001491 0.000084 0.066778 0.007933 1.818397
0.917734 0.003412 0.002921 0.001489 0.000083 0.066427 0.007933 1.818746
0.918074 0.003476 0.002919 0.001474 0.000085 0.066038 0.007934 1.819059
0.918374 0.003498 0.002939 0.001473 0.000084 0.065696 0.007935 1.819407
0.918658 0.003521 0.002978 0.001494 0.000084 0.065329 0.007936 1.819779
0.918962 0.003551 0.002996 0.001492 0.000083 0.064979 0.007936 1.820108
0.919219 0.003588 0.002992 0.001502 0.000082 0.064680 0.007937 1.820446
0.919528 0.003595 0.003001 0.001504 0.000086 0.064350 0.007937 1.820795
0.919819 0.003596 0.003030 0.001532 0.000083 0.064001 0.007939 1.821155
0.920118 0.003623 0.003051 0.001539 0.000084 0.063644 0.007941 1.821491
0.920406 0.003629 0.003080 0.001551 0.000088 0.063303 0.007943 1.821853
0.920650 0.003659 0.003097 0.001563 0.000090 0.062996 0.007944 1.822208
0.920874 0.003712 0.003098 0.001562 0.000090 0.062717 0.007946 1.822557
0.921086 0.003773 0.003110 0.001570 0.000093 0.062421 0.007947 1.822902
0.921346 0.003756 0.003143 0.001583 0.000092 0.062131 0.007948 1.823277
0.921583 0.003766 0.003176 0.001601 0.000093 0.061832 0.007949 1.823663
0.921794 0.003764 0.003191 0.001610 0.000091 0.061598 0.007953 1.824043
0.922006 0.003775 0.003218 0.001622 0.000091 0.061334 0.007954 1.824421
0.922245 0.003756 0.003264 0.001636 0.000090 0.061054 0.007955 1.824821
0.922458 0.003763 0.003285 0.001653 0.000091 0.060794 0.007957 1.825206
0.922655 0.003789 0.003278 0.001658 0.000093 0.060571 0.007957 1.825578
0.922845 0.003806 0.003287 0.001663 0.000094 0.060347 0.007958 1.825943
0.923057 0.003836 0.003288 0.001671 0.000091 0.060098 0.007960 1.826316
0.923260 0.003886 0.003284 0.001692 0.000090 0.059827 0.007963 1.826665
0.923457 0.003899 0.003298 0.001688 0.000091 0.059603 0.007964 1.827047
0.923579 0.003936 0.003306 0.001698 0.000092 0.059423 0.007966 1.827427
0.923783 0.003907 0.003365 0.001716 0.000096 0.059166 0.007966 1.827850
0.923985 0.003946 0.003364 0.001720 0.000096 0.058922 0.007967 1.828212
0.924176 0.003975 0.003364 0.001719 0.000099 0.058699 0.007968 1.828577
0.924391 0.003973 0.003373 0.001728 0.000103 0.058463 0.007969 1.828962
0.924566 0.003941 0.003385 0.001762 0.000101 0.058275 0.007970 1.829371
0.924730 0.003949 0.003400 0.001776 0.000101 0.058072 0.007971 1.829770
0.924930 0.003947 0.003414 0.001776 0.000100 0.057859 0.007973 1.830169
0.925127 0.003967 0.003406 0.001787 0.000100 0.057638 0.007975 1.830554
0.925286 0.003975 0.003432 0.001791 0.000102 0.057438 0.007977 1.830948
0.925433 0.003990 0.003456 0.001802 0.000101 0.057239 0.007979 1.831356
0.925526 0.004057 0.003484 0.001803 0.000102 0.057049 0.007979 1.831747
0.925663 0.004066 0.003504 0.001807 0.000104 0.056876 0.007980 1.832146
0.925806 0.004112 0.003496 0.001815 0.000105 0.056685 0.007981 1.832521
0.925907 0.004103 0.003532 0.001848 0.000105 0.056522 0.007983 1.832959
0.926047 0.004125 0.003546 0.001839 0.000107 0.056352 0.007984 1.833356
0.926195 0.004112 0.003571 0.001826 0.000104 0.056205 0.007987 1.833774
0.926334 0.004105 0.003593 0.001834 0.000106 0.056039 0.007988 1.834181
0.926432 0.004133 0.003613 0.001836 0.000106 0.055892 0.007989 1.834578
0.926565 0.004133 0.003630 0.001849 0.000109 0.055726 0.007989 1.834995
0.926641 0.004150 0.003650 0.001843 0.000111 0.055614 0.007989 1.835407
0.926753 0.004192 0.003644 0.001860 0.000115 0.055445 0.007990 1.835811
0.926858 0.004194 0.003666 0.001880 0.000114 0.055299 0.007991 1.836236
0.926984 0.004192 0.003666 0.001897 0.000113 0.055154 0.007993 1.836644
0.927098 0.004220 0.003682 0.001907 0.000114 0.054986 0.007994 1.837049
0.927181 0.004248 0.003705 0.001901 0.000119 0.054852 0.007995 1.837466
0.927256 0.004280 0.003697 0.001873 0.000119 0.054779 0.007997 1.837866
0.927320 0.004318 0.003693 0.001855 0.000120 0.054696 0.007997 1.838267
0.927430 0.004325 0.003686 0.001869 0.000121 0.054572 0.007998 1.838679
0.927466 0.004357 0.003696 0.001890 0.000123 0.054469 0.007999 1.839114
0.927578 0.004337 0.003731 0.001904 0.000122 0.054329 0.008000 1.839554
0.927659 0.004325 0.003756 0.001907 0.000121 0.054229 0.008002 1.839991
0.927734 0.004344 0.003765 0.001901 0.000122 0.054129 0.008004 1.840409
0.927770 0.004394 0.003769 0.001898 0.000121 0.054043 0.008006 1.840825
0.927833 0.004396 0.003766 0.001896 0.000120 0.053982 0.008008 1.841246
0.927903 0.004404 0.003775 0.001928 0.000122 0.053860 0.008009 1.841686
0.927994 0.004415 0.003801 0.001918 0.000126 0.053736 0.008010 1.842119
0.928087 0.004388 0.003818 0.001922 0.000122 0.053651 0.008013 1.842567
0.928156 0.004413 0.003835 0.001921 0.000125 0.053535 0.008014 1.842990
0.928183 0.004456 0.003835 0.001936 0.000129 0.053446 0.008016 1.843434
0.928269 0.004461 0.003843 0.001929 0.000129 0.053352 0.008017 1.843864
0.928337 0.004483 0.003859 0.001925 0.000128 0.053248 0.008019 1.844289
0.928401 0.004503 0.003867 0.001932 0.000128 0.053148 0.008020 1.844736
0.928437 0.004525 0.003896 0.001937 0.000127 0.053057 0.008021 1.845185
0.928457 0.004549 0.003885 0.001946 0.000126 0.053013 0.008023 1.845631
0.928427 0.004568 0.003925 0.001952 0.000130 0.052973 0.008025 1.846088
0.928459 0.004582 0.003917 0.001948 0.000129 0.052940 0.008025 1.846539
0.928481 0.004614 0.003934 0.001937 0.000128 0.052879 0.008027 1.846961
0.928490 0.004645 0.003969 0.001946 0.000124 0.052797 0.008028 1.847390
0.928500 0.004663 0.004005 0.001961 0.000123 0.052718 0.008030 1.847852
0.928508 0.004655 0.004019 0.001994 0.000123 0.052670 0.008031 1.848343
0.928501 0.004663 0.004037 0.002018 0.000124 0.052624 0.008032 1.848807
0.928514 0.004697 0.004045 0.002025 0.000123 0.052561 0.008034 1.849258
0.928546 0.004691 0.004057 0.002044 0.000125 0.052503 0.008035 1.849711
0.928528 0.004740 0.004070 0.002051 0.000126 0.052448 0.008036 1.850164
0.928507 0.004761 0.004085 0.002054 0.000127 0.052430 0.008037 1.850628
0.928508 0.004760 0.004104 0.002062 0.000126 0.052400 0.008039 1.851109
0.928501 0.004769 0.004145 0.002054 0.000126 0.052365 0.008040 1.851573
0.928500 0.004774 0.004146 0.002071 0.000127 0.052341 0.008041 1.852034
0.928482 0.004789 0.004184 0.002084 0.000126 0.052293 0.008043 1.852525
0.928488 0.004785 0.004208 0.002074 0.000126 0.052273 0.008045 1.853001
0.928484 0.004822 0.004197 0.002080 0.000126 0.052247 0.008046 1.853462
0.928490 0.004817 0.004214 0.002091 0.000125 0.052216 0.008048 1.853949
0.928482 0.004847 0.004214 0.002096 0.000122 0.052188 0.008051 1.854399
0.928483 0.004867 0.004218 0.002107 0.000122 0.052151 0.008053 1.854858
0.928438 0.004874 0.004284 0.002130 0.000121 0.052099 0.008054 1.855369
0.928389 0.004908 0.004302 0.002117 0.000120 0.052108 0.008056 1.855843
0.928347 0.004948 0.004313 0.002140 0.000118 0.052076 0.008057 1.856325
0.928291 0.004958 0.004342 0.002153 0.000118 0.052079 0.008059 1.856822
0.928239 0.005006 0.004343 0.002158 0.000120 0.052074 0.008060 1.857295
0.928206 0.004998 0.004363 0.002173 0.000124 0.052074 0.008062 1.857798
0.928186 0.005010 0.004345 0.002181 0.000122 0.052091 0.008065 1.858284
0.928185 0.005007 0.004367 0.002198 0.000122 0.052056 0.008065 1.858779
0.928123 0.005021 0.004408 0.002207 0.000124 0.052051 0.008067 1.859281
0.928066 0.005087 0.004401 0.002207 0.000129 0.052043 0.008067 1.859754
0.928011 0.005105 0.004435 0.002224 0.000124 0.052034 0.008068 1.860246
0.927997 0.005108 0.004439 0.002223 0.000122 0.052040 0.008070 1.860739
0.927950 0.005106 0.004465 0.002241 0.000128 0.052040 0.008071 1.861264
0.927914 0.005133 0.004486 0.002258 0.000129 0.052008 0.008072 1.861735
0.927877 0.005128 0.004538 0.002270 0.000128 0.051987 0.008072 1.862250
0.927809 0.005167 0.004541 0.002275 0.000127 0.052007 0.008074 1.862753
0.927761 0.005198 0.004530 0.002289 0.000129 0.052018 0.008075 1.863256
0.927726 0.005182 0.004541 0.002282 0.000127 0.052064 0.008078 1.863773
0.927676 0.005186 0.004553 0.002294 0.000129 0.052083 0.008079 1.864278
0.927634 0.005193 0.004563 0.002294 0.000132 0.052103 0.008081 1.864800
0.927581 0.005192 0.004581 0.002297 0.000133 0.052132 0.008083 1.865313
0.927527 0.005195 0.004593 0.002328 0.000136 0.052136 0.008083 1.865843
0.927491 0.005222 0.004602 0.002306 0.000136 0.052160 0.008084 1.866335
0.927409 0.005216 0.004660 0.002317 0.000136 0.052179 0.008085 1.866877
0.927358 0.005242 0.004645 0.002311 0.000133 0.052221 0.008090 1.867380
0.927323 0.005272 0.004595 0.002298 0.000127 0.052290 0.008094 1.867862
0.927299 0.005264 0.004604 0.002284 0.000129 0.052324 0.008096 1.868387
0.927227 0.005281 0.004591 0.002282 0.000130 0.052390 0.008099 1.868906
0.927172 0.005287 0.004653 0.002272 0.000137 0.052378 0.008101 1.869431
0.927051 0.005342 0.004681 0.002272 0.000138 0.052414 0.008102 1.869955
0.926990 0.005353 0.004695 0.002297 0.000136 0.052426 0.008102 1.870470
0.926939 0.005326 0.004695 0.002329 0.000139 0.052468 0.008103 1.871014
0.926862 0.005367 0.004714 0.002348 0.000138 0.052466 0.008105 1.871548
0.926798 0.005376 0.004714 0.002358 0.000139 0.052508 0.008106 1.872060
0.926732 0.005409 0.004752 0.002379 0.000134 0.052486 0.008108 1.872592
0.926634 0.005425 0.004774 0.002395 0.000137 0.052523 0.008112 1.873124
0.926643 0.005402 0.004772 0.002389 0.000138 0.052541 0.008113 1.873641
0.926584 0.005420 0.004793 0.002388 0.000138 0.052564 0.008113 1.874178
0.926557 0.005433 0.004784 0.002423 0.000140 0.052548 0.008116 1.874688
0.926506 0.005430 0.004802 0.002440 0.000141 0.052563 0.008117 1.875226
0.926439 0.005456 0.004824 0.002432 0.000137 0.052592 0.008120 1.875761
0.926343 0.005475 0.004868 0.002458 0.000135 0.052599 0.008123 1.876318
0.926273 0.005489 0.004888 0.002461 0.000134 0.052631 0.008125 1.876859
0.926212 0.005505 0.004886 0.002472 0.000137 0.052664 0.008125 1.877376
0.926139 0.005531 0.004888 0.002465 0.000137 0.052715 0.008127 1.877910
0.926031 0.005595 0.004874 0.002481 0.000141 0.052751 0.008127 1.878444
0.925968 0.005634 0.004884 0.002475 0.000143 0.052768 0.008128 1.878963
0.925905 0.005681 0.004898 0.002466 0.000143 0.052777 0.008129 1.879478
0.925804 0.005711 0.004941 0.002451 0.000144 0.052819 0.008130 1.880036
0.925719 0.005680 0.004984 0.002467 0.000145 0.052875 0.008131 1.880634
0.925666 0.005633 0.005014 0.002469 0.000150 0.052936 0.008132 1.881218
0.925555 0.005661 0.005015 0.002488 0.000153 0.052993 0.008135 1.881769
0.925516 0.005620 0.005051 0.002496 0.000153 0.053029 0.008135 1.882326
0.925459 0.005612 0.005088 0.002498 0.000152 0.053053 0.008137 1.882886
0.925376 0.005635 0.005084 0.002513 0.000152 0.053099 0.008141 1.883429
0.925349 0.005651 0.005083 0.002475 0.000157 0.053142 0.008143 1.883970
0.925270 0.005612 0.005137 0.002497 0.000151 0.053185 0.008146 1.884557
0.925178 0.005640 0.005131 0.002510 0.000154 0.053240 0.008147 1.885101
0.925086 0.005683 0.005097 0.002509 0.000155 0.053322 0.008149 1.885627
0.924993 0.005684 0.005102 0.002505 0.000152 0.053414 0.008150 1.886184
0.924934 0.005666 0.005115 0.002529 0.000154 0.053451 0.008152 1.886758
0.924861 0.005650 0.005142 0.002523 0.000150 0.053519 0.008155 1.887331
0.924779 0.005700 0.005112 0.002521 0.000153 0.053578 0.008157 1.887865
0.924757 0.005678 0.005095 0.002528 0.000152 0.053630 0.008160 1.888426
0.924705 0.005694 0.005089 0.002525 0.000150 0.053674 0.008164 1.888964
0.924675 0.005663 0.005097 0.002542 0.000149 0.053708 0.008166 1.889539
0.924614 0.005666 0.005074 0.002564 0.000147 0.053766 0.008168 1.890095
0.924504 0.005666 0.005087 0.002574 0.000149 0.053848 0.008170 1.890670
0.924455 0.005666 0.005090 0.002557 0.000152 0.053909 0.008172 1.891216
0.924416 0.005659 0.005127 0.002558 0.000154 0.053913 0.008174 1.891785
0.924386 0.005634 0.005140 0.002579 0.000151 0.053934 0.008177 1.892365
0.924304 0.005674 0.005134 0.002568 0.000151 0.053991 0.008179 1.892898
0.924237 0.005661 0.005146 0.002557 0.000155 0.054064 0.008180 1.893457
0.924195 0.005634 0.005137 0.002568 0.000154 0.054129 0.008182 1.894014
0.924132 0.005606 0.005160 0.002583 0.000153 0.054183 0.008183 1.894601
0.924081 0.005620 0.005158 0.002577 0.000151 0.054227 0.008185 1.895137
0.924023 0.005635 0.005134 0.002558 0.000152 0.054310 0.008187 1.895666
0.923982 0.005621 0.005146 0.002542 0.000154 0.054365 0.008189 1.896230
0.923949 0.005579 0.005173 0.002531 0.000155 0.054422 0.008192 1.896798
0.923897 0.005590 0.005193 0.002539 0.000155 0.054430 0.008195 1.897351
0.923819 0.005623 0.005163 0.002544 0.000159 0.054497 0.008195 1.897884
0.923736 0.005649 0.005159 0.002538 0.000155 0.054562 0.008200 1.898430
0.923700 0.005641 0.005150 0.002552 0.000154 0.054602 0.008201 1.898978
0.923644 0.005653 0.005160 0.002574 0.000153 0.054612 0.008203 1.899533
0.923572 0.005663 0.005137 0.002600 0.000159 0.054665 0.008205 1.900098
0.923499 0.005660 0.005150 0.002591 0.000160 0.054732 0.008208 1.900652
0.923483 0.005676 0.005145 0.002593 0.000160 0.054734 0.008210 1.901191
0.923444 0.005627 0.005151 0.002592 0.000161 0.054814 0.008211 1.901772
0.923419 0.005605 0.005143 0.002586 0.000162 0.054872 0.008214 1.902325
0.923371 0.005614 0.005115 0.002596 0.000163 0.054927 0.008215 1.902860
0.923365 0.005595 0.005132 0.002598 0.000167 0.054926 0.008217 1.903421
0.923332 0.005594 0.005132 0.002605 0.000167 0.054952 0.008218 1.903967
0.923290 0.005579 0.005148 0.002589 0.000165 0.055009 0.008221 1.904535
0.923253 0.005558 0.005151 0.002584 0.000168 0.055063 0.008223 1.905100
0.923202 0.005576 0.005154 0.002581 0.000164 0.055096 0.008226 1.905643
0.923141 0.005584 0.005162 0.002560 0.000168 0.055156 0.008229 1.906195
0.923098 0.005623 0.005145 0.002569 0.000168 0.055165 0.008231 1.906712
0.923059 0.005616 0.005155 0.002589 0.000168 0.055180 0.008232 1.907282
0.922992 0.005637 0.005154 0.002576 0.000165 0.055238 0.008237 1.907812
0.922924 0.005658 0.005161 0.002583 0.000167 0.055270 0.008238 1.908375
0.922881 0.005692 0.005148 0.002566 0.000168 0.055308 0.008239 1.908906
0.922814 0.005690 0.005157 0.002592 0.000169 0.055340 0.008240 1.909467
0.922726 0.005720 0.005155 0.002614 0.000170 0.055375 0.008241 1.910026
0.922670 0.005699 0.005180 0.002627 0.000165 0.055415 0.008244 1.910607
0.922631 0.005691 0.005164 0.002624 0.000164 0.055481 0.008245 1.911180
0.922566 0.005677 0.005173 0.002638 0.000166 0.055534 0.008247 1.911749
0.922554 0.005694 0.005156 0.002616 0.000170 0.055563 0.008247 1.912277
0.922502 0.005692 0.005166 0.002622 0.000169 0.055601 0.008249 1.912844
0.922465 0.005669 0.005160 0.002622 0.000167 0.055665 0.008251 1.913420
0.922430 0.005660 0.005196 0.002598 0.000170 0.055694 0.008252 1.913981
0.922399 0.005645 0.005208 0.002578 0.000171 0.055746 0.008253 1.914545
0.922367 0.005669 0.005204 0.002559 0.000168 0.055776 0.008256 1.915080
0.922347 0.005661 0.005191 0.002574 0.000166 0.055803 0.008259 1.915638
0.922279 0.005710 0.005182 0.002573 0.000167 0.055828 0.008261 1.916168
0.922272 0.005678 0.005173 0.002592 0.000169 0.055854 0.008263 1.916738
0.922250 0.005675 0.005164 0.002587 0.000173 0.055887 0.008264 1.917284
0.922237 0.005648 0.005166 0.002618 0.000172 0.055894 0.008265 1.917842
0.922196 0.005631 0.005165 0.002627 0.000169 0.055945 0.008266 1.918407
0.922191 0.005612 0.005148 0.002636 0.000172 0.055974 0.008267 1.918958
0.922179 0.005629 0.005112 0.002643 0.000172 0.055996 0.008269 1.919482
0.922150 0.005667 0.005085 0.002648 0.000168 0.056010 0.008273 1.920010
0.922116 0.005662 0.005086 0.002645 0.000170 0.056048 0.008274 1.920557
0.922111 0.005649 0.005090 0.002630 0.000172 0.056072 0.008275 1.921096
0.922107 0.005631 0.005070 0.002644 0.000170 0.056099 0.008278 1.921654
0.922124 0.005595 0.005066 0.002645 0.000170 0.056119 0.008281 1.922212
0.922137 0.005574 0.005058 0.002630 0.000167 0.056147 0.008287 1.922740
0.922152 0.005543 0.005058 0.002633 0.000169 0.056158 0.008288 1.923276
0.922173 0.005524 0.005050 0.002635 0.000164 0.056162 0.008293 1.923803
0.922181 0.005462 0.005072 0.002634 0.000165 0.056192 0.008295 1.924378
0.922203 0.005418 0.005057 0.002625 0.000164 0.056235 0.008297 1.924921
0.922205 0.005440 0.005027 0.002604 0.000167 0.056259 0.008298 1.925429
0.922206 0.005440 0.005010 0.002591 0.000165 0.056290 0.008299 1.925959
0.922188 0.005455 0.005010 0.002595 0.000164 0.056288 0.008300 1.926493
0.922174 0.005460 0.004992 0.002587 0.000159 0.056323 0.008304 1.927003
0.922175 0.005451 0.004963 0.002603 0.000159 0.056342 0.008308 1.927533
0.922194 0.005422 0.004967 0.002610 0.000158 0.056338 0.008311 1.928068
0.922200 0.005392 0.004957 0.002592 0.000161 0.056385 0.008313 1.928604
0.922189 0.005391 0.004937 0.002574 0.000165 0.056431 0.008314 1.929138
0.922193 0.005386 0.004934 0.002575 0.000166 0.056428 0.008317 1.929669
0.922232 0.005333 0.004953 0.002582 0.000168 0.056415 0.008319 1.930208
0.922226 0.005352 0.004908 0.002550 0.000171 0.056476 0.008319 1.930701
0.922241 0.005344 0.004899 0.002533 0.000168 0.056492 0.008323 1.931236
0.922241 0.005371 0.004892 0.002527 0.000167 0.056478 0.008326 1.931741
0.922248 0.005346 0.004918 0.002539 0.000167 0.056453 0.008330 1.932282
0.922275 0.005349 0.004915 0.002524 0.000167 0.056440 0.008330 1.932785
0.922265 0.005359 0.004882 0.002509 0.000167 0.056487 0.008332 1.933305
0.922273 0.005386 0.004842 0.002508 0.000167 0.056490 0.008334 1.933804
0.922291 0.005381 0.004843 0.002497 0.000168 0.056485 0.008336 1.934316
0.922288 0.005413 0.004822 0.002479 0.000169 0.056491 0.008338 1.934816
0.922302 0.005397 0.004840 0.002465 0.000169 0.056488 0.008339 1.935345
0.922335 0.005384 0.004811 0.002488 0.000169 0.056471 0.008341 1.935860
0.922338 0.005370 0.004815 0.002498 0.000169 0.056466 0.008344 1.936404
0.922356 0.005389 0.004797 0.002491 0.000170 0.056452 0.008346 1.936905
0.922374 0.005381 0.004824 0.002471 0.000169 0.056433 0.008349 1.937440
0.922413 0.005356 0.004824 0.002470 0.000174 0.056415 0.008349 1.937972
0.922467 0.005326 0.004811 0.002462 0.000172 0.056412 0.008351 1.938475
0.922481 0.005330 0.004804 0.002453 0.000171 0.056411 0.008352 1.938992
0.922525 0.005275 0.004835 0.002455 0.000174 0.056384 0.008353 1.939542
0.922545 0.005240 0.004844 0.002443 0.000172 0.056400 0.008356 1.940059
0.922575 0.005246 0.004831 0.002424 0.000173 0.056394 0.008358 1.940560
0.922559 0.005256 0.004835 0.002420 0.000174 0.056397 0.008358 1.941096
0.922595 0.005256 0.004815 0.002418 0.000173 0.056383 0.008362 1.941590
0.922619 0.005268 0.004803 0.002400 0.000174 0.056374 0.008363 1.942083
0.922626 0.005260 0.004794 0.002404 0.000175 0.056377 0.008365 1.942604
0.922633 0.005268 0.004780 0.002375 0.000175 0.056402 0.008367 1.943095
0.922623 0.005281 0.004788 0.002361 0.000176 0.056402 0.008369 1.943609
0.922624 0.005278 0.004793 0.002366 0.000176 0.056393 0.008371 1.944126
0.922630 0.005258 0.004807 0.002364 0.000176 0.056394 0.008372 1.944654
0.922674 0.005236 0.004810 0.002361 0.000177 0.056368 0.008375 1.945173
0.922715 0.005236 0.004786 0.002378 0.000176 0.056330 0.008379 1.945696
0.922682 0.005228 0.004810 0.002374 0.000175 0.056348 0.008384 1.946232
0.922685 0.005233 0.004796 0.002371 0.000174 0.056356 0.008386 1.946754
0.922684 0.005221 0.004798 0.002368 0.000172 0.056368 0.008390 1.947261
0.922702 0.005204 0.004794 0.002363 0.000171 0.056374 0.008393 1.947785
0.922706 0.005233 0.004772 0.002348 0.000167 0.056378 0.008398 1.948269
0.922764 0.005205 0.004745 0.002348 0.000163 0.056376 0.008400 1.948784
0.922778 0.005173 0.004759 0.002358 0.000163 0.056367 0.008402 1.949323
0.922803 0.005175 0.004732 0.002378 0.000161 0.056348 0.008403 1.949837
0.922766 0.005230 0.004706 0.002381 0.000162 0.056349 0.008405 1.950322
0.922773 0.005255 0.004715 0.002371 0.000158 0.056320 0.008410 1.950827
0.922815 0.005245 0.004689 0.002371 0.000157 0.056313 0.008410 1.951317
0.922809 0.005239 0.004702 0.002354 0.000152 0.056331 0.008412 1.951847
0.922852 0.005219 0.004736 0.002339 0.000153 0.056290 0.008412 1.952372
0.922877 0.005169 0.004760 0.002361 0.000151 0.056267 0.008414 1.952920
0.922910 0.005189 0.004757 0.002361 0.000145 0.056222 0.008416 1.953424
0.922915 0.005227 0.004766 0.002359 0.000150 0.056167 0.008417 1.953910
0.922931 0.005238 0.004770 0.002361 0.000150 0.056130 0.008418 1.954426
0.922941 0.005228 0.004760 0.002363 0.000150 0.056138 0.008420 1.954942
0.922915 0.005261 0.004749 0.002372 0.000150 0.056130 0.008423 1.955436
0.922938 0.005285 0.004731 0.002352 0.000153 0.056116 0.008424 1.955921
0.922924 0.005308 0.004699 0.002351 0.000149 0.056142 0.008427 1.956422
0.922944 0.005259 0.004720 0.002383 0.000147 0.056120 0.008429 1.956958
0.922954 0.005257 0.004717 0.002383 0.000146 0.056111 0.008431 1.957463
0.922996 0.005259 0.004713 0.002394 0.000145 0.056060 0.008434 1.957967
0.923011 0.005235 0.004721 0.002401 0.000147 0.056050 0.008435 1.958491
0.923044 0.005211 0.004725 0.002401 0.000145 0.056038 0.008436 1.959001
0.923076 0.005203 0.004723 0.002393 0.000144 0.056024 0.008438 1.959507
0.923076 0.005225 0.004708 0.002385 0.000143 0.056022 0.008439 1.960000
0.923106 0.005182 0.004733 0.002379 0.000145 0.056015 0.008441 1.960543
0.923093 0.005201 0.004738 0.002373 0.000148 0.056005 0.008441 1.961058
0.923099 0.005205 0.004717 0.002372 0.000143 0.056020 0.008444 1.961568
0.923100 0.005211 0.004729 0.002361 0.000142 0.056008 0.008448 1.962072
0.923113 0.005209 0.004732 0.002368 0.000147 0.055984 0.008448 1.962601
0.923074 0.005223 0.004728 0.002377 0.000145 0.056000 0.008452 1.963120
0.923068 0.005197 0.004724 0.002399 0.000144 0.056015 0.008454 1.963666
0.923114 0.005171 0.004751 0.002394 0.000140 0.055974 0.008457 1.964178
0.923138 0.005148 0.004766 0.002379 0.000140 0.055971 0.008459 1.964699
0.923137 0.005196 0.004725 0.002369 0.000143 0.055972 0.008460 1.965171
0.923145 0.005174 0.004763 0.002368 0.000143 0.055945 0.008462 1.965692
0.923128 0.005205 0.004754 0.002366 0.000145 0.055938 0.008464 1.966188
0.923132 0.005198 0.004759 0.002358 0.000147 0.055940 0.008466 1.966706
0.923130 0.005203 0.004771 0.002349 0.000146 0.055934 0.008467 1.967218
0.923153 0.005213 0.004773 0.002328 0.000150 0.055916 0.008467 1.967706
0.923155 0.005204 0.004771 0.002333 0.000151 0.055917 0.008469 1.968227
0.923160 0.005254 0.004766 0.002322 0.000152 0.055876 0.008469 1.968703
0.923152 0.005252 0.004780 0.002318 0.000154 0.055873 0.008472 1.969210
0.923208 0.005219 0.004788 0.002320 0.000153 0.055837 0.008475 1.969732
0.923202 0.005242 0.004792 0.002299 0.000154 0.055835 0.008476 1.970234
0.923252 0.005188 0.004803 0.002308 0.000152 0.055816 0.008480 1.970769
0.923255 0.005165 0.004809 0.002333 0.000154 0.055800 0.008484 1.971312
0.923281 0.005166 0.004788 0.002347 0.000157 0.055776 0.008485 1.971819
0.923294 0.005182 0.004795 0.002343 0.000156 0.055744 0.008487 1.972326
0.923304 0.005181 0.004772 0.002351 0.000158 0.055745 0.008488 1.972835
0.923273 0.005196 0.004751 0.002370 0.000156 0.055763 0.008490 1.973332
0.923309 0.005196 0.004738 0.002352 0.000159 0.055755 0.008492 1.973826
0.923314 0.005197 0.004727 0.002340 0.000160 0.055770 0.008493 1.974321
0.923322 0.005186 0.004730 0.002329 0.000159 0.055778 0.008495 1.974837
0.923299 0.005208 0.004728 0.002336 0.000163 0.055772 0.008496 1.975335
0.923257 0.005236 0.004739 0.002338 0.000161 0.055768 0.008501 1.975849
0.923279 0.005240 0.004741 0.002331 0.000159 0.055747 0.008503 1.976347
0.923271 0.005235 0.004784 0.002328 0.000159 0.055720 0.008504 1.976881
0.923288 0.005245 0.004787 0.002330 0.000156 0.055686 0.008508 1.977396
0.923257 0.005268 0.004740 0.002345 0.000156 0.055725 0.008509 1.977897
0.923281 0.005255 0.004755 0.002346 0.000156 0.055697 0.008510 1.978418
0.923300 0.005232 0.004762 0.002343 0.000152 0.055698 0.008513 1.978937
0.923276 0.005245 0.004779 0.002342 0.000151 0.055692 0.008515 1.979464
