0.342513 0.062730 0.056361 0.032264 0.002133 0.497919 0.006080 1.631772
0.345234 0.060067 0.056363 0.032110 0.002111 0.497995 0.006120 1.637867
0.348896 0.056843 0.056009 0.031764 0.002118 0.498226 0.006145 1.643631
0.353117 0.053534 0.055529 0.031268 0.002105 0.498273 0.006176 1.648988
0.357848 0.049978 0.055080 0.030715 0.002105 0.498074 0.006200 1.654133
0.362670 0.046589 0.054383 0.030040 0.002114 0.497981 0.006222 1.658885
0.367795 0.043391 0.053415 0.029332 0.002109 0.497708 0.006248 1.663231
0.372954 0.040263 0.052445 0.028566 0.002102 0.497393 0.006277 1.667362
0.378331 0.037368 0.051352 0.027753 0.002098 0.496800 0.006300 1.671116
0.383802 0.034605 0.050155 0.026963 0.002085 0.496064 0.006326 1.674664
0.389309 0.032017 0.048817 0.026092 0.002060 0.495352 0.006354 1.677979
0.394975 0.029595 0.047603 0.025207 0.002046 0.494193 0.006380 1.681021
0.400636 0.027367 0.046267 0.024273 0.002040 0.493008 0.006408 1.683852
0.406141 0.025341 0.044816 0.023348 0.002029 0.491885 0.006439 1.686443
0.411747 0.023474 0.043309 0.022442 0.002012 0.490550 0.006467 1.688830
0.417367 0.021757 0.041805 0.021534 0.001990 0.489055 0.006493 1.691058
0.422986 0.020206 0.040336 0.020617 0.001967 0.487369 0.006519 1.693092
0.428607 0.018762 0.038771 0.019762 0.001947 0.485611 0.006540 1.694985
0.434281 0.017410 0.037290 0.018886 0.001910 0.483657 0.006566 1.696751
0.439937 0.016142 0.035801 0.018040 0.001875 0.481609 0.006596 1.698377
0.445598 0.014995 0.034346 0.017232 0.001861 0.479351 0.006616 1.699892
0.451277 0.013968 0.032901 0.016408 0.001833 0.476974 0.006640 1.701269
0.456907 0.012988 0.031541 0.015672 0.001788 0.474437 0.006668 1.702583
0.462580 0.012103 0.030213 0.014938 0.001766 0.471710 0.006690 1.703795
0.468044 0.011241 0.028874 0.014247 0.001739 0.469143 0.006713 1.704965
0.473408 0.010505 0.027621 0.013565 0.001697 0.466462 0.006741 1.705994
0.478910 0.009758 0.026380 0.012908 0.001677 0.463607 0.006759 1.706996
0.484443 0.009105 0.025243 0.012310 0.001638 0.460476 0.006786 1.707931
0.489857 0.008463 0.024104 0.011718 0.001616 0.457438 0.006804 1.708831
0.495304 0.007944 0.022933 0.011169 0.001586 0.454240 0.006825 1.709621
0.500816 0.007433 0.021864 0.010586 0.001552 0.450906 0.006843 1.710365
0.506122 0.006948 0.020834 0.010067 0.001511 0.447647 0.006871 1.711086
0.511543 0.006524 0.019844 0.009569 0.001468 0.444157 0.006895 1.711742
0.516930 0.006116 0.018894 0.009106 0.001434 0.440607 0.006915 1.712360
0.522269 0.005755 0.017977 0.008657 0.001396 0.437010 0.006937 1.712931
0.527561 0.005388 0.017080 0.008231 0.001361 0.433425 0.006954 1.713494
0.532841 0.005050 0.016245 0.007779 0.001333 0.429777 0.006975 1.714020
0.538055 0.004769 0.015445 0.007378 0.001296 0.426064 0.006994 1.714490
0.543108 0.004504 0.014680 0.006989 0.001260 0.422449 0.007010 1.714935
0.548189 0.004238 0.013993 0.006632 0.001226 0.418693 0.007030 1.715367
0.553227 0.004015 0.013301 0.006291 0.001199 0.414917 0.007049 1.715743
0.558223 0.003820 0.012603 0.005963 0.001161 0.411162 0.007068 1.716110
0.563168 0.003619 0.011972 0.005647 0.001136 0.407377 0.007079 1.716460
0.568146 0.003425 0.011415 0.005358 0.001119 0.403448 0.007088 1.716814
0.573006 0.003268 0.010842 0.005059 0.001092 0.399628 0.007105 1.717122
0.577821 0.003105 0.010343 0.004784 0.001061 0.395764 0.007122 1.717433
0.582627 0.002955 0.009837 0.004543 0.001032 0.391872 0.007135 1.717717
0.587381 0.002818 0.009329 0.004317 0.001006 0.388003 0.007145 1.717993
0.592118 0.002685 0.008850 0.004097 0.000982 0.384110 0.007160 1.718251
0.596735 0.002553 0.008419 0.003890 0.000950 0.380283 0.007171 1.718513
0.601343 0.002432 0.007969 0.003694 0.000921 0.376449 0.007192 1.718753
0.605888 0.002300 0.007613 0.003505 0.000889 0.372598 0.007209 1.718998
0.610410 0.002195 0.007249 0.003308 0.000869 0.368750 0.007218 1.719205
0.614872 0.002094 0.006905 0.003120 0.000854 0.364931 0.007223 1.719418
0.619323 0.002005 0.006522 0.002955 0.000831 0.361131 0.007232 1.719606
0.623775 0.001923 0.006208 0.002788 0.000802 0.357263 0.007243 1.719778
0.628131 0.001858 0.005923 0.002656 0.000778 0.353405 0.007250 1.719944
0.632409 0.001786 0.005630 0.002533 0.000757 0.349624 0.007260 1.720112
0.636573 0.001711 0.005347 0.002405 0.000734 0.345961 0.007270 1.720279
0.640769 0.001642 0.005081 0.002289 0.000707 0.342232 0.007281 1.720447
0.645027 0.001561 0.004838 0.002186 0.000682 0.338414 0.007292 1.720607
0.649130 0.001478 0.004628 0.002064 0.000660 0.334743 0.007300 1.720768
0.653255 0.001426 0.004439 0.001964 0.000638 0.330972 0.007307 1.720905
0.657323 0.001373 0.004231 0.001864 0.000616 0.327279 0.007313 1.721044
0.661353 0.001318 0.004027 0.001787 0.000591 0.323599 0.007326 1.721175
0.665323 0.001275 0.003832 0.001692 0.000574 0.319972 0.007332 1.721295
0.669286 0.001213 0.003666 0.001607 0.000558 0.316329 0.007341 1.721425
0.673103 0.001157 0.003494 0.001530 0.000541 0.312823 0.007351 1.721547
0.676921 0.001115 0.003309 0.001456 0.000527 0.309315 0.007358 1.721654
0.680730 0.001068 0.003159 0.001388 0.000504 0.305784 0.007367 1.721772
0.684492 0.001027 0.003017 0.001310 0.000486 0.302295 0.007374 1.721882
0.688164 0.000998 0.002873 0.001240 0.000471 0.298873 0.007381 1.721974
0.691847 0.000961 0.002743 0.001179 0.000459 0.295424 0.007387 1.722069
0.695447 0.000918 0.002619 0.001131 0.000448 0.292051 0.007388 1.722162
0.698977 0.000880 0.002509 0.001080 0.000429 0.288727 0.007398 1.722259
0.702591 0.000849 0.002388 0.001031 0.000415 0.285323 0.007403 1.722336
0.706091 0.000829 0.002268 0.000982 0.000402 0.282020 0.007409 1.722408
0.709503 0.000800 0.002173 0.000939 0.000390 0.278781 0.007415 1.722484
0.712964 0.000770 0.002084 0.000905 0.000376 0.275477 0.007425 1.722561
0.716256 0.000739 0.001982 0.000868 0.000365 0.272359 0.007432 1.722638
0.719610 0.000702 0.001921 0.000833 0.000352 0.269143 0.007438 1.722716
0.722983 0.000677 0.001824 0.000790 0.000342 0.265943 0.007442 1.722783
0.726251 0.000650 0.001753 0.000751 0.000329 0.262819 0.007447 1.722848
0.729516 0.000620 0.001672 0.000719 0.000320 0.259701 0.007452 1.722913
0.732739 0.000605 0.001596 0.000693 0.000310 0.256604 0.007454 1.722975
0.735919 0.000575 0.001533 0.000655 0.000302 0.253558 0.007458 1.723039
0.739030 0.000559 0.001478 0.000617 0.000294 0.250563 0.007460 1.723092
0.742115 0.000529 0.001414 0.000586 0.000284 0.247609 0.007464 1.723153
0.745112 0.000512 0.001356 0.000565 0.000274 0.244714 0.007468 1.723205
0.748114 0.000495 0.001291 0.000545 0.000263 0.241821 0.007471 1.723257
0.751077 0.000471 0.001241 0.000527 0.000256 0.238957 0.007473 1.723315
0.753981 0.000464 0.001199 0.000496 0.000249 0.236133 0.007478 1.723364
0.756913 0.000452 0.001143 0.000478 0.000239 0.233294 0.007482 1.723408
0.759856 0.000431 0.001096 0.000456 0.000232 0.230446 0.007483 1.723456
0.762682 0.000420 0.001041 0.000428 0.000219 0.227719 0.007491 1.723495
0.765490 0.000412 0.000992 0.000407 0.000215 0.224993 0.007492 1.723534
0.768232 0.000401 0.000955 0.000388 0.000209 0.222320 0.007496 1.723571
0.771049 0.000390 0.000904 0.000368 0.000207 0.219584 0.007499 1.723604
0.773765 0.000383 0.000878 0.000351 0.000200 0.216923 0.007502 1.723643
0.776346 0.000372 0.000840 0.000343 0.000190 0.214403 0.007507 1.723683
0.778979 0.000361 0.000814 0.000330 0.000183 0.211822 0.007510 1.723722
0.781604 0.000346 0.000786 0.000320 0.000179 0.209252 0.007513 1.723760
0.784209 0.000338 0.000762 0.000308 0.000170 0.206696 0.007518 1.723794
0.786773 0.000331 0.000736 0.000293 0.000165 0.204181 0.007520 1.723825
0.789289 0.000312 0.000706 0.000284 0.000158 0.201729 0.007523 1.723865
0.791774 0.000295 0.000678 0.000272 0.000152 0.199305 0.007524 1.723898
0.794203 0.000285 0.000653 0.000265 0.000151 0.196919 0.007525 1.723927
0.796654 0.000280 0.000621 0.000253 0.000145 0.194520 0.007527 1.723951
0.799047 0.000280 0.000597 0.000242 0.000138 0.192166 0.007531 1.723972
0.801437 0.000268 0.000576 0.000231 0.000134 0.189822 0.007532 1.724000
0.803793 0.000256 0.000552 0.000225 0.000128 0.187511 0.007535 1.724024
0.806092 0.000244 0.000533 0.000222 0.000126 0.185246 0.007537 1.724050
0.808427 0.000241 0.000514 0.000215 0.000119 0.182946 0.007538 1.724072
0.810685 0.000237 0.000498 0.000206 0.000116 0.180720 0.007539 1.724093
0.812867 0.000235 0.000477 0.000196 0.000111 0.178572 0.007542 1.724114
0.815009 0.000232 0.000457 0.000188 0.000107 0.176462 0.007544 1.724136
0.817224 0.000226 0.000444 0.000181 0.000104 0.174277 0.007545 1.724159
0.819319 0.000222 0.000421 0.000175 0.000097 0.172218 0.007547 1.724176
0.821405 0.000214 0.000407 0.000169 0.000096 0.170160 0.007549 1.724197
0.823473 0.000204 0.000385 0.000160 0.000092 0.168136 0.007550 1.724220
0.825523 0.000199 0.000367 0.000155 0.000091 0.166115 0.007551 1.724240
0.827552 0.000198 0.000359 0.000149 0.000086 0.164103 0.007553 1.724260
0.829488 0.000196 0.000348 0.000141 0.000083 0.162190 0.007554 1.724279
0.831491 0.000193 0.000335 0.000136 0.000079 0.160210 0.007556 1.724290
0.833370 0.000183 0.000333 0.000133 0.000075 0.158349 0.007557 1.724310
0.835295 0.000171 0.000321 0.000131 0.000071 0.156452 0.007558 1.724329
0.837133 0.000167 0.000306 0.000130 0.000069 0.154636 0.007559 1.724344
0.838957 0.000165 0.000298 0.000126 0.000069 0.152826 0.007559 1.724359
0.840774 0.000158 0.000291 0.000119 0.000069 0.151029 0.007559 1.724377
0.842551 0.000152 0.000282 0.000120 0.000068 0.149268 0.007559 1.724395
0.844327 0.000155 0.000273 0.000116 0.000064 0.147504 0.007560 1.724407
0.846058 0.000148 0.000265 0.000112 0.000063 0.145793 0.007561 1.724420
0.847800 0.000144 0.000259 0.000109 0.000061 0.144064 0.007561 1.724436
0.849525 0.000137 0.000254 0.000107 0.000060 0.142354 0.007562 1.724451
0.851176 0.000138 0.000248 0.000104 0.000059 0.140713 0.007562 1.724461
0.852794 0.000138 0.000237 0.000099 0.000058 0.139111 0.007563 1.724470
0.854365 0.000132 0.000227 0.000097 0.000055 0.137558 0.007565 1.724481
0.855974 0.000129 0.000218 0.000095 0.000054 0.135964 0.007566 1.724492
0.857502 0.000124 0.000211 0.000094 0.000052 0.134452 0.007566 1.724504
0.859016 0.000121 0.000206 0.000089 0.000049 0.132950 0.007568 1.724517
0.860557 0.000114 0.000200 0.000086 0.000045 0.131428 0.007570 1.724529
0.862024 0.000110 0.000189 0.000082 0.000045 0.129979 0.007571 1.724538
0.863387 0.000107 0.000184 0.000080 0.000042 0.128627 0.007572 1.724549
0.864754 0.000106 0.000180 0.000079 0.000040 0.127266 0.007574 1.724558
0.866052 0.000105 0.000175 0.000079 0.000037 0.125976 0.007576 1.724567
0.867314 0.000102 0.000171 0.000079 0.000036 0.124720 0.007577 1.724578
0.868642 0.000100 0.000168 0.000076 0.000035 0.123401 0.007578 1.724588
0.869899 0.000097 0.000165 0.000075 0.000035 0.122150 0.007578 1.724600
0.871170 0.000097 0.000165 0.000072 0.000034 0.120883 0.007578 1.724612
0.872381 0.000095 0.000158 0.000067 0.000034 0.119687 0.007579 1.724620
0.873513 0.000095 0.000154 0.000067 0.000031 0.118560 0.007579 1.724631
0.874665 0.000087 0.000149 0.000063 0.000031 0.117425 0.007579 1.724641
0.875747 0.000087 0.000142 0.000065 0.000031 0.116348 0.007579 1.724647
0.876805 0.000084 0.000137 0.000058 0.000031 0.115305 0.007579 1.724654
0.877856 0.000081 0.000132 0.000058 0.000030 0.114264 0.007579 1.724666
0.878858 0.000078 0.000131 0.000057 0.000028 0.113267 0.007580 1.724674
0.879870 0.000070 0.000129 0.000057 0.000028 0.112265 0.007580 1.724685
0.880822 0.000067 0.000128 0.000054 0.000028 0.111321 0.007580 1.724692
0.881784 0.000066 0.000120 0.000053 0.000027 0.110369 0.007580 1.724697
0.882716 0.000068 0.000111 0.000050 0.000026 0.109448 0.007580 1.724698
0.883650 0.000063 0.000108 0.000048 0.000025 0.108524 0.007580 1.724705
0.884560 0.000058 0.000102 0.000050 0.000025 0.107625 0.007580 1.724714
0.885425 0.000058 0.000100 0.000047 0.000024 0.106765 0.007580 1.724718
0.886302 0.000055 0.000099 0.000046 0.000024 0.105892 0.007581 1.724725
0.887110 0.000056 0.000097 0.000046 0.000023 0.105086 0.007581 1.724732
0.887898 0.000057 0.000096 0.000044 0.000023 0.104300 0.007581 1.724735
0.888652 0.000057 0.000093 0.000040 0.000023 0.103553 0.007582 1.724739
0.889396 0.000054 0.000087 0.000038 0.000023 0.102819 0.007582 1.724744
0.890084 0.000055 0.000083 0.000038 0.000022 0.102136 0.007582 1.724748
0.890792 0.000053 0.000079 0.000037 0.000022 0.101434 0.007582 1.724755
0.891449 0.000050 0.000077 0.000036 0.000021 0.100783 0.007582 1.724760
0.892090 0.000049 0.000078 0.000034 0.000020 0.100145 0.007583 1.724765
0.892718 0.000047 0.000079 0.000034 0.000020 0.099518 0.007583 1.724770
0.893339 0.000046 0.000078 0.000035 0.000018 0.098899 0.007584 1.724776
0.893956 0.000047 0.000074 0.000035 0.000018 0.098287 0.007584 1.724780
0.894528 0.000047 0.000070 0.000035 0.000018 0.097718 0.007584 1.724784
0.895104 0.000047 0.000067 0.000034 0.000017 0.097146 0.007585 1.724787
0.895615 0.000047 0.000069 0.000031 0.000016 0.096636 0.007585 1.724793
0.896105 0.000045 0.000064 0.000029 0.000015 0.096154 0.007586 1.724796
0.896594 0.000047 0.000062 0.000029 0.000015 0.095666 0.007586 1.724801
0.897058 0.000048 0.000060 0.000029 0.000014 0.095205 0.007586 1.724803
0.897489 0.000048 0.000057 0.000029 0.000013 0.094778 0.007586 1.724806
0.897891 0.000047 0.000058 0.000029 0.000011 0.094377 0.007588 1.724812
0.898296 0.000045 0.000057 0.000029 0.000011 0.093975 0.007588 1.724817
0.898669 0.000044 0.000054 0.000028 0.000010 0.093606 0.007589 1.724821
0.899054 0.000041 0.000054 0.000025 0.000010 0.093225 0.007589 1.724827
0.899432 0.000041 0.000055 0.000025 0.000011 0.092847 0.007589 1.724833
0.899819 0.000042 0.000052 0.000023 0.000010 0.092465 0.007589 1.724836
0.900156 0.000040 0.000054 0.000023 0.000010 0.092127 0.007589 1.724842
0.900489 0.000039 0.000051 0.000022 0.000010 0.091799 0.007589 1.724846
0.900785 0.000038 0.000048 0.000022 0.000009 0.091509 0.007590 1.724849
0.901079 0.000038 0.000046 0.000022 0.000008 0.091217 0.007590 1.724853
0.901355 0.000034 0.000047 0.000023 0.000008 0.090941 0.007590 1.724857
0.901625 0.000032 0.000047 0.000023 0.000008 0.090675 0.007590 1.724863
0.901866 0.000034 0.000047 0.000021 0.000008 0.090434 0.007590 1.724865
0.902100 0.000032 0.000044 0.000021 0.000008 0.090204 0.007590 1.724869
0.902330 0.000035 0.000044 0.000021 0.000007 0.089972 0.007591 1.724871
0.902534 0.000032 0.000044 0.000021 0.000007 0.089771 0.007591 1.724875
0.902737 0.000034 0.000042 0.000021 0.000007 0.089568 0.007591 1.724876
0.902932 0.000031 0.000041 0.000021 0.000007 0.089378 0.007591 1.724880
0.903123 0.000029 0.000041 0.000021 0.000006 0.089190 0.007591 1.724884
0.903317 0.000028 0.000040 0.000019 0.000006 0.088998 0.007591 1.724887
0.903509 0.000027 0.000036 0.000019 0.000006 0.088812 0.007591 1.724889
0.903687 0.000028 0.000036 0.000019 0.000005 0.088633 0.007591 1.724892
0.903859 0.000026 0.000037 0.000018 0.000005 0.088465 0.007591 1.724896
0.904040 0.000024 0.000036 0.000018 0.000005 0.088286 0.007591 1.724899
0.904205 0.000022 0.000036 0.000017 0.000004 0.088126 0.007592 1.724902
0.904364 0.000021 0.000036 0.000016 0.000004 0.087969 0.007592 1.724904
0.904501 0.000020 0.000033 0.000014 0.000004 0.087837 0.007592 1.724906
0.904640 0.000020 0.000035 0.000014 0.000004 0.087696 0.007592 1.724909
0.904775 0.000018 0.000036 0.000015 0.000004 0.087561 0.007592 1.724913
0.904909 0.000016 0.000037 0.000014 0.000004 0.087429 0.007592 1.724915
0.905022 0.000017 0.000034 0.000012 0.000004 0.087321 0.007592 1.724916
0.905127 0.000014 0.000033 0.000012 0.000003 0.087219 0.007592 1.724919
0.905228 0.000016 0.000029 0.000012 0.000003 0.087121 0.007593 1.724919
0.905320 0.000016 0.000027 0.000012 0.000002 0.087029 0.007593 1.724920
0.905405 0.000017 0.000027 0.000012 0.000002 0.086945 0.007593 1.724922
0.905482 0.000017 0.000026 0.000012 0.000002 0.086868 0.007593 1.724923
0.905551 0.000017 0.000024 0.000012 0.000002 0.086801 0.007593 1.724926
0.905629 0.000015 0.000024 0.000012 0.000002 0.086725 0.007593 1.724928
0.905702 0.000015 0.000021 0.000011 0.000002 0.086656 0.007594 1.724929
0.905771 0.000015 0.000022 0.000010 0.000002 0.086587 0.007594 1.724930
0.905844 0.000015 0.000019 0.000009 0.000002 0.086519 0.007594 1.724930
0.905909 0.000015 0.000018 0.000008 0.000001 0.086455 0.007594 1.724931
0.905979 0.000015 0.000018 0.000009 0.000001 0.086385 0.007594 1.724933
0.906036 0.000014 0.000015 0.000009 0.000001 0.086330 0.007594 1.724933
0.906103 0.000013 0.000014 0.000009 0.000001 0.086267 0.007594 1.724935
0.906164 0.000012 0.000012 0.000008 0.000001 0.086209 0.007594 1.724936
0.906210 0.000010 0.000013 0.000007 0.000001 0.086164 0.007594 1.724938
0.906269 0.000010 0.000013 0.000007 0.000001 0.086107 0.007594 1.724938
0.906319 0.000009 0.000012 0.000007 0.000001 0.086057 0.007594 1.724939
0.906368 0.000008 0.000012 0.000007 0.000001 0.086010 0.007594 1.724941
0.906414 0.000008 0.000012 0.000006 0.000001 0.085965 0.007594 1.724941
0.906462 0.000007 0.000010 0.000006 0.000001 0.085919 0.007594 1.724942
0.906507 0.000007 0.000010 0.000005 0.000001 0.085876 0.007594 1.724942
0.906547 0.000007 0.000009 0.000005 0.000000 0.085838 0.007595 1.724942
0.906585 0.000007 0.000008 0.000004 0.000000 0.085800 0.007595 1.724942
0.906627 0.000006 0.000009 0.000005 0.000000 0.085759 0.007595 1.724945
0.906656 0.000005 0.000010 0.000004 0.000001 0.085730 0.007595 1.724945
0.906690 0.000005 0.000009 0.000004 0.000001 0.085696 0.007595 1.724946
0.906724 0.000006 0.000008 0.000004 0.000001 0.085663 0.007595 1.724946
0.906755 0.000004 0.000008 0.000004 0.000001 0.085633 0.007595 1.724948
0.906776 0.000006 0.000008 0.000004 0.000001 0.085610 0.007595 1.724948
0.906807 0.000005 0.000008 0.000004 0.000001 0.085579 0.007595 1.724949
0.906835 0.000005 0.000008 0.000005 0.000001 0.085552 0.007595 1.724950
0.906861 0.000005 0.000007 0.000005 0.000001 0.085527 0.007595 1.724950
0.906884 0.000005 0.000007 0.000005 0.000001 0.085503 0.007595 1.724950
0.906904 0.000006 0.000008 0.000004 0.000001 0.085484 0.007595 1.724951
0.906928 0.000006 0.000006 0.000005 0.000001 0.085460 0.007595 1.724952
0.906949 0.000004 0.000007 0.000004 0.000002 0.085441 0.007595 1.724954
0.906969 0.000003 0.000007 0.000005 0.000001 0.085421 0.007595 1.724956
0.906991 0.000003 0.000007 0.000005 0.000001 0.085399 0.007595 1.724956
0.907011 0.000003 0.000006 0.000005 0.000001 0.085380 0.007595 1.724956
0.907032 0.000001 0.000007 0.000005 0.000001 0.085359 0.007595 1.724957
0.907051 0.000002 0.000007 0.000004 0.000001 0.085340 0.007595 1.724957
0.907068 0.000002 0.000008 0.000003 0.000001 0.085323 0.007595 1.724957
0.907089 0.000002 0.000007 0.000004 0.000001 0.085302 0.007595 1.724958
0.907106 0.000002 0.000007 0.000004 0.000001 0.085286 0.007595 1.724958
0.907120 0.000003 0.000006 0.000004 0.000000 0.085272 0.007595 1.724958
0.907135 0.000002 0.000006 0.000004 0.000000 0.085257 0.007595 1.724958
0.907154 0.000002 0.000006 0.000003 0.000000 0.085239 0.007595 1.724959
0.907166 0.000003 0.000006 0.000003 0.000000 0.085226 0.007595 1.724959
0.907183 0.000002 0.000007 0.000003 0.000000 0.085210 0.007595 1.724960
0.907196 0.000002 0.000007 0.000003 0.000000 0.085197 0.007595 1.724960
0.907213 0.000002 0.000007 0.000003 0.000000 0.085180 0.007595 1.724960
0.907224 0.000001 0.000007 0.000003 0.000000 0.085170 0.007595 1.724960
0.907242 0.000002 0.000007 0.000003 0.000000 0.085151 0.007595 1.724960
0.907254 0.000003 0.000006 0.000002 0.000000 0.085139 0.007595 1.724960
0.907266 0.000003 0.000006 0.000002 0.000000 0.085129 0.007595 1.724960
0.907278 0.000002 0.000006 0.000002 0.000000 0.085116 0.007595 1.724961
0.907289 0.000001 0.000007 0.000003 0.000000 0.085105 0.007595 1.724962
0.907306 0.000001 0.000006 0.000002 0.000000 0.085090 0.007595 1.724962
0.907319 0.000001 0.000006 0.000002 0.000000 0.085077 0.007595 1.724962
0.907330 0.000001 0.000005 0.000002 0.000000 0.085067 0.007595 1.724962
0.907339 0.000002 0.000005 0.000002 0.000000 0.085057 0.007595 1.724962
0.907351 0.000001 0.000005 0.000002 0.000000 0.085046 0.007595 1.724962
0.907361 0.000001 0.000005 0.000002 0.000000 0.085035 0.007595 1.724962
0.907371 0.000000 0.000004 0.000003 0.000000 0.085026 0.007595 1.724963
0.907377 0.000000 0.000004 0.000003 0.000000 0.085021 0.007595 1.724963
0.907385 0.000000 0.000003 0.000003 0.000000 0.085014 0.007595 1.724963
0.907389 0.000000 0.000003 0.000003 0.000000 0.085011 0.007595 1.724963
0.907396 0.000000 0.000002 0.000003 0.000000 0.085004 0.007595 1.724963
0.907404 0.000000 0.000002 0.000003 0.000000 0.084996 0.007595 1.724963
0.907409 0.000000 0.000002 0.000003 0.000000 0.084990 0.007595 1.724963
0.907416 0.000000 0.000002 0.000003 0.000000 0.084984 0.007595 1.724963
0.907425 0.000000 0.000002 0.000003 0.000000 0.084976 0.007595 1.724963
0.907429 0.000000 0.000002 0.000002 0.000000 0.084972 0.007595 1.724963
0.907435 0.000000 0.000002 0.000002 0.000000 0.084967 0.007595 1.724963
0.907440 0.000000 0.000002 0.000002 0.000000 0.084961 0.007595 1.724963
0.907446 0.000000 0.000002 0.000002 0.000000 0.084956 0.007595 1.724963
0.907450 0.000000 0.000002 0.000002 0.000000 0.084951 0.007595 1.724963
0.907456 0.000000 0.000002 0.000002 0.000000 0.084945 0.007595 1.724963
0.907461 0.000000 0.000002 0.000002 0.000000 0.084941 0.007595 1.724963
0.907466 0.000000 0.000002 0.000002 0.000000 0.084936 0.007595 1.724963
0.907471 0.000000 0.000002 0.000002 0.000000 0.084931 0.007595 1.724963
0.907476 0.000000 0.000001 0.000002 0.000000 0.084926 0.007595 1.724963
0.907479 0.000000 0.000001 0.000002 0.000000 0.084923 0.007595 1.724963
0.907482 0.000000 0.000000 0.000002 0.000000 0.084920 0.007595 1.724963
0.907485 0.000000 0.000000 0.000002 0.000000 0.084917 0.007595 1.724963
0.907487 0.000000 0.000000 0.000002 0.000000 0.084916 0.007595 1.724963
0.907489 0.000000 0.000000 0.000002 0.000000 0.084914 0.007595 1.724963
0.907492 0.000000 0.000000 0.000002 0.000000 0.084911 0.007595 1.724963
0.907493 0.000000 0.000000 0.000002 0.000000 0.084909 0.007595 1.724963
0.907495 0.000000 0.000000 0.000001 0.000000 0.084907 0.007595 1.724963
0.907498 0.000000 0.000000 0.000001 0.000000 0.084905 0.007595 1.724963
0.907501 0.000000 0.000000 0.000001 0.000000 0.084901 0.007595 1.724963
0.907503 0.000000 0.000000 0.000001 0.000000 0.084900 0.007595 1.724963
0.907506 0.000000 0.000000 0.000001 0.000000 0.084897 0.007595 1.724963
0.907509 0.000000 0.000000 0.000001 0.000000 0.084894 0.007595 1.724963
0.907510 0.000000 0.000000 0.000001 0.000000 0.084893 0.007595 1.724963
0.907512 0.000000 0.000000 0.000001 0.000000 0.084890 0.007595 1.724963
0.907515 0.000000 0.000000 0.000001 0.000000 0.084887 0.007595 1.724963
0.907516 0.000000 0.000000 0.000001 0.000000 0.084886 0.007595 1.724963
0.907516 0.000001 0.000000 0.000001 0.000000 0.084886 0.007595 1.724963
0.907517 0.000001 0.000000 0.000001 0.000000 0.084884 0.007595 1.724963
0.907517 0.000001 0.000000 0.000000 0.000000 0.084885 0.007595 1.724963
0.907518 0.000001 0.000000 0.000000 0.000000 0.084885 0.007595 1.724963
0.907519 0.000001 0.000000 0.000000 0.000000 0.084884 0.007595 1.724963
0.907521 0.000001 0.000000 0.000000 0.000000 0.084882 0.007595 1.724963
0.907522 0.000001 0.000000 0.000000 0.000000 0.084881 0.007595 1.724963
0.907524 0.000001 0.000000 0.000000 0.000000 0.084879 0.007595 1.724963
0.907525 0.000001 0.000000 0.000000 0.000000 0.084877 0.007595 1.724963
0.907526 0.000001 0.000000 0.000000 0.000000 0.084877 0.007595 1.724964
0.907527 0.000001 0.000000 0.000000 0.000000 0.084876 0.007595 1.724964
0.907528 0.000001 0.000000 0.000000 0.000000 0.084875 0.007595 1.724964
0.907528 0.000001 0.000000 0.000000 0.000000 0.084875 0.007595 1.724964
0.907531 0.000001 0.000000 0.000000 0.000000 0.084873 0.007595 1.724964
0.907532 0.000001 0.000000 0.000000 0.000000 0.084872 0.007595 1.724964
0.907532 0.000001 0.000000 0.000000 0.000000 0.084871 0.007595 1.724964
0.907535 0.000001 0.000000 0.000000 0.000000 0.084869 0.007595 1.724964
0.907536 0.000001 0.000000 0.000000 0.000000 0.084868 0.007595 1.724964
0.907536 0.000001 0.000000 0.000000 0.000000 0.084867 0.007595 1.724964
0.907537 0.000001 0.000000 0.000000 0.000000 0.084866 0.007595 1.724964
0.907538 0.000001 0.000000 0.000000 0.000000 0.084865 0.007595 1.724964
0.907539 0.000001 0.000000 0.000000 0.000000 0.084865 0.007595 1.724964
0.907539 0.000001 0.000000 0.000000 0.000000 0.084864 0.007595 1.724964
0.907539 0.000001 0.000000 0.000000 0.000000 0.084864 0.007595 1.724964
0.907539 0.000001 0.000000 0.000000 0.000000 0.084864 0.007595 1.724964
0.907540 0.000001 0.000000 0.000000 0.000000 0.084863 0.007595 1.724964
0.907540 0.000001 0.000000 0.000000 0.000000 0.084863 0.007595 1.724964
0.907540 0.000001 0.000000 0.000000 0.000000 0.084862 0.007595 1.724964
0.907544 0.000001 0.000000 0.000000 0.000000 0.084859 0.007595 1.724964
0.907544 0.000002 0.000000 0.000000 0.000000 0.084858 0.007595 1.724964
0.907545 0.000002 0.000000 0.000000 0.000000 0.084857 0.007595 1.724964
0.907545 0.000002 0.000000 0.000000 0.000000 0.084857 0.007595 1.724964
0.907546 0.000001 0.000001 0.000000 0.000000 0.084856 0.007595 1.724965
0.907546 0.000002 0.000001 0.000000 0.000000 0.084856 0.007595 1.724965
0.907547 0.000001 0.000001 0.000000 0.000000 0.084855 0.007595 1.724966
0.907547 0.000001 0.000001 0.000000 0.000000 0.084855 0.007595 1.724966
0.907547 0.000001 0.000001 0.000000 0.000000 0.084855 0.007595 1.724966
0.907548 0.000001 0.000001 0.000000 0.000000 0.084854 0.007595 1.724966
0.907549 0.000001 0.000001 0.000000 0.000000 0.084853 0.007595 1.724966
0.907549 0.000001 0.000001 0.000000 0.000000 0.084852 0.007595 1.724966
0.907550 0.000001 0.000001 0.000000 0.000000 0.084852 0.007595 1.724966
0.907551 0.000001 0.000001 0.000000 0.000000 0.084851 0.007595 1.724966
0.907551 0.000001 0.000002 0.000000 0.000000 0.084850 0.007595 1.724967
0.907552 0.000001 0.000002 0.000000 0.000000 0.084849 0.007595 1.724967
0.907552 0.000001 0.000002 0.000000 0.000000 0.084849 0.007595 1.724967
0.907553 0.000001 0.000001 0.000000 0.000000 0.084849 0.007595 1.724967
0.907554 0.000000 0.000002 0.000000 0.000000 0.084847 0.007595 1.724967
0.907554 0.000001 0.000002 0.000000 0.000000 0.084847 0.007595 1.724967
0.907554 0.000000 0.000003 0.000000 0.000000 0.084847 0.007595 1.724968
0.907554 0.000001 0.000003 0.000000 0.000000 0.084846 0.007595 1.724968
0.907555 0.000001 0.000003 0.000000 0.000000 0.084845 0.007595 1.724968
0.907555 0.000001 0.000003 0.000000 0.000000 0.084845 0.007595 1.724968
0.907555 0.000001 0.000002 0.000001 0.000000 0.084845 0.007595 1.724968
0.907555 0.000001 0.000002 0.000001 0.000000 0.084845 0.007595 1.724968
0.907555 0.000001 0.000002 0.000001 0.000000 0.084845 0.007595 1.724968
0.907556 0.000001 0.000002 0.000001 0.000000 0.084844 0.007595 1.724968
0.907556 0.000001 0.000003 0.000001 0.000000 0.084844 0.007595 1.724969
0.907556 0.000002 0.000002 0.000001 0.000000 0.084843 0.007595 1.724969
0.907557 0.000003 0.000002 0.000001 0.000000 0.084842 0.007595 1.724969
0.907557 0.000003 0.000001 0.000001 0.000000 0.084842 0.007595 1.724969
0.907557 0.000001 0.000002 0.000002 0.000000 0.084842 0.007595 1.724971
0.907557 0.000001 0.000002 0.000002 0.000000 0.084842 0.007595 1.724971
0.907556 0.000002 0.000002 0.000002 0.000000 0.084842 0.007595 1.724971
0.907556 0.000001 0.000003 0.000003 0.000000 0.084842 0.007595 1.724972
0.907557 0.000001 0.000003 0.000001 0.000000 0.084842 0.007595 1.724972
0.907558 0.000001 0.000003 0.000001 0.000000 0.084841 0.007595 1.724972
0.907558 0.000002 0.000003 0.000001 0.000000 0.084841 0.007595 1.724972
0.907559 0.000001 0.000003 0.000001 0.000000 0.084840 0.007595 1.724972
0.907559 0.000001 0.000003 0.000002 0.000000 0.084839 0.007595 1.724973
0.907558 0.000003 0.000003 0.000001 0.000000 0.084840 0.007595 1.724973
0.907558 0.000003 0.000001 0.000001 0.000000 0.084841 0.007595 1.724973
0.907559 0.000003 0.000002 0.000001 0.000000 0.084840 0.007595 1.724973
0.907559 0.000002 0.000003 0.000001 0.000000 0.084840 0.007595 1.724974
0.907560 0.000002 0.000003 0.000001 0.000000 0.084839 0.007595 1.724974
0.907559 0.000003 0.000003 0.000001 0.000000 0.084839 0.007595 1.724974
0.907561 0.000003 0.000002 0.000001 0.000000 0.084837 0.007595 1.724974
0.907562 0.000003 0.000002 0.000001 0.000000 0.084836 0.007595 1.724974
0.907562 0.000003 0.000002 0.000001 0.000000 0.084836 0.007595 1.724974
0.907563 0.000003 0.000001 0.000001 0.000000 0.084836 0.007595 1.724974
0.907562 0.000005 0.000001 0.000001 0.000000 0.084835 0.007595 1.724974
0.907563 0.000004 0.000002 0.000001 0.000000 0.084835 0.007595 1.724975
0.907564 0.000003 0.000002 0.000001 0.000000 0.084834 0.007595 1.724976
0.907564 0.000003 0.000002 0.000001 0.000000 0.084834 0.007595 1.724976
0.907564 0.000003 0.000002 0.000001 0.000000 0.084835 0.007595 1.724976
0.907564 0.000003 0.000002 0.000001 0.000000 0.084834 0.007595 1.724976
0.907565 0.000003 0.000003 0.000001 0.000000 0.084834 0.007595 1.724977
0.907566 0.000001 0.000003 0.000001 0.000000 0.084833 0.007595 1.724978
0.907567 0.000001 0.000002 0.000001 0.000000 0.084832 0.007595 1.724978
0.907568 0.000001 0.000002 0.000001 0.000000 0.084832 0.007595 1.724978
0.907568 0.000001 0.000003 0.000002 0.000000 0.084831 0.007595 1.724979
0.907569 0.000001 0.000003 0.000002 0.000000 0.084831 0.007595 1.724979
0.907569 0.000001 0.000003 0.000002 0.000000 0.084830 0.007595 1.724979
0.907569 0.000001 0.000003 0.000001 0.000000 0.084831 0.007595 1.724979
0.907569 0.000001 0.000003 0.000001 0.000000 0.084831 0.007595 1.724979
0.907569 0.000000 0.000003 0.000001 0.000000 0.084831 0.007595 1.724979
0.907569 0.000000 0.000003 0.000000 0.000000 0.084832 0.007595 1.724979
0.907570 0.000000 0.000003 0.000000 0.000000 0.084831 0.007595 1.724979
0.907570 0.000000 0.000003 0.000000 0.000000 0.084831 0.007595 1.724979
0.907570 0.000000 0.000003 0.000000 0.000000 0.084831 0.007595 1.724979
0.907570 0.000000 0.000003 0.000000 0.000000 0.084831 0.007595 1.724979
0.907571 0.000000 0.000002 0.000000 0.000000 0.084831 0.007595 1.724979
0.907571 0.000001 0.000002 0.000000 0.000000 0.084830 0.007595 1.724979
0.907572 0.000001 0.000002 0.000000 0.000000 0.084830 0.007595 1.724979
0.907573 0.000001 0.000002 0.000000 0.000000 0.084829 0.007595 1.724979
0.907573 0.000001 0.000001 0.000000 0.000000 0.084830 0.007595 1.724979
0.907573 0.000001 0.000001 0.000000 0.000000 0.084829 0.007595 1.724979
0.907573 0.000001 0.000001 0.000000 0.000000 0.084830 0.007595 1.724979
0.907574 0.000001 0.000001 0.000000 0.000000 0.084829 0.007595 1.724979
0.907574 0.000001 0.000001 0.000000 0.000000 0.084829 0.007595 1.724979
0.907574 0.000000 0.000001 0.000000 0.000000 0.084829 0.007595 1.724980
0.907574 0.000000 0.000001 0.000000 0.000000 0.084829 0.007595 1.724980
0.907575 0.000000 0.000000 0.000000 0.000000 0.084828 0.007595 1.724980
0.907576 0.000000 0.000000 0.000000 0.000000 0.084828 0.007595 1.724980
0.907577 0.000000 0.000000 0.000000 0.000000 0.084827 0.007595 1.724980
0.907577 0.000000 0.000000 0.000000 0.000000 0.084827 0.007595 1.724980
0.907578 0.000000 0.000000 0.000000 0.000000 0.084826 0.007595 1.724980
0.907578 0.000000 0.000000 0.000000 0.000000 0.084827 0.007595 1.724980
0.907578 0.000000 0.000000 0.000000 0.000000 0.084826 0.007595 1.724980
0.907579 0.000000 0.000000 0.000000 0.000000 0.084826 0.007595 1.724980
0.907579 0.000000 0.000000 0.000000 0.000000 0.084825 0.007595 1.724980
0.907579 0.000000 0.000000 0.000000 0.000000 0.084825 0.007595 1.724980
0.907579 0.000000 0.000000 0.000000 0.000000 0.084825 0.007595 1.724980
0.907580 0.000000 0.000000 0.000000 0.000000 0.084824 0.007595 1.724980
0.907581 0.000000 0.000000 0.000000 0.000000 0.084824 0.007595 1.724980
0.907581 0.000000 0.000000 0.000000 0.000000 0.084823 0.007595 1.724980
0.907582 0.000000 0.000000 0.000000 0.000000 0.084823 0.007595 1.724980
0.907582 0.000000 0.000000 0.000000 0.000000 0.084822 0.007595 1.724980
0.907583 0.000000 0.000000 0.000000 0.000000 0.084822 0.007595 1.724980
0.907583 0.000000 0.000000 0.000000 0.000000 0.084821 0.007595 1.724980
0.907583 0.000000 0.000000 0.000000 0.000000 0.084821 0.007595 1.724980
0.907584 0.000000 0.000000 0.000000 0.000000 0.084820 0.007595 1.724980
0.907585 0.000000 0.000000 0.000000 0.000000 0.084820 0.007595 1.724980
0.907585 0.000000 0.000000 0.000000 0.000000 0.084819 0.007595 1.724980
0.907586 0.000000 0.000000 0.000000 0.000000 0.084819 0.007595 1.724980
0.907586 0.000000 0.000000 0.000000 0.000000 0.084818 0.007595 1.724980
0.907586 0.000000 0.000000 0.000000 0.000000 0.084819 0.007595 1.724980
0.907586 0.000000 0.000000 0.000000 0.000000 0.084819 0.007595 1.724980
0.907586 0.000000 0.000000 0.000000 0.000000 0.084819 0.007595 1.724980
0.907586 0.000000 0.000000 0.000000 0.000000 0.084819 0.007595 1.724980
0.907586 0.000000 0.000000 0.000000 0.000000 0.084819 0.007595 1.724980
0.907586 0.000000 0.000000 0.000000 0.000000 0.084819 0.007595 1.724980
0.907586 0.000000 0.000000 0.000000 0.000000 0.084819 0.007595 1.724980
0.907586 0.000000 0.000000 0.000000 0.000000 0.084819 0.007595 1.724980
0.907586 0.000000 0.000000 0.000000 0.000000 0.084819 0.007595 1.724980
0.907586 0.000000 0.000000 0.000000 0.000000 0.084819 0.007595 1.724980
0.907586 0.000000 0.000000 0.000000 0.000000 0.084819 0.007595 1.724980
0.907586 0.000000 0.000000 0.000000 0.000000 0.084819 0.007595 1.724980
0.907586 0.000000 0.000000 0.000000 0.000000 0.084819 0.007595 1.724980
0.907586 0.000000 0.000000 0.000000 0.000000 0.084819 0.007595 1.724980
0.907586 0.000000 0.000000 0.000000 0.000000 0.084819 0.007595 1.724980
0.907586 0.000000 0.000000 0.000000 0.000000 0.084819 0.007595 1.724980
0.907586 0.000000 0.000000 0.000000 0.000000 0.084819 0.007595 1.724980
0.907586 0.000000 0.000000 0.000000 0.000000 0.084819 0.007595 1.724980
0.907586 0.000000 0.000000 0.000000 0.000000 0.084819 0.007595 1.724980
0.907586 0.000000 0.000000 0.000000 0.000000 0.084819 0.007595 1.724980
0.907586 0.000000 0.000000 0.000000 0.000000 0.084819 0.007595 1.724980
0.907586 0.000000 0.000000 0.000000 0.000000 0.084819 0.007595 1.724980
0.907586 0.000000 0.000000 0.000000 0.000000 0.084819 0.007595 1.724980
0.907586 0.000000 0.000000 0.000000 0.000000 0.084819 0.007595 1.724980
0.907586 0.000000 0.000000 0.000000 0.000000 0.084819 0.007595 1.724980
0.907586 0.000000 0.000000 0.000000 0.000000 0.084819 0.007595 1.724980
0.907586 0.000000 0.000000 0.000000 0.000000 0.084819 0.007595 1.724980
0.907586 0.000000 0.000000 0.000000 0.000000 0.084819 0.007595 1.724980
0.907586 0.000000 0.000000 0.000000 0.000000 0.084819 0.007595 1.724980
0.907586 0.000000 0.000000 0.000000 0.000000 0.084819 0.007595 1.724980
0.907586 0.000000 0.000000 0.000000 0.000000 0.084819 0.007595 1.724980
0.907586 0.000000 0.000000 0.000000 0.000000 0.084819 0.007595 1.724980
0.907586 0.000000 0.000000 0.000000 0.000000 0.084819 0.007595 1.724980
0.907586 0.000000 0.000000 0.000000 0.000000 0.084819 0.007595 1.724980
0.907586 0.000000 0.000000 0.000000 0.000000 0.084819 0.007595 1.724980
0.907586 0.000000 0.000000 0.000000 0.000000 0.084819 0.007595 1.724980
0.907586 0.000000 0.000000 0.000000 0.000000 0.084819 0.007595 1.724980
0.907586 0.000000 0.000000 0.000000 0.000000 0.084819 0.007595 1.724980
0.907586 0.000000 0.000000 0.000000 0.000000 0.084819 0.007595 1.724980
0.907586 0.000000 0.000000 0.000000 0.000000 0.084819 0.007595 1.724980
0.907586 0.000000 0.000000 0.000000 0.000000 0.084819 0.007595 1.724980
0.907586 0.000000 0.000000 0.000000 0.000000 0.084819 0.007595 1.724980
0.907586 0.000000 0.000000 0.000000 0.000000 0.084819 0.007595 1.724980
0.907586 0.000000 0.000000 0.000000 0.000000 0.084819 0.007595 1.724980
0.907586 0.000000 0.000000 0.000000 0.000000 0.084819 0.007595 1.724980
0.907586 0.000000 0.000000 0.000000 0.000000 0.084819 0.007595 1.724980
0.907586 0.000000 0.000000 0.000000 0.000000 0.084819 0.007595 1.724980
0.907586 0.000000 0.000000 0.000000 0.000000 0.084819 0.007595 1.724980
0.907586 0.000000 0.000000 0.000000 0.000000 0.084819 0.007595 1.724980
0.907586 0.000000 0.000000 0.000000 0.000000 0.084819 0.007595 1.724980
0.907586 0.000000 0.000000 0.000000 0.000000 0.084819 0.007595 1.724980
0.907586 0.000000 0.000000 0.000000 0.000000 0.084819 0.007595 1.724980
0.907586 0.000000 0.000000 0.000000 0.000000 0.084819 0.007595 1.724980
0.907586 0.000000 0.000000 0.000000 0.000000 0.084819 0.007595 1.724980
0.907586 0.000000 0.000000 0.000000 0.000000 0.084819 0.007595 1.724980
0.907586 0.000000 0.000000 0.000000 0.000000 0.084819 0.007595 1.724980
0.907586 0.000000 0.000000 0.000000 0.000000 0.084819 0.007595 1.724980
0.907586 0.000000 0.000000 0.000000 0.000000 0.084819 0.007595 1.724980
0.907586 0.000000 0.000000 0.000000 0.000000 0.084819 0.007595 1.724980
0.907586 0.000000 0.000000 0.000000 0.000000 0.084819 0.007595 1.724980
0.907586 0.000000 0.000000 0.000000 0.000000 0.084819 0.007595 1.724980
0.907586 0.000000 0.000000 0.000000 0.000000 0.084819 0.007595 1.724980
0.907586 0.000000 0.000000 0.000000 0.000000 0.084819 0.007595 1.724980
0.907586 0.000000 0.000000 0.000000 0.000000 0.084819 0.007595 1.724980
0.907586 0.000000 0.000000 0.000000 0.000000 0.084819 0.007595 1.724980
0.907586 0.000000 0.000000 0.000000 0.000000 0.084819 0.007595 1.724980
0.907586 0.000000 0.000000 0.000000 0.000000 0.084819 0.007595 1.724980
0.907586 0.000000 0.000000 0.000000 0.000000 0.084819 0.007595 1.724980
0.907586 0.000000 0.000000 0.000000 0.000000 0.084819 0.007595 1.724980
0.907586 0.000000 0.000000 0.000000 0.000000 0.084819 0.007595 1.724980
0.907586 0.000000 0.000000 0.000000 0.000000 0.084819 0.007595 1.724980
0.907586 0.000000 0.000000 0.000000 0.000000 0.084819 0.007595 1.724980
0.907586 0.000000 0.000000 0.000000 0.000000 0.084819 0.007595 1.724980
0.907586 0.000000 0.000000 0.000000 0.000000 0.084819 0.007595 1.724980
0.907586 0.000000 0.000000 0.000000 0.000000 0.084819 0.007595 1.724980
0.907586 0.000000 0.000000 0.000000 0.000000 0.084819 0.007595 1.724980
0.907586 0.000000 0.000000 0.000000 0.000000 0.084819 0.007595 1.724980
0.907586 0.000000 0.000000 0.000000 0.000000 0.084819 0.007595 1.724980
0.907586 0.000000 0.000000 0.000000 0.000000 0.084819 0.007595 1.724980
0.907586 0.000000 0.000000 0.000000 0.000000 0.084819 0.007595 1.724980
0.907586 0.000000 0.000000 0.000000 0.000000 0.084819 0.007595 1.724980
0.907586 0.000000 0.000000 0.000000 0.000000 0.084819 0.007595 1.724980
0.907586 0.000000 0.000000 0.000000 0.000000 0.084819 0.007595 1.724980
0.907586 0.000000 0.000000 0.000000 0.000000 0.084819 0.007595 1.724980
0.907586 0.000000 0.000000 0.000000 0.000000 0.084819 0.007595 1.724980
0.907586 0.000000 0.000000 0.000000 0.000000 0.084819 0.007595 1.724980
0.907586 0.000000 0.000000 0.000000 0.000000 0.084819 0.007595 1.724980
0.907586 0.000000 0.000000 0.000000 0.000000 0.084819 0.007595 1.724980
0.907586 0.000000 0.000000 0.000000 0.000000 0.084819 0.007595 1.724980
0.907586 0.000000 0.000000 0.000000 0.000000 0.084819 0.007595 1.724980
0.907586 0.000000 0.000000 0.000000 0.000000 0.084819 0.007595 1.724980
0.907586 0.000000 0.000000 0.000000 0.000000 0.084819 0.007595 1.724980
0.907586 0.000000 0.000000 0.000000 0.000000 0.084819 0.007595 1.724980
0.907586 0.000000 0.000000 0.000000 0.000000 0.084819 0.007595 1.724980
0.907586 0.000000 0.000000 0.000000 0.000000 0.084819 0.007595 1.724980
0.907586 0.000000 0.000000 0.000000 0.000000 0.084819 0.007595 1.724980
0.907586 0.000000 0.000000 0.000000 0.000000 0.084819 0.007595 1.724980
0.907586 0.000000 0.000000 0.000000 0.000000 0.084819 0.007595 1.724980
0.907586 0.000000 0.000000 0.000000 0.000000 0.084819 0.007595 1.724980
0.907586 0.000000 0.000000 0.000000 0.000000 0.084819 0.007595 1.724980
0.907586 0.000000 0.000000 0.000000 0.000000 0.084819 0.007595 1.724980
0.907586 0.000000 0.000000 0.000000 0.000000 0.084819 0.007595 1.724980
0.907586 0.000000 0.000000 0.000000 0.000000 0.084819 0.007595 1.724980
0.907586 0.000000 0.000000 0.000000 0.000000 0.084819 0.007595 1.724980
0.907586 0.000000 0.000000 0.000000 0.000000 0.084819 0.007595 1.724980
0.907586 0.000000 0.000000 0.000000 0.000000 0.084819 0.007595 1.724980
0.907586 0.000000 0.000000 0.000000 0.000000 0.084819 0.007595 1.724980
