0.342185 0.063083 0.056314 0.032233 0.002125 0.497977 0.006082 1.631830
0.343887 0.061460 0.056163 0.032179 0.002131 0.498067 0.006112 1.638025
0.346178 0.059490 0.055927 0.032027 0.002134 0.498103 0.006140 1.643982
0.348813 0.057475 0.055634 0.031751 0.002138 0.498016 0.006174 1.649639
0.351691 0.055313 0.055266 0.031419 0.002135 0.497975 0.006201 1.655200
0.354598 0.053383 0.054764 0.031059 0.002107 0.497856 0.006233 1.660430
0.357684 0.051334 0.054267 0.030705 0.002094 0.497655 0.006260 1.665637
0.360789 0.049422 0.053553 0.030243 0.002093 0.497615 0.006286 1.670572
0.364120 0.047520 0.052850 0.029757 0.002097 0.497345 0.006310 1.675336
0.367563 0.045733 0.052014 0.029366 0.002078 0.496906 0.006340 1.679947
0.371108 0.044027 0.051131 0.028873 0.002062 0.496434 0.006365 1.684330
0.374702 0.042453 0.050144 0.028312 0.002082 0.495919 0.006389 1.688520
0.378096 0.040917 0.049331 0.027855 0.002052 0.495332 0.006416 1.692686
0.381748 0.039608 0.048374 0.027205 0.002040 0.494580 0.006446 1.696544
0.385363 0.038233 0.047406 0.026679 0.002035 0.493811 0.006474 1.700406
0.389079 0.036963 0.046480 0.026126 0.002030 0.492822 0.006500 1.704102
0.392942 0.035791 0.045483 0.025555 0.002014 0.491678 0.006536 1.707621
0.396694 0.034733 0.044446 0.024991 0.002009 0.490567 0.006559 1.711041
0.400478 0.033635 0.043484 0.024409 0.002007 0.489405 0.006582 1.714440
0.404273 0.032676 0.042550 0.023807 0.001982 0.488104 0.006609 1.717683
0.408123 0.031727 0.041645 0.023252 0.001976 0.486644 0.006633 1.720851
0.412037 0.030778 0.040725 0.022674 0.001972 0.485155 0.006658 1.723922
0.415972 0.029891 0.039719 0.022191 0.001949 0.483595 0.006683 1.726924
0.419894 0.029134 0.038823 0.021696 0.001930 0.481817 0.006706 1.729811
0.423859 0.028379 0.037910 0.021156 0.001922 0.480042 0.006732 1.732627
0.427753 0.027688 0.036983 0.020647 0.001895 0.478270 0.006764 1.735361
0.431655 0.027054 0.036154 0.020148 0.001886 0.476315 0.006788 1.738040
0.435467 0.026442 0.035179 0.019640 0.001867 0.474592 0.006813 1.740651
0.439385 0.025854 0.034356 0.019101 0.001852 0.472615 0.006838 1.743212
0.443430 0.025251 0.033609 0.018635 0.001842 0.470372 0.006861 1.745725
0.447341 0.024707 0.032791 0.018132 0.001816 0.468325 0.006888 1.748148
0.451263 0.024259 0.031950 0.017660 0.001798 0.466162 0.006909 1.750511
0.455190 0.023738 0.031223 0.017245 0.001760 0.463909 0.006936 1.752911
0.459050 0.023235 0.030456 0.016885 0.001730 0.461684 0.006960 1.755246
0.462993 0.022706 0.029767 0.016507 0.001714 0.459328 0.006985 1.757584
0.466919 0.022328 0.029026 0.016096 0.001687 0.456941 0.007003 1.759755
0.470833 0.021951 0.028310 0.015732 0.001664 0.454479 0.007030 1.761861
0.474745 0.021594 0.027652 0.015338 0.001638 0.451983 0.007052 1.763951
0.478522 0.021281 0.027086 0.014939 0.001613 0.449486 0.007071 1.766039
0.482399 0.020918 0.026456 0.014645 0.001601 0.446889 0.007092 1.768130
0.486158 0.020594 0.025956 0.014287 0.001580 0.444313 0.007111 1.770203
0.489954 0.020332 0.025395 0.013980 0.001555 0.441656 0.007128 1.772183
0.493771 0.020110 0.024862 0.013716 0.001536 0.438858 0.007148 1.774151
0.497481 0.019907 0.024294 0.013410 0.001510 0.436226 0.007171 1.776068
0.501225 0.019647 0.023801 0.013157 0.001492 0.433487 0.007191 1.778014
0.504936 0.019424 0.023350 0.012891 0.001461 0.430726 0.007214 1.779925
0.508618 0.019215 0.022884 0.012644 0.001434 0.427976 0.007229 1.781827
0.512320 0.019009 0.022483 0.012426 0.001421 0.425095 0.007246 1.783704
0.515894 0.018825 0.022100 0.012196 0.001408 0.422315 0.007261 1.785561
0.519493 0.018622 0.021746 0.011961 0.001388 0.419512 0.007280 1.787410
0.523047 0.018450 0.021458 0.011762 0.001367 0.416619 0.007299 1.789303
0.526514 0.018327 0.021097 0.011583 0.001347 0.413815 0.007318 1.791099
0.530057 0.018167 0.020753 0.011398 0.001310 0.410981 0.007335 1.792893
0.533563 0.018021 0.020455 0.011205 0.001298 0.408104 0.007354 1.794668
0.536960 0.017934 0.020117 0.010958 0.001279 0.405381 0.007372 1.796392
0.540414 0.017806 0.019832 0.010825 0.001254 0.402476 0.007393 1.798124
0.543736 0.017733 0.019525 0.010653 0.001232 0.399717 0.007404 1.799856
0.547063 0.017672 0.019189 0.010471 0.001214 0.396973 0.007420 1.801569
0.550342 0.017526 0.018944 0.010359 0.001198 0.394199 0.007432 1.803364
0.553526 0.017502 0.018767 0.010201 0.001174 0.391385 0.007445 1.805062
0.556859 0.017419 0.018479 0.010046 0.001159 0.388579 0.007459 1.806742
0.560006 0.017346 0.018245 0.009942 0.001141 0.385840 0.007479 1.808458
0.563134 0.017263 0.018097 0.009848 0.001127 0.383042 0.007490 1.810200
0.566241 0.017235 0.017896 0.009766 0.001115 0.380245 0.007503 1.811877
0.569234 0.017219 0.017705 0.009677 0.001108 0.377540 0.007518 1.813550
0.572320 0.017201 0.017454 0.009602 0.001095 0.374799 0.007529 1.815198
0.575382 0.017128 0.017272 0.009502 0.001073 0.372102 0.007541 1.816866
0.578356 0.017056 0.017127 0.009417 0.001059 0.369428 0.007558 1.818568
0.581379 0.017055 0.017001 0.009249 0.001050 0.366698 0.007569 1.820218
0.584351 0.016980 0.016923 0.009210 0.001029 0.363924 0.007583 1.821938
0.587247 0.016985 0.016776 0.009181 0.001015 0.361201 0.007595 1.823589
0.590030 0.017000 0.016661 0.009104 0.000996 0.358597 0.007612 1.825234
0.592851 0.017063 0.016571 0.009008 0.000984 0.355896 0.007626 1.826846
0.595641 0.017055 0.016463 0.008949 0.000965 0.353289 0.007639 1.828531
0.598300 0.017111 0.016383 0.008899 0.000952 0.350704 0.007653 1.830156
0.601032 0.017167 0.016299 0.008828 0.000952 0.348060 0.007662 1.831766
0.603619 0.017271 0.016219 0.008806 0.000933 0.345476 0.007676 1.833399
0.606212 0.017284 0.016140 0.008796 0.000920 0.342957 0.007691 1.835108
0.608760 0.017332 0.016068 0.008744 0.000906 0.340490 0.007701 1.836746
0.611334 0.017331 0.016043 0.008754 0.000906 0.337921 0.007711 1.838515
0.613782 0.017383 0.015988 0.008729 0.000893 0.335500 0.007726 1.840207
0.616120 0.017392 0.015976 0.008746 0.000882 0.333144 0.007741 1.841991
0.618484 0.017442 0.015958 0.008742 0.000867 0.330751 0.007757 1.843702
0.620762 0.017516 0.015932 0.008749 0.000850 0.328419 0.007773 1.845423
0.622986 0.017626 0.015886 0.008745 0.000839 0.326136 0.007783 1.847133
0.625326 0.017634 0.015892 0.008787 0.000830 0.323736 0.007796 1.848887
0.627467 0.017726 0.015853 0.008749 0.000814 0.321584 0.007807 1.850619
0.629707 0.017824 0.015806 0.008717 0.000803 0.319326 0.007817 1.852324
0.631806 0.017917 0.015786 0.008686 0.000785 0.317191 0.007829 1.854051
0.633924 0.017994 0.015808 0.008649 0.000788 0.315000 0.007837 1.855806
0.635942 0.018101 0.015860 0.008640 0.000772 0.312831 0.007853 1.857565
0.637884 0.018223 0.015870 0.008666 0.000773 0.310724 0.007860 1.859330
0.639851 0.018308 0.015916 0.008634 0.000771 0.308651 0.007870 1.861111
0.641902 0.018364 0.015928 0.008637 0.000766 0.306526 0.007878 1.862912
0.643874 0.018417 0.015988 0.008672 0.000756 0.304404 0.007890 1.864734
0.645805 0.018469 0.016036 0.008654 0.000749 0.302387 0.007900 1.866530
0.647705 0.018577 0.016057 0.008662 0.000753 0.300340 0.007907 1.868294
0.649571 0.018638 0.016100 0.008686 0.000752 0.298340 0.007914 1.870134
0.651362 0.018727 0.016107 0.008705 0.000747 0.296428 0.007925 1.871950
0.653182 0.018879 0.016105 0.008713 0.000740 0.294447 0.007934 1.873752
0.654861 0.018995 0.016158 0.008722 0.000728 0.292592 0.007945 1.875621
0.656623 0.019165 0.016200 0.008722 0.000725 0.290613 0.007952 1.877429
0.658305 0.019293 0.016277 0.008736 0.000727 0.288706 0.007956 1.879293
0.660041 0.019333 0.016415 0.008817 0.000721 0.286710 0.007963 1.881239
0.661637 0.019381 0.016457 0.008872 0.000721 0.284963 0.007970 1.883148
0.663050 0.019575 0.016469 0.008902 0.000718 0.283303 0.007982 1.885044
0.664481 0.019688 0.016584 0.008926 0.000717 0.281616 0.007989 1.886996
0.665947 0.019820 0.016636 0.008912 0.000713 0.279974 0.007997 1.888920
0.667392 0.019974 0.016652 0.008941 0.000711 0.278323 0.008007 1.890834
0.668672 0.020153 0.016729 0.008993 0.000707 0.276731 0.008016 1.892809
0.670072 0.020218 0.016839 0.009092 0.000700 0.275055 0.008024 1.894794
0.671398 0.020406 0.016877 0.009118 0.000689 0.273479 0.008034 1.896752
0.672632 0.020518 0.016993 0.009176 0.000670 0.271965 0.008046 1.898786
0.673933 0.020645 0.017082 0.009201 0.000666 0.270417 0.008057 1.900795
0.675047 0.020874 0.017176 0.009218 0.000674 0.268949 0.008063 1.902786
0.676182 0.021055 0.017207 0.009349 0.000661 0.267474 0.008074 1.904836
0.677274 0.021152 0.017359 0.009444 0.000657 0.266034 0.008082 1.906972
0.678404 0.021302 0.017462 0.009492 0.000663 0.264590 0.008088 1.909041
0.679377 0.021457 0.017545 0.009586 0.000671 0.263269 0.008096 1.911157
0.680493 0.021574 0.017590 0.009633 0.000676 0.261931 0.008103 1.913246
0.681526 0.021755 0.017669 0.009647 0.000669 0.260622 0.008113 1.915322
0.682535 0.021896 0.017831 0.009672 0.000671 0.259275 0.008121 1.917431
0.683523 0.022014 0.017944 0.009763 0.000666 0.257959 0.008131 1.919554
0.684424 0.022172 0.018041 0.009839 0.000659 0.256719 0.008146 1.921714
0.685243 0.022333 0.018129 0.009896 0.000662 0.255585 0.008152 1.923865
0.686063 0.022426 0.018249 0.009992 0.000672 0.254437 0.008162 1.926098
0.686841 0.022635 0.018342 0.010054 0.000676 0.253281 0.008172 1.928290
0.687677 0.022681 0.018527 0.010182 0.000669 0.252081 0.008184 1.930554
0.688463 0.022750 0.018718 0.010227 0.000670 0.250976 0.008197 1.932821
0.689287 0.022801 0.018815 0.010283 0.000672 0.249936 0.008205 1.935079
0.690103 0.022895 0.018906 0.010337 0.000667 0.248875 0.008216 1.937288
0.690937 0.022964 0.019035 0.010415 0.000665 0.247759 0.008224 1.939552
0.691638 0.023051 0.019136 0.010467 0.000663 0.246813 0.008232 1.941794
0.692318 0.023178 0.019284 0.010521 0.000670 0.245792 0.008238 1.944062
0.693010 0.023284 0.019345 0.010555 0.000679 0.244884 0.008244 1.946337
0.693690 0.023346 0.019469 0.010636 0.000685 0.243921 0.008253 1.948670
0.694321 0.023477 0.019462 0.010674 0.000680 0.243119 0.008265 1.950926
0.694889 0.023539 0.019577 0.010767 0.000681 0.242275 0.008271 1.953266
0.695557 0.023544 0.019706 0.010804 0.000689 0.241421 0.008278 1.955633
0.696090 0.023591 0.019842 0.010867 0.000690 0.240635 0.008286 1.957989
0.696588 0.023717 0.019943 0.010934 0.000690 0.239837 0.008292 1.960298
0.697115 0.023849 0.019957 0.010957 0.000688 0.239131 0.008304 1.962621
0.697662 0.023975 0.020050 0.010960 0.000691 0.238350 0.008311 1.964962
0.698208 0.024058 0.020142 0.011066 0.000683 0.237523 0.008320 1.967339
0.698647 0.024223 0.020204 0.011085 0.000685 0.236827 0.008329 1.969668
0.699055 0.024436 0.020186 0.011073 0.000691 0.236221 0.008340 1.972034
0.699566 0.024503 0.020303 0.011163 0.000696 0.235420 0.008349 1.974463
0.700012 0.024610 0.020422 0.011223 0.000700 0.234672 0.008360 1.976891
0.700395 0.024755 0.020561 0.011278 0.000701 0.233941 0.008369 1.979316
0.700739 0.024825 0.020736 0.011301 0.000703 0.233322 0.008375 1.981793
0.701154 0.024799 0.020895 0.011394 0.000702 0.232672 0.008384 1.984319
0.701526 0.024872 0.021029 0.011424 0.000704 0.232052 0.008394 1.986815
0.701801 0.024947 0.021191 0.011498 0.000703 0.231457 0.008403 1.989319
0.702103 0.025108 0.021219 0.011522 0.000710 0.230930 0.008410 1.991711
0.702463 0.025220 0.021284 0.011599 0.000706 0.230313 0.008416 1.994143
0.702809 0.025249 0.021339 0.011657 0.000720 0.229803 0.008422 1.996662
0.703076 0.025359 0.021476 0.011696 0.000722 0.229241 0.008431 1.999166
0.703305 0.025426 0.021552 0.011774 0.000720 0.228785 0.008439 2.001661
0.703543 0.025533 0.021669 0.011822 0.000714 0.228269 0.008451 2.004154
0.703815 0.025583 0.021750 0.011867 0.000725 0.227801 0.008459 2.006676
0.704124 0.025608 0.021858 0.011905 0.000733 0.227305 0.008468 2.009218
0.704397 0.025715 0.021878 0.011927 0.000739 0.226868 0.008475 2.011699
0.704641 0.025729 0.021979 0.011933 0.000750 0.226484 0.008486 2.014238
0.704920 0.025707 0.022090 0.011978 0.000753 0.226056 0.008496 2.016826
0.705218 0.025746 0.022209 0.012010 0.000745 0.225561 0.008511 2.019387
0.705449 0.025759 0.022263 0.012060 0.000749 0.225199 0.008521 2.021950
0.705678 0.025897 0.022289 0.012078 0.000747 0.224782 0.008529 2.024425
0.705844 0.025936 0.022366 0.012117 0.000745 0.224453 0.008539 2.026996
0.706048 0.025983 0.022458 0.012127 0.000756 0.224078 0.008550 2.029582
0.706305 0.026004 0.022491 0.012178 0.000758 0.223706 0.008557 2.032139
0.706450 0.026145 0.022563 0.012144 0.000756 0.223372 0.008571 2.034662
0.706655 0.026152 0.022686 0.012159 0.000764 0.223008 0.008577 2.037241
0.706802 0.026203 0.022713 0.012217 0.000770 0.222706 0.008588 2.039798
0.706796 0.026315 0.022765 0.012203 0.000769 0.222555 0.008598 2.042360
0.706861 0.026424 0.022815 0.012214 0.000776 0.222302 0.008608 2.044966
0.706888 0.026488 0.022892 0.012247 0.000773 0.222092 0.008619 2.047594
0.706992 0.026511 0.022965 0.012290 0.000780 0.221830 0.008632 2.050222
0.706947 0.026586 0.023045 0.012322 0.000783 0.221676 0.008641 2.052880
0.707059 0.026590 0.023112 0.012352 0.000786 0.221449 0.008651 2.055521
0.707196 0.026581 0.023149 0.012401 0.000784 0.221224 0.008664 2.058177
0.707311 0.026656 0.023201 0.012423 0.000788 0.220944 0.008675 2.060790
0.707266 0.026736 0.023282 0.012461 0.000789 0.220780 0.008686 2.063460
0.707386 0.026837 0.023353 0.012434 0.000801 0.220491 0.008698 2.066057
0.707338 0.026892 0.023421 0.012456 0.000809 0.220375 0.008710 2.068727
0.707377 0.026967 0.023404 0.012488 0.000821 0.220228 0.008716 2.071376
0.707482 0.026952 0.023369 0.012559 0.000821 0.220088 0.008729 2.074018
0.707569 0.026980 0.023412 0.012601 0.000827 0.219875 0.008738 2.076618
0.707609 0.027023 0.023474 0.012631 0.000827 0.219689 0.008747 2.079265
0.707642 0.027069 0.023481 0.012676 0.000841 0.219539 0.008754 2.081913
0.707750 0.027135 0.023516 0.012687 0.000847 0.219303 0.008762 2.084551
0.707772 0.027155 0.023549 0.012667 0.000852 0.219233 0.008773 2.087199
0.707941 0.027114 0.023557 0.012662 0.000861 0.219082 0.008783 2.089845
0.707988 0.027128 0.023571 0.012689 0.000864 0.218970 0.008791 2.092485
0.708069 0.027163 0.023487 0.012704 0.000860 0.218916 0.008801 2.095111
0.708222 0.027123 0.023547 0.012753 0.000855 0.218690 0.008810 2.097786
0.708237 0.027144 0.023615 0.012783 0.000853 0.218547 0.008820 2.100447
0.708361 0.027115 0.023682 0.012796 0.000862 0.218356 0.008828 2.103120
0.708362 0.027179 0.023682 0.012775 0.000859 0.218304 0.008840 2.105739
0.708368 0.027302 0.023701 0.012829 0.000863 0.218087 0.008851 2.108351
0.708479 0.027300 0.023711 0.012842 0.000853 0.217953 0.008861 2.111022
0.708523 0.027299 0.023800 0.012881 0.000853 0.217773 0.008872 2.113725
0.708631 0.027248 0.023905 0.012925 0.000843 0.217566 0.008882 2.116435
0.708730 0.027268 0.023882 0.012938 0.000852 0.217440 0.008890 2.119082
0.708844 0.027194 0.023994 0.012908 0.000857 0.217305 0.008898 2.121796
0.708934 0.027155 0.024058 0.012961 0.000853 0.217133 0.008908 2.124507
0.708950 0.027089 0.024083 0.013016 0.000850 0.217093 0.008920 2.127252
0.708984 0.027159 0.024070 0.012962 0.000849 0.217043 0.008932 2.129887
0.709056 0.027168 0.024108 0.013003 0.000856 0.216867 0.008941 2.132549
0.709064 0.027197 0.024133 0.012977 0.000858 0.216816 0.008955 2.135181
0.709068 0.027276 0.024112 0.012971 0.000863 0.216745 0.008966 2.137824
0.709125 0.027224 0.024211 0.012990 0.000856 0.216618 0.008977 2.140531
0.709071 0.027265 0.024215 0.013000 0.000867 0.216595 0.008987 2.143172
0.709182 0.027228 0.024201 0.013017 0.000871 0.216501 0.009001 2.145856
0.709223 0.027249 0.024184 0.013021 0.000881 0.216431 0.009009 2.148533
0.709215 0.027218 0.024190 0.013039 0.000877 0.216438 0.009023 2.151231
0.709286 0.027219 0.024168 0.013034 0.000882 0.216379 0.009034 2.153896
0.709209 0.027297 0.024207 0.013001 0.000883 0.216360 0.009044 2.156582
0.709204 0.027289 0.024145 0.013033 0.000893 0.216382 0.009054 2.159297
0.709227 0.027274 0.024153 0.013026 0.000893 0.216363 0.009064 2.161972
0.709089 0.027411 0.024176 0.013042 0.000900 0.216310 0.009072 2.164634
0.709109 0.027422 0.024216 0.013046 0.000892 0.216231 0.009084 2.167332
0.709136 0.027453 0.024283 0.013036 0.000894 0.216105 0.009093 2.170041
0.709115 0.027469 0.024286 0.013012 0.000893 0.216119 0.009107 2.172733
0.709143 0.027391 0.024349 0.013022 0.000902 0.216077 0.009117 2.175474
0.709019 0.027416 0.024390 0.013078 0.000900 0.216068 0.009130 2.178247
0.708991 0.027401 0.024421 0.013100 0.000885 0.216060 0.009141 2.180931
0.708876 0.027526 0.024407 0.013068 0.000893 0.216081 0.009149 2.183579
0.708892 0.027492 0.024485 0.013065 0.000899 0.216007 0.009160 2.186335
0.708923 0.027542 0.024462 0.013118 0.000894 0.215892 0.009169 2.189001
0.708982 0.027519 0.024514 0.013152 0.000896 0.215761 0.009178 2.191699
0.708934 0.027575 0.024534 0.013170 0.000887 0.215709 0.009191 2.194407
0.708883 0.027582 0.024582 0.013189 0.000882 0.215680 0.009201 2.197104
0.708785 0.027559 0.024592 0.013210 0.000886 0.215760 0.009208 2.199848
0.708775 0.027614 0.024510 0.013214 0.000888 0.215783 0.009217 2.202516
0.708706 0.027641 0.024578 0.013225 0.000897 0.215727 0.009226 2.205287
0.708720 0.027691 0.024544 0.013187 0.000901 0.215721 0.009236 2.207942
0.708674 0.027647 0.024610 0.013195 0.000908 0.215718 0.009250 2.210702
0.708617 0.027684 0.024623 0.013175 0.000901 0.215738 0.009262 2.213417
0.708560 0.027711 0.024636 0.013184 0.000889 0.215749 0.009272 2.216127
0.708513 0.027767 0.024605 0.013194 0.000880 0.215757 0.009284 2.218825
0.708423 0.027811 0.024623 0.013199 0.000877 0.215771 0.009296 2.221566
0.708378 0.027848 0.024564 0.013202 0.000879 0.215821 0.009308 2.224261
0.708342 0.027817 0.024567 0.013213 0.000888 0.215854 0.009319 2.227002
0.708265 0.027807 0.024609 0.013207 0.000887 0.215889 0.009335 2.229758
0.708292 0.027848 0.024593 0.013227 0.000891 0.215801 0.009347 2.232444
0.708272 0.027878 0.024630 0.013233 0.000894 0.215734 0.009359 2.235169
0.708205 0.027866 0.024656 0.013208 0.000901 0.215793 0.009373 2.237893
0.708188 0.027842 0.024721 0.013209 0.000907 0.215750 0.009383 2.240620
0.708182 0.027862 0.024656 0.013224 0.000902 0.215779 0.009396 2.243284
0.708065 0.027890 0.024667 0.013263 0.000905 0.215805 0.009405 2.246022
0.708075 0.027953 0.024628 0.013253 0.000899 0.215777 0.009415 2.248709
0.708070 0.027892 0.024684 0.013302 0.000899 0.215725 0.009427 2.251513
0.708059 0.027881 0.024643 0.013360 0.000901 0.215719 0.009438 2.254257
0.708102 0.027814 0.024665 0.013383 0.000909 0.215682 0.009445 2.257021
0.708073 0.027857 0.024621 0.013327 0.000912 0.215755 0.009456 2.259676
0.708055 0.027881 0.024564 0.013308 0.000922 0.215803 0.009467 2.262346
0.707989 0.028026 0.024502 0.013315 0.000924 0.215763 0.009481 2.265018
0.707976 0.028005 0.024520 0.013304 0.000929 0.215773 0.009492 2.267754
0.707899 0.028023 0.024469 0.013352 0.000937 0.215816 0.009504 2.270506
0.707816 0.028109 0.024455 0.013288 0.000943 0.215876 0.009513 2.273195
0.707827 0.027998 0.024535 0.013308 0.000943 0.215862 0.009526 2.276000
0.707840 0.027972 0.024557 0.013345 0.000939 0.215811 0.009538 2.278764
0.707815 0.027884 0.024571 0.013439 0.000940 0.215807 0.009546 2.281541
0.707875 0.027787 0.024613 0.013453 0.000934 0.215786 0.009552 2.284324
0.707840 0.027814 0.024622 0.013442 0.000952 0.215768 0.009563 2.287042
0.707827 0.027823 0.024594 0.013459 0.000947 0.215774 0.009576 2.289752
0.707801 0.027795 0.024616 0.013468 0.000945 0.215787 0.009588 2.292494
0.707792 0.027743 0.024578 0.013518 0.000947 0.215825 0.009598 2.295256
0.707696 0.027772 0.024544 0.013509 0.000945 0.215925 0.009610 2.297995
0.707672 0.027752 0.024582 0.013491 0.000945 0.215939 0.009619 2.300687
0.707573 0.027767 0.024674 0.013452 0.000941 0.215963 0.009632 2.303462
0.707497 0.027891 0.024606 0.013388 0.000944 0.216033 0.009640 2.306104
0.707495 0.027873 0.024598 0.013398 0.000949 0.216037 0.009648 2.308832
0.707477 0.027862 0.024643 0.013404 0.000941 0.216010 0.009663 2.311563
0.707463 0.027774 0.024670 0.013459 0.000926 0.216034 0.009674 2.314380
0.707517 0.027703 0.024642 0.013432 0.000913 0.216106 0.009688 2.317098
0.707433 0.027681 0.024718 0.013424 0.000912 0.216130 0.009702 2.319866
0.707437 0.027639 0.024747 0.013430 0.000916 0.216114 0.009716 2.322590
0.707341 0.027653 0.024744 0.013407 0.000922 0.216208 0.009726 2.325314
0.707281 0.027682 0.024695 0.013396 0.000917 0.216293 0.009737 2.328012
0.707253 0.027625 0.024691 0.013364 0.000922 0.216399 0.009746 2.330751
0.707267 0.027665 0.024689 0.013283 0.000912 0.216422 0.009761 2.333421
0.707245 0.027718 0.024639 0.013263 0.000917 0.216444 0.009774 2.336074
0.707224 0.027667 0.024661 0.013301 0.000905 0.216454 0.009789 2.338834
0.707277 0.027668 0.024700 0.013240 0.000917 0.216399 0.009799 2.341517
0.707140 0.027874 0.024661 0.013198 0.000918 0.216401 0.009809 2.344154
0.707011 0.027850 0.024731 0.013198 0.000926 0.216468 0.009818 2.346973
0.706932 0.027893 0.024727 0.013207 0.000926 0.216486 0.009831 2.349702
0.706871 0.027938 0.024751 0.013185 0.000921 0.216493 0.009841 2.352390
0.706855 0.027944 0.024730 0.013187 0.000916 0.216513 0.009855 2.355100
0.706811 0.027980 0.024703 0.013169 0.000918 0.216556 0.009863 2.357813
0.706773 0.028011 0.024726 0.013205 0.000924 0.216486 0.009876 2.360543
0.706776 0.028028 0.024752 0.013205 0.000914 0.216435 0.009890 2.363260
0.706692 0.028038 0.024768 0.013218 0.000894 0.216486 0.009904 2.366021
0.706681 0.028056 0.024722 0.013259 0.000890 0.216476 0.009916 2.368739
0.706636 0.028088 0.024753 0.013241 0.000895 0.216462 0.009925 2.371441
0.706488 0.028160 0.024782 0.013244 0.000911 0.216482 0.009933 2.374170
0.706433 0.028144 0.024884 0.013215 0.000913 0.216470 0.009943 2.376934
0.706426 0.028100 0.024836 0.013256 0.000909 0.216522 0.009952 2.379672
0.706360 0.028129 0.024911 0.013255 0.000908 0.216468 0.009968 2.382428
0.706336 0.028126 0.024898 0.013272 0.000903 0.216484 0.009982 2.385159
0.706275 0.028143 0.024904 0.013285 0.000908 0.216496 0.009990 2.387905
0.706106 0.028137 0.024941 0.013345 0.000911 0.216563 0.009997 2.390719
0.706040 0.028129 0.024979 0.013426 0.000902 0.216515 0.010010 2.393509
0.706044 0.028022 0.025041 0.013424 0.000901 0.216545 0.010024 2.396329
0.705982 0.028047 0.025038 0.013419 0.000897 0.216584 0.010034 2.399065
0.705972 0.028052 0.025042 0.013343 0.000907 0.216644 0.010041 2.401789
0.705896 0.028072 0.025072 0.013394 0.000905 0.216607 0.010055 2.404580
0.705904 0.028011 0.025076 0.013349 0.000911 0.216681 0.010068 2.407356
0.705985 0.027873 0.025082 0.013386 0.000912 0.216687 0.010076 2.410160
0.705972 0.027843 0.025086 0.013380 0.000913 0.216721 0.010085 2.412929
0.705999 0.027792 0.025075 0.013361 0.000921 0.216757 0.010095 2.415714
0.705968 0.027760 0.025097 0.013389 0.000912 0.216767 0.010108 2.418472
0.706034 0.027651 0.025058 0.013414 0.000913 0.216814 0.010116 2.421248
0.706003 0.027655 0.025073 0.013373 0.000907 0.216859 0.010130 2.423964
0.706118 0.027567 0.025041 0.013381 0.000904 0.216848 0.010142 2.426699
0.706135 0.027543 0.025031 0.013383 0.000901 0.216853 0.010155 2.429422
0.706126 0.027588 0.025029 0.013370 0.000898 0.216820 0.010169 2.432105
0.706000 0.027674 0.025002 0.013283 0.000898 0.216962 0.010181 2.434779
0.706043 0.027715 0.024989 0.013239 0.000901 0.216921 0.010191 2.437441
0.705998 0.027755 0.024948 0.013265 0.000895 0.216935 0.010205 2.440140
0.706076 0.027694 0.024949 0.013244 0.000895 0.216920 0.010223 2.442857
0.706034 0.027655 0.024989 0.013221 0.000901 0.216967 0.010233 2.445602
0.706023 0.027681 0.024928 0.013261 0.000901 0.216958 0.010247 2.448300
0.706074 0.027608 0.024914 0.013265 0.000906 0.216977 0.010256 2.451012
0.706110 0.027612 0.024908 0.013228 0.000908 0.216963 0.010271 2.453718
0.706108 0.027581 0.024846 0.013247 0.000922 0.217014 0.010280 2.456439
0.706112 0.027627 0.024825 0.013248 0.000920 0.216973 0.010294 2.459136
0.706186 0.027573 0.024875 0.013268 0.000909 0.216880 0.010309 2.461844
0.706084 0.027669 0.024893 0.013250 0.000907 0.216875 0.010323 2.464535
0.706091 0.027724 0.024805 0.013253 0.000905 0.216888 0.010334 2.467194
0.706111 0.027770 0.024783 0.013242 0.000903 0.216840 0.010350 2.469866
0.706023 0.027828 0.024781 0.013241 0.000897 0.216871 0.010360 2.472593
0.705981 0.027836 0.024780 0.013248 0.000896 0.216889 0.010371 2.475343
0.705992 0.027816 0.024732 0.013261 0.000897 0.216916 0.010385 2.478061
0.705929 0.027783 0.024752 0.013251 0.000908 0.216980 0.010396 2.480806
0.705821 0.027938 0.024710 0.013258 0.000912 0.216957 0.010404 2.483480
0.705798 0.027859 0.024791 0.013290 0.000909 0.216943 0.010411 2.486261
0.705837 0.027797 0.024821 0.013283 0.000901 0.216935 0.010426 2.489013
0.705943 0.027674 0.024822 0.013310 0.000900 0.216916 0.010436 2.491753
0.705948 0.027646 0.024832 0.013311 0.000896 0.216915 0.010451 2.494477
0.705893 0.027704 0.024833 0.013314 0.000887 0.216900 0.010469 2.497183
0.705695 0.027819 0.024811 0.013289 0.000890 0.217012 0.010484 2.499890
0.705665 0.027854 0.024786 0.013299 0.000883 0.217016 0.010497 2.502567
0.705698 0.027850 0.024780 0.013297 0.000882 0.216986 0.010507 2.505235
0.705727 0.027860 0.024785 0.013332 0.000882 0.216895 0.010519 2.507942
0.705663 0.027826 0.024824 0.013364 0.000890 0.216904 0.010529 2.510720
0.705678 0.027904 0.024748 0.013339 0.000886 0.216902 0.010543 2.513384
0.705557 0.027990 0.024702 0.013322 0.000894 0.216978 0.010556 2.516082
0.705459 0.028078 0.024663 0.013308 0.000904 0.217022 0.010566 2.518764
0.705462 0.027997 0.024714 0.013340 0.000887 0.217017 0.010582 2.521517
0.705405 0.027945 0.024756 0.013316 0.000895 0.217091 0.010592 2.524292
0.705347 0.028002 0.024787 0.013315 0.000887 0.217061 0.010602 2.526967
0.705351 0.027988 0.024833 0.013338 0.000889 0.216987 0.010614 2.529745
0.705309 0.027970 0.024911 0.013348 0.000887 0.216949 0.010625 2.532515
0.705306 0.027919 0.024958 0.013371 0.000887 0.216921 0.010639 2.535266
0.705311 0.027889 0.024928 0.013356 0.000882 0.216986 0.010649 2.538019
0.705262 0.027922 0.024869 0.013325 0.000882 0.217081 0.010660 2.540740
0.705199 0.027913 0.024880 0.013347 0.000887 0.217103 0.010670 2.543480
0.705315 0.027731 0.024889 0.013396 0.000889 0.217100 0.010682 2.546247
0.705294 0.027717 0.024831 0.013400 0.000892 0.217175 0.010691 2.548988
0.705243 0.027732 0.024812 0.013354 0.000896 0.217263 0.010701 2.551697
0.705218 0.027760 0.024830 0.013333 0.000895 0.217253 0.010711 2.554398
0.705279 0.027788 0.024853 0.013304 0.000896 0.217157 0.010722 2.557093
0.705246 0.027787 0.024855 0.013329 0.000898 0.217153 0.010734 2.559800
0.705179 0.027738 0.024915 0.013326 0.000903 0.217194 0.010745 2.562581
0.705144 0.027752 0.024928 0.013338 0.000892 0.217186 0.010760 2.565293
0.705175 0.027704 0.024929 0.013350 0.000891 0.217180 0.010771 2.568056
0.705170 0.027702 0.024913 0.013373 0.000891 0.217173 0.010779 2.570773
0.705219 0.027652 0.024934 0.013321 0.000893 0.217188 0.010792 2.573501
0.705202 0.027687 0.024868 0.013301 0.000887 0.217255 0.010802 2.576191
0.705237 0.027654 0.024813 0.013208 0.000887 0.217386 0.010815 2.578923
0.705247 0.027577 0.024825 0.013210 0.000887 0.217431 0.010822 2.581676
0.705239 0.027571 0.024823 0.013207 0.000882 0.217439 0.010838 2.584369
0.705227 0.027558 0.024820 0.013216 0.000880 0.217447 0.010853 2.587067
0.705304 0.027510 0.024850 0.013235 0.000883 0.217354 0.010865 2.589813
0.705273 0.027571 0.024845 0.013237 0.000891 0.217306 0.010877 2.592512
0.705306 0.027548 0.024888 0.013208 0.000887 0.217273 0.010889 2.595230
0.705374 0.027597 0.024847 0.013192 0.000888 0.217200 0.010902 2.597870
0.705456 0.027558 0.024803 0.013150 0.000885 0.217239 0.010911 2.600572
0.705425 0.027494 0.024854 0.013160 0.000887 0.217253 0.010928 2.603329
0.705441 0.027434 0.024854 0.013182 0.000888 0.217259 0.010944 2.606076
0.705368 0.027546 0.024785 0.013153 0.000886 0.217304 0.010958 2.608724
0.705273 0.027494 0.024820 0.013160 0.000890 0.217393 0.010970 2.611508
0.705338 0.027534 0.024689 0.013160 0.000896 0.217402 0.010980 2.614118
0.705413 0.027517 0.024669 0.013142 0.000902 0.217365 0.010992 2.616799
0.705457 0.027541 0.024647 0.013122 0.000904 0.217328 0.011004 2.619474
0.705418 0.027542 0.024648 0.013149 0.000901 0.217325 0.011018 2.622195
0.705424 0.027636 0.024648 0.013131 0.000905 0.217228 0.011029 2.624856
0.705453 0.027603 0.024677 0.013150 0.000907 0.217171 0.011039 2.627588
0.705511 0.027647 0.024618 0.013142 0.000912 0.217125 0.011046 2.630229
0.705484 0.027716 0.024624 0.013130 0.000907 0.217080 0.011059 2.632942
0.705452 0.027718 0.024658 0.013170 0.000915 0.217021 0.011067 2.635669
0.705458 0.027684 0.024707 0.013184 0.000919 0.216969 0.011078 2.638419
0.705473 0.027584 0.024724 0.013230 0.000923 0.216980 0.011087 2.641199
0.705602 0.027573 0.024713 0.013167 0.000920 0.216928 0.011097 2.643879
0.705591 0.027596 0.024716 0.013209 0.000919 0.216864 0.011107 2.646600
0.705646 0.027524 0.024753 0.013214 0.000915 0.216829 0.011118 2.649341
0.705633 0.027503 0.024811 0.013207 0.000911 0.216805 0.011130 2.652064
0.705657 0.027476 0.024785 0.013196 0.000913 0.216831 0.011143 2.654762
0.705666 0.027336 0.024830 0.013194 0.000897 0.216918 0.011160 2.657533
0.705672 0.027348 0.024811 0.013183 0.000901 0.216914 0.011171 2.660247
0.705701 0.027259 0.024798 0.013218 0.000894 0.216948 0.011183 2.662987
0.705726 0.027261 0.024798 0.013166 0.000895 0.216957 0.011198 2.665667
0.705651 0.027349 0.024723 0.013086 0.000889 0.217090 0.011211 2.668264
0.705647 0.027342 0.024720 0.013088 0.000888 0.217092 0.011224 2.670969
0.705688 0.027260 0.024699 0.013083 0.000890 0.217146 0.011235 2.673675
0.705756 0.027176 0.024734 0.013078 0.000881 0.217127 0.011248 2.676411
0.705707 0.027226 0.024714 0.013089 0.000867 0.217135 0.011263 2.679086
0.705801 0.027257 0.024625 0.013015 0.000861 0.217166 0.011276 2.681675
0.705728 0.027353 0.024555 0.013044 0.000858 0.217178 0.011285 2.684329
0.705770 0.027339 0.024601 0.013029 0.000855 0.217107 0.011300 2.687007
0.705876 0.027330 0.024602 0.013025 0.000853 0.217000 0.011314 2.689670
0.706018 0.027318 0.024526 0.012995 0.000849 0.216966 0.011328 2.692268
0.706183 0.027230 0.024508 0.013048 0.000842 0.216852 0.011338 2.694948
0.706321 0.027144 0.024529 0.013044 0.000850 0.216768 0.011345 2.697627
0.706412 0.027071 0.024575 0.013041 0.000854 0.216692 0.011355 2.700303
0.706499 0.027091 0.024531 0.013046 0.000863 0.216602 0.011368 2.702943
0.706685 0.027020 0.024486 0.013065 0.000863 0.216506 0.011376 2.705608
0.706714 0.027017 0.024469 0.013020 0.000860 0.216536 0.011385 2.708281
0.706778 0.027003 0.024408 0.013033 0.000854 0.216526 0.011398 2.710913
0.706844 0.026974 0.024387 0.013019 0.000848 0.216518 0.011410 2.713585
0.706877 0.026917 0.024340 0.013059 0.000841 0.216545 0.011422 2.716267
0.707033 0.026884 0.024308 0.013039 0.000838 0.216465 0.011434 2.718874
0.707039 0.026964 0.024352 0.012988 0.000833 0.216378 0.011446 2.721457
0.707084 0.026988 0.024353 0.012992 0.000841 0.216287 0.011456 2.724101
0.707125 0.026988 0.024350 0.012999 0.000848 0.216229 0.011462 2.726765
0.707262 0.026914 0.024407 0.012974 0.000840 0.216127 0.011476 2.729425
0.707303 0.026927 0.024370 0.012948 0.000840 0.216125 0.011487 2.732038
0.707332 0.026950 0.024280 0.012933 0.000851 0.216158 0.011496 2.734640
0.707357 0.026989 0.024186 0.012944 0.000846 0.216172 0.011506 2.737225
0.707458 0.026934 0.024167 0.012950 0.000852 0.216124 0.011515 2.739881
0.707534 0.026819 0.024234 0.012940 0.000855 0.216091 0.011528 2.742594
0.707592 0.026779 0.024257 0.012923 0.000858 0.216055 0.011537 2.745252
0.707714 0.026765 0.024255 0.012896 0.000864 0.215955 0.011552 2.747865
0.707715 0.026836 0.024236 0.012879 0.000850 0.215924 0.011560 2.750493
0.707762 0.026851 0.024268 0.012900 0.000851 0.215801 0.011567 2.753156
0.707880 0.026836 0.024270 0.012854 0.000858 0.215726 0.011575 2.755787
0.707911 0.026860 0.024223 0.012880 0.000863 0.215679 0.011584 2.758385
0.708025 0.026813 0.024257 0.012850 0.000863 0.215596 0.011596 2.761022
0.708218 0.026795 0.024232 0.012842 0.000861 0.215448 0.011604 2.763623
0.708400 0.026724 0.024211 0.012865 0.000857 0.215332 0.011612 2.766259
0.708459 0.026680 0.024251 0.012869 0.000857 0.215265 0.011621 2.768919
0.708560 0.026577 0.024225 0.012886 0.000858 0.215261 0.011634 2.771621
0.708646 0.026633 0.024192 0.012826 0.000864 0.215197 0.011642 2.774163
0.708655 0.026683 0.024175 0.012799 0.000860 0.215173 0.011654 2.776751
0.708797 0.026639 0.024156 0.012784 0.000862 0.215096 0.011666 2.779336
0.709010 0.026538 0.024166 0.012788 0.000866 0.214958 0.011674 2.781981
0.708992 0.026601 0.024166 0.012713 0.000860 0.214982 0.011687 2.784584
0.709056 0.026631 0.024136 0.012709 0.000874 0.214901 0.011694 2.787208
0.709120 0.026661 0.024132 0.012683 0.000875 0.214821 0.011707 2.789816
0.709134 0.026706 0.024125 0.012713 0.000868 0.214736 0.011718 2.792419
0.709073 0.026739 0.024104 0.012704 0.000859 0.214794 0.011728 2.795025
0.709130 0.026815 0.024118 0.012658 0.000851 0.214687 0.011742 2.797627
0.709231 0.026771 0.024089 0.012661 0.000842 0.214654 0.011753 2.800280
0.709297 0.026786 0.024064 0.012681 0.000836 0.214572 0.011764 2.802898
0.709380 0.026761 0.024039 0.012751 0.000823 0.214472 0.011775 2.805566
0.709397 0.026778 0.024027 0.012746 0.000830 0.214435 0.011786 2.808212
0.709468 0.026757 0.024015 0.012738 0.000836 0.214389 0.011795 2.810860
0.709509 0.026859 0.024003 0.012686 0.000835 0.214298 0.011810 2.813409
0.709575 0.026809 0.024045 0.012727 0.000847 0.214176 0.011822 2.816093
0.709734 0.026735 0.024059 0.012694 0.000850 0.214094 0.011834 2.818774
0.709866 0.026737 0.024094 0.012728 0.000848 0.213885 0.011844 2.821393
0.709972 0.026742 0.024080 0.012701 0.000848 0.213805 0.011852 2.823969
0.710092 0.026719 0.024046 0.012682 0.000849 0.213749 0.011862 2.826541
0.710190 0.026727 0.024066 0.012642 0.000851 0.213653 0.011872 2.829118
0.710292 0.026698 0.024124 0.012609 0.000850 0.213543 0.011885 2.831731
0.710236 0.026742 0.024137 0.012619 0.000847 0.213527 0.011893 2.834354
0.710254 0.026747 0.024094 0.012656 0.000842 0.213501 0.011905 2.837018
0.710311 0.026710 0.024080 0.012666 0.000841 0.213474 0.011918 2.839653
0.710299 0.026743 0.024108 0.012658 0.000841 0.213422 0.011930 2.842286
0.710339 0.026763 0.024119 0.012693 0.000841 0.213307 0.011937 2.844899
0.710384 0.026818 0.024081 0.012667 0.000844 0.213262 0.011945 2.847478
0.710335 0.026864 0.024130 0.012710 0.000843 0.213162 0.011957 2.850137
0.710345 0.026860 0.024129 0.012732 0.000843 0.213125 0.011966 2.852773
0.710315 0.026907 0.024160 0.012751 0.000839 0.213044 0.011984 2.855423
0.710338 0.026900 0.024154 0.012772 0.000840 0.213003 0.011993 2.858079
0.710359 0.026910 0.024143 0.012798 0.000835 0.212948 0.012007 2.860707
0.710358 0.026995 0.024116 0.012806 0.000842 0.212866 0.012017 2.863282
0.710348 0.027003 0.024086 0.012849 0.000845 0.212843 0.012026 2.865931
0.710375 0.027029 0.024101 0.012813 0.000843 0.212802 0.012037 2.868540
0.710506 0.027003 0.024072 0.012838 0.000843 0.212694 0.012044 2.871174
0.710538 0.027053 0.024052 0.012834 0.000844 0.212625 0.012053 2.873796
0.710633 0.027029 0.023992 0.012827 0.000853 0.212600 0.012065 2.876427
0.710585 0.027068 0.024019 0.012855 0.000853 0.212541 0.012079 2.879086
0.710597 0.027056 0.024047 0.012872 0.000846 0.212490 0.012092 2.881752
0.710624 0.026985 0.024065 0.012869 0.000855 0.212501 0.012101 2.884428
0.710589 0.027045 0.024073 0.012829 0.000864 0.212493 0.012108 2.887050
0.710633 0.027069 0.024065 0.012821 0.000858 0.212433 0.012121 2.889697
0.710676 0.027120 0.024057 0.012816 0.000852 0.212343 0.012135 2.892318
0.710719 0.027018 0.024082 0.012862 0.000853 0.212319 0.012146 2.895029
0.710795 0.026973 0.024093 0.012882 0.000854 0.212244 0.012158 2.897677
0.710705 0.026990 0.024136 0.012868 0.000850 0.212285 0.012167 2.900347
0.710799 0.026985 0.024130 0.012886 0.000847 0.212174 0.012178 2.902978
0.710809 0.027040 0.024121 0.012865 0.000847 0.212130 0.012189 2.905604
0.710736 0.027062 0.024081 0.012894 0.000841 0.212187 0.012199 2.908263
0.710776 0.026995 0.024108 0.012909 0.000846 0.212157 0.012209 2.910937
0.710749 0.026981 0.024128 0.012927 0.000846 0.212147 0.012221 2.913617
0.710740 0.027032 0.024039 0.012952 0.000841 0.212164 0.012233 2.916218
0.710749 0.027007 0.024050 0.012966 0.000849 0.212135 0.012245 2.918887
0.710759 0.027067 0.024032 0.012921 0.000846 0.212119 0.012256 2.921489
0.710758 0.027068 0.024034 0.012905 0.000850 0.212122 0.012265 2.924111
0.710792 0.027129 0.024054 0.012873 0.000844 0.212034 0.012275 2.926716
0.710805 0.027153 0.024070 0.012870 0.000852 0.211967 0.012284 2.929363
0.710724 0.027180 0.024039 0.012910 0.000850 0.212001 0.012296 2.932036
0.710621 0.027207 0.023938 0.012943 0.000851 0.212135 0.012305 2.934690
0.710588 0.027197 0.023943 0.012926 0.000863 0.212168 0.012315 2.937369
0.710551 0.027250 0.023914 0.012887 0.000857 0.212215 0.012327 2.940000
0.710494 0.027222 0.023971 0.012880 0.000851 0.212246 0.012338 2.942685
0.710485 0.027230 0.023995 0.012879 0.000853 0.212209 0.012349 2.945340
0.710431 0.027252 0.024025 0.012822 0.000845 0.212269 0.012356 2.947979
0.710364 0.027258 0.024014 0.012833 0.000836 0.212327 0.012369 2.950630
0.710338 0.027284 0.024030 0.012865 0.000837 0.212265 0.012380 2.953302
0.710323 0.027260 0.024077 0.012824 0.000828 0.212292 0.012397 2.955964
0.710314 0.027260 0.024126 0.012826 0.000827 0.212238 0.012408 2.958619
0.710282 0.027281 0.024174 0.012899 0.000826 0.212123 0.012416 2.961311
0.710302 0.027230 0.024181 0.012883 0.000821 0.212152 0.012432 2.964037
0.710204 0.027247 0.024212 0.012866 0.000820 0.212210 0.012441 2.966717
0.710235 0.027131 0.024218 0.012926 0.000824 0.212215 0.012451 2.969471
0.710272 0.027098 0.024197 0.012913 0.000827 0.212236 0.012458 2.972150
0.710246 0.027115 0.024211 0.012904 0.000826 0.212225 0.012472 2.974776
0.710234 0.027153 0.024115 0.012957 0.000830 0.212226 0.012484 2.977393
0.710214 0.027150 0.024142 0.012925 0.000833 0.212237 0.012499 2.980050
0.710190 0.027172 0.024095 0.012911 0.000833 0.212288 0.012510 2.982700
0.710167 0.027086 0.024173 0.012926 0.000834 0.212292 0.012520 2.985438
0.710155 0.027160 0.024224 0.012900 0.000833 0.212195 0.012533 2.988104
0.710163 0.027155 0.024266 0.012944 0.000829 0.212102 0.012542 2.990804
0.710160 0.027116 0.024301 0.012911 0.000836 0.212128 0.012550 2.993492
0.710209 0.027128 0.024350 0.012897 0.000837 0.212022 0.012557 2.996142
0.710188 0.027160 0.024328 0.012916 0.000834 0.212007 0.012567 2.998798
0.710158 0.027218 0.024353 0.012922 0.000826 0.211945 0.012578 3.001459
0.710018 0.027247 0.024340 0.012982 0.000819 0.212006 0.012589 3.004160
0.710010 0.027239 0.024367 0.013042 0.000809 0.211931 0.012603 3.006871
0.709970 0.027273 0.024419 0.013036 0.000806 0.211882 0.012614 3.009515
0.710049 0.027237 0.024412 0.013002 0.000814 0.211862 0.012625 3.012167
0.709986 0.027249 0.024445 0.013035 0.000822 0.211828 0.012636 3.014869
0.709978 0.027260 0.024457 0.013032 0.000824 0.211803 0.012647 3.017553
0.709959 0.027255 0.024462 0.013031 0.000830 0.211807 0.012653 3.020229
0.709899 0.027356 0.024415 0.013052 0.000826 0.211790 0.012663 3.022838
0.709835 0.027414 0.024408 0.013087 0.000834 0.211751 0.012671 3.025494
0.709902 0.027380 0.024429 0.013088 0.000832 0.211683 0.012687 3.028162
0.709905 0.027340 0.024433 0.013127 0.000834 0.211669 0.012692 3.030880
0.709806 0.027495 0.024391 0.013125 0.000831 0.211650 0.012703 3.033496
0.709820 0.027440 0.024412 0.013147 0.000831 0.211637 0.012714 3.036192
0.709831 0.027382 0.024422 0.013142 0.000830 0.211667 0.012726 3.038909
0.709826 0.027385 0.024354 0.013145 0.000830 0.211725 0.012735 3.041589
0.709751 0.027403 0.024359 0.013146 0.000826 0.211770 0.012745 3.044275
0.709683 0.027480 0.024287 0.013170 0.000824 0.211805 0.012751 3.046903
0.709700 0.027433 0.024281 0.013165 0.000831 0.211830 0.012760 3.049606
0.709663 0.027423 0.024288 0.013158 0.000832 0.211864 0.012772 3.052292
0.709691 0.027416 0.024237 0.013164 0.000847 0.211862 0.012782 3.054921
0.709644 0.027357 0.024251 0.013188 0.000847 0.211919 0.012794 3.057644
0.709492 0.027416 0.024313 0.013103 0.000845 0.212027 0.012802 3.060324
0.709559 0.027341 0.024423 0.013109 0.000837 0.211915 0.012816 3.063046
0.709528 0.027394 0.024373 0.013149 0.000843 0.211891 0.012824 3.065712
