0.342433 0.062756 0.056369 0.032317 0.002120 0.497919 0.006086 1.631891
0.344931 0.060445 0.056244 0.032158 0.002120 0.497990 0.006113 1.637969
0.348112 0.057722 0.056041 0.031887 0.002123 0.497975 0.006139 1.643731
0.351675 0.054811 0.055682 0.031462 0.002139 0.498069 0.006163 1.649282
0.355671 0.051845 0.055112 0.031043 0.002126 0.498011 0.006193 1.654474
0.359818 0.048965 0.054508 0.030527 0.002142 0.497823 0.006218 1.659458
0.364104 0.046200 0.053762 0.029974 0.002148 0.497575 0.006237 1.664150
0.368596 0.043523 0.052839 0.029332 0.002143 0.497303 0.006265 1.668542
0.373320 0.040946 0.051789 0.028711 0.002130 0.496812 0.006292 1.672711
0.377995 0.038591 0.050688 0.027995 0.002132 0.496281 0.006319 1.676576
0.382710 0.036438 0.049451 0.027268 0.002125 0.495666 0.006343 1.680175
0.387567 0.034283 0.048291 0.026430 0.002128 0.494934 0.006368 1.683669
0.392375 0.032438 0.046972 0.025654 0.002094 0.494064 0.006404 1.686818
0.397291 0.030650 0.045730 0.024862 0.002080 0.492955 0.006432 1.689899
0.402172 0.028919 0.044496 0.024046 0.002053 0.491853 0.006462 1.692831
0.407162 0.027276 0.043214 0.023268 0.002033 0.490553 0.006493 1.695605
0.412237 0.025717 0.041964 0.022463 0.002017 0.489085 0.006518 1.698239
0.417300 0.024298 0.040512 0.021708 0.001991 0.487648 0.006542 1.700684
0.422355 0.023062 0.039166 0.020910 0.001969 0.485968 0.006570 1.702932
0.427442 0.021866 0.037887 0.020157 0.001946 0.484106 0.006596 1.705121
0.432595 0.020737 0.036626 0.019408 0.001929 0.482083 0.006622 1.707172
0.437739 0.019654 0.035334 0.018713 0.001905 0.480009 0.006646 1.709126
0.442872 0.018662 0.034097 0.018039 0.001885 0.477776 0.006669 1.710962
0.447928 0.017718 0.032932 0.017353 0.001868 0.475517 0.006686 1.712769
0.453100 0.016848 0.031764 0.016695 0.001844 0.473039 0.006709 1.714451
0.458268 0.016014 0.030661 0.016089 0.001814 0.470424 0.006730 1.716097
0.463340 0.015252 0.029496 0.015480 0.001780 0.467897 0.006755 1.717588
0.468390 0.014489 0.028401 0.014915 0.001756 0.465274 0.006776 1.719083
0.473527 0.013823 0.027350 0.014330 0.001713 0.462455 0.006803 1.720448
0.478610 0.013158 0.026274 0.013765 0.001690 0.459679 0.006825 1.721793
0.483765 0.012518 0.025287 0.013153 0.001650 0.456776 0.006851 1.723072
0.488845 0.011923 0.024344 0.012642 0.001618 0.453757 0.006870 1.724315
0.493867 0.011444 0.023402 0.012082 0.001591 0.450724 0.006890 1.725424
0.498888 0.010946 0.022494 0.011586 0.001570 0.447609 0.006907 1.726516
0.503812 0.010511 0.021619 0.011141 0.001539 0.444450 0.006927 1.727584
0.508699 0.010072 0.020784 0.010666 0.001505 0.441330 0.006945 1.728573
0.513662 0.009666 0.019901 0.010253 0.001467 0.438083 0.006968 1.729520
0.518562 0.009275 0.019152 0.009857 0.001448 0.434725 0.006981 1.730440
0.523454 0.008970 0.018394 0.009425 0.001410 0.431348 0.006999 1.731305
0.528330 0.008633 0.017671 0.009015 0.001384 0.427950 0.007018 1.732174
0.533153 0.008324 0.016930 0.008677 0.001352 0.424528 0.007036 1.733008
0.537908 0.008012 0.016242 0.008329 0.001333 0.421125 0.007050 1.733836
0.542636 0.007769 0.015631 0.008004 0.001307 0.417583 0.007070 1.734600
0.547332 0.007456 0.015050 0.007677 0.001288 0.414108 0.007090 1.735364
0.552087 0.007186 0.014492 0.007398 0.001262 0.410469 0.007106 1.736090
0.556672 0.006955 0.013945 0.007098 0.001229 0.406979 0.007123 1.736786
0.561248 0.006717 0.013411 0.006846 0.001192 0.403446 0.007140 1.737471
0.565830 0.006514 0.012907 0.006577 0.001159 0.399855 0.007159 1.738101
0.570299 0.006324 0.012437 0.006322 0.001128 0.396315 0.007176 1.738743
0.574845 0.006127 0.011965 0.006101 0.001105 0.392667 0.007191 1.739362
0.579314 0.005946 0.011489 0.005874 0.001081 0.389089 0.007207 1.739937
0.583777 0.005749 0.011076 0.005639 0.001048 0.385485 0.007226 1.740536
0.588249 0.005614 0.010643 0.005400 0.001023 0.381829 0.007243 1.741059
0.592607 0.005408 0.010245 0.005218 0.000991 0.378275 0.007255 1.741633
0.596885 0.005252 0.009880 0.005007 0.000970 0.374741 0.007267 1.742183
0.601168 0.005101 0.009496 0.004830 0.000951 0.371179 0.007275 1.742687
0.605388 0.004951 0.009157 0.004662 0.000933 0.367622 0.007287 1.743196
0.609468 0.004851 0.008832 0.004522 0.000907 0.364122 0.007299 1.743667
0.613625 0.004738 0.008542 0.004375 0.000880 0.360528 0.007315 1.744123
0.617723 0.004628 0.008257 0.004200 0.000858 0.357003 0.007329 1.744580
0.621857 0.004533 0.007942 0.004063 0.000843 0.353423 0.007339 1.745003
0.625915 0.004436 0.007633 0.003935 0.000814 0.349915 0.007352 1.745445
0.629933 0.004324 0.007351 0.003820 0.000790 0.346416 0.007368 1.745878
0.633985 0.004228 0.007096 0.003692 0.000769 0.342851 0.007380 1.746295
0.637936 0.004127 0.006887 0.003565 0.000749 0.339342 0.007393 1.746710
0.641840 0.004024 0.006629 0.003454 0.000736 0.335915 0.007403 1.747096
0.645791 0.003932 0.006426 0.003334 0.000720 0.332386 0.007413 1.747486
0.649628 0.003861 0.006217 0.003225 0.000701 0.328949 0.007420 1.747867
0.653372 0.003786 0.006015 0.003134 0.000681 0.325581 0.007432 1.748218
0.657102 0.003706 0.005836 0.003009 0.000658 0.322249 0.007439 1.748574
0.660786 0.003643 0.005671 0.002937 0.000645 0.318872 0.007448 1.748942
0.664547 0.003578 0.005491 0.002869 0.000634 0.315426 0.007455 1.749283
0.668230 0.003489 0.005329 0.002775 0.000615 0.312098 0.007463 1.749636
0.671797 0.003448 0.005135 0.002689 0.000596 0.308865 0.007471 1.749946
0.675305 0.003411 0.004968 0.002626 0.000573 0.305636 0.007481 1.750279
0.678900 0.003349 0.004848 0.002544 0.000565 0.302307 0.007487 1.750614
0.682403 0.003270 0.004733 0.002482 0.000553 0.299068 0.007492 1.750957
0.685938 0.003234 0.004577 0.002401 0.000539 0.295813 0.007499 1.751242
0.689414 0.003180 0.004434 0.002345 0.000526 0.292597 0.007505 1.751545
0.692800 0.003135 0.004322 0.002307 0.000507 0.289414 0.007516 1.751866
0.696165 0.003079 0.004223 0.002229 0.000491 0.286290 0.007523 1.752162
0.699526 0.003043 0.004126 0.002156 0.000483 0.283140 0.007527 1.752450
0.702939 0.002992 0.004017 0.002117 0.000464 0.279936 0.007537 1.752746
0.706110 0.002935 0.003941 0.002062 0.000454 0.276956 0.007542 1.753043
0.709328 0.002883 0.003854 0.002030 0.000436 0.273920 0.007550 1.753349
0.712451 0.002817 0.003774 0.001987 0.000425 0.270992 0.007555 1.753649
0.715580 0.002786 0.003708 0.001942 0.000407 0.268019 0.007560 1.753929
0.718648 0.002733 0.003638 0.001920 0.000405 0.265093 0.007564 1.754226
0.721699 0.002705 0.003555 0.001873 0.000388 0.262209 0.007572 1.754496
0.724753 0.002666 0.003463 0.001854 0.000374 0.259312 0.007579 1.754749
0.727800 0.002636 0.003406 0.001796 0.000367 0.256413 0.007584 1.755004
0.730734 0.002626 0.003332 0.001755 0.000361 0.253605 0.007588 1.755244
0.733715 0.002616 0.003264 0.001731 0.000349 0.250730 0.007595 1.755514
0.736590 0.002592 0.003194 0.001698 0.000345 0.247984 0.007599 1.755768
0.739418 0.002560 0.003136 0.001669 0.000333 0.245282 0.007603 1.756039
0.742180 0.002553 0.003051 0.001648 0.000323 0.242639 0.007608 1.756274
0.744961 0.002533 0.003008 0.001616 0.000320 0.239952 0.007611 1.756531
0.747730 0.002542 0.002967 0.001576 0.000311 0.237259 0.007616 1.756771
0.750472 0.002515 0.002917 0.001559 0.000302 0.234615 0.007620 1.757028
0.753169 0.002498 0.002872 0.001542 0.000294 0.232001 0.007625 1.757267
0.755831 0.002487 0.002830 0.001512 0.000291 0.229422 0.007627 1.757503
0.758449 0.002466 0.002795 0.001473 0.000288 0.226902 0.007629 1.757735
0.761084 0.002436 0.002756 0.001454 0.000281 0.224358 0.007633 1.757975
0.763667 0.002418 0.002709 0.001433 0.000273 0.221865 0.007637 1.758210
0.766254 0.002374 0.002690 0.001400 0.000265 0.219375 0.007643 1.758458
0.768774 0.002329 0.002634 0.001381 0.000257 0.216978 0.007647 1.758696
0.771242 0.002311 0.002602 0.001354 0.000256 0.214587 0.007649 1.758918
0.773677 0.002290 0.002554 0.001342 0.000252 0.212233 0.007652 1.759146
0.776116 0.002262 0.002531 0.001317 0.000240 0.209878 0.007657 1.759388
0.778516 0.002266 0.002495 0.001305 0.000233 0.207525 0.007662 1.759612
0.780916 0.002262 0.002445 0.001295 0.000226 0.205194 0.007664 1.759834
0.783230 0.002239 0.002419 0.001273 0.000215 0.202957 0.007668 1.760046
0.785546 0.002220 0.002401 0.001263 0.000206 0.200695 0.007671 1.760275
0.787812 0.002179 0.002393 0.001249 0.000203 0.198491 0.007674 1.760516
0.790080 0.002149 0.002365 0.001235 0.000198 0.196296 0.007677 1.760742
0.792303 0.002163 0.002320 0.001218 0.000191 0.194125 0.007680 1.760935
0.794479 0.002132 0.002305 0.001222 0.000187 0.191993 0.007683 1.761171
0.796660 0.002126 0.002290 0.001203 0.000183 0.189854 0.007685 1.761378
0.798820 0.002106 0.002262 0.001189 0.000184 0.187752 0.007688 1.761588
0.800933 0.002089 0.002212 0.001168 0.000184 0.185726 0.007689 1.761791
0.803110 0.002041 0.002213 0.001152 0.000178 0.183613 0.007693 1.762021
0.805161 0.002035 0.002197 0.001143 0.000175 0.181593 0.007695 1.762215
0.807228 0.002031 0.002167 0.001142 0.000171 0.179564 0.007699 1.762401
0.809231 0.002026 0.002136 0.001133 0.000166 0.177606 0.007702 1.762591
0.811286 0.002026 0.002112 0.001116 0.000165 0.175592 0.007704 1.762779
0.813308 0.002004 0.002098 0.001109 0.000160 0.173614 0.007707 1.762987
0.815357 0.001988 0.002075 0.001098 0.000152 0.171618 0.007712 1.763185
0.817351 0.001971 0.002065 0.001079 0.000150 0.169669 0.007714 1.763384
0.819294 0.001962 0.002053 0.001073 0.000146 0.167755 0.007717 1.763579
0.821206 0.001944 0.002034 0.001053 0.000144 0.165900 0.007720 1.763782
0.823089 0.001921 0.002032 0.001035 0.000138 0.164063 0.007723 1.763976
0.824937 0.001931 0.002004 0.001031 0.000135 0.162237 0.007725 1.764177
0.826749 0.001941 0.001973 0.001033 0.000132 0.160443 0.007728 1.764358
0.828570 0.001927 0.001968 0.001021 0.000127 0.158657 0.007731 1.764557
0.830353 0.001949 0.001954 0.001008 0.000124 0.156879 0.007733 1.764752
0.832120 0.001941 0.001949 0.001004 0.000123 0.155128 0.007734 1.764959
0.833847 0.001939 0.001929 0.000989 0.000119 0.153439 0.007737 1.765147
0.835568 0.001934 0.001920 0.000986 0.000114 0.151738 0.007740 1.765339
0.837233 0.001915 0.001919 0.000990 0.000113 0.150089 0.007743 1.765542
0.838931 0.001908 0.001903 0.000983 0.000114 0.148417 0.007743 1.765728
0.840539 0.001925 0.001889 0.000976 0.000113 0.146815 0.007744 1.765907
0.842162 0.001922 0.001865 0.000963 0.000111 0.145233 0.007746 1.766084
0.843770 0.001935 0.001851 0.000955 0.000108 0.143635 0.007747 1.766265
0.845371 0.001922 0.001850 0.000950 0.000106 0.142055 0.007748 1.766457
0.846954 0.001933 0.001835 0.000946 0.000108 0.140478 0.007748 1.766645
0.848504 0.001923 0.001847 0.000953 0.000104 0.138920 0.007750 1.766846
0.849985 0.001931 0.001837 0.000944 0.000104 0.137449 0.007751 1.767036
0.851458 0.001948 0.001832 0.000954 0.000102 0.135955 0.007751 1.767226
0.852922 0.001941 0.001826 0.000960 0.000103 0.134496 0.007752 1.767426
0.854326 0.001949 0.001816 0.000965 0.000104 0.133088 0.007753 1.767617
0.855799 0.001963 0.001792 0.000957 0.000102 0.131632 0.007755 1.767794
0.857249 0.001957 0.001788 0.000964 0.000104 0.130179 0.007758 1.768001
0.858631 0.001973 0.001766 0.000961 0.000101 0.128808 0.007759 1.768181
0.859967 0.001994 0.001764 0.000947 0.000099 0.127468 0.007761 1.768363
0.861289 0.002019 0.001758 0.000946 0.000097 0.126129 0.007762 1.768551
0.862624 0.002020 0.001768 0.000942 0.000094 0.124789 0.007764 1.768756
0.864001 0.002014 0.001794 0.000953 0.000091 0.123382 0.007765 1.768964
0.865311 0.002011 0.001804 0.000949 0.000089 0.122070 0.007766 1.769160
0.866641 0.002001 0.001811 0.000948 0.000089 0.120742 0.007767 1.769359
0.867921 0.001997 0.001814 0.000952 0.000088 0.119460 0.007768 1.769559
0.869214 0.002002 0.001815 0.000954 0.000085 0.118159 0.007770 1.769758
0.870491 0.001997 0.001831 0.000943 0.000081 0.116886 0.007771 1.769967
0.871737 0.001997 0.001821 0.000942 0.000081 0.115650 0.007772 1.770159
0.872978 0.001995 0.001830 0.000942 0.000082 0.114401 0.007772 1.770354
0.874181 0.002003 0.001815 0.000940 0.000081 0.113206 0.007773 1.770544
0.875316 0.002020 0.001825 0.000946 0.000081 0.112037 0.007774 1.770744
0.876515 0.002013 0.001811 0.000948 0.000082 0.110857 0.007774 1.770940
0.877639 0.002030 0.001831 0.000949 0.000081 0.109695 0.007776 1.771136
0.878777 0.002041 0.001807 0.000952 0.000083 0.108561 0.007778 1.771327
0.879881 0.002042 0.001795 0.000949 0.000080 0.107472 0.007780 1.771528
0.880975 0.002046 0.001800 0.000949 0.000079 0.106369 0.007782 1.771736
0.881996 0.002085 0.001793 0.000943 0.000079 0.105322 0.007783 1.771934
0.883082 0.002086 0.001788 0.000948 0.000080 0.104233 0.007783 1.772136
0.884106 0.002108 0.001804 0.000953 0.000079 0.103166 0.007783 1.772342
0.885130 0.002108 0.001797 0.000966 0.000077 0.102138 0.007784 1.772544
0.886140 0.002121 0.001795 0.000976 0.000077 0.101105 0.007785 1.772753
0.887110 0.002136 0.001794 0.000984 0.000077 0.100112 0.007787 1.772959
0.888135 0.002138 0.001804 0.000986 0.000077 0.099073 0.007787 1.773172
0.889132 0.002157 0.001795 0.000986 0.000075 0.098065 0.007788 1.773368
0.890094 0.002166 0.001818 0.000977 0.000074 0.097082 0.007788 1.773581
0.890984 0.002168 0.001823 0.000977 0.000074 0.096183 0.007790 1.773799
0.891887 0.002189 0.001824 0.000962 0.000075 0.095272 0.007791 1.774000
0.892761 0.002194 0.001844 0.000966 0.000073 0.094369 0.007792 1.774215
0.893650 0.002177 0.001860 0.000978 0.000073 0.093470 0.007792 1.774445
0.894494 0.002176 0.001886 0.000992 0.000070 0.092586 0.007794 1.774675
0.895344 0.002202 0.001881 0.000995 0.000070 0.091713 0.007796 1.774871
0.896190 0.002209 0.001871 0.001002 0.000069 0.090860 0.007797 1.775078
0.897050 0.002197 0.001867 0.001011 0.000069 0.090008 0.007798 1.775305
0.897851 0.002204 0.001858 0.001005 0.000067 0.089214 0.007800 1.775514
0.898673 0.002203 0.001860 0.001011 0.000068 0.088383 0.007802 1.775730
0.899510 0.002191 0.001878 0.001017 0.000067 0.087536 0.007802 1.775947
0.900241 0.002180 0.001904 0.001035 0.000069 0.086770 0.007802 1.776187
0.901010 0.002189 0.001890 0.001033 0.000071 0.086005 0.007803 1.776390
0.901773 0.002169 0.001894 0.001030 0.000072 0.085259 0.007804 1.776608
0.902499 0.002179 0.001904 0.001033 0.000072 0.084508 0.007805 1.776831
0.903243 0.002193 0.001896 0.001027 0.000072 0.083762 0.007806 1.777034
0.903948 0.002202 0.001883 0.001010 0.000071 0.083078 0.007807 1.777243
0.904654 0.002197 0.001909 0.001005 0.000071 0.082356 0.007807 1.777462
0.905281 0.002240 0.001914 0.000986 0.000070 0.081700 0.007808 1.777657
0.905974 0.002204 0.001943 0.000998 0.000070 0.081001 0.007810 1.777894
0.906617 0.002238 0.001943 0.000987 0.000070 0.080333 0.007811 1.778097
0.907248 0.002234 0.001966 0.001000 0.000070 0.079671 0.007811 1.778335
0.907847 0.002251 0.001950 0.001007 0.000071 0.079062 0.007812 1.778549
0.908461 0.002263 0.001968 0.001017 0.000072 0.078406 0.007814 1.778771
0.909056 0.002289 0.001955 0.001018 0.000074 0.077794 0.007815 1.778971
0.909640 0.002310 0.001963 0.001011 0.000074 0.077187 0.007815 1.779200
0.910189 0.002323 0.001992 0.001009 0.000071 0.076598 0.007818 1.779437
0.910753 0.002333 0.002014 0.001002 0.000068 0.076012 0.007819 1.779668
0.911270 0.002326 0.002032 0.001009 0.000068 0.075476 0.007820 1.779914
0.911794 0.002329 0.002041 0.001025 0.000067 0.074924 0.007821 1.780149
0.912362 0.002328 0.002042 0.001037 0.000069 0.074342 0.007821 1.780390
0.912844 0.002355 0.002044 0.001043 0.000069 0.073822 0.007822 1.780617
0.913350 0.002354 0.002079 0.001034 0.000067 0.073292 0.007824 1.780857
0.913864 0.002355 0.002091 0.001041 0.000066 0.072757 0.007825 1.781089
0.914399 0.002349 0.002091 0.001049 0.000065 0.072222 0.007826 1.781313
0.914890 0.002371 0.002081 0.001035 0.000063 0.071733 0.007827 1.781524
0.915295 0.002400 0.002092 0.001042 0.000062 0.071280 0.007828 1.781762
0.915699 0.002414 0.002078 0.001051 0.000063 0.070866 0.007829 1.782000
0.916184 0.002404 0.002078 0.001056 0.000062 0.070386 0.007830 1.782239
0.916622 0.002412 0.002074 0.001056 0.000063 0.069941 0.007831 1.782469
0.917029 0.002436 0.002073 0.001062 0.000064 0.069503 0.007831 1.782712
0.917482 0.002438 0.002078 0.001081 0.000065 0.069022 0.007832 1.782958
0.917915 0.002459 0.002083 0.001083 0.000067 0.068559 0.007833 1.783190
0.918314 0.002477 0.002097 0.001082 0.000071 0.068125 0.007834 1.783426
0.918716 0.002467 0.002131 0.001074 0.000072 0.067705 0.007834 1.783677
0.919105 0.002470 0.002148 0.001085 0.000071 0.067285 0.007836 1.783935
0.919493 0.002471 0.002159 0.001085 0.000074 0.066881 0.007836 1.784185
0.919792 0.002513 0.002166 0.001096 0.000076 0.066520 0.007836 1.784437
0.920152 0.002518 0.002174 0.001105 0.000075 0.066138 0.007837 1.784699
0.920553 0.002522 0.002176 0.001117 0.000072 0.065720 0.007838 1.784940
0.920879 0.002551 0.002179 0.001114 0.000074 0.065364 0.007839 1.785182
0.921185 0.002561 0.002188 0.001131 0.000073 0.065022 0.007840 1.785441
0.921517 0.002590 0.002201 0.001130 0.000074 0.064647 0.007840 1.785684
0.921841 0.002611 0.002209 0.001123 0.000075 0.064300 0.007841 1.785941
0.922165 0.002615 0.002213 0.001129 0.000078 0.063958 0.007842 1.786198
0.922454 0.002620 0.002228 0.001130 0.000081 0.063646 0.007843 1.786458
0.922753 0.002583 0.002252 0.001145 0.000081 0.063343 0.007843 1.786749
0.923078 0.002579 0.002244 0.001152 0.000084 0.063019 0.007844 1.786995
0.923401 0.002595 0.002246 0.001149 0.000084 0.062679 0.007846 1.787240
0.923714 0.002592 0.002236 0.001172 0.000083 0.062356 0.007846 1.787498
0.924000 0.002610 0.002221 0.001166 0.000083 0.062073 0.007846 1.787755
0.924300 0.002612 0.002233 0.001170 0.000083 0.061755 0.007848 1.788008
0.924590 0.002631 0.002222 0.001174 0.000082 0.061452 0.007848 1.788254
0.924847 0.002618 0.002219 0.001187 0.000081 0.061197 0.007850 1.788513
0.925105 0.002605 0.002236 0.001197 0.000079 0.060927 0.007850 1.788783
0.925391 0.002585 0.002237 0.001211 0.000075 0.060651 0.007850 1.789063
0.925664 0.002604 0.002231 0.001200 0.000075 0.060375 0.007851 1.789297
0.925928 0.002622 0.002253 0.001200 0.000075 0.060069 0.007852 1.789561
0.926199 0.002631 0.002273 0.001197 0.000076 0.059771 0.007852 1.789822
0.926449 0.002644 0.002287 0.001197 0.000078 0.059492 0.007853 1.790076
0.926675 0.002649 0.002275 0.001194 0.000080 0.059273 0.007853 1.790333
0.926920 0.002640 0.002324 0.001188 0.000082 0.058991 0.007853 1.790616
0.927159 0.002667 0.002296 0.001188 0.000085 0.058751 0.007855 1.790849
0.927385 0.002660 0.002318 0.001203 0.000082 0.058495 0.007856 1.791116
0.927623 0.002654 0.002345 0.001206 0.000078 0.058234 0.007858 1.791385
0.927818 0.002648 0.002364 0.001204 0.000079 0.058026 0.007860 1.791660
0.928020 0.002681 0.002374 0.001212 0.000081 0.057770 0.007860 1.791933
0.928189 0.002703 0.002383 0.001221 0.000083 0.057560 0.007861 1.792201
0.928362 0.002735 0.002371 0.001213 0.000085 0.057372 0.007861 1.792457
0.928531 0.002780 0.002370 0.001220 0.000084 0.057151 0.007863 1.792715
0.928697 0.002796 0.002395 0.001225 0.000084 0.056939 0.007864 1.792995
0.928887 0.002802 0.002394 0.001227 0.000085 0.056740 0.007864 1.793272
0.929039 0.002809 0.002419 0.001220 0.000083 0.056564 0.007866 1.793549
0.929195 0.002807 0.002409 0.001226 0.000086 0.056411 0.007867 1.793822
0.929336 0.002822 0.002431 0.001243 0.000086 0.056215 0.007867 1.794115
0.929486 0.002844 0.002445 0.001247 0.000083 0.056025 0.007869 1.794388
0.929651 0.002853 0.002472 0.001248 0.000082 0.055823 0.007871 1.794669
0.929779 0.002858 0.002500 0.001251 0.000084 0.055655 0.007871 1.794964
0.929896 0.002863 0.002513 0.001260 0.000086 0.055508 0.007874 1.795254
0.930037 0.002863 0.002529 0.001268 0.000087 0.055343 0.007874 1.795542
0.930190 0.002860 0.002552 0.001263 0.000086 0.055171 0.007877 1.795833
0.930331 0.002869 0.002551 0.001271 0.000086 0.055013 0.007878 1.796110
0.930472 0.002881 0.002556 0.001283 0.000086 0.054843 0.007880 1.796399
0.930590 0.002918 0.002542 0.001278 0.000090 0.054702 0.007880 1.796655
0.930734 0.002937 0.002536 0.001283 0.000088 0.054541 0.007880 1.796924
0.930873 0.002936 0.002550 0.001296 0.000088 0.054376 0.007880 1.797216
0.930992 0.002929 0.002554 0.001296 0.000089 0.054258 0.007881 1.797506
0.931087 0.002938 0.002565 0.001313 0.000089 0.054126 0.007881 1.797799
0.931226 0.002939 0.002564 0.001314 0.000089 0.053986 0.007882 1.798082
0.931346 0.002935 0.002584 0.001331 0.000088 0.053833 0.007883 1.798377
0.931474 0.002932 0.002588 0.001342 0.000091 0.053689 0.007883 1.798679
0.931587 0.002958 0.002577 0.001350 0.000091 0.053553 0.007883 1.798960
0.931681 0.002975 0.002580 0.001357 0.000089 0.053431 0.007886 1.799244
0.931804 0.002975 0.002580 0.001352 0.000086 0.053316 0.007886 1.799525
0.931936 0.002962 0.002604 0.001341 0.000086 0.053182 0.007888 1.799815
0.932044 0.002951 0.002605 0.001357 0.000086 0.053068 0.007890 1.800117
0.932167 0.002941 0.002613 0.001354 0.000089 0.052946 0.007890 1.800410
0.932257 0.002946 0.002634 0.001344 0.000091 0.052836 0.007890 1.800700
0.932364 0.002932 0.002640 0.001344 0.000091 0.052738 0.007892 1.800985
0.932479 0.002934 0.002652 0.001353 0.000091 0.052598 0.007892 1.801289
0.932559 0.002932 0.002642 0.001343 0.000092 0.052539 0.007892 1.801573
0.932647 0.002933 0.002626 0.001349 0.000094 0.052458 0.007893 1.801860
0.932711 0.002951 0.002626 0.001350 0.000095 0.052371 0.007895 1.802148
0.932772 0.002974 0.002622 0.001359 0.000097 0.052281 0.007895 1.802437
0.932817 0.002988 0.002631 0.001351 0.000096 0.052219 0.007896 1.802737
0.932932 0.002999 0.002592 0.001343 0.000095 0.052142 0.007896 1.802998
0.933019 0.002997 0.002606 0.001340 0.000096 0.052046 0.007897 1.803302
0.933087 0.003000 0.002596 0.001345 0.000100 0.051975 0.007898 1.803586
0.933133 0.003014 0.002611 0.001332 0.000100 0.051911 0.007900 1.803881
0.933203 0.003011 0.002626 0.001351 0.000095 0.051813 0.007900 1.804190
0.933286 0.002984 0.002622 0.001357 0.000095 0.051754 0.007901 1.804502
0.933352 0.002964 0.002633 0.001379 0.000096 0.051675 0.007902 1.804809
0.933459 0.002968 0.002626 0.001367 0.000096 0.051582 0.007904 1.805097
0.933506 0.003004 0.002622 0.001361 0.000097 0.051506 0.007904 1.805380
0.933546 0.003036 0.002640 0.001352 0.000094 0.051428 0.007904 1.805673
0.933586 0.003050 0.002640 0.001366 0.000094 0.051360 0.007905 1.805974
0.933624 0.003050 0.002658 0.001371 0.000092 0.051299 0.007906 1.806296
0.933677 0.003072 0.002665 0.001361 0.000095 0.051225 0.007906 1.806580
0.933725 0.003071 0.002662 0.001364 0.000093 0.051176 0.007907 1.806872
0.933790 0.003014 0.002703 0.001378 0.000092 0.051115 0.007909 1.807206
0.933851 0.003014 0.002695 0.001393 0.000091 0.051045 0.007912 1.807502
0.933883 0.003035 0.002679 0.001387 0.000095 0.051008 0.007912 1.807788
0.933969 0.003025 0.002684 0.001364 0.000093 0.050952 0.007914 1.808078
0.934028 0.003030 0.002683 0.001360 0.000095 0.050889 0.007915 1.808369
0.934051 0.003063 0.002676 0.001369 0.000092 0.050831 0.007918 1.808651
0.934096 0.003090 0.002687 0.001359 0.000094 0.050754 0.007919 1.808936
0.934146 0.003102 0.002714 0.001342 0.000099 0.050677 0.007921 1.809234
0.934191 0.003089 0.002722 0.001343 0.000099 0.050633 0.007921 1.809533
0.934237 0.003098 0.002715 0.001342 0.000100 0.050585 0.007923 1.809837
0.934304 0.003054 0.002731 0.001351 0.000103 0.050533 0.007924 1.810172
0.934342 0.003073 0.002728 0.001366 0.000105 0.050461 0.007926 1.810457
0.934408 0.003053 0.002741 0.001360 0.000105 0.050408 0.007926 1.810758
0.934411 0.003075 0.002731 0.001363 0.000107 0.050386 0.007928 1.811062
0.934471 0.003058 0.002743 0.001365 0.000107 0.050327 0.007928 1.811383
0.934526 0.003071 0.002733 0.001355 0.000107 0.050277 0.007932 1.811677
0.934565 0.003081 0.002729 0.001358 0.000106 0.050229 0.007933 1.811972
0.934585 0.003104 0.002715 0.001368 0.000105 0.050190 0.007934 1.812263
0.934648 0.003079 0.002744 0.001363 0.000102 0.050126 0.007938 1.812570
0.934705 0.003050 0.002755 0.001362 0.000104 0.050085 0.007939 1.812887
0.934755 0.003052 0.002745 0.001368 0.000104 0.050035 0.007942 1.813188
0.934777 0.003025 0.002771 0.001381 0.000102 0.050001 0.007943 1.813514
0.934816 0.003036 0.002770 0.001388 0.000103 0.049943 0.007944 1.813803
0.934813 0.003061 0.002759 0.001407 0.000104 0.049910 0.007945 1.814103
0.934844 0.003069 0.002773 0.001403 0.000106 0.049861 0.007945 1.814408
0.934868 0.003080 0.002745 0.001408 0.000105 0.049843 0.007950 1.814693
0.934900 0.003073 0.002748 0.001415 0.000104 0.049808 0.007952 1.815006
0.934961 0.003065 0.002780 0.001418 0.000102 0.049718 0.007956 1.815303
0.934972 0.003083 0.002780 0.001412 0.000103 0.049692 0.007958 1.815601
0.934954 0.003100 0.002797 0.001419 0.000103 0.049666 0.007960 1.815913
0.934995 0.003089 0.002798 0.001443 0.000103 0.049612 0.007961 1.816216
0.935017 0.003089 0.002796 0.001450 0.000106 0.049579 0.007962 1.816524
0.935062 0.003090 0.002809 0.001437 0.000105 0.049535 0.007962 1.816837
0.935113 0.003080 0.002809 0.001439 0.000106 0.049489 0.007963 1.817144
0.935124 0.003083 0.002819 0.001453 0.000109 0.049447 0.007964 1.817465
0.935140 0.003095 0.002834 0.001444 0.000105 0.049416 0.007966 1.817772
0.935178 0.003087 0.002838 0.001449 0.000105 0.049377 0.007967 1.818081
0.935224 0.003063 0.002857 0.001456 0.000106 0.049325 0.007969 1.818404
0.935234 0.003097 0.002841 0.001450 0.000107 0.049299 0.007970 1.818695
0.935276 0.003105 0.002840 0.001448 0.000105 0.049255 0.007971 1.818994
0.935254 0.003140 0.002836 0.001436 0.000106 0.049256 0.007973 1.819296
0.935270 0.003136 0.002839 0.001443 0.000104 0.049233 0.007974 1.819617
0.935295 0.003136 0.002826 0.001441 0.000106 0.049220 0.007975 1.819920
0.935302 0.003159 0.002809 0.001431 0.000107 0.049215 0.007976 1.820213
0.935307 0.003150 0.002824 0.001443 0.000110 0.049190 0.007976 1.820546
0.935314 0.003171 0.002825 0.001436 0.000110 0.049166 0.007978 1.820847
0.935319 0.003183 0.002818 0.001438 0.000109 0.049151 0.007980 1.821148
0.935331 0.003171 0.002851 0.001442 0.000108 0.049116 0.007981 1.821481
0.935338 0.003182 0.002854 0.001438 0.000107 0.049100 0.007982 1.821791
0.935333 0.003197 0.002848 0.001453 0.000105 0.049083 0.007983 1.822098
0.935348 0.003199 0.002864 0.001451 0.000106 0.049047 0.007984 1.822409
0.935348 0.003202 0.002849 0.001456 0.000108 0.049052 0.007985 1.822721
0.935336 0.003232 0.002842 0.001463 0.000107 0.049033 0.007986 1.823028
0.935329 0.003275 0.002830 0.001467 0.000104 0.049005 0.007988 1.823334
0.935341 0.003273 0.002845 0.001481 0.000105 0.048962 0.007991 1.823650
0.935322 0.003278 0.002857 0.001489 0.000102 0.048957 0.007993 1.823981
0.935316 0.003284 0.002875 0.001474 0.000102 0.048952 0.007996 1.824307
0.935317 0.003260 0.002880 0.001497 0.000103 0.048946 0.007996 1.824655
0.935333 0.003251 0.002870 0.001511 0.000105 0.048930 0.007998 1.824979
0.935311 0.003264 0.002871 0.001525 0.000104 0.048926 0.007999 1.825310
0.935287 0.003265 0.002869 0.001518 0.000104 0.048955 0.008001 1.825633
0.935297 0.003262 0.002873 0.001527 0.000103 0.048934 0.008002 1.825962
0.935257 0.003265 0.002890 0.001527 0.000106 0.048952 0.008003 1.826289
0.935256 0.003272 0.002903 0.001512 0.000105 0.048945 0.008006 1.826606
0.935264 0.003283 0.002900 0.001507 0.000106 0.048932 0.008007 1.826923
0.935288 0.003255 0.002901 0.001525 0.000104 0.048918 0.008009 1.827249
0.935260 0.003299 0.002884 0.001524 0.000103 0.048918 0.008010 1.827539
0.935235 0.003290 0.002898 0.001513 0.000106 0.048946 0.008011 1.827872
0.935202 0.003316 0.002895 0.001509 0.000108 0.048958 0.008012 1.828185
0.935192 0.003322 0.002897 0.001509 0.000108 0.048958 0.008013 1.828510
0.935188 0.003314 0.002908 0.001509 0.000110 0.048957 0.008015 1.828840
0.935156 0.003333 0.002924 0.001522 0.000107 0.048941 0.008016 1.829170
0.935139 0.003340 0.002913 0.001525 0.000109 0.048956 0.008018 1.829496
0.935113 0.003357 0.002932 0.001528 0.000108 0.048942 0.008020 1.829822
0.935101 0.003362 0.002964 0.001528 0.000107 0.048916 0.008023 1.830157
0.935094 0.003341 0.002997 0.001539 0.000107 0.048898 0.008024 1.830502
0.935077 0.003353 0.002989 0.001563 0.000107 0.048887 0.008024 1.830833
0.935079 0.003385 0.002994 0.001547 0.000108 0.048860 0.008027 1.831144
0.935060 0.003377 0.003023 0.001566 0.000107 0.048838 0.008028 1.831478
0.935004 0.003411 0.003015 0.001578 0.000106 0.048856 0.008029 1.831811
0.935006 0.003413 0.003018 0.001582 0.000107 0.048843 0.008031 1.832150
0.934984 0.003405 0.003044 0.001585 0.000104 0.048844 0.008033 1.832509
0.934965 0.003423 0.003048 0.001573 0.000108 0.048847 0.008035 1.832838
0.934963 0.003417 0.003081 0.001562 0.000107 0.048834 0.008036 1.833173
0.934915 0.003393 0.003102 0.001557 0.000107 0.048889 0.008037 1.833529
0.934896 0.003380 0.003126 0.001576 0.000107 0.048875 0.008040 1.833889
0.934861 0.003390 0.003138 0.001585 0.000108 0.048876 0.008042 1.834233
0.934835 0.003395 0.003143 0.001588 0.000106 0.048890 0.008043 1.834567
0.934804 0.003407 0.003149 0.001598 0.000104 0.048892 0.008045 1.834901
0.934781 0.003412 0.003112 0.001596 0.000106 0.048947 0.008045 1.835234
0.934734 0.003423 0.003090 0.001600 0.000106 0.049001 0.008046 1.835561
0.934693 0.003438 0.003093 0.001611 0.000104 0.049013 0.008046 1.835897
0.934669 0.003450 0.003110 0.001602 0.000103 0.049017 0.008049 1.836236
0.934667 0.003424 0.003122 0.001602 0.000109 0.049027 0.008049 1.836588
0.934610 0.003416 0.003127 0.001624 0.000108 0.049064 0.008050 1.836956
0.934572 0.003413 0.003142 0.001601 0.000107 0.049115 0.008051 1.837303
0.934550 0.003406 0.003147 0.001603 0.000105 0.049136 0.008052 1.837660
0.934526 0.003424 0.003149 0.001595 0.000105 0.049148 0.008053 1.837987
0.934536 0.003424 0.003138 0.001591 0.000105 0.049153 0.008053 1.838306
0.934505 0.003423 0.003155 0.001580 0.000106 0.049177 0.008056 1.838652
0.934510 0.003407 0.003155 0.001571 0.000110 0.049191 0.008056 1.838989
0.934483 0.003412 0.003164 0.001573 0.000109 0.049201 0.008057 1.839330
0.934502 0.003397 0.003159 0.001580 0.000108 0.049194 0.008060 1.839664
0.934481 0.003384 0.003169 0.001587 0.000105 0.049213 0.008062 1.840010
0.934489 0.003393 0.003153 0.001589 0.000104 0.049210 0.008062 1.840331
0.934496 0.003391 0.003138 0.001592 0.000104 0.049216 0.008063 1.840664
0.934486 0.003386 0.003160 0.001584 0.000102 0.049218 0.008064 1.841011
0.934477 0.003377 0.003141 0.001591 0.000101 0.049247 0.008065 1.841343
0.934452 0.003381 0.003171 0.001564 0.000100 0.049265 0.008066 1.841676
0.934457 0.003356 0.003158 0.001571 0.000101 0.049289 0.008068 1.842002
0.934442 0.003359 0.003162 0.001570 0.000097 0.049299 0.008071 1.842329
0.934410 0.003393 0.003148 0.001572 0.000097 0.049307 0.008072 1.842643
0.934388 0.003412 0.003134 0.001562 0.000096 0.049336 0.008073 1.842963
0.934384 0.003426 0.003105 0.001556 0.000095 0.049361 0.008074 1.843287
0.934370 0.003401 0.003122 0.001560 0.000095 0.049378 0.008075 1.843646
0.934393 0.003350 0.003139 0.001567 0.000094 0.049381 0.008075 1.844001
0.934354 0.003406 0.003115 0.001562 0.000093 0.049394 0.008077 1.844298
0.934327 0.003428 0.003096 0.001557 0.000094 0.049420 0.008078 1.844621
0.934309 0.003432 0.003081 0.001545 0.000095 0.049459 0.008079 1.844948
0.934291 0.003432 0.003077 0.001527 0.000096 0.049497 0.008080 1.845272
0.934264 0.003447 0.003082 0.001528 0.000093 0.049504 0.008081 1.845590
0.934277 0.003419 0.003070 0.001528 0.000092 0.049530 0.008083 1.845925
0.934226 0.003476 0.003064 0.001525 0.000094 0.049532 0.008084 1.846250
0.934213 0.003468 0.003083 0.001525 0.000094 0.049530 0.008086 1.846591
0.934210 0.003457 0.003050 0.001533 0.000092 0.049570 0.008087 1.846919
0.934188 0.003464 0.003051 0.001548 0.000092 0.049569 0.008087 1.847255
0.934167 0.003461 0.003069 0.001545 0.000094 0.049577 0.008087 1.847608
0.934158 0.003472 0.003060 0.001539 0.000092 0.049589 0.008089 1.847938
0.934155 0.003498 0.003049 0.001520 0.000091 0.049596 0.008090 1.848262
0.934156 0.003489 0.003051 0.001518 0.000093 0.049604 0.008090 1.848601
0.934130 0.003490 0.003079 0.001521 0.000098 0.049591 0.008091 1.848934
0.934110 0.003477 0.003091 0.001533 0.000098 0.049599 0.008091 1.849296
0.934077 0.003484 0.003067 0.001554 0.000100 0.049626 0.008092 1.849631
0.934059 0.003476 0.003073 0.001562 0.000102 0.049635 0.008093 1.849974
0.934033 0.003460 0.003122 0.001568 0.000102 0.049621 0.008094 1.850336
0.934041 0.003434 0.003117 0.001579 0.000105 0.049630 0.008094 1.850675
0.934022 0.003416 0.003153 0.001574 0.000104 0.049634 0.008096 1.851034
0.934026 0.003386 0.003177 0.001568 0.000107 0.049641 0.008097 1.851385
0.934023 0.003411 0.003175 0.001564 0.000105 0.049623 0.008099 1.851700
0.933994 0.003410 0.003154 0.001573 0.000105 0.049663 0.008101 1.852048
0.933980 0.003397 0.003164 0.001572 0.000105 0.049681 0.008101 1.852394
0.933959 0.003394 0.003162 0.001577 0.000107 0.049700 0.008102 1.852743
0.933953 0.003401 0.003146 0.001567 0.000106 0.049724 0.008104 1.853065
0.933953 0.003426 0.003144 0.001557 0.000107 0.049709 0.008105 1.853382
0.933956 0.003414 0.003123 0.001595 0.000104 0.049700 0.008106 1.853716
0.933959 0.003413 0.003116 0.001590 0.000102 0.049713 0.008107 1.854051
0.933952 0.003393 0.003126 0.001601 0.000101 0.049719 0.008107 1.854401
0.933941 0.003385 0.003126 0.001599 0.000101 0.049740 0.008108 1.854737
0.933941 0.003350 0.003138 0.001596 0.000103 0.049764 0.008109 1.855101
0.933955 0.003322 0.003133 0.001600 0.000102 0.049779 0.008109 1.855429
0.933947 0.003367 0.003123 0.001575 0.000102 0.049775 0.008110 1.855725
0.933948 0.003364 0.003130 0.001574 0.000103 0.049769 0.008110 1.856065
0.933959 0.003376 0.003113 0.001576 0.000099 0.049764 0.008112 1.856378
0.933958 0.003348 0.003126 0.001569 0.000099 0.049786 0.008113 1.856730
0.933957 0.003354 0.003105 0.001557 0.000099 0.049811 0.008117 1.857057
0.933952 0.003347 0.003110 0.001563 0.000098 0.049811 0.008119 1.857389
0.933939 0.003321 0.003131 0.001585 0.000100 0.049803 0.008120 1.857747
0.933935 0.003336 0.003143 0.001576 0.000101 0.049788 0.008121 1.858081
0.933914 0.003328 0.003157 0.001562 0.000103 0.049814 0.008121 1.858422
0.933864 0.003363 0.003165 0.001542 0.000106 0.049839 0.008121 1.858743
0.933855 0.003372 0.003160 0.001548 0.000107 0.049835 0.008122 1.859060
0.933791 0.003400 0.003145 0.001552 0.000109 0.049879 0.008124 1.859393
0.933760 0.003396 0.003178 0.001542 0.000111 0.049888 0.008124 1.859732
0.933756 0.003375 0.003133 0.001555 0.000108 0.049947 0.008125 1.860071
0.933769 0.003369 0.003138 0.001584 0.000109 0.049904 0.008126 1.860406
0.933747 0.003373 0.003142 0.001596 0.000111 0.049904 0.008128 1.860743
0.933712 0.003402 0.003122 0.001583 0.000112 0.049940 0.008129 1.861058
0.933717 0.003386 0.003125 0.001589 0.000111 0.049944 0.008129 1.861402
0.933704 0.003393 0.003104 0.001604 0.000112 0.049954 0.008130 1.861736
0.933693 0.003394 0.003101 0.001594 0.000112 0.049974 0.008131 1.862060
0.933728 0.003355 0.003085 0.001608 0.000114 0.049977 0.008131 1.862403
0.933745 0.003322 0.003100 0.001625 0.000115 0.049959 0.008132 1.862750
0.933725 0.003348 0.003101 0.001618 0.000115 0.049959 0.008134 1.863075
0.933719 0.003353 0.003082 0.001619 0.000114 0.049979 0.008135 1.863395
0.933691 0.003332 0.003078 0.001622 0.000116 0.050026 0.008135 1.863738
0.933707 0.003305 0.003114 0.001626 0.000120 0.049993 0.008136 1.864090
0.933708 0.003321 0.003133 0.001594 0.000119 0.049988 0.008136 1.864393
0.933733 0.003307 0.003142 0.001591 0.000119 0.049970 0.008138 1.864739
0.933738 0.003289 0.003148 0.001590 0.000118 0.049979 0.008139 1.865079
0.933754 0.003283 0.003132 0.001587 0.000121 0.049984 0.008140 1.865404
0.933772 0.003289 0.003099 0.001596 0.000120 0.049979 0.008143 1.865722
0.933767 0.003331 0.003075 0.001581 0.000122 0.049981 0.008143 1.866011
0.933784 0.003332 0.003048 0.001567 0.000123 0.050000 0.008144 1.866324
0.933741 0.003342 0.003083 0.001573 0.000124 0.049990 0.008146 1.866668
0.933700 0.003344 0.003061 0.001574 0.000121 0.050051 0.008148 1.866999
0.933697 0.003349 0.003067 0.001571 0.000119 0.050048 0.008150 1.867331
0.933682 0.003352 0.003059 0.001568 0.000120 0.050067 0.008152 1.867651
0.933699 0.003353 0.003054 0.001555 0.000117 0.050067 0.008156 1.867977
0.933677 0.003368 0.003040 0.001546 0.000115 0.050095 0.008159 1.868302
0.933684 0.003354 0.003052 0.001543 0.000110 0.050096 0.008160 1.868629
0.933675 0.003369 0.003043 0.001535 0.000110 0.050107 0.008162 1.868957
0.933674 0.003359 0.003046 0.001539 0.000109 0.050108 0.008163 1.869287
0.933681 0.003363 0.003062 0.001537 0.000107 0.050086 0.008164 1.869621
0.933686 0.003362 0.003058 0.001540 0.000110 0.050079 0.008166 1.869945
0.933658 0.003364 0.003071 0.001552 0.000107 0.050080 0.008167 1.870291
0.933671 0.003346 0.003056 0.001555 0.000106 0.050098 0.008168 1.870624
0.933647 0.003357 0.003064 0.001559 0.000107 0.050098 0.008170 1.870959
0.933646 0.003337 0.003066 0.001551 0.000108 0.050121 0.008170 1.871297
0.933671 0.003338 0.003073 0.001535 0.000106 0.050103 0.008172 1.871607
0.933669 0.003329 0.003096 0.001556 0.000106 0.050069 0.008174 1.871941
0.933692 0.003295 0.003110 0.001553 0.000101 0.050070 0.008178 1.872283
0.933677 0.003301 0.003114 0.001567 0.000103 0.050059 0.008179 1.872607
0.933692 0.003279 0.003110 0.001579 0.000101 0.050060 0.008179 1.872944
0.933693 0.003283 0.003099 0.001570 0.000100 0.050074 0.008181 1.873270
0.933711 0.003271 0.003073 0.001570 0.000101 0.050092 0.008182 1.873590
0.933711 0.003301 0.003073 0.001554 0.000100 0.050078 0.008183 1.873899
0.933692 0.003308 0.003064 0.001553 0.000102 0.050097 0.008184 1.874226
0.933691 0.003315 0.003056 0.001534 0.000101 0.050118 0.008185 1.874532
0.933699 0.003300 0.003072 0.001522 0.000101 0.050118 0.008189 1.874863
0.933695 0.003298 0.003065 0.001506 0.000103 0.050142 0.008190 1.875178
0.933715 0.003293 0.003038 0.001503 0.000105 0.050153 0.008193 1.875487
0.933724 0.003292 0.003034 0.001503 0.000104 0.050150 0.008194 1.875800
0.933753 0.003273 0.003041 0.001509 0.000104 0.050126 0.008194 1.876121
0.933765 0.003278 0.003030 0.001495 0.000102 0.050134 0.008195 1.876440
0.933762 0.003286 0.003015 0.001499 0.000102 0.050141 0.008196 1.876756
0.933756 0.003297 0.002999 0.001489 0.000100 0.050162 0.008196 1.877069
0.933736 0.003266 0.003012 0.001505 0.000102 0.050181 0.008197 1.877414
0.933703 0.003277 0.003011 0.001502 0.000104 0.050203 0.008199 1.877740
0.933686 0.003256 0.003042 0.001513 0.000104 0.050198 0.008200 1.878089
0.933683 0.003239 0.003024 0.001508 0.000099 0.050243 0.008204 1.878416
0.933707 0.003218 0.003032 0.001508 0.000104 0.050227 0.008205 1.878741
0.933730 0.003215 0.003032 0.001490 0.000105 0.050224 0.008205 1.879041
0.933745 0.003215 0.003024 0.001481 0.000103 0.050227 0.008206 1.879365
0.933706 0.003234 0.003018 0.001479 0.000106 0.050249 0.008207 1.879687
0.933732 0.003216 0.003022 0.001461 0.000108 0.050253 0.008209 1.880014
0.933749 0.003220 0.003021 0.001446 0.000111 0.050244 0.008209 1.880324
0.933750 0.003209 0.003023 0.001448 0.000110 0.050249 0.008210 1.880655
0.933728 0.003234 0.003020 0.001455 0.000111 0.050242 0.008211 1.880976
0.933741 0.003245 0.002995 0.001475 0.000110 0.050222 0.008213 1.881282
0.933799 0.003217 0.003009 0.001464 0.000110 0.050187 0.008214 1.881601
0.933799 0.003213 0.003011 0.001459 0.000107 0.050194 0.008216 1.881921
0.933834 0.003221 0.002991 0.001440 0.000104 0.050194 0.008217 1.882219
0.933828 0.003215 0.002975 0.001452 0.000108 0.050205 0.008217 1.882537
0.933863 0.003203 0.002986 0.001442 0.000108 0.050179 0.008218 1.882852
0.933870 0.003221 0.002984 0.001422 0.000105 0.050179 0.008219 1.883156
0.933892 0.003202 0.002979 0.001438 0.000104 0.050163 0.008221 1.883478
0.933912 0.003196 0.002974 0.001437 0.000104 0.050157 0.008221 1.883791
0.933905 0.003174 0.002975 0.001449 0.000106 0.050170 0.008223 1.884123
0.933927 0.003171 0.002959 0.001424 0.000107 0.050188 0.008224 1.884437
0.933954 0.003161 0.002960 0.001433 0.000106 0.050161 0.008226 1.884758
0.933964 0.003135 0.002951 0.001448 0.000104 0.050171 0.008227 1.885072
0.933953 0.003154 0.002948 0.001447 0.000104 0.050165 0.008229 1.885381
0.933990 0.003154 0.002927 0.001451 0.000104 0.050144 0.008230 1.885689
0.933987 0.003187 0.002900 0.001435 0.000099 0.050160 0.008232 1.885967
0.934016 0.003159 0.002916 0.001437 0.000097 0.050142 0.008232 1.886298
0.934054 0.003158 0.002934 0.001424 0.000096 0.050098 0.008234 1.886599
