0.349326 0.063747 0.056310 0.032551 0.002072 0.489986 0.006008 1.598113
0.350826 0.062199 0.056154 0.032454 0.002086 0.490243 0.006038 1.604247
0.352758 0.060397 0.056072 0.032197 0.002081 0.490429 0.006067 1.610177
0.355019 0.058376 0.055856 0.032019 0.002101 0.490537 0.006093 1.616047
0.357600 0.056231 0.055489 0.031781 0.002117 0.490665 0.006117 1.621700
0.360312 0.054305 0.055038 0.031355 0.002120 0.490726 0.006143 1.627065
0.363295 0.052413 0.054446 0.030870 0.002119 0.490688 0.006170 1.632225
0.366364 0.050569 0.053822 0.030431 0.002116 0.490500 0.006197 1.637242
0.369469 0.048744 0.053113 0.030063 0.002124 0.490262 0.006224 1.642184
0.372548 0.047035 0.052314 0.029602 0.002118 0.490131 0.006253 1.646861
0.375790 0.045446 0.051560 0.029084 0.002110 0.489731 0.006279 1.651400
0.379049 0.043892 0.050695 0.028546 0.002087 0.489423 0.006307 1.655753
0.382399 0.042450 0.049838 0.028020 0.002079 0.488879 0.006335 1.660002
0.385772 0.041047 0.048994 0.027445 0.002074 0.488307 0.006360 1.664126
0.389263 0.039853 0.048025 0.026861 0.002088 0.487524 0.006385 1.668051
0.392728 0.038722 0.047008 0.026294 0.002076 0.486758 0.006413 1.671788
0.396238 0.037575 0.046103 0.025769 0.002066 0.485811 0.006439 1.675569
0.399825 0.036415 0.045154 0.025268 0.002043 0.484829 0.006467 1.679201
0.403428 0.035436 0.044194 0.024706 0.002039 0.483707 0.006490 1.682689
0.406975 0.034485 0.043172 0.024199 0.002028 0.482627 0.006513 1.686118
0.410565 0.033514 0.042365 0.023698 0.002017 0.481299 0.006542 1.689518
0.414253 0.032582 0.041521 0.023184 0.001987 0.479904 0.006570 1.692811
0.417858 0.031796 0.040595 0.022736 0.001968 0.478454 0.006592 1.696000
0.421542 0.030983 0.039725 0.022221 0.001951 0.476961 0.006618 1.699111
0.425284 0.030217 0.038904 0.021705 0.001928 0.475318 0.006644 1.702137
0.429052 0.029602 0.037969 0.021212 0.001906 0.473595 0.006666 1.705040
0.432687 0.029012 0.037114 0.020733 0.001897 0.471867 0.006690 1.707906
0.436281 0.028462 0.036261 0.020283 0.001881 0.470123 0.006709 1.710720
0.439991 0.027943 0.035479 0.019806 0.001868 0.468182 0.006732 1.713468
0.443609 0.027391 0.034712 0.019421 0.001842 0.466269 0.006757 1.716217
0.447368 0.026887 0.033987 0.018958 0.001824 0.464194 0.006781 1.718849
0.450985 0.026422 0.033262 0.018575 0.001795 0.462157 0.006804 1.721481
0.454644 0.025974 0.032522 0.018167 0.001777 0.460094 0.006823 1.724021
0.458288 0.025540 0.031821 0.017779 0.001766 0.457960 0.006847 1.726529
0.461876 0.025129 0.031197 0.017469 0.001749 0.455714 0.006866 1.729021
0.465527 0.024791 0.030524 0.017140 0.001725 0.453400 0.006893 1.731421
0.469216 0.024449 0.029895 0.016825 0.001705 0.450996 0.006916 1.733830
0.472722 0.024041 0.029312 0.016519 0.001697 0.448778 0.006933 1.736253
0.476316 0.023647 0.028730 0.016220 0.001687 0.446439 0.006961 1.738646
0.479770 0.023375 0.028185 0.015936 0.001671 0.444089 0.006975 1.740976
0.483244 0.023144 0.027651 0.015667 0.001648 0.441647 0.007000 1.743256
0.486689 0.022923 0.027149 0.015405 0.001631 0.439182 0.007021 1.745501
0.490230 0.022690 0.026659 0.015061 0.001622 0.436698 0.007041 1.747727
0.493585 0.022506 0.026178 0.014755 0.001601 0.434313 0.007064 1.749962
0.497078 0.022271 0.025770 0.014485 0.001579 0.431732 0.007085 1.752164
0.500517 0.022037 0.025367 0.014244 0.001547 0.429182 0.007106 1.754357
0.503863 0.021858 0.024924 0.013939 0.001534 0.426759 0.007124 1.756493
0.507203 0.021716 0.024491 0.013699 0.001508 0.424243 0.007140 1.758620
0.510520 0.021569 0.024180 0.013477 0.001483 0.421612 0.007160 1.760733
0.513772 0.021406 0.023807 0.013284 0.001447 0.419103 0.007182 1.762864
0.517029 0.021314 0.023466 0.013043 0.001435 0.416516 0.007198 1.764938
0.520234 0.021207 0.023063 0.012846 0.001408 0.414025 0.007217 1.766993
0.523414 0.021071 0.022790 0.012685 0.001377 0.411426 0.007237 1.769083
0.526603 0.020972 0.022435 0.012511 0.001360 0.408868 0.007252 1.771103
0.529773 0.020814 0.022180 0.012391 0.001325 0.406245 0.007272 1.773189
0.532902 0.020699 0.021926 0.012268 0.001292 0.403623 0.007290 1.775234
0.535931 0.020641 0.021684 0.012090 0.001270 0.401076 0.007309 1.777254
0.538942 0.020509 0.021432 0.011931 0.001259 0.398600 0.007326 1.779267
0.541899 0.020423 0.021223 0.011808 0.001247 0.396057 0.007344 1.781323
0.545044 0.020300 0.020998 0.011694 0.001224 0.393378 0.007361 1.783308
0.547952 0.020294 0.020830 0.011527 0.001188 0.390834 0.007376 1.785294
0.550872 0.020301 0.020610 0.011453 0.001165 0.388204 0.007393 1.787253
0.553752 0.020244 0.020481 0.011329 0.001152 0.385635 0.007407 1.789258
0.556635 0.020166 0.020322 0.011289 0.001134 0.383029 0.007425 1.791269
0.559409 0.020240 0.020071 0.011157 0.001119 0.380566 0.007437 1.793166
0.562231 0.020144 0.019898 0.011079 0.001105 0.378094 0.007450 1.795144
0.564990 0.020077 0.019787 0.011004 0.001085 0.375593 0.007463 1.797145
0.567794 0.020010 0.019585 0.010944 0.001071 0.373117 0.007478 1.799097
0.570464 0.020026 0.019472 0.010869 0.001055 0.370618 0.007495 1.801048
0.573279 0.019917 0.019417 0.010755 0.001046 0.368081 0.007505 1.803036
0.575977 0.019912 0.019309 0.010653 0.001038 0.365595 0.007517 1.804988
0.578576 0.019819 0.019226 0.010619 0.001025 0.363199 0.007535 1.807030
0.581159 0.019826 0.019073 0.010536 0.001018 0.360839 0.007549 1.808954
0.583625 0.019805 0.018969 0.010474 0.001008 0.358555 0.007563 1.810906
0.586192 0.019884 0.018868 0.010373 0.000997 0.356113 0.007573 1.812788
0.588651 0.019886 0.018787 0.010370 0.000994 0.353728 0.007584 1.814808
0.591037 0.019972 0.018684 0.010283 0.000975 0.351449 0.007600 1.816739
0.593396 0.020033 0.018565 0.010275 0.000970 0.349152 0.007608 1.818655
0.595737 0.020102 0.018472 0.010250 0.000954 0.346864 0.007621 1.820616
0.597990 0.020140 0.018442 0.010206 0.000952 0.344637 0.007633 1.822594
0.600299 0.020163 0.018400 0.010188 0.000941 0.342360 0.007650 1.824570
0.602565 0.020216 0.018373 0.010175 0.000930 0.340081 0.007660 1.826561
0.604752 0.020233 0.018296 0.010189 0.000928 0.337930 0.007672 1.828580
0.606998 0.020307 0.018242 0.010160 0.000922 0.335688 0.007684 1.830549
0.609074 0.020396 0.018260 0.010127 0.000899 0.333543 0.007702 1.832553
0.611203 0.020477 0.018284 0.010101 0.000885 0.331335 0.007716 1.834522
0.613374 0.020478 0.018251 0.010091 0.000873 0.329203 0.007730 1.836549
0.615473 0.020515 0.018236 0.010088 0.000867 0.327079 0.007742 1.838523
0.617475 0.020536 0.018249 0.010053 0.000860 0.325072 0.007755 1.840563
0.619390 0.020582 0.018245 0.010001 0.000851 0.323164 0.007767 1.842590
0.621362 0.020612 0.018243 0.010058 0.000847 0.321098 0.007779 1.844648
0.623265 0.020634 0.018237 0.010043 0.000843 0.319189 0.007789 1.846670
0.625117 0.020652 0.018237 0.010033 0.000840 0.317324 0.007797 1.848715
0.626939 0.020704 0.018241 0.010020 0.000833 0.315458 0.007808 1.850728
0.628811 0.020823 0.018224 0.009966 0.000828 0.313532 0.007815 1.852682
0.630548 0.020875 0.018259 0.009979 0.000824 0.311692 0.007824 1.854740
0.632259 0.020962 0.018302 0.009943 0.000825 0.309876 0.007834 1.856781
0.633984 0.020945 0.018438 0.009927 0.000821 0.308044 0.007839 1.858891
0.635710 0.021036 0.018429 0.009951 0.000820 0.306205 0.007849 1.860957
0.637366 0.021102 0.018453 0.009937 0.000805 0.304478 0.007859 1.863013
0.638951 0.021174 0.018446 0.010007 0.000795 0.302755 0.007872 1.865114
0.640562 0.021290 0.018459 0.010039 0.000794 0.300977 0.007880 1.867164
0.642269 0.021314 0.018490 0.010083 0.000782 0.299171 0.007891 1.869287
0.643809 0.021396 0.018520 0.010083 0.000783 0.297506 0.007905 1.871396
0.645380 0.021481 0.018559 0.010104 0.000770 0.295792 0.007916 1.873482
0.646803 0.021607 0.018533 0.010095 0.000762 0.294281 0.007920 1.875540
0.648368 0.021566 0.018595 0.010160 0.000753 0.292628 0.007931 1.877696
0.649834 0.021637 0.018645 0.010169 0.000760 0.291021 0.007935 1.879798
0.651197 0.021696 0.018666 0.010199 0.000755 0.289539 0.007947 1.881930
0.652563 0.021766 0.018703 0.010174 0.000762 0.288075 0.007957 1.884087
0.653959 0.021893 0.018756 0.010136 0.000759 0.286535 0.007964 1.886198
0.655292 0.021957 0.018802 0.010173 0.000756 0.285047 0.007972 1.888368
0.656580 0.022045 0.018808 0.010202 0.000759 0.283619 0.007987 1.890549
0.657841 0.022145 0.018804 0.010270 0.000751 0.282189 0.007999 1.892690
0.659165 0.022228 0.018840 0.010277 0.000759 0.280724 0.008008 1.894816
0.660471 0.022261 0.018974 0.010278 0.000759 0.279239 0.008018 1.897027
0.661760 0.022271 0.019036 0.010306 0.000759 0.277842 0.008027 1.899239
0.663010 0.022383 0.019063 0.010334 0.000754 0.276420 0.008038 1.901372
0.664260 0.022408 0.019091 0.010419 0.000755 0.275020 0.008049 1.903607
0.665461 0.022417 0.019109 0.010439 0.000748 0.273770 0.008056 1.905803
0.666548 0.022567 0.019131 0.010461 0.000735 0.272491 0.008068 1.907972
0.667657 0.022650 0.019160 0.010516 0.000731 0.271208 0.008078 1.910217
0.668837 0.022674 0.019202 0.010582 0.000724 0.269896 0.008087 1.912467
0.669861 0.022774 0.019283 0.010586 0.000729 0.268672 0.008097 1.914703
0.670917 0.022901 0.019328 0.010588 0.000728 0.267436 0.008103 1.916938
0.671952 0.022917 0.019353 0.010628 0.000723 0.266318 0.008109 1.919204
0.672912 0.023023 0.019425 0.010664 0.000722 0.265133 0.008120 1.921426
0.673883 0.023144 0.019478 0.010670 0.000720 0.263971 0.008134 1.923675
0.674765 0.023240 0.019562 0.010695 0.000730 0.262867 0.008142 1.925939
0.675734 0.023321 0.019612 0.010723 0.000729 0.261727 0.008154 1.928229
0.676622 0.023363 0.019662 0.010783 0.000722 0.260684 0.008164 1.930500
0.677459 0.023390 0.019789 0.010855 0.000714 0.259616 0.008176 1.932846
0.678297 0.023470 0.019833 0.010891 0.000714 0.258613 0.008182 1.935137
0.679049 0.023606 0.019864 0.010894 0.000720 0.257676 0.008191 1.937408
0.679901 0.023690 0.019969 0.010919 0.000715 0.256606 0.008200 1.939700
0.680668 0.023756 0.020035 0.010971 0.000713 0.255647 0.008211 1.942046
0.681415 0.023834 0.020076 0.010989 0.000713 0.254754 0.008220 1.944387
0.682114 0.023957 0.020128 0.011040 0.000711 0.253821 0.008229 1.946725
0.682684 0.024125 0.020225 0.011049 0.000701 0.252976 0.008240 1.949063
0.683424 0.024136 0.020279 0.011127 0.000699 0.252086 0.008248 1.951488
0.684106 0.024263 0.020329 0.011187 0.000707 0.251153 0.008255 1.953849
0.684742 0.024392 0.020472 0.011274 0.000714 0.250144 0.008264 1.956250
0.685383 0.024534 0.020506 0.011326 0.000717 0.249262 0.008272 1.958605
0.685978 0.024641 0.020610 0.011383 0.000708 0.248396 0.008284 1.961035
0.686442 0.024829 0.020704 0.011416 0.000703 0.247613 0.008293 1.963427
0.687017 0.024945 0.020765 0.011477 0.000691 0.246801 0.008302 1.965836
0.687552 0.025074 0.020862 0.011494 0.000698 0.246008 0.008312 1.968264
0.688084 0.025249 0.020958 0.011458 0.000701 0.245230 0.008320 1.970685
0.688525 0.025333 0.021073 0.011553 0.000711 0.244479 0.008325 1.973190
0.688958 0.025394 0.021177 0.011564 0.000709 0.243863 0.008336 1.975706
0.689396 0.025541 0.021198 0.011597 0.000710 0.243213 0.008346 1.978140
0.689857 0.025588 0.021325 0.011673 0.000720 0.242486 0.008351 1.980667
0.690260 0.025629 0.021420 0.011740 0.000718 0.241871 0.008361 1.983239
0.690726 0.025703 0.021508 0.011709 0.000728 0.241256 0.008370 1.985700
0.691139 0.025817 0.021586 0.011735 0.000723 0.240620 0.008380 1.988208
0.691578 0.025794 0.021714 0.011772 0.000724 0.240031 0.008388 1.990809
0.691981 0.025836 0.021829 0.011808 0.000732 0.239415 0.008399 1.993391
0.692458 0.025948 0.021860 0.011843 0.000720 0.238762 0.008409 1.995874
0.692801 0.025981 0.021973 0.011919 0.000720 0.238190 0.008417 1.998452
0.693149 0.026085 0.022031 0.011912 0.000718 0.237677 0.008430 2.000950
0.693431 0.026165 0.022071 0.011984 0.000723 0.237182 0.008443 2.003486
0.693657 0.026297 0.022181 0.012046 0.000724 0.236641 0.008455 2.006055
0.693966 0.026350 0.022216 0.012077 0.000733 0.236195 0.008464 2.008652
0.694250 0.026355 0.022381 0.012161 0.000744 0.235636 0.008473 2.011279
0.694680 0.026355 0.022508 0.012175 0.000744 0.235054 0.008485 2.013888
0.695023 0.026401 0.022572 0.012195 0.000740 0.234574 0.008496 2.016436
0.695253 0.026438 0.022690 0.012251 0.000750 0.234115 0.008504 2.019094
0.695485 0.026524 0.022706 0.012260 0.000751 0.233760 0.008513 2.021683
0.695769 0.026626 0.022795 0.012303 0.000746 0.233234 0.008528 2.024272
0.696070 0.026648 0.022892 0.012335 0.000758 0.232762 0.008536 2.026899
0.696322 0.026656 0.022927 0.012402 0.000751 0.232392 0.008550 2.029565
0.696491 0.026773 0.023014 0.012401 0.000742 0.232019 0.008561 2.032127
0.696712 0.026821 0.023015 0.012433 0.000743 0.231705 0.008572 2.034765
0.696890 0.026913 0.023106 0.012455 0.000753 0.231302 0.008582 2.037424
0.697118 0.026909 0.023120 0.012509 0.000750 0.231000 0.008593 2.040070
0.697382 0.026918 0.023176 0.012510 0.000748 0.230663 0.008604 2.042685
0.697648 0.026920 0.023188 0.012540 0.000760 0.230334 0.008611 2.045322
0.697811 0.026905 0.023223 0.012554 0.000760 0.230127 0.008622 2.047989
0.697969 0.026946 0.023267 0.012594 0.000757 0.229838 0.008629 2.050650
0.698080 0.027084 0.023290 0.012576 0.000770 0.229563 0.008638 2.053266
0.698298 0.027087 0.023405 0.012611 0.000777 0.229175 0.008648 2.055948
0.698372 0.027135 0.023436 0.012601 0.000786 0.229013 0.008658 2.058613
0.698505 0.027270 0.023453 0.012652 0.000787 0.228667 0.008668 2.061262
0.698566 0.027353 0.023547 0.012665 0.000788 0.228406 0.008677 2.063928
0.698756 0.027347 0.023630 0.012706 0.000788 0.228083 0.008692 2.066625
0.698886 0.027427 0.023640 0.012723 0.000785 0.227837 0.008702 2.069271
0.698950 0.027436 0.023770 0.012768 0.000779 0.227581 0.008717 2.071995
0.699086 0.027518 0.023716 0.012831 0.000776 0.227344 0.008728 2.074661
0.699155 0.027601 0.023791 0.012818 0.000784 0.227116 0.008737 2.077340
0.699258 0.027647 0.023886 0.012824 0.000777 0.226861 0.008747 2.080033
0.699372 0.027719 0.023886 0.012834 0.000780 0.226652 0.008758 2.082731
0.699438 0.027753 0.023963 0.012911 0.000786 0.226385 0.008766 2.085491
0.699517 0.027732 0.023981 0.013018 0.000793 0.226186 0.008774 2.088234
0.699638 0.027716 0.023976 0.013086 0.000786 0.226010 0.008789 2.090993
0.699633 0.027836 0.023972 0.013153 0.000787 0.225820 0.008800 2.093716
0.699677 0.027821 0.024093 0.013186 0.000788 0.225625 0.008810 2.096523
0.699724 0.027946 0.024154 0.013143 0.000783 0.225427 0.008824 2.099222
0.699688 0.028046 0.024209 0.013171 0.000778 0.225275 0.008834 2.101962
0.699723 0.028042 0.024272 0.013266 0.000782 0.225072 0.008843 2.104747
0.699710 0.028114 0.024264 0.013313 0.000793 0.224957 0.008851 2.107475
0.699729 0.028143 0.024317 0.013345 0.000794 0.224809 0.008863 2.110229
0.699811 0.028158 0.024375 0.013332 0.000795 0.224659 0.008871 2.113008
0.699709 0.028182 0.024480 0.013359 0.000796 0.224596 0.008877 2.115808
0.699698 0.028192 0.024546 0.013406 0.000805 0.224465 0.008888 2.118639
0.699711 0.028247 0.024621 0.013445 0.000808 0.224271 0.008896 2.121394
0.699751 0.028279 0.024739 0.013499 0.000795 0.224026 0.008912 2.124149
0.699741 0.028320 0.024771 0.013518 0.000805 0.223929 0.008918 2.126966
0.699841 0.028270 0.024806 0.013507 0.000815 0.223835 0.008927 2.129745
0.699882 0.028294 0.024793 0.013489 0.000822 0.223785 0.008935 2.132472
0.699897 0.028265 0.024808 0.013549 0.000819 0.223720 0.008943 2.135271
0.699860 0.028318 0.024832 0.013567 0.000821 0.223650 0.008952 2.138035
0.699910 0.028361 0.024773 0.013533 0.000821 0.223641 0.008960 2.140715
0.699939 0.028340 0.024845 0.013531 0.000827 0.223545 0.008973 2.143527
0.699936 0.028356 0.024838 0.013542 0.000823 0.223516 0.008989 2.146312
0.699934 0.028435 0.024784 0.013512 0.000821 0.223515 0.008999 2.149040
0.699964 0.028443 0.024839 0.013575 0.000818 0.223353 0.009008 2.151857
0.700032 0.028440 0.024886 0.013594 0.000815 0.223211 0.009024 2.154629
0.699999 0.028384 0.024958 0.013591 0.000822 0.223211 0.009035 2.157447
0.699953 0.028464 0.024982 0.013639 0.000824 0.223092 0.009047 2.160203
0.699905 0.028449 0.025004 0.013661 0.000831 0.223092 0.009059 2.163023
0.699889 0.028527 0.024951 0.013659 0.000831 0.223071 0.009073 2.165752
0.699936 0.028501 0.025071 0.013684 0.000826 0.222897 0.009087 2.168567
0.699948 0.028551 0.025108 0.013676 0.000830 0.222790 0.009097 2.171349
0.699972 0.028483 0.025126 0.013705 0.000834 0.222774 0.009105 2.174213
0.699988 0.028538 0.025056 0.013732 0.000836 0.222736 0.009115 2.176964
0.699899 0.028565 0.025115 0.013760 0.000842 0.222696 0.009123 2.179816
0.699881 0.028659 0.025100 0.013742 0.000839 0.222649 0.009130 2.182582
0.699854 0.028625 0.025197 0.013700 0.000839 0.222644 0.009141 2.185421
0.699811 0.028689 0.025163 0.013711 0.000853 0.222621 0.009150 2.188196
0.699865 0.028666 0.025215 0.013697 0.000847 0.222547 0.009162 2.190980
0.699811 0.028612 0.025251 0.013733 0.000844 0.222576 0.009174 2.193827
0.699849 0.028687 0.025235 0.013735 0.000850 0.222461 0.009184 2.196573
0.699774 0.028686 0.025204 0.013735 0.000858 0.222549 0.009195 2.199384
0.699763 0.028703 0.025196 0.013729 0.000857 0.222547 0.009207 2.202154
0.699770 0.028686 0.025189 0.013721 0.000863 0.222550 0.009219 2.204967
0.699791 0.028623 0.025265 0.013682 0.000868 0.222541 0.009229 2.207780
0.699721 0.028621 0.025194 0.013696 0.000875 0.222655 0.009236 2.210577
0.699632 0.028702 0.025194 0.013713 0.000879 0.222633 0.009246 2.213349
0.699640 0.028718 0.025241 0.013691 0.000884 0.222570 0.009256 2.216127
0.699509 0.028804 0.025272 0.013678 0.000883 0.222587 0.009267 2.218915
0.699580 0.028687 0.025288 0.013769 0.000885 0.222513 0.009278 2.221757
0.699561 0.028734 0.025261 0.013743 0.000888 0.222522 0.009291 2.224554
0.699507 0.028727 0.025278 0.013719 0.000891 0.222576 0.009303 2.227375
0.699421 0.028774 0.025298 0.013694 0.000889 0.222611 0.009314 2.230162
0.699350 0.028805 0.025334 0.013652 0.000894 0.222640 0.009326 2.232980
0.699257 0.028793 0.025363 0.013682 0.000889 0.222679 0.009339 2.235820
0.699251 0.028835 0.025319 0.013664 0.000885 0.222696 0.009350 2.238587
0.699182 0.028838 0.025284 0.013723 0.000882 0.222730 0.009362 2.241405
0.699119 0.028864 0.025319 0.013730 0.000885 0.222710 0.009373 2.244245
0.699067 0.028858 0.025346 0.013736 0.000892 0.222722 0.009380 2.247094
0.699000 0.028917 0.025314 0.013749 0.000892 0.222735 0.009394 2.249881
0.699016 0.028902 0.025318 0.013758 0.000890 0.222710 0.009407 2.252698
0.698959 0.028855 0.025388 0.013781 0.000888 0.222707 0.009424 2.255578
0.699017 0.028756 0.025410 0.013778 0.000895 0.222710 0.009436 2.258429
0.698971 0.028714 0.025461 0.013815 0.000900 0.222694 0.009446 2.261260
0.699028 0.028735 0.025469 0.013783 0.000896 0.222633 0.009456 2.264037
0.699062 0.028626 0.025453 0.013801 0.000900 0.222691 0.009468 2.266867
0.699008 0.028651 0.025533 0.013766 0.000906 0.222659 0.009479 2.269706
0.698948 0.028691 0.025534 0.013751 0.000899 0.222686 0.009491 2.272518
0.698944 0.028655 0.025505 0.013750 0.000895 0.222752 0.009500 2.275371
0.698951 0.028630 0.025511 0.013808 0.000898 0.222693 0.009510 2.278180
0.698945 0.028708 0.025469 0.013754 0.000906 0.222697 0.009521 2.280937
0.699001 0.028693 0.025436 0.013768 0.000909 0.222658 0.009535 2.283708
0.699142 0.028575 0.025431 0.013782 0.000911 0.222612 0.009547 2.286547
0.699110 0.028551 0.025415 0.013818 0.000912 0.222638 0.009555 2.289382
0.699026 0.028577 0.025417 0.013854 0.000923 0.222642 0.009561 2.292195
0.699030 0.028565 0.025462 0.013849 0.000925 0.222597 0.009571 2.295025
0.698977 0.028620 0.025491 0.013800 0.000930 0.222598 0.009584 2.297814
0.699033 0.028589 0.025489 0.013845 0.000932 0.222518 0.009595 2.300618
0.698987 0.028576 0.025553 0.013799 0.000928 0.222550 0.009609 2.303408
0.698992 0.028614 0.025493 0.013694 0.000932 0.222655 0.009621 2.306106
0.699039 0.028604 0.025518 0.013722 0.000930 0.222552 0.009636 2.308932
0.699011 0.028614 0.025549 0.013721 0.000924 0.222528 0.009653 2.311750
0.699085 0.028518 0.025608 0.013684 0.000931 0.222508 0.009666 2.314582
0.699069 0.028530 0.025656 0.013692 0.000928 0.222444 0.009681 2.317417
0.699031 0.028522 0.025674 0.013657 0.000927 0.222496 0.009692 2.320211
0.699044 0.028462 0.025723 0.013670 0.000926 0.222473 0.009703 2.323030
0.699048 0.028422 0.025697 0.013717 0.000937 0.222469 0.009712 2.325847
0.699003 0.028370 0.025719 0.013700 0.000943 0.222543 0.009721 2.328680
0.698912 0.028403 0.025662 0.013716 0.000941 0.222634 0.009733 2.331467
0.698926 0.028376 0.025578 0.013721 0.000940 0.222714 0.009746 2.334241
0.698936 0.028327 0.025541 0.013714 0.000942 0.222776 0.009764 2.337027
0.698967 0.028285 0.025561 0.013711 0.000938 0.222761 0.009777 2.339821
0.698999 0.028230 0.025514 0.013732 0.000935 0.222801 0.009788 2.342601
0.699131 0.028160 0.025494 0.013706 0.000931 0.222775 0.009805 2.345392
0.699148 0.028168 0.025494 0.013737 0.000923 0.222718 0.009813 2.348171
0.699268 0.028117 0.025443 0.013692 0.000923 0.222732 0.009826 2.350898
0.699350 0.028026 0.025441 0.013688 0.000926 0.222731 0.009839 2.353699
0.699390 0.027943 0.025440 0.013723 0.000922 0.222731 0.009851 2.356518
0.699455 0.027991 0.025362 0.013727 0.000919 0.222682 0.009864 2.359201
0.699517 0.027984 0.025284 0.013737 0.000907 0.222698 0.009876 2.361952
0.699560 0.028036 0.025197 0.013714 0.000911 0.222696 0.009886 2.364667
0.699528 0.028146 0.025156 0.013684 0.000918 0.222673 0.009895 2.367360
0.699534 0.028104 0.025218 0.013667 0.000923 0.222647 0.009907 2.370161
0.699469 0.028139 0.025174 0.013685 0.000926 0.222687 0.009920 2.372924
0.699517 0.028131 0.025227 0.013645 0.000934 0.222616 0.009931 2.375688
0.699524 0.028088 0.025244 0.013609 0.000942 0.222653 0.009940 2.378462
0.699487 0.028135 0.025248 0.013577 0.000941 0.222661 0.009950 2.381209
0.699477 0.028154 0.025181 0.013569 0.000938 0.222718 0.009962 2.383967
0.699451 0.028153 0.025118 0.013614 0.000942 0.222748 0.009974 2.386719
0.699615 0.028111 0.025086 0.013597 0.000952 0.222652 0.009987 2.389463
0.699763 0.027996 0.025078 0.013536 0.000957 0.222673 0.009998 2.392194
0.699833 0.027961 0.025105 0.013560 0.000956 0.222576 0.010008 2.394976
0.699931 0.027971 0.025091 0.013524 0.000952 0.222506 0.010025 2.397686
0.700035 0.027958 0.025070 0.013523 0.000955 0.222424 0.010036 2.400428
0.700016 0.027993 0.025038 0.013527 0.000958 0.222422 0.010047 2.403172
0.700043 0.027973 0.025030 0.013530 0.000956 0.222413 0.010056 2.405947
0.700084 0.027995 0.024993 0.013505 0.000958 0.222396 0.010070 2.408679
0.700118 0.028012 0.025033 0.013467 0.000956 0.222334 0.010079 2.411409
0.700273 0.028002 0.024985 0.013471 0.000953 0.222232 0.010085 2.414113
0.700276 0.028025 0.025026 0.013456 0.000959 0.222166 0.010092 2.416904
0.700314 0.028014 0.025103 0.013450 0.000955 0.222060 0.010105 2.419636
0.700409 0.027922 0.025089 0.013427 0.000955 0.222079 0.010120 2.422389
0.700490 0.027852 0.025115 0.013456 0.000958 0.221997 0.010132 2.425178
0.700530 0.027870 0.025079 0.013468 0.000959 0.221951 0.010144 2.427922
0.700470 0.027924 0.025113 0.013467 0.000937 0.221928 0.010161 2.430646
0.700508 0.027953 0.025121 0.013459 0.000945 0.221839 0.010176 2.433354
0.700624 0.027903 0.025091 0.013457 0.000945 0.221797 0.010184 2.436066
0.700640 0.027991 0.025070 0.013467 0.000942 0.221693 0.010198 2.438743
0.700676 0.027948 0.025106 0.013470 0.000935 0.221653 0.010213 2.441507
0.700691 0.028013 0.025049 0.013408 0.000933 0.221682 0.010225 2.444200
0.700699 0.027983 0.025073 0.013402 0.000935 0.221673 0.010235 2.446973
0.700835 0.027897 0.025080 0.013394 0.000936 0.221612 0.010246 2.449705
0.700958 0.027811 0.025038 0.013403 0.000930 0.221598 0.010261 2.452467
0.701085 0.027745 0.025016 0.013441 0.000923 0.221516 0.010275 2.455211
0.701142 0.027765 0.024975 0.013481 0.000924 0.221424 0.010289 2.457915
0.701110 0.027852 0.024922 0.013454 0.000920 0.221442 0.010300 2.460594
0.701165 0.027901 0.024850 0.013479 0.000910 0.221382 0.010314 2.463258
0.701233 0.027882 0.024845 0.013471 0.000913 0.221333 0.010323 2.465977
0.701295 0.027817 0.024883 0.013441 0.000908 0.221321 0.010336 2.468743
0.701342 0.027823 0.024881 0.013435 0.000902 0.221270 0.010348 2.471459
0.701407 0.027779 0.024886 0.013383 0.000909 0.221280 0.010356 2.474197
0.701506 0.027815 0.024773 0.013386 0.000907 0.221247 0.010367 2.476843
0.701507 0.027866 0.024770 0.013347 0.000901 0.221228 0.010382 2.479543
0.701570 0.027777 0.024845 0.013344 0.000893 0.221177 0.010393 2.482314
0.701662 0.027704 0.024804 0.013336 0.000892 0.221199 0.010404 2.485041
0.701650 0.027765 0.024824 0.013375 0.000893 0.221079 0.010414 2.487765
0.701710 0.027775 0.024792 0.013371 0.000891 0.221039 0.010422 2.490485
0.701812 0.027734 0.024803 0.013339 0.000889 0.220990 0.010434 2.493216
0.701883 0.027760 0.024707 0.013330 0.000888 0.220988 0.010443 2.495867
0.702014 0.027754 0.024637 0.013337 0.000885 0.220919 0.010455 2.498524
0.702147 0.027748 0.024626 0.013371 0.000879 0.220767 0.010463 2.501249
0.702229 0.027712 0.024634 0.013399 0.000879 0.220675 0.010473 2.504002
0.702187 0.027735 0.024670 0.013429 0.000876 0.220620 0.010483 2.506757
0.702204 0.027724 0.024646 0.013420 0.000882 0.220629 0.010495 2.509476
0.702285 0.027662 0.024669 0.013421 0.000891 0.220567 0.010505 2.512202
0.702242 0.027786 0.024686 0.013426 0.000884 0.220460 0.010518 2.514901
0.702314 0.027816 0.024748 0.013381 0.000889 0.220325 0.010526 2.517633
0.702283 0.027887 0.024702 0.013350 0.000894 0.220346 0.010540 2.520334
0.702309 0.027885 0.024724 0.013356 0.000898 0.220279 0.010550 2.523071
0.702329 0.027862 0.024757 0.013372 0.000900 0.220221 0.010560 2.525870
0.702367 0.027840 0.024750 0.013408 0.000893 0.220171 0.010572 2.528601
0.702430 0.027805 0.024661 0.013414 0.000899 0.220207 0.010584 2.531307
0.702433 0.027773 0.024634 0.013406 0.000900 0.220258 0.010597 2.534058
0.702413 0.027813 0.024625 0.013444 0.000905 0.220190 0.010610 2.536754
0.702346 0.027836 0.024593 0.013496 0.000901 0.220208 0.010620 2.539512
0.702377 0.027831 0.024601 0.013536 0.000891 0.220130 0.010632 2.542274
0.702433 0.027748 0.024638 0.013558 0.000900 0.220080 0.010642 2.545042
0.702475 0.027756 0.024610 0.013570 0.000904 0.220033 0.010650 2.547767
0.702566 0.027760 0.024575 0.013557 0.000905 0.219975 0.010662 2.550477
0.702640 0.027708 0.024545 0.013589 0.000907 0.219936 0.010675 2.553214
0.702706 0.027700 0.024572 0.013520 0.000907 0.219906 0.010688 2.555930
0.702781 0.027656 0.024570 0.013515 0.000895 0.219883 0.010701 2.558615
0.702799 0.027628 0.024629 0.013490 0.000894 0.219847 0.010712 2.561335
0.702889 0.027601 0.024579 0.013476 0.000888 0.219839 0.010726 2.563960
0.702919 0.027723 0.024522 0.013404 0.000889 0.219807 0.010736 2.566573
0.703002 0.027709 0.024521 0.013393 0.000892 0.219737 0.010745 2.569273
0.702986 0.027710 0.024551 0.013385 0.000894 0.219713 0.010759 2.571992
0.703050 0.027740 0.024495 0.013382 0.000895 0.219666 0.010771 2.574681
0.703092 0.027657 0.024497 0.013344 0.000893 0.219731 0.010786 2.577410
0.703084 0.027668 0.024494 0.013295 0.000893 0.219768 0.010797 2.580143
0.703086 0.027680 0.024581 0.013298 0.000904 0.219648 0.010802 2.582902
0.703140 0.027711 0.024584 0.013251 0.000901 0.219601 0.010812 2.585580
0.703263 0.027649 0.024609 0.013303 0.000909 0.219444 0.010822 2.588300
0.703240 0.027670 0.024588 0.013238 0.000901 0.219523 0.010840 2.591004
0.703357 0.027618 0.024582 0.013230 0.000902 0.219459 0.010852 2.593704
0.703540 0.027571 0.024589 0.013215 0.000907 0.219310 0.010866 2.596392
0.703534 0.027558 0.024606 0.013225 0.000911 0.219289 0.010877 2.599149
0.703633 0.027505 0.024596 0.013216 0.000917 0.219248 0.010886 2.601875
0.703632 0.027478 0.024561 0.013231 0.000918 0.219288 0.010892 2.604593
0.703646 0.027471 0.024589 0.013181 0.000908 0.219298 0.010908 2.607335
0.703634 0.027513 0.024657 0.013179 0.000890 0.219205 0.010921 2.610032
0.703594 0.027578 0.024635 0.013106 0.000890 0.219267 0.010930 2.612722
0.703663 0.027498 0.024647 0.013105 0.000878 0.219266 0.010943 2.615425
0.703767 0.027505 0.024571 0.013124 0.000881 0.219198 0.010954 2.618118
0.703712 0.027523 0.024527 0.013124 0.000883 0.219264 0.010967 2.620816
0.703737 0.027521 0.024487 0.013144 0.000889 0.219247 0.010974 2.623525
0.703804 0.027512 0.024438 0.013168 0.000881 0.219208 0.010988 2.626225
0.703818 0.027542 0.024441 0.013170 0.000895 0.219139 0.010994 2.628922
0.703847 0.027591 0.024387 0.013194 0.000896 0.219080 0.011006 2.631585
0.703765 0.027608 0.024431 0.013201 0.000891 0.219089 0.011016 2.634318
0.703793 0.027591 0.024390 0.013214 0.000895 0.219090 0.011029 2.637024
0.703813 0.027541 0.024461 0.013212 0.000886 0.219047 0.011040 2.639752
0.703828 0.027520 0.024481 0.013183 0.000881 0.219050 0.011056 2.642488
0.703847 0.027583 0.024489 0.013238 0.000875 0.218901 0.011068 2.645153
0.703870 0.027645 0.024498 0.013269 0.000877 0.218762 0.011078 2.647838
0.703847 0.027684 0.024507 0.013290 0.000873 0.218704 0.011094 2.650552
0.703914 0.027659 0.024529 0.013326 0.000870 0.218597 0.011106 2.653291
0.703945 0.027684 0.024584 0.013313 0.000880 0.218477 0.011116 2.655979
0.703945 0.027758 0.024574 0.013313 0.000880 0.218400 0.011130 2.658673
0.704024 0.027769 0.024588 0.013305 0.000877 0.218294 0.011144 2.661424
0.704009 0.027744 0.024585 0.013310 0.000898 0.218304 0.011150 2.664163
0.703940 0.027758 0.024564 0.013271 0.000898 0.218410 0.011161 2.666890
0.703919 0.027776 0.024591 0.013278 0.000898 0.218364 0.011174 2.669635
0.703964 0.027814 0.024556 0.013327 0.000895 0.218260 0.011184 2.672356
0.703985 0.027804 0.024582 0.013308 0.000895 0.218231 0.011194 2.675117
0.704085 0.027820 0.024513 0.013331 0.000886 0.218159 0.011207 2.677796
0.704064 0.027834 0.024537 0.013283 0.000885 0.218178 0.011218 2.680498
0.704104 0.027861 0.024634 0.013263 0.000878 0.218028 0.011231 2.683207
0.704073 0.027858 0.024657 0.013256 0.000881 0.218034 0.011241 2.685945
0.704066 0.027802 0.024711 0.013223 0.000886 0.218058 0.011255 2.688716
0.704049 0.027884 0.024640 0.013226 0.000886 0.218047 0.011268 2.691387
0.704040 0.027905 0.024621 0.013269 0.000889 0.218001 0.011277 2.694108
0.704055 0.027960 0.024597 0.013320 0.000892 0.217888 0.011289 2.696819
0.704004 0.027950 0.024654 0.013320 0.000894 0.217880 0.011299 2.699584
0.703989 0.027979 0.024652 0.013374 0.000892 0.217808 0.011307 2.702327
0.703914 0.028005 0.024634 0.013422 0.000892 0.217815 0.011319 2.705066
0.703974 0.027928 0.024643 0.013426 0.000889 0.217813 0.011327 2.707831
0.703971 0.027951 0.024715 0.013395 0.000896 0.217731 0.011341 2.710553
0.704060 0.027864 0.024705 0.013368 0.000895 0.217754 0.011356 2.713289
0.704041 0.027879 0.024734 0.013408 0.000886 0.217684 0.011367 2.716027
0.704073 0.027816 0.024727 0.013459 0.000883 0.217662 0.011381 2.718793
0.704041 0.027881 0.024709 0.013433 0.000876 0.217666 0.011394 2.721476
0.704143 0.027821 0.024694 0.013473 0.000881 0.217583 0.011408 2.724217
0.704161 0.027853 0.024739 0.013419 0.000878 0.217535 0.011415 2.726930
0.704133 0.027874 0.024767 0.013445 0.000884 0.217473 0.011427 2.729672
0.704155 0.027867 0.024703 0.013501 0.000882 0.217447 0.011444 2.732390
0.704126 0.027858 0.024699 0.013520 0.000886 0.217454 0.011457 2.735124
0.704212 0.027810 0.024740 0.013507 0.000889 0.217375 0.011469 2.737844
0.704197 0.027874 0.024798 0.013479 0.000891 0.217281 0.011481 2.740504
0.704169 0.027973 0.024758 0.013430 0.000896 0.217283 0.011491 2.743152
0.704151 0.027977 0.024802 0.013422 0.000899 0.217247 0.011502 2.745888
0.704208 0.027975 0.024761 0.013386 0.000903 0.217255 0.011513 2.748559
0.704108 0.027988 0.024787 0.013335 0.000900 0.217358 0.011524 2.751289
0.704077 0.028043 0.024692 0.013332 0.000903 0.217415 0.011538 2.753940
0.704080 0.028071 0.024711 0.013339 0.000898 0.217349 0.011553 2.756682
0.704043 0.028068 0.024742 0.013347 0.000892 0.217345 0.011564 2.759410
0.703938 0.028123 0.024752 0.013370 0.000890 0.217352 0.011575 2.762125
0.703873 0.028090 0.024824 0.013430 0.000886 0.217309 0.011589 2.764946
0.703845 0.028091 0.024815 0.013436 0.000888 0.217327 0.011598 2.767719
0.703836 0.028138 0.024813 0.013447 0.000891 0.217268 0.011609 2.770460
0.703798 0.028122 0.024875 0.013477 0.000891 0.217216 0.011622 2.773228
0.703764 0.028098 0.024932 0.013465 0.000899 0.217211 0.011634 2.775973
0.703714 0.028082 0.024983 0.013426 0.000895 0.217254 0.011646 2.778730
0.703672 0.028025 0.024930 0.013462 0.000885 0.217366 0.011660 2.781542
0.703661 0.028016 0.024930 0.013469 0.000887 0.217365 0.011672 2.784309
0.703553 0.028024 0.024981 0.013451 0.000884 0.217423 0.011683 2.787079
0.703564 0.028016 0.024979 0.013444 0.000887 0.217417 0.011694 2.789860
0.703605 0.028025 0.024900 0.013467 0.000886 0.217411 0.011706 2.792611
0.703601 0.028065 0.024946 0.013400 0.000893 0.217376 0.011719 2.795338
0.703654 0.027997 0.024923 0.013400 0.000889 0.217407 0.011729 2.798105
0.703668 0.027963 0.024920 0.013422 0.000886 0.217402 0.011740 2.800816
0.703642 0.027951 0.024896 0.013419 0.000887 0.217453 0.011752 2.803564
0.703708 0.027946 0.024890 0.013384 0.000889 0.217417 0.011767 2.806295
0.703651 0.027969 0.024862 0.013376 0.000888 0.217474 0.011780 2.809012
0.703689 0.027913 0.024910 0.013416 0.000877 0.217403 0.011793 2.811783
0.703620 0.027922 0.024840 0.013453 0.000875 0.217485 0.011805 2.814512
0.703559 0.027828 0.024880 0.013521 0.000876 0.217519 0.011817 2.817382
0.703514 0.027816 0.024901 0.013558 0.000887 0.217500 0.011823 2.820132
0.703521 0.027861 0.024848 0.013570 0.000895 0.217474 0.011831 2.822819
0.703537 0.027837 0.024849 0.013562 0.000901 0.217470 0.011844 2.825550
0.703526 0.027938 0.024733 0.013498 0.000902 0.217551 0.011852 2.828195
0.703519 0.027882 0.024767 0.013552 0.000904 0.217508 0.011867 2.830980
0.703415 0.027970 0.024804 0.013559 0.000907 0.217467 0.011879 2.833723
0.703452 0.027973 0.024808 0.013561 0.000907 0.217409 0.011889 2.836462
0.703479 0.027886 0.024821 0.013594 0.000903 0.217412 0.011904 2.839245
0.703400 0.027970 0.024755 0.013534 0.000904 0.217522 0.011916 2.841931
0.703333 0.028000 0.024750 0.013473 0.000907 0.217610 0.011928 2.844643
0.703302 0.027972 0.024718 0.013456 0.000920 0.217698 0.011936 2.847427
0.703302 0.027950 0.024698 0.013462 0.000930 0.217709 0.011949 2.850146
0.703251 0.027923 0.024704 0.013455 0.000923 0.217780 0.011964 2.852906
0.703147 0.027870 0.024780 0.013470 0.000920 0.217839 0.011975 2.855717
0.703157 0.027865 0.024788 0.013484 0.000915 0.217803 0.011988 2.858486
0.703128 0.027828 0.024791 0.013488 0.000898 0.217863 0.012003 2.861243
0.703180 0.027829 0.024779 0.013487 0.000897 0.217816 0.012012 2.863981
0.703157 0.027849 0.024750 0.013481 0.000892 0.217844 0.012027 2.866692
0.703196 0.027807 0.024775 0.013484 0.000895 0.217805 0.012037 2.869461
0.703122 0.027788 0.024754 0.013494 0.000895 0.217901 0.012047 2.872214
0.703018 0.027806 0.024789 0.013538 0.000902 0.217888 0.012059 2.874977
0.703037 0.027851 0.024768 0.013527 0.000892 0.217851 0.012074 2.877630
0.703048 0.027812 0.024822 0.013521 0.000894 0.217821 0.012082 2.880408
0.703056 0.027813 0.024824 0.013488 0.000888 0.217836 0.012095 2.883132
0.703140 0.027773 0.024821 0.013461 0.000887 0.217812 0.012107 2.885884
0.703130 0.027781 0.024846 0.013473 0.000889 0.217763 0.012117 2.888588
0.703269 0.027692 0.024858 0.013513 0.000878 0.217661 0.012129 2.891341
0.703332 0.027661 0.024808 0.013486 0.000884 0.217690 0.012139 2.894027
0.703379 0.027629 0.024799 0.013479 0.000883 0.217685 0.012146 2.896746
0.703444 0.027629 0.024837 0.013389 0.000887 0.217653 0.012160 2.899380
0.703505 0.027678 0.024761 0.013367 0.000894 0.217624 0.012171 2.902019
0.703389 0.027747 0.024774 0.013354 0.000894 0.217664 0.012179 2.904731
0.703353 0.027789 0.024789 0.013352 0.000896 0.217630 0.012191 2.907433
0.703444 0.027777 0.024758 0.013313 0.000899 0.217608 0.012201 2.910130
0.703419 0.027777 0.024771 0.013313 0.000900 0.217609 0.012211 2.912855
0.703431 0.027761 0.024795 0.013316 0.000903 0.217570 0.012224 2.915613
0.703487 0.027737 0.024770 0.013300 0.000911 0.217563 0.012232 2.918283
0.703513 0.027660 0.024813 0.013312 0.000914 0.217546 0.012242 2.921060
0.703552 0.027607 0.024780 0.013333 0.000912 0.217563 0.012253 2.923773
0.703599 0.027541 0.024823 0.013328 0.000907 0.217540 0.012263 2.926506
0.703589 0.027572 0.024787 0.013335 0.000909 0.217532 0.012275 2.929139
0.703594 0.027535 0.024837 0.013306 0.000902 0.217539 0.012287 2.931874
0.703580 0.027626 0.024831 0.013269 0.000890 0.217496 0.012309 2.934522
0.703526 0.027712 0.024820 0.013275 0.000881 0.217468 0.012319 2.937205
0.703549 0.027760 0.024860 0.013252 0.000883 0.217367 0.012329 2.939918
0.703537 0.027780 0.024864 0.013252 0.000887 0.217340 0.012340 2.942627
0.703664 0.027725 0.024832 0.013263 0.000893 0.217270 0.012353 2.945316
0.703680 0.027665 0.024810 0.013274 0.000895 0.217311 0.012366 2.948019
0.703757 0.027594 0.024829 0.013281 0.000888 0.217273 0.012379 2.950760
0.703820 0.027598 0.024780 0.013292 0.000889 0.217233 0.012389 2.953454
0.703843 0.027560 0.024775 0.013292 0.000884 0.217246 0.012401 2.956174
0.703947 0.027475 0.024719 0.013302 0.000887 0.217259 0.012411 2.958900
0.703924 0.027549 0.024746 0.013237 0.000898 0.217222 0.012424 2.961590
0.703903 0.027577 0.024723 0.013257 0.000904 0.217205 0.012432 2.964283
0.703955 0.027499 0.024702 0.013322 0.000907 0.217172 0.012443 2.967015
0.703962 0.027465 0.024639 0.013359 0.000900 0.217222 0.012454 2.969744
0.703953 0.027481 0.024575 0.013354 0.000895 0.217275 0.012467 2.972410
0.703987 0.027529 0.024579 0.013288 0.000894 0.217243 0.012480 2.975043
0.704126 0.027433 0.024600 0.013284 0.000896 0.217164 0.012496 2.977753
0.704179 0.027466 0.024560 0.013314 0.000895 0.217082 0.012504 2.980444
0.704193 0.027470 0.024561 0.013353 0.000889 0.217017 0.012516 2.983168
0.704210 0.027562 0.024478 0.013356 0.000890 0.216980 0.012525 2.985791
0.704285 0.027517 0.024456 0.013379 0.000887 0.216935 0.012543 2.988488
0.704318 0.027461 0.024484 0.013426 0.000888 0.216873 0.012550 2.991227
0.704336 0.027482 0.024454 0.013414 0.000890 0.216864 0.012561 2.993915
0.704331 0.027528 0.024402 0.013422 0.000897 0.216853 0.012569 2.996614
0.704362 0.027460 0.024444 0.013435 0.000900 0.216821 0.012579 2.999372
0.704394 0.027423 0.024414 0.013400 0.000905 0.216875 0.012589 3.002101
0.704468 0.027412 0.024425 0.013371 0.000902 0.216822 0.012600 3.004776
0.704451 0.027347 0.024491 0.013399 0.000907 0.216790 0.012615 3.007535
0.704468 0.027297 0.024505 0.013413 0.000903 0.216786 0.012629 3.010267
0.704518 0.027336 0.024563 0.013409 0.000897 0.216635 0.012642 3.012975
0.704540 0.027336 0.024529 0.013352 0.000896 0.216697 0.012651 3.015677
0.704498 0.027415 0.024507 0.013328 0.000892 0.216698 0.012662 3.018337
0.704593 0.027394 0.024478 0.013333 0.000894 0.216638 0.012671 3.021037
0.704568 0.027437 0.024483 0.013271 0.000889 0.216670 0.012682 3.023744
0.704634 0.027449 0.024337 0.013297 0.000898 0.216692 0.012693 3.026394
0.704609 0.027464 0.024359 0.013276 0.000900 0.216689 0.012703 3.029070
0.704595 0.027617 0.024309 0.013270 0.000896 0.216596 0.012717 3.031681
0.704650 0.027648 0.024322 0.013217 0.000900 0.216532 0.012731 3.034337
0.704599 0.027654 0.024277 0.013227 0.000894 0.216603 0.012746 3.037008
0.704581 0.027656 0.024317 0.013219 0.000892 0.216580 0.012756 3.039763
0.704507 0.027705 0.024391 0.013178 0.000902 0.216550 0.012766 3.042450
0.704587 0.027686 0.024385 0.013190 0.000907 0.216469 0.012776 3.045140
0.704526 0.027703 0.024416 0.013175 0.000902 0.216492 0.012786 3.047830
0.704469 0.027761 0.024433 0.013184 0.000901 0.216456 0.012795 3.050560
0.704399 0.027832 0.024444 0.013190 0.000892 0.216439 0.012805 3.053227
0.704412 0.027841 0.024468 0.013174 0.000894 0.216395 0.012816 3.055940
0.704421 0.027825 0.024491 0.013223 0.000902 0.216312 0.012825 3.058668
0.704389 0.027833 0.024502 0.013266 0.000906 0.216269 0.012836 3.061409
0.704349 0.027777 0.024543 0.013312 0.000895 0.216276 0.012848 3.064160
0.704412 0.027719 0.024576 0.013319 0.000894 0.216223 0.012857 3.066889
0.704392 0.027797 0.024502 0.013287 0.000902 0.216251 0.012868 3.069530
0.704377 0.027822 0.024484 0.013278 0.000894 0.216262 0.012882 3.072236
0.704430 0.027837 0.024536 0.013284 0.000891 0.216127 0.012894 3.074947
0.704469 0.027819 0.024548 0.013299 0.000892 0.216071 0.012901 3.077652
0.704440 0.027751 0.024648 0.013310 0.000896 0.216046 0.012909 3.080422
