0.349597 0.063462 0.056281 0.032507 0.002072 0.490073 0.006009 1.598101
0.351868 0.061225 0.056237 0.032372 0.002081 0.490179 0.006038 1.604175
0.355032 0.058284 0.056158 0.032133 0.002085 0.490247 0.006062 1.610147
0.358616 0.055143 0.055909 0.031772 0.002101 0.490368 0.006091 1.615832
0.362408 0.052144 0.055403 0.031336 0.002104 0.490487 0.006118 1.621085
0.366427 0.049195 0.054781 0.030795 0.002112 0.490547 0.006143 1.626068
0.370771 0.046409 0.053928 0.030192 0.002107 0.490418 0.006176 1.630658
0.375365 0.043635 0.053046 0.029537 0.002093 0.490122 0.006203 1.635086
0.379947 0.041041 0.052091 0.028856 0.002072 0.489764 0.006228 1.639238
0.384686 0.038533 0.051016 0.028217 0.002075 0.489226 0.006247 1.643215
0.389508 0.036214 0.049905 0.027453 0.002056 0.488588 0.006277 1.646886
0.394290 0.034057 0.048615 0.026670 0.002052 0.488009 0.006307 1.650341
0.399114 0.032073 0.047363 0.025862 0.002031 0.487220 0.006336 1.653567
0.403993 0.030219 0.045969 0.025083 0.002000 0.486368 0.006369 1.656603
0.408935 0.028449 0.044619 0.024302 0.001979 0.485324 0.006393 1.659482
0.413914 0.026845 0.043342 0.023465 0.001973 0.484042 0.006419 1.662151
0.418971 0.025348 0.042026 0.022713 0.001967 0.482534 0.006441 1.664713
0.424053 0.023890 0.040670 0.021908 0.001942 0.481070 0.006467 1.667162
0.429021 0.022565 0.039337 0.021182 0.001916 0.479484 0.006497 1.669463
0.434134 0.021303 0.037980 0.020424 0.001901 0.477738 0.006520 1.671624
0.439285 0.020119 0.036664 0.019711 0.001876 0.475800 0.006544 1.673664
0.444396 0.019116 0.035353 0.018944 0.001856 0.473766 0.006572 1.675543
0.449521 0.018098 0.034152 0.018187 0.001835 0.471608 0.006597 1.677381
0.454596 0.017223 0.032881 0.017478 0.001814 0.469392 0.006615 1.679052
0.459688 0.016297 0.031733 0.016778 0.001782 0.467079 0.006643 1.680736
0.464691 0.015469 0.030549 0.016178 0.001762 0.464687 0.006664 1.682337
0.469733 0.014718 0.029370 0.015568 0.001731 0.462202 0.006678 1.683822
0.474796 0.013966 0.028295 0.014988 0.001703 0.459554 0.006699 1.685258
0.479931 0.013282 0.027265 0.014403 0.001676 0.456722 0.006721 1.686612
0.485001 0.012708 0.026211 0.013789 0.001653 0.453899 0.006740 1.687868
0.490033 0.012108 0.025179 0.013229 0.001627 0.451065 0.006759 1.689093
0.495053 0.011551 0.024232 0.012683 0.001600 0.448099 0.006781 1.690270
0.500039 0.011059 0.023305 0.012143 0.001573 0.445078 0.006803 1.691399
0.505019 0.010562 0.022342 0.011652 0.001538 0.442063 0.006825 1.692479
0.509888 0.010145 0.021489 0.011199 0.001509 0.438923 0.006847 1.693505
0.514789 0.009699 0.020639 0.010772 0.001479 0.435757 0.006864 1.694511
0.519649 0.009320 0.019826 0.010318 0.001440 0.432566 0.006883 1.695433
0.524556 0.008968 0.019007 0.009900 0.001412 0.429261 0.006898 1.696308
0.529303 0.008631 0.018226 0.009462 0.001387 0.426073 0.006918 1.697163
0.534068 0.008312 0.017590 0.009071 0.001354 0.422670 0.006935 1.697984
0.538791 0.007997 0.016925 0.008680 0.001324 0.419332 0.006952 1.698790
0.543498 0.007719 0.016258 0.008307 0.001285 0.415965 0.006968 1.699556
0.548145 0.007433 0.015613 0.007957 0.001261 0.412610 0.006982 1.700300
0.552822 0.007151 0.015019 0.007664 0.001233 0.409113 0.006998 1.701052
0.557417 0.006922 0.014393 0.007363 0.001202 0.405685 0.007018 1.701741
0.562017 0.006699 0.013859 0.007074 0.001167 0.402153 0.007031 1.702413
0.566617 0.006506 0.013328 0.006782 0.001152 0.398575 0.007041 1.703051
0.571137 0.006323 0.012784 0.006551 0.001132 0.395013 0.007060 1.703676
0.575605 0.006132 0.012278 0.006318 0.001102 0.391487 0.007080 1.704312
0.580109 0.005957 0.011819 0.006068 0.001082 0.387871 0.007093 1.704894
0.584494 0.005788 0.011379 0.005857 0.001056 0.384320 0.007105 1.705474
0.588853 0.005610 0.011001 0.005649 0.001026 0.380740 0.007121 1.706050
0.593268 0.005465 0.010599 0.005423 0.001002 0.377109 0.007135 1.706586
0.597577 0.005318 0.010200 0.005227 0.000977 0.373555 0.007146 1.707102
0.601818 0.005165 0.009814 0.005030 0.000948 0.370065 0.007160 1.707631
0.606048 0.005042 0.009458 0.004842 0.000934 0.366508 0.007169 1.708132
0.610275 0.004889 0.009130 0.004685 0.000912 0.362929 0.007180 1.708646
0.614448 0.004735 0.008788 0.004535 0.000881 0.359421 0.007192 1.709127
0.618595 0.004607 0.008515 0.004349 0.000860 0.355872 0.007202 1.709586
0.622712 0.004476 0.008189 0.004188 0.000833 0.352384 0.007218 1.710022
0.626717 0.004380 0.007900 0.004025 0.000807 0.348944 0.007228 1.710441
0.630703 0.004286 0.007636 0.003892 0.000778 0.345465 0.007240 1.710848
0.634716 0.004203 0.007392 0.003727 0.000755 0.341955 0.007253 1.711252
0.638671 0.004086 0.007168 0.003596 0.000734 0.338482 0.007262 1.711672
0.642486 0.004004 0.006914 0.003468 0.000710 0.335144 0.007273 1.712060
0.646427 0.003918 0.006657 0.003361 0.000692 0.331659 0.007286 1.712446
0.650294 0.003802 0.006424 0.003252 0.000672 0.328259 0.007297 1.712838
0.654075 0.003754 0.006236 0.003149 0.000655 0.324826 0.007306 1.713195
0.657852 0.003681 0.006037 0.003042 0.000632 0.321440 0.007316 1.713558
0.661564 0.003612 0.005850 0.002985 0.000611 0.318056 0.007322 1.713918
0.665272 0.003512 0.005692 0.002890 0.000592 0.314710 0.007332 1.714277
0.668912 0.003483 0.005535 0.002800 0.000578 0.311354 0.007339 1.714617
0.672610 0.003419 0.005358 0.002701 0.000560 0.308007 0.007346 1.714948
0.676109 0.003377 0.005170 0.002641 0.000545 0.304802 0.007355 1.715268
0.679681 0.003341 0.005012 0.002564 0.000533 0.301509 0.007360 1.715586
0.683131 0.003237 0.004889 0.002504 0.000525 0.298352 0.007363 1.715933
0.686633 0.003200 0.004760 0.002429 0.000510 0.295097 0.007372 1.716232
0.690057 0.003137 0.004646 0.002348 0.000499 0.291932 0.007380 1.716538
0.693450 0.003103 0.004519 0.002292 0.000490 0.288758 0.007388 1.716837
0.696783 0.003068 0.004393 0.002210 0.000478 0.285674 0.007394 1.717126
0.700110 0.003003 0.004278 0.002152 0.000467 0.282592 0.007399 1.717422
0.703374 0.002959 0.004170 0.002105 0.000451 0.279534 0.007407 1.717724
0.706573 0.002907 0.004069 0.002051 0.000442 0.276546 0.007412 1.718021
0.709801 0.002890 0.003982 0.002000 0.000425 0.273483 0.007420 1.718300
0.712904 0.002855 0.003890 0.001946 0.000417 0.270564 0.007425 1.718570
0.715957 0.002858 0.003770 0.001910 0.000405 0.267669 0.007433 1.718833
0.719196 0.002801 0.003679 0.001883 0.000389 0.264611 0.007440 1.719114
0.722285 0.002739 0.003617 0.001851 0.000375 0.261684 0.007449 1.719402
0.725317 0.002711 0.003520 0.001805 0.000366 0.258828 0.007453 1.719661
0.728353 0.002651 0.003459 0.001771 0.000353 0.255954 0.007459 1.719933
0.731269 0.002626 0.003397 0.001731 0.000344 0.253171 0.007464 1.720181
0.734168 0.002578 0.003327 0.001687 0.000334 0.250437 0.007469 1.720444
0.737026 0.002527 0.003260 0.001668 0.000332 0.247715 0.007472 1.720699
0.739925 0.002483 0.003192 0.001623 0.000325 0.244975 0.007476 1.720956
0.742758 0.002461 0.003117 0.001597 0.000316 0.242273 0.007479 1.721184
0.745631 0.002439 0.003072 0.001574 0.000309 0.239492 0.007483 1.721439
0.748386 0.002411 0.003010 0.001539 0.000304 0.236864 0.007486 1.721673
0.751175 0.002385 0.002942 0.001523 0.000296 0.234189 0.007491 1.721915
0.753796 0.002375 0.002876 0.001496 0.000286 0.231674 0.007496 1.722135
0.756520 0.002328 0.002828 0.001472 0.000282 0.229070 0.007501 1.722373
0.759185 0.002315 0.002747 0.001460 0.000277 0.226513 0.007504 1.722589
0.761850 0.002290 0.002685 0.001431 0.000271 0.223966 0.007507 1.722808
0.764420 0.002279 0.002631 0.001419 0.000262 0.221477 0.007512 1.723028
0.767032 0.002252 0.002583 0.001387 0.000258 0.218974 0.007514 1.723232
0.769549 0.002245 0.002539 0.001360 0.000256 0.216535 0.007516 1.723440
0.772015 0.002202 0.002506 0.001346 0.000252 0.214159 0.007520 1.723668
0.774512 0.002143 0.002477 0.001328 0.000246 0.211771 0.007525 1.723889
0.777015 0.002119 0.002438 0.001320 0.000238 0.209343 0.007528 1.724112
0.779383 0.002091 0.002425 0.001307 0.000233 0.207030 0.007532 1.724325
0.781661 0.002070 0.002390 0.001279 0.000232 0.204836 0.007533 1.724527
0.784001 0.002040 0.002368 0.001242 0.000230 0.202584 0.007536 1.724733
0.786304 0.002003 0.002348 0.001225 0.000225 0.200357 0.007538 1.724944
0.788665 0.001982 0.002302 0.001211 0.000220 0.198081 0.007540 1.725126
0.790929 0.001968 0.002276 0.001189 0.000213 0.195883 0.007543 1.725314
0.793114 0.001943 0.002236 0.001172 0.000204 0.193786 0.007544 1.725517
0.795377 0.001894 0.002218 0.001156 0.000202 0.191607 0.007546 1.725723
0.797615 0.001874 0.002174 0.001151 0.000199 0.189440 0.007548 1.725917
0.799800 0.001860 0.002156 0.001127 0.000193 0.187313 0.007551 1.726103
0.801991 0.001846 0.002130 0.001111 0.000187 0.185181 0.007555 1.726276
0.804164 0.001842 0.002102 0.001092 0.000181 0.183058 0.007560 1.726458
0.806280 0.001802 0.002086 0.001086 0.000175 0.181006 0.007565 1.726654
0.808325 0.001794 0.002042 0.001068 0.000172 0.179033 0.007567 1.726830
0.810421 0.001780 0.002021 0.001043 0.000170 0.176996 0.007570 1.727004
0.812491 0.001759 0.001993 0.001026 0.000166 0.174993 0.007572 1.727175
0.814522 0.001738 0.001960 0.001013 0.000166 0.173026 0.007574 1.727353
0.816474 0.001724 0.001939 0.000998 0.000163 0.171125 0.007578 1.727524
0.818463 0.001713 0.001909 0.000989 0.000161 0.169186 0.007580 1.727695
0.820447 0.001707 0.001867 0.000969 0.000156 0.167273 0.007581 1.727848
0.822358 0.001704 0.001846 0.000956 0.000152 0.165401 0.007582 1.728006
0.824167 0.001696 0.001817 0.000945 0.000147 0.163641 0.007587 1.728172
0.826099 0.001681 0.001800 0.000940 0.000139 0.161752 0.007589 1.728345
0.827956 0.001679 0.001774 0.000937 0.000135 0.159929 0.007590 1.728510
0.829849 0.001665 0.001770 0.000929 0.000133 0.158063 0.007591 1.728684
0.831636 0.001657 0.001753 0.000923 0.000132 0.156307 0.007592 1.728845
0.833390 0.001654 0.001722 0.000921 0.000130 0.154588 0.007593 1.729006
0.835159 0.001642 0.001688 0.000910 0.000127 0.152878 0.007596 1.729161
0.836871 0.001616 0.001674 0.000921 0.000125 0.151195 0.007597 1.729329
0.838585 0.001594 0.001646 0.000904 0.000121 0.149551 0.007600 1.729479
0.840329 0.001595 0.001635 0.000898 0.000118 0.147823 0.007601 1.729629
0.841988 0.001596 0.001607 0.000887 0.000114 0.146204 0.007604 1.729783
0.843632 0.001594 0.001583 0.000876 0.000114 0.144597 0.007604 1.729931
0.845320 0.001585 0.001570 0.000873 0.000114 0.142934 0.007604 1.730086
0.846943 0.001582 0.001537 0.000873 0.000109 0.141348 0.007607 1.730232
0.848552 0.001578 0.001533 0.000862 0.000106 0.139760 0.007610 1.730386
0.850164 0.001563 0.001527 0.000844 0.000104 0.138185 0.007612 1.730536
0.851751 0.001561 0.001522 0.000833 0.000102 0.136616 0.007614 1.730676
0.853297 0.001552 0.001517 0.000833 0.000106 0.135081 0.007615 1.730831
0.854817 0.001547 0.001497 0.000836 0.000105 0.133582 0.007615 1.730982
0.856315 0.001549 0.001481 0.000829 0.000103 0.132106 0.007617 1.731127
0.857867 0.001525 0.001459 0.000827 0.000100 0.130606 0.007617 1.731278
0.859341 0.001507 0.001457 0.000823 0.000100 0.129153 0.007618 1.731432
0.860779 0.001488 0.001462 0.000829 0.000098 0.127724 0.007619 1.731593
0.862256 0.001475 0.001452 0.000834 0.000095 0.126266 0.007621 1.731747
0.863688 0.001491 0.001416 0.000828 0.000091 0.124861 0.007624 1.731879
0.865087 0.001487 0.001429 0.000817 0.000091 0.123461 0.007626 1.732029
0.866419 0.001498 0.001408 0.000800 0.000090 0.122159 0.007627 1.732176
0.867773 0.001501 0.001391 0.000796 0.000090 0.120820 0.007627 1.732316
0.869112 0.001477 0.001383 0.000800 0.000088 0.119510 0.007630 1.732469
0.870449 0.001460 0.001374 0.000794 0.000086 0.118205 0.007632 1.732609
0.871766 0.001445 0.001361 0.000784 0.000086 0.116924 0.007633 1.732749
0.873035 0.001448 0.001349 0.000771 0.000083 0.115677 0.007635 1.732892
0.874229 0.001432 0.001349 0.000764 0.000083 0.114507 0.007636 1.733041
0.875462 0.001437 0.001345 0.000750 0.000080 0.113286 0.007639 1.733171
0.876666 0.001440 0.001332 0.000747 0.000079 0.112098 0.007640 1.733305
0.877882 0.001433 0.001315 0.000752 0.000075 0.110901 0.007642 1.733452
0.878999 0.001445 0.001320 0.000735 0.000074 0.109785 0.007642 1.733583
0.880202 0.001463 0.001308 0.000732 0.000071 0.108582 0.007643 1.733715
0.881375 0.001464 0.001312 0.000734 0.000073 0.107397 0.007644 1.733863
0.882520 0.001444 0.001318 0.000719 0.000071 0.106283 0.007645 1.734010
0.883664 0.001430 0.001326 0.000715 0.000071 0.105148 0.007645 1.734153
0.884743 0.001425 0.001310 0.000704 0.000071 0.104099 0.007647 1.734290
0.885819 0.001401 0.001319 0.000710 0.000069 0.103031 0.007648 1.734438
0.886909 0.001392 0.001319 0.000707 0.000069 0.101956 0.007648 1.734576
0.887962 0.001395 0.001308 0.000711 0.000066 0.100906 0.007650 1.734705
0.888969 0.001389 0.001303 0.000720 0.000065 0.099902 0.007651 1.734843
0.889979 0.001383 0.001324 0.000719 0.000064 0.098877 0.007654 1.734989
0.890978 0.001385 0.001311 0.000723 0.000062 0.097885 0.007656 1.735128
0.891973 0.001392 0.001302 0.000727 0.000064 0.096885 0.007656 1.735267
0.892929 0.001393 0.001290 0.000735 0.000064 0.095932 0.007656 1.735405
0.893872 0.001385 0.001295 0.000726 0.000063 0.095001 0.007657 1.735545
0.894824 0.001386 0.001291 0.000718 0.000062 0.094060 0.007658 1.735678
0.895748 0.001386 0.001293 0.000722 0.000061 0.093131 0.007658 1.735816
0.896676 0.001396 0.001279 0.000717 0.000061 0.092212 0.007658 1.735944
0.897604 0.001395 0.001288 0.000706 0.000061 0.091285 0.007660 1.736075
0.898465 0.001399 0.001300 0.000709 0.000061 0.090402 0.007663 1.736223
0.899345 0.001402 0.001289 0.000697 0.000061 0.089542 0.007663 1.736342
0.900169 0.001389 0.001298 0.000701 0.000061 0.088718 0.007663 1.736498
0.901009 0.001383 0.001299 0.000704 0.000059 0.087882 0.007664 1.736640
0.901833 0.001386 0.001287 0.000701 0.000059 0.087068 0.007665 1.736771
0.902636 0.001392 0.001287 0.000701 0.000058 0.086260 0.007666 1.736909
0.903388 0.001411 0.001297 0.000701 0.000058 0.085478 0.007666 1.737052
0.904158 0.001413 0.001289 0.000705 0.000055 0.084712 0.007669 1.737189
0.904966 0.001418 0.001275 0.000687 0.000053 0.083930 0.007670 1.737317
0.905747 0.001410 0.001287 0.000692 0.000052 0.083141 0.007670 1.737466
0.906474 0.001406 0.001275 0.000694 0.000052 0.082428 0.007671 1.737604
0.907214 0.001398 0.001287 0.000694 0.000053 0.081683 0.007671 1.737746
0.907929 0.001373 0.001278 0.000698 0.000052 0.080999 0.007671 1.737894
0.908655 0.001364 0.001265 0.000688 0.000054 0.080303 0.007671 1.738031
0.909386 0.001355 0.001260 0.000690 0.000054 0.079583 0.007671 1.738179
0.910065 0.001365 0.001252 0.000689 0.000053 0.078903 0.007672 1.738311
0.910758 0.001363 0.001241 0.000683 0.000052 0.078232 0.007672 1.738440
0.911435 0.001365 0.001226 0.000677 0.000049 0.077576 0.007672 1.738564
0.912141 0.001361 0.001212 0.000684 0.000049 0.076880 0.007674 1.738695
0.912811 0.001357 0.001218 0.000678 0.000050 0.076212 0.007674 1.738832
0.913470 0.001355 0.001215 0.000673 0.000049 0.075563 0.007675 1.738961
0.914093 0.001366 0.001216 0.000677 0.000050 0.074922 0.007676 1.739099
0.914703 0.001356 0.001216 0.000686 0.000048 0.074313 0.007677 1.739245
0.915312 0.001361 0.001203 0.000684 0.000049 0.073713 0.007678 1.739375
0.915860 0.001373 0.001202 0.000689 0.000049 0.073149 0.007679 1.739502
0.916435 0.001365 0.001209 0.000685 0.000050 0.072576 0.007680 1.739641
0.917008 0.001386 0.001193 0.000673 0.000047 0.072012 0.007681 1.739762
0.917575 0.001391 0.001201 0.000662 0.000049 0.071440 0.007682 1.739897
0.918152 0.001410 0.001203 0.000664 0.000048 0.070842 0.007682 1.740027
0.918697 0.001408 0.001209 0.000661 0.000050 0.070293 0.007682 1.740162
0.919237 0.001406 0.001231 0.000651 0.000053 0.069740 0.007682 1.740309
0.919752 0.001415 0.001243 0.000649 0.000052 0.069207 0.007683 1.740443
0.920274 0.001412 0.001258 0.000652 0.000052 0.068668 0.007683 1.740590
0.920763 0.001412 0.001263 0.000661 0.000051 0.068166 0.007684 1.740733
0.921231 0.001408 0.001271 0.000660 0.000050 0.067695 0.007686 1.740878
0.921675 0.001403 0.001272 0.000672 0.000049 0.067242 0.007687 1.741028
0.922137 0.001402 0.001282 0.000658 0.000051 0.066782 0.007688 1.741166
0.922577 0.001387 0.001292 0.000657 0.000053 0.066345 0.007688 1.741316
0.923020 0.001393 0.001284 0.000659 0.000051 0.065903 0.007689 1.741456
0.923462 0.001394 0.001277 0.000660 0.000049 0.065468 0.007690 1.741587
0.923884 0.001380 0.001259 0.000658 0.000047 0.065080 0.007691 1.741726
0.924308 0.001374 0.001248 0.000660 0.000048 0.064671 0.007692 1.741859
0.924775 0.001392 0.001237 0.000655 0.000049 0.064199 0.007693 1.741977
0.925197 0.001397 0.001237 0.000653 0.000046 0.063776 0.007694 1.742114
0.925609 0.001397 0.001242 0.000645 0.000045 0.063366 0.007696 1.742253
0.926019 0.001387 0.001256 0.000634 0.000046 0.062961 0.007696 1.742394
0.926408 0.001402 0.001258 0.000628 0.000046 0.062560 0.007698 1.742527
0.926786 0.001411 0.001266 0.000626 0.000046 0.062165 0.007699 1.742667
0.927195 0.001397 0.001276 0.000626 0.000046 0.061761 0.007699 1.742809
0.927584 0.001402 0.001274 0.000636 0.000046 0.061359 0.007699 1.742954
0.927916 0.001432 0.001264 0.000635 0.000046 0.061006 0.007700 1.743083
0.928259 0.001426 0.001274 0.000635 0.000048 0.060657 0.007700 1.743230
0.928633 0.001412 0.001281 0.000655 0.000049 0.060270 0.007700 1.743386
0.928938 0.001432 0.001274 0.000644 0.000048 0.059963 0.007700 1.743511
0.929274 0.001438 0.001266 0.000635 0.000048 0.059637 0.007701 1.743641
0.929599 0.001433 0.001272 0.000640 0.000048 0.059307 0.007702 1.743782
0.929898 0.001428 0.001261 0.000643 0.000046 0.059021 0.007702 1.743926
0.930218 0.001430 0.001268 0.000646 0.000045 0.058689 0.007703 1.744069
0.930494 0.001443 0.001271 0.000638 0.000044 0.058405 0.007704 1.744198
0.930789 0.001455 0.001279 0.000635 0.000043 0.058093 0.007705 1.744344
0.931073 0.001467 0.001272 0.000639 0.000044 0.057801 0.007705 1.744486
0.931347 0.001468 0.001274 0.000644 0.000042 0.057520 0.007705 1.744614
0.931635 0.001476 0.001266 0.000648 0.000041 0.057227 0.007706 1.744747
0.931877 0.001479 0.001264 0.000644 0.000040 0.056991 0.007706 1.744891
0.932135 0.001496 0.001263 0.000648 0.000042 0.056709 0.007706 1.745031
0.932387 0.001484 0.001259 0.000670 0.000043 0.056449 0.007707 1.745187
0.932657 0.001475 0.001276 0.000665 0.000043 0.056177 0.007707 1.745341
0.932909 0.001484 0.001283 0.000660 0.000044 0.055912 0.007707 1.745476
0.933138 0.001483 0.001285 0.000660 0.000044 0.055680 0.007708 1.745619
0.933376 0.001483 0.001292 0.000656 0.000044 0.055440 0.007708 1.745763
0.933615 0.001482 0.001289 0.000652 0.000044 0.055211 0.007709 1.745907
0.933847 0.001479 0.001301 0.000650 0.000043 0.054971 0.007710 1.746053
0.934069 0.001477 0.001299 0.000657 0.000043 0.054744 0.007711 1.746199
0.934276 0.001480 0.001290 0.000659 0.000042 0.054543 0.007711 1.746344
0.934497 0.001496 0.001285 0.000658 0.000042 0.054312 0.007711 1.746479
0.934701 0.001505 0.001282 0.000659 0.000042 0.054100 0.007712 1.746624
0.934881 0.001515 0.001298 0.000655 0.000042 0.053896 0.007712 1.746771
0.935068 0.001530 0.001294 0.000655 0.000043 0.053697 0.007713 1.746918
0.935271 0.001535 0.001302 0.000669 0.000043 0.053466 0.007714 1.747073
0.935449 0.001539 0.001298 0.000685 0.000041 0.053272 0.007715 1.747225
0.935630 0.001544 0.001316 0.000690 0.000041 0.053064 0.007715 1.747383
0.935795 0.001551 0.001323 0.000693 0.000043 0.052880 0.007715 1.747538
0.935970 0.001536 0.001337 0.000703 0.000042 0.052695 0.007716 1.747699
0.936142 0.001516 0.001368 0.000710 0.000042 0.052504 0.007718 1.747875
0.936322 0.001508 0.001379 0.000712 0.000044 0.052317 0.007718 1.748028
0.936495 0.001506 0.001383 0.000706 0.000044 0.052148 0.007718 1.748176
0.936638 0.001519 0.001389 0.000707 0.000044 0.051984 0.007718 1.748333
0.936812 0.001527 0.001392 0.000711 0.000041 0.051797 0.007719 1.748488
0.936980 0.001522 0.001391 0.000708 0.000041 0.051638 0.007720 1.748633
0.937142 0.001518 0.001392 0.000703 0.000044 0.051481 0.007720 1.748793
0.937286 0.001515 0.001395 0.000715 0.000043 0.051324 0.007721 1.748944
0.937443 0.001531 0.001396 0.000717 0.000039 0.051151 0.007723 1.749089
0.937565 0.001555 0.001390 0.000715 0.000039 0.051014 0.007723 1.749230
0.937708 0.001564 0.001393 0.000720 0.000039 0.050854 0.007723 1.749382
0.937861 0.001545 0.001394 0.000731 0.000039 0.050706 0.007723 1.749545
0.938004 0.001536 0.001400 0.000720 0.000039 0.050577 0.007724 1.749702
0.938139 0.001558 0.001382 0.000724 0.000038 0.050433 0.007725 1.749828
0.938269 0.001541 0.001389 0.000739 0.000036 0.050298 0.007726 1.749988
0.938378 0.001554 0.001402 0.000727 0.000038 0.050175 0.007727 1.750143
0.938510 0.001541 0.001406 0.000730 0.000039 0.050046 0.007727 1.750306
0.938635 0.001525 0.001401 0.000726 0.000039 0.049947 0.007729 1.750462
0.938744 0.001534 0.001410 0.000721 0.000039 0.049825 0.007729 1.750610
0.938855 0.001537 0.001421 0.000725 0.000040 0.049692 0.007729 1.750768
0.938961 0.001539 0.001412 0.000728 0.000040 0.049589 0.007731 1.750922
0.939043 0.001557 0.001407 0.000731 0.000040 0.049491 0.007731 1.751076
0.939133 0.001555 0.001385 0.000730 0.000041 0.049423 0.007732 1.751227
0.939229 0.001572 0.001381 0.000721 0.000042 0.049321 0.007733 1.751371
0.939327 0.001578 0.001373 0.000718 0.000040 0.049229 0.007734 1.751517
0.939410 0.001589 0.001376 0.000720 0.000039 0.049131 0.007734 1.751671
0.939524 0.001553 0.001392 0.000723 0.000038 0.049034 0.007735 1.751848
0.939613 0.001575 0.001381 0.000720 0.000036 0.048938 0.007735 1.751984
0.939700 0.001576 0.001381 0.000725 0.000036 0.048847 0.007735 1.752140
0.939785 0.001584 0.001386 0.000730 0.000035 0.048743 0.007736 1.752293
0.939887 0.001572 0.001390 0.000733 0.000035 0.048645 0.007736 1.752447
0.940006 0.001571 0.001386 0.000729 0.000037 0.048533 0.007736 1.752602
0.940061 0.001580 0.001389 0.000722 0.000039 0.048472 0.007736 1.752760
0.940111 0.001592 0.001399 0.000727 0.000040 0.048393 0.007737 1.752923
0.940169 0.001603 0.001419 0.000728 0.000043 0.048302 0.007737 1.753085
0.940237 0.001613 0.001420 0.000737 0.000042 0.048213 0.007737 1.753245
0.940286 0.001626 0.001427 0.000736 0.000043 0.048145 0.007738 1.753407
0.940337 0.001644 0.001440 0.000730 0.000043 0.048068 0.007739 1.753563
0.940402 0.001645 0.001450 0.000742 0.000045 0.047978 0.007739 1.753727
0.940476 0.001653 0.001445 0.000739 0.000044 0.047903 0.007739 1.753888
0.940547 0.001646 0.001457 0.000761 0.000043 0.047807 0.007739 1.754064
0.940610 0.001657 0.001458 0.000754 0.000044 0.047738 0.007739 1.754215
0.940646 0.001677 0.001464 0.000757 0.000044 0.047673 0.007740 1.754368
0.940682 0.001670 0.001474 0.000775 0.000043 0.047615 0.007740 1.754550
0.940725 0.001682 0.001479 0.000786 0.000044 0.047543 0.007741 1.754714
0.940747 0.001694 0.001503 0.000787 0.000046 0.047482 0.007741 1.754894
0.940803 0.001707 0.001488 0.000798 0.000045 0.047416 0.007741 1.755057
0.940853 0.001711 0.001476 0.000812 0.000041 0.047363 0.007743 1.755233
0.940878 0.001718 0.001480 0.000815 0.000044 0.047321 0.007744 1.755404
0.940955 0.001702 0.001484 0.000822 0.000046 0.047247 0.007744 1.755571
0.940988 0.001710 0.001486 0.000828 0.000046 0.047197 0.007744 1.755734
0.941020 0.001729 0.001505 0.000826 0.000048 0.047128 0.007744 1.755904
0.941056 0.001728 0.001496 0.000831 0.000047 0.047096 0.007745 1.756074
0.941092 0.001739 0.001509 0.000819 0.000048 0.047047 0.007746 1.756239
0.941094 0.001764 0.001514 0.000819 0.000049 0.047014 0.007747 1.756415
0.941100 0.001799 0.001521 0.000817 0.000051 0.046964 0.007747 1.756581
0.941131 0.001786 0.001534 0.000816 0.000051 0.046934 0.007748 1.756772
0.941143 0.001791 0.001533 0.000826 0.000049 0.046910 0.007749 1.756937
0.941180 0.001802 0.001532 0.000816 0.000050 0.046871 0.007749 1.757102
0.941211 0.001806 0.001519 0.000834 0.000050 0.046831 0.007750 1.757277
0.941217 0.001816 0.001527 0.000836 0.000050 0.046803 0.007750 1.757451
0.941238 0.001832 0.001519 0.000847 0.000048 0.046764 0.007751 1.757624
0.941257 0.001830 0.001514 0.000845 0.000047 0.046754 0.007752 1.757795
0.941281 0.001813 0.001521 0.000853 0.000047 0.046733 0.007753 1.757982
0.941320 0.001789 0.001539 0.000860 0.000048 0.046691 0.007753 1.758174
0.941329 0.001794 0.001549 0.000862 0.000049 0.046663 0.007754 1.758354
0.941369 0.001792 0.001540 0.000857 0.000049 0.046638 0.007756 1.758517
0.941402 0.001761 0.001556 0.000863 0.000047 0.046616 0.007757 1.758704
0.941455 0.001747 0.001562 0.000859 0.000048 0.046571 0.007758 1.758875
0.941493 0.001752 0.001557 0.000849 0.000050 0.046543 0.007758 1.759037
0.941543 0.001731 0.001550 0.000848 0.000048 0.046521 0.007758 1.759208
0.941591 0.001718 0.001540 0.000856 0.000047 0.046491 0.007759 1.759376
0.941604 0.001708 0.001550 0.000862 0.000046 0.046472 0.007759 1.759555
0.941615 0.001733 0.001527 0.000861 0.000046 0.046460 0.007759 1.759704
0.941650 0.001729 0.001515 0.000859 0.000048 0.046441 0.007759 1.759877
0.941683 0.001721 0.001515 0.000858 0.000050 0.046414 0.007760 1.760051
0.941701 0.001735 0.001516 0.000853 0.000050 0.046383 0.007761 1.760218
0.941709 0.001739 0.001513 0.000854 0.000049 0.046374 0.007762 1.760385
0.941712 0.001748 0.001513 0.000863 0.000050 0.046352 0.007762 1.760565
0.941725 0.001751 0.001507 0.000859 0.000050 0.046346 0.007762 1.760724
0.941781 0.001720 0.001510 0.000851 0.000051 0.046324 0.007763 1.760897
0.941775 0.001727 0.001527 0.000855 0.000052 0.046301 0.007763 1.761072
0.941822 0.001708 0.001516 0.000854 0.000054 0.046283 0.007764 1.761242
0.941844 0.001714 0.001513 0.000845 0.000053 0.046267 0.007764 1.761396
0.941865 0.001729 0.001515 0.000827 0.000055 0.046244 0.007765 1.761555
0.941907 0.001729 0.001516 0.000823 0.000054 0.046206 0.007765 1.761720
0.941922 0.001749 0.001527 0.000802 0.000054 0.046180 0.007766 1.761875
0.941936 0.001755 0.001526 0.000796 0.000055 0.046164 0.007767 1.762046
0.941944 0.001754 0.001522 0.000799 0.000053 0.046160 0.007768 1.762215
0.941971 0.001755 0.001537 0.000804 0.000050 0.046112 0.007770 1.762387
0.941987 0.001756 0.001543 0.000811 0.000052 0.046079 0.007771 1.762562
0.941994 0.001742 0.001548 0.000812 0.000051 0.046082 0.007771 1.762737
0.942001 0.001753 0.001547 0.000800 0.000050 0.046079 0.007771 1.762902
0.942030 0.001754 0.001542 0.000792 0.000048 0.046062 0.007772 1.763057
0.942065 0.001740 0.001554 0.000802 0.000050 0.046016 0.007773 1.763230
0.942085 0.001741 0.001550 0.000804 0.000052 0.045995 0.007773 1.763404
0.942095 0.001752 0.001551 0.000800 0.000052 0.045976 0.007774 1.763563
0.942116 0.001742 0.001553 0.000797 0.000052 0.045964 0.007776 1.763737
0.942142 0.001753 0.001540 0.000794 0.000051 0.045942 0.007777 1.763888
0.942152 0.001749 0.001571 0.000801 0.000050 0.045900 0.007778 1.764067
0.942191 0.001741 0.001548 0.000794 0.000051 0.045898 0.007779 1.764232
0.942208 0.001744 0.001549 0.000795 0.000051 0.045874 0.007779 1.764396
0.942250 0.001726 0.001541 0.000803 0.000051 0.045849 0.007781 1.764564
0.942282 0.001710 0.001543 0.000814 0.000051 0.045818 0.007781 1.764741
0.942300 0.001701 0.001553 0.000806 0.000052 0.045806 0.007782 1.764909
0.942307 0.001685 0.001559 0.000797 0.000052 0.045817 0.007784 1.765086
0.942335 0.001677 0.001550 0.000797 0.000051 0.045806 0.007786 1.765247
0.942362 0.001664 0.001541 0.000794 0.000051 0.045801 0.007786 1.765417
0.942379 0.001674 0.001530 0.000793 0.000051 0.045786 0.007787 1.765567
0.942392 0.001671 0.001531 0.000779 0.000051 0.045790 0.007787 1.765741
0.942414 0.001668 0.001530 0.000776 0.000051 0.045774 0.007787 1.765900
0.942435 0.001665 0.001535 0.000777 0.000050 0.045751 0.007787 1.766069
0.942430 0.001667 0.001550 0.000769 0.000051 0.045745 0.007788 1.766241
0.942443 0.001663 0.001555 0.000775 0.000050 0.045725 0.007789 1.766414
0.942461 0.001664 0.001552 0.000778 0.000051 0.045704 0.007790 1.766584
0.942468 0.001677 0.001558 0.000766 0.000051 0.045691 0.007791 1.766747
0.942507 0.001675 0.001551 0.000759 0.000052 0.045666 0.007791 1.766899
0.942528 0.001646 0.001547 0.000769 0.000051 0.045667 0.007792 1.767068
0.942557 0.001634 0.001538 0.000771 0.000053 0.045654 0.007792 1.767235
0.942600 0.001622 0.001532 0.000774 0.000051 0.045627 0.007793 1.767398
0.942612 0.001606 0.001532 0.000763 0.000051 0.045641 0.007794 1.767561
0.942636 0.001604 0.001520 0.000774 0.000051 0.045621 0.007795 1.767731
0.942669 0.001585 0.001530 0.000778 0.000050 0.045594 0.007795 1.767903
0.942661 0.001601 0.001526 0.000787 0.000051 0.045578 0.007795 1.768062
0.942690 0.001598 0.001508 0.000797 0.000048 0.045562 0.007796 1.768214
0.942721 0.001596 0.001490 0.000801 0.000047 0.045548 0.007797 1.768367
0.942746 0.001606 0.001480 0.000798 0.000047 0.045524 0.007798 1.768515
0.942765 0.001606 0.001471 0.000796 0.000049 0.045516 0.007798 1.768666
0.942798 0.001600 0.001469 0.000791 0.000051 0.045492 0.007800 1.768826
0.942817 0.001590 0.001474 0.000779 0.000051 0.045489 0.007801 1.768979
0.942832 0.001582 0.001469 0.000775 0.000052 0.045489 0.007801 1.769142
0.942858 0.001570 0.001448 0.000778 0.000053 0.045492 0.007801 1.769303
0.942882 0.001578 0.001445 0.000792 0.000051 0.045451 0.007802 1.769462
0.942911 0.001581 0.001430 0.000795 0.000053 0.045427 0.007802 1.769611
0.942922 0.001572 0.001427 0.000792 0.000053 0.045430 0.007803 1.769770
0.942957 0.001566 0.001426 0.000782 0.000056 0.045410 0.007803 1.769912
0.942963 0.001588 0.001422 0.000777 0.000056 0.045391 0.007804 1.770062
0.942977 0.001572 0.001423 0.000791 0.000054 0.045379 0.007804 1.770227
0.942995 0.001576 0.001417 0.000810 0.000053 0.045344 0.007806 1.770382
0.942993 0.001587 0.001417 0.000807 0.000052 0.045337 0.007807 1.770540
0.943010 0.001581 0.001427 0.000801 0.000054 0.045320 0.007807 1.770695
0.943039 0.001568 0.001437 0.000801 0.000053 0.045295 0.007807 1.770859
0.943058 0.001577 0.001419 0.000801 0.000052 0.045287 0.007807 1.771004
0.943072 0.001558 0.001439 0.000808 0.000053 0.045262 0.007807 1.771177
0.943087 0.001571 0.001425 0.000816 0.000056 0.045238 0.007807 1.771329
0.943097 0.001590 0.001414 0.000819 0.000054 0.045217 0.007808 1.771487
0.943109 0.001580 0.001420 0.000815 0.000054 0.045213 0.007809 1.771654
0.943146 0.001574 0.001409 0.000799 0.000053 0.045209 0.007810 1.771806
0.943153 0.001570 0.001406 0.000805 0.000053 0.045203 0.007811 1.771962
0.943164 0.001582 0.001397 0.000795 0.000053 0.045198 0.007811 1.772107
0.943162 0.001594 0.001398 0.000793 0.000053 0.045190 0.007812 1.772264
0.943195 0.001573 0.001425 0.000775 0.000052 0.045167 0.007813 1.772423
0.943200 0.001585 0.001417 0.000771 0.000053 0.045161 0.007814 1.772576
0.943218 0.001597 0.001419 0.000753 0.000052 0.045146 0.007815 1.772722
0.943226 0.001600 0.001431 0.000749 0.000051 0.045127 0.007816 1.772877
0.943231 0.001614 0.001429 0.000754 0.000052 0.045104 0.007817 1.773029
0.943221 0.001615 0.001419 0.000750 0.000052 0.045124 0.007817 1.773191
0.943224 0.001606 0.001439 0.000753 0.000052 0.045108 0.007818 1.773354
0.943199 0.001609 0.001450 0.000749 0.000053 0.045121 0.007819 1.773526
0.943235 0.001600 0.001459 0.000749 0.000054 0.045084 0.007819 1.773682
0.943254 0.001594 0.001453 0.000756 0.000055 0.045069 0.007819 1.773846
0.943259 0.001608 0.001453 0.000754 0.000057 0.045051 0.007819 1.773995
0.943272 0.001605 0.001452 0.000753 0.000054 0.045045 0.007820 1.774149
0.943249 0.001626 0.001449 0.000753 0.000053 0.045049 0.007821 1.774307
0.943263 0.001606 0.001463 0.000752 0.000053 0.045043 0.007821 1.774473
0.943310 0.001576 0.001465 0.000747 0.000051 0.045030 0.007822 1.774632
0.943304 0.001574 0.001462 0.000743 0.000052 0.045042 0.007822 1.774794
0.943322 0.001580 0.001452 0.000745 0.000053 0.045027 0.007822 1.774941
0.943325 0.001585 0.001446 0.000742 0.000054 0.045027 0.007822 1.775105
0.943323 0.001606 0.001440 0.000751 0.000052 0.045005 0.007823 1.775249
0.943333 0.001620 0.001433 0.000739 0.000052 0.044998 0.007825 1.775390
0.943339 0.001631 0.001435 0.000729 0.000052 0.044989 0.007825 1.775540
0.943362 0.001601 0.001448 0.000732 0.000052 0.044978 0.007826 1.775714
0.943370 0.001607 0.001441 0.000726 0.000051 0.044977 0.007827 1.775870
0.943382 0.001605 0.001440 0.000721 0.000051 0.044975 0.007827 1.776017
0.943377 0.001615 0.001446 0.000719 0.000051 0.044965 0.007827 1.776178
0.943410 0.001589 0.001464 0.000714 0.000053 0.044944 0.007827 1.776344
0.943418 0.001586 0.001452 0.000718 0.000052 0.044948 0.007827 1.776503
0.943409 0.001584 0.001473 0.000721 0.000054 0.044931 0.007828 1.776667
0.943435 0.001578 0.001461 0.000721 0.000052 0.044923 0.007828 1.776811
0.943426 0.001583 0.001467 0.000726 0.000049 0.044920 0.007830 1.776967
0.943423 0.001582 0.001468 0.000720 0.000051 0.044925 0.007831 1.777128
0.943437 0.001588 0.001450 0.000724 0.000051 0.044918 0.007832 1.777278
0.943423 0.001585 0.001469 0.000725 0.000049 0.044917 0.007833 1.777449
0.943444 0.001578 0.001462 0.000712 0.000049 0.044922 0.007834 1.777606
0.943448 0.001581 0.001446 0.000713 0.000051 0.044926 0.007834 1.777759
0.943475 0.001584 0.001438 0.000702 0.000052 0.044914 0.007835 1.777904
0.943493 0.001586 0.001426 0.000717 0.000052 0.044890 0.007835 1.778056
0.943510 0.001580 0.001446 0.000719 0.000052 0.044858 0.007835 1.778219
0.943522 0.001563 0.001449 0.000731 0.000051 0.044850 0.007835 1.778380
0.943523 0.001582 0.001452 0.000714 0.000052 0.044841 0.007836 1.778519
0.943521 0.001591 0.001455 0.000724 0.000051 0.044821 0.007836 1.778674
0.943531 0.001588 0.001445 0.000732 0.000053 0.044814 0.007837 1.778830
0.943536 0.001578 0.001427 0.000748 0.000052 0.044821 0.007838 1.778991
0.943544 0.001578 0.001428 0.000748 0.000053 0.044811 0.007838 1.779146
0.943549 0.001586 0.001431 0.000750 0.000053 0.044793 0.007838 1.779299
0.943549 0.001576 0.001429 0.000759 0.000053 0.044797 0.007838 1.779463
0.943549 0.001576 0.001437 0.000763 0.000055 0.044782 0.007838 1.779624
0.943549 0.001568 0.001433 0.000763 0.000054 0.044795 0.007839 1.779780
0.943552 0.001555 0.001438 0.000767 0.000054 0.044794 0.007840 1.779949
0.943550 0.001560 0.001442 0.000765 0.000054 0.044788 0.007841 1.780102
0.943541 0.001557 0.001446 0.000776 0.000056 0.044785 0.007841 1.780265
0.943564 0.001556 0.001444 0.000763 0.000059 0.044773 0.007841 1.780411
0.943569 0.001579 0.001431 0.000754 0.000059 0.044767 0.007841 1.780552
0.943566 0.001587 0.001418 0.000754 0.000059 0.044775 0.007842 1.780702
0.943565 0.001585 0.001424 0.000763 0.000060 0.044762 0.007842 1.780859
0.943586 0.001589 0.001408 0.000753 0.000061 0.044760 0.007843 1.780996
0.943590 0.001568 0.001417 0.000754 0.000059 0.044765 0.007846 1.781168
0.943572 0.001573 0.001418 0.000767 0.000061 0.044761 0.007847 1.781332
0.943560 0.001589 0.001418 0.000755 0.000061 0.044769 0.007848 1.781475
0.943573 0.001597 0.001428 0.000754 0.000060 0.044739 0.007849 1.781628
0.943562 0.001601 0.001435 0.000747 0.000062 0.044744 0.007849 1.781784
0.943540 0.001625 0.001423 0.000733 0.000063 0.044767 0.007849 1.781929
0.943538 0.001640 0.001422 0.000735 0.000063 0.044753 0.007849 1.782078
0.943533 0.001635 0.001422 0.000755 0.000065 0.044740 0.007850 1.782249
0.943539 0.001626 0.001432 0.000757 0.000061 0.044732 0.007852 1.782412
0.943526 0.001636 0.001430 0.000750 0.000063 0.044745 0.007852 1.782558
0.943523 0.001625 0.001437 0.000754 0.000061 0.044747 0.007853 1.782725
0.943528 0.001645 0.001424 0.000757 0.000061 0.044732 0.007853 1.782872
0.943524 0.001640 0.001427 0.000755 0.000061 0.044738 0.007854 1.783028
0.943527 0.001634 0.001416 0.000769 0.000062 0.044736 0.007854 1.783198
0.943509 0.001637 0.001417 0.000763 0.000062 0.044756 0.007855 1.783355
0.943501 0.001645 0.001414 0.000754 0.000061 0.044769 0.007855 1.783509
0.943507 0.001629 0.001411 0.000764 0.000058 0.044774 0.007857 1.783670
0.943509 0.001620 0.001422 0.000760 0.000059 0.044773 0.007857 1.783831
0.943494 0.001619 0.001416 0.000773 0.000059 0.044782 0.007857 1.784000
0.943492 0.001615 0.001412 0.000773 0.000057 0.044791 0.007858 1.784166
0.943496 0.001620 0.001423 0.000776 0.000056 0.044771 0.007859 1.784329
0.943473 0.001644 0.001423 0.000763 0.000057 0.044779 0.007861 1.784476
0.943479 0.001632 0.001436 0.000758 0.000056 0.044778 0.007862 1.784647
0.943472 0.001628 0.001447 0.000762 0.000054 0.044775 0.007863 1.784811
0.943470 0.001628 0.001448 0.000757 0.000057 0.044776 0.007863 1.784969
0.943479 0.001641 0.001443 0.000752 0.000058 0.044763 0.007863 1.785117
0.943482 0.001633 0.001443 0.000760 0.000058 0.044761 0.007863 1.785279
0.943506 0.001622 0.001452 0.000762 0.000059 0.044737 0.007863 1.785436
0.943506 0.001614 0.001445 0.000755 0.000059 0.044758 0.007864 1.785599
0.943501 0.001608 0.001449 0.000768 0.000059 0.044748 0.007866 1.785765
0.943509 0.001606 0.001452 0.000763 0.000059 0.044743 0.007867 1.785924
0.943544 0.001589 0.001457 0.000757 0.000057 0.044727 0.007868 1.786084
0.943570 0.001587 0.001461 0.000750 0.000058 0.044704 0.007869 1.786234
0.943583 0.001573 0.001454 0.000743 0.000056 0.044720 0.007871 1.786387
0.943577 0.001590 0.001452 0.000743 0.000058 0.044708 0.007872 1.786538
0.943582 0.001591 0.001446 0.000753 0.000057 0.044698 0.007873 1.786695
0.943576 0.001582 0.001434 0.000761 0.000058 0.044715 0.007874 1.786864
0.943572 0.001598 0.001426 0.000746 0.000058 0.044727 0.007874 1.787005
0.943574 0.001612 0.001425 0.000737 0.000056 0.044720 0.007875 1.787151
0.943599 0.001579 0.001426 0.000735 0.000056 0.044729 0.007876 1.787315
0.943616 0.001561 0.001441 0.000739 0.000054 0.044711 0.007877 1.787483
0.943628 0.001560 0.001435 0.000751 0.000054 0.044694 0.007877 1.787634
0.943661 0.001528 0.001427 0.000770 0.000055 0.044681 0.007877 1.787803
0.943679 0.001526 0.001422 0.000761 0.000055 0.044680 0.007877 1.787946
0.943682 0.001539 0.001419 0.000763 0.000058 0.044660 0.007877 1.788092
0.943683 0.001552 0.001409 0.000766 0.000060 0.044651 0.007878 1.788232
0.943674 0.001549 0.001413 0.000768 0.000059 0.044656 0.007880 1.788380
0.943688 0.001554 0.001411 0.000753 0.000059 0.044654 0.007880 1.788527
0.943681 0.001568 0.001408 0.000745 0.000060 0.044656 0.007882 1.788680
0.943691 0.001578 0.001403 0.000739 0.000062 0.044645 0.007882 1.788830
0.943716 0.001560 0.001419 0.000744 0.000059 0.044619 0.007883 1.788984
0.943735 0.001535 0.001415 0.000748 0.000058 0.044625 0.007884 1.789147
0.943769 0.001527 0.001409 0.000748 0.000057 0.044606 0.007884 1.789289
0.943781 0.001535 0.001402 0.000741 0.000055 0.044600 0.007885 1.789428
0.943780 0.001533 0.001404 0.000742 0.000053 0.044602 0.007886 1.789582
0.943784 0.001505 0.001407 0.000750 0.000055 0.044613 0.007886 1.789758
0.943777 0.001502 0.001418 0.000741 0.000054 0.044621 0.007887 1.789919
0.943782 0.001508 0.001417 0.000731 0.000057 0.044620 0.007887 1.790062
0.943785 0.001514 0.001408 0.000731 0.000056 0.044619 0.007887 1.790201
0.943788 0.001518 0.001408 0.000738 0.000055 0.044604 0.007888 1.790346
0.943808 0.001512 0.001401 0.000737 0.000055 0.044599 0.007888 1.790490
0.943820 0.001507 0.001386 0.000739 0.000054 0.044604 0.007891 1.790634
0.943857 0.001485 0.001381 0.000742 0.000051 0.044592 0.007891 1.790785
0.943870 0.001469 0.001378 0.000753 0.000051 0.044588 0.007892 1.790942
0.943879 0.001473 0.001380 0.000743 0.000050 0.044583 0.007892 1.791094
0.943888 0.001485 0.001370 0.000746 0.000050 0.044569 0.007893 1.791240
0.943916 0.001481 0.001356 0.000735 0.000049 0.044570 0.007893 1.791375
0.943945 0.001461 0.001346 0.000728 0.000050 0.044576 0.007894 1.791523
0.943973 0.001438 0.001356 0.000723 0.000051 0.044565 0.007894 1.791671
0.943984 0.001459 0.001329 0.000723 0.000053 0.044559 0.007894 1.791802
0.944011 0.001450 0.001344 0.000728 0.000053 0.044520 0.007894 1.791943
0.944045 0.001429 0.001356 0.000731 0.000053 0.044493 0.007894 1.792093
0.944072 0.001438 0.001356 0.000720 0.000054 0.044465 0.007894 1.792230
0.944094 0.001452 0.001342 0.000714 0.000050 0.044452 0.007895 1.792347
0.944119 0.001454 0.001348 0.000705 0.000051 0.044425 0.007897 1.792491
0.944138 0.001469 0.001337 0.000710 0.000053 0.044396 0.007897 1.792619
0.944143 0.001496 0.001337 0.000700 0.000054 0.044374 0.007897 1.792752
0.944143 0.001511 0.001340 0.000687 0.000053 0.044368 0.007898 1.792893
0.944141 0.001531 0.001328 0.000683 0.000051 0.044366 0.007900 1.793025
0.944117 0.001552 0.001331 0.000678 0.000049 0.044372 0.007901 1.793171
0.944095 0.001554 0.001338 0.000670 0.000051 0.044391 0.007902 1.793331
