0.330116 0.063664 0.056960 0.032747 0.002159 0.508207 0.006148 1.661964
0.331936 0.062028 0.056872 0.032620 0.002150 0.508219 0.006175 1.668134
0.334207 0.060126 0.056728 0.032438 0.002146 0.508154 0.006199 1.674118
0.336816 0.057978 0.056483 0.032237 0.002154 0.508104 0.006229 1.679968
0.339721 0.055799 0.056000 0.031937 0.002153 0.508129 0.006261 1.685544
0.342725 0.053680 0.055450 0.031636 0.002144 0.508081 0.006284 1.690930
0.345964 0.051616 0.054800 0.031289 0.002142 0.507879 0.006311 1.696112
0.349363 0.049655 0.054205 0.030776 0.002137 0.507522 0.006343 1.701087
0.352860 0.047782 0.053430 0.030270 0.002132 0.507152 0.006373 1.705818
0.356470 0.045904 0.052591 0.029777 0.002142 0.506721 0.006396 1.710450
0.360123 0.044210 0.051656 0.029190 0.002149 0.506251 0.006421 1.714809
0.363851 0.042568 0.050766 0.028568 0.002131 0.505671 0.006446 1.719097
0.367661 0.041046 0.049762 0.028005 0.002115 0.504933 0.006479 1.723186
0.371475 0.039615 0.048863 0.027366 0.002099 0.504073 0.006509 1.727134
0.375338 0.038149 0.047854 0.026806 0.002090 0.503227 0.006536 1.731003
0.379266 0.036786 0.046837 0.026196 0.002081 0.502269 0.006565 1.734715
0.383149 0.035528 0.045879 0.025567 0.002072 0.501214 0.006591 1.738323
0.387089 0.034386 0.044788 0.025009 0.002047 0.500067 0.006614 1.741739
0.391056 0.033373 0.043712 0.024379 0.002037 0.498801 0.006642 1.745017
0.395041 0.032423 0.042721 0.023812 0.002021 0.497318 0.006665 1.748219
0.399192 0.031400 0.041801 0.023196 0.001998 0.495728 0.006685 1.751385
0.403286 0.030548 0.040741 0.022642 0.001975 0.494094 0.006715 1.754407
0.407380 0.029644 0.039845 0.022082 0.001975 0.492335 0.006740 1.757353
0.411334 0.028893 0.038876 0.021525 0.001944 0.490661 0.006767 1.760205
0.415576 0.028074 0.037938 0.021014 0.001937 0.488671 0.006790 1.762993
0.419561 0.027351 0.037105 0.020549 0.001910 0.486707 0.006817 1.765754
0.423597 0.026673 0.036281 0.020057 0.001891 0.484662 0.006839 1.768433
0.427755 0.026100 0.035324 0.019522 0.001872 0.482566 0.006863 1.770966
0.431880 0.025500 0.034442 0.019080 0.001848 0.480361 0.006889 1.773488
0.435909 0.024909 0.033646 0.018601 0.001822 0.478201 0.006914 1.775992
0.439908 0.024511 0.032813 0.018085 0.001804 0.475941 0.006937 1.778385
0.443982 0.024042 0.032063 0.017729 0.001787 0.473443 0.006954 1.780762
0.448110 0.023547 0.031326 0.017274 0.001772 0.470997 0.006975 1.783104
0.452090 0.023108 0.030552 0.016859 0.001756 0.468639 0.006997 1.785400
0.456147 0.022654 0.029872 0.016439 0.001744 0.466126 0.007020 1.787706
0.460125 0.022249 0.029210 0.016078 0.001713 0.463583 0.007041 1.789925
0.464110 0.021964 0.028486 0.015680 0.001691 0.461004 0.007064 1.792024
0.467980 0.021610 0.027859 0.015321 0.001669 0.458475 0.007086 1.794179
0.471935 0.021284 0.027293 0.014992 0.001645 0.455743 0.007108 1.796309
0.475801 0.021066 0.026679 0.014608 0.001607 0.453114 0.007127 1.798366
0.479622 0.020837 0.026157 0.014340 0.001580 0.450319 0.007146 1.800393
0.483500 0.020607 0.025606 0.014017 0.001564 0.447540 0.007167 1.802431
0.487354 0.020339 0.025158 0.013740 0.001538 0.444683 0.007188 1.804469
0.491031 0.020097 0.024660 0.013485 0.001517 0.441996 0.007214 1.806520
0.494784 0.019888 0.024231 0.013202 0.001488 0.439176 0.007231 1.808507
0.498447 0.019755 0.023777 0.012975 0.001464 0.436328 0.007255 1.810476
0.502143 0.019649 0.023313 0.012719 0.001452 0.433451 0.007272 1.812383
0.505695 0.019556 0.022892 0.012483 0.001422 0.430661 0.007292 1.814290
0.509475 0.019363 0.022418 0.012298 0.001395 0.427739 0.007313 1.816172
0.513070 0.019291 0.022008 0.012067 0.001371 0.424862 0.007331 1.818035
0.516612 0.019208 0.021646 0.011840 0.001348 0.421997 0.007348 1.819885
0.520052 0.019109 0.021350 0.011670 0.001327 0.419122 0.007370 1.821766
0.523389 0.018959 0.021088 0.011519 0.001299 0.416354 0.007393 1.823668
0.526807 0.018876 0.020775 0.011374 0.001268 0.413490 0.007410 1.825535
0.530254 0.018821 0.020524 0.011242 0.001248 0.410484 0.007428 1.827390
0.533612 0.018818 0.020256 0.011063 0.001226 0.407583 0.007443 1.829198
0.536987 0.018704 0.020041 0.010941 0.001217 0.404650 0.007460 1.831081
0.540234 0.018652 0.019800 0.010805 0.001201 0.401834 0.007473 1.832905
0.543511 0.018579 0.019622 0.010658 0.001176 0.398961 0.007493 1.834740
0.546694 0.018562 0.019376 0.010517 0.001152 0.396190 0.007510 1.836544
0.549885 0.018538 0.019155 0.010399 0.001134 0.393359 0.007530 1.838348
0.552904 0.018533 0.019007 0.010285 0.001107 0.390619 0.007544 1.840197
0.555889 0.018541 0.018889 0.010170 0.001092 0.387865 0.007554 1.842020
0.558876 0.018556 0.018781 0.010121 0.001072 0.385029 0.007565 1.843865
0.561837 0.018614 0.018665 0.010077 0.001050 0.382173 0.007583 1.845681
0.564631 0.018633 0.018542 0.010100 0.001032 0.379462 0.007599 1.847552
0.567507 0.018593 0.018449 0.010054 0.001016 0.376765 0.007615 1.849426
0.570308 0.018684 0.018291 0.010021 0.001003 0.374067 0.007626 1.851246
0.573064 0.018777 0.018141 0.009932 0.000995 0.371447 0.007644 1.853046
0.575831 0.018791 0.018071 0.009899 0.000991 0.368759 0.007656 1.854948
0.578496 0.018866 0.018007 0.009864 0.000971 0.366129 0.007668 1.856809
0.581090 0.019040 0.017886 0.009804 0.000955 0.363545 0.007680 1.858624
0.583704 0.019071 0.017858 0.009774 0.000946 0.360957 0.007691 1.860508
0.586218 0.019150 0.017805 0.009708 0.000935 0.358484 0.007701 1.862371
0.588698 0.019285 0.017716 0.009703 0.000932 0.355950 0.007716 1.864212
0.591071 0.019299 0.017710 0.009719 0.000923 0.353554 0.007725 1.866165
0.593428 0.019434 0.017631 0.009685 0.000923 0.351162 0.007737 1.868010
0.595745 0.019543 0.017606 0.009665 0.000908 0.348782 0.007752 1.869924
0.598129 0.019670 0.017539 0.009650 0.000903 0.346346 0.007762 1.871814
0.600371 0.019791 0.017535 0.009614 0.000880 0.344029 0.007780 1.873758
0.602649 0.019811 0.017588 0.009655 0.000875 0.341633 0.007790 1.875708
0.604790 0.019965 0.017531 0.009656 0.000875 0.339382 0.007801 1.877610
0.606984 0.020037 0.017488 0.009645 0.000861 0.337171 0.007813 1.879564
0.609007 0.020245 0.017480 0.009697 0.000860 0.334887 0.007823 1.881525
0.611063 0.020303 0.017579 0.009686 0.000849 0.332681 0.007837 1.883523
0.613065 0.020420 0.017593 0.009682 0.000840 0.330557 0.007843 1.885484
0.615003 0.020617 0.017619 0.009674 0.000842 0.328396 0.007849 1.887437
0.616958 0.020748 0.017634 0.009697 0.000836 0.326273 0.007853 1.889433
0.618832 0.020909 0.017693 0.009743 0.000826 0.324128 0.007868 1.891475
0.620704 0.020944 0.017791 0.009756 0.000812 0.322113 0.007880 1.893567
0.622483 0.021121 0.017826 0.009805 0.000797 0.320069 0.007898 1.895642
0.624143 0.021283 0.017936 0.009798 0.000786 0.318144 0.007911 1.897747
0.625797 0.021478 0.018003 0.009810 0.000784 0.316208 0.007921 1.899805
0.627413 0.021660 0.018112 0.009855 0.000779 0.314250 0.007933 1.901916
0.629018 0.021770 0.018244 0.009922 0.000777 0.312329 0.007941 1.904080
0.630602 0.021911 0.018298 0.010007 0.000776 0.310456 0.007951 1.906219
0.632179 0.022028 0.018405 0.010045 0.000778 0.308604 0.007960 1.908396
0.633653 0.022188 0.018467 0.010104 0.000766 0.306849 0.007975 1.910575
0.635216 0.022370 0.018582 0.010149 0.000758 0.304941 0.007984 1.912720
0.636600 0.022548 0.018586 0.010179 0.000758 0.303336 0.007994 1.914871
0.637979 0.022720 0.018675 0.010251 0.000752 0.301619 0.008004 1.917088
0.639408 0.022912 0.018786 0.010285 0.000748 0.299846 0.008015 1.919284
0.640689 0.023053 0.018956 0.010339 0.000750 0.298189 0.008025 1.921577
0.641992 0.023172 0.019051 0.010397 0.000747 0.296608 0.008033 1.923858
0.643205 0.023359 0.019180 0.010418 0.000753 0.295047 0.008039 1.926136
0.644418 0.023450 0.019336 0.010474 0.000754 0.293518 0.008048 1.928485
0.645698 0.023641 0.019400 0.010540 0.000742 0.291918 0.008060 1.930735
0.646863 0.023880 0.019471 0.010564 0.000734 0.290420 0.008068 1.933020
0.647886 0.024086 0.019586 0.010637 0.000740 0.288989 0.008077 1.935368
0.648962 0.024252 0.019684 0.010740 0.000741 0.287537 0.008083 1.937705
0.650015 0.024323 0.019851 0.010777 0.000745 0.286197 0.008093 1.940122
0.651025 0.024446 0.020006 0.010833 0.000745 0.284843 0.008103 1.942554
0.652070 0.024585 0.020132 0.010925 0.000743 0.283432 0.008114 1.944968
0.653018 0.024765 0.020282 0.010976 0.000740 0.282096 0.008123 1.947364
0.653913 0.024895 0.020421 0.011041 0.000741 0.280858 0.008131 1.949828
0.654820 0.025053 0.020538 0.011092 0.000738 0.279617 0.008142 1.952269
0.655694 0.025143 0.020729 0.011175 0.000739 0.278369 0.008152 1.954770
0.656532 0.025273 0.020892 0.011213 0.000739 0.277187 0.008165 1.957234
0.657363 0.025508 0.021011 0.011318 0.000739 0.275887 0.008174 1.959685
0.658203 0.025651 0.021107 0.011406 0.000738 0.274712 0.008183 1.962159
0.658965 0.025737 0.021215 0.011507 0.000738 0.273646 0.008193 1.964715
0.659582 0.025918 0.021253 0.011604 0.000741 0.272699 0.008203 1.967243
0.660351 0.026034 0.021398 0.011631 0.000742 0.271629 0.008216 1.969780
0.661026 0.026190 0.021547 0.011691 0.000731 0.270588 0.008228 1.972284
0.661738 0.026244 0.021651 0.011756 0.000727 0.269648 0.008237 1.974865
0.662345 0.026489 0.021781 0.011823 0.000721 0.268596 0.008245 1.977410
0.662853 0.026676 0.021848 0.011905 0.000725 0.267744 0.008251 1.979983
0.663431 0.026802 0.021956 0.011967 0.000722 0.266859 0.008264 1.982583
0.664164 0.026859 0.022073 0.012033 0.000726 0.265870 0.008275 1.985209
0.664686 0.027019 0.022265 0.012115 0.000722 0.264904 0.008289 1.987834
0.665212 0.027076 0.022389 0.012217 0.000728 0.264081 0.008297 1.990518
0.665777 0.027180 0.022494 0.012241 0.000731 0.263274 0.008304 1.993158
0.666352 0.027195 0.022649 0.012275 0.000730 0.262487 0.008314 1.995877
0.666794 0.027270 0.022774 0.012306 0.000727 0.261810 0.008320 1.998598
0.667275 0.027450 0.022888 0.012293 0.000745 0.261022 0.008328 2.001230
0.667741 0.027586 0.023003 0.012334 0.000750 0.260248 0.008338 2.003918
0.668084 0.027726 0.023154 0.012374 0.000748 0.259565 0.008349 2.006639
0.668493 0.027811 0.023277 0.012420 0.000759 0.258884 0.008356 2.009361
0.668956 0.027842 0.023436 0.012528 0.000758 0.258115 0.008366 2.012143
0.669286 0.027936 0.023527 0.012606 0.000757 0.257510 0.008378 2.014887
0.669633 0.028034 0.023633 0.012650 0.000763 0.256900 0.008388 2.017667
0.669978 0.028237 0.023692 0.012739 0.000773 0.256182 0.008398 2.020368
0.670285 0.028321 0.023805 0.012774 0.000778 0.255632 0.008405 2.023147
0.670586 0.028425 0.023886 0.012843 0.000788 0.255054 0.008419 2.025952
0.670900 0.028491 0.024031 0.012879 0.000791 0.254481 0.008429 2.028800
0.671202 0.028613 0.024106 0.012902 0.000793 0.253945 0.008439 2.031578
0.671501 0.028718 0.024212 0.012992 0.000805 0.253321 0.008451 2.034372
0.671714 0.028800 0.024322 0.013029 0.000798 0.252878 0.008460 2.037198
0.672089 0.028834 0.024426 0.013112 0.000800 0.252270 0.008469 2.040049
0.672364 0.028864 0.024591 0.013131 0.000813 0.251759 0.008478 2.042875
0.672504 0.029027 0.024618 0.013234 0.000819 0.251312 0.008486 2.045680
0.672792 0.028974 0.024755 0.013295 0.000815 0.250867 0.008502 2.048617
0.673014 0.029078 0.024838 0.013359 0.000812 0.250384 0.008516 2.051480
0.673240 0.029177 0.024858 0.013428 0.000821 0.249949 0.008526 2.054276
0.673412 0.029253 0.024983 0.013522 0.000835 0.249464 0.008533 2.057139
0.673542 0.029325 0.025047 0.013575 0.000844 0.249124 0.008544 2.060010
0.673686 0.029499 0.025001 0.013616 0.000844 0.248800 0.008554 2.062803
0.673801 0.029619 0.025147 0.013628 0.000840 0.248399 0.008567 2.065691
0.673874 0.029654 0.025236 0.013687 0.000841 0.248131 0.008577 2.068622
0.674009 0.029762 0.025335 0.013716 0.000847 0.247742 0.008589 2.071473
0.674226 0.029792 0.025420 0.013769 0.000846 0.247349 0.008598 2.074374
0.674390 0.029883 0.025475 0.013739 0.000854 0.247051 0.008609 2.077267
0.674520 0.029890 0.025513 0.013810 0.000845 0.246799 0.008624 2.080196
0.674657 0.029876 0.025664 0.013868 0.000848 0.246456 0.008633 2.083181
0.674727 0.030028 0.025629 0.013894 0.000856 0.246223 0.008643 2.086022
0.674826 0.030059 0.025750 0.013913 0.000851 0.245946 0.008656 2.088967
0.674965 0.030151 0.025819 0.013910 0.000859 0.245629 0.008667 2.091854
0.675010 0.030198 0.025906 0.013929 0.000855 0.245420 0.008681 2.094756
0.675084 0.030176 0.025994 0.013992 0.000862 0.245199 0.008692 2.097727
0.675054 0.030305 0.026115 0.014015 0.000867 0.244943 0.008700 2.100699
0.675190 0.030259 0.026218 0.014090 0.000861 0.244665 0.008715 2.103739
0.675266 0.030374 0.026262 0.014109 0.000868 0.244394 0.008727 2.106679
0.675332 0.030391 0.026265 0.014201 0.000867 0.244205 0.008740 2.109654
0.675410 0.030443 0.026295 0.014166 0.000869 0.244065 0.008752 2.112560
0.675439 0.030419 0.026367 0.014221 0.000871 0.243920 0.008762 2.115560
0.675505 0.030414 0.026512 0.014238 0.000863 0.243692 0.008777 2.118589
0.675682 0.030358 0.026615 0.014291 0.000867 0.243400 0.008787 2.121598
0.675762 0.030386 0.026624 0.014354 0.000871 0.243202 0.008801 2.124556
0.675705 0.030445 0.026626 0.014336 0.000869 0.243204 0.008814 2.127544
0.675781 0.030418 0.026733 0.014307 0.000886 0.243051 0.008823 2.130540
0.675830 0.030500 0.026679 0.014303 0.000886 0.242967 0.008834 2.133462
0.675897 0.030496 0.026704 0.014316 0.000895 0.242846 0.008846 2.136421
0.675876 0.030482 0.026737 0.014316 0.000891 0.242837 0.008862 2.139436
0.675929 0.030548 0.026724 0.014304 0.000885 0.242739 0.008872 2.142387
0.676096 0.030470 0.026834 0.014308 0.000897 0.242515 0.008880 2.145425
0.676234 0.030419 0.026898 0.014320 0.000897 0.242339 0.008893 2.148426
0.676225 0.030497 0.026925 0.014295 0.000901 0.242252 0.008906 2.151404
0.676295 0.030487 0.026974 0.014329 0.000901 0.242099 0.008914 2.154420
0.676265 0.030460 0.027019 0.014368 0.000906 0.242056 0.008926 2.157428
0.676265 0.030461 0.027073 0.014408 0.000902 0.241956 0.008935 2.160413
0.676345 0.030353 0.027119 0.014434 0.000901 0.241902 0.008947 2.163452
0.676416 0.030365 0.027089 0.014435 0.000901 0.241836 0.008960 2.166411
0.676424 0.030329 0.027100 0.014515 0.000905 0.241762 0.008967 2.169444
0.676490 0.030294 0.027189 0.014506 0.000895 0.241646 0.008980 2.172435
0.676490 0.030414 0.027076 0.014484 0.000900 0.241643 0.008991 2.175332
0.676510 0.030458 0.027070 0.014416 0.000906 0.241636 0.009004 2.178256
0.676627 0.030357 0.027104 0.014418 0.000910 0.241568 0.009017 2.181276
0.676749 0.030249 0.027094 0.014469 0.000917 0.241494 0.009028 2.184300
0.676809 0.030264 0.027090 0.014452 0.000925 0.241422 0.009039 2.187241
0.676908 0.030253 0.027063 0.014471 0.000931 0.241326 0.009049 2.190177
0.676964 0.030227 0.027077 0.014465 0.000930 0.241275 0.009062 2.193110
0.677056 0.030108 0.027128 0.014477 0.000925 0.241232 0.009075 2.196148
0.677167 0.030116 0.027132 0.014411 0.000922 0.241169 0.009085 2.199097
0.677366 0.030044 0.027115 0.014383 0.000926 0.241074 0.009094 2.202067
0.677502 0.029940 0.027082 0.014420 0.000927 0.241024 0.009105 2.205032
0.677490 0.029868 0.027123 0.014398 0.000935 0.241074 0.009113 2.208034
0.677576 0.029900 0.027040 0.014381 0.000933 0.241045 0.009125 2.210914
0.677700 0.029937 0.026980 0.014334 0.000930 0.240982 0.009137 2.213780
0.677740 0.029997 0.026975 0.014328 0.000934 0.240877 0.009149 2.216679
0.677869 0.029911 0.026939 0.014293 0.000935 0.240896 0.009158 2.219635
0.677926 0.029872 0.026943 0.014266 0.000937 0.240886 0.009171 2.222566
0.678136 0.029813 0.026945 0.014234 0.000943 0.240745 0.009184 2.225473
0.678180 0.029814 0.026965 0.014227 0.000934 0.240684 0.009197 2.228421
0.678249 0.029732 0.026978 0.014255 0.000932 0.240643 0.009211 2.231405
0.678266 0.029837 0.026891 0.014210 0.000934 0.240639 0.009224 2.234249
0.678364 0.029817 0.026881 0.014225 0.000939 0.240537 0.009236 2.237171
0.678464 0.029834 0.026950 0.014184 0.000930 0.240387 0.009251 2.240112
0.678571 0.029840 0.026984 0.014147 0.000936 0.240260 0.009263 2.243002
0.678716 0.029861 0.026923 0.014172 0.000926 0.240121 0.009280 2.245876
0.678838 0.029796 0.026954 0.014134 0.000922 0.240065 0.009291 2.248809
0.678971 0.029694 0.026922 0.014164 0.000927 0.240021 0.009300 2.251768
0.678996 0.029757 0.026919 0.014114 0.000933 0.239969 0.009312 2.254646
0.679107 0.029756 0.026897 0.014102 0.000930 0.239885 0.009325 2.257542
0.679182 0.029789 0.026893 0.014071 0.000939 0.239792 0.009335 2.260451
0.679328 0.029793 0.026867 0.014062 0.000947 0.239659 0.009345 2.263364
0.679383 0.029838 0.026879 0.014062 0.000943 0.239539 0.009355 2.266276
0.679458 0.029819 0.026971 0.014043 0.000937 0.239403 0.009370 2.269191
0.679547 0.029737 0.026984 0.014080 0.000939 0.239328 0.009386 2.272148
0.679682 0.029800 0.026918 0.014076 0.000941 0.239185 0.009398 2.275008
0.679737 0.029807 0.026932 0.014077 0.000935 0.239100 0.009412 2.277922
0.679812 0.029826 0.026863 0.014095 0.000943 0.239036 0.009426 2.280809
0.679891 0.029778 0.026911 0.014118 0.000941 0.238919 0.009442 2.283751
0.679952 0.029727 0.026930 0.014146 0.000944 0.238844 0.009457 2.286718
0.679978 0.029779 0.026901 0.014133 0.000951 0.238792 0.009467 2.289585
0.680058 0.029747 0.026912 0.014153 0.000945 0.238706 0.009479 2.292542
0.680209 0.029730 0.026879 0.014130 0.000945 0.238617 0.009490 2.295394
0.680299 0.029802 0.026796 0.014130 0.000947 0.238524 0.009502 2.298301
0.680326 0.029818 0.026850 0.014147 0.000950 0.238396 0.009514 2.301212
0.680460 0.029784 0.026823 0.014125 0.000954 0.238328 0.009525 2.304162
0.680452 0.029818 0.026857 0.014127 0.000957 0.238248 0.009541 2.307087
0.680597 0.029766 0.026863 0.014056 0.000961 0.238203 0.009554 2.309970
0.680707 0.029724 0.026800 0.014073 0.000961 0.238171 0.009564 2.312874
0.680779 0.029742 0.026675 0.014074 0.000955 0.238197 0.009579 2.315734
0.680886 0.029695 0.026759 0.014067 0.000942 0.238056 0.009594 2.318660
0.680947 0.029685 0.026736 0.014088 0.000937 0.237997 0.009610 2.321549
0.681086 0.029693 0.026690 0.014077 0.000938 0.237895 0.009622 2.324449
0.681068 0.029751 0.026709 0.014077 0.000929 0.237832 0.009633 2.327348
0.681024 0.029776 0.026694 0.014068 0.000924 0.237868 0.009647 2.330239
0.681184 0.029690 0.026775 0.014060 0.000923 0.237711 0.009658 2.333157
0.681196 0.029666 0.026790 0.014059 0.000924 0.237696 0.009670 2.336072
0.681279 0.029599 0.026811 0.014119 0.000921 0.237591 0.009681 2.339065
0.681286 0.029633 0.026793 0.014087 0.000921 0.237585 0.009696 2.341990
0.681456 0.029636 0.026700 0.014075 0.000918 0.237506 0.009710 2.344872
0.681446 0.029656 0.026814 0.014074 0.000917 0.237375 0.009718 2.347840
0.681544 0.029717 0.026801 0.014049 0.000918 0.237238 0.009733 2.350711
0.681553 0.029745 0.026796 0.014080 0.000920 0.237163 0.009744 2.353639
0.681479 0.029754 0.026765 0.014127 0.000911 0.237209 0.009756 2.356580
0.681444 0.029706 0.026775 0.014119 0.000915 0.237277 0.009765 2.359523
0.681523 0.029687 0.026734 0.014118 0.000910 0.237252 0.009778 2.362416
0.681609 0.029648 0.026756 0.014104 0.000920 0.237177 0.009786 2.365321
0.681567 0.029737 0.026771 0.014082 0.000918 0.237128 0.009798 2.368225
0.681620 0.029827 0.026679 0.014079 0.000909 0.237075 0.009810 2.371050
0.681632 0.029872 0.026635 0.014085 0.000910 0.237048 0.009818 2.373939
0.681671 0.029883 0.026648 0.014058 0.000916 0.236998 0.009827 2.376863
0.681780 0.029830 0.026766 0.014031 0.000921 0.236836 0.009836 2.379814
0.681737 0.029971 0.026716 0.013974 0.000923 0.236831 0.009848 2.382680
0.681719 0.029951 0.026745 0.013979 0.000929 0.236818 0.009861 2.385668
0.681820 0.029928 0.026730 0.013982 0.000924 0.236744 0.009873 2.388574
0.681872 0.030007 0.026640 0.013996 0.000923 0.236679 0.009883 2.391434
0.681893 0.029975 0.026708 0.014025 0.000925 0.236580 0.009894 2.394386
0.681858 0.030003 0.026773 0.014028 0.000930 0.236501 0.009907 2.397330
0.681884 0.029970 0.026792 0.014070 0.000934 0.236433 0.009917 2.400289
0.681926 0.029912 0.026845 0.014099 0.000934 0.236354 0.009930 2.403263
0.681947 0.029880 0.026857 0.014105 0.000930 0.236340 0.009940 2.406194
0.682049 0.029914 0.026821 0.014080 0.000936 0.236251 0.009950 2.409045
0.682093 0.029848 0.026852 0.014099 0.000938 0.236212 0.009958 2.412022
0.682109 0.029939 0.026773 0.014057 0.000945 0.236208 0.009969 2.414835
0.682120 0.029846 0.026778 0.014092 0.000944 0.236234 0.009986 2.417792
0.682149 0.029851 0.026751 0.014153 0.000940 0.236159 0.009997 2.420706
0.682181 0.029864 0.026795 0.014145 0.000947 0.236060 0.010008 2.423637
0.682121 0.029964 0.026735 0.014151 0.000940 0.236069 0.010020 2.426515
0.682217 0.029942 0.026743 0.014170 0.000954 0.235948 0.010027 2.429463
0.682337 0.029859 0.026792 0.014145 0.000944 0.235880 0.010044 2.432399
0.682378 0.029830 0.026794 0.014174 0.000952 0.235818 0.010054 2.435365
0.682377 0.029812 0.026823 0.014185 0.000960 0.235776 0.010067 2.438308
0.682341 0.029792 0.026725 0.014203 0.000963 0.235895 0.010080 2.441234
0.682275 0.029793 0.026741 0.014218 0.000957 0.235920 0.010096 2.444167
0.682276 0.029828 0.026693 0.014204 0.000957 0.235932 0.010111 2.447050
0.682287 0.029870 0.026673 0.014152 0.000951 0.235945 0.010122 2.449941
0.682230 0.029877 0.026679 0.014122 0.000944 0.236013 0.010135 2.452855
0.682249 0.029855 0.026680 0.014157 0.000943 0.235974 0.010145 2.455789
0.682305 0.029869 0.026651 0.014147 0.000943 0.235927 0.010158 2.458694
0.682272 0.029908 0.026590 0.014129 0.000942 0.235991 0.010169 2.461568
0.682256 0.029896 0.026615 0.014121 0.000942 0.235988 0.010182 2.464547
0.682337 0.029764 0.026680 0.014140 0.000952 0.235935 0.010193 2.467538
0.682347 0.029776 0.026694 0.014162 0.000954 0.235867 0.010201 2.470474
0.682492 0.029699 0.026687 0.014204 0.000956 0.235749 0.010214 2.473428
0.682545 0.029697 0.026613 0.014191 0.000951 0.235773 0.010232 2.476292
0.682563 0.029607 0.026613 0.014210 0.000949 0.235817 0.010243 2.479236
0.682640 0.029648 0.026597 0.014190 0.000950 0.235718 0.010257 2.482067
0.682650 0.029680 0.026537 0.014163 0.000949 0.235746 0.010276 2.484963
0.682755 0.029690 0.026498 0.014103 0.000955 0.235711 0.010290 2.487793
0.682790 0.029759 0.026455 0.014109 0.000956 0.235630 0.010301 2.490643
0.682748 0.029783 0.026536 0.014110 0.000954 0.235553 0.010316 2.493599
0.682848 0.029745 0.026558 0.014117 0.000954 0.235451 0.010328 2.496511
0.682957 0.029731 0.026552 0.014092 0.000951 0.235374 0.010344 2.499380
0.682936 0.029826 0.026531 0.014092 0.000954 0.235305 0.010357 2.502240
0.682979 0.029772 0.026525 0.014108 0.000958 0.235290 0.010368 2.505175
0.683106 0.029744 0.026545 0.014067 0.000954 0.235201 0.010385 2.508066
0.683099 0.029723 0.026522 0.014064 0.000960 0.235239 0.010393 2.511008
0.683122 0.029689 0.026603 0.014044 0.000956 0.235180 0.010407 2.513954
0.683279 0.029605 0.026624 0.014043 0.000952 0.235077 0.010420 2.516861
0.683362 0.029567 0.026599 0.014047 0.000940 0.235051 0.010434 2.519766
0.683475 0.029566 0.026588 0.014030 0.000943 0.234952 0.010448 2.522629
0.683470 0.029617 0.026623 0.014026 0.000943 0.234859 0.010462 2.525500
0.683453 0.029725 0.026577 0.014058 0.000942 0.234773 0.010473 2.528329
0.683380 0.029748 0.026579 0.014113 0.000931 0.234758 0.010491 2.531248
0.683471 0.029770 0.026577 0.014061 0.000936 0.234683 0.010503 2.534110
0.683582 0.029787 0.026548 0.014065 0.000936 0.234570 0.010515 2.536976
0.683638 0.029786 0.026557 0.014080 0.000946 0.234472 0.010521 2.539900
0.683683 0.029794 0.026633 0.014043 0.000938 0.234379 0.010532 2.542774
0.683759 0.029688 0.026676 0.014060 0.000929 0.234340 0.010548 2.545764
0.683746 0.029634 0.026696 0.014066 0.000924 0.234377 0.010558 2.548678
0.683779 0.029584 0.026742 0.014041 0.000916 0.234367 0.010572 2.551632
0.683913 0.029555 0.026678 0.014054 0.000912 0.234300 0.010587 2.554508
0.683891 0.029558 0.026731 0.014089 0.000909 0.234224 0.010598 2.557434
0.683813 0.029602 0.026719 0.014111 0.000907 0.234239 0.010610 2.560340
0.683885 0.029541 0.026676 0.014122 0.000915 0.234243 0.010619 2.563288
0.684025 0.029509 0.026726 0.014095 0.000909 0.234108 0.010628 2.566165
0.683948 0.029647 0.026675 0.014128 0.000911 0.234050 0.010641 2.569008
0.683903 0.029670 0.026652 0.014102 0.000915 0.234106 0.010652 2.571895
0.683931 0.029716 0.026598 0.014067 0.000909 0.234110 0.010670 2.574732
0.683920 0.029697 0.026611 0.014079 0.000909 0.234102 0.010683 2.577633
0.683930 0.029736 0.026592 0.014062 0.000909 0.234078 0.010694 2.580494
0.683995 0.029677 0.026630 0.014021 0.000897 0.234071 0.010710 2.583390
0.683995 0.029598 0.026704 0.014021 0.000892 0.234067 0.010723 2.586346
0.684092 0.029505 0.026709 0.014050 0.000890 0.234015 0.010738 2.589309
0.684112 0.029474 0.026692 0.014124 0.000895 0.233958 0.010745 2.592242
0.684183 0.029382 0.026772 0.014140 0.000898 0.233871 0.010755 2.595185
0.684226 0.029353 0.026749 0.014111 0.000892 0.233900 0.010771 2.598088
0.684259 0.029323 0.026837 0.014103 0.000882 0.233813 0.010783 2.601004
0.684347 0.029270 0.026863 0.014068 0.000900 0.233760 0.010793 2.603908
0.684388 0.029282 0.026825 0.014031 0.000908 0.233768 0.010800 2.606759
0.684494 0.029185 0.026816 0.014003 0.000921 0.233770 0.010810 2.609668
0.684571 0.029210 0.026791 0.014028 0.000921 0.233659 0.010821 2.612535
0.684672 0.029168 0.026802 0.013983 0.000928 0.233611 0.010836 2.615445
0.684754 0.029109 0.026748 0.014029 0.000934 0.233578 0.010848 2.618396
0.684805 0.029124 0.026662 0.014044 0.000931 0.233577 0.010858 2.621216
0.684790 0.029183 0.026669 0.013997 0.000930 0.233563 0.010868 2.624052
0.684840 0.029248 0.026626 0.013964 0.000938 0.233508 0.010877 2.626893
0.684891 0.029196 0.026590 0.013909 0.000952 0.233575 0.010888 2.629750
0.684911 0.029166 0.026614 0.013860 0.000955 0.233594 0.010899 2.632641
0.685025 0.029098 0.026635 0.013821 0.000950 0.233562 0.010912 2.635525
0.685094 0.029085 0.026552 0.013898 0.000953 0.233494 0.010924 2.638382
0.685059 0.029133 0.026588 0.013915 0.000948 0.233420 0.010937 2.641267
0.685119 0.029212 0.026526 0.013874 0.000946 0.233378 0.010946 2.644053
0.685200 0.029096 0.026530 0.013882 0.000942 0.233390 0.010960 2.646983
0.685237 0.029074 0.026569 0.013880 0.000945 0.233327 0.010969 2.649882
0.685340 0.029047 0.026514 0.013941 0.000949 0.233224 0.010985 2.652733
0.685370 0.029075 0.026504 0.013961 0.000946 0.233145 0.011000 2.655592
0.685453 0.029099 0.026406 0.013985 0.000939 0.233103 0.011015 2.658413
0.685628 0.029083 0.026399 0.013980 0.000944 0.232942 0.011025 2.661246
0.685685 0.029040 0.026381 0.013959 0.000949 0.232954 0.011034 2.664086
0.685711 0.029055 0.026370 0.013957 0.000946 0.232912 0.011050 2.666947
0.685806 0.028959 0.026394 0.013957 0.000951 0.232868 0.011065 2.669857
0.685811 0.029018 0.026312 0.013952 0.000949 0.232883 0.011074 2.672683
0.685778 0.029079 0.026349 0.013900 0.000946 0.232861 0.011087 2.675494
0.685919 0.028973 0.026397 0.013929 0.000939 0.232743 0.011101 2.678397
0.685988 0.028932 0.026341 0.013982 0.000933 0.232709 0.011114 2.681277
0.686134 0.028886 0.026290 0.013939 0.000939 0.232687 0.011125 2.684091
0.686222 0.028875 0.026340 0.013935 0.000930 0.232562 0.011135 2.686938
0.686325 0.028893 0.026319 0.013895 0.000926 0.232499 0.011143 2.689754
0.686322 0.028951 0.026274 0.013864 0.000938 0.232497 0.011154 2.692565
0.686396 0.028902 0.026322 0.013819 0.000928 0.232464 0.011169 2.695463
0.686448 0.028924 0.026329 0.013779 0.000928 0.232414 0.011179 2.698281
0.686516 0.028890 0.026288 0.013790 0.000915 0.232411 0.011190 2.701122
0.686672 0.028847 0.026244 0.013783 0.000917 0.232335 0.011202 2.703950
0.686650 0.028880 0.026208 0.013790 0.000920 0.232333 0.011218 2.706771
0.686543 0.029013 0.026206 0.013776 0.000924 0.232306 0.011231 2.709565
0.686655 0.028894 0.026271 0.013819 0.000919 0.232199 0.011243 2.712486
0.686714 0.028924 0.026263 0.013818 0.000925 0.232102 0.011253 2.715327
0.686794 0.028864 0.026345 0.013822 0.000922 0.231987 0.011266 2.718183
0.686860 0.028854 0.026336 0.013825 0.000923 0.231926 0.011276 2.721020
0.686895 0.028812 0.026361 0.013831 0.000926 0.231885 0.011290 2.723853
0.687012 0.028799 0.026315 0.013874 0.000933 0.231768 0.011299 2.726662
0.687142 0.028773 0.026260 0.013908 0.000931 0.231675 0.011312 2.729474
0.687224 0.028824 0.026260 0.013928 0.000929 0.231512 0.011323 2.732282
0.687304 0.028858 0.026171 0.013894 0.000922 0.231515 0.011336 2.735047
0.687423 0.028883 0.026151 0.013816 0.000921 0.231457 0.011349 2.737863
0.687416 0.028893 0.026120 0.013832 0.000916 0.231465 0.011358 2.740726
0.687467 0.028839 0.026086 0.013834 0.000920 0.231489 0.011365 2.743558
0.687507 0.028981 0.025958 0.013759 0.000932 0.231484 0.011379 2.746273
0.687556 0.029034 0.025970 0.013751 0.000934 0.231364 0.011390 2.749093
0.687493 0.029078 0.026011 0.013792 0.000920 0.231301 0.011404 2.751936
0.687599 0.028963 0.026062 0.013827 0.000919 0.231210 0.011419 2.754851
0.687652 0.028990 0.026021 0.013787 0.000917 0.231207 0.011426 2.757633
0.687663 0.029011 0.026033 0.013708 0.000921 0.231226 0.011437 2.760452
0.687654 0.028998 0.026057 0.013742 0.000906 0.231193 0.011449 2.763290
0.687758 0.028991 0.026064 0.013719 0.000904 0.231099 0.011465 2.766121
0.687842 0.028962 0.026096 0.013734 0.000900 0.230984 0.011481 2.768965
0.687912 0.029001 0.026039 0.013748 0.000898 0.230909 0.011491 2.771729
0.688004 0.028968 0.026031 0.013747 0.000902 0.230844 0.011505 2.774600
0.688037 0.029086 0.025970 0.013715 0.000892 0.230777 0.011523 2.777375
0.687976 0.029131 0.026048 0.013660 0.000889 0.230761 0.011535 2.780249
0.687960 0.029167 0.026022 0.013683 0.000895 0.230728 0.011546 2.783098
0.687951 0.029113 0.026060 0.013692 0.000901 0.230728 0.011557 2.785989
0.687930 0.029158 0.026105 0.013650 0.000901 0.230686 0.011570 2.788821
0.687986 0.029178 0.026088 0.013657 0.000889 0.230620 0.011583 2.791626
0.688043 0.029169 0.026132 0.013656 0.000891 0.230513 0.011596 2.794479
0.688125 0.029129 0.026081 0.013660 0.000897 0.230501 0.011608 2.797313
0.688169 0.029235 0.026091 0.013650 0.000888 0.230345 0.011622 2.800093
0.688219 0.029281 0.026031 0.013640 0.000892 0.230304 0.011633 2.802902
0.688220 0.029322 0.026094 0.013633 0.000897 0.230190 0.011644 2.805730
0.688254 0.029267 0.026173 0.013663 0.000898 0.230089 0.011655 2.808615
0.688211 0.029235 0.026278 0.013725 0.000901 0.229985 0.011665 2.811552
0.688191 0.029230 0.026326 0.013737 0.000910 0.229932 0.011676 2.814444
0.688160 0.029265 0.026246 0.013733 0.000908 0.230000 0.011690 2.817240
0.688217 0.029213 0.026266 0.013752 0.000904 0.229944 0.011703 2.820134
0.688227 0.029211 0.026259 0.013752 0.000896 0.229940 0.011715 2.822998
0.688229 0.029194 0.026250 0.013801 0.000895 0.229902 0.011729 2.825856
0.688225 0.029312 0.026223 0.013814 0.000891 0.229791 0.011744 2.828659
0.688259 0.029328 0.026238 0.013762 0.000892 0.229763 0.011757 2.831489
0.688267 0.029285 0.026262 0.013782 0.000895 0.229744 0.011764 2.834377
0.688150 0.029338 0.026243 0.013779 0.000900 0.229816 0.011774 2.837240
0.688182 0.029267 0.026249 0.013799 0.000910 0.229811 0.011783 2.840144
0.688215 0.029145 0.026315 0.013816 0.000907 0.229806 0.011797 2.843077
0.688269 0.029098 0.026272 0.013790 0.000916 0.229848 0.011808 2.845963
0.688248 0.029101 0.026226 0.013779 0.000909 0.229915 0.011820 2.848848
0.688182 0.029195 0.026157 0.013809 0.000910 0.229916 0.011832 2.851671
0.688198 0.029182 0.026148 0.013823 0.000913 0.229893 0.011844 2.854537
0.688207 0.029174 0.026129 0.013795 0.000902 0.229936 0.011857 2.857384
0.688228 0.029139 0.026159 0.013759 0.000893 0.229950 0.011872 2.860261
0.688180 0.029190 0.026136 0.013764 0.000893 0.229954 0.011882 2.863113
0.688242 0.029209 0.026122 0.013768 0.000894 0.229875 0.011891 2.865912
0.688204 0.029244 0.026069 0.013790 0.000893 0.229895 0.011904 2.868740
0.688208 0.029146 0.026129 0.013786 0.000891 0.229925 0.011915 2.871684
0.688231 0.029108 0.026147 0.013789 0.000890 0.229910 0.011927 2.874563
0.688229 0.029207 0.026125 0.013769 0.000882 0.229846 0.011941 2.877350
0.688167 0.029235 0.026123 0.013789 0.000882 0.229856 0.011949 2.880200
0.688124 0.029238 0.026135 0.013809 0.000886 0.229847 0.011961 2.883082
0.688182 0.029235 0.026114 0.013824 0.000899 0.229779 0.011967 2.885910
0.688156 0.029154 0.026143 0.013843 0.000895 0.229827 0.011982 2.888830
0.688161 0.029115 0.026163 0.013869 0.000905 0.229799 0.011988 2.891721
0.688166 0.029108 0.026108 0.013853 0.000910 0.229861 0.011994 2.894541
0.688292 0.029102 0.026105 0.013852 0.000910 0.229733 0.012006 2.897355
0.688269 0.029195 0.026089 0.013843 0.000907 0.229679 0.012018 2.900183
0.688240 0.029272 0.026134 0.013820 0.000910 0.229597 0.012027 2.903018
0.688249 0.029274 0.026148 0.013836 0.000910 0.229545 0.012039 2.905889
0.688264 0.029166 0.026240 0.013812 0.000915 0.229552 0.012051 2.908813
0.688281 0.029181 0.026187 0.013843 0.000901 0.229545 0.012064 2.911645
0.688363 0.029220 0.026172 0.013774 0.000897 0.229498 0.012075 2.914405
0.688353 0.029243 0.026177 0.013710 0.000897 0.229531 0.012087 2.917280
0.688331 0.029202 0.026227 0.013700 0.000886 0.229553 0.012100 2.920211
0.688221 0.029247 0.026204 0.013707 0.000879 0.229631 0.012110 2.923044
0.688258 0.029320 0.026135 0.013673 0.000885 0.229607 0.012121 2.925820
0.688222 0.029285 0.026108 0.013729 0.000897 0.229622 0.012136 2.928732
0.688333 0.029302 0.026000 0.013736 0.000895 0.229587 0.012148 2.931542
0.688313 0.029344 0.026027 0.013803 0.000893 0.229460 0.012160 2.934427
0.688448 0.029255 0.026000 0.013840 0.000893 0.229393 0.012172 2.937340
0.688398 0.029287 0.025968 0.013889 0.000891 0.229382 0.012185 2.940193
0.688406 0.029193 0.025998 0.013916 0.000889 0.229400 0.012199 2.943118
0.688425 0.029160 0.026033 0.013962 0.000895 0.229316 0.012209 2.946001
0.688468 0.029127 0.025978 0.013968 0.000892 0.229349 0.012218 2.948872
0.688459 0.029144 0.025954 0.013956 0.000891 0.229372 0.012225 2.951695
0.688471 0.029089 0.025990 0.013998 0.000893 0.229320 0.012238 2.954566
0.688469 0.029238 0.025919 0.013928 0.000894 0.229303 0.012249 2.957311
0.688508 0.029171 0.025917 0.013950 0.000891 0.229304 0.012260 2.960193
0.688556 0.029219 0.025918 0.013937 0.000887 0.229213 0.012271 2.963035
0.688407 0.029341 0.025916 0.013951 0.000883 0.229219 0.012284 2.965869
0.688362 0.029350 0.026000 0.013950 0.000888 0.229160 0.012289 2.968768
0.688450 0.029409 0.025961 0.013914 0.000881 0.229080 0.012306 2.971589
0.688304 0.029400 0.026027 0.013921 0.000887 0.229146 0.012315 2.974528
0.688296 0.029394 0.026088 0.013922 0.000894 0.229082 0.012324 2.977380
0.688290 0.029363 0.026130 0.013883 0.000905 0.229094 0.012335 2.980249
0.688298 0.029335 0.026164 0.013908 0.000906 0.229047 0.012343 2.983132
0.688297 0.029339 0.026170 0.013895 0.000907 0.229038 0.012354 2.986007
0.688238 0.029382 0.026140 0.013973 0.000904 0.228998 0.012364 2.988860
0.688211 0.029488 0.026100 0.013985 0.000913 0.228930 0.012374 2.991683
0.688126 0.029522 0.026144 0.013938 0.000920 0.228969 0.012383 2.994544
0.688078 0.029430 0.026180 0.014007 0.000920 0.228988 0.012397 2.997504
0.688079 0.029346 0.026202 0.014066 0.000921 0.228984 0.012404 3.000432
0.688046 0.029287 0.026277 0.014056 0.000914 0.229003 0.012417 3.003349
0.687984 0.029311 0.026274 0.014074 0.000918 0.229013 0.012426 3.006226
0.687940 0.029432 0.026281 0.014038 0.000907 0.228962 0.012440 3.009033
0.687903 0.029346 0.026295 0.014067 0.000917 0.229023 0.012449 3.011977
0.687826 0.029384 0.026358 0.014090 0.000915 0.228967 0.012460 3.014881
0.687919 0.029294 0.026302 0.014128 0.000923 0.228965 0.012468 3.017789
0.687949 0.029309 0.026217 0.014098 0.000926 0.229025 0.012476 3.020605
0.687987 0.029219 0.026180 0.014118 0.000930 0.229076 0.012491 3.023492
0.687930 0.029264 0.026172 0.014107 0.000937 0.229088 0.012502 3.026321
0.687924 0.029268 0.026222 0.014094 0.000927 0.229047 0.012518 3.029162
0.687970 0.029194 0.026330 0.014061 0.000922 0.228996 0.012527 3.032077
0.687986 0.029198 0.026290 0.014057 0.000915 0.229012 0.012542 3.034938
0.687905 0.029190 0.026315 0.014096 0.000903 0.229036 0.012557 3.037851
0.687869 0.029182 0.026334 0.014092 0.000903 0.229053 0.012568 3.040740
0.687928 0.029132 0.026316 0.014096 0.000901 0.229049 0.012579 3.043662
0.687876 0.029218 0.026251 0.014094 0.000900 0.229071 0.012590 3.046510
0.687860 0.029210 0.026233 0.014132 0.000890 0.229073 0.012602 3.049364
0.687906 0.029269 0.026246 0.014058 0.000883 0.229019 0.012618 3.052196
0.687877 0.029296 0.026228 0.014067 0.000886 0.229014 0.012632 3.055054
0.687801 0.029224 0.026267 0.014115 0.000885 0.229065 0.012644 3.058012
0.687762 0.029288 0.026269 0.014126 0.000886 0.229017 0.012652 3.060840
0.687765 0.029313 0.026249 0.014089 0.000882 0.229039 0.012664 3.063642
0.687748 0.029329 0.026217 0.014053 0.000891 0.229086 0.012677 3.066503
0.687687 0.029438 0.026201 0.014039 0.000887 0.229054 0.012694 3.069296
0.687684 0.029362 0.026219 0.014048 0.000884 0.229097 0.012707 3.072234
0.687769 0.029348 0.026141 0.014078 0.000887 0.229058 0.012720 3.075129
0.687852 0.029327 0.026107 0.014072 0.000888 0.229026 0.012729 3.077973
0.687852 0.029280 0.026044 0.014096 0.000887 0.229099 0.012741 3.080836
0.687908 0.029254 0.026009 0.014109 0.000887 0.229083 0.012751 3.083666
0.687907 0.029248 0.026095 0.014045 0.000892 0.229049 0.012763 3.086520
0.687931 0.029218 0.026082 0.014053 0.000891 0.229056 0.012771 3.089373
0.687913 0.029216 0.026067 0.014066 0.000897 0.229061 0.012781 3.092224
0.687976 0.029186 0.026039 0.014041 0.000908 0.229060 0.012790 3.095068
0.687941 0.029223 0.026030 0.014004 0.000918 0.229079 0.012803 3.097917
0.687928 0.029254 0.026087 0.013969 0.000921 0.229024 0.012817 3.100791
0.687939 0.029228 0.026066 0.014033 0.000911 0.228992 0.012830 3.103659
0.687950 0.029214 0.026029 0.014030 0.000905 0.229027 0.012846 3.106487
0.687905 0.029199 0.026031 0.013989 0.000907 0.229111 0.012859 3.109349
0.687922 0.029209 0.026064 0.014003 0.000897 0.229034 0.012870 3.112214
0.687934 0.029102 0.026163 0.014005 0.000904 0.229010 0.012882 3.115128
0.687963 0.029123 0.026182 0.013954 0.000915 0.228970 0.012894 3.117961
0.687986 0.029102 0.026151 0.013937 0.000922 0.228998 0.012905 3.120822
0.688053 0.029138 0.026124 0.013949 0.000912 0.228909 0.012915 3.123638
0.688090 0.029096 0.026092 0.013952 0.000916 0.228924 0.012929 3.126473
0.688087 0.029031 0.026120 0.013959 0.000922 0.228944 0.012938 3.129386
0.688201 0.028988 0.026138 0.013922 0.000914 0.228885 0.012953 3.132203
0.688191 0.028944 0.026134 0.013932 0.000907 0.228926 0.012965 3.135080
0.688260 0.028897 0.026157 0.013942 0.000915 0.228854 0.012975 3.137922
0.688297 0.028921 0.026150 0.013912 0.000915 0.228817 0.012989 3.140750
0.688349 0.028997 0.026036 0.013906 0.000902 0.228808 0.013003 3.143520
0.688390 0.028904 0.026041 0.013894 0.000910 0.228846 0.013015 3.146435
0.688461 0.028897 0.025989 0.013849 0.000912 0.228868 0.013023 3.149218
0.688514 0.028866 0.025925 0.013877 0.000899 0.228879 0.013040 3.152058
0.688669 0.028827 0.025817 0.013886 0.000893 0.228858 0.013050 3.154820
0.688665 0.028923 0.025841 0.013846 0.000887 0.228778 0.013060 3.157596
0.688744 0.028913 0.025776 0.013874 0.000889 0.228731 0.013073 3.160391
0.688832 0.028876 0.025861 0.013888 0.000895 0.228567 0.013082 3.163229
0.688793 0.028936 0.025814 0.013867 0.000891 0.228609 0.013091 3.165981
0.688793 0.028978 0.025749 0.013825 0.000893 0.228664 0.013099 3.168776
0.688854 0.028979 0.025766 0.013814 0.000899 0.228582 0.013107 3.171607
0.688840 0.028939 0.025834 0.013819 0.000896 0.228552 0.013121 3.174496
0.688859 0.028881 0.025891 0.013847 0.000897 0.228493 0.013131 3.177358
0.689022 0.028784 0.025880 0.013822 0.000902 0.228452 0.013139 3.180202
0.689066 0.028801 0.025888 0.013816 0.000901 0.228376 0.013153 3.183007
0.689080 0.028831 0.025913 0.013832 0.000891 0.228282 0.013170 3.185851
0.689109 0.028884 0.025876 0.013832 0.000896 0.228223 0.013183 3.188643
0.689088 0.028974 0.025873 0.013792 0.000897 0.228184 0.013192 3.191442
0.688997 0.029063 0.025847 0.013826 0.000900 0.228166 0.013201 3.194274
0.688977 0.029016 0.025868 0.013832 0.000896 0.228198 0.013214 3.197146
0.689038 0.028959 0.025816 0.013886 0.000903 0.228173 0.013225 3.199991
0.688960 0.029002 0.025833 0.013873 0.000909 0.228189 0.013234 3.202795
0.688915 0.029046 0.025866 0.013877 0.000909 0.228137 0.013249 3.205643
0.688958 0.029049 0.025892 0.013890 0.000910 0.228037 0.013266 3.208497
0.688992 0.029013 0.025879 0.013878 0.000911 0.228047 0.013280 3.211350
