0.349967 0.063182 0.056364 0.032449 0.002066 0.489960 0.006011 1.598153
0.352679 0.060569 0.056350 0.032228 0.002083 0.490057 0.006035 1.604230
0.356194 0.057408 0.056170 0.031831 0.002087 0.490245 0.006064 1.609952
0.360378 0.053876 0.055782 0.031423 0.002081 0.490372 0.006088 1.615464
0.364913 0.050444 0.055272 0.030807 0.002072 0.490375 0.006117 1.620532
0.369723 0.046970 0.054640 0.030131 0.002075 0.490314 0.006146 1.625338
0.374743 0.043654 0.053848 0.029437 0.002077 0.490068 0.006172 1.629869
0.379850 0.040542 0.052849 0.028580 0.002089 0.489888 0.006201 1.633972
0.385068 0.037609 0.051646 0.027775 0.002085 0.489589 0.006228 1.637794
0.390243 0.034821 0.050546 0.026929 0.002086 0.489120 0.006254 1.641404
0.395583 0.032270 0.049173 0.026038 0.002071 0.488580 0.006284 1.644694
0.401000 0.029884 0.047835 0.025165 0.002065 0.487740 0.006312 1.647752
0.406533 0.027602 0.046442 0.024271 0.002031 0.486778 0.006343 1.650635
0.411996 0.025641 0.044954 0.023345 0.002013 0.485690 0.006362 1.653176
0.417424 0.023746 0.043460 0.022473 0.001988 0.484518 0.006391 1.655603
0.422940 0.022020 0.041944 0.021577 0.001972 0.483132 0.006415 1.657853
0.428484 0.020417 0.040455 0.020714 0.001956 0.481532 0.006443 1.659928
0.433980 0.018974 0.038995 0.019835 0.001923 0.479831 0.006464 1.661836
0.439508 0.017659 0.037502 0.018983 0.001899 0.477962 0.006487 1.663603
0.445054 0.016354 0.036008 0.018163 0.001879 0.476037 0.006505 1.665298
0.450531 0.015177 0.034547 0.017363 0.001839 0.474011 0.006533 1.666854
0.456060 0.014082 0.033130 0.016642 0.001815 0.471711 0.006560 1.668322
0.461561 0.013154 0.031746 0.015888 0.001791 0.469272 0.006588 1.669625
0.467166 0.012237 0.030364 0.015158 0.001774 0.466694 0.006608 1.670884
0.472715 0.011426 0.029061 0.014413 0.001754 0.463996 0.006635 1.672023
0.478230 0.010643 0.027870 0.013726 0.001721 0.461151 0.006661 1.673109
0.483600 0.009943 0.026631 0.013080 0.001685 0.458379 0.006684 1.674135
0.489004 0.009316 0.025421 0.012466 0.001655 0.455427 0.006712 1.675057
0.494409 0.008734 0.024276 0.011852 0.001628 0.452372 0.006728 1.675912
0.499681 0.008188 0.023136 0.011291 0.001596 0.449357 0.006752 1.676737
0.505086 0.007680 0.022101 0.010737 0.001563 0.446062 0.006772 1.677527
0.510393 0.007184 0.021123 0.010186 0.001538 0.442784 0.006792 1.678271
0.515639 0.006733 0.020166 0.009688 0.001489 0.439472 0.006811 1.678964
0.520947 0.006302 0.019240 0.009199 0.001458 0.436020 0.006834 1.679615
0.526171 0.005897 0.018326 0.008739 0.001421 0.432592 0.006853 1.680247
0.531412 0.005559 0.017481 0.008314 0.001391 0.428975 0.006868 1.680802
0.536561 0.005247 0.016632 0.007869 0.001356 0.425447 0.006887 1.681309
0.541731 0.004957 0.015838 0.007487 0.001328 0.421756 0.006903 1.681818
0.546799 0.004690 0.015052 0.007077 0.001303 0.418156 0.006922 1.682268
0.551795 0.004427 0.014331 0.006711 0.001284 0.414520 0.006932 1.682713
0.556704 0.004206 0.013637 0.006395 0.001250 0.410859 0.006948 1.683127
0.561597 0.003984 0.012978 0.006066 0.001218 0.407193 0.006963 1.683527
0.566485 0.003748 0.012394 0.005751 0.001181 0.403458 0.006982 1.683938
0.571389 0.003564 0.011765 0.005494 0.001151 0.399641 0.006995 1.684280
0.576165 0.003376 0.011182 0.005231 0.001117 0.395918 0.007011 1.684623
0.580951 0.003226 0.010635 0.004949 0.001089 0.392123 0.007027 1.684940
0.585695 0.003058 0.010080 0.004673 0.001065 0.388392 0.007039 1.685254
0.590434 0.002911 0.009576 0.004430 0.001041 0.384556 0.007053 1.685553
0.595120 0.002767 0.009109 0.004196 0.001018 0.380718 0.007071 1.685835
0.599688 0.002633 0.008670 0.003981 0.000988 0.376959 0.007081 1.686108
0.604162 0.002509 0.008238 0.003798 0.000961 0.373239 0.007095 1.686355
0.608649 0.002385 0.007839 0.003625 0.000934 0.369461 0.007108 1.686612
0.613164 0.002302 0.007431 0.003441 0.000907 0.365638 0.007118 1.686824
0.617620 0.002202 0.007078 0.003252 0.000873 0.361842 0.007133 1.687038
0.621981 0.002108 0.006733 0.003103 0.000849 0.358082 0.007144 1.687264
0.626381 0.002019 0.006389 0.002943 0.000817 0.354291 0.007158 1.687460
0.630738 0.001928 0.006080 0.002803 0.000791 0.350491 0.007170 1.687653
0.634998 0.001834 0.005798 0.002659 0.000769 0.346762 0.007180 1.687849
0.639197 0.001777 0.005508 0.002536 0.000749 0.343045 0.007190 1.688016
0.643419 0.001695 0.005248 0.002425 0.000726 0.339289 0.007199 1.688193
0.647620 0.001607 0.004998 0.002319 0.000705 0.335540 0.007211 1.688368
0.651696 0.001547 0.004752 0.002211 0.000684 0.331889 0.007222 1.688510
0.655761 0.001479 0.004503 0.002133 0.000654 0.328236 0.007234 1.688666
0.659853 0.001410 0.004277 0.002009 0.000635 0.324573 0.007243 1.688820
0.663889 0.001361 0.004102 0.001904 0.000615 0.320876 0.007253 1.688957
0.667708 0.001330 0.003895 0.001811 0.000597 0.317396 0.007264 1.689080
0.671567 0.001288 0.003715 0.001717 0.000574 0.313868 0.007272 1.689205
0.675384 0.001245 0.003562 0.001653 0.000562 0.310315 0.007280 1.689331
0.679218 0.001191 0.003382 0.001583 0.000542 0.306798 0.007287 1.689451
0.683007 0.001133 0.003239 0.001514 0.000524 0.303287 0.007297 1.689577
0.686627 0.001101 0.003091 0.001434 0.000509 0.299937 0.007302 1.689683
0.690329 0.001068 0.002945 0.001353 0.000496 0.296503 0.007308 1.689781
0.694002 0.001045 0.002789 0.001286 0.000477 0.293086 0.007317 1.689876
0.697609 0.001018 0.002650 0.001216 0.000456 0.289726 0.007327 1.689971
0.701132 0.000993 0.002520 0.001158 0.000439 0.286425 0.007335 1.690057
0.704616 0.000958 0.002399 0.001109 0.000425 0.283152 0.007342 1.690156
0.708098 0.000922 0.002303 0.001064 0.000415 0.279854 0.007345 1.690253
0.711527 0.000898 0.002200 0.001016 0.000404 0.276605 0.007350 1.690339
0.714954 0.000871 0.002098 0.000968 0.000389 0.273363 0.007357 1.690422
0.718247 0.000847 0.002006 0.000924 0.000380 0.270236 0.007362 1.690502
0.721464 0.000817 0.001939 0.000883 0.000369 0.267161 0.007369 1.690586
0.724709 0.000804 0.001856 0.000847 0.000359 0.264051 0.007375 1.690658
0.727937 0.000787 0.001775 0.000809 0.000346 0.260966 0.007381 1.690730
0.731203 0.000765 0.001713 0.000780 0.000334 0.257820 0.007386 1.690805
0.734401 0.000740 0.001659 0.000754 0.000325 0.254731 0.007391 1.690882
0.737579 0.000720 0.001594 0.000717 0.000314 0.251682 0.007395 1.690958
0.740639 0.000699 0.001533 0.000688 0.000306 0.248738 0.007398 1.691032
0.743664 0.000678 0.001472 0.000667 0.000295 0.245825 0.007400 1.691099
0.746713 0.000662 0.001417 0.000633 0.000286 0.242886 0.007405 1.691161
0.749735 0.000634 0.001364 0.000611 0.000274 0.239973 0.007410 1.691226
0.752708 0.000602 0.001309 0.000596 0.000263 0.237108 0.007415 1.691296
0.755671 0.000590 0.001254 0.000569 0.000250 0.234246 0.007420 1.691345
0.758460 0.000575 0.001213 0.000545 0.000242 0.231543 0.007422 1.691402
0.761303 0.000559 0.001175 0.000531 0.000233 0.228773 0.007426 1.691461
0.764085 0.000550 0.001130 0.000510 0.000227 0.226071 0.007428 1.691512
0.766904 0.000536 0.001092 0.000485 0.000222 0.223332 0.007430 1.691566
0.769700 0.000518 0.001050 0.000472 0.000213 0.220613 0.007434 1.691613
0.772385 0.000505 0.001005 0.000451 0.000204 0.218012 0.007439 1.691660
0.775022 0.000499 0.000966 0.000429 0.000198 0.215444 0.007443 1.691703
0.777685 0.000481 0.000934 0.000413 0.000192 0.212851 0.007446 1.691756
0.780249 0.000461 0.000909 0.000398 0.000183 0.210353 0.007449 1.691805
0.782856 0.000434 0.000885 0.000383 0.000176 0.207815 0.007452 1.691865
0.785407 0.000426 0.000843 0.000368 0.000171 0.205333 0.007454 1.691909
0.787936 0.000415 0.000805 0.000359 0.000163 0.202867 0.007457 1.691950
0.790362 0.000403 0.000771 0.000347 0.000156 0.200501 0.007459 1.691993
0.792736 0.000391 0.000733 0.000328 0.000150 0.198200 0.007462 1.692033
0.795195 0.000375 0.000707 0.000320 0.000148 0.195793 0.007464 1.692068
0.797520 0.000362 0.000683 0.000313 0.000141 0.193515 0.007466 1.692111
0.799985 0.000357 0.000657 0.000297 0.000135 0.191101 0.007468 1.692147
0.802312 0.000348 0.000632 0.000284 0.000131 0.188823 0.007472 1.692183
0.804636 0.000339 0.000612 0.000279 0.000129 0.186533 0.007474 1.692221
0.806913 0.000328 0.000592 0.000268 0.000122 0.184302 0.007476 1.692255
0.809161 0.000318 0.000567 0.000261 0.000118 0.182097 0.007479 1.692287
0.811377 0.000305 0.000552 0.000251 0.000117 0.179919 0.007479 1.692320
0.813565 0.000294 0.000532 0.000244 0.000115 0.177770 0.007480 1.692349
0.815752 0.000291 0.000514 0.000232 0.000109 0.175621 0.007481 1.692375
0.817871 0.000286 0.000499 0.000225 0.000107 0.173530 0.007482 1.692405
0.820032 0.000285 0.000483 0.000219 0.000105 0.171395 0.007483 1.692431
0.822098 0.000270 0.000464 0.000207 0.000103 0.169375 0.007484 1.692463
0.824151 0.000262 0.000453 0.000196 0.000100 0.167354 0.007484 1.692487
0.826202 0.000251 0.000443 0.000194 0.000096 0.165329 0.007486 1.692516
0.828243 0.000244 0.000423 0.000188 0.000093 0.163323 0.007487 1.692543
0.830192 0.000243 0.000409 0.000182 0.000092 0.161395 0.007488 1.692565
0.832184 0.000242 0.000396 0.000177 0.000089 0.159424 0.007489 1.692585
0.834152 0.000231 0.000381 0.000172 0.000084 0.157489 0.007491 1.692608
0.836045 0.000232 0.000368 0.000167 0.000081 0.155614 0.007493 1.692626
0.837975 0.000227 0.000359 0.000165 0.000078 0.153702 0.007495 1.692650
0.839799 0.000217 0.000346 0.000160 0.000076 0.151907 0.007495 1.692676
0.841633 0.000212 0.000335 0.000153 0.000072 0.150099 0.007496 1.692697
0.843447 0.000209 0.000323 0.000151 0.000068 0.148304 0.007497 1.692718
0.845210 0.000205 0.000316 0.000148 0.000065 0.146559 0.007498 1.692743
0.846865 0.000202 0.000310 0.000144 0.000064 0.144917 0.007498 1.692762
0.848522 0.000200 0.000302 0.000137 0.000062 0.143279 0.007499 1.692781
0.850197 0.000197 0.000295 0.000132 0.000062 0.141618 0.007499 1.692798
0.851862 0.000203 0.000282 0.000124 0.000059 0.139969 0.007500 1.692811
0.853469 0.000202 0.000278 0.000121 0.000059 0.138370 0.007501 1.692829
0.855099 0.000197 0.000271 0.000120 0.000058 0.136754 0.007502 1.692848
0.856673 0.000183 0.000266 0.000117 0.000056 0.135202 0.007503 1.692873
0.858177 0.000179 0.000253 0.000117 0.000053 0.133718 0.007504 1.692889
0.859646 0.000176 0.000246 0.000118 0.000052 0.132259 0.007504 1.692906
0.861123 0.000174 0.000238 0.000111 0.000052 0.130799 0.007504 1.692920
0.862607 0.000167 0.000239 0.000105 0.000050 0.129327 0.007505 1.692940
0.864060 0.000165 0.000232 0.000104 0.000047 0.127885 0.007507 1.692955
0.865462 0.000163 0.000227 0.000098 0.000047 0.126495 0.007508 1.692970
0.866805 0.000160 0.000221 0.000092 0.000046 0.125167 0.007509 1.692985
0.868131 0.000155 0.000218 0.000087 0.000043 0.123857 0.007510 1.693000
0.869465 0.000145 0.000216 0.000087 0.000042 0.122536 0.007510 1.693018
0.870736 0.000146 0.000211 0.000086 0.000041 0.121269 0.007510 1.693031
0.872001 0.000137 0.000208 0.000086 0.000040 0.120017 0.007511 1.693052
0.873221 0.000133 0.000206 0.000084 0.000039 0.118804 0.007512 1.693067
0.874405 0.000131 0.000205 0.000082 0.000038 0.117626 0.007513 1.693080
0.875565 0.000127 0.000203 0.000081 0.000036 0.116474 0.007514 1.693091
0.876692 0.000123 0.000201 0.000081 0.000037 0.115352 0.007514 1.693103
0.877814 0.000119 0.000199 0.000076 0.000035 0.114242 0.007515 1.693116
0.878928 0.000120 0.000196 0.000073 0.000034 0.113133 0.007515 1.693124
0.880010 0.000119 0.000188 0.000070 0.000033 0.112064 0.007516 1.693134
0.881054 0.000114 0.000179 0.000070 0.000031 0.111036 0.007517 1.693146
0.882076 0.000109 0.000175 0.000068 0.000030 0.110024 0.007518 1.693158
0.883058 0.000107 0.000169 0.000067 0.000030 0.109051 0.007518 1.693168
0.883994 0.000106 0.000162 0.000061 0.000029 0.108129 0.007519 1.693176
0.884932 0.000106 0.000159 0.000060 0.000028 0.107194 0.007520 1.693185
0.885784 0.000098 0.000156 0.000061 0.000026 0.106354 0.007521 1.693197
0.886688 0.000090 0.000158 0.000058 0.000026 0.105458 0.007521 1.693210
0.887566 0.000090 0.000149 0.000053 0.000024 0.104595 0.007521 1.693218
0.888352 0.000097 0.000146 0.000052 0.000024 0.103808 0.007521 1.693227
0.889168 0.000098 0.000144 0.000049 0.000022 0.102997 0.007522 1.693234
0.889940 0.000096 0.000133 0.000048 0.000021 0.102238 0.007522 1.693241
0.890669 0.000098 0.000127 0.000048 0.000020 0.101513 0.007523 1.693249
0.891367 0.000095 0.000126 0.000047 0.000020 0.100822 0.007523 1.693261
0.892096 0.000087 0.000126 0.000048 0.000019 0.100100 0.007523 1.693271
0.892779 0.000088 0.000123 0.000046 0.000019 0.099423 0.007523 1.693278
0.893480 0.000084 0.000123 0.000048 0.000019 0.098724 0.007523 1.693289
0.894118 0.000089 0.000120 0.000045 0.000018 0.098088 0.007523 1.693293
0.894749 0.000085 0.000117 0.000043 0.000017 0.097465 0.007524 1.693301
0.895347 0.000078 0.000117 0.000044 0.000016 0.096873 0.007525 1.693313
0.895940 0.000080 0.000116 0.000042 0.000015 0.096282 0.007525 1.693320
0.896496 0.000080 0.000108 0.000044 0.000015 0.095732 0.007525 1.693327
0.897033 0.000079 0.000106 0.000043 0.000015 0.095198 0.007525 1.693335
0.897547 0.000076 0.000100 0.000043 0.000014 0.094693 0.007525 1.693341
0.898051 0.000075 0.000098 0.000044 0.000014 0.094193 0.007525 1.693349
0.898550 0.000074 0.000096 0.000043 0.000014 0.093697 0.007526 1.693355
0.899006 0.000071 0.000096 0.000043 0.000013 0.093245 0.007526 1.693364
0.899456 0.000069 0.000096 0.000039 0.000013 0.092801 0.007526 1.693370
0.899913 0.000063 0.000094 0.000040 0.000013 0.092351 0.007526 1.693379
0.900326 0.000064 0.000090 0.000040 0.000013 0.091940 0.007526 1.693385
0.900754 0.000065 0.000088 0.000040 0.000013 0.091513 0.007526 1.693390
0.901142 0.000067 0.000081 0.000040 0.000013 0.091131 0.007526 1.693394
0.901545 0.000063 0.000082 0.000040 0.000013 0.090731 0.007527 1.693401
0.901913 0.000062 0.000080 0.000040 0.000013 0.090364 0.007527 1.693408
0.902306 0.000062 0.000076 0.000038 0.000012 0.089978 0.007527 1.693412
0.902651 0.000060 0.000076 0.000036 0.000012 0.089638 0.007527 1.693418
0.903007 0.000061 0.000075 0.000034 0.000013 0.089284 0.007527 1.693425
0.903321 0.000061 0.000073 0.000033 0.000013 0.088972 0.007528 1.693429
0.903614 0.000061 0.000070 0.000031 0.000013 0.088685 0.007528 1.693433
0.903895 0.000059 0.000067 0.000030 0.000012 0.088409 0.007528 1.693437
0.904165 0.000061 0.000066 0.000030 0.000012 0.088139 0.007528 1.693441
0.904443 0.000062 0.000064 0.000029 0.000011 0.087864 0.007528 1.693446
0.904720 0.000061 0.000061 0.000029 0.000011 0.087591 0.007528 1.693452
0.904988 0.000063 0.000058 0.000027 0.000010 0.087326 0.007529 1.693455
0.905259 0.000058 0.000058 0.000028 0.000009 0.087059 0.007529 1.693462
0.905485 0.000055 0.000056 0.000028 0.000010 0.086838 0.007529 1.693468
0.905716 0.000053 0.000054 0.000025 0.000010 0.086613 0.007529 1.693472
0.905938 0.000049 0.000055 0.000025 0.000009 0.086395 0.007529 1.693479
0.906179 0.000046 0.000053 0.000026 0.000009 0.086158 0.007529 1.693487
0.906390 0.000047 0.000053 0.000026 0.000009 0.085947 0.007529 1.693492
0.906588 0.000046 0.000051 0.000028 0.000009 0.085750 0.007529 1.693498
0.906774 0.000045 0.000051 0.000030 0.000008 0.085563 0.007529 1.693504
0.906975 0.000046 0.000048 0.000029 0.000008 0.085364 0.007529 1.693508
0.907175 0.000045 0.000046 0.000028 0.000008 0.085168 0.007529 1.693512
0.907375 0.000045 0.000047 0.000028 0.000008 0.084968 0.007529 1.693516
0.907569 0.000046 0.000049 0.000026 0.000008 0.084773 0.007529 1.693521
0.907737 0.000044 0.000049 0.000023 0.000008 0.084609 0.007529 1.693525
0.907926 0.000042 0.000051 0.000021 0.000007 0.084423 0.007529 1.693531
0.908120 0.000041 0.000050 0.000023 0.000007 0.084229 0.007529 1.693535
0.908273 0.000039 0.000050 0.000023 0.000006 0.084080 0.007530 1.693540
0.908434 0.000040 0.000051 0.000021 0.000006 0.083917 0.007530 1.693543
0.908600 0.000037 0.000051 0.000021 0.000006 0.083755 0.007530 1.693549
0.908737 0.000039 0.000049 0.000020 0.000006 0.083618 0.007530 1.693552
0.908876 0.000040 0.000048 0.000021 0.000006 0.083479 0.007530 1.693555
0.909012 0.000040 0.000048 0.000020 0.000006 0.083342 0.007530 1.693559
0.909151 0.000038 0.000047 0.000020 0.000006 0.083209 0.007530 1.693564
0.909290 0.000042 0.000045 0.000018 0.000005 0.083069 0.007530 1.693565
0.909420 0.000040 0.000044 0.000017 0.000005 0.082944 0.007530 1.693569
0.909551 0.000038 0.000045 0.000017 0.000005 0.082813 0.007530 1.693574
0.909674 0.000038 0.000040 0.000014 0.000005 0.082699 0.007530 1.693576
0.909794 0.000038 0.000035 0.000014 0.000005 0.082583 0.007530 1.693578
0.909910 0.000035 0.000036 0.000014 0.000005 0.082469 0.007530 1.693581
0.910025 0.000034 0.000034 0.000015 0.000004 0.082358 0.007530 1.693584
0.910128 0.000032 0.000034 0.000014 0.000004 0.082257 0.007530 1.693587
0.910237 0.000032 0.000034 0.000014 0.000004 0.082148 0.007530 1.693589
0.910334 0.000030 0.000034 0.000014 0.000004 0.082054 0.007530 1.693593
0.910415 0.000028 0.000033 0.000014 0.000004 0.081976 0.007530 1.693595
0.910493 0.000027 0.000033 0.000015 0.000004 0.081897 0.007530 1.693599
0.910585 0.000027 0.000036 0.000014 0.000004 0.081803 0.007530 1.693603
0.910668 0.000025 0.000037 0.000014 0.000003 0.081722 0.007530 1.693606
0.910744 0.000026 0.000036 0.000014 0.000003 0.081646 0.007530 1.693610
0.910817 0.000025 0.000037 0.000015 0.000003 0.081572 0.007530 1.693613
0.910893 0.000024 0.000037 0.000016 0.000003 0.081496 0.007531 1.693616
0.910970 0.000025 0.000035 0.000014 0.000003 0.081422 0.007531 1.693619
0.911037 0.000024 0.000035 0.000014 0.000003 0.081356 0.007531 1.693621
0.911100 0.000023 0.000033 0.000012 0.000003 0.081297 0.007531 1.693623
0.911167 0.000023 0.000032 0.000012 0.000003 0.081231 0.007531 1.693625
0.911238 0.000022 0.000031 0.000012 0.000003 0.081164 0.007531 1.693628
0.911309 0.000021 0.000032 0.000012 0.000003 0.081093 0.007531 1.693632
0.911378 0.000022 0.000029 0.000012 0.000002 0.081026 0.007532 1.693632
0.911434 0.000021 0.000029 0.000011 0.000002 0.080972 0.007532 1.693634
0.911488 0.000023 0.000028 0.000010 0.000002 0.080918 0.007532 1.693635
0.911542 0.000024 0.000024 0.000010 0.000002 0.080867 0.007532 1.693636
0.911583 0.000021 0.000024 0.000008 0.000002 0.080829 0.007532 1.693639
0.911626 0.000023 0.000023 0.000010 0.000002 0.080784 0.007532 1.693640
0.911677 0.000026 0.000021 0.000008 0.000002 0.080734 0.007532 1.693641
0.911717 0.000022 0.000024 0.000009 0.000002 0.080695 0.007532 1.693646
0.911758 0.000022 0.000022 0.000009 0.000002 0.080656 0.007532 1.693649
0.911802 0.000022 0.000022 0.000008 0.000002 0.080612 0.007532 1.693651
0.911840 0.000019 0.000025 0.000007 0.000002 0.080575 0.007532 1.693655
0.911880 0.000018 0.000024 0.000007 0.000002 0.080538 0.007532 1.693657
0.911914 0.000017 0.000023 0.000008 0.000002 0.080504 0.007532 1.693659
0.911956 0.000015 0.000022 0.000009 0.000002 0.080465 0.007532 1.693662
0.911998 0.000014 0.000021 0.000008 0.000002 0.080425 0.007532 1.693664
0.912044 0.000013 0.000021 0.000008 0.000002 0.080381 0.007532 1.693665
0.912075 0.000015 0.000017 0.000008 0.000002 0.080353 0.007532 1.693666
0.912104 0.000014 0.000016 0.000008 0.000002 0.080326 0.007532 1.693667
0.912132 0.000014 0.000017 0.000008 0.000002 0.080296 0.007532 1.693668
0.912166 0.000015 0.000018 0.000008 0.000002 0.080261 0.007532 1.693669
0.912192 0.000014 0.000018 0.000008 0.000001 0.080237 0.007532 1.693670
0.912223 0.000014 0.000017 0.000006 0.000001 0.080208 0.007532 1.693671
0.912248 0.000015 0.000017 0.000006 0.000001 0.080183 0.007532 1.693672
0.912277 0.000013 0.000018 0.000007 0.000001 0.080154 0.007532 1.693675
0.912304 0.000012 0.000015 0.000007 0.000001 0.080131 0.007532 1.693676
0.912329 0.000013 0.000015 0.000007 0.000001 0.080105 0.007532 1.693676
0.912355 0.000012 0.000014 0.000007 0.000001 0.080080 0.007532 1.693677
0.912383 0.000012 0.000014 0.000006 0.000001 0.080053 0.007532 1.693679
0.912412 0.000010 0.000014 0.000007 0.000001 0.080025 0.007532 1.693680
0.912432 0.000008 0.000015 0.000007 0.000001 0.080005 0.007532 1.693683
0.912452 0.000008 0.000015 0.000007 0.000000 0.079986 0.007532 1.693684
0.912486 0.000008 0.000016 0.000006 0.000000 0.079953 0.007532 1.693685
0.912512 0.000008 0.000015 0.000005 0.000000 0.079928 0.007532 1.693686
0.912533 0.000008 0.000015 0.000005 0.000000 0.079907 0.007532 1.693686
0.912551 0.000008 0.000014 0.000005 0.000000 0.079890 0.007532 1.693687
0.912576 0.000008 0.000013 0.000005 0.000000 0.079865 0.007532 1.693687
0.912601 0.000010 0.000013 0.000004 0.000000 0.079841 0.007532 1.693688
0.912621 0.000010 0.000011 0.000005 0.000000 0.079821 0.007532 1.693689
0.912639 0.000010 0.000010 0.000005 0.000000 0.079804 0.007532 1.693689
0.912655 0.000009 0.000010 0.000004 0.000000 0.079790 0.007532 1.693691
0.912674 0.000007 0.000010 0.000004 0.000000 0.079772 0.007532 1.693693
0.912692 0.000007 0.000012 0.000005 0.000000 0.079753 0.007532 1.693694
0.912703 0.000006 0.000011 0.000005 0.000000 0.079743 0.007532 1.693695
0.912714 0.000007 0.000011 0.000005 0.000000 0.079731 0.007532 1.693695
0.912727 0.000007 0.000011 0.000005 0.000000 0.079718 0.007532 1.693696
0.912740 0.000006 0.000011 0.000004 0.000000 0.079708 0.007532 1.693696
0.912753 0.000006 0.000012 0.000003 0.000000 0.079694 0.007532 1.693697
0.912772 0.000006 0.000011 0.000003 0.000000 0.079675 0.007532 1.693697
0.912782 0.000006 0.000011 0.000003 0.000000 0.079666 0.007532 1.693698
0.912802 0.000005 0.000010 0.000003 0.000000 0.079648 0.007532 1.693698
0.912813 0.000005 0.000009 0.000004 0.000000 0.079638 0.007532 1.693699
0.912824 0.000005 0.000009 0.000004 0.000000 0.079626 0.007532 1.693699
0.912834 0.000006 0.000008 0.000004 0.000000 0.079616 0.007532 1.693700
0.912845 0.000007 0.000008 0.000004 0.000000 0.079604 0.007532 1.693700
0.912859 0.000007 0.000008 0.000004 0.000000 0.079591 0.007532 1.693701
0.912873 0.000005 0.000008 0.000006 0.000000 0.079577 0.007532 1.693703
0.912887 0.000005 0.000006 0.000006 0.000000 0.079564 0.007532 1.693703
0.912905 0.000005 0.000007 0.000005 0.000000 0.079546 0.007532 1.693703
0.912914 0.000007 0.000007 0.000004 0.000000 0.079537 0.007532 1.693704
0.912927 0.000006 0.000006 0.000004 0.000000 0.079525 0.007532 1.693705
0.912940 0.000006 0.000007 0.000004 0.000000 0.079510 0.007532 1.693706
0.912950 0.000006 0.000008 0.000004 0.000000 0.079500 0.007532 1.693707
0.912962 0.000006 0.000007 0.000004 0.000000 0.079489 0.007532 1.693707
0.912973 0.000008 0.000007 0.000003 0.000000 0.079476 0.007532 1.693707
0.912981 0.000008 0.000007 0.000004 0.000000 0.079469 0.007532 1.693709
0.912988 0.000008 0.000007 0.000004 0.000000 0.079461 0.007532 1.693709
0.912995 0.000008 0.000006 0.000003 0.000000 0.079456 0.007532 1.693709
0.912999 0.000008 0.000006 0.000003 0.000000 0.079451 0.007532 1.693710
0.913006 0.000009 0.000007 0.000003 0.000000 0.079444 0.007532 1.693711
0.913008 0.000010 0.000007 0.000003 0.000000 0.079440 0.007532 1.693712
0.913013 0.000009 0.000008 0.000003 0.000000 0.079435 0.007532 1.693713
0.913017 0.000010 0.000007 0.000003 0.000000 0.079430 0.007532 1.693714
0.913023 0.000008 0.000008 0.000003 0.000000 0.079425 0.007532 1.693715
0.913030 0.000008 0.000008 0.000003 0.000000 0.079418 0.007532 1.693716
0.913040 0.000008 0.000008 0.000003 0.000000 0.079409 0.007532 1.693717
0.913047 0.000008 0.000008 0.000003 0.000000 0.079402 0.007532 1.693717
0.913055 0.000007 0.000007 0.000003 0.000000 0.079395 0.007532 1.693719
0.913061 0.000009 0.000007 0.000003 0.000000 0.079387 0.007532 1.693719
0.913065 0.000009 0.000007 0.000004 0.000000 0.079383 0.007532 1.693719
0.913069 0.000009 0.000007 0.000004 0.000000 0.079378 0.007532 1.693720
0.913073 0.000008 0.000007 0.000004 0.000001 0.079374 0.007532 1.693722
0.913079 0.000009 0.000007 0.000005 0.000001 0.079368 0.007532 1.693723
0.913081 0.000012 0.000007 0.000005 0.000000 0.079363 0.007532 1.693724
0.913086 0.000012 0.000007 0.000006 0.000000 0.079357 0.007532 1.693725
0.913087 0.000012 0.000008 0.000006 0.000000 0.079355 0.007532 1.693727
0.913091 0.000013 0.000006 0.000006 0.000000 0.079352 0.007532 1.693727
0.913095 0.000014 0.000007 0.000005 0.000000 0.079347 0.007532 1.693729
0.913096 0.000012 0.000008 0.000006 0.000000 0.079346 0.007532 1.693732
0.913096 0.000011 0.000010 0.000007 0.000000 0.079344 0.007532 1.693734
0.913097 0.000011 0.000008 0.000008 0.000000 0.079344 0.007532 1.693736
0.913101 0.000011 0.000009 0.000006 0.000000 0.079341 0.007532 1.693737
0.913104 0.000009 0.000010 0.000006 0.000000 0.079338 0.007532 1.693739
0.913107 0.000008 0.000009 0.000006 0.000000 0.079338 0.007532 1.693740
0.913108 0.000008 0.000010 0.000006 0.000000 0.079336 0.007532 1.693741
0.913107 0.000010 0.000010 0.000006 0.000000 0.079335 0.007532 1.693741
0.913107 0.000012 0.000011 0.000006 0.000000 0.079333 0.007532 1.693742
0.913109 0.000012 0.000010 0.000006 0.000000 0.079331 0.007532 1.693743
0.913112 0.000012 0.000010 0.000006 0.000000 0.079329 0.007532 1.693743
0.913114 0.000012 0.000010 0.000005 0.000000 0.079327 0.007532 1.693744
0.913120 0.000010 0.000011 0.000005 0.000000 0.079322 0.007532 1.693745
0.913121 0.000010 0.000011 0.000003 0.000000 0.079322 0.007532 1.693746
0.913125 0.000008 0.000012 0.000003 0.000000 0.079320 0.007532 1.693748
0.913123 0.000012 0.000011 0.000003 0.000000 0.079318 0.007532 1.693748
0.913126 0.000013 0.000011 0.000003 0.000000 0.079315 0.007532 1.693748
0.913127 0.000014 0.000010 0.000003 0.000000 0.079315 0.007532 1.693749
0.913129 0.000014 0.000009 0.000003 0.000000 0.079313 0.007532 1.693750
0.913130 0.000016 0.000008 0.000004 0.000000 0.079311 0.007532 1.693750
0.913133 0.000014 0.000008 0.000003 0.000000 0.079309 0.007532 1.693752
0.913135 0.000014 0.000010 0.000004 0.000000 0.079305 0.007532 1.693753
0.913136 0.000013 0.000008 0.000004 0.000000 0.079306 0.007532 1.693754
0.913137 0.000013 0.000008 0.000003 0.000000 0.079306 0.007532 1.693755
0.913139 0.000012 0.000008 0.000004 0.000000 0.079305 0.007532 1.693756
0.913141 0.000010 0.000009 0.000004 0.000000 0.079304 0.007532 1.693758
0.913142 0.000010 0.000009 0.000005 0.000000 0.079301 0.007532 1.693759
0.913145 0.000010 0.000009 0.000004 0.000000 0.079299 0.007532 1.693760
0.913146 0.000010 0.000010 0.000004 0.000000 0.079298 0.007532 1.693760
0.913148 0.000012 0.000009 0.000004 0.000000 0.079296 0.007532 1.693760
0.913150 0.000011 0.000008 0.000004 0.000000 0.079295 0.007532 1.693761
0.913151 0.000012 0.000009 0.000004 0.000000 0.079293 0.007532 1.693762
0.913154 0.000011 0.000010 0.000005 0.000000 0.079290 0.007532 1.693763
0.913156 0.000010 0.000010 0.000004 0.000000 0.079288 0.007532 1.693764
0.913157 0.000010 0.000009 0.000003 0.000000 0.079288 0.007532 1.693764
0.913158 0.000010 0.000009 0.000004 0.000000 0.079287 0.007532 1.693765
0.913160 0.000009 0.000009 0.000005 0.000000 0.079286 0.007532 1.693766
0.913162 0.000008 0.000008 0.000005 0.000000 0.079284 0.007532 1.693767
0.913164 0.000008 0.000008 0.000005 0.000000 0.079283 0.007532 1.693767
0.913166 0.000008 0.000008 0.000005 0.000000 0.079282 0.007532 1.693768
0.913168 0.000007 0.000007 0.000005 0.000000 0.079282 0.007532 1.693770
0.913169 0.000007 0.000007 0.000003 0.000000 0.079281 0.007532 1.693770
0.913171 0.000005 0.000007 0.000005 0.000000 0.079279 0.007532 1.693772
0.913173 0.000005 0.000006 0.000005 0.000000 0.079279 0.007532 1.693772
0.913173 0.000005 0.000008 0.000004 0.000000 0.079278 0.007532 1.693773
0.913174 0.000005 0.000007 0.000004 0.000000 0.079278 0.007532 1.693773
0.913175 0.000005 0.000006 0.000003 0.000000 0.079279 0.007532 1.693773
0.913175 0.000005 0.000006 0.000004 0.000000 0.079278 0.007532 1.693774
0.913178 0.000005 0.000006 0.000003 0.000000 0.079277 0.007532 1.693774
0.913179 0.000005 0.000006 0.000003 0.000000 0.079275 0.007532 1.693775
0.913180 0.000005 0.000005 0.000003 0.000000 0.079275 0.007532 1.693775
0.913181 0.000005 0.000004 0.000003 0.000000 0.079275 0.007532 1.693775
0.913183 0.000005 0.000003 0.000003 0.000000 0.079274 0.007532 1.693775
0.913183 0.000005 0.000003 0.000004 0.000000 0.079274 0.007532 1.693776
0.913185 0.000005 0.000003 0.000004 0.000000 0.079272 0.007533 1.693776
0.913186 0.000005 0.000003 0.000003 0.000000 0.079272 0.007533 1.693776
0.913189 0.000005 0.000003 0.000003 0.000000 0.079269 0.007533 1.693777
0.913191 0.000005 0.000003 0.000003 0.000000 0.079267 0.007533 1.693777
0.913192 0.000005 0.000003 0.000002 0.000000 0.079266 0.007533 1.693777
0.913194 0.000005 0.000004 0.000002 0.000000 0.079264 0.007533 1.693778
0.913194 0.000003 0.000005 0.000002 0.000000 0.079263 0.007533 1.693779
0.913196 0.000004 0.000005 0.000002 0.000000 0.079261 0.007533 1.693779
0.913198 0.000004 0.000005 0.000001 0.000000 0.079260 0.007533 1.693780
0.913199 0.000004 0.000005 0.000001 0.000000 0.079259 0.007533 1.693780
0.913200 0.000005 0.000005 0.000001 0.000000 0.079258 0.007533 1.693780
0.913200 0.000005 0.000005 0.000001 0.000000 0.079256 0.007533 1.693780
0.913202 0.000006 0.000005 0.000001 0.000000 0.079255 0.007533 1.693780
0.913203 0.000006 0.000005 0.000000 0.000000 0.079254 0.007533 1.693781
0.913205 0.000006 0.000005 0.000000 0.000000 0.079252 0.007533 1.693781
0.913208 0.000006 0.000005 0.000000 0.000000 0.079249 0.007533 1.693781
0.913210 0.000006 0.000005 0.000000 0.000000 0.079246 0.007533 1.693781
0.913212 0.000006 0.000004 0.000000 0.000000 0.079247 0.007533 1.693782
0.913212 0.000006 0.000004 0.000000 0.000000 0.079246 0.007533 1.693782
0.913213 0.000005 0.000004 0.000000 0.000000 0.079246 0.007533 1.693783
0.913215 0.000005 0.000003 0.000000 0.000000 0.079244 0.007533 1.693783
0.913218 0.000005 0.000003 0.000000 0.000000 0.079241 0.007533 1.693783
0.913218 0.000005 0.000004 0.000000 0.000000 0.079240 0.007533 1.693784
0.913219 0.000005 0.000004 0.000000 0.000000 0.079239 0.007533 1.693784
0.913220 0.000004 0.000005 0.000000 0.000000 0.079239 0.007533 1.693786
0.913222 0.000005 0.000004 0.000000 0.000000 0.079237 0.007533 1.693786
0.913222 0.000005 0.000005 0.000000 0.000000 0.079236 0.007533 1.693787
0.913221 0.000004 0.000007 0.000000 0.000000 0.079236 0.007533 1.693789
0.913221 0.000004 0.000006 0.000001 0.000000 0.079235 0.007533 1.693790
0.913223 0.000004 0.000006 0.000001 0.000000 0.079234 0.007533 1.693790
0.913225 0.000005 0.000005 0.000001 0.000000 0.079232 0.007533 1.693790
0.913227 0.000003 0.000004 0.000002 0.000000 0.079232 0.007533 1.693791
0.913228 0.000003 0.000004 0.000002 0.000000 0.079230 0.007533 1.693791
0.913229 0.000004 0.000004 0.000002 0.000000 0.079229 0.007533 1.693791
0.913229 0.000003 0.000005 0.000002 0.000000 0.079229 0.007533 1.693792
0.913230 0.000005 0.000005 0.000002 0.000000 0.079228 0.007533 1.693792
0.913231 0.000004 0.000005 0.000001 0.000000 0.079227 0.007533 1.693793
0.913233 0.000005 0.000005 0.000000 0.000000 0.079226 0.007533 1.693793
0.913235 0.000005 0.000003 0.000000 0.000000 0.079225 0.007533 1.693793
0.913237 0.000005 0.000003 0.000000 0.000000 0.079222 0.007533 1.693793
0.913237 0.000006 0.000003 0.000000 0.000000 0.079221 0.007533 1.693793
0.913239 0.000005 0.000005 0.000001 0.000000 0.079218 0.007533 1.693794
0.913241 0.000004 0.000005 0.000002 0.000000 0.079216 0.007533 1.693795
0.913242 0.000004 0.000005 0.000002 0.000000 0.079216 0.007533 1.693795
0.913245 0.000003 0.000005 0.000001 0.000000 0.079214 0.007533 1.693796
0.913245 0.000004 0.000005 0.000000 0.000000 0.079214 0.007533 1.693796
0.913246 0.000004 0.000005 0.000000 0.000000 0.079213 0.007533 1.693796
0.913246 0.000005 0.000004 0.000001 0.000000 0.079212 0.007533 1.693797
0.913249 0.000005 0.000005 0.000001 0.000000 0.079209 0.007533 1.693798
0.913250 0.000003 0.000005 0.000002 0.000000 0.079208 0.007533 1.693799
0.913252 0.000003 0.000005 0.000002 0.000000 0.079206 0.007533 1.693799
0.913251 0.000004 0.000005 0.000001 0.000000 0.079206 0.007533 1.693800
0.913253 0.000003 0.000005 0.000001 0.000000 0.079206 0.007533 1.693800
0.913253 0.000004 0.000005 0.000001 0.000000 0.079206 0.007533 1.693800
0.913253 0.000005 0.000003 0.000001 0.000000 0.079206 0.007533 1.693800
0.913255 0.000005 0.000003 0.000001 0.000000 0.079204 0.007533 1.693801
0.913256 0.000005 0.000003 0.000001 0.000000 0.079203 0.007533 1.693801
0.913257 0.000005 0.000003 0.000001 0.000000 0.079202 0.007533 1.693802
0.913259 0.000003 0.000003 0.000002 0.000000 0.079200 0.007533 1.693803
0.913261 0.000003 0.000003 0.000002 0.000000 0.079198 0.007533 1.693803
0.913262 0.000003 0.000003 0.000002 0.000000 0.079196 0.007533 1.693803
0.913263 0.000003 0.000004 0.000002 0.000000 0.079195 0.007533 1.693804
0.913263 0.000004 0.000004 0.000002 0.000000 0.079195 0.007533 1.693804
0.913264 0.000004 0.000004 0.000002 0.000000 0.079193 0.007533 1.693804
0.913265 0.000003 0.000004 0.000003 0.000000 0.079192 0.007533 1.693805
0.913266 0.000003 0.000005 0.000003 0.000000 0.079191 0.007533 1.693805
0.913268 0.000003 0.000004 0.000003 0.000000 0.079190 0.007533 1.693805
0.913268 0.000004 0.000004 0.000003 0.000000 0.079190 0.007533 1.693805
0.913268 0.000003 0.000003 0.000003 0.000000 0.079191 0.007533 1.693806
0.913268 0.000004 0.000003 0.000003 0.000000 0.079190 0.007533 1.693806
0.913268 0.000004 0.000003 0.000003 0.000000 0.079190 0.007533 1.693806
0.913269 0.000005 0.000003 0.000003 0.000000 0.079189 0.007533 1.693806
0.913269 0.000005 0.000002 0.000003 0.000000 0.079189 0.007533 1.693806
0.913270 0.000005 0.000002 0.000003 0.000000 0.079189 0.007533 1.693807
0.913270 0.000005 0.000002 0.000003 0.000000 0.079188 0.007533 1.693807
0.913271 0.000005 0.000002 0.000003 0.000000 0.079188 0.007533 1.693807
0.913273 0.000005 0.000002 0.000003 0.000000 0.079186 0.007533 1.693807
0.913273 0.000005 0.000002 0.000003 0.000000 0.079185 0.007533 1.693807
0.913274 0.000004 0.000002 0.000003 0.000000 0.079185 0.007533 1.693808
0.913273 0.000005 0.000002 0.000004 0.000000 0.079185 0.007533 1.693809
0.913274 0.000005 0.000002 0.000004 0.000000 0.079184 0.007533 1.693809
0.913275 0.000005 0.000002 0.000004 0.000000 0.079182 0.007533 1.693809
0.913276 0.000004 0.000003 0.000003 0.000000 0.079182 0.007533 1.693810
0.913276 0.000003 0.000003 0.000003 0.000000 0.079182 0.007533 1.693811
0.913276 0.000005 0.000003 0.000003 0.000000 0.079181 0.007533 1.693811
0.913275 0.000006 0.000003 0.000003 0.000000 0.079180 0.007533 1.693811
0.913275 0.000006 0.000003 0.000003 0.000000 0.079180 0.007533 1.693811
0.913274 0.000007 0.000003 0.000003 0.000000 0.079180 0.007533 1.693811
0.913275 0.000007 0.000004 0.000003 0.000000 0.079179 0.007533 1.693812
0.913275 0.000006 0.000004 0.000003 0.000000 0.079180 0.007533 1.693813
0.913274 0.000006 0.000005 0.000003 0.000000 0.079181 0.007533 1.693814
0.913274 0.000006 0.000005 0.000003 0.000000 0.079181 0.007533 1.693814
0.913273 0.000006 0.000005 0.000003 0.000000 0.079181 0.007533 1.693816
0.913274 0.000004 0.000006 0.000003 0.000000 0.079181 0.007533 1.693817
0.913273 0.000004 0.000006 0.000003 0.000000 0.079181 0.007533 1.693818
0.913273 0.000004 0.000005 0.000003 0.000001 0.079181 0.007533 1.693818
0.913274 0.000005 0.000005 0.000003 0.000001 0.079180 0.007533 1.693818
0.913274 0.000005 0.000006 0.000003 0.000001 0.079180 0.007533 1.693819
0.913276 0.000005 0.000006 0.000003 0.000001 0.079179 0.007533 1.693819
0.913276 0.000005 0.000005 0.000003 0.000001 0.079179 0.007533 1.693819
0.913276 0.000005 0.000005 0.000003 0.000001 0.079179 0.007533 1.693820
0.913277 0.000004 0.000003 0.000003 0.000001 0.079179 0.007533 1.693821
0.913277 0.000004 0.000003 0.000002 0.000001 0.079180 0.007533 1.693821
0.913277 0.000005 0.000004 0.000002 0.000001 0.079180 0.007533 1.693822
0.913277 0.000004 0.000004 0.000003 0.000001 0.079179 0.007533 1.693822
0.913277 0.000004 0.000005 0.000003 0.000001 0.079179 0.007533 1.693823
0.913279 0.000005 0.000005 0.000003 0.000001 0.079176 0.007533 1.693823
0.913279 0.000004 0.000005 0.000003 0.000001 0.079176 0.007533 1.693824
0.913280 0.000005 0.000005 0.000002 0.000001 0.079176 0.007533 1.693824
0.913280 0.000004 0.000006 0.000001 0.000001 0.079177 0.007533 1.693825
0.913280 0.000003 0.000006 0.000001 0.000000 0.079178 0.007533 1.693826
0.913280 0.000003 0.000006 0.000001 0.000000 0.079178 0.007533 1.693826
0.913281 0.000003 0.000006 0.000001 0.000000 0.079177 0.007533 1.693826
0.913281 0.000003 0.000006 0.000001 0.000000 0.079177 0.007533 1.693826
0.913281 0.000003 0.000005 0.000001 0.000000 0.079178 0.007533 1.693827
0.913281 0.000003 0.000005 0.000001 0.000000 0.079177 0.007533 1.693827
0.913282 0.000003 0.000006 0.000001 0.000000 0.079177 0.007533 1.693827
0.913283 0.000003 0.000005 0.000001 0.000000 0.079176 0.007533 1.693827
0.913284 0.000003 0.000005 0.000001 0.000000 0.079175 0.007533 1.693827
0.913285 0.000001 0.000005 0.000001 0.000000 0.079175 0.007533 1.693828
0.913285 0.000001 0.000003 0.000001 0.000000 0.079176 0.007533 1.693828
0.913285 0.000001 0.000003 0.000001 0.000000 0.079176 0.007533 1.693828
0.913285 0.000002 0.000003 0.000001 0.000000 0.079176 0.007533 1.693828
0.913287 0.000001 0.000003 0.000001 0.000000 0.079176 0.007533 1.693829
0.913287 0.000001 0.000003 0.000001 0.000000 0.079176 0.007533 1.693829
0.913288 0.000001 0.000003 0.000001 0.000000 0.079175 0.007533 1.693829
0.913289 0.000001 0.000003 0.000001 0.000000 0.079174 0.007533 1.693829
0.913289 0.000000 0.000003 0.000001 0.000000 0.079174 0.007533 1.693830
0.913291 0.000000 0.000003 0.000001 0.000000 0.079173 0.007533 1.693830
0.913291 0.000001 0.000003 0.000001 0.000000 0.079172 0.007533 1.693830
0.913291 0.000002 0.000003 0.000001 0.000000 0.079171 0.007533 1.693830
0.913292 0.000001 0.000003 0.000001 0.000000 0.079171 0.007533 1.693830
0.913293 0.000001 0.000003 0.000001 0.000000 0.079170 0.007533 1.693830
0.913293 0.000001 0.000003 0.000001 0.000000 0.079170 0.007533 1.693830
0.913294 0.000001 0.000003 0.000001 0.000000 0.079169 0.007533 1.693830
0.913295 0.000001 0.000003 0.000001 0.000000 0.079168 0.007533 1.693830
0.913295 0.000001 0.000003 0.000001 0.000000 0.079168 0.007533 1.693830
0.913295 0.000002 0.000003 0.000001 0.000000 0.079167 0.007533 1.693830
0.913296 0.000002 0.000003 0.000000 0.000000 0.079167 0.007533 1.693830
0.913296 0.000002 0.000003 0.000000 0.000000 0.079167 0.007533 1.693830
0.913297 0.000002 0.000002 0.000000 0.000000 0.079167 0.007533 1.693830
0.913297 0.000002 0.000002 0.000000 0.000000 0.079167 0.007533 1.693830
0.913297 0.000003 0.000002 0.000000 0.000000 0.079167 0.007533 1.693830
0.913298 0.000002 0.000002 0.000000 0.000000 0.079166 0.007533 1.693831
0.913297 0.000003 0.000002 0.000000 0.000000 0.079167 0.007533 1.693831
0.913297 0.000003 0.000002 0.000000 0.000000 0.079166 0.007533 1.693831
0.913298 0.000003 0.000000 0.000000 0.000000 0.079166 0.007533 1.693831
0.913298 0.000003 0.000000 0.000000 0.000000 0.079166 0.007533 1.693831
0.913299 0.000003 0.000000 0.000000 0.000000 0.079166 0.007533 1.693831
0.913299 0.000003 0.000000 0.000000 0.000000 0.079165 0.007533 1.693831
0.913300 0.000003 0.000001 0.000000 0.000000 0.079165 0.007533 1.693832
0.913299 0.000003 0.000001 0.000000 0.000000 0.079165 0.007533 1.693832
0.913300 0.000003 0.000001 0.000000 0.000000 0.079164 0.007533 1.693832
0.913300 0.000004 0.000001 0.000000 0.000000 0.079163 0.007533 1.693832
0.913300 0.000005 0.000001 0.000000 0.000000 0.079163 0.007533 1.693832
0.913299 0.000006 0.000001 0.000000 0.000000 0.079163 0.007533 1.693832
0.913298 0.000006 0.000002 0.000000 0.000000 0.079163 0.007533 1.693832
0.913299 0.000006 0.000002 0.000000 0.000000 0.079162 0.007533 1.693832
0.913300 0.000005 0.000002 0.000000 0.000000 0.079161 0.007533 1.693833
0.913300 0.000005 0.000002 0.000000 0.000000 0.079160 0.007533 1.693833
0.913300 0.000006 0.000002 0.000000 0.000000 0.079160 0.007533 1.693833
0.913300 0.000005 0.000003 0.000000 0.000000 0.079160 0.007533 1.693834
0.913300 0.000005 0.000003 0.000000 0.000000 0.079160 0.007533 1.693834
0.913300 0.000006 0.000003 0.000000 0.000000 0.079159 0.007533 1.693834
0.913300 0.000006 0.000003 0.000000 0.000000 0.079159 0.007533 1.693834
0.913300 0.000006 0.000003 0.000000 0.000000 0.079158 0.007533 1.693834
0.913300 0.000006 0.000003 0.000000 0.000000 0.079158 0.007533 1.693834
0.913300 0.000006 0.000003 0.000000 0.000000 0.079158 0.007533 1.693834
0.913300 0.000006 0.000003 0.000000 0.000000 0.079158 0.007533 1.693834
0.913299 0.000008 0.000003 0.000000 0.000000 0.079158 0.007533 1.693834
