0.338533 0.062773 0.056365 0.032438 0.002184 0.501475 0.006233 1.645073
0.340981 0.060625 0.056267 0.032195 0.002183 0.501489 0.006262 1.651047
0.344076 0.057885 0.056111 0.031951 0.002170 0.501516 0.006292 1.656898
0.347686 0.055058 0.055722 0.031574 0.002160 0.501477 0.006322 1.662424
0.351686 0.052211 0.055138 0.031072 0.002159 0.501380 0.006354 1.667611
0.355787 0.049382 0.054570 0.030558 0.002158 0.501163 0.006382 1.672611
0.360208 0.046537 0.053830 0.030006 0.002145 0.500866 0.006408 1.677398
0.364694 0.043901 0.052841 0.029312 0.002135 0.500683 0.006435 1.681798
0.369176 0.041313 0.051917 0.028639 0.002110 0.500380 0.006466 1.686052
0.373933 0.038918 0.050934 0.027995 0.002092 0.499637 0.006492 1.690028
0.378570 0.036727 0.049816 0.027236 0.002076 0.499057 0.006517 1.693739
0.383443 0.034594 0.048563 0.026507 0.002072 0.498282 0.006540 1.697252
0.388351 0.032626 0.047378 0.025801 0.002056 0.497226 0.006561 1.700553
0.393171 0.030809 0.046146 0.025081 0.002046 0.496155 0.006592 1.703672
0.398098 0.029079 0.044933 0.024314 0.002048 0.494912 0.006616 1.706624
0.403125 0.027453 0.043573 0.023518 0.002041 0.493648 0.006642 1.709389
0.408217 0.025897 0.042279 0.022696 0.002033 0.492218 0.006660 1.712036
0.413278 0.024574 0.040929 0.021896 0.002008 0.490629 0.006687 1.714481
0.418349 0.023205 0.039639 0.021206 0.001988 0.488905 0.006708 1.716921
0.423428 0.022001 0.038398 0.020489 0.001970 0.486981 0.006733 1.719162
0.428484 0.020904 0.037145 0.019718 0.001934 0.485052 0.006763 1.721251
0.433578 0.019888 0.035944 0.018972 0.001922 0.482912 0.006785 1.723274
0.438607 0.018970 0.034672 0.018257 0.001896 0.480791 0.006807 1.725140
0.443747 0.018096 0.033427 0.017561 0.001872 0.478471 0.006825 1.726959
0.448656 0.017367 0.032175 0.016876 0.001858 0.476223 0.006846 1.728602
0.453734 0.016588 0.031107 0.016208 0.001825 0.473667 0.006871 1.730243
0.458699 0.015864 0.030020 0.015572 0.001790 0.471161 0.006894 1.731816
0.463679 0.015209 0.028941 0.014975 0.001761 0.468514 0.006921 1.733313
0.468775 0.014533 0.027899 0.014455 0.001724 0.465673 0.006941 1.734815
0.473810 0.013896 0.026899 0.013895 0.001698 0.462835 0.006967 1.736240
0.478693 0.013411 0.025877 0.013324 0.001673 0.460037 0.006984 1.737545
0.483657 0.012930 0.024869 0.012829 0.001643 0.457067 0.007004 1.738792
0.488615 0.012439 0.023933 0.012367 0.001620 0.454003 0.007024 1.740030
0.493607 0.011956 0.023035 0.011880 0.001591 0.450885 0.007046 1.741217
0.498655 0.011534 0.022154 0.011444 0.001561 0.447587 0.007065 1.742338
0.503475 0.011186 0.021319 0.010993 0.001530 0.444412 0.007085 1.743439
0.508329 0.010852 0.020513 0.010568 0.001496 0.441137 0.007105 1.744499
0.513234 0.010492 0.019807 0.010176 0.001469 0.437699 0.007123 1.745523
0.518080 0.010199 0.019050 0.009781 0.001432 0.434310 0.007149 1.746512
0.522813 0.009866 0.018343 0.009432 0.001407 0.430968 0.007171 1.747486
0.527576 0.009559 0.017689 0.009085 0.001383 0.427525 0.007183 1.748455
0.532314 0.009286 0.017051 0.008748 0.001342 0.424055 0.007204 1.749362
0.536907 0.009044 0.016438 0.008474 0.001318 0.420598 0.007220 1.750259
0.541431 0.008810 0.015868 0.008177 0.001303 0.417181 0.007231 1.751141
0.546103 0.008580 0.015364 0.007886 0.001253 0.413558 0.007256 1.751991
0.550565 0.008366 0.014849 0.007640 0.001237 0.410071 0.007273 1.752831
0.555030 0.008145 0.014323 0.007337 0.001215 0.406663 0.007287 1.753636
0.559375 0.007950 0.013868 0.007074 0.001182 0.403251 0.007300 1.754445
0.563873 0.007770 0.013393 0.006808 0.001157 0.399681 0.007319 1.755181
0.568245 0.007579 0.012974 0.006587 0.001126 0.396156 0.007333 1.755928
0.572657 0.007387 0.012608 0.006370 0.001093 0.392534 0.007351 1.756674
0.576970 0.007300 0.012166 0.006155 0.001074 0.388971 0.007365 1.757368
0.581270 0.007137 0.011775 0.005974 0.001051 0.385414 0.007380 1.758076
0.585498 0.006989 0.011430 0.005783 0.001016 0.381892 0.007394 1.758781
0.589681 0.006861 0.011116 0.005606 0.000989 0.378335 0.007411 1.759450
0.593872 0.006715 0.010759 0.005435 0.000960 0.374832 0.007427 1.760135
0.597976 0.006616 0.010415 0.005271 0.000940 0.371345 0.007438 1.760781
0.602050 0.006518 0.010089 0.005100 0.000911 0.367876 0.007456 1.761403
0.606112 0.006401 0.009830 0.004965 0.000880 0.364341 0.007471 1.762063
0.610059 0.006333 0.009547 0.004802 0.000867 0.360911 0.007480 1.762668
0.614089 0.006241 0.009248 0.004694 0.000844 0.357393 0.007492 1.763271
0.618058 0.006155 0.008997 0.004554 0.000820 0.353914 0.007503 1.763860
0.621968 0.006029 0.008786 0.004452 0.000797 0.350456 0.007512 1.764488
0.625787 0.005983 0.008565 0.004324 0.000776 0.347041 0.007523 1.765060
0.629620 0.005879 0.008367 0.004186 0.000752 0.343660 0.007536 1.765649
0.633329 0.005806 0.008128 0.004103 0.000739 0.340348 0.007545 1.766225
0.637056 0.005747 0.007955 0.003979 0.000716 0.336988 0.007557 1.766764
0.640810 0.005677 0.007797 0.003885 0.000690 0.333573 0.007567 1.767330
0.644470 0.005632 0.007612 0.003806 0.000682 0.330222 0.007574 1.767873
0.648067 0.005549 0.007465 0.003737 0.000666 0.326928 0.007586 1.768439
0.651741 0.005504 0.007287 0.003648 0.000656 0.323571 0.007594 1.768966
0.655387 0.005431 0.007119 0.003577 0.000636 0.320246 0.007604 1.769511
0.658930 0.005398 0.006957 0.003516 0.000624 0.316965 0.007609 1.770033
0.662355 0.005355 0.006817 0.003451 0.000606 0.313796 0.007620 1.770573
0.665822 0.005311 0.006677 0.003366 0.000590 0.310607 0.007628 1.771075
0.669250 0.005284 0.006545 0.003289 0.000576 0.307419 0.007636 1.771599
0.672598 0.005226 0.006445 0.003224 0.000558 0.304304 0.007646 1.772126
0.675851 0.005215 0.006351 0.003193 0.000543 0.301192 0.007655 1.772624
0.679132 0.005178 0.006228 0.003145 0.000529 0.298124 0.007663 1.773133
0.682346 0.005133 0.006149 0.003083 0.000519 0.295100 0.007671 1.773651
0.685470 0.005111 0.006020 0.003035 0.000506 0.292181 0.007677 1.774151
0.688641 0.005105 0.005962 0.003005 0.000494 0.289111 0.007683 1.774664
0.691764 0.005081 0.005824 0.002953 0.000478 0.286207 0.007693 1.775146
0.694847 0.005033 0.005753 0.002929 0.000471 0.283267 0.007700 1.775654
0.697961 0.005043 0.005667 0.002921 0.000460 0.280243 0.007706 1.776142
0.700918 0.005036 0.005568 0.002856 0.000452 0.277458 0.007713 1.776619
0.703838 0.005070 0.005508 0.002814 0.000444 0.274608 0.007718 1.777098
0.706781 0.005037 0.005454 0.002756 0.000432 0.271815 0.007725 1.777597
0.709623 0.005076 0.005363 0.002751 0.000424 0.269033 0.007731 1.778083
0.712470 0.005095 0.005307 0.002704 0.000416 0.266273 0.007736 1.778552
0.715279 0.005093 0.005238 0.002670 0.000403 0.263576 0.007742 1.779034
0.718106 0.005077 0.005202 0.002672 0.000395 0.260803 0.007746 1.779541
0.720837 0.005053 0.005171 0.002681 0.000388 0.258121 0.007751 1.780058
0.723544 0.005050 0.005131 0.002650 0.000379 0.255491 0.007755 1.780558
0.726186 0.005034 0.005084 0.002622 0.000369 0.252944 0.007760 1.781061
0.728809 0.005085 0.005039 0.002597 0.000364 0.250343 0.007764 1.781527
0.731442 0.005100 0.004999 0.002590 0.000356 0.247744 0.007770 1.782017
0.734046 0.005120 0.004963 0.002584 0.000350 0.245164 0.007773 1.782508
0.736652 0.005129 0.004933 0.002566 0.000347 0.242597 0.007777 1.783005
0.739151 0.005115 0.004894 0.002581 0.000343 0.240135 0.007781 1.783527
0.741614 0.005140 0.004888 0.002575 0.000334 0.237665 0.007785 1.784045
0.744059 0.005141 0.004837 0.002564 0.000331 0.235277 0.007791 1.784540
0.746400 0.005165 0.004834 0.002535 0.000320 0.232949 0.007797 1.785048
0.748720 0.005168 0.004852 0.002533 0.000314 0.230612 0.007803 1.785557
0.751052 0.005174 0.004881 0.002522 0.000312 0.228253 0.007807 1.786083
0.753352 0.005194 0.004902 0.002513 0.000303 0.225922 0.007814 1.786595
0.755649 0.005178 0.004900 0.002491 0.000304 0.223659 0.007820 1.787128
0.757931 0.005203 0.004900 0.002487 0.000296 0.221354 0.007830 1.787644
0.760124 0.005263 0.004887 0.002466 0.000290 0.219136 0.007834 1.788137
0.762303 0.005288 0.004885 0.002476 0.000287 0.216924 0.007837 1.788658
0.764497 0.005361 0.004862 0.002465 0.000282 0.214693 0.007840 1.789145
0.766637 0.005400 0.004860 0.002467 0.000280 0.212514 0.007843 1.789662
0.768809 0.005413 0.004857 0.002484 0.000272 0.210318 0.007847 1.790204
0.770828 0.005447 0.004851 0.002508 0.000271 0.208247 0.007850 1.790749
0.772875 0.005467 0.004895 0.002527 0.000268 0.206115 0.007854 1.791310
0.774890 0.005470 0.004912 0.002531 0.000259 0.204080 0.007859 1.791865
0.776854 0.005529 0.004917 0.002530 0.000252 0.202057 0.007862 1.792401
0.778802 0.005607 0.004918 0.002519 0.000248 0.200038 0.007868 1.792943
0.780701 0.005672 0.004921 0.002519 0.000244 0.198073 0.007869 1.793471
0.782595 0.005719 0.004937 0.002528 0.000240 0.196108 0.007873 1.794014
0.784394 0.005781 0.004968 0.002545 0.000237 0.194199 0.007875 1.794588
0.786219 0.005834 0.004991 0.002563 0.000238 0.192278 0.007877 1.795146
0.787983 0.005879 0.005000 0.002549 0.000234 0.190476 0.007880 1.795705
0.789734 0.005936 0.005031 0.002553 0.000231 0.188633 0.007882 1.796280
0.791555 0.005923 0.005061 0.002564 0.000228 0.186783 0.007884 1.796886
0.793251 0.005926 0.005083 0.002601 0.000230 0.185022 0.007886 1.797506
0.794974 0.006007 0.005079 0.002589 0.000227 0.183236 0.007888 1.798047
0.796653 0.006032 0.005089 0.002611 0.000225 0.181498 0.007892 1.798639
0.798248 0.006102 0.005130 0.002610 0.000223 0.179792 0.007895 1.799209
0.799800 0.006137 0.005201 0.002625 0.000225 0.178113 0.007900 1.799825
0.801357 0.006207 0.005184 0.002628 0.000222 0.176501 0.007900 1.800389
0.802863 0.006300 0.005212 0.002652 0.000219 0.174852 0.007902 1.801001
0.804385 0.006378 0.005216 0.002650 0.000220 0.173245 0.007905 1.801578
0.805890 0.006376 0.005266 0.002694 0.000223 0.171646 0.007906 1.802226
0.807372 0.006453 0.005281 0.002733 0.000218 0.170034 0.007909 1.802851
0.808793 0.006527 0.005302 0.002729 0.000217 0.168521 0.007911 1.803458
0.810144 0.006571 0.005368 0.002763 0.000214 0.167024 0.007915 1.804112
0.811557 0.006611 0.005399 0.002784 0.000218 0.165514 0.007916 1.804775
0.812972 0.006665 0.005395 0.002800 0.000217 0.164032 0.007919 1.805405
0.814270 0.006770 0.005417 0.002791 0.000219 0.162610 0.007923 1.806032
0.815586 0.006788 0.005483 0.002824 0.000220 0.161173 0.007926 1.806729
0.816916 0.006827 0.005509 0.002842 0.000216 0.159762 0.007929 1.807384
0.818158 0.006909 0.005572 0.002848 0.000220 0.158363 0.007930 1.808046
0.819398 0.006942 0.005631 0.002869 0.000218 0.157008 0.007934 1.808747
0.820610 0.007006 0.005674 0.002858 0.000219 0.155695 0.007936 1.809401
0.821820 0.007065 0.005703 0.002877 0.000217 0.154376 0.007940 1.810080
0.822960 0.007069 0.005762 0.002917 0.000212 0.153135 0.007944 1.810796
0.824155 0.007109 0.005816 0.002929 0.000205 0.151835 0.007949 1.811490
0.825272 0.007141 0.005880 0.002977 0.000208 0.150572 0.007949 1.812232
0.826429 0.007174 0.005911 0.003009 0.000213 0.149313 0.007951 1.812948
0.827455 0.007236 0.005963 0.003021 0.000213 0.148160 0.007952 1.813667
0.828506 0.007305 0.006024 0.003018 0.000214 0.146981 0.007953 1.814364
0.829564 0.007410 0.006022 0.003040 0.000218 0.145790 0.007956 1.815058
0.830549 0.007496 0.006065 0.003036 0.000217 0.144675 0.007961 1.815769
0.831549 0.007532 0.006148 0.003069 0.000216 0.143523 0.007962 1.816528
0.832605 0.007581 0.006192 0.003109 0.000214 0.142333 0.007966 1.817263
0.833567 0.007650 0.006234 0.003161 0.000217 0.141202 0.007967 1.817998
0.834512 0.007737 0.006284 0.003174 0.000218 0.140105 0.007970 1.818722
0.835427 0.007813 0.006346 0.003186 0.000219 0.139036 0.007972 1.819481
0.836329 0.007866 0.006423 0.003235 0.000211 0.137959 0.007977 1.820278
0.837167 0.007958 0.006457 0.003276 0.000212 0.136948 0.007981 1.821061
0.838114 0.008004 0.006510 0.003286 0.000212 0.135889 0.007984 1.821831
0.838966 0.008056 0.006585 0.003322 0.000212 0.134872 0.007987 1.822613
0.839791 0.008092 0.006639 0.003351 0.000208 0.133928 0.007990 1.823408
0.840592 0.008136 0.006685 0.003406 0.000207 0.132981 0.007992 1.824208
0.841404 0.008186 0.006742 0.003444 0.000205 0.132022 0.007995 1.825023
0.842146 0.008261 0.006776 0.003456 0.000205 0.131156 0.007999 1.825822
0.842876 0.008342 0.006798 0.003486 0.000202 0.130293 0.008002 1.826607
0.843689 0.008380 0.006842 0.003504 0.000200 0.129378 0.008006 1.827411
0.844432 0.008430 0.006922 0.003531 0.000197 0.128480 0.008008 1.828208
0.845152 0.008453 0.006987 0.003554 0.000205 0.127639 0.008009 1.829043
0.845862 0.008495 0.007041 0.003578 0.000206 0.126808 0.008010 1.829887
0.846512 0.008597 0.007049 0.003597 0.000210 0.126023 0.008012 1.830690
0.847192 0.008622 0.007111 0.003629 0.000214 0.125218 0.008013 1.831541
0.847891 0.008633 0.007141 0.003642 0.000217 0.124461 0.008015 1.832379
0.848494 0.008701 0.007194 0.003653 0.000217 0.123724 0.008016 1.833215
0.849117 0.008755 0.007240 0.003663 0.000216 0.122987 0.008021 1.834042
0.849720 0.008823 0.007288 0.003672 0.000217 0.122253 0.008025 1.834867
0.850296 0.008865 0.007340 0.003702 0.000213 0.121555 0.008028 1.835738
0.850821 0.008928 0.007372 0.003747 0.000212 0.120889 0.008030 1.836591
0.851399 0.009016 0.007433 0.003721 0.000216 0.120182 0.008034 1.837436
0.851937 0.009063 0.007503 0.003734 0.000211 0.119516 0.008036 1.838297
0.852505 0.009054 0.007535 0.003790 0.000212 0.118864 0.008039 1.839191
0.853020 0.009101 0.007584 0.003807 0.000217 0.118229 0.008042 1.840061
0.853537 0.009126 0.007601 0.003819 0.000213 0.117657 0.008047 1.840930
0.854092 0.009140 0.007652 0.003844 0.000214 0.117008 0.008050 1.841830
0.854596 0.009215 0.007670 0.003861 0.000216 0.116390 0.008051 1.842699
0.855035 0.009230 0.007731 0.003899 0.000223 0.115829 0.008051 1.843622
0.855474 0.009247 0.007791 0.003944 0.000223 0.115264 0.008055 1.844552
0.855976 0.009281 0.007837 0.003961 0.000224 0.114661 0.008059 1.845457
0.856447 0.009270 0.007926 0.003986 0.000227 0.114084 0.008060 1.846397
0.856896 0.009319 0.007961 0.003978 0.000228 0.113554 0.008063 1.847293
0.857245 0.009388 0.008028 0.004045 0.000228 0.113001 0.008066 1.848240
0.857618 0.009373 0.008111 0.004077 0.000227 0.112526 0.008068 1.849202
0.858065 0.009409 0.008110 0.004077 0.000221 0.112048 0.008070 1.850113
0.858457 0.009475 0.008118 0.004083 0.000224 0.111570 0.008072 1.851015
0.858871 0.009487 0.008134 0.004094 0.000223 0.111117 0.008074 1.851935
0.859231 0.009531 0.008177 0.004117 0.000221 0.110646 0.008078 1.852858
0.859616 0.009546 0.008198 0.004119 0.000222 0.110217 0.008080 1.853793
0.859926 0.009636 0.008211 0.004149 0.000222 0.109774 0.008082 1.854699
0.860270 0.009605 0.008236 0.004167 0.000224 0.109413 0.008084 1.855634
0.860618 0.009600 0.008271 0.004203 0.000220 0.108999 0.008088 1.856588
0.860876 0.009625 0.008310 0.004217 0.000224 0.108655 0.008092 1.857551
0.861178 0.009678 0.008315 0.004209 0.000222 0.108301 0.008097 1.858463
0.861516 0.009702 0.008329 0.004210 0.000215 0.107925 0.008103 1.859393
0.861752 0.009711 0.008381 0.004233 0.000214 0.107602 0.008106 1.860358
0.862010 0.009730 0.008393 0.004240 0.000214 0.107303 0.008109 1.861330
0.862281 0.009737 0.008428 0.004259 0.000211 0.106971 0.008112 1.862291
0.862522 0.009732 0.008463 0.004297 0.000219 0.106654 0.008113 1.863263
0.862744 0.009780 0.008501 0.004306 0.000222 0.106329 0.008118 1.864220
0.863058 0.009760 0.008544 0.004320 0.000221 0.105979 0.008118 1.865171
0.863350 0.009772 0.008582 0.004309 0.000226 0.105638 0.008122 1.866101
0.863574 0.009780 0.008600 0.004333 0.000235 0.105354 0.008123 1.867068
0.863804 0.009779 0.008641 0.004362 0.000239 0.105048 0.008126 1.868034
0.864023 0.009785 0.008707 0.004361 0.000244 0.104750 0.008128 1.869004
0.864231 0.009788 0.008731 0.004371 0.000245 0.104502 0.008133 1.869954
0.864453 0.009834 0.008717 0.004382 0.000241 0.104238 0.008136 1.870883
0.864699 0.009858 0.008738 0.004396 0.000242 0.103927 0.008139 1.871836
0.864924 0.009875 0.008754 0.004424 0.000246 0.103637 0.008141 1.872781
0.865123 0.009864 0.008775 0.004415 0.000256 0.103423 0.008144 1.873746
0.865363 0.009828 0.008783 0.004436 0.000259 0.103184 0.008147 1.874707
0.865558 0.009847 0.008769 0.004439 0.000258 0.102979 0.008150 1.875660
0.865781 0.009878 0.008755 0.004421 0.000268 0.102746 0.008151 1.876582
0.865954 0.009901 0.008747 0.004418 0.000266 0.102557 0.008156 1.877539
0.866194 0.009874 0.008734 0.004402 0.000270 0.102368 0.008158 1.878510
0.866406 0.009859 0.008769 0.004376 0.000271 0.102154 0.008162 1.879485
0.866549 0.009895 0.008802 0.004389 0.000270 0.101930 0.008166 1.880442
0.866702 0.009911 0.008820 0.004440 0.000272 0.101686 0.008170 1.881410
0.866888 0.009959 0.008820 0.004463 0.000271 0.101425 0.008174 1.882357
0.867091 0.009946 0.008790 0.004487 0.000276 0.101233 0.008177 1.883312
0.867194 0.009953 0.008807 0.004486 0.000277 0.101104 0.008180 1.884276
0.867397 0.009942 0.008802 0.004502 0.000277 0.100898 0.008183 1.885258
0.867567 0.009919 0.008809 0.004530 0.000280 0.100708 0.008186 1.886229
0.867700 0.009901 0.008861 0.004518 0.000279 0.100548 0.008193 1.887215
0.867751 0.009889 0.008914 0.004541 0.000275 0.100431 0.008200 1.888217
0.867869 0.009885 0.008886 0.004550 0.000278 0.100327 0.008204 1.889183
0.867993 0.009886 0.008871 0.004557 0.000272 0.100215 0.008206 1.890144
0.868125 0.009840 0.008898 0.004583 0.000272 0.100070 0.008212 1.891134
0.868242 0.009860 0.008917 0.004581 0.000274 0.099908 0.008217 1.892075
0.868417 0.009840 0.008927 0.004581 0.000276 0.099743 0.008217 1.893039
0.868614 0.009834 0.008927 0.004564 0.000276 0.099563 0.008223 1.893995
0.868790 0.009794 0.008918 0.004559 0.000279 0.099435 0.008225 1.894951
0.868910 0.009769 0.008899 0.004580 0.000273 0.099339 0.008229 1.895928
0.869133 0.009687 0.008949 0.004587 0.000270 0.099139 0.008234 1.896914
0.869308 0.009659 0.008935 0.004571 0.000266 0.099023 0.008238 1.897867
0.869459 0.009643 0.008958 0.004556 0.000261 0.098881 0.008242 1.898838
0.869608 0.009609 0.008984 0.004542 0.000263 0.098750 0.008245 1.899823
0.869699 0.009622 0.008996 0.004543 0.000265 0.098625 0.008250 1.900773
0.869741 0.009670 0.009004 0.004530 0.000265 0.098536 0.008255 1.901729
0.869897 0.009606 0.009023 0.004541 0.000264 0.098411 0.008258 1.902725
0.870035 0.009569 0.009001 0.004529 0.000267 0.098338 0.008261 1.903677
0.870163 0.009589 0.008945 0.004510 0.000265 0.098262 0.008265 1.904592
0.870285 0.009630 0.008880 0.004525 0.000265 0.098145 0.008269 1.905502
0.870430 0.009625 0.008885 0.004530 0.000264 0.097990 0.008275 1.906459
0.870523 0.009635 0.008906 0.004501 0.000267 0.097890 0.008279 1.907418
0.870574 0.009721 0.008897 0.004485 0.000272 0.097771 0.008280 1.908335
0.870722 0.009711 0.008909 0.004461 0.000270 0.097645 0.008282 1.909290
0.870824 0.009720 0.008925 0.004448 0.000268 0.097529 0.008285 1.910255
0.870939 0.009652 0.008942 0.004487 0.000266 0.097429 0.008287 1.911263
0.871059 0.009632 0.008954 0.004479 0.000264 0.097319 0.008292 1.912233
0.871210 0.009579 0.008933 0.004508 0.000267 0.097207 0.008296 1.913189
0.871332 0.009601 0.008926 0.004502 0.000270 0.097070 0.008300 1.914122
0.871437 0.009641 0.008886 0.004479 0.000273 0.096979 0.008304 1.915034
0.871501 0.009651 0.008919 0.004468 0.000275 0.096878 0.008307 1.915980
0.871669 0.009634 0.008934 0.004434 0.000280 0.096737 0.008313 1.916896
0.871745 0.009609 0.008935 0.004429 0.000286 0.096680 0.008316 1.917868
0.871903 0.009534 0.008940 0.004437 0.000285 0.096581 0.008320 1.918837
0.871994 0.009561 0.008879 0.004430 0.000290 0.096523 0.008323 1.919740
0.872096 0.009541 0.008875 0.004425 0.000287 0.096449 0.008327 1.920700
0.872205 0.009541 0.008859 0.004422 0.000288 0.096355 0.008330 1.921639
0.872354 0.009473 0.008860 0.004450 0.000286 0.096241 0.008336 1.922604
0.872440 0.009472 0.008856 0.004467 0.000284 0.096142 0.008340 1.923561
0.872565 0.009472 0.008805 0.004455 0.000290 0.096070 0.008343 1.924473
0.872709 0.009439 0.008799 0.004439 0.000290 0.095978 0.008346 1.925414
0.872829 0.009383 0.008809 0.004423 0.000290 0.095915 0.008349 1.926362
0.872951 0.009407 0.008751 0.004423 0.000286 0.095825 0.008356 1.927245
0.873077 0.009409 0.008738 0.004412 0.000282 0.095722 0.008360 1.928162
0.873194 0.009430 0.008695 0.004423 0.000280 0.095616 0.008362 1.929067
0.873337 0.009459 0.008678 0.004431 0.000284 0.095445 0.008365 1.929972
0.873491 0.009421 0.008727 0.004439 0.000284 0.095267 0.008370 1.930918
0.873558 0.009466 0.008743 0.004411 0.000285 0.095165 0.008372 1.931833
0.873708 0.009430 0.008720 0.004429 0.000275 0.095063 0.008376 1.932759
0.873768 0.009431 0.008722 0.004442 0.000280 0.094977 0.008379 1.933698
0.873869 0.009432 0.008721 0.004438 0.000281 0.094873 0.008385 1.934609
0.873953 0.009399 0.008718 0.004433 0.000283 0.094827 0.008388 1.935556
0.874042 0.009353 0.008736 0.004409 0.000279 0.094788 0.008392 1.936504
0.874101 0.009385 0.008714 0.004397 0.000275 0.094732 0.008396 1.937413
0.874114 0.009422 0.008702 0.004374 0.000269 0.094719 0.008400 1.938346
0.874201 0.009410 0.008688 0.004355 0.000272 0.094670 0.008403 1.939281
0.874312 0.009373 0.008698 0.004355 0.000271 0.094583 0.008407 1.940218
0.874418 0.009367 0.008707 0.004371 0.000268 0.094458 0.008410 1.941149
0.874489 0.009400 0.008660 0.004355 0.000271 0.094412 0.008412 1.942063
0.874545 0.009401 0.008649 0.004365 0.000267 0.094359 0.008415 1.943032
0.874550 0.009437 0.008647 0.004359 0.000269 0.094318 0.008418 1.943952
0.874602 0.009443 0.008653 0.004365 0.000274 0.094239 0.008423 1.944890
0.874659 0.009476 0.008624 0.004370 0.000276 0.094170 0.008425 1.945804
0.874755 0.009442 0.008650 0.004357 0.000278 0.094091 0.008428 1.946755
0.874849 0.009468 0.008627 0.004351 0.000281 0.093993 0.008431 1.947664
0.874973 0.009453 0.008618 0.004325 0.000279 0.093916 0.008435 1.948575
0.875097 0.009422 0.008626 0.004321 0.000274 0.093822 0.008438 1.949515
0.875120 0.009461 0.008589 0.004327 0.000277 0.093786 0.008441 1.950425
0.875186 0.009411 0.008630 0.004337 0.000272 0.093718 0.008445 1.951392
0.875205 0.009381 0.008615 0.004359 0.000277 0.093715 0.008447 1.952357
0.875297 0.009368 0.008628 0.004365 0.000279 0.093613 0.008450 1.953299
0.875393 0.009379 0.008627 0.004327 0.000289 0.093531 0.008454 1.954210
0.875503 0.009325 0.008663 0.004319 0.000292 0.093443 0.008456 1.955150
0.875579 0.009365 0.008643 0.004307 0.000286 0.093358 0.008461 1.956029
0.875623 0.009337 0.008638 0.004319 0.000278 0.093334 0.008469 1.956957
0.875674 0.009315 0.008651 0.004294 0.000280 0.093312 0.008472 1.957886
0.875673 0.009327 0.008662 0.004275 0.000285 0.093303 0.008475 1.958801
0.875793 0.009268 0.008689 0.004252 0.000289 0.093228 0.008481 1.959724
0.875922 0.009250 0.008639 0.004279 0.000288 0.093138 0.008485 1.960611
0.876041 0.009231 0.008601 0.004257 0.000289 0.093092 0.008487 1.961502
0.876154 0.009269 0.008534 0.004241 0.000289 0.093022 0.008490 1.962360
0.876226 0.009250 0.008527 0.004243 0.000291 0.092969 0.008493 1.963257
0.876321 0.009258 0.008512 0.004246 0.000287 0.092878 0.008497 1.964147
0.876339 0.009299 0.008509 0.004250 0.000287 0.092817 0.008499 1.965046
0.876453 0.009282 0.008502 0.004250 0.000285 0.092724 0.008502 1.965951
0.876532 0.009303 0.008486 0.004258 0.000286 0.092630 0.008503 1.966861
0.876566 0.009309 0.008513 0.004262 0.000289 0.092555 0.008506 1.967804
0.876671 0.009303 0.008504 0.004265 0.000291 0.092458 0.008508 1.968686
0.876706 0.009327 0.008465 0.004236 0.000292 0.092461 0.008512 1.969569
0.876819 0.009284 0.008503 0.004255 0.000286 0.092337 0.008516 1.970516
0.876917 0.009285 0.008478 0.004222 0.000282 0.092296 0.008521 1.971402
0.876944 0.009293 0.008500 0.004216 0.000287 0.092234 0.008526 1.972330
0.877012 0.009307 0.008488 0.004229 0.000286 0.092150 0.008527 1.973236
0.877099 0.009251 0.008524 0.004223 0.000289 0.092082 0.008532 1.974182
0.877224 0.009260 0.008495 0.004214 0.000288 0.091984 0.008535 1.975061
0.877298 0.009211 0.008505 0.004222 0.000288 0.091937 0.008538 1.975999
0.877365 0.009248 0.008519 0.004213 0.000288 0.091825 0.008542 1.976896
0.877410 0.009282 0.008502 0.004206 0.000286 0.091768 0.008545 1.977780
0.877509 0.009239 0.008483 0.004218 0.000282 0.091719 0.008549 1.978681
0.877548 0.009278 0.008485 0.004212 0.000281 0.091642 0.008553 1.979581
0.877592 0.009293 0.008459 0.004235 0.000280 0.091586 0.008555 1.980466
0.877644 0.009264 0.008492 0.004270 0.000277 0.091493 0.008559 1.981411
0.877706 0.009279 0.008485 0.004261 0.000280 0.091425 0.008563 1.982300
0.877772 0.009289 0.008500 0.004256 0.000281 0.091338 0.008565 1.983213
0.877804 0.009292 0.008517 0.004281 0.000281 0.091259 0.008567 1.984112
0.877813 0.009319 0.008476 0.004273 0.000278 0.091269 0.008570 1.985004
0.877872 0.009297 0.008538 0.004247 0.000271 0.091200 0.008576 1.985931
0.877890 0.009316 0.008539 0.004241 0.000270 0.091166 0.008578 1.986845
0.877937 0.009277 0.008545 0.004254 0.000267 0.091137 0.008582 1.987797
0.877980 0.009307 0.008502 0.004275 0.000270 0.091083 0.008583 1.988704
0.878056 0.009294 0.008522 0.004299 0.000275 0.090969 0.008585 1.989633
0.878097 0.009318 0.008545 0.004283 0.000278 0.090889 0.008590 1.990547
0.878108 0.009332 0.008555 0.004293 0.000277 0.090841 0.008595 1.991488
0.878144 0.009296 0.008605 0.004289 0.000275 0.090791 0.008600 1.992444
0.878197 0.009340 0.008582 0.004279 0.000279 0.090719 0.008604 1.993323
0.878237 0.009351 0.008582 0.004280 0.000281 0.090661 0.008609 1.994242
0.878288 0.009358 0.008584 0.004285 0.000278 0.090595 0.008612 1.995151
0.878379 0.009328 0.008574 0.004278 0.000275 0.090551 0.008616 1.996065
0.878434 0.009297 0.008584 0.004272 0.000277 0.090517 0.008619 1.997009
0.878440 0.009289 0.008597 0.004307 0.000271 0.090472 0.008625 1.997954
0.878472 0.009287 0.008582 0.004286 0.000271 0.090472 0.008630 1.998876
0.878515 0.009269 0.008587 0.004296 0.000269 0.090434 0.008631 1.999796
0.878558 0.009274 0.008610 0.004298 0.000265 0.090360 0.008636 2.000705
0.878585 0.009286 0.008580 0.004316 0.000261 0.090332 0.008640 2.001621
0.878613 0.009301 0.008582 0.004330 0.000262 0.090269 0.008643 2.002541
0.878648 0.009309 0.008568 0.004305 0.000266 0.090262 0.008644 2.003437
0.878643 0.009318 0.008593 0.004301 0.000269 0.090231 0.008645 2.004359
0.878686 0.009319 0.008594 0.004295 0.000262 0.090196 0.008648 2.005245
0.878678 0.009350 0.008570 0.004309 0.000256 0.090184 0.008652 2.006146
0.878699 0.009393 0.008525 0.004296 0.000259 0.090171 0.008656 2.007035
0.878727 0.009369 0.008529 0.004303 0.000257 0.090153 0.008662 2.007960
0.878803 0.009364 0.008526 0.004283 0.000264 0.090096 0.008664 2.008867
0.878831 0.009394 0.008484 0.004301 0.000262 0.090062 0.008665 2.009767
0.878859 0.009421 0.008486 0.004284 0.000271 0.090011 0.008668 2.010665
0.878871 0.009455 0.008483 0.004271 0.000274 0.089975 0.008672 2.011560
0.878898 0.009458 0.008485 0.004288 0.000274 0.089920 0.008676 2.012475
0.878895 0.009475 0.008530 0.004278 0.000272 0.089866 0.008683 2.013392
0.878861 0.009498 0.008515 0.004283 0.000272 0.089885 0.008687 2.014305
0.878868 0.009478 0.008520 0.004286 0.000273 0.089886 0.008689 2.015224
0.878887 0.009497 0.008553 0.004289 0.000269 0.089812 0.008693 2.016143
0.878933 0.009482 0.008567 0.004281 0.000263 0.089777 0.008697 2.017062
0.878934 0.009521 0.008567 0.004294 0.000259 0.089723 0.008701 2.017970
0.878998 0.009467 0.008610 0.004291 0.000261 0.089669 0.008704 2.018921
0.879018 0.009476 0.008620 0.004299 0.000261 0.089620 0.008707 2.019842
0.879022 0.009503 0.008651 0.004289 0.000262 0.089560 0.008711 2.020765
0.879002 0.009562 0.008648 0.004277 0.000266 0.089530 0.008714 2.021669
0.879030 0.009540 0.008626 0.004314 0.000265 0.089508 0.008716 2.022612
0.879040 0.009516 0.008637 0.004334 0.000269 0.089485 0.008719 2.023574
0.879063 0.009500 0.008633 0.004347 0.000268 0.089467 0.008723 2.024507
0.879037 0.009494 0.008594 0.004340 0.000270 0.089540 0.008726 2.025464
0.879040 0.009489 0.008585 0.004342 0.000271 0.089543 0.008731 2.026389
0.879036 0.009487 0.008570 0.004342 0.000267 0.089561 0.008736 2.027311
0.879041 0.009543 0.008546 0.004330 0.000267 0.089536 0.008739 2.028216
0.879022 0.009532 0.008543 0.004345 0.000270 0.089546 0.008743 2.029159
0.878971 0.009563 0.008536 0.004365 0.000272 0.089546 0.008748 2.030092
0.878930 0.009533 0.008583 0.004360 0.000272 0.089570 0.008752 2.031078
0.878923 0.009558 0.008599 0.004356 0.000266 0.089541 0.008756 2.032002
0.878955 0.009509 0.008594 0.004379 0.000268 0.089536 0.008759 2.032957
0.878981 0.009494 0.008572 0.004373 0.000263 0.089555 0.008762 2.033886
0.878985 0.009494 0.008597 0.004363 0.000269 0.089529 0.008765 2.034819
0.879003 0.009533 0.008589 0.004357 0.000260 0.089490 0.008769 2.035703
0.879007 0.009518 0.008588 0.004353 0.000261 0.089502 0.008772 2.036644
0.878983 0.009566 0.008589 0.004380 0.000252 0.089455 0.008776 2.037578
0.878970 0.009599 0.008556 0.004408 0.000248 0.089440 0.008779 2.038491
0.879005 0.009527 0.008564 0.004415 0.000250 0.089456 0.008782 2.039465
0.878974 0.009548 0.008562 0.004419 0.000254 0.089459 0.008784 2.040383
0.878984 0.009529 0.008577 0.004403 0.000259 0.089461 0.008788 2.041321
0.878958 0.009535 0.008583 0.004388 0.000260 0.089484 0.008792 2.042277
0.878988 0.009513 0.008589 0.004366 0.000260 0.089488 0.008796 2.043207
0.879003 0.009555 0.008602 0.004329 0.000259 0.089453 0.008800 2.044104
0.879009 0.009510 0.008659 0.004340 0.000256 0.089422 0.008805 2.045086
0.878979 0.009515 0.008683 0.004331 0.000257 0.089423 0.008812 2.046028
0.879002 0.009513 0.008670 0.004342 0.000260 0.089398 0.008816 2.046943
0.878989 0.009533 0.008669 0.004352 0.000257 0.089380 0.008819 2.047870
0.878996 0.009536 0.008654 0.004366 0.000260 0.089367 0.008821 2.048795
0.878988 0.009537 0.008658 0.004361 0.000264 0.089368 0.008824 2.049743
0.879031 0.009498 0.008637 0.004402 0.000263 0.089343 0.008827 2.050705
0.879017 0.009561 0.008599 0.004396 0.000262 0.089335 0.008830 2.051601
0.879041 0.009539 0.008676 0.004368 0.000260 0.089284 0.008833 2.052548
0.879018 0.009565 0.008688 0.004340 0.000264 0.089289 0.008837 2.053470
0.878950 0.009616 0.008636 0.004326 0.000270 0.089363 0.008840 2.054362
0.878956 0.009640 0.008606 0.004346 0.000272 0.089339 0.008842 2.055268
0.879007 0.009577 0.008639 0.004337 0.000268 0.089324 0.008847 2.056245
0.878991 0.009570 0.008649 0.004355 0.000270 0.089317 0.008849 2.057184
0.878993 0.009550 0.008651 0.004373 0.000266 0.089315 0.008852 2.058119
0.879041 0.009517 0.008669 0.004369 0.000269 0.089281 0.008855 2.059068
0.879055 0.009550 0.008663 0.004361 0.000263 0.089245 0.008862 2.059981
0.879058 0.009524 0.008708 0.004358 0.000263 0.089223 0.008865 2.060937
0.879027 0.009475 0.008761 0.004353 0.000267 0.089248 0.008870 2.061923
0.879007 0.009465 0.008759 0.004372 0.000262 0.089261 0.008875 2.062884
0.879032 0.009435 0.008779 0.004391 0.000260 0.089225 0.008878 2.063838
0.879055 0.009390 0.008764 0.004395 0.000258 0.089257 0.008882 2.064793
0.879038 0.009467 0.008727 0.004383 0.000257 0.089246 0.008883 2.065668
0.879068 0.009469 0.008710 0.004382 0.000260 0.089225 0.008885 2.066592
0.879077 0.009456 0.008685 0.004371 0.000257 0.089261 0.008891 2.067518
0.879136 0.009450 0.008660 0.004378 0.000258 0.089222 0.008895 2.068424
0.879177 0.009436 0.008640 0.004403 0.000264 0.089184 0.008897 2.069357
0.879168 0.009444 0.008607 0.004384 0.000268 0.089228 0.008901 2.070274
0.879199 0.009393 0.008636 0.004400 0.000269 0.089198 0.008905 2.071240
0.879202 0.009368 0.008652 0.004409 0.000272 0.089191 0.008907 2.072197
0.879174 0.009394 0.008661 0.004399 0.000271 0.089191 0.008910 2.073109
0.879131 0.009444 0.008623 0.004387 0.000269 0.089233 0.008913 2.074021
0.879132 0.009497 0.008624 0.004356 0.000268 0.089206 0.008918 2.074913
0.879170 0.009458 0.008621 0.004358 0.000266 0.089205 0.008922 2.075842
0.879223 0.009419 0.008615 0.004351 0.000263 0.089200 0.008928 2.076787
0.879254 0.009377 0.008615 0.004332 0.000260 0.089231 0.008931 2.077714
0.879297 0.009331 0.008622 0.004329 0.000262 0.089224 0.008935 2.078633
0.879300 0.009350 0.008604 0.004315 0.000265 0.089227 0.008939 2.079554
0.879370 0.009348 0.008566 0.004290 0.000267 0.089217 0.008941 2.080451
0.879374 0.009306 0.008601 0.004315 0.000272 0.089189 0.008944 2.081389
0.879419 0.009308 0.008566 0.004306 0.000279 0.089176 0.008946 2.082302
0.879485 0.009306 0.008574 0.004291 0.000279 0.089116 0.008949 2.083195
0.879484 0.009281 0.008609 0.004277 0.000276 0.089119 0.008954 2.084115
0.879526 0.009277 0.008611 0.004263 0.000277 0.089087 0.008959 2.085027
0.879522 0.009267 0.008620 0.004239 0.000276 0.089114 0.008962 2.085941
0.879618 0.009205 0.008614 0.004250 0.000278 0.089069 0.008967 2.086880
0.879610 0.009208 0.008608 0.004236 0.000280 0.089089 0.008969 2.087787
0.879635 0.009211 0.008557 0.004242 0.000281 0.089102 0.008971 2.088682
0.879629 0.009209 0.008575 0.004255 0.000277 0.089079 0.008976 2.089627
0.879710 0.009212 0.008536 0.004240 0.000278 0.089047 0.008977 2.090507
0.879798 0.009193 0.008554 0.004228 0.000276 0.088969 0.008981 2.091409
0.879844 0.009183 0.008554 0.004219 0.000273 0.088941 0.008985 2.092287
0.879877 0.009176 0.008582 0.004209 0.000273 0.088892 0.008991 2.093200
0.879920 0.009172 0.008541 0.004213 0.000270 0.088887 0.008996 2.094085
0.879922 0.009187 0.008554 0.004211 0.000272 0.088857 0.008997 2.094987
0.879972 0.009180 0.008551 0.004200 0.000275 0.088822 0.009000 2.095900
0.880006 0.009216 0.008523 0.004193 0.000270 0.088786 0.009006 2.096773
0.880011 0.009217 0.008529 0.004218 0.000271 0.088745 0.009009 2.097696
0.880051 0.009273 0.008553 0.004204 0.000267 0.088639 0.009013 2.098574
0.880069 0.009244 0.008569 0.004191 0.000271 0.088641 0.009015 2.099511
0.880029 0.009229 0.008603 0.004194 0.000280 0.088648 0.009017 2.100466
0.880069 0.009218 0.008585 0.004240 0.000274 0.088590 0.009023 2.101381
0.880125 0.009194 0.008555 0.004241 0.000276 0.088585 0.009025 2.102292
0.880117 0.009208 0.008559 0.004225 0.000275 0.088587 0.009029 2.103180
0.880076 0.009195 0.008580 0.004228 0.000269 0.088619 0.009034 2.104106
0.880110 0.009237 0.008571 0.004211 0.000274 0.088561 0.009037 2.104984
0.880144 0.009231 0.008556 0.004222 0.000276 0.088530 0.009040 2.105887
0.880154 0.009241 0.008522 0.004224 0.000279 0.088537 0.009043 2.106770
0.880209 0.009208 0.008534 0.004211 0.000280 0.088512 0.009047 2.107680
0.880212 0.009199 0.008531 0.004203 0.000279 0.088526 0.009050 2.108587
0.880202 0.009207 0.008510 0.004195 0.000281 0.088551 0.009053 2.109495
0.880211 0.009212 0.008539 0.004196 0.000286 0.088499 0.009056 2.110402
0.880203 0.009214 0.008514 0.004180 0.000279 0.088549 0.009061 2.111321
0.880243 0.009198 0.008521 0.004183 0.000280 0.088509 0.009065 2.112238
0.880270 0.009186 0.008513 0.004217 0.000280 0.088466 0.009069 2.113167
0.880290 0.009190 0.008524 0.004218 0.000283 0.088424 0.009071 2.114084
0.880352 0.009177 0.008531 0.004209 0.000287 0.088369 0.009075 2.114993
0.880359 0.009160 0.008554 0.004212 0.000280 0.088354 0.009081 2.115921
0.880401 0.009140 0.008528 0.004220 0.000282 0.088343 0.009086 2.116823
0.880389 0.009153 0.008484 0.004222 0.000276 0.088385 0.009090 2.117718
0.880394 0.009169 0.008465 0.004218 0.000275 0.088384 0.009094 2.118588
0.880476 0.009092 0.008475 0.004219 0.000276 0.088365 0.009097 2.119519
0.880511 0.009119 0.008459 0.004230 0.000275 0.088307 0.009100 2.120391
0.880566 0.009143 0.008444 0.004241 0.000274 0.088230 0.009102 2.121253
0.880564 0.009165 0.008391 0.004249 0.000273 0.088253 0.009105 2.122138
0.880627 0.009141 0.008387 0.004223 0.000277 0.088236 0.009108 2.123033
0.880608 0.009125 0.008384 0.004252 0.000279 0.088240 0.009111 2.123955
0.880640 0.009088 0.008397 0.004234 0.000281 0.088247 0.009113 2.124885
0.880700 0.009059 0.008387 0.004245 0.000281 0.088212 0.009116 2.125770
0.880750 0.009054 0.008367 0.004231 0.000278 0.088199 0.009122 2.126653
0.880797 0.009054 0.008369 0.004234 0.000277 0.088144 0.009126 2.127521
0.880792 0.009057 0.008341 0.004245 0.000276 0.088160 0.009129 2.128410
0.880833 0.009032 0.008363 0.004251 0.000278 0.088114 0.009130 2.129303
0.880889 0.009069 0.008330 0.004204 0.000279 0.088096 0.009131 2.130158
0.880916 0.009068 0.008309 0.004189 0.000284 0.088099 0.009135 2.131058
0.880965 0.009047 0.008282 0.004197 0.000282 0.088089 0.009137 2.131944
0.880968 0.009052 0.008267 0.004159 0.000282 0.088131 0.009141 2.132838
0.880996 0.009044 0.008265 0.004165 0.000284 0.088100 0.009145 2.133728
0.881014 0.009026 0.008250 0.004203 0.000288 0.088073 0.009147 2.134651
0.881094 0.008984 0.008207 0.004184 0.000285 0.088094 0.009151 2.135524
0.881123 0.008973 0.008225 0.004179 0.000278 0.088066 0.009155 2.136420
0.881161 0.009000 0.008211 0.004179 0.000280 0.088012 0.009156 2.137276
0.881214 0.008994 0.008237 0.004171 0.000276 0.087945 0.009162 2.138155
0.881248 0.008985 0.008220 0.004191 0.000275 0.087915 0.009166 2.139045
0.881218 0.008962 0.008238 0.004194 0.000273 0.087946 0.009170 2.139959
0.881209 0.008954 0.008247 0.004212 0.000270 0.087933 0.009173 2.140871
0.881229 0.008976 0.008239 0.004209 0.000265 0.087900 0.009182 2.141751
0.881268 0.008968 0.008254 0.004201 0.000263 0.087859 0.009187 2.142625
0.881306 0.008946 0.008263 0.004199 0.000258 0.087835 0.009193 2.143518
0.881309 0.008911 0.008266 0.004181 0.000257 0.087879 0.009197 2.144413
0.881413 0.008883 0.008272 0.004193 0.000257 0.087783 0.009199 2.145301
0.881426 0.008921 0.008235 0.004158 0.000258 0.087801 0.009201 2.146140
0.881505 0.008877 0.008221 0.004147 0.000255 0.087789 0.009206 2.147017
0.881544 0.008879 0.008201 0.004127 0.000252 0.087788 0.009210 2.147886
0.881591 0.008871 0.008202 0.004101 0.000254 0.087769 0.009214 2.148763
0.881607 0.008892 0.008164 0.004126 0.000254 0.087739 0.009218 2.149621
0.881661 0.008875 0.008156 0.004123 0.000258 0.087705 0.009220 2.150504
0.881687 0.008898 0.008140 0.004098 0.000258 0.087696 0.009224 2.151352
0.881651 0.008961 0.008122 0.004107 0.000264 0.087668 0.009226 2.152221
0.881671 0.008948 0.008130 0.004106 0.000263 0.087652 0.009230 2.153107
0.881654 0.008993 0.008098 0.004068 0.000259 0.087693 0.009234 2.153960
0.881658 0.008987 0.008054 0.004087 0.000258 0.087718 0.009238 2.154871
0.881713 0.008976 0.008064 0.004058 0.000253 0.087693 0.009243 2.155744
0.881632 0.009032 0.008085 0.004046 0.000250 0.087708 0.009249 2.156623
0.881673 0.008991 0.008112 0.004061 0.000250 0.087661 0.009253 2.157529
0.881692 0.009000 0.008116 0.004080 0.000251 0.087604 0.009256 2.158401
0.881719 0.009005 0.008117 0.004064 0.000254 0.087582 0.009259 2.159274
0.881764 0.008946 0.008141 0.004094 0.000256 0.087539 0.009259 2.160184
0.881769 0.008974 0.008163 0.004075 0.000254 0.087503 0.009262 2.161067
0.881827 0.008981 0.008174 0.004072 0.000253 0.087428 0.009264 2.161929
0.881812 0.009000 0.008181 0.004078 0.000255 0.087406 0.009266 2.162801
0.881766 0.009078 0.008207 0.004071 0.000251 0.087356 0.009271 2.163661
0.881779 0.009046 0.008219 0.004079 0.000250 0.087352 0.009274 2.164575
0.881756 0.009094 0.008196 0.004072 0.000251 0.087353 0.009277 2.165452
0.881747 0.009033 0.008224 0.004081 0.000249 0.087388 0.009278 2.166382
0.881696 0.009033 0.008255 0.004070 0.000253 0.087412 0.009281 2.167309
0.881712 0.009071 0.008260 0.004067 0.000258 0.087349 0.009283 2.168182
0.881712 0.009114 0.008239 0.004057 0.000258 0.087335 0.009285 2.169042
0.881722 0.009088 0.008258 0.004097 0.000254 0.087294 0.009287 2.169965
0.881775 0.009097 0.008262 0.004102 0.000255 0.087220 0.009290 2.170852
0.881781 0.009088 0.008286 0.004106 0.000258 0.087185 0.009294 2.171764
0.881785 0.009127 0.008268 0.004120 0.000255 0.087148 0.009297 2.172635
0.881763 0.009149 0.008279 0.004135 0.000253 0.087122 0.009299 2.173549
0.881728 0.009176 0.008324 0.004132 0.000257 0.087082 0.009302 2.174471
0.881737 0.009210 0.008331 0.004129 0.000263 0.087026 0.009304 2.175335
0.881746 0.009244 0.008284 0.004128 0.000262 0.087031 0.009305 2.176197
0.881707 0.009306 0.008247 0.004100 0.000265 0.087066 0.009308 2.177059
0.881721 0.009295 0.008279 0.004104 0.000268 0.087021 0.009312 2.177973
0.881703 0.009334 0.008312 0.004083 0.000264 0.086989 0.009316 2.178874
0.881732 0.009321 0.008306 0.004100 0.000271 0.086951 0.009320 2.179793
0.881733 0.009357 0.008303 0.004112 0.000267 0.086904 0.009323 2.180674
0.881749 0.009364 0.008285 0.004105 0.000268 0.086902 0.009327 2.181575
