0.349260 0.063051 0.056335 0.032291 0.002126 0.490921 0.006017 1.599627
0.351712 0.060762 0.056116 0.032052 0.002127 0.491187 0.006045 1.605624
0.354880 0.058028 0.055845 0.031688 0.002134 0.491361 0.006066 1.611308
0.358625 0.054876 0.055486 0.031329 0.002134 0.491462 0.006088 1.616847
0.362608 0.051868 0.054865 0.030920 0.002133 0.491484 0.006121 1.622003
0.366794 0.048891 0.054162 0.030425 0.002134 0.491445 0.006150 1.626939
0.371189 0.046011 0.053440 0.029765 0.002124 0.491296 0.006175 1.631583
0.375758 0.043310 0.052471 0.029177 0.002123 0.490960 0.006201 1.635911
0.380376 0.040692 0.051499 0.028549 0.002124 0.490534 0.006225 1.640031
0.385157 0.038250 0.050449 0.027806 0.002131 0.489958 0.006250 1.643881
0.390008 0.036015 0.049197 0.027024 0.002112 0.489370 0.006273 1.647439
0.394856 0.033885 0.048043 0.026274 0.002092 0.488544 0.006306 1.650852
0.399726 0.031872 0.046773 0.025429 0.002085 0.487779 0.006335 1.654029
0.404779 0.029885 0.045526 0.024666 0.002082 0.486702 0.006360 1.657123
0.409701 0.028123 0.044205 0.023860 0.002047 0.485673 0.006392 1.659986
0.414712 0.026481 0.042905 0.023065 0.002027 0.484390 0.006420 1.662648
0.419736 0.024988 0.041603 0.022212 0.002015 0.483003 0.006443 1.665131
0.424811 0.023514 0.040272 0.021432 0.001996 0.481501 0.006473 1.667544
0.430029 0.022127 0.039019 0.020688 0.001969 0.479661 0.006506 1.669809
0.435162 0.020842 0.037741 0.019998 0.001928 0.477800 0.006531 1.671957
0.440292 0.019618 0.036544 0.019184 0.001926 0.475882 0.006554 1.674021
0.445448 0.018571 0.035166 0.018487 0.001891 0.473856 0.006581 1.675890
0.450680 0.017550 0.033926 0.017765 0.001855 0.471615 0.006609 1.677689
0.455865 0.016636 0.032648 0.017084 0.001825 0.469312 0.006629 1.679363
0.461029 0.015811 0.031417 0.016452 0.001801 0.466834 0.006656 1.680933
0.466181 0.015032 0.030183 0.015789 0.001776 0.464363 0.006676 1.682427
0.471217 0.014281 0.028968 0.015106 0.001751 0.461976 0.006702 1.683867
0.476236 0.013614 0.027772 0.014484 0.001735 0.459439 0.006719 1.685208
0.481348 0.012976 0.026643 0.013878 0.001701 0.456712 0.006743 1.686508
0.486435 0.012408 0.025654 0.013256 0.001675 0.453810 0.006762 1.687694
0.491530 0.011828 0.024601 0.012749 0.001633 0.450869 0.006790 1.688881
0.496548 0.011257 0.023688 0.012226 0.001599 0.447868 0.006814 1.690034
0.501652 0.010679 0.022796 0.011723 0.001584 0.444730 0.006836 1.691175
0.506596 0.010248 0.021880 0.011249 0.001558 0.441615 0.006854 1.692197
0.511617 0.009768 0.021048 0.010742 0.001526 0.438428 0.006872 1.693193
0.516540 0.009352 0.020260 0.010318 0.001503 0.435134 0.006894 1.694143
0.521522 0.008952 0.019445 0.009937 0.001470 0.431761 0.006914 1.695049
0.526349 0.008605 0.018578 0.009523 0.001429 0.428580 0.006936 1.695890
0.531226 0.008242 0.017828 0.009158 0.001389 0.425195 0.006961 1.696728
0.536027 0.007957 0.017034 0.008760 0.001364 0.421878 0.006980 1.697465
0.540754 0.007660 0.016327 0.008419 0.001328 0.418513 0.006999 1.698226
0.545533 0.007362 0.015684 0.008059 0.001297 0.415052 0.007014 1.698968
0.550312 0.007095 0.015060 0.007691 0.001270 0.411541 0.007032 1.699669
0.555000 0.006816 0.014458 0.007403 0.001227 0.408043 0.007053 1.700381
0.559693 0.006580 0.013843 0.007090 0.001202 0.404517 0.007075 1.701017
0.564384 0.006329 0.013315 0.006811 0.001160 0.400906 0.007095 1.701675
0.568958 0.006150 0.012757 0.006528 0.001139 0.397362 0.007108 1.702264
0.573516 0.005934 0.012284 0.006263 0.001109 0.393764 0.007131 1.702858
0.578003 0.005733 0.011818 0.005999 0.001083 0.390217 0.007148 1.703436
0.582574 0.005518 0.011343 0.005773 0.001058 0.386574 0.007160 1.703988
0.587022 0.005349 0.010918 0.005533 0.001028 0.382977 0.007174 1.704489
0.591467 0.005207 0.010463 0.005318 0.000998 0.379359 0.007189 1.704983
0.595845 0.005036 0.010029 0.005112 0.000973 0.375807 0.007198 1.705487
0.600131 0.004894 0.009623 0.004933 0.000946 0.372262 0.007211 1.705972
0.604581 0.004734 0.009257 0.004773 0.000923 0.368510 0.007223 1.706438
0.608835 0.004611 0.008914 0.004598 0.000893 0.364913 0.007237 1.706887
0.613065 0.004495 0.008574 0.004437 0.000870 0.361312 0.007248 1.707327
0.617271 0.004383 0.008258 0.004239 0.000841 0.357747 0.007262 1.707734
0.621402 0.004256 0.007982 0.004072 0.000820 0.354195 0.007274 1.708157
0.625434 0.004156 0.007702 0.003915 0.000791 0.350714 0.007287 1.708575
0.629472 0.004050 0.007420 0.003772 0.000770 0.347222 0.007296 1.708975
0.633525 0.003920 0.007191 0.003621 0.000750 0.343688 0.007307 1.709387
0.637542 0.003836 0.006930 0.003502 0.000731 0.340140 0.007319 1.709760
0.641466 0.003747 0.006720 0.003403 0.000710 0.336627 0.007327 1.710140
0.645324 0.003642 0.006448 0.003294 0.000696 0.333262 0.007334 1.710505
0.649178 0.003568 0.006230 0.003194 0.000675 0.329814 0.007341 1.710858
0.653082 0.003480 0.006011 0.003101 0.000650 0.326323 0.007355 1.711198
0.656895 0.003395 0.005808 0.002991 0.000627 0.322921 0.007363 1.711532
0.660721 0.003292 0.005632 0.002879 0.000609 0.319497 0.007370 1.711861
0.664569 0.003206 0.005446 0.002789 0.000592 0.316021 0.007377 1.712173
0.668303 0.003119 0.005270 0.002712 0.000578 0.312631 0.007387 1.712499
0.671972 0.003045 0.005086 0.002637 0.000564 0.309304 0.007394 1.712785
0.675549 0.002985 0.004927 0.002567 0.000547 0.306019 0.007404 1.713082
0.679193 0.002898 0.004793 0.002493 0.000530 0.302681 0.007412 1.713391
0.682740 0.002849 0.004612 0.002414 0.000516 0.299448 0.007421 1.713662
0.686238 0.002766 0.004491 0.002329 0.000499 0.296251 0.007427 1.713956
0.689715 0.002709 0.004366 0.002269 0.000483 0.293025 0.007433 1.714240
0.693151 0.002664 0.004232 0.002185 0.000467 0.289858 0.007444 1.714504
0.696524 0.002627 0.004074 0.002113 0.000451 0.286759 0.007451 1.714740
0.699885 0.002569 0.003973 0.002050 0.000432 0.283636 0.007455 1.714997
0.703279 0.002548 0.003854 0.001987 0.000419 0.280452 0.007460 1.715232
0.706533 0.002527 0.003733 0.001917 0.000411 0.277417 0.007464 1.715453
0.709703 0.002467 0.003626 0.001864 0.000399 0.274470 0.007471 1.715711
0.712834 0.002384 0.003544 0.001804 0.000383 0.271574 0.007477 1.715976
0.715961 0.002350 0.003451 0.001757 0.000363 0.268630 0.007489 1.716197
0.719176 0.002290 0.003384 0.001718 0.000353 0.265587 0.007492 1.716430
0.722371 0.002256 0.003289 0.001663 0.000345 0.262579 0.007497 1.716652
0.725510 0.002219 0.003189 0.001631 0.000332 0.259615 0.007503 1.716873
0.728536 0.002185 0.003103 0.001603 0.000327 0.256741 0.007506 1.717080
0.731587 0.002128 0.003002 0.001557 0.000317 0.253898 0.007512 1.717299
0.734624 0.002070 0.002921 0.001510 0.000310 0.251049 0.007517 1.717506
0.737587 0.002012 0.002859 0.001476 0.000304 0.248241 0.007520 1.717719
0.740546 0.001999 0.002777 0.001452 0.000297 0.245406 0.007522 1.717909
0.743395 0.001958 0.002693 0.001433 0.000291 0.242704 0.007526 1.718108
0.746185 0.001943 0.002626 0.001413 0.000284 0.240022 0.007528 1.718298
0.749018 0.001907 0.002558 0.001390 0.000276 0.237321 0.007530 1.718489
0.751812 0.001868 0.002486 0.001357 0.000273 0.234672 0.007533 1.718685
0.754565 0.001825 0.002436 0.001322 0.000270 0.232046 0.007537 1.718866
0.757330 0.001798 0.002379 0.001278 0.000260 0.229411 0.007544 1.719036
0.759962 0.001766 0.002306 0.001238 0.000252 0.226931 0.007546 1.719200
0.762617 0.001731 0.002280 0.001214 0.000245 0.224364 0.007549 1.719380
0.765295 0.001685 0.002228 0.001193 0.000240 0.221808 0.007552 1.719539
0.767893 0.001639 0.002184 0.001171 0.000229 0.219326 0.007558 1.719713
0.770446 0.001621 0.002132 0.001134 0.000224 0.216883 0.007561 1.719863
0.773037 0.001592 0.002074 0.001114 0.000217 0.214400 0.007565 1.720021
0.775568 0.001575 0.002018 0.001094 0.000213 0.211964 0.007569 1.720166
0.778149 0.001542 0.001966 0.001065 0.000209 0.209496 0.007573 1.720319
0.780638 0.001509 0.001925 0.001050 0.000204 0.207099 0.007576 1.720469
0.783144 0.001495 0.001878 0.001020 0.000194 0.204690 0.007580 1.720603
0.785617 0.001473 0.001840 0.000993 0.000188 0.202306 0.007583 1.720736
0.788056 0.001442 0.001799 0.000971 0.000182 0.199964 0.007587 1.720881
0.790397 0.001428 0.001774 0.000957 0.000178 0.197676 0.007591 1.721025
0.792725 0.001408 0.001732 0.000941 0.000176 0.195427 0.007592 1.721159
0.795029 0.001380 0.001684 0.000918 0.000175 0.193220 0.007595 1.721291
0.797333 0.001358 0.001637 0.000903 0.000169 0.191001 0.007599 1.721430
0.799523 0.001339 0.001602 0.000892 0.000165 0.188877 0.007602 1.721566
0.801752 0.001333 0.001563 0.000870 0.000160 0.186718 0.007603 1.721693
0.803982 0.001325 0.001520 0.000862 0.000157 0.184551 0.007605 1.721810
0.806193 0.001321 0.001482 0.000850 0.000151 0.182394 0.007609 1.721932
0.808297 0.001305 0.001463 0.000837 0.000148 0.180339 0.007611 1.722054
0.810434 0.001298 0.001439 0.000825 0.000144 0.178246 0.007614 1.722185
0.812514 0.001282 0.001416 0.000803 0.000142 0.176228 0.007616 1.722313
0.814526 0.001274 0.001399 0.000792 0.000140 0.174249 0.007620 1.722438
0.816547 0.001248 0.001393 0.000776 0.000136 0.172279 0.007621 1.722565
0.818615 0.001226 0.001369 0.000775 0.000135 0.170258 0.007623 1.722686
0.820613 0.001188 0.001367 0.000758 0.000130 0.168320 0.007624 1.722816
0.822592 0.001165 0.001355 0.000736 0.000127 0.166400 0.007625 1.722926
0.824590 0.001138 0.001335 0.000719 0.000125 0.164466 0.007627 1.723045
0.826470 0.001118 0.001312 0.000707 0.000120 0.162644 0.007629 1.723158
0.828429 0.001101 0.001297 0.000681 0.000117 0.160743 0.007631 1.723263
0.830241 0.001088 0.001274 0.000671 0.000109 0.158981 0.007635 1.723369
0.832162 0.001071 0.001260 0.000663 0.000102 0.157103 0.007638 1.723481
0.834018 0.001057 0.001249 0.000652 0.000099 0.155287 0.007639 1.723585
0.835842 0.001060 0.001225 0.000639 0.000098 0.153495 0.007640 1.723683
0.837740 0.001036 0.001206 0.000626 0.000095 0.151654 0.007642 1.723786
0.839593 0.001018 0.001186 0.000617 0.000095 0.149848 0.007642 1.723891
0.841376 0.001016 0.001154 0.000611 0.000092 0.148107 0.007644 1.723985
0.843118 0.001019 0.001115 0.000599 0.000090 0.146414 0.007646 1.724070
0.844820 0.001016 0.001092 0.000587 0.000088 0.144749 0.007648 1.724160
0.846565 0.001001 0.001083 0.000576 0.000088 0.143037 0.007650 1.724261
0.848302 0.000977 0.001069 0.000566 0.000088 0.141349 0.007650 1.724357
0.849994 0.000963 0.001057 0.000558 0.000088 0.139689 0.007651 1.724443
0.851658 0.000950 0.001046 0.000540 0.000089 0.138065 0.007652 1.724536
0.853281 0.000946 0.001026 0.000536 0.000089 0.136469 0.007653 1.724629
0.854884 0.000943 0.001023 0.000522 0.000086 0.134888 0.007655 1.724722
0.856460 0.000918 0.001016 0.000528 0.000085 0.133336 0.007656 1.724826
0.858028 0.000909 0.001011 0.000515 0.000084 0.131798 0.007656 1.724919
0.859560 0.000898 0.001000 0.000508 0.000083 0.130295 0.007657 1.725018
0.861130 0.000886 0.000980 0.000505 0.000078 0.128762 0.007659 1.725109
0.862686 0.000886 0.000974 0.000493 0.000075 0.127225 0.007661 1.725192
0.864153 0.000893 0.000964 0.000486 0.000071 0.125771 0.007663 1.725271
0.865607 0.000889 0.000932 0.000476 0.000067 0.124362 0.007665 1.725349
0.867149 0.000869 0.000927 0.000467 0.000067 0.122854 0.007666 1.725447
0.868582 0.000849 0.000908 0.000465 0.000065 0.121464 0.007666 1.725537
0.869964 0.000833 0.000906 0.000468 0.000063 0.120099 0.007667 1.725631
0.871394 0.000825 0.000895 0.000467 0.000063 0.118689 0.007667 1.725710
0.872794 0.000830 0.000872 0.000463 0.000062 0.117312 0.007668 1.725784
0.874148 0.000830 0.000864 0.000445 0.000061 0.115984 0.007668 1.725855
0.875551 0.000819 0.000866 0.000433 0.000062 0.114601 0.007669 1.725933
0.876898 0.000823 0.000844 0.000428 0.000061 0.113275 0.007670 1.726006
0.878231 0.000824 0.000839 0.000412 0.000059 0.111964 0.007672 1.726076
0.879532 0.000818 0.000831 0.000410 0.000062 0.110674 0.007672 1.726155
0.880835 0.000811 0.000827 0.000408 0.000059 0.109387 0.007673 1.726234
0.882147 0.000792 0.000823 0.000406 0.000059 0.108101 0.007674 1.726317
0.883405 0.000789 0.000809 0.000399 0.000056 0.106867 0.007675 1.726394
0.884652 0.000775 0.000812 0.000409 0.000057 0.105621 0.007675 1.726478
0.885852 0.000766 0.000817 0.000402 0.000055 0.104432 0.007676 1.726559
0.887047 0.000760 0.000814 0.000402 0.000055 0.103247 0.007676 1.726639
0.888219 0.000761 0.000798 0.000390 0.000053 0.102102 0.007677 1.726707
0.889397 0.000743 0.000796 0.000394 0.000053 0.100939 0.007678 1.726785
0.890567 0.000741 0.000782 0.000387 0.000051 0.099793 0.007679 1.726857
0.891682 0.000733 0.000763 0.000384 0.000051 0.098709 0.007679 1.726926
0.892822 0.000736 0.000764 0.000382 0.000050 0.097567 0.007680 1.726996
0.893935 0.000735 0.000753 0.000378 0.000047 0.096470 0.007682 1.727067
0.895017 0.000718 0.000751 0.000381 0.000046 0.095404 0.007683 1.727150
0.896137 0.000703 0.000747 0.000375 0.000046 0.094309 0.007684 1.727225
0.897235 0.000704 0.000741 0.000367 0.000045 0.093223 0.007684 1.727297
0.898289 0.000705 0.000733 0.000372 0.000042 0.092174 0.007686 1.727368
0.899302 0.000705 0.000727 0.000368 0.000041 0.091171 0.007687 1.727439
0.900357 0.000708 0.000719 0.000355 0.000040 0.090134 0.007687 1.727500
0.901378 0.000702 0.000714 0.000356 0.000039 0.089125 0.007687 1.727570
0.902368 0.000687 0.000709 0.000358 0.000039 0.088152 0.007688 1.727646
0.903385 0.000672 0.000702 0.000358 0.000038 0.087158 0.007688 1.727716
0.904382 0.000683 0.000685 0.000346 0.000038 0.086179 0.007688 1.727774
0.905338 0.000682 0.000674 0.000354 0.000037 0.085226 0.007689 1.727840
0.906284 0.000687 0.000660 0.000345 0.000034 0.084301 0.007690 1.727895
0.907226 0.000669 0.000660 0.000342 0.000033 0.083380 0.007691 1.727971
0.908177 0.000661 0.000654 0.000341 0.000032 0.082445 0.007691 1.728035
0.909092 0.000662 0.000645 0.000339 0.000033 0.081539 0.007691 1.728096
0.909954 0.000671 0.000636 0.000330 0.000033 0.080685 0.007691 1.728152
0.910829 0.000663 0.000638 0.000326 0.000032 0.079822 0.007691 1.728221
0.911679 0.000648 0.000642 0.000330 0.000031 0.078979 0.007692 1.728298
0.912545 0.000653 0.000628 0.000322 0.000032 0.078130 0.007692 1.728356
0.913419 0.000647 0.000618 0.000318 0.000031 0.077275 0.007692 1.728413
0.914224 0.000630 0.000614 0.000313 0.000030 0.076498 0.007692 1.728475
0.915046 0.000623 0.000615 0.000309 0.000030 0.075685 0.007692 1.728533
0.915853 0.000626 0.000613 0.000298 0.000030 0.074888 0.007692 1.728592
0.916603 0.000631 0.000616 0.000299 0.000030 0.074129 0.007692 1.728654
0.917357 0.000629 0.000610 0.000297 0.000029 0.073387 0.007692 1.728710
0.918106 0.000626 0.000599 0.000311 0.000028 0.072639 0.007693 1.728774
0.918846 0.000609 0.000597 0.000309 0.000027 0.071918 0.007693 1.728846
0.919569 0.000599 0.000600 0.000310 0.000029 0.071199 0.007693 1.728909
0.920267 0.000598 0.000598 0.000314 0.000029 0.070502 0.007694 1.728973
0.920980 0.000581 0.000608 0.000315 0.000030 0.069792 0.007694 1.729044
0.921686 0.000591 0.000603 0.000311 0.000029 0.069086 0.007695 1.729101
0.922383 0.000601 0.000600 0.000316 0.000030 0.068376 0.007696 1.729158
0.923062 0.000594 0.000583 0.000309 0.000030 0.067727 0.007696 1.729211
0.923710 0.000586 0.000584 0.000302 0.000030 0.067092 0.007696 1.729269
0.924357 0.000583 0.000590 0.000300 0.000030 0.066443 0.007697 1.729331
0.924988 0.000580 0.000572 0.000300 0.000030 0.065834 0.007698 1.729388
0.925613 0.000576 0.000555 0.000307 0.000028 0.065223 0.007698 1.729440
0.926257 0.000568 0.000554 0.000303 0.000028 0.064591 0.007699 1.729493
0.926876 0.000566 0.000542 0.000297 0.000028 0.063992 0.007699 1.729542
0.927488 0.000562 0.000542 0.000291 0.000027 0.063392 0.007699 1.729595
0.928064 0.000563 0.000535 0.000289 0.000024 0.062826 0.007700 1.729644
0.928646 0.000561 0.000538 0.000281 0.000024 0.062250 0.007700 1.729699
0.929216 0.000546 0.000537 0.000283 0.000024 0.061695 0.007700 1.729758
0.929770 0.000543 0.000531 0.000287 0.000024 0.061144 0.007700 1.729815
0.930315 0.000544 0.000519 0.000291 0.000024 0.060607 0.007700 1.729865
0.930871 0.000545 0.000514 0.000292 0.000024 0.060055 0.007700 1.729918
0.931407 0.000540 0.000511 0.000291 0.000023 0.059528 0.007700 1.729971
0.931927 0.000539 0.000509 0.000288 0.000022 0.059013 0.007701 1.730027
0.932440 0.000546 0.000508 0.000283 0.000023 0.058499 0.007701 1.730078
0.932946 0.000536 0.000508 0.000280 0.000023 0.058006 0.007702 1.730135
0.933450 0.000532 0.000513 0.000276 0.000024 0.057504 0.007702 1.730185
0.933926 0.000535 0.000501 0.000273 0.000025 0.057039 0.007702 1.730230
0.934413 0.000526 0.000498 0.000269 0.000024 0.056569 0.007702 1.730281
0.934853 0.000535 0.000484 0.000267 0.000024 0.056135 0.007702 1.730322
0.935297 0.000533 0.000487 0.000266 0.000022 0.055692 0.007703 1.730374
0.935749 0.000543 0.000479 0.000269 0.000020 0.055237 0.007703 1.730420
0.936201 0.000543 0.000488 0.000267 0.000020 0.054777 0.007704 1.730480
0.936660 0.000530 0.000490 0.000267 0.000020 0.054330 0.007704 1.730537
0.937097 0.000531 0.000494 0.000258 0.000019 0.053898 0.007704 1.730589
0.937535 0.000529 0.000480 0.000259 0.000019 0.053474 0.007704 1.730633
0.937960 0.000519 0.000480 0.000259 0.000019 0.053059 0.007704 1.730688
0.938357 0.000524 0.000471 0.000258 0.000019 0.052666 0.007705 1.730735
0.938745 0.000514 0.000485 0.000256 0.000019 0.052277 0.007705 1.730793
0.939127 0.000505 0.000483 0.000265 0.000018 0.051896 0.007705 1.730853
0.939518 0.000505 0.000487 0.000260 0.000018 0.051507 0.007705 1.730901
0.939904 0.000495 0.000487 0.000252 0.000018 0.051139 0.007705 1.730947
0.940278 0.000497 0.000474 0.000250 0.000016 0.050780 0.007706 1.730994
0.940658 0.000495 0.000475 0.000253 0.000014 0.050399 0.007706 1.731042
0.941036 0.000493 0.000470 0.000252 0.000014 0.050028 0.007706 1.731088
0.941393 0.000496 0.000471 0.000248 0.000014 0.049672 0.007707 1.731131
0.941738 0.000489 0.000475 0.000242 0.000015 0.049333 0.007707 1.731185
0.942078 0.000490 0.000470 0.000238 0.000016 0.049001 0.007707 1.731233
0.942414 0.000489 0.000462 0.000245 0.000017 0.048666 0.007707 1.731284
0.942752 0.000492 0.000458 0.000246 0.000016 0.048329 0.007707 1.731330
0.943092 0.000489 0.000454 0.000248 0.000016 0.047994 0.007708 1.731377
0.943417 0.000491 0.000453 0.000247 0.000016 0.047668 0.007708 1.731427
0.943760 0.000487 0.000450 0.000238 0.000014 0.047343 0.007709 1.731473
0.944079 0.000493 0.000447 0.000235 0.000014 0.047022 0.007709 1.731519
0.944371 0.000483 0.000451 0.000241 0.000014 0.046730 0.007709 1.731576
0.944696 0.000476 0.000453 0.000243 0.000014 0.046409 0.007709 1.731625
0.945004 0.000477 0.000451 0.000251 0.000014 0.046094 0.007709 1.731678
0.945304 0.000477 0.000442 0.000253 0.000013 0.045801 0.007709 1.731720
0.945572 0.000467 0.000450 0.000253 0.000013 0.045536 0.007709 1.731770
0.945842 0.000465 0.000458 0.000244 0.000014 0.045268 0.007710 1.731819
0.946108 0.000473 0.000458 0.000247 0.000015 0.044990 0.007710 1.731868
0.946387 0.000465 0.000462 0.000243 0.000014 0.044719 0.007711 1.731915
0.946637 0.000476 0.000465 0.000240 0.000015 0.044457 0.007711 1.731950
0.946901 0.000474 0.000464 0.000232 0.000015 0.044203 0.007711 1.731995
0.947149 0.000472 0.000461 0.000236 0.000015 0.043957 0.007711 1.732044
0.947379 0.000474 0.000456 0.000237 0.000016 0.043728 0.007711 1.732092
0.947627 0.000472 0.000457 0.000235 0.000014 0.043484 0.007711 1.732138
0.947858 0.000472 0.000453 0.000230 0.000016 0.043259 0.007711 1.732183
0.948099 0.000473 0.000443 0.000234 0.000016 0.043024 0.007711 1.732227
0.948335 0.000475 0.000446 0.000232 0.000016 0.042787 0.007711 1.732277
0.948571 0.000471 0.000440 0.000229 0.000016 0.042561 0.007711 1.732322
0.948796 0.000463 0.000439 0.000229 0.000016 0.042347 0.007711 1.732371
0.949031 0.000461 0.000444 0.000229 0.000016 0.042108 0.007711 1.732416
0.949242 0.000459 0.000448 0.000227 0.000016 0.041897 0.007711 1.732462
0.949460 0.000457 0.000442 0.000221 0.000016 0.041693 0.007712 1.732499
0.949663 0.000455 0.000440 0.000225 0.000016 0.041489 0.007712 1.732542
0.949853 0.000459 0.000439 0.000226 0.000015 0.041296 0.007713 1.732591
0.950061 0.000459 0.000435 0.000225 0.000015 0.041092 0.007713 1.732635
0.950264 0.000459 0.000435 0.000227 0.000014 0.040888 0.007714 1.732683
0.950443 0.000459 0.000427 0.000229 0.000015 0.040714 0.007714 1.732729
0.950629 0.000459 0.000418 0.000230 0.000015 0.040536 0.007714 1.732770
0.950839 0.000459 0.000411 0.000235 0.000014 0.040329 0.007714 1.732813
0.951019 0.000450 0.000416 0.000233 0.000015 0.040152 0.007714 1.732859
0.951209 0.000435 0.000418 0.000235 0.000015 0.039973 0.007714 1.732908
0.951396 0.000438 0.000414 0.000228 0.000014 0.039795 0.007714 1.732948
0.951578 0.000427 0.000413 0.000232 0.000014 0.039621 0.007714 1.732993
0.951767 0.000421 0.000409 0.000235 0.000014 0.039440 0.007715 1.733037
0.951938 0.000412 0.000413 0.000236 0.000014 0.039272 0.007715 1.733081
0.952107 0.000410 0.000413 0.000230 0.000014 0.039111 0.007715 1.733123
0.952285 0.000405 0.000412 0.000229 0.000014 0.038939 0.007715 1.733169
0.952456 0.000390 0.000409 0.000227 0.000013 0.038790 0.007715 1.733213
0.952622 0.000391 0.000404 0.000218 0.000016 0.038635 0.007715 1.733247
0.952780 0.000391 0.000401 0.000213 0.000014 0.038485 0.007716 1.733279
0.952950 0.000386 0.000403 0.000210 0.000014 0.038321 0.007716 1.733315
0.953112 0.000377 0.000401 0.000207 0.000014 0.038173 0.007716 1.733359
0.953266 0.000379 0.000398 0.000203 0.000014 0.038024 0.007716 1.733394
0.953406 0.000388 0.000391 0.000202 0.000014 0.037882 0.007716 1.733427
0.953551 0.000388 0.000383 0.000204 0.000013 0.037745 0.007717 1.733468
0.953693 0.000392 0.000378 0.000201 0.000014 0.037604 0.007717 1.733501
0.953829 0.000383 0.000372 0.000200 0.000013 0.037485 0.007717 1.733541
0.953968 0.000379 0.000372 0.000206 0.000014 0.037343 0.007717 1.733583
0.954109 0.000381 0.000369 0.000201 0.000013 0.037211 0.007717 1.733618
0.954255 0.000380 0.000366 0.000201 0.000014 0.037067 0.007717 1.733651
0.954367 0.000385 0.000359 0.000200 0.000015 0.036957 0.007717 1.733688
0.954488 0.000383 0.000360 0.000198 0.000016 0.036839 0.007717 1.733726
0.954590 0.000382 0.000357 0.000197 0.000016 0.036740 0.007717 1.733764
0.954714 0.000389 0.000350 0.000195 0.000016 0.036620 0.007717 1.733796
0.954823 0.000386 0.000351 0.000194 0.000015 0.036513 0.007717 1.733837
0.954922 0.000383 0.000352 0.000192 0.000015 0.036418 0.007717 1.733876
0.955034 0.000374 0.000350 0.000195 0.000015 0.036315 0.007717 1.733917
0.955132 0.000376 0.000352 0.000190 0.000014 0.036219 0.007717 1.733956
0.955235 0.000378 0.000354 0.000190 0.000014 0.036112 0.007717 1.733989
0.955338 0.000374 0.000359 0.000186 0.000015 0.036012 0.007717 1.734028
0.955436 0.000370 0.000360 0.000189 0.000015 0.035913 0.007717 1.734067
0.955534 0.000362 0.000364 0.000188 0.000014 0.035820 0.007717 1.734109
0.955644 0.000350 0.000364 0.000191 0.000014 0.035719 0.007717 1.734150
0.955746 0.000354 0.000352 0.000188 0.000013 0.035630 0.007717 1.734177
0.955860 0.000344 0.000359 0.000193 0.000013 0.035514 0.007717 1.734214
0.955939 0.000353 0.000356 0.000188 0.000013 0.035433 0.007717 1.734244
0.956036 0.000348 0.000358 0.000183 0.000014 0.035342 0.007718 1.734280
0.956133 0.000352 0.000352 0.000179 0.000013 0.035252 0.007718 1.734307
0.956221 0.000356 0.000351 0.000175 0.000014 0.035165 0.007718 1.734340
0.956302 0.000360 0.000349 0.000170 0.000013 0.035088 0.007719 1.734369
0.956396 0.000343 0.000351 0.000174 0.000013 0.035003 0.007720 1.734411
0.956490 0.000344 0.000355 0.000170 0.000014 0.034908 0.007720 1.734447
0.956566 0.000346 0.000359 0.000170 0.000013 0.034826 0.007720 1.734482
0.956657 0.000343 0.000355 0.000168 0.000013 0.034744 0.007720 1.734514
0.956735 0.000343 0.000352 0.000169 0.000013 0.034667 0.007720 1.734544
0.956827 0.000341 0.000353 0.000164 0.000015 0.034580 0.007721 1.734580
0.956903 0.000350 0.000343 0.000170 0.000015 0.034498 0.007721 1.734607
0.956981 0.000347 0.000336 0.000175 0.000014 0.034426 0.007721 1.734644
0.957047 0.000345 0.000340 0.000172 0.000014 0.034361 0.007721 1.734680
0.957119 0.000344 0.000335 0.000174 0.000014 0.034293 0.007721 1.734715
0.957192 0.000344 0.000334 0.000173 0.000013 0.034222 0.007721 1.734748
0.957269 0.000339 0.000333 0.000172 0.000014 0.034152 0.007721 1.734788
0.957323 0.000341 0.000336 0.000169 0.000014 0.034095 0.007721 1.734825
0.957383 0.000353 0.000336 0.000165 0.000013 0.034028 0.007722 1.734859
0.957455 0.000352 0.000334 0.000165 0.000013 0.033957 0.007722 1.734892
0.957516 0.000352 0.000331 0.000166 0.000012 0.033901 0.007723 1.734929
0.957585 0.000355 0.000328 0.000168 0.000013 0.033829 0.007723 1.734959
0.957648 0.000347 0.000335 0.000171 0.000012 0.033763 0.007724 1.735000
0.957696 0.000358 0.000319 0.000174 0.000011 0.033717 0.007724 1.735031
0.957755 0.000352 0.000322 0.000178 0.000011 0.033658 0.007724 1.735070
0.957796 0.000358 0.000324 0.000172 0.000012 0.033614 0.007724 1.735112
0.957849 0.000357 0.000323 0.000174 0.000011 0.033563 0.007724 1.735149
0.957894 0.000358 0.000320 0.000180 0.000011 0.033514 0.007724 1.735183
0.957939 0.000360 0.000320 0.000181 0.000012 0.033465 0.007724 1.735219
0.958007 0.000354 0.000320 0.000173 0.000011 0.033410 0.007725 1.735253
0.958060 0.000359 0.000325 0.000168 0.000011 0.033351 0.007725 1.735286
0.958107 0.000347 0.000336 0.000169 0.000012 0.033304 0.007725 1.735334
0.958157 0.000348 0.000336 0.000165 0.000012 0.033256 0.007726 1.735363
0.958201 0.000347 0.000338 0.000161 0.000012 0.033215 0.007726 1.735398
0.958239 0.000351 0.000335 0.000159 0.000012 0.033178 0.007726 1.735432
0.958289 0.000353 0.000327 0.000162 0.000012 0.033133 0.007726 1.735468
0.958316 0.000359 0.000327 0.000165 0.000011 0.033095 0.007727 1.735501
0.958361 0.000359 0.000332 0.000161 0.000011 0.033049 0.007727 1.735534
0.958412 0.000354 0.000334 0.000160 0.000012 0.033001 0.007727 1.735569
0.958469 0.000355 0.000325 0.000159 0.000011 0.032953 0.007727 1.735598
0.958526 0.000347 0.000324 0.000158 0.000010 0.032908 0.007728 1.735631
0.958557 0.000337 0.000329 0.000166 0.000010 0.032873 0.007728 1.735672
0.958615 0.000339 0.000331 0.000164 0.000011 0.032813 0.007728 1.735704
0.958650 0.000339 0.000325 0.000169 0.000011 0.032778 0.007728 1.735739
0.958701 0.000334 0.000321 0.000171 0.000011 0.032734 0.007728 1.735773
0.958742 0.000329 0.000324 0.000165 0.000010 0.032701 0.007728 1.735805
0.958767 0.000332 0.000325 0.000165 0.000010 0.032674 0.007729 1.735836
0.958807 0.000330 0.000327 0.000162 0.000011 0.032636 0.007729 1.735869
0.958837 0.000326 0.000330 0.000164 0.000010 0.032604 0.007729 1.735906
0.958869 0.000329 0.000320 0.000165 0.000008 0.032580 0.007729 1.735936
0.958897 0.000328 0.000320 0.000164 0.000008 0.032555 0.007729 1.735966
0.958929 0.000318 0.000312 0.000168 0.000008 0.032537 0.007729 1.735999
0.958966 0.000311 0.000308 0.000166 0.000009 0.032511 0.007729 1.736032
0.958998 0.000304 0.000306 0.000164 0.000009 0.032490 0.007730 1.736064
0.959047 0.000311 0.000299 0.000161 0.000008 0.032445 0.007730 1.736090
0.959076 0.000313 0.000294 0.000159 0.000009 0.032420 0.007730 1.736118
0.959104 0.000313 0.000295 0.000158 0.000009 0.032392 0.007730 1.736152
0.959141 0.000309 0.000290 0.000163 0.000009 0.032360 0.007730 1.736182
0.959177 0.000301 0.000293 0.000157 0.000008 0.032335 0.007730 1.736212
0.959210 0.000297 0.000298 0.000156 0.000009 0.032301 0.007730 1.736240
0.959228 0.000299 0.000294 0.000153 0.000009 0.032288 0.007730 1.736263
0.959260 0.000300 0.000290 0.000157 0.000009 0.032255 0.007731 1.736294
0.959284 0.000298 0.000292 0.000161 0.000010 0.032226 0.007731 1.736327
0.959315 0.000289 0.000293 0.000162 0.000010 0.032199 0.007731 1.736361
0.959347 0.000297 0.000288 0.000163 0.000009 0.032165 0.007732 1.736386
0.959387 0.000294 0.000283 0.000163 0.000008 0.032133 0.007732 1.736412
0.959400 0.000297 0.000273 0.000158 0.000009 0.032131 0.007732 1.736438
0.959431 0.000296 0.000278 0.000154 0.000009 0.032100 0.007732 1.736466
0.959466 0.000287 0.000276 0.000153 0.000009 0.032076 0.007732 1.736496
0.959491 0.000290 0.000275 0.000155 0.000009 0.032048 0.007732 1.736524
0.959520 0.000287 0.000268 0.000157 0.000009 0.032027 0.007732 1.736550
0.959553 0.000286 0.000269 0.000153 0.000009 0.031998 0.007732 1.736576
0.959592 0.000280 0.000269 0.000150 0.000008 0.031970 0.007732 1.736603
0.959622 0.000281 0.000270 0.000148 0.000007 0.031939 0.007733 1.736628
0.959654 0.000275 0.000263 0.000147 0.000007 0.031921 0.007733 1.736660
0.959681 0.000274 0.000258 0.000145 0.000007 0.031901 0.007733 1.736688
0.959712 0.000277 0.000258 0.000138 0.000007 0.031876 0.007733 1.736709
0.959739 0.000278 0.000261 0.000137 0.000008 0.031845 0.007733 1.736737
0.959770 0.000276 0.000257 0.000138 0.000008 0.031818 0.007733 1.736762
0.959800 0.000270 0.000264 0.000138 0.000008 0.031787 0.007733 1.736792
0.959830 0.000263 0.000260 0.000142 0.000008 0.031763 0.007733 1.736820
0.959867 0.000262 0.000253 0.000144 0.000008 0.031734 0.007733 1.736848
0.959899 0.000258 0.000242 0.000140 0.000008 0.031719 0.007733 1.736873
0.959918 0.000257 0.000242 0.000139 0.000009 0.031702 0.007733 1.736899
0.959935 0.000259 0.000235 0.000140 0.000009 0.031689 0.007734 1.736926
0.959962 0.000260 0.000235 0.000139 0.000008 0.031662 0.007734 1.736955
0.959971 0.000265 0.000235 0.000135 0.000009 0.031651 0.007734 1.736978
0.959980 0.000275 0.000240 0.000136 0.000009 0.031626 0.007734 1.737004
0.959996 0.000278 0.000240 0.000137 0.000008 0.031607 0.007735 1.737032
0.960018 0.000279 0.000238 0.000137 0.000008 0.031584 0.007735 1.737058
0.960049 0.000270 0.000238 0.000139 0.000008 0.031560 0.007735 1.737088
0.960075 0.000276 0.000231 0.000136 0.000008 0.031538 0.007735 1.737107
0.960090 0.000280 0.000230 0.000137 0.000007 0.031520 0.007735 1.737130
0.960106 0.000288 0.000230 0.000134 0.000008 0.031498 0.007735 1.737157
0.960122 0.000288 0.000234 0.000137 0.000009 0.031475 0.007736 1.737186
0.960149 0.000280 0.000241 0.000136 0.000009 0.031450 0.007736 1.737216
0.960166 0.000287 0.000240 0.000137 0.000009 0.031425 0.007736 1.737237
0.960189 0.000275 0.000235 0.000139 0.000008 0.031418 0.007736 1.737270
0.960210 0.000271 0.000237 0.000140 0.000008 0.031397 0.007736 1.737301
0.960227 0.000270 0.000237 0.000136 0.000009 0.031385 0.007736 1.737328
0.960251 0.000263 0.000239 0.000142 0.000010 0.031360 0.007736 1.737361
0.960278 0.000263 0.000238 0.000141 0.000009 0.031335 0.007736 1.737385
0.960296 0.000258 0.000244 0.000138 0.000009 0.031319 0.007736 1.737410
0.960319 0.000260 0.000242 0.000139 0.000009 0.031295 0.007736 1.737429
0.960327 0.000268 0.000244 0.000136 0.000008 0.031280 0.007736 1.737452
0.960354 0.000275 0.000239 0.000136 0.000008 0.031251 0.007737 1.737470
0.960374 0.000266 0.000243 0.000140 0.000008 0.031232 0.007737 1.737501
0.960387 0.000260 0.000240 0.000140 0.000008 0.031227 0.007737 1.737532
0.960413 0.000263 0.000236 0.000136 0.000008 0.031206 0.007737 1.737552
0.960435 0.000255 0.000234 0.000135 0.000008 0.031195 0.007737 1.737576
0.960443 0.000261 0.000229 0.000131 0.000007 0.031191 0.007738 1.737597
0.960460 0.000258 0.000224 0.000126 0.000007 0.031188 0.007738 1.737621
0.960472 0.000257 0.000222 0.000124 0.000007 0.031181 0.007738 1.737644
0.960492 0.000249 0.000225 0.000124 0.000007 0.031164 0.007738 1.737670
0.960516 0.000247 0.000222 0.000125 0.000007 0.031144 0.007738 1.737691
0.960531 0.000243 0.000223 0.000124 0.000008 0.031133 0.007738 1.737718
0.960553 0.000243 0.000219 0.000128 0.000008 0.031111 0.007738 1.737742
0.960575 0.000235 0.000211 0.000131 0.000007 0.031103 0.007738 1.737768
0.960595 0.000231 0.000214 0.000127 0.000008 0.031087 0.007738 1.737787
0.960622 0.000222 0.000211 0.000130 0.000007 0.031071 0.007739 1.737809
0.960639 0.000216 0.000213 0.000130 0.000006 0.031057 0.007739 1.737835
0.960650 0.000218 0.000214 0.000127 0.000007 0.031044 0.007739 1.737855
0.960665 0.000212 0.000207 0.000129 0.000007 0.031042 0.007740 1.737880
0.960686 0.000211 0.000198 0.000124 0.000008 0.031034 0.007740 1.737899
0.960704 0.000208 0.000199 0.000123 0.000008 0.031017 0.007740 1.737921
0.960719 0.000210 0.000198 0.000119 0.000008 0.031006 0.007740 1.737940
0.960740 0.000209 0.000198 0.000119 0.000008 0.030986 0.007740 1.737956
0.960751 0.000210 0.000193 0.000117 0.000009 0.030981 0.007740 1.737976
0.960772 0.000202 0.000195 0.000115 0.000009 0.030966 0.007740 1.738001
0.960793 0.000200 0.000197 0.000111 0.000009 0.030948 0.007741 1.738018
0.960808 0.000196 0.000200 0.000109 0.000009 0.030936 0.007741 1.738041
0.960818 0.000198 0.000199 0.000107 0.000008 0.030928 0.007741 1.738058
0.960827 0.000199 0.000196 0.000109 0.000009 0.030920 0.007741 1.738080
0.960847 0.000195 0.000196 0.000109 0.000009 0.030902 0.007741 1.738098
0.960859 0.000198 0.000196 0.000109 0.000009 0.030889 0.007741 1.738116
0.960874 0.000198 0.000195 0.000106 0.000010 0.030878 0.007741 1.738134
0.960888 0.000193 0.000191 0.000101 0.000010 0.030875 0.007741 1.738153
0.960902 0.000190 0.000191 0.000101 0.000009 0.030866 0.007741 1.738174
0.960914 0.000192 0.000193 0.000098 0.000009 0.030853 0.007742 1.738190
0.960937 0.000193 0.000188 0.000095 0.000009 0.030835 0.007742 1.738203
0.960947 0.000192 0.000190 0.000093 0.000009 0.030825 0.007743 1.738223
0.960946 0.000200 0.000188 0.000095 0.000009 0.030820 0.007743 1.738244
0.960959 0.000196 0.000192 0.000094 0.000008 0.030806 0.007743 1.738267
0.960967 0.000197 0.000195 0.000096 0.000008 0.030793 0.007743 1.738287
0.960977 0.000203 0.000188 0.000097 0.000008 0.030782 0.007743 1.738300
0.960998 0.000197 0.000189 0.000096 0.000010 0.030766 0.007743 1.738320
0.961016 0.000189 0.000183 0.000093 0.000009 0.030765 0.007743 1.738336
0.961033 0.000189 0.000183 0.000089 0.000009 0.030755 0.007743 1.738354
0.961052 0.000190 0.000183 0.000089 0.000010 0.030733 0.007743 1.738371
0.961055 0.000186 0.000186 0.000091 0.000009 0.030730 0.007743 1.738394
0.961070 0.000180 0.000185 0.000091 0.000009 0.030722 0.007743 1.738412
0.961093 0.000174 0.000185 0.000090 0.000010 0.030705 0.007743 1.738430
0.961101 0.000179 0.000186 0.000089 0.000010 0.030691 0.007743 1.738448
0.961114 0.000181 0.000185 0.000087 0.000010 0.030679 0.007743 1.738466
0.961131 0.000180 0.000177 0.000086 0.000010 0.030673 0.007743 1.738482
0.961146 0.000181 0.000178 0.000085 0.000009 0.030656 0.007744 1.738499
0.961156 0.000182 0.000175 0.000085 0.000009 0.030649 0.007744 1.738516
0.961161 0.000180 0.000182 0.000085 0.000009 0.030639 0.007744 1.738539
0.961162 0.000183 0.000178 0.000088 0.000009 0.030635 0.007744 1.738558
0.961168 0.000185 0.000177 0.000089 0.000009 0.030627 0.007744 1.738576
0.961181 0.000183 0.000178 0.000087 0.000009 0.030617 0.007744 1.738594
0.961198 0.000188 0.000176 0.000087 0.000009 0.030597 0.007744 1.738605
0.961212 0.000190 0.000174 0.000081 0.000009 0.030589 0.007744 1.738618
0.961220 0.000190 0.000170 0.000082 0.000009 0.030585 0.007744 1.738638
0.961231 0.000185 0.000169 0.000088 0.000009 0.030575 0.007744 1.738661
0.961240 0.000187 0.000170 0.000088 0.000009 0.030562 0.007744 1.738676
0.961242 0.000193 0.000172 0.000086 0.000009 0.030554 0.007744 1.738694
0.961251 0.000200 0.000169 0.000087 0.000009 0.030541 0.007744 1.738705
0.961261 0.000205 0.000167 0.000086 0.000009 0.030529 0.007744 1.738720
0.961260 0.000213 0.000165 0.000087 0.000009 0.030523 0.007744 1.738736
0.961274 0.000209 0.000168 0.000087 0.000009 0.030509 0.007744 1.738753
0.961288 0.000203 0.000166 0.000089 0.000009 0.030501 0.007744 1.738775
0.961296 0.000199 0.000170 0.000087 0.000008 0.030496 0.007744 1.738797
0.961305 0.000198 0.000170 0.000087 0.000007 0.030489 0.007745 1.738815
0.961312 0.000196 0.000171 0.000088 0.000007 0.030482 0.007745 1.738836
0.961315 0.000206 0.000166 0.000084 0.000009 0.030476 0.007745 1.738849
0.961323 0.000200 0.000168 0.000084 0.000009 0.030471 0.007745 1.738871
0.961336 0.000196 0.000169 0.000084 0.000007 0.030462 0.007745 1.738891
0.961341 0.000194 0.000169 0.000080 0.000007 0.030463 0.007745 1.738910
0.961355 0.000188 0.000172 0.000083 0.000008 0.030447 0.007745 1.738931
0.961354 0.000192 0.000170 0.000083 0.000008 0.030447 0.007745 1.738949
0.961365 0.000193 0.000172 0.000082 0.000007 0.030434 0.007745 1.738969
0.961373 0.000186 0.000175 0.000081 0.000008 0.030433 0.007745 1.738990
0.961376 0.000185 0.000178 0.000082 0.000008 0.030425 0.007745 1.739006
0.961392 0.000174 0.000182 0.000082 0.000008 0.030416 0.007745 1.739029
0.961394 0.000170 0.000183 0.000081 0.000007 0.030418 0.007745 1.739048
0.961397 0.000167 0.000179 0.000083 0.000007 0.030422 0.007745 1.739067
0.961415 0.000166 0.000178 0.000080 0.000007 0.030409 0.007745 1.739083
0.961427 0.000163 0.000174 0.000079 0.000007 0.030405 0.007746 1.739098
0.961426 0.000168 0.000166 0.000077 0.000006 0.030412 0.007746 1.739113
0.961438 0.000162 0.000161 0.000078 0.000006 0.030408 0.007746 1.739130
0.961453 0.000160 0.000157 0.000077 0.000006 0.030402 0.007746 1.739146
0.961462 0.000161 0.000155 0.000079 0.000007 0.030390 0.007746 1.739160
0.961470 0.000156 0.000153 0.000081 0.000007 0.030387 0.007746 1.739177
0.961482 0.000156 0.000154 0.000080 0.000006 0.030377 0.007746 1.739191
0.961499 0.000149 0.000159 0.000081 0.000006 0.030360 0.007746 1.739213
0.961505 0.000146 0.000155 0.000083 0.000007 0.030358 0.007746 1.739230
0.961512 0.000150 0.000150 0.000082 0.000007 0.030353 0.007747 1.739241
0.961525 0.000149 0.000153 0.000077 0.000006 0.030343 0.007747 1.739256
0.961530 0.000153 0.000154 0.000075 0.000006 0.030335 0.007747 1.739267
0.961543 0.000152 0.000155 0.000075 0.000007 0.030321 0.007747 1.739282
0.961558 0.000148 0.000150 0.000073 0.000008 0.030317 0.007747 1.739297
0.961561 0.000146 0.000150 0.000075 0.000008 0.030314 0.007748 1.739316
0.961566 0.000144 0.000147 0.000077 0.000007 0.030310 0.007748 1.739331
0.961578 0.000139 0.000147 0.000078 0.000007 0.030303 0.007748 1.739346
0.961591 0.000134 0.000145 0.000075 0.000007 0.030300 0.007748 1.739361
0.961596 0.000142 0.000137 0.000075 0.000006 0.030295 0.007749 1.739367
0.961608 0.000139 0.000142 0.000074 0.000005 0.030283 0.007749 1.739382
0.961616 0.000140 0.000140 0.000077 0.000005 0.030272 0.007749 1.739397
0.961621 0.000135 0.000142 0.000079 0.000005 0.030269 0.007749 1.739417
0.961633 0.000136 0.000138 0.000081 0.000005 0.030257 0.007749 1.739430
0.961643 0.000134 0.000136 0.000084 0.000005 0.030248 0.007749 1.739446
0.961663 0.000131 0.000135 0.000085 0.000006 0.030231 0.007749 1.739458
0.961672 0.000134 0.000133 0.000082 0.000006 0.030224 0.007749 1.739469
0.961685 0.000130 0.000132 0.000082 0.000007 0.030215 0.007749 1.739486
0.961693 0.000126 0.000132 0.000081 0.000007 0.030211 0.007749 1.739500
0.961705 0.000124 0.000130 0.000080 0.000006 0.030205 0.007749 1.739511
0.961714 0.000126 0.000130 0.000080 0.000006 0.030197 0.007749 1.739524
0.961726 0.000127 0.000131 0.000077 0.000006 0.030185 0.007749 1.739536
0.961723 0.000131 0.000130 0.000077 0.000006 0.030184 0.007749 1.739547
0.961727 0.000132 0.000127 0.000079 0.000005 0.030179 0.007750 1.739559
0.961736 0.000133 0.000123 0.000077 0.000005 0.030176 0.007750 1.739573
0.961745 0.000133 0.000122 0.000077 0.000004 0.030169 0.007750 1.739586
0.961754 0.000134 0.000123 0.000077 0.000003 0.030158 0.007751 1.739600
0.961763 0.000132 0.000121 0.000080 0.000003 0.030150 0.007751 1.739611
0.961770 0.000132 0.000122 0.000074 0.000004 0.030148 0.007751 1.739623
0.961776 0.000129 0.000117 0.000074 0.000004 0.030148 0.007751 1.739637
0.961782 0.000126 0.000116 0.000073 0.000004 0.030148 0.007751 1.739650
0.961796 0.000124 0.000115 0.000073 0.000004 0.030137 0.007751 1.739663
0.961799 0.000130 0.000112 0.000073 0.000004 0.030132 0.007751 1.739672
0.961806 0.000132 0.000113 0.000070 0.000003 0.030126 0.007751 1.739684
0.961816 0.000130 0.000113 0.000066 0.000004 0.030121 0.007751 1.739696
0.961823 0.000125 0.000114 0.000070 0.000004 0.030113 0.007751 1.739711
0.961825 0.000127 0.000115 0.000068 0.000004 0.030110 0.007751 1.739726
0.961836 0.000131 0.000112 0.000068 0.000004 0.030098 0.007751 1.739733
0.961843 0.000128 0.000115 0.000065 0.000004 0.030094 0.007751 1.739749
0.961847 0.000130 0.000112 0.000064 0.000004 0.030092 0.007751 1.739761
0.961855 0.000126 0.000113 0.000064 0.000004 0.030087 0.007751 1.739777
0.961858 0.000133 0.000109 0.000066 0.000004 0.030080 0.007751 1.739787
