0.340172 0.062845 0.056140 0.032359 0.002166 0.500066 0.006252 1.647021
0.342105 0.061074 0.056077 0.032239 0.002184 0.500045 0.006276 1.653105
0.344583 0.058984 0.055658 0.032012 0.002178 0.500277 0.006307 1.658918
0.347473 0.056631 0.055428 0.031706 0.002168 0.500254 0.006340 1.664642
0.350628 0.054229 0.055028 0.031403 0.002172 0.500175 0.006366 1.670177
0.353989 0.052058 0.054376 0.031048 0.002180 0.499956 0.006393 1.675254
0.357497 0.049816 0.053759 0.030632 0.002169 0.499703 0.006424 1.680300
0.361199 0.047657 0.053010 0.030101 0.002143 0.499433 0.006457 1.685023
0.364911 0.045649 0.052203 0.029524 0.002137 0.499090 0.006486 1.689525
0.368738 0.043676 0.051269 0.029012 0.002120 0.498674 0.006511 1.693880
0.372686 0.041754 0.050318 0.028457 0.002111 0.498134 0.006540 1.698107
0.376596 0.039930 0.049444 0.027881 0.002103 0.497481 0.006566 1.702174
0.380679 0.038167 0.048418 0.027382 0.002091 0.496670 0.006591 1.706073
0.384887 0.036452 0.047403 0.026693 0.002081 0.495863 0.006621 1.709779
0.388992 0.034970 0.046290 0.026070 0.002065 0.494968 0.006646 1.713279
0.393370 0.033526 0.045246 0.025383 0.002041 0.493762 0.006672 1.716585
0.397619 0.032094 0.044192 0.024787 0.002030 0.492587 0.006693 1.719864
0.401967 0.030869 0.043123 0.024129 0.002021 0.491169 0.006722 1.722945
0.406373 0.029587 0.042012 0.023490 0.002002 0.489791 0.006746 1.725973
0.410756 0.028387 0.040895 0.022858 0.001983 0.488349 0.006772 1.728893
0.415175 0.027303 0.039742 0.022255 0.001941 0.486783 0.006801 1.731657
0.419615 0.026178 0.038695 0.021631 0.001920 0.485135 0.006826 1.734355
0.424114 0.025241 0.037559 0.020998 0.001895 0.483333 0.006861 1.736895
0.428560 0.024308 0.036479 0.020456 0.001868 0.481439 0.006892 1.739342
0.433095 0.023451 0.035435 0.019894 0.001844 0.479362 0.006918 1.741700
0.437558 0.022714 0.034386 0.019231 0.001823 0.477349 0.006939 1.743909
0.442140 0.021957 0.033379 0.018647 0.001790 0.475123 0.006964 1.746078
0.446597 0.021191 0.032380 0.018115 0.001760 0.472966 0.006992 1.748215
0.451108 0.020509 0.031472 0.017628 0.001752 0.470518 0.007013 1.750284
0.455694 0.019865 0.030549 0.017087 0.001715 0.468052 0.007040 1.752254
0.460262 0.019245 0.029601 0.016570 0.001692 0.465566 0.007066 1.754175
0.464720 0.018599 0.028727 0.016104 0.001660 0.463104 0.007087 1.756079
0.469223 0.018010 0.027857 0.015611 0.001651 0.460545 0.007104 1.757894
0.473642 0.017521 0.027023 0.015129 0.001641 0.457926 0.007119 1.759646
0.478296 0.016999 0.026191 0.014663 0.001610 0.455106 0.007136 1.761311
0.482907 0.016520 0.025418 0.014153 0.001592 0.452255 0.007155 1.762929
0.487421 0.016060 0.024619 0.013699 0.001564 0.449458 0.007178 1.764508
0.491955 0.015624 0.023867 0.013227 0.001533 0.446594 0.007199 1.766045
0.496377 0.015283 0.023155 0.012826 0.001505 0.443635 0.007219 1.767512
0.500849 0.014872 0.022495 0.012448 0.001471 0.440625 0.007241 1.768997
0.505239 0.014548 0.021827 0.012087 0.001453 0.437589 0.007258 1.770406
0.509671 0.014187 0.021173 0.011718 0.001432 0.434547 0.007273 1.771808
0.514131 0.013848 0.020595 0.011368 0.001415 0.431354 0.007289 1.773192
0.518500 0.013533 0.020065 0.011052 0.001391 0.428150 0.007309 1.774520
0.522841 0.013251 0.019514 0.010711 0.001373 0.424985 0.007324 1.775812
0.527158 0.012947 0.018976 0.010386 0.001360 0.421833 0.007339 1.777098
0.531414 0.012643 0.018390 0.010094 0.001344 0.418757 0.007357 1.778349
0.535633 0.012359 0.017900 0.009800 0.001320 0.415613 0.007374 1.779581
0.539883 0.012157 0.017435 0.009517 0.001295 0.412323 0.007390 1.780776
0.544076 0.011923 0.016995 0.009280 0.001256 0.409058 0.007410 1.781971
0.548258 0.011690 0.016574 0.009031 0.001236 0.405789 0.007423 1.783142
0.552362 0.011464 0.016136 0.008801 0.001206 0.402590 0.007441 1.784299
0.556486 0.011246 0.015731 0.008574 0.001174 0.399334 0.007454 1.785411
0.560531 0.011041 0.015281 0.008340 0.001150 0.396188 0.007469 1.786502
0.564445 0.010877 0.014865 0.008133 0.001122 0.393069 0.007489 1.787571
0.568492 0.010696 0.014519 0.007913 0.001095 0.389778 0.007505 1.788632
0.572493 0.010520 0.014189 0.007765 0.001072 0.386442 0.007519 1.789664
0.576410 0.010394 0.013825 0.007549 0.001054 0.383236 0.007532 1.790675
0.580431 0.010213 0.013480 0.007374 0.001023 0.379931 0.007549 1.791656
0.584289 0.010077 0.013195 0.007184 0.001005 0.376688 0.007562 1.792627
0.588261 0.009875 0.012900 0.007028 0.000988 0.373367 0.007581 1.793633
0.592061 0.009746 0.012583 0.006865 0.000965 0.370186 0.007594 1.794585
0.595835 0.009571 0.012311 0.006698 0.000947 0.367027 0.007611 1.795548
0.599659 0.009501 0.012037 0.006523 0.000933 0.363724 0.007624 1.796447
0.603328 0.009404 0.011769 0.006399 0.000912 0.360548 0.007641 1.797366
0.606961 0.009250 0.011564 0.006260 0.000901 0.357413 0.007651 1.798298
0.610607 0.009141 0.011327 0.006162 0.000879 0.354217 0.007668 1.799192
0.614219 0.009028 0.011112 0.006036 0.000859 0.351068 0.007678 1.800087
0.617885 0.008894 0.010914 0.005918 0.000845 0.347856 0.007688 1.800998
0.621423 0.008814 0.010678 0.005775 0.000827 0.344786 0.007697 1.801864
0.625016 0.008707 0.010469 0.005676 0.000814 0.341609 0.007709 1.802735
0.628484 0.008603 0.010313 0.005593 0.000791 0.338493 0.007723 1.803605
0.631883 0.008540 0.010109 0.005485 0.000779 0.335473 0.007731 1.804440
0.635347 0.008417 0.009948 0.005438 0.000763 0.332348 0.007740 1.805295
0.638826 0.008343 0.009758 0.005361 0.000749 0.329214 0.007749 1.806118
0.642229 0.008235 0.009598 0.005268 0.000732 0.326178 0.007759 1.806938
0.645615 0.008163 0.009461 0.005189 0.000718 0.323089 0.007765 1.807747
0.648940 0.008109 0.009338 0.005109 0.000704 0.320026 0.007774 1.808527
0.652216 0.008055 0.009204 0.005017 0.000697 0.317030 0.007781 1.809331
0.655386 0.008015 0.009038 0.004940 0.000675 0.314155 0.007792 1.810105
0.658585 0.007951 0.008884 0.004856 0.000666 0.311258 0.007799 1.810895
0.661782 0.007893 0.008753 0.004791 0.000654 0.308320 0.007807 1.811655
0.664848 0.007827 0.008648 0.004746 0.000646 0.305470 0.007816 1.812446
0.668020 0.007776 0.008529 0.004668 0.000628 0.302556 0.007824 1.813199
0.671066 0.007731 0.008397 0.004601 0.000623 0.299751 0.007830 1.813936
0.674146 0.007658 0.008315 0.004539 0.000608 0.296896 0.007838 1.814707
0.677148 0.007639 0.008203 0.004521 0.000589 0.294052 0.007849 1.815435
0.680124 0.007627 0.008088 0.004456 0.000585 0.291266 0.007854 1.816182
0.683005 0.007631 0.007999 0.004388 0.000575 0.288535 0.007868 1.816922
0.685875 0.007536 0.007945 0.004373 0.000564 0.285832 0.007875 1.817705
0.688732 0.007496 0.007868 0.004328 0.000553 0.283138 0.007885 1.818443
0.691536 0.007463 0.007825 0.004286 0.000545 0.280455 0.007891 1.819197
0.694440 0.007407 0.007766 0.004218 0.000540 0.277735 0.007894 1.819934
0.697202 0.007370 0.007672 0.004161 0.000530 0.275161 0.007904 1.820667
0.699849 0.007350 0.007574 0.004135 0.000513 0.272664 0.007915 1.821381
0.702530 0.007337 0.007496 0.004120 0.000508 0.270091 0.007918 1.822118
0.705164 0.007318 0.007399 0.004075 0.000494 0.267625 0.007926 1.822830
0.707726 0.007333 0.007354 0.004037 0.000488 0.265129 0.007933 1.823538
0.710337 0.007337 0.007316 0.003981 0.000482 0.262612 0.007937 1.824248
0.712803 0.007301 0.007291 0.003947 0.000465 0.260245 0.007947 1.825003
0.715348 0.007315 0.007201 0.003921 0.000455 0.257806 0.007954 1.825698
0.717854 0.007319 0.007151 0.003923 0.000452 0.255343 0.007959 1.826438
0.720319 0.007305 0.007126 0.003877 0.000437 0.252969 0.007966 1.827172
0.722720 0.007328 0.007057 0.003832 0.000435 0.250659 0.007968 1.827870
0.725150 0.007336 0.007021 0.003821 0.000436 0.248265 0.007972 1.828588
0.727444 0.007331 0.006968 0.003844 0.000430 0.246009 0.007975 1.829327
0.729839 0.007320 0.006939 0.003810 0.000419 0.243693 0.007982 1.830029
0.732167 0.007333 0.006889 0.003745 0.000417 0.241463 0.007987 1.830708
0.734426 0.007360 0.006852 0.003733 0.000411 0.239227 0.007992 1.831415
0.736663 0.007357 0.006870 0.003728 0.000409 0.236979 0.007994 1.832150
0.738846 0.007319 0.006886 0.003740 0.000401 0.234809 0.008000 1.832918
0.741103 0.007278 0.006861 0.003700 0.000390 0.232659 0.008010 1.833644
0.743167 0.007295 0.006858 0.003681 0.000381 0.230600 0.008018 1.834380
0.745363 0.007313 0.006847 0.003639 0.000382 0.228435 0.008021 1.835095
0.747408 0.007350 0.006834 0.003635 0.000381 0.226368 0.008024 1.835820
0.749466 0.007386 0.006778 0.003612 0.000375 0.224352 0.008031 1.836526
0.751534 0.007398 0.006771 0.003608 0.000368 0.222285 0.008036 1.837245
0.753497 0.007478 0.006788 0.003596 0.000364 0.220237 0.008040 1.837969
0.755486 0.007473 0.006798 0.003613 0.000359 0.218225 0.008046 1.838734
0.757439 0.007476 0.006808 0.003606 0.000352 0.216268 0.008050 1.839494
0.759335 0.007554 0.006761 0.003584 0.000347 0.214367 0.008054 1.840195
0.761171 0.007576 0.006745 0.003584 0.000343 0.212522 0.008060 1.840943
0.762982 0.007610 0.006762 0.003572 0.000347 0.210666 0.008061 1.841698
0.764815 0.007648 0.006772 0.003575 0.000344 0.208781 0.008065 1.842435
0.766627 0.007672 0.006767 0.003590 0.000342 0.206931 0.008070 1.843192
0.768442 0.007724 0.006780 0.003579 0.000336 0.205063 0.008076 1.843934
0.770134 0.007773 0.006826 0.003577 0.000331 0.203278 0.008079 1.844682
0.771931 0.007779 0.006852 0.003588 0.000329 0.201437 0.008083 1.845456
0.773503 0.007854 0.006846 0.003595 0.000326 0.199787 0.008088 1.846218
0.775117 0.007872 0.006891 0.003615 0.000318 0.198093 0.008093 1.847004
0.776784 0.007893 0.006911 0.003624 0.000312 0.196377 0.008098 1.847771
0.778341 0.007939 0.006915 0.003654 0.000312 0.194739 0.008102 1.848551
0.779947 0.008006 0.006926 0.003681 0.000308 0.193028 0.008104 1.849343
0.781498 0.008089 0.006943 0.003704 0.000307 0.191351 0.008109 1.850153
0.783029 0.008140 0.006943 0.003719 0.000309 0.189746 0.008113 1.850943
0.784487 0.008176 0.006973 0.003763 0.000303 0.188183 0.008116 1.851753
0.785925 0.008241 0.007021 0.003783 0.000295 0.186617 0.008119 1.852563
0.787458 0.008300 0.007094 0.003785 0.000292 0.184948 0.008122 1.853378
0.788853 0.008344 0.007135 0.003800 0.000289 0.183452 0.008126 1.854211
0.790245 0.008437 0.007150 0.003809 0.000287 0.181941 0.008131 1.855011
0.791600 0.008545 0.007150 0.003835 0.000282 0.180453 0.008136 1.855829
0.792923 0.008582 0.007200 0.003866 0.000284 0.179006 0.008139 1.856692
0.794193 0.008618 0.007254 0.003906 0.000285 0.177604 0.008140 1.857573
0.795491 0.008702 0.007315 0.003897 0.000282 0.176168 0.008145 1.858417
0.796758 0.008747 0.007337 0.003946 0.000283 0.174782 0.008147 1.859301
0.797996 0.008829 0.007386 0.003986 0.000281 0.173371 0.008151 1.860156
0.799185 0.008932 0.007417 0.004004 0.000282 0.172026 0.008154 1.861032
0.800428 0.009026 0.007475 0.004011 0.000279 0.170624 0.008158 1.861888
0.801647 0.009057 0.007537 0.004043 0.000277 0.169278 0.008162 1.862795
0.802811 0.009124 0.007564 0.004031 0.000273 0.168031 0.008167 1.863676
0.803924 0.009197 0.007626 0.004050 0.000277 0.166758 0.008168 1.864588
0.804983 0.009302 0.007670 0.004053 0.000282 0.165539 0.008171 1.865495
0.806028 0.009400 0.007718 0.004079 0.000287 0.164314 0.008175 1.866412
0.807026 0.009502 0.007759 0.004093 0.000289 0.163152 0.008179 1.867316
0.808050 0.009558 0.007848 0.004135 0.000287 0.161939 0.008183 1.868261
0.809071 0.009628 0.007898 0.004188 0.000287 0.160743 0.008185 1.869229
0.810065 0.009742 0.007960 0.004209 0.000286 0.159549 0.008188 1.870161
0.810921 0.009865 0.007991 0.004242 0.000281 0.158508 0.008193 1.871100
0.811862 0.009863 0.008056 0.004291 0.000284 0.157449 0.008196 1.872102
0.812806 0.009918 0.008114 0.004330 0.000290 0.156344 0.008199 1.873099
0.813617 0.010021 0.008187 0.004347 0.000292 0.155334 0.008202 1.874081
0.814485 0.010102 0.008221 0.004398 0.000294 0.154296 0.008203 1.875064
0.815324 0.010185 0.008285 0.004418 0.000294 0.153289 0.008205 1.876076
0.816146 0.010272 0.008360 0.004456 0.000298 0.152260 0.008209 1.877091
0.816918 0.010372 0.008443 0.004505 0.000299 0.151251 0.008212 1.878119
0.817687 0.010409 0.008569 0.004544 0.000295 0.150280 0.008216 1.879178
0.818451 0.010540 0.008581 0.004581 0.000296 0.149333 0.008219 1.880194
0.819165 0.010607 0.008668 0.004617 0.000294 0.148428 0.008221 1.881257
0.819839 0.010655 0.008737 0.004698 0.000297 0.147548 0.008225 1.882343
0.820506 0.010743 0.008756 0.004733 0.000299 0.146735 0.008229 1.883407
0.821105 0.010856 0.008806 0.004764 0.000297 0.145940 0.008233 1.884476
0.821746 0.010923 0.008895 0.004804 0.000297 0.145099 0.008236 1.885570
0.822339 0.011020 0.008982 0.004842 0.000297 0.144280 0.008240 1.886673
0.822890 0.011177 0.009038 0.004896 0.000302 0.143453 0.008243 1.887754
0.823497 0.011295 0.009108 0.004941 0.000303 0.142609 0.008247 1.888859
0.824045 0.011402 0.009196 0.004988 0.000301 0.141817 0.008250 1.889989
0.824608 0.011520 0.009227 0.005047 0.000306 0.141038 0.008254 1.891090
0.825120 0.011647 0.009322 0.005088 0.000310 0.140255 0.008258 1.892213
0.825604 0.011814 0.009377 0.005113 0.000315 0.139515 0.008261 1.893313
0.826083 0.011916 0.009432 0.005175 0.000314 0.138814 0.008265 1.894466
0.826466 0.012084 0.009529 0.005194 0.000307 0.138149 0.008270 1.895630
0.826932 0.012164 0.009621 0.005261 0.000307 0.137440 0.008274 1.896816
0.827230 0.012332 0.009693 0.005302 0.000308 0.136856 0.008279 1.898004
0.827525 0.012520 0.009780 0.005346 0.000315 0.136231 0.008283 1.899198
0.827856 0.012690 0.009838 0.005384 0.000320 0.135626 0.008287 1.900384
0.828166 0.012799 0.009953 0.005448 0.000328 0.135016 0.008289 1.901671
0.828442 0.012917 0.010048 0.005543 0.000325 0.134432 0.008294 1.902963
0.828731 0.013031 0.010143 0.005581 0.000322 0.133895 0.008297 1.904220
0.829036 0.013167 0.010239 0.005642 0.000326 0.133291 0.008301 1.905482
0.829325 0.013294 0.010397 0.005688 0.000332 0.132659 0.008305 1.906781
0.829581 0.013396 0.010508 0.005759 0.000330 0.132117 0.008309 1.908102
0.829781 0.013493 0.010611 0.005823 0.000331 0.131648 0.008315 1.909407
0.829926 0.013581 0.010717 0.005887 0.000333 0.131237 0.008319 1.910760
0.830009 0.013770 0.010837 0.005930 0.000332 0.130798 0.008325 1.912110
0.830142 0.013863 0.010977 0.005999 0.000344 0.130348 0.008327 1.913504
0.830251 0.014031 0.011103 0.006064 0.000353 0.129867 0.008331 1.914878
0.830327 0.014197 0.011223 0.006090 0.000360 0.129467 0.008334 1.916254
0.830465 0.014343 0.011266 0.006137 0.000367 0.129083 0.008340 1.917603
0.830539 0.014483 0.011387 0.006234 0.000369 0.128646 0.008342 1.919060
0.830518 0.014645 0.011432 0.006281 0.000376 0.128402 0.008347 1.920469
0.830519 0.014806 0.011538 0.006351 0.000380 0.128055 0.008350 1.921904
0.830493 0.014914 0.011704 0.006406 0.000379 0.127745 0.008359 1.923401
0.830401 0.015143 0.011781 0.006468 0.000377 0.127461 0.008367 1.924825
0.830390 0.015271 0.011922 0.006472 0.000380 0.127194 0.008372 1.926290
0.830338 0.015341 0.012060 0.006558 0.000381 0.126941 0.008380 1.927828
0.830293 0.015489 0.012191 0.006630 0.000387 0.126627 0.008383 1.929320
0.830266 0.015591 0.012303 0.006723 0.000388 0.126341 0.008389 1.930835
0.830190 0.015754 0.012458 0.006791 0.000393 0.126023 0.008392 1.932363
0.830061 0.015909 0.012538 0.006799 0.000400 0.125897 0.008397 1.933884
0.830019 0.015978 0.012679 0.006858 0.000403 0.125661 0.008402 1.935451
0.829883 0.016095 0.012771 0.006951 0.000406 0.125487 0.008407 1.937033
0.829686 0.016270 0.012896 0.006995 0.000396 0.125344 0.008413 1.938612
0.829535 0.016413 0.012979 0.007077 0.000398 0.125182 0.008417 1.940230
0.829347 0.016509 0.013114 0.007137 0.000405 0.125065 0.008424 1.941883
0.829058 0.016670 0.013232 0.007220 0.000409 0.124984 0.008428 1.943514
0.828872 0.016772 0.013332 0.007291 0.000418 0.124884 0.008431 1.945145
0.828691 0.016895 0.013496 0.007340 0.000420 0.124725 0.008434 1.946776
0.828463 0.016988 0.013621 0.007386 0.000418 0.124683 0.008441 1.948477
0.828180 0.017092 0.013768 0.007410 0.000419 0.124684 0.008448 1.950137
0.827954 0.017233 0.013828 0.007443 0.000415 0.124670 0.008456 1.951773
0.827588 0.017402 0.013917 0.007499 0.000414 0.124720 0.008462 1.953470
0.827321 0.017495 0.014043 0.007546 0.000415 0.124714 0.008467 1.955196
0.827024 0.017591 0.014146 0.007600 0.000420 0.124747 0.008471 1.956938
0.826768 0.017799 0.014226 0.007640 0.000417 0.124676 0.008476 1.958581
0.826519 0.017873 0.014323 0.007714 0.000418 0.124674 0.008482 1.960338
0.826243 0.018004 0.014446 0.007791 0.000419 0.124610 0.008488 1.962068
0.825938 0.018145 0.014506 0.007846 0.000418 0.124654 0.008493 1.963823
0.825507 0.018269 0.014661 0.007897 0.000416 0.124749 0.008501 1.965627
0.825059 0.018515 0.014718 0.007961 0.000418 0.124822 0.008508 1.967394
0.824696 0.018563 0.014883 0.008046 0.000421 0.124878 0.008513 1.969238
0.824268 0.018683 0.015023 0.008112 0.000426 0.124971 0.008518 1.971087
0.823907 0.018738 0.015175 0.008220 0.000428 0.125009 0.008524 1.972956
0.823526 0.018831 0.015312 0.008274 0.000433 0.125094 0.008530 1.974798
0.823136 0.018944 0.015404 0.008287 0.000434 0.125259 0.008537 1.976630
0.822753 0.019067 0.015510 0.008368 0.000441 0.125320 0.008543 1.978480
0.822315 0.019190 0.015559 0.008449 0.000443 0.125497 0.008547 1.980333
0.821866 0.019295 0.015641 0.008525 0.000447 0.125673 0.008553 1.982230
0.821447 0.019446 0.015748 0.008545 0.000455 0.125802 0.008558 1.984093
0.820971 0.019578 0.015863 0.008611 0.000463 0.125950 0.008563 1.986006
0.820464 0.019747 0.016004 0.008673 0.000463 0.126079 0.008571 1.987924
0.820045 0.019829 0.016113 0.008710 0.000469 0.126256 0.008579 1.989845
0.819539 0.019983 0.016198 0.008781 0.000480 0.126436 0.008584 1.991764
0.819123 0.019976 0.016379 0.008846 0.000490 0.126599 0.008587 1.993807
0.818712 0.019999 0.016502 0.008948 0.000492 0.126751 0.008596 1.995801
0.818265 0.019981 0.016668 0.008981 0.000496 0.127008 0.008602 1.997849
0.817789 0.020058 0.016801 0.009023 0.000492 0.127231 0.008607 1.999841
0.817341 0.020143 0.016852 0.009080 0.000497 0.127474 0.008613 2.001794
0.816792 0.020206 0.016959 0.009170 0.000502 0.127753 0.008618 2.003841
0.816329 0.020277 0.017054 0.009226 0.000506 0.127984 0.008625 2.005857
0.815879 0.020427 0.017053 0.009243 0.000516 0.128250 0.008633 2.007793
0.815415 0.020470 0.017122 0.009266 0.000513 0.128575 0.008641 2.009809
0.815017 0.020568 0.017103 0.009308 0.000517 0.128840 0.008648 2.011739
0.814549 0.020647 0.017182 0.009347 0.000523 0.129100 0.008653 2.013718
0.814085 0.020698 0.017259 0.009408 0.000526 0.129363 0.008661 2.015743
0.813620 0.020753 0.017283 0.009470 0.000530 0.129676 0.008669 2.017760
0.813150 0.020847 0.017403 0.009524 0.000530 0.129871 0.008676 2.019778
0.812705 0.020870 0.017529 0.009601 0.000545 0.130069 0.008683 2.021848
0.812295 0.020954 0.017580 0.009618 0.000552 0.130310 0.008691 2.023840
0.811790 0.021031 0.017683 0.009650 0.000561 0.130588 0.008698 2.025894
0.811264 0.021094 0.017770 0.009694 0.000562 0.130912 0.008703 2.027977
0.810875 0.021046 0.017890 0.009727 0.000564 0.131187 0.008712 2.030092
0.810380 0.021152 0.017928 0.009743 0.000568 0.131511 0.008719 2.032114
0.809873 0.021290 0.017943 0.009749 0.000569 0.131850 0.008727 2.034130
0.809404 0.021251 0.018012 0.009805 0.000571 0.132223 0.008734 2.036266
0.808889 0.021285 0.018058 0.009860 0.000574 0.132593 0.008742 2.038390
0.808399 0.021360 0.018148 0.009880 0.000582 0.132884 0.008747 2.040477
0.807967 0.021427 0.018183 0.009901 0.000582 0.133186 0.008754 2.042527
0.807567 0.021464 0.018179 0.009924 0.000579 0.133527 0.008761 2.044581
0.807180 0.021395 0.018241 0.009978 0.000583 0.133857 0.008766 2.046721
0.806758 0.021398 0.018341 0.010023 0.000590 0.134115 0.008776 2.048835
0.806252 0.021518 0.018360 0.010020 0.000591 0.134476 0.008784 2.050896
0.805753 0.021573 0.018427 0.010061 0.000589 0.134802 0.008793 2.053006
0.805264 0.021637 0.018511 0.010073 0.000587 0.135130 0.008799 2.055122
0.804805 0.021575 0.018618 0.010136 0.000591 0.135469 0.008806 2.057324
0.804368 0.021608 0.018613 0.010169 0.000594 0.135834 0.008815 2.059411
0.803946 0.021603 0.018652 0.010154 0.000605 0.136217 0.008824 2.061529
0.803514 0.021672 0.018663 0.010165 0.000603 0.136555 0.008830 2.063599
0.803103 0.021654 0.018643 0.010175 0.000598 0.136987 0.008841 2.065712
0.802707 0.021673 0.018674 0.010167 0.000598 0.137330 0.008851 2.067804
0.802380 0.021522 0.018767 0.010164 0.000600 0.137708 0.008860 2.069988
0.801905 0.021615 0.018799 0.010128 0.000607 0.138078 0.008869 2.072080
0.801455 0.021630 0.018877 0.010158 0.000609 0.138396 0.008876 2.074201
0.801074 0.021619 0.018942 0.010165 0.000615 0.138703 0.008882 2.076343
0.800711 0.021646 0.018957 0.010133 0.000626 0.139040 0.008889 2.078434
0.800357 0.021663 0.018928 0.010118 0.000632 0.139405 0.008897 2.080519
0.800044 0.021652 0.018965 0.010132 0.000641 0.139662 0.008905 2.082631
0.799740 0.021517 0.019111 0.010141 0.000648 0.139933 0.008910 2.084836
0.799380 0.021497 0.019170 0.010158 0.000651 0.140230 0.008915 2.086965
0.799081 0.021491 0.019173 0.010195 0.000654 0.140486 0.008921 2.089077
0.798736 0.021584 0.019127 0.010192 0.000659 0.140775 0.008928 2.091103
0.798419 0.021555 0.019144 0.010182 0.000660 0.141102 0.008938 2.093213
0.798152 0.021506 0.019175 0.010235 0.000657 0.141333 0.008943 2.095339
0.797882 0.021479 0.019141 0.010231 0.000655 0.141662 0.008951 2.097420
0.797537 0.021500 0.019139 0.010219 0.000659 0.141985 0.008961 2.099516
0.797203 0.021509 0.019130 0.010215 0.000658 0.142315 0.008971 2.101624
0.796920 0.021481 0.019080 0.010217 0.000661 0.142663 0.008978 2.103711
0.796665 0.021434 0.019103 0.010221 0.000664 0.142927 0.008986 2.105818
0.796391 0.021381 0.019115 0.010207 0.000660 0.143253 0.008995 2.107934
0.796154 0.021338 0.019120 0.010167 0.000663 0.143553 0.009007 2.110001
0.795860 0.021355 0.019096 0.010200 0.000662 0.143812 0.009015 2.112077
0.795560 0.021264 0.019107 0.010201 0.000662 0.144188 0.009020 2.114210
0.795297 0.021233 0.019050 0.010214 0.000663 0.144517 0.009026 2.116266
0.795032 0.021187 0.019049 0.010196 0.000671 0.144833 0.009033 2.118361
0.794823 0.021160 0.019017 0.010249 0.000663 0.145048 0.009040 2.120423
0.794600 0.021123 0.019023 0.010231 0.000679 0.145297 0.009049 2.122512
0.794423 0.021087 0.018962 0.010222 0.000683 0.145566 0.009057 2.124568
0.794224 0.021012 0.018944 0.010222 0.000687 0.145846 0.009065 2.126676
0.794033 0.020995 0.018921 0.010173 0.000687 0.146112 0.009077 2.128708
0.793816 0.020926 0.018880 0.010149 0.000682 0.146460 0.009086 2.130778
0.793632 0.020903 0.018875 0.010123 0.000690 0.146683 0.009095 2.132813
0.793435 0.020910 0.018826 0.010143 0.000684 0.146898 0.009105 2.134828
0.793264 0.020865 0.018773 0.010114 0.000691 0.147179 0.009114 2.136872
0.793220 0.020711 0.018788 0.010075 0.000695 0.147385 0.009126 2.138953
0.793142 0.020588 0.018771 0.010131 0.000688 0.147544 0.009135 2.141000
0.793077 0.020535 0.018771 0.010093 0.000689 0.147692 0.009143 2.142997
0.792964 0.020458 0.018752 0.010062 0.000685 0.147926 0.009154 2.145013
0.792826 0.020398 0.018796 0.009996 0.000692 0.148129 0.009162 2.147029
0.792768 0.020340 0.018784 0.010026 0.000683 0.148228 0.009171 2.149034
0.792628 0.020340 0.018760 0.010002 0.000681 0.148406 0.009183 2.151000
0.792464 0.020372 0.018757 0.009932 0.000676 0.148606 0.009193 2.152988
0.792375 0.020340 0.018689 0.009939 0.000680 0.148777 0.009201 2.154987
0.792274 0.020268 0.018640 0.009948 0.000679 0.148977 0.009214 2.157013
0.792203 0.020185 0.018635 0.009930 0.000673 0.149149 0.009225 2.159018
0.792142 0.020108 0.018604 0.009914 0.000669 0.149327 0.009236 2.160989
0.792083 0.020077 0.018524 0.009921 0.000664 0.149485 0.009245 2.162939
0.792100 0.020030 0.018493 0.009890 0.000662 0.149570 0.009256 2.164899
0.792068 0.019977 0.018460 0.009894 0.000658 0.149680 0.009265 2.166862
0.792053 0.019922 0.018426 0.009856 0.000660 0.149811 0.009273 2.168802
0.792036 0.019857 0.018367 0.009832 0.000660 0.149968 0.009281 2.170733
0.792017 0.019773 0.018312 0.009799 0.000659 0.150153 0.009288 2.172678
0.792050 0.019707 0.018258 0.009800 0.000658 0.150229 0.009296 2.174615
0.792108 0.019625 0.018143 0.009795 0.000649 0.150374 0.009306 2.176568
0.792079 0.019639 0.018098 0.009709 0.000648 0.150513 0.009314 2.178446
0.792089 0.019614 0.018053 0.009672 0.000642 0.150606 0.009325 2.180357
0.792106 0.019571 0.018003 0.009644 0.000641 0.150703 0.009334 2.182280
0.792218 0.019461 0.017949 0.009653 0.000641 0.150738 0.009341 2.184196
0.792201 0.019370 0.017867 0.009644 0.000644 0.150926 0.009348 2.186132
0.792241 0.019274 0.017787 0.009607 0.000644 0.151090 0.009357 2.188051
0.792309 0.019176 0.017745 0.009596 0.000637 0.151176 0.009363 2.189983
0.792402 0.019032 0.017731 0.009602 0.000634 0.151229 0.009370 2.191879
0.792571 0.018993 0.017622 0.009509 0.000640 0.151288 0.009379 2.193706
0.792652 0.018932 0.017577 0.009480 0.000631 0.151342 0.009387 2.195575
0.792714 0.018920 0.017506 0.009463 0.000630 0.151370 0.009397 2.197411
0.792869 0.018828 0.017483 0.009415 0.000631 0.151367 0.009409 2.199278
0.792975 0.018755 0.017489 0.009405 0.000628 0.151330 0.009418 2.201125
0.793081 0.018705 0.017437 0.009372 0.000630 0.151349 0.009427 2.202981
0.793215 0.018631 0.017433 0.009330 0.000635 0.151324 0.009433 2.204823
0.793355 0.018565 0.017400 0.009295 0.000632 0.151310 0.009445 2.206668
0.793488 0.018538 0.017305 0.009221 0.000636 0.151359 0.009454 2.208419
0.793641 0.018467 0.017266 0.009168 0.000640 0.151356 0.009462 2.210242
0.793801 0.018351 0.017240 0.009149 0.000644 0.151345 0.009469 2.212094
0.793922 0.018258 0.017163 0.009154 0.000646 0.151379 0.009479 2.213944
0.794070 0.018157 0.017140 0.009130 0.000637 0.151377 0.009490 2.215771
0.794268 0.018077 0.017055 0.009102 0.000639 0.151364 0.009497 2.217560
0.794468 0.018000 0.016986 0.009077 0.000644 0.151320 0.009504 2.219325
0.794636 0.017949 0.016936 0.009014 0.000645 0.151306 0.009514 2.221088
0.794817 0.017832 0.016864 0.008998 0.000638 0.151328 0.009524 2.222869
0.794945 0.017885 0.016748 0.008967 0.000640 0.151285 0.009532 2.224560
0.795087 0.017854 0.016748 0.008883 0.000633 0.151257 0.009540 2.226339
0.795268 0.017899 0.016688 0.008851 0.000627 0.151123 0.009545 2.228054
0.795499 0.017851 0.016639 0.008848 0.000628 0.150983 0.009553 2.229787
0.795712 0.017784 0.016598 0.008807 0.000618 0.150918 0.009563 2.231560
0.795884 0.017696 0.016571 0.008812 0.000619 0.150848 0.009571 2.233356
0.796030 0.017626 0.016570 0.008759 0.000614 0.150822 0.009579 2.235113
0.796202 0.017582 0.016518 0.008782 0.000613 0.150721 0.009583 2.236844
0.796352 0.017598 0.016427 0.008738 0.000617 0.150679 0.009590 2.238506
0.796522 0.017551 0.016380 0.008700 0.000621 0.150631 0.009598 2.240254
0.796738 0.017518 0.016356 0.008672 0.000615 0.150497 0.009604 2.241963
0.796948 0.017459 0.016307 0.008673 0.000610 0.150390 0.009613 2.243691
0.797113 0.017444 0.016281 0.008617 0.000610 0.150316 0.009619 2.245384
0.797291 0.017427 0.016207 0.008592 0.000607 0.150248 0.009628 2.247078
0.797463 0.017411 0.016153 0.008549 0.000605 0.150182 0.009636 2.248796
0.797701 0.017345 0.016143 0.008528 0.000597 0.150039 0.009648 2.250504
0.797901 0.017288 0.016083 0.008535 0.000590 0.149948 0.009657 2.252197
0.798172 0.017262 0.016016 0.008515 0.000588 0.149785 0.009662 2.253847
0.798291 0.017209 0.016019 0.008518 0.000592 0.149702 0.009670 2.255571
0.798573 0.017170 0.015952 0.008457 0.000591 0.149578 0.009679 2.257223
0.798744 0.017050 0.015977 0.008484 0.000585 0.149473 0.009687 2.258976
0.799000 0.016972 0.015977 0.008486 0.000587 0.149286 0.009693 2.260690
0.799269 0.016915 0.015906 0.008452 0.000582 0.149173 0.009703 2.262348
0.799473 0.016922 0.015879 0.008460 0.000582 0.148973 0.009711 2.264030
0.799680 0.016929 0.015880 0.008396 0.000591 0.148807 0.009717 2.265706
0.799923 0.016874 0.015862 0.008367 0.000588 0.148659 0.009727 2.267402
0.800105 0.016813 0.015814 0.008343 0.000591 0.148602 0.009732 2.269108
0.800362 0.016839 0.015708 0.008359 0.000582 0.148410 0.009740 2.270713
0.800618 0.016845 0.015693 0.008325 0.000586 0.148187 0.009748 2.272355
0.800790 0.016831 0.015705 0.008302 0.000583 0.148034 0.009756 2.274029
0.801054 0.016791 0.015675 0.008260 0.000584 0.147874 0.009762 2.275655
0.801271 0.016781 0.015630 0.008233 0.000590 0.147726 0.009770 2.277293
0.801471 0.016780 0.015594 0.008213 0.000585 0.147579 0.009778 2.278940
0.801690 0.016736 0.015540 0.008245 0.000584 0.147420 0.009784 2.280633
0.801917 0.016745 0.015489 0.008203 0.000588 0.147270 0.009789 2.282265
0.802105 0.016785 0.015451 0.008156 0.000591 0.147119 0.009795 2.283882
0.802277 0.016775 0.015388 0.008168 0.000592 0.146999 0.009802 2.285553
0.802488 0.016728 0.015407 0.008140 0.000591 0.146835 0.009812 2.287232
0.802696 0.016709 0.015432 0.008113 0.000589 0.146639 0.009823 2.288913
0.802899 0.016730 0.015370 0.008117 0.000590 0.146463 0.009830 2.290539
0.803074 0.016724 0.015352 0.008112 0.000589 0.146311 0.009837 2.292199
0.803283 0.016696 0.015316 0.008129 0.000594 0.146138 0.009845 2.293833
0.803527 0.016583 0.015305 0.008118 0.000597 0.146020 0.009850 2.295487
0.803686 0.016560 0.015319 0.008088 0.000597 0.145896 0.009854 2.297137
0.803861 0.016619 0.015280 0.008057 0.000601 0.145723 0.009859 2.298739
0.804058 0.016625 0.015286 0.008026 0.000591 0.145548 0.009868 2.300373
0.804192 0.016637 0.015250 0.008034 0.000585 0.145428 0.009875 2.302033
0.804448 0.016551 0.015274 0.008041 0.000586 0.145220 0.009880 2.303698
0.804644 0.016580 0.015213 0.007998 0.000593 0.145085 0.009888 2.305300
0.804785 0.016577 0.015222 0.008001 0.000592 0.144928 0.009894 2.306951
0.805001 0.016520 0.015189 0.008013 0.000587 0.144787 0.009903 2.308595
0.805181 0.016539 0.015190 0.008005 0.000583 0.144591 0.009911 2.310218
0.805290 0.016555 0.015120 0.007980 0.000582 0.144555 0.009918 2.311852
0.805526 0.016477 0.015123 0.008007 0.000570 0.144370 0.009926 2.313516
0.805723 0.016510 0.015107 0.007979 0.000565 0.144182 0.009934 2.315114
0.805961 0.016507 0.015047 0.007984 0.000564 0.143995 0.009943 2.316736
0.806134 0.016537 0.014951 0.007982 0.000570 0.143875 0.009951 2.318333
0.806297 0.016558 0.014964 0.007955 0.000570 0.143699 0.009958 2.319936
0.806518 0.016505 0.014966 0.007972 0.000575 0.143504 0.009960 2.321566
0.806683 0.016496 0.014962 0.007965 0.000577 0.143352 0.009965 2.323196
0.806914 0.016408 0.014989 0.007935 0.000577 0.143205 0.009972 2.324849
0.807041 0.016395 0.015004 0.007941 0.000578 0.143062 0.009980 2.326476
0.807215 0.016393 0.015006 0.007908 0.000578 0.142916 0.009985 2.328118
0.807376 0.016414 0.015011 0.007884 0.000576 0.142747 0.009991 2.329755
0.807516 0.016445 0.014995 0.007893 0.000573 0.142578 0.009999 2.331381
0.807731 0.016443 0.014977 0.007868 0.000571 0.142402 0.010008 2.332949
0.807931 0.016434 0.014965 0.007884 0.000565 0.142208 0.010014 2.334556
0.808109 0.016387 0.014979 0.007892 0.000564 0.142048 0.010022 2.336197
0.808341 0.016306 0.014979 0.007926 0.000569 0.141854 0.010024 2.337856
0.808467 0.016303 0.015011 0.007903 0.000567 0.141716 0.010033 2.339480
0.808605 0.016337 0.014942 0.007904 0.000562 0.141608 0.010042 2.341067
0.808695 0.016403 0.014896 0.007869 0.000569 0.141521 0.010048 2.342632
0.808881 0.016415 0.014898 0.007868 0.000571 0.141317 0.010051 2.344230
0.809021 0.016431 0.014900 0.007866 0.000564 0.141162 0.010057 2.345841
0.809084 0.016512 0.014875 0.007850 0.000563 0.141051 0.010064 2.347434
0.809177 0.016551 0.014902 0.007852 0.000558 0.140890 0.010072 2.349072
0.809341 0.016559 0.014901 0.007842 0.000553 0.140726 0.010077 2.350680
0.809474 0.016556 0.014891 0.007839 0.000557 0.140601 0.010083 2.352316
0.809546 0.016572 0.014901 0.007811 0.000558 0.140525 0.010088 2.353961
0.809605 0.016599 0.014875 0.007853 0.000559 0.140415 0.010094 2.355597
0.809691 0.016702 0.014850 0.007829 0.000557 0.140271 0.010101 2.357183
0.809864 0.016668 0.014911 0.007830 0.000552 0.140064 0.010111 2.358836
0.809925 0.016710 0.014887 0.007836 0.000542 0.139978 0.010121 2.360472
0.810041 0.016647 0.014871 0.007856 0.000544 0.139917 0.010125 2.362123
0.810118 0.016673 0.014895 0.007872 0.000539 0.139770 0.010134 2.363747
0.810185 0.016730 0.014870 0.007880 0.000538 0.139658 0.010139 2.365377
0.810267 0.016709 0.014848 0.007861 0.000547 0.139624 0.010145 2.367038
0.810376 0.016753 0.014852 0.007867 0.000543 0.139457 0.010154 2.368650
0.810480 0.016724 0.014855 0.007903 0.000540 0.139338 0.010159 2.370307
0.810533 0.016733 0.014944 0.007941 0.000539 0.139143 0.010167 2.371968
0.810600 0.016740 0.014949 0.007946 0.000533 0.139056 0.010176 2.373623
0.810727 0.016761 0.015009 0.007961 0.000538 0.138821 0.010183 2.375280
0.810707 0.016814 0.014983 0.007964 0.000537 0.138809 0.010189 2.376923
0.810760 0.016754 0.015004 0.008018 0.000531 0.138737 0.010197 2.378620
0.810804 0.016827 0.014994 0.008009 0.000532 0.138633 0.010202 2.380234
0.810795 0.016907 0.015015 0.008021 0.000537 0.138517 0.010207 2.381887
0.810840 0.016914 0.015038 0.008025 0.000546 0.138425 0.010212 2.383557
0.810897 0.016913 0.015042 0.008049 0.000549 0.138334 0.010217 2.385210
0.810919 0.016892 0.015040 0.008059 0.000555 0.138311 0.010225 2.386887
0.810984 0.016894 0.015045 0.008101 0.000557 0.138190 0.010230 2.388540
0.811045 0.016918 0.015016 0.008068 0.000561 0.138159 0.010233 2.390180
0.811150 0.016910 0.015031 0.008079 0.000565 0.138029 0.010236 2.391853
0.811211 0.016952 0.015022 0.008074 0.000567 0.137931 0.010243 2.393498
0.811249 0.016981 0.015037 0.008058 0.000562 0.137862 0.010252 2.395160
0.811331 0.016963 0.015071 0.008064 0.000559 0.137753 0.010258 2.396819
0.811386 0.016958 0.015080 0.008079 0.000557 0.137676 0.010264 2.398494
0.811420 0.017018 0.015074 0.008065 0.000555 0.137597 0.010271 2.400158
0.811433 0.017011 0.015117 0.008094 0.000550 0.137515 0.010280 2.401857
0.811474 0.017040 0.015047 0.008110 0.000558 0.137486 0.010287 2.403516
0.811494 0.017000 0.015073 0.008149 0.000565 0.137429 0.010290 2.405247
0.811537 0.016974 0.015133 0.008133 0.000567 0.137359 0.010298 2.406949
0.811594 0.016952 0.015165 0.008134 0.000568 0.137282 0.010306 2.408640
0.811561 0.016978 0.015183 0.008157 0.000559 0.137248 0.010314 2.410327
0.811600 0.017059 0.015174 0.008136 0.000557 0.137154 0.010320 2.411975
0.811600 0.017112 0.015192 0.008089 0.000552 0.137128 0.010326 2.413630
0.811578 0.017155 0.015210 0.008115 0.000549 0.137061 0.010331 2.415329
0.811650 0.017165 0.015193 0.008130 0.000547 0.136978 0.010336 2.416986
0.811617 0.017156 0.015187 0.008142 0.000552 0.137002 0.010344 2.418706
0.811556 0.017206 0.015192 0.008143 0.000553 0.136999 0.010350 2.420395
0.811609 0.017191 0.015157 0.008174 0.000552 0.136958 0.010358 2.422073
0.811622 0.017245 0.015171 0.008175 0.000554 0.136870 0.010364 2.423768
0.811635 0.017206 0.015222 0.008159 0.000556 0.136851 0.010372 2.425501
0.811711 0.017184 0.015200 0.008127 0.000560 0.136839 0.010379 2.427162
0.811759 0.017165 0.015212 0.008169 0.000563 0.136747 0.010385 2.428856
0.811757 0.017237 0.015212 0.008143 0.000563 0.136696 0.010393 2.430493
0.811725 0.017279 0.015212 0.008160 0.000564 0.136661 0.010400 2.432201
0.811750 0.017302 0.015239 0.008156 0.000562 0.136581 0.010410 2.433852
0.811752 0.017325 0.015264 0.008217 0.000561 0.136463 0.010418 2.435584
0.811742 0.017397 0.015261 0.008192 0.000559 0.136422 0.010426 2.437237
0.811732 0.017449 0.015234 0.008207 0.000564 0.136381 0.010433 2.438928
0.811719 0.017440 0.015267 0.008236 0.000566 0.136332 0.010440 2.440629
0.811728 0.017374 0.015333 0.008242 0.000569 0.136310 0.010445 2.442388
0.811675 0.017418 0.015381 0.008205 0.000569 0.136299 0.010453 2.444087
0.811613 0.017476 0.015383 0.008175 0.000574 0.136320 0.010460 2.445766
0.811578 0.017432 0.015439 0.008164 0.000580 0.136342 0.010464 2.447526
0.811501 0.017442 0.015428 0.008190 0.000586 0.136377 0.010474 2.449258
0.811497 0.017435 0.015485 0.008209 0.000581 0.136310 0.010482 2.450985
0.811469 0.017487 0.015470 0.008196 0.000581 0.136308 0.010489 2.452697
0.811443 0.017532 0.015478 0.008224 0.000575 0.136252 0.010495 2.454434
0.811418 0.017561 0.015445 0.008224 0.000566 0.136284 0.010503 2.456153
0.811424 0.017527 0.015454 0.008228 0.000568 0.136290 0.010508 2.457894
0.811464 0.017480 0.015512 0.008231 0.000574 0.136222 0.010517 2.459648
0.811421 0.017504 0.015517 0.008217 0.000574 0.136246 0.010522 2.461333
0.811491 0.017411 0.015544 0.008275 0.000566 0.136184 0.010529 2.463109
0.811577 0.017386 0.015520 0.008252 0.000569 0.136161 0.010535 2.464787
0.811609 0.017338 0.015585 0.008266 0.000566 0.136093 0.010544 2.466538
0.811530 0.017384 0.015617 0.008287 0.000573 0.136061 0.010548 2.468265
0.811529 0.017385 0.015585 0.008270 0.000569 0.136106 0.010556 2.469988
0.811526 0.017428 0.015552 0.008248 0.000568 0.136113 0.010564 2.471650
0.811580 0.017455 0.015544 0.008210 0.000570 0.136074 0.010568 2.473317
0.811454 0.017531 0.015530 0.008248 0.000571 0.136093 0.010574 2.475026
0.811496 0.017538 0.015489 0.008250 0.000564 0.136080 0.010583 2.476708
0.811505 0.017524 0.015509 0.008293 0.000566 0.136013 0.010589 2.478435
0.811542 0.017519 0.015519 0.008280 0.000564 0.135979 0.010595 2.480163
0.811481 0.017589 0.015555 0.008291 0.000558 0.135924 0.010602 2.481874
0.811405 0.017658 0.015511 0.008310 0.000554 0.135952 0.010609 2.483601
0.811350 0.017648 0.015572 0.008305 0.000554 0.135953 0.010617 2.485357
0.811365 0.017595 0.015598 0.008332 0.000557 0.135933 0.010621 2.487107
0.811242 0.017633 0.015580 0.008383 0.000557 0.135978 0.010629 2.488855
0.811206 0.017680 0.015629 0.008344 0.000560 0.135942 0.010639 2.490559
0.811178 0.017695 0.015641 0.008312 0.000552 0.135976 0.010646 2.492266
0.811164 0.017684 0.015649 0.008342 0.000556 0.135953 0.010652 2.494014
0.811114 0.017704 0.015641 0.008351 0.000559 0.135968 0.010663 2.495782
0.811102 0.017732 0.015644 0.008371 0.000561 0.135923 0.010668 2.497498
0.811080 0.017693 0.015665 0.008417 0.000555 0.135916 0.010674 2.499250
0.811039 0.017691 0.015714 0.008410 0.000551 0.135913 0.010680 2.501001
0.810926 0.017737 0.015726 0.008380 0.000548 0.135998 0.010686 2.502737
0.810872 0.017750 0.015751 0.008377 0.000557 0.136002 0.010691 2.504478
0.810792 0.017743 0.015767 0.008399 0.000553 0.136049 0.010697 2.506274
0.810663 0.017832 0.015785 0.008385 0.000553 0.136077 0.010704 2.507990
0.810609 0.017812 0.015818 0.008447 0.000548 0.136056 0.010711 2.509772
0.810504 0.017832 0.015859 0.008443 0.000545 0.136100 0.010717 2.511530
0.810539 0.017766 0.015878 0.008461 0.000546 0.136087 0.010724 2.513315
0.810530 0.017756 0.015913 0.008489 0.000543 0.136038 0.010733 2.515101
0.810565 0.017690 0.015897 0.008489 0.000543 0.136077 0.010740 2.516874
0.810461 0.017724 0.015900 0.008541 0.000542 0.136087 0.010747 2.518630
0.810453 0.017727 0.015911 0.008569 0.000545 0.136042 0.010754 2.520389
0.810494 0.017740 0.015914 0.008599 0.000547 0.135944 0.010763 2.522126
0.810477 0.017720 0.015925 0.008604 0.000552 0.135954 0.010769 2.523882
0.810394 0.017742 0.015973 0.008569 0.000552 0.135997 0.010774 2.525646
0.810311 0.017812 0.015951 0.008564 0.000546 0.136034 0.010783 2.527350
0.810298 0.017812 0.015942 0.008567 0.000558 0.136034 0.010790 2.529093
0.810147 0.017790 0.015974 0.008587 0.000563 0.136143 0.010796 2.530890
0.810067 0.017822 0.015954 0.008582 0.000564 0.136209 0.010803 2.532604
0.809999 0.017852 0.015962 0.008617 0.000555 0.136202 0.010814 2.534351
0.809904 0.017887 0.015950 0.008629 0.000558 0.136252 0.010820 2.536107
0.809879 0.017910 0.015974 0.008624 0.000564 0.136224 0.010825 2.537883
0.809826 0.017866 0.016053 0.008618 0.000563 0.136242 0.010832 2.539690
0.809802 0.017867 0.015995 0.008635 0.000557 0.136306 0.010838 2.541421
0.809696 0.017889 0.015971 0.008620 0.000557 0.136422 0.010846 2.543169
0.809618 0.017894 0.016009 0.008606 0.000561 0.136461 0.010851 2.544941
0.809545 0.017899 0.016036 0.008626 0.000564 0.136471 0.010859 2.546719
0.809553 0.017879 0.016101 0.008613 0.000564 0.136423 0.010867 2.548462
0.809495 0.017941 0.016102 0.008594 0.000565 0.136427 0.010876 2.550194
0.809444 0.018002 0.016009 0.008577 0.000566 0.136519 0.010882 2.551914
0.809399 0.017943 0.016021 0.008587 0.000562 0.136594 0.010893 2.553744
0.809328 0.018016 0.015999 0.008566 0.000551 0.136640 0.010901 2.555469
0.809273 0.018031 0.015988 0.008585 0.000560 0.136657 0.010907 2.557249
