0.348930 0.063241 0.056357 0.032459 0.002118 0.490882 0.006012 1.599723
0.350697 0.061599 0.056273 0.032337 0.002121 0.490931 0.006043 1.605858
0.352881 0.059662 0.056073 0.032151 0.002112 0.491056 0.006064 1.611834
0.355354 0.057547 0.055811 0.031885 0.002122 0.491194 0.006089 1.617602
0.358102 0.055421 0.055346 0.031576 0.002111 0.491330 0.006114 1.623132
0.360945 0.053366 0.054875 0.031249 0.002123 0.491304 0.006138 1.628490
0.363839 0.051404 0.054245 0.030834 0.002127 0.491385 0.006166 1.633617
0.366942 0.049529 0.053481 0.030402 0.002128 0.491325 0.006195 1.638472
0.370245 0.047671 0.052716 0.030005 0.002133 0.491012 0.006219 1.643230
0.373612 0.045857 0.051941 0.029539 0.002116 0.490690 0.006244 1.647882
0.376978 0.044193 0.051060 0.029000 0.002115 0.490379 0.006276 1.652307
0.380369 0.042719 0.050200 0.028378 0.002111 0.489923 0.006300 1.656574
0.383913 0.041240 0.049316 0.027811 0.002098 0.489295 0.006328 1.660643
0.387427 0.039749 0.048418 0.027259 0.002094 0.488700 0.006354 1.664678
0.391137 0.038398 0.047440 0.026639 0.002105 0.487900 0.006380 1.668502
0.394695 0.037185 0.046462 0.026126 0.002089 0.487032 0.006410 1.672219
0.398434 0.035952 0.045528 0.025524 0.002060 0.486065 0.006439 1.675824
0.402132 0.034889 0.044474 0.024895 0.002047 0.485092 0.006471 1.679244
0.405897 0.033862 0.043512 0.024331 0.002045 0.483857 0.006496 1.682616
0.409576 0.032861 0.042625 0.023759 0.002041 0.482613 0.006525 1.685971
0.413262 0.031960 0.041699 0.023246 0.002019 0.481263 0.006553 1.689151
0.416914 0.031056 0.040868 0.022699 0.002024 0.479864 0.006575 1.692271
0.420683 0.030215 0.039995 0.022237 0.002017 0.478255 0.006599 1.695291
0.424590 0.029461 0.039024 0.021660 0.002014 0.476630 0.006621 1.698172
0.428458 0.028660 0.038133 0.021118 0.001997 0.474982 0.006652 1.701072
0.432326 0.027971 0.037133 0.020576 0.001966 0.473350 0.006678 1.703800
0.436085 0.027385 0.036229 0.020115 0.001945 0.471546 0.006697 1.706480
0.440016 0.026679 0.035395 0.019680 0.001926 0.469581 0.006723 1.709178
0.443791 0.026040 0.034595 0.019199 0.001907 0.467718 0.006750 1.711798
0.447590 0.025479 0.033772 0.018773 0.001880 0.465730 0.006776 1.714344
0.451514 0.024962 0.032959 0.018301 0.001864 0.463602 0.006798 1.716780
0.455347 0.024539 0.032177 0.017840 0.001849 0.461424 0.006825 1.719195
0.459189 0.024046 0.031471 0.017434 0.001827 0.459183 0.006849 1.721617
0.462989 0.023471 0.030769 0.017060 0.001798 0.457038 0.006875 1.724036
0.466783 0.023047 0.030130 0.016667 0.001770 0.454709 0.006894 1.726326
0.470551 0.022716 0.029468 0.016314 0.001741 0.452294 0.006916 1.728545
0.474293 0.022291 0.028890 0.015960 0.001714 0.449919 0.006932 1.730834
0.478146 0.021913 0.028220 0.015572 0.001690 0.447506 0.006954 1.732997
0.481871 0.021617 0.027551 0.015234 0.001667 0.445085 0.006974 1.735145
0.485551 0.021358 0.027024 0.014915 0.001641 0.442513 0.006999 1.737283
0.489237 0.021143 0.026392 0.014580 0.001620 0.440009 0.007019 1.739300
0.492863 0.020834 0.025912 0.014309 0.001590 0.437451 0.007042 1.741408
0.496562 0.020526 0.025431 0.014018 0.001577 0.434823 0.007064 1.743480
0.500186 0.020298 0.024894 0.013768 0.001549 0.432220 0.007085 1.745485
0.503851 0.020045 0.024435 0.013519 0.001525 0.429523 0.007103 1.747484
0.507485 0.019903 0.023933 0.013265 0.001496 0.426795 0.007123 1.749428
0.510958 0.019714 0.023441 0.013020 0.001482 0.424242 0.007144 1.751378
0.514541 0.019485 0.022978 0.012767 0.001461 0.421606 0.007161 1.753284
0.518010 0.019320 0.022539 0.012546 0.001440 0.418971 0.007175 1.755142
0.521432 0.019237 0.022150 0.012320 0.001424 0.416243 0.007196 1.756976
0.524901 0.019018 0.021780 0.012121 0.001393 0.413575 0.007212 1.758859
0.528398 0.018847 0.021370 0.011975 0.001365 0.410811 0.007234 1.760707
0.531824 0.018702 0.021027 0.011787 0.001342 0.408064 0.007254 1.762561
0.535282 0.018526 0.020706 0.011604 0.001322 0.405288 0.007272 1.764382
0.538680 0.018429 0.020373 0.011385 0.001309 0.402539 0.007286 1.766145
0.542021 0.018362 0.020037 0.011267 0.001291 0.399723 0.007298 1.767924
0.545395 0.018223 0.019733 0.011125 0.001276 0.396933 0.007316 1.769709
0.548565 0.018144 0.019475 0.010961 0.001266 0.394259 0.007329 1.771502
0.551796 0.018073 0.019178 0.010795 0.001252 0.391562 0.007344 1.773265
0.555048 0.017936 0.018974 0.010684 0.001237 0.388766 0.007357 1.775035
0.558317 0.017804 0.018726 0.010527 0.001215 0.386039 0.007373 1.776775
0.561518 0.017727 0.018485 0.010357 0.001188 0.383335 0.007391 1.778493
0.564662 0.017642 0.018260 0.010274 0.001167 0.380590 0.007406 1.780217
0.567751 0.017623 0.018060 0.010138 0.001142 0.377869 0.007417 1.781910
0.570861 0.017507 0.017880 0.010062 0.001130 0.375126 0.007434 1.783643
0.573839 0.017434 0.017722 0.009942 0.001098 0.372514 0.007452 1.785388
0.576875 0.017356 0.017515 0.009881 0.001080 0.369828 0.007466 1.787093
0.579845 0.017257 0.017390 0.009755 0.001073 0.367203 0.007477 1.788840
0.582794 0.017248 0.017279 0.009624 0.001059 0.364508 0.007488 1.790506
0.585635 0.017260 0.017122 0.009519 0.001034 0.361932 0.007498 1.792159
0.588530 0.017130 0.017077 0.009428 0.001005 0.359316 0.007514 1.793909
0.591274 0.017063 0.017037 0.009361 0.000988 0.356748 0.007530 1.795633
0.594073 0.016997 0.016928 0.009305 0.000974 0.354178 0.007544 1.797334
0.596813 0.017041 0.016809 0.009228 0.000965 0.351592 0.007553 1.798970
0.599491 0.017075 0.016702 0.009176 0.000953 0.349036 0.007566 1.800630
0.602111 0.017094 0.016618 0.009126 0.000943 0.346527 0.007582 1.802303
0.604832 0.017068 0.016501 0.009107 0.000924 0.343973 0.007595 1.803999
0.607383 0.017159 0.016360 0.009069 0.000914 0.341509 0.007608 1.805636
0.609842 0.017288 0.016241 0.008968 0.000902 0.339141 0.007618 1.807272
0.612405 0.017284 0.016136 0.008955 0.000889 0.336702 0.007631 1.808954
0.614870 0.017335 0.016040 0.008961 0.000880 0.334270 0.007644 1.810630
0.617455 0.017260 0.016000 0.008932 0.000870 0.331827 0.007656 1.812362
0.619873 0.017302 0.015949 0.008898 0.000859 0.329454 0.007666 1.814046
0.622362 0.017266 0.015909 0.008871 0.000845 0.327071 0.007676 1.815743
0.624769 0.017270 0.015827 0.008836 0.000830 0.324785 0.007684 1.817418
0.627091 0.017324 0.015759 0.008809 0.000815 0.322507 0.007695 1.819112
0.629368 0.017374 0.015757 0.008764 0.000810 0.320222 0.007707 1.820814
0.631623 0.017435 0.015707 0.008715 0.000807 0.317995 0.007719 1.822475
0.633874 0.017419 0.015719 0.008709 0.000802 0.315751 0.007727 1.824218
0.635915 0.017560 0.015696 0.008672 0.000794 0.313628 0.007736 1.825904
0.638067 0.017597 0.015679 0.008672 0.000783 0.311456 0.007747 1.827620
0.640139 0.017669 0.015681 0.008640 0.000775 0.309336 0.007761 1.829349
0.642189 0.017732 0.015688 0.008646 0.000759 0.307212 0.007772 1.831097
0.644278 0.017801 0.015627 0.008662 0.000750 0.305097 0.007785 1.832788
0.646386 0.017799 0.015621 0.008701 0.000746 0.302952 0.007794 1.834558
0.648267 0.017893 0.015660 0.008706 0.000733 0.300937 0.007805 1.836329
0.650112 0.017968 0.015625 0.008719 0.000734 0.299028 0.007813 1.838086
0.652044 0.018037 0.015659 0.008736 0.000722 0.296975 0.007827 1.839854
0.653782 0.018144 0.015695 0.008769 0.000708 0.295063 0.007839 1.841669
0.655527 0.018228 0.015710 0.008778 0.000702 0.293207 0.007850 1.843463
0.657289 0.018291 0.015773 0.008801 0.000699 0.291286 0.007861 1.845296
0.659017 0.018387 0.015802 0.008797 0.000694 0.289436 0.007868 1.847099
0.660683 0.018478 0.015800 0.008806 0.000695 0.287662 0.007876 1.848902
0.662370 0.018555 0.015833 0.008764 0.000695 0.285897 0.007886 1.850722
0.664068 0.018584 0.015880 0.008816 0.000686 0.284070 0.007897 1.852569
0.665694 0.018661 0.015915 0.008856 0.000681 0.282285 0.007909 1.854365
0.667318 0.018736 0.015900 0.008876 0.000679 0.280575 0.007917 1.856164
0.668799 0.018854 0.015941 0.008921 0.000677 0.278884 0.007924 1.857986
0.670308 0.018950 0.015995 0.008919 0.000669 0.277221 0.007938 1.859831
0.671781 0.019056 0.016023 0.008932 0.000662 0.275600 0.007946 1.861659
0.673369 0.019176 0.016061 0.008914 0.000661 0.273867 0.007954 1.863484
0.674809 0.019263 0.016086 0.008968 0.000665 0.272250 0.007960 1.865356
0.676248 0.019322 0.016159 0.009015 0.000667 0.270621 0.007968 1.867253
0.677542 0.019428 0.016218 0.009079 0.000665 0.269089 0.007978 1.869165
0.678935 0.019449 0.016302 0.009147 0.000668 0.267517 0.007982 1.871123
0.680172 0.019604 0.016408 0.009155 0.000664 0.266007 0.007990 1.873026
0.681481 0.019655 0.016495 0.009154 0.000667 0.264549 0.007998 1.874944
0.682771 0.019764 0.016485 0.009202 0.000668 0.263103 0.008007 1.876850
0.684010 0.019838 0.016591 0.009239 0.000667 0.261642 0.008012 1.878818
0.685257 0.019971 0.016612 0.009272 0.000655 0.260209 0.008025 1.880739
0.686468 0.020058 0.016669 0.009295 0.000659 0.258819 0.008032 1.882685
0.687684 0.020139 0.016742 0.009342 0.000653 0.257396 0.008043 1.884661
0.688802 0.020241 0.016814 0.009331 0.000660 0.256102 0.008049 1.886637
0.689900 0.020319 0.016865 0.009430 0.000657 0.254771 0.008059 1.888631
0.691049 0.020441 0.016985 0.009447 0.000655 0.253355 0.008068 1.890621
0.692066 0.020505 0.017019 0.009508 0.000657 0.252170 0.008075 1.892633
0.693167 0.020604 0.017088 0.009538 0.000655 0.250865 0.008083 1.894644
0.694252 0.020654 0.017100 0.009612 0.000651 0.249642 0.008089 1.896656
0.695199 0.020845 0.017177 0.009599 0.000646 0.248434 0.008100 1.898643
0.696114 0.020971 0.017293 0.009670 0.000644 0.247201 0.008108 1.900714
0.696976 0.021056 0.017428 0.009720 0.000644 0.246060 0.008115 1.902815
0.697887 0.021137 0.017532 0.009787 0.000651 0.244882 0.008124 1.904907
0.698766 0.021186 0.017689 0.009824 0.000653 0.243750 0.008133 1.907044
0.699589 0.021383 0.017768 0.009859 0.000650 0.242608 0.008143 1.909066
0.700493 0.021418 0.017871 0.009932 0.000655 0.241480 0.008152 1.911175
0.701275 0.021529 0.017973 0.009954 0.000659 0.240450 0.008159 1.913297
0.702042 0.021661 0.018066 0.009976 0.000660 0.239428 0.008167 1.915409
0.702819 0.021750 0.018126 0.010034 0.000655 0.238444 0.008172 1.917534
0.703467 0.021896 0.018239 0.010073 0.000653 0.237487 0.008185 1.919702
0.704019 0.022004 0.018295 0.010150 0.000658 0.236685 0.008190 1.921906
0.704686 0.022101 0.018386 0.010193 0.000667 0.235769 0.008198 1.924100
0.705256 0.022287 0.018413 0.010228 0.000672 0.234935 0.008208 1.926243
0.705833 0.022433 0.018560 0.010310 0.000671 0.233977 0.008216 1.928441
0.706399 0.022493 0.018693 0.010379 0.000676 0.233136 0.008224 1.930718
0.706941 0.022581 0.018817 0.010432 0.000674 0.232321 0.008233 1.932971
0.707529 0.022674 0.018954 0.010497 0.000680 0.231422 0.008243 1.935236
0.708058 0.022798 0.019052 0.010532 0.000691 0.230617 0.008252 1.937470
0.708525 0.022955 0.019131 0.010572 0.000684 0.229873 0.008260 1.939666
0.709073 0.023110 0.019218 0.010607 0.000684 0.229038 0.008270 1.941896
0.709541 0.023260 0.019284 0.010619 0.000689 0.228330 0.008277 1.944161
0.710051 0.023348 0.019387 0.010698 0.000684 0.227547 0.008286 1.946476
0.710358 0.023516 0.019518 0.010714 0.000686 0.226914 0.008295 1.948791
0.710749 0.023646 0.019564 0.010739 0.000687 0.226313 0.008302 1.951073
0.711171 0.023733 0.019678 0.010790 0.000699 0.225622 0.008307 1.953452
0.711504 0.023892 0.019806 0.010818 0.000707 0.224958 0.008314 1.955816
0.711810 0.023972 0.019938 0.010946 0.000719 0.224293 0.008322 1.958249
0.712148 0.024090 0.020017 0.010988 0.000711 0.223716 0.008329 1.960622
0.712416 0.024247 0.020075 0.011011 0.000711 0.223199 0.008342 1.962964
0.712748 0.024405 0.020139 0.011054 0.000711 0.222590 0.008355 1.965326
0.713034 0.024527 0.020225 0.011084 0.000712 0.222055 0.008363 1.967702
0.713350 0.024660 0.020337 0.011091 0.000716 0.221476 0.008370 1.970072
0.713569 0.024753 0.020418 0.011142 0.000724 0.221018 0.008376 1.972519
0.713745 0.024877 0.020486 0.011184 0.000727 0.220594 0.008387 1.974978
0.713950 0.025006 0.020633 0.011225 0.000725 0.220059 0.008403 1.977401
0.714135 0.025146 0.020731 0.011292 0.000721 0.219558 0.008417 1.979859
0.714343 0.025254 0.020820 0.011345 0.000723 0.219087 0.008429 1.982311
0.714557 0.025420 0.020909 0.011403 0.000716 0.218557 0.008438 1.984729
0.714734 0.025472 0.020997 0.011496 0.000713 0.218140 0.008448 1.987249
0.714816 0.025597 0.021128 0.011552 0.000720 0.217731 0.008457 1.989759
0.715001 0.025664 0.021244 0.011684 0.000712 0.217224 0.008472 1.992320
0.715060 0.025701 0.021350 0.011714 0.000721 0.216974 0.008480 1.994882
0.715152 0.025877 0.021439 0.011744 0.000718 0.216580 0.008490 1.997379
0.715288 0.025913 0.021563 0.011842 0.000724 0.216175 0.008494 1.999943
0.715400 0.025980 0.021648 0.011884 0.000732 0.215856 0.008501 2.002511
0.715389 0.026083 0.021870 0.011885 0.000738 0.215525 0.008511 2.005089
0.715490 0.026161 0.021987 0.011974 0.000746 0.215120 0.008522 2.007667
0.715601 0.026196 0.022075 0.012007 0.000745 0.214845 0.008530 2.010253
0.715654 0.026191 0.022133 0.012107 0.000744 0.214634 0.008537 2.012887
0.715643 0.026208 0.022221 0.012159 0.000746 0.214475 0.008548 2.015517
0.715614 0.026277 0.022353 0.012188 0.000745 0.214267 0.008556 2.018153
0.715548 0.026322 0.022445 0.012252 0.000743 0.214125 0.008564 2.020825
0.715486 0.026446 0.022545 0.012287 0.000755 0.213904 0.008577 2.023432
0.715463 0.026491 0.022575 0.012382 0.000753 0.213749 0.008587 2.026083
0.715490 0.026561 0.022635 0.012410 0.000757 0.213553 0.008595 2.028658
0.715448 0.026690 0.022698 0.012463 0.000750 0.213346 0.008604 2.031196
0.715340 0.026799 0.022747 0.012529 0.000763 0.213209 0.008613 2.033836
0.715267 0.026882 0.022894 0.012532 0.000767 0.213039 0.008620 2.036471
0.715253 0.026960 0.022958 0.012573 0.000769 0.212862 0.008625 2.039097
0.715156 0.027077 0.023040 0.012626 0.000773 0.212692 0.008636 2.041744
0.715128 0.027158 0.023087 0.012687 0.000775 0.212518 0.008646 2.044393
0.715090 0.027206 0.023125 0.012768 0.000777 0.212377 0.008655 2.047060
0.715011 0.027235 0.023225 0.012814 0.000777 0.212274 0.008663 2.049802
0.714960 0.027224 0.023280 0.012885 0.000773 0.212207 0.008672 2.052529
0.714942 0.027231 0.023371 0.012871 0.000774 0.212129 0.008681 2.055235
0.714832 0.027281 0.023411 0.012871 0.000773 0.212143 0.008689 2.057930
0.714860 0.027213 0.023449 0.012932 0.000786 0.212060 0.008699 2.060648
0.714829 0.027198 0.023454 0.012917 0.000804 0.212089 0.008710 2.063340
0.714872 0.027176 0.023506 0.012948 0.000805 0.211971 0.008722 2.066007
0.714709 0.027314 0.023549 0.012986 0.000811 0.211899 0.008733 2.068678
0.714624 0.027378 0.023585 0.012998 0.000814 0.211859 0.008743 2.071373
0.714572 0.027364 0.023634 0.012970 0.000812 0.211891 0.008757 2.074070
0.714437 0.027487 0.023669 0.012950 0.000821 0.211872 0.008765 2.076725
0.714320 0.027563 0.023743 0.012973 0.000832 0.211796 0.008775 2.079434
0.714241 0.027558 0.023773 0.013008 0.000839 0.211799 0.008782 2.082173
0.714170 0.027530 0.023834 0.013073 0.000835 0.211767 0.008791 2.084909
0.714018 0.027626 0.023864 0.013121 0.000837 0.211731 0.008804 2.087602
0.713812 0.027654 0.023937 0.013142 0.000841 0.211801 0.008815 2.090340
0.713652 0.027738 0.023945 0.013134 0.000843 0.211862 0.008827 2.093027
0.713615 0.027718 0.023996 0.013151 0.000847 0.211837 0.008836 2.095767
0.713398 0.027770 0.024059 0.013149 0.000857 0.211925 0.008843 2.098518
0.713256 0.027786 0.024116 0.013164 0.000856 0.211971 0.008852 2.101234
0.713123 0.027841 0.024197 0.013173 0.000862 0.211938 0.008867 2.103946
0.713088 0.027740 0.024265 0.013213 0.000867 0.211950 0.008877 2.106736
0.713005 0.027684 0.024205 0.013240 0.000868 0.212112 0.008886 2.109463
0.712901 0.027667 0.024316 0.013287 0.000861 0.212068 0.008901 2.112233
0.712850 0.027685 0.024317 0.013255 0.000857 0.212121 0.008915 2.114922
0.712832 0.027632 0.024333 0.013230 0.000866 0.212186 0.008922 2.117630
0.712814 0.027613 0.024285 0.013219 0.000877 0.212259 0.008932 2.120317
0.712761 0.027521 0.024363 0.013237 0.000871 0.212302 0.008944 2.123087
0.712759 0.027515 0.024350 0.013254 0.000877 0.212293 0.008953 2.125792
0.712683 0.027497 0.024416 0.013240 0.000880 0.212324 0.008961 2.128545
0.712606 0.027481 0.024474 0.013283 0.000887 0.212297 0.008972 2.131298
0.712524 0.027519 0.024474 0.013262 0.000884 0.212351 0.008987 2.134000
0.712437 0.027570 0.024471 0.013281 0.000878 0.212364 0.008999 2.136663
0.712512 0.027553 0.024442 0.013263 0.000888 0.212337 0.009004 2.139350
0.712513 0.027561 0.024451 0.013262 0.000887 0.212310 0.009015 2.142040
0.712517 0.027516 0.024498 0.013295 0.000879 0.212269 0.009026 2.144778
0.712572 0.027453 0.024531 0.013295 0.000881 0.212236 0.009035 2.147485
0.712478 0.027426 0.024642 0.013300 0.000881 0.212231 0.009044 2.150218
0.712380 0.027508 0.024650 0.013291 0.000881 0.212235 0.009055 2.152921
0.712398 0.027503 0.024661 0.013313 0.000890 0.212171 0.009065 2.155619
0.712397 0.027435 0.024691 0.013414 0.000893 0.212094 0.009077 2.158402
0.712274 0.027459 0.024688 0.013450 0.000895 0.212146 0.009089 2.161168
0.712298 0.027443 0.024644 0.013451 0.000891 0.212173 0.009100 2.163828
0.712274 0.027486 0.024624 0.013458 0.000908 0.212142 0.009109 2.166507
0.712214 0.027546 0.024572 0.013446 0.000902 0.212197 0.009124 2.169189
0.712170 0.027483 0.024617 0.013447 0.000891 0.212255 0.009136 2.171925
0.712141 0.027510 0.024621 0.013442 0.000904 0.212239 0.009143 2.174602
0.711960 0.027528 0.024682 0.013469 0.000905 0.212303 0.009153 2.177342
0.711984 0.027455 0.024692 0.013478 0.000900 0.212326 0.009166 2.180061
0.712054 0.027374 0.024690 0.013476 0.000895 0.212329 0.009182 2.182760
0.712066 0.027334 0.024671 0.013400 0.000901 0.212436 0.009191 2.185443
0.711951 0.027359 0.024606 0.013429 0.000903 0.212549 0.009202 2.188127
0.711966 0.027315 0.024573 0.013398 0.000894 0.212643 0.009213 2.190820
0.712017 0.027222 0.024583 0.013408 0.000892 0.212652 0.009226 2.193537
0.711980 0.027205 0.024561 0.013434 0.000891 0.212688 0.009242 2.196224
0.712036 0.027159 0.024472 0.013396 0.000896 0.212789 0.009253 2.198873
0.712151 0.027039 0.024462 0.013372 0.000886 0.212819 0.009271 2.201569
0.712161 0.027035 0.024399 0.013386 0.000882 0.212853 0.009285 2.204226
0.712233 0.026971 0.024425 0.013317 0.000882 0.212876 0.009296 2.206896
0.712254 0.027011 0.024371 0.013310 0.000875 0.212870 0.009310 2.209486
0.712248 0.027007 0.024300 0.013316 0.000877 0.212929 0.009321 2.212125
0.712309 0.026932 0.024254 0.013336 0.000878 0.212958 0.009334 2.214784
0.712347 0.026980 0.024220 0.013327 0.000884 0.212899 0.009344 2.217379
0.712334 0.026972 0.024124 0.013283 0.000873 0.213055 0.009358 2.220017
0.712317 0.026952 0.024129 0.013279 0.000865 0.213089 0.009369 2.222671
0.712396 0.026890 0.024152 0.013303 0.000870 0.213010 0.009380 2.225348
0.712564 0.026810 0.024158 0.013246 0.000873 0.212958 0.009391 2.227984
0.712618 0.026813 0.024115 0.013190 0.000881 0.212987 0.009399 2.230573
0.712652 0.026701 0.024127 0.013208 0.000878 0.213027 0.009408 2.233251
0.712720 0.026762 0.024055 0.013184 0.000881 0.212978 0.009420 2.235829
0.712699 0.026693 0.024045 0.013165 0.000874 0.213090 0.009434 2.238509
0.712792 0.026686 0.023924 0.013144 0.000880 0.213130 0.009444 2.241099
0.712886 0.026708 0.023830 0.013135 0.000884 0.213102 0.009456 2.243705
0.712945 0.026616 0.023864 0.013143 0.000897 0.213063 0.009472 2.246391
0.713049 0.026547 0.023791 0.013125 0.000899 0.213107 0.009484 2.248982
0.713183 0.026495 0.023774 0.013071 0.000907 0.213076 0.009495 2.251593
0.713244 0.026536 0.023717 0.013014 0.000903 0.213082 0.009506 2.254134
0.713320 0.026541 0.023717 0.013007 0.000897 0.213000 0.009518 2.256762
0.713415 0.026471 0.023712 0.013006 0.000893 0.212975 0.009530 2.259351
0.713559 0.026325 0.023752 0.013067 0.000892 0.212864 0.009541 2.262071
0.713676 0.026332 0.023631 0.013016 0.000882 0.212904 0.009558 2.264603
0.713773 0.026248 0.023598 0.012992 0.000878 0.212939 0.009573 2.267214
0.713961 0.026200 0.023509 0.012961 0.000878 0.212906 0.009584 2.269790
0.714084 0.026175 0.023539 0.012966 0.000881 0.212759 0.009596 2.272404
0.714234 0.026153 0.023501 0.012985 0.000874 0.212648 0.009605 2.274962
0.714411 0.026128 0.023598 0.012973 0.000871 0.212405 0.009615 2.277519
0.714582 0.026082 0.023507 0.012961 0.000858 0.212385 0.009625 2.280067
0.714644 0.026144 0.023487 0.012943 0.000860 0.212290 0.009633 2.282593
0.714698 0.026171 0.023457 0.012918 0.000862 0.212250 0.009645 2.285122
0.714815 0.026134 0.023429 0.012927 0.000858 0.212187 0.009652 2.287682
0.714951 0.026095 0.023432 0.012843 0.000858 0.212160 0.009663 2.290232
0.715055 0.026086 0.023426 0.012864 0.000860 0.212037 0.009672 2.292807
0.715193 0.026022 0.023450 0.012880 0.000856 0.211917 0.009683 2.295380
0.715394 0.025909 0.023461 0.012835 0.000855 0.211851 0.009696 2.297968
0.715427 0.025908 0.023426 0.012809 0.000861 0.211863 0.009706 2.300508
0.715600 0.025807 0.023386 0.012784 0.000861 0.211842 0.009720 2.303084
0.715785 0.025846 0.023343 0.012729 0.000863 0.211704 0.009730 2.305593
0.715904 0.025784 0.023336 0.012710 0.000863 0.211660 0.009743 2.308142
0.716028 0.025850 0.023217 0.012696 0.000861 0.211589 0.009759 2.310594
0.716171 0.025772 0.023204 0.012689 0.000865 0.211529 0.009771 2.313149
0.716394 0.025735 0.023224 0.012657 0.000863 0.211346 0.009781 2.315662
0.716541 0.025714 0.023246 0.012607 0.000855 0.211245 0.009792 2.318203
0.716706 0.025630 0.023301 0.012589 0.000853 0.211115 0.009806 2.320759
0.716859 0.025582 0.023302 0.012630 0.000853 0.210959 0.009817 2.323302
0.717061 0.025566 0.023255 0.012628 0.000859 0.210803 0.009829 2.325816
0.717185 0.025634 0.023245 0.012560 0.000860 0.210678 0.009839 2.328305
0.717303 0.025648 0.023195 0.012568 0.000850 0.210587 0.009849 2.330788
0.717388 0.025663 0.023172 0.012546 0.000844 0.210524 0.009863 2.333302
0.717604 0.025665 0.023123 0.012492 0.000847 0.210393 0.009876 2.335763
0.717683 0.025657 0.023179 0.012504 0.000844 0.210250 0.009884 2.338305
0.717769 0.025607 0.023259 0.012511 0.000844 0.210120 0.009892 2.340888
0.717879 0.025632 0.023238 0.012525 0.000838 0.209989 0.009901 2.343402
0.718079 0.025672 0.023138 0.012514 0.000831 0.209854 0.009913 2.345844
0.718175 0.025681 0.023078 0.012409 0.000829 0.209906 0.009924 2.348356
0.718282 0.025682 0.023039 0.012396 0.000832 0.209834 0.009935 2.350835
0.718383 0.025742 0.022963 0.012391 0.000845 0.209732 0.009945 2.353315
0.718569 0.025700 0.022960 0.012391 0.000854 0.209573 0.009953 2.355829
0.718648 0.025733 0.022925 0.012402 0.000853 0.209474 0.009964 2.358336
0.718731 0.025716 0.022880 0.012392 0.000849 0.209455 0.009977 2.360872
0.718911 0.025645 0.022864 0.012423 0.000839 0.209326 0.009992 2.363433
0.719033 0.025679 0.022892 0.012349 0.000838 0.209204 0.010004 2.365931
0.719132 0.025681 0.022925 0.012390 0.000837 0.209019 0.010017 2.368471
0.719255 0.025680 0.022908 0.012408 0.000839 0.208881 0.010029 2.370990
0.719315 0.025672 0.022920 0.012440 0.000833 0.208780 0.010039 2.373539
0.719335 0.025693 0.022935 0.012459 0.000823 0.208701 0.010053 2.376066
0.719418 0.025709 0.022882 0.012449 0.000831 0.208647 0.010064 2.378585
0.719527 0.025712 0.022868 0.012418 0.000832 0.208568 0.010076 2.381070
0.719628 0.025695 0.022880 0.012411 0.000826 0.208475 0.010085 2.383568
0.719710 0.025753 0.022796 0.012431 0.000825 0.208389 0.010095 2.386029
0.719803 0.025757 0.022734 0.012397 0.000824 0.208378 0.010107 2.388525
0.719875 0.025758 0.022781 0.012420 0.000823 0.208229 0.010113 2.391077
0.719990 0.025723 0.022800 0.012430 0.000824 0.208109 0.010124 2.393609
0.720056 0.025720 0.022718 0.012449 0.000817 0.208101 0.010139 2.396141
0.720139 0.025678 0.022770 0.012455 0.000814 0.208000 0.010145 2.398696
0.720214 0.025747 0.022690 0.012489 0.000813 0.207895 0.010152 2.401200
0.720274 0.025740 0.022699 0.012487 0.000807 0.207826 0.010166 2.403735
0.720429 0.025704 0.022735 0.012459 0.000805 0.207694 0.010176 2.406282
0.720493 0.025758 0.022665 0.012510 0.000803 0.207583 0.010188 2.408791
0.720604 0.025670 0.022747 0.012555 0.000819 0.207408 0.010197 2.411410
0.720631 0.025688 0.022739 0.012534 0.000814 0.207389 0.010205 2.413915
0.720730 0.025758 0.022760 0.012516 0.000827 0.207197 0.010214 2.416369
0.720759 0.025722 0.022823 0.012558 0.000825 0.207089 0.010224 2.418918
0.720882 0.025733 0.022827 0.012537 0.000822 0.206964 0.010234 2.421454
0.720908 0.025805 0.022758 0.012531 0.000816 0.206936 0.010247 2.423935
0.720914 0.025802 0.022775 0.012547 0.000826 0.206878 0.010257 2.426492
0.720960 0.025834 0.022790 0.012559 0.000830 0.206761 0.010265 2.429008
0.720974 0.025845 0.022812 0.012544 0.000824 0.206724 0.010276 2.431545
0.720975 0.025939 0.022807 0.012526 0.000827 0.206643 0.010284 2.434069
0.721031 0.025831 0.022946 0.012544 0.000830 0.206527 0.010291 2.436685
0.721021 0.025923 0.022935 0.012520 0.000826 0.206474 0.010303 2.439145
0.721104 0.025863 0.022921 0.012529 0.000826 0.206443 0.010315 2.441698
0.721146 0.025894 0.022913 0.012462 0.000821 0.206438 0.010325 2.444224
0.721174 0.025904 0.022911 0.012454 0.000820 0.206401 0.010335 2.446762
0.721253 0.025861 0.022940 0.012443 0.000821 0.206337 0.010346 2.449314
0.721287 0.025872 0.023028 0.012393 0.000830 0.206235 0.010356 2.451825
0.721249 0.025921 0.022975 0.012459 0.000819 0.206208 0.010369 2.454359
0.721236 0.025912 0.023037 0.012507 0.000814 0.206117 0.010376 2.456931
0.721303 0.025931 0.023080 0.012505 0.000814 0.205981 0.010386 2.459499
0.721320 0.025975 0.023037 0.012474 0.000815 0.205984 0.010396 2.461970
0.721345 0.025928 0.023077 0.012500 0.000818 0.205927 0.010405 2.464563
0.721369 0.025948 0.023119 0.012504 0.000822 0.205822 0.010415 2.467098
0.721421 0.026041 0.023090 0.012456 0.000821 0.205744 0.010428 2.469592
0.721519 0.026018 0.023075 0.012432 0.000823 0.205696 0.010437 2.472102
0.721499 0.026020 0.023037 0.012439 0.000828 0.205730 0.010447 2.474656
0.721574 0.025979 0.023013 0.012480 0.000828 0.205669 0.010457 2.477234
0.721642 0.025946 0.022981 0.012544 0.000823 0.205595 0.010469 2.479793
0.721663 0.025854 0.023082 0.012531 0.000825 0.205565 0.010480 2.482442
0.721644 0.025852 0.023096 0.012525 0.000828 0.205568 0.010487 2.484994
0.721653 0.025828 0.023136 0.012509 0.000820 0.205558 0.010497 2.487534
0.721713 0.025775 0.023175 0.012535 0.000825 0.205468 0.010509 2.490127
0.721718 0.025882 0.023095 0.012500 0.000819 0.205468 0.010519 2.492609
0.721763 0.025897 0.023067 0.012498 0.000815 0.205427 0.010532 2.495131
0.721754 0.025991 0.023052 0.012502 0.000826 0.205336 0.010540 2.497640
0.721753 0.026012 0.023079 0.012495 0.000826 0.205285 0.010551 2.500188
0.721766 0.026027 0.023087 0.012529 0.000814 0.205208 0.010569 2.502700
0.721792 0.025942 0.023052 0.012549 0.000804 0.205280 0.010580 2.505273
0.721755 0.026019 0.023087 0.012569 0.000802 0.205176 0.010591 2.507810
0.721778 0.025964 0.023073 0.012611 0.000810 0.205164 0.010601 2.510409
0.721757 0.025963 0.023083 0.012598 0.000813 0.205177 0.010609 2.512960
0.721789 0.025963 0.023087 0.012579 0.000818 0.205147 0.010618 2.515505
0.721853 0.025945 0.023085 0.012535 0.000815 0.205136 0.010630 2.518046
0.721931 0.025860 0.023119 0.012570 0.000820 0.205061 0.010638 2.520647
0.721873 0.025872 0.023100 0.012554 0.000821 0.205131 0.010648 2.523204
0.721808 0.025939 0.023104 0.012565 0.000823 0.205102 0.010659 2.525743
0.721781 0.025925 0.023109 0.012586 0.000822 0.205107 0.010671 2.528329
0.721866 0.025848 0.023076 0.012629 0.000832 0.205068 0.010682 2.530882
0.721917 0.025822 0.023014 0.012608 0.000827 0.205117 0.010695 2.533386
0.721853 0.025881 0.023019 0.012663 0.000829 0.205053 0.010701 2.535957
0.721835 0.025836 0.022989 0.012674 0.000825 0.205131 0.010710 2.538507
0.721860 0.025853 0.023030 0.012658 0.000829 0.205052 0.010717 2.541033
0.721903 0.025840 0.023069 0.012617 0.000823 0.205019 0.010729 2.543551
0.721969 0.025861 0.023009 0.012640 0.000832 0.204951 0.010737 2.546055
0.721983 0.025852 0.023054 0.012658 0.000839 0.204869 0.010746 2.548612
0.721981 0.025924 0.023062 0.012670 0.000840 0.204765 0.010757 2.551186
0.722000 0.025935 0.023037 0.012657 0.000839 0.204761 0.010771 2.553711
0.721932 0.025991 0.023027 0.012660 0.000841 0.204768 0.010782 2.556238
0.722013 0.025903 0.023104 0.012688 0.000849 0.204651 0.010791 2.558858
0.722131 0.025801 0.023188 0.012681 0.000849 0.204548 0.010802 2.561456
0.722123 0.025868 0.023204 0.012660 0.000847 0.204485 0.010813 2.563975
0.722072 0.025892 0.023209 0.012689 0.000857 0.204456 0.010823 2.566532
0.722091 0.025891 0.023172 0.012660 0.000852 0.204499 0.010834 2.569049
0.722178 0.025909 0.023106 0.012631 0.000852 0.204479 0.010845 2.571548
0.722180 0.025981 0.023060 0.012598 0.000843 0.204478 0.010859 2.574054
0.722155 0.025960 0.023093 0.012608 0.000838 0.204478 0.010870 2.576605
0.722100 0.025923 0.023146 0.012656 0.000842 0.204456 0.010878 2.579171
0.722132 0.025894 0.023100 0.012660 0.000838 0.204487 0.010889 2.581709
0.722199 0.025874 0.023096 0.012680 0.000839 0.204414 0.010898 2.584217
0.722308 0.025776 0.023081 0.012676 0.000838 0.204409 0.010913 2.586776
0.722318 0.025809 0.023084 0.012654 0.000829 0.204379 0.010927 2.589305
0.722219 0.025928 0.023160 0.012609 0.000826 0.204321 0.010937 2.591821
0.722355 0.025757 0.023174 0.012630 0.000815 0.204321 0.010949 2.594431
0.722416 0.025768 0.023173 0.012584 0.000811 0.204280 0.010968 2.596920
0.722496 0.025813 0.023139 0.012565 0.000810 0.204197 0.010982 2.599376
0.722478 0.025814 0.023175 0.012530 0.000814 0.204195 0.010994 2.601951
0.722538 0.025743 0.023143 0.012590 0.000820 0.204164 0.011004 2.604545
0.722530 0.025763 0.023087 0.012553 0.000819 0.204233 0.011015 2.607059
0.722654 0.025705 0.023033 0.012588 0.000822 0.204175 0.011023 2.609603
0.722710 0.025621 0.023004 0.012612 0.000817 0.204203 0.011034 2.612167
0.722768 0.025589 0.023026 0.012603 0.000816 0.204153 0.011045 2.614692
0.722775 0.025659 0.022980 0.012574 0.000813 0.204139 0.011061 2.617152
0.722839 0.025706 0.022927 0.012550 0.000817 0.204091 0.011071 2.619629
0.722763 0.025730 0.022928 0.012568 0.000815 0.204115 0.011081 2.622162
0.722786 0.025772 0.022921 0.012506 0.000822 0.204103 0.011090 2.624686
0.722790 0.025802 0.022931 0.012542 0.000822 0.204015 0.011100 2.627220
0.722852 0.025712 0.022957 0.012523 0.000818 0.204032 0.011106 2.629803
0.722918 0.025721 0.022945 0.012526 0.000825 0.203945 0.011120 2.632305
0.722866 0.025790 0.022937 0.012488 0.000829 0.203958 0.011132 2.634786
0.722864 0.025791 0.022979 0.012507 0.000826 0.203889 0.011146 2.637347
0.722854 0.025719 0.023033 0.012501 0.000825 0.203915 0.011155 2.639915
0.722904 0.025708 0.023014 0.012531 0.000826 0.203855 0.011163 2.642445
0.722857 0.025857 0.022955 0.012511 0.000832 0.203814 0.011175 2.644895
0.722889 0.025845 0.022973 0.012490 0.000818 0.203798 0.011188 2.647420
0.722930 0.025867 0.022955 0.012472 0.000812 0.203764 0.011200 2.649939
0.722989 0.025795 0.023061 0.012472 0.000816 0.203659 0.011210 2.652534
0.723055 0.025802 0.023002 0.012457 0.000820 0.203645 0.011221 2.655054
0.723047 0.025824 0.022936 0.012540 0.000828 0.203594 0.011232 2.657616
0.723139 0.025740 0.022938 0.012589 0.000827 0.203524 0.011244 2.660177
0.723115 0.025692 0.022971 0.012561 0.000829 0.203577 0.011254 2.662767
0.723066 0.025740 0.022980 0.012585 0.000820 0.203545 0.011263 2.665274
0.723181 0.025642 0.023010 0.012580 0.000818 0.203498 0.011273 2.667831
0.723330 0.025565 0.023024 0.012580 0.000829 0.203387 0.011285 2.670377
0.723396 0.025533 0.022959 0.012577 0.000823 0.203417 0.011296 2.672893
0.723342 0.025619 0.022965 0.012518 0.000821 0.203431 0.011305 2.675422
0.723363 0.025612 0.022945 0.012524 0.000825 0.203415 0.011317 2.677918
0.723392 0.025591 0.022938 0.012521 0.000833 0.203399 0.011328 2.680433
0.723398 0.025672 0.022870 0.012457 0.000833 0.203437 0.011334 2.682886
0.723356 0.025744 0.022845 0.012441 0.000835 0.203436 0.011344 2.685387
0.723287 0.025911 0.022780 0.012443 0.000833 0.203394 0.011353 2.687824
0.723334 0.025903 0.022815 0.012422 0.000831 0.203331 0.011364 2.690356
0.723348 0.025979 0.022824 0.012436 0.000833 0.203209 0.011370 2.692896
0.723323 0.026010 0.022842 0.012478 0.000833 0.203137 0.011380 2.695436
0.723267 0.026064 0.022850 0.012501 0.000826 0.203104 0.011389 2.697980
0.723268 0.026065 0.022913 0.012498 0.000821 0.203034 0.011402 2.700524
0.723272 0.026067 0.022986 0.012495 0.000825 0.202942 0.011413 2.703095
0.723319 0.026041 0.022920 0.012549 0.000820 0.202927 0.011424 2.705634
0.723269 0.026073 0.022958 0.012586 0.000809 0.202870 0.011434 2.708182
0.723307 0.026025 0.022958 0.012623 0.000811 0.202832 0.011444 2.710759
0.723335 0.026020 0.023023 0.012623 0.000813 0.202735 0.011452 2.713307
0.723295 0.025996 0.023051 0.012631 0.000811 0.202753 0.011463 2.715907
0.723276 0.026054 0.023004 0.012599 0.000816 0.202778 0.011473 2.718415
0.723289 0.026065 0.023008 0.012583 0.000816 0.202754 0.011484 2.720967
0.723238 0.026023 0.022991 0.012649 0.000815 0.202789 0.011495 2.723559
0.723256 0.026027 0.023003 0.012658 0.000814 0.202736 0.011506 2.726135
0.723288 0.026077 0.022952 0.012610 0.000812 0.202745 0.011517 2.728638
0.723358 0.026023 0.022978 0.012575 0.000808 0.202731 0.011526 2.731157
0.723325 0.026063 0.022953 0.012538 0.000810 0.202773 0.011538 2.733679
0.723290 0.026063 0.023008 0.012538 0.000819 0.202736 0.011546 2.736252
0.723310 0.026099 0.023011 0.012510 0.000823 0.202692 0.011556 2.738766
0.723233 0.026164 0.023040 0.012493 0.000831 0.202674 0.011566 2.741290
0.723215 0.026162 0.023036 0.012568 0.000834 0.202612 0.011574 2.743881
0.723257 0.026142 0.023017 0.012579 0.000831 0.202582 0.011592 2.746444
0.723287 0.026135 0.023030 0.012576 0.000831 0.202538 0.011603 2.749004
0.723287 0.026076 0.023063 0.012640 0.000819 0.202501 0.011614 2.751609
0.723326 0.025980 0.023125 0.012678 0.000824 0.202442 0.011625 2.754237
0.723247 0.025993 0.023108 0.012721 0.000821 0.202475 0.011634 2.756800
0.723173 0.026000 0.023062 0.012724 0.000826 0.202569 0.011645 2.759357
0.723133 0.026050 0.023011 0.012739 0.000821 0.202588 0.011657 2.761876
0.723111 0.026071 0.023050 0.012710 0.000823 0.202568 0.011669 2.764419
0.723064 0.026145 0.023059 0.012691 0.000830 0.202535 0.011678 2.766955
0.723008 0.026200 0.023037 0.012659 0.000831 0.202580 0.011686 2.769480
0.722967 0.026206 0.023099 0.012676 0.000833 0.202527 0.011692 2.772068
0.722895 0.026167 0.023149 0.012673 0.000837 0.202578 0.011703 2.774668
0.722931 0.026143 0.023148 0.012699 0.000832 0.202533 0.011714 2.777255
0.722852 0.026184 0.023109 0.012736 0.000840 0.202558 0.011722 2.779796
0.722872 0.026177 0.023095 0.012722 0.000841 0.202563 0.011731 2.782348
0.722852 0.026071 0.023138 0.012715 0.000848 0.202636 0.011741 2.784974
0.722808 0.026073 0.023171 0.012687 0.000858 0.202653 0.011750 2.787551
0.722795 0.026135 0.023155 0.012660 0.000866 0.202628 0.011761 2.790064
0.722742 0.026166 0.023146 0.012687 0.000871 0.202621 0.011767 2.792629
0.722729 0.026161 0.023179 0.012667 0.000876 0.202615 0.011773 2.795183
0.722720 0.026134 0.023192 0.012727 0.000871 0.202573 0.011784 2.797784
0.722692 0.026129 0.023193 0.012698 0.000875 0.202620 0.011794 2.800347
0.722704 0.026104 0.023226 0.012704 0.000885 0.202577 0.011801 2.802947
0.722651 0.026103 0.023215 0.012701 0.000885 0.202636 0.011810 2.805498
0.722597 0.026120 0.023216 0.012720 0.000887 0.202639 0.011820 2.808046
0.722497 0.026071 0.023226 0.012684 0.000892 0.202801 0.011829 2.810686
0.722488 0.026049 0.023266 0.012652 0.000891 0.202812 0.011843 2.813249
0.722395 0.026064 0.023191 0.012657 0.000893 0.202947 0.011853 2.815804
0.722426 0.026075 0.023174 0.012654 0.000886 0.202924 0.011863 2.818344
0.722460 0.026025 0.023296 0.012640 0.000891 0.202815 0.011873 2.820947
0.722415 0.025970 0.023283 0.012619 0.000901 0.202928 0.011884 2.823516
0.722492 0.025927 0.023253 0.012580 0.000906 0.202953 0.011889 2.826020
0.722469 0.025977 0.023220 0.012590 0.000903 0.202941 0.011899 2.828502
0.722493 0.025939 0.023141 0.012603 0.000905 0.203009 0.011911 2.831032
0.722468 0.025909 0.023160 0.012605 0.000905 0.203031 0.011921 2.833594
0.722475 0.025872 0.023187 0.012567 0.000900 0.203068 0.011931 2.836163
0.722461 0.025841 0.023224 0.012564 0.000898 0.203070 0.011942 2.838760
0.722518 0.025777 0.023250 0.012621 0.000900 0.202984 0.011951 2.841353
0.722434 0.025848 0.023234 0.012576 0.000896 0.203051 0.011961 2.843855
0.722481 0.025736 0.023297 0.012536 0.000890 0.203091 0.011968 2.846451
0.722422 0.025760 0.023325 0.012542 0.000886 0.203086 0.011978 2.849016
0.722461 0.025741 0.023338 0.012516 0.000900 0.203058 0.011987 2.851557
0.722430 0.025681 0.023251 0.012545 0.000900 0.203195 0.011999 2.854122
0.722536 0.025664 0.023209 0.012484 0.000892 0.203203 0.012012 2.856585
0.722522 0.025663 0.023216 0.012470 0.000891 0.203218 0.012021 2.859123
0.722602 0.025683 0.023159 0.012437 0.000887 0.203200 0.012031 2.861600
0.722625 0.025678 0.023147 0.012437 0.000887 0.203186 0.012039 2.864155
0.722652 0.025651 0.023167 0.012473 0.000882 0.203123 0.012051 2.866702
0.722668 0.025639 0.023126 0.012502 0.000893 0.203111 0.012060 2.869240
0.722665 0.025636 0.023097 0.012488 0.000876 0.203166 0.012073 2.871759
0.722697 0.025698 0.023054 0.012444 0.000885 0.203140 0.012085 2.874248
0.722763 0.025720 0.023066 0.012425 0.000884 0.203044 0.012099 2.876778
0.722807 0.025747 0.022988 0.012405 0.000879 0.203065 0.012110 2.879239
0.722752 0.025767 0.022948 0.012399 0.000872 0.203141 0.012122 2.881774
0.722818 0.025749 0.022961 0.012403 0.000867 0.203069 0.012133 2.884282
0.722904 0.025677 0.022952 0.012430 0.000861 0.203037 0.012139 2.886831
0.722916 0.025713 0.022935 0.012398 0.000857 0.203031 0.012152 2.889351
0.722912 0.025714 0.022916 0.012437 0.000852 0.203007 0.012162 2.891891
0.722929 0.025658 0.022915 0.012476 0.000850 0.203001 0.012172 2.894436
0.722898 0.025633 0.022930 0.012518 0.000852 0.202985 0.012182 2.896998
0.722920 0.025661 0.022968 0.012547 0.000847 0.202864 0.012193 2.899513
0.722924 0.025708 0.022880 0.012511 0.000837 0.202935 0.012205 2.901996
0.722882 0.025787 0.022821 0.012469 0.000846 0.202985 0.012211 2.904461
0.722878 0.025791 0.022769 0.012435 0.000855 0.203054 0.012219 2.906983
0.722921 0.025847 0.022645 0.012435 0.000859 0.203066 0.012227 2.909443
0.722836 0.025841 0.022701 0.012477 0.000863 0.203042 0.012240 2.912026
0.722863 0.025888 0.022707 0.012455 0.000858 0.202982 0.012249 2.914518
0.722807 0.025856 0.022749 0.012451 0.000848 0.203026 0.012263 2.917095
0.722806 0.025852 0.022730 0.012483 0.000850 0.203006 0.012274 2.919631
0.722788 0.025889 0.022730 0.012431 0.000847 0.203028 0.012287 2.922124
0.722814 0.025958 0.022710 0.012462 0.000837 0.202922 0.012299 2.924648
0.722842 0.025917 0.022793 0.012464 0.000836 0.202840 0.012307 2.927213
0.722844 0.025961 0.022814 0.012472 0.000836 0.202761 0.012313 2.929741
0.722840 0.026028 0.022847 0.012441 0.000837 0.202686 0.012322 2.932259
0.722799 0.026091 0.022816 0.012441 0.000836 0.202682 0.012335 2.934771
0.722833 0.026028 0.022893 0.012457 0.000832 0.202610 0.012349 2.937381
0.722774 0.026120 0.022937 0.012428 0.000832 0.202552 0.012357 2.939875
0.722788 0.026031 0.022959 0.012429 0.000828 0.202596 0.012369 2.942453
0.722797 0.026027 0.023008 0.012419 0.000830 0.202540 0.012380 2.945029
0.722780 0.025992 0.023006 0.012436 0.000829 0.202569 0.012389 2.947561
0.722827 0.025940 0.023011 0.012459 0.000829 0.202534 0.012400 2.950122
0.722761 0.025867 0.023057 0.012474 0.000827 0.202600 0.012416 2.952739
0.722723 0.025847 0.023020 0.012556 0.000832 0.202598 0.012423 2.955307
0.722798 0.025720 0.023027 0.012617 0.000836 0.202569 0.012434 2.957885
0.722762 0.025678 0.023094 0.012615 0.000835 0.202570 0.012445 2.960454
0.722732 0.025683 0.023062 0.012585 0.000827 0.202659 0.012453 2.962976
0.722853 0.025678 0.022991 0.012508 0.000825 0.202681 0.012465 2.965452
0.722861 0.025703 0.022974 0.012470 0.000825 0.202691 0.012477 2.967978
0.722841 0.025737 0.022914 0.012475 0.000825 0.202721 0.012489 2.970483
0.722928 0.025725 0.022866 0.012490 0.000832 0.202662 0.012497 2.972946
0.722943 0.025726 0.022864 0.012480 0.000840 0.202636 0.012511 2.975468
0.722935 0.025680 0.022889 0.012489 0.000848 0.202636 0.012521 2.978004
0.722921 0.025685 0.022915 0.012519 0.000848 0.202581 0.012531 2.980547
0.722964 0.025726 0.022943 0.012519 0.000844 0.202465 0.012539 2.983066
