0.329395 0.063856 0.057085 0.032917 0.002160 0.508346 0.006240 1.662853
0.331577 0.061991 0.056891 0.032774 0.002160 0.508341 0.006267 1.668999
0.334224 0.059801 0.056602 0.032501 0.002174 0.508399 0.006299 1.674863
0.337303 0.057330 0.056251 0.032234 0.002183 0.508377 0.006322 1.680599
0.340736 0.054837 0.055830 0.031808 0.002171 0.508266 0.006352 1.686075
0.344249 0.052474 0.055062 0.031425 0.002170 0.508245 0.006375 1.691254
0.347977 0.050121 0.054350 0.031032 0.002154 0.507958 0.006409 1.696262
0.351878 0.047871 0.053628 0.030520 0.002157 0.507509 0.006438 1.701047
0.355806 0.045740 0.052790 0.029972 0.002151 0.507085 0.006456 1.705611
0.359943 0.043655 0.051895 0.029389 0.002148 0.506486 0.006485 1.709954
0.364080 0.041726 0.050887 0.028739 0.002136 0.505919 0.006513 1.714080
0.368383 0.039792 0.049904 0.028049 0.002132 0.505200 0.006542 1.718083
0.372668 0.037931 0.048853 0.027489 0.002129 0.504367 0.006564 1.721942
0.377075 0.036226 0.047800 0.026804 0.002115 0.503387 0.006593 1.725591
0.381434 0.034688 0.046652 0.026102 0.002109 0.502400 0.006615 1.729032
0.385983 0.033125 0.045513 0.025469 0.002094 0.501173 0.006643 1.732400
0.390550 0.031750 0.044286 0.024823 0.002087 0.499837 0.006667 1.735529
0.395258 0.030383 0.043120 0.024174 0.002055 0.498322 0.006688 1.738547
0.399810 0.029056 0.042048 0.023546 0.002037 0.496789 0.006716 1.741523
0.404316 0.027932 0.040856 0.022860 0.002025 0.495267 0.006744 1.744231
0.408940 0.026780 0.039692 0.022216 0.002007 0.493598 0.006767 1.746913
0.413545 0.025764 0.038512 0.021456 0.001985 0.491945 0.006793 1.749437
0.418262 0.024683 0.037362 0.020847 0.001960 0.490062 0.006824 1.751896
0.423016 0.023693 0.036319 0.020173 0.001942 0.488007 0.006850 1.754284
0.427758 0.022708 0.035318 0.019513 0.001907 0.485921 0.006875 1.756593
0.432441 0.021811 0.034284 0.018882 0.001883 0.483803 0.006896 1.758825
0.437099 0.021038 0.033218 0.018297 0.001853 0.481571 0.006925 1.760926
0.441882 0.020245 0.032136 0.017777 0.001831 0.479186 0.006944 1.762976
0.446600 0.019555 0.031142 0.017269 0.001798 0.476665 0.006971 1.764915
0.451358 0.018927 0.030141 0.016638 0.001784 0.474158 0.006993 1.766776
0.456029 0.018330 0.029196 0.016101 0.001762 0.471565 0.007017 1.768548
0.460706 0.017720 0.028221 0.015588 0.001743 0.468975 0.007046 1.770311
0.465364 0.017155 0.027299 0.015113 0.001711 0.466293 0.007065 1.772012
0.470212 0.016558 0.026409 0.014601 0.001687 0.463446 0.007086 1.773665
0.474880 0.016059 0.025581 0.014115 0.001660 0.460599 0.007105 1.775272
0.479543 0.015574 0.024834 0.013691 0.001630 0.457600 0.007128 1.776818
0.484149 0.015111 0.024015 0.013339 0.001602 0.454631 0.007152 1.778309
0.488778 0.014716 0.023285 0.012952 0.001573 0.451527 0.007169 1.779761
0.493332 0.014365 0.022593 0.012525 0.001537 0.448457 0.007192 1.781139
0.497896 0.013940 0.021916 0.012106 0.001509 0.445422 0.007210 1.782568
0.502549 0.013518 0.021178 0.011731 0.001480 0.442316 0.007228 1.783925
0.507182 0.013102 0.020556 0.011358 0.001435 0.439115 0.007253 1.785278
0.511724 0.012763 0.019927 0.011034 0.001415 0.435870 0.007268 1.786587
0.516210 0.012434 0.019325 0.010724 0.001387 0.432635 0.007285 1.787851
0.520679 0.012122 0.018788 0.010389 0.001362 0.429363 0.007297 1.789077
0.525099 0.011852 0.018235 0.010035 0.001355 0.426108 0.007314 1.790234
0.529602 0.011615 0.017714 0.009726 0.001322 0.422683 0.007337 1.791361
0.533934 0.011387 0.017222 0.009409 0.001289 0.419402 0.007357 1.792467
0.538252 0.011120 0.016765 0.009119 0.001263 0.416106 0.007376 1.793600
0.542652 0.010831 0.016291 0.008856 0.001237 0.412740 0.007393 1.794715
0.546845 0.010585 0.015821 0.008607 0.001213 0.409519 0.007410 1.795777
0.551129 0.010370 0.015387 0.008348 0.001186 0.406152 0.007429 1.796816
0.555320 0.010197 0.014982 0.008077 0.001155 0.402822 0.007447 1.797811
0.559587 0.010009 0.014596 0.007865 0.001144 0.399342 0.007458 1.798810
0.563693 0.009846 0.014200 0.007651 0.001123 0.396018 0.007470 1.799778
0.567764 0.009717 0.013810 0.007444 0.001099 0.392681 0.007486 1.800725
0.571993 0.009534 0.013433 0.007264 0.001084 0.389194 0.007498 1.801667
0.576052 0.009427 0.013041 0.007094 0.001063 0.385810 0.007515 1.802567
0.580087 0.009278 0.012750 0.006948 0.001038 0.382374 0.007526 1.803484
0.584160 0.009113 0.012468 0.006802 0.001005 0.378909 0.007543 1.804436
0.588052 0.008991 0.012177 0.006649 0.000990 0.375585 0.007555 1.805351
0.591956 0.008860 0.011932 0.006466 0.000974 0.372244 0.007569 1.806237
0.595736 0.008763 0.011664 0.006286 0.000955 0.369013 0.007584 1.807109
0.599639 0.008663 0.011375 0.006115 0.000942 0.365671 0.007595 1.807943
0.603488 0.008557 0.011132 0.005971 0.000915 0.362326 0.007609 1.808786
0.607248 0.008423 0.010935 0.005853 0.000899 0.359025 0.007617 1.809649
0.610998 0.008315 0.010708 0.005711 0.000890 0.355756 0.007624 1.810470
0.614694 0.008248 0.010520 0.005614 0.000865 0.352423 0.007637 1.811306
0.618325 0.008189 0.010330 0.005477 0.000848 0.349181 0.007648 1.812113
0.621951 0.008109 0.010091 0.005378 0.000823 0.345981 0.007665 1.812915
0.625577 0.008017 0.009885 0.005267 0.000801 0.342779 0.007674 1.813696
0.629108 0.007904 0.009683 0.005159 0.000789 0.339675 0.007683 1.814498
0.632671 0.007793 0.009519 0.005073 0.000774 0.336480 0.007690 1.815299
0.636196 0.007727 0.009340 0.004970 0.000762 0.333301 0.007704 1.816046
0.639653 0.007635 0.009199 0.004889 0.000746 0.330162 0.007714 1.816817
0.643063 0.007636 0.009057 0.004803 0.000732 0.326984 0.007725 1.817574
0.646411 0.007517 0.008899 0.004757 0.000718 0.323958 0.007740 1.818355
0.649732 0.007505 0.008713 0.004706 0.000713 0.320887 0.007745 1.819073
0.653050 0.007476 0.008571 0.004612 0.000696 0.317839 0.007756 1.819796
0.656335 0.007444 0.008461 0.004533 0.000677 0.314786 0.007765 1.820515
0.659594 0.007387 0.008344 0.004465 0.000668 0.311771 0.007771 1.821261
0.662740 0.007305 0.008226 0.004391 0.000654 0.308905 0.007780 1.821972
0.665891 0.007292 0.008069 0.004330 0.000641 0.305989 0.007787 1.822653
0.669017 0.007219 0.007942 0.004288 0.000627 0.303110 0.007797 1.823380
0.672119 0.007207 0.007853 0.004195 0.000611 0.300206 0.007807 1.824068
0.675135 0.007164 0.007751 0.004164 0.000601 0.297371 0.007814 1.824776
0.678081 0.007163 0.007659 0.004105 0.000593 0.294580 0.007820 1.825449
0.681063 0.007179 0.007539 0.004036 0.000580 0.291774 0.007827 1.826118
0.683980 0.007152 0.007470 0.003994 0.000563 0.289009 0.007833 1.826825
0.686916 0.007129 0.007367 0.003931 0.000550 0.286260 0.007845 1.827487
0.689860 0.007097 0.007313 0.003895 0.000539 0.283446 0.007851 1.828208
0.692742 0.007090 0.007230 0.003878 0.000527 0.280673 0.007861 1.828899
0.695638 0.007044 0.007133 0.003836 0.000517 0.277961 0.007870 1.829603
0.698478 0.006998 0.007079 0.003808 0.000509 0.275251 0.007878 1.830323
0.701178 0.006966 0.007066 0.003775 0.000507 0.272626 0.007884 1.831017
0.703919 0.006964 0.007014 0.003788 0.000495 0.269932 0.007889 1.831714
0.706622 0.006954 0.006950 0.003750 0.000479 0.267346 0.007899 1.832393
0.709234 0.006959 0.006899 0.003711 0.000462 0.264827 0.007907 1.833051
0.711850 0.006963 0.006863 0.003683 0.000455 0.262273 0.007912 1.833711
0.714401 0.006971 0.006808 0.003676 0.000443 0.259780 0.007920 1.834395
0.716925 0.007000 0.006766 0.003646 0.000431 0.257305 0.007927 1.835062
0.719394 0.007002 0.006719 0.003631 0.000423 0.254897 0.007935 1.835749
0.721872 0.007012 0.006687 0.003631 0.000416 0.252443 0.007940 1.836437
0.724216 0.007044 0.006674 0.003582 0.000412 0.250126 0.007946 1.837129
0.726565 0.007081 0.006653 0.003562 0.000407 0.247782 0.007950 1.837830
0.728851 0.007122 0.006660 0.003522 0.000404 0.245487 0.007955 1.838523
0.731188 0.007139 0.006638 0.003507 0.000401 0.243170 0.007958 1.839223
0.733513 0.007176 0.006602 0.003505 0.000399 0.240846 0.007960 1.839922
0.735724 0.007222 0.006583 0.003495 0.000391 0.238621 0.007964 1.840595
0.737962 0.007269 0.006546 0.003504 0.000383 0.236367 0.007969 1.841288
0.740153 0.007284 0.006557 0.003473 0.000382 0.234178 0.007973 1.841995
0.742315 0.007329 0.006586 0.003443 0.000379 0.231972 0.007977 1.842686
0.744393 0.007390 0.006580 0.003443 0.000370 0.229843 0.007981 1.843387
0.746461 0.007440 0.006594 0.003443 0.000368 0.227707 0.007988 1.844108
0.748567 0.007459 0.006576 0.003442 0.000364 0.225601 0.007992 1.844826
0.750579 0.007480 0.006588 0.003495 0.000351 0.223508 0.008000 1.845576
0.752555 0.007498 0.006634 0.003515 0.000346 0.221446 0.008008 1.846323
0.754520 0.007553 0.006633 0.003537 0.000341 0.219405 0.008012 1.847040
0.756420 0.007626 0.006638 0.003550 0.000336 0.217416 0.008015 1.847768
0.758384 0.007623 0.006650 0.003551 0.000332 0.215441 0.008019 1.848530
0.760274 0.007655 0.006685 0.003569 0.000333 0.213463 0.008022 1.849279
0.762171 0.007699 0.006698 0.003576 0.000326 0.211506 0.008026 1.850013
0.764032 0.007734 0.006696 0.003560 0.000324 0.209626 0.008029 1.850760
0.765818 0.007775 0.006730 0.003568 0.000324 0.207754 0.008032 1.851538
0.767515 0.007846 0.006732 0.003575 0.000322 0.205974 0.008037 1.852297
0.769313 0.007875 0.006780 0.003568 0.000320 0.204103 0.008040 1.853070
0.771019 0.007972 0.006787 0.003566 0.000318 0.202297 0.008041 1.853820
0.772646 0.008046 0.006870 0.003562 0.000310 0.200520 0.008046 1.854619
0.774254 0.008141 0.006898 0.003569 0.000305 0.198784 0.008050 1.855376
0.775863 0.008190 0.006936 0.003579 0.000306 0.197069 0.008057 1.856186
0.777513 0.008270 0.006989 0.003578 0.000305 0.195285 0.008059 1.856971
0.779077 0.008327 0.007026 0.003613 0.000301 0.193591 0.008065 1.857808
0.780586 0.008433 0.007068 0.003652 0.000294 0.191898 0.008069 1.858595
0.782073 0.008547 0.007095 0.003673 0.000296 0.190244 0.008071 1.859395
0.783580 0.008625 0.007094 0.003706 0.000295 0.188625 0.008074 1.860204
0.785024 0.008674 0.007141 0.003756 0.000293 0.187033 0.008079 1.861077
0.786430 0.008772 0.007170 0.003780 0.000296 0.185471 0.008082 1.861907
0.787867 0.008775 0.007243 0.003809 0.000292 0.183927 0.008087 1.862776
0.789200 0.008862 0.007281 0.003843 0.000292 0.182432 0.008090 1.863624
0.790531 0.008955 0.007297 0.003840 0.000290 0.180993 0.008094 1.864472
0.791817 0.009004 0.007366 0.003880 0.000286 0.179548 0.008098 1.865357
0.793156 0.009048 0.007403 0.003902 0.000284 0.178104 0.008103 1.866236
0.794348 0.009126 0.007465 0.003929 0.000283 0.176742 0.008107 1.867117
0.795522 0.009228 0.007482 0.003982 0.000279 0.175395 0.008111 1.868008
0.796675 0.009369 0.007547 0.004014 0.000279 0.174002 0.008115 1.868895
0.797821 0.009446 0.007590 0.004074 0.000284 0.172666 0.008118 1.869836
0.798921 0.009538 0.007635 0.004102 0.000283 0.171397 0.008123 1.870757
0.800052 0.009579 0.007735 0.004138 0.000281 0.170088 0.008126 1.871715
0.801104 0.009673 0.007799 0.004177 0.000279 0.168838 0.008131 1.872661
0.802174 0.009790 0.007823 0.004215 0.000277 0.167584 0.008137 1.873602
0.803191 0.009888 0.007898 0.004248 0.000274 0.166358 0.008142 1.874556
0.804195 0.009958 0.007968 0.004309 0.000274 0.165147 0.008147 1.875542
0.805118 0.010058 0.008034 0.004340 0.000272 0.164025 0.008153 1.876526
0.806045 0.010148 0.008090 0.004383 0.000271 0.162907 0.008157 1.877523
0.807021 0.010255 0.008161 0.004430 0.000264 0.161708 0.008162 1.878523
0.807922 0.010353 0.008239 0.004471 0.000265 0.160585 0.008165 1.879550
0.808878 0.010418 0.008303 0.004518 0.000267 0.159450 0.008168 1.880546
0.809615 0.010568 0.008370 0.004560 0.000267 0.158451 0.008171 1.881557
0.810483 0.010674 0.008449 0.004569 0.000266 0.157382 0.008177 1.882589
0.811337 0.010767 0.008524 0.004646 0.000263 0.156280 0.008183 1.883662
0.812115 0.010859 0.008641 0.004674 0.000267 0.155256 0.008187 1.884732
0.812864 0.010991 0.008708 0.004744 0.000271 0.154233 0.008190 1.885797
0.813503 0.011127 0.008791 0.004792 0.000275 0.153321 0.008192 1.886884
0.814191 0.011278 0.008876 0.004815 0.000278 0.152369 0.008194 1.887951
0.814820 0.011374 0.008953 0.004857 0.000282 0.151519 0.008196 1.889087
0.815474 0.011544 0.009018 0.004901 0.000279 0.150585 0.008200 1.890167
0.816199 0.011587 0.009098 0.004937 0.000277 0.149694 0.008208 1.891297
0.816795 0.011662 0.009237 0.004996 0.000278 0.148822 0.008211 1.892478
0.817442 0.011801 0.009321 0.004997 0.000282 0.147942 0.008215 1.893588
0.817959 0.011971 0.009418 0.005015 0.000291 0.147129 0.008218 1.894744
0.818508 0.012129 0.009494 0.005026 0.000298 0.146323 0.008223 1.895887
0.819013 0.012251 0.009611 0.005074 0.000298 0.145525 0.008229 1.897095
0.819499 0.012395 0.009679 0.005156 0.000301 0.144738 0.008233 1.898292
0.819951 0.012552 0.009758 0.005218 0.000305 0.143980 0.008236 1.899495
0.820340 0.012705 0.009892 0.005250 0.000308 0.143267 0.008239 1.900715
0.820676 0.012873 0.009997 0.005322 0.000312 0.142579 0.008242 1.901984
0.820984 0.013064 0.010076 0.005377 0.000308 0.141944 0.008247 1.903247
0.821370 0.013193 0.010194 0.005447 0.000314 0.141232 0.008250 1.904536
0.821661 0.013312 0.010326 0.005518 0.000320 0.140609 0.008254 1.905857
0.821940 0.013431 0.010398 0.005588 0.000330 0.140058 0.008257 1.907176
0.822264 0.013577 0.010512 0.005633 0.000324 0.139430 0.008262 1.908500
0.822517 0.013750 0.010614 0.005704 0.000325 0.138825 0.008266 1.909805
0.822741 0.013887 0.010699 0.005791 0.000328 0.138284 0.008270 1.911161
0.823017 0.014017 0.010803 0.005841 0.000328 0.137715 0.008279 1.912539
0.823292 0.014117 0.010931 0.005922 0.000329 0.137125 0.008284 1.913922
0.823437 0.014280 0.011074 0.005983 0.000330 0.136607 0.008290 1.915325
0.823544 0.014490 0.011190 0.006051 0.000333 0.136100 0.008293 1.916704
0.823672 0.014643 0.011325 0.006115 0.000330 0.135618 0.008298 1.918120
0.823776 0.014769 0.011519 0.006181 0.000331 0.135119 0.008305 1.919580
0.823809 0.014937 0.011638 0.006234 0.000334 0.134739 0.008311 1.921058
0.823920 0.015045 0.011747 0.006319 0.000336 0.134318 0.008315 1.922524
0.823961 0.015195 0.011856 0.006371 0.000342 0.133954 0.008322 1.924022
0.823993 0.015368 0.011968 0.006408 0.000344 0.133594 0.008327 1.925499
0.823999 0.015482 0.012122 0.006488 0.000346 0.133236 0.008329 1.927029
0.824036 0.015602 0.012260 0.006535 0.000346 0.132889 0.008333 1.928556
0.824066 0.015724 0.012365 0.006608 0.000351 0.132551 0.008337 1.930101
0.824055 0.015846 0.012452 0.006686 0.000356 0.132263 0.008342 1.931649
0.823989 0.015968 0.012587 0.006776 0.000363 0.131970 0.008348 1.933235
0.823938 0.016065 0.012737 0.006837 0.000368 0.131702 0.008354 1.934861
0.823863 0.016241 0.012836 0.006877 0.000372 0.131454 0.008357 1.936413
0.823695 0.016386 0.012974 0.006964 0.000381 0.131239 0.008363 1.938053
0.823566 0.016533 0.013113 0.007032 0.000380 0.131005 0.008371 1.939654
0.823372 0.016732 0.013222 0.007110 0.000382 0.130806 0.008376 1.941263
0.823261 0.016836 0.013388 0.007185 0.000387 0.130563 0.008381 1.942927
0.823110 0.016974 0.013492 0.007227 0.000392 0.130420 0.008387 1.944582
0.822910 0.017052 0.013629 0.007272 0.000392 0.130354 0.008391 1.946274
0.822621 0.017242 0.013770 0.007331 0.000404 0.130238 0.008394 1.947962
0.822409 0.017345 0.013911 0.007402 0.000401 0.130132 0.008400 1.949681
0.822187 0.017473 0.014016 0.007445 0.000401 0.130072 0.008407 1.951388
0.822063 0.017580 0.014134 0.007500 0.000412 0.129901 0.008411 1.953093
0.821874 0.017704 0.014288 0.007535 0.000419 0.129765 0.008415 1.954806
0.821598 0.017835 0.014368 0.007611 0.000419 0.129747 0.008422 1.956548
0.821341 0.017984 0.014506 0.007684 0.000426 0.129633 0.008427 1.958307
0.821063 0.018103 0.014645 0.007717 0.000436 0.129606 0.008430 1.960055
0.820794 0.018200 0.014768 0.007764 0.000431 0.129606 0.008437 1.961845
0.820528 0.018316 0.014880 0.007823 0.000437 0.129576 0.008440 1.963651
0.820200 0.018436 0.014976 0.007908 0.000447 0.129588 0.008446 1.965455
0.819802 0.018603 0.015093 0.007981 0.000446 0.129624 0.008451 1.967280
0.819498 0.018657 0.015204 0.008037 0.000460 0.129690 0.008454 1.969103
0.819184 0.018741 0.015328 0.008118 0.000463 0.129705 0.008461 1.970965
0.818923 0.018846 0.015350 0.008183 0.000471 0.129763 0.008464 1.972754
0.818641 0.018898 0.015496 0.008228 0.000478 0.129790 0.008469 1.974611
0.818278 0.019012 0.015616 0.008288 0.000483 0.129847 0.008476 1.976477
0.817971 0.019039 0.015709 0.008364 0.000488 0.129945 0.008484 1.978376
0.817688 0.019051 0.015832 0.008396 0.000493 0.130053 0.008489 1.980272
0.817396 0.019154 0.015886 0.008485 0.000497 0.130090 0.008493 1.982146
0.817025 0.019247 0.015974 0.008557 0.000505 0.130195 0.008497 1.984046
0.816666 0.019355 0.016071 0.008605 0.000506 0.130294 0.008504 1.985928
0.816222 0.019483 0.016122 0.008681 0.000509 0.130478 0.008507 1.987832
0.815884 0.019533 0.016250 0.008715 0.000514 0.130590 0.008513 1.989739
0.815561 0.019604 0.016322 0.008745 0.000523 0.130727 0.008519 1.991633
0.815166 0.019731 0.016407 0.008810 0.000528 0.130835 0.008523 1.993523
0.814854 0.019782 0.016493 0.008875 0.000535 0.130932 0.008529 1.995480
0.814471 0.019926 0.016592 0.008858 0.000536 0.131082 0.008535 1.997381
0.814075 0.019965 0.016743 0.008931 0.000532 0.131209 0.008545 1.999359
0.813605 0.020035 0.016789 0.009002 0.000539 0.131476 0.008552 2.001362
0.813208 0.020087 0.016883 0.009014 0.000544 0.131705 0.008558 2.003355
0.812759 0.020160 0.016969 0.009051 0.000540 0.131954 0.008566 2.005324
0.812400 0.020226 0.017045 0.009140 0.000545 0.132073 0.008573 2.007302
0.812103 0.020166 0.017168 0.009194 0.000542 0.132248 0.008580 2.009320
0.811681 0.020215 0.017206 0.009234 0.000547 0.132530 0.008587 2.011317
0.811306 0.020271 0.017296 0.009228 0.000537 0.132765 0.008596 2.013277
0.810944 0.020306 0.017332 0.009294 0.000540 0.132983 0.008601 2.015294
0.810576 0.020413 0.017376 0.009315 0.000540 0.133167 0.008613 2.017237
0.810149 0.020473 0.017443 0.009296 0.000541 0.133478 0.008622 2.019215
0.809747 0.020519 0.017487 0.009338 0.000549 0.133731 0.008629 2.021220
0.809375 0.020527 0.017566 0.009370 0.000556 0.133970 0.008635 2.023252
0.809017 0.020543 0.017631 0.009392 0.000564 0.134211 0.008642 2.025293
0.808611 0.020594 0.017671 0.009460 0.000570 0.134443 0.008650 2.027328
0.808258 0.020646 0.017692 0.009488 0.000579 0.134680 0.008657 2.029313
0.807905 0.020679 0.017804 0.009525 0.000568 0.134856 0.008663 2.031312
0.807597 0.020641 0.017848 0.009510 0.000573 0.135161 0.008671 2.033351
0.807269 0.020667 0.017951 0.009523 0.000587 0.135326 0.008677 2.035414
0.806899 0.020739 0.017980 0.009561 0.000594 0.135541 0.008687 2.037435
0.806524 0.020665 0.018085 0.009613 0.000591 0.135821 0.008700 2.039592
0.806170 0.020712 0.018049 0.009674 0.000593 0.136098 0.008705 2.041594
0.805738 0.020809 0.018078 0.009719 0.000591 0.136353 0.008712 2.043633
0.805415 0.020768 0.018077 0.009737 0.000597 0.136689 0.008718 2.045726
0.805066 0.020772 0.018117 0.009709 0.000601 0.137011 0.008725 2.047734
0.804661 0.020825 0.018117 0.009766 0.000600 0.137296 0.008736 2.049790
0.804268 0.020849 0.018127 0.009779 0.000602 0.137630 0.008743 2.051828
0.803952 0.020794 0.018149 0.009811 0.000608 0.137937 0.008750 2.053919
0.803649 0.020795 0.018262 0.009823 0.000616 0.138102 0.008754 2.055957
0.803314 0.020771 0.018288 0.009824 0.000621 0.138424 0.008760 2.058007
0.802961 0.020834 0.018252 0.009843 0.000626 0.138718 0.008766 2.060003
0.802640 0.020840 0.018268 0.009838 0.000629 0.139013 0.008774 2.062022
0.802300 0.020822 0.018213 0.009843 0.000631 0.139409 0.008782 2.064053
0.801951 0.020839 0.018270 0.009801 0.000641 0.139714 0.008786 2.066116
0.801667 0.020783 0.018327 0.009801 0.000652 0.139980 0.008791 2.068175
0.801434 0.020756 0.018330 0.009811 0.000658 0.140213 0.008798 2.070198
0.801111 0.020781 0.018360 0.009864 0.000658 0.140416 0.008809 2.072245
0.800823 0.020794 0.018312 0.009868 0.000656 0.140730 0.008815 2.074287
0.800594 0.020758 0.018331 0.009846 0.000658 0.140991 0.008823 2.076304
0.800314 0.020818 0.018260 0.009860 0.000673 0.141246 0.008830 2.078285
0.800105 0.020788 0.018291 0.009923 0.000671 0.141384 0.008839 2.080317
0.799933 0.020740 0.018269 0.009923 0.000672 0.141615 0.008849 2.082327
0.799755 0.020719 0.018256 0.009918 0.000671 0.141824 0.008858 2.084324
0.799559 0.020756 0.018231 0.009885 0.000666 0.142037 0.008867 2.086280
0.799325 0.020731 0.018245 0.009943 0.000661 0.142222 0.008874 2.088328
0.799141 0.020632 0.018309 0.009927 0.000669 0.142440 0.008883 2.090411
0.798822 0.020708 0.018303 0.009902 0.000673 0.142702 0.008891 2.092387
0.798612 0.020632 0.018327 0.009888 0.000667 0.142976 0.008898 2.094407
0.798451 0.020607 0.018316 0.009889 0.000674 0.143159 0.008905 2.096436
0.798186 0.020593 0.018327 0.009876 0.000675 0.143432 0.008912 2.098457
0.797921 0.020555 0.018360 0.009924 0.000671 0.143650 0.008920 2.100525
0.797692 0.020503 0.018423 0.009873 0.000665 0.143912 0.008930 2.102550
0.797460 0.020562 0.018392 0.009877 0.000665 0.144106 0.008938 2.104543
0.797274 0.020521 0.018431 0.009878 0.000660 0.144290 0.008946 2.106562
0.797112 0.020434 0.018394 0.009858 0.000662 0.144584 0.008956 2.108573
0.796987 0.020320 0.018428 0.009867 0.000654 0.144777 0.008967 2.110636
0.796816 0.020270 0.018416 0.009842 0.000656 0.145021 0.008979 2.112614
0.796638 0.020259 0.018413 0.009841 0.000657 0.145204 0.008989 2.114590
0.796535 0.020196 0.018382 0.009814 0.000668 0.145408 0.008996 2.116571
0.796487 0.020086 0.018370 0.009804 0.000669 0.145577 0.009008 2.118562
0.796393 0.020012 0.018395 0.009748 0.000672 0.145763 0.009017 2.120535
0.796261 0.019982 0.018375 0.009717 0.000672 0.145965 0.009028 2.122513
0.796062 0.019993 0.018369 0.009705 0.000664 0.146170 0.009037 2.124490
0.795965 0.019999 0.018272 0.009674 0.000671 0.146374 0.009045 2.126412
0.795867 0.019974 0.018221 0.009615 0.000683 0.146590 0.009051 2.128351
0.795753 0.019936 0.018222 0.009617 0.000694 0.146721 0.009058 2.130354
0.795646 0.019878 0.018246 0.009575 0.000688 0.146896 0.009071 2.132324
0.795516 0.019847 0.018166 0.009598 0.000684 0.147110 0.009079 2.134281
0.795468 0.019724 0.018130 0.009580 0.000675 0.147336 0.009087 2.136251
0.795361 0.019698 0.018091 0.009605 0.000671 0.147478 0.009097 2.138169
0.795343 0.019694 0.017979 0.009606 0.000668 0.147607 0.009104 2.140062
0.795343 0.019642 0.017938 0.009561 0.000667 0.147736 0.009111 2.141990
0.795373 0.019522 0.017929 0.009510 0.000662 0.147884 0.009119 2.143941
0.795310 0.019510 0.017916 0.009468 0.000663 0.148005 0.009127 2.145844
0.795317 0.019464 0.017886 0.009455 0.000668 0.148069 0.009141 2.147750
0.795273 0.019340 0.017965 0.009427 0.000666 0.148177 0.009152 2.149710
0.795200 0.019319 0.017928 0.009434 0.000665 0.148291 0.009163 2.151611
0.795244 0.019286 0.017845 0.009441 0.000665 0.148347 0.009172 2.153507
0.795197 0.019211 0.017863 0.009407 0.000670 0.148472 0.009178 2.155479
0.795199 0.019160 0.017805 0.009428 0.000666 0.148553 0.009188 2.157341
0.795140 0.019188 0.017736 0.009388 0.000672 0.148681 0.009196 2.159185
0.795104 0.019166 0.017707 0.009368 0.000673 0.148777 0.009204 2.161064
0.795150 0.019135 0.017673 0.009322 0.000673 0.148834 0.009213 2.162899
0.795190 0.019051 0.017636 0.009347 0.000670 0.148884 0.009221 2.164838
0.795273 0.018954 0.017634 0.009324 0.000677 0.148908 0.009231 2.166720
0.795327 0.018842 0.017663 0.009275 0.000669 0.148980 0.009243 2.168598
0.795358 0.018767 0.017589 0.009253 0.000666 0.149118 0.009250 2.170475
0.795318 0.018831 0.017558 0.009238 0.000659 0.149136 0.009260 2.172286
0.795379 0.018793 0.017485 0.009214 0.000655 0.149207 0.009266 2.174116
0.795429 0.018682 0.017467 0.009203 0.000657 0.149289 0.009273 2.176026
0.795491 0.018635 0.017406 0.009232 0.000657 0.149299 0.009280 2.177862
0.795563 0.018633 0.017352 0.009190 0.000652 0.149321 0.009289 2.179705
0.795648 0.018564 0.017294 0.009204 0.000646 0.149346 0.009297 2.181535
0.795719 0.018540 0.017269 0.009185 0.000648 0.149336 0.009302 2.183328
0.795797 0.018502 0.017236 0.009182 0.000646 0.149327 0.009309 2.185153
0.795837 0.018467 0.017226 0.009174 0.000644 0.149335 0.009317 2.186995
0.795920 0.018473 0.017181 0.009143 0.000643 0.149314 0.009326 2.188768
0.795971 0.018508 0.017078 0.009145 0.000639 0.149326 0.009334 2.190557
0.796156 0.018454 0.017014 0.009104 0.000639 0.149290 0.009343 2.192325
0.796265 0.018370 0.016975 0.009070 0.000631 0.149337 0.009353 2.194134
0.796381 0.018329 0.016873 0.009052 0.000628 0.149377 0.009361 2.195922
0.796421 0.018349 0.016850 0.009025 0.000630 0.149355 0.009370 2.197679
0.796524 0.018312 0.016787 0.008979 0.000628 0.149395 0.009374 2.199456
0.796695 0.018267 0.016682 0.008935 0.000623 0.149417 0.009382 2.201205
0.796849 0.018221 0.016615 0.008926 0.000628 0.149374 0.009388 2.202973
0.797036 0.018113 0.016583 0.008916 0.000628 0.149332 0.009392 2.204769
0.797156 0.018126 0.016544 0.008901 0.000636 0.149242 0.009397 2.206508
0.797348 0.018037 0.016515 0.008882 0.000631 0.149182 0.009406 2.208304
0.797584 0.017940 0.016453 0.008887 0.000633 0.149090 0.009414 2.210060
0.797704 0.017880 0.016398 0.008859 0.000629 0.149110 0.009420 2.211815
0.797928 0.017815 0.016356 0.008818 0.000632 0.149025 0.009427 2.213556
0.798116 0.017819 0.016333 0.008791 0.000634 0.148874 0.009434 2.215263
0.798289 0.017750 0.016287 0.008786 0.000632 0.148813 0.009444 2.217013
0.798441 0.017699 0.016254 0.008756 0.000628 0.148772 0.009451 2.218781
0.798566 0.017676 0.016210 0.008744 0.000632 0.148716 0.009458 2.220515
0.798739 0.017599 0.016154 0.008733 0.000627 0.148683 0.009464 2.222289
0.798967 0.017546 0.016163 0.008696 0.000627 0.148524 0.009476 2.224023
0.799164 0.017569 0.016072 0.008656 0.000618 0.148433 0.009489 2.225687
0.799337 0.017533 0.016031 0.008656 0.000621 0.148329 0.009494 2.227403
0.799573 0.017451 0.015996 0.008621 0.000618 0.148239 0.009502 2.229158
0.799733 0.017462 0.015935 0.008589 0.000616 0.148158 0.009508 2.230802
0.799953 0.017370 0.015917 0.008585 0.000622 0.148035 0.009518 2.232513
0.800130 0.017344 0.015909 0.008571 0.000618 0.147903 0.009524 2.234218
0.800416 0.017275 0.015858 0.008541 0.000611 0.147767 0.009533 2.235908
0.800619 0.017165 0.015874 0.008521 0.000611 0.147670 0.009540 2.237639
0.800764 0.017158 0.015855 0.008477 0.000611 0.147590 0.009546 2.239298
0.800955 0.017116 0.015799 0.008454 0.000611 0.147511 0.009555 2.240975
0.801157 0.017152 0.015753 0.008420 0.000617 0.147340 0.009561 2.242612
0.801304 0.017175 0.015717 0.008406 0.000609 0.147222 0.009567 2.244262
0.801542 0.017095 0.015624 0.008374 0.000604 0.147183 0.009577 2.245936
0.801805 0.017014 0.015590 0.008378 0.000601 0.147028 0.009585 2.247616
0.801969 0.016987 0.015563 0.008367 0.000597 0.146922 0.009596 2.249299
0.802165 0.016974 0.015580 0.008309 0.000590 0.146780 0.009603 2.250954
0.802256 0.017007 0.015524 0.008280 0.000593 0.146729 0.009610 2.252635
0.802486 0.016952 0.015544 0.008271 0.000589 0.146545 0.009615 2.254326
0.802699 0.016929 0.015542 0.008235 0.000590 0.146385 0.009621 2.255979
0.802937 0.016907 0.015517 0.008192 0.000584 0.146233 0.009631 2.257591
0.803093 0.016959 0.015457 0.008181 0.000581 0.146089 0.009640 2.259220
0.803276 0.016911 0.015506 0.008181 0.000578 0.145900 0.009648 2.260918
0.803429 0.016911 0.015480 0.008204 0.000577 0.145740 0.009659 2.262587
0.803614 0.016941 0.015454 0.008165 0.000578 0.145585 0.009663 2.264202
0.803770 0.016917 0.015451 0.008178 0.000579 0.145436 0.009669 2.265881
0.803957 0.016834 0.015491 0.008170 0.000579 0.145291 0.009678 2.267576
0.804177 0.016806 0.015447 0.008184 0.000584 0.145119 0.009683 2.269236
0.804331 0.016799 0.015415 0.008188 0.000580 0.144998 0.009692 2.270869
0.804492 0.016767 0.015436 0.008148 0.000577 0.144881 0.009700 2.272544
0.804593 0.016843 0.015363 0.008135 0.000575 0.144787 0.009705 2.274154
0.804767 0.016802 0.015388 0.008140 0.000572 0.144622 0.009710 2.275836
0.805003 0.016706 0.015412 0.008110 0.000567 0.144482 0.009719 2.277496
0.805133 0.016758 0.015389 0.008106 0.000569 0.144322 0.009724 2.279119
0.805271 0.016813 0.015396 0.008095 0.000570 0.144126 0.009729 2.280773
0.805452 0.016809 0.015331 0.008071 0.000565 0.144034 0.009738 2.282416
0.805578 0.016786 0.015310 0.008120 0.000567 0.143897 0.009743 2.284118
0.805738 0.016750 0.015320 0.008103 0.000570 0.143768 0.009751 2.285782
0.805987 0.016745 0.015306 0.008105 0.000571 0.143524 0.009761 2.287412
0.806094 0.016772 0.015290 0.008119 0.000562 0.143395 0.009767 2.289067
0.806306 0.016714 0.015247 0.008142 0.000560 0.143255 0.009775 2.290739
0.806511 0.016713 0.015219 0.008115 0.000557 0.143104 0.009782 2.292359
0.806642 0.016736 0.015174 0.008072 0.000557 0.143031 0.009788 2.293979
0.806776 0.016657 0.015235 0.008055 0.000561 0.142922 0.009795 2.295684
0.806934 0.016689 0.015142 0.008073 0.000552 0.142808 0.009804 2.297289
0.807094 0.016649 0.015079 0.008087 0.000548 0.142729 0.009813 2.298921
0.807267 0.016650 0.015052 0.008050 0.000549 0.142612 0.009820 2.300523
0.807471 0.016654 0.015039 0.008024 0.000551 0.142433 0.009827 2.302100
0.807633 0.016570 0.015046 0.008012 0.000549 0.142356 0.009835 2.303758
0.807785 0.016591 0.014987 0.007966 0.000544 0.142283 0.009843 2.305340
0.807910 0.016544 0.014966 0.007973 0.000549 0.142208 0.009850 2.307020
0.808107 0.016568 0.014917 0.007966 0.000546 0.142036 0.009860 2.308614
0.808328 0.016566 0.014931 0.007959 0.000540 0.141807 0.009869 2.310210
0.808466 0.016561 0.014954 0.007912 0.000537 0.141694 0.009876 2.311858
0.808580 0.016549 0.014911 0.007889 0.000536 0.141652 0.009883 2.313492
0.808709 0.016535 0.014948 0.007897 0.000535 0.141484 0.009890 2.315133
0.808824 0.016522 0.014953 0.007853 0.000536 0.141414 0.009898 2.316771
0.808945 0.016554 0.014973 0.007830 0.000539 0.141256 0.009903 2.318391
0.809113 0.016582 0.014949 0.007836 0.000536 0.141072 0.009912 2.319999
0.809289 0.016615 0.014921 0.007844 0.000537 0.140881 0.009915 2.321598
0.809404 0.016647 0.014889 0.007844 0.000535 0.140760 0.009921 2.323197
0.809577 0.016594 0.014906 0.007872 0.000537 0.140586 0.009926 2.324851
0.809702 0.016622 0.014880 0.007861 0.000536 0.140465 0.009933 2.326453
0.809842 0.016594 0.014916 0.007857 0.000532 0.140314 0.009945 2.328085
0.809985 0.016560 0.014911 0.007864 0.000536 0.140191 0.009952 2.329730
0.810088 0.016532 0.014960 0.007851 0.000535 0.140076 0.009958 2.331384
0.810174 0.016570 0.014919 0.007870 0.000532 0.139967 0.009967 2.332976
0.810306 0.016605 0.014926 0.007869 0.000532 0.139790 0.009973 2.334587
0.810364 0.016709 0.014865 0.007836 0.000529 0.139720 0.009977 2.336171
0.810464 0.016744 0.014837 0.007834 0.000530 0.139608 0.009983 2.337804
0.810460 0.016827 0.014823 0.007849 0.000531 0.139520 0.009990 2.339427
0.810551 0.016789 0.014838 0.007870 0.000534 0.139420 0.009999 2.341120
0.810656 0.016728 0.014867 0.007907 0.000539 0.139297 0.010007 2.342807
0.810768 0.016700 0.014877 0.007907 0.000542 0.139193 0.010012 2.344424
0.810801 0.016687 0.014900 0.007948 0.000539 0.139108 0.010018 2.346106
0.810901 0.016671 0.014879 0.007979 0.000536 0.139010 0.010026 2.347766
0.811068 0.016643 0.014853 0.007953 0.000541 0.138911 0.010032 2.349390
0.811167 0.016637 0.014807 0.007965 0.000539 0.138848 0.010040 2.351013
0.811284 0.016683 0.014786 0.007921 0.000547 0.138736 0.010044 2.352608
0.811349 0.016683 0.014847 0.007966 0.000550 0.138556 0.010050 2.354277
0.811449 0.016733 0.014838 0.007964 0.000546 0.138413 0.010058 2.355874
0.811570 0.016710 0.014918 0.007952 0.000541 0.138241 0.010069 2.357514
0.811595 0.016763 0.014894 0.007955 0.000538 0.138176 0.010078 2.359120
0.811734 0.016693 0.014971 0.007943 0.000534 0.138042 0.010084 2.360775
0.811885 0.016590 0.015008 0.007947 0.000528 0.137952 0.010091 2.362437
0.812006 0.016588 0.014977 0.007922 0.000526 0.137882 0.010100 2.364070
0.812157 0.016585 0.014937 0.007957 0.000523 0.137735 0.010107 2.365694
0.812304 0.016599 0.014927 0.007932 0.000520 0.137601 0.010116 2.367301
0.812457 0.016585 0.014888 0.007982 0.000516 0.137450 0.010123 2.368941
0.812500 0.016665 0.014853 0.007966 0.000523 0.137366 0.010127 2.370503
0.812622 0.016600 0.014904 0.007964 0.000528 0.137250 0.010132 2.372188
0.812627 0.016638 0.014897 0.007956 0.000526 0.137216 0.010140 2.373804
0.812727 0.016642 0.014907 0.007968 0.000531 0.137078 0.010146 2.375430
0.812759 0.016656 0.014929 0.007973 0.000529 0.136999 0.010155 2.377093
0.812853 0.016637 0.014955 0.007994 0.000531 0.136867 0.010162 2.378761
0.812906 0.016695 0.014897 0.008009 0.000535 0.136793 0.010165 2.380373
0.812935 0.016744 0.014895 0.008006 0.000541 0.136706 0.010172 2.381990
0.813033 0.016702 0.014924 0.007989 0.000541 0.136630 0.010181 2.383657
0.813041 0.016713 0.014965 0.007936 0.000544 0.136612 0.010188 2.385292
0.813058 0.016761 0.014902 0.007952 0.000548 0.136583 0.010195 2.386927
0.813092 0.016775 0.014942 0.007986 0.000549 0.136455 0.010201 2.388606
0.813129 0.016769 0.014933 0.008012 0.000552 0.136398 0.010206 2.390277
0.813161 0.016918 0.014852 0.007983 0.000550 0.136322 0.010215 2.391821
0.813288 0.016874 0.014890 0.007978 0.000556 0.136193 0.010222 2.393468
0.813328 0.016862 0.014969 0.007999 0.000550 0.136063 0.010230 2.395142
0.813401 0.016882 0.014956 0.007986 0.000554 0.135989 0.010233 2.396772
0.813478 0.016860 0.014957 0.008007 0.000548 0.135909 0.010241 2.398422
0.813499 0.016898 0.014983 0.008026 0.000543 0.135803 0.010249 2.400063
0.813600 0.016894 0.015024 0.008009 0.000544 0.135674 0.010254 2.401699
0.813584 0.016915 0.015054 0.008001 0.000549 0.135639 0.010260 2.403356
0.813567 0.016875 0.015106 0.007997 0.000546 0.135639 0.010270 2.405041
0.813563 0.016899 0.015143 0.008019 0.000547 0.135551 0.010278 2.406726
0.813555 0.016958 0.015162 0.008028 0.000549 0.135465 0.010283 2.408389
0.813582 0.016977 0.015213 0.007991 0.000548 0.135397 0.010292 2.410029
0.813701 0.016984 0.015155 0.007963 0.000552 0.135343 0.010302 2.411650
0.813571 0.017073 0.015184 0.007979 0.000554 0.135328 0.010310 2.413340
0.813567 0.017176 0.015153 0.007990 0.000550 0.135249 0.010315 2.414944
0.813560 0.017207 0.015145 0.008031 0.000543 0.135190 0.010325 2.416613
0.813512 0.017201 0.015202 0.008036 0.000545 0.135175 0.010329 2.418327
0.813527 0.017254 0.015184 0.008029 0.000549 0.135122 0.010335 2.419999
0.813473 0.017270 0.015227 0.008047 0.000545 0.135095 0.010345 2.421700
0.813453 0.017204 0.015306 0.008080 0.000545 0.135061 0.010351 2.423444
0.813449 0.017245 0.015290 0.008091 0.000541 0.135024 0.010361 2.425111
0.813330 0.017314 0.015268 0.008082 0.000537 0.135101 0.010370 2.426804
0.813303 0.017306 0.015276 0.008113 0.000538 0.135087 0.010377 2.428523
0.813283 0.017338 0.015286 0.008143 0.000541 0.135025 0.010384 2.430226
0.813252 0.017355 0.015284 0.008122 0.000540 0.135055 0.010391 2.431903
0.813256 0.017333 0.015285 0.008162 0.000545 0.135024 0.010397 2.433601
0.813198 0.017306 0.015292 0.008161 0.000545 0.135094 0.010405 2.435309
0.813173 0.017365 0.015293 0.008129 0.000543 0.135087 0.010411 2.436977
0.813159 0.017348 0.015312 0.008124 0.000536 0.135099 0.010423 2.438712
0.813119 0.017378 0.015329 0.008162 0.000538 0.135046 0.010429 2.440430
0.813150 0.017314 0.015360 0.008233 0.000534 0.134972 0.010436 2.442200
0.813117 0.017324 0.015348 0.008263 0.000531 0.134976 0.010441 2.443879
0.813036 0.017367 0.015379 0.008244 0.000534 0.134992 0.010448 2.445562
0.813035 0.017346 0.015405 0.008257 0.000528 0.134972 0.010458 2.447288
0.813060 0.017338 0.015407 0.008219 0.000537 0.134975 0.010464 2.448995
0.813019 0.017364 0.015384 0.008228 0.000532 0.135003 0.010470 2.450694
0.812964 0.017383 0.015403 0.008213 0.000538 0.135023 0.010477 2.452417
0.812897 0.017392 0.015441 0.008225 0.000536 0.135024 0.010486 2.454139
0.812874 0.017362 0.015453 0.008266 0.000537 0.135014 0.010494 2.455870
0.812884 0.017400 0.015433 0.008270 0.000541 0.134972 0.010501 2.457545
0.812783 0.017461 0.015447 0.008280 0.000543 0.134983 0.010504 2.459237
0.812744 0.017457 0.015426 0.008259 0.000542 0.135056 0.010515 2.460934
0.812676 0.017489 0.015448 0.008248 0.000540 0.135078 0.010522 2.462643
0.812654 0.017447 0.015554 0.008245 0.000538 0.135035 0.010528 2.464387
0.812584 0.017518 0.015548 0.008253 0.000544 0.135019 0.010535 2.466047
0.812547 0.017554 0.015558 0.008253 0.000551 0.134998 0.010540 2.467748
0.812581 0.017546 0.015576 0.008279 0.000552 0.134923 0.010544 2.469482
0.812573 0.017543 0.015562 0.008284 0.000550 0.134940 0.010549 2.471208
0.812448 0.017586 0.015570 0.008274 0.000553 0.135016 0.010554 2.472920
0.812344 0.017632 0.015578 0.008258 0.000549 0.135078 0.010560 2.474627
0.812240 0.017689 0.015620 0.008285 0.000549 0.135049 0.010568 2.476363
0.812181 0.017715 0.015660 0.008257 0.000549 0.135064 0.010574 2.478107
0.812127 0.017697 0.015720 0.008266 0.000551 0.135058 0.010582 2.479861
0.812093 0.017662 0.015745 0.008297 0.000553 0.135062 0.010589 2.481624
0.812054 0.017624 0.015773 0.008294 0.000553 0.135107 0.010595 2.483389
0.811991 0.017582 0.015754 0.008310 0.000558 0.135206 0.010600 2.485155
0.811924 0.017594 0.015778 0.008280 0.000560 0.135260 0.010606 2.486886
0.811939 0.017609 0.015763 0.008263 0.000554 0.135258 0.010615 2.488589
0.811946 0.017592 0.015765 0.008225 0.000548 0.135303 0.010622 2.490301
0.811925 0.017611 0.015745 0.008228 0.000557 0.135307 0.010627 2.492028
0.811889 0.017580 0.015734 0.008248 0.000563 0.135354 0.010634 2.493783
0.811881 0.017532 0.015716 0.008265 0.000562 0.135405 0.010641 2.495543
0.811801 0.017613 0.015676 0.008227 0.000561 0.135476 0.010648 2.497216
0.811734 0.017652 0.015691 0.008218 0.000559 0.135491 0.010655 2.498933
0.811702 0.017609 0.015693 0.008264 0.000554 0.135514 0.010664 2.500691
0.811678 0.017591 0.015684 0.008276 0.000564 0.135538 0.010670 2.502406
0.811589 0.017563 0.015706 0.008308 0.000555 0.135598 0.010681 2.504174
0.811498 0.017627 0.015678 0.008320 0.000553 0.135638 0.010686 2.505891
0.811512 0.017591 0.015671 0.008308 0.000563 0.135664 0.010693 2.507620
0.811469 0.017531 0.015719 0.008323 0.000563 0.135698 0.010697 2.509398
0.811398 0.017579 0.015724 0.008333 0.000563 0.135701 0.010702 2.511123
0.811376 0.017564 0.015730 0.008343 0.000561 0.135714 0.010711 2.512851
0.811373 0.017615 0.015704 0.008330 0.000557 0.135705 0.010716 2.514519
0.811302 0.017652 0.015732 0.008326 0.000557 0.135707 0.010724 2.516236
0.811260 0.017646 0.015783 0.008333 0.000558 0.135691 0.010729 2.517981
0.811250 0.017631 0.015828 0.008339 0.000562 0.135657 0.010735 2.519716
0.811233 0.017656 0.015864 0.008334 0.000561 0.135608 0.010746 2.521437
0.811172 0.017663 0.015859 0.008338 0.000559 0.135655 0.010754 2.523177
0.811107 0.017640 0.015883 0.008341 0.000568 0.135699 0.010762 2.524940
0.811134 0.017586 0.015875 0.008350 0.000567 0.135716 0.010773 2.526685
0.811068 0.017619 0.015866 0.008357 0.000568 0.135742 0.010781 2.528399
0.811061 0.017647 0.015848 0.008358 0.000563 0.135735 0.010788 2.530099
0.811046 0.017628 0.015827 0.008343 0.000564 0.135800 0.010793 2.531838
0.810964 0.017661 0.015836 0.008342 0.000565 0.135831 0.010801 2.533564
0.810923 0.017626 0.015878 0.008358 0.000564 0.135844 0.010808 2.535309
0.810842 0.017613 0.015879 0.008337 0.000565 0.135949 0.010815 2.537039
0.810839 0.017640 0.015855 0.008292 0.000571 0.135982 0.010823 2.538732
0.810790 0.017714 0.015834 0.008299 0.000575 0.135960 0.010828 2.540408
0.810754 0.017685 0.015847 0.008345 0.000573 0.135962 0.010834 2.542172
0.810717 0.017714 0.015880 0.008353 0.000569 0.135923 0.010843 2.543895
0.810672 0.017730 0.015869 0.008367 0.000563 0.135951 0.010849 2.545624
0.810591 0.017771 0.015861 0.008405 0.000559 0.135958 0.010856 2.547396
0.810568 0.017775 0.015862 0.008351 0.000558 0.136026 0.010861 2.549110
0.810607 0.017674 0.015890 0.008354 0.000559 0.136048 0.010869 2.550886
0.810592 0.017712 0.015872 0.008331 0.000558 0.136058 0.010877 2.552593
0.810558 0.017729 0.015901 0.008329 0.000567 0.136036 0.010882 2.554328
0.810550 0.017621 0.015923 0.008344 0.000569 0.136102 0.010891 2.556115
0.810529 0.017641 0.015897 0.008345 0.000568 0.136126 0.010895 2.557836
0.810523 0.017662 0.015877 0.008338 0.000565 0.136136 0.010901 2.559534
0.810562 0.017623 0.015841 0.008328 0.000565 0.136175 0.010908 2.561258
0.810573 0.017622 0.015848 0.008351 0.000566 0.136126 0.010915 2.562996
0.810568 0.017665 0.015825 0.008364 0.000565 0.136093 0.010922 2.564701
0.810564 0.017647 0.015843 0.008380 0.000558 0.136077 0.010932 2.566450
