0.999821 0.000135 0.000031 0.000012 0.000000 0.000000 0.000000
0.999750 0.000181 0.000025 0.000005 0.000000 0.000039 0.000000
0.999535 0.000370 0.000051 0.000019 0.000000 0.000026 0.000000
0.999097 0.000762 0.000082 0.000022 0.000000 0.000037 0.000000
0.998629 0.001152 0.000127 0.000047 0.000000 0.000045 0.000000
0.997666 0.001939 0.000251 0.000082 0.000000 0.000061 0.000000
0.996120 0.003187 0.000463 0.000153 0.000001 0.000077 0.000000
0.993743 0.005123 0.000723 0.000283 0.000000 0.000127 0.000000
0.990563 0.007562 0.001111 0.000515 0.000000 0.000249 0.000000
0.986632 0.010594 0.001636 0.000754 0.000000 0.000384 0.000000
0.981357 0.014734 0.002287 0.001008 0.000000 0.000614 0.000000
0.974310 0.020235 0.003189 0.001388 0.000000 0.000877 0.000000
0.964745 0.027607 0.004390 0.002003 0.000000 0.001256 0.000000
0.952397 0.037131 0.005923 0.002797 0.000000 0.001751 0.000000
0.940313 0.046098 0.007509 0.003836 0.000003 0.002242 0.000000
0.923962 0.058010 0.009884 0.005096 0.000011 0.003037 0.000000
0.907089 0.069971 0.012653 0.006363 0.000019 0.003904 0.000000
0.887975 0.083211 0.015729 0.008033 0.000023 0.005029 0.000000
0.867505 0.096974 0.019160 0.009875 0.000030 0.006456 0.000000
0.846228 0.110980 0.022943 0.011771 0.000030 0.008048 0.000000
0.823154 0.125342 0.027382 0.014046 0.000036 0.010039 0.000000
0.799064 0.139759 0.032149 0.016519 0.000041 0.012469 0.000000
0.775260 0.153171 0.037075 0.019163 0.000050 0.015282 0.000000
0.751596 0.165732 0.042307 0.021833 0.000062 0.018469 0.000000
0.726489 0.177759 0.048426 0.025011 0.000081 0.022234 0.000000
0.704117 0.187570 0.054227 0.027978 0.000093 0.026015 0.000000
0.682529 0.195495 0.060339 0.031105 0.000110 0.030420 0.000001
0.661650 0.202285 0.066116 0.034243 0.000124 0.035579 0.000002
0.641795 0.207838 0.071881 0.037255 0.000152 0.041077 0.000002
0.622953 0.211979 0.077745 0.040179 0.000177 0.046963 0.000004
0.604737 0.215228 0.083351 0.043135 0.000206 0.053340 0.000004
0.586111 0.217909 0.089141 0.046137 0.000217 0.060482 0.000003
0.569510 0.219245 0.094402 0.048959 0.000241 0.067639 0.000004
0.553512 0.219690 0.099480 0.051661 0.000271 0.075380 0.000005
0.537395 0.219813 0.104508 0.054385 0.000297 0.083596 0.000006
0.520683 0.218961 0.109525 0.057150 0.000326 0.093350 0.000006
0.507838 0.216918 0.113509 0.059400 0.000351 0.101979 0.000006
0.495359 0.214411 0.117259 0.061285 0.000383 0.111296 0.000006
0.482001 0.211685 0.121243 0.063297 0.000409 0.121357 0.000008
0.472476 0.207541 0.124071 0.064728 0.000445 0.130730 0.000009
0.461680 0.203546 0.126992 0.066290 0.000478 0.141004 0.000011
0.452131 0.199734 0.129405 0.067618 0.000510 0.150590 0.000013
0.442861 0.194921 0.131577 0.068843 0.000549 0.161234 0.000016
0.433159 0.190583 0.133577 0.069958 0.000589 0.172116 0.000019
0.425203 0.185811 0.135029 0.070629 0.000632 0.182675 0.000021
0.416700 0.181183 0.136338 0.071356 0.000671 0.193729 0.000023
0.409242 0.176777 0.137080 0.071707 0.000694 0.204473 0.000026
0.401723 0.172253 0.137746 0.072257 0.000719 0.215274 0.000028
0.394525 0.167539 0.138392 0.072733 0.000755 0.226028 0.000029
0.388726 0.162382 0.138244 0.072972 0.000794 0.236849 0.000031
0.382541 0.156729 0.138026 0.073079 0.000818 0.248773 0.000034
0.377950 0.152535 0.137744 0.072993 0.000851 0.257889 0.000039
0.372040 0.146883 0.137258 0.072638 0.000870 0.270266 0.000045
0.366746 0.141652 0.136431 0.072427 0.000885 0.281813 0.000047
0.363590 0.137211 0.135193 0.071875 0.000904 0.291179 0.000047
0.358952 0.132054 0.134140 0.071412 0.000936 0.302459 0.000048
0.356068 0.127964 0.132823 0.070736 0.000948 0.311407 0.000054
0.353085 0.122989 0.131349 0.069969 0.000978 0.321573 0.000057
0.350195 0.117601 0.129447 0.069039 0.001006 0.332653 0.000059
0.349187 0.112879 0.127352 0.068027 0.001028 0.341465 0.000061
0.347327 0.108321 0.125285 0.067039 0.001038 0.350924 0.000065
0.347177 0.103664 0.122616 0.065558 0.001053 0.359862 0.000071
0.346455 0.099807 0.120498 0.064353 0.001061 0.367752 0.000074
0.347142 0.096194 0.117675 0.062852 0.001065 0.374995 0.000077
0.346522 0.092673 0.115082 0.061513 0.001072 0.383054 0.000083
0.346500 0.089646 0.112652 0.060375 0.001083 0.389656 0.000089
0.346365 0.086149 0.110002 0.058952 0.001107 0.397332 0.000093
0.346787 0.083445 0.107635 0.057778 0.001115 0.403144 0.000095
0.345996 0.080258 0.105302 0.056664 0.001112 0.410564 0.000103
0.346957 0.077638 0.102486 0.055316 0.001105 0.416388 0.000109
0.347487 0.075613 0.100499 0.054190 0.001103 0.420995 0.000113
0.348152 0.072511 0.097239 0.052510 0.001103 0.428366 0.000118
0.348911 0.070431 0.095081 0.051224 0.001114 0.433115 0.000123
0.349790 0.068079 0.092688 0.049883 0.001116 0.438316 0.000127
0.351052 0.066051 0.090327 0.048513 0.001113 0.442812 0.000132
0.352275 0.063562 0.087746 0.047070 0.001114 0.448094 0.000137
0.353614 0.061679 0.085675 0.045894 0.001112 0.451883 0.000143
0.355367 0.059663 0.083166 0.044637 0.001101 0.455917 0.000149
0.356734 0.057833 0.081216 0.043549 0.001090 0.459424 0.000154
0.358809 0.056344 0.079250 0.042402 0.001088 0.461946 0.000160
0.360768 0.054655 0.077316 0.041294 0.001082 0.464721 0.000165
0.362931 0.052818 0.075073 0.040035 0.001081 0.467892 0.000170
0.365097 0.051700 0.073292 0.039002 0.001071 0.469665 0.000172
0.367449 0.050205 0.071101 0.037844 0.001055 0.472170 0.000175
0.369688 0.049171 0.069285 0.036867 0.001051 0.473763 0.000175
0.371935 0.048004 0.067537 0.035996 0.001038 0.475310 0.000180
0.374413 0.046830 0.065487 0.034985 0.001031 0.477068 0.000186
0.376536 0.046168 0.064150 0.034242 0.001016 0.477699 0.000188
0.379088 0.045057 0.062228 0.033144 0.000999 0.479290 0.000194
0.381372 0.044428 0.060828 0.032354 0.000987 0.479833 0.000197
0.384090 0.043546 0.059189 0.031415 0.000974 0.480583 0.000204
0.386347 0.042898 0.057702 0.030684 0.000958 0.481206 0.000205
0.388980 0.042283 0.056298 0.029903 0.000936 0.481393 0.000207
0.391320 0.041868 0.055125 0.029248 0.000925 0.481304 0.000211
0.393778 0.041625 0.053719 0.028630 0.000916 0.481116 0.000216
0.396329 0.041295 0.052343 0.027962 0.000904 0.480948 0.000219
0.398859 0.040898 0.051088 0.027261 0.000892 0.480781 0.000222
0.401049 0.040603 0.050144 0.026750 0.000864 0.480362 0.000229
0.403428 0.040328 0.049229 0.026169 0.000851 0.479762 0.000233
0.405784 0.040004 0.048252 0.025604 0.000844 0.479276 0.000237
0.408385 0.039915 0.047284 0.025038 0.000846 0.478290 0.000242
0.410434 0.039717 0.046571 0.024561 0.000841 0.477633 0.000244
0.412903 0.039604 0.045758 0.024122 0.000842 0.476523 0.000247
0.415237 0.039476 0.044988 0.023710 0.000832 0.475505 0.000253
0.416778 0.039423 0.044534 0.023497 0.000824 0.474693 0.000252
0.419150 0.039389 0.043766 0.023114 0.000806 0.473519 0.000256
0.421413 0.039420 0.043023 0.022721 0.000795 0.472369 0.000259
0.423629 0.039443 0.042450 0.022388 0.000769 0.471058 0.000262
0.425834 0.039395 0.041896 0.022153 0.000757 0.469700 0.000266
0.428039 0.039412 0.041296 0.021894 0.000745 0.468348 0.000266
0.429789 0.039577 0.040911 0.021761 0.000737 0.466955 0.000270
0.431789 0.039717 0.040426 0.021548 0.000726 0.465519 0.000276
0.433701 0.039877 0.040013 0.021388 0.000728 0.464014 0.000280
0.435322 0.040013 0.039807 0.021252 0.000715 0.462608 0.000282
0.437350 0.040076 0.039565 0.021074 0.000704 0.460946 0.000285
0.439233 0.040295 0.039252 0.020975 0.000691 0.459265 0.000289
0.440825 0.040511 0.039089 0.020876 0.000682 0.457725 0.000293
0.442195 0.040625 0.038990 0.020798 0.000675 0.456421 0.000296
0.443695 0.040903 0.038846 0.020681 0.000665 0.454915 0.000294
0.445229 0.041132 0.038783 0.020651 0.000652 0.453252 0.000302
0.446552 0.041381 0.038751 0.020555 0.000645 0.451812 0.000305
0.447921 0.041607 0.038624 0.020426 0.000632 0.450482 0.000307
0.449485 0.041802 0.038476 0.020349 0.000634 0.448945 0.000310
0.451447 0.041434 0.038344 0.020268 0.000641 0.447556 0.000310
0.453865 0.040584 0.038317 0.020094 0.000630 0.446198 0.000312
0.456833 0.039461 0.038356 0.019944 0.000632 0.444461 0.000313
0.459904 0.038154 0.038209 0.019747 0.000625 0.443045 0.000316
0.463424 0.036663 0.038013 0.019426 0.000619 0.441540 0.000314
0.467121 0.034963 0.037795 0.019125 0.000610 0.440067 0.000319
0.470907 0.033326 0.037630 0.018763 0.000597 0.438456 0.000321
0.474966 0.031590 0.037227 0.018318 0.000587 0.436985 0.000326
0.479254 0.030064 0.036773 0.017869 0.000576 0.435136 0.000329
0.483244 0.028308 0.036212 0.017432 0.000568 0.433905 0.000332
0.487499 0.026806 0.035606 0.016941 0.000564 0.432251 0.000333
0.491936 0.025222 0.034886 0.016483 0.000566 0.430571 0.000337
0.496411 0.023777 0.034182 0.015930 0.000552 0.428805 0.000344
0.500531 0.022382 0.033397 0.015377 0.000542 0.427426 0.000344
0.505207 0.021098 0.032553 0.014850 0.000539 0.425408 0.000344
0.509906 0.019861 0.031676 0.014409 0.000533 0.423267 0.000347
0.514536 0.018726 0.030861 0.014012 0.000531 0.420983 0.000350
0.518849 0.017597 0.029842 0.013510 0.000531 0.419323 0.000348
0.523765 0.016615 0.029023 0.013031 0.000514 0.416696 0.000355
0.528534 0.015570 0.028070 0.012520 0.000496 0.414455 0.000355
0.532993 0.014582 0.027217 0.012063 0.000492 0.412300 0.000354
0.537814 0.013743 0.026229 0.011564 0.000468 0.409824 0.000358
0.542375 0.012917 0.025341 0.011135 0.000456 0.407418 0.000358
0.547341 0.012160 0.024373 0.010682 0.000447 0.404635 0.000361
0.551748 0.011455 0.023487 0.010291 0.000439 0.402217 0.000363
0.556770 0.010768 0.022657 0.009881 0.000437 0.399124 0.000362
0.561328 0.010137 0.021886 0.009461 0.000428 0.396393 0.000366
0.565900 0.009555 0.020963 0.009016 0.000411 0.393786 0.000369
0.570478 0.009051 0.020143 0.008635 0.000397 0.390930 0.000367
0.575156 0.008583 0.019339 0.008255 0.000392 0.387907 0.000367
0.579824 0.008100 0.018589 0.007877 0.000386 0.384856 0.000368
0.584411 0.007635 0.017789 0.007533 0.000378 0.381885 0.000368
0.588965 0.007183 0.017131 0.007202 0.000365 0.378778 0.000377
0.593438 0.006800 0.016483 0.006898 0.000359 0.375649 0.000373
0.597597 0.006400 0.015792 0.006613 0.000358 0.372863 0.000377
0.602150 0.006050 0.015062 0.006312 0.000348 0.369700 0.000377
0.606358 0.005755 0.014487 0.006061 0.000339 0.366618 0.000381
0.610899 0.005456 0.013920 0.005764 0.000333 0.363247 0.000381
0.615295 0.005176 0.013337 0.005501 0.000320 0.359993 0.000377
0.619511 0.004908 0.012754 0.005252 0.000311 0.356885 0.000379
0.623960 0.004682 0.012174 0.004991 0.000303 0.353507 0.000383
0.628076 0.004450 0.011672 0.004741 0.000288 0.350387 0.000385
0.632252 0.004205 0.011149 0.004547 0.000284 0.347179 0.000385
0.636537 0.003955 0.010673 0.004340 0.000280 0.343830 0.000385
0.640650 0.003745 0.010214 0.004160 0.000273 0.340567 0.000391
0.644739 0.003549 0.009745 0.003928 0.000270 0.337379 0.000390
0.648725 0.003399 0.009300 0.003766 0.000264 0.334159 0.000386
0.652939 0.003259 0.008860 0.003615 0.000254 0.330685 0.000388
0.656771 0.003115 0.008451 0.003463 0.000247 0.327562 0.000391
0.660787 0.002962 0.008109 0.003324 0.000236 0.324188 0.000393
0.664621 0.002842 0.007722 0.003143 0.000231 0.321048 0.000392
0.668595 0.002741 0.007377 0.003011 0.000229 0.317652 0.000395
0.672270 0.002623 0.007045 0.002866 0.000227 0.314579 0.000390
0.676262 0.002484 0.006689 0.002706 0.000221 0.311243 0.000396
0.680009 0.002385 0.006373 0.002599 0.000215 0.308022 0.000397
0.683699 0.002288 0.006111 0.002491 0.000203 0.304815 0.000393
0.687400 0.002168 0.005856 0.002395 0.000195 0.301590 0.000395
0.691077 0.002065 0.005620 0.002302 0.000194 0.298346 0.000397
0.694767 0.001988 0.005358 0.002201 0.000187 0.295095 0.000403
0.698280 0.001896 0.005103 0.002079 0.000176 0.292066 0.000399
0.701795 0.001805 0.004846 0.001996 0.000174 0.288985 0.000398
0.705526 0.001713 0.004668 0.001921 0.000169 0.285599 0.000404
0.708952 0.001631 0.004451 0.001823 0.000163 0.282577 0.000403
0.712370 0.001577 0.004239 0.001736 0.000159 0.279518 0.000400
0.715781 0.001514 0.004030 0.001661 0.000159 0.276448 0.000406
0.719279 0.001466 0.003824 0.001602 0.000158 0.273266 0.000406
0.722634 0.001442 0.003659 0.001533 0.000151 0.270174 0.000406
0.726060 0.001385 0.003461 0.001447 0.000149 0.267093 0.000406
0.729280 0.001353 0.003306 0.001383 0.000145 0.264121 0.000410
0.732945 0.001279 0.003147 0.001332 0.000142 0.260748 0.000408
0.735866 0.001232 0.003021 0.001273 0.000139 0.258066 0.000402
0.738937 0.001195 0.002894 0.001230 0.000141 0.255196 0.000408
0.741954 0.001153 0.002783 0.001176 0.000131 0.252401 0.000402
0.744904 0.001111 0.002658 0.001121 0.000125 0.249672 0.000408
0.748228 0.001060 0.002558 0.001075 0.000123 0.246554 0.000402
0.751381 0.001019 0.002449 0.001022 0.000120 0.243600 0.000409
0.754359 0.000990 0.002352 0.001008 0.000113 0.240770 0.000407
0.757273 0.000938 0.002243 0.000967 0.000108 0.238066 0.000405
0.760207 0.000932 0.002154 0.000924 0.000102 0.235271 0.000410
0.763057 0.000909 0.002057 0.000873 0.000101 0.232590 0.000413
0.766223 0.000890 0.001969 0.000843 0.000097 0.229570 0.000409
0.768885 0.000836 0.001871 0.000802 0.000094 0.227104 0.000406
0.771618 0.000836 0.001807 0.000773 0.000092 0.224466 0.000408
0.774374 0.000802 0.001727 0.000743 0.000091 0.221853 0.000410
0.777412 0.000778 0.001652 0.000705 0.000087 0.218962 0.000405
0.780086 0.000760 0.001598 0.000677 0.000082 0.216397 0.000400
0.782474 0.000729 0.001545 0.000660 0.000083 0.214098 0.000411
0.785442 0.000697 0.001488 0.000634 0.000080 0.211250 0.000410
0.787671 0.000693 0.001409 0.000606 0.000076 0.209134 0.000410
0.790516 0.000669 0.001359 0.000598 0.000073 0.206375 0.000410
0.793013 0.000655 0.001294 0.000590 0.000072 0.203966 0.000409
0.795654 0.000624 0.001241 0.000566 0.000070 0.201432 0.000413
0.798168 0.000620 0.001212 0.000550 0.000071 0.198972 0.000407
0.801013 0.000591 0.001163 0.000512 0.000064 0.196245 0.000412
0.803225 0.000584 0.001109 0.000498 0.000065 0.194110 0.000409
0.805808 0.000550 0.001062 0.000491 0.000063 0.191615 0.000411
0.807872 0.000530 0.001037 0.000471 0.000059 0.189616 0.000415
0.810290 0.000521 0.001003 0.000470 0.000061 0.187248 0.000406
0.812659 0.000491 0.000943 0.000452 0.000056 0.184991 0.000409
0.815238 0.000483 0.000912 0.000428 0.000054 0.182480 0.000404
0.817291 0.000473 0.000890 0.000406 0.000051 0.180482 0.000407
0.819502 0.000455 0.000870 0.000390 0.000052 0.178323 0.000408
0.821576 0.000455 0.000833 0.000374 0.000047 0.176298 0.000417
0.823822 0.000445 0.000808 0.000350 0.000045 0.174116 0.000414
0.826174 0.000441 0.000774 0.000341 0.000045 0.171822 0.000402
0.828416 0.000433 0.000754 0.000340 0.000044 0.169603 0.000410
0.830265 0.000407 0.000736 0.000327 0.000042 0.167814 0.000409
0.832581 0.000405 0.000697 0.000314 0.000042 0.165542 0.000421
0.834625 0.000397 0.000684 0.000308 0.000037 0.163542 0.000406
0.836523 0.000373 0.000656 0.000296 0.000039 0.161700 0.000413
0.838606 0.000371 0.000639 0.000286 0.000038 0.159650 0.000410
0.840482 0.000374 0.000623 0.000276 0.000037 0.157796 0.000413
0.842710 0.000361 0.000602 0.000261 0.000035 0.155617 0.000413
0.844665 0.000340 0.000581 0.000256 0.000034 0.153712 0.000412
0.846281 0.000344 0.000559 0.000247 0.000035 0.152131 0.000402
0.848543 0.000336 0.000536 0.000244 0.000031 0.149906 0.000405
0.850299 0.000324 0.000537 0.000235 0.000030 0.148165 0.000410
0.852121 0.000317 0.000524 0.000232 0.000028 0.146365 0.000413
0.853889 0.000312 0.000515 0.000227 0.000029 0.144625 0.000403
0.855840 0.000311 0.000484 0.000220 0.000029 0.142700 0.000416
0.858024 0.000314 0.000459 0.000213 0.000027 0.140557 0.000406
0.859565 0.000318 0.000455 0.000206 0.000029 0.139017 0.000411
0.861667 0.000316 0.000433 0.000198 0.000025 0.136954 0.000407
0.863051 0.000297 0.000426 0.000189 0.000023 0.135609 0.000405
0.864816 0.000301 0.000431 0.000187 0.000023 0.133835 0.000408
0.866433 0.000287 0.000420 0.000187 0.000022 0.132244 0.000408
0.868221 0.000275 0.000403 0.000186 0.000021 0.130476 0.000417
0.869874 0.000277 0.000404 0.000191 0.000022 0.128823 0.000409
0.871296 0.000274 0.000395 0.000189 0.000019 0.127419 0.000407
0.873011 0.000264 0.000407 0.000185 0.000020 0.125707 0.000407
0.874504 0.000247 0.000392 0.000174 0.000018 0.124249 0.000416
0.876106 0.000247 0.000371 0.000171 0.000017 0.122683 0.000405
0.877791 0.000242 0.000372 0.000163 0.000016 0.121001 0.000413
0.879210 0.000233 0.000355 0.000159 0.000017 0.119616 0.000411
0.880900 0.000239 0.000342 0.000159 0.000020 0.117940 0.000399
0.882021 0.000224 0.000322 0.000154 0.000020 0.116851 0.000409
0.883717 0.000213 0.000318 0.000149 0.000018 0.115179 0.000407
0.885380 0.000210 0.000316 0.000141 0.000018 0.113531 0.000404
0.886425 0.000204 0.000305 0.000145 0.000019 0.112501 0.000400
0.888001 0.000211 0.000302 0.000137 0.000018 0.110929 0.000402
0.889300 0.000202 0.000299 0.000139 0.000017 0.109642 0.000401
0.890925 0.000192 0.000289 0.000135 0.000016 0.108037 0.000406
0.892231 0.000194 0.000287 0.000132 0.000015 0.106734 0.000406
0.893681 0.000187 0.000281 0.000136 0.000017 0.105291 0.000406
0.895170 0.000177 0.000276 0.000123 0.000014 0.103834 0.000405
0.896312 0.000179 0.000268 0.000123 0.000014 0.102706 0.000397
0.897676 0.000186 0.000272 0.000124 0.000014 0.101326 0.000401
0.898884 0.000166 0.000258 0.000117 0.000014 0.100158 0.000403
0.900557 0.000170 0.000280 0.000112 0.000014 0.098474 0.000393
0.901386 0.000163 0.000267 0.000098 0.000015 0.097676 0.000396
0.902975 0.000152 0.000250 0.000099 0.000014 0.096111 0.000399
0.904164 0.000148 0.000244 0.000091 0.000014 0.094948 0.000390
0.904989 0.000142 0.000254 0.000097 0.000017 0.094110 0.000392
0.906551 0.000149 0.000241 0.000095 0.000014 0.092556 0.000393
0.907680 0.000139 0.000227 0.000096 0.000014 0.091439 0.000404
0.909022 0.000135 0.000224 0.000096 0.000016 0.090110 0.000396
0.909976 0.000142 0.000223 0.000089 0.000017 0.089153 0.000400
0.911438 0.000148 0.000222 0.000089 0.000015 0.087696 0.000391
0.912282 0.000166 0.000224 0.000090 0.000015 0.086827 0.000396
0.913278 0.000154 0.000222 0.000097 0.000014 0.085844 0.000391
0.914566 0.000148 0.000214 0.000090 0.000015 0.084578 0.000389
0.915984 0.000150 0.000211 0.000085 0.000014 0.083158 0.000399
0.916587 0.000157 0.000221 0.000088 0.000013 0.082543 0.000391
0.918185 0.000138 0.000196 0.000082 0.000012 0.080998 0.000390
0.919197 0.000136 0.000196 0.000083 0.000010 0.079982 0.000395
0.920397 0.000124 0.000205 0.000089 0.000009 0.078788 0.000388
0.921450 0.000130 0.000203 0.000085 0.000011 0.077731 0.000390
0.922232 0.000133 0.000199 0.000090 0.000010 0.076944 0.000394
0.923255 0.000132 0.000200 0.000091 0.000011 0.075917 0.000394
0.924371 0.000124 0.000195 0.000092 0.000009 0.074828 0.000380
0.925478 0.000109 0.000179 0.000083 0.000011 0.073754 0.000386
0.926086 0.000155 0.000206 0.000089 0.000012 0.073069 0.000383
0.927235 0.000150 0.000208 0.000089 0.000012 0.071928 0.000378
0.927690 0.000157 0.000214 0.000090 0.000012 0.071472 0.000366
0.928840 0.000152 0.000213 0.000086 0.000012 0.070324 0.000375
0.929634 0.000159 0.000211 0.000079 0.000014 0.069512 0.000391
0.946396 0.000060 0.000074 0.000031 0.000005 0.053165 0.000269
