0.342453 0.062319 0.056079 0.032200 0.002131 0.498646 0.006175 1.629917
0.345428 0.059736 0.055881 0.031988 0.002133 0.498626 0.006207 1.635798
0.349240 0.056475 0.055757 0.031646 0.002145 0.498509 0.006228 1.641550
0.353667 0.052973 0.055416 0.031134 0.002143 0.498407 0.006260 1.646943
0.358358 0.049473 0.054856 0.030569 0.002140 0.498315 0.006289 1.651991
0.363320 0.046036 0.053998 0.029907 0.002139 0.498283 0.006318 1.656686
0.368437 0.042801 0.053126 0.029183 0.002126 0.497978 0.006349 1.661046
0.373718 0.039683 0.052175 0.028376 0.002118 0.497556 0.006374 1.665112
0.379074 0.036729 0.051045 0.027577 0.002117 0.497057 0.006401 1.668898
0.384681 0.033904 0.049895 0.026672 0.002089 0.496327 0.006431 1.672441
0.390262 0.031350 0.048724 0.025726 0.002074 0.495407 0.006457 1.675649
0.395957 0.029014 0.047346 0.024861 0.002061 0.494273 0.006487 1.678603
0.401594 0.026826 0.045890 0.023902 0.002051 0.493231 0.006508 1.681320
0.407224 0.024790 0.044469 0.022993 0.002043 0.491942 0.006540 1.683867
0.412929 0.022867 0.042938 0.022074 0.002026 0.490597 0.006570 1.686246
0.418536 0.021070 0.041443 0.021241 0.001987 0.489123 0.006600 1.688456
0.424285 0.019392 0.039910 0.020447 0.001967 0.487380 0.006619 1.690522
0.429899 0.017966 0.038324 0.019606 0.001951 0.485612 0.006643 1.692332
0.435569 0.016642 0.036866 0.018744 0.001931 0.483578 0.006670 1.694043
0.441307 0.015395 0.035382 0.017899 0.001910 0.481412 0.006694 1.695635
0.446980 0.014295 0.033895 0.017080 0.001884 0.479147 0.006718 1.697072
0.452703 0.013203 0.032466 0.016311 0.001858 0.476717 0.006743 1.698465
0.458336 0.012247 0.031023 0.015577 0.001838 0.474216 0.006762 1.699716
0.464044 0.011369 0.029660 0.014820 0.001812 0.471516 0.006780 1.700858
0.469648 0.010599 0.028274 0.014099 0.001783 0.468797 0.006802 1.701890
0.475221 0.009815 0.027015 0.013425 0.001750 0.465950 0.006823 1.702916
0.480841 0.009189 0.025787 0.012723 0.001712 0.462902 0.006848 1.703792
0.486372 0.008544 0.024634 0.012082 0.001685 0.459812 0.006872 1.704666
0.491865 0.007916 0.023485 0.011495 0.001643 0.456704 0.006892 1.705521
0.497301 0.007361 0.022369 0.010907 0.001600 0.453551 0.006912 1.706301
0.502797 0.006871 0.021272 0.010376 0.001564 0.450191 0.006929 1.706991
0.508315 0.006401 0.020248 0.009846 0.001526 0.446717 0.006949 1.707658
0.513683 0.005978 0.019223 0.009336 0.001499 0.443314 0.006969 1.708278
0.519006 0.005601 0.018291 0.008796 0.001469 0.439852 0.006986 1.708830
0.524423 0.005241 0.017369 0.008344 0.001434 0.436187 0.007001 1.709371
0.529677 0.004936 0.016480 0.007875 0.001399 0.432606 0.007026 1.709857
0.534866 0.004592 0.015625 0.007469 0.001364 0.429040 0.007044 1.710366
0.540118 0.004315 0.014830 0.007066 0.001338 0.425274 0.007060 1.710794
0.545212 0.004061 0.014078 0.006688 0.001307 0.421577 0.007077 1.711196
0.550277 0.003784 0.013386 0.006316 0.001272 0.417869 0.007096 1.711604
0.555295 0.003549 0.012731 0.005967 0.001241 0.414104 0.007112 1.711974
0.560293 0.003348 0.012092 0.005631 0.001197 0.410307 0.007132 1.712317
0.565212 0.003169 0.011514 0.005313 0.001161 0.406481 0.007150 1.712638
0.570169 0.002986 0.010946 0.005050 0.001128 0.402553 0.007168 1.712945
0.575050 0.002801 0.010438 0.004775 0.001092 0.398660 0.007184 1.713240
0.579889 0.002635 0.009911 0.004514 0.001066 0.394790 0.007196 1.713519
0.584637 0.002507 0.009421 0.004268 0.001035 0.390920 0.007213 1.713764
0.589443 0.002366 0.008959 0.004049 0.001010 0.386948 0.007225 1.714013
0.594123 0.002239 0.008503 0.003828 0.000980 0.383084 0.007243 1.714246
0.598765 0.002128 0.008038 0.003631 0.000945 0.379238 0.007255 1.714450
0.603300 0.002021 0.007658 0.003441 0.000923 0.375388 0.007268 1.714656
0.607942 0.001921 0.007259 0.003252 0.000890 0.371456 0.007281 1.714854
0.612455 0.001826 0.006875 0.003087 0.000860 0.367603 0.007295 1.715039
0.616928 0.001735 0.006505 0.002943 0.000830 0.363755 0.007305 1.715210
0.621361 0.001652 0.006198 0.002793 0.000800 0.359881 0.007316 1.715379
0.625767 0.001581 0.005873 0.002645 0.000772 0.356033 0.007329 1.715535
0.630021 0.001507 0.005558 0.002496 0.000746 0.352331 0.007341 1.715689
0.634290 0.001424 0.005284 0.002359 0.000719 0.348575 0.007350 1.715843
0.638618 0.001372 0.004999 0.002236 0.000708 0.344711 0.007356 1.715974
0.642806 0.001298 0.004755 0.002136 0.000681 0.340959 0.007367 1.716119
0.647073 0.001255 0.004519 0.002002 0.000674 0.337104 0.007374 1.716236
0.651234 0.001189 0.004304 0.001875 0.000648 0.333364 0.007387 1.716360
0.655336 0.001148 0.004065 0.001784 0.000621 0.329644 0.007401 1.716465
0.659384 0.001105 0.003865 0.001691 0.000601 0.325944 0.007411 1.716578
0.663336 0.001069 0.003674 0.001606 0.000577 0.322320 0.007418 1.716674
0.667301 0.001012 0.003498 0.001517 0.000562 0.318685 0.007426 1.716777
0.671247 0.000956 0.003343 0.001434 0.000547 0.315041 0.007433 1.716885
0.675080 0.000912 0.003168 0.001370 0.000527 0.311504 0.007439 1.716974
0.678891 0.000875 0.003009 0.001305 0.000510 0.307963 0.007447 1.717060
0.682698 0.000825 0.002864 0.001233 0.000499 0.304431 0.007449 1.717156
0.686443 0.000788 0.002713 0.001166 0.000485 0.300952 0.007454 1.717234
0.690266 0.000769 0.002583 0.001105 0.000468 0.297349 0.007460 1.717299
0.693917 0.000746 0.002452 0.001043 0.000456 0.293921 0.007467 1.717369
0.697504 0.000731 0.002313 0.000988 0.000440 0.290553 0.007472 1.717432
0.701090 0.000706 0.002197 0.000946 0.000424 0.287160 0.007479 1.717499
0.704605 0.000679 0.002073 0.000899 0.000414 0.283849 0.007482 1.717563
0.708080 0.000654 0.001989 0.000845 0.000403 0.280542 0.007487 1.717622
0.711570 0.000629 0.001887 0.000797 0.000388 0.277235 0.007494 1.717680
0.714960 0.000608 0.001795 0.000758 0.000377 0.274004 0.007499 1.717733
0.718345 0.000584 0.001711 0.000724 0.000371 0.270763 0.007503 1.717793
0.721625 0.000552 0.001639 0.000681 0.000356 0.267640 0.007508 1.717853
0.724936 0.000523 0.001569 0.000646 0.000348 0.264467 0.007511 1.717914
0.728234 0.000504 0.001495 0.000609 0.000339 0.261305 0.007515 1.717964
0.731496 0.000485 0.001429 0.000580 0.000327 0.258163 0.007521 1.718009
0.734647 0.000460 0.001361 0.000560 0.000314 0.255130 0.007529 1.718056
0.737809 0.000440 0.001300 0.000540 0.000299 0.252077 0.007536 1.718102
0.740934 0.000419 0.001234 0.000518 0.000290 0.249064 0.007541 1.718149
0.744070 0.000401 0.001179 0.000500 0.000284 0.246022 0.007545 1.718190
0.747104 0.000392 0.001126 0.000479 0.000272 0.243077 0.007552 1.718225
0.750134 0.000382 0.001067 0.000445 0.000268 0.240149 0.007556 1.718257
0.753058 0.000364 0.001020 0.000424 0.000255 0.237321 0.007560 1.718296
0.755988 0.000353 0.000970 0.000408 0.000249 0.234470 0.007563 1.718327
0.758886 0.000330 0.000931 0.000387 0.000243 0.231656 0.007568 1.718369
0.761715 0.000309 0.000895 0.000365 0.000234 0.228910 0.007573 1.718402
0.764562 0.000292 0.000854 0.000345 0.000227 0.226146 0.007575 1.718436
0.767301 0.000279 0.000818 0.000325 0.000221 0.223479 0.007579 1.718464
0.770081 0.000271 0.000774 0.000307 0.000213 0.220773 0.007583 1.718489
0.772868 0.000257 0.000739 0.000292 0.000206 0.218053 0.007584 1.718516
0.775539 0.000246 0.000707 0.000281 0.000201 0.215438 0.007587 1.718539
0.778197 0.000242 0.000674 0.000268 0.000197 0.212834 0.007589 1.718561
0.780859 0.000239 0.000645 0.000252 0.000191 0.210224 0.007590 1.718584
0.783461 0.000230 0.000615 0.000248 0.000182 0.207671 0.007593 1.718605
0.785989 0.000227 0.000584 0.000234 0.000175 0.205193 0.007597 1.718628
0.788545 0.000220 0.000561 0.000222 0.000169 0.202683 0.007600 1.718651
0.791012 0.000218 0.000542 0.000208 0.000162 0.200256 0.007603 1.718667
0.793529 0.000203 0.000518 0.000204 0.000155 0.197783 0.007608 1.718691
0.795988 0.000195 0.000493 0.000197 0.000148 0.195369 0.007610 1.718713
0.798441 0.000186 0.000473 0.000191 0.000145 0.192954 0.007611 1.718735
0.800891 0.000181 0.000450 0.000181 0.000141 0.190545 0.007613 1.718749
0.803307 0.000177 0.000433 0.000172 0.000137 0.188160 0.007614 1.718768
0.805682 0.000170 0.000413 0.000166 0.000134 0.185819 0.007616 1.718786
0.807980 0.000170 0.000391 0.000160 0.000130 0.183551 0.007617 1.718800
0.810242 0.000167 0.000370 0.000157 0.000126 0.181319 0.007618 1.718816
0.812507 0.000170 0.000357 0.000148 0.000120 0.179077 0.007620 1.718829
0.814677 0.000167 0.000347 0.000143 0.000116 0.176928 0.007621 1.718845
0.816788 0.000156 0.000335 0.000139 0.000114 0.174845 0.007623 1.718865
0.818940 0.000151 0.000326 0.000136 0.000111 0.172711 0.007625 1.718880
0.821043 0.000149 0.000319 0.000128 0.000106 0.170628 0.007626 1.718893
0.823129 0.000148 0.000305 0.000121 0.000101 0.168565 0.007629 1.718904
0.825166 0.000142 0.000294 0.000114 0.000098 0.166553 0.007632 1.718919
0.827233 0.000138 0.000284 0.000108 0.000093 0.164508 0.007634 1.718935
0.829205 0.000140 0.000272 0.000103 0.000089 0.162555 0.007636 1.718945
0.831196 0.000138 0.000260 0.000099 0.000084 0.160583 0.007638 1.718954
0.833091 0.000139 0.000258 0.000095 0.000081 0.158697 0.007638 1.718966
0.835008 0.000137 0.000252 0.000092 0.000074 0.156794 0.007641 1.718979
0.836938 0.000130 0.000244 0.000089 0.000073 0.154884 0.007642 1.718992
0.838807 0.000128 0.000234 0.000088 0.000069 0.153029 0.007644 1.719006
0.840613 0.000122 0.000224 0.000085 0.000067 0.151244 0.007645 1.719018
0.842352 0.000120 0.000217 0.000082 0.000064 0.149519 0.007646 1.719027
0.844095 0.000118 0.000209 0.000081 0.000063 0.147787 0.007646 1.719037
0.845856 0.000110 0.000201 0.000081 0.000061 0.146044 0.007647 1.719050
0.847520 0.000106 0.000193 0.000077 0.000058 0.144397 0.007648 1.719062
0.849136 0.000097 0.000191 0.000074 0.000057 0.142797 0.007648 1.719075
0.850670 0.000092 0.000188 0.000071 0.000056 0.141274 0.007648 1.719085
0.852217 0.000088 0.000181 0.000071 0.000053 0.139740 0.007650 1.719096
0.853711 0.000084 0.000170 0.000071 0.000051 0.138261 0.007651 1.719103
0.855171 0.000086 0.000164 0.000068 0.000049 0.136809 0.007651 1.719109
0.856610 0.000079 0.000158 0.000066 0.000046 0.135385 0.007654 1.719119
0.858040 0.000076 0.000152 0.000064 0.000044 0.133969 0.007654 1.719128
0.859451 0.000073 0.000144 0.000063 0.000041 0.132570 0.007656 1.719134
0.860796 0.000070 0.000142 0.000060 0.000039 0.131235 0.007657 1.719142
0.862143 0.000067 0.000137 0.000057 0.000039 0.129899 0.007657 1.719149
0.863470 0.000067 0.000133 0.000055 0.000036 0.128581 0.007658 1.719153
0.864772 0.000071 0.000126 0.000055 0.000034 0.127283 0.007658 1.719159
0.866000 0.000071 0.000122 0.000053 0.000033 0.126061 0.007659 1.719166
0.867245 0.000068 0.000121 0.000054 0.000033 0.124819 0.007659 1.719173
0.868438 0.000065 0.000118 0.000053 0.000031 0.123634 0.007660 1.719181
0.869570 0.000065 0.000114 0.000052 0.000031 0.122507 0.007660 1.719186
0.870643 0.000066 0.000112 0.000053 0.000029 0.121436 0.007660 1.719194
0.871736 0.000061 0.000108 0.000051 0.000027 0.120355 0.007661 1.719200
0.872740 0.000057 0.000109 0.000053 0.000025 0.119353 0.007662 1.719208
0.873771 0.000056 0.000102 0.000048 0.000024 0.118334 0.007663 1.719213
0.874733 0.000055 0.000097 0.000044 0.000022 0.117383 0.007664 1.719218
0.875686 0.000052 0.000095 0.000043 0.000022 0.116437 0.007664 1.719224
0.876614 0.000051 0.000091 0.000041 0.000020 0.115516 0.007665 1.719228
0.877540 0.000050 0.000087 0.000043 0.000020 0.114594 0.007665 1.719234
0.878409 0.000050 0.000087 0.000043 0.000020 0.113725 0.007665 1.719238
0.879215 0.000051 0.000082 0.000043 0.000019 0.112924 0.007665 1.719241
0.880036 0.000045 0.000083 0.000043 0.000018 0.112109 0.007665 1.719249
0.880824 0.000043 0.000079 0.000041 0.000017 0.111331 0.007665 1.719253
0.881576 0.000042 0.000073 0.000041 0.000017 0.110585 0.007665 1.719256
0.882283 0.000041 0.000069 0.000040 0.000016 0.109885 0.007666 1.719260
0.883006 0.000037 0.000067 0.000039 0.000016 0.109169 0.007666 1.719266
0.883661 0.000037 0.000066 0.000037 0.000016 0.108516 0.007666 1.719270
0.884330 0.000034 0.000063 0.000037 0.000016 0.107854 0.007666 1.719274
0.884992 0.000036 0.000060 0.000032 0.000015 0.107198 0.007666 1.719274
0.885610 0.000034 0.000057 0.000031 0.000016 0.106585 0.007666 1.719277
0.886229 0.000033 0.000053 0.000029 0.000015 0.105974 0.007666 1.719279
0.886830 0.000031 0.000052 0.000027 0.000015 0.105378 0.007666 1.719283
0.887409 0.000031 0.000050 0.000024 0.000015 0.104805 0.007667 1.719285
0.887959 0.000032 0.000046 0.000024 0.000015 0.104257 0.007667 1.719287
0.888493 0.000031 0.000047 0.000024 0.000014 0.103723 0.007668 1.719291
0.889007 0.000030 0.000048 0.000022 0.000014 0.103211 0.007668 1.719294
0.889465 0.000031 0.000045 0.000021 0.000013 0.102755 0.007668 1.719298
0.889930 0.000029 0.000044 0.000022 0.000013 0.102294 0.007668 1.719302
0.890380 0.000027 0.000043 0.000022 0.000012 0.101848 0.007668 1.719304
0.890830 0.000028 0.000042 0.000021 0.000012 0.101398 0.007668 1.719306
0.891256 0.000027 0.000043 0.000021 0.000011 0.100973 0.007668 1.719310
0.891668 0.000025 0.000043 0.000022 0.000010 0.100563 0.007669 1.719313
0.892049 0.000025 0.000041 0.000021 0.000009 0.100186 0.007669 1.719315
0.892393 0.000024 0.000037 0.000021 0.000009 0.099847 0.007669 1.719316
0.892734 0.000022 0.000034 0.000020 0.000008 0.099511 0.007669 1.719318
0.893070 0.000024 0.000032 0.000019 0.000008 0.099177 0.007669 1.719318
0.893397 0.000022 0.000029 0.000019 0.000007 0.098855 0.007669 1.719321
0.893706 0.000020 0.000028 0.000019 0.000007 0.098550 0.007669 1.719323
0.894003 0.000019 0.000028 0.000019 0.000007 0.098254 0.007669 1.719325
0.894288 0.000017 0.000028 0.000018 0.000006 0.097972 0.007669 1.719328
0.894566 0.000017 0.000026 0.000018 0.000005 0.097696 0.007670 1.719329
0.894821 0.000013 0.000028 0.000018 0.000004 0.097443 0.007671 1.719332
0.895056 0.000014 0.000026 0.000016 0.000004 0.097212 0.007671 1.719332
0.895286 0.000014 0.000023 0.000016 0.000004 0.096984 0.007671 1.719333
0.895510 0.000013 0.000022 0.000016 0.000004 0.096764 0.007671 1.719335
0.895709 0.000013 0.000021 0.000014 0.000004 0.096568 0.007671 1.719336
0.895892 0.000011 0.000021 0.000014 0.000004 0.096387 0.007671 1.719338
0.896095 0.000011 0.000021 0.000014 0.000003 0.096186 0.007671 1.719339
0.896281 0.000010 0.000021 0.000014 0.000003 0.095999 0.007671 1.719340
0.896464 0.000011 0.000021 0.000014 0.000003 0.095815 0.007671 1.719340
0.896621 0.000011 0.000020 0.000014 0.000002 0.095661 0.007672 1.719341
0.896783 0.000011 0.000020 0.000012 0.000002 0.095502 0.007672 1.719341
0.896949 0.000009 0.000018 0.000012 0.000002 0.095338 0.007672 1.719343
0.897093 0.000009 0.000017 0.000011 0.000002 0.095196 0.007672 1.719343
0.897225 0.000009 0.000018 0.000010 0.000002 0.095065 0.007672 1.719344
0.897349 0.000009 0.000017 0.000010 0.000002 0.094942 0.007672 1.719345
0.897475 0.000008 0.000016 0.000009 0.000002 0.094818 0.007672 1.719346
0.897582 0.000007 0.000016 0.000009 0.000002 0.094713 0.007672 1.719348
0.897697 0.000008 0.000016 0.000008 0.000002 0.094597 0.007672 1.719349
0.897811 0.000008 0.000015 0.000008 0.000002 0.094484 0.007672 1.719349
0.897914 0.000008 0.000015 0.000008 0.000002 0.094381 0.007672 1.719350
0.898024 0.000007 0.000014 0.000008 0.000002 0.094273 0.007672 1.719351
0.898110 0.000008 0.000014 0.000007 0.000002 0.094188 0.007672 1.719351
0.898198 0.000007 0.000014 0.000007 0.000002 0.094101 0.007672 1.719352
0.898276 0.000007 0.000015 0.000007 0.000002 0.094022 0.007672 1.719353
0.898350 0.000007 0.000014 0.000007 0.000002 0.093949 0.007672 1.719353
0.898422 0.000006 0.000015 0.000007 0.000002 0.093877 0.007672 1.719354
0.898492 0.000006 0.000014 0.000007 0.000002 0.093808 0.007672 1.719355
0.898550 0.000006 0.000012 0.000007 0.000002 0.093751 0.007672 1.719355
0.898616 0.000006 0.000012 0.000006 0.000002 0.093688 0.007672 1.719356
0.898671 0.000005 0.000011 0.000006 0.000002 0.093634 0.007672 1.719357
0.898727 0.000005 0.000010 0.000006 0.000002 0.093579 0.007672 1.719357
0.898780 0.000005 0.000009 0.000006 0.000002 0.093527 0.007672 1.719358
0.898826 0.000004 0.000009 0.000006 0.000002 0.093481 0.007672 1.719359
0.898869 0.000003 0.000010 0.000005 0.000002 0.093439 0.007672 1.719360
0.898911 0.000004 0.000009 0.000004 0.000002 0.093398 0.007672 1.719360
0.898949 0.000004 0.000009 0.000004 0.000002 0.093361 0.007672 1.719360
0.898987 0.000005 0.000009 0.000003 0.000001 0.093323 0.007672 1.719360
0.899024 0.000005 0.000007 0.000002 0.000001 0.093289 0.007672 1.719360
0.899065 0.000004 0.000008 0.000002 0.000001 0.093249 0.007672 1.719361
0.899104 0.000004 0.000008 0.000002 0.000001 0.093210 0.007672 1.719361
0.899134 0.000004 0.000007 0.000002 0.000001 0.093180 0.007672 1.719362
0.899168 0.000005 0.000007 0.000002 0.000001 0.093144 0.007672 1.719362
0.899201 0.000006 0.000007 0.000002 0.000001 0.093111 0.007672 1.719362
0.899226 0.000006 0.000007 0.000002 0.000001 0.093087 0.007672 1.719362
0.899258 0.000006 0.000007 0.000002 0.000001 0.093054 0.007672 1.719362
0.899285 0.000004 0.000007 0.000002 0.000001 0.093028 0.007672 1.719364
0.899317 0.000005 0.000007 0.000002 0.000001 0.092997 0.007672 1.719364
0.899340 0.000005 0.000006 0.000002 0.000001 0.092974 0.007672 1.719364
0.899372 0.000006 0.000006 0.000002 0.000001 0.092941 0.007672 1.719364
0.899404 0.000005 0.000006 0.000002 0.000001 0.092910 0.007672 1.719364
0.899434 0.000006 0.000006 0.000002 0.000001 0.092880 0.007672 1.719365
0.899458 0.000005 0.000007 0.000002 0.000001 0.092855 0.007672 1.719366
0.899482 0.000004 0.000007 0.000002 0.000002 0.092831 0.007672 1.719367
0.899504 0.000005 0.000006 0.000002 0.000002 0.092809 0.007672 1.719367
0.899530 0.000004 0.000007 0.000002 0.000002 0.092783 0.007672 1.719368
0.899558 0.000003 0.000006 0.000003 0.000002 0.092757 0.007672 1.719369
0.899579 0.000003 0.000007 0.000002 0.000002 0.092735 0.007672 1.719369
0.899608 0.000003 0.000007 0.000002 0.000002 0.092706 0.007672 1.719369
0.899634 0.000003 0.000007 0.000001 0.000002 0.092680 0.007672 1.719369
0.899659 0.000003 0.000007 0.000001 0.000002 0.092655 0.007672 1.719370
0.899676 0.000004 0.000007 0.000001 0.000002 0.092638 0.007672 1.719370
0.899697 0.000003 0.000007 0.000001 0.000002 0.092616 0.007672 1.719371
0.899718 0.000004 0.000007 0.000001 0.000002 0.092596 0.007672 1.719371
0.899745 0.000004 0.000007 0.000001 0.000002 0.092569 0.007672 1.719371
0.899764 0.000005 0.000007 0.000001 0.000002 0.092549 0.007672 1.719371
0.899789 0.000005 0.000007 0.000002 0.000002 0.092524 0.007672 1.719372
0.899809 0.000003 0.000006 0.000003 0.000001 0.092504 0.007673 1.719373
0.899825 0.000003 0.000006 0.000002 0.000001 0.092491 0.007673 1.719373
0.899845 0.000003 0.000005 0.000002 0.000001 0.092471 0.007673 1.719373
0.899859 0.000003 0.000003 0.000002 0.000001 0.092458 0.007673 1.719373
0.899873 0.000003 0.000003 0.000002 0.000001 0.092445 0.007673 1.719374
0.899880 0.000003 0.000003 0.000002 0.000001 0.092438 0.007673 1.719374
0.899894 0.000003 0.000003 0.000002 0.000001 0.092424 0.007673 1.719374
0.899907 0.000003 0.000003 0.000002 0.000001 0.092410 0.007673 1.719374
0.899919 0.000003 0.000003 0.000002 0.000001 0.092399 0.007673 1.719374
0.899935 0.000003 0.000003 0.000002 0.000001 0.092382 0.007673 1.719374
0.899947 0.000004 0.000003 0.000002 0.000001 0.092370 0.007673 1.719374
0.899962 0.000005 0.000003 0.000002 0.000001 0.092355 0.007673 1.719374
0.899975 0.000005 0.000002 0.000003 0.000001 0.092341 0.007673 1.719375
0.899985 0.000005 0.000003 0.000003 0.000001 0.092331 0.007673 1.719375
0.899997 0.000004 0.000003 0.000003 0.000001 0.092319 0.007673 1.719376
0.900012 0.000004 0.000002 0.000003 0.000000 0.092305 0.007673 1.719376
0.900023 0.000005 0.000002 0.000003 0.000001 0.092292 0.007673 1.719376
0.900036 0.000006 0.000002 0.000003 0.000001 0.092280 0.007673 1.719376
0.900045 0.000006 0.000003 0.000002 0.000001 0.092270 0.007673 1.719376
0.900053 0.000005 0.000003 0.000003 0.000001 0.092262 0.007673 1.719377
0.900065 0.000005 0.000003 0.000002 0.000001 0.092252 0.007673 1.719378
0.900075 0.000005 0.000003 0.000002 0.000001 0.092241 0.007673 1.719378
0.900084 0.000006 0.000003 0.000002 0.000001 0.092231 0.007673 1.719378
0.900093 0.000005 0.000003 0.000002 0.000001 0.092222 0.007673 1.719379
0.900101 0.000005 0.000003 0.000002 0.000001 0.092214 0.007673 1.719379
0.900112 0.000005 0.000004 0.000002 0.000001 0.092203 0.007673 1.719380
0.900121 0.000005 0.000005 0.000002 0.000000 0.092193 0.007673 1.719380
0.900128 0.000005 0.000006 0.000002 0.000000 0.092186 0.007673 1.719381
0.900134 0.000005 0.000005 0.000002 0.000000 0.092180 0.007673 1.719381
0.900140 0.000005 0.000005 0.000003 0.000000 0.092174 0.007673 1.719382
0.900147 0.000005 0.000005 0.000003 0.000000 0.092166 0.007673 1.719383
0.900162 0.000005 0.000004 0.000003 0.000000 0.092152 0.007673 1.719383
0.900172 0.000004 0.000004 0.000004 0.000000 0.092142 0.007673 1.719383
0.900185 0.000004 0.000004 0.000004 0.000000 0.092129 0.007673 1.719383
0.900192 0.000003 0.000005 0.000004 0.000000 0.092121 0.007673 1.719384
0.900198 0.000003 0.000004 0.000004 0.000000 0.092117 0.007673 1.719385
0.900208 0.000003 0.000003 0.000004 0.000000 0.092108 0.007673 1.719385
0.900214 0.000003 0.000003 0.000004 0.000000 0.092103 0.007673 1.719385
0.900224 0.000003 0.000003 0.000003 0.000000 0.092093 0.007673 1.719385
0.900237 0.000003 0.000003 0.000003 0.000000 0.092080 0.007673 1.719385
0.900248 0.000003 0.000003 0.000003 0.000000 0.092069 0.007673 1.719385
0.900254 0.000002 0.000003 0.000003 0.000000 0.092064 0.007673 1.719386
0.900260 0.000002 0.000002 0.000003 0.000000 0.092059 0.007673 1.719386
0.900266 0.000001 0.000003 0.000003 0.000000 0.092053 0.007673 1.719387
0.900271 0.000001 0.000003 0.000001 0.000000 0.092049 0.007673 1.719387
0.900278 0.000001 0.000003 0.000001 0.000000 0.092042 0.007673 1.719387
0.900286 0.000001 0.000003 0.000000 0.000000 0.092035 0.007673 1.719387
0.900294 0.000001 0.000003 0.000000 0.000000 0.092028 0.007673 1.719387
0.900301 0.000001 0.000003 0.000000 0.000001 0.092021 0.007673 1.719387
0.900306 0.000000 0.000003 0.000000 0.000001 0.092015 0.007673 1.719388
0.900312 0.000000 0.000003 0.000000 0.000001 0.092010 0.007673 1.719389
0.900317 0.000000 0.000003 0.000000 0.000001 0.092005 0.007673 1.719389
0.900321 0.000000 0.000003 0.000000 0.000001 0.092002 0.007673 1.719389
0.900326 0.000000 0.000003 0.000000 0.000001 0.091996 0.007673 1.719389
0.900328 0.000001 0.000003 0.000000 0.000001 0.091993 0.007673 1.719389
0.900332 0.000001 0.000003 0.000000 0.000000 0.091989 0.007673 1.719389
0.900337 0.000001 0.000003 0.000000 0.000000 0.091985 0.007673 1.719389
0.900340 0.000002 0.000003 0.000000 0.000000 0.091981 0.007673 1.719389
0.900342 0.000003 0.000003 0.000000 0.000000 0.091979 0.007673 1.719389
0.900347 0.000002 0.000003 0.000001 0.000000 0.091973 0.007673 1.719389
0.900350 0.000002 0.000003 0.000001 0.000000 0.091970 0.007673 1.719389
0.900354 0.000002 0.000003 0.000001 0.000000 0.091966 0.007673 1.719389
0.900359 0.000002 0.000002 0.000001 0.000000 0.091962 0.007673 1.719389
0.900363 0.000002 0.000002 0.000001 0.000000 0.091958 0.007673 1.719389
0.900365 0.000002 0.000002 0.000001 0.000000 0.091956 0.007673 1.719389
0.900369 0.000001 0.000003 0.000001 0.000000 0.091952 0.007673 1.719390
0.900371 0.000001 0.000003 0.000001 0.000000 0.091950 0.007673 1.719390
0.900379 0.000001 0.000003 0.000001 0.000000 0.091942 0.007674 1.719390
0.900380 0.000001 0.000003 0.000001 0.000000 0.091941 0.007674 1.719390
0.900382 0.000001 0.000003 0.000001 0.000000 0.091938 0.007674 1.719390
0.900383 0.000002 0.000002 0.000001 0.000000 0.091938 0.007674 1.719390
0.900384 0.000001 0.000003 0.000001 0.000000 0.091937 0.007674 1.719391
0.900385 0.000001 0.000003 0.000001 0.000000 0.091936 0.007674 1.719391
0.900385 0.000001 0.000003 0.000001 0.000000 0.091936 0.007674 1.719391
0.900386 0.000001 0.000003 0.000001 0.000000 0.091935 0.007674 1.719391
0.900387 0.000001 0.000003 0.000001 0.000000 0.091933 0.007674 1.719391
0.900388 0.000001 0.000002 0.000001 0.000000 0.091933 0.007674 1.719391
0.900389 0.000001 0.000002 0.000001 0.000000 0.091931 0.007674 1.719391
0.900389 0.000002 0.000002 0.000001 0.000000 0.091932 0.007674 1.719391
0.900389 0.000002 0.000002 0.000001 0.000000 0.091931 0.007674 1.719391
0.900390 0.000001 0.000003 0.000001 0.000000 0.091930 0.007674 1.719392
0.900391 0.000001 0.000003 0.000001 0.000000 0.091930 0.007674 1.719392
0.900391 0.000001 0.000003 0.000000 0.000000 0.091930 0.007674 1.719392
0.900391 0.000001 0.000003 0.000000 0.000000 0.091930 0.007674 1.719392
0.900392 0.000001 0.000003 0.000000 0.000000 0.091929 0.007674 1.719392
0.900393 0.000001 0.000003 0.000000 0.000000 0.091929 0.007674 1.719392
0.900393 0.000001 0.000003 0.000000 0.000000 0.091928 0.007674 1.719392
0.900393 0.000001 0.000002 0.000000 0.000000 0.091928 0.007674 1.719392
0.900394 0.000001 0.000003 0.000000 0.000000 0.091927 0.007674 1.719393
0.900394 0.000001 0.000003 0.000000 0.000000 0.091927 0.007674 1.719393
0.900396 0.000001 0.000003 0.000000 0.000000 0.091926 0.007674 1.719393
0.900396 0.000000 0.000003 0.000000 0.000000 0.091926 0.007674 1.719394
0.900396 0.000000 0.000003 0.000000 0.000000 0.091925 0.007674 1.719394
0.900398 0.000000 0.000003 0.000000 0.000000 0.091923 0.007674 1.719394
0.900399 0.000000 0.000003 0.000000 0.000000 0.091922 0.007674 1.719394
0.900401 0.000000 0.000003 0.000000 0.000000 0.091921 0.007674 1.719394
0.900402 0.000000 0.000003 0.000000 0.000000 0.091920 0.007674 1.719394
0.900403 0.000000 0.000003 0.000000 0.000000 0.091920 0.007674 1.719394
0.900404 0.000000 0.000003 0.000000 0.000000 0.091918 0.007674 1.719394
0.900405 0.000001 0.000003 0.000000 0.000000 0.091917 0.007674 1.719394
0.900405 0.000001 0.000002 0.000000 0.000000 0.091918 0.007674 1.719394
0.900406 0.000001 0.000002 0.000000 0.000000 0.091916 0.007674 1.719394
0.900406 0.000001 0.000001 0.000000 0.000000 0.091917 0.007674 1.719394
0.900408 0.000000 0.000001 0.000001 0.000000 0.091915 0.007674 1.719394
0.900408 0.000000 0.000000 0.000001 0.000000 0.091916 0.007674 1.719394
0.900409 0.000000 0.000000 0.000001 0.000000 0.091914 0.007674 1.719394
0.900410 0.000000 0.000000 0.000001 0.000000 0.091913 0.007674 1.719394
0.900411 0.000000 0.000000 0.000001 0.000000 0.091913 0.007674 1.719394
0.900411 0.000000 0.000000 0.000001 0.000000 0.091913 0.007674 1.719394
0.900412 0.000000 0.000000 0.000001 0.000000 0.091912 0.007674 1.719394
0.900412 0.000000 0.000000 0.000001 0.000000 0.091912 0.007674 1.719394
0.900413 0.000000 0.000000 0.000001 0.000000 0.091911 0.007674 1.719394
0.900413 0.000000 0.000000 0.000001 0.000000 0.091911 0.007674 1.719394
0.900413 0.000000 0.000000 0.000001 0.000000 0.091911 0.007674 1.719394
0.900414 0.000000 0.000000 0.000001 0.000000 0.091911 0.007674 1.719394
0.900414 0.000000 0.000000 0.000001 0.000000 0.091910 0.007674 1.719394
0.900414 0.000001 0.000000 0.000001 0.000000 0.091910 0.007674 1.719394
0.900414 0.000001 0.000000 0.000001 0.000000 0.091909 0.007674 1.719394
0.900415 0.000001 0.000000 0.000001 0.000000 0.091909 0.007674 1.719394
0.900415 0.000001 0.000000 0.000001 0.000000 0.091908 0.007674 1.719394
0.900415 0.000001 0.000000 0.000000 0.000000 0.091909 0.007674 1.719394
0.900416 0.000001 0.000000 0.000000 0.000000 0.091908 0.007674 1.719394
0.900416 0.000001 0.000000 0.000000 0.000000 0.091909 0.007674 1.719394
0.900416 0.000001 0.000000 0.000000 0.000000 0.091908 0.007674 1.719394
0.900417 0.000001 0.000000 0.000000 0.000000 0.091908 0.007674 1.719394
0.900417 0.000001 0.000000 0.000000 0.000000 0.091907 0.007674 1.719394
0.900418 0.000001 0.000000 0.000000 0.000000 0.091907 0.007674 1.719394
0.900418 0.000001 0.000000 0.000000 0.000000 0.091907 0.007674 1.719394
0.900419 0.000001 0.000000 0.000000 0.000000 0.091906 0.007674 1.719394
0.900419 0.000001 0.000000 0.000000 0.000000 0.091906 0.007674 1.719394
0.900420 0.000001 0.000000 0.000000 0.000000 0.091905 0.007674 1.719394
0.900421 0.000001 0.000000 0.000000 0.000000 0.091904 0.007674 1.719394
0.900420 0.000001 0.000000 0.000000 0.000000 0.091904 0.007674 1.719394
0.900420 0.000002 0.000000 0.000000 0.000000 0.091904 0.007674 1.719394
0.900420 0.000002 0.000000 0.000000 0.000000 0.091903 0.007674 1.719394
0.900421 0.000002 0.000000 0.000000 0.000000 0.091903 0.007674 1.719394
0.900421 0.000002 0.000000 0.000000 0.000000 0.091903 0.007674 1.719394
0.900422 0.000002 0.000000 0.000000 0.000000 0.091902 0.007674 1.719394
0.900422 0.000001 0.000000 0.000000 0.000000 0.091902 0.007674 1.719395
0.900422 0.000001 0.000000 0.000000 0.000000 0.091903 0.007674 1.719395
0.900422 0.000001 0.000000 0.000000 0.000000 0.091902 0.007674 1.719395
0.900423 0.000001 0.000000 0.000000 0.000000 0.091901 0.007674 1.719395
0.900423 0.000001 0.000000 0.000000 0.000000 0.091901 0.007674 1.719395
0.900424 0.000001 0.000000 0.000000 0.000000 0.091900 0.007674 1.719395
0.900424 0.000001 0.000000 0.000000 0.000000 0.091900 0.007674 1.719395
0.900425 0.000001 0.000000 0.000000 0.000000 0.091899 0.007674 1.719395
0.900425 0.000001 0.000000 0.000000 0.000000 0.091899 0.007674 1.719395
0.900425 0.000001 0.000000 0.000000 0.000000 0.091899 0.007674 1.719395
0.900426 0.000001 0.000000 0.000000 0.000000 0.091898 0.007674 1.719395
0.900426 0.000001 0.000000 0.000000 0.000000 0.091898 0.007674 1.719395
0.900427 0.000001 0.000000 0.000000 0.000000 0.091898 0.007674 1.719395
0.900427 0.000001 0.000000 0.000000 0.000000 0.091897 0.007674 1.719395
0.900427 0.000000 0.000001 0.000000 0.000000 0.091897 0.007674 1.719396
0.900427 0.000000 0.000000 0.000000 0.000000 0.091898 0.007674 1.719396
0.900428 0.000000 0.000000 0.000000 0.000000 0.091897 0.007674 1.719396
0.900428 0.000000 0.000000 0.000000 0.000000 0.091897 0.007674 1.719396
0.900429 0.000000 0.000000 0.000000 0.000000 0.091896 0.007674 1.719396
0.900429 0.000000 0.000000 0.000000 0.000000 0.091896 0.007674 1.719396
0.900430 0.000000 0.000000 0.000000 0.000000 0.091895 0.007674 1.719396
0.900431 0.000000 0.000000 0.000000 0.000000 0.091894 0.007674 1.719396
0.900431 0.000000 0.000000 0.000000 0.000000 0.091894 0.007674 1.719396
0.900431 0.000000 0.000000 0.000000 0.000000 0.091893 0.007674 1.719396
0.900432 0.000000 0.000000 0.000000 0.000000 0.091893 0.007674 1.719396
0.900432 0.000000 0.000000 0.000000 0.000000 0.091892 0.007674 1.719396
0.900432 0.000000 0.000000 0.000000 0.000000 0.091893 0.007674 1.719396
0.900433 0.000000 0.000000 0.000000 0.000000 0.091892 0.007674 1.719396
0.900433 0.000000 0.000000 0.000000 0.000000 0.091892 0.007674 1.719396
0.900434 0.000000 0.000000 0.000000 0.000000 0.091892 0.007674 1.719396
0.900434 0.000000 0.000000 0.000000 0.000000 0.091891 0.007674 1.719396
0.900435 0.000000 0.000000 0.000000 0.000000 0.091890 0.007674 1.719396
0.900435 0.000000 0.000000 0.000000 0.000000 0.091890 0.007674 1.719396
0.900436 0.000000 0.000000 0.000000 0.000000 0.091889 0.007674 1.719396
0.900436 0.000000 0.000000 0.000000 0.000000 0.091890 0.007674 1.719396
0.900436 0.000000 0.000000 0.000000 0.000000 0.091890 0.007674 1.719396
0.900436 0.000000 0.000000 0.000000 0.000000 0.091890 0.007674 1.719396
0.900436 0.000000 0.000000 0.000000 0.000000 0.091890 0.007674 1.719396
0.900436 0.000000 0.000000 0.000000 0.000000 0.091890 0.007674 1.719396
0.900436 0.000000 0.000000 0.000000 0.000000 0.091890 0.007674 1.719396
0.900436 0.000000 0.000000 0.000000 0.000000 0.091890 0.007674 1.719396
0.900436 0.000000 0.000000 0.000000 0.000000 0.091890 0.007674 1.719396
0.900436 0.000000 0.000000 0.000000 0.000000 0.091890 0.007674 1.719396
0.900436 0.000000 0.000000 0.000000 0.000000 0.091890 0.007674 1.719396
0.900436 0.000000 0.000000 0.000000 0.000000 0.091890 0.007674 1.719396
0.900436 0.000000 0.000000 0.000000 0.000000 0.091890 0.007674 1.719396
0.900436 0.000000 0.000000 0.000000 0.000000 0.091890 0.007674 1.719396
0.900436 0.000000 0.000000 0.000000 0.000000 0.091890 0.007674 1.719396
0.900436 0.000000 0.000000 0.000000 0.000000 0.091890 0.007674 1.719396
0.900436 0.000000 0.000000 0.000000 0.000000 0.091890 0.007674 1.719396
0.900436 0.000000 0.000000 0.000000 0.000000 0.091890 0.007674 1.719396
0.900436 0.000000 0.000000 0.000000 0.000000 0.091890 0.007674 1.719396
0.900436 0.000000 0.000000 0.000000 0.000000 0.091890 0.007674 1.719396
0.900436 0.000000 0.000000 0.000000 0.000000 0.091890 0.007674 1.719396
0.900436 0.000000 0.000000 0.000000 0.000000 0.091890 0.007674 1.719396
0.900436 0.000000 0.000000 0.000000 0.000000 0.091890 0.007674 1.719396
0.900436 0.000000 0.000000 0.000000 0.000000 0.091890 0.007674 1.719396
0.900436 0.000000 0.000000 0.000000 0.000000 0.091890 0.007674 1.719396
0.900436 0.000000 0.000000 0.000000 0.000000 0.091890 0.007674 1.719396
0.900436 0.000000 0.000000 0.000000 0.000000 0.091890 0.007674 1.719396
0.900436 0.000000 0.000000 0.000000 0.000000 0.091890 0.007674 1.719396
0.900436 0.000000 0.000000 0.000000 0.000000 0.091890 0.007674 1.719396
0.900436 0.000000 0.000000 0.000000 0.000000 0.091890 0.007674 1.719396
0.900436 0.000000 0.000000 0.000000 0.000000 0.091890 0.007674 1.719396
0.900436 0.000000 0.000000 0.000000 0.000000 0.091890 0.007674 1.719396
0.900436 0.000000 0.000000 0.000000 0.000000 0.091890 0.007674 1.719396
0.900436 0.000000 0.000000 0.000000 0.000000 0.091890 0.007674 1.719396
0.900436 0.000000 0.000000 0.000000 0.000000 0.091890 0.007674 1.719396
0.900436 0.000000 0.000000 0.000000 0.000000 0.091890 0.007674 1.719396
0.900436 0.000000 0.000000 0.000000 0.000000 0.091890 0.007674 1.719396
0.900436 0.000000 0.000000 0.000000 0.000000 0.091890 0.007674 1.719396
0.900436 0.000000 0.000000 0.000000 0.000000 0.091890 0.007674 1.719396
0.900436 0.000000 0.000000 0.000000 0.000000 0.091890 0.007674 1.719396
0.900436 0.000000 0.000000 0.000000 0.000000 0.091890 0.007674 1.719396
0.900436 0.000000 0.000000 0.000000 0.000000 0.091890 0.007674 1.719396
0.900436 0.000000 0.000000 0.000000 0.000000 0.091890 0.007674 1.719396
0.900436 0.000000 0.000000 0.000000 0.000000 0.091890 0.007674 1.719396
0.900436 0.000000 0.000000 0.000000 0.000000 0.091890 0.007674 1.719396
0.900436 0.000000 0.000000 0.000000 0.000000 0.091890 0.007674 1.719396
0.900436 0.000000 0.000000 0.000000 0.000000 0.091890 0.007674 1.719396
0.900436 0.000000 0.000000 0.000000 0.000000 0.091890 0.007674 1.719396
0.900436 0.000000 0.000000 0.000000 0.000000 0.091890 0.007674 1.719396
0.900436 0.000000 0.000000 0.000000 0.000000 0.091890 0.007674 1.719396
0.900436 0.000000 0.000000 0.000000 0.000000 0.091890 0.007674 1.719396
0.900436 0.000000 0.000000 0.000000 0.000000 0.091890 0.007674 1.719396
0.900436 0.000000 0.000000 0.000000 0.000000 0.091890 0.007674 1.719396
0.900436 0.000000 0.000000 0.000000 0.000000 0.091890 0.007674 1.719396
0.900436 0.000000 0.000000 0.000000 0.000000 0.091890 0.007674 1.719396
0.900436 0.000000 0.000000 0.000000 0.000000 0.091890 0.007674 1.719396
0.900436 0.000000 0.000000 0.000000 0.000000 0.091890 0.007674 1.719396
0.900436 0.000000 0.000000 0.000000 0.000000 0.091890 0.007674 1.719396
0.900436 0.000000 0.000000 0.000000 0.000000 0.091890 0.007674 1.719396
0.900436 0.000000 0.000000 0.000000 0.000000 0.091890 0.007674 1.719396
0.900436 0.000000 0.000000 0.000000 0.000000 0.091890 0.007674 1.719396
0.900436 0.000000 0.000000 0.000000 0.000000 0.091890 0.007674 1.719396
0.900436 0.000000 0.000000 0.000000 0.000000 0.091890 0.007674 1.719396
0.900436 0.000000 0.000000 0.000000 0.000000 0.091890 0.007674 1.719396
0.900436 0.000000 0.000000 0.000000 0.000000 0.091890 0.007674 1.719396
0.900436 0.000000 0.000000 0.000000 0.000000 0.091890 0.007674 1.719396
0.900436 0.000000 0.000000 0.000000 0.000000 0.091890 0.007674 1.719396
0.900436 0.000000 0.000000 0.000000 0.000000 0.091890 0.007674 1.719396
0.900436 0.000000 0.000000 0.000000 0.000000 0.091890 0.007674 1.719396
0.900436 0.000000 0.000000 0.000000 0.000000 0.091890 0.007674 1.719396
0.900436 0.000000 0.000000 0.000000 0.000000 0.091890 0.007674 1.719396
0.900436 0.000000 0.000000 0.000000 0.000000 0.091890 0.007674 1.719396
0.900436 0.000000 0.000000 0.000000 0.000000 0.091890 0.007674 1.719396
0.900436 0.000000 0.000000 0.000000 0.000000 0.091890 0.007674 1.719396
0.900436 0.000000 0.000000 0.000000 0.000000 0.091890 0.007674 1.719396
0.900436 0.000000 0.000000 0.000000 0.000000 0.091890 0.007674 1.719396
0.900436 0.000000 0.000000 0.000000 0.000000 0.091890 0.007674 1.719396
0.900436 0.000000 0.000000 0.000000 0.000000 0.091890 0.007674 1.719396
0.900436 0.000000 0.000000 0.000000 0.000000 0.091890 0.007674 1.719396
0.900436 0.000000 0.000000 0.000000 0.000000 0.091890 0.007674 1.719396
0.900436 0.000000 0.000000 0.000000 0.000000 0.091890 0.007674 1.719396
0.900436 0.000000 0.000000 0.000000 0.000000 0.091890 0.007674 1.719396
0.900436 0.000000 0.000000 0.000000 0.000000 0.091890 0.007674 1.719396
0.900436 0.000000 0.000000 0.000000 0.000000 0.091890 0.007674 1.719396
0.900436 0.000000 0.000000 0.000000 0.000000 0.091890 0.007674 1.719396
0.900436 0.000000 0.000000 0.000000 0.000000 0.091890 0.007674 1.719396
0.900436 0.000000 0.000000 0.000000 0.000000 0.091890 0.007674 1.719396
0.900436 0.000000 0.000000 0.000000 0.000000 0.091890 0.007674 1.719396
0.900436 0.000000 0.000000 0.000000 0.000000 0.091890 0.007674 1.719396
0.900436 0.000000 0.000000 0.000000 0.000000 0.091890 0.007674 1.719396
0.900436 0.000000 0.000000 0.000000 0.000000 0.091890 0.007674 1.719396
0.900436 0.000000 0.000000 0.000000 0.000000 0.091890 0.007674 1.719396
0.900436 0.000000 0.000000 0.000000 0.000000 0.091890 0.007674 1.719396
0.900436 0.000000 0.000000 0.000000 0.000000 0.091890 0.007674 1.719396
0.900436 0.000000 0.000000 0.000000 0.000000 0.091890 0.007674 1.719396
0.900436 0.000000 0.000000 0.000000 0.000000 0.091890 0.007674 1.719396
0.900436 0.000000 0.000000 0.000000 0.000000 0.091890 0.007674 1.719396
0.900436 0.000000 0.000000 0.000000 0.000000 0.091890 0.007674 1.719396
0.900436 0.000000 0.000000 0.000000 0.000000 0.091890 0.007674 1.719396
0.900436 0.000000 0.000000 0.000000 0.000000 0.091890 0.007674 1.719396
0.900436 0.000000 0.000000 0.000000 0.000000 0.091890 0.007674 1.719396
0.900436 0.000000 0.000000 0.000000 0.000000 0.091890 0.007674 1.719396
0.900436 0.000000 0.000000 0.000000 0.000000 0.091890 0.007674 1.719396
0.900436 0.000000 0.000000 0.000000 0.000000 0.091890 0.007674 1.719396
0.900436 0.000000 0.000000 0.000000 0.000000 0.091890 0.007674 1.719396
0.900436 0.000000 0.000000 0.000000 0.000000 0.091890 0.007674 1.719396
0.900436 0.000000 0.000000 0.000000 0.000000 0.091890 0.007674 1.719396
0.900436 0.000000 0.000000 0.000000 0.000000 0.091890 0.007674 1.719396
0.900436 0.000000 0.000000 0.000000 0.000000 0.091890 0.007674 1.719396
0.900436 0.000000 0.000000 0.000000 0.000000 0.091890 0.007674 1.719396
0.900436 0.000000 0.000000 0.000000 0.000000 0.091890 0.007674 1.719396
0.900436 0.000000 0.000000 0.000000 0.000000 0.091890 0.007674 1.719396
0.900436 0.000000 0.000000 0.000000 0.000000 0.091890 0.007674 1.719396
0.900436 0.000000 0.000000 0.000000 0.000000 0.091890 0.007674 1.719396
0.900436 0.000000 0.000000 0.000000 0.000000 0.091890 0.007674 1.719396
0.900436 0.000000 0.000000 0.000000 0.000000 0.091890 0.007674 1.719396
0.900436 0.000000 0.000000 0.000000 0.000000 0.091890 0.007674 1.719396
0.900436 0.000000 0.000000 0.000000 0.000000 0.091890 0.007674 1.719396
0.900436 0.000000 0.000000 0.000000 0.000000 0.091890 0.007674 1.719396
0.900436 0.000000 0.000000 0.000000 0.000000 0.091890 0.007674 1.719396
0.900436 0.000000 0.000000 0.000000 0.000000 0.091890 0.007674 1.719396
0.900436 0.000000 0.000000 0.000000 0.000000 0.091890 0.007674 1.719396
0.900436 0.000000 0.000000 0.000000 0.000000 0.091890 0.007674 1.719396
0.900436 0.000000 0.000000 0.000000 0.000000 0.091890 0.007674 1.719396
0.900436 0.000000 0.000000 0.000000 0.000000 0.091890 0.007674 1.719396
0.900436 0.000000 0.000000 0.000000 0.000000 0.091890 0.007674 1.719396
0.900436 0.000000 0.000000 0.000000 0.000000 0.091890 0.007674 1.719396
0.900436 0.000000 0.000000 0.000000 0.000000 0.091890 0.007674 1.719396
0.900436 0.000000 0.000000 0.000000 0.000000 0.091890 0.007674 1.719396
0.900436 0.000000 0.000000 0.000000 0.000000 0.091890 0.007674 1.719396
