0.342038 0.062509 0.056061 0.032237 0.002148 0.498837 0.006169 1.629994
0.343950 0.060681 0.056057 0.032101 0.002162 0.498853 0.006196 1.636101
0.346496 0.058540 0.055921 0.031861 0.002167 0.498790 0.006225 1.641980
0.349238 0.056270 0.055637 0.031649 0.002156 0.498794 0.006258 1.647697
0.352340 0.053976 0.055178 0.031356 0.002165 0.498704 0.006280 1.653137
0.355644 0.051657 0.054598 0.031016 0.002162 0.498610 0.006312 1.658414
0.359160 0.049522 0.053981 0.030542 0.002168 0.498290 0.006338 1.663311
0.362681 0.047381 0.053254 0.030039 0.002180 0.498102 0.006363 1.668068
0.366379 0.045442 0.052275 0.029578 0.002175 0.497766 0.006387 1.672567
0.370201 0.043577 0.051273 0.029067 0.002159 0.497312 0.006413 1.676906
0.374100 0.041816 0.050290 0.028452 0.002162 0.496742 0.006438 1.681041
0.378082 0.040077 0.049336 0.027812 0.002159 0.496078 0.006456 1.685022
0.382163 0.038463 0.048293 0.027181 0.002139 0.495274 0.006488 1.688829
0.386205 0.036902 0.047283 0.026632 0.002132 0.494336 0.006511 1.692525
0.390330 0.035492 0.046251 0.026054 0.002119 0.493214 0.006540 1.696045
0.394476 0.034119 0.045271 0.025429 0.002105 0.492024 0.006574 1.699432
0.398610 0.032782 0.044165 0.024807 0.002106 0.490936 0.006594 1.702743
0.402898 0.031559 0.043129 0.024046 0.002084 0.489664 0.006621 1.705858
0.407161 0.030375 0.042062 0.023486 0.002071 0.488202 0.006645 1.708929
0.411475 0.029229 0.040980 0.022911 0.002056 0.486681 0.006668 1.711840
0.415817 0.028133 0.039855 0.022294 0.002033 0.485173 0.006696 1.714672
0.420104 0.027204 0.038814 0.021712 0.002007 0.483433 0.006727 1.717346
0.424397 0.026321 0.037728 0.021112 0.002001 0.481696 0.006747 1.719914
0.428648 0.025398 0.036659 0.020574 0.001993 0.479961 0.006769 1.722512
0.433111 0.024597 0.035709 0.019958 0.001980 0.477853 0.006792 1.724949
0.437491 0.023819 0.034687 0.019434 0.001954 0.475794 0.006822 1.727345
0.441877 0.023061 0.033738 0.018909 0.001920 0.473646 0.006848 1.729644
0.446287 0.022338 0.032852 0.018379 0.001907 0.471362 0.006875 1.731907
0.450633 0.021656 0.031906 0.017906 0.001889 0.469112 0.006899 1.734114
0.455051 0.020981 0.031033 0.017349 0.001855 0.466803 0.006929 1.736233
0.459459 0.020364 0.030154 0.016900 0.001815 0.464351 0.006957 1.738273
0.463812 0.019800 0.029338 0.016346 0.001794 0.461930 0.006979 1.740244
0.468160 0.019188 0.028563 0.015863 0.001776 0.459451 0.006999 1.742209
0.472410 0.018790 0.027752 0.015375 0.001751 0.456898 0.007023 1.744010
0.476845 0.018312 0.027020 0.014892 0.001742 0.454149 0.007039 1.745840
0.481270 0.017813 0.026191 0.014492 0.001702 0.451468 0.007065 1.747626
0.485596 0.017440 0.025414 0.014087 0.001681 0.448700 0.007083 1.749300
0.489929 0.017072 0.024741 0.013700 0.001653 0.445801 0.007105 1.750971
0.494256 0.016647 0.024150 0.013341 0.001630 0.442852 0.007123 1.752625
0.498476 0.016265 0.023435 0.013002 0.001595 0.440080 0.007146 1.754232
0.502650 0.015904 0.022846 0.012668 0.001570 0.437193 0.007169 1.755814
0.506876 0.015597 0.022229 0.012284 0.001540 0.434278 0.007196 1.757334
0.511217 0.015194 0.021696 0.011933 0.001518 0.431225 0.007218 1.758884
0.515475 0.014879 0.021159 0.011616 0.001490 0.428144 0.007235 1.760395
0.519592 0.014626 0.020615 0.011314 0.001462 0.425138 0.007252 1.761799
0.523782 0.014348 0.020030 0.011025 0.001421 0.422125 0.007270 1.763209
0.527952 0.014035 0.019558 0.010721 0.001396 0.419050 0.007287 1.764632
0.532100 0.013778 0.019032 0.010435 0.001381 0.415968 0.007307 1.765994
0.536167 0.013533 0.018529 0.010199 0.001354 0.412896 0.007323 1.767343
0.540240 0.013294 0.018049 0.009938 0.001341 0.409800 0.007338 1.768647
0.544363 0.013011 0.017580 0.009686 0.001322 0.406681 0.007357 1.769959
0.548416 0.012787 0.017143 0.009481 0.001286 0.403510 0.007377 1.771231
0.552496 0.012545 0.016780 0.009243 0.001266 0.400279 0.007391 1.772504
0.556373 0.012375 0.016369 0.009061 0.001244 0.397172 0.007405 1.773728
0.560351 0.012247 0.015994 0.008831 0.001220 0.393938 0.007420 1.774906
0.564289 0.012051 0.015632 0.008645 0.001183 0.390762 0.007439 1.776123
0.568069 0.011890 0.015278 0.008482 0.001164 0.387663 0.007456 1.777301
0.571899 0.011668 0.015011 0.008296 0.001140 0.384522 0.007464 1.778482
0.575781 0.011524 0.014660 0.008132 0.001124 0.381305 0.007475 1.779607
0.579509 0.011377 0.014397 0.007976 0.001098 0.378150 0.007494 1.780764
0.583255 0.011236 0.014111 0.007804 0.001072 0.375013 0.007510 1.781866
0.586975 0.011124 0.013805 0.007651 0.001057 0.371865 0.007524 1.782950
0.590665 0.011031 0.013511 0.007508 0.001035 0.368712 0.007537 1.784022
0.594398 0.010835 0.013285 0.007360 0.001019 0.365555 0.007549 1.785140
0.597999 0.010718 0.013022 0.007181 0.000999 0.362519 0.007561 1.786191
0.601549 0.010634 0.012775 0.007070 0.000985 0.359413 0.007573 1.787228
0.605056 0.010564 0.012603 0.006910 0.000971 0.356315 0.007581 1.788277
0.608612 0.010447 0.012414 0.006798 0.000955 0.353182 0.007593 1.789353
0.611995 0.010394 0.012188 0.006707 0.000931 0.350181 0.007605 1.790402
0.615435 0.010300 0.011991 0.006605 0.000906 0.347146 0.007617 1.791416
0.618897 0.010229 0.011778 0.006492 0.000885 0.344091 0.007629 1.792401
0.622207 0.010137 0.011600 0.006363 0.000871 0.341186 0.007637 1.793401
0.625500 0.010085 0.011448 0.006245 0.000864 0.338210 0.007648 1.794373
0.628769 0.009983 0.011253 0.006154 0.000844 0.335336 0.007662 1.795371
0.632087 0.009877 0.011076 0.006043 0.000839 0.332411 0.007668 1.796337
0.635275 0.009835 0.010930 0.005956 0.000821 0.329502 0.007679 1.797303
0.638404 0.009813 0.010820 0.005853 0.000809 0.326615 0.007688 1.798285
0.641487 0.009767 0.010649 0.005791 0.000791 0.323817 0.007698 1.799262
0.644550 0.009715 0.010521 0.005714 0.000780 0.321009 0.007710 1.800208
0.647624 0.009706 0.010407 0.005622 0.000759 0.318159 0.007724 1.801164
0.650661 0.009635 0.010291 0.005555 0.000743 0.315381 0.007734 1.802132
0.653688 0.009580 0.010170 0.005489 0.000722 0.312607 0.007744 1.803075
0.656657 0.009594 0.010052 0.005382 0.000713 0.309847 0.007753 1.803961
0.659509 0.009582 0.009964 0.005349 0.000691 0.307143 0.007764 1.804910
0.662395 0.009574 0.009888 0.005278 0.000683 0.304411 0.007771 1.805850
0.665228 0.009540 0.009779 0.005245 0.000672 0.301756 0.007781 1.806792
0.668179 0.009490 0.009713 0.005190 0.000660 0.298976 0.007793 1.807739
0.670964 0.009495 0.009607 0.005163 0.000649 0.296321 0.007802 1.808652
0.673718 0.009487 0.009512 0.005110 0.000640 0.293727 0.007807 1.809581
0.676527 0.009479 0.009452 0.005043 0.000626 0.291058 0.007815 1.810517
0.679182 0.009437 0.009396 0.005021 0.000615 0.288525 0.007824 1.811465
0.681836 0.009427 0.009313 0.004987 0.000603 0.286002 0.007832 1.812394
0.684401 0.009369 0.009252 0.004970 0.000591 0.283575 0.007842 1.813355
0.686956 0.009382 0.009201 0.004935 0.000585 0.281094 0.007849 1.814274
0.689579 0.009418 0.009131 0.004914 0.000579 0.278524 0.007855 1.815161
0.692174 0.009435 0.009107 0.004910 0.000573 0.275939 0.007863 1.816085
0.694700 0.009390 0.009053 0.004893 0.000563 0.273528 0.007874 1.817030
0.697128 0.009413 0.009054 0.004847 0.000556 0.271123 0.007881 1.817968
0.699638 0.009398 0.009042 0.004826 0.000551 0.268658 0.007888 1.818896
0.701963 0.009389 0.009045 0.004811 0.000533 0.266359 0.007899 1.819857
0.704339 0.009468 0.008954 0.004779 0.000525 0.264032 0.007905 1.820742
0.706763 0.009444 0.008937 0.004762 0.000515 0.261665 0.007915 1.821719
0.709087 0.009472 0.008869 0.004754 0.000505 0.259392 0.007921 1.822667
0.711415 0.009496 0.008827 0.004732 0.000497 0.257105 0.007929 1.823593
0.713698 0.009500 0.008804 0.004708 0.000491 0.254863 0.007936 1.824541
0.715998 0.009536 0.008763 0.004720 0.000484 0.252556 0.007944 1.825465
0.718239 0.009582 0.008740 0.004715 0.000476 0.250296 0.007953 1.826390
0.720369 0.009619 0.008728 0.004711 0.000469 0.248145 0.007960 1.827343
0.722480 0.009665 0.008677 0.004692 0.000464 0.246057 0.007966 1.828273
0.724551 0.009709 0.008672 0.004676 0.000463 0.243957 0.007973 1.829223
0.726657 0.009736 0.008703 0.004689 0.000459 0.241780 0.007976 1.830172
0.728666 0.009808 0.008699 0.004681 0.000457 0.239707 0.007981 1.831123
0.730618 0.009884 0.008727 0.004678 0.000444 0.237659 0.007991 1.832083
0.732528 0.009929 0.008696 0.004692 0.000437 0.235723 0.007996 1.833049
0.734416 0.009951 0.008708 0.004693 0.000427 0.233802 0.008003 1.834023
0.736326 0.010000 0.008740 0.004711 0.000422 0.231795 0.008008 1.834991
0.738116 0.010062 0.008770 0.004729 0.000420 0.229890 0.008015 1.835984
0.739874 0.010094 0.008810 0.004740 0.000414 0.228045 0.008023 1.837001
0.741684 0.010102 0.008868 0.004756 0.000414 0.226146 0.008030 1.838008
0.743389 0.010184 0.008888 0.004726 0.000416 0.224363 0.008034 1.838984
0.745145 0.010217 0.008887 0.004771 0.000406 0.222531 0.008043 1.839972
0.746847 0.010322 0.008890 0.004751 0.000400 0.220742 0.008048 1.840954
0.748503 0.010401 0.008893 0.004759 0.000398 0.218995 0.008052 1.841952
0.750134 0.010449 0.008903 0.004801 0.000393 0.217263 0.008057 1.842968
0.751813 0.010505 0.008949 0.004817 0.000393 0.215459 0.008064 1.843993
0.753456 0.010563 0.008998 0.004854 0.000397 0.213666 0.008066 1.845046
0.755004 0.010637 0.009044 0.004874 0.000391 0.211976 0.008074 1.846069
0.756553 0.010770 0.008992 0.004878 0.000395 0.210333 0.008081 1.847041
0.758012 0.010876 0.009045 0.004908 0.000387 0.208683 0.008090 1.848093
0.759481 0.010891 0.009088 0.004958 0.000381 0.207106 0.008095 1.849173
0.760898 0.010971 0.009133 0.004962 0.000376 0.205557 0.008103 1.850241
0.762277 0.011061 0.009159 0.005011 0.000369 0.204016 0.008107 1.851299
0.763626 0.011125 0.009171 0.005026 0.000370 0.202571 0.008112 1.852371
0.764998 0.011236 0.009190 0.005055 0.000372 0.201032 0.008118 1.853446
0.766350 0.011263 0.009276 0.005056 0.000370 0.199562 0.008122 1.854566
0.767658 0.011328 0.009341 0.005107 0.000365 0.198075 0.008127 1.855685
0.768860 0.011446 0.009379 0.005147 0.000363 0.196676 0.008130 1.856794
0.770124 0.011495 0.009488 0.005169 0.000360 0.195232 0.008133 1.857937
0.771327 0.011537 0.009563 0.005200 0.000355 0.193879 0.008140 1.859078
0.772535 0.011591 0.009659 0.005235 0.000352 0.192485 0.008145 1.860230
0.773745 0.011636 0.009746 0.005282 0.000343 0.191094 0.008155 1.861376
0.774899 0.011728 0.009772 0.005296 0.000345 0.189801 0.008158 1.862520
0.776111 0.011799 0.009849 0.005308 0.000342 0.188430 0.008162 1.863678
0.777221 0.011923 0.009919 0.005308 0.000338 0.187123 0.008169 1.864815
0.778203 0.012015 0.009968 0.005318 0.000339 0.185984 0.008173 1.866012
0.779233 0.012156 0.009968 0.005336 0.000343 0.184790 0.008176 1.867159
0.780300 0.012228 0.009976 0.005380 0.000342 0.183593 0.008181 1.868333
0.781300 0.012335 0.009979 0.005412 0.000342 0.182446 0.008186 1.869486
0.782210 0.012457 0.010058 0.005453 0.000343 0.181289 0.008190 1.870686
0.783073 0.012589 0.010140 0.005482 0.000344 0.180177 0.008195 1.871903
0.783994 0.012709 0.010192 0.005505 0.000345 0.179056 0.008200 1.873119
0.784900 0.012787 0.010280 0.005567 0.000338 0.177923 0.008206 1.874358
0.785701 0.012885 0.010388 0.005614 0.000341 0.176863 0.008209 1.875648
0.786583 0.012909 0.010492 0.005668 0.000343 0.175796 0.008210 1.876935
0.787409 0.013054 0.010517 0.005697 0.000343 0.174766 0.008216 1.878170
0.788152 0.013147 0.010644 0.005762 0.000349 0.173725 0.008221 1.879485
0.788965 0.013177 0.010711 0.005789 0.000351 0.172779 0.008228 1.880796
0.789745 0.013218 0.010794 0.005858 0.000354 0.171800 0.008232 1.882132
0.790455 0.013338 0.010865 0.005920 0.000350 0.170837 0.008235 1.883433
0.791099 0.013473 0.010957 0.005941 0.000350 0.169941 0.008240 1.884750
0.791814 0.013588 0.011026 0.005974 0.000346 0.169006 0.008245 1.886064
0.792459 0.013714 0.011092 0.005961 0.000350 0.168176 0.008248 1.887397
0.793130 0.013787 0.011199 0.006028 0.000349 0.167254 0.008252 1.888757
0.793788 0.013883 0.011290 0.006067 0.000355 0.166361 0.008256 1.890114
0.794381 0.014018 0.011335 0.006116 0.000357 0.165533 0.008260 1.891477
0.794972 0.014190 0.011383 0.006161 0.000359 0.164672 0.008264 1.892800
0.795432 0.014354 0.011456 0.006250 0.000354 0.163882 0.008270 1.894200
0.795917 0.014494 0.011575 0.006286 0.000354 0.163098 0.008276 1.895614
0.796355 0.014624 0.011699 0.006349 0.000358 0.162333 0.008280 1.897082
0.796783 0.014795 0.011784 0.006410 0.000355 0.161584 0.008288 1.898515
0.797264 0.014862 0.011855 0.006486 0.000349 0.160890 0.008295 1.900011
0.797701 0.014991 0.011948 0.006498 0.000356 0.160206 0.008299 1.901452
0.798108 0.015126 0.012036 0.006537 0.000366 0.159526 0.008301 1.902913
0.798509 0.015250 0.012148 0.006593 0.000359 0.158835 0.008305 1.904405
0.798876 0.015407 0.012262 0.006648 0.000358 0.158136 0.008312 1.905902
0.799189 0.015564 0.012345 0.006707 0.000371 0.157507 0.008317 1.907385
0.799551 0.015628 0.012443 0.006774 0.000370 0.156911 0.008323 1.908936
0.799947 0.015743 0.012498 0.006801 0.000377 0.156308 0.008326 1.910445
0.800150 0.015924 0.012648 0.006846 0.000383 0.155716 0.008332 1.912011
0.800381 0.016089 0.012788 0.006902 0.000388 0.155118 0.008336 1.913551
0.800614 0.016257 0.012855 0.006969 0.000392 0.154571 0.008342 1.915117
0.800805 0.016352 0.012969 0.007022 0.000395 0.154110 0.008346 1.916737
0.801033 0.016488 0.013093 0.007069 0.000399 0.153568 0.008350 1.918331
0.801216 0.016619 0.013228 0.007103 0.000399 0.153080 0.008355 1.919967
0.801380 0.016780 0.013392 0.007168 0.000398 0.152525 0.008358 1.921623
0.801500 0.016853 0.013554 0.007267 0.000405 0.152056 0.008363 1.923339
0.801625 0.016910 0.013644 0.007300 0.000408 0.151745 0.008369 1.925005
0.801699 0.017074 0.013721 0.007400 0.000406 0.151324 0.008376 1.926686
0.801803 0.017161 0.013842 0.007491 0.000407 0.150912 0.008383 1.928400
0.801914 0.017247 0.013991 0.007563 0.000409 0.150485 0.008389 1.930136
0.801909 0.017443 0.014059 0.007591 0.000421 0.150185 0.008394 1.931830
0.801967 0.017621 0.014159 0.007646 0.000423 0.149783 0.008401 1.933516
0.801978 0.017760 0.014285 0.007717 0.000427 0.149427 0.008406 1.935237
0.801967 0.017830 0.014417 0.007768 0.000427 0.149179 0.008412 1.937005
0.801870 0.018001 0.014483 0.007829 0.000436 0.148964 0.008417 1.938757
0.801766 0.018125 0.014592 0.007939 0.000430 0.148724 0.008425 1.940554
0.801668 0.018257 0.014800 0.007962 0.000433 0.148449 0.008431 1.942368
0.801516 0.018458 0.014868 0.007995 0.000444 0.148282 0.008436 1.944122
0.801432 0.018476 0.015043 0.008120 0.000441 0.148046 0.008441 1.946029
0.801376 0.018585 0.015154 0.008165 0.000447 0.147823 0.008450 1.947853
0.801254 0.018710 0.015231 0.008214 0.000457 0.147681 0.008453 1.949671
0.801123 0.018794 0.015329 0.008292 0.000466 0.147537 0.008460 1.951519
0.800937 0.018928 0.015489 0.008306 0.000471 0.147405 0.008465 1.953404
0.800774 0.019056 0.015553 0.008355 0.000470 0.147319 0.008473 1.955287
0.800637 0.019134 0.015677 0.008435 0.000474 0.147161 0.008481 1.957182
0.800409 0.019300 0.015793 0.008471 0.000475 0.147064 0.008488 1.959062
0.800176 0.019422 0.015917 0.008536 0.000483 0.146975 0.008492 1.960994
0.800006 0.019463 0.016102 0.008573 0.000487 0.146872 0.008497 1.962994
0.799816 0.019530 0.016229 0.008629 0.000488 0.146808 0.008502 1.964948
0.799635 0.019572 0.016356 0.008700 0.000495 0.146737 0.008504 1.966937
0.799455 0.019635 0.016503 0.008711 0.000501 0.146683 0.008513 1.968881
0.799182 0.019840 0.016595 0.008770 0.000504 0.146594 0.008516 1.970824
0.798934 0.020021 0.016675 0.008781 0.000508 0.146558 0.008523 1.972731
0.798648 0.020112 0.016797 0.008880 0.000506 0.146527 0.008531 1.974771
0.798383 0.020207 0.016867 0.008950 0.000513 0.146543 0.008538 1.976742
0.798083 0.020333 0.016932 0.009044 0.000521 0.146545 0.008543 1.978727
0.797780 0.020469 0.016981 0.009110 0.000526 0.146587 0.008549 1.980749
0.797576 0.020526 0.017062 0.009170 0.000530 0.146581 0.008556 1.982776
0.797318 0.020531 0.017189 0.009254 0.000530 0.146614 0.008565 1.984852
0.797024 0.020618 0.017321 0.009339 0.000530 0.146595 0.008574 1.986902
0.796711 0.020687 0.017396 0.009413 0.000540 0.146676 0.008578 1.988998
0.796543 0.020807 0.017402 0.009393 0.000545 0.146723 0.008587 1.990947
0.796260 0.020841 0.017543 0.009410 0.000553 0.146800 0.008593 1.993059
0.795968 0.020931 0.017685 0.009432 0.000551 0.146835 0.008599 1.995115
0.795616 0.020972 0.017790 0.009504 0.000555 0.146959 0.008605 1.997202
0.795273 0.021093 0.017872 0.009564 0.000569 0.147021 0.008610 1.999310
0.794996 0.021117 0.017932 0.009605 0.000566 0.147168 0.008618 2.001358
0.794646 0.021250 0.017928 0.009669 0.000567 0.147310 0.008631 2.003425
0.794228 0.021374 0.018001 0.009713 0.000573 0.147476 0.008637 2.005501
0.793835 0.021552 0.018059 0.009770 0.000575 0.147564 0.008646 2.007568
0.793465 0.021625 0.018216 0.009804 0.000592 0.147652 0.008648 2.009672
0.793185 0.021687 0.018247 0.009833 0.000591 0.147805 0.008653 2.011757
0.792916 0.021713 0.018304 0.009877 0.000583 0.147945 0.008662 2.013892
0.792603 0.021718 0.018397 0.009928 0.000589 0.148096 0.008670 2.016046
0.792256 0.021850 0.018435 0.009967 0.000594 0.148223 0.008675 2.018143
0.791834 0.021863 0.018555 0.010030 0.000602 0.148435 0.008682 2.020376
0.791516 0.021831 0.018648 0.010127 0.000611 0.148580 0.008687 2.022578
0.791075 0.021901 0.018751 0.010152 0.000611 0.148814 0.008696 2.024787
0.790703 0.021997 0.018765 0.010193 0.000621 0.149019 0.008703 2.026924
0.790327 0.022074 0.018837 0.010207 0.000620 0.149226 0.008709 2.029057
0.790002 0.022100 0.018918 0.010183 0.000626 0.149452 0.008717 2.031220
0.789687 0.022067 0.019024 0.010199 0.000626 0.149674 0.008723 2.033441
0.789267 0.022195 0.018996 0.010294 0.000633 0.149884 0.008731 2.035596
0.788965 0.022213 0.019059 0.010308 0.000632 0.150086 0.008737 2.037775
0.788633 0.022231 0.019130 0.010320 0.000637 0.150304 0.008745 2.039984
0.788256 0.022223 0.019135 0.010358 0.000631 0.150642 0.008757 2.042192
0.787901 0.022322 0.019189 0.010359 0.000638 0.150830 0.008761 2.044328
0.787555 0.022345 0.019236 0.010357 0.000648 0.151092 0.008768 2.046491
0.787245 0.022345 0.019305 0.010372 0.000646 0.151314 0.008774 2.048670
0.786892 0.022423 0.019334 0.010387 0.000646 0.151538 0.008781 2.050853
0.786488 0.022557 0.019386 0.010400 0.000648 0.151734 0.008788 2.053025
0.786154 0.022600 0.019393 0.010443 0.000652 0.151962 0.008796 2.055192
0.785867 0.022603 0.019463 0.010450 0.000656 0.152159 0.008803 2.057429
0.785461 0.022569 0.019572 0.010465 0.000664 0.152458 0.008812 2.059694
0.785076 0.022627 0.019695 0.010518 0.000667 0.152594 0.008823 2.061936
0.784852 0.022572 0.019752 0.010555 0.000677 0.152764 0.008830 2.064172
0.784573 0.022505 0.019827 0.010567 0.000680 0.153013 0.008836 2.066461
0.784249 0.022546 0.019871 0.010588 0.000681 0.153222 0.008843 2.068673
0.783986 0.022512 0.019928 0.010603 0.000685 0.153436 0.008851 2.070889
0.783727 0.022470 0.019984 0.010581 0.000687 0.153693 0.008861 2.073108
0.783430 0.022505 0.019999 0.010597 0.000692 0.153908 0.008868 2.075286
0.783161 0.022515 0.020021 0.010620 0.000690 0.154118 0.008875 2.077504
0.782938 0.022422 0.020065 0.010687 0.000685 0.154319 0.008883 2.079734
0.782721 0.022368 0.020115 0.010710 0.000689 0.154506 0.008892 2.081956
0.782356 0.022470 0.020118 0.010714 0.000691 0.154749 0.008903 2.084136
0.782064 0.022485 0.020093 0.010766 0.000690 0.154993 0.008910 2.086345
0.781802 0.022531 0.020060 0.010724 0.000699 0.155267 0.008917 2.088531
0.781574 0.022418 0.020103 0.010763 0.000694 0.155519 0.008928 2.090814
0.781322 0.022432 0.020134 0.010740 0.000698 0.155739 0.008936 2.092990
0.781013 0.022412 0.020158 0.010753 0.000696 0.156024 0.008945 2.095212
0.780788 0.022397 0.020140 0.010773 0.000700 0.156249 0.008955 2.097394
0.780605 0.022329 0.020133 0.010795 0.000705 0.156472 0.008961 2.099626
0.780415 0.022338 0.020122 0.010785 0.000709 0.156662 0.008970 2.101749
0.780141 0.022301 0.020181 0.010818 0.000707 0.156873 0.008979 2.103978
0.779967 0.022273 0.020151 0.010804 0.000716 0.157103 0.008986 2.106161
0.779790 0.022191 0.020187 0.010813 0.000718 0.157305 0.008997 2.108389
0.779537 0.022154 0.020169 0.010794 0.000719 0.157621 0.009007 2.110580
0.779384 0.022157 0.020107 0.010759 0.000730 0.157851 0.009015 2.112711
0.779231 0.022146 0.020031 0.010722 0.000733 0.158114 0.009024 2.114824
0.779050 0.022121 0.020061 0.010687 0.000733 0.158319 0.009030 2.116996
0.778896 0.022054 0.020082 0.010649 0.000732 0.158545 0.009041 2.119192
0.778733 0.022102 0.020041 0.010621 0.000723 0.158726 0.009055 2.121314
0.778549 0.022114 0.019990 0.010632 0.000727 0.158923 0.009066 2.123465
0.778386 0.022077 0.020024 0.010609 0.000735 0.159094 0.009077 2.125624
0.778305 0.021998 0.020051 0.010636 0.000728 0.159192 0.009090 2.127818
0.778162 0.022006 0.020014 0.010611 0.000729 0.159385 0.009094 2.129949
0.778031 0.021941 0.019999 0.010606 0.000736 0.159589 0.009099 2.132110
0.777880 0.021854 0.019993 0.010574 0.000735 0.159857 0.009108 2.134307
0.777697 0.021838 0.019990 0.010530 0.000727 0.160100 0.009119 2.136468
0.777567 0.021805 0.019957 0.010525 0.000720 0.160297 0.009130 2.138643
0.777426 0.021750 0.019944 0.010535 0.000724 0.160483 0.009137 2.140826
0.777302 0.021741 0.019923 0.010537 0.000728 0.160627 0.009142 2.142940
0.777193 0.021717 0.019891 0.010543 0.000733 0.160770 0.009153 2.145097
0.777125 0.021589 0.019881 0.010556 0.000736 0.160950 0.009164 2.147281
0.777012 0.021638 0.019800 0.010550 0.000734 0.161096 0.009171 2.149379
0.776876 0.021642 0.019784 0.010534 0.000730 0.161251 0.009183 2.151543
0.776850 0.021616 0.019741 0.010543 0.000739 0.161320 0.009192 2.153641
0.776685 0.021645 0.019777 0.010552 0.000729 0.161408 0.009204 2.155788
0.776663 0.021686 0.019692 0.010529 0.000735 0.161484 0.009212 2.157838
0.776555 0.021706 0.019678 0.010518 0.000728 0.161595 0.009221 2.159943
0.776509 0.021681 0.019643 0.010492 0.000721 0.161722 0.009232 2.162041
0.776473 0.021636 0.019638 0.010457 0.000719 0.161838 0.009239 2.164173
0.776395 0.021595 0.019588 0.010406 0.000719 0.162051 0.009246 2.166275
0.776346 0.021547 0.019526 0.010469 0.000719 0.162138 0.009255 2.168386
0.776302 0.021404 0.019529 0.010492 0.000721 0.162290 0.009263 2.170554
0.776228 0.021448 0.019482 0.010450 0.000715 0.162400 0.009278 2.172575
0.776200 0.021431 0.019374 0.010433 0.000708 0.162569 0.009287 2.174645
0.776134 0.021341 0.019343 0.010429 0.000704 0.162753 0.009297 2.176758
0.776147 0.021218 0.019327 0.010406 0.000698 0.162895 0.009308 2.178875
0.776187 0.021198 0.019316 0.010383 0.000704 0.162897 0.009317 2.180964
0.776215 0.021126 0.019282 0.010363 0.000696 0.162990 0.009327 2.183035
0.776203 0.021077 0.019291 0.010341 0.000702 0.163054 0.009333 2.185096
0.776235 0.021064 0.019231 0.010325 0.000707 0.163098 0.009339 2.187149
0.776314 0.021007 0.019255 0.010283 0.000699 0.163094 0.009348 2.189202
0.776335 0.020955 0.019204 0.010294 0.000701 0.163158 0.009352 2.191278
0.776413 0.020911 0.019156 0.010340 0.000695 0.163123 0.009362 2.193325
0.776508 0.020834 0.019104 0.010341 0.000692 0.163150 0.009372 2.195372
0.776478 0.020774 0.019125 0.010269 0.000697 0.163278 0.009378 2.197451
0.776508 0.020663 0.019116 0.010283 0.000693 0.163350 0.009386 2.199525
0.776506 0.020648 0.019097 0.010263 0.000690 0.163398 0.009398 2.201575
0.776582 0.020632 0.019097 0.010208 0.000686 0.163388 0.009407 2.203577
0.776662 0.020617 0.019013 0.010174 0.000689 0.163431 0.009414 2.205574
0.776654 0.020557 0.019002 0.010164 0.000680 0.163519 0.009423 2.207643
0.776737 0.020484 0.018979 0.010166 0.000677 0.163520 0.009436 2.209690
0.776760 0.020439 0.018973 0.010120 0.000681 0.163582 0.009445 2.211715
0.776799 0.020447 0.018917 0.010091 0.000681 0.163609 0.009455 2.213696
0.776816 0.020417 0.018881 0.010086 0.000685 0.163649 0.009466 2.215724
0.776859 0.020350 0.018839 0.010091 0.000683 0.163702 0.009475 2.217761
0.776889 0.020364 0.018789 0.010071 0.000690 0.163713 0.009483 2.219743
0.777008 0.020364 0.018751 0.010025 0.000685 0.163678 0.009490 2.221733
0.777189 0.020296 0.018699 0.010030 0.000679 0.163608 0.009499 2.223726
0.777192 0.020312 0.018637 0.010037 0.000682 0.163629 0.009511 2.225708
0.777281 0.020272 0.018573 0.010012 0.000681 0.163660 0.009521 2.227667
0.777368 0.020271 0.018525 0.009994 0.000685 0.163631 0.009527 2.229618
0.777435 0.020271 0.018512 0.009961 0.000689 0.163595 0.009537 2.231580
0.777519 0.020218 0.018494 0.009909 0.000687 0.163623 0.009549 2.233559
0.777714 0.020146 0.018461 0.009869 0.000686 0.163569 0.009556 2.235536
0.777736 0.020196 0.018414 0.009817 0.000692 0.163582 0.009563 2.237453
0.777811 0.020179 0.018462 0.009754 0.000682 0.163533 0.009578 2.239431
0.777871 0.020153 0.018412 0.009725 0.000682 0.163570 0.009587 2.241402
0.777982 0.020126 0.018396 0.009709 0.000687 0.163506 0.009595 2.243398
0.778145 0.020020 0.018361 0.009682 0.000676 0.163512 0.009605 2.245387
0.778245 0.020041 0.018272 0.009693 0.000678 0.163457 0.009615 2.247304
0.778416 0.019951 0.018245 0.009700 0.000683 0.163381 0.009624 2.249299
0.778488 0.019956 0.018171 0.009682 0.000677 0.163392 0.009634 2.251242
0.778670 0.019866 0.018143 0.009688 0.000681 0.163309 0.009644 2.253226
0.778784 0.019825 0.018095 0.009688 0.000684 0.163270 0.009654 2.255169
0.778901 0.019825 0.018078 0.009697 0.000686 0.163150 0.009664 2.257106
0.779115 0.019729 0.018030 0.009703 0.000685 0.163066 0.009672 2.259061
0.779264 0.019693 0.018012 0.009704 0.000679 0.162965 0.009683 2.261011
0.779380 0.019643 0.018028 0.009679 0.000678 0.162903 0.009689 2.262921
0.779493 0.019591 0.017973 0.009670 0.000682 0.162891 0.009699 2.264860
0.779682 0.019543 0.017936 0.009605 0.000687 0.162839 0.009708 2.266757
0.779862 0.019515 0.017884 0.009561 0.000691 0.162765 0.009721 2.268643
0.779950 0.019568 0.017823 0.009544 0.000685 0.162698 0.009731 2.270529
0.780096 0.019580 0.017777 0.009489 0.000681 0.162640 0.009738 2.272390
0.780186 0.019575 0.017731 0.009491 0.000687 0.162582 0.009747 2.274293
0.780428 0.019510 0.017655 0.009502 0.000691 0.162457 0.009757 2.276177
0.780596 0.019448 0.017623 0.009507 0.000683 0.162376 0.009766 2.278100
0.780796 0.019403 0.017589 0.009491 0.000683 0.162264 0.009775 2.280012
0.780890 0.019363 0.017592 0.009473 0.000682 0.162215 0.009786 2.281940
0.781063 0.019350 0.017545 0.009472 0.000680 0.162096 0.009793 2.283827
0.781152 0.019367 0.017568 0.009433 0.000676 0.162007 0.009799 2.285744
0.781263 0.019393 0.017549 0.009408 0.000682 0.161900 0.009805 2.287630
0.781418 0.019287 0.017580 0.009399 0.000678 0.161828 0.009811 2.289546
0.781504 0.019299 0.017593 0.009424 0.000672 0.161686 0.009822 2.291455
0.781650 0.019314 0.017525 0.009354 0.000668 0.161657 0.009832 2.293296
0.781764 0.019278 0.017483 0.009331 0.000665 0.161639 0.009840 2.295174
0.781953 0.019280 0.017425 0.009312 0.000662 0.161519 0.009848 2.297023
0.782131 0.019235 0.017422 0.009251 0.000657 0.161443 0.009861 2.298897
0.782297 0.019179 0.017421 0.009240 0.000657 0.161335 0.009871 2.300821
0.782519 0.019157 0.017412 0.009210 0.000659 0.161161 0.009882 2.302693
0.782677 0.019194 0.017396 0.009206 0.000665 0.160974 0.009889 2.304542
0.782845 0.019119 0.017340 0.009208 0.000663 0.160926 0.009899 2.306442
0.782986 0.019115 0.017281 0.009134 0.000665 0.160912 0.009908 2.308315
0.783197 0.019087 0.017255 0.009138 0.000668 0.160741 0.009915 2.310180
0.783335 0.019046 0.017223 0.009119 0.000670 0.160685 0.009922 2.312027
0.783539 0.018974 0.017224 0.009127 0.000673 0.160534 0.009930 2.313901
0.783714 0.018937 0.017204 0.009103 0.000677 0.160425 0.009939 2.315772
0.783860 0.018882 0.017211 0.009096 0.000678 0.160330 0.009945 2.317655
0.784091 0.018817 0.017178 0.009082 0.000672 0.160208 0.009953 2.319514
0.784202 0.018840 0.017142 0.009065 0.000678 0.160115 0.009958 2.321355
0.784425 0.018806 0.017079 0.009042 0.000676 0.160007 0.009967 2.323180
0.784642 0.018720 0.017039 0.009035 0.000680 0.159913 0.009973 2.325022
0.784922 0.018644 0.017034 0.009010 0.000674 0.159734 0.009983 2.326890
0.785077 0.018648 0.017030 0.009026 0.000664 0.159561 0.009994 2.328740
0.785161 0.018719 0.017001 0.008996 0.000663 0.159455 0.010005 2.330550
0.785372 0.018650 0.017012 0.008983 0.000655 0.159314 0.010016 2.332411
0.785541 0.018644 0.016978 0.008988 0.000648 0.159177 0.010025 2.334231
0.785659 0.018653 0.016991 0.008969 0.000643 0.159049 0.010035 2.336063
0.785736 0.018737 0.016929 0.008960 0.000638 0.158956 0.010046 2.337869
0.785899 0.018748 0.016927 0.008947 0.000645 0.158779 0.010056 2.339742
0.786049 0.018769 0.016916 0.008953 0.000637 0.158610 0.010066 2.341566
0.786234 0.018701 0.016964 0.008958 0.000637 0.158431 0.010075 2.343455
0.786330 0.018698 0.016966 0.008977 0.000638 0.158310 0.010082 2.345302
0.786529 0.018708 0.016877 0.008969 0.000635 0.158194 0.010091 2.347125
0.786625 0.018674 0.016903 0.008945 0.000628 0.158125 0.010100 2.349012
0.786793 0.018701 0.016852 0.008950 0.000624 0.157972 0.010109 2.350824
0.786898 0.018705 0.016874 0.008921 0.000615 0.157870 0.010118 2.352661
0.787081 0.018715 0.016848 0.008885 0.000621 0.157725 0.010126 2.354459
0.787164 0.018790 0.016836 0.008901 0.000611 0.157561 0.010136 2.356286
0.787343 0.018721 0.016885 0.008910 0.000614 0.157383 0.010144 2.358149
0.787489 0.018732 0.016844 0.008903 0.000611 0.157268 0.010152 2.359946
0.787579 0.018755 0.016827 0.008893 0.000604 0.157182 0.010160 2.361762
0.787800 0.018691 0.016851 0.008854 0.000612 0.157029 0.010164 2.363624
0.787940 0.018658 0.016870 0.008879 0.000613 0.156871 0.010169 2.365518
0.788080 0.018731 0.016868 0.008811 0.000614 0.156717 0.010180 2.367324
0.788260 0.018721 0.016890 0.008770 0.000613 0.156560 0.010188 2.369169
0.788342 0.018718 0.016848 0.008873 0.000611 0.156413 0.010196 2.371044
0.788479 0.018761 0.016843 0.008884 0.000612 0.156219 0.010202 2.372845
0.788593 0.018764 0.016821 0.008917 0.000611 0.156083 0.010212 2.374674
0.788745 0.018735 0.016795 0.008907 0.000617 0.155982 0.010220 2.376484
0.788817 0.018751 0.016813 0.008952 0.000617 0.155819 0.010231 2.378371
0.788906 0.018800 0.016733 0.008939 0.000622 0.155763 0.010236 2.380146
0.789037 0.018772 0.016814 0.008904 0.000622 0.155609 0.010241 2.382028
0.789171 0.018787 0.016795 0.008907 0.000625 0.155465 0.010249 2.383828
0.789283 0.018822 0.016796 0.008892 0.000630 0.155322 0.010256 2.385667
0.789386 0.018787 0.016838 0.008915 0.000630 0.155180 0.010264 2.387532
0.789551 0.018802 0.016781 0.008892 0.000625 0.155075 0.010275 2.389329
0.789632 0.018828 0.016757 0.008910 0.000624 0.154968 0.010281 2.391173
0.789704 0.018804 0.016749 0.008922 0.000626 0.154909 0.010286 2.393015
0.789775 0.018910 0.016749 0.008899 0.000619 0.154754 0.010295 2.394825
0.789888 0.018830 0.016801 0.008916 0.000621 0.154641 0.010302 2.396732
0.789921 0.018866 0.016797 0.008902 0.000625 0.154583 0.010307 2.398552
0.790003 0.018867 0.016799 0.008919 0.000620 0.154476 0.010317 2.400406
0.789999 0.018888 0.016808 0.008933 0.000619 0.154428 0.010325 2.402304
0.790035 0.018889 0.016840 0.008949 0.000622 0.154331 0.010334 2.404199
0.790064 0.018924 0.016870 0.008921 0.000623 0.154257 0.010342 2.406031
0.790108 0.018989 0.016849 0.008908 0.000624 0.154171 0.010350 2.407841
0.790129 0.019058 0.016817 0.008904 0.000625 0.154111 0.010355 2.409655
0.790163 0.019080 0.016776 0.008911 0.000628 0.154082 0.010360 2.411485
0.790248 0.019063 0.016747 0.008974 0.000630 0.153968 0.010372 2.413358
0.790323 0.019122 0.016760 0.009002 0.000618 0.153791 0.010385 2.415203
0.790389 0.019090 0.016820 0.009022 0.000615 0.153666 0.010399 2.417115
0.790438 0.019106 0.016858 0.009048 0.000611 0.153532 0.010407 2.418998
0.790501 0.019087 0.016860 0.009040 0.000617 0.153482 0.010413 2.420855
0.790477 0.019098 0.016912 0.009067 0.000622 0.153404 0.010420 2.422744
0.790564 0.019073 0.016918 0.009081 0.000618 0.153313 0.010433 2.424608
0.790537 0.019088 0.016925 0.009078 0.000623 0.153307 0.010443 2.426518
0.790592 0.019111 0.016968 0.009080 0.000619 0.153180 0.010450 2.428396
0.790680 0.019107 0.016951 0.009099 0.000629 0.153075 0.010459 2.430283
0.790725 0.019122 0.016901 0.009119 0.000634 0.153032 0.010467 2.432136
0.790820 0.019083 0.016955 0.009090 0.000635 0.152940 0.010477 2.434006
0.790925 0.019030 0.016939 0.009134 0.000639 0.152847 0.010486 2.435910
0.790945 0.019058 0.016883 0.009117 0.000635 0.152867 0.010494 2.437777
0.791001 0.019020 0.016920 0.009139 0.000629 0.152790 0.010501 2.439664
0.791070 0.019039 0.016905 0.009068 0.000633 0.152778 0.010508 2.441517
0.791062 0.018986 0.016958 0.009066 0.000635 0.152778 0.010515 2.443443
0.791103 0.018947 0.017011 0.009091 0.000635 0.152689 0.010524 2.445348
0.791076 0.019016 0.017036 0.009083 0.000628 0.152632 0.010530 2.447219
0.791023 0.019069 0.016991 0.009120 0.000625 0.152632 0.010542 2.449107
0.791025 0.019068 0.017025 0.009111 0.000632 0.152591 0.010548 2.450999
0.790971 0.019124 0.017010 0.009091 0.000630 0.152617 0.010558 2.452878
0.790974 0.019173 0.016994 0.009106 0.000630 0.152562 0.010563 2.454715
0.790987 0.019176 0.016966 0.009116 0.000624 0.152558 0.010573 2.456594
0.791030 0.019179 0.017018 0.009136 0.000628 0.152427 0.010583 2.458477
0.791069 0.019107 0.017070 0.009182 0.000629 0.152352 0.010592 2.460421
0.791189 0.019056 0.017063 0.009203 0.000640 0.152250 0.010599 2.462312
0.791289 0.019078 0.017060 0.009186 0.000646 0.152134 0.010607 2.464180
0.791303 0.019105 0.017070 0.009184 0.000640 0.152084 0.010615 2.466046
0.791347 0.019084 0.017080 0.009177 0.000639 0.152053 0.010621 2.467893
0.791376 0.019157 0.017076 0.009106 0.000646 0.152014 0.010626 2.469783
0.791402 0.019195 0.017032 0.009114 0.000642 0.151981 0.010635 2.471625
0.791491 0.019161 0.017069 0.009134 0.000645 0.151859 0.010641 2.473515
0.791524 0.019172 0.017035 0.009137 0.000639 0.151843 0.010651 2.475378
0.791623 0.019132 0.016979 0.009155 0.000636 0.151815 0.010659 2.477252
0.791628 0.019144 0.017028 0.009151 0.000640 0.151744 0.010666 2.479150
0.791628 0.019114 0.017018 0.009170 0.000632 0.151763 0.010675 2.481069
0.791711 0.019087 0.016984 0.009184 0.000626 0.151723 0.010685 2.482970
0.791680 0.019127 0.017012 0.009139 0.000626 0.151721 0.010694 2.484843
0.791630 0.019114 0.017036 0.009142 0.000630 0.151743 0.010704 2.486717
0.791669 0.019083 0.017028 0.009166 0.000631 0.151711 0.010711 2.488616
0.791707 0.019115 0.017020 0.009126 0.000628 0.151687 0.010718 2.490463
0.791752 0.019068 0.016992 0.009095 0.000632 0.151735 0.010727 2.492322
0.791741 0.019093 0.017008 0.009101 0.000631 0.151690 0.010736 2.494211
0.791773 0.019054 0.017101 0.009098 0.000635 0.151597 0.010742 2.496128
0.791813 0.019039 0.017070 0.009078 0.000632 0.151620 0.010749 2.497969
0.791787 0.019057 0.017073 0.009104 0.000633 0.151590 0.010756 2.499845
0.791724 0.019110 0.017069 0.009098 0.000630 0.151607 0.010762 2.501696
0.791762 0.019115 0.017096 0.009071 0.000626 0.151561 0.010770 2.503576
0.791854 0.019130 0.017072 0.009071 0.000624 0.151473 0.010777 2.505419
0.791862 0.019192 0.017073 0.009078 0.000632 0.151379 0.010784 2.507274
0.791924 0.019130 0.017077 0.009108 0.000618 0.151351 0.010793 2.509206
0.791974 0.019089 0.017119 0.009103 0.000624 0.151292 0.010800 2.511093
0.792018 0.019095 0.017098 0.009082 0.000617 0.151282 0.010809 2.512939
0.791952 0.019155 0.017127 0.009086 0.000609 0.151256 0.010816 2.514790
0.792015 0.019162 0.017112 0.009106 0.000608 0.151177 0.010822 2.516680
0.792091 0.019177 0.017110 0.009105 0.000605 0.151083 0.010830 2.518544
0.792011 0.019307 0.017122 0.009072 0.000608 0.151041 0.010839 2.520393
0.791928 0.019353 0.017129 0.009091 0.000615 0.151039 0.010846 2.522282
0.791882 0.019401 0.017121 0.009110 0.000618 0.151016 0.010852 2.524172
0.791886 0.019345 0.017160 0.009146 0.000616 0.150988 0.010859 2.526084
0.791967 0.019290 0.017180 0.009150 0.000615 0.150931 0.010867 2.528015
0.791911 0.019295 0.017214 0.009173 0.000615 0.150917 0.010875 2.529918
0.791902 0.019306 0.017193 0.009158 0.000609 0.150947 0.010884 2.531820
0.791895 0.019329 0.017271 0.009135 0.000609 0.150870 0.010892 2.533717
0.791839 0.019325 0.017335 0.009149 0.000605 0.150843 0.010903 2.535653
0.791719 0.019379 0.017330 0.009186 0.000604 0.150872 0.010910 2.537559
0.791728 0.019403 0.017294 0.009235 0.000602 0.150821 0.010917 2.539471
0.791722 0.019431 0.017255 0.009230 0.000602 0.150837 0.010925 2.541330
0.791665 0.019419 0.017236 0.009281 0.000595 0.150873 0.010932 2.543239
0.791618 0.019513 0.017193 0.009291 0.000591 0.150857 0.010938 2.545121
0.791649 0.019497 0.017201 0.009274 0.000598 0.150837 0.010945 2.547005
0.791603 0.019528 0.017209 0.009310 0.000601 0.150799 0.010950 2.548910
0.791579 0.019555 0.017244 0.009302 0.000608 0.150757 0.010955 2.550833
0.791616 0.019533 0.017228 0.009310 0.000602 0.150751 0.010959 2.552715
0.791571 0.019591 0.017192 0.009314 0.000607 0.150760 0.010966 2.554588
0.791496 0.019608 0.017203 0.009301 0.000610 0.150809 0.010972 2.556511
0.791452 0.019683 0.017218 0.009311 0.000609 0.150747 0.010981 2.558396
0.791391 0.019697 0.017257 0.009327 0.000616 0.150727 0.010985 2.560310
0.791377 0.019696 0.017253 0.009355 0.000614 0.150715 0.010991 2.562236
0.791349 0.019648 0.017228 0.009375 0.000609 0.150791 0.011001 2.564165
0.791315 0.019683 0.017223 0.009371 0.000607 0.150797 0.011006 2.566053
0.791242 0.019728 0.017202 0.009358 0.000606 0.150849 0.011014 2.567953
0.791164 0.019778 0.017226 0.009342 0.000605 0.150864 0.011021 2.569881
0.791128 0.019861 0.017202 0.009328 0.000596 0.150855 0.011030 2.571770
0.791118 0.019807 0.017272 0.009371 0.000594 0.150799 0.011039 2.573756
0.791024 0.019751 0.017366 0.009395 0.000602 0.150819 0.011043 2.575763
0.790952 0.019736 0.017397 0.009405 0.000604 0.150857 0.011049 2.577698
0.790938 0.019760 0.017365 0.009384 0.000604 0.150892 0.011058 2.579629
0.790928 0.019713 0.017393 0.009426 0.000605 0.150872 0.011064 2.581604
0.790883 0.019681 0.017455 0.009416 0.000608 0.150885 0.011072 2.583557
0.790789 0.019705 0.017439 0.009418 0.000606 0.150961 0.011081 2.585504
0.790749 0.019683 0.017456 0.009337 0.000612 0.151072 0.011091 2.587445
0.790697 0.019777 0.017473 0.009306 0.000610 0.151037 0.011099 2.589346
0.790586 0.019829 0.017471 0.009345 0.000615 0.151048 0.011107 2.591277
0.790561 0.019815 0.017480 0.009326 0.000610 0.151093 0.011114 2.593210
0.790515 0.019852 0.017538 0.009302 0.000603 0.151065 0.011125 2.595117
0.790437 0.019882 0.017563 0.009290 0.000602 0.151090 0.011135 2.597074
0.790435 0.019857 0.017558 0.009292 0.000602 0.151112 0.011144 2.599047
0.790338 0.019833 0.017628 0.009279 0.000602 0.151165 0.011156 2.601019
0.790222 0.019906 0.017602 0.009264 0.000595 0.151249 0.011163 2.602916
0.790135 0.019921 0.017662 0.009265 0.000596 0.151252 0.011169 2.604869
0.790072 0.019942 0.017682 0.009275 0.000594 0.151255 0.011180 2.606775
0.789980 0.019955 0.017654 0.009320 0.000588 0.151314 0.011189 2.608713
0.789976 0.020007 0.017661 0.009363 0.000588 0.151212 0.011193 2.610622
0.789851 0.020046 0.017694 0.009372 0.000587 0.151249 0.011201 2.612585
0.789809 0.020040 0.017705 0.009399 0.000576 0.151258 0.011213 2.614549
0.789726 0.019976 0.017708 0.009359 0.000577 0.151434 0.011221 2.616547
0.789663 0.019942 0.017668 0.009405 0.000584 0.151511 0.011228 2.618516
0.789559 0.019949 0.017654 0.009445 0.000590 0.151569 0.011234 2.620520
0.789468 0.019941 0.017705 0.009451 0.000595 0.151598 0.011242 2.622504
0.789450 0.019961 0.017704 0.009443 0.000589 0.151601 0.011251 2.624414
0.789440 0.019923 0.017734 0.009476 0.000599 0.151571 0.011257 2.626402
0.789368 0.019983 0.017703 0.009479 0.000596 0.151608 0.011262 2.628345
0.789244 0.020057 0.017706 0.009487 0.000596 0.151644 0.011268 2.630276
0.789163 0.020085 0.017699 0.009476 0.000595 0.151706 0.011277 2.632206
0.789143 0.020107 0.017704 0.009451 0.000594 0.151714 0.011287 2.634146
0.789068 0.020105 0.017719 0.009470 0.000595 0.151751 0.011293 2.636124
0.789029 0.020059 0.017818 0.009518 0.000602 0.151673 0.011301 2.638125
0.788969 0.020042 0.017900 0.009518 0.000601 0.151661 0.011308 2.640126
0.788890 0.020111 0.017878 0.009556 0.000603 0.151646 0.011315 2.642065
0.788827 0.020146 0.017862 0.009580 0.000607 0.151658 0.011319 2.644002
0.788758 0.020111 0.017871 0.009613 0.000606 0.151712 0.011330 2.645989
0.788644 0.020139 0.017830 0.009598 0.000612 0.151837 0.011340 2.647916
