0.342309 0.062326 0.056112 0.032250 0.002144 0.498684 0.006173 1.629963
0.344875 0.059915 0.056003 0.032095 0.002144 0.498768 0.006200 1.636055
0.348342 0.057017 0.055812 0.031822 0.002148 0.498638 0.006221 1.641808
0.352217 0.053812 0.055483 0.031543 0.002148 0.498551 0.006247 1.647351
0.356369 0.050679 0.054978 0.031014 0.002154 0.498532 0.006272 1.652507
0.360840 0.047707 0.054239 0.030462 0.002160 0.498290 0.006304 1.657326
0.365481 0.044809 0.053433 0.029798 0.002153 0.497995 0.006332 1.661838
0.370188 0.042056 0.052391 0.029078 0.002148 0.497784 0.006356 1.666038
0.375057 0.039464 0.051322 0.028420 0.002152 0.497204 0.006381 1.669995
0.379937 0.036983 0.050169 0.027653 0.002130 0.496717 0.006411 1.673743
0.385019 0.034697 0.048924 0.026836 0.002120 0.495965 0.006439 1.677226
0.390153 0.032508 0.047705 0.026035 0.002113 0.495022 0.006464 1.680525
0.395204 0.030507 0.046451 0.025185 0.002111 0.494049 0.006491 1.683633
0.400368 0.028632 0.045012 0.024452 0.002091 0.492919 0.006525 1.686544
0.405591 0.026831 0.043609 0.023693 0.002062 0.491661 0.006553 1.689291
0.410797 0.025190 0.042265 0.022845 0.002046 0.490279 0.006578 1.691852
0.416001 0.023638 0.040893 0.022100 0.002023 0.488737 0.006607 1.694268
0.421227 0.022236 0.039520 0.021280 0.001992 0.487106 0.006637 1.696530
0.426530 0.020873 0.038137 0.020506 0.001964 0.485328 0.006663 1.698677
0.431822 0.019596 0.036877 0.019734 0.001944 0.483337 0.006690 1.700735
0.437195 0.018442 0.035533 0.018941 0.001927 0.481246 0.006715 1.702605
0.442436 0.017357 0.034154 0.018197 0.001902 0.479215 0.006740 1.704381
0.447716 0.016366 0.032806 0.017477 0.001873 0.476996 0.006765 1.706031
0.453049 0.015467 0.031611 0.016774 0.001826 0.474480 0.006793 1.707581
0.458351 0.014599 0.030398 0.016028 0.001813 0.471995 0.006817 1.709036
0.463557 0.013835 0.029160 0.015342 0.001791 0.469474 0.006840 1.710431
0.468882 0.013077 0.028029 0.014678 0.001775 0.466696 0.006863 1.711767
0.474274 0.012337 0.026926 0.014038 0.001744 0.463796 0.006885 1.713056
0.479543 0.011694 0.025797 0.013457 0.001719 0.460878 0.006913 1.714229
0.484781 0.011084 0.024763 0.012890 0.001686 0.457859 0.006937 1.715365
0.490105 0.010468 0.023785 0.012310 0.001657 0.454715 0.006960 1.716469
0.495294 0.009917 0.022785 0.011791 0.001635 0.451597 0.006981 1.717486
0.500389 0.009391 0.021887 0.011234 0.001605 0.448497 0.006998 1.718473
0.505491 0.008944 0.020942 0.010768 0.001570 0.445270 0.007016 1.719364
0.510524 0.008494 0.020088 0.010298 0.001535 0.442030 0.007031 1.720250
0.515665 0.008071 0.019212 0.009809 0.001496 0.438696 0.007052 1.721082
0.520660 0.007713 0.018337 0.009361 0.001454 0.435400 0.007075 1.721841
0.525726 0.007415 0.017534 0.008942 0.001430 0.431867 0.007085 1.722547
0.530786 0.007080 0.016788 0.008564 0.001403 0.428279 0.007101 1.723267
0.535816 0.006786 0.016055 0.008181 0.001376 0.424669 0.007116 1.723916
0.540707 0.006492 0.015386 0.007839 0.001341 0.421099 0.007136 1.724565
0.545632 0.006243 0.014702 0.007499 0.001302 0.417468 0.007155 1.725178
0.550488 0.005999 0.014093 0.007160 0.001274 0.413815 0.007171 1.725751
0.555230 0.005741 0.013514 0.006817 0.001245 0.410265 0.007188 1.726332
0.560020 0.005490 0.012921 0.006542 0.001214 0.406608 0.007206 1.726910
0.564810 0.005258 0.012423 0.006266 0.001193 0.402834 0.007217 1.727450
0.569541 0.005030 0.011902 0.006007 0.001161 0.399127 0.007232 1.727969
0.574289 0.004845 0.011394 0.005742 0.001126 0.395354 0.007251 1.728441
0.578975 0.004683 0.010913 0.005488 0.001098 0.391576 0.007266 1.728889
0.583553 0.004513 0.010440 0.005233 0.001078 0.387902 0.007282 1.729318
0.588117 0.004344 0.009994 0.005006 0.001048 0.384196 0.007295 1.729759
0.592636 0.004184 0.009583 0.004781 0.001028 0.380482 0.007307 1.730162
0.597024 0.004041 0.009171 0.004582 0.001004 0.376861 0.007318 1.730567
0.601456 0.003897 0.008760 0.004390 0.000978 0.373188 0.007331 1.730939
0.605822 0.003767 0.008378 0.004206 0.000949 0.369534 0.007344 1.731300
0.610198 0.003604 0.008061 0.004059 0.000926 0.365798 0.007355 1.731692
0.614641 0.003461 0.007722 0.003890 0.000902 0.362019 0.007365 1.732040
0.618872 0.003320 0.007427 0.003717 0.000880 0.358406 0.007377 1.732385
0.623200 0.003210 0.007127 0.003572 0.000860 0.354643 0.007386 1.732705
0.627437 0.003071 0.006821 0.003448 0.000838 0.350990 0.007395 1.733022
0.631577 0.002947 0.006566 0.003279 0.000808 0.347415 0.007409 1.733332
0.635751 0.002843 0.006302 0.003147 0.000787 0.343755 0.007416 1.733618
0.639942 0.002739 0.006027 0.003014 0.000765 0.340085 0.007428 1.733884
0.643988 0.002649 0.005797 0.002905 0.000739 0.336484 0.007439 1.734152
0.647995 0.002578 0.005557 0.002776 0.000714 0.332933 0.007448 1.734395
0.651912 0.002515 0.005305 0.002668 0.000696 0.329448 0.007455 1.734625
0.655880 0.002459 0.005071 0.002585 0.000677 0.325860 0.007467 1.734852
0.659868 0.002383 0.004882 0.002488 0.000655 0.322244 0.007479 1.735081
0.663738 0.002331 0.004674 0.002391 0.000638 0.318741 0.007488 1.735287
0.667547 0.002250 0.004490 0.002300 0.000610 0.315305 0.007498 1.735508
0.671345 0.002181 0.004327 0.002200 0.000600 0.311845 0.007504 1.735736
0.675091 0.002120 0.004148 0.002100 0.000582 0.308445 0.007514 1.735944
0.678817 0.002044 0.004013 0.002019 0.000566 0.305019 0.007521 1.736162
0.682504 0.001983 0.003862 0.001933 0.000555 0.301631 0.007533 1.736364
0.686050 0.001924 0.003715 0.001868 0.000534 0.298366 0.007544 1.736555
0.689548 0.001857 0.003580 0.001790 0.000522 0.295154 0.007550 1.736744
0.693152 0.001819 0.003427 0.001726 0.000512 0.291809 0.007555 1.736906
0.696710 0.001772 0.003311 0.001651 0.000491 0.288501 0.007564 1.737080
0.700219 0.001716 0.003211 0.001593 0.000477 0.285213 0.007571 1.737261
0.703647 0.001676 0.003097 0.001532 0.000468 0.282002 0.007578 1.737422
0.707003 0.001632 0.002981 0.001478 0.000447 0.278872 0.007587 1.737589
0.710379 0.001581 0.002859 0.001436 0.000435 0.275714 0.007595 1.737749
0.713713 0.001535 0.002764 0.001391 0.000420 0.272577 0.007599 1.737904
0.717001 0.001498 0.002669 0.001331 0.000404 0.269490 0.007608 1.738051
0.720286 0.001444 0.002590 0.001284 0.000395 0.266389 0.007613 1.738214
0.723582 0.001411 0.002507 0.001233 0.000380 0.263268 0.007619 1.738351
0.726778 0.001368 0.002442 0.001189 0.000364 0.260233 0.007626 1.738496
0.729891 0.001332 0.002374 0.001139 0.000353 0.257281 0.007630 1.738621
0.733015 0.001297 0.002306 0.001096 0.000338 0.254315 0.007634 1.738758
0.736136 0.001235 0.002251 0.001061 0.000327 0.251351 0.007640 1.738899
0.739185 0.001214 0.002164 0.001034 0.000317 0.248443 0.007642 1.739014
0.742170 0.001185 0.002092 0.001008 0.000308 0.245590 0.007646 1.739132
0.745081 0.001162 0.002026 0.000967 0.000297 0.242816 0.007652 1.739251
0.748029 0.001123 0.001964 0.000932 0.000288 0.240009 0.007655 1.739365
0.750864 0.001099 0.001899 0.000909 0.000279 0.237292 0.007659 1.739475
0.753681 0.001075 0.001853 0.000886 0.000267 0.234577 0.007663 1.739576
0.756521 0.001054 0.001788 0.000863 0.000260 0.231849 0.007666 1.739682
0.759341 0.001039 0.001747 0.000827 0.000253 0.229125 0.007669 1.739776
0.762099 0.001016 0.001712 0.000801 0.000247 0.226453 0.007672 1.739875
0.764774 0.000990 0.001662 0.000784 0.000243 0.223874 0.007675 1.739983
0.767460 0.000982 0.001595 0.000770 0.000240 0.221277 0.007676 1.740078
0.770139 0.000952 0.001549 0.000739 0.000235 0.218708 0.007679 1.740180
0.772819 0.000927 0.001494 0.000719 0.000226 0.216133 0.007682 1.740269
0.775408 0.000898 0.001447 0.000701 0.000219 0.213643 0.007686 1.740367
0.778012 0.000883 0.001389 0.000683 0.000213 0.211131 0.007690 1.740447
0.780584 0.000872 0.001358 0.000660 0.000205 0.208629 0.007692 1.740527
0.783133 0.000853 0.001320 0.000637 0.000199 0.206166 0.007694 1.740611
0.785686 0.000834 0.001286 0.000626 0.000197 0.203677 0.007695 1.740693
0.788129 0.000801 0.001255 0.000606 0.000193 0.201320 0.007697 1.740782
0.790521 0.000782 0.001221 0.000586 0.000189 0.199001 0.007700 1.740861
0.792938 0.000762 0.001170 0.000561 0.000184 0.196683 0.007703 1.740933
0.795291 0.000746 0.001139 0.000541 0.000178 0.194399 0.007707 1.741010
0.797683 0.000736 0.001098 0.000527 0.000174 0.192075 0.007708 1.741079
0.800011 0.000718 0.001075 0.000515 0.000167 0.189804 0.007710 1.741154
0.802313 0.000710 0.001054 0.000492 0.000162 0.187558 0.007711 1.741224
0.804626 0.000690 0.001029 0.000474 0.000158 0.185309 0.007714 1.741291
0.806905 0.000674 0.000999 0.000467 0.000154 0.183086 0.007716 1.741358
0.809119 0.000672 0.000970 0.000453 0.000146 0.180921 0.007720 1.741416
0.811251 0.000659 0.000933 0.000445 0.000142 0.178849 0.007722 1.741481
0.813379 0.000649 0.000909 0.000435 0.000139 0.176766 0.007723 1.741541
0.815514 0.000642 0.000886 0.000424 0.000137 0.174674 0.007723 1.741605
0.817633 0.000630 0.000867 0.000417 0.000137 0.172593 0.007723 1.741667
0.819775 0.000619 0.000850 0.000422 0.000134 0.170475 0.007726 1.741730
0.821836 0.000610 0.000838 0.000409 0.000129 0.168452 0.007728 1.741797
0.823938 0.000597 0.000819 0.000403 0.000125 0.166391 0.007728 1.741857
0.825979 0.000576 0.000799 0.000389 0.000120 0.164407 0.007730 1.741923
0.827974 0.000564 0.000794 0.000380 0.000118 0.162437 0.007733 1.741977
0.829967 0.000556 0.000771 0.000369 0.000117 0.160487 0.007733 1.742032
0.831882 0.000544 0.000751 0.000369 0.000114 0.158606 0.007735 1.742086
0.833829 0.000537 0.000736 0.000359 0.000110 0.156694 0.007736 1.742135
0.835747 0.000529 0.000725 0.000350 0.000105 0.154807 0.007737 1.742191
0.837642 0.000524 0.000704 0.000351 0.000104 0.152938 0.007738 1.742238
0.839536 0.000523 0.000678 0.000346 0.000099 0.151080 0.007739 1.742286
0.841332 0.000504 0.000669 0.000340 0.000094 0.149321 0.007741 1.742342
0.843177 0.000510 0.000639 0.000337 0.000089 0.147506 0.007743 1.742380
0.845060 0.000504 0.000620 0.000324 0.000088 0.145661 0.007744 1.742427
0.846796 0.000497 0.000606 0.000316 0.000084 0.143957 0.007746 1.742471
0.848538 0.000489 0.000601 0.000301 0.000084 0.142241 0.007747 1.742516
0.850318 0.000471 0.000588 0.000292 0.000081 0.140503 0.007747 1.742565
0.852018 0.000449 0.000575 0.000289 0.000076 0.138845 0.007749 1.742616
0.853743 0.000445 0.000570 0.000284 0.000073 0.137135 0.007750 1.742656
0.855438 0.000433 0.000555 0.000280 0.000070 0.135472 0.007752 1.742695
0.857125 0.000435 0.000529 0.000272 0.000070 0.133818 0.007752 1.742727
0.858743 0.000436 0.000520 0.000271 0.000068 0.132211 0.007753 1.742769
0.860285 0.000430 0.000513 0.000267 0.000065 0.130687 0.007754 1.742807
0.861903 0.000416 0.000506 0.000269 0.000062 0.129089 0.007755 1.742856
0.863471 0.000410 0.000484 0.000262 0.000059 0.127558 0.007757 1.742894
0.865036 0.000398 0.000479 0.000251 0.000057 0.126023 0.007758 1.742935
0.866524 0.000389 0.000469 0.000247 0.000055 0.124557 0.007759 1.742973
0.868016 0.000383 0.000457 0.000239 0.000051 0.123094 0.007761 1.743010
0.869482 0.000374 0.000445 0.000232 0.000050 0.121656 0.007762 1.743050
0.870950 0.000360 0.000439 0.000233 0.000047 0.120208 0.007764 1.743084
0.872386 0.000346 0.000423 0.000238 0.000045 0.118799 0.007764 1.743121
0.873864 0.000332 0.000420 0.000229 0.000045 0.117347 0.007764 1.743160
0.875244 0.000330 0.000413 0.000227 0.000045 0.115978 0.007765 1.743190
0.876577 0.000331 0.000405 0.000221 0.000044 0.114657 0.007766 1.743219
0.877947 0.000320 0.000398 0.000222 0.000044 0.113305 0.007766 1.743257
0.879289 0.000320 0.000394 0.000212 0.000042 0.111976 0.007767 1.743289
0.880599 0.000306 0.000398 0.000209 0.000041 0.110681 0.007768 1.743326
0.881956 0.000299 0.000390 0.000207 0.000042 0.109339 0.007768 1.743362
0.883258 0.000287 0.000384 0.000208 0.000042 0.108052 0.007769 1.743396
0.884540 0.000291 0.000372 0.000204 0.000042 0.106782 0.007770 1.743422
0.885809 0.000287 0.000368 0.000198 0.000039 0.105529 0.007770 1.743451
0.887048 0.000276 0.000364 0.000190 0.000040 0.104314 0.007770 1.743482
0.888277 0.000278 0.000356 0.000188 0.000039 0.103092 0.007770 1.743506
0.889478 0.000269 0.000355 0.000186 0.000038 0.101905 0.007770 1.743540
0.890646 0.000262 0.000345 0.000182 0.000036 0.100760 0.007771 1.743569
0.891789 0.000259 0.000338 0.000174 0.000036 0.099634 0.007771 1.743595
0.892889 0.000257 0.000328 0.000170 0.000036 0.098549 0.007771 1.743620
0.893934 0.000252 0.000327 0.000165 0.000033 0.097518 0.007772 1.743649
0.894996 0.000257 0.000321 0.000166 0.000032 0.096457 0.007772 1.743676
0.896064 0.000259 0.000319 0.000160 0.000031 0.095395 0.007773 1.743697
0.897129 0.000255 0.000314 0.000157 0.000029 0.094344 0.007773 1.743721
0.898132 0.000248 0.000308 0.000156 0.000028 0.093355 0.007774 1.743749
0.899124 0.000242 0.000303 0.000150 0.000030 0.092378 0.007774 1.743778
0.900119 0.000240 0.000295 0.000146 0.000029 0.091399 0.007774 1.743801
0.901051 0.000237 0.000284 0.000144 0.000030 0.090480 0.007774 1.743824
0.902018 0.000238 0.000274 0.000138 0.000029 0.089529 0.007774 1.743843
0.902995 0.000229 0.000270 0.000137 0.000028 0.088568 0.007774 1.743871
0.903924 0.000225 0.000272 0.000135 0.000028 0.087643 0.007774 1.743897
0.904790 0.000219 0.000271 0.000129 0.000027 0.086789 0.007774 1.743922
0.905648 0.000223 0.000267 0.000123 0.000027 0.085938 0.007775 1.743943
0.906526 0.000217 0.000268 0.000121 0.000026 0.085067 0.007776 1.743969
0.907370 0.000212 0.000259 0.000121 0.000026 0.084236 0.007776 1.743992
0.908231 0.000214 0.000256 0.000114 0.000026 0.083385 0.007776 1.744013
0.909075 0.000213 0.000249 0.000115 0.000025 0.082547 0.007777 1.744029
0.909878 0.000211 0.000243 0.000110 0.000025 0.081756 0.007777 1.744045
0.910661 0.000211 0.000238 0.000107 0.000024 0.080982 0.007777 1.744066
0.911482 0.000205 0.000232 0.000109 0.000024 0.080170 0.007778 1.744089
0.912263 0.000203 0.000224 0.000109 0.000022 0.079400 0.007778 1.744106
0.912978 0.000198 0.000226 0.000102 0.000021 0.078696 0.007779 1.744129
0.913721 0.000195 0.000224 0.000098 0.000021 0.077962 0.007779 1.744146
0.914361 0.000191 0.000224 0.000097 0.000021 0.077326 0.007779 1.744170
0.915067 0.000188 0.000220 0.000100 0.000020 0.076626 0.007779 1.744191
0.915704 0.000181 0.000226 0.000098 0.000019 0.075991 0.007779 1.744214
0.916395 0.000178 0.000218 0.000098 0.000019 0.075312 0.007779 1.744230
0.917029 0.000176 0.000211 0.000096 0.000019 0.074689 0.007779 1.744247
0.917649 0.000171 0.000209 0.000094 0.000019 0.074077 0.007779 1.744267
0.918263 0.000168 0.000204 0.000095 0.000020 0.073470 0.007779 1.744285
0.918808 0.000167 0.000206 0.000093 0.000020 0.072924 0.007780 1.744305
0.919380 0.000166 0.000201 0.000090 0.000021 0.072362 0.007780 1.744322
0.919920 0.000168 0.000199 0.000088 0.000020 0.071823 0.007781 1.744335
0.920464 0.000164 0.000193 0.000087 0.000018 0.071292 0.007782 1.744352
0.920980 0.000167 0.000188 0.000086 0.000017 0.070780 0.007782 1.744367
0.921511 0.000165 0.000187 0.000085 0.000017 0.070253 0.007782 1.744387
0.922015 0.000163 0.000185 0.000085 0.000017 0.069753 0.007782 1.744405
0.922486 0.000163 0.000187 0.000087 0.000016 0.069277 0.007783 1.744424
0.922981 0.000166 0.000181 0.000089 0.000016 0.068783 0.007783 1.744437
0.923470 0.000170 0.000173 0.000089 0.000016 0.068298 0.007783 1.744449
0.923917 0.000169 0.000172 0.000087 0.000016 0.067856 0.007783 1.744462
0.924379 0.000172 0.000169 0.000085 0.000015 0.067395 0.007784 1.744473
0.924810 0.000163 0.000175 0.000084 0.000014 0.066969 0.007785 1.744493
0.925230 0.000167 0.000170 0.000081 0.000013 0.066554 0.007785 1.744505
0.925627 0.000168 0.000168 0.000080 0.000012 0.066159 0.007785 1.744519
0.926019 0.000165 0.000165 0.000082 0.000012 0.065772 0.007785 1.744536
0.926409 0.000160 0.000160 0.000085 0.000011 0.065389 0.007786 1.744551
0.926779 0.000163 0.000153 0.000089 0.000010 0.065019 0.007786 1.744568
0.927144 0.000161 0.000148 0.000090 0.000010 0.064660 0.007786 1.744583
0.927522 0.000154 0.000145 0.000089 0.000011 0.064292 0.007786 1.744598
0.927869 0.000148 0.000147 0.000089 0.000011 0.063949 0.007786 1.744613
0.928215 0.000145 0.000139 0.000090 0.000010 0.063614 0.007786 1.744626
0.928543 0.000150 0.000136 0.000087 0.000010 0.063287 0.007786 1.744635
0.928855 0.000145 0.000137 0.000087 0.000010 0.062979 0.007787 1.744650
0.929156 0.000139 0.000146 0.000086 0.000009 0.062677 0.007787 1.744668
0.929482 0.000136 0.000146 0.000081 0.000008 0.062358 0.007788 1.744680
0.929789 0.000131 0.000145 0.000084 0.000008 0.062055 0.007788 1.744696
0.930112 0.000129 0.000146 0.000078 0.000007 0.061739 0.007788 1.744706
0.930420 0.000120 0.000148 0.000076 0.000008 0.061439 0.007788 1.744724
0.930722 0.000121 0.000143 0.000074 0.000008 0.061142 0.007789 1.744735
0.931039 0.000120 0.000145 0.000072 0.000008 0.060827 0.007789 1.744750
0.931304 0.000117 0.000145 0.000071 0.000008 0.060566 0.007789 1.744764
0.931562 0.000117 0.000143 0.000072 0.000009 0.060308 0.007789 1.744774
0.931836 0.000118 0.000141 0.000073 0.000009 0.060034 0.007789 1.744787
0.932088 0.000116 0.000139 0.000073 0.000009 0.059786 0.007789 1.744797
0.932333 0.000112 0.000141 0.000072 0.000008 0.059545 0.007789 1.744807
0.932580 0.000111 0.000138 0.000070 0.000009 0.059304 0.007789 1.744817
0.932841 0.000109 0.000134 0.000070 0.000008 0.059049 0.007789 1.744828
0.933075 0.000107 0.000131 0.000070 0.000007 0.058821 0.007789 1.744839
0.933297 0.000105 0.000127 0.000069 0.000007 0.058605 0.007789 1.744849
0.933538 0.000103 0.000127 0.000066 0.000006 0.058371 0.007789 1.744859
0.933778 0.000097 0.000126 0.000063 0.000006 0.058141 0.007789 1.744872
0.934006 0.000099 0.000126 0.000063 0.000005 0.057912 0.007790 1.744880
0.934209 0.000100 0.000121 0.000063 0.000005 0.057713 0.007790 1.744888
0.934414 0.000100 0.000119 0.000061 0.000005 0.057512 0.007790 1.744897
0.934608 0.000097 0.000115 0.000060 0.000005 0.057324 0.007790 1.744907
0.934819 0.000098 0.000109 0.000057 0.000004 0.057123 0.007790 1.744914
0.935014 0.000098 0.000103 0.000053 0.000004 0.056937 0.007790 1.744921
0.935190 0.000097 0.000101 0.000053 0.000004 0.056766 0.007790 1.744930
0.935355 0.000096 0.000102 0.000052 0.000003 0.056602 0.007790 1.744941
0.935547 0.000092 0.000100 0.000051 0.000003 0.056417 0.007790 1.744952
0.935697 0.000095 0.000096 0.000048 0.000003 0.056271 0.007790 1.744958
0.935847 0.000095 0.000097 0.000048 0.000003 0.056119 0.007790 1.744967
0.936004 0.000090 0.000095 0.000048 0.000004 0.055970 0.007790 1.744976
0.936149 0.000088 0.000094 0.000047 0.000003 0.055828 0.007791 1.744987
0.936314 0.000088 0.000090 0.000047 0.000003 0.055668 0.007791 1.744993
0.936462 0.000092 0.000090 0.000046 0.000003 0.055517 0.007791 1.744998
0.936607 0.000088 0.000090 0.000048 0.000003 0.055374 0.007791 1.745008
0.936771 0.000085 0.000093 0.000047 0.000003 0.055210 0.007791 1.745018
0.936916 0.000084 0.000091 0.000045 0.000004 0.055070 0.007791 1.745025
0.937041 0.000086 0.000089 0.000048 0.000003 0.054942 0.007791 1.745031
0.937181 0.000086 0.000085 0.000045 0.000003 0.054808 0.007791 1.745037
0.937320 0.000082 0.000086 0.000045 0.000003 0.054672 0.007791 1.745047
0.937445 0.000089 0.000082 0.000042 0.000004 0.054547 0.007791 1.745051
0.937577 0.000085 0.000082 0.000041 0.000004 0.054419 0.007791 1.745059
0.937691 0.000080 0.000084 0.000042 0.000004 0.054308 0.007791 1.745070
0.937820 0.000081 0.000083 0.000040 0.000004 0.054181 0.007791 1.745076
0.937941 0.000079 0.000086 0.000039 0.000004 0.054060 0.007791 1.745086
0.938068 0.000077 0.000086 0.000040 0.000004 0.053932 0.007791 1.745094
0.938189 0.000074 0.000085 0.000040 0.000004 0.053816 0.007791 1.745104
0.938308 0.000074 0.000081 0.000040 0.000004 0.053701 0.007791 1.745112
0.938414 0.000071 0.000083 0.000039 0.000004 0.053597 0.007791 1.745121
0.938523 0.000070 0.000078 0.000038 0.000004 0.053495 0.007791 1.745126
0.938623 0.000069 0.000075 0.000039 0.000004 0.053398 0.007791 1.745132
0.938726 0.000072 0.000076 0.000039 0.000004 0.053291 0.007791 1.745138
0.938847 0.000073 0.000069 0.000039 0.000004 0.053176 0.007791 1.745142
0.938964 0.000076 0.000068 0.000038 0.000004 0.053060 0.007791 1.745146
0.939051 0.000071 0.000070 0.000038 0.000004 0.052975 0.007791 1.745156
0.939155 0.000067 0.000072 0.000035 0.000005 0.052875 0.007791 1.745164
0.939230 0.000068 0.000072 0.000035 0.000005 0.052799 0.007791 1.745171
0.939322 0.000073 0.000069 0.000034 0.000004 0.052706 0.007792 1.745173
0.939420 0.000072 0.000070 0.000033 0.000005 0.052610 0.007792 1.745180
0.939500 0.000072 0.000068 0.000033 0.000005 0.052530 0.007792 1.745186
0.939583 0.000068 0.000070 0.000033 0.000005 0.052449 0.007792 1.745194
0.939664 0.000065 0.000069 0.000032 0.000005 0.052374 0.007792 1.745200
0.939734 0.000067 0.000070 0.000031 0.000005 0.052301 0.007792 1.745205
0.939809 0.000071 0.000071 0.000030 0.000005 0.052222 0.007792 1.745212
0.939870 0.000069 0.000074 0.000032 0.000004 0.052158 0.007792 1.745222
0.939948 0.000073 0.000073 0.000030 0.000005 0.052078 0.007792 1.745227
0.940012 0.000073 0.000073 0.000029 0.000004 0.052017 0.007792 1.745235
0.940088 0.000073 0.000075 0.000027 0.000004 0.051942 0.007792 1.745242
0.940161 0.000069 0.000072 0.000029 0.000004 0.051873 0.007792 1.745250
0.940222 0.000071 0.000068 0.000029 0.000004 0.051814 0.007792 1.745256
0.940283 0.000070 0.000070 0.000029 0.000005 0.051751 0.007792 1.745263
0.940353 0.000072 0.000070 0.000029 0.000005 0.051679 0.007792 1.745270
0.940423 0.000068 0.000070 0.000028 0.000005 0.051613 0.007792 1.745276
0.940486 0.000071 0.000069 0.000027 0.000005 0.051551 0.007792 1.745280
0.940544 0.000072 0.000066 0.000025 0.000005 0.051496 0.007792 1.745284
0.940595 0.000075 0.000063 0.000027 0.000005 0.051443 0.007792 1.745289
0.940658 0.000079 0.000062 0.000025 0.000005 0.051378 0.007792 1.745294
0.940710 0.000076 0.000063 0.000026 0.000005 0.051328 0.007792 1.745305
0.940767 0.000075 0.000064 0.000026 0.000005 0.051270 0.007792 1.745311
0.940815 0.000073 0.000065 0.000029 0.000005 0.051222 0.007792 1.745320
0.940865 0.000072 0.000067 0.000029 0.000005 0.051170 0.007792 1.745327
0.940908 0.000068 0.000070 0.000029 0.000005 0.051127 0.007792 1.745337
0.940961 0.000065 0.000068 0.000027 0.000005 0.051081 0.007792 1.745344
0.941007 0.000062 0.000065 0.000029 0.000005 0.051040 0.007792 1.745352
0.941048 0.000061 0.000063 0.000029 0.000005 0.051003 0.007792 1.745357
0.941087 0.000059 0.000059 0.000028 0.000004 0.050970 0.007792 1.745363
0.941130 0.000057 0.000058 0.000027 0.000004 0.050931 0.007792 1.745370
0.941167 0.000058 0.000058 0.000027 0.000004 0.050894 0.007792 1.745375
0.941205 0.000055 0.000058 0.000026 0.000005 0.050859 0.007792 1.745380
0.941240 0.000058 0.000054 0.000024 0.000004 0.050828 0.007793 1.745383
0.941279 0.000055 0.000054 0.000024 0.000004 0.050792 0.007793 1.745389
0.941313 0.000053 0.000052 0.000024 0.000004 0.050761 0.007793 1.745396
0.941345 0.000053 0.000053 0.000022 0.000005 0.050729 0.007793 1.745401
0.941371 0.000053 0.000049 0.000023 0.000005 0.050707 0.007793 1.745404
0.941398 0.000051 0.000047 0.000026 0.000005 0.050680 0.007793 1.745410
0.941423 0.000048 0.000049 0.000026 0.000005 0.050657 0.007793 1.745418
0.941456 0.000047 0.000050 0.000026 0.000004 0.050625 0.007793 1.745423
0.941487 0.000043 0.000049 0.000027 0.000004 0.050598 0.007793 1.745431
0.941517 0.000044 0.000044 0.000029 0.000004 0.050569 0.007793 1.745436
0.941543 0.000046 0.000044 0.000028 0.000004 0.050542 0.007793 1.745438
0.941578 0.000044 0.000044 0.000026 0.000004 0.050512 0.007793 1.745443
0.941606 0.000042 0.000042 0.000026 0.000003 0.050488 0.007793 1.745447
0.941636 0.000040 0.000043 0.000024 0.000003 0.050462 0.007794 1.745451
0.941667 0.000041 0.000041 0.000023 0.000003 0.050431 0.007794 1.745454
0.941691 0.000039 0.000041 0.000023 0.000003 0.050410 0.007794 1.745458
0.941711 0.000036 0.000038 0.000023 0.000003 0.050396 0.007794 1.745462
0.941739 0.000034 0.000037 0.000024 0.000003 0.050370 0.007794 1.745466
0.941751 0.000036 0.000036 0.000021 0.000003 0.050361 0.007794 1.745470
0.941765 0.000035 0.000037 0.000019 0.000003 0.050349 0.007794 1.745475
0.941781 0.000030 0.000036 0.000018 0.000003 0.050339 0.007794 1.745480
0.941796 0.000030 0.000036 0.000017 0.000003 0.050324 0.007794 1.745482
0.941819 0.000031 0.000034 0.000016 0.000003 0.050304 0.007794 1.745485
0.941839 0.000030 0.000035 0.000017 0.000002 0.050283 0.007794 1.745488
0.941857 0.000027 0.000037 0.000015 0.000002 0.050268 0.007794 1.745492
0.941872 0.000026 0.000036 0.000016 0.000002 0.050254 0.007794 1.745495
0.941886 0.000026 0.000035 0.000014 0.000002 0.050243 0.007794 1.745498
0.941904 0.000025 0.000036 0.000014 0.000002 0.050224 0.007794 1.745502
0.941919 0.000027 0.000036 0.000013 0.000002 0.050209 0.007794 1.745503
0.941943 0.000025 0.000034 0.000013 0.000002 0.050188 0.007794 1.745506
0.941961 0.000027 0.000031 0.000012 0.000002 0.050172 0.007794 1.745506
0.941979 0.000028 0.000031 0.000011 0.000002 0.050154 0.007794 1.745508
0.941992 0.000027 0.000031 0.000011 0.000002 0.050143 0.007794 1.745512
0.942006 0.000027 0.000033 0.000011 0.000002 0.050128 0.007794 1.745515
0.942021 0.000025 0.000034 0.000011 0.000002 0.050114 0.007794 1.745518
0.942035 0.000024 0.000035 0.000011 0.000002 0.050099 0.007794 1.745522
0.942046 0.000022 0.000032 0.000012 0.000002 0.050093 0.007794 1.745524
0.942053 0.000024 0.000032 0.000013 0.000002 0.050083 0.007794 1.745527
0.942066 0.000026 0.000030 0.000013 0.000002 0.050069 0.007794 1.745528
0.942078 0.000024 0.000029 0.000013 0.000002 0.050059 0.007794 1.745532
0.942092 0.000024 0.000027 0.000012 0.000001 0.050050 0.007794 1.745533
0.942102 0.000024 0.000026 0.000012 0.000001 0.050041 0.007794 1.745535
0.942113 0.000023 0.000026 0.000012 0.000001 0.050032 0.007794 1.745537
0.942122 0.000024 0.000024 0.000012 0.000001 0.050022 0.007794 1.745538
0.942129 0.000028 0.000023 0.000012 0.000001 0.050013 0.007794 1.745541
0.942138 0.000028 0.000024 0.000012 0.000001 0.050003 0.007794 1.745543
0.942152 0.000026 0.000025 0.000011 0.000001 0.049991 0.007794 1.745545
0.942159 0.000027 0.000023 0.000011 0.000001 0.049985 0.007794 1.745547
0.942171 0.000025 0.000023 0.000011 0.000001 0.049975 0.007794 1.745550
0.942183 0.000022 0.000025 0.000010 0.000001 0.049964 0.007794 1.745554
0.942190 0.000021 0.000026 0.000010 0.000001 0.049957 0.007794 1.745557
0.942202 0.000019 0.000025 0.000010 0.000001 0.049950 0.007794 1.745560
0.942214 0.000018 0.000028 0.000010 0.000001 0.049936 0.007794 1.745563
0.942223 0.000018 0.000028 0.000008 0.000001 0.049928 0.007794 1.745564
0.942236 0.000018 0.000027 0.000008 0.000001 0.049917 0.007794 1.745564
0.942245 0.000016 0.000028 0.000007 0.000001 0.049909 0.007794 1.745566
0.942250 0.000017 0.000024 0.000007 0.000001 0.049907 0.007794 1.745568
0.942257 0.000017 0.000024 0.000006 0.000001 0.049901 0.007794 1.745569
0.942265 0.000016 0.000024 0.000006 0.000001 0.049894 0.007794 1.745570
0.942270 0.000016 0.000023 0.000007 0.000001 0.049889 0.007794 1.745571
0.942278 0.000016 0.000022 0.000006 0.000001 0.049883 0.007794 1.745572
0.942284 0.000017 0.000022 0.000006 0.000000 0.049876 0.007795 1.745572
0.942290 0.000020 0.000020 0.000006 0.000000 0.049870 0.007795 1.745572
0.942295 0.000021 0.000020 0.000005 0.000000 0.049865 0.007795 1.745574
0.942302 0.000020 0.000021 0.000005 0.000000 0.049857 0.007795 1.745575
0.942312 0.000021 0.000019 0.000006 0.000000 0.049847 0.007795 1.745577
0.942321 0.000019 0.000018 0.000007 0.000000 0.049841 0.007795 1.745579
0.942328 0.000017 0.000019 0.000008 0.000000 0.049834 0.007795 1.745582
0.942337 0.000017 0.000019 0.000007 0.000000 0.049826 0.007795 1.745583
0.942339 0.000017 0.000020 0.000008 0.000000 0.049821 0.007795 1.745585
0.942347 0.000016 0.000018 0.000008 0.000000 0.049817 0.007795 1.745587
0.942350 0.000016 0.000018 0.000008 0.000000 0.049814 0.007795 1.745589
0.942359 0.000016 0.000016 0.000008 0.000000 0.049807 0.007795 1.745590
0.942363 0.000017 0.000016 0.000008 0.000000 0.049802 0.007795 1.745591
0.942367 0.000019 0.000017 0.000007 0.000000 0.049795 0.007795 1.745592
0.942376 0.000016 0.000020 0.000007 0.000000 0.049787 0.007795 1.745595
0.942380 0.000015 0.000019 0.000007 0.000000 0.049784 0.007795 1.745597
0.942386 0.000013 0.000018 0.000007 0.000000 0.049781 0.007795 1.745598
0.942391 0.000013 0.000017 0.000007 0.000000 0.049778 0.007795 1.745599
0.942395 0.000016 0.000017 0.000005 0.000000 0.049774 0.007795 1.745599
0.942401 0.000017 0.000015 0.000006 0.000000 0.049768 0.007795 1.745600
0.942406 0.000017 0.000014 0.000004 0.000000 0.049765 0.007795 1.745602
0.942410 0.000018 0.000014 0.000004 0.000000 0.049759 0.007795 1.745603
0.942418 0.000016 0.000014 0.000004 0.000000 0.049754 0.007795 1.745605
0.942421 0.000018 0.000014 0.000005 0.000000 0.049748 0.007795 1.745605
0.942425 0.000017 0.000015 0.000005 0.000000 0.049744 0.007795 1.745607
0.942426 0.000016 0.000016 0.000007 0.000000 0.049742 0.007795 1.745610
0.942430 0.000016 0.000015 0.000006 0.000000 0.049739 0.007795 1.745611
0.942433 0.000016 0.000014 0.000007 0.000000 0.049736 0.007795 1.745612
0.942432 0.000018 0.000015 0.000007 0.000000 0.049734 0.007795 1.745614
0.942432 0.000019 0.000015 0.000007 0.000000 0.049733 0.007795 1.745616
0.942435 0.000018 0.000016 0.000008 0.000000 0.049730 0.007795 1.745618
0.942437 0.000017 0.000016 0.000009 0.000000 0.049728 0.007795 1.745621
0.942439 0.000019 0.000016 0.000008 0.000000 0.049724 0.007795 1.745621
0.942440 0.000020 0.000018 0.000008 0.000000 0.049720 0.007795 1.745623
0.942443 0.000023 0.000018 0.000008 0.000000 0.049715 0.007795 1.745624
0.942446 0.000021 0.000019 0.000007 0.000000 0.049713 0.007795 1.745627
0.942450 0.000019 0.000019 0.000009 0.000000 0.049708 0.007795 1.745631
0.942453 0.000017 0.000019 0.000010 0.000000 0.049706 0.007795 1.745633
0.942457 0.000018 0.000018 0.000011 0.000000 0.049702 0.007795 1.745634
0.942459 0.000019 0.000017 0.000010 0.000000 0.049701 0.007795 1.745635
0.942461 0.000016 0.000019 0.000010 0.000000 0.049700 0.007795 1.745639
0.942463 0.000016 0.000019 0.000010 0.000000 0.049699 0.007795 1.745641
0.942465 0.000016 0.000018 0.000009 0.000000 0.049698 0.007795 1.745642
0.942469 0.000013 0.000019 0.000008 0.000000 0.049696 0.007795 1.745645
0.942470 0.000015 0.000019 0.000007 0.000000 0.049695 0.007795 1.745645
0.942470 0.000017 0.000018 0.000008 0.000000 0.049694 0.007795 1.745646
0.942474 0.000016 0.000018 0.000008 0.000000 0.049690 0.007795 1.745648
0.942478 0.000016 0.000018 0.000008 0.000000 0.049686 0.007795 1.745649
0.942477 0.000018 0.000016 0.000008 0.000000 0.049687 0.007795 1.745649
0.942478 0.000018 0.000018 0.000008 0.000000 0.049683 0.007795 1.745652
0.942478 0.000020 0.000017 0.000008 0.000000 0.049682 0.007795 1.745653
0.942480 0.000020 0.000017 0.000010 0.000000 0.049680 0.007795 1.745655
0.942479 0.000019 0.000019 0.000010 0.000000 0.049679 0.007795 1.745658
0.942481 0.000018 0.000020 0.000010 0.000000 0.049676 0.007795 1.745661
0.942484 0.000018 0.000019 0.000012 0.000000 0.049674 0.007795 1.745663
0.942485 0.000018 0.000018 0.000013 0.000000 0.049672 0.007795 1.745665
0.942487 0.000016 0.000019 0.000013 0.000001 0.049670 0.007795 1.745669
0.942487 0.000014 0.000020 0.000011 0.000001 0.049671 0.007795 1.745672
0.942489 0.000012 0.000020 0.000012 0.000001 0.049671 0.007795 1.745675
0.942491 0.000012 0.000020 0.000011 0.000001 0.049671 0.007795 1.745675
0.942493 0.000012 0.000019 0.000012 0.000001 0.049668 0.007795 1.745677
0.942494 0.000013 0.000019 0.000012 0.000001 0.049667 0.007795 1.745679
0.942497 0.000013 0.000019 0.000011 0.000001 0.049665 0.007795 1.745680
0.942499 0.000014 0.000017 0.000010 0.000001 0.049665 0.007795 1.745681
0.942501 0.000014 0.000016 0.000008 0.000001 0.049665 0.007795 1.745681
0.942501 0.000016 0.000016 0.000008 0.000001 0.049663 0.007795 1.745682
0.942502 0.000015 0.000016 0.000007 0.000001 0.049665 0.007795 1.745684
0.942504 0.000014 0.000017 0.000006 0.000001 0.049663 0.007795 1.745687
0.942506 0.000014 0.000014 0.000006 0.000001 0.049664 0.007795 1.745688
0.942508 0.000014 0.000014 0.000006 0.000001 0.049662 0.007795 1.745689
0.942512 0.000014 0.000014 0.000005 0.000001 0.049659 0.007795 1.745690
0.942513 0.000014 0.000014 0.000006 0.000001 0.049657 0.007795 1.745691
0.942512 0.000017 0.000013 0.000005 0.000001 0.049657 0.007795 1.745691
0.942511 0.000018 0.000013 0.000006 0.000001 0.049657 0.007795 1.745693
0.942510 0.000020 0.000012 0.000006 0.000001 0.049656 0.007795 1.745694
0.942510 0.000019 0.000013 0.000006 0.000001 0.049655 0.007795 1.745697
0.942511 0.000018 0.000014 0.000007 0.000001 0.049653 0.007795 1.745701
0.942513 0.000017 0.000014 0.000007 0.000000 0.049653 0.007795 1.745702
0.942513 0.000019 0.000014 0.000006 0.000000 0.049652 0.007795 1.745703
0.942514 0.000019 0.000015 0.000006 0.000000 0.049651 0.007795 1.745705
0.942513 0.000019 0.000014 0.000006 0.000000 0.049652 0.007795 1.745707
0.942512 0.000021 0.000014 0.000006 0.000000 0.049652 0.007795 1.745707
0.942511 0.000019 0.000017 0.000007 0.000000 0.049650 0.007795 1.745711
0.942510 0.000022 0.000014 0.000007 0.000000 0.049651 0.007795 1.745712
0.942508 0.000022 0.000014 0.000007 0.000000 0.049653 0.007795 1.745714
0.942505 0.000022 0.000016 0.000008 0.000000 0.049654 0.007795 1.745717
0.942507 0.000020 0.000015 0.000007 0.000000 0.049655 0.007795 1.745720
0.942506 0.000021 0.000015 0.000007 0.000000 0.049655 0.007795 1.745721
0.942504 0.000022 0.000016 0.000008 0.000000 0.049656 0.007795 1.745723
0.942503 0.000022 0.000016 0.000008 0.000000 0.049657 0.007795 1.745724
0.942502 0.000024 0.000013 0.000008 0.000000 0.049659 0.007795 1.745726
0.942502 0.000023 0.000012 0.000008 0.000000 0.049659 0.007795 1.745727
0.942503 0.000023 0.000013 0.000008 0.000000 0.049657 0.007795 1.745729
0.942501 0.000025 0.000013 0.000008 0.000000 0.049657 0.007795 1.745730
0.942499 0.000025 0.000014 0.000009 0.000000 0.049657 0.007795 1.745734
0.942497 0.000026 0.000015 0.000009 0.000000 0.049658 0.007795 1.745735
0.942496 0.000024 0.000019 0.000008 0.000000 0.049658 0.007795 1.745740
0.942494 0.000025 0.000019 0.000010 0.000000 0.049657 0.007795 1.745743
0.942493 0.000026 0.000019 0.000012 0.000000 0.049656 0.007795 1.745746
0.942492 0.000027 0.000018 0.000010 0.000000 0.049657 0.007795 1.745747
0.942492 0.000026 0.000019 0.000010 0.000000 0.049658 0.007795 1.745749
0.942490 0.000027 0.000019 0.000010 0.000000 0.049659 0.007795 1.745752
0.942492 0.000028 0.000019 0.000010 0.000000 0.049656 0.007795 1.745753
0.942492 0.000029 0.000018 0.000010 0.000000 0.049656 0.007795 1.745754
0.942491 0.000030 0.000019 0.000009 0.000000 0.049655 0.007795 1.745755
0.942491 0.000029 0.000021 0.000008 0.000000 0.049656 0.007795 1.745758
0.942490 0.000027 0.000022 0.000008 0.000000 0.049657 0.007795 1.745762
0.942490 0.000029 0.000019 0.000008 0.000000 0.049658 0.007795 1.745762
0.942488 0.000031 0.000020 0.000008 0.000000 0.049658 0.007795 1.745766
0.942486 0.000027 0.000019 0.000012 0.000000 0.049660 0.007795 1.745772
0.942485 0.000027 0.000020 0.000013 0.000000 0.049659 0.007795 1.745776
0.942485 0.000028 0.000021 0.000013 0.000000 0.049658 0.007795 1.745777
0.942485 0.000026 0.000024 0.000013 0.000000 0.049657 0.007795 1.745781
0.942484 0.000025 0.000024 0.000012 0.000000 0.049659 0.007795 1.745783
0.942481 0.000030 0.000023 0.000012 0.000000 0.049659 0.007795 1.745784
0.942484 0.000027 0.000026 0.000011 0.000000 0.049658 0.007795 1.745788
0.942485 0.000024 0.000027 0.000011 0.000000 0.049657 0.007795 1.745792
0.942483 0.000025 0.000024 0.000012 0.000000 0.049660 0.007795 1.745794
0.942481 0.000027 0.000023 0.000010 0.000000 0.049664 0.007795 1.745796
0.942481 0.000025 0.000025 0.000009 0.000000 0.049664 0.007795 1.745800
0.942480 0.000026 0.000026 0.000010 0.000000 0.049663 0.007795 1.745802
0.942477 0.000025 0.000027 0.000011 0.000000 0.049664 0.007795 1.745807
0.942477 0.000026 0.000026 0.000012 0.000000 0.049664 0.007795 1.745810
0.942476 0.000025 0.000026 0.000013 0.000000 0.049664 0.007795 1.745812
0.942474 0.000026 0.000026 0.000013 0.000000 0.049667 0.007795 1.745814
0.942471 0.000027 0.000025 0.000014 0.000000 0.049668 0.007795 1.745817
0.942471 0.000024 0.000028 0.000013 0.000000 0.049668 0.007795 1.745821
0.942470 0.000026 0.000028 0.000012 0.000000 0.049669 0.007795 1.745822
0.942471 0.000025 0.000025 0.000013 0.000000 0.049671 0.007795 1.745825
0.942470 0.000025 0.000026 0.000012 0.000000 0.049671 0.007795 1.745826
0.942471 0.000025 0.000024 0.000013 0.000000 0.049672 0.007795 1.745828
0.942472 0.000025 0.000024 0.000012 0.000000 0.049671 0.007795 1.745830
0.942472 0.000025 0.000024 0.000012 0.000000 0.049673 0.007795 1.745832
0.942472 0.000022 0.000026 0.000012 0.000000 0.049672 0.007795 1.745836
0.942476 0.000019 0.000027 0.000011 0.000000 0.049671 0.007795 1.745839
0.942476 0.000019 0.000027 0.000011 0.000000 0.049673 0.007795 1.745841
0.942478 0.000018 0.000026 0.000011 0.000000 0.049672 0.007795 1.745842
0.942478 0.000018 0.000026 0.000010 0.000000 0.049673 0.007795 1.745844
0.942477 0.000019 0.000026 0.000010 0.000000 0.049672 0.007795 1.745845
0.942477 0.000019 0.000026 0.000009 0.000000 0.049673 0.007795 1.745847
0.942477 0.000018 0.000027 0.000009 0.000000 0.049673 0.007795 1.745850
0.942475 0.000021 0.000026 0.000009 0.000000 0.049674 0.007795 1.745851
0.942473 0.000022 0.000026 0.000010 0.000000 0.049674 0.007795 1.745853
0.942472 0.000025 0.000025 0.000009 0.000000 0.049674 0.007795 1.745854
0.942471 0.000024 0.000024 0.000010 0.000001 0.049673 0.007795 1.745856
0.942470 0.000024 0.000024 0.000011 0.000001 0.049674 0.007795 1.745859
0.942469 0.000024 0.000027 0.000012 0.000001 0.049673 0.007795 1.745864
0.942469 0.000024 0.000027 0.000011 0.000001 0.049673 0.007795 1.745865
0.942467 0.000024 0.000027 0.000011 0.000001 0.049674 0.007795 1.745867
0.942467 0.000025 0.000027 0.000012 0.000001 0.049673 0.007795 1.745870
0.942466 0.000024 0.000027 0.000013 0.000001 0.049674 0.007795 1.745873
0.942467 0.000025 0.000027 0.000011 0.000002 0.049674 0.007795 1.745875
0.942464 0.000027 0.000027 0.000012 0.000002 0.049674 0.007795 1.745877
0.942466 0.000027 0.000029 0.000011 0.000002 0.049672 0.007795 1.745879
0.942466 0.000026 0.000028 0.000011 0.000001 0.049672 0.007796 1.745881
0.942466 0.000025 0.000029 0.000009 0.000001 0.049675 0.007796 1.745883
0.942466 0.000024 0.000031 0.000010 0.000001 0.049674 0.007796 1.745888
0.942464 0.000025 0.000031 0.000008 0.000001 0.049675 0.007796 1.745890
0.942466 0.000024 0.000028 0.000010 0.000001 0.049676 0.007796 1.745892
0.942467 0.000023 0.000027 0.000010 0.000001 0.049676 0.007796 1.745895
0.942464 0.000025 0.000028 0.000011 0.000001 0.049676 0.007796 1.745897
0.942464 0.000025 0.000026 0.000012 0.000001 0.049678 0.007796 1.745900
0.942465 0.000026 0.000025 0.000010 0.000001 0.049678 0.007796 1.745901
0.942464 0.000027 0.000024 0.000010 0.000001 0.049678 0.007796 1.745903
0.942464 0.000027 0.000024 0.000009 0.000000 0.049680 0.007796 1.745905
0.942463 0.000027 0.000024 0.000009 0.000000 0.049680 0.007796 1.745907
0.942464 0.000026 0.000023 0.000008 0.000000 0.049682 0.007796 1.745910
0.942462 0.000027 0.000023 0.000008 0.000000 0.049683 0.007796 1.745913
0.942465 0.000027 0.000023 0.000009 0.000000 0.049681 0.007796 1.745916
0.942464 0.000029 0.000022 0.000010 0.000000 0.049680 0.007796 1.745917
0.942464 0.000029 0.000023 0.000009 0.000000 0.049679 0.007796 1.745920
0.942464 0.000029 0.000022 0.000010 0.000000 0.049679 0.007796 1.745922
0.942466 0.000028 0.000024 0.000010 0.000000 0.049676 0.007796 1.745925
0.942465 0.000027 0.000022 0.000013 0.000000 0.049677 0.007796 1.745928
0.942464 0.000028 0.000024 0.000010 0.000000 0.049678 0.007796 1.745930
0.942462 0.000029 0.000023 0.000010 0.000001 0.049680 0.007796 1.745932
0.942460 0.000030 0.000023 0.000010 0.000001 0.049680 0.007796 1.745935
0.942460 0.000031 0.000024 0.000010 0.000002 0.049679 0.007796 1.745937
0.942460 0.000031 0.000023 0.000011 0.000002 0.049679 0.007796 1.745939
0.942459 0.000031 0.000022 0.000010 0.000002 0.049681 0.007796 1.745941
0.942461 0.000029 0.000022 0.000010 0.000002 0.049681 0.007796 1.745943
0.942462 0.000031 0.000020 0.000010 0.000002 0.049681 0.007796 1.745944
0.942461 0.000030 0.000022 0.000010 0.000002 0.049679 0.007796 1.745947
