0.340375 0.062686 0.056115 0.032375 0.002174 0.500027 0.006249 1.646928
0.342837 0.060309 0.055946 0.032193 0.002165 0.500273 0.006277 1.652981
0.346376 0.057334 0.055596 0.031950 0.002164 0.500276 0.006304 1.658798
0.350324 0.054280 0.055310 0.031555 0.002158 0.500042 0.006331 1.664209
0.354676 0.051238 0.054701 0.031012 0.002153 0.499856 0.006363 1.669283
0.359081 0.048215 0.053997 0.030475 0.002156 0.499683 0.006392 1.674107
0.363709 0.045238 0.053296 0.029917 0.002148 0.499268 0.006424 1.678751
0.368459 0.042323 0.052367 0.029284 0.002140 0.498977 0.006449 1.683130
0.373456 0.039594 0.051288 0.028606 0.002125 0.498455 0.006477 1.687189
0.378546 0.037040 0.050208 0.027914 0.002113 0.497681 0.006497 1.691000
0.383592 0.034709 0.048968 0.027069 0.002098 0.497038 0.006526 1.694498
0.388713 0.032455 0.047714 0.026269 0.002080 0.496212 0.006557 1.697849
0.393893 0.030362 0.046373 0.025494 0.002053 0.495238 0.006587 1.700943
0.399170 0.028502 0.044983 0.024649 0.002033 0.494049 0.006615 1.703773
0.404426 0.026610 0.043684 0.023814 0.002004 0.492815 0.006647 1.706533
0.409786 0.024948 0.042305 0.022913 0.001982 0.491386 0.006680 1.709028
0.415229 0.023378 0.040917 0.022101 0.001960 0.489712 0.006702 1.711398
0.420580 0.021903 0.039586 0.021307 0.001938 0.487965 0.006721 1.713665
0.426005 0.020509 0.038175 0.020509 0.001913 0.486139 0.006751 1.715791
0.431355 0.019263 0.036789 0.019724 0.001895 0.484201 0.006774 1.717749
0.436681 0.018034 0.035486 0.018950 0.001883 0.482169 0.006797 1.719647
0.441965 0.016980 0.034153 0.018165 0.001865 0.480053 0.006818 1.721372
0.447389 0.015994 0.032880 0.017374 0.001832 0.477688 0.006843 1.722994
0.452800 0.015054 0.031571 0.016691 0.001812 0.475206 0.006866 1.724514
0.458180 0.014207 0.030305 0.015954 0.001784 0.472682 0.006888 1.725918
0.463557 0.013434 0.029066 0.015292 0.001764 0.469978 0.006910 1.727267
0.468996 0.012632 0.027923 0.014669 0.001751 0.467098 0.006931 1.728555
0.474286 0.011947 0.026737 0.014074 0.001724 0.464280 0.006952 1.729745
0.479594 0.011279 0.025629 0.013436 0.001688 0.461401 0.006974 1.730891
0.484883 0.010671 0.024565 0.012816 0.001656 0.458405 0.007005 1.731970
0.490120 0.010131 0.023532 0.012225 0.001626 0.455344 0.007023 1.732967
0.495350 0.009595 0.022553 0.011675 0.001590 0.452193 0.007044 1.733935
0.500584 0.009078 0.021576 0.011162 0.001552 0.448986 0.007063 1.734857
0.505978 0.008587 0.020636 0.010680 0.001520 0.445518 0.007081 1.735750
0.511218 0.008150 0.019790 0.010196 0.001491 0.442061 0.007094 1.736573
0.516372 0.007782 0.018951 0.009719 0.001454 0.438599 0.007123 1.737347
0.521528 0.007429 0.018082 0.009281 0.001418 0.435123 0.007140 1.738060
0.526583 0.007081 0.017295 0.008877 0.001379 0.431622 0.007163 1.738768
0.531653 0.006760 0.016569 0.008476 0.001349 0.428010 0.007182 1.739438
0.536585 0.006405 0.015883 0.008097 0.001326 0.424505 0.007199 1.740103
0.541612 0.006107 0.015145 0.007718 0.001301 0.420902 0.007217 1.740711
0.546621 0.005828 0.014454 0.007336 0.001276 0.417248 0.007236 1.741301
0.551569 0.005553 0.013810 0.007013 0.001249 0.413557 0.007248 1.741844
0.556392 0.005345 0.013171 0.006670 0.001219 0.409938 0.007266 1.742348
0.561222 0.005128 0.012576 0.006351 0.001181 0.406254 0.007288 1.742856
0.566060 0.004912 0.012011 0.006086 0.001147 0.402482 0.007301 1.743355
0.570738 0.004711 0.011499 0.005803 0.001122 0.398806 0.007321 1.743825
0.575507 0.004500 0.011020 0.005559 0.001098 0.394985 0.007331 1.744284
0.580138 0.004294 0.010559 0.005312 0.001074 0.391275 0.007348 1.744735
0.584899 0.004132 0.010081 0.005095 0.001037 0.387396 0.007360 1.745143
0.589586 0.003928 0.009669 0.004870 0.001014 0.383558 0.007376 1.745552
0.594135 0.003778 0.009244 0.004657 0.000990 0.379804 0.007392 1.745934
0.598710 0.003644 0.008801 0.004460 0.000956 0.376022 0.007407 1.746286
0.603247 0.003515 0.008414 0.004248 0.000933 0.372223 0.007419 1.746626
0.607617 0.003382 0.008056 0.004069 0.000907 0.368534 0.007435 1.746975
0.611982 0.003261 0.007676 0.003903 0.000883 0.364846 0.007449 1.747305
0.616338 0.003149 0.007376 0.003714 0.000866 0.361098 0.007460 1.747613
0.620610 0.003059 0.007079 0.003551 0.000846 0.357385 0.007470 1.747907
0.624904 0.002966 0.006747 0.003393 0.000820 0.353690 0.007480 1.748178
0.629122 0.002874 0.006454 0.003264 0.000787 0.350003 0.007497 1.748460
0.633305 0.002781 0.006207 0.003121 0.000767 0.346310 0.007509 1.748722
0.637447 0.002693 0.005934 0.002988 0.000745 0.342674 0.007520 1.748969
0.641548 0.002625 0.005672 0.002861 0.000721 0.339041 0.007532 1.749212
0.645628 0.002529 0.005438 0.002713 0.000702 0.335448 0.007541 1.749463
0.649635 0.002455 0.005211 0.002594 0.000684 0.331868 0.007554 1.749697
0.653672 0.002373 0.005021 0.002495 0.000658 0.328217 0.007565 1.749945
0.657600 0.002294 0.004821 0.002390 0.000640 0.324682 0.007573 1.750174
0.661443 0.002240 0.004621 0.002289 0.000624 0.321202 0.007582 1.750375
0.665336 0.002162 0.004450 0.002190 0.000606 0.317668 0.007589 1.750596
0.669142 0.002066 0.004294 0.002118 0.000586 0.314197 0.007597 1.750811
0.672913 0.002006 0.004152 0.002045 0.000563 0.310715 0.007608 1.751013
0.676588 0.001929 0.003985 0.001967 0.000543 0.307372 0.007617 1.751208
0.680318 0.001864 0.003826 0.001896 0.000522 0.303946 0.007630 1.751398
0.683962 0.001808 0.003673 0.001822 0.000506 0.300592 0.007637 1.751579
0.687551 0.001762 0.003524 0.001748 0.000493 0.297277 0.007644 1.751755
0.691182 0.001710 0.003391 0.001677 0.000476 0.293916 0.007650 1.751934
0.694800 0.001659 0.003257 0.001605 0.000460 0.290561 0.007660 1.752098
0.698285 0.001601 0.003129 0.001545 0.000443 0.287331 0.007666 1.752254
0.701710 0.001555 0.003014 0.001487 0.000428 0.284134 0.007673 1.752417
0.705166 0.001525 0.002910 0.001433 0.000411 0.280879 0.007679 1.752554
0.708516 0.001488 0.002809 0.001384 0.000397 0.277722 0.007685 1.752706
0.711873 0.001446 0.002720 0.001332 0.000386 0.274554 0.007690 1.752845
0.715153 0.001390 0.002644 0.001306 0.000373 0.271441 0.007695 1.753008
0.718414 0.001357 0.002544 0.001258 0.000360 0.268365 0.007702 1.753139
0.721605 0.001303 0.002473 0.001212 0.000347 0.265351 0.007709 1.753288
0.724828 0.001278 0.002371 0.001165 0.000337 0.262305 0.007716 1.753403
0.728007 0.001252 0.002304 0.001133 0.000325 0.259261 0.007720 1.753520
0.731149 0.001231 0.002193 0.001076 0.000317 0.256311 0.007724 1.753623
0.734277 0.001192 0.002122 0.001034 0.000311 0.253336 0.007730 1.753742
0.737355 0.001164 0.002049 0.000994 0.000299 0.250405 0.007735 1.753852
0.740389 0.001133 0.001965 0.000955 0.000294 0.247527 0.007738 1.753957
0.743422 0.001108 0.001891 0.000927 0.000284 0.244623 0.007745 1.754062
0.746391 0.001071 0.001837 0.000905 0.000275 0.241774 0.007748 1.754173
0.749345 0.001033 0.001796 0.000869 0.000268 0.238937 0.007752 1.754278
0.752285 0.001002 0.001730 0.000842 0.000257 0.236130 0.007757 1.754384
0.755145 0.000989 0.001666 0.000823 0.000248 0.233370 0.007760 1.754473
0.757990 0.000957 0.001619 0.000813 0.000244 0.230617 0.007762 1.754580
0.760901 0.000932 0.001565 0.000787 0.000237 0.227815 0.007765 1.754677
0.763687 0.000902 0.001525 0.000767 0.000225 0.225126 0.007770 1.754773
0.766355 0.000907 0.001470 0.000745 0.000223 0.222529 0.007772 1.754851
0.769020 0.000876 0.001415 0.000724 0.000214 0.219975 0.007776 1.754940
0.771665 0.000848 0.001367 0.000710 0.000209 0.217423 0.007779 1.755030
0.774325 0.000804 0.001338 0.000694 0.000200 0.214859 0.007779 1.755134
0.776992 0.000773 0.001280 0.000673 0.000194 0.212305 0.007783 1.755214
0.779570 0.000759 0.001235 0.000658 0.000188 0.209807 0.007785 1.755289
0.782150 0.000732 0.001214 0.000638 0.000180 0.207298 0.007788 1.755368
0.784739 0.000708 0.001165 0.000610 0.000173 0.204816 0.007790 1.755438
0.787273 0.000690 0.001118 0.000591 0.000168 0.202369 0.007791 1.755514
0.789777 0.000675 0.001090 0.000569 0.000167 0.199929 0.007792 1.755581
0.792208 0.000665 0.001054 0.000553 0.000164 0.197564 0.007794 1.755645
0.794621 0.000654 0.001032 0.000528 0.000161 0.195210 0.007794 1.755710
0.796977 0.000640 0.000993 0.000512 0.000153 0.192925 0.007800 1.755776
0.799312 0.000638 0.000960 0.000500 0.000150 0.190639 0.007802 1.755836
0.801675 0.000622 0.000930 0.000482 0.000146 0.188343 0.007804 1.755897
0.804004 0.000609 0.000898 0.000460 0.000138 0.186083 0.007807 1.755952
0.806277 0.000593 0.000878 0.000451 0.000133 0.183859 0.007810 1.756015
0.808570 0.000584 0.000846 0.000442 0.000125 0.181622 0.007811 1.756063
0.810743 0.000574 0.000823 0.000425 0.000123 0.179501 0.007811 1.756116
0.812931 0.000566 0.000797 0.000410 0.000119 0.177364 0.007813 1.756165
0.815193 0.000536 0.000785 0.000399 0.000113 0.175158 0.007816 1.756232
0.817283 0.000516 0.000775 0.000389 0.000110 0.173110 0.007817 1.756292
0.819451 0.000503 0.000749 0.000384 0.000106 0.170989 0.007818 1.756343
0.821544 0.000504 0.000736 0.000369 0.000103 0.168925 0.007820 1.756393
0.823676 0.000485 0.000710 0.000362 0.000099 0.166847 0.007821 1.756445
0.825674 0.000475 0.000693 0.000355 0.000093 0.164885 0.007824 1.756495
0.827727 0.000470 0.000668 0.000350 0.000092 0.162867 0.007825 1.756535
0.829701 0.000466 0.000651 0.000342 0.000084 0.160926 0.007829 1.756577
0.831659 0.000465 0.000628 0.000334 0.000080 0.159005 0.007830 1.756618
0.833654 0.000442 0.000615 0.000320 0.000077 0.157059 0.007831 1.756668
0.835560 0.000426 0.000609 0.000313 0.000076 0.155182 0.007834 1.756715
0.837435 0.000411 0.000602 0.000304 0.000072 0.153340 0.007835 1.756756
0.839328 0.000398 0.000590 0.000296 0.000071 0.151480 0.007837 1.756799
0.841185 0.000395 0.000571 0.000290 0.000068 0.149653 0.007839 1.756832
0.843001 0.000388 0.000544 0.000279 0.000068 0.147881 0.007839 1.756862
0.844859 0.000376 0.000544 0.000276 0.000065 0.146042 0.007840 1.756909
0.846626 0.000383 0.000531 0.000266 0.000062 0.144290 0.007841 1.756940
0.848368 0.000371 0.000526 0.000262 0.000059 0.142570 0.007842 1.756978
0.850140 0.000367 0.000509 0.000260 0.000059 0.140823 0.007843 1.757016
0.851857 0.000357 0.000494 0.000251 0.000056 0.139142 0.007844 1.757046
0.853553 0.000351 0.000480 0.000243 0.000057 0.137472 0.007845 1.757079
0.855191 0.000358 0.000468 0.000233 0.000055 0.135850 0.007846 1.757107
0.856841 0.000355 0.000457 0.000220 0.000053 0.134227 0.007847 1.757137
0.858440 0.000349 0.000451 0.000216 0.000052 0.132644 0.007848 1.757170
0.860042 0.000343 0.000441 0.000208 0.000051 0.131067 0.007849 1.757202
0.861638 0.000325 0.000430 0.000206 0.000048 0.129504 0.007849 1.757240
0.863221 0.000326 0.000415 0.000200 0.000047 0.127942 0.007849 1.757270
0.864752 0.000316 0.000408 0.000198 0.000046 0.126430 0.007850 1.757306
0.866233 0.000315 0.000395 0.000193 0.000046 0.124967 0.007850 1.757333
0.867697 0.000311 0.000390 0.000188 0.000045 0.123519 0.007850 1.757363
0.869063 0.000311 0.000377 0.000184 0.000043 0.122171 0.007851 1.757389
0.870456 0.000297 0.000373 0.000187 0.000041 0.120796 0.007851 1.757427
0.871812 0.000295 0.000362 0.000184 0.000040 0.119456 0.007852 1.757452
0.873186 0.000292 0.000356 0.000179 0.000039 0.118094 0.007852 1.757478
0.874532 0.000282 0.000346 0.000175 0.000038 0.116774 0.007852 1.757506
0.875830 0.000272 0.000344 0.000172 0.000038 0.115491 0.007853 1.757535
0.877120 0.000276 0.000337 0.000168 0.000037 0.114210 0.007853 1.757556
0.878430 0.000274 0.000336 0.000164 0.000035 0.112907 0.007854 1.757582
0.879615 0.000272 0.000331 0.000165 0.000034 0.111729 0.007854 1.757607
0.880836 0.000272 0.000327 0.000158 0.000033 0.110519 0.007855 1.757630
0.882002 0.000262 0.000329 0.000155 0.000032 0.109365 0.007856 1.757661
0.883157 0.000254 0.000324 0.000151 0.000033 0.108226 0.007856 1.757690
0.884264 0.000255 0.000319 0.000143 0.000032 0.107130 0.007857 1.757712
0.885295 0.000248 0.000309 0.000138 0.000031 0.106121 0.007857 1.757740
0.886370 0.000245 0.000299 0.000135 0.000031 0.105062 0.007857 1.757759
0.887437 0.000247 0.000294 0.000134 0.000030 0.104001 0.007857 1.757779
0.888452 0.000237 0.000295 0.000132 0.000029 0.102997 0.007858 1.757806
0.889425 0.000231 0.000286 0.000132 0.000028 0.102039 0.007858 1.757833
0.890382 0.000226 0.000285 0.000133 0.000026 0.101090 0.007859 1.757860
0.891358 0.000213 0.000275 0.000132 0.000025 0.100139 0.007859 1.757882
0.892330 0.000212 0.000265 0.000132 0.000026 0.099175 0.007860 1.757899
0.893269 0.000210 0.000261 0.000127 0.000023 0.098249 0.007860 1.757919
0.894181 0.000208 0.000253 0.000121 0.000024 0.097353 0.007860 1.757937
0.895061 0.000212 0.000249 0.000123 0.000023 0.096471 0.007861 1.757957
0.895954 0.000210 0.000241 0.000122 0.000021 0.095590 0.007862 1.757975
0.896788 0.000210 0.000237 0.000119 0.000020 0.094764 0.007862 1.757992
0.897615 0.000204 0.000236 0.000116 0.000020 0.093946 0.007862 1.758013
0.898444 0.000199 0.000226 0.000116 0.000018 0.093135 0.007863 1.758033
0.899271 0.000188 0.000226 0.000110 0.000017 0.092324 0.007863 1.758052
0.900043 0.000178 0.000223 0.000110 0.000017 0.091565 0.007863 1.758072
0.900815 0.000175 0.000217 0.000107 0.000016 0.090807 0.007863 1.758086
0.901552 0.000170 0.000212 0.000106 0.000015 0.090082 0.007863 1.758100
0.902283 0.000171 0.000204 0.000102 0.000015 0.089361 0.007864 1.758112
0.903027 0.000164 0.000203 0.000104 0.000014 0.088624 0.007864 1.758133
0.903703 0.000170 0.000195 0.000096 0.000014 0.087957 0.007864 1.758143
0.904382 0.000169 0.000192 0.000094 0.000015 0.087283 0.007864 1.758160
0.905052 0.000165 0.000193 0.000094 0.000014 0.086616 0.007865 1.758178
0.905714 0.000162 0.000184 0.000097 0.000014 0.085963 0.007865 1.758192
0.906332 0.000165 0.000182 0.000096 0.000014 0.085345 0.007865 1.758208
0.906939 0.000163 0.000180 0.000095 0.000013 0.084744 0.007865 1.758223
0.907539 0.000161 0.000178 0.000090 0.000013 0.084152 0.007865 1.758238
0.908145 0.000164 0.000176 0.000089 0.000012 0.083548 0.007865 1.758253
0.908730 0.000164 0.000173 0.000085 0.000012 0.082969 0.007865 1.758269
0.909322 0.000157 0.000168 0.000089 0.000012 0.082385 0.007865 1.758283
0.909849 0.000158 0.000163 0.000087 0.000012 0.081865 0.007866 1.758297
0.910384 0.000155 0.000159 0.000084 0.000012 0.081340 0.007866 1.758311
0.910962 0.000151 0.000158 0.000082 0.000012 0.080769 0.007866 1.758325
0.911497 0.000152 0.000155 0.000083 0.000011 0.080236 0.007866 1.758341
0.912029 0.000145 0.000159 0.000082 0.000011 0.079708 0.007866 1.758358
0.912533 0.000140 0.000162 0.000077 0.000011 0.079210 0.007866 1.758370
0.913028 0.000141 0.000154 0.000078 0.000011 0.078721 0.007866 1.758379
0.913496 0.000140 0.000150 0.000079 0.000011 0.078257 0.007867 1.758392
0.913965 0.000145 0.000150 0.000077 0.000011 0.077785 0.007867 1.758404
0.914384 0.000140 0.000151 0.000077 0.000010 0.077369 0.007868 1.758421
0.914805 0.000135 0.000149 0.000077 0.000010 0.076954 0.007868 1.758438
0.915219 0.000134 0.000143 0.000078 0.000010 0.076547 0.007868 1.758452
0.915627 0.000124 0.000147 0.000077 0.000010 0.076146 0.007868 1.758472
0.916009 0.000125 0.000147 0.000077 0.000009 0.075764 0.007869 1.758485
0.916389 0.000124 0.000147 0.000073 0.000010 0.075387 0.007869 1.758496
0.916745 0.000120 0.000146 0.000073 0.000010 0.075037 0.007869 1.758512
0.917102 0.000119 0.000144 0.000072 0.000009 0.074685 0.007869 1.758521
0.917461 0.000115 0.000144 0.000072 0.000009 0.074329 0.007869 1.758534
0.917806 0.000120 0.000142 0.000070 0.000010 0.073983 0.007869 1.758543
0.918145 0.000116 0.000137 0.000069 0.000010 0.073652 0.007869 1.758552
0.918468 0.000113 0.000135 0.000074 0.000010 0.073331 0.007869 1.758567
0.918799 0.000110 0.000130 0.000071 0.000009 0.073010 0.007869 1.758577
0.919112 0.000103 0.000127 0.000075 0.000007 0.072705 0.007869 1.758591
0.919429 0.000102 0.000127 0.000077 0.000007 0.072388 0.007869 1.758603
0.919757 0.000096 0.000123 0.000073 0.000007 0.072073 0.007869 1.758612
0.920049 0.000093 0.000125 0.000072 0.000007 0.071784 0.007869 1.758625
0.920333 0.000089 0.000123 0.000070 0.000007 0.071508 0.007869 1.758635
0.920600 0.000085 0.000125 0.000070 0.000008 0.071242 0.007869 1.758647
0.920859 0.000082 0.000127 0.000066 0.000007 0.070988 0.007869 1.758658
0.921099 0.000080 0.000125 0.000062 0.000007 0.070757 0.007869 1.758670
0.921358 0.000081 0.000122 0.000062 0.000007 0.070500 0.007869 1.758678
0.921621 0.000083 0.000120 0.000059 0.000007 0.070240 0.007869 1.758687
0.921854 0.000084 0.000118 0.000056 0.000006 0.070011 0.007869 1.758695
0.922079 0.000082 0.000113 0.000052 0.000006 0.069797 0.007869 1.758703
0.922299 0.000086 0.000107 0.000051 0.000005 0.069582 0.007869 1.758710
0.922516 0.000081 0.000102 0.000052 0.000005 0.069375 0.007869 1.758720
0.922722 0.000083 0.000097 0.000050 0.000005 0.069172 0.007870 1.758727
0.922932 0.000085 0.000093 0.000047 0.000004 0.068968 0.007870 1.758735
0.923131 0.000081 0.000095 0.000046 0.000004 0.068771 0.007870 1.758743
0.923310 0.000082 0.000090 0.000046 0.000004 0.068598 0.007870 1.758749
0.923492 0.000075 0.000090 0.000049 0.000004 0.068420 0.007870 1.758761
0.923660 0.000078 0.000086 0.000049 0.000005 0.068252 0.007870 1.758766
0.923829 0.000082 0.000081 0.000045 0.000006 0.068087 0.007870 1.758771
0.924000 0.000076 0.000081 0.000043 0.000006 0.067923 0.007870 1.758780
0.924158 0.000072 0.000084 0.000042 0.000006 0.067768 0.007870 1.758790
0.924318 0.000071 0.000084 0.000041 0.000006 0.067609 0.007871 1.758797
0.924467 0.000069 0.000082 0.000045 0.000006 0.067459 0.007871 1.758806
0.924614 0.000067 0.000080 0.000042 0.000006 0.067319 0.007871 1.758811
0.924752 0.000067 0.000079 0.000041 0.000005 0.067186 0.007871 1.758817
0.924895 0.000067 0.000076 0.000039 0.000005 0.067046 0.007871 1.758823
0.925031 0.000068 0.000077 0.000039 0.000005 0.066909 0.007871 1.758828
0.925154 0.000064 0.000080 0.000040 0.000005 0.066785 0.007871 1.758837
0.925287 0.000063 0.000078 0.000039 0.000005 0.066658 0.007871 1.758844
0.925407 0.000065 0.000076 0.000037 0.000005 0.066539 0.007871 1.758848
0.925517 0.000061 0.000077 0.000036 0.000004 0.066434 0.007871 1.758856
0.925628 0.000055 0.000077 0.000035 0.000004 0.066329 0.007871 1.758865
0.925739 0.000058 0.000076 0.000035 0.000004 0.066217 0.007871 1.758868
0.925852 0.000058 0.000072 0.000037 0.000004 0.066107 0.007871 1.758874
0.925956 0.000057 0.000070 0.000036 0.000004 0.066005 0.007871 1.758881
0.926058 0.000058 0.000069 0.000036 0.000004 0.065904 0.007871 1.758886
0.926150 0.000055 0.000068 0.000035 0.000005 0.065816 0.007871 1.758891
0.926234 0.000054 0.000064 0.000036 0.000005 0.065736 0.007871 1.758897
0.926317 0.000052 0.000063 0.000037 0.000005 0.065656 0.007871 1.758904
0.926405 0.000052 0.000062 0.000036 0.000005 0.065569 0.007871 1.758907
0.926491 0.000048 0.000065 0.000035 0.000004 0.065485 0.007872 1.758916
0.926576 0.000049 0.000062 0.000033 0.000004 0.065404 0.007872 1.758919
0.926664 0.000045 0.000060 0.000032 0.000004 0.065323 0.007872 1.758924
0.926752 0.000044 0.000061 0.000031 0.000003 0.065237 0.007872 1.758930
0.926832 0.000044 0.000061 0.000028 0.000003 0.065159 0.007872 1.758933
0.926915 0.000044 0.000057 0.000029 0.000003 0.065081 0.007872 1.758937
0.926987 0.000047 0.000055 0.000029 0.000003 0.065006 0.007872 1.758940
0.927062 0.000047 0.000057 0.000029 0.000003 0.064930 0.007872 1.758945
0.927140 0.000043 0.000058 0.000028 0.000003 0.064856 0.007872 1.758952
0.927206 0.000042 0.000057 0.000028 0.000003 0.064791 0.007872 1.758957
0.927265 0.000042 0.000057 0.000028 0.000003 0.064733 0.007872 1.758962
0.927343 0.000042 0.000056 0.000027 0.000004 0.064656 0.007872 1.758965
0.927410 0.000043 0.000054 0.000026 0.000003 0.064592 0.007872 1.758968
0.927474 0.000044 0.000054 0.000024 0.000003 0.064528 0.007872 1.758972
0.927536 0.000040 0.000052 0.000026 0.000003 0.064470 0.007872 1.758978
0.927592 0.000041 0.000052 0.000026 0.000003 0.064413 0.007872 1.758984
0.927652 0.000041 0.000053 0.000026 0.000003 0.064352 0.007872 1.758988
0.927722 0.000042 0.000054 0.000025 0.000003 0.064281 0.007872 1.758992
0.927785 0.000039 0.000054 0.000025 0.000003 0.064222 0.007872 1.758998
0.927836 0.000039 0.000053 0.000025 0.000004 0.064172 0.007872 1.759001
0.927887 0.000037 0.000053 0.000024 0.000004 0.064124 0.007872 1.759007
0.927945 0.000035 0.000052 0.000025 0.000004 0.064068 0.007872 1.759013
0.928005 0.000036 0.000051 0.000024 0.000004 0.064010 0.007872 1.759015
0.928068 0.000034 0.000053 0.000024 0.000004 0.063945 0.007872 1.759020
0.928124 0.000033 0.000049 0.000024 0.000004 0.063896 0.007872 1.759023
0.928183 0.000031 0.000051 0.000025 0.000004 0.063834 0.007872 1.759028
0.928237 0.000034 0.000050 0.000024 0.000004 0.063778 0.007872 1.759030
0.928290 0.000033 0.000047 0.000025 0.000003 0.063729 0.007872 1.759034
0.928349 0.000033 0.000048 0.000026 0.000003 0.063668 0.007873 1.759038
0.928404 0.000031 0.000048 0.000024 0.000003 0.063619 0.007873 1.759043
0.928459 0.000032 0.000046 0.000022 0.000003 0.063565 0.007873 1.759045
0.928504 0.000031 0.000044 0.000022 0.000003 0.063525 0.007873 1.759049
0.928547 0.000029 0.000044 0.000021 0.000003 0.063483 0.007873 1.759054
0.928593 0.000029 0.000041 0.000020 0.000003 0.063441 0.007873 1.759056
0.928626 0.000032 0.000039 0.000019 0.000003 0.063408 0.007873 1.759058
0.928652 0.000030 0.000040 0.000018 0.000003 0.063383 0.007873 1.759065
0.928682 0.000029 0.000038 0.000017 0.000003 0.063359 0.007873 1.759068
0.928720 0.000027 0.000037 0.000016 0.000003 0.063324 0.007873 1.759071
0.928757 0.000025 0.000038 0.000017 0.000003 0.063289 0.007873 1.759075
0.928794 0.000025 0.000038 0.000018 0.000003 0.063250 0.007873 1.759078
0.928820 0.000024 0.000039 0.000018 0.000003 0.063224 0.007873 1.759081
0.928853 0.000025 0.000039 0.000016 0.000003 0.063192 0.007873 1.759084
0.928885 0.000022 0.000039 0.000016 0.000002 0.063164 0.007873 1.759088
0.928908 0.000022 0.000038 0.000015 0.000002 0.063142 0.007873 1.759089
0.928936 0.000021 0.000037 0.000013 0.000003 0.063117 0.007873 1.759092
0.928961 0.000019 0.000036 0.000014 0.000003 0.063094 0.007873 1.759094
0.928980 0.000022 0.000036 0.000013 0.000003 0.063073 0.007873 1.759095
0.929005 0.000023 0.000034 0.000014 0.000003 0.063049 0.007873 1.759097
0.929025 0.000024 0.000033 0.000014 0.000002 0.063029 0.007873 1.759100
0.929047 0.000021 0.000032 0.000015 0.000002 0.063010 0.007873 1.759104
0.929064 0.000019 0.000031 0.000015 0.000002 0.062997 0.007873 1.759107
0.929086 0.000020 0.000029 0.000014 0.000002 0.062977 0.007873 1.759108
0.929107 0.000021 0.000029 0.000013 0.000002 0.062956 0.007873 1.759109
0.929123 0.000021 0.000029 0.000013 0.000002 0.062939 0.007873 1.759111
0.929141 0.000019 0.000028 0.000014 0.000002 0.062924 0.007873 1.759115
0.929153 0.000017 0.000030 0.000014 0.000002 0.062912 0.007873 1.759119
0.929171 0.000017 0.000029 0.000016 0.000002 0.062892 0.007873 1.759122
0.929192 0.000018 0.000028 0.000016 0.000002 0.062871 0.007873 1.759124
0.929209 0.000018 0.000028 0.000016 0.000002 0.062856 0.007873 1.759126
0.929220 0.000018 0.000027 0.000014 0.000002 0.062846 0.007873 1.759128
0.929233 0.000021 0.000024 0.000015 0.000002 0.062833 0.007873 1.759130
0.929247 0.000021 0.000024 0.000016 0.000002 0.062818 0.007873 1.759133
0.929261 0.000022 0.000024 0.000015 0.000002 0.062804 0.007873 1.759135
0.929277 0.000024 0.000022 0.000015 0.000002 0.062788 0.007873 1.759136
0.929292 0.000023 0.000023 0.000012 0.000002 0.062776 0.007873 1.759138
0.929309 0.000022 0.000023 0.000011 0.000002 0.062760 0.007873 1.759140
0.929322 0.000022 0.000021 0.000011 0.000002 0.062749 0.007873 1.759141
0.929337 0.000021 0.000021 0.000011 0.000002 0.062736 0.007874 1.759143
0.929360 0.000022 0.000020 0.000009 0.000001 0.062715 0.007874 1.759144
0.929376 0.000022 0.000019 0.000008 0.000001 0.062700 0.007874 1.759144
0.929394 0.000023 0.000019 0.000008 0.000001 0.062682 0.007874 1.759145
0.929409 0.000024 0.000018 0.000007 0.000002 0.062667 0.007874 1.759147
0.929423 0.000022 0.000021 0.000007 0.000002 0.062654 0.007874 1.759150
0.929437 0.000025 0.000019 0.000007 0.000002 0.062638 0.007874 1.759151
0.929457 0.000022 0.000019 0.000008 0.000002 0.062619 0.007874 1.759154
0.929471 0.000021 0.000018 0.000009 0.000002 0.062607 0.007874 1.759158
0.929486 0.000018 0.000018 0.000011 0.000002 0.062592 0.007874 1.759162
0.929498 0.000018 0.000018 0.000010 0.000002 0.062580 0.007874 1.759163
0.929514 0.000017 0.000019 0.000010 0.000002 0.062565 0.007874 1.759166
0.929529 0.000017 0.000017 0.000011 0.000002 0.062551 0.007874 1.759167
0.929541 0.000017 0.000018 0.000012 0.000002 0.062539 0.007874 1.759170
0.929559 0.000019 0.000018 0.000011 0.000002 0.062520 0.007874 1.759170
0.929575 0.000018 0.000018 0.000011 0.000001 0.062505 0.007874 1.759172
0.929584 0.000017 0.000019 0.000011 0.000001 0.062495 0.007874 1.759174
0.929598 0.000017 0.000019 0.000010 0.000001 0.062481 0.007874 1.759175
0.929604 0.000019 0.000020 0.000009 0.000001 0.062473 0.007874 1.759177
0.929615 0.000020 0.000017 0.000010 0.000000 0.062465 0.007874 1.759178
0.929623 0.000018 0.000019 0.000010 0.000001 0.062455 0.007874 1.759182
0.929631 0.000017 0.000020 0.000010 0.000001 0.062446 0.007874 1.759184
0.929634 0.000020 0.000019 0.000010 0.000001 0.062442 0.007874 1.759185
0.929641 0.000022 0.000018 0.000009 0.000001 0.062435 0.007874 1.759186
0.929644 0.000025 0.000019 0.000009 0.000001 0.062428 0.007874 1.759189
0.929648 0.000029 0.000019 0.000008 0.000000 0.062422 0.007874 1.759189
0.929659 0.000030 0.000018 0.000008 0.000000 0.062410 0.007874 1.759190
0.929668 0.000030 0.000019 0.000008 0.000000 0.062400 0.007874 1.759193
0.929677 0.000030 0.000018 0.000008 0.000000 0.062392 0.007874 1.759194
0.929686 0.000029 0.000019 0.000009 0.000000 0.062382 0.007874 1.759197
0.929691 0.000030 0.000018 0.000010 0.000000 0.062376 0.007874 1.759200
0.929697 0.000030 0.000018 0.000010 0.000000 0.062370 0.007874 1.759203
0.929703 0.000029 0.000019 0.000010 0.000000 0.062365 0.007874 1.759206
0.929712 0.000027 0.000021 0.000010 0.000000 0.062355 0.007874 1.759210
0.929718 0.000024 0.000021 0.000013 0.000000 0.062350 0.007874 1.759214
0.929723 0.000025 0.000019 0.000010 0.000000 0.062347 0.007874 1.759216
0.929733 0.000024 0.000021 0.000010 0.000000 0.062339 0.007874 1.759219
0.929738 0.000021 0.000023 0.000009 0.000000 0.062334 0.007874 1.759222
0.929745 0.000022 0.000024 0.000010 0.000000 0.062326 0.007874 1.759224
0.929747 0.000022 0.000023 0.000010 0.000000 0.062324 0.007874 1.759226
0.929750 0.000020 0.000022 0.000010 0.000000 0.062324 0.007874 1.759229
0.929755 0.000019 0.000022 0.000010 0.000000 0.062320 0.007874 1.759231
0.929758 0.000019 0.000021 0.000010 0.000000 0.062318 0.007874 1.759232
0.929759 0.000018 0.000021 0.000011 0.000000 0.062316 0.007874 1.759235
0.929761 0.000019 0.000022 0.000010 0.000000 0.062314 0.007874 1.759237
0.929767 0.000018 0.000024 0.000010 0.000000 0.062307 0.007874 1.759239
0.929770 0.000018 0.000023 0.000010 0.000000 0.062304 0.007874 1.759241
0.929777 0.000018 0.000020 0.000008 0.000000 0.062302 0.007874 1.759241
0.929783 0.000018 0.000020 0.000008 0.000000 0.062297 0.007874 1.759242
0.929787 0.000018 0.000019 0.000008 0.000000 0.062293 0.007874 1.759244
0.929793 0.000016 0.000019 0.000008 0.000000 0.062289 0.007874 1.759245
0.929798 0.000016 0.000019 0.000008 0.000000 0.062285 0.007874 1.759247
0.929799 0.000016 0.000019 0.000007 0.000000 0.062285 0.007874 1.759249
0.929803 0.000015 0.000018 0.000006 0.000000 0.062283 0.007874 1.759249
0.929807 0.000015 0.000017 0.000006 0.000000 0.062281 0.007874 1.759250
0.929810 0.000012 0.000017 0.000007 0.000000 0.062280 0.007874 1.759254
0.929814 0.000010 0.000018 0.000006 0.000000 0.062277 0.007874 1.759256
0.929820 0.000010 0.000016 0.000006 0.000000 0.062273 0.007874 1.759256
0.929826 0.000010 0.000017 0.000006 0.000000 0.062268 0.007874 1.759257
0.929827 0.000009 0.000016 0.000006 0.000000 0.062267 0.007874 1.759258
0.929831 0.000008 0.000017 0.000007 0.000000 0.062263 0.007874 1.759259
0.929836 0.000006 0.000017 0.000008 0.000000 0.062259 0.007874 1.759261
0.929837 0.000005 0.000017 0.000008 0.000000 0.062259 0.007874 1.759263
0.929840 0.000005 0.000017 0.000006 0.000000 0.062258 0.007874 1.759263
0.929843 0.000005 0.000015 0.000007 0.000000 0.062257 0.007874 1.759264
0.929847 0.000005 0.000014 0.000007 0.000000 0.062253 0.007874 1.759264
0.929850 0.000006 0.000014 0.000006 0.000000 0.062251 0.007874 1.759264
0.929854 0.000005 0.000013 0.000006 0.000000 0.062247 0.007874 1.759265
0.929856 0.000005 0.000013 0.000006 0.000000 0.062246 0.007874 1.759265
0.929859 0.000005 0.000012 0.000006 0.000000 0.062245 0.007874 1.759266
0.929863 0.000005 0.000012 0.000006 0.000000 0.062242 0.007874 1.759266
0.929865 0.000006 0.000010 0.000005 0.000000 0.062241 0.007874 1.759266
0.929868 0.000006 0.000008 0.000005 0.000000 0.062240 0.007874 1.759266
0.929870 0.000006 0.000008 0.000004 0.000000 0.062238 0.007874 1.759266
0.929869 0.000008 0.000007 0.000005 0.000000 0.062237 0.007874 1.759267
0.929871 0.000008 0.000008 0.000005 0.000000 0.062235 0.007874 1.759268
0.929872 0.000008 0.000008 0.000004 0.000000 0.062235 0.007874 1.759269
0.929872 0.000010 0.000006 0.000004 0.000000 0.062235 0.007874 1.759269
0.929873 0.000008 0.000007 0.000005 0.000000 0.062234 0.007874 1.759271
0.929875 0.000008 0.000007 0.000006 0.000000 0.062230 0.007874 1.759272
0.929876 0.000010 0.000007 0.000005 0.000000 0.062229 0.007874 1.759272
0.929877 0.000010 0.000007 0.000005 0.000000 0.062227 0.007874 1.759273
0.929880 0.000010 0.000008 0.000005 0.000000 0.062224 0.007874 1.759274
0.929881 0.000008 0.000008 0.000005 0.000000 0.062224 0.007874 1.759276
0.929882 0.000009 0.000008 0.000004 0.000000 0.062223 0.007874 1.759276
0.929883 0.000008 0.000008 0.000005 0.000000 0.062223 0.007874 1.759278
0.929884 0.000008 0.000008 0.000004 0.000000 0.062222 0.007874 1.759279
0.929889 0.000008 0.000008 0.000004 0.000000 0.062217 0.007874 1.759279
0.929891 0.000008 0.000008 0.000003 0.000000 0.062215 0.007874 1.759279
0.929894 0.000008 0.000008 0.000004 0.000000 0.062212 0.007874 1.759280
0.929897 0.000008 0.000008 0.000004 0.000000 0.062208 0.007874 1.759281
0.929898 0.000008 0.000008 0.000003 0.000000 0.062208 0.007874 1.759282
0.929899 0.000007 0.000009 0.000003 0.000000 0.062207 0.007874 1.759284
0.929900 0.000006 0.000009 0.000003 0.000000 0.062207 0.007874 1.759285
0.929903 0.000006 0.000008 0.000003 0.000000 0.062206 0.007874 1.759285
0.929906 0.000006 0.000008 0.000003 0.000000 0.062203 0.007874 1.759285
0.929907 0.000007 0.000006 0.000004 0.000000 0.062202 0.007874 1.759286
0.929907 0.000007 0.000006 0.000004 0.000000 0.062202 0.007874 1.759287
0.929908 0.000006 0.000007 0.000004 0.000000 0.062202 0.007874 1.759288
0.929910 0.000004 0.000006 0.000005 0.000000 0.062201 0.007874 1.759290
0.929913 0.000003 0.000006 0.000005 0.000000 0.062199 0.007874 1.759291
0.929914 0.000004 0.000006 0.000004 0.000000 0.062198 0.007874 1.759291
0.929916 0.000005 0.000006 0.000004 0.000000 0.062196 0.007874 1.759291
0.929918 0.000004 0.000006 0.000004 0.000000 0.062194 0.007874 1.759292
0.929918 0.000005 0.000005 0.000005 0.000000 0.062193 0.007874 1.759292
0.929920 0.000005 0.000005 0.000004 0.000000 0.062193 0.007874 1.759293
0.929924 0.000005 0.000005 0.000004 0.000000 0.062189 0.007874 1.759293
0.929925 0.000006 0.000005 0.000004 0.000000 0.062187 0.007874 1.759293
0.929927 0.000006 0.000005 0.000005 0.000000 0.062185 0.007874 1.759294
0.929930 0.000005 0.000005 0.000004 0.000000 0.062183 0.007874 1.759294
0.929932 0.000005 0.000005 0.000004 0.000000 0.062181 0.007874 1.759295
0.929935 0.000005 0.000004 0.000003 0.000000 0.062178 0.007874 1.759295
0.929936 0.000005 0.000003 0.000003 0.000000 0.062178 0.007874 1.759295
0.929937 0.000006 0.000003 0.000003 0.000000 0.062177 0.007874 1.759295
0.929938 0.000005 0.000004 0.000004 0.000000 0.062176 0.007874 1.759296
0.929939 0.000003 0.000005 0.000004 0.000000 0.062175 0.007874 1.759297
0.929939 0.000003 0.000005 0.000004 0.000000 0.062175 0.007874 1.759298
0.929940 0.000003 0.000005 0.000005 0.000000 0.062174 0.007874 1.759298
0.929941 0.000003 0.000005 0.000005 0.000000 0.062173 0.007874 1.759298
0.929942 0.000004 0.000005 0.000005 0.000000 0.062171 0.007874 1.759298
0.929943 0.000003 0.000005 0.000004 0.000000 0.062171 0.007874 1.759299
0.929945 0.000003 0.000004 0.000004 0.000000 0.062171 0.007874 1.759300
0.929946 0.000003 0.000004 0.000004 0.000000 0.062171 0.007874 1.759300
0.929946 0.000002 0.000003 0.000004 0.000000 0.062170 0.007874 1.759301
0.929947 0.000003 0.000003 0.000003 0.000000 0.062169 0.007874 1.759301
0.929949 0.000002 0.000003 0.000004 0.000000 0.062168 0.007874 1.759301
0.929949 0.000002 0.000003 0.000004 0.000000 0.062168 0.007874 1.759302
0.929952 0.000002 0.000003 0.000004 0.000000 0.062165 0.007874 1.759302
0.929953 0.000003 0.000003 0.000003 0.000000 0.062163 0.007874 1.759302
0.929956 0.000002 0.000003 0.000003 0.000000 0.062162 0.007874 1.759302
0.929956 0.000003 0.000003 0.000003 0.000000 0.062162 0.007874 1.759302
0.929959 0.000003 0.000003 0.000002 0.000000 0.062160 0.007874 1.759302
0.929962 0.000002 0.000003 0.000002 0.000000 0.062157 0.007874 1.759303
0.929962 0.000003 0.000003 0.000002 0.000000 0.062157 0.007874 1.759303
0.929962 0.000002 0.000003 0.000002 0.000000 0.062156 0.007874 1.759304
0.929963 0.000002 0.000003 0.000002 0.000000 0.062156 0.007874 1.759304
0.929963 0.000002 0.000004 0.000002 0.000000 0.062155 0.007874 1.759305
0.929965 0.000001 0.000005 0.000001 0.000000 0.062154 0.007874 1.759305
0.929966 0.000001 0.000005 0.000001 0.000000 0.062154 0.007874 1.759306
0.929966 0.000002 0.000005 0.000001 0.000000 0.062152 0.007874 1.759306
0.929967 0.000002 0.000005 0.000001 0.000000 0.062151 0.007874 1.759306
0.929969 0.000001 0.000005 0.000001 0.000000 0.062150 0.007874 1.759306
0.929969 0.000000 0.000006 0.000001 0.000000 0.062149 0.007874 1.759307
0.929970 0.000000 0.000005 0.000001 0.000000 0.062149 0.007874 1.759307
0.929969 0.000001 0.000005 0.000001 0.000000 0.062150 0.007874 1.759308
0.929970 0.000001 0.000005 0.000001 0.000000 0.062149 0.007874 1.759308
0.929971 0.000001 0.000004 0.000001 0.000000 0.062149 0.007874 1.759308
0.929973 0.000001 0.000005 0.000001 0.000000 0.062147 0.007874 1.759308
0.929973 0.000001 0.000004 0.000001 0.000000 0.062147 0.007874 1.759308
0.929975 0.000001 0.000004 0.000001 0.000000 0.062145 0.007874 1.759308
0.929976 0.000002 0.000004 0.000001 0.000000 0.062144 0.007874 1.759308
0.929977 0.000002 0.000004 0.000001 0.000000 0.062143 0.007874 1.759308
0.929978 0.000001 0.000004 0.000001 0.000000 0.062142 0.007874 1.759309
0.929979 0.000001 0.000004 0.000001 0.000000 0.062141 0.007874 1.759309
0.929980 0.000001 0.000004 0.000001 0.000000 0.062140 0.007874 1.759309
0.929981 0.000001 0.000003 0.000001 0.000000 0.062139 0.007874 1.759309
0.929983 0.000001 0.000003 0.000001 0.000000 0.062138 0.007874 1.759309
0.929985 0.000001 0.000003 0.000001 0.000000 0.062136 0.007874 1.759309
0.929986 0.000002 0.000003 0.000001 0.000000 0.062135 0.007874 1.759309
0.929987 0.000002 0.000003 0.000001 0.000000 0.062134 0.007874 1.759309
0.929988 0.000002 0.000003 0.000000 0.000000 0.062134 0.007874 1.759309
0.929989 0.000002 0.000003 0.000001 0.000000 0.062132 0.007874 1.759309
0.929990 0.000002 0.000003 0.000001 0.000000 0.062131 0.007874 1.759309
0.929990 0.000002 0.000003 0.000000 0.000000 0.062132 0.007874 1.759309
0.929991 0.000002 0.000003 0.000000 0.000000 0.062131 0.007874 1.759309
0.929992 0.000002 0.000003 0.000000 0.000000 0.062130 0.007874 1.759309
0.929993 0.000002 0.000003 0.000000 0.000000 0.062129 0.007874 1.759309
0.929993 0.000002 0.000003 0.000000 0.000000 0.062128 0.007874 1.759310
0.929993 0.000002 0.000003 0.000000 0.000000 0.062128 0.007874 1.759310
0.929994 0.000002 0.000003 0.000000 0.000000 0.062127 0.007874 1.759310
0.929995 0.000002 0.000002 0.000000 0.000000 0.062127 0.007874 1.759310
0.929995 0.000001 0.000002 0.000000 0.000000 0.062127 0.007874 1.759310
0.929995 0.000001 0.000003 0.000000 0.000000 0.062127 0.007874 1.759311
0.929996 0.000001 0.000003 0.000000 0.000000 0.062126 0.007874 1.759311
0.929997 0.000001 0.000002 0.000000 0.000000 0.062125 0.007874 1.759311
0.929997 0.000001 0.000001 0.000000 0.000000 0.062126 0.007874 1.759311
0.929997 0.000001 0.000001 0.000000 0.000000 0.062126 0.007874 1.759311
0.929998 0.000001 0.000001 0.000000 0.000000 0.062125 0.007874 1.759311
0.929998 0.000001 0.000001 0.000000 0.000000 0.062125 0.007874 1.759311
0.929999 0.000001 0.000001 0.000000 0.000000 0.062124 0.007874 1.759311
0.929999 0.000000 0.000001 0.000001 0.000000 0.062125 0.007874 1.759312
0.929999 0.000000 0.000001 0.000001 0.000000 0.062124 0.007874 1.759312
0.929999 0.000000 0.000000 0.000001 0.000000 0.062125 0.007874 1.759312
0.930000 0.000000 0.000000 0.000001 0.000000 0.062124 0.007874 1.759312
0.930001 0.000000 0.000000 0.000001 0.000000 0.062123 0.007874 1.759312
0.930001 0.000000 0.000000 0.000000 0.000000 0.062123 0.007874 1.759312
0.930002 0.000000 0.000000 0.000000 0.000000 0.062123 0.007874 1.759312
0.930004 0.000000 0.000000 0.000000 0.000000 0.062122 0.007874 1.759312
0.930005 0.000000 0.000000 0.000000 0.000000 0.062120 0.007874 1.759312
0.930006 0.000000 0.000000 0.000000 0.000000 0.062119 0.007874 1.759312
0.930006 0.000000 0.000000 0.000000 0.000000 0.062119 0.007874 1.759312
0.930007 0.000000 0.000000 0.000000 0.000000 0.062118 0.007874 1.759312
0.930007 0.000000 0.000000 0.000000 0.000000 0.062118 0.007874 1.759312
0.930008 0.000000 0.000000 0.000000 0.000000 0.062117 0.007874 1.759312
0.930008 0.000000 0.000000 0.000000 0.000000 0.062117 0.007874 1.759312
0.930009 0.000000 0.000000 0.000000 0.000000 0.062116 0.007874 1.759312
0.930009 0.000001 0.000000 0.000000 0.000000 0.062115 0.007874 1.759312
0.930009 0.000001 0.000000 0.000000 0.000000 0.062115 0.007874 1.759312
0.930009 0.000001 0.000000 0.000000 0.000000 0.062115 0.007874 1.759312
0.930009 0.000001 0.000000 0.000000 0.000000 0.062115 0.007874 1.759312
0.930009 0.000001 0.000000 0.000000 0.000000 0.062116 0.007874 1.759312
0.930010 0.000001 0.000000 0.000000 0.000000 0.062115 0.007874 1.759312
0.930011 0.000001 0.000000 0.000000 0.000000 0.062115 0.007874 1.759312
0.930011 0.000000 0.000000 0.000000 0.000000 0.062114 0.007874 1.759313
0.930011 0.000000 0.000000 0.000000 0.000000 0.062115 0.007874 1.759313
0.930012 0.000000 0.000000 0.000000 0.000000 0.062114 0.007874 1.759313
0.930012 0.000000 0.000000 0.000000 0.000000 0.062114 0.007874 1.759313
0.930012 0.000001 0.000000 0.000000 0.000000 0.062114 0.007874 1.759313
0.930012 0.000001 0.000000 0.000000 0.000000 0.062113 0.007874 1.759313
0.930013 0.000001 0.000000 0.000000 0.000000 0.062112 0.007874 1.759313
0.930013 0.000001 0.000000 0.000000 0.000000 0.062112 0.007874 1.759313
0.930014 0.000001 0.000000 0.000000 0.000000 0.062111 0.007874 1.759313
0.930014 0.000000 0.000000 0.000000 0.000000 0.062111 0.007874 1.759313
0.930014 0.000000 0.000000 0.000000 0.000000 0.062111 0.007874 1.759313
0.930015 0.000000 0.000000 0.000000 0.000000 0.062110 0.007874 1.759313
0.930015 0.000000 0.000000 0.000000 0.000000 0.062110 0.007874 1.759313
0.930016 0.000000 0.000000 0.000000 0.000000 0.062109 0.007874 1.759313
0.930016 0.000000 0.000000 0.000000 0.000000 0.062109 0.007874 1.759313
0.930016 0.000000 0.000000 0.000000 0.000000 0.062109 0.007874 1.759314
0.930016 0.000000 0.000000 0.000000 0.000000 0.062109 0.007874 1.759314
0.930017 0.000000 0.000000 0.000000 0.000000 0.062109 0.007874 1.759314
0.930017 0.000000 0.000000 0.000000 0.000000 0.062108 0.007874 1.759314
0.930018 0.000000 0.000000 0.000000 0.000000 0.062108 0.007874 1.759314
0.930018 0.000000 0.000000 0.000000 0.000000 0.062108 0.007874 1.759314
0.930019 0.000000 0.000000 0.000000 0.000000 0.062107 0.007874 1.759314
0.930019 0.000000 0.000000 0.000000 0.000000 0.062107 0.007874 1.759314
0.930020 0.000000 0.000000 0.000000 0.000000 0.062106 0.007874 1.759314
0.930020 0.000000 0.000000 0.000000 0.000000 0.062106 0.007874 1.759314
0.930021 0.000000 0.000000 0.000000 0.000000 0.062105 0.007874 1.759314
0.930021 0.000000 0.000000 0.000000 0.000000 0.062104 0.007874 1.759314
0.930021 0.000000 0.000000 0.000000 0.000000 0.062105 0.007874 1.759314
