0.329612 0.063621 0.057172 0.032863 0.002169 0.508327 0.006235 1.662825
0.332268 0.061119 0.057156 0.032669 0.002171 0.508359 0.006258 1.669028
0.335767 0.058039 0.057043 0.032402 0.002163 0.508301 0.006285 1.674943
0.339792 0.054876 0.056627 0.031990 0.002166 0.508231 0.006317 1.680481
0.344096 0.051695 0.056077 0.031479 0.002168 0.508142 0.006343 1.685717
0.348637 0.048605 0.055299 0.030855 0.002166 0.508067 0.006371 1.690606
0.353417 0.045502 0.054589 0.030217 0.002160 0.507717 0.006399 1.695292
0.358306 0.042657 0.053639 0.029480 0.002156 0.507330 0.006431 1.699604
0.363406 0.039997 0.052534 0.028753 0.002142 0.506714 0.006454 1.703592
0.368550 0.037363 0.051366 0.028047 0.002130 0.506065 0.006481 1.707411
0.373732 0.034954 0.049987 0.027300 0.002107 0.505411 0.006510 1.710940
0.379067 0.032679 0.048711 0.026471 0.002094 0.504438 0.006541 1.714245
0.384398 0.030532 0.047366 0.025673 0.002099 0.503365 0.006567 1.717368
0.389717 0.028597 0.045964 0.024806 0.002079 0.502243 0.006594 1.720267
0.395019 0.026808 0.044518 0.023971 0.002062 0.500999 0.006623 1.722957
0.400466 0.025077 0.043083 0.023163 0.002051 0.499514 0.006647 1.725551
0.405852 0.023450 0.041749 0.022272 0.002027 0.497976 0.006675 1.727951
0.411426 0.021973 0.040338 0.021466 0.002007 0.496095 0.006695 1.730144
0.416944 0.020661 0.038839 0.020642 0.001984 0.494205 0.006726 1.732119
0.422494 0.019322 0.037379 0.019862 0.001965 0.492226 0.006752 1.734109
0.427875 0.018110 0.035994 0.019085 0.001937 0.490219 0.006780 1.735943
0.433326 0.017049 0.034533 0.018304 0.001916 0.488072 0.006801 1.737634
0.438826 0.016044 0.033189 0.017559 0.001887 0.485670 0.006825 1.739237
0.444395 0.015070 0.031883 0.016797 0.001856 0.483154 0.006846 1.740767
0.449854 0.014174 0.030636 0.016073 0.001828 0.480566 0.006869 1.742222
0.455286 0.013258 0.029465 0.015362 0.001803 0.477933 0.006892 1.743623
0.460731 0.012482 0.028264 0.014738 0.001766 0.475102 0.006915 1.744893
0.466172 0.011735 0.027100 0.014096 0.001732 0.472225 0.006939 1.746121
0.471629 0.011059 0.026010 0.013489 0.001692 0.469154 0.006968 1.747256
0.476915 0.010481 0.024880 0.012873 0.001665 0.466193 0.006993 1.748291
0.482264 0.009895 0.023844 0.012284 0.001624 0.463074 0.007015 1.749302
0.487603 0.009360 0.022726 0.011728 0.001592 0.459955 0.007036 1.750248
0.492966 0.008860 0.021747 0.011221 0.001567 0.456582 0.007057 1.751132
0.498264 0.008415 0.020749 0.010715 0.001546 0.453232 0.007079 1.751965
0.503502 0.007950 0.019828 0.010264 0.001515 0.449843 0.007098 1.752771
0.508811 0.007555 0.018890 0.009820 0.001490 0.446320 0.007114 1.753511
0.513938 0.007182 0.018068 0.009374 0.001461 0.442848 0.007129 1.754236
0.519169 0.006819 0.017300 0.008914 0.001423 0.439223 0.007153 1.754927
0.524301 0.006458 0.016538 0.008470 0.001400 0.435667 0.007165 1.755592
0.529237 0.006162 0.015773 0.008082 0.001366 0.432199 0.007182 1.756216
0.534311 0.005875 0.015090 0.007713 0.001332 0.428480 0.007198 1.756813
0.539387 0.005604 0.014448 0.007366 0.001305 0.424674 0.007215 1.757383
0.544414 0.005356 0.013813 0.007040 0.001276 0.420870 0.007230 1.757922
0.549409 0.005113 0.013213 0.006729 0.001244 0.417042 0.007249 1.758429
0.554381 0.004866 0.012604 0.006413 0.001217 0.413259 0.007260 1.758936
0.559164 0.004670 0.011988 0.006108 0.001191 0.409603 0.007276 1.759383
0.564082 0.004477 0.011444 0.005850 0.001162 0.405691 0.007294 1.759829
0.568954 0.004289 0.010902 0.005588 0.001133 0.401821 0.007313 1.760253
0.573755 0.004100 0.010409 0.005351 0.001094 0.397964 0.007327 1.760667
0.578559 0.003938 0.009938 0.005065 0.001063 0.394096 0.007342 1.761032
0.583219 0.003792 0.009519 0.004820 0.001041 0.390255 0.007354 1.761395
0.587811 0.003662 0.009122 0.004626 0.001011 0.386397 0.007371 1.761751
0.592452 0.003516 0.008729 0.004420 0.000985 0.382511 0.007386 1.762107
0.596919 0.003390 0.008330 0.004232 0.000949 0.378778 0.007403 1.762421
0.601394 0.003242 0.007980 0.004048 0.000923 0.374994 0.007418 1.762750
0.605814 0.003123 0.007630 0.003855 0.000895 0.371256 0.007427 1.763061
0.610244 0.003000 0.007302 0.003687 0.000874 0.367459 0.007434 1.763352
0.614575 0.002893 0.006993 0.003511 0.000852 0.363732 0.007444 1.763628
0.618922 0.002805 0.006677 0.003323 0.000823 0.359993 0.007457 1.763898
0.623234 0.002691 0.006394 0.003178 0.000807 0.356229 0.007467 1.764164
0.627470 0.002602 0.006101 0.003053 0.000779 0.352516 0.007478 1.764409
0.631683 0.002480 0.005852 0.002929 0.000756 0.348811 0.007490 1.764674
0.635929 0.002400 0.005606 0.002818 0.000735 0.345009 0.007503 1.764899
0.640124 0.002307 0.005390 0.002677 0.000714 0.341275 0.007514 1.765130
0.644254 0.002226 0.005154 0.002567 0.000697 0.337580 0.007522 1.765357
0.648308 0.002143 0.004942 0.002467 0.000679 0.333932 0.007530 1.765586
0.652357 0.002083 0.004773 0.002339 0.000666 0.330246 0.007536 1.765805
0.656222 0.001994 0.004596 0.002235 0.000653 0.326755 0.007545 1.766018
0.660146 0.001938 0.004371 0.002153 0.000626 0.323211 0.007556 1.766207
0.664073 0.001887 0.004171 0.002060 0.000603 0.319643 0.007562 1.766388
0.667942 0.001819 0.003985 0.001968 0.000585 0.316132 0.007569 1.766565
0.671861 0.001767 0.003817 0.001884 0.000563 0.312532 0.007577 1.766737
0.675602 0.001703 0.003661 0.001812 0.000546 0.309090 0.007587 1.766916
0.679313 0.001656 0.003506 0.001741 0.000525 0.305665 0.007594 1.767080
0.682942 0.001611 0.003373 0.001678 0.000508 0.302284 0.007604 1.767240
0.686624 0.001559 0.003234 0.001610 0.000501 0.298866 0.007606 1.767402
0.690197 0.001520 0.003106 0.001535 0.000483 0.295548 0.007613 1.767551
0.693801 0.001497 0.002992 0.001461 0.000465 0.292165 0.007620 1.767683
0.697329 0.001458 0.002869 0.001397 0.000452 0.288868 0.007628 1.767823
0.700796 0.001419 0.002758 0.001345 0.000439 0.285610 0.007633 1.767957
0.704209 0.001356 0.002671 0.001300 0.000423 0.282403 0.007639 1.768110
0.707595 0.001316 0.002568 0.001244 0.000406 0.279226 0.007647 1.768244
0.710939 0.001285 0.002457 0.001195 0.000398 0.276076 0.007651 1.768360
0.714234 0.001250 0.002356 0.001144 0.000382 0.272977 0.007658 1.768483
0.717519 0.001218 0.002280 0.001105 0.000372 0.269844 0.007663 1.768601
0.720781 0.001183 0.002206 0.001068 0.000365 0.266732 0.007666 1.768720
0.723919 0.001164 0.002126 0.001011 0.000357 0.263755 0.007670 1.768826
0.727127 0.001134 0.002058 0.000983 0.000344 0.260680 0.007675 1.768942
0.730355 0.001109 0.001977 0.000942 0.000331 0.257605 0.007681 1.769048
0.733489 0.001061 0.001938 0.000908 0.000321 0.254599 0.007685 1.769164
0.736575 0.001026 0.001882 0.000886 0.000313 0.251629 0.007689 1.769271
0.739582 0.000988 0.001813 0.000855 0.000308 0.248763 0.007692 1.769375
0.742565 0.000966 0.001744 0.000833 0.000297 0.245899 0.007696 1.769474
0.745459 0.000949 0.001681 0.000797 0.000289 0.243123 0.007701 1.769561
0.748426 0.000919 0.001627 0.000769 0.000280 0.240272 0.007708 1.769655
0.751351 0.000900 0.001588 0.000748 0.000269 0.237430 0.007713 1.769752
0.754247 0.000861 0.001550 0.000730 0.000263 0.234635 0.007715 1.769849
0.757138 0.000841 0.001498 0.000707 0.000256 0.231841 0.007720 1.769939
0.759990 0.000810 0.001454 0.000677 0.000244 0.229100 0.007726 1.770025
0.762749 0.000792 0.001397 0.000658 0.000240 0.226436 0.007728 1.770104
0.765534 0.000761 0.001361 0.000643 0.000232 0.223740 0.007730 1.770192
0.768264 0.000741 0.001318 0.000618 0.000228 0.221097 0.007734 1.770262
0.770899 0.000722 0.001274 0.000598 0.000218 0.218552 0.007738 1.770335
0.773548 0.000694 0.001235 0.000583 0.000209 0.215990 0.007742 1.770417
0.776157 0.000679 0.001198 0.000558 0.000202 0.213460 0.007747 1.770484
0.778819 0.000659 0.001161 0.000541 0.000196 0.210876 0.007749 1.770556
0.781413 0.000638 0.001123 0.000523 0.000192 0.208358 0.007753 1.770627
0.783922 0.000620 0.001074 0.000505 0.000188 0.205936 0.007755 1.770686
0.786407 0.000602 0.001045 0.000494 0.000182 0.203514 0.007758 1.770750
0.788783 0.000596 0.001001 0.000491 0.000178 0.201190 0.007762 1.770810
0.791275 0.000577 0.000978 0.000480 0.000174 0.198752 0.007765 1.770873
0.793721 0.000554 0.000956 0.000467 0.000166 0.196368 0.007768 1.770944
0.796110 0.000545 0.000924 0.000448 0.000161 0.194040 0.007772 1.770994
0.798459 0.000545 0.000896 0.000428 0.000154 0.191742 0.007776 1.771047
0.800777 0.000547 0.000870 0.000411 0.000151 0.189467 0.007778 1.771088
0.803077 0.000533 0.000828 0.000405 0.000147 0.187229 0.007780 1.771142
0.805412 0.000516 0.000811 0.000399 0.000141 0.184938 0.007783 1.771195
0.807649 0.000494 0.000801 0.000392 0.000139 0.182739 0.007785 1.771255
0.809947 0.000490 0.000773 0.000370 0.000136 0.180497 0.007787 1.771296
0.812115 0.000476 0.000750 0.000357 0.000136 0.178376 0.007789 1.771341
0.814272 0.000468 0.000729 0.000345 0.000133 0.176263 0.007790 1.771391
0.816406 0.000452 0.000710 0.000334 0.000127 0.174180 0.007792 1.771435
0.818543 0.000429 0.000693 0.000325 0.000123 0.172093 0.007793 1.771485
0.820718 0.000421 0.000669 0.000315 0.000121 0.169961 0.007795 1.771529
0.822866 0.000423 0.000647 0.000307 0.000116 0.167842 0.007799 1.771570
0.824839 0.000408 0.000630 0.000300 0.000110 0.165910 0.007803 1.771617
0.826880 0.000398 0.000619 0.000297 0.000105 0.163897 0.007805 1.771663
0.828864 0.000393 0.000602 0.000285 0.000101 0.161949 0.007806 1.771706
0.830822 0.000390 0.000579 0.000276 0.000098 0.160027 0.007809 1.771742
0.832782 0.000385 0.000552 0.000267 0.000093 0.158109 0.007812 1.771773
0.834731 0.000378 0.000540 0.000257 0.000091 0.156191 0.007813 1.771808
0.836549 0.000373 0.000526 0.000251 0.000085 0.154401 0.007816 1.771844
0.838421 0.000360 0.000522 0.000250 0.000083 0.152547 0.007817 1.771886
0.840255 0.000350 0.000513 0.000241 0.000081 0.150744 0.007817 1.771923
0.842121 0.000334 0.000507 0.000237 0.000077 0.148905 0.007819 1.771964
0.843917 0.000334 0.000493 0.000228 0.000076 0.147133 0.007819 1.771994
0.845730 0.000332 0.000476 0.000219 0.000074 0.145348 0.007821 1.772021
0.847448 0.000323 0.000457 0.000221 0.000072 0.143658 0.007822 1.772056
0.849176 0.000324 0.000442 0.000219 0.000071 0.141946 0.007823 1.772088
0.850898 0.000318 0.000444 0.000211 0.000070 0.140236 0.007823 1.772126
0.852574 0.000321 0.000432 0.000205 0.000070 0.138575 0.007823 1.772158
0.854269 0.000305 0.000439 0.000205 0.000067 0.136891 0.007824 1.772199
0.855881 0.000305 0.000430 0.000204 0.000063 0.135290 0.007827 1.772228
0.857498 0.000305 0.000418 0.000200 0.000062 0.133690 0.007827 1.772253
0.859105 0.000297 0.000412 0.000196 0.000061 0.132101 0.007828 1.772287
0.860661 0.000297 0.000412 0.000193 0.000059 0.130549 0.007830 1.772315
0.862216 0.000282 0.000406 0.000190 0.000056 0.129019 0.007831 1.772350
0.863763 0.000288 0.000391 0.000183 0.000055 0.127488 0.007832 1.772372
0.865242 0.000284 0.000383 0.000183 0.000055 0.126020 0.007832 1.772405
0.866721 0.000281 0.000377 0.000181 0.000054 0.124554 0.007832 1.772432
0.868159 0.000279 0.000364 0.000177 0.000052 0.123136 0.007832 1.772460
0.869617 0.000277 0.000358 0.000175 0.000050 0.121690 0.007833 1.772487
0.871022 0.000275 0.000345 0.000166 0.000049 0.120309 0.007833 1.772512
0.872394 0.000269 0.000339 0.000162 0.000048 0.118955 0.007833 1.772537
0.873783 0.000265 0.000327 0.000162 0.000047 0.117582 0.007833 1.772566
0.875089 0.000256 0.000326 0.000164 0.000047 0.116285 0.007833 1.772595
0.876379 0.000244 0.000320 0.000163 0.000045 0.115014 0.007835 1.772623
0.877616 0.000241 0.000312 0.000162 0.000044 0.113790 0.007835 1.772648
0.878830 0.000245 0.000314 0.000157 0.000044 0.112575 0.007836 1.772671
0.880042 0.000248 0.000306 0.000150 0.000043 0.111376 0.007836 1.772689
0.881269 0.000249 0.000300 0.000144 0.000041 0.110159 0.007837 1.772708
0.882493 0.000246 0.000297 0.000143 0.000040 0.108943 0.007839 1.772734
0.883661 0.000237 0.000297 0.000141 0.000039 0.107786 0.007839 1.772764
0.884851 0.000235 0.000293 0.000141 0.000037 0.106602 0.007840 1.772789
0.885993 0.000232 0.000287 0.000136 0.000035 0.105477 0.007840 1.772807
0.887113 0.000224 0.000283 0.000134 0.000035 0.104372 0.007840 1.772830
0.888199 0.000216 0.000275 0.000136 0.000035 0.103299 0.007840 1.772856
0.889209 0.000212 0.000266 0.000135 0.000034 0.102305 0.007841 1.772879
0.890226 0.000213 0.000259 0.000134 0.000033 0.101294 0.007842 1.772896
0.891264 0.000210 0.000249 0.000131 0.000032 0.100273 0.007842 1.772917
0.892214 0.000211 0.000240 0.000125 0.000031 0.099337 0.007843 1.772935
0.893157 0.000205 0.000240 0.000122 0.000030 0.098404 0.007843 1.772954
0.894111 0.000207 0.000229 0.000117 0.000030 0.097463 0.007843 1.772972
0.895046 0.000200 0.000231 0.000112 0.000028 0.096539 0.007844 1.772995
0.895915 0.000201 0.000233 0.000113 0.000028 0.095666 0.007845 1.773015
0.896830 0.000200 0.000225 0.000110 0.000028 0.094763 0.007845 1.773029
0.897735 0.000191 0.000221 0.000110 0.000027 0.093871 0.007845 1.773052
0.898587 0.000186 0.000216 0.000113 0.000027 0.093027 0.007845 1.773069
0.899423 0.000192 0.000213 0.000109 0.000027 0.092192 0.007845 1.773087
0.900269 0.000190 0.000207 0.000105 0.000027 0.091357 0.007846 1.773104
0.901064 0.000195 0.000201 0.000105 0.000027 0.090562 0.007846 1.773119
0.901833 0.000195 0.000196 0.000108 0.000027 0.089794 0.007846 1.773138
0.902622 0.000183 0.000191 0.000106 0.000027 0.089025 0.007846 1.773161
0.903351 0.000173 0.000194 0.000104 0.000026 0.088305 0.007847 1.773184
0.904079 0.000170 0.000194 0.000100 0.000025 0.087584 0.007848 1.773203
0.904759 0.000167 0.000193 0.000099 0.000024 0.086909 0.007849 1.773220
0.905466 0.000162 0.000191 0.000101 0.000023 0.086208 0.007849 1.773237
0.906177 0.000157 0.000182 0.000100 0.000022 0.085511 0.007849 1.773254
0.906820 0.000157 0.000176 0.000100 0.000022 0.084875 0.007850 1.773268
0.907480 0.000156 0.000172 0.000094 0.000022 0.084225 0.007850 1.773284
0.908138 0.000157 0.000167 0.000091 0.000022 0.083574 0.007850 1.773294
0.908766 0.000151 0.000165 0.000090 0.000022 0.082954 0.007851 1.773311
0.909383 0.000152 0.000163 0.000089 0.000021 0.082340 0.007851 1.773327
0.909992 0.000155 0.000161 0.000087 0.000021 0.081732 0.007851 1.773338
0.910563 0.000154 0.000163 0.000082 0.000021 0.081164 0.007851 1.773351
0.911105 0.000147 0.000162 0.000083 0.000020 0.080631 0.007851 1.773369
0.911628 0.000148 0.000160 0.000080 0.000020 0.080111 0.007851 1.773383
0.912174 0.000142 0.000160 0.000079 0.000020 0.079573 0.007851 1.773401
0.912688 0.000139 0.000157 0.000079 0.000019 0.079066 0.007851 1.773416
0.913212 0.000139 0.000154 0.000081 0.000018 0.078542 0.007852 1.773428
0.913678 0.000133 0.000155 0.000081 0.000018 0.078082 0.007852 1.773443
0.914134 0.000131 0.000154 0.000079 0.000018 0.077630 0.007852 1.773458
0.914596 0.000134 0.000148 0.000078 0.000016 0.077173 0.007853 1.773470
0.915031 0.000135 0.000149 0.000077 0.000015 0.076738 0.007853 1.773482
0.915456 0.000128 0.000149 0.000076 0.000015 0.076321 0.007853 1.773499
0.915892 0.000129 0.000147 0.000075 0.000015 0.075888 0.007853 1.773510
0.916292 0.000128 0.000148 0.000073 0.000017 0.075487 0.007853 1.773523
0.916691 0.000129 0.000146 0.000075 0.000016 0.075088 0.007854 1.773538
0.917074 0.000131 0.000139 0.000075 0.000014 0.074711 0.007855 1.773551
0.917457 0.000135 0.000139 0.000073 0.000015 0.074325 0.007855 1.773561
0.917811 0.000133 0.000142 0.000071 0.000014 0.073972 0.007856 1.773575
0.918135 0.000135 0.000138 0.000070 0.000012 0.073654 0.007856 1.773587
0.918461 0.000141 0.000136 0.000072 0.000012 0.073321 0.007856 1.773596
0.918794 0.000140 0.000131 0.000066 0.000013 0.072999 0.007856 1.773608
0.919127 0.000134 0.000135 0.000064 0.000013 0.072670 0.007856 1.773624
0.919446 0.000134 0.000134 0.000063 0.000013 0.072352 0.007856 1.773637
0.919757 0.000128 0.000141 0.000061 0.000011 0.072045 0.007856 1.773655
0.920046 0.000128 0.000141 0.000060 0.000011 0.071755 0.007856 1.773665
0.920315 0.000125 0.000140 0.000064 0.000011 0.071487 0.007857 1.773682
0.920578 0.000127 0.000140 0.000061 0.000011 0.071225 0.007857 1.773695
0.920853 0.000127 0.000138 0.000060 0.000011 0.070953 0.007857 1.773709
0.921136 0.000126 0.000140 0.000060 0.000011 0.070670 0.007857 1.773721
0.921377 0.000133 0.000138 0.000057 0.000011 0.070426 0.007857 1.773731
0.921634 0.000131 0.000137 0.000054 0.000010 0.070177 0.007857 1.773743
0.921852 0.000133 0.000139 0.000054 0.000010 0.069955 0.007857 1.773757
0.922087 0.000134 0.000144 0.000054 0.000010 0.069713 0.007857 1.773773
0.922323 0.000131 0.000140 0.000055 0.000011 0.069482 0.007857 1.773787
0.922563 0.000133 0.000137 0.000055 0.000011 0.069242 0.007857 1.773797
0.922788 0.000131 0.000137 0.000057 0.000011 0.069019 0.007858 1.773810
0.922992 0.000137 0.000131 0.000052 0.000011 0.068818 0.007858 1.773818
0.923204 0.000135 0.000131 0.000052 0.000010 0.068609 0.007858 1.773831
0.923410 0.000134 0.000132 0.000052 0.000010 0.068403 0.007858 1.773843
0.923644 0.000129 0.000132 0.000055 0.000010 0.068170 0.007858 1.773857
0.923874 0.000131 0.000128 0.000057 0.000009 0.067942 0.007859 1.773865
0.924072 0.000131 0.000126 0.000058 0.000009 0.067745 0.007859 1.773877
0.924268 0.000119 0.000129 0.000058 0.000009 0.067559 0.007859 1.773896
0.924451 0.000117 0.000125 0.000059 0.000008 0.067380 0.007859 1.773908
0.924627 0.000111 0.000121 0.000061 0.000008 0.067211 0.007860 1.773920
0.924794 0.000113 0.000119 0.000057 0.000008 0.067048 0.007860 1.773928
0.924973 0.000112 0.000119 0.000059 0.000008 0.066868 0.007860 1.773939
0.925129 0.000111 0.000118 0.000062 0.000008 0.066711 0.007860 1.773951
0.925291 0.000112 0.000116 0.000061 0.000007 0.066553 0.007860 1.773959
0.925436 0.000109 0.000116 0.000061 0.000006 0.066410 0.007860 1.773969
0.925591 0.000110 0.000112 0.000061 0.000006 0.066257 0.007860 1.773981
0.925765 0.000108 0.000113 0.000061 0.000007 0.066085 0.007860 1.773993
0.925920 0.000106 0.000111 0.000060 0.000007 0.065934 0.007860 1.774006
0.926060 0.000105 0.000109 0.000060 0.000007 0.065797 0.007860 1.774018
0.926211 0.000103 0.000107 0.000061 0.000007 0.065648 0.007860 1.774028
0.926347 0.000104 0.000104 0.000061 0.000007 0.065516 0.007861 1.774038
0.926481 0.000103 0.000107 0.000059 0.000007 0.065381 0.007861 1.774049
0.926613 0.000107 0.000102 0.000057 0.000007 0.065253 0.007861 1.774056
0.926744 0.000107 0.000100 0.000054 0.000007 0.065127 0.007861 1.774067
0.926854 0.000106 0.000103 0.000053 0.000007 0.065015 0.007861 1.774076
0.926966 0.000104 0.000106 0.000051 0.000007 0.064904 0.007861 1.774089
0.927089 0.000101 0.000107 0.000051 0.000007 0.064784 0.007861 1.774099
0.927208 0.000101 0.000100 0.000053 0.000007 0.064670 0.007861 1.774110
0.927319 0.000105 0.000097 0.000053 0.000006 0.064557 0.007862 1.774118
0.927421 0.000100 0.000097 0.000053 0.000006 0.064460 0.007862 1.774132
0.927521 0.000101 0.000097 0.000053 0.000005 0.064361 0.007862 1.774143
0.927620 0.000101 0.000099 0.000056 0.000005 0.064256 0.007862 1.774155
0.927725 0.000097 0.000103 0.000057 0.000005 0.064150 0.007862 1.774169
0.927813 0.000099 0.000101 0.000054 0.000006 0.064065 0.007862 1.774178
0.927913 0.000097 0.000100 0.000054 0.000005 0.063969 0.007862 1.774188
0.928015 0.000096 0.000098 0.000054 0.000005 0.063869 0.007862 1.774199
0.928104 0.000094 0.000100 0.000051 0.000005 0.063782 0.007862 1.774209
0.928189 0.000090 0.000102 0.000052 0.000005 0.063698 0.007862 1.774222
0.928263 0.000088 0.000103 0.000050 0.000005 0.063628 0.007862 1.774231
0.928339 0.000087 0.000103 0.000051 0.000005 0.063552 0.007862 1.774240
0.928411 0.000091 0.000103 0.000052 0.000005 0.063475 0.007862 1.774249
0.928491 0.000095 0.000103 0.000051 0.000005 0.063392 0.007862 1.774261
0.928576 0.000097 0.000103 0.000050 0.000004 0.063307 0.007862 1.774270
0.928647 0.000099 0.000102 0.000050 0.000004 0.063236 0.007862 1.774277
0.928731 0.000101 0.000098 0.000052 0.000004 0.063152 0.007862 1.774288
0.928812 0.000096 0.000097 0.000051 0.000004 0.063077 0.007862 1.774299
0.928880 0.000098 0.000093 0.000049 0.000005 0.063012 0.007862 1.774306
0.928947 0.000096 0.000093 0.000049 0.000005 0.062947 0.007862 1.774315
0.929021 0.000095 0.000092 0.000047 0.000005 0.062877 0.007862 1.774325
0.929083 0.000092 0.000088 0.000049 0.000006 0.062819 0.007862 1.774333
0.929156 0.000092 0.000086 0.000051 0.000006 0.062746 0.007862 1.774340
0.929228 0.000086 0.000090 0.000051 0.000006 0.062676 0.007862 1.774353
0.929288 0.000084 0.000092 0.000049 0.000006 0.062617 0.007862 1.774363
0.929347 0.000082 0.000089 0.000048 0.000006 0.062564 0.007862 1.774372
0.929412 0.000083 0.000087 0.000048 0.000006 0.062501 0.007862 1.774382
0.929477 0.000085 0.000086 0.000045 0.000007 0.062438 0.007862 1.774387
0.929540 0.000082 0.000086 0.000047 0.000006 0.062376 0.007863 1.774397
0.929601 0.000081 0.000086 0.000046 0.000006 0.062316 0.007863 1.774406
0.929654 0.000076 0.000085 0.000048 0.000006 0.062266 0.007863 1.774416
0.929711 0.000076 0.000086 0.000047 0.000006 0.062210 0.007863 1.774424
0.929774 0.000075 0.000085 0.000047 0.000006 0.062149 0.007863 1.774432
0.929826 0.000076 0.000083 0.000046 0.000006 0.062098 0.007863 1.774439
0.929877 0.000074 0.000083 0.000047 0.000005 0.062049 0.007863 1.774445
0.929928 0.000073 0.000080 0.000048 0.000005 0.062002 0.007863 1.774452
0.929971 0.000079 0.000075 0.000046 0.000005 0.061962 0.007863 1.774455
0.930010 0.000081 0.000075 0.000047 0.000004 0.061919 0.007863 1.774463
0.930064 0.000078 0.000075 0.000047 0.000004 0.061868 0.007863 1.774471
0.930116 0.000076 0.000077 0.000044 0.000003 0.061819 0.007864 1.774478
0.930169 0.000079 0.000078 0.000044 0.000003 0.061762 0.007864 1.774486
0.930216 0.000079 0.000079 0.000044 0.000003 0.061713 0.007864 1.774493
0.930263 0.000082 0.000077 0.000043 0.000004 0.061666 0.007864 1.774500
0.930299 0.000084 0.000076 0.000041 0.000004 0.061631 0.007864 1.774505
0.930347 0.000084 0.000074 0.000042 0.000004 0.061584 0.007864 1.774511
0.930379 0.000081 0.000078 0.000041 0.000004 0.061551 0.007864 1.774519
0.930409 0.000078 0.000080 0.000040 0.000004 0.061525 0.007864 1.774526
0.930450 0.000074 0.000080 0.000041 0.000004 0.061487 0.007864 1.774536
0.930480 0.000070 0.000080 0.000039 0.000004 0.061463 0.007864 1.774548
0.930515 0.000071 0.000080 0.000039 0.000004 0.061426 0.007864 1.774554
0.930546 0.000071 0.000078 0.000039 0.000004 0.061397 0.007864 1.774561
0.930576 0.000072 0.000079 0.000040 0.000003 0.061366 0.007864 1.774568
0.930622 0.000071 0.000078 0.000040 0.000002 0.061322 0.007864 1.774574
0.930657 0.000071 0.000077 0.000040 0.000002 0.061289 0.007864 1.774580
0.930681 0.000073 0.000073 0.000040 0.000002 0.061265 0.007864 1.774586
0.930710 0.000074 0.000074 0.000038 0.000002 0.061236 0.007864 1.774593
0.930735 0.000075 0.000074 0.000037 0.000002 0.061212 0.007864 1.774598
0.930766 0.000075 0.000072 0.000036 0.000002 0.061185 0.007864 1.774603
0.930793 0.000074 0.000074 0.000034 0.000002 0.061158 0.007864 1.774610
0.930829 0.000071 0.000071 0.000034 0.000002 0.061128 0.007864 1.774619
0.930857 0.000068 0.000072 0.000031 0.000002 0.061106 0.007864 1.774627
0.930881 0.000067 0.000072 0.000031 0.000002 0.061083 0.007864 1.774634
0.930906 0.000071 0.000068 0.000031 0.000002 0.061058 0.007864 1.774638
0.930937 0.000073 0.000067 0.000029 0.000002 0.061028 0.007864 1.774643
0.930967 0.000067 0.000068 0.000029 0.000002 0.061001 0.007864 1.774651
0.931004 0.000069 0.000068 0.000028 0.000002 0.060964 0.007864 1.774658
0.931031 0.000064 0.000069 0.000029 0.000002 0.060940 0.007864 1.774666
0.931051 0.000064 0.000070 0.000027 0.000002 0.060921 0.007864 1.774672
0.931075 0.000064 0.000069 0.000027 0.000002 0.060897 0.007864 1.774678
0.931098 0.000061 0.000069 0.000025 0.000002 0.060880 0.007864 1.774683
0.931120 0.000060 0.000065 0.000026 0.000002 0.060862 0.007864 1.774689
0.931143 0.000058 0.000063 0.000026 0.000002 0.060843 0.007864 1.774697
0.931157 0.000059 0.000062 0.000027 0.000002 0.060828 0.007864 1.774703
0.931183 0.000056 0.000061 0.000026 0.000003 0.060806 0.007864 1.774709
0.931210 0.000052 0.000061 0.000021 0.000003 0.060787 0.007864 1.774714
0.931229 0.000050 0.000062 0.000021 0.000004 0.060769 0.007864 1.774720
0.931256 0.000050 0.000060 0.000022 0.000004 0.060744 0.007864 1.774724
0.931277 0.000048 0.000058 0.000022 0.000004 0.060726 0.007864 1.774727
0.931295 0.000048 0.000056 0.000022 0.000004 0.060710 0.007864 1.774731
0.931315 0.000047 0.000053 0.000024 0.000004 0.060692 0.007864 1.774736
0.931329 0.000050 0.000050 0.000024 0.000004 0.060679 0.007864 1.774738
0.931354 0.000049 0.000050 0.000020 0.000004 0.060658 0.007864 1.774741
0.931364 0.000047 0.000053 0.000021 0.000004 0.060646 0.007864 1.774749
0.931381 0.000045 0.000052 0.000021 0.000004 0.060632 0.007864 1.774753
0.931401 0.000041 0.000049 0.000020 0.000004 0.060619 0.007864 1.774759
0.931420 0.000040 0.000046 0.000021 0.000003 0.060604 0.007864 1.774762
0.931434 0.000039 0.000046 0.000020 0.000003 0.060593 0.007864 1.774766
0.931452 0.000034 0.000050 0.000019 0.000003 0.060577 0.007864 1.774774
0.931470 0.000030 0.000049 0.000019 0.000003 0.060564 0.007864 1.774780
0.931484 0.000030 0.000047 0.000018 0.000003 0.060553 0.007864 1.774784
0.931502 0.000029 0.000044 0.000017 0.000002 0.060539 0.007864 1.774786
0.931518 0.000031 0.000045 0.000015 0.000002 0.060523 0.007864 1.774790
0.931538 0.000030 0.000045 0.000015 0.000002 0.060506 0.007864 1.774794
0.931551 0.000029 0.000044 0.000016 0.000002 0.060492 0.007864 1.774796
0.931561 0.000029 0.000044 0.000016 0.000002 0.060483 0.007865 1.774800
0.931576 0.000031 0.000044 0.000016 0.000002 0.060466 0.007865 1.774803
0.931591 0.000034 0.000042 0.000014 0.000002 0.060452 0.007865 1.774803
0.931604 0.000032 0.000040 0.000014 0.000002 0.060443 0.007865 1.774807
0.931616 0.000031 0.000040 0.000013 0.000002 0.060433 0.007865 1.774810
0.931628 0.000034 0.000038 0.000013 0.000002 0.060420 0.007865 1.774812
0.931638 0.000038 0.000036 0.000013 0.000002 0.060408 0.007865 1.774814
0.931653 0.000034 0.000038 0.000013 0.000002 0.060395 0.007865 1.774819
0.931663 0.000034 0.000038 0.000013 0.000002 0.060384 0.007865 1.774824
0.931677 0.000035 0.000038 0.000013 0.000002 0.060370 0.007865 1.774828
0.931686 0.000036 0.000034 0.000014 0.000002 0.060362 0.007865 1.774831
0.931695 0.000038 0.000035 0.000013 0.000002 0.060352 0.007865 1.774833
0.931710 0.000041 0.000035 0.000015 0.000002 0.060332 0.007865 1.774836
0.931720 0.000043 0.000034 0.000013 0.000002 0.060322 0.007865 1.774838
0.931728 0.000043 0.000034 0.000014 0.000002 0.060315 0.007865 1.774842
0.931739 0.000043 0.000035 0.000012 0.000002 0.060304 0.007865 1.774845
0.931744 0.000044 0.000037 0.000014 0.000001 0.060295 0.007865 1.774850
0.931753 0.000046 0.000037 0.000013 0.000001 0.060284 0.007865 1.774853
0.931760 0.000044 0.000039 0.000016 0.000001 0.060274 0.007865 1.774858
0.931766 0.000046 0.000040 0.000016 0.000001 0.060265 0.007865 1.774863
0.931775 0.000049 0.000039 0.000015 0.000001 0.060255 0.007865 1.774864
0.931786 0.000046 0.000039 0.000015 0.000001 0.060248 0.007865 1.774870
0.931799 0.000041 0.000041 0.000016 0.000001 0.060237 0.007865 1.774875
0.931803 0.000046 0.000039 0.000016 0.000000 0.060230 0.007865 1.774877
0.931807 0.000046 0.000036 0.000016 0.000000 0.060228 0.007866 1.774880
0.931818 0.000044 0.000037 0.000017 0.000000 0.060218 0.007866 1.774884
0.931827 0.000045 0.000036 0.000016 0.000000 0.060210 0.007866 1.774886
0.931835 0.000046 0.000036 0.000015 0.000000 0.060200 0.007866 1.774889
0.931848 0.000048 0.000034 0.000016 0.000000 0.060188 0.007866 1.774891
0.931854 0.000044 0.000036 0.000018 0.000000 0.060180 0.007866 1.774898
0.931861 0.000044 0.000037 0.000018 0.000000 0.060174 0.007866 1.774903
0.931865 0.000044 0.000038 0.000015 0.000001 0.060171 0.007866 1.774907
0.931873 0.000044 0.000036 0.000015 0.000001 0.060164 0.007866 1.774910
0.931882 0.000044 0.000038 0.000014 0.000001 0.060155 0.007866 1.774914
0.931892 0.000041 0.000037 0.000014 0.000001 0.060148 0.007866 1.774919
0.931895 0.000046 0.000037 0.000016 0.000001 0.060138 0.007866 1.774923
0.931901 0.000047 0.000036 0.000016 0.000001 0.060132 0.007866 1.774927
0.931904 0.000049 0.000036 0.000015 0.000001 0.060128 0.007866 1.774931
0.931907 0.000049 0.000037 0.000016 0.000001 0.060124 0.007866 1.774936
0.931908 0.000049 0.000038 0.000016 0.000001 0.060121 0.007866 1.774941
0.931910 0.000050 0.000037 0.000017 0.000001 0.060118 0.007866 1.774945
0.931913 0.000048 0.000040 0.000017 0.000001 0.060113 0.007866 1.774952
0.931924 0.000048 0.000039 0.000016 0.000001 0.060105 0.007866 1.774955
0.931927 0.000048 0.000037 0.000017 0.000001 0.060104 0.007866 1.774959
0.931930 0.000046 0.000034 0.000017 0.000001 0.060105 0.007866 1.774963
0.931934 0.000044 0.000036 0.000018 0.000001 0.060101 0.007866 1.774969
0.931940 0.000044 0.000034 0.000019 0.000001 0.060096 0.007866 1.774971
0.931945 0.000044 0.000036 0.000020 0.000001 0.060088 0.007866 1.774976
0.931948 0.000043 0.000037 0.000018 0.000001 0.060086 0.007866 1.774981
0.931953 0.000044 0.000034 0.000018 0.000001 0.060082 0.007866 1.774984
0.931958 0.000042 0.000036 0.000018 0.000001 0.060078 0.007866 1.774989
0.931963 0.000042 0.000034 0.000019 0.000001 0.060074 0.007866 1.774992
0.931970 0.000042 0.000033 0.000019 0.000001 0.060067 0.007866 1.774994
0.931972 0.000043 0.000034 0.000019 0.000000 0.060065 0.007867 1.774998
0.931975 0.000039 0.000036 0.000020 0.000000 0.060062 0.007867 1.775005
0.931980 0.000034 0.000038 0.000019 0.000000 0.060061 0.007867 1.775010
0.931983 0.000033 0.000037 0.000019 0.000000 0.060060 0.007867 1.775013
0.931988 0.000033 0.000037 0.000019 0.000000 0.060054 0.007867 1.775014
0.931992 0.000032 0.000037 0.000018 0.000000 0.060053 0.007867 1.775019
0.931994 0.000031 0.000036 0.000017 0.000000 0.060053 0.007867 1.775023
0.931999 0.000029 0.000037 0.000017 0.000000 0.060050 0.007867 1.775027
0.932006 0.000027 0.000037 0.000016 0.000000 0.060047 0.007867 1.775031
0.932008 0.000026 0.000036 0.000016 0.000000 0.060047 0.007867 1.775034
0.932008 0.000029 0.000034 0.000016 0.000000 0.060045 0.007867 1.775037
0.932013 0.000028 0.000035 0.000016 0.000000 0.060040 0.007867 1.775041
0.932016 0.000028 0.000035 0.000015 0.000000 0.060038 0.007867 1.775042
0.932021 0.000031 0.000035 0.000014 0.000000 0.060031 0.007867 1.775044
0.932030 0.000027 0.000036 0.000014 0.000000 0.060025 0.007867 1.775048
0.932029 0.000031 0.000036 0.000014 0.000000 0.060024 0.007867 1.775051
0.932033 0.000030 0.000035 0.000013 0.000000 0.060021 0.007867 1.775053
0.932034 0.000029 0.000033 0.000014 0.000000 0.060022 0.007867 1.775057
0.932036 0.000027 0.000034 0.000016 0.000000 0.060018 0.007867 1.775061
0.932040 0.000026 0.000034 0.000017 0.000000 0.060014 0.007867 1.775066
0.932044 0.000025 0.000034 0.000018 0.000000 0.060010 0.007867 1.775069
0.932048 0.000022 0.000036 0.000018 0.000000 0.060007 0.007867 1.775073
0.932052 0.000022 0.000034 0.000017 0.000001 0.060006 0.007867 1.775074
0.932053 0.000022 0.000034 0.000017 0.000001 0.060004 0.007867 1.775077
0.932056 0.000021 0.000033 0.000017 0.000001 0.060005 0.007867 1.775080
0.932060 0.000020 0.000029 0.000017 0.000001 0.060005 0.007867 1.775082
0.932065 0.000020 0.000026 0.000017 0.000001 0.060004 0.007867 1.775083
0.932067 0.000021 0.000027 0.000017 0.000001 0.060000 0.007867 1.775086
0.932073 0.000020 0.000026 0.000017 0.000001 0.059995 0.007867 1.775087
0.932077 0.000019 0.000028 0.000017 0.000001 0.059991 0.007867 1.775090
0.932079 0.000017 0.000029 0.000017 0.000001 0.059988 0.007867 1.775094
0.932079 0.000017 0.000029 0.000017 0.000002 0.059989 0.007867 1.775097
0.932084 0.000017 0.000028 0.000017 0.000001 0.059986 0.007867 1.775099
0.932087 0.000017 0.000027 0.000016 0.000001 0.059984 0.007867 1.775101
0.932088 0.000016 0.000027 0.000017 0.000000 0.059984 0.007867 1.775104
0.932090 0.000017 0.000027 0.000017 0.000000 0.059981 0.007867 1.775105
0.932093 0.000017 0.000025 0.000017 0.000000 0.059979 0.007867 1.775107
0.932096 0.000019 0.000023 0.000017 0.000000 0.059976 0.007867 1.775107
0.932097 0.000021 0.000023 0.000017 0.000000 0.059973 0.007867 1.775109
0.932098 0.000023 0.000022 0.000017 0.000000 0.059971 0.007867 1.775111
0.932101 0.000022 0.000022 0.000018 0.000000 0.059969 0.007867 1.775114
0.932104 0.000022 0.000022 0.000016 0.000000 0.059969 0.007867 1.775115
0.932106 0.000021 0.000023 0.000017 0.000000 0.059965 0.007867 1.775118
0.932110 0.000020 0.000022 0.000016 0.000000 0.059964 0.007867 1.775120
0.932111 0.000023 0.000018 0.000014 0.000000 0.059964 0.007867 1.775121
0.932114 0.000022 0.000019 0.000014 0.000000 0.059963 0.007867 1.775124
0.932115 0.000022 0.000019 0.000014 0.000000 0.059962 0.007867 1.775126
0.932118 0.000020 0.000019 0.000014 0.000000 0.059961 0.007867 1.775129
0.932120 0.000022 0.000018 0.000014 0.000000 0.059957 0.007867 1.775129
0.932124 0.000021 0.000019 0.000014 0.000000 0.059954 0.007867 1.775132
0.932126 0.000023 0.000018 0.000014 0.000000 0.059951 0.007867 1.775133
0.932128 0.000021 0.000018 0.000016 0.000000 0.059949 0.007867 1.775137
0.932130 0.000020 0.000019 0.000017 0.000000 0.059947 0.007867 1.775140
0.932132 0.000019 0.000018 0.000016 0.000000 0.059946 0.007867 1.775141
0.932136 0.000019 0.000019 0.000016 0.000000 0.059943 0.007867 1.775143
0.932139 0.000018 0.000019 0.000015 0.000000 0.059941 0.007867 1.775145
0.932140 0.000019 0.000019 0.000015 0.000000 0.059939 0.007867 1.775147
0.932140 0.000022 0.000019 0.000013 0.000000 0.059939 0.007867 1.775148
0.932140 0.000022 0.000019 0.000013 0.000000 0.059938 0.007867 1.775150
0.932140 0.000023 0.000020 0.000012 0.000001 0.059936 0.007867 1.775152
0.932141 0.000022 0.000019 0.000012 0.000000 0.059937 0.007868 1.775153
0.932144 0.000022 0.000019 0.000011 0.000001 0.059935 0.007868 1.775155
0.932146 0.000022 0.000019 0.000010 0.000001 0.059934 0.007868 1.775156
0.932146 0.000022 0.000020 0.000011 0.000000 0.059932 0.007868 1.775159
0.932149 0.000019 0.000022 0.000012 0.000000 0.059930 0.007868 1.775162
0.932151 0.000019 0.000020 0.000011 0.000000 0.059929 0.007868 1.775164
0.932150 0.000020 0.000020 0.000011 0.000000 0.059929 0.007868 1.775166
0.932151 0.000019 0.000022 0.000010 0.000000 0.059928 0.007868 1.775169
0.932151 0.000022 0.000022 0.000010 0.000000 0.059926 0.007868 1.775169
0.932151 0.000023 0.000019 0.000011 0.000000 0.059926 0.007868 1.775171
0.932152 0.000022 0.000019 0.000011 0.000000 0.059927 0.007868 1.775173
0.932152 0.000021 0.000021 0.000011 0.000000 0.059926 0.007868 1.775177
0.932152 0.000019 0.000022 0.000012 0.000000 0.059925 0.007868 1.775181
0.932152 0.000019 0.000020 0.000010 0.000000 0.059929 0.007868 1.775183
0.932153 0.000020 0.000021 0.000010 0.000000 0.059926 0.007868 1.775184
0.932153 0.000022 0.000021 0.000009 0.000000 0.059926 0.007868 1.775184
0.932152 0.000023 0.000021 0.000008 0.000000 0.059926 0.007868 1.775187
0.932155 0.000021 0.000023 0.000008 0.000000 0.059924 0.007868 1.775190
0.932156 0.000022 0.000022 0.000008 0.000000 0.059923 0.007868 1.775191
0.932158 0.000020 0.000022 0.000007 0.000000 0.059924 0.007868 1.775194
0.932160 0.000019 0.000020 0.000008 0.000000 0.059923 0.007868 1.775195
0.932162 0.000018 0.000020 0.000006 0.000000 0.059924 0.007868 1.775197
0.932164 0.000017 0.000017 0.000006 0.000000 0.059925 0.007868 1.775198
0.932165 0.000017 0.000018 0.000006 0.000000 0.059923 0.007868 1.775200
0.932168 0.000016 0.000019 0.000008 0.000000 0.059921 0.007868 1.775202
0.932167 0.000016 0.000019 0.000008 0.000000 0.059922 0.007868 1.775204
0.932167 0.000015 0.000019 0.000008 0.000000 0.059922 0.007868 1.775205
0.932170 0.000015 0.000019 0.000007 0.000000 0.059919 0.007868 1.775206
0.932171 0.000017 0.000019 0.000006 0.000000 0.059918 0.007868 1.775206
0.932170 0.000018 0.000018 0.000007 0.000000 0.059918 0.007868 1.775208
0.932172 0.000017 0.000018 0.000007 0.000001 0.059916 0.007868 1.775209
0.932174 0.000016 0.000019 0.000007 0.000001 0.059914 0.007868 1.775212
0.932176 0.000015 0.000019 0.000007 0.000001 0.059914 0.007868 1.775214
0.932177 0.000014 0.000020 0.000006 0.000001 0.059913 0.007868 1.775216
0.932177 0.000013 0.000020 0.000006 0.000002 0.059914 0.007868 1.775217
0.932180 0.000011 0.000020 0.000006 0.000002 0.059914 0.007868 1.775219
0.932179 0.000012 0.000018 0.000005 0.000002 0.059915 0.007868 1.775220
0.932179 0.000012 0.000019 0.000005 0.000002 0.059915 0.007868 1.775221
0.932182 0.000012 0.000019 0.000003 0.000002 0.059914 0.007868 1.775222
0.932183 0.000010 0.000020 0.000004 0.000002 0.059913 0.007868 1.775225
0.932184 0.000010 0.000019 0.000004 0.000002 0.059912 0.007868 1.775226
0.932185 0.000011 0.000019 0.000004 0.000002 0.059911 0.007868 1.775227
0.932186 0.000010 0.000018 0.000004 0.000001 0.059912 0.007868 1.775229
0.932185 0.000013 0.000017 0.000005 0.000001 0.059911 0.007868 1.775229
0.932185 0.000014 0.000016 0.000005 0.000001 0.059910 0.007868 1.775230
0.932188 0.000014 0.000014 0.000005 0.000001 0.059909 0.007868 1.775231
0.932186 0.000015 0.000015 0.000006 0.000001 0.059908 0.007868 1.775234
0.932188 0.000014 0.000014 0.000006 0.000001 0.059907 0.007868 1.775235
0.932189 0.000014 0.000015 0.000006 0.000001 0.059905 0.007868 1.775236
0.932190 0.000015 0.000014 0.000006 0.000001 0.059904 0.007868 1.775237
0.932190 0.000016 0.000013 0.000007 0.000001 0.059904 0.007868 1.775238
0.932190 0.000018 0.000013 0.000007 0.000001 0.059902 0.007868 1.775238
0.932190 0.000018 0.000012 0.000006 0.000000 0.059904 0.007868 1.775239
0.932193 0.000018 0.000013 0.000006 0.000000 0.059901 0.007868 1.775241
0.932194 0.000017 0.000014 0.000006 0.000001 0.059900 0.007868 1.775243
0.932197 0.000017 0.000014 0.000007 0.000001 0.059897 0.007868 1.775244
0.932197 0.000015 0.000014 0.000006 0.000001 0.059898 0.007868 1.775247
0.932198 0.000014 0.000014 0.000006 0.000001 0.059898 0.007868 1.775248
0.932199 0.000013 0.000016 0.000006 0.000001 0.059897 0.007868 1.775250
0.932200 0.000012 0.000017 0.000006 0.000001 0.059896 0.007868 1.775252
0.932199 0.000012 0.000017 0.000006 0.000001 0.059896 0.007868 1.775254
0.932200 0.000013 0.000016 0.000006 0.000001 0.059896 0.007868 1.775254
0.932203 0.000012 0.000016 0.000006 0.000001 0.059894 0.007868 1.775256
0.932202 0.000012 0.000014 0.000006 0.000001 0.059895 0.007868 1.775257
0.932203 0.000012 0.000014 0.000005 0.000001 0.059895 0.007868 1.775259
0.932206 0.000011 0.000014 0.000005 0.000001 0.059894 0.007868 1.775260
0.932208 0.000011 0.000013 0.000005 0.000001 0.059894 0.007868 1.775260
0.932209 0.000010 0.000015 0.000003 0.000001 0.059893 0.007868 1.775262
0.932210 0.000010 0.000014 0.000003 0.000001 0.059892 0.007868 1.775264
0.932212 0.000009 0.000015 0.000003 0.000001 0.059891 0.007868 1.775265
0.932211 0.000011 0.000015 0.000002 0.000001 0.059891 0.007868 1.775266
0.932213 0.000012 0.000015 0.000002 0.000001 0.059889 0.007868 1.775266
0.932214 0.000013 0.000015 0.000002 0.000001 0.059887 0.007868 1.775266
0.932216 0.000013 0.000013 0.000002 0.000001 0.059886 0.007868 1.775267
0.932216 0.000013 0.000013 0.000003 0.000001 0.059886 0.007868 1.775268
0.932215 0.000013 0.000013 0.000003 0.000001 0.059887 0.007868 1.775270
0.932217 0.000013 0.000014 0.000003 0.000001 0.059884 0.007868 1.775271
0.932217 0.000014 0.000014 0.000003 0.000000 0.059883 0.007868 1.775272
0.932218 0.000013 0.000014 0.000003 0.000000 0.059883 0.007868 1.775273
0.932217 0.000014 0.000014 0.000003 0.000000 0.059884 0.007868 1.775274
0.932218 0.000014 0.000012 0.000003 0.000000 0.059883 0.007868 1.775275
0.932220 0.000014 0.000013 0.000003 0.000000 0.059881 0.007868 1.775276
0.932220 0.000014 0.000013 0.000002 0.000001 0.059881 0.007868 1.775278
0.932219 0.000016 0.000013 0.000002 0.000001 0.059880 0.007868 1.775278
0.932218 0.000016 0.000013 0.000002 0.000001 0.059881 0.007868 1.775280
0.932221 0.000014 0.000012 0.000002 0.000001 0.059881 0.007868 1.775281
0.932221 0.000014 0.000013 0.000003 0.000001 0.059879 0.007868 1.775284
0.932223 0.000013 0.000012 0.000003 0.000001 0.059879 0.007868 1.775286
0.932222 0.000013 0.000012 0.000003 0.000001 0.059881 0.007868 1.775288
0.932221 0.000014 0.000011 0.000003 0.000001 0.059882 0.007868 1.775288
0.932222 0.000012 0.000012 0.000003 0.000001 0.059881 0.007868 1.775291
0.932223 0.000010 0.000011 0.000005 0.000000 0.059881 0.007869 1.775292
