0.999819 0.000137 0.000030 0.000015 0.000000 0.000000 0.000000
0.999754 0.000173 0.000024 0.000006 0.000000 0.000044 0.000000
0.999429 0.000485 0.000048 0.000009 0.000000 0.000028 0.000000
0.998988 0.000872 0.000087 0.000026 0.000000 0.000027 0.000000
0.998269 0.001488 0.000146 0.000068 0.000000 0.000028 0.000000
0.997170 0.002380 0.000277 0.000138 0.000000 0.000035 0.000000
0.995426 0.003821 0.000459 0.000226 0.000001 0.000067 0.000000
0.993450 0.005383 0.000693 0.000337 0.000000 0.000137 0.000000
0.989876 0.008257 0.001060 0.000580 0.000000 0.000227 0.000000
0.985956 0.011292 0.001557 0.000836 0.000013 0.000345 0.000000
0.980331 0.015669 0.002234 0.001244 0.000006 0.000516 0.000000
0.973225 0.021173 0.003188 0.001638 0.000005 0.000771 0.000000
0.963255 0.028751 0.004564 0.002279 0.000005 0.001147 0.000000
0.951538 0.037787 0.006011 0.003023 0.000004 0.001638 0.000000
0.938055 0.047863 0.007723 0.004118 0.000007 0.002234 0.000000
0.922963 0.058654 0.009993 0.005391 0.000007 0.002992 0.000000
0.906487 0.070201 0.012700 0.006652 0.000010 0.003949 0.000000
0.887544 0.083135 0.015844 0.008333 0.000015 0.005129 0.000000
0.868728 0.095645 0.019099 0.010056 0.000018 0.006454 0.000000
0.849637 0.107849 0.022716 0.011876 0.000026 0.007896 0.000000
0.829035 0.120650 0.026626 0.013878 0.000040 0.009772 0.000000
0.808762 0.132672 0.030741 0.015954 0.000048 0.011824 0.000000
0.786561 0.145456 0.035242 0.018310 0.000059 0.014372 0.000001
0.763485 0.157953 0.040297 0.020919 0.000069 0.017275 0.000001
0.740234 0.169664 0.045731 0.023787 0.000082 0.020502 0.000001
0.717123 0.180607 0.051382 0.026653 0.000102 0.024132 0.000002
0.693323 0.190890 0.057561 0.029784 0.000124 0.028315 0.000002
0.668970 0.200339 0.064015 0.033182 0.000139 0.033352 0.000002
0.647458 0.207114 0.070105 0.036372 0.000161 0.038788 0.000002
0.625986 0.213165 0.076267 0.039594 0.000184 0.044802 0.000003
0.605293 0.217717 0.082640 0.042775 0.000220 0.051352 0.000003
0.586151 0.220568 0.088553 0.046063 0.000250 0.058411 0.000004
0.567827 0.222474 0.094302 0.049233 0.000276 0.065884 0.000004
0.549122 0.223527 0.100356 0.052404 0.000298 0.074286 0.000007
0.533911 0.222922 0.105304 0.054981 0.000323 0.082552 0.000009
0.516026 0.222311 0.110970 0.057940 0.000361 0.092383 0.000009
0.501725 0.220370 0.115468 0.060290 0.000399 0.101739 0.000009
0.487255 0.218058 0.119876 0.062446 0.000435 0.111921 0.000010
0.474378 0.214831 0.123743 0.064489 0.000470 0.122079 0.000011
0.463085 0.210468 0.126969 0.066333 0.000507 0.132626 0.000011
0.452470 0.205898 0.129852 0.067947 0.000537 0.143283 0.000013
0.441280 0.201426 0.132694 0.069549 0.000566 0.154470 0.000016
0.432408 0.196385 0.134650 0.070573 0.000602 0.165365 0.000018
0.422134 0.191606 0.136781 0.071813 0.000639 0.177008 0.000020
0.414041 0.186292 0.138263 0.072492 0.000682 0.188205 0.000024
0.405973 0.181051 0.139558 0.073141 0.000702 0.199550 0.000025
0.398530 0.175518 0.140302 0.073558 0.000739 0.211326 0.000027
0.391788 0.170153 0.140938 0.073804 0.000764 0.222523 0.000029
0.384509 0.164554 0.141531 0.074003 0.000792 0.234580 0.000031
0.379468 0.158456 0.141192 0.073901 0.000824 0.246126 0.000033
0.374434 0.152689 0.140771 0.073762 0.000850 0.257458 0.000037
0.370006 0.147468 0.140249 0.073358 0.000891 0.267988 0.000041
0.366864 0.141572 0.138870 0.072557 0.000923 0.279169 0.000044
0.364500 0.136209 0.137519 0.071872 0.000945 0.288905 0.000050
0.362803 0.131043 0.135673 0.070855 0.000965 0.298607 0.000054
0.360915 0.125982 0.133858 0.069905 0.000996 0.308286 0.000058
0.359661 0.121516 0.131850 0.068875 0.001014 0.317022 0.000063
0.358552 0.117011 0.129631 0.067777 0.001021 0.325940 0.000067
0.357201 0.113474 0.127478 0.066722 0.001010 0.334043 0.000073
0.356126 0.109497 0.125206 0.065559 0.001018 0.342519 0.000076
0.354870 0.106092 0.122892 0.064426 0.001020 0.350620 0.000080
0.353647 0.102816 0.120681 0.063308 0.001025 0.358440 0.000083
0.353120 0.099683 0.117991 0.062015 0.001034 0.366073 0.000085
0.350985 0.096683 0.115804 0.061016 0.001048 0.374376 0.000089
0.349614 0.093623 0.113546 0.059990 0.001063 0.382070 0.000093
0.348942 0.091125 0.111462 0.059016 0.001080 0.388276 0.000098
0.347946 0.087484 0.108968 0.057794 0.001098 0.396607 0.000103
0.347907 0.084864 0.106691 0.056624 0.001109 0.402698 0.000106
0.347627 0.082436 0.104359 0.055486 0.001108 0.408872 0.000111
0.347552 0.079287 0.101741 0.054206 0.001110 0.415991 0.000114
0.347722 0.076930 0.099842 0.053215 0.001124 0.421050 0.000116
0.348375 0.074232 0.097427 0.051828 0.001134 0.426885 0.000119
0.349255 0.071993 0.095350 0.050651 0.001137 0.431491 0.000122
0.349811 0.069211 0.093014 0.049409 0.001151 0.437279 0.000125
0.350933 0.066938 0.090597 0.048140 0.001143 0.442121 0.000128
0.351990 0.064619 0.088354 0.046876 0.001163 0.446864 0.000133
0.353174 0.062579 0.086079 0.045727 0.001152 0.451151 0.000137
0.354941 0.060698 0.083577 0.044584 0.001134 0.454926 0.000141
0.356490 0.058673 0.081385 0.043496 0.001129 0.458681 0.000145
0.358443 0.057161 0.079435 0.042409 0.001137 0.461270 0.000147
0.360741 0.054847 0.077029 0.041242 0.001142 0.464849 0.000151
0.362768 0.053313 0.074995 0.040154 0.001127 0.467488 0.000155
0.364754 0.052073 0.073078 0.039111 0.001102 0.469720 0.000162
0.366928 0.050720 0.071164 0.038054 0.001091 0.471878 0.000165
0.369336 0.049536 0.069207 0.037060 0.001085 0.473612 0.000165
0.371764 0.048218 0.067420 0.036067 0.001085 0.475276 0.000169
0.373802 0.047594 0.065885 0.035234 0.001059 0.476253 0.000173
0.376115 0.046548 0.064132 0.034217 0.001045 0.477766 0.000177
0.378698 0.045689 0.062327 0.033263 0.001011 0.478830 0.000182
0.380759 0.044948 0.060872 0.032657 0.001009 0.479574 0.000181
0.383559 0.043899 0.059098 0.031699 0.001009 0.480551 0.000185
0.385692 0.043302 0.057895 0.031054 0.000977 0.480889 0.000190
0.388384 0.042591 0.056419 0.030366 0.000971 0.481077 0.000192
0.391103 0.041962 0.054967 0.029606 0.000959 0.481207 0.000197
0.393676 0.041524 0.053619 0.028823 0.000953 0.481206 0.000200
0.396174 0.041326 0.052446 0.028132 0.000941 0.480777 0.000204
0.398295 0.041002 0.051296 0.027553 0.000941 0.480707 0.000206
0.400847 0.040737 0.050143 0.026910 0.000924 0.480227 0.000212
0.403164 0.040459 0.049123 0.026385 0.000907 0.479746 0.000217
0.405484 0.040221 0.048315 0.025949 0.000887 0.478924 0.000221
0.408104 0.039953 0.047308 0.025390 0.000879 0.478137 0.000229
0.410407 0.039769 0.046388 0.024914 0.000878 0.477411 0.000232
0.412695 0.039666 0.045649 0.024492 0.000860 0.476402 0.000235
0.414821 0.039553 0.044942 0.024136 0.000853 0.475456 0.000240
0.417003 0.039467 0.044159 0.023740 0.000848 0.474542 0.000241
0.419081 0.039469 0.043603 0.023488 0.000842 0.473274 0.000244
0.421485 0.039470 0.042914 0.023040 0.000826 0.472019 0.000246
0.423397 0.039498 0.042464 0.022717 0.000822 0.470852 0.000249
0.425526 0.039486 0.041894 0.022505 0.000806 0.469529 0.000254
0.427513 0.039570 0.041349 0.022192 0.000783 0.468337 0.000257
0.429497 0.039690 0.040902 0.021973 0.000766 0.466914 0.000258
0.431381 0.039716 0.040488 0.021729 0.000752 0.465671 0.000263
0.433247 0.039786 0.040215 0.021572 0.000739 0.464176 0.000266
0.435044 0.039980 0.039907 0.021373 0.000726 0.462703 0.000267
0.436932 0.040124 0.039562 0.021195 0.000710 0.461208 0.000270
0.438614 0.040310 0.039329 0.021039 0.000688 0.459747 0.000273
0.440260 0.040408 0.039140 0.020947 0.000685 0.458285 0.000275
0.441654 0.040545 0.039044 0.020932 0.000677 0.456866 0.000281
0.443188 0.040801 0.038730 0.020797 0.000674 0.455527 0.000283
0.444861 0.041019 0.038580 0.020630 0.000653 0.453968 0.000288
0.446254 0.041257 0.038464 0.020554 0.000637 0.452545 0.000290
0.447747 0.041480 0.038271 0.020417 0.000632 0.451161 0.000292
0.449116 0.041696 0.038197 0.020235 0.000623 0.449838 0.000295
0.451193 0.041285 0.038366 0.020060 0.000611 0.448186 0.000299
0.453658 0.040388 0.038380 0.019788 0.000603 0.446879 0.000304
0.456622 0.039157 0.038438 0.019565 0.000588 0.445325 0.000304
0.460104 0.037702 0.038398 0.019231 0.000580 0.443676 0.000308
0.463913 0.036105 0.038247 0.018874 0.000580 0.441970 0.000310
0.467439 0.034473 0.038108 0.018510 0.000580 0.440578 0.000312
0.471515 0.032676 0.037847 0.018051 0.000576 0.439023 0.000312
0.476064 0.030866 0.037481 0.017601 0.000563 0.437113 0.000312
0.480344 0.029050 0.037081 0.017121 0.000556 0.435532 0.000317
0.484807 0.027276 0.036511 0.016639 0.000547 0.433900 0.000319
0.489498 0.025605 0.035807 0.016067 0.000544 0.432159 0.000321
0.494205 0.023979 0.035101 0.015503 0.000529 0.430358 0.000324
0.498871 0.022271 0.034452 0.015020 0.000519 0.428542 0.000324
0.503577 0.020744 0.033663 0.014485 0.000508 0.426697 0.000326
0.508464 0.019318 0.032853 0.013867 0.000495 0.424673 0.000329
0.513364 0.017943 0.031880 0.013282 0.000489 0.422707 0.000334
0.518165 0.016708 0.030885 0.012733 0.000475 0.420698 0.000337
0.523322 0.015478 0.029951 0.012223 0.000467 0.418218 0.000340
0.528401 0.014414 0.029026 0.011670 0.000461 0.415687 0.000341
0.533131 0.013381 0.028039 0.011203 0.000460 0.413444 0.000341
0.538116 0.012413 0.027030 0.010676 0.000440 0.410979 0.000346
0.543114 0.011483 0.026035 0.010185 0.000442 0.408394 0.000347
0.547687 0.010617 0.025084 0.009724 0.000432 0.406107 0.000350
0.552646 0.009823 0.024084 0.009246 0.000425 0.403429 0.000347
0.557776 0.009097 0.023134 0.008777 0.000413 0.400450 0.000352
0.562773 0.008422 0.022194 0.008373 0.000403 0.397482 0.000353
0.567688 0.007777 0.021237 0.007896 0.000394 0.394653 0.000353
0.572332 0.007192 0.020344 0.007528 0.000387 0.391866 0.000351
0.577260 0.006606 0.019434 0.007170 0.000368 0.388804 0.000357
0.582106 0.006111 0.018577 0.006801 0.000361 0.385688 0.000356
0.587020 0.005669 0.017725 0.006451 0.000351 0.382426 0.000359
0.591631 0.005246 0.016891 0.006102 0.000344 0.379431 0.000355
0.596356 0.004865 0.016080 0.005746 0.000339 0.376257 0.000357
0.601084 0.004469 0.015354 0.005439 0.000330 0.372962 0.000361
0.605555 0.004110 0.014606 0.005160 0.000315 0.369892 0.000362
0.610429 0.003821 0.013917 0.004928 0.000304 0.366234 0.000368
0.614885 0.003507 0.013238 0.004645 0.000291 0.363071 0.000363
0.619313 0.003230 0.012486 0.004376 0.000286 0.359946 0.000364
0.624069 0.002990 0.011880 0.004130 0.000277 0.356290 0.000364
0.628432 0.002762 0.011290 0.003897 0.000269 0.352979 0.000372
0.632624 0.002537 0.010709 0.003687 0.000265 0.349813 0.000366
0.637372 0.002346 0.010143 0.003471 0.000250 0.346048 0.000370
0.641828 0.002158 0.009574 0.003244 0.000246 0.342583 0.000367
0.646105 0.001981 0.009098 0.003073 0.000230 0.339143 0.000371
0.650410 0.001802 0.008631 0.002893 0.000225 0.335668 0.000371
0.654581 0.001630 0.008203 0.002722 0.000219 0.332273 0.000371
0.658699 0.001512 0.007771 0.002557 0.000217 0.328874 0.000369
0.662904 0.001399 0.007362 0.002411 0.000210 0.325345 0.000369
0.666861 0.001305 0.006959 0.002256 0.000205 0.322048 0.000366
0.671138 0.001214 0.006541 0.002135 0.000203 0.318401 0.000368
0.675064 0.001137 0.006161 0.001985 0.000196 0.315086 0.000372
0.678974 0.001056 0.005830 0.001874 0.000190 0.311698 0.000378
0.682929 0.000976 0.005497 0.001771 0.000183 0.308271 0.000374
0.686864 0.000901 0.005179 0.001647 0.000171 0.304866 0.000373
0.690600 0.000839 0.004899 0.001549 0.000164 0.301569 0.000381
0.694467 0.000771 0.004658 0.001469 0.000165 0.298092 0.000378
0.698170 0.000698 0.004374 0.001376 0.000156 0.294845 0.000380
0.701874 0.000639 0.004096 0.001291 0.000152 0.291565 0.000382
0.705822 0.000591 0.003842 0.001194 0.000148 0.288025 0.000378
0.709387 0.000537 0.003634 0.001132 0.000147 0.284789 0.000375
0.712925 0.000495 0.003410 0.001042 0.000141 0.281608 0.000379
0.716593 0.000468 0.003219 0.000967 0.000136 0.278236 0.000381
0.719908 0.000441 0.003031 0.000914 0.000135 0.275194 0.000376
0.723339 0.000403 0.002850 0.000857 0.000125 0.272041 0.000384
0.726973 0.000363 0.002678 0.000807 0.000122 0.268674 0.000382
0.729877 0.000341 0.002544 0.000769 0.000120 0.265969 0.000380
0.733439 0.000300 0.002365 0.000728 0.000119 0.262669 0.000381
0.736571 0.000284 0.002242 0.000689 0.000117 0.259713 0.000385
0.740067 0.000263 0.002112 0.000635 0.000113 0.256424 0.000387
0.743382 0.000237 0.001981 0.000596 0.000108 0.253310 0.000385
0.746545 0.000218 0.001877 0.000565 0.000103 0.250315 0.000377
0.749610 0.000204 0.001753 0.000517 0.000094 0.247435 0.000386
0.753021 0.000193 0.001641 0.000479 0.000092 0.244187 0.000387
0.756057 0.000181 0.001534 0.000455 0.000086 0.241297 0.000389
0.759188 0.000171 0.001439 0.000424 0.000084 0.238306 0.000387
0.762049 0.000152 0.001342 0.000389 0.000082 0.235599 0.000387
0.765148 0.000142 0.001269 0.000378 0.000081 0.232598 0.000384
0.768148 0.000130 0.001191 0.000357 0.000080 0.229708 0.000386
0.770971 0.000122 0.001131 0.000340 0.000076 0.226977 0.000383
0.774000 0.000107 0.001070 0.000313 0.000073 0.224050 0.000386
0.776834 0.000096 0.001002 0.000298 0.000065 0.221319 0.000387
0.779687 0.000092 0.000954 0.000278 0.000064 0.218548 0.000378
0.782327 0.000082 0.000895 0.000260 0.000058 0.215987 0.000390
0.785236 0.000076 0.000822 0.000243 0.000054 0.213179 0.000389
0.787470 0.000063 0.000785 0.000229 0.000055 0.211014 0.000385
0.790214 0.000058 0.000740 0.000215 0.000053 0.208334 0.000386
0.792757 0.000053 0.000692 0.000200 0.000054 0.205856 0.000389
0.795442 0.000049 0.000648 0.000191 0.000051 0.203232 0.000387
0.797888 0.000046 0.000615 0.000173 0.000048 0.200844 0.000387
0.800830 0.000040 0.000570 0.000161 0.000045 0.197967 0.000387
0.802942 0.000037 0.000548 0.000148 0.000049 0.195892 0.000385
0.805666 0.000036 0.000512 0.000145 0.000045 0.193211 0.000386
0.808237 0.000034 0.000488 0.000133 0.000045 0.190673 0.000390
0.810637 0.000031 0.000460 0.000127 0.000043 0.188319 0.000382
0.813042 0.000031 0.000438 0.000120 0.000041 0.185936 0.000393
0.815575 0.000027 0.000406 0.000108 0.000043 0.183446 0.000394
0.818005 0.000027 0.000380 0.000100 0.000042 0.181056 0.000391
0.820417 0.000021 0.000355 0.000091 0.000042 0.178685 0.000389
0.822581 0.000019 0.000337 0.000085 0.000041 0.176548 0.000389
0.824844 0.000017 0.000304 0.000083 0.000042 0.174322 0.000387
0.827029 0.000017 0.000286 0.000079 0.000039 0.172160 0.000390
0.829280 0.000015 0.000271 0.000071 0.000039 0.169932 0.000392
0.831879 0.000013 0.000253 0.000065 0.000038 0.167363 0.000389
0.833676 0.000012 0.000238 0.000063 0.000034 0.165585 0.000392
0.836139 0.000012 0.000223 0.000061 0.000035 0.163138 0.000392
0.838107 0.000010 0.000208 0.000057 0.000030 0.161197 0.000391
0.840331 0.000009 0.000199 0.000051 0.000030 0.158982 0.000398
0.842202 0.000009 0.000194 0.000046 0.000029 0.157122 0.000399
0.843985 0.000008 0.000179 0.000040 0.000027 0.155364 0.000396
0.846050 0.000006 0.000168 0.000036 0.000027 0.153326 0.000386
0.848396 0.000007 0.000163 0.000036 0.000025 0.150981 0.000391
0.850621 0.000008 0.000156 0.000035 0.000026 0.148767 0.000387
0.852366 0.000008 0.000146 0.000033 0.000026 0.147029 0.000392
0.854346 0.000007 0.000136 0.000034 0.000027 0.145050 0.000400
0.856215 0.000006 0.000125 0.000030 0.000023 0.143206 0.000395
0.858045 0.000004 0.000121 0.000029 0.000024 0.141379 0.000397
0.860070 0.000006 0.000120 0.000028 0.000024 0.139358 0.000394
0.861963 0.000005 0.000112 0.000026 0.000022 0.137483 0.000388
0.864154 0.000005 0.000106 0.000028 0.000022 0.135293 0.000392
0.866405 0.000005 0.000105 0.000027 0.000021 0.133056 0.000381
0.868042 0.000006 0.000098 0.000027 0.000023 0.131415 0.000389
0.870508 0.000006 0.000091 0.000025 0.000021 0.128959 0.000390
0.872505 0.000007 0.000088 0.000025 0.000022 0.126969 0.000385
0.874563 0.000007 0.000087 0.000020 0.000024 0.124916 0.000383
0.875954 0.000006 0.000082 0.000021 0.000023 0.123529 0.000385
0.877498 0.000005 0.000074 0.000021 0.000023 0.121987 0.000391
0.880130 0.000007 0.000071 0.000021 0.000023 0.119380 0.000369
0.881393 0.000006 0.000068 0.000019 0.000025 0.118102 0.000387
0.883053 0.000005 0.000066 0.000019 0.000023 0.116441 0.000393
0.884741 0.000006 0.000058 0.000015 0.000027 0.114772 0.000381
0.886714 0.000007 0.000060 0.000015 0.000024 0.112797 0.000383
0.888437 0.000007 0.000062 0.000012 0.000020 0.111075 0.000386
0.889991 0.000008 0.000057 0.000012 0.000023 0.109531 0.000378
0.892276 0.000007 0.000058 0.000013 0.000024 0.107248 0.000374
0.893608 0.000008 0.000055 0.000007 0.000025 0.105934 0.000363
0.895524 0.000010 0.000056 0.000004 0.000026 0.104030 0.000351
0.895926 0.000008 0.000051 0.000003 0.000030 0.103626 0.000356
0.898346 0.000009 0.000046 0.000002 0.000028 0.101227 0.000343
0.898832 0.000008 0.000044 0.000002 0.000030 0.100736 0.000348
0.900169 0.000011 0.000040 0.000003 0.000029 0.099400 0.000348
0.901499 0.000007 0.000036 0.000004 0.000029 0.098087 0.000338
0.902444 0.000006 0.000041 0.000004 0.000025 0.097137 0.000343
0.903481 0.000005 0.000033 0.000005 0.000028 0.096101 0.000347
0.906172 0.000006 0.000031 0.000005 0.000022 0.093425 0.000339
0.906517 0.000007 0.000027 0.000006 0.000026 0.093066 0.000351
0.909533 0.000006 0.000027 0.000004 0.000018 0.090074 0.000337
0.910456 0.000005 0.000026 0.000009 0.000016 0.089155 0.000333
0.910918 0.000006 0.000029 0.000006 0.000020 0.088683 0.000339
0.911663 0.000002 0.000027 0.000007 0.000020 0.087943 0.000339
0.912267 0.000000 0.000025 0.000009 0.000020 0.087344 0.000335
0.912657 0.000000 0.000027 0.000009 0.000019 0.086957 0.000331
0.914083 0.000000 0.000018 0.000010 0.000023 0.085541 0.000325
0.914498 0.000000 0.000024 0.000006 0.000018 0.085141 0.000314
0.915981 0.000000 0.000015 0.000006 0.000021 0.083670 0.000308
0.915818 0.000000 0.000023 0.000008 0.000016 0.083825 0.000309
0.916474 0.000000 0.000019 0.000006 0.000016 0.083168 0.000317
0.916803 0.000000 0.000025 0.000008 0.000014 0.082837 0.000313
0.917703 0.000000 0.000023 0.000005 0.000012 0.081947 0.000311
0.918352 0.000000 0.000018 0.000007 0.000014 0.081299 0.000309
0.918548 0.000000 0.000021 0.000007 0.000012 0.081101 0.000310
0.919126 0.000000 0.000023 0.000004 0.000009 0.080526 0.000310
0.919825 0.000000 0.000022 0.000008 0.000009 0.079840 0.000298
0.920005 0.000000 0.000020 0.000009 0.000013 0.079650 0.000303
0.920544 0.000000 0.000016 0.000009 0.000011 0.079123 0.000297
0.921043 0.000000 0.000015 0.000009 0.000009 0.078635 0.000288
0.921554 0.000000 0.000016 0.000007 0.000009 0.078133 0.000282
0.921714 0.000000 0.000014 0.000010 0.000008 0.077972 0.000282
0.921832 0.000000 0.000014 0.000008 0.000007 0.077859 0.000280
0.922283 0.000000 0.000013 0.000008 0.000007 0.077411 0.000278
0.922311 0.000000 0.000013 0.000009 0.000007 0.077387 0.000272
0.922933 0.000000 0.000013 0.000011 0.000006 0.076758 0.000278
0.922869 0.000000 0.000017 0.000002 0.000008 0.076822 0.000282
0.922751 0.000000 0.000013 0.000004 0.000006 0.076946 0.000280
0.923311 0.000000 0.000012 0.000003 0.000009 0.076390 0.000275
0.923145 0.000000 0.000009 0.000004 0.000008 0.076551 0.000283
0.922884 0.000000 0.000008 0.000005 0.000005 0.076826 0.000272
0.921635 0.000000 0.000001 0.000000 0.000001 0.078115 0.000248
