0.349791 0.063066 0.055904 0.032267 0.002097 0.490769 0.006105 1.602079
0.351692 0.061231 0.055730 0.032211 0.002097 0.490910 0.006130 1.608137
0.354191 0.058946 0.055518 0.032015 0.002100 0.491075 0.006156 1.614046
0.357092 0.056595 0.055150 0.031762 0.002082 0.491135 0.006185 1.619662
0.360094 0.054137 0.054749 0.031504 0.002086 0.491220 0.006211 1.625155
0.363530 0.051651 0.054306 0.031068 0.002077 0.491133 0.006235 1.630366
0.367098 0.049268 0.053663 0.030673 0.002085 0.490952 0.006262 1.635353
0.370728 0.047029 0.052840 0.030151 0.002111 0.490860 0.006281 1.640068
0.374491 0.044879 0.052193 0.029584 0.002118 0.490427 0.006307 1.644611
0.378372 0.042828 0.051280 0.029009 0.002107 0.490075 0.006329 1.648922
0.382387 0.040876 0.050302 0.028414 0.002097 0.489568 0.006356 1.653055
0.386263 0.039051 0.049222 0.027838 0.002070 0.489168 0.006388 1.656956
0.390394 0.037228 0.048165 0.027242 0.002071 0.488478 0.006422 1.660777
0.394654 0.035641 0.047131 0.026562 0.002060 0.487499 0.006454 1.664280
0.398714 0.034104 0.046003 0.025906 0.002035 0.486753 0.006484 1.667700
0.402998 0.032606 0.044837 0.025238 0.002027 0.485785 0.006509 1.670971
0.407394 0.031146 0.043756 0.024570 0.002027 0.484576 0.006530 1.674122
0.411759 0.029796 0.042611 0.023862 0.002018 0.483399 0.006555 1.677184
0.416222 0.028561 0.041477 0.023135 0.002000 0.482026 0.006578 1.679999
0.420666 0.027404 0.040351 0.022530 0.001997 0.480448 0.006604 1.682773
0.425162 0.026221 0.039281 0.021905 0.001964 0.478832 0.006634 1.685440
0.429709 0.025150 0.038170 0.021251 0.001955 0.477108 0.006658 1.687960
0.434216 0.024149 0.036999 0.020592 0.001933 0.475427 0.006683 1.690355
0.438689 0.023260 0.035886 0.019945 0.001919 0.473594 0.006708 1.692643
0.443234 0.022311 0.034838 0.019340 0.001895 0.471649 0.006733 1.694932
0.447823 0.021387 0.033839 0.018781 0.001869 0.469545 0.006756 1.697160
0.452408 0.020614 0.032815 0.018237 0.001847 0.467298 0.006780 1.699197
0.457044 0.019833 0.031862 0.017703 0.001817 0.464933 0.006807 1.701188
0.461614 0.019177 0.030857 0.017122 0.001790 0.462609 0.006831 1.703041
0.466330 0.018461 0.029940 0.016493 0.001766 0.460160 0.006851 1.704885
0.470889 0.017818 0.029038 0.015923 0.001748 0.457708 0.006875 1.706682
0.475573 0.017240 0.028019 0.015419 0.001715 0.455140 0.006896 1.708345
0.480129 0.016692 0.027127 0.014923 0.001688 0.452523 0.006917 1.709980
0.484721 0.016142 0.026266 0.014416 0.001658 0.449851 0.006947 1.711586
0.489311 0.015651 0.025469 0.013947 0.001645 0.447013 0.006963 1.713114
0.493862 0.015139 0.024706 0.013505 0.001619 0.444187 0.006982 1.714648
0.498360 0.014598 0.023946 0.013087 0.001589 0.441414 0.007006 1.716154
0.502975 0.014133 0.023196 0.012685 0.001563 0.438420 0.007028 1.717584
0.507463 0.013744 0.022420 0.012233 0.001543 0.435557 0.007041 1.718917
0.511948 0.013306 0.021669 0.011870 0.001514 0.432631 0.007063 1.720256
0.516439 0.012931 0.020980 0.011503 0.001482 0.429586 0.007080 1.721524
0.520918 0.012517 0.020341 0.011116 0.001453 0.426556 0.007100 1.722827
0.525376 0.012131 0.019664 0.010786 0.001422 0.423504 0.007116 1.724050
0.529779 0.011760 0.019058 0.010440 0.001401 0.420434 0.007129 1.725275
0.534131 0.011419 0.018454 0.010105 0.001380 0.417364 0.007148 1.726424
0.538521 0.011074 0.017906 0.009775 0.001354 0.414207 0.007164 1.727553
0.543036 0.010757 0.017362 0.009447 0.001319 0.410891 0.007188 1.728626
0.547380 0.010514 0.016831 0.009133 0.001289 0.407648 0.007205 1.729651
0.551796 0.010194 0.016349 0.008839 0.001263 0.404340 0.007221 1.730729
0.556045 0.009936 0.015910 0.008608 0.001241 0.401018 0.007242 1.731778
0.560344 0.009732 0.015372 0.008333 0.001209 0.397751 0.007259 1.732700
0.564594 0.009538 0.014902 0.008046 0.001183 0.394462 0.007276 1.733635
0.568785 0.009339 0.014435 0.007840 0.001162 0.391153 0.007286 1.734539
0.572875 0.009140 0.014019 0.007593 0.001140 0.387930 0.007302 1.735429
0.577057 0.008914 0.013646 0.007377 0.001112 0.384578 0.007315 1.736317
0.581209 0.008726 0.013194 0.007150 0.001093 0.381298 0.007331 1.737147
0.585259 0.008507 0.012823 0.006947 0.001071 0.378048 0.007345 1.738011
0.589344 0.008278 0.012438 0.006757 0.001045 0.374773 0.007366 1.738860
0.593304 0.008134 0.012040 0.006587 0.001024 0.371528 0.007382 1.739648
0.597301 0.007973 0.011679 0.006402 0.001008 0.368241 0.007396 1.740420
0.601253 0.007826 0.011334 0.006221 0.000990 0.364968 0.007408 1.741174
0.605268 0.007638 0.011023 0.006069 0.000962 0.361619 0.007421 1.741948
0.609156 0.007499 0.010737 0.005913 0.000949 0.358311 0.007434 1.742694
0.612961 0.007351 0.010447 0.005734 0.000922 0.355137 0.007449 1.743441
0.616828 0.007201 0.010172 0.005572 0.000895 0.351870 0.007463 1.744149
0.620804 0.007043 0.009907 0.005421 0.000879 0.348471 0.007476 1.744857
0.624635 0.006905 0.009648 0.005287 0.000861 0.345179 0.007486 1.745530
0.628348 0.006818 0.009398 0.005138 0.000847 0.341957 0.007494 1.746172
0.632095 0.006681 0.009214 0.005019 0.000827 0.338660 0.007504 1.746857
0.635766 0.006584 0.008969 0.004852 0.000814 0.335499 0.007516 1.747487
0.639347 0.006449 0.008758 0.004769 0.000801 0.332354 0.007523 1.748136
0.643066 0.006365 0.008536 0.004626 0.000782 0.329097 0.007530 1.748729
0.646603 0.006282 0.008325 0.004507 0.000765 0.325979 0.007539 1.749334
0.650134 0.006173 0.008105 0.004406 0.000752 0.322885 0.007546 1.749936
0.653653 0.006089 0.007914 0.004291 0.000736 0.319762 0.007556 1.750521
0.657085 0.005973 0.007780 0.004189 0.000722 0.316686 0.007566 1.751132
0.660477 0.005914 0.007581 0.004120 0.000699 0.313634 0.007575 1.751709
0.663915 0.005819 0.007425 0.004034 0.000672 0.310546 0.007589 1.752283
0.667304 0.005727 0.007278 0.003923 0.000663 0.307509 0.007595 1.752841
0.670686 0.005680 0.007148 0.003850 0.000649 0.304385 0.007603 1.753392
0.674057 0.005568 0.007041 0.003760 0.000635 0.301326 0.007613 1.753970
0.677302 0.005500 0.006890 0.003658 0.000616 0.298410 0.007623 1.754498
0.680583 0.005405 0.006741 0.003594 0.000604 0.295444 0.007630 1.755036
0.683902 0.005321 0.006561 0.003526 0.000591 0.292461 0.007639 1.755561
0.687065 0.005254 0.006449 0.003476 0.000582 0.289526 0.007648 1.756102
0.690241 0.005209 0.006293 0.003398 0.000568 0.286633 0.007657 1.756579
0.693357 0.005147 0.006171 0.003341 0.000556 0.283763 0.007665 1.757103
0.696366 0.005089 0.006068 0.003273 0.000542 0.280988 0.007675 1.757609
0.699364 0.005011 0.005990 0.003203 0.000524 0.278225 0.007683 1.758138
0.702388 0.004943 0.005896 0.003152 0.000511 0.275418 0.007692 1.758650
0.705422 0.004880 0.005835 0.003089 0.000507 0.272570 0.007697 1.759142
0.708355 0.004827 0.005738 0.003036 0.000490 0.269842 0.007712 1.759620
0.711338 0.004784 0.005645 0.002960 0.000484 0.267072 0.007718 1.760084
0.714229 0.004738 0.005582 0.002894 0.000469 0.264360 0.007728 1.760552
0.717138 0.004721 0.005467 0.002842 0.000454 0.261641 0.007737 1.760989
0.719962 0.004702 0.005365 0.002805 0.000440 0.258982 0.007744 1.761438
0.722777 0.004648 0.005282 0.002768 0.000432 0.256341 0.007751 1.761895
0.725557 0.004600 0.005213 0.002722 0.000424 0.253729 0.007755 1.762352
0.728333 0.004557 0.005121 0.002724 0.000410 0.251092 0.007763 1.762805
0.731069 0.004504 0.005052 0.002687 0.000404 0.248515 0.007770 1.763229
0.733710 0.004471 0.004972 0.002634 0.000397 0.246038 0.007778 1.763655
0.736308 0.004387 0.004934 0.002622 0.000388 0.243578 0.007784 1.764131
0.739003 0.004359 0.004840 0.002582 0.000376 0.241051 0.007790 1.764552
0.741677 0.004304 0.004800 0.002546 0.000371 0.238510 0.007794 1.764968
0.744311 0.004233 0.004731 0.002520 0.000361 0.236045 0.007800 1.765393
0.746861 0.004197 0.004639 0.002498 0.000356 0.233645 0.007805 1.765810
0.749382 0.004173 0.004596 0.002452 0.000347 0.231241 0.007808 1.766223
0.751875 0.004165 0.004526 0.002400 0.000340 0.228881 0.007815 1.766625
0.754393 0.004093 0.004488 0.002394 0.000332 0.226482 0.007818 1.767061
0.756895 0.004078 0.004436 0.002373 0.000331 0.224067 0.007820 1.767453
0.759391 0.004036 0.004402 0.002356 0.000327 0.221667 0.007823 1.767853
0.761738 0.004016 0.004334 0.002302 0.000321 0.219460 0.007831 1.768237
0.764109 0.003986 0.004291 0.002279 0.000312 0.217189 0.007834 1.768637
0.766451 0.003978 0.004242 0.002248 0.000307 0.214935 0.007841 1.769025
0.768765 0.003949 0.004206 0.002219 0.000302 0.212714 0.007845 1.769416
0.771050 0.003925 0.004182 0.002198 0.000290 0.210503 0.007852 1.769817
0.773299 0.003919 0.004148 0.002175 0.000286 0.208319 0.007855 1.770186
0.775499 0.003923 0.004084 0.002141 0.000280 0.206213 0.007861 1.770559
0.777686 0.003897 0.004027 0.002125 0.000276 0.204125 0.007864 1.770935
0.779851 0.003873 0.003991 0.002124 0.000267 0.202026 0.007869 1.771320
0.781991 0.003831 0.003957 0.002091 0.000265 0.199992 0.007873 1.771696
0.784173 0.003817 0.003920 0.002070 0.000260 0.197883 0.007877 1.772066
0.786258 0.003820 0.003893 0.002046 0.000255 0.195847 0.007881 1.772436
0.788413 0.003775 0.003832 0.002024 0.000254 0.193819 0.007883 1.772807
0.790489 0.003725 0.003800 0.002012 0.000255 0.191836 0.007885 1.773177
0.792519 0.003710 0.003773 0.002007 0.000250 0.189852 0.007888 1.773545
0.794568 0.003691 0.003725 0.001982 0.000247 0.187898 0.007889 1.773896
0.796546 0.003658 0.003702 0.001964 0.000247 0.185992 0.007892 1.774276
0.798544 0.003631 0.003661 0.001952 0.000243 0.184075 0.007895 1.774647
0.800546 0.003618 0.003633 0.001932 0.000240 0.182132 0.007899 1.775012
0.802527 0.003568 0.003621 0.001915 0.000236 0.180230 0.007904 1.775375
0.804444 0.003557 0.003619 0.001891 0.000234 0.178348 0.007907 1.775730
0.806286 0.003544 0.003594 0.001862 0.000230 0.176576 0.007908 1.776080
0.808136 0.003538 0.003572 0.001847 0.000227 0.174769 0.007912 1.776422
0.809949 0.003506 0.003542 0.001830 0.000226 0.173033 0.007915 1.776777
0.811773 0.003474 0.003505 0.001827 0.000223 0.171279 0.007919 1.777134
0.813592 0.003460 0.003491 0.001816 0.000215 0.169503 0.007923 1.777464
0.815338 0.003404 0.003479 0.001822 0.000209 0.167821 0.007928 1.777829
0.817125 0.003374 0.003448 0.001800 0.000204 0.166119 0.007931 1.778174
0.818831 0.003379 0.003448 0.001774 0.000201 0.164433 0.007934 1.778514
0.820524 0.003359 0.003441 0.001768 0.000198 0.162775 0.007935 1.778854
0.822220 0.003368 0.003420 0.001751 0.000199 0.161106 0.007937 1.779189
0.823830 0.003370 0.003391 0.001745 0.000198 0.159528 0.007939 1.779529
0.825510 0.003362 0.003361 0.001752 0.000193 0.157881 0.007942 1.779858
0.827191 0.003333 0.003333 0.001760 0.000193 0.156249 0.007943 1.780189
0.828800 0.003356 0.003334 0.001724 0.000191 0.154651 0.007946 1.780502
0.830377 0.003378 0.003318 0.001708 0.000187 0.153084 0.007949 1.780813
0.831960 0.003370 0.003308 0.001688 0.000187 0.151537 0.007950 1.781138
0.833552 0.003342 0.003288 0.001684 0.000184 0.149998 0.007952 1.781488
0.835094 0.003321 0.003279 0.001683 0.000187 0.148482 0.007954 1.781814
0.836604 0.003336 0.003271 0.001676 0.000180 0.146978 0.007956 1.782143
0.838159 0.003350 0.003234 0.001640 0.000179 0.145480 0.007959 1.782434
0.839665 0.003360 0.003215 0.001624 0.000176 0.143999 0.007961 1.782753
0.841141 0.003350 0.003180 0.001622 0.000167 0.142575 0.007967 1.783081
0.842540 0.003345 0.003157 0.001624 0.000162 0.141202 0.007970 1.783417
0.843977 0.003324 0.003133 0.001615 0.000160 0.139818 0.007972 1.783737
0.845399 0.003299 0.003126 0.001611 0.000160 0.138431 0.007974 1.784067
0.846767 0.003281 0.003140 0.001612 0.000159 0.137068 0.007974 1.784396
0.848133 0.003284 0.003119 0.001617 0.000155 0.135714 0.007977 1.784726
0.849484 0.003292 0.003105 0.001613 0.000152 0.134376 0.007980 1.785043
0.850895 0.003265 0.003109 0.001604 0.000149 0.132997 0.007981 1.785371
0.852271 0.003260 0.003117 0.001592 0.000147 0.131631 0.007983 1.785684
0.853625 0.003236 0.003086 0.001608 0.000143 0.130317 0.007985 1.786000
0.854872 0.003258 0.003072 0.001596 0.000142 0.129072 0.007988 1.786326
0.856176 0.003288 0.003068 0.001582 0.000141 0.127757 0.007990 1.786637
0.857462 0.003279 0.003056 0.001575 0.000138 0.126497 0.007993 1.786957
0.858693 0.003277 0.003055 0.001583 0.000137 0.125263 0.007993 1.787281
0.859922 0.003266 0.003020 0.001572 0.000134 0.124092 0.007994 1.787591
0.861172 0.003224 0.003016 0.001574 0.000132 0.122886 0.007996 1.787911
0.862414 0.003199 0.003002 0.001555 0.000134 0.121698 0.007998 1.788221
0.863617 0.003196 0.003007 0.001544 0.000135 0.120503 0.007999 1.788537
0.864783 0.003172 0.003020 0.001527 0.000138 0.119361 0.007999 1.788873
0.866005 0.003168 0.002996 0.001529 0.000137 0.118164 0.008000 1.789189
0.867139 0.003163 0.002972 0.001513 0.000139 0.117074 0.008001 1.789496
0.868278 0.003158 0.002992 0.001493 0.000138 0.115938 0.008004 1.789822
0.869457 0.003120 0.002989 0.001491 0.000135 0.114802 0.008006 1.790136
0.870586 0.003099 0.002975 0.001500 0.000132 0.113699 0.008008 1.790437
0.871702 0.003114 0.002948 0.001506 0.000129 0.112589 0.008012 1.790735
0.872828 0.003105 0.002943 0.001503 0.000128 0.111478 0.008016 1.791039
0.873908 0.003094 0.002958 0.001504 0.000126 0.110394 0.008016 1.791353
0.875003 0.003115 0.002956 0.001495 0.000125 0.109288 0.008019 1.791644
0.876016 0.003129 0.002932 0.001502 0.000120 0.108278 0.008023 1.791945
0.877053 0.003170 0.002925 0.001480 0.000120 0.107230 0.008023 1.792221
0.878041 0.003157 0.002951 0.001478 0.000115 0.106232 0.008025 1.792551
0.879040 0.003146 0.002953 0.001491 0.000112 0.105232 0.008026 1.792875
0.880061 0.003120 0.002967 0.001505 0.000110 0.104207 0.008029 1.793203
0.881008 0.003132 0.002951 0.001513 0.000109 0.103257 0.008031 1.793523
0.882004 0.003150 0.002923 0.001519 0.000108 0.102264 0.008032 1.793832
0.882962 0.003160 0.002905 0.001523 0.000109 0.101309 0.008034 1.794148
0.883913 0.003155 0.002910 0.001522 0.000110 0.100356 0.008035 1.794467
0.884821 0.003166 0.002921 0.001514 0.000112 0.099430 0.008037 1.794780
0.885726 0.003159 0.002902 0.001526 0.000111 0.098539 0.008038 1.795090
0.886613 0.003174 0.002915 0.001525 0.000114 0.097621 0.008039 1.795409
0.887491 0.003178 0.002908 0.001527 0.000114 0.096742 0.008041 1.795732
0.888425 0.003176 0.002900 0.001520 0.000115 0.095821 0.008043 1.796048
0.889288 0.003180 0.002911 0.001522 0.000115 0.094940 0.008045 1.796366
0.890167 0.003181 0.002929 0.001514 0.000113 0.094049 0.008048 1.796677
0.891009 0.003171 0.002948 0.001522 0.000111 0.093191 0.008048 1.797020
0.891869 0.003179 0.002925 0.001534 0.000112 0.092332 0.008050 1.797333
0.892699 0.003201 0.002906 0.001536 0.000113 0.091493 0.008052 1.797647
0.893504 0.003191 0.002922 0.001544 0.000114 0.090671 0.008053 1.797982
0.894330 0.003221 0.002920 0.001529 0.000113 0.089831 0.008056 1.798299
0.895069 0.003271 0.002897 0.001537 0.000112 0.089057 0.008058 1.798612
0.895859 0.003257 0.002905 0.001553 0.000113 0.088253 0.008060 1.798950
0.896655 0.003271 0.002928 0.001541 0.000117 0.087426 0.008062 1.799277
0.897436 0.003304 0.002938 0.001527 0.000113 0.086618 0.008066 1.799588
0.898177 0.003343 0.002917 0.001532 0.000111 0.085853 0.008067 1.799888
0.898864 0.003353 0.002938 0.001542 0.000109 0.085126 0.008069 1.800219
0.899589 0.003353 0.002928 0.001551 0.000107 0.084403 0.008070 1.800556
0.900264 0.003356 0.002937 0.001552 0.000106 0.083714 0.008071 1.800897
0.901026 0.003332 0.002947 0.001582 0.000105 0.082935 0.008072 1.801247
0.901712 0.003350 0.002957 0.001599 0.000104 0.082203 0.008075 1.801582
0.902390 0.003361 0.002958 0.001600 0.000103 0.081510 0.008078 1.801916
0.903058 0.003369 0.002946 0.001597 0.000105 0.080846 0.008079 1.802250
0.903704 0.003401 0.002922 0.001602 0.000107 0.080182 0.008082 1.802566
0.904370 0.003422 0.002944 0.001600 0.000104 0.079479 0.008082 1.802897
0.905007 0.003439 0.002942 0.001619 0.000101 0.078808 0.008084 1.803236
0.905641 0.003438 0.002948 0.001623 0.000099 0.078165 0.008085 1.803576
0.906259 0.003450 0.002944 0.001640 0.000101 0.077521 0.008086 1.803922
0.906906 0.003452 0.002960 0.001638 0.000103 0.076853 0.008087 1.804258
0.907551 0.003433 0.002979 0.001637 0.000104 0.076208 0.008088 1.804610
0.908116 0.003422 0.002983 0.001654 0.000103 0.075633 0.008089 1.804970
0.908722 0.003436 0.002992 0.001665 0.000103 0.074991 0.008091 1.805309
0.909292 0.003459 0.002996 0.001661 0.000099 0.074402 0.008091 1.805638
0.909882 0.003474 0.002998 0.001670 0.000100 0.073784 0.008092 1.805981
0.910394 0.003516 0.003024 0.001675 0.000097 0.073199 0.008094 1.806331
0.910922 0.003523 0.003019 0.001667 0.000098 0.072675 0.008097 1.806675
0.911489 0.003547 0.003018 0.001655 0.000098 0.072093 0.008100 1.807023
0.912021 0.003558 0.003018 0.001667 0.000098 0.071535 0.008102 1.807363
0.912578 0.003544 0.003036 0.001680 0.000097 0.070962 0.008103 1.807719
0.913084 0.003569 0.003032 0.001671 0.000095 0.070443 0.008106 1.808045
0.913548 0.003601 0.003039 0.001686 0.000095 0.069922 0.008108 1.808392
0.914044 0.003602 0.003052 0.001684 0.000095 0.069416 0.008108 1.808748
0.914553 0.003583 0.003060 0.001675 0.000099 0.068920 0.008110 1.809111
0.915033 0.003624 0.003040 0.001679 0.000098 0.068415 0.008111 1.809430
0.915507 0.003615 0.003049 0.001694 0.000096 0.067927 0.008112 1.809798
0.915984 0.003625 0.003061 0.001698 0.000094 0.067422 0.008113 1.810158
0.916474 0.003632 0.003084 0.001702 0.000094 0.066898 0.008115 1.810509
0.916941 0.003615 0.003106 0.001711 0.000097 0.066414 0.008115 1.810891
0.917375 0.003616 0.003108 0.001718 0.000097 0.065969 0.008117 1.811241
0.917828 0.003645 0.003112 0.001714 0.000095 0.065489 0.008118 1.811587
0.918294 0.003649 0.003112 0.001712 0.000092 0.065022 0.008119 1.811943
0.918717 0.003637 0.003116 0.001724 0.000095 0.064590 0.008120 1.812323
0.919092 0.003688 0.003106 0.001721 0.000097 0.064174 0.008121 1.812671
0.919530 0.003686 0.003120 0.001715 0.000099 0.063727 0.008122 1.813033
0.919967 0.003686 0.003121 0.001713 0.000098 0.063291 0.008124 1.813389
0.920403 0.003680 0.003154 0.001721 0.000100 0.062817 0.008124 1.813757
0.920796 0.003701 0.003148 0.001749 0.000098 0.062382 0.008126 1.814118
0.921194 0.003726 0.003160 0.001751 0.000102 0.061939 0.008128 1.814484
0.921563 0.003750 0.003192 0.001771 0.000102 0.061491 0.008130 1.814859
0.921925 0.003744 0.003209 0.001783 0.000102 0.061107 0.008131 1.815236
0.922327 0.003776 0.003218 0.001783 0.000104 0.060661 0.008132 1.815580
0.922659 0.003803 0.003247 0.001769 0.000104 0.060285 0.008133 1.815961
0.922997 0.003827 0.003249 0.001778 0.000104 0.059912 0.008134 1.816336
0.923337 0.003865 0.003250 0.001786 0.000107 0.059519 0.008136 1.816713
0.923676 0.003884 0.003282 0.001813 0.000109 0.059100 0.008137 1.817099
0.924013 0.003902 0.003291 0.001813 0.000105 0.058738 0.008138 1.817484
0.924299 0.003914 0.003318 0.001821 0.000106 0.058402 0.008140 1.817888
0.924639 0.003935 0.003339 0.001824 0.000107 0.058015 0.008141 1.818273
0.924943 0.003945 0.003334 0.001826 0.000111 0.057698 0.008142 1.818678
0.925202 0.003984 0.003352 0.001834 0.000115 0.057369 0.008144 1.819074
0.925476 0.004007 0.003350 0.001842 0.000115 0.057063 0.008147 1.819458
0.925764 0.004026 0.003375 0.001863 0.000115 0.056708 0.008148 1.819853
0.926022 0.004069 0.003396 0.001858 0.000113 0.056392 0.008150 1.820246
0.926310 0.004069 0.003427 0.001861 0.000117 0.056065 0.008151 1.820663
0.926582 0.004072 0.003458 0.001866 0.000113 0.055756 0.008153 1.821067
0.926867 0.004087 0.003456 0.001888 0.000115 0.055433 0.008155 1.821483
0.927125 0.004113 0.003459 0.001885 0.000116 0.055147 0.008156 1.821866
0.927377 0.004120 0.003480 0.001895 0.000120 0.054852 0.008156 1.822282
0.927617 0.004153 0.003481 0.001922 0.000119 0.054550 0.008158 1.822688
0.927855 0.004159 0.003505 0.001918 0.000121 0.054283 0.008159 1.823102
0.928090 0.004147 0.003542 0.001933 0.000120 0.054008 0.008161 1.823535
0.928370 0.004159 0.003531 0.001941 0.000122 0.053715 0.008163 1.823935
0.928614 0.004153 0.003542 0.001966 0.000123 0.053438 0.008164 1.824368
0.928865 0.004158 0.003568 0.001973 0.000125 0.053144 0.008167 1.824787
0.929096 0.004175 0.003581 0.001960 0.000129 0.052891 0.008168 1.825198
0.929298 0.004205 0.003561 0.001946 0.000128 0.052693 0.008169 1.825602
0.929518 0.004217 0.003581 0.001964 0.000128 0.052420 0.008172 1.826025
0.929770 0.004210 0.003594 0.001980 0.000128 0.052145 0.008173 1.826452
0.929940 0.004232 0.003614 0.001980 0.000127 0.051933 0.008175 1.826862
0.930171 0.004262 0.003609 0.001985 0.000129 0.051668 0.008177 1.827277
0.930350 0.004275 0.003631 0.002001 0.000131 0.051434 0.008179 1.827713
0.930495 0.004295 0.003623 0.002008 0.000134 0.051265 0.008180 1.828130
0.930657 0.004303 0.003627 0.002019 0.000136 0.051077 0.008181 1.828566
0.930831 0.004320 0.003634 0.002040 0.000140 0.050853 0.008182 1.828993
0.931004 0.004389 0.003635 0.002038 0.000140 0.050609 0.008183 1.829403
0.931237 0.004409 0.003650 0.002034 0.000136 0.050349 0.008185 1.829816
0.931417 0.004432 0.003676 0.002046 0.000135 0.050108 0.008185 1.830259
0.931565 0.004449 0.003696 0.002042 0.000139 0.049922 0.008186 1.830698
0.931723 0.004463 0.003726 0.002026 0.000140 0.049734 0.008188 1.831138
0.931905 0.004464 0.003744 0.002026 0.000141 0.049529 0.008189 1.831579
0.932062 0.004475 0.003759 0.002046 0.000142 0.049325 0.008192 1.832027
0.932190 0.004491 0.003777 0.002070 0.000144 0.049132 0.008194 1.832479
0.932333 0.004489 0.003765 0.002117 0.000144 0.048958 0.008195 1.832924
0.932467 0.004508 0.003802 0.002116 0.000147 0.048763 0.008197 1.833379
0.932617 0.004518 0.003822 0.002134 0.000150 0.048561 0.008198 1.833827
0.932783 0.004544 0.003831 0.002140 0.000154 0.048348 0.008200 1.834259
0.932885 0.004581 0.003861 0.002130 0.000151 0.048191 0.008201 1.834717
0.932982 0.004614 0.003864 0.002117 0.000146 0.048069 0.008207 1.835168
0.933093 0.004629 0.003923 0.002134 0.000146 0.047867 0.008208 1.835647
0.933192 0.004658 0.003941 0.002141 0.000151 0.047707 0.008209 1.836120
0.933311 0.004673 0.003952 0.002175 0.000151 0.047526 0.008212 1.836594
0.933402 0.004698 0.003967 0.002176 0.000151 0.047392 0.008214 1.837055
0.933505 0.004733 0.003985 0.002199 0.000147 0.047216 0.008215 1.837510
0.933581 0.004761 0.004007 0.002199 0.000144 0.047090 0.008218 1.837973
0.933633 0.004796 0.004031 0.002200 0.000147 0.046973 0.008219 1.838434
0.933677 0.004855 0.004060 0.002194 0.000146 0.046845 0.008222 1.838890
0.933762 0.004842 0.004084 0.002212 0.000147 0.046729 0.008223 1.839394
0.933863 0.004865 0.004115 0.002208 0.000147 0.046577 0.008226 1.839872
0.933957 0.004891 0.004158 0.002228 0.000149 0.046390 0.008228 1.840359
0.934020 0.004932 0.004199 0.002233 0.000147 0.046237 0.008231 1.840827
0.934038 0.004999 0.004216 0.002227 0.000149 0.046138 0.008233 1.841279
0.934110 0.005002 0.004195 0.002253 0.000147 0.046057 0.008236 1.841775
0.934123 0.005042 0.004226 0.002260 0.000147 0.045964 0.008239 1.842259
0.934138 0.005052 0.004257 0.002279 0.000147 0.045885 0.008241 1.842761
0.934208 0.005033 0.004278 0.002297 0.000147 0.045794 0.008242 1.843280
0.934276 0.004992 0.004294 0.002316 0.000151 0.045727 0.008244 1.843795
0.934351 0.004973 0.004335 0.002329 0.000153 0.045613 0.008246 1.844303
0.934449 0.004983 0.004363 0.002337 0.000152 0.045469 0.008248 1.844807
0.934459 0.004992 0.004380 0.002354 0.000153 0.045410 0.008251 1.845314
0.934519 0.004975 0.004398 0.002362 0.000153 0.045340 0.008253 1.845823
0.934538 0.005017 0.004376 0.002356 0.000154 0.045305 0.008254 1.846301
0.934585 0.005040 0.004394 0.002338 0.000158 0.045229 0.008256 1.846786
0.934591 0.005107 0.004396 0.002330 0.000160 0.045157 0.008259 1.847249
0.934650 0.005137 0.004421 0.002323 0.000158 0.045052 0.008260 1.847742
0.934688 0.005163 0.004440 0.002327 0.000157 0.044963 0.008262 1.848236
0.934672 0.005203 0.004449 0.002336 0.000158 0.044916 0.008266 1.848746
0.934615 0.005276 0.004453 0.002337 0.000159 0.044893 0.008268 1.849238
0.934659 0.005281 0.004462 0.002352 0.000155 0.044818 0.008271 1.849758
0.934683 0.005309 0.004480 0.002344 0.000156 0.044756 0.008273 1.850265
0.934664 0.005363 0.004493 0.002357 0.000158 0.044689 0.008275 1.850784
0.934674 0.005378 0.004519 0.002356 0.000159 0.044635 0.008278 1.851299
0.934682 0.005387 0.004566 0.002378 0.000157 0.044550 0.008279 1.851823
0.934698 0.005382 0.004607 0.002394 0.000157 0.044480 0.008282 1.852375
0.934674 0.005430 0.004610 0.002405 0.000157 0.044440 0.008285 1.852905
0.934671 0.005444 0.004629 0.002408 0.000159 0.044402 0.008286 1.853434
0.934659 0.005476 0.004633 0.002422 0.000164 0.044358 0.008289 1.853963
0.934642 0.005482 0.004664 0.002437 0.000163 0.044320 0.008292 1.854517
0.934635 0.005492 0.004708 0.002430 0.000164 0.044276 0.008294 1.855062
0.934586 0.005508 0.004742 0.002425 0.000162 0.044281 0.008297 1.855621
0.934563 0.005538 0.004733 0.002438 0.000160 0.044269 0.008299 1.856155
0.934518 0.005553 0.004729 0.002440 0.000157 0.044301 0.008300 1.856719
0.934465 0.005597 0.004734 0.002438 0.000152 0.044309 0.008304 1.857251
0.934456 0.005599 0.004777 0.002441 0.000150 0.044270 0.008307 1.857802
0.934444 0.005590 0.004797 0.002489 0.000147 0.044225 0.008309 1.858367
0.934443 0.005597 0.004832 0.002522 0.000146 0.044147 0.008313 1.858923
0.934433 0.005602 0.004837 0.002533 0.000149 0.044132 0.008314 1.859484
0.934397 0.005610 0.004850 0.002542 0.000149 0.044134 0.008318 1.860034
0.934339 0.005633 0.004852 0.002578 0.000148 0.044129 0.008321 1.860590
0.934276 0.005661 0.004863 0.002576 0.000152 0.044151 0.008323 1.861148
0.934237 0.005704 0.004837 0.002609 0.000153 0.044135 0.008325 1.861693
0.934168 0.005749 0.004850 0.002617 0.000153 0.044135 0.008327 1.862239
0.934119 0.005736 0.004884 0.002622 0.000154 0.044154 0.008330 1.862832
0.934064 0.005761 0.004887 0.002621 0.000150 0.044180 0.008336 1.863398
0.934039 0.005753 0.004895 0.002623 0.000152 0.044201 0.008337 1.863966
0.934018 0.005718 0.004930 0.002644 0.000150 0.044202 0.008337 1.864559
0.933981 0.005744 0.004925 0.002640 0.000152 0.044218 0.008339 1.865119
0.933919 0.005746 0.004955 0.002645 0.000154 0.044239 0.008342 1.865685
0.933893 0.005732 0.004975 0.002647 0.000157 0.044252 0.008343 1.866263
0.933871 0.005707 0.005010 0.002646 0.000161 0.044262 0.008344 1.866851
0.933833 0.005715 0.005023 0.002654 0.000161 0.044266 0.008347 1.867420
0.933819 0.005735 0.005008 0.002659 0.000165 0.044265 0.008348 1.867959
0.933773 0.005764 0.005007 0.002683 0.000167 0.044257 0.008349 1.868525
0.933704 0.005734 0.005020 0.002715 0.000167 0.044309 0.008350 1.869120
0.933640 0.005773 0.005040 0.002713 0.000164 0.044315 0.008353 1.869690
0.933583 0.005810 0.005067 0.002698 0.000165 0.044320 0.008356 1.870241
0.933565 0.005832 0.005043 0.002715 0.000160 0.044325 0.008359 1.870782
0.933551 0.005842 0.005050 0.002724 0.000165 0.044305 0.008361 1.871349
0.933512 0.005871 0.005061 0.002723 0.000164 0.044306 0.008362 1.871904
0.933467 0.005868 0.005057 0.002726 0.000168 0.044350 0.008364 1.872480
0.933396 0.005884 0.005074 0.002730 0.000173 0.044376 0.008366 1.873059
0.933352 0.005919 0.005070 0.002717 0.000175 0.044398 0.008369 1.873613
0.933328 0.005913 0.005086 0.002716 0.000175 0.044408 0.008373 1.874193
0.933270 0.005951 0.005093 0.002736 0.000178 0.044399 0.008374 1.874785
0.933185 0.006006 0.005090 0.002743 0.000179 0.044422 0.008375 1.875349
0.933107 0.006091 0.005106 0.002743 0.000180 0.044396 0.008377 1.875907
0.933007 0.006083 0.005129 0.002783 0.000183 0.044437 0.008379 1.876542
0.932958 0.006101 0.005171 0.002805 0.000184 0.044399 0.008383 1.877136
0.932906 0.006111 0.005196 0.002793 0.000185 0.044424 0.008386 1.877724
0.932838 0.006108 0.005200 0.002805 0.000189 0.044472 0.008388 1.878327
0.932766 0.006107 0.005233 0.002838 0.000189 0.044478 0.008390 1.878942
0.932638 0.006178 0.005234 0.002840 0.000189 0.044532 0.008391 1.879526
0.932570 0.006181 0.005233 0.002855 0.000191 0.044579 0.008393 1.880138
0.932522 0.006144 0.005257 0.002893 0.000192 0.044596 0.008396 1.880780
0.932446 0.006157 0.005263 0.002886 0.000188 0.044661 0.008400 1.881390
0.932392 0.006140 0.005271 0.002889 0.000188 0.044717 0.008402 1.882003
0.932293 0.006178 0.005282 0.002895 0.000184 0.044762 0.008405 1.882605
0.932194 0.006205 0.005278 0.002913 0.000188 0.044815 0.008408 1.883219
0.932116 0.006230 0.005280 0.002904 0.000187 0.044872 0.008410 1.883810
0.932049 0.006186 0.005323 0.002903 0.000187 0.044939 0.008412 1.884471
0.931930 0.006251 0.005332 0.002906 0.000189 0.044978 0.008415 1.885070
0.931859 0.006270 0.005351 0.002913 0.000191 0.044998 0.008417 1.885666
0.931754 0.006315 0.005346 0.002896 0.000194 0.045078 0.008418 1.886260
0.931724 0.006289 0.005391 0.002893 0.000196 0.045085 0.008422 1.886882
0.931617 0.006316 0.005413 0.002899 0.000193 0.045136 0.008425 1.887504
0.931504 0.006333 0.005453 0.002913 0.000195 0.045174 0.008427 1.888119
0.931396 0.006360 0.005483 0.002920 0.000195 0.045217 0.008431 1.888739
0.931306 0.006348 0.005527 0.002923 0.000196 0.045268 0.008432 1.889381
0.931255 0.006329 0.005541 0.002922 0.000189 0.045327 0.008437 1.889991
0.931172 0.006322 0.005570 0.002940 0.000192 0.045366 0.008439 1.890634
0.931085 0.006340 0.005580 0.002956 0.000194 0.045402 0.008442 1.891265
0.931016 0.006358 0.005579 0.002963 0.000193 0.045446 0.008445 1.891895
0.930890 0.006394 0.005582 0.002961 0.000193 0.045533 0.008448 1.892516
0.930774 0.006459 0.005595 0.002973 0.000197 0.045553 0.008450 1.893117
0.930726 0.006427 0.005636 0.002983 0.000197 0.045579 0.008453 1.893764
0.930620 0.006425 0.005614 0.003008 0.000199 0.045677 0.008457 1.894390
0.930547 0.006408 0.005645 0.003014 0.000200 0.045726 0.008460 1.895043
0.930487 0.006423 0.005680 0.003024 0.000199 0.045726 0.008460 1.895688
0.930416 0.006418 0.005697 0.003024 0.000201 0.045782 0.008463 1.896323
0.930351 0.006400 0.005707 0.003029 0.000202 0.045846 0.008466 1.896961
0.930240 0.006411 0.005690 0.003062 0.000201 0.045930 0.008467 1.897606
0.930104 0.006498 0.005674 0.003057 0.000204 0.045993 0.008471 1.898202
0.929991 0.006562 0.005672 0.003030 0.000204 0.046067 0.008472 1.898817
0.929916 0.006592 0.005676 0.003051 0.000206 0.046086 0.008474 1.899453
0.929797 0.006650 0.005678 0.003056 0.000200 0.046141 0.008478 1.900077
0.929681 0.006635 0.005714 0.003090 0.000202 0.046196 0.008483 1.900751
0.929539 0.006662 0.005739 0.003110 0.000201 0.046264 0.008486 1.901420
0.929442 0.006677 0.005726 0.003120 0.000202 0.046345 0.008489 1.902059
0.929351 0.006657 0.005754 0.003120 0.000206 0.046422 0.008490 1.902737
0.929208 0.006697 0.005753 0.003108 0.000208 0.046533 0.008493 1.903379
0.929136 0.006675 0.005767 0.003109 0.000209 0.046610 0.008494 1.904053
0.929015 0.006673 0.005780 0.003102 0.000215 0.046719 0.008496 1.904720
0.928917 0.006640 0.005823 0.003135 0.000215 0.046773 0.008497 1.905416
0.928822 0.006641 0.005839 0.003146 0.000208 0.046842 0.008502 1.906082
0.928721 0.006671 0.005836 0.003136 0.000205 0.046925 0.008507 1.906729
0.928632 0.006707 0.005847 0.003134 0.000204 0.046966 0.008511 1.907383
0.928542 0.006734 0.005841 0.003111 0.000207 0.047052 0.008513 1.908011
0.928482 0.006733 0.005863 0.003115 0.000208 0.047085 0.008515 1.908672
0.928363 0.006710 0.005895 0.003135 0.000205 0.047176 0.008516 1.909352
0.928214 0.006750 0.005907 0.003162 0.000204 0.047246 0.008518 1.909992
0.928144 0.006753 0.005892 0.003177 0.000205 0.047309 0.008521 1.910656
0.928081 0.006745 0.005892 0.003174 0.000206 0.047380 0.008524 1.911310
0.927983 0.006753 0.005906 0.003157 0.000210 0.047466 0.008526 1.911978
0.927918 0.006790 0.005916 0.003154 0.000211 0.047484 0.008528 1.912614
0.927812 0.006830 0.005932 0.003134 0.000210 0.047550 0.008533 1.913284
0.927674 0.006859 0.005968 0.003128 0.000211 0.047628 0.008534 1.913943
0.927584 0.006858 0.005987 0.003142 0.000209 0.047683 0.008537 1.914617
0.927451 0.006890 0.005999 0.003154 0.000209 0.047758 0.008540 1.915301
0.927342 0.006931 0.006004 0.003151 0.000211 0.047819 0.008542 1.915959
0.927201 0.006949 0.005974 0.003197 0.000209 0.047926 0.008544 1.916636
0.927092 0.006949 0.006013 0.003209 0.000208 0.047984 0.008545 1.917333
0.926997 0.006968 0.006019 0.003203 0.000215 0.048052 0.008547 1.917995
0.926933 0.006959 0.006034 0.003222 0.000220 0.048082 0.008549 1.918673
0.926836 0.006934 0.006065 0.003275 0.000221 0.048117 0.008552 1.919379
0.926716 0.006954 0.006108 0.003270 0.000219 0.048178 0.008556 1.920071
0.926611 0.006996 0.006118 0.003253 0.000215 0.048249 0.008559 1.920742
0.926507 0.007017 0.006111 0.003260 0.000217 0.048327 0.008561 1.921429
0.926401 0.007012 0.006117 0.003282 0.000213 0.048410 0.008566 1.922143
0.926266 0.007032 0.006142 0.003283 0.000218 0.048491 0.008568 1.922839
0.926124 0.007042 0.006150 0.003275 0.000219 0.048621 0.008571 1.923537
0.926034 0.007049 0.006149 0.003257 0.000222 0.048719 0.008572 1.924225
0.925879 0.007094 0.006158 0.003255 0.000226 0.048813 0.008574 1.924912
0.925719 0.007111 0.006172 0.003272 0.000223 0.048923 0.008579 1.925628
0.925618 0.007118 0.006230 0.003264 0.000221 0.048965 0.008583 1.926342
0.925511 0.007127 0.006257 0.003272 0.000224 0.049022 0.008588 1.927036
0.925363 0.007151 0.006277 0.003302 0.000223 0.049097 0.008589 1.927732
0.925279 0.007156 0.006287 0.003285 0.000226 0.049177 0.008591 1.928416
0.925164 0.007196 0.006281 0.003300 0.000230 0.049234 0.008594 1.929090
0.925063 0.007180 0.006311 0.003297 0.000233 0.049319 0.008598 1.929804
0.924899 0.007217 0.006316 0.003332 0.000229 0.049408 0.008600 1.930531
0.924813 0.007207 0.006341 0.003354 0.000229 0.049455 0.008601 1.931252
0.924644 0.007248 0.006364 0.003370 0.000233 0.049536 0.008604 1.931976
0.924509 0.007264 0.006406 0.003371 0.000232 0.049612 0.008607 1.932682
0.924369 0.007275 0.006453 0.003375 0.000235 0.049684 0.008610 1.933418
0.924249 0.007312 0.006450 0.003377 0.000236 0.049763 0.008614 1.934140
0.924091 0.007335 0.006476 0.003394 0.000236 0.049854 0.008616 1.934881
0.923934 0.007358 0.006484 0.003393 0.000237 0.049977 0.008618 1.935599
0.923783 0.007392 0.006461 0.003399 0.000238 0.050105 0.008621 1.936313
0.923635 0.007393 0.006479 0.003425 0.000235 0.050209 0.008624 1.937073
0.923542 0.007384 0.006501 0.003434 0.000236 0.050278 0.008626 1.937791
0.923461 0.007396 0.006519 0.003405 0.000241 0.050350 0.008628 1.938483
0.923273 0.007441 0.006515 0.003399 0.000242 0.050499 0.008632 1.939204
0.923168 0.007428 0.006513 0.003427 0.000241 0.050588 0.008635 1.939937
0.923037 0.007418 0.006547 0.003428 0.000245 0.050687 0.008638 1.940690
0.922892 0.007450 0.006549 0.003432 0.000243 0.050795 0.008641 1.941405
0.922729 0.007498 0.006552 0.003429 0.000242 0.050906 0.008644 1.942117
0.922548 0.007563 0.006569 0.003438 0.000245 0.050991 0.008646 1.942828
0.922420 0.007545 0.006584 0.003430 0.000241 0.051128 0.008652 1.943585
0.922326 0.007555 0.006628 0.003433 0.000242 0.051161 0.008655 1.944303
0.922255 0.007506 0.006626 0.003445 0.000242 0.051269 0.008658 1.945035
0.922171 0.007483 0.006613 0.003472 0.000244 0.051357 0.008662 1.945763
0.922062 0.007462 0.006623 0.003494 0.000242 0.051451 0.008666 1.946506
0.921929 0.007484 0.006630 0.003504 0.000244 0.051540 0.008668 1.947250
0.921821 0.007449 0.006662 0.003514 0.000242 0.051638 0.008673 1.948022
0.921700 0.007439 0.006658 0.003507 0.000249 0.051773 0.008674 1.948764
0.921604 0.007480 0.006614 0.003485 0.000252 0.051889 0.008677 1.949459
0.921496 0.007454 0.006621 0.003512 0.000250 0.051986 0.008682 1.950231
0.921388 0.007475 0.006601 0.003505 0.000250 0.052094 0.008687 1.950948
0.921286 0.007473 0.006627 0.003489 0.000256 0.052179 0.008690 1.951680
0.921222 0.007469 0.006597 0.003503 0.000256 0.052257 0.008696 1.952391
0.921135 0.007469 0.006623 0.003482 0.000258 0.052334 0.008699 1.953125
0.920992 0.007524 0.006613 0.003470 0.000260 0.052441 0.008700 1.953852
0.920822 0.007572 0.006595 0.003477 0.000258 0.052570 0.008707 1.954598
0.920700 0.007564 0.006625 0.003479 0.000259 0.052665 0.008708 1.955366
0.920541 0.007622 0.006635 0.003476 0.000262 0.052753 0.008711 1.956110
0.920418 0.007615 0.006659 0.003456 0.000262 0.052875 0.008715 1.956856
0.920289 0.007600 0.006644 0.003468 0.000261 0.053018 0.008719 1.957612
0.920107 0.007660 0.006688 0.003469 0.000260 0.053093 0.008724 1.958350
0.919990 0.007705 0.006682 0.003482 0.000262 0.053152 0.008727 1.959082
0.919871 0.007719 0.006693 0.003510 0.000261 0.053215 0.008730 1.959831
0.919734 0.007703 0.006754 0.003508 0.000263 0.053304 0.008734 1.960635
0.919594 0.007731 0.006735 0.003521 0.000258 0.053422 0.008739 1.961376
0.919514 0.007687 0.006767 0.003538 0.000256 0.053495 0.008743 1.962172
0.919371 0.007669 0.006816 0.003547 0.000255 0.053595 0.008747 1.962966
0.919283 0.007665 0.006836 0.003525 0.000251 0.053690 0.008751 1.963712
0.919175 0.007660 0.006836 0.003528 0.000255 0.053792 0.008754 1.964488
0.919075 0.007641 0.006851 0.003527 0.000254 0.053894 0.008758 1.965251
0.919001 0.007654 0.006842 0.003528 0.000251 0.053960 0.008764 1.965997
0.918892 0.007666 0.006848 0.003532 0.000248 0.054047 0.008768 1.966774
0.918769 0.007671 0.006880 0.003552 0.000249 0.054110 0.008770 1.967545
0.918656 0.007661 0.006859 0.003584 0.000256 0.054211 0.008772 1.968324
0.918546 0.007679 0.006860 0.003583 0.000256 0.054300 0.008777 1.969086
0.918421 0.007723 0.006863 0.003600 0.000256 0.054358 0.008780 1.969824
0.918268 0.007772 0.006828 0.003602 0.000255 0.054494 0.008782 1.970570
0.918227 0.007717 0.006817 0.003637 0.000255 0.054565 0.008783 1.971336
0.918141 0.007743 0.006794 0.003612 0.000259 0.054667 0.008785 1.972065
0.918069 0.007728 0.006811 0.003628 0.000260 0.054718 0.008787 1.972829
0.918007 0.007724 0.006802 0.003660 0.000257 0.054758 0.008791 1.973575
0.917855 0.007774 0.006805 0.003631 0.000263 0.054880 0.008793 1.974306
0.917728 0.007767 0.006831 0.003632 0.000257 0.054989 0.008796 1.975074
0.917621 0.007739 0.006878 0.003647 0.000256 0.055057 0.008802 1.975872
0.917527 0.007736 0.006851 0.003664 0.000259 0.055160 0.008803 1.976619
0.917436 0.007725 0.006876 0.003671 0.000258 0.055227 0.008808 1.977388
0.917340 0.007722 0.006891 0.003663 0.000257 0.055316 0.008812 1.978152
0.917268 0.007732 0.006872 0.003641 0.000267 0.055406 0.008813 1.978902
0.917182 0.007733 0.006882 0.003629 0.000264 0.055492 0.008818 1.979655
0.917120 0.007727 0.006860 0.003632 0.000267 0.055571 0.008823 1.980410
0.917024 0.007711 0.006899 0.003622 0.000266 0.055653 0.008826 1.981189
0.916911 0.007732 0.006919 0.003595 0.000264 0.055751 0.008828 1.981943
0.916846 0.007729 0.006917 0.003559 0.000270 0.055849 0.008830 1.982697
0.916775 0.007724 0.006943 0.003565 0.000269 0.055892 0.008832 1.983463
0.916712 0.007701 0.006941 0.003593 0.000269 0.055948 0.008837 1.984234
0.916635 0.007719 0.006961 0.003603 0.000270 0.055971 0.008842 1.984993
0.916588 0.007706 0.006946 0.003601 0.000270 0.056044 0.008845 1.985745
0.916542 0.007686 0.006959 0.003577 0.000271 0.056118 0.008848 1.986507
0.916456 0.007705 0.006944 0.003589 0.000272 0.056183 0.008852 1.987255
0.916366 0.007747 0.006920 0.003586 0.000272 0.056254 0.008855 1.987989
0.916295 0.007755 0.006898 0.003581 0.000271 0.056344 0.008857 1.988723
0.916223 0.007756 0.006878 0.003576 0.000269 0.056438 0.008860 1.989482
0.916169 0.007736 0.006868 0.003589 0.000269 0.056506 0.008863 1.990247
0.916098 0.007716 0.006880 0.003600 0.000270 0.056571 0.008865 1.991015
0.916035 0.007702 0.006858 0.003616 0.000271 0.056651 0.008867 1.991780
0.915961 0.007688 0.006862 0.003622 0.000271 0.056726 0.008870 1.992537
0.915853 0.007744 0.006853 0.003615 0.000268 0.056792 0.008875 1.993283
0.915712 0.007767 0.006881 0.003604 0.000265 0.056893 0.008879 1.994046
0.915635 0.007724 0.006918 0.003598 0.000264 0.056977 0.008882 1.994850
0.915562 0.007745 0.006947 0.003605 0.000267 0.056988 0.008887 1.995611
0.915494 0.007754 0.006918 0.003620 0.000266 0.057059 0.008889 1.996359
0.915384 0.007768 0.006924 0.003628 0.000265 0.057139 0.008893 1.997123
0.915339 0.007799 0.006867 0.003626 0.000264 0.057207 0.008898 1.997842
0.915273 0.007784 0.006898 0.003647 0.000261 0.057236 0.008902 1.998614
0.915210 0.007801 0.006896 0.003655 0.000257 0.057276 0.008906 1.999371
0.915130 0.007832 0.006913 0.003672 0.000261 0.057286 0.008908 2.000134
0.915081 0.007824 0.006904 0.003661 0.000256 0.057360 0.008913 2.000866
0.915016 0.007827 0.006923 0.003671 0.000256 0.057391 0.008916 2.001632
