0.342446 0.062727 0.056061 0.032499 0.002144 0.497887 0.006236 1.633427
0.344226 0.061085 0.056006 0.032410 0.002145 0.497861 0.006267 1.639529
0.346620 0.059049 0.055833 0.032183 0.002134 0.497883 0.006298 1.645424
0.349353 0.056888 0.055445 0.032031 0.002141 0.497812 0.006329 1.651106
0.352148 0.054713 0.055112 0.031688 0.002145 0.497837 0.006358 1.656637
0.355383 0.052517 0.054565 0.031326 0.002144 0.497684 0.006383 1.661894
0.358513 0.050513 0.053955 0.030966 0.002143 0.497505 0.006406 1.666925
0.361799 0.048598 0.053247 0.030443 0.002135 0.497339 0.006439 1.671735
0.365256 0.046735 0.052474 0.029931 0.002127 0.497012 0.006466 1.676391
0.368869 0.044886 0.051599 0.029433 0.002124 0.496601 0.006490 1.680847
0.372615 0.043035 0.050790 0.028854 0.002124 0.496067 0.006515 1.685191
0.376300 0.041315 0.049903 0.028259 0.002124 0.495558 0.006542 1.689368
0.380097 0.039633 0.048976 0.027621 0.002111 0.494987 0.006575 1.693414
0.384043 0.038125 0.047989 0.027016 0.002100 0.494124 0.006603 1.697196
0.387827 0.036748 0.046931 0.026395 0.002082 0.493388 0.006628 1.700830
0.391670 0.035439 0.045857 0.025768 0.002065 0.492552 0.006651 1.704381
0.395673 0.034217 0.044823 0.025142 0.002040 0.491431 0.006674 1.707796
0.399745 0.032901 0.043818 0.024563 0.002020 0.490251 0.006701 1.711151
0.403877 0.031757 0.042728 0.023987 0.001992 0.488932 0.006728 1.714304
0.408012 0.030639 0.041716 0.023377 0.001970 0.487536 0.006751 1.717369
0.412167 0.029607 0.040631 0.022783 0.001964 0.486075 0.006772 1.720316
0.416333 0.028648 0.039630 0.022134 0.001944 0.484520 0.006792 1.723164
0.420549 0.027787 0.038581 0.021549 0.001918 0.482801 0.006815 1.725864
0.424789 0.026875 0.037612 0.021005 0.001882 0.480996 0.006840 1.728614
0.428986 0.026078 0.036571 0.020394 0.001853 0.479257 0.006863 1.731183
0.433242 0.025340 0.035650 0.019844 0.001813 0.477226 0.006885 1.733680
0.437476 0.024602 0.034736 0.019317 0.001787 0.475176 0.006905 1.736145
0.441761 0.023905 0.033798 0.018769 0.001760 0.473078 0.006928 1.738530
0.445924 0.023302 0.032941 0.018264 0.001728 0.470887 0.006955 1.740856
0.450159 0.022687 0.032185 0.017808 0.001704 0.468483 0.006974 1.743164
0.454348 0.022153 0.031425 0.017333 0.001673 0.466073 0.006997 1.745398
0.458581 0.021717 0.030559 0.016848 0.001650 0.463631 0.007015 1.747456
0.462748 0.021216 0.029740 0.016369 0.001615 0.461275 0.007038 1.749556
0.466899 0.020761 0.028993 0.015953 0.001585 0.458754 0.007055 1.751617
0.471064 0.020352 0.028239 0.015550 0.001549 0.456168 0.007076 1.753625
0.475202 0.019939 0.027502 0.015123 0.001518 0.453620 0.007096 1.755589
0.479406 0.019484 0.026831 0.014771 0.001488 0.450905 0.007115 1.757576
0.483619 0.019126 0.026213 0.014315 0.001458 0.448136 0.007132 1.759402
0.487682 0.018739 0.025572 0.013932 0.001428 0.445494 0.007154 1.761227
0.491802 0.018366 0.024987 0.013578 0.001407 0.442689 0.007171 1.763027
0.495857 0.018047 0.024397 0.013234 0.001374 0.439897 0.007192 1.764810
0.499815 0.017785 0.023775 0.012906 0.001346 0.437162 0.007211 1.766546
0.503867 0.017436 0.023247 0.012556 0.001315 0.434351 0.007228 1.768271
0.507957 0.017094 0.022821 0.012265 0.001287 0.431326 0.007251 1.769995
0.511882 0.016855 0.022309 0.011901 0.001268 0.428516 0.007269 1.771661
0.515929 0.016540 0.021813 0.011657 0.001233 0.425541 0.007287 1.773329
0.519853 0.016289 0.021385 0.011383 0.001208 0.422582 0.007300 1.774946
0.523731 0.016056 0.020941 0.011112 0.001182 0.419660 0.007318 1.776546
0.527683 0.015807 0.020551 0.010881 0.001158 0.416591 0.007329 1.778172
0.531546 0.015567 0.020180 0.010665 0.001121 0.413578 0.007343 1.779742
0.535320 0.015303 0.019798 0.010418 0.001099 0.410710 0.007354 1.781308
0.539252 0.015069 0.019390 0.010184 0.001065 0.407670 0.007370 1.782804
0.543091 0.014937 0.018989 0.009940 0.001041 0.404621 0.007381 1.784216
0.546800 0.014801 0.018617 0.009719 0.001019 0.401649 0.007395 1.785654
0.550576 0.014678 0.018282 0.009530 0.000995 0.398530 0.007408 1.787071
0.554183 0.014542 0.017961 0.009361 0.000977 0.395557 0.007418 1.788524
0.557853 0.014390 0.017591 0.009210 0.000946 0.392575 0.007436 1.789953
0.561429 0.014300 0.017251 0.009047 0.000920 0.389600 0.007453 1.791358
0.565105 0.014153 0.016989 0.008854 0.000887 0.386545 0.007468 1.792778
0.568655 0.014034 0.016711 0.008714 0.000870 0.383537 0.007480 1.794172
0.572192 0.013924 0.016442 0.008548 0.000852 0.380550 0.007491 1.795573
0.575712 0.013767 0.016178 0.008399 0.000840 0.377601 0.007501 1.796979
0.579105 0.013697 0.015897 0.008238 0.000829 0.374725 0.007510 1.798320
0.582582 0.013643 0.015661 0.008144 0.000805 0.371647 0.007519 1.799650
0.585836 0.013626 0.015428 0.008001 0.000795 0.368785 0.007528 1.800960
0.589165 0.013573 0.015210 0.007860 0.000779 0.365874 0.007538 1.802245
0.592470 0.013503 0.015022 0.007761 0.000757 0.362942 0.007546 1.803593
0.595772 0.013421 0.014817 0.007663 0.000744 0.360028 0.007554 1.804944
0.598920 0.013404 0.014674 0.007566 0.000729 0.357140 0.007568 1.806258
0.601951 0.013339 0.014572 0.007493 0.000710 0.354359 0.007576 1.807629
0.605108 0.013280 0.014348 0.007400 0.000700 0.351579 0.007585 1.808927
0.608157 0.013208 0.014147 0.007314 0.000687 0.348895 0.007593 1.810245
0.611196 0.013164 0.013973 0.007228 0.000675 0.346160 0.007604 1.811551
0.614164 0.013151 0.013858 0.007130 0.000657 0.343428 0.007613 1.812883
0.617102 0.013163 0.013715 0.007053 0.000642 0.340703 0.007621 1.814145
0.620030 0.013136 0.013634 0.006973 0.000627 0.337969 0.007631 1.815450
0.622967 0.013142 0.013540 0.006926 0.000609 0.335176 0.007640 1.816755
0.625905 0.013127 0.013391 0.006849 0.000598 0.332483 0.007646 1.818030
0.628722 0.013135 0.013275 0.006791 0.000587 0.329836 0.007655 1.819342
0.631573 0.013141 0.013161 0.006766 0.000579 0.327118 0.007662 1.820640
0.634258 0.013185 0.013093 0.006699 0.000562 0.324530 0.007673 1.821918
0.637035 0.013135 0.013065 0.006641 0.000556 0.321889 0.007679 1.823242
0.639769 0.013194 0.012977 0.006546 0.000553 0.319274 0.007686 1.824483
0.642371 0.013196 0.012946 0.006552 0.000540 0.316702 0.007694 1.825821
0.645028 0.013222 0.012892 0.006535 0.000530 0.314094 0.007700 1.827135
0.647653 0.013262 0.012821 0.006485 0.000521 0.311553 0.007704 1.828413
0.650154 0.013402 0.012791 0.006462 0.000508 0.308975 0.007708 1.829695
0.652740 0.013437 0.012727 0.006487 0.000497 0.306397 0.007714 1.831014
0.655139 0.013527 0.012627 0.006469 0.000488 0.304030 0.007721 1.832307
0.657554 0.013561 0.012580 0.006447 0.000480 0.301649 0.007729 1.833613
0.659955 0.013590 0.012550 0.006438 0.000481 0.299254 0.007732 1.834939
0.662373 0.013674 0.012516 0.006389 0.000470 0.296840 0.007738 1.836245
0.664706 0.013737 0.012492 0.006373 0.000461 0.294489 0.007743 1.837559
0.666928 0.013852 0.012435 0.006362 0.000443 0.292229 0.007751 1.838873
0.669098 0.013871 0.012523 0.006376 0.000435 0.289941 0.007756 1.840300
0.671199 0.014040 0.012483 0.006395 0.000432 0.287692 0.007761 1.841646
0.673375 0.014114 0.012507 0.006386 0.000423 0.285429 0.007766 1.843012
0.675411 0.014224 0.012516 0.006400 0.000421 0.283256 0.007772 1.844394
0.677423 0.014315 0.012547 0.006422 0.000411 0.281104 0.007778 1.845800
0.679428 0.014388 0.012575 0.006414 0.000404 0.279007 0.007784 1.847211
0.681423 0.014482 0.012630 0.006419 0.000406 0.276852 0.007787 1.848624
0.683280 0.014558 0.012686 0.006526 0.000400 0.274758 0.007791 1.850107
0.685139 0.014693 0.012695 0.006532 0.000393 0.272750 0.007798 1.851487
0.687030 0.014766 0.012743 0.006577 0.000386 0.270696 0.007802 1.852956
0.688827 0.014921 0.012771 0.006590 0.000382 0.268702 0.007808 1.854368
0.690527 0.015066 0.012813 0.006609 0.000379 0.266795 0.007812 1.855822
0.692224 0.015237 0.012882 0.006631 0.000377 0.264829 0.007821 1.857290
0.693901 0.015292 0.013020 0.006658 0.000372 0.262932 0.007824 1.858834
0.695554 0.015428 0.013063 0.006717 0.000372 0.261036 0.007831 1.860350
0.697173 0.015581 0.013087 0.006780 0.000369 0.259175 0.007836 1.861840
0.698788 0.015710 0.013133 0.006804 0.000363 0.257362 0.007841 1.863342
0.700346 0.015846 0.013214 0.006807 0.000361 0.255579 0.007848 1.864882
0.701832 0.015978 0.013288 0.006825 0.000361 0.253865 0.007850 1.866443
0.703275 0.016084 0.013346 0.006897 0.000359 0.252185 0.007855 1.868031
0.704733 0.016166 0.013482 0.006948 0.000355 0.250460 0.007857 1.869652
0.706006 0.016325 0.013601 0.006970 0.000345 0.248892 0.007861 1.871302
0.707380 0.016460 0.013684 0.007030 0.000344 0.247239 0.007863 1.872898
0.708672 0.016524 0.013813 0.007093 0.000346 0.245682 0.007870 1.874561
0.710023 0.016646 0.013903 0.007124 0.000339 0.244092 0.007874 1.876203
0.711332 0.016748 0.013992 0.007173 0.000338 0.242542 0.007877 1.877857
0.712648 0.016887 0.014041 0.007210 0.000339 0.240996 0.007879 1.879508
0.713871 0.017056 0.014122 0.007272 0.000340 0.239458 0.007883 1.881169
0.714931 0.017309 0.014215 0.007327 0.000334 0.237996 0.007887 1.882810
0.716022 0.017485 0.014323 0.007368 0.000332 0.236580 0.007891 1.884525
0.717084 0.017563 0.014389 0.007466 0.000336 0.235270 0.007893 1.886271
0.718117 0.017737 0.014478 0.007546 0.000335 0.233893 0.007896 1.888002
0.719082 0.017935 0.014612 0.007595 0.000342 0.232535 0.007899 1.889766
0.720029 0.018107 0.014705 0.007653 0.000345 0.231261 0.007902 1.891566
0.720925 0.018293 0.014887 0.007710 0.000344 0.229937 0.007905 1.893365
0.721781 0.018534 0.015038 0.007750 0.000340 0.228649 0.007909 1.895154
0.722595 0.018693 0.015179 0.007817 0.000337 0.227466 0.007914 1.896977
0.723405 0.018839 0.015292 0.007889 0.000336 0.226326 0.007914 1.898864
0.724194 0.019058 0.015394 0.007965 0.000339 0.225132 0.007919 1.900707
0.724976 0.019183 0.015501 0.008052 0.000335 0.224034 0.007921 1.902620
0.725642 0.019467 0.015615 0.008093 0.000333 0.222926 0.007924 1.904451
0.726295 0.019677 0.015741 0.008163 0.000336 0.221859 0.007927 1.906362
0.726965 0.019806 0.015894 0.008319 0.000337 0.220751 0.007929 1.908390
0.727519 0.019995 0.016049 0.008357 0.000339 0.219810 0.007932 1.910326
0.728158 0.020175 0.016178 0.008459 0.000338 0.218756 0.007936 1.912284
0.728643 0.020385 0.016323 0.008512 0.000336 0.217860 0.007939 1.914275
0.729190 0.020665 0.016417 0.008582 0.000331 0.216869 0.007944 1.916201
0.729700 0.020823 0.016571 0.008671 0.000329 0.215958 0.007949 1.918241
0.730178 0.021034 0.016747 0.008738 0.000335 0.215015 0.007953 1.920298
0.730529 0.021319 0.016875 0.008799 0.000337 0.214186 0.007956 1.922346
0.730965 0.021475 0.017092 0.008902 0.000336 0.213270 0.007959 1.924465
0.731334 0.021634 0.017242 0.008980 0.000336 0.212509 0.007964 1.926569
0.731620 0.021864 0.017401 0.009044 0.000340 0.211764 0.007968 1.928687
0.731928 0.021983 0.017664 0.009113 0.000342 0.210998 0.007972 1.930878
0.732230 0.022177 0.017844 0.009192 0.000340 0.210243 0.007975 1.933060
0.732497 0.022376 0.017935 0.009315 0.000341 0.209560 0.007976 1.935210
0.732683 0.022522 0.018177 0.009413 0.000339 0.208884 0.007982 1.937476
0.732817 0.022819 0.018301 0.009494 0.000344 0.208240 0.007985 1.939678
0.732942 0.023016 0.018472 0.009596 0.000340 0.207644 0.007989 1.941924
0.733029 0.023245 0.018655 0.009671 0.000338 0.207067 0.007994 1.944200
0.733071 0.023470 0.018817 0.009732 0.000335 0.206578 0.007998 1.946488
0.733125 0.023658 0.018971 0.009801 0.000337 0.206106 0.008002 1.948806
0.733196 0.023869 0.019136 0.009906 0.000335 0.205554 0.008006 1.951123
0.733254 0.024035 0.019320 0.010069 0.000336 0.204977 0.008009 1.953504
0.733257 0.024218 0.019450 0.010138 0.000337 0.204587 0.008013 1.955863
0.733320 0.024386 0.019583 0.010263 0.000336 0.204095 0.008016 1.958253
0.733267 0.024629 0.019768 0.010288 0.000341 0.203687 0.008019 1.960618
0.733258 0.024800 0.019937 0.010390 0.000350 0.203242 0.008024 1.963032
0.733201 0.024855 0.020157 0.010520 0.000353 0.202885 0.008029 1.965538
0.733071 0.025001 0.020381 0.010633 0.000359 0.202522 0.008034 1.968044
0.732958 0.025142 0.020535 0.010685 0.000360 0.202283 0.008039 1.970505
0.732797 0.025317 0.020677 0.010741 0.000359 0.202065 0.008046 1.972988
0.732753 0.025468 0.020823 0.010868 0.000358 0.201682 0.008049 1.975493
0.732642 0.025639 0.020987 0.010948 0.000355 0.201376 0.008053 1.977954
0.732561 0.025807 0.021089 0.011031 0.000360 0.201097 0.008055 1.980439
0.732397 0.025927 0.021227 0.011142 0.000364 0.200884 0.008059 1.982991
0.732172 0.026075 0.021408 0.011264 0.000372 0.200646 0.008064 1.985592
0.731931 0.026196 0.021616 0.011339 0.000376 0.200473 0.008068 1.988206
0.731702 0.026331 0.021798 0.011417 0.000387 0.200295 0.008070 1.990794
0.731466 0.026488 0.021924 0.011509 0.000394 0.200146 0.008073 1.993368
0.731210 0.026601 0.022155 0.011595 0.000399 0.199966 0.008075 1.996019
0.730925 0.026798 0.022275 0.011650 0.000406 0.199868 0.008078 1.998681
0.730577 0.027041 0.022356 0.011735 0.000407 0.199801 0.008083 2.001269
0.730292 0.027182 0.022460 0.011791 0.000404 0.199781 0.008091 2.003890
0.730042 0.027225 0.022669 0.011851 0.000404 0.199713 0.008095 2.006609
0.729685 0.027386 0.022815 0.011882 0.000411 0.199718 0.008102 2.009294
0.729297 0.027543 0.022928 0.012017 0.000419 0.199691 0.008106 2.012009
0.729042 0.027674 0.023053 0.012009 0.000426 0.199686 0.008109 2.014719
0.728782 0.027708 0.023193 0.012054 0.000425 0.199724 0.008115 2.017465
0.728446 0.027841 0.023204 0.012173 0.000431 0.199784 0.008121 2.020146
0.728026 0.028027 0.023319 0.012239 0.000433 0.199830 0.008126 2.022858
0.727653 0.028141 0.023433 0.012332 0.000433 0.199881 0.008128 2.025649
0.727247 0.028254 0.023605 0.012410 0.000434 0.199920 0.008131 2.028445
0.726936 0.028296 0.023790 0.012432 0.000434 0.199978 0.008135 2.031215
0.726545 0.028393 0.023891 0.012488 0.000437 0.200107 0.008138 2.033976
0.726235 0.028475 0.023988 0.012568 0.000435 0.200159 0.008141 2.036746
0.725817 0.028565 0.024096 0.012606 0.000444 0.200330 0.008144 2.039539
0.725434 0.028627 0.024213 0.012702 0.000452 0.200425 0.008147 2.042352
0.725103 0.028606 0.024425 0.012760 0.000462 0.200494 0.008150 2.045234
0.724738 0.028663 0.024516 0.012789 0.000468 0.200671 0.008156 2.048055
0.724417 0.028614 0.024661 0.012862 0.000471 0.200814 0.008162 2.050964
0.724184 0.028639 0.024756 0.012872 0.000476 0.200909 0.008164 2.053751
0.723855 0.028668 0.024793 0.012928 0.000480 0.201106 0.008169 2.056563
0.723540 0.028684 0.024895 0.012965 0.000485 0.201259 0.008171 2.059410
0.723297 0.028563 0.025039 0.013030 0.000486 0.201411 0.008174 2.062319
0.722932 0.028635 0.025101 0.013116 0.000488 0.201552 0.008176 2.065151
0.722559 0.028617 0.025193 0.013195 0.000484 0.201771 0.008181 2.068013
0.722109 0.028757 0.025234 0.013206 0.000488 0.202020 0.008186 2.070841
0.721671 0.028861 0.025311 0.013216 0.000502 0.202248 0.008191 2.073675
0.721286 0.028922 0.025355 0.013236 0.000499 0.202504 0.008199 2.076526
0.720918 0.028916 0.025442 0.013274 0.000506 0.202743 0.008202 2.079409
0.720531 0.028962 0.025471 0.013291 0.000504 0.203033 0.008208 2.082254
0.720205 0.028960 0.025530 0.013307 0.000503 0.203281 0.008214 2.085100
0.720009 0.028881 0.025588 0.013329 0.000504 0.203470 0.008219 2.087965
0.719665 0.029003 0.025620 0.013315 0.000500 0.203674 0.008224 2.090766
0.719391 0.028974 0.025653 0.013399 0.000501 0.203854 0.008228 2.093653
0.718992 0.029071 0.025625 0.013416 0.000499 0.204165 0.008233 2.096471
0.718650 0.029098 0.025700 0.013389 0.000497 0.204430 0.008238 2.099350
0.718376 0.029116 0.025712 0.013432 0.000505 0.204616 0.008244 2.102180
0.718084 0.029134 0.025832 0.013445 0.000500 0.204753 0.008252 2.105038
0.717781 0.029113 0.025892 0.013465 0.000494 0.205000 0.008257 2.107928
0.717580 0.029078 0.025890 0.013484 0.000495 0.205210 0.008261 2.110776
0.717272 0.029109 0.025906 0.013472 0.000499 0.205475 0.008268 2.113635
0.717013 0.029130 0.025930 0.013458 0.000495 0.205699 0.008274 2.116464
0.716691 0.029076 0.025943 0.013506 0.000501 0.206006 0.008278 2.119372
0.716477 0.029073 0.026013 0.013522 0.000514 0.206122 0.008281 2.122242
0.716167 0.029118 0.026090 0.013529 0.000514 0.206297 0.008285 2.125125
0.715864 0.029130 0.026109 0.013556 0.000514 0.206534 0.008292 2.128026
0.715520 0.029133 0.026156 0.013618 0.000521 0.206755 0.008297 2.130917
0.715323 0.029105 0.026156 0.013659 0.000521 0.206935 0.008301 2.133774
0.715071 0.029079 0.026222 0.013671 0.000524 0.207127 0.008306 2.136665
0.714826 0.029041 0.026225 0.013586 0.000527 0.207485 0.008311 2.139502
0.714521 0.029041 0.026214 0.013613 0.000527 0.207766 0.008317 2.142363
0.714284 0.029001 0.026181 0.013657 0.000534 0.208021 0.008322 2.145192
0.714051 0.028960 0.026204 0.013640 0.000538 0.208280 0.008327 2.148063
0.713873 0.028910 0.026233 0.013609 0.000544 0.208499 0.008332 2.150876
0.713719 0.028899 0.026199 0.013598 0.000548 0.208698 0.008339 2.153667
0.713625 0.028786 0.026262 0.013601 0.000555 0.208829 0.008341 2.156522
0.713504 0.028727 0.026337 0.013603 0.000556 0.208928 0.008345 2.159376
0.713351 0.028682 0.026401 0.013539 0.000558 0.209117 0.008351 2.162215
0.713227 0.028568 0.026431 0.013515 0.000558 0.209345 0.008356 2.165088
0.713037 0.028515 0.026439 0.013516 0.000561 0.209571 0.008360 2.167932
0.712971 0.028462 0.026399 0.013427 0.000561 0.209813 0.008367 2.170666
0.712929 0.028397 0.026349 0.013361 0.000554 0.210036 0.008375 2.173442
0.712780 0.028383 0.026274 0.013360 0.000563 0.210260 0.008379 2.176230
0.712676 0.028215 0.026312 0.013434 0.000568 0.210413 0.008384 2.179142
0.712595 0.028158 0.026311 0.013416 0.000572 0.210561 0.008388 2.181937
0.712483 0.028157 0.026265 0.013402 0.000570 0.210727 0.008395 2.184685
0.712375 0.028147 0.026245 0.013396 0.000563 0.210875 0.008400 2.187426
0.712251 0.028167 0.026146 0.013356 0.000562 0.211111 0.008407 2.190171
0.712228 0.028081 0.026074 0.013317 0.000555 0.211333 0.008413 2.192927
0.712203 0.028036 0.026045 0.013318 0.000545 0.211431 0.008422 2.195714
0.712157 0.027990 0.025909 0.013264 0.000551 0.211702 0.008429 2.198374
0.712143 0.027942 0.025812 0.013231 0.000550 0.211889 0.008435 2.201073
0.712170 0.027919 0.025753 0.013180 0.000559 0.211982 0.008438 2.203764
0.712174 0.027831 0.025747 0.013151 0.000554 0.212101 0.008442 2.206503
0.712229 0.027710 0.025682 0.013105 0.000556 0.212269 0.008449 2.209221
0.712207 0.027643 0.025674 0.013099 0.000553 0.212373 0.008452 2.211981
0.712228 0.027561 0.025562 0.013062 0.000553 0.212577 0.008458 2.214595
0.712355 0.027439 0.025496 0.013105 0.000558 0.212586 0.008461 2.217284
0.712357 0.027369 0.025501 0.013066 0.000557 0.212685 0.008467 2.219999
0.712378 0.027299 0.025449 0.013030 0.000555 0.212819 0.008472 2.222674
0.712403 0.027192 0.025348 0.013071 0.000557 0.212952 0.008477 2.225392
0.712445 0.027130 0.025245 0.013045 0.000561 0.213096 0.008479 2.228053
0.712517 0.027099 0.025168 0.013017 0.000558 0.213153 0.008488 2.230705
0.712567 0.027068 0.025109 0.012969 0.000549 0.213244 0.008495 2.233342
0.712711 0.026983 0.025021 0.012902 0.000555 0.213329 0.008499 2.235975
0.712808 0.026915 0.024975 0.012869 0.000559 0.213372 0.008503 2.238590
0.712913 0.026815 0.024939 0.012896 0.000558 0.213373 0.008508 2.241253
0.713070 0.026714 0.024967 0.012864 0.000556 0.213317 0.008513 2.243891
0.713109 0.026713 0.024908 0.012837 0.000564 0.213352 0.008517 2.246491
0.713215 0.026715 0.024857 0.012819 0.000558 0.213313 0.008524 2.249094
0.713408 0.026627 0.024799 0.012799 0.000556 0.213280 0.008532 2.251703
0.713616 0.026437 0.024788 0.012779 0.000559 0.213285 0.008537 2.254371
0.713724 0.026399 0.024744 0.012753 0.000570 0.213270 0.008540 2.256972
0.713887 0.026325 0.024739 0.012700 0.000565 0.213237 0.008548 2.259563
0.714020 0.026290 0.024615 0.012650 0.000565 0.213308 0.008552 2.262118
0.714130 0.026203 0.024628 0.012607 0.000562 0.213313 0.008557 2.264761
0.714255 0.026193 0.024519 0.012554 0.000556 0.213362 0.008561 2.267301
0.714550 0.026152 0.024414 0.012485 0.000555 0.213279 0.008567 2.269800
0.714728 0.026120 0.024354 0.012478 0.000559 0.213189 0.008573 2.272346
0.714825 0.026160 0.024322 0.012452 0.000568 0.213094 0.008578 2.274861
0.714949 0.026085 0.024351 0.012435 0.000563 0.213034 0.008585 2.277470
0.715236 0.026050 0.024255 0.012353 0.000566 0.212952 0.008589 2.279951
0.715341 0.026047 0.024246 0.012309 0.000563 0.212900 0.008595 2.282501
0.715596 0.025874 0.024234 0.012309 0.000559 0.212833 0.008597 2.285100
0.715829 0.025801 0.024234 0.012304 0.000557 0.212673 0.008602 2.287664
0.715923 0.025822 0.024161 0.012221 0.000568 0.212698 0.008606 2.290178
0.716050 0.025778 0.024061 0.012197 0.000561 0.212742 0.008611 2.292713
0.716124 0.025769 0.023945 0.012228 0.000561 0.212756 0.008617 2.295231
0.716321 0.025743 0.023855 0.012198 0.000561 0.212702 0.008621 2.297691
0.716477 0.025646 0.023841 0.012176 0.000562 0.212668 0.008630 2.300273
0.716619 0.025678 0.023790 0.012096 0.000563 0.212616 0.008637 2.302756
0.716793 0.025659 0.023734 0.012085 0.000565 0.212522 0.008641 2.305234
0.717031 0.025603 0.023679 0.012000 0.000560 0.212478 0.008649 2.307716
0.717184 0.025560 0.023646 0.011953 0.000560 0.212445 0.008652 2.310256
0.717468 0.025546 0.023585 0.011934 0.000555 0.212252 0.008661 2.312721
0.717678 0.025471 0.023607 0.011962 0.000552 0.212065 0.008665 2.315263
0.717879 0.025420 0.023562 0.011952 0.000548 0.211968 0.008670 2.317746
0.718051 0.025425 0.023513 0.011965 0.000546 0.211824 0.008676 2.320192
0.718181 0.025378 0.023537 0.011979 0.000545 0.211697 0.008683 2.322720
0.718455 0.025298 0.023508 0.012001 0.000549 0.211498 0.008691 2.325218
0.718666 0.025309 0.023490 0.011975 0.000546 0.211320 0.008696 2.327677
0.718879 0.025314 0.023380 0.011955 0.000544 0.211226 0.008703 2.330135
0.719020 0.025302 0.023339 0.011932 0.000540 0.211158 0.008710 2.332592
0.719217 0.025253 0.023307 0.011923 0.000546 0.211039 0.008716 2.335072
0.719358 0.025231 0.023292 0.011943 0.000538 0.210915 0.008723 2.337562
0.719479 0.025253 0.023301 0.011914 0.000532 0.210795 0.008728 2.340027
0.719577 0.025340 0.023296 0.011875 0.000530 0.210649 0.008733 2.342458
0.719761 0.025253 0.023342 0.011887 0.000535 0.210485 0.008737 2.344986
0.720001 0.025129 0.023280 0.011897 0.000534 0.210417 0.008741 2.347517
0.720064 0.025191 0.023239 0.011918 0.000537 0.210306 0.008745 2.349984
0.720290 0.025115 0.023247 0.011905 0.000529 0.210163 0.008752 2.352481
0.720454 0.025151 0.023267 0.011914 0.000522 0.209936 0.008756 2.354961
0.720554 0.025157 0.023200 0.011938 0.000516 0.209873 0.008763 2.357448
0.720699 0.025199 0.023226 0.011953 0.000517 0.209635 0.008771 2.359905
0.720814 0.025221 0.023190 0.011980 0.000520 0.209501 0.008775 2.362383
0.721025 0.025238 0.023157 0.011949 0.000514 0.209339 0.008779 2.364817
0.721237 0.025182 0.023157 0.011954 0.000515 0.209174 0.008781 2.367275
0.721372 0.025120 0.023178 0.011927 0.000516 0.209102 0.008786 2.369771
0.721607 0.025147 0.023108 0.011866 0.000518 0.208963 0.008791 2.372166
0.721711 0.025115 0.023126 0.011861 0.000516 0.208875 0.008796 2.374703
0.721909 0.025009 0.023121 0.011848 0.000518 0.208791 0.008802 2.377209
0.722027 0.024986 0.023133 0.011834 0.000526 0.208688 0.008807 2.379690
0.722190 0.024954 0.023114 0.011824 0.000515 0.208588 0.008815 2.382170
0.722324 0.025075 0.023007 0.011800 0.000515 0.208455 0.008823 2.384554
0.722402 0.025128 0.022978 0.011803 0.000507 0.208353 0.008829 2.387007
0.722470 0.025199 0.022982 0.011819 0.000502 0.208192 0.008835 2.389485
0.722518 0.025179 0.022961 0.011883 0.000499 0.208119 0.008841 2.392027
0.722566 0.025175 0.023000 0.011882 0.000491 0.208037 0.008848 2.394544
0.722659 0.025110 0.022998 0.011907 0.000491 0.207983 0.008851 2.397056
0.722830 0.025112 0.022993 0.011962 0.000497 0.207750 0.008855 2.399558
0.722998 0.025048 0.023023 0.011933 0.000497 0.207640 0.008860 2.402051
0.723076 0.025056 0.022973 0.011917 0.000495 0.207615 0.008869 2.404486
0.723245 0.025069 0.022945 0.011855 0.000497 0.207513 0.008874 2.406928
0.723395 0.025003 0.022977 0.011875 0.000501 0.207369 0.008880 2.409420
0.723576 0.024964 0.022942 0.011878 0.000501 0.207254 0.008885 2.411880
0.723699 0.024953 0.022946 0.011864 0.000501 0.207148 0.008889 2.414329
0.723848 0.024919 0.022960 0.011856 0.000510 0.207015 0.008894 2.416792
0.724026 0.024861 0.022982 0.011883 0.000505 0.206842 0.008902 2.419282
0.724172 0.024835 0.022904 0.011879 0.000502 0.206801 0.008906 2.421754
0.724283 0.024902 0.022893 0.011845 0.000504 0.206663 0.008910 2.424153
0.724457 0.024865 0.022874 0.011801 0.000508 0.206584 0.008912 2.426592
0.724632 0.024935 0.022855 0.011785 0.000511 0.206366 0.008916 2.428982
0.724704 0.024904 0.022888 0.011756 0.000514 0.206313 0.008922 2.431466
0.724762 0.024946 0.022874 0.011729 0.000506 0.206259 0.008925 2.433960
0.724921 0.024947 0.022863 0.011735 0.000499 0.206107 0.008929 2.436397
0.725136 0.024990 0.022780 0.011725 0.000502 0.205933 0.008934 2.438787
0.725285 0.024922 0.022822 0.011763 0.000507 0.205763 0.008939 2.441255
0.725421 0.024973 0.022847 0.011768 0.000510 0.205537 0.008943 2.443723
0.725550 0.025019 0.022774 0.011746 0.000508 0.205453 0.008950 2.446098
0.725729 0.025009 0.022744 0.011732 0.000507 0.205326 0.008954 2.448497
0.725761 0.025081 0.022715 0.011704 0.000510 0.205271 0.008958 2.450922
0.725848 0.025151 0.022691 0.011689 0.000515 0.205144 0.008962 2.453366
0.725975 0.025123 0.022715 0.011664 0.000512 0.205041 0.008969 2.455857
0.726043 0.025182 0.022736 0.011660 0.000519 0.204890 0.008972 2.458278
0.726100 0.025167 0.022773 0.011680 0.000518 0.204781 0.008980 2.460741
0.726201 0.025141 0.022698 0.011673 0.000524 0.204782 0.008983 2.463188
0.726308 0.025101 0.022705 0.011634 0.000522 0.204744 0.008987 2.465656
0.726384 0.025056 0.022670 0.011660 0.000523 0.204715 0.008991 2.468112
0.726493 0.025069 0.022582 0.011669 0.000527 0.204664 0.008996 2.470551
0.726625 0.025044 0.022604 0.011663 0.000529 0.204535 0.009000 2.472991
0.726745 0.025073 0.022606 0.011688 0.000532 0.204354 0.009004 2.475453
0.726876 0.025067 0.022570 0.011674 0.000534 0.204271 0.009009 2.477900
0.726999 0.025072 0.022581 0.011679 0.000528 0.204127 0.009014 2.480349
0.727016 0.025094 0.022602 0.011643 0.000533 0.204093 0.009019 2.482815
0.727184 0.025147 0.022605 0.011658 0.000531 0.203852 0.009023 2.485235
0.727199 0.025113 0.022635 0.011688 0.000527 0.203808 0.009030 2.487752
0.727207 0.025092 0.022692 0.011706 0.000522 0.203748 0.009033 2.490240
0.727258 0.025094 0.022677 0.011676 0.000522 0.203736 0.009038 2.492700
0.727336 0.025004 0.022697 0.011701 0.000523 0.203696 0.009042 2.495237
0.727469 0.024973 0.022686 0.011701 0.000525 0.203599 0.009047 2.497705
0.727625 0.024922 0.022727 0.011693 0.000527 0.203454 0.009053 2.500183
0.727652 0.025065 0.022708 0.011631 0.000531 0.203357 0.009056 2.502597
0.727754 0.025115 0.022743 0.011594 0.000524 0.203208 0.009062 2.505039
0.727818 0.025119 0.022755 0.011622 0.000514 0.203102 0.009069 2.507518
0.727903 0.025107 0.022824 0.011641 0.000511 0.202938 0.009075 2.510018
0.727940 0.025137 0.022919 0.011623 0.000513 0.202790 0.009079 2.512494
0.728006 0.025186 0.022861 0.011665 0.000516 0.202686 0.009082 2.514941
0.728045 0.025224 0.022882 0.011683 0.000515 0.202567 0.009085 2.517449
0.728063 0.025236 0.022897 0.011680 0.000512 0.202517 0.009095 2.519936
0.728138 0.025215 0.022958 0.011670 0.000511 0.202407 0.009100 2.522460
0.728128 0.025268 0.023000 0.011695 0.000511 0.202294 0.009103 2.524944
0.728198 0.025233 0.023003 0.011708 0.000514 0.202237 0.009109 2.527447
0.728182 0.025344 0.022989 0.011685 0.000515 0.202171 0.009115 2.529916
0.728154 0.025486 0.023016 0.011701 0.000517 0.202006 0.009122 2.532374
0.728105 0.025538 0.022988 0.011722 0.000519 0.202004 0.009125 2.534885
0.728087 0.025497 0.022985 0.011700 0.000522 0.202080 0.009129 2.537386
0.728209 0.025502 0.023042 0.011698 0.000516 0.201900 0.009134 2.539890
0.728133 0.025542 0.023069 0.011703 0.000518 0.201897 0.009139 2.542412
0.728189 0.025499 0.023032 0.011729 0.000515 0.201891 0.009145 2.544948
0.728269 0.025452 0.023046 0.011769 0.000506 0.201808 0.009150 2.547513
0.728287 0.025479 0.023019 0.011738 0.000499 0.201821 0.009156 2.549999
0.728239 0.025444 0.023083 0.011771 0.000498 0.201803 0.009162 2.552567
0.728299 0.025444 0.023079 0.011790 0.000505 0.201718 0.009165 2.555061
0.728236 0.025493 0.023006 0.011822 0.000514 0.201759 0.009170 2.557554
0.728150 0.025552 0.023064 0.011833 0.000513 0.201714 0.009175 2.560072
0.728139 0.025577 0.023098 0.011841 0.000509 0.201654 0.009182 2.562585
0.728168 0.025565 0.023131 0.011859 0.000517 0.201572 0.009187 2.565114
0.728193 0.025682 0.023055 0.011839 0.000515 0.201525 0.009192 2.567525
0.728194 0.025707 0.023064 0.011852 0.000519 0.201467 0.009199 2.570064
0.728216 0.025657 0.023106 0.011834 0.000522 0.201460 0.009204 2.572605
0.728178 0.025769 0.023037 0.011864 0.000517 0.201429 0.009209 2.575056
0.728138 0.025820 0.023095 0.011859 0.000517 0.201359 0.009213 2.577602
0.728169 0.025863 0.023098 0.011853 0.000515 0.201284 0.009219 2.580086
0.728148 0.025846 0.023113 0.011868 0.000512 0.201289 0.009225 2.582645
0.728041 0.025932 0.023072 0.011921 0.000514 0.201289 0.009231 2.585181
0.727892 0.025987 0.023062 0.011950 0.000513 0.201361 0.009235 2.587727
0.727941 0.025902 0.023047 0.011983 0.000509 0.201379 0.009241 2.590312
0.727813 0.025902 0.023134 0.012013 0.000505 0.201384 0.009249 2.592899
0.727789 0.025922 0.023166 0.011996 0.000502 0.201369 0.009255 2.595407
0.727713 0.026010 0.023163 0.012016 0.000505 0.201335 0.009258 2.597920
0.727635 0.025998 0.023185 0.012035 0.000507 0.201379 0.009262 2.600487
0.727660 0.025869 0.023208 0.012109 0.000505 0.201380 0.009268 2.603141
0.727559 0.025960 0.023179 0.012099 0.000503 0.201427 0.009271 2.605668
0.727560 0.025964 0.023271 0.012093 0.000499 0.201336 0.009279 2.608204
0.727531 0.025987 0.023263 0.012106 0.000499 0.201330 0.009283 2.610759
0.727503 0.026029 0.023287 0.012095 0.000505 0.201295 0.009286 2.613294
0.727419 0.026091 0.023274 0.012096 0.000502 0.201327 0.009292 2.615823
0.727292 0.026093 0.023310 0.012143 0.000495 0.201370 0.009295 2.618406
0.727260 0.026100 0.023312 0.012157 0.000494 0.201376 0.009301 2.620988
0.727215 0.026191 0.023331 0.012155 0.000495 0.201308 0.009306 2.623487
0.727222 0.026140 0.023338 0.012116 0.000503 0.201371 0.009311 2.626065
0.727289 0.026078 0.023391 0.012085 0.000501 0.201339 0.009318 2.628649
0.727335 0.026017 0.023369 0.012106 0.000497 0.201352 0.009324 2.631196
0.727251 0.025965 0.023402 0.012105 0.000499 0.201450 0.009327 2.633778
0.727231 0.025969 0.023420 0.012066 0.000494 0.201490 0.009331 2.636300
0.727227 0.025935 0.023401 0.012090 0.000491 0.201520 0.009337 2.638858
0.727237 0.025875 0.023408 0.012099 0.000484 0.201553 0.009345 2.641438
0.727152 0.026084 0.023349 0.012059 0.000486 0.201522 0.009348 2.643861
0.727131 0.026099 0.023346 0.012033 0.000491 0.201545 0.009355 2.646379
0.727199 0.026010 0.023415 0.012077 0.000493 0.201446 0.009360 2.648956
0.727175 0.026037 0.023397 0.012087 0.000493 0.201444 0.009367 2.651477
0.727169 0.026021 0.023392 0.012087 0.000496 0.201463 0.009372 2.654006
0.727080 0.025967 0.023420 0.012110 0.000499 0.201548 0.009377 2.656606
0.726953 0.025955 0.023480 0.012081 0.000498 0.201651 0.009382 2.659204
0.726886 0.025930 0.023480 0.012094 0.000503 0.201722 0.009385 2.661779
0.726783 0.026002 0.023466 0.012113 0.000512 0.201735 0.009390 2.664322
0.726763 0.025969 0.023514 0.012118 0.000517 0.201721 0.009397 2.666924
0.726745 0.025947 0.023508 0.012068 0.000523 0.201807 0.009402 2.669471
0.726724 0.025999 0.023519 0.012076 0.000523 0.201753 0.009407 2.671990
0.726788 0.026024 0.023535 0.012077 0.000516 0.201647 0.009412 2.674504
0.726810 0.026029 0.023528 0.012074 0.000511 0.201631 0.009418 2.677023
0.726858 0.026032 0.023447 0.012064 0.000513 0.201664 0.009422 2.679535
0.726892 0.025984 0.023560 0.012024 0.000514 0.201601 0.009425 2.682134
0.726802 0.026064 0.023549 0.011991 0.000508 0.201654 0.009431 2.684642
0.726801 0.025984 0.023553 0.012032 0.000507 0.201685 0.009437 2.687238
0.726751 0.025964 0.023540 0.012075 0.000508 0.201721 0.009442 2.689803
0.726719 0.026006 0.023481 0.012100 0.000509 0.201737 0.009448 2.692310
0.726701 0.026004 0.023479 0.012028 0.000511 0.201827 0.009450 2.694818
0.726713 0.026025 0.023543 0.012036 0.000519 0.201708 0.009455 2.697380
0.726723 0.025985 0.023532 0.012059 0.000515 0.201727 0.009460 2.699935
0.726689 0.025998 0.023505 0.012086 0.000514 0.201743 0.009465 2.702504
0.726711 0.025920 0.023495 0.012062 0.000517 0.201823 0.009474 2.705100
0.726730 0.025883 0.023487 0.012069 0.000516 0.201836 0.009480 2.707665
0.726723 0.025886 0.023481 0.012060 0.000510 0.201856 0.009486 2.710177
0.726728 0.025864 0.023441 0.012085 0.000516 0.201875 0.009490 2.712735
0.726733 0.025821 0.023445 0.012061 0.000510 0.201934 0.009497 2.715272
0.726752 0.025785 0.023461 0.012033 0.000516 0.201951 0.009502 2.717809
0.726708 0.025838 0.023441 0.012031 0.000517 0.201959 0.009506 2.720329
0.726729 0.025847 0.023383 0.012022 0.000517 0.201989 0.009512 2.722804
0.726688 0.025883 0.023372 0.012066 0.000510 0.201961 0.009520 2.725347
0.726712 0.025889 0.023326 0.012084 0.000507 0.201956 0.009527 2.727836
0.726688 0.025917 0.023373 0.012054 0.000509 0.201927 0.009533 2.730389
0.726681 0.025956 0.023402 0.012090 0.000513 0.201821 0.009537 2.732921
0.726668 0.025991 0.023389 0.012066 0.000511 0.201835 0.009541 2.735428
0.726699 0.025978 0.023384 0.012045 0.000512 0.201838 0.009545 2.737960
0.726692 0.026026 0.023355 0.011995 0.000511 0.201870 0.009551 2.740459
0.726647 0.026062 0.023375 0.011975 0.000502 0.201880 0.009558 2.742986
0.726663 0.026042 0.023360 0.011989 0.000499 0.201884 0.009563 2.745541
0.726646 0.025980 0.023328 0.011989 0.000499 0.201991 0.009568 2.748127
0.726576 0.026036 0.023354 0.011945 0.000498 0.202017 0.009573 2.750659
0.726436 0.026095 0.023336 0.011935 0.000507 0.202117 0.009575 2.753203
0.726449 0.026068 0.023388 0.011915 0.000508 0.202093 0.009579 2.755769
0.726494 0.026093 0.023402 0.011963 0.000506 0.201958 0.009585 2.758276
0.726473 0.026023 0.023468 0.011980 0.000509 0.201957 0.009590 2.760900
0.726446 0.026014 0.023462 0.011966 0.000512 0.202004 0.009597 2.763431
0.726426 0.026047 0.023471 0.011994 0.000510 0.201949 0.009604 2.765973
0.726359 0.025981 0.023539 0.012015 0.000514 0.201983 0.009608 2.768575
0.726314 0.026078 0.023509 0.011993 0.000522 0.201974 0.009610 2.771080
0.726255 0.026103 0.023516 0.012020 0.000524 0.201969 0.009613 2.773622
0.726297 0.025974 0.023589 0.012057 0.000521 0.201942 0.009620 2.776235
0.726217 0.025955 0.023560 0.012064 0.000521 0.202057 0.009626 2.778778
0.726335 0.025914 0.023496 0.012053 0.000515 0.202053 0.009634 2.781288
0.726344 0.025890 0.023513 0.012053 0.000507 0.202052 0.009640 2.783854
0.726300 0.025959 0.023510 0.012014 0.000507 0.202064 0.009647 2.786390
0.726310 0.025889 0.023533 0.012008 0.000509 0.202101 0.009650 2.788963
0.726302 0.025918 0.023564 0.011977 0.000505 0.202078 0.009655 2.791492
0.726274 0.025852 0.023646 0.011970 0.000511 0.202087 0.009660 2.794106
0.726248 0.025870 0.023604 0.011950 0.000510 0.202153 0.009665 2.796645
0.726279 0.025905 0.023614 0.011956 0.000512 0.202062 0.009671 2.799136
0.726224 0.026014 0.023582 0.011946 0.000517 0.202040 0.009677 2.801639
0.726340 0.025923 0.023649 0.011957 0.000515 0.201930 0.009684 2.804200
0.726274 0.025922 0.023648 0.011966 0.000516 0.201983 0.009691 2.806740
0.726304 0.025943 0.023654 0.011947 0.000513 0.201940 0.009699 2.809279
0.726348 0.025888 0.023676 0.011933 0.000517 0.201935 0.009705 2.811839
0.726336 0.025892 0.023593 0.011911 0.000527 0.202034 0.009708 2.814344
0.726240 0.025919 0.023578 0.011947 0.000520 0.202082 0.009713 2.816893
0.726265 0.025870 0.023597 0.011919 0.000521 0.202110 0.009718 2.819431
0.726202 0.025880 0.023618 0.011928 0.000526 0.202122 0.009724 2.821999
0.726262 0.025832 0.023577 0.011943 0.000518 0.202141 0.009726 2.824538
0.726264 0.025888 0.023541 0.011936 0.000512 0.202127 0.009732 2.827049
0.726206 0.025888 0.023477 0.011901 0.000518 0.202272 0.009738 2.829563
0.726241 0.025895 0.023418 0.011898 0.000513 0.202286 0.009750 2.832070
0.726267 0.025805 0.023472 0.011944 0.000513 0.202242 0.009756 2.834660
0.726303 0.025790 0.023480 0.011956 0.000514 0.202197 0.009759 2.837176
0.726309 0.025781 0.023458 0.011959 0.000522 0.202206 0.009765 2.839694
0.726339 0.025733 0.023495 0.011938 0.000526 0.202199 0.009770 2.842236
0.726386 0.025662 0.023520 0.011957 0.000525 0.202173 0.009778 2.844824
0.726378 0.025750 0.023491 0.011961 0.000525 0.202110 0.009784 2.847320
0.726373 0.025675 0.023533 0.011972 0.000527 0.202134 0.009786 2.849891
0.726404 0.025552 0.023618 0.012011 0.000530 0.202094 0.009791 2.852505
0.726445 0.025547 0.023673 0.012024 0.000523 0.201992 0.009797 2.855058
0.726471 0.025505 0.023629 0.012034 0.000515 0.202044 0.009803 2.857578
0.726563 0.025428 0.023615 0.011997 0.000509 0.202082 0.009806 2.860109
0.726612 0.025442 0.023593 0.012001 0.000509 0.202030 0.009812 2.862574
0.726618 0.025472 0.023565 0.011988 0.000517 0.202026 0.009815 2.865075
0.726611 0.025417 0.023547 0.012002 0.000523 0.202078 0.009821 2.867630
0.726676 0.025383 0.023484 0.012003 0.000528 0.202102 0.009824 2.870148
0.726742 0.025326 0.023531 0.012014 0.000523 0.202033 0.009831 2.872692
0.726759 0.025375 0.023500 0.011973 0.000524 0.202033 0.009836 2.875178
0.726742 0.025401 0.023523 0.011947 0.000525 0.202023 0.009839 2.877673
0.726730 0.025420 0.023453 0.011928 0.000522 0.202101 0.009847 2.880118
0.726844 0.025304 0.023445 0.011912 0.000522 0.202121 0.009853 2.882679
0.726908 0.025324 0.023364 0.011904 0.000522 0.202120 0.009857 2.885120
0.726904 0.025355 0.023368 0.011861 0.000518 0.202132 0.009863 2.887583
0.726886 0.025390 0.023302 0.011866 0.000517 0.202171 0.009868 2.890065
0.726987 0.025471 0.023192 0.011791 0.000521 0.202167 0.009872 2.892485
0.726925 0.025550 0.023179 0.011766 0.000520 0.202185 0.009875 2.894964
0.726917 0.025607 0.023168 0.011744 0.000516 0.202170 0.009878 2.897441
0.727024 0.025576 0.023170 0.011723 0.000518 0.202106 0.009883 2.899929
0.726926 0.025685 0.023181 0.011734 0.000520 0.202067 0.009887 2.902412
0.726942 0.025592 0.023235 0.011795 0.000522 0.202021 0.009892 2.905028
0.726938 0.025667 0.023193 0.011788 0.000517 0.201998 0.009899 2.907480
0.727039 0.025650 0.023178 0.011783 0.000518 0.201930 0.009902 2.909994
0.726969 0.025708 0.023206 0.011787 0.000516 0.201908 0.009907 2.912503
0.726989 0.025656 0.023211 0.011820 0.000522 0.201890 0.009912 2.915039
0.726946 0.025659 0.023281 0.011802 0.000520 0.201873 0.009919 2.917586
0.726941 0.025691 0.023251 0.011789 0.000518 0.201886 0.009925 2.920113
0.726950 0.025701 0.023247 0.011792 0.000514 0.201867 0.009929 2.922605
0.726982 0.025681 0.023282 0.011832 0.000511 0.201780 0.009932 2.925158
0.727096 0.025637 0.023285 0.011871 0.000509 0.201667 0.009935 2.927671
0.727074 0.025628 0.023246 0.011903 0.000507 0.201703 0.009940 2.930195
0.727072 0.025628 0.023234 0.011900 0.000507 0.201713 0.009945 2.932718
0.727101 0.025653 0.023250 0.011867 0.000510 0.201667 0.009951 2.935202
0.727090 0.025662 0.023260 0.011857 0.000505 0.201671 0.009955 2.937712
0.727062 0.025655 0.023324 0.011875 0.000501 0.201621 0.009962 2.940261
0.727102 0.025646 0.023310 0.011897 0.000493 0.201582 0.009969 2.942783
0.727121 0.025656 0.023245 0.011891 0.000486 0.201628 0.009973 2.945258
0.727117 0.025707 0.023265 0.011881 0.000481 0.201570 0.009978 2.947757
0.727046 0.025748 0.023295 0.011856 0.000482 0.201592 0.009982 2.950268
0.727004 0.025815 0.023312 0.011868 0.000483 0.201533 0.009986 2.952762
0.726991 0.025808 0.023365 0.011863 0.000478 0.201503 0.009991 2.955315
0.726850 0.025929 0.023354 0.011907 0.000483 0.201482 0.009995 2.957816
0.726829 0.025982 0.023366 0.011918 0.000484 0.201421 0.009999 2.960359
0.726845 0.026021 0.023343 0.011947 0.000484 0.201357 0.010004 2.962813
0.726810 0.025973 0.023327 0.011939 0.000482 0.201459 0.010008 2.965376
0.726772 0.025994 0.023311 0.011907 0.000487 0.201518 0.010013 2.967878
0.726885 0.025872 0.023343 0.011960 0.000488 0.201437 0.010015 2.970448
0.726938 0.025859 0.023338 0.011965 0.000487 0.201393 0.010020 2.972973
0.726922 0.025836 0.023395 0.012006 0.000490 0.201328 0.010024 2.975552
