0.338543 0.062723 0.056268 0.032655 0.002124 0.501413 0.006274 1.648210
0.340472 0.060991 0.056130 0.032535 0.002136 0.501441 0.006295 1.654305
0.342901 0.058956 0.055892 0.032261 0.002139 0.501528 0.006324 1.660202
0.345703 0.056832 0.055589 0.031941 0.002130 0.501448 0.006357 1.665840
0.348753 0.054573 0.055183 0.031656 0.002135 0.501320 0.006381 1.671379
0.351970 0.052469 0.054648 0.031227 0.002134 0.501144 0.006408 1.676609
0.355136 0.050448 0.054063 0.030704 0.002123 0.501085 0.006442 1.681666
0.358552 0.048403 0.053401 0.030179 0.002118 0.500876 0.006472 1.686511
0.362023 0.046564 0.052608 0.029600 0.002098 0.500608 0.006500 1.691110
0.365654 0.044773 0.051743 0.029035 0.002081 0.500188 0.006527 1.695518
0.369387 0.043039 0.050931 0.028529 0.002073 0.499487 0.006553 1.699821
0.373199 0.041361 0.049982 0.028049 0.002062 0.498764 0.006584 1.703957
0.377159 0.039711 0.048979 0.027443 0.002054 0.498045 0.006609 1.707891
0.381041 0.038216 0.048002 0.026829 0.002051 0.497222 0.006638 1.711707
0.385025 0.036706 0.047026 0.026238 0.002047 0.496296 0.006664 1.715427
0.389019 0.035413 0.045905 0.025604 0.002035 0.495331 0.006694 1.718913
0.393073 0.034194 0.044840 0.024968 0.002023 0.494186 0.006717 1.722293
0.397187 0.032953 0.043936 0.024407 0.002001 0.492772 0.006746 1.725674
0.401273 0.031786 0.042887 0.023817 0.001984 0.491480 0.006774 1.728885
0.405435 0.030688 0.041832 0.023182 0.001964 0.490105 0.006795 1.731961
0.409688 0.029602 0.040823 0.022613 0.001939 0.488515 0.006820 1.734968
0.413757 0.028684 0.039841 0.021933 0.001928 0.487019 0.006839 1.737818
0.418042 0.027784 0.038814 0.021358 0.001907 0.485230 0.006865 1.740619
0.422331 0.026911 0.037817 0.020762 0.001885 0.483408 0.006888 1.743343
0.426482 0.026093 0.036869 0.020155 0.001857 0.481632 0.006912 1.745938
0.430656 0.025374 0.035976 0.019578 0.001825 0.479655 0.006937 1.748474
0.434921 0.024647 0.035045 0.019067 0.001798 0.477562 0.006960 1.750912
0.439152 0.023965 0.034148 0.018576 0.001770 0.475408 0.006981 1.753281
0.443390 0.023319 0.033277 0.018030 0.001757 0.473230 0.006998 1.755628
0.447687 0.022741 0.032439 0.017506 0.001714 0.470890 0.007022 1.757886
0.451940 0.022198 0.031579 0.017026 0.001679 0.468534 0.007044 1.760099
0.456047 0.021731 0.030772 0.016537 0.001647 0.466202 0.007064 1.762231
0.460307 0.021249 0.029939 0.016106 0.001621 0.463694 0.007084 1.764295
0.464511 0.020773 0.029123 0.015726 0.001580 0.461180 0.007107 1.766338
0.468738 0.020354 0.028397 0.015280 0.001552 0.458553 0.007127 1.768320
0.472970 0.019975 0.027623 0.014831 0.001521 0.455926 0.007154 1.770250
0.477158 0.019566 0.026902 0.014426 0.001499 0.453279 0.007171 1.772171
0.481292 0.019190 0.026230 0.014111 0.001475 0.450519 0.007184 1.774086
0.485372 0.018802 0.025590 0.013720 0.001451 0.447861 0.007202 1.775926
0.489446 0.018433 0.024919 0.013427 0.001429 0.445126 0.007220 1.777746
0.493524 0.018090 0.024318 0.013108 0.001401 0.442321 0.007239 1.779549
0.497572 0.017740 0.023752 0.012783 0.001373 0.439521 0.007259 1.781313
0.501628 0.017472 0.023236 0.012473 0.001352 0.436567 0.007272 1.783023
0.505678 0.017195 0.022707 0.012169 0.001314 0.433648 0.007291 1.784751
0.509622 0.016956 0.022236 0.011887 0.001279 0.430714 0.007307 1.786433
0.513577 0.016753 0.021713 0.011594 0.001257 0.427784 0.007322 1.788056
0.517476 0.016573 0.021132 0.011400 0.001221 0.424855 0.007342 1.789662
0.521412 0.016370 0.020683 0.011180 0.001202 0.421793 0.007360 1.791290
0.525257 0.016108 0.020300 0.010977 0.001180 0.418801 0.007379 1.792926
0.529100 0.015928 0.019872 0.010718 0.001155 0.415836 0.007393 1.794467
0.532904 0.015776 0.019465 0.010468 0.001129 0.412846 0.007412 1.796001
0.536717 0.015618 0.019101 0.010281 0.001101 0.409753 0.007429 1.797527
0.540410 0.015436 0.018821 0.010088 0.001082 0.406724 0.007439 1.799079
0.544190 0.015242 0.018481 0.009866 0.001060 0.403707 0.007455 1.800607
0.547849 0.015064 0.018075 0.009660 0.001030 0.400851 0.007473 1.802096
0.551563 0.014892 0.017760 0.009460 0.001008 0.397830 0.007487 1.803563
0.555183 0.014720 0.017485 0.009300 0.000985 0.394827 0.007502 1.805046
0.558701 0.014596 0.017240 0.009148 0.000954 0.391843 0.007518 1.806543
0.562165 0.014496 0.016973 0.009018 0.000930 0.388888 0.007531 1.807964
0.565687 0.014457 0.016699 0.008886 0.000905 0.385822 0.007545 1.809383
0.569126 0.014370 0.016462 0.008753 0.000885 0.382852 0.007553 1.810796
0.572582 0.014256 0.016234 0.008605 0.000861 0.379898 0.007565 1.812193
0.575890 0.014236 0.015994 0.008456 0.000845 0.377006 0.007574 1.813574
0.579278 0.014174 0.015781 0.008296 0.000832 0.374057 0.007582 1.814959
0.582624 0.014101 0.015574 0.008198 0.000819 0.371093 0.007591 1.816361
0.585898 0.014060 0.015368 0.008069 0.000801 0.368202 0.007602 1.817760
0.589137 0.013979 0.015192 0.007966 0.000786 0.365329 0.007610 1.819171
0.592328 0.013936 0.015013 0.007851 0.000778 0.362475 0.007620 1.820553
0.595514 0.013916 0.014886 0.007738 0.000767 0.359550 0.007628 1.821941
0.598538 0.013908 0.014765 0.007654 0.000749 0.356749 0.007637 1.823291
0.601644 0.013857 0.014633 0.007574 0.000731 0.353911 0.007651 1.824665
0.604646 0.013848 0.014469 0.007516 0.000715 0.351145 0.007660 1.826029
0.607597 0.013820 0.014354 0.007410 0.000701 0.348450 0.007669 1.827401
0.610531 0.013875 0.014201 0.007367 0.000686 0.345665 0.007675 1.828758
0.613438 0.013971 0.014006 0.007278 0.000670 0.342951 0.007686 1.830023
0.616322 0.013989 0.013902 0.007231 0.000663 0.340199 0.007694 1.831390
0.619200 0.014069 0.013826 0.007195 0.000655 0.337353 0.007704 1.832740
0.621935 0.014114 0.013761 0.007147 0.000642 0.334688 0.007712 1.834130
0.624740 0.014109 0.013688 0.007091 0.000623 0.332029 0.007720 1.835544
0.627521 0.014085 0.013703 0.007057 0.000606 0.329303 0.007725 1.836983
0.630164 0.014159 0.013639 0.007021 0.000588 0.326692 0.007737 1.838341
0.632745 0.014192 0.013557 0.006991 0.000577 0.324195 0.007743 1.839741
0.635382 0.014279 0.013470 0.006934 0.000570 0.321617 0.007749 1.841097
0.637951 0.014349 0.013452 0.006934 0.000565 0.318994 0.007755 1.842499
0.640484 0.014416 0.013430 0.006912 0.000556 0.316440 0.007762 1.843870
0.643004 0.014427 0.013449 0.006913 0.000540 0.313896 0.007771 1.845300
0.645374 0.014450 0.013447 0.006916 0.000533 0.311504 0.007776 1.846775
0.647749 0.014498 0.013467 0.006912 0.000522 0.309070 0.007782 1.848205
0.650114 0.014601 0.013506 0.006885 0.000513 0.306591 0.007788 1.849630
0.652403 0.014697 0.013488 0.006856 0.000503 0.304263 0.007792 1.851078
0.654675 0.014733 0.013463 0.006866 0.000493 0.301973 0.007797 1.852511
0.656892 0.014788 0.013485 0.006848 0.000488 0.299695 0.007803 1.853966
0.659043 0.014884 0.013482 0.006858 0.000479 0.297448 0.007807 1.855434
0.661120 0.015000 0.013501 0.006884 0.000470 0.295213 0.007813 1.856912
0.663298 0.015050 0.013512 0.006883 0.000458 0.292979 0.007820 1.858410
0.665310 0.015174 0.013510 0.006875 0.000448 0.290855 0.007827 1.859872
0.667382 0.015319 0.013455 0.006906 0.000435 0.288673 0.007830 1.861308
0.669369 0.015428 0.013485 0.006913 0.000428 0.286541 0.007835 1.862801
0.671213 0.015484 0.013468 0.006981 0.000424 0.284588 0.007841 1.864380
0.673096 0.015600 0.013527 0.007040 0.000420 0.282472 0.007845 1.865915
0.674986 0.015693 0.013612 0.007059 0.000414 0.280385 0.007850 1.867480
0.676785 0.015809 0.013663 0.007108 0.000407 0.278374 0.007853 1.869059
0.678485 0.015954 0.013790 0.007154 0.000403 0.276356 0.007857 1.870648
0.680218 0.016082 0.013826 0.007155 0.000401 0.274459 0.007860 1.872229
0.681920 0.016227 0.013869 0.007169 0.000396 0.272554 0.007865 1.873842
0.683573 0.016436 0.013880 0.007190 0.000387 0.270663 0.007870 1.875373
0.685162 0.016608 0.013938 0.007196 0.000385 0.268833 0.007877 1.876972
0.686659 0.016795 0.014044 0.007234 0.000383 0.267002 0.007883 1.878579
0.688102 0.017031 0.014144 0.007296 0.000372 0.265168 0.007886 1.880244
0.689585 0.017118 0.014241 0.007383 0.000369 0.263412 0.007891 1.881971
0.690960 0.017334 0.014384 0.007414 0.000360 0.261651 0.007897 1.883647
0.692302 0.017542 0.014458 0.007474 0.000361 0.259965 0.007898 1.885355
0.693596 0.017718 0.014555 0.007521 0.000360 0.258348 0.007902 1.887066
0.694953 0.017890 0.014632 0.007541 0.000361 0.256718 0.007905 1.888778
0.696333 0.018074 0.014713 0.007588 0.000358 0.255026 0.007908 1.890524
0.697641 0.018196 0.014793 0.007659 0.000362 0.253438 0.007910 1.892296
0.698886 0.018381 0.014878 0.007714 0.000362 0.251866 0.007914 1.894059
0.699938 0.018637 0.014990 0.007771 0.000365 0.250381 0.007918 1.895854
0.701073 0.018804 0.015151 0.007863 0.000356 0.248829 0.007922 1.897745
0.702166 0.018893 0.015369 0.007946 0.000354 0.247346 0.007926 1.899666
0.703189 0.019005 0.015581 0.008020 0.000355 0.245922 0.007929 1.901590
0.704139 0.019150 0.015732 0.008083 0.000359 0.244606 0.007932 1.903487
0.705149 0.019315 0.015852 0.008176 0.000359 0.243211 0.007937 1.905382
0.706153 0.019474 0.015970 0.008246 0.000359 0.241858 0.007940 1.907299
0.707119 0.019671 0.016045 0.008284 0.000355 0.240581 0.007946 1.909201
0.707982 0.019947 0.016125 0.008355 0.000357 0.239286 0.007949 1.911094
0.708783 0.020140 0.016303 0.008417 0.000358 0.238046 0.007953 1.913055
0.709512 0.020359 0.016446 0.008429 0.000368 0.236929 0.007957 1.915009
0.710191 0.020553 0.016623 0.008543 0.000362 0.235764 0.007964 1.917069
0.710927 0.020845 0.016711 0.008616 0.000363 0.234572 0.007967 1.919056
0.711648 0.021041 0.016832 0.008718 0.000369 0.233422 0.007969 1.921095
0.712197 0.021287 0.016988 0.008800 0.000365 0.232389 0.007973 1.923134
0.712605 0.021585 0.017136 0.008892 0.000362 0.231444 0.007975 1.925246
0.713147 0.021851 0.017261 0.008937 0.000363 0.230463 0.007977 1.927361
0.713615 0.022095 0.017432 0.009050 0.000360 0.229463 0.007984 1.929523
0.714100 0.022353 0.017539 0.009144 0.000358 0.228515 0.007991 1.931680
0.714557 0.022510 0.017750 0.009234 0.000359 0.227597 0.007994 1.933921
0.714963 0.022733 0.017937 0.009298 0.000354 0.226719 0.007997 1.936131
0.715371 0.022935 0.018160 0.009432 0.000348 0.225751 0.008003 1.938401
0.715714 0.023189 0.018349 0.009478 0.000350 0.224914 0.008007 1.940616
0.715996 0.023436 0.018484 0.009592 0.000355 0.224128 0.008010 1.942842
0.716228 0.023644 0.018682 0.009685 0.000359 0.223387 0.008016 1.945157
0.716501 0.023825 0.018851 0.009798 0.000360 0.222649 0.008017 1.947483
0.716628 0.024109 0.018996 0.009894 0.000363 0.221987 0.008022 1.949800
0.716718 0.024346 0.019193 0.010001 0.000367 0.221349 0.008027 1.952178
0.716886 0.024496 0.019425 0.010103 0.000367 0.220693 0.008030 1.954605
0.717050 0.024708 0.019582 0.010190 0.000372 0.220065 0.008032 1.956988
0.717185 0.024944 0.019738 0.010284 0.000372 0.219441 0.008036 1.959407
0.717290 0.025109 0.019956 0.010364 0.000367 0.218874 0.008041 1.961872
0.717388 0.025280 0.020184 0.010450 0.000368 0.218285 0.008046 1.964360
0.717470 0.025499 0.020323 0.010563 0.000367 0.217731 0.008049 1.966820
0.717496 0.025603 0.020503 0.010686 0.000371 0.217287 0.008053 1.969375
0.717515 0.025732 0.020682 0.010799 0.000369 0.216845 0.008058 1.971948
0.717481 0.025927 0.020900 0.010891 0.000370 0.216367 0.008064 1.974518
0.717492 0.026075 0.021041 0.011010 0.000371 0.215944 0.008067 1.977085
0.717424 0.026308 0.021157 0.011071 0.000371 0.215598 0.008071 1.979620
0.717361 0.026506 0.021343 0.011109 0.000377 0.215229 0.008075 1.982182
0.717239 0.026671 0.021584 0.011202 0.000388 0.214837 0.008079 1.984814
0.717138 0.026877 0.021735 0.011288 0.000391 0.214487 0.008084 1.987417
0.716969 0.027076 0.021952 0.011460 0.000387 0.214067 0.008090 1.990103
0.716777 0.027193 0.022188 0.011565 0.000391 0.213792 0.008094 1.992835
0.716602 0.027356 0.022372 0.011673 0.000396 0.213504 0.008097 1.995513
0.716374 0.027586 0.022475 0.011739 0.000395 0.213331 0.008100 1.998170
0.716121 0.027731 0.022647 0.011806 0.000404 0.213189 0.008103 2.000890
0.715942 0.027770 0.022838 0.011926 0.000404 0.213011 0.008108 2.003677
0.715828 0.027822 0.023017 0.011987 0.000411 0.212824 0.008112 2.006406
0.715712 0.027908 0.023137 0.012103 0.000409 0.212618 0.008114 2.009148
0.715539 0.027967 0.023318 0.012164 0.000418 0.212477 0.008118 2.011927
0.715479 0.027973 0.023482 0.012235 0.000418 0.212291 0.008122 2.014708
0.715303 0.028138 0.023625 0.012267 0.000429 0.212113 0.008124 2.017468
0.715058 0.028348 0.023746 0.012335 0.000435 0.211950 0.008128 2.020166
0.714762 0.028451 0.023900 0.012373 0.000438 0.211944 0.008133 2.022998
0.714453 0.028610 0.024014 0.012415 0.000446 0.211927 0.008136 2.025764
0.714217 0.028696 0.024166 0.012558 0.000444 0.211778 0.008143 2.028611
0.713982 0.028853 0.024247 0.012610 0.000450 0.211712 0.008147 2.031364
0.713669 0.028991 0.024389 0.012607 0.000452 0.211740 0.008152 2.034144
0.713460 0.028967 0.024579 0.012704 0.000450 0.211681 0.008159 2.037088
0.713137 0.029114 0.024706 0.012792 0.000455 0.211636 0.008161 2.039922
0.712774 0.029216 0.024872 0.012827 0.000456 0.211687 0.008169 2.042802
0.712556 0.029265 0.024947 0.012911 0.000468 0.211682 0.008171 2.045657
0.712201 0.029305 0.025161 0.012966 0.000477 0.211714 0.008176 2.048590
0.711881 0.029425 0.025183 0.013048 0.000481 0.211805 0.008179 2.051438
0.711559 0.029461 0.025307 0.013100 0.000477 0.211911 0.008186 2.054357
0.711216 0.029638 0.025411 0.013125 0.000475 0.211947 0.008190 2.057221
0.710914 0.029620 0.025565 0.013248 0.000474 0.211985 0.008194 2.060171
0.710562 0.029650 0.025672 0.013252 0.000478 0.212190 0.008197 2.063094
0.710136 0.029784 0.025726 0.013347 0.000483 0.212325 0.008200 2.066004
0.709807 0.029810 0.025828 0.013430 0.000492 0.212431 0.008202 2.068958
0.709424 0.029851 0.025983 0.013441 0.000503 0.212591 0.008207 2.071931
0.709110 0.029975 0.026034 0.013419 0.000501 0.212746 0.008214 2.074821
0.708792 0.030025 0.026118 0.013440 0.000508 0.212896 0.008220 2.077741
0.708510 0.030043 0.026186 0.013474 0.000504 0.213056 0.008226 2.080658
0.708227 0.030137 0.026273 0.013496 0.000507 0.213130 0.008231 2.083559
0.707947 0.030163 0.026333 0.013486 0.000513 0.213322 0.008237 2.086488
0.707631 0.030197 0.026404 0.013528 0.000515 0.213483 0.008242 2.089438
0.707371 0.030271 0.026462 0.013508 0.000517 0.213625 0.008247 2.092357
0.707122 0.030230 0.026590 0.013555 0.000516 0.213736 0.008251 2.095356
0.706835 0.030202 0.026703 0.013564 0.000520 0.213918 0.008257 2.098368
0.706573 0.030259 0.026749 0.013596 0.000523 0.214040 0.008260 2.101276
0.706255 0.030286 0.026823 0.013640 0.000523 0.214209 0.008264 2.104242
0.706022 0.030317 0.026874 0.013642 0.000525 0.214350 0.008270 2.107169
0.705691 0.030346 0.026958 0.013704 0.000524 0.214502 0.008275 2.110144
0.705506 0.030202 0.027066 0.013723 0.000525 0.214699 0.008279 2.113148
0.705221 0.030176 0.027120 0.013755 0.000528 0.214915 0.008285 2.116127
0.704962 0.030170 0.027190 0.013795 0.000527 0.215066 0.008289 2.119130
0.704613 0.030169 0.027193 0.013789 0.000530 0.215408 0.008298 2.122137
0.704391 0.030137 0.027222 0.013786 0.000538 0.215623 0.008303 2.125071
0.704078 0.030118 0.027240 0.013791 0.000547 0.215918 0.008307 2.128020
0.703768 0.030194 0.027210 0.013842 0.000546 0.216130 0.008311 2.130910
0.703568 0.030113 0.027232 0.013878 0.000538 0.216354 0.008317 2.133877
0.703322 0.030054 0.027265 0.013876 0.000541 0.216621 0.008321 2.136880
0.703170 0.029977 0.027248 0.013871 0.000543 0.216862 0.008328 2.139830
0.703093 0.029841 0.027299 0.013885 0.000545 0.217004 0.008334 2.142772
0.702911 0.029792 0.027252 0.013849 0.000557 0.217303 0.008337 2.145714
0.702677 0.029809 0.027230 0.013794 0.000566 0.217582 0.008340 2.148603
0.702493 0.029717 0.027284 0.013818 0.000564 0.217775 0.008349 2.151583
0.702377 0.029659 0.027236 0.013810 0.000564 0.218001 0.008354 2.154519
0.702197 0.029609 0.027220 0.013791 0.000566 0.218257 0.008359 2.157444
0.702099 0.029570 0.027179 0.013786 0.000565 0.218435 0.008365 2.160348
0.701965 0.029456 0.027176 0.013860 0.000562 0.218609 0.008372 2.163299
0.701917 0.029335 0.027183 0.013857 0.000570 0.218761 0.008375 2.166241
0.701854 0.029252 0.027192 0.013842 0.000565 0.218914 0.008381 2.169152
0.701807 0.029146 0.027175 0.013819 0.000567 0.219101 0.008386 2.172053
0.701812 0.029022 0.027149 0.013814 0.000566 0.219244 0.008392 2.174942
0.701845 0.028935 0.027042 0.013792 0.000565 0.219423 0.008397 2.177795
0.701777 0.028823 0.026971 0.013775 0.000569 0.219683 0.008402 2.180657
0.701726 0.028703 0.026933 0.013737 0.000561 0.219935 0.008405 2.183507
0.701749 0.028654 0.026879 0.013745 0.000558 0.220007 0.008409 2.186340
0.701788 0.028579 0.026824 0.013691 0.000563 0.220137 0.008417 2.189136
0.701814 0.028501 0.026708 0.013655 0.000566 0.220331 0.008423 2.191931
0.701846 0.028524 0.026583 0.013622 0.000562 0.220435 0.008428 2.194725
0.701835 0.028445 0.026516 0.013643 0.000568 0.220559 0.008433 2.197582
0.701800 0.028527 0.026426 0.013603 0.000570 0.220635 0.008439 2.200337
0.701941 0.028410 0.026406 0.013551 0.000568 0.220678 0.008445 2.203163
0.702030 0.028376 0.026355 0.013577 0.000568 0.220642 0.008453 2.205951
0.702050 0.028273 0.026321 0.013602 0.000571 0.220725 0.008458 2.208780
0.702087 0.028241 0.026230 0.013587 0.000573 0.220818 0.008464 2.211530
0.702194 0.028195 0.026230 0.013532 0.000577 0.220804 0.008468 2.214262
0.702254 0.028111 0.026132 0.013512 0.000579 0.220940 0.008473 2.217014
0.702341 0.028035 0.026133 0.013484 0.000582 0.220946 0.008479 2.219794
0.702401 0.028000 0.026081 0.013465 0.000577 0.220990 0.008487 2.222505
0.702488 0.027892 0.026053 0.013378 0.000579 0.221118 0.008493 2.225260
0.702599 0.027786 0.026013 0.013385 0.000575 0.221145 0.008498 2.228034
0.702697 0.027719 0.025964 0.013311 0.000578 0.221224 0.008506 2.230750
0.702822 0.027564 0.025930 0.013377 0.000574 0.221223 0.008511 2.233526
0.702893 0.027418 0.025917 0.013302 0.000572 0.221377 0.008520 2.236288
0.703089 0.027336 0.025821 0.013266 0.000571 0.221395 0.008523 2.238970
0.703144 0.027255 0.025812 0.013202 0.000568 0.221490 0.008530 2.241661
0.703294 0.027225 0.025677 0.013113 0.000566 0.221590 0.008536 2.244260
0.703433 0.027169 0.025606 0.013141 0.000560 0.221549 0.008542 2.246932
0.703572 0.027141 0.025511 0.013109 0.000559 0.221560 0.008548 2.249586
0.703711 0.027013 0.025496 0.013139 0.000556 0.221534 0.008553 2.252318
0.703871 0.026977 0.025384 0.013082 0.000554 0.221573 0.008560 2.254944
0.704052 0.026890 0.025371 0.013011 0.000553 0.221558 0.008565 2.257610
0.704192 0.026844 0.025282 0.012987 0.000554 0.221570 0.008571 2.260254
0.704433 0.026730 0.025283 0.012919 0.000546 0.221514 0.008575 2.262908
0.704588 0.026656 0.025141 0.012912 0.000538 0.221581 0.008583 2.265544
0.704718 0.026568 0.025140 0.012918 0.000540 0.221531 0.008585 2.268246
0.704856 0.026616 0.025063 0.012882 0.000538 0.221452 0.008592 2.270831
0.705047 0.026624 0.025057 0.012780 0.000536 0.221359 0.008598 2.273397
0.705288 0.026548 0.025046 0.012739 0.000542 0.221235 0.008603 2.276050
0.705578 0.026515 0.024953 0.012697 0.000549 0.221100 0.008609 2.278602
0.705764 0.026552 0.024932 0.012685 0.000552 0.220900 0.008615 2.281175
0.705893 0.026506 0.024913 0.012665 0.000547 0.220859 0.008619 2.283831
0.706129 0.026481 0.024807 0.012641 0.000546 0.220774 0.008623 2.286385
0.706342 0.026458 0.024744 0.012618 0.000533 0.220677 0.008629 2.288944
0.706528 0.026376 0.024728 0.012624 0.000541 0.220571 0.008634 2.291602
0.706660 0.026434 0.024635 0.012570 0.000546 0.220518 0.008637 2.294165
0.706861 0.026441 0.024548 0.012532 0.000546 0.220429 0.008643 2.296735
0.707005 0.026378 0.024559 0.012534 0.000544 0.220330 0.008651 2.299377
0.707269 0.026296 0.024564 0.012480 0.000537 0.220198 0.008657 2.301980
0.707566 0.026218 0.024493 0.012474 0.000544 0.220045 0.008660 2.304562
0.707899 0.026111 0.024480 0.012472 0.000536 0.219836 0.008666 2.307174
0.708088 0.026099 0.024408 0.012410 0.000533 0.219789 0.008674 2.309730
0.708315 0.025966 0.024418 0.012394 0.000538 0.219691 0.008678 2.312341
0.708541 0.025976 0.024335 0.012368 0.000534 0.219561 0.008684 2.314881
0.708782 0.025974 0.024333 0.012330 0.000536 0.219358 0.008687 2.317416
0.709089 0.025882 0.024333 0.012285 0.000528 0.219190 0.008693 2.319980
0.709290 0.025844 0.024238 0.012255 0.000524 0.219150 0.008699 2.322518
0.709544 0.025794 0.024210 0.012267 0.000519 0.218965 0.008702 2.325058
0.709723 0.025878 0.024107 0.012200 0.000519 0.218865 0.008709 2.327536
0.709898 0.025896 0.024060 0.012141 0.000529 0.218765 0.008712 2.330083
0.710044 0.025874 0.023972 0.012106 0.000533 0.218754 0.008718 2.332646
0.710162 0.025939 0.023923 0.012075 0.000526 0.218654 0.008723 2.335130
0.710226 0.025964 0.023840 0.012108 0.000523 0.218612 0.008728 2.337684
0.710569 0.025895 0.023818 0.012093 0.000526 0.218367 0.008732 2.340236
0.710748 0.025870 0.023802 0.012063 0.000536 0.218246 0.008734 2.342781
0.710950 0.025832 0.023791 0.012045 0.000532 0.218113 0.008738 2.345330
0.711175 0.025819 0.023709 0.012039 0.000527 0.217987 0.008745 2.347826
0.711403 0.025816 0.023735 0.012006 0.000526 0.217761 0.008753 2.350338
0.711680 0.025722 0.023701 0.012028 0.000522 0.217589 0.008759 2.352870
0.711859 0.025718 0.023678 0.011993 0.000519 0.217467 0.008766 2.355370
0.712037 0.025669 0.023682 0.012049 0.000513 0.217278 0.008770 2.357925
0.712290 0.025662 0.023656 0.012074 0.000514 0.217029 0.008775 2.360426
0.712553 0.025644 0.023600 0.012058 0.000507 0.216858 0.008780 2.362908
0.712861 0.025533 0.023565 0.012102 0.000504 0.216649 0.008785 2.365474
0.713054 0.025480 0.023605 0.012124 0.000496 0.216449 0.008791 2.368030
0.713263 0.025473 0.023633 0.012066 0.000499 0.216272 0.008795 2.370528
0.713588 0.025488 0.023565 0.012036 0.000496 0.216027 0.008800 2.372963
0.713722 0.025542 0.023570 0.011997 0.000502 0.215867 0.008801 2.375475
0.713915 0.025527 0.023504 0.011979 0.000503 0.215767 0.008805 2.377976
0.714129 0.025522 0.023486 0.011948 0.000504 0.215602 0.008810 2.380467
0.714386 0.025483 0.023472 0.011964 0.000509 0.215369 0.008817 2.382964
0.714628 0.025530 0.023442 0.011918 0.000504 0.215154 0.008824 2.385415
0.714810 0.025482 0.023442 0.011909 0.000506 0.215025 0.008827 2.387959
0.715041 0.025521 0.023315 0.011908 0.000507 0.214875 0.008832 2.390364
0.715228 0.025503 0.023240 0.011887 0.000509 0.214798 0.008837 2.392878
0.715395 0.025563 0.023203 0.011846 0.000504 0.214642 0.008847 2.395327
0.715573 0.025589 0.023145 0.011849 0.000503 0.214490 0.008852 2.397792
0.715788 0.025535 0.023198 0.011816 0.000509 0.214301 0.008854 2.400307
0.715947 0.025529 0.023172 0.011834 0.000510 0.214150 0.008858 2.402828
0.716193 0.025501 0.023146 0.011845 0.000516 0.213936 0.008863 2.405322
0.716449 0.025544 0.023050 0.011848 0.000518 0.213721 0.008869 2.407763
0.716525 0.025601 0.023055 0.011850 0.000515 0.213580 0.008874 2.410261
0.716601 0.025667 0.023053 0.011858 0.000510 0.213429 0.008882 2.412736
0.716723 0.025673 0.023099 0.011820 0.000515 0.213285 0.008886 2.415254
0.716884 0.025743 0.023089 0.011781 0.000518 0.213095 0.008891 2.417733
0.716984 0.025735 0.023140 0.011852 0.000513 0.212881 0.008896 2.420319
0.717134 0.025780 0.023212 0.011893 0.000509 0.212571 0.008901 2.422833
0.717289 0.025846 0.023236 0.011928 0.000508 0.212289 0.008906 2.425347
0.717319 0.025870 0.023206 0.011949 0.000505 0.212244 0.008908 2.427912
0.717448 0.025882 0.023209 0.011967 0.000506 0.212077 0.008911 2.430459
0.717391 0.025966 0.023238 0.011980 0.000505 0.212004 0.008918 2.433031
0.717395 0.026013 0.023249 0.012030 0.000502 0.211891 0.008921 2.435578
0.717419 0.026056 0.023297 0.012053 0.000502 0.211749 0.008925 2.438136
0.717600 0.026062 0.023235 0.012059 0.000503 0.211611 0.008929 2.440634
0.717611 0.026086 0.023284 0.012038 0.000515 0.211535 0.008932 2.443202
0.717765 0.025964 0.023334 0.012096 0.000518 0.211388 0.008935 2.445809
0.717886 0.026033 0.023351 0.012031 0.000520 0.211239 0.008940 2.448318
0.717867 0.026159 0.023372 0.011993 0.000521 0.211140 0.008948 2.450831
0.717859 0.026198 0.023457 0.011980 0.000526 0.211024 0.008955 2.453411
0.717877 0.026247 0.023505 0.011973 0.000524 0.210913 0.008960 2.455994
0.717977 0.026257 0.023576 0.011955 0.000525 0.210744 0.008966 2.458527
0.718024 0.026252 0.023590 0.011986 0.000523 0.210654 0.008971 2.461091
0.718081 0.026231 0.023637 0.012001 0.000519 0.210553 0.008977 2.463708
0.718206 0.026206 0.023656 0.012050 0.000514 0.210385 0.008984 2.466295
0.718188 0.026195 0.023671 0.012076 0.000510 0.210372 0.008990 2.468906
0.718306 0.026122 0.023699 0.012150 0.000503 0.210223 0.008996 2.471523
0.718348 0.026163 0.023708 0.012122 0.000498 0.210160 0.009002 2.474086
0.718366 0.026263 0.023692 0.012099 0.000502 0.210070 0.009008 2.476616
0.718433 0.026294 0.023665 0.012081 0.000505 0.210009 0.009014 2.479177
0.718469 0.026326 0.023608 0.012097 0.000508 0.209973 0.009020 2.481722
0.718532 0.026382 0.023619 0.012147 0.000504 0.209788 0.009029 2.484301
0.718587 0.026348 0.023661 0.012120 0.000508 0.209742 0.009034 2.486905
0.718687 0.026314 0.023646 0.012161 0.000511 0.209640 0.009040 2.489481
0.718657 0.026352 0.023668 0.012159 0.000511 0.209607 0.009045 2.492044
0.718708 0.026337 0.023689 0.012181 0.000514 0.209521 0.009049 2.494659
0.718732 0.026282 0.023685 0.012217 0.000518 0.209511 0.009055 2.497261
0.718795 0.026299 0.023639 0.012257 0.000515 0.209438 0.009058 2.499849
0.718797 0.026328 0.023637 0.012221 0.000513 0.209441 0.009064 2.502432
0.718764 0.026338 0.023656 0.012240 0.000518 0.209415 0.009069 2.505053
0.718659 0.026390 0.023751 0.012272 0.000514 0.209339 0.009074 2.507646
0.718664 0.026412 0.023755 0.012255 0.000525 0.209310 0.009079 2.510246
0.718735 0.026359 0.023761 0.012258 0.000527 0.209277 0.009085 2.512833
0.718711 0.026356 0.023793 0.012213 0.000528 0.209312 0.009087 2.515416
0.718796 0.026314 0.023782 0.012172 0.000526 0.209314 0.009096 2.518018
0.718785 0.026336 0.023693 0.012141 0.000518 0.209427 0.009100 2.520564
0.718879 0.026312 0.023640 0.012124 0.000525 0.209414 0.009104 2.523138
0.718885 0.026291 0.023630 0.012084 0.000526 0.209474 0.009110 2.525714
0.718927 0.026218 0.023669 0.012106 0.000523 0.209442 0.009116 2.528369
0.718990 0.026265 0.023678 0.012127 0.000525 0.209295 0.009120 2.530901
0.719027 0.026242 0.023683 0.012107 0.000524 0.209292 0.009125 2.533464
0.718993 0.026218 0.023718 0.012139 0.000520 0.209283 0.009129 2.536081
0.719035 0.026236 0.023762 0.012155 0.000521 0.209160 0.009134 2.538676
0.719105 0.026226 0.023769 0.012128 0.000515 0.209118 0.009139 2.541243
0.719183 0.026224 0.023766 0.012145 0.000512 0.209026 0.009144 2.543804
0.719230 0.026252 0.023724 0.012178 0.000511 0.208955 0.009149 2.546324
0.719260 0.026161 0.023791 0.012169 0.000519 0.208944 0.009157 2.548974
0.719344 0.026157 0.023794 0.012175 0.000514 0.208853 0.009164 2.551569
0.719354 0.026196 0.023748 0.012230 0.000501 0.208804 0.009168 2.554115
0.719403 0.026173 0.023743 0.012214 0.000508 0.208790 0.009170 2.556686
0.719434 0.026137 0.023741 0.012229 0.000507 0.208777 0.009175 2.559259
0.719480 0.026045 0.023786 0.012248 0.000505 0.208755 0.009181 2.561874
0.719486 0.026003 0.023755 0.012245 0.000506 0.208820 0.009185 2.564451
0.719601 0.026042 0.023708 0.012210 0.000503 0.208744 0.009191 2.566958
0.719617 0.026059 0.023676 0.012216 0.000510 0.208728 0.009195 2.569550
0.719643 0.025982 0.023700 0.012233 0.000511 0.208729 0.009201 2.572166
0.719735 0.025941 0.023723 0.012245 0.000508 0.208642 0.009206 2.574782
0.719760 0.025910 0.023707 0.012272 0.000507 0.208637 0.009207 2.577396
0.719781 0.026001 0.023705 0.012231 0.000510 0.208559 0.009214 2.579905
0.719776 0.026015 0.023700 0.012234 0.000509 0.208546 0.009220 2.582463
0.719828 0.026038 0.023727 0.012223 0.000506 0.208452 0.009226 2.585025
0.719897 0.026000 0.023673 0.012256 0.000510 0.208432 0.009232 2.587578
0.719878 0.026036 0.023639 0.012243 0.000510 0.208456 0.009237 2.590105
0.719841 0.026052 0.023674 0.012211 0.000505 0.208472 0.009246 2.592686
0.719856 0.026047 0.023711 0.012181 0.000502 0.208454 0.009249 2.595262
0.719886 0.026004 0.023671 0.012233 0.000501 0.208450 0.009257 2.597833
0.720001 0.026023 0.023633 0.012199 0.000507 0.208376 0.009261 2.600293
0.720028 0.026030 0.023625 0.012181 0.000505 0.208362 0.009267 2.602867
0.719941 0.026077 0.023647 0.012178 0.000508 0.208377 0.009271 2.605431
0.719925 0.026127 0.023614 0.012191 0.000512 0.208355 0.009276 2.607977
0.719977 0.026119 0.023618 0.012165 0.000514 0.208322 0.009284 2.610579
0.720115 0.026127 0.023565 0.012197 0.000516 0.208192 0.009287 2.613099
0.720066 0.026155 0.023578 0.012170 0.000517 0.208223 0.009291 2.615675
0.720055 0.026158 0.023570 0.012202 0.000521 0.208199 0.009295 2.618254
0.720171 0.026057 0.023605 0.012207 0.000521 0.208139 0.009300 2.620856
0.720148 0.026159 0.023507 0.012192 0.000520 0.208166 0.009308 2.623370
0.720165 0.026170 0.023531 0.012219 0.000505 0.208094 0.009316 2.625982
0.720203 0.026157 0.023568 0.012254 0.000505 0.207991 0.009322 2.628557
0.720184 0.026144 0.023571 0.012269 0.000505 0.208000 0.009328 2.631164
0.720219 0.026252 0.023531 0.012247 0.000505 0.207912 0.009335 2.633668
0.720143 0.026346 0.023497 0.012211 0.000507 0.207957 0.009339 2.636224
0.720095 0.026376 0.023516 0.012197 0.000504 0.207967 0.009346 2.638786
0.720032 0.026376 0.023565 0.012238 0.000498 0.207940 0.009351 2.641400
0.720149 0.026351 0.023632 0.012250 0.000492 0.207767 0.009357 2.644014
0.720067 0.026438 0.023572 0.012272 0.000491 0.207799 0.009361 2.646568
0.720031 0.026510 0.023639 0.012266 0.000487 0.207703 0.009364 2.649139
0.720098 0.026415 0.023703 0.012287 0.000478 0.207649 0.009371 2.651757
0.720206 0.026298 0.023754 0.012305 0.000473 0.207590 0.009375 2.654408
0.720193 0.026347 0.023732 0.012328 0.000473 0.207547 0.009380 2.656981
0.720212 0.026375 0.023703 0.012283 0.000476 0.207564 0.009386 2.659525
0.720280 0.026309 0.023775 0.012326 0.000477 0.207447 0.009388 2.662175
0.720344 0.026227 0.023809 0.012277 0.000478 0.207471 0.009394 2.664752
0.720361 0.026255 0.023790 0.012280 0.000487 0.207427 0.009399 2.667324
0.720466 0.026199 0.023729 0.012340 0.000486 0.207374 0.009405 2.669888
0.720460 0.026224 0.023688 0.012327 0.000491 0.207402 0.009410 2.672450
0.720480 0.026300 0.023686 0.012318 0.000488 0.207312 0.009416 2.674972
0.720392 0.026311 0.023752 0.012339 0.000485 0.207299 0.009420 2.677635
0.720288 0.026439 0.023725 0.012320 0.000492 0.207308 0.009427 2.680204
0.720248 0.026512 0.023756 0.012336 0.000496 0.207223 0.009429 2.682782
0.720270 0.026511 0.023798 0.012370 0.000501 0.207116 0.009434 2.685414
0.720327 0.026461 0.023855 0.012363 0.000494 0.207054 0.009446 2.688043
0.720344 0.026448 0.023911 0.012355 0.000493 0.206998 0.009453 2.690653
0.720333 0.026473 0.023951 0.012332 0.000499 0.206954 0.009458 2.693252
0.720322 0.026509 0.024021 0.012277 0.000506 0.206905 0.009460 2.695844
0.720353 0.026507 0.024033 0.012246 0.000510 0.206889 0.009463 2.698427
0.720323 0.026512 0.024091 0.012287 0.000511 0.206809 0.009468 2.701074
0.720204 0.026562 0.024090 0.012291 0.000511 0.206871 0.009473 2.703709
0.720208 0.026595 0.024127 0.012260 0.000512 0.206820 0.009478 2.706278
0.720073 0.026659 0.024153 0.012231 0.000520 0.206882 0.009482 2.708884
0.719981 0.026690 0.024136 0.012245 0.000528 0.206932 0.009487 2.711517
0.719973 0.026669 0.024131 0.012288 0.000539 0.206912 0.009489 2.714165
0.719998 0.026684 0.024063 0.012311 0.000539 0.206910 0.009495 2.716719
0.719951 0.026760 0.024030 0.012269 0.000537 0.206955 0.009497 2.719309
0.719929 0.026733 0.023978 0.012330 0.000536 0.206991 0.009503 2.721955
0.719937 0.026668 0.024029 0.012274 0.000530 0.207052 0.009510 2.724611
0.719816 0.026730 0.023987 0.012326 0.000531 0.207094 0.009517 2.727205
0.719854 0.026721 0.023996 0.012288 0.000532 0.207087 0.009523 2.729816
0.719825 0.026730 0.023975 0.012255 0.000533 0.207154 0.009527 2.732393
0.719843 0.026719 0.023967 0.012292 0.000536 0.207111 0.009533 2.735020
0.719865 0.026793 0.023933 0.012293 0.000535 0.207045 0.009537 2.737584
0.719800 0.026893 0.023910 0.012268 0.000535 0.207050 0.009544 2.740128
0.719690 0.026930 0.023933 0.012289 0.000529 0.207082 0.009548 2.742753
0.719631 0.026843 0.024045 0.012323 0.000524 0.207082 0.009553 2.745478
0.719566 0.026871 0.024126 0.012284 0.000529 0.207068 0.009557 2.748098
0.719525 0.026860 0.024155 0.012351 0.000527 0.207017 0.009565 2.750757
0.719388 0.026962 0.024115 0.012362 0.000523 0.207081 0.009570 2.753342
0.719307 0.027006 0.024159 0.012348 0.000520 0.207080 0.009579 2.756000
0.719156 0.026995 0.024220 0.012427 0.000519 0.207100 0.009583 2.758701
0.719172 0.026909 0.024279 0.012449 0.000516 0.207084 0.009591 2.761368
0.719126 0.026922 0.024255 0.012457 0.000517 0.207129 0.009595 2.763972
0.719020 0.026999 0.024303 0.012496 0.000513 0.207070 0.009599 2.766623
0.719017 0.026945 0.024294 0.012469 0.000518 0.207154 0.009604 2.769287
0.718870 0.027048 0.024255 0.012481 0.000517 0.207217 0.009612 2.771880
0.718739 0.027090 0.024279 0.012467 0.000521 0.207289 0.009617 2.774526
0.718711 0.027095 0.024276 0.012475 0.000518 0.207303 0.009623 2.777123
0.718663 0.027024 0.024281 0.012512 0.000518 0.207376 0.009627 2.779816
0.718604 0.027013 0.024325 0.012511 0.000520 0.207394 0.009633 2.782427
0.718639 0.026990 0.024372 0.012554 0.000517 0.207291 0.009637 2.785085
0.718564 0.026989 0.024378 0.012549 0.000517 0.207362 0.009642 2.787742
0.718530 0.026946 0.024391 0.012588 0.000517 0.207383 0.009646 2.790394
0.718537 0.026913 0.024422 0.012626 0.000513 0.207339 0.009650 2.793032
0.718568 0.026863 0.024478 0.012601 0.000521 0.207316 0.009653 2.795703
0.718503 0.026895 0.024418 0.012597 0.000528 0.207402 0.009659 2.798309
0.718525 0.026830 0.024398 0.012633 0.000528 0.207422 0.009663 2.800976
0.718488 0.026798 0.024405 0.012654 0.000520 0.207462 0.009672 2.803631
0.718528 0.026754 0.024382 0.012617 0.000518 0.207518 0.009683 2.806255
0.718497 0.026840 0.024334 0.012598 0.000514 0.207527 0.009689 2.808810
0.718443 0.026828 0.024345 0.012594 0.000513 0.207584 0.009694 2.811475
0.718423 0.026826 0.024326 0.012624 0.000518 0.207583 0.009701 2.814132
0.718475 0.026837 0.024322 0.012595 0.000511 0.207551 0.009710 2.816754
0.718438 0.026836 0.024340 0.012602 0.000509 0.207561 0.009714 2.819417
0.718405 0.026799 0.024377 0.012637 0.000512 0.207552 0.009719 2.822088
0.718371 0.026724 0.024354 0.012708 0.000510 0.207613 0.009721 2.824778
0.718287 0.026805 0.024294 0.012688 0.000512 0.207689 0.009726 2.827347
0.718236 0.026826 0.024323 0.012653 0.000507 0.207722 0.009733 2.829967
0.718153 0.026870 0.024322 0.012668 0.000510 0.207739 0.009738 2.832620
0.718096 0.026925 0.024332 0.012688 0.000515 0.207701 0.009744 2.835240
0.718089 0.026911 0.024297 0.012697 0.000517 0.207740 0.009749 2.837875
0.718033 0.026984 0.024271 0.012694 0.000517 0.207747 0.009755 2.840462
0.717900 0.026961 0.024271 0.012669 0.000517 0.207923 0.009760 2.843135
0.717911 0.026909 0.024292 0.012626 0.000519 0.207979 0.009764 2.845814
0.717901 0.026924 0.024278 0.012573 0.000516 0.208037 0.009771 2.848409
0.717789 0.026983 0.024237 0.012576 0.000510 0.208128 0.009779 2.851047
0.717790 0.026998 0.024188 0.012563 0.000508 0.208168 0.009784 2.853638
0.717786 0.026988 0.024207 0.012572 0.000503 0.208154 0.009790 2.856264
0.717723 0.026976 0.024210 0.012564 0.000505 0.208226 0.009796 2.858941
0.717783 0.026912 0.024262 0.012575 0.000500 0.208168 0.009799 2.861626
0.717758 0.026983 0.024220 0.012542 0.000499 0.208196 0.009803 2.864223
0.717776 0.026979 0.024209 0.012538 0.000497 0.208192 0.009808 2.866863
0.717750 0.026937 0.024167 0.012568 0.000495 0.208268 0.009814 2.869482
0.717768 0.026912 0.024091 0.012623 0.000488 0.208300 0.009818 2.872116
0.717784 0.026918 0.024050 0.012622 0.000487 0.208316 0.009822 2.874732
0.717683 0.027018 0.024078 0.012582 0.000497 0.208317 0.009825 2.877322
0.717672 0.027031 0.024128 0.012599 0.000496 0.208242 0.009831 2.879928
0.717700 0.026946 0.024215 0.012624 0.000497 0.208181 0.009837 2.882614
0.717716 0.026859 0.024200 0.012612 0.000503 0.208268 0.009841 2.885262
0.717624 0.026889 0.024268 0.012552 0.000505 0.208317 0.009846 2.887883
0.717519 0.026917 0.024340 0.012542 0.000510 0.208321 0.009851 2.890538
0.717494 0.026953 0.024315 0.012513 0.000515 0.208354 0.009856 2.893134
0.717440 0.026979 0.024311 0.012527 0.000517 0.208365 0.009861 2.895774
0.717411 0.027006 0.024208 0.012572 0.000522 0.208415 0.009865 2.898373
0.717335 0.026964 0.024228 0.012628 0.000524 0.208452 0.009867 2.901063
0.717298 0.026934 0.024236 0.012636 0.000524 0.208500 0.009872 2.903717
0.717205 0.026975 0.024272 0.012605 0.000528 0.208538 0.009878 2.906366
0.717170 0.027006 0.024262 0.012547 0.000529 0.208604 0.009882 2.908983
0.717210 0.026919 0.024205 0.012564 0.000529 0.208689 0.009886 2.911641
0.717269 0.026909 0.024134 0.012554 0.000526 0.208719 0.009890 2.914215
0.717181 0.026859 0.024205 0.012624 0.000522 0.208714 0.009895 2.916929
0.717240 0.026814 0.024157 0.012607 0.000530 0.208752 0.009901 2.919571
0.717213 0.026828 0.024177 0.012566 0.000541 0.208769 0.009905 2.922216
0.717057 0.026925 0.024222 0.012526 0.000535 0.208823 0.009912 2.924818
0.717104 0.026838 0.024202 0.012516 0.000532 0.208886 0.009923 2.927450
0.717106 0.026807 0.024178 0.012549 0.000540 0.208893 0.009927 2.930070
0.717110 0.026780 0.024168 0.012546 0.000535 0.208930 0.009932 2.932704
0.717036 0.026727 0.024185 0.012515 0.000536 0.209067 0.009934 2.935327
0.717112 0.026578 0.024262 0.012526 0.000532 0.209049 0.009942 2.938047
0.717254 0.026514 0.024215 0.012437 0.000533 0.209099 0.009948 2.940611
0.717271 0.026588 0.024119 0.012455 0.000536 0.209081 0.009952 2.943168
0.717307 0.026573 0.024089 0.012439 0.000544 0.209092 0.009956 2.945785
0.717369 0.026521 0.024182 0.012455 0.000539 0.208970 0.009964 2.948431
0.717320 0.026556 0.024195 0.012451 0.000552 0.208960 0.009966 2.951028
0.717362 0.026591 0.024133 0.012418 0.000552 0.208975 0.009969 2.953582
0.717337 0.026621 0.024208 0.012359 0.000558 0.208943 0.009975 2.956205
0.717365 0.026643 0.024257 0.012329 0.000550 0.208875 0.009981 2.958795
0.717429 0.026662 0.024216 0.012305 0.000553 0.208847 0.009987 2.961354
0.717479 0.026587 0.024300 0.012264 0.000553 0.208823 0.009993 2.963990
0.717363 0.026637 0.024270 0.012303 0.000549 0.208883 0.009996 2.966608
0.717384 0.026614 0.024263 0.012341 0.000541 0.208854 0.010003 2.969257
0.717476 0.026568 0.024264 0.012362 0.000545 0.208778 0.010008 2.971861
0.717482 0.026526 0.024243 0.012309 0.000547 0.208881 0.010012 2.974483
0.717503 0.026540 0.024229 0.012322 0.000544 0.208843 0.010018 2.977108
0.717471 0.026582 0.024249 0.012354 0.000536 0.208781 0.010027 2.979731
0.717467 0.026709 0.024261 0.012321 0.000530 0.208680 0.010032 2.982309
0.717430 0.026692 0.024273 0.012324 0.000531 0.208714 0.010036 2.984929
0.717377 0.026701 0.024301 0.012314 0.000535 0.208732 0.010039 2.987599
0.717352 0.026672 0.024294 0.012349 0.000546 0.208741 0.010046 2.990214
0.717363 0.026670 0.024311 0.012311 0.000548 0.208745 0.010051 2.992809
0.717394 0.026566 0.024309 0.012340 0.000543 0.208791 0.010057 2.995485
0.717396 0.026486 0.024307 0.012372 0.000553 0.208826 0.010060 2.998138
0.717398 0.026542 0.024279 0.012342 0.000554 0.208820 0.010065 3.000698
0.717428 0.026590 0.024218 0.012315 0.000548 0.208831 0.010070 3.003253
0.717510 0.026563 0.024244 0.012287 0.000550 0.208771 0.010077 3.005869
0.717580 0.026526 0.024245 0.012283 0.000550 0.208731 0.010085 3.008495
0.717609 0.026553 0.024260 0.012254 0.000550 0.208686 0.010089 3.011090
0.717581 0.026570 0.024308 0.012260 0.000553 0.208633 0.010095 3.013686
0.717651 0.026513 0.024232 0.012267 0.000557 0.208682 0.010099 3.016274
0.717784 0.026354 0.024292 0.012279 0.000554 0.208631 0.010106 3.018926
0.717865 0.026378 0.024270 0.012255 0.000564 0.208561 0.010109 3.021480
0.717866 0.026396 0.024282 0.012248 0.000562 0.208528 0.010118 3.024090
0.717842 0.026418 0.024196 0.012275 0.000558 0.208589 0.010123 3.026667
0.717843 0.026450 0.024172 0.012296 0.000554 0.208560 0.010127 3.029251
0.717796 0.026492 0.024099 0.012318 0.000549 0.208612 0.010134 3.031821
0.717845 0.026511 0.024049 0.012375 0.000552 0.208530 0.010138 3.034400
0.717906 0.026492 0.024030 0.012360 0.000547 0.208520 0.010146 3.037002
