0.350258 0.062719 0.055927 0.032274 0.002096 0.490618 0.006108 1.602116
0.352973 0.060259 0.055861 0.032096 0.002094 0.490581 0.006136 1.608126
0.356460 0.057268 0.055706 0.031732 0.002107 0.490569 0.006159 1.613911
0.360260 0.054081 0.055315 0.031362 0.002102 0.490695 0.006185 1.619400
0.364474 0.050855 0.054750 0.030832 0.002087 0.490782 0.006220 1.624532
0.368849 0.047685 0.054061 0.030280 0.002084 0.490797 0.006245 1.629392
0.373531 0.044659 0.053180 0.029689 0.002085 0.490585 0.006270 1.633891
0.378270 0.041873 0.052186 0.028983 0.002076 0.490317 0.006295 1.638056
0.383175 0.039127 0.051139 0.028297 0.002073 0.489865 0.006325 1.642038
0.388140 0.036621 0.049865 0.027600 0.002076 0.489349 0.006351 1.645727
0.393175 0.034219 0.048721 0.026811 0.002067 0.488633 0.006375 1.649218
0.398234 0.031920 0.047467 0.026073 0.002056 0.487850 0.006402 1.652488
0.403326 0.029865 0.046075 0.025241 0.002041 0.487027 0.006426 1.655517
0.408477 0.027835 0.044720 0.024406 0.002027 0.486090 0.006445 1.658434
0.413722 0.026050 0.043341 0.023511 0.002016 0.484889 0.006472 1.661062
0.418914 0.024420 0.041880 0.022672 0.001998 0.483627 0.006490 1.663468
0.424431 0.022833 0.040507 0.021894 0.001986 0.481834 0.006515 1.665779
0.429755 0.021388 0.039105 0.021086 0.001967 0.480153 0.006546 1.667943
0.435075 0.020058 0.037684 0.020281 0.001952 0.478377 0.006573 1.669982
0.440377 0.018818 0.036236 0.019497 0.001929 0.476547 0.006596 1.671877
0.445811 0.017662 0.034872 0.018748 0.001897 0.474390 0.006619 1.673669
0.451222 0.016588 0.033546 0.018006 0.001866 0.472132 0.006639 1.675344
0.456490 0.015611 0.032198 0.017268 0.001828 0.469936 0.006668 1.676897
0.461802 0.014710 0.030920 0.016530 0.001823 0.467528 0.006686 1.678334
0.467231 0.013753 0.029770 0.015859 0.001799 0.464876 0.006712 1.679795
0.472499 0.012929 0.028606 0.015151 0.001772 0.462306 0.006737 1.681134
0.477884 0.012180 0.027426 0.014567 0.001735 0.459447 0.006763 1.682345
0.483144 0.011503 0.026222 0.013930 0.001702 0.456711 0.006788 1.683488
0.488458 0.010827 0.025133 0.013271 0.001673 0.453825 0.006814 1.684582
0.493629 0.010243 0.024018 0.012646 0.001646 0.450984 0.006836 1.685595
0.498845 0.009696 0.023022 0.012071 0.001623 0.447887 0.006855 1.686570
0.504087 0.009155 0.022014 0.011520 0.001588 0.444756 0.006879 1.687486
0.509343 0.008651 0.021112 0.011001 0.001553 0.441437 0.006903 1.688356
0.514544 0.008177 0.020180 0.010552 0.001508 0.438115 0.006925 1.689179
0.519770 0.007734 0.019293 0.010064 0.001483 0.434714 0.006942 1.689960
0.524900 0.007349 0.018492 0.009603 0.001448 0.431245 0.006963 1.690687
0.529865 0.006971 0.017610 0.009189 0.001417 0.427968 0.006982 1.691384
0.534828 0.006609 0.016791 0.008752 0.001406 0.424615 0.006999 1.692073
0.539774 0.006285 0.016057 0.008345 0.001370 0.421150 0.007018 1.692708
0.544705 0.005980 0.015302 0.007959 0.001351 0.417668 0.007034 1.693297
0.549609 0.005684 0.014634 0.007585 0.001318 0.414119 0.007051 1.693874
0.554476 0.005400 0.013987 0.007236 0.001279 0.410549 0.007072 1.694426
0.559321 0.005129 0.013375 0.006906 0.001248 0.406932 0.007089 1.694962
0.564221 0.004884 0.012728 0.006565 0.001221 0.403277 0.007104 1.695444
0.569032 0.004658 0.012169 0.006276 0.001195 0.399550 0.007121 1.695918
0.573833 0.004432 0.011634 0.005992 0.001163 0.395810 0.007136 1.696369
0.578495 0.004255 0.011079 0.005702 0.001144 0.392174 0.007151 1.696781
0.583075 0.004064 0.010573 0.005433 0.001116 0.388572 0.007166 1.697193
0.587796 0.003879 0.010069 0.005214 0.001084 0.384776 0.007181 1.697594
0.592327 0.003727 0.009601 0.004960 0.001049 0.381136 0.007200 1.697960
0.596882 0.003561 0.009183 0.004751 0.001021 0.377393 0.007211 1.698324
0.601371 0.003412 0.008801 0.004504 0.000994 0.373691 0.007226 1.698665
0.605837 0.003265 0.008388 0.004296 0.000972 0.370002 0.007240 1.698990
0.610261 0.003152 0.008032 0.004092 0.000952 0.366257 0.007252 1.699301
0.614616 0.003023 0.007652 0.003915 0.000926 0.362601 0.007268 1.699600
0.619025 0.002910 0.007283 0.003706 0.000905 0.358892 0.007280 1.699874
0.623362 0.002788 0.006981 0.003544 0.000889 0.355147 0.007289 1.700158
0.627622 0.002681 0.006649 0.003382 0.000872 0.351497 0.007297 1.700424
0.631874 0.002565 0.006335 0.003212 0.000844 0.347863 0.007309 1.700690
0.636004 0.002453 0.006064 0.003063 0.000825 0.344274 0.007316 1.700946
0.640215 0.002370 0.005797 0.002901 0.000801 0.340591 0.007327 1.701165
0.644284 0.002263 0.005555 0.002786 0.000776 0.336998 0.007337 1.701410
0.648329 0.002167 0.005340 0.002663 0.000754 0.333398 0.007350 1.701637
0.652335 0.002089 0.005108 0.002570 0.000723 0.329811 0.007364 1.701847
0.656358 0.002033 0.004895 0.002447 0.000707 0.326188 0.007375 1.702037
0.660271 0.001941 0.004678 0.002351 0.000690 0.322689 0.007381 1.702254
0.664276 0.001879 0.004475 0.002255 0.000665 0.319063 0.007388 1.702450
0.668114 0.001810 0.004311 0.002150 0.000644 0.315571 0.007401 1.702641
0.671892 0.001762 0.004125 0.002065 0.000626 0.312121 0.007409 1.702806
0.675724 0.001711 0.003954 0.001962 0.000611 0.308621 0.007418 1.702974
0.679515 0.001632 0.003790 0.001881 0.000595 0.305163 0.007425 1.703154
0.683127 0.001565 0.003633 0.001801 0.000571 0.301872 0.007432 1.703319
0.686887 0.001535 0.003489 0.001703 0.000558 0.298387 0.007443 1.703458
0.690544 0.001488 0.003335 0.001612 0.000542 0.295028 0.007453 1.703601
0.694123 0.001423 0.003205 0.001548 0.000532 0.291712 0.007458 1.703752
0.697679 0.001377 0.003093 0.001495 0.000514 0.288378 0.007465 1.703891
0.701136 0.001344 0.002952 0.001427 0.000501 0.285168 0.007472 1.704020
0.704548 0.001304 0.002838 0.001371 0.000490 0.281971 0.007477 1.704149
0.707934 0.001259 0.002734 0.001335 0.000474 0.278780 0.007484 1.704282
0.711276 0.001214 0.002620 0.001279 0.000458 0.275664 0.007489 1.704403
0.714583 0.001180 0.002526 0.001226 0.000449 0.272543 0.007494 1.704517
0.717949 0.001134 0.002434 0.001175 0.000443 0.269369 0.007497 1.704641
0.721284 0.001095 0.002327 0.001133 0.000428 0.266231 0.007503 1.704747
0.724530 0.001049 0.002236 0.001088 0.000415 0.263174 0.007508 1.704863
0.727708 0.001026 0.002148 0.001052 0.000399 0.260151 0.007516 1.704966
0.730876 0.000982 0.002077 0.001000 0.000386 0.257156 0.007524 1.705072
0.734004 0.000963 0.002000 0.000956 0.000372 0.254177 0.007529 1.705169
0.737141 0.000929 0.001920 0.000912 0.000362 0.251203 0.007534 1.705262
0.740185 0.000880 0.001855 0.000875 0.000354 0.248311 0.007540 1.705364
0.743220 0.000868 0.001791 0.000828 0.000343 0.245405 0.007546 1.705451
0.746168 0.000849 0.001733 0.000797 0.000332 0.242570 0.007550 1.705538
0.749135 0.000824 0.001669 0.000769 0.000322 0.239729 0.007553 1.705621
0.752087 0.000823 0.001584 0.000742 0.000310 0.236896 0.007557 1.705688
0.754970 0.000812 0.001512 0.000721 0.000298 0.234123 0.007563 1.705759
0.757869 0.000773 0.001465 0.000703 0.000287 0.231338 0.007567 1.705850
0.760747 0.000757 0.001404 0.000683 0.000272 0.228566 0.007571 1.705918
0.763548 0.000723 0.001369 0.000658 0.000266 0.225865 0.007573 1.706004
0.766336 0.000706 0.001319 0.000633 0.000259 0.223172 0.007576 1.706070
0.769094 0.000687 0.001283 0.000611 0.000252 0.220495 0.007580 1.706136
0.771832 0.000668 0.001244 0.000590 0.000244 0.217841 0.007582 1.706204
0.774529 0.000654 0.001195 0.000574 0.000236 0.215228 0.007585 1.706266
0.777123 0.000639 0.001161 0.000550 0.000231 0.212709 0.007587 1.706332
0.779739 0.000605 0.001142 0.000526 0.000227 0.210172 0.007590 1.706403
0.782385 0.000591 0.001109 0.000503 0.000218 0.207602 0.007594 1.706461
0.784977 0.000579 0.001070 0.000487 0.000209 0.205083 0.007597 1.706514
0.787466 0.000561 0.001030 0.000474 0.000202 0.202667 0.007601 1.706578
0.789944 0.000550 0.000990 0.000460 0.000197 0.200258 0.007602 1.706641
0.792387 0.000531 0.000957 0.000440 0.000193 0.197889 0.007605 1.706693
0.794818 0.000521 0.000925 0.000435 0.000185 0.195508 0.007609 1.706742
0.797205 0.000496 0.000892 0.000427 0.000183 0.193188 0.007609 1.706796
0.799583 0.000491 0.000867 0.000410 0.000178 0.190859 0.007612 1.706837
0.801910 0.000490 0.000840 0.000397 0.000174 0.188575 0.007615 1.706879
0.804222 0.000484 0.000808 0.000390 0.000170 0.186310 0.007617 1.706919
0.806449 0.000472 0.000791 0.000379 0.000164 0.184124 0.007620 1.706969
0.808690 0.000457 0.000763 0.000372 0.000162 0.181936 0.007621 1.707019
0.810937 0.000452 0.000731 0.000359 0.000155 0.179741 0.007626 1.707055
0.813107 0.000443 0.000701 0.000354 0.000150 0.177618 0.007628 1.707100
0.815242 0.000427 0.000683 0.000340 0.000145 0.175534 0.007631 1.707143
0.817336 0.000413 0.000659 0.000332 0.000141 0.173488 0.007632 1.707194
0.819528 0.000402 0.000637 0.000323 0.000134 0.171340 0.007636 1.707233
0.821666 0.000403 0.000613 0.000315 0.000130 0.169234 0.007639 1.707266
0.823760 0.000388 0.000598 0.000310 0.000126 0.167179 0.007641 1.707309
0.825771 0.000374 0.000590 0.000303 0.000119 0.165199 0.007644 1.707356
0.827790 0.000362 0.000579 0.000287 0.000116 0.163220 0.007646 1.707393
0.829765 0.000357 0.000563 0.000276 0.000113 0.161276 0.007648 1.707425
0.831736 0.000352 0.000547 0.000270 0.000109 0.159335 0.007650 1.707460
0.833689 0.000349 0.000530 0.000262 0.000105 0.157413 0.007652 1.707491
0.835608 0.000342 0.000518 0.000254 0.000103 0.155523 0.007653 1.707522
0.837520 0.000336 0.000498 0.000237 0.000099 0.153653 0.007657 1.707549
0.839412 0.000324 0.000487 0.000235 0.000098 0.151787 0.007657 1.707581
0.841276 0.000320 0.000471 0.000220 0.000094 0.149960 0.007659 1.707613
0.843087 0.000322 0.000460 0.000213 0.000091 0.148168 0.007659 1.707644
0.844884 0.000319 0.000441 0.000212 0.000090 0.146394 0.007661 1.707672
0.846666 0.000313 0.000427 0.000210 0.000086 0.144637 0.007661 1.707704
0.848436 0.000306 0.000414 0.000202 0.000084 0.142896 0.007663 1.707735
0.850195 0.000292 0.000405 0.000197 0.000081 0.141166 0.007665 1.707769
0.851860 0.000287 0.000391 0.000197 0.000079 0.139520 0.007665 1.707799
0.853500 0.000273 0.000387 0.000193 0.000077 0.137903 0.007666 1.707831
0.855096 0.000268 0.000373 0.000192 0.000075 0.136330 0.007666 1.707860
0.856700 0.000254 0.000364 0.000185 0.000073 0.134758 0.007667 1.707889
0.858304 0.000250 0.000357 0.000180 0.000071 0.133170 0.007668 1.707913
0.859900 0.000248 0.000345 0.000172 0.000069 0.131598 0.007668 1.707935
0.861444 0.000248 0.000335 0.000164 0.000068 0.130072 0.007668 1.707959
0.862965 0.000243 0.000320 0.000157 0.000066 0.128578 0.007670 1.707977
0.864446 0.000230 0.000313 0.000156 0.000064 0.127119 0.007671 1.708002
0.865948 0.000227 0.000306 0.000151 0.000064 0.125634 0.007671 1.708024
0.867426 0.000218 0.000297 0.000143 0.000063 0.124182 0.007672 1.708042
0.868871 0.000213 0.000288 0.000141 0.000062 0.122753 0.007672 1.708061
0.870313 0.000214 0.000281 0.000134 0.000059 0.121325 0.007674 1.708081
0.871735 0.000205 0.000277 0.000133 0.000059 0.119916 0.007675 1.708105
0.873058 0.000209 0.000265 0.000129 0.000056 0.118607 0.007675 1.708120
0.874404 0.000202 0.000261 0.000129 0.000053 0.117274 0.007677 1.708139
0.875723 0.000201 0.000256 0.000124 0.000051 0.115967 0.007678 1.708157
0.876973 0.000199 0.000255 0.000120 0.000047 0.114726 0.007679 1.708176
0.878244 0.000195 0.000252 0.000117 0.000046 0.113467 0.007680 1.708197
0.879476 0.000190 0.000246 0.000116 0.000044 0.112247 0.007681 1.708214
0.880688 0.000183 0.000243 0.000113 0.000042 0.111050 0.007682 1.708234
0.881850 0.000183 0.000233 0.000107 0.000042 0.109902 0.007683 1.708249
0.883067 0.000179 0.000223 0.000108 0.000042 0.108699 0.007683 1.708266
0.884266 0.000176 0.000216 0.000105 0.000041 0.107514 0.007683 1.708281
0.885386 0.000170 0.000214 0.000104 0.000040 0.106403 0.007683 1.708301
0.886529 0.000171 0.000211 0.000098 0.000038 0.105270 0.007683 1.708315
0.887609 0.000172 0.000201 0.000094 0.000036 0.104204 0.007683 1.708328
0.888738 0.000173 0.000197 0.000091 0.000035 0.103083 0.007684 1.708342
0.889808 0.000169 0.000193 0.000091 0.000034 0.102021 0.007684 1.708357
0.890876 0.000162 0.000187 0.000089 0.000033 0.100967 0.007684 1.708372
0.891914 0.000163 0.000179 0.000088 0.000031 0.099938 0.007685 1.708384
0.892940 0.000155 0.000183 0.000085 0.000030 0.098921 0.007686 1.708406
0.893930 0.000154 0.000181 0.000083 0.000029 0.097937 0.007686 1.708421
0.894891 0.000152 0.000174 0.000083 0.000028 0.096984 0.007687 1.708432
0.895819 0.000144 0.000171 0.000081 0.000028 0.096069 0.007687 1.708448
0.896720 0.000143 0.000165 0.000079 0.000027 0.095177 0.007688 1.708461
0.897598 0.000140 0.000162 0.000078 0.000026 0.094309 0.007688 1.708471
0.898472 0.000135 0.000161 0.000076 0.000024 0.093445 0.007688 1.708483
0.899306 0.000132 0.000157 0.000077 0.000022 0.092617 0.007688 1.708497
0.900122 0.000128 0.000152 0.000079 0.000022 0.091809 0.007688 1.708511
0.900909 0.000121 0.000152 0.000080 0.000020 0.091029 0.007689 1.708526
0.901687 0.000119 0.000148 0.000081 0.000019 0.090255 0.007689 1.708539
0.902438 0.000120 0.000144 0.000079 0.000020 0.089509 0.007689 1.708547
0.903180 0.000112 0.000140 0.000078 0.000020 0.088779 0.007690 1.708560
0.903898 0.000111 0.000136 0.000077 0.000019 0.088067 0.007690 1.708571
0.904551 0.000108 0.000134 0.000076 0.000017 0.087422 0.007690 1.708582
0.905230 0.000111 0.000129 0.000074 0.000016 0.086750 0.007690 1.708590
0.905845 0.000107 0.000128 0.000069 0.000016 0.086144 0.007690 1.708601
0.906488 0.000099 0.000124 0.000069 0.000015 0.085514 0.007691 1.708615
0.907103 0.000092 0.000121 0.000069 0.000014 0.084908 0.007691 1.708628
0.907667 0.000095 0.000120 0.000066 0.000014 0.084345 0.007692 1.708637
0.908242 0.000089 0.000120 0.000066 0.000014 0.083777 0.007692 1.708649
0.908791 0.000088 0.000120 0.000064 0.000014 0.083231 0.007692 1.708657
0.909351 0.000083 0.000113 0.000062 0.000012 0.082685 0.007692 1.708665
0.909872 0.000081 0.000111 0.000060 0.000012 0.082170 0.007692 1.708670
0.910371 0.000074 0.000107 0.000058 0.000013 0.081684 0.007692 1.708680
0.910863 0.000071 0.000105 0.000056 0.000013 0.081199 0.007692 1.708687
0.911334 0.000069 0.000101 0.000056 0.000012 0.080734 0.007693 1.708697
0.911773 0.000068 0.000095 0.000053 0.000012 0.080305 0.007693 1.708702
0.912233 0.000065 0.000096 0.000050 0.000011 0.079851 0.007693 1.708709
0.912676 0.000061 0.000093 0.000050 0.000010 0.079415 0.007693 1.708716
0.913132 0.000058 0.000089 0.000050 0.000010 0.078966 0.007694 1.708723
0.913542 0.000056 0.000086 0.000048 0.000009 0.078565 0.007694 1.708730
0.913938 0.000052 0.000078 0.000048 0.000010 0.078179 0.007694 1.708737
0.914320 0.000052 0.000071 0.000046 0.000010 0.077808 0.007694 1.708740
0.914698 0.000049 0.000070 0.000042 0.000010 0.077437 0.007694 1.708744
0.915062 0.000046 0.000068 0.000043 0.000009 0.077077 0.007694 1.708750
0.915380 0.000045 0.000065 0.000043 0.000009 0.076764 0.007694 1.708754
0.915730 0.000045 0.000065 0.000039 0.000009 0.076417 0.007694 1.708758
0.916066 0.000042 0.000069 0.000038 0.000009 0.076081 0.007694 1.708765
0.916394 0.000037 0.000068 0.000040 0.000010 0.075757 0.007694 1.708773
0.916710 0.000039 0.000064 0.000041 0.000010 0.075443 0.007694 1.708776
0.917004 0.000038 0.000063 0.000037 0.000009 0.075155 0.007694 1.708781
0.917287 0.000034 0.000061 0.000036 0.000009 0.074878 0.007694 1.708785
0.917586 0.000031 0.000058 0.000036 0.000008 0.074586 0.007695 1.708790
0.917853 0.000030 0.000056 0.000034 0.000008 0.074323 0.007695 1.708793
0.918150 0.000028 0.000053 0.000034 0.000008 0.074033 0.007695 1.708798
0.918407 0.000032 0.000050 0.000030 0.000008 0.073779 0.007695 1.708798
0.918656 0.000031 0.000050 0.000031 0.000008 0.073530 0.007695 1.708802
0.918881 0.000031 0.000050 0.000029 0.000008 0.073306 0.007695 1.708805
0.919104 0.000031 0.000049 0.000029 0.000007 0.073085 0.007695 1.708808
0.919346 0.000028 0.000047 0.000029 0.000007 0.072846 0.007695 1.708813
0.919559 0.000029 0.000044 0.000026 0.000007 0.072641 0.007695 1.708815
0.919751 0.000030 0.000044 0.000022 0.000007 0.072450 0.007695 1.708818
0.919944 0.000030 0.000041 0.000022 0.000007 0.072263 0.007695 1.708820
0.920153 0.000032 0.000038 0.000020 0.000006 0.072055 0.007695 1.708821
0.920350 0.000030 0.000037 0.000021 0.000006 0.071861 0.007695 1.708827
0.920508 0.000031 0.000034 0.000023 0.000005 0.071705 0.007695 1.708830
0.920694 0.000027 0.000036 0.000023 0.000005 0.071521 0.007695 1.708835
0.920852 0.000027 0.000035 0.000023 0.000004 0.071362 0.007695 1.708837
0.921013 0.000026 0.000035 0.000022 0.000003 0.071204 0.007695 1.708840
0.921154 0.000026 0.000034 0.000022 0.000003 0.071065 0.007695 1.708842
0.921303 0.000025 0.000035 0.000020 0.000003 0.070918 0.007695 1.708844
0.921446 0.000027 0.000034 0.000020 0.000003 0.070775 0.007695 1.708846
0.921598 0.000026 0.000033 0.000020 0.000003 0.070624 0.007695 1.708850
0.921735 0.000027 0.000032 0.000019 0.000003 0.070488 0.007695 1.708852
0.921860 0.000030 0.000027 0.000017 0.000003 0.070367 0.007695 1.708853
0.921971 0.000031 0.000025 0.000017 0.000003 0.070257 0.007695 1.708855
0.922073 0.000030 0.000026 0.000017 0.000003 0.070155 0.007695 1.708858
0.922177 0.000032 0.000024 0.000016 0.000003 0.070053 0.007695 1.708859
0.922278 0.000034 0.000024 0.000017 0.000003 0.069948 0.007695 1.708860
0.922367 0.000031 0.000026 0.000017 0.000003 0.069860 0.007695 1.708864
0.922467 0.000033 0.000027 0.000016 0.000003 0.069760 0.007695 1.708866
0.922552 0.000030 0.000028 0.000015 0.000003 0.069676 0.007696 1.708870
0.922642 0.000028 0.000028 0.000016 0.000003 0.069587 0.007696 1.708874
0.922724 0.000027 0.000028 0.000014 0.000003 0.069507 0.007696 1.708876
0.922816 0.000027 0.000028 0.000014 0.000003 0.069416 0.007696 1.708876
0.922897 0.000025 0.000027 0.000015 0.000003 0.069337 0.007696 1.708881
0.922976 0.000024 0.000029 0.000014 0.000003 0.069257 0.007696 1.708883
0.923052 0.000025 0.000028 0.000014 0.000003 0.069182 0.007696 1.708884
0.923123 0.000024 0.000028 0.000012 0.000003 0.069113 0.007697 1.708887
0.923186 0.000023 0.000028 0.000013 0.000002 0.069051 0.007697 1.708889
0.923253 0.000023 0.000029 0.000012 0.000002 0.068983 0.007697 1.708893
0.923308 0.000020 0.000028 0.000014 0.000002 0.068932 0.007697 1.708895
0.923367 0.000020 0.000026 0.000013 0.000002 0.068874 0.007697 1.708897
0.923427 0.000020 0.000026 0.000012 0.000003 0.068815 0.007697 1.708898
0.923479 0.000019 0.000024 0.000012 0.000003 0.068766 0.007697 1.708900
0.923526 0.000020 0.000024 0.000012 0.000003 0.068720 0.007697 1.708901
0.923578 0.000020 0.000023 0.000012 0.000003 0.068667 0.007697 1.708902
0.923636 0.000021 0.000023 0.000009 0.000003 0.068611 0.007697 1.708904
0.923683 0.000019 0.000024 0.000010 0.000003 0.068565 0.007697 1.708907
0.923739 0.000021 0.000024 0.000011 0.000003 0.068507 0.007697 1.708908
0.923777 0.000022 0.000023 0.000011 0.000003 0.068468 0.007697 1.708909
0.923829 0.000019 0.000026 0.000012 0.000003 0.068416 0.007697 1.708913
0.923874 0.000018 0.000024 0.000011 0.000003 0.068373 0.007697 1.708915
0.923918 0.000017 0.000024 0.000011 0.000003 0.068332 0.007697 1.708917
0.923956 0.000017 0.000023 0.000010 0.000003 0.068296 0.007697 1.708918
0.923990 0.000018 0.000022 0.000008 0.000003 0.068262 0.007697 1.708918
0.924025 0.000016 0.000021 0.000009 0.000003 0.068231 0.007697 1.708920
0.924065 0.000014 0.000022 0.000009 0.000003 0.068190 0.007697 1.708922
0.924102 0.000014 0.000021 0.000009 0.000003 0.068155 0.007697 1.708924
0.924143 0.000015 0.000019 0.000009 0.000003 0.068115 0.007697 1.708924
0.924175 0.000015 0.000019 0.000009 0.000004 0.068082 0.007697 1.708925
0.924208 0.000016 0.000017 0.000008 0.000003 0.068050 0.007697 1.708925
0.924235 0.000016 0.000015 0.000009 0.000003 0.068026 0.007697 1.708928
0.924269 0.000016 0.000012 0.000009 0.000003 0.067994 0.007697 1.708929
0.924308 0.000017 0.000013 0.000009 0.000003 0.067955 0.007697 1.708930
0.924338 0.000016 0.000013 0.000008 0.000003 0.067926 0.007697 1.708931
0.924366 0.000016 0.000013 0.000008 0.000002 0.067897 0.007697 1.708931
0.924397 0.000016 0.000013 0.000009 0.000002 0.067867 0.007697 1.708932
0.924423 0.000013 0.000016 0.000009 0.000002 0.067840 0.007697 1.708936
0.924452 0.000013 0.000014 0.000008 0.000002 0.067813 0.007697 1.708936
0.924473 0.000013 0.000014 0.000008 0.000002 0.067793 0.007697 1.708937
0.924494 0.000013 0.000015 0.000008 0.000002 0.067771 0.007697 1.708939
0.924517 0.000014 0.000014 0.000008 0.000002 0.067747 0.007697 1.708940
0.924547 0.000011 0.000017 0.000009 0.000002 0.067719 0.007697 1.708944
0.924566 0.000011 0.000016 0.000009 0.000002 0.067701 0.007697 1.708945
0.924584 0.000011 0.000016 0.000009 0.000001 0.067681 0.007698 1.708946
0.924606 0.000012 0.000017 0.000010 0.000001 0.067658 0.007698 1.708948
0.924629 0.000013 0.000016 0.000009 0.000001 0.067635 0.007698 1.708949
0.924649 0.000012 0.000014 0.000011 0.000001 0.067616 0.007698 1.708951
0.924678 0.000012 0.000015 0.000011 0.000001 0.067586 0.007698 1.708952
0.924697 0.000012 0.000014 0.000010 0.000001 0.067568 0.007698 1.708953
0.924718 0.000012 0.000014 0.000010 0.000001 0.067548 0.007698 1.708953
0.924736 0.000011 0.000015 0.000009 0.000001 0.067531 0.007698 1.708955
0.924758 0.000011 0.000013 0.000008 0.000001 0.067511 0.007698 1.708955
0.924776 0.000012 0.000013 0.000008 0.000001 0.067493 0.007698 1.708956
0.924797 0.000011 0.000015 0.000007 0.000001 0.067472 0.007698 1.708958
0.924814 0.000013 0.000014 0.000007 0.000001 0.067455 0.007698 1.708959
0.924835 0.000013 0.000013 0.000007 0.000001 0.067433 0.007698 1.708959
0.924855 0.000013 0.000013 0.000007 0.000001 0.067413 0.007698 1.708960
0.924871 0.000013 0.000013 0.000008 0.000000 0.067396 0.007698 1.708961
0.924889 0.000015 0.000013 0.000008 0.000000 0.067378 0.007698 1.708962
0.924908 0.000015 0.000014 0.000009 0.000000 0.067356 0.007698 1.708964
0.924926 0.000014 0.000013 0.000009 0.000000 0.067341 0.007698 1.708966
0.924944 0.000013 0.000014 0.000009 0.000000 0.067323 0.007698 1.708967
0.924957 0.000013 0.000014 0.000008 0.000000 0.067311 0.007698 1.708969
0.924971 0.000011 0.000015 0.000007 0.000000 0.067298 0.007698 1.708970
0.924987 0.000012 0.000014 0.000007 0.000000 0.067282 0.007698 1.708970
0.925003 0.000013 0.000015 0.000007 0.000000 0.067265 0.007698 1.708971
0.925016 0.000013 0.000014 0.000007 0.000000 0.067252 0.007698 1.708971
0.925032 0.000012 0.000013 0.000007 0.000000 0.067238 0.007698 1.708973
0.925054 0.000013 0.000012 0.000007 0.000000 0.067218 0.007698 1.708973
0.925065 0.000012 0.000012 0.000006 0.000000 0.067207 0.007698 1.708975
0.925081 0.000011 0.000012 0.000005 0.000000 0.067193 0.007698 1.708977
0.925093 0.000012 0.000012 0.000005 0.000000 0.067180 0.007698 1.708977
0.925110 0.000012 0.000012 0.000004 0.000000 0.067165 0.007698 1.708977
0.925125 0.000012 0.000011 0.000004 0.000000 0.067151 0.007698 1.708978
0.925135 0.000013 0.000012 0.000004 0.000000 0.067138 0.007698 1.708979
0.925147 0.000013 0.000011 0.000005 0.000000 0.067125 0.007698 1.708980
0.925162 0.000011 0.000012 0.000005 0.000000 0.067111 0.007698 1.708982
0.925173 0.000010 0.000014 0.000005 0.000000 0.067100 0.007698 1.708985
0.925182 0.000011 0.000014 0.000005 0.000000 0.067090 0.007698 1.708986
0.925195 0.000011 0.000014 0.000005 0.000000 0.067077 0.007698 1.708986
0.925203 0.000010 0.000014 0.000006 0.000000 0.067069 0.007698 1.708988
0.925211 0.000010 0.000013 0.000006 0.000000 0.067063 0.007698 1.708988
0.925221 0.000008 0.000012 0.000007 0.000000 0.067054 0.007698 1.708990
0.925235 0.000008 0.000012 0.000007 0.000000 0.067041 0.007698 1.708990
0.925247 0.000008 0.000012 0.000007 0.000001 0.067027 0.007698 1.708990
0.925254 0.000009 0.000012 0.000006 0.000001 0.067021 0.007698 1.708990
0.925261 0.000009 0.000011 0.000005 0.000001 0.067015 0.007698 1.708991
0.925267 0.000011 0.000012 0.000005 0.000001 0.067007 0.007698 1.708991
0.925275 0.000012 0.000012 0.000005 0.000001 0.066998 0.007698 1.708992
0.925283 0.000012 0.000012 0.000004 0.000001 0.066991 0.007698 1.708992
0.925290 0.000010 0.000012 0.000005 0.000001 0.066984 0.007698 1.708994
0.925298 0.000011 0.000011 0.000005 0.000001 0.066976 0.007698 1.708994
0.925308 0.000012 0.000011 0.000004 0.000001 0.066967 0.007698 1.708994
0.925315 0.000013 0.000011 0.000003 0.000000 0.066961 0.007698 1.708994
0.925321 0.000013 0.000010 0.000003 0.000001 0.066954 0.007698 1.708995
0.925328 0.000013 0.000010 0.000003 0.000001 0.066948 0.007698 1.708996
0.925335 0.000014 0.000009 0.000003 0.000001 0.066940 0.007698 1.708996
0.925345 0.000012 0.000010 0.000003 0.000000 0.066933 0.007698 1.708998
0.925351 0.000010 0.000010 0.000004 0.000000 0.066926 0.007698 1.709000
0.925358 0.000010 0.000010 0.000004 0.000000 0.066921 0.007698 1.709001
0.925362 0.000008 0.000010 0.000004 0.000000 0.066917 0.007698 1.709002
0.925365 0.000008 0.000011 0.000005 0.000000 0.066913 0.007698 1.709003
0.925370 0.000007 0.000011 0.000006 0.000000 0.066909 0.007698 1.709005
0.925376 0.000007 0.000012 0.000006 0.000000 0.066902 0.007698 1.709006
0.925380 0.000008 0.000012 0.000006 0.000000 0.066897 0.007698 1.709007
0.925383 0.000007 0.000012 0.000007 0.000000 0.066893 0.007698 1.709008
0.925391 0.000007 0.000012 0.000007 0.000000 0.066887 0.007698 1.709008
0.925395 0.000009 0.000011 0.000007 0.000000 0.066882 0.007698 1.709009
0.925397 0.000008 0.000011 0.000006 0.000000 0.066881 0.007698 1.709010
0.925401 0.000008 0.000010 0.000006 0.000000 0.066878 0.007698 1.709011
0.925405 0.000008 0.000009 0.000006 0.000000 0.066876 0.007698 1.709011
0.925407 0.000006 0.000008 0.000006 0.000000 0.066875 0.007698 1.709013
0.925412 0.000006 0.000009 0.000005 0.000000 0.066871 0.007698 1.709014
0.925416 0.000006 0.000009 0.000005 0.000000 0.066866 0.007698 1.709014
0.925422 0.000004 0.000010 0.000006 0.000000 0.066861 0.007698 1.709016
0.925424 0.000004 0.000009 0.000006 0.000000 0.066859 0.007698 1.709016
0.925428 0.000003 0.000010 0.000006 0.000000 0.066856 0.007698 1.709016
0.925433 0.000003 0.000010 0.000005 0.000000 0.066852 0.007698 1.709016
0.925434 0.000005 0.000009 0.000006 0.000000 0.066849 0.007698 1.709017
0.925436 0.000005 0.000010 0.000005 0.000000 0.066848 0.007698 1.709017
0.925440 0.000004 0.000009 0.000004 0.000000 0.066847 0.007698 1.709018
0.925443 0.000004 0.000008 0.000004 0.000000 0.066845 0.007698 1.709018
0.925444 0.000003 0.000008 0.000003 0.000000 0.066844 0.007698 1.709019
0.925447 0.000003 0.000007 0.000003 0.000000 0.066842 0.007698 1.709020
0.925450 0.000003 0.000007 0.000004 0.000000 0.066838 0.007698 1.709021
0.925452 0.000004 0.000007 0.000004 0.000000 0.066836 0.007698 1.709021
0.925455 0.000004 0.000007 0.000004 0.000000 0.066834 0.007698 1.709021
0.925459 0.000003 0.000007 0.000004 0.000000 0.066830 0.007698 1.709022
0.925463 0.000003 0.000007 0.000004 0.000000 0.066826 0.007698 1.709022
0.925466 0.000003 0.000007 0.000003 0.000000 0.066824 0.007698 1.709022
0.925468 0.000003 0.000007 0.000003 0.000000 0.066823 0.007698 1.709022
0.925471 0.000004 0.000007 0.000003 0.000000 0.066818 0.007698 1.709023
0.925475 0.000004 0.000007 0.000003 0.000000 0.066814 0.007698 1.709023
0.925476 0.000005 0.000007 0.000002 0.000000 0.066814 0.007698 1.709023
0.925480 0.000004 0.000006 0.000002 0.000000 0.066811 0.007698 1.709024
0.925482 0.000003 0.000005 0.000002 0.000000 0.066810 0.007698 1.709024
0.925484 0.000003 0.000005 0.000003 0.000000 0.066808 0.007698 1.709025
0.925486 0.000003 0.000005 0.000003 0.000000 0.066806 0.007698 1.709026
0.925488 0.000003 0.000003 0.000003 0.000000 0.066806 0.007698 1.709026
0.925492 0.000003 0.000003 0.000003 0.000000 0.066803 0.007698 1.709026
0.925494 0.000003 0.000003 0.000003 0.000000 0.066800 0.007698 1.709026
0.925496 0.000003 0.000003 0.000002 0.000000 0.066798 0.007698 1.709026
0.925497 0.000003 0.000004 0.000001 0.000000 0.066798 0.007698 1.709027
0.925499 0.000003 0.000004 0.000001 0.000000 0.066796 0.007698 1.709027
0.925501 0.000002 0.000004 0.000001 0.000000 0.066794 0.007698 1.709028
0.925501 0.000002 0.000005 0.000000 0.000000 0.066794 0.007698 1.709028
0.925501 0.000001 0.000004 0.000001 0.000000 0.066794 0.007698 1.709029
0.925503 0.000001 0.000004 0.000001 0.000000 0.066793 0.007698 1.709029
0.925505 0.000001 0.000004 0.000001 0.000000 0.066791 0.007698 1.709029
0.925506 0.000001 0.000005 0.000001 0.000000 0.066790 0.007698 1.709029
0.925508 0.000001 0.000005 0.000001 0.000000 0.066788 0.007698 1.709029
0.925509 0.000001 0.000005 0.000001 0.000000 0.066787 0.007698 1.709029
0.925510 0.000001 0.000004 0.000001 0.000000 0.066786 0.007698 1.709029
0.925512 0.000001 0.000003 0.000001 0.000000 0.066786 0.007698 1.709029
0.925513 0.000000 0.000003 0.000002 0.000000 0.066784 0.007698 1.709030
0.925516 0.000000 0.000003 0.000002 0.000000 0.066782 0.007698 1.709030
0.925517 0.000000 0.000003 0.000002 0.000000 0.066781 0.007698 1.709030
0.925519 0.000001 0.000003 0.000002 0.000000 0.066778 0.007698 1.709030
0.925520 0.000001 0.000002 0.000002 0.000000 0.066778 0.007698 1.709030
0.925521 0.000001 0.000002 0.000002 0.000000 0.066777 0.007698 1.709030
0.925523 0.000001 0.000002 0.000002 0.000000 0.066775 0.007698 1.709030
0.925525 0.000001 0.000002 0.000001 0.000000 0.066775 0.007698 1.709030
0.925525 0.000001 0.000000 0.000001 0.000000 0.066775 0.007698 1.709030
0.925527 0.000001 0.000000 0.000001 0.000000 0.066773 0.007698 1.709030
0.925528 0.000001 0.000000 0.000001 0.000000 0.066772 0.007698 1.709030
0.925530 0.000001 0.000000 0.000001 0.000000 0.066770 0.007698 1.709030
0.925530 0.000001 0.000000 0.000002 0.000000 0.066769 0.007698 1.709030
0.925531 0.000001 0.000000 0.000002 0.000000 0.066768 0.007698 1.709030
0.925532 0.000001 0.000000 0.000002 0.000000 0.066768 0.007698 1.709030
0.925533 0.000001 0.000000 0.000002 0.000000 0.066767 0.007698 1.709030
0.925533 0.000001 0.000000 0.000002 0.000000 0.066767 0.007698 1.709030
0.925534 0.000001 0.000000 0.000002 0.000000 0.066766 0.007698 1.709030
0.925535 0.000001 0.000000 0.000002 0.000000 0.066765 0.007698 1.709030
0.925536 0.000001 0.000000 0.000002 0.000000 0.066764 0.007698 1.709030
0.925536 0.000001 0.000000 0.000002 0.000000 0.066763 0.007698 1.709031
0.925537 0.000001 0.000000 0.000002 0.000000 0.066762 0.007698 1.709031
0.925538 0.000001 0.000000 0.000002 0.000000 0.066761 0.007698 1.709031
0.925539 0.000001 0.000000 0.000002 0.000000 0.066760 0.007698 1.709031
0.925540 0.000001 0.000000 0.000002 0.000000 0.066759 0.007698 1.709031
0.925541 0.000001 0.000000 0.000002 0.000000 0.066758 0.007698 1.709031
0.925542 0.000000 0.000001 0.000002 0.000000 0.066758 0.007698 1.709031
0.925542 0.000000 0.000001 0.000000 0.000000 0.066758 0.007698 1.709031
0.925543 0.000000 0.000001 0.000000 0.000000 0.066757 0.007698 1.709031
0.925544 0.000000 0.000000 0.000000 0.000000 0.066757 0.007698 1.709031
0.925544 0.000000 0.000000 0.000000 0.000000 0.066757 0.007698 1.709031
0.925546 0.000000 0.000000 0.000000 0.000000 0.066756 0.007698 1.709031
0.925546 0.000000 0.000000 0.000000 0.000000 0.066755 0.007698 1.709031
0.925547 0.000000 0.000000 0.000000 0.000000 0.066754 0.007698 1.709031
0.925548 0.000000 0.000000 0.000000 0.000000 0.066753 0.007698 1.709031
0.925550 0.000000 0.000000 0.000000 0.000000 0.066752 0.007698 1.709031
0.925551 0.000000 0.000000 0.000000 0.000000 0.066751 0.007698 1.709031
0.925552 0.000000 0.000000 0.000000 0.000000 0.066750 0.007698 1.709031
0.925552 0.000000 0.000000 0.000000 0.000000 0.066750 0.007698 1.709031
0.925553 0.000000 0.000000 0.000000 0.000000 0.066749 0.007698 1.709031
0.925553 0.000000 0.000000 0.000000 0.000000 0.066749 0.007698 1.709031
0.925554 0.000000 0.000000 0.000000 0.000000 0.066748 0.007698 1.709031
0.925554 0.000000 0.000000 0.000000 0.000000 0.066748 0.007698 1.709031
0.925555 0.000000 0.000000 0.000000 0.000000 0.066747 0.007698 1.709031
0.925555 0.000000 0.000000 0.000000 0.000000 0.066747 0.007698 1.709031
0.925556 0.000000 0.000000 0.000000 0.000000 0.066746 0.007698 1.709031
0.925556 0.000000 0.000000 0.000000 0.000000 0.066746 0.007698 1.709031
0.925557 0.000000 0.000000 0.000000 0.000000 0.066745 0.007698 1.709031
0.925557 0.000000 0.000000 0.000000 0.000000 0.066745 0.007698 1.709032
0.925557 0.000000 0.000000 0.000000 0.000000 0.066745 0.007698 1.709032
0.925558 0.000000 0.000000 0.000000 0.000000 0.066744 0.007698 1.709032
0.925559 0.000000 0.000000 0.000000 0.000000 0.066743 0.007698 1.709032
0.925559 0.000000 0.000000 0.000000 0.000000 0.066744 0.007698 1.709032
0.925559 0.000000 0.000000 0.000000 0.000000 0.066744 0.007698 1.709032
0.925559 0.000000 0.000000 0.000000 0.000000 0.066744 0.007698 1.709032
0.925559 0.000000 0.000000 0.000000 0.000000 0.066744 0.007698 1.709032
0.925559 0.000000 0.000000 0.000000 0.000000 0.066744 0.007698 1.709032
0.925559 0.000000 0.000000 0.000000 0.000000 0.066744 0.007698 1.709032
0.925559 0.000000 0.000000 0.000000 0.000000 0.066744 0.007698 1.709032
0.925559 0.000000 0.000000 0.000000 0.000000 0.066744 0.007698 1.709032
0.925559 0.000000 0.000000 0.000000 0.000000 0.066744 0.007698 1.709032
0.925559 0.000000 0.000000 0.000000 0.000000 0.066744 0.007698 1.709032
0.925559 0.000000 0.000000 0.000000 0.000000 0.066744 0.007698 1.709032
0.925559 0.000000 0.000000 0.000000 0.000000 0.066744 0.007698 1.709032
0.925559 0.000000 0.000000 0.000000 0.000000 0.066744 0.007698 1.709032
0.925559 0.000000 0.000000 0.000000 0.000000 0.066744 0.007698 1.709032
0.925559 0.000000 0.000000 0.000000 0.000000 0.066744 0.007698 1.709032
0.925559 0.000000 0.000000 0.000000 0.000000 0.066744 0.007698 1.709032
0.925559 0.000000 0.000000 0.000000 0.000000 0.066744 0.007698 1.709032
0.925559 0.000000 0.000000 0.000000 0.000000 0.066744 0.007698 1.709032
0.925559 0.000000 0.000000 0.000000 0.000000 0.066744 0.007698 1.709032
0.925559 0.000000 0.000000 0.000000 0.000000 0.066744 0.007698 1.709032
0.925559 0.000000 0.000000 0.000000 0.000000 0.066744 0.007698 1.709032
0.925559 0.000000 0.000000 0.000000 0.000000 0.066744 0.007698 1.709032
0.925559 0.000000 0.000000 0.000000 0.000000 0.066744 0.007698 1.709032
0.925559 0.000000 0.000000 0.000000 0.000000 0.066744 0.007698 1.709032
0.925559 0.000000 0.000000 0.000000 0.000000 0.066744 0.007698 1.709032
0.925559 0.000000 0.000000 0.000000 0.000000 0.066744 0.007698 1.709032
0.925559 0.000000 0.000000 0.000000 0.000000 0.066744 0.007698 1.709032
0.925559 0.000000 0.000000 0.000000 0.000000 0.066744 0.007698 1.709032
0.925559 0.000000 0.000000 0.000000 0.000000 0.066744 0.007698 1.709032
0.925559 0.000000 0.000000 0.000000 0.000000 0.066744 0.007698 1.709032
0.925559 0.000000 0.000000 0.000000 0.000000 0.066744 0.007698 1.709032
0.925559 0.000000 0.000000 0.000000 0.000000 0.066744 0.007698 1.709032
0.925559 0.000000 0.000000 0.000000 0.000000 0.066744 0.007698 1.709032
0.925559 0.000000 0.000000 0.000000 0.000000 0.066744 0.007698 1.709032
0.925559 0.000000 0.000000 0.000000 0.000000 0.066744 0.007698 1.709032
0.925559 0.000000 0.000000 0.000000 0.000000 0.066744 0.007698 1.709032
0.925559 0.000000 0.000000 0.000000 0.000000 0.066744 0.007698 1.709032
0.925559 0.000000 0.000000 0.000000 0.000000 0.066744 0.007698 1.709032
0.925559 0.000000 0.000000 0.000000 0.000000 0.066744 0.007698 1.709032
0.925559 0.000000 0.000000 0.000000 0.000000 0.066744 0.007698 1.709032
0.925559 0.000000 0.000000 0.000000 0.000000 0.066744 0.007698 1.709032
0.925559 0.000000 0.000000 0.000000 0.000000 0.066744 0.007698 1.709032
0.925559 0.000000 0.000000 0.000000 0.000000 0.066744 0.007698 1.709032
0.925559 0.000000 0.000000 0.000000 0.000000 0.066744 0.007698 1.709032
0.925559 0.000000 0.000000 0.000000 0.000000 0.066744 0.007698 1.709032
0.925559 0.000000 0.000000 0.000000 0.000000 0.066744 0.007698 1.709032
0.925559 0.000000 0.000000 0.000000 0.000000 0.066744 0.007698 1.709032
0.925559 0.000000 0.000000 0.000000 0.000000 0.066744 0.007698 1.709032
0.925559 0.000000 0.000000 0.000000 0.000000 0.066744 0.007698 1.709032
0.925559 0.000000 0.000000 0.000000 0.000000 0.066744 0.007698 1.709032
0.925559 0.000000 0.000000 0.000000 0.000000 0.066744 0.007698 1.709032
0.925559 0.000000 0.000000 0.000000 0.000000 0.066744 0.007698 1.709032
0.925559 0.000000 0.000000 0.000000 0.000000 0.066744 0.007698 1.709032
0.925559 0.000000 0.000000 0.000000 0.000000 0.066744 0.007698 1.709032
0.925559 0.000000 0.000000 0.000000 0.000000 0.066744 0.007698 1.709032
0.925559 0.000000 0.000000 0.000000 0.000000 0.066744 0.007698 1.709032
0.925559 0.000000 0.000000 0.000000 0.000000 0.066744 0.007698 1.709032
0.925559 0.000000 0.000000 0.000000 0.000000 0.066744 0.007698 1.709032
0.925559 0.000000 0.000000 0.000000 0.000000 0.066744 0.007698 1.709032
0.925559 0.000000 0.000000 0.000000 0.000000 0.066744 0.007698 1.709032
0.925559 0.000000 0.000000 0.000000 0.000000 0.066744 0.007698 1.709032
0.925559 0.000000 0.000000 0.000000 0.000000 0.066744 0.007698 1.709032
0.925559 0.000000 0.000000 0.000000 0.000000 0.066744 0.007698 1.709032
0.925559 0.000000 0.000000 0.000000 0.000000 0.066744 0.007698 1.709032
0.925559 0.000000 0.000000 0.000000 0.000000 0.066744 0.007698 1.709032
0.925559 0.000000 0.000000 0.000000 0.000000 0.066744 0.007698 1.709032
0.925559 0.000000 0.000000 0.000000 0.000000 0.066744 0.007698 1.709032
0.925559 0.000000 0.000000 0.000000 0.000000 0.066744 0.007698 1.709032
0.925559 0.000000 0.000000 0.000000 0.000000 0.066744 0.007698 1.709032
0.925559 0.000000 0.000000 0.000000 0.000000 0.066744 0.007698 1.709032
0.925559 0.000000 0.000000 0.000000 0.000000 0.066744 0.007698 1.709032
0.925559 0.000000 0.000000 0.000000 0.000000 0.066744 0.007698 1.709032
0.925559 0.000000 0.000000 0.000000 0.000000 0.066744 0.007698 1.709032
0.925559 0.000000 0.000000 0.000000 0.000000 0.066744 0.007698 1.709032
0.925559 0.000000 0.000000 0.000000 0.000000 0.066744 0.007698 1.709032
0.925559 0.000000 0.000000 0.000000 0.000000 0.066744 0.007698 1.709032
0.925559 0.000000 0.000000 0.000000 0.000000 0.066744 0.007698 1.709032
0.925559 0.000000 0.000000 0.000000 0.000000 0.066744 0.007698 1.709032
0.925559 0.000000 0.000000 0.000000 0.000000 0.066744 0.007698 1.709032
0.925559 0.000000 0.000000 0.000000 0.000000 0.066744 0.007698 1.709032
0.925559 0.000000 0.000000 0.000000 0.000000 0.066744 0.007698 1.709032
0.925559 0.000000 0.000000 0.000000 0.000000 0.066744 0.007698 1.709032
0.925559 0.000000 0.000000 0.000000 0.000000 0.066744 0.007698 1.709032
0.925559 0.000000 0.000000 0.000000 0.000000 0.066744 0.007698 1.709032
0.925559 0.000000 0.000000 0.000000 0.000000 0.066744 0.007698 1.709032
0.925559 0.000000 0.000000 0.000000 0.000000 0.066744 0.007698 1.709032
0.925559 0.000000 0.000000 0.000000 0.000000 0.066744 0.007698 1.709032
0.925559 0.000000 0.000000 0.000000 0.000000 0.066744 0.007698 1.709032
0.925559 0.000000 0.000000 0.000000 0.000000 0.066744 0.007698 1.709032
0.925559 0.000000 0.000000 0.000000 0.000000 0.066744 0.007698 1.709032
0.925559 0.000000 0.000000 0.000000 0.000000 0.066744 0.007698 1.709032
0.925559 0.000000 0.000000 0.000000 0.000000 0.066744 0.007698 1.709032
0.925559 0.000000 0.000000 0.000000 0.000000 0.066744 0.007698 1.709032
0.925559 0.000000 0.000000 0.000000 0.000000 0.066744 0.007698 1.709032
0.925559 0.000000 0.000000 0.000000 0.000000 0.066744 0.007698 1.709032
0.925559 0.000000 0.000000 0.000000 0.000000 0.066744 0.007698 1.709032
0.925559 0.000000 0.000000 0.000000 0.000000 0.066744 0.007698 1.709032
0.925559 0.000000 0.000000 0.000000 0.000000 0.066744 0.007698 1.709032
0.925559 0.000000 0.000000 0.000000 0.000000 0.066744 0.007698 1.709032
0.925559 0.000000 0.000000 0.000000 0.000000 0.066744 0.007698 1.709032
0.925559 0.000000 0.000000 0.000000 0.000000 0.066744 0.007698 1.709032
0.925559 0.000000 0.000000 0.000000 0.000000 0.066744 0.007698 1.709032
0.925559 0.000000 0.000000 0.000000 0.000000 0.066744 0.007698 1.709032
0.925559 0.000000 0.000000 0.000000 0.000000 0.066744 0.007698 1.709032
0.925559 0.000000 0.000000 0.000000 0.000000 0.066744 0.007698 1.709032
0.925559 0.000000 0.000000 0.000000 0.000000 0.066744 0.007698 1.709032
0.925559 0.000000 0.000000 0.000000 0.000000 0.066744 0.007698 1.709032
0.925559 0.000000 0.000000 0.000000 0.000000 0.066744 0.007698 1.709032
0.925559 0.000000 0.000000 0.000000 0.000000 0.066744 0.007698 1.709032
