0.350110 0.062902 0.056139 0.032389 0.002139 0.490364 0.005956 1.596862
0.352905 0.060248 0.056100 0.032198 0.002136 0.490431 0.005982 1.602913
0.356587 0.056957 0.055932 0.031848 0.002138 0.490526 0.006011 1.608686
0.360744 0.053541 0.055566 0.031419 0.002141 0.490548 0.006041 1.614062
0.365358 0.050165 0.055014 0.030794 0.002136 0.490459 0.006073 1.619015
0.370211 0.046626 0.054397 0.030125 0.002123 0.490417 0.006101 1.623810
0.375316 0.043285 0.053548 0.029371 0.002119 0.490234 0.006127 1.628238
0.380483 0.040115 0.052534 0.028618 0.002100 0.489995 0.006154 1.632354
0.385803 0.037217 0.051292 0.027752 0.002088 0.489668 0.006181 1.636083
0.391206 0.034478 0.050053 0.026888 0.002087 0.489084 0.006204 1.639585
0.396683 0.031904 0.048741 0.026015 0.002061 0.488368 0.006227 1.642816
0.402233 0.029468 0.047418 0.025143 0.002053 0.487436 0.006249 1.645830
0.407782 0.027220 0.046023 0.024202 0.002042 0.486452 0.006279 1.648656
0.413254 0.025156 0.044566 0.023299 0.002011 0.485405 0.006308 1.651253
0.418881 0.023309 0.043038 0.022424 0.001981 0.484028 0.006338 1.653565
0.424400 0.021527 0.041652 0.021454 0.001954 0.482649 0.006365 1.655803
0.430037 0.019932 0.040156 0.020555 0.001922 0.481006 0.006392 1.657809
0.435585 0.018433 0.038585 0.019689 0.001881 0.479404 0.006423 1.659720
0.441196 0.017099 0.037079 0.018799 0.001868 0.477518 0.006442 1.661427
0.446818 0.015817 0.035616 0.017987 0.001835 0.475454 0.006473 1.663045
0.452434 0.014674 0.034169 0.017219 0.001786 0.473214 0.006505 1.664516
0.458103 0.013536 0.032796 0.016477 0.001760 0.470796 0.006531 1.665953
0.463707 0.012577 0.031304 0.015674 0.001744 0.468442 0.006551 1.667226
0.469205 0.011682 0.029924 0.014923 0.001720 0.465971 0.006575 1.668397
0.474751 0.010861 0.028660 0.014233 0.001691 0.463207 0.006598 1.669489
0.480320 0.010046 0.027389 0.013560 0.001658 0.460402 0.006624 1.670560
0.485766 0.009375 0.026115 0.012877 0.001625 0.457595 0.006647 1.671499
0.491196 0.008689 0.024937 0.012296 0.001582 0.454623 0.006677 1.672410
0.496637 0.008108 0.023695 0.011714 0.001558 0.451592 0.006696 1.673230
0.502089 0.007541 0.022637 0.011121 0.001520 0.448364 0.006727 1.674007
0.507497 0.007068 0.021580 0.010527 0.001499 0.445086 0.006744 1.674695
0.512779 0.006583 0.020509 0.009999 0.001474 0.441895 0.006760 1.675399
0.518070 0.006153 0.019495 0.009460 0.001445 0.438597 0.006781 1.676019
0.523417 0.005785 0.018554 0.008947 0.001401 0.435094 0.006802 1.676588
0.528676 0.005418 0.017640 0.008483 0.001362 0.431600 0.006821 1.677131
0.533927 0.005070 0.016788 0.008041 0.001323 0.428013 0.006840 1.677638
0.539114 0.004770 0.015963 0.007593 0.001286 0.424415 0.006859 1.678102
0.544260 0.004483 0.015136 0.007190 0.001244 0.420805 0.006882 1.678540
0.549320 0.004216 0.014430 0.006770 0.001223 0.417144 0.006897 1.678966
0.554288 0.003948 0.013716 0.006437 0.001183 0.413511 0.006919 1.679380
0.559220 0.003695 0.013028 0.006096 0.001149 0.409873 0.006938 1.679767
0.564082 0.003489 0.012358 0.005795 0.001118 0.406202 0.006955 1.680115
0.568953 0.003301 0.011720 0.005468 0.001092 0.402496 0.006971 1.680436
0.573829 0.003107 0.011121 0.005152 0.001065 0.398744 0.006984 1.680750
0.578719 0.002948 0.010535 0.004890 0.001029 0.394884 0.006997 1.681032
0.583462 0.002782 0.009995 0.004648 0.000990 0.391112 0.007012 1.681316
0.588199 0.002638 0.009497 0.004399 0.000963 0.387282 0.007022 1.681582
0.592963 0.002481 0.009059 0.004169 0.000940 0.383351 0.007037 1.681855
0.597660 0.002359 0.008606 0.003933 0.000905 0.379481 0.007058 1.682081
0.602154 0.002240 0.008146 0.003694 0.000875 0.375819 0.007072 1.682312
0.606681 0.002123 0.007766 0.003490 0.000853 0.372004 0.007082 1.682531
0.611206 0.002011 0.007409 0.003302 0.000825 0.368156 0.007093 1.682743
0.615664 0.001906 0.007057 0.003126 0.000801 0.364345 0.007102 1.682934
0.620046 0.001823 0.006676 0.002949 0.000773 0.360619 0.007114 1.683112
0.624462 0.001740 0.006374 0.002785 0.000752 0.356766 0.007123 1.683282
0.628863 0.001656 0.006050 0.002636 0.000742 0.352924 0.007130 1.683456
0.633123 0.001560 0.005776 0.002502 0.000716 0.349183 0.007142 1.683635
0.637341 0.001502 0.005470 0.002377 0.000691 0.345467 0.007152 1.683767
0.641612 0.001441 0.005167 0.002248 0.000664 0.341706 0.007163 1.683901
0.645755 0.001392 0.004892 0.002122 0.000639 0.338030 0.007172 1.684041
0.649867 0.001321 0.004640 0.002006 0.000614 0.334375 0.007179 1.684171
0.653901 0.001280 0.004407 0.001897 0.000594 0.330733 0.007188 1.684298
0.658048 0.001220 0.004176 0.001802 0.000566 0.326993 0.007197 1.684421
0.662036 0.001161 0.003984 0.001712 0.000544 0.323362 0.007202 1.684540
0.665974 0.001117 0.003769 0.001614 0.000534 0.319783 0.007209 1.684644
0.670005 0.001062 0.003592 0.001522 0.000524 0.316083 0.007214 1.684757
0.673817 0.001029 0.003427 0.001439 0.000509 0.312559 0.007221 1.684854
0.677673 0.000985 0.003254 0.001373 0.000492 0.308997 0.007227 1.684951
0.681441 0.000949 0.003069 0.001296 0.000480 0.305534 0.007232 1.685045
0.685143 0.000930 0.002901 0.001236 0.000458 0.302092 0.007241 1.685129
0.688838 0.000899 0.002760 0.001168 0.000442 0.298644 0.007249 1.685215
0.692546 0.000851 0.002622 0.001115 0.000430 0.295184 0.007253 1.685311
0.696234 0.000816 0.002482 0.001066 0.000416 0.291726 0.007262 1.685391
0.699826 0.000790 0.002363 0.001013 0.000403 0.288337 0.007268 1.685467
0.703370 0.000760 0.002243 0.000964 0.000389 0.285002 0.007272 1.685539
0.706883 0.000719 0.002139 0.000926 0.000377 0.281678 0.007279 1.685620
0.710280 0.000684 0.002039 0.000881 0.000366 0.278467 0.007285 1.685694
0.713618 0.000649 0.001935 0.000845 0.000358 0.275306 0.007290 1.685758
0.717057 0.000629 0.001834 0.000812 0.000343 0.272028 0.007299 1.685816
0.720430 0.000601 0.001757 0.000774 0.000332 0.268804 0.007304 1.685879
0.723718 0.000570 0.001679 0.000746 0.000324 0.265655 0.007308 1.685941
0.727010 0.000553 0.001610 0.000711 0.000313 0.262492 0.007313 1.685997
0.730260 0.000540 0.001540 0.000670 0.000305 0.259369 0.007316 1.686048
0.733468 0.000524 0.001469 0.000632 0.000295 0.256295 0.007318 1.686097
0.736600 0.000503 0.001400 0.000610 0.000285 0.253283 0.007320 1.686150
0.739701 0.000480 0.001336 0.000591 0.000274 0.250294 0.007324 1.686199
0.742755 0.000466 0.001277 0.000559 0.000265 0.247352 0.007327 1.686240
0.745811 0.000450 0.001216 0.000531 0.000259 0.244405 0.007330 1.686279
0.748793 0.000434 0.001175 0.000502 0.000251 0.241515 0.007332 1.686326
0.751772 0.000430 0.001117 0.000481 0.000243 0.238624 0.007334 1.686364
0.754644 0.000413 0.001060 0.000451 0.000238 0.235860 0.007335 1.686407
0.757564 0.000397 0.001008 0.000423 0.000230 0.233043 0.007337 1.686447
0.760493 0.000388 0.000959 0.000398 0.000224 0.230199 0.007341 1.686480
0.763324 0.000376 0.000908 0.000381 0.000213 0.227452 0.007347 1.686515
0.766189 0.000358 0.000862 0.000372 0.000207 0.224664 0.007348 1.686553
0.768924 0.000341 0.000831 0.000355 0.000199 0.221999 0.007352 1.686590
0.771665 0.000316 0.000806 0.000346 0.000188 0.219323 0.007357 1.686632
0.774337 0.000307 0.000773 0.000329 0.000183 0.216712 0.007360 1.686665
0.776997 0.000301 0.000740 0.000312 0.000175 0.214112 0.007364 1.686691
0.779660 0.000284 0.000718 0.000301 0.000170 0.211502 0.007365 1.686722
0.782239 0.000277 0.000683 0.000282 0.000165 0.208989 0.007366 1.686745
0.784836 0.000271 0.000660 0.000265 0.000162 0.206440 0.007368 1.686772
0.787377 0.000254 0.000639 0.000263 0.000156 0.203940 0.007372 1.686806
0.789872 0.000246 0.000618 0.000252 0.000154 0.201485 0.007373 1.686833
0.792354 0.000240 0.000591 0.000237 0.000147 0.199053 0.007377 1.686855
0.794826 0.000225 0.000567 0.000228 0.000143 0.196634 0.007378 1.686881
0.797228 0.000220 0.000529 0.000219 0.000136 0.194288 0.007380 1.686901
0.799637 0.000221 0.000508 0.000207 0.000132 0.191914 0.007382 1.686923
0.801969 0.000211 0.000490 0.000202 0.000130 0.189614 0.007384 1.686948
0.804272 0.000206 0.000462 0.000193 0.000125 0.187358 0.007386 1.686964
0.806606 0.000195 0.000456 0.000186 0.000119 0.185051 0.007388 1.686988
0.808918 0.000189 0.000437 0.000181 0.000116 0.182770 0.007390 1.687007
0.811165 0.000187 0.000419 0.000172 0.000114 0.180553 0.007390 1.687025
0.813429 0.000186 0.000394 0.000163 0.000109 0.178326 0.007394 1.687041
0.815630 0.000174 0.000379 0.000156 0.000105 0.176160 0.007397 1.687059
0.817863 0.000164 0.000358 0.000149 0.000102 0.173966 0.007398 1.687078
0.820034 0.000155 0.000342 0.000143 0.000099 0.171825 0.007400 1.687096
0.822146 0.000149 0.000327 0.000140 0.000095 0.169739 0.007403 1.687112
0.824223 0.000145 0.000316 0.000132 0.000094 0.167687 0.007403 1.687125
0.826254 0.000141 0.000302 0.000122 0.000091 0.165684 0.007405 1.687138
0.828218 0.000134 0.000285 0.000119 0.000088 0.163750 0.007406 1.687152
0.830207 0.000134 0.000272 0.000116 0.000084 0.161779 0.007408 1.687164
0.832155 0.000124 0.000260 0.000114 0.000080 0.159859 0.007409 1.687179
0.834015 0.000119 0.000253 0.000111 0.000078 0.158014 0.007410 1.687193
0.835842 0.000118 0.000249 0.000105 0.000075 0.156199 0.007411 1.687202
0.837701 0.000109 0.000247 0.000102 0.000073 0.154354 0.007413 1.687219
0.839507 0.000110 0.000235 0.000098 0.000069 0.152565 0.007416 1.687225
0.841334 0.000110 0.000226 0.000099 0.000067 0.150748 0.007417 1.687236
0.843064 0.000107 0.000212 0.000095 0.000065 0.149039 0.007417 1.687246
0.844744 0.000105 0.000202 0.000090 0.000061 0.147379 0.007418 1.687255
0.846442 0.000104 0.000193 0.000085 0.000061 0.145696 0.007418 1.687264
0.848092 0.000096 0.000191 0.000086 0.000058 0.144058 0.007419 1.687276
0.849694 0.000091 0.000185 0.000082 0.000056 0.142472 0.007420 1.687286
0.851304 0.000085 0.000178 0.000080 0.000053 0.140880 0.007420 1.687296
0.852852 0.000082 0.000171 0.000075 0.000053 0.139347 0.007420 1.687303
0.854349 0.000082 0.000165 0.000069 0.000049 0.137865 0.007420 1.687309
0.855805 0.000080 0.000156 0.000067 0.000048 0.136423 0.007421 1.687316
0.857257 0.000083 0.000146 0.000063 0.000047 0.134982 0.007421 1.687322
0.858637 0.000080 0.000140 0.000065 0.000047 0.133608 0.007421 1.687330
0.860017 0.000081 0.000136 0.000061 0.000046 0.132237 0.007421 1.687337
0.861258 0.000080 0.000136 0.000058 0.000045 0.131003 0.007421 1.687344
0.862544 0.000079 0.000133 0.000058 0.000042 0.129722 0.007423 1.687350
0.863809 0.000075 0.000129 0.000056 0.000040 0.128468 0.007424 1.687359
0.865040 0.000072 0.000126 0.000053 0.000038 0.127245 0.007426 1.687368
0.866198 0.000070 0.000121 0.000052 0.000037 0.126095 0.007426 1.687375
0.867341 0.000072 0.000113 0.000048 0.000036 0.124963 0.007427 1.687381
0.868416 0.000068 0.000112 0.000049 0.000035 0.123893 0.007427 1.687389
0.869504 0.000064 0.000109 0.000047 0.000034 0.122814 0.007428 1.687396
0.870563 0.000062 0.000106 0.000045 0.000033 0.121762 0.007428 1.687403
0.871601 0.000059 0.000102 0.000044 0.000033 0.120734 0.007428 1.687410
0.872564 0.000058 0.000096 0.000044 0.000031 0.119779 0.007429 1.687415
0.873515 0.000055 0.000092 0.000043 0.000029 0.118838 0.007430 1.687421
0.874498 0.000053 0.000089 0.000038 0.000028 0.117864 0.007430 1.687425
0.875396 0.000050 0.000088 0.000036 0.000028 0.116972 0.007430 1.687429
0.876299 0.000049 0.000087 0.000036 0.000028 0.116072 0.007430 1.687434
0.877156 0.000046 0.000088 0.000035 0.000027 0.115220 0.007430 1.687440
0.878003 0.000047 0.000086 0.000035 0.000026 0.114373 0.007430 1.687444
0.878865 0.000044 0.000085 0.000036 0.000026 0.113514 0.007431 1.687449
0.879715 0.000044 0.000080 0.000034 0.000025 0.112671 0.007431 1.687453
0.880457 0.000043 0.000078 0.000031 0.000024 0.111937 0.007431 1.687456
0.881150 0.000042 0.000073 0.000029 0.000022 0.111252 0.007432 1.687460
0.881876 0.000040 0.000069 0.000030 0.000021 0.110533 0.007432 1.687464
0.882564 0.000040 0.000068 0.000029 0.000021 0.109846 0.007432 1.687467
0.883197 0.000038 0.000066 0.000028 0.000019 0.109220 0.007433 1.687470
0.883882 0.000036 0.000065 0.000029 0.000019 0.108536 0.007433 1.687475
0.884508 0.000036 0.000062 0.000029 0.000018 0.107914 0.007433 1.687479
0.885104 0.000038 0.000059 0.000029 0.000018 0.107319 0.007433 1.687481
0.885670 0.000040 0.000057 0.000029 0.000018 0.106754 0.007433 1.687484
0.886234 0.000038 0.000055 0.000026 0.000018 0.106197 0.007433 1.687488
0.886762 0.000037 0.000053 0.000027 0.000018 0.105669 0.007433 1.687491
0.887285 0.000040 0.000051 0.000023 0.000017 0.105150 0.007434 1.687492
0.887767 0.000037 0.000053 0.000022 0.000017 0.104670 0.007434 1.687497
0.888248 0.000039 0.000050 0.000022 0.000016 0.104190 0.007434 1.687500
0.888698 0.000038 0.000050 0.000021 0.000015 0.103744 0.007434 1.687504
0.889120 0.000036 0.000048 0.000021 0.000015 0.103325 0.007435 1.687507
0.889541 0.000034 0.000048 0.000021 0.000015 0.102906 0.007435 1.687511
0.889956 0.000034 0.000045 0.000020 0.000014 0.102495 0.007435 1.687513
0.890342 0.000032 0.000044 0.000019 0.000014 0.102114 0.007436 1.687517
0.890728 0.000033 0.000043 0.000018 0.000013 0.101728 0.007436 1.687518
0.891094 0.000033 0.000042 0.000018 0.000014 0.101363 0.007436 1.687521
0.891446 0.000031 0.000043 0.000017 0.000013 0.101013 0.007437 1.687525
0.891779 0.000029 0.000045 0.000018 0.000013 0.100678 0.007438 1.687530
0.892087 0.000030 0.000045 0.000017 0.000013 0.100369 0.007438 1.687531
0.892383 0.000031 0.000043 0.000017 0.000012 0.100076 0.007438 1.687534
0.892698 0.000033 0.000041 0.000016 0.000012 0.099763 0.007438 1.687535
0.892997 0.000033 0.000040 0.000015 0.000012 0.099467 0.007438 1.687536
0.893273 0.000032 0.000038 0.000015 0.000012 0.099194 0.007438 1.687539
0.893541 0.000030 0.000039 0.000016 0.000012 0.098925 0.007438 1.687545
0.893815 0.000029 0.000040 0.000015 0.000012 0.098652 0.007438 1.687548
0.894060 0.000031 0.000040 0.000013 0.000011 0.098407 0.007438 1.687550
0.894321 0.000030 0.000039 0.000015 0.000009 0.098147 0.007439 1.687553
0.894559 0.000030 0.000039 0.000016 0.000009 0.097909 0.007439 1.687557
0.894781 0.000029 0.000037 0.000014 0.000009 0.097691 0.007439 1.687560
0.894983 0.000029 0.000037 0.000016 0.000009 0.097489 0.007439 1.687563
0.895204 0.000027 0.000037 0.000014 0.000009 0.097272 0.007439 1.687567
0.895421 0.000025 0.000036 0.000013 0.000009 0.097058 0.007439 1.687570
0.895610 0.000027 0.000038 0.000013 0.000008 0.096866 0.007439 1.687575
0.895814 0.000025 0.000035 0.000013 0.000008 0.096665 0.007439 1.687578
0.896003 0.000023 0.000037 0.000014 0.000008 0.096476 0.007440 1.687583
0.896181 0.000022 0.000038 0.000013 0.000007 0.096300 0.007440 1.687586
0.896350 0.000021 0.000034 0.000013 0.000007 0.096137 0.007440 1.687589
0.896515 0.000020 0.000033 0.000013 0.000007 0.095974 0.007440 1.687590
0.896686 0.000020 0.000032 0.000012 0.000006 0.095804 0.007440 1.687592
0.896831 0.000020 0.000031 0.000014 0.000006 0.095658 0.007441 1.687594
0.896975 0.000018 0.000033 0.000014 0.000006 0.095514 0.007441 1.687599
0.897124 0.000017 0.000031 0.000014 0.000005 0.095369 0.007441 1.687602
0.897263 0.000017 0.000032 0.000014 0.000005 0.095230 0.007441 1.687604
0.897394 0.000018 0.000033 0.000013 0.000004 0.095098 0.007441 1.687606
0.897518 0.000018 0.000033 0.000013 0.000004 0.094974 0.007441 1.687607
0.897647 0.000017 0.000032 0.000013 0.000004 0.094847 0.007441 1.687609
0.897766 0.000014 0.000033 0.000013 0.000004 0.094731 0.007441 1.687613
0.897873 0.000014 0.000029 0.000012 0.000004 0.094628 0.007441 1.687613
0.897991 0.000014 0.000028 0.000010 0.000004 0.094513 0.007441 1.687614
0.898100 0.000014 0.000027 0.000010 0.000004 0.094405 0.007441 1.687616
0.898201 0.000013 0.000027 0.000010 0.000004 0.094305 0.007441 1.687617
0.898315 0.000013 0.000027 0.000009 0.000004 0.094193 0.007441 1.687618
0.898401 0.000013 0.000027 0.000009 0.000003 0.094107 0.007441 1.687619
0.898496 0.000013 0.000025 0.000010 0.000003 0.094014 0.007441 1.687620
0.898588 0.000013 0.000021 0.000009 0.000002 0.093926 0.007441 1.687621
0.898674 0.000013 0.000021 0.000009 0.000002 0.093842 0.007441 1.687622
0.898763 0.000011 0.000020 0.000009 0.000002 0.093754 0.007441 1.687624
0.898821 0.000013 0.000019 0.000008 0.000002 0.093697 0.007441 1.687624
0.898893 0.000012 0.000018 0.000010 0.000002 0.093625 0.007441 1.687627
0.898962 0.000010 0.000019 0.000009 0.000002 0.093558 0.007441 1.687629
0.899030 0.000010 0.000017 0.000008 0.000002 0.093493 0.007442 1.687629
0.899095 0.000009 0.000015 0.000007 0.000002 0.093432 0.007442 1.687630
0.899158 0.000008 0.000015 0.000007 0.000002 0.093370 0.007442 1.687631
0.899208 0.000009 0.000014 0.000006 0.000002 0.093321 0.007442 1.687631
0.899254 0.000010 0.000013 0.000006 0.000002 0.093274 0.007442 1.687632
0.899301 0.000010 0.000015 0.000006 0.000001 0.093226 0.007442 1.687633
0.899352 0.000010 0.000014 0.000007 0.000001 0.093175 0.007442 1.687634
0.899400 0.000010 0.000014 0.000007 0.000001 0.093127 0.007442 1.687634
0.899451 0.000011 0.000013 0.000007 0.000001 0.093076 0.007442 1.687635
0.899492 0.000010 0.000012 0.000009 0.000001 0.093036 0.007442 1.687637
0.899533 0.000009 0.000012 0.000009 0.000001 0.092995 0.007442 1.687639
0.899577 0.000008 0.000012 0.000010 0.000001 0.092951 0.007442 1.687640
0.899624 0.000008 0.000011 0.000009 0.000001 0.092906 0.007442 1.687640
0.899662 0.000008 0.000011 0.000009 0.000000 0.092868 0.007442 1.687640
0.899698 0.000008 0.000010 0.000009 0.000000 0.092834 0.007442 1.687640
0.899734 0.000008 0.000010 0.000009 0.000000 0.092798 0.007442 1.687641
0.899766 0.000008 0.000011 0.000009 0.000000 0.092765 0.007442 1.687642
0.899803 0.000008 0.000011 0.000008 0.000000 0.092729 0.007442 1.687643
0.899833 0.000006 0.000011 0.000008 0.000000 0.092700 0.007442 1.687644
0.899860 0.000007 0.000011 0.000007 0.000000 0.092674 0.007442 1.687644
0.899885 0.000008 0.000012 0.000007 0.000000 0.092647 0.007442 1.687645
0.899910 0.000008 0.000012 0.000007 0.000000 0.092622 0.007442 1.687645
0.899951 0.000008 0.000012 0.000006 0.000000 0.092583 0.007442 1.687645
0.899977 0.000008 0.000012 0.000006 0.000000 0.092556 0.007442 1.687646
0.900009 0.000008 0.000011 0.000006 0.000000 0.092524 0.007442 1.687647
0.900038 0.000008 0.000010 0.000007 0.000000 0.092496 0.007442 1.687648
0.900066 0.000007 0.000010 0.000006 0.000000 0.092470 0.007442 1.687649
0.900088 0.000008 0.000009 0.000006 0.000000 0.092448 0.007442 1.687649
0.900111 0.000008 0.000008 0.000005 0.000000 0.092426 0.007442 1.687650
0.900133 0.000007 0.000010 0.000005 0.000000 0.092404 0.007442 1.687652
0.900150 0.000007 0.000010 0.000006 0.000000 0.092387 0.007442 1.687653
0.900174 0.000007 0.000009 0.000006 0.000000 0.092363 0.007442 1.687654
0.900198 0.000007 0.000008 0.000006 0.000000 0.092341 0.007442 1.687654
0.900216 0.000007 0.000008 0.000006 0.000000 0.092322 0.007442 1.687655
0.900244 0.000007 0.000007 0.000006 0.000000 0.092295 0.007442 1.687656
0.900261 0.000006 0.000008 0.000006 0.000000 0.092278 0.007442 1.687657
0.900281 0.000006 0.000008 0.000005 0.000000 0.092259 0.007442 1.687657
0.900300 0.000007 0.000006 0.000004 0.000000 0.092242 0.007442 1.687657
0.900319 0.000007 0.000006 0.000004 0.000000 0.092223 0.007442 1.687657
0.900335 0.000006 0.000006 0.000003 0.000000 0.092209 0.007442 1.687657
0.900358 0.000005 0.000007 0.000003 0.000000 0.092185 0.007442 1.687659
0.900379 0.000004 0.000008 0.000003 0.000000 0.092165 0.007442 1.687660
0.900397 0.000004 0.000006 0.000003 0.000000 0.092149 0.007442 1.687660
0.900408 0.000005 0.000005 0.000003 0.000000 0.092138 0.007442 1.687660
0.900420 0.000005 0.000005 0.000003 0.000000 0.092127 0.007442 1.687660
0.900427 0.000004 0.000005 0.000002 0.000000 0.092121 0.007442 1.687660
0.900433 0.000004 0.000005 0.000002 0.000000 0.092115 0.007442 1.687660
0.900443 0.000004 0.000004 0.000002 0.000000 0.092106 0.007442 1.687660
0.900453 0.000003 0.000004 0.000003 0.000000 0.092095 0.007442 1.687661
0.900462 0.000003 0.000003 0.000003 0.000000 0.092087 0.007442 1.687661
0.900467 0.000003 0.000005 0.000003 0.000000 0.092082 0.007442 1.687662
0.900475 0.000003 0.000004 0.000002 0.000000 0.092075 0.007442 1.687662
0.900482 0.000003 0.000004 0.000002 0.000000 0.092069 0.007442 1.687662
0.900493 0.000003 0.000004 0.000002 0.000000 0.092058 0.007442 1.687662
0.900500 0.000003 0.000004 0.000001 0.000000 0.092051 0.007442 1.687662
0.900505 0.000003 0.000004 0.000001 0.000000 0.092045 0.007442 1.687662
0.900513 0.000003 0.000003 0.000002 0.000000 0.092038 0.007442 1.687663
0.900522 0.000003 0.000003 0.000001 0.000000 0.092030 0.007442 1.687663
0.900531 0.000003 0.000003 0.000002 0.000000 0.092020 0.007442 1.687664
0.900540 0.000003 0.000003 0.000002 0.000000 0.092011 0.007442 1.687664
0.900548 0.000002 0.000003 0.000002 0.000000 0.092003 0.007442 1.687665
0.900556 0.000003 0.000003 0.000002 0.000000 0.091995 0.007442 1.687665
0.900562 0.000003 0.000004 0.000002 0.000000 0.091989 0.007442 1.687665
0.900567 0.000003 0.000004 0.000002 0.000000 0.091984 0.007442 1.687665
0.900572 0.000002 0.000005 0.000001 0.000000 0.091980 0.007442 1.687666
0.900576 0.000002 0.000005 0.000001 0.000000 0.091975 0.007442 1.687666
0.900581 0.000003 0.000005 0.000001 0.000000 0.091969 0.007442 1.687666
0.900587 0.000004 0.000005 0.000001 0.000000 0.091963 0.007442 1.687666
0.900591 0.000004 0.000005 0.000001 0.000000 0.091959 0.007442 1.687666
0.900594 0.000005 0.000005 0.000002 0.000000 0.091954 0.007442 1.687666
0.900599 0.000004 0.000005 0.000001 0.000000 0.091950 0.007442 1.687667
0.900602 0.000005 0.000004 0.000001 0.000000 0.091947 0.007442 1.687667
0.900606 0.000005 0.000003 0.000002 0.000000 0.091943 0.007442 1.687667
0.900610 0.000004 0.000003 0.000002 0.000000 0.091941 0.007442 1.687668
0.900617 0.000003 0.000003 0.000002 0.000000 0.091934 0.007442 1.687668
0.900619 0.000004 0.000003 0.000002 0.000000 0.091931 0.007442 1.687668
0.900625 0.000003 0.000003 0.000003 0.000000 0.091926 0.007442 1.687669
0.900629 0.000003 0.000003 0.000002 0.000000 0.091921 0.007442 1.687670
0.900637 0.000003 0.000004 0.000002 0.000000 0.091913 0.007442 1.687670
0.900644 0.000002 0.000005 0.000002 0.000000 0.091906 0.007442 1.687671
0.900648 0.000002 0.000005 0.000002 0.000000 0.091903 0.007442 1.687671
0.900652 0.000002 0.000004 0.000002 0.000000 0.091899 0.007442 1.687671
0.900658 0.000002 0.000004 0.000002 0.000000 0.091893 0.007442 1.687671
0.900662 0.000003 0.000003 0.000002 0.000000 0.091889 0.007442 1.687671
0.900668 0.000003 0.000003 0.000002 0.000000 0.091883 0.007442 1.687671
0.900672 0.000002 0.000004 0.000002 0.000000 0.091880 0.007442 1.687671
0.900676 0.000002 0.000003 0.000002 0.000000 0.091876 0.007442 1.687671
0.900680 0.000002 0.000002 0.000002 0.000000 0.091873 0.007442 1.687672
0.900684 0.000002 0.000002 0.000002 0.000000 0.091869 0.007442 1.687672
0.900688 0.000002 0.000001 0.000002 0.000000 0.091866 0.007442 1.687672
0.900690 0.000002 0.000001 0.000001 0.000000 0.091865 0.007442 1.687672
0.900694 0.000001 0.000002 0.000001 0.000000 0.091861 0.007442 1.687672
0.900696 0.000001 0.000002 0.000001 0.000000 0.091859 0.007442 1.687672
0.900700 0.000001 0.000002 0.000001 0.000000 0.091855 0.007442 1.687672
0.900701 0.000001 0.000002 0.000000 0.000000 0.091854 0.007442 1.687673
0.900701 0.000001 0.000002 0.000001 0.000000 0.091853 0.007442 1.687674
0.900702 0.000003 0.000002 0.000000 0.000000 0.091851 0.007442 1.687674
0.900705 0.000003 0.000002 0.000000 0.000000 0.091848 0.007442 1.687674
0.900706 0.000003 0.000002 0.000000 0.000000 0.091847 0.007442 1.687674
0.900707 0.000003 0.000002 0.000001 0.000000 0.091846 0.007442 1.687675
0.900708 0.000004 0.000002 0.000001 0.000000 0.091844 0.007442 1.687675
0.900710 0.000004 0.000002 0.000000 0.000000 0.091843 0.007442 1.687675
0.900710 0.000003 0.000003 0.000001 0.000000 0.091842 0.007442 1.687676
0.900712 0.000003 0.000002 0.000001 0.000000 0.091840 0.007442 1.687676
0.900713 0.000003 0.000001 0.000001 0.000000 0.091841 0.007442 1.687676
0.900713 0.000003 0.000001 0.000001 0.000000 0.091840 0.007442 1.687676
0.900714 0.000002 0.000003 0.000001 0.000000 0.091839 0.007442 1.687677
0.900716 0.000003 0.000003 0.000001 0.000000 0.091837 0.007442 1.687677
0.900716 0.000003 0.000003 0.000001 0.000000 0.091837 0.007442 1.687678
0.900716 0.000002 0.000003 0.000001 0.000000 0.091837 0.007442 1.687679
0.900717 0.000001 0.000003 0.000001 0.000000 0.091836 0.007442 1.687679
0.900717 0.000001 0.000004 0.000001 0.000000 0.091836 0.007442 1.687680
0.900718 0.000001 0.000004 0.000000 0.000000 0.091836 0.007442 1.687680
0.900718 0.000001 0.000003 0.000000 0.000000 0.091836 0.007442 1.687680
0.900718 0.000001 0.000004 0.000001 0.000000 0.091835 0.007442 1.687681
0.900717 0.000002 0.000004 0.000001 0.000000 0.091835 0.007442 1.687681
0.900719 0.000002 0.000003 0.000001 0.000000 0.091833 0.007442 1.687681
0.900720 0.000002 0.000003 0.000000 0.000000 0.091833 0.007442 1.687681
0.900721 0.000003 0.000003 0.000000 0.000000 0.091832 0.007442 1.687681
0.900722 0.000003 0.000003 0.000000 0.000000 0.091832 0.007442 1.687681
0.900722 0.000001 0.000003 0.000000 0.000000 0.091832 0.007442 1.687682
0.900724 0.000001 0.000003 0.000000 0.000000 0.091831 0.007442 1.687682
0.900724 0.000001 0.000003 0.000000 0.000000 0.091831 0.007442 1.687682
0.900725 0.000000 0.000002 0.000001 0.000000 0.091830 0.007442 1.687683
0.900727 0.000000 0.000002 0.000001 0.000000 0.091829 0.007442 1.687683
0.900727 0.000000 0.000002 0.000001 0.000000 0.091828 0.007442 1.687683
0.900727 0.000000 0.000001 0.000001 0.000000 0.091829 0.007442 1.687683
0.900727 0.000000 0.000002 0.000001 0.000000 0.091829 0.007442 1.687684
0.900728 0.000000 0.000002 0.000001 0.000000 0.091827 0.007442 1.687684
0.900727 0.000001 0.000001 0.000001 0.000000 0.091827 0.007442 1.687684
0.900727 0.000001 0.000001 0.000002 0.000000 0.091827 0.007442 1.687684
0.900728 0.000001 0.000001 0.000001 0.000000 0.091827 0.007442 1.687684
0.900729 0.000001 0.000002 0.000001 0.000000 0.091825 0.007442 1.687685
0.900730 0.000001 0.000002 0.000001 0.000000 0.091824 0.007442 1.687685
0.900732 0.000001 0.000002 0.000001 0.000000 0.091823 0.007442 1.687685
0.900733 0.000000 0.000002 0.000001 0.000000 0.091822 0.007442 1.687685
0.900734 0.000000 0.000001 0.000000 0.000000 0.091822 0.007442 1.687685
0.900734 0.000000 0.000001 0.000000 0.000000 0.091822 0.007442 1.687685
0.900735 0.000000 0.000001 0.000000 0.000000 0.091821 0.007442 1.687685
0.900736 0.000000 0.000002 0.000000 0.000000 0.091820 0.007442 1.687686
0.900737 0.000000 0.000002 0.000000 0.000000 0.091819 0.007442 1.687686
0.900739 0.000000 0.000002 0.000000 0.000000 0.091817 0.007442 1.687686
0.900740 0.000000 0.000002 0.000000 0.000000 0.091816 0.007442 1.687686
0.900740 0.000000 0.000001 0.000000 0.000000 0.091817 0.007442 1.687686
0.900741 0.000000 0.000001 0.000000 0.000000 0.091815 0.007442 1.687686
0.900742 0.000000 0.000001 0.000000 0.000000 0.091814 0.007442 1.687686
0.900743 0.000000 0.000001 0.000000 0.000000 0.091814 0.007442 1.687686
0.900743 0.000000 0.000001 0.000000 0.000000 0.091813 0.007442 1.687686
0.900743 0.000000 0.000001 0.000000 0.000000 0.091813 0.007442 1.687686
0.900743 0.000000 0.000001 0.000000 0.000000 0.091813 0.007442 1.687686
0.900743 0.000001 0.000001 0.000000 0.000000 0.091813 0.007442 1.687686
0.900743 0.000001 0.000001 0.000000 0.000000 0.091812 0.007442 1.687686
0.900744 0.000001 0.000001 0.000000 0.000000 0.091812 0.007442 1.687686
0.900744 0.000001 0.000001 0.000000 0.000000 0.091811 0.007442 1.687686
0.900744 0.000001 0.000001 0.000000 0.000000 0.091811 0.007442 1.687686
0.900744 0.000001 0.000001 0.000001 0.000000 0.091811 0.007442 1.687686
0.900744 0.000001 0.000001 0.000001 0.000000 0.091810 0.007442 1.687686
0.900745 0.000001 0.000001 0.000001 0.000000 0.091809 0.007442 1.687686
0.900745 0.000000 0.000002 0.000001 0.000000 0.091809 0.007442 1.687687
0.900745 0.000000 0.000003 0.000001 0.000000 0.091809 0.007442 1.687687
0.900746 0.000000 0.000003 0.000001 0.000000 0.091809 0.007442 1.687687
0.900747 0.000000 0.000003 0.000001 0.000000 0.091808 0.007442 1.687687
0.900746 0.000000 0.000003 0.000001 0.000000 0.091808 0.007442 1.687687
0.900747 0.000000 0.000003 0.000001 0.000000 0.091808 0.007442 1.687687
0.900747 0.000000 0.000003 0.000001 0.000000 0.091807 0.007442 1.687687
0.900747 0.000000 0.000002 0.000001 0.000000 0.091808 0.007442 1.687687
0.900747 0.000000 0.000002 0.000000 0.000000 0.091808 0.007442 1.687687
0.900747 0.000001 0.000002 0.000000 0.000000 0.091808 0.007442 1.687687
0.900748 0.000001 0.000002 0.000000 0.000000 0.091807 0.007442 1.687687
0.900748 0.000001 0.000002 0.000000 0.000000 0.091807 0.007442 1.687687
0.900749 0.000000 0.000002 0.000001 0.000000 0.091806 0.007442 1.687688
0.900748 0.000001 0.000002 0.000001 0.000000 0.091806 0.007442 1.687688
0.900749 0.000001 0.000002 0.000001 0.000000 0.091805 0.007442 1.687688
0.900750 0.000001 0.000001 0.000001 0.000000 0.091805 0.007442 1.687688
0.900751 0.000001 0.000001 0.000001 0.000000 0.091804 0.007442 1.687688
0.900751 0.000001 0.000001 0.000001 0.000000 0.091804 0.007442 1.687688
0.900751 0.000001 0.000002 0.000001 0.000000 0.091804 0.007442 1.687689
0.900751 0.000001 0.000001 0.000001 0.000000 0.091805 0.007442 1.687689
0.900751 0.000001 0.000000 0.000001 0.000000 0.091805 0.007442 1.687689
0.900751 0.000001 0.000001 0.000001 0.000000 0.091805 0.007442 1.687689
0.900752 0.000000 0.000001 0.000001 0.000000 0.091804 0.007442 1.687690
0.900752 0.000000 0.000001 0.000001 0.000000 0.091804 0.007442 1.687690
0.900753 0.000000 0.000001 0.000001 0.000000 0.091803 0.007442 1.687690
0.900753 0.000000 0.000001 0.000001 0.000000 0.091803 0.007442 1.687690
0.900754 0.000000 0.000001 0.000001 0.000000 0.091802 0.007442 1.687690
0.900753 0.000001 0.000001 0.000001 0.000000 0.091802 0.007442 1.687690
0.900753 0.000001 0.000000 0.000001 0.000000 0.091803 0.007442 1.687690
0.900753 0.000001 0.000000 0.000001 0.000000 0.091803 0.007442 1.687690
0.900753 0.000001 0.000000 0.000001 0.000000 0.091803 0.007442 1.687690
0.900753 0.000001 0.000000 0.000001 0.000000 0.091803 0.007442 1.687690
0.900753 0.000001 0.000000 0.000000 0.000000 0.091804 0.007442 1.687690
0.900753 0.000000 0.000001 0.000000 0.000000 0.091804 0.007442 1.687691
0.900753 0.000000 0.000001 0.000000 0.000000 0.091803 0.007442 1.687691
0.900753 0.000001 0.000001 0.000000 0.000000 0.091803 0.007442 1.687691
0.900753 0.000000 0.000001 0.000000 0.000000 0.091803 0.007442 1.687691
0.900753 0.000001 0.000001 0.000000 0.000000 0.091803 0.007442 1.687691
0.900753 0.000001 0.000001 0.000000 0.000000 0.091803 0.007442 1.687691
0.900753 0.000001 0.000001 0.000000 0.000000 0.091802 0.007442 1.687691
0.900753 0.000001 0.000001 0.000000 0.000000 0.091803 0.007442 1.687691
0.900753 0.000000 0.000002 0.000000 0.000000 0.091803 0.007442 1.687692
0.900753 0.000000 0.000001 0.000000 0.000000 0.091803 0.007442 1.687692
0.900753 0.000000 0.000001 0.000000 0.000000 0.091804 0.007442 1.687692
0.900754 0.000000 0.000001 0.000000 0.000000 0.091803 0.007442 1.687692
0.900753 0.000001 0.000001 0.000000 0.000000 0.091803 0.007442 1.687692
0.900753 0.000001 0.000000 0.000000 0.000000 0.091804 0.007442 1.687692
0.900754 0.000001 0.000000 0.000000 0.000000 0.091803 0.007442 1.687692
0.900754 0.000000 0.000001 0.000000 0.000000 0.091803 0.007442 1.687692
0.900755 0.000000 0.000001 0.000000 0.000000 0.091803 0.007442 1.687692
0.900755 0.000000 0.000001 0.000000 0.000000 0.091802 0.007442 1.687692
0.900755 0.000000 0.000000 0.000000 0.000000 0.091803 0.007442 1.687692
0.900756 0.000000 0.000000 0.000000 0.000000 0.091802 0.007442 1.687692
0.900756 0.000000 0.000000 0.000000 0.000000 0.091802 0.007442 1.687692
0.900757 0.000000 0.000000 0.000000 0.000000 0.091801 0.007442 1.687692
0.900757 0.000000 0.000000 0.000000 0.000000 0.091802 0.007442 1.687692
0.900757 0.000000 0.000000 0.000000 0.000000 0.091802 0.007442 1.687693
0.900757 0.000000 0.000000 0.000000 0.000000 0.091801 0.007442 1.687693
0.900758 0.000000 0.000000 0.000000 0.000000 0.091801 0.007442 1.687693
0.900758 0.000000 0.000000 0.000000 0.000000 0.091801 0.007442 1.687693
0.900758 0.000000 0.000000 0.000000 0.000000 0.091801 0.007442 1.687693
0.900758 0.000000 0.000000 0.000000 0.000000 0.091801 0.007442 1.687693
0.900758 0.000000 0.000000 0.000000 0.000000 0.091801 0.007442 1.687693
0.900758 0.000000 0.000000 0.000000 0.000000 0.091801 0.007442 1.687693
0.900758 0.000000 0.000000 0.000000 0.000000 0.091801 0.007442 1.687693
0.900758 0.000000 0.000000 0.000000 0.000000 0.091801 0.007442 1.687693
0.900758 0.000000 0.000000 0.000000 0.000000 0.091801 0.007442 1.687693
0.900758 0.000000 0.000000 0.000000 0.000000 0.091801 0.007442 1.687693
0.900758 0.000000 0.000000 0.000000 0.000000 0.091801 0.007442 1.687693
0.900758 0.000000 0.000000 0.000000 0.000000 0.091801 0.007442 1.687693
0.900758 0.000000 0.000000 0.000000 0.000000 0.091801 0.007442 1.687693
0.900758 0.000000 0.000000 0.000000 0.000000 0.091801 0.007442 1.687693
0.900758 0.000000 0.000000 0.000000 0.000000 0.091801 0.007442 1.687693
0.900758 0.000000 0.000000 0.000000 0.000000 0.091801 0.007442 1.687693
0.900758 0.000000 0.000000 0.000000 0.000000 0.091801 0.007442 1.687693
0.900758 0.000000 0.000000 0.000000 0.000000 0.091801 0.007442 1.687693
0.900758 0.000000 0.000000 0.000000 0.000000 0.091801 0.007442 1.687693
0.900758 0.000000 0.000000 0.000000 0.000000 0.091801 0.007442 1.687693
0.900758 0.000000 0.000000 0.000000 0.000000 0.091801 0.007442 1.687693
0.900758 0.000000 0.000000 0.000000 0.000000 0.091801 0.007442 1.687693
0.900758 0.000000 0.000000 0.000000 0.000000 0.091801 0.007442 1.687693
0.900758 0.000000 0.000000 0.000000 0.000000 0.091801 0.007442 1.687693
0.900758 0.000000 0.000000 0.000000 0.000000 0.091801 0.007442 1.687693
0.900758 0.000000 0.000000 0.000000 0.000000 0.091801 0.007442 1.687693
0.900758 0.000000 0.000000 0.000000 0.000000 0.091801 0.007442 1.687693
0.900758 0.000000 0.000000 0.000000 0.000000 0.091801 0.007442 1.687693
0.900758 0.000000 0.000000 0.000000 0.000000 0.091801 0.007442 1.687693
0.900758 0.000000 0.000000 0.000000 0.000000 0.091801 0.007442 1.687693
0.900758 0.000000 0.000000 0.000000 0.000000 0.091801 0.007442 1.687693
0.900758 0.000000 0.000000 0.000000 0.000000 0.091801 0.007442 1.687693
0.900758 0.000000 0.000000 0.000000 0.000000 0.091801 0.007442 1.687693
0.900758 0.000000 0.000000 0.000000 0.000000 0.091801 0.007442 1.687693
0.900758 0.000000 0.000000 0.000000 0.000000 0.091801 0.007442 1.687693
0.900758 0.000000 0.000000 0.000000 0.000000 0.091801 0.007442 1.687693
0.900758 0.000000 0.000000 0.000000 0.000000 0.091801 0.007442 1.687693
0.900758 0.000000 0.000000 0.000000 0.000000 0.091801 0.007442 1.687693
0.900758 0.000000 0.000000 0.000000 0.000000 0.091801 0.007442 1.687693
0.900758 0.000000 0.000000 0.000000 0.000000 0.091801 0.007442 1.687693
0.900758 0.000000 0.000000 0.000000 0.000000 0.091801 0.007442 1.687693
0.900758 0.000000 0.000000 0.000000 0.000000 0.091801 0.007442 1.687693
0.900758 0.000000 0.000000 0.000000 0.000000 0.091801 0.007442 1.687693
0.900758 0.000000 0.000000 0.000000 0.000000 0.091801 0.007442 1.687693
0.900758 0.000000 0.000000 0.000000 0.000000 0.091801 0.007442 1.687693
0.900758 0.000000 0.000000 0.000000 0.000000 0.091801 0.007442 1.687693
0.900758 0.000000 0.000000 0.000000 0.000000 0.091801 0.007442 1.687693
0.900758 0.000000 0.000000 0.000000 0.000000 0.091801 0.007442 1.687693
0.900758 0.000000 0.000000 0.000000 0.000000 0.091801 0.007442 1.687693
0.900758 0.000000 0.000000 0.000000 0.000000 0.091801 0.007442 1.687693
0.900758 0.000000 0.000000 0.000000 0.000000 0.091801 0.007442 1.687693
0.900758 0.000000 0.000000 0.000000 0.000000 0.091801 0.007442 1.687693
0.900758 0.000000 0.000000 0.000000 0.000000 0.091801 0.007442 1.687693
0.900758 0.000000 0.000000 0.000000 0.000000 0.091801 0.007442 1.687693
0.900758 0.000000 0.000000 0.000000 0.000000 0.091801 0.007442 1.687693
0.900758 0.000000 0.000000 0.000000 0.000000 0.091801 0.007442 1.687693
0.900758 0.000000 0.000000 0.000000 0.000000 0.091801 0.007442 1.687693
0.900758 0.000000 0.000000 0.000000 0.000000 0.091801 0.007442 1.687693
0.900758 0.000000 0.000000 0.000000 0.000000 0.091801 0.007442 1.687693
0.900758 0.000000 0.000000 0.000000 0.000000 0.091801 0.007442 1.687693
0.900758 0.000000 0.000000 0.000000 0.000000 0.091801 0.007442 1.687693
0.900758 0.000000 0.000000 0.000000 0.000000 0.091801 0.007442 1.687693
0.900758 0.000000 0.000000 0.000000 0.000000 0.091801 0.007442 1.687693
0.900758 0.000000 0.000000 0.000000 0.000000 0.091801 0.007442 1.687693
0.900758 0.000000 0.000000 0.000000 0.000000 0.091801 0.007442 1.687693
0.900758 0.000000 0.000000 0.000000 0.000000 0.091801 0.007442 1.687693
0.900758 0.000000 0.000000 0.000000 0.000000 0.091801 0.007442 1.687693
0.900758 0.000000 0.000000 0.000000 0.000000 0.091801 0.007442 1.687693
0.900758 0.000000 0.000000 0.000000 0.000000 0.091801 0.007442 1.687693
0.900758 0.000000 0.000000 0.000000 0.000000 0.091801 0.007442 1.687693
0.900758 0.000000 0.000000 0.000000 0.000000 0.091801 0.007442 1.687693
0.900758 0.000000 0.000000 0.000000 0.000000 0.091801 0.007442 1.687693
0.900758 0.000000 0.000000 0.000000 0.000000 0.091801 0.007442 1.687693
0.900758 0.000000 0.000000 0.000000 0.000000 0.091801 0.007442 1.687693
0.900758 0.000000 0.000000 0.000000 0.000000 0.091801 0.007442 1.687693
0.900758 0.000000 0.000000 0.000000 0.000000 0.091801 0.007442 1.687693
0.900758 0.000000 0.000000 0.000000 0.000000 0.091801 0.007442 1.687693
0.900758 0.000000 0.000000 0.000000 0.000000 0.091801 0.007442 1.687693
0.900758 0.000000 0.000000 0.000000 0.000000 0.091801 0.007442 1.687693
0.900758 0.000000 0.000000 0.000000 0.000000 0.091801 0.007442 1.687693
0.900758 0.000000 0.000000 0.000000 0.000000 0.091801 0.007442 1.687693
0.900758 0.000000 0.000000 0.000000 0.000000 0.091801 0.007442 1.687693
0.900758 0.000000 0.000000 0.000000 0.000000 0.091801 0.007442 1.687693
0.900758 0.000000 0.000000 0.000000 0.000000 0.091801 0.007442 1.687693
0.900758 0.000000 0.000000 0.000000 0.000000 0.091801 0.007442 1.687693
0.900758 0.000000 0.000000 0.000000 0.000000 0.091801 0.007442 1.687693
0.900758 0.000000 0.000000 0.000000 0.000000 0.091801 0.007442 1.687693
0.900758 0.000000 0.000000 0.000000 0.000000 0.091801 0.007442 1.687693
0.900758 0.000000 0.000000 0.000000 0.000000 0.091801 0.007442 1.687693
0.900758 0.000000 0.000000 0.000000 0.000000 0.091801 0.007442 1.687693
0.900758 0.000000 0.000000 0.000000 0.000000 0.091801 0.007442 1.687693
0.900758 0.000000 0.000000 0.000000 0.000000 0.091801 0.007442 1.687693
0.900758 0.000000 0.000000 0.000000 0.000000 0.091801 0.007442 1.687693
0.900758 0.000000 0.000000 0.000000 0.000000 0.091801 0.007442 1.687693
0.900758 0.000000 0.000000 0.000000 0.000000 0.091801 0.007442 1.687693
0.900758 0.000000 0.000000 0.000000 0.000000 0.091801 0.007442 1.687693
0.900758 0.000000 0.000000 0.000000 0.000000 0.091801 0.007442 1.687693
0.900758 0.000000 0.000000 0.000000 0.000000 0.091801 0.007442 1.687693
0.900758 0.000000 0.000000 0.000000 0.000000 0.091801 0.007442 1.687693
0.900758 0.000000 0.000000 0.000000 0.000000 0.091801 0.007442 1.687693
0.900758 0.000000 0.000000 0.000000 0.000000 0.091801 0.007442 1.687693
0.900758 0.000000 0.000000 0.000000 0.000000 0.091801 0.007442 1.687693
0.900758 0.000000 0.000000 0.000000 0.000000 0.091801 0.007442 1.687693
0.900758 0.000000 0.000000 0.000000 0.000000 0.091801 0.007442 1.687693
0.900758 0.000000 0.000000 0.000000 0.000000 0.091801 0.007442 1.687693
0.900758 0.000000 0.000000 0.000000 0.000000 0.091801 0.007442 1.687693
0.900758 0.000000 0.000000 0.000000 0.000000 0.091801 0.007442 1.687693
0.900758 0.000000 0.000000 0.000000 0.000000 0.091801 0.007442 1.687693
0.900758 0.000000 0.000000 0.000000 0.000000 0.091801 0.007442 1.687693
0.900758 0.000000 0.000000 0.000000 0.000000 0.091801 0.007442 1.687693
0.900758 0.000000 0.000000 0.000000 0.000000 0.091801 0.007442 1.687693
0.900758 0.000000 0.000000 0.000000 0.000000 0.091801 0.007442 1.687693
0.900758 0.000000 0.000000 0.000000 0.000000 0.091801 0.007442 1.687693
0.900758 0.000000 0.000000 0.000000 0.000000 0.091801 0.007442 1.687693
0.900758 0.000000 0.000000 0.000000 0.000000 0.091801 0.007442 1.687693
