0.329295 0.064020 0.057173 0.032866 0.002162 0.508065 0.006419 1.663429
0.331349 0.062064 0.057123 0.032703 0.002175 0.508145 0.006442 1.669657
0.334051 0.059720 0.056855 0.032509 0.002169 0.508226 0.006469 1.675617
0.337249 0.057194 0.056468 0.032240 0.002173 0.508183 0.006494 1.681314
0.340644 0.054597 0.055915 0.031941 0.002161 0.508215 0.006526 1.686806
0.344198 0.052076 0.055331 0.031522 0.002164 0.508150 0.006559 1.692009
0.347992 0.049682 0.054601 0.031011 0.002171 0.507950 0.006592 1.696968
0.351930 0.047362 0.053755 0.030500 0.002172 0.507660 0.006621 1.701685
0.355973 0.045151 0.052843 0.029928 0.002153 0.507295 0.006656 1.706194
0.360074 0.043034 0.051813 0.029367 0.002145 0.506882 0.006684 1.710468
0.364411 0.040941 0.050764 0.028735 0.002145 0.506293 0.006711 1.714558
0.368768 0.039019 0.049689 0.028088 0.002153 0.505545 0.006738 1.718451
0.373201 0.037118 0.048643 0.027403 0.002149 0.504721 0.006765 1.722226
0.377596 0.035404 0.047425 0.026732 0.002127 0.503926 0.006792 1.725711
0.382132 0.033732 0.046254 0.026059 0.002123 0.502882 0.006819 1.729076
0.386650 0.032229 0.045051 0.025352 0.002113 0.501762 0.006843 1.732277
0.391460 0.030711 0.043880 0.024594 0.002110 0.500374 0.006872 1.735359
0.396200 0.029320 0.042734 0.023885 0.002106 0.498864 0.006890 1.738287
0.400976 0.027987 0.041583 0.023216 0.002082 0.497231 0.006925 1.741147
0.405779 0.026722 0.040372 0.022585 0.002060 0.495529 0.006953 1.743842
0.410509 0.025475 0.039231 0.021877 0.002049 0.493885 0.006974 1.746413
0.415283 0.024335 0.038061 0.021188 0.002027 0.492104 0.007003 1.748889
0.420225 0.023228 0.036971 0.020554 0.001998 0.489993 0.007030 1.751261
0.425043 0.022300 0.035811 0.019836 0.001967 0.487988 0.007057 1.753471
0.429845 0.021398 0.034642 0.019197 0.001961 0.485879 0.007077 1.755635
0.434727 0.020459 0.033569 0.018594 0.001942 0.483608 0.007101 1.757763
0.439644 0.019629 0.032510 0.017976 0.001907 0.481202 0.007132 1.759727
0.444418 0.018832 0.031460 0.017358 0.001888 0.478889 0.007155 1.761651
0.449328 0.018080 0.030471 0.016775 0.001863 0.476305 0.007178 1.763501
0.454321 0.017378 0.029502 0.016215 0.001829 0.473559 0.007196 1.765247
0.459331 0.016731 0.028570 0.015643 0.001802 0.470699 0.007224 1.766900
0.464194 0.016109 0.027644 0.015131 0.001767 0.467901 0.007254 1.768552
0.469051 0.015493 0.026726 0.014641 0.001740 0.465071 0.007280 1.770112
0.473933 0.014895 0.025877 0.014115 0.001729 0.462153 0.007298 1.771651
0.478645 0.014399 0.025026 0.013635 0.001696 0.459276 0.007322 1.773124
0.483483 0.013920 0.024128 0.013156 0.001671 0.456295 0.007346 1.774479
0.488219 0.013492 0.023307 0.012713 0.001651 0.453248 0.007371 1.775801
0.492966 0.013091 0.022487 0.012293 0.001614 0.450159 0.007390 1.777100
0.497687 0.012693 0.021695 0.011864 0.001575 0.447073 0.007415 1.778339
0.502386 0.012312 0.020969 0.011422 0.001554 0.443925 0.007431 1.779549
0.507276 0.011887 0.020322 0.011012 0.001529 0.440525 0.007450 1.780772
0.512030 0.011525 0.019685 0.010639 0.001501 0.437150 0.007469 1.781919
0.516655 0.011206 0.018994 0.010291 0.001472 0.433895 0.007488 1.783026
0.521249 0.010913 0.018331 0.009958 0.001446 0.430595 0.007508 1.784109
0.525770 0.010623 0.017781 0.009609 0.001417 0.427275 0.007525 1.785180
0.530317 0.010331 0.017182 0.009275 0.001390 0.423959 0.007547 1.786206
0.534875 0.010059 0.016644 0.008955 0.001358 0.420539 0.007569 1.787206
0.539435 0.009843 0.016058 0.008678 0.001336 0.417065 0.007585 1.788141
0.543917 0.009592 0.015565 0.008369 0.001320 0.413639 0.007597 1.789087
0.548296 0.009379 0.015046 0.008081 0.001280 0.410302 0.007616 1.789997
0.552594 0.009172 0.014584 0.007835 0.001250 0.406933 0.007632 1.790881
0.557047 0.008926 0.014145 0.007598 0.001225 0.403410 0.007650 1.791794
0.561375 0.008712 0.013722 0.007343 0.001201 0.399975 0.007673 1.792676
0.565779 0.008550 0.013259 0.007164 0.001172 0.396389 0.007688 1.793507
0.570074 0.008336 0.012934 0.006945 0.001152 0.392855 0.007703 1.794358
0.574362 0.008181 0.012550 0.006740 0.001127 0.389322 0.007718 1.795167
0.578557 0.007998 0.012168 0.006555 0.001103 0.385885 0.007736 1.795971
0.582763 0.007835 0.011827 0.006399 0.001086 0.382345 0.007746 1.796746
0.586874 0.007694 0.011495 0.006229 0.001053 0.378893 0.007764 1.797492
0.590977 0.007508 0.011180 0.006079 0.001022 0.375450 0.007785 1.798273
0.595131 0.007328 0.010886 0.005912 0.000996 0.371947 0.007799 1.799029
0.599221 0.007188 0.010615 0.005771 0.000980 0.368416 0.007810 1.799753
0.603102 0.007065 0.010327 0.005624 0.000959 0.365100 0.007822 1.800460
0.607092 0.006977 0.010054 0.005461 0.000937 0.361639 0.007840 1.801126
0.611014 0.006861 0.009770 0.005328 0.000922 0.358252 0.007854 1.801812
0.614851 0.006770 0.009515 0.005208 0.000901 0.354889 0.007866 1.802471
0.618706 0.006615 0.009285 0.005080 0.000879 0.351559 0.007876 1.803149
0.622440 0.006552 0.009077 0.004935 0.000852 0.348255 0.007890 1.803798
0.626346 0.006479 0.008828 0.004826 0.000839 0.344780 0.007903 1.804423
0.630129 0.006392 0.008625 0.004689 0.000810 0.341442 0.007914 1.805056
0.633920 0.006318 0.008414 0.004544 0.000799 0.338077 0.007928 1.805655
0.637586 0.006253 0.008207 0.004400 0.000772 0.334843 0.007939 1.806255
0.641254 0.006189 0.008050 0.004308 0.000752 0.331498 0.007951 1.806852
0.644851 0.006074 0.007909 0.004220 0.000742 0.328244 0.007959 1.807492
0.648413 0.005997 0.007739 0.004121 0.000727 0.325036 0.007967 1.808093
0.651941 0.005946 0.007600 0.004039 0.000713 0.321785 0.007977 1.808690
0.655419 0.005854 0.007452 0.003970 0.000701 0.318619 0.007986 1.809299
0.658921 0.005790 0.007328 0.003875 0.000683 0.315409 0.007995 1.809891
0.662292 0.005756 0.007165 0.003794 0.000668 0.312322 0.008004 1.810461
0.665613 0.005709 0.007023 0.003735 0.000647 0.309260 0.008013 1.811027
0.668977 0.005720 0.006879 0.003626 0.000635 0.306142 0.008021 1.811551
0.672301 0.005671 0.006745 0.003580 0.000625 0.303050 0.008028 1.812115
0.675582 0.005663 0.006620 0.003504 0.000615 0.299979 0.008037 1.812630
0.678852 0.005622 0.006511 0.003433 0.000607 0.296932 0.008042 1.813185
0.682049 0.005566 0.006379 0.003376 0.000594 0.293983 0.008052 1.813720
0.685230 0.005521 0.006297 0.003323 0.000578 0.290993 0.008058 1.814268
0.688356 0.005510 0.006195 0.003275 0.000565 0.288034 0.008066 1.814774
0.691390 0.005475 0.006096 0.003228 0.000563 0.285179 0.008070 1.815319
0.694460 0.005442 0.006032 0.003210 0.000548 0.282234 0.008075 1.815872
0.697522 0.005431 0.005952 0.003165 0.000542 0.279308 0.008081 1.816377
0.700449 0.005425 0.005850 0.003125 0.000531 0.276533 0.008088 1.816900
0.703381 0.005411 0.005788 0.003075 0.000516 0.273732 0.008097 1.817413
0.706301 0.005356 0.005744 0.003041 0.000498 0.270952 0.008108 1.817968
0.709209 0.005331 0.005663 0.002982 0.000491 0.268210 0.008115 1.818469
0.712062 0.005280 0.005625 0.002961 0.000481 0.265471 0.008120 1.819009
0.714916 0.005242 0.005554 0.002932 0.000467 0.262762 0.008127 1.819520
0.717660 0.005249 0.005483 0.002904 0.000457 0.260114 0.008134 1.820004
0.720488 0.005194 0.005445 0.002867 0.000448 0.257420 0.008139 1.820522
0.723243 0.005167 0.005398 0.002848 0.000440 0.254762 0.008142 1.821032
0.725939 0.005117 0.005364 0.002837 0.000432 0.252164 0.008147 1.821547
0.728624 0.005068 0.005317 0.002807 0.000426 0.249605 0.008152 1.822058
0.731156 0.005060 0.005259 0.002767 0.000417 0.247187 0.008156 1.822542
0.733818 0.005044 0.005204 0.002748 0.000407 0.244615 0.008165 1.823036
0.736390 0.005023 0.005142 0.002732 0.000395 0.242145 0.008174 1.823531
0.738981 0.005016 0.005079 0.002721 0.000392 0.239634 0.008178 1.824018
0.741462 0.005027 0.005028 0.002686 0.000378 0.237233 0.008188 1.824486
0.743932 0.004983 0.005023 0.002691 0.000372 0.234809 0.008192 1.825011
0.746374 0.004966 0.004988 0.002655 0.000364 0.232456 0.008198 1.825498
0.748786 0.004947 0.004935 0.002656 0.000359 0.230114 0.008202 1.826000
0.751155 0.004946 0.004906 0.002641 0.000356 0.227789 0.008207 1.826498
0.753527 0.004946 0.004892 0.002623 0.000349 0.225455 0.008209 1.826995
0.755865 0.004916 0.004880 0.002601 0.000337 0.223188 0.008214 1.827494
0.758135 0.004928 0.004865 0.002579 0.000329 0.220948 0.008216 1.827973
0.760335 0.004940 0.004842 0.002558 0.000331 0.218774 0.008219 1.828441
0.762571 0.004949 0.004814 0.002535 0.000325 0.216583 0.008224 1.828921
0.764836 0.004983 0.004778 0.002535 0.000319 0.214322 0.008229 1.829391
0.766973 0.004973 0.004763 0.002527 0.000316 0.212218 0.008231 1.829890
0.769140 0.004957 0.004738 0.002526 0.000312 0.210093 0.008233 1.830384
0.771323 0.004895 0.004717 0.002530 0.000306 0.207990 0.008239 1.830894
0.773397 0.004878 0.004705 0.002532 0.000301 0.205943 0.008243 1.831411
0.775466 0.004878 0.004671 0.002524 0.000291 0.203922 0.008249 1.831900
0.777515 0.004892 0.004674 0.002523 0.000284 0.201860 0.008252 1.832383
0.779492 0.004909 0.004645 0.002536 0.000273 0.199887 0.008258 1.832868
0.781551 0.004908 0.004645 0.002533 0.000274 0.197827 0.008261 1.833359
0.783483 0.004940 0.004630 0.002513 0.000268 0.195899 0.008266 1.833844
0.785398 0.004937 0.004607 0.002506 0.000264 0.194017 0.008271 1.834331
0.787258 0.004969 0.004632 0.002505 0.000261 0.192102 0.008273 1.834818
0.789105 0.004977 0.004601 0.002503 0.000257 0.190280 0.008278 1.835310
0.790965 0.004987 0.004593 0.002499 0.000254 0.188422 0.008282 1.835810
0.792807 0.005001 0.004597 0.002493 0.000254 0.186563 0.008285 1.836311
0.794611 0.005032 0.004578 0.002471 0.000246 0.184773 0.008290 1.836786
0.796396 0.005046 0.004593 0.002464 0.000240 0.182966 0.008295 1.837285
0.798171 0.005063 0.004596 0.002449 0.000239 0.181184 0.008298 1.837781
0.799929 0.005068 0.004618 0.002453 0.000239 0.179392 0.008301 1.838288
0.801668 0.005094 0.004618 0.002475 0.000234 0.177608 0.008303 1.838791
0.803329 0.005158 0.004616 0.002486 0.000229 0.175874 0.008308 1.839301
0.805000 0.005202 0.004586 0.002512 0.000228 0.174162 0.008311 1.839792
0.806654 0.005246 0.004577 0.002515 0.000230 0.172465 0.008313 1.840295
0.808254 0.005297 0.004591 0.002508 0.000233 0.170802 0.008315 1.840794
0.809866 0.005348 0.004587 0.002511 0.000228 0.169142 0.008318 1.841296
0.811337 0.005410 0.004643 0.002514 0.000225 0.167548 0.008322 1.841827
0.812816 0.005477 0.004677 0.002505 0.000216 0.165981 0.008328 1.842364
0.814285 0.005517 0.004709 0.002510 0.000213 0.164431 0.008335 1.842909
0.815728 0.005543 0.004740 0.002534 0.000214 0.162903 0.008338 1.843466
0.817141 0.005577 0.004741 0.002550 0.000212 0.161438 0.008341 1.843994
0.818528 0.005625 0.004805 0.002544 0.000215 0.159938 0.008345 1.844559
0.819901 0.005667 0.004827 0.002570 0.000208 0.158478 0.008347 1.845128
0.821292 0.005702 0.004843 0.002591 0.000211 0.157011 0.008349 1.845698
0.822727 0.005705 0.004894 0.002600 0.000209 0.155516 0.008351 1.846287
0.824090 0.005733 0.004908 0.002605 0.000207 0.154101 0.008355 1.846861
0.825349 0.005813 0.004919 0.002621 0.000200 0.152740 0.008358 1.847432
0.826677 0.005834 0.004918 0.002621 0.000199 0.151387 0.008363 1.848000
0.827939 0.005857 0.004959 0.002640 0.000194 0.150044 0.008367 1.848591
0.829124 0.005968 0.004969 0.002629 0.000193 0.148748 0.008369 1.849121
0.830389 0.006007 0.005003 0.002646 0.000191 0.147394 0.008370 1.849712
0.831587 0.006069 0.005008 0.002666 0.000187 0.146111 0.008372 1.850302
0.832767 0.006119 0.005035 0.002695 0.000185 0.144823 0.008375 1.850906
0.833871 0.006192 0.005059 0.002697 0.000187 0.143616 0.008377 1.851495
0.834902 0.006268 0.005099 0.002723 0.000183 0.142446 0.008379 1.852107
0.836071 0.006321 0.005137 0.002755 0.000184 0.141150 0.008381 1.852724
0.837140 0.006388 0.005180 0.002760 0.000182 0.139965 0.008384 1.853344
0.838207 0.006509 0.005190 0.002785 0.000184 0.138739 0.008386 1.853922
0.839215 0.006596 0.005217 0.002795 0.000182 0.137604 0.008391 1.854563
0.840170 0.006656 0.005309 0.002829 0.000183 0.136460 0.008393 1.855253
0.841158 0.006700 0.005381 0.002868 0.000187 0.135312 0.008395 1.855928
0.842130 0.006782 0.005442 0.002890 0.000186 0.134173 0.008397 1.856583
0.843041 0.006833 0.005491 0.002920 0.000184 0.133131 0.008400 1.857258
0.843974 0.006915 0.005566 0.002937 0.000183 0.132024 0.008402 1.857934
0.844904 0.006928 0.005649 0.002978 0.000183 0.130953 0.008405 1.858640
0.845777 0.006973 0.005686 0.003013 0.000186 0.129956 0.008408 1.859349
0.846625 0.007009 0.005743 0.003078 0.000185 0.128952 0.008409 1.860075
0.847468 0.007106 0.005789 0.003073 0.000182 0.127969 0.008412 1.860757
0.848280 0.007162 0.005828 0.003123 0.000185 0.127007 0.008414 1.861490
0.849059 0.007275 0.005841 0.003132 0.000187 0.126088 0.008417 1.862172
0.849853 0.007344 0.005900 0.003155 0.000186 0.125140 0.008422 1.862896
0.850561 0.007450 0.005950 0.003160 0.000190 0.124266 0.008424 1.863610
0.851241 0.007555 0.005979 0.003209 0.000186 0.123400 0.008429 1.864342
0.851893 0.007708 0.006042 0.003242 0.000183 0.122499 0.008433 1.865076
0.852633 0.007728 0.006102 0.003269 0.000184 0.121647 0.008436 1.865843
0.853269 0.007848 0.006167 0.003306 0.000187 0.120785 0.008438 1.866600
0.853953 0.007906 0.006218 0.003359 0.000184 0.119939 0.008441 1.867378
0.854585 0.007968 0.006288 0.003381 0.000189 0.119145 0.008443 1.868167
0.855198 0.008072 0.006345 0.003403 0.000192 0.118344 0.008446 1.868940
0.855748 0.008137 0.006437 0.003421 0.000197 0.117611 0.008448 1.869764
0.856314 0.008246 0.006496 0.003461 0.000198 0.116834 0.008451 1.870556
0.856875 0.008353 0.006548 0.003493 0.000199 0.116078 0.008454 1.871345
0.857342 0.008494 0.006571 0.003519 0.000209 0.115410 0.008455 1.872145
0.857862 0.008572 0.006629 0.003567 0.000207 0.114703 0.008460 1.872970
0.858315 0.008721 0.006692 0.003604 0.000214 0.113994 0.008461 1.873785
0.858815 0.008797 0.006750 0.003669 0.000214 0.113293 0.008462 1.874644
0.859244 0.008857 0.006844 0.003679 0.000221 0.112691 0.008463 1.875525
0.859757 0.008953 0.006935 0.003700 0.000218 0.111974 0.008465 1.876383
0.860220 0.009014 0.006988 0.003725 0.000214 0.111369 0.008468 1.877260
0.860614 0.009069 0.007073 0.003773 0.000217 0.110781 0.008472 1.878186
0.861015 0.009181 0.007159 0.003812 0.000220 0.110139 0.008474 1.879088
0.861416 0.009273 0.007212 0.003828 0.000220 0.109574 0.008476 1.879975
0.861784 0.009322 0.007292 0.003887 0.000223 0.109012 0.008480 1.880920
0.862087 0.009419 0.007401 0.003945 0.000227 0.108440 0.008480 1.881866
0.862395 0.009549 0.007448 0.004002 0.000226 0.107894 0.008486 1.882776
0.862724 0.009615 0.007497 0.004079 0.000228 0.107369 0.008489 1.883725
0.862995 0.009684 0.007592 0.004135 0.000233 0.106870 0.008491 1.884690
0.863291 0.009792 0.007674 0.004159 0.000230 0.106360 0.008494 1.885657
0.863641 0.009843 0.007763 0.004195 0.000227 0.105834 0.008497 1.886631
0.863899 0.009941 0.007794 0.004235 0.000231 0.105400 0.008500 1.887580
0.864113 0.010014 0.007874 0.004264 0.000236 0.104996 0.008503 1.888578
0.864333 0.010133 0.007954 0.004314 0.000240 0.104523 0.008504 1.889575
0.864516 0.010267 0.008034 0.004375 0.000241 0.104060 0.008507 1.890567
0.864652 0.010398 0.008090 0.004404 0.000239 0.103709 0.008509 1.891571
0.864870 0.010492 0.008161 0.004444 0.000241 0.103278 0.008514 1.892604
0.865021 0.010587 0.008260 0.004468 0.000243 0.102906 0.008516 1.893628
0.865202 0.010642 0.008402 0.004505 0.000246 0.102483 0.008519 1.894702
0.865317 0.010764 0.008502 0.004556 0.000247 0.102090 0.008524 1.895757
0.865422 0.010853 0.008584 0.004607 0.000248 0.101758 0.008528 1.896832
0.865526 0.010947 0.008658 0.004625 0.000255 0.101456 0.008531 1.897882
0.865656 0.011054 0.008777 0.004660 0.000257 0.101062 0.008534 1.898965
0.865704 0.011135 0.008852 0.004720 0.000261 0.100791 0.008537 1.900079
0.865724 0.011213 0.008944 0.004760 0.000262 0.100554 0.008543 1.901180
0.865770 0.011305 0.009037 0.004828 0.000268 0.100248 0.008545 1.902275
0.865812 0.011395 0.009136 0.004879 0.000272 0.099956 0.008549 1.903415
0.865797 0.011517 0.009241 0.004911 0.000282 0.099701 0.008552 1.904574
0.865784 0.011616 0.009360 0.004909 0.000287 0.099489 0.008556 1.905685
0.865761 0.011667 0.009476 0.004957 0.000288 0.099292 0.008558 1.906878
0.865808 0.011720 0.009525 0.005005 0.000288 0.099093 0.008561 1.908034
0.865781 0.011901 0.009571 0.005004 0.000293 0.098885 0.008565 1.909124
0.865753 0.011978 0.009664 0.005038 0.000290 0.098706 0.008569 1.910291
0.865676 0.012074 0.009749 0.005119 0.000287 0.098520 0.008575 1.911517
0.865580 0.012262 0.009854 0.005127 0.000291 0.098308 0.008579 1.912679
0.865544 0.012281 0.009955 0.005220 0.000287 0.098130 0.008581 1.913914
0.865470 0.012359 0.010052 0.005257 0.000293 0.097987 0.008583 1.915131
0.865355 0.012493 0.010105 0.005253 0.000297 0.097912 0.008585 1.916304
0.865259 0.012610 0.010205 0.005301 0.000296 0.097739 0.008590 1.917517
0.865156 0.012688 0.010287 0.005353 0.000301 0.097620 0.008594 1.918756
0.865059 0.012771 0.010378 0.005420 0.000301 0.097473 0.008598 1.920023
0.864826 0.012935 0.010458 0.005458 0.000303 0.097419 0.008602 1.921274
0.864674 0.013040 0.010541 0.005494 0.000305 0.097339 0.008606 1.922540
0.864533 0.013146 0.010614 0.005516 0.000311 0.097271 0.008610 1.923795
0.864358 0.013232 0.010691 0.005551 0.000306 0.097248 0.008615 1.925073
0.864198 0.013349 0.010763 0.005577 0.000309 0.097186 0.008618 1.926348
0.864017 0.013422 0.010884 0.005641 0.000310 0.097105 0.008620 1.927661
0.863803 0.013479 0.010970 0.005694 0.000317 0.097112 0.008626 1.928985
0.863598 0.013537 0.011055 0.005746 0.000316 0.097118 0.008630 1.930317
0.863335 0.013604 0.011113 0.005810 0.000321 0.097183 0.008634 1.931630
0.863126 0.013659 0.011203 0.005862 0.000316 0.097193 0.008641 1.932990
0.862919 0.013722 0.011309 0.005906 0.000324 0.097174 0.008645 1.934357
0.862714 0.013830 0.011384 0.005944 0.000326 0.097152 0.008650 1.935680
0.862522 0.013912 0.011449 0.005966 0.000329 0.097169 0.008654 1.936993
0.862364 0.013957 0.011557 0.006030 0.000328 0.097106 0.008658 1.938369
0.862134 0.014059 0.011606 0.006086 0.000325 0.097130 0.008663 1.939747
0.861928 0.014161 0.011659 0.006127 0.000332 0.097125 0.008669 1.941107
0.861699 0.014277 0.011684 0.006163 0.000335 0.097172 0.008672 1.942470
0.861439 0.014327 0.011782 0.006195 0.000331 0.097249 0.008679 1.943885
0.861148 0.014438 0.011787 0.006232 0.000334 0.097377 0.008684 1.945259
0.860919 0.014438 0.011849 0.006299 0.000339 0.097469 0.008687 1.946685
0.860634 0.014507 0.011953 0.006323 0.000339 0.097552 0.008692 1.948106
0.860373 0.014602 0.011994 0.006375 0.000339 0.097621 0.008696 1.949490
0.860140 0.014659 0.012067 0.006385 0.000346 0.097700 0.008703 1.950923
0.859852 0.014703 0.012194 0.006425 0.000352 0.097769 0.008705 1.952381
0.859554 0.014759 0.012278 0.006451 0.000354 0.097894 0.008709 1.953853
0.859271 0.014799 0.012349 0.006472 0.000355 0.098040 0.008713 1.955323
0.858983 0.014871 0.012405 0.006488 0.000362 0.098172 0.008718 1.956769
0.858650 0.014952 0.012429 0.006504 0.000365 0.098377 0.008722 1.958187
0.858332 0.014953 0.012513 0.006565 0.000366 0.098547 0.008725 1.959695
0.858009 0.015028 0.012574 0.006622 0.000369 0.098668 0.008730 1.961165
0.857678 0.015068 0.012673 0.006651 0.000373 0.098823 0.008733 1.962668
0.857418 0.015070 0.012750 0.006691 0.000382 0.098953 0.008737 1.964168
0.857098 0.015127 0.012807 0.006691 0.000385 0.099152 0.008741 1.965640
0.856818 0.015205 0.012900 0.006740 0.000388 0.099200 0.008749 1.967123
0.856453 0.015318 0.012978 0.006772 0.000396 0.099329 0.008755 1.968599
0.856118 0.015372 0.013069 0.006812 0.000393 0.099474 0.008761 1.970127
0.855765 0.015422 0.013156 0.006856 0.000390 0.099644 0.008768 1.971663
0.855464 0.015484 0.013177 0.006893 0.000402 0.099810 0.008771 1.973166
0.855202 0.015468 0.013223 0.006931 0.000404 0.099995 0.008778 1.974717
0.854904 0.015459 0.013321 0.006994 0.000411 0.100128 0.008783 1.976279
0.854555 0.015469 0.013411 0.007072 0.000415 0.100291 0.008787 1.977854
0.854258 0.015470 0.013458 0.007107 0.000407 0.100509 0.008793 1.979390
0.853926 0.015536 0.013498 0.007115 0.000409 0.100718 0.008798 1.980903
0.853611 0.015610 0.013547 0.007124 0.000415 0.100891 0.008804 1.982424
0.853290 0.015605 0.013610 0.007168 0.000423 0.101096 0.008807 1.984029
0.852966 0.015649 0.013635 0.007186 0.000427 0.101322 0.008814 1.985579
0.852640 0.015734 0.013703 0.007207 0.000428 0.101469 0.008821 1.987119
0.852277 0.015832 0.013748 0.007231 0.000427 0.101658 0.008826 1.988664
0.851993 0.015857 0.013799 0.007190 0.000425 0.101902 0.008833 1.990204
0.851696 0.015892 0.013823 0.007202 0.000423 0.102126 0.008837 1.991748
0.851374 0.015925 0.013826 0.007264 0.000423 0.102345 0.008843 1.993299
0.851071 0.015874 0.013888 0.007303 0.000431 0.102585 0.008848 1.994921
0.850738 0.015886 0.013916 0.007312 0.000438 0.102855 0.008854 1.996490
0.850410 0.015982 0.013915 0.007316 0.000441 0.103076 0.008861 1.998003
0.850125 0.015953 0.013993 0.007357 0.000443 0.103261 0.008867 1.999646
0.849798 0.016019 0.013984 0.007367 0.000449 0.103512 0.008873 2.001199
0.849524 0.016061 0.013997 0.007383 0.000458 0.103700 0.008877 2.002747
0.849263 0.016045 0.013983 0.007386 0.000456 0.103984 0.008883 2.004279
0.848977 0.016017 0.014032 0.007385 0.000458 0.104245 0.008887 2.005900
0.848743 0.015956 0.014102 0.007346 0.000459 0.104502 0.008892 2.007499
0.848467 0.015960 0.014156 0.007335 0.000459 0.104727 0.008897 2.009064
0.848144 0.016010 0.014152 0.007360 0.000455 0.104975 0.008903 2.010651
0.847942 0.015955 0.014194 0.007414 0.000455 0.105133 0.008908 2.012293
0.847649 0.016007 0.014165 0.007425 0.000458 0.105384 0.008912 2.013819
0.847369 0.016012 0.014208 0.007468 0.000459 0.105565 0.008918 2.015399
0.847123 0.016066 0.014212 0.007477 0.000458 0.105739 0.008925 2.016951
0.846840 0.016140 0.014173 0.007437 0.000455 0.106022 0.008933 2.018469
0.846600 0.016091 0.014186 0.007461 0.000454 0.106268 0.008940 2.020081
0.846290 0.016163 0.014183 0.007474 0.000456 0.106488 0.008948 2.021624
0.846039 0.016232 0.014156 0.007515 0.000451 0.106650 0.008956 2.023151
0.845792 0.016224 0.014185 0.007521 0.000459 0.106860 0.008960 2.024743
0.845532 0.016226 0.014297 0.007544 0.000457 0.106979 0.008965 2.026357
0.845306 0.016211 0.014322 0.007556 0.000458 0.107174 0.008974 2.027970
0.845043 0.016220 0.014343 0.007579 0.000465 0.107370 0.008981 2.029577
0.844740 0.016265 0.014373 0.007612 0.000473 0.107553 0.008984 2.031170
0.844467 0.016258 0.014415 0.007622 0.000472 0.107775 0.008993 2.032766
0.844230 0.016250 0.014406 0.007619 0.000481 0.108017 0.008998 2.034359
0.843986 0.016246 0.014415 0.007620 0.000486 0.108243 0.009004 2.035971
0.843744 0.016244 0.014429 0.007617 0.000488 0.108467 0.009011 2.037544
0.843591 0.016165 0.014424 0.007634 0.000492 0.108678 0.009016 2.039167
0.843363 0.016149 0.014456 0.007622 0.000491 0.108896 0.009023 2.040761
0.843131 0.016161 0.014500 0.007602 0.000495 0.109083 0.009028 2.042349
0.842888 0.016119 0.014522 0.007636 0.000503 0.109296 0.009037 2.043969
0.842628 0.016098 0.014510 0.007655 0.000498 0.109568 0.009043 2.045554
0.842434 0.016136 0.014511 0.007629 0.000494 0.109746 0.009051 2.047099
0.842176 0.016126 0.014508 0.007615 0.000503 0.110017 0.009057 2.048688
0.841964 0.016124 0.014480 0.007655 0.000500 0.110214 0.009063 2.050247
0.841770 0.016090 0.014444 0.007642 0.000510 0.110475 0.009070 2.051838
0.841553 0.016135 0.014434 0.007621 0.000507 0.110675 0.009076 2.053381
0.841340 0.016184 0.014410 0.007624 0.000507 0.110851 0.009086 2.054919
0.841053 0.016280 0.014390 0.007572 0.000502 0.111109 0.009093 2.056449
0.840829 0.016243 0.014406 0.007613 0.000500 0.111311 0.009099 2.058059
0.840628 0.016249 0.014439 0.007608 0.000500 0.111474 0.009102 2.059630
0.840512 0.016137 0.014468 0.007667 0.000499 0.111608 0.009110 2.061289
0.840304 0.016026 0.014488 0.007686 0.000498 0.111883 0.009114 2.062936
0.840111 0.016011 0.014494 0.007680 0.000492 0.112091 0.009121 2.064512
0.839970 0.015980 0.014524 0.007692 0.000499 0.112211 0.009125 2.066098
0.839768 0.016005 0.014494 0.007666 0.000497 0.112439 0.009132 2.067647
0.839673 0.015930 0.014508 0.007674 0.000502 0.112573 0.009140 2.069238
0.839609 0.015848 0.014487 0.007641 0.000510 0.112759 0.009145 2.070799
0.839483 0.015757 0.014517 0.007648 0.000513 0.112932 0.009151 2.072408
0.839328 0.015759 0.014483 0.007634 0.000514 0.113124 0.009158 2.073930
0.839183 0.015752 0.014491 0.007609 0.000524 0.113280 0.009162 2.075489
0.839047 0.015736 0.014476 0.007594 0.000521 0.113454 0.009171 2.077042
0.839010 0.015713 0.014424 0.007595 0.000515 0.113565 0.009178 2.078554
0.838961 0.015614 0.014406 0.007607 0.000513 0.113710 0.009189 2.080131
0.838848 0.015606 0.014388 0.007602 0.000506 0.113853 0.009197 2.081694
0.838768 0.015559 0.014376 0.007601 0.000507 0.113986 0.009203 2.083243
0.838679 0.015573 0.014335 0.007565 0.000513 0.114124 0.009211 2.084750
0.838578 0.015553 0.014343 0.007526 0.000509 0.114271 0.009222 2.086303
0.838563 0.015512 0.014277 0.007562 0.000512 0.114345 0.009230 2.087810
0.838440 0.015509 0.014268 0.007591 0.000516 0.114440 0.009236 2.089312
0.838364 0.015506 0.014233 0.007578 0.000510 0.114567 0.009244 2.090828
0.838286 0.015458 0.014235 0.007597 0.000511 0.114662 0.009253 2.092379
0.838213 0.015444 0.014170 0.007575 0.000517 0.114825 0.009257 2.093900
0.838225 0.015359 0.014164 0.007545 0.000518 0.114925 0.009263 2.095406
0.838280 0.015214 0.014191 0.007547 0.000512 0.114986 0.009271 2.096959
0.838240 0.015260 0.014186 0.007493 0.000506 0.115038 0.009278 2.098419
0.838203 0.015224 0.014171 0.007463 0.000508 0.115148 0.009283 2.099959
0.838189 0.015228 0.014117 0.007445 0.000510 0.115222 0.009289 2.101401
0.838093 0.015234 0.014118 0.007450 0.000508 0.115298 0.009299 2.102917
0.838062 0.015271 0.014088 0.007431 0.000507 0.115337 0.009305 2.104393
0.837993 0.015268 0.014081 0.007427 0.000503 0.115419 0.009311 2.105860
0.837947 0.015282 0.014043 0.007407 0.000510 0.115495 0.009316 2.107349
0.838003 0.015197 0.014081 0.007410 0.000501 0.115488 0.009322 2.108888
0.837983 0.015167 0.013996 0.007411 0.000501 0.115613 0.009330 2.110366
0.837933 0.015136 0.013981 0.007372 0.000506 0.115733 0.009339 2.111861
0.837973 0.015100 0.013933 0.007363 0.000497 0.115789 0.009346 2.113343
0.838001 0.015051 0.013904 0.007326 0.000496 0.115870 0.009353 2.114837
0.837971 0.015061 0.013883 0.007317 0.000494 0.115917 0.009357 2.116293
0.837884 0.015090 0.013830 0.007323 0.000493 0.116018 0.009362 2.117742
0.837842 0.015066 0.013782 0.007337 0.000487 0.116117 0.009370 2.119229
0.837801 0.014991 0.013804 0.007320 0.000488 0.116218 0.009378 2.120743
0.837832 0.014915 0.013813 0.007264 0.000495 0.116298 0.009385 2.122226
0.837833 0.014907 0.013827 0.007244 0.000496 0.116302 0.009392 2.123694
0.837870 0.014880 0.013790 0.007260 0.000496 0.116307 0.009398 2.125155
0.837933 0.014779 0.013777 0.007291 0.000494 0.116326 0.009402 2.126661
0.838041 0.014692 0.013760 0.007297 0.000492 0.116312 0.009407 2.128127
0.838060 0.014646 0.013777 0.007274 0.000491 0.116339 0.009413 2.129558
0.838164 0.014597 0.013736 0.007243 0.000492 0.116345 0.009422 2.130966
0.838176 0.014635 0.013687 0.007230 0.000482 0.116358 0.009431 2.132364
0.838227 0.014587 0.013625 0.007197 0.000480 0.116444 0.009439 2.133790
0.838260 0.014608 0.013552 0.007161 0.000477 0.116495 0.009447 2.135206
0.838319 0.014609 0.013478 0.007114 0.000480 0.116548 0.009453 2.136601
0.838397 0.014630 0.013466 0.007083 0.000476 0.116487 0.009461 2.138024
0.838448 0.014586 0.013444 0.007099 0.000477 0.116481 0.009465 2.139469
0.838526 0.014596 0.013381 0.007088 0.000472 0.116466 0.009473 2.140854
0.838545 0.014542 0.013394 0.007070 0.000468 0.116505 0.009477 2.142299
0.838589 0.014509 0.013392 0.007098 0.000464 0.116464 0.009486 2.143732
0.838684 0.014493 0.013312 0.007089 0.000461 0.116471 0.009491 2.145099
0.838724 0.014411 0.013350 0.007084 0.000461 0.116476 0.009495 2.146573
0.838905 0.014326 0.013346 0.007058 0.000452 0.116411 0.009502 2.147973
0.838952 0.014229 0.013336 0.007073 0.000454 0.116447 0.009509 2.149414
0.839088 0.014176 0.013277 0.007092 0.000460 0.116394 0.009514 2.150811
0.839160 0.014128 0.013249 0.007092 0.000463 0.116388 0.009519 2.152249
0.839249 0.014058 0.013183 0.007095 0.000466 0.116423 0.009526 2.153674
0.839307 0.014039 0.013203 0.007068 0.000470 0.116383 0.009531 2.155092
0.839435 0.013999 0.013187 0.007018 0.000469 0.116354 0.009539 2.156454
0.839475 0.014013 0.013151 0.006973 0.000471 0.116373 0.009544 2.157830
0.839592 0.013973 0.013142 0.006951 0.000462 0.116326 0.009555 2.159217
0.839716 0.013888 0.013110 0.006941 0.000460 0.116322 0.009563 2.160647
0.839848 0.013883 0.013054 0.006911 0.000457 0.116277 0.009572 2.161994
0.839918 0.013892 0.013001 0.006872 0.000454 0.116284 0.009580 2.163364
0.840033 0.013837 0.012987 0.006802 0.000457 0.116299 0.009585 2.164728
0.840061 0.013864 0.012984 0.006788 0.000451 0.116261 0.009592 2.166083
0.840197 0.013835 0.012929 0.006778 0.000451 0.116213 0.009598 2.167425
0.840329 0.013824 0.012886 0.006754 0.000452 0.116154 0.009602 2.168767
0.840501 0.013801 0.012824 0.006761 0.000452 0.116054 0.009608 2.170093
0.840586 0.013776 0.012784 0.006741 0.000453 0.116047 0.009613 2.171448
0.840712 0.013720 0.012747 0.006739 0.000447 0.116015 0.009619 2.172807
0.840839 0.013734 0.012666 0.006705 0.000452 0.115979 0.009626 2.174110
0.840883 0.013762 0.012632 0.006670 0.000444 0.115979 0.009631 2.175434
0.841058 0.013705 0.012624 0.006635 0.000454 0.115892 0.009633 2.176786
0.841187 0.013698 0.012527 0.006652 0.000445 0.115853 0.009639 2.178110
0.841252 0.013676 0.012569 0.006641 0.000451 0.115768 0.009643 2.179465
0.841367 0.013672 0.012524 0.006649 0.000453 0.115689 0.009646 2.180802
0.841506 0.013626 0.012542 0.006628 0.000447 0.115594 0.009657 2.182167
0.841604 0.013618 0.012541 0.006597 0.000446 0.115532 0.009663 2.183500
0.841649 0.013702 0.012522 0.006548 0.000447 0.115463 0.009671 2.184786
0.841854 0.013616 0.012540 0.006572 0.000453 0.115293 0.009674 2.186134
0.842035 0.013524 0.012500 0.006554 0.000458 0.115253 0.009676 2.187490
0.842200 0.013470 0.012492 0.006555 0.000453 0.115145 0.009685 2.188829
0.842313 0.013469 0.012457 0.006523 0.000449 0.115097 0.009694 2.190160
0.842415 0.013475 0.012419 0.006521 0.000451 0.115021 0.009699 2.191477
0.842506 0.013412 0.012448 0.006522 0.000448 0.114960 0.009706 2.192856
0.842642 0.013419 0.012411 0.006530 0.000454 0.114833 0.009712 2.194148
0.842773 0.013418 0.012365 0.006562 0.000452 0.114712 0.009718 2.195489
0.842894 0.013400 0.012347 0.006560 0.000460 0.114618 0.009721 2.196804
0.843075 0.013343 0.012345 0.006555 0.000458 0.114497 0.009729 2.198149
0.843214 0.013320 0.012328 0.006560 0.000454 0.114388 0.009736 2.199444
0.843349 0.013333 0.012295 0.006571 0.000461 0.114251 0.009741 2.200736
0.843446 0.013374 0.012250 0.006575 0.000465 0.114144 0.009745 2.202025
0.843594 0.013340 0.012251 0.006587 0.000459 0.114019 0.009751 2.203372
0.843790 0.013255 0.012243 0.006578 0.000453 0.113924 0.009758 2.204711
0.843925 0.013204 0.012234 0.006550 0.000461 0.113864 0.009761 2.206029
0.844079 0.013213 0.012216 0.006541 0.000458 0.113727 0.009767 2.207315
0.844254 0.013241 0.012194 0.006524 0.000459 0.113559 0.009771 2.208560
0.844391 0.013259 0.012181 0.006468 0.000465 0.113463 0.009774 2.209841
0.844550 0.013247 0.012177 0.006482 0.000460 0.113305 0.009781 2.211120
0.844628 0.013235 0.012212 0.006481 0.000459 0.113196 0.009788 2.212448
0.844798 0.013201 0.012198 0.006447 0.000460 0.113103 0.009793 2.213754
0.844980 0.013166 0.012200 0.006441 0.000464 0.112952 0.009798 2.215073
0.845152 0.013164 0.012116 0.006431 0.000458 0.112877 0.009803 2.216336
0.845231 0.013197 0.012050 0.006430 0.000454 0.112829 0.009810 2.217612
0.845325 0.013261 0.012049 0.006403 0.000450 0.112697 0.009815 2.218869
0.845488 0.013275 0.012045 0.006384 0.000450 0.112538 0.009821 2.220153
0.845641 0.013269 0.012023 0.006371 0.000445 0.112426 0.009824 2.221454
0.845728 0.013306 0.012000 0.006363 0.000451 0.112322 0.009830 2.222748
0.845800 0.013332 0.011971 0.006359 0.000452 0.112250 0.009837 2.224035
0.845969 0.013301 0.011959 0.006353 0.000452 0.112126 0.009842 2.225311
0.846041 0.013337 0.011935 0.006345 0.000446 0.112050 0.009847 2.226599
0.846168 0.013369 0.011912 0.006319 0.000440 0.111936 0.009856 2.227865
0.846241 0.013388 0.011861 0.006326 0.000438 0.111883 0.009861 2.229157
0.846377 0.013341 0.011887 0.006318 0.000438 0.111775 0.009865 2.230444
0.846429 0.013374 0.011888 0.006301 0.000439 0.111697 0.009871 2.231735
0.846513 0.013331 0.011902 0.006312 0.000439 0.111631 0.009873 2.233078
0.846589 0.013345 0.011905 0.006299 0.000447 0.111539 0.009877 2.234387
0.846711 0.013297 0.011940 0.006269 0.000447 0.111455 0.009883 2.235705
0.846824 0.013268 0.011962 0.006274 0.000445 0.111336 0.009891 2.237029
0.846977 0.013239 0.011973 0.006262 0.000443 0.111211 0.009895 2.238309
0.847123 0.013173 0.012008 0.006286 0.000438 0.111070 0.009903 2.239632
0.847257 0.013079 0.012046 0.006268 0.000437 0.111004 0.009910 2.240967
0.847324 0.013116 0.012005 0.006243 0.000439 0.110960 0.009913 2.242258
0.847443 0.013096 0.011991 0.006228 0.000443 0.110884 0.009917 2.243543
0.847492 0.013116 0.011989 0.006176 0.000448 0.110858 0.009921 2.244842
0.847466 0.013203 0.011987 0.006181 0.000443 0.110794 0.009927 2.246130
0.847577 0.013168 0.012007 0.006164 0.000446 0.110705 0.009933 2.247437
0.847636 0.013175 0.011995 0.006173 0.000447 0.110635 0.009939 2.248714
0.847692 0.013227 0.011940 0.006175 0.000452 0.110570 0.009945 2.249994
0.847832 0.013172 0.011953 0.006150 0.000450 0.110493 0.009950 2.251319
0.847946 0.013097 0.011976 0.006177 0.000447 0.110401 0.009957 2.252665
0.848028 0.013078 0.011934 0.006180 0.000447 0.110372 0.009963 2.253953
0.848060 0.013076 0.011941 0.006172 0.000450 0.110335 0.009967 2.255276
0.848207 0.013048 0.011892 0.006192 0.000443 0.110248 0.009970 2.256530
0.848313 0.013068 0.011815 0.006187 0.000442 0.110200 0.009974 2.257794
0.848408 0.013055 0.011825 0.006164 0.000444 0.110126 0.009977 2.259070
0.848560 0.012999 0.011840 0.006196 0.000437 0.109985 0.009984 2.260364
0.848620 0.012996 0.011849 0.006189 0.000441 0.109914 0.009991 2.261647
0.848684 0.013000 0.011829 0.006219 0.000448 0.109822 0.009998 2.262952
0.848803 0.012965 0.011851 0.006214 0.000447 0.109716 0.010004 2.264252
0.848921 0.012991 0.011811 0.006228 0.000451 0.109590 0.010008 2.265501
0.849015 0.012997 0.011828 0.006256 0.000451 0.109440 0.010013 2.266775
0.849136 0.013019 0.011809 0.006240 0.000451 0.109324 0.010020 2.268022
0.849226 0.013005 0.011796 0.006192 0.000454 0.109301 0.010026 2.269306
0.849331 0.012957 0.011822 0.006212 0.000455 0.109192 0.010033 2.270640
0.849474 0.012931 0.011796 0.006183 0.000447 0.109130 0.010040 2.271910
0.849590 0.012916 0.011742 0.006184 0.000448 0.109078 0.010043 2.273155
0.849695 0.012873 0.011780 0.006176 0.000457 0.108973 0.010048 2.274460
0.849797 0.012934 0.011725 0.006142 0.000455 0.108894 0.010054 2.275678
0.849930 0.012969 0.011703 0.006156 0.000444 0.108738 0.010061 2.276904
0.849957 0.013005 0.011742 0.006131 0.000451 0.108651 0.010064 2.278184
0.850090 0.012984 0.011747 0.006096 0.000446 0.108567 0.010071 2.279452
0.850105 0.013083 0.011700 0.006108 0.000443 0.108482 0.010079 2.280687
0.850154 0.013111 0.011701 0.006147 0.000442 0.108364 0.010082 2.281993
0.850192 0.013052 0.011751 0.006153 0.000440 0.108327 0.010086 2.283334
0.850230 0.013083 0.011779 0.006150 0.000443 0.108226 0.010091 2.284638
0.850247 0.013094 0.011814 0.006172 0.000439 0.108139 0.010097 2.285963
0.850278 0.013131 0.011851 0.006167 0.000437 0.108034 0.010102 2.287231
0.850342 0.013133 0.011841 0.006155 0.000435 0.107987 0.010107 2.288520
0.850390 0.013151 0.011863 0.006147 0.000435 0.107905 0.010111 2.289801
0.850434 0.013155 0.011829 0.006119 0.000434 0.107911 0.010117 2.291073
0.850523 0.013143 0.011813 0.006123 0.000431 0.107848 0.010121 2.292349
0.850533 0.013128 0.011858 0.006146 0.000430 0.107778 0.010127 2.293666
0.850614 0.013084 0.011934 0.006141 0.000432 0.107661 0.010136 2.294989
0.850641 0.013099 0.011890 0.006171 0.000427 0.107636 0.010139 2.296281
0.850710 0.013090 0.011881 0.006179 0.000429 0.107570 0.010142 2.297566
0.850688 0.013146 0.011833 0.006167 0.000427 0.107592 0.010148 2.298837
0.850713 0.013173 0.011820 0.006171 0.000427 0.107540 0.010156 2.300115
0.850738 0.013184 0.011834 0.006154 0.000429 0.107499 0.010162 2.301417
0.850776 0.013260 0.011815 0.006163 0.000426 0.107392 0.010169 2.302685
0.850822 0.013217 0.011856 0.006142 0.000429 0.107362 0.010172 2.303989
0.850909 0.013228 0.011856 0.006161 0.000428 0.107243 0.010175 2.305262
0.850924 0.013278 0.011863 0.006177 0.000421 0.107158 0.010181 2.306540
0.850970 0.013338 0.011861 0.006140 0.000417 0.107087 0.010187 2.307804
0.851031 0.013342 0.011857 0.006147 0.000412 0.107017 0.010194 2.309121
0.851042 0.013322 0.011908 0.006151 0.000410 0.106969 0.010200 2.310455
0.851067 0.013314 0.011969 0.006154 0.000410 0.106881 0.010204 2.311768
0.851154 0.013264 0.011958 0.006157 0.000414 0.106843 0.010210 2.313064
0.851167 0.013278 0.011939 0.006191 0.000417 0.106793 0.010215 2.314352
0.851185 0.013282 0.011933 0.006208 0.000417 0.106756 0.010218 2.315655
0.851194 0.013284 0.011946 0.006201 0.000425 0.106726 0.010225 2.316967
0.851240 0.013304 0.011935 0.006183 0.000424 0.106682 0.010232 2.318235
0.851317 0.013272 0.011983 0.006180 0.000423 0.106586 0.010238 2.319567
0.851277 0.013343 0.011980 0.006202 0.000423 0.106533 0.010241 2.320874
0.851311 0.013305 0.011991 0.006191 0.000412 0.106544 0.010248 2.322198
0.851318 0.013347 0.011986 0.006154 0.000414 0.106530 0.010252 2.323467
0.851342 0.013355 0.011980 0.006119 0.000410 0.106537 0.010258 2.324777
0.851365 0.013343 0.012002 0.006139 0.000406 0.106481 0.010265 2.326123
0.851347 0.013383 0.012005 0.006149 0.000409 0.106437 0.010271 2.327426
0.851355 0.013431 0.012002 0.006148 0.000411 0.106377 0.010275 2.328686
0.851410 0.013444 0.011979 0.006178 0.000412 0.106300 0.010278 2.329971
0.851372 0.013497 0.011979 0.006200 0.000408 0.106261 0.010284 2.331272
0.851309 0.013488 0.012000 0.006208 0.000413 0.106296 0.010287 2.332637
0.851293 0.013502 0.012028 0.006209 0.000419 0.106257 0.010291 2.333949
0.851260 0.013500 0.012007 0.006254 0.000418 0.106264 0.010298 2.335291
0.851194 0.013541 0.011985 0.006237 0.000418 0.106320 0.010306 2.336614
0.851120 0.013595 0.012044 0.006246 0.000415 0.106269 0.010311 2.337953
0.851139 0.013563 0.012045 0.006280 0.000414 0.106243 0.010317 2.339294
0.851087 0.013594 0.012056 0.006310 0.000416 0.106214 0.010323 2.340629
0.851064 0.013611 0.012081 0.006286 0.000416 0.106214 0.010328 2.341962
0.850994 0.013675 0.012116 0.006309 0.000422 0.106152 0.010332 2.343287
0.851005 0.013678 0.012118 0.006338 0.000434 0.106091 0.010336 2.344616
0.850996 0.013645 0.012153 0.006353 0.000431 0.106080 0.010342 2.345967
0.851010 0.013601 0.012189 0.006358 0.000441 0.106057 0.010345 2.347351
0.851011 0.013646 0.012138 0.006377 0.000435 0.106043 0.010352 2.348641
0.850984 0.013699 0.012130 0.006366 0.000436 0.106030 0.010357 2.349953
0.850962 0.013719 0.012121 0.006355 0.000446 0.106036 0.010362 2.351287
0.850900 0.013743 0.012129 0.006318 0.000447 0.106095 0.010369 2.352607
0.850921 0.013701 0.012139 0.006351 0.000441 0.106075 0.010374 2.353964
0.850851 0.013728 0.012137 0.006339 0.000439 0.106127 0.010380 2.355332
0.850932 0.013676 0.012169 0.006336 0.000435 0.106067 0.010386 2.356659
0.850906 0.013683 0.012191 0.006365 0.000429 0.106035 0.010391 2.358005
0.850907 0.013657 0.012211 0.006367 0.000441 0.106022 0.010395 2.359345
0.850901 0.013671 0.012237 0.006341 0.000437 0.106010 0.010403 2.360654
0.850849 0.013673 0.012236 0.006374 0.000441 0.106017 0.010408 2.362010
0.850841 0.013676 0.012219 0.006372 0.000441 0.106036 0.010415 2.363339
0.850801 0.013637 0.012248 0.006394 0.000435 0.106064 0.010422 2.364715
0.850807 0.013620 0.012233 0.006427 0.000439 0.106049 0.010425 2.366068
0.850795 0.013670 0.012264 0.006427 0.000439 0.105976 0.010430 2.367373
0.850799 0.013636 0.012242 0.006471 0.000437 0.105981 0.010433 2.368735
0.850761 0.013659 0.012288 0.006458 0.000439 0.105955 0.010439 2.370082
0.850756 0.013637 0.012282 0.006508 0.000440 0.105934 0.010444 2.371428
