0.329392 0.063785 0.057128 0.032930 0.002176 0.508171 0.006419 1.663433
0.332076 0.061197 0.056994 0.032700 0.002184 0.508401 0.006449 1.669620
0.335626 0.058210 0.056818 0.032398 0.002186 0.508286 0.006478 1.675473
0.339629 0.055000 0.056380 0.032049 0.002173 0.508268 0.006501 1.681045
0.344078 0.051710 0.055827 0.031641 0.002170 0.508046 0.006529 1.686295
0.348775 0.048477 0.055110 0.031054 0.002167 0.507860 0.006556 1.691271
0.353577 0.045408 0.054203 0.030413 0.002159 0.507659 0.006580 1.695839
0.358415 0.042500 0.053226 0.029757 0.002149 0.507343 0.006609 1.700140
0.363489 0.039702 0.052244 0.029027 0.002151 0.506746 0.006640 1.704220
0.368717 0.037080 0.051074 0.028228 0.002152 0.506082 0.006666 1.707998
0.374005 0.034691 0.049780 0.027419 0.002143 0.505271 0.006692 1.711497
0.379353 0.032413 0.048549 0.026540 0.002139 0.504287 0.006719 1.714783
0.384749 0.030333 0.047168 0.025653 0.002124 0.503220 0.006753 1.717842
0.390075 0.028365 0.045641 0.024818 0.002118 0.502212 0.006771 1.720698
0.395578 0.026541 0.044197 0.023967 0.002099 0.500820 0.006798 1.723370
0.400994 0.024824 0.042770 0.023112 0.002090 0.499384 0.006826 1.725887
0.406476 0.023224 0.041306 0.022314 0.002055 0.497768 0.006858 1.728265
0.411891 0.021755 0.039901 0.021463 0.002041 0.496068 0.006883 1.730465
0.417434 0.020363 0.038565 0.020649 0.002009 0.494068 0.006913 1.732542
0.422913 0.019115 0.037132 0.019823 0.001992 0.492082 0.006942 1.734452
0.428413 0.017957 0.035746 0.018977 0.001980 0.489965 0.006963 1.736220
0.433894 0.016858 0.034447 0.018227 0.001960 0.487629 0.006986 1.737933
0.439592 0.015783 0.033085 0.017423 0.001934 0.485173 0.007010 1.739557
0.445067 0.014786 0.031831 0.016675 0.001903 0.482696 0.007041 1.741088
0.450490 0.013951 0.030541 0.015938 0.001879 0.480139 0.007063 1.742457
0.456025 0.013095 0.029312 0.015287 0.001840 0.477355 0.007086 1.743817
0.461443 0.012273 0.028134 0.014661 0.001806 0.474570 0.007113 1.745122
0.466936 0.011547 0.026979 0.014043 0.001782 0.471570 0.007141 1.746287
0.472417 0.010879 0.025848 0.013412 0.001751 0.468528 0.007166 1.747390
0.477739 0.010309 0.024714 0.012786 0.001714 0.465547 0.007190 1.748386
0.483183 0.009717 0.023626 0.012214 0.001674 0.462374 0.007213 1.749362
0.488540 0.009195 0.022579 0.011655 0.001629 0.459159 0.007243 1.750263
0.493869 0.008682 0.021542 0.011102 0.001600 0.455941 0.007264 1.751140
0.499196 0.008279 0.020592 0.010561 0.001566 0.452519 0.007286 1.751919
0.504428 0.007832 0.019661 0.010102 0.001530 0.449133 0.007313 1.752719
0.509644 0.007412 0.018797 0.009643 0.001499 0.445671 0.007333 1.753466
0.514920 0.007007 0.017993 0.009172 0.001469 0.442085 0.007353 1.754172
0.520114 0.006657 0.017215 0.008750 0.001448 0.438445 0.007371 1.754827
0.525290 0.006316 0.016463 0.008363 0.001410 0.434765 0.007392 1.755468
0.530343 0.006013 0.015771 0.007964 0.001382 0.431115 0.007411 1.756062
0.535438 0.005734 0.015028 0.007611 0.001348 0.427413 0.007427 1.756629
0.540484 0.005444 0.014399 0.007248 0.001303 0.423674 0.007448 1.757193
0.545431 0.005197 0.013783 0.006936 0.001266 0.419922 0.007464 1.757705
0.550406 0.004952 0.013129 0.006618 0.001234 0.416180 0.007482 1.758192
0.555282 0.004696 0.012548 0.006323 0.001199 0.412454 0.007500 1.758687
0.560215 0.004483 0.011971 0.006030 0.001176 0.408612 0.007513 1.759126
0.564992 0.004310 0.011380 0.005748 0.001150 0.404894 0.007527 1.759546
0.569769 0.004133 0.010822 0.005492 0.001119 0.401125 0.007540 1.759948
0.574579 0.003973 0.010316 0.005226 0.001092 0.397258 0.007556 1.760335
0.579238 0.003817 0.009834 0.004986 0.001062 0.393490 0.007572 1.760709
0.583912 0.003653 0.009386 0.004769 0.001031 0.389660 0.007589 1.761059
0.588468 0.003535 0.008954 0.004535 0.001000 0.385906 0.007603 1.761399
0.593050 0.003398 0.008576 0.004322 0.000967 0.382068 0.007621 1.761748
0.597604 0.003252 0.008204 0.004131 0.000945 0.378232 0.007633 1.762086
0.602171 0.003110 0.007895 0.003951 0.000921 0.374306 0.007645 1.762421
0.606641 0.002967 0.007586 0.003766 0.000900 0.370483 0.007659 1.762748
0.611061 0.002858 0.007218 0.003611 0.000865 0.366713 0.007675 1.763039
0.615408 0.002783 0.006878 0.003449 0.000838 0.362953 0.007690 1.763296
0.619721 0.002668 0.006603 0.003289 0.000813 0.359206 0.007700 1.763572
0.624110 0.002530 0.006316 0.003133 0.000796 0.355405 0.007710 1.763852
0.628465 0.002457 0.006029 0.002998 0.000772 0.351559 0.007721 1.764082
0.632630 0.002384 0.005746 0.002864 0.000753 0.347892 0.007731 1.764304
0.636821 0.002298 0.005501 0.002756 0.000734 0.344151 0.007740 1.764530
0.641065 0.002218 0.005260 0.002642 0.000708 0.340353 0.007753 1.764757
0.645146 0.002148 0.005029 0.002515 0.000693 0.336707 0.007762 1.764966
0.649216 0.002091 0.004799 0.002397 0.000667 0.333061 0.007770 1.765149
0.653200 0.002010 0.004624 0.002285 0.000650 0.329455 0.007777 1.765363
0.657154 0.001952 0.004423 0.002184 0.000627 0.325872 0.007788 1.765551
0.661122 0.001883 0.004265 0.002096 0.000610 0.322230 0.007796 1.765742
0.664959 0.001828 0.004092 0.002003 0.000597 0.318720 0.007802 1.765912
0.668785 0.001764 0.003924 0.001923 0.000580 0.315211 0.007813 1.766094
0.672614 0.001725 0.003751 0.001848 0.000569 0.311675 0.007819 1.766253
0.676385 0.001679 0.003587 0.001764 0.000550 0.308206 0.007829 1.766403
0.680087 0.001617 0.003427 0.001692 0.000536 0.304805 0.007836 1.766563
0.683699 0.001560 0.003296 0.001633 0.000524 0.301449 0.007841 1.766729
0.687408 0.001502 0.003178 0.001556 0.000510 0.297998 0.007848 1.766880
0.691026 0.001440 0.003065 0.001503 0.000497 0.294618 0.007853 1.767031
0.694576 0.001396 0.002953 0.001454 0.000481 0.291278 0.007863 1.767181
0.698075 0.001367 0.002835 0.001407 0.000467 0.287983 0.007868 1.767313
0.701550 0.001323 0.002736 0.001355 0.000451 0.284712 0.007873 1.767440
0.704991 0.001281 0.002630 0.001296 0.000436 0.281487 0.007880 1.767574
0.708392 0.001242 0.002513 0.001244 0.000421 0.278302 0.007886 1.767690
0.711736 0.001205 0.002426 0.001190 0.000414 0.275141 0.007891 1.767814
0.715024 0.001148 0.002322 0.001155 0.000406 0.272050 0.007896 1.767941
0.718332 0.001108 0.002231 0.001115 0.000388 0.268921 0.007904 1.768057
0.721541 0.001092 0.002140 0.001060 0.000374 0.265882 0.007912 1.768155
0.724658 0.001062 0.002053 0.001033 0.000364 0.262916 0.007915 1.768259
0.727878 0.001023 0.001986 0.000983 0.000352 0.259856 0.007924 1.768359
0.730970 0.000983 0.001916 0.000946 0.000333 0.256922 0.007930 1.768466
0.734106 0.000964 0.001828 0.000912 0.000320 0.253938 0.007934 1.768546
0.737290 0.000930 0.001763 0.000890 0.000309 0.250878 0.007940 1.768647
0.740300 0.000917 0.001699 0.000862 0.000302 0.247977 0.007945 1.768734
0.743376 0.000899 0.001633 0.000825 0.000289 0.245027 0.007951 1.768824
0.746303 0.000876 0.001589 0.000790 0.000278 0.242207 0.007959 1.768918
0.749167 0.000856 0.001513 0.000772 0.000269 0.239461 0.007962 1.769005
0.752091 0.000830 0.001466 0.000742 0.000259 0.236647 0.007966 1.769092
0.754917 0.000813 0.001401 0.000720 0.000250 0.233929 0.007971 1.769163
0.757836 0.000788 0.001346 0.000700 0.000241 0.231115 0.007974 1.769240
0.760682 0.000773 0.001305 0.000674 0.000234 0.228356 0.007978 1.769315
0.763445 0.000749 0.001254 0.000656 0.000227 0.225688 0.007982 1.769394
0.766287 0.000735 0.001217 0.000635 0.000222 0.222921 0.007985 1.769456
0.769066 0.000712 0.001168 0.000614 0.000216 0.220239 0.007987 1.769526
0.771725 0.000694 0.001133 0.000612 0.000211 0.217637 0.007989 1.769601
0.774453 0.000676 0.001099 0.000591 0.000206 0.214982 0.007993 1.769667
0.777086 0.000660 0.001065 0.000576 0.000202 0.212416 0.007996 1.769727
0.779677 0.000641 0.001030 0.000557 0.000195 0.209904 0.007998 1.769792
0.782265 0.000615 0.001012 0.000537 0.000187 0.207385 0.008000 1.769859
0.784791 0.000610 0.000974 0.000515 0.000181 0.204929 0.008002 1.769912
0.787293 0.000592 0.000946 0.000497 0.000178 0.202492 0.008003 1.769974
0.789812 0.000587 0.000917 0.000483 0.000171 0.200026 0.008006 1.770023
0.792316 0.000568 0.000887 0.000463 0.000166 0.197593 0.008008 1.770080
0.794719 0.000550 0.000865 0.000441 0.000159 0.195257 0.008011 1.770140
0.797089 0.000533 0.000841 0.000426 0.000153 0.192945 0.008014 1.770189
0.799409 0.000518 0.000818 0.000418 0.000147 0.190671 0.008020 1.770235
0.801767 0.000497 0.000796 0.000413 0.000140 0.188366 0.008022 1.770288
0.804064 0.000486 0.000762 0.000402 0.000133 0.186131 0.008024 1.770336
0.806327 0.000477 0.000745 0.000383 0.000129 0.183915 0.008025 1.770378
0.808548 0.000456 0.000719 0.000374 0.000123 0.181753 0.008027 1.770429
0.810811 0.000452 0.000691 0.000367 0.000120 0.179531 0.008028 1.770468
0.812934 0.000441 0.000675 0.000351 0.000117 0.177454 0.008029 1.770508
0.815042 0.000428 0.000669 0.000342 0.000114 0.175376 0.008030 1.770554
0.817184 0.000428 0.000638 0.000330 0.000111 0.173279 0.008031 1.770587
0.819275 0.000423 0.000627 0.000319 0.000107 0.171218 0.008032 1.770630
0.821330 0.000408 0.000607 0.000308 0.000103 0.169212 0.008034 1.770673
0.823398 0.000405 0.000582 0.000301 0.000102 0.167178 0.008034 1.770709
0.825507 0.000394 0.000568 0.000294 0.000097 0.165103 0.008036 1.770750
0.827445 0.000385 0.000559 0.000282 0.000095 0.163197 0.008037 1.770791
0.829410 0.000379 0.000545 0.000275 0.000093 0.161260 0.008039 1.770823
0.831350 0.000369 0.000537 0.000269 0.000088 0.159347 0.008040 1.770865
0.833244 0.000350 0.000524 0.000269 0.000083 0.157488 0.008043 1.770907
0.835186 0.000337 0.000511 0.000263 0.000081 0.155579 0.008044 1.770947
0.837049 0.000327 0.000497 0.000253 0.000077 0.153751 0.008046 1.770985
0.838902 0.000319 0.000484 0.000251 0.000073 0.151922 0.008049 1.771017
0.840745 0.000313 0.000472 0.000246 0.000071 0.150103 0.008051 1.771051
0.842544 0.000311 0.000460 0.000244 0.000068 0.148321 0.008053 1.771083
0.844315 0.000298 0.000452 0.000242 0.000066 0.146574 0.008053 1.771116
0.846035 0.000288 0.000439 0.000234 0.000066 0.144886 0.008054 1.771146
0.847754 0.000279 0.000436 0.000230 0.000063 0.143183 0.008055 1.771178
0.849386 0.000271 0.000423 0.000226 0.000061 0.141579 0.008055 1.771208
0.851016 0.000269 0.000415 0.000217 0.000059 0.139969 0.008056 1.771234
0.852623 0.000260 0.000404 0.000207 0.000056 0.138393 0.008057 1.771263
0.854227 0.000258 0.000378 0.000202 0.000052 0.136825 0.008059 1.771283
0.855762 0.000252 0.000374 0.000193 0.000051 0.135309 0.008059 1.771308
0.857315 0.000246 0.000360 0.000193 0.000050 0.133777 0.008059 1.771338
0.858833 0.000242 0.000347 0.000191 0.000049 0.132279 0.008060 1.771364
0.860290 0.000238 0.000339 0.000188 0.000048 0.130837 0.008060 1.771388
0.861701 0.000230 0.000325 0.000186 0.000047 0.129450 0.008062 1.771413
0.863138 0.000231 0.000312 0.000179 0.000046 0.128033 0.008062 1.771432
0.864548 0.000229 0.000304 0.000174 0.000045 0.126637 0.008062 1.771450
0.865857 0.000228 0.000294 0.000169 0.000045 0.125345 0.008063 1.771471
0.867171 0.000229 0.000284 0.000165 0.000046 0.124042 0.008063 1.771490
0.868494 0.000220 0.000282 0.000166 0.000046 0.122728 0.008063 1.771518
0.869790 0.000214 0.000282 0.000162 0.000046 0.121441 0.008066 1.771544
0.871061 0.000211 0.000276 0.000160 0.000043 0.120183 0.008067 1.771565
0.872330 0.000205 0.000274 0.000152 0.000042 0.118931 0.008067 1.771585
0.873604 0.000197 0.000263 0.000142 0.000042 0.117686 0.008067 1.771605
0.874834 0.000190 0.000259 0.000137 0.000041 0.116473 0.008067 1.771625
0.876023 0.000189 0.000250 0.000136 0.000039 0.115296 0.008068 1.771644
0.877246 0.000194 0.000241 0.000128 0.000037 0.114087 0.008068 1.771657
0.878428 0.000190 0.000242 0.000126 0.000035 0.112912 0.008069 1.771677
0.879511 0.000191 0.000231 0.000124 0.000032 0.111843 0.008069 1.771693
0.880576 0.000181 0.000230 0.000122 0.000032 0.110791 0.008069 1.771716
0.881598 0.000175 0.000225 0.000117 0.000032 0.109783 0.008070 1.771735
0.882615 0.000171 0.000217 0.000115 0.000032 0.108779 0.008070 1.771753
0.883594 0.000171 0.000214 0.000113 0.000031 0.107806 0.008070 1.771768
0.884593 0.000173 0.000209 0.000109 0.000031 0.106815 0.008071 1.771780
0.885569 0.000166 0.000210 0.000106 0.000031 0.105846 0.008071 1.771801
0.886526 0.000161 0.000209 0.000104 0.000030 0.104899 0.008071 1.771819
0.887433 0.000159 0.000206 0.000102 0.000029 0.104000 0.008072 1.771838
0.888335 0.000154 0.000200 0.000104 0.000027 0.103108 0.008073 1.771855
0.889226 0.000149 0.000196 0.000101 0.000027 0.102228 0.008073 1.771870
0.890071 0.000138 0.000197 0.000099 0.000027 0.101396 0.008073 1.771891
0.890915 0.000137 0.000194 0.000093 0.000025 0.100562 0.008074 1.771903
0.891742 0.000135 0.000192 0.000096 0.000025 0.099737 0.008074 1.771920
0.892559 0.000134 0.000186 0.000095 0.000022 0.098930 0.008074 1.771933
0.893364 0.000131 0.000184 0.000087 0.000022 0.098138 0.008074 1.771950
0.894174 0.000132 0.000182 0.000083 0.000022 0.097332 0.008075 1.771963
0.894929 0.000136 0.000174 0.000080 0.000021 0.096585 0.008075 1.771970
0.895669 0.000134 0.000174 0.000077 0.000020 0.095850 0.008076 1.771981
0.896338 0.000131 0.000174 0.000077 0.000020 0.095184 0.008076 1.771994
0.897035 0.000125 0.000169 0.000077 0.000020 0.094498 0.008076 1.772010
0.897723 0.000119 0.000166 0.000078 0.000018 0.093819 0.008076 1.772025
0.898384 0.000113 0.000162 0.000078 0.000018 0.093167 0.008076 1.772039
0.899002 0.000113 0.000161 0.000079 0.000017 0.092550 0.008077 1.772051
0.899641 0.000112 0.000159 0.000075 0.000017 0.091919 0.008077 1.772061
0.900259 0.000115 0.000151 0.000072 0.000016 0.091307 0.008078 1.772071
0.900862 0.000112 0.000147 0.000072 0.000016 0.090712 0.008078 1.772085
0.901433 0.000117 0.000136 0.000073 0.000016 0.090145 0.008078 1.772093
0.901992 0.000113 0.000136 0.000071 0.000016 0.089594 0.008079 1.772106
0.902517 0.000113 0.000134 0.000067 0.000016 0.089073 0.008079 1.772117
0.903054 0.000109 0.000133 0.000071 0.000015 0.088538 0.008080 1.772129
0.903526 0.000111 0.000133 0.000068 0.000014 0.088066 0.008080 1.772136
0.903997 0.000109 0.000130 0.000068 0.000014 0.087601 0.008080 1.772147
0.904455 0.000113 0.000129 0.000064 0.000014 0.087143 0.008081 1.772154
0.904873 0.000115 0.000126 0.000064 0.000013 0.086727 0.008081 1.772162
0.905287 0.000114 0.000124 0.000063 0.000013 0.086317 0.008081 1.772177
0.905682 0.000107 0.000127 0.000061 0.000012 0.085928 0.008082 1.772191
0.906107 0.000108 0.000123 0.000061 0.000013 0.085506 0.008082 1.772200
0.906482 0.000103 0.000125 0.000059 0.000013 0.085135 0.008082 1.772212
0.906837 0.000101 0.000126 0.000057 0.000013 0.084783 0.008082 1.772225
0.907188 0.000100 0.000122 0.000054 0.000011 0.084440 0.008084 1.772234
0.907537 0.000103 0.000119 0.000051 0.000011 0.084095 0.008084 1.772241
0.907865 0.000103 0.000117 0.000052 0.000011 0.083768 0.008085 1.772251
0.908190 0.000101 0.000113 0.000052 0.000011 0.083447 0.008085 1.772261
0.908514 0.000096 0.000114 0.000054 0.000011 0.083126 0.008085 1.772273
0.908833 0.000095 0.000118 0.000051 0.000011 0.082808 0.008085 1.772282
0.909127 0.000094 0.000118 0.000050 0.000010 0.082517 0.008085 1.772291
0.909392 0.000091 0.000116 0.000053 0.000009 0.082254 0.008086 1.772302
0.909669 0.000093 0.000110 0.000055 0.000008 0.081979 0.008087 1.772308
0.909928 0.000086 0.000105 0.000055 0.000008 0.081731 0.008087 1.772318
0.910203 0.000086 0.000105 0.000052 0.000008 0.081460 0.008087 1.772326
0.910441 0.000088 0.000100 0.000050 0.000008 0.081226 0.008087 1.772331
0.910668 0.000088 0.000095 0.000047 0.000008 0.081006 0.008087 1.772338
0.910898 0.000091 0.000091 0.000047 0.000008 0.080778 0.008087 1.772344
0.911129 0.000086 0.000091 0.000051 0.000008 0.080549 0.008087 1.772355
0.911372 0.000084 0.000091 0.000051 0.000007 0.080308 0.008087 1.772364
0.911599 0.000082 0.000093 0.000049 0.000007 0.080083 0.008087 1.772372
0.911820 0.000081 0.000095 0.000047 0.000007 0.079864 0.008087 1.772380
0.912028 0.000076 0.000095 0.000045 0.000007 0.079662 0.008087 1.772389
0.912231 0.000084 0.000092 0.000044 0.000007 0.079455 0.008087 1.772395
0.912426 0.000081 0.000091 0.000044 0.000007 0.079264 0.008087 1.772403
0.912609 0.000077 0.000089 0.000045 0.000007 0.079086 0.008087 1.772412
0.912788 0.000075 0.000085 0.000043 0.000007 0.078915 0.008087 1.772420
0.912962 0.000074 0.000085 0.000040 0.000006 0.078747 0.008087 1.772430
0.913132 0.000071 0.000085 0.000037 0.000006 0.078582 0.008087 1.772438
0.913294 0.000070 0.000088 0.000036 0.000006 0.078420 0.008087 1.772446
0.913463 0.000066 0.000087 0.000032 0.000005 0.078259 0.008087 1.772453
0.913626 0.000069 0.000085 0.000032 0.000006 0.078095 0.008087 1.772460
0.913766 0.000067 0.000083 0.000033 0.000006 0.077957 0.008087 1.772467
0.913897 0.000064 0.000088 0.000034 0.000006 0.077824 0.008087 1.772478
0.914045 0.000064 0.000086 0.000036 0.000006 0.077676 0.008087 1.772487
0.914193 0.000060 0.000088 0.000035 0.000006 0.077531 0.008087 1.772495
0.914331 0.000058 0.000086 0.000035 0.000005 0.077397 0.008088 1.772501
0.914456 0.000056 0.000083 0.000034 0.000005 0.077279 0.008088 1.772509
0.914596 0.000054 0.000085 0.000034 0.000005 0.077138 0.008088 1.772516
0.914714 0.000050 0.000086 0.000036 0.000004 0.077021 0.008088 1.772525
0.914830 0.000051 0.000085 0.000034 0.000004 0.076907 0.008088 1.772528
0.914945 0.000052 0.000082 0.000032 0.000004 0.076797 0.008088 1.772532
0.915057 0.000054 0.000078 0.000029 0.000004 0.076688 0.008088 1.772537
0.915174 0.000055 0.000074 0.000028 0.000004 0.076577 0.008088 1.772541
0.915293 0.000054 0.000073 0.000026 0.000004 0.076462 0.008088 1.772545
0.915386 0.000053 0.000071 0.000027 0.000004 0.076371 0.008088 1.772551
0.915495 0.000052 0.000072 0.000029 0.000004 0.076261 0.008088 1.772559
0.915609 0.000050 0.000071 0.000026 0.000004 0.076152 0.008088 1.772566
0.915698 0.000048 0.000069 0.000024 0.000004 0.076069 0.008088 1.772571
0.915784 0.000051 0.000069 0.000024 0.000004 0.075980 0.008088 1.772575
0.915883 0.000051 0.000065 0.000025 0.000004 0.075884 0.008088 1.772580
0.915994 0.000049 0.000062 0.000025 0.000004 0.075777 0.008088 1.772584
0.916107 0.000047 0.000060 0.000023 0.000004 0.075670 0.008088 1.772588
0.916211 0.000046 0.000057 0.000025 0.000004 0.075568 0.008088 1.772592
0.916307 0.000050 0.000053 0.000025 0.000004 0.075473 0.008088 1.772594
0.916405 0.000049 0.000054 0.000024 0.000005 0.075375 0.008088 1.772601
0.916501 0.000048 0.000050 0.000023 0.000005 0.075285 0.008088 1.772604
0.916594 0.000048 0.000051 0.000023 0.000004 0.075191 0.008089 1.772610
0.916674 0.000048 0.000054 0.000024 0.000003 0.075109 0.008089 1.772615
0.916746 0.000046 0.000057 0.000023 0.000003 0.075035 0.008089 1.772620
0.916820 0.000046 0.000057 0.000022 0.000003 0.074963 0.008089 1.772625
0.916895 0.000047 0.000057 0.000023 0.000003 0.074887 0.008089 1.772631
0.916969 0.000046 0.000057 0.000024 0.000003 0.074812 0.008089 1.772636
0.917038 0.000048 0.000056 0.000022 0.000003 0.074744 0.008089 1.772640
0.917110 0.000048 0.000055 0.000021 0.000003 0.074674 0.008089 1.772645
0.917173 0.000049 0.000053 0.000022 0.000003 0.074610 0.008089 1.772647
0.917247 0.000048 0.000054 0.000022 0.000003 0.074537 0.008089 1.772653
0.917313 0.000051 0.000054 0.000022 0.000003 0.074468 0.008089 1.772655
0.917372 0.000052 0.000056 0.000021 0.000003 0.074408 0.008089 1.772663
0.917437 0.000052 0.000057 0.000022 0.000003 0.074341 0.008089 1.772667
0.917501 0.000050 0.000057 0.000021 0.000003 0.074280 0.008089 1.772673
0.917559 0.000048 0.000057 0.000022 0.000003 0.074222 0.008089 1.772679
0.917614 0.000049 0.000056 0.000022 0.000003 0.074167 0.008089 1.772684
0.917672 0.000046 0.000054 0.000022 0.000003 0.074114 0.008089 1.772690
0.917731 0.000046 0.000055 0.000022 0.000003 0.074054 0.008089 1.772696
0.917787 0.000048 0.000055 0.000023 0.000003 0.073994 0.008089 1.772701
0.917834 0.000046 0.000057 0.000024 0.000003 0.073947 0.008089 1.772708
0.917878 0.000046 0.000056 0.000024 0.000003 0.073904 0.008089 1.772711
0.917927 0.000044 0.000054 0.000021 0.000002 0.073864 0.008089 1.772714
0.917971 0.000041 0.000054 0.000021 0.000002 0.073822 0.008089 1.772719
0.918019 0.000040 0.000053 0.000022 0.000002 0.073775 0.008089 1.772723
0.918070 0.000041 0.000056 0.000021 0.000002 0.073723 0.008089 1.772728
0.918119 0.000040 0.000054 0.000020 0.000002 0.073676 0.008089 1.772732
0.918169 0.000039 0.000055 0.000020 0.000002 0.073627 0.008089 1.772735
0.918208 0.000039 0.000051 0.000022 0.000002 0.073590 0.008089 1.772738
0.918255 0.000036 0.000051 0.000022 0.000002 0.073547 0.008089 1.772744
0.918295 0.000034 0.000049 0.000023 0.000002 0.073508 0.008089 1.772748
0.918334 0.000033 0.000047 0.000023 0.000002 0.073472 0.008089 1.772753
0.918380 0.000034 0.000046 0.000023 0.000002 0.073426 0.008089 1.772755
0.918415 0.000037 0.000044 0.000022 0.000002 0.073392 0.008089 1.772756
0.918455 0.000036 0.000040 0.000021 0.000002 0.073358 0.008089 1.772759
0.918492 0.000036 0.000041 0.000021 0.000002 0.073319 0.008089 1.772762
0.918534 0.000032 0.000041 0.000021 0.000002 0.073282 0.008089 1.772766
0.918573 0.000029 0.000043 0.000020 0.000002 0.073244 0.008089 1.772770
0.918608 0.000030 0.000043 0.000019 0.000002 0.073210 0.008089 1.772772
0.918641 0.000029 0.000044 0.000019 0.000002 0.073177 0.008089 1.772774
0.918677 0.000034 0.000042 0.000017 0.000002 0.073140 0.008089 1.772776
0.918708 0.000034 0.000040 0.000016 0.000002 0.073110 0.008089 1.772779
0.918740 0.000038 0.000037 0.000015 0.000002 0.073080 0.008089 1.772780
0.918762 0.000041 0.000038 0.000015 0.000002 0.073054 0.008089 1.772783
0.918792 0.000040 0.000040 0.000016 0.000002 0.073022 0.008089 1.772788
0.918826 0.000038 0.000041 0.000015 0.000002 0.072989 0.008089 1.772793
0.918850 0.000037 0.000040 0.000016 0.000002 0.072966 0.008089 1.772798
0.918872 0.000040 0.000038 0.000013 0.000002 0.072946 0.008089 1.772800
0.918895 0.000041 0.000039 0.000013 0.000002 0.072922 0.008089 1.772804
0.918918 0.000042 0.000040 0.000014 0.000002 0.072894 0.008089 1.772809
0.918946 0.000041 0.000041 0.000015 0.000002 0.072866 0.008089 1.772813
0.918963 0.000040 0.000043 0.000014 0.000001 0.072850 0.008090 1.772818
0.918987 0.000041 0.000042 0.000014 0.000001 0.072824 0.008090 1.772822
0.919012 0.000040 0.000041 0.000014 0.000001 0.072803 0.008090 1.772825
0.919031 0.000039 0.000042 0.000013 0.000001 0.072784 0.008090 1.772830
0.919056 0.000036 0.000045 0.000013 0.000001 0.072759 0.008090 1.772836
0.919077 0.000035 0.000047 0.000013 0.000001 0.072737 0.008090 1.772839
0.919101 0.000036 0.000046 0.000012 0.000001 0.072714 0.008090 1.772842
0.919128 0.000037 0.000044 0.000010 0.000001 0.072689 0.008090 1.772844
0.919147 0.000036 0.000045 0.000013 0.000001 0.072669 0.008090 1.772849
0.919162 0.000034 0.000046 0.000012 0.000001 0.072656 0.008090 1.772852
0.919178 0.000037 0.000045 0.000012 0.000001 0.072636 0.008090 1.772854
0.919208 0.000036 0.000046 0.000013 0.000001 0.072607 0.008090 1.772858
0.919224 0.000036 0.000044 0.000013 0.000001 0.072593 0.008090 1.772861
0.919243 0.000037 0.000042 0.000014 0.000001 0.072574 0.008090 1.772863
0.919264 0.000036 0.000041 0.000013 0.000001 0.072555 0.008090 1.772866
0.919284 0.000036 0.000039 0.000015 0.000001 0.072536 0.008090 1.772868
0.919300 0.000038 0.000039 0.000015 0.000001 0.072519 0.008090 1.772870
0.919321 0.000036 0.000038 0.000013 0.000001 0.072502 0.008090 1.772874
0.919332 0.000038 0.000036 0.000012 0.000002 0.072491 0.008090 1.772877
0.919350 0.000038 0.000035 0.000013 0.000002 0.072473 0.008090 1.772880
0.919363 0.000035 0.000038 0.000013 0.000002 0.072460 0.008090 1.772885
0.919380 0.000037 0.000035 0.000012 0.000002 0.072444 0.008090 1.772885
0.919400 0.000035 0.000038 0.000012 0.000002 0.072424 0.008090 1.772890
0.919415 0.000033 0.000036 0.000013 0.000002 0.072411 0.008090 1.772893
0.919431 0.000034 0.000035 0.000013 0.000002 0.072396 0.008090 1.772895
0.919444 0.000032 0.000035 0.000012 0.000002 0.072386 0.008090 1.772898
0.919454 0.000034 0.000034 0.000011 0.000002 0.072376 0.008090 1.772901
0.919463 0.000035 0.000035 0.000011 0.000002 0.072365 0.008090 1.772904
0.919478 0.000034 0.000034 0.000010 0.000002 0.072352 0.008090 1.772907
0.919488 0.000034 0.000032 0.000011 0.000002 0.072343 0.008090 1.772911
0.919498 0.000034 0.000031 0.000011 0.000002 0.072334 0.008090 1.772914
0.919513 0.000034 0.000031 0.000013 0.000002 0.072318 0.008090 1.772917
0.919523 0.000035 0.000031 0.000012 0.000001 0.072308 0.008090 1.772919
0.919535 0.000036 0.000031 0.000012 0.000001 0.072295 0.008090 1.772921
0.919549 0.000035 0.000033 0.000013 0.000001 0.072281 0.008090 1.772924
0.919554 0.000036 0.000034 0.000012 0.000001 0.072273 0.008090 1.772927
0.919566 0.000033 0.000032 0.000014 0.000001 0.072264 0.008090 1.772933
0.919575 0.000032 0.000030 0.000014 0.000002 0.072258 0.008090 1.772935
0.919584 0.000032 0.000032 0.000012 0.000002 0.072248 0.008090 1.772938
0.919594 0.000032 0.000033 0.000014 0.000002 0.072236 0.008090 1.772941
0.919604 0.000032 0.000033 0.000013 0.000002 0.072227 0.008090 1.772942
0.919615 0.000031 0.000033 0.000014 0.000002 0.072215 0.008090 1.772946
0.919625 0.000029 0.000034 0.000014 0.000002 0.072206 0.008090 1.772951
0.919635 0.000030 0.000032 0.000013 0.000002 0.072198 0.008090 1.772952
0.919646 0.000029 0.000029 0.000014 0.000001 0.072192 0.008090 1.772953
0.919651 0.000030 0.000028 0.000012 0.000001 0.072188 0.008090 1.772954
0.919657 0.000030 0.000026 0.000013 0.000002 0.072183 0.008090 1.772957
0.919663 0.000028 0.000026 0.000013 0.000002 0.072179 0.008090 1.772960
0.919670 0.000026 0.000027 0.000012 0.000002 0.072174 0.008090 1.772963
0.919682 0.000025 0.000026 0.000012 0.000002 0.072164 0.008090 1.772965
0.919690 0.000024 0.000027 0.000012 0.000002 0.072156 0.008090 1.772968
0.919699 0.000025 0.000026 0.000012 0.000002 0.072147 0.008090 1.772970
0.919705 0.000026 0.000024 0.000013 0.000002 0.072141 0.008090 1.772971
0.919715 0.000026 0.000024 0.000014 0.000001 0.072132 0.008090 1.772973
0.919720 0.000025 0.000024 0.000013 0.000002 0.072127 0.008090 1.772974
0.919732 0.000024 0.000024 0.000013 0.000002 0.072116 0.008090 1.772977
0.919742 0.000021 0.000024 0.000013 0.000002 0.072109 0.008090 1.772981
0.919752 0.000023 0.000024 0.000013 0.000002 0.072097 0.008090 1.772981
0.919762 0.000022 0.000025 0.000013 0.000002 0.072088 0.008090 1.772984
0.919770 0.000020 0.000026 0.000012 0.000002 0.072082 0.008090 1.772987
0.919778 0.000020 0.000024 0.000010 0.000002 0.072076 0.008090 1.772988
0.919785 0.000020 0.000024 0.000011 0.000002 0.072069 0.008090 1.772990
0.919793 0.000018 0.000025 0.000011 0.000001 0.072062 0.008090 1.772993
0.919799 0.000017 0.000025 0.000011 0.000001 0.072057 0.008090 1.772996
0.919803 0.000018 0.000024 0.000010 0.000001 0.072053 0.008090 1.772998
0.919810 0.000019 0.000023 0.000009 0.000001 0.072047 0.008090 1.772998
0.919816 0.000019 0.000025 0.000008 0.000001 0.072042 0.008090 1.773001
0.919823 0.000019 0.000024 0.000008 0.000000 0.072036 0.008090 1.773003
0.919829 0.000018 0.000024 0.000010 0.000000 0.072029 0.008090 1.773006
0.919836 0.000018 0.000024 0.000009 0.000000 0.072022 0.008090 1.773007
0.919843 0.000017 0.000022 0.000010 0.000000 0.072017 0.008090 1.773009
0.919848 0.000020 0.000021 0.000008 0.000000 0.072012 0.008090 1.773009
0.919851 0.000020 0.000022 0.000009 0.000000 0.072007 0.008090 1.773013
0.919854 0.000019 0.000023 0.000009 0.000000 0.072004 0.008090 1.773015
0.919861 0.000019 0.000022 0.000010 0.000000 0.071997 0.008090 1.773017
0.919865 0.000021 0.000022 0.000010 0.000000 0.071992 0.008090 1.773018
0.919869 0.000023 0.000022 0.000010 0.000000 0.071986 0.008090 1.773019
0.919874 0.000022 0.000021 0.000010 0.000000 0.071984 0.008090 1.773021
0.919878 0.000022 0.000022 0.000010 0.000000 0.071978 0.008090 1.773023
0.919882 0.000021 0.000021 0.000010 0.000000 0.071975 0.008090 1.773025
0.919884 0.000020 0.000022 0.000008 0.000001 0.071975 0.008090 1.773027
0.919887 0.000020 0.000022 0.000008 0.000001 0.071972 0.008090 1.773029
0.919891 0.000022 0.000021 0.000007 0.000001 0.071969 0.008090 1.773030
0.919896 0.000022 0.000021 0.000006 0.000001 0.071964 0.008090 1.773031
0.919897 0.000024 0.000020 0.000006 0.000001 0.071962 0.008090 1.773033
0.919898 0.000027 0.000021 0.000006 0.000001 0.071958 0.008090 1.773035
0.919902 0.000024 0.000023 0.000006 0.000002 0.071955 0.008090 1.773039
0.919910 0.000024 0.000023 0.000006 0.000002 0.071946 0.008090 1.773040
0.919911 0.000027 0.000021 0.000006 0.000002 0.071943 0.008090 1.773042
0.919915 0.000024 0.000021 0.000008 0.000001 0.071940 0.008090 1.773045
0.919923 0.000021 0.000022 0.000009 0.000001 0.071933 0.008090 1.773049
0.919925 0.000021 0.000022 0.000010 0.000001 0.071931 0.008090 1.773051
0.919926 0.000025 0.000021 0.000010 0.000001 0.071927 0.008090 1.773052
0.919929 0.000026 0.000022 0.000010 0.000001 0.071922 0.008090 1.773055
0.919933 0.000026 0.000022 0.000010 0.000001 0.071917 0.008090 1.773057
0.919935 0.000027 0.000021 0.000012 0.000001 0.071915 0.008090 1.773060
0.919937 0.000028 0.000020 0.000010 0.000001 0.071914 0.008090 1.773060
0.919940 0.000025 0.000022 0.000011 0.000001 0.071911 0.008090 1.773065
0.919943 0.000024 0.000022 0.000011 0.000001 0.071910 0.008090 1.773067
0.919943 0.000022 0.000025 0.000010 0.000001 0.071909 0.008090 1.773070
0.919946 0.000022 0.000026 0.000010 0.000001 0.071905 0.008090 1.773073
0.919949 0.000024 0.000025 0.000011 0.000001 0.071900 0.008090 1.773076
0.919949 0.000025 0.000026 0.000010 0.000001 0.071898 0.008090 1.773078
0.919950 0.000027 0.000026 0.000009 0.000001 0.071897 0.008090 1.773079
0.919954 0.000024 0.000026 0.000010 0.000001 0.071895 0.008090 1.773083
0.919958 0.000024 0.000026 0.000010 0.000001 0.071891 0.008090 1.773085
0.919960 0.000024 0.000024 0.000010 0.000001 0.071889 0.008090 1.773086
0.919966 0.000023 0.000024 0.000012 0.000001 0.071885 0.008090 1.773089
0.919969 0.000022 0.000023 0.000013 0.000001 0.071883 0.008090 1.773092
0.919972 0.000021 0.000024 0.000013 0.000001 0.071879 0.008090 1.773095
0.919974 0.000022 0.000024 0.000012 0.000001 0.071878 0.008090 1.773097
0.919977 0.000022 0.000024 0.000012 0.000001 0.071874 0.008090 1.773099
0.919981 0.000022 0.000025 0.000012 0.000001 0.071869 0.008090 1.773100
0.919980 0.000024 0.000022 0.000012 0.000001 0.071872 0.008090 1.773102
0.919978 0.000027 0.000022 0.000013 0.000001 0.071870 0.008090 1.773104
0.919976 0.000027 0.000025 0.000012 0.000001 0.071870 0.008090 1.773109
0.919976 0.000028 0.000024 0.000011 0.000001 0.071869 0.008090 1.773110
0.919979 0.000025 0.000024 0.000012 0.000001 0.071868 0.008090 1.773115
0.919983 0.000024 0.000024 0.000013 0.000001 0.071864 0.008090 1.773118
0.919985 0.000024 0.000023 0.000013 0.000001 0.071865 0.008090 1.773120
0.919984 0.000026 0.000022 0.000012 0.000001 0.071864 0.008090 1.773122
0.919986 0.000026 0.000021 0.000013 0.000001 0.071863 0.008090 1.773125
0.919986 0.000025 0.000020 0.000012 0.000002 0.071865 0.008090 1.773127
0.919985 0.000026 0.000020 0.000011 0.000001 0.071866 0.008091 1.773129
0.919983 0.000027 0.000022 0.000010 0.000001 0.071865 0.008091 1.773132
0.919982 0.000030 0.000022 0.000010 0.000001 0.071865 0.008091 1.773134
0.919980 0.000031 0.000022 0.000011 0.000000 0.071865 0.008091 1.773138
0.919983 0.000027 0.000025 0.000013 0.000000 0.071861 0.008091 1.773143
0.919984 0.000028 0.000026 0.000013 0.000000 0.071859 0.008091 1.773146
0.919986 0.000029 0.000026 0.000012 0.000000 0.071856 0.008091 1.773147
0.919988 0.000030 0.000024 0.000011 0.000000 0.071855 0.008091 1.773148
0.919990 0.000029 0.000025 0.000012 0.000000 0.071853 0.008091 1.773153
0.919990 0.000028 0.000025 0.000014 0.000000 0.071852 0.008091 1.773156
0.919992 0.000028 0.000026 0.000013 0.000000 0.071850 0.008091 1.773158
0.919995 0.000026 0.000025 0.000013 0.000000 0.071851 0.008091 1.773160
0.919997 0.000024 0.000024 0.000012 0.000000 0.071853 0.008091 1.773162
0.919998 0.000023 0.000022 0.000013 0.000000 0.071853 0.008091 1.773165
0.920000 0.000022 0.000022 0.000013 0.000000 0.071852 0.008091 1.773166
0.920002 0.000019 0.000024 0.000013 0.000000 0.071850 0.008091 1.773170
0.920003 0.000017 0.000024 0.000013 0.000000 0.071853 0.008091 1.773173
0.920003 0.000018 0.000023 0.000012 0.000000 0.071853 0.008091 1.773175
0.920005 0.000018 0.000023 0.000011 0.000000 0.071852 0.008091 1.773176
0.920007 0.000020 0.000023 0.000011 0.000000 0.071849 0.008091 1.773177
0.920010 0.000019 0.000022 0.000013 0.000000 0.071846 0.008091 1.773179
0.920014 0.000019 0.000021 0.000011 0.000000 0.071845 0.008091 1.773179
0.920016 0.000020 0.000021 0.000010 0.000000 0.071843 0.008091 1.773180
0.920014 0.000022 0.000022 0.000010 0.000000 0.071842 0.008091 1.773182
0.920014 0.000021 0.000021 0.000010 0.000000 0.071843 0.008091 1.773184
0.920014 0.000020 0.000022 0.000010 0.000000 0.071844 0.008091 1.773187
0.920015 0.000021 0.000020 0.000011 0.000000 0.071842 0.008091 1.773188
0.920018 0.000021 0.000019 0.000011 0.000000 0.071839 0.008091 1.773189
0.920020 0.000022 0.000019 0.000011 0.000000 0.071837 0.008091 1.773191
0.920021 0.000022 0.000019 0.000011 0.000000 0.071835 0.008091 1.773193
0.920026 0.000022 0.000021 0.000012 0.000000 0.071829 0.008091 1.773196
0.920027 0.000023 0.000020 0.000011 0.000000 0.071827 0.008091 1.773197
0.920027 0.000022 0.000020 0.000012 0.000000 0.071828 0.008091 1.773199
0.920027 0.000022 0.000019 0.000013 0.000000 0.071828 0.008091 1.773201
0.920030 0.000022 0.000018 0.000012 0.000000 0.071828 0.008091 1.773203
0.920030 0.000022 0.000019 0.000011 0.000000 0.071827 0.008091 1.773206
0.920031 0.000022 0.000018 0.000011 0.000000 0.071827 0.008091 1.773207
0.920033 0.000023 0.000019 0.000010 0.000000 0.071824 0.008091 1.773209
0.920034 0.000019 0.000022 0.000010 0.000000 0.071823 0.008091 1.773214
0.920035 0.000019 0.000021 0.000010 0.000000 0.071823 0.008091 1.773215
0.920038 0.000018 0.000020 0.000012 0.000000 0.071821 0.008091 1.773218
0.920039 0.000018 0.000019 0.000012 0.000000 0.071820 0.008091 1.773219
0.920042 0.000019 0.000019 0.000011 0.000000 0.071818 0.008091 1.773219
0.920042 0.000021 0.000018 0.000011 0.000000 0.071817 0.008091 1.773220
0.920044 0.000019 0.000018 0.000010 0.000000 0.071817 0.008091 1.773222
0.920044 0.000019 0.000019 0.000008 0.000000 0.071819 0.008091 1.773224
0.920046 0.000020 0.000018 0.000009 0.000000 0.071816 0.008091 1.773226
0.920047 0.000022 0.000017 0.000008 0.000000 0.071815 0.008091 1.773226
0.920049 0.000022 0.000016 0.000009 0.000000 0.071813 0.008091 1.773228
0.920050 0.000022 0.000017 0.000007 0.000000 0.071814 0.008091 1.773230
0.920050 0.000020 0.000017 0.000006 0.000000 0.071815 0.008091 1.773232
0.920052 0.000019 0.000019 0.000006 0.000000 0.071813 0.008091 1.773234
0.920052 0.000018 0.000021 0.000005 0.000000 0.071813 0.008091 1.773237
0.920053 0.000019 0.000020 0.000005 0.000000 0.071811 0.008091 1.773239
0.920054 0.000018 0.000021 0.000004 0.000000 0.071812 0.008091 1.773241
0.920056 0.000017 0.000019 0.000005 0.000000 0.071811 0.008091 1.773243
0.920059 0.000017 0.000018 0.000005 0.000000 0.071810 0.008091 1.773244
0.920058 0.000018 0.000018 0.000005 0.000000 0.071810 0.008091 1.773244
0.920059 0.000017 0.000017 0.000006 0.000000 0.071809 0.008091 1.773246
0.920060 0.000017 0.000017 0.000006 0.000000 0.071809 0.008091 1.773248
0.920061 0.000016 0.000018 0.000006 0.000000 0.071808 0.008091 1.773250
0.920061 0.000017 0.000018 0.000006 0.000000 0.071807 0.008091 1.773251
0.920062 0.000016 0.000019 0.000006 0.000000 0.071805 0.008091 1.773252
0.920063 0.000016 0.000018 0.000006 0.000000 0.071806 0.008091 1.773254
0.920064 0.000013 0.000020 0.000006 0.000000 0.071806 0.008091 1.773257
0.920063 0.000017 0.000018 0.000006 0.000000 0.071805 0.008091 1.773257
0.920064 0.000017 0.000018 0.000006 0.000000 0.071804 0.008091 1.773258
0.920066 0.000017 0.000018 0.000006 0.000000 0.071803 0.008091 1.773260
0.920065 0.000017 0.000017 0.000006 0.000000 0.071803 0.008091 1.773262
0.920063 0.000017 0.000019 0.000005 0.000000 0.071804 0.008091 1.773264
0.920063 0.000018 0.000019 0.000006 0.000000 0.071804 0.008091 1.773266
0.920063 0.000019 0.000017 0.000006 0.000000 0.071804 0.008091 1.773266
0.920066 0.000019 0.000017 0.000006 0.000000 0.071801 0.008091 1.773268
0.920068 0.000018 0.000017 0.000006 0.000000 0.071798 0.008091 1.773269
0.920071 0.000018 0.000019 0.000006 0.000000 0.071796 0.008091 1.773271
0.920069 0.000020 0.000017 0.000006 0.000000 0.071797 0.008091 1.773271
0.920068 0.000021 0.000017 0.000007 0.000000 0.071796 0.008091 1.773273
0.920068 0.000021 0.000016 0.000008 0.000000 0.071796 0.008091 1.773275
0.920065 0.000022 0.000016 0.000008 0.000000 0.071797 0.008091 1.773277
0.920066 0.000022 0.000016 0.000008 0.000000 0.071796 0.008091 1.773278
0.920067 0.000021 0.000017 0.000009 0.000000 0.071795 0.008091 1.773282
0.920068 0.000020 0.000017 0.000009 0.000000 0.071795 0.008091 1.773284
0.920070 0.000018 0.000015 0.000008 0.000001 0.071796 0.008091 1.773286
0.920070 0.000019 0.000015 0.000008 0.000001 0.071796 0.008091 1.773287
0.920070 0.000019 0.000017 0.000007 0.000001 0.071795 0.008091 1.773289
0.920071 0.000018 0.000018 0.000008 0.000000 0.071795 0.008091 1.773292
0.920071 0.000017 0.000019 0.000009 0.000000 0.071793 0.008091 1.773295
0.920073 0.000017 0.000019 0.000009 0.000000 0.071791 0.008091 1.773296
0.920073 0.000017 0.000019 0.000008 0.000000 0.071791 0.008091 1.773297
0.920071 0.000020 0.000018 0.000008 0.000000 0.071791 0.008091 1.773297
0.920071 0.000019 0.000020 0.000006 0.000001 0.071791 0.008091 1.773300
0.920073 0.000018 0.000021 0.000007 0.000001 0.071789 0.008091 1.773304
0.920073 0.000020 0.000019 0.000007 0.000000 0.071788 0.008092 1.773304
0.920076 0.000019 0.000017 0.000007 0.000000 0.071788 0.008092 1.773306
0.920076 0.000019 0.000019 0.000006 0.000000 0.071788 0.008092 1.773307
0.920074 0.000022 0.000017 0.000005 0.000000 0.071791 0.008092 1.773309
0.920077 0.000022 0.000016 0.000006 0.000000 0.071788 0.008092 1.773310
0.920078 0.000021 0.000016 0.000006 0.000000 0.071787 0.008092 1.773312
0.920078 0.000020 0.000017 0.000006 0.000000 0.071787 0.008092 1.773314
0.920079 0.000021 0.000016 0.000006 0.000000 0.071786 0.008092 1.773316
0.920081 0.000019 0.000017 0.000007 0.000000 0.071784 0.008092 1.773319
0.920084 0.000019 0.000017 0.000007 0.000000 0.071781 0.008092 1.773319
0.920087 0.000019 0.000016 0.000007 0.000000 0.071779 0.008092 1.773320
0.920086 0.000019 0.000016 0.000009 0.000000 0.071778 0.008092 1.773322
0.920086 0.000020 0.000017 0.000009 0.000000 0.071776 0.008092 1.773323
0.920086 0.000021 0.000016 0.000008 0.000000 0.071777 0.008092 1.773324
0.920087 0.000023 0.000015 0.000008 0.000000 0.071775 0.008092 1.773324
0.920087 0.000022 0.000016 0.000008 0.000000 0.071776 0.008092 1.773326
0.920087 0.000023 0.000016 0.000009 0.000000 0.071774 0.008092 1.773328
0.920088 0.000023 0.000016 0.000010 0.000000 0.071771 0.008092 1.773330
0.920090 0.000020 0.000017 0.000011 0.000000 0.071771 0.008092 1.773333
0.920088 0.000022 0.000017 0.000012 0.000000 0.071768 0.008092 1.773334
0.920090 0.000023 0.000018 0.000012 0.000000 0.071766 0.008092 1.773337
0.920091 0.000022 0.000020 0.000013 0.000000 0.071762 0.008092 1.773340
0.920093 0.000019 0.000021 0.000013 0.000000 0.071762 0.008092 1.773343
0.920095 0.000017 0.000021 0.000013 0.000000 0.071764 0.008092 1.773346
0.920096 0.000014 0.000022 0.000013 0.000000 0.071764 0.008092 1.773351
0.920096 0.000014 0.000019 0.000013 0.000000 0.071766 0.008092 1.773351
0.920096 0.000017 0.000019 0.000013 0.000000 0.071764 0.008092 1.773351
0.920097 0.000014 0.000020 0.000012 0.000000 0.071765 0.008092 1.773353
0.920096 0.000014 0.000020 0.000012 0.000000 0.071766 0.008092 1.773355
0.920095 0.000015 0.000022 0.000012 0.000000 0.071765 0.008092 1.773357
0.920097 0.000016 0.000020 0.000011 0.000000 0.071764 0.008092 1.773358
0.920097 0.000016 0.000019 0.000011 0.000000 0.071765 0.008092 1.773358
0.920099 0.000015 0.000021 0.000010 0.000000 0.071764 0.008092 1.773360
0.920098 0.000016 0.000019 0.000008 0.000000 0.071766 0.008092 1.773360
0.920098 0.000014 0.000020 0.000008 0.000000 0.071767 0.008092 1.773362
0.920099 0.000015 0.000022 0.000008 0.000000 0.071765 0.008092 1.773364
0.920100 0.000016 0.000021 0.000006 0.000000 0.071766 0.008092 1.773365
