0.338950 0.062388 0.056384 0.032635 0.002138 0.501220 0.006286 1.648236
0.341566 0.060127 0.056249 0.032366 0.002139 0.501241 0.006311 1.654230
0.344906 0.057278 0.056070 0.032095 0.002139 0.501174 0.006339 1.660045
0.348756 0.054261 0.055586 0.031628 0.002144 0.501266 0.006360 1.665535
0.352973 0.051180 0.055069 0.031160 0.002143 0.501090 0.006387 1.670703
0.357377 0.048172 0.054310 0.030614 0.002149 0.500965 0.006413 1.675598
0.362084 0.045231 0.053448 0.030019 0.002140 0.500640 0.006439 1.680187
0.366789 0.042384 0.052577 0.029307 0.002132 0.500347 0.006465 1.684547
0.371555 0.039739 0.051658 0.028561 0.002117 0.499880 0.006491 1.688621
0.376516 0.037242 0.050512 0.027803 0.002105 0.499303 0.006520 1.692406
0.381536 0.034942 0.049266 0.026975 0.002089 0.498647 0.006546 1.695917
0.386738 0.032787 0.047987 0.026132 0.002064 0.497717 0.006574 1.699201
0.391947 0.030757 0.046608 0.025342 0.002049 0.496695 0.006600 1.702315
0.397108 0.028852 0.045261 0.024584 0.002028 0.495537 0.006631 1.705271
0.402355 0.027102 0.043839 0.023771 0.002009 0.494265 0.006661 1.707972
0.407681 0.025410 0.042543 0.022892 0.001994 0.492790 0.006691 1.710569
0.413102 0.023828 0.041201 0.022022 0.001974 0.491162 0.006712 1.713038
0.418377 0.022395 0.039832 0.021246 0.001957 0.489460 0.006733 1.715298
0.423651 0.021027 0.038518 0.020448 0.001924 0.487674 0.006758 1.717461
0.428948 0.019803 0.037096 0.019706 0.001899 0.485768 0.006780 1.719452
0.434258 0.018595 0.035764 0.018950 0.001876 0.483750 0.006807 1.721372
0.439613 0.017527 0.034467 0.018158 0.001854 0.481549 0.006832 1.723142
0.445036 0.016587 0.033254 0.017408 0.001819 0.479038 0.006859 1.724744
0.450373 0.015655 0.031971 0.016694 0.001777 0.476644 0.006885 1.726307
0.455680 0.014744 0.030737 0.016025 0.001752 0.474147 0.006915 1.727834
0.461093 0.013971 0.029560 0.015334 0.001719 0.471390 0.006933 1.729227
0.466343 0.013227 0.028436 0.014679 0.001679 0.468686 0.006951 1.730584
0.471714 0.012545 0.027244 0.014046 0.001651 0.465833 0.006969 1.731816
0.477133 0.011894 0.026129 0.013447 0.001623 0.462787 0.006987 1.733027
0.482371 0.011273 0.024953 0.012902 0.001592 0.459906 0.007003 1.734161
0.487712 0.010700 0.023956 0.012270 0.001574 0.456766 0.007021 1.735220
0.493064 0.010173 0.022934 0.011723 0.001554 0.453514 0.007037 1.736246
0.498226 0.009704 0.021973 0.011160 0.001528 0.450359 0.007050 1.737185
0.503403 0.009182 0.021126 0.010633 0.001496 0.447093 0.007067 1.738135
0.508593 0.008743 0.020322 0.010148 0.001459 0.443648 0.007089 1.738999
0.513794 0.008331 0.019493 0.009758 0.001425 0.440094 0.007105 1.739844
0.518914 0.007918 0.018656 0.009333 0.001396 0.436660 0.007123 1.740633
0.523895 0.007572 0.017870 0.008888 0.001362 0.433273 0.007140 1.741388
0.528950 0.007197 0.017166 0.008510 0.001340 0.429687 0.007151 1.742125
0.533877 0.006916 0.016426 0.008085 0.001305 0.426227 0.007163 1.742785
0.538883 0.006612 0.015747 0.007774 0.001270 0.422533 0.007182 1.743465
0.543852 0.006323 0.015090 0.007423 0.001238 0.418874 0.007200 1.744101
0.548732 0.006074 0.014436 0.007077 0.001202 0.415264 0.007215 1.744688
0.553644 0.005834 0.013817 0.006764 0.001172 0.411537 0.007231 1.745250
0.558445 0.005589 0.013219 0.006475 0.001129 0.407892 0.007251 1.745815
0.563268 0.005360 0.012629 0.006200 0.001109 0.404171 0.007263 1.746356
0.567958 0.005119 0.012132 0.005936 0.001080 0.400499 0.007276 1.746870
0.572657 0.004917 0.011610 0.005635 0.001043 0.396847 0.007290 1.747376
0.577305 0.004731 0.011158 0.005415 0.001014 0.393077 0.007301 1.747852
0.582047 0.004558 0.010684 0.005181 0.000982 0.389233 0.007317 1.748294
0.586664 0.004362 0.010276 0.004994 0.000961 0.385410 0.007332 1.748755
0.591182 0.004224 0.009822 0.004792 0.000933 0.381705 0.007343 1.749167
0.595688 0.004069 0.009414 0.004585 0.000904 0.377987 0.007354 1.749576
0.600231 0.003918 0.008984 0.004377 0.000880 0.374249 0.007363 1.749975
0.604697 0.003770 0.008619 0.004179 0.000856 0.370505 0.007375 1.750365
0.609093 0.003638 0.008267 0.004010 0.000834 0.366773 0.007387 1.750720
0.613503 0.003508 0.007919 0.003825 0.000816 0.363034 0.007396 1.751073
0.617845 0.003380 0.007598 0.003669 0.000792 0.359307 0.007410 1.751416
0.622133 0.003230 0.007269 0.003500 0.000767 0.355678 0.007423 1.751743
0.626424 0.003129 0.006977 0.003345 0.000740 0.351951 0.007435 1.752043
0.630622 0.003039 0.006668 0.003201 0.000720 0.348308 0.007443 1.752340
0.634811 0.002948 0.006402 0.003059 0.000706 0.344628 0.007447 1.752621
0.638948 0.002843 0.006137 0.002922 0.000682 0.341013 0.007456 1.752901
0.643010 0.002749 0.005887 0.002798 0.000659 0.337434 0.007464 1.753178
0.647048 0.002654 0.005666 0.002707 0.000641 0.333811 0.007474 1.753462
0.651047 0.002565 0.005446 0.002603 0.000620 0.330235 0.007485 1.753719
0.655015 0.002479 0.005267 0.002499 0.000597 0.326651 0.007493 1.753959
0.658870 0.002413 0.005065 0.002405 0.000581 0.323166 0.007501 1.754196
0.662746 0.002343 0.004865 0.002304 0.000566 0.319667 0.007509 1.754425
0.666622 0.002256 0.004665 0.002218 0.000548 0.316175 0.007518 1.754657
0.670367 0.002184 0.004490 0.002144 0.000527 0.312763 0.007527 1.754886
0.674127 0.002120 0.004337 0.002053 0.000515 0.309317 0.007533 1.755088
0.677821 0.002056 0.004178 0.001983 0.000500 0.305922 0.007540 1.755306
0.681556 0.002022 0.003996 0.001897 0.000487 0.302499 0.007545 1.755486
0.685116 0.001977 0.003837 0.001838 0.000469 0.299213 0.007552 1.755684
0.688760 0.001927 0.003679 0.001775 0.000455 0.295845 0.007559 1.755873
0.692310 0.001883 0.003560 0.001724 0.000444 0.292515 0.007564 1.756054
0.695797 0.001818 0.003436 0.001665 0.000430 0.289285 0.007570 1.756239
0.699218 0.001763 0.003319 0.001592 0.000419 0.286111 0.007577 1.756415
0.702713 0.001683 0.003213 0.001547 0.000405 0.282857 0.007583 1.756606
0.706144 0.001627 0.003111 0.001485 0.000398 0.279648 0.007588 1.756779
0.709483 0.001580 0.003009 0.001440 0.000378 0.276513 0.007599 1.756939
0.712794 0.001539 0.002918 0.001377 0.000369 0.273402 0.007602 1.757096
0.716054 0.001487 0.002824 0.001337 0.000362 0.270332 0.007605 1.757254
0.719263 0.001476 0.002721 0.001303 0.000348 0.267280 0.007610 1.757384
0.722504 0.001457 0.002623 0.001254 0.000341 0.264210 0.007613 1.757510
0.725690 0.001415 0.002536 0.001214 0.000330 0.261198 0.007617 1.757666
0.728800 0.001387 0.002437 0.001177 0.000316 0.258258 0.007625 1.757807
0.731870 0.001348 0.002362 0.001131 0.000307 0.255353 0.007628 1.757945
0.734931 0.001320 0.002283 0.001095 0.000295 0.252445 0.007633 1.758081
0.737936 0.001302 0.002188 0.001059 0.000286 0.249592 0.007637 1.758205
0.741055 0.001262 0.002127 0.001030 0.000277 0.246609 0.007641 1.758341
0.744041 0.001231 0.002058 0.001011 0.000270 0.243744 0.007646 1.758469
0.747020 0.001217 0.001986 0.000977 0.000262 0.240891 0.007648 1.758583
0.749952 0.001184 0.001910 0.000949 0.000254 0.238100 0.007652 1.758699
0.752788 0.001158 0.001839 0.000914 0.000245 0.235401 0.007656 1.758815
0.755613 0.001141 0.001774 0.000883 0.000239 0.232692 0.007660 1.758921
0.758415 0.001092 0.001720 0.000856 0.000232 0.230024 0.007661 1.759047
0.761145 0.001072 0.001655 0.000840 0.000224 0.227400 0.007666 1.759151
0.763888 0.001060 0.001602 0.000806 0.000215 0.224758 0.007670 1.759247
0.766689 0.001031 0.001553 0.000784 0.000207 0.222062 0.007674 1.759350
0.769482 0.001006 0.001506 0.000761 0.000202 0.219368 0.007676 1.759449
0.772102 0.000973 0.001482 0.000744 0.000194 0.216827 0.007679 1.759559
0.774724 0.000949 0.001439 0.000721 0.000189 0.214299 0.007680 1.759654
0.777296 0.000929 0.001408 0.000699 0.000183 0.211804 0.007682 1.759754
0.779898 0.000914 0.001361 0.000684 0.000179 0.209279 0.007684 1.759841
0.782416 0.000892 0.001328 0.000667 0.000174 0.206839 0.007684 1.759933
0.784967 0.000885 0.001285 0.000640 0.000167 0.204369 0.007687 1.760011
0.787380 0.000868 0.001271 0.000615 0.000160 0.202017 0.007689 1.760104
0.789849 0.000846 0.001251 0.000604 0.000154 0.199606 0.007691 1.760190
0.792280 0.000847 0.001224 0.000586 0.000152 0.197220 0.007692 1.760265
0.794680 0.000830 0.001195 0.000565 0.000144 0.194889 0.007697 1.760351
0.797136 0.000796 0.001160 0.000550 0.000140 0.192520 0.007698 1.760440
0.799474 0.000771 0.001122 0.000536 0.000135 0.190262 0.007700 1.760515
0.801769 0.000755 0.001099 0.000521 0.000129 0.188025 0.007703 1.760594
0.804059 0.000730 0.001085 0.000513 0.000124 0.185784 0.007705 1.760674
0.806350 0.000720 0.001063 0.000502 0.000120 0.183537 0.007707 1.760743
0.808617 0.000711 0.001031 0.000482 0.000116 0.181336 0.007708 1.760809
0.810875 0.000713 0.000984 0.000467 0.000113 0.179140 0.007709 1.760865
0.813044 0.000694 0.000961 0.000462 0.000109 0.177018 0.007712 1.760941
0.815229 0.000675 0.000931 0.000450 0.000108 0.174892 0.007713 1.761010
0.817421 0.000667 0.000908 0.000436 0.000105 0.172747 0.007714 1.761073
0.819464 0.000663 0.000884 0.000421 0.000102 0.170750 0.007716 1.761135
0.821583 0.000657 0.000870 0.000404 0.000101 0.168669 0.007716 1.761196
0.823603 0.000647 0.000849 0.000401 0.000099 0.166683 0.007718 1.761261
0.825614 0.000633 0.000835 0.000392 0.000095 0.164709 0.007722 1.761324
0.827660 0.000620 0.000821 0.000379 0.000095 0.162701 0.007723 1.761388
0.829661 0.000614 0.000794 0.000369 0.000092 0.160744 0.007724 1.761442
0.831636 0.000600 0.000776 0.000364 0.000092 0.158808 0.007724 1.761505
0.833579 0.000589 0.000753 0.000361 0.000090 0.156904 0.007725 1.761571
0.835489 0.000569 0.000748 0.000358 0.000087 0.155023 0.007726 1.761629
0.837390 0.000549 0.000731 0.000363 0.000083 0.153157 0.007727 1.761693
0.839249 0.000535 0.000721 0.000363 0.000078 0.151325 0.007730 1.761752
0.841073 0.000535 0.000703 0.000354 0.000076 0.149528 0.007731 1.761803
0.842867 0.000525 0.000691 0.000346 0.000073 0.147766 0.007732 1.761860
0.844676 0.000517 0.000680 0.000333 0.000072 0.145988 0.007734 1.761913
0.846437 0.000507 0.000664 0.000334 0.000071 0.144254 0.007734 1.761967
0.848182 0.000502 0.000651 0.000329 0.000068 0.142533 0.007735 1.762014
0.849910 0.000503 0.000630 0.000316 0.000068 0.140839 0.007735 1.762061
0.851611 0.000500 0.000613 0.000314 0.000067 0.139159 0.007735 1.762108
0.853305 0.000487 0.000601 0.000306 0.000066 0.137499 0.007735 1.762156
0.854984 0.000465 0.000589 0.000303 0.000065 0.135857 0.007736 1.762209
0.856633 0.000457 0.000574 0.000299 0.000061 0.134239 0.007738 1.762255
0.858248 0.000449 0.000556 0.000293 0.000060 0.132655 0.007739 1.762300
0.859861 0.000450 0.000541 0.000282 0.000057 0.131069 0.007741 1.762342
0.861464 0.000442 0.000539 0.000281 0.000057 0.129477 0.007741 1.762397
0.863078 0.000426 0.000523 0.000278 0.000055 0.127900 0.007741 1.762439
0.864633 0.000419 0.000514 0.000268 0.000053 0.126372 0.007741 1.762476
0.866165 0.000426 0.000501 0.000268 0.000052 0.124847 0.007741 1.762517
0.867687 0.000417 0.000477 0.000266 0.000051 0.123361 0.007741 1.762555
0.869163 0.000414 0.000466 0.000261 0.000050 0.121905 0.007742 1.762600
0.870582 0.000396 0.000456 0.000256 0.000048 0.120519 0.007743 1.762645
0.872014 0.000390 0.000454 0.000254 0.000046 0.119099 0.007744 1.762685
0.873417 0.000386 0.000449 0.000243 0.000043 0.117715 0.007747 1.762720
0.874806 0.000388 0.000446 0.000236 0.000041 0.116335 0.007747 1.762753
0.876142 0.000391 0.000438 0.000230 0.000041 0.115012 0.007747 1.762786
0.877499 0.000391 0.000432 0.000222 0.000042 0.113668 0.007747 1.762824
0.878848 0.000397 0.000418 0.000217 0.000040 0.112333 0.007748 1.762850
0.880145 0.000386 0.000412 0.000218 0.000038 0.111053 0.007748 1.762890
0.881425 0.000382 0.000411 0.000217 0.000035 0.109781 0.007749 1.762927
0.882660 0.000366 0.000403 0.000219 0.000033 0.108571 0.007750 1.762969
0.883892 0.000345 0.000405 0.000219 0.000032 0.107357 0.007750 1.763007
0.885100 0.000342 0.000397 0.000212 0.000032 0.106166 0.007751 1.763039
0.886244 0.000340 0.000382 0.000204 0.000032 0.105047 0.007752 1.763068
0.887407 0.000333 0.000383 0.000198 0.000030 0.103896 0.007753 1.763107
0.888615 0.000332 0.000378 0.000193 0.000029 0.102701 0.007754 1.763137
0.889799 0.000324 0.000371 0.000194 0.000028 0.101531 0.007754 1.763175
0.890923 0.000320 0.000363 0.000194 0.000026 0.100419 0.007754 1.763207
0.892023 0.000314 0.000362 0.000186 0.000025 0.099336 0.007754 1.763239
0.893083 0.000312 0.000358 0.000185 0.000023 0.098284 0.007755 1.763270
0.894157 0.000311 0.000346 0.000183 0.000023 0.097225 0.007755 1.763294
0.895219 0.000304 0.000343 0.000181 0.000024 0.096174 0.007755 1.763327
0.896186 0.000304 0.000342 0.000178 0.000022 0.095211 0.007757 1.763361
0.897146 0.000309 0.000334 0.000175 0.000021 0.094258 0.007757 1.763389
0.898120 0.000305 0.000324 0.000165 0.000021 0.093309 0.007757 1.763418
0.899083 0.000297 0.000325 0.000168 0.000020 0.092350 0.007758 1.763450
0.900011 0.000304 0.000315 0.000160 0.000019 0.091432 0.007758 1.763472
0.900974 0.000296 0.000322 0.000159 0.000018 0.090472 0.007759 1.763504
0.901854 0.000288 0.000317 0.000158 0.000018 0.089606 0.007759 1.763538
0.902758 0.000286 0.000312 0.000152 0.000018 0.088714 0.007759 1.763569
0.903594 0.000287 0.000307 0.000150 0.000018 0.087883 0.007759 1.763595
0.904459 0.000286 0.000306 0.000145 0.000018 0.087027 0.007759 1.763623
0.905287 0.000281 0.000312 0.000141 0.000018 0.086201 0.007760 1.763653
0.906125 0.000291 0.000304 0.000137 0.000017 0.085366 0.007760 1.763673
0.906938 0.000283 0.000295 0.000140 0.000016 0.084567 0.007761 1.763702
0.907714 0.000284 0.000289 0.000136 0.000016 0.083800 0.007761 1.763728
0.908515 0.000279 0.000283 0.000135 0.000015 0.083013 0.007761 1.763751
0.909259 0.000265 0.000286 0.000141 0.000014 0.082273 0.007761 1.763783
0.909995 0.000265 0.000283 0.000140 0.000013 0.081543 0.007761 1.763808
0.910703 0.000266 0.000273 0.000141 0.000012 0.080842 0.007761 1.763833
0.911418 0.000273 0.000272 0.000137 0.000011 0.080127 0.007762 1.763856
0.912087 0.000273 0.000265 0.000137 0.000011 0.079464 0.007762 1.763879
0.912732 0.000273 0.000266 0.000136 0.000011 0.078820 0.007762 1.763907
0.913381 0.000265 0.000271 0.000133 0.000011 0.078178 0.007762 1.763934
0.914037 0.000255 0.000279 0.000131 0.000011 0.077526 0.007762 1.763965
0.914657 0.000244 0.000278 0.000126 0.000011 0.076921 0.007762 1.763993
0.915280 0.000246 0.000274 0.000124 0.000011 0.076303 0.007762 1.764013
0.915889 0.000241 0.000269 0.000123 0.000012 0.075704 0.007762 1.764041
0.916453 0.000238 0.000268 0.000121 0.000011 0.075146 0.007763 1.764064
0.917042 0.000234 0.000261 0.000119 0.000010 0.074571 0.007764 1.764086
0.917614 0.000238 0.000258 0.000115 0.000010 0.074000 0.007764 1.764109
0.918174 0.000242 0.000259 0.000112 0.000010 0.073438 0.007764 1.764133
0.918707 0.000239 0.000262 0.000112 0.000009 0.072906 0.007764 1.764161
0.919230 0.000235 0.000266 0.000113 0.000009 0.072384 0.007764 1.764189
0.919741 0.000247 0.000263 0.000111 0.000009 0.071865 0.007764 1.764210
0.920230 0.000244 0.000260 0.000111 0.000009 0.071382 0.007764 1.764241
0.920720 0.000245 0.000259 0.000108 0.000009 0.070894 0.007764 1.764261
0.921157 0.000246 0.000255 0.000112 0.000009 0.070456 0.007764 1.764288
0.921650 0.000230 0.000259 0.000111 0.000009 0.069976 0.007764 1.764321
0.922119 0.000221 0.000255 0.000113 0.000009 0.069518 0.007764 1.764347
0.922554 0.000221 0.000251 0.000108 0.000009 0.069092 0.007764 1.764366
0.923018 0.000227 0.000240 0.000104 0.000011 0.068635 0.007764 1.764382
0.923424 0.000225 0.000236 0.000099 0.000011 0.068241 0.007764 1.764400
0.923845 0.000226 0.000237 0.000100 0.000011 0.067817 0.007764 1.764423
0.924246 0.000221 0.000237 0.000100 0.000011 0.067421 0.007765 1.764451
0.924633 0.000218 0.000232 0.000100 0.000010 0.067043 0.007765 1.764471
0.925025 0.000215 0.000229 0.000095 0.000010 0.066660 0.007765 1.764491
0.925388 0.000206 0.000226 0.000097 0.000009 0.066308 0.007766 1.764516
0.925719 0.000202 0.000230 0.000098 0.000009 0.065977 0.007766 1.764539
0.926076 0.000192 0.000229 0.000098 0.000009 0.065630 0.007766 1.764564
0.926419 0.000188 0.000232 0.000102 0.000009 0.065285 0.007766 1.764588
0.926762 0.000195 0.000227 0.000098 0.000009 0.064944 0.007766 1.764603
0.927083 0.000190 0.000227 0.000095 0.000009 0.064631 0.007766 1.764622
0.927385 0.000196 0.000218 0.000094 0.000009 0.064331 0.007766 1.764636
0.927694 0.000198 0.000211 0.000092 0.000008 0.064032 0.007766 1.764650
0.927994 0.000198 0.000205 0.000091 0.000008 0.063739 0.007766 1.764667
0.928276 0.000190 0.000206 0.000089 0.000007 0.063465 0.007766 1.764691
0.928561 0.000190 0.000208 0.000081 0.000007 0.063186 0.007766 1.764710
0.928828 0.000194 0.000204 0.000079 0.000008 0.062921 0.007766 1.764724
0.929110 0.000187 0.000206 0.000085 0.000008 0.062638 0.007766 1.764749
0.929371 0.000188 0.000205 0.000085 0.000007 0.062378 0.007767 1.764765
0.929637 0.000189 0.000202 0.000082 0.000006 0.062117 0.007767 1.764783
0.929913 0.000188 0.000199 0.000083 0.000006 0.061845 0.007767 1.764802
0.930175 0.000188 0.000200 0.000081 0.000006 0.061584 0.007767 1.764819
0.930435 0.000189 0.000198 0.000079 0.000006 0.061326 0.007767 1.764834
0.930679 0.000187 0.000194 0.000079 0.000007 0.061086 0.007767 1.764853
0.930919 0.000184 0.000197 0.000080 0.000007 0.060846 0.007767 1.764874
0.931162 0.000175 0.000202 0.000081 0.000007 0.060607 0.007767 1.764900
0.931386 0.000167 0.000202 0.000085 0.000006 0.060386 0.007767 1.764923
0.931622 0.000166 0.000199 0.000088 0.000006 0.060152 0.007767 1.764943
0.931831 0.000169 0.000198 0.000087 0.000006 0.059943 0.007767 1.764961
0.932037 0.000171 0.000192 0.000083 0.000005 0.059746 0.007767 1.764974
0.932252 0.000176 0.000189 0.000083 0.000005 0.059528 0.007767 1.764987
0.932450 0.000181 0.000186 0.000078 0.000005 0.059332 0.007767 1.764998
0.932650 0.000191 0.000186 0.000078 0.000005 0.059124 0.007767 1.765014
0.932843 0.000190 0.000188 0.000077 0.000004 0.058931 0.007767 1.765036
0.933027 0.000190 0.000182 0.000078 0.000004 0.058752 0.007767 1.765052
0.933209 0.000183 0.000185 0.000077 0.000003 0.058575 0.007767 1.765072
0.933392 0.000178 0.000191 0.000077 0.000003 0.058391 0.007767 1.765092
0.933572 0.000181 0.000193 0.000075 0.000003 0.058208 0.007767 1.765108
0.933738 0.000181 0.000190 0.000072 0.000003 0.058047 0.007767 1.765126
0.933880 0.000177 0.000190 0.000074 0.000003 0.057908 0.007767 1.765149
0.934042 0.000178 0.000193 0.000071 0.000004 0.057745 0.007767 1.765172
0.934193 0.000178 0.000193 0.000069 0.000004 0.057596 0.007767 1.765190
0.934336 0.000175 0.000194 0.000068 0.000004 0.057455 0.007767 1.765211
0.934477 0.000171 0.000192 0.000069 0.000004 0.057318 0.007767 1.765232
0.934637 0.000173 0.000183 0.000067 0.000004 0.057168 0.007767 1.765245
0.934766 0.000176 0.000177 0.000067 0.000005 0.057040 0.007767 1.765263
0.934901 0.000181 0.000173 0.000068 0.000005 0.056904 0.007767 1.765278
0.935046 0.000181 0.000175 0.000069 0.000005 0.056755 0.007767 1.765294
0.935174 0.000180 0.000179 0.000065 0.000005 0.056629 0.007767 1.765314
0.935316 0.000180 0.000180 0.000066 0.000005 0.056486 0.007767 1.765332
0.935431 0.000179 0.000176 0.000068 0.000006 0.056373 0.007767 1.765350
0.935557 0.000180 0.000171 0.000069 0.000006 0.056249 0.007767 1.765367
0.935683 0.000175 0.000175 0.000073 0.000005 0.056120 0.007768 1.765387
0.935795 0.000173 0.000175 0.000076 0.000005 0.056008 0.007768 1.765406
0.935917 0.000172 0.000171 0.000077 0.000005 0.055888 0.007768 1.765424
0.936038 0.000177 0.000166 0.000077 0.000004 0.055770 0.007768 1.765438
0.936159 0.000176 0.000167 0.000077 0.000004 0.055648 0.007768 1.765453
0.936281 0.000169 0.000167 0.000076 0.000004 0.055534 0.007768 1.765473
0.936382 0.000175 0.000161 0.000073 0.000004 0.055436 0.007768 1.765485
0.936495 0.000167 0.000159 0.000071 0.000003 0.055335 0.007769 1.765500
0.936597 0.000172 0.000159 0.000071 0.000003 0.055228 0.007769 1.765513
0.936687 0.000174 0.000160 0.000073 0.000004 0.055134 0.007769 1.765529
0.936785 0.000165 0.000162 0.000077 0.000004 0.055037 0.007769 1.765548
0.936886 0.000165 0.000165 0.000078 0.000003 0.054934 0.007769 1.765568
0.936969 0.000160 0.000166 0.000073 0.000003 0.054860 0.007769 1.765584
0.937061 0.000160 0.000162 0.000071 0.000004 0.054773 0.007769 1.765597
0.937159 0.000155 0.000157 0.000072 0.000004 0.054683 0.007769 1.765612
0.937265 0.000161 0.000154 0.000071 0.000004 0.054576 0.007769 1.765625
0.937343 0.000160 0.000151 0.000072 0.000004 0.054501 0.007769 1.765642
0.937432 0.000161 0.000146 0.000070 0.000004 0.054417 0.007769 1.765656
0.937513 0.000168 0.000146 0.000067 0.000003 0.054333 0.007769 1.765667
0.937598 0.000167 0.000148 0.000067 0.000003 0.054247 0.007769 1.765684
0.937667 0.000168 0.000149 0.000068 0.000003 0.054175 0.007769 1.765701
0.937746 0.000165 0.000152 0.000068 0.000003 0.054096 0.007769 1.765718
0.937830 0.000162 0.000152 0.000070 0.000003 0.054013 0.007769 1.765736
0.937910 0.000159 0.000150 0.000070 0.000002 0.053938 0.007769 1.765751
0.937971 0.000161 0.000148 0.000072 0.000002 0.053876 0.007769 1.765765
0.938046 0.000159 0.000147 0.000071 0.000002 0.053804 0.007769 1.765782
0.938110 0.000162 0.000143 0.000067 0.000002 0.053746 0.007769 1.765795
0.938183 0.000160 0.000147 0.000067 0.000002 0.053670 0.007769 1.765812
0.938247 0.000158 0.000145 0.000070 0.000002 0.053609 0.007769 1.765826
0.938316 0.000159 0.000141 0.000074 0.000002 0.053538 0.007769 1.765839
0.938391 0.000159 0.000143 0.000077 0.000002 0.053458 0.007769 1.765853
0.938466 0.000153 0.000141 0.000078 0.000002 0.053390 0.007769 1.765871
0.938526 0.000148 0.000143 0.000084 0.000002 0.053326 0.007769 1.765892
0.938589 0.000146 0.000142 0.000084 0.000002 0.053267 0.007769 1.765909
0.938639 0.000139 0.000147 0.000079 0.000003 0.053223 0.007769 1.765926
0.938714 0.000136 0.000150 0.000075 0.000003 0.053153 0.007769 1.765940
0.938770 0.000137 0.000145 0.000075 0.000003 0.053101 0.007769 1.765953
0.938822 0.000134 0.000143 0.000073 0.000003 0.053056 0.007769 1.765968
0.938872 0.000132 0.000149 0.000072 0.000003 0.053002 0.007769 1.765982
0.938927 0.000132 0.000146 0.000070 0.000003 0.052952 0.007769 1.765995
0.938990 0.000130 0.000141 0.000068 0.000003 0.052899 0.007769 1.766005
0.939054 0.000129 0.000139 0.000065 0.000002 0.052841 0.007769 1.766015
0.939111 0.000129 0.000142 0.000063 0.000002 0.052783 0.007769 1.766028
0.939168 0.000125 0.000135 0.000064 0.000002 0.052735 0.007769 1.766041
0.939218 0.000123 0.000136 0.000063 0.000002 0.052689 0.007769 1.766053
0.939266 0.000123 0.000134 0.000060 0.000002 0.052645 0.007769 1.766063
0.939311 0.000125 0.000131 0.000060 0.000002 0.052602 0.007769 1.766074
0.939357 0.000116 0.000126 0.000060 0.000002 0.052568 0.007769 1.766088
0.939398 0.000113 0.000131 0.000059 0.000002 0.052528 0.007769 1.766100
0.939436 0.000112 0.000132 0.000062 0.000002 0.052486 0.007769 1.766112
0.939486 0.000114 0.000128 0.000063 0.000002 0.052437 0.007769 1.766120
0.939529 0.000117 0.000126 0.000063 0.000002 0.052392 0.007769 1.766129
0.939567 0.000113 0.000126 0.000066 0.000002 0.052357 0.007769 1.766143
0.939607 0.000112 0.000125 0.000067 0.000002 0.052317 0.007769 1.766155
0.939653 0.000110 0.000130 0.000066 0.000002 0.052269 0.007769 1.766168
0.939695 0.000121 0.000126 0.000064 0.000003 0.052221 0.007769 1.766177
0.939733 0.000118 0.000126 0.000060 0.000003 0.052190 0.007769 1.766191
0.939773 0.000117 0.000126 0.000060 0.000003 0.052152 0.007769 1.766205
0.939813 0.000113 0.000128 0.000061 0.000002 0.052113 0.007769 1.766218
0.939851 0.000111 0.000124 0.000063 0.000002 0.052079 0.007769 1.766227
0.939884 0.000112 0.000120 0.000063 0.000002 0.052049 0.007769 1.766237
0.939917 0.000113 0.000119 0.000064 0.000002 0.052015 0.007769 1.766248
0.939956 0.000109 0.000117 0.000063 0.000002 0.051983 0.007769 1.766259
0.939996 0.000107 0.000120 0.000063 0.000002 0.051943 0.007769 1.766272
0.940032 0.000109 0.000114 0.000063 0.000002 0.051910 0.007769 1.766281
0.940060 0.000109 0.000115 0.000062 0.000002 0.051883 0.007769 1.766292
0.940092 0.000109 0.000113 0.000057 0.000002 0.051858 0.007769 1.766301
0.940125 0.000107 0.000108 0.000056 0.000002 0.051834 0.007769 1.766309
0.940159 0.000107 0.000104 0.000057 0.000002 0.051802 0.007769 1.766317
0.940183 0.000105 0.000108 0.000057 0.000002 0.051776 0.007769 1.766331
0.940209 0.000103 0.000107 0.000059 0.000002 0.051750 0.007769 1.766344
0.940244 0.000101 0.000104 0.000056 0.000003 0.051724 0.007769 1.766353
0.940280 0.000095 0.000105 0.000053 0.000003 0.051695 0.007769 1.766365
0.940317 0.000092 0.000103 0.000051 0.000003 0.051664 0.007769 1.766373
0.940357 0.000092 0.000102 0.000052 0.000003 0.051624 0.007769 1.766381
0.940383 0.000089 0.000100 0.000051 0.000003 0.051604 0.007769 1.766390
0.940408 0.000090 0.000099 0.000053 0.000003 0.051578 0.007769 1.766401
0.940436 0.000091 0.000095 0.000051 0.000003 0.051555 0.007769 1.766409
0.940457 0.000094 0.000089 0.000051 0.000003 0.051536 0.007769 1.766420
0.940485 0.000093 0.000091 0.000051 0.000003 0.051506 0.007769 1.766427
0.940510 0.000098 0.000092 0.000049 0.000003 0.051479 0.007769 1.766433
0.940546 0.000093 0.000091 0.000053 0.000002 0.051445 0.007769 1.766447
0.940568 0.000095 0.000090 0.000051 0.000003 0.051423 0.007769 1.766456
0.940589 0.000093 0.000088 0.000051 0.000003 0.051407 0.007769 1.766466
0.940619 0.000090 0.000085 0.000051 0.000003 0.051382 0.007769 1.766475
0.940652 0.000085 0.000092 0.000051 0.000003 0.051348 0.007769 1.766488
0.940679 0.000085 0.000088 0.000050 0.000003 0.051325 0.007769 1.766494
0.940704 0.000084 0.000087 0.000048 0.000003 0.051304 0.007769 1.766503
0.940731 0.000085 0.000087 0.000046 0.000003 0.051278 0.007769 1.766509
0.940747 0.000090 0.000086 0.000046 0.000003 0.051258 0.007770 1.766517
0.940766 0.000086 0.000086 0.000049 0.000003 0.051241 0.007770 1.766528
0.940787 0.000086 0.000085 0.000046 0.000002 0.051222 0.007770 1.766536
0.940817 0.000081 0.000088 0.000044 0.000002 0.051199 0.007770 1.766548
0.940836 0.000085 0.000088 0.000042 0.000002 0.051177 0.007770 1.766554
0.940855 0.000083 0.000088 0.000042 0.000002 0.051159 0.007770 1.766563
0.940878 0.000085 0.000087 0.000043 0.000002 0.051137 0.007770 1.766570
0.940892 0.000084 0.000087 0.000040 0.000001 0.051125 0.007771 1.766579
0.940918 0.000084 0.000085 0.000041 0.000001 0.051100 0.007771 1.766588
0.940941 0.000081 0.000083 0.000041 0.000001 0.051081 0.007771 1.766596
0.940957 0.000083 0.000080 0.000041 0.000001 0.051066 0.007771 1.766603
0.940985 0.000077 0.000083 0.000041 0.000001 0.051042 0.007771 1.766613
0.941003 0.000074 0.000084 0.000042 0.000001 0.051023 0.007771 1.766622
0.941015 0.000082 0.000083 0.000042 0.000001 0.051006 0.007771 1.766627
0.941029 0.000083 0.000081 0.000041 0.000001 0.050995 0.007771 1.766636
0.941050 0.000081 0.000083 0.000040 0.000001 0.050974 0.007771 1.766647
0.941062 0.000084 0.000083 0.000039 0.000001 0.050960 0.007771 1.766653
0.941077 0.000089 0.000082 0.000035 0.000001 0.050945 0.007771 1.766658
0.941088 0.000088 0.000082 0.000036 0.000001 0.050934 0.007771 1.766666
0.941101 0.000097 0.000083 0.000035 0.000001 0.050912 0.007771 1.766672
0.941122 0.000094 0.000085 0.000036 0.000001 0.050891 0.007771 1.766684
0.941137 0.000095 0.000084 0.000036 0.000001 0.050875 0.007771 1.766691
0.941154 0.000094 0.000085 0.000035 0.000002 0.050860 0.007771 1.766700
0.941166 0.000090 0.000091 0.000037 0.000002 0.050844 0.007771 1.766714
0.941179 0.000086 0.000090 0.000037 0.000002 0.050835 0.007771 1.766724
0.941193 0.000087 0.000089 0.000037 0.000002 0.050821 0.007771 1.766732
0.941206 0.000091 0.000086 0.000038 0.000002 0.050807 0.007771 1.766738
0.941219 0.000083 0.000091 0.000042 0.000002 0.050792 0.007771 1.766753
0.941230 0.000084 0.000088 0.000046 0.000002 0.050778 0.007771 1.766764
0.941243 0.000089 0.000088 0.000044 0.000003 0.050762 0.007771 1.766771
0.941251 0.000093 0.000087 0.000045 0.000003 0.050749 0.007771 1.766779
0.941270 0.000092 0.000089 0.000045 0.000003 0.050729 0.007771 1.766788
0.941276 0.000096 0.000088 0.000045 0.000003 0.050719 0.007771 1.766798
0.941290 0.000097 0.000088 0.000047 0.000003 0.050702 0.007771 1.766807
0.941304 0.000095 0.000085 0.000046 0.000003 0.050696 0.007771 1.766816
0.941314 0.000092 0.000088 0.000047 0.000003 0.050684 0.007771 1.766828
0.941328 0.000086 0.000087 0.000049 0.000004 0.050674 0.007771 1.766840
0.941340 0.000084 0.000082 0.000051 0.000004 0.050668 0.007771 1.766850
0.941351 0.000085 0.000081 0.000048 0.000004 0.050659 0.007771 1.766860
0.941359 0.000084 0.000079 0.000049 0.000004 0.050654 0.007771 1.766870
0.941368 0.000087 0.000074 0.000047 0.000003 0.050650 0.007771 1.766876
0.941376 0.000085 0.000073 0.000044 0.000003 0.050648 0.007771 1.766885
0.941379 0.000089 0.000071 0.000041 0.000003 0.050646 0.007771 1.766892
0.941391 0.000092 0.000072 0.000040 0.000002 0.050632 0.007771 1.766898
0.941402 0.000092 0.000075 0.000038 0.000002 0.050620 0.007771 1.766906
0.941409 0.000097 0.000073 0.000040 0.000002 0.050608 0.007771 1.766913
0.941418 0.000095 0.000074 0.000039 0.000002 0.050601 0.007771 1.766921
0.941426 0.000096 0.000074 0.000035 0.000002 0.050595 0.007771 1.766931
0.941439 0.000096 0.000073 0.000034 0.000002 0.050584 0.007771 1.766941
0.941447 0.000094 0.000076 0.000037 0.000002 0.050574 0.007771 1.766951
0.941455 0.000093 0.000075 0.000037 0.000002 0.050566 0.007771 1.766962
0.941465 0.000090 0.000076 0.000037 0.000002 0.050559 0.007771 1.766972
0.941478 0.000084 0.000073 0.000040 0.000002 0.050552 0.007771 1.766984
0.941485 0.000082 0.000073 0.000041 0.000000 0.050547 0.007771 1.766995
0.941493 0.000080 0.000073 0.000044 0.000000 0.050539 0.007771 1.767005
0.941505 0.000080 0.000073 0.000041 0.000000 0.050530 0.007771 1.767011
0.941509 0.000084 0.000068 0.000040 0.000000 0.050528 0.007771 1.767015
0.941520 0.000080 0.000067 0.000041 0.000000 0.050521 0.007771 1.767024
0.941526 0.000076 0.000068 0.000040 0.000001 0.050517 0.007771 1.767033
0.941537 0.000074 0.000068 0.000043 0.000001 0.050505 0.007771 1.767041
0.941546 0.000074 0.000068 0.000041 0.000001 0.050497 0.007771 1.767047
0.941554 0.000071 0.000073 0.000040 0.000001 0.050490 0.007771 1.767057
0.941558 0.000077 0.000070 0.000040 0.000002 0.050482 0.007771 1.767062
0.941570 0.000076 0.000071 0.000038 0.000002 0.050471 0.007771 1.767070
0.941580 0.000073 0.000070 0.000041 0.000002 0.050462 0.007771 1.767079
0.941585 0.000073 0.000071 0.000039 0.000002 0.050459 0.007771 1.767088
0.941592 0.000071 0.000072 0.000036 0.000003 0.050453 0.007771 1.767095
0.941602 0.000067 0.000075 0.000037 0.000003 0.050445 0.007771 1.767105
0.941609 0.000071 0.000070 0.000038 0.000003 0.050438 0.007771 1.767109
0.941615 0.000068 0.000075 0.000035 0.000003 0.050433 0.007771 1.767117
0.941619 0.000069 0.000075 0.000035 0.000003 0.050428 0.007771 1.767124
0.941626 0.000065 0.000077 0.000036 0.000003 0.050421 0.007771 1.767132
0.941629 0.000064 0.000079 0.000035 0.000003 0.050418 0.007771 1.767142
0.941631 0.000065 0.000082 0.000035 0.000002 0.050413 0.007771 1.767150
0.941633 0.000071 0.000082 0.000034 0.000002 0.050407 0.007771 1.767157
0.941646 0.000069 0.000081 0.000031 0.000002 0.050400 0.007771 1.767164
0.941653 0.000068 0.000080 0.000030 0.000002 0.050396 0.007771 1.767170
0.941654 0.000070 0.000077 0.000031 0.000002 0.050394 0.007771 1.767177
0.941656 0.000073 0.000077 0.000029 0.000003 0.050391 0.007771 1.767183
0.941665 0.000073 0.000080 0.000028 0.000003 0.050380 0.007771 1.767191
0.941669 0.000073 0.000079 0.000028 0.000003 0.050377 0.007771 1.767197
0.941671 0.000072 0.000083 0.000028 0.000003 0.050372 0.007771 1.767205
0.941677 0.000068 0.000083 0.000030 0.000002 0.050367 0.007772 1.767215
0.941678 0.000068 0.000085 0.000029 0.000002 0.050365 0.007772 1.767222
0.941682 0.000071 0.000084 0.000027 0.000002 0.050361 0.007772 1.767228
0.941681 0.000072 0.000081 0.000029 0.000002 0.050363 0.007772 1.767235
0.941679 0.000071 0.000082 0.000029 0.000002 0.050365 0.007772 1.767243
0.941680 0.000067 0.000082 0.000030 0.000002 0.050366 0.007772 1.767254
0.941682 0.000070 0.000086 0.000027 0.000002 0.050361 0.007772 1.767260
0.941686 0.000070 0.000082 0.000031 0.000002 0.050358 0.007772 1.767268
0.941687 0.000073 0.000077 0.000031 0.000002 0.050357 0.007772 1.767273
0.941687 0.000074 0.000074 0.000032 0.000001 0.050360 0.007772 1.767280
0.941694 0.000075 0.000072 0.000032 0.000001 0.050354 0.007772 1.767288
0.941695 0.000074 0.000076 0.000032 0.000001 0.050351 0.007772 1.767298
0.941696 0.000073 0.000076 0.000032 0.000002 0.050349 0.007772 1.767306
0.941703 0.000073 0.000077 0.000032 0.000002 0.050340 0.007772 1.767313
0.941708 0.000072 0.000075 0.000031 0.000002 0.050340 0.007772 1.767319
0.941717 0.000070 0.000073 0.000032 0.000002 0.050335 0.007772 1.767326
0.941721 0.000070 0.000073 0.000030 0.000002 0.050332 0.007772 1.767332
0.941724 0.000071 0.000071 0.000033 0.000002 0.050328 0.007772 1.767340
0.941726 0.000071 0.000074 0.000031 0.000002 0.050326 0.007772 1.767347
0.941731 0.000069 0.000074 0.000029 0.000002 0.050323 0.007772 1.767353
0.941736 0.000068 0.000077 0.000029 0.000002 0.050315 0.007772 1.767360
0.941739 0.000066 0.000076 0.000031 0.000002 0.050314 0.007772 1.767369
0.941741 0.000070 0.000074 0.000031 0.000002 0.050310 0.007772 1.767373
0.941740 0.000073 0.000071 0.000031 0.000002 0.050311 0.007772 1.767379
0.941741 0.000074 0.000070 0.000031 0.000002 0.050310 0.007772 1.767384
0.941743 0.000078 0.000068 0.000030 0.000002 0.050307 0.007772 1.767388
0.941739 0.000082 0.000064 0.000029 0.000002 0.050312 0.007772 1.767394
0.941739 0.000084 0.000066 0.000029 0.000002 0.050309 0.007772 1.767399
0.941743 0.000082 0.000066 0.000030 0.000002 0.050306 0.007772 1.767406
0.941748 0.000080 0.000065 0.000030 0.000002 0.050303 0.007772 1.767414
0.941751 0.000075 0.000066 0.000031 0.000001 0.050302 0.007772 1.767423
0.941753 0.000072 0.000062 0.000033 0.000000 0.050307 0.007772 1.767430
0.941754 0.000072 0.000062 0.000031 0.000000 0.050307 0.007772 1.767436
0.941757 0.000068 0.000061 0.000031 0.000000 0.050310 0.007772 1.767444
0.941757 0.000068 0.000063 0.000031 0.000000 0.050308 0.007772 1.767449
0.941759 0.000068 0.000063 0.000032 0.000000 0.050305 0.007772 1.767455
0.941761 0.000067 0.000065 0.000031 0.000000 0.050303 0.007772 1.767462
0.941759 0.000070 0.000063 0.000031 0.000001 0.050305 0.007772 1.767467
0.941765 0.000067 0.000064 0.000031 0.000002 0.050300 0.007772 1.767474
0.941772 0.000064 0.000064 0.000033 0.000002 0.050294 0.007772 1.767482
0.941773 0.000067 0.000063 0.000031 0.000003 0.050291 0.007772 1.767486
0.941778 0.000062 0.000064 0.000031 0.000003 0.050290 0.007772 1.767494
0.941783 0.000063 0.000063 0.000031 0.000003 0.050287 0.007772 1.767499
0.941791 0.000059 0.000063 0.000031 0.000003 0.050282 0.007772 1.767507
0.941796 0.000060 0.000065 0.000030 0.000003 0.050274 0.007772 1.767512
0.941800 0.000060 0.000063 0.000030 0.000003 0.050272 0.007772 1.767516
0.941804 0.000058 0.000064 0.000032 0.000003 0.050269 0.007772 1.767523
0.941808 0.000055 0.000062 0.000033 0.000003 0.050268 0.007772 1.767529
0.941816 0.000052 0.000062 0.000034 0.000003 0.050262 0.007772 1.767533
0.941819 0.000049 0.000065 0.000031 0.000003 0.050259 0.007772 1.767540
0.941822 0.000048 0.000064 0.000031 0.000003 0.050259 0.007772 1.767547
0.941828 0.000048 0.000062 0.000030 0.000003 0.050257 0.007772 1.767552
0.941834 0.000048 0.000060 0.000028 0.000003 0.050255 0.007772 1.767555
0.941843 0.000049 0.000059 0.000027 0.000003 0.050246 0.007772 1.767558
0.941845 0.000051 0.000057 0.000028 0.000003 0.050244 0.007772 1.767562
0.941849 0.000051 0.000057 0.000028 0.000003 0.050239 0.007772 1.767567
0.941854 0.000054 0.000055 0.000027 0.000003 0.050235 0.007772 1.767571
0.941858 0.000056 0.000057 0.000026 0.000003 0.050228 0.007772 1.767576
0.941857 0.000058 0.000059 0.000024 0.000003 0.050227 0.007772 1.767581
0.941858 0.000058 0.000058 0.000025 0.000003 0.050226 0.007772 1.767587
0.941857 0.000063 0.000056 0.000027 0.000003 0.050221 0.007772 1.767591
0.941853 0.000068 0.000056 0.000025 0.000003 0.050224 0.007772 1.767596
0.941853 0.000064 0.000057 0.000027 0.000003 0.050224 0.007772 1.767604
0.941848 0.000068 0.000057 0.000025 0.000003 0.050225 0.007772 1.767608
0.941851 0.000066 0.000061 0.000026 0.000002 0.050222 0.007773 1.767618
0.941852 0.000068 0.000061 0.000024 0.000002 0.050220 0.007773 1.767623
0.941851 0.000070 0.000058 0.000026 0.000002 0.050222 0.007773 1.767629
0.941854 0.000071 0.000057 0.000024 0.000002 0.050220 0.007773 1.767634
0.941854 0.000069 0.000059 0.000025 0.000002 0.050217 0.007773 1.767641
0.941858 0.000069 0.000058 0.000024 0.000002 0.050216 0.007773 1.767647
0.941855 0.000069 0.000059 0.000025 0.000002 0.050217 0.007773 1.767656
0.941859 0.000072 0.000059 0.000025 0.000002 0.050212 0.007773 1.767659
0.941860 0.000072 0.000061 0.000025 0.000002 0.050208 0.007773 1.767666
0.941864 0.000068 0.000060 0.000026 0.000002 0.050207 0.007773 1.767674
0.941865 0.000067 0.000059 0.000027 0.000002 0.050207 0.007773 1.767683
0.941869 0.000066 0.000056 0.000029 0.000002 0.050204 0.007773 1.767688
0.941874 0.000067 0.000051 0.000028 0.000002 0.050203 0.007773 1.767694
0.941876 0.000065 0.000054 0.000028 0.000002 0.050202 0.007773 1.767702
0.941877 0.000066 0.000054 0.000028 0.000002 0.050199 0.007773 1.767707
0.941885 0.000060 0.000054 0.000028 0.000001 0.050198 0.007773 1.767717
0.941887 0.000056 0.000054 0.000031 0.000000 0.050196 0.007773 1.767725
0.941889 0.000056 0.000053 0.000031 0.000000 0.050196 0.007773 1.767729
0.941895 0.000055 0.000053 0.000029 0.000001 0.050193 0.007773 1.767735
0.941901 0.000051 0.000053 0.000029 0.000002 0.050191 0.007773 1.767741
0.941904 0.000048 0.000051 0.000031 0.000002 0.050190 0.007773 1.767749
0.941910 0.000044 0.000051 0.000029 0.000002 0.050188 0.007773 1.767755
0.941913 0.000046 0.000051 0.000027 0.000002 0.050188 0.007773 1.767759
0.941919 0.000046 0.000049 0.000026 0.000002 0.050185 0.007773 1.767763
0.941921 0.000048 0.000048 0.000023 0.000002 0.050184 0.007773 1.767767
0.941928 0.000045 0.000048 0.000025 0.000002 0.050179 0.007773 1.767774
0.941933 0.000044 0.000047 0.000024 0.000002 0.050176 0.007773 1.767778
0.941942 0.000039 0.000048 0.000024 0.000002 0.050172 0.007773 1.767784
0.941947 0.000038 0.000049 0.000025 0.000001 0.050165 0.007774 1.767789
0.941947 0.000041 0.000046 0.000024 0.000001 0.050166 0.007774 1.767794
0.941954 0.000037 0.000046 0.000024 0.000001 0.050163 0.007774 1.767799
0.941956 0.000036 0.000044 0.000024 0.000001 0.050165 0.007774 1.767804
0.941960 0.000034 0.000043 0.000023 0.000001 0.050165 0.007774 1.767808
0.941967 0.000030 0.000041 0.000025 0.000001 0.050161 0.007774 1.767813
0.941968 0.000030 0.000038 0.000024 0.000000 0.050165 0.007774 1.767817
0.941973 0.000031 0.000037 0.000024 0.000000 0.050160 0.007774 1.767820
0.941976 0.000030 0.000037 0.000024 0.000000 0.050159 0.007774 1.767823
0.941981 0.000030 0.000036 0.000022 0.000000 0.050157 0.007774 1.767825
0.941985 0.000032 0.000034 0.000021 0.000000 0.050154 0.007774 1.767827
0.941988 0.000033 0.000035 0.000021 0.000000 0.050149 0.007774 1.767829
0.941993 0.000031 0.000036 0.000019 0.000000 0.050147 0.007774 1.767832
0.941997 0.000027 0.000035 0.000021 0.000000 0.050145 0.007774 1.767837
0.941997 0.000029 0.000034 0.000020 0.000000 0.050145 0.007774 1.767839
0.942006 0.000027 0.000034 0.000021 0.000000 0.050139 0.007774 1.767842
0.942006 0.000027 0.000034 0.000020 0.000000 0.050140 0.007774 1.767849
0.942011 0.000029 0.000031 0.000020 0.000000 0.050134 0.007774 1.767850
0.942013 0.000031 0.000032 0.000020 0.000000 0.050129 0.007774 1.767853
0.942016 0.000034 0.000029 0.000019 0.000000 0.050128 0.007774 1.767854
0.942022 0.000032 0.000028 0.000020 0.000000 0.050123 0.007774 1.767857
0.942024 0.000034 0.000025 0.000020 0.000000 0.050122 0.007774 1.767859
0.942031 0.000032 0.000027 0.000020 0.000000 0.050116 0.007774 1.767863
0.942031 0.000034 0.000027 0.000019 0.000000 0.050114 0.007774 1.767865
0.942035 0.000033 0.000026 0.000020 0.000000 0.050112 0.007774 1.767869
0.942039 0.000031 0.000026 0.000020 0.000000 0.050110 0.007774 1.767873
0.942039 0.000033 0.000025 0.000020 0.000000 0.050109 0.007774 1.767875
0.942043 0.000030 0.000025 0.000022 0.000000 0.050107 0.007774 1.767880
