0.349776 0.063441 0.056031 0.032376 0.002138 0.490275 0.005964 1.596728
0.351426 0.061806 0.055937 0.032248 0.002135 0.490455 0.005994 1.602820
0.353543 0.059758 0.055780 0.032068 0.002126 0.490704 0.006022 1.608823
0.355927 0.057637 0.055609 0.031782 0.002133 0.490866 0.006046 1.614629
0.358757 0.055404 0.055346 0.031531 0.002134 0.490756 0.006072 1.620238
0.361877 0.053175 0.054849 0.031187 0.002138 0.490672 0.006102 1.625563
0.364990 0.051012 0.054205 0.030677 0.002134 0.490853 0.006129 1.630672
0.368366 0.049026 0.053457 0.030181 0.002125 0.490684 0.006160 1.635495
0.371831 0.046933 0.052735 0.029758 0.002123 0.490437 0.006182 1.640230
0.375356 0.045030 0.051917 0.029222 0.002121 0.490140 0.006215 1.644766
0.378933 0.043151 0.051045 0.028695 0.002108 0.489827 0.006240 1.649171
0.382588 0.041451 0.050117 0.028116 0.002097 0.489365 0.006266 1.653302
0.386309 0.039868 0.049166 0.027497 0.002080 0.488788 0.006292 1.657251
0.390054 0.038326 0.048132 0.026933 0.002064 0.488169 0.006323 1.661107
0.393879 0.036885 0.047148 0.026270 0.002031 0.487435 0.006352 1.664865
0.397761 0.035564 0.046117 0.025628 0.002010 0.486540 0.006380 1.668375
0.401670 0.034252 0.045114 0.025048 0.001973 0.485534 0.006410 1.671823
0.405560 0.033017 0.044150 0.024434 0.001956 0.484446 0.006438 1.675178
0.409657 0.031819 0.043117 0.023805 0.001933 0.483208 0.006461 1.678342
0.413697 0.030709 0.042118 0.023139 0.001916 0.481933 0.006488 1.681448
0.417916 0.029694 0.041081 0.022481 0.001883 0.480426 0.006519 1.684401
0.421938 0.028757 0.039964 0.021908 0.001863 0.479022 0.006547 1.687271
0.426021 0.027878 0.038978 0.021317 0.001834 0.477402 0.006571 1.690036
0.430244 0.027065 0.037873 0.020716 0.001809 0.475697 0.006596 1.692663
0.434301 0.026293 0.036841 0.020157 0.001786 0.473998 0.006624 1.695267
0.438481 0.025468 0.035924 0.019656 0.001761 0.472062 0.006648 1.697818
0.442701 0.024730 0.035017 0.019109 0.001739 0.470035 0.006670 1.700269
0.446835 0.024039 0.034157 0.018594 0.001695 0.467987 0.006693 1.702633
0.450969 0.023413 0.033297 0.018096 0.001664 0.465850 0.006712 1.704906
0.455209 0.022785 0.032453 0.017605 0.001649 0.463567 0.006731 1.707192
0.459418 0.022117 0.031536 0.017100 0.001619 0.461454 0.006757 1.709412
0.463668 0.021539 0.030778 0.016605 0.001585 0.459043 0.006781 1.711553
0.467849 0.020962 0.029917 0.016149 0.001548 0.456766 0.006807 1.713632
0.472035 0.020404 0.029139 0.015706 0.001530 0.454364 0.006823 1.715673
0.476204 0.019905 0.028373 0.015281 0.001503 0.451892 0.006843 1.717650
0.480379 0.019476 0.027674 0.014861 0.001476 0.449274 0.006861 1.719592
0.484534 0.019072 0.026926 0.014445 0.001446 0.446695 0.006882 1.721447
0.488702 0.018651 0.026303 0.014066 0.001424 0.443960 0.006895 1.723310
0.492792 0.018223 0.025615 0.013660 0.001398 0.441399 0.006913 1.725120
0.496879 0.017916 0.024992 0.013312 0.001370 0.438596 0.006937 1.726912
0.500823 0.017586 0.024366 0.012947 0.001341 0.435980 0.006959 1.728652
0.504795 0.017280 0.023744 0.012648 0.001317 0.433242 0.006973 1.730339
0.508876 0.016980 0.023197 0.012292 0.001289 0.430377 0.006989 1.732030
0.512851 0.016681 0.022614 0.011995 0.001274 0.427580 0.007006 1.733651
0.516895 0.016401 0.022063 0.011716 0.001255 0.424649 0.007021 1.735284
0.520774 0.016171 0.021545 0.011413 0.001219 0.421843 0.007037 1.736874
0.524682 0.015966 0.021034 0.011149 0.001205 0.418915 0.007049 1.738434
0.528637 0.015706 0.020557 0.010901 0.001186 0.415955 0.007058 1.740009
0.532539 0.015533 0.020136 0.010632 0.001158 0.412928 0.007075 1.741508
0.536442 0.015334 0.019718 0.010396 0.001139 0.409883 0.007088 1.743011
0.540213 0.015147 0.019308 0.010133 0.001118 0.406977 0.007103 1.744481
0.544015 0.014912 0.018844 0.009930 0.001098 0.404085 0.007116 1.745973
0.547749 0.014721 0.018474 0.009738 0.001067 0.401123 0.007129 1.747432
0.551465 0.014601 0.018117 0.009534 0.001049 0.398094 0.007141 1.748843
0.555108 0.014411 0.017795 0.009350 0.001026 0.395156 0.007155 1.750278
0.558792 0.014236 0.017467 0.009148 0.000994 0.392193 0.007170 1.751714
0.562417 0.014086 0.017184 0.009009 0.000968 0.389156 0.007180 1.753111
0.565990 0.013967 0.016875 0.008843 0.000948 0.386186 0.007191 1.754479
0.569562 0.013801 0.016584 0.008686 0.000921 0.383238 0.007208 1.755841
0.573161 0.013657 0.016323 0.008513 0.000893 0.380231 0.007222 1.757177
0.576740 0.013501 0.016046 0.008344 0.000873 0.377260 0.007237 1.758536
0.580252 0.013396 0.015742 0.008199 0.000853 0.374309 0.007251 1.759848
0.583666 0.013277 0.015514 0.008080 0.000836 0.371368 0.007260 1.761185
0.587112 0.013210 0.015294 0.007972 0.000818 0.368323 0.007272 1.762502
0.590568 0.013105 0.015032 0.007828 0.000793 0.365391 0.007283 1.763755
0.593977 0.013061 0.014728 0.007686 0.000776 0.362480 0.007292 1.764991
0.597226 0.013005 0.014502 0.007561 0.000760 0.359644 0.007303 1.766275
0.600512 0.012907 0.014330 0.007437 0.000743 0.356756 0.007315 1.767568
0.603764 0.012853 0.014110 0.007328 0.000728 0.353891 0.007324 1.768820
0.606978 0.012761 0.013957 0.007233 0.000720 0.351020 0.007331 1.770109
0.610249 0.012678 0.013816 0.007140 0.000709 0.348072 0.007337 1.771369
0.613433 0.012603 0.013576 0.007026 0.000699 0.345320 0.007343 1.772583
0.616559 0.012545 0.013411 0.006950 0.000680 0.342501 0.007354 1.773786
0.619663 0.012452 0.013281 0.006873 0.000670 0.339699 0.007364 1.775031
0.622765 0.012401 0.013077 0.006812 0.000653 0.336919 0.007374 1.776207
0.625808 0.012329 0.012970 0.006754 0.000637 0.334120 0.007382 1.777435
0.628829 0.012248 0.012823 0.006731 0.000617 0.331358 0.007394 1.778664
0.631832 0.012282 0.012663 0.006656 0.000605 0.328559 0.007402 1.779828
0.634817 0.012223 0.012542 0.006622 0.000595 0.325791 0.007410 1.781044
0.637737 0.012208 0.012456 0.006539 0.000582 0.323063 0.007417 1.782244
0.640624 0.012210 0.012374 0.006475 0.000568 0.320324 0.007426 1.783432
0.643442 0.012160 0.012242 0.006431 0.000558 0.317734 0.007434 1.784630
0.646246 0.012148 0.012139 0.006404 0.000552 0.315074 0.007439 1.785839
0.648996 0.012093 0.012065 0.006332 0.000543 0.312528 0.007444 1.787040
0.651661 0.012105 0.011986 0.006234 0.000534 0.310029 0.007450 1.788208
0.654453 0.012091 0.011906 0.006202 0.000524 0.307367 0.007457 1.789368
0.657185 0.012025 0.011837 0.006202 0.000514 0.304772 0.007464 1.790590
0.659878 0.012025 0.011778 0.006191 0.000505 0.302155 0.007469 1.791788
0.662445 0.012022 0.011748 0.006179 0.000493 0.299635 0.007477 1.792989
0.664949 0.012058 0.011667 0.006139 0.000481 0.297221 0.007486 1.794165
0.667438 0.012094 0.011624 0.006118 0.000470 0.294766 0.007492 1.795367
0.669935 0.012120 0.011575 0.006069 0.000461 0.292343 0.007498 1.796533
0.672323 0.012145 0.011544 0.006047 0.000453 0.289988 0.007501 1.797690
0.674688 0.012134 0.011480 0.006018 0.000447 0.287728 0.007506 1.798881
0.677008 0.012133 0.011429 0.005990 0.000443 0.285488 0.007510 1.800078
0.679327 0.012170 0.011428 0.005939 0.000434 0.283188 0.007516 1.801254
0.681632 0.012227 0.011442 0.005884 0.000428 0.280867 0.007521 1.802456
0.683842 0.012237 0.011436 0.005868 0.000428 0.278664 0.007525 1.803677
0.686118 0.012207 0.011434 0.005869 0.000420 0.276422 0.007530 1.804900
0.688381 0.012201 0.011417 0.005855 0.000407 0.274202 0.007538 1.806121
0.690516 0.012229 0.011389 0.005849 0.000401 0.272072 0.007545 1.807310
0.692730 0.012303 0.011341 0.005828 0.000392 0.269859 0.007547 1.808496
0.694836 0.012340 0.011326 0.005826 0.000387 0.267734 0.007551 1.809703
0.696901 0.012407 0.011372 0.005808 0.000376 0.265579 0.007555 1.810935
0.698927 0.012434 0.011366 0.005826 0.000375 0.263514 0.007558 1.812191
0.700884 0.012517 0.011337 0.005824 0.000373 0.261505 0.007560 1.813382
0.702882 0.012574 0.011378 0.005809 0.000371 0.259422 0.007565 1.814614
0.704847 0.012588 0.011404 0.005836 0.000365 0.257390 0.007571 1.815865
0.706733 0.012638 0.011359 0.005859 0.000357 0.255478 0.007576 1.817091
0.708672 0.012623 0.011373 0.005879 0.000351 0.253523 0.007580 1.818351
0.710502 0.012690 0.011392 0.005872 0.000346 0.251615 0.007583 1.819595
0.712400 0.012738 0.011414 0.005905 0.000344 0.249614 0.007585 1.820851
0.714267 0.012774 0.011402 0.005925 0.000344 0.247700 0.007588 1.822120
0.716026 0.012873 0.011389 0.005923 0.000337 0.245862 0.007592 1.823356
0.717685 0.012950 0.011402 0.005919 0.000337 0.244113 0.007593 1.824619
0.719397 0.013043 0.011396 0.005927 0.000332 0.242308 0.007597 1.825881
0.721112 0.013076 0.011423 0.005919 0.000325 0.240543 0.007601 1.827147
0.722782 0.013177 0.011442 0.005946 0.000329 0.238720 0.007605 1.828419
0.724454 0.013251 0.011459 0.005962 0.000326 0.236937 0.007610 1.829700
0.726068 0.013348 0.011493 0.005966 0.000321 0.235191 0.007613 1.830989
0.727600 0.013395 0.011541 0.006009 0.000322 0.233519 0.007616 1.832321
0.729120 0.013524 0.011603 0.006036 0.000324 0.231775 0.007618 1.833604
0.730683 0.013582 0.011665 0.006066 0.000318 0.230064 0.007622 1.834946
0.732144 0.013634 0.011745 0.006058 0.000318 0.228477 0.007624 1.836285
0.733561 0.013738 0.011768 0.006087 0.000313 0.226904 0.007628 1.837641
0.734987 0.013861 0.011801 0.006102 0.000305 0.225311 0.007632 1.838988
0.736388 0.013991 0.011812 0.006121 0.000303 0.223748 0.007636 1.840312
0.737706 0.014061 0.011882 0.006159 0.000308 0.222246 0.007638 1.841712
0.739067 0.014096 0.011948 0.006200 0.000301 0.220743 0.007645 1.843136
0.740343 0.014204 0.012024 0.006227 0.000304 0.219251 0.007647 1.844524
0.741519 0.014388 0.012094 0.006241 0.000306 0.217802 0.007649 1.845911
0.742748 0.014438 0.012176 0.006301 0.000310 0.216375 0.007652 1.847394
0.743966 0.014464 0.012279 0.006336 0.000308 0.214990 0.007658 1.848860
0.745038 0.014635 0.012331 0.006393 0.000307 0.213636 0.007662 1.850288
0.746062 0.014806 0.012447 0.006411 0.000308 0.212303 0.007664 1.851698
0.747152 0.014902 0.012514 0.006437 0.000309 0.211019 0.007669 1.853156
0.748078 0.015062 0.012576 0.006473 0.000307 0.209832 0.007672 1.854652
0.749143 0.015146 0.012678 0.006493 0.000306 0.208559 0.007675 1.856146
0.750144 0.015259 0.012748 0.006540 0.000306 0.207325 0.007678 1.857627
0.751082 0.015386 0.012814 0.006577 0.000302 0.206158 0.007682 1.859140
0.752061 0.015488 0.012920 0.006590 0.000297 0.204955 0.007687 1.860662
0.753036 0.015582 0.013003 0.006670 0.000295 0.203722 0.007692 1.862180
0.753897 0.015680 0.013113 0.006737 0.000298 0.202581 0.007693 1.863738
0.754761 0.015800 0.013228 0.006762 0.000294 0.201458 0.007697 1.865294
0.755564 0.015971 0.013288 0.006784 0.000292 0.200399 0.007701 1.866828
0.756360 0.016050 0.013366 0.006839 0.000290 0.199390 0.007705 1.868418
0.757208 0.016164 0.013459 0.006872 0.000292 0.198298 0.007707 1.870002
0.757979 0.016302 0.013573 0.006909 0.000290 0.197236 0.007712 1.871593
0.758717 0.016438 0.013663 0.006913 0.000287 0.196266 0.007717 1.873167
0.759402 0.016542 0.013764 0.006958 0.000291 0.195325 0.007718 1.874811
0.760145 0.016640 0.013825 0.007052 0.000290 0.194324 0.007723 1.876451
0.760759 0.016783 0.013886 0.007123 0.000290 0.193434 0.007726 1.878104
0.761377 0.016907 0.014016 0.007162 0.000296 0.192514 0.007729 1.879774
0.762023 0.016975 0.014134 0.007213 0.000297 0.191624 0.007733 1.881447
0.762537 0.017091 0.014211 0.007302 0.000303 0.190821 0.007735 1.883152
0.763132 0.017226 0.014305 0.007351 0.000303 0.189944 0.007738 1.884829
0.763562 0.017383 0.014388 0.007427 0.000298 0.189199 0.007743 1.886537
0.764133 0.017484 0.014535 0.007481 0.000302 0.188320 0.007746 1.888268
0.764579 0.017639 0.014662 0.007516 0.000307 0.187547 0.007750 1.889985
0.764960 0.017788 0.014758 0.007582 0.000309 0.186851 0.007753 1.891730
0.765413 0.017851 0.014873 0.007672 0.000302 0.186132 0.007759 1.893522
0.765769 0.018073 0.014912 0.007727 0.000305 0.185456 0.007760 1.895221
0.766183 0.018202 0.015041 0.007778 0.000304 0.184730 0.007762 1.897010
0.766471 0.018402 0.015146 0.007816 0.000309 0.184092 0.007765 1.898777
0.766744 0.018481 0.015299 0.007853 0.000305 0.183552 0.007766 1.900661
0.767067 0.018668 0.015436 0.007868 0.000304 0.182889 0.007767 1.902467
0.767340 0.018834 0.015560 0.007996 0.000304 0.182195 0.007771 1.904336
0.767642 0.019011 0.015609 0.008087 0.000311 0.181566 0.007774 1.906171
0.767970 0.019104 0.015706 0.008145 0.000312 0.180985 0.007777 1.908041
0.768225 0.019271 0.015796 0.008193 0.000314 0.180420 0.007780 1.909909
0.768509 0.019372 0.015953 0.008253 0.000314 0.179817 0.007783 1.911830
0.768747 0.019555 0.016037 0.008299 0.000308 0.179268 0.007787 1.913687
0.768982 0.019635 0.016196 0.008386 0.000306 0.178706 0.007790 1.915635
0.769166 0.019783 0.016311 0.008457 0.000307 0.178183 0.007793 1.917584
0.769306 0.019914 0.016437 0.008537 0.000305 0.177707 0.007795 1.919541
0.769446 0.020004 0.016570 0.008604 0.000308 0.177273 0.007797 1.921542
0.769484 0.020101 0.016767 0.008644 0.000304 0.176904 0.007798 1.923557
0.769534 0.020267 0.016872 0.008679 0.000308 0.176540 0.007800 1.925536
0.769483 0.020441 0.016984 0.008723 0.000306 0.176262 0.007803 1.927587
0.769505 0.020613 0.017047 0.008774 0.000308 0.175946 0.007808 1.929579
0.769574 0.020730 0.017156 0.008887 0.000307 0.175536 0.007811 1.931636
0.769529 0.020918 0.017285 0.008898 0.000314 0.175243 0.007814 1.933694
0.769480 0.021074 0.017416 0.008969 0.000322 0.174922 0.007816 1.935751
0.769397 0.021295 0.017543 0.008982 0.000327 0.174636 0.007819 1.937784
0.769302 0.021386 0.017694 0.009106 0.000333 0.174358 0.007822 1.939922
0.769209 0.021562 0.017827 0.009145 0.000338 0.174095 0.007825 1.942031
0.769115 0.021753 0.017952 0.009204 0.000331 0.173817 0.007829 1.944111
0.769121 0.021781 0.018087 0.009237 0.000331 0.173613 0.007831 1.946252
0.768989 0.021940 0.018226 0.009274 0.000332 0.173404 0.007836 1.948411
0.768809 0.022084 0.018374 0.009351 0.000336 0.173208 0.007839 1.950566
0.768609 0.022206 0.018480 0.009437 0.000347 0.173077 0.007842 1.952775
0.768529 0.022305 0.018612 0.009466 0.000358 0.172888 0.007844 1.954940
0.768370 0.022455 0.018711 0.009561 0.000357 0.172698 0.007848 1.957115
0.768242 0.022558 0.018760 0.009683 0.000365 0.172544 0.007849 1.959337
0.768037 0.022673 0.018916 0.009756 0.000369 0.172397 0.007852 1.961562
0.767819 0.022795 0.018978 0.009831 0.000371 0.172351 0.007856 1.963769
0.767609 0.022900 0.019169 0.009897 0.000375 0.172190 0.007859 1.966055
0.767423 0.023039 0.019278 0.009922 0.000382 0.172095 0.007862 1.968316
0.767077 0.023196 0.019429 0.009971 0.000381 0.172079 0.007868 1.970599
0.766845 0.023336 0.019559 0.010039 0.000381 0.171969 0.007870 1.972894
0.766564 0.023470 0.019682 0.010080 0.000383 0.171949 0.007873 1.975210
0.766321 0.023585 0.019757 0.010138 0.000388 0.171933 0.007878 1.977516
0.766005 0.023663 0.019899 0.010215 0.000381 0.171951 0.007885 1.979854
0.765719 0.023692 0.020069 0.010311 0.000387 0.171932 0.007889 1.982253
0.765435 0.023723 0.020190 0.010375 0.000385 0.171998 0.007895 1.984656
0.765094 0.023908 0.020278 0.010428 0.000392 0.172002 0.007898 1.986972
0.764802 0.024027 0.020378 0.010448 0.000392 0.172052 0.007902 1.989306
0.764369 0.024207 0.020469 0.010493 0.000390 0.172168 0.007906 1.991653
0.764018 0.024299 0.020580 0.010542 0.000389 0.172263 0.007911 1.994034
0.763686 0.024425 0.020666 0.010542 0.000400 0.172369 0.007913 1.996407
0.763268 0.024582 0.020787 0.010560 0.000400 0.172486 0.007918 1.998797
0.763007 0.024615 0.020901 0.010604 0.000400 0.172554 0.007920 2.001195
0.762597 0.024730 0.021039 0.010694 0.000404 0.172615 0.007924 2.003659
0.762149 0.024811 0.021211 0.010795 0.000403 0.172705 0.007927 2.006139
0.761725 0.024907 0.021294 0.010831 0.000402 0.172906 0.007934 2.008603
0.761340 0.025031 0.021367 0.010878 0.000404 0.173044 0.007937 2.011044
0.760972 0.025145 0.021456 0.010902 0.000410 0.173176 0.007940 2.013490
0.760683 0.025180 0.021496 0.010990 0.000409 0.173298 0.007945 2.015946
0.760319 0.025262 0.021547 0.011040 0.000415 0.173471 0.007948 2.018397
0.759957 0.025352 0.021671 0.011095 0.000412 0.173564 0.007950 2.020853
0.759532 0.025503 0.021719 0.011142 0.000420 0.173730 0.007953 2.023310
0.759125 0.025496 0.021860 0.011205 0.000423 0.173933 0.007959 2.025843
0.758801 0.025538 0.021909 0.011215 0.000423 0.174151 0.007964 2.028345
0.758319 0.025641 0.021889 0.011271 0.000426 0.174486 0.007969 2.030853
0.757952 0.025642 0.021947 0.011355 0.000429 0.174701 0.007973 2.033368
0.757539 0.025741 0.021982 0.011413 0.000422 0.174928 0.007976 2.035892
0.757162 0.025769 0.022091 0.011481 0.000427 0.175091 0.007979 2.038446
0.756829 0.025770 0.022165 0.011554 0.000427 0.175272 0.007984 2.040991
0.756483 0.025745 0.022218 0.011536 0.000431 0.175598 0.007989 2.043505
0.756082 0.025824 0.022246 0.011589 0.000438 0.175827 0.007993 2.046009
0.755692 0.025925 0.022296 0.011623 0.000445 0.176024 0.007995 2.048485
0.755400 0.025919 0.022406 0.011654 0.000446 0.176173 0.008001 2.051016
0.754996 0.025948 0.022464 0.011704 0.000448 0.176435 0.008006 2.053595
0.754714 0.025870 0.022537 0.011728 0.000457 0.176685 0.008010 2.056154
0.754358 0.025956 0.022583 0.011703 0.000461 0.176926 0.008013 2.058613
0.754076 0.026001 0.022660 0.011724 0.000459 0.177064 0.008017 2.061105
0.753774 0.026010 0.022704 0.011754 0.000450 0.177286 0.008022 2.063617
0.753474 0.026045 0.022764 0.011779 0.000458 0.177457 0.008025 2.066172
0.753183 0.026018 0.022741 0.011815 0.000463 0.177753 0.008029 2.068703
0.752831 0.026073 0.022693 0.011813 0.000465 0.178092 0.008034 2.071161
0.752504 0.026103 0.022798 0.011813 0.000467 0.178277 0.008039 2.073679
0.752178 0.026079 0.022894 0.011846 0.000472 0.178485 0.008046 2.076262
0.751882 0.026098 0.022928 0.011830 0.000477 0.178734 0.008052 2.078791
0.751504 0.026122 0.022966 0.011837 0.000477 0.179039 0.008056 2.081337
0.751214 0.026134 0.023052 0.011822 0.000475 0.179242 0.008062 2.083883
0.750835 0.026111 0.023153 0.011870 0.000479 0.179485 0.008067 2.086489
0.750508 0.026140 0.023154 0.011885 0.000488 0.179754 0.008071 2.089069
0.750358 0.026050 0.023179 0.011879 0.000486 0.179973 0.008076 2.091626
0.750115 0.026027 0.023161 0.011887 0.000486 0.180242 0.008082 2.094155
0.749784 0.026080 0.023157 0.011906 0.000487 0.180500 0.008086 2.096672
0.749485 0.026047 0.023209 0.011925 0.000490 0.180755 0.008089 2.099248
0.749261 0.025986 0.023244 0.011964 0.000490 0.180957 0.008097 2.101822
0.748981 0.026031 0.023264 0.011950 0.000486 0.181187 0.008101 2.104346
0.748654 0.025936 0.023366 0.011955 0.000485 0.181496 0.008109 2.106971
0.748367 0.025875 0.023387 0.011958 0.000491 0.181806 0.008115 2.109582
0.748079 0.025913 0.023356 0.011961 0.000492 0.182082 0.008117 2.112091
0.747887 0.025867 0.023408 0.011978 0.000495 0.182242 0.008123 2.114609
0.747641 0.025792 0.023409 0.011996 0.000492 0.182538 0.008133 2.117175
0.747360 0.025775 0.023415 0.012000 0.000498 0.182816 0.008137 2.119723
0.747278 0.025653 0.023421 0.011992 0.000498 0.183015 0.008144 2.122242
0.747119 0.025546 0.023464 0.011993 0.000498 0.183232 0.008148 2.124795
0.746942 0.025514 0.023416 0.011980 0.000493 0.183503 0.008152 2.127256
0.746729 0.025466 0.023411 0.011964 0.000495 0.183779 0.008157 2.129774
0.746571 0.025497 0.023300 0.011972 0.000495 0.184004 0.008162 2.132235
0.746384 0.025472 0.023246 0.012009 0.000496 0.184228 0.008165 2.134703
0.746176 0.025461 0.023259 0.012016 0.000493 0.184422 0.008174 2.137206
0.745935 0.025447 0.023278 0.011987 0.000497 0.184678 0.008179 2.139706
0.745880 0.025368 0.023236 0.011984 0.000495 0.184855 0.008183 2.142184
0.745799 0.025253 0.023197 0.012010 0.000494 0.185058 0.008189 2.144695
0.745739 0.025135 0.023260 0.012032 0.000495 0.185144 0.008195 2.147208
0.745688 0.025004 0.023289 0.012057 0.000497 0.185268 0.008197 2.149728
0.745583 0.024930 0.023275 0.012039 0.000501 0.185472 0.008201 2.152214
0.745470 0.024846 0.023205 0.012053 0.000497 0.185725 0.008206 2.154705
0.745398 0.024745 0.023199 0.012033 0.000494 0.185920 0.008211 2.157161
0.745348 0.024638 0.023161 0.012004 0.000496 0.186137 0.008216 2.159644
0.745258 0.024653 0.023094 0.012010 0.000493 0.186271 0.008222 2.162057
0.745186 0.024606 0.023034 0.011976 0.000493 0.186476 0.008229 2.164474
0.745168 0.024519 0.022991 0.011918 0.000487 0.186683 0.008233 2.166890
0.745125 0.024563 0.022969 0.011911 0.000489 0.186707 0.008238 2.169246
0.745014 0.024631 0.022953 0.011878 0.000483 0.186800 0.008240 2.171634
0.744942 0.024534 0.022947 0.011850 0.000487 0.186997 0.008244 2.174151
0.744931 0.024489 0.022922 0.011817 0.000477 0.187116 0.008249 2.176562
0.744874 0.024511 0.022935 0.011836 0.000473 0.187119 0.008253 2.178982
0.744742 0.024465 0.022891 0.011852 0.000473 0.187321 0.008256 2.181425
0.744779 0.024442 0.022839 0.011833 0.000473 0.187372 0.008262 2.183809
0.744730 0.024410 0.022842 0.011776 0.000469 0.187508 0.008265 2.186229
0.744708 0.024417 0.022748 0.011755 0.000473 0.187629 0.008269 2.188613
0.744699 0.024342 0.022704 0.011740 0.000472 0.187770 0.008273 2.191027
0.744670 0.024397 0.022620 0.011729 0.000477 0.187829 0.008276 2.193366
0.744604 0.024395 0.022569 0.011714 0.000482 0.187949 0.008286 2.195740
0.744609 0.024328 0.022450 0.011715 0.000479 0.188126 0.008291 2.198104
0.744651 0.024319 0.022384 0.011644 0.000486 0.188221 0.008296 2.200453
0.744622 0.024304 0.022358 0.011588 0.000484 0.188345 0.008301 2.202816
0.744615 0.024282 0.022406 0.011548 0.000483 0.188361 0.008307 2.205208
0.744595 0.024336 0.022373 0.011514 0.000479 0.188393 0.008309 2.207533
0.744648 0.024228 0.022373 0.011530 0.000478 0.188429 0.008314 2.209981
0.744677 0.024208 0.022307 0.011507 0.000481 0.188500 0.008320 2.212318
0.744774 0.024180 0.022274 0.011473 0.000487 0.188490 0.008323 2.214674
0.744839 0.024186 0.022221 0.011404 0.000494 0.188527 0.008330 2.216966
0.744846 0.024055 0.022262 0.011403 0.000491 0.188607 0.008336 2.219402
0.744807 0.024043 0.022199 0.011405 0.000488 0.188716 0.008341 2.221743
0.744850 0.024005 0.022167 0.011423 0.000489 0.188720 0.008346 2.224099
0.744936 0.023932 0.022142 0.011399 0.000484 0.188754 0.008353 2.226448
0.744912 0.023991 0.022075 0.011368 0.000483 0.188813 0.008358 2.228747
0.744960 0.023856 0.022110 0.011358 0.000480 0.188876 0.008360 2.231153
0.744977 0.023824 0.022100 0.011314 0.000484 0.188934 0.008365 2.233495
0.745039 0.023827 0.022118 0.011241 0.000477 0.188925 0.008373 2.235814
0.745137 0.023803 0.022043 0.011203 0.000474 0.188960 0.008379 2.238120
0.745277 0.023853 0.021926 0.011193 0.000471 0.188897 0.008384 2.240384
0.745425 0.023677 0.021915 0.011211 0.000471 0.188910 0.008390 2.242776
0.745530 0.023672 0.021821 0.011194 0.000472 0.188921 0.008392 2.245062
0.745580 0.023603 0.021897 0.011195 0.000472 0.188854 0.008397 2.247454
0.745646 0.023629 0.021824 0.011173 0.000476 0.188850 0.008402 2.249744
0.745759 0.023582 0.021794 0.011157 0.000483 0.188818 0.008406 2.252082
0.745846 0.023548 0.021745 0.011137 0.000475 0.188836 0.008413 2.254387
0.745889 0.023543 0.021675 0.011132 0.000473 0.188868 0.008419 2.256676
0.746024 0.023465 0.021644 0.011144 0.000469 0.188832 0.008422 2.258998
0.746174 0.023404 0.021605 0.011128 0.000470 0.188792 0.008427 2.261310
0.746226 0.023436 0.021607 0.011060 0.000474 0.188765 0.008431 2.263589
0.746370 0.023319 0.021585 0.011039 0.000479 0.188775 0.008434 2.265912
0.746515 0.023254 0.021560 0.011025 0.000477 0.188728 0.008441 2.268203
0.746695 0.023121 0.021501 0.011030 0.000487 0.188723 0.008444 2.270514
0.746843 0.023022 0.021514 0.011030 0.000481 0.188660 0.008449 2.272829
0.746972 0.022965 0.021506 0.011002 0.000481 0.188616 0.008458 2.275109
0.747070 0.022916 0.021464 0.010949 0.000478 0.188660 0.008462 2.277377
0.747273 0.022812 0.021462 0.010902 0.000477 0.188604 0.008469 2.279662
0.747428 0.022740 0.021500 0.010913 0.000477 0.188469 0.008474 2.281933
0.747576 0.022728 0.021456 0.010920 0.000471 0.188369 0.008479 2.284199
0.747645 0.022736 0.021395 0.010918 0.000465 0.188356 0.008483 2.286411
0.747695 0.022753 0.021333 0.010889 0.000464 0.188377 0.008489 2.288638
0.747783 0.022726 0.021322 0.010852 0.000464 0.188358 0.008496 2.290910
0.747946 0.022756 0.021215 0.010858 0.000460 0.188260 0.008505 2.293079
0.748146 0.022696 0.021111 0.010819 0.000461 0.188257 0.008509 2.295289
0.748247 0.022629 0.021126 0.010821 0.000460 0.188201 0.008516 2.297577
0.748399 0.022614 0.021091 0.010824 0.000458 0.188096 0.008520 2.299800
0.748480 0.022619 0.021035 0.010813 0.000460 0.188069 0.008524 2.302018
0.748589 0.022674 0.020975 0.010804 0.000453 0.187975 0.008530 2.304214
0.748679 0.022639 0.020986 0.010831 0.000453 0.187877 0.008533 2.306481
0.748896 0.022583 0.020957 0.010779 0.000459 0.187787 0.008537 2.308694
0.749098 0.022545 0.020928 0.010745 0.000459 0.187679 0.008545 2.310887
0.749266 0.022469 0.020966 0.010691 0.000457 0.187601 0.008551 2.313134
0.749443 0.022424 0.020935 0.010620 0.000454 0.187568 0.008556 2.315334
0.749553 0.022468 0.020871 0.010586 0.000453 0.187509 0.008560 2.317497
0.749706 0.022552 0.020778 0.010572 0.000448 0.187378 0.008568 2.319632
0.749852 0.022553 0.020774 0.010572 0.000446 0.187232 0.008571 2.321837
0.749866 0.022586 0.020713 0.010572 0.000446 0.187243 0.008575 2.324028
0.750031 0.022613 0.020666 0.010529 0.000445 0.187139 0.008578 2.326195
0.750217 0.022613 0.020600 0.010549 0.000448 0.186990 0.008583 2.328401
0.750403 0.022527 0.020599 0.010577 0.000449 0.186857 0.008588 2.330632
0.750566 0.022548 0.020581 0.010540 0.000451 0.186719 0.008594 2.332799
0.750709 0.022556 0.020552 0.010474 0.000451 0.186660 0.008597 2.334978
0.750792 0.022551 0.020579 0.010487 0.000451 0.186539 0.008601 2.337229
0.750870 0.022546 0.020567 0.010499 0.000452 0.186457 0.008608 2.339442
0.750894 0.022606 0.020568 0.010486 0.000450 0.186383 0.008613 2.341665
0.751033 0.022549 0.020596 0.010427 0.000446 0.186333 0.008618 2.343857
0.751200 0.022537 0.020532 0.010435 0.000447 0.186227 0.008622 2.346051
0.751339 0.022535 0.020506 0.010438 0.000440 0.186113 0.008629 2.348239
0.751395 0.022528 0.020468 0.010426 0.000440 0.186112 0.008631 2.350466
0.751555 0.022501 0.020422 0.010450 0.000439 0.185995 0.008637 2.352661
0.751683 0.022501 0.020382 0.010445 0.000445 0.185902 0.008642 2.354845
0.751951 0.022406 0.020359 0.010456 0.000440 0.185739 0.008649 2.357027
0.752098 0.022418 0.020361 0.010431 0.000434 0.185605 0.008653 2.359183
0.752239 0.022489 0.020303 0.010409 0.000440 0.185467 0.008655 2.361326
0.752430 0.022507 0.020366 0.010412 0.000436 0.185189 0.008660 2.363526
0.752540 0.022511 0.020365 0.010395 0.000435 0.185090 0.008664 2.365699
0.752583 0.022501 0.020352 0.010415 0.000434 0.185046 0.008670 2.367910
0.752717 0.022510 0.020315 0.010410 0.000421 0.184948 0.008678 2.370090
0.752808 0.022498 0.020333 0.010403 0.000428 0.184850 0.008681 2.372299
0.752839 0.022508 0.020338 0.010402 0.000431 0.184797 0.008685 2.374481
0.752967 0.022514 0.020336 0.010395 0.000425 0.184672 0.008691 2.376686
0.753130 0.022447 0.020402 0.010361 0.000433 0.184533 0.008694 2.378887
0.753186 0.022417 0.020437 0.010382 0.000433 0.184447 0.008698 2.381124
0.753266 0.022455 0.020441 0.010358 0.000432 0.184347 0.008702 2.383283
0.753388 0.022385 0.020467 0.010340 0.000432 0.184282 0.008706 2.385480
0.753566 0.022307 0.020408 0.010305 0.000430 0.184276 0.008710 2.387673
0.753668 0.022259 0.020445 0.010332 0.000430 0.184151 0.008716 2.389930
0.753859 0.022171 0.020438 0.010317 0.000427 0.184070 0.008720 2.392118
0.754003 0.022150 0.020409 0.010307 0.000425 0.183986 0.008722 2.394289
0.754184 0.022111 0.020339 0.010294 0.000426 0.183920 0.008727 2.396450
0.754343 0.022071 0.020353 0.010315 0.000426 0.183762 0.008730 2.398635
0.754417 0.022048 0.020318 0.010362 0.000425 0.183698 0.008731 2.400792
0.754551 0.022036 0.020339 0.010325 0.000425 0.183590 0.008735 2.402964
0.754713 0.022089 0.020233 0.010330 0.000425 0.183471 0.008738 2.405076
0.754784 0.022173 0.020151 0.010338 0.000428 0.183384 0.008743 2.407222
0.754852 0.022299 0.020091 0.010311 0.000433 0.183266 0.008747 2.409337
0.754955 0.022383 0.020037 0.010281 0.000437 0.183157 0.008750 2.411431
0.755117 0.022343 0.020052 0.010249 0.000432 0.183051 0.008755 2.413641
0.755303 0.022304 0.020050 0.010258 0.000435 0.182888 0.008762 2.415832
0.755378 0.022313 0.020096 0.010285 0.000438 0.182724 0.008766 2.418023
0.755424 0.022336 0.020152 0.010278 0.000432 0.182606 0.008771 2.420246
0.755445 0.022446 0.020124 0.010290 0.000431 0.182488 0.008776 2.422374
0.755557 0.022426 0.020158 0.010320 0.000437 0.182322 0.008780 2.424607
0.755703 0.022368 0.020195 0.010313 0.000438 0.182199 0.008785 2.426837
0.755771 0.022380 0.020190 0.010323 0.000443 0.182104 0.008789 2.428990
0.755881 0.022399 0.020222 0.010298 0.000443 0.181964 0.008792 2.431168
0.755909 0.022372 0.020287 0.010344 0.000441 0.181849 0.008798 2.433399
0.755981 0.022433 0.020261 0.010325 0.000439 0.181758 0.008802 2.435544
0.756076 0.022341 0.020265 0.010326 0.000438 0.181747 0.008806 2.437792
0.756174 0.022368 0.020169 0.010380 0.000441 0.181660 0.008808 2.439941
0.756263 0.022358 0.020143 0.010354 0.000441 0.181629 0.008812 2.442114
0.756287 0.022379 0.020175 0.010365 0.000439 0.181539 0.008816 2.444290
0.756246 0.022387 0.020211 0.010424 0.000435 0.181477 0.008821 2.446525
0.756434 0.022371 0.020169 0.010422 0.000436 0.181342 0.008825 2.448705
0.756574 0.022389 0.020118 0.010386 0.000426 0.181274 0.008832 2.450830
0.756546 0.022427 0.020116 0.010383 0.000424 0.181269 0.008835 2.453024
0.756529 0.022507 0.020137 0.010359 0.000421 0.181208 0.008838 2.455213
0.756630 0.022488 0.020171 0.010393 0.000419 0.181059 0.008841 2.457464
0.756718 0.022415 0.020248 0.010398 0.000414 0.180962 0.008845 2.459714
0.756729 0.022464 0.020308 0.010382 0.000416 0.180852 0.008850 2.461964
0.756802 0.022473 0.020289 0.010351 0.000422 0.180811 0.008854 2.464154
0.756865 0.022470 0.020258 0.010361 0.000422 0.180769 0.008857 2.466359
0.757012 0.022438 0.020263 0.010366 0.000427 0.180633 0.008861 2.468563
0.757068 0.022417 0.020251 0.010402 0.000428 0.180570 0.008864 2.470795
0.757123 0.022443 0.020262 0.010377 0.000439 0.180487 0.008868 2.472952
0.757214 0.022369 0.020278 0.010433 0.000442 0.180393 0.008873 2.475192
0.757227 0.022435 0.020208 0.010424 0.000441 0.180387 0.008879 2.477363
0.757261 0.022442 0.020240 0.010441 0.000443 0.180291 0.008883 2.479595
0.757368 0.022445 0.020216 0.010428 0.000446 0.180210 0.008887 2.481740
0.757351 0.022506 0.020172 0.010421 0.000447 0.180211 0.008892 2.483896
0.757380 0.022441 0.020219 0.010414 0.000444 0.180203 0.008900 2.486168
0.757407 0.022461 0.020166 0.010453 0.000449 0.180161 0.008904 2.488346
0.757393 0.022457 0.020235 0.010465 0.000451 0.180092 0.008908 2.490569
0.757382 0.022473 0.020243 0.010435 0.000453 0.180100 0.008914 2.492793
0.757481 0.022460 0.020237 0.010453 0.000455 0.179995 0.008920 2.494973
0.757542 0.022493 0.020251 0.010489 0.000450 0.179847 0.008928 2.497191
0.757587 0.022534 0.020262 0.010490 0.000446 0.179747 0.008934 2.499392
0.757659 0.022500 0.020277 0.010541 0.000446 0.179640 0.008937 2.501657
0.757611 0.022523 0.020336 0.010543 0.000450 0.179599 0.008939 2.503896
0.757617 0.022572 0.020308 0.010529 0.000452 0.179578 0.008943 2.506090
0.757624 0.022592 0.020316 0.010510 0.000445 0.179565 0.008948 2.508279
0.757661 0.022591 0.020363 0.010520 0.000446 0.179466 0.008953 2.510523
0.757754 0.022600 0.020372 0.010522 0.000446 0.179349 0.008957 2.512716
0.757765 0.022601 0.020415 0.010557 0.000441 0.179259 0.008963 2.514927
0.757817 0.022604 0.020428 0.010579 0.000433 0.179172 0.008968 2.517162
0.757901 0.022606 0.020419 0.010576 0.000432 0.179092 0.008972 2.519338
0.757918 0.022600 0.020420 0.010593 0.000433 0.179058 0.008977 2.521568
0.757897 0.022611 0.020406 0.010592 0.000440 0.179072 0.008982 2.523807
0.757810 0.022673 0.020406 0.010544 0.000442 0.179140 0.008985 2.526013
0.757856 0.022649 0.020414 0.010573 0.000440 0.179081 0.008987 2.528270
0.757855 0.022644 0.020508 0.010575 0.000432 0.178992 0.008994 2.530514
0.757938 0.022617 0.020503 0.010529 0.000433 0.178979 0.009000 2.532721
0.758064 0.022585 0.020516 0.010525 0.000430 0.178878 0.009003 2.534943
0.758083 0.022618 0.020542 0.010493 0.000431 0.178825 0.009008 2.537135
0.758002 0.022660 0.020479 0.010471 0.000431 0.178944 0.009012 2.539361
0.757980 0.022682 0.020520 0.010453 0.000430 0.178920 0.009015 2.541563
0.757940 0.022784 0.020436 0.010414 0.000425 0.178980 0.009021 2.543711
0.758013 0.022682 0.020498 0.010473 0.000431 0.178881 0.009023 2.546021
0.758053 0.022666 0.020422 0.010485 0.000432 0.178916 0.009028 2.548204
0.758049 0.022651 0.020418 0.010503 0.000432 0.178914 0.009033 2.550422
0.757982 0.022651 0.020454 0.010487 0.000436 0.178953 0.009037 2.552665
0.758013 0.022718 0.020398 0.010457 0.000440 0.178932 0.009042 2.554818
0.758066 0.022682 0.020431 0.010477 0.000438 0.178859 0.009047 2.557053
0.758133 0.022601 0.020492 0.010536 0.000439 0.178746 0.009053 2.559320
0.758147 0.022623 0.020495 0.010510 0.000445 0.178724 0.009058 2.561517
0.758226 0.022624 0.020444 0.010547 0.000442 0.178652 0.009064 2.563724
0.758266 0.022664 0.020459 0.010517 0.000439 0.178587 0.009067 2.565919
0.758284 0.022621 0.020497 0.010523 0.000435 0.178569 0.009073 2.568173
0.758265 0.022588 0.020522 0.010516 0.000443 0.178590 0.009076 2.570418
0.758191 0.022659 0.020476 0.010571 0.000444 0.178581 0.009078 2.572645
0.758094 0.022584 0.020577 0.010642 0.000437 0.178582 0.009084 2.574996
0.758072 0.022658 0.020620 0.010636 0.000439 0.178488 0.009088 2.577201
0.758044 0.022631 0.020628 0.010626 0.000443 0.178538 0.009088 2.579454
0.758050 0.022615 0.020667 0.010620 0.000449 0.178503 0.009096 2.581658
0.758058 0.022674 0.020698 0.010611 0.000449 0.178409 0.009102 2.583849
0.757916 0.022735 0.020702 0.010632 0.000452 0.178456 0.009107 2.586081
0.757937 0.022741 0.020676 0.010613 0.000446 0.178475 0.009112 2.588297
0.757860 0.022800 0.020653 0.010624 0.000448 0.178500 0.009117 2.590517
0.757875 0.022871 0.020557 0.010613 0.000446 0.178518 0.009120 2.592700
0.757895 0.022827 0.020591 0.010630 0.000443 0.178489 0.009125 2.594943
0.757920 0.022821 0.020630 0.010645 0.000448 0.178406 0.009130 2.597201
0.757848 0.022811 0.020586 0.010631 0.000457 0.178533 0.009133 2.599441
0.757797 0.022807 0.020627 0.010596 0.000461 0.178574 0.009138 2.601668
0.757881 0.022781 0.020592 0.010570 0.000457 0.178576 0.009144 2.603863
0.757829 0.022834 0.020587 0.010575 0.000460 0.178569 0.009147 2.606072
0.757757 0.022883 0.020594 0.010591 0.000466 0.178558 0.009152 2.608345
0.757666 0.022939 0.020644 0.010596 0.000469 0.178530 0.009157 2.610601
0.757696 0.022893 0.020672 0.010611 0.000466 0.178500 0.009161 2.612859
0.757689 0.022925 0.020678 0.010586 0.000462 0.178493 0.009166 2.615089
0.757621 0.022906 0.020761 0.010619 0.000462 0.178459 0.009172 2.617397
0.757591 0.022921 0.020753 0.010642 0.000459 0.178454 0.009180 2.619674
0.757598 0.022913 0.020762 0.010639 0.000463 0.178441 0.009183 2.621932
0.757574 0.022929 0.020743 0.010648 0.000460 0.178459 0.009186 2.624157
0.757572 0.022897 0.020732 0.010638 0.000453 0.178517 0.009192 2.626419
0.757464 0.022895 0.020707 0.010679 0.000455 0.178604 0.009196 2.628689
0.757481 0.022926 0.020676 0.010674 0.000458 0.178583 0.009203 2.630924
0.757546 0.022927 0.020633 0.010644 0.000459 0.178584 0.009207 2.633127
0.757615 0.022942 0.020636 0.010641 0.000453 0.178500 0.009214 2.635351
0.757616 0.022924 0.020687 0.010669 0.000451 0.178434 0.009220 2.637613
0.757538 0.022952 0.020707 0.010661 0.000449 0.178470 0.009225 2.639885
0.757538 0.022896 0.020706 0.010701 0.000439 0.178488 0.009232 2.642179
0.757396 0.022952 0.020731 0.010739 0.000437 0.178511 0.009234 2.644450
0.757346 0.022886 0.020794 0.010722 0.000438 0.178574 0.009239 2.646773
0.757288 0.022920 0.020807 0.010709 0.000436 0.178598 0.009243 2.649028
0.757251 0.022997 0.020813 0.010718 0.000439 0.178535 0.009246 2.651246
0.757275 0.022965 0.020835 0.010741 0.000442 0.178493 0.009251 2.653493
0.757293 0.022965 0.020830 0.010757 0.000440 0.178459 0.009256 2.655731
0.757231 0.023033 0.020801 0.010726 0.000443 0.178505 0.009260 2.657964
0.757261 0.023040 0.020804 0.010773 0.000449 0.178407 0.009266 2.660214
0.757317 0.023018 0.020798 0.010762 0.000453 0.178383 0.009270 2.662455
0.757222 0.023085 0.020803 0.010720 0.000457 0.178436 0.009276 2.664676
0.757235 0.023064 0.020786 0.010762 0.000451 0.178422 0.009281 2.666946
0.757160 0.023153 0.020808 0.010756 0.000452 0.178384 0.009286 2.669185
0.757081 0.023181 0.020835 0.010785 0.000453 0.178374 0.009292 2.671470
0.757045 0.023116 0.020902 0.010812 0.000455 0.178374 0.009297 2.673766
0.757064 0.023102 0.020858 0.010824 0.000464 0.178388 0.009300 2.676049
0.757040 0.023120 0.020842 0.010811 0.000461 0.178421 0.009304 2.678319
0.757005 0.023069 0.020877 0.010833 0.000466 0.178444 0.009307 2.680608
0.756907 0.023098 0.020884 0.010776 0.000464 0.178559 0.009311 2.682865
0.756866 0.023087 0.020890 0.010792 0.000465 0.178581 0.009320 2.685145
0.756769 0.023093 0.020848 0.010777 0.000465 0.178724 0.009324 2.687430
0.756823 0.023068 0.020841 0.010758 0.000470 0.178714 0.009327 2.689643
0.756763 0.023120 0.020890 0.010768 0.000468 0.178662 0.009330 2.691913
0.756687 0.023118 0.020897 0.010785 0.000464 0.178715 0.009335 2.694175
0.756618 0.023146 0.020879 0.010744 0.000467 0.178805 0.009341 2.696449
0.756612 0.023072 0.020931 0.010788 0.000457 0.178794 0.009347 2.698780
0.756571 0.023111 0.020854 0.010811 0.000450 0.178852 0.009352 2.701025
0.756494 0.023156 0.020888 0.010823 0.000451 0.178830 0.009359 2.703276
0.756419 0.023237 0.020861 0.010797 0.000453 0.178870 0.009363 2.705526
0.756422 0.023196 0.020874 0.010757 0.000456 0.178928 0.009367 2.707814
0.756398 0.023235 0.020831 0.010748 0.000456 0.178964 0.009370 2.710050
0.756365 0.023230 0.020844 0.010709 0.000459 0.179021 0.009373 2.712320
0.756366 0.023174 0.020898 0.010691 0.000458 0.179034 0.009378 2.714610
0.756353 0.023164 0.020899 0.010721 0.000448 0.179033 0.009383 2.716892
0.756392 0.023092 0.020936 0.010735 0.000444 0.179011 0.009390 2.719196
0.756349 0.023054 0.020998 0.010747 0.000444 0.179013 0.009395 2.721526
0.756276 0.023098 0.021015 0.010743 0.000443 0.179028 0.009397 2.723800
0.756266 0.023095 0.021021 0.010759 0.000443 0.179011 0.009406 2.726096
0.756297 0.023118 0.020997 0.010733 0.000446 0.179002 0.009408 2.728337
0.756236 0.023164 0.020974 0.010734 0.000451 0.179028 0.009413 2.730588
0.756160 0.023203 0.020982 0.010759 0.000442 0.179038 0.009417 2.732854
0.756162 0.023153 0.021033 0.010762 0.000446 0.179026 0.009419 2.735170
0.756003 0.023187 0.021066 0.010735 0.000450 0.179136 0.009423 2.737460
0.755837 0.023213 0.021123 0.010767 0.000454 0.179178 0.009428 2.739796
0.755853 0.023210 0.021094 0.010736 0.000448 0.179225 0.009432 2.742087
0.755783 0.023181 0.021107 0.010731 0.000455 0.179306 0.009437 2.744413
0.755707 0.023204 0.021157 0.010752 0.000462 0.179279 0.009439 2.746729
0.755697 0.023098 0.021168 0.010775 0.000462 0.179356 0.009444 2.749058
0.755724 0.023057 0.021165 0.010780 0.000465 0.179360 0.009450 2.751349
0.755672 0.023049 0.021111 0.010833 0.000470 0.179413 0.009453 2.753615
0.755682 0.023045 0.021066 0.010811 0.000473 0.179468 0.009457 2.755867
0.755601 0.023122 0.021042 0.010813 0.000473 0.179488 0.009462 2.758112
0.755597 0.023126 0.021071 0.010773 0.000473 0.179496 0.009466 2.760384
0.755616 0.023086 0.021118 0.010765 0.000472 0.179473 0.009471 2.762677
0.755456 0.023143 0.021166 0.010738 0.000468 0.179554 0.009474 2.764970
0.755372 0.023239 0.021101 0.010709 0.000467 0.179636 0.009476 2.767176
0.755323 0.023293 0.021107 0.010695 0.000462 0.179637 0.009483 2.769424
0.755330 0.023279 0.021053 0.010723 0.000465 0.179664 0.009487 2.771695
0.755323 0.023258 0.021084 0.010731 0.000463 0.179647 0.009492 2.773987
0.755277 0.023250 0.021056 0.010736 0.000462 0.179725 0.009494 2.776256
0.755250 0.023202 0.021092 0.010784 0.000461 0.179712 0.009500 2.778559
0.755286 0.023119 0.021087 0.010766 0.000470 0.179772 0.009501 2.780893
0.755252 0.023097 0.021103 0.010756 0.000463 0.179824 0.009506 2.783168
0.755235 0.023126 0.021064 0.010745 0.000456 0.179862 0.009511 2.785422
0.755170 0.023123 0.021053 0.010714 0.000450 0.179974 0.009516 2.787664
0.755197 0.023128 0.021051 0.010683 0.000461 0.179960 0.009520 2.789924
