0.999826 0.000128 0.000031 0.000014 0.000000 0.000001 0.000000
0.999764 0.000165 0.000020 0.000006 0.000000 0.000044 0.000000
0.999540 0.000384 0.000037 0.000012 0.000000 0.000028 0.000000
0.999072 0.000809 0.000069 0.000021 0.000000 0.000028 0.000000
0.998528 0.001253 0.000121 0.000054 0.000000 0.000043 0.000000
0.997726 0.001894 0.000245 0.000079 0.000000 0.000057 0.000000
0.996025 0.003276 0.000451 0.000167 0.000001 0.000081 0.000000
0.993853 0.005001 0.000674 0.000326 0.000000 0.000146 0.000000
0.990872 0.007217 0.001064 0.000578 0.000000 0.000269 0.000000
0.987013 0.010228 0.001527 0.000843 0.000000 0.000389 0.000000
0.982336 0.013978 0.002032 0.001104 0.000000 0.000549 0.000000
0.975480 0.019367 0.002874 0.001460 0.000001 0.000818 0.000000
0.966087 0.026509 0.004082 0.002044 0.000002 0.001276 0.000000
0.954112 0.035626 0.005616 0.002886 0.000003 0.001756 0.000000
0.939979 0.046354 0.007475 0.003864 0.000006 0.002322 0.000000
0.923851 0.058214 0.009882 0.005027 0.000009 0.003017 0.000000
0.905712 0.071315 0.012641 0.006346 0.000011 0.003974 0.000000
0.886101 0.084809 0.015861 0.008093 0.000015 0.005121 0.000000
0.864749 0.099114 0.019544 0.009984 0.000022 0.006587 0.000000
0.843199 0.113004 0.023651 0.011940 0.000023 0.008183 0.000000
0.821770 0.125960 0.028053 0.014148 0.000032 0.010037 0.000000
0.798711 0.139318 0.032819 0.016658 0.000048 0.012446 0.000000
0.777988 0.150640 0.037166 0.019123 0.000054 0.015029 0.000000
0.756072 0.161978 0.042105 0.021709 0.000063 0.018071 0.000001
0.733646 0.172766 0.047396 0.024600 0.000077 0.021514 0.000001
0.711472 0.182746 0.053054 0.027500 0.000092 0.025134 0.000002
0.688407 0.192401 0.059040 0.030616 0.000110 0.029424 0.000003
0.663866 0.201934 0.065408 0.033976 0.000129 0.034684 0.000003
0.640736 0.209869 0.071656 0.037199 0.000155 0.040383 0.000003
0.618586 0.216172 0.077950 0.040478 0.000168 0.046641 0.000004
0.596724 0.220863 0.084555 0.043947 0.000190 0.053717 0.000004
0.576425 0.223835 0.090971 0.047319 0.000204 0.061243 0.000004
0.557078 0.225715 0.097228 0.050560 0.000224 0.069192 0.000004
0.539341 0.225991 0.103111 0.053547 0.000253 0.077751 0.000005
0.523250 0.225015 0.108429 0.056464 0.000289 0.086547 0.000005
0.507757 0.222820 0.113457 0.059255 0.000336 0.096370 0.000005
0.494452 0.219956 0.117787 0.061430 0.000370 0.105999 0.000005
0.482963 0.216049 0.121489 0.063244 0.000401 0.115847 0.000007
0.472367 0.211243 0.124882 0.064988 0.000431 0.126081 0.000009
0.463469 0.206362 0.127462 0.066439 0.000457 0.135800 0.000012
0.454976 0.201458 0.129585 0.067511 0.000503 0.145954 0.000012
0.448085 0.196331 0.131336 0.068407 0.000531 0.155297 0.000013
0.441383 0.191060 0.132565 0.069043 0.000566 0.165370 0.000014
0.435255 0.185817 0.133462 0.069648 0.000604 0.175197 0.000017
0.429928 0.180685 0.134141 0.069919 0.000635 0.184672 0.000020
0.422750 0.176145 0.134986 0.070476 0.000668 0.194953 0.000021
0.416390 0.171827 0.135453 0.070712 0.000693 0.204902 0.000024
0.409197 0.167835 0.135904 0.071077 0.000722 0.215240 0.000025
0.402227 0.163239 0.136287 0.071309 0.000749 0.226164 0.000025
0.396832 0.159560 0.136007 0.071135 0.000767 0.235672 0.000027
0.390156 0.155139 0.135952 0.071212 0.000787 0.246726 0.000028
0.384810 0.151213 0.135674 0.071045 0.000811 0.256414 0.000032
0.379455 0.146904 0.135207 0.070843 0.000834 0.266723 0.000034
0.374599 0.142476 0.134514 0.070551 0.000856 0.276966 0.000038
0.369478 0.137642 0.133604 0.070156 0.000879 0.288198 0.000041
0.365768 0.133036 0.132345 0.069588 0.000915 0.298301 0.000046
0.363031 0.128932 0.131161 0.069002 0.000931 0.306894 0.000050
0.360073 0.124406 0.129572 0.068241 0.000956 0.316699 0.000053
0.356408 0.119911 0.128285 0.067584 0.000979 0.326776 0.000057
0.354330 0.115849 0.126502 0.066632 0.000999 0.335628 0.000060
0.352380 0.111680 0.124761 0.065599 0.001016 0.344501 0.000063
0.350410 0.107605 0.122777 0.064683 0.001050 0.353409 0.000067
0.348621 0.103582 0.120828 0.063626 0.001064 0.362210 0.000067
0.348577 0.099434 0.118511 0.062325 0.001060 0.370021 0.000072
0.348101 0.095271 0.116082 0.061110 0.001067 0.378291 0.000079
0.349296 0.092048 0.113792 0.059786 0.001077 0.383917 0.000084
0.348737 0.088135 0.111206 0.058518 0.001088 0.392230 0.000087
0.350094 0.085746 0.108550 0.057212 0.001089 0.397220 0.000089
0.350779 0.082989 0.106065 0.055997 0.001083 0.402992 0.000095
0.350696 0.080342 0.103607 0.054704 0.001082 0.409467 0.000101
0.351037 0.077717 0.101132 0.053505 0.001083 0.415422 0.000105
0.352098 0.075447 0.098553 0.052098 0.001080 0.420616 0.000108
0.351644 0.072889 0.096239 0.050892 0.001080 0.427143 0.000113
0.352496 0.070825 0.093986 0.049653 0.001084 0.431837 0.000118
0.353651 0.069171 0.091761 0.048597 0.001076 0.435623 0.000122
0.353819 0.066619 0.089477 0.047336 0.001086 0.441537 0.000127
0.355298 0.064630 0.086828 0.046086 0.001075 0.445953 0.000131
0.356485 0.063303 0.084996 0.045211 0.001071 0.448801 0.000133
0.358095 0.060735 0.082360 0.043927 0.001075 0.453671 0.000137
0.359590 0.059177 0.080513 0.043027 0.001077 0.456473 0.000142
0.361372 0.057735 0.078651 0.042110 0.001071 0.458915 0.000146
0.363225 0.055963 0.076423 0.040924 0.001055 0.462259 0.000152
0.365195 0.054285 0.074436 0.039806 0.001042 0.465077 0.000159
0.367096 0.052665 0.072409 0.038735 0.001027 0.467905 0.000164
0.369121 0.051263 0.070417 0.037724 0.001017 0.470293 0.000165
0.371050 0.050309 0.068898 0.036985 0.001011 0.471580 0.000167
0.373320 0.049003 0.067137 0.035912 0.001008 0.473452 0.000168
0.375568 0.047974 0.065471 0.034943 0.000999 0.474875 0.000171
0.378258 0.046993 0.063528 0.033808 0.000979 0.476258 0.000177
0.380525 0.046189 0.061975 0.032949 0.000970 0.477208 0.000184
0.382947 0.045294 0.060352 0.032058 0.000954 0.478204 0.000191
0.384973 0.044973 0.059390 0.031578 0.000926 0.477965 0.000196
0.387827 0.043876 0.057477 0.030580 0.000917 0.479121 0.000202
0.390043 0.043279 0.056276 0.029921 0.000903 0.479373 0.000205
0.392800 0.042639 0.054657 0.029154 0.000891 0.479652 0.000208
0.395050 0.042365 0.053633 0.028533 0.000883 0.479328 0.000209
0.397463 0.041900 0.052382 0.027867 0.000871 0.479305 0.000212
0.399748 0.041422 0.051339 0.027393 0.000861 0.479022 0.000215
0.402342 0.040999 0.050049 0.026641 0.000853 0.478894 0.000222
0.404332 0.040730 0.049293 0.026317 0.000845 0.478257 0.000226
0.406892 0.040488 0.048250 0.025785 0.000846 0.477510 0.000229
0.409546 0.040100 0.047180 0.025262 0.000840 0.476842 0.000230
0.411762 0.039894 0.046356 0.024834 0.000843 0.476078 0.000231
0.413779 0.039763 0.045684 0.024486 0.000833 0.475218 0.000238
0.416263 0.039623 0.044851 0.023999 0.000826 0.474198 0.000239
0.418228 0.039591 0.044231 0.023638 0.000814 0.473256 0.000242
0.420372 0.039530 0.043585 0.023285 0.000798 0.472183 0.000248
0.422110 0.039489 0.043120 0.023003 0.000793 0.471235 0.000251
0.424712 0.039462 0.042344 0.022627 0.000778 0.469828 0.000250
0.426877 0.039513 0.041788 0.022432 0.000757 0.468378 0.000254
0.428651 0.039575 0.041364 0.022185 0.000755 0.467212 0.000257
0.430737 0.039562 0.040908 0.021884 0.000740 0.465910 0.000260
0.432867 0.039681 0.040388 0.021614 0.000728 0.464461 0.000262
0.434536 0.039778 0.040181 0.021498 0.000720 0.463021 0.000265
0.436547 0.040024 0.039879 0.021273 0.000704 0.461305 0.000268
0.438418 0.040128 0.039607 0.021069 0.000689 0.459817 0.000272
0.439686 0.040484 0.039502 0.020939 0.000691 0.458425 0.000272
0.441048 0.040677 0.039361 0.020900 0.000685 0.457052 0.000276
0.442757 0.040968 0.039069 0.020762 0.000672 0.455492 0.000280
0.444125 0.041158 0.038947 0.020742 0.000655 0.454089 0.000284
0.445841 0.041268 0.038867 0.020665 0.000645 0.452428 0.000286
0.447214 0.041389 0.038864 0.020581 0.000639 0.451023 0.000289
0.448639 0.041550 0.038729 0.020441 0.000638 0.449712 0.000291
0.450586 0.041196 0.038717 0.020337 0.000624 0.448246 0.000295
0.453468 0.040179 0.038575 0.020142 0.000615 0.446727 0.000295
0.456567 0.038883 0.038533 0.019929 0.000603 0.445187 0.000297
0.459644 0.037429 0.038397 0.019732 0.000598 0.443899 0.000302
0.463392 0.035870 0.037968 0.019344 0.000590 0.442532 0.000304
0.467081 0.034352 0.037665 0.019019 0.000584 0.440994 0.000306
0.470787 0.032560 0.037394 0.018608 0.000575 0.439764 0.000311
0.474705 0.030883 0.036978 0.018222 0.000562 0.438337 0.000314
0.479374 0.029219 0.036524 0.017832 0.000550 0.436186 0.000315
0.483582 0.027554 0.035896 0.017317 0.000541 0.434793 0.000318
0.487966 0.025940 0.035241 0.016783 0.000534 0.433214 0.000322
0.492506 0.024376 0.034541 0.016232 0.000527 0.431498 0.000321
0.497082 0.022876 0.033736 0.015716 0.000522 0.429746 0.000323
0.501862 0.021496 0.032846 0.015164 0.000510 0.427794 0.000327
0.506465 0.020179 0.032026 0.014639 0.000505 0.425858 0.000328
0.511531 0.018950 0.031044 0.014099 0.000487 0.423559 0.000330
0.516351 0.017784 0.030234 0.013550 0.000483 0.421261 0.000336
0.521114 0.016595 0.029364 0.013024 0.000476 0.419094 0.000333
0.525619 0.015502 0.028473 0.012506 0.000467 0.417098 0.000336
0.530730 0.014447 0.027564 0.012028 0.000459 0.414438 0.000335
0.535387 0.013540 0.026680 0.011548 0.000455 0.412052 0.000340
0.540164 0.012634 0.025740 0.011065 0.000445 0.409614 0.000338
0.545308 0.011806 0.024820 0.010603 0.000435 0.406684 0.000344
0.549805 0.010984 0.023942 0.010162 0.000429 0.404339 0.000340
0.554530 0.010289 0.022997 0.009699 0.000428 0.401715 0.000342
0.559393 0.009615 0.022080 0.009252 0.000422 0.398896 0.000342
0.564154 0.008999 0.021236 0.008887 0.000420 0.395961 0.000343
0.568964 0.008377 0.020368 0.008522 0.000413 0.393013 0.000343
0.573598 0.007890 0.019514 0.008103 0.000404 0.390142 0.000348
0.578687 0.007448 0.018725 0.007687 0.000399 0.386707 0.000347
0.583249 0.006953 0.017878 0.007318 0.000390 0.383865 0.000348
0.587805 0.006534 0.017110 0.006982 0.000386 0.380833 0.000350
0.592413 0.006148 0.016394 0.006638 0.000380 0.377674 0.000354
0.597124 0.005711 0.015676 0.006355 0.000373 0.374404 0.000357
0.601687 0.005333 0.014956 0.006054 0.000369 0.371241 0.000360
0.606097 0.005017 0.014364 0.005756 0.000355 0.368047 0.000364
0.610637 0.004733 0.013680 0.005480 0.000357 0.364745 0.000366
0.615007 0.004435 0.013060 0.005187 0.000346 0.361596 0.000368
0.619424 0.004231 0.012484 0.004976 0.000324 0.358185 0.000375
0.623725 0.003972 0.011849 0.004707 0.000316 0.355061 0.000370
0.628202 0.003751 0.011308 0.004476 0.000314 0.351578 0.000371
0.632555 0.003506 0.010829 0.004248 0.000310 0.348183 0.000369
0.636737 0.003280 0.010337 0.004017 0.000308 0.344949 0.000373
0.640891 0.003115 0.009883 0.003814 0.000302 0.341615 0.000379
0.645170 0.002949 0.009373 0.003607 0.000292 0.338232 0.000377
0.649420 0.002784 0.008917 0.003446 0.000283 0.334771 0.000380
0.653407 0.002630 0.008485 0.003270 0.000276 0.331553 0.000379
0.657369 0.002481 0.008093 0.003105 0.000272 0.328300 0.000381
0.661567 0.002351 0.007692 0.002965 0.000261 0.324784 0.000380
0.665421 0.002228 0.007316 0.002807 0.000252 0.321600 0.000376
0.669302 0.002091 0.006968 0.002642 0.000239 0.318376 0.000382
0.673345 0.001998 0.006627 0.002511 0.000232 0.314903 0.000383
0.677317 0.001893 0.006322 0.002397 0.000221 0.311469 0.000382
0.681035 0.001807 0.006023 0.002276 0.000223 0.308248 0.000388
0.684833 0.001717 0.005708 0.002159 0.000209 0.304981 0.000393
0.688775 0.001643 0.005423 0.002045 0.000206 0.301520 0.000387
0.692376 0.001587 0.005159 0.001941 0.000201 0.298341 0.000395
0.696255 0.001521 0.004921 0.001845 0.000201 0.294861 0.000395
0.699888 0.001435 0.004670 0.001749 0.000200 0.291659 0.000398
0.703572 0.001343 0.004466 0.001682 0.000195 0.288352 0.000390
0.707033 0.001271 0.004277 0.001603 0.000196 0.285225 0.000396
0.710732 0.001238 0.004095 0.001524 0.000186 0.281828 0.000397
0.714174 0.001185 0.003874 0.001458 0.000188 0.278722 0.000399
0.717174 0.001141 0.003667 0.001377 0.000184 0.276062 0.000395
0.720923 0.001090 0.003470 0.001316 0.000180 0.272627 0.000394
0.724417 0.001059 0.003277 0.001244 0.000171 0.269431 0.000401
0.727827 0.001031 0.003111 0.001198 0.000173 0.266261 0.000399
0.731088 0.000977 0.002940 0.001137 0.000159 0.263298 0.000401
0.734329 0.000943 0.002802 0.001060 0.000158 0.260315 0.000394
0.737685 0.000913 0.002676 0.001008 0.000153 0.257167 0.000398
0.740850 0.000895 0.002536 0.000976 0.000149 0.254195 0.000400
0.743945 0.000851 0.002420 0.000928 0.000143 0.251313 0.000400
0.747362 0.000818 0.002322 0.000905 0.000141 0.248055 0.000398
0.750254 0.000788 0.002220 0.000869 0.000133 0.245331 0.000405
0.753345 0.000748 0.002117 0.000836 0.000128 0.242423 0.000402
0.756300 0.000711 0.002010 0.000792 0.000120 0.239670 0.000397
0.759378 0.000675 0.001914 0.000762 0.000115 0.236753 0.000402
0.762377 0.000655 0.001822 0.000727 0.000111 0.233901 0.000407
0.765087 0.000642 0.001739 0.000692 0.000103 0.231339 0.000398
0.768275 0.000623 0.001655 0.000654 0.000102 0.228291 0.000400
0.770907 0.000587 0.001586 0.000619 0.000096 0.225804 0.000400
0.773785 0.000554 0.001519 0.000583 0.000096 0.223060 0.000403
0.776476 0.000537 0.001439 0.000560 0.000088 0.220496 0.000404
0.779574 0.000489 0.001376 0.000526 0.000086 0.217544 0.000405
0.782133 0.000484 0.001306 0.000507 0.000082 0.215080 0.000408
0.784720 0.000457 0.001248 0.000485 0.000079 0.212610 0.000400
0.787661 0.000439 0.001199 0.000480 0.000074 0.209738 0.000409
0.790236 0.000430 0.001142 0.000448 0.000075 0.207258 0.000411
0.792913 0.000420 0.001074 0.000424 0.000071 0.204690 0.000409
0.795534 0.000418 0.001032 0.000409 0.000068 0.202131 0.000409
0.798273 0.000413 0.000973 0.000382 0.000070 0.199487 0.000403
0.800403 0.000377 0.000946 0.000367 0.000068 0.197435 0.000405
0.802919 0.000371 0.000912 0.000350 0.000064 0.194977 0.000406
0.805333 0.000359 0.000870 0.000337 0.000064 0.192634 0.000404
0.807961 0.000346 0.000832 0.000334 0.000060 0.190061 0.000406
0.810096 0.000339 0.000793 0.000319 0.000057 0.187992 0.000404
0.812536 0.000315 0.000762 0.000302 0.000055 0.185624 0.000407
0.815179 0.000309 0.000738 0.000287 0.000053 0.183027 0.000407
0.817423 0.000291 0.000700 0.000279 0.000052 0.180849 0.000406
0.819788 0.000288 0.000663 0.000269 0.000051 0.178534 0.000408
0.822000 0.000276 0.000633 0.000253 0.000049 0.176386 0.000403
0.823937 0.000264 0.000598 0.000253 0.000046 0.174490 0.000412
0.826264 0.000260 0.000576 0.000238 0.000045 0.172214 0.000404
0.828609 0.000249 0.000552 0.000232 0.000045 0.169901 0.000411
0.830482 0.000249 0.000528 0.000224 0.000045 0.168065 0.000406
0.833010 0.000235 0.000515 0.000213 0.000043 0.165575 0.000409
0.834976 0.000225 0.000507 0.000208 0.000040 0.163641 0.000401
0.836336 0.000219 0.000467 0.000201 0.000039 0.162331 0.000407
0.838811 0.000214 0.000476 0.000195 0.000038 0.159859 0.000406
0.840945 0.000199 0.000449 0.000193 0.000038 0.157772 0.000405
0.842900 0.000193 0.000426 0.000182 0.000034 0.155849 0.000415
0.844810 0.000186 0.000411 0.000181 0.000036 0.153966 0.000410
0.846816 0.000172 0.000401 0.000176 0.000035 0.151995 0.000405
0.848476 0.000171 0.000386 0.000173 0.000033 0.150357 0.000403
0.850714 0.000170 0.000379 0.000171 0.000031 0.148130 0.000406
0.852988 0.000164 0.000364 0.000166 0.000030 0.145880 0.000408
0.854523 0.000166 0.000350 0.000158 0.000031 0.144369 0.000404
0.856403 0.000161 0.000340 0.000162 0.000031 0.142502 0.000401
0.857917 0.000154 0.000314 0.000145 0.000028 0.141038 0.000404
0.860072 0.000155 0.000306 0.000140 0.000031 0.138888 0.000409
0.861726 0.000151 0.000298 0.000130 0.000027 0.137262 0.000406
0.863096 0.000154 0.000284 0.000131 0.000026 0.135908 0.000402
0.865154 0.000146 0.000269 0.000121 0.000025 0.133871 0.000414
0.866352 0.000154 0.000274 0.000112 0.000025 0.132682 0.000400
0.868692 0.000147 0.000250 0.000110 0.000023 0.130370 0.000408
0.870255 0.000144 0.000255 0.000111 0.000021 0.128806 0.000407
0.872064 0.000145 0.000254 0.000111 0.000020 0.126995 0.000411
0.873394 0.000130 0.000256 0.000117 0.000019 0.125675 0.000409
0.875539 0.000123 0.000237 0.000110 0.000016 0.123569 0.000406
0.876707 0.000128 0.000240 0.000097 0.000015 0.122406 0.000407
0.878427 0.000130 0.000224 0.000089 0.000016 0.120705 0.000409
0.879884 0.000129 0.000206 0.000084 0.000015 0.119280 0.000401
0.881708 0.000135 0.000224 0.000079 0.000013 0.117435 0.000406
0.882969 0.000122 0.000210 0.000082 0.000012 0.116195 0.000410
0.884677 0.000128 0.000220 0.000078 0.000014 0.114477 0.000405
0.886147 0.000112 0.000205 0.000072 0.000015 0.113050 0.000399
0.887775 0.000110 0.000210 0.000077 0.000014 0.111405 0.000409
0.889186 0.000122 0.000210 0.000076 0.000013 0.109987 0.000405
0.890634 0.000127 0.000197 0.000078 0.000013 0.108546 0.000404
0.892428 0.000117 0.000195 0.000075 0.000014 0.106767 0.000403
0.893483 0.000123 0.000200 0.000079 0.000015 0.105692 0.000408
0.895009 0.000120 0.000207 0.000077 0.000014 0.104165 0.000408
0.896545 0.000113 0.000194 0.000081 0.000013 0.102651 0.000403
0.898158 0.000122 0.000180 0.000078 0.000012 0.101055 0.000394
0.899132 0.000110 0.000189 0.000083 0.000014 0.100065 0.000407
0.900411 0.000107 0.000182 0.000084 0.000012 0.098800 0.000403
0.902027 0.000113 0.000187 0.000084 0.000011 0.097181 0.000397
0.903056 0.000097 0.000166 0.000083 0.000010 0.096175 0.000414
0.904370 0.000108 0.000167 0.000090 0.000011 0.094849 0.000405
0.906035 0.000096 0.000145 0.000076 0.000010 0.093236 0.000403
0.906664 0.000112 0.000151 0.000084 0.000011 0.092577 0.000401
0.908267 0.000096 0.000129 0.000069 0.000012 0.091013 0.000415
0.909728 0.000093 0.000136 0.000076 0.000008 0.089558 0.000402
0.910705 0.000100 0.000147 0.000080 0.000007 0.088560 0.000401
0.911261 0.000086 0.000146 0.000075 0.000007 0.088028 0.000397
0.912662 0.000086 0.000139 0.000077 0.000007 0.086636 0.000392
0.914467 0.000099 0.000146 0.000079 0.000006 0.084812 0.000392
0.915255 0.000091 0.000141 0.000072 0.000006 0.084056 0.000378
0.916857 0.000099 0.000132 0.000075 0.000007 0.082454 0.000376
0.917812 0.000104 0.000125 0.000068 0.000006 0.081506 0.000379
0.919676 0.000105 0.000123 0.000068 0.000007 0.079652 0.000369
0.920080 0.000123 0.000131 0.000078 0.000006 0.079206 0.000375
0.921213 0.000150 0.000120 0.000078 0.000007 0.078052 0.000379
0.921929 0.000141 0.000127 0.000083 0.000008 0.077342 0.000371
0.922937 0.000146 0.000130 0.000073 0.000009 0.076338 0.000366
0.923874 0.000157 0.000129 0.000081 0.000009 0.075389 0.000362
0.924607 0.000156 0.000129 0.000079 0.000007 0.074652 0.000369
0.926024 0.000130 0.000129 0.000076 0.000008 0.073268 0.000364
0.927226 0.000115 0.000114 0.000076 0.000009 0.072114 0.000346
0.927184 0.000151 0.000123 0.000078 0.000009 0.072083 0.000372
0.928454 0.000173 0.000121 0.000077 0.000007 0.070807 0.000361
0.929489 0.000166 0.000121 0.000068 0.000007 0.069779 0.000371
0.930131 0.000180 0.000129 0.000082 0.000008 0.069102 0.000367
0.931027 0.000163 0.000119 0.000077 0.000009 0.068232 0.000372
0.931575 0.000177 0.000116 0.000081 0.000008 0.067678 0.000365
0.932378 0.000153 0.000107 0.000077 0.000008 0.066910 0.000366
0.943868 0.000038 0.000031 0.000020 0.000003 0.055787 0.000254
