0.342374 0.063236 0.055980 0.032556 0.002156 0.497491 0.006206 1.631289
0.344344 0.061325 0.055984 0.032410 0.002152 0.497556 0.006230 1.637484
0.346816 0.059114 0.055730 0.032280 0.002162 0.497638 0.006262 1.643385
0.349721 0.056829 0.055288 0.032038 0.002165 0.497670 0.006289 1.648957
0.352858 0.054430 0.054904 0.031676 0.002166 0.497650 0.006316 1.654415
0.356209 0.051957 0.054390 0.031299 0.002157 0.497641 0.006349 1.659681
0.359749 0.049629 0.053660 0.030818 0.002163 0.497603 0.006378 1.664650
0.363490 0.047349 0.053001 0.030307 0.002158 0.497292 0.006403 1.669444
0.367307 0.045303 0.052119 0.029764 0.002140 0.496937 0.006430 1.673882
0.371271 0.043208 0.051169 0.029172 0.002130 0.496593 0.006458 1.678187
0.375247 0.041287 0.050271 0.028528 0.002121 0.496059 0.006487 1.682271
0.379239 0.039434 0.049336 0.027902 0.002124 0.495458 0.006507 1.686245
0.383491 0.037604 0.048344 0.027262 0.002108 0.494654 0.006537 1.690079
0.387766 0.035946 0.047271 0.026600 0.002106 0.493744 0.006567 1.693672
0.392107 0.034400 0.046090 0.025893 0.002101 0.492812 0.006596 1.697069
0.396420 0.032936 0.044934 0.025233 0.002099 0.491757 0.006621 1.700340
0.400792 0.031507 0.043800 0.024587 0.002071 0.490597 0.006646 1.703528
0.405202 0.030115 0.042623 0.023908 0.002054 0.489428 0.006672 1.706579
0.409808 0.028787 0.041481 0.023284 0.002049 0.487899 0.006692 1.709502
0.414385 0.027654 0.040328 0.022613 0.002041 0.486267 0.006712 1.712210
0.418971 0.026576 0.039196 0.021945 0.002033 0.484537 0.006741 1.714850
0.423604 0.025500 0.038049 0.021341 0.002013 0.482730 0.006762 1.717383
0.428195 0.024498 0.036957 0.020700 0.001995 0.480864 0.006791 1.719850
0.432738 0.023493 0.035911 0.020037 0.001992 0.479016 0.006813 1.722245
0.437452 0.022614 0.034753 0.019423 0.001973 0.476946 0.006840 1.724480
0.442062 0.021724 0.033805 0.018809 0.001942 0.474798 0.006861 1.726677
0.446780 0.020931 0.032795 0.018170 0.001932 0.472507 0.006885 1.728719
0.451438 0.020090 0.031845 0.017623 0.001895 0.470200 0.006909 1.730823
0.456077 0.019352 0.030894 0.017078 0.001861 0.467808 0.006931 1.732777
0.460730 0.018672 0.029969 0.016510 0.001855 0.465313 0.006950 1.734639
0.465385 0.018010 0.028975 0.016012 0.001823 0.462818 0.006979 1.736450
0.470088 0.017327 0.028086 0.015530 0.001791 0.460176 0.007002 1.738250
0.474756 0.016722 0.027239 0.015043 0.001768 0.457443 0.007029 1.739936
0.479399 0.016144 0.026343 0.014583 0.001742 0.454744 0.007045 1.741556
0.484026 0.015555 0.025505 0.014082 0.001700 0.452069 0.007063 1.743182
0.488669 0.015045 0.024760 0.013604 0.001669 0.449165 0.007089 1.744710
0.493186 0.014630 0.023966 0.013112 0.001646 0.446353 0.007108 1.746138
0.497741 0.014110 0.023199 0.012736 0.001617 0.443464 0.007133 1.747634
0.502381 0.013605 0.022524 0.012310 0.001598 0.440432 0.007151 1.749054
0.506797 0.013202 0.021847 0.011915 0.001558 0.437506 0.007175 1.750404
0.511367 0.012861 0.021096 0.011503 0.001524 0.434452 0.007198 1.751659
0.515866 0.012481 0.020423 0.011151 0.001499 0.431363 0.007218 1.752920
0.520460 0.012087 0.019799 0.010830 0.001475 0.428111 0.007239 1.754167
0.525039 0.011787 0.019182 0.010452 0.001450 0.424838 0.007252 1.755312
0.529504 0.011454 0.018551 0.010115 0.001429 0.421677 0.007269 1.756484
0.533919 0.011170 0.017947 0.009795 0.001395 0.418482 0.007290 1.757591
0.538223 0.010884 0.017382 0.009509 0.001363 0.415327 0.007312 1.758716
0.542734 0.010595 0.016785 0.009160 0.001345 0.412054 0.007329 1.759751
0.547057 0.010340 0.016247 0.008870 0.001318 0.408817 0.007352 1.760799
0.551420 0.010090 0.015809 0.008600 0.001292 0.405424 0.007367 1.761807
0.555714 0.009881 0.015341 0.008306 0.001260 0.402113 0.007384 1.762773
0.559989 0.009659 0.014910 0.008044 0.001239 0.398764 0.007394 1.763740
0.564200 0.009461 0.014474 0.007797 0.001212 0.395448 0.007410 1.764677
0.568399 0.009261 0.014037 0.007557 0.001184 0.392137 0.007425 1.765574
0.572533 0.009124 0.013647 0.007286 0.001166 0.388805 0.007441 1.766447
0.576715 0.008908 0.013295 0.007080 0.001148 0.385400 0.007454 1.767348
0.580834 0.008729 0.012900 0.006889 0.001118 0.382061 0.007469 1.768214
0.584981 0.008507 0.012586 0.006711 0.001101 0.378635 0.007480 1.769101
0.589048 0.008346 0.012207 0.006535 0.001086 0.375283 0.007495 1.769917
0.593053 0.008211 0.011836 0.006362 0.001062 0.371969 0.007508 1.770737
0.597020 0.008040 0.011558 0.006196 0.001038 0.368630 0.007519 1.771560
0.600917 0.007898 0.011276 0.006033 0.001014 0.365332 0.007530 1.772357
0.604845 0.007762 0.010964 0.005901 0.000997 0.361993 0.007538 1.773115
0.608738 0.007618 0.010675 0.005759 0.000971 0.358685 0.007555 1.773878
0.612666 0.007466 0.010392 0.005579 0.000951 0.355376 0.007571 1.774600
0.616485 0.007304 0.010118 0.005472 0.000927 0.352107 0.007588 1.775350
0.620305 0.007183 0.009830 0.005300 0.000902 0.348877 0.007603 1.776048
0.624088 0.007037 0.009587 0.005192 0.000879 0.345596 0.007620 1.776754
0.627831 0.006929 0.009395 0.005038 0.000854 0.342319 0.007634 1.777453
0.631536 0.006850 0.009184 0.004878 0.000834 0.339076 0.007642 1.778100
0.635158 0.006733 0.009012 0.004779 0.000810 0.335855 0.007654 1.778795
0.638706 0.006674 0.008798 0.004649 0.000790 0.332721 0.007662 1.779444
0.642265 0.006589 0.008562 0.004542 0.000773 0.329597 0.007672 1.780081
0.645872 0.006438 0.008399 0.004468 0.000749 0.326393 0.007680 1.780754
0.649432 0.006345 0.008221 0.004380 0.000731 0.323201 0.007691 1.781392
0.652884 0.006295 0.008026 0.004285 0.000708 0.320101 0.007702 1.781993
0.656371 0.006209 0.007831 0.004206 0.000692 0.316976 0.007716 1.782623
0.659817 0.006120 0.007692 0.004122 0.000672 0.313851 0.007728 1.783230
0.663302 0.006043 0.007524 0.004023 0.000658 0.310715 0.007735 1.783804
0.666571 0.005973 0.007368 0.003931 0.000649 0.307766 0.007743 1.784388
0.669826 0.005891 0.007227 0.003841 0.000630 0.304831 0.007754 1.784965
0.673099 0.005847 0.007084 0.003763 0.000621 0.301826 0.007761 1.785537
0.676371 0.005797 0.006933 0.003683 0.000604 0.298840 0.007771 1.786095
0.679539 0.005752 0.006817 0.003627 0.000589 0.295899 0.007779 1.786652
0.682721 0.005683 0.006697 0.003557 0.000581 0.292979 0.007783 1.787209
0.685878 0.005614 0.006602 0.003505 0.000570 0.290041 0.007790 1.787777
0.688911 0.005548 0.006467 0.003479 0.000551 0.287241 0.007803 1.788346
0.691942 0.005518 0.006370 0.003412 0.000540 0.284406 0.007812 1.788903
0.695022 0.005502 0.006246 0.003342 0.000528 0.281542 0.007819 1.789424
0.698036 0.005446 0.006151 0.003283 0.000517 0.278739 0.007828 1.789948
0.701068 0.005353 0.006046 0.003253 0.000504 0.275940 0.007836 1.790501
0.703978 0.005316 0.005977 0.003182 0.000502 0.273201 0.007844 1.790999
0.706931 0.005274 0.005881 0.003124 0.000493 0.270446 0.007851 1.791509
0.709729 0.005235 0.005787 0.003084 0.000486 0.267823 0.007856 1.792022
0.712642 0.005184 0.005733 0.003033 0.000477 0.265071 0.007861 1.792542
0.715470 0.005144 0.005659 0.002988 0.000456 0.262412 0.007871 1.793048
0.718267 0.005085 0.005554 0.002950 0.000451 0.259817 0.007877 1.793550
0.721027 0.005057 0.005486 0.002898 0.000437 0.257214 0.007881 1.794045
0.723784 0.004972 0.005425 0.002887 0.000427 0.254617 0.007888 1.794556
0.726507 0.004943 0.005349 0.002845 0.000421 0.252041 0.007893 1.795021
0.729193 0.004923 0.005281 0.002797 0.000413 0.249494 0.007900 1.795490
0.731805 0.004917 0.005188 0.002742 0.000409 0.247036 0.007903 1.795942
0.734475 0.004851 0.005153 0.002723 0.000400 0.244488 0.007911 1.796435
0.737069 0.004797 0.005113 0.002700 0.000389 0.242012 0.007920 1.796920
0.739610 0.004791 0.005043 0.002649 0.000380 0.239600 0.007926 1.797376
0.742149 0.004795 0.004961 0.002611 0.000369 0.237183 0.007931 1.797822
0.744666 0.004757 0.004904 0.002619 0.000361 0.234756 0.007936 1.798300
0.747189 0.004731 0.004870 0.002594 0.000348 0.232326 0.007941 1.798764
0.749651 0.004716 0.004822 0.002561 0.000342 0.229964 0.007946 1.799214
0.752079 0.004696 0.004760 0.002546 0.000337 0.227634 0.007949 1.799680
0.754454 0.004679 0.004709 0.002549 0.000336 0.225319 0.007953 1.800155
0.756854 0.004650 0.004695 0.002527 0.000330 0.222989 0.007955 1.800611
0.759195 0.004640 0.004648 0.002513 0.000322 0.220724 0.007958 1.801057
0.761535 0.004642 0.004595 0.002469 0.000317 0.218478 0.007964 1.801492
0.763787 0.004616 0.004570 0.002474 0.000311 0.216272 0.007968 1.801956
0.766127 0.004620 0.004543 0.002445 0.000308 0.213985 0.007972 1.802392
0.768365 0.004596 0.004491 0.002417 0.000307 0.211847 0.007977 1.802822
0.770584 0.004572 0.004486 0.002394 0.000303 0.209680 0.007981 1.803294
0.772753 0.004601 0.004441 0.002371 0.000297 0.207552 0.007986 1.803708
0.774923 0.004539 0.004427 0.002347 0.000293 0.205481 0.007989 1.804173
0.777009 0.004536 0.004389 0.002351 0.000292 0.203432 0.007991 1.804606
0.779087 0.004544 0.004363 0.002325 0.000282 0.201405 0.007996 1.805056
0.781134 0.004524 0.004338 0.002317 0.000277 0.199407 0.008002 1.805509
0.783146 0.004511 0.004348 0.002323 0.000279 0.197388 0.008005 1.805983
0.785104 0.004490 0.004326 0.002339 0.000278 0.195454 0.008010 1.806432
0.787112 0.004505 0.004293 0.002327 0.000270 0.193478 0.008015 1.806869
0.789065 0.004493 0.004302 0.002292 0.000269 0.191562 0.008017 1.807317
0.791043 0.004500 0.004295 0.002298 0.000265 0.189579 0.008021 1.807748
0.792955 0.004499 0.004278 0.002296 0.000255 0.187691 0.008027 1.808198
0.794855 0.004494 0.004295 0.002277 0.000250 0.185799 0.008031 1.808651
0.796693 0.004509 0.004285 0.002262 0.000247 0.183971 0.008034 1.809089
0.798492 0.004508 0.004266 0.002238 0.000246 0.182212 0.008038 1.809525
0.800391 0.004536 0.004229 0.002234 0.000243 0.180327 0.008040 1.809963
0.802169 0.004529 0.004236 0.002234 0.000237 0.178552 0.008044 1.810408
0.803934 0.004512 0.004231 0.002231 0.000232 0.176814 0.008047 1.810863
0.805682 0.004548 0.004223 0.002196 0.000232 0.175070 0.008049 1.811293
0.807403 0.004541 0.004214 0.002214 0.000228 0.173348 0.008052 1.811759
0.809129 0.004528 0.004210 0.002202 0.000224 0.171652 0.008055 1.812196
0.810830 0.004514 0.004222 0.002210 0.000222 0.169946 0.008057 1.812657
0.812564 0.004496 0.004221 0.002234 0.000218 0.168209 0.008059 1.813116
0.814193 0.004504 0.004204 0.002220 0.000212 0.166602 0.008064 1.813563
0.815858 0.004503 0.004187 0.002210 0.000208 0.164967 0.008067 1.813995
0.817511 0.004478 0.004179 0.002217 0.000205 0.163341 0.008070 1.814446
0.819084 0.004477 0.004143 0.002223 0.000199 0.161803 0.008072 1.814890
0.820637 0.004486 0.004148 0.002228 0.000201 0.160227 0.008073 1.815338
0.822212 0.004500 0.004134 0.002216 0.000197 0.158665 0.008076 1.815769
0.823745 0.004501 0.004113 0.002218 0.000192 0.157153 0.008079 1.816229
0.825283 0.004482 0.004103 0.002213 0.000187 0.155651 0.008081 1.816679
0.826749 0.004496 0.004102 0.002199 0.000190 0.154181 0.008083 1.817113
0.828169 0.004521 0.004092 0.002193 0.000189 0.152750 0.008085 1.817548
0.829679 0.004491 0.004088 0.002190 0.000187 0.151276 0.008088 1.817990
0.831097 0.004512 0.004067 0.002195 0.000186 0.149851 0.008091 1.818428
0.832566 0.004523 0.004038 0.002195 0.000186 0.148397 0.008093 1.818853
0.833983 0.004510 0.004027 0.002206 0.000187 0.146991 0.008097 1.819305
0.835348 0.004511 0.004036 0.002195 0.000182 0.145628 0.008099 1.819748
0.836725 0.004535 0.004020 0.002174 0.000177 0.144268 0.008101 1.820171
0.838044 0.004554 0.004013 0.002177 0.000178 0.142931 0.008103 1.820607
0.839384 0.004561 0.004019 0.002172 0.000175 0.141583 0.008106 1.821050
0.840699 0.004575 0.004034 0.002180 0.000171 0.140234 0.008107 1.821514
0.841996 0.004636 0.004008 0.002174 0.000168 0.138908 0.008111 1.821933
0.843256 0.004649 0.004030 0.002183 0.000168 0.137600 0.008114 1.822393
0.844501 0.004672 0.004022 0.002164 0.000168 0.136358 0.008117 1.822825
0.845701 0.004666 0.004037 0.002181 0.000165 0.135129 0.008119 1.823305
0.846928 0.004651 0.004074 0.002170 0.000167 0.133890 0.008120 1.823776
0.848127 0.004694 0.004078 0.002179 0.000166 0.132634 0.008122 1.824221
0.849343 0.004678 0.004103 0.002193 0.000163 0.131397 0.008124 1.824704
0.850474 0.004728 0.004100 0.002176 0.000163 0.130233 0.008126 1.825152
0.851650 0.004752 0.004100 0.002185 0.000160 0.129026 0.008127 1.825615
0.852799 0.004771 0.004132 0.002188 0.000155 0.127825 0.008130 1.826089
0.853953 0.004800 0.004114 0.002207 0.000155 0.126640 0.008132 1.826550
0.855023 0.004834 0.004132 0.002195 0.000151 0.125531 0.008134 1.827000
0.856058 0.004859 0.004138 0.002195 0.000152 0.124464 0.008134 1.827475
0.857087 0.004901 0.004155 0.002193 0.000152 0.123377 0.008136 1.827948
0.858101 0.004937 0.004154 0.002178 0.000154 0.122337 0.008139 1.828410
0.859167 0.004965 0.004171 0.002186 0.000150 0.121221 0.008141 1.828875
0.860158 0.004995 0.004155 0.002210 0.000150 0.120191 0.008142 1.829351
0.861138 0.004984 0.004186 0.002231 0.000151 0.119167 0.008144 1.829860
0.862119 0.005006 0.004222 0.002226 0.000145 0.118136 0.008145 1.830354
0.863107 0.005006 0.004255 0.002238 0.000142 0.117102 0.008149 1.830861
0.864070 0.005044 0.004264 0.002238 0.000146 0.116089 0.008149 1.831350
0.864974 0.005095 0.004294 0.002243 0.000145 0.115099 0.008151 1.831845
0.865858 0.005138 0.004340 0.002245 0.000146 0.114120 0.008152 1.832343
0.866769 0.005167 0.004362 0.002255 0.000147 0.113146 0.008154 1.832843
0.867643 0.005193 0.004380 0.002276 0.000145 0.112209 0.008156 1.833349
0.868465 0.005241 0.004375 0.002273 0.000146 0.111344 0.008156 1.833858
0.869285 0.005245 0.004426 0.002299 0.000145 0.110443 0.008158 1.834406
0.870053 0.005286 0.004439 0.002317 0.000144 0.109599 0.008160 1.834925
0.870855 0.005337 0.004438 0.002330 0.000141 0.108738 0.008162 1.835433
0.871621 0.005380 0.004448 0.002349 0.000142 0.107897 0.008164 1.835950
0.872432 0.005388 0.004475 0.002375 0.000145 0.107017 0.008167 1.836496
0.873196 0.005445 0.004522 0.002394 0.000143 0.106132 0.008169 1.837033
0.873959 0.005465 0.004542 0.002409 0.000146 0.105309 0.008170 1.837570
0.874643 0.005493 0.004587 0.002434 0.000145 0.104527 0.008172 1.838109
0.875350 0.005561 0.004573 0.002452 0.000145 0.103746 0.008173 1.838631
0.876036 0.005636 0.004623 0.002465 0.000140 0.102921 0.008178 1.839172
0.876740 0.005638 0.004646 0.002503 0.000145 0.102149 0.008179 1.839733
0.877405 0.005694 0.004658 0.002533 0.000147 0.101380 0.008182 1.840286
0.878040 0.005727 0.004686 0.002530 0.000148 0.100685 0.008184 1.840846
0.878707 0.005775 0.004722 0.002550 0.000147 0.099912 0.008188 1.841412
0.879334 0.005798 0.004777 0.002557 0.000143 0.099200 0.008192 1.841983
0.879952 0.005880 0.004808 0.002574 0.000142 0.098447 0.008196 1.842533
0.880539 0.005929 0.004855 0.002587 0.000143 0.097748 0.008199 1.843114
0.881184 0.005959 0.004877 0.002586 0.000142 0.097052 0.008201 1.843682
0.881767 0.005994 0.004932 0.002573 0.000142 0.096387 0.008205 1.844278
0.882416 0.005988 0.004976 0.002593 0.000147 0.095674 0.008205 1.844873
0.882993 0.005995 0.005016 0.002608 0.000149 0.095032 0.008207 1.845482
0.883576 0.006040 0.005037 0.002644 0.000150 0.094345 0.008209 1.846063
0.884110 0.006091 0.005073 0.002660 0.000151 0.093705 0.008211 1.846665
0.884580 0.006167 0.005107 0.002686 0.000149 0.093097 0.008213 1.847251
0.885084 0.006191 0.005127 0.002725 0.000149 0.092508 0.008216 1.847864
0.885624 0.006223 0.005149 0.002737 0.000149 0.091899 0.008219 1.848466
0.886144 0.006257 0.005181 0.002749 0.000153 0.091294 0.008221 1.849088
0.886608 0.006293 0.005196 0.002765 0.000154 0.090760 0.008223 1.849712
0.887059 0.006319 0.005208 0.002792 0.000156 0.090240 0.008226 1.850344
0.887507 0.006367 0.005237 0.002812 0.000157 0.089694 0.008228 1.850965
0.887987 0.006390 0.005283 0.002815 0.000158 0.089138 0.008229 1.851600
0.888427 0.006430 0.005327 0.002822 0.000160 0.088603 0.008232 1.852243
0.888810 0.006507 0.005362 0.002832 0.000164 0.088090 0.008235 1.852874
0.889194 0.006567 0.005378 0.002835 0.000163 0.087624 0.008238 1.853500
0.889634 0.006588 0.005401 0.002851 0.000166 0.087119 0.008240 1.854148
0.890006 0.006637 0.005433 0.002899 0.000170 0.086617 0.008240 1.854809
0.890467 0.006654 0.005465 0.002900 0.000171 0.086098 0.008244 1.855445
0.890781 0.006737 0.005492 0.002930 0.000170 0.085640 0.008249 1.856109
0.891166 0.006779 0.005542 0.002956 0.000173 0.085134 0.008250 1.856784
0.891568 0.006830 0.005589 0.002978 0.000182 0.084603 0.008251 1.857467
0.891933 0.006862 0.005623 0.003029 0.000181 0.084118 0.008253 1.858149
0.892292 0.006881 0.005697 0.003042 0.000183 0.083651 0.008255 1.858837
0.892596 0.006931 0.005746 0.003062 0.000185 0.083224 0.008256 1.859525
0.892897 0.006984 0.005792 0.003086 0.000187 0.082795 0.008258 1.860204
0.893193 0.007026 0.005818 0.003096 0.000184 0.082424 0.008260 1.860881
0.893483 0.007046 0.005843 0.003143 0.000184 0.082038 0.008263 1.861585
0.893743 0.007059 0.005912 0.003153 0.000181 0.081684 0.008268 1.862312
0.894042 0.007102 0.005905 0.003178 0.000179 0.081326 0.008269 1.863004
0.894310 0.007156 0.005948 0.003199 0.000178 0.080939 0.008270 1.863695
0.894553 0.007222 0.005962 0.003214 0.000179 0.080599 0.008273 1.864373
0.894773 0.007294 0.005986 0.003228 0.000182 0.080262 0.008275 1.865090
0.895033 0.007354 0.005990 0.003243 0.000183 0.079920 0.008277 1.865786
0.895311 0.007312 0.006054 0.003296 0.000185 0.079562 0.008280 1.866553
0.895536 0.007330 0.006090 0.003349 0.000194 0.079221 0.008281 1.867314
0.895770 0.007354 0.006130 0.003353 0.000200 0.078910 0.008282 1.868036
0.895998 0.007394 0.006187 0.003364 0.000204 0.078569 0.008283 1.868748
0.896163 0.007470 0.006232 0.003370 0.000205 0.078274 0.008285 1.869478
0.896316 0.007548 0.006225 0.003398 0.000203 0.078025 0.008287 1.870191
0.896500 0.007596 0.006287 0.003426 0.000203 0.077701 0.008289 1.870961
0.896636 0.007681 0.006303 0.003398 0.000205 0.077487 0.008290 1.871679
0.896822 0.007711 0.006373 0.003411 0.000206 0.077185 0.008294 1.872448
0.896986 0.007789 0.006380 0.003417 0.000206 0.076927 0.008296 1.873179
0.897166 0.007832 0.006406 0.003429 0.000202 0.076666 0.008298 1.873925
0.897287 0.007898 0.006467 0.003436 0.000197 0.076413 0.008302 1.874684
0.897432 0.007919 0.006481 0.003468 0.000200 0.076195 0.008305 1.875468
0.897557 0.007969 0.006523 0.003506 0.000196 0.075943 0.008307 1.876265
0.897636 0.007992 0.006601 0.003511 0.000200 0.075753 0.008308 1.877068
0.897743 0.008035 0.006635 0.003562 0.000206 0.075506 0.008312 1.877863
0.897838 0.008079 0.006692 0.003586 0.000205 0.075286 0.008315 1.878671
0.897886 0.008155 0.006702 0.003583 0.000203 0.075154 0.008319 1.879460
0.897910 0.008238 0.006776 0.003610 0.000205 0.074942 0.008321 1.880296
0.897899 0.008345 0.006805 0.003655 0.000208 0.074765 0.008323 1.881110
0.897907 0.008480 0.006793 0.003667 0.000208 0.074621 0.008325 1.881892
0.897910 0.008544 0.006850 0.003678 0.000207 0.074486 0.008327 1.882724
0.897966 0.008594 0.006925 0.003696 0.000205 0.074283 0.008332 1.883553
0.897956 0.008646 0.007018 0.003757 0.000208 0.074080 0.008334 1.884457
0.897943 0.008725 0.007072 0.003791 0.000218 0.073916 0.008336 1.885335
0.897963 0.008783 0.007141 0.003817 0.000223 0.073735 0.008338 1.886196
0.897974 0.008839 0.007211 0.003840 0.000226 0.073571 0.008340 1.887055
0.897982 0.008864 0.007275 0.003890 0.000233 0.073414 0.008342 1.887944
0.897967 0.008923 0.007357 0.003908 0.000236 0.073268 0.008342 1.888830
0.897908 0.008970 0.007415 0.003939 0.000235 0.073186 0.008346 1.889733
0.897897 0.009018 0.007480 0.003987 0.000237 0.073033 0.008348 1.890619
0.897843 0.009070 0.007545 0.004016 0.000241 0.072935 0.008351 1.891536
0.897817 0.009113 0.007590 0.004034 0.000237 0.072853 0.008355 1.892448
0.897767 0.009178 0.007630 0.004076 0.000239 0.072753 0.008357 1.893353
0.897710 0.009251 0.007690 0.004092 0.000238 0.072660 0.008359 1.894269
0.897622 0.009321 0.007731 0.004121 0.000236 0.072608 0.008362 1.895193
0.897503 0.009425 0.007779 0.004119 0.000241 0.072568 0.008365 1.896088
0.897379 0.009483 0.007839 0.004155 0.000241 0.072533 0.008369 1.897043
0.897311 0.009584 0.007881 0.004166 0.000248 0.072440 0.008371 1.897947
0.897198 0.009706 0.007851 0.004185 0.000250 0.072437 0.008374 1.898843
0.897130 0.009768 0.007903 0.004241 0.000250 0.072331 0.008377 1.899795
0.896928 0.009889 0.007966 0.004274 0.000255 0.072310 0.008379 1.900741
0.896746 0.009952 0.007995 0.004321 0.000256 0.072346 0.008383 1.901701
0.896612 0.010004 0.008058 0.004340 0.000262 0.072337 0.008386 1.902680
0.896516 0.010006 0.008153 0.004367 0.000259 0.072305 0.008392 1.903686
0.896339 0.010102 0.008204 0.004376 0.000262 0.072321 0.008396 1.904646
0.896213 0.010130 0.008278 0.004421 0.000259 0.072298 0.008400 1.905655
0.896031 0.010202 0.008359 0.004415 0.000258 0.072330 0.008405 1.906671
0.895841 0.010274 0.008426 0.004458 0.000265 0.072327 0.008408 1.907709
0.895736 0.010402 0.008442 0.004433 0.000276 0.072302 0.008409 1.908651
0.895514 0.010466 0.008480 0.004507 0.000278 0.072343 0.008412 1.909685
0.895334 0.010540 0.008528 0.004549 0.000284 0.072350 0.008416 1.910704
0.895163 0.010533 0.008617 0.004590 0.000280 0.072397 0.008420 1.911779
0.894997 0.010582 0.008681 0.004576 0.000286 0.072457 0.008422 1.912814
0.894805 0.010640 0.008744 0.004593 0.000281 0.072511 0.008426 1.913855
0.894610 0.010662 0.008811 0.004626 0.000286 0.072577 0.008429 1.914929
0.894442 0.010693 0.008917 0.004660 0.000285 0.072570 0.008433 1.915983
0.894218 0.010796 0.008942 0.004686 0.000289 0.072629 0.008439 1.917011
0.893911 0.010904 0.009002 0.004731 0.000289 0.072718 0.008446 1.918063
0.893657 0.010970 0.009104 0.004765 0.000292 0.072759 0.008452 1.919143
0.893406 0.011029 0.009167 0.004822 0.000295 0.072824 0.008456 1.920236
0.893190 0.011078 0.009230 0.004863 0.000295 0.072886 0.008458 1.921330
0.892887 0.011175 0.009264 0.004902 0.000295 0.073016 0.008462 1.922425
0.892634 0.011278 0.009242 0.004963 0.000301 0.073117 0.008466 1.923497
0.892394 0.011281 0.009308 0.004983 0.000300 0.073265 0.008470 1.924651
0.892052 0.011357 0.009395 0.004997 0.000296 0.073430 0.008473 1.925775
0.891843 0.011429 0.009478 0.005025 0.000292 0.073457 0.008476 1.926874
0.891614 0.011480 0.009519 0.005060 0.000296 0.073554 0.008478 1.927986
0.891303 0.011583 0.009597 0.005116 0.000296 0.073622 0.008485 1.929123
0.891024 0.011653 0.009669 0.005129 0.000296 0.073739 0.008490 1.930251
0.890733 0.011715 0.009723 0.005161 0.000299 0.073878 0.008492 1.931372
0.890486 0.011722 0.009784 0.005188 0.000303 0.074020 0.008497 1.932532
0.890215 0.011746 0.009853 0.005210 0.000310 0.074166 0.008501 1.933700
0.889938 0.011779 0.009924 0.005249 0.000312 0.074294 0.008503 1.934866
0.889618 0.011842 0.009958 0.005292 0.000316 0.074470 0.008505 1.936035
0.889296 0.011871 0.010020 0.005347 0.000318 0.074641 0.008508 1.937243
0.889082 0.011913 0.010039 0.005354 0.000323 0.074777 0.008511 1.938372
0.888781 0.011977 0.010079 0.005370 0.000319 0.074960 0.008515 1.939548
0.888454 0.012071 0.010137 0.005377 0.000318 0.075126 0.008519 1.940726
0.888132 0.012145 0.010216 0.005390 0.000316 0.075278 0.008525 1.941920
0.887768 0.012214 0.010260 0.005427 0.000324 0.075481 0.008527 1.943121
0.887415 0.012292 0.010335 0.005438 0.000322 0.075667 0.008530 1.944314
0.887127 0.012324 0.010404 0.005459 0.000325 0.075826 0.008535 1.945533
0.886801 0.012404 0.010429 0.005480 0.000327 0.076021 0.008539 1.946716
0.886489 0.012445 0.010464 0.005504 0.000330 0.076226 0.008543 1.947930
0.886180 0.012464 0.010494 0.005522 0.000337 0.076456 0.008547 1.949167
0.885892 0.012533 0.010570 0.005534 0.000340 0.076580 0.008552 1.950366
0.885552 0.012564 0.010643 0.005575 0.000342 0.076768 0.008556 1.951632
0.885208 0.012635 0.010708 0.005560 0.000344 0.076982 0.008562 1.952866
0.884888 0.012673 0.010799 0.005605 0.000349 0.077120 0.008567 1.954111
0.884577 0.012735 0.010808 0.005620 0.000345 0.077344 0.008571 1.955329
0.884264 0.012747 0.010881 0.005649 0.000346 0.077538 0.008575 1.956596
0.883994 0.012760 0.010924 0.005677 0.000354 0.077715 0.008578 1.957848
0.883706 0.012803 0.010994 0.005705 0.000348 0.077860 0.008584 1.959083
0.883370 0.012913 0.010982 0.005723 0.000354 0.078069 0.008590 1.960303
0.883055 0.012948 0.011022 0.005773 0.000355 0.078253 0.008594 1.961553
0.882690 0.012986 0.011066 0.005780 0.000357 0.078525 0.008597 1.962838
0.882432 0.012961 0.011120 0.005817 0.000359 0.078709 0.008603 1.964129
0.882152 0.012904 0.011209 0.005832 0.000360 0.078933 0.008610 1.965449
0.881845 0.012989 0.011220 0.005831 0.000368 0.079133 0.008614 1.966701
0.881592 0.013049 0.011237 0.005819 0.000367 0.079319 0.008619 1.967932
0.881220 0.013179 0.011272 0.005811 0.000373 0.079523 0.008623 1.969162
0.880922 0.013175 0.011303 0.005815 0.000369 0.079787 0.008629 1.970457
0.880598 0.013224 0.011344 0.005879 0.000363 0.079956 0.008636 1.971773
0.880176 0.013300 0.011395 0.005895 0.000369 0.080227 0.008639 1.973087
0.879831 0.013319 0.011442 0.005925 0.000369 0.080467 0.008647 1.974404
0.879470 0.013338 0.011508 0.005962 0.000370 0.080701 0.008651 1.975729
0.879133 0.013363 0.011550 0.005987 0.000367 0.080941 0.008659 1.977041
0.878866 0.013385 0.011586 0.006019 0.000367 0.081116 0.008663 1.978343
0.878499 0.013411 0.011596 0.006046 0.000374 0.081407 0.008667 1.979687
0.878166 0.013430 0.011620 0.006073 0.000378 0.081663 0.008671 1.981016
0.877843 0.013443 0.011651 0.006109 0.000378 0.081896 0.008680 1.982331
0.877514 0.013461 0.011720 0.006116 0.000375 0.082128 0.008685 1.983686
0.877207 0.013473 0.011721 0.006142 0.000376 0.082390 0.008691 1.985023
0.876867 0.013501 0.011774 0.006148 0.000372 0.082643 0.008696 1.986347
0.876554 0.013548 0.011766 0.006145 0.000380 0.082908 0.008700 1.987649
0.876252 0.013552 0.011795 0.006148 0.000382 0.083168 0.008703 1.988997
0.875941 0.013565 0.011822 0.006162 0.000373 0.083428 0.008710 1.990328
0.875605 0.013555 0.011866 0.006188 0.000378 0.083696 0.008712 1.991703
0.875331 0.013569 0.011862 0.006206 0.000380 0.083935 0.008715 1.993041
0.875007 0.013621 0.011888 0.006236 0.000381 0.084149 0.008717 1.994361
0.874678 0.013707 0.011856 0.006237 0.000380 0.084416 0.008724 1.995641
0.874260 0.013742 0.011924 0.006245 0.000380 0.084719 0.008729 1.997028
0.873970 0.013776 0.011972 0.006229 0.000387 0.084933 0.008732 1.998358
0.873670 0.013788 0.011994 0.006281 0.000388 0.085144 0.008736 1.999711
0.873393 0.013787 0.012015 0.006303 0.000384 0.085375 0.008743 2.001062
0.873104 0.013805 0.012011 0.006283 0.000395 0.085655 0.008747 2.002374
0.872860 0.013775 0.012067 0.006309 0.000398 0.085837 0.008753 2.003732
0.872593 0.013778 0.012073 0.006351 0.000407 0.086042 0.008756 2.005093
0.872294 0.013825 0.012087 0.006341 0.000406 0.086282 0.008765 2.006426
0.872039 0.013817 0.012146 0.006349 0.000408 0.086470 0.008770 2.007802
0.871792 0.013788 0.012155 0.006380 0.000414 0.086694 0.008777 2.009183
0.871523 0.013763 0.012236 0.006413 0.000414 0.086866 0.008786 2.010569
0.871303 0.013757 0.012238 0.006442 0.000416 0.087055 0.008790 2.011918
0.870997 0.013772 0.012245 0.006440 0.000420 0.087332 0.008795 2.013268
0.870688 0.013820 0.012226 0.006454 0.000431 0.087583 0.008799 2.014619
0.870481 0.013747 0.012279 0.006450 0.000429 0.087810 0.008805 2.015996
0.870189 0.013756 0.012332 0.006463 0.000428 0.088020 0.008811 2.017389
0.869911 0.013765 0.012335 0.006486 0.000432 0.088256 0.008815 2.018737
0.869571 0.013839 0.012335 0.006496 0.000437 0.088503 0.008820 2.020093
0.869320 0.013868 0.012375 0.006486 0.000438 0.088689 0.008824 2.021447
0.869099 0.013878 0.012378 0.006475 0.000436 0.088902 0.008831 2.022800
0.868847 0.013803 0.012450 0.006534 0.000435 0.089094 0.008837 2.024225
0.868556 0.013824 0.012463 0.006540 0.000432 0.089341 0.008844 2.025589
0.868302 0.013809 0.012488 0.006583 0.000432 0.089535 0.008852 2.026968
0.868128 0.013832 0.012418 0.006598 0.000434 0.089731 0.008859 2.028284
0.867944 0.013865 0.012425 0.006568 0.000433 0.089901 0.008864 2.029606
0.867618 0.013876 0.012450 0.006569 0.000431 0.090186 0.008870 2.031024
0.867341 0.013915 0.012471 0.006577 0.000421 0.090396 0.008880 2.032393
0.867077 0.013953 0.012475 0.006583 0.000425 0.090603 0.008885 2.033740
0.866820 0.013922 0.012490 0.006616 0.000425 0.090837 0.008890 2.035144
0.866586 0.013937 0.012508 0.006599 0.000430 0.091048 0.008892 2.036514
0.866289 0.014042 0.012462 0.006610 0.000430 0.091267 0.008899 2.037838
0.866016 0.014024 0.012520 0.006582 0.000431 0.091524 0.008904 2.039259
0.865808 0.014035 0.012492 0.006566 0.000433 0.091758 0.008909 2.040615
0.865554 0.014065 0.012468 0.006585 0.000432 0.091982 0.008915 2.041982
0.865288 0.014100 0.012478 0.006592 0.000431 0.092190 0.008921 2.043377
0.864991 0.014228 0.012477 0.006541 0.000432 0.092405 0.008927 2.044710
0.864738 0.014240 0.012494 0.006519 0.000434 0.092644 0.008931 2.046093
0.864520 0.014218 0.012506 0.006513 0.000436 0.092874 0.008935 2.047497
0.864304 0.014202 0.012565 0.006517 0.000437 0.093037 0.008938 2.048907
0.864074 0.014228 0.012521 0.006514 0.000440 0.093282 0.008941 2.050273
0.863822 0.014306 0.012519 0.006498 0.000437 0.093469 0.008949 2.051625
0.863539 0.014346 0.012506 0.006510 0.000431 0.093710 0.008959 2.053011
0.863279 0.014331 0.012608 0.006510 0.000431 0.093875 0.008966 2.054463
0.863027 0.014298 0.012661 0.006532 0.000435 0.094074 0.008972 2.055894
0.862768 0.014332 0.012666 0.006551 0.000436 0.094272 0.008976 2.057297
0.862549 0.014338 0.012676 0.006563 0.000438 0.094454 0.008980 2.058699
0.862389 0.014290 0.012694 0.006581 0.000439 0.094624 0.008983 2.060094
0.862208 0.014299 0.012710 0.006587 0.000441 0.094766 0.008989 2.061486
0.862079 0.014250 0.012722 0.006552 0.000447 0.094955 0.008995 2.062877
0.861832 0.014286 0.012735 0.006539 0.000451 0.095159 0.008998 2.064270
0.861568 0.014336 0.012755 0.006559 0.000451 0.095328 0.009004 2.065674
0.861328 0.014366 0.012759 0.006573 0.000449 0.095515 0.009011 2.067077
0.861117 0.014348 0.012806 0.006602 0.000449 0.095661 0.009018 2.068507
0.860915 0.014333 0.012778 0.006636 0.000449 0.095866 0.009024 2.069907
0.860736 0.014242 0.012768 0.006648 0.000445 0.096133 0.009029 2.071329
0.860606 0.014201 0.012736 0.006691 0.000442 0.096290 0.009035 2.072737
0.860486 0.014121 0.012730 0.006739 0.000440 0.096445 0.009040 2.074159
0.860392 0.014051 0.012689 0.006732 0.000440 0.096650 0.009046 2.075561
0.860184 0.014118 0.012700 0.006720 0.000435 0.096792 0.009051 2.076910
0.860058 0.014065 0.012741 0.006701 0.000440 0.096938 0.009057 2.078329
0.859873 0.014123 0.012698 0.006672 0.000444 0.097129 0.009061 2.079666
0.859789 0.014055 0.012739 0.006671 0.000449 0.097229 0.009067 2.081068
0.859677 0.014050 0.012723 0.006684 0.000453 0.097341 0.009071 2.082452
0.859514 0.013998 0.012738 0.006693 0.000462 0.097521 0.009075 2.083844
0.859400 0.013956 0.012724 0.006701 0.000467 0.097671 0.009081 2.085204
0.859349 0.013915 0.012703 0.006679 0.000464 0.097801 0.009089 2.086540
0.859227 0.013859 0.012696 0.006664 0.000461 0.098000 0.009095 2.087935
0.859175 0.013809 0.012709 0.006671 0.000460 0.098075 0.009101 2.089293
0.859104 0.013771 0.012624 0.006664 0.000452 0.098278 0.009107 2.090632
0.859048 0.013658 0.012610 0.006689 0.000447 0.098433 0.009113 2.092048
0.859021 0.013679 0.012559 0.006694 0.000451 0.098475 0.009120 2.093346
0.858948 0.013608 0.012553 0.006702 0.000449 0.098615 0.009126 2.094718
0.858934 0.013525 0.012550 0.006694 0.000443 0.098724 0.009130 2.096064
0.858785 0.013551 0.012529 0.006667 0.000446 0.098886 0.009136 2.097392
0.858723 0.013488 0.012532 0.006624 0.000449 0.099041 0.009144 2.098754
0.858687 0.013467 0.012477 0.006616 0.000462 0.099143 0.009148 2.100068
0.858620 0.013487 0.012420 0.006589 0.000461 0.099269 0.009156 2.101369
0.858588 0.013485 0.012407 0.006586 0.000460 0.099313 0.009161 2.102681
0.858536 0.013508 0.012396 0.006552 0.000464 0.099378 0.009166 2.103977
0.858538 0.013414 0.012394 0.006555 0.000468 0.099461 0.009170 2.105323
0.858432 0.013427 0.012395 0.006541 0.000470 0.099560 0.009174 2.106650
0.858379 0.013437 0.012378 0.006526 0.000464 0.099635 0.009182 2.107961
0.858350 0.013392 0.012359 0.006513 0.000465 0.099733 0.009188 2.109288
0.858325 0.013388 0.012356 0.006514 0.000462 0.099759 0.009195 2.110596
0.858211 0.013392 0.012329 0.006547 0.000464 0.099856 0.009202 2.111928
0.858152 0.013396 0.012326 0.006522 0.000460 0.099936 0.009209 2.113244
0.858119 0.013382 0.012341 0.006550 0.000461 0.099935 0.009213 2.114561
0.858039 0.013332 0.012381 0.006538 0.000462 0.100027 0.009221 2.115910
0.858044 0.013321 0.012337 0.006528 0.000463 0.100084 0.009224 2.117204
0.858012 0.013292 0.012316 0.006529 0.000462 0.100159 0.009230 2.118530
0.857925 0.013332 0.012252 0.006490 0.000462 0.100303 0.009238 2.119806
0.857830 0.013347 0.012211 0.006485 0.000460 0.100421 0.009248 2.121091
0.857810 0.013361 0.012172 0.006479 0.000459 0.100467 0.009253 2.122363
0.857729 0.013364 0.012180 0.006471 0.000459 0.100537 0.009260 2.123670
0.857724 0.013355 0.012182 0.006445 0.000459 0.100570 0.009267 2.124948
0.857612 0.013381 0.012134 0.006480 0.000450 0.100670 0.009274 2.126256
0.857540 0.013384 0.012129 0.006493 0.000451 0.100726 0.009280 2.127556
0.857523 0.013336 0.012115 0.006489 0.000448 0.100801 0.009288 2.128869
0.857556 0.013274 0.012088 0.006463 0.000449 0.100878 0.009293 2.130179
0.857641 0.013227 0.012069 0.006435 0.000449 0.100880 0.009299 2.131454
0.857589 0.013313 0.011966 0.006420 0.000454 0.100953 0.009306 2.132706
0.857550 0.013327 0.011967 0.006399 0.000460 0.100988 0.009310 2.133964
0.857576 0.013253 0.011999 0.006414 0.000461 0.100979 0.009317 2.135315
0.857541 0.013284 0.011976 0.006432 0.000456 0.100988 0.009323 2.136574
0.857584 0.013191 0.011969 0.006411 0.000445 0.101070 0.009331 2.137882
0.857547 0.013192 0.011987 0.006362 0.000450 0.101127 0.009336 2.139178
0.857523 0.013176 0.011982 0.006349 0.000458 0.101171 0.009341 2.140464
0.857540 0.013136 0.011974 0.006375 0.000460 0.101169 0.009347 2.141758
0.857574 0.013097 0.012006 0.006363 0.000455 0.101148 0.009358 2.143072
0.857559 0.013050 0.011995 0.006374 0.000458 0.101199 0.009365 2.144387
0.857493 0.013075 0.011956 0.006347 0.000454 0.101307 0.009370 2.145655
0.857513 0.013053 0.011977 0.006317 0.000449 0.101315 0.009376 2.146945
0.857549 0.013007 0.011975 0.006307 0.000447 0.101334 0.009381 2.148233
0.857492 0.013014 0.011954 0.006312 0.000436 0.101400 0.009392 2.149510
0.857488 0.013036 0.011912 0.006280 0.000443 0.101447 0.009394 2.150770
0.857513 0.013013 0.011899 0.006249 0.000448 0.101483 0.009396 2.152047
0.857562 0.012962 0.011894 0.006237 0.000443 0.101498 0.009405 2.153330
0.857594 0.012936 0.011902 0.006209 0.000440 0.101510 0.009411 2.154598
0.857600 0.012957 0.011844 0.006192 0.000443 0.101549 0.009416 2.155816
0.857604 0.012949 0.011835 0.006229 0.000439 0.101523 0.009422 2.157096
0.857622 0.012892 0.011856 0.006214 0.000439 0.101549 0.009429 2.158398
0.857632 0.012852 0.011810 0.006218 0.000439 0.101614 0.009435 2.159666
0.857588 0.012865 0.011834 0.006191 0.000437 0.101642 0.009443 2.160942
0.857617 0.012855 0.011755 0.006203 0.000435 0.101688 0.009448 2.162207
0.857590 0.012875 0.011725 0.006199 0.000435 0.101719 0.009456 2.163463
0.857590 0.012869 0.011789 0.006152 0.000430 0.101708 0.009463 2.164733
0.857643 0.012873 0.011762 0.006143 0.000433 0.101679 0.009468 2.165974
0.857646 0.012812 0.011734 0.006160 0.000434 0.101744 0.009472 2.167264
0.857687 0.012808 0.011712 0.006148 0.000426 0.101740 0.009479 2.168516
0.857720 0.012779 0.011687 0.006127 0.000416 0.101783 0.009487 2.169775
0.857687 0.012805 0.011710 0.006100 0.000415 0.101789 0.009494 2.171034
0.857722 0.012797 0.011689 0.006101 0.000413 0.101779 0.009499 2.172281
0.857718 0.012753 0.011690 0.006121 0.000414 0.101802 0.009503 2.173569
0.857819 0.012697 0.011692 0.006101 0.000416 0.101768 0.009508 2.174826
0.857812 0.012645 0.011666 0.006113 0.000417 0.101833 0.009514 2.176112
0.857828 0.012592 0.011657 0.006090 0.000420 0.101895 0.009519 2.177374
0.857862 0.012627 0.011616 0.006059 0.000419 0.101889 0.009529 2.178594
0.857793 0.012691 0.011643 0.006056 0.000418 0.101865 0.009535 2.179856
0.857743 0.012734 0.011654 0.006084 0.000416 0.101833 0.009537 2.181117
0.857764 0.012705 0.011658 0.006074 0.000416 0.101841 0.009542 2.182395
0.857753 0.012681 0.011646 0.006110 0.000418 0.101845 0.009546 2.183664
0.857766 0.012712 0.011651 0.006093 0.000416 0.101810 0.009552 2.184884
0.857767 0.012689 0.011610 0.006077 0.000420 0.101882 0.009555 2.186157
0.857799 0.012760 0.011608 0.006026 0.000424 0.101823 0.009561 2.187339
0.857861 0.012747 0.011607 0.006014 0.000429 0.101775 0.009567 2.188594
0.857944 0.012745 0.011586 0.006012 0.000429 0.101712 0.009573 2.189814
0.857930 0.012789 0.011535 0.006020 0.000429 0.101721 0.009578 2.191046
0.857950 0.012753 0.011567 0.006046 0.000425 0.101677 0.009582 2.192306
0.858044 0.012691 0.011566 0.006062 0.000425 0.101626 0.009585 2.193591
0.858058 0.012693 0.011535 0.006052 0.000420 0.101652 0.009591 2.194835
0.858135 0.012687 0.011506 0.006056 0.000424 0.101597 0.009595 2.196062
0.858220 0.012657 0.011533 0.006026 0.000425 0.101540 0.009600 2.197322
0.858288 0.012649 0.011543 0.006013 0.000420 0.101480 0.009606 2.198575
0.858351 0.012675 0.011492 0.006038 0.000415 0.101416 0.009613 2.199773
0.858458 0.012641 0.011480 0.006035 0.000413 0.101353 0.009619 2.201013
0.858470 0.012625 0.011444 0.006049 0.000416 0.101371 0.009625 2.202278
0.858540 0.012577 0.011444 0.006036 0.000414 0.101361 0.009629 2.203512
0.858648 0.012549 0.011445 0.006055 0.000414 0.101254 0.009634 2.204747
0.858635 0.012602 0.011461 0.006035 0.000416 0.101211 0.009639 2.205945
0.858704 0.012500 0.011477 0.006033 0.000416 0.101224 0.009645 2.207216
0.858687 0.012513 0.011428 0.006036 0.000416 0.101269 0.009652 2.208436
0.858776 0.012447 0.011449 0.005992 0.000417 0.101261 0.009659 2.209667
0.858789 0.012408 0.011461 0.005988 0.000415 0.101273 0.009667 2.210919
0.858855 0.012427 0.011456 0.006011 0.000415 0.101165 0.009671 2.212126
0.858877 0.012462 0.011411 0.005986 0.000417 0.101168 0.009678 2.213319
0.858976 0.012365 0.011430 0.005991 0.000420 0.101137 0.009682 2.214575
0.859040 0.012334 0.011455 0.005995 0.000428 0.101063 0.009685 2.215810
0.859117 0.012337 0.011402 0.005987 0.000423 0.101044 0.009689 2.217029
0.859222 0.012312 0.011360 0.005975 0.000425 0.101010 0.009697 2.218244
0.859299 0.012268 0.011340 0.005987 0.000423 0.100985 0.009701 2.219468
0.859393 0.012258 0.011327 0.005952 0.000415 0.100949 0.009707 2.220667
0.859390 0.012290 0.011296 0.005927 0.000410 0.100974 0.009714 2.221864
0.859409 0.012278 0.011260 0.005945 0.000405 0.100979 0.009724 2.223069
0.859486 0.012274 0.011252 0.005914 0.000405 0.100940 0.009728 2.224268
0.859591 0.012314 0.011184 0.005896 0.000408 0.100873 0.009734 2.225412
0.859678 0.012293 0.011194 0.005903 0.000410 0.100783 0.009739 2.226641
0.859808 0.012208 0.011204 0.005896 0.000412 0.100730 0.009743 2.227883
0.859862 0.012233 0.011195 0.005854 0.000410 0.100700 0.009748 2.229061
0.859934 0.012234 0.011199 0.005875 0.000405 0.100599 0.009755 2.230250
0.860029 0.012209 0.011157 0.005843 0.000409 0.100596 0.009759 2.231437
0.860138 0.012172 0.011135 0.005838 0.000414 0.100542 0.009762 2.232654
0.860199 0.012211 0.011097 0.005839 0.000418 0.100469 0.009767 2.233805
0.860222 0.012193 0.011112 0.005837 0.000414 0.100450 0.009771 2.235011
0.860265 0.012169 0.011105 0.005829 0.000420 0.100436 0.009776 2.236231
0.860315 0.012179 0.011098 0.005809 0.000420 0.100396 0.009783 2.237403
0.860395 0.012123 0.011121 0.005802 0.000414 0.100359 0.009788 2.238631
0.860485 0.012110 0.011059 0.005798 0.000417 0.100341 0.009792 2.239821
0.860555 0.012097 0.011084 0.005805 0.000413 0.100249 0.009797 2.241033
0.860666 0.012041 0.011095 0.005772 0.000417 0.100210 0.009801 2.242202
0.860742 0.012062 0.011042 0.005765 0.000415 0.100170 0.009805 2.243363
0.860847 0.012009 0.011009 0.005794 0.000415 0.100119 0.009808 2.244568
0.860865 0.012013 0.010991 0.005797 0.000419 0.100099 0.009816 2.245756
0.861010 0.011966 0.010942 0.005791 0.000419 0.100052 0.009820 2.246924
0.861053 0.011986 0.010915 0.005833 0.000420 0.099970 0.009824 2.248126
0.861161 0.011952 0.010917 0.005815 0.000415 0.099911 0.009829 2.249289
0.861261 0.011904 0.010898 0.005830 0.000411 0.099859 0.009839 2.250504
