0.329672 0.063852 0.056778 0.032724 0.002162 0.508555 0.006259 1.660228
0.331583 0.062158 0.056656 0.032634 0.002160 0.508524 0.006285 1.666415
0.334009 0.060050 0.056463 0.032473 0.002171 0.508519 0.006315 1.672508
0.336796 0.057790 0.056203 0.032200 0.002163 0.508502 0.006346 1.678309
0.339879 0.055611 0.055754 0.031898 0.002154 0.508336 0.006369 1.683827
0.342989 0.053367 0.055336 0.031559 0.002147 0.508205 0.006398 1.689264
0.346303 0.051260 0.054689 0.031091 0.002151 0.508085 0.006422 1.694368
0.349846 0.049070 0.054093 0.030592 0.002131 0.507821 0.006447 1.699343
0.353476 0.046984 0.053355 0.030062 0.002115 0.507532 0.006477 1.704106
0.357197 0.044989 0.052640 0.029583 0.002102 0.506986 0.006504 1.708716
0.361077 0.043123 0.051707 0.029050 0.002096 0.506419 0.006530 1.713074
0.364930 0.041400 0.050757 0.028437 0.002094 0.505829 0.006554 1.717249
0.368809 0.039706 0.049827 0.027815 0.002082 0.505178 0.006582 1.721271
0.372854 0.038110 0.048765 0.027185 0.002069 0.504404 0.006611 1.725104
0.376873 0.036721 0.047726 0.026547 0.002064 0.503437 0.006633 1.728748
0.381041 0.035333 0.046674 0.025892 0.002056 0.502343 0.006661 1.732300
0.385169 0.033952 0.045673 0.025256 0.002031 0.501229 0.006689 1.735762
0.389390 0.032788 0.044605 0.024595 0.002006 0.499906 0.006709 1.738988
0.393641 0.031700 0.043530 0.023864 0.001994 0.498532 0.006738 1.742101
0.397877 0.030676 0.042435 0.023244 0.001982 0.497023 0.006763 1.745129
0.402057 0.029660 0.041298 0.022598 0.001954 0.495642 0.006792 1.748090
0.406365 0.028761 0.040261 0.021998 0.001947 0.493854 0.006814 1.750923
0.410645 0.027788 0.039233 0.021378 0.001916 0.492200 0.006839 1.753749
0.415033 0.026889 0.038248 0.020812 0.001905 0.490251 0.006861 1.756440
0.419191 0.026085 0.037272 0.020218 0.001881 0.488470 0.006884 1.759038
0.423578 0.025301 0.036329 0.019644 0.001853 0.486387 0.006909 1.761593
0.427892 0.024591 0.035354 0.019070 0.001831 0.484333 0.006929 1.764044
0.432189 0.023923 0.034405 0.018525 0.001792 0.482213 0.006954 1.766473
0.436346 0.023347 0.033559 0.017991 0.001760 0.480020 0.006977 1.768776
0.440646 0.022744 0.032709 0.017562 0.001741 0.477601 0.006996 1.771087
0.444927 0.022266 0.031762 0.017099 0.001711 0.475216 0.007018 1.773243
0.449199 0.021751 0.030925 0.016664 0.001692 0.472732 0.007036 1.775435
0.453482 0.021326 0.030136 0.016187 0.001655 0.470153 0.007060 1.777504
0.457747 0.020924 0.029372 0.015733 0.001631 0.467513 0.007080 1.779564
0.461957 0.020512 0.028685 0.015294 0.001604 0.464848 0.007101 1.781613
0.466272 0.020099 0.027936 0.014925 0.001575 0.462073 0.007118 1.783563
0.470572 0.019691 0.027241 0.014562 0.001540 0.459256 0.007138 1.785526
0.474731 0.019325 0.026529 0.014214 0.001528 0.456520 0.007153 1.787418
0.478861 0.018992 0.025930 0.013880 0.001483 0.453677 0.007177 1.789304
0.483001 0.018745 0.025330 0.013555 0.001446 0.450724 0.007199 1.791122
0.487160 0.018389 0.024778 0.013247 0.001430 0.447778 0.007219 1.792998
0.491147 0.018164 0.024185 0.012942 0.001406 0.444922 0.007235 1.794795
0.495185 0.017898 0.023647 0.012622 0.001380 0.442013 0.007255 1.796553
0.499198 0.017692 0.023181 0.012336 0.001345 0.438976 0.007273 1.798281
0.503202 0.017500 0.022668 0.012044 0.001313 0.435979 0.007292 1.799978
0.507148 0.017303 0.022191 0.011757 0.001284 0.433006 0.007311 1.801692
0.511050 0.017141 0.021696 0.011472 0.001254 0.430061 0.007328 1.803367
0.514850 0.016987 0.021212 0.011239 0.001230 0.427140 0.007343 1.805039
0.518700 0.016796 0.020800 0.010980 0.001208 0.424158 0.007359 1.806691
0.522496 0.016702 0.020391 0.010773 0.001182 0.421082 0.007376 1.808278
0.526377 0.016526 0.020050 0.010553 0.001153 0.417951 0.007391 1.809901
0.530173 0.016399 0.019722 0.010334 0.001134 0.414835 0.007403 1.811472
0.533891 0.016205 0.019370 0.010174 0.001097 0.411842 0.007421 1.813132
0.537619 0.016066 0.019023 0.010038 0.001069 0.408749 0.007437 1.814695
0.541139 0.016011 0.018678 0.009895 0.001041 0.405787 0.007450 1.816242
0.544875 0.015880 0.018398 0.009711 0.001011 0.402661 0.007464 1.817792
0.548384 0.015820 0.018089 0.009538 0.000992 0.399703 0.007473 1.819334
0.551852 0.015720 0.017806 0.009376 0.000982 0.396782 0.007483 1.820875
0.555256 0.015655 0.017605 0.009230 0.000961 0.393800 0.007494 1.822438
0.558645 0.015621 0.017372 0.009101 0.000937 0.390820 0.007506 1.823983
0.562070 0.015569 0.017152 0.008951 0.000923 0.387821 0.007514 1.825497
0.565329 0.015551 0.016939 0.008857 0.000899 0.384893 0.007531 1.827036
0.568700 0.015467 0.016711 0.008758 0.000872 0.381946 0.007546 1.828570
0.572004 0.015446 0.016457 0.008650 0.000854 0.379033 0.007556 1.830056
0.575171 0.015456 0.016233 0.008552 0.000835 0.376186 0.007568 1.831544
0.578378 0.015482 0.016031 0.008460 0.000814 0.373255 0.007580 1.833067
0.581477 0.015519 0.015893 0.008373 0.000791 0.370356 0.007591 1.834572
0.584560 0.015532 0.015765 0.008271 0.000768 0.367504 0.007600 1.836080
0.587613 0.015495 0.015650 0.008230 0.000761 0.364646 0.007605 1.837653
0.590629 0.015484 0.015539 0.008151 0.000745 0.361841 0.007611 1.839168
0.593555 0.015481 0.015395 0.008114 0.000728 0.359106 0.007621 1.840673
0.596473 0.015489 0.015304 0.008012 0.000713 0.356379 0.007631 1.842191
0.599302 0.015615 0.015210 0.007903 0.000702 0.353628 0.007640 1.843693
0.602127 0.015675 0.015137 0.007840 0.000688 0.350882 0.007652 1.845226
0.604970 0.015702 0.015086 0.007817 0.000675 0.348093 0.007657 1.846762
0.607707 0.015701 0.015045 0.007783 0.000658 0.345444 0.007662 1.848351
0.610394 0.015764 0.014991 0.007714 0.000649 0.342821 0.007667 1.849898
0.613070 0.015809 0.014942 0.007694 0.000635 0.340175 0.007676 1.851448
0.615707 0.015827 0.014995 0.007690 0.000619 0.337480 0.007684 1.853073
0.618270 0.015947 0.014931 0.007652 0.000606 0.334901 0.007693 1.854586
0.620738 0.016038 0.014900 0.007637 0.000598 0.332390 0.007699 1.856150
0.623151 0.016113 0.014866 0.007649 0.000583 0.329933 0.007705 1.857730
0.625611 0.016174 0.014846 0.007664 0.000570 0.327421 0.007713 1.859354
0.628053 0.016275 0.014890 0.007627 0.000553 0.324879 0.007724 1.860958
0.630337 0.016410 0.014894 0.007629 0.000544 0.322458 0.007729 1.862560
0.632714 0.016540 0.014912 0.007628 0.000536 0.319937 0.007733 1.864162
0.634996 0.016611 0.014938 0.007613 0.000532 0.317572 0.007738 1.865789
0.637184 0.016706 0.014919 0.007612 0.000517 0.315319 0.007743 1.867428
0.639427 0.016814 0.014936 0.007633 0.000509 0.312935 0.007746 1.869061
0.641549 0.016962 0.014939 0.007678 0.000497 0.310625 0.007752 1.870717
0.643550 0.017097 0.014972 0.007742 0.000496 0.308386 0.007758 1.872418
0.645513 0.017280 0.014960 0.007756 0.000486 0.306242 0.007764 1.874096
0.647461 0.017439 0.014966 0.007784 0.000479 0.304100 0.007771 1.875772
0.649342 0.017524 0.015096 0.007819 0.000475 0.301967 0.007775 1.877523
0.651285 0.017719 0.015146 0.007806 0.000473 0.299789 0.007783 1.879215
0.653108 0.017802 0.015218 0.007850 0.000464 0.297767 0.007791 1.880969
0.654882 0.017945 0.015287 0.007878 0.000456 0.295756 0.007796 1.882742
0.656559 0.018113 0.015331 0.007919 0.000452 0.293825 0.007801 1.884506
0.658287 0.018262 0.015421 0.007962 0.000446 0.291816 0.007808 1.886285
0.659951 0.018392 0.015528 0.008037 0.000439 0.289839 0.007815 1.888106
0.661546 0.018546 0.015623 0.008101 0.000431 0.287935 0.007819 1.889955
0.663143 0.018734 0.015748 0.008144 0.000424 0.285983 0.007825 1.891811
0.664746 0.018839 0.015880 0.008221 0.000421 0.284063 0.007830 1.893703
0.666277 0.018994 0.016031 0.008236 0.000425 0.282202 0.007836 1.895566
0.667725 0.019214 0.016116 0.008271 0.000423 0.280407 0.007844 1.897428
0.669107 0.019398 0.016210 0.008320 0.000422 0.278694 0.007850 1.899311
0.670460 0.019569 0.016363 0.008390 0.000419 0.276945 0.007855 1.901266
0.671839 0.019697 0.016493 0.008466 0.000423 0.275223 0.007859 1.903245
0.673189 0.019879 0.016583 0.008519 0.000413 0.273551 0.007866 1.905168
0.674438 0.020049 0.016663 0.008587 0.000408 0.271984 0.007872 1.907153
0.675695 0.020250 0.016749 0.008642 0.000400 0.270386 0.007878 1.909090
0.676798 0.020560 0.016842 0.008675 0.000396 0.268848 0.007882 1.911011
0.677887 0.020809 0.016995 0.008738 0.000396 0.267289 0.007887 1.913033
0.678952 0.021076 0.017088 0.008825 0.000396 0.265773 0.007891 1.915051
0.679974 0.021282 0.017212 0.008865 0.000393 0.264378 0.007897 1.917100
0.680946 0.021515 0.017405 0.008940 0.000389 0.262902 0.007903 1.919197
0.681877 0.021678 0.017578 0.009044 0.000390 0.261527 0.007907 1.921374
0.682811 0.021986 0.017693 0.009118 0.000392 0.260091 0.007911 1.923468
0.683688 0.022208 0.017866 0.009210 0.000391 0.258721 0.007916 1.925669
0.684551 0.022358 0.018112 0.009285 0.000386 0.257386 0.007922 1.927903
0.685296 0.022635 0.018243 0.009388 0.000392 0.256122 0.007923 1.930111
0.686061 0.022880 0.018352 0.009485 0.000386 0.254908 0.007928 1.932352
0.686678 0.023135 0.018493 0.009583 0.000389 0.253791 0.007930 1.934584
0.687324 0.023318 0.018712 0.009684 0.000393 0.252637 0.007932 1.936881
0.687932 0.023487 0.018924 0.009781 0.000391 0.251549 0.007936 1.939185
0.688511 0.023645 0.019143 0.009854 0.000387 0.250517 0.007944 1.941574
0.689139 0.023893 0.019285 0.009958 0.000392 0.249385 0.007948 1.943891
0.689680 0.024127 0.019423 0.010045 0.000391 0.248380 0.007955 1.946233
0.690229 0.024325 0.019584 0.010086 0.000398 0.247418 0.007959 1.948599
0.690756 0.024523 0.019812 0.010141 0.000399 0.246405 0.007965 1.951010
0.691135 0.024755 0.020075 0.010171 0.000403 0.245493 0.007969 1.953467
0.691499 0.025007 0.020236 0.010277 0.000403 0.244603 0.007976 1.955889
0.691814 0.025370 0.020384 0.010392 0.000403 0.243657 0.007981 1.958264
0.692154 0.025565 0.020567 0.010519 0.000408 0.242805 0.007983 1.960779
0.692413 0.025726 0.020796 0.010612 0.000402 0.242063 0.007988 1.963348
0.692650 0.025972 0.020948 0.010766 0.000401 0.241272 0.007992 1.965880
0.692876 0.026242 0.021048 0.010882 0.000404 0.240555 0.007994 1.968397
0.693189 0.026467 0.021201 0.010986 0.000407 0.239752 0.007998 1.970922
0.693385 0.026677 0.021386 0.011087 0.000409 0.239053 0.008003 1.973525
0.693604 0.026934 0.021540 0.011185 0.000409 0.238320 0.008008 1.976094
0.693765 0.027100 0.021691 0.011298 0.000408 0.237727 0.008011 1.978731
0.693886 0.027284 0.021897 0.011403 0.000414 0.237103 0.008015 1.981415
0.694017 0.027461 0.022074 0.011501 0.000418 0.236512 0.008019 1.984085
0.694078 0.027608 0.022246 0.011638 0.000416 0.235991 0.008023 1.986819
0.694139 0.027805 0.022439 0.011702 0.000417 0.235470 0.008029 1.989509
0.694244 0.027932 0.022687 0.011810 0.000420 0.234875 0.008033 1.992250
0.694385 0.027982 0.022899 0.011882 0.000415 0.234401 0.008037 1.995016
0.694506 0.028133 0.023062 0.011968 0.000414 0.233876 0.008041 1.997773
0.694408 0.028369 0.023237 0.012030 0.000426 0.233487 0.008043 2.000534
0.694419 0.028497 0.023447 0.012116 0.000433 0.233040 0.008050 2.003377
0.694300 0.028686 0.023626 0.012192 0.000431 0.232708 0.008057 2.006205
0.694257 0.028866 0.023677 0.012269 0.000433 0.232435 0.008063 2.008932
0.694207 0.028987 0.023821 0.012387 0.000436 0.232094 0.008070 2.011760
0.694219 0.029102 0.023995 0.012445 0.000443 0.231722 0.008074 2.014557
0.694140 0.029165 0.024132 0.012577 0.000442 0.231467 0.008078 2.017452
0.693998 0.029319 0.024267 0.012701 0.000446 0.231185 0.008083 2.020338
0.693946 0.029333 0.024393 0.012815 0.000454 0.230973 0.008088 2.023271
0.693937 0.029329 0.024475 0.012910 0.000459 0.230800 0.008090 2.026145
0.693736 0.029531 0.024599 0.012955 0.000464 0.230620 0.008094 2.028987
0.693610 0.029615 0.024751 0.013019 0.000458 0.230447 0.008100 2.031893
0.693532 0.029705 0.024874 0.013052 0.000468 0.230267 0.008104 2.034818
0.693371 0.029860 0.025016 0.013097 0.000465 0.230083 0.008109 2.037743
0.693160 0.029950 0.025210 0.013184 0.000471 0.229912 0.008113 2.040717
0.693042 0.030085 0.025348 0.013254 0.000475 0.229675 0.008122 2.043650
0.692926 0.030209 0.025421 0.013314 0.000476 0.229527 0.008127 2.046513
0.692674 0.030267 0.025531 0.013396 0.000475 0.229526 0.008132 2.049515
0.692531 0.030334 0.025611 0.013433 0.000485 0.229470 0.008137 2.052442
0.692487 0.030270 0.025853 0.013444 0.000488 0.229319 0.008140 2.055441
0.692343 0.030245 0.026033 0.013489 0.000493 0.229253 0.008144 2.058470
0.692124 0.030340 0.026105 0.013469 0.000489 0.229326 0.008149 2.061429
0.691929 0.030448 0.026237 0.013447 0.000493 0.229294 0.008153 2.064382
0.691784 0.030463 0.026303 0.013527 0.000492 0.229272 0.008160 2.067372
0.691648 0.030419 0.026388 0.013624 0.000496 0.229262 0.008164 2.070381
0.691550 0.030378 0.026439 0.013680 0.000503 0.229283 0.008169 2.073401
0.691317 0.030390 0.026545 0.013738 0.000502 0.229336 0.008172 2.076413
0.691224 0.030500 0.026498 0.013696 0.000504 0.229400 0.008178 2.079281
0.691005 0.030633 0.026537 0.013697 0.000506 0.229438 0.008183 2.082221
0.690903 0.030634 0.026620 0.013695 0.000509 0.229448 0.008189 2.085201
0.690800 0.030696 0.026652 0.013769 0.000509 0.229383 0.008193 2.088182
0.690683 0.030575 0.026835 0.013805 0.000506 0.229399 0.008197 2.091290
0.690483 0.030620 0.026950 0.013833 0.000505 0.229405 0.008204 2.094305
0.690408 0.030540 0.026996 0.013862 0.000509 0.229477 0.008210 2.097329
0.690320 0.030472 0.027073 0.013883 0.000510 0.229528 0.008214 2.100358
0.690339 0.030395 0.027138 0.013912 0.000511 0.229484 0.008221 2.103363
0.690188 0.030444 0.027099 0.013894 0.000512 0.229636 0.008227 2.106305
0.690111 0.030336 0.027188 0.013887 0.000520 0.229729 0.008231 2.109343
0.690073 0.030386 0.027125 0.013937 0.000517 0.229726 0.008237 2.112237
0.690040 0.030248 0.027216 0.013940 0.000521 0.229797 0.008239 2.115285
0.689881 0.030312 0.027206 0.013911 0.000525 0.229923 0.008242 2.118208
0.689750 0.030280 0.027280 0.013892 0.000532 0.230019 0.008247 2.121199
0.689646 0.030218 0.027333 0.013937 0.000533 0.230079 0.008253 2.124209
0.689588 0.030195 0.027366 0.013948 0.000535 0.230110 0.008259 2.127194
0.689545 0.030190 0.027295 0.013956 0.000538 0.230214 0.008263 2.130091
0.689542 0.030146 0.027297 0.013985 0.000537 0.230225 0.008269 2.133037
0.689499 0.030143 0.027345 0.013984 0.000539 0.230218 0.008273 2.135981
0.689503 0.030087 0.027361 0.013968 0.000542 0.230261 0.008278 2.138914
0.689462 0.030092 0.027284 0.013971 0.000538 0.230369 0.008283 2.141835
0.689516 0.030021 0.027297 0.013901 0.000531 0.230443 0.008291 2.144733
0.689615 0.029888 0.027325 0.013882 0.000539 0.230456 0.008295 2.147675
0.689663 0.029797 0.027336 0.013821 0.000542 0.230542 0.008301 2.150622
0.689692 0.029767 0.027234 0.013806 0.000539 0.230655 0.008307 2.153478
0.689690 0.029690 0.027298 0.013822 0.000540 0.230646 0.008314 2.156460
0.689822 0.029575 0.027283 0.013841 0.000532 0.230626 0.008322 2.159403
0.689819 0.029663 0.027231 0.013820 0.000536 0.230602 0.008329 2.162243
0.689786 0.029632 0.027162 0.013817 0.000542 0.230728 0.008335 2.165142
0.689848 0.029627 0.027078 0.013851 0.000543 0.230715 0.008338 2.167998
0.689940 0.029476 0.027126 0.013849 0.000541 0.230727 0.008341 2.170948
0.689957 0.029467 0.027110 0.013881 0.000536 0.230698 0.008351 2.173824
0.690092 0.029450 0.027007 0.013902 0.000546 0.230649 0.008356 2.176635
0.690098 0.029362 0.027017 0.013882 0.000546 0.230734 0.008362 2.179543
0.690193 0.029246 0.026998 0.013891 0.000553 0.230754 0.008367 2.182418
0.690337 0.029062 0.027056 0.013865 0.000556 0.230752 0.008372 2.185359
0.690412 0.029048 0.026964 0.013877 0.000550 0.230769 0.008381 2.188186
0.690516 0.028930 0.026930 0.013849 0.000550 0.230840 0.008385 2.191061
0.690602 0.028863 0.026838 0.013842 0.000551 0.230914 0.008389 2.193903
0.690651 0.028822 0.026736 0.013820 0.000554 0.231020 0.008396 2.196719
0.690845 0.028706 0.026674 0.013840 0.000559 0.230976 0.008401 2.199540
0.691037 0.028656 0.026625 0.013779 0.000563 0.230931 0.008408 2.202352
0.691182 0.028491 0.026632 0.013764 0.000563 0.230955 0.008412 2.205222
0.691279 0.028498 0.026642 0.013680 0.000563 0.230921 0.008416 2.207996
0.691353 0.028457 0.026579 0.013711 0.000561 0.230917 0.008422 2.210803
0.691498 0.028335 0.026562 0.013721 0.000554 0.230906 0.008424 2.213665
0.691646 0.028307 0.026494 0.013677 0.000554 0.230895 0.008428 2.216440
0.691858 0.028273 0.026398 0.013648 0.000555 0.230837 0.008431 2.219175
0.692029 0.028238 0.026355 0.013573 0.000549 0.230819 0.008436 2.221933
0.692210 0.028119 0.026298 0.013585 0.000550 0.230796 0.008443 2.224739
0.692395 0.028063 0.026172 0.013560 0.000554 0.230811 0.008447 2.227458
0.692558 0.028058 0.026029 0.013570 0.000553 0.230780 0.008453 2.230168
0.692782 0.027929 0.026072 0.013506 0.000553 0.230701 0.008457 2.232947
0.693103 0.027858 0.026044 0.013450 0.000547 0.230533 0.008465 2.235670
0.693279 0.027809 0.026017 0.013387 0.000544 0.230492 0.008472 2.238438
0.693478 0.027755 0.025961 0.013356 0.000548 0.230426 0.008477 2.241189
0.693705 0.027720 0.025892 0.013345 0.000539 0.230311 0.008487 2.243908
0.693912 0.027653 0.025845 0.013281 0.000544 0.230274 0.008490 2.246646
0.694102 0.027648 0.025801 0.013240 0.000545 0.230168 0.008497 2.249345
0.694251 0.027676 0.025792 0.013188 0.000543 0.230049 0.008502 2.252059
0.694405 0.027659 0.025767 0.013161 0.000543 0.229961 0.008504 2.254763
0.694624 0.027581 0.025757 0.013126 0.000540 0.229863 0.008508 2.257489
0.694903 0.027530 0.025734 0.013067 0.000542 0.229709 0.008514 2.260182
0.695065 0.027530 0.025693 0.013018 0.000541 0.229635 0.008518 2.262848
0.695341 0.027486 0.025638 0.012963 0.000539 0.229510 0.008524 2.265501
0.695493 0.027407 0.025601 0.012891 0.000541 0.229541 0.008526 2.268256
0.695716 0.027428 0.025543 0.012880 0.000543 0.229359 0.008532 2.270934
0.695787 0.027385 0.025507 0.012902 0.000547 0.229337 0.008535 2.273670
0.696011 0.027254 0.025498 0.012918 0.000555 0.229223 0.008542 2.276415
0.696238 0.027154 0.025450 0.012941 0.000553 0.229116 0.008547 2.279116
0.696470 0.027094 0.025347 0.012955 0.000551 0.229030 0.008553 2.281793
0.696793 0.026986 0.025308 0.012868 0.000549 0.228939 0.008557 2.284485
0.697141 0.026914 0.025228 0.012836 0.000553 0.228765 0.008562 2.287150
0.697355 0.026895 0.025178 0.012863 0.000554 0.228588 0.008567 2.289830
0.697669 0.026807 0.025080 0.012859 0.000553 0.228461 0.008572 2.292469
0.697943 0.026710 0.025127 0.012810 0.000550 0.228286 0.008576 2.295147
0.698252 0.026666 0.025066 0.012799 0.000549 0.228086 0.008582 2.297755
0.698549 0.026715 0.024945 0.012744 0.000544 0.227919 0.008585 2.300323
0.698811 0.026721 0.024853 0.012690 0.000543 0.227792 0.008589 2.302930
0.699102 0.026697 0.024815 0.012663 0.000551 0.227576 0.008595 2.305532
0.699349 0.026659 0.024773 0.012632 0.000544 0.227438 0.008604 2.308155
0.699553 0.026601 0.024773 0.012601 0.000545 0.227315 0.008611 2.310800
0.699801 0.026658 0.024711 0.012567 0.000547 0.227102 0.008614 2.313351
0.700118 0.026600 0.024684 0.012525 0.000545 0.226909 0.008619 2.315962
0.700299 0.026592 0.024733 0.012493 0.000546 0.226713 0.008624 2.318604
0.700625 0.026541 0.024738 0.012477 0.000544 0.226449 0.008627 2.321206
0.700819 0.026589 0.024700 0.012424 0.000543 0.226294 0.008631 2.323803
0.700956 0.026638 0.024660 0.012438 0.000548 0.226124 0.008635 2.326422
0.701117 0.026681 0.024607 0.012432 0.000546 0.225973 0.008643 2.329036
0.701367 0.026623 0.024618 0.012409 0.000539 0.225795 0.008650 2.331673
0.701573 0.026728 0.024470 0.012352 0.000534 0.225686 0.008658 2.334184
0.701838 0.026715 0.024445 0.012375 0.000535 0.225430 0.008662 2.336813
0.702032 0.026754 0.024500 0.012323 0.000531 0.225194 0.008667 2.339411
0.702155 0.026790 0.024496 0.012364 0.000533 0.224992 0.008671 2.342054
0.702411 0.026738 0.024532 0.012392 0.000527 0.224723 0.008677 2.344700
0.702584 0.026802 0.024538 0.012390 0.000518 0.224484 0.008683 2.347320
0.702716 0.026853 0.024505 0.012457 0.000525 0.224257 0.008688 2.349929
0.702830 0.026866 0.024566 0.012448 0.000512 0.224085 0.008693 2.352548
0.702911 0.026919 0.024566 0.012431 0.000511 0.223964 0.008698 2.355161
0.702975 0.026960 0.024554 0.012465 0.000512 0.223831 0.008703 2.357820
0.703122 0.026978 0.024605 0.012440 0.000509 0.223636 0.008710 2.360457
0.703257 0.026987 0.024591 0.012433 0.000507 0.223510 0.008714 2.363100
0.703434 0.027005 0.024578 0.012472 0.000506 0.223287 0.008718 2.365729
0.703690 0.026981 0.024518 0.012458 0.000511 0.223118 0.008725 2.368313
0.703811 0.027030 0.024448 0.012459 0.000508 0.223013 0.008730 2.370907
0.703997 0.027007 0.024471 0.012477 0.000505 0.222803 0.008741 2.373541
0.704169 0.026958 0.024477 0.012481 0.000505 0.222664 0.008746 2.376206
0.704274 0.027019 0.024465 0.012460 0.000508 0.222524 0.008749 2.378785
0.704438 0.027005 0.024453 0.012463 0.000506 0.222380 0.008754 2.381415
0.704473 0.027069 0.024350 0.012538 0.000508 0.222302 0.008759 2.384049
0.704588 0.027159 0.024296 0.012571 0.000511 0.222112 0.008762 2.386632
0.704719 0.027187 0.024324 0.012554 0.000507 0.221942 0.008768 2.389259
0.704881 0.027080 0.024367 0.012596 0.000508 0.221797 0.008771 2.391994
0.705011 0.027166 0.024352 0.012587 0.000506 0.221599 0.008779 2.394574
0.705146 0.027156 0.024403 0.012581 0.000509 0.221420 0.008784 2.397238
0.705390 0.027168 0.024351 0.012590 0.000505 0.221203 0.008792 2.399876
0.705563 0.027031 0.024469 0.012608 0.000501 0.221030 0.008798 2.402577
0.705636 0.026996 0.024447 0.012621 0.000507 0.220993 0.008801 2.405248
0.705701 0.026928 0.024533 0.012568 0.000512 0.220951 0.008807 2.407933
0.705752 0.027052 0.024495 0.012563 0.000514 0.220813 0.008811 2.410514
0.705864 0.027009 0.024482 0.012577 0.000511 0.220740 0.008817 2.413178
0.706128 0.026910 0.024524 0.012577 0.000511 0.220528 0.008823 2.415851
0.706267 0.026976 0.024466 0.012536 0.000509 0.220415 0.008829 2.418449
0.706389 0.026925 0.024508 0.012520 0.000509 0.220316 0.008833 2.421086
0.706485 0.026893 0.024533 0.012544 0.000509 0.220198 0.008839 2.423761
0.706507 0.026904 0.024535 0.012552 0.000519 0.220140 0.008844 2.426404
0.706689 0.026865 0.024514 0.012545 0.000520 0.220020 0.008847 2.429034
0.706731 0.026897 0.024467 0.012638 0.000516 0.219897 0.008854 2.431700
0.706830 0.026917 0.024432 0.012630 0.000515 0.219815 0.008861 2.434313
0.706929 0.026987 0.024421 0.012572 0.000517 0.219710 0.008865 2.436939
0.707026 0.027002 0.024419 0.012538 0.000520 0.219623 0.008873 2.439573
0.707107 0.026919 0.024482 0.012568 0.000516 0.219530 0.008879 2.442289
0.707248 0.026915 0.024473 0.012540 0.000507 0.219431 0.008886 2.444917
0.707318 0.026969 0.024404 0.012512 0.000507 0.219399 0.008892 2.447501
0.707463 0.026904 0.024457 0.012512 0.000503 0.219263 0.008898 2.450163
0.707526 0.026952 0.024492 0.012479 0.000506 0.219143 0.008902 2.452792
0.707585 0.027057 0.024470 0.012487 0.000502 0.218993 0.008905 2.455367
0.707646 0.027050 0.024479 0.012482 0.000506 0.218925 0.008911 2.458024
0.707707 0.027076 0.024510 0.012478 0.000508 0.218803 0.008917 2.460659
0.707776 0.027050 0.024542 0.012433 0.000521 0.218758 0.008920 2.463332
0.707939 0.027012 0.024490 0.012441 0.000519 0.218673 0.008927 2.465964
0.707951 0.027038 0.024559 0.012393 0.000517 0.218611 0.008931 2.468611
0.708092 0.027009 0.024575 0.012416 0.000511 0.218460 0.008937 2.471290
0.708079 0.027090 0.024521 0.012409 0.000516 0.218442 0.008943 2.473889
0.708233 0.027031 0.024508 0.012407 0.000517 0.218357 0.008948 2.476534
0.708232 0.027025 0.024537 0.012457 0.000524 0.218270 0.008955 2.479220
0.708298 0.027048 0.024534 0.012461 0.000524 0.218177 0.008959 2.481832
0.708360 0.027076 0.024499 0.012488 0.000519 0.218091 0.008967 2.484471
0.708460 0.027063 0.024546 0.012532 0.000515 0.217912 0.008972 2.487154
0.708497 0.027121 0.024497 0.012549 0.000515 0.217843 0.008978 2.489757
0.708531 0.027240 0.024538 0.012502 0.000514 0.217693 0.008984 2.492368
0.708678 0.027142 0.024579 0.012529 0.000510 0.217573 0.008988 2.495075
0.708736 0.027191 0.024546 0.012515 0.000516 0.217503 0.008992 2.497722
0.708739 0.027153 0.024565 0.012602 0.000516 0.217426 0.008999 2.500453
0.708734 0.027187 0.024561 0.012575 0.000520 0.217417 0.009006 2.503120
0.708765 0.027053 0.024637 0.012560 0.000522 0.217449 0.009013 2.505843
0.708810 0.027037 0.024596 0.012522 0.000524 0.217496 0.009015 2.508502
0.708906 0.026961 0.024581 0.012508 0.000522 0.217503 0.009020 2.511174
0.708855 0.027092 0.024566 0.012492 0.000528 0.217442 0.009024 2.513776
0.708865 0.027109 0.024579 0.012534 0.000530 0.217352 0.009030 2.516460
0.708840 0.027128 0.024626 0.012547 0.000523 0.217299 0.009037 2.519175
0.708811 0.027193 0.024603 0.012558 0.000531 0.217263 0.009042 2.521776
0.708816 0.027185 0.024653 0.012528 0.000529 0.217239 0.009049 2.524451
0.708915 0.027119 0.024753 0.012537 0.000532 0.217090 0.009055 2.527206
0.708911 0.027182 0.024690 0.012484 0.000535 0.217135 0.009063 2.529840
0.708889 0.027181 0.024720 0.012530 0.000529 0.217080 0.009072 2.532541
0.708819 0.027252 0.024740 0.012487 0.000533 0.217094 0.009075 2.535177
0.708813 0.027236 0.024739 0.012510 0.000533 0.217089 0.009081 2.537871
0.708747 0.027260 0.024778 0.012540 0.000538 0.217050 0.009086 2.540597
0.708766 0.027305 0.024806 0.012505 0.000535 0.216992 0.009090 2.543264
0.708835 0.027398 0.024756 0.012469 0.000523 0.216920 0.009099 2.545824
0.708792 0.027495 0.024756 0.012541 0.000524 0.216788 0.009104 2.548510
0.708781 0.027623 0.024767 0.012504 0.000528 0.216687 0.009109 2.551139
0.708726 0.027632 0.024846 0.012540 0.000527 0.216616 0.009114 2.553871
0.708704 0.027572 0.024902 0.012578 0.000516 0.216603 0.009124 2.556635
0.708711 0.027518 0.024885 0.012614 0.000522 0.216619 0.009131 2.559389
0.708581 0.027562 0.024900 0.012637 0.000517 0.216665 0.009137 2.562139
0.708539 0.027577 0.024948 0.012614 0.000521 0.216662 0.009141 2.564855
0.708525 0.027512 0.025020 0.012690 0.000525 0.216585 0.009143 2.567599
0.708456 0.027583 0.025049 0.012677 0.000521 0.216566 0.009148 2.570293
0.708460 0.027559 0.025103 0.012679 0.000525 0.216520 0.009154 2.573023
0.708424 0.027556 0.025119 0.012664 0.000526 0.216550 0.009160 2.575708
0.708425 0.027640 0.025110 0.012658 0.000526 0.216477 0.009165 2.578359
0.708340 0.027719 0.025061 0.012702 0.000523 0.216482 0.009172 2.581064
0.708376 0.027701 0.025103 0.012704 0.000528 0.216409 0.009180 2.583790
0.708360 0.027768 0.025069 0.012715 0.000527 0.216375 0.009185 2.586445
0.708337 0.027816 0.025071 0.012720 0.000525 0.216343 0.009189 2.589171
0.708323 0.027779 0.025090 0.012779 0.000522 0.216314 0.009193 2.591922
0.708237 0.027827 0.025058 0.012777 0.000525 0.216379 0.009199 2.594625
0.708263 0.027802 0.025085 0.012743 0.000529 0.216375 0.009203 2.597345
0.708246 0.027778 0.025052 0.012753 0.000526 0.216433 0.009213 2.600069
0.708249 0.027878 0.025044 0.012701 0.000517 0.216391 0.009220 2.602723
0.708252 0.027812 0.025033 0.012785 0.000517 0.216377 0.009223 2.605484
0.708290 0.027649 0.025151 0.012757 0.000522 0.216402 0.009229 2.608256
0.708296 0.027613 0.025182 0.012764 0.000519 0.216391 0.009235 2.611010
0.708299 0.027605 0.025134 0.012789 0.000516 0.216413 0.009243 2.613727
0.708302 0.027601 0.025116 0.012799 0.000518 0.216416 0.009248 2.616425
0.708243 0.027527 0.025152 0.012806 0.000528 0.216491 0.009252 2.619198
0.708299 0.027490 0.025102 0.012809 0.000529 0.216517 0.009255 2.621875
0.708412 0.027403 0.025165 0.012814 0.000535 0.216413 0.009258 2.624599
0.708409 0.027372 0.025248 0.012771 0.000536 0.216402 0.009262 2.627326
0.708395 0.027401 0.025221 0.012722 0.000543 0.216449 0.009269 2.630005
0.708347 0.027458 0.025217 0.012716 0.000537 0.216452 0.009274 2.632696
0.708389 0.027396 0.025244 0.012665 0.000539 0.216490 0.009278 2.635417
0.708401 0.027380 0.025329 0.012661 0.000541 0.216405 0.009283 2.638153
0.708481 0.027374 0.025309 0.012662 0.000544 0.216341 0.009289 2.640837
0.708567 0.027329 0.025263 0.012720 0.000540 0.216286 0.009295 2.643546
0.708626 0.027359 0.025212 0.012740 0.000537 0.216226 0.009302 2.646189
0.708608 0.027379 0.025203 0.012718 0.000537 0.216249 0.009308 2.648872
0.708633 0.027332 0.025206 0.012744 0.000536 0.216237 0.009312 2.651590
0.708633 0.027432 0.025132 0.012714 0.000536 0.216237 0.009316 2.654194
0.708654 0.027488 0.025113 0.012643 0.000539 0.216244 0.009320 2.656848
0.708680 0.027528 0.025089 0.012602 0.000541 0.216235 0.009326 2.659535
0.708683 0.027579 0.025065 0.012626 0.000535 0.216180 0.009332 2.662202
0.708591 0.027634 0.025091 0.012625 0.000526 0.216193 0.009339 2.664904
0.708550 0.027617 0.025181 0.012625 0.000534 0.216149 0.009344 2.667633
0.708410 0.027695 0.025192 0.012634 0.000542 0.216180 0.009346 2.670343
0.708354 0.027691 0.025267 0.012673 0.000543 0.216123 0.009350 2.673063
0.708311 0.027664 0.025267 0.012660 0.000547 0.216196 0.009354 2.675772
0.708182 0.027744 0.025209 0.012670 0.000550 0.216285 0.009359 2.678455
0.708138 0.027740 0.025160 0.012631 0.000554 0.216414 0.009363 2.681170
0.708259 0.027722 0.025138 0.012611 0.000553 0.216349 0.009367 2.683846
0.708280 0.027691 0.025167 0.012606 0.000551 0.216332 0.009374 2.686570
0.708263 0.027724 0.025183 0.012583 0.000549 0.216320 0.009378 2.689229
0.708207 0.027773 0.025134 0.012618 0.000539 0.216346 0.009382 2.691907
0.708228 0.027726 0.025134 0.012621 0.000543 0.216362 0.009387 2.694642
0.708224 0.027723 0.025202 0.012587 0.000541 0.216332 0.009392 2.697368
0.708202 0.027748 0.025186 0.012632 0.000545 0.216291 0.009396 2.700054
0.708240 0.027679 0.025170 0.012688 0.000543 0.216280 0.009402 2.702781
0.708310 0.027625 0.025169 0.012764 0.000544 0.216179 0.009408 2.705520
0.708281 0.027629 0.025259 0.012733 0.000551 0.216135 0.009412 2.708239
0.708333 0.027578 0.025225 0.012763 0.000558 0.216126 0.009418 2.710942
0.708380 0.027543 0.025256 0.012780 0.000561 0.216058 0.009424 2.713663
0.708381 0.027586 0.025188 0.012770 0.000561 0.216083 0.009431 2.716344
0.708393 0.027635 0.025175 0.012730 0.000556 0.216067 0.009444 2.719000
0.708424 0.027597 0.025182 0.012738 0.000558 0.216054 0.009448 2.721744
0.708362 0.027615 0.025196 0.012758 0.000554 0.216063 0.009452 2.724474
0.708323 0.027626 0.025210 0.012710 0.000564 0.216113 0.009455 2.727152
0.708332 0.027609 0.025197 0.012657 0.000566 0.216181 0.009458 2.729836
0.708425 0.027553 0.025258 0.012660 0.000555 0.216085 0.009465 2.732541
0.708405 0.027542 0.025224 0.012646 0.000555 0.216157 0.009471 2.735257
0.708398 0.027527 0.025197 0.012590 0.000563 0.216250 0.009476 2.737944
0.708400 0.027498 0.025222 0.012615 0.000558 0.216227 0.009480 2.740670
0.708387 0.027524 0.025234 0.012635 0.000551 0.216183 0.009486 2.743359
0.708369 0.027512 0.025330 0.012679 0.000544 0.216075 0.009490 2.746085
0.708373 0.027549 0.025311 0.012678 0.000543 0.216049 0.009496 2.748752
0.708436 0.027511 0.025246 0.012706 0.000540 0.216060 0.009502 2.751461
0.708481 0.027522 0.025215 0.012683 0.000539 0.216052 0.009508 2.754126
0.708532 0.027573 0.025186 0.012673 0.000536 0.215988 0.009512 2.756787
0.708429 0.027601 0.025261 0.012663 0.000543 0.215986 0.009518 2.759506
0.708444 0.027654 0.025215 0.012648 0.000540 0.215977 0.009521 2.762167
0.708406 0.027662 0.025219 0.012695 0.000538 0.215955 0.009526 2.764902
0.708436 0.027699 0.025175 0.012676 0.000545 0.215938 0.009531 2.767569
0.708427 0.027625 0.025215 0.012717 0.000545 0.215934 0.009537 2.770306
0.708364 0.027620 0.025191 0.012729 0.000552 0.216001 0.009543 2.773064
0.708384 0.027660 0.025250 0.012706 0.000558 0.215895 0.009547 2.775765
0.708285 0.027630 0.025231 0.012716 0.000566 0.216018 0.009554 2.778478
0.708295 0.027587 0.025269 0.012698 0.000565 0.216022 0.009564 2.781212
0.708229 0.027588 0.025205 0.012697 0.000562 0.216154 0.009567 2.783949
0.708259 0.027512 0.025231 0.012723 0.000565 0.216140 0.009570 2.786668
0.708297 0.027500 0.025227 0.012739 0.000565 0.216097 0.009576 2.789343
0.708261 0.027491 0.025199 0.012684 0.000561 0.216223 0.009581 2.792007
0.708251 0.027561 0.025129 0.012681 0.000565 0.216226 0.009589 2.794662
0.708289 0.027535 0.025101 0.012630 0.000564 0.216287 0.009595 2.797328
0.708368 0.027569 0.025095 0.012639 0.000562 0.216165 0.009604 2.799989
0.708468 0.027437 0.025094 0.012664 0.000563 0.216165 0.009609 2.802738
0.708459 0.027418 0.025084 0.012669 0.000558 0.216196 0.009617 2.805465
0.708455 0.027374 0.025084 0.012646 0.000557 0.216260 0.009624 2.808193
0.708577 0.027295 0.025054 0.012673 0.000557 0.216212 0.009631 2.810923
0.708617 0.027266 0.025015 0.012698 0.000561 0.216208 0.009636 2.813631
0.708594 0.027331 0.024992 0.012682 0.000563 0.216197 0.009642 2.816284
0.708536 0.027354 0.024969 0.012710 0.000561 0.216222 0.009648 2.818973
0.708563 0.027296 0.024982 0.012729 0.000559 0.216219 0.009653 2.821691
0.708554 0.027306 0.025017 0.012730 0.000557 0.216178 0.009658 2.824368
0.708615 0.027301 0.025031 0.012688 0.000549 0.216152 0.009664 2.827087
0.708625 0.027248 0.025040 0.012689 0.000550 0.216174 0.009673 2.829805
0.708675 0.027209 0.024995 0.012670 0.000553 0.216224 0.009675 2.832474
0.708763 0.027297 0.024914 0.012698 0.000555 0.216092 0.009681 2.835102
0.708767 0.027299 0.024893 0.012699 0.000557 0.216101 0.009684 2.837791
0.708746 0.027386 0.024887 0.012708 0.000554 0.216030 0.009690 2.840441
0.708748 0.027358 0.024958 0.012676 0.000557 0.216005 0.009698 2.843152
0.708752 0.027341 0.024916 0.012722 0.000563 0.216001 0.009704 2.845837
0.708806 0.027315 0.024851 0.012723 0.000564 0.216032 0.009710 2.848490
0.708789 0.027363 0.024819 0.012715 0.000565 0.216034 0.009715 2.851166
0.708830 0.027365 0.024792 0.012681 0.000566 0.216045 0.009721 2.853810
0.708854 0.027373 0.024780 0.012700 0.000566 0.216003 0.009725 2.856472
0.708822 0.027386 0.024831 0.012710 0.000557 0.215961 0.009733 2.859152
0.708763 0.027359 0.024833 0.012729 0.000552 0.216024 0.009739 2.861863
0.708781 0.027325 0.024840 0.012693 0.000550 0.216067 0.009745 2.864550
0.708789 0.027301 0.024871 0.012732 0.000544 0.216014 0.009750 2.867269
0.708875 0.027279 0.024882 0.012729 0.000539 0.215944 0.009754 2.869947
0.708944 0.027230 0.024910 0.012729 0.000536 0.215895 0.009755 2.872647
0.708988 0.027163 0.024871 0.012731 0.000538 0.215952 0.009758 2.875304
0.708992 0.027196 0.024831 0.012729 0.000538 0.215953 0.009762 2.877960
0.709028 0.027203 0.024829 0.012692 0.000532 0.215948 0.009768 2.880633
0.709160 0.027137 0.024842 0.012658 0.000532 0.215898 0.009774 2.883336
0.709249 0.027133 0.024812 0.012675 0.000531 0.215822 0.009778 2.886012
0.709308 0.027120 0.024880 0.012666 0.000525 0.215717 0.009784 2.888653
0.709322 0.027165 0.024873 0.012660 0.000516 0.215672 0.009792 2.891285
0.709268 0.027226 0.024803 0.012669 0.000513 0.215724 0.009797 2.893943
0.709270 0.027231 0.024863 0.012601 0.000505 0.215726 0.009804 2.896639
0.709367 0.027209 0.024879 0.012579 0.000506 0.215654 0.009808 2.899305
0.709367 0.027267 0.024838 0.012591 0.000497 0.215625 0.009815 2.901918
0.709327 0.027360 0.024786 0.012560 0.000491 0.215653 0.009823 2.904532
0.709373 0.027331 0.024794 0.012521 0.000489 0.215664 0.009827 2.907235
0.709292 0.027401 0.024798 0.012526 0.000489 0.215661 0.009831 2.909886
0.709208 0.027433 0.024819 0.012545 0.000489 0.215670 0.009836 2.912587
0.709268 0.027384 0.024835 0.012550 0.000485 0.215636 0.009841 2.915266
0.709220 0.027468 0.024800 0.012521 0.000487 0.215655 0.009849 2.917890
0.709206 0.027437 0.024785 0.012556 0.000482 0.215681 0.009854 2.920598
0.709287 0.027477 0.024787 0.012575 0.000487 0.215528 0.009859 2.923274
0.709372 0.027434 0.024815 0.012570 0.000486 0.215460 0.009863 2.925963
0.709345 0.027397 0.024849 0.012579 0.000493 0.215469 0.009867 2.928680
0.709338 0.027425 0.024781 0.012598 0.000500 0.215488 0.009870 2.931361
0.709315 0.027467 0.024764 0.012619 0.000507 0.215455 0.009873 2.934035
0.709351 0.027448 0.024708 0.012630 0.000509 0.215473 0.009880 2.936692
0.709385 0.027392 0.024734 0.012672 0.000511 0.215420 0.009886 2.939448
0.709419 0.027311 0.024725 0.012708 0.000513 0.215435 0.009890 2.942141
0.709533 0.027160 0.024740 0.012717 0.000521 0.215436 0.009893 2.944859
0.709550 0.027123 0.024773 0.012742 0.000514 0.215402 0.009897 2.947563
0.709611 0.027126 0.024805 0.012676 0.000518 0.215362 0.009902 2.950219
0.709601 0.027152 0.024831 0.012598 0.000525 0.215386 0.009908 2.952872
0.709637 0.027141 0.024839 0.012579 0.000529 0.215365 0.009911 2.955526
0.709622 0.027179 0.024822 0.012538 0.000524 0.215397 0.009919 2.958172
0.709775 0.027093 0.024831 0.012537 0.000526 0.215317 0.009922 2.960854
0.709793 0.027128 0.024791 0.012504 0.000527 0.215329 0.009928 2.963511
0.709770 0.027104 0.024825 0.012549 0.000528 0.215293 0.009931 2.966237
0.709699 0.027176 0.024848 0.012515 0.000529 0.215297 0.009935 2.968910
0.709789 0.027195 0.024833 0.012475 0.000531 0.215237 0.009940 2.971538
0.709791 0.027210 0.024788 0.012485 0.000521 0.215261 0.009945 2.974193
0.709823 0.027188 0.024791 0.012551 0.000530 0.215170 0.009948 2.976895
0.709853 0.027222 0.024846 0.012541 0.000520 0.215060 0.009958 2.979539
0.709828 0.027197 0.024882 0.012534 0.000522 0.215072 0.009966 2.982245
0.709891 0.027111 0.024910 0.012606 0.000511 0.215001 0.009971 2.984964
0.709912 0.027104 0.024881 0.012629 0.000509 0.214989 0.009975 2.987602
0.709917 0.027128 0.024876 0.012635 0.000510 0.214954 0.009981 2.990258
0.709920 0.027127 0.024869 0.012692 0.000500 0.214906 0.009986 2.992965
0.709937 0.027156 0.024867 0.012686 0.000506 0.214856 0.009992 2.995632
0.709900 0.027182 0.024859 0.012676 0.000510 0.214876 0.009997 2.998320
0.709914 0.027154 0.024876 0.012658 0.000510 0.214886 0.010002 3.001009
0.709980 0.027231 0.024792 0.012612 0.000519 0.214861 0.010005 3.003581
0.709984 0.027253 0.024763 0.012603 0.000516 0.214872 0.010010 3.006236
0.709862 0.027261 0.024752 0.012622 0.000516 0.214969 0.010018 3.008944
0.709890 0.027229 0.024759 0.012667 0.000516 0.214917 0.010022 3.011662
0.709852 0.027191 0.024838 0.012667 0.000510 0.214915 0.010027 3.014380
0.709952 0.027164 0.024837 0.012667 0.000515 0.214833 0.010033 3.017030
0.709858 0.027281 0.024799 0.012698 0.000511 0.214815 0.010038 3.019663
0.709914 0.027251 0.024735 0.012675 0.000514 0.214868 0.010044 3.022340
0.709945 0.027255 0.024685 0.012721 0.000515 0.214829 0.010048 3.025023
0.709921 0.027264 0.024671 0.012719 0.000507 0.214862 0.010055 3.027701
0.709926 0.027300 0.024676 0.012711 0.000514 0.214812 0.010061 3.030363
0.709915 0.027320 0.024645 0.012767 0.000519 0.214771 0.010063 3.033047
0.709844 0.027260 0.024664 0.012788 0.000519 0.214856 0.010069 3.035782
0.709815 0.027271 0.024724 0.012729 0.000517 0.214868 0.010076 3.038451
0.709933 0.027244 0.024729 0.012737 0.000520 0.214755 0.010082 3.041087
0.709915 0.027307 0.024721 0.012668 0.000519 0.214780 0.010089 3.043711
0.709881 0.027319 0.024688 0.012670 0.000510 0.214834 0.010097 3.046381
0.709889 0.027338 0.024632 0.012670 0.000512 0.214858 0.010102 3.049012
0.709789 0.027440 0.024694 0.012631 0.000514 0.214822 0.010108 3.051694
0.709780 0.027473 0.024757 0.012634 0.000522 0.214719 0.010115 3.054357
0.709812 0.027504 0.024801 0.012644 0.000517 0.214602 0.010121 3.057028
0.709801 0.027564 0.024784 0.012632 0.000521 0.214572 0.010126 3.059689
0.709716 0.027551 0.024895 0.012659 0.000526 0.214521 0.010131 3.062449
0.709683 0.027551 0.024938 0.012636 0.000523 0.214533 0.010136 3.065148
0.709657 0.027541 0.024947 0.012593 0.000526 0.214596 0.010140 3.067836
0.709659 0.027492 0.024973 0.012631 0.000524 0.214574 0.010146 3.070577
0.709585 0.027599 0.024982 0.012627 0.000528 0.214527 0.010152 3.073207
0.709552 0.027615 0.025051 0.012629 0.000527 0.214469 0.010157 3.075917
0.709526 0.027593 0.025110 0.012645 0.000526 0.214439 0.010162 3.078656
0.709487 0.027639 0.025122 0.012651 0.000525 0.214409 0.010167 3.081378
0.709449 0.027638 0.025105 0.012656 0.000523 0.214457 0.010174 3.084089
0.709385 0.027680 0.025115 0.012636 0.000522 0.214484 0.010177 3.086749
0.709244 0.027719 0.025152 0.012662 0.000524 0.214516 0.010183 3.089475
0.709193 0.027748 0.025156 0.012656 0.000518 0.214541 0.010188 3.092145
0.709122 0.027752 0.025216 0.012677 0.000513 0.214526 0.010193 3.094909
0.709097 0.027788 0.025222 0.012685 0.000513 0.214498 0.010198 3.097615
0.709083 0.027767 0.025156 0.012674 0.000504 0.214611 0.010205 3.100299
0.708965 0.027752 0.025215 0.012659 0.000512 0.214688 0.010209 3.103053
0.708872 0.027774 0.025213 0.012684 0.000517 0.214729 0.010212 3.105774
