0.339276 0.062847 0.056268 0.032533 0.002178 0.500688 0.006211 1.645948
0.341960 0.060495 0.056164 0.032349 0.002180 0.500613 0.006241 1.651984
0.345388 0.057433 0.055982 0.032018 0.002182 0.500725 0.006272 1.657851
0.349358 0.054336 0.055560 0.031538 0.002194 0.500721 0.006292 1.663285
0.353644 0.051057 0.055046 0.031093 0.002192 0.500655 0.006312 1.668518
0.358082 0.047991 0.054314 0.030513 0.002203 0.500557 0.006339 1.673406
0.362829 0.045028 0.053449 0.029879 0.002207 0.500245 0.006363 1.677917
0.367681 0.042074 0.052591 0.029224 0.002201 0.499842 0.006387 1.682297
0.372689 0.039341 0.051516 0.028497 0.002191 0.499355 0.006411 1.686321
0.377736 0.036775 0.050375 0.027752 0.002174 0.498754 0.006434 1.690062
0.382988 0.034399 0.049182 0.026989 0.002160 0.497815 0.006467 1.693555
0.388231 0.032119 0.047939 0.026166 0.002138 0.496914 0.006494 1.696848
0.393496 0.030033 0.046596 0.025303 0.002140 0.495912 0.006521 1.699875
0.398820 0.028072 0.045244 0.024460 0.002108 0.494748 0.006547 1.702743
0.404038 0.026284 0.043800 0.023590 0.002093 0.493623 0.006571 1.705408
0.409487 0.024598 0.042392 0.022802 0.002075 0.492046 0.006599 1.707901
0.414886 0.023066 0.040908 0.021964 0.002046 0.490506 0.006623 1.710206
0.420251 0.021589 0.039537 0.021186 0.002019 0.488767 0.006652 1.712442
0.425607 0.020277 0.038148 0.020356 0.001983 0.486946 0.006682 1.714445
0.431034 0.019016 0.036796 0.019563 0.001972 0.484907 0.006712 1.716369
0.436524 0.017768 0.035457 0.018837 0.001935 0.482738 0.006741 1.718224
0.441924 0.016678 0.034107 0.018087 0.001915 0.480523 0.006767 1.719944
0.447414 0.015629 0.032795 0.017334 0.001873 0.478161 0.006794 1.721549
0.452784 0.014685 0.031534 0.016575 0.001852 0.475750 0.006819 1.723070
0.458267 0.013817 0.030222 0.015873 0.001814 0.473165 0.006844 1.724462
0.463654 0.013028 0.028939 0.015210 0.001785 0.470521 0.006862 1.725753
0.469027 0.012228 0.027772 0.014568 0.001753 0.467766 0.006887 1.727005
0.474320 0.011529 0.026622 0.013948 0.001722 0.464950 0.006910 1.728184
0.479576 0.010868 0.025483 0.013341 0.001695 0.462103 0.006934 1.729306
0.484890 0.010281 0.024400 0.012741 0.001666 0.459063 0.006959 1.730350
0.490268 0.009675 0.023338 0.012138 0.001644 0.455957 0.006980 1.731345
0.495639 0.009169 0.022383 0.011632 0.001616 0.452564 0.006998 1.732279
0.500962 0.008696 0.021371 0.011131 0.001567 0.449254 0.007020 1.733145
0.506144 0.008222 0.020425 0.010657 0.001534 0.445978 0.007040 1.733985
0.511415 0.007806 0.019517 0.010173 0.001504 0.442528 0.007057 1.734749
0.516535 0.007395 0.018660 0.009720 0.001471 0.439145 0.007077 1.735490
0.521635 0.007034 0.017795 0.009285 0.001435 0.435724 0.007091 1.736180
0.526670 0.006686 0.017008 0.008824 0.001410 0.432299 0.007104 1.736870
0.531857 0.006325 0.016271 0.008419 0.001379 0.428627 0.007123 1.737531
0.536875 0.006025 0.015513 0.008021 0.001348 0.425077 0.007141 1.738133
0.541954 0.005717 0.014825 0.007666 0.001315 0.421364 0.007160 1.738725
0.546912 0.005445 0.014135 0.007304 0.001293 0.417737 0.007174 1.739274
0.551859 0.005229 0.013499 0.006953 0.001262 0.414004 0.007195 1.739773
0.556785 0.004978 0.012914 0.006592 0.001234 0.410287 0.007211 1.740289
0.561614 0.004743 0.012312 0.006287 0.001201 0.406615 0.007228 1.740772
0.566443 0.004540 0.011748 0.006004 0.001176 0.402845 0.007244 1.741221
0.571248 0.004341 0.011214 0.005726 0.001155 0.399056 0.007260 1.741660
0.576009 0.004125 0.010702 0.005471 0.001125 0.395294 0.007274 1.742091
0.580746 0.003947 0.010220 0.005209 0.001086 0.391506 0.007288 1.742476
0.585322 0.003798 0.009761 0.004972 0.001070 0.387781 0.007298 1.742862
0.589967 0.003649 0.009334 0.004712 0.001044 0.383985 0.007310 1.743227
0.594553 0.003496 0.008949 0.004502 0.001022 0.380161 0.007317 1.743588
0.599117 0.003360 0.008582 0.004289 0.000992 0.376327 0.007332 1.743925
0.603628 0.003236 0.008189 0.004082 0.000962 0.372557 0.007346 1.744234
0.608123 0.003114 0.007791 0.003888 0.000937 0.368790 0.007357 1.744537
0.612607 0.002989 0.007436 0.003723 0.000912 0.364964 0.007370 1.744842
0.616931 0.002888 0.007114 0.003570 0.000890 0.361222 0.007385 1.745125
0.621274 0.002764 0.006823 0.003393 0.000865 0.357484 0.007398 1.745401
0.625612 0.002649 0.006551 0.003249 0.000843 0.353689 0.007408 1.745683
0.629875 0.002554 0.006265 0.003103 0.000821 0.349966 0.007417 1.745937
0.634136 0.002457 0.005984 0.002971 0.000781 0.346240 0.007431 1.746179
0.638333 0.002361 0.005743 0.002834 0.000762 0.342529 0.007438 1.746425
0.642469 0.002272 0.005501 0.002703 0.000738 0.338869 0.007449 1.746654
0.646549 0.002197 0.005260 0.002568 0.000717 0.335252 0.007457 1.746869
0.650539 0.002139 0.005014 0.002465 0.000699 0.331679 0.007466 1.747071
0.654457 0.002072 0.004812 0.002370 0.000684 0.328132 0.007473 1.747271
0.658388 0.001972 0.004604 0.002282 0.000663 0.324612 0.007479 1.747492
0.662315 0.001904 0.004404 0.002183 0.000647 0.321061 0.007488 1.747688
0.666191 0.001848 0.004239 0.002099 0.000626 0.317501 0.007497 1.747864
0.669964 0.001796 0.004035 0.002006 0.000608 0.314085 0.007506 1.748030
0.673727 0.001712 0.003877 0.001927 0.000596 0.310648 0.007515 1.748212
0.677517 0.001643 0.003710 0.001843 0.000575 0.307189 0.007524 1.748372
0.681229 0.001588 0.003549 0.001755 0.000565 0.303786 0.007528 1.748525
0.684960 0.001534 0.003412 0.001683 0.000546 0.300330 0.007537 1.748680
0.688650 0.001474 0.003255 0.001618 0.000529 0.296929 0.007545 1.748834
0.692271 0.001427 0.003148 0.001527 0.000513 0.293562 0.007553 1.748971
0.695825 0.001374 0.003027 0.001459 0.000498 0.290257 0.007560 1.749103
0.699373 0.001325 0.002914 0.001392 0.000477 0.286949 0.007570 1.749232
0.702880 0.001296 0.002780 0.001328 0.000460 0.283680 0.007577 1.749339
0.706387 0.001267 0.002661 0.001275 0.000446 0.280381 0.007584 1.749449
0.709835 0.001239 0.002562 0.001224 0.000430 0.277120 0.007591 1.749567
0.713167 0.001204 0.002460 0.001167 0.000421 0.273987 0.007595 1.749686
0.716596 0.001156 0.002367 0.001112 0.000403 0.270763 0.007603 1.749800
0.719921 0.001095 0.002281 0.001077 0.000385 0.267630 0.007612 1.749928
0.723161 0.001063 0.002207 0.001054 0.000374 0.264523 0.007619 1.750041
0.726347 0.001017 0.002116 0.001014 0.000360 0.261523 0.007625 1.750156
0.729555 0.000997 0.002028 0.000968 0.000348 0.258475 0.007630 1.750255
0.732731 0.000962 0.001952 0.000933 0.000341 0.255448 0.007635 1.750359
0.735823 0.000933 0.001899 0.000891 0.000330 0.252485 0.007639 1.750463
0.738945 0.000904 0.001835 0.000857 0.000323 0.249493 0.007643 1.750557
0.742050 0.000890 0.001742 0.000820 0.000314 0.246538 0.007647 1.750629
0.745121 0.000867 0.001680 0.000796 0.000304 0.243582 0.007650 1.750721
0.748119 0.000841 0.001625 0.000765 0.000289 0.240705 0.007658 1.750809
0.751041 0.000813 0.001567 0.000741 0.000283 0.237896 0.007659 1.750886
0.753849 0.000789 0.001507 0.000715 0.000269 0.235208 0.007666 1.750970
0.756769 0.000772 0.001444 0.000690 0.000261 0.232396 0.007668 1.751044
0.759673 0.000747 0.001400 0.000674 0.000253 0.229582 0.007673 1.751125
0.762441 0.000722 0.001353 0.000654 0.000246 0.226909 0.007676 1.751206
0.765245 0.000710 0.001316 0.000629 0.000239 0.224183 0.007680 1.751277
0.768003 0.000691 0.001273 0.000611 0.000227 0.221513 0.007685 1.751348
0.770710 0.000668 0.001236 0.000594 0.000220 0.218887 0.007687 1.751410
0.773347 0.000659 0.001188 0.000574 0.000209 0.216333 0.007691 1.751464
0.776010 0.000630 0.001146 0.000552 0.000199 0.213767 0.007697 1.751528
0.778664 0.000612 0.001108 0.000534 0.000189 0.211194 0.007701 1.751592
0.781305 0.000600 0.001067 0.000513 0.000183 0.208627 0.007705 1.751655
0.783944 0.000575 0.001031 0.000494 0.000179 0.206068 0.007708 1.751716
0.786473 0.000562 0.000995 0.000479 0.000170 0.203609 0.007713 1.751775
0.789004 0.000558 0.000966 0.000457 0.000163 0.201135 0.007717 1.751823
0.791420 0.000536 0.000932 0.000442 0.000160 0.198791 0.007718 1.751882
0.793923 0.000525 0.000906 0.000434 0.000156 0.196336 0.007721 1.751939
0.796335 0.000509 0.000876 0.000412 0.000153 0.193993 0.007722 1.751997
0.798688 0.000502 0.000848 0.000399 0.000148 0.191694 0.007723 1.752046
0.800976 0.000488 0.000822 0.000385 0.000140 0.189462 0.007727 1.752096
0.803339 0.000479 0.000796 0.000369 0.000133 0.187155 0.007730 1.752137
0.805649 0.000471 0.000761 0.000357 0.000132 0.184899 0.007731 1.752179
0.807946 0.000462 0.000729 0.000350 0.000127 0.182654 0.007732 1.752221
0.810179 0.000452 0.000704 0.000340 0.000123 0.180467 0.007735 1.752269
0.812354 0.000449 0.000687 0.000336 0.000117 0.178321 0.007737 1.752311
0.814485 0.000443 0.000661 0.000329 0.000110 0.176233 0.007741 1.752352
0.816670 0.000436 0.000649 0.000315 0.000106 0.174081 0.007744 1.752390
0.818732 0.000417 0.000631 0.000307 0.000103 0.172065 0.007746 1.752438
0.820873 0.000410 0.000618 0.000296 0.000101 0.169956 0.007747 1.752474
0.822986 0.000403 0.000595 0.000286 0.000098 0.167883 0.007749 1.752512
0.825072 0.000389 0.000580 0.000276 0.000094 0.165838 0.007752 1.752554
0.827065 0.000386 0.000571 0.000270 0.000089 0.163867 0.007754 1.752590
0.829067 0.000369 0.000563 0.000259 0.000085 0.161902 0.007755 1.752629
0.831078 0.000371 0.000551 0.000252 0.000082 0.159910 0.007757 1.752659
0.833040 0.000369 0.000538 0.000243 0.000079 0.157972 0.007759 1.752691
0.834967 0.000363 0.000530 0.000234 0.000078 0.156070 0.007759 1.752728
0.836881 0.000359 0.000523 0.000230 0.000075 0.154172 0.007761 1.752763
0.838778 0.000354 0.000508 0.000225 0.000073 0.152303 0.007761 1.752793
0.840633 0.000345 0.000500 0.000215 0.000069 0.150476 0.007762 1.752827
0.842396 0.000347 0.000484 0.000213 0.000068 0.148730 0.007764 1.752854
0.844238 0.000338 0.000477 0.000207 0.000067 0.146909 0.007764 1.752891
0.846008 0.000335 0.000473 0.000200 0.000065 0.145155 0.007765 1.752924
0.847802 0.000321 0.000459 0.000193 0.000064 0.143394 0.007766 1.752962
0.849492 0.000322 0.000447 0.000184 0.000064 0.141727 0.007767 1.752988
0.851151 0.000320 0.000435 0.000177 0.000062 0.140088 0.007767 1.753014
0.852802 0.000311 0.000423 0.000171 0.000061 0.138463 0.007768 1.753042
0.854465 0.000309 0.000417 0.000171 0.000059 0.136811 0.007769 1.753073
0.856076 0.000302 0.000414 0.000168 0.000056 0.135214 0.007771 1.753103
0.857662 0.000295 0.000402 0.000161 0.000056 0.133653 0.007771 1.753131
0.859270 0.000284 0.000398 0.000158 0.000050 0.132067 0.007774 1.753160
0.860835 0.000271 0.000395 0.000157 0.000048 0.130519 0.007775 1.753193
0.862348 0.000271 0.000375 0.000152 0.000045 0.129032 0.007777 1.753217
0.863841 0.000274 0.000363 0.000149 0.000045 0.127550 0.007778 1.753241
0.865328 0.000270 0.000353 0.000143 0.000044 0.126083 0.007779 1.753265
0.866826 0.000254 0.000345 0.000143 0.000044 0.124610 0.007780 1.753294
0.868255 0.000256 0.000333 0.000140 0.000042 0.123193 0.007781 1.753312
0.869671 0.000252 0.000331 0.000131 0.000040 0.121794 0.007782 1.753339
0.871085 0.000246 0.000323 0.000127 0.000038 0.120398 0.007783 1.753364
0.872417 0.000239 0.000317 0.000125 0.000038 0.119080 0.007784 1.753390
0.873762 0.000241 0.000305 0.000126 0.000037 0.117745 0.007786 1.753408
0.875069 0.000241 0.000295 0.000123 0.000034 0.116452 0.007787 1.753427
0.876347 0.000239 0.000285 0.000123 0.000034 0.115186 0.007787 1.753451
0.877563 0.000234 0.000279 0.000122 0.000031 0.113983 0.007788 1.753473
0.878746 0.000232 0.000278 0.000123 0.000030 0.112803 0.007789 1.753500
0.879897 0.000217 0.000279 0.000128 0.000029 0.111661 0.007789 1.753530
0.881044 0.000209 0.000280 0.000123 0.000029 0.110526 0.007790 1.753555
0.882159 0.000210 0.000273 0.000123 0.000028 0.109418 0.007790 1.753576
0.883218 0.000207 0.000267 0.000118 0.000029 0.108371 0.007790 1.753590
0.884273 0.000203 0.000266 0.000121 0.000029 0.107319 0.007790 1.753615
0.885354 0.000197 0.000258 0.000121 0.000028 0.106253 0.007791 1.753632
0.886379 0.000196 0.000247 0.000118 0.000026 0.105243 0.007791 1.753650
0.887412 0.000188 0.000243 0.000116 0.000026 0.104224 0.007791 1.753670
0.888355 0.000182 0.000239 0.000115 0.000026 0.103292 0.007791 1.753690
0.889317 0.000177 0.000237 0.000113 0.000023 0.102341 0.007793 1.753707
0.890231 0.000174 0.000234 0.000110 0.000023 0.101436 0.007793 1.753726
0.891123 0.000168 0.000227 0.000108 0.000023 0.100558 0.007793 1.753746
0.892046 0.000157 0.000222 0.000109 0.000023 0.099651 0.007793 1.753766
0.892918 0.000148 0.000219 0.000109 0.000024 0.098790 0.007793 1.753787
0.893753 0.000142 0.000220 0.000105 0.000023 0.097964 0.007793 1.753802
0.894607 0.000138 0.000213 0.000104 0.000022 0.097121 0.007794 1.753816
0.895394 0.000139 0.000206 0.000103 0.000022 0.096342 0.007794 1.753829
0.896182 0.000134 0.000198 0.000105 0.000022 0.095564 0.007794 1.753845
0.896959 0.000136 0.000196 0.000100 0.000022 0.094793 0.007794 1.753857
0.897717 0.000133 0.000192 0.000097 0.000020 0.094045 0.007796 1.753871
0.898453 0.000125 0.000186 0.000093 0.000020 0.093327 0.007796 1.753887
0.899198 0.000118 0.000181 0.000090 0.000020 0.092597 0.007796 1.753901
0.899923 0.000115 0.000177 0.000086 0.000019 0.091885 0.007796 1.753912
0.900616 0.000115 0.000170 0.000084 0.000019 0.091199 0.007796 1.753921
0.901304 0.000113 0.000165 0.000083 0.000018 0.090521 0.007796 1.753934
0.901959 0.000107 0.000156 0.000079 0.000018 0.089883 0.007797 1.753944
0.902606 0.000107 0.000151 0.000072 0.000017 0.089248 0.007797 1.753952
0.903260 0.000110 0.000145 0.000073 0.000017 0.088597 0.007798 1.753961
0.903879 0.000107 0.000137 0.000074 0.000017 0.087987 0.007798 1.753972
0.904472 0.000104 0.000133 0.000072 0.000017 0.087404 0.007798 1.753983
0.905072 0.000102 0.000129 0.000073 0.000016 0.086809 0.007799 1.753995
0.905619 0.000099 0.000126 0.000068 0.000016 0.086273 0.007799 1.754005
0.906165 0.000095 0.000126 0.000068 0.000015 0.085730 0.007800 1.754017
0.906693 0.000089 0.000128 0.000070 0.000014 0.085205 0.007800 1.754030
0.907194 0.000086 0.000122 0.000069 0.000014 0.084715 0.007800 1.754041
0.907685 0.000083 0.000118 0.000065 0.000015 0.084234 0.007800 1.754049
0.908151 0.000080 0.000114 0.000065 0.000014 0.083774 0.007801 1.754056
0.908634 0.000081 0.000112 0.000064 0.000014 0.083293 0.007801 1.754062
0.909066 0.000084 0.000106 0.000060 0.000015 0.082865 0.007802 1.754069
0.909500 0.000082 0.000106 0.000056 0.000015 0.082438 0.007802 1.754076
0.909928 0.000082 0.000103 0.000051 0.000016 0.082017 0.007802 1.754082
0.910328 0.000081 0.000107 0.000049 0.000016 0.081616 0.007802 1.754094
0.910722 0.000079 0.000105 0.000047 0.000016 0.081227 0.007803 1.754100
0.911117 0.000079 0.000101 0.000045 0.000015 0.080840 0.007803 1.754109
0.911468 0.000075 0.000100 0.000046 0.000014 0.080493 0.007804 1.754120
0.911854 0.000074 0.000094 0.000045 0.000014 0.080114 0.007804 1.754128
0.912219 0.000073 0.000097 0.000043 0.000014 0.079750 0.007804 1.754137
0.912568 0.000067 0.000100 0.000041 0.000013 0.079406 0.007804 1.754150
0.912932 0.000064 0.000099 0.000042 0.000013 0.079046 0.007804 1.754159
0.913265 0.000062 0.000095 0.000041 0.000013 0.078719 0.007804 1.754166
0.913586 0.000061 0.000093 0.000041 0.000013 0.078401 0.007805 1.754171
0.913907 0.000063 0.000090 0.000041 0.000013 0.078080 0.007805 1.754174
0.914212 0.000063 0.000086 0.000041 0.000013 0.077779 0.007805 1.754180
0.914512 0.000057 0.000087 0.000039 0.000012 0.077488 0.007805 1.754189
0.914813 0.000057 0.000084 0.000039 0.000012 0.077189 0.007805 1.754196
0.915079 0.000060 0.000083 0.000038 0.000012 0.076923 0.007805 1.754202
0.915342 0.000058 0.000077 0.000038 0.000012 0.076667 0.007805 1.754207
0.915605 0.000058 0.000078 0.000038 0.000012 0.076404 0.007805 1.754213
0.915880 0.000059 0.000073 0.000038 0.000011 0.076134 0.007805 1.754216
0.916126 0.000056 0.000071 0.000038 0.000011 0.075893 0.007806 1.754222
0.916362 0.000051 0.000069 0.000039 0.000009 0.075662 0.007807 1.754228
0.916597 0.000051 0.000068 0.000037 0.000009 0.075432 0.007807 1.754232
0.916802 0.000050 0.000067 0.000035 0.000009 0.075231 0.007807 1.754237
0.917002 0.000046 0.000065 0.000036 0.000009 0.075036 0.007807 1.754243
0.917206 0.000044 0.000067 0.000035 0.000008 0.074832 0.007807 1.754250
0.917403 0.000046 0.000069 0.000033 0.000008 0.074634 0.007807 1.754254
0.917588 0.000041 0.000070 0.000033 0.000008 0.074453 0.007807 1.754261
0.917775 0.000041 0.000067 0.000032 0.000008 0.074270 0.007807 1.754265
0.917955 0.000043 0.000065 0.000031 0.000007 0.074091 0.007807 1.754269
0.918137 0.000046 0.000062 0.000029 0.000007 0.073911 0.007807 1.754271
0.918322 0.000044 0.000063 0.000031 0.000007 0.073725 0.007807 1.754278
0.918486 0.000046 0.000062 0.000029 0.000007 0.073563 0.007808 1.754283
0.918656 0.000046 0.000062 0.000027 0.000007 0.073395 0.007808 1.754287
0.918811 0.000046 0.000055 0.000026 0.000007 0.073247 0.007808 1.754289
0.918955 0.000045 0.000051 0.000024 0.000006 0.073111 0.007808 1.754293
0.919099 0.000044 0.000051 0.000026 0.000006 0.072966 0.007808 1.754299
0.919248 0.000044 0.000048 0.000026 0.000005 0.072820 0.007808 1.754303
0.919382 0.000044 0.000048 0.000026 0.000005 0.072688 0.007808 1.754306
0.919528 0.000044 0.000044 0.000024 0.000005 0.072546 0.007808 1.754309
0.919655 0.000045 0.000044 0.000023 0.000005 0.072421 0.007808 1.754313
0.919792 0.000042 0.000046 0.000023 0.000004 0.072285 0.007808 1.754319
0.919912 0.000043 0.000046 0.000024 0.000003 0.072163 0.007809 1.754321
0.920015 0.000042 0.000044 0.000023 0.000003 0.072064 0.007809 1.754325
0.920124 0.000041 0.000045 0.000024 0.000003 0.071953 0.007809 1.754330
0.920235 0.000040 0.000045 0.000024 0.000002 0.071845 0.007809 1.754335
0.920336 0.000042 0.000044 0.000021 0.000003 0.071745 0.007809 1.754336
0.920437 0.000044 0.000043 0.000020 0.000002 0.071645 0.007809 1.754338
0.920527 0.000044 0.000044 0.000019 0.000003 0.071554 0.007809 1.754344
0.920621 0.000043 0.000045 0.000018 0.000004 0.071460 0.007809 1.754348
0.920712 0.000041 0.000041 0.000017 0.000003 0.071376 0.007810 1.754351
0.920777 0.000040 0.000041 0.000018 0.000002 0.071312 0.007810 1.754355
0.920859 0.000039 0.000042 0.000018 0.000002 0.071230 0.007810 1.754359
0.920928 0.000040 0.000043 0.000018 0.000002 0.071159 0.007810 1.754362
0.920997 0.000041 0.000042 0.000017 0.000002 0.071091 0.007810 1.754364
0.921069 0.000041 0.000041 0.000017 0.000002 0.071019 0.007810 1.754366
0.921144 0.000039 0.000041 0.000017 0.000002 0.070946 0.007810 1.754371
0.921215 0.000038 0.000042 0.000018 0.000002 0.070874 0.007810 1.754377
0.921288 0.000038 0.000041 0.000017 0.000003 0.070803 0.007810 1.754378
0.921339 0.000039 0.000040 0.000017 0.000002 0.070752 0.007810 1.754381
0.921394 0.000042 0.000039 0.000017 0.000002 0.070695 0.007810 1.754385
0.921447 0.000046 0.000038 0.000017 0.000002 0.070639 0.007810 1.754387
0.921503 0.000044 0.000039 0.000016 0.000002 0.070585 0.007810 1.754392
0.921554 0.000041 0.000042 0.000018 0.000002 0.070533 0.007810 1.754398
0.921606 0.000040 0.000041 0.000016 0.000002 0.070484 0.007810 1.754401
0.921654 0.000039 0.000039 0.000017 0.000002 0.070439 0.007810 1.754405
0.921694 0.000036 0.000036 0.000017 0.000002 0.070405 0.007810 1.754408
0.921745 0.000037 0.000035 0.000017 0.000002 0.070356 0.007810 1.754410
0.921785 0.000038 0.000034 0.000017 0.000002 0.070315 0.007810 1.754413
0.921823 0.000035 0.000035 0.000019 0.000002 0.070276 0.007810 1.754418
0.921857 0.000037 0.000035 0.000019 0.000002 0.070241 0.007810 1.754421
0.921897 0.000035 0.000035 0.000018 0.000002 0.070202 0.007810 1.754424
0.921933 0.000032 0.000037 0.000017 0.000002 0.070168 0.007810 1.754429
0.921963 0.000033 0.000036 0.000018 0.000002 0.070138 0.007810 1.754432
0.922006 0.000035 0.000035 0.000017 0.000002 0.070095 0.007810 1.754434
0.922046 0.000032 0.000038 0.000017 0.000002 0.070055 0.007810 1.754439
0.922085 0.000031 0.000038 0.000018 0.000002 0.070016 0.007811 1.754442
0.922114 0.000030 0.000040 0.000016 0.000001 0.069989 0.007811 1.754447
0.922153 0.000031 0.000040 0.000016 0.000001 0.069948 0.007811 1.754449
0.922179 0.000031 0.000039 0.000018 0.000001 0.069922 0.007811 1.754453
0.922216 0.000032 0.000040 0.000019 0.000001 0.069883 0.007811 1.754456
0.922242 0.000030 0.000041 0.000018 0.000001 0.069859 0.007811 1.754460
0.922282 0.000031 0.000039 0.000017 0.000001 0.069819 0.007811 1.754462
0.922315 0.000033 0.000037 0.000016 0.000001 0.069788 0.007811 1.754464
0.922350 0.000033 0.000036 0.000016 0.000001 0.069753 0.007811 1.754467
0.922383 0.000036 0.000036 0.000016 0.000001 0.069717 0.007811 1.754469
0.922408 0.000036 0.000036 0.000018 0.000001 0.069690 0.007811 1.754472
0.922438 0.000037 0.000035 0.000016 0.000001 0.069662 0.007811 1.754475
0.922469 0.000036 0.000036 0.000015 0.000001 0.069633 0.007811 1.754478
0.922493 0.000032 0.000037 0.000016 0.000002 0.069611 0.007811 1.754484
0.922527 0.000033 0.000037 0.000016 0.000002 0.069575 0.007811 1.754488
0.922554 0.000032 0.000039 0.000017 0.000002 0.069546 0.007811 1.754491
0.922578 0.000033 0.000039 0.000016 0.000002 0.069522 0.007811 1.754495
0.922607 0.000034 0.000039 0.000016 0.000002 0.069492 0.007811 1.754498
0.922628 0.000035 0.000037 0.000015 0.000002 0.069472 0.007811 1.754499
0.922657 0.000035 0.000039 0.000014 0.000002 0.069443 0.007811 1.754503
0.922678 0.000036 0.000037 0.000014 0.000002 0.069423 0.007811 1.754506
0.922704 0.000035 0.000037 0.000015 0.000002 0.069397 0.007811 1.754509
0.922727 0.000034 0.000038 0.000015 0.000002 0.069374 0.007811 1.754513
0.922747 0.000034 0.000038 0.000016 0.000002 0.069353 0.007811 1.754518
0.922776 0.000031 0.000036 0.000016 0.000001 0.069329 0.007811 1.754522
0.922798 0.000031 0.000034 0.000016 0.000001 0.069309 0.007811 1.754525
0.922814 0.000031 0.000036 0.000016 0.000001 0.069291 0.007811 1.754529
0.922841 0.000030 0.000035 0.000015 0.000001 0.069266 0.007811 1.754531
0.922858 0.000028 0.000034 0.000016 0.000001 0.069252 0.007812 1.754535
0.922873 0.000028 0.000034 0.000017 0.000001 0.069235 0.007812 1.754539
0.922894 0.000027 0.000036 0.000016 0.000001 0.069214 0.007812 1.754541
0.922910 0.000027 0.000034 0.000017 0.000001 0.069199 0.007812 1.754545
0.922928 0.000026 0.000034 0.000016 0.000001 0.069184 0.007812 1.754550
0.922945 0.000025 0.000033 0.000016 0.000001 0.069168 0.007812 1.754552
0.922959 0.000027 0.000031 0.000014 0.000001 0.069156 0.007812 1.754552
0.922976 0.000027 0.000032 0.000015 0.000001 0.069137 0.007812 1.754555
0.922992 0.000027 0.000032 0.000015 0.000002 0.069120 0.007812 1.754558
0.923010 0.000026 0.000033 0.000015 0.000002 0.069103 0.007812 1.754562
0.923019 0.000030 0.000033 0.000015 0.000001 0.069091 0.007812 1.754564
0.923032 0.000030 0.000033 0.000015 0.000001 0.069077 0.007812 1.754568
0.923045 0.000030 0.000033 0.000015 0.000001 0.069064 0.007812 1.754571
0.923058 0.000030 0.000033 0.000016 0.000001 0.069050 0.007812 1.754575
0.923073 0.000028 0.000030 0.000016 0.000001 0.069040 0.007812 1.754577
0.923092 0.000027 0.000031 0.000017 0.000001 0.069021 0.007812 1.754580
0.923103 0.000027 0.000032 0.000016 0.000001 0.069009 0.007812 1.754584
0.923127 0.000026 0.000030 0.000016 0.000002 0.068988 0.007812 1.754587
0.923141 0.000026 0.000031 0.000017 0.000002 0.068973 0.007812 1.754589
0.923155 0.000029 0.000029 0.000016 0.000001 0.068960 0.007812 1.754591
0.923170 0.000026 0.000029 0.000017 0.000002 0.068945 0.007812 1.754596
0.923182 0.000026 0.000027 0.000018 0.000002 0.068934 0.007812 1.754598
0.923199 0.000024 0.000028 0.000017 0.000002 0.068918 0.007812 1.754601
0.923213 0.000024 0.000026 0.000014 0.000002 0.068909 0.007812 1.754603
0.923225 0.000025 0.000026 0.000015 0.000002 0.068895 0.007812 1.754605
0.923238 0.000026 0.000026 0.000015 0.000002 0.068881 0.007812 1.754608
0.923253 0.000027 0.000026 0.000013 0.000003 0.068868 0.007812 1.754609
0.923264 0.000029 0.000026 0.000012 0.000003 0.068855 0.007812 1.754611
0.923271 0.000028 0.000026 0.000014 0.000003 0.068847 0.007812 1.754614
0.923283 0.000025 0.000026 0.000016 0.000003 0.068836 0.007812 1.754619
0.923297 0.000022 0.000027 0.000016 0.000003 0.068824 0.007812 1.754622
0.923307 0.000022 0.000026 0.000015 0.000003 0.068817 0.007812 1.754623
0.923318 0.000021 0.000027 0.000017 0.000003 0.068803 0.007812 1.754626
0.923325 0.000022 0.000023 0.000019 0.000003 0.068797 0.007812 1.754628
0.923333 0.000022 0.000023 0.000018 0.000002 0.068790 0.007812 1.754631
0.923341 0.000023 0.000023 0.000018 0.000002 0.068782 0.007812 1.754632
0.923349 0.000022 0.000023 0.000018 0.000001 0.068775 0.007812 1.754635
0.923359 0.000022 0.000023 0.000019 0.000001 0.068764 0.007812 1.754638
0.923369 0.000022 0.000022 0.000018 0.000001 0.068757 0.007812 1.754640
0.923378 0.000021 0.000022 0.000019 0.000001 0.068748 0.007812 1.754643
0.923388 0.000022 0.000020 0.000017 0.000001 0.068741 0.007812 1.754644
0.923396 0.000022 0.000019 0.000017 0.000000 0.068734 0.007812 1.754646
0.923403 0.000022 0.000018 0.000017 0.000000 0.068728 0.007812 1.754647
0.923409 0.000023 0.000018 0.000017 0.000000 0.068721 0.007812 1.754648
0.923418 0.000023 0.000018 0.000017 0.000000 0.068712 0.007812 1.754650
0.923424 0.000024 0.000017 0.000016 0.000000 0.068706 0.007812 1.754652
0.923430 0.000024 0.000017 0.000015 0.000000 0.068702 0.007812 1.754653
0.923432 0.000027 0.000015 0.000014 0.000000 0.068699 0.007812 1.754654
0.923436 0.000027 0.000014 0.000014 0.000000 0.068697 0.007812 1.754656
0.923444 0.000027 0.000016 0.000013 0.000000 0.068688 0.007812 1.754659
0.923448 0.000023 0.000017 0.000014 0.000000 0.068686 0.007812 1.754664
0.923454 0.000024 0.000016 0.000014 0.000000 0.068680 0.007812 1.754665
0.923460 0.000023 0.000016 0.000013 0.000000 0.068677 0.007812 1.754667
0.923469 0.000022 0.000016 0.000013 0.000000 0.068668 0.007812 1.754668
0.923475 0.000021 0.000018 0.000012 0.000000 0.068663 0.007812 1.754671
0.923479 0.000021 0.000018 0.000011 0.000001 0.068658 0.007812 1.754673
0.923485 0.000019 0.000021 0.000010 0.000001 0.068653 0.007812 1.754676
0.923487 0.000021 0.000021 0.000009 0.000001 0.068650 0.007812 1.754676
0.923491 0.000020 0.000021 0.000008 0.000001 0.068648 0.007812 1.754679
0.923497 0.000021 0.000019 0.000008 0.000001 0.068643 0.007812 1.754679
0.923504 0.000019 0.000018 0.000009 0.000001 0.068637 0.007812 1.754680
0.923511 0.000017 0.000020 0.000009 0.000001 0.068630 0.007812 1.754683
0.923516 0.000018 0.000021 0.000008 0.000000 0.068625 0.007812 1.754685
0.923522 0.000018 0.000021 0.000007 0.000000 0.068620 0.007812 1.754687
0.923526 0.000018 0.000021 0.000006 0.000000 0.068616 0.007812 1.754689
0.923531 0.000017 0.000022 0.000007 0.000000 0.068611 0.007812 1.754691
0.923539 0.000016 0.000020 0.000007 0.000001 0.068606 0.007812 1.754693
0.923544 0.000015 0.000020 0.000006 0.000001 0.068602 0.007812 1.754695
0.923547 0.000014 0.000021 0.000007 0.000001 0.068599 0.007812 1.754698
0.923553 0.000014 0.000018 0.000006 0.000001 0.068596 0.007812 1.754698
0.923554 0.000018 0.000018 0.000007 0.000001 0.068591 0.007812 1.754699
0.923559 0.000016 0.000018 0.000007 0.000000 0.068588 0.007812 1.754701
0.923562 0.000016 0.000017 0.000008 0.000000 0.068585 0.007812 1.754703
0.923566 0.000015 0.000018 0.000009 0.000000 0.068581 0.007812 1.754706
0.923573 0.000014 0.000019 0.000008 0.000001 0.068573 0.007812 1.754708
0.923578 0.000014 0.000019 0.000009 0.000001 0.068567 0.007812 1.754709
0.923579 0.000013 0.000019 0.000010 0.000001 0.068566 0.007812 1.754711
0.923587 0.000012 0.000019 0.000011 0.000001 0.068558 0.007812 1.754712
0.923593 0.000013 0.000018 0.000011 0.000001 0.068552 0.007812 1.754712
0.923596 0.000012 0.000019 0.000011 0.000001 0.068550 0.007812 1.754715
0.923598 0.000013 0.000018 0.000010 0.000001 0.068548 0.007812 1.754716
0.923598 0.000012 0.000017 0.000010 0.000001 0.068549 0.007812 1.754718
0.923600 0.000013 0.000016 0.000010 0.000001 0.068548 0.007812 1.754719
0.923605 0.000011 0.000017 0.000010 0.000001 0.068544 0.007812 1.754721
0.923607 0.000012 0.000017 0.000010 0.000001 0.068541 0.007812 1.754722
0.923610 0.000012 0.000016 0.000008 0.000001 0.068540 0.007812 1.754722
0.923614 0.000012 0.000016 0.000007 0.000001 0.068537 0.007812 1.754724
0.923614 0.000013 0.000016 0.000007 0.000001 0.068536 0.007812 1.754724
0.923619 0.000012 0.000016 0.000007 0.000000 0.068534 0.007812 1.754726
0.923620 0.000013 0.000016 0.000006 0.000000 0.068533 0.007812 1.754727
0.923622 0.000012 0.000018 0.000006 0.000000 0.068531 0.007812 1.754729
0.923627 0.000011 0.000018 0.000006 0.000000 0.068526 0.007812 1.754730
0.923632 0.000011 0.000017 0.000007 0.000000 0.068522 0.007812 1.754731
0.923635 0.000010 0.000015 0.000008 0.000000 0.068520 0.007812 1.754733
0.923636 0.000010 0.000016 0.000007 0.000000 0.068520 0.007812 1.754735
0.923639 0.000009 0.000014 0.000006 0.000000 0.068519 0.007812 1.754736
0.923639 0.000009 0.000015 0.000005 0.000000 0.068520 0.007812 1.754737
0.923641 0.000008 0.000015 0.000005 0.000000 0.068519 0.007812 1.754738
0.923642 0.000009 0.000014 0.000005 0.000000 0.068518 0.007812 1.754738
0.923643 0.000010 0.000014 0.000005 0.000000 0.068515 0.007812 1.754739
0.923645 0.000008 0.000014 0.000006 0.000000 0.068514 0.007812 1.754741
0.923650 0.000008 0.000014 0.000006 0.000000 0.068511 0.007812 1.754742
0.923651 0.000010 0.000013 0.000006 0.000000 0.068508 0.007812 1.754742
0.923652 0.000010 0.000013 0.000006 0.000000 0.068508 0.007812 1.754744
0.923655 0.000010 0.000013 0.000006 0.000000 0.068504 0.007812 1.754744
0.923658 0.000011 0.000013 0.000006 0.000000 0.068500 0.007812 1.754744
0.923658 0.000013 0.000013 0.000006 0.000000 0.068499 0.007812 1.754746
0.923660 0.000012 0.000013 0.000005 0.000000 0.068498 0.007812 1.754747
0.923660 0.000011 0.000014 0.000005 0.000000 0.068498 0.007812 1.754749
0.923661 0.000010 0.000013 0.000005 0.000000 0.068498 0.007812 1.754750
0.923662 0.000010 0.000014 0.000005 0.000000 0.068497 0.007812 1.754752
0.923662 0.000010 0.000015 0.000003 0.000000 0.068497 0.007812 1.754753
0.923663 0.000009 0.000016 0.000005 0.000000 0.068495 0.007812 1.754755
0.923663 0.000008 0.000018 0.000004 0.000000 0.068495 0.007812 1.754757
0.923667 0.000009 0.000017 0.000003 0.000000 0.068492 0.007812 1.754757
0.923670 0.000010 0.000014 0.000003 0.000000 0.068490 0.007812 1.754757
0.923672 0.000008 0.000014 0.000005 0.000000 0.068489 0.007812 1.754760
0.923673 0.000008 0.000013 0.000005 0.000000 0.068490 0.007812 1.754760
0.923675 0.000007 0.000011 0.000005 0.000000 0.068491 0.007812 1.754761
0.923677 0.000006 0.000010 0.000005 0.000000 0.068490 0.007812 1.754762
0.923678 0.000007 0.000007 0.000004 0.000000 0.068492 0.007812 1.754763
0.923680 0.000006 0.000007 0.000003 0.000000 0.068492 0.007812 1.754763
0.923681 0.000006 0.000008 0.000004 0.000000 0.068490 0.007812 1.754764
0.923682 0.000006 0.000008 0.000004 0.000000 0.068488 0.007812 1.754764
0.923682 0.000006 0.000006 0.000003 0.000000 0.068490 0.007812 1.754765
0.923684 0.000007 0.000006 0.000003 0.000000 0.068488 0.007812 1.754765
0.923683 0.000008 0.000006 0.000003 0.000000 0.068487 0.007812 1.754765
0.923683 0.000010 0.000006 0.000003 0.000000 0.068485 0.007812 1.754765
0.923683 0.000010 0.000007 0.000003 0.000000 0.068485 0.007812 1.754765
0.923681 0.000012 0.000007 0.000003 0.000000 0.068485 0.007812 1.754766
0.923682 0.000012 0.000007 0.000003 0.000000 0.068484 0.007812 1.754767
0.923681 0.000011 0.000008 0.000003 0.000000 0.068485 0.007812 1.754769
0.923683 0.000009 0.000011 0.000003 0.000000 0.068482 0.007812 1.754771
0.923684 0.000008 0.000012 0.000003 0.000000 0.068482 0.007812 1.754773
0.923684 0.000008 0.000011 0.000003 0.000000 0.068482 0.007812 1.754773
0.923685 0.000009 0.000011 0.000003 0.000000 0.068480 0.007812 1.754774
0.923685 0.000010 0.000011 0.000002 0.000000 0.068480 0.007812 1.754774
0.923686 0.000010 0.000013 0.000002 0.000000 0.068478 0.007812 1.754776
0.923686 0.000011 0.000013 0.000002 0.000000 0.068476 0.007812 1.754777
0.923688 0.000011 0.000012 0.000002 0.000000 0.068476 0.007812 1.754777
0.923688 0.000011 0.000012 0.000002 0.000000 0.068476 0.007812 1.754778
0.923689 0.000012 0.000010 0.000002 0.000000 0.068476 0.007812 1.754778
0.923690 0.000012 0.000010 0.000002 0.000000 0.068475 0.007812 1.754779
0.923692 0.000011 0.000010 0.000002 0.000000 0.068474 0.007812 1.754780
0.923692 0.000009 0.000011 0.000002 0.000000 0.068475 0.007812 1.754782
0.923693 0.000009 0.000011 0.000002 0.000000 0.068473 0.007812 1.754783
0.923694 0.000010 0.000010 0.000002 0.000000 0.068472 0.007812 1.754784
0.923696 0.000010 0.000011 0.000002 0.000000 0.068469 0.007812 1.754785
0.923698 0.000009 0.000011 0.000002 0.000000 0.068468 0.007812 1.754786
0.923702 0.000009 0.000011 0.000002 0.000000 0.068464 0.007812 1.754786
0.923702 0.000010 0.000011 0.000003 0.000000 0.068463 0.007812 1.754786
0.923704 0.000009 0.000011 0.000003 0.000000 0.068461 0.007812 1.754787
0.923704 0.000008 0.000010 0.000003 0.000000 0.068462 0.007812 1.754789
0.923704 0.000008 0.000010 0.000004 0.000000 0.068463 0.007812 1.754790
0.923706 0.000008 0.000010 0.000003 0.000000 0.068461 0.007812 1.754792
0.923707 0.000008 0.000009 0.000003 0.000000 0.068461 0.007812 1.754792
0.923707 0.000008 0.000009 0.000003 0.000000 0.068461 0.007812 1.754792
0.923709 0.000008 0.000008 0.000003 0.000000 0.068460 0.007812 1.754793
0.923710 0.000008 0.000008 0.000003 0.000000 0.068459 0.007812 1.754793
0.923712 0.000008 0.000008 0.000003 0.000000 0.068457 0.007812 1.754793
0.923713 0.000006 0.000008 0.000004 0.000000 0.068456 0.007812 1.754794
0.923714 0.000007 0.000008 0.000004 0.000000 0.068454 0.007812 1.754795
0.923714 0.000008 0.000008 0.000005 0.000000 0.068454 0.007812 1.754796
0.923715 0.000006 0.000010 0.000004 0.000000 0.068452 0.007812 1.754798
0.923717 0.000007 0.000008 0.000004 0.000000 0.068451 0.007812 1.754798
0.923716 0.000007 0.000009 0.000005 0.000000 0.068451 0.007812 1.754799
0.923717 0.000006 0.000009 0.000005 0.000000 0.068451 0.007812 1.754800
0.923720 0.000005 0.000010 0.000005 0.000000 0.068448 0.007812 1.754801
0.923720 0.000006 0.000010 0.000005 0.000000 0.068447 0.007812 1.754801
0.923720 0.000006 0.000009 0.000005 0.000000 0.068448 0.007812 1.754801
0.923722 0.000006 0.000008 0.000003 0.000000 0.068448 0.007812 1.754801
0.923721 0.000006 0.000008 0.000003 0.000000 0.068449 0.007812 1.754802
0.923723 0.000007 0.000007 0.000003 0.000000 0.068447 0.007812 1.754802
0.923725 0.000008 0.000007 0.000003 0.000000 0.068446 0.007812 1.754802
0.923725 0.000006 0.000007 0.000003 0.000000 0.068447 0.007812 1.754804
0.923726 0.000006 0.000007 0.000003 0.000000 0.068446 0.007812 1.754805
0.923727 0.000006 0.000006 0.000002 0.000000 0.068446 0.007812 1.754805
0.923726 0.000007 0.000006 0.000003 0.000000 0.068446 0.007812 1.754806
0.923725 0.000008 0.000006 0.000003 0.000000 0.068446 0.007812 1.754806
0.923726 0.000008 0.000006 0.000002 0.000000 0.068446 0.007812 1.754807
0.923726 0.000008 0.000006 0.000002 0.000000 0.068445 0.007812 1.754808
0.923726 0.000008 0.000006 0.000001 0.000000 0.068447 0.007812 1.754809
0.923728 0.000008 0.000006 0.000001 0.000000 0.068445 0.007812 1.754810
0.923729 0.000007 0.000006 0.000001 0.000000 0.068444 0.007812 1.754811
0.923731 0.000007 0.000006 0.000002 0.000000 0.068441 0.007812 1.754811
0.923733 0.000007 0.000007 0.000002 0.000000 0.068439 0.007812 1.754812
0.923733 0.000008 0.000006 0.000002 0.000000 0.068439 0.007812 1.754812
0.923734 0.000008 0.000007 0.000001 0.000000 0.068437 0.007812 1.754813
0.923734 0.000008 0.000007 0.000001 0.000000 0.068437 0.007812 1.754814
0.923734 0.000008 0.000008 0.000001 0.000000 0.068437 0.007812 1.754815
0.923732 0.000008 0.000009 0.000001 0.000000 0.068437 0.007812 1.754817
0.923733 0.000006 0.000010 0.000003 0.000000 0.068437 0.007812 1.754819
0.923734 0.000006 0.000010 0.000003 0.000000 0.068436 0.007812 1.754820
0.923735 0.000005 0.000010 0.000002 0.000000 0.068436 0.007812 1.754821
0.923738 0.000005 0.000010 0.000002 0.000000 0.068433 0.007812 1.754821
0.923738 0.000006 0.000010 0.000002 0.000000 0.068433 0.007812 1.754821
0.923738 0.000005 0.000010 0.000003 0.000000 0.068433 0.007812 1.754822
0.923738 0.000005 0.000010 0.000003 0.000000 0.068432 0.007812 1.754822
0.923739 0.000005 0.000009 0.000002 0.000000 0.068433 0.007812 1.754823
0.923739 0.000005 0.000008 0.000003 0.000000 0.068433 0.007812 1.754823
0.923740 0.000006 0.000007 0.000003 0.000000 0.068432 0.007812 1.754823
0.923741 0.000006 0.000008 0.000003 0.000000 0.068431 0.007812 1.754825
0.923741 0.000006 0.000006 0.000003 0.000000 0.068431 0.007812 1.754825
0.923742 0.000005 0.000008 0.000003 0.000000 0.068430 0.007812 1.754827
0.923743 0.000005 0.000008 0.000003 0.000000 0.068429 0.007812 1.754828
0.923743 0.000004 0.000007 0.000004 0.000000 0.068430 0.007812 1.754828
0.923742 0.000005 0.000008 0.000004 0.000000 0.068430 0.007812 1.754829
0.923743 0.000005 0.000008 0.000004 0.000000 0.068429 0.007812 1.754829
0.923744 0.000005 0.000006 0.000004 0.000000 0.068429 0.007812 1.754829
0.923744 0.000006 0.000006 0.000004 0.000000 0.068428 0.007812 1.754830
0.923745 0.000003 0.000007 0.000005 0.000000 0.068427 0.007812 1.754832
0.923745 0.000003 0.000008 0.000006 0.000000 0.068428 0.007812 1.754833
0.923745 0.000002 0.000008 0.000005 0.000000 0.068428 0.007812 1.754835
0.923747 0.000002 0.000007 0.000005 0.000000 0.068427 0.007812 1.754835
0.923749 0.000002 0.000006 0.000004 0.000000 0.068426 0.007812 1.754835
0.923750 0.000003 0.000005 0.000004 0.000000 0.068425 0.007812 1.754835
0.923750 0.000003 0.000005 0.000005 0.000000 0.068425 0.007812 1.754836
0.923751 0.000003 0.000005 0.000005 0.000000 0.068424 0.007812 1.754836
0.923751 0.000003 0.000005 0.000005 0.000000 0.068423 0.007812 1.754836
0.923751 0.000003 0.000006 0.000005 0.000000 0.068422 0.007812 1.754836
0.923752 0.000003 0.000006 0.000003 0.000000 0.068423 0.007812 1.754837
0.923753 0.000003 0.000006 0.000003 0.000000 0.068422 0.007812 1.754837
0.923754 0.000003 0.000006 0.000003 0.000000 0.068422 0.007812 1.754837
0.923755 0.000002 0.000006 0.000003 0.000000 0.068421 0.007812 1.754838
0.923755 0.000002 0.000006 0.000003 0.000000 0.068421 0.007813 1.754838
0.923756 0.000003 0.000006 0.000003 0.000000 0.068421 0.007813 1.754838
0.923757 0.000003 0.000006 0.000003 0.000000 0.068420 0.007813 1.754839
0.923757 0.000003 0.000006 0.000002 0.000000 0.068420 0.007813 1.754839
0.923757 0.000003 0.000005 0.000001 0.000000 0.068421 0.007813 1.754839
0.923759 0.000003 0.000005 0.000000 0.000000 0.068421 0.007813 1.754839
0.923760 0.000003 0.000004 0.000000 0.000000 0.068420 0.007813 1.754839
0.923761 0.000003 0.000004 0.000001 0.000000 0.068419 0.007813 1.754841
0.923763 0.000002 0.000004 0.000001 0.000000 0.068418 0.007813 1.754841
0.923764 0.000001 0.000004 0.000002 0.000000 0.068417 0.007813 1.754841
0.923764 0.000002 0.000004 0.000002 0.000000 0.068416 0.007813 1.754841
0.923765 0.000003 0.000004 0.000002 0.000000 0.068415 0.007813 1.754841
0.923765 0.000003 0.000004 0.000001 0.000000 0.068415 0.007813 1.754841
0.923765 0.000003 0.000004 0.000001 0.000000 0.068414 0.007813 1.754841
0.923765 0.000003 0.000003 0.000001 0.000000 0.068415 0.007813 1.754841
0.923766 0.000003 0.000002 0.000001 0.000000 0.068416 0.007813 1.754842
0.923767 0.000003 0.000003 0.000001 0.000000 0.068415 0.007813 1.754842
0.923767 0.000003 0.000003 0.000001 0.000000 0.068414 0.007813 1.754842
0.923767 0.000003 0.000003 0.000002 0.000000 0.068413 0.007813 1.754843
0.923768 0.000003 0.000003 0.000001 0.000000 0.068413 0.007813 1.754843
0.923768 0.000004 0.000002 0.000000 0.000000 0.068413 0.007813 1.754843
0.923769 0.000004 0.000002 0.000000 0.000000 0.068412 0.007813 1.754843
0.923771 0.000003 0.000002 0.000001 0.000000 0.068411 0.007813 1.754844
0.923772 0.000003 0.000002 0.000001 0.000000 0.068410 0.007813 1.754844
0.923772 0.000003 0.000002 0.000001 0.000000 0.068410 0.007813 1.754844
0.923772 0.000004 0.000002 0.000001 0.000000 0.068409 0.007813 1.754844
0.923772 0.000005 0.000002 0.000001 0.000000 0.068409 0.007813 1.754844
0.923772 0.000005 0.000002 0.000001 0.000000 0.068408 0.007813 1.754844
0.923772 0.000006 0.000002 0.000001 0.000000 0.068408 0.007813 1.754844
0.923772 0.000005 0.000002 0.000001 0.000000 0.068407 0.007813 1.754845
0.923774 0.000005 0.000003 0.000001 0.000000 0.068406 0.007813 1.754845
