0.342739 0.062470 0.056201 0.032339 0.002152 0.497862 0.006237 1.633435
0.345375 0.060158 0.055977 0.032109 0.002148 0.497966 0.006267 1.639392
0.348755 0.057275 0.055749 0.031760 0.002155 0.498012 0.006295 1.645185
0.352569 0.054177 0.055538 0.031364 0.002147 0.497884 0.006323 1.650726
0.356770 0.051008 0.055025 0.030921 0.002135 0.497789 0.006353 1.656010
0.361105 0.048058 0.054313 0.030394 0.002139 0.497609 0.006382 1.660842
0.365693 0.045184 0.053579 0.029786 0.002130 0.497219 0.006410 1.665421
0.370451 0.042346 0.052661 0.029156 0.002106 0.496843 0.006438 1.669772
0.375194 0.039671 0.051652 0.028478 0.002095 0.496444 0.006467 1.673834
0.380131 0.037173 0.050571 0.027698 0.002084 0.495853 0.006490 1.677641
0.385114 0.034877 0.049349 0.026901 0.002086 0.495159 0.006516 1.681140
0.390148 0.032657 0.048061 0.026117 0.002073 0.494401 0.006543 1.684494
0.395238 0.030661 0.046750 0.025311 0.002060 0.493415 0.006567 1.687600
0.400383 0.028703 0.045432 0.024570 0.002037 0.492283 0.006593 1.690564
0.405608 0.026914 0.044085 0.023712 0.002032 0.491034 0.006615 1.693282
0.410837 0.025251 0.042676 0.022910 0.001999 0.489682 0.006645 1.695836
0.416115 0.023741 0.041270 0.022121 0.001980 0.488099 0.006675 1.698225
0.421439 0.022290 0.039794 0.021347 0.001964 0.486467 0.006700 1.700466
0.426705 0.020974 0.038334 0.020591 0.001936 0.484732 0.006727 1.702567
0.431964 0.019755 0.036959 0.019798 0.001909 0.482866 0.006749 1.704539
0.437312 0.018685 0.035526 0.019045 0.001881 0.480776 0.006776 1.706326
0.442556 0.017660 0.034208 0.018273 0.001861 0.478652 0.006791 1.708052
0.447774 0.016678 0.032983 0.017568 0.001852 0.476334 0.006811 1.709717
0.453100 0.015689 0.031795 0.016834 0.001827 0.473925 0.006830 1.711355
0.458506 0.014817 0.030568 0.016165 0.001797 0.471289 0.006858 1.712840
0.463835 0.014015 0.029386 0.015513 0.001766 0.468603 0.006882 1.714237
0.469031 0.013273 0.028139 0.014835 0.001741 0.466080 0.006901 1.715553
0.474263 0.012549 0.027001 0.014251 0.001706 0.463304 0.006926 1.716844
0.479538 0.011876 0.025923 0.013610 0.001673 0.460436 0.006944 1.718057
0.484737 0.011287 0.024812 0.013031 0.001634 0.457536 0.006965 1.719153
0.489960 0.010695 0.023846 0.012477 0.001595 0.454441 0.006988 1.720239
0.495159 0.010138 0.022878 0.011943 0.001570 0.451310 0.007003 1.721273
0.500400 0.009618 0.021882 0.011417 0.001538 0.448120 0.007025 1.722213
0.505534 0.009155 0.020976 0.010924 0.001497 0.444864 0.007050 1.723131
0.510633 0.008675 0.020146 0.010457 0.001463 0.441555 0.007072 1.724034
0.515746 0.008261 0.019282 0.009977 0.001433 0.438209 0.007093 1.724851
0.520837 0.007887 0.018444 0.009512 0.001399 0.434808 0.007113 1.725598
0.525838 0.007510 0.017653 0.009114 0.001373 0.431384 0.007129 1.726356
0.530732 0.007182 0.016888 0.008719 0.001345 0.427984 0.007150 1.727058
0.535743 0.006909 0.016111 0.008339 0.001309 0.424420 0.007168 1.727715
0.540776 0.006620 0.015428 0.007949 0.001276 0.420762 0.007190 1.728368
0.545756 0.006319 0.014811 0.007595 0.001246 0.417072 0.007201 1.728988
0.550516 0.006057 0.014202 0.007248 0.001219 0.413543 0.007216 1.729589
0.555277 0.005779 0.013626 0.006941 0.001179 0.409964 0.007235 1.730175
0.560111 0.005553 0.012989 0.006637 0.001142 0.406312 0.007256 1.730719
0.564773 0.005313 0.012445 0.006365 0.001112 0.402728 0.007265 1.731271
0.569580 0.005119 0.011890 0.006053 0.001085 0.398995 0.007278 1.731775
0.574254 0.004923 0.011357 0.005777 0.001055 0.395340 0.007295 1.732261
0.578877 0.004736 0.010881 0.005533 0.001024 0.391639 0.007311 1.732734
0.583470 0.004567 0.010442 0.005280 0.000997 0.387916 0.007327 1.733162
0.588120 0.004403 0.009985 0.005065 0.000967 0.384118 0.007340 1.733576
0.592676 0.004230 0.009568 0.004841 0.000942 0.380387 0.007357 1.733998
0.597186 0.004056 0.009171 0.004632 0.000913 0.376674 0.007368 1.734411
0.601583 0.003913 0.008837 0.004410 0.000892 0.372986 0.007379 1.734804
0.605940 0.003776 0.008479 0.004220 0.000864 0.369331 0.007390 1.735179
0.610266 0.003631 0.008133 0.004029 0.000841 0.365697 0.007404 1.735563
0.614580 0.003512 0.007821 0.003850 0.000823 0.361998 0.007416 1.735928
0.618896 0.003393 0.007485 0.003693 0.000794 0.358312 0.007427 1.736256
0.623136 0.003280 0.007174 0.003551 0.000765 0.354656 0.007439 1.736588
0.627331 0.003167 0.006862 0.003396 0.000743 0.351052 0.007450 1.736895
0.631512 0.003029 0.006599 0.003263 0.000722 0.347416 0.007459 1.737215
0.635669 0.002951 0.006325 0.003128 0.000701 0.343757 0.007469 1.737492
0.639744 0.002860 0.006087 0.002986 0.000686 0.340162 0.007477 1.737771
0.643802 0.002761 0.005829 0.002852 0.000667 0.336603 0.007486 1.738031
0.647827 0.002693 0.005578 0.002737 0.000651 0.333022 0.007493 1.738280
0.651758 0.002611 0.005366 0.002635 0.000631 0.329497 0.007502 1.738540
0.655719 0.002536 0.005168 0.002544 0.000605 0.325914 0.007514 1.738788
0.659550 0.002456 0.004966 0.002449 0.000587 0.322472 0.007520 1.739048
0.663293 0.002375 0.004803 0.002343 0.000576 0.319085 0.007525 1.739294
0.667079 0.002295 0.004614 0.002252 0.000559 0.315669 0.007533 1.739525
0.670896 0.002223 0.004439 0.002179 0.000546 0.312177 0.007540 1.739752
0.674562 0.002165 0.004270 0.002095 0.000528 0.308833 0.007548 1.739976
0.678323 0.002110 0.004119 0.002015 0.000509 0.305368 0.007556 1.740189
0.682033 0.002057 0.003954 0.001936 0.000495 0.301963 0.007562 1.740373
0.685654 0.001993 0.003834 0.001857 0.000475 0.298616 0.007571 1.740572
0.689187 0.001932 0.003718 0.001775 0.000459 0.295350 0.007579 1.740772
0.692691 0.001873 0.003580 0.001724 0.000439 0.292107 0.007588 1.740971
0.696254 0.001827 0.003444 0.001660 0.000426 0.288797 0.007592 1.741159
0.699767 0.001770 0.003317 0.001596 0.000416 0.285539 0.007596 1.741337
0.703155 0.001708 0.003198 0.001545 0.000404 0.282390 0.007601 1.741513
0.706548 0.001665 0.003088 0.001481 0.000385 0.279225 0.007608 1.741685
0.709890 0.001601 0.003011 0.001436 0.000374 0.276076 0.007613 1.741870
0.713171 0.001561 0.002910 0.001394 0.000361 0.272986 0.007618 1.742032
0.716386 0.001530 0.002797 0.001351 0.000347 0.269965 0.007624 1.742189
0.719695 0.001503 0.002689 0.001303 0.000335 0.266846 0.007629 1.742335
0.722854 0.001463 0.002598 0.001262 0.000324 0.263867 0.007633 1.742490
0.726000 0.001452 0.002518 0.001216 0.000314 0.260863 0.007637 1.742619
0.729114 0.001413 0.002436 0.001180 0.000305 0.257911 0.007640 1.742769
0.732252 0.001383 0.002346 0.001138 0.000298 0.254939 0.007644 1.742897
0.735339 0.001350 0.002283 0.001092 0.000288 0.252001 0.007648 1.743032
0.738379 0.001315 0.002215 0.001040 0.000281 0.249121 0.007650 1.743158
0.741370 0.001282 0.002148 0.001002 0.000266 0.246275 0.007658 1.743288
0.744320 0.001250 0.002097 0.000972 0.000255 0.243444 0.007662 1.743416
0.747269 0.001226 0.002033 0.000947 0.000248 0.240613 0.007665 1.743528
0.750209 0.001199 0.001976 0.000912 0.000242 0.237795 0.007668 1.743636
0.753070 0.001179 0.001921 0.000875 0.000235 0.235051 0.007670 1.743746
0.755952 0.001157 0.001850 0.000847 0.000230 0.232292 0.007672 1.743850
0.758699 0.001134 0.001785 0.000822 0.000223 0.229663 0.007675 1.743960
0.761453 0.001109 0.001732 0.000801 0.000212 0.227014 0.007680 1.744070
0.764174 0.001083 0.001681 0.000786 0.000206 0.224390 0.007681 1.744173
0.766950 0.001069 0.001625 0.000757 0.000200 0.221717 0.007683 1.744263
0.769635 0.001053 0.001569 0.000741 0.000188 0.219124 0.007690 1.744367
0.772268 0.001033 0.001517 0.000728 0.000183 0.216580 0.007691 1.744465
0.774885 0.001006 0.001483 0.000707 0.000173 0.214053 0.007694 1.744568
0.777442 0.000985 0.001448 0.000688 0.000166 0.211573 0.007697 1.744666
0.779984 0.000943 0.001413 0.000677 0.000162 0.209122 0.007699 1.744773
0.782547 0.000939 0.001355 0.000651 0.000158 0.206649 0.007701 1.744848
0.785044 0.000928 0.001308 0.000641 0.000151 0.204226 0.007702 1.744933
0.787553 0.000909 0.001281 0.000617 0.000146 0.201791 0.007703 1.745024
0.789963 0.000889 0.001253 0.000605 0.000145 0.199441 0.007705 1.745109
0.792364 0.000872 0.001205 0.000588 0.000138 0.197127 0.007706 1.745191
0.794761 0.000850 0.001192 0.000568 0.000133 0.194790 0.007707 1.745284
0.797120 0.000838 0.001152 0.000568 0.000129 0.192484 0.007709 1.745371
0.799446 0.000837 0.001120 0.000550 0.000125 0.190210 0.007711 1.745446
0.801780 0.000822 0.001092 0.000541 0.000122 0.187930 0.007712 1.745521
0.804038 0.000812 0.001064 0.000532 0.000117 0.185724 0.007715 1.745597
0.806317 0.000793 0.001055 0.000520 0.000114 0.183484 0.007715 1.745670
0.808589 0.000784 0.001031 0.000511 0.000110 0.181259 0.007717 1.745739
0.810810 0.000768 0.001005 0.000500 0.000108 0.179091 0.007718 1.745815
0.812923 0.000756 0.000990 0.000481 0.000106 0.177026 0.007719 1.745886
0.814970 0.000741 0.000960 0.000467 0.000099 0.175042 0.007720 1.745959
0.817146 0.000714 0.000940 0.000454 0.000097 0.172927 0.007722 1.746028
0.819221 0.000710 0.000919 0.000444 0.000092 0.170890 0.007724 1.746088
0.821337 0.000714 0.000876 0.000427 0.000086 0.168834 0.007726 1.746144
0.823449 0.000686 0.000874 0.000415 0.000082 0.166766 0.007728 1.746214
0.825428 0.000675 0.000853 0.000400 0.000077 0.164838 0.007729 1.746278
0.827449 0.000664 0.000838 0.000387 0.000074 0.162857 0.007731 1.746339
0.829461 0.000651 0.000819 0.000381 0.000069 0.160888 0.007733 1.746397
0.831377 0.000627 0.000809 0.000376 0.000065 0.159012 0.007735 1.746467
0.833303 0.000619 0.000788 0.000374 0.000065 0.157115 0.007736 1.746524
0.835224 0.000613 0.000762 0.000369 0.000061 0.155234 0.007737 1.746575
0.837169 0.000594 0.000743 0.000365 0.000059 0.153333 0.007737 1.746635
0.839082 0.000581 0.000723 0.000356 0.000053 0.151464 0.007741 1.746685
0.840933 0.000572 0.000716 0.000341 0.000052 0.149644 0.007741 1.746738
0.842692 0.000562 0.000702 0.000329 0.000050 0.147923 0.007742 1.746793
0.844516 0.000543 0.000691 0.000328 0.000048 0.146132 0.007742 1.746852
0.846321 0.000539 0.000679 0.000322 0.000048 0.144350 0.007742 1.746905
0.848087 0.000526 0.000678 0.000316 0.000046 0.142605 0.007743 1.746960
0.849805 0.000518 0.000659 0.000305 0.000045 0.140926 0.007743 1.747010
0.851508 0.000514 0.000638 0.000302 0.000045 0.139250 0.007743 1.747057
0.853168 0.000508 0.000633 0.000302 0.000043 0.137603 0.007744 1.747109
0.854819 0.000495 0.000623 0.000298 0.000041 0.135980 0.007745 1.747162
0.856418 0.000483 0.000605 0.000299 0.000040 0.134410 0.007746 1.747210
0.858032 0.000476 0.000596 0.000290 0.000039 0.132821 0.007746 1.747259
0.859644 0.000464 0.000582 0.000292 0.000038 0.131235 0.007746 1.747307
0.861194 0.000438 0.000576 0.000282 0.000037 0.129726 0.007747 1.747364
0.862737 0.000437 0.000560 0.000274 0.000037 0.128207 0.007748 1.747405
0.864265 0.000419 0.000553 0.000267 0.000036 0.126713 0.007748 1.747455
0.865798 0.000401 0.000546 0.000260 0.000033 0.125215 0.007749 1.747501
0.867286 0.000393 0.000538 0.000256 0.000032 0.123747 0.007749 1.747540
0.868734 0.000389 0.000520 0.000253 0.000032 0.122324 0.007749 1.747581
0.870162 0.000381 0.000506 0.000247 0.000032 0.120924 0.007749 1.747621
0.871552 0.000370 0.000498 0.000241 0.000032 0.119558 0.007750 1.747659
0.872933 0.000367 0.000484 0.000236 0.000031 0.118200 0.007750 1.747697
0.874293 0.000365 0.000469 0.000234 0.000030 0.116859 0.007750 1.747728
0.875618 0.000362 0.000463 0.000226 0.000028 0.115552 0.007751 1.747765
0.876905 0.000359 0.000454 0.000225 0.000027 0.114278 0.007752 1.747804
0.878180 0.000358 0.000450 0.000218 0.000027 0.113016 0.007752 1.747843
0.879454 0.000357 0.000445 0.000215 0.000027 0.111750 0.007753 1.747878
0.880729 0.000350 0.000433 0.000211 0.000027 0.110498 0.007753 1.747909
0.881943 0.000338 0.000426 0.000210 0.000026 0.109303 0.007753 1.747949
0.883104 0.000346 0.000408 0.000203 0.000026 0.108161 0.007753 1.747973
0.884276 0.000337 0.000401 0.000195 0.000025 0.107013 0.007754 1.748004
0.885465 0.000334 0.000395 0.000199 0.000025 0.105830 0.007754 1.748038
0.886624 0.000323 0.000393 0.000194 0.000024 0.104688 0.007754 1.748070
0.887721 0.000332 0.000391 0.000188 0.000023 0.103592 0.007754 1.748093
0.888796 0.000328 0.000388 0.000184 0.000021 0.102528 0.007754 1.748124
0.889886 0.000317 0.000380 0.000182 0.000021 0.101461 0.007754 1.748155
0.890984 0.000319 0.000367 0.000176 0.000020 0.100380 0.007754 1.748180
0.892040 0.000315 0.000360 0.000174 0.000021 0.099336 0.007754 1.748209
0.893036 0.000313 0.000351 0.000174 0.000020 0.098351 0.007755 1.748237
0.893987 0.000312 0.000351 0.000171 0.000020 0.097404 0.007755 1.748269
0.894985 0.000307 0.000348 0.000165 0.000019 0.096420 0.007756 1.748294
0.895957 0.000298 0.000341 0.000168 0.000017 0.095462 0.007757 1.748325
0.896945 0.000288 0.000339 0.000166 0.000016 0.094488 0.007757 1.748356
0.897857 0.000278 0.000337 0.000165 0.000016 0.093590 0.007757 1.748389
0.898805 0.000268 0.000343 0.000163 0.000016 0.092649 0.007757 1.748417
0.899696 0.000265 0.000338 0.000156 0.000016 0.091771 0.007757 1.748443
0.900576 0.000261 0.000334 0.000157 0.000016 0.090899 0.007758 1.748469
0.901435 0.000248 0.000327 0.000159 0.000016 0.090058 0.007758 1.748502
0.902327 0.000242 0.000323 0.000154 0.000015 0.089181 0.007758 1.748527
0.903156 0.000239 0.000319 0.000146 0.000015 0.088367 0.007758 1.748554
0.903940 0.000235 0.000316 0.000141 0.000015 0.087594 0.007758 1.748579
0.904786 0.000232 0.000307 0.000132 0.000015 0.086769 0.007758 1.748602
0.905559 0.000232 0.000298 0.000131 0.000014 0.086007 0.007758 1.748620
0.906338 0.000224 0.000293 0.000130 0.000014 0.085242 0.007758 1.748643
0.907091 0.000221 0.000289 0.000124 0.000013 0.084504 0.007758 1.748666
0.907826 0.000215 0.000287 0.000120 0.000013 0.083780 0.007758 1.748687
0.908545 0.000214 0.000285 0.000117 0.000014 0.083066 0.007758 1.748710
0.909260 0.000219 0.000277 0.000113 0.000013 0.082359 0.007758 1.748730
0.909940 0.000221 0.000270 0.000109 0.000013 0.081690 0.007758 1.748753
0.910622 0.000218 0.000270 0.000106 0.000012 0.081013 0.007758 1.748778
0.911292 0.000218 0.000259 0.000106 0.000012 0.080355 0.007758 1.748795
0.911923 0.000209 0.000258 0.000101 0.000012 0.079739 0.007758 1.748819
0.912494 0.000213 0.000253 0.000099 0.000012 0.079170 0.007759 1.748837
0.913086 0.000213 0.000248 0.000094 0.000011 0.078589 0.007759 1.748856
0.913699 0.000216 0.000244 0.000096 0.000010 0.077976 0.007759 1.748877
0.914270 0.000210 0.000246 0.000096 0.000009 0.077410 0.007759 1.748900
0.914836 0.000212 0.000245 0.000094 0.000009 0.076844 0.007759 1.748922
0.915398 0.000209 0.000246 0.000092 0.000009 0.076287 0.007759 1.748944
0.915930 0.000203 0.000238 0.000097 0.000009 0.075765 0.007759 1.748965
0.916446 0.000207 0.000231 0.000093 0.000009 0.075256 0.007759 1.748978
0.916949 0.000205 0.000229 0.000094 0.000008 0.074757 0.007759 1.749000
0.917437 0.000207 0.000224 0.000089 0.000007 0.074277 0.007759 1.749017
0.917884 0.000210 0.000224 0.000090 0.000007 0.073825 0.007759 1.749038
0.918341 0.000211 0.000221 0.000089 0.000006 0.073372 0.007759 1.749058
0.918809 0.000206 0.000221 0.000090 0.000006 0.072908 0.007759 1.749079
0.919251 0.000197 0.000219 0.000091 0.000006 0.072477 0.007759 1.749103
0.919692 0.000197 0.000219 0.000086 0.000006 0.072040 0.007759 1.749121
0.920115 0.000190 0.000223 0.000088 0.000006 0.071619 0.007759 1.749144
0.920534 0.000193 0.000219 0.000086 0.000006 0.071203 0.007759 1.749161
0.920952 0.000188 0.000219 0.000089 0.000006 0.070786 0.007759 1.749183
0.921338 0.000187 0.000217 0.000090 0.000006 0.070403 0.007759 1.749202
0.921727 0.000189 0.000212 0.000084 0.000006 0.070022 0.007760 1.749216
0.922090 0.000186 0.000210 0.000083 0.000005 0.069667 0.007760 1.749235
0.922440 0.000187 0.000207 0.000077 0.000005 0.069325 0.007760 1.749250
0.922784 0.000184 0.000195 0.000076 0.000005 0.068996 0.007760 1.749265
0.923098 0.000180 0.000197 0.000075 0.000005 0.068685 0.007760 1.749285
0.923415 0.000178 0.000192 0.000076 0.000005 0.068373 0.007760 1.749303
0.923709 0.000170 0.000196 0.000075 0.000005 0.068085 0.007760 1.749322
0.924038 0.000170 0.000195 0.000074 0.000005 0.067758 0.007760 1.749342
0.924345 0.000173 0.000196 0.000074 0.000004 0.067448 0.007760 1.749359
0.924651 0.000174 0.000193 0.000072 0.000004 0.067146 0.007760 1.749374
0.924947 0.000173 0.000190 0.000072 0.000003 0.066854 0.007760 1.749389
0.925225 0.000174 0.000189 0.000072 0.000003 0.066578 0.007760 1.749401
0.925540 0.000175 0.000181 0.000070 0.000003 0.066270 0.007760 1.749415
0.925794 0.000171 0.000179 0.000070 0.000003 0.066023 0.007760 1.749433
0.926054 0.000169 0.000179 0.000068 0.000003 0.065766 0.007760 1.749451
0.926326 0.000166 0.000178 0.000068 0.000003 0.065498 0.007760 1.749469
0.926580 0.000163 0.000174 0.000069 0.000004 0.065250 0.007760 1.749482
0.926826 0.000156 0.000175 0.000068 0.000003 0.065013 0.007760 1.749503
0.927070 0.000160 0.000167 0.000066 0.000003 0.064774 0.007760 1.749513
0.927313 0.000157 0.000165 0.000064 0.000003 0.064538 0.007760 1.749529
0.927530 0.000152 0.000166 0.000064 0.000003 0.064325 0.007760 1.749546
0.927753 0.000149 0.000159 0.000064 0.000003 0.064112 0.007760 1.749561
0.927950 0.000150 0.000157 0.000067 0.000003 0.063914 0.007760 1.749577
0.928172 0.000150 0.000156 0.000067 0.000003 0.063692 0.007760 1.749591
0.928392 0.000148 0.000152 0.000067 0.000003 0.063478 0.007760 1.749602
0.928620 0.000139 0.000157 0.000064 0.000003 0.063257 0.007760 1.749621
0.928817 0.000139 0.000157 0.000066 0.000003 0.063057 0.007760 1.749635
0.929007 0.000137 0.000156 0.000066 0.000003 0.062870 0.007760 1.749649
0.929205 0.000132 0.000156 0.000065 0.000002 0.062679 0.007760 1.749664
0.929368 0.000130 0.000162 0.000067 0.000002 0.062510 0.007760 1.749683
0.929538 0.000125 0.000159 0.000064 0.000002 0.062351 0.007760 1.749699
0.929716 0.000119 0.000157 0.000063 0.000002 0.062181 0.007760 1.749715
0.929890 0.000119 0.000155 0.000061 0.000003 0.062012 0.007760 1.749726
0.930047 0.000118 0.000152 0.000063 0.000003 0.061856 0.007760 1.749740
0.930215 0.000117 0.000145 0.000062 0.000003 0.061698 0.007760 1.749747
0.930375 0.000120 0.000144 0.000063 0.000003 0.061534 0.007760 1.749757
0.930531 0.000120 0.000140 0.000063 0.000003 0.061382 0.007760 1.749770
0.930697 0.000120 0.000138 0.000062 0.000002 0.061220 0.007760 1.749782
0.930835 0.000117 0.000137 0.000066 0.000002 0.061082 0.007760 1.749797
0.930973 0.000117 0.000137 0.000064 0.000002 0.060947 0.007760 1.749807
0.931121 0.000117 0.000137 0.000062 0.000002 0.060801 0.007760 1.749817
0.931262 0.000116 0.000137 0.000063 0.000002 0.060660 0.007760 1.749831
0.931404 0.000116 0.000131 0.000059 0.000002 0.060528 0.007760 1.749840
0.931529 0.000120 0.000123 0.000057 0.000002 0.060409 0.007760 1.749846
0.931657 0.000121 0.000124 0.000055 0.000002 0.060281 0.007760 1.749856
0.931780 0.000122 0.000120 0.000053 0.000002 0.060164 0.007760 1.749863
0.931905 0.000120 0.000123 0.000054 0.000002 0.060036 0.007760 1.749876
0.932019 0.000113 0.000128 0.000052 0.000002 0.059926 0.007760 1.749891
0.932139 0.000113 0.000125 0.000055 0.000002 0.059806 0.007760 1.749902
0.932248 0.000113 0.000121 0.000055 0.000002 0.059701 0.007760 1.749911
0.932355 0.000108 0.000126 0.000057 0.000003 0.059591 0.007760 1.749925
0.932452 0.000113 0.000121 0.000055 0.000003 0.059496 0.007760 1.749930
0.932552 0.000112 0.000121 0.000057 0.000003 0.059394 0.007760 1.749942
0.932648 0.000112 0.000122 0.000054 0.000003 0.059299 0.007760 1.749953
0.932750 0.000111 0.000118 0.000052 0.000003 0.059206 0.007760 1.749961
0.932849 0.000105 0.000125 0.000052 0.000003 0.059105 0.007760 1.749976
0.932943 0.000110 0.000122 0.000051 0.000003 0.059010 0.007760 1.749984
0.933029 0.000108 0.000120 0.000051 0.000003 0.058929 0.007760 1.749995
0.933131 0.000106 0.000113 0.000056 0.000003 0.058830 0.007760 1.750008
0.933225 0.000102 0.000117 0.000056 0.000003 0.058738 0.007760 1.750023
0.933303 0.000102 0.000117 0.000053 0.000003 0.058662 0.007760 1.750034
0.933383 0.000099 0.000118 0.000054 0.000004 0.058582 0.007760 1.750045
0.933461 0.000093 0.000113 0.000053 0.000004 0.058515 0.007760 1.750057
0.933549 0.000092 0.000113 0.000051 0.000004 0.058431 0.007760 1.750065
0.933622 0.000095 0.000109 0.000050 0.000003 0.058361 0.007760 1.750073
0.933704 0.000093 0.000107 0.000049 0.000004 0.058282 0.007760 1.750081
0.933782 0.000092 0.000104 0.000047 0.000004 0.058210 0.007760 1.750088
0.933847 0.000085 0.000108 0.000046 0.000004 0.058150 0.007760 1.750101
0.933928 0.000081 0.000104 0.000048 0.000004 0.058076 0.007760 1.750110
0.933994 0.000082 0.000105 0.000043 0.000004 0.058011 0.007760 1.750117
0.934064 0.000079 0.000108 0.000043 0.000004 0.057942 0.007760 1.750128
0.934133 0.000081 0.000105 0.000043 0.000004 0.057873 0.007760 1.750133
0.934200 0.000080 0.000103 0.000045 0.000004 0.057807 0.007760 1.750142
0.934271 0.000079 0.000100 0.000044 0.000004 0.057741 0.007760 1.750149
0.934339 0.000078 0.000101 0.000043 0.000004 0.057675 0.007760 1.750155
0.934394 0.000082 0.000098 0.000043 0.000004 0.057619 0.007760 1.750164
0.934449 0.000082 0.000095 0.000044 0.000004 0.057565 0.007760 1.750172
0.934507 0.000087 0.000090 0.000044 0.000004 0.057508 0.007760 1.750176
0.934559 0.000089 0.000091 0.000043 0.000004 0.057454 0.007760 1.750186
0.934629 0.000081 0.000096 0.000041 0.000004 0.057388 0.007760 1.750198
0.934687 0.000079 0.000097 0.000040 0.000005 0.057333 0.007760 1.750207
0.934742 0.000079 0.000094 0.000040 0.000005 0.057281 0.007760 1.750214
0.934795 0.000083 0.000091 0.000039 0.000005 0.057228 0.007760 1.750221
0.934846 0.000081 0.000090 0.000039 0.000005 0.057180 0.007760 1.750231
0.934889 0.000083 0.000092 0.000036 0.000005 0.057136 0.007760 1.750236
0.934949 0.000083 0.000088 0.000036 0.000005 0.057079 0.007760 1.750242
0.935000 0.000078 0.000089 0.000040 0.000004 0.057028 0.007761 1.750253
0.935049 0.000075 0.000093 0.000042 0.000004 0.056976 0.007761 1.750263
0.935094 0.000075 0.000090 0.000040 0.000004 0.056935 0.007761 1.750269
0.935135 0.000076 0.000088 0.000041 0.000004 0.056894 0.007761 1.750276
0.935190 0.000074 0.000084 0.000041 0.000004 0.056846 0.007761 1.750284
0.935237 0.000073 0.000085 0.000040 0.000004 0.056799 0.007761 1.750292
0.935289 0.000071 0.000086 0.000041 0.000004 0.056749 0.007761 1.750300
0.935328 0.000069 0.000086 0.000042 0.000004 0.056710 0.007761 1.750310
0.935373 0.000064 0.000083 0.000043 0.000004 0.056673 0.007761 1.750319
0.935411 0.000066 0.000080 0.000040 0.000004 0.056638 0.007761 1.750323
0.935447 0.000063 0.000078 0.000041 0.000004 0.056606 0.007761 1.750331
0.935480 0.000059 0.000078 0.000041 0.000004 0.056577 0.007761 1.750340
0.935516 0.000063 0.000075 0.000039 0.000004 0.056543 0.007761 1.750344
0.935549 0.000064 0.000073 0.000040 0.000004 0.056511 0.007761 1.750349
0.935577 0.000063 0.000071 0.000038 0.000004 0.056487 0.007761 1.750358
0.935611 0.000064 0.000070 0.000038 0.000005 0.056451 0.007761 1.750363
0.935644 0.000065 0.000068 0.000037 0.000005 0.056420 0.007761 1.750367
0.935676 0.000065 0.000066 0.000036 0.000005 0.056391 0.007761 1.750371
0.935702 0.000062 0.000069 0.000036 0.000004 0.056366 0.007761 1.750380
0.935736 0.000063 0.000068 0.000034 0.000005 0.056333 0.007761 1.750385
0.935767 0.000063 0.000070 0.000033 0.000005 0.056301 0.007761 1.750392
0.935799 0.000061 0.000069 0.000034 0.000004 0.056273 0.007761 1.750398
0.935832 0.000060 0.000064 0.000032 0.000004 0.056248 0.007761 1.750403
0.935861 0.000062 0.000063 0.000030 0.000004 0.056220 0.007761 1.750409
0.935893 0.000064 0.000063 0.000027 0.000004 0.056187 0.007761 1.750412
0.935916 0.000063 0.000060 0.000029 0.000004 0.056166 0.007761 1.750419
0.935941 0.000061 0.000061 0.000032 0.000004 0.056140 0.007761 1.750427
0.935963 0.000058 0.000062 0.000029 0.000004 0.056123 0.007761 1.750433
0.935976 0.000057 0.000063 0.000029 0.000004 0.056110 0.007761 1.750442
0.936000 0.000060 0.000061 0.000029 0.000004 0.056085 0.007761 1.750447
0.936025 0.000058 0.000059 0.000030 0.000004 0.056064 0.007761 1.750454
0.936044 0.000058 0.000058 0.000027 0.000004 0.056049 0.007761 1.750459
0.936070 0.000060 0.000058 0.000027 0.000004 0.056021 0.007761 1.750462
0.936090 0.000059 0.000059 0.000026 0.000004 0.056001 0.007761 1.750468
0.936106 0.000062 0.000057 0.000025 0.000004 0.055986 0.007761 1.750472
0.936122 0.000063 0.000053 0.000025 0.000004 0.055973 0.007761 1.750478
0.936149 0.000061 0.000053 0.000026 0.000004 0.055946 0.007761 1.750484
0.936169 0.000058 0.000053 0.000029 0.000004 0.055927 0.007761 1.750492
0.936185 0.000057 0.000055 0.000029 0.000004 0.055910 0.007761 1.750496
0.936206 0.000053 0.000058 0.000031 0.000004 0.055889 0.007761 1.750506
0.936226 0.000052 0.000058 0.000028 0.000004 0.055870 0.007762 1.750513
0.936241 0.000052 0.000055 0.000027 0.000004 0.055860 0.007762 1.750519
0.936259 0.000052 0.000052 0.000026 0.000004 0.055846 0.007762 1.750523
0.936273 0.000051 0.000052 0.000024 0.000004 0.055834 0.007762 1.750528
0.936290 0.000051 0.000054 0.000024 0.000004 0.055816 0.007762 1.750532
0.936309 0.000054 0.000053 0.000024 0.000004 0.055794 0.007762 1.750536
0.936326 0.000056 0.000052 0.000021 0.000004 0.055780 0.007762 1.750539
0.936336 0.000058 0.000053 0.000021 0.000004 0.055767 0.007762 1.750542
0.936355 0.000059 0.000053 0.000021 0.000004 0.055747 0.007762 1.750546
0.936367 0.000056 0.000054 0.000020 0.000004 0.055737 0.007762 1.750552
0.936381 0.000055 0.000051 0.000019 0.000004 0.055728 0.007762 1.750557
0.936393 0.000054 0.000048 0.000019 0.000003 0.055722 0.007762 1.750560
0.936403 0.000055 0.000050 0.000019 0.000003 0.055710 0.007762 1.750565
0.936416 0.000051 0.000050 0.000020 0.000003 0.055699 0.007762 1.750572
0.936426 0.000046 0.000051 0.000021 0.000003 0.055691 0.007762 1.750579
0.936442 0.000047 0.000047 0.000021 0.000003 0.055678 0.007762 1.750581
0.936455 0.000049 0.000047 0.000018 0.000003 0.055667 0.007762 1.750583
0.936465 0.000045 0.000046 0.000019 0.000003 0.055660 0.007762 1.750589
0.936476 0.000044 0.000044 0.000020 0.000003 0.055652 0.007762 1.750593
0.936488 0.000042 0.000045 0.000020 0.000003 0.055640 0.007762 1.750598
0.936499 0.000040 0.000043 0.000020 0.000003 0.055634 0.007762 1.750603
0.936505 0.000038 0.000044 0.000020 0.000002 0.055629 0.007762 1.750609
0.936516 0.000039 0.000044 0.000019 0.000002 0.055618 0.007762 1.750613
0.936523 0.000040 0.000045 0.000019 0.000002 0.055608 0.007762 1.750616
0.936528 0.000039 0.000046 0.000019 0.000002 0.055605 0.007762 1.750622
0.936538 0.000037 0.000046 0.000020 0.000002 0.055595 0.007762 1.750626
0.936552 0.000036 0.000044 0.000020 0.000002 0.055584 0.007762 1.750629
0.936556 0.000035 0.000044 0.000017 0.000003 0.055584 0.007762 1.750632
0.936564 0.000032 0.000044 0.000016 0.000003 0.055580 0.007762 1.750636
0.936573 0.000031 0.000045 0.000017 0.000003 0.055569 0.007762 1.750642
0.936581 0.000029 0.000045 0.000016 0.000004 0.055564 0.007762 1.750647
0.936592 0.000027 0.000045 0.000017 0.000004 0.055555 0.007762 1.750651
0.936596 0.000031 0.000044 0.000017 0.000004 0.055548 0.007762 1.750653
0.936605 0.000029 0.000043 0.000017 0.000004 0.055540 0.007762 1.750657
0.936610 0.000029 0.000042 0.000017 0.000003 0.055539 0.007762 1.750661
0.936621 0.000030 0.000041 0.000017 0.000003 0.055528 0.007762 1.750664
0.936628 0.000028 0.000043 0.000017 0.000003 0.055520 0.007762 1.750669
0.936638 0.000026 0.000041 0.000017 0.000003 0.055514 0.007762 1.750672
0.936648 0.000026 0.000040 0.000018 0.000003 0.055505 0.007762 1.750675
0.936655 0.000027 0.000039 0.000017 0.000003 0.055498 0.007762 1.750677
0.936663 0.000026 0.000040 0.000016 0.000003 0.055492 0.007762 1.750681
0.936672 0.000025 0.000038 0.000014 0.000003 0.055487 0.007762 1.750684
0.936676 0.000026 0.000036 0.000015 0.000003 0.055483 0.007762 1.750687
0.936683 0.000027 0.000036 0.000015 0.000003 0.055475 0.007762 1.750690
0.936690 0.000027 0.000031 0.000014 0.000003 0.055474 0.007762 1.750692
0.936695 0.000030 0.000031 0.000014 0.000002 0.055466 0.007762 1.750694
0.936698 0.000031 0.000031 0.000015 0.000002 0.055461 0.007762 1.750698
0.936707 0.000028 0.000033 0.000016 0.000002 0.055452 0.007762 1.750705
0.936716 0.000028 0.000031 0.000017 0.000002 0.055444 0.007762 1.750708
0.936720 0.000029 0.000029 0.000020 0.000002 0.055438 0.007762 1.750712
0.936725 0.000032 0.000028 0.000018 0.000002 0.055433 0.007762 1.750714
0.936730 0.000035 0.000028 0.000017 0.000003 0.055425 0.007762 1.750715
0.936735 0.000037 0.000026 0.000017 0.000003 0.055420 0.007762 1.750718
0.936741 0.000037 0.000027 0.000017 0.000003 0.055414 0.007762 1.750721
0.936743 0.000037 0.000027 0.000018 0.000002 0.055411 0.007762 1.750726
0.936745 0.000039 0.000028 0.000018 0.000002 0.055407 0.007762 1.750731
0.936750 0.000041 0.000028 0.000018 0.000002 0.055400 0.007762 1.750734
0.936751 0.000041 0.000030 0.000018 0.000002 0.055397 0.007762 1.750739
0.936758 0.000041 0.000031 0.000017 0.000003 0.055389 0.007762 1.750743
0.936762 0.000042 0.000030 0.000017 0.000003 0.055385 0.007762 1.750747
0.936767 0.000042 0.000031 0.000014 0.000003 0.055383 0.007762 1.750751
0.936772 0.000044 0.000033 0.000013 0.000003 0.055374 0.007762 1.750755
0.936774 0.000046 0.000032 0.000013 0.000003 0.055370 0.007762 1.750758
0.936780 0.000046 0.000033 0.000013 0.000003 0.055364 0.007762 1.750761
0.936779 0.000051 0.000034 0.000012 0.000003 0.055360 0.007762 1.750765
0.936789 0.000046 0.000037 0.000015 0.000003 0.055350 0.007762 1.750773
0.936792 0.000046 0.000035 0.000014 0.000003 0.055348 0.007762 1.750776
0.936799 0.000046 0.000035 0.000014 0.000003 0.055343 0.007762 1.750779
0.936802 0.000047 0.000036 0.000015 0.000003 0.055337 0.007762 1.750783
0.936804 0.000047 0.000036 0.000016 0.000003 0.055333 0.007762 1.750786
0.936811 0.000045 0.000036 0.000017 0.000003 0.055328 0.007762 1.750792
0.936813 0.000044 0.000035 0.000019 0.000003 0.055325 0.007762 1.750796
0.936816 0.000044 0.000036 0.000019 0.000002 0.055321 0.007762 1.750800
0.936824 0.000043 0.000035 0.000019 0.000002 0.055316 0.007762 1.750804
0.936828 0.000043 0.000036 0.000019 0.000002 0.055311 0.007762 1.750808
0.936831 0.000043 0.000035 0.000018 0.000002 0.055309 0.007762 1.750812
0.936835 0.000040 0.000037 0.000018 0.000002 0.055306 0.007762 1.750816
0.936841 0.000040 0.000036 0.000017 0.000002 0.055302 0.007762 1.750818
0.936848 0.000039 0.000036 0.000019 0.000003 0.055295 0.007762 1.750822
0.936850 0.000037 0.000036 0.000015 0.000003 0.055298 0.007762 1.750825
0.936855 0.000038 0.000038 0.000014 0.000002 0.055292 0.007762 1.750828
0.936856 0.000039 0.000039 0.000014 0.000002 0.055289 0.007762 1.750832
0.936860 0.000037 0.000040 0.000014 0.000001 0.055287 0.007762 1.750838
0.936864 0.000033 0.000040 0.000016 0.000001 0.055285 0.007762 1.750843
0.936868 0.000033 0.000040 0.000017 0.000001 0.055279 0.007762 1.750846
0.936872 0.000036 0.000038 0.000017 0.000001 0.055275 0.007762 1.750848
0.936876 0.000036 0.000038 0.000016 0.000000 0.055273 0.007762 1.750851
0.936879 0.000032 0.000041 0.000016 0.000000 0.055270 0.007762 1.750857
0.936882 0.000034 0.000039 0.000014 0.000000 0.055270 0.007762 1.750859
0.936887 0.000031 0.000038 0.000014 0.000000 0.055268 0.007762 1.750863
0.936891 0.000033 0.000036 0.000014 0.000000 0.055265 0.007762 1.750865
0.936894 0.000034 0.000032 0.000015 0.000000 0.055264 0.007762 1.750867
0.936896 0.000033 0.000034 0.000013 0.000000 0.055263 0.007762 1.750870
0.936898 0.000033 0.000033 0.000012 0.000000 0.055263 0.007762 1.750872
0.936900 0.000032 0.000034 0.000012 0.000000 0.055259 0.007762 1.750876
0.936906 0.000033 0.000035 0.000012 0.000000 0.055254 0.007762 1.750879
0.936906 0.000030 0.000033 0.000014 0.000000 0.055255 0.007762 1.750885
0.936907 0.000031 0.000031 0.000014 0.000000 0.055254 0.007762 1.750886
0.936912 0.000032 0.000030 0.000014 0.000000 0.055252 0.007762 1.750888
0.936911 0.000034 0.000029 0.000013 0.000000 0.055251 0.007762 1.750890
0.936916 0.000032 0.000029 0.000013 0.000000 0.055249 0.007762 1.750892
0.936917 0.000031 0.000029 0.000014 0.000000 0.055246 0.007762 1.750896
0.936919 0.000031 0.000030 0.000014 0.000000 0.055245 0.007762 1.750899
0.936920 0.000029 0.000031 0.000013 0.000000 0.055245 0.007762 1.750903
0.936924 0.000030 0.000027 0.000014 0.000000 0.055244 0.007762 1.750906
0.936927 0.000029 0.000024 0.000014 0.000000 0.055245 0.007762 1.750908
0.936929 0.000031 0.000024 0.000012 0.000000 0.055242 0.007762 1.750909
0.936930 0.000032 0.000022 0.000013 0.000000 0.055241 0.007762 1.750911
0.936930 0.000033 0.000023 0.000012 0.000000 0.055240 0.007762 1.750913
0.936936 0.000032 0.000023 0.000013 0.000000 0.055234 0.007762 1.750916
0.936940 0.000032 0.000024 0.000014 0.000000 0.055228 0.007762 1.750919
0.936941 0.000034 0.000024 0.000011 0.000000 0.055228 0.007762 1.750922
0.936945 0.000033 0.000025 0.000011 0.000000 0.055224 0.007762 1.750924
0.936947 0.000037 0.000024 0.000010 0.000000 0.055220 0.007762 1.750927
0.936949 0.000036 0.000023 0.000008 0.000000 0.055221 0.007762 1.750929
0.936949 0.000035 0.000025 0.000008 0.000000 0.055221 0.007762 1.750934
0.936953 0.000032 0.000027 0.000009 0.000000 0.055217 0.007762 1.750940
0.936954 0.000033 0.000028 0.000009 0.000000 0.055214 0.007762 1.750943
0.936958 0.000034 0.000027 0.000010 0.000000 0.055209 0.007762 1.750945
0.936960 0.000036 0.000027 0.000009 0.000000 0.055205 0.007762 1.750947
0.936964 0.000037 0.000026 0.000009 0.000000 0.055202 0.007762 1.750948
0.936962 0.000042 0.000025 0.000008 0.000000 0.055200 0.007762 1.750950
0.936962 0.000044 0.000021 0.000008 0.000000 0.055202 0.007762 1.750952
0.936961 0.000043 0.000024 0.000008 0.000000 0.055202 0.007762 1.750957
0.936962 0.000043 0.000026 0.000008 0.000000 0.055200 0.007762 1.750961
0.936963 0.000037 0.000029 0.000008 0.000000 0.055200 0.007762 1.750968
0.936964 0.000037 0.000029 0.000010 0.000000 0.055198 0.007762 1.750970
0.936967 0.000035 0.000028 0.000011 0.000000 0.055197 0.007762 1.750974
0.936970 0.000032 0.000030 0.000010 0.000000 0.055195 0.007762 1.750979
0.936974 0.000031 0.000030 0.000010 0.000000 0.055192 0.007762 1.750981
0.936976 0.000031 0.000030 0.000010 0.000000 0.055190 0.007762 1.750984
0.936978 0.000033 0.000030 0.000011 0.000000 0.055186 0.007762 1.750986
0.936981 0.000031 0.000031 0.000011 0.000000 0.055184 0.007762 1.750990
0.936981 0.000031 0.000031 0.000012 0.000000 0.055182 0.007762 1.750993
0.936981 0.000031 0.000030 0.000011 0.000000 0.055183 0.007762 1.750997
0.936983 0.000031 0.000030 0.000012 0.000000 0.055181 0.007762 1.751000
0.936982 0.000033 0.000029 0.000012 0.000000 0.055182 0.007762 1.751003
0.936982 0.000033 0.000027 0.000011 0.000000 0.055184 0.007762 1.751005
0.936980 0.000035 0.000028 0.000010 0.000000 0.055185 0.007762 1.751008
0.936979 0.000036 0.000027 0.000011 0.000000 0.055184 0.007762 1.751011
0.936977 0.000039 0.000028 0.000010 0.000001 0.055183 0.007762 1.751013
0.936978 0.000039 0.000029 0.000011 0.000001 0.055180 0.007762 1.751017
0.936983 0.000035 0.000031 0.000012 0.000001 0.055175 0.007762 1.751023
0.936983 0.000036 0.000034 0.000012 0.000001 0.055172 0.007762 1.751026
0.936986 0.000036 0.000032 0.000011 0.000001 0.055171 0.007762 1.751029
0.936986 0.000036 0.000031 0.000011 0.000000 0.055174 0.007762 1.751033
0.936989 0.000037 0.000031 0.000009 0.000000 0.055171 0.007762 1.751034
0.936988 0.000039 0.000033 0.000008 0.000000 0.055170 0.007762 1.751038
0.936990 0.000037 0.000033 0.000008 0.000000 0.055168 0.007763 1.751042
0.936987 0.000040 0.000033 0.000009 0.000000 0.055168 0.007763 1.751046
0.936988 0.000040 0.000034 0.000010 0.000000 0.055166 0.007763 1.751049
0.936988 0.000042 0.000034 0.000009 0.000000 0.055164 0.007763 1.751052
0.936990 0.000043 0.000033 0.000009 0.000000 0.055163 0.007763 1.751055
0.936989 0.000041 0.000034 0.000008 0.000000 0.055165 0.007763 1.751059
0.936986 0.000042 0.000034 0.000009 0.000000 0.055166 0.007763 1.751065
0.936986 0.000040 0.000036 0.000010 0.000000 0.055165 0.007763 1.751070
0.936987 0.000038 0.000039 0.000010 0.000000 0.055163 0.007763 1.751076
0.936987 0.000038 0.000041 0.000008 0.000000 0.055163 0.007763 1.751079
0.936987 0.000034 0.000039 0.000012 0.000000 0.055166 0.007763 1.751084
0.936987 0.000033 0.000037 0.000012 0.000000 0.055167 0.007763 1.751086
0.936989 0.000034 0.000036 0.000013 0.000000 0.055167 0.007763 1.751088
0.936991 0.000030 0.000036 0.000014 0.000000 0.055165 0.007763 1.751093
0.936992 0.000031 0.000036 0.000014 0.000000 0.055164 0.007763 1.751095
0.936989 0.000034 0.000039 0.000014 0.000000 0.055162 0.007763 1.751100
0.936987 0.000034 0.000039 0.000014 0.000000 0.055163 0.007763 1.751103
0.936988 0.000031 0.000039 0.000016 0.000000 0.055164 0.007763 1.751107
0.936988 0.000030 0.000037 0.000016 0.000000 0.055166 0.007763 1.751112
0.936990 0.000029 0.000036 0.000017 0.000000 0.055167 0.007763 1.751115
0.936990 0.000029 0.000033 0.000017 0.000000 0.055169 0.007763 1.751117
0.936992 0.000030 0.000031 0.000014 0.000000 0.055170 0.007763 1.751119
0.936995 0.000026 0.000032 0.000014 0.000000 0.055170 0.007763 1.751123
0.936995 0.000027 0.000032 0.000015 0.000000 0.055169 0.007763 1.751127
0.936995 0.000028 0.000032 0.000014 0.000000 0.055168 0.007763 1.751130
0.936993 0.000031 0.000031 0.000014 0.000000 0.055168 0.007763 1.751131
0.936990 0.000035 0.000033 0.000014 0.000000 0.055166 0.007763 1.751133
0.936990 0.000034 0.000034 0.000014 0.000000 0.055166 0.007763 1.751137
0.936990 0.000032 0.000034 0.000014 0.000000 0.055167 0.007763 1.751141
0.936991 0.000031 0.000033 0.000013 0.000000 0.055169 0.007763 1.751143
0.936985 0.000036 0.000035 0.000014 0.000000 0.055167 0.007763 1.751148
0.936983 0.000038 0.000035 0.000014 0.000000 0.055168 0.007763 1.751151
0.936981 0.000034 0.000036 0.000014 0.000000 0.055172 0.007763 1.751157
0.936980 0.000033 0.000036 0.000014 0.000000 0.055173 0.007763 1.751161
0.936984 0.000031 0.000036 0.000014 0.000000 0.055171 0.007763 1.751163
0.936988 0.000027 0.000037 0.000016 0.000000 0.055169 0.007763 1.751168
0.936987 0.000028 0.000037 0.000015 0.000000 0.055170 0.007763 1.751172
0.936987 0.000029 0.000035 0.000014 0.000000 0.055172 0.007763 1.751175
0.936991 0.000026 0.000033 0.000016 0.000000 0.055171 0.007763 1.751178
0.936992 0.000027 0.000033 0.000015 0.000000 0.055170 0.007763 1.751181
0.936992 0.000026 0.000030 0.000016 0.000000 0.055173 0.007763 1.751185
0.936992 0.000026 0.000030 0.000014 0.000000 0.055175 0.007763 1.751188
0.936991 0.000027 0.000030 0.000013 0.000000 0.055175 0.007763 1.751190
0.936990 0.000028 0.000031 0.000014 0.000000 0.055173 0.007763 1.751193
0.936991 0.000026 0.000030 0.000016 0.000000 0.055174 0.007763 1.751196
0.936992 0.000026 0.000029 0.000014 0.000000 0.055175 0.007763 1.751199
0.936991 0.000029 0.000027 0.000015 0.000000 0.055176 0.007763 1.751199
0.936994 0.000028 0.000026 0.000016 0.000000 0.055173 0.007763 1.751201
0.936997 0.000028 0.000027 0.000015 0.000000 0.055171 0.007763 1.751202
0.936995 0.000030 0.000027 0.000012 0.000000 0.055173 0.007763 1.751205
0.936997 0.000028 0.000027 0.000012 0.000001 0.055173 0.007763 1.751209
0.936996 0.000027 0.000029 0.000013 0.000001 0.055172 0.007763 1.751213
0.936993 0.000025 0.000033 0.000013 0.000000 0.055173 0.007763 1.751220
0.936991 0.000024 0.000034 0.000012 0.000000 0.055175 0.007763 1.751224
0.936992 0.000023 0.000034 0.000012 0.000000 0.055176 0.007763 1.751226
0.936992 0.000023 0.000034 0.000012 0.000000 0.055176 0.007763 1.751228
0.936992 0.000024 0.000033 0.000011 0.000000 0.055176 0.007763 1.751230
0.936994 0.000025 0.000031 0.000011 0.000000 0.055176 0.007763 1.751230
0.936993 0.000027 0.000031 0.000011 0.000000 0.055176 0.007763 1.751233
0.936991 0.000030 0.000031 0.000010 0.000000 0.055175 0.007763 1.751234
0.936990 0.000029 0.000031 0.000010 0.000000 0.055177 0.007763 1.751238
0.936989 0.000029 0.000034 0.000010 0.000000 0.055175 0.007763 1.751241
0.936988 0.000031 0.000034 0.000009 0.000000 0.055175 0.007763 1.751242
0.936988 0.000029 0.000032 0.000010 0.000000 0.055177 0.007763 1.751246
0.936986 0.000030 0.000031 0.000012 0.000000 0.055178 0.007763 1.751249
0.936985 0.000030 0.000031 0.000012 0.000000 0.055179 0.007763 1.751252
0.936984 0.000030 0.000031 0.000012 0.000000 0.055180 0.007763 1.751256
0.936984 0.000029 0.000033 0.000012 0.000000 0.055180 0.007763 1.751259
