0.999803 0.000154 0.000031 0.000011 0.000000 0.000000 0.000000
0.999707 0.000220 0.000030 0.000008 0.000000 0.000035 0.000000
0.999370 0.000535 0.000055 0.000018 0.000000 0.000022 0.000000
0.998688 0.001128 0.000119 0.000041 0.000000 0.000024 0.000000
0.997912 0.001740 0.000215 0.000093 0.000000 0.000040 0.000000
0.996571 0.002775 0.000418 0.000172 0.000000 0.000065 0.000000
0.994400 0.004558 0.000678 0.000278 0.000000 0.000087 0.000000
0.991422 0.006961 0.000988 0.000450 0.000000 0.000179 0.000000
0.987277 0.010257 0.001379 0.000677 0.000000 0.000410 0.000000
0.981874 0.014570 0.002003 0.000975 0.000000 0.000578 0.000000
0.974497 0.020519 0.002798 0.001358 0.000000 0.000827 0.000000
0.966110 0.026982 0.003845 0.001941 0.000001 0.001120 0.000000
0.955325 0.035341 0.005084 0.002675 0.000005 0.001570 0.000000
0.943281 0.044364 0.006686 0.003521 0.000004 0.002144 0.000000
0.928684 0.055140 0.008668 0.004702 0.000005 0.002800 0.000000
0.913160 0.066257 0.011016 0.005949 0.000009 0.003609 0.000000
0.895348 0.078684 0.013958 0.007372 0.000013 0.004625 0.000000
0.877697 0.090368 0.017260 0.008915 0.000016 0.005744 0.000000
0.859099 0.102378 0.020741 0.010709 0.000027 0.007047 0.000000
0.840319 0.113917 0.024441 0.012603 0.000030 0.008690 0.000000
0.819709 0.126131 0.028483 0.014898 0.000036 0.010744 0.000000
0.799233 0.137888 0.032703 0.017128 0.000054 0.012995 0.000000
0.778667 0.149279 0.037015 0.019440 0.000064 0.015536 0.000000
0.757020 0.160442 0.041932 0.021908 0.000075 0.018621 0.000001
0.735771 0.170371 0.047308 0.024615 0.000098 0.021835 0.000001
0.714529 0.179978 0.052618 0.027419 0.000098 0.025356 0.000002
0.692131 0.189248 0.058322 0.030356 0.000108 0.029832 0.000003
0.670279 0.197391 0.064187 0.033390 0.000131 0.034619 0.000003
0.649349 0.203904 0.070009 0.036519 0.000161 0.040056 0.000003
0.629912 0.209233 0.075617 0.039377 0.000179 0.045678 0.000004
0.609584 0.214058 0.081562 0.042434 0.000212 0.052146 0.000004
0.590058 0.217213 0.087618 0.045611 0.000239 0.059256 0.000004
0.573785 0.218345 0.092788 0.048463 0.000261 0.066354 0.000005
0.557318 0.218727 0.098155 0.051185 0.000281 0.074327 0.000006
0.543538 0.218221 0.102500 0.053531 0.000315 0.081889 0.000007
0.528648 0.217431 0.107187 0.055952 0.000346 0.090430 0.000007
0.515642 0.215201 0.111422 0.058009 0.000367 0.099353 0.000007
0.503259 0.212645 0.115230 0.060031 0.000395 0.108435 0.000006
0.492109 0.209137 0.118776 0.061815 0.000433 0.117724 0.000007
0.481749 0.205944 0.121856 0.063377 0.000469 0.126596 0.000010
0.471351 0.202090 0.124548 0.064931 0.000503 0.136566 0.000012
0.464161 0.198341 0.126194 0.065924 0.000528 0.144838 0.000014
0.454893 0.194420 0.128257 0.067121 0.000563 0.154730 0.000016
0.445229 0.190458 0.130401 0.068252 0.000593 0.165049 0.000019
0.437868 0.186252 0.131553 0.068885 0.000623 0.174798 0.000021
0.430177 0.181967 0.132678 0.069622 0.000650 0.184880 0.000025
0.423083 0.178052 0.133448 0.069983 0.000670 0.194734 0.000029
0.416352 0.173720 0.134018 0.070546 0.000691 0.204643 0.000031
0.409324 0.169116 0.134689 0.071069 0.000722 0.215048 0.000032
0.403527 0.164739 0.134846 0.071290 0.000750 0.224814 0.000033
0.397778 0.159277 0.134678 0.071386 0.000781 0.236063 0.000036
0.393283 0.154992 0.134362 0.071145 0.000811 0.245369 0.000039
0.389511 0.149994 0.133610 0.070741 0.000841 0.255264 0.000040
0.385608 0.145134 0.132672 0.070330 0.000863 0.265349 0.000043
0.384938 0.141804 0.131201 0.069595 0.000873 0.271545 0.000045
0.381238 0.137074 0.129921 0.069078 0.000892 0.281748 0.000048
0.378134 0.132949 0.128511 0.068387 0.000911 0.291057 0.000050
0.375898 0.129134 0.127038 0.067563 0.000926 0.299390 0.000052
0.373576 0.125728 0.125763 0.066902 0.000939 0.307039 0.000054
0.370327 0.122514 0.124718 0.066479 0.000946 0.314961 0.000056
0.366723 0.118387 0.123472 0.065748 0.000969 0.324642 0.000058
0.365032 0.114934 0.121526 0.064787 0.000982 0.332678 0.000061
0.362610 0.111489 0.119975 0.063880 0.000999 0.340985 0.000062
0.360858 0.108852 0.118300 0.062866 0.001005 0.348056 0.000064
0.359307 0.106111 0.116305 0.061905 0.001006 0.355300 0.000067
0.357196 0.102625 0.114630 0.061040 0.001026 0.363412 0.000071
0.355629 0.099423 0.112775 0.060087 0.001053 0.370957 0.000075
0.355047 0.096330 0.110962 0.059074 0.001066 0.377441 0.000080
0.353961 0.092660 0.109011 0.058064 0.001069 0.385151 0.000084
0.354008 0.089486 0.106683 0.056894 0.001079 0.391763 0.000087
0.353867 0.086495 0.104567 0.055743 0.001089 0.398148 0.000091
0.354932 0.084297 0.102377 0.054662 0.001088 0.402547 0.000096
0.354923 0.080250 0.099522 0.053250 0.001106 0.410847 0.000102
0.356467 0.078662 0.097538 0.052228 0.001089 0.413910 0.000104
0.357358 0.076653 0.095638 0.051214 0.001077 0.417955 0.000104
0.357834 0.073844 0.093154 0.049821 0.001058 0.424177 0.000113
0.358244 0.071892 0.091158 0.048801 0.001047 0.428741 0.000118
0.359079 0.070109 0.089103 0.047800 0.001054 0.432733 0.000121
0.359647 0.067937 0.086959 0.046637 0.001063 0.437630 0.000126
0.360547 0.065897 0.084738 0.045440 0.001064 0.442187 0.000128
0.361706 0.064018 0.082787 0.044452 0.001063 0.445843 0.000131
0.362642 0.062650 0.081187 0.043642 0.001069 0.448678 0.000132
0.363799 0.060669 0.079087 0.042501 0.001052 0.452754 0.000138
0.365697 0.059274 0.077094 0.041483 0.001048 0.455263 0.000141
0.367047 0.057471 0.075289 0.040460 0.001053 0.458536 0.000144
0.369057 0.055839 0.073314 0.039376 0.001053 0.461213 0.000148
0.370875 0.054050 0.071240 0.038314 0.001043 0.464327 0.000152
0.372655 0.052977 0.069773 0.037394 0.001033 0.466014 0.000154
0.374602 0.051723 0.068085 0.036508 0.001023 0.467902 0.000157
0.376796 0.050470 0.066375 0.035567 0.001023 0.469608 0.000161
0.378972 0.049409 0.064721 0.034599 0.001010 0.471126 0.000164
0.380947 0.048555 0.063328 0.033753 0.000993 0.472254 0.000170
0.383042 0.047664 0.061990 0.033003 0.000982 0.473148 0.000171
0.385551 0.046755 0.060426 0.032176 0.000970 0.473947 0.000173
0.387772 0.045770 0.058936 0.031381 0.000946 0.475016 0.000179
0.390081 0.045044 0.057443 0.030594 0.000938 0.475717 0.000183
0.392719 0.044292 0.056004 0.029805 0.000931 0.476061 0.000188
0.394827 0.043820 0.054850 0.029186 0.000917 0.476210 0.000191
0.397055 0.043185 0.053544 0.028452 0.000912 0.476656 0.000196
0.399380 0.042903 0.052651 0.027923 0.000894 0.476048 0.000202
0.402161 0.042384 0.051347 0.027268 0.000878 0.475756 0.000206
0.403907 0.042285 0.050775 0.027006 0.000875 0.474945 0.000208
0.406565 0.041847 0.049590 0.026412 0.000872 0.474502 0.000211
0.408990 0.041443 0.048336 0.025808 0.000857 0.474350 0.000216
0.410930 0.041238 0.047589 0.025348 0.000843 0.473836 0.000216
0.413332 0.040819 0.046692 0.024789 0.000825 0.473319 0.000223
0.415449 0.040635 0.046040 0.024440 0.000812 0.472394 0.000229
0.417587 0.040517 0.045329 0.024019 0.000794 0.471522 0.000232
0.420113 0.040411 0.044569 0.023648 0.000776 0.470252 0.000232
0.422369 0.040320 0.044016 0.023349 0.000770 0.468942 0.000234
0.425339 0.040356 0.043299 0.022966 0.000760 0.467043 0.000238
0.427824 0.040476 0.042668 0.022664 0.000747 0.465381 0.000240
0.430368 0.040603 0.042025 0.022332 0.000734 0.463697 0.000242
0.433101 0.040487 0.041498 0.021954 0.000719 0.461993 0.000248
0.435655 0.040707 0.041125 0.021661 0.000710 0.459891 0.000251
0.438761 0.041016 0.040697 0.021476 0.000704 0.457093 0.000251
0.441502 0.041471 0.040358 0.021355 0.000695 0.454366 0.000253
0.444184 0.042143 0.039921 0.021154 0.000687 0.451657 0.000254
0.446030 0.043035 0.039717 0.021027 0.000679 0.449254 0.000258
0.447673 0.043770 0.039640 0.020898 0.000662 0.447096 0.000260
0.448956 0.044786 0.039647 0.020889 0.000653 0.444806 0.000263
0.449282 0.045553 0.039850 0.020934 0.000648 0.443473 0.000260
0.449778 0.045890 0.039935 0.020852 0.000641 0.442639 0.000264
0.450712 0.045192 0.040046 0.020827 0.000639 0.442316 0.000268
0.452620 0.044036 0.039940 0.020716 0.000632 0.441786 0.000269
0.455351 0.042821 0.039942 0.020616 0.000626 0.440369 0.000275
0.458582 0.041391 0.040025 0.020432 0.000607 0.438682 0.000281
0.461802 0.039313 0.040027 0.020144 0.000596 0.437837 0.000282
0.465161 0.037491 0.039880 0.019881 0.000590 0.436713 0.000283
0.468775 0.035372 0.039475 0.019462 0.000582 0.436051 0.000283
0.472918 0.033776 0.039182 0.019061 0.000587 0.434191 0.000285
0.476973 0.031716 0.038572 0.018492 0.000575 0.433384 0.000289
0.480942 0.029842 0.037992 0.018006 0.000572 0.432355 0.000291
0.485463 0.027957 0.037232 0.017531 0.000563 0.430965 0.000288
0.490082 0.026254 0.036494 0.017059 0.000555 0.429261 0.000295
0.494596 0.024657 0.035755 0.016588 0.000551 0.427560 0.000293
0.499184 0.023134 0.034918 0.016053 0.000545 0.425868 0.000299
0.503738 0.021667 0.034014 0.015523 0.000541 0.424220 0.000296
0.508412 0.020235 0.033076 0.014939 0.000533 0.422503 0.000301
0.513160 0.018961 0.032231 0.014366 0.000516 0.420464 0.000303
0.518023 0.017546 0.031200 0.013795 0.000509 0.418622 0.000304
0.522883 0.016433 0.030164 0.013253 0.000502 0.416459 0.000307
0.527743 0.015438 0.029190 0.012790 0.000498 0.414035 0.000307
0.532337 0.014565 0.028458 0.012324 0.000490 0.411518 0.000308
0.536989 0.013613 0.027447 0.011794 0.000487 0.409359 0.000310
0.541689 0.012747 0.026378 0.011268 0.000480 0.407129 0.000309
0.546338 0.011852 0.025251 0.010798 0.000472 0.404976 0.000312
0.551269 0.011161 0.024460 0.010439 0.000464 0.401889 0.000318
0.556048 0.010329 0.023368 0.009916 0.000454 0.399565 0.000320
0.561056 0.009674 0.022454 0.009474 0.000449 0.396572 0.000323
0.565466 0.009000 0.021588 0.009084 0.000435 0.394103 0.000323
0.570090 0.008352 0.020674 0.008700 0.000425 0.391433 0.000324
0.575055 0.007862 0.019871 0.008315 0.000415 0.388162 0.000319
0.579694 0.007276 0.018942 0.007907 0.000397 0.385462 0.000323
0.584388 0.006851 0.018255 0.007515 0.000390 0.382274 0.000326
0.588840 0.006456 0.017415 0.007149 0.000382 0.379434 0.000325
0.593473 0.006017 0.016546 0.006791 0.000373 0.376469 0.000332
0.598127 0.005626 0.015817 0.006443 0.000367 0.373288 0.000333
0.602681 0.005298 0.015118 0.006109 0.000357 0.370109 0.000328
0.607103 0.004949 0.014440 0.005828 0.000339 0.367013 0.000328
0.611255 0.004701 0.013837 0.005575 0.000331 0.363971 0.000330
0.615809 0.004372 0.013049 0.005254 0.000323 0.360859 0.000334
0.620272 0.004151 0.012573 0.005018 0.000315 0.357336 0.000335
0.624677 0.003918 0.011946 0.004766 0.000308 0.354052 0.000334
0.628957 0.003735 0.011494 0.004557 0.000298 0.350621 0.000338
0.633098 0.003535 0.010981 0.004348 0.000287 0.347412 0.000339
0.637596 0.003345 0.010387 0.004102 0.000276 0.343956 0.000338
0.641280 0.003133 0.009858 0.003884 0.000264 0.341236 0.000344
0.645565 0.003004 0.009436 0.003708 0.000258 0.337685 0.000343
0.649758 0.002816 0.008950 0.003513 0.000248 0.334370 0.000345
0.653661 0.002663 0.008593 0.003361 0.000244 0.331127 0.000351
0.657674 0.002539 0.008188 0.003225 0.000231 0.327794 0.000349
0.662039 0.002431 0.007773 0.003037 0.000220 0.324150 0.000349
0.665887 0.002312 0.007374 0.002880 0.000213 0.320980 0.000354
0.669584 0.002204 0.007059 0.002750 0.000212 0.317839 0.000352
0.673472 0.002112 0.006629 0.002583 0.000215 0.314637 0.000351
0.677193 0.002077 0.006310 0.002473 0.000211 0.311382 0.000354
0.680858 0.002007 0.006030 0.002346 0.000202 0.308204 0.000354
0.685078 0.001919 0.005700 0.002243 0.000198 0.304504 0.000357
0.688576 0.001821 0.005424 0.002116 0.000190 0.301518 0.000356
0.692247 0.001717 0.005146 0.002025 0.000184 0.298323 0.000358
0.696124 0.001638 0.004865 0.001947 0.000179 0.294886 0.000362
0.699745 0.001579 0.004652 0.001856 0.000173 0.291636 0.000358
0.703352 0.001528 0.004499 0.001773 0.000163 0.288326 0.000359
0.706741 0.001463 0.004308 0.001713 0.000162 0.285256 0.000358
0.710324 0.001378 0.004044 0.001631 0.000156 0.282103 0.000364
0.713656 0.001347 0.003830 0.001565 0.000145 0.279099 0.000358
0.717411 0.001288 0.003655 0.001500 0.000141 0.275643 0.000363
0.720892 0.001224 0.003476 0.001409 0.000142 0.272496 0.000361
0.724289 0.001179 0.003320 0.001319 0.000135 0.269399 0.000360
0.727820 0.001140 0.003156 0.001254 0.000132 0.266134 0.000363
0.730897 0.001118 0.003025 0.001203 0.000130 0.263265 0.000362
0.734094 0.001075 0.002868 0.001135 0.000123 0.260336 0.000370
0.737569 0.001022 0.002719 0.001078 0.000116 0.257130 0.000366
0.740634 0.001002 0.002633 0.001045 0.000113 0.254212 0.000362
0.743684 0.000982 0.002517 0.001017 0.000111 0.251326 0.000363
0.746852 0.000935 0.002408 0.000966 0.000108 0.248363 0.000369
0.749789 0.000909 0.002303 0.000938 0.000103 0.245593 0.000365
0.752871 0.000869 0.002162 0.000875 0.000100 0.242761 0.000362
0.755669 0.000842 0.002059 0.000845 0.000095 0.240128 0.000362
0.758609 0.000804 0.001981 0.000804 0.000092 0.237340 0.000371
0.761651 0.000797 0.001914 0.000773 0.000085 0.234423 0.000358
0.764850 0.000751 0.001835 0.000738 0.000084 0.231371 0.000371
0.767730 0.000724 0.001753 0.000703 0.000077 0.228648 0.000366
0.770388 0.000705 0.001695 0.000690 0.000073 0.226083 0.000365
0.773212 0.000676 0.001605 0.000665 0.000069 0.223409 0.000364
0.776058 0.000647 0.001530 0.000634 0.000067 0.220696 0.000368
0.778811 0.000640 0.001484 0.000609 0.000070 0.218018 0.000368
0.781439 0.000627 0.001406 0.000592 0.000069 0.215498 0.000369
0.784232 0.000587 0.001347 0.000554 0.000065 0.212852 0.000362
0.786785 0.000580 0.001312 0.000560 0.000063 0.210337 0.000364
0.789550 0.000549 0.001222 0.000508 0.000059 0.207747 0.000365
0.792169 0.000540 0.001169 0.000493 0.000059 0.205206 0.000364
0.794617 0.000542 0.001120 0.000463 0.000055 0.202837 0.000366
0.797216 0.000551 0.001113 0.000455 0.000055 0.200246 0.000363
0.799609 0.000556 0.001088 0.000446 0.000057 0.197878 0.000367
0.801940 0.000529 0.001020 0.000423 0.000053 0.195667 0.000368
0.804533 0.000545 0.001011 0.000412 0.000053 0.193075 0.000371
0.806850 0.000509 0.000947 0.000397 0.000053 0.190874 0.000369
0.809387 0.000486 0.000927 0.000389 0.000049 0.188397 0.000365
0.811936 0.000461 0.000887 0.000361 0.000046 0.185940 0.000368
0.813885 0.000494 0.000889 0.000373 0.000049 0.183949 0.000360
0.816066 0.000488 0.000867 0.000363 0.000050 0.181803 0.000363
0.818304 0.000500 0.000828 0.000369 0.000048 0.179587 0.000364
0.820640 0.000474 0.000780 0.000358 0.000045 0.177339 0.000365
0.823042 0.000455 0.000747 0.000356 0.000040 0.174993 0.000367
0.825210 0.000476 0.000758 0.000351 0.000042 0.172798 0.000366
0.827310 0.000469 0.000742 0.000340 0.000041 0.170726 0.000372
0.829480 0.000464 0.000748 0.000323 0.000039 0.168578 0.000369
0.831886 0.000403 0.000672 0.000280 0.000036 0.166356 0.000367
0.833687 0.000429 0.000680 0.000295 0.000035 0.164512 0.000362
0.835912 0.000408 0.000658 0.000292 0.000032 0.162332 0.000366
0.837883 0.000407 0.000651 0.000278 0.000030 0.160385 0.000366
0.839774 0.000436 0.000654 0.000281 0.000030 0.158457 0.000369
0.841321 0.000433 0.000641 0.000284 0.000028 0.156928 0.000365
0.843197 0.000476 0.000640 0.000289 0.000028 0.154997 0.000373
0.845360 0.000454 0.000615 0.000269 0.000026 0.152909 0.000368
0.847432 0.000452 0.000594 0.000264 0.000024 0.150869 0.000366
0.849781 0.000416 0.000563 0.000255 0.000023 0.148585 0.000377
0.851309 0.000398 0.000576 0.000263 0.000021 0.147053 0.000379
0.852974 0.000405 0.000588 0.000273 0.000022 0.145358 0.000381
0.854989 0.000388 0.000558 0.000270 0.000020 0.143405 0.000370
0.856680 0.000401 0.000563 0.000262 0.000021 0.141703 0.000370
0.858714 0.000371 0.000517 0.000251 0.000021 0.139759 0.000367
0.860229 0.000422 0.000561 0.000250 0.000017 0.138151 0.000370
0.861180 0.000475 0.000605 0.000278 0.000019 0.137072 0.000371
0.863165 0.000452 0.000551 0.000261 0.000017 0.135186 0.000367
0.864912 0.000506 0.000543 0.000266 0.000016 0.133396 0.000362
0.866824 0.000484 0.000534 0.000254 0.000016 0.131508 0.000380
0.868476 0.000450 0.000519 0.000240 0.000017 0.129920 0.000379
0.870020 0.000449 0.000508 0.000240 0.000012 0.128399 0.000373
0.871636 0.000525 0.000574 0.000280 0.000015 0.126595 0.000374
0.873645 0.000426 0.000518 0.000234 0.000014 0.124796 0.000367
0.874913 0.000478 0.000580 0.000264 0.000016 0.123381 0.000369
0.876163 0.000532 0.000565 0.000267 0.000017 0.122085 0.000371
0.877817 0.000482 0.000539 0.000243 0.000016 0.120531 0.000372
0.879011 0.000517 0.000583 0.000267 0.000014 0.119231 0.000376
0.879920 0.000665 0.000694 0.000309 0.000014 0.118029 0.000368
0.881662 0.000610 0.000623 0.000252 0.000012 0.116462 0.000379
0.883288 0.000610 0.000600 0.000247 0.000011 0.114876 0.000367
0.884549 0.000596 0.000602 0.000258 0.000010 0.113608 0.000376
0.886225 0.000567 0.000606 0.000262 0.000010 0.111954 0.000376
0.887062 0.000683 0.000687 0.000273 0.000011 0.110914 0.000371
0.889005 0.000618 0.000646 0.000241 0.000011 0.109095 0.000385
0.890095 0.000745 0.000693 0.000255 0.000012 0.107829 0.000371
0.890904 0.000877 0.000806 0.000285 0.000008 0.106745 0.000375
0.891268 0.000966 0.000917 0.000334 0.000009 0.106132 0.000374
0.893265 0.000816 0.000762 0.000290 0.000009 0.104477 0.000380
0.894631 0.000849 0.000783 0.000291 0.000010 0.103060 0.000376
0.895504 0.000944 0.000827 0.000322 0.000009 0.102016 0.000378
0.895645 0.001087 0.000951 0.000376 0.000010 0.101557 0.000374
0.897157 0.001062 0.000957 0.000363 0.000009 0.100074 0.000379
0.899341 0.000884 0.000829 0.000337 0.000011 0.098216 0.000382
0.900000 0.000969 0.000888 0.000388 0.000011 0.097359 0.000385
0.900904 0.001009 0.000869 0.000382 0.000009 0.096444 0.000383
0.900819 0.001261 0.001026 0.000435 0.000009 0.096078 0.000372
0.903043 0.001059 0.000869 0.000380 0.000009 0.094252 0.000388
0.901769 0.001594 0.001185 0.000525 0.000010 0.094544 0.000373
0.902714 0.001599 0.001160 0.000489 0.000009 0.093657 0.000372
0.903638 0.001593 0.001176 0.000528 0.000010 0.092679 0.000375
0.906389 0.001351 0.001015 0.000482 0.000010 0.090377 0.000377
0.906592 0.001391 0.001058 0.000529 0.000010 0.090049 0.000372
0.906250 0.001608 0.001321 0.000587 0.000010 0.089858 0.000365
0.906911 0.001691 0.001421 0.000621 0.000009 0.088983 0.000364
0.908576 0.001585 0.001371 0.000572 0.000011 0.087508 0.000378
0.908607 0.001739 0.001513 0.000621 0.000011 0.087140 0.000369
0.909405 0.001766 0.001535 0.000660 0.000009 0.086260 0.000366
0.910186 0.001829 0.001617 0.000690 0.000010 0.085294 0.000374
0.911125 0.001835 0.001598 0.000659 0.000011 0.084401 0.000370
0.911373 0.001950 0.001657 0.000682 0.000010 0.083967 0.000360
0.913459 0.001706 0.001462 0.000602 0.000011 0.082417 0.000343
0.911261 0.002160 0.001901 0.000798 0.000010 0.083510 0.000361
0.910431 0.002436 0.002180 0.000915 0.000010 0.083671 0.000357
0.912139 0.002374 0.001985 0.000832 0.000011 0.082296 0.000363
0.913604 0.002346 0.001828 0.000807 0.000010 0.081051 0.000354
0.914242 0.002374 0.001918 0.000792 0.000011 0.080312 0.000350
0.915148 0.002292 0.002013 0.000798 0.000013 0.079378 0.000358
0.916918 0.001900 0.001849 0.000723 0.000010 0.078236 0.000365
0.913359 0.002637 0.002418 0.000933 0.000011 0.080290 0.000351
0.936625 0.000127 0.000138 0.000050 0.000004 0.062799 0.000255
