0.330120 0.063430 0.056810 0.032738 0.002160 0.508482 0.006261 1.660311
0.332700 0.061193 0.056625 0.032470 0.002164 0.508566 0.006283 1.666274
0.336094 0.058311 0.056472 0.032152 0.002172 0.508490 0.006310 1.672121
0.340109 0.055177 0.056207 0.031741 0.002170 0.508263 0.006333 1.677662
0.344326 0.052032 0.055603 0.031277 0.002164 0.508233 0.006365 1.682888
0.348878 0.048895 0.054965 0.030745 0.002163 0.507963 0.006392 1.687844
0.353580 0.045973 0.054092 0.030058 0.002163 0.507711 0.006423 1.692397
0.358411 0.043092 0.053184 0.029395 0.002169 0.507300 0.006450 1.696791
0.363318 0.040326 0.052175 0.028700 0.002168 0.506837 0.006475 1.700924
0.368362 0.037774 0.051082 0.027910 0.002157 0.506214 0.006502 1.704737
0.373490 0.035274 0.049871 0.027130 0.002141 0.505564 0.006531 1.708382
0.378780 0.033024 0.048564 0.026336 0.002129 0.504607 0.006560 1.711730
0.383889 0.030944 0.047256 0.025455 0.002116 0.503754 0.006586 1.714865
0.389171 0.028997 0.045916 0.024547 0.002097 0.502658 0.006613 1.717798
0.394595 0.027052 0.044656 0.023704 0.002072 0.501284 0.006636 1.720654
0.400012 0.025272 0.043294 0.022892 0.002061 0.499811 0.006659 1.723291
0.405376 0.023715 0.041908 0.022076 0.002032 0.498206 0.006687 1.725701
0.410856 0.022163 0.040480 0.021320 0.002003 0.496461 0.006717 1.728027
0.416289 0.020763 0.039116 0.020587 0.001971 0.494529 0.006745 1.730184
0.421780 0.019516 0.037720 0.019758 0.001932 0.492522 0.006772 1.732148
0.427392 0.018297 0.036310 0.018966 0.001920 0.490322 0.006793 1.734021
0.432892 0.017234 0.034909 0.018172 0.001901 0.488074 0.006819 1.735737
0.438338 0.016271 0.033509 0.017459 0.001863 0.485717 0.006844 1.737322
0.443792 0.015268 0.032218 0.016734 0.001834 0.483284 0.006869 1.738909
0.449223 0.014351 0.030894 0.016066 0.001809 0.480767 0.006891 1.740383
0.454690 0.013499 0.029631 0.015366 0.001784 0.478115 0.006915 1.741789
0.460049 0.012747 0.028453 0.014682 0.001756 0.475380 0.006933 1.743079
0.465420 0.012041 0.027303 0.014003 0.001724 0.472552 0.006957 1.744293
0.470920 0.011396 0.026160 0.013406 0.001688 0.469450 0.006979 1.745428
0.476246 0.010772 0.025110 0.012802 0.001644 0.466420 0.007004 1.746528
0.481697 0.010211 0.024023 0.012226 0.001623 0.463196 0.007023 1.747564
0.487086 0.009686 0.023018 0.011714 0.001584 0.459872 0.007040 1.748540
0.492330 0.009201 0.022093 0.011202 0.001557 0.456563 0.007056 1.749457
0.497558 0.008766 0.021173 0.010661 0.001523 0.453247 0.007072 1.750304
0.502841 0.008327 0.020269 0.010171 0.001486 0.449814 0.007092 1.751131
0.508074 0.007936 0.019363 0.009705 0.001453 0.446361 0.007109 1.751920
0.513267 0.007545 0.018552 0.009274 0.001420 0.442814 0.007129 1.752676
0.518388 0.007191 0.017759 0.008831 0.001380 0.439301 0.007148 1.753407
0.523535 0.006845 0.016960 0.008441 0.001348 0.435703 0.007168 1.754073
0.528560 0.006582 0.016205 0.008048 0.001320 0.432097 0.007188 1.754697
0.533694 0.006256 0.015522 0.007700 0.001292 0.428332 0.007204 1.755340
0.538641 0.005993 0.014843 0.007361 0.001261 0.424679 0.007222 1.755923
0.543635 0.005724 0.014214 0.007036 0.001232 0.420922 0.007238 1.756509
0.548626 0.005481 0.013602 0.006711 0.001208 0.417118 0.007255 1.757043
0.553498 0.005225 0.013027 0.006411 0.001177 0.413391 0.007271 1.757585
0.558245 0.005025 0.012421 0.006101 0.001147 0.409781 0.007280 1.758075
0.563089 0.004818 0.011882 0.005812 0.001120 0.405985 0.007294 1.758531
0.567851 0.004594 0.011373 0.005542 0.001089 0.402248 0.007305 1.758998
0.572602 0.004401 0.010913 0.005285 0.001057 0.398425 0.007318 1.759454
0.577324 0.004230 0.010436 0.005055 0.001022 0.394600 0.007333 1.759881
0.581948 0.004053 0.009989 0.004828 0.000995 0.390843 0.007345 1.760297
0.586627 0.003876 0.009564 0.004617 0.000953 0.387002 0.007361 1.760693
0.591162 0.003735 0.009145 0.004442 0.000919 0.383217 0.007380 1.761062
0.595725 0.003588 0.008730 0.004285 0.000892 0.379386 0.007395 1.761432
0.600214 0.003462 0.008346 0.004114 0.000873 0.375586 0.007406 1.761763
0.604626 0.003314 0.008003 0.003931 0.000854 0.371855 0.007418 1.762108
0.609100 0.003196 0.007633 0.003763 0.000823 0.368055 0.007429 1.762415
0.613472 0.003088 0.007324 0.003585 0.000799 0.364291 0.007440 1.762718
0.617821 0.002965 0.007037 0.003446 0.000782 0.360500 0.007450 1.763026
0.622163 0.002875 0.006741 0.003293 0.000760 0.356709 0.007460 1.763291
0.626410 0.002776 0.006450 0.003141 0.000735 0.353021 0.007468 1.763563
0.630573 0.002670 0.006170 0.003004 0.000714 0.349393 0.007478 1.763825
0.634729 0.002579 0.005903 0.002889 0.000693 0.345724 0.007484 1.764090
0.638808 0.002506 0.005653 0.002771 0.000671 0.342099 0.007493 1.764333
0.642876 0.002426 0.005414 0.002675 0.000651 0.338458 0.007500 1.764577
0.646918 0.002347 0.005198 0.002566 0.000631 0.334834 0.007507 1.764818
0.650895 0.002286 0.004999 0.002458 0.000606 0.331238 0.007520 1.765050
0.654888 0.002213 0.004800 0.002369 0.000590 0.327612 0.007528 1.765273
0.658836 0.002149 0.004615 0.002272 0.000585 0.324013 0.007532 1.765488
0.662740 0.002101 0.004442 0.002153 0.000561 0.320463 0.007542 1.765677
0.666548 0.002046 0.004299 0.002079 0.000546 0.316933 0.007549 1.765881
0.670373 0.001986 0.004108 0.001999 0.000527 0.313447 0.007561 1.766081
0.674144 0.001941 0.003973 0.001919 0.000511 0.309945 0.007567 1.766267
0.677850 0.001892 0.003826 0.001849 0.000499 0.306511 0.007573 1.766448
0.681494 0.001828 0.003680 0.001771 0.000485 0.303163 0.007579 1.766639
0.685112 0.001789 0.003551 0.001707 0.000473 0.299783 0.007586 1.766811
0.688729 0.001744 0.003399 0.001638 0.000453 0.296445 0.007592 1.766980
0.692253 0.001690 0.003258 0.001574 0.000440 0.293188 0.007598 1.767144
0.695825 0.001627 0.003137 0.001512 0.000426 0.289873 0.007602 1.767314
0.699245 0.001586 0.003025 0.001468 0.000403 0.286663 0.007611 1.767474
0.702778 0.001534 0.002927 0.001405 0.000388 0.283353 0.007615 1.767626
0.706131 0.001476 0.002830 0.001359 0.000375 0.280208 0.007621 1.767789
0.709433 0.001438 0.002726 0.001307 0.000361 0.277109 0.007627 1.767936
0.712818 0.001422 0.002602 0.001255 0.000345 0.273924 0.007635 1.768058
0.716103 0.001382 0.002525 0.001216 0.000327 0.270805 0.007642 1.768197
0.719309 0.001368 0.002446 0.001170 0.000315 0.267746 0.007646 1.768319
0.722555 0.001333 0.002382 0.001129 0.000302 0.264649 0.007652 1.768449
0.725741 0.001292 0.002306 0.001093 0.000297 0.261618 0.007654 1.768585
0.728897 0.001259 0.002231 0.001049 0.000287 0.258620 0.007658 1.768710
0.732000 0.001223 0.002144 0.001011 0.000275 0.255688 0.007660 1.768827
0.735047 0.001203 0.002057 0.000967 0.000267 0.252797 0.007663 1.768937
0.738203 0.001167 0.002002 0.000939 0.000254 0.249768 0.007668 1.769058
0.741171 0.001144 0.001942 0.000906 0.000244 0.246922 0.007672 1.769171
0.744101 0.001143 0.001879 0.000873 0.000233 0.244098 0.007673 1.769272
0.747079 0.001115 0.001829 0.000849 0.000227 0.241224 0.007676 1.769390
0.750059 0.001093 0.001782 0.000818 0.000222 0.238348 0.007678 1.769492
0.752941 0.001062 0.001721 0.000792 0.000215 0.235588 0.007681 1.769607
0.755776 0.001043 0.001662 0.000768 0.000209 0.232859 0.007684 1.769706
0.758574 0.001017 0.001607 0.000748 0.000204 0.230165 0.007688 1.769799
0.761355 0.000991 0.001554 0.000730 0.000197 0.227484 0.007691 1.769893
0.764146 0.000968 0.001522 0.000705 0.000187 0.224777 0.007696 1.769986
0.766891 0.000937 0.001484 0.000684 0.000182 0.222125 0.007699 1.770085
0.769589 0.000912 0.001440 0.000673 0.000177 0.219509 0.007700 1.770183
0.772163 0.000898 0.001402 0.000661 0.000171 0.217002 0.007703 1.770274
0.774806 0.000873 0.001361 0.000647 0.000165 0.214443 0.007705 1.770359
0.777371 0.000853 0.001326 0.000629 0.000158 0.211955 0.007708 1.770447
0.779951 0.000846 0.001282 0.000609 0.000153 0.209451 0.007709 1.770523
0.782472 0.000818 0.001249 0.000590 0.000146 0.207014 0.007711 1.770616
0.785031 0.000797 0.001222 0.000587 0.000139 0.204512 0.007712 1.770700
0.787443 0.000775 0.001193 0.000574 0.000138 0.202165 0.007713 1.770779
0.789868 0.000773 0.001161 0.000549 0.000132 0.199802 0.007715 1.770849
0.792339 0.000760 0.001124 0.000527 0.000127 0.197407 0.007716 1.770913
0.794707 0.000751 0.001091 0.000513 0.000122 0.195098 0.007719 1.770982
0.797035 0.000730 0.001062 0.000505 0.000117 0.192829 0.007721 1.771059
0.799414 0.000722 0.001027 0.000490 0.000115 0.190509 0.007723 1.771128
0.801710 0.000711 0.000995 0.000471 0.000114 0.188275 0.007724 1.771194
0.803939 0.000702 0.000971 0.000473 0.000110 0.186078 0.007727 1.771264
0.806260 0.000696 0.000950 0.000462 0.000106 0.183798 0.007728 1.771333
0.808499 0.000677 0.000927 0.000456 0.000103 0.181608 0.007729 1.771401
0.810719 0.000665 0.000906 0.000448 0.000099 0.179431 0.007732 1.771468
0.812899 0.000660 0.000881 0.000439 0.000094 0.177292 0.007735 1.771539
0.814988 0.000648 0.000856 0.000435 0.000090 0.175245 0.007737 1.771610
0.817151 0.000644 0.000830 0.000421 0.000086 0.173129 0.007738 1.771666
0.819258 0.000640 0.000816 0.000407 0.000083 0.171056 0.007740 1.771726
0.821317 0.000629 0.000798 0.000401 0.000079 0.169033 0.007742 1.771786
0.823360 0.000616 0.000787 0.000396 0.000078 0.167020 0.007743 1.771849
0.825359 0.000598 0.000777 0.000394 0.000074 0.165052 0.007745 1.771919
0.827329 0.000594 0.000767 0.000378 0.000072 0.163115 0.007745 1.771975
0.829321 0.000591 0.000744 0.000365 0.000070 0.161165 0.007746 1.772034
0.831288 0.000585 0.000730 0.000366 0.000068 0.159218 0.007746 1.772085
0.833219 0.000586 0.000720 0.000353 0.000067 0.157309 0.007747 1.772133
0.835070 0.000583 0.000698 0.000343 0.000065 0.155493 0.007749 1.772188
0.836976 0.000573 0.000688 0.000344 0.000064 0.153606 0.007749 1.772245
0.838850 0.000555 0.000679 0.000343 0.000063 0.151760 0.007751 1.772304
0.840707 0.000540 0.000658 0.000334 0.000062 0.149948 0.007752 1.772355
0.842530 0.000530 0.000646 0.000328 0.000061 0.148153 0.007752 1.772409
0.844300 0.000515 0.000637 0.000330 0.000059 0.146405 0.007754 1.772463
0.846054 0.000503 0.000631 0.000320 0.000056 0.144681 0.007755 1.772516
0.847764 0.000491 0.000632 0.000315 0.000055 0.142988 0.007756 1.772568
0.849476 0.000494 0.000614 0.000307 0.000054 0.141300 0.007756 1.772610
0.851184 0.000482 0.000609 0.000303 0.000049 0.139616 0.007758 1.772657
0.852813 0.000480 0.000592 0.000296 0.000047 0.138014 0.007759 1.772700
0.854489 0.000484 0.000574 0.000292 0.000047 0.136355 0.007759 1.772734
0.856134 0.000476 0.000563 0.000285 0.000046 0.134737 0.007761 1.772778
0.857761 0.000474 0.000555 0.000284 0.000043 0.133123 0.007762 1.772826
0.859375 0.000469 0.000550 0.000283 0.000043 0.131518 0.007762 1.772868
0.860948 0.000463 0.000545 0.000275 0.000043 0.129965 0.007762 1.772917
0.862513 0.000467 0.000537 0.000264 0.000041 0.128416 0.007762 1.772962
0.864061 0.000464 0.000527 0.000264 0.000040 0.126882 0.007763 1.773009
0.865522 0.000454 0.000521 0.000262 0.000036 0.125442 0.007764 1.773059
0.866989 0.000458 0.000506 0.000257 0.000036 0.123992 0.007764 1.773098
0.868426 0.000451 0.000498 0.000253 0.000035 0.122573 0.007764 1.773145
0.869835 0.000449 0.000491 0.000252 0.000034 0.121175 0.007764 1.773193
0.871252 0.000452 0.000480 0.000255 0.000032 0.119765 0.007764 1.773237
0.872643 0.000448 0.000480 0.000247 0.000033 0.118386 0.007764 1.773283
0.874043 0.000450 0.000468 0.000244 0.000031 0.117000 0.007764 1.773319
0.875425 0.000440 0.000466 0.000239 0.000031 0.115637 0.007764 1.773363
0.876745 0.000432 0.000468 0.000233 0.000031 0.114327 0.007765 1.773411
0.878037 0.000444 0.000457 0.000231 0.000029 0.113036 0.007765 1.773445
0.879281 0.000448 0.000451 0.000228 0.000029 0.111799 0.007765 1.773482
0.880570 0.000445 0.000455 0.000227 0.000028 0.110509 0.007766 1.773524
0.881825 0.000440 0.000457 0.000226 0.000027 0.109259 0.007766 1.773573
0.883014 0.000439 0.000448 0.000223 0.000026 0.108084 0.007767 1.773611
0.884218 0.000439 0.000441 0.000219 0.000024 0.106892 0.007768 1.773647
0.885365 0.000424 0.000439 0.000216 0.000024 0.105765 0.007768 1.773692
0.886443 0.000422 0.000437 0.000213 0.000025 0.104692 0.007769 1.773730
0.887514 0.000417 0.000431 0.000211 0.000023 0.103634 0.007770 1.773777
0.888587 0.000417 0.000433 0.000210 0.000022 0.102561 0.007771 1.773819
0.889608 0.000416 0.000424 0.000210 0.000021 0.101550 0.007771 1.773857
0.890606 0.000413 0.000425 0.000205 0.000021 0.100559 0.007772 1.773899
0.891576 0.000404 0.000420 0.000209 0.000019 0.099600 0.007772 1.773942
0.892588 0.000405 0.000419 0.000207 0.000019 0.098592 0.007772 1.773981
0.893584 0.000402 0.000420 0.000205 0.000017 0.097599 0.007773 1.774022
0.894490 0.000389 0.000420 0.000207 0.000017 0.096704 0.007773 1.774063
0.895424 0.000376 0.000417 0.000211 0.000016 0.095783 0.007773 1.774105
0.896276 0.000378 0.000412 0.000208 0.000015 0.094939 0.007773 1.774141
0.897156 0.000375 0.000415 0.000200 0.000015 0.094065 0.007773 1.774184
0.898032 0.000366 0.000420 0.000201 0.000014 0.093193 0.007774 1.774225
0.898848 0.000357 0.000415 0.000201 0.000014 0.092391 0.007774 1.774264
0.899689 0.000360 0.000409 0.000200 0.000014 0.091554 0.007774 1.774298
0.900482 0.000353 0.000411 0.000196 0.000014 0.090770 0.007774 1.774343
0.901286 0.000352 0.000402 0.000196 0.000015 0.089975 0.007774 1.774371
0.902063 0.000354 0.000399 0.000197 0.000014 0.089199 0.007775 1.774409
0.902846 0.000351 0.000397 0.000197 0.000014 0.088422 0.007775 1.774443
0.903633 0.000344 0.000387 0.000192 0.000015 0.087655 0.007775 1.774476
0.904380 0.000342 0.000383 0.000191 0.000014 0.086915 0.007775 1.774508
0.905132 0.000335 0.000383 0.000187 0.000014 0.086175 0.007775 1.774542
0.905810 0.000328 0.000385 0.000185 0.000013 0.085505 0.007775 1.774578
0.906533 0.000330 0.000374 0.000182 0.000013 0.084794 0.007775 1.774608
0.907213 0.000326 0.000369 0.000182 0.000013 0.084124 0.007775 1.774641
0.907881 0.000325 0.000360 0.000175 0.000012 0.083473 0.007776 1.774672
0.908561 0.000323 0.000356 0.000175 0.000012 0.082798 0.007776 1.774701
0.909193 0.000324 0.000352 0.000172 0.000012 0.082173 0.007776 1.774730
0.909808 0.000315 0.000349 0.000173 0.000012 0.081567 0.007776 1.774765
0.910439 0.000302 0.000349 0.000173 0.000012 0.080949 0.007776 1.774802
0.911040 0.000299 0.000341 0.000170 0.000011 0.080364 0.007776 1.774832
0.911655 0.000292 0.000333 0.000168 0.000009 0.079767 0.007776 1.774864
0.912225 0.000301 0.000330 0.000164 0.000010 0.079195 0.007776 1.774888
0.912812 0.000298 0.000329 0.000169 0.000009 0.078607 0.007776 1.774922
0.913388 0.000289 0.000318 0.000168 0.000009 0.078052 0.007776 1.774952
0.913939 0.000294 0.000305 0.000161 0.000009 0.077516 0.007776 1.774974
0.914473 0.000295 0.000304 0.000157 0.000010 0.076985 0.007776 1.775002
0.915006 0.000282 0.000310 0.000157 0.000011 0.076459 0.007776 1.775037
0.915487 0.000280 0.000305 0.000161 0.000011 0.075981 0.007777 1.775067
0.915986 0.000271 0.000313 0.000159 0.000011 0.075484 0.007777 1.775101
0.916493 0.000274 0.000303 0.000158 0.000011 0.074986 0.007777 1.775126
0.917006 0.000269 0.000303 0.000159 0.000011 0.074477 0.007777 1.775156
0.917484 0.000269 0.000298 0.000152 0.000011 0.074009 0.007777 1.775180
0.917941 0.000271 0.000295 0.000151 0.000011 0.073554 0.007777 1.775207
0.918392 0.000270 0.000292 0.000149 0.000012 0.073110 0.007777 1.775238
0.918847 0.000274 0.000288 0.000146 0.000012 0.072656 0.007777 1.775259
0.919262 0.000271 0.000286 0.000143 0.000012 0.072250 0.007777 1.775287
0.919701 0.000272 0.000288 0.000136 0.000011 0.071815 0.007777 1.775310
0.920116 0.000265 0.000289 0.000135 0.000011 0.071408 0.007777 1.775340
0.920519 0.000268 0.000283 0.000132 0.000011 0.071012 0.007777 1.775366
0.920928 0.000274 0.000279 0.000130 0.000011 0.070602 0.007777 1.775389
0.921311 0.000264 0.000279 0.000133 0.000011 0.070226 0.007777 1.775421
0.921671 0.000261 0.000275 0.000132 0.000010 0.069876 0.007777 1.775452
0.922007 0.000264 0.000272 0.000134 0.000011 0.069536 0.007777 1.775477
0.922356 0.000260 0.000271 0.000139 0.000010 0.069187 0.007777 1.775506
0.922701 0.000260 0.000273 0.000137 0.000010 0.068842 0.007777 1.775533
0.923022 0.000258 0.000276 0.000134 0.000010 0.068523 0.007777 1.775562
0.923365 0.000258 0.000268 0.000134 0.000010 0.068188 0.007777 1.775588
0.923696 0.000254 0.000264 0.000134 0.000009 0.067866 0.007777 1.775617
0.924018 0.000256 0.000267 0.000134 0.000009 0.067539 0.007777 1.775644
0.924341 0.000261 0.000269 0.000134 0.000010 0.067210 0.007777 1.775671
0.924654 0.000265 0.000266 0.000131 0.000010 0.066896 0.007778 1.775693
0.924976 0.000261 0.000260 0.000133 0.000010 0.066584 0.007778 1.775718
0.925254 0.000264 0.000259 0.000134 0.000009 0.066302 0.007778 1.775743
0.925563 0.000267 0.000257 0.000133 0.000009 0.065993 0.007778 1.775763
0.925861 0.000265 0.000257 0.000130 0.000009 0.065701 0.007778 1.775789
0.926153 0.000263 0.000256 0.000129 0.000009 0.065411 0.007778 1.775816
0.926405 0.000274 0.000255 0.000124 0.000009 0.065155 0.007779 1.775838
0.926671 0.000272 0.000255 0.000124 0.000009 0.064891 0.007779 1.775865
0.926929 0.000275 0.000249 0.000121 0.000009 0.064640 0.007779 1.775888
0.927180 0.000281 0.000251 0.000126 0.000009 0.064375 0.007779 1.775920
0.927437 0.000280 0.000252 0.000131 0.000009 0.064113 0.007779 1.775951
0.927690 0.000282 0.000249 0.000134 0.000008 0.063859 0.007779 1.775978
0.927932 0.000278 0.000255 0.000135 0.000008 0.063613 0.007779 1.776005
0.928173 0.000280 0.000261 0.000134 0.000009 0.063363 0.007779 1.776034
0.928414 0.000281 0.000269 0.000135 0.000009 0.063114 0.007779 1.776064
0.928652 0.000281 0.000268 0.000136 0.000009 0.062874 0.007779 1.776089
0.928874 0.000287 0.000265 0.000133 0.000009 0.062652 0.007779 1.776113
0.929081 0.000294 0.000261 0.000133 0.000009 0.062444 0.007779 1.776139
0.929302 0.000289 0.000261 0.000136 0.000009 0.062223 0.007779 1.776168
0.929529 0.000278 0.000270 0.000137 0.000009 0.061998 0.007779 1.776202
0.929752 0.000281 0.000267 0.000135 0.000010 0.061776 0.007779 1.776227
0.929966 0.000284 0.000263 0.000140 0.000009 0.061559 0.007779 1.776254
0.930171 0.000283 0.000261 0.000139 0.000009 0.061358 0.007779 1.776280
0.930360 0.000277 0.000264 0.000135 0.000009 0.061176 0.007779 1.776310
0.930539 0.000286 0.000259 0.000133 0.000009 0.060995 0.007779 1.776335
0.930730 0.000286 0.000256 0.000130 0.000009 0.060811 0.007779 1.776359
0.930905 0.000289 0.000259 0.000131 0.000008 0.060628 0.007779 1.776387
0.931104 0.000268 0.000266 0.000134 0.000008 0.060441 0.007779 1.776426
0.931302 0.000272 0.000264 0.000137 0.000008 0.060238 0.007779 1.776453
0.931501 0.000267 0.000257 0.000139 0.000007 0.060049 0.007780 1.776478
0.931675 0.000270 0.000260 0.000138 0.000007 0.059869 0.007780 1.776504
0.931822 0.000276 0.000260 0.000134 0.000007 0.059721 0.007780 1.776527
0.931994 0.000283 0.000264 0.000131 0.000007 0.059541 0.007780 1.776549
0.932166 0.000279 0.000257 0.000129 0.000008 0.059381 0.007780 1.776572
0.932316 0.000272 0.000259 0.000135 0.000008 0.059231 0.007780 1.776605
0.932475 0.000273 0.000262 0.000137 0.000008 0.059065 0.007780 1.776633
0.932606 0.000275 0.000257 0.000132 0.000007 0.058943 0.007780 1.776656
0.932747 0.000281 0.000254 0.000128 0.000008 0.058802 0.007780 1.776678
0.932895 0.000276 0.000261 0.000128 0.000008 0.058653 0.007780 1.776709
0.933036 0.000274 0.000266 0.000130 0.000008 0.058506 0.007780 1.776739
0.933173 0.000272 0.000266 0.000130 0.000008 0.058371 0.007781 1.776768
0.933304 0.000270 0.000264 0.000128 0.000009 0.058244 0.007781 1.776796
0.933449 0.000274 0.000259 0.000128 0.000008 0.058101 0.007781 1.776820
0.933584 0.000269 0.000262 0.000128 0.000008 0.057968 0.007781 1.776849
0.933702 0.000273 0.000255 0.000127 0.000008 0.057855 0.007781 1.776872
0.933828 0.000279 0.000258 0.000124 0.000009 0.057722 0.007781 1.776898
0.933959 0.000280 0.000255 0.000126 0.000008 0.057591 0.007781 1.776922
0.934069 0.000273 0.000260 0.000126 0.000008 0.057482 0.007781 1.776955
0.934201 0.000272 0.000258 0.000128 0.000008 0.057352 0.007782 1.776980
0.934337 0.000265 0.000253 0.000128 0.000008 0.057227 0.007782 1.777008
0.934458 0.000261 0.000255 0.000128 0.000009 0.057109 0.007782 1.777036
0.934580 0.000266 0.000251 0.000122 0.000009 0.056990 0.007782 1.777056
0.934693 0.000264 0.000255 0.000127 0.000009 0.056872 0.007782 1.777083
0.934814 0.000264 0.000254 0.000124 0.000008 0.056755 0.007782 1.777108
0.934939 0.000262 0.000259 0.000121 0.000008 0.056630 0.007782 1.777137
0.935039 0.000259 0.000256 0.000122 0.000008 0.056536 0.007782 1.777166
0.935146 0.000257 0.000252 0.000120 0.000008 0.056436 0.007782 1.777189
0.935250 0.000256 0.000253 0.000115 0.000008 0.056337 0.007782 1.777212
0.935349 0.000255 0.000250 0.000112 0.000009 0.056245 0.007782 1.777233
0.935430 0.000262 0.000251 0.000110 0.000009 0.056157 0.007782 1.777255
0.935526 0.000257 0.000248 0.000110 0.000009 0.056069 0.007782 1.777281
0.935608 0.000251 0.000248 0.000114 0.000008 0.055988 0.007782 1.777311
0.935704 0.000247 0.000247 0.000117 0.000008 0.055896 0.007782 1.777334
0.935806 0.000239 0.000253 0.000117 0.000008 0.055795 0.007783 1.777365
0.935885 0.000237 0.000256 0.000120 0.000007 0.055712 0.007783 1.777391
0.935969 0.000235 0.000253 0.000120 0.000007 0.055633 0.007783 1.777417
0.936055 0.000245 0.000250 0.000117 0.000007 0.055545 0.007783 1.777433
0.936140 0.000242 0.000247 0.000115 0.000007 0.055467 0.007783 1.777455
0.936228 0.000239 0.000245 0.000117 0.000007 0.055381 0.007783 1.777481
0.936309 0.000243 0.000243 0.000113 0.000007 0.055304 0.007783 1.777502
0.936383 0.000237 0.000243 0.000111 0.000007 0.055236 0.007783 1.777529
0.936459 0.000240 0.000245 0.000119 0.000007 0.055149 0.007783 1.777555
0.936538 0.000238 0.000249 0.000117 0.000007 0.055068 0.007783 1.777580
0.936617 0.000238 0.000251 0.000121 0.000006 0.054985 0.007783 1.777602
0.936690 0.000239 0.000244 0.000125 0.000006 0.054914 0.007783 1.777623
0.936755 0.000242 0.000242 0.000120 0.000006 0.054853 0.007783 1.777644
0.936839 0.000247 0.000234 0.000114 0.000006 0.054778 0.007783 1.777663
0.936895 0.000256 0.000228 0.000116 0.000006 0.054717 0.007783 1.777686
0.936961 0.000255 0.000231 0.000112 0.000006 0.054652 0.007783 1.777711
0.937031 0.000252 0.000222 0.000112 0.000006 0.054594 0.007783 1.777732
0.937085 0.000253 0.000224 0.000113 0.000007 0.054536 0.007783 1.777755
0.937144 0.000254 0.000220 0.000110 0.000007 0.054482 0.007783 1.777779
0.937212 0.000255 0.000222 0.000111 0.000007 0.054410 0.007783 1.777801
0.937264 0.000252 0.000221 0.000114 0.000007 0.054359 0.007783 1.777826
0.937310 0.000255 0.000224 0.000111 0.000007 0.054310 0.007783 1.777852
0.937359 0.000256 0.000229 0.000110 0.000007 0.054257 0.007783 1.777877
0.937408 0.000255 0.000224 0.000113 0.000007 0.054209 0.007783 1.777903
0.937453 0.000248 0.000229 0.000115 0.000006 0.054164 0.007784 1.777930
0.937508 0.000244 0.000229 0.000117 0.000006 0.054113 0.007784 1.777957
0.937553 0.000245 0.000226 0.000117 0.000006 0.054070 0.007784 1.777974
0.937593 0.000250 0.000223 0.000115 0.000005 0.054030 0.007785 1.777994
0.937639 0.000251 0.000216 0.000113 0.000005 0.053992 0.007785 1.778014
0.937682 0.000248 0.000217 0.000115 0.000005 0.053949 0.007785 1.778041
0.937725 0.000244 0.000219 0.000117 0.000005 0.053906 0.007785 1.778067
0.937771 0.000238 0.000221 0.000117 0.000005 0.053862 0.007785 1.778094
0.937815 0.000231 0.000226 0.000114 0.000005 0.053825 0.007785 1.778120
0.937856 0.000234 0.000225 0.000113 0.000005 0.053783 0.007785 1.778140
0.937895 0.000233 0.000223 0.000109 0.000005 0.053750 0.007785 1.778159
0.937923 0.000232 0.000227 0.000110 0.000005 0.053717 0.007785 1.778186
0.937962 0.000235 0.000228 0.000109 0.000005 0.053676 0.007785 1.778206
0.937996 0.000242 0.000227 0.000108 0.000005 0.053638 0.007785 1.778226
0.938024 0.000244 0.000227 0.000108 0.000005 0.053607 0.007785 1.778250
0.938064 0.000238 0.000229 0.000108 0.000005 0.053571 0.007785 1.778275
0.938095 0.000237 0.000229 0.000108 0.000005 0.053541 0.007785 1.778297
0.938129 0.000228 0.000232 0.000111 0.000005 0.053510 0.007785 1.778324
0.938157 0.000223 0.000235 0.000117 0.000005 0.053479 0.007785 1.778353
0.938198 0.000221 0.000231 0.000113 0.000005 0.053446 0.007785 1.778374
0.938229 0.000226 0.000225 0.000111 0.000005 0.053419 0.007785 1.778392
0.938259 0.000225 0.000227 0.000113 0.000005 0.053386 0.007786 1.778415
0.938288 0.000231 0.000223 0.000111 0.000005 0.053357 0.007786 1.778432
0.938332 0.000224 0.000222 0.000113 0.000005 0.053319 0.007786 1.778454
0.938364 0.000223 0.000219 0.000109 0.000004 0.053296 0.007786 1.778470
0.938391 0.000222 0.000222 0.000108 0.000004 0.053268 0.007786 1.778493
0.938418 0.000223 0.000215 0.000110 0.000004 0.053245 0.007786 1.778515
0.938447 0.000221 0.000215 0.000112 0.000004 0.053215 0.007786 1.778539
0.938458 0.000227 0.000215 0.000109 0.000004 0.053202 0.007786 1.778558
0.938488 0.000226 0.000217 0.000106 0.000005 0.053174 0.007786 1.778584
0.938515 0.000225 0.000220 0.000105 0.000004 0.053146 0.007786 1.778606
0.938551 0.000227 0.000221 0.000105 0.000005 0.053106 0.007786 1.778626
0.938581 0.000227 0.000221 0.000105 0.000005 0.053077 0.007786 1.778646
0.938617 0.000228 0.000217 0.000102 0.000004 0.053046 0.007786 1.778662
0.938640 0.000222 0.000225 0.000099 0.000004 0.053024 0.007786 1.778686
0.938667 0.000218 0.000225 0.000096 0.000005 0.053003 0.007786 1.778711
0.938695 0.000215 0.000230 0.000093 0.000005 0.052977 0.007786 1.778733
0.938714 0.000218 0.000225 0.000097 0.000006 0.052955 0.007786 1.778755
0.938733 0.000223 0.000225 0.000099 0.000005 0.052931 0.007786 1.778775
0.938761 0.000220 0.000220 0.000094 0.000005 0.052914 0.007786 1.778800
0.938782 0.000224 0.000219 0.000088 0.000005 0.052895 0.007786 1.778817
0.938807 0.000222 0.000219 0.000088 0.000004 0.052875 0.007786 1.778838
0.938838 0.000222 0.000211 0.000086 0.000005 0.052853 0.007786 1.778859
0.938860 0.000226 0.000212 0.000087 0.000005 0.052824 0.007786 1.778880
0.938881 0.000226 0.000219 0.000087 0.000005 0.052797 0.007786 1.778906
0.938894 0.000223 0.000223 0.000088 0.000004 0.052782 0.007786 1.778936
0.938911 0.000221 0.000218 0.000090 0.000004 0.052770 0.007786 1.778957
0.938934 0.000221 0.000219 0.000091 0.000003 0.052745 0.007787 1.778978
0.938952 0.000228 0.000209 0.000092 0.000003 0.052730 0.007787 1.778994
0.938967 0.000227 0.000212 0.000091 0.000004 0.052714 0.007787 1.779017
0.938984 0.000224 0.000214 0.000093 0.000004 0.052695 0.007787 1.779038
0.938996 0.000218 0.000220 0.000096 0.000004 0.052680 0.007787 1.779070
0.939005 0.000224 0.000223 0.000091 0.000003 0.052667 0.007787 1.779092
0.939025 0.000234 0.000214 0.000090 0.000003 0.052648 0.007787 1.779107
0.939043 0.000233 0.000218 0.000090 0.000003 0.052627 0.007787 1.779128
0.939058 0.000236 0.000220 0.000087 0.000004 0.052608 0.007787 1.779149
0.939075 0.000241 0.000222 0.000088 0.000004 0.052583 0.007787 1.779167
0.939087 0.000239 0.000220 0.000083 0.000004 0.052579 0.007787 1.779190
0.939102 0.000239 0.000216 0.000086 0.000004 0.052566 0.007787 1.779213
0.939128 0.000236 0.000217 0.000085 0.000004 0.052543 0.007787 1.779235
0.939145 0.000236 0.000216 0.000084 0.000004 0.052528 0.007787 1.779260
0.939159 0.000231 0.000217 0.000088 0.000004 0.052514 0.007787 1.779284
0.939178 0.000231 0.000219 0.000090 0.000004 0.052491 0.007787 1.779305
0.939184 0.000232 0.000210 0.000093 0.000004 0.052489 0.007787 1.779328
0.939206 0.000223 0.000216 0.000098 0.000004 0.052467 0.007787 1.779356
0.939222 0.000223 0.000215 0.000098 0.000004 0.052451 0.007787 1.779380
0.939231 0.000228 0.000213 0.000099 0.000004 0.052437 0.007787 1.779398
0.939251 0.000234 0.000209 0.000097 0.000004 0.052418 0.007787 1.779414
0.939263 0.000234 0.000214 0.000098 0.000004 0.052399 0.007787 1.779440
0.939275 0.000240 0.000216 0.000095 0.000003 0.052384 0.007788 1.779460
0.939286 0.000233 0.000227 0.000095 0.000003 0.052368 0.007788 1.779488
0.939309 0.000230 0.000226 0.000094 0.000003 0.052350 0.007788 1.779509
0.939329 0.000224 0.000227 0.000093 0.000003 0.052337 0.007788 1.779532
0.939341 0.000220 0.000229 0.000095 0.000003 0.052326 0.007788 1.779558
0.939348 0.000221 0.000221 0.000094 0.000004 0.052326 0.007788 1.779581
0.939358 0.000225 0.000224 0.000096 0.000004 0.052307 0.007788 1.779600
0.939364 0.000227 0.000224 0.000094 0.000004 0.052299 0.007788 1.779621
0.939382 0.000230 0.000219 0.000094 0.000003 0.052285 0.007788 1.779640
0.939396 0.000224 0.000221 0.000097 0.000003 0.052271 0.007788 1.779665
0.939402 0.000220 0.000220 0.000099 0.000003 0.052269 0.007788 1.779689
0.939414 0.000212 0.000221 0.000101 0.000003 0.052262 0.007788 1.779710
0.939425 0.000215 0.000223 0.000101 0.000003 0.052245 0.007788 1.779729
0.939430 0.000223 0.000226 0.000101 0.000003 0.052230 0.007788 1.779752
0.939439 0.000224 0.000223 0.000102 0.000003 0.052222 0.007788 1.779771
0.939449 0.000225 0.000221 0.000101 0.000003 0.052214 0.007788 1.779788
0.939465 0.000223 0.000218 0.000098 0.000003 0.052206 0.007788 1.779808
0.939468 0.000226 0.000221 0.000097 0.000002 0.052199 0.007788 1.779831
0.939468 0.000235 0.000214 0.000097 0.000002 0.052197 0.007788 1.779851
0.939477 0.000232 0.000220 0.000095 0.000002 0.052187 0.007788 1.779874
0.939486 0.000237 0.000217 0.000092 0.000001 0.052179 0.007788 1.779892
0.939488 0.000240 0.000220 0.000092 0.000001 0.052171 0.007788 1.779916
0.939504 0.000229 0.000224 0.000098 0.000002 0.052155 0.007788 1.779946
0.939509 0.000225 0.000222 0.000106 0.000001 0.052149 0.007788 1.779976
0.939522 0.000227 0.000220 0.000109 0.000001 0.052132 0.007788 1.779995
0.939530 0.000228 0.000222 0.000110 0.000001 0.052121 0.007788 1.780017
0.939540 0.000224 0.000220 0.000113 0.000002 0.052113 0.007788 1.780042
0.939545 0.000227 0.000214 0.000110 0.000002 0.052115 0.007788 1.780061
0.939550 0.000232 0.000221 0.000113 0.000002 0.052095 0.007788 1.780086
0.939558 0.000228 0.000222 0.000115 0.000002 0.052086 0.007788 1.780114
0.939566 0.000226 0.000220 0.000114 0.000002 0.052084 0.007788 1.780137
0.939568 0.000232 0.000222 0.000116 0.000002 0.052074 0.007788 1.780155
0.939574 0.000232 0.000222 0.000117 0.000002 0.052065 0.007788 1.780181
0.939581 0.000236 0.000217 0.000115 0.000002 0.052062 0.007788 1.780202
0.939586 0.000236 0.000217 0.000111 0.000002 0.052060 0.007788 1.780226
0.939586 0.000243 0.000218 0.000108 0.000002 0.052055 0.007788 1.780248
0.939595 0.000244 0.000213 0.000108 0.000002 0.052050 0.007788 1.780269
0.939601 0.000242 0.000213 0.000106 0.000002 0.052048 0.007788 1.780289
0.939611 0.000230 0.000214 0.000111 0.000002 0.052044 0.007788 1.780318
0.939625 0.000223 0.000220 0.000107 0.000002 0.052034 0.007788 1.780343
0.939630 0.000224 0.000217 0.000106 0.000002 0.052034 0.007788 1.780362
0.939632 0.000229 0.000214 0.000103 0.000001 0.052034 0.007788 1.780381
0.939648 0.000219 0.000215 0.000101 0.000002 0.052028 0.007788 1.780408
0.939652 0.000221 0.000212 0.000101 0.000002 0.052023 0.007788 1.780427
0.939648 0.000224 0.000217 0.000104 0.000002 0.052018 0.007788 1.780453
0.939649 0.000221 0.000213 0.000109 0.000002 0.052017 0.007788 1.780476
0.939649 0.000225 0.000214 0.000108 0.000002 0.052015 0.007788 1.780498
0.939647 0.000229 0.000212 0.000106 0.000002 0.052017 0.007788 1.780518
0.939648 0.000228 0.000214 0.000106 0.000002 0.052015 0.007788 1.780542
0.939652 0.000226 0.000220 0.000107 0.000002 0.052006 0.007788 1.780566
0.939658 0.000229 0.000217 0.000106 0.000002 0.052001 0.007788 1.780585
0.939668 0.000231 0.000213 0.000106 0.000002 0.051991 0.007788 1.780607
0.939677 0.000232 0.000215 0.000102 0.000002 0.051983 0.007788 1.780629
0.939679 0.000230 0.000222 0.000099 0.000002 0.051981 0.007788 1.780656
0.939681 0.000233 0.000221 0.000100 0.000002 0.051976 0.007788 1.780681
0.939684 0.000241 0.000218 0.000099 0.000002 0.051967 0.007788 1.780701
0.939688 0.000240 0.000222 0.000104 0.000002 0.051956 0.007788 1.780726
0.939693 0.000236 0.000223 0.000107 0.000003 0.051952 0.007788 1.780750
0.939697 0.000237 0.000230 0.000104 0.000003 0.051942 0.007788 1.780774
0.939697 0.000234 0.000230 0.000107 0.000003 0.051940 0.007788 1.780800
0.939699 0.000233 0.000228 0.000107 0.000003 0.051941 0.007788 1.780822
0.939705 0.000230 0.000220 0.000111 0.000003 0.051942 0.007788 1.780843
0.939711 0.000227 0.000219 0.000110 0.000004 0.051942 0.007788 1.780866
0.939716 0.000225 0.000219 0.000109 0.000004 0.051939 0.007789 1.780892
0.939724 0.000227 0.000224 0.000105 0.000004 0.051927 0.007789 1.780915
0.939743 0.000225 0.000223 0.000102 0.000004 0.051915 0.007789 1.780934
0.939751 0.000217 0.000231 0.000102 0.000004 0.051906 0.007789 1.780959
0.939749 0.000221 0.000221 0.000099 0.000004 0.051917 0.007789 1.780980
0.939753 0.000227 0.000213 0.000097 0.000003 0.051918 0.007789 1.780998
0.939765 0.000217 0.000217 0.000096 0.000004 0.051913 0.007789 1.781023
0.939768 0.000219 0.000211 0.000094 0.000004 0.051916 0.007789 1.781042
0.939777 0.000221 0.000215 0.000089 0.000005 0.051905 0.007789 1.781059
0.939782 0.000220 0.000213 0.000088 0.000005 0.051904 0.007789 1.781079
0.939788 0.000225 0.000204 0.000089 0.000005 0.051899 0.007789 1.781094
0.939797 0.000225 0.000203 0.000088 0.000005 0.051893 0.007789 1.781113
0.939796 0.000221 0.000202 0.000092 0.000005 0.051896 0.007789 1.781138
0.939805 0.000222 0.000199 0.000091 0.000004 0.051890 0.007790 1.781159
0.939808 0.000217 0.000205 0.000094 0.000004 0.051882 0.007790 1.781185
0.939812 0.000216 0.000208 0.000095 0.000004 0.051876 0.007790 1.781207
0.939818 0.000219 0.000207 0.000091 0.000004 0.051872 0.007790 1.781221
0.939828 0.000218 0.000207 0.000085 0.000005 0.051867 0.007790 1.781240
0.939834 0.000215 0.000207 0.000084 0.000005 0.051867 0.007790 1.781263
0.939840 0.000217 0.000205 0.000084 0.000005 0.051860 0.007790 1.781283
0.939844 0.000210 0.000205 0.000088 0.000005 0.051859 0.007790 1.781308
0.939848 0.000212 0.000205 0.000087 0.000004 0.051856 0.007790 1.781323
0.939852 0.000204 0.000212 0.000088 0.000004 0.051852 0.007790 1.781350
0.939843 0.000208 0.000215 0.000084 0.000005 0.051856 0.007790 1.781371
0.939844 0.000209 0.000211 0.000085 0.000005 0.051856 0.007790 1.781391
0.939844 0.000213 0.000203 0.000086 0.000005 0.051860 0.007790 1.781409
0.939845 0.000217 0.000204 0.000088 0.000004 0.051854 0.007790 1.781429
0.939846 0.000211 0.000206 0.000087 0.000004 0.051856 0.007790 1.781452
0.939859 0.000208 0.000206 0.000087 0.000004 0.051848 0.007790 1.781474
0.939862 0.000206 0.000202 0.000087 0.000005 0.051849 0.007790 1.781495
0.939865 0.000211 0.000198 0.000088 0.000004 0.051844 0.007790 1.781512
0.939873 0.000207 0.000198 0.000087 0.000004 0.051841 0.007790 1.781531
0.939864 0.000210 0.000196 0.000089 0.000004 0.051846 0.007790 1.781553
0.939864 0.000212 0.000200 0.000089 0.000004 0.051841 0.007790 1.781572
0.939869 0.000213 0.000198 0.000087 0.000005 0.051840 0.007790 1.781588
0.939874 0.000206 0.000196 0.000087 0.000004 0.051843 0.007791 1.781612
0.939887 0.000201 0.000196 0.000084 0.000005 0.051836 0.007791 1.781631
0.939892 0.000198 0.000196 0.000082 0.000005 0.051836 0.007791 1.781652
0.939896 0.000198 0.000194 0.000079 0.000005 0.051838 0.007791 1.781674
0.939902 0.000201 0.000190 0.000078 0.000005 0.051834 0.007791 1.781691
0.939902 0.000199 0.000189 0.000081 0.000005 0.051834 0.007791 1.781711
0.939901 0.000208 0.000183 0.000081 0.000003 0.051831 0.007791 1.781724
0.939913 0.000203 0.000185 0.000081 0.000003 0.051824 0.007791 1.781745
0.939914 0.000199 0.000186 0.000086 0.000003 0.051820 0.007791 1.781771
0.939926 0.000189 0.000184 0.000087 0.000003 0.051819 0.007792 1.781791
0.939939 0.000183 0.000179 0.000089 0.000003 0.051815 0.007792 1.781808
0.939943 0.000185 0.000180 0.000086 0.000003 0.051811 0.007792 1.781826
0.939954 0.000179 0.000184 0.000087 0.000003 0.051801 0.007792 1.781847
0.939960 0.000180 0.000183 0.000086 0.000003 0.051795 0.007792 1.781864
0.939962 0.000183 0.000185 0.000084 0.000003 0.051791 0.007792 1.781881
0.939961 0.000184 0.000184 0.000083 0.000003 0.051792 0.007792 1.781899
0.939963 0.000185 0.000186 0.000078 0.000003 0.051792 0.007792 1.781918
0.939970 0.000178 0.000184 0.000081 0.000003 0.051792 0.007792 1.781938
0.939972 0.000177 0.000190 0.000082 0.000003 0.051783 0.007792 1.781957
0.939982 0.000169 0.000188 0.000084 0.000003 0.051781 0.007792 1.781979
0.939993 0.000168 0.000183 0.000081 0.000003 0.051780 0.007792 1.781994
0.939996 0.000165 0.000183 0.000087 0.000003 0.051776 0.007792 1.782013
0.939999 0.000168 0.000183 0.000081 0.000003 0.051775 0.007792 1.782028
0.940003 0.000172 0.000179 0.000077 0.000002 0.051773 0.007792 1.782041
0.940009 0.000172 0.000182 0.000077 0.000002 0.051766 0.007792 1.782055
0.940004 0.000175 0.000174 0.000080 0.000002 0.051772 0.007792 1.782073
0.940009 0.000178 0.000172 0.000080 0.000002 0.051766 0.007792 1.782088
0.940017 0.000177 0.000168 0.000084 0.000002 0.051760 0.007792 1.782103
0.940021 0.000173 0.000171 0.000082 0.000002 0.051759 0.007792 1.782124
0.940028 0.000176 0.000164 0.000082 0.000002 0.051755 0.007792 1.782137
0.940036 0.000172 0.000165 0.000085 0.000002 0.051747 0.007792 1.782159
0.940036 0.000179 0.000165 0.000080 0.000003 0.051745 0.007792 1.782173
0.940044 0.000179 0.000161 0.000078 0.000003 0.051742 0.007792 1.782186
0.940049 0.000182 0.000162 0.000078 0.000003 0.051734 0.007792 1.782202
0.940053 0.000186 0.000161 0.000079 0.000003 0.051727 0.007792 1.782219
0.940055 0.000187 0.000161 0.000078 0.000003 0.051724 0.007792 1.782234
0.940058 0.000185 0.000160 0.000077 0.000003 0.051725 0.007792 1.782253
0.940060 0.000175 0.000168 0.000078 0.000004 0.051723 0.007792 1.782276
0.940068 0.000179 0.000160 0.000074 0.000004 0.051724 0.007792 1.782290
0.940078 0.000176 0.000154 0.000073 0.000004 0.051723 0.007792 1.782304
0.940085 0.000170 0.000160 0.000070 0.000004 0.051718 0.007792 1.782324
0.940093 0.000167 0.000160 0.000069 0.000004 0.051714 0.007792 1.782340
0.940095 0.000161 0.000164 0.000071 0.000004 0.051713 0.007792 1.782363
0.940105 0.000155 0.000165 0.000075 0.000003 0.051704 0.007793 1.782384
0.940106 0.000154 0.000164 0.000075 0.000002 0.051705 0.007793 1.782399
0.940118 0.000152 0.000164 0.000074 0.000002 0.051698 0.007793 1.782413
0.940119 0.000157 0.000164 0.000073 0.000002 0.051693 0.007793 1.782427
0.940120 0.000158 0.000163 0.000077 0.000002 0.051687 0.007793 1.782446
0.940126 0.000160 0.000160 0.000076 0.000002 0.051684 0.007793 1.782460
0.940143 0.000155 0.000162 0.000076 0.000002 0.051669 0.007793 1.782476
0.940146 0.000151 0.000163 0.000079 0.000002 0.051667 0.007793 1.782492
0.940156 0.000150 0.000164 0.000081 0.000002 0.051654 0.007793 1.782505
0.940158 0.000150 0.000167 0.000081 0.000002 0.051648 0.007793 1.782522
0.940164 0.000150 0.000168 0.000081 0.000002 0.051642 0.007793 1.782535
0.940172 0.000147 0.000170 0.000081 0.000002 0.051635 0.007793 1.782552
0.940180 0.000147 0.000168 0.000080 0.000002 0.051631 0.007793 1.782568
0.940185 0.000150 0.000162 0.000077 0.000002 0.051631 0.007793 1.782580
0.940188 0.000150 0.000164 0.000075 0.000002 0.051628 0.007793 1.782595
0.940189 0.000153 0.000156 0.000076 0.000002 0.051632 0.007793 1.782609
0.940191 0.000156 0.000156 0.000077 0.000001 0.051626 0.007793 1.782624
0.940199 0.000153 0.000153 0.000077 0.000001 0.051624 0.007793 1.782637
0.940200 0.000155 0.000155 0.000074 0.000002 0.051620 0.007793 1.782651
0.940194 0.000156 0.000157 0.000074 0.000002 0.051625 0.007793 1.782670
0.940194 0.000152 0.000159 0.000074 0.000002 0.051625 0.007793 1.782690
0.940183 0.000163 0.000159 0.000071 0.000002 0.051629 0.007793 1.782702
0.940178 0.000163 0.000158 0.000076 0.000003 0.051630 0.007793 1.782720
0.940185 0.000165 0.000158 0.000074 0.000003 0.051622 0.007793 1.782736
0.940196 0.000163 0.000158 0.000078 0.000003 0.051610 0.007793 1.782752
0.940200 0.000164 0.000158 0.000076 0.000003 0.051606 0.007793 1.782768
0.940194 0.000172 0.000162 0.000074 0.000003 0.051603 0.007793 1.782784
0.940190 0.000174 0.000154 0.000075 0.000003 0.051611 0.007793 1.782801
0.940194 0.000173 0.000156 0.000078 0.000003 0.051603 0.007794 1.782819
0.940199 0.000169 0.000157 0.000079 0.000002 0.051601 0.007794 1.782835
0.940201 0.000171 0.000153 0.000076 0.000002 0.051603 0.007794 1.782851
0.940202 0.000172 0.000155 0.000075 0.000002 0.051601 0.007794 1.782866
