0.342654 0.062928 0.055980 0.032403 0.002152 0.497672 0.006211 1.631300
0.345229 0.060597 0.055784 0.032208 0.002156 0.497792 0.006233 1.637255
0.348652 0.057609 0.055508 0.031965 0.002137 0.497864 0.006265 1.643070
0.352742 0.054320 0.055188 0.031625 0.002142 0.497698 0.006286 1.648615
0.356923 0.051200 0.054613 0.031151 0.002138 0.497656 0.006317 1.653768
0.361466 0.048086 0.053951 0.030567 0.002155 0.497436 0.006340 1.658643
0.366189 0.044992 0.053192 0.029867 0.002157 0.497231 0.006373 1.663244
0.370925 0.042057 0.052340 0.029217 0.002137 0.496927 0.006397 1.667604
0.375876 0.039288 0.051256 0.028490 0.002123 0.496547 0.006421 1.671666
0.380956 0.036720 0.050210 0.027732 0.002121 0.495816 0.006446 1.675379
0.386132 0.034307 0.048983 0.026889 0.002107 0.495113 0.006468 1.678874
0.391362 0.032122 0.047656 0.026099 0.002091 0.494176 0.006496 1.682096
0.396616 0.030023 0.046240 0.025282 0.002077 0.493232 0.006529 1.685164
0.401770 0.028096 0.044911 0.024471 0.002074 0.492123 0.006555 1.688018
0.407076 0.026184 0.043526 0.023683 0.002079 0.490876 0.006577 1.690743
0.412448 0.024516 0.042062 0.022894 0.002072 0.489403 0.006604 1.693218
0.417698 0.023000 0.040617 0.022044 0.002045 0.487967 0.006631 1.695517
0.423108 0.021482 0.039278 0.021207 0.002027 0.486242 0.006657 1.697728
0.428501 0.020115 0.037978 0.020386 0.001990 0.484351 0.006679 1.699813
0.433894 0.018851 0.036585 0.019580 0.001972 0.482410 0.006709 1.701749
0.439288 0.017712 0.035251 0.018759 0.001951 0.480302 0.006736 1.703519
0.444740 0.016702 0.033852 0.018016 0.001925 0.478007 0.006760 1.705158
0.450065 0.015661 0.032535 0.017273 0.001894 0.475787 0.006786 1.706780
0.455483 0.014680 0.031203 0.016621 0.001863 0.473332 0.006818 1.708293
0.460815 0.013850 0.029949 0.015923 0.001824 0.470792 0.006847 1.709682
0.466122 0.013028 0.028736 0.015241 0.001802 0.468207 0.006866 1.711011
0.471474 0.012215 0.027560 0.014599 0.001776 0.465486 0.006891 1.712312
0.476878 0.011591 0.026394 0.013970 0.001755 0.462501 0.006911 1.713413
0.482190 0.010921 0.025402 0.013320 0.001727 0.459506 0.006936 1.714523
0.487551 0.010290 0.024294 0.012701 0.001704 0.456504 0.006958 1.715578
0.492879 0.009695 0.023282 0.012164 0.001677 0.453323 0.006981 1.716586
0.498070 0.009165 0.022256 0.011572 0.001649 0.450282 0.007006 1.717489
0.503267 0.008682 0.021340 0.011029 0.001613 0.447038 0.007030 1.718381
0.508448 0.008270 0.020327 0.010519 0.001596 0.443790 0.007050 1.719174
0.513691 0.007793 0.019473 0.010014 0.001562 0.440393 0.007075 1.719986
0.518871 0.007390 0.018629 0.009528 0.001523 0.436960 0.007098 1.720708
0.524026 0.006965 0.017825 0.009115 0.001489 0.433459 0.007122 1.721441
0.529071 0.006627 0.016994 0.008711 0.001460 0.429992 0.007145 1.722108
0.534086 0.006302 0.016195 0.008334 0.001424 0.426493 0.007165 1.722722
0.539214 0.005997 0.015477 0.007938 0.001387 0.422801 0.007186 1.723323
0.544175 0.005704 0.014817 0.007557 0.001364 0.419181 0.007202 1.723904
0.549189 0.005432 0.014130 0.007189 0.001317 0.415521 0.007223 1.724438
0.554134 0.005172 0.013456 0.006874 0.001293 0.411831 0.007240 1.724951
0.558990 0.004924 0.012868 0.006556 0.001264 0.408143 0.007255 1.725460
0.563839 0.004661 0.012300 0.006255 0.001239 0.404436 0.007272 1.725961
0.568645 0.004449 0.011733 0.005965 0.001210 0.400710 0.007289 1.726408
0.573437 0.004240 0.011180 0.005695 0.001185 0.396963 0.007301 1.726834
0.578130 0.004085 0.010680 0.005410 0.001154 0.393224 0.007317 1.727232
0.582820 0.003872 0.010182 0.005176 0.001127 0.389495 0.007329 1.727646
0.587467 0.003679 0.009681 0.004952 0.001104 0.385776 0.007341 1.728040
0.592039 0.003506 0.009240 0.004723 0.001069 0.382070 0.007354 1.728405
0.596510 0.003372 0.008832 0.004478 0.001044 0.378395 0.007369 1.728735
0.600992 0.003241 0.008412 0.004254 0.001017 0.374700 0.007383 1.729053
0.605553 0.003113 0.008029 0.004086 0.000989 0.370833 0.007398 1.729359
0.609951 0.003002 0.007667 0.003894 0.000956 0.367117 0.007414 1.729660
0.614367 0.002875 0.007312 0.003712 0.000924 0.363381 0.007428 1.729944
0.618723 0.002757 0.006999 0.003518 0.000903 0.359662 0.007439 1.730236
0.623099 0.002648 0.006700 0.003345 0.000886 0.355871 0.007451 1.730520
0.627350 0.002571 0.006378 0.003185 0.000863 0.352193 0.007460 1.730759
0.631555 0.002484 0.006083 0.003023 0.000845 0.348540 0.007471 1.730999
0.635756 0.002365 0.005822 0.002911 0.000824 0.344838 0.007485 1.731250
0.639891 0.002276 0.005573 0.002768 0.000795 0.341202 0.007496 1.731478
0.644013 0.002199 0.005334 0.002640 0.000775 0.337533 0.007506 1.731685
0.648153 0.002143 0.005092 0.002526 0.000752 0.333820 0.007514 1.731885
0.652187 0.002057 0.004868 0.002403 0.000733 0.330226 0.007526 1.732098
0.656206 0.001998 0.004650 0.002294 0.000708 0.326607 0.007537 1.732295
0.660199 0.001916 0.004447 0.002198 0.000684 0.323011 0.007547 1.732501
0.664151 0.001860 0.004260 0.002101 0.000657 0.319415 0.007558 1.732684
0.667991 0.001781 0.004108 0.002015 0.000634 0.315902 0.007569 1.732888
0.671884 0.001708 0.003936 0.001936 0.000616 0.312346 0.007576 1.733063
0.675750 0.001670 0.003775 0.001862 0.000592 0.308766 0.007586 1.733214
0.679536 0.001604 0.003628 0.001780 0.000577 0.305282 0.007594 1.733380
0.683245 0.001539 0.003488 0.001712 0.000552 0.301860 0.007605 1.733550
0.686923 0.001503 0.003340 0.001635 0.000535 0.298453 0.007613 1.733682
0.690496 0.001441 0.003231 0.001563 0.000514 0.295133 0.007624 1.733835
0.694050 0.001403 0.003106 0.001496 0.000499 0.291817 0.007629 1.733971
0.697589 0.001375 0.002985 0.001431 0.000486 0.288501 0.007635 1.734089
0.701052 0.001325 0.002853 0.001367 0.000470 0.285291 0.007644 1.734228
0.704565 0.001281 0.002732 0.001302 0.000461 0.282012 0.007648 1.734362
0.707970 0.001232 0.002604 0.001251 0.000446 0.278843 0.007655 1.734486
0.711356 0.001191 0.002501 0.001201 0.000427 0.275664 0.007660 1.734612
0.714723 0.001149 0.002419 0.001156 0.000416 0.272471 0.007667 1.734731
0.718094 0.001119 0.002323 0.001096 0.000401 0.269295 0.007672 1.734837
0.721452 0.001078 0.002233 0.001050 0.000388 0.266123 0.007677 1.734945
0.724675 0.001058 0.002124 0.001005 0.000375 0.263080 0.007684 1.735050
0.727903 0.001011 0.002064 0.000965 0.000363 0.260007 0.007688 1.735160
0.731095 0.000982 0.002002 0.000938 0.000354 0.256938 0.007692 1.735263
0.734163 0.000954 0.001922 0.000902 0.000339 0.254020 0.007701 1.735361
0.737328 0.000935 0.001855 0.000867 0.000331 0.250980 0.007704 1.735452
0.740296 0.000922 0.001767 0.000824 0.000321 0.248164 0.007708 1.735528
0.743341 0.000890 0.001691 0.000783 0.000312 0.245274 0.007712 1.735614
0.746323 0.000864 0.001625 0.000757 0.000299 0.242417 0.007717 1.735697
0.749261 0.000844 0.001561 0.000726 0.000289 0.239599 0.007722 1.735772
0.752221 0.000812 0.001510 0.000691 0.000275 0.236764 0.007728 1.735857
0.755069 0.000777 0.001466 0.000668 0.000270 0.234019 0.007732 1.735946
0.757991 0.000761 0.001411 0.000638 0.000263 0.231202 0.007736 1.736011
0.760899 0.000736 0.001360 0.000618 0.000253 0.228397 0.007738 1.736087
0.763585 0.000729 0.001317 0.000592 0.000249 0.225789 0.007740 1.736152
0.766325 0.000710 0.001273 0.000568 0.000241 0.223141 0.007743 1.736219
0.769043 0.000686 0.001234 0.000554 0.000235 0.220501 0.007748 1.736286
0.771711 0.000671 0.001183 0.000549 0.000226 0.217910 0.007751 1.736350
0.774363 0.000646 0.001152 0.000531 0.000219 0.215335 0.007756 1.736417
0.777017 0.000632 0.001112 0.000505 0.000213 0.212763 0.007760 1.736480
0.779664 0.000602 0.001072 0.000492 0.000205 0.210205 0.007761 1.736544
0.782239 0.000575 0.001037 0.000476 0.000200 0.207710 0.007764 1.736606
0.784800 0.000566 0.001006 0.000454 0.000192 0.205214 0.007767 1.736661
0.787235 0.000551 0.000978 0.000435 0.000187 0.202847 0.007770 1.736717
0.789755 0.000528 0.000961 0.000421 0.000182 0.200382 0.007771 1.736779
0.792213 0.000516 0.000930 0.000407 0.000177 0.197982 0.007775 1.736826
0.794626 0.000511 0.000888 0.000392 0.000171 0.195634 0.007778 1.736873
0.797014 0.000495 0.000851 0.000384 0.000162 0.193311 0.007783 1.736924
0.799369 0.000483 0.000821 0.000373 0.000156 0.191014 0.007785 1.736973
0.801780 0.000472 0.000790 0.000367 0.000151 0.188655 0.007786 1.737020
0.804143 0.000466 0.000776 0.000358 0.000143 0.186324 0.007790 1.737066
0.806454 0.000452 0.000759 0.000348 0.000138 0.184053 0.007795 1.737111
0.808705 0.000437 0.000726 0.000344 0.000134 0.181856 0.007798 1.737156
0.810966 0.000421 0.000697 0.000338 0.000129 0.179649 0.007801 1.737200
0.813243 0.000413 0.000672 0.000329 0.000125 0.177417 0.007803 1.737235
0.815369 0.000403 0.000651 0.000320 0.000123 0.175333 0.007803 1.737278
0.817550 0.000390 0.000639 0.000310 0.000117 0.173189 0.007805 1.737319
0.819670 0.000389 0.000626 0.000305 0.000111 0.171091 0.007808 1.737359
0.821739 0.000375 0.000604 0.000297 0.000110 0.169066 0.007809 1.737398
0.823841 0.000373 0.000573 0.000292 0.000108 0.167001 0.007811 1.737431
0.825881 0.000363 0.000560 0.000283 0.000103 0.164999 0.007812 1.737472
0.827967 0.000356 0.000542 0.000273 0.000100 0.162951 0.007813 1.737507
0.829988 0.000353 0.000522 0.000263 0.000097 0.160966 0.007813 1.737536
0.831968 0.000340 0.000511 0.000262 0.000094 0.159011 0.007815 1.737574
0.833915 0.000337 0.000504 0.000255 0.000089 0.157083 0.007818 1.737605
0.835791 0.000331 0.000494 0.000245 0.000088 0.155232 0.007819 1.737639
0.837715 0.000324 0.000477 0.000234 0.000086 0.153346 0.007820 1.737664
0.839622 0.000314 0.000474 0.000226 0.000083 0.151462 0.007820 1.737701
0.841456 0.000306 0.000452 0.000218 0.000079 0.149667 0.007823 1.737725
0.843268 0.000294 0.000444 0.000211 0.000077 0.147881 0.007824 1.737757
0.845069 0.000285 0.000437 0.000213 0.000076 0.146095 0.007825 1.737791
0.846856 0.000275 0.000424 0.000213 0.000074 0.144332 0.007826 1.737822
0.848577 0.000270 0.000413 0.000204 0.000073 0.142637 0.007827 1.737848
0.850263 0.000267 0.000393 0.000194 0.000071 0.140983 0.007829 1.737873
0.851986 0.000269 0.000382 0.000187 0.000070 0.139278 0.007829 1.737896
0.853660 0.000266 0.000372 0.000180 0.000068 0.137625 0.007829 1.737920
0.855345 0.000256 0.000364 0.000178 0.000064 0.135962 0.007831 1.737948
0.856998 0.000253 0.000357 0.000177 0.000063 0.134320 0.007832 1.737973
0.858665 0.000252 0.000345 0.000170 0.000063 0.132674 0.007832 1.737993
0.860222 0.000243 0.000338 0.000163 0.000060 0.131140 0.007835 1.738016
0.861779 0.000236 0.000333 0.000159 0.000059 0.129600 0.007836 1.738041
0.863335 0.000227 0.000326 0.000158 0.000057 0.128060 0.007837 1.738067
0.864882 0.000219 0.000324 0.000151 0.000056 0.126532 0.007837 1.738092
0.866315 0.000221 0.000315 0.000150 0.000054 0.125107 0.007838 1.738113
0.867798 0.000218 0.000301 0.000141 0.000053 0.123650 0.007838 1.738134
0.869236 0.000219 0.000300 0.000134 0.000052 0.122220 0.007839 1.738156
0.870623 0.000220 0.000295 0.000128 0.000052 0.120843 0.007839 1.738176
0.871987 0.000217 0.000288 0.000126 0.000050 0.119493 0.007840 1.738195
0.873339 0.000214 0.000287 0.000126 0.000047 0.118147 0.007840 1.738216
0.874669 0.000209 0.000289 0.000125 0.000047 0.116822 0.007840 1.738237
0.875945 0.000205 0.000280 0.000122 0.000045 0.115561 0.007841 1.738256
0.877163 0.000209 0.000278 0.000120 0.000044 0.114342 0.007843 1.738273
0.878375 0.000214 0.000276 0.000119 0.000044 0.113128 0.007843 1.738292
0.879627 0.000224 0.000263 0.000114 0.000041 0.111888 0.007843 1.738307
0.880813 0.000222 0.000262 0.000115 0.000040 0.110705 0.007844 1.738328
0.881949 0.000223 0.000261 0.000112 0.000039 0.109573 0.007845 1.738347
0.883059 0.000208 0.000262 0.000112 0.000039 0.108475 0.007845 1.738374
0.884150 0.000205 0.000259 0.000107 0.000037 0.107396 0.007846 1.738394
0.885260 0.000197 0.000245 0.000110 0.000035 0.106307 0.007847 1.738418
0.886337 0.000193 0.000238 0.000109 0.000034 0.105242 0.007847 1.738435
0.887399 0.000189 0.000236 0.000102 0.000034 0.104192 0.007847 1.738454
0.888400 0.000186 0.000231 0.000103 0.000033 0.103200 0.007848 1.738471
0.889392 0.000186 0.000226 0.000103 0.000033 0.102212 0.007848 1.738488
0.890393 0.000188 0.000219 0.000100 0.000034 0.101218 0.007848 1.738501
0.891379 0.000181 0.000221 0.000098 0.000035 0.100238 0.007848 1.738519
0.892318 0.000170 0.000220 0.000098 0.000033 0.099312 0.007848 1.738542
0.893209 0.000163 0.000218 0.000098 0.000032 0.098431 0.007848 1.738559
0.894099 0.000170 0.000214 0.000099 0.000031 0.097537 0.007849 1.738572
0.894949 0.000170 0.000204 0.000096 0.000031 0.096699 0.007850 1.738586
0.895811 0.000171 0.000198 0.000095 0.000030 0.095844 0.007850 1.738602
0.896660 0.000163 0.000196 0.000095 0.000029 0.095006 0.007851 1.738621
0.897482 0.000161 0.000194 0.000096 0.000030 0.094186 0.007851 1.738638
0.898317 0.000158 0.000188 0.000093 0.000030 0.093362 0.007851 1.738653
0.899102 0.000153 0.000187 0.000096 0.000029 0.092581 0.007852 1.738672
0.899853 0.000155 0.000187 0.000093 0.000029 0.091832 0.007852 1.738686
0.900575 0.000148 0.000189 0.000090 0.000027 0.091120 0.007852 1.738703
0.901314 0.000142 0.000185 0.000088 0.000027 0.090392 0.007852 1.738715
0.901998 0.000143 0.000185 0.000088 0.000027 0.089707 0.007852 1.738731
0.902678 0.000139 0.000178 0.000084 0.000026 0.089042 0.007852 1.738742
0.903351 0.000137 0.000177 0.000081 0.000025 0.088377 0.007852 1.738756
0.904022 0.000137 0.000174 0.000076 0.000023 0.087714 0.007853 1.738771
0.904663 0.000136 0.000175 0.000076 0.000022 0.087075 0.007853 1.738787
0.905305 0.000127 0.000181 0.000074 0.000021 0.086438 0.007854 1.738804
0.905918 0.000125 0.000175 0.000071 0.000021 0.085836 0.007854 1.738817
0.906509 0.000126 0.000179 0.000069 0.000021 0.085243 0.007854 1.738829
0.907072 0.000121 0.000178 0.000070 0.000020 0.084684 0.007855 1.738843
0.907642 0.000122 0.000177 0.000063 0.000019 0.084120 0.007857 1.738851
0.908200 0.000121 0.000174 0.000064 0.000019 0.083565 0.007857 1.738864
0.908744 0.000120 0.000170 0.000064 0.000019 0.083025 0.007857 1.738876
0.909291 0.000122 0.000166 0.000062 0.000019 0.082481 0.007857 1.738886
0.909822 0.000117 0.000164 0.000061 0.000019 0.081958 0.007857 1.738897
0.910347 0.000116 0.000156 0.000060 0.000018 0.081445 0.007857 1.738910
0.910819 0.000113 0.000157 0.000060 0.000018 0.080975 0.007857 1.738923
0.911316 0.000109 0.000157 0.000060 0.000017 0.080483 0.007858 1.738936
0.911781 0.000107 0.000157 0.000058 0.000017 0.080022 0.007858 1.738946
0.912249 0.000100 0.000160 0.000059 0.000017 0.079557 0.007859 1.738962
0.912654 0.000105 0.000153 0.000059 0.000016 0.079154 0.007859 1.738969
0.913064 0.000106 0.000146 0.000059 0.000015 0.078750 0.007859 1.738979
0.913451 0.000108 0.000140 0.000058 0.000015 0.078368 0.007859 1.738986
0.913817 0.000110 0.000141 0.000053 0.000014 0.078006 0.007860 1.738997
0.914198 0.000107 0.000139 0.000054 0.000013 0.077629 0.007860 1.739012
0.914568 0.000107 0.000133 0.000053 0.000013 0.077265 0.007860 1.739022
0.914946 0.000113 0.000129 0.000054 0.000013 0.076884 0.007860 1.739030
0.915295 0.000118 0.000124 0.000052 0.000013 0.076538 0.007860 1.739039
0.915641 0.000118 0.000117 0.000052 0.000013 0.076199 0.007860 1.739050
0.915996 0.000114 0.000114 0.000053 0.000013 0.075849 0.007860 1.739062
0.916337 0.000107 0.000115 0.000054 0.000012 0.075515 0.007860 1.739075
0.916642 0.000105 0.000109 0.000055 0.000012 0.075215 0.007860 1.739085
0.916937 0.000103 0.000107 0.000057 0.000011 0.074924 0.007861 1.739097
0.917253 0.000100 0.000109 0.000058 0.000011 0.074608 0.007861 1.739110
0.917532 0.000095 0.000106 0.000057 0.000011 0.074338 0.007861 1.739122
0.917806 0.000092 0.000108 0.000057 0.000010 0.074067 0.007861 1.739135
0.918055 0.000092 0.000101 0.000058 0.000010 0.073822 0.007861 1.739144
0.918314 0.000090 0.000101 0.000056 0.000009 0.073569 0.007862 1.739155
0.918580 0.000086 0.000103 0.000054 0.000009 0.073306 0.007862 1.739166
0.918827 0.000085 0.000105 0.000056 0.000008 0.073058 0.007862 1.739177
0.919055 0.000087 0.000104 0.000056 0.000007 0.072829 0.007863 1.739185
0.919295 0.000083 0.000098 0.000055 0.000007 0.072598 0.007863 1.739194
0.919538 0.000084 0.000094 0.000053 0.000008 0.072361 0.007863 1.739200
0.919763 0.000081 0.000096 0.000051 0.000008 0.072137 0.007863 1.739212
0.919995 0.000085 0.000091 0.000049 0.000008 0.071908 0.007863 1.739217
0.920193 0.000086 0.000088 0.000047 0.000007 0.071717 0.007864 1.739222
0.920398 0.000083 0.000091 0.000049 0.000007 0.071509 0.007864 1.739234
0.920588 0.000080 0.000092 0.000050 0.000007 0.071319 0.007864 1.739242
0.920788 0.000080 0.000088 0.000050 0.000007 0.071124 0.007864 1.739249
0.920969 0.000080 0.000089 0.000049 0.000006 0.070943 0.007865 1.739256
0.921160 0.000079 0.000094 0.000047 0.000005 0.070750 0.007866 1.739265
0.921334 0.000075 0.000096 0.000044 0.000005 0.070580 0.007866 1.739274
0.921496 0.000077 0.000097 0.000044 0.000003 0.070417 0.007866 1.739281
0.921641 0.000081 0.000093 0.000044 0.000003 0.070272 0.007866 1.739288
0.921800 0.000084 0.000091 0.000045 0.000003 0.070111 0.007866 1.739294
0.921950 0.000083 0.000090 0.000045 0.000003 0.069964 0.007866 1.739302
0.922102 0.000083 0.000091 0.000046 0.000002 0.069811 0.007866 1.739311
0.922254 0.000086 0.000089 0.000045 0.000002 0.069657 0.007866 1.739317
0.922391 0.000088 0.000090 0.000043 0.000002 0.069520 0.007866 1.739327
0.922520 0.000087 0.000092 0.000044 0.000002 0.069389 0.007866 1.739336
0.922647 0.000086 0.000093 0.000043 0.000003 0.069262 0.007866 1.739345
0.922773 0.000087 0.000093 0.000044 0.000002 0.069134 0.007866 1.739353
0.922907 0.000085 0.000091 0.000046 0.000002 0.069003 0.007866 1.739363
0.923023 0.000082 0.000092 0.000043 0.000003 0.068892 0.007866 1.739371
0.923144 0.000081 0.000089 0.000042 0.000003 0.068775 0.007866 1.739379
0.923257 0.000086 0.000086 0.000039 0.000003 0.068665 0.007866 1.739382
0.923366 0.000081 0.000087 0.000038 0.000003 0.068559 0.007866 1.739394
0.923473 0.000079 0.000089 0.000040 0.000003 0.068450 0.007866 1.739404
0.923599 0.000074 0.000088 0.000043 0.000002 0.068327 0.007866 1.739415
0.923715 0.000075 0.000086 0.000042 0.000002 0.068214 0.007866 1.739421
0.923807 0.000069 0.000089 0.000042 0.000002 0.068124 0.007866 1.739432
0.923905 0.000073 0.000084 0.000040 0.000002 0.068029 0.007866 1.739436
0.924004 0.000074 0.000080 0.000036 0.000002 0.067937 0.007866 1.739443
0.924111 0.000071 0.000080 0.000035 0.000003 0.067833 0.007866 1.739452
0.924204 0.000072 0.000072 0.000033 0.000003 0.067750 0.007866 1.739456
0.924291 0.000072 0.000072 0.000034 0.000003 0.067661 0.007866 1.739464
0.924380 0.000071 0.000073 0.000033 0.000003 0.067573 0.007867 1.739473
0.924462 0.000074 0.000071 0.000033 0.000003 0.067491 0.007867 1.739479
0.924553 0.000070 0.000072 0.000033 0.000003 0.067403 0.007867 1.739487
0.924651 0.000067 0.000071 0.000033 0.000003 0.067308 0.007867 1.739494
0.924727 0.000067 0.000069 0.000034 0.000003 0.067233 0.007867 1.739500
0.924805 0.000062 0.000068 0.000033 0.000003 0.067163 0.007867 1.739507
0.924882 0.000061 0.000065 0.000033 0.000003 0.067089 0.007867 1.739512
0.924957 0.000060 0.000066 0.000031 0.000003 0.067015 0.007867 1.739519
0.925037 0.000058 0.000069 0.000031 0.000003 0.066935 0.007867 1.739525
0.925103 0.000055 0.000070 0.000032 0.000003 0.066869 0.007867 1.739532
0.925176 0.000056 0.000070 0.000030 0.000003 0.066798 0.007867 1.739535
0.925253 0.000053 0.000067 0.000029 0.000003 0.066727 0.007867 1.739541
0.925318 0.000054 0.000066 0.000028 0.000003 0.066664 0.007867 1.739546
0.925362 0.000060 0.000065 0.000027 0.000003 0.066617 0.007867 1.739549
0.925433 0.000061 0.000064 0.000027 0.000003 0.066545 0.007867 1.739553
0.925493 0.000058 0.000061 0.000028 0.000003 0.066490 0.007867 1.739561
0.925552 0.000056 0.000061 0.000028 0.000003 0.066433 0.007867 1.739567
0.925609 0.000054 0.000061 0.000028 0.000003 0.066377 0.007867 1.739574
0.925665 0.000053 0.000059 0.000029 0.000003 0.066325 0.007867 1.739577
0.925711 0.000054 0.000059 0.000029 0.000003 0.066278 0.007867 1.739581
0.925772 0.000055 0.000054 0.000029 0.000003 0.066220 0.007867 1.739585
0.925837 0.000052 0.000056 0.000028 0.000003 0.066157 0.007867 1.739591
0.925886 0.000049 0.000057 0.000028 0.000003 0.066111 0.007867 1.739595
0.925933 0.000051 0.000057 0.000027 0.000003 0.066062 0.007867 1.739598
0.925978 0.000048 0.000056 0.000028 0.000003 0.066019 0.007867 1.739603
0.926024 0.000051 0.000053 0.000029 0.000003 0.065975 0.007867 1.739605
0.926061 0.000048 0.000054 0.000028 0.000003 0.065940 0.007867 1.739610
0.926112 0.000045 0.000057 0.000027 0.000003 0.065890 0.007867 1.739616
0.926158 0.000043 0.000055 0.000023 0.000003 0.065851 0.007867 1.739620
0.926204 0.000042 0.000053 0.000024 0.000003 0.065807 0.007867 1.739624
0.926248 0.000040 0.000055 0.000025 0.000003 0.065762 0.007867 1.739631
0.926288 0.000040 0.000052 0.000025 0.000003 0.065726 0.007867 1.739634
0.926326 0.000040 0.000050 0.000024 0.000003 0.065690 0.007867 1.739637
0.926369 0.000042 0.000047 0.000024 0.000003 0.065648 0.007867 1.739639
0.926416 0.000040 0.000046 0.000025 0.000003 0.065604 0.007867 1.739644
0.926453 0.000039 0.000046 0.000027 0.000003 0.065565 0.007867 1.739648
0.926487 0.000038 0.000045 0.000029 0.000003 0.065531 0.007867 1.739652
0.926524 0.000034 0.000046 0.000029 0.000003 0.065498 0.007867 1.739657
0.926563 0.000033 0.000043 0.000027 0.000003 0.065464 0.007867 1.739660
0.926588 0.000033 0.000042 0.000024 0.000003 0.065442 0.007867 1.739662
0.926620 0.000031 0.000040 0.000024 0.000003 0.065416 0.007867 1.739666
0.926659 0.000032 0.000040 0.000022 0.000003 0.065377 0.007867 1.739668
0.926688 0.000034 0.000036 0.000023 0.000003 0.065349 0.007867 1.739669
0.926718 0.000033 0.000037 0.000023 0.000003 0.065319 0.007867 1.739671
0.926752 0.000034 0.000034 0.000022 0.000004 0.065287 0.007867 1.739673
0.926781 0.000034 0.000033 0.000022 0.000004 0.065261 0.007867 1.739674
0.926812 0.000031 0.000034 0.000020 0.000004 0.065233 0.007867 1.739678
0.926844 0.000031 0.000032 0.000019 0.000004 0.065203 0.007867 1.739680
0.926872 0.000028 0.000036 0.000018 0.000003 0.065176 0.007867 1.739687
0.926898 0.000027 0.000035 0.000018 0.000003 0.065153 0.007867 1.739690
0.926922 0.000030 0.000033 0.000016 0.000003 0.065129 0.007867 1.739691
0.926947 0.000031 0.000032 0.000016 0.000003 0.065105 0.007867 1.739693
0.926970 0.000030 0.000031 0.000017 0.000003 0.065083 0.007867 1.739696
0.926997 0.000031 0.000030 0.000017 0.000003 0.065055 0.007867 1.739698
0.927019 0.000030 0.000028 0.000017 0.000003 0.065037 0.007867 1.739700
0.927049 0.000029 0.000026 0.000017 0.000003 0.065010 0.007867 1.739702
0.927078 0.000026 0.000027 0.000016 0.000003 0.064983 0.007867 1.739707
0.927105 0.000024 0.000026 0.000017 0.000004 0.064958 0.007867 1.739711
0.927136 0.000024 0.000024 0.000016 0.000004 0.064930 0.007867 1.739711
0.927162 0.000022 0.000024 0.000014 0.000004 0.064907 0.007867 1.739713
0.927180 0.000024 0.000024 0.000013 0.000004 0.064889 0.007867 1.739717
0.927205 0.000024 0.000025 0.000013 0.000004 0.064863 0.007867 1.739719
0.927229 0.000024 0.000025 0.000012 0.000004 0.064840 0.007867 1.739721
0.927249 0.000025 0.000024 0.000012 0.000003 0.064819 0.007868 1.739723
0.927272 0.000025 0.000024 0.000011 0.000003 0.064797 0.007868 1.739726
0.927290 0.000024 0.000024 0.000010 0.000003 0.064782 0.007868 1.739728
0.927311 0.000024 0.000023 0.000011 0.000003 0.064761 0.007868 1.739730
0.927324 0.000024 0.000024 0.000010 0.000003 0.064747 0.007868 1.739734
0.927344 0.000022 0.000026 0.000011 0.000003 0.064727 0.007868 1.739738
0.927362 0.000022 0.000025 0.000011 0.000003 0.064709 0.007868 1.739740
0.927378 0.000024 0.000024 0.000010 0.000003 0.064693 0.007868 1.739741
0.927392 0.000024 0.000024 0.000010 0.000002 0.064681 0.007868 1.739744
0.927408 0.000024 0.000022 0.000010 0.000002 0.064665 0.007868 1.739746
0.927426 0.000024 0.000022 0.000010 0.000003 0.064648 0.007868 1.739749
0.927441 0.000025 0.000020 0.000008 0.000003 0.064636 0.007868 1.739750
0.927455 0.000024 0.000019 0.000009 0.000003 0.064623 0.007868 1.739751
0.927464 0.000024 0.000020 0.000010 0.000003 0.064613 0.007868 1.739754
0.927479 0.000023 0.000021 0.000010 0.000003 0.064597 0.007868 1.739757
0.927496 0.000022 0.000019 0.000010 0.000003 0.064582 0.007868 1.739760
0.927507 0.000022 0.000019 0.000010 0.000003 0.064571 0.007868 1.739763
0.927519 0.000022 0.000019 0.000011 0.000003 0.064560 0.007868 1.739765
0.927530 0.000021 0.000019 0.000010 0.000003 0.064550 0.007868 1.739766
0.927538 0.000022 0.000019 0.000010 0.000003 0.064543 0.007868 1.739767
0.927546 0.000023 0.000019 0.000008 0.000002 0.064534 0.007868 1.739768
0.927555 0.000021 0.000021 0.000008 0.000002 0.064525 0.007868 1.739770
0.927564 0.000022 0.000022 0.000006 0.000002 0.064517 0.007868 1.739772
0.927570 0.000024 0.000020 0.000006 0.000002 0.064509 0.007868 1.739774
0.927579 0.000026 0.000019 0.000006 0.000002 0.064499 0.007868 1.739775
0.927592 0.000025 0.000021 0.000006 0.000002 0.064486 0.007868 1.739777
0.927600 0.000025 0.000020 0.000008 0.000002 0.064478 0.007868 1.739780
0.927611 0.000023 0.000020 0.000008 0.000002 0.064468 0.007868 1.739783
0.927619 0.000020 0.000022 0.000008 0.000002 0.064460 0.007868 1.739787
0.927626 0.000019 0.000022 0.000008 0.000002 0.064455 0.007868 1.739788
0.927638 0.000018 0.000022 0.000008 0.000002 0.064445 0.007868 1.739790
0.927643 0.000019 0.000023 0.000008 0.000002 0.064437 0.007868 1.739792
0.927654 0.000018 0.000022 0.000008 0.000002 0.064428 0.007868 1.739794
0.927660 0.000017 0.000022 0.000010 0.000002 0.064422 0.007868 1.739796
0.927662 0.000015 0.000022 0.000011 0.000002 0.064421 0.007868 1.739800
0.927665 0.000016 0.000020 0.000011 0.000002 0.064420 0.007868 1.739802
0.927670 0.000016 0.000019 0.000009 0.000002 0.064416 0.007868 1.739803
0.927677 0.000016 0.000018 0.000008 0.000002 0.064412 0.007868 1.739804
0.927681 0.000017 0.000018 0.000008 0.000002 0.064405 0.007868 1.739806
0.927686 0.000015 0.000019 0.000008 0.000002 0.064402 0.007868 1.739808
0.927695 0.000015 0.000020 0.000007 0.000002 0.064394 0.007868 1.739810
0.927700 0.000016 0.000019 0.000007 0.000001 0.064390 0.007868 1.739810
0.927703 0.000017 0.000019 0.000007 0.000001 0.064385 0.007868 1.739812
0.927712 0.000014 0.000019 0.000007 0.000001 0.064380 0.007868 1.739815
0.927716 0.000015 0.000019 0.000008 0.000001 0.064375 0.007868 1.739817
0.927721 0.000016 0.000015 0.000008 0.000001 0.064372 0.007868 1.739818
0.927726 0.000013 0.000017 0.000008 0.000001 0.064367 0.007868 1.739820
0.927732 0.000012 0.000017 0.000008 0.000000 0.064364 0.007868 1.739822
0.927735 0.000014 0.000017 0.000008 0.000000 0.064358 0.007868 1.739822
0.927740 0.000013 0.000018 0.000008 0.000000 0.064352 0.007868 1.739824
0.927748 0.000014 0.000017 0.000008 0.000000 0.064344 0.007868 1.739824
0.927751 0.000014 0.000017 0.000008 0.000000 0.064340 0.007868 1.739826
0.927754 0.000014 0.000016 0.000008 0.000001 0.064339 0.007868 1.739828
0.927758 0.000017 0.000016 0.000008 0.000001 0.064333 0.007868 1.739828
0.927761 0.000019 0.000014 0.000008 0.000001 0.064330 0.007868 1.739829
0.927766 0.000017 0.000014 0.000007 0.000001 0.064327 0.007868 1.739831
0.927769 0.000017 0.000014 0.000006 0.000001 0.064326 0.007868 1.739832
0.927772 0.000017 0.000014 0.000006 0.000002 0.064322 0.007868 1.739833
0.927776 0.000017 0.000014 0.000006 0.000002 0.064319 0.007868 1.739836
0.927779 0.000017 0.000014 0.000006 0.000002 0.064315 0.007868 1.739837
0.927781 0.000015 0.000014 0.000007 0.000002 0.064313 0.007868 1.739839
0.927784 0.000014 0.000014 0.000006 0.000002 0.064311 0.007868 1.739841
0.927789 0.000013 0.000014 0.000006 0.000002 0.064310 0.007868 1.739844
0.927791 0.000012 0.000014 0.000006 0.000002 0.064308 0.007868 1.739845
0.927794 0.000012 0.000013 0.000006 0.000002 0.064307 0.007868 1.739845
0.927797 0.000013 0.000013 0.000005 0.000002 0.064304 0.007868 1.739846
0.927799 0.000011 0.000014 0.000006 0.000001 0.064301 0.007868 1.739849
0.927801 0.000010 0.000014 0.000006 0.000001 0.064299 0.007868 1.739850
0.927804 0.000010 0.000014 0.000006 0.000001 0.064297 0.007868 1.739852
0.927808 0.000010 0.000015 0.000006 0.000001 0.064293 0.007868 1.739852
0.927812 0.000008 0.000015 0.000006 0.000001 0.064290 0.007868 1.739854
0.927815 0.000008 0.000016 0.000006 0.000001 0.064286 0.007868 1.739854
0.927816 0.000008 0.000017 0.000006 0.000001 0.064284 0.007868 1.739856
0.927819 0.000006 0.000018 0.000006 0.000001 0.064282 0.007868 1.739859
0.927822 0.000006 0.000016 0.000006 0.000001 0.064279 0.007868 1.739859
0.927822 0.000008 0.000015 0.000006 0.000001 0.064279 0.007868 1.739859
0.927825 0.000009 0.000014 0.000006 0.000001 0.064278 0.007868 1.739859
0.927827 0.000007 0.000014 0.000006 0.000001 0.064277 0.007868 1.739861
0.927829 0.000006 0.000014 0.000006 0.000001 0.064275 0.007868 1.739862
0.927832 0.000006 0.000014 0.000006 0.000001 0.064273 0.007868 1.739863
0.927835 0.000007 0.000014 0.000006 0.000000 0.064270 0.007868 1.739863
0.927838 0.000007 0.000015 0.000006 0.000000 0.064267 0.007868 1.739864
0.927837 0.000009 0.000016 0.000006 0.000000 0.064264 0.007868 1.739865
0.927838 0.000010 0.000016 0.000005 0.000000 0.064263 0.007868 1.739865
0.927840 0.000010 0.000016 0.000005 0.000000 0.064262 0.007868 1.739866
0.927843 0.000010 0.000015 0.000004 0.000000 0.064260 0.007868 1.739867
0.927844 0.000012 0.000015 0.000003 0.000000 0.064259 0.007868 1.739867
0.927845 0.000012 0.000015 0.000003 0.000000 0.064256 0.007868 1.739869
0.927848 0.000011 0.000016 0.000004 0.000000 0.064254 0.007868 1.739870
0.927851 0.000010 0.000016 0.000005 0.000000 0.064251 0.007868 1.739872
0.927853 0.000008 0.000016 0.000005 0.000000 0.064251 0.007868 1.739874
0.927858 0.000008 0.000014 0.000005 0.000000 0.064247 0.007868 1.739875
0.927859 0.000010 0.000013 0.000005 0.000000 0.064245 0.007868 1.739875
0.927861 0.000009 0.000013 0.000004 0.000000 0.064244 0.007868 1.739876
0.927865 0.000010 0.000013 0.000004 0.000000 0.064240 0.007868 1.739876
0.927867 0.000009 0.000014 0.000004 0.000000 0.064238 0.007868 1.739877
0.927871 0.000010 0.000013 0.000003 0.000000 0.064234 0.007868 1.739877
0.927872 0.000010 0.000014 0.000004 0.000000 0.064232 0.007868 1.739879
0.927874 0.000010 0.000013 0.000005 0.000000 0.064230 0.007868 1.739881
0.927876 0.000010 0.000014 0.000005 0.000000 0.064227 0.007868 1.739882
0.927878 0.000010 0.000014 0.000004 0.000000 0.064227 0.007868 1.739883
0.927879 0.000012 0.000013 0.000003 0.000000 0.064226 0.007868 1.739883
0.927881 0.000010 0.000014 0.000003 0.000000 0.064225 0.007868 1.739885
0.927883 0.000011 0.000014 0.000002 0.000000 0.064222 0.007868 1.739886
0.927884 0.000011 0.000015 0.000002 0.000000 0.064221 0.007868 1.739887
0.927891 0.000010 0.000013 0.000003 0.000000 0.064216 0.007868 1.739888
0.927891 0.000011 0.000012 0.000002 0.000000 0.064217 0.007868 1.739888
0.927895 0.000011 0.000011 0.000003 0.000000 0.064212 0.007868 1.739889
0.927897 0.000010 0.000010 0.000003 0.000000 0.064212 0.007868 1.739889
0.927898 0.000011 0.000009 0.000002 0.000000 0.064212 0.007868 1.739889
0.927900 0.000012 0.000010 0.000002 0.000000 0.064209 0.007868 1.739890
0.927900 0.000014 0.000009 0.000002 0.000000 0.064208 0.007868 1.739890
0.927902 0.000013 0.000009 0.000003 0.000000 0.064205 0.007868 1.739891
0.927901 0.000014 0.000008 0.000003 0.000000 0.064205 0.007868 1.739892
0.927902 0.000014 0.000010 0.000003 0.000000 0.064203 0.007868 1.739893
0.927903 0.000014 0.000010 0.000002 0.000000 0.064202 0.007868 1.739895
0.927905 0.000012 0.000011 0.000003 0.000000 0.064202 0.007868 1.739897
0.927903 0.000014 0.000010 0.000003 0.000000 0.064203 0.007868 1.739897
0.927907 0.000012 0.000010 0.000003 0.000000 0.064200 0.007868 1.739899
0.927909 0.000012 0.000010 0.000003 0.000000 0.064199 0.007868 1.739900
0.927910 0.000013 0.000010 0.000003 0.000000 0.064196 0.007868 1.739901
0.927911 0.000012 0.000011 0.000003 0.000000 0.064195 0.007868 1.739902
0.927911 0.000012 0.000011 0.000004 0.000000 0.064193 0.007868 1.739904
0.927913 0.000013 0.000010 0.000003 0.000000 0.064193 0.007868 1.739905
0.927913 0.000013 0.000010 0.000003 0.000000 0.064193 0.007868 1.739906
0.927914 0.000012 0.000010 0.000003 0.000000 0.064192 0.007868 1.739908
0.927915 0.000012 0.000011 0.000003 0.000000 0.064190 0.007868 1.739908
0.927916 0.000011 0.000012 0.000004 0.000000 0.064189 0.007868 1.739910
0.927917 0.000011 0.000011 0.000005 0.000000 0.064189 0.007868 1.739911
0.927916 0.000012 0.000011 0.000005 0.000000 0.064189 0.007868 1.739913
0.927916 0.000011 0.000012 0.000005 0.000000 0.064189 0.007868 1.739915
0.927916 0.000013 0.000012 0.000005 0.000000 0.064187 0.007868 1.739916
0.927916 0.000014 0.000013 0.000004 0.000000 0.064186 0.007868 1.739917
0.927916 0.000014 0.000013 0.000004 0.000000 0.064186 0.007868 1.739918
0.927917 0.000013 0.000014 0.000005 0.000000 0.064184 0.007868 1.739920
0.927918 0.000010 0.000014 0.000005 0.000000 0.064185 0.007868 1.739923
0.927918 0.000010 0.000014 0.000006 0.000000 0.064185 0.007868 1.739924
0.927919 0.000008 0.000014 0.000006 0.000000 0.064185 0.007868 1.739927
0.927919 0.000008 0.000014 0.000006 0.000000 0.064185 0.007868 1.739927
0.927919 0.000008 0.000014 0.000006 0.000000 0.064185 0.007868 1.739927
0.927918 0.000010 0.000014 0.000006 0.000000 0.064184 0.007868 1.739928
0.927919 0.000010 0.000013 0.000006 0.000000 0.064184 0.007868 1.739929
0.927919 0.000009 0.000014 0.000006 0.000000 0.064183 0.007868 1.739931
0.927919 0.000010 0.000012 0.000006 0.000000 0.064185 0.007868 1.739931
0.927920 0.000010 0.000012 0.000006 0.000000 0.064185 0.007868 1.739933
0.927921 0.000010 0.000012 0.000006 0.000000 0.064184 0.007868 1.739933
0.927920 0.000010 0.000012 0.000006 0.000000 0.064184 0.007868 1.739934
0.927921 0.000013 0.000012 0.000006 0.000000 0.064182 0.007868 1.739934
0.927921 0.000012 0.000012 0.000006 0.000000 0.064181 0.007868 1.739935
0.927922 0.000012 0.000010 0.000006 0.000000 0.064182 0.007868 1.739936
0.927922 0.000010 0.000013 0.000006 0.000000 0.064181 0.007868 1.739938
0.927921 0.000012 0.000014 0.000005 0.000000 0.064181 0.007868 1.739939
0.927921 0.000012 0.000014 0.000003 0.000000 0.064182 0.007868 1.739940
0.927921 0.000012 0.000012 0.000004 0.000000 0.064184 0.007868 1.739941
0.927922 0.000011 0.000012 0.000003 0.000000 0.064183 0.007868 1.739942
0.927922 0.000013 0.000012 0.000003 0.000000 0.064183 0.007868 1.739942
0.927922 0.000013 0.000012 0.000002 0.000000 0.064184 0.007868 1.739943
0.927921 0.000013 0.000012 0.000003 0.000000 0.064184 0.007868 1.739945
0.927922 0.000010 0.000013 0.000003 0.000000 0.064184 0.007868 1.739948
0.927923 0.000011 0.000013 0.000003 0.000000 0.064182 0.007868 1.739949
0.927924 0.000012 0.000013 0.000002 0.000000 0.064182 0.007868 1.739949
0.927924 0.000012 0.000012 0.000002 0.000000 0.064182 0.007868 1.739951
0.927925 0.000011 0.000012 0.000002 0.000000 0.064182 0.007868 1.739953
0.927926 0.000010 0.000014 0.000002 0.000000 0.064181 0.007868 1.739954
0.927927 0.000008 0.000014 0.000002 0.000000 0.064181 0.007868 1.739956
0.927929 0.000008 0.000013 0.000002 0.000000 0.064180 0.007868 1.739957
0.927931 0.000008 0.000013 0.000002 0.000000 0.064178 0.007868 1.739958
0.927932 0.000006 0.000014 0.000002 0.000000 0.064177 0.007868 1.739960
0.927934 0.000006 0.000013 0.000002 0.000000 0.064175 0.007868 1.739960
0.927936 0.000006 0.000014 0.000002 0.000000 0.064175 0.007868 1.739962
0.927938 0.000005 0.000013 0.000002 0.000000 0.064175 0.007868 1.739962
0.927936 0.000005 0.000013 0.000001 0.000000 0.064176 0.007868 1.739963
0.927938 0.000006 0.000011 0.000001 0.000000 0.064176 0.007868 1.739963
0.927940 0.000005 0.000011 0.000001 0.000000 0.064174 0.007868 1.739964
0.927940 0.000005 0.000011 0.000002 0.000000 0.064174 0.007868 1.739965
0.927942 0.000005 0.000010 0.000002 0.000000 0.064173 0.007868 1.739965
0.927943 0.000003 0.000010 0.000002 0.000000 0.064173 0.007868 1.739966
0.927943 0.000003 0.000010 0.000002 0.000000 0.064174 0.007868 1.739967
0.927943 0.000002 0.000009 0.000003 0.000000 0.064175 0.007868 1.739968
0.927945 0.000002 0.000008 0.000003 0.000000 0.064174 0.007868 1.739968
0.927944 0.000003 0.000007 0.000003 0.000000 0.064175 0.007868 1.739968
0.927943 0.000004 0.000007 0.000002 0.000000 0.064175 0.007868 1.739969
0.927944 0.000005 0.000007 0.000002 0.000000 0.064175 0.007868 1.739969
0.927945 0.000005 0.000007 0.000000 0.000000 0.064175 0.007868 1.739969
0.927947 0.000005 0.000007 0.000000 0.000000 0.064173 0.007868 1.739969
0.927949 0.000003 0.000006 0.000000 0.000000 0.064173 0.007868 1.739970
0.927951 0.000002 0.000007 0.000000 0.000000 0.064172 0.007868 1.739972
0.927951 0.000003 0.000006 0.000000 0.000000 0.064172 0.007868 1.739972
0.927952 0.000003 0.000006 0.000000 0.000000 0.064172 0.007868 1.739972
0.927952 0.000002 0.000005 0.000000 0.000000 0.064172 0.007868 1.739972
0.927954 0.000002 0.000004 0.000000 0.000000 0.064171 0.007868 1.739972
0.927956 0.000002 0.000003 0.000000 0.000000 0.064170 0.007868 1.739972
0.927956 0.000002 0.000003 0.000000 0.000000 0.064170 0.007868 1.739972
0.927957 0.000002 0.000003 0.000000 0.000000 0.064169 0.007868 1.739972
0.927957 0.000003 0.000003 0.000000 0.000000 0.064169 0.007868 1.739972
0.927958 0.000002 0.000003 0.000000 0.000000 0.064168 0.007868 1.739973
0.927958 0.000002 0.000003 0.000001 0.000000 0.064168 0.007868 1.739973
0.927960 0.000002 0.000003 0.000001 0.000000 0.064167 0.007868 1.739973
0.927960 0.000002 0.000003 0.000001 0.000000 0.064167 0.007868 1.739973
0.927961 0.000002 0.000003 0.000001 0.000000 0.064166 0.007868 1.739973
0.927961 0.000001 0.000003 0.000001 0.000000 0.064166 0.007868 1.739974
0.927964 0.000001 0.000003 0.000001 0.000000 0.064163 0.007868 1.739974
0.927966 0.000000 0.000003 0.000001 0.000000 0.064161 0.007868 1.739975
0.927967 0.000001 0.000003 0.000001 0.000000 0.064161 0.007868 1.739975
0.927967 0.000001 0.000003 0.000000 0.000000 0.064161 0.007868 1.739975
0.927967 0.000000 0.000003 0.000000 0.000000 0.064161 0.007868 1.739975
0.927967 0.000000 0.000002 0.000000 0.000000 0.064162 0.007868 1.739975
0.927967 0.000001 0.000002 0.000000 0.000000 0.064162 0.007868 1.739975
0.927968 0.000001 0.000002 0.000000 0.000000 0.064161 0.007868 1.739975
0.927968 0.000001 0.000001 0.000000 0.000000 0.064161 0.007868 1.739975
0.927969 0.000001 0.000001 0.000000 0.000000 0.064161 0.007868 1.739975
0.927969 0.000001 0.000001 0.000000 0.000000 0.064160 0.007868 1.739975
0.927970 0.000001 0.000001 0.000000 0.000000 0.064160 0.007868 1.739975
0.927969 0.000003 0.000001 0.000000 0.000000 0.064159 0.007868 1.739975
0.927968 0.000003 0.000001 0.000000 0.000000 0.064159 0.007868 1.739975
0.927970 0.000003 0.000001 0.000001 0.000000 0.064156 0.007868 1.739976
0.927971 0.000003 0.000001 0.000001 0.000000 0.064155 0.007868 1.739976
0.927971 0.000003 0.000002 0.000001 0.000000 0.064155 0.007868 1.739977
0.927971 0.000003 0.000003 0.000001 0.000000 0.064155 0.007868 1.739977
0.927970 0.000003 0.000003 0.000003 0.000000 0.064155 0.007868 1.739978
0.927971 0.000003 0.000003 0.000003 0.000000 0.064154 0.007868 1.739978
0.927971 0.000003 0.000003 0.000002 0.000000 0.064155 0.007868 1.739979
0.927970 0.000003 0.000003 0.000002 0.000000 0.064155 0.007868 1.739979
0.927971 0.000003 0.000003 0.000002 0.000000 0.064155 0.007868 1.739979
0.927970 0.000002 0.000003 0.000003 0.000000 0.064155 0.007868 1.739980
0.927972 0.000001 0.000003 0.000002 0.000000 0.064154 0.007868 1.739981
0.927971 0.000002 0.000003 0.000001 0.000000 0.064154 0.007868 1.739981
0.927970 0.000003 0.000003 0.000001 0.000000 0.064154 0.007868 1.739981
0.927970 0.000003 0.000003 0.000001 0.000000 0.064155 0.007868 1.739981
0.927970 0.000004 0.000003 0.000001 0.000000 0.064155 0.007868 1.739981
0.927968 0.000006 0.000002 0.000001 0.000000 0.064155 0.007868 1.739981
0.927968 0.000005 0.000002 0.000001 0.000000 0.064156 0.007868 1.739982
0.927968 0.000005 0.000002 0.000001 0.000000 0.064155 0.007868 1.739983
0.927968 0.000005 0.000003 0.000001 0.000000 0.064155 0.007868 1.739984
0.927967 0.000005 0.000003 0.000001 0.000000 0.064156 0.007868 1.739985
0.927967 0.000006 0.000003 0.000001 0.000000 0.064156 0.007868 1.739985
0.927965 0.000006 0.000003 0.000000 0.000000 0.064157 0.007868 1.739985
