0.349964 0.063013 0.056065 0.032421 0.002130 0.490451 0.005956 1.596831
0.352424 0.060618 0.056033 0.032241 0.002132 0.490568 0.005983 1.602909
0.355637 0.057760 0.055883 0.031869 0.002158 0.490687 0.006008 1.608655
0.359374 0.054696 0.055572 0.031401 0.002170 0.490755 0.006031 1.614169
0.363451 0.051569 0.055036 0.030888 0.002172 0.490824 0.006061 1.619346
0.367746 0.048561 0.054412 0.030302 0.002173 0.490719 0.006087 1.624210
0.372228 0.045585 0.053681 0.029728 0.002141 0.490516 0.006121 1.628889
0.376802 0.042827 0.052705 0.029036 0.002127 0.490355 0.006149 1.633171
0.381588 0.040200 0.051705 0.028314 0.002127 0.489889 0.006178 1.637249
0.386292 0.037772 0.050539 0.027598 0.002118 0.489478 0.006205 1.641022
0.391277 0.035433 0.049344 0.026816 0.002109 0.488792 0.006229 1.644563
0.396282 0.033238 0.048050 0.026103 0.002098 0.487976 0.006253 1.647952
0.401344 0.031093 0.046742 0.025375 0.002075 0.487086 0.006285 1.651150
0.406444 0.029218 0.045378 0.024530 0.002063 0.486054 0.006313 1.654058
0.411542 0.027361 0.044089 0.023699 0.002045 0.484924 0.006340 1.656884
0.416675 0.025746 0.042699 0.022892 0.002008 0.483612 0.006369 1.659443
0.421824 0.024170 0.041336 0.022117 0.001984 0.482175 0.006394 1.661875
0.426990 0.022727 0.040020 0.021313 0.001962 0.480568 0.006420 1.664166
0.432245 0.021364 0.038705 0.020528 0.001940 0.478774 0.006445 1.666342
0.437441 0.020115 0.037373 0.019781 0.001909 0.476901 0.006480 1.668389
0.442652 0.018895 0.036034 0.018980 0.001898 0.475038 0.006504 1.670314
0.447895 0.017856 0.034686 0.018253 0.001862 0.472912 0.006537 1.672069
0.453168 0.016812 0.033398 0.017560 0.001832 0.470670 0.006559 1.673777
0.458496 0.015867 0.032159 0.016836 0.001798 0.468260 0.006582 1.675371
0.463788 0.015026 0.030932 0.016101 0.001775 0.465775 0.006602 1.676872
0.468958 0.014180 0.029777 0.015487 0.001736 0.463237 0.006624 1.678322
0.474214 0.013405 0.028588 0.014887 0.001697 0.460562 0.006647 1.679687
0.479351 0.012680 0.027436 0.014264 0.001659 0.457939 0.006671 1.680984
0.484619 0.011978 0.026347 0.013668 0.001621 0.455072 0.006696 1.682210
0.489787 0.011339 0.025312 0.013095 0.001592 0.452160 0.006714 1.683373
0.494925 0.010742 0.024317 0.012552 0.001571 0.449165 0.006728 1.684476
0.500055 0.010174 0.023330 0.012037 0.001552 0.446111 0.006742 1.685537
0.505091 0.009655 0.022343 0.011519 0.001518 0.443111 0.006763 1.686525
0.510221 0.009205 0.021327 0.011014 0.001488 0.439964 0.006781 1.687417
0.515292 0.008759 0.020399 0.010514 0.001453 0.436785 0.006798 1.688290
0.520409 0.008324 0.019596 0.010033 0.001420 0.433401 0.006817 1.689131
0.525331 0.007924 0.018746 0.009573 0.001383 0.430200 0.006842 1.689951
0.530393 0.007504 0.017969 0.009146 0.001360 0.426768 0.006858 1.690734
0.535326 0.007174 0.017195 0.008740 0.001324 0.423371 0.006871 1.691454
0.540269 0.006807 0.016543 0.008370 0.001292 0.419837 0.006883 1.692186
0.545210 0.006552 0.015774 0.007989 0.001262 0.416315 0.006899 1.692800
0.550063 0.006284 0.015072 0.007609 0.001224 0.412831 0.006918 1.693398
0.554848 0.006041 0.014449 0.007279 0.001188 0.409263 0.006933 1.694005
0.559574 0.005757 0.013849 0.006978 0.001151 0.405739 0.006951 1.694598
0.564222 0.005495 0.013247 0.006665 0.001115 0.402286 0.006970 1.695158
0.568903 0.005250 0.012658 0.006398 0.001093 0.398714 0.006983 1.695703
0.573566 0.005037 0.012117 0.006113 0.001056 0.395111 0.007001 1.696201
0.578175 0.004817 0.011654 0.005841 0.001022 0.391472 0.007020 1.696696
0.582710 0.004634 0.011154 0.005573 0.000987 0.387909 0.007033 1.697159
0.587248 0.004447 0.010689 0.005323 0.000953 0.384295 0.007046 1.697607
0.591778 0.004280 0.010234 0.005088 0.000920 0.380642 0.007057 1.698045
0.596178 0.004088 0.009838 0.004872 0.000897 0.377056 0.007072 1.698487
0.600632 0.003914 0.009430 0.004661 0.000871 0.373409 0.007083 1.698905
0.605105 0.003773 0.008998 0.004469 0.000850 0.369713 0.007092 1.699287
0.609498 0.003622 0.008568 0.004279 0.000832 0.366100 0.007103 1.699666
0.613819 0.003502 0.008194 0.004096 0.000804 0.362471 0.007117 1.700001
0.618154 0.003372 0.007862 0.003925 0.000782 0.358777 0.007129 1.700337
0.622414 0.003243 0.007516 0.003788 0.000759 0.355142 0.007140 1.700684
0.626597 0.003158 0.007181 0.003608 0.000739 0.351569 0.007149 1.700972
0.630738 0.003022 0.006897 0.003457 0.000723 0.348009 0.007155 1.701283
0.634797 0.002923 0.006648 0.003312 0.000702 0.344454 0.007165 1.701589
0.638871 0.002846 0.006375 0.003195 0.000684 0.340856 0.007175 1.701870
0.643016 0.002763 0.006109 0.003057 0.000662 0.337211 0.007183 1.702133
0.647004 0.002677 0.005869 0.002922 0.000640 0.333696 0.007192 1.702396
0.650953 0.002597 0.005609 0.002819 0.000620 0.330203 0.007199 1.702646
0.654861 0.002504 0.005380 0.002713 0.000598 0.326736 0.007210 1.702903
0.658741 0.002423 0.005157 0.002602 0.000583 0.323275 0.007219 1.703154
0.662599 0.002347 0.004964 0.002507 0.000565 0.319791 0.007228 1.703409
0.666478 0.002265 0.004773 0.002403 0.000554 0.316293 0.007235 1.703640
0.670183 0.002206 0.004586 0.002299 0.000537 0.312945 0.007244 1.703864
0.673923 0.002142 0.004408 0.002202 0.000525 0.309551 0.007250 1.704083
0.677629 0.002061 0.004247 0.002113 0.000508 0.306188 0.007254 1.704290
0.681414 0.001991 0.004074 0.002050 0.000486 0.302723 0.007262 1.704490
0.685068 0.001952 0.003917 0.001959 0.000476 0.299364 0.007265 1.704662
0.688686 0.001897 0.003765 0.001886 0.000462 0.296034 0.007271 1.704849
0.692245 0.001835 0.003639 0.001824 0.000442 0.292740 0.007276 1.705043
0.695823 0.001799 0.003509 0.001756 0.000428 0.289403 0.007283 1.705211
0.699278 0.001731 0.003377 0.001688 0.000414 0.286225 0.007288 1.705388
0.702724 0.001682 0.003252 0.001611 0.000394 0.283044 0.007295 1.705554
0.706098 0.001621 0.003156 0.001546 0.000376 0.279902 0.007302 1.705727
0.709390 0.001581 0.003042 0.001470 0.000364 0.276847 0.007307 1.705881
0.712687 0.001548 0.002931 0.001418 0.000349 0.273753 0.007315 1.706030
0.715939 0.001513 0.002807 0.001358 0.000338 0.270728 0.007318 1.706183
0.719160 0.001466 0.002711 0.001327 0.000322 0.267687 0.007327 1.706345
0.722339 0.001445 0.002606 0.001283 0.000314 0.264682 0.007331 1.706485
0.725516 0.001417 0.002520 0.001242 0.000302 0.261667 0.007336 1.706619
0.728634 0.001378 0.002458 0.001192 0.000295 0.258702 0.007341 1.706759
0.731715 0.001339 0.002383 0.001147 0.000285 0.255786 0.007346 1.706896
0.734807 0.001304 0.002295 0.001100 0.000279 0.252867 0.007350 1.707019
0.737845 0.001264 0.002222 0.001055 0.000270 0.249990 0.007354 1.707150
0.740880 0.001220 0.002141 0.001013 0.000263 0.247127 0.007357 1.707267
0.743932 0.001201 0.002058 0.000972 0.000257 0.244220 0.007361 1.707369
0.746874 0.001170 0.002000 0.000940 0.000246 0.241405 0.007365 1.707478
0.749833 0.001127 0.001931 0.000906 0.000241 0.238596 0.007367 1.707601
0.752742 0.001105 0.001865 0.000882 0.000235 0.235801 0.007371 1.707707
0.755570 0.001058 0.001815 0.000850 0.000225 0.233109 0.007373 1.707831
0.758380 0.001046 0.001756 0.000816 0.000220 0.230409 0.007374 1.707930
0.761158 0.001025 0.001697 0.000788 0.000218 0.227738 0.007377 1.708023
0.763907 0.001007 0.001638 0.000765 0.000209 0.225092 0.007382 1.708114
0.766655 0.000973 0.001591 0.000743 0.000206 0.222448 0.007384 1.708215
0.769288 0.000946 0.001540 0.000725 0.000203 0.219913 0.007386 1.708313
0.771865 0.000930 0.001506 0.000703 0.000198 0.217411 0.007390 1.708409
0.774453 0.000909 0.001444 0.000679 0.000195 0.214930 0.007391 1.708501
0.777098 0.000869 0.001407 0.000660 0.000184 0.212391 0.007393 1.708600
0.779707 0.000846 0.001367 0.000640 0.000179 0.209867 0.007394 1.708691
0.782192 0.000840 0.001341 0.000620 0.000171 0.207440 0.007398 1.708774
0.784691 0.000825 0.001299 0.000590 0.000166 0.205029 0.007401 1.708843
0.787183 0.000810 0.001253 0.000575 0.000162 0.202615 0.007403 1.708924
0.789699 0.000789 0.001207 0.000557 0.000158 0.200185 0.007405 1.709004
0.792127 0.000779 0.001166 0.000541 0.000154 0.197828 0.007407 1.709078
0.794610 0.000763 0.001133 0.000522 0.000148 0.195417 0.007408 1.709152
0.796994 0.000746 0.001102 0.000509 0.000138 0.193099 0.007412 1.709220
0.799346 0.000727 0.001075 0.000503 0.000133 0.190803 0.007414 1.709294
0.801639 0.000704 0.001048 0.000494 0.000128 0.188573 0.007415 1.709362
0.803964 0.000686 0.001013 0.000478 0.000124 0.186319 0.007417 1.709425
0.806233 0.000652 0.000993 0.000464 0.000123 0.184117 0.007418 1.709497
0.808480 0.000625 0.000969 0.000457 0.000118 0.181933 0.007418 1.709565
0.810729 0.000602 0.000958 0.000445 0.000115 0.179731 0.007420 1.709631
0.812927 0.000593 0.000932 0.000432 0.000114 0.177582 0.007421 1.709686
0.815085 0.000577 0.000905 0.000421 0.000110 0.175480 0.007423 1.709741
0.817267 0.000573 0.000874 0.000408 0.000107 0.173348 0.007424 1.709790
0.819382 0.000549 0.000857 0.000400 0.000106 0.171283 0.007424 1.709850
0.821451 0.000530 0.000838 0.000392 0.000105 0.169259 0.007426 1.709909
0.823478 0.000522 0.000814 0.000380 0.000098 0.167281 0.007428 1.709959
0.825491 0.000519 0.000791 0.000372 0.000094 0.165304 0.007430 1.710005
0.827475 0.000509 0.000754 0.000365 0.000093 0.163373 0.007431 1.710058
0.829506 0.000510 0.000723 0.000350 0.000092 0.161389 0.007431 1.710098
0.831480 0.000486 0.000703 0.000347 0.000091 0.159462 0.007431 1.710156
0.833420 0.000476 0.000690 0.000345 0.000090 0.157548 0.007432 1.710212
0.835300 0.000467 0.000664 0.000334 0.000087 0.155716 0.007433 1.710256
0.837219 0.000464 0.000650 0.000321 0.000084 0.153828 0.007435 1.710299
0.839037 0.000450 0.000637 0.000315 0.000083 0.152044 0.007435 1.710350
0.840881 0.000443 0.000619 0.000303 0.000079 0.150239 0.007437 1.710395
0.842677 0.000441 0.000597 0.000294 0.000075 0.148479 0.007438 1.710433
0.844466 0.000436 0.000590 0.000280 0.000072 0.146718 0.007439 1.710477
0.846293 0.000418 0.000577 0.000278 0.000068 0.144927 0.007440 1.710524
0.848022 0.000402 0.000569 0.000276 0.000066 0.143225 0.007440 1.710575
0.849775 0.000406 0.000552 0.000263 0.000064 0.141499 0.007441 1.710609
0.851496 0.000384 0.000551 0.000265 0.000063 0.139800 0.007443 1.710656
0.853145 0.000385 0.000542 0.000257 0.000060 0.138167 0.007444 1.710694
0.854819 0.000373 0.000534 0.000253 0.000060 0.136517 0.007444 1.710735
0.856487 0.000370 0.000520 0.000246 0.000059 0.134874 0.007444 1.710768
0.858125 0.000361 0.000508 0.000247 0.000054 0.133259 0.007445 1.710802
0.859732 0.000353 0.000495 0.000241 0.000051 0.131684 0.007446 1.710841
0.861333 0.000352 0.000480 0.000237 0.000048 0.130102 0.007447 1.710875
0.862903 0.000351 0.000472 0.000228 0.000047 0.128552 0.007447 1.710905
0.864475 0.000350 0.000453 0.000219 0.000045 0.127012 0.007448 1.710935
0.865989 0.000344 0.000440 0.000216 0.000044 0.125521 0.007448 1.710964
0.867480 0.000336 0.000435 0.000202 0.000043 0.124056 0.007449 1.710995
0.868950 0.000323 0.000430 0.000197 0.000042 0.122609 0.007450 1.711030
0.870419 0.000310 0.000423 0.000194 0.000040 0.121166 0.007450 1.711064
0.871881 0.000308 0.000415 0.000192 0.000036 0.119720 0.007451 1.711091
0.873270 0.000304 0.000403 0.000191 0.000033 0.118349 0.007451 1.711119
0.874691 0.000291 0.000389 0.000181 0.000032 0.116965 0.007451 1.711149
0.876069 0.000292 0.000384 0.000176 0.000032 0.115597 0.007451 1.711178
0.877470 0.000284 0.000374 0.000174 0.000031 0.114216 0.007452 1.711207
0.878747 0.000285 0.000368 0.000164 0.000029 0.112955 0.007453 1.711231
0.880041 0.000284 0.000361 0.000160 0.000028 0.111673 0.007454 1.711256
0.881355 0.000272 0.000352 0.000160 0.000027 0.110381 0.007454 1.711285
0.882642 0.000259 0.000351 0.000158 0.000026 0.109110 0.007454 1.711319
0.883889 0.000261 0.000342 0.000152 0.000025 0.107876 0.007454 1.711344
0.885121 0.000255 0.000325 0.000150 0.000024 0.106671 0.007454 1.711368
0.886344 0.000242 0.000323 0.000143 0.000023 0.105471 0.007454 1.711394
0.887448 0.000241 0.000317 0.000140 0.000023 0.104377 0.007454 1.711417
0.888577 0.000241 0.000316 0.000135 0.000023 0.103253 0.007455 1.711438
0.889681 0.000235 0.000311 0.000137 0.000023 0.102158 0.007455 1.711463
0.890785 0.000229 0.000308 0.000137 0.000023 0.101065 0.007455 1.711489
0.891851 0.000223 0.000306 0.000134 0.000023 0.100010 0.007455 1.711513
0.892934 0.000225 0.000291 0.000133 0.000022 0.098939 0.007456 1.711534
0.893946 0.000221 0.000285 0.000128 0.000021 0.097942 0.007456 1.711556
0.894987 0.000208 0.000282 0.000127 0.000021 0.096919 0.007456 1.711581
0.895977 0.000203 0.000271 0.000125 0.000020 0.095946 0.007457 1.711597
0.896906 0.000205 0.000264 0.000124 0.000019 0.095023 0.007458 1.711613
0.897842 0.000203 0.000258 0.000124 0.000019 0.094097 0.007458 1.711630
0.898781 0.000196 0.000250 0.000119 0.000018 0.093177 0.007458 1.711647
0.899682 0.000199 0.000239 0.000118 0.000017 0.092287 0.007458 1.711663
0.900548 0.000195 0.000231 0.000114 0.000016 0.091438 0.007458 1.711682
0.901443 0.000181 0.000230 0.000116 0.000015 0.090556 0.007458 1.711704
0.902287 0.000175 0.000226 0.000117 0.000015 0.089721 0.007459 1.711722
0.903136 0.000177 0.000218 0.000111 0.000015 0.088884 0.007459 1.711736
0.904000 0.000172 0.000216 0.000108 0.000015 0.088030 0.007459 1.711756
0.904800 0.000169 0.000216 0.000105 0.000014 0.087236 0.007460 1.711775
0.905564 0.000175 0.000205 0.000101 0.000013 0.086483 0.007460 1.711785
0.906335 0.000178 0.000201 0.000097 0.000012 0.085717 0.007460 1.711796
0.907080 0.000174 0.000206 0.000095 0.000012 0.084974 0.007460 1.711815
0.907800 0.000177 0.000205 0.000086 0.000012 0.084260 0.007460 1.711831
0.908508 0.000183 0.000199 0.000085 0.000010 0.083555 0.007461 1.711845
0.909220 0.000177 0.000202 0.000084 0.000010 0.082845 0.007461 1.711865
0.909908 0.000170 0.000201 0.000086 0.000011 0.082163 0.007461 1.711887
0.910587 0.000172 0.000199 0.000082 0.000011 0.081488 0.007461 1.711904
0.911239 0.000163 0.000196 0.000084 0.000009 0.080846 0.007462 1.711921
0.911847 0.000164 0.000194 0.000080 0.000009 0.080243 0.007462 1.711934
0.912478 0.000162 0.000188 0.000078 0.000009 0.079623 0.007462 1.711948
0.913102 0.000153 0.000189 0.000076 0.000009 0.079009 0.007462 1.711969
0.913726 0.000153 0.000179 0.000074 0.000008 0.078399 0.007462 1.711980
0.914319 0.000153 0.000175 0.000076 0.000008 0.077807 0.007462 1.711994
0.914907 0.000145 0.000171 0.000078 0.000009 0.077229 0.007462 1.712012
0.915483 0.000143 0.000171 0.000075 0.000009 0.076658 0.007462 1.712025
0.916034 0.000144 0.000172 0.000072 0.000009 0.076107 0.007462 1.712038
0.916550 0.000146 0.000168 0.000072 0.000009 0.075592 0.007462 1.712049
0.917102 0.000143 0.000164 0.000070 0.000009 0.075049 0.007462 1.712066
0.917609 0.000142 0.000162 0.000072 0.000009 0.074544 0.007462 1.712079
0.918118 0.000137 0.000163 0.000071 0.000008 0.074041 0.007463 1.712094
0.918600 0.000132 0.000165 0.000070 0.000008 0.073561 0.007463 1.712109
0.919112 0.000122 0.000168 0.000070 0.000008 0.073057 0.007463 1.712125
0.919598 0.000122 0.000163 0.000070 0.000008 0.072576 0.007463 1.712138
0.920050 0.000125 0.000158 0.000068 0.000008 0.072128 0.007463 1.712146
0.920533 0.000128 0.000153 0.000069 0.000008 0.071646 0.007464 1.712157
0.920967 0.000134 0.000147 0.000065 0.000007 0.071215 0.007464 1.712164
0.921390 0.000137 0.000143 0.000065 0.000007 0.070793 0.007464 1.712173
0.921802 0.000137 0.000140 0.000064 0.000007 0.070385 0.007464 1.712183
0.922223 0.000132 0.000141 0.000065 0.000008 0.069968 0.007464 1.712197
0.922629 0.000124 0.000143 0.000063 0.000006 0.069570 0.007464 1.712216
0.923033 0.000119 0.000148 0.000062 0.000006 0.069168 0.007464 1.712231
0.923393 0.000125 0.000147 0.000060 0.000005 0.068805 0.007464 1.712238
0.923748 0.000123 0.000142 0.000059 0.000005 0.068458 0.007464 1.712249
0.924102 0.000121 0.000143 0.000059 0.000005 0.068104 0.007464 1.712261
0.924457 0.000115 0.000140 0.000062 0.000005 0.067756 0.007464 1.712277
0.924816 0.000106 0.000134 0.000063 0.000005 0.067411 0.007464 1.712290
0.925143 0.000103 0.000133 0.000063 0.000005 0.067088 0.007464 1.712303
0.925456 0.000101 0.000135 0.000063 0.000005 0.066775 0.007464 1.712313
0.925774 0.000099 0.000131 0.000060 0.000005 0.066467 0.007464 1.712322
0.926090 0.000094 0.000130 0.000059 0.000005 0.066158 0.007464 1.712335
0.926383 0.000098 0.000125 0.000059 0.000005 0.065865 0.007464 1.712342
0.926679 0.000099 0.000126 0.000055 0.000005 0.065572 0.007464 1.712350
0.926950 0.000097 0.000127 0.000055 0.000005 0.065303 0.007464 1.712363
0.927222 0.000100 0.000122 0.000057 0.000005 0.065029 0.007464 1.712371
0.927483 0.000095 0.000123 0.000057 0.000004 0.064772 0.007464 1.712383
0.927741 0.000096 0.000116 0.000057 0.000004 0.064522 0.007464 1.712390
0.927997 0.000099 0.000115 0.000054 0.000004 0.064265 0.007464 1.712397
0.928235 0.000099 0.000114 0.000054 0.000004 0.064031 0.007464 1.712403
0.928457 0.000100 0.000108 0.000051 0.000004 0.063815 0.007464 1.712413
0.928678 0.000100 0.000106 0.000047 0.000004 0.063600 0.007464 1.712421
0.928900 0.000100 0.000101 0.000048 0.000005 0.063382 0.007464 1.712428
0.929111 0.000100 0.000098 0.000047 0.000004 0.063175 0.007465 1.712436
0.929360 0.000098 0.000095 0.000045 0.000004 0.062931 0.007465 1.712444
0.929547 0.000098 0.000097 0.000044 0.000005 0.062744 0.007465 1.712456
0.929743 0.000094 0.000098 0.000046 0.000005 0.062549 0.007465 1.712467
0.929934 0.000098 0.000095 0.000050 0.000005 0.062353 0.007465 1.712474
0.930116 0.000097 0.000093 0.000050 0.000004 0.062174 0.007466 1.712481
0.930287 0.000094 0.000093 0.000052 0.000004 0.062005 0.007466 1.712492
0.930456 0.000093 0.000089 0.000053 0.000004 0.061839 0.007466 1.712501
0.930637 0.000093 0.000087 0.000052 0.000004 0.061661 0.007466 1.712507
0.930812 0.000089 0.000087 0.000050 0.000003 0.061493 0.007466 1.712516
0.930959 0.000093 0.000088 0.000051 0.000003 0.061340 0.007466 1.712525
0.931125 0.000094 0.000088 0.000050 0.000003 0.061174 0.007466 1.712532
0.931275 0.000093 0.000084 0.000052 0.000003 0.061028 0.007466 1.712540
0.931425 0.000091 0.000086 0.000052 0.000003 0.060878 0.007466 1.712551
0.931592 0.000092 0.000083 0.000052 0.000003 0.060713 0.007466 1.712557
0.931736 0.000093 0.000083 0.000051 0.000004 0.060567 0.007466 1.712563
0.931884 0.000092 0.000079 0.000051 0.000004 0.060424 0.007466 1.712569
0.932037 0.000090 0.000081 0.000053 0.000004 0.060269 0.007466 1.712578
0.932183 0.000086 0.000085 0.000051 0.000005 0.060125 0.007466 1.712589
0.932336 0.000091 0.000085 0.000047 0.000005 0.059971 0.007466 1.712594
0.932481 0.000086 0.000086 0.000045 0.000005 0.059832 0.007466 1.712604
0.932607 0.000081 0.000089 0.000045 0.000003 0.059709 0.007466 1.712617
0.932724 0.000079 0.000090 0.000045 0.000003 0.059594 0.007466 1.712624
0.932848 0.000078 0.000086 0.000045 0.000003 0.059475 0.007466 1.712633
0.932982 0.000076 0.000086 0.000047 0.000002 0.059341 0.007466 1.712642
0.933087 0.000077 0.000086 0.000046 0.000001 0.059238 0.007466 1.712650
0.933208 0.000079 0.000086 0.000042 0.000002 0.059117 0.007466 1.712656
0.933311 0.000077 0.000083 0.000045 0.000002 0.059016 0.007466 1.712665
0.933421 0.000077 0.000087 0.000044 0.000002 0.058904 0.007466 1.712674
0.933528 0.000074 0.000086 0.000044 0.000002 0.058800 0.007466 1.712683
0.933627 0.000073 0.000084 0.000043 0.000001 0.058707 0.007466 1.712692
0.933740 0.000073 0.000081 0.000041 0.000001 0.058597 0.007466 1.712697
0.933831 0.000079 0.000074 0.000038 0.000001 0.058511 0.007466 1.712700
0.933929 0.000074 0.000076 0.000038 0.000001 0.058416 0.007466 1.712711
0.934013 0.000073 0.000075 0.000039 0.000001 0.058333 0.007466 1.712719
0.934099 0.000069 0.000077 0.000038 0.000001 0.058250 0.007466 1.712727
0.934187 0.000064 0.000077 0.000035 0.000002 0.058170 0.007466 1.712733
0.934274 0.000063 0.000077 0.000031 0.000002 0.058088 0.007466 1.712737
0.934346 0.000063 0.000076 0.000031 0.000002 0.058017 0.007466 1.712742
0.934428 0.000059 0.000078 0.000032 0.000001 0.057934 0.007467 1.712750
0.934508 0.000058 0.000075 0.000030 0.000002 0.057861 0.007467 1.712755
0.934591 0.000059 0.000074 0.000029 0.000002 0.057779 0.007467 1.712758
0.934666 0.000061 0.000070 0.000027 0.000002 0.057707 0.007467 1.712761
0.934726 0.000066 0.000068 0.000027 0.000001 0.057645 0.007467 1.712764
0.934790 0.000069 0.000068 0.000028 0.000002 0.057577 0.007467 1.712771
0.934864 0.000065 0.000068 0.000027 0.000001 0.057508 0.007467 1.712777
0.934929 0.000064 0.000066 0.000028 0.000001 0.057446 0.007467 1.712782
0.935001 0.000064 0.000063 0.000024 0.000001 0.057380 0.007467 1.712786
0.935067 0.000060 0.000060 0.000023 0.000002 0.057321 0.007467 1.712791
0.935132 0.000058 0.000060 0.000025 0.000002 0.057256 0.007467 1.712798
0.935198 0.000060 0.000059 0.000022 0.000002 0.057191 0.007467 1.712802
0.935262 0.000059 0.000061 0.000024 0.000002 0.057125 0.007467 1.712810
0.935319 0.000058 0.000063 0.000024 0.000002 0.057067 0.007467 1.712815
0.935384 0.000058 0.000061 0.000024 0.000002 0.057004 0.007467 1.712820
0.935443 0.000058 0.000060 0.000024 0.000002 0.056946 0.007467 1.712827
0.935499 0.000057 0.000063 0.000026 0.000002 0.056887 0.007467 1.712834
0.935559 0.000055 0.000061 0.000026 0.000002 0.056830 0.007467 1.712839
0.935615 0.000056 0.000060 0.000024 0.000002 0.056776 0.007467 1.712843
0.935677 0.000056 0.000060 0.000025 0.000002 0.056714 0.007467 1.712846
0.935731 0.000057 0.000062 0.000024 0.000002 0.056657 0.007467 1.712850
0.935789 0.000055 0.000061 0.000024 0.000002 0.056603 0.007467 1.712856
0.935843 0.000056 0.000061 0.000024 0.000003 0.056547 0.007467 1.712860
0.935896 0.000055 0.000062 0.000024 0.000003 0.056493 0.007467 1.712867
0.935944 0.000053 0.000063 0.000025 0.000003 0.056446 0.007467 1.712874
0.935989 0.000050 0.000064 0.000026 0.000003 0.056402 0.007467 1.712882
0.936045 0.000050 0.000062 0.000026 0.000003 0.056348 0.007467 1.712885
0.936089 0.000051 0.000058 0.000026 0.000003 0.056306 0.007467 1.712889
0.936140 0.000050 0.000058 0.000025 0.000003 0.056257 0.007467 1.712893
0.936187 0.000050 0.000057 0.000024 0.000003 0.056212 0.007467 1.712898
0.936238 0.000047 0.000056 0.000025 0.000003 0.056165 0.007467 1.712904
0.936278 0.000051 0.000053 0.000023 0.000003 0.056126 0.007467 1.712907
0.936309 0.000051 0.000054 0.000022 0.000003 0.056093 0.007467 1.712913
0.936352 0.000052 0.000054 0.000023 0.000003 0.056050 0.007467 1.712917
0.936390 0.000049 0.000054 0.000025 0.000003 0.056014 0.007467 1.712923
0.936424 0.000048 0.000055 0.000027 0.000003 0.055978 0.007467 1.712930
0.936465 0.000047 0.000055 0.000025 0.000003 0.055940 0.007467 1.712936
0.936499 0.000046 0.000056 0.000026 0.000003 0.055905 0.007467 1.712941
0.936531 0.000045 0.000049 0.000025 0.000003 0.055881 0.007467 1.712943
0.936566 0.000044 0.000047 0.000024 0.000003 0.055849 0.007467 1.712947
0.936597 0.000045 0.000046 0.000024 0.000003 0.055819 0.007467 1.712951
0.936627 0.000046 0.000045 0.000023 0.000002 0.055791 0.007467 1.712953
0.936656 0.000044 0.000047 0.000024 0.000002 0.055760 0.007467 1.712958
0.936684 0.000044 0.000047 0.000023 0.000002 0.055734 0.007467 1.712962
0.936713 0.000045 0.000048 0.000022 0.000002 0.055703 0.007467 1.712967
0.936742 0.000043 0.000047 0.000023 0.000002 0.055676 0.007467 1.712972
0.936769 0.000045 0.000046 0.000025 0.000002 0.055646 0.007467 1.712976
0.936806 0.000045 0.000045 0.000027 0.000002 0.055609 0.007467 1.712981
0.936832 0.000044 0.000045 0.000027 0.000002 0.055585 0.007467 1.712985
0.936858 0.000041 0.000045 0.000024 0.000002 0.055564 0.007467 1.712990
0.936890 0.000040 0.000045 0.000024 0.000002 0.055533 0.007467 1.712993
0.936916 0.000038 0.000046 0.000023 0.000002 0.055508 0.007467 1.712998
0.936946 0.000036 0.000042 0.000022 0.000002 0.055486 0.007467 1.713001
0.936972 0.000036 0.000044 0.000019 0.000002 0.055460 0.007467 1.713006
0.936999 0.000035 0.000045 0.000020 0.000002 0.055433 0.007467 1.713009
0.937026 0.000034 0.000044 0.000021 0.000002 0.055408 0.007467 1.713013
0.937048 0.000033 0.000044 0.000019 0.000002 0.055386 0.007467 1.713014
0.937077 0.000034 0.000043 0.000018 0.000002 0.055361 0.007467 1.713015
0.937100 0.000034 0.000040 0.000017 0.000002 0.055340 0.007467 1.713016
0.937119 0.000036 0.000039 0.000016 0.000002 0.055322 0.007467 1.713019
0.937146 0.000035 0.000036 0.000017 0.000002 0.055298 0.007467 1.713022
0.937172 0.000035 0.000035 0.000018 0.000002 0.055271 0.007467 1.713025
0.937198 0.000035 0.000034 0.000018 0.000002 0.055247 0.007467 1.713028
0.937223 0.000035 0.000033 0.000019 0.000002 0.055222 0.007467 1.713031
0.937248 0.000033 0.000035 0.000017 0.000002 0.055199 0.007467 1.713036
0.937273 0.000032 0.000036 0.000015 0.000002 0.055176 0.007467 1.713040
0.937297 0.000031 0.000034 0.000016 0.000002 0.055156 0.007467 1.713042
0.937320 0.000031 0.000033 0.000014 0.000002 0.055134 0.007467 1.713043
0.937341 0.000031 0.000032 0.000013 0.000002 0.055115 0.007467 1.713045
0.937358 0.000035 0.000030 0.000013 0.000002 0.055095 0.007467 1.713046
0.937377 0.000036 0.000029 0.000014 0.000002 0.055075 0.007467 1.713049
0.937393 0.000035 0.000030 0.000015 0.000002 0.055059 0.007467 1.713053
0.937412 0.000035 0.000030 0.000016 0.000002 0.055040 0.007467 1.713055
0.937425 0.000035 0.000031 0.000016 0.000002 0.055026 0.007467 1.713058
0.937448 0.000035 0.000031 0.000016 0.000002 0.055001 0.007467 1.713062
0.937469 0.000031 0.000034 0.000018 0.000002 0.054980 0.007467 1.713068
0.937492 0.000028 0.000035 0.000017 0.000002 0.054959 0.007467 1.713073
0.937507 0.000027 0.000036 0.000016 0.000002 0.054944 0.007467 1.713077
0.937523 0.000027 0.000035 0.000015 0.000002 0.054932 0.007467 1.713079
0.937540 0.000026 0.000032 0.000014 0.000002 0.054919 0.007467 1.713082
0.937557 0.000025 0.000032 0.000014 0.000002 0.054905 0.007467 1.713085
0.937576 0.000026 0.000030 0.000013 0.000002 0.054887 0.007467 1.713086
0.937590 0.000024 0.000030 0.000013 0.000002 0.054874 0.007467 1.713089
0.937600 0.000025 0.000028 0.000012 0.000001 0.054866 0.007467 1.713090
0.937617 0.000027 0.000027 0.000012 0.000001 0.054850 0.007467 1.713090
0.937632 0.000028 0.000027 0.000011 0.000001 0.054836 0.007467 1.713092
0.937645 0.000029 0.000025 0.000009 0.000001 0.054823 0.007467 1.713093
0.937663 0.000028 0.000024 0.000010 0.000001 0.054807 0.007467 1.713095
0.937677 0.000025 0.000027 0.000010 0.000001 0.054792 0.007467 1.713099
0.937689 0.000025 0.000027 0.000011 0.000001 0.054780 0.007467 1.713102
0.937704 0.000022 0.000028 0.000012 0.000001 0.054769 0.007467 1.713106
0.937719 0.000022 0.000026 0.000011 0.000001 0.054755 0.007467 1.713107
0.937729 0.000021 0.000025 0.000010 0.000001 0.054747 0.007467 1.713110
0.937744 0.000019 0.000026 0.000010 0.000001 0.054733 0.007467 1.713113
0.937756 0.000020 0.000025 0.000009 0.000001 0.054722 0.007467 1.713114
0.937769 0.000019 0.000022 0.000010 0.000001 0.054714 0.007467 1.713115
0.937782 0.000020 0.000021 0.000009 0.000001 0.054701 0.007467 1.713115
0.937789 0.000023 0.000019 0.000009 0.000001 0.054693 0.007467 1.713116
0.937800 0.000022 0.000022 0.000009 0.000001 0.054680 0.007467 1.713119
0.937810 0.000021 0.000023 0.000009 0.000001 0.054671 0.007467 1.713122
0.937820 0.000020 0.000024 0.000009 0.000001 0.054659 0.007467 1.713124
0.937830 0.000020 0.000024 0.000010 0.000001 0.054648 0.007467 1.713125
0.937839 0.000020 0.000023 0.000011 0.000001 0.054639 0.007467 1.713127
0.937847 0.000021 0.000021 0.000011 0.000000 0.054634 0.007467 1.713129
0.937857 0.000021 0.000019 0.000011 0.000000 0.054625 0.007467 1.713129
0.937868 0.000022 0.000018 0.000010 0.000000 0.054615 0.007467 1.713130
0.937874 0.000020 0.000019 0.000011 0.000001 0.054609 0.007467 1.713133
0.937881 0.000022 0.000019 0.000010 0.000002 0.054600 0.007467 1.713134
0.937884 0.000022 0.000019 0.000011 0.000002 0.054596 0.007467 1.713137
0.937893 0.000019 0.000021 0.000010 0.000002 0.054588 0.007467 1.713140
0.937898 0.000021 0.000018 0.000010 0.000002 0.054586 0.007467 1.713140
0.937903 0.000021 0.000019 0.000010 0.000002 0.054579 0.007467 1.713142
0.937909 0.000020 0.000019 0.000011 0.000001 0.054574 0.007467 1.713145
0.937915 0.000018 0.000021 0.000012 0.000001 0.054568 0.007467 1.713149
0.937921 0.000017 0.000021 0.000013 0.000001 0.054561 0.007467 1.713151
0.937926 0.000017 0.000020 0.000012 0.000001 0.054558 0.007467 1.713151
0.937934 0.000016 0.000019 0.000012 0.000001 0.054551 0.007467 1.713153
0.937941 0.000017 0.000017 0.000011 0.000001 0.054547 0.007467 1.713153
0.937947 0.000018 0.000019 0.000010 0.000001 0.054540 0.007467 1.713155
0.937952 0.000017 0.000019 0.000010 0.000000 0.054535 0.007467 1.713157
0.937958 0.000016 0.000019 0.000011 0.000000 0.054529 0.007467 1.713161
0.937962 0.000014 0.000019 0.000012 0.000000 0.054525 0.007467 1.713163
0.937967 0.000017 0.000018 0.000011 0.000000 0.054519 0.007467 1.713164
0.937975 0.000015 0.000019 0.000011 0.000000 0.054512 0.007467 1.713166
0.937981 0.000016 0.000018 0.000011 0.000000 0.054507 0.007467 1.713167
0.937990 0.000013 0.000019 0.000012 0.000000 0.054500 0.007467 1.713171
0.937995 0.000011 0.000021 0.000012 0.000000 0.054494 0.007467 1.713173
0.937999 0.000012 0.000020 0.000010 0.000000 0.054491 0.007467 1.713174
0.938005 0.000011 0.000021 0.000009 0.000000 0.054487 0.007467 1.713175
0.938009 0.000011 0.000020 0.000008 0.000000 0.054485 0.007467 1.713176
0.938016 0.000013 0.000019 0.000008 0.000000 0.054479 0.007467 1.713176
0.938023 0.000012 0.000018 0.000008 0.000000 0.054473 0.007467 1.713177
0.938026 0.000011 0.000016 0.000008 0.000000 0.054473 0.007467 1.713179
0.938032 0.000009 0.000015 0.000008 0.000000 0.054469 0.007467 1.713182
0.938036 0.000008 0.000015 0.000009 0.000000 0.054466 0.007467 1.713184
0.938038 0.000008 0.000013 0.000008 0.000000 0.054465 0.007467 1.713184
0.938042 0.000008 0.000013 0.000008 0.000000 0.054461 0.007467 1.713185
0.938045 0.000009 0.000013 0.000007 0.000000 0.054459 0.007467 1.713185
0.938047 0.000010 0.000013 0.000006 0.000000 0.054458 0.007467 1.713185
0.938051 0.000011 0.000012 0.000006 0.000000 0.054453 0.007467 1.713185
0.938056 0.000011 0.000011 0.000005 0.000001 0.054449 0.007467 1.713186
0.938058 0.000011 0.000010 0.000005 0.000001 0.054448 0.007467 1.713187
0.938061 0.000010 0.000008 0.000006 0.000001 0.054448 0.007467 1.713189
0.938065 0.000008 0.000009 0.000005 0.000001 0.054445 0.007467 1.713191
0.938069 0.000008 0.000008 0.000006 0.000001 0.054442 0.007467 1.713192
0.938072 0.000008 0.000008 0.000005 0.000001 0.054438 0.007467 1.713193
0.938071 0.000009 0.000007 0.000005 0.000001 0.054441 0.007467 1.713193
0.938074 0.000011 0.000007 0.000005 0.000001 0.054436 0.007467 1.713193
0.938076 0.000010 0.000007 0.000003 0.000001 0.054436 0.007467 1.713194
0.938078 0.000010 0.000007 0.000003 0.000001 0.054435 0.007467 1.713194
0.938079 0.000010 0.000008 0.000003 0.000001 0.054433 0.007467 1.713196
0.938083 0.000009 0.000008 0.000003 0.000001 0.054429 0.007467 1.713196
0.938088 0.000011 0.000007 0.000002 0.000001 0.054425 0.007467 1.713196
0.938090 0.000009 0.000008 0.000003 0.000001 0.054422 0.007467 1.713198
0.938093 0.000008 0.000008 0.000003 0.000001 0.054420 0.007467 1.713199
0.938096 0.000008 0.000008 0.000004 0.000001 0.054417 0.007467 1.713200
0.938098 0.000008 0.000008 0.000004 0.000001 0.054415 0.007467 1.713201
0.938099 0.000008 0.000007 0.000004 0.000001 0.054413 0.007467 1.713201
0.938103 0.000009 0.000007 0.000004 0.000001 0.054410 0.007467 1.713201
0.938106 0.000008 0.000007 0.000004 0.000001 0.054408 0.007467 1.713202
0.938108 0.000007 0.000007 0.000004 0.000001 0.054407 0.007467 1.713204
0.938111 0.000006 0.000008 0.000003 0.000001 0.054404 0.007467 1.713204
0.938114 0.000006 0.000007 0.000003 0.000001 0.054402 0.007467 1.713205
0.938117 0.000006 0.000006 0.000003 0.000001 0.054401 0.007467 1.713205
0.938120 0.000005 0.000007 0.000003 0.000001 0.054398 0.007467 1.713205
0.938123 0.000004 0.000007 0.000003 0.000001 0.054394 0.007467 1.713206
0.938127 0.000004 0.000007 0.000003 0.000001 0.054391 0.007467 1.713206
0.938128 0.000005 0.000006 0.000003 0.000001 0.054390 0.007467 1.713207
0.938133 0.000005 0.000006 0.000003 0.000001 0.054386 0.007467 1.713207
0.938137 0.000004 0.000006 0.000004 0.000001 0.054383 0.007467 1.713208
0.938138 0.000004 0.000005 0.000003 0.000000 0.054382 0.007468 1.713208
0.938138 0.000005 0.000005 0.000003 0.000000 0.054381 0.007468 1.713208
0.938139 0.000004 0.000006 0.000003 0.000000 0.054381 0.007468 1.713209
0.938142 0.000003 0.000006 0.000003 0.000000 0.054379 0.007468 1.713209
0.938144 0.000004 0.000006 0.000003 0.000000 0.054376 0.007468 1.713209
0.938144 0.000005 0.000005 0.000003 0.000000 0.054375 0.007468 1.713209
0.938146 0.000006 0.000005 0.000003 0.000000 0.054374 0.007468 1.713209
0.938147 0.000005 0.000005 0.000003 0.000000 0.054374 0.007468 1.713210
0.938149 0.000003 0.000005 0.000003 0.000000 0.054374 0.007468 1.713211
0.938152 0.000003 0.000005 0.000002 0.000000 0.054371 0.007468 1.713212
0.938154 0.000003 0.000005 0.000002 0.000000 0.054369 0.007468 1.713212
0.938155 0.000003 0.000005 0.000002 0.000000 0.054368 0.007468 1.713212
0.938158 0.000003 0.000004 0.000002 0.000000 0.054366 0.007468 1.713212
0.938159 0.000003 0.000005 0.000002 0.000000 0.054365 0.007468 1.713213
0.938161 0.000002 0.000005 0.000002 0.000000 0.054363 0.007468 1.713214
0.938163 0.000002 0.000005 0.000002 0.000000 0.054361 0.007468 1.713214
0.938165 0.000001 0.000005 0.000002 0.000000 0.054359 0.007468 1.713214
0.938166 0.000002 0.000005 0.000002 0.000000 0.054358 0.007468 1.713214
0.938168 0.000001 0.000006 0.000002 0.000000 0.054356 0.007468 1.713215
0.938171 0.000001 0.000006 0.000002 0.000000 0.054353 0.007468 1.713215
0.938172 0.000001 0.000005 0.000002 0.000000 0.054353 0.007468 1.713215
0.938172 0.000002 0.000003 0.000002 0.000000 0.054354 0.007468 1.713215
0.938174 0.000002 0.000003 0.000002 0.000000 0.054353 0.007468 1.713215
0.938174 0.000002 0.000003 0.000002 0.000000 0.054352 0.007468 1.713215
0.938175 0.000002 0.000003 0.000002 0.000000 0.054351 0.007468 1.713215
0.938176 0.000002 0.000003 0.000001 0.000000 0.054351 0.007468 1.713215
0.938177 0.000002 0.000003 0.000000 0.000000 0.054351 0.007468 1.713215
0.938178 0.000002 0.000003 0.000000 0.000000 0.054351 0.007468 1.713215
0.938179 0.000002 0.000003 0.000000 0.000000 0.054349 0.007468 1.713215
0.938180 0.000002 0.000002 0.000000 0.000000 0.054349 0.007468 1.713215
0.938180 0.000002 0.000001 0.000000 0.000000 0.054350 0.007468 1.713215
0.938181 0.000001 0.000002 0.000000 0.000000 0.054349 0.007468 1.713216
0.938180 0.000001 0.000001 0.000000 0.000000 0.054350 0.007468 1.713216
0.938181 0.000001 0.000001 0.000000 0.000000 0.054349 0.007468 1.713216
0.938182 0.000001 0.000001 0.000000 0.000000 0.054348 0.007468 1.713216
0.938183 0.000001 0.000001 0.000000 0.000000 0.054347 0.007468 1.713216
0.938184 0.000001 0.000002 0.000000 0.000000 0.054346 0.007468 1.713216
0.938185 0.000001 0.000002 0.000000 0.000000 0.054345 0.007468 1.713216
0.938186 0.000001 0.000002 0.000000 0.000000 0.054344 0.007468 1.713216
0.938187 0.000000 0.000002 0.000000 0.000000 0.054344 0.007468 1.713217
0.938188 0.000000 0.000002 0.000000 0.000000 0.054342 0.007468 1.713217
0.938189 0.000000 0.000002 0.000000 0.000000 0.054342 0.007468 1.713217
0.938190 0.000000 0.000002 0.000000 0.000000 0.054341 0.007468 1.713217
0.938191 0.000000 0.000002 0.000000 0.000000 0.054340 0.007468 1.713217
0.938192 0.000000 0.000002 0.000000 0.000000 0.054339 0.007468 1.713217
0.938193 0.000000 0.000001 0.000000 0.000000 0.054338 0.007468 1.713217
0.938194 0.000000 0.000001 0.000000 0.000000 0.054337 0.007468 1.713217
0.938195 0.000000 0.000001 0.000000 0.000000 0.054336 0.007468 1.713217
0.938196 0.000000 0.000001 0.000000 0.000000 0.054335 0.007468 1.713217
0.938197 0.000000 0.000000 0.000000 0.000000 0.054335 0.007468 1.713217
0.938197 0.000000 0.000000 0.000000 0.000000 0.054335 0.007468 1.713217
0.938198 0.000000 0.000000 0.000000 0.000000 0.054334 0.007468 1.713217
0.938198 0.000000 0.000000 0.000000 0.000000 0.054334 0.007468 1.713217
0.938199 0.000000 0.000000 0.000000 0.000000 0.054333 0.007468 1.713217
0.938199 0.000000 0.000000 0.000000 0.000000 0.054332 0.007468 1.713217
0.938200 0.000000 0.000000 0.000000 0.000000 0.054332 0.007468 1.713217
0.938200 0.000000 0.000000 0.000000 0.000000 0.054332 0.007468 1.713217
0.938201 0.000000 0.000000 0.000000 0.000000 0.054331 0.007468 1.713217
0.938201 0.000000 0.000000 0.000000 0.000000 0.054331 0.007468 1.713217
0.938201 0.000000 0.000000 0.000000 0.000000 0.054331 0.007468 1.713217
0.938202 0.000000 0.000000 0.000000 0.000000 0.054331 0.007468 1.713217
0.938202 0.000000 0.000000 0.000000 0.000000 0.054331 0.007468 1.713217
0.938202 0.000000 0.000000 0.000000 0.000000 0.054331 0.007468 1.713217
0.938202 0.000000 0.000000 0.000000 0.000000 0.054331 0.007468 1.713217
0.938202 0.000000 0.000000 0.000000 0.000000 0.054331 0.007468 1.713217
0.938202 0.000000 0.000000 0.000000 0.000000 0.054331 0.007468 1.713217
0.938202 0.000000 0.000000 0.000000 0.000000 0.054331 0.007468 1.713217
0.938202 0.000000 0.000000 0.000000 0.000000 0.054331 0.007468 1.713217
0.938202 0.000000 0.000000 0.000000 0.000000 0.054331 0.007468 1.713217
0.938202 0.000000 0.000000 0.000000 0.000000 0.054331 0.007468 1.713217
0.938202 0.000000 0.000000 0.000000 0.000000 0.054331 0.007468 1.713217
0.938202 0.000000 0.000000 0.000000 0.000000 0.054331 0.007468 1.713217
0.938202 0.000000 0.000000 0.000000 0.000000 0.054331 0.007468 1.713217
0.938202 0.000000 0.000000 0.000000 0.000000 0.054331 0.007468 1.713217
0.938202 0.000000 0.000000 0.000000 0.000000 0.054331 0.007468 1.713217
0.938202 0.000000 0.000000 0.000000 0.000000 0.054331 0.007468 1.713217
0.938202 0.000000 0.000000 0.000000 0.000000 0.054331 0.007468 1.713217
0.938202 0.000000 0.000000 0.000000 0.000000 0.054331 0.007468 1.713217
0.938202 0.000000 0.000000 0.000000 0.000000 0.054331 0.007468 1.713217
0.938202 0.000000 0.000000 0.000000 0.000000 0.054331 0.007468 1.713217
0.938202 0.000000 0.000000 0.000000 0.000000 0.054331 0.007468 1.713217
0.938202 0.000000 0.000000 0.000000 0.000000 0.054331 0.007468 1.713217
0.938202 0.000000 0.000000 0.000000 0.000000 0.054331 0.007468 1.713217
0.938202 0.000000 0.000000 0.000000 0.000000 0.054331 0.007468 1.713217
0.938202 0.000000 0.000000 0.000000 0.000000 0.054331 0.007468 1.713217
0.938202 0.000000 0.000000 0.000000 0.000000 0.054331 0.007468 1.713217
0.938202 0.000000 0.000000 0.000000 0.000000 0.054331 0.007468 1.713217
0.938202 0.000000 0.000000 0.000000 0.000000 0.054331 0.007468 1.713217
0.938202 0.000000 0.000000 0.000000 0.000000 0.054331 0.007468 1.713217
0.938202 0.000000 0.000000 0.000000 0.000000 0.054331 0.007468 1.713217
0.938202 0.000000 0.000000 0.000000 0.000000 0.054331 0.007468 1.713217
0.938202 0.000000 0.000000 0.000000 0.000000 0.054331 0.007468 1.713217
0.938202 0.000000 0.000000 0.000000 0.000000 0.054331 0.007468 1.713217
0.938202 0.000000 0.000000 0.000000 0.000000 0.054331 0.007468 1.713217
0.938202 0.000000 0.000000 0.000000 0.000000 0.054331 0.007468 1.713217
0.938202 0.000000 0.000000 0.000000 0.000000 0.054331 0.007468 1.713217
0.938202 0.000000 0.000000 0.000000 0.000000 0.054331 0.007468 1.713217
0.938202 0.000000 0.000000 0.000000 0.000000 0.054331 0.007468 1.713217
0.938202 0.000000 0.000000 0.000000 0.000000 0.054331 0.007468 1.713217
0.938202 0.000000 0.000000 0.000000 0.000000 0.054331 0.007468 1.713217
0.938202 0.000000 0.000000 0.000000 0.000000 0.054331 0.007468 1.713217
0.938202 0.000000 0.000000 0.000000 0.000000 0.054331 0.007468 1.713217
0.938202 0.000000 0.000000 0.000000 0.000000 0.054331 0.007468 1.713217
0.938202 0.000000 0.000000 0.000000 0.000000 0.054331 0.007468 1.713217
0.938202 0.000000 0.000000 0.000000 0.000000 0.054331 0.007468 1.713217
0.938202 0.000000 0.000000 0.000000 0.000000 0.054331 0.007468 1.713217
0.938202 0.000000 0.000000 0.000000 0.000000 0.054331 0.007468 1.713217
0.938202 0.000000 0.000000 0.000000 0.000000 0.054331 0.007468 1.713217
0.938202 0.000000 0.000000 0.000000 0.000000 0.054331 0.007468 1.713217
0.938202 0.000000 0.000000 0.000000 0.000000 0.054331 0.007468 1.713217
0.938202 0.000000 0.000000 0.000000 0.000000 0.054331 0.007468 1.713217
0.938202 0.000000 0.000000 0.000000 0.000000 0.054331 0.007468 1.713217
