0.330350 0.063221 0.056801 0.032640 0.002163 0.508570 0.006257 1.660298
0.333271 0.060568 0.056829 0.032418 0.002176 0.508460 0.006279 1.666406
0.337154 0.057354 0.056650 0.032007 0.002168 0.508365 0.006303 1.672169
0.341653 0.053783 0.056389 0.031594 0.002166 0.508081 0.006333 1.677706
0.346337 0.050374 0.055791 0.030889 0.002173 0.508079 0.006358 1.682765
0.351424 0.046884 0.055042 0.030218 0.002169 0.507880 0.006384 1.687503
0.356592 0.043580 0.054194 0.029420 0.002168 0.507633 0.006414 1.691950
0.362110 0.040443 0.053116 0.028654 0.002172 0.507062 0.006442 1.696060
0.367510 0.037509 0.051994 0.027824 0.002172 0.506520 0.006470 1.699862
0.372975 0.034729 0.050881 0.026951 0.002161 0.505804 0.006501 1.703404
0.378656 0.032127 0.049599 0.026032 0.002130 0.504922 0.006534 1.706716
0.384320 0.029736 0.048161 0.025155 0.002113 0.503960 0.006556 1.709759
0.390096 0.027519 0.046758 0.024271 0.002100 0.502674 0.006580 1.712530
0.395933 0.025435 0.045263 0.023319 0.002090 0.501356 0.006603 1.715087
0.401665 0.023533 0.043760 0.022393 0.002059 0.499957 0.006633 1.717504
0.407421 0.021778 0.042291 0.021510 0.002041 0.498302 0.006656 1.719722
0.413278 0.020101 0.040778 0.020640 0.002013 0.496511 0.006680 1.721810
0.419123 0.018622 0.039278 0.019763 0.001983 0.494517 0.006713 1.723698
0.424840 0.017222 0.037805 0.018901 0.001957 0.492544 0.006731 1.725471
0.430671 0.015993 0.036259 0.018048 0.001934 0.490341 0.006754 1.727039
0.436456 0.014847 0.034755 0.017238 0.001902 0.488025 0.006778 1.728526
0.442219 0.013746 0.033337 0.016394 0.001869 0.485628 0.006806 1.729944
0.447962 0.012740 0.031974 0.015653 0.001821 0.483018 0.006833 1.731252
0.453670 0.011854 0.030521 0.014906 0.001788 0.480410 0.006850 1.732435
0.459375 0.010990 0.029181 0.014174 0.001749 0.477656 0.006875 1.733588
0.465013 0.010227 0.027908 0.013498 0.001704 0.474751 0.006900 1.734618
0.470689 0.009497 0.026704 0.012842 0.001675 0.471674 0.006920 1.735578
0.476373 0.008816 0.025520 0.012176 0.001642 0.468535 0.006938 1.736521
0.481981 0.008215 0.024361 0.011554 0.001617 0.465311 0.006960 1.737363
0.487575 0.007615 0.023276 0.010985 0.001573 0.461990 0.006986 1.738163
0.493103 0.007162 0.022147 0.010409 0.001533 0.458640 0.007007 1.738826
0.498520 0.006719 0.021120 0.009860 0.001500 0.455259 0.007023 1.739499
0.503902 0.006300 0.020122 0.009362 0.001466 0.451812 0.007037 1.740115
0.509310 0.005870 0.019155 0.008871 0.001440 0.448299 0.007055 1.740736
0.514608 0.005523 0.018203 0.008430 0.001395 0.444763 0.007077 1.741292
0.520019 0.005206 0.017307 0.008000 0.001361 0.441016 0.007091 1.741798
0.525219 0.004890 0.016503 0.007571 0.001318 0.437387 0.007112 1.742296
0.530466 0.004562 0.015750 0.007183 0.001283 0.433626 0.007130 1.742791
0.535750 0.004313 0.014955 0.006795 0.001249 0.429792 0.007147 1.743218
0.540931 0.004079 0.014213 0.006437 0.001217 0.425955 0.007167 1.743612
0.546181 0.003838 0.013500 0.006102 0.001193 0.422005 0.007181 1.744012
0.551292 0.003624 0.012786 0.005783 0.001162 0.418157 0.007196 1.744370
0.556349 0.003446 0.012151 0.005481 0.001123 0.414235 0.007215 1.744700
0.561311 0.003267 0.011539 0.005180 0.001088 0.410385 0.007230 1.745019
0.566266 0.003101 0.010947 0.004923 0.001057 0.406465 0.007240 1.745309
0.571250 0.002937 0.010392 0.004655 0.001036 0.402480 0.007252 1.745607
0.576203 0.002814 0.009839 0.004408 0.001004 0.398470 0.007264 1.745868
0.581038 0.002640 0.009359 0.004174 0.000980 0.394529 0.007280 1.746161
0.585752 0.002518 0.008887 0.003935 0.000939 0.390671 0.007298 1.746399
0.590589 0.002380 0.008406 0.003724 0.000903 0.386687 0.007313 1.746645
0.595257 0.002257 0.007973 0.003541 0.000877 0.382773 0.007323 1.746874
0.600031 0.002140 0.007569 0.003353 0.000853 0.378720 0.007335 1.747097
0.604741 0.002024 0.007191 0.003195 0.000827 0.374672 0.007349 1.747304
0.609334 0.001938 0.006819 0.003052 0.000805 0.370695 0.007358 1.747488
0.613851 0.001828 0.006500 0.002873 0.000778 0.366799 0.007370 1.747680
0.618341 0.001728 0.006167 0.002714 0.000762 0.362909 0.007378 1.747865
0.622758 0.001633 0.005867 0.002568 0.000738 0.359048 0.007389 1.748050
0.627098 0.001555 0.005561 0.002444 0.000711 0.355230 0.007401 1.748212
0.631499 0.001486 0.005247 0.002323 0.000691 0.351348 0.007409 1.748341
0.635764 0.001392 0.004995 0.002195 0.000677 0.347564 0.007413 1.748499
0.640033 0.001325 0.004747 0.002091 0.000658 0.343721 0.007424 1.748639
0.644227 0.001257 0.004532 0.001974 0.000633 0.339945 0.007433 1.748781
0.648381 0.001197 0.004298 0.001865 0.000611 0.336205 0.007444 1.748900
0.652505 0.001146 0.004099 0.001776 0.000585 0.332438 0.007453 1.749015
0.656585 0.001101 0.003887 0.001673 0.000565 0.328729 0.007460 1.749123
0.660631 0.001051 0.003697 0.001572 0.000548 0.325034 0.007468 1.749230
0.664637 0.000994 0.003531 0.001489 0.000536 0.321341 0.007474 1.749344
0.668566 0.000954 0.003337 0.001431 0.000516 0.317717 0.007480 1.749436
0.672394 0.000918 0.003169 0.001368 0.000493 0.314170 0.007489 1.749528
0.676221 0.000879 0.003018 0.001310 0.000476 0.310603 0.007494 1.749618
0.679964 0.000844 0.002865 0.001250 0.000460 0.307118 0.007499 1.749701
0.683708 0.000798 0.002727 0.001191 0.000443 0.303629 0.007505 1.749789
0.687404 0.000768 0.002590 0.001123 0.000430 0.300177 0.007509 1.749871
0.691046 0.000740 0.002460 0.001063 0.000416 0.296761 0.007514 1.749942
0.694769 0.000729 0.002355 0.001008 0.000403 0.293217 0.007520 1.750003
0.698344 0.000697 0.002251 0.000964 0.000392 0.289828 0.007526 1.750082
0.701972 0.000671 0.002138 0.000916 0.000377 0.286395 0.007532 1.750148
0.705467 0.000640 0.002031 0.000865 0.000369 0.283093 0.007537 1.750218
0.708943 0.000615 0.001946 0.000832 0.000354 0.279768 0.007544 1.750286
0.712442 0.000585 0.001844 0.000800 0.000347 0.276436 0.007547 1.750352
0.715859 0.000562 0.001756 0.000758 0.000338 0.273177 0.007551 1.750405
0.719214 0.000548 0.001688 0.000711 0.000326 0.269957 0.007557 1.750451
0.722517 0.000535 0.001605 0.000677 0.000312 0.266793 0.007562 1.750502
0.725752 0.000521 0.001510 0.000643 0.000299 0.263709 0.007567 1.750550
0.728970 0.000490 0.001454 0.000611 0.000287 0.260618 0.007571 1.750609
0.732125 0.000481 0.001372 0.000582 0.000282 0.257585 0.007575 1.750647
0.735346 0.000458 0.001302 0.000562 0.000271 0.254482 0.007580 1.750698
0.738486 0.000443 0.001250 0.000540 0.000263 0.251435 0.007584 1.750747
0.741593 0.000423 0.001191 0.000516 0.000255 0.248437 0.007587 1.750793
0.744687 0.000403 0.001130 0.000497 0.000246 0.245449 0.007589 1.750837
0.747747 0.000390 0.001074 0.000470 0.000234 0.242492 0.007593 1.750871
0.750743 0.000373 0.001026 0.000443 0.000228 0.239592 0.007596 1.750915
0.753757 0.000354 0.000983 0.000423 0.000219 0.236665 0.007600 1.750954
0.756638 0.000353 0.000926 0.000413 0.000205 0.233861 0.007605 1.750984
0.759536 0.000337 0.000883 0.000392 0.000200 0.231046 0.007607 1.751021
0.762383 0.000327 0.000844 0.000379 0.000196 0.228264 0.007608 1.751054
0.765328 0.000319 0.000810 0.000361 0.000187 0.225384 0.007612 1.751086
0.768054 0.000304 0.000789 0.000345 0.000183 0.222710 0.007616 1.751126
0.770785 0.000288 0.000754 0.000335 0.000174 0.220045 0.007621 1.751159
0.773462 0.000275 0.000715 0.000322 0.000166 0.217438 0.007623 1.751188
0.776130 0.000266 0.000683 0.000308 0.000158 0.214830 0.007625 1.751215
0.778809 0.000262 0.000652 0.000297 0.000153 0.212200 0.007628 1.751240
0.781408 0.000256 0.000620 0.000286 0.000151 0.209651 0.007629 1.751264
0.784003 0.000250 0.000597 0.000266 0.000149 0.207107 0.007630 1.751284
0.786564 0.000247 0.000574 0.000255 0.000145 0.204583 0.007632 1.751310
0.789061 0.000246 0.000547 0.000243 0.000138 0.202130 0.007635 1.751330
0.791575 0.000235 0.000532 0.000234 0.000133 0.199655 0.007637 1.751361
0.794084 0.000230 0.000516 0.000221 0.000128 0.197183 0.007638 1.751385
0.796530 0.000223 0.000505 0.000213 0.000124 0.194765 0.007641 1.751410
0.798914 0.000219 0.000491 0.000201 0.000117 0.192413 0.007645 1.751435
0.801290 0.000208 0.000464 0.000198 0.000114 0.190081 0.007645 1.751460
0.803647 0.000194 0.000444 0.000186 0.000110 0.187774 0.007646 1.751483
0.805960 0.000186 0.000422 0.000178 0.000107 0.185500 0.007647 1.751503
0.808298 0.000180 0.000404 0.000172 0.000104 0.183195 0.007648 1.751523
0.810548 0.000174 0.000392 0.000160 0.000101 0.180977 0.007649 1.751539
0.812780 0.000171 0.000379 0.000156 0.000097 0.178767 0.007650 1.751557
0.814958 0.000166 0.000363 0.000149 0.000097 0.176618 0.007650 1.751574
0.817149 0.000159 0.000350 0.000143 0.000095 0.174452 0.007650 1.751591
0.819269 0.000148 0.000336 0.000136 0.000093 0.172367 0.007652 1.751610
0.821302 0.000143 0.000323 0.000130 0.000091 0.170358 0.007652 1.751623
0.823332 0.000138 0.000313 0.000127 0.000088 0.168350 0.007653 1.751640
0.825389 0.000130 0.000298 0.000120 0.000084 0.166324 0.007655 1.751655
0.827400 0.000129 0.000287 0.000118 0.000082 0.164328 0.007656 1.751671
0.829374 0.000131 0.000268 0.000113 0.000079 0.162379 0.007656 1.751678
0.831315 0.000127 0.000255 0.000107 0.000078 0.160460 0.007657 1.751690
0.833253 0.000126 0.000247 0.000099 0.000074 0.158542 0.007659 1.751700
0.835096 0.000124 0.000237 0.000093 0.000070 0.156719 0.007660 1.751710
0.836928 0.000121 0.000230 0.000089 0.000066 0.154904 0.007661 1.751722
0.838706 0.000115 0.000226 0.000087 0.000064 0.153139 0.007663 1.751736
0.840466 0.000112 0.000218 0.000082 0.000063 0.151394 0.007664 1.751747
0.842202 0.000105 0.000214 0.000082 0.000061 0.149670 0.007665 1.751759
0.843881 0.000098 0.000209 0.000079 0.000060 0.148007 0.007666 1.751772
0.845587 0.000096 0.000200 0.000078 0.000056 0.146317 0.007666 1.751782
0.847254 0.000093 0.000192 0.000074 0.000055 0.144665 0.007667 1.751789
0.848851 0.000092 0.000189 0.000071 0.000053 0.143076 0.007668 1.751800
0.850436 0.000092 0.000181 0.000067 0.000051 0.141504 0.007669 1.751808
0.851930 0.000094 0.000168 0.000064 0.000049 0.140025 0.007670 1.751814
0.853366 0.000091 0.000164 0.000062 0.000048 0.138597 0.007670 1.751824
0.854842 0.000086 0.000155 0.000057 0.000047 0.137140 0.007671 1.751834
0.856210 0.000084 0.000152 0.000055 0.000045 0.135782 0.007672 1.751841
0.857548 0.000084 0.000147 0.000052 0.000043 0.134453 0.007672 1.751847
0.858836 0.000081 0.000148 0.000051 0.000042 0.133169 0.007673 1.751857
0.860085 0.000080 0.000141 0.000048 0.000040 0.131932 0.007674 1.751863
0.861315 0.000076 0.000141 0.000048 0.000040 0.130706 0.007674 1.751874
0.862441 0.000074 0.000138 0.000045 0.000038 0.129590 0.007674 1.751881
0.863592 0.000070 0.000132 0.000045 0.000035 0.128451 0.007675 1.751890
0.864716 0.000067 0.000128 0.000045 0.000033 0.127336 0.007676 1.751897
0.865795 0.000067 0.000121 0.000042 0.000032 0.126267 0.007676 1.751901
0.866811 0.000065 0.000114 0.000042 0.000031 0.125260 0.007677 1.751906
0.867806 0.000063 0.000108 0.000039 0.000029 0.124276 0.007678 1.751911
0.868730 0.000064 0.000105 0.000038 0.000028 0.123356 0.007679 1.751915
0.869643 0.000059 0.000105 0.000038 0.000028 0.122448 0.007679 1.751923
0.870545 0.000058 0.000102 0.000036 0.000026 0.121553 0.007679 1.751925
0.871424 0.000058 0.000100 0.000034 0.000025 0.120678 0.007680 1.751929
0.872259 0.000055 0.000097 0.000033 0.000024 0.119851 0.007681 1.751936
0.873079 0.000051 0.000095 0.000034 0.000022 0.119037 0.007681 1.751941
0.873883 0.000050 0.000090 0.000034 0.000021 0.118239 0.007681 1.751946
0.874679 0.000048 0.000090 0.000034 0.000021 0.117447 0.007681 1.751953
0.875431 0.000048 0.000084 0.000035 0.000021 0.116700 0.007681 1.751959
0.876151 0.000048 0.000082 0.000034 0.000021 0.115983 0.007681 1.751964
0.876829 0.000046 0.000080 0.000036 0.000020 0.115307 0.007681 1.751971
0.877481 0.000047 0.000079 0.000034 0.000019 0.114660 0.007681 1.751973
0.878125 0.000046 0.000078 0.000031 0.000018 0.114020 0.007682 1.751977
0.878783 0.000044 0.000073 0.000031 0.000017 0.113370 0.007682 1.751982
0.879399 0.000046 0.000067 0.000031 0.000017 0.112759 0.007682 1.751983
0.879995 0.000043 0.000068 0.000029 0.000017 0.112165 0.007682 1.751988
0.880564 0.000042 0.000067 0.000028 0.000016 0.111600 0.007682 1.751992
0.881140 0.000037 0.000070 0.000029 0.000015 0.111027 0.007683 1.751999
0.881713 0.000035 0.000070 0.000027 0.000013 0.110458 0.007684 1.752003
0.882235 0.000034 0.000065 0.000027 0.000013 0.109942 0.007684 1.752005
0.882774 0.000036 0.000063 0.000028 0.000013 0.109402 0.007684 1.752009
0.883278 0.000034 0.000061 0.000026 0.000013 0.108904 0.007684 1.752012
0.883734 0.000034 0.000056 0.000024 0.000013 0.108454 0.007684 1.752015
0.884182 0.000035 0.000054 0.000020 0.000012 0.108011 0.007685 1.752018
0.884593 0.000036 0.000051 0.000020 0.000011 0.107603 0.007686 1.752020
0.884995 0.000033 0.000051 0.000019 0.000011 0.107206 0.007686 1.752024
0.885394 0.000034 0.000047 0.000018 0.000011 0.106811 0.007686 1.752027
0.885764 0.000032 0.000046 0.000017 0.000011 0.106445 0.007686 1.752031
0.886131 0.000030 0.000044 0.000016 0.000010 0.106082 0.007687 1.752035
0.886482 0.000029 0.000044 0.000016 0.000010 0.105733 0.007687 1.752038
0.886831 0.000027 0.000043 0.000015 0.000009 0.105389 0.007687 1.752040
0.887138 0.000027 0.000040 0.000014 0.000008 0.105085 0.007688 1.752041
0.887413 0.000027 0.000037 0.000014 0.000008 0.104814 0.007688 1.752043
0.887716 0.000024 0.000038 0.000014 0.000007 0.104512 0.007689 1.752046
0.887987 0.000024 0.000037 0.000014 0.000007 0.104242 0.007689 1.752048
0.888257 0.000022 0.000038 0.000013 0.000007 0.103973 0.007689 1.752051
0.888524 0.000022 0.000037 0.000014 0.000007 0.103708 0.007689 1.752054
0.888775 0.000022 0.000038 0.000013 0.000007 0.103457 0.007689 1.752056
0.889004 0.000025 0.000038 0.000012 0.000007 0.103227 0.007689 1.752058
0.889245 0.000025 0.000034 0.000012 0.000005 0.102991 0.007689 1.752059
0.889449 0.000025 0.000034 0.000012 0.000005 0.102787 0.007689 1.752062
0.889638 0.000021 0.000033 0.000012 0.000005 0.102601 0.007690 1.752066
0.889837 0.000019 0.000033 0.000011 0.000005 0.102405 0.007690 1.752068
0.890020 0.000019 0.000033 0.000011 0.000005 0.102222 0.007690 1.752070
0.890196 0.000017 0.000033 0.000011 0.000005 0.102048 0.007690 1.752072
0.890356 0.000016 0.000034 0.000010 0.000004 0.101890 0.007690 1.752074
0.890528 0.000015 0.000032 0.000010 0.000004 0.101722 0.007690 1.752077
0.890684 0.000014 0.000030 0.000011 0.000004 0.101568 0.007690 1.752079
0.890837 0.000015 0.000029 0.000010 0.000004 0.101416 0.007690 1.752081
0.890984 0.000015 0.000028 0.000011 0.000004 0.101269 0.007690 1.752082
0.891123 0.000015 0.000028 0.000011 0.000004 0.101131 0.007690 1.752084
0.891251 0.000012 0.000030 0.000011 0.000004 0.101003 0.007690 1.752089
0.891385 0.000014 0.000029 0.000010 0.000004 0.100868 0.007690 1.752090
0.891511 0.000013 0.000029 0.000008 0.000004 0.100745 0.007690 1.752091
0.891638 0.000013 0.000029 0.000008 0.000004 0.100619 0.007690 1.752093
0.891751 0.000014 0.000027 0.000007 0.000003 0.100508 0.007691 1.752094
0.891868 0.000013 0.000026 0.000006 0.000003 0.100394 0.007691 1.752095
0.891976 0.000013 0.000024 0.000006 0.000002 0.100288 0.007691 1.752096
0.892084 0.000012 0.000025 0.000007 0.000002 0.100180 0.007691 1.752098
0.892172 0.000011 0.000025 0.000007 0.000002 0.100092 0.007691 1.752099
0.892270 0.000011 0.000025 0.000007 0.000002 0.099994 0.007691 1.752100
0.892362 0.000012 0.000025 0.000007 0.000002 0.099901 0.007691 1.752100
0.892453 0.000010 0.000025 0.000007 0.000002 0.099813 0.007691 1.752102
0.892546 0.000010 0.000025 0.000007 0.000002 0.099720 0.007691 1.752104
0.892651 0.000011 0.000025 0.000008 0.000002 0.099612 0.007691 1.752106
0.892741 0.000012 0.000024 0.000008 0.000002 0.099523 0.007691 1.752106
0.892841 0.000011 0.000023 0.000008 0.000002 0.099424 0.007691 1.752107
0.892926 0.000009 0.000023 0.000008 0.000002 0.099341 0.007691 1.752109
0.893004 0.000009 0.000023 0.000007 0.000002 0.099265 0.007691 1.752110
0.893091 0.000009 0.000022 0.000007 0.000002 0.099179 0.007691 1.752111
0.893169 0.000010 0.000018 0.000007 0.000002 0.099104 0.007691 1.752112
0.893236 0.000010 0.000018 0.000007 0.000002 0.099037 0.007691 1.752112
0.893311 0.000010 0.000017 0.000006 0.000002 0.098962 0.007691 1.752112
0.893376 0.000010 0.000019 0.000006 0.000002 0.098897 0.007691 1.752114
0.893440 0.000010 0.000017 0.000006 0.000002 0.098834 0.007691 1.752114
0.893507 0.000011 0.000016 0.000006 0.000002 0.098769 0.007691 1.752115
0.893566 0.000010 0.000016 0.000007 0.000002 0.098710 0.007691 1.752116
0.893617 0.000010 0.000015 0.000007 0.000002 0.098660 0.007691 1.752117
0.893680 0.000010 0.000016 0.000007 0.000002 0.098596 0.007691 1.752118
0.893731 0.000009 0.000014 0.000006 0.000002 0.098547 0.007691 1.752119
0.893777 0.000008 0.000014 0.000006 0.000002 0.098503 0.007691 1.752120
0.893828 0.000008 0.000014 0.000006 0.000001 0.098453 0.007692 1.752121
0.893876 0.000008 0.000015 0.000006 0.000001 0.098404 0.007692 1.752121
0.893924 0.000007 0.000015 0.000005 0.000001 0.098357 0.007692 1.752122
0.893964 0.000006 0.000015 0.000005 0.000001 0.098318 0.007692 1.752122
0.894007 0.000008 0.000015 0.000005 0.000001 0.098274 0.007692 1.752122
0.894052 0.000010 0.000015 0.000004 0.000001 0.098227 0.007692 1.752123
0.894085 0.000010 0.000014 0.000004 0.000001 0.098195 0.007692 1.752124
0.894123 0.000010 0.000014 0.000003 0.000001 0.098158 0.007692 1.752125
0.894153 0.000010 0.000013 0.000004 0.000001 0.098129 0.007692 1.752126
0.894188 0.000010 0.000014 0.000003 0.000001 0.098093 0.007692 1.752127
0.894225 0.000010 0.000013 0.000003 0.000001 0.098057 0.007692 1.752127
0.894262 0.000010 0.000010 0.000004 0.000001 0.098022 0.007692 1.752128
0.894296 0.000010 0.000009 0.000004 0.000001 0.097988 0.007692 1.752129
0.894323 0.000010 0.000009 0.000005 0.000000 0.097961 0.007692 1.752130
0.894350 0.000011 0.000009 0.000005 0.000000 0.097933 0.007692 1.752131
0.894377 0.000010 0.000008 0.000005 0.000000 0.097908 0.007692 1.752132
0.894405 0.000011 0.000008 0.000003 0.000000 0.097881 0.007692 1.752132
0.894424 0.000010 0.000007 0.000004 0.000000 0.097863 0.007692 1.752133
0.894448 0.000010 0.000007 0.000005 0.000000 0.097839 0.007692 1.752134
0.894468 0.000010 0.000008 0.000005 0.000000 0.097818 0.007692 1.752135
0.894493 0.000010 0.000008 0.000005 0.000001 0.097792 0.007692 1.752136
0.894513 0.000010 0.000008 0.000004 0.000001 0.097773 0.007692 1.752136
0.894535 0.000010 0.000008 0.000004 0.000001 0.097750 0.007692 1.752137
0.894561 0.000010 0.000008 0.000003 0.000001 0.097725 0.007692 1.752137
0.894570 0.000010 0.000008 0.000003 0.000001 0.097716 0.007692 1.752138
0.894586 0.000010 0.000008 0.000003 0.000000 0.097702 0.007692 1.752138
0.894601 0.000009 0.000007 0.000003 0.000000 0.097688 0.007692 1.752139
0.894617 0.000008 0.000007 0.000004 0.000000 0.097672 0.007692 1.752140
0.894634 0.000007 0.000008 0.000004 0.000000 0.097655 0.007692 1.752142
0.894653 0.000006 0.000009 0.000004 0.000000 0.097637 0.007692 1.752143
0.894669 0.000005 0.000010 0.000004 0.000000 0.097620 0.007692 1.752144
0.894683 0.000004 0.000009 0.000003 0.000000 0.097608 0.007692 1.752144
0.894697 0.000005 0.000008 0.000003 0.000000 0.097595 0.007692 1.752144
0.894714 0.000005 0.000008 0.000004 0.000000 0.097578 0.007692 1.752145
0.894728 0.000006 0.000007 0.000004 0.000001 0.097563 0.007692 1.752145
0.894745 0.000006 0.000007 0.000003 0.000001 0.097547 0.007692 1.752145
0.894760 0.000006 0.000008 0.000003 0.000001 0.097531 0.007692 1.752146
0.894774 0.000006 0.000008 0.000003 0.000001 0.097517 0.007692 1.752146
0.894787 0.000005 0.000008 0.000002 0.000001 0.097505 0.007692 1.752147
0.894799 0.000004 0.000008 0.000002 0.000001 0.097496 0.007692 1.752149
0.894808 0.000003 0.000008 0.000002 0.000001 0.097487 0.007692 1.752149
0.894818 0.000004 0.000007 0.000002 0.000001 0.097478 0.007692 1.752149
0.894833 0.000003 0.000007 0.000002 0.000001 0.097463 0.007692 1.752150
0.894841 0.000003 0.000007 0.000001 0.000001 0.097456 0.007692 1.752150
0.894853 0.000002 0.000007 0.000001 0.000001 0.097444 0.007692 1.752150
0.894862 0.000002 0.000006 0.000001 0.000001 0.097436 0.007692 1.752150
0.894876 0.000002 0.000006 0.000000 0.000001 0.097423 0.007692 1.752150
0.894890 0.000003 0.000006 0.000000 0.000001 0.097408 0.007692 1.752150
0.894899 0.000003 0.000006 0.000000 0.000001 0.097398 0.007692 1.752150
0.894911 0.000004 0.000006 0.000000 0.000000 0.097385 0.007692 1.752150
0.894922 0.000003 0.000006 0.000000 0.000000 0.097376 0.007692 1.752151
0.894933 0.000005 0.000006 0.000000 0.000000 0.097364 0.007692 1.752151
0.894943 0.000004 0.000006 0.000000 0.000000 0.097354 0.007692 1.752152
0.894949 0.000003 0.000007 0.000000 0.000000 0.097348 0.007692 1.752153
0.894960 0.000003 0.000007 0.000000 0.000000 0.097338 0.007692 1.752153
0.894966 0.000003 0.000006 0.000000 0.000000 0.097333 0.007692 1.752153
0.894973 0.000003 0.000006 0.000000 0.000000 0.097326 0.007692 1.752153
0.894980 0.000003 0.000005 0.000000 0.000000 0.097320 0.007692 1.752153
0.894985 0.000002 0.000006 0.000000 0.000000 0.097315 0.007692 1.752154
0.894990 0.000003 0.000006 0.000000 0.000000 0.097310 0.007692 1.752154
0.894996 0.000002 0.000006 0.000000 0.000000 0.097303 0.007692 1.752155
0.895003 0.000003 0.000006 0.000000 0.000000 0.097296 0.007692 1.752155
0.895008 0.000003 0.000005 0.000000 0.000000 0.097290 0.007692 1.752155
0.895012 0.000004 0.000005 0.000000 0.000000 0.097286 0.007692 1.752155
0.895016 0.000004 0.000003 0.000000 0.000000 0.097283 0.007692 1.752155
0.895024 0.000003 0.000003 0.000001 0.000000 0.097275 0.007692 1.752155
0.895028 0.000003 0.000004 0.000001 0.000000 0.097271 0.007692 1.752156
0.895031 0.000003 0.000003 0.000001 0.000000 0.097269 0.007692 1.752157
0.895037 0.000003 0.000004 0.000001 0.000000 0.097263 0.007692 1.752157
0.895040 0.000002 0.000004 0.000001 0.000000 0.097260 0.007692 1.752158
0.895045 0.000002 0.000003 0.000001 0.000000 0.097257 0.007692 1.752158
0.895048 0.000002 0.000002 0.000001 0.000000 0.097254 0.007692 1.752158
0.895053 0.000003 0.000002 0.000001 0.000000 0.097249 0.007692 1.752158
0.895058 0.000003 0.000002 0.000000 0.000000 0.097244 0.007692 1.752158
0.895062 0.000003 0.000003 0.000000 0.000000 0.097240 0.007692 1.752158
0.895067 0.000003 0.000003 0.000000 0.000000 0.097235 0.007692 1.752159
0.895069 0.000003 0.000003 0.000000 0.000000 0.097232 0.007692 1.752159
0.895074 0.000003 0.000003 0.000000 0.000000 0.097228 0.007692 1.752159
0.895082 0.000003 0.000002 0.000000 0.000000 0.097220 0.007692 1.752159
0.895085 0.000004 0.000001 0.000000 0.000000 0.097217 0.007692 1.752159
0.895088 0.000003 0.000002 0.000000 0.000000 0.097214 0.007692 1.752160
0.895090 0.000003 0.000002 0.000000 0.000000 0.097211 0.007693 1.752160
0.895093 0.000004 0.000002 0.000000 0.000000 0.097208 0.007693 1.752160
0.895098 0.000004 0.000002 0.000000 0.000000 0.097204 0.007693 1.752160
0.895102 0.000004 0.000002 0.000000 0.000000 0.097199 0.007693 1.752161
0.895103 0.000005 0.000001 0.000000 0.000000 0.097198 0.007693 1.752161
0.895108 0.000004 0.000001 0.000001 0.000000 0.097193 0.007693 1.752161
0.895111 0.000005 0.000002 0.000001 0.000000 0.097189 0.007693 1.752161
0.895112 0.000005 0.000002 0.000000 0.000000 0.097188 0.007693 1.752161
0.895114 0.000005 0.000003 0.000000 0.000000 0.097186 0.007693 1.752162
0.895117 0.000003 0.000003 0.000000 0.000000 0.097184 0.007693 1.752163
0.895119 0.000003 0.000003 0.000000 0.000000 0.097182 0.007693 1.752163
0.895122 0.000003 0.000003 0.000000 0.000000 0.097180 0.007693 1.752163
0.895125 0.000003 0.000001 0.000000 0.000000 0.097178 0.007693 1.752163
0.895126 0.000003 0.000002 0.000000 0.000000 0.097177 0.007693 1.752164
0.895127 0.000003 0.000002 0.000000 0.000000 0.097176 0.007693 1.752164
0.895129 0.000002 0.000002 0.000000 0.000000 0.097174 0.007693 1.752165
0.895132 0.000001 0.000001 0.000000 0.000000 0.097172 0.007693 1.752165
0.895135 0.000001 0.000001 0.000001 0.000000 0.097169 0.007693 1.752165
0.895138 0.000001 0.000001 0.000001 0.000000 0.097166 0.007693 1.752165
0.895138 0.000000 0.000002 0.000001 0.000000 0.097166 0.007693 1.752166
0.895139 0.000000 0.000002 0.000001 0.000000 0.097165 0.007693 1.752166
0.895140 0.000000 0.000002 0.000001 0.000000 0.097164 0.007693 1.752166
0.895141 0.000000 0.000002 0.000001 0.000000 0.097163 0.007693 1.752166
0.895141 0.000001 0.000002 0.000001 0.000000 0.097162 0.007693 1.752166
0.895142 0.000001 0.000002 0.000000 0.000000 0.097162 0.007693 1.752166
0.895144 0.000002 0.000002 0.000000 0.000000 0.097159 0.007693 1.752166
0.895146 0.000002 0.000002 0.000000 0.000000 0.097157 0.007693 1.752166
0.895148 0.000001 0.000002 0.000001 0.000000 0.097156 0.007693 1.752166
0.895149 0.000001 0.000001 0.000001 0.000000 0.097155 0.007693 1.752167
0.895150 0.000001 0.000001 0.000001 0.000000 0.097154 0.007693 1.752167
0.895151 0.000001 0.000001 0.000001 0.000000 0.097153 0.007693 1.752167
0.895153 0.000001 0.000001 0.000001 0.000000 0.097151 0.007693 1.752167
0.895155 0.000001 0.000001 0.000001 0.000000 0.097150 0.007693 1.752167
0.895156 0.000001 0.000001 0.000001 0.000000 0.097149 0.007693 1.752167
0.895156 0.000002 0.000001 0.000001 0.000000 0.097148 0.007693 1.752167
0.895157 0.000002 0.000001 0.000000 0.000000 0.097147 0.007693 1.752167
0.895158 0.000002 0.000001 0.000000 0.000000 0.097146 0.007693 1.752167
0.895160 0.000002 0.000001 0.000000 0.000000 0.097144 0.007693 1.752167
0.895160 0.000002 0.000001 0.000001 0.000000 0.097143 0.007693 1.752167
0.895163 0.000002 0.000001 0.000001 0.000000 0.097141 0.007693 1.752167
0.895164 0.000002 0.000001 0.000001 0.000000 0.097140 0.007693 1.752167
0.895166 0.000002 0.000001 0.000001 0.000000 0.097137 0.007693 1.752167
0.895169 0.000002 0.000001 0.000001 0.000000 0.097135 0.007693 1.752168
0.895171 0.000002 0.000001 0.000001 0.000000 0.097133 0.007693 1.752168
0.895172 0.000002 0.000002 0.000001 0.000000 0.097132 0.007693 1.752169
0.895173 0.000002 0.000002 0.000001 0.000000 0.097131 0.007693 1.752169
0.895174 0.000002 0.000002 0.000000 0.000000 0.097130 0.007693 1.752169
0.895175 0.000002 0.000001 0.000001 0.000000 0.097129 0.007693 1.752169
0.895177 0.000002 0.000001 0.000001 0.000000 0.097127 0.007693 1.752169
0.895179 0.000002 0.000001 0.000001 0.000000 0.097125 0.007693 1.752169
0.895180 0.000002 0.000001 0.000001 0.000000 0.097124 0.007693 1.752169
0.895181 0.000002 0.000001 0.000001 0.000000 0.097123 0.007693 1.752169
0.895184 0.000002 0.000001 0.000001 0.000000 0.097120 0.007693 1.752169
0.895187 0.000002 0.000001 0.000000 0.000000 0.097118 0.007693 1.752169
0.895189 0.000002 0.000001 0.000000 0.000000 0.097116 0.007693 1.752169
0.895190 0.000002 0.000001 0.000000 0.000000 0.097115 0.007693 1.752169
0.895190 0.000002 0.000001 0.000000 0.000000 0.097114 0.007693 1.752169
0.895191 0.000002 0.000001 0.000000 0.000000 0.097113 0.007693 1.752169
0.895191 0.000002 0.000001 0.000000 0.000000 0.097113 0.007693 1.752169
0.895192 0.000002 0.000001 0.000000 0.000000 0.097112 0.007693 1.752169
0.895193 0.000001 0.000002 0.000000 0.000000 0.097112 0.007693 1.752169
0.895194 0.000001 0.000002 0.000000 0.000000 0.097111 0.007693 1.752169
0.895195 0.000001 0.000002 0.000000 0.000000 0.097110 0.007693 1.752170
0.895195 0.000001 0.000002 0.000000 0.000000 0.097110 0.007693 1.752170
0.895196 0.000001 0.000002 0.000000 0.000000 0.097109 0.007693 1.752170
0.895197 0.000001 0.000002 0.000000 0.000000 0.097108 0.007693 1.752170
0.895198 0.000001 0.000002 0.000000 0.000000 0.097107 0.007693 1.752170
0.895200 0.000001 0.000002 0.000000 0.000000 0.097105 0.007693 1.752170
0.895203 0.000001 0.000002 0.000000 0.000000 0.097102 0.007693 1.752170
0.895204 0.000000 0.000002 0.000000 0.000000 0.097101 0.007693 1.752171
0.895205 0.000000 0.000002 0.000000 0.000000 0.097100 0.007693 1.752171
0.895207 0.000000 0.000002 0.000000 0.000000 0.097098 0.007693 1.752171
0.895209 0.000000 0.000002 0.000000 0.000000 0.097097 0.007693 1.752171
0.895209 0.000000 0.000001 0.000000 0.000000 0.097097 0.007693 1.752171
0.895211 0.000000 0.000001 0.000000 0.000000 0.097095 0.007693 1.752171
0.895212 0.000000 0.000001 0.000000 0.000000 0.097095 0.007693 1.752171
0.895213 0.000000 0.000001 0.000000 0.000000 0.097094 0.007693 1.752171
0.895214 0.000000 0.000001 0.000000 0.000000 0.097092 0.007693 1.752171
0.895215 0.000000 0.000001 0.000000 0.000000 0.097091 0.007693 1.752171
0.895216 0.000000 0.000000 0.000000 0.000000 0.097091 0.007693 1.752171
0.895216 0.000000 0.000000 0.000000 0.000000 0.097091 0.007693 1.752171
0.895217 0.000000 0.000000 0.000000 0.000000 0.097090 0.007693 1.752171
0.895217 0.000000 0.000000 0.000000 0.000000 0.097090 0.007693 1.752171
0.895218 0.000000 0.000000 0.000000 0.000000 0.097089 0.007693 1.752171
0.895218 0.000000 0.000000 0.000000 0.000000 0.097089 0.007693 1.752171
0.895219 0.000000 0.000000 0.000000 0.000000 0.097088 0.007693 1.752171
0.895219 0.000000 0.000000 0.000000 0.000000 0.097088 0.007693 1.752171
0.895220 0.000000 0.000000 0.000000 0.000000 0.097087 0.007693 1.752171
0.895220 0.000000 0.000000 0.000000 0.000000 0.097087 0.007693 1.752171
0.895220 0.000000 0.000000 0.000000 0.000000 0.097087 0.007693 1.752171
0.895220 0.000000 0.000000 0.000000 0.000000 0.097087 0.007693 1.752171
0.895220 0.000000 0.000000 0.000000 0.000000 0.097087 0.007693 1.752171
0.895220 0.000000 0.000000 0.000000 0.000000 0.097087 0.007693 1.752171
0.895220 0.000000 0.000000 0.000000 0.000000 0.097087 0.007693 1.752171
0.895220 0.000000 0.000000 0.000000 0.000000 0.097087 0.007693 1.752171
0.895220 0.000000 0.000000 0.000000 0.000000 0.097087 0.007693 1.752171
0.895220 0.000000 0.000000 0.000000 0.000000 0.097087 0.007693 1.752171
0.895220 0.000000 0.000000 0.000000 0.000000 0.097087 0.007693 1.752171
0.895220 0.000000 0.000000 0.000000 0.000000 0.097087 0.007693 1.752171
0.895220 0.000000 0.000000 0.000000 0.000000 0.097087 0.007693 1.752171
0.895220 0.000000 0.000000 0.000000 0.000000 0.097087 0.007693 1.752171
0.895220 0.000000 0.000000 0.000000 0.000000 0.097087 0.007693 1.752171
0.895220 0.000000 0.000000 0.000000 0.000000 0.097087 0.007693 1.752171
0.895220 0.000000 0.000000 0.000000 0.000000 0.097087 0.007693 1.752171
0.895220 0.000000 0.000000 0.000000 0.000000 0.097087 0.007693 1.752171
0.895220 0.000000 0.000000 0.000000 0.000000 0.097087 0.007693 1.752171
0.895220 0.000000 0.000000 0.000000 0.000000 0.097087 0.007693 1.752171
0.895220 0.000000 0.000000 0.000000 0.000000 0.097087 0.007693 1.752171
0.895220 0.000000 0.000000 0.000000 0.000000 0.097087 0.007693 1.752171
0.895220 0.000000 0.000000 0.000000 0.000000 0.097087 0.007693 1.752171
0.895220 0.000000 0.000000 0.000000 0.000000 0.097087 0.007693 1.752171
0.895220 0.000000 0.000000 0.000000 0.000000 0.097087 0.007693 1.752171
0.895220 0.000000 0.000000 0.000000 0.000000 0.097087 0.007693 1.752171
0.895220 0.000000 0.000000 0.000000 0.000000 0.097087 0.007693 1.752171
0.895220 0.000000 0.000000 0.000000 0.000000 0.097087 0.007693 1.752171
0.895220 0.000000 0.000000 0.000000 0.000000 0.097087 0.007693 1.752171
0.895220 0.000000 0.000000 0.000000 0.000000 0.097087 0.007693 1.752171
0.895220 0.000000 0.000000 0.000000 0.000000 0.097087 0.007693 1.752171
0.895220 0.000000 0.000000 0.000000 0.000000 0.097087 0.007693 1.752171
0.895220 0.000000 0.000000 0.000000 0.000000 0.097087 0.007693 1.752171
0.895220 0.000000 0.000000 0.000000 0.000000 0.097087 0.007693 1.752171
0.895220 0.000000 0.000000 0.000000 0.000000 0.097087 0.007693 1.752171
0.895220 0.000000 0.000000 0.000000 0.000000 0.097087 0.007693 1.752171
0.895220 0.000000 0.000000 0.000000 0.000000 0.097087 0.007693 1.752171
0.895220 0.000000 0.000000 0.000000 0.000000 0.097087 0.007693 1.752171
0.895220 0.000000 0.000000 0.000000 0.000000 0.097087 0.007693 1.752171
0.895220 0.000000 0.000000 0.000000 0.000000 0.097087 0.007693 1.752171
0.895220 0.000000 0.000000 0.000000 0.000000 0.097087 0.007693 1.752171
0.895220 0.000000 0.000000 0.000000 0.000000 0.097087 0.007693 1.752171
0.895220 0.000000 0.000000 0.000000 0.000000 0.097087 0.007693 1.752171
0.895220 0.000000 0.000000 0.000000 0.000000 0.097087 0.007693 1.752171
0.895220 0.000000 0.000000 0.000000 0.000000 0.097087 0.007693 1.752171
0.895220 0.000000 0.000000 0.000000 0.000000 0.097087 0.007693 1.752171
0.895220 0.000000 0.000000 0.000000 0.000000 0.097087 0.007693 1.752171
0.895220 0.000000 0.000000 0.000000 0.000000 0.097087 0.007693 1.752171
0.895220 0.000000 0.000000 0.000000 0.000000 0.097087 0.007693 1.752171
0.895220 0.000000 0.000000 0.000000 0.000000 0.097087 0.007693 1.752171
0.895220 0.000000 0.000000 0.000000 0.000000 0.097087 0.007693 1.752171
0.895220 0.000000 0.000000 0.000000 0.000000 0.097087 0.007693 1.752171
0.895220 0.000000 0.000000 0.000000 0.000000 0.097087 0.007693 1.752171
0.895220 0.000000 0.000000 0.000000 0.000000 0.097087 0.007693 1.752171
0.895220 0.000000 0.000000 0.000000 0.000000 0.097087 0.007693 1.752171
0.895220 0.000000 0.000000 0.000000 0.000000 0.097087 0.007693 1.752171
0.895220 0.000000 0.000000 0.000000 0.000000 0.097087 0.007693 1.752171
0.895220 0.000000 0.000000 0.000000 0.000000 0.097087 0.007693 1.752171
0.895220 0.000000 0.000000 0.000000 0.000000 0.097087 0.007693 1.752171
0.895220 0.000000 0.000000 0.000000 0.000000 0.097087 0.007693 1.752171
0.895220 0.000000 0.000000 0.000000 0.000000 0.097087 0.007693 1.752171
0.895220 0.000000 0.000000 0.000000 0.000000 0.097087 0.007693 1.752171
0.895220 0.000000 0.000000 0.000000 0.000000 0.097087 0.007693 1.752171
0.895220 0.000000 0.000000 0.000000 0.000000 0.097087 0.007693 1.752171
0.895220 0.000000 0.000000 0.000000 0.000000 0.097087 0.007693 1.752171
0.895220 0.000000 0.000000 0.000000 0.000000 0.097087 0.007693 1.752171
0.895220 0.000000 0.000000 0.000000 0.000000 0.097087 0.007693 1.752171
0.895220 0.000000 0.000000 0.000000 0.000000 0.097087 0.007693 1.752171
0.895220 0.000000 0.000000 0.000000 0.000000 0.097087 0.007693 1.752171
0.895220 0.000000 0.000000 0.000000 0.000000 0.097087 0.007693 1.752171
0.895220 0.000000 0.000000 0.000000 0.000000 0.097087 0.007693 1.752171
0.895220 0.000000 0.000000 0.000000 0.000000 0.097087 0.007693 1.752171
0.895220 0.000000 0.000000 0.000000 0.000000 0.097087 0.007693 1.752171
0.895220 0.000000 0.000000 0.000000 0.000000 0.097087 0.007693 1.752171
0.895220 0.000000 0.000000 0.000000 0.000000 0.097087 0.007693 1.752171
0.895220 0.000000 0.000000 0.000000 0.000000 0.097087 0.007693 1.752171
0.895220 0.000000 0.000000 0.000000 0.000000 0.097087 0.007693 1.752171
0.895220 0.000000 0.000000 0.000000 0.000000 0.097087 0.007693 1.752171
0.895220 0.000000 0.000000 0.000000 0.000000 0.097087 0.007693 1.752171
0.895220 0.000000 0.000000 0.000000 0.000000 0.097087 0.007693 1.752171
0.895220 0.000000 0.000000 0.000000 0.000000 0.097087 0.007693 1.752171
0.895220 0.000000 0.000000 0.000000 0.000000 0.097087 0.007693 1.752171
0.895220 0.000000 0.000000 0.000000 0.000000 0.097087 0.007693 1.752171
0.895220 0.000000 0.000000 0.000000 0.000000 0.097087 0.007693 1.752171
0.895220 0.000000 0.000000 0.000000 0.000000 0.097087 0.007693 1.752171
0.895220 0.000000 0.000000 0.000000 0.000000 0.097087 0.007693 1.752171
0.895220 0.000000 0.000000 0.000000 0.000000 0.097087 0.007693 1.752171
0.895220 0.000000 0.000000 0.000000 0.000000 0.097087 0.007693 1.752171
0.895220 0.000000 0.000000 0.000000 0.000000 0.097087 0.007693 1.752171
0.895220 0.000000 0.000000 0.000000 0.000000 0.097087 0.007693 1.752171
0.895220 0.000000 0.000000 0.000000 0.000000 0.097087 0.007693 1.752171
0.895220 0.000000 0.000000 0.000000 0.000000 0.097087 0.007693 1.752171
0.895220 0.000000 0.000000 0.000000 0.000000 0.097087 0.007693 1.752171
0.895220 0.000000 0.000000 0.000000 0.000000 0.097087 0.007693 1.752171
0.895220 0.000000 0.000000 0.000000 0.000000 0.097087 0.007693 1.752171
0.895220 0.000000 0.000000 0.000000 0.000000 0.097087 0.007693 1.752171
0.895220 0.000000 0.000000 0.000000 0.000000 0.097087 0.007693 1.752171
0.895220 0.000000 0.000000 0.000000 0.000000 0.097087 0.007693 1.752171
0.895220 0.000000 0.000000 0.000000 0.000000 0.097087 0.007693 1.752171
0.895220 0.000000 0.000000 0.000000 0.000000 0.097087 0.007693 1.752171
0.895220 0.000000 0.000000 0.000000 0.000000 0.097087 0.007693 1.752171
0.895220 0.000000 0.000000 0.000000 0.000000 0.097087 0.007693 1.752171
0.895220 0.000000 0.000000 0.000000 0.000000 0.097087 0.007693 1.752171
0.895220 0.000000 0.000000 0.000000 0.000000 0.097087 0.007693 1.752171
0.895220 0.000000 0.000000 0.000000 0.000000 0.097087 0.007693 1.752171
0.895220 0.000000 0.000000 0.000000 0.000000 0.097087 0.007693 1.752171
0.895220 0.000000 0.000000 0.000000 0.000000 0.097087 0.007693 1.752171
0.895220 0.000000 0.000000 0.000000 0.000000 0.097087 0.007693 1.752171
0.895220 0.000000 0.000000 0.000000 0.000000 0.097087 0.007693 1.752171
0.895220 0.000000 0.000000 0.000000 0.000000 0.097087 0.007693 1.752171
0.895220 0.000000 0.000000 0.000000 0.000000 0.097087 0.007693 1.752171
0.895220 0.000000 0.000000 0.000000 0.000000 0.097087 0.007693 1.752171
0.895220 0.000000 0.000000 0.000000 0.000000 0.097087 0.007693 1.752171
0.895220 0.000000 0.000000 0.000000 0.000000 0.097087 0.007693 1.752171
0.895220 0.000000 0.000000 0.000000 0.000000 0.097087 0.007693 1.752171
0.895220 0.000000 0.000000 0.000000 0.000000 0.097087 0.007693 1.752171
0.895220 0.000000 0.000000 0.000000 0.000000 0.097087 0.007693 1.752171
0.895220 0.000000 0.000000 0.000000 0.000000 0.097087 0.007693 1.752171
0.895220 0.000000 0.000000 0.000000 0.000000 0.097087 0.007693 1.752171
0.895220 0.000000 0.000000 0.000000 0.000000 0.097087 0.007693 1.752171
0.895220 0.000000 0.000000 0.000000 0.000000 0.097087 0.007693 1.752171
0.895220 0.000000 0.000000 0.000000 0.000000 0.097087 0.007693 1.752171
0.895220 0.000000 0.000000 0.000000 0.000000 0.097087 0.007693 1.752171
0.895220 0.000000 0.000000 0.000000 0.000000 0.097087 0.007693 1.752171
0.895220 0.000000 0.000000 0.000000 0.000000 0.097087 0.007693 1.752171
0.895220 0.000000 0.000000 0.000000 0.000000 0.097087 0.007693 1.752171
0.895220 0.000000 0.000000 0.000000 0.000000 0.097087 0.007693 1.752171
0.895220 0.000000 0.000000 0.000000 0.000000 0.097087 0.007693 1.752171
0.895220 0.000000 0.000000 0.000000 0.000000 0.097087 0.007693 1.752171
0.895220 0.000000 0.000000 0.000000 0.000000 0.097087 0.007693 1.752171
0.895220 0.000000 0.000000 0.000000 0.000000 0.097087 0.007693 1.752171
0.895220 0.000000 0.000000 0.000000 0.000000 0.097087 0.007693 1.752171
0.895220 0.000000 0.000000 0.000000 0.000000 0.097087 0.007693 1.752171
0.895220 0.000000 0.000000 0.000000 0.000000 0.097087 0.007693 1.752171
0.895220 0.000000 0.000000 0.000000 0.000000 0.097087 0.007693 1.752171
0.895220 0.000000 0.000000 0.000000 0.000000 0.097087 0.007693 1.752171
0.895220 0.000000 0.000000 0.000000 0.000000 0.097087 0.007693 1.752171
0.895220 0.000000 0.000000 0.000000 0.000000 0.097087 0.007693 1.752171
0.895220 0.000000 0.000000 0.000000 0.000000 0.097087 0.007693 1.752171
0.895220 0.000000 0.000000 0.000000 0.000000 0.097087 0.007693 1.752171
0.895220 0.000000 0.000000 0.000000 0.000000 0.097087 0.007693 1.752171
0.895220 0.000000 0.000000 0.000000 0.000000 0.097087 0.007693 1.752171
0.895220 0.000000 0.000000 0.000000 0.000000 0.097087 0.007693 1.752171
0.895220 0.000000 0.000000 0.000000 0.000000 0.097087 0.007693 1.752171
0.895220 0.000000 0.000000 0.000000 0.000000 0.097087 0.007693 1.752171
0.895220 0.000000 0.000000 0.000000 0.000000 0.097087 0.007693 1.752171
0.895220 0.000000 0.000000 0.000000 0.000000 0.097087 0.007693 1.752171
0.895220 0.000000 0.000000 0.000000 0.000000 0.097087 0.007693 1.752171
0.895220 0.000000 0.000000 0.000000 0.000000 0.097087 0.007693 1.752171
0.895220 0.000000 0.000000 0.000000 0.000000 0.097087 0.007693 1.752171
0.895220 0.000000 0.000000 0.000000 0.000000 0.097087 0.007693 1.752171
0.895220 0.000000 0.000000 0.000000 0.000000 0.097087 0.007693 1.752171
0.895220 0.000000 0.000000 0.000000 0.000000 0.097087 0.007693 1.752171
0.895220 0.000000 0.000000 0.000000 0.000000 0.097087 0.007693 1.752171
0.895220 0.000000 0.000000 0.000000 0.000000 0.097087 0.007693 1.752171
0.895220 0.000000 0.000000 0.000000 0.000000 0.097087 0.007693 1.752171
