0.338931 0.063174 0.056154 0.032535 0.002173 0.500825 0.006210 1.645964
0.340995 0.061262 0.056148 0.032412 0.002159 0.500785 0.006240 1.652054
0.343623 0.059062 0.055885 0.032236 0.002171 0.500759 0.006265 1.657939
0.346583 0.056724 0.055579 0.031986 0.002150 0.500687 0.006292 1.663541
0.349901 0.054256 0.055073 0.031664 0.002159 0.500633 0.006314 1.668980
0.353307 0.051902 0.054519 0.031234 0.002167 0.500531 0.006339 1.674166
0.356839 0.049520 0.053834 0.030812 0.002172 0.500463 0.006361 1.679209
0.360684 0.047347 0.052922 0.030298 0.002161 0.500202 0.006387 1.683859
0.364510 0.045140 0.052130 0.029778 0.002146 0.499877 0.006419 1.688422
0.368508 0.043011 0.051182 0.029223 0.002152 0.499484 0.006439 1.692817
0.372648 0.041035 0.050128 0.028638 0.002148 0.498939 0.006464 1.696920
0.376836 0.039251 0.049127 0.027992 0.002149 0.498152 0.006493 1.700801
0.381045 0.037532 0.048099 0.027368 0.002158 0.497280 0.006518 1.704563
0.385361 0.035891 0.047065 0.026715 0.002140 0.496283 0.006546 1.708167
0.389758 0.034309 0.045996 0.026016 0.002127 0.495225 0.006569 1.711597
0.394136 0.032888 0.044847 0.025294 0.002096 0.494140 0.006599 1.714814
0.398571 0.031443 0.043813 0.024588 0.002080 0.492877 0.006629 1.717994
0.403013 0.030096 0.042661 0.023952 0.002059 0.491560 0.006660 1.721055
0.407453 0.028838 0.041566 0.023254 0.002040 0.490164 0.006685 1.723940
0.411910 0.027704 0.040381 0.022580 0.002026 0.488687 0.006713 1.726688
0.416459 0.026508 0.039361 0.021917 0.002003 0.487016 0.006739 1.729391
0.421168 0.025459 0.038176 0.021250 0.001988 0.485196 0.006763 1.731890
0.425848 0.024411 0.037074 0.020636 0.001962 0.483281 0.006788 1.734339
0.430452 0.023479 0.036013 0.019990 0.001952 0.481307 0.006806 1.736684
0.434926 0.022607 0.034944 0.019388 0.001918 0.479380 0.006837 1.738958
0.439580 0.021661 0.033933 0.018784 0.001896 0.477283 0.006862 1.741191
0.444299 0.020839 0.032907 0.018204 0.001881 0.474986 0.006884 1.743298
0.448920 0.020051 0.031902 0.017626 0.001854 0.472747 0.006901 1.745328
0.453580 0.019317 0.030905 0.017074 0.001828 0.470363 0.006932 1.747252
0.458301 0.018618 0.029949 0.016522 0.001798 0.467852 0.006959 1.749124
0.462975 0.017967 0.029093 0.016037 0.001774 0.465169 0.006984 1.750932
0.467707 0.017356 0.028157 0.015527 0.001744 0.462496 0.007012 1.752687
0.472359 0.016750 0.027364 0.015020 0.001713 0.459761 0.007034 1.754414
0.476991 0.016222 0.026434 0.014484 0.001685 0.457131 0.007053 1.756011
0.481709 0.015651 0.025583 0.014015 0.001651 0.454310 0.007082 1.757630
0.486393 0.015157 0.024813 0.013566 0.001619 0.451347 0.007106 1.759170
0.490983 0.014675 0.024097 0.013126 0.001599 0.448394 0.007125 1.760652
0.495521 0.014247 0.023271 0.012735 0.001570 0.445514 0.007142 1.762062
0.500108 0.013830 0.022511 0.012308 0.001540 0.442534 0.007168 1.763443
0.504612 0.013445 0.021787 0.011895 0.001496 0.439575 0.007191 1.764765
0.509147 0.013059 0.021156 0.011542 0.001474 0.436414 0.007208 1.766085
0.513728 0.012664 0.020522 0.011224 0.001453 0.433182 0.007228 1.767362
0.518347 0.012330 0.019908 0.010840 0.001429 0.429901 0.007244 1.768570
0.522798 0.012050 0.019225 0.010457 0.001395 0.426808 0.007267 1.769727
0.527280 0.011718 0.018659 0.010142 0.001368 0.423545 0.007288 1.770942
0.531709 0.011387 0.018131 0.009822 0.001341 0.420306 0.007305 1.772101
0.536108 0.011152 0.017554 0.009493 0.001327 0.417048 0.007318 1.773190
0.540529 0.010862 0.017005 0.009216 0.001298 0.413754 0.007336 1.774276
0.544931 0.010630 0.016483 0.008944 0.001278 0.410387 0.007347 1.775310
0.549222 0.010375 0.015985 0.008673 0.001261 0.407117 0.007366 1.776344
0.553518 0.010128 0.015501 0.008451 0.001234 0.403785 0.007383 1.777366
0.557858 0.009873 0.015068 0.008181 0.001210 0.400411 0.007400 1.778349
0.562077 0.009658 0.014620 0.007939 0.001190 0.397105 0.007412 1.779300
0.566345 0.009448 0.014159 0.007695 0.001167 0.393765 0.007423 1.780197
0.570570 0.009230 0.013719 0.007463 0.001144 0.390435 0.007439 1.781097
0.574814 0.009043 0.013264 0.007274 0.001122 0.387029 0.007454 1.781972
0.578961 0.008836 0.012916 0.007030 0.001106 0.383681 0.007470 1.782844
0.582983 0.008681 0.012621 0.006819 0.001084 0.380325 0.007486 1.783713
0.587148 0.008497 0.012250 0.006660 0.001069 0.376879 0.007499 1.784550
0.591203 0.008352 0.011927 0.006457 0.001044 0.373507 0.007512 1.785345
0.595114 0.008178 0.011619 0.006321 0.001016 0.370224 0.007529 1.786193
0.598998 0.007984 0.011367 0.006155 0.000998 0.366960 0.007540 1.787023
0.602867 0.007854 0.011046 0.005992 0.000970 0.363712 0.007559 1.787779
0.606807 0.007666 0.010839 0.005821 0.000951 0.360342 0.007574 1.788574
0.610597 0.007535 0.010566 0.005682 0.000931 0.357107 0.007582 1.789345
0.614381 0.007451 0.010299 0.005549 0.000902 0.353823 0.007596 1.790066
0.618156 0.007352 0.010082 0.005376 0.000879 0.350546 0.007609 1.790794
0.621908 0.007187 0.009889 0.005232 0.000870 0.347294 0.007620 1.791530
0.625659 0.007099 0.009598 0.005094 0.000843 0.344074 0.007633 1.792224
0.629375 0.007015 0.009339 0.004973 0.000820 0.340833 0.007645 1.792899
0.633035 0.006949 0.009151 0.004839 0.000788 0.337583 0.007657 1.793574
0.636704 0.006863 0.008925 0.004691 0.000768 0.334379 0.007671 1.794246
0.640418 0.006762 0.008738 0.004597 0.000750 0.331053 0.007681 1.794905
0.643972 0.006657 0.008554 0.004514 0.000731 0.327883 0.007690 1.795563
0.647511 0.006591 0.008347 0.004429 0.000726 0.324699 0.007698 1.796215
0.651102 0.006493 0.008187 0.004329 0.000714 0.321468 0.007708 1.796857
0.654616 0.006392 0.008035 0.004250 0.000699 0.318293 0.007716 1.797508
0.657964 0.006354 0.007867 0.004134 0.000680 0.315275 0.007726 1.798093
0.661397 0.006253 0.007718 0.004038 0.000659 0.312200 0.007736 1.798710
0.664792 0.006184 0.007580 0.003943 0.000649 0.309110 0.007744 1.799308
0.668008 0.006156 0.007428 0.003862 0.000637 0.306161 0.007748 1.799897
0.671256 0.006100 0.007298 0.003776 0.000625 0.303188 0.007758 1.800489
0.674549 0.006030 0.007163 0.003699 0.000614 0.300178 0.007767 1.801091
0.677750 0.005993 0.007031 0.003631 0.000595 0.297223 0.007776 1.801664
0.680949 0.005965 0.006915 0.003553 0.000584 0.294251 0.007783 1.802234
0.684104 0.005884 0.006841 0.003528 0.000575 0.291277 0.007791 1.802846
0.687164 0.005809 0.006745 0.003476 0.000567 0.288441 0.007796 1.803437
0.690156 0.005790 0.006664 0.003425 0.000556 0.285606 0.007804 1.803995
0.693214 0.005745 0.006581 0.003382 0.000547 0.282724 0.007808 1.804573
0.696246 0.005661 0.006470 0.003335 0.000535 0.279935 0.007818 1.805138
0.699209 0.005641 0.006356 0.003304 0.000526 0.277139 0.007824 1.805691
0.702053 0.005601 0.006284 0.003269 0.000515 0.274447 0.007831 1.806246
0.704935 0.005589 0.006211 0.003223 0.000513 0.271690 0.007838 1.806789
0.707862 0.005531 0.006118 0.003184 0.000502 0.268957 0.007846 1.807334
0.710795 0.005498 0.006013 0.003131 0.000496 0.266215 0.007853 1.807862
0.713668 0.005468 0.005910 0.003112 0.000484 0.263500 0.007859 1.808396
0.716399 0.005425 0.005817 0.003073 0.000473 0.260947 0.007867 1.808927
0.719146 0.005371 0.005780 0.003027 0.000458 0.258344 0.007875 1.809473
0.721826 0.005346 0.005713 0.002992 0.000449 0.255793 0.007881 1.810007
0.724543 0.005269 0.005641 0.002973 0.000437 0.253249 0.007889 1.810543
0.727164 0.005276 0.005551 0.002944 0.000425 0.250744 0.007897 1.811048
0.729749 0.005258 0.005479 0.002925 0.000420 0.248270 0.007900 1.811584
0.732373 0.005259 0.005423 0.002884 0.000407 0.245747 0.007908 1.812086
0.734931 0.005216 0.005386 0.002839 0.000394 0.243321 0.007914 1.812608
0.737532 0.005213 0.005342 0.002815 0.000378 0.240800 0.007920 1.813121
0.740020 0.005168 0.005318 0.002794 0.000374 0.238404 0.007923 1.813645
0.742472 0.005093 0.005285 0.002786 0.000357 0.236075 0.007932 1.814182
0.744973 0.005091 0.005227 0.002748 0.000349 0.233678 0.007935 1.814664
0.747450 0.005066 0.005202 0.002736 0.000344 0.231260 0.007942 1.815172
0.749738 0.005058 0.005134 0.002730 0.000339 0.229055 0.007947 1.815656
0.752053 0.005059 0.005099 0.002709 0.000335 0.226795 0.007950 1.816160
0.754451 0.005037 0.005060 0.002698 0.000327 0.224473 0.007955 1.816654
0.756791 0.005072 0.005035 0.002653 0.000321 0.222170 0.007958 1.817132
0.759154 0.005053 0.004964 0.002637 0.000319 0.219911 0.007962 1.817617
0.761403 0.005050 0.004945 0.002616 0.000312 0.217707 0.007967 1.818100
0.763563 0.005035 0.004913 0.002621 0.000311 0.215589 0.007969 1.818597
0.765777 0.005032 0.004898 0.002605 0.000308 0.213408 0.007972 1.819086
0.767932 0.005030 0.004890 0.002600 0.000308 0.211265 0.007976 1.819593
0.770061 0.005020 0.004851 0.002600 0.000303 0.209186 0.007979 1.820116
0.772220 0.005000 0.004812 0.002592 0.000299 0.207093 0.007983 1.820606
0.774289 0.004950 0.004810 0.002583 0.000292 0.205090 0.007987 1.821115
0.776350 0.004970 0.004757 0.002547 0.000293 0.203092 0.007990 1.821566
0.778366 0.004979 0.004686 0.002539 0.000285 0.201149 0.007996 1.822035
0.780347 0.005011 0.004678 0.002531 0.000282 0.199151 0.008000 1.822520
0.782315 0.005029 0.004660 0.002523 0.000277 0.197191 0.008004 1.822994
0.784314 0.005023 0.004628 0.002501 0.000274 0.195251 0.008009 1.823486
0.786243 0.004987 0.004647 0.002509 0.000268 0.193333 0.008013 1.824027
0.788198 0.005012 0.004613 0.002496 0.000269 0.191397 0.008014 1.824509
0.790092 0.005013 0.004634 0.002488 0.000264 0.189491 0.008017 1.825007
0.791963 0.005007 0.004632 0.002471 0.000258 0.187649 0.008021 1.825510
0.793762 0.005031 0.004608 0.002466 0.000251 0.185856 0.008025 1.825993
0.795574 0.005045 0.004610 0.002471 0.000249 0.184020 0.008030 1.826494
0.797383 0.005032 0.004615 0.002459 0.000242 0.182235 0.008034 1.827001
0.799164 0.005000 0.004635 0.002468 0.000234 0.180460 0.008039 1.827519
0.800895 0.004977 0.004618 0.002477 0.000230 0.178759 0.008043 1.828022
0.802585 0.004985 0.004617 0.002489 0.000228 0.177049 0.008047 1.828532
0.804200 0.005053 0.004596 0.002472 0.000226 0.175404 0.008049 1.829010
0.805931 0.005060 0.004561 0.002474 0.000222 0.173700 0.008054 1.829496
0.807540 0.005108 0.004583 0.002461 0.000218 0.172033 0.008056 1.829995
0.809225 0.005065 0.004614 0.002470 0.000216 0.170352 0.008060 1.830529
0.810843 0.005084 0.004607 0.002479 0.000216 0.168711 0.008060 1.831044
0.812412 0.005112 0.004585 0.002451 0.000209 0.167166 0.008064 1.831524
0.814007 0.005093 0.004604 0.002435 0.000209 0.165584 0.008068 1.832045
0.815540 0.005108 0.004616 0.002423 0.000208 0.164034 0.008070 1.832550
0.817033 0.005135 0.004617 0.002418 0.000214 0.162513 0.008071 1.833047
0.818486 0.005142 0.004608 0.002420 0.000214 0.161056 0.008073 1.833558
0.819978 0.005162 0.004616 0.002424 0.000212 0.159532 0.008077 1.834061
0.821425 0.005197 0.004604 0.002429 0.000213 0.158052 0.008081 1.834558
0.822943 0.005189 0.004637 0.002434 0.000213 0.156500 0.008084 1.835084
0.824366 0.005191 0.004657 0.002434 0.000209 0.155055 0.008088 1.835606
0.825778 0.005216 0.004673 0.002420 0.000204 0.153617 0.008092 1.836125
0.827147 0.005232 0.004674 0.002409 0.000197 0.152245 0.008097 1.836644
0.828520 0.005271 0.004642 0.002421 0.000194 0.150850 0.008102 1.837132
0.829894 0.005253 0.004683 0.002416 0.000192 0.149459 0.008104 1.837676
0.831189 0.005296 0.004677 0.002435 0.000191 0.148105 0.008107 1.838199
0.832489 0.005333 0.004663 0.002422 0.000194 0.146792 0.008108 1.838723
0.833729 0.005416 0.004685 0.002449 0.000192 0.145417 0.008111 1.839257
0.834971 0.005473 0.004702 0.002448 0.000191 0.144102 0.008113 1.839792
0.836217 0.005504 0.004726 0.002466 0.000187 0.142788 0.008114 1.840336
0.837417 0.005538 0.004742 0.002459 0.000187 0.141539 0.008118 1.840862
0.838618 0.005510 0.004753 0.002470 0.000192 0.140337 0.008121 1.841440
0.839761 0.005536 0.004774 0.002480 0.000189 0.139135 0.008125 1.841990
0.840884 0.005575 0.004778 0.002483 0.000187 0.137965 0.008128 1.842550
0.842037 0.005612 0.004792 0.002480 0.000192 0.136759 0.008129 1.843100
0.843205 0.005579 0.004853 0.002499 0.000188 0.135543 0.008132 1.843691
0.844280 0.005590 0.004846 0.002520 0.000188 0.134440 0.008136 1.844238
0.845380 0.005664 0.004803 0.002536 0.000182 0.133298 0.008138 1.844767
0.846412 0.005690 0.004839 0.002556 0.000183 0.132181 0.008140 1.845331
0.847420 0.005758 0.004832 0.002554 0.000180 0.131114 0.008142 1.845856
0.848434 0.005779 0.004847 0.002553 0.000179 0.130067 0.008143 1.846425
0.849432 0.005823 0.004889 0.002539 0.000182 0.128990 0.008145 1.847002
0.850453 0.005861 0.004941 0.002556 0.000182 0.127859 0.008149 1.847588
0.851385 0.005910 0.004975 0.002572 0.000185 0.126822 0.008151 1.848192
0.852371 0.005904 0.005011 0.002603 0.000182 0.125775 0.008154 1.848802
0.853293 0.005985 0.005012 0.002598 0.000182 0.124772 0.008158 1.849371
0.854190 0.006056 0.005056 0.002603 0.000183 0.123752 0.008159 1.849951
0.855139 0.006083 0.005090 0.002623 0.000184 0.122720 0.008162 1.850565
0.855939 0.006145 0.005115 0.002633 0.000187 0.121816 0.008164 1.851158
0.856792 0.006201 0.005144 0.002661 0.000188 0.120850 0.008165 1.851767
0.857635 0.006298 0.005148 0.002656 0.000190 0.119905 0.008170 1.852340
0.858468 0.006354 0.005163 0.002688 0.000187 0.118966 0.008173 1.852956
0.859286 0.006413 0.005194 0.002715 0.000188 0.118032 0.008174 1.853575
0.860072 0.006464 0.005205 0.002753 0.000185 0.117148 0.008174 1.854187
0.860827 0.006528 0.005227 0.002760 0.000186 0.116295 0.008177 1.854794
0.861603 0.006561 0.005277 0.002767 0.000187 0.115427 0.008179 1.855437
0.862263 0.006612 0.005347 0.002780 0.000189 0.114629 0.008181 1.856109
0.862955 0.006666 0.005406 0.002819 0.000188 0.113781 0.008184 1.856775
0.863665 0.006759 0.005444 0.002843 0.000193 0.112912 0.008184 1.857427
0.864397 0.006780 0.005447 0.002896 0.000190 0.112102 0.008187 1.858107
0.865074 0.006840 0.005508 0.002913 0.000191 0.111285 0.008189 1.858771
0.865788 0.006907 0.005531 0.002924 0.000191 0.110467 0.008191 1.859428
0.866375 0.006948 0.005581 0.002959 0.000196 0.109750 0.008192 1.860122
0.867031 0.006978 0.005657 0.002988 0.000193 0.108957 0.008195 1.860811
0.867627 0.007035 0.005713 0.003031 0.000194 0.108204 0.008196 1.861530
0.868191 0.007113 0.005745 0.003063 0.000193 0.107495 0.008198 1.862235
0.868794 0.007114 0.005789 0.003122 0.000190 0.106789 0.008201 1.862968
0.869381 0.007140 0.005842 0.003176 0.000189 0.106067 0.008204 1.863705
0.869932 0.007208 0.005880 0.003197 0.000189 0.105387 0.008207 1.864392
0.870477 0.007225 0.005952 0.003227 0.000187 0.104724 0.008210 1.865117
0.871039 0.007280 0.005956 0.003261 0.000187 0.104067 0.008211 1.865820
0.871617 0.007359 0.005944 0.003293 0.000187 0.103388 0.008212 1.866500
0.872080 0.007415 0.006025 0.003330 0.000183 0.102751 0.008215 1.867245
0.872523 0.007486 0.006072 0.003351 0.000186 0.102163 0.008219 1.867983
0.872950 0.007572 0.006134 0.003391 0.000185 0.101545 0.008223 1.868742
0.873338 0.007612 0.006201 0.003416 0.000180 0.101026 0.008226 1.869521
0.873755 0.007653 0.006274 0.003448 0.000181 0.100459 0.008230 1.870327
0.874157 0.007720 0.006339 0.003452 0.000181 0.099921 0.008231 1.871088
0.874588 0.007799 0.006366 0.003477 0.000184 0.099352 0.008233 1.871843
0.875022 0.007894 0.006379 0.003500 0.000187 0.098786 0.008235 1.872591
0.875399 0.007997 0.006400 0.003522 0.000192 0.098253 0.008237 1.873355
0.875723 0.008137 0.006416 0.003522 0.000200 0.097762 0.008240 1.874109
0.876064 0.008221 0.006490 0.003566 0.000204 0.097213 0.008242 1.874923
0.876332 0.008315 0.006563 0.003579 0.000205 0.096760 0.008246 1.875721
0.876635 0.008398 0.006640 0.003615 0.000210 0.096253 0.008249 1.876553
0.876949 0.008448 0.006696 0.003631 0.000212 0.095814 0.008250 1.877371
0.877259 0.008474 0.006732 0.003685 0.000209 0.095385 0.008255 1.878225
0.877510 0.008552 0.006793 0.003698 0.000210 0.094981 0.008257 1.879057
0.877819 0.008595 0.006834 0.003751 0.000211 0.094530 0.008261 1.879913
0.878033 0.008681 0.006921 0.003801 0.000214 0.094089 0.008263 1.880788
0.878297 0.008721 0.006980 0.003816 0.000213 0.093705 0.008267 1.881652
0.878525 0.008806 0.007025 0.003869 0.000207 0.093297 0.008271 1.882524
0.878701 0.008921 0.007032 0.003910 0.000206 0.092956 0.008275 1.883379
0.878966 0.009002 0.007083 0.003939 0.000212 0.092522 0.008275 1.884226
0.879150 0.009088 0.007118 0.003985 0.000220 0.092163 0.008277 1.885115
0.879292 0.009137 0.007202 0.004030 0.000224 0.091836 0.008278 1.886026
0.879460 0.009232 0.007278 0.004053 0.000224 0.091471 0.008281 1.886897
0.879644 0.009297 0.007397 0.004028 0.000229 0.091124 0.008282 1.887804
0.879801 0.009368 0.007472 0.004040 0.000231 0.090803 0.008284 1.888716
0.879931 0.009469 0.007499 0.004061 0.000234 0.090517 0.008287 1.889625
0.880027 0.009553 0.007591 0.004099 0.000237 0.090202 0.008291 1.890586
0.880123 0.009621 0.007635 0.004132 0.000242 0.089955 0.008292 1.891529
0.880226 0.009688 0.007737 0.004160 0.000243 0.089652 0.008294 1.892479
0.880298 0.009770 0.007836 0.004198 0.000247 0.089356 0.008296 1.893454
0.880354 0.009862 0.007920 0.004225 0.000253 0.089091 0.008297 1.894401
0.880342 0.010009 0.007974 0.004229 0.000256 0.088890 0.008300 1.895340
0.880387 0.010117 0.008060 0.004254 0.000255 0.088627 0.008301 1.896318
0.880378 0.010218 0.008112 0.004295 0.000259 0.088437 0.008302 1.897291
0.880404 0.010284 0.008169 0.004331 0.000262 0.088245 0.008306 1.898304
0.880363 0.010363 0.008257 0.004361 0.000264 0.088082 0.008310 1.899326
0.880307 0.010477 0.008318 0.004404 0.000262 0.087920 0.008312 1.900336
0.880263 0.010537 0.008417 0.004474 0.000265 0.087728 0.008315 1.901394
0.880211 0.010616 0.008457 0.004529 0.000266 0.087600 0.008321 1.902439
0.880124 0.010736 0.008512 0.004583 0.000267 0.087454 0.008324 1.903473
0.880101 0.010859 0.008508 0.004617 0.000272 0.087315 0.008328 1.904492
0.880014 0.010894 0.008639 0.004654 0.000272 0.087196 0.008331 1.905608
0.879887 0.010975 0.008729 0.004683 0.000268 0.087122 0.008335 1.906703
0.879854 0.011040 0.008788 0.004717 0.000273 0.086990 0.008338 1.907793
0.879803 0.011113 0.008880 0.004725 0.000271 0.086867 0.008341 1.908889
0.879651 0.011244 0.008932 0.004764 0.000271 0.086796 0.008344 1.909971
0.879519 0.011354 0.009017 0.004781 0.000277 0.086705 0.008347 1.911086
0.879359 0.011457 0.009112 0.004832 0.000275 0.086615 0.008352 1.912207
0.879194 0.011515 0.009232 0.004901 0.000281 0.086522 0.008355 1.913379
0.879078 0.011592 0.009323 0.004895 0.000285 0.086468 0.008359 1.914498
0.878932 0.011697 0.009372 0.004915 0.000281 0.086439 0.008364 1.915624
0.878816 0.011801 0.009489 0.004952 0.000279 0.086292 0.008371 1.916754
0.878630 0.011903 0.009562 0.004967 0.000285 0.086279 0.008374 1.917903
0.878446 0.012038 0.009597 0.005032 0.000286 0.086226 0.008377 1.919057
0.878191 0.012142 0.009716 0.005089 0.000291 0.086192 0.008380 1.920257
0.878006 0.012189 0.009831 0.005142 0.000290 0.086160 0.008383 1.921469
0.877816 0.012268 0.009922 0.005172 0.000293 0.086144 0.008385 1.922666
0.877597 0.012343 0.009996 0.005207 0.000300 0.086168 0.008388 1.923894
0.877371 0.012421 0.010059 0.005247 0.000308 0.086205 0.008390 1.925107
0.877098 0.012535 0.010136 0.005287 0.000307 0.086244 0.008392 1.926321
0.876877 0.012588 0.010193 0.005343 0.000309 0.086296 0.008395 1.927550
0.876655 0.012647 0.010298 0.005388 0.000314 0.086299 0.008398 1.928804
0.876440 0.012720 0.010333 0.005447 0.000314 0.086340 0.008406 1.930043
0.876164 0.012828 0.010402 0.005484 0.000309 0.086402 0.008411 1.931290
0.875884 0.012909 0.010476 0.005522 0.000310 0.086483 0.008416 1.932551
0.875603 0.013050 0.010550 0.005566 0.000303 0.086502 0.008426 1.933809
0.875381 0.013075 0.010664 0.005601 0.000308 0.086541 0.008429 1.935113
0.875080 0.013176 0.010756 0.005624 0.000307 0.086623 0.008435 1.936375
0.874723 0.013214 0.010896 0.005684 0.000310 0.086735 0.008438 1.937740
0.874450 0.013284 0.010955 0.005715 0.000313 0.086843 0.008441 1.939032
0.874143 0.013294 0.011062 0.005734 0.000318 0.087005 0.008444 1.940365
0.873853 0.013286 0.011123 0.005807 0.000325 0.087160 0.008446 1.941730
0.873541 0.013372 0.011159 0.005862 0.000328 0.087289 0.008450 1.943045
0.873283 0.013475 0.011166 0.005890 0.000331 0.087399 0.008455 1.944321
0.872996 0.013538 0.011237 0.005945 0.000329 0.087496 0.008460 1.945645
0.872657 0.013674 0.011260 0.005972 0.000334 0.087640 0.008464 1.946927
0.872332 0.013802 0.011323 0.006019 0.000334 0.087721 0.008469 1.948258
0.871996 0.013894 0.011367 0.006031 0.000340 0.087900 0.008473 1.949591
0.871649 0.013982 0.011455 0.006094 0.000347 0.087997 0.008476 1.950955
0.871289 0.014009 0.011555 0.006122 0.000347 0.088196 0.008481 1.952341
0.871013 0.014104 0.011595 0.006154 0.000349 0.088299 0.008488 1.953671
0.870673 0.014121 0.011657 0.006204 0.000354 0.088501 0.008492 1.955078
0.870313 0.014193 0.011722 0.006256 0.000354 0.088665 0.008498 1.956463
0.869997 0.014240 0.011804 0.006283 0.000363 0.088812 0.008501 1.957841
0.869597 0.014398 0.011852 0.006303 0.000368 0.088977 0.008505 1.959186
0.869191 0.014515 0.011902 0.006343 0.000367 0.089174 0.008509 1.960574
0.868837 0.014536 0.012010 0.006401 0.000368 0.089333 0.008514 1.962021
0.868485 0.014552 0.012032 0.006490 0.000372 0.089549 0.008519 1.963480
0.868099 0.014616 0.012084 0.006554 0.000367 0.089756 0.008526 1.964927
0.867733 0.014625 0.012165 0.006578 0.000369 0.089999 0.008532 1.966362
0.867353 0.014707 0.012240 0.006607 0.000377 0.090180 0.008537 1.967789
0.866974 0.014812 0.012305 0.006640 0.000384 0.090345 0.008540 1.969207
0.866543 0.014903 0.012352 0.006646 0.000385 0.090626 0.008545 1.970677
0.866218 0.014934 0.012409 0.006653 0.000390 0.090849 0.008548 1.972102
0.865776 0.015038 0.012450 0.006712 0.000387 0.091081 0.008556 1.973581
0.865317 0.015131 0.012549 0.006762 0.000393 0.091285 0.008563 1.975058
0.864935 0.015153 0.012589 0.006754 0.000394 0.091610 0.008566 1.976514
0.864527 0.015192 0.012651 0.006829 0.000397 0.091837 0.008568 1.978024
0.864111 0.015260 0.012736 0.006845 0.000402 0.092074 0.008573 1.979530
0.863730 0.015280 0.012858 0.006855 0.000403 0.092296 0.008578 1.981054
0.863287 0.015332 0.012892 0.006877 0.000404 0.092626 0.008582 1.982553
0.862933 0.015341 0.012919 0.006922 0.000407 0.092893 0.008585 1.984075
0.862466 0.015418 0.012982 0.006922 0.000413 0.093210 0.008589 1.985576
0.862074 0.015428 0.013034 0.006932 0.000413 0.093525 0.008594 1.987092
0.861697 0.015451 0.013034 0.007012 0.000418 0.093790 0.008599 1.988616
0.861332 0.015421 0.013118 0.007051 0.000415 0.094058 0.008605 1.990152
0.860972 0.015447 0.013160 0.007130 0.000419 0.094263 0.008608 1.991696
0.860627 0.015473 0.013167 0.007128 0.000421 0.094570 0.008615 1.993198
0.860270 0.015574 0.013191 0.007120 0.000430 0.094796 0.008620 1.994642
0.859897 0.015572 0.013270 0.007169 0.000434 0.095032 0.008626 1.996194
0.859573 0.015578 0.013339 0.007193 0.000432 0.095253 0.008631 1.997717
0.859215 0.015565 0.013423 0.007191 0.000439 0.095531 0.008636 1.999270
0.858829 0.015556 0.013518 0.007263 0.000445 0.095745 0.008644 2.000851
0.858396 0.015632 0.013583 0.007239 0.000449 0.096051 0.008650 2.002384
0.858069 0.015637 0.013619 0.007229 0.000448 0.096340 0.008658 2.003893
0.857635 0.015736 0.013611 0.007256 0.000453 0.096645 0.008663 2.005427
0.857298 0.015699 0.013664 0.007253 0.000457 0.096961 0.008668 2.007005
0.856912 0.015641 0.013737 0.007273 0.000456 0.097308 0.008675 2.008585
0.856504 0.015701 0.013786 0.007261 0.000451 0.097616 0.008681 2.010138
0.856225 0.015690 0.013807 0.007256 0.000449 0.097887 0.008686 2.011692
0.855937 0.015707 0.013815 0.007266 0.000452 0.098131 0.008691 2.013225
0.855534 0.015769 0.013826 0.007259 0.000463 0.098454 0.008696 2.014742
0.855146 0.015824 0.013866 0.007274 0.000463 0.098723 0.008703 2.016282
0.854771 0.015800 0.013954 0.007314 0.000463 0.098987 0.008712 2.017879
0.854376 0.015848 0.014035 0.007342 0.000469 0.099212 0.008718 2.019449
0.854012 0.015877 0.014045 0.007337 0.000481 0.099528 0.008721 2.021022
0.853656 0.015927 0.014068 0.007331 0.000487 0.099805 0.008726 2.022564
0.853282 0.015967 0.014078 0.007387 0.000487 0.100068 0.008732 2.024119
0.852866 0.016025 0.014125 0.007416 0.000483 0.100345 0.008740 2.025713
0.852519 0.016001 0.014211 0.007431 0.000487 0.100605 0.008746 2.027350
0.852169 0.016025 0.014212 0.007447 0.000487 0.100906 0.008755 2.028910
0.851824 0.016087 0.014166 0.007440 0.000496 0.101225 0.008762 2.030450
0.851530 0.016065 0.014178 0.007502 0.000492 0.101465 0.008769 2.032081
0.851232 0.016083 0.014199 0.007516 0.000494 0.101702 0.008774 2.033661
0.850854 0.016143 0.014170 0.007511 0.000499 0.102048 0.008777 2.035220
0.850529 0.016147 0.014186 0.007503 0.000498 0.102353 0.008785 2.036802
0.850224 0.016106 0.014243 0.007504 0.000496 0.102636 0.008792 2.038403
0.849921 0.016141 0.014298 0.007507 0.000505 0.102833 0.008796 2.039982
0.849552 0.016166 0.014315 0.007498 0.000508 0.103159 0.008802 2.041574
0.849196 0.016190 0.014311 0.007561 0.000508 0.103424 0.008810 2.043187
0.848891 0.016189 0.014309 0.007591 0.000515 0.103688 0.008816 2.044786
0.848571 0.016198 0.014329 0.007560 0.000516 0.104005 0.008823 2.046369
0.848254 0.016163 0.014320 0.007634 0.000514 0.104288 0.008828 2.047988
0.847921 0.016235 0.014295 0.007603 0.000516 0.104597 0.008833 2.049555
0.847641 0.016231 0.014368 0.007574 0.000517 0.104831 0.008838 2.051149
0.847354 0.016180 0.014348 0.007616 0.000514 0.105142 0.008847 2.052776
0.847100 0.016162 0.014377 0.007609 0.000517 0.105385 0.008852 2.054383
0.846809 0.016145 0.014382 0.007617 0.000515 0.105672 0.008860 2.055995
0.846583 0.016080 0.014402 0.007625 0.000517 0.105926 0.008867 2.057592
0.846340 0.016040 0.014390 0.007586 0.000525 0.106248 0.008873 2.059169
0.846059 0.016018 0.014393 0.007628 0.000523 0.106499 0.008881 2.060797
0.845795 0.016054 0.014374 0.007654 0.000521 0.106710 0.008893 2.062372
0.845507 0.016086 0.014377 0.007671 0.000521 0.106939 0.008900 2.063943
0.845266 0.016037 0.014432 0.007682 0.000519 0.107158 0.008908 2.065545
0.845071 0.015981 0.014432 0.007736 0.000512 0.107356 0.008911 2.067146
0.844813 0.015998 0.014428 0.007736 0.000506 0.107597 0.008920 2.068721
0.844585 0.016017 0.014405 0.007692 0.000518 0.107858 0.008925 2.070269
0.844403 0.015924 0.014433 0.007687 0.000518 0.108104 0.008932 2.071898
0.844190 0.015888 0.014396 0.007692 0.000524 0.108373 0.008938 2.073472
0.843933 0.015939 0.014351 0.007685 0.000522 0.108627 0.008942 2.075020
0.843690 0.015932 0.014400 0.007660 0.000526 0.108848 0.008945 2.076605
0.843449 0.015916 0.014502 0.007637 0.000526 0.109017 0.008953 2.078229
0.843243 0.015952 0.014486 0.007638 0.000524 0.109198 0.008959 2.079790
0.842937 0.015994 0.014424 0.007655 0.000521 0.109505 0.008964 2.081373
0.842765 0.015965 0.014458 0.007602 0.000521 0.109720 0.008970 2.082957
0.842533 0.015993 0.014466 0.007553 0.000528 0.109954 0.008973 2.084509
0.842349 0.015919 0.014495 0.007556 0.000523 0.110181 0.008978 2.086121
0.842271 0.015820 0.014536 0.007521 0.000525 0.110342 0.008984 2.087701
0.842115 0.015782 0.014497 0.007508 0.000521 0.110586 0.008992 2.089245
0.841988 0.015746 0.014508 0.007510 0.000523 0.110727 0.008998 2.090819
0.841885 0.015672 0.014522 0.007507 0.000518 0.110891 0.009005 2.092385
0.841812 0.015599 0.014515 0.007521 0.000518 0.111025 0.009011 2.093967
0.841717 0.015558 0.014468 0.007495 0.000523 0.111222 0.009017 2.095508
0.841635 0.015592 0.014374 0.007485 0.000527 0.111362 0.009026 2.096967
0.841513 0.015565 0.014370 0.007460 0.000529 0.111532 0.009031 2.098495
0.841446 0.015546 0.014312 0.007426 0.000528 0.111705 0.009038 2.099988
0.841356 0.015561 0.014278 0.007436 0.000526 0.111798 0.009046 2.101484
0.841173 0.015600 0.014249 0.007432 0.000526 0.111971 0.009050 2.103005
0.841054 0.015576 0.014244 0.007428 0.000528 0.112114 0.009057 2.104541
0.840950 0.015552 0.014224 0.007414 0.000530 0.112268 0.009062 2.106081
0.840876 0.015571 0.014144 0.007386 0.000525 0.112429 0.009070 2.107535
0.840820 0.015526 0.014119 0.007372 0.000523 0.112561 0.009078 2.109051
0.840725 0.015523 0.014118 0.007314 0.000522 0.112715 0.009084 2.110535
0.840584 0.015515 0.014147 0.007296 0.000520 0.112847 0.009091 2.112068
0.840491 0.015518 0.014192 0.007280 0.000527 0.112897 0.009096 2.113574
0.840390 0.015493 0.014198 0.007282 0.000525 0.113007 0.009105 2.115098
0.840235 0.015508 0.014163 0.007259 0.000530 0.113194 0.009112 2.116613
0.840225 0.015488 0.014167 0.007243 0.000523 0.113232 0.009121 2.118103
0.840184 0.015507 0.014134 0.007205 0.000526 0.113318 0.009126 2.119569
0.840104 0.015528 0.014143 0.007195 0.000521 0.113376 0.009135 2.121066
0.840037 0.015527 0.014094 0.007202 0.000515 0.113482 0.009145 2.122550
0.839958 0.015532 0.014067 0.007177 0.000513 0.113601 0.009153 2.124047
0.839868 0.015475 0.014071 0.007180 0.000514 0.113733 0.009159 2.125584
0.839800 0.015412 0.014094 0.007167 0.000515 0.113847 0.009167 2.127115
0.839775 0.015345 0.014098 0.007167 0.000515 0.113930 0.009170 2.128651
0.839826 0.015199 0.014088 0.007175 0.000514 0.114019 0.009178 2.130200
0.839816 0.015142 0.014041 0.007209 0.000515 0.114091 0.009185 2.131702
0.839759 0.015208 0.013979 0.007206 0.000519 0.114137 0.009192 2.133139
0.839750 0.015177 0.013955 0.007182 0.000521 0.114217 0.009198 2.134614
0.839753 0.015122 0.013972 0.007194 0.000522 0.114233 0.009205 2.136122
0.839708 0.015127 0.013953 0.007159 0.000524 0.114315 0.009215 2.137565
0.839739 0.015087 0.013949 0.007146 0.000519 0.114340 0.009222 2.139051
0.839733 0.015032 0.013931 0.007166 0.000518 0.114389 0.009231 2.140537
0.839742 0.014972 0.013910 0.007161 0.000519 0.114455 0.009241 2.142029
0.839698 0.014953 0.013915 0.007149 0.000518 0.114520 0.009247 2.143533
0.839736 0.014883 0.013848 0.007189 0.000512 0.114580 0.009253 2.145018
0.839777 0.014828 0.013820 0.007168 0.000508 0.114640 0.009259 2.146484
0.839786 0.014791 0.013809 0.007142 0.000509 0.114696 0.009267 2.147945
0.839816 0.014772 0.013737 0.007145 0.000499 0.114757 0.009274 2.149399
0.839765 0.014767 0.013762 0.007125 0.000502 0.114799 0.009280 2.150838
0.839728 0.014743 0.013735 0.007099 0.000503 0.114903 0.009289 2.152317
0.839715 0.014683 0.013707 0.007106 0.000499 0.114996 0.009294 2.153833
0.839706 0.014671 0.013673 0.007090 0.000499 0.115063 0.009298 2.155290
0.839678 0.014661 0.013684 0.007100 0.000498 0.115077 0.009302 2.156722
0.839741 0.014607 0.013630 0.007091 0.000505 0.115120 0.009306 2.158160
0.839766 0.014528 0.013631 0.007096 0.000503 0.115159 0.009317 2.159630
0.839833 0.014511 0.013579 0.007083 0.000503 0.115166 0.009326 2.161033
0.839866 0.014435 0.013540 0.007090 0.000500 0.115240 0.009330 2.162484
0.839938 0.014403 0.013468 0.007063 0.000504 0.115286 0.009339 2.163878
0.840020 0.014381 0.013369 0.007031 0.000504 0.115352 0.009344 2.165252
0.840070 0.014358 0.013378 0.007042 0.000497 0.115303 0.009351 2.166693
0.840073 0.014397 0.013338 0.006967 0.000494 0.115371 0.009360 2.168093
0.840083 0.014458 0.013280 0.006947 0.000499 0.115368 0.009367 2.169457
0.840159 0.014370 0.013317 0.006926 0.000502 0.115358 0.009370 2.170956
0.840238 0.014314 0.013277 0.006921 0.000497 0.115376 0.009379 2.172364
0.840287 0.014248 0.013276 0.006941 0.000493 0.115363 0.009392 2.173807
0.840348 0.014229 0.013261 0.006918 0.000499 0.115350 0.009396 2.175230
0.840381 0.014295 0.013190 0.006870 0.000500 0.115361 0.009402 2.176557
0.840442 0.014292 0.013200 0.006837 0.000500 0.115319 0.009410 2.177958
0.840434 0.014253 0.013214 0.006846 0.000500 0.115338 0.009416 2.179389
0.840545 0.014200 0.013236 0.006820 0.000494 0.115286 0.009420 2.180798
0.840574 0.014219 0.013192 0.006795 0.000492 0.115305 0.009424 2.182175
0.840635 0.014222 0.013163 0.006751 0.000487 0.115309 0.009433 2.183555
0.840637 0.014192 0.013187 0.006759 0.000493 0.115292 0.009441 2.184975
0.840645 0.014140 0.013160 0.006777 0.000492 0.115340 0.009447 2.186395
0.840710 0.014102 0.013114 0.006769 0.000494 0.115361 0.009452 2.187785
0.840827 0.014143 0.013070 0.006748 0.000494 0.115261 0.009456 2.189124
0.840867 0.014109 0.013090 0.006781 0.000493 0.115196 0.009463 2.190550
0.840894 0.014083 0.013059 0.006783 0.000487 0.115225 0.009469 2.191945
0.840952 0.014084 0.012967 0.006751 0.000483 0.115288 0.009476 2.193295
0.841121 0.014010 0.012938 0.006743 0.000484 0.115224 0.009481 2.194678
0.841320 0.013962 0.012941 0.006711 0.000484 0.115097 0.009485 2.196039
0.841433 0.013930 0.012933 0.006691 0.000486 0.115035 0.009491 2.197405
0.841561 0.013886 0.012929 0.006674 0.000482 0.114971 0.009496 2.198762
0.841695 0.013847 0.012934 0.006623 0.000481 0.114916 0.009505 2.200130
0.841743 0.013798 0.012929 0.006628 0.000481 0.114911 0.009510 2.201528
0.841796 0.013797 0.012894 0.006640 0.000482 0.114875 0.009516 2.202885
0.841874 0.013783 0.012873 0.006657 0.000481 0.114811 0.009520 2.204239
0.841966 0.013743 0.012846 0.006656 0.000483 0.114782 0.009524 2.205639
0.842073 0.013712 0.012818 0.006644 0.000476 0.114747 0.009530 2.206982
0.842156 0.013682 0.012809 0.006639 0.000478 0.114702 0.009533 2.208338
0.842210 0.013708 0.012793 0.006642 0.000475 0.114633 0.009540 2.209699
0.842308 0.013646 0.012759 0.006647 0.000467 0.114626 0.009548 2.211079
0.842405 0.013648 0.012689 0.006644 0.000461 0.114599 0.009554 2.212419
0.842500 0.013643 0.012613 0.006633 0.000462 0.114591 0.009558 2.213740
0.842593 0.013646 0.012566 0.006604 0.000461 0.114567 0.009562 2.215086
0.842725 0.013600 0.012577 0.006588 0.000470 0.114473 0.009567 2.216415
0.842798 0.013537 0.012579 0.006601 0.000476 0.114439 0.009569 2.217794
0.842834 0.013577 0.012551 0.006581 0.000480 0.114402 0.009574 2.219116
0.842898 0.013592 0.012506 0.006570 0.000471 0.114383 0.009579 2.220452
0.843034 0.013522 0.012516 0.006562 0.000470 0.114310 0.009585 2.221797
0.843127 0.013505 0.012518 0.006559 0.000474 0.114227 0.009590 2.223179
0.843207 0.013440 0.012527 0.006546 0.000472 0.114210 0.009598 2.224548
0.843342 0.013442 0.012506 0.006528 0.000468 0.114110 0.009603 2.225848
0.843381 0.013491 0.012467 0.006507 0.000463 0.114083 0.009609 2.227139
0.843505 0.013460 0.012446 0.006506 0.000458 0.114009 0.009616 2.228462
0.843572 0.013476 0.012456 0.006489 0.000449 0.113933 0.009625 2.229769
0.843699 0.013430 0.012465 0.006497 0.000446 0.113832 0.009631 2.231123
0.843814 0.013370 0.012471 0.006495 0.000446 0.113765 0.009638 2.232490
0.843937 0.013368 0.012418 0.006472 0.000444 0.113713 0.009648 2.233791
0.844050 0.013330 0.012416 0.006471 0.000444 0.113637 0.009653 2.235116
0.844193 0.013278 0.012339 0.006493 0.000443 0.113596 0.009658 2.236431
0.844274 0.013308 0.012351 0.006471 0.000444 0.113490 0.009663 2.237752
0.844376 0.013284 0.012356 0.006441 0.000445 0.113432 0.009666 2.239078
0.844426 0.013280 0.012357 0.006416 0.000446 0.113400 0.009673 2.240391
0.844563 0.013254 0.012341 0.006401 0.000440 0.113320 0.009679 2.241683
0.844663 0.013242 0.012293 0.006403 0.000446 0.113266 0.009686 2.242984
0.844656 0.013247 0.012322 0.006381 0.000441 0.113257 0.009695 2.244329
0.844806 0.013250 0.012303 0.006359 0.000441 0.113137 0.009704 2.245632
0.844903 0.013229 0.012255 0.006368 0.000437 0.113099 0.009709 2.246947
0.845023 0.013231 0.012233 0.006309 0.000431 0.113057 0.009716 2.248232
0.845095 0.013246 0.012174 0.006297 0.000429 0.113036 0.009724 2.249509
0.845248 0.013214 0.012152 0.006307 0.000428 0.112923 0.009729 2.250822
0.845390 0.013200 0.012119 0.006318 0.000432 0.112808 0.009734 2.252098
0.845543 0.013139 0.012098 0.006313 0.000436 0.112732 0.009739 2.253412
0.845686 0.013124 0.012097 0.006313 0.000434 0.112602 0.009744 2.254703
0.845799 0.013095 0.012079 0.006336 0.000433 0.112512 0.009748 2.256028
0.845990 0.013044 0.012077 0.006353 0.000432 0.112350 0.009755 2.257333
0.846044 0.013045 0.012061 0.006330 0.000433 0.112328 0.009760 2.258636
0.846182 0.013064 0.012034 0.006323 0.000430 0.112197 0.009770 2.259906
0.846387 0.012928 0.012076 0.006346 0.000427 0.112060 0.009775 2.261239
0.846509 0.012894 0.012049 0.006328 0.000427 0.112013 0.009781 2.262519
0.846651 0.012884 0.012014 0.006271 0.000429 0.111970 0.009782 2.263786
0.846809 0.012865 0.012008 0.006266 0.000435 0.111828 0.009789 2.265084
0.846951 0.012886 0.012035 0.006251 0.000431 0.111651 0.009794 2.266370
0.846992 0.012904 0.012002 0.006242 0.000423 0.111633 0.009804 2.267632
0.847055 0.012973 0.011929 0.006264 0.000422 0.111545 0.009810 2.268863
0.847178 0.012937 0.011913 0.006249 0.000428 0.111479 0.009815 2.270154
0.847298 0.012921 0.011906 0.006258 0.000429 0.111368 0.009821 2.271449
0.847408 0.012900 0.011873 0.006274 0.000425 0.111294 0.009826 2.272737
0.847555 0.012933 0.011820 0.006253 0.000429 0.111177 0.009832 2.273954
0.847700 0.012844 0.011862 0.006236 0.000424 0.111093 0.009842 2.275297
0.847726 0.012882 0.011822 0.006174 0.000426 0.111119 0.009852 2.276550
0.847854 0.012877 0.011808 0.006183 0.000421 0.110996 0.009860 2.277805
0.847989 0.012877 0.011807 0.006219 0.000420 0.110819 0.009867 2.279061
0.848109 0.012857 0.011810 0.006179 0.000424 0.110751 0.009871 2.280338
0.848204 0.012857 0.011803 0.006195 0.000418 0.110641 0.009880 2.281621
0.848326 0.012884 0.011779 0.006203 0.000416 0.110506 0.009886 2.282857
0.848446 0.012910 0.011762 0.006184 0.000416 0.110390 0.009891 2.284102
0.848524 0.012933 0.011748 0.006188 0.000417 0.110295 0.009894 2.285366
0.848611 0.012932 0.011756 0.006139 0.000417 0.110244 0.009900 2.286629
0.848759 0.012879 0.011755 0.006115 0.000422 0.110165 0.009905 2.287918
0.848791 0.012970 0.011715 0.006100 0.000429 0.110089 0.009907 2.289128
0.848927 0.012962 0.011693 0.006110 0.000433 0.109965 0.009911 2.290408
0.849019 0.012970 0.011677 0.006085 0.000427 0.109905 0.009917 2.291666
0.849073 0.013025 0.011686 0.006057 0.000427 0.109811 0.009921 2.292916
0.849128 0.013055 0.011701 0.006056 0.000428 0.109702 0.009931 2.294192
0.849235 0.013074 0.011674 0.006043 0.000425 0.109612 0.009937 2.295467
0.849339 0.013085 0.011684 0.006070 0.000428 0.109453 0.009941 2.296746
0.849467 0.013060 0.011687 0.006072 0.000437 0.109331 0.009947 2.298028
0.849594 0.013017 0.011708 0.006086 0.000436 0.109209 0.009951 2.299337
0.849677 0.013023 0.011745 0.006083 0.000438 0.109076 0.009958 2.300602
0.849704 0.013075 0.011704 0.006109 0.000440 0.109003 0.009965 2.301868
0.849744 0.013029 0.011715 0.006121 0.000435 0.108986 0.009971 2.303185
0.849813 0.013052 0.011710 0.006149 0.000436 0.108866 0.009975 2.304460
0.849893 0.013017 0.011721 0.006169 0.000428 0.108794 0.009980 2.305772
0.849936 0.012999 0.011771 0.006160 0.000430 0.108718 0.009986 2.307087
0.849995 0.012982 0.011754 0.006162 0.000428 0.108689 0.009992 2.308386
0.850004 0.012980 0.011814 0.006142 0.000426 0.108637 0.009997 2.309693
0.850105 0.012934 0.011825 0.006146 0.000419 0.108566 0.010004 2.311014
0.850174 0.012917 0.011811 0.006140 0.000418 0.108531 0.010010 2.312289
0.850251 0.012926 0.011804 0.006157 0.000416 0.108432 0.010014 2.313552
0.850318 0.012999 0.011711 0.006174 0.000414 0.108365 0.010020 2.314775
0.850376 0.013043 0.011649 0.006179 0.000401 0.108325 0.010028 2.316028
0.850427 0.013060 0.011678 0.006147 0.000406 0.108249 0.010035 2.317320
0.850523 0.013084 0.011644 0.006125 0.000409 0.108176 0.010039 2.318553
0.850651 0.013025 0.011652 0.006155 0.000415 0.108060 0.010043 2.319863
0.850747 0.013077 0.011650 0.006117 0.000416 0.107944 0.010049 2.321077
0.850830 0.013063 0.011668 0.006119 0.000420 0.107846 0.010053 2.322359
0.850838 0.013122 0.011650 0.006143 0.000416 0.107771 0.010059 2.323632
0.850889 0.013104 0.011695 0.006132 0.000418 0.107699 0.010062 2.324931
0.850937 0.013103 0.011730 0.006145 0.000420 0.107600 0.010065 2.326216
0.850980 0.013159 0.011748 0.006141 0.000420 0.107479 0.010073 2.327481
0.851020 0.013160 0.011767 0.006156 0.000414 0.107407 0.010076 2.328791
0.851129 0.013109 0.011732 0.006168 0.000416 0.107365 0.010080 2.330106
0.851078 0.013156 0.011741 0.006168 0.000421 0.107353 0.010083 2.331410
0.851142 0.013137 0.011773 0.006165 0.000422 0.107273 0.010088 2.332702
0.851136 0.013188 0.011762 0.006191 0.000415 0.107213 0.010096 2.333991
0.851168 0.013195 0.011790 0.006181 0.000414 0.107153 0.010099 2.335278
0.851215 0.013249 0.011736 0.006182 0.000424 0.107088 0.010105 2.336534
0.851180 0.013265 0.011747 0.006191 0.000423 0.107082 0.010112 2.337833
0.851214 0.013270 0.011731 0.006192 0.000427 0.107051 0.010116 2.339116
