0.349558 0.063244 0.056642 0.032529 0.001992 0.490066 0.005971 1.597030
0.351944 0.060922 0.056579 0.032321 0.002006 0.490229 0.005999 1.603125
0.355055 0.058145 0.056250 0.032041 0.002017 0.490467 0.006025 1.608919
0.358515 0.055006 0.056008 0.031657 0.002016 0.490750 0.006048 1.614586
0.362559 0.051981 0.055458 0.031106 0.002032 0.490789 0.006075 1.619808
0.366757 0.048965 0.054856 0.030558 0.002032 0.490732 0.006100 1.624759
0.371084 0.046088 0.053988 0.030082 0.002017 0.490606 0.006135 1.629395
0.375540 0.043338 0.053125 0.029425 0.002033 0.490383 0.006156 1.633787
0.380153 0.040735 0.052104 0.028705 0.002027 0.490094 0.006183 1.637921
0.384932 0.038215 0.051081 0.028000 0.002029 0.489537 0.006205 1.641842
0.389787 0.035968 0.050014 0.027197 0.002028 0.488774 0.006231 1.645455
0.394639 0.033792 0.048679 0.026500 0.002011 0.488116 0.006263 1.648908
0.399503 0.031813 0.047256 0.025718 0.001989 0.487427 0.006293 1.652103
0.404509 0.029887 0.046001 0.024940 0.001986 0.486360 0.006318 1.655138
0.409547 0.028142 0.044628 0.024109 0.001981 0.485252 0.006340 1.657964
0.414496 0.026533 0.043227 0.023311 0.001951 0.484119 0.006364 1.660606
0.419596 0.025027 0.041813 0.022572 0.001929 0.482672 0.006392 1.663111
0.424711 0.023538 0.040465 0.021771 0.001909 0.481192 0.006414 1.665514
0.429871 0.022177 0.039147 0.020988 0.001878 0.479496 0.006444 1.667764
0.434951 0.020892 0.037865 0.020217 0.001852 0.477752 0.006470 1.669938
0.440120 0.019699 0.036585 0.019492 0.001830 0.475776 0.006497 1.671983
0.445243 0.018648 0.035195 0.018720 0.001828 0.473855 0.006512 1.673852
0.450441 0.017598 0.033968 0.018002 0.001791 0.471666 0.006534 1.675675
0.455664 0.016662 0.032684 0.017305 0.001760 0.469366 0.006560 1.677369
0.460720 0.015768 0.031452 0.016604 0.001734 0.467140 0.006580 1.678982
0.465805 0.014986 0.030239 0.015966 0.001704 0.464696 0.006603 1.680475
0.470828 0.014222 0.029055 0.015316 0.001684 0.462275 0.006621 1.681931
0.475883 0.013539 0.027914 0.014701 0.001657 0.459658 0.006649 1.683266
0.480934 0.012924 0.026875 0.014123 0.001614 0.456855 0.006676 1.684519
0.485907 0.012346 0.025823 0.013546 0.001583 0.454101 0.006695 1.685717
0.491014 0.011740 0.024735 0.012983 0.001555 0.451258 0.006713 1.686910
0.496092 0.011224 0.023703 0.012374 0.001525 0.448347 0.006735 1.688016
0.501076 0.010671 0.022775 0.011926 0.001499 0.445301 0.006753 1.689126
0.506042 0.010198 0.021895 0.011411 0.001472 0.442214 0.006769 1.690159
0.510977 0.009734 0.020996 0.010982 0.001443 0.439084 0.006785 1.691143
0.515965 0.009346 0.020108 0.010487 0.001429 0.435863 0.006802 1.692078
0.520946 0.008968 0.019286 0.010052 0.001399 0.432525 0.006822 1.692946
0.525871 0.008586 0.018529 0.009672 0.001364 0.429135 0.006843 1.693811
0.530754 0.008243 0.017772 0.009261 0.001332 0.425780 0.006860 1.694629
0.535632 0.007905 0.017100 0.008876 0.001304 0.422303 0.006879 1.695436
0.540509 0.007626 0.016355 0.008511 0.001267 0.418837 0.006895 1.696166
0.545348 0.007336 0.015715 0.008143 0.001246 0.415297 0.006914 1.696901
0.550059 0.007021 0.015133 0.007803 0.001222 0.411830 0.006930 1.697650
0.554801 0.006757 0.014475 0.007482 0.001195 0.408347 0.006944 1.698302
0.559561 0.006485 0.013938 0.007189 0.001170 0.404697 0.006959 1.698999
0.564231 0.006274 0.013394 0.006876 0.001141 0.401109 0.006975 1.699630
0.568844 0.006073 0.012844 0.006588 0.001114 0.397544 0.006993 1.700226
0.573336 0.005874 0.012363 0.006351 0.001087 0.393982 0.007008 1.700815
0.577852 0.005666 0.011841 0.006148 0.001067 0.390409 0.007018 1.701386
0.582290 0.005518 0.011347 0.005917 0.001045 0.386852 0.007031 1.701899
0.586696 0.005374 0.010891 0.005687 0.001019 0.383293 0.007041 1.702406
0.591170 0.005232 0.010469 0.005456 0.001000 0.379618 0.007056 1.702896
0.595552 0.005091 0.010046 0.005250 0.000969 0.376025 0.007067 1.703385
0.599897 0.004918 0.009673 0.005047 0.000949 0.372431 0.007084 1.703891
0.604228 0.004775 0.009307 0.004860 0.000929 0.368803 0.007098 1.704361
0.608530 0.004656 0.008966 0.004661 0.000907 0.365171 0.007110 1.704808
0.612818 0.004535 0.008640 0.004465 0.000882 0.361539 0.007121 1.705261
0.616911 0.004420 0.008333 0.004298 0.000863 0.358045 0.007131 1.705689
0.621032 0.004296 0.008006 0.004148 0.000839 0.354534 0.007144 1.706125
0.625144 0.004178 0.007714 0.003984 0.000812 0.351010 0.007159 1.706545
0.629157 0.004057 0.007464 0.003843 0.000789 0.347519 0.007171 1.706966
0.633236 0.003925 0.007215 0.003690 0.000769 0.343988 0.007178 1.707366
0.637247 0.003822 0.006914 0.003584 0.000750 0.340497 0.007185 1.707726
0.641234 0.003718 0.006633 0.003479 0.000723 0.337016 0.007196 1.708095
0.645164 0.003614 0.006411 0.003350 0.000703 0.333553 0.007207 1.708468
0.649038 0.003531 0.006149 0.003222 0.000681 0.330160 0.007220 1.708789
0.652860 0.003440 0.005921 0.003097 0.000666 0.326788 0.007229 1.709113
0.656643 0.003356 0.005707 0.002983 0.000645 0.323427 0.007239 1.709443
0.660432 0.003279 0.005511 0.002897 0.000624 0.320006 0.007250 1.709766
0.664156 0.003184 0.005325 0.002812 0.000611 0.316656 0.007258 1.710090
0.667806 0.003111 0.005159 0.002713 0.000599 0.313345 0.007267 1.710394
0.671502 0.003017 0.004992 0.002618 0.000576 0.310019 0.007278 1.710696
0.675118 0.002956 0.004841 0.002534 0.000560 0.306705 0.007287 1.710993
0.678676 0.002903 0.004699 0.002458 0.000547 0.303424 0.007294 1.711288
0.682233 0.002806 0.004572 0.002379 0.000528 0.300177 0.007305 1.711592
0.685755 0.002755 0.004428 0.002299 0.000518 0.296932 0.007313 1.711860
0.689153 0.002704 0.004279 0.002232 0.000512 0.293804 0.007316 1.712120
0.692605 0.002625 0.004151 0.002157 0.000492 0.290644 0.007326 1.712397
0.696041 0.002549 0.004026 0.002087 0.000476 0.287486 0.007336 1.712658
0.699409 0.002489 0.003875 0.002012 0.000459 0.284412 0.007346 1.712902
0.702760 0.002455 0.003746 0.001951 0.000441 0.281294 0.007353 1.713130
0.706018 0.002396 0.003604 0.001904 0.000425 0.278292 0.007362 1.713370
0.709223 0.002352 0.003488 0.001855 0.000415 0.275301 0.007366 1.713602
0.712550 0.002301 0.003400 0.001801 0.000401 0.272172 0.007374 1.713822
0.715786 0.002256 0.003300 0.001760 0.000390 0.269128 0.007381 1.714043
0.718994 0.002213 0.003200 0.001714 0.000380 0.266111 0.007388 1.714264
0.722173 0.002152 0.003097 0.001667 0.000372 0.263147 0.007393 1.714487
0.725241 0.002130 0.003020 0.001626 0.000360 0.260225 0.007399 1.714690
0.728269 0.002107 0.002945 0.001561 0.000349 0.257365 0.007405 1.714886
0.731241 0.002061 0.002878 0.001506 0.000336 0.254565 0.007413 1.715096
0.734268 0.002015 0.002814 0.001474 0.000326 0.251684 0.007418 1.715300
0.737266 0.001967 0.002747 0.001442 0.000316 0.248839 0.007424 1.715503
0.740189 0.001935 0.002703 0.001405 0.000311 0.246030 0.007428 1.715699
0.743106 0.001913 0.002654 0.001379 0.000301 0.243217 0.007431 1.715883
0.745992 0.001865 0.002594 0.001359 0.000295 0.240461 0.007435 1.716072
0.748878 0.001850 0.002516 0.001324 0.000287 0.237708 0.007437 1.716245
0.751688 0.001814 0.002466 0.001278 0.000276 0.235033 0.007445 1.716429
0.754443 0.001781 0.002407 0.001247 0.000269 0.232406 0.007449 1.716610
0.757154 0.001759 0.002356 0.001223 0.000266 0.229793 0.007450 1.716786
0.759833 0.001716 0.002308 0.001189 0.000262 0.227241 0.007453 1.716959
0.762574 0.001675 0.002255 0.001174 0.000254 0.224615 0.007455 1.717138
0.765304 0.001635 0.002205 0.001143 0.000248 0.222008 0.007458 1.717302
0.767937 0.001623 0.002144 0.001122 0.000238 0.219473 0.007463 1.717447
0.770518 0.001581 0.002095 0.001104 0.000228 0.217010 0.007467 1.717610
0.773162 0.001558 0.002026 0.001072 0.000219 0.214495 0.007469 1.717761
0.775691 0.001522 0.001991 0.001056 0.000216 0.212054 0.007472 1.717904
0.778219 0.001493 0.001955 0.001018 0.000211 0.209631 0.007473 1.718045
0.780759 0.001483 0.001889 0.000991 0.000202 0.207199 0.007478 1.718173
0.783195 0.001467 0.001842 0.000966 0.000199 0.204852 0.007481 1.718311
0.785587 0.001440 0.001810 0.000955 0.000199 0.202528 0.007483 1.718456
0.787944 0.001409 0.001771 0.000948 0.000194 0.200251 0.007485 1.718607
0.790292 0.001387 0.001735 0.000925 0.000190 0.197984 0.007489 1.718744
0.792686 0.001379 0.001684 0.000899 0.000187 0.195676 0.007489 1.718861
0.794963 0.001374 0.001651 0.000892 0.000185 0.193446 0.007490 1.718989
0.797240 0.001349 0.001634 0.000881 0.000182 0.191224 0.007492 1.719133
0.799504 0.001305 0.001617 0.000871 0.000179 0.189029 0.007494 1.719281
0.801770 0.001284 0.001592 0.000855 0.000175 0.186830 0.007495 1.719406
0.803963 0.001262 0.001564 0.000851 0.000171 0.184693 0.007497 1.719536
0.806105 0.001231 0.001546 0.000828 0.000167 0.182626 0.007498 1.719658
0.808279 0.001201 0.001533 0.000807 0.000161 0.180519 0.007501 1.719788
0.810506 0.001162 0.001501 0.000804 0.000154 0.178369 0.007503 1.719925
0.812644 0.001171 0.001456 0.000793 0.000148 0.176282 0.007507 1.720023
0.814728 0.001154 0.001417 0.000784 0.000144 0.174264 0.007510 1.720135
0.816823 0.001152 0.001382 0.000773 0.000139 0.172219 0.007512 1.720239
0.818886 0.001140 0.001356 0.000756 0.000134 0.170214 0.007514 1.720349
0.820869 0.001122 0.001335 0.000740 0.000132 0.168288 0.007515 1.720457
0.822829 0.001100 0.001309 0.000736 0.000129 0.166379 0.007517 1.720574
0.824840 0.001101 0.001274 0.000732 0.000126 0.164408 0.007520 1.720673
0.826779 0.001091 0.001263 0.000713 0.000124 0.162510 0.007521 1.720781
0.828740 0.001068 0.001230 0.000693 0.000120 0.160628 0.007523 1.720886
0.830635 0.001042 0.001210 0.000683 0.000117 0.158788 0.007525 1.721003
0.832520 0.001029 0.001198 0.000678 0.000112 0.156935 0.007528 1.721107
0.834430 0.001001 0.001174 0.000669 0.000110 0.155087 0.007530 1.721210
0.836279 0.000995 0.001156 0.000652 0.000108 0.153281 0.007531 1.721304
0.838078 0.000992 0.001128 0.000644 0.000103 0.151521 0.007534 1.721393
0.839935 0.000988 0.001102 0.000628 0.000100 0.149712 0.007535 1.721477
0.841746 0.000975 0.001087 0.000615 0.000097 0.147944 0.007537 1.721574
0.843494 0.000960 0.001075 0.000604 0.000095 0.146232 0.007540 1.721672
0.845199 0.000938 0.001061 0.000592 0.000093 0.144576 0.007541 1.721783
0.846920 0.000936 0.001035 0.000576 0.000091 0.142898 0.007544 1.721865
0.848630 0.000941 0.001013 0.000563 0.000091 0.141217 0.007545 1.721942
0.850312 0.000920 0.001003 0.000552 0.000090 0.139577 0.007546 1.722042
0.851946 0.000908 0.000998 0.000547 0.000087 0.137967 0.007547 1.722139
0.853621 0.000895 0.000989 0.000543 0.000082 0.136320 0.007550 1.722230
0.855253 0.000882 0.000968 0.000533 0.000079 0.134735 0.007552 1.722316
0.856897 0.000876 0.000950 0.000515 0.000079 0.133131 0.007553 1.722395
0.858442 0.000865 0.000940 0.000504 0.000076 0.131619 0.007554 1.722480
0.859977 0.000853 0.000921 0.000485 0.000074 0.130135 0.007555 1.722561
0.861490 0.000851 0.000905 0.000477 0.000075 0.128648 0.007555 1.722639
0.862982 0.000850 0.000901 0.000470 0.000073 0.127169 0.007555 1.722722
0.864513 0.000834 0.000895 0.000462 0.000074 0.125667 0.007555 1.722810
0.866025 0.000813 0.000882 0.000461 0.000072 0.124191 0.007556 1.722902
0.867487 0.000800 0.000873 0.000453 0.000069 0.122763 0.007556 1.722979
0.868889 0.000794 0.000862 0.000447 0.000066 0.121385 0.007558 1.723048
0.870312 0.000790 0.000850 0.000436 0.000066 0.119989 0.007559 1.723118
0.871787 0.000775 0.000843 0.000427 0.000066 0.118543 0.007559 1.723200
0.873146 0.000766 0.000828 0.000418 0.000065 0.117217 0.007560 1.723277
0.874536 0.000750 0.000813 0.000413 0.000066 0.115863 0.007560 1.723359
0.875929 0.000739 0.000811 0.000409 0.000062 0.114489 0.007562 1.723432
0.877298 0.000734 0.000802 0.000402 0.000059 0.113142 0.007563 1.723505
0.878610 0.000725 0.000801 0.000401 0.000058 0.111841 0.007564 1.723585
0.879946 0.000715 0.000793 0.000393 0.000056 0.110534 0.007564 1.723656
0.881253 0.000701 0.000791 0.000390 0.000055 0.109246 0.007564 1.723731
0.882537 0.000680 0.000783 0.000384 0.000053 0.107998 0.007566 1.723800
0.883765 0.000686 0.000768 0.000377 0.000052 0.106786 0.007566 1.723859
0.885021 0.000678 0.000754 0.000370 0.000052 0.105560 0.007566 1.723925
0.886260 0.000660 0.000752 0.000370 0.000050 0.104342 0.007566 1.724008
0.887473 0.000645 0.000741 0.000369 0.000050 0.103155 0.007567 1.724076
0.888675 0.000651 0.000721 0.000358 0.000049 0.101980 0.007568 1.724127
0.889847 0.000634 0.000719 0.000360 0.000048 0.100823 0.007569 1.724198
0.891027 0.000636 0.000700 0.000362 0.000047 0.099659 0.007570 1.724260
0.892199 0.000629 0.000699 0.000355 0.000045 0.098504 0.007570 1.724318
0.893338 0.000635 0.000691 0.000352 0.000044 0.097371 0.007571 1.724372
0.894520 0.000620 0.000678 0.000350 0.000043 0.096218 0.007572 1.724438
0.895674 0.000618 0.000663 0.000346 0.000043 0.095086 0.007572 1.724493
0.896773 0.000603 0.000660 0.000345 0.000043 0.094003 0.007572 1.724560
0.897869 0.000601 0.000651 0.000334 0.000043 0.092931 0.007572 1.724620
0.898931 0.000597 0.000644 0.000336 0.000041 0.091879 0.007573 1.724677
0.900006 0.000591 0.000636 0.000331 0.000041 0.090822 0.007574 1.724736
0.901096 0.000590 0.000630 0.000323 0.000041 0.089747 0.007574 1.724793
0.902129 0.000587 0.000626 0.000315 0.000040 0.088729 0.007575 1.724843
0.903153 0.000583 0.000617 0.000319 0.000038 0.087716 0.007575 1.724896
0.904205 0.000574 0.000612 0.000321 0.000036 0.086678 0.007575 1.724956
0.905211 0.000565 0.000604 0.000321 0.000036 0.085689 0.007576 1.725014
0.906169 0.000559 0.000589 0.000316 0.000034 0.084758 0.007576 1.725072
0.907194 0.000557 0.000572 0.000314 0.000033 0.083754 0.007577 1.725116
0.908163 0.000550 0.000578 0.000309 0.000034 0.082791 0.007577 1.725173
0.909123 0.000545 0.000570 0.000302 0.000033 0.081851 0.007577 1.725226
0.910034 0.000543 0.000563 0.000294 0.000032 0.080957 0.007577 1.725275
0.910958 0.000536 0.000548 0.000292 0.000033 0.080057 0.007577 1.725328
0.911871 0.000535 0.000544 0.000286 0.000034 0.079152 0.007578 1.725374
0.912762 0.000528 0.000549 0.000289 0.000034 0.078261 0.007578 1.725434
0.913621 0.000524 0.000536 0.000287 0.000033 0.077421 0.007579 1.725483
0.914484 0.000517 0.000532 0.000294 0.000034 0.076563 0.007579 1.725537
0.915316 0.000513 0.000533 0.000281 0.000033 0.075747 0.007579 1.725589
0.916149 0.000516 0.000527 0.000278 0.000033 0.074919 0.007579 1.725633
0.916959 0.000504 0.000527 0.000276 0.000031 0.074123 0.007581 1.725687
0.917753 0.000502 0.000517 0.000271 0.000032 0.073346 0.007581 1.725730
0.918582 0.000491 0.000521 0.000266 0.000032 0.072527 0.007581 1.725781
0.919386 0.000468 0.000529 0.000261 0.000033 0.071743 0.007582 1.725841
0.920169 0.000464 0.000519 0.000254 0.000032 0.070981 0.007583 1.725887
0.920982 0.000467 0.000518 0.000254 0.000032 0.070165 0.007583 1.725933
0.921741 0.000465 0.000510 0.000251 0.000031 0.069420 0.007583 1.725981
0.922458 0.000459 0.000510 0.000249 0.000031 0.068710 0.007583 1.726027
0.923216 0.000458 0.000503 0.000252 0.000031 0.067958 0.007584 1.726073
0.923960 0.000445 0.000502 0.000248 0.000030 0.067232 0.007584 1.726126
0.924663 0.000435 0.000502 0.000245 0.000029 0.066542 0.007584 1.726177
0.925359 0.000437 0.000491 0.000243 0.000029 0.065858 0.007585 1.726211
0.926064 0.000421 0.000490 0.000240 0.000028 0.065171 0.007586 1.726261
0.926725 0.000436 0.000473 0.000232 0.000028 0.064520 0.007586 1.726292
0.927408 0.000430 0.000465 0.000231 0.000026 0.063855 0.007586 1.726333
0.928066 0.000426 0.000461 0.000234 0.000025 0.063202 0.007587 1.726376
0.928689 0.000424 0.000456 0.000232 0.000023 0.062590 0.007587 1.726419
0.929300 0.000417 0.000454 0.000232 0.000024 0.061988 0.007587 1.726469
0.929917 0.000428 0.000449 0.000215 0.000024 0.061380 0.007587 1.726506
0.930526 0.000417 0.000443 0.000218 0.000025 0.060784 0.007587 1.726552
0.931134 0.000407 0.000442 0.000215 0.000025 0.060191 0.007587 1.726594
0.931749 0.000399 0.000431 0.000210 0.000026 0.059598 0.007587 1.726627
0.932364 0.000391 0.000428 0.000209 0.000026 0.058996 0.007587 1.726665
0.932939 0.000383 0.000431 0.000205 0.000025 0.058430 0.007588 1.726705
0.933476 0.000382 0.000420 0.000204 0.000026 0.057905 0.007588 1.726736
0.934020 0.000383 0.000408 0.000202 0.000026 0.057374 0.007588 1.726770
0.934596 0.000373 0.000391 0.000197 0.000023 0.056832 0.007589 1.726805
0.935130 0.000362 0.000394 0.000196 0.000023 0.056306 0.007589 1.726848
0.935666 0.000356 0.000391 0.000188 0.000023 0.055787 0.007589 1.726887
0.936169 0.000349 0.000384 0.000190 0.000023 0.055297 0.007589 1.726927
0.936667 0.000343 0.000376 0.000186 0.000023 0.054816 0.007589 1.726961
0.937156 0.000338 0.000365 0.000184 0.000023 0.054345 0.007589 1.726994
0.937652 0.000327 0.000363 0.000175 0.000022 0.053871 0.007590 1.727031
0.938129 0.000327 0.000360 0.000170 0.000023 0.053401 0.007590 1.727063
0.938593 0.000332 0.000353 0.000162 0.000023 0.052948 0.007590 1.727088
0.939039 0.000318 0.000355 0.000163 0.000022 0.052512 0.007591 1.727125
0.939499 0.000315 0.000350 0.000163 0.000020 0.052061 0.007591 1.727160
0.939969 0.000308 0.000350 0.000164 0.000020 0.051597 0.007592 1.727192
0.940387 0.000300 0.000351 0.000159 0.000020 0.051192 0.007592 1.727228
0.940813 0.000303 0.000343 0.000158 0.000020 0.050771 0.007593 1.727259
0.941245 0.000295 0.000341 0.000156 0.000020 0.050350 0.007593 1.727291
0.941645 0.000297 0.000331 0.000160 0.000019 0.049955 0.007593 1.727317
0.942042 0.000281 0.000336 0.000158 0.000020 0.049570 0.007593 1.727353
0.942439 0.000286 0.000326 0.000154 0.000021 0.049180 0.007593 1.727377
0.942825 0.000285 0.000316 0.000150 0.000021 0.048810 0.007593 1.727407
0.943214 0.000280 0.000311 0.000149 0.000019 0.048433 0.007594 1.727435
0.943598 0.000280 0.000304 0.000150 0.000019 0.048055 0.007594 1.727462
0.943947 0.000288 0.000299 0.000145 0.000018 0.047708 0.007595 1.727486
0.944335 0.000284 0.000300 0.000141 0.000016 0.047330 0.007595 1.727511
0.944699 0.000269 0.000307 0.000141 0.000016 0.046974 0.007595 1.727546
0.945033 0.000271 0.000295 0.000140 0.000016 0.046650 0.007595 1.727570
0.945392 0.000269 0.000290 0.000142 0.000015 0.046297 0.007595 1.727596
0.945720 0.000270 0.000285 0.000137 0.000015 0.045977 0.007595 1.727616
0.946038 0.000270 0.000282 0.000136 0.000015 0.045664 0.007595 1.727641
0.946355 0.000269 0.000280 0.000132 0.000015 0.045354 0.007595 1.727668
0.946670 0.000267 0.000278 0.000136 0.000014 0.045041 0.007595 1.727696
0.946980 0.000269 0.000271 0.000135 0.000014 0.044736 0.007595 1.727716
0.947274 0.000271 0.000267 0.000134 0.000014 0.044445 0.007595 1.727740
0.947590 0.000268 0.000264 0.000134 0.000013 0.044136 0.007595 1.727764
0.947860 0.000266 0.000258 0.000133 0.000012 0.043875 0.007597 1.727789
0.948138 0.000262 0.000257 0.000134 0.000012 0.043601 0.007597 1.727817
0.948414 0.000262 0.000249 0.000138 0.000011 0.043330 0.007597 1.727842
0.948661 0.000261 0.000245 0.000133 0.000011 0.043091 0.007597 1.727867
0.948923 0.000255 0.000245 0.000136 0.000012 0.042831 0.007597 1.727898
0.949172 0.000254 0.000245 0.000138 0.000013 0.042582 0.007597 1.727923
0.949418 0.000252 0.000246 0.000136 0.000013 0.042338 0.007598 1.727948
0.949671 0.000243 0.000246 0.000140 0.000012 0.042090 0.007598 1.727975
0.949941 0.000235 0.000246 0.000140 0.000012 0.041829 0.007598 1.728002
0.950211 0.000229 0.000242 0.000142 0.000013 0.041566 0.007598 1.728025
0.950475 0.000226 0.000237 0.000140 0.000012 0.041313 0.007599 1.728044
0.950704 0.000229 0.000232 0.000134 0.000012 0.041092 0.007599 1.728065
0.950943 0.000217 0.000233 0.000134 0.000012 0.040862 0.007599 1.728093
0.951196 0.000210 0.000226 0.000136 0.000012 0.040621 0.007599 1.728115
0.951434 0.000204 0.000228 0.000132 0.000012 0.040392 0.007599 1.728137
0.951678 0.000206 0.000228 0.000133 0.000011 0.040146 0.007599 1.728158
0.951896 0.000206 0.000223 0.000129 0.000012 0.039936 0.007599 1.728179
0.952112 0.000210 0.000218 0.000125 0.000011 0.039726 0.007599 1.728201
0.952319 0.000199 0.000214 0.000128 0.000011 0.039530 0.007600 1.728225
0.952531 0.000201 0.000206 0.000123 0.000010 0.039329 0.007601 1.728243
0.952734 0.000202 0.000208 0.000115 0.000010 0.039131 0.007601 1.728263
0.952962 0.000196 0.000201 0.000115 0.000010 0.038915 0.007601 1.728284
0.953175 0.000194 0.000207 0.000113 0.000010 0.038701 0.007601 1.728307
0.953366 0.000195 0.000198 0.000116 0.000010 0.038514 0.007601 1.728326
0.953563 0.000192 0.000202 0.000114 0.000009 0.038319 0.007601 1.728345
0.953748 0.000193 0.000200 0.000111 0.000009 0.038138 0.007601 1.728360
0.953919 0.000192 0.000198 0.000108 0.000009 0.037973 0.007601 1.728380
0.954115 0.000195 0.000198 0.000105 0.000010 0.037776 0.007601 1.728396
0.954303 0.000197 0.000193 0.000095 0.000009 0.037600 0.007602 1.728410
0.954473 0.000194 0.000192 0.000092 0.000008 0.037439 0.007603 1.728429
0.954658 0.000190 0.000190 0.000091 0.000008 0.037261 0.007603 1.728447
0.954837 0.000180 0.000191 0.000093 0.000008 0.037089 0.007603 1.728467
0.955018 0.000170 0.000190 0.000090 0.000008 0.036921 0.007603 1.728490
0.955173 0.000171 0.000186 0.000091 0.000008 0.036770 0.007603 1.728506
0.955337 0.000176 0.000182 0.000090 0.000007 0.036606 0.007603 1.728520
0.955486 0.000180 0.000180 0.000088 0.000007 0.036456 0.007603 1.728533
0.955650 0.000173 0.000179 0.000092 0.000008 0.036295 0.007603 1.728553
0.955796 0.000174 0.000179 0.000089 0.000008 0.036152 0.007603 1.728571
0.955940 0.000174 0.000174 0.000089 0.000008 0.036013 0.007603 1.728587
0.956077 0.000172 0.000177 0.000087 0.000009 0.035875 0.007603 1.728603
0.956223 0.000176 0.000170 0.000086 0.000008 0.035734 0.007603 1.728615
0.956369 0.000162 0.000177 0.000089 0.000008 0.035592 0.007603 1.728641
0.956509 0.000160 0.000174 0.000090 0.000007 0.035457 0.007603 1.728657
0.956644 0.000152 0.000182 0.000089 0.000007 0.035324 0.007603 1.728678
0.956755 0.000157 0.000177 0.000087 0.000007 0.035214 0.007603 1.728690
0.956877 0.000155 0.000174 0.000089 0.000008 0.035093 0.007603 1.728706
0.956998 0.000154 0.000171 0.000091 0.000008 0.034974 0.007603 1.728725
0.957129 0.000149 0.000173 0.000090 0.000009 0.034848 0.007603 1.728742
0.957238 0.000143 0.000165 0.000089 0.000009 0.034753 0.007603 1.728754
0.957349 0.000137 0.000160 0.000090 0.000009 0.034652 0.007603 1.728771
0.957451 0.000133 0.000162 0.000089 0.000009 0.034551 0.007604 1.728790
0.957562 0.000133 0.000160 0.000087 0.000009 0.034445 0.007604 1.728802
0.957667 0.000134 0.000156 0.000087 0.000008 0.034345 0.007605 1.728814
0.957765 0.000131 0.000160 0.000087 0.000008 0.034245 0.007605 1.728832
0.957883 0.000130 0.000158 0.000082 0.000008 0.034136 0.007605 1.728844
0.957987 0.000131 0.000155 0.000080 0.000007 0.034035 0.007605 1.728854
0.958092 0.000131 0.000153 0.000078 0.000008 0.033933 0.007605 1.728866
0.958185 0.000130 0.000156 0.000077 0.000008 0.033842 0.007605 1.728879
0.958279 0.000129 0.000155 0.000077 0.000008 0.033748 0.007605 1.728895
0.958361 0.000130 0.000153 0.000076 0.000009 0.033667 0.007605 1.728907
0.958455 0.000127 0.000152 0.000073 0.000009 0.033580 0.007605 1.728918
0.958545 0.000126 0.000155 0.000072 0.000010 0.033489 0.007605 1.728930
0.958635 0.000128 0.000148 0.000070 0.000009 0.033407 0.007605 1.728939
0.958711 0.000133 0.000147 0.000067 0.000009 0.033329 0.007605 1.728950
0.958790 0.000124 0.000146 0.000070 0.000009 0.033257 0.007605 1.728967
0.958883 0.000125 0.000141 0.000069 0.000010 0.033168 0.007605 1.728978
0.958961 0.000127 0.000143 0.000068 0.000009 0.033087 0.007605 1.728988
0.959037 0.000129 0.000142 0.000067 0.000010 0.033010 0.007605 1.729001
0.959126 0.000127 0.000142 0.000070 0.000010 0.032922 0.007605 1.729012
0.959199 0.000126 0.000137 0.000067 0.000009 0.032857 0.007605 1.729025
0.959276 0.000122 0.000135 0.000068 0.000009 0.032787 0.007605 1.729039
0.959346 0.000125 0.000134 0.000066 0.000009 0.032716 0.007605 1.729050
0.959417 0.000130 0.000134 0.000061 0.000009 0.032644 0.007605 1.729061
0.959495 0.000128 0.000133 0.000059 0.000009 0.032572 0.007605 1.729074
0.959560 0.000125 0.000131 0.000061 0.000009 0.032508 0.007605 1.729089
0.959643 0.000122 0.000131 0.000061 0.000008 0.032430 0.007606 1.729103
0.959716 0.000122 0.000125 0.000057 0.000008 0.032366 0.007606 1.729111
0.959776 0.000125 0.000121 0.000056 0.000008 0.032308 0.007606 1.729121
0.959836 0.000127 0.000115 0.000055 0.000007 0.032253 0.007606 1.729131
0.959901 0.000127 0.000117 0.000054 0.000007 0.032188 0.007606 1.729141
0.959959 0.000126 0.000117 0.000055 0.000008 0.032130 0.007606 1.729153
0.960024 0.000122 0.000117 0.000055 0.000008 0.032069 0.007606 1.729167
0.960081 0.000126 0.000112 0.000057 0.000007 0.032011 0.007607 1.729176
0.960142 0.000121 0.000115 0.000061 0.000006 0.031948 0.007608 1.729191
0.960212 0.000121 0.000111 0.000061 0.000005 0.031883 0.007608 1.729202
0.960272 0.000116 0.000105 0.000059 0.000006 0.031834 0.007608 1.729213
0.960332 0.000118 0.000104 0.000060 0.000006 0.031773 0.007608 1.729224
0.960384 0.000115 0.000103 0.000060 0.000006 0.031724 0.007608 1.729234
0.960436 0.000114 0.000100 0.000057 0.000007 0.031678 0.007608 1.729243
0.960485 0.000119 0.000102 0.000055 0.000007 0.031625 0.007608 1.729251
0.960526 0.000122 0.000105 0.000054 0.000007 0.031579 0.007608 1.729264
0.960567 0.000119 0.000101 0.000054 0.000007 0.031545 0.007608 1.729276
0.960614 0.000114 0.000102 0.000051 0.000006 0.031506 0.007608 1.729286
0.960658 0.000114 0.000103 0.000050 0.000006 0.031462 0.007608 1.729296
0.960704 0.000109 0.000103 0.000053 0.000006 0.031417 0.007608 1.729308
0.960749 0.000104 0.000106 0.000053 0.000006 0.031374 0.007608 1.729320
0.960799 0.000105 0.000104 0.000054 0.000005 0.031325 0.007608 1.729330
0.960831 0.000110 0.000098 0.000050 0.000006 0.031298 0.007608 1.729335
0.960868 0.000112 0.000097 0.000049 0.000006 0.031260 0.007608 1.729345
0.960906 0.000107 0.000100 0.000049 0.000005 0.031225 0.007608 1.729358
0.960959 0.000100 0.000101 0.000053 0.000005 0.031174 0.007609 1.729371
0.960995 0.000098 0.000098 0.000052 0.000005 0.031143 0.007609 1.729382
0.961039 0.000101 0.000095 0.000049 0.000005 0.031101 0.007609 1.729387
0.961080 0.000099 0.000098 0.000048 0.000005 0.031062 0.007609 1.729398
0.961122 0.000097 0.000098 0.000047 0.000006 0.031022 0.007609 1.729408
0.961159 0.000097 0.000095 0.000046 0.000005 0.030989 0.007609 1.729416
0.961185 0.000100 0.000096 0.000046 0.000005 0.030959 0.007609 1.729424
0.961217 0.000106 0.000096 0.000046 0.000004 0.030921 0.007610 1.729432
0.961244 0.000107 0.000096 0.000044 0.000004 0.030896 0.007610 1.729442
0.961280 0.000105 0.000095 0.000045 0.000004 0.030862 0.007610 1.729451
0.961314 0.000101 0.000099 0.000047 0.000005 0.030823 0.007610 1.729463
0.961345 0.000106 0.000095 0.000048 0.000005 0.030793 0.007610 1.729472
0.961372 0.000101 0.000093 0.000047 0.000004 0.030773 0.007610 1.729486
0.961400 0.000105 0.000086 0.000047 0.000004 0.030748 0.007610 1.729492
0.961430 0.000102 0.000085 0.000046 0.000003 0.030723 0.007610 1.729503
0.961455 0.000103 0.000080 0.000046 0.000003 0.030703 0.007610 1.729512
0.961483 0.000101 0.000079 0.000047 0.000003 0.030677 0.007610 1.729523
0.961512 0.000101 0.000077 0.000047 0.000003 0.030651 0.007610 1.729531
0.961543 0.000093 0.000081 0.000047 0.000004 0.030622 0.007610 1.729545
0.961571 0.000094 0.000084 0.000046 0.000004 0.030592 0.007610 1.729554
0.961589 0.000092 0.000083 0.000046 0.000004 0.030577 0.007610 1.729565
0.961613 0.000089 0.000080 0.000046 0.000004 0.030559 0.007610 1.729575
0.961637 0.000089 0.000083 0.000045 0.000004 0.030532 0.007610 1.729585
0.961662 0.000086 0.000085 0.000044 0.000005 0.030508 0.007610 1.729595
0.961688 0.000083 0.000084 0.000046 0.000005 0.030484 0.007610 1.729605
0.961706 0.000087 0.000080 0.000046 0.000005 0.030467 0.007610 1.729612
0.961728 0.000086 0.000079 0.000046 0.000006 0.030447 0.007610 1.729622
0.961750 0.000084 0.000080 0.000047 0.000006 0.030423 0.007610 1.729631
0.961781 0.000081 0.000079 0.000048 0.000006 0.030395 0.007610 1.729640
0.961806 0.000077 0.000080 0.000046 0.000006 0.030375 0.007610 1.729649
0.961831 0.000076 0.000078 0.000045 0.000006 0.030354 0.007610 1.729657
0.961853 0.000070 0.000077 0.000044 0.000006 0.030340 0.007610 1.729669
0.961870 0.000070 0.000078 0.000044 0.000006 0.030322 0.007610 1.729676
0.961893 0.000065 0.000077 0.000044 0.000007 0.030304 0.007610 1.729685
0.961911 0.000065 0.000080 0.000043 0.000006 0.030283 0.007611 1.729693
0.961929 0.000065 0.000076 0.000043 0.000007 0.030271 0.007611 1.729702
0.961952 0.000062 0.000077 0.000041 0.000007 0.030251 0.007611 1.729709
0.961970 0.000062 0.000078 0.000037 0.000007 0.030236 0.007611 1.729715
0.961992 0.000062 0.000078 0.000038 0.000007 0.030213 0.007611 1.729721
0.962009 0.000063 0.000075 0.000035 0.000007 0.030201 0.007611 1.729726
0.962025 0.000063 0.000073 0.000034 0.000007 0.030188 0.007611 1.729732
0.962044 0.000060 0.000072 0.000034 0.000006 0.030173 0.007611 1.729738
0.962061 0.000057 0.000070 0.000036 0.000006 0.030158 0.007611 1.729746
0.962084 0.000062 0.000069 0.000033 0.000006 0.030135 0.007611 1.729749
0.962101 0.000062 0.000065 0.000035 0.000006 0.030120 0.007612 1.729754
0.962119 0.000063 0.000065 0.000032 0.000006 0.030104 0.007612 1.729760
0.962141 0.000063 0.000063 0.000032 0.000006 0.030085 0.007612 1.729764
0.962152 0.000064 0.000063 0.000033 0.000005 0.030072 0.007612 1.729770
0.962169 0.000063 0.000067 0.000034 0.000005 0.030050 0.007612 1.729777
0.962190 0.000060 0.000069 0.000034 0.000004 0.030031 0.007612 1.729783
0.962208 0.000058 0.000070 0.000033 0.000005 0.030015 0.007612 1.729790
0.962220 0.000057 0.000068 0.000033 0.000005 0.030006 0.007612 1.729794
0.962232 0.000054 0.000067 0.000032 0.000005 0.029998 0.007612 1.729800
0.962250 0.000049 0.000066 0.000033 0.000005 0.029985 0.007612 1.729808
0.962262 0.000050 0.000064 0.000033 0.000004 0.029975 0.007613 1.729815
0.962282 0.000048 0.000059 0.000033 0.000004 0.029963 0.007613 1.729819
0.962297 0.000047 0.000057 0.000032 0.000004 0.029952 0.007613 1.729824
0.962312 0.000044 0.000056 0.000032 0.000004 0.029940 0.007613 1.729829
0.962319 0.000049 0.000052 0.000030 0.000004 0.029934 0.007613 1.729832
0.962330 0.000047 0.000054 0.000028 0.000004 0.029925 0.007613 1.729839
0.962341 0.000044 0.000055 0.000029 0.000004 0.029913 0.007613 1.729847
0.962350 0.000048 0.000053 0.000028 0.000004 0.029903 0.007613 1.729850
0.962364 0.000047 0.000052 0.000026 0.000004 0.029894 0.007613 1.729854
0.962375 0.000048 0.000053 0.000025 0.000005 0.029882 0.007613 1.729859
0.962392 0.000045 0.000052 0.000024 0.000004 0.029870 0.007613 1.729864
0.962401 0.000046 0.000051 0.000024 0.000004 0.029861 0.007613 1.729869
0.962413 0.000048 0.000049 0.000027 0.000004 0.029848 0.007613 1.729872
0.962427 0.000048 0.000050 0.000027 0.000004 0.029832 0.007613 1.729876
0.962439 0.000053 0.000048 0.000026 0.000004 0.029818 0.007614 1.729878
0.962451 0.000051 0.000048 0.000025 0.000004 0.029809 0.007614 1.729882
0.962462 0.000053 0.000049 0.000023 0.000003 0.029795 0.007614 1.729887
0.962474 0.000049 0.000047 0.000025 0.000003 0.029788 0.007614 1.729892
0.962486 0.000050 0.000044 0.000024 0.000003 0.029778 0.007614 1.729895
0.962496 0.000051 0.000044 0.000020 0.000003 0.029771 0.007614 1.729899
0.962504 0.000050 0.000048 0.000019 0.000003 0.029762 0.007614 1.729904
0.962518 0.000051 0.000047 0.000019 0.000003 0.029748 0.007614 1.729907
0.962529 0.000047 0.000047 0.000018 0.000003 0.029743 0.007614 1.729913
0.962537 0.000046 0.000047 0.000018 0.000003 0.029735 0.007614 1.729918
0.962546 0.000044 0.000046 0.000020 0.000003 0.029728 0.007614 1.729924
0.962559 0.000040 0.000047 0.000021 0.000003 0.029716 0.007614 1.729929
0.962567 0.000040 0.000045 0.000022 0.000003 0.029710 0.007614 1.729934
0.962579 0.000044 0.000041 0.000020 0.000003 0.029700 0.007614 1.729935
0.962590 0.000044 0.000039 0.000021 0.000003 0.029690 0.007614 1.729938
0.962602 0.000043 0.000039 0.000022 0.000003 0.029677 0.007614 1.729944
0.962610 0.000042 0.000040 0.000023 0.000003 0.029668 0.007614 1.729950
0.962621 0.000043 0.000041 0.000021 0.000003 0.029658 0.007614 1.729953
0.962629 0.000041 0.000041 0.000023 0.000003 0.029648 0.007614 1.729959
0.962632 0.000044 0.000042 0.000023 0.000003 0.029642 0.007614 1.729964
0.962641 0.000040 0.000046 0.000023 0.000003 0.029634 0.007614 1.729970
0.962651 0.000041 0.000044 0.000022 0.000004 0.029624 0.007614 1.729973
0.962655 0.000038 0.000046 0.000023 0.000004 0.029619 0.007614 1.729979
0.962660 0.000038 0.000041 0.000022 0.000004 0.029621 0.007614 1.729982
0.962666 0.000037 0.000041 0.000022 0.000004 0.029617 0.007614 1.729986
0.962670 0.000038 0.000039 0.000022 0.000003 0.029614 0.007615 1.729990
0.962683 0.000036 0.000040 0.000021 0.000003 0.029603 0.007615 1.729994
0.962689 0.000038 0.000041 0.000019 0.000004 0.029595 0.007615 1.729999
0.962697 0.000036 0.000041 0.000022 0.000004 0.029587 0.007615 1.730004
0.962705 0.000033 0.000042 0.000023 0.000004 0.029579 0.007615 1.730011
0.962712 0.000033 0.000040 0.000020 0.000004 0.029577 0.007615 1.730013
0.962716 0.000034 0.000038 0.000021 0.000004 0.029573 0.007615 1.730016
0.962723 0.000036 0.000036 0.000019 0.000004 0.029568 0.007615 1.730018
0.962728 0.000038 0.000037 0.000017 0.000003 0.029562 0.007615 1.730020
0.962732 0.000034 0.000039 0.000017 0.000003 0.029561 0.007615 1.730028
0.962738 0.000034 0.000038 0.000018 0.000003 0.029554 0.007615 1.730031
0.962743 0.000035 0.000035 0.000018 0.000003 0.029551 0.007615 1.730034
0.962751 0.000036 0.000033 0.000020 0.000003 0.029543 0.007615 1.730037
0.962758 0.000039 0.000033 0.000019 0.000003 0.029534 0.007615 1.730039
0.962766 0.000037 0.000034 0.000017 0.000003 0.029529 0.007615 1.730044
0.962772 0.000037 0.000035 0.000017 0.000003 0.029522 0.007615 1.730047
0.962771 0.000037 0.000033 0.000018 0.000002 0.029523 0.007616 1.730052
0.962776 0.000037 0.000037 0.000018 0.000002 0.029515 0.007616 1.730057
0.962777 0.000034 0.000039 0.000018 0.000002 0.029514 0.007616 1.730063
0.962783 0.000030 0.000043 0.000018 0.000002 0.029509 0.007616 1.730069
0.962791 0.000030 0.000041 0.000018 0.000002 0.029503 0.007616 1.730070
0.962794 0.000031 0.000044 0.000014 0.000002 0.029499 0.007616 1.730073
0.962800 0.000029 0.000044 0.000014 0.000002 0.029494 0.007616 1.730078
0.962804 0.000028 0.000045 0.000014 0.000002 0.029492 0.007616 1.730082
0.962808 0.000028 0.000042 0.000014 0.000002 0.029491 0.007616 1.730084
0.962815 0.000027 0.000041 0.000013 0.000002 0.029486 0.007616 1.730088
0.962818 0.000027 0.000041 0.000012 0.000002 0.029485 0.007616 1.730091
0.962825 0.000026 0.000038 0.000014 0.000002 0.029479 0.007616 1.730093
0.962830 0.000027 0.000036 0.000013 0.000002 0.029477 0.007616 1.730096
0.962836 0.000025 0.000036 0.000012 0.000002 0.029473 0.007616 1.730099
0.962841 0.000026 0.000033 0.000014 0.000002 0.029469 0.007616 1.730102
0.962844 0.000027 0.000030 0.000014 0.000002 0.029467 0.007616 1.730103
0.962845 0.000029 0.000028 0.000014 0.000002 0.029466 0.007616 1.730104
0.962852 0.000025 0.000031 0.000015 0.000002 0.029459 0.007616 1.730110
0.962856 0.000024 0.000031 0.000013 0.000002 0.029458 0.007616 1.730113
0.962861 0.000023 0.000030 0.000012 0.000002 0.029457 0.007616 1.730115
0.962865 0.000023 0.000029 0.000013 0.000002 0.029452 0.007616 1.730118
0.962872 0.000022 0.000030 0.000013 0.000002 0.029446 0.007616 1.730121
0.962875 0.000021 0.000031 0.000013 0.000002 0.029442 0.007616 1.730124
0.962881 0.000021 0.000028 0.000012 0.000002 0.029440 0.007616 1.730125
0.962884 0.000021 0.000029 0.000012 0.000002 0.029437 0.007616 1.730128
0.962889 0.000020 0.000026 0.000011 0.000003 0.029435 0.007616 1.730129
0.962894 0.000019 0.000025 0.000010 0.000003 0.029433 0.007616 1.730131
0.962898 0.000019 0.000023 0.000010 0.000003 0.029432 0.007616 1.730133
0.962904 0.000018 0.000022 0.000010 0.000003 0.029427 0.007616 1.730134
0.962910 0.000020 0.000022 0.000009 0.000003 0.029421 0.007616 1.730135
0.962912 0.000022 0.000022 0.000008 0.000002 0.029419 0.007617 1.730135
0.962915 0.000023 0.000022 0.000007 0.000002 0.029415 0.007617 1.730136
0.962920 0.000022 0.000023 0.000006 0.000003 0.029411 0.007617 1.730138
0.962925 0.000021 0.000023 0.000006 0.000002 0.029407 0.007617 1.730140
0.962929 0.000020 0.000023 0.000006 0.000002 0.029403 0.007617 1.730142
0.962936 0.000019 0.000023 0.000006 0.000002 0.029396 0.007617 1.730145
0.962937 0.000020 0.000021 0.000007 0.000002 0.029396 0.007617 1.730147
0.962941 0.000018 0.000019 0.000008 0.000002 0.029395 0.007617 1.730149
0.962944 0.000019 0.000019 0.000009 0.000002 0.029390 0.007617 1.730150
0.962950 0.000019 0.000018 0.000010 0.000002 0.029385 0.007617 1.730152
0.962952 0.000020 0.000018 0.000010 0.000001 0.029382 0.007618 1.730153
0.962955 0.000020 0.000018 0.000009 0.000001 0.029379 0.007618 1.730155
0.962959 0.000020 0.000017 0.000010 0.000001 0.029376 0.007618 1.730156
0.962962 0.000023 0.000017 0.000009 0.000001 0.029372 0.007618 1.730158
0.962965 0.000022 0.000018 0.000009 0.000001 0.029369 0.007618 1.730160
0.962967 0.000022 0.000019 0.000010 0.000001 0.029364 0.007618 1.730163
0.962972 0.000022 0.000018 0.000010 0.000001 0.029360 0.007618 1.730164
0.962977 0.000022 0.000020 0.000009 0.000001 0.029354 0.007618 1.730166
0.962982 0.000020 0.000020 0.000009 0.000001 0.029351 0.007618 1.730168
0.962987 0.000019 0.000021 0.000009 0.000001 0.029346 0.007618 1.730170
0.962988 0.000019 0.000023 0.000009 0.000001 0.029343 0.007618 1.730173
0.962991 0.000019 0.000020 0.000009 0.000001 0.029343 0.007618 1.730174
0.962992 0.000020 0.000020 0.000010 0.000000 0.029340 0.007618 1.730177
0.962992 0.000022 0.000020 0.000011 0.000000 0.029336 0.007618 1.730178
0.962996 0.000020 0.000021 0.000012 0.000000 0.029333 0.007618 1.730181
0.962998 0.000020 0.000019 0.000013 0.000000 0.029331 0.007618 1.730182
0.963000 0.000020 0.000019 0.000013 0.000000 0.029330 0.007618 1.730184
0.963000 0.000022 0.000019 0.000013 0.000000 0.029328 0.007618 1.730186
0.963003 0.000019 0.000021 0.000013 0.000000 0.029326 0.007618 1.730189
0.963007 0.000018 0.000020 0.000013 0.000000 0.029325 0.007618 1.730192
0.963008 0.000016 0.000020 0.000014 0.000000 0.029323 0.007618 1.730195
0.963009 0.000016 0.000019 0.000013 0.000000 0.029324 0.007618 1.730198
0.963012 0.000015 0.000019 0.000012 0.000000 0.029324 0.007618 1.730200
0.963014 0.000016 0.000018 0.000012 0.000000 0.029322 0.007618 1.730201
0.963013 0.000016 0.000019 0.000011 0.000000 0.029323 0.007618 1.730203
0.963014 0.000014 0.000021 0.000009 0.000000 0.029324 0.007618 1.730205
0.963015 0.000013 0.000022 0.000008 0.000000 0.029323 0.007618 1.730207
0.963016 0.000014 0.000022 0.000008 0.000000 0.029323 0.007618 1.730208
0.963016 0.000015 0.000020 0.000008 0.000000 0.029322 0.007618 1.730209
0.963017 0.000015 0.000019 0.000008 0.000000 0.029322 0.007619 1.730210
0.963017 0.000016 0.000020 0.000008 0.000000 0.029320 0.007619 1.730212
0.963017 0.000016 0.000019 0.000008 0.000000 0.029321 0.007619 1.730214
0.963018 0.000018 0.000017 0.000008 0.000000 0.029320 0.007619 1.730214
0.963021 0.000017 0.000019 0.000007 0.000000 0.029318 0.007619 1.730217
0.963021 0.000018 0.000017 0.000007 0.000000 0.029319 0.007619 1.730218
0.963023 0.000019 0.000018 0.000007 0.000000 0.029315 0.007619 1.730219
0.963023 0.000019 0.000018 0.000007 0.000000 0.029315 0.007619 1.730221
0.963022 0.000019 0.000018 0.000006 0.000000 0.029315 0.007619 1.730223
0.963019 0.000022 0.000019 0.000006 0.000000 0.029316 0.007619 1.730226
0.963022 0.000022 0.000018 0.000007 0.000000 0.029312 0.007619 1.730227
0.963021 0.000023 0.000017 0.000006 0.000000 0.029313 0.007619 1.730228
0.963020 0.000022 0.000017 0.000006 0.000000 0.029315 0.007619 1.730232
0.963018 0.000024 0.000017 0.000006 0.000000 0.029316 0.007619 1.730234
0.963018 0.000025 0.000016 0.000007 0.000000 0.029316 0.007619 1.730235
0.963018 0.000024 0.000016 0.000008 0.000000 0.029315 0.007619 1.730239
0.963018 0.000025 0.000018 0.000007 0.000000 0.029314 0.007619 1.730241
0.963018 0.000024 0.000018 0.000007 0.000000 0.029315 0.007619 1.730244
0.963018 0.000025 0.000018 0.000006 0.000000 0.029314 0.007619 1.730245
0.963018 0.000024 0.000020 0.000006 0.000000 0.029313 0.007619 1.730247
0.963017 0.000024 0.000020 0.000006 0.000000 0.029314 0.007619 1.730249
0.963016 0.000024 0.000020 0.000006 0.000000 0.029315 0.007619 1.730252
