0.342313 0.062731 0.056471 0.032134 0.002082 0.498033 0.006236 1.629641
0.344915 0.060214 0.056416 0.031977 0.002080 0.498132 0.006266 1.635783
0.348328 0.057310 0.056144 0.031693 0.002069 0.498160 0.006296 1.641565
0.352114 0.054254 0.055848 0.031327 0.002071 0.498068 0.006318 1.647089
0.356307 0.051133 0.055369 0.030851 0.002065 0.497929 0.006346 1.652276
0.360751 0.048033 0.054726 0.030325 0.002079 0.497713 0.006372 1.657174
0.365297 0.045148 0.053865 0.029724 0.002087 0.497482 0.006397 1.661704
0.370075 0.042353 0.052965 0.029008 0.002096 0.497082 0.006421 1.665966
0.374848 0.039650 0.051948 0.028321 0.002093 0.496696 0.006446 1.670028
0.379624 0.037200 0.050753 0.027571 0.002085 0.496293 0.006474 1.673762
0.384536 0.034973 0.049498 0.026766 0.002073 0.495658 0.006498 1.677222
0.389672 0.032758 0.048274 0.026035 0.002071 0.494666 0.006524 1.680556
0.394640 0.030733 0.046947 0.025264 0.002066 0.493803 0.006547 1.683658
0.399705 0.028852 0.045580 0.024460 0.002039 0.492786 0.006578 1.686554
0.404797 0.027068 0.044220 0.023602 0.002037 0.491679 0.006597 1.689311
0.409905 0.025396 0.042797 0.022811 0.002027 0.490441 0.006622 1.691892
0.415143 0.023855 0.041376 0.022008 0.002012 0.488960 0.006647 1.694311
0.420274 0.022343 0.040044 0.021255 0.001989 0.487424 0.006670 1.696644
0.425701 0.020958 0.038706 0.020509 0.001969 0.485464 0.006694 1.698831
0.431006 0.019706 0.037314 0.019765 0.001921 0.483561 0.006728 1.700829
0.436281 0.018558 0.035961 0.019041 0.001907 0.481502 0.006751 1.702706
0.441574 0.017469 0.034624 0.018316 0.001872 0.479373 0.006774 1.704477
0.446901 0.016478 0.033225 0.017579 0.001846 0.477169 0.006801 1.706114
0.452265 0.015536 0.031961 0.016847 0.001833 0.474736 0.006822 1.707657
0.457599 0.014655 0.030726 0.016185 0.001801 0.472186 0.006848 1.709165
0.462927 0.013887 0.029560 0.015469 0.001776 0.469512 0.006870 1.710560
0.468207 0.013110 0.028349 0.014784 0.001739 0.466913 0.006897 1.711920
0.473514 0.012407 0.027191 0.014148 0.001714 0.464104 0.006922 1.713161
0.478703 0.011772 0.026075 0.013556 0.001683 0.461265 0.006947 1.714328
0.483977 0.011145 0.025042 0.012996 0.001666 0.458206 0.006969 1.715462
0.489248 0.010574 0.024006 0.012454 0.001645 0.455087 0.006986 1.716531
0.494387 0.010065 0.022999 0.011912 0.001613 0.452020 0.007005 1.717521
0.499618 0.009532 0.021996 0.011429 0.001580 0.448815 0.007030 1.718509
0.504744 0.009054 0.021077 0.010954 0.001562 0.445557 0.007052 1.719434
0.509876 0.008635 0.020160 0.010449 0.001528 0.442274 0.007078 1.720247
0.514981 0.008213 0.019328 0.009998 0.001504 0.438881 0.007096 1.721073
0.520088 0.007847 0.018513 0.009548 0.001474 0.435416 0.007115 1.721845
0.525146 0.007491 0.017723 0.009132 0.001437 0.431941 0.007132 1.722606
0.530096 0.007184 0.016992 0.008701 0.001408 0.428471 0.007149 1.723323
0.535057 0.006882 0.016238 0.008327 0.001373 0.424954 0.007168 1.723984
0.539971 0.006595 0.015546 0.007952 0.001338 0.421416 0.007184 1.724634
0.544828 0.006296 0.014905 0.007594 0.001312 0.417861 0.007204 1.725281
0.549683 0.006046 0.014229 0.007232 0.001280 0.414310 0.007220 1.725865
0.554542 0.005766 0.013627 0.006906 0.001246 0.410674 0.007239 1.726468
0.559396 0.005514 0.013021 0.006632 0.001216 0.406964 0.007257 1.727041
0.564097 0.005262 0.012533 0.006340 0.001189 0.403306 0.007272 1.727597
0.568753 0.005036 0.011989 0.006105 0.001160 0.399667 0.007292 1.728126
0.573521 0.004831 0.011448 0.005827 0.001125 0.395946 0.007303 1.728599
0.578105 0.004672 0.010954 0.005563 0.001101 0.392286 0.007320 1.729060
0.582733 0.004486 0.010506 0.005309 0.001071 0.388564 0.007332 1.729499
0.587296 0.004318 0.010044 0.005087 0.001053 0.384859 0.007342 1.729911
0.591819 0.004158 0.009636 0.004882 0.001030 0.381119 0.007355 1.730339
0.596298 0.003973 0.009236 0.004713 0.000999 0.377410 0.007370 1.730764
0.600710 0.003830 0.008816 0.004505 0.000967 0.373787 0.007384 1.731131
0.605117 0.003696 0.008443 0.004316 0.000934 0.370093 0.007401 1.731492
0.609527 0.003556 0.008093 0.004101 0.000910 0.366401 0.007412 1.731848
0.613819 0.003427 0.007739 0.003940 0.000886 0.362767 0.007422 1.732191
0.618142 0.003303 0.007409 0.003789 0.000867 0.359056 0.007433 1.732524
0.622409 0.003205 0.007106 0.003611 0.000844 0.355379 0.007445 1.732830
0.626664 0.003093 0.006818 0.003446 0.000819 0.351702 0.007459 1.733143
0.630808 0.003017 0.006534 0.003281 0.000796 0.348099 0.007468 1.733427
0.635036 0.002897 0.006283 0.003127 0.000764 0.344414 0.007480 1.733718
0.639102 0.002809 0.006024 0.002982 0.000736 0.340851 0.007496 1.733992
0.643127 0.002707 0.005770 0.002862 0.000712 0.337315 0.007509 1.734271
0.647166 0.002606 0.005540 0.002752 0.000690 0.333730 0.007515 1.734536
0.651095 0.002526 0.005329 0.002640 0.000672 0.330217 0.007522 1.734791
0.655041 0.002444 0.005120 0.002544 0.000650 0.326666 0.007535 1.735042
0.658911 0.002378 0.004901 0.002443 0.000629 0.323190 0.007548 1.735265
0.662764 0.002304 0.004697 0.002369 0.000610 0.319700 0.007557 1.735487
0.666624 0.002226 0.004539 0.002283 0.000586 0.316174 0.007569 1.735710
0.670387 0.002174 0.004346 0.002188 0.000569 0.312758 0.007578 1.735912
0.674132 0.002121 0.004199 0.002096 0.000553 0.309313 0.007585 1.736121
0.677887 0.002049 0.004036 0.002017 0.000534 0.305885 0.007593 1.736343
0.681512 0.001993 0.003890 0.001935 0.000522 0.302546 0.007601 1.736536
0.685163 0.001906 0.003777 0.001857 0.000511 0.299181 0.007606 1.736743
0.688752 0.001836 0.003625 0.001800 0.000497 0.295879 0.007612 1.736944
0.692310 0.001785 0.003473 0.001737 0.000481 0.292595 0.007619 1.737111
0.695859 0.001724 0.003370 0.001678 0.000466 0.289278 0.007626 1.737294
0.699375 0.001675 0.003254 0.001614 0.000454 0.285997 0.007632 1.737463
0.702870 0.001621 0.003152 0.001548 0.000446 0.282727 0.007637 1.737641
0.706299 0.001576 0.003029 0.001499 0.000428 0.279528 0.007642 1.737798
0.709639 0.001546 0.002901 0.001444 0.000416 0.276406 0.007649 1.737939
0.712985 0.001511 0.002780 0.001387 0.000402 0.273283 0.007652 1.738083
0.716256 0.001475 0.002682 0.001333 0.000389 0.270208 0.007658 1.738230
0.719456 0.001450 0.002591 0.001285 0.000376 0.267180 0.007663 1.738368
0.722707 0.001419 0.002517 0.001243 0.000370 0.264078 0.007666 1.738507
0.725949 0.001382 0.002452 0.001204 0.000357 0.260985 0.007672 1.738641
0.729105 0.001344 0.002372 0.001185 0.000343 0.257974 0.007677 1.738776
0.732248 0.001306 0.002298 0.001147 0.000332 0.254987 0.007682 1.738912
0.735262 0.001290 0.002208 0.001113 0.000324 0.252114 0.007689 1.739032
0.738366 0.001264 0.002139 0.001078 0.000313 0.249151 0.007690 1.739147
0.741394 0.001232 0.002081 0.001041 0.000303 0.246253 0.007697 1.739273
0.744409 0.001190 0.002021 0.001021 0.000293 0.243369 0.007698 1.739404
0.747337 0.001156 0.001960 0.000999 0.000284 0.240562 0.007701 1.739527
0.750249 0.001115 0.001895 0.000971 0.000280 0.237785 0.007705 1.739647
0.753186 0.001102 0.001839 0.000942 0.000269 0.234951 0.007711 1.739753
0.756026 0.001083 0.001785 0.000917 0.000258 0.232216 0.007715 1.739861
0.758833 0.001060 0.001729 0.000894 0.000249 0.229518 0.007719 1.739965
0.761599 0.001037 0.001673 0.000862 0.000242 0.226868 0.007720 1.740065
0.764378 0.001013 0.001628 0.000848 0.000236 0.224173 0.007724 1.740169
0.767077 0.000991 0.001581 0.000821 0.000230 0.221571 0.007729 1.740267
0.769752 0.000967 0.001535 0.000784 0.000221 0.219010 0.007732 1.740362
0.772484 0.000937 0.001499 0.000752 0.000214 0.216380 0.007735 1.740458
0.775077 0.000911 0.001452 0.000724 0.000206 0.213892 0.007738 1.740536
0.777646 0.000906 0.001413 0.000695 0.000199 0.211400 0.007741 1.740616
0.780272 0.000876 0.001386 0.000673 0.000195 0.208854 0.007743 1.740707
0.782836 0.000860 0.001336 0.000663 0.000190 0.206369 0.007747 1.740790
0.785393 0.000828 0.001307 0.000658 0.000189 0.203876 0.007749 1.740885
0.787867 0.000827 0.001276 0.000623 0.000185 0.201470 0.007751 1.740970
0.790307 0.000809 0.001248 0.000607 0.000177 0.199100 0.007753 1.741048
0.792681 0.000783 0.001208 0.000591 0.000171 0.196811 0.007755 1.741125
0.795136 0.000772 0.001161 0.000573 0.000164 0.194435 0.007759 1.741197
0.797582 0.000756 0.001132 0.000548 0.000159 0.192061 0.007761 1.741268
0.799943 0.000732 0.001105 0.000537 0.000156 0.189765 0.007763 1.741346
0.802279 0.000726 0.001074 0.000520 0.000156 0.187481 0.007764 1.741415
0.804507 0.000721 0.001040 0.000511 0.000152 0.185303 0.007765 1.741485
0.806761 0.000713 0.001008 0.000504 0.000146 0.183100 0.007768 1.741554
0.808992 0.000702 0.000988 0.000494 0.000142 0.180912 0.007770 1.741625
0.811211 0.000697 0.000953 0.000475 0.000139 0.178754 0.007771 1.741686
0.813345 0.000687 0.000931 0.000465 0.000133 0.176665 0.007773 1.741754
0.815475 0.000668 0.000926 0.000456 0.000128 0.174571 0.007775 1.741831
0.817614 0.000653 0.000909 0.000447 0.000125 0.172475 0.007777 1.741906
0.819726 0.000643 0.000883 0.000433 0.000122 0.170414 0.007779 1.741963
0.821834 0.000633 0.000859 0.000424 0.000120 0.168352 0.007780 1.742019
0.823892 0.000615 0.000835 0.000421 0.000115 0.166340 0.007782 1.742081
0.825913 0.000613 0.000812 0.000407 0.000109 0.164363 0.007784 1.742134
0.827882 0.000617 0.000788 0.000392 0.000107 0.162429 0.007784 1.742187
0.829846 0.000606 0.000779 0.000388 0.000105 0.160491 0.007785 1.742253
0.831772 0.000587 0.000766 0.000380 0.000103 0.158607 0.007786 1.742315
0.833726 0.000590 0.000740 0.000369 0.000100 0.156688 0.007788 1.742363
0.835650 0.000586 0.000720 0.000365 0.000095 0.154794 0.007791 1.742417
0.837526 0.000579 0.000703 0.000356 0.000092 0.152951 0.007793 1.742473
0.839410 0.000563 0.000694 0.000353 0.000090 0.151096 0.007795 1.742535
0.841276 0.000546 0.000690 0.000345 0.000091 0.149259 0.007795 1.742598
0.843136 0.000535 0.000666 0.000337 0.000090 0.147442 0.007795 1.742645
0.844984 0.000516 0.000656 0.000329 0.000089 0.145629 0.007795 1.742702
0.846768 0.000502 0.000651 0.000329 0.000085 0.143867 0.007797 1.742763
0.848526 0.000481 0.000640 0.000327 0.000083 0.142145 0.007799 1.742818
0.850220 0.000473 0.000611 0.000319 0.000079 0.140497 0.007802 1.742867
0.851878 0.000458 0.000611 0.000312 0.000076 0.138864 0.007803 1.742917
0.853556 0.000455 0.000593 0.000313 0.000074 0.137205 0.007804 1.742962
0.855239 0.000451 0.000588 0.000298 0.000075 0.135545 0.007804 1.743008
0.856908 0.000442 0.000580 0.000296 0.000072 0.133898 0.007806 1.743057
0.858510 0.000431 0.000574 0.000292 0.000072 0.132316 0.007806 1.743103
0.860166 0.000424 0.000559 0.000289 0.000072 0.130685 0.007806 1.743146
0.861771 0.000423 0.000542 0.000280 0.000067 0.129111 0.007807 1.743179
0.863324 0.000405 0.000535 0.000276 0.000066 0.127588 0.007808 1.743231
0.864838 0.000405 0.000517 0.000270 0.000064 0.126098 0.007809 1.743266
0.866336 0.000393 0.000512 0.000265 0.000062 0.124623 0.007810 1.743310
0.867816 0.000399 0.000494 0.000254 0.000061 0.123165 0.007811 1.743338
0.869260 0.000391 0.000490 0.000252 0.000059 0.121737 0.007811 1.743379
0.870724 0.000379 0.000477 0.000255 0.000057 0.120296 0.007812 1.743418
0.872143 0.000367 0.000475 0.000252 0.000056 0.118896 0.007812 1.743464
0.873540 0.000359 0.000476 0.000248 0.000055 0.117509 0.007812 1.743503
0.874868 0.000351 0.000461 0.000242 0.000054 0.116211 0.007812 1.743539
0.876191 0.000348 0.000449 0.000237 0.000054 0.114908 0.007815 1.743572
0.877504 0.000340 0.000436 0.000232 0.000052 0.113621 0.007816 1.743608
0.878817 0.000326 0.000433 0.000226 0.000050 0.112334 0.007816 1.743647
0.880051 0.000315 0.000425 0.000223 0.000050 0.111120 0.007816 1.743686
0.881319 0.000315 0.000422 0.000217 0.000049 0.109863 0.007817 1.743713
0.882602 0.000308 0.000412 0.000212 0.000049 0.108601 0.007817 1.743743
0.883815 0.000300 0.000406 0.000208 0.000047 0.107408 0.007818 1.743780
0.884975 0.000299 0.000395 0.000200 0.000047 0.106268 0.007818 1.743811
0.886203 0.000297 0.000391 0.000197 0.000045 0.105049 0.007819 1.743838
0.887419 0.000302 0.000376 0.000191 0.000044 0.103850 0.007819 1.743859
0.888534 0.000295 0.000377 0.000191 0.000041 0.102743 0.007819 1.743894
0.889643 0.000288 0.000382 0.000188 0.000041 0.101638 0.007820 1.743923
0.890765 0.000276 0.000374 0.000192 0.000040 0.100533 0.007821 1.743959
0.891860 0.000277 0.000362 0.000185 0.000038 0.099456 0.007822 1.743976
0.892950 0.000275 0.000355 0.000179 0.000037 0.098384 0.007822 1.744000
0.894021 0.000279 0.000355 0.000170 0.000037 0.097317 0.007823 1.744026
0.895075 0.000269 0.000343 0.000170 0.000036 0.096284 0.007824 1.744054
0.896122 0.000262 0.000337 0.000166 0.000033 0.095254 0.007825 1.744082
0.897123 0.000270 0.000334 0.000163 0.000032 0.094253 0.007826 1.744106
0.898100 0.000278 0.000325 0.000153 0.000031 0.093288 0.007826 1.744127
0.899065 0.000275 0.000319 0.000152 0.000030 0.092331 0.007828 1.744157
0.900026 0.000261 0.000322 0.000150 0.000029 0.091384 0.007828 1.744191
0.900966 0.000258 0.000316 0.000151 0.000028 0.090453 0.007829 1.744216
0.901868 0.000257 0.000309 0.000151 0.000027 0.089558 0.007829 1.744242
0.902766 0.000248 0.000310 0.000150 0.000027 0.088671 0.007829 1.744274
0.903650 0.000248 0.000297 0.000154 0.000026 0.087795 0.007829 1.744301
0.904492 0.000248 0.000297 0.000155 0.000025 0.086953 0.007830 1.744330
0.905361 0.000240 0.000292 0.000150 0.000025 0.086102 0.007831 1.744356
0.906215 0.000234 0.000287 0.000150 0.000023 0.085261 0.007831 1.744380
0.907049 0.000232 0.000283 0.000148 0.000024 0.084433 0.007831 1.744406
0.907853 0.000225 0.000282 0.000143 0.000023 0.083642 0.007832 1.744429
0.908687 0.000220 0.000279 0.000141 0.000024 0.082818 0.007832 1.744455
0.909426 0.000218 0.000271 0.000139 0.000023 0.082091 0.007832 1.744476
0.910197 0.000208 0.000269 0.000139 0.000023 0.081330 0.007833 1.744500
0.910923 0.000206 0.000264 0.000134 0.000023 0.080617 0.007833 1.744520
0.911643 0.000199 0.000262 0.000134 0.000023 0.079906 0.007834 1.744541
0.912351 0.000199 0.000255 0.000131 0.000022 0.079208 0.007834 1.744559
0.913039 0.000201 0.000254 0.000129 0.000022 0.078520 0.007834 1.744579
0.913727 0.000191 0.000247 0.000129 0.000021 0.077851 0.007834 1.744603
0.914404 0.000191 0.000242 0.000122 0.000020 0.077186 0.007834 1.744618
0.915065 0.000191 0.000237 0.000119 0.000020 0.076535 0.007834 1.744635
0.915678 0.000189 0.000229 0.000114 0.000020 0.075936 0.007834 1.744652
0.916299 0.000192 0.000220 0.000111 0.000019 0.075323 0.007836 1.744671
0.916903 0.000190 0.000210 0.000108 0.000019 0.074734 0.007836 1.744686
0.917503 0.000187 0.000212 0.000107 0.000018 0.074138 0.007836 1.744707
0.918092 0.000177 0.000208 0.000107 0.000016 0.073564 0.007836 1.744728
0.918663 0.000176 0.000207 0.000105 0.000015 0.072998 0.007836 1.744747
0.919212 0.000176 0.000201 0.000104 0.000015 0.072455 0.007836 1.744763
0.919760 0.000170 0.000195 0.000103 0.000015 0.071921 0.007836 1.744779
0.920312 0.000168 0.000189 0.000103 0.000015 0.071375 0.007836 1.744796
0.920842 0.000162 0.000187 0.000102 0.000015 0.070855 0.007836 1.744812
0.921339 0.000153 0.000185 0.000102 0.000015 0.070370 0.007836 1.744831
0.921791 0.000150 0.000188 0.000100 0.000014 0.069921 0.007836 1.744847
0.922268 0.000155 0.000184 0.000095 0.000014 0.069447 0.007836 1.744860
0.922714 0.000151 0.000183 0.000091 0.000015 0.069009 0.007836 1.744876
0.923157 0.000152 0.000176 0.000092 0.000014 0.068573 0.007836 1.744890
0.923588 0.000146 0.000178 0.000090 0.000014 0.068147 0.007837 1.744906
0.923988 0.000151 0.000171 0.000088 0.000014 0.067749 0.007837 1.744916
0.924398 0.000147 0.000173 0.000089 0.000013 0.067341 0.007838 1.744935
0.924810 0.000143 0.000171 0.000090 0.000013 0.066936 0.007838 1.744950
0.925202 0.000142 0.000166 0.000086 0.000012 0.066555 0.007838 1.744963
0.925566 0.000148 0.000163 0.000085 0.000011 0.066189 0.007838 1.744976
0.925945 0.000143 0.000156 0.000084 0.000011 0.065823 0.007838 1.744990
0.926297 0.000145 0.000155 0.000080 0.000010 0.065475 0.007838 1.745004
0.926622 0.000148 0.000148 0.000077 0.000010 0.065157 0.007838 1.745014
0.926977 0.000148 0.000144 0.000077 0.000009 0.064806 0.007838 1.745027
0.927303 0.000147 0.000140 0.000076 0.000008 0.064488 0.007839 1.745044
0.927646 0.000140 0.000143 0.000075 0.000008 0.064149 0.007839 1.745059
0.927971 0.000145 0.000131 0.000073 0.000008 0.063832 0.007839 1.745068
0.928287 0.000142 0.000134 0.000072 0.000008 0.063518 0.007839 1.745083
0.928584 0.000139 0.000135 0.000070 0.000007 0.063225 0.007840 1.745097
0.928873 0.000137 0.000134 0.000069 0.000007 0.062940 0.007840 1.745111
0.929138 0.000132 0.000135 0.000069 0.000007 0.062679 0.007840 1.745127
0.929403 0.000126 0.000138 0.000070 0.000007 0.062415 0.007840 1.745142
0.929679 0.000123 0.000137 0.000067 0.000007 0.062147 0.007840 1.745154
0.929936 0.000127 0.000132 0.000066 0.000007 0.061892 0.007840 1.745164
0.930206 0.000127 0.000130 0.000067 0.000006 0.061623 0.007840 1.745176
0.930462 0.000128 0.000128 0.000069 0.000006 0.061366 0.007840 1.745186
0.930686 0.000133 0.000126 0.000065 0.000005 0.061144 0.007841 1.745196
0.930903 0.000134 0.000126 0.000065 0.000005 0.060926 0.007841 1.745208
0.931130 0.000125 0.000125 0.000067 0.000005 0.060706 0.007841 1.745224
0.931356 0.000122 0.000122 0.000069 0.000005 0.060485 0.007841 1.745238
0.931562 0.000117 0.000121 0.000072 0.000005 0.060283 0.007841 1.745254
0.931777 0.000113 0.000122 0.000073 0.000005 0.060069 0.007841 1.745266
0.931983 0.000113 0.000119 0.000068 0.000006 0.059870 0.007841 1.745276
0.932182 0.000107 0.000117 0.000065 0.000006 0.059681 0.007841 1.745286
0.932360 0.000111 0.000113 0.000065 0.000006 0.059504 0.007841 1.745295
0.932543 0.000115 0.000112 0.000064 0.000005 0.059320 0.007841 1.745304
0.932732 0.000111 0.000111 0.000063 0.000005 0.059137 0.007841 1.745316
0.932913 0.000113 0.000109 0.000061 0.000005 0.058958 0.007841 1.745324
0.933091 0.000112 0.000106 0.000062 0.000005 0.058784 0.007841 1.745333
0.933259 0.000111 0.000103 0.000060 0.000005 0.058620 0.007841 1.745342
0.933423 0.000113 0.000104 0.000059 0.000005 0.058455 0.007841 1.745351
0.933596 0.000112 0.000107 0.000057 0.000006 0.058280 0.007841 1.745364
0.933767 0.000110 0.000104 0.000057 0.000006 0.058115 0.007841 1.745374
0.933910 0.000105 0.000105 0.000057 0.000006 0.057977 0.007841 1.745390
0.934059 0.000105 0.000102 0.000055 0.000006 0.057832 0.007841 1.745399
0.934210 0.000102 0.000107 0.000055 0.000006 0.057680 0.007841 1.745412
0.934375 0.000101 0.000106 0.000055 0.000006 0.057517 0.007841 1.745421
0.934535 0.000101 0.000102 0.000052 0.000005 0.057365 0.007841 1.745428
0.934653 0.000100 0.000100 0.000055 0.000005 0.057246 0.007841 1.745439
0.934786 0.000094 0.000102 0.000055 0.000005 0.057117 0.007842 1.745453
0.934917 0.000096 0.000097 0.000055 0.000004 0.056989 0.007842 1.745461
0.935049 0.000096 0.000093 0.000055 0.000004 0.056861 0.007842 1.745468
0.935184 0.000094 0.000094 0.000053 0.000004 0.056729 0.007842 1.745477
0.935310 0.000092 0.000095 0.000050 0.000005 0.056606 0.007842 1.745487
0.935433 0.000092 0.000094 0.000049 0.000005 0.056484 0.007842 1.745497
0.935538 0.000093 0.000091 0.000050 0.000006 0.056380 0.007842 1.745505
0.935663 0.000091 0.000095 0.000050 0.000005 0.056255 0.007842 1.745517
0.935780 0.000089 0.000092 0.000051 0.000005 0.056141 0.007842 1.745527
0.935887 0.000085 0.000087 0.000050 0.000005 0.056043 0.007842 1.745535
0.935985 0.000081 0.000086 0.000052 0.000005 0.055949 0.007842 1.745547
0.936090 0.000078 0.000087 0.000053 0.000005 0.055845 0.007842 1.745556
0.936207 0.000074 0.000086 0.000051 0.000004 0.055736 0.007842 1.745566
0.936306 0.000070 0.000093 0.000051 0.000004 0.055634 0.007842 1.745576
0.936406 0.000068 0.000095 0.000051 0.000005 0.055534 0.007842 1.745586
0.936513 0.000068 0.000093 0.000051 0.000005 0.055429 0.007842 1.745592
0.936607 0.000068 0.000092 0.000051 0.000004 0.055337 0.007843 1.745599
0.936699 0.000067 0.000088 0.000046 0.000003 0.055255 0.007843 1.745605
0.936787 0.000067 0.000087 0.000047 0.000003 0.055168 0.007843 1.745611
0.936875 0.000068 0.000083 0.000045 0.000003 0.055083 0.007843 1.745615
0.936963 0.000069 0.000083 0.000044 0.000003 0.054996 0.007843 1.745619
0.937035 0.000069 0.000079 0.000040 0.000003 0.054931 0.007843 1.745624
0.937123 0.000068 0.000077 0.000038 0.000003 0.054849 0.007843 1.745628
0.937193 0.000064 0.000077 0.000036 0.000003 0.054785 0.007843 1.745635
0.937263 0.000063 0.000076 0.000036 0.000003 0.054717 0.007843 1.745642
0.937346 0.000063 0.000069 0.000034 0.000003 0.054642 0.007843 1.745648
0.937429 0.000064 0.000065 0.000038 0.000003 0.054559 0.007843 1.745654
0.937504 0.000063 0.000065 0.000035 0.000003 0.054487 0.007843 1.745661
0.937587 0.000064 0.000063 0.000035 0.000003 0.054406 0.007843 1.745666
0.937651 0.000061 0.000065 0.000033 0.000003 0.054344 0.007843 1.745673
0.937716 0.000060 0.000063 0.000034 0.000003 0.054282 0.007843 1.745679
0.937775 0.000060 0.000063 0.000032 0.000003 0.054225 0.007843 1.745683
0.937841 0.000061 0.000060 0.000031 0.000003 0.054162 0.007843 1.745687
0.937912 0.000061 0.000059 0.000030 0.000003 0.054092 0.007843 1.745692
0.937966 0.000059 0.000059 0.000031 0.000003 0.054040 0.007843 1.745699
0.938029 0.000059 0.000057 0.000032 0.000003 0.053978 0.007843 1.745703
0.938084 0.000062 0.000057 0.000033 0.000003 0.053919 0.007843 1.745708
0.938147 0.000063 0.000056 0.000032 0.000003 0.053857 0.007843 1.745713
0.938205 0.000059 0.000057 0.000031 0.000003 0.053802 0.007843 1.745721
0.938263 0.000055 0.000055 0.000034 0.000003 0.053747 0.007843 1.745729
0.938320 0.000054 0.000055 0.000034 0.000003 0.053691 0.007843 1.745734
0.938374 0.000052 0.000053 0.000034 0.000003 0.053641 0.007843 1.745740
0.938427 0.000051 0.000053 0.000034 0.000003 0.053590 0.007843 1.745744
0.938473 0.000053 0.000055 0.000031 0.000003 0.053543 0.007843 1.745748
0.938512 0.000051 0.000056 0.000030 0.000003 0.053506 0.007843 1.745753
0.938559 0.000047 0.000055 0.000028 0.000003 0.053466 0.007843 1.745759
0.938593 0.000048 0.000056 0.000028 0.000003 0.053431 0.007843 1.745765
0.938635 0.000047 0.000053 0.000027 0.000003 0.053393 0.007843 1.745768
0.938683 0.000046 0.000052 0.000026 0.000003 0.053348 0.007843 1.745773
0.938727 0.000044 0.000054 0.000026 0.000003 0.053304 0.007843 1.745780
0.938772 0.000048 0.000048 0.000024 0.000003 0.053262 0.007843 1.745782
0.938816 0.000046 0.000045 0.000024 0.000003 0.053224 0.007843 1.745788
0.938842 0.000048 0.000045 0.000023 0.000003 0.053198 0.007843 1.745791
0.938874 0.000047 0.000046 0.000022 0.000003 0.053165 0.007843 1.745795
0.938915 0.000045 0.000046 0.000022 0.000003 0.053128 0.007843 1.745799
0.938943 0.000044 0.000045 0.000023 0.000003 0.053101 0.007843 1.745804
0.938972 0.000042 0.000046 0.000026 0.000003 0.053068 0.007843 1.745811
0.939009 0.000041 0.000045 0.000024 0.000002 0.053036 0.007843 1.745814
0.939031 0.000041 0.000043 0.000023 0.000002 0.053017 0.007843 1.745819
0.939065 0.000043 0.000045 0.000023 0.000002 0.052979 0.007843 1.745821
0.939092 0.000041 0.000043 0.000024 0.000002 0.052955 0.007843 1.745826
0.939127 0.000042 0.000042 0.000022 0.000002 0.052922 0.007843 1.745829
0.939154 0.000044 0.000042 0.000021 0.000002 0.052894 0.007843 1.745832
0.939187 0.000041 0.000044 0.000021 0.000002 0.052862 0.007843 1.745838
0.939211 0.000041 0.000043 0.000021 0.000002 0.052839 0.007843 1.745843
0.939241 0.000042 0.000043 0.000022 0.000002 0.052808 0.007843 1.745847
0.939275 0.000039 0.000044 0.000022 0.000002 0.052775 0.007843 1.745852
0.939301 0.000040 0.000044 0.000022 0.000002 0.052748 0.007843 1.745855
0.939322 0.000037 0.000045 0.000021 0.000002 0.052729 0.007843 1.745860
0.939355 0.000035 0.000045 0.000021 0.000002 0.052699 0.007843 1.745863
0.939386 0.000033 0.000045 0.000021 0.000002 0.052670 0.007843 1.745866
0.939414 0.000032 0.000044 0.000020 0.000002 0.052645 0.007843 1.745869
0.939435 0.000029 0.000044 0.000021 0.000002 0.052625 0.007843 1.745875
0.939463 0.000027 0.000045 0.000020 0.000002 0.052600 0.007843 1.745880
0.939485 0.000028 0.000043 0.000020 0.000002 0.052580 0.007843 1.745882
0.939508 0.000029 0.000040 0.000020 0.000002 0.052558 0.007843 1.745886
0.939525 0.000027 0.000040 0.000019 0.000002 0.052543 0.007843 1.745890
0.939543 0.000026 0.000042 0.000020 0.000002 0.052523 0.007843 1.745895
0.939563 0.000025 0.000041 0.000020 0.000002 0.052507 0.007844 1.745898
0.939580 0.000025 0.000038 0.000019 0.000002 0.052492 0.007844 1.745899
0.939594 0.000026 0.000037 0.000017 0.000002 0.052481 0.007844 1.745902
0.939611 0.000028 0.000035 0.000014 0.000002 0.052466 0.007844 1.745903
0.939628 0.000026 0.000035 0.000015 0.000002 0.052451 0.007844 1.745907
0.939643 0.000028 0.000035 0.000016 0.000002 0.052434 0.007844 1.745910
0.939657 0.000029 0.000037 0.000015 0.000002 0.052417 0.007844 1.745913
0.939676 0.000029 0.000036 0.000015 0.000002 0.052399 0.007844 1.745915
0.939691 0.000030 0.000033 0.000015 0.000002 0.052387 0.007844 1.745917
0.939708 0.000030 0.000029 0.000015 0.000002 0.052374 0.007844 1.745920
0.939728 0.000032 0.000027 0.000015 0.000002 0.052353 0.007844 1.745921
0.939750 0.000033 0.000029 0.000014 0.000002 0.052330 0.007844 1.745923
0.939766 0.000029 0.000030 0.000014 0.000001 0.052317 0.007844 1.745927
0.939782 0.000029 0.000029 0.000015 0.000001 0.052300 0.007844 1.745929
0.939794 0.000030 0.000030 0.000015 0.000001 0.052288 0.007844 1.745931
0.939811 0.000028 0.000030 0.000017 0.000001 0.052270 0.007844 1.745935
0.939830 0.000028 0.000032 0.000016 0.000001 0.052249 0.007844 1.745938
0.939844 0.000028 0.000031 0.000013 0.000001 0.052239 0.007844 1.745941
0.939862 0.000028 0.000030 0.000012 0.000001 0.052223 0.007844 1.745942
0.939880 0.000029 0.000030 0.000012 0.000001 0.052206 0.007844 1.745944
0.939892 0.000032 0.000029 0.000011 0.000001 0.052192 0.007844 1.745945
0.939898 0.000033 0.000029 0.000011 0.000001 0.052185 0.007844 1.745949
0.939919 0.000030 0.000031 0.000010 0.000001 0.052166 0.007844 1.745953
0.939933 0.000027 0.000031 0.000012 0.000001 0.052152 0.007844 1.745958
0.939947 0.000027 0.000029 0.000012 0.000000 0.052141 0.007844 1.745961
0.939963 0.000026 0.000029 0.000013 0.000001 0.052125 0.007844 1.745965
0.939976 0.000024 0.000030 0.000013 0.000001 0.052111 0.007844 1.745969
0.939991 0.000024 0.000030 0.000013 0.000001 0.052098 0.007844 1.745971
0.940000 0.000026 0.000031 0.000013 0.000001 0.052086 0.007844 1.745973
0.940016 0.000025 0.000032 0.000014 0.000001 0.052069 0.007844 1.745976
0.940029 0.000024 0.000028 0.000014 0.000001 0.052060 0.007844 1.745978
0.940037 0.000024 0.000029 0.000014 0.000001 0.052053 0.007844 1.745980
0.940053 0.000022 0.000031 0.000016 0.000000 0.052035 0.007844 1.745984
0.940059 0.000024 0.000028 0.000014 0.000000 0.052030 0.007844 1.745985
0.940067 0.000026 0.000027 0.000013 0.000000 0.052023 0.007844 1.745986
0.940078 0.000024 0.000027 0.000013 0.000000 0.052014 0.007844 1.745989
0.940087 0.000024 0.000027 0.000012 0.000000 0.052007 0.007844 1.745992
0.940102 0.000023 0.000027 0.000013 0.000000 0.051992 0.007844 1.745994
0.940112 0.000022 0.000026 0.000013 0.000000 0.051984 0.007844 1.745996
0.940124 0.000023 0.000024 0.000011 0.000000 0.051974 0.007844 1.745996
0.940132 0.000025 0.000024 0.000011 0.000000 0.051964 0.007844 1.745999
0.940140 0.000024 0.000023 0.000012 0.000000 0.051958 0.007844 1.746001
0.940147 0.000026 0.000022 0.000011 0.000001 0.051950 0.007844 1.746002
0.940154 0.000027 0.000023 0.000010 0.000001 0.051942 0.007844 1.746004
0.940160 0.000027 0.000024 0.000011 0.000001 0.051934 0.007844 1.746008
0.940168 0.000026 0.000024 0.000010 0.000001 0.051927 0.007844 1.746011
0.940175 0.000025 0.000024 0.000012 0.000001 0.051920 0.007844 1.746016
0.940183 0.000026 0.000023 0.000012 0.000001 0.051913 0.007844 1.746018
0.940193 0.000023 0.000024 0.000013 0.000000 0.051903 0.007844 1.746022
0.940201 0.000025 0.000025 0.000012 0.000000 0.051894 0.007844 1.746023
0.940204 0.000027 0.000024 0.000012 0.000000 0.051889 0.007844 1.746025
0.940212 0.000027 0.000025 0.000012 0.000000 0.051881 0.007844 1.746027
0.940220 0.000023 0.000024 0.000014 0.000000 0.051876 0.007844 1.746032
0.940225 0.000024 0.000023 0.000014 0.000000 0.051870 0.007844 1.746035
0.940233 0.000022 0.000023 0.000014 0.000000 0.051865 0.007844 1.746036
0.940234 0.000022 0.000024 0.000013 0.000000 0.051864 0.007844 1.746040
0.940240 0.000020 0.000025 0.000013 0.000000 0.051858 0.007844 1.746043
0.940246 0.000022 0.000026 0.000013 0.000000 0.051850 0.007844 1.746044
0.940252 0.000024 0.000023 0.000013 0.000000 0.051845 0.007844 1.746045
0.940259 0.000024 0.000022 0.000013 0.000000 0.051839 0.007844 1.746046
0.940260 0.000024 0.000021 0.000015 0.000000 0.051836 0.007844 1.746048
0.940265 0.000024 0.000019 0.000013 0.000000 0.051834 0.007844 1.746050
0.940273 0.000024 0.000020 0.000012 0.000000 0.051827 0.007844 1.746053
0.940275 0.000027 0.000019 0.000012 0.000000 0.051823 0.007844 1.746054
0.940281 0.000024 0.000021 0.000013 0.000000 0.051816 0.007844 1.746058
0.940289 0.000024 0.000019 0.000013 0.000000 0.051811 0.007844 1.746059
0.940295 0.000024 0.000019 0.000013 0.000000 0.051805 0.007844 1.746062
0.940302 0.000022 0.000019 0.000014 0.000000 0.051798 0.007844 1.746066
0.940304 0.000023 0.000019 0.000015 0.000000 0.051796 0.007844 1.746069
0.940310 0.000023 0.000019 0.000012 0.000000 0.051793 0.007844 1.746070
0.940315 0.000022 0.000019 0.000013 0.000000 0.051788 0.007844 1.746073
0.940322 0.000022 0.000018 0.000013 0.000000 0.051781 0.007844 1.746075
0.940323 0.000025 0.000017 0.000012 0.000000 0.051779 0.007844 1.746077
0.940327 0.000023 0.000017 0.000013 0.000000 0.051776 0.007844 1.746080
0.940330 0.000023 0.000018 0.000014 0.000000 0.051771 0.007844 1.746084
0.940336 0.000019 0.000020 0.000014 0.000000 0.051766 0.007844 1.746087
0.940341 0.000020 0.000020 0.000013 0.000000 0.051761 0.007844 1.746088
0.940341 0.000024 0.000019 0.000012 0.000002 0.051760 0.007844 1.746089
0.940345 0.000022 0.000019 0.000011 0.000002 0.051757 0.007844 1.746092
0.940347 0.000022 0.000019 0.000012 0.000002 0.051756 0.007844 1.746094
0.940351 0.000020 0.000020 0.000011 0.000002 0.051752 0.007844 1.746097
0.940357 0.000018 0.000022 0.000012 0.000002 0.051747 0.007844 1.746099
0.940363 0.000018 0.000022 0.000011 0.000002 0.051741 0.007844 1.746101
0.940366 0.000019 0.000022 0.000011 0.000001 0.051738 0.007844 1.746102
0.940371 0.000019 0.000021 0.000009 0.000001 0.051735 0.007844 1.746104
0.940375 0.000018 0.000020 0.000010 0.000001 0.051733 0.007844 1.746106
0.940374 0.000018 0.000022 0.000011 0.000001 0.051730 0.007844 1.746109
0.940379 0.000016 0.000024 0.000009 0.000001 0.051726 0.007844 1.746112
0.940381 0.000018 0.000024 0.000009 0.000001 0.051722 0.007844 1.746113
0.940384 0.000017 0.000024 0.000009 0.000001 0.051720 0.007844 1.746115
0.940386 0.000016 0.000026 0.000009 0.000001 0.051718 0.007844 1.746117
0.940391 0.000014 0.000027 0.000009 0.000001 0.051714 0.007844 1.746120
0.940390 0.000016 0.000026 0.000008 0.000001 0.051714 0.007844 1.746122
0.940394 0.000017 0.000025 0.000008 0.000001 0.051711 0.007844 1.746123
0.940398 0.000017 0.000025 0.000008 0.000001 0.051707 0.007844 1.746124
0.940400 0.000017 0.000025 0.000007 0.000001 0.051706 0.007844 1.746124
0.940401 0.000018 0.000024 0.000007 0.000001 0.051704 0.007844 1.746125
0.940400 0.000021 0.000022 0.000007 0.000001 0.051705 0.007844 1.746126
0.940400 0.000022 0.000020 0.000006 0.000001 0.051706 0.007844 1.746127
0.940402 0.000020 0.000019 0.000007 0.000001 0.051706 0.007844 1.746129
0.940407 0.000021 0.000019 0.000007 0.000001 0.051701 0.007844 1.746131
0.940409 0.000021 0.000019 0.000007 0.000001 0.051699 0.007844 1.746132
0.940412 0.000018 0.000019 0.000007 0.000001 0.051698 0.007844 1.746135
0.940415 0.000017 0.000019 0.000008 0.000001 0.051696 0.007844 1.746137
0.940414 0.000017 0.000018 0.000008 0.000001 0.051697 0.007844 1.746139
0.940416 0.000017 0.000019 0.000008 0.000001 0.051696 0.007844 1.746141
0.940419 0.000016 0.000018 0.000007 0.000001 0.051696 0.007844 1.746142
0.940422 0.000016 0.000017 0.000006 0.000001 0.051694 0.007844 1.746144
0.940426 0.000016 0.000018 0.000006 0.000001 0.051688 0.007844 1.746145
0.940428 0.000016 0.000017 0.000005 0.000001 0.051689 0.007844 1.746146
0.940427 0.000016 0.000016 0.000006 0.000001 0.051690 0.007844 1.746148
0.940428 0.000015 0.000016 0.000006 0.000001 0.051690 0.007844 1.746151
0.940432 0.000014 0.000014 0.000007 0.000000 0.051689 0.007844 1.746152
0.940434 0.000012 0.000016 0.000006 0.000000 0.051687 0.007844 1.746154
0.940438 0.000013 0.000016 0.000005 0.000000 0.051684 0.007844 1.746154
0.940442 0.000013 0.000016 0.000005 0.000000 0.051680 0.007844 1.746155
0.940443 0.000014 0.000016 0.000005 0.000000 0.051678 0.007845 1.746156
0.940444 0.000016 0.000015 0.000004 0.000000 0.051677 0.007845 1.746157
0.940444 0.000018 0.000014 0.000004 0.000000 0.051676 0.007845 1.746157
0.940446 0.000017 0.000014 0.000003 0.000000 0.051675 0.007845 1.746160
0.940448 0.000018 0.000013 0.000004 0.000000 0.051673 0.007845 1.746161
0.940453 0.000017 0.000013 0.000005 0.000000 0.051669 0.007845 1.746162
0.940456 0.000017 0.000013 0.000004 0.000000 0.051666 0.007845 1.746163
0.940459 0.000018 0.000013 0.000004 0.000000 0.051662 0.007845 1.746165
0.940463 0.000019 0.000013 0.000005 0.000000 0.051657 0.007845 1.746165
0.940465 0.000017 0.000011 0.000006 0.000000 0.051656 0.007845 1.746169
0.940469 0.000016 0.000011 0.000005 0.000000 0.051654 0.007845 1.746169
0.940471 0.000017 0.000010 0.000005 0.000000 0.051653 0.007845 1.746169
0.940472 0.000017 0.000009 0.000005 0.000000 0.051653 0.007845 1.746171
0.940472 0.000018 0.000010 0.000004 0.000000 0.051652 0.007845 1.746171
0.940474 0.000016 0.000011 0.000005 0.000000 0.051650 0.007845 1.746174
0.940475 0.000016 0.000011 0.000007 0.000000 0.051648 0.007845 1.746176
0.940476 0.000016 0.000011 0.000007 0.000000 0.051647 0.007845 1.746177
0.940478 0.000015 0.000012 0.000006 0.000000 0.051645 0.007845 1.746179
0.940480 0.000014 0.000012 0.000007 0.000000 0.051643 0.007845 1.746180
0.940481 0.000014 0.000013 0.000006 0.000000 0.051642 0.007845 1.746182
0.940485 0.000012 0.000012 0.000006 0.000000 0.051641 0.007845 1.746183
0.940489 0.000011 0.000011 0.000006 0.000000 0.051638 0.007845 1.746184
0.940494 0.000011 0.000012 0.000006 0.000000 0.051634 0.007845 1.746184
0.940497 0.000011 0.000010 0.000007 0.000000 0.051632 0.007845 1.746185
0.940498 0.000010 0.000009 0.000007 0.000000 0.051632 0.007845 1.746186
0.940500 0.000008 0.000010 0.000008 0.000000 0.051630 0.007845 1.746188
0.940502 0.000008 0.000010 0.000007 0.000000 0.051628 0.007845 1.746189
0.940505 0.000008 0.000010 0.000006 0.000000 0.051626 0.007845 1.746189
0.940508 0.000009 0.000009 0.000006 0.000000 0.051623 0.007845 1.746189
0.940511 0.000007 0.000010 0.000007 0.000000 0.051621 0.007845 1.746191
0.940515 0.000007 0.000010 0.000007 0.000000 0.051617 0.007845 1.746191
0.940518 0.000006 0.000010 0.000006 0.000000 0.051616 0.007845 1.746192
0.940521 0.000005 0.000010 0.000006 0.000000 0.051614 0.007845 1.746193
0.940523 0.000005 0.000008 0.000006 0.000000 0.051614 0.007845 1.746193
0.940526 0.000005 0.000009 0.000005 0.000000 0.051611 0.007845 1.746194
0.940528 0.000005 0.000008 0.000005 0.000000 0.051609 0.007845 1.746195
0.940531 0.000005 0.000007 0.000005 0.000000 0.051608 0.007845 1.746195
0.940533 0.000005 0.000006 0.000005 0.000000 0.051607 0.007845 1.746195
0.940535 0.000005 0.000005 0.000005 0.000000 0.051606 0.007845 1.746195
0.940536 0.000005 0.000006 0.000003 0.000000 0.051606 0.007845 1.746196
0.940539 0.000005 0.000005 0.000003 0.000000 0.051603 0.007845 1.746196
0.940542 0.000005 0.000004 0.000004 0.000000 0.051601 0.007845 1.746196
0.940545 0.000004 0.000004 0.000003 0.000000 0.051599 0.007845 1.746197
0.940548 0.000004 0.000004 0.000003 0.000000 0.051596 0.007845 1.746197
0.940552 0.000004 0.000005 0.000003 0.000000 0.051592 0.007845 1.746197
0.940556 0.000003 0.000005 0.000003 0.000000 0.051588 0.007845 1.746198
0.940559 0.000003 0.000006 0.000003 0.000000 0.051586 0.007845 1.746198
0.940562 0.000002 0.000006 0.000003 0.000000 0.051584 0.007845 1.746200
0.940565 0.000002 0.000006 0.000003 0.000000 0.051580 0.007845 1.746200
0.940567 0.000001 0.000005 0.000002 0.000000 0.051580 0.007845 1.746200
0.940569 0.000001 0.000005 0.000002 0.000000 0.051577 0.007845 1.746200
0.940570 0.000001 0.000004 0.000002 0.000000 0.051578 0.007845 1.746200
0.940572 0.000001 0.000004 0.000001 0.000000 0.051577 0.007845 1.746200
0.940573 0.000001 0.000003 0.000001 0.000000 0.051577 0.007845 1.746200
0.940575 0.000001 0.000003 0.000001 0.000000 0.051575 0.007845 1.746200
0.940575 0.000001 0.000004 0.000000 0.000000 0.051575 0.007845 1.746201
0.940576 0.000002 0.000004 0.000000 0.000000 0.051574 0.007845 1.746201
0.940578 0.000002 0.000003 0.000000 0.000000 0.051572 0.007845 1.746201
0.940579 0.000002 0.000003 0.000000 0.000000 0.051572 0.007845 1.746201
0.940581 0.000002 0.000003 0.000000 0.000000 0.051570 0.007845 1.746201
0.940582 0.000001 0.000002 0.000001 0.000000 0.051569 0.007845 1.746202
0.940583 0.000000 0.000003 0.000001 0.000000 0.051568 0.007845 1.746202
0.940583 0.000001 0.000003 0.000000 0.000000 0.051568 0.007845 1.746202
0.940584 0.000001 0.000001 0.000000 0.000000 0.051569 0.007845 1.746202
0.940585 0.000001 0.000001 0.000000 0.000000 0.051567 0.007845 1.746202
0.940586 0.000001 0.000001 0.000000 0.000000 0.051567 0.007845 1.746202
0.940588 0.000001 0.000001 0.000000 0.000000 0.051565 0.007845 1.746202
0.940589 0.000000 0.000002 0.000000 0.000000 0.051564 0.007845 1.746202
0.940590 0.000000 0.000002 0.000000 0.000000 0.051563 0.007845 1.746202
0.940592 0.000000 0.000002 0.000000 0.000000 0.051561 0.007845 1.746202
0.940592 0.000001 0.000001 0.000000 0.000000 0.051561 0.007845 1.746202
0.940593 0.000001 0.000001 0.000000 0.000000 0.051560 0.007845 1.746202
0.940595 0.000001 0.000001 0.000000 0.000000 0.051558 0.007845 1.746202
0.940596 0.000001 0.000001 0.000000 0.000000 0.051557 0.007845 1.746202
0.940597 0.000000 0.000001 0.000000 0.000000 0.051556 0.007845 1.746203
0.940598 0.000000 0.000001 0.000001 0.000000 0.051555 0.007845 1.746204
0.940599 0.000000 0.000000 0.000001 0.000000 0.051554 0.007845 1.746204
0.940600 0.000000 0.000000 0.000001 0.000000 0.051554 0.007845 1.746204
0.940601 0.000000 0.000000 0.000001 0.000000 0.051553 0.007845 1.746204
0.940601 0.000000 0.000000 0.000000 0.000000 0.051553 0.007845 1.746204
0.940602 0.000000 0.000000 0.000000 0.000000 0.051553 0.007845 1.746204
0.940602 0.000000 0.000000 0.000000 0.000000 0.051552 0.007845 1.746204
0.940603 0.000000 0.000000 0.000000 0.000000 0.051552 0.007845 1.746204
0.940603 0.000000 0.000000 0.000000 0.000000 0.051551 0.007845 1.746204
0.940603 0.000000 0.000000 0.000000 0.000000 0.051551 0.007846 1.746204
0.940604 0.000000 0.000000 0.000000 0.000000 0.051551 0.007846 1.746204
0.940604 0.000000 0.000000 0.000000 0.000000 0.051550 0.007846 1.746204
0.940605 0.000000 0.000000 0.000000 0.000000 0.051550 0.007846 1.746204
0.940605 0.000000 0.000000 0.000000 0.000000 0.051550 0.007846 1.746204
0.940605 0.000000 0.000000 0.000000 0.000000 0.051550 0.007846 1.746204
0.940605 0.000000 0.000000 0.000000 0.000000 0.051550 0.007846 1.746204
0.940605 0.000000 0.000000 0.000000 0.000000 0.051550 0.007846 1.746204
0.940605 0.000000 0.000000 0.000000 0.000000 0.051550 0.007846 1.746204
0.940605 0.000000 0.000000 0.000000 0.000000 0.051550 0.007846 1.746204
0.940605 0.000000 0.000000 0.000000 0.000000 0.051550 0.007846 1.746204
0.940605 0.000000 0.000000 0.000000 0.000000 0.051550 0.007846 1.746204
0.940605 0.000000 0.000000 0.000000 0.000000 0.051550 0.007846 1.746204
0.940605 0.000000 0.000000 0.000000 0.000000 0.051550 0.007846 1.746204
0.940605 0.000000 0.000000 0.000000 0.000000 0.051550 0.007846 1.746204
0.940605 0.000000 0.000000 0.000000 0.000000 0.051550 0.007846 1.746204
0.940605 0.000000 0.000000 0.000000 0.000000 0.051550 0.007846 1.746204
0.940605 0.000000 0.000000 0.000000 0.000000 0.051550 0.007846 1.746204
0.940605 0.000000 0.000000 0.000000 0.000000 0.051550 0.007846 1.746204
0.940605 0.000000 0.000000 0.000000 0.000000 0.051550 0.007846 1.746204
0.940605 0.000000 0.000000 0.000000 0.000000 0.051550 0.007846 1.746204
