0.339805 0.062936 0.056354 0.032396 0.002131 0.500118 0.006259 1.642770
0.342242 0.060577 0.056216 0.032221 0.002124 0.500329 0.006291 1.648867
0.345554 0.057773 0.055913 0.031922 0.002132 0.500394 0.006312 1.654545
0.349386 0.054702 0.055487 0.031516 0.002132 0.500438 0.006339 1.660039
0.353593 0.051474 0.054963 0.031096 0.002113 0.500397 0.006365 1.665285
0.358097 0.048377 0.054286 0.030516 0.002106 0.500231 0.006388 1.670183
0.362671 0.045455 0.053554 0.029874 0.002100 0.499936 0.006409 1.674764
0.367495 0.042542 0.052699 0.029192 0.002090 0.499538 0.006445 1.679133
0.372478 0.039775 0.051688 0.028475 0.002110 0.499007 0.006468 1.683225
0.377513 0.037198 0.050630 0.027729 0.002099 0.498335 0.006498 1.687053
0.382695 0.034834 0.049425 0.026922 0.002093 0.497510 0.006521 1.690565
0.387871 0.032654 0.048052 0.026196 0.002075 0.496604 0.006548 1.693839
0.392999 0.030555 0.046753 0.025430 0.002056 0.495631 0.006575 1.697008
0.398190 0.028629 0.045446 0.024633 0.002036 0.494459 0.006608 1.699912
0.403438 0.026863 0.044081 0.023768 0.002028 0.493181 0.006642 1.702618
0.408680 0.025129 0.042694 0.022902 0.002026 0.491904 0.006665 1.705212
0.414025 0.023585 0.041273 0.022105 0.002010 0.490310 0.006693 1.707589
0.419300 0.022108 0.039839 0.021292 0.002000 0.488749 0.006713 1.709860
0.424674 0.020784 0.038405 0.020469 0.001989 0.486944 0.006736 1.711934
0.429997 0.019607 0.036963 0.019639 0.001971 0.485069 0.006756 1.713847
0.435461 0.018448 0.035637 0.018873 0.001946 0.482848 0.006787 1.715660
0.440853 0.017293 0.034337 0.018146 0.001930 0.480629 0.006812 1.717459
0.446224 0.016321 0.033001 0.017418 0.001901 0.478297 0.006839 1.719081
0.451609 0.015378 0.031740 0.016740 0.001876 0.475790 0.006866 1.720613
0.457009 0.014466 0.030522 0.016052 0.001847 0.473215 0.006889 1.722104
0.462403 0.013686 0.029285 0.015371 0.001821 0.470521 0.006913 1.723438
0.467804 0.012933 0.028056 0.014722 0.001783 0.467765 0.006938 1.724738
0.473174 0.012263 0.026876 0.014098 0.001752 0.464872 0.006965 1.725956
0.478523 0.011581 0.025775 0.013474 0.001726 0.461931 0.006992 1.727116
0.483888 0.010975 0.024753 0.012865 0.001691 0.458817 0.007012 1.728243
0.489114 0.010411 0.023721 0.012287 0.001652 0.455774 0.007041 1.729258
0.494319 0.009871 0.022699 0.011745 0.001625 0.452678 0.007063 1.730247
0.499581 0.009371 0.021756 0.011272 0.001596 0.449345 0.007079 1.731190
0.504768 0.008912 0.020793 0.010771 0.001573 0.446081 0.007101 1.732034
0.510001 0.008441 0.019893 0.010288 0.001546 0.442712 0.007120 1.732883
0.515151 0.008014 0.019004 0.009824 0.001502 0.439362 0.007143 1.733682
0.520351 0.007636 0.018201 0.009414 0.001458 0.435777 0.007163 1.734421
0.525485 0.007214 0.017459 0.008972 0.001436 0.432257 0.007176 1.735177
0.530448 0.006882 0.016731 0.008579 0.001402 0.428764 0.007195 1.735869
0.535435 0.006540 0.015968 0.008197 0.001367 0.425275 0.007218 1.736532
0.540418 0.006233 0.015281 0.007816 0.001332 0.421681 0.007239 1.737172
0.545342 0.005935 0.014626 0.007451 0.001301 0.418089 0.007257 1.737796
0.550332 0.005653 0.013996 0.007112 0.001278 0.414360 0.007270 1.738373
0.555187 0.005421 0.013357 0.006788 0.001248 0.410711 0.007289 1.738892
0.559987 0.005199 0.012763 0.006463 0.001216 0.407066 0.007305 1.739397
0.564787 0.004988 0.012185 0.006145 0.001183 0.403391 0.007321 1.739884
0.569519 0.004769 0.011626 0.005860 0.001148 0.399741 0.007337 1.740373
0.574336 0.004570 0.011124 0.005587 0.001119 0.395915 0.007351 1.740829
0.579064 0.004355 0.010651 0.005346 0.001084 0.392132 0.007369 1.741292
0.583775 0.004152 0.010196 0.005124 0.001053 0.388317 0.007385 1.741737
0.588319 0.003967 0.009777 0.004908 0.001035 0.384600 0.007394 1.742171
0.592893 0.003796 0.009373 0.004689 0.001010 0.380832 0.007406 1.742561
0.597530 0.003655 0.008950 0.004483 0.000975 0.376984 0.007424 1.742918
0.602044 0.003496 0.008569 0.004273 0.000949 0.373232 0.007437 1.743293
0.606519 0.003348 0.008222 0.004098 0.000920 0.369442 0.007451 1.743642
0.610848 0.003246 0.007845 0.003908 0.000899 0.365791 0.007462 1.743956
0.615216 0.003126 0.007503 0.003740 0.000872 0.362067 0.007476 1.744268
0.619535 0.003020 0.007175 0.003591 0.000858 0.358338 0.007483 1.744564
0.623811 0.002916 0.006931 0.003404 0.000832 0.354610 0.007496 1.744853
0.628016 0.002830 0.006601 0.003241 0.000801 0.351003 0.007509 1.745113
0.632249 0.002737 0.006307 0.003096 0.000778 0.347314 0.007520 1.745393
0.636407 0.002636 0.006064 0.002977 0.000760 0.343628 0.007529 1.745657
0.640517 0.002546 0.005808 0.002861 0.000739 0.339990 0.007539 1.745918
0.644620 0.002455 0.005581 0.002739 0.000718 0.336340 0.007548 1.746165
0.648776 0.002370 0.005351 0.002608 0.000688 0.332647 0.007560 1.746409
0.652808 0.002285 0.005149 0.002499 0.000668 0.329025 0.007567 1.746636
0.656749 0.002215 0.004923 0.002408 0.000644 0.325485 0.007576 1.746872
0.660721 0.002155 0.004707 0.002324 0.000625 0.321885 0.007583 1.747071
0.664602 0.002090 0.004523 0.002246 0.000604 0.318347 0.007589 1.747285
0.668487 0.002012 0.004341 0.002160 0.000589 0.314814 0.007597 1.747499
0.672227 0.001959 0.004164 0.002070 0.000575 0.311405 0.007602 1.747692
0.675983 0.001885 0.004009 0.001986 0.000558 0.307967 0.007612 1.747883
0.679762 0.001817 0.003855 0.001918 0.000546 0.304484 0.007618 1.748059
0.683334 0.001769 0.003696 0.001841 0.000533 0.301203 0.007625 1.748238
0.686955 0.001716 0.003529 0.001768 0.000519 0.297885 0.007629 1.748408
0.690547 0.001682 0.003364 0.001683 0.000511 0.294581 0.007632 1.748565
0.694105 0.001630 0.003234 0.001634 0.000498 0.291263 0.007637 1.748733
0.697642 0.001600 0.003119 0.001578 0.000488 0.287932 0.007641 1.748890
0.701125 0.001549 0.003008 0.001512 0.000472 0.284683 0.007649 1.749048
0.704571 0.001500 0.002910 0.001455 0.000459 0.281448 0.007658 1.749199
0.708036 0.001447 0.002805 0.001391 0.000440 0.278218 0.007664 1.749348
0.711358 0.001407 0.002706 0.001328 0.000426 0.275105 0.007670 1.749483
0.714683 0.001347 0.002609 0.001271 0.000412 0.272001 0.007677 1.749630
0.718029 0.001304 0.002509 0.001212 0.000401 0.268863 0.007682 1.749764
0.721330 0.001269 0.002412 0.001170 0.000389 0.265742 0.007687 1.749887
0.724533 0.001241 0.002326 0.001110 0.000377 0.262719 0.007695 1.750006
0.727757 0.001196 0.002250 0.001075 0.000364 0.259655 0.007704 1.750142
0.730918 0.001171 0.002176 0.001050 0.000351 0.256625 0.007709 1.750251
0.734170 0.001149 0.002094 0.001021 0.000343 0.253508 0.007715 1.750358
0.737230 0.001126 0.002011 0.000991 0.000331 0.250588 0.007722 1.750469
0.740277 0.001100 0.001940 0.000959 0.000323 0.247677 0.007726 1.750583
0.743352 0.001071 0.001866 0.000924 0.000314 0.244744 0.007729 1.750690
0.746287 0.001043 0.001786 0.000908 0.000305 0.241939 0.007732 1.750797
0.749270 0.001014 0.001739 0.000878 0.000296 0.239068 0.007735 1.750900
0.752198 0.000984 0.001673 0.000851 0.000285 0.236269 0.007740 1.751002
0.755082 0.000967 0.001608 0.000820 0.000276 0.233503 0.007744 1.751090
0.757863 0.000935 0.001562 0.000809 0.000268 0.230815 0.007748 1.751190
0.760744 0.000914 0.001509 0.000781 0.000258 0.228041 0.007753 1.751276
0.763543 0.000895 0.001465 0.000759 0.000258 0.225327 0.007754 1.751366
0.766323 0.000876 0.001428 0.000726 0.000252 0.222640 0.007756 1.751444
0.769026 0.000858 0.001387 0.000699 0.000245 0.220026 0.007760 1.751521
0.771711 0.000833 0.001342 0.000681 0.000241 0.217431 0.007761 1.751614
0.774350 0.000803 0.001301 0.000659 0.000232 0.214889 0.007767 1.751701
0.777025 0.000785 0.001259 0.000646 0.000223 0.212292 0.007770 1.751776
0.779593 0.000753 0.001227 0.000629 0.000215 0.209812 0.007772 1.751856
0.782202 0.000737 0.001197 0.000610 0.000210 0.207268 0.007777 1.751928
0.784793 0.000721 0.001168 0.000593 0.000201 0.204743 0.007783 1.752000
0.787309 0.000709 0.001137 0.000570 0.000195 0.202297 0.007783 1.752066
0.789778 0.000690 0.001098 0.000550 0.000188 0.199910 0.007786 1.752134
0.792270 0.000664 0.001083 0.000524 0.000181 0.197490 0.007790 1.752202
0.794715 0.000657 0.001046 0.000503 0.000173 0.195112 0.007794 1.752261
0.797026 0.000633 0.001017 0.000494 0.000168 0.192865 0.007797 1.752331
0.799398 0.000632 0.000992 0.000464 0.000159 0.190554 0.007800 1.752383
0.801684 0.000619 0.000967 0.000453 0.000153 0.188321 0.007803 1.752444
0.803987 0.000612 0.000943 0.000435 0.000149 0.186069 0.007806 1.752508
0.806240 0.000587 0.000911 0.000422 0.000145 0.183888 0.007807 1.752569
0.808470 0.000575 0.000875 0.000414 0.000140 0.181718 0.007809 1.752621
0.810665 0.000581 0.000845 0.000399 0.000137 0.179564 0.007811 1.752667
0.812841 0.000578 0.000823 0.000386 0.000130 0.177428 0.007814 1.752720
0.815012 0.000564 0.000796 0.000380 0.000127 0.175308 0.007814 1.752773
0.817151 0.000547 0.000770 0.000370 0.000125 0.173222 0.007816 1.752832
0.819290 0.000535 0.000762 0.000361 0.000122 0.171114 0.007817 1.752886
0.821414 0.000527 0.000738 0.000357 0.000117 0.169027 0.007820 1.752936
0.823479 0.000522 0.000720 0.000335 0.000113 0.167011 0.007820 1.752984
0.825455 0.000498 0.000701 0.000332 0.000110 0.165081 0.007822 1.753043
0.827469 0.000480 0.000681 0.000327 0.000108 0.163112 0.007823 1.753097
0.829467 0.000471 0.000669 0.000314 0.000107 0.161148 0.007824 1.753146
0.831443 0.000456 0.000650 0.000309 0.000101 0.159214 0.007827 1.753191
0.833297 0.000460 0.000620 0.000299 0.000097 0.157398 0.007828 1.753226
0.835180 0.000456 0.000605 0.000295 0.000094 0.155539 0.007830 1.753265
0.837104 0.000450 0.000585 0.000286 0.000088 0.153655 0.007832 1.753312
0.838942 0.000445 0.000581 0.000283 0.000086 0.151830 0.007833 1.753359
0.840777 0.000438 0.000576 0.000277 0.000085 0.150013 0.007834 1.753408
0.842584 0.000412 0.000559 0.000272 0.000083 0.148255 0.007835 1.753462
0.844365 0.000403 0.000542 0.000272 0.000081 0.146501 0.007836 1.753495
0.846148 0.000391 0.000532 0.000267 0.000078 0.144746 0.007838 1.753542
0.847871 0.000378 0.000523 0.000262 0.000077 0.143050 0.007839 1.753584
0.849597 0.000372 0.000514 0.000250 0.000078 0.141350 0.007840 1.753620
0.851382 0.000359 0.000503 0.000245 0.000074 0.139595 0.007842 1.753658
0.853078 0.000360 0.000480 0.000229 0.000069 0.137939 0.007845 1.753683
0.854733 0.000355 0.000474 0.000224 0.000067 0.136301 0.007846 1.753719
0.856338 0.000355 0.000460 0.000222 0.000067 0.134713 0.007846 1.753749
0.857905 0.000353 0.000451 0.000216 0.000065 0.133161 0.007849 1.753780
0.859426 0.000349 0.000438 0.000208 0.000063 0.131665 0.007849 1.753812
0.860949 0.000340 0.000430 0.000208 0.000062 0.130160 0.007851 1.753849
0.862494 0.000335 0.000427 0.000206 0.000061 0.128626 0.007852 1.753881
0.863935 0.000335 0.000409 0.000196 0.000060 0.127213 0.007852 1.753906
0.865438 0.000329 0.000399 0.000188 0.000058 0.125736 0.007853 1.753937
0.866890 0.000317 0.000397 0.000181 0.000058 0.124304 0.007853 1.753973
0.868330 0.000309 0.000390 0.000183 0.000058 0.122876 0.007854 1.754005
0.869789 0.000298 0.000385 0.000184 0.000054 0.121434 0.007856 1.754039
0.871180 0.000299 0.000386 0.000182 0.000055 0.120042 0.007856 1.754068
0.872547 0.000298 0.000371 0.000175 0.000054 0.118697 0.007857 1.754097
0.873903 0.000294 0.000361 0.000174 0.000053 0.117358 0.007857 1.754128
0.875187 0.000295 0.000349 0.000170 0.000051 0.116090 0.007858 1.754151
0.876486 0.000288 0.000340 0.000161 0.000051 0.114816 0.007858 1.754180
0.877744 0.000283 0.000331 0.000162 0.000050 0.113573 0.007858 1.754204
0.878993 0.000275 0.000331 0.000164 0.000048 0.112330 0.007859 1.754236
0.880254 0.000274 0.000324 0.000158 0.000046 0.111085 0.007860 1.754260
0.881441 0.000263 0.000319 0.000158 0.000046 0.109912 0.007860 1.754294
0.882622 0.000261 0.000313 0.000150 0.000043 0.108748 0.007863 1.754319
0.883808 0.000250 0.000311 0.000152 0.000043 0.107574 0.007863 1.754346
0.884942 0.000255 0.000296 0.000148 0.000041 0.106455 0.007863 1.754363
0.886052 0.000250 0.000294 0.000150 0.000040 0.105350 0.007863 1.754390
0.887177 0.000260 0.000286 0.000146 0.000038 0.104230 0.007863 1.754407
0.888304 0.000254 0.000278 0.000143 0.000035 0.103122 0.007864 1.754430
0.889383 0.000252 0.000269 0.000144 0.000033 0.102054 0.007864 1.754453
0.890426 0.000251 0.000262 0.000142 0.000033 0.101022 0.007864 1.754476
0.891437 0.000240 0.000268 0.000141 0.000032 0.100018 0.007865 1.754507
0.892464 0.000235 0.000261 0.000139 0.000033 0.099004 0.007865 1.754527
0.893478 0.000234 0.000259 0.000134 0.000033 0.097998 0.007865 1.754547
0.894492 0.000228 0.000249 0.000133 0.000032 0.097001 0.007865 1.754568
0.895466 0.000221 0.000241 0.000128 0.000030 0.096049 0.007865 1.754588
0.896393 0.000230 0.000231 0.000129 0.000029 0.095122 0.007866 1.754602
0.897306 0.000225 0.000234 0.000127 0.000028 0.094213 0.007866 1.754627
0.898226 0.000214 0.000239 0.000126 0.000027 0.093300 0.007867 1.754654
0.899129 0.000211 0.000230 0.000124 0.000028 0.092411 0.007867 1.754673
0.900009 0.000202 0.000228 0.000119 0.000027 0.091546 0.007868 1.754698
0.900875 0.000198 0.000223 0.000116 0.000027 0.090693 0.007868 1.754715
0.901741 0.000193 0.000221 0.000117 0.000026 0.089833 0.007868 1.754737
0.902593 0.000191 0.000220 0.000112 0.000026 0.088990 0.007869 1.754754
0.903431 0.000192 0.000213 0.000110 0.000025 0.088159 0.007869 1.754771
0.904217 0.000187 0.000205 0.000111 0.000025 0.087386 0.007869 1.754790
0.904989 0.000192 0.000198 0.000111 0.000023 0.086617 0.007870 1.754805
0.905739 0.000189 0.000201 0.000109 0.000022 0.085869 0.007870 1.754826
0.906509 0.000189 0.000191 0.000105 0.000021 0.085113 0.007871 1.754840
0.907264 0.000190 0.000187 0.000104 0.000020 0.084362 0.007871 1.754857
0.908009 0.000183 0.000186 0.000107 0.000019 0.083623 0.007872 1.754878
0.908681 0.000182 0.000182 0.000103 0.000018 0.082962 0.007872 1.754892
0.909333 0.000180 0.000177 0.000105 0.000018 0.082315 0.007872 1.754908
0.909986 0.000175 0.000170 0.000104 0.000018 0.081675 0.007872 1.754924
0.910629 0.000174 0.000169 0.000100 0.000017 0.081037 0.007872 1.754936
0.911262 0.000170 0.000174 0.000096 0.000016 0.080410 0.007872 1.754956
0.911893 0.000168 0.000169 0.000092 0.000016 0.079788 0.007873 1.754968
0.912478 0.000165 0.000167 0.000093 0.000015 0.079208 0.007873 1.754984
0.913047 0.000170 0.000165 0.000091 0.000015 0.078639 0.007873 1.754995
0.913616 0.000169 0.000165 0.000094 0.000015 0.078067 0.007873 1.755012
0.914194 0.000159 0.000171 0.000094 0.000014 0.077493 0.007874 1.755034
0.914762 0.000157 0.000171 0.000093 0.000013 0.076929 0.007874 1.755050
0.915285 0.000157 0.000165 0.000088 0.000012 0.076418 0.007874 1.755067
0.915826 0.000146 0.000168 0.000090 0.000012 0.075885 0.007874 1.755087
0.916329 0.000142 0.000168 0.000092 0.000012 0.075382 0.007874 1.755107
0.916834 0.000136 0.000163 0.000091 0.000012 0.074890 0.007874 1.755123
0.917336 0.000136 0.000161 0.000092 0.000011 0.074388 0.007875 1.755137
0.917792 0.000132 0.000156 0.000095 0.000011 0.073938 0.007875 1.755153
0.918243 0.000131 0.000154 0.000095 0.000011 0.073490 0.007875 1.755168
0.918680 0.000130 0.000154 0.000089 0.000011 0.073061 0.007875 1.755181
0.919109 0.000133 0.000154 0.000087 0.000010 0.072631 0.007875 1.755195
0.919538 0.000136 0.000147 0.000081 0.000011 0.072211 0.007875 1.755206
0.920001 0.000132 0.000151 0.000079 0.000011 0.071751 0.007875 1.755221
0.920409 0.000125 0.000151 0.000076 0.000010 0.071352 0.007876 1.755239
0.920811 0.000121 0.000151 0.000075 0.000010 0.070957 0.007876 1.755253
0.921193 0.000115 0.000149 0.000075 0.000008 0.070583 0.007876 1.755266
0.921580 0.000114 0.000152 0.000074 0.000007 0.070196 0.007877 1.755279
0.921964 0.000108 0.000152 0.000075 0.000008 0.069815 0.007877 1.755293
0.922330 0.000104 0.000145 0.000073 0.000008 0.069464 0.007877 1.755305
0.922682 0.000103 0.000145 0.000071 0.000007 0.069114 0.007877 1.755317
0.923030 0.000103 0.000141 0.000071 0.000007 0.068770 0.007877 1.755326
0.923364 0.000102 0.000138 0.000069 0.000007 0.068442 0.007877 1.755335
0.923729 0.000100 0.000134 0.000070 0.000007 0.068082 0.007878 1.755345
0.924081 0.000098 0.000134 0.000068 0.000007 0.067734 0.007878 1.755354
0.924407 0.000097 0.000131 0.000069 0.000007 0.067412 0.007878 1.755363
0.924727 0.000096 0.000130 0.000069 0.000007 0.067093 0.007878 1.755374
0.925028 0.000092 0.000126 0.000068 0.000007 0.066801 0.007878 1.755386
0.925347 0.000092 0.000124 0.000069 0.000007 0.066483 0.007878 1.755396
0.925655 0.000100 0.000118 0.000063 0.000007 0.066178 0.007878 1.755401
0.925934 0.000101 0.000114 0.000062 0.000007 0.065904 0.007878 1.755410
0.926237 0.000098 0.000113 0.000061 0.000007 0.065604 0.007878 1.755420
0.926490 0.000099 0.000118 0.000061 0.000007 0.065346 0.007878 1.755433
0.926784 0.000100 0.000116 0.000060 0.000007 0.065054 0.007878 1.755442
0.927056 0.000101 0.000117 0.000060 0.000007 0.064781 0.007878 1.755449
0.927310 0.000096 0.000121 0.000056 0.000007 0.064530 0.007879 1.755464
0.927563 0.000099 0.000114 0.000055 0.000007 0.064282 0.007879 1.755471
0.927800 0.000096 0.000118 0.000056 0.000007 0.064043 0.007879 1.755485
0.928035 0.000090 0.000114 0.000055 0.000007 0.063820 0.007879 1.755496
0.928256 0.000087 0.000111 0.000054 0.000007 0.063605 0.007879 1.755506
0.928489 0.000086 0.000108 0.000052 0.000007 0.063378 0.007880 1.755515
0.928702 0.000086 0.000104 0.000051 0.000007 0.063169 0.007880 1.755524
0.928932 0.000084 0.000101 0.000051 0.000007 0.062946 0.007880 1.755532
0.929141 0.000085 0.000101 0.000048 0.000006 0.062739 0.007880 1.755537
0.929346 0.000085 0.000097 0.000047 0.000006 0.062538 0.007880 1.755543
0.929539 0.000081 0.000096 0.000048 0.000007 0.062350 0.007880 1.755552
0.929718 0.000082 0.000095 0.000046 0.000006 0.062173 0.007880 1.755560
0.929916 0.000077 0.000094 0.000044 0.000006 0.061983 0.007880 1.755567
0.930105 0.000076 0.000088 0.000046 0.000006 0.061798 0.007880 1.755575
0.930267 0.000075 0.000087 0.000049 0.000006 0.061636 0.007880 1.755586
0.930417 0.000073 0.000089 0.000047 0.000005 0.061488 0.007880 1.755593
0.930599 0.000071 0.000086 0.000047 0.000005 0.061312 0.007880 1.755603
0.930747 0.000077 0.000086 0.000045 0.000006 0.061159 0.007880 1.755609
0.930900 0.000074 0.000085 0.000044 0.000006 0.061011 0.007880 1.755616
0.931047 0.000076 0.000085 0.000042 0.000006 0.060863 0.007880 1.755623
0.931204 0.000075 0.000087 0.000041 0.000006 0.060708 0.007880 1.755630
0.931342 0.000072 0.000084 0.000043 0.000005 0.060575 0.007880 1.755638
0.931485 0.000076 0.000083 0.000039 0.000005 0.060432 0.007880 1.755645
0.931613 0.000075 0.000081 0.000040 0.000005 0.060305 0.007880 1.755651
0.931734 0.000072 0.000083 0.000038 0.000005 0.060187 0.007880 1.755658
0.931862 0.000070 0.000082 0.000038 0.000005 0.060061 0.007880 1.755665
0.931982 0.000073 0.000081 0.000039 0.000005 0.059939 0.007880 1.755670
0.932092 0.000070 0.000082 0.000040 0.000005 0.059830 0.007880 1.755680
0.932209 0.000073 0.000079 0.000040 0.000004 0.059713 0.007881 1.755684
0.932310 0.000071 0.000077 0.000039 0.000004 0.059618 0.007881 1.755691
0.932401 0.000075 0.000074 0.000038 0.000004 0.059525 0.007881 1.755694
0.932500 0.000074 0.000075 0.000037 0.000004 0.059427 0.007882 1.755701
0.932599 0.000073 0.000077 0.000036 0.000004 0.059329 0.007882 1.755710
0.932695 0.000078 0.000074 0.000033 0.000004 0.059234 0.007882 1.755715
0.932800 0.000076 0.000072 0.000032 0.000004 0.059134 0.007882 1.755723
0.932894 0.000071 0.000073 0.000032 0.000004 0.059044 0.007882 1.755731
0.932981 0.000075 0.000071 0.000032 0.000004 0.058955 0.007882 1.755734
0.933074 0.000070 0.000075 0.000035 0.000004 0.058860 0.007882 1.755745
0.933152 0.000069 0.000074 0.000036 0.000004 0.058782 0.007882 1.755752
0.933238 0.000068 0.000072 0.000038 0.000004 0.058698 0.007882 1.755760
0.933318 0.000067 0.000072 0.000037 0.000004 0.058621 0.007882 1.755767
0.933408 0.000069 0.000073 0.000037 0.000004 0.058528 0.007882 1.755773
0.933492 0.000065 0.000074 0.000035 0.000003 0.058449 0.007882 1.755781
0.933573 0.000062 0.000073 0.000038 0.000003 0.058369 0.007882 1.755790
0.933642 0.000063 0.000074 0.000035 0.000003 0.058301 0.007882 1.755796
0.933717 0.000059 0.000072 0.000035 0.000003 0.058231 0.007882 1.755803
0.933780 0.000056 0.000076 0.000033 0.000002 0.058171 0.007882 1.755813
0.933835 0.000054 0.000073 0.000034 0.000002 0.058121 0.007882 1.755820
0.933895 0.000056 0.000070 0.000031 0.000002 0.058063 0.007882 1.755824
0.933967 0.000056 0.000069 0.000030 0.000002 0.057995 0.007882 1.755830
0.934021 0.000058 0.000068 0.000029 0.000001 0.057941 0.007882 1.755834
0.934079 0.000061 0.000065 0.000030 0.000001 0.057882 0.007882 1.755840
0.934139 0.000057 0.000066 0.000030 0.000002 0.057824 0.007882 1.755847
0.934194 0.000057 0.000066 0.000032 0.000001 0.057769 0.007882 1.755852
0.934248 0.000056 0.000061 0.000034 0.000001 0.057718 0.007882 1.755858
0.934304 0.000055 0.000060 0.000035 0.000001 0.057663 0.007882 1.755864
0.934351 0.000061 0.000060 0.000034 0.000000 0.057612 0.007882 1.755868
0.934406 0.000063 0.000058 0.000033 0.000000 0.057556 0.007882 1.755871
0.934453 0.000059 0.000057 0.000037 0.000000 0.057511 0.007882 1.755879
0.934502 0.000060 0.000057 0.000033 0.000000 0.057465 0.007882 1.755883
0.934548 0.000061 0.000058 0.000033 0.000000 0.057417 0.007882 1.755891
0.934590 0.000059 0.000059 0.000034 0.000000 0.057375 0.007882 1.755899
0.934649 0.000055 0.000054 0.000035 0.000001 0.057323 0.007882 1.755907
0.934697 0.000054 0.000051 0.000036 0.000000 0.057278 0.007882 1.755913
0.934739 0.000054 0.000047 0.000035 0.000000 0.057242 0.007882 1.755917
0.934785 0.000057 0.000049 0.000032 0.000000 0.057194 0.007882 1.755921
0.934828 0.000058 0.000051 0.000029 0.000000 0.057151 0.007882 1.755924
0.934874 0.000054 0.000051 0.000031 0.000000 0.057107 0.007882 1.755931
0.934918 0.000051 0.000051 0.000030 0.000000 0.057067 0.007882 1.755937
0.934958 0.000050 0.000052 0.000028 0.000000 0.057030 0.007882 1.755942
0.935006 0.000050 0.000049 0.000028 0.000000 0.056985 0.007882 1.755945
0.935036 0.000051 0.000045 0.000027 0.000000 0.056958 0.007882 1.755948
0.935065 0.000052 0.000046 0.000028 0.000000 0.056926 0.007882 1.755954
0.935097 0.000053 0.000046 0.000026 0.000000 0.056894 0.007882 1.755956
0.935127 0.000054 0.000047 0.000028 0.000001 0.056862 0.007882 1.755960
0.935161 0.000054 0.000048 0.000028 0.000001 0.056825 0.007882 1.755966
0.935198 0.000055 0.000049 0.000028 0.000001 0.056787 0.007882 1.755971
0.935231 0.000058 0.000049 0.000026 0.000001 0.056752 0.007882 1.755975
0.935259 0.000058 0.000047 0.000027 0.000002 0.056725 0.007882 1.755979
0.935294 0.000056 0.000047 0.000027 0.000002 0.056692 0.007882 1.755984
0.935320 0.000055 0.000047 0.000027 0.000002 0.056667 0.007882 1.755989
0.935358 0.000053 0.000048 0.000029 0.000002 0.056628 0.007882 1.755996
0.935380 0.000053 0.000050 0.000029 0.000002 0.056603 0.007882 1.756002
0.935408 0.000051 0.000051 0.000030 0.000002 0.056575 0.007882 1.756008
0.935443 0.000044 0.000053 0.000031 0.000002 0.056544 0.007882 1.756016
0.935471 0.000041 0.000052 0.000031 0.000002 0.056520 0.007882 1.756021
0.935498 0.000038 0.000051 0.000032 0.000002 0.056497 0.007882 1.756026
0.935524 0.000039 0.000048 0.000031 0.000002 0.056474 0.007882 1.756028
0.935546 0.000038 0.000049 0.000029 0.000002 0.056453 0.007882 1.756032
0.935576 0.000037 0.000046 0.000028 0.000002 0.056428 0.007882 1.756038
0.935592 0.000038 0.000045 0.000026 0.000002 0.056413 0.007882 1.756042
0.935616 0.000036 0.000043 0.000028 0.000002 0.056392 0.007882 1.756047
0.935639 0.000036 0.000040 0.000028 0.000002 0.056373 0.007882 1.756050
0.935661 0.000036 0.000039 0.000026 0.000002 0.056354 0.007882 1.756054
0.935683 0.000037 0.000038 0.000026 0.000002 0.056333 0.007882 1.756057
0.935707 0.000036 0.000035 0.000023 0.000002 0.056314 0.007882 1.756060
0.935728 0.000036 0.000035 0.000024 0.000002 0.056293 0.007882 1.756064
0.935737 0.000041 0.000035 0.000022 0.000002 0.056281 0.007882 1.756066
0.935753 0.000043 0.000034 0.000023 0.000003 0.056262 0.007882 1.756071
0.935779 0.000041 0.000034 0.000023 0.000003 0.056239 0.007882 1.756074
0.935796 0.000043 0.000033 0.000023 0.000003 0.056220 0.007882 1.756079
0.935822 0.000041 0.000033 0.000022 0.000003 0.056197 0.007882 1.756082
0.935838 0.000041 0.000033 0.000021 0.000004 0.056181 0.007882 1.756086
0.935854 0.000039 0.000034 0.000023 0.000003 0.056165 0.007882 1.756091
0.935868 0.000042 0.000034 0.000023 0.000003 0.056148 0.007882 1.756094
0.935886 0.000043 0.000033 0.000022 0.000003 0.056131 0.007882 1.756098
0.935901 0.000041 0.000034 0.000021 0.000003 0.056117 0.007882 1.756103
0.935917 0.000041 0.000033 0.000022 0.000003 0.056101 0.007882 1.756107
0.935933 0.000043 0.000031 0.000022 0.000003 0.056085 0.007882 1.756110
0.935944 0.000040 0.000036 0.000024 0.000003 0.056071 0.007882 1.756117
0.935961 0.000041 0.000034 0.000024 0.000003 0.056055 0.007882 1.756119
0.935975 0.000040 0.000034 0.000024 0.000003 0.056042 0.007882 1.756123
0.935991 0.000036 0.000034 0.000024 0.000003 0.056030 0.007882 1.756129
0.936007 0.000032 0.000035 0.000024 0.000003 0.056016 0.007882 1.756136
0.936019 0.000031 0.000034 0.000023 0.000003 0.056007 0.007882 1.756139
0.936031 0.000031 0.000033 0.000023 0.000003 0.055996 0.007882 1.756142
0.936050 0.000028 0.000032 0.000023 0.000003 0.055982 0.007882 1.756145
0.936064 0.000026 0.000031 0.000021 0.000003 0.055973 0.007882 1.756148
0.936077 0.000024 0.000031 0.000019 0.000003 0.055964 0.007882 1.756151
0.936088 0.000023 0.000032 0.000016 0.000004 0.055953 0.007882 1.756154
0.936099 0.000023 0.000033 0.000017 0.000004 0.055943 0.007882 1.756157
0.936111 0.000024 0.000032 0.000016 0.000004 0.055930 0.007882 1.756158
0.936124 0.000024 0.000031 0.000015 0.000004 0.055919 0.007882 1.756160
0.936137 0.000024 0.000030 0.000014 0.000004 0.055909 0.007882 1.756161
0.936148 0.000023 0.000031 0.000015 0.000004 0.055898 0.007882 1.756165
0.936157 0.000023 0.000029 0.000016 0.000003 0.055891 0.007882 1.756166
0.936167 0.000023 0.000024 0.000014 0.000003 0.055887 0.007882 1.756166
0.936176 0.000025 0.000022 0.000012 0.000003 0.055879 0.007882 1.756167
0.936190 0.000024 0.000022 0.000012 0.000003 0.055867 0.007882 1.756170
0.936198 0.000022 0.000023 0.000012 0.000003 0.055860 0.007882 1.756173
0.936212 0.000022 0.000023 0.000012 0.000003 0.055846 0.007882 1.756175
0.936225 0.000022 0.000021 0.000012 0.000003 0.055835 0.007882 1.756177
0.936232 0.000021 0.000022 0.000011 0.000003 0.055829 0.007882 1.756179
0.936240 0.000022 0.000019 0.000011 0.000003 0.055821 0.007882 1.756180
0.936251 0.000022 0.000020 0.000010 0.000003 0.055811 0.007882 1.756182
0.936259 0.000021 0.000019 0.000011 0.000003 0.055805 0.007882 1.756185
0.936267 0.000022 0.000019 0.000011 0.000003 0.055795 0.007882 1.756186
0.936273 0.000022 0.000019 0.000012 0.000003 0.055788 0.007882 1.756189
0.936277 0.000024 0.000021 0.000011 0.000003 0.055782 0.007882 1.756190
0.936288 0.000024 0.000022 0.000010 0.000003 0.055771 0.007882 1.756193
0.936295 0.000025 0.000022 0.000010 0.000003 0.055761 0.007882 1.756195
0.936300 0.000023 0.000024 0.000009 0.000003 0.055759 0.007882 1.756199
0.936308 0.000024 0.000026 0.000009 0.000003 0.055748 0.007882 1.756201
0.936315 0.000024 0.000023 0.000010 0.000003 0.055744 0.007882 1.756203
0.936324 0.000023 0.000022 0.000009 0.000003 0.055737 0.007882 1.756205
0.936327 0.000022 0.000025 0.000008 0.000003 0.055732 0.007882 1.756210
0.936334 0.000022 0.000025 0.000008 0.000003 0.055726 0.007882 1.756211
0.936340 0.000022 0.000026 0.000008 0.000003 0.055719 0.007882 1.756213
0.936344 0.000024 0.000025 0.000008 0.000003 0.055715 0.007882 1.756214
0.936352 0.000022 0.000027 0.000008 0.000003 0.055707 0.007882 1.756217
0.936358 0.000022 0.000027 0.000008 0.000003 0.055701 0.007882 1.756219
0.936362 0.000022 0.000028 0.000008 0.000002 0.055695 0.007882 1.756221
0.936366 0.000024 0.000027 0.000008 0.000002 0.055691 0.007882 1.756222
0.936370 0.000024 0.000028 0.000008 0.000002 0.055686 0.007882 1.756225
0.936375 0.000024 0.000028 0.000008 0.000002 0.055681 0.007882 1.756228
0.936380 0.000021 0.000029 0.000008 0.000002 0.055678 0.007882 1.756231
0.936383 0.000022 0.000028 0.000008 0.000002 0.055676 0.007882 1.756233
0.936390 0.000021 0.000029 0.000008 0.000002 0.055669 0.007882 1.756235
0.936395 0.000023 0.000027 0.000008 0.000002 0.055663 0.007882 1.756235
0.936402 0.000022 0.000025 0.000008 0.000002 0.055658 0.007882 1.756238
0.936408 0.000022 0.000026 0.000009 0.000002 0.055651 0.007882 1.756240
0.936411 0.000022 0.000026 0.000011 0.000001 0.055647 0.007882 1.756242
0.936414 0.000024 0.000024 0.000010 0.000002 0.055643 0.007882 1.756243
0.936417 0.000025 0.000025 0.000010 0.000002 0.055639 0.007882 1.756244
0.936419 0.000027 0.000024 0.000011 0.000002 0.055636 0.007882 1.756246
0.936425 0.000027 0.000026 0.000012 0.000002 0.055627 0.007882 1.756250
0.936431 0.000024 0.000028 0.000011 0.000002 0.055622 0.007882 1.756253
0.936436 0.000026 0.000028 0.000011 0.000002 0.055616 0.007882 1.756255
0.936440 0.000026 0.000027 0.000012 0.000002 0.055612 0.007882 1.756257
0.936446 0.000024 0.000027 0.000010 0.000002 0.055609 0.007882 1.756259
0.936448 0.000027 0.000026 0.000010 0.000002 0.055605 0.007882 1.756261
0.936454 0.000026 0.000027 0.000010 0.000002 0.055598 0.007882 1.756266
0.936457 0.000025 0.000026 0.000010 0.000002 0.055598 0.007882 1.756270
0.936458 0.000025 0.000027 0.000011 0.000002 0.055595 0.007882 1.756272
0.936458 0.000027 0.000025 0.000011 0.000002 0.055595 0.007882 1.756274
0.936460 0.000025 0.000025 0.000011 0.000002 0.055594 0.007882 1.756277
0.936465 0.000024 0.000025 0.000010 0.000002 0.055591 0.007882 1.756280
0.936472 0.000022 0.000026 0.000010 0.000002 0.055586 0.007882 1.756283
0.936476 0.000023 0.000026 0.000010 0.000002 0.055581 0.007882 1.756285
0.936480 0.000022 0.000025 0.000009 0.000002 0.055579 0.007882 1.756286
0.936484 0.000019 0.000026 0.000008 0.000002 0.055579 0.007882 1.756290
0.936488 0.000019 0.000026 0.000008 0.000001 0.055575 0.007883 1.756291
0.936490 0.000019 0.000025 0.000007 0.000001 0.055575 0.007883 1.756292
0.936492 0.000017 0.000024 0.000007 0.000001 0.055575 0.007883 1.756296
0.936493 0.000019 0.000022 0.000007 0.000001 0.055575 0.007883 1.756296
0.936499 0.000017 0.000023 0.000007 0.000001 0.055570 0.007883 1.756298
0.936501 0.000015 0.000021 0.000008 0.000001 0.055570 0.007883 1.756302
0.936507 0.000016 0.000019 0.000008 0.000001 0.055566 0.007883 1.756302
0.936508 0.000016 0.000018 0.000008 0.000001 0.055566 0.007883 1.756303
0.936512 0.000016 0.000018 0.000008 0.000001 0.055562 0.007883 1.756305
0.936518 0.000014 0.000019 0.000008 0.000001 0.055557 0.007883 1.756307
0.936521 0.000012 0.000018 0.000007 0.000001 0.055557 0.007883 1.756309
0.936526 0.000011 0.000018 0.000006 0.000001 0.055555 0.007883 1.756310
0.936529 0.000010 0.000018 0.000005 0.000002 0.055553 0.007883 1.756311
0.936534 0.000010 0.000016 0.000006 0.000002 0.055550 0.007883 1.756313
0.936537 0.000012 0.000016 0.000005 0.000002 0.055546 0.007883 1.756313
0.936540 0.000010 0.000016 0.000005 0.000002 0.055544 0.007883 1.756314
0.936544 0.000009 0.000017 0.000005 0.000002 0.055541 0.007883 1.756316
0.936547 0.000008 0.000016 0.000005 0.000002 0.055539 0.007883 1.756318
0.936550 0.000006 0.000016 0.000005 0.000002 0.055537 0.007883 1.756320
0.936554 0.000005 0.000016 0.000005 0.000002 0.055535 0.007883 1.756322
0.936558 0.000004 0.000014 0.000005 0.000002 0.055535 0.007883 1.756323
0.936560 0.000005 0.000012 0.000005 0.000002 0.055534 0.007883 1.756323
0.936562 0.000005 0.000011 0.000006 0.000002 0.055532 0.007883 1.756325
0.936567 0.000005 0.000009 0.000005 0.000002 0.055530 0.007883 1.756325
0.936570 0.000004 0.000009 0.000005 0.000002 0.055528 0.007883 1.756325
0.936574 0.000003 0.000009 0.000006 0.000002 0.055524 0.007883 1.756326
0.936577 0.000003 0.000008 0.000006 0.000002 0.055521 0.007883 1.756326
0.936580 0.000004 0.000008 0.000006 0.000002 0.055518 0.007883 1.756326
0.936583 0.000003 0.000008 0.000006 0.000002 0.055516 0.007883 1.756327
0.936583 0.000004 0.000008 0.000006 0.000001 0.055515 0.007883 1.756327
0.936586 0.000004 0.000007 0.000005 0.000001 0.055514 0.007883 1.756327
0.936589 0.000005 0.000006 0.000005 0.000001 0.055511 0.007883 1.756327
0.936591 0.000005 0.000006 0.000004 0.000001 0.055509 0.007883 1.756327
0.936593 0.000006 0.000006 0.000003 0.000001 0.055508 0.007883 1.756327
0.936597 0.000006 0.000005 0.000003 0.000000 0.055506 0.007883 1.756327
0.936597 0.000006 0.000005 0.000003 0.000000 0.055505 0.007883 1.756329
0.936598 0.000005 0.000006 0.000003 0.000000 0.055505 0.007883 1.756330
0.936601 0.000004 0.000005 0.000003 0.000000 0.055503 0.007883 1.756331
0.936604 0.000004 0.000006 0.000003 0.000000 0.055500 0.007883 1.756331
0.936606 0.000003 0.000004 0.000003 0.000000 0.055499 0.007883 1.756332
0.936608 0.000003 0.000004 0.000003 0.000000 0.055498 0.007883 1.756332
0.936610 0.000003 0.000005 0.000003 0.000000 0.055496 0.007883 1.756333
0.936612 0.000003 0.000005 0.000003 0.000000 0.055494 0.007883 1.756333
0.936615 0.000002 0.000004 0.000003 0.000000 0.055492 0.007883 1.756333
0.936620 0.000002 0.000003 0.000003 0.000000 0.055488 0.007883 1.756333
0.936623 0.000002 0.000002 0.000003 0.000000 0.055487 0.007883 1.756333
0.936625 0.000002 0.000002 0.000003 0.000000 0.055484 0.007883 1.756334
0.936627 0.000002 0.000002 0.000003 0.000000 0.055483 0.007883 1.756334
0.936629 0.000002 0.000002 0.000003 0.000000 0.055481 0.007883 1.756334
0.936631 0.000002 0.000001 0.000002 0.000001 0.055479 0.007883 1.756334
0.936634 0.000002 0.000001 0.000002 0.000001 0.055476 0.007883 1.756334
0.936635 0.000002 0.000001 0.000002 0.000002 0.055475 0.007883 1.756334
0.936638 0.000001 0.000001 0.000003 0.000002 0.055472 0.007883 1.756335
0.936639 0.000001 0.000002 0.000002 0.000002 0.055472 0.007883 1.756336
0.936642 0.000001 0.000002 0.000002 0.000002 0.055469 0.007883 1.756336
0.936643 0.000002 0.000001 0.000002 0.000002 0.055467 0.007883 1.756336
0.936644 0.000002 0.000001 0.000002 0.000002 0.055466 0.007883 1.756336
0.936645 0.000003 0.000000 0.000002 0.000001 0.055466 0.007883 1.756336
0.936647 0.000002 0.000000 0.000002 0.000001 0.055464 0.007883 1.756336
0.936649 0.000002 0.000000 0.000002 0.000001 0.055462 0.007883 1.756336
0.936652 0.000001 0.000001 0.000002 0.000001 0.055459 0.007883 1.756337
0.936655 0.000001 0.000001 0.000002 0.000001 0.055456 0.007883 1.756337
0.936656 0.000002 0.000001 0.000002 0.000001 0.055455 0.007883 1.756337
0.936657 0.000002 0.000001 0.000002 0.000001 0.055454 0.007883 1.756337
0.936658 0.000002 0.000001 0.000003 0.000000 0.055452 0.007884 1.756338
0.936660 0.000002 0.000001 0.000003 0.000000 0.055450 0.007884 1.756338
0.936661 0.000001 0.000001 0.000003 0.000000 0.055449 0.007884 1.756339
0.936663 0.000001 0.000001 0.000003 0.000000 0.055447 0.007884 1.756339
0.936666 0.000001 0.000001 0.000003 0.000000 0.055445 0.007884 1.756339
0.936667 0.000001 0.000001 0.000002 0.000000 0.055444 0.007884 1.756339
0.936669 0.000001 0.000001 0.000002 0.000000 0.055443 0.007884 1.756339
0.936670 0.000001 0.000001 0.000001 0.000000 0.055442 0.007884 1.756339
0.936671 0.000000 0.000001 0.000002 0.000000 0.055441 0.007884 1.756339
0.936673 0.000000 0.000002 0.000002 0.000000 0.055438 0.007884 1.756340
0.936675 0.000000 0.000002 0.000002 0.000000 0.055437 0.007884 1.756340
0.936676 0.000000 0.000001 0.000002 0.000000 0.055436 0.007884 1.756340
0.936677 0.000001 0.000001 0.000002 0.000000 0.055435 0.007884 1.756340
0.936677 0.000001 0.000001 0.000002 0.000000 0.055434 0.007884 1.756340
0.936678 0.000001 0.000001 0.000000 0.000000 0.055434 0.007884 1.756340
0.936678 0.000001 0.000001 0.000000 0.000000 0.055434 0.007884 1.756340
0.936680 0.000001 0.000001 0.000000 0.000000 0.055433 0.007884 1.756340
0.936681 0.000001 0.000001 0.000000 0.000000 0.055432 0.007884 1.756340
0.936680 0.000001 0.000001 0.000000 0.000000 0.055433 0.007884 1.756341
0.936681 0.000001 0.000001 0.000000 0.000000 0.055432 0.007884 1.756341
0.936681 0.000000 0.000002 0.000000 0.000000 0.055432 0.007884 1.756341
0.936681 0.000001 0.000002 0.000000 0.000000 0.055431 0.007884 1.756341
0.936682 0.000001 0.000001 0.000000 0.000000 0.055432 0.007884 1.756341
0.936682 0.000001 0.000001 0.000000 0.000000 0.055431 0.007884 1.756341
0.936682 0.000001 0.000001 0.000000 0.000000 0.055431 0.007884 1.756341
0.936682 0.000002 0.000001 0.000000 0.000000 0.055431 0.007884 1.756341
0.936683 0.000002 0.000001 0.000000 0.000000 0.055429 0.007884 1.756342
0.936684 0.000002 0.000001 0.000000 0.000000 0.055429 0.007884 1.756342
0.936684 0.000002 0.000001 0.000000 0.000000 0.055428 0.007884 1.756342
0.936684 0.000003 0.000001 0.000000 0.000000 0.055428 0.007884 1.756342
0.936684 0.000002 0.000001 0.000000 0.000000 0.055428 0.007884 1.756342
0.936684 0.000001 0.000002 0.000000 0.000000 0.055428 0.007884 1.756343
0.936685 0.000001 0.000002 0.000000 0.000000 0.055428 0.007884 1.756343
0.936685 0.000001 0.000002 0.000000 0.000000 0.055427 0.007884 1.756343
0.936685 0.000000 0.000003 0.000000 0.000000 0.055427 0.007884 1.756344
0.936685 0.000001 0.000003 0.000000 0.000000 0.055427 0.007884 1.756344
0.936684 0.000001 0.000003 0.000000 0.000000 0.055427 0.007884 1.756344
0.936684 0.000002 0.000003 0.000000 0.000000 0.055427 0.007884 1.756344
0.936684 0.000001 0.000003 0.000000 0.000000 0.055427 0.007884 1.756344
0.936684 0.000001 0.000003 0.000000 0.000000 0.055428 0.007884 1.756344
0.936683 0.000002 0.000003 0.000000 0.000000 0.055428 0.007884 1.756344
0.936684 0.000002 0.000003 0.000000 0.000000 0.055427 0.007884 1.756344
0.936685 0.000002 0.000003 0.000000 0.000000 0.055426 0.007884 1.756344
0.936685 0.000002 0.000003 0.000000 0.000000 0.055426 0.007884 1.756344
0.936686 0.000002 0.000003 0.000000 0.000000 0.055425 0.007884 1.756344
0.936685 0.000002 0.000003 0.000000 0.000000 0.055425 0.007884 1.756345
0.936685 0.000001 0.000002 0.000000 0.000000 0.055426 0.007884 1.756345
0.936686 0.000001 0.000003 0.000000 0.000000 0.055425 0.007884 1.756346
0.936686 0.000001 0.000003 0.000000 0.000000 0.055425 0.007884 1.756346
0.936687 0.000001 0.000003 0.000000 0.000000 0.055424 0.007884 1.756347
0.936686 0.000002 0.000003 0.000000 0.000000 0.055424 0.007884 1.756347
0.936686 0.000002 0.000003 0.000000 0.000000 0.055424 0.007884 1.756347
0.936686 0.000002 0.000002 0.000000 0.000000 0.055425 0.007884 1.756347
0.936687 0.000001 0.000003 0.000000 0.000000 0.055424 0.007884 1.756347
0.936688 0.000001 0.000003 0.000000 0.000000 0.055423 0.007884 1.756347
0.936688 0.000002 0.000003 0.000000 0.000000 0.055423 0.007884 1.756347
0.936688 0.000001 0.000003 0.000001 0.000000 0.055423 0.007884 1.756348
0.936688 0.000001 0.000002 0.000001 0.000000 0.055423 0.007884 1.756348
0.936689 0.000001 0.000002 0.000001 0.000000 0.055422 0.007884 1.756348
0.936689 0.000001 0.000001 0.000001 0.000000 0.055423 0.007884 1.756348
0.936690 0.000001 0.000001 0.000001 0.000000 0.055422 0.007884 1.756348
0.936690 0.000001 0.000000 0.000001 0.000000 0.055423 0.007884 1.756348
0.936689 0.000001 0.000000 0.000001 0.000000 0.055423 0.007884 1.756348
0.936690 0.000001 0.000000 0.000001 0.000000 0.055422 0.007884 1.756348
0.936690 0.000001 0.000000 0.000001 0.000000 0.055422 0.007884 1.756348
0.936690 0.000002 0.000000 0.000001 0.000000 0.055422 0.007884 1.756348
0.936689 0.000003 0.000000 0.000001 0.000000 0.055422 0.007884 1.756348
0.936688 0.000003 0.000000 0.000001 0.000000 0.055422 0.007884 1.756348
0.936688 0.000004 0.000000 0.000001 0.000000 0.055422 0.007884 1.756348
0.936687 0.000005 0.000001 0.000001 0.000000 0.055421 0.007884 1.756349
0.936686 0.000005 0.000001 0.000002 0.000000 0.055421 0.007884 1.756350
0.936686 0.000005 0.000002 0.000002 0.000000 0.055421 0.007884 1.756351
0.936685 0.000005 0.000003 0.000002 0.000000 0.055421 0.007884 1.756352
0.936685 0.000006 0.000003 0.000001 0.000000 0.055421 0.007884 1.756352
0.936685 0.000006 0.000003 0.000002 0.000000 0.055420 0.007884 1.756352
0.936686 0.000005 0.000002 0.000003 0.000000 0.055420 0.007884 1.756353
0.936685 0.000005 0.000003 0.000002 0.000000 0.055421 0.007884 1.756354
0.936685 0.000005 0.000003 0.000001 0.000000 0.055422 0.007884 1.756354
0.936684 0.000006 0.000003 0.000001 0.000000 0.055422 0.007884 1.756354
