0.329335 0.063729 0.057161 0.032921 0.002160 0.508492 0.006202 1.663715
0.331527 0.061694 0.056937 0.032749 0.002167 0.508692 0.006234 1.669908
0.334205 0.059449 0.056743 0.032507 0.002173 0.508664 0.006260 1.675849
0.337295 0.056998 0.056441 0.032191 0.002183 0.508607 0.006285 1.681566
0.340653 0.054427 0.055994 0.031892 0.002195 0.508528 0.006311 1.687098
0.344215 0.051936 0.055326 0.031514 0.002199 0.508468 0.006343 1.692375
0.348025 0.049538 0.054612 0.031019 0.002185 0.508249 0.006371 1.697380
0.351919 0.047354 0.053736 0.030422 0.002177 0.507992 0.006399 1.702063
0.355867 0.045094 0.052878 0.029917 0.002178 0.507637 0.006430 1.706673
0.359903 0.043055 0.051909 0.029340 0.002175 0.507165 0.006452 1.710955
0.364048 0.040990 0.050909 0.028646 0.002173 0.506748 0.006486 1.715160
0.368250 0.039115 0.049816 0.027989 0.002159 0.506154 0.006517 1.719069
0.372620 0.037338 0.048805 0.027301 0.002144 0.505245 0.006548 1.722830
0.377166 0.035619 0.047747 0.026547 0.002133 0.504208 0.006580 1.726401
0.381809 0.033931 0.046630 0.025930 0.002123 0.502974 0.006602 1.729858
0.386213 0.032484 0.045383 0.025251 0.002104 0.501930 0.006635 1.733109
0.390698 0.031141 0.044158 0.024584 0.002089 0.500669 0.006661 1.736176
0.395319 0.029830 0.042941 0.023835 0.002073 0.499306 0.006696 1.739126
0.400098 0.028515 0.041753 0.023172 0.002073 0.497668 0.006722 1.741988
0.404662 0.027305 0.040572 0.022510 0.002060 0.496149 0.006743 1.744742
0.409424 0.026164 0.039470 0.021885 0.002056 0.494232 0.006768 1.747403
0.414154 0.025027 0.038378 0.021211 0.002029 0.492408 0.006794 1.749959
0.418895 0.024089 0.037175 0.020556 0.002012 0.490455 0.006818 1.752318
0.423734 0.023112 0.036093 0.019929 0.001989 0.488304 0.006840 1.754665
0.428593 0.022205 0.035027 0.019332 0.001965 0.486013 0.006867 1.756915
0.433421 0.021326 0.033962 0.018744 0.001936 0.483716 0.006896 1.759064
0.438212 0.020483 0.032906 0.018147 0.001912 0.481419 0.006922 1.761148
0.443001 0.019755 0.031854 0.017569 0.001890 0.478986 0.006944 1.763120
0.447726 0.019084 0.030801 0.016971 0.001873 0.476578 0.006968 1.765031
0.452491 0.018409 0.029895 0.016415 0.001848 0.473951 0.006991 1.766897
0.457260 0.017805 0.028940 0.015871 0.001818 0.471291 0.007016 1.768668
0.461992 0.017258 0.027995 0.015374 0.001789 0.468552 0.007041 1.770390
0.466688 0.016753 0.027123 0.014863 0.001764 0.465747 0.007062 1.772029
0.471334 0.016279 0.026213 0.014333 0.001725 0.463031 0.007085 1.773613
0.476004 0.015761 0.025323 0.013887 0.001694 0.460219 0.007112 1.775175
0.480741 0.015275 0.024492 0.013478 0.001654 0.457217 0.007144 1.776699
0.485386 0.014845 0.023729 0.013054 0.001618 0.454198 0.007171 1.778169
0.489967 0.014417 0.022952 0.012601 0.001590 0.451281 0.007193 1.779615
0.494628 0.014029 0.022218 0.012186 0.001548 0.448171 0.007220 1.780989
0.499267 0.013601 0.021542 0.011789 0.001514 0.445046 0.007242 1.782361
0.503903 0.013229 0.020873 0.011435 0.001483 0.441813 0.007263 1.783669
0.508437 0.012887 0.020214 0.011041 0.001466 0.438673 0.007283 1.784941
0.512925 0.012590 0.019588 0.010725 0.001434 0.435434 0.007304 1.786172
0.517442 0.012256 0.019003 0.010407 0.001412 0.432155 0.007325 1.787382
0.521939 0.011980 0.018426 0.010091 0.001389 0.428835 0.007341 1.788569
0.526415 0.011666 0.017921 0.009749 0.001370 0.425524 0.007356 1.789731
0.530899 0.011397 0.017370 0.009475 0.001336 0.422148 0.007375 1.790850
0.535264 0.011131 0.016852 0.009196 0.001301 0.418863 0.007393 1.791976
0.539585 0.010889 0.016353 0.008930 0.001281 0.415556 0.007406 1.793079
0.543900 0.010642 0.015893 0.008644 0.001254 0.412243 0.007424 1.794133
0.548199 0.010465 0.015436 0.008409 0.001236 0.408817 0.007437 1.795137
0.552465 0.010227 0.014980 0.008180 0.001219 0.405477 0.007452 1.796145
0.556725 0.009998 0.014566 0.007950 0.001186 0.402098 0.007478 1.797151
0.560912 0.009820 0.014179 0.007720 0.001167 0.398709 0.007494 1.798116
0.565101 0.009676 0.013791 0.007516 0.001140 0.395271 0.007506 1.799036
0.569264 0.009497 0.013392 0.007319 0.001108 0.391895 0.007525 1.799978
0.573395 0.009330 0.013016 0.007104 0.001090 0.388529 0.007537 1.800906
0.577484 0.009196 0.012641 0.006911 0.001067 0.385155 0.007546 1.801806
0.581515 0.009094 0.012322 0.006735 0.001046 0.381730 0.007558 1.802688
0.585542 0.008923 0.012042 0.006539 0.001033 0.378356 0.007566 1.803579
0.589521 0.008810 0.011765 0.006368 0.001015 0.374944 0.007578 1.804432
0.593464 0.008685 0.011528 0.006193 0.000992 0.371546 0.007592 1.805292
0.597300 0.008636 0.011251 0.006056 0.000971 0.368181 0.007605 1.806103
0.601093 0.008557 0.011008 0.005921 0.000954 0.364851 0.007616 1.806922
0.604880 0.008407 0.010824 0.005780 0.000931 0.361550 0.007629 1.807771
0.608595 0.008285 0.010632 0.005664 0.000914 0.358274 0.007637 1.808621
0.612247 0.008195 0.010394 0.005557 0.000894 0.355061 0.007651 1.809418
0.615991 0.008106 0.010140 0.005452 0.000869 0.351777 0.007665 1.810210
0.619603 0.008038 0.009950 0.005349 0.000838 0.348547 0.007675 1.810994
0.623336 0.007929 0.009754 0.005227 0.000812 0.345252 0.007689 1.811773
0.626899 0.007840 0.009577 0.005138 0.000797 0.342049 0.007699 1.812561
0.630482 0.007760 0.009400 0.005020 0.000781 0.338851 0.007705 1.813295
0.633989 0.007711 0.009216 0.004905 0.000766 0.335697 0.007717 1.814015
0.637603 0.007613 0.009087 0.004803 0.000750 0.332417 0.007727 1.814755
0.641085 0.007559 0.008896 0.004728 0.000737 0.329258 0.007737 1.815470
0.644496 0.007455 0.008754 0.004642 0.000712 0.326193 0.007749 1.816231
0.647913 0.007440 0.008607 0.004521 0.000692 0.323065 0.007763 1.816940
0.651357 0.007326 0.008452 0.004434 0.000673 0.319985 0.007773 1.817669
0.654758 0.007260 0.008328 0.004355 0.000661 0.316856 0.007781 1.818373
0.658041 0.007245 0.008204 0.004269 0.000635 0.313808 0.007798 1.819053
0.661321 0.007193 0.008060 0.004215 0.000621 0.310782 0.007808 1.819744
0.664463 0.007147 0.007964 0.004154 0.000610 0.307845 0.007817 1.820442
0.667676 0.007106 0.007838 0.004085 0.000605 0.304864 0.007825 1.821135
0.670812 0.007073 0.007761 0.004035 0.000592 0.301891 0.007835 1.821817
0.673928 0.007041 0.007667 0.004003 0.000587 0.298935 0.007839 1.822508
0.676966 0.007040 0.007561 0.003950 0.000570 0.296068 0.007846 1.823172
0.679985 0.006994 0.007464 0.003884 0.000565 0.293256 0.007853 1.823859
0.683061 0.006920 0.007394 0.003837 0.000557 0.290372 0.007858 1.824550
0.686005 0.006838 0.007350 0.003798 0.000553 0.287591 0.007865 1.825252
0.688958 0.006821 0.007280 0.003760 0.000545 0.284763 0.007873 1.825921
0.691860 0.006816 0.007197 0.003718 0.000525 0.282003 0.007881 1.826568
0.694720 0.006759 0.007152 0.003677 0.000518 0.279283 0.007890 1.827252
0.697581 0.006759 0.007086 0.003648 0.000507 0.276523 0.007896 1.827896
0.700353 0.006731 0.007008 0.003632 0.000505 0.273869 0.007902 1.828578
0.703160 0.006720 0.006941 0.003594 0.000498 0.271179 0.007908 1.829235
0.705844 0.006690 0.006915 0.003582 0.000489 0.268566 0.007914 1.829929
0.708541 0.006701 0.006861 0.003544 0.000480 0.265952 0.007921 1.830585
0.711214 0.006657 0.006756 0.003549 0.000470 0.263431 0.007925 1.831249
0.713781 0.006658 0.006731 0.003542 0.000461 0.260896 0.007931 1.831922
0.716352 0.006642 0.006677 0.003528 0.000459 0.258405 0.007936 1.832592
0.718924 0.006643 0.006607 0.003501 0.000452 0.255933 0.007940 1.833240
0.721554 0.006651 0.006559 0.003475 0.000443 0.253372 0.007947 1.833886
0.724010 0.006670 0.006516 0.003435 0.000433 0.250982 0.007954 1.834520
0.726484 0.006668 0.006436 0.003439 0.000429 0.248583 0.007960 1.835173
0.728850 0.006709 0.006381 0.003422 0.000426 0.246248 0.007964 1.835805
0.731244 0.006715 0.006348 0.003414 0.000415 0.243893 0.007971 1.836467
0.733580 0.006767 0.006338 0.003404 0.000407 0.241526 0.007978 1.837134
0.735912 0.006745 0.006336 0.003402 0.000402 0.239221 0.007981 1.837805
0.738254 0.006756 0.006344 0.003370 0.000397 0.236894 0.007985 1.838498
0.740514 0.006760 0.006327 0.003342 0.000394 0.234672 0.007990 1.839171
0.742739 0.006811 0.006263 0.003331 0.000387 0.232473 0.007996 1.839794
0.744966 0.006794 0.006308 0.003293 0.000382 0.230255 0.008002 1.840503
0.747154 0.006833 0.006305 0.003304 0.000375 0.228024 0.008005 1.841172
0.749280 0.006866 0.006296 0.003304 0.000369 0.225873 0.008011 1.841856
0.751372 0.006863 0.006294 0.003336 0.000364 0.223756 0.008017 1.842559
0.753516 0.006858 0.006280 0.003324 0.000360 0.221639 0.008023 1.843225
0.755605 0.006861 0.006265 0.003326 0.000355 0.219561 0.008028 1.843896
0.757641 0.006866 0.006297 0.003323 0.000353 0.217484 0.008036 1.844607
0.759661 0.006893 0.006275 0.003313 0.000348 0.215469 0.008043 1.845279
0.761556 0.006947 0.006268 0.003314 0.000341 0.213527 0.008049 1.845958
0.763447 0.007042 0.006282 0.003305 0.000338 0.211532 0.008054 1.846628
0.765341 0.007072 0.006291 0.003299 0.000329 0.209605 0.008064 1.847327
0.767272 0.007089 0.006302 0.003306 0.000323 0.207639 0.008069 1.848043
0.769144 0.007091 0.006323 0.003310 0.000316 0.205741 0.008076 1.848760
0.770989 0.007097 0.006351 0.003330 0.000314 0.203840 0.008079 1.849475
0.772744 0.007141 0.006364 0.003334 0.000307 0.202026 0.008084 1.850185
0.774561 0.007128 0.006380 0.003361 0.000300 0.200181 0.008090 1.850914
0.776303 0.007183 0.006340 0.003342 0.000300 0.198438 0.008095 1.851597
0.778058 0.007249 0.006340 0.003344 0.000296 0.196615 0.008099 1.852297
0.779762 0.007328 0.006330 0.003368 0.000292 0.194821 0.008100 1.852995
0.781365 0.007379 0.006358 0.003384 0.000291 0.193120 0.008104 1.853733
0.782956 0.007445 0.006383 0.003397 0.000288 0.191427 0.008106 1.854444
0.784579 0.007465 0.006455 0.003403 0.000285 0.189702 0.008111 1.855211
0.786126 0.007505 0.006456 0.003425 0.000284 0.188089 0.008114 1.855957
0.787631 0.007611 0.006472 0.003445 0.000285 0.186439 0.008117 1.856696
0.789169 0.007646 0.006502 0.003483 0.000286 0.184793 0.008121 1.857482
0.790582 0.007724 0.006519 0.003510 0.000287 0.183253 0.008124 1.858226
0.792020 0.007771 0.006552 0.003531 0.000280 0.181719 0.008128 1.858980
0.793503 0.007845 0.006565 0.003540 0.000280 0.180133 0.008135 1.859735
0.794880 0.007965 0.006604 0.003559 0.000283 0.178569 0.008138 1.860500
0.796223 0.008025 0.006646 0.003591 0.000282 0.177092 0.008142 1.861272
0.797553 0.008085 0.006693 0.003602 0.000278 0.175644 0.008146 1.862067
0.798889 0.008132 0.006694 0.003594 0.000274 0.174266 0.008150 1.862870
0.800124 0.008233 0.006741 0.003588 0.000273 0.172888 0.008153 1.863647
0.801456 0.008265 0.006819 0.003616 0.000275 0.171411 0.008158 1.864475
0.802698 0.008334 0.006838 0.003629 0.000273 0.170066 0.008162 1.865292
0.803921 0.008406 0.006908 0.003650 0.000274 0.168676 0.008164 1.866130
0.805128 0.008494 0.006949 0.003683 0.000268 0.167311 0.008168 1.866939
0.806277 0.008571 0.007000 0.003691 0.000270 0.166018 0.008173 1.867777
0.807382 0.008718 0.007037 0.003724 0.000267 0.164698 0.008175 1.868596
0.808503 0.008747 0.007064 0.003774 0.000273 0.163460 0.008179 1.869477
0.809660 0.008811 0.007131 0.003820 0.000276 0.162120 0.008182 1.870346
0.810692 0.008872 0.007213 0.003892 0.000277 0.160866 0.008189 1.871260
0.811692 0.008973 0.007290 0.003933 0.000278 0.159644 0.008190 1.872148
0.812708 0.009102 0.007366 0.003947 0.000280 0.158403 0.008193 1.873030
0.813692 0.009230 0.007386 0.003971 0.000282 0.157242 0.008197 1.873906
0.814669 0.009342 0.007437 0.004021 0.000280 0.156053 0.008199 1.874795
0.815604 0.009466 0.007497 0.004053 0.000276 0.154901 0.008204 1.875698
0.816493 0.009545 0.007550 0.004065 0.000281 0.153859 0.008207 1.876621
0.817285 0.009681 0.007619 0.004128 0.000282 0.152795 0.008211 1.877561
0.818060 0.009851 0.007717 0.004156 0.000291 0.151710 0.008214 1.878499
0.818865 0.009975 0.007788 0.004166 0.000294 0.150694 0.008219 1.879472
0.819667 0.010006 0.007938 0.004230 0.000298 0.149639 0.008221 1.880523
0.820336 0.010179 0.007984 0.004290 0.000299 0.148688 0.008224 1.881490
0.821030 0.010296 0.008052 0.004349 0.000296 0.147750 0.008228 1.882503
0.821803 0.010435 0.008116 0.004359 0.000298 0.146758 0.008231 1.883478
0.822489 0.010532 0.008203 0.004387 0.000295 0.145861 0.008232 1.884509
0.823146 0.010639 0.008306 0.004433 0.000296 0.144941 0.008239 1.885568
0.823745 0.010750 0.008421 0.004478 0.000293 0.144071 0.008242 1.886629
0.824283 0.010840 0.008543 0.004518 0.000298 0.143272 0.008245 1.887738
0.824927 0.010953 0.008618 0.004594 0.000302 0.142357 0.008249 1.888801
0.825502 0.011060 0.008701 0.004630 0.000307 0.141548 0.008253 1.889890
0.826013 0.011183 0.008758 0.004688 0.000306 0.140794 0.008258 1.890996
0.826508 0.011339 0.008873 0.004710 0.000299 0.140009 0.008264 1.892088
0.827001 0.011439 0.008954 0.004767 0.000298 0.139273 0.008268 1.893202
0.827562 0.011535 0.009015 0.004821 0.000299 0.138497 0.008272 1.894333
0.828087 0.011604 0.009155 0.004858 0.000305 0.137717 0.008276 1.895480
0.828581 0.011682 0.009256 0.004897 0.000303 0.137002 0.008281 1.896627
0.829041 0.011799 0.009336 0.004929 0.000302 0.136312 0.008283 1.897771
0.829412 0.011975 0.009431 0.004989 0.000308 0.135601 0.008285 1.898942
0.829792 0.012083 0.009518 0.005063 0.000307 0.134948 0.008290 1.900124
0.830126 0.012191 0.009597 0.005131 0.000310 0.134350 0.008296 1.901323
0.830453 0.012293 0.009716 0.005161 0.000305 0.133772 0.008301 1.902544
0.830778 0.012397 0.009814 0.005217 0.000310 0.133179 0.008305 1.903762
0.830988 0.012523 0.009906 0.005310 0.000310 0.132653 0.008310 1.905034
0.831185 0.012739 0.009972 0.005347 0.000313 0.132128 0.008316 1.906234
0.831446 0.012872 0.010094 0.005379 0.000314 0.131577 0.008319 1.907475
0.831745 0.013007 0.010189 0.005462 0.000322 0.130955 0.008322 1.908731
0.832037 0.013083 0.010290 0.005523 0.000314 0.130427 0.008327 1.910040
0.832181 0.013235 0.010382 0.005573 0.000318 0.129983 0.008329 1.911336
0.832464 0.013361 0.010478 0.005606 0.000320 0.129441 0.008332 1.912605
0.832591 0.013564 0.010583 0.005644 0.000320 0.128964 0.008335 1.913898
0.832723 0.013644 0.010756 0.005698 0.000317 0.128521 0.008341 1.915248
0.832876 0.013742 0.010858 0.005755 0.000325 0.128099 0.008346 1.916612
0.833033 0.013896 0.010936 0.005821 0.000325 0.127640 0.008351 1.917938
0.833148 0.014050 0.011003 0.005885 0.000322 0.127237 0.008356 1.919293
0.833182 0.014217 0.011067 0.005937 0.000318 0.126916 0.008361 1.920652
0.833233 0.014352 0.011160 0.006012 0.000322 0.126556 0.008366 1.922053
0.833211 0.014495 0.011286 0.006062 0.000331 0.126248 0.008369 1.923442
0.833199 0.014641 0.011442 0.006117 0.000329 0.125898 0.008374 1.924874
0.833175 0.014823 0.011521 0.006190 0.000336 0.125578 0.008377 1.926292
0.833183 0.014976 0.011603 0.006251 0.000339 0.125267 0.008382 1.927719
0.833155 0.015117 0.011706 0.006291 0.000344 0.125002 0.008386 1.929176
0.833065 0.015240 0.011854 0.006341 0.000344 0.124763 0.008393 1.930685
0.833032 0.015309 0.011978 0.006461 0.000338 0.124483 0.008401 1.932213
0.832875 0.015474 0.012128 0.006517 0.000341 0.124259 0.008405 1.933713
0.832772 0.015571 0.012264 0.006580 0.000346 0.124059 0.008408 1.935262
0.832719 0.015609 0.012455 0.006595 0.000354 0.123858 0.008411 1.936817
0.832582 0.015699 0.012565 0.006684 0.000358 0.123696 0.008417 1.938381
0.832500 0.015822 0.012624 0.006726 0.000358 0.123547 0.008423 1.939882
0.832332 0.015922 0.012798 0.006746 0.000366 0.123411 0.008428 1.941452
0.832154 0.016130 0.012882 0.006848 0.000372 0.123181 0.008434 1.943004
0.831935 0.016319 0.012967 0.006929 0.000384 0.123027 0.008439 1.944548
0.831719 0.016437 0.013104 0.006967 0.000381 0.122949 0.008443 1.946166
0.831484 0.016619 0.013222 0.007015 0.000384 0.122830 0.008447 1.947772
0.831221 0.016725 0.013361 0.007094 0.000383 0.122763 0.008454 1.949434
0.830942 0.016842 0.013479 0.007189 0.000388 0.122701 0.008459 1.951111
0.830667 0.016972 0.013583 0.007257 0.000393 0.122665 0.008463 1.952748
0.830433 0.017037 0.013662 0.007347 0.000393 0.122661 0.008467 1.954416
0.830257 0.017133 0.013759 0.007395 0.000399 0.122588 0.008470 1.956067
0.829992 0.017259 0.013849 0.007497 0.000392 0.122536 0.008475 1.957769
0.829777 0.017294 0.014001 0.007574 0.000400 0.122474 0.008481 1.959504
0.829512 0.017476 0.014047 0.007628 0.000398 0.122452 0.008487 1.961153
0.829216 0.017579 0.014213 0.007712 0.000397 0.122391 0.008492 1.962893
0.828872 0.017711 0.014278 0.007785 0.000402 0.122456 0.008496 1.964649
0.828522 0.017833 0.014373 0.007868 0.000408 0.122498 0.008499 1.966417
0.828176 0.017975 0.014461 0.007881 0.000408 0.122596 0.008504 1.968141
0.827791 0.018053 0.014589 0.007941 0.000417 0.122703 0.008507 1.969946
0.827505 0.018131 0.014670 0.007994 0.000420 0.122766 0.008515 1.971718
0.827184 0.018177 0.014741 0.008059 0.000424 0.122893 0.008522 1.973487
0.826841 0.018248 0.014849 0.008099 0.000425 0.123012 0.008526 1.975287
0.826526 0.018342 0.014932 0.008175 0.000425 0.123067 0.008533 1.977088
0.826164 0.018403 0.015080 0.008227 0.000428 0.123159 0.008539 1.978911
0.825836 0.018515 0.015197 0.008295 0.000422 0.123194 0.008544 1.980706
0.825364 0.018639 0.015280 0.008379 0.000426 0.123361 0.008551 1.982529
0.824992 0.018779 0.015342 0.008405 0.000429 0.123497 0.008557 1.984300
0.824582 0.018847 0.015486 0.008433 0.000438 0.123654 0.008561 1.986153
0.824212 0.018954 0.015566 0.008466 0.000448 0.123789 0.008565 1.987985
0.823842 0.019030 0.015640 0.008512 0.000450 0.123957 0.008571 1.989842
0.823536 0.019055 0.015789 0.008552 0.000448 0.124043 0.008577 1.991696
0.823126 0.019091 0.015954 0.008616 0.000462 0.124168 0.008583 1.993619
0.822776 0.019118 0.016018 0.008643 0.000466 0.124394 0.008586 1.995483
0.822304 0.019208 0.016084 0.008691 0.000471 0.124651 0.008591 1.997377
0.821934 0.019194 0.016167 0.008716 0.000480 0.124914 0.008597 1.999301
0.821459 0.019251 0.016233 0.008764 0.000490 0.125202 0.008601 2.001243
0.821019 0.019366 0.016279 0.008810 0.000495 0.125425 0.008606 2.003135
0.820584 0.019513 0.016354 0.008814 0.000504 0.125620 0.008610 2.005001
0.820134 0.019658 0.016430 0.008829 0.000507 0.125825 0.008617 2.006902
0.819713 0.019680 0.016511 0.008879 0.000518 0.126076 0.008623 2.008853
0.819292 0.019803 0.016548 0.008932 0.000518 0.126280 0.008628 2.010745
0.818954 0.019832 0.016632 0.008969 0.000524 0.126459 0.008631 2.012678
0.818590 0.019810 0.016742 0.009052 0.000532 0.126638 0.008636 2.014674
0.818128 0.019937 0.016787 0.009045 0.000532 0.126929 0.008644 2.016615
0.817678 0.020012 0.016855 0.009083 0.000539 0.127183 0.008650 2.018576
0.817253 0.020072 0.016893 0.009127 0.000544 0.127458 0.008653 2.020530
0.816842 0.020171 0.016955 0.009104 0.000544 0.127721 0.008663 2.022471
0.816425 0.020147 0.017090 0.009180 0.000544 0.127942 0.008673 2.024514
0.816053 0.020144 0.017164 0.009198 0.000545 0.128221 0.008677 2.026532
0.815716 0.020130 0.017294 0.009201 0.000550 0.128427 0.008683 2.028509
0.815260 0.020271 0.017283 0.009217 0.000557 0.128724 0.008689 2.030412
0.814945 0.020306 0.017363 0.009243 0.000553 0.128894 0.008697 2.032377
0.814595 0.020355 0.017406 0.009259 0.000563 0.129117 0.008706 2.034368
0.814142 0.020384 0.017458 0.009288 0.000564 0.129450 0.008716 2.036379
0.813817 0.020376 0.017535 0.009312 0.000562 0.129678 0.008720 2.038370
0.813399 0.020456 0.017565 0.009328 0.000564 0.129960 0.008728 2.040335
0.813038 0.020463 0.017588 0.009380 0.000566 0.130230 0.008734 2.042328
0.812606 0.020484 0.017660 0.009425 0.000560 0.130525 0.008740 2.044344
0.812248 0.020418 0.017686 0.009456 0.000567 0.130878 0.008747 2.046390
0.811862 0.020452 0.017721 0.009449 0.000573 0.131194 0.008750 2.048371
0.811474 0.020413 0.017814 0.009477 0.000580 0.131486 0.008756 2.050400
0.811105 0.020360 0.017881 0.009490 0.000586 0.131816 0.008763 2.052421
0.810785 0.020329 0.017915 0.009520 0.000590 0.132090 0.008771 2.054440
0.810359 0.020385 0.017995 0.009564 0.000592 0.132329 0.008778 2.056463
0.810143 0.020300 0.017983 0.009579 0.000594 0.132617 0.008784 2.058467
0.809793 0.020314 0.018044 0.009619 0.000595 0.132846 0.008790 2.060490
0.809514 0.020262 0.018060 0.009619 0.000593 0.133152 0.008800 2.062531
0.809129 0.020281 0.018048 0.009632 0.000597 0.133506 0.008807 2.064541
0.808787 0.020356 0.018030 0.009597 0.000597 0.133819 0.008815 2.066469
0.808436 0.020333 0.018062 0.009618 0.000590 0.134139 0.008822 2.068495
0.808076 0.020295 0.018054 0.009632 0.000596 0.134520 0.008828 2.070509
0.807727 0.020335 0.018083 0.009669 0.000601 0.134748 0.008837 2.072512
0.807451 0.020308 0.018094 0.009658 0.000604 0.135042 0.008843 2.074516
0.807058 0.020368 0.018121 0.009658 0.000600 0.135344 0.008851 2.076506
0.806753 0.020392 0.018133 0.009664 0.000609 0.135590 0.008859 2.078501
0.806496 0.020363 0.018122 0.009679 0.000610 0.135863 0.008867 2.080525
0.806176 0.020253 0.018212 0.009698 0.000611 0.136177 0.008874 2.082593
0.805891 0.020246 0.018137 0.009722 0.000607 0.136511 0.008886 2.084565
0.805605 0.020193 0.018200 0.009698 0.000599 0.136806 0.008900 2.086553
0.805374 0.020166 0.018174 0.009667 0.000595 0.137114 0.008910 2.088511
0.805203 0.020160 0.018112 0.009661 0.000598 0.137349 0.008917 2.090424
0.804940 0.020191 0.018088 0.009658 0.000603 0.137594 0.008925 2.092405
0.804726 0.020215 0.018095 0.009608 0.000612 0.137813 0.008931 2.094359
0.804550 0.020208 0.018064 0.009606 0.000616 0.138019 0.008939 2.096315
0.804330 0.020086 0.018088 0.009620 0.000623 0.138308 0.008945 2.098326
0.804181 0.019955 0.018146 0.009593 0.000620 0.138551 0.008955 2.100325
0.804035 0.019901 0.018095 0.009569 0.000624 0.138810 0.008965 2.102260
0.803872 0.019905 0.018011 0.009543 0.000623 0.139074 0.008973 2.104164
0.803753 0.019874 0.017966 0.009524 0.000622 0.139283 0.008980 2.106073
0.803634 0.019826 0.017889 0.009476 0.000620 0.139568 0.008988 2.107995
0.803410 0.019768 0.017922 0.009501 0.000623 0.139777 0.008998 2.109980
0.803213 0.019787 0.017897 0.009469 0.000621 0.140007 0.009007 2.111891
0.803046 0.019704 0.017945 0.009441 0.000620 0.140231 0.009014 2.113852
0.802939 0.019672 0.017920 0.009444 0.000629 0.140375 0.009020 2.115785
0.802790 0.019682 0.017898 0.009439 0.000627 0.140532 0.009031 2.117700
0.802704 0.019655 0.017884 0.009427 0.000628 0.140663 0.009040 2.119622
0.802602 0.019603 0.017850 0.009401 0.000626 0.140868 0.009050 2.121526
0.802540 0.019485 0.017848 0.009439 0.000627 0.141005 0.009056 2.123473
0.802481 0.019455 0.017793 0.009455 0.000629 0.141126 0.009061 2.125363
0.802370 0.019466 0.017830 0.009418 0.000624 0.141225 0.009069 2.127273
0.802263 0.019364 0.017891 0.009425 0.000623 0.141359 0.009075 2.129251
0.802116 0.019399 0.017838 0.009374 0.000623 0.141566 0.009083 2.131100
0.802049 0.019370 0.017828 0.009330 0.000626 0.141710 0.009088 2.132963
0.801961 0.019306 0.017827 0.009308 0.000627 0.141875 0.009096 2.134869
0.801909 0.019220 0.017830 0.009317 0.000631 0.141992 0.009101 2.136792
0.801894 0.019097 0.017808 0.009318 0.000638 0.142139 0.009107 2.138700
0.801836 0.019027 0.017803 0.009320 0.000643 0.142258 0.009113 2.140603
0.801813 0.019010 0.017738 0.009269 0.000645 0.142403 0.009123 2.142433
0.801710 0.018991 0.017680 0.009238 0.000651 0.142598 0.009132 2.144274
0.801714 0.018962 0.017606 0.009228 0.000654 0.142700 0.009137 2.146125
0.801642 0.018885 0.017635 0.009233 0.000647 0.142811 0.009149 2.148016
0.801691 0.018782 0.017619 0.009223 0.000648 0.142883 0.009154 2.149869
0.801682 0.018729 0.017590 0.009206 0.000653 0.142981 0.009160 2.151717
0.801679 0.018685 0.017528 0.009161 0.000646 0.143134 0.009167 2.153543
0.801739 0.018621 0.017434 0.009140 0.000646 0.143247 0.009174 2.155344
0.801755 0.018565 0.017402 0.009116 0.000646 0.143337 0.009181 2.157172
0.801808 0.018473 0.017331 0.009092 0.000646 0.143462 0.009189 2.158966
0.801856 0.018391 0.017270 0.009102 0.000635 0.143546 0.009199 2.160785
0.801838 0.018323 0.017192 0.009066 0.000645 0.143731 0.009204 2.162601
0.801855 0.018294 0.017142 0.009062 0.000643 0.143793 0.009210 2.164398
0.801902 0.018252 0.017137 0.009040 0.000647 0.143805 0.009217 2.166206
0.801930 0.018174 0.017055 0.009032 0.000648 0.143937 0.009225 2.167992
0.801994 0.018154 0.017002 0.009024 0.000644 0.143952 0.009231 2.169777
0.802070 0.018097 0.016934 0.008995 0.000650 0.144019 0.009236 2.171554
0.802163 0.017992 0.016899 0.008995 0.000659 0.144048 0.009243 2.173362
0.802199 0.018040 0.016807 0.008913 0.000657 0.144133 0.009250 2.175056
0.802292 0.017986 0.016810 0.008859 0.000653 0.144141 0.009259 2.176805
0.802438 0.017903 0.016759 0.008785 0.000646 0.144201 0.009267 2.178545
0.802567 0.017806 0.016694 0.008809 0.000645 0.144205 0.009275 2.180336
0.802680 0.017795 0.016649 0.008774 0.000637 0.144179 0.009287 2.182056
0.802807 0.017643 0.016620 0.008781 0.000638 0.144218 0.009295 2.183869
0.802882 0.017613 0.016574 0.008783 0.000636 0.144210 0.009302 2.185609
0.802915 0.017617 0.016558 0.008763 0.000632 0.144208 0.009307 2.187328
0.803065 0.017590 0.016488 0.008722 0.000633 0.144187 0.009314 2.189047
0.803232 0.017458 0.016468 0.008712 0.000628 0.144177 0.009326 2.190862
0.803328 0.017383 0.016448 0.008702 0.000621 0.144186 0.009333 2.192618
0.803498 0.017328 0.016384 0.008688 0.000626 0.144137 0.009341 2.194321
0.803607 0.017375 0.016344 0.008607 0.000619 0.144098 0.009352 2.195972
0.803746 0.017341 0.016301 0.008558 0.000628 0.144063 0.009362 2.197665
0.803868 0.017291 0.016253 0.008547 0.000628 0.144044 0.009370 2.199375
0.803998 0.017269 0.016200 0.008514 0.000628 0.144016 0.009377 2.201067
0.804200 0.017242 0.016145 0.008478 0.000632 0.143920 0.009384 2.202749
0.804334 0.017233 0.016146 0.008470 0.000632 0.143794 0.009392 2.204440
0.804505 0.017185 0.016059 0.008449 0.000634 0.143770 0.009398 2.206134
0.804689 0.017137 0.016024 0.008425 0.000626 0.143692 0.009406 2.207793
0.804805 0.017161 0.015954 0.008422 0.000623 0.143622 0.009413 2.209472
0.804971 0.017083 0.015932 0.008389 0.000624 0.143578 0.009424 2.211171
0.805153 0.017068 0.015895 0.008304 0.000625 0.143522 0.009433 2.212809
0.805328 0.016991 0.015864 0.008272 0.000632 0.143474 0.009439 2.214514
0.805457 0.017004 0.015772 0.008238 0.000624 0.143458 0.009447 2.216143
0.805601 0.017036 0.015675 0.008278 0.000621 0.143334 0.009455 2.217786
0.805793 0.016962 0.015661 0.008255 0.000621 0.143250 0.009460 2.219481
0.805970 0.016981 0.015591 0.008205 0.000624 0.143164 0.009466 2.221078
0.806210 0.016904 0.015587 0.008203 0.000621 0.143003 0.009473 2.222759
0.806388 0.016840 0.015566 0.008165 0.000622 0.142936 0.009482 2.224442
0.806499 0.016812 0.015537 0.008141 0.000612 0.142905 0.009495 2.226091
0.806663 0.016763 0.015527 0.008160 0.000614 0.142770 0.009503 2.227779
0.806734 0.016805 0.015507 0.008146 0.000611 0.142686 0.009512 2.229435
0.806948 0.016740 0.015443 0.008082 0.000607 0.142658 0.009523 2.231048
0.807070 0.016748 0.015459 0.008043 0.000610 0.142537 0.009534 2.232698
0.807272 0.016734 0.015391 0.008048 0.000609 0.142400 0.009545 2.234339
0.807421 0.016733 0.015340 0.008056 0.000616 0.142283 0.009552 2.235976
0.807626 0.016713 0.015291 0.008047 0.000609 0.142156 0.009560 2.237604
0.807758 0.016715 0.015241 0.008001 0.000606 0.142112 0.009569 2.239209
0.807935 0.016668 0.015222 0.008013 0.000595 0.141989 0.009578 2.240857
0.808053 0.016686 0.015191 0.008016 0.000592 0.141878 0.009584 2.242459
0.808266 0.016691 0.015169 0.007982 0.000588 0.141711 0.009593 2.244043
0.808427 0.016727 0.015123 0.007956 0.000583 0.141585 0.009600 2.245647
0.808664 0.016658 0.015108 0.007975 0.000579 0.141411 0.009607 2.247296
0.808798 0.016507 0.015141 0.008011 0.000577 0.141352 0.009615 2.249008
0.808922 0.016471 0.015129 0.008009 0.000569 0.141277 0.009623 2.250643
0.809070 0.016464 0.015124 0.007989 0.000569 0.141153 0.009631 2.252257
0.809244 0.016424 0.015128 0.007949 0.000566 0.141047 0.009642 2.253883
0.809389 0.016448 0.015135 0.007951 0.000560 0.140868 0.009650 2.255501
0.809555 0.016407 0.015103 0.007953 0.000563 0.140763 0.009656 2.257156
0.809776 0.016365 0.015069 0.007911 0.000566 0.140650 0.009662 2.258745
0.809935 0.016352 0.015089 0.007888 0.000562 0.140501 0.009673 2.260357
0.810086 0.016372 0.015065 0.007841 0.000553 0.140403 0.009680 2.261931
0.810215 0.016403 0.015037 0.007872 0.000552 0.140235 0.009686 2.263518
0.810417 0.016441 0.014994 0.007843 0.000553 0.140060 0.009692 2.265074
0.810615 0.016381 0.015005 0.007872 0.000556 0.139872 0.009699 2.266715
0.810856 0.016326 0.014958 0.007848 0.000557 0.139749 0.009706 2.268290
0.811026 0.016339 0.014956 0.007859 0.000556 0.139553 0.009712 2.269872
0.811188 0.016267 0.014954 0.007872 0.000559 0.139442 0.009720 2.271518
0.811419 0.016254 0.014910 0.007868 0.000556 0.139265 0.009729 2.273080
0.811530 0.016232 0.014854 0.007859 0.000552 0.139238 0.009735 2.274671
0.811649 0.016231 0.014864 0.007851 0.000549 0.139112 0.009745 2.276292
0.811844 0.016215 0.014874 0.007852 0.000547 0.138918 0.009750 2.277899
0.812033 0.016187 0.014850 0.007839 0.000550 0.138784 0.009758 2.279479
0.812173 0.016203 0.014807 0.007812 0.000537 0.138703 0.009764 2.281046
0.812334 0.016198 0.014775 0.007775 0.000538 0.138611 0.009770 2.282602
0.812494 0.016156 0.014779 0.007778 0.000535 0.138482 0.009776 2.284216
0.812606 0.016165 0.014755 0.007764 0.000540 0.138390 0.009781 2.285801
0.812792 0.016189 0.014721 0.007739 0.000542 0.138233 0.009786 2.287337
0.812991 0.016166 0.014663 0.007720 0.000549 0.138120 0.009791 2.288893
0.813157 0.016142 0.014693 0.007727 0.000548 0.137934 0.009799 2.290459
0.813288 0.016140 0.014663 0.007705 0.000549 0.137848 0.009808 2.292020
0.813429 0.016173 0.014613 0.007697 0.000546 0.137726 0.009816 2.293584
0.813514 0.016211 0.014617 0.007670 0.000550 0.137616 0.009823 2.295160
0.813695 0.016158 0.014610 0.007694 0.000547 0.137464 0.009831 2.296790
0.813833 0.016154 0.014627 0.007669 0.000542 0.137338 0.009837 2.298365
0.813966 0.016152 0.014614 0.007672 0.000541 0.137212 0.009843 2.299956
0.814103 0.016140 0.014598 0.007681 0.000544 0.137087 0.009849 2.301545
0.814199 0.016163 0.014582 0.007674 0.000540 0.136986 0.009857 2.303131
0.814280 0.016090 0.014613 0.007681 0.000542 0.136933 0.009862 2.304774
0.814399 0.016084 0.014572 0.007683 0.000549 0.136846 0.009867 2.306360
0.814489 0.016115 0.014533 0.007708 0.000542 0.136736 0.009877 2.307939
0.814575 0.016173 0.014544 0.007720 0.000545 0.136561 0.009883 2.309511
0.814655 0.016206 0.014562 0.007700 0.000545 0.136444 0.009888 2.311076
0.814818 0.016163 0.014602 0.007715 0.000543 0.136265 0.009895 2.312654
0.814957 0.016164 0.014586 0.007701 0.000537 0.136151 0.009903 2.314244
0.815018 0.016176 0.014594 0.007729 0.000526 0.136048 0.009909 2.315852
0.815077 0.016178 0.014650 0.007738 0.000526 0.135912 0.009919 2.317483
0.815147 0.016143 0.014698 0.007779 0.000521 0.135783 0.009928 2.319122
0.815199 0.016155 0.014686 0.007792 0.000519 0.135710 0.009939 2.320737
0.815293 0.016208 0.014597 0.007749 0.000521 0.135687 0.009944 2.322265
0.815425 0.016188 0.014644 0.007775 0.000519 0.135495 0.009954 2.323883
0.815516 0.016195 0.014611 0.007782 0.000522 0.135413 0.009961 2.325472
0.815665 0.016157 0.014602 0.007767 0.000526 0.135317 0.009964 2.327078
0.815701 0.016174 0.014561 0.007790 0.000523 0.135279 0.009971 2.328680
0.815812 0.016162 0.014587 0.007777 0.000525 0.135160 0.009977 2.330288
0.815915 0.016170 0.014551 0.007763 0.000524 0.135089 0.009987 2.331868
0.816008 0.016154 0.014516 0.007743 0.000530 0.135057 0.009992 2.333479
0.816072 0.016154 0.014497 0.007738 0.000527 0.135013 0.009999 2.335067
0.816202 0.016088 0.014481 0.007746 0.000525 0.134956 0.010004 2.336688
0.816275 0.016089 0.014499 0.007787 0.000523 0.134814 0.010011 2.338298
0.816333 0.016079 0.014528 0.007769 0.000525 0.134748 0.010019 2.339908
0.816366 0.016102 0.014556 0.007764 0.000524 0.134662 0.010026 2.341512
0.816431 0.016180 0.014501 0.007773 0.000534 0.134552 0.010031 2.343074
0.816535 0.016190 0.014493 0.007763 0.000529 0.134450 0.010040 2.344649
0.816617 0.016262 0.014430 0.007749 0.000526 0.134368 0.010047 2.346145
0.816728 0.016252 0.014464 0.007780 0.000523 0.134199 0.010053 2.347733
0.816810 0.016267 0.014461 0.007764 0.000524 0.134112 0.010063 2.349303
0.816882 0.016306 0.014404 0.007761 0.000517 0.134058 0.010070 2.350886
0.816978 0.016320 0.014384 0.007752 0.000522 0.133966 0.010078 2.352468
0.817048 0.016295 0.014419 0.007765 0.000521 0.133871 0.010080 2.354115
0.817097 0.016347 0.014393 0.007753 0.000517 0.133806 0.010087 2.355668
0.817164 0.016298 0.014466 0.007752 0.000522 0.133706 0.010093 2.357303
0.817206 0.016291 0.014499 0.007781 0.000522 0.133599 0.010102 2.358909
0.817239 0.016315 0.014531 0.007757 0.000529 0.133522 0.010107 2.360507
0.817313 0.016275 0.014510 0.007745 0.000527 0.133517 0.010113 2.362112
0.817388 0.016300 0.014437 0.007762 0.000526 0.133465 0.010123 2.363663
0.817538 0.016227 0.014479 0.007783 0.000534 0.133309 0.010130 2.365281
0.817659 0.016161 0.014529 0.007772 0.000534 0.133211 0.010134 2.366915
0.817813 0.016141 0.014494 0.007770 0.000536 0.133107 0.010139 2.368480
0.817838 0.016201 0.014460 0.007748 0.000533 0.133075 0.010144 2.370030
0.817909 0.016153 0.014480 0.007747 0.000524 0.133034 0.010151 2.371681
0.818014 0.016115 0.014485 0.007771 0.000527 0.132932 0.010155 2.373297
0.818031 0.016155 0.014496 0.007757 0.000524 0.132876 0.010161 2.374885
0.818074 0.016132 0.014541 0.007743 0.000527 0.132818 0.010166 2.376489
0.818141 0.016107 0.014554 0.007744 0.000528 0.132756 0.010172 2.378081
0.818188 0.016106 0.014558 0.007757 0.000529 0.132684 0.010179 2.379680
0.818253 0.016089 0.014534 0.007761 0.000527 0.132651 0.010186 2.381285
0.818343 0.016015 0.014485 0.007785 0.000523 0.132653 0.010197 2.382880
0.818380 0.016095 0.014480 0.007767 0.000525 0.132553 0.010201 2.384435
0.818423 0.016084 0.014531 0.007742 0.000523 0.132486 0.010212 2.386044
0.818454 0.016128 0.014520 0.007743 0.000519 0.132420 0.010217 2.387597
0.818513 0.016124 0.014540 0.007764 0.000510 0.132325 0.010222 2.389216
0.818583 0.016134 0.014560 0.007739 0.000510 0.132246 0.010229 2.390824
0.818671 0.016157 0.014555 0.007733 0.000510 0.132140 0.010234 2.392392
0.818743 0.016192 0.014576 0.007711 0.000518 0.132021 0.010240 2.393947
0.818789 0.016162 0.014513 0.007714 0.000525 0.132051 0.010247 2.395510
0.818851 0.016142 0.014549 0.007705 0.000531 0.131967 0.010255 2.397118
0.818877 0.016165 0.014542 0.007692 0.000527 0.131933 0.010264 2.398709
0.818924 0.016180 0.014565 0.007686 0.000525 0.131844 0.010275 2.400272
0.818971 0.016226 0.014525 0.007650 0.000525 0.131821 0.010281 2.401823
0.819000 0.016243 0.014501 0.007663 0.000526 0.131780 0.010288 2.403410
0.819013 0.016210 0.014537 0.007702 0.000524 0.131723 0.010292 2.405047
0.819015 0.016238 0.014542 0.007693 0.000515 0.131696 0.010302 2.406610
0.819018 0.016254 0.014561 0.007654 0.000515 0.131689 0.010309 2.408200
0.819042 0.016319 0.014573 0.007655 0.000512 0.131583 0.010317 2.409770
0.819119 0.016354 0.014524 0.007650 0.000510 0.131518 0.010324 2.411315
0.819203 0.016321 0.014561 0.007674 0.000511 0.131400 0.010330 2.412938
0.819315 0.016295 0.014542 0.007645 0.000505 0.131361 0.010336 2.414514
0.819301 0.016371 0.014522 0.007609 0.000498 0.131355 0.010345 2.416071
0.819346 0.016414 0.014507 0.007581 0.000494 0.131306 0.010351 2.417635
0.819357 0.016431 0.014523 0.007600 0.000490 0.131242 0.010358 2.419243
0.819425 0.016380 0.014544 0.007626 0.000485 0.131175 0.010365 2.420866
0.819469 0.016383 0.014587 0.007642 0.000487 0.131062 0.010371 2.422479
0.819431 0.016422 0.014658 0.007652 0.000485 0.130975 0.010378 2.424108
0.819435 0.016418 0.014609 0.007671 0.000493 0.130994 0.010381 2.425719
0.819505 0.016398 0.014628 0.007659 0.000491 0.130930 0.010388 2.427312
0.819515 0.016355 0.014637 0.007706 0.000493 0.130898 0.010397 2.428942
0.819552 0.016378 0.014647 0.007676 0.000502 0.130844 0.010402 2.430527
0.819647 0.016343 0.014679 0.007694 0.000502 0.130725 0.010410 2.432142
0.819601 0.016351 0.014646 0.007681 0.000500 0.130803 0.010417 2.433729
0.819620 0.016368 0.014675 0.007687 0.000499 0.130727 0.010424 2.435323
0.819635 0.016322 0.014672 0.007730 0.000497 0.130712 0.010433 2.436983
0.819670 0.016310 0.014606 0.007761 0.000497 0.130715 0.010440 2.438583
0.819696 0.016340 0.014627 0.007725 0.000495 0.130668 0.010450 2.440140
0.819681 0.016410 0.014610 0.007687 0.000487 0.130667 0.010458 2.441703
0.819725 0.016418 0.014614 0.007690 0.000488 0.130601 0.010465 2.443304
0.819707 0.016458 0.014596 0.007679 0.000490 0.130602 0.010470 2.444904
0.819704 0.016482 0.014613 0.007688 0.000489 0.130548 0.010476 2.446521
0.819740 0.016474 0.014631 0.007709 0.000489 0.130474 0.010482 2.448127
0.819711 0.016499 0.014600 0.007686 0.000495 0.130521 0.010489 2.449730
0.819711 0.016574 0.014606 0.007711 0.000499 0.130406 0.010495 2.451301
0.819610 0.016630 0.014630 0.007713 0.000505 0.130414 0.010499 2.452931
0.819655 0.016580 0.014676 0.007708 0.000515 0.130359 0.010506 2.454597
0.819620 0.016560 0.014687 0.007713 0.000521 0.130387 0.010512 2.456216
0.819705 0.016495 0.014698 0.007778 0.000520 0.130285 0.010519 2.457869
0.819704 0.016514 0.014688 0.007776 0.000525 0.130271 0.010522 2.459478
0.819700 0.016566 0.014697 0.007745 0.000527 0.130237 0.010528 2.461077
0.819620 0.016570 0.014756 0.007754 0.000522 0.130244 0.010534 2.462736
0.819587 0.016561 0.014789 0.007768 0.000527 0.130232 0.010536 2.464379
0.819568 0.016640 0.014793 0.007766 0.000537 0.130156 0.010542 2.465988
0.819537 0.016637 0.014826 0.007784 0.000539 0.130131 0.010547 2.467631
0.819479 0.016699 0.014845 0.007761 0.000531 0.130131 0.010554 2.469232
0.819453 0.016746 0.014846 0.007772 0.000535 0.130086 0.010560 2.470864
0.819450 0.016798 0.014805 0.007806 0.000532 0.130042 0.010567 2.472497
0.819463 0.016743 0.014785 0.007867 0.000541 0.130025 0.010575 2.474158
0.819537 0.016635 0.014740 0.007871 0.000532 0.130104 0.010582 2.475835
0.819545 0.016650 0.014741 0.007858 0.000530 0.130089 0.010588 2.477474
0.819577 0.016576 0.014806 0.007863 0.000538 0.130047 0.010595 2.479142
0.819621 0.016566 0.014784 0.007820 0.000536 0.130069 0.010605 2.480760
0.819695 0.016501 0.014829 0.007836 0.000536 0.129991 0.010613 2.482417
0.819696 0.016545 0.014804 0.007836 0.000531 0.129966 0.010621 2.484027
0.819704 0.016551 0.014844 0.007862 0.000529 0.129882 0.010630 2.485659
0.819692 0.016524 0.014842 0.007866 0.000528 0.129908 0.010640 2.487325
0.819695 0.016529 0.014831 0.007860 0.000532 0.129904 0.010648 2.488943
0.819664 0.016532 0.014838 0.007876 0.000533 0.129900 0.010656 2.490561
0.819624 0.016559 0.014842 0.007879 0.000533 0.129903 0.010660 2.492184
0.819625 0.016525 0.014855 0.007910 0.000532 0.129885 0.010667 2.493853
0.819578 0.016575 0.014864 0.007894 0.000532 0.129884 0.010674 2.495477
0.819520 0.016597 0.014893 0.007869 0.000530 0.129908 0.010683 2.497103
0.819453 0.016647 0.014872 0.007860 0.000526 0.129951 0.010691 2.498708
0.819411 0.016665 0.014882 0.007858 0.000521 0.129965 0.010698 2.500328
0.819332 0.016724 0.014924 0.007883 0.000526 0.129905 0.010706 2.501972
0.819279 0.016769 0.014893 0.007881 0.000525 0.129938 0.010715 2.503607
0.819293 0.016817 0.014879 0.007840 0.000522 0.129931 0.010718 2.505208
0.819227 0.016835 0.014925 0.007878 0.000527 0.129884 0.010725 2.506870
0.819241 0.016851 0.014891 0.007901 0.000533 0.129852 0.010731 2.508476
0.819147 0.016866 0.014902 0.007908 0.000531 0.129908 0.010738 2.510145
0.819085 0.016945 0.014894 0.007855 0.000532 0.129945 0.010743 2.511717
0.819003 0.016950 0.014920 0.007924 0.000524 0.129928 0.010751 2.513406
0.819017 0.017019 0.014903 0.007891 0.000520 0.129889 0.010761 2.515006
0.819030 0.016976 0.014918 0.007905 0.000516 0.129887 0.010769 2.516698
0.819029 0.016951 0.014963 0.007886 0.000514 0.129881 0.010776 2.518353
0.819019 0.016970 0.014981 0.007883 0.000514 0.129854 0.010781 2.520008
0.818926 0.016992 0.015010 0.007903 0.000517 0.129868 0.010786 2.521692
0.818939 0.016952 0.015021 0.007933 0.000521 0.129845 0.010789 2.523379
0.818845 0.016985 0.015076 0.007924 0.000517 0.129858 0.010796 2.525030
0.818790 0.016980 0.015120 0.007906 0.000521 0.129879 0.010804 2.526695
0.818822 0.016948 0.015099 0.007940 0.000521 0.129862 0.010807 2.528366
0.818770 0.016930 0.015133 0.007970 0.000527 0.129856 0.010813 2.530036
0.818760 0.016944 0.015104 0.007973 0.000529 0.129868 0.010821 2.531665
