0.341903 0.063125 0.056454 0.032072 0.002086 0.498131 0.006230 1.629584
0.343826 0.061293 0.056345 0.032015 0.002074 0.498188 0.006259 1.635712
0.346300 0.059170 0.056172 0.031844 0.002072 0.498159 0.006283 1.641658
0.349284 0.056867 0.055854 0.031507 0.002074 0.498096 0.006318 1.647306
0.352316 0.054557 0.055335 0.031263 0.002077 0.498110 0.006342 1.652782
0.355596 0.052270 0.054866 0.030897 0.002067 0.497933 0.006372 1.658022
0.359039 0.050029 0.054238 0.030452 0.002067 0.497774 0.006401 1.663005
0.362617 0.047879 0.053541 0.029927 0.002074 0.497538 0.006424 1.667784
0.366331 0.045837 0.052715 0.029446 0.002076 0.497145 0.006451 1.672340
0.370152 0.043841 0.051793 0.028968 0.002076 0.496696 0.006474 1.676766
0.373959 0.041991 0.050920 0.028453 0.002064 0.496115 0.006500 1.681002
0.377797 0.040275 0.049993 0.027844 0.002052 0.495510 0.006529 1.685054
0.381861 0.038642 0.048958 0.027277 0.002046 0.494664 0.006553 1.688893
0.385923 0.037047 0.047985 0.026589 0.002050 0.493830 0.006577 1.692624
0.390006 0.035473 0.046863 0.026079 0.002030 0.492939 0.006609 1.696282
0.394119 0.034071 0.045800 0.025485 0.002008 0.491877 0.006641 1.699686
0.398226 0.032777 0.044674 0.024797 0.001990 0.490866 0.006670 1.702937
0.402532 0.031492 0.043507 0.024158 0.001981 0.489632 0.006698 1.706088
0.406935 0.030281 0.042293 0.023524 0.001968 0.488272 0.006727 1.709070
0.411232 0.029175 0.041186 0.022856 0.001935 0.486861 0.006754 1.711969
0.415700 0.028098 0.040102 0.022232 0.001911 0.485177 0.006781 1.714776
0.420070 0.027114 0.039029 0.021619 0.001897 0.483466 0.006805 1.717480
0.424429 0.026144 0.037998 0.021010 0.001882 0.481708 0.006829 1.720084
0.428839 0.025159 0.036943 0.020450 0.001867 0.479893 0.006850 1.722648
0.433239 0.024346 0.035842 0.019881 0.001860 0.477959 0.006874 1.725021
0.437668 0.023508 0.034793 0.019298 0.001839 0.475996 0.006897 1.727364
0.442081 0.022736 0.033864 0.018765 0.001815 0.473814 0.006925 1.729646
0.446490 0.022045 0.032902 0.018257 0.001801 0.471559 0.006945 1.731844
0.450849 0.021391 0.031976 0.017750 0.001776 0.469288 0.006970 1.733973
0.455268 0.020703 0.031075 0.017248 0.001753 0.466962 0.006992 1.736072
0.459784 0.020145 0.030202 0.016721 0.001729 0.464408 0.007011 1.738034
0.464298 0.019562 0.029287 0.016231 0.001695 0.461888 0.007040 1.739967
0.468689 0.019021 0.028467 0.015780 0.001673 0.459309 0.007060 1.741836
0.473097 0.018437 0.027641 0.015360 0.001641 0.456742 0.007083 1.743745
0.477478 0.017973 0.026788 0.014895 0.001609 0.454151 0.007106 1.745504
0.481875 0.017483 0.026041 0.014470 0.001595 0.451410 0.007127 1.747243
0.486085 0.017016 0.025290 0.014072 0.001561 0.448823 0.007154 1.748981
0.490369 0.016516 0.024557 0.013655 0.001530 0.446193 0.007179 1.750655
0.494832 0.016118 0.023845 0.013235 0.001498 0.443268 0.007203 1.752257
0.499170 0.015690 0.023167 0.012833 0.001473 0.440443 0.007225 1.753823
0.503577 0.015279 0.022531 0.012453 0.001457 0.437462 0.007243 1.755360
0.507871 0.014949 0.021886 0.012063 0.001433 0.434542 0.007256 1.756821
0.512252 0.014619 0.021225 0.011718 0.001411 0.431500 0.007275 1.758274
0.516509 0.014321 0.020607 0.011415 0.001386 0.428472 0.007292 1.759663
0.520665 0.014087 0.020003 0.011011 0.001365 0.425560 0.007311 1.761004
0.524876 0.013849 0.019468 0.010691 0.001340 0.422448 0.007327 1.762348
0.529118 0.013485 0.018950 0.010394 0.001319 0.419389 0.007344 1.763724
0.533325 0.013243 0.018371 0.010136 0.001301 0.416262 0.007361 1.764972
0.537518 0.012978 0.017926 0.009867 0.001278 0.413056 0.007377 1.766249
0.541616 0.012711 0.017488 0.009608 0.001263 0.409923 0.007392 1.767509
0.545733 0.012437 0.017121 0.009345 0.001240 0.406714 0.007409 1.768749
0.549822 0.012241 0.016749 0.009066 0.001217 0.403479 0.007427 1.769955
0.553785 0.012025 0.016344 0.008824 0.001187 0.400390 0.007444 1.771139
0.557796 0.011801 0.015987 0.008597 0.001175 0.397184 0.007460 1.772342
0.561750 0.011629 0.015595 0.008398 0.001160 0.393996 0.007472 1.773463
0.565731 0.011399 0.015249 0.008215 0.001129 0.390789 0.007487 1.774620
0.569638 0.011204 0.014912 0.008029 0.001108 0.387609 0.007500 1.775748
0.573499 0.011060 0.014591 0.007839 0.001092 0.384403 0.007514 1.776838
0.577417 0.010913 0.014227 0.007640 0.001067 0.381205 0.007531 1.777891
0.581340 0.010762 0.013864 0.007502 0.001052 0.377934 0.007546 1.778935
0.585072 0.010650 0.013531 0.007326 0.001038 0.374825 0.007559 1.779957
0.588786 0.010479 0.013257 0.007184 0.001024 0.371700 0.007569 1.781017
0.592511 0.010392 0.012977 0.007044 0.001009 0.368486 0.007580 1.782021
0.596264 0.010228 0.012664 0.006923 0.000994 0.365334 0.007593 1.783013
0.599904 0.010112 0.012402 0.006776 0.000969 0.362225 0.007612 1.783966
0.603612 0.009901 0.012204 0.006633 0.000938 0.359087 0.007624 1.784967
0.607255 0.009766 0.011961 0.006510 0.000915 0.355958 0.007635 1.785935
0.610825 0.009662 0.011709 0.006392 0.000900 0.352862 0.007650 1.786879
0.614385 0.009572 0.011482 0.006251 0.000887 0.349763 0.007660 1.787807
0.617898 0.009453 0.011255 0.006135 0.000866 0.346726 0.007668 1.788752
0.621374 0.009331 0.011054 0.006034 0.000854 0.343678 0.007675 1.789690
0.624825 0.009215 0.010861 0.005924 0.000835 0.340655 0.007686 1.790615
0.628226 0.009203 0.010651 0.005825 0.000821 0.337577 0.007699 1.791462
0.631562 0.009178 0.010462 0.005703 0.000799 0.334586 0.007710 1.792327
0.634974 0.009057 0.010312 0.005602 0.000784 0.331551 0.007719 1.793229
0.638252 0.008984 0.010126 0.005521 0.000771 0.328619 0.007726 1.794100
0.641536 0.008885 0.009942 0.005434 0.000761 0.325708 0.007735 1.794991
0.644746 0.008789 0.009787 0.005335 0.000751 0.322848 0.007744 1.795868
0.647933 0.008744 0.009662 0.005257 0.000740 0.319910 0.007755 1.796729
0.651167 0.008683 0.009515 0.005189 0.000730 0.316954 0.007763 1.797585
0.654405 0.008597 0.009400 0.005070 0.000718 0.314037 0.007775 1.798427
0.657538 0.008556 0.009243 0.005014 0.000698 0.311162 0.007788 1.799230
0.660666 0.008463 0.009165 0.004940 0.000680 0.308287 0.007801 1.800077
0.663593 0.008420 0.009077 0.004878 0.000662 0.305559 0.007813 1.800925
0.666646 0.008364 0.008984 0.004829 0.000649 0.302707 0.007821 1.801753
0.669646 0.008314 0.008839 0.004786 0.000629 0.299959 0.007827 1.802538
0.672685 0.008247 0.008732 0.004736 0.000617 0.297147 0.007836 1.803368
0.675646 0.008175 0.008702 0.004693 0.000608 0.294328 0.007847 1.804186
0.678558 0.008108 0.008654 0.004645 0.000597 0.291581 0.007857 1.805012
0.681452 0.007995 0.008558 0.004619 0.000592 0.288923 0.007862 1.805837
0.684371 0.007920 0.008488 0.004550 0.000583 0.286218 0.007871 1.806654
0.687175 0.007900 0.008353 0.004523 0.000572 0.283598 0.007879 1.807431
0.689941 0.007904 0.008236 0.004489 0.000569 0.280977 0.007884 1.808187
0.692647 0.007925 0.008134 0.004453 0.000567 0.278384 0.007889 1.808946
0.695378 0.007868 0.008088 0.004389 0.000565 0.275818 0.007894 1.809720
0.698016 0.007833 0.007981 0.004362 0.000555 0.273352 0.007902 1.810507
0.700636 0.007802 0.007940 0.004322 0.000545 0.270848 0.007907 1.811291
0.703294 0.007756 0.007857 0.004285 0.000537 0.268355 0.007915 1.812048
0.705951 0.007700 0.007829 0.004251 0.000529 0.265817 0.007923 1.812831
0.708530 0.007686 0.007732 0.004217 0.000516 0.263390 0.007930 1.813576
0.711151 0.007719 0.007657 0.004160 0.000507 0.260873 0.007934 1.814308
0.713689 0.007726 0.007605 0.004098 0.000499 0.258444 0.007939 1.815074
0.716204 0.007686 0.007576 0.004082 0.000497 0.256011 0.007943 1.815844
0.718616 0.007697 0.007507 0.004063 0.000483 0.253682 0.007952 1.816574
0.721038 0.007730 0.007443 0.004013 0.000469 0.251344 0.007965 1.817299
0.723392 0.007752 0.007396 0.003991 0.000467 0.249031 0.007971 1.818044
0.725731 0.007756 0.007381 0.003966 0.000459 0.246727 0.007980 1.818793
0.727962 0.007731 0.007340 0.003944 0.000460 0.244580 0.007984 1.819536
0.730322 0.007706 0.007293 0.003905 0.000451 0.242327 0.007995 1.820274
0.732542 0.007679 0.007258 0.003888 0.000441 0.240189 0.008003 1.821022
0.734784 0.007673 0.007220 0.003860 0.000432 0.238022 0.008010 1.821773
0.736991 0.007705 0.007171 0.003829 0.000425 0.235866 0.008014 1.822506
0.739207 0.007690 0.007173 0.003840 0.000421 0.233648 0.008021 1.823277
0.741359 0.007682 0.007148 0.003820 0.000413 0.231551 0.008028 1.824024
0.743453 0.007683 0.007125 0.003825 0.000404 0.229478 0.008034 1.824782
0.745524 0.007698 0.007084 0.003791 0.000401 0.227465 0.008039 1.825515
0.747617 0.007659 0.007056 0.003801 0.000402 0.225422 0.008045 1.826269
0.749653 0.007722 0.007034 0.003779 0.000398 0.223366 0.008050 1.826989
0.751744 0.007750 0.006989 0.003782 0.000389 0.221290 0.008056 1.827711
0.753686 0.007802 0.006958 0.003753 0.000384 0.219355 0.008062 1.828445
0.755670 0.007758 0.006947 0.003787 0.000379 0.217393 0.008067 1.829227
0.757659 0.007774 0.006918 0.003774 0.000371 0.215432 0.008074 1.829962
0.759568 0.007815 0.006921 0.003753 0.000367 0.213500 0.008076 1.830728
0.761395 0.007856 0.006943 0.003765 0.000362 0.211599 0.008081 1.831513
0.763245 0.007875 0.006938 0.003753 0.000359 0.209746 0.008085 1.832293
0.765075 0.007885 0.006962 0.003743 0.000351 0.207894 0.008090 1.833070
0.766913 0.007879 0.006974 0.003763 0.000348 0.206029 0.008095 1.833860
0.768525 0.007945 0.006995 0.003784 0.000343 0.204311 0.008098 1.834658
0.770245 0.007986 0.007003 0.003787 0.000335 0.202543 0.008101 1.835443
0.771858 0.008034 0.007043 0.003767 0.000332 0.200863 0.008104 1.836240
0.773490 0.008077 0.007056 0.003775 0.000329 0.199163 0.008109 1.837023
0.775168 0.008086 0.007059 0.003777 0.000329 0.197467 0.008114 1.837807
0.776790 0.008136 0.007052 0.003755 0.000327 0.195823 0.008118 1.838575
0.778400 0.008145 0.007060 0.003787 0.000321 0.194162 0.008125 1.839390
0.779958 0.008209 0.007073 0.003812 0.000322 0.192498 0.008128 1.840190
0.781538 0.008219 0.007055 0.003835 0.000320 0.190901 0.008133 1.840990
0.783064 0.008244 0.007090 0.003825 0.000317 0.189322 0.008139 1.841807
0.784584 0.008271 0.007127 0.003849 0.000311 0.187714 0.008144 1.842639
0.786088 0.008280 0.007154 0.003857 0.000313 0.186162 0.008146 1.843476
0.787560 0.008321 0.007141 0.003847 0.000314 0.184666 0.008152 1.844279
0.789032 0.008361 0.007153 0.003864 0.000309 0.183127 0.008155 1.845081
0.790409 0.008362 0.007182 0.003902 0.000306 0.181680 0.008160 1.845936
0.791811 0.008392 0.007160 0.003918 0.000303 0.180256 0.008162 1.846749
0.793199 0.008497 0.007182 0.003890 0.000296 0.178772 0.008165 1.847538
0.794523 0.008564 0.007177 0.003918 0.000292 0.177357 0.008169 1.848374
0.795882 0.008601 0.007205 0.003929 0.000288 0.175922 0.008173 1.849222
0.797205 0.008655 0.007236 0.003967 0.000285 0.174476 0.008177 1.850082
0.798457 0.008736 0.007252 0.003977 0.000284 0.173115 0.008180 1.850902
0.799763 0.008723 0.007302 0.004024 0.000283 0.171720 0.008184 1.851794
0.801056 0.008756 0.007323 0.004044 0.000277 0.170356 0.008188 1.852625
0.802322 0.008763 0.007378 0.004046 0.000282 0.169021 0.008190 1.853489
0.803452 0.008794 0.007399 0.004060 0.000282 0.167819 0.008194 1.854361
0.804633 0.008869 0.007415 0.004047 0.000287 0.166552 0.008197 1.855222
0.805779 0.008871 0.007432 0.004093 0.000287 0.165337 0.008201 1.856103
0.806979 0.008922 0.007474 0.004121 0.000286 0.164015 0.008204 1.856977
0.808061 0.008962 0.007552 0.004122 0.000283 0.162815 0.008207 1.857847
0.809107 0.008999 0.007582 0.004135 0.000285 0.161687 0.008207 1.858739
0.810147 0.009081 0.007594 0.004151 0.000287 0.160528 0.008213 1.859609
0.811211 0.009126 0.007628 0.004187 0.000286 0.159349 0.008214 1.860501
0.812250 0.009169 0.007654 0.004232 0.000284 0.158192 0.008219 1.861421
0.813279 0.009281 0.007669 0.004237 0.000279 0.157033 0.008223 1.862279
0.814248 0.009348 0.007716 0.004269 0.000272 0.155918 0.008228 1.863194
0.815162 0.009421 0.007789 0.004289 0.000274 0.154835 0.008230 1.864140
0.816118 0.009461 0.007854 0.004319 0.000279 0.153737 0.008232 1.865093
0.817090 0.009496 0.007898 0.004351 0.000277 0.152651 0.008236 1.866032
0.817962 0.009578 0.007946 0.004357 0.000281 0.151635 0.008242 1.866942
0.818810 0.009623 0.007993 0.004403 0.000283 0.150645 0.008244 1.867903
0.819670 0.009660 0.008044 0.004405 0.000282 0.149691 0.008250 1.868859
0.820552 0.009724 0.008126 0.004383 0.000285 0.148678 0.008252 1.869776
0.821454 0.009749 0.008177 0.004396 0.000285 0.147683 0.008255 1.870749
0.822195 0.009779 0.008256 0.004422 0.000283 0.146807 0.008258 1.871757
0.823012 0.009827 0.008321 0.004432 0.000286 0.145864 0.008259 1.872735
0.823806 0.009932 0.008361 0.004444 0.000283 0.144909 0.008265 1.873697
0.824581 0.010009 0.008391 0.004487 0.000286 0.143978 0.008269 1.874679
0.825348 0.010073 0.008443 0.004503 0.000288 0.143073 0.008273 1.875662
0.826120 0.010159 0.008474 0.004523 0.000288 0.142161 0.008275 1.876634
0.826789 0.010263 0.008532 0.004550 0.000289 0.141297 0.008278 1.877642
0.827475 0.010377 0.008554 0.004534 0.000290 0.140490 0.008280 1.878599
0.828143 0.010442 0.008589 0.004600 0.000293 0.139651 0.008282 1.879620
0.828739 0.010581 0.008630 0.004653 0.000293 0.138819 0.008286 1.880643
0.829369 0.010612 0.008679 0.004696 0.000294 0.138063 0.008287 1.881698
0.829923 0.010693 0.008721 0.004748 0.000295 0.137327 0.008293 1.882730
0.830509 0.010777 0.008769 0.004760 0.000302 0.136588 0.008296 1.883778
0.831049 0.010874 0.008829 0.004779 0.000302 0.135865 0.008303 1.884840
0.831595 0.010970 0.008908 0.004790 0.000303 0.135130 0.008305 1.885914
0.832067 0.011062 0.008940 0.004835 0.000296 0.134490 0.008310 1.886984
0.832608 0.011175 0.008985 0.004879 0.000298 0.133743 0.008313 1.888063
0.833117 0.011258 0.009029 0.004952 0.000301 0.133027 0.008316 1.889189
0.833594 0.011324 0.009133 0.005008 0.000297 0.132323 0.008321 1.890311
0.834013 0.011455 0.009141 0.005076 0.000295 0.131696 0.008325 1.891409
0.834482 0.011538 0.009230 0.005094 0.000294 0.131033 0.008330 1.892539
0.834944 0.011600 0.009287 0.005132 0.000300 0.130404 0.008334 1.893679
0.835363 0.011680 0.009371 0.005182 0.000303 0.129763 0.008338 1.894831
0.835779 0.011754 0.009429 0.005233 0.000300 0.129163 0.008341 1.895976
0.836125 0.011838 0.009519 0.005243 0.000304 0.128627 0.008345 1.897127
0.836502 0.011909 0.009623 0.005276 0.000309 0.128031 0.008350 1.898295
0.836881 0.011932 0.009697 0.005309 0.000308 0.127519 0.008355 1.899471
0.837240 0.012018 0.009789 0.005328 0.000306 0.126962 0.008358 1.900655
0.837592 0.012071 0.009849 0.005383 0.000302 0.126443 0.008360 1.901871
0.837940 0.012127 0.009978 0.005428 0.000310 0.125852 0.008365 1.903097
0.838188 0.012256 0.010017 0.005438 0.000308 0.125420 0.008372 1.904282
0.838414 0.012345 0.010085 0.005463 0.000307 0.125009 0.008376 1.905499
0.838680 0.012420 0.010127 0.005496 0.000314 0.124581 0.008382 1.906689
0.838890 0.012481 0.010239 0.005566 0.000315 0.124124 0.008386 1.907948
0.839081 0.012577 0.010300 0.005631 0.000320 0.123702 0.008389 1.909208
0.839317 0.012700 0.010398 0.005623 0.000324 0.123247 0.008392 1.910432
0.839468 0.012807 0.010457 0.005655 0.000327 0.122888 0.008398 1.911667
0.839591 0.012965 0.010481 0.005662 0.000329 0.122570 0.008402 1.912893
0.839763 0.013019 0.010577 0.005718 0.000324 0.122192 0.008408 1.914202
0.839920 0.013166 0.010609 0.005718 0.000327 0.121847 0.008412 1.915465
0.839997 0.013281 0.010675 0.005783 0.000333 0.121516 0.008416 1.916752
0.840106 0.013391 0.010744 0.005825 0.000331 0.121181 0.008422 1.918051
0.840250 0.013468 0.010816 0.005837 0.000332 0.120872 0.008426 1.919358
0.840316 0.013555 0.010919 0.005898 0.000334 0.120549 0.008431 1.920708
0.840344 0.013715 0.011018 0.005956 0.000341 0.120193 0.008434 1.922011
0.840378 0.013805 0.011135 0.005966 0.000341 0.119936 0.008439 1.923372
0.840424 0.013887 0.011215 0.006005 0.000346 0.119679 0.008444 1.924726
0.840415 0.014012 0.011313 0.006002 0.000346 0.119466 0.008447 1.926063
0.840420 0.014172 0.011376 0.006050 0.000350 0.119182 0.008451 1.927408
0.840341 0.014304 0.011463 0.006091 0.000350 0.118994 0.008457 1.928822
0.840244 0.014545 0.011550 0.006130 0.000354 0.118714 0.008462 1.930175
0.840150 0.014707 0.011670 0.006176 0.000359 0.118473 0.008466 1.931572
0.840116 0.014734 0.011774 0.006275 0.000353 0.118277 0.008472 1.933064
0.839989 0.014857 0.011832 0.006290 0.000354 0.118202 0.008476 1.934482
0.839960 0.014926 0.011927 0.006378 0.000354 0.117973 0.008481 1.935955
0.839823 0.015047 0.012027 0.006457 0.000361 0.117799 0.008485 1.937419
0.839777 0.015087 0.012064 0.006513 0.000366 0.117703 0.008490 1.938874
0.839697 0.015181 0.012149 0.006567 0.000365 0.117547 0.008493 1.940343
0.839553 0.015328 0.012179 0.006588 0.000371 0.117484 0.008498 1.941782
0.839392 0.015427 0.012325 0.006659 0.000367 0.117329 0.008502 1.943316
0.839221 0.015532 0.012413 0.006716 0.000372 0.117242 0.008505 1.944819
0.839066 0.015599 0.012534 0.006787 0.000372 0.117133 0.008510 1.946379
0.838898 0.015657 0.012608 0.006873 0.000369 0.117079 0.008517 1.947924
0.838737 0.015733 0.012750 0.006930 0.000368 0.116959 0.008522 1.949476
0.838587 0.015778 0.012835 0.007027 0.000372 0.116874 0.008527 1.951054
0.838343 0.015898 0.012893 0.007055 0.000369 0.116910 0.008532 1.952594
0.838117 0.015974 0.012962 0.007093 0.000371 0.116943 0.008540 1.954137
0.837943 0.016011 0.013111 0.007142 0.000378 0.116873 0.008543 1.955738
0.837694 0.016185 0.013236 0.007151 0.000380 0.116807 0.008549 1.957304
0.837480 0.016271 0.013341 0.007209 0.000388 0.116758 0.008554 1.958898
0.837210 0.016405 0.013468 0.007246 0.000385 0.116723 0.008562 1.960508
0.836907 0.016528 0.013508 0.007328 0.000392 0.116774 0.008564 1.962153
0.836643 0.016608 0.013594 0.007393 0.000394 0.116797 0.008570 1.963799
0.836345 0.016720 0.013675 0.007423 0.000401 0.116859 0.008577 1.965417
0.836061 0.016830 0.013792 0.007479 0.000404 0.116855 0.008580 1.967063
0.835811 0.016902 0.013860 0.007556 0.000407 0.116879 0.008585 1.968703
0.835487 0.017044 0.013922 0.007574 0.000413 0.116970 0.008590 1.970341
0.835219 0.017143 0.013993 0.007610 0.000426 0.117016 0.008593 1.972007
0.834869 0.017219 0.014163 0.007658 0.000432 0.117062 0.008599 1.973725
0.834604 0.017227 0.014312 0.007712 0.000432 0.117110 0.008604 1.975461
0.834216 0.017412 0.014331 0.007721 0.000437 0.117276 0.008607 1.977106
0.833924 0.017452 0.014450 0.007761 0.000442 0.117357 0.008614 1.978830
0.833613 0.017524 0.014544 0.007799 0.000443 0.117456 0.008621 1.980557
0.833293 0.017676 0.014607 0.007802 0.000441 0.117554 0.008627 1.982227
0.833030 0.017693 0.014661 0.007872 0.000442 0.117672 0.008630 1.983959
0.832695 0.017801 0.014691 0.007850 0.000444 0.117886 0.008634 1.985673
0.832353 0.017805 0.014814 0.007916 0.000446 0.118024 0.008640 1.987468
0.832024 0.017860 0.014888 0.007982 0.000449 0.118151 0.008647 1.989241
0.831612 0.017979 0.014986 0.008047 0.000454 0.118270 0.008653 1.991033
0.831303 0.018016 0.015051 0.008100 0.000458 0.118415 0.008658 1.992793
0.830924 0.018101 0.015139 0.008082 0.000462 0.118630 0.008663 1.994536
0.830563 0.018145 0.015229 0.008119 0.000462 0.118814 0.008668 1.996337
0.830239 0.018202 0.015324 0.008160 0.000468 0.118935 0.008673 1.998117
0.829826 0.018341 0.015392 0.008212 0.000478 0.119074 0.008677 1.999907
0.829438 0.018393 0.015427 0.008275 0.000489 0.119295 0.008682 2.001709
0.829074 0.018480 0.015506 0.008302 0.000488 0.119460 0.008689 2.003496
0.828683 0.018572 0.015549 0.008311 0.000486 0.119702 0.008696 2.005279
0.828275 0.018651 0.015601 0.008393 0.000488 0.119891 0.008700 2.007097
0.827890 0.018666 0.015673 0.008416 0.000491 0.120157 0.008706 2.008976
0.827475 0.018738 0.015772 0.008431 0.000494 0.120380 0.008710 2.010806
0.827110 0.018867 0.015837 0.008448 0.000484 0.120534 0.008720 2.012602
0.826625 0.018950 0.015940 0.008498 0.000485 0.120778 0.008725 2.014483
0.826207 0.019019 0.016041 0.008545 0.000486 0.120971 0.008731 2.016362
0.825754 0.019047 0.016141 0.008575 0.000489 0.121258 0.008736 2.018270
0.825353 0.019042 0.016249 0.008634 0.000495 0.121485 0.008742 2.020165
0.824926 0.019082 0.016306 0.008712 0.000500 0.121727 0.008747 2.022074
0.824496 0.019164 0.016314 0.008733 0.000504 0.122036 0.008753 2.023930
0.824102 0.019222 0.016365 0.008766 0.000507 0.122278 0.008759 2.025795
0.823744 0.019253 0.016379 0.008790 0.000508 0.122560 0.008767 2.027663
0.823305 0.019380 0.016390 0.008779 0.000510 0.122862 0.008774 2.029494
0.822881 0.019466 0.016416 0.008842 0.000506 0.123107 0.008782 2.031388
0.822542 0.019431 0.016505 0.008926 0.000510 0.123295 0.008790 2.033306
0.822090 0.019483 0.016578 0.009006 0.000515 0.123534 0.008793 2.035248
0.821646 0.019553 0.016620 0.009013 0.000518 0.123851 0.008798 2.037166
0.821218 0.019563 0.016684 0.009069 0.000517 0.124144 0.008804 2.039126
0.820891 0.019624 0.016746 0.009052 0.000522 0.124350 0.008815 2.041009
0.820384 0.019678 0.016844 0.009081 0.000524 0.124666 0.008822 2.042965
0.819908 0.019726 0.016874 0.009111 0.000535 0.125019 0.008826 2.044901
0.819486 0.019758 0.016985 0.009123 0.000531 0.125282 0.008835 2.046858
0.819083 0.019795 0.017076 0.009155 0.000544 0.125504 0.008844 2.048809
0.818636 0.019866 0.017111 0.009171 0.000540 0.125822 0.008854 2.050734
0.818254 0.019798 0.017161 0.009215 0.000549 0.126164 0.008860 2.052726
0.817839 0.019827 0.017172 0.009233 0.000556 0.126509 0.008864 2.054658
0.817461 0.019841 0.017210 0.009247 0.000566 0.126804 0.008871 2.056622
0.817064 0.019886 0.017200 0.009257 0.000565 0.127149 0.008877 2.058543
0.816685 0.019834 0.017314 0.009319 0.000566 0.127397 0.008886 2.060581
0.816294 0.019914 0.017390 0.009271 0.000572 0.127666 0.008894 2.062516
0.815953 0.019962 0.017417 0.009320 0.000574 0.127874 0.008900 2.064435
0.815586 0.019965 0.017463 0.009364 0.000579 0.128135 0.008908 2.066453
0.815175 0.020100 0.017472 0.009389 0.000576 0.128372 0.008916 2.068386
0.814806 0.020078 0.017544 0.009375 0.000575 0.128697 0.008925 2.070360
0.814391 0.020116 0.017571 0.009380 0.000581 0.129026 0.008935 2.072330
0.813976 0.020089 0.017624 0.009413 0.000585 0.129370 0.008942 2.074358
0.813636 0.020112 0.017687 0.009417 0.000584 0.129614 0.008950 2.076289
0.813323 0.020104 0.017727 0.009461 0.000578 0.129853 0.008956 2.078260
0.812969 0.020108 0.017735 0.009485 0.000580 0.130162 0.008961 2.080242
0.812540 0.020140 0.017732 0.009483 0.000587 0.130552 0.008967 2.082222
0.812150 0.020148 0.017773 0.009468 0.000592 0.130896 0.008972 2.084220
0.811809 0.020114 0.017765 0.009474 0.000595 0.131263 0.008980 2.086219
0.811444 0.020112 0.017813 0.009464 0.000601 0.131578 0.008987 2.088199
0.811067 0.020185 0.017843 0.009456 0.000601 0.131854 0.008994 2.090163
0.810747 0.020206 0.017834 0.009458 0.000603 0.132151 0.009002 2.092137
0.810445 0.020210 0.017844 0.009463 0.000600 0.132426 0.009011 2.094113
0.810140 0.020136 0.017857 0.009520 0.000605 0.132724 0.009018 2.096142
0.809852 0.020115 0.017886 0.009539 0.000608 0.132974 0.009026 2.098137
0.809559 0.020109 0.017897 0.009541 0.000617 0.133244 0.009032 2.100111
0.809227 0.020134 0.017961 0.009546 0.000617 0.133474 0.009040 2.102113
0.808845 0.020176 0.017933 0.009572 0.000628 0.133800 0.009047 2.104099
0.808501 0.020232 0.017955 0.009599 0.000637 0.134023 0.009053 2.106066
0.808223 0.020227 0.017935 0.009635 0.000638 0.134279 0.009063 2.108036
0.808001 0.020193 0.017911 0.009648 0.000635 0.134545 0.009069 2.109996
0.807685 0.020221 0.017854 0.009662 0.000638 0.134861 0.009078 2.111975
0.807399 0.020174 0.017895 0.009666 0.000639 0.135140 0.009087 2.114004
0.807183 0.020117 0.017935 0.009655 0.000645 0.135371 0.009095 2.116017
0.806891 0.020202 0.017856 0.009637 0.000651 0.135661 0.009102 2.117923
0.806620 0.020133 0.017895 0.009625 0.000658 0.135962 0.009107 2.119940
0.806381 0.020139 0.017919 0.009627 0.000653 0.136166 0.009114 2.121903
0.806171 0.020124 0.017939 0.009621 0.000653 0.136374 0.009120 2.123871
0.805978 0.020099 0.017965 0.009584 0.000656 0.136589 0.009130 2.125827
0.805761 0.020145 0.017977 0.009565 0.000652 0.136760 0.009141 2.127745
0.805469 0.020145 0.017938 0.009579 0.000654 0.137068 0.009147 2.129726
0.805307 0.020064 0.017939 0.009607 0.000654 0.137277 0.009153 2.131698
0.805063 0.020054 0.017964 0.009607 0.000640 0.137513 0.009160 2.133656
0.804810 0.020111 0.017871 0.009607 0.000634 0.137802 0.009166 2.135570
0.804606 0.020098 0.017830 0.009567 0.000637 0.138091 0.009172 2.137507
0.804443 0.020083 0.017853 0.009588 0.000641 0.138212 0.009180 2.139445
0.804253 0.020087 0.017826 0.009603 0.000641 0.138398 0.009191 2.141404
0.804056 0.020062 0.017816 0.009604 0.000636 0.138624 0.009203 2.143372
0.803898 0.020007 0.017888 0.009613 0.000642 0.138743 0.009210 2.145332
0.803759 0.019925 0.017927 0.009609 0.000630 0.138930 0.009220 2.147291
0.803557 0.019920 0.017950 0.009612 0.000631 0.139104 0.009227 2.149239
0.803394 0.019925 0.017856 0.009575 0.000634 0.139385 0.009231 2.151137
0.803196 0.019905 0.017765 0.009574 0.000636 0.139683 0.009241 2.153093
0.803033 0.019850 0.017842 0.009570 0.000633 0.139823 0.009250 2.155076
0.802852 0.019818 0.017815 0.009583 0.000628 0.140045 0.009259 2.157025
0.802657 0.019775 0.017768 0.009611 0.000628 0.140292 0.009268 2.158995
0.802603 0.019679 0.017770 0.009606 0.000636 0.140428 0.009277 2.160940
0.802382 0.019698 0.017798 0.009562 0.000635 0.140642 0.009283 2.162870
0.802256 0.019652 0.017794 0.009563 0.000630 0.140813 0.009292 2.164815
0.802203 0.019579 0.017815 0.009537 0.000626 0.140937 0.009303 2.166733
0.802098 0.019526 0.017810 0.009552 0.000625 0.141081 0.009308 2.168652
0.801985 0.019475 0.017777 0.009540 0.000616 0.141291 0.009316 2.170585
0.801880 0.019472 0.017721 0.009539 0.000614 0.141451 0.009324 2.172447
0.801817 0.019433 0.017675 0.009515 0.000611 0.141616 0.009334 2.174334
0.801772 0.019440 0.017574 0.009503 0.000606 0.141761 0.009345 2.176195
0.801605 0.019448 0.017543 0.009501 0.000610 0.141940 0.009352 2.178119
0.801518 0.019398 0.017544 0.009441 0.000611 0.142129 0.009359 2.179994
0.801403 0.019256 0.017621 0.009437 0.000614 0.142301 0.009369 2.181975
0.801421 0.019214 0.017561 0.009432 0.000616 0.142378 0.009377 2.183868
0.801332 0.019178 0.017499 0.009449 0.000612 0.142543 0.009386 2.185781
0.801266 0.019187 0.017468 0.009421 0.000598 0.142661 0.009398 2.187630
0.801247 0.019176 0.017465 0.009388 0.000601 0.142718 0.009405 2.189485
0.801196 0.019131 0.017501 0.009392 0.000598 0.142764 0.009418 2.191384
0.801146 0.019102 0.017460 0.009380 0.000602 0.142887 0.009423 2.193227
0.801072 0.019071 0.017437 0.009408 0.000591 0.142993 0.009429 2.195127
0.801102 0.019011 0.017408 0.009380 0.000588 0.143075 0.009436 2.196982
0.801015 0.018957 0.017384 0.009347 0.000603 0.143252 0.009444 2.198887
0.800978 0.018941 0.017344 0.009296 0.000604 0.143388 0.009450 2.200708
0.800943 0.018903 0.017306 0.009275 0.000605 0.143510 0.009458 2.202582
0.800845 0.018918 0.017287 0.009242 0.000601 0.143641 0.009467 2.204431
0.800800 0.018920 0.017255 0.009202 0.000604 0.143746 0.009473 2.206264
0.800748 0.018841 0.017254 0.009210 0.000595 0.143871 0.009482 2.208147
0.800674 0.018795 0.017224 0.009169 0.000597 0.144052 0.009489 2.209998
0.800643 0.018760 0.017223 0.009174 0.000599 0.144108 0.009493 2.211864
0.800642 0.018709 0.017183 0.009144 0.000598 0.144226 0.009499 2.213729
0.800619 0.018695 0.017124 0.009113 0.000590 0.144351 0.009507 2.215559
0.800698 0.018571 0.017073 0.009109 0.000591 0.144445 0.009514 2.217411
0.800713 0.018498 0.017129 0.009093 0.000593 0.144446 0.009527 2.219260
0.800750 0.018505 0.017108 0.009078 0.000597 0.144430 0.009533 2.221059
0.800749 0.018469 0.017080 0.009073 0.000602 0.144489 0.009539 2.222901
0.800741 0.018520 0.016989 0.009053 0.000598 0.144553 0.009546 2.224662
0.800871 0.018436 0.016931 0.009042 0.000599 0.144569 0.009551 2.226467
0.800917 0.018417 0.016914 0.008992 0.000600 0.144602 0.009558 2.228288
0.801000 0.018341 0.016881 0.008997 0.000608 0.144609 0.009564 2.230080
0.801052 0.018264 0.016854 0.008959 0.000608 0.144692 0.009572 2.231913
0.801106 0.018235 0.016830 0.008929 0.000609 0.144711 0.009581 2.233714
0.801157 0.018214 0.016778 0.008868 0.000609 0.144782 0.009592 2.235498
0.801317 0.018116 0.016727 0.008872 0.000608 0.144760 0.009601 2.237289
0.801389 0.018039 0.016778 0.008856 0.000610 0.144717 0.009612 2.239122
0.801503 0.017980 0.016714 0.008781 0.000616 0.144791 0.009615 2.240862
0.801593 0.017870 0.016713 0.008754 0.000613 0.144834 0.009623 2.242670
0.801724 0.017791 0.016738 0.008734 0.000615 0.144765 0.009633 2.244443
0.801824 0.017726 0.016708 0.008733 0.000619 0.144750 0.009642 2.246219
0.801929 0.017729 0.016592 0.008736 0.000621 0.144742 0.009650 2.247942
0.802074 0.017683 0.016598 0.008722 0.000627 0.144639 0.009657 2.249714
0.802164 0.017599 0.016617 0.008689 0.000624 0.144647 0.009661 2.251507
0.802282 0.017597 0.016516 0.008654 0.000622 0.144661 0.009668 2.253165
0.802424 0.017535 0.016524 0.008630 0.000624 0.144585 0.009678 2.254893
0.802496 0.017504 0.016449 0.008581 0.000626 0.144656 0.009688 2.256619
0.802590 0.017540 0.016336 0.008576 0.000620 0.144641 0.009696 2.258316
0.802699 0.017537 0.016304 0.008581 0.000629 0.144546 0.009706 2.260018
0.802877 0.017471 0.016249 0.008548 0.000626 0.144516 0.009714 2.261725
0.803082 0.017415 0.016196 0.008504 0.000625 0.144459 0.009719 2.263415
0.803275 0.017397 0.016152 0.008484 0.000617 0.144346 0.009730 2.265089
0.803346 0.017401 0.016129 0.008457 0.000616 0.144315 0.009736 2.266782
0.803517 0.017364 0.016042 0.008447 0.000616 0.144274 0.009742 2.268466
0.803634 0.017350 0.015999 0.008441 0.000608 0.144216 0.009752 2.270139
0.803787 0.017340 0.015957 0.008441 0.000596 0.144122 0.009758 2.271799
0.803955 0.017330 0.015931 0.008440 0.000598 0.143980 0.009766 2.273473
0.804160 0.017341 0.015878 0.008426 0.000587 0.143835 0.009773 2.275130
0.804440 0.017266 0.015815 0.008369 0.000587 0.143743 0.009781 2.276785
0.804522 0.017237 0.015816 0.008344 0.000582 0.143708 0.009792 2.278476
0.804682 0.017219 0.015799 0.008337 0.000579 0.143588 0.009797 2.280152
0.804786 0.017174 0.015793 0.008336 0.000575 0.143534 0.009803 2.281835
0.805039 0.017138 0.015752 0.008301 0.000578 0.143385 0.009808 2.283479
0.805220 0.017090 0.015697 0.008312 0.000581 0.143284 0.009816 2.285154
0.805457 0.017060 0.015654 0.008340 0.000580 0.143089 0.009821 2.286796
0.805618 0.017036 0.015668 0.008309 0.000584 0.142955 0.009830 2.288469
0.805764 0.016987 0.015659 0.008285 0.000580 0.142889 0.009836 2.290139
0.805867 0.016936 0.015665 0.008347 0.000579 0.142764 0.009843 2.291847
0.805965 0.016965 0.015656 0.008331 0.000573 0.142657 0.009853 2.293494
0.806174 0.016953 0.015646 0.008330 0.000577 0.142461 0.009859 2.295169
0.806371 0.016922 0.015602 0.008261 0.000580 0.142402 0.009862 2.296802
0.806582 0.016912 0.015547 0.008276 0.000581 0.142233 0.009871 2.298409
0.806801 0.016824 0.015553 0.008242 0.000581 0.142123 0.009877 2.300057
0.806898 0.016862 0.015509 0.008234 0.000576 0.142037 0.009884 2.301715
0.807116 0.016833 0.015506 0.008222 0.000577 0.141858 0.009890 2.303362
0.807205 0.016798 0.015510 0.008215 0.000576 0.141799 0.009897 2.305055
0.807356 0.016807 0.015450 0.008206 0.000580 0.141697 0.009904 2.306704
0.807490 0.016778 0.015438 0.008169 0.000575 0.141639 0.009911 2.308342
0.807647 0.016706 0.015390 0.008182 0.000578 0.141581 0.009916 2.310010
0.807777 0.016713 0.015337 0.008204 0.000576 0.141470 0.009923 2.311657
0.807896 0.016797 0.015319 0.008184 0.000583 0.141293 0.009929 2.313251
0.808021 0.016803 0.015281 0.008158 0.000579 0.141221 0.009936 2.314866
0.808142 0.016790 0.015255 0.008136 0.000574 0.141159 0.009945 2.316520
0.808362 0.016709 0.015216 0.008171 0.000570 0.141018 0.009954 2.318200
0.808505 0.016675 0.015171 0.008164 0.000570 0.140952 0.009963 2.319851
0.808628 0.016632 0.015175 0.008136 0.000572 0.140886 0.009972 2.321510
0.808759 0.016640 0.015138 0.008120 0.000577 0.140787 0.009979 2.323108
0.808866 0.016607 0.015102 0.008111 0.000575 0.140753 0.009986 2.324753
0.808950 0.016618 0.015080 0.008086 0.000565 0.140704 0.009997 2.326400
0.809046 0.016644 0.015054 0.008093 0.000555 0.140602 0.010005 2.328009
0.809176 0.016600 0.015032 0.008068 0.000551 0.140559 0.010015 2.329666
0.809389 0.016548 0.015022 0.008050 0.000551 0.140416 0.010024 2.331284
0.809615 0.016447 0.015013 0.008002 0.000550 0.140344 0.010031 2.332905
0.809750 0.016473 0.014973 0.007995 0.000547 0.140224 0.010037 2.334504
0.809949 0.016456 0.014942 0.007965 0.000550 0.140091 0.010046 2.336094
0.810124 0.016390 0.014876 0.007972 0.000546 0.140036 0.010055 2.337714
0.810280 0.016346 0.014855 0.007990 0.000545 0.139924 0.010061 2.339347
0.810450 0.016290 0.014872 0.007999 0.000552 0.139771 0.010066 2.340975
0.810636 0.016294 0.014877 0.007963 0.000549 0.139609 0.010071 2.342547
0.810798 0.016287 0.014852 0.007961 0.000548 0.139475 0.010080 2.344160
0.810967 0.016269 0.014808 0.007968 0.000537 0.139361 0.010090 2.345776
0.811113 0.016268 0.014793 0.007959 0.000540 0.139230 0.010096 2.347386
0.811258 0.016273 0.014760 0.007946 0.000541 0.139117 0.010105 2.348992
0.811339 0.016292 0.014731 0.007946 0.000542 0.139039 0.010113 2.350619
0.811427 0.016293 0.014760 0.007981 0.000536 0.138885 0.010119 2.352268
0.811575 0.016307 0.014796 0.007972 0.000535 0.138690 0.010125 2.353868
0.811750 0.016317 0.014735 0.007969 0.000530 0.138567 0.010131 2.355439
0.811937 0.016256 0.014740 0.007957 0.000529 0.138442 0.010139 2.357079
0.812068 0.016279 0.014698 0.007921 0.000535 0.138356 0.010144 2.358669
0.812280 0.016240 0.014695 0.007920 0.000537 0.138181 0.010148 2.360252
0.812404 0.016246 0.014733 0.007877 0.000537 0.138049 0.010156 2.361860
0.812526 0.016191 0.014796 0.007867 0.000532 0.137923 0.010166 2.363503
0.812669 0.016221 0.014776 0.007873 0.000531 0.137759 0.010173 2.365087
0.812721 0.016233 0.014824 0.007859 0.000525 0.137660 0.010179 2.366703
0.812827 0.016232 0.014822 0.007851 0.000523 0.137559 0.010187 2.368321
0.812940 0.016266 0.014836 0.007854 0.000514 0.137394 0.010194 2.369914
0.812992 0.016251 0.014858 0.007854 0.000510 0.137333 0.010202 2.371548
0.813066 0.016230 0.014851 0.007859 0.000516 0.137273 0.010205 2.373169
0.813170 0.016296 0.014794 0.007860 0.000520 0.137150 0.010210 2.374749
0.813328 0.016284 0.014825 0.007847 0.000515 0.136987 0.010214 2.376328
0.813438 0.016267 0.014863 0.007849 0.000514 0.136846 0.010223 2.377946
0.813554 0.016310 0.014779 0.007848 0.000512 0.136766 0.010231 2.379493
0.813679 0.016288 0.014770 0.007844 0.000515 0.136665 0.010239 2.381105
0.813807 0.016278 0.014762 0.007877 0.000517 0.136515 0.010245 2.382711
0.813914 0.016331 0.014705 0.007859 0.000514 0.136424 0.010255 2.384289
0.813978 0.016354 0.014678 0.007853 0.000508 0.136370 0.010260 2.385902
0.814031 0.016466 0.014679 0.007809 0.000514 0.136237 0.010265 2.387462
0.814107 0.016501 0.014669 0.007797 0.000522 0.136133 0.010271 2.389063
0.814214 0.016530 0.014705 0.007768 0.000524 0.135982 0.010278 2.390662
0.814237 0.016565 0.014659 0.007764 0.000524 0.135965 0.010286 2.392232
0.814303 0.016574 0.014653 0.007769 0.000525 0.135884 0.010292 2.393837
0.814430 0.016540 0.014693 0.007803 0.000522 0.135715 0.010298 2.395470
0.814529 0.016563 0.014726 0.007815 0.000519 0.135545 0.010304 2.397086
0.814557 0.016544 0.014749 0.007832 0.000519 0.135487 0.010311 2.398729
0.814606 0.016519 0.014764 0.007854 0.000517 0.135421 0.010318 2.400388
0.814714 0.016513 0.014746 0.007844 0.000520 0.135338 0.010326 2.402000
0.814744 0.016524 0.014739 0.007881 0.000513 0.135269 0.010331 2.403634
0.814759 0.016557 0.014753 0.007867 0.000516 0.135212 0.010337 2.405250
0.814849 0.016584 0.014760 0.007908 0.000529 0.135030 0.010340 2.406889
0.814899 0.016574 0.014773 0.007911 0.000535 0.134965 0.010344 2.408515
0.814930 0.016552 0.014798 0.007909 0.000531 0.134929 0.010352 2.410134
0.815008 0.016545 0.014786 0.007876 0.000527 0.134897 0.010361 2.411740
0.815070 0.016558 0.014746 0.007858 0.000526 0.134877 0.010366 2.413342
0.815192 0.016532 0.014714 0.007895 0.000524 0.134772 0.010372 2.414950
0.815270 0.016590 0.014668 0.007854 0.000519 0.134720 0.010379 2.416513
0.815364 0.016583 0.014689 0.007851 0.000524 0.134601 0.010388 2.418133
0.815418 0.016530 0.014727 0.007878 0.000519 0.134534 0.010395 2.419765
0.815488 0.016585 0.014689 0.007890 0.000516 0.134428 0.010405 2.421361
0.815581 0.016554 0.014682 0.007909 0.000517 0.134347 0.010410 2.422984
0.815670 0.016539 0.014683 0.007947 0.000505 0.134235 0.010421 2.424610
0.815772 0.016476 0.014665 0.007957 0.000500 0.134203 0.010429 2.426250
0.815842 0.016387 0.014671 0.008004 0.000501 0.134159 0.010436 2.427893
0.815839 0.016423 0.014657 0.007992 0.000504 0.134145 0.010442 2.429501
0.815888 0.016414 0.014660 0.008003 0.000503 0.134086 0.010448 2.431124
0.816025 0.016377 0.014628 0.008040 0.000503 0.133977 0.010451 2.432719
0.816183 0.016295 0.014624 0.008005 0.000506 0.133931 0.010457 2.434355
0.816288 0.016338 0.014594 0.008018 0.000506 0.133795 0.010460 2.435940
0.816356 0.016425 0.014570 0.007973 0.000508 0.133699 0.010467 2.437484
0.816457 0.016379 0.014583 0.007964 0.000515 0.133629 0.010474 2.439115
0.816560 0.016323 0.014587 0.007968 0.000520 0.133560 0.010482 2.440733
0.816616 0.016344 0.014559 0.007963 0.000517 0.133512 0.010491 2.442299
0.816746 0.016359 0.014497 0.007956 0.000509 0.133430 0.010503 2.443862
0.816908 0.016289 0.014571 0.007918 0.000515 0.133291 0.010509 2.445509
0.816930 0.016295 0.014618 0.007917 0.000519 0.133206 0.010515 2.447107
0.817006 0.016328 0.014544 0.007947 0.000517 0.133133 0.010523 2.448701
0.817137 0.016253 0.014530 0.007939 0.000517 0.133095 0.010529 2.450290
0.817140 0.016244 0.014529 0.007934 0.000513 0.133106 0.010533 2.451936
0.817230 0.016271 0.014522 0.007889 0.000514 0.133037 0.010537 2.453510
0.817263 0.016261 0.014515 0.007899 0.000516 0.133003 0.010543 2.455123
0.817262 0.016290 0.014549 0.007893 0.000520 0.132939 0.010547 2.456736
0.817316 0.016364 0.014533 0.007857 0.000518 0.132859 0.010553 2.458283
0.817344 0.016396 0.014549 0.007828 0.000511 0.132815 0.010558 2.459864
0.817396 0.016431 0.014544 0.007838 0.000514 0.132714 0.010564 2.461456
0.817394 0.016405 0.014527 0.007858 0.000509 0.132737 0.010571 2.463075
0.817484 0.016395 0.014534 0.007852 0.000508 0.132653 0.010575 2.464676
0.817572 0.016434 0.014511 0.007849 0.000505 0.132547 0.010584 2.466282
0.817654 0.016407 0.014499 0.007846 0.000504 0.132497 0.010594 2.467924
0.817633 0.016421 0.014508 0.007841 0.000503 0.132495 0.010600 2.469578
0.817698 0.016334 0.014551 0.007857 0.000517 0.132438 0.010605 2.471256
0.817731 0.016311 0.014570 0.007861 0.000516 0.132397 0.010615 2.472895
0.817822 0.016273 0.014581 0.007851 0.000504 0.132343 0.010626 2.474508
0.817911 0.016279 0.014626 0.007848 0.000506 0.132203 0.010628 2.476120
0.818013 0.016275 0.014603 0.007838 0.000507 0.132129 0.010634 2.477715
0.818066 0.016331 0.014612 0.007841 0.000512 0.131999 0.010639 2.479311
0.818142 0.016327 0.014573 0.007895 0.000505 0.131914 0.010645 2.480909
0.818140 0.016342 0.014556 0.007862 0.000507 0.131939 0.010653 2.482498
0.818158 0.016343 0.014588 0.007888 0.000510 0.131857 0.010657 2.484128
0.818160 0.016392 0.014538 0.007887 0.000515 0.131847 0.010662 2.485725
0.818166 0.016388 0.014539 0.007880 0.000510 0.131850 0.010668 2.487311
0.818207 0.016333 0.014552 0.007925 0.000511 0.131796 0.010677 2.488952
0.818257 0.016343 0.014515 0.007942 0.000525 0.131738 0.010681 2.490544
0.818294 0.016375 0.014518 0.007931 0.000529 0.131666 0.010686 2.492128
0.818334 0.016326 0.014556 0.007932 0.000529 0.131631 0.010693 2.493772
0.818311 0.016412 0.014508 0.007898 0.000523 0.131646 0.010702 2.495329
0.818366 0.016401 0.014497 0.007905 0.000522 0.131603 0.010707 2.496926
0.818416 0.016387 0.014491 0.007927 0.000520 0.131545 0.010715 2.498542
0.818434 0.016415 0.014486 0.007922 0.000519 0.131502 0.010723 2.500141
0.818466 0.016440 0.014469 0.007908 0.000516 0.131471 0.010730 2.501721
0.818443 0.016434 0.014535 0.007892 0.000515 0.131445 0.010738 2.503380
0.818485 0.016409 0.014536 0.007860 0.000518 0.131449 0.010744 2.504984
0.818469 0.016372 0.014555 0.007852 0.000516 0.131484 0.010753 2.506628
0.818501 0.016370 0.014541 0.007852 0.000524 0.131454 0.010757 2.508238
0.818551 0.016393 0.014527 0.007868 0.000517 0.131380 0.010764 2.509829
