0.349266 0.063702 0.056588 0.032535 0.001979 0.489956 0.005974 1.596949
0.350907 0.061913 0.056516 0.032413 0.001987 0.490266 0.005998 1.603166
0.353195 0.059700 0.056324 0.032328 0.001989 0.490446 0.006019 1.609264
0.355648 0.057523 0.056032 0.032061 0.002001 0.490690 0.006045 1.615041
0.358556 0.055302 0.055553 0.031729 0.002007 0.490786 0.006069 1.620547
0.361573 0.053072 0.055060 0.031437 0.002010 0.490749 0.006099 1.625884
0.364694 0.050961 0.054449 0.031078 0.002001 0.490691 0.006126 1.630979
0.368177 0.048842 0.053766 0.030642 0.001999 0.490414 0.006160 1.635915
0.371518 0.046847 0.052991 0.030146 0.002005 0.490311 0.006182 1.640650
0.374975 0.045036 0.052151 0.029589 0.002014 0.490021 0.006212 1.645097
0.378642 0.043212 0.051256 0.028997 0.002014 0.489642 0.006237 1.649464
0.382314 0.041547 0.050289 0.028349 0.002014 0.489225 0.006262 1.653578
0.386043 0.039928 0.049388 0.027739 0.002007 0.488611 0.006285 1.657608
0.389753 0.038354 0.048389 0.027136 0.002001 0.488055 0.006312 1.661522
0.393700 0.036836 0.047366 0.026499 0.002002 0.487262 0.006335 1.665249
0.397622 0.035551 0.046222 0.025840 0.001992 0.486408 0.006366 1.668706
0.401639 0.034197 0.045175 0.025226 0.001995 0.485381 0.006386 1.672145
0.405725 0.032946 0.044158 0.024698 0.001987 0.484081 0.006405 1.675463
0.409738 0.031763 0.043103 0.024082 0.001968 0.482920 0.006428 1.678659
0.413830 0.030643 0.042091 0.023515 0.001964 0.481506 0.006452 1.681761
0.417999 0.029537 0.040976 0.022934 0.001951 0.480132 0.006471 1.684717
0.422097 0.028615 0.039908 0.022387 0.001946 0.478552 0.006496 1.687565
0.426185 0.027698 0.038823 0.021785 0.001936 0.477054 0.006519 1.690323
0.430328 0.026820 0.037863 0.021229 0.001935 0.475282 0.006543 1.693016
0.434489 0.025948 0.036859 0.020676 0.001915 0.473545 0.006568 1.695629
0.438637 0.025161 0.035850 0.020149 0.001904 0.471704 0.006595 1.698142
0.442760 0.024432 0.034889 0.019604 0.001884 0.469811 0.006621 1.700573
0.447006 0.023725 0.033928 0.019069 0.001858 0.467772 0.006643 1.702947
0.451232 0.023077 0.033048 0.018593 0.001843 0.465549 0.006660 1.705263
0.455549 0.022470 0.032165 0.018035 0.001824 0.463274 0.006683 1.707454
0.459771 0.021892 0.031340 0.017545 0.001798 0.460946 0.006709 1.709636
0.463959 0.021331 0.030519 0.017069 0.001767 0.458618 0.006736 1.711788
0.468143 0.020800 0.029686 0.016541 0.001742 0.456329 0.006759 1.713847
0.472359 0.020251 0.028883 0.016100 0.001712 0.453918 0.006777 1.715863
0.476617 0.019754 0.028102 0.015615 0.001685 0.451427 0.006800 1.717830
0.480752 0.019289 0.027367 0.015186 0.001658 0.448925 0.006824 1.719740
0.484916 0.018845 0.026668 0.014757 0.001632 0.446331 0.006850 1.721630
0.489089 0.018436 0.025884 0.014375 0.001599 0.443741 0.006875 1.723451
0.493287 0.018090 0.025133 0.014021 0.001577 0.440995 0.006896 1.725197
0.497368 0.017730 0.024427 0.013661 0.001557 0.438340 0.006916 1.726932
0.501458 0.017371 0.023820 0.013355 0.001529 0.435525 0.006942 1.728666
0.505543 0.016998 0.023220 0.013004 0.001497 0.432775 0.006962 1.730338
0.509642 0.016684 0.022630 0.012645 0.001474 0.429939 0.006985 1.731966
0.513622 0.016399 0.022086 0.012287 0.001456 0.427149 0.006999 1.733581
0.517679 0.016112 0.021567 0.011978 0.001432 0.424209 0.007022 1.735164
0.521602 0.015868 0.021085 0.011709 0.001398 0.421299 0.007038 1.736749
0.525552 0.015556 0.020553 0.011475 0.001371 0.418434 0.007059 1.738318
0.529567 0.015247 0.020064 0.011191 0.001345 0.415510 0.007076 1.739864
0.533434 0.015028 0.019637 0.010905 0.001312 0.412585 0.007100 1.741377
0.537426 0.014745 0.019190 0.010650 0.001297 0.409579 0.007114 1.742872
0.541371 0.014557 0.018760 0.010386 0.001278 0.406519 0.007128 1.744295
0.545263 0.014330 0.018361 0.010158 0.001263 0.403484 0.007140 1.745704
0.549153 0.014125 0.017945 0.009959 0.001238 0.400423 0.007156 1.747085
0.553030 0.013919 0.017555 0.009732 0.001210 0.397376 0.007179 1.748472
0.556868 0.013668 0.017239 0.009515 0.001196 0.394323 0.007192 1.749866
0.560636 0.013455 0.016826 0.009389 0.001169 0.391316 0.007210 1.751192
0.564436 0.013303 0.016469 0.009189 0.001147 0.388235 0.007223 1.752476
0.568139 0.013137 0.016161 0.008991 0.001128 0.385208 0.007237 1.753806
0.571803 0.012966 0.015841 0.008819 0.001109 0.382209 0.007253 1.755087
0.575379 0.012804 0.015609 0.008606 0.001091 0.379239 0.007271 1.756390
0.579044 0.012696 0.015273 0.008424 0.001071 0.376210 0.007283 1.757615
0.582574 0.012591 0.015022 0.008258 0.001056 0.373204 0.007297 1.758829
0.586176 0.012470 0.014714 0.008107 0.001038 0.370184 0.007311 1.760042
0.589808 0.012270 0.014490 0.007999 0.001021 0.367086 0.007327 1.761299
0.593276 0.012173 0.014204 0.007807 0.000997 0.364201 0.007342 1.762483
0.596772 0.012039 0.013999 0.007651 0.000969 0.361213 0.007358 1.763677
0.600101 0.011986 0.013792 0.007523 0.000947 0.358281 0.007371 1.764841
0.603517 0.011906 0.013579 0.007393 0.000927 0.355297 0.007383 1.766020
0.606859 0.011768 0.013334 0.007309 0.000913 0.352424 0.007395 1.767210
0.610153 0.011653 0.013170 0.007213 0.000896 0.349508 0.007407 1.768408
0.613482 0.011589 0.012965 0.007106 0.000872 0.346566 0.007421 1.769539
0.616792 0.011511 0.012756 0.007012 0.000857 0.343644 0.007428 1.770661
0.620037 0.011430 0.012555 0.006932 0.000842 0.340767 0.007438 1.771805
0.623235 0.011359 0.012403 0.006838 0.000820 0.337888 0.007456 1.772899
0.626380 0.011340 0.012233 0.006694 0.000802 0.335082 0.007470 1.773956
0.629549 0.011272 0.012048 0.006608 0.000789 0.332254 0.007481 1.775052
0.632694 0.011175 0.011893 0.006545 0.000782 0.329422 0.007489 1.776149
0.635827 0.011129 0.011733 0.006464 0.000766 0.326580 0.007501 1.777224
0.638804 0.011050 0.011603 0.006375 0.000746 0.323912 0.007510 1.778309
0.641802 0.010966 0.011498 0.006288 0.000731 0.321197 0.007517 1.779389
0.644799 0.010900 0.011359 0.006234 0.000720 0.318461 0.007528 1.780457
0.647813 0.010789 0.011250 0.006162 0.000713 0.315737 0.007535 1.781522
0.650751 0.010710 0.011148 0.006110 0.000700 0.313030 0.007550 1.782573
0.653714 0.010607 0.011079 0.006030 0.000693 0.310316 0.007563 1.783659
0.656621 0.010559 0.010925 0.005957 0.000684 0.307682 0.007573 1.784680
0.659438 0.010554 0.010765 0.005915 0.000673 0.305072 0.007584 1.785689
0.662201 0.010558 0.010601 0.005852 0.000666 0.302530 0.007593 1.786681
0.665034 0.010487 0.010570 0.005786 0.000646 0.299876 0.007602 1.787728
0.667787 0.010422 0.010521 0.005731 0.000634 0.297296 0.007608 1.788785
0.670489 0.010343 0.010448 0.005698 0.000631 0.294776 0.007616 1.789845
0.673150 0.010299 0.010341 0.005646 0.000620 0.292319 0.007626 1.790867
0.675865 0.010280 0.010294 0.005560 0.000622 0.289748 0.007632 1.791878
0.678493 0.010263 0.010205 0.005497 0.000610 0.287292 0.007640 1.792861
0.681163 0.010238 0.010115 0.005435 0.000606 0.284798 0.007645 1.793843
0.683801 0.010166 0.010037 0.005384 0.000595 0.282365 0.007652 1.794860
0.686363 0.010096 0.010006 0.005352 0.000586 0.279937 0.007661 1.795888
0.688854 0.010092 0.009939 0.005331 0.000579 0.277540 0.007665 1.796891
0.691358 0.010108 0.009849 0.005292 0.000565 0.275155 0.007675 1.797854
0.693853 0.010092 0.009806 0.005247 0.000554 0.272766 0.007684 1.798840
0.696278 0.010027 0.009763 0.005237 0.000553 0.270452 0.007690 1.799853
0.698772 0.010027 0.009716 0.005165 0.000542 0.268079 0.007698 1.800814
0.701174 0.010016 0.009615 0.005100 0.000532 0.265856 0.007707 1.801762
0.703533 0.010056 0.009484 0.005074 0.000524 0.263616 0.007714 1.802703
0.705856 0.009994 0.009483 0.005097 0.000523 0.261327 0.007720 1.803706
0.708120 0.009964 0.009446 0.005073 0.000519 0.259152 0.007727 1.804698
0.710533 0.009946 0.009387 0.005047 0.000516 0.256840 0.007732 1.805635
0.712733 0.009978 0.009369 0.005002 0.000505 0.254671 0.007741 1.806586
0.715024 0.009931 0.009322 0.004999 0.000500 0.252479 0.007747 1.807553
0.717206 0.009932 0.009305 0.005003 0.000495 0.250307 0.007752 1.808556
0.719410 0.009855 0.009279 0.004981 0.000495 0.248221 0.007759 1.809540
0.721557 0.009867 0.009197 0.004991 0.000489 0.246128 0.007771 1.810487
0.723690 0.009836 0.009172 0.004989 0.000483 0.244053 0.007776 1.811469
0.725703 0.009824 0.009151 0.004958 0.000477 0.242104 0.007784 1.812440
0.727704 0.009832 0.009114 0.004937 0.000475 0.240150 0.007789 1.813397
0.729797 0.009786 0.009072 0.004933 0.000470 0.238145 0.007798 1.814364
0.731817 0.009789 0.009064 0.004929 0.000458 0.236140 0.007804 1.815319
0.733779 0.009829 0.009035 0.004908 0.000451 0.234182 0.007814 1.816266
0.735839 0.009801 0.009019 0.004883 0.000447 0.232190 0.007820 1.817242
0.737756 0.009760 0.009015 0.004866 0.000443 0.230337 0.007823 1.818227
0.739784 0.009743 0.008937 0.004857 0.000433 0.228419 0.007827 1.819160
0.741608 0.009798 0.008878 0.004844 0.000432 0.226607 0.007832 1.820082
0.743427 0.009789 0.008901 0.004842 0.000420 0.224780 0.007840 1.821060
0.745241 0.009824 0.008904 0.004830 0.000416 0.222938 0.007847 1.821989
0.747065 0.009795 0.008846 0.004838 0.000419 0.221184 0.007853 1.822944
0.748851 0.009783 0.008815 0.004805 0.000413 0.219473 0.007860 1.823869
0.750637 0.009790 0.008779 0.004790 0.000411 0.217729 0.007865 1.824817
0.752378 0.009771 0.008779 0.004752 0.000412 0.216036 0.007871 1.825771
0.754165 0.009751 0.008722 0.004736 0.000406 0.214340 0.007880 1.826724
0.755924 0.009699 0.008748 0.004738 0.000398 0.212604 0.007889 1.827710
0.757630 0.009679 0.008730 0.004752 0.000399 0.210916 0.007895 1.828668
0.759284 0.009702 0.008693 0.004744 0.000398 0.209282 0.007898 1.829584
0.760937 0.009650 0.008678 0.004740 0.000400 0.207695 0.007900 1.830550
0.762570 0.009576 0.008674 0.004745 0.000398 0.206133 0.007905 1.831530
0.764176 0.009616 0.008627 0.004733 0.000396 0.204543 0.007909 1.832453
0.765824 0.009612 0.008602 0.004735 0.000391 0.202922 0.007914 1.833389
0.767395 0.009584 0.008633 0.004740 0.000390 0.201341 0.007916 1.834345
0.768955 0.009567 0.008618 0.004757 0.000385 0.199796 0.007921 1.835306
0.770487 0.009551 0.008597 0.004775 0.000383 0.198282 0.007924 1.836279
0.772045 0.009542 0.008585 0.004752 0.000387 0.196760 0.007929 1.837212
0.773549 0.009515 0.008587 0.004775 0.000389 0.195252 0.007933 1.838163
0.775082 0.009525 0.008593 0.004766 0.000387 0.193711 0.007938 1.839113
0.776566 0.009554 0.008561 0.004765 0.000384 0.192227 0.007942 1.840039
0.778082 0.009554 0.008530 0.004738 0.000387 0.190763 0.007946 1.840967
0.779478 0.009544 0.008539 0.004759 0.000386 0.189341 0.007953 1.841924
0.780889 0.009549 0.008546 0.004750 0.000386 0.187922 0.007958 1.842853
0.782299 0.009522 0.008519 0.004736 0.000379 0.186584 0.007962 1.843777
0.783667 0.009513 0.008526 0.004734 0.000379 0.185214 0.007967 1.844739
0.785075 0.009518 0.008529 0.004715 0.000375 0.183815 0.007973 1.845657
0.786392 0.009540 0.008539 0.004714 0.000371 0.182463 0.007980 1.846575
0.787710 0.009589 0.008528 0.004686 0.000371 0.181132 0.007983 1.847500
0.788993 0.009593 0.008554 0.004704 0.000365 0.179804 0.007988 1.848452
0.790216 0.009608 0.008563 0.004710 0.000370 0.178540 0.007991 1.849416
0.791468 0.009637 0.008553 0.004696 0.000366 0.177285 0.007995 1.850333
0.792677 0.009668 0.008570 0.004682 0.000363 0.176041 0.007999 1.851272
0.794022 0.009645 0.008557 0.004673 0.000370 0.174727 0.008005 1.852214
0.795195 0.009672 0.008559 0.004674 0.000371 0.173521 0.008009 1.853169
0.796413 0.009677 0.008603 0.004688 0.000367 0.172241 0.008013 1.854126
0.797634 0.009639 0.008653 0.004686 0.000365 0.171005 0.008018 1.855104
0.798792 0.009655 0.008679 0.004691 0.000362 0.169800 0.008023 1.856062
0.799984 0.009687 0.008662 0.004670 0.000362 0.168609 0.008028 1.856976
0.801078 0.009724 0.008672 0.004658 0.000362 0.167475 0.008032 1.857925
0.802188 0.009721 0.008681 0.004664 0.000361 0.166349 0.008037 1.858884
0.803350 0.009701 0.008681 0.004683 0.000363 0.165183 0.008040 1.859853
0.804372 0.009710 0.008665 0.004705 0.000363 0.164142 0.008044 1.860816
0.805405 0.009768 0.008647 0.004692 0.000359 0.163080 0.008049 1.861752
0.806542 0.009779 0.008617 0.004664 0.000361 0.161984 0.008053 1.862695
0.807553 0.009820 0.008603 0.004649 0.000361 0.160956 0.008057 1.863634
0.808603 0.009853 0.008623 0.004656 0.000360 0.159842 0.008063 1.864592
0.809612 0.009846 0.008671 0.004656 0.000363 0.158784 0.008066 1.865577
0.810583 0.009860 0.008687 0.004684 0.000365 0.157748 0.008071 1.866552
0.811543 0.009887 0.008698 0.004695 0.000364 0.156736 0.008077 1.867521
0.812529 0.009892 0.008724 0.004702 0.000366 0.155709 0.008079 1.868495
0.813497 0.009943 0.008721 0.004721 0.000361 0.154673 0.008085 1.869461
0.814373 0.010019 0.008734 0.004701 0.000360 0.153724 0.008089 1.870427
0.815229 0.010088 0.008714 0.004702 0.000361 0.152815 0.008092 1.871402
0.816100 0.010108 0.008720 0.004738 0.000360 0.151879 0.008095 1.872408
0.817017 0.010169 0.008700 0.004752 0.000359 0.150902 0.008102 1.873369
0.817962 0.010170 0.008755 0.004746 0.000354 0.149907 0.008105 1.874383
0.818763 0.010197 0.008754 0.004777 0.000350 0.149052 0.008109 1.875376
0.819596 0.010229 0.008768 0.004783 0.000346 0.148162 0.008115 1.876382
0.820433 0.010261 0.008801 0.004760 0.000346 0.147281 0.008118 1.877384
0.821216 0.010312 0.008821 0.004787 0.000349 0.146396 0.008120 1.878389
0.821968 0.010363 0.008842 0.004793 0.000347 0.145561 0.008125 1.879409
0.822742 0.010373 0.008887 0.004795 0.000346 0.144729 0.008129 1.880445
0.823520 0.010346 0.008901 0.004812 0.000344 0.143945 0.008133 1.881461
0.824269 0.010406 0.008879 0.004841 0.000343 0.143123 0.008138 1.882460
0.824949 0.010448 0.008933 0.004840 0.000343 0.142345 0.008142 1.883478
0.825639 0.010450 0.009006 0.004843 0.000344 0.141573 0.008146 1.884549
0.826306 0.010510 0.009007 0.004856 0.000341 0.140829 0.008150 1.885583
0.826988 0.010555 0.009016 0.004890 0.000341 0.140056 0.008155 1.886623
0.827675 0.010626 0.009000 0.004915 0.000337 0.139286 0.008160 1.887616
0.828325 0.010681 0.009000 0.004915 0.000337 0.138579 0.008163 1.888645
0.828978 0.010725 0.009015 0.004939 0.000338 0.137839 0.008168 1.889681
0.829590 0.010796 0.009058 0.004919 0.000335 0.137130 0.008173 1.890715
0.830209 0.010827 0.009138 0.004942 0.000328 0.136378 0.008178 1.891786
0.830802 0.010894 0.009203 0.004941 0.000325 0.135649 0.008186 1.892822
0.831434 0.010840 0.009234 0.005009 0.000327 0.134964 0.008192 1.893935
0.832035 0.010888 0.009264 0.005005 0.000326 0.134287 0.008196 1.894986
0.832613 0.010940 0.009276 0.005009 0.000326 0.133633 0.008202 1.896038
0.833095 0.010992 0.009319 0.005038 0.000326 0.133027 0.008204 1.897151
0.833686 0.011072 0.009340 0.005061 0.000332 0.132303 0.008208 1.898189
0.834267 0.011073 0.009371 0.005094 0.000338 0.131647 0.008211 1.899284
0.834741 0.011039 0.009451 0.005110 0.000332 0.131111 0.008215 1.900429
0.835272 0.011119 0.009446 0.005125 0.000331 0.130489 0.008218 1.901470
0.835787 0.011144 0.009529 0.005141 0.000334 0.129843 0.008222 1.902568
0.836264 0.011182 0.009526 0.005183 0.000335 0.129283 0.008226 1.903660
0.836699 0.011215 0.009600 0.005233 0.000335 0.128687 0.008231 1.904789
0.837185 0.011239 0.009622 0.005256 0.000335 0.128125 0.008238 1.905899
0.837638 0.011246 0.009631 0.005270 0.000347 0.127626 0.008242 1.907013
0.838077 0.011272 0.009697 0.005257 0.000349 0.127103 0.008246 1.908130
0.838539 0.011283 0.009714 0.005256 0.000348 0.126609 0.008251 1.909234
0.838981 0.011324 0.009753 0.005280 0.000355 0.126051 0.008256 1.910358
0.839445 0.011350 0.009778 0.005268 0.000359 0.125540 0.008261 1.911443
0.839847 0.011419 0.009785 0.005247 0.000362 0.125074 0.008266 1.912541
0.840295 0.011395 0.009832 0.005280 0.000365 0.124562 0.008270 1.913723
0.840664 0.011457 0.009864 0.005307 0.000364 0.124069 0.008274 1.914854
0.841073 0.011467 0.009914 0.005320 0.000365 0.123582 0.008279 1.915988
0.841414 0.011535 0.009922 0.005345 0.000367 0.123135 0.008283 1.917115
0.841832 0.011598 0.009940 0.005352 0.000372 0.122621 0.008285 1.918221
0.842214 0.011606 0.010014 0.005370 0.000370 0.122133 0.008292 1.919375
0.842588 0.011638 0.010014 0.005392 0.000374 0.121701 0.008295 1.920490
0.842937 0.011617 0.010045 0.005438 0.000363 0.121299 0.008301 1.921659
0.843292 0.011627 0.010065 0.005453 0.000366 0.120894 0.008304 1.922806
0.843620 0.011642 0.010089 0.005477 0.000358 0.120503 0.008311 1.923963
0.843971 0.011693 0.010094 0.005511 0.000359 0.120056 0.008316 1.925094
0.844251 0.011730 0.010089 0.005550 0.000367 0.119691 0.008320 1.926265
0.844536 0.011792 0.010117 0.005585 0.000370 0.119277 0.008323 1.927410
0.844807 0.011837 0.010098 0.005609 0.000370 0.118952 0.008327 1.928587
0.845115 0.011874 0.010087 0.005645 0.000374 0.118575 0.008331 1.929750
0.845383 0.011974 0.010101 0.005629 0.000379 0.118198 0.008336 1.930878
0.845640 0.012043 0.010102 0.005653 0.000376 0.117846 0.008340 1.932019
0.845883 0.012027 0.010148 0.005688 0.000379 0.117530 0.008344 1.933221
0.846156 0.012086 0.010171 0.005720 0.000376 0.117143 0.008350 1.934402
0.846412 0.012132 0.010185 0.005730 0.000381 0.116808 0.008352 1.935569
0.846636 0.012134 0.010216 0.005737 0.000384 0.116538 0.008356 1.936768
0.846844 0.012199 0.010282 0.005741 0.000375 0.116196 0.008363 1.937950
0.847090 0.012178 0.010283 0.005781 0.000369 0.115929 0.008370 1.939156
0.847252 0.012184 0.010380 0.005777 0.000365 0.115666 0.008377 1.940395
0.847511 0.012209 0.010402 0.005757 0.000366 0.115376 0.008379 1.941591
0.847672 0.012275 0.010428 0.005764 0.000369 0.115108 0.008384 1.942797
0.847882 0.012304 0.010462 0.005757 0.000368 0.114836 0.008391 1.943986
0.848017 0.012397 0.010468 0.005771 0.000367 0.114583 0.008397 1.945168
0.848183 0.012435 0.010462 0.005815 0.000367 0.114336 0.008400 1.946388
0.848399 0.012448 0.010479 0.005827 0.000372 0.114071 0.008405 1.947593
0.848533 0.012509 0.010558 0.005852 0.000374 0.113763 0.008412 1.948818
0.848659 0.012566 0.010596 0.005846 0.000382 0.113536 0.008416 1.950029
0.848784 0.012579 0.010602 0.005893 0.000385 0.113339 0.008419 1.951296
0.849032 0.012599 0.010585 0.005899 0.000382 0.113080 0.008424 1.952512
0.849160 0.012653 0.010652 0.005908 0.000384 0.112819 0.008425 1.953752
0.849232 0.012694 0.010728 0.005935 0.000383 0.112597 0.008431 1.955016
0.849368 0.012715 0.010771 0.005932 0.000384 0.112396 0.008435 1.956281
0.849472 0.012836 0.010775 0.005937 0.000388 0.112152 0.008441 1.957491
0.849551 0.012819 0.010866 0.005941 0.000392 0.111985 0.008446 1.958792
0.849579 0.012916 0.010895 0.005934 0.000401 0.111826 0.008449 1.960041
0.849684 0.012908 0.010939 0.005962 0.000404 0.111647 0.008455 1.961336
0.849720 0.012962 0.010966 0.006003 0.000412 0.111478 0.008459 1.962617
0.849787 0.013036 0.010965 0.005970 0.000417 0.111361 0.008464 1.963857
0.849890 0.013024 0.011035 0.006012 0.000419 0.111153 0.008467 1.965180
0.849989 0.013003 0.011045 0.006054 0.000419 0.111019 0.008474 1.966486
0.850074 0.013047 0.011099 0.006051 0.000419 0.110829 0.008480 1.967750
0.850159 0.013145 0.011106 0.006022 0.000416 0.110666 0.008486 1.968992
0.850253 0.013159 0.011145 0.006061 0.000412 0.110478 0.008492 1.970295
0.850257 0.013213 0.011190 0.006080 0.000415 0.110348 0.008497 1.971592
0.850227 0.013275 0.011236 0.006097 0.000411 0.110252 0.008503 1.972930
0.850194 0.013395 0.011290 0.006106 0.000408 0.110100 0.008508 1.974214
0.850257 0.013416 0.011310 0.006124 0.000411 0.109971 0.008513 1.975521
0.850288 0.013450 0.011345 0.006161 0.000415 0.109826 0.008516 1.976850
0.850217 0.013524 0.011340 0.006197 0.000417 0.109784 0.008522 1.978152
0.850286 0.013526 0.011385 0.006219 0.000425 0.109635 0.008523 1.979487
0.850293 0.013574 0.011424 0.006237 0.000422 0.109521 0.008529 1.980792
0.850313 0.013578 0.011433 0.006253 0.000426 0.109463 0.008535 1.982125
0.850370 0.013624 0.011428 0.006262 0.000428 0.109350 0.008539 1.983427
0.850339 0.013677 0.011521 0.006278 0.000430 0.109210 0.008545 1.984779
0.850341 0.013748 0.011600 0.006290 0.000429 0.109039 0.008553 1.986112
0.850349 0.013791 0.011586 0.006317 0.000426 0.108973 0.008559 1.987438
0.850347 0.013801 0.011652 0.006392 0.000417 0.108826 0.008566 1.988796
0.850328 0.013831 0.011665 0.006428 0.000418 0.108761 0.008570 1.990140
0.850314 0.013800 0.011721 0.006450 0.000415 0.108722 0.008578 1.991513
0.850301 0.013798 0.011799 0.006458 0.000420 0.108643 0.008582 1.992875
0.850297 0.013872 0.011816 0.006456 0.000420 0.108551 0.008589 1.994192
0.850276 0.013905 0.011853 0.006515 0.000416 0.108441 0.008595 1.995556
0.850240 0.013946 0.011940 0.006525 0.000419 0.108333 0.008598 1.996926
0.850164 0.013974 0.011980 0.006521 0.000418 0.108341 0.008603 1.998290
0.850094 0.013952 0.012049 0.006544 0.000429 0.108325 0.008608 1.999698
0.850089 0.013963 0.012097 0.006540 0.000425 0.108272 0.008615 2.001072
0.850006 0.014036 0.012089 0.006545 0.000428 0.108275 0.008621 2.002416
0.849921 0.014054 0.012124 0.006586 0.000425 0.108263 0.008627 2.003819
0.849840 0.014111 0.012108 0.006605 0.000420 0.108284 0.008632 2.005170
0.849804 0.014066 0.012157 0.006644 0.000413 0.108278 0.008639 2.006593
0.849790 0.014063 0.012168 0.006657 0.000414 0.108262 0.008648 2.007978
0.849764 0.014098 0.012184 0.006652 0.000418 0.108232 0.008653 2.009341
0.849701 0.014112 0.012221 0.006722 0.000419 0.108165 0.008659 2.010755
0.849632 0.014151 0.012220 0.006711 0.000419 0.108202 0.008666 2.012126
0.849524 0.014139 0.012283 0.006738 0.000415 0.108228 0.008674 2.013554
0.849400 0.014224 0.012272 0.006732 0.000413 0.108280 0.008679 2.014899
0.849334 0.014210 0.012290 0.006745 0.000412 0.108327 0.008684 2.016313
0.849257 0.014237 0.012341 0.006752 0.000413 0.108310 0.008691 2.017725
0.849160 0.014330 0.012314 0.006740 0.000413 0.108343 0.008698 2.019072
0.849104 0.014285 0.012368 0.006801 0.000415 0.108326 0.008702 2.020526
0.849058 0.014263 0.012454 0.006837 0.000418 0.108265 0.008706 2.021963
0.848966 0.014327 0.012476 0.006804 0.000429 0.108290 0.008708 2.023355
0.848891 0.014312 0.012539 0.006802 0.000428 0.108316 0.008713 2.024787
0.848822 0.014380 0.012539 0.006783 0.000429 0.108329 0.008718 2.026175
0.848711 0.014396 0.012548 0.006845 0.000425 0.108353 0.008723 2.027632
0.848604 0.014414 0.012613 0.006855 0.000428 0.108357 0.008730 2.029077
0.848534 0.014415 0.012630 0.006910 0.000430 0.108346 0.008736 2.030511
0.848466 0.014424 0.012601 0.006933 0.000429 0.108406 0.008742 2.031905
0.848448 0.014451 0.012612 0.006917 0.000430 0.108395 0.008748 2.033303
0.848338 0.014435 0.012657 0.006920 0.000419 0.108478 0.008754 2.034744
0.848213 0.014472 0.012671 0.006928 0.000416 0.108539 0.008762 2.036172
0.848165 0.014511 0.012692 0.006916 0.000415 0.108536 0.008766 2.037576
0.848030 0.014595 0.012675 0.006919 0.000425 0.108585 0.008771 2.038972
0.847934 0.014645 0.012646 0.006948 0.000431 0.108621 0.008776 2.040395
0.847811 0.014675 0.012681 0.006910 0.000431 0.108710 0.008781 2.041827
0.847735 0.014754 0.012664 0.006885 0.000433 0.108745 0.008785 2.043217
0.847619 0.014789 0.012731 0.006899 0.000438 0.108733 0.008792 2.044671
0.847445 0.014845 0.012757 0.006929 0.000443 0.108782 0.008799 2.046121
0.847289 0.014906 0.012713 0.006960 0.000438 0.108888 0.008806 2.047554
0.847110 0.014980 0.012706 0.006988 0.000440 0.108967 0.008810 2.049006
0.846959 0.015046 0.012760 0.007024 0.000438 0.108959 0.008815 2.050488
0.846861 0.015058 0.012789 0.007023 0.000437 0.109009 0.008823 2.051968
0.846728 0.015123 0.012871 0.007032 0.000439 0.108979 0.008829 2.053435
0.846588 0.015158 0.012892 0.007015 0.000441 0.109072 0.008834 2.054915
0.846417 0.015247 0.012903 0.007008 0.000442 0.109146 0.008839 2.056392
0.846224 0.015324 0.012939 0.007012 0.000448 0.109209 0.008845 2.057859
0.846038 0.015362 0.012969 0.007019 0.000444 0.109317 0.008853 2.059354
0.845975 0.015372 0.013025 0.007069 0.000441 0.109260 0.008859 2.060842
0.845791 0.015408 0.013089 0.007126 0.000445 0.109280 0.008861 2.062369
0.845581 0.015413 0.013190 0.007144 0.000447 0.109360 0.008864 2.063919
0.845374 0.015391 0.013280 0.007165 0.000455 0.109467 0.008868 2.065478
0.845256 0.015356 0.013350 0.007193 0.000455 0.109517 0.008875 2.067031
0.845125 0.015339 0.013394 0.007216 0.000459 0.109587 0.008882 2.068571
0.844974 0.015370 0.013397 0.007181 0.000456 0.109737 0.008887 2.070079
0.844776 0.015437 0.013358 0.007193 0.000461 0.109883 0.008893 2.071562
0.844580 0.015483 0.013363 0.007233 0.000468 0.109975 0.008899 2.073087
0.844438 0.015421 0.013424 0.007244 0.000470 0.110100 0.008903 2.074672
0.844321 0.015411 0.013459 0.007283 0.000468 0.110149 0.008908 2.076187
0.844156 0.015379 0.013545 0.007301 0.000463 0.110241 0.008915 2.077743
0.844065 0.015428 0.013519 0.007318 0.000460 0.110289 0.008922 2.079215
0.843886 0.015438 0.013548 0.007315 0.000456 0.110427 0.008929 2.080720
0.843790 0.015381 0.013571 0.007324 0.000449 0.110549 0.008936 2.082237
0.843616 0.015405 0.013672 0.007337 0.000451 0.110574 0.008946 2.083753
0.843456 0.015442 0.013662 0.007350 0.000448 0.110690 0.008952 2.085272
0.843306 0.015385 0.013681 0.007378 0.000447 0.110845 0.008959 2.086825
0.843110 0.015410 0.013662 0.007392 0.000450 0.111011 0.008965 2.088332
0.842927 0.015481 0.013660 0.007406 0.000445 0.111106 0.008974 2.089837
0.842780 0.015431 0.013692 0.007409 0.000449 0.111256 0.008983 2.091400
0.842648 0.015484 0.013705 0.007384 0.000446 0.111344 0.008989 2.092898
0.842462 0.015503 0.013747 0.007387 0.000450 0.111456 0.008995 2.094430
0.842311 0.015509 0.013718 0.007377 0.000443 0.111640 0.009001 2.095934
0.842155 0.015475 0.013777 0.007415 0.000444 0.111729 0.009006 2.097491
0.842041 0.015454 0.013809 0.007437 0.000446 0.111804 0.009010 2.099039
0.841944 0.015412 0.013857 0.007442 0.000445 0.111885 0.009015 2.100567
0.841788 0.015438 0.013857 0.007445 0.000448 0.112004 0.009020 2.102097
0.841643 0.015470 0.013864 0.007437 0.000445 0.112114 0.009028 2.103611
0.841450 0.015515 0.013863 0.007419 0.000448 0.112273 0.009033 2.105146
0.841315 0.015606 0.013808 0.007388 0.000443 0.112400 0.009039 2.106616
0.841198 0.015625 0.013813 0.007399 0.000440 0.112482 0.009043 2.108140
0.841069 0.015677 0.013754 0.007430 0.000436 0.112586 0.009048 2.109639
0.840908 0.015699 0.013779 0.007405 0.000440 0.112717 0.009054 2.111193
0.840803 0.015712 0.013794 0.007410 0.000446 0.112776 0.009059 2.112725
0.840627 0.015757 0.013795 0.007437 0.000448 0.112874 0.009062 2.114275
0.840527 0.015784 0.013824 0.007443 0.000450 0.112904 0.009068 2.115815
0.840344 0.015836 0.013811 0.007483 0.000450 0.113001 0.009075 2.117369
0.840164 0.015789 0.013848 0.007505 0.000452 0.113162 0.009081 2.118985
0.840045 0.015754 0.013868 0.007536 0.000464 0.113251 0.009084 2.120582
0.839963 0.015715 0.013870 0.007505 0.000466 0.113393 0.009089 2.122110
0.839789 0.015752 0.013887 0.007527 0.000468 0.113481 0.009096 2.123665
0.839667 0.015786 0.013871 0.007556 0.000468 0.113547 0.009104 2.125225
0.839575 0.015754 0.013862 0.007564 0.000479 0.113660 0.009106 2.126772
0.839403 0.015846 0.013849 0.007574 0.000486 0.113733 0.009110 2.128294
0.839287 0.015879 0.013839 0.007580 0.000486 0.113816 0.009115 2.129812
0.839106 0.015882 0.013880 0.007590 0.000491 0.113932 0.009119 2.131390
0.839011 0.015852 0.013902 0.007578 0.000494 0.114037 0.009126 2.132952
0.838878 0.015849 0.013878 0.007555 0.000493 0.114215 0.009132 2.134465
0.838793 0.015819 0.013914 0.007556 0.000494 0.114287 0.009138 2.136029
0.838685 0.015836 0.013942 0.007548 0.000490 0.114354 0.009145 2.137560
0.838597 0.015848 0.013923 0.007546 0.000490 0.114445 0.009150 2.139113
0.838480 0.015800 0.013918 0.007583 0.000483 0.114577 0.009159 2.140702
0.838309 0.015773 0.013944 0.007573 0.000483 0.114751 0.009167 2.142281
0.838229 0.015769 0.013917 0.007577 0.000477 0.114855 0.009175 2.143806
0.838161 0.015747 0.013922 0.007593 0.000475 0.114917 0.009185 2.145343
0.838107 0.015739 0.013936 0.007608 0.000476 0.114942 0.009192 2.146882
0.837989 0.015700 0.013996 0.007614 0.000476 0.115029 0.009197 2.148446
0.837936 0.015656 0.014044 0.007618 0.000479 0.115063 0.009205 2.150028
0.837833 0.015645 0.014037 0.007664 0.000480 0.115132 0.009209 2.151582
0.837748 0.015644 0.013999 0.007644 0.000482 0.115270 0.009214 2.153097
0.837664 0.015586 0.013958 0.007691 0.000486 0.115399 0.009217 2.154682
0.837613 0.015568 0.013935 0.007715 0.000495 0.115454 0.009221 2.156235
0.837513 0.015620 0.013850 0.007715 0.000498 0.115578 0.009225 2.157727
0.837420 0.015590 0.013845 0.007694 0.000498 0.115725 0.009230 2.159279
0.837318 0.015597 0.013854 0.007682 0.000496 0.115815 0.009239 2.160824
0.837245 0.015610 0.013846 0.007659 0.000496 0.115901 0.009245 2.162341
0.837163 0.015685 0.013834 0.007631 0.000497 0.115942 0.009249 2.163845
0.837125 0.015660 0.013864 0.007569 0.000497 0.116032 0.009255 2.165407
0.837057 0.015690 0.013845 0.007565 0.000490 0.116086 0.009267 2.166918
0.836870 0.015700 0.013882 0.007565 0.000490 0.116219 0.009274 2.168505
0.836747 0.015732 0.013901 0.007551 0.000489 0.116299 0.009280 2.170044
0.836597 0.015784 0.013938 0.007570 0.000485 0.116335 0.009293 2.171623
0.836521 0.015801 0.013967 0.007559 0.000491 0.116365 0.009298 2.173152
0.836367 0.015888 0.013915 0.007553 0.000498 0.116477 0.009302 2.174652
0.836276 0.015885 0.013948 0.007563 0.000498 0.116519 0.009311 2.176230
0.836116 0.015952 0.013933 0.007599 0.000498 0.116584 0.009317 2.177772
0.836011 0.015979 0.013941 0.007622 0.000489 0.116633 0.009325 2.179344
0.835890 0.015941 0.013914 0.007679 0.000490 0.116757 0.009330 2.180916
0.835820 0.015924 0.013952 0.007705 0.000498 0.116767 0.009334 2.182486
0.835650 0.015963 0.013947 0.007686 0.000497 0.116916 0.009341 2.184050
0.835544 0.015927 0.014000 0.007708 0.000497 0.116980 0.009345 2.185650
0.835448 0.015967 0.013998 0.007696 0.000491 0.117048 0.009353 2.187183
0.835367 0.015929 0.014054 0.007744 0.000488 0.117061 0.009358 2.188800
0.835244 0.015928 0.014045 0.007743 0.000486 0.117192 0.009362 2.190364
0.835110 0.015974 0.014022 0.007756 0.000491 0.117278 0.009368 2.191918
0.834931 0.015995 0.014057 0.007767 0.000498 0.117375 0.009377 2.193483
0.834854 0.015967 0.014032 0.007799 0.000499 0.117468 0.009382 2.195041
0.834793 0.015984 0.014048 0.007780 0.000498 0.117511 0.009387 2.196570
0.834716 0.015931 0.014075 0.007802 0.000499 0.117586 0.009393 2.198148
0.834593 0.015943 0.014087 0.007792 0.000496 0.117691 0.009398 2.199720
0.834574 0.015914 0.014073 0.007776 0.000499 0.117761 0.009403 2.201276
0.834456 0.015904 0.014067 0.007794 0.000497 0.117870 0.009413 2.202866
0.834383 0.015871 0.014103 0.007777 0.000502 0.117945 0.009420 2.204449
0.834253 0.015905 0.014101 0.007767 0.000508 0.118038 0.009428 2.206002
0.834164 0.015875 0.014080 0.007789 0.000504 0.118155 0.009434 2.207585
0.834201 0.015827 0.014078 0.007779 0.000506 0.118165 0.009444 2.209141
0.834100 0.015859 0.014058 0.007816 0.000502 0.118214 0.009452 2.210699
0.834046 0.015915 0.014004 0.007811 0.000502 0.118263 0.009459 2.212222
0.833949 0.015950 0.014006 0.007787 0.000496 0.118347 0.009466 2.213772
0.833878 0.015985 0.013966 0.007813 0.000491 0.118394 0.009474 2.215325
0.833856 0.015988 0.014017 0.007794 0.000490 0.118374 0.009481 2.216875
0.833786 0.016024 0.014019 0.007776 0.000492 0.118415 0.009489 2.218435
0.833708 0.016037 0.013994 0.007796 0.000493 0.118476 0.009496 2.220003
0.833600 0.016019 0.014060 0.007806 0.000497 0.118517 0.009501 2.221618
0.833523 0.016044 0.014036 0.007821 0.000500 0.118570 0.009506 2.223154
0.833473 0.016022 0.014042 0.007827 0.000503 0.118619 0.009513 2.224729
0.833437 0.016009 0.014077 0.007806 0.000511 0.118638 0.009521 2.226297
0.833281 0.016066 0.014082 0.007776 0.000511 0.118755 0.009529 2.227845
0.833166 0.016016 0.014148 0.007759 0.000506 0.118866 0.009538 2.229442
0.833074 0.015968 0.014135 0.007771 0.000504 0.119005 0.009542 2.231024
0.832993 0.015931 0.014091 0.007783 0.000506 0.119146 0.009550 2.232633
0.832940 0.015970 0.014073 0.007772 0.000514 0.119177 0.009552 2.234170
0.832913 0.015946 0.014063 0.007791 0.000511 0.119220 0.009556 2.235721
0.832813 0.015944 0.014094 0.007758 0.000514 0.119315 0.009561 2.237296
0.832720 0.015996 0.014141 0.007738 0.000517 0.119321 0.009568 2.238862
0.832697 0.015960 0.014154 0.007719 0.000518 0.119377 0.009575 2.240426
0.832627 0.015890 0.014214 0.007735 0.000521 0.119432 0.009581 2.242056
0.832512 0.015885 0.014256 0.007735 0.000526 0.119498 0.009588 2.243633
0.832391 0.015926 0.014278 0.007696 0.000523 0.119594 0.009592 2.245195
0.832344 0.015959 0.014251 0.007687 0.000508 0.119650 0.009601 2.246717
0.832259 0.015968 0.014290 0.007695 0.000507 0.119674 0.009608 2.248300
0.832203 0.016002 0.014292 0.007645 0.000513 0.119731 0.009614 2.249855
0.832132 0.016007 0.014318 0.007656 0.000522 0.119746 0.009619 2.251425
0.832099 0.015994 0.014329 0.007686 0.000518 0.119745 0.009630 2.252987
0.831992 0.016014 0.014308 0.007661 0.000512 0.119875 0.009638 2.254548
0.831967 0.015996 0.014285 0.007674 0.000508 0.119926 0.009643 2.256110
0.831882 0.016047 0.014251 0.007697 0.000509 0.119964 0.009650 2.257686
0.831809 0.016021 0.014235 0.007750 0.000515 0.120012 0.009657 2.259287
0.831766 0.015963 0.014226 0.007752 0.000524 0.120106 0.009664 2.260886
0.831726 0.015926 0.014231 0.007759 0.000524 0.120164 0.009671 2.262465
0.831662 0.015962 0.014182 0.007731 0.000521 0.120260 0.009681 2.264005
0.831647 0.015932 0.014149 0.007727 0.000518 0.120337 0.009689 2.265570
0.831669 0.015925 0.014113 0.007737 0.000528 0.120334 0.009695 2.267114
0.831632 0.015888 0.014120 0.007736 0.000531 0.120394 0.009700 2.268673
0.831593 0.015873 0.014165 0.007746 0.000527 0.120386 0.009711 2.270242
0.831582 0.015876 0.014151 0.007736 0.000535 0.120404 0.009717 2.271799
0.831477 0.015856 0.014118 0.007727 0.000538 0.120562 0.009722 2.273371
0.831404 0.015829 0.014087 0.007721 0.000536 0.120695 0.009730 2.274917
0.831424 0.015771 0.014096 0.007715 0.000534 0.120723 0.009737 2.276506
0.831451 0.015751 0.014080 0.007689 0.000538 0.120748 0.009744 2.278013
0.831424 0.015741 0.014091 0.007668 0.000539 0.120786 0.009751 2.279594
0.831356 0.015758 0.014024 0.007697 0.000535 0.120876 0.009755 2.281132
0.831403 0.015670 0.013996 0.007737 0.000534 0.120901 0.009761 2.282688
0.831368 0.015693 0.013941 0.007685 0.000532 0.121015 0.009767 2.284179
0.831350 0.015704 0.013943 0.007667 0.000538 0.121025 0.009773 2.285696
0.831296 0.015667 0.013944 0.007680 0.000535 0.121100 0.009780 2.287280
0.831284 0.015656 0.013895 0.007676 0.000532 0.121170 0.009789 2.288791
0.831240 0.015644 0.013885 0.007709 0.000534 0.121193 0.009796 2.290329
0.831274 0.015642 0.013878 0.007707 0.000532 0.121163 0.009805 2.291855
0.831216 0.015662 0.013875 0.007697 0.000530 0.121207 0.009813 2.293381
0.831213 0.015670 0.013871 0.007667 0.000521 0.121234 0.009825 2.294897
0.831207 0.015627 0.013898 0.007649 0.000523 0.121264 0.009833 2.296444
0.831210 0.015651 0.013836 0.007651 0.000520 0.121294 0.009838 2.297925
0.831184 0.015637 0.013812 0.007644 0.000515 0.121360 0.009849 2.299475
0.831231 0.015589 0.013796 0.007637 0.000514 0.121378 0.009857 2.301002
0.831252 0.015573 0.013783 0.007646 0.000509 0.121373 0.009864 2.302528
0.831286 0.015506 0.013794 0.007639 0.000511 0.121391 0.009873 2.304063
0.831309 0.015452 0.013805 0.007639 0.000517 0.121401 0.009878 2.305617
0.831345 0.015426 0.013798 0.007648 0.000512 0.121387 0.009885 2.307130
0.831297 0.015457 0.013810 0.007617 0.000514 0.121419 0.009889 2.308641
0.831309 0.015490 0.013802 0.007613 0.000515 0.121378 0.009895 2.310161
0.831356 0.015459 0.013766 0.007595 0.000517 0.121405 0.009902 2.311662
0.831386 0.015449 0.013793 0.007591 0.000517 0.121359 0.009905 2.313184
0.831423 0.015338 0.013847 0.007601 0.000517 0.121363 0.009911 2.314766
0.831452 0.015380 0.013822 0.007580 0.000508 0.121339 0.009920 2.316236
0.831405 0.015379 0.013807 0.007589 0.000504 0.121389 0.009928 2.317754
0.831448 0.015326 0.013864 0.007563 0.000518 0.121349 0.009932 2.319286
0.831475 0.015317 0.013840 0.007558 0.000513 0.121357 0.009939 2.320769
0.831505 0.015360 0.013824 0.007494 0.000515 0.121356 0.009945 2.322242
0.831485 0.015409 0.013818 0.007511 0.000516 0.121308 0.009953 2.323753
0.831490 0.015397 0.013806 0.007499 0.000529 0.121323 0.009956 2.325237
0.831573 0.015352 0.013766 0.007476 0.000527 0.121341 0.009965 2.326737
0.831587 0.015310 0.013732 0.007496 0.000527 0.121376 0.009972 2.328250
0.831600 0.015286 0.013727 0.007506 0.000526 0.121377 0.009978 2.329772
0.831694 0.015244 0.013719 0.007474 0.000526 0.121359 0.009984 2.331285
0.831733 0.015215 0.013753 0.007491 0.000530 0.121288 0.009990 2.332802
0.831760 0.015249 0.013747 0.007497 0.000524 0.121224 0.009999 2.334293
0.831735 0.015265 0.013717 0.007500 0.000523 0.121254 0.010007 2.335803
0.831745 0.015291 0.013683 0.007471 0.000516 0.121280 0.010014 2.337276
0.831737 0.015317 0.013647 0.007454 0.000514 0.121313 0.010019 2.338763
0.831788 0.015334 0.013575 0.007440 0.000511 0.121326 0.010026 2.340228
0.831838 0.015282 0.013568 0.007439 0.000518 0.121324 0.010032 2.341746
0.831911 0.015208 0.013536 0.007467 0.000518 0.121320 0.010040 2.343260
0.831915 0.015258 0.013514 0.007476 0.000513 0.121276 0.010047 2.344742
0.831955 0.015218 0.013548 0.007485 0.000516 0.121226 0.010054 2.346276
0.831955 0.015214 0.013586 0.007439 0.000515 0.121231 0.010061 2.347775
0.831963 0.015185 0.013601 0.007466 0.000517 0.121202 0.010067 2.349319
0.831951 0.015221 0.013589 0.007439 0.000519 0.121207 0.010073 2.350806
0.831981 0.015223 0.013604 0.007411 0.000513 0.121187 0.010082 2.352303
0.832041 0.015222 0.013638 0.007403 0.000513 0.121095 0.010088 2.353813
0.832092 0.015182 0.013638 0.007415 0.000507 0.121072 0.010094 2.355307
0.832133 0.015146 0.013589 0.007435 0.000507 0.121091 0.010100 2.356800
0.832134 0.015194 0.013557 0.007428 0.000500 0.121078 0.010111 2.358263
0.832151 0.015244 0.013554 0.007428 0.000490 0.121014 0.010118 2.359738
0.832151 0.015285 0.013558 0.007413 0.000491 0.120979 0.010124 2.361226
0.832147 0.015295 0.013579 0.007397 0.000493 0.120959 0.010131 2.362722
0.832058 0.015362 0.013585 0.007415 0.000496 0.120948 0.010136 2.364204
0.832129 0.015325 0.013582 0.007438 0.000494 0.120891 0.010142 2.365704
0.832094 0.015362 0.013581 0.007430 0.000498 0.120887 0.010149 2.367206
0.832106 0.015388 0.013561 0.007414 0.000500 0.120876 0.010155 2.368679
0.832123 0.015389 0.013574 0.007434 0.000505 0.120817 0.010160 2.370205
0.832115 0.015364 0.013602 0.007442 0.000506 0.120804 0.010167 2.371747
0.832135 0.015343 0.013608 0.007443 0.000508 0.120789 0.010174 2.373259
0.832143 0.015270 0.013687 0.007461 0.000507 0.120752 0.010180 2.374829
0.832114 0.015342 0.013643 0.007468 0.000507 0.120739 0.010186 2.376307
0.832054 0.015339 0.013639 0.007485 0.000508 0.120780 0.010196 2.377856
0.832029 0.015323 0.013680 0.007456 0.000515 0.120797 0.010201 2.379396
0.831995 0.015372 0.013713 0.007434 0.000516 0.120762 0.010208 2.380894
0.831955 0.015414 0.013691 0.007434 0.000514 0.120776 0.010217 2.382383
0.831873 0.015496 0.013651 0.007463 0.000515 0.120778 0.010225 2.383905
0.831840 0.015509 0.013668 0.007449 0.000511 0.120791 0.010232 2.385431
0.831893 0.015537 0.013704 0.007448 0.000506 0.120668 0.010243 2.386924
0.831940 0.015487 0.013730 0.007435 0.000509 0.120651 0.010249 2.388454
0.831879 0.015513 0.013747 0.007435 0.000511 0.120663 0.010254 2.389989
0.831787 0.015546 0.013772 0.007407 0.000512 0.120715 0.010263 2.391525
0.831794 0.015488 0.013763 0.007422 0.000514 0.120753 0.010267 2.393079
0.831778 0.015425 0.013780 0.007473 0.000512 0.120759 0.010273 2.394648
0.831750 0.015445 0.013803 0.007472 0.000508 0.120742 0.010279 2.396177
0.831766 0.015449 0.013768 0.007474 0.000507 0.120753 0.010283 2.397684
0.831758 0.015477 0.013791 0.007463 0.000506 0.120718 0.010289 2.399198
0.831770 0.015492 0.013768 0.007452 0.000504 0.120723 0.010293 2.400694
0.831742 0.015480 0.013749 0.007457 0.000507 0.120770 0.010296 2.402198
0.831776 0.015446 0.013774 0.007484 0.000504 0.120717 0.010302 2.403743
0.831719 0.015468 0.013743 0.007501 0.000502 0.120761 0.010307 2.405278
0.831731 0.015455 0.013711 0.007509 0.000505 0.120778 0.010312 2.406770
0.831730 0.015432 0.013733 0.007466 0.000512 0.120808 0.010319 2.408292
0.831709 0.015436 0.013760 0.007492 0.000513 0.120763 0.010328 2.409822
0.831740 0.015441 0.013751 0.007510 0.000510 0.120713 0.010335 2.411334
