0.339360 0.063161 0.056513 0.032418 0.002133 0.500161 0.006255 1.642856
0.341287 0.061296 0.056405 0.032273 0.002146 0.500313 0.006281 1.648990
0.343858 0.059183 0.056097 0.032044 0.002148 0.500355 0.006314 1.654799
0.346815 0.056863 0.055710 0.031749 0.002154 0.500367 0.006341 1.660482
0.350005 0.054528 0.055216 0.031470 0.002157 0.500253 0.006372 1.665944
0.353341 0.052144 0.054780 0.031141 0.002160 0.500039 0.006396 1.671223
0.356909 0.049949 0.054060 0.030689 0.002153 0.499815 0.006425 1.676165
0.360520 0.047783 0.053317 0.030321 0.002155 0.499453 0.006451 1.680971
0.364230 0.045630 0.052544 0.029826 0.002164 0.499131 0.006476 1.685651
0.368083 0.043513 0.051719 0.029290 0.002154 0.498735 0.006505 1.690088
0.372036 0.041571 0.050771 0.028695 0.002137 0.498260 0.006531 1.694283
0.376028 0.039849 0.049734 0.028022 0.002141 0.497671 0.006556 1.698220
0.380104 0.038125 0.048669 0.027433 0.002135 0.496953 0.006582 1.702084
0.384297 0.036549 0.047566 0.026774 0.002115 0.496087 0.006614 1.705716
0.388578 0.034971 0.046542 0.026110 0.002106 0.495049 0.006645 1.709281
0.392880 0.033501 0.045448 0.025467 0.002097 0.493933 0.006674 1.712609
0.397189 0.032141 0.044377 0.024829 0.002086 0.492677 0.006701 1.715864
0.401623 0.030851 0.043228 0.024131 0.002079 0.491361 0.006728 1.718950
0.405962 0.029687 0.042147 0.023443 0.002083 0.489935 0.006745 1.721891
0.410422 0.028539 0.041009 0.022883 0.002061 0.488312 0.006773 1.724784
0.415001 0.027442 0.039894 0.022184 0.002036 0.486638 0.006805 1.727529
0.419538 0.026394 0.038734 0.021570 0.002020 0.484921 0.006824 1.730169
0.424022 0.025427 0.037602 0.021007 0.001982 0.483107 0.006854 1.732733
0.428605 0.024544 0.036528 0.020338 0.001974 0.481135 0.006877 1.735147
0.433084 0.023711 0.035527 0.019720 0.001954 0.479103 0.006901 1.737501
0.437576 0.022984 0.034536 0.019117 0.001934 0.476931 0.006921 1.739726
0.442166 0.022147 0.033543 0.018551 0.001911 0.474739 0.006944 1.741964
0.446758 0.021348 0.032575 0.017993 0.001881 0.472479 0.006967 1.744091
0.451341 0.020586 0.031679 0.017454 0.001854 0.470094 0.006991 1.746183
0.455938 0.019918 0.030744 0.016949 0.001842 0.467593 0.007016 1.748172
0.460544 0.019262 0.029817 0.016441 0.001816 0.465077 0.007043 1.750112
0.465023 0.018686 0.028858 0.015910 0.001788 0.462663 0.007071 1.751926
0.469655 0.018103 0.027983 0.015425 0.001756 0.459987 0.007092 1.753736
0.474208 0.017561 0.027155 0.015006 0.001720 0.457237 0.007113 1.755523
0.478649 0.017124 0.026321 0.014539 0.001681 0.454550 0.007136 1.757173
0.483128 0.016700 0.025555 0.014068 0.001647 0.451744 0.007157 1.758805
0.487617 0.016247 0.024767 0.013627 0.001611 0.448956 0.007175 1.760415
0.492113 0.015787 0.024011 0.013188 0.001589 0.446124 0.007188 1.761953
0.496706 0.015329 0.023319 0.012786 0.001554 0.443095 0.007212 1.763488
0.501115 0.014961 0.022636 0.012382 0.001519 0.440148 0.007238 1.764965
0.505562 0.014591 0.021992 0.011993 0.001498 0.437107 0.007256 1.766434
0.510001 0.014165 0.021395 0.011663 0.001468 0.434031 0.007276 1.767873
0.514409 0.013873 0.020760 0.011334 0.001444 0.430884 0.007296 1.769210
0.518827 0.013593 0.020178 0.011006 0.001396 0.427682 0.007320 1.770522
0.523099 0.013303 0.019624 0.010666 0.001365 0.424605 0.007338 1.771825
0.527353 0.012986 0.019080 0.010372 0.001339 0.421513 0.007355 1.773093
0.531651 0.012686 0.018583 0.010062 0.001319 0.418329 0.007371 1.774367
0.535967 0.012423 0.018093 0.009737 0.001298 0.415094 0.007389 1.775592
0.540171 0.012192 0.017590 0.009446 0.001266 0.411928 0.007407 1.776796
0.544269 0.011949 0.017129 0.009215 0.001248 0.408766 0.007423 1.777983
0.548431 0.011723 0.016665 0.008952 0.001219 0.405565 0.007446 1.779139
0.552536 0.011464 0.016185 0.008736 0.001202 0.402413 0.007464 1.780296
0.556750 0.011222 0.015773 0.008505 0.001182 0.399089 0.007479 1.781411
0.560731 0.011027 0.015421 0.008311 0.001163 0.395853 0.007494 1.782511
0.564732 0.010801 0.015057 0.008111 0.001140 0.392653 0.007507 1.783612
0.568741 0.010592 0.014664 0.007893 0.001114 0.389471 0.007526 1.784675
0.572721 0.010446 0.014279 0.007695 0.001088 0.386234 0.007538 1.785674
0.576774 0.010297 0.013966 0.007489 0.001068 0.382854 0.007552 1.786678
0.580719 0.010138 0.013611 0.007298 0.001055 0.379614 0.007565 1.787686
0.584649 0.009954 0.013274 0.007119 0.001034 0.376389 0.007582 1.788679
0.588450 0.009851 0.012933 0.006933 0.001001 0.373234 0.007598 1.789607
0.592309 0.009742 0.012630 0.006759 0.000986 0.369965 0.007610 1.790530
0.596160 0.009584 0.012366 0.006591 0.000961 0.366717 0.007621 1.791479
0.599935 0.009416 0.012130 0.006469 0.000948 0.363471 0.007631 1.792429
0.603670 0.009275 0.011876 0.006315 0.000933 0.360292 0.007638 1.793353
0.607351 0.009163 0.011631 0.006214 0.000921 0.357072 0.007649 1.794274
0.611151 0.009008 0.011371 0.006086 0.000896 0.353824 0.007664 1.795169
0.614783 0.008871 0.011145 0.005971 0.000882 0.350670 0.007677 1.796055
0.618326 0.008740 0.010904 0.005868 0.000854 0.347618 0.007691 1.796938
0.621857 0.008664 0.010691 0.005752 0.000847 0.344488 0.007700 1.797772
0.625468 0.008588 0.010494 0.005612 0.000835 0.341297 0.007706 1.798600
0.628959 0.008491 0.010286 0.005521 0.000814 0.338211 0.007717 1.799438
0.632351 0.008423 0.010126 0.005385 0.000802 0.335188 0.007725 1.800261
0.635813 0.008334 0.009932 0.005284 0.000794 0.332111 0.007732 1.801088
0.639202 0.008242 0.009721 0.005184 0.000780 0.329127 0.007743 1.801902
0.642613 0.008150 0.009535 0.005139 0.000764 0.326046 0.007753 1.802705
0.645982 0.008062 0.009359 0.005079 0.000742 0.323008 0.007767 1.803517
0.649280 0.007969 0.009233 0.004998 0.000720 0.320026 0.007775 1.804324
0.652470 0.007918 0.009073 0.004939 0.000710 0.317107 0.007783 1.805092
0.655755 0.007851 0.008932 0.004849 0.000705 0.314119 0.007791 1.805887
0.658916 0.007803 0.008793 0.004780 0.000689 0.311223 0.007796 1.806664
0.662067 0.007686 0.008668 0.004728 0.000679 0.308367 0.007803 1.807452
0.665217 0.007634 0.008542 0.004657 0.000667 0.305471 0.007811 1.808203
0.668367 0.007559 0.008435 0.004618 0.000655 0.302549 0.007817 1.808967
0.671432 0.007501 0.008326 0.004548 0.000637 0.299730 0.007826 1.809715
0.674497 0.007421 0.008243 0.004457 0.000628 0.296921 0.007834 1.810464
0.677473 0.007405 0.008149 0.004396 0.000617 0.294115 0.007845 1.811189
0.680386 0.007385 0.008018 0.004344 0.000605 0.291411 0.007854 1.811918
0.683292 0.007337 0.007911 0.004306 0.000591 0.288704 0.007860 1.812644
0.686216 0.007313 0.007820 0.004269 0.000581 0.285933 0.007869 1.813357
0.689120 0.007260 0.007761 0.004198 0.000571 0.283215 0.007875 1.814084
0.692031 0.007278 0.007639 0.004138 0.000553 0.280478 0.007884 1.814743
0.694882 0.007270 0.007561 0.004084 0.000547 0.277766 0.007890 1.815457
0.697699 0.007214 0.007527 0.004003 0.000540 0.275119 0.007899 1.816169
0.700420 0.007232 0.007464 0.003955 0.000523 0.272497 0.007910 1.816883
0.703154 0.007194 0.007385 0.003933 0.000509 0.269908 0.007916 1.817594
0.705843 0.007184 0.007293 0.003885 0.000509 0.267367 0.007920 1.818278
0.708523 0.007142 0.007241 0.003891 0.000500 0.264776 0.007928 1.819014
0.711118 0.007136 0.007177 0.003874 0.000483 0.262274 0.007938 1.819706
0.713729 0.007078 0.007125 0.003846 0.000477 0.259801 0.007945 1.820423
0.716216 0.007099 0.007041 0.003824 0.000468 0.257402 0.007950 1.821120
0.718675 0.007097 0.006977 0.003811 0.000461 0.255023 0.007957 1.821822
0.721188 0.007077 0.006916 0.003777 0.000455 0.252627 0.007961 1.822525
0.723673 0.007083 0.006843 0.003760 0.000443 0.250228 0.007969 1.823210
0.726167 0.007045 0.006792 0.003769 0.000440 0.247810 0.007977 1.823936
0.728544 0.007056 0.006752 0.003764 0.000431 0.245470 0.007983 1.824621
0.730845 0.007066 0.006733 0.003708 0.000433 0.243225 0.007990 1.825314
0.733235 0.007089 0.006716 0.003696 0.000421 0.240846 0.007996 1.826003
0.735597 0.007094 0.006647 0.003689 0.000413 0.238559 0.008001 1.826701
0.737895 0.007069 0.006646 0.003690 0.000415 0.236280 0.008006 1.827428
0.740217 0.007063 0.006608 0.003694 0.000405 0.234002 0.008012 1.828108
0.742431 0.007010 0.006605 0.003710 0.000404 0.231818 0.008023 1.828843
0.744639 0.007027 0.006559 0.003685 0.000400 0.229662 0.008028 1.829505
0.746770 0.007038 0.006525 0.003656 0.000392 0.227585 0.008034 1.830192
0.748837 0.007035 0.006498 0.003657 0.000383 0.225547 0.008043 1.830893
0.750886 0.007103 0.006458 0.003634 0.000381 0.223490 0.008049 1.831557
0.752939 0.007124 0.006452 0.003614 0.000374 0.221443 0.008054 1.832255
0.755028 0.007160 0.006453 0.003611 0.000363 0.219325 0.008059 1.832951
0.757088 0.007176 0.006456 0.003597 0.000354 0.217263 0.008066 1.833629
0.759109 0.007170 0.006448 0.003629 0.000347 0.215226 0.008071 1.834345
0.761119 0.007201 0.006412 0.003590 0.000344 0.213258 0.008075 1.835030
0.763068 0.007191 0.006388 0.003579 0.000342 0.211351 0.008082 1.835751
0.764899 0.007219 0.006376 0.003546 0.000342 0.209535 0.008084 1.836435
0.766831 0.007238 0.006382 0.003520 0.000342 0.207598 0.008088 1.837143
0.768648 0.007277 0.006403 0.003501 0.000337 0.205740 0.008093 1.837854
0.770531 0.007314 0.006413 0.003470 0.000336 0.203839 0.008099 1.838548
0.772279 0.007346 0.006431 0.003505 0.000332 0.202005 0.008103 1.839304
0.773998 0.007387 0.006439 0.003505 0.000328 0.200238 0.008105 1.840044
0.775771 0.007380 0.006464 0.003533 0.000326 0.198417 0.008110 1.840788
0.777497 0.007456 0.006435 0.003529 0.000316 0.196653 0.008115 1.841479
0.779201 0.007510 0.006462 0.003529 0.000309 0.194869 0.008119 1.842180
0.780894 0.007566 0.006478 0.003527 0.000306 0.193105 0.008125 1.842911
0.782587 0.007552 0.006502 0.003537 0.000303 0.191391 0.008127 1.843685
0.784223 0.007591 0.006537 0.003532 0.000301 0.189687 0.008131 1.844443
0.785853 0.007599 0.006553 0.003520 0.000295 0.188044 0.008136 1.845203
0.787446 0.007640 0.006585 0.003521 0.000295 0.186373 0.008140 1.845941
0.788945 0.007642 0.006624 0.003552 0.000295 0.184800 0.008143 1.846728
0.790438 0.007691 0.006649 0.003564 0.000296 0.183216 0.008147 1.847482
0.791857 0.007736 0.006675 0.003557 0.000290 0.181736 0.008150 1.848251
0.793322 0.007775 0.006659 0.003556 0.000287 0.180246 0.008155 1.848992
0.794782 0.007839 0.006680 0.003571 0.000285 0.178682 0.008160 1.849751
0.796270 0.007834 0.006688 0.003605 0.000286 0.177153 0.008164 1.850559
0.797698 0.007890 0.006704 0.003640 0.000289 0.175612 0.008168 1.851341
0.798985 0.007954 0.006726 0.003629 0.000287 0.174249 0.008170 1.852124
0.800301 0.007998 0.006736 0.003644 0.000285 0.172863 0.008173 1.852916
0.801592 0.008087 0.006767 0.003657 0.000283 0.171439 0.008176 1.853701
0.802874 0.008153 0.006776 0.003662 0.000284 0.170073 0.008179 1.854490
0.804112 0.008233 0.006830 0.003640 0.000284 0.168718 0.008183 1.855282
0.805352 0.008229 0.006895 0.003682 0.000284 0.167371 0.008187 1.856131
0.806493 0.008313 0.006964 0.003697 0.000283 0.166060 0.008190 1.856945
0.807626 0.008414 0.006997 0.003713 0.000277 0.164780 0.008193 1.857743
0.808774 0.008489 0.007016 0.003733 0.000274 0.163517 0.008197 1.858572
0.809921 0.008542 0.007068 0.003744 0.000276 0.162249 0.008200 1.859423
0.811006 0.008629 0.007112 0.003766 0.000273 0.161011 0.008204 1.860255
0.812088 0.008652 0.007186 0.003810 0.000268 0.159793 0.008205 1.861135
0.813131 0.008772 0.007192 0.003841 0.000269 0.158585 0.008210 1.861990
0.814158 0.008833 0.007257 0.003882 0.000276 0.157382 0.008212 1.862879
0.815176 0.008876 0.007298 0.003902 0.000273 0.156261 0.008214 1.863772
0.816150 0.008948 0.007316 0.003917 0.000271 0.155180 0.008219 1.864615
0.817098 0.009014 0.007369 0.003974 0.000267 0.154056 0.008222 1.865518
0.817974 0.009176 0.007406 0.003960 0.000269 0.152989 0.008227 1.866361
0.818858 0.009209 0.007483 0.004013 0.000271 0.151937 0.008230 1.867295
0.819800 0.009270 0.007541 0.004052 0.000275 0.150830 0.008233 1.868206
0.820642 0.009382 0.007565 0.004086 0.000273 0.149816 0.008236 1.869114
0.821498 0.009481 0.007632 0.004119 0.000274 0.148760 0.008237 1.870023
0.822344 0.009481 0.007679 0.004150 0.000273 0.147833 0.008240 1.870990
0.823258 0.009544 0.007712 0.004191 0.000274 0.146778 0.008244 1.871927
0.824007 0.009673 0.007784 0.004234 0.000278 0.145777 0.008247 1.872874
0.824800 0.009796 0.007827 0.004219 0.000278 0.144828 0.008251 1.873775
0.825514 0.009883 0.007877 0.004230 0.000280 0.143960 0.008256 1.874747
0.826258 0.009947 0.007989 0.004277 0.000277 0.142994 0.008259 1.875759
0.826971 0.010051 0.008041 0.004335 0.000269 0.142068 0.008264 1.876745
0.827652 0.010119 0.008123 0.004363 0.000268 0.141206 0.008268 1.877745
0.828332 0.010214 0.008171 0.004393 0.000271 0.140349 0.008270 1.878736
0.828982 0.010318 0.008249 0.004387 0.000278 0.139515 0.008270 1.879726
0.829567 0.010434 0.008345 0.004419 0.000281 0.138685 0.008271 1.880741
0.830160 0.010506 0.008410 0.004476 0.000281 0.137894 0.008273 1.881765
0.830750 0.010580 0.008476 0.004511 0.000277 0.137127 0.008280 1.882796
0.831299 0.010689 0.008525 0.004536 0.000274 0.136391 0.008287 1.883820
0.831806 0.010779 0.008616 0.004597 0.000276 0.135638 0.008290 1.884884
0.832353 0.010830 0.008701 0.004666 0.000278 0.134881 0.008291 1.885970
0.832829 0.010974 0.008783 0.004716 0.000287 0.134118 0.008292 1.887037
0.833339 0.011062 0.008868 0.004740 0.000290 0.133404 0.008297 1.888121
0.833827 0.011195 0.008904 0.004780 0.000290 0.132706 0.008299 1.889185
0.834263 0.011335 0.008951 0.004819 0.000291 0.132038 0.008302 1.890255
0.834626 0.011490 0.009021 0.004865 0.000293 0.131400 0.008306 1.891375
0.835030 0.011565 0.009097 0.004918 0.000292 0.130787 0.008311 1.892515
0.835414 0.011681 0.009205 0.004966 0.000296 0.130126 0.008313 1.893660
0.835743 0.011818 0.009264 0.005025 0.000293 0.129538 0.008319 1.894796
0.836077 0.011939 0.009324 0.005069 0.000301 0.128969 0.008321 1.895938
0.836387 0.012084 0.009418 0.005076 0.000303 0.128410 0.008323 1.897081
0.836629 0.012232 0.009519 0.005115 0.000306 0.127871 0.008328 1.898249
0.836939 0.012306 0.009627 0.005136 0.000309 0.127350 0.008333 1.899439
0.837224 0.012378 0.009748 0.005219 0.000310 0.126784 0.008338 1.900671
0.837438 0.012493 0.009841 0.005265 0.000310 0.126307 0.008345 1.901900
0.837669 0.012564 0.009953 0.005304 0.000309 0.125850 0.008351 1.903151
0.837849 0.012636 0.010104 0.005343 0.000314 0.125400 0.008354 1.904407
0.838126 0.012701 0.010178 0.005378 0.000325 0.124937 0.008356 1.905642
0.838375 0.012777 0.010243 0.005469 0.000326 0.124453 0.008358 1.906902
0.838612 0.012834 0.010319 0.005505 0.000328 0.124043 0.008360 1.908180
0.838786 0.012963 0.010415 0.005551 0.000322 0.123596 0.008368 1.909427
0.838876 0.013104 0.010528 0.005599 0.000322 0.123195 0.008376 1.910703
0.839009 0.013203 0.010640 0.005666 0.000329 0.122776 0.008377 1.912019
0.839154 0.013317 0.010745 0.005712 0.000327 0.122365 0.008381 1.913313
0.839228 0.013469 0.010883 0.005753 0.000329 0.121954 0.008385 1.914612
0.839369 0.013526 0.011004 0.005810 0.000341 0.121562 0.008388 1.915986
0.839458 0.013636 0.011092 0.005821 0.000339 0.121260 0.008393 1.917323
0.839534 0.013695 0.011204 0.005883 0.000347 0.120940 0.008398 1.918708
0.839526 0.013846 0.011307 0.005944 0.000345 0.120626 0.008406 1.920076
0.839501 0.013984 0.011334 0.005992 0.000351 0.120428 0.008410 1.921450
0.839459 0.014130 0.011428 0.006070 0.000361 0.120140 0.008413 1.922843
0.839494 0.014261 0.011529 0.006122 0.000360 0.119814 0.008420 1.924215
0.839428 0.014370 0.011624 0.006188 0.000362 0.119604 0.008424 1.925656
0.839374 0.014512 0.011722 0.006210 0.000362 0.119391 0.008429 1.927060
0.839332 0.014659 0.011813 0.006252 0.000363 0.119150 0.008432 1.928444
0.839194 0.014785 0.011931 0.006279 0.000364 0.119012 0.008436 1.929898
0.839106 0.014958 0.011983 0.006316 0.000372 0.118827 0.008439 1.931306
0.838965 0.015080 0.012082 0.006362 0.000376 0.118692 0.008443 1.932762
0.838823 0.015199 0.012168 0.006417 0.000384 0.118566 0.008445 1.934247
0.838688 0.015320 0.012292 0.006458 0.000392 0.118400 0.008452 1.935761
0.838568 0.015422 0.012404 0.006547 0.000394 0.118208 0.008458 1.937295
0.838387 0.015583 0.012481 0.006590 0.000395 0.118100 0.008465 1.938803
0.838221 0.015708 0.012569 0.006692 0.000399 0.117943 0.008468 1.940345
0.838046 0.015850 0.012669 0.006752 0.000399 0.117810 0.008474 1.941884
0.837867 0.015936 0.012781 0.006837 0.000399 0.117701 0.008479 1.943442
0.837633 0.016048 0.012886 0.006867 0.000410 0.117675 0.008483 1.945013
0.837424 0.016125 0.013019 0.006920 0.000406 0.117618 0.008489 1.946625
0.837209 0.016223 0.013102 0.006991 0.000411 0.117568 0.008494 1.948200
0.837029 0.016302 0.013201 0.007065 0.000415 0.117492 0.008498 1.949779
0.836815 0.016435 0.013291 0.007073 0.000422 0.117460 0.008504 1.951369
0.836526 0.016527 0.013384 0.007153 0.000427 0.117474 0.008509 1.952996
0.836304 0.016598 0.013487 0.007197 0.000427 0.117474 0.008513 1.954610
0.836047 0.016705 0.013575 0.007255 0.000430 0.117470 0.008517 1.956238
0.835770 0.016797 0.013644 0.007298 0.000438 0.117531 0.008523 1.957881
0.835507 0.016907 0.013776 0.007360 0.000442 0.117481 0.008527 1.959539
0.835251 0.017039 0.013847 0.007431 0.000447 0.117454 0.008531 1.961201
0.834989 0.017097 0.013928 0.007484 0.000453 0.117513 0.008536 1.962865
0.834643 0.017187 0.013956 0.007553 0.000460 0.117660 0.008540 1.964553
0.834307 0.017294 0.014080 0.007591 0.000463 0.117723 0.008544 1.966261
0.833906 0.017436 0.014169 0.007644 0.000469 0.117825 0.008551 1.967967
0.833517 0.017547 0.014276 0.007679 0.000472 0.117948 0.008560 1.969698
0.833120 0.017669 0.014324 0.007751 0.000470 0.118100 0.008566 1.971426
0.832771 0.017735 0.014450 0.007763 0.000473 0.118238 0.008571 1.973181
0.832400 0.017815 0.014591 0.007825 0.000479 0.118315 0.008576 1.974954
0.831981 0.017999 0.014681 0.007883 0.000483 0.118392 0.008581 1.976676
0.831676 0.018047 0.014736 0.007930 0.000480 0.118543 0.008588 1.978441
0.831273 0.018149 0.014838 0.007992 0.000478 0.118673 0.008596 1.980216
0.830909 0.018246 0.014912 0.008099 0.000479 0.118753 0.008602 1.982022
0.830585 0.018298 0.014974 0.008119 0.000475 0.118937 0.008612 1.983769
0.830147 0.018387 0.015065 0.008172 0.000478 0.119133 0.008619 1.985566
0.829730 0.018446 0.015160 0.008220 0.000477 0.119344 0.008625 1.987417
0.829326 0.018535 0.015281 0.008294 0.000474 0.119455 0.008634 1.989258
0.828930 0.018585 0.015370 0.008321 0.000479 0.119676 0.008639 1.991095
0.828521 0.018636 0.015467 0.008351 0.000485 0.119897 0.008644 1.992941
0.828113 0.018735 0.015539 0.008388 0.000492 0.120083 0.008650 1.994756
0.827665 0.018843 0.015614 0.008409 0.000499 0.120317 0.008654 1.996575
0.827218 0.018935 0.015667 0.008431 0.000512 0.120578 0.008659 1.998444
0.826746 0.019053 0.015733 0.008485 0.000510 0.120806 0.008665 2.000297
0.826285 0.019137 0.015814 0.008543 0.000512 0.121037 0.008672 2.002170
0.825901 0.019221 0.015864 0.008607 0.000508 0.121224 0.008676 2.004019
0.825436 0.019294 0.015938 0.008641 0.000509 0.121497 0.008685 2.005924
0.824992 0.019426 0.016005 0.008638 0.000518 0.121729 0.008692 2.007756
0.824497 0.019535 0.016029 0.008650 0.000517 0.122072 0.008700 2.009624
0.824090 0.019662 0.016098 0.008683 0.000524 0.122239 0.008705 2.011491
0.823642 0.019665 0.016173 0.008743 0.000528 0.122538 0.008712 2.013450
0.823264 0.019658 0.016243 0.008753 0.000532 0.122833 0.008717 2.015381
0.822855 0.019603 0.016382 0.008814 0.000533 0.123090 0.008723 2.017375
0.822469 0.019665 0.016452 0.008842 0.000537 0.123305 0.008730 2.019238
0.822097 0.019642 0.016555 0.008903 0.000548 0.123516 0.008738 2.021205
0.821692 0.019688 0.016596 0.008965 0.000549 0.123764 0.008746 2.023125
0.821274 0.019760 0.016632 0.008981 0.000554 0.124047 0.008751 2.025024
0.820845 0.019864 0.016678 0.009044 0.000562 0.124254 0.008753 2.026952
0.820373 0.019975 0.016755 0.009057 0.000560 0.124519 0.008762 2.028885
0.819912 0.019981 0.016904 0.009142 0.000564 0.124731 0.008767 2.030903
0.819507 0.019989 0.016987 0.009165 0.000575 0.125008 0.008770 2.032866
0.819131 0.020020 0.017016 0.009167 0.000577 0.125311 0.008778 2.034819
0.818732 0.020059 0.017069 0.009201 0.000583 0.125574 0.008781 2.036765
0.818261 0.020103 0.017151 0.009219 0.000588 0.125891 0.008786 2.038726
0.817763 0.020206 0.017199 0.009226 0.000577 0.126234 0.008795 2.040682
0.817316 0.020217 0.017225 0.009257 0.000584 0.126601 0.008801 2.042687
0.816881 0.020268 0.017264 0.009290 0.000583 0.126906 0.008808 2.044687
0.816451 0.020259 0.017298 0.009328 0.000585 0.127263 0.008814 2.046702
0.816034 0.020309 0.017354 0.009335 0.000578 0.127567 0.008822 2.048689
0.815665 0.020318 0.017305 0.009371 0.000576 0.127933 0.008833 2.050652
0.815254 0.020317 0.017407 0.009417 0.000576 0.128189 0.008841 2.052677
0.814862 0.020323 0.017487 0.009450 0.000568 0.128460 0.008850 2.054708
0.814396 0.020282 0.017570 0.009529 0.000572 0.128792 0.008859 2.056757
0.814104 0.020252 0.017579 0.009556 0.000572 0.129071 0.008866 2.058726
0.813670 0.020282 0.017618 0.009554 0.000581 0.129422 0.008873 2.060747
0.813277 0.020363 0.017640 0.009566 0.000588 0.129687 0.008879 2.062725
0.812865 0.020348 0.017631 0.009571 0.000586 0.130115 0.008885 2.064732
0.812484 0.020326 0.017685 0.009582 0.000586 0.130438 0.008896 2.066753
0.812100 0.020325 0.017729 0.009600 0.000591 0.130747 0.008908 2.068729
0.811690 0.020388 0.017746 0.009640 0.000597 0.131026 0.008914 2.070730
0.811444 0.020337 0.017721 0.009633 0.000604 0.131341 0.008922 2.072720
0.811087 0.020297 0.017737 0.009654 0.000608 0.131689 0.008929 2.074707
0.810797 0.020314 0.017773 0.009611 0.000617 0.131953 0.008935 2.076678
0.810490 0.020316 0.017777 0.009588 0.000615 0.132273 0.008941 2.078676
0.810168 0.020301 0.017781 0.009596 0.000619 0.132589 0.008947 2.080679
0.809810 0.020297 0.017860 0.009569 0.000625 0.132883 0.008957 2.082708
0.809468 0.020281 0.017866 0.009573 0.000620 0.133224 0.008969 2.084703
0.809184 0.020226 0.017986 0.009577 0.000623 0.133428 0.008977 2.086748
0.808829 0.020241 0.017948 0.009564 0.000622 0.133806 0.008989 2.088713
0.808530 0.020142 0.017965 0.009585 0.000619 0.134161 0.008998 2.090750
0.808286 0.020078 0.018001 0.009603 0.000614 0.134411 0.009009 2.092770
0.808051 0.020088 0.018000 0.009568 0.000618 0.134656 0.009020 2.094736
0.807706 0.020077 0.018031 0.009564 0.000617 0.134979 0.009028 2.096739
0.807408 0.020090 0.017999 0.009596 0.000616 0.135255 0.009036 2.098706
0.807195 0.020080 0.017992 0.009563 0.000608 0.135517 0.009046 2.100651
0.807034 0.020058 0.017907 0.009546 0.000612 0.135791 0.009053 2.102552
0.806725 0.020064 0.017919 0.009562 0.000616 0.136053 0.009062 2.104516
0.806454 0.020069 0.017940 0.009564 0.000613 0.136289 0.009072 2.106488
0.806278 0.020014 0.017923 0.009569 0.000619 0.136519 0.009078 2.108473
0.806012 0.019968 0.017980 0.009583 0.000623 0.136746 0.009088 2.110495
0.805798 0.019943 0.017946 0.009590 0.000619 0.137005 0.009099 2.112446
0.805626 0.019910 0.017943 0.009552 0.000622 0.137241 0.009107 2.114390
0.805439 0.019890 0.017927 0.009550 0.000620 0.137461 0.009113 2.116356
0.805244 0.019861 0.017888 0.009574 0.000622 0.137690 0.009121 2.118311
0.804987 0.019938 0.017875 0.009522 0.000623 0.137924 0.009131 2.120220
0.804841 0.019913 0.017865 0.009511 0.000628 0.138102 0.009140 2.122166
0.804702 0.019807 0.017874 0.009483 0.000630 0.138359 0.009146 2.124151
0.804570 0.019805 0.017827 0.009508 0.000634 0.138504 0.009150 2.126061
0.804435 0.019786 0.017821 0.009494 0.000633 0.138673 0.009157 2.127994
0.804193 0.019860 0.017783 0.009494 0.000626 0.138879 0.009165 2.129880
0.803960 0.019827 0.017838 0.009458 0.000629 0.139119 0.009169 2.131858
0.803796 0.019855 0.017827 0.009418 0.000628 0.139296 0.009180 2.133748
0.803590 0.019816 0.017820 0.009419 0.000629 0.139538 0.009189 2.135711
0.803451 0.019722 0.017854 0.009385 0.000632 0.139760 0.009197 2.137658
0.803259 0.019709 0.017870 0.009364 0.000637 0.139958 0.009203 2.139587
0.803058 0.019577 0.017880 0.009441 0.000631 0.140204 0.009210 2.141583
0.802903 0.019488 0.017897 0.009434 0.000631 0.140433 0.009215 2.143556
0.802721 0.019489 0.017844 0.009425 0.000627 0.140673 0.009221 2.145463
0.802543 0.019486 0.017760 0.009419 0.000636 0.140928 0.009230 2.147353
0.802538 0.019432 0.017743 0.009409 0.000641 0.141001 0.009236 2.149228
0.802395 0.019396 0.017694 0.009402 0.000638 0.141231 0.009246 2.151162
0.802300 0.019330 0.017676 0.009415 0.000643 0.141385 0.009252 2.153079
0.802244 0.019273 0.017623 0.009392 0.000642 0.141566 0.009260 2.154947
0.802179 0.019201 0.017601 0.009341 0.000642 0.141765 0.009269 2.156855
0.802127 0.019194 0.017568 0.009317 0.000645 0.141877 0.009272 2.158707
0.802024 0.019113 0.017582 0.009293 0.000642 0.142066 0.009281 2.160631
0.801954 0.019044 0.017571 0.009252 0.000648 0.142241 0.009292 2.162519
0.801961 0.018967 0.017502 0.009194 0.000646 0.142428 0.009301 2.164395
0.801946 0.018905 0.017463 0.009173 0.000655 0.142552 0.009306 2.166230
0.801959 0.018849 0.017477 0.009156 0.000653 0.142592 0.009315 2.168094
0.801973 0.018836 0.017396 0.009116 0.000650 0.142705 0.009324 2.169891
0.801866 0.018878 0.017319 0.009119 0.000654 0.142833 0.009332 2.171722
0.801870 0.018802 0.017321 0.009104 0.000652 0.142914 0.009337 2.173587
0.801840 0.018784 0.017274 0.009101 0.000646 0.143006 0.009350 2.175427
0.801806 0.018818 0.017198 0.009054 0.000643 0.143123 0.009358 2.177219
0.801794 0.018771 0.017203 0.009021 0.000642 0.143204 0.009366 2.179063
0.801801 0.018664 0.017156 0.009064 0.000644 0.143300 0.009372 2.180941
0.801818 0.018594 0.017127 0.009019 0.000650 0.143413 0.009379 2.182783
0.801816 0.018584 0.017056 0.008988 0.000650 0.143521 0.009384 2.184606
0.801844 0.018517 0.016990 0.008986 0.000645 0.143626 0.009393 2.186398
0.801880 0.018501 0.016966 0.008976 0.000642 0.143631 0.009405 2.188180
0.801985 0.018381 0.016907 0.008980 0.000639 0.143695 0.009414 2.190013
0.802060 0.018296 0.016858 0.008957 0.000642 0.143766 0.009423 2.191818
0.802121 0.018230 0.016833 0.008945 0.000643 0.143797 0.009431 2.193631
0.802146 0.018144 0.016825 0.008944 0.000633 0.143869 0.009440 2.195448
0.802205 0.018056 0.016786 0.008927 0.000621 0.143956 0.009450 2.197250
0.802338 0.018036 0.016686 0.008873 0.000622 0.143986 0.009458 2.198959
0.802380 0.017992 0.016687 0.008862 0.000621 0.143991 0.009467 2.200750
0.802496 0.017936 0.016711 0.008849 0.000623 0.143912 0.009473 2.202536
0.802646 0.017911 0.016618 0.008791 0.000624 0.143929 0.009481 2.204261
0.802741 0.017901 0.016560 0.008784 0.000614 0.143913 0.009489 2.206025
0.802779 0.017909 0.016479 0.008777 0.000613 0.143944 0.009498 2.207757
0.802856 0.017927 0.016415 0.008775 0.000618 0.143906 0.009503 2.209504
0.802963 0.017877 0.016374 0.008722 0.000621 0.143934 0.009509 2.211247
0.803095 0.017860 0.016280 0.008704 0.000618 0.143925 0.009519 2.212974
0.803183 0.017780 0.016306 0.008692 0.000618 0.143896 0.009526 2.214773
0.803344 0.017753 0.016249 0.008647 0.000625 0.143850 0.009532 2.216494
0.803386 0.017655 0.016285 0.008682 0.000619 0.143834 0.009540 2.218314
0.803478 0.017614 0.016292 0.008637 0.000610 0.143818 0.009550 2.220052
0.803602 0.017542 0.016274 0.008622 0.000616 0.143785 0.009558 2.221808
0.803690 0.017550 0.016201 0.008632 0.000618 0.143744 0.009565 2.223508
0.803766 0.017565 0.016183 0.008627 0.000615 0.143670 0.009574 2.225242
0.803829 0.017627 0.016123 0.008589 0.000615 0.143635 0.009582 2.226903
0.803958 0.017483 0.016132 0.008602 0.000613 0.143623 0.009590 2.228726
0.804084 0.017426 0.016059 0.008576 0.000612 0.143644 0.009598 2.230429
0.804192 0.017383 0.016061 0.008596 0.000611 0.143551 0.009605 2.232172
0.804341 0.017326 0.016041 0.008583 0.000608 0.143488 0.009614 2.233891
0.804481 0.017351 0.015991 0.008541 0.000607 0.143405 0.009623 2.235566
0.804573 0.017342 0.015932 0.008513 0.000602 0.143405 0.009633 2.237253
0.804725 0.017357 0.015905 0.008468 0.000600 0.143301 0.009643 2.238935
0.804806 0.017377 0.015864 0.008436 0.000598 0.143266 0.009653 2.240619
0.804900 0.017395 0.015813 0.008443 0.000605 0.143185 0.009659 2.242317
0.805101 0.017387 0.015744 0.008413 0.000605 0.143086 0.009666 2.243996
0.805171 0.017353 0.015740 0.008440 0.000604 0.143020 0.009672 2.245721
0.805308 0.017376 0.015709 0.008447 0.000602 0.142879 0.009679 2.247383
0.805427 0.017329 0.015726 0.008436 0.000596 0.142798 0.009687 2.249088
0.805545 0.017276 0.015714 0.008454 0.000593 0.142721 0.009696 2.250788
0.805642 0.017296 0.015639 0.008439 0.000585 0.142695 0.009703 2.252467
0.805810 0.017233 0.015597 0.008410 0.000596 0.142646 0.009708 2.254135
0.805997 0.017131 0.015586 0.008434 0.000590 0.142545 0.009717 2.255845
0.806089 0.017112 0.015612 0.008426 0.000590 0.142448 0.009724 2.257537
0.806208 0.017114 0.015558 0.008392 0.000589 0.142409 0.009730 2.259199
0.806417 0.017039 0.015522 0.008379 0.000590 0.142315 0.009737 2.260856
0.806513 0.017043 0.015521 0.008364 0.000589 0.142218 0.009751 2.262533
0.806670 0.016992 0.015523 0.008338 0.000598 0.142123 0.009757 2.264224
0.806756 0.017007 0.015480 0.008337 0.000597 0.142059 0.009765 2.265888
0.806926 0.016915 0.015483 0.008316 0.000593 0.141997 0.009770 2.267593
0.807035 0.016919 0.015457 0.008271 0.000589 0.141954 0.009775 2.269242
0.807155 0.016866 0.015478 0.008238 0.000586 0.141896 0.009780 2.270909
0.807349 0.016815 0.015450 0.008227 0.000588 0.141780 0.009789 2.272582
0.807498 0.016805 0.015466 0.008234 0.000585 0.141616 0.009795 2.274258
0.807554 0.016815 0.015464 0.008209 0.000583 0.141570 0.009805 2.275914
0.807709 0.016787 0.015423 0.008196 0.000578 0.141491 0.009814 2.277543
0.807875 0.016742 0.015410 0.008238 0.000576 0.141338 0.009820 2.279197
0.807984 0.016790 0.015383 0.008181 0.000574 0.141264 0.009824 2.280826
0.808101 0.016840 0.015346 0.008136 0.000573 0.141173 0.009833 2.282445
0.808159 0.016831 0.015313 0.008180 0.000570 0.141106 0.009841 2.284124
0.808274 0.016844 0.015257 0.008176 0.000581 0.141022 0.009846 2.285768
0.808303 0.016897 0.015250 0.008170 0.000573 0.140951 0.009856 2.287428
0.808361 0.016945 0.015205 0.008193 0.000572 0.140861 0.009863 2.289102
0.808516 0.016913 0.015219 0.008203 0.000576 0.140703 0.009869 2.290774
0.808661 0.016893 0.015270 0.008141 0.000576 0.140578 0.009879 2.292431
0.808743 0.016843 0.015278 0.008127 0.000571 0.140549 0.009889 2.294128
0.808871 0.016850 0.015227 0.008124 0.000570 0.140463 0.009895 2.295768
0.808959 0.016816 0.015267 0.008120 0.000577 0.140358 0.009902 2.297462
0.809080 0.016821 0.015201 0.008113 0.000575 0.140301 0.009910 2.299096
0.809216 0.016850 0.015183 0.008108 0.000577 0.140150 0.009916 2.300714
0.809317 0.016803 0.015202 0.008127 0.000571 0.140056 0.009924 2.302373
0.809450 0.016823 0.015175 0.008114 0.000566 0.139940 0.009932 2.304012
0.809585 0.016812 0.015158 0.008095 0.000570 0.139841 0.009938 2.305651
0.809719 0.016800 0.015081 0.008085 0.000566 0.139800 0.009950 2.307271
0.809881 0.016691 0.015110 0.008055 0.000566 0.139741 0.009957 2.308933
0.810069 0.016651 0.015102 0.008058 0.000566 0.139591 0.009964 2.310580
0.810230 0.016596 0.015079 0.008058 0.000565 0.139501 0.009970 2.312208
0.810267 0.016604 0.015034 0.008060 0.000558 0.139500 0.009978 2.313826
0.810433 0.016647 0.014971 0.008009 0.000547 0.139409 0.009985 2.315386
0.810597 0.016631 0.014963 0.007946 0.000549 0.139323 0.009991 2.316997
0.810784 0.016566 0.014987 0.007914 0.000548 0.139203 0.009998 2.318649
0.810904 0.016490 0.014983 0.007894 0.000547 0.139177 0.010005 2.320306
0.811053 0.016462 0.014958 0.007879 0.000543 0.139094 0.010011 2.321914
0.811170 0.016434 0.014955 0.007882 0.000547 0.138994 0.010017 2.323525
0.811286 0.016430 0.014903 0.007929 0.000548 0.138880 0.010024 2.325137
0.811479 0.016425 0.014872 0.007907 0.000554 0.138733 0.010030 2.326735
0.811594 0.016444 0.014817 0.007917 0.000545 0.138646 0.010039 2.328308
0.811734 0.016426 0.014796 0.007916 0.000547 0.138533 0.010048 2.329939
0.811883 0.016443 0.014755 0.007932 0.000538 0.138396 0.010053 2.331521
0.811985 0.016429 0.014733 0.007969 0.000545 0.138281 0.010058 2.333130
0.812120 0.016437 0.014690 0.007975 0.000543 0.138171 0.010064 2.334723
0.812297 0.016375 0.014695 0.007986 0.000548 0.138034 0.010066 2.336375
0.812407 0.016331 0.014730 0.008018 0.000542 0.137898 0.010074 2.338012
0.812564 0.016318 0.014691 0.008009 0.000543 0.137791 0.010084 2.339606
0.812707 0.016285 0.014660 0.007990 0.000541 0.137730 0.010088 2.341194
0.812922 0.016237 0.014656 0.007982 0.000539 0.137570 0.010095 2.342794
0.813088 0.016217 0.014693 0.007968 0.000531 0.137399 0.010105 2.344394
0.813221 0.016195 0.014673 0.007970 0.000538 0.137293 0.010110 2.346000
0.813422 0.016155 0.014651 0.007963 0.000539 0.137151 0.010119 2.347578
0.813585 0.016149 0.014565 0.007961 0.000541 0.137072 0.010126 2.349156
0.813645 0.016135 0.014595 0.007921 0.000544 0.137026 0.010134 2.350749
0.813793 0.016131 0.014547 0.007878 0.000538 0.136972 0.010140 2.352321
0.813954 0.016168 0.014461 0.007879 0.000538 0.136855 0.010145 2.353854
0.814052 0.016239 0.014438 0.007891 0.000535 0.136693 0.010151 2.355388
0.814187 0.016207 0.014458 0.007887 0.000536 0.136570 0.010156 2.356987
0.814353 0.016156 0.014487 0.007906 0.000543 0.136394 0.010160 2.358609
0.814476 0.016152 0.014472 0.007876 0.000547 0.136309 0.010167 2.360187
0.814630 0.016139 0.014485 0.007892 0.000545 0.136131 0.010176 2.361772
0.814733 0.016087 0.014589 0.007876 0.000551 0.135981 0.010183 2.363408
0.814883 0.016070 0.014602 0.007839 0.000546 0.135864 0.010197 2.364973
0.815023 0.016104 0.014548 0.007824 0.000550 0.135746 0.010205 2.366509
0.815078 0.016163 0.014532 0.007772 0.000552 0.135692 0.010212 2.368069
0.815192 0.016186 0.014544 0.007769 0.000540 0.135549 0.010219 2.369649
0.815313 0.016198 0.014562 0.007766 0.000544 0.135391 0.010226 2.371225
0.815445 0.016208 0.014535 0.007732 0.000543 0.135305 0.010233 2.372772
0.815536 0.016230 0.014540 0.007699 0.000536 0.135220 0.010240 2.374350
0.815643 0.016281 0.014521 0.007677 0.000537 0.135093 0.010247 2.375912
0.815696 0.016234 0.014549 0.007682 0.000530 0.135054 0.010254 2.377540
0.815793 0.016269 0.014572 0.007686 0.000536 0.134883 0.010261 2.379113
0.815843 0.016317 0.014551 0.007696 0.000527 0.134798 0.010268 2.380696
0.815949 0.016364 0.014513 0.007689 0.000535 0.134676 0.010274 2.382268
0.816061 0.016307 0.014506 0.007747 0.000529 0.134570 0.010279 2.383923
0.816137 0.016310 0.014542 0.007750 0.000528 0.134446 0.010288 2.385539
0.816221 0.016340 0.014492 0.007778 0.000526 0.134350 0.010292 2.387131
0.816335 0.016318 0.014533 0.007771 0.000528 0.134216 0.010299 2.388775
0.816351 0.016336 0.014530 0.007772 0.000530 0.134178 0.010303 2.390372
0.816393 0.016341 0.014545 0.007784 0.000521 0.134106 0.010311 2.391968
0.816466 0.016360 0.014495 0.007749 0.000522 0.134086 0.010320 2.393545
0.816597 0.016311 0.014500 0.007765 0.000517 0.133982 0.010329 2.395160
0.816689 0.016244 0.014515 0.007772 0.000522 0.133921 0.010337 2.396810
0.816753 0.016289 0.014521 0.007767 0.000517 0.133805 0.010347 2.398398
0.816881 0.016217 0.014554 0.007756 0.000516 0.133724 0.010352 2.400004
0.816922 0.016306 0.014526 0.007752 0.000513 0.133626 0.010357 2.401575
0.816986 0.016320 0.014492 0.007744 0.000515 0.133579 0.010364 2.403162
0.817027 0.016316 0.014534 0.007775 0.000510 0.133465 0.010372 2.404813
0.816987 0.016411 0.014452 0.007786 0.000511 0.133478 0.010375 2.406385
0.817007 0.016398 0.014438 0.007804 0.000514 0.133457 0.010382 2.408016
0.817052 0.016384 0.014472 0.007759 0.000520 0.133429 0.010386 2.409661
0.817086 0.016467 0.014455 0.007748 0.000511 0.133338 0.010395 2.411209
0.817099 0.016492 0.014470 0.007752 0.000504 0.133282 0.010401 2.412807
0.817163 0.016521 0.014465 0.007773 0.000507 0.133163 0.010409 2.414405
0.817176 0.016483 0.014503 0.007771 0.000504 0.133147 0.010417 2.416068
0.817175 0.016488 0.014540 0.007800 0.000505 0.133069 0.010423 2.417710
0.817272 0.016517 0.014559 0.007779 0.000512 0.132933 0.010429 2.419316
0.817286 0.016505 0.014585 0.007802 0.000515 0.132872 0.010434 2.420939
0.817230 0.016550 0.014638 0.007795 0.000513 0.132832 0.010442 2.422563
0.817292 0.016541 0.014663 0.007794 0.000514 0.132749 0.010448 2.424194
0.817372 0.016546 0.014683 0.007818 0.000517 0.132611 0.010454 2.425825
0.817427 0.016533 0.014657 0.007808 0.000518 0.132597 0.010459 2.427423
0.817478 0.016525 0.014636 0.007837 0.000518 0.132540 0.010465 2.429058
0.817529 0.016496 0.014679 0.007814 0.000524 0.132488 0.010471 2.430701
0.817600 0.016471 0.014651 0.007838 0.000530 0.132430 0.010480 2.432320
0.817583 0.016466 0.014707 0.007810 0.000535 0.132412 0.010488 2.433950
0.817576 0.016486 0.014701 0.007802 0.000530 0.132410 0.010495 2.435550
0.817643 0.016453 0.014697 0.007826 0.000535 0.132345 0.010501 2.437216
0.817704 0.016447 0.014723 0.007799 0.000534 0.132284 0.010509 2.438802
0.817715 0.016533 0.014716 0.007784 0.000534 0.132203 0.010515 2.440369
0.817725 0.016520 0.014699 0.007787 0.000535 0.132213 0.010521 2.441997
0.817671 0.016640 0.014697 0.007756 0.000530 0.132174 0.010532 2.443545
0.817726 0.016654 0.014713 0.007752 0.000532 0.132082 0.010542 2.445181
0.817750 0.016647 0.014746 0.007746 0.000532 0.132031 0.010549 2.446826
0.817777 0.016644 0.014774 0.007778 0.000529 0.131939 0.010559 2.448469
0.817716 0.016734 0.014732 0.007800 0.000535 0.131917 0.010566 2.450060
0.817706 0.016755 0.014748 0.007783 0.000539 0.131894 0.010573 2.451687
0.817638 0.016766 0.014793 0.007799 0.000534 0.131889 0.010580 2.453356
0.817583 0.016856 0.014800 0.007820 0.000532 0.131825 0.010584 2.454941
0.817578 0.016905 0.014795 0.007824 0.000525 0.131785 0.010588 2.456577
0.817598 0.016946 0.014779 0.007827 0.000530 0.131726 0.010594 2.458217
0.817526 0.016987 0.014875 0.007848 0.000526 0.131637 0.010600 2.459900
0.817511 0.016974 0.014913 0.007873 0.000523 0.131597 0.010607 2.461577
0.817436 0.017026 0.014944 0.007874 0.000521 0.131585 0.010614 2.463236
0.817486 0.017008 0.014970 0.007880 0.000522 0.131513 0.010622 2.464904
0.817410 0.017011 0.014995 0.007900 0.000518 0.131537 0.010630 2.466576
0.817477 0.016955 0.015006 0.007924 0.000523 0.131479 0.010636 2.468246
0.817454 0.016975 0.015070 0.007909 0.000521 0.131427 0.010643 2.469902
0.817477 0.016960 0.015055 0.007939 0.000513 0.131407 0.010651 2.471531
0.817446 0.016924 0.015075 0.007926 0.000518 0.131453 0.010659 2.473220
0.817434 0.016938 0.015089 0.007921 0.000521 0.131429 0.010669 2.474874
0.817434 0.016934 0.015047 0.007965 0.000530 0.131418 0.010672 2.476512
0.817494 0.016931 0.015036 0.007992 0.000528 0.131340 0.010680 2.478172
0.817421 0.016987 0.015034 0.007992 0.000524 0.131355 0.010688 2.479812
0.817344 0.017053 0.015066 0.007995 0.000523 0.131324 0.010696 2.481465
0.817324 0.017050 0.015121 0.007965 0.000524 0.131315 0.010701 2.483136
0.817314 0.017003 0.015106 0.008025 0.000528 0.131318 0.010706 2.484828
0.817230 0.017060 0.015136 0.008049 0.000528 0.131286 0.010711 2.486494
0.817175 0.017073 0.015166 0.008049 0.000527 0.131293 0.010717 2.488156
0.817110 0.017093 0.015170 0.008083 0.000519 0.131300 0.010726 2.489825
0.817048 0.017132 0.015173 0.008067 0.000518 0.131329 0.010733 2.491475
0.817002 0.017111 0.015200 0.008091 0.000529 0.131325 0.010742 2.493179
0.816968 0.017143 0.015225 0.008083 0.000532 0.131301 0.010748 2.494866
0.817007 0.017128 0.015216 0.008062 0.000530 0.131300 0.010758 2.496538
0.816954 0.017137 0.015241 0.008059 0.000537 0.131309 0.010763 2.498236
0.816922 0.017097 0.015263 0.008107 0.000531 0.131307 0.010773 2.499975
0.816907 0.017085 0.015261 0.008084 0.000541 0.131343 0.010779 2.501644
0.816894 0.017062 0.015225 0.008111 0.000538 0.131382 0.010788 2.503324
0.816838 0.017103 0.015213 0.008126 0.000533 0.131391 0.010796 2.504999
0.816828 0.017083 0.015225 0.008153 0.000526 0.131381 0.010805 2.506671
0.816765 0.017123 0.015215 0.008142 0.000533 0.131409 0.010812 2.508333
0.816661 0.017132 0.015250 0.008128 0.000534 0.131476 0.010819 2.510033
0.816663 0.017127 0.015222 0.008151 0.000536 0.131476 0.010825 2.511697
0.816598 0.017135 0.015214 0.008173 0.000539 0.131513 0.010830 2.513402
0.816538 0.017186 0.015203 0.008197 0.000537 0.131503 0.010836 2.515048
0.816530 0.017218 0.015172 0.008204 0.000537 0.131499 0.010841 2.516725
0.816512 0.017159 0.015270 0.008193 0.000540 0.131476 0.010850 2.518448
