0.329677 0.063367 0.057284 0.032937 0.002176 0.508357 0.006203 1.663732
0.332211 0.060986 0.057130 0.032756 0.002162 0.508524 0.006230 1.669799
0.335595 0.058057 0.056896 0.032459 0.002160 0.508578 0.006256 1.675643
0.339577 0.054897 0.056436 0.032015 0.002162 0.508626 0.006286 1.681107
0.343958 0.051729 0.055850 0.031497 0.002160 0.508492 0.006314 1.686300
0.348506 0.048572 0.055208 0.030936 0.002156 0.508281 0.006341 1.691259
0.353378 0.045484 0.054321 0.030298 0.002166 0.507984 0.006370 1.695872
0.358270 0.042586 0.053269 0.029652 0.002160 0.507667 0.006396 1.700178
0.363313 0.039798 0.052198 0.028944 0.002154 0.507169 0.006423 1.704295
0.368462 0.037145 0.051054 0.028205 0.002139 0.506540 0.006455 1.708118
0.373630 0.034742 0.049775 0.027455 0.002135 0.505782 0.006482 1.711615
0.378942 0.032465 0.048485 0.026602 0.002129 0.504868 0.006509 1.714913
0.384198 0.030327 0.047184 0.025757 0.002114 0.503886 0.006535 1.718015
0.389569 0.028369 0.045723 0.024989 0.002102 0.502686 0.006561 1.720868
0.395048 0.026528 0.044278 0.024094 0.002079 0.501374 0.006598 1.723553
0.400435 0.024827 0.042821 0.023259 0.002065 0.499968 0.006627 1.726082
0.405946 0.023154 0.041462 0.022421 0.002048 0.498318 0.006652 1.728496
0.411484 0.021672 0.040016 0.021570 0.002028 0.496556 0.006676 1.730706
0.416944 0.020243 0.038595 0.020740 0.002002 0.494766 0.006710 1.732812
0.422485 0.018990 0.037119 0.019913 0.001986 0.492777 0.006730 1.734750
0.427995 0.017807 0.035735 0.019134 0.001961 0.490606 0.006763 1.736567
0.433507 0.016713 0.034372 0.018366 0.001944 0.488315 0.006782 1.738254
0.438968 0.015671 0.033071 0.017612 0.001908 0.485956 0.006815 1.739870
0.444430 0.014699 0.031758 0.016891 0.001883 0.483504 0.006835 1.741393
0.449921 0.013882 0.030436 0.016163 0.001836 0.480894 0.006868 1.742752
0.455348 0.013058 0.029204 0.015501 0.001810 0.478191 0.006887 1.744062
0.460838 0.012270 0.028016 0.014847 0.001780 0.475341 0.006909 1.745317
0.466390 0.011617 0.026817 0.014190 0.001752 0.472305 0.006929 1.746455
0.471832 0.010954 0.025652 0.013566 0.001723 0.469322 0.006952 1.747573
0.477175 0.010313 0.024512 0.012970 0.001700 0.466355 0.006976 1.748627
0.482627 0.009780 0.023450 0.012382 0.001671 0.463097 0.006993 1.749577
0.488035 0.009283 0.022401 0.011792 0.001640 0.459840 0.007010 1.750495
0.493424 0.008805 0.021410 0.011262 0.001613 0.456458 0.007028 1.751384
0.498812 0.008347 0.020481 0.010705 0.001577 0.453025 0.007053 1.752205
0.504051 0.007906 0.019648 0.010175 0.001538 0.449601 0.007081 1.753022
0.509297 0.007491 0.018781 0.009734 0.001493 0.446094 0.007111 1.753764
0.514488 0.007135 0.017959 0.009293 0.001457 0.442533 0.007136 1.754461
0.519651 0.006784 0.017158 0.008882 0.001428 0.438942 0.007155 1.755135
0.524833 0.006461 0.016402 0.008433 0.001409 0.435294 0.007168 1.755787
0.529943 0.006157 0.015652 0.007999 0.001373 0.431688 0.007188 1.756375
0.535004 0.005845 0.014958 0.007640 0.001343 0.428004 0.007207 1.756977
0.539961 0.005594 0.014243 0.007276 0.001313 0.424389 0.007225 1.757521
0.544961 0.005314 0.013624 0.006932 0.001279 0.420644 0.007246 1.758064
0.549945 0.005043 0.013068 0.006609 0.001240 0.416831 0.007265 1.758591
0.554857 0.004852 0.012445 0.006309 0.001209 0.413046 0.007283 1.759055
0.559783 0.004633 0.011895 0.006041 0.001183 0.409165 0.007300 1.759513
0.564692 0.004435 0.011334 0.005763 0.001153 0.405308 0.007317 1.759949
0.569489 0.004267 0.010842 0.005468 0.001128 0.401477 0.007330 1.760355
0.574238 0.004106 0.010364 0.005189 0.001101 0.397657 0.007346 1.760747
0.578964 0.003929 0.009922 0.004912 0.001083 0.393832 0.007359 1.761137
0.583685 0.003740 0.009508 0.004684 0.001051 0.389956 0.007376 1.761526
0.588304 0.003594 0.009066 0.004490 0.001019 0.386131 0.007395 1.761889
0.592859 0.003445 0.008651 0.004298 0.000990 0.382352 0.007407 1.762238
0.597524 0.003289 0.008297 0.004119 0.000968 0.378383 0.007419 1.762579
0.601993 0.003142 0.007958 0.003925 0.000946 0.374605 0.007431 1.762926
0.606433 0.003020 0.007592 0.003736 0.000915 0.370861 0.007443 1.763238
0.610967 0.002879 0.007284 0.003586 0.000885 0.366945 0.007455 1.763557
0.615305 0.002761 0.006991 0.003444 0.000865 0.363170 0.007466 1.763841
0.619683 0.002644 0.006675 0.003278 0.000838 0.359404 0.007477 1.764110
0.623980 0.002577 0.006370 0.003117 0.000817 0.355650 0.007489 1.764345
0.628246 0.002512 0.006069 0.002984 0.000796 0.351897 0.007497 1.764581
0.632458 0.002447 0.005826 0.002839 0.000768 0.348151 0.007511 1.764806
0.636633 0.002364 0.005571 0.002716 0.000759 0.344441 0.007518 1.765041
0.640767 0.002271 0.005328 0.002605 0.000744 0.340761 0.007525 1.765266
0.644865 0.002197 0.005085 0.002493 0.000728 0.337098 0.007534 1.765475
0.648981 0.002142 0.004868 0.002370 0.000701 0.333392 0.007547 1.765668
0.652993 0.002078 0.004683 0.002267 0.000684 0.329742 0.007553 1.765874
0.656935 0.002030 0.004480 0.002172 0.000667 0.326155 0.007561 1.766058
0.660921 0.001956 0.004309 0.002088 0.000645 0.322511 0.007571 1.766257
0.664795 0.001894 0.004144 0.002005 0.000630 0.318956 0.007576 1.766448
0.668667 0.001842 0.003961 0.001936 0.000614 0.315395 0.007585 1.766624
0.672470 0.001778 0.003817 0.001834 0.000593 0.311915 0.007594 1.766793
0.676253 0.001730 0.003644 0.001764 0.000575 0.308432 0.007602 1.766954
0.679972 0.001677 0.003505 0.001690 0.000563 0.304985 0.007609 1.767130
0.683520 0.001634 0.003348 0.001640 0.000541 0.301702 0.007616 1.767277
0.687218 0.001566 0.003227 0.001580 0.000525 0.298264 0.007622 1.767442
0.690781 0.001500 0.003105 0.001532 0.000505 0.294948 0.007628 1.767610
0.694375 0.001457 0.003001 0.001474 0.000490 0.291568 0.007635 1.767763
0.697924 0.001401 0.002884 0.001431 0.000473 0.288245 0.007644 1.767920
0.701367 0.001356 0.002754 0.001377 0.000458 0.285040 0.007649 1.768050
0.704743 0.001319 0.002626 0.001328 0.000444 0.281886 0.007654 1.768178
0.708122 0.001279 0.002522 0.001286 0.000433 0.278699 0.007659 1.768302
0.711527 0.001249 0.002425 0.001244 0.000419 0.275471 0.007665 1.768422
0.714866 0.001231 0.002335 0.001197 0.000406 0.272295 0.007671 1.768536
0.718195 0.001196 0.002239 0.001145 0.000393 0.269155 0.007677 1.768650
0.721441 0.001150 0.002181 0.001097 0.000379 0.266070 0.007681 1.768778
0.724668 0.001131 0.002098 0.001056 0.000370 0.262992 0.007685 1.768880
0.727872 0.001102 0.002012 0.001013 0.000364 0.259946 0.007690 1.768992
0.731028 0.001074 0.001945 0.000980 0.000354 0.256925 0.007695 1.769099
0.734167 0.001050 0.001864 0.000948 0.000340 0.253927 0.007703 1.769196
0.737286 0.001019 0.001805 0.000916 0.000326 0.250939 0.007710 1.769294
0.740256 0.001011 0.001739 0.000876 0.000317 0.248086 0.007717 1.769379
0.743230 0.000972 0.001674 0.000858 0.000306 0.245241 0.007720 1.769484
0.746228 0.000951 0.001619 0.000833 0.000299 0.242348 0.007724 1.769577
0.749197 0.000920 0.001569 0.000804 0.000290 0.239492 0.007729 1.769673
0.752097 0.000893 0.001519 0.000779 0.000284 0.236699 0.007731 1.769764
0.754954 0.000876 0.001471 0.000756 0.000274 0.233933 0.007738 1.769845
0.757783 0.000842 0.001421 0.000734 0.000264 0.231215 0.007741 1.769938
0.760575 0.000827 0.001377 0.000713 0.000255 0.228510 0.007744 1.770010
0.763365 0.000812 0.001332 0.000684 0.000247 0.225814 0.007746 1.770088
0.766108 0.000796 0.001280 0.000653 0.000241 0.223172 0.007750 1.770162
0.768858 0.000770 0.001235 0.000637 0.000231 0.220514 0.007755 1.770242
0.771603 0.000734 0.001208 0.000617 0.000224 0.217855 0.007759 1.770325
0.774206 0.000723 0.001150 0.000595 0.000214 0.215349 0.007763 1.770384
0.776828 0.000716 0.001112 0.000566 0.000207 0.212805 0.007767 1.770446
0.779417 0.000695 0.001071 0.000549 0.000205 0.210294 0.007770 1.770515
0.782009 0.000674 0.001052 0.000527 0.000201 0.207764 0.007774 1.770586
0.784553 0.000661 0.001020 0.000515 0.000192 0.205281 0.007778 1.770651
0.787078 0.000643 0.000991 0.000492 0.000187 0.202827 0.007782 1.770714
0.789624 0.000621 0.000963 0.000482 0.000180 0.200345 0.007785 1.770783
0.792061 0.000602 0.000930 0.000470 0.000175 0.197975 0.007787 1.770851
0.794519 0.000578 0.000905 0.000461 0.000168 0.195580 0.007790 1.770910
0.796940 0.000566 0.000880 0.000447 0.000164 0.193213 0.007790 1.770961
0.799257 0.000556 0.000855 0.000430 0.000155 0.190953 0.007795 1.771014
0.801602 0.000547 0.000825 0.000416 0.000150 0.188661 0.007800 1.771065
0.803914 0.000523 0.000804 0.000403 0.000145 0.186408 0.007802 1.771123
0.806166 0.000512 0.000782 0.000397 0.000140 0.184200 0.007804 1.771174
0.808437 0.000504 0.000759 0.000386 0.000135 0.181972 0.007808 1.771222
0.810617 0.000504 0.000736 0.000373 0.000131 0.179830 0.007809 1.771261
0.812848 0.000492 0.000702 0.000362 0.000128 0.177657 0.007811 1.771310
0.815016 0.000482 0.000684 0.000351 0.000122 0.175533 0.007813 1.771361
0.817157 0.000474 0.000656 0.000350 0.000117 0.173433 0.007814 1.771408
0.819288 0.000455 0.000640 0.000338 0.000116 0.171347 0.007817 1.771454
0.821302 0.000442 0.000617 0.000335 0.000108 0.169375 0.007820 1.771502
0.823406 0.000436 0.000598 0.000324 0.000108 0.167308 0.007821 1.771539
0.825470 0.000428 0.000594 0.000310 0.000105 0.165270 0.007822 1.771582
0.827521 0.000419 0.000579 0.000300 0.000102 0.163255 0.007824 1.771618
0.829522 0.000413 0.000576 0.000298 0.000097 0.161267 0.007827 1.771663
0.831467 0.000410 0.000553 0.000286 0.000095 0.159364 0.007827 1.771701
0.833379 0.000405 0.000539 0.000280 0.000090 0.157478 0.007829 1.771735
0.835281 0.000406 0.000525 0.000270 0.000088 0.155600 0.007831 1.771771
0.837210 0.000393 0.000514 0.000263 0.000087 0.153699 0.007832 1.771814
0.839142 0.000393 0.000496 0.000259 0.000084 0.151792 0.007834 1.771845
0.841008 0.000381 0.000483 0.000258 0.000083 0.149952 0.007835 1.771887
0.842860 0.000368 0.000473 0.000252 0.000079 0.148131 0.007836 1.771925
0.844718 0.000367 0.000460 0.000251 0.000073 0.146292 0.007838 1.771958
0.846451 0.000355 0.000456 0.000247 0.000072 0.144581 0.007839 1.771999
0.848265 0.000346 0.000441 0.000242 0.000071 0.142793 0.007842 1.772034
0.850017 0.000352 0.000425 0.000232 0.000069 0.141061 0.007842 1.772062
0.851720 0.000345 0.000423 0.000222 0.000068 0.139381 0.007843 1.772093
0.853435 0.000339 0.000417 0.000214 0.000066 0.137686 0.007843 1.772122
0.855084 0.000335 0.000408 0.000205 0.000065 0.136059 0.007843 1.772151
0.856741 0.000321 0.000407 0.000203 0.000063 0.134422 0.007844 1.772188
0.858280 0.000315 0.000402 0.000198 0.000060 0.132901 0.007845 1.772221
0.859883 0.000311 0.000393 0.000192 0.000057 0.131318 0.007847 1.772249
0.861536 0.000311 0.000388 0.000184 0.000057 0.129676 0.007847 1.772279
0.863074 0.000301 0.000384 0.000187 0.000054 0.128153 0.007847 1.772318
0.864572 0.000288 0.000383 0.000184 0.000053 0.126672 0.007848 1.772349
0.866050 0.000287 0.000374 0.000181 0.000051 0.125208 0.007850 1.772376
0.867541 0.000286 0.000367 0.000178 0.000050 0.123727 0.007850 1.772405
0.869011 0.000274 0.000359 0.000182 0.000049 0.122274 0.007851 1.772435
0.870469 0.000258 0.000359 0.000182 0.000048 0.120834 0.007852 1.772468
0.871853 0.000259 0.000357 0.000175 0.000046 0.119457 0.007853 1.772491
0.873207 0.000252 0.000346 0.000174 0.000044 0.118124 0.007853 1.772519
0.874529 0.000249 0.000341 0.000169 0.000043 0.116816 0.007853 1.772545
0.875896 0.000246 0.000326 0.000164 0.000043 0.115471 0.007854 1.772567
0.877151 0.000243 0.000317 0.000163 0.000042 0.114230 0.007854 1.772589
0.878407 0.000242 0.000318 0.000161 0.000042 0.112975 0.007854 1.772615
0.879646 0.000234 0.000314 0.000160 0.000041 0.111749 0.007855 1.772643
0.880843 0.000227 0.000308 0.000153 0.000041 0.110572 0.007855 1.772664
0.882073 0.000229 0.000304 0.000149 0.000040 0.109349 0.007855 1.772680
0.883199 0.000225 0.000300 0.000147 0.000039 0.108233 0.007856 1.772706
0.884331 0.000215 0.000289 0.000147 0.000039 0.107121 0.007857 1.772724
0.885465 0.000209 0.000281 0.000146 0.000038 0.106004 0.007857 1.772746
0.886575 0.000208 0.000277 0.000140 0.000038 0.104905 0.007857 1.772765
0.887653 0.000206 0.000271 0.000137 0.000038 0.103838 0.007858 1.772788
0.888694 0.000202 0.000270 0.000132 0.000036 0.102807 0.007859 1.772809
0.889723 0.000193 0.000266 0.000132 0.000036 0.101790 0.007859 1.772834
0.890728 0.000189 0.000262 0.000129 0.000035 0.100798 0.007860 1.772855
0.891720 0.000185 0.000254 0.000124 0.000035 0.099822 0.007860 1.772873
0.892659 0.000182 0.000252 0.000122 0.000034 0.098891 0.007860 1.772889
0.893546 0.000184 0.000235 0.000117 0.000032 0.098023 0.007861 1.772906
0.894413 0.000179 0.000236 0.000114 0.000031 0.097165 0.007863 1.772930
0.895285 0.000179 0.000225 0.000111 0.000028 0.096308 0.007864 1.772942
0.896161 0.000175 0.000224 0.000108 0.000026 0.095441 0.007865 1.772963
0.896988 0.000168 0.000220 0.000108 0.000024 0.094627 0.007865 1.772982
0.897822 0.000162 0.000212 0.000104 0.000023 0.093810 0.007865 1.773000
0.898609 0.000164 0.000209 0.000103 0.000023 0.093026 0.007865 1.773014
0.899404 0.000157 0.000209 0.000102 0.000023 0.092239 0.007865 1.773031
0.900181 0.000153 0.000207 0.000098 0.000023 0.091472 0.007865 1.773045
0.900937 0.000160 0.000204 0.000093 0.000023 0.090717 0.007866 1.773056
0.901708 0.000159 0.000199 0.000089 0.000022 0.089956 0.007866 1.773068
0.902476 0.000156 0.000192 0.000086 0.000023 0.089199 0.007866 1.773082
0.903170 0.000150 0.000194 0.000087 0.000021 0.088510 0.007867 1.773101
0.903863 0.000157 0.000188 0.000087 0.000020 0.087817 0.007868 1.773114
0.904524 0.000154 0.000180 0.000085 0.000019 0.087167 0.007869 1.773126
0.905201 0.000149 0.000177 0.000085 0.000019 0.086498 0.007870 1.773142
0.905824 0.000147 0.000177 0.000086 0.000018 0.085878 0.007870 1.773158
0.906453 0.000143 0.000175 0.000083 0.000017 0.085258 0.007870 1.773171
0.907057 0.000144 0.000170 0.000083 0.000017 0.084659 0.007870 1.773183
0.907627 0.000137 0.000171 0.000080 0.000016 0.084098 0.007870 1.773199
0.908165 0.000129 0.000171 0.000079 0.000017 0.083567 0.007870 1.773217
0.908717 0.000125 0.000169 0.000078 0.000016 0.083022 0.007871 1.773231
0.909246 0.000123 0.000165 0.000077 0.000017 0.082501 0.007871 1.773245
0.909760 0.000127 0.000158 0.000071 0.000016 0.081996 0.007871 1.773254
0.910259 0.000125 0.000153 0.000071 0.000016 0.081504 0.007871 1.773267
0.910741 0.000127 0.000149 0.000070 0.000015 0.081024 0.007872 1.773276
0.911199 0.000125 0.000142 0.000069 0.000014 0.080576 0.007873 1.773290
0.911671 0.000119 0.000142 0.000066 0.000014 0.080113 0.007873 1.773304
0.912123 0.000117 0.000144 0.000064 0.000014 0.079664 0.007873 1.773315
0.912545 0.000115 0.000141 0.000066 0.000014 0.079245 0.007873 1.773327
0.912961 0.000112 0.000139 0.000067 0.000014 0.078832 0.007873 1.773340
0.913367 0.000111 0.000139 0.000064 0.000013 0.078432 0.007873 1.773350
0.913786 0.000110 0.000130 0.000064 0.000013 0.078021 0.007873 1.773357
0.914183 0.000110 0.000125 0.000062 0.000013 0.077632 0.007873 1.773364
0.914574 0.000110 0.000121 0.000059 0.000013 0.077248 0.007873 1.773373
0.914964 0.000106 0.000122 0.000061 0.000014 0.076857 0.007873 1.773385
0.915361 0.000104 0.000119 0.000063 0.000013 0.076465 0.007874 1.773396
0.915732 0.000104 0.000117 0.000059 0.000012 0.076100 0.007875 1.773406
0.916074 0.000106 0.000115 0.000059 0.000012 0.075758 0.007875 1.773414
0.916383 0.000107 0.000113 0.000060 0.000011 0.075450 0.007876 1.773423
0.916701 0.000101 0.000109 0.000061 0.000010 0.075141 0.007876 1.773434
0.917030 0.000103 0.000111 0.000057 0.000009 0.074813 0.007876 1.773444
0.917309 0.000099 0.000114 0.000055 0.000008 0.074538 0.007876 1.773455
0.917593 0.000100 0.000117 0.000053 0.000008 0.074252 0.007876 1.773464
0.917873 0.000105 0.000109 0.000052 0.000008 0.073976 0.007876 1.773471
0.918159 0.000106 0.000109 0.000054 0.000008 0.073689 0.007876 1.773481
0.918444 0.000110 0.000102 0.000051 0.000007 0.073409 0.007876 1.773486
0.918720 0.000110 0.000107 0.000050 0.000007 0.073130 0.007876 1.773496
0.918979 0.000110 0.000105 0.000050 0.000006 0.072872 0.007876 1.773504
0.919237 0.000107 0.000102 0.000049 0.000006 0.072621 0.007876 1.773515
0.919475 0.000104 0.000102 0.000048 0.000006 0.072389 0.007876 1.773525
0.919704 0.000103 0.000101 0.000045 0.000006 0.072163 0.007877 1.773533
0.919944 0.000104 0.000102 0.000045 0.000006 0.071922 0.007877 1.773542
0.920183 0.000097 0.000102 0.000044 0.000006 0.071690 0.007877 1.773554
0.920411 0.000098 0.000103 0.000046 0.000005 0.071459 0.007877 1.773562
0.920653 0.000096 0.000101 0.000046 0.000005 0.071221 0.007877 1.773571
0.920871 0.000101 0.000097 0.000044 0.000005 0.071005 0.007877 1.773577
0.921084 0.000102 0.000095 0.000044 0.000005 0.070792 0.007877 1.773586
0.921286 0.000099 0.000094 0.000044 0.000005 0.070595 0.007877 1.773596
0.921471 0.000100 0.000091 0.000042 0.000004 0.070415 0.007877 1.773603
0.921664 0.000093 0.000090 0.000046 0.000004 0.070226 0.007877 1.773616
0.921861 0.000094 0.000086 0.000045 0.000004 0.070034 0.007877 1.773622
0.922046 0.000094 0.000085 0.000043 0.000004 0.069851 0.007877 1.773629
0.922211 0.000093 0.000082 0.000044 0.000004 0.069689 0.007877 1.773637
0.922382 0.000091 0.000085 0.000044 0.000004 0.069516 0.007877 1.773644
0.922561 0.000085 0.000084 0.000046 0.000004 0.069342 0.007877 1.773654
0.922720 0.000088 0.000082 0.000045 0.000004 0.069184 0.007877 1.773661
0.922868 0.000087 0.000080 0.000043 0.000004 0.069041 0.007877 1.773670
0.923011 0.000082 0.000078 0.000042 0.000005 0.068904 0.007877 1.773682
0.923136 0.000079 0.000080 0.000044 0.000004 0.068779 0.007877 1.773692
0.923273 0.000078 0.000084 0.000042 0.000005 0.068641 0.007877 1.773699
0.923405 0.000077 0.000083 0.000043 0.000004 0.068509 0.007878 1.773709
0.923542 0.000073 0.000082 0.000044 0.000004 0.068379 0.007878 1.773718
0.923665 0.000073 0.000079 0.000039 0.000004 0.068261 0.007878 1.773724
0.923771 0.000075 0.000080 0.000038 0.000004 0.068153 0.007878 1.773733
0.923884 0.000076 0.000079 0.000037 0.000004 0.068042 0.007878 1.773740
0.923995 0.000079 0.000078 0.000035 0.000004 0.067931 0.007878 1.773744
0.924115 0.000074 0.000078 0.000037 0.000005 0.067814 0.007878 1.773753
0.924226 0.000073 0.000077 0.000037 0.000005 0.067705 0.007878 1.773763
0.924334 0.000068 0.000080 0.000036 0.000005 0.067600 0.007878 1.773772
0.924440 0.000068 0.000082 0.000034 0.000005 0.067493 0.007878 1.773779
0.924547 0.000069 0.000081 0.000031 0.000005 0.067389 0.007878 1.773784
0.924659 0.000070 0.000080 0.000032 0.000004 0.067276 0.007878 1.773791
0.924752 0.000074 0.000075 0.000031 0.000005 0.067184 0.007878 1.773796
0.924842 0.000077 0.000073 0.000031 0.000005 0.067094 0.007878 1.773802
0.924922 0.000074 0.000075 0.000033 0.000005 0.067013 0.007878 1.773811
0.925007 0.000076 0.000076 0.000033 0.000005 0.066925 0.007878 1.773819
0.925092 0.000073 0.000076 0.000031 0.000005 0.066845 0.007878 1.773826
0.925176 0.000073 0.000073 0.000033 0.000005 0.066762 0.007878 1.773833
0.925258 0.000073 0.000074 0.000033 0.000004 0.066679 0.007879 1.773840
0.925340 0.000068 0.000079 0.000033 0.000004 0.066597 0.007879 1.773849
0.925429 0.000068 0.000076 0.000032 0.000004 0.066511 0.007879 1.773855
0.925509 0.000069 0.000073 0.000030 0.000004 0.066436 0.007879 1.773859
0.925583 0.000071 0.000074 0.000028 0.000003 0.066361 0.007880 1.773864
0.925657 0.000069 0.000076 0.000029 0.000004 0.066283 0.007880 1.773873
0.925733 0.000068 0.000076 0.000029 0.000004 0.066209 0.007880 1.773879
0.925799 0.000070 0.000076 0.000031 0.000004 0.066140 0.007880 1.773885
0.925864 0.000073 0.000075 0.000029 0.000004 0.066075 0.007880 1.773889
0.925921 0.000073 0.000074 0.000031 0.000003 0.066016 0.007881 1.773897
0.925994 0.000070 0.000072 0.000031 0.000003 0.065949 0.007881 1.773904
0.926067 0.000070 0.000071 0.000032 0.000003 0.065875 0.007881 1.773910
0.926133 0.000073 0.000068 0.000032 0.000003 0.065809 0.007881 1.773916
0.926200 0.000072 0.000067 0.000034 0.000003 0.065742 0.007881 1.773924
0.926251 0.000077 0.000065 0.000032 0.000003 0.065691 0.007881 1.773929
0.926314 0.000074 0.000066 0.000029 0.000003 0.065633 0.007881 1.773937
0.926372 0.000076 0.000064 0.000030 0.000004 0.065574 0.007881 1.773943
0.926435 0.000078 0.000064 0.000030 0.000004 0.065509 0.007881 1.773948
0.926496 0.000078 0.000063 0.000029 0.000003 0.065449 0.007881 1.773955
0.926554 0.000073 0.000065 0.000031 0.000003 0.065392 0.007881 1.773964
0.926606 0.000070 0.000067 0.000032 0.000003 0.065341 0.007881 1.773973
0.926667 0.000072 0.000070 0.000034 0.000003 0.065274 0.007881 1.773982
0.926716 0.000073 0.000069 0.000034 0.000003 0.065225 0.007881 1.773987
0.926769 0.000072 0.000070 0.000035 0.000002 0.065170 0.007881 1.773993
0.926828 0.000072 0.000067 0.000035 0.000002 0.065115 0.007881 1.773998
0.926883 0.000072 0.000062 0.000033 0.000002 0.065067 0.007882 1.774002
0.926930 0.000073 0.000060 0.000032 0.000002 0.065022 0.007882 1.774009
0.926968 0.000070 0.000061 0.000033 0.000002 0.064983 0.007882 1.774018
0.927007 0.000065 0.000064 0.000034 0.000002 0.064945 0.007882 1.774028
0.927053 0.000065 0.000065 0.000032 0.000002 0.064902 0.007882 1.774035
0.927102 0.000060 0.000065 0.000033 0.000002 0.064857 0.007882 1.774045
0.927139 0.000055 0.000065 0.000035 0.000002 0.064823 0.007882 1.774053
0.927187 0.000056 0.000067 0.000033 0.000003 0.064773 0.007882 1.774059
0.927233 0.000058 0.000065 0.000032 0.000004 0.064726 0.007882 1.774064
0.927274 0.000058 0.000063 0.000031 0.000003 0.064689 0.007882 1.774067
0.927310 0.000056 0.000065 0.000030 0.000003 0.064653 0.007882 1.774075
0.927349 0.000055 0.000066 0.000028 0.000003 0.064616 0.007882 1.774082
0.927392 0.000050 0.000069 0.000029 0.000003 0.064575 0.007882 1.774092
0.927433 0.000052 0.000065 0.000029 0.000003 0.064535 0.007882 1.774095
0.927477 0.000048 0.000066 0.000030 0.000003 0.064494 0.007882 1.774101
0.927511 0.000049 0.000064 0.000030 0.000002 0.064461 0.007882 1.774106
0.927542 0.000051 0.000062 0.000030 0.000002 0.064431 0.007882 1.774111
0.927573 0.000054 0.000062 0.000031 0.000002 0.064396 0.007882 1.774115
0.927606 0.000051 0.000061 0.000031 0.000002 0.064366 0.007882 1.774123
0.927639 0.000052 0.000058 0.000030 0.000002 0.064337 0.007882 1.774129
0.927674 0.000051 0.000058 0.000029 0.000002 0.064304 0.007882 1.774134
0.927707 0.000049 0.000056 0.000031 0.000002 0.064271 0.007882 1.774140
0.927731 0.000050 0.000059 0.000031 0.000002 0.064244 0.007882 1.774147
0.927761 0.000052 0.000059 0.000031 0.000002 0.064212 0.007882 1.774152
0.927795 0.000053 0.000058 0.000031 0.000001 0.064179 0.007882 1.774156
0.927821 0.000056 0.000056 0.000032 0.000001 0.064153 0.007882 1.774160
0.927854 0.000054 0.000053 0.000030 0.000002 0.064124 0.007882 1.774164
0.927875 0.000055 0.000050 0.000030 0.000002 0.064105 0.007882 1.774169
0.927900 0.000056 0.000050 0.000028 0.000002 0.064082 0.007882 1.774174
0.927919 0.000054 0.000051 0.000030 0.000001 0.064062 0.007882 1.774181
0.927945 0.000055 0.000051 0.000031 0.000001 0.064033 0.007882 1.774187
0.927974 0.000051 0.000054 0.000032 0.000001 0.064005 0.007882 1.774195
0.927996 0.000051 0.000054 0.000031 0.000001 0.063984 0.007883 1.774200
0.928021 0.000053 0.000053 0.000032 0.000001 0.063955 0.007883 1.774204
0.928045 0.000053 0.000056 0.000031 0.000001 0.063931 0.007883 1.774210
0.928069 0.000054 0.000054 0.000030 0.000002 0.063908 0.007883 1.774215
0.928088 0.000050 0.000055 0.000030 0.000002 0.063892 0.007883 1.774221
0.928111 0.000048 0.000054 0.000029 0.000001 0.063873 0.007883 1.774227
0.928136 0.000047 0.000053 0.000030 0.000001 0.063850 0.007883 1.774231
0.928155 0.000049 0.000049 0.000027 0.000001 0.063836 0.007883 1.774233
0.928181 0.000047 0.000048 0.000026 0.000001 0.063813 0.007883 1.774238
0.928204 0.000053 0.000046 0.000025 0.000001 0.063788 0.007883 1.774239
0.928216 0.000054 0.000048 0.000023 0.000001 0.063774 0.007883 1.774246
0.928234 0.000053 0.000049 0.000024 0.000001 0.063755 0.007883 1.774253
0.928254 0.000052 0.000049 0.000024 0.000001 0.063736 0.007883 1.774260
0.928279 0.000050 0.000051 0.000023 0.000001 0.063712 0.007883 1.774266
0.928297 0.000054 0.000050 0.000023 0.000000 0.063692 0.007883 1.774271
0.928313 0.000051 0.000054 0.000022 0.000000 0.063677 0.007883 1.774279
0.928336 0.000051 0.000054 0.000022 0.000000 0.063654 0.007883 1.774283
0.928352 0.000052 0.000052 0.000021 0.000000 0.063640 0.007883 1.774286
0.928370 0.000053 0.000051 0.000021 0.000000 0.063621 0.007883 1.774290
0.928384 0.000051 0.000052 0.000022 0.000000 0.063608 0.007883 1.774298
0.928401 0.000048 0.000051 0.000021 0.000000 0.063596 0.007883 1.774306
0.928416 0.000048 0.000051 0.000019 0.000001 0.063582 0.007883 1.774311
0.928433 0.000049 0.000051 0.000018 0.000001 0.063565 0.007883 1.774316
0.928458 0.000049 0.000048 0.000019 0.000001 0.063542 0.007883 1.774318
0.928480 0.000049 0.000047 0.000020 0.000001 0.063520 0.007883 1.774324
0.928491 0.000051 0.000046 0.000021 0.000001 0.063508 0.007883 1.774327
0.928505 0.000051 0.000044 0.000022 0.000001 0.063494 0.007883 1.774331
0.928515 0.000051 0.000043 0.000023 0.000001 0.063486 0.007883 1.774337
0.928532 0.000049 0.000044 0.000025 0.000001 0.063467 0.007883 1.774344
0.928543 0.000051 0.000043 0.000024 0.000001 0.063455 0.007883 1.774347
0.928555 0.000053 0.000044 0.000024 0.000001 0.063440 0.007883 1.774351
0.928566 0.000049 0.000047 0.000024 0.000000 0.063430 0.007883 1.774360
0.928584 0.000045 0.000047 0.000023 0.000000 0.063416 0.007883 1.774366
0.928595 0.000048 0.000045 0.000022 0.000000 0.063406 0.007884 1.774369
0.928606 0.000050 0.000047 0.000021 0.000000 0.063391 0.007884 1.774373
0.928619 0.000050 0.000045 0.000021 0.000000 0.063379 0.007884 1.774376
0.928629 0.000048 0.000044 0.000019 0.000000 0.063375 0.007884 1.774382
0.928639 0.000049 0.000041 0.000019 0.000000 0.063367 0.007884 1.774385
0.928653 0.000045 0.000043 0.000020 0.000000 0.063355 0.007884 1.774391
0.928663 0.000044 0.000044 0.000021 0.000000 0.063344 0.007884 1.774396
0.928677 0.000040 0.000044 0.000021 0.000000 0.063334 0.007884 1.774402
0.928693 0.000036 0.000046 0.000021 0.000000 0.063321 0.007884 1.774408
0.928709 0.000037 0.000043 0.000021 0.000000 0.063307 0.007884 1.774409
0.928721 0.000036 0.000044 0.000022 0.000000 0.063292 0.007884 1.774413
0.928733 0.000037 0.000044 0.000019 0.000000 0.063283 0.007884 1.774417
0.928744 0.000036 0.000044 0.000021 0.000000 0.063271 0.007884 1.774422
0.928755 0.000036 0.000040 0.000022 0.000000 0.063262 0.007884 1.774426
0.928772 0.000034 0.000040 0.000020 0.000000 0.063249 0.007884 1.774430
0.928784 0.000036 0.000039 0.000019 0.000001 0.063236 0.007884 1.774431
0.928795 0.000036 0.000036 0.000018 0.000001 0.063229 0.007884 1.774433
0.928803 0.000034 0.000038 0.000018 0.000001 0.063222 0.007884 1.774438
0.928810 0.000034 0.000037 0.000018 0.000000 0.063215 0.007884 1.774440
0.928821 0.000032 0.000034 0.000018 0.000001 0.063208 0.007884 1.774445
0.928829 0.000030 0.000033 0.000018 0.000001 0.063205 0.007884 1.774448
0.928835 0.000031 0.000033 0.000019 0.000001 0.063197 0.007884 1.774452
0.928843 0.000029 0.000032 0.000018 0.000001 0.063193 0.007884 1.774455
0.928852 0.000029 0.000031 0.000017 0.000000 0.063186 0.007884 1.774458
0.928865 0.000031 0.000030 0.000015 0.000000 0.063175 0.007884 1.774459
0.928875 0.000031 0.000028 0.000014 0.000000 0.063168 0.007884 1.774461
0.928883 0.000032 0.000029 0.000014 0.000000 0.063157 0.007884 1.774465
0.928889 0.000028 0.000030 0.000016 0.000000 0.063152 0.007884 1.774470
0.928902 0.000028 0.000031 0.000015 0.000000 0.063139 0.007884 1.774472
0.928914 0.000027 0.000032 0.000015 0.000000 0.063127 0.007884 1.774476
0.928921 0.000028 0.000033 0.000014 0.000001 0.063118 0.007884 1.774479
0.928928 0.000029 0.000033 0.000015 0.000001 0.063110 0.007884 1.774480
0.928935 0.000027 0.000033 0.000015 0.000001 0.063104 0.007884 1.774483
0.928942 0.000024 0.000035 0.000013 0.000001 0.063101 0.007884 1.774487
0.928949 0.000023 0.000034 0.000013 0.000001 0.063095 0.007884 1.774490
0.928956 0.000023 0.000035 0.000013 0.000001 0.063088 0.007884 1.774492
0.928964 0.000021 0.000035 0.000012 0.000002 0.063082 0.007884 1.774495
0.928977 0.000020 0.000033 0.000011 0.000001 0.063073 0.007885 1.774497
0.928983 0.000022 0.000030 0.000010 0.000001 0.063069 0.007885 1.774498
0.928992 0.000020 0.000031 0.000009 0.000001 0.063062 0.007885 1.774501
0.929002 0.000018 0.000029 0.000008 0.000001 0.063056 0.007885 1.774504
0.929009 0.000019 0.000028 0.000008 0.000002 0.063049 0.007885 1.774506
0.929022 0.000020 0.000028 0.000008 0.000002 0.063035 0.007885 1.774508
0.929029 0.000020 0.000027 0.000008 0.000001 0.063030 0.007885 1.774509
0.929036 0.000021 0.000026 0.000008 0.000001 0.063024 0.007885 1.774511
0.929038 0.000021 0.000025 0.000008 0.000001 0.063022 0.007885 1.774513
0.929043 0.000021 0.000024 0.000007 0.000002 0.063018 0.007885 1.774514
0.929048 0.000022 0.000024 0.000007 0.000001 0.063013 0.007885 1.774516
0.929055 0.000023 0.000023 0.000007 0.000001 0.063006 0.007885 1.774517
0.929063 0.000023 0.000024 0.000006 0.000001 0.062998 0.007885 1.774518
0.929069 0.000022 0.000023 0.000006 0.000001 0.062993 0.007885 1.774520
0.929075 0.000020 0.000024 0.000006 0.000001 0.062988 0.007885 1.774524
0.929079 0.000022 0.000023 0.000007 0.000001 0.062984 0.007885 1.774526
0.929087 0.000018 0.000025 0.000007 0.000001 0.062976 0.007885 1.774529
0.929095 0.000019 0.000025 0.000008 0.000001 0.062968 0.007885 1.774530
0.929101 0.000020 0.000026 0.000007 0.000001 0.062960 0.007885 1.774533
0.929106 0.000023 0.000025 0.000007 0.000001 0.062953 0.007885 1.774533
0.929108 0.000022 0.000026 0.000008 0.000001 0.062949 0.007885 1.774536
0.929112 0.000023 0.000027 0.000008 0.000001 0.062944 0.007885 1.774538
0.929113 0.000023 0.000027 0.000010 0.000001 0.062942 0.007885 1.774541
0.929118 0.000023 0.000025 0.000010 0.000001 0.062939 0.007885 1.774542
0.929122 0.000022 0.000025 0.000009 0.000001 0.062936 0.007885 1.774544
0.929129 0.000022 0.000024 0.000009 0.000001 0.062930 0.007885 1.774545
0.929134 0.000019 0.000022 0.000010 0.000001 0.062928 0.007885 1.774548
0.929136 0.000019 0.000020 0.000010 0.000001 0.062928 0.007885 1.774550
0.929140 0.000019 0.000019 0.000008 0.000001 0.062927 0.007885 1.774552
0.929144 0.000019 0.000020 0.000008 0.000001 0.062923 0.007885 1.774554
0.929146 0.000021 0.000021 0.000009 0.000001 0.062917 0.007885 1.774555
0.929149 0.000020 0.000023 0.000008 0.000002 0.062913 0.007885 1.774558
0.929154 0.000021 0.000021 0.000008 0.000002 0.062909 0.007885 1.774559
0.929160 0.000021 0.000019 0.000008 0.000002 0.062904 0.007885 1.774561
0.929166 0.000020 0.000019 0.000009 0.000002 0.062899 0.007885 1.774562
0.929170 0.000021 0.000017 0.000009 0.000002 0.062895 0.007885 1.774563
0.929176 0.000019 0.000017 0.000011 0.000002 0.062891 0.007885 1.774566
0.929181 0.000018 0.000018 0.000011 0.000002 0.062885 0.007885 1.774569
0.929188 0.000017 0.000018 0.000011 0.000002 0.062878 0.007885 1.774571
0.929194 0.000016 0.000020 0.000011 0.000002 0.062872 0.007885 1.774573
0.929197 0.000019 0.000020 0.000011 0.000002 0.062866 0.007885 1.774574
0.929203 0.000018 0.000021 0.000010 0.000002 0.062861 0.007885 1.774576
0.929205 0.000018 0.000022 0.000009 0.000002 0.062858 0.007885 1.774578
0.929208 0.000017 0.000022 0.000011 0.000002 0.062856 0.007885 1.774581
0.929211 0.000014 0.000022 0.000012 0.000002 0.062855 0.007885 1.774585
0.929215 0.000013 0.000021 0.000010 0.000003 0.062854 0.007885 1.774587
0.929217 0.000012 0.000019 0.000010 0.000003 0.062854 0.007885 1.774588
0.929221 0.000012 0.000018 0.000011 0.000003 0.062850 0.007885 1.774590
0.929224 0.000013 0.000018 0.000011 0.000003 0.062846 0.007885 1.774591
0.929227 0.000014 0.000019 0.000011 0.000003 0.062842 0.007885 1.774592
0.929229 0.000014 0.000019 0.000011 0.000003 0.062840 0.007885 1.774594
0.929232 0.000016 0.000017 0.000011 0.000003 0.062837 0.007885 1.774595
0.929237 0.000016 0.000017 0.000010 0.000003 0.062833 0.007885 1.774596
0.929240 0.000015 0.000016 0.000010 0.000003 0.062831 0.007885 1.774598
0.929241 0.000016 0.000016 0.000010 0.000003 0.062829 0.007885 1.774600
0.929244 0.000016 0.000016 0.000011 0.000003 0.062825 0.007885 1.774602
0.929246 0.000013 0.000017 0.000012 0.000002 0.062824 0.007885 1.774605
0.929252 0.000013 0.000017 0.000011 0.000002 0.062820 0.007885 1.774605
0.929255 0.000015 0.000016 0.000010 0.000002 0.062817 0.007885 1.774606
0.929257 0.000015 0.000014 0.000010 0.000002 0.062817 0.007885 1.774607
0.929258 0.000016 0.000014 0.000010 0.000002 0.062815 0.007885 1.774608
0.929263 0.000013 0.000016 0.000010 0.000002 0.062811 0.007885 1.774611
0.929265 0.000013 0.000014 0.000011 0.000002 0.062810 0.007886 1.774612
0.929269 0.000013 0.000015 0.000010 0.000002 0.062806 0.007886 1.774614
0.929267 0.000016 0.000015 0.000010 0.000002 0.062805 0.007886 1.774615
0.929270 0.000016 0.000013 0.000010 0.000002 0.062804 0.007886 1.774616
0.929274 0.000016 0.000013 0.000010 0.000002 0.062799 0.007886 1.774617
0.929277 0.000017 0.000013 0.000008 0.000002 0.062797 0.007886 1.774618
0.929278 0.000018 0.000013 0.000008 0.000001 0.062796 0.007886 1.774620
0.929279 0.000019 0.000012 0.000008 0.000001 0.062796 0.007886 1.774621
0.929280 0.000019 0.000012 0.000008 0.000001 0.062795 0.007886 1.774623
0.929283 0.000017 0.000013 0.000008 0.000001 0.062792 0.007886 1.774626
0.929285 0.000016 0.000014 0.000008 0.000001 0.062790 0.007886 1.774628
0.929287 0.000017 0.000014 0.000008 0.000001 0.062789 0.007886 1.774629
0.929288 0.000018 0.000014 0.000006 0.000001 0.062787 0.007886 1.774630
0.929289 0.000017 0.000015 0.000006 0.000001 0.062786 0.007886 1.774633
0.929291 0.000016 0.000015 0.000008 0.000001 0.062785 0.007886 1.774635
0.929292 0.000015 0.000015 0.000006 0.000001 0.062784 0.007886 1.774636
0.929292 0.000016 0.000014 0.000007 0.000001 0.062784 0.007886 1.774638
0.929294 0.000016 0.000015 0.000008 0.000001 0.062781 0.007886 1.774640
0.929296 0.000017 0.000015 0.000007 0.000001 0.062779 0.007886 1.774640
0.929298 0.000016 0.000014 0.000008 0.000001 0.062776 0.007886 1.774642
0.929301 0.000014 0.000015 0.000008 0.000001 0.062775 0.007886 1.774644
0.929302 0.000013 0.000016 0.000007 0.000001 0.062776 0.007886 1.774646
0.929303 0.000012 0.000017 0.000006 0.000001 0.062775 0.007886 1.774648
0.929303 0.000012 0.000018 0.000006 0.000001 0.062774 0.007886 1.774650
0.929304 0.000012 0.000018 0.000006 0.000000 0.062775 0.007886 1.774651
0.929305 0.000013 0.000016 0.000005 0.000000 0.062775 0.007886 1.774652
0.929308 0.000012 0.000017 0.000005 0.000000 0.062773 0.007886 1.774654
0.929309 0.000014 0.000016 0.000005 0.000000 0.062771 0.007886 1.774654
0.929309 0.000015 0.000014 0.000005 0.000000 0.062770 0.007886 1.774655
0.929310 0.000016 0.000015 0.000004 0.000000 0.062769 0.007886 1.774656
0.929313 0.000013 0.000016 0.000006 0.000000 0.062767 0.007886 1.774659
0.929311 0.000015 0.000015 0.000007 0.000000 0.062766 0.007886 1.774660
0.929311 0.000014 0.000016 0.000007 0.000000 0.062765 0.007886 1.774662
0.929311 0.000015 0.000015 0.000007 0.000000 0.062766 0.007886 1.774663
0.929311 0.000015 0.000014 0.000007 0.000000 0.062766 0.007886 1.774664
0.929313 0.000013 0.000015 0.000007 0.000000 0.062765 0.007886 1.774666
0.929313 0.000013 0.000013 0.000006 0.000000 0.062767 0.007886 1.774666
0.929315 0.000013 0.000015 0.000007 0.000000 0.062764 0.007886 1.774669
0.929315 0.000014 0.000014 0.000007 0.000000 0.062764 0.007886 1.774669
0.929316 0.000013 0.000015 0.000006 0.000000 0.062763 0.007886 1.774671
0.929317 0.000013 0.000013 0.000007 0.000000 0.062764 0.007886 1.774673
0.929317 0.000012 0.000013 0.000008 0.000000 0.062764 0.007886 1.774674
0.929318 0.000012 0.000012 0.000008 0.000000 0.062764 0.007886 1.774675
0.929320 0.000012 0.000012 0.000008 0.000000 0.062763 0.007886 1.774676
0.929320 0.000012 0.000010 0.000008 0.000000 0.062764 0.007886 1.774676
0.929323 0.000012 0.000010 0.000008 0.000000 0.062761 0.007886 1.774677
0.929326 0.000011 0.000008 0.000008 0.000000 0.062759 0.007886 1.774678
0.929327 0.000011 0.000009 0.000008 0.000000 0.062759 0.007886 1.774679
0.929327 0.000012 0.000008 0.000008 0.000000 0.062759 0.007886 1.774679
0.929329 0.000012 0.000008 0.000008 0.000000 0.062757 0.007886 1.774680
0.929332 0.000011 0.000008 0.000008 0.000000 0.062754 0.007886 1.774681
0.929329 0.000013 0.000008 0.000007 0.000000 0.062756 0.007886 1.774683
0.929332 0.000013 0.000008 0.000006 0.000000 0.062754 0.007886 1.774683
0.929333 0.000014 0.000009 0.000005 0.000000 0.062753 0.007886 1.774684
0.929336 0.000014 0.000008 0.000005 0.000000 0.062750 0.007886 1.774684
0.929338 0.000014 0.000008 0.000005 0.000000 0.062750 0.007886 1.774685
0.929339 0.000013 0.000008 0.000005 0.000000 0.062749 0.007886 1.774686
0.929340 0.000010 0.000011 0.000006 0.000000 0.062747 0.007886 1.774690
0.929341 0.000009 0.000012 0.000005 0.000000 0.062747 0.007886 1.774691
0.929342 0.000009 0.000012 0.000005 0.000000 0.062746 0.007886 1.774692
0.929345 0.000008 0.000013 0.000005 0.000000 0.062744 0.007886 1.774694
0.929346 0.000007 0.000013 0.000005 0.000000 0.062743 0.007886 1.774696
0.929346 0.000008 0.000011 0.000004 0.000000 0.062744 0.007886 1.774696
0.929349 0.000008 0.000009 0.000004 0.000000 0.062743 0.007886 1.774696
0.929351 0.000006 0.000010 0.000004 0.000000 0.062743 0.007886 1.774698
0.929350 0.000008 0.000009 0.000004 0.000000 0.062742 0.007886 1.774698
0.929349 0.000008 0.000010 0.000005 0.000000 0.062741 0.007886 1.774699
0.929350 0.000008 0.000010 0.000005 0.000000 0.062741 0.007886 1.774701
0.929353 0.000008 0.000010 0.000005 0.000000 0.062739 0.007886 1.774701
0.929355 0.000008 0.000010 0.000005 0.000000 0.062737 0.007886 1.774702
0.929357 0.000008 0.000010 0.000004 0.000000 0.062736 0.007886 1.774703
0.929357 0.000008 0.000008 0.000004 0.000000 0.062737 0.007886 1.774703
0.929358 0.000008 0.000007 0.000003 0.000000 0.062737 0.007886 1.774703
0.929359 0.000008 0.000007 0.000003 0.000000 0.062738 0.007886 1.774704
0.929360 0.000008 0.000008 0.000002 0.000000 0.062737 0.007886 1.774706
0.929363 0.000007 0.000008 0.000002 0.000000 0.062734 0.007886 1.774706
0.929364 0.000006 0.000008 0.000002 0.000000 0.062734 0.007886 1.774707
0.929366 0.000006 0.000008 0.000002 0.000000 0.062732 0.007886 1.774708
0.929370 0.000005 0.000008 0.000002 0.000000 0.062729 0.007886 1.774708
0.929372 0.000006 0.000008 0.000002 0.000000 0.062727 0.007886 1.774708
0.929373 0.000005 0.000008 0.000002 0.000000 0.062726 0.007886 1.774709
0.929374 0.000006 0.000008 0.000000 0.000000 0.062726 0.007886 1.774709
0.929377 0.000006 0.000008 0.000000 0.000000 0.062724 0.007886 1.774709
0.929378 0.000006 0.000008 0.000000 0.000000 0.062722 0.007886 1.774709
0.929378 0.000006 0.000007 0.000000 0.000000 0.062723 0.007886 1.774709
0.929380 0.000006 0.000007 0.000000 0.000000 0.062721 0.007886 1.774710
0.929381 0.000006 0.000006 0.000000 0.000000 0.062720 0.007886 1.774710
0.929382 0.000005 0.000006 0.000001 0.000000 0.062719 0.007886 1.774711
0.929384 0.000005 0.000007 0.000001 0.000000 0.062717 0.007886 1.774712
0.929384 0.000005 0.000006 0.000001 0.000000 0.062718 0.007886 1.774712
0.929382 0.000006 0.000006 0.000001 0.000000 0.062718 0.007886 1.774713
0.929382 0.000008 0.000006 0.000001 0.000000 0.062717 0.007886 1.774713
0.929382 0.000008 0.000008 0.000001 0.000000 0.062715 0.007886 1.774715
0.929381 0.000008 0.000008 0.000002 0.000000 0.062715 0.007886 1.774716
0.929382 0.000009 0.000008 0.000002 0.000000 0.062713 0.007886 1.774716
0.929380 0.000009 0.000009 0.000003 0.000000 0.062713 0.007886 1.774719
0.929380 0.000010 0.000008 0.000003 0.000000 0.062713 0.007886 1.774719
0.929382 0.000008 0.000008 0.000004 0.000000 0.062711 0.007886 1.774720
0.929383 0.000008 0.000008 0.000005 0.000000 0.062710 0.007886 1.774721
0.929381 0.000009 0.000008 0.000005 0.000000 0.062711 0.007886 1.774722
0.929383 0.000008 0.000008 0.000005 0.000000 0.062710 0.007886 1.774724
0.929383 0.000008 0.000009 0.000005 0.000000 0.062710 0.007886 1.774725
0.929383 0.000008 0.000010 0.000004 0.000000 0.062709 0.007886 1.774726
0.929382 0.000008 0.000010 0.000004 0.000000 0.062710 0.007886 1.774727
0.929383 0.000008 0.000009 0.000005 0.000000 0.062709 0.007886 1.774728
0.929384 0.000009 0.000008 0.000005 0.000000 0.062708 0.007886 1.774728
