0.999830 0.000115 0.000038 0.000016 0.000000 0.000000 0.000000
0.999770 0.000151 0.000028 0.000007 0.000000 0.000044 0.000000
0.999587 0.000316 0.000050 0.000014 0.000000 0.000032 0.000000
0.999169 0.000700 0.000082 0.000016 0.000000 0.000033 0.000000
0.998726 0.001064 0.000119 0.000047 0.000000 0.000044 0.000000
0.997874 0.001735 0.000258 0.000083 0.000000 0.000050 0.000000
0.996444 0.002875 0.000444 0.000154 0.000000 0.000084 0.000000
0.994274 0.004665 0.000614 0.000294 0.000000 0.000153 0.000000
0.991156 0.007036 0.000993 0.000521 0.000000 0.000294 0.000000
0.987736 0.009667 0.001418 0.000789 0.000000 0.000389 0.000000
0.983055 0.013405 0.001937 0.001055 0.000000 0.000548 0.000000
0.975959 0.018958 0.002770 0.001494 0.000000 0.000818 0.000000
0.967151 0.025828 0.003741 0.002106 0.000000 0.001174 0.000000
0.955065 0.035071 0.005219 0.002948 0.000000 0.001696 0.000000
0.942162 0.044666 0.006996 0.003977 0.000001 0.002198 0.000000
0.926768 0.056017 0.009273 0.005098 0.000003 0.002840 0.000000
0.909715 0.068365 0.011850 0.006295 0.000008 0.003768 0.000000
0.889724 0.082299 0.015055 0.007971 0.000012 0.004939 0.000000
0.870568 0.095173 0.018354 0.009578 0.000021 0.006306 0.000000
0.850572 0.108003 0.022019 0.011569 0.000019 0.007817 0.000000
0.829338 0.120870 0.026228 0.013868 0.000029 0.009666 0.000000
0.809979 0.131979 0.030370 0.016027 0.000044 0.011601 0.000000
0.789901 0.142779 0.034868 0.018296 0.000050 0.014107 0.000000
0.770481 0.153001 0.039142 0.020516 0.000059 0.016802 0.000000
0.749678 0.163246 0.044122 0.023062 0.000077 0.019816 0.000000
0.730652 0.172075 0.048853 0.025458 0.000088 0.022874 0.000000
0.710584 0.180467 0.054177 0.028138 0.000110 0.026523 0.000001
0.690430 0.188263 0.059519 0.030904 0.000134 0.030749 0.000001
0.671326 0.194880 0.064729 0.033604 0.000147 0.035312 0.000001
0.651861 0.200800 0.070160 0.036461 0.000173 0.040542 0.000002
0.632637 0.206319 0.075682 0.039218 0.000198 0.045944 0.000002
0.613508 0.211078 0.081235 0.042086 0.000218 0.051873 0.000002
0.592847 0.215912 0.087071 0.045164 0.000244 0.058758 0.000003
0.572196 0.219736 0.093075 0.048330 0.000267 0.066390 0.000005
0.553472 0.221977 0.098609 0.051272 0.000298 0.074367 0.000005
0.533987 0.223570 0.104348 0.054467 0.000335 0.083287 0.000006
0.516906 0.223156 0.109683 0.057336 0.000360 0.092552 0.000007
0.500211 0.222448 0.114747 0.060123 0.000401 0.102062 0.000008
0.484153 0.219980 0.119978 0.062846 0.000437 0.112598 0.000009
0.470304 0.216931 0.124259 0.065025 0.000471 0.123001 0.000009
0.456286 0.213091 0.128385 0.067164 0.000510 0.134554 0.000010
0.444636 0.208590 0.131703 0.068990 0.000546 0.145524 0.000012
0.434211 0.203248 0.134519 0.070551 0.000582 0.156875 0.000014
0.424666 0.197953 0.136580 0.071858 0.000607 0.168321 0.000016
0.415288 0.191785 0.138701 0.073034 0.000640 0.180536 0.000017
0.408332 0.185287 0.139935 0.073646 0.000677 0.192105 0.000018
0.403037 0.179314 0.140629 0.073941 0.000699 0.202360 0.000021
0.397608 0.172454 0.141187 0.074203 0.000724 0.213802 0.000023
0.392556 0.166434 0.141162 0.074301 0.000750 0.224773 0.000024
0.389435 0.161087 0.140367 0.074129 0.000775 0.234180 0.000026
0.383822 0.155361 0.139866 0.074041 0.000811 0.246071 0.000029
0.380419 0.150291 0.138820 0.073619 0.000849 0.255967 0.000035
0.377437 0.145208 0.137314 0.072699 0.000875 0.266430 0.000037
0.374526 0.140637 0.136042 0.072100 0.000879 0.275772 0.000045
0.371116 0.136384 0.134603 0.071272 0.000901 0.285675 0.000048
0.367803 0.131788 0.133212 0.070495 0.000929 0.295720 0.000052
0.366352 0.127921 0.131257 0.069477 0.000957 0.303981 0.000055
0.362845 0.123912 0.129677 0.068663 0.000986 0.313861 0.000056
0.359722 0.119842 0.127998 0.067830 0.000999 0.323553 0.000057
0.356994 0.116316 0.126574 0.066953 0.001016 0.332086 0.000062
0.354115 0.112702 0.124837 0.066141 0.001038 0.341100 0.000066
0.351008 0.108745 0.123264 0.065437 0.001076 0.350400 0.000069
0.348585 0.105094 0.121508 0.064454 0.001098 0.359188 0.000073
0.347133 0.101709 0.119332 0.063349 0.001109 0.367289 0.000078
0.345270 0.097870 0.117169 0.062248 0.001117 0.376243 0.000082
0.344242 0.094638 0.114925 0.061190 0.001125 0.383796 0.000085
0.342902 0.090056 0.112203 0.059730 0.001143 0.393878 0.000088
0.343205 0.087131 0.109964 0.058570 0.001153 0.399883 0.000094
0.343209 0.083564 0.107621 0.057384 0.001149 0.406972 0.000101
0.343578 0.080703 0.105267 0.056288 0.001148 0.412913 0.000104
0.343942 0.077789 0.102735 0.054984 0.001158 0.419285 0.000108
0.344732 0.074710 0.099906 0.053590 0.001160 0.425792 0.000111
0.345847 0.072219 0.097622 0.052280 0.001168 0.430751 0.000113
0.346749 0.069538 0.095112 0.050969 0.001173 0.436343 0.000115
0.347790 0.067104 0.092700 0.049701 0.001161 0.441424 0.000120
0.349012 0.064763 0.090158 0.048370 0.001167 0.446406 0.000124
0.350578 0.062379 0.087493 0.046930 0.001171 0.451321 0.000128
0.352392 0.060977 0.085541 0.045864 0.001168 0.453926 0.000132
0.354099 0.058585 0.082894 0.044569 0.001170 0.458548 0.000134
0.356083 0.057190 0.080922 0.043455 0.001161 0.461051 0.000138
0.358125 0.055023 0.078109 0.041903 0.001156 0.465539 0.000144
0.359854 0.053752 0.076306 0.040953 0.001145 0.467846 0.000145
0.362044 0.052346 0.074177 0.039798 0.001124 0.470362 0.000149
0.364454 0.050899 0.072043 0.038602 0.001111 0.472738 0.000152
0.366887 0.049684 0.069965 0.037452 0.001093 0.474762 0.000157
0.369128 0.048588 0.068174 0.036502 0.001075 0.476374 0.000159
0.371513 0.047581 0.066447 0.035578 0.001053 0.477667 0.000160
0.373728 0.046560 0.064685 0.034658 0.001052 0.479150 0.000167
0.376567 0.045452 0.062701 0.033510 0.001031 0.480570 0.000170
0.379101 0.044639 0.061032 0.032611 0.001013 0.481429 0.000174
0.381551 0.043792 0.059776 0.031883 0.001002 0.481816 0.000179
0.383790 0.043152 0.058468 0.031122 0.000989 0.482298 0.000182
0.386724 0.042242 0.056600 0.030103 0.000973 0.483170 0.000188
0.389248 0.041782 0.055303 0.029359 0.000945 0.483172 0.000191
0.391671 0.041457 0.054069 0.028781 0.000928 0.482900 0.000195
0.394301 0.040930 0.052838 0.028094 0.000919 0.482716 0.000201
0.396578 0.040635 0.051807 0.027443 0.000905 0.482426 0.000205
0.399027 0.040245 0.050733 0.026866 0.000879 0.482039 0.000211
0.401609 0.040004 0.049546 0.026193 0.000863 0.481569 0.000216
0.403603 0.039791 0.048868 0.025825 0.000853 0.480843 0.000217
0.406681 0.039613 0.047658 0.025146 0.000859 0.479821 0.000221
0.409031 0.039368 0.046833 0.024628 0.000859 0.479054 0.000227
0.411303 0.039292 0.045956 0.024134 0.000861 0.478227 0.000226
0.413670 0.039120 0.045121 0.023786 0.000840 0.477230 0.000233
0.415695 0.039208 0.044417 0.023462 0.000820 0.476166 0.000233
0.418012 0.039169 0.043716 0.023062 0.000799 0.475004 0.000237
0.420220 0.039131 0.043161 0.022773 0.000778 0.473697 0.000240
0.421972 0.039306 0.042655 0.022490 0.000764 0.472575 0.000239
0.424881 0.039181 0.041937 0.022217 0.000754 0.470789 0.000242
0.427802 0.039328 0.041448 0.021972 0.000742 0.468465 0.000244
0.430056 0.039429 0.040964 0.021783 0.000738 0.466783 0.000248
0.432434 0.039550 0.040579 0.021523 0.000721 0.464947 0.000247
0.435842 0.039751 0.040014 0.021204 0.000703 0.462236 0.000250
0.438211 0.039957 0.039671 0.021022 0.000691 0.460197 0.000252
0.441264 0.040174 0.039358 0.020774 0.000689 0.457491 0.000250
0.444963 0.040724 0.038948 0.020530 0.000668 0.453914 0.000254
0.448025 0.041400 0.038760 0.020351 0.000663 0.450544 0.000257
0.449933 0.042117 0.038678 0.020359 0.000654 0.448001 0.000258
0.452802 0.043239 0.038390 0.020187 0.000641 0.444482 0.000259
0.454313 0.044044 0.038342 0.020177 0.000630 0.442231 0.000263
0.456229 0.045229 0.038330 0.020138 0.000626 0.439184 0.000263
0.457087 0.046036 0.038529 0.020221 0.000614 0.437248 0.000265
0.457230 0.046304 0.038701 0.020255 0.000614 0.436631 0.000265
0.458138 0.045818 0.038795 0.020266 0.000609 0.436104 0.000270
0.459268 0.044511 0.038992 0.020246 0.000597 0.436110 0.000276
0.462544 0.043515 0.039216 0.020115 0.000581 0.433748 0.000280
0.464793 0.041647 0.039189 0.019824 0.000575 0.433688 0.000285
0.468006 0.039940 0.039001 0.019535 0.000567 0.432667 0.000285
0.472108 0.038742 0.039174 0.019320 0.000553 0.429816 0.000286
0.475050 0.036672 0.038987 0.018929 0.000541 0.429531 0.000291
0.479063 0.034927 0.038775 0.018583 0.000534 0.427828 0.000291
0.482839 0.032749 0.038158 0.018157 0.000526 0.427276 0.000296
0.486823 0.030798 0.037597 0.017641 0.000522 0.426320 0.000300
0.491603 0.029318 0.037158 0.017240 0.000531 0.423850 0.000300
0.495996 0.027356 0.036327 0.016736 0.000526 0.422755 0.000303
0.500172 0.026211 0.036040 0.016400 0.000514 0.420360 0.000303
0.503919 0.024133 0.034891 0.015708 0.000505 0.420540 0.000305
0.508890 0.022986 0.034454 0.015289 0.000503 0.417575 0.000305
0.513451 0.021485 0.033434 0.014735 0.000491 0.416095 0.000309
0.517588 0.020136 0.032495 0.014193 0.000484 0.414791 0.000312
0.522369 0.019112 0.031809 0.013699 0.000477 0.412221 0.000313
0.527395 0.017934 0.030887 0.013237 0.000477 0.409750 0.000319
0.531650 0.016648 0.029782 0.012758 0.000471 0.408373 0.000318
0.535918 0.015710 0.028928 0.012294 0.000468 0.406362 0.000321
0.540711 0.014778 0.027881 0.011777 0.000457 0.404070 0.000325
0.544900 0.014089 0.027300 0.011428 0.000448 0.401509 0.000326
0.549887 0.013077 0.026092 0.010923 0.000434 0.399259 0.000327
0.554490 0.012252 0.025120 0.010414 0.000430 0.396966 0.000328
0.558883 0.011638 0.024431 0.009989 0.000421 0.394308 0.000331
0.563384 0.010926 0.023280 0.009538 0.000411 0.392131 0.000330
0.567812 0.010263 0.022368 0.009129 0.000399 0.389697 0.000332
0.572744 0.009690 0.021576 0.008809 0.000390 0.386453 0.000338
0.577880 0.009077 0.020670 0.008427 0.000385 0.383222 0.000337
0.581545 0.008516 0.019752 0.008026 0.000387 0.381433 0.000341
0.586247 0.008157 0.019149 0.007737 0.000376 0.377993 0.000340
0.590893 0.007590 0.018082 0.007317 0.000364 0.375407 0.000346
0.595622 0.007302 0.017548 0.007073 0.000358 0.371751 0.000346
0.599858 0.006896 0.016781 0.006752 0.000345 0.369022 0.000347
0.604112 0.006451 0.015990 0.006442 0.000338 0.366320 0.000347
0.608306 0.006099 0.015361 0.006179 0.000330 0.363373 0.000352
0.612390 0.005739 0.014775 0.005946 0.000326 0.360476 0.000348
0.616240 0.005464 0.014249 0.005760 0.000319 0.357616 0.000351
0.621011 0.005110 0.013451 0.005423 0.000309 0.354344 0.000352
0.625480 0.004861 0.012890 0.005170 0.000302 0.350947 0.000349
0.629476 0.004649 0.012323 0.004983 0.000300 0.347913 0.000357
0.634257 0.004412 0.011753 0.004720 0.000296 0.344210 0.000353
0.638062 0.004216 0.011275 0.004503 0.000287 0.341304 0.000353
0.642717 0.004044 0.010935 0.004350 0.000288 0.337315 0.000352
0.646360 0.003810 0.010323 0.004061 0.000277 0.334812 0.000356
0.650900 0.003590 0.009915 0.003915 0.000275 0.331049 0.000355
0.654068 0.003423 0.009481 0.003732 0.000265 0.328675 0.000356
0.658697 0.003271 0.009047 0.003596 0.000259 0.324772 0.000357
0.662534 0.003090 0.008613 0.003409 0.000253 0.321745 0.000356
0.666987 0.002997 0.008307 0.003315 0.000249 0.317788 0.000356
0.670244 0.002864 0.007942 0.003161 0.000235 0.315191 0.000362
0.674526 0.002720 0.007505 0.002969 0.000238 0.311683 0.000359
0.677639 0.002644 0.007203 0.002869 0.000228 0.309059 0.000358
0.681818 0.002490 0.006809 0.002694 0.000223 0.305602 0.000364
0.685269 0.002406 0.006598 0.002613 0.000220 0.302528 0.000365
0.689011 0.002296 0.006244 0.002488 0.000216 0.299380 0.000366
0.692759 0.002196 0.005925 0.002374 0.000205 0.296177 0.000364
0.696683 0.002103 0.005737 0.002273 0.000200 0.292636 0.000368
0.700643 0.001983 0.005453 0.002154 0.000198 0.289202 0.000367
0.703652 0.001901 0.005228 0.002076 0.000194 0.286584 0.000366
0.707495 0.001806 0.005003 0.001977 0.000192 0.283164 0.000362
0.710326 0.001770 0.004862 0.001912 0.000187 0.280569 0.000374
0.714248 0.001688 0.004588 0.001792 0.000180 0.277137 0.000366
0.717796 0.001648 0.004367 0.001715 0.000173 0.273928 0.000373
0.720923 0.001580 0.004143 0.001640 0.000171 0.271166 0.000376
0.724449 0.001502 0.003989 0.001573 0.000164 0.267950 0.000373
0.727502 0.001466 0.003788 0.001507 0.000163 0.265202 0.000372
0.730758 0.001409 0.003566 0.001442 0.000154 0.262294 0.000377
0.733986 0.001395 0.003428 0.001374 0.000147 0.259294 0.000376
0.737569 0.001363 0.003309 0.001328 0.000151 0.255903 0.000375
0.740965 0.001309 0.003190 0.001268 0.000143 0.252746 0.000379
0.743681 0.001238 0.003023 0.001210 0.000136 0.250338 0.000375
0.746642 0.001190 0.002897 0.001156 0.000135 0.247603 0.000377
0.749686 0.001154 0.002749 0.001120 0.000133 0.244778 0.000381
0.753253 0.001107 0.002575 0.001058 0.000131 0.241503 0.000373
0.755759 0.001081 0.002535 0.001020 0.000128 0.239095 0.000383
0.758992 0.001063 0.002438 0.000989 0.000123 0.236014 0.000381
0.761735 0.001052 0.002340 0.000958 0.000115 0.233413 0.000387
0.765005 0.000994 0.002185 0.000910 0.000110 0.230411 0.000384
0.767307 0.001036 0.002151 0.000891 0.000110 0.228126 0.000380
0.770091 0.000987 0.002058 0.000852 0.000107 0.225520 0.000384
0.773014 0.000970 0.001988 0.000839 0.000106 0.222700 0.000382
0.776266 0.000910 0.001872 0.000809 0.000103 0.219656 0.000384
0.778635 0.000892 0.001803 0.000781 0.000101 0.217406 0.000383
0.781106 0.000889 0.001797 0.000760 0.000102 0.214964 0.000382
0.783689 0.000855 0.001711 0.000738 0.000099 0.212526 0.000382
0.786609 0.000839 0.001652 0.000704 0.000099 0.209713 0.000384
0.788747 0.000810 0.001570 0.000688 0.000093 0.207713 0.000380
0.791502 0.000825 0.001540 0.000675 0.000090 0.204988 0.000379
0.793998 0.000785 0.001482 0.000640 0.000088 0.202627 0.000380
0.796268 0.000756 0.001392 0.000617 0.000086 0.200495 0.000387
0.799720 0.000714 0.001343 0.000595 0.000080 0.197161 0.000387
0.801381 0.000772 0.001363 0.000600 0.000076 0.195426 0.000383
0.803919 0.000747 0.001299 0.000568 0.000073 0.193005 0.000388
0.806029 0.000723 0.001257 0.000563 0.000072 0.190975 0.000382
0.808436 0.000732 0.001237 0.000559 0.000072 0.188584 0.000379
0.811238 0.000641 0.001153 0.000523 0.000066 0.185994 0.000384
0.813064 0.000703 0.001179 0.000535 0.000066 0.184070 0.000382
0.815555 0.000663 0.001135 0.000515 0.000064 0.181684 0.000384
0.817798 0.000630 0.001073 0.000491 0.000059 0.179565 0.000384
0.820448 0.000678 0.001080 0.000498 0.000060 0.176858 0.000378
0.821858 0.000673 0.001030 0.000483 0.000060 0.175510 0.000386
0.824498 0.000636 0.000986 0.000457 0.000055 0.172982 0.000385
0.826276 0.000641 0.000980 0.000460 0.000054 0.171201 0.000388
0.828401 0.000626 0.000929 0.000441 0.000052 0.169168 0.000383
0.829849 0.000756 0.000978 0.000454 0.000052 0.167528 0.000383
0.832382 0.000739 0.000903 0.000425 0.000049 0.165114 0.000388
0.834345 0.000736 0.000902 0.000447 0.000047 0.163143 0.000380
0.836106 0.000732 0.000907 0.000462 0.000047 0.161361 0.000385
0.838342 0.000659 0.000830 0.000414 0.000046 0.159326 0.000383
0.840088 0.000743 0.000906 0.000435 0.000042 0.157401 0.000384
0.842300 0.000707 0.000855 0.000408 0.000042 0.155307 0.000381
0.844405 0.000625 0.000794 0.000376 0.000040 0.153371 0.000388
0.846745 0.000586 0.000783 0.000366 0.000038 0.151095 0.000386
0.847853 0.000598 0.000790 0.000382 0.000034 0.149955 0.000388
0.850293 0.000565 0.000747 0.000355 0.000031 0.147625 0.000384
0.851728 0.000626 0.000757 0.000369 0.000031 0.146106 0.000383
0.853616 0.000583 0.000701 0.000348 0.000029 0.144339 0.000383
0.855362 0.000619 0.000735 0.000367 0.000030 0.142503 0.000385
0.857350 0.000648 0.000723 0.000365 0.000028 0.140502 0.000384
0.858939 0.000666 0.000719 0.000377 0.000026 0.138893 0.000380
0.861109 0.000585 0.000643 0.000333 0.000025 0.136925 0.000379
0.862804 0.000587 0.000643 0.000335 0.000025 0.135223 0.000384
0.864194 0.000605 0.000667 0.000343 0.000024 0.133783 0.000383
0.865221 0.000622 0.000695 0.000352 0.000022 0.132703 0.000386
0.867444 0.000627 0.000692 0.000322 0.000021 0.130515 0.000380
0.868443 0.000645 0.000673 0.000304 0.000019 0.129532 0.000385
0.870794 0.000563 0.000602 0.000284 0.000019 0.127353 0.000384
0.872037 0.000623 0.000644 0.000314 0.000021 0.125978 0.000384
0.874244 0.000466 0.000525 0.000245 0.000020 0.124114 0.000387
0.875534 0.000548 0.000615 0.000292 0.000020 0.122602 0.000388
0.876938 0.000551 0.000637 0.000312 0.000019 0.121160 0.000383
0.878072 0.000590 0.000694 0.000332 0.000019 0.119899 0.000394
0.880256 0.000461 0.000564 0.000260 0.000018 0.118056 0.000384
0.881262 0.000538 0.000629 0.000282 0.000017 0.116890 0.000382
0.881944 0.000714 0.000745 0.000346 0.000021 0.115845 0.000385
0.883400 0.000731 0.000762 0.000361 0.000018 0.114344 0.000384
0.885000 0.000654 0.000688 0.000334 0.000018 0.112924 0.000383
0.887571 0.000523 0.000567 0.000283 0.000017 0.110653 0.000386
0.888042 0.000646 0.000656 0.000313 0.000017 0.109925 0.000402
0.889699 0.000723 0.000692 0.000304 0.000015 0.108180 0.000389
0.891162 0.000774 0.000722 0.000321 0.000016 0.106616 0.000390
0.892073 0.000808 0.000774 0.000335 0.000015 0.105609 0.000386
0.893060 0.000827 0.000795 0.000341 0.000014 0.104586 0.000376
0.893677 0.001002 0.000932 0.000378 0.000015 0.103611 0.000387
0.894280 0.001036 0.000980 0.000393 0.000010 0.102912 0.000388
0.896833 0.000801 0.000781 0.000306 0.000010 0.100883 0.000387
0.896944 0.000977 0.000943 0.000383 0.000009 0.100364 0.000379
0.900217 0.000702 0.000690 0.000295 0.000007 0.097706 0.000383
0.899757 0.000959 0.000903 0.000408 0.000009 0.097589 0.000375
0.900656 0.000977 0.000878 0.000401 0.000007 0.096698 0.000383
0.902448 0.000853 0.000788 0.000362 0.000007 0.095167 0.000375
0.902582 0.001067 0.001007 0.000476 0.000007 0.094489 0.000372
0.904563 0.000944 0.000867 0.000410 0.000007 0.092833 0.000377
0.905322 0.001030 0.000926 0.000419 0.000008 0.091924 0.000371
0.906613 0.001049 0.000968 0.000438 0.000008 0.090546 0.000378
0.906357 0.001263 0.001120 0.000511 0.000007 0.090373 0.000369
0.907857 0.001249 0.001060 0.000530 0.000009 0.088925 0.000370
0.908032 0.001386 0.001161 0.000612 0.000007 0.088425 0.000378
0.909487 0.001286 0.001070 0.000572 0.000009 0.087200 0.000376
0.909874 0.001528 0.001198 0.000664 0.000005 0.086366 0.000366
0.910829 0.001380 0.001131 0.000635 0.000009 0.085648 0.000368
0.913534 0.001142 0.000981 0.000551 0.000009 0.083419 0.000364
0.912011 0.001427 0.001254 0.000667 0.000007 0.084258 0.000375
0.912916 0.001455 0.001302 0.000687 0.000004 0.083271 0.000365
0.915371 0.001238 0.001262 0.000643 0.000005 0.081121 0.000360
0.915675 0.001247 0.001272 0.000642 0.000004 0.080787 0.000373
0.916189 0.001298 0.001330 0.000671 0.000004 0.080140 0.000367
0.919500 0.001055 0.001132 0.000528 0.000005 0.077414 0.000367
0.918262 0.001335 0.001385 0.000634 0.000004 0.078012 0.000366
0.919671 0.001260 0.001312 0.000592 0.000005 0.076805 0.000355
0.921523 0.001073 0.001105 0.000500 0.000005 0.075435 0.000359
0.920080 0.001457 0.001436 0.000649 0.000006 0.076012 0.000359
0.916634 0.001962 0.001881 0.000869 0.000005 0.078289 0.000359
0.922627 0.001406 0.001278 0.000588 0.000007 0.073746 0.000348
0.948882 0.000132 0.000126 0.000054 0.000002 0.050571 0.000232
