0.349482 0.063610 0.055890 0.032326 0.002123 0.490517 0.006051 1.597639
0.351391 0.061680 0.055868 0.032275 0.002120 0.490588 0.006079 1.603807
0.353901 0.059415 0.055766 0.032041 0.002114 0.490656 0.006108 1.609745
0.356782 0.056858 0.055579 0.031706 0.002107 0.490831 0.006137 1.615486
0.360053 0.054308 0.055252 0.031288 0.002121 0.490820 0.006158 1.620958
0.363489 0.051854 0.054696 0.030819 0.002110 0.490846 0.006185 1.626148
0.367072 0.049408 0.054109 0.030317 0.002104 0.490781 0.006209 1.631105
0.370739 0.047188 0.053359 0.029654 0.002094 0.490736 0.006231 1.635750
0.374649 0.044972 0.052569 0.029036 0.002088 0.490423 0.006263 1.640246
0.378557 0.042909 0.051701 0.028352 0.002080 0.490115 0.006286 1.644530
0.382655 0.040857 0.050806 0.027748 0.002057 0.489562 0.006315 1.648663
0.386686 0.039106 0.049889 0.027017 0.002054 0.488911 0.006337 1.652546
0.390791 0.037350 0.048823 0.026347 0.002041 0.488284 0.006364 1.656295
0.394976 0.035641 0.047763 0.025618 0.002028 0.487582 0.006392 1.659917
0.399174 0.034162 0.046737 0.024888 0.002023 0.486600 0.006416 1.663320
0.403450 0.032656 0.045725 0.024233 0.002015 0.485483 0.006438 1.666718
0.407704 0.031361 0.044619 0.023484 0.001993 0.484376 0.006462 1.669828
0.411859 0.030164 0.043521 0.022748 0.001962 0.483257 0.006489 1.672797
0.416018 0.029047 0.042524 0.022096 0.001934 0.481865 0.006515 1.675720
0.420287 0.027963 0.041467 0.021415 0.001919 0.480414 0.006536 1.678511
0.424489 0.027004 0.040338 0.020777 0.001885 0.478945 0.006562 1.681216
0.428808 0.026078 0.039266 0.020167 0.001851 0.477239 0.006591 1.683805
0.433096 0.025298 0.038192 0.019507 0.001822 0.475460 0.006626 1.686268
0.437486 0.024487 0.037130 0.018932 0.001796 0.473521 0.006651 1.688687
0.441851 0.023667 0.036165 0.018364 0.001755 0.471523 0.006676 1.691105
0.446146 0.022949 0.035197 0.017754 0.001733 0.469525 0.006698 1.693367
0.450376 0.022326 0.034340 0.017149 0.001702 0.467384 0.006721 1.695609
0.454757 0.021746 0.033387 0.016597 0.001668 0.465098 0.006746 1.697716
0.459030 0.021188 0.032475 0.016115 0.001636 0.462785 0.006770 1.699820
0.463249 0.020673 0.031614 0.015617 0.001603 0.460458 0.006786 1.701848
0.467354 0.020222 0.030724 0.015139 0.001558 0.458197 0.006807 1.703848
0.471567 0.019784 0.029839 0.014694 0.001538 0.455757 0.006821 1.705799
0.475843 0.019414 0.028969 0.014280 0.001502 0.453156 0.006836 1.707660
0.480033 0.018961 0.028222 0.013895 0.001470 0.450558 0.006861 1.709566
0.484236 0.018606 0.027413 0.013478 0.001436 0.447958 0.006873 1.711389
0.488384 0.018280 0.026712 0.013117 0.001404 0.445210 0.006893 1.713182
0.492398 0.017962 0.026065 0.012764 0.001372 0.442529 0.006910 1.715015
0.496568 0.017594 0.025420 0.012437 0.001339 0.439717 0.006925 1.716800
0.500561 0.017356 0.024770 0.012160 0.001310 0.436902 0.006941 1.718496
0.504515 0.017135 0.024179 0.011827 0.001280 0.434106 0.006959 1.720135
0.508436 0.016921 0.023606 0.011537 0.001253 0.431273 0.006973 1.721789
0.512343 0.016709 0.023062 0.011204 0.001231 0.428463 0.006986 1.723434
0.516221 0.016489 0.022628 0.010901 0.001205 0.425559 0.006998 1.725111
0.520026 0.016312 0.022109 0.010693 0.001181 0.422671 0.007009 1.726711
0.523855 0.016132 0.021667 0.010467 0.001151 0.419704 0.007024 1.728324
0.527614 0.015949 0.021240 0.010258 0.001126 0.416778 0.007036 1.729934
0.531378 0.015800 0.020848 0.010007 0.001102 0.413811 0.007054 1.731507
0.535129 0.015656 0.020372 0.009762 0.001077 0.410934 0.007070 1.733021
0.538835 0.015537 0.019942 0.009562 0.001047 0.407997 0.007079 1.734547
0.542496 0.015413 0.019510 0.009367 0.001025 0.405096 0.007094 1.736034
0.546214 0.015191 0.019203 0.009160 0.001004 0.402120 0.007108 1.737589
0.549873 0.015065 0.018808 0.008984 0.000979 0.399167 0.007123 1.739118
0.553498 0.014903 0.018478 0.008820 0.000946 0.396220 0.007137 1.740595
0.557019 0.014867 0.018180 0.008639 0.000922 0.393221 0.007152 1.742051
0.560564 0.014751 0.017906 0.008491 0.000904 0.390218 0.007166 1.743521
0.564146 0.014596 0.017657 0.008324 0.000881 0.387219 0.007177 1.745013
0.567609 0.014561 0.017421 0.008187 0.000861 0.384171 0.007189 1.746452
0.570935 0.014492 0.017191 0.008085 0.000838 0.381259 0.007201 1.747933
0.574294 0.014430 0.016931 0.007973 0.000814 0.378348 0.007211 1.749379
0.577704 0.014341 0.016716 0.007833 0.000794 0.375393 0.007220 1.750810
0.580952 0.014334 0.016484 0.007731 0.000776 0.372492 0.007231 1.752203
0.584225 0.014297 0.016269 0.007625 0.000757 0.369588 0.007239 1.753616
0.587443 0.014320 0.015994 0.007552 0.000740 0.366701 0.007249 1.755010
0.590631 0.014332 0.015792 0.007425 0.000718 0.363844 0.007258 1.756397
0.593749 0.014331 0.015652 0.007352 0.000703 0.360949 0.007265 1.757798
0.596882 0.014313 0.015553 0.007271 0.000688 0.358024 0.007272 1.759219
0.600002 0.014358 0.015348 0.007199 0.000670 0.355143 0.007281 1.760606
0.603000 0.014423 0.015159 0.007113 0.000657 0.352362 0.007287 1.761948
0.605987 0.014393 0.015081 0.007061 0.000645 0.349542 0.007294 1.763397
0.608954 0.014435 0.014912 0.006990 0.000633 0.346775 0.007303 1.764775
0.611865 0.014418 0.014817 0.006938 0.000619 0.344032 0.007312 1.766174
0.614650 0.014505 0.014743 0.006865 0.000607 0.341313 0.007318 1.767550
0.617493 0.014513 0.014686 0.006795 0.000592 0.338595 0.007327 1.768953
0.620314 0.014556 0.014586 0.006767 0.000577 0.335866 0.007334 1.770348
0.623130 0.014469 0.014530 0.006735 0.000565 0.333234 0.007338 1.771813
0.625852 0.014513 0.014484 0.006701 0.000554 0.330552 0.007345 1.773217
0.628506 0.014569 0.014406 0.006666 0.000545 0.327959 0.007349 1.774619
0.631151 0.014603 0.014372 0.006652 0.000533 0.325336 0.007354 1.776086
0.633693 0.014625 0.014364 0.006615 0.000518 0.322822 0.007363 1.777547
0.636151 0.014721 0.014299 0.006589 0.000506 0.320362 0.007372 1.778963
0.638638 0.014784 0.014241 0.006575 0.000501 0.317881 0.007380 1.780422
0.641096 0.014815 0.014220 0.006554 0.000492 0.315440 0.007384 1.781896
0.643451 0.014947 0.014151 0.006506 0.000482 0.313072 0.007390 1.783312
0.645740 0.014996 0.014162 0.006485 0.000478 0.310747 0.007393 1.784785
0.648008 0.015059 0.014184 0.006475 0.000465 0.308414 0.007397 1.786280
0.650234 0.015149 0.014220 0.006438 0.000460 0.306099 0.007401 1.787751
0.652450 0.015243 0.014238 0.006419 0.000456 0.303789 0.007405 1.789239
0.654661 0.015328 0.014237 0.006439 0.000446 0.301476 0.007413 1.790728
0.656836 0.015395 0.014244 0.006457 0.000441 0.299209 0.007418 1.792238
0.658962 0.015482 0.014267 0.006463 0.000431 0.296971 0.007425 1.793742
0.661056 0.015527 0.014310 0.006459 0.000421 0.294797 0.007430 1.795273
0.663190 0.015593 0.014311 0.006480 0.000415 0.292576 0.007435 1.796789
0.665174 0.015684 0.014326 0.006494 0.000408 0.290471 0.007442 1.798335
0.667193 0.015794 0.014328 0.006535 0.000398 0.288305 0.007446 1.799901
0.669146 0.015860 0.014386 0.006573 0.000385 0.286196 0.007452 1.801475
0.670959 0.015951 0.014437 0.006614 0.000381 0.284200 0.007457 1.803054
0.672795 0.016013 0.014500 0.006636 0.000375 0.282220 0.007461 1.804652
0.674601 0.016110 0.014572 0.006664 0.000369 0.280219 0.007463 1.806248
0.676319 0.016253 0.014599 0.006695 0.000362 0.278306 0.007467 1.807809
0.678089 0.016355 0.014659 0.006687 0.000360 0.276380 0.007470 1.809398
0.679729 0.016516 0.014701 0.006705 0.000356 0.274520 0.007473 1.810989
0.681304 0.016700 0.014728 0.006746 0.000350 0.272699 0.007474 1.812605
0.682871 0.016823 0.014795 0.006804 0.000339 0.270890 0.007478 1.814247
0.684497 0.016885 0.014912 0.006811 0.000333 0.269081 0.007482 1.815938
0.686054 0.017013 0.014985 0.006888 0.000324 0.267252 0.007485 1.817626
0.687538 0.017148 0.015039 0.006916 0.000320 0.265551 0.007488 1.819290
0.689146 0.017275 0.015110 0.006959 0.000311 0.263707 0.007492 1.820994
0.690508 0.017432 0.015147 0.006990 0.000305 0.262123 0.007495 1.822685
0.691904 0.017605 0.015180 0.007031 0.000297 0.260482 0.007500 1.824383
0.693263 0.017789 0.015299 0.007010 0.000299 0.258838 0.007502 1.826080
0.694539 0.017975 0.015401 0.007074 0.000297 0.257208 0.007504 1.827809
0.695843 0.018145 0.015503 0.007111 0.000298 0.255596 0.007505 1.829551
0.697099 0.018254 0.015621 0.007174 0.000292 0.254050 0.007509 1.831339
0.698236 0.018378 0.015755 0.007168 0.000293 0.252659 0.007511 1.833146
0.699453 0.018499 0.015885 0.007237 0.000289 0.251120 0.007518 1.834961
0.700633 0.018686 0.015970 0.007282 0.000293 0.249613 0.007522 1.836753
0.701628 0.018885 0.016080 0.007344 0.000287 0.248252 0.007525 1.838573
0.702798 0.018988 0.016232 0.007399 0.000283 0.246769 0.007530 1.840476
0.703875 0.019099 0.016382 0.007444 0.000282 0.245386 0.007533 1.842366
0.704886 0.019289 0.016497 0.007514 0.000282 0.243997 0.007535 1.844189
0.705878 0.019459 0.016632 0.007589 0.000286 0.242619 0.007537 1.846108
0.706787 0.019642 0.016726 0.007666 0.000280 0.241358 0.007542 1.848009
0.707731 0.019744 0.016813 0.007751 0.000273 0.240143 0.007546 1.849953
0.708622 0.019887 0.016894 0.007820 0.000274 0.238956 0.007547 1.851878
0.709537 0.020064 0.016989 0.007873 0.000274 0.237716 0.007548 1.853804
0.710388 0.020227 0.017170 0.007903 0.000268 0.236493 0.007551 1.855783
0.711236 0.020295 0.017358 0.007942 0.000268 0.235348 0.007554 1.857824
0.712024 0.020438 0.017518 0.008012 0.000266 0.234186 0.007556 1.859823
0.712698 0.020644 0.017613 0.008077 0.000268 0.233139 0.007559 1.861847
0.713443 0.020821 0.017784 0.008124 0.000264 0.232000 0.007564 1.863851
0.714103 0.020944 0.017925 0.008205 0.000261 0.230997 0.007565 1.865913
0.714704 0.021131 0.018033 0.008319 0.000267 0.229979 0.007566 1.867981
0.715318 0.021262 0.018183 0.008402 0.000266 0.229001 0.007569 1.870089
0.715997 0.021378 0.018333 0.008471 0.000265 0.227987 0.007570 1.872203
0.716556 0.021629 0.018460 0.008507 0.000265 0.227011 0.007572 1.874259
0.717126 0.021758 0.018629 0.008560 0.000264 0.226090 0.007574 1.876391
0.717677 0.021886 0.018792 0.008641 0.000267 0.225162 0.007575 1.878574
0.718076 0.022067 0.018896 0.008745 0.000264 0.224375 0.007577 1.880744
0.718540 0.022233 0.019017 0.008787 0.000264 0.223579 0.007580 1.882895
0.718910 0.022374 0.019182 0.008858 0.000269 0.222826 0.007581 1.885097
0.719408 0.022464 0.019335 0.008959 0.000266 0.221984 0.007585 1.887340
0.719808 0.022630 0.019393 0.009025 0.000262 0.221293 0.007589 1.889538
0.720177 0.022757 0.019541 0.009091 0.000265 0.220576 0.007592 1.891769
0.720464 0.022951 0.019721 0.009123 0.000263 0.219884 0.007595 1.894000
0.720734 0.023088 0.019855 0.009151 0.000262 0.219313 0.007596 1.896285
0.721080 0.023237 0.019989 0.009194 0.000266 0.218636 0.007598 1.898520
0.721465 0.023302 0.020118 0.009265 0.000270 0.217980 0.007600 1.900812
0.721666 0.023399 0.020332 0.009348 0.000268 0.217384 0.007602 1.903176
0.721925 0.023550 0.020373 0.009432 0.000278 0.216836 0.007606 1.905464
0.722143 0.023794 0.020432 0.009518 0.000278 0.216227 0.007609 1.907723
0.722338 0.023934 0.020560 0.009590 0.000278 0.215687 0.007612 1.910065
0.722385 0.024167 0.020706 0.009609 0.000284 0.215236 0.007613 1.912425
0.722613 0.024280 0.020893 0.009648 0.000287 0.214665 0.007614 1.914813
0.722821 0.024412 0.021034 0.009695 0.000286 0.214134 0.007617 1.917171
0.722985 0.024620 0.021125 0.009759 0.000292 0.213600 0.007620 1.919517
0.723063 0.024780 0.021351 0.009826 0.000289 0.213065 0.007625 1.921961
0.723145 0.024942 0.021405 0.009884 0.000288 0.212710 0.007627 1.924364
0.723135 0.025058 0.021602 0.009951 0.000289 0.212334 0.007631 1.926853
0.723263 0.025126 0.021740 0.009978 0.000293 0.211969 0.007632 1.929313
0.723315 0.025275 0.021882 0.010002 0.000290 0.211600 0.007635 1.931772
0.723428 0.025331 0.022031 0.010049 0.000296 0.211229 0.007637 1.934260
0.723522 0.025441 0.022174 0.010091 0.000299 0.210832 0.007641 1.936746
0.723674 0.025471 0.022343 0.010130 0.000299 0.210442 0.007643 1.939237
0.723730 0.025508 0.022512 0.010166 0.000299 0.210138 0.007645 1.941772
0.723820 0.025576 0.022588 0.010282 0.000300 0.209787 0.007648 1.944299
0.723832 0.025708 0.022585 0.010367 0.000304 0.209553 0.007651 1.946778
0.723806 0.025730 0.022693 0.010498 0.000301 0.209320 0.007652 1.949387
0.723718 0.025773 0.022819 0.010533 0.000300 0.209203 0.007653 1.951950
0.723777 0.025838 0.022913 0.010607 0.000302 0.208909 0.007654 1.954481
0.723819 0.025934 0.022990 0.010672 0.000307 0.208623 0.007655 1.956976
0.723900 0.025969 0.023091 0.010728 0.000309 0.208344 0.007659 1.959552
0.723827 0.026054 0.023153 0.010776 0.000310 0.208219 0.007660 1.962085
0.723850 0.026099 0.023289 0.010782 0.000317 0.208001 0.007661 1.964609
0.723874 0.026082 0.023396 0.010803 0.000319 0.207860 0.007664 1.967194
0.723834 0.026101 0.023428 0.010884 0.000318 0.207767 0.007668 1.969757
0.723754 0.026247 0.023472 0.010857 0.000320 0.207679 0.007670 1.972253
0.723726 0.026250 0.023595 0.010879 0.000321 0.207555 0.007674 1.974848
0.723644 0.026303 0.023703 0.010911 0.000324 0.207437 0.007677 1.977439
0.723646 0.026310 0.023785 0.010937 0.000322 0.207320 0.007681 1.980019
0.723697 0.026280 0.023870 0.010969 0.000320 0.207178 0.007685 1.982640
0.723770 0.026326 0.023936 0.010936 0.000319 0.207026 0.007687 1.985164
0.723705 0.026445 0.023968 0.010943 0.000321 0.206928 0.007691 1.987691
0.723651 0.026540 0.024036 0.010961 0.000326 0.206793 0.007692 1.990246
0.723501 0.026642 0.024064 0.011030 0.000329 0.206738 0.007696 1.992839
0.723465 0.026626 0.024133 0.011051 0.000337 0.206691 0.007697 1.995479
0.723475 0.026620 0.024158 0.011066 0.000339 0.206643 0.007699 1.998071
0.723450 0.026604 0.024217 0.011118 0.000335 0.206573 0.007703 2.000694
0.723365 0.026572 0.024348 0.011120 0.000339 0.206551 0.007706 2.003360
0.723344 0.026568 0.024385 0.011142 0.000338 0.206513 0.007709 2.005975
0.723303 0.026574 0.024401 0.011160 0.000337 0.206512 0.007712 2.008597
0.723255 0.026521 0.024491 0.011222 0.000337 0.206461 0.007714 2.011275
0.723319 0.026527 0.024513 0.011263 0.000338 0.206325 0.007715 2.013841
0.723323 0.026465 0.024546 0.011249 0.000332 0.206368 0.007718 2.016468
0.723312 0.026516 0.024578 0.011244 0.000330 0.206301 0.007720 2.019012
0.723410 0.026478 0.024614 0.011255 0.000330 0.206192 0.007722 2.021582
0.723457 0.026404 0.024618 0.011285 0.000331 0.206179 0.007726 2.024184
0.723505 0.026428 0.024667 0.011311 0.000340 0.206022 0.007728 2.026754
0.723544 0.026406 0.024706 0.011327 0.000337 0.205949 0.007731 2.029347
0.723563 0.026328 0.024703 0.011330 0.000340 0.206003 0.007734 2.031959
0.723605 0.026283 0.024727 0.011342 0.000341 0.205963 0.007740 2.034515
0.723693 0.026195 0.024765 0.011340 0.000340 0.205925 0.007744 2.037161
0.723648 0.026203 0.024811 0.011348 0.000333 0.205908 0.007748 2.039716
0.723728 0.026208 0.024767 0.011356 0.000334 0.205855 0.007752 2.042274
0.723771 0.026150 0.024802 0.011352 0.000342 0.205828 0.007755 2.044827
0.723787 0.026097 0.024855 0.011347 0.000339 0.205816 0.007758 2.047444
0.723960 0.025978 0.024809 0.011367 0.000339 0.205786 0.007762 2.049990
0.723992 0.026024 0.024738 0.011345 0.000337 0.205800 0.007764 2.052523
0.724158 0.025954 0.024707 0.011343 0.000339 0.205731 0.007767 2.055071
0.724149 0.025908 0.024692 0.011313 0.000350 0.205822 0.007768 2.057639
0.724258 0.025885 0.024689 0.011275 0.000349 0.205773 0.007771 2.060157
0.724402 0.025831 0.024727 0.011279 0.000348 0.205636 0.007777 2.062708
0.724514 0.025830 0.024699 0.011278 0.000344 0.205552 0.007782 2.065209
0.724588 0.025766 0.024654 0.011291 0.000340 0.205576 0.007784 2.067754
0.724673 0.025730 0.024678 0.011212 0.000345 0.205575 0.007787 2.070274
0.724813 0.025699 0.024610 0.011176 0.000342 0.205571 0.007788 2.072735
0.724996 0.025628 0.024642 0.011173 0.000347 0.205423 0.007792 2.075258
0.724991 0.025665 0.024624 0.011153 0.000344 0.205427 0.007796 2.077741
0.725055 0.025619 0.024590 0.011185 0.000344 0.205409 0.007798 2.080267
0.725103 0.025687 0.024454 0.011187 0.000346 0.205424 0.007800 2.082724
0.725297 0.025619 0.024473 0.011177 0.000344 0.205287 0.007802 2.085255
0.725407 0.025594 0.024387 0.011121 0.000344 0.205342 0.007805 2.087717
0.725519 0.025511 0.024369 0.011105 0.000344 0.205342 0.007808 2.090215
0.725738 0.025382 0.024324 0.011109 0.000342 0.205294 0.007811 2.092723
0.725816 0.025389 0.024379 0.011083 0.000345 0.205176 0.007812 2.095190
0.725925 0.025341 0.024342 0.011041 0.000347 0.205188 0.007816 2.097695
0.726077 0.025286 0.024232 0.011025 0.000340 0.205221 0.007818 2.100182
0.726348 0.025172 0.024209 0.011028 0.000337 0.205083 0.007821 2.102678
0.726542 0.025080 0.024129 0.010987 0.000341 0.205097 0.007823 2.105181
0.726780 0.024964 0.024144 0.010957 0.000348 0.204982 0.007824 2.107635
0.726968 0.024883 0.024141 0.010963 0.000351 0.204866 0.007827 2.110125
0.727172 0.024840 0.024171 0.010922 0.000347 0.204717 0.007831 2.112585
0.727302 0.024748 0.024199 0.010874 0.000349 0.204695 0.007834 2.115064
0.727466 0.024720 0.024117 0.010814 0.000351 0.204695 0.007837 2.117466
0.727536 0.024752 0.024063 0.010767 0.000349 0.204692 0.007839 2.119867
0.727634 0.024739 0.024032 0.010771 0.000349 0.204634 0.007841 2.122297
0.727737 0.024737 0.023988 0.010741 0.000353 0.204599 0.007844 2.124728
0.727981 0.024701 0.023968 0.010715 0.000350 0.204438 0.007847 2.127145
0.728127 0.024680 0.023917 0.010709 0.000348 0.204372 0.007848 2.129549
0.728234 0.024662 0.023863 0.010726 0.000351 0.204313 0.007851 2.131978
0.728417 0.024505 0.023930 0.010725 0.000351 0.204217 0.007854 2.134494
0.728585 0.024496 0.023891 0.010688 0.000349 0.204133 0.007858 2.136895
0.728787 0.024410 0.023820 0.010722 0.000349 0.204051 0.007862 2.139289
0.728950 0.024468 0.023745 0.010724 0.000350 0.203897 0.007866 2.141629
0.729167 0.024432 0.023678 0.010768 0.000359 0.203730 0.007868 2.144034
0.729260 0.024490 0.023598 0.010714 0.000358 0.203710 0.007870 2.146402
0.729466 0.024380 0.023578 0.010689 0.000356 0.203660 0.007872 2.148863
0.729730 0.024368 0.023540 0.010652 0.000353 0.203484 0.007875 2.151206
0.729998 0.024304 0.023463 0.010623 0.000349 0.203387 0.007877 2.153583
0.730186 0.024275 0.023451 0.010642 0.000355 0.203215 0.007878 2.155954
0.730318 0.024267 0.023446 0.010646 0.000356 0.203087 0.007881 2.158350
0.730568 0.024171 0.023463 0.010596 0.000357 0.202958 0.007887 2.160767
0.730706 0.024179 0.023384 0.010496 0.000365 0.202981 0.007890 2.163100
0.730925 0.024153 0.023320 0.010499 0.000363 0.202846 0.007895 2.165459
0.731178 0.024168 0.023243 0.010505 0.000360 0.202648 0.007897 2.167773
0.731433 0.024087 0.023164 0.010446 0.000359 0.202611 0.007900 2.170118
0.731665 0.024088 0.023117 0.010412 0.000354 0.202462 0.007903 2.172398
0.731934 0.023985 0.023146 0.010350 0.000351 0.202327 0.007908 2.174752
0.732172 0.023911 0.023157 0.010385 0.000350 0.202114 0.007911 2.177140
0.732283 0.023907 0.023132 0.010337 0.000352 0.202077 0.007913 2.179493
0.732490 0.023862 0.023030 0.010327 0.000349 0.202025 0.007918 2.181822
0.732703 0.023836 0.023012 0.010368 0.000348 0.201813 0.007921 2.184182
0.732935 0.023801 0.022933 0.010352 0.000355 0.201701 0.007923 2.186547
0.733133 0.023779 0.022892 0.010332 0.000352 0.201585 0.007926 2.188859
0.733354 0.023675 0.022899 0.010326 0.000353 0.201464 0.007930 2.191254
0.733538 0.023690 0.022881 0.010284 0.000345 0.201329 0.007933 2.193588
0.733781 0.023693 0.022837 0.010271 0.000350 0.201136 0.007934 2.195886
0.734010 0.023622 0.022846 0.010271 0.000353 0.200963 0.007936 2.198249
0.734274 0.023583 0.022768 0.010251 0.000350 0.200835 0.007939 2.200553
0.734511 0.023507 0.022762 0.010207 0.000349 0.200721 0.007943 2.202878
0.734680 0.023542 0.022788 0.010173 0.000349 0.200524 0.007945 2.205198
0.734883 0.023512 0.022743 0.010152 0.000343 0.200417 0.007949 2.207501
0.734968 0.023579 0.022697 0.010164 0.000348 0.200295 0.007950 2.209828
0.735219 0.023527 0.022627 0.010183 0.000343 0.200148 0.007953 2.212137
0.735414 0.023516 0.022607 0.010194 0.000341 0.199973 0.007956 2.214468
0.735548 0.023579 0.022565 0.010175 0.000353 0.199820 0.007960 2.216745
0.735720 0.023517 0.022625 0.010183 0.000360 0.199632 0.007963 2.219138
0.735889 0.023540 0.022563 0.010160 0.000365 0.199518 0.007965 2.221419
0.736121 0.023475 0.022572 0.010149 0.000365 0.199351 0.007968 2.223754
0.736305 0.023439 0.022562 0.010098 0.000362 0.199263 0.007972 2.226046
0.736579 0.023425 0.022548 0.010065 0.000358 0.199049 0.007976 2.228320
0.736773 0.023465 0.022480 0.010097 0.000360 0.198847 0.007978 2.230597
0.737072 0.023354 0.022489 0.010135 0.000362 0.198607 0.007980 2.232942
0.737294 0.023331 0.022426 0.010112 0.000367 0.198487 0.007983 2.235186
0.737473 0.023336 0.022456 0.010112 0.000370 0.198266 0.007986 2.237512
0.737661 0.023372 0.022411 0.010089 0.000367 0.198109 0.007992 2.239791
0.737905 0.023316 0.022387 0.010067 0.000366 0.197964 0.007994 2.242081
0.738137 0.023379 0.022309 0.010023 0.000364 0.197791 0.007997 2.244300
0.738308 0.023423 0.022294 0.010011 0.000362 0.197603 0.008000 2.246565
0.738438 0.023381 0.022324 0.010052 0.000360 0.197439 0.008006 2.248905
0.738646 0.023401 0.022282 0.010058 0.000361 0.197243 0.008009 2.251174
0.738862 0.023383 0.022238 0.009999 0.000364 0.197142 0.008012 2.253411
0.739080 0.023372 0.022266 0.009988 0.000368 0.196913 0.008013 2.255695
0.739219 0.023378 0.022246 0.009981 0.000367 0.196793 0.008016 2.257996
0.739448 0.023368 0.022190 0.009994 0.000364 0.196618 0.008019 2.260291
0.739606 0.023376 0.022235 0.010002 0.000366 0.196393 0.008023 2.262601
0.739761 0.023403 0.022202 0.009992 0.000364 0.196253 0.008026 2.264861
0.739842 0.023420 0.022197 0.009991 0.000355 0.196166 0.008030 2.267162
0.739918 0.023498 0.022219 0.009980 0.000351 0.196000 0.008034 2.269429
0.740014 0.023502 0.022233 0.010000 0.000352 0.195864 0.008036 2.271725
0.740159 0.023437 0.022204 0.010029 0.000353 0.195779 0.008039 2.274062
0.740225 0.023490 0.022100 0.010074 0.000350 0.195720 0.008042 2.276366
0.740356 0.023574 0.022073 0.010020 0.000343 0.195591 0.008045 2.278587
0.740531 0.023498 0.022133 0.010027 0.000340 0.195419 0.008051 2.280942
0.740577 0.023572 0.022118 0.010011 0.000348 0.195321 0.008053 2.283238
0.740708 0.023609 0.022124 0.009977 0.000351 0.195175 0.008056 2.285499
0.740840 0.023577 0.022124 0.010008 0.000346 0.195043 0.008062 2.287809
0.740924 0.023537 0.022167 0.010003 0.000343 0.194960 0.008066 2.290172
0.741043 0.023622 0.022133 0.009961 0.000341 0.194830 0.008070 2.292428
0.741120 0.023660 0.022145 0.009973 0.000339 0.194689 0.008075 2.294755
0.741296 0.023679 0.022184 0.009947 0.000344 0.194473 0.008077 2.297017
0.741418 0.023664 0.022139 0.009964 0.000344 0.194391 0.008081 2.299369
0.741552 0.023596 0.022168 0.009980 0.000342 0.194282 0.008082 2.301730
0.741704 0.023625 0.022125 0.009990 0.000338 0.194132 0.008086 2.304006
0.741833 0.023610 0.022094 0.010003 0.000336 0.194033 0.008090 2.306342
0.741911 0.023627 0.022126 0.010012 0.000332 0.193898 0.008094 2.308644
0.741939 0.023672 0.022165 0.010011 0.000332 0.193784 0.008098 2.310986
0.741987 0.023736 0.022165 0.010014 0.000333 0.193667 0.008100 2.313281
0.742137 0.023698 0.022174 0.010055 0.000336 0.193499 0.008102 2.315626
0.742215 0.023693 0.022160 0.010087 0.000339 0.193398 0.008107 2.317977
0.742290 0.023726 0.022218 0.010044 0.000348 0.193266 0.008109 2.320286
0.742379 0.023698 0.022266 0.010087 0.000347 0.193114 0.008111 2.322655
0.742442 0.023754 0.022296 0.010031 0.000349 0.193015 0.008114 2.324960
0.742453 0.023780 0.022368 0.010044 0.000345 0.192894 0.008116 2.327304
0.742559 0.023742 0.022393 0.010098 0.000344 0.192746 0.008119 2.329684
0.742671 0.023731 0.022385 0.010122 0.000345 0.192623 0.008123 2.332015
0.742658 0.023761 0.022406 0.010104 0.000343 0.192601 0.008127 2.334361
0.742692 0.023775 0.022406 0.010113 0.000344 0.192542 0.008129 2.336690
0.742847 0.023741 0.022459 0.010055 0.000348 0.192418 0.008132 2.338978
0.742893 0.023803 0.022485 0.010064 0.000348 0.192271 0.008135 2.341305
0.742872 0.023890 0.022487 0.010013 0.000350 0.192250 0.008138 2.343599
0.742868 0.023953 0.022471 0.010040 0.000351 0.192175 0.008143 2.345934
0.743022 0.023850 0.022489 0.010092 0.000357 0.192046 0.008144 2.348324
0.742978 0.023850 0.022498 0.010103 0.000353 0.192071 0.008147 2.350720
0.743038 0.023799 0.022535 0.010126 0.000349 0.192003 0.008150 2.353088
0.743103 0.023782 0.022589 0.010158 0.000347 0.191870 0.008152 2.355426
0.743114 0.023774 0.022538 0.010190 0.000353 0.191878 0.008154 2.357770
0.743047 0.023814 0.022539 0.010190 0.000353 0.191901 0.008156 2.360122
0.743117 0.023826 0.022465 0.010161 0.000353 0.191921 0.008157 2.362426
0.743113 0.023927 0.022467 0.010126 0.000345 0.191860 0.008164 2.364730
0.743219 0.023890 0.022468 0.010160 0.000349 0.191749 0.008166 2.367084
0.743344 0.023824 0.022479 0.010170 0.000357 0.191659 0.008168 2.369457
0.743387 0.023830 0.022491 0.010140 0.000355 0.191626 0.008171 2.371802
0.743393 0.023880 0.022487 0.010168 0.000354 0.191545 0.008173 2.374136
0.743551 0.023881 0.022479 0.010135 0.000352 0.191428 0.008175 2.376433
0.743571 0.023983 0.022462 0.010135 0.000352 0.191320 0.008176 2.378709
0.743646 0.023944 0.022434 0.010133 0.000352 0.191314 0.008178 2.381040
0.743700 0.023968 0.022457 0.010140 0.000352 0.191203 0.008181 2.383359
0.743749 0.023921 0.022520 0.010149 0.000346 0.191130 0.008187 2.385714
0.743832 0.023877 0.022571 0.010160 0.000344 0.191026 0.008191 2.388089
0.743838 0.023893 0.022546 0.010134 0.000344 0.191050 0.008195 2.390407
0.743964 0.023851 0.022557 0.010127 0.000346 0.190958 0.008198 2.392744
0.744001 0.023776 0.022584 0.010150 0.000348 0.190942 0.008200 2.395111
0.744090 0.023725 0.022573 0.010128 0.000348 0.190933 0.008203 2.397475
0.744152 0.023671 0.022611 0.010153 0.000339 0.190869 0.008206 2.399844
0.744254 0.023676 0.022552 0.010151 0.000338 0.190823 0.008209 2.402139
0.744277 0.023701 0.022562 0.010093 0.000342 0.190815 0.008211 2.404427
0.744350 0.023783 0.022479 0.010078 0.000345 0.190753 0.008213 2.406693
0.744337 0.023817 0.022430 0.010086 0.000344 0.190771 0.008216 2.409026
0.744332 0.023850 0.022456 0.010124 0.000341 0.190679 0.008220 2.411369
0.744371 0.023853 0.022533 0.010155 0.000339 0.190525 0.008225 2.413729
0.744422 0.023849 0.022566 0.010159 0.000340 0.190437 0.008229 2.416116
0.744430 0.023803 0.022603 0.010164 0.000339 0.190431 0.008232 2.418503
0.744433 0.023818 0.022677 0.010169 0.000337 0.190331 0.008235 2.420893
0.744507 0.023798 0.022711 0.010128 0.000334 0.190285 0.008238 2.423236
0.744493 0.023854 0.022615 0.010086 0.000334 0.190377 0.008241 2.425510
0.744437 0.023879 0.022594 0.010101 0.000337 0.190408 0.008243 2.427814
0.744484 0.023922 0.022590 0.010070 0.000334 0.190354 0.008246 2.430119
0.744507 0.023950 0.022574 0.010097 0.000331 0.190292 0.008249 2.432463
0.744553 0.023965 0.022554 0.010096 0.000323 0.190252 0.008256 2.434771
0.744546 0.024058 0.022554 0.010110 0.000324 0.190150 0.008259 2.437112
0.744524 0.024041 0.022570 0.010097 0.000331 0.190175 0.008262 2.439493
0.744641 0.023971 0.022578 0.010116 0.000327 0.190103 0.008264 2.441873
0.744612 0.024032 0.022537 0.010049 0.000327 0.190175 0.008268 2.444195
0.744653 0.023947 0.022565 0.010105 0.000329 0.190131 0.008271 2.446599
0.744684 0.023939 0.022555 0.010131 0.000329 0.190089 0.008274 2.448948
0.744616 0.024010 0.022579 0.010130 0.000327 0.190060 0.008278 2.451280
0.744690 0.023909 0.022639 0.010136 0.000332 0.190012 0.008282 2.453674
0.744766 0.023904 0.022645 0.010137 0.000338 0.189928 0.008283 2.456032
0.744817 0.023887 0.022643 0.010142 0.000337 0.189889 0.008287 2.458400
0.744861 0.023921 0.022576 0.010149 0.000335 0.189870 0.008289 2.460704
0.744885 0.023909 0.022551 0.010129 0.000335 0.189898 0.008295 2.463032
0.744920 0.023922 0.022608 0.010112 0.000340 0.189800 0.008297 2.465374
0.744887 0.023926 0.022575 0.010127 0.000330 0.189852 0.008302 2.467733
0.744910 0.023906 0.022609 0.010115 0.000327 0.189828 0.008305 2.470110
0.744911 0.023872 0.022580 0.010130 0.000328 0.189872 0.008307 2.472450
0.745002 0.023810 0.022606 0.010171 0.000332 0.189769 0.008312 2.474823
0.745016 0.023792 0.022645 0.010186 0.000330 0.189715 0.008316 2.477199
0.745017 0.023753 0.022662 0.010220 0.000324 0.189704 0.008320 2.479584
0.745052 0.023799 0.022613 0.010215 0.000318 0.189681 0.008323 2.481910
0.745050 0.023772 0.022644 0.010206 0.000322 0.189680 0.008326 2.484311
0.745159 0.023750 0.022643 0.010241 0.000321 0.189553 0.008333 2.486625
0.745205 0.023754 0.022582 0.010254 0.000323 0.189548 0.008334 2.488953
0.745261 0.023779 0.022658 0.010248 0.000327 0.189393 0.008335 2.491256
0.745309 0.023741 0.022683 0.010184 0.000324 0.189424 0.008335 2.493622
0.745260 0.023812 0.022598 0.010211 0.000317 0.189466 0.008337 2.495914
0.745370 0.023832 0.022589 0.010190 0.000317 0.189363 0.008339 2.498234
0.745289 0.023869 0.022601 0.010191 0.000321 0.189386 0.008344 2.500597
0.745389 0.023840 0.022568 0.010213 0.000326 0.189318 0.008346 2.502931
0.745476 0.023853 0.022529 0.010164 0.000327 0.189303 0.008349 2.505240
0.745507 0.023875 0.022531 0.010165 0.000323 0.189244 0.008355 2.507589
0.745503 0.023849 0.022576 0.010162 0.000324 0.189226 0.008359 2.509945
0.745540 0.023765 0.022545 0.010211 0.000318 0.189259 0.008363 2.512322
0.745597 0.023728 0.022506 0.010239 0.000314 0.189250 0.008368 2.514656
0.745582 0.023766 0.022479 0.010256 0.000310 0.189238 0.008370 2.516981
0.745561 0.023776 0.022530 0.010266 0.000308 0.189187 0.008372 2.519366
0.745571 0.023752 0.022505 0.010285 0.000314 0.189201 0.008372 2.521711
0.745625 0.023771 0.022466 0.010248 0.000317 0.189199 0.008373 2.524027
0.745583 0.023869 0.022386 0.010219 0.000322 0.189247 0.008375 2.526321
0.745590 0.023874 0.022391 0.010172 0.000322 0.189275 0.008378 2.528650
0.745579 0.023906 0.022410 0.010206 0.000328 0.189192 0.008380 2.531009
0.745581 0.023970 0.022409 0.010208 0.000334 0.189117 0.008382 2.533301
0.745592 0.023989 0.022475 0.010252 0.000337 0.188971 0.008383 2.535664
0.745690 0.023987 0.022417 0.010232 0.000334 0.188955 0.008385 2.537968
0.745638 0.024041 0.022411 0.010227 0.000341 0.188955 0.008387 2.540302
0.745662 0.023977 0.022490 0.010177 0.000343 0.188962 0.008391 2.542696
0.745669 0.023987 0.022449 0.010150 0.000341 0.189009 0.008395 2.545002
0.745702 0.023964 0.022444 0.010176 0.000342 0.188973 0.008400 2.547409
0.745660 0.023990 0.022438 0.010214 0.000338 0.188957 0.008404 2.549741
0.745684 0.023976 0.022432 0.010243 0.000341 0.188914 0.008409 2.552115
0.745737 0.023979 0.022504 0.010205 0.000339 0.188825 0.008412 2.554484
0.745811 0.023921 0.022524 0.010171 0.000337 0.188821 0.008417 2.556840
0.745745 0.023954 0.022545 0.010170 0.000331 0.188830 0.008424 2.559184
0.745668 0.024056 0.022487 0.010190 0.000333 0.188841 0.008427 2.561485
0.745628 0.024099 0.022546 0.010181 0.000326 0.188793 0.008429 2.563833
0.745714 0.024010 0.022588 0.010181 0.000325 0.188751 0.008431 2.566228
0.745709 0.023981 0.022610 0.010144 0.000323 0.188801 0.008433 2.568588
0.745668 0.023957 0.022625 0.010135 0.000326 0.188854 0.008436 2.570944
0.745640 0.024070 0.022621 0.010144 0.000326 0.188762 0.008437 2.573247
0.745578 0.024058 0.022658 0.010204 0.000334 0.188729 0.008440 2.575635
0.745695 0.023997 0.022727 0.010214 0.000331 0.188592 0.008445 2.578039
0.745612 0.024092 0.022633 0.010180 0.000332 0.188705 0.008448 2.580342
0.745604 0.024151 0.022592 0.010151 0.000338 0.188713 0.008451 2.582646
0.745629 0.024089 0.022620 0.010232 0.000335 0.188640 0.008455 2.585041
0.745585 0.024072 0.022618 0.010206 0.000331 0.188729 0.008459 2.587418
0.745611 0.024025 0.022654 0.010216 0.000326 0.188707 0.008461 2.589778
0.745605 0.024071 0.022590 0.010212 0.000322 0.188736 0.008464 2.592117
0.745607 0.024075 0.022643 0.010227 0.000323 0.188662 0.008465 2.594478
0.745682 0.024046 0.022659 0.010210 0.000325 0.188610 0.008469 2.596826
0.745751 0.023991 0.022684 0.010237 0.000327 0.188539 0.008473 2.599217
0.745796 0.023983 0.022692 0.010202 0.000325 0.188528 0.008476 2.601535
0.745887 0.023886 0.022700 0.010230 0.000329 0.188491 0.008478 2.603919
0.745835 0.023859 0.022741 0.010205 0.000335 0.188546 0.008479 2.606308
0.745902 0.023893 0.022742 0.010193 0.000334 0.188452 0.008484 2.608643
0.745882 0.023963 0.022723 0.010208 0.000335 0.188404 0.008486 2.610955
0.745892 0.023961 0.022781 0.010207 0.000335 0.188337 0.008488 2.613326
0.745895 0.023985 0.022817 0.010151 0.000327 0.188333 0.008490 2.615667
0.745912 0.024015 0.022824 0.010138 0.000331 0.188289 0.008491 2.618028
0.745829 0.024072 0.022804 0.010138 0.000334 0.188331 0.008493 2.620328
0.745721 0.024148 0.022807 0.010156 0.000333 0.188340 0.008496 2.622700
0.745776 0.024079 0.022785 0.010144 0.000330 0.188386 0.008501 2.625086
0.745738 0.024108 0.022754 0.010156 0.000333 0.188408 0.008503 2.627455
0.745659 0.024214 0.022683 0.010172 0.000333 0.188435 0.008505 2.629799
0.745702 0.024161 0.022742 0.010192 0.000335 0.188361 0.008508 2.632213
0.745536 0.024203 0.022712 0.010229 0.000333 0.188476 0.008512 2.634637
0.745472 0.024242 0.022756 0.010262 0.000330 0.188425 0.008513 2.637014
0.745498 0.024198 0.022698 0.010282 0.000329 0.188478 0.008517 2.639393
0.745555 0.024132 0.022730 0.010296 0.000331 0.188437 0.008520 2.641806
0.745603 0.024070 0.022743 0.010274 0.000335 0.188452 0.008523 2.644183
0.745655 0.024067 0.022752 0.010243 0.000338 0.188418 0.008527 2.646493
0.745710 0.024033 0.022693 0.010293 0.000337 0.188403 0.008532 2.648871
0.745773 0.024014 0.022764 0.010252 0.000332 0.188328 0.008536 2.651227
0.745783 0.023973 0.022766 0.010220 0.000340 0.188381 0.008538 2.653608
0.745739 0.023933 0.022819 0.010226 0.000338 0.188404 0.008541 2.656005
0.745702 0.023988 0.022767 0.010238 0.000338 0.188423 0.008544 2.658338
0.745679 0.024011 0.022862 0.010243 0.000337 0.188322 0.008547 2.660733
0.745676 0.024002 0.022802 0.010224 0.000338 0.188406 0.008553 2.663082
0.745689 0.024043 0.022816 0.010194 0.000346 0.188360 0.008555 2.665396
0.745672 0.024029 0.022859 0.010172 0.000347 0.188362 0.008558 2.667746
0.745616 0.024113 0.022824 0.010168 0.000353 0.188364 0.008561 2.670082
0.745557 0.024112 0.022843 0.010191 0.000351 0.188383 0.008563 2.672507
0.745521 0.024129 0.022861 0.010227 0.000349 0.188347 0.008566 2.674894
0.745426 0.024280 0.022863 0.010201 0.000354 0.188306 0.008570 2.677222
0.745418 0.024260 0.022858 0.010235 0.000354 0.188306 0.008571 2.679598
0.745438 0.024268 0.022828 0.010258 0.000350 0.188286 0.008573 2.681970
0.745432 0.024324 0.022793 0.010244 0.000350 0.188278 0.008579 2.684305
0.745392 0.024347 0.022754 0.010232 0.000349 0.188345 0.008582 2.686644
0.745396 0.024296 0.022774 0.010195 0.000351 0.188402 0.008585 2.689029
0.745414 0.024219 0.022820 0.010206 0.000356 0.188396 0.008588 2.691432
0.745407 0.024171 0.022875 0.010214 0.000358 0.188383 0.008593 2.693851
0.745393 0.024160 0.022831 0.010236 0.000362 0.188424 0.008595 2.696246
0.745346 0.024184 0.022880 0.010224 0.000360 0.188408 0.008597 2.698612
0.745248 0.024168 0.022896 0.010293 0.000358 0.188438 0.008599 2.701034
0.745220 0.024200 0.022849 0.010293 0.000362 0.188473 0.008604 2.703403
0.745175 0.024210 0.022853 0.010284 0.000360 0.188509 0.008609 2.705754
0.745159 0.024160 0.022887 0.010268 0.000359 0.188555 0.008612 2.708142
0.745158 0.024082 0.022913 0.010262 0.000356 0.188615 0.008614 2.710551
0.745080 0.024093 0.022928 0.010238 0.000364 0.188682 0.008615 2.712914
0.745094 0.024046 0.022991 0.010233 0.000363 0.188656 0.008618 2.715329
0.744983 0.024118 0.023015 0.010238 0.000361 0.188665 0.008620 2.717714
0.745002 0.024152 0.022978 0.010230 0.000359 0.188654 0.008626 2.720068
0.744947 0.024091 0.023009 0.010252 0.000347 0.188721 0.008634 2.722462
0.744857 0.024175 0.022994 0.010231 0.000347 0.188759 0.008637 2.724790
0.744768 0.024191 0.023001 0.010255 0.000339 0.188805 0.008642 2.727162
0.744734 0.024164 0.022980 0.010259 0.000341 0.188880 0.008643 2.729541
0.744738 0.024116 0.022964 0.010270 0.000337 0.188928 0.008648 2.731956
0.744649 0.024161 0.022979 0.010270 0.000331 0.188959 0.008652 2.734332
0.744643 0.024090 0.022980 0.010277 0.000326 0.189030 0.008655 2.736716
0.744625 0.024128 0.022954 0.010270 0.000326 0.189040 0.008658 2.739029
0.744541 0.024210 0.022960 0.010200 0.000329 0.189101 0.008660 2.741350
0.744518 0.024179 0.022952 0.010224 0.000331 0.189136 0.008661 2.743725
0.744548 0.024247 0.022947 0.010239 0.000333 0.189022 0.008664 2.746068
0.744503 0.024247 0.022960 0.010200 0.000332 0.189092 0.008666 2.748462
0.744511 0.024202 0.022955 0.010237 0.000331 0.189095 0.008669 2.750845
0.744591 0.024218 0.022908 0.010225 0.000331 0.189055 0.008672 2.753172
0.744561 0.024212 0.022944 0.010223 0.000332 0.189056 0.008674 2.755581
0.744568 0.024263 0.022953 0.010180 0.000333 0.189029 0.008676 2.757921
0.744551 0.024298 0.022937 0.010201 0.000338 0.188996 0.008680 2.760275
0.744573 0.024290 0.022895 0.010198 0.000342 0.189020 0.008682 2.762611
0.744549 0.024271 0.022944 0.010230 0.000343 0.188981 0.008684 2.765030
0.744539 0.024229 0.022936 0.010278 0.000341 0.188993 0.008685 2.767446
0.744473 0.024236 0.022954 0.010279 0.000339 0.189030 0.008690 2.769837
0.744486 0.024165 0.023024 0.010270 0.000341 0.189023 0.008692 2.772264
0.744521 0.024186 0.022961 0.010285 0.000339 0.189014 0.008694 2.774582
0.744547 0.024108 0.022947 0.010324 0.000332 0.189047 0.008697 2.776976
0.744560 0.024143 0.022964 0.010325 0.000332 0.188975 0.008702 2.779319
0.744603 0.024142 0.022915 0.010283 0.000332 0.189020 0.008705 2.781655
0.744704 0.024129 0.022866 0.010252 0.000331 0.189012 0.008707 2.783940
0.744748 0.024077 0.022893 0.010225 0.000331 0.189017 0.008710 2.786286
0.744833 0.024053 0.022840 0.010220 0.000326 0.189012 0.008716 2.788610
0.744862 0.024046 0.022848 0.010247 0.000327 0.188952 0.008719 2.790969
0.744806 0.024022 0.022875 0.010248 0.000331 0.188996 0.008722 2.793342
0.744781 0.024009 0.022892 0.010230 0.000337 0.189029 0.008724 2.795733
0.744790 0.023941 0.022848 0.010233 0.000342 0.189122 0.008725 2.798101
0.744839 0.023872 0.022856 0.010218 0.000344 0.189141 0.008729 2.800443
0.744800 0.023918 0.022800 0.010207 0.000345 0.189199 0.008732 2.802767
0.744809 0.023965 0.022735 0.010193 0.000340 0.189220 0.008737 2.805080
0.744772 0.023916 0.022721 0.010225 0.000334 0.189292 0.008741 2.807449
0.744869 0.023859 0.022772 0.010199 0.000327 0.189229 0.008745 2.809816
0.744861 0.023848 0.022739 0.010210 0.000329 0.189265 0.008748 2.812186
0.744905 0.023890 0.022672 0.010239 0.000326 0.189220 0.008751 2.814507
0.744959 0.023851 0.022709 0.010225 0.000325 0.189179 0.008754 2.816880
0.744942 0.023798 0.022691 0.010233 0.000322 0.189256 0.008759 2.819234
0.745001 0.023825 0.022610 0.010216 0.000327 0.189258 0.008762 2.821537
0.745147 0.023776 0.022582 0.010214 0.000327 0.189187 0.008766 2.823852
0.745164 0.023813 0.022540 0.010250 0.000330 0.189134 0.008769 2.826133
0.745275 0.023779 0.022557 0.010213 0.000333 0.189071 0.008773 2.828477
0.745253 0.023846 0.022536 0.010252 0.000329 0.189010 0.008775 2.830809
0.745271 0.023860 0.022475 0.010245 0.000327 0.189044 0.008778 2.833121
0.745295 0.023875 0.022447 0.010214 0.000328 0.189059 0.008781 2.835455
0.745304 0.023853 0.022521 0.010215 0.000333 0.188991 0.008784 2.837843
0.745222 0.023891 0.022499 0.010209 0.000335 0.189059 0.008786 2.840170
0.745286 0.023880 0.022557 0.010182 0.000336 0.188972 0.008788 2.842529
0.745357 0.023808 0.022549 0.010157 0.000342 0.188998 0.008790 2.844864
0.745319 0.023809 0.022543 0.010167 0.000342 0.189029 0.008792 2.847220
0.745292 0.023850 0.022559 0.010123 0.000340 0.189042 0.008795 2.849535
0.745332 0.023764 0.022583 0.010156 0.000343 0.189027 0.008796 2.851934
0.745328 0.023765 0.022581 0.010156 0.000345 0.189026 0.008800 2.854263
0.745367 0.023742 0.022574 0.010137 0.000347 0.189032 0.008801 2.856614
0.745421 0.023680 0.022654 0.010068 0.000347 0.189026 0.008804 2.859011
0.745518 0.023655 0.022633 0.010064 0.000344 0.188978 0.008807 2.861331
0.745579 0.023659 0.022604 0.010098 0.000347 0.188903 0.008810 2.863632
0.745574 0.023681 0.022607 0.010092 0.000348 0.188888 0.008812 2.865939
0.745602 0.023577 0.022646 0.010073 0.000344 0.188944 0.008814 2.868338
0.745554 0.023576 0.022668 0.010089 0.000342 0.188954 0.008818 2.870693
0.745551 0.023621 0.022661 0.010112 0.000343 0.188889 0.008823 2.873018
