0.341249 0.063849 0.056057 0.032426 0.002153 0.498119 0.006149 1.631230
0.342170 0.062930 0.056057 0.032378 0.002152 0.498139 0.006176 1.637458
0.343447 0.061724 0.056066 0.032267 0.002160 0.498131 0.006205 1.643607
0.344850 0.060573 0.055874 0.032068 0.002143 0.498259 0.006233 1.649506
0.346508 0.059247 0.055580 0.031830 0.002143 0.498434 0.006259 1.655340
0.348256 0.058026 0.055293 0.031553 0.002137 0.498443 0.006292 1.661045
0.350144 0.056867 0.054902 0.031316 0.002129 0.498323 0.006318 1.666595
0.352119 0.055585 0.054434 0.031085 0.002115 0.498317 0.006346 1.672110
0.354206 0.054324 0.054092 0.030800 0.002112 0.498096 0.006371 1.677512
0.356244 0.053179 0.053716 0.030419 0.002110 0.497935 0.006397 1.682773
0.358518 0.052035 0.053276 0.030060 0.002106 0.497583 0.006425 1.687925
0.360715 0.050955 0.052778 0.029667 0.002083 0.497355 0.006448 1.692990
0.362848 0.050006 0.052282 0.029358 0.002063 0.496968 0.006476 1.697976
0.365130 0.049121 0.051732 0.028893 0.002047 0.496578 0.006499 1.702764
0.367426 0.048216 0.051176 0.028544 0.002042 0.496068 0.006527 1.707560
0.369647 0.047435 0.050454 0.028171 0.002027 0.495716 0.006549 1.712211
0.372038 0.046713 0.049759 0.027785 0.002003 0.495123 0.006580 1.716815
0.374377 0.045955 0.049126 0.027439 0.001977 0.494522 0.006604 1.721338
0.376726 0.045461 0.048456 0.026953 0.001949 0.493826 0.006630 1.725636
0.379065 0.044865 0.047860 0.026541 0.001923 0.493085 0.006662 1.730054
0.381460 0.044280 0.047288 0.026194 0.001897 0.492192 0.006688 1.734435
0.383926 0.043851 0.046619 0.025879 0.001877 0.491137 0.006710 1.738660
0.386337 0.043268 0.046099 0.025580 0.001850 0.490129 0.006737 1.742975
0.388740 0.042929 0.045449 0.025231 0.001827 0.489068 0.006757 1.747108
0.391105 0.042504 0.044852 0.024927 0.001802 0.488029 0.006783 1.751255
0.393414 0.042118 0.044387 0.024566 0.001789 0.486922 0.006804 1.755383
0.395776 0.041731 0.043919 0.024243 0.001760 0.485745 0.006825 1.759516
0.398164 0.041344 0.043428 0.023980 0.001742 0.484496 0.006848 1.763590
0.400450 0.041010 0.042983 0.023717 0.001715 0.483260 0.006867 1.767635
0.402733 0.040803 0.042539 0.023437 0.001680 0.481918 0.006889 1.771651
0.405006 0.040525 0.042155 0.023168 0.001658 0.480577 0.006912 1.775682
0.407328 0.040296 0.041724 0.022933 0.001634 0.479156 0.006929 1.779640
0.409648 0.040086 0.041266 0.022684 0.001598 0.477766 0.006952 1.783556
0.411762 0.039873 0.040847 0.022384 0.001580 0.476584 0.006970 1.787476
0.413930 0.039795 0.040462 0.022234 0.001554 0.475036 0.006989 1.791335
0.416098 0.039664 0.040063 0.021989 0.001539 0.473644 0.007002 1.795235
0.418242 0.039649 0.039577 0.021778 0.001513 0.472219 0.007021 1.799016
0.420499 0.039533 0.039332 0.021565 0.001482 0.470545 0.007043 1.802884
0.422408 0.039537 0.039087 0.021348 0.001455 0.469105 0.007060 1.806733
0.424415 0.039545 0.038704 0.021195 0.001426 0.467637 0.007079 1.810563
0.426491 0.039497 0.038425 0.021029 0.001404 0.466059 0.007095 1.814420
0.428482 0.039441 0.038153 0.020889 0.001383 0.464538 0.007114 1.818307
0.430415 0.039358 0.038027 0.020771 0.001365 0.462936 0.007129 1.822226
0.432444 0.039295 0.037826 0.020680 0.001333 0.461276 0.007147 1.826110
0.434426 0.039331 0.037602 0.020517 0.001307 0.459655 0.007162 1.829940
0.436287 0.039313 0.037362 0.020417 0.001285 0.458159 0.007177 1.833766
0.438137 0.039323 0.037179 0.020385 0.001266 0.456516 0.007195 1.837609
0.439904 0.039436 0.036968 0.020275 0.001243 0.454967 0.007208 1.841431
0.441528 0.039563 0.036753 0.020221 0.001211 0.453499 0.007227 1.845266
0.443204 0.039668 0.036611 0.020117 0.001188 0.451974 0.007238 1.849115
0.444917 0.039810 0.036437 0.020128 0.001155 0.450302 0.007252 1.852972
0.446596 0.039870 0.036364 0.020065 0.001136 0.448696 0.007273 1.856845
0.448306 0.039909 0.036353 0.019957 0.001118 0.447071 0.007287 1.860724
0.449957 0.039888 0.036380 0.019909 0.001108 0.445466 0.007293 1.864694
0.451527 0.039965 0.036413 0.019853 0.001083 0.443857 0.007303 1.868629
0.453094 0.040041 0.036380 0.019789 0.001059 0.442319 0.007318 1.872602
0.454498 0.040179 0.036314 0.019761 0.001047 0.440873 0.007327 1.876510
0.456011 0.040334 0.036245 0.019788 0.001031 0.439249 0.007341 1.880425
0.457432 0.040417 0.036151 0.019807 0.001019 0.437821 0.007353 1.884393
0.458787 0.040489 0.036144 0.019777 0.001003 0.436436 0.007366 1.888376
0.460219 0.040500 0.036096 0.019820 0.000996 0.434995 0.007374 1.892398
0.461484 0.040690 0.036149 0.019808 0.000983 0.433498 0.007387 1.896383
0.462604 0.041001 0.036059 0.019844 0.000962 0.432128 0.007401 1.900361
0.463788 0.041135 0.036076 0.019873 0.000954 0.430765 0.007409 1.904438
0.465032 0.041284 0.036048 0.019915 0.000945 0.429358 0.007419 1.908439
0.466072 0.041493 0.036148 0.019894 0.000925 0.428039 0.007429 1.912472
0.467091 0.041751 0.036112 0.020012 0.000910 0.426685 0.007440 1.916546
0.468129 0.041695 0.036266 0.020117 0.000896 0.425448 0.007449 1.920829
0.469156 0.041846 0.036317 0.020146 0.000891 0.424191 0.007454 1.924920
0.470236 0.042027 0.036344 0.020083 0.000877 0.422969 0.007465 1.928984
0.471195 0.042198 0.036451 0.020067 0.000861 0.421754 0.007474 1.933081
0.472241 0.042309 0.036498 0.020074 0.000852 0.420547 0.007479 1.937221
0.473186 0.042449 0.036548 0.020123 0.000840 0.419364 0.007490 1.941334
0.474157 0.042522 0.036704 0.020172 0.000831 0.418116 0.007497 1.945576
0.475031 0.042635 0.036805 0.020203 0.000818 0.417003 0.007506 1.949757
0.476025 0.042673 0.036946 0.020213 0.000801 0.415827 0.007516 1.953977
0.476766 0.042949 0.036970 0.020239 0.000799 0.414756 0.007522 1.958160
0.477548 0.043230 0.036892 0.020267 0.000795 0.413741 0.007527 1.962292
0.478251 0.043361 0.037058 0.020366 0.000782 0.412649 0.007535 1.966582
0.478997 0.043556 0.037088 0.020443 0.000784 0.411591 0.007542 1.970785
0.479792 0.043545 0.037253 0.020501 0.000789 0.410573 0.007549 1.975118
0.480467 0.043596 0.037366 0.020565 0.000798 0.409653 0.007556 1.979445
0.481286 0.043695 0.037421 0.020665 0.000798 0.408571 0.007566 1.983716
0.481975 0.043797 0.037553 0.020734 0.000795 0.407574 0.007574 1.988088
0.482591 0.043975 0.037666 0.020745 0.000785 0.406656 0.007583 1.992396
0.483215 0.044113 0.037811 0.020757 0.000769 0.405742 0.007594 1.996712
0.483920 0.044207 0.037928 0.020771 0.000763 0.404807 0.007605 2.001053
0.484425 0.044265 0.038175 0.020817 0.000765 0.403943 0.007610 2.005496
0.484975 0.044333 0.038247 0.020840 0.000764 0.403228 0.007615 2.009823
0.485524 0.044515 0.038246 0.020866 0.000764 0.402466 0.007619 2.014118
0.486028 0.044629 0.038430 0.020882 0.000756 0.401649 0.007627 2.018505
0.486539 0.044793 0.038541 0.020920 0.000754 0.400820 0.007634 2.022873
0.487039 0.044928 0.038573 0.021005 0.000744 0.400072 0.007640 2.027211
0.487535 0.045048 0.038638 0.021096 0.000732 0.399305 0.007646 2.031645
0.488089 0.045181 0.038781 0.021168 0.000723 0.398405 0.007654 2.036079
0.488521 0.045348 0.038750 0.021219 0.000717 0.397785 0.007660 2.040456
0.488906 0.045530 0.038692 0.021292 0.000719 0.397194 0.007668 2.044841
0.489329 0.045634 0.038767 0.021336 0.000726 0.396533 0.007676 2.049283
0.489710 0.045702 0.038810 0.021421 0.000715 0.395961 0.007681 2.053729
0.489932 0.045784 0.038942 0.021517 0.000714 0.395426 0.007684 2.058257
0.490268 0.045988 0.039062 0.021496 0.000708 0.394788 0.007690 2.062667
0.490548 0.046041 0.039181 0.021593 0.000708 0.394234 0.007696 2.067226
0.491047 0.046163 0.039286 0.021602 0.000703 0.393495 0.007705 2.071650
0.491473 0.046237 0.039305 0.021675 0.000693 0.392907 0.007711 2.076129
0.491749 0.046279 0.039425 0.021779 0.000686 0.392363 0.007718 2.080685
0.492027 0.046310 0.039590 0.021809 0.000680 0.391860 0.007725 2.085262
0.492294 0.046496 0.039614 0.021844 0.000684 0.391340 0.007729 2.089727
0.492515 0.046612 0.039713 0.021831 0.000682 0.390916 0.007733 2.094250
0.492729 0.046692 0.039740 0.021929 0.000687 0.390482 0.007741 2.098875
0.493019 0.046686 0.039878 0.022039 0.000693 0.389941 0.007745 2.103510
0.493130 0.046761 0.040065 0.022116 0.000685 0.389492 0.007750 2.108142
0.493375 0.046786 0.040209 0.022106 0.000682 0.389083 0.007759 2.112724
0.493617 0.046800 0.040312 0.022172 0.000676 0.388661 0.007763 2.117331
0.493836 0.046922 0.040378 0.022207 0.000672 0.388217 0.007767 2.121887
0.494072 0.046999 0.040456 0.022202 0.000671 0.387826 0.007775 2.126426
0.494137 0.047159 0.040500 0.022219 0.000668 0.387537 0.007780 2.131001
0.494198 0.047039 0.040610 0.022273 0.000661 0.387433 0.007787 2.135710
0.494456 0.047020 0.040672 0.022339 0.000658 0.387063 0.007791 2.140385
0.494688 0.047060 0.040763 0.022304 0.000661 0.386728 0.007797 2.144950
0.494899 0.047101 0.040816 0.022373 0.000668 0.386340 0.007803 2.149598
0.495134 0.047167 0.040914 0.022427 0.000666 0.385883 0.007809 2.154176
0.495240 0.047227 0.040901 0.022461 0.000667 0.385693 0.007812 2.158754
0.495353 0.047234 0.041025 0.022517 0.000663 0.385391 0.007816 2.163393
0.495499 0.047218 0.041147 0.022569 0.000659 0.385086 0.007822 2.168086
0.495696 0.047237 0.041207 0.022614 0.000653 0.384765 0.007829 2.172721
0.495689 0.047393 0.041204 0.022578 0.000660 0.384647 0.007829 2.177308
0.495795 0.047433 0.041253 0.022619 0.000658 0.384405 0.007836 2.181940
0.495994 0.047450 0.041307 0.022668 0.000662 0.384079 0.007840 2.186566
0.496245 0.047410 0.041427 0.022703 0.000664 0.383706 0.007845 2.191215
0.496346 0.047466 0.041359 0.022723 0.000662 0.383594 0.007851 2.195810
0.496535 0.047366 0.041369 0.022818 0.000659 0.383397 0.007856 2.200523
0.496658 0.047417 0.041365 0.022854 0.000646 0.383197 0.007862 2.205179
0.496784 0.047466 0.041353 0.022882 0.000642 0.383007 0.007867 2.209799
0.496871 0.047454 0.041382 0.022882 0.000642 0.382897 0.007872 2.214486
0.497061 0.047360 0.041364 0.022894 0.000646 0.382795 0.007882 2.219129
0.497333 0.047245 0.041397 0.022952 0.000646 0.382541 0.007886 2.223833
0.497548 0.047310 0.041355 0.022894 0.000648 0.382356 0.007891 2.228373
0.497673 0.047260 0.041439 0.022907 0.000650 0.382176 0.007896 2.233063
0.497781 0.047238 0.041478 0.022971 0.000649 0.381981 0.007904 2.237763
0.498000 0.047203 0.041396 0.023021 0.000655 0.381818 0.007907 2.242345
0.498206 0.047150 0.041426 0.023009 0.000653 0.381645 0.007912 2.246958
0.498464 0.047144 0.041349 0.022952 0.000660 0.381517 0.007915 2.251478
0.498667 0.047134 0.041322 0.022982 0.000665 0.381314 0.007919 2.256042
0.498905 0.047061 0.041406 0.023007 0.000666 0.381032 0.007924 2.260645
0.499081 0.047005 0.041499 0.023022 0.000666 0.380802 0.007927 2.265275
0.499241 0.046887 0.041633 0.023027 0.000668 0.380612 0.007932 2.269976
0.499404 0.046877 0.041505 0.023035 0.000669 0.380575 0.007937 2.274567
0.499650 0.046790 0.041524 0.022995 0.000669 0.380430 0.007942 2.279153
0.499905 0.046737 0.041461 0.022953 0.000670 0.380332 0.007945 2.283705
0.500091 0.046696 0.041430 0.022868 0.000674 0.380294 0.007948 2.288295
0.500344 0.046707 0.041410 0.022814 0.000684 0.380089 0.007953 2.292823
0.500644 0.046615 0.041416 0.022741 0.000686 0.379939 0.007961 2.297413
0.500791 0.046545 0.041421 0.022723 0.000685 0.379869 0.007966 2.301955
0.500975 0.046513 0.041455 0.022718 0.000687 0.379680 0.007971 2.306523
0.501250 0.046494 0.041452 0.022702 0.000685 0.379438 0.007979 2.311051
0.501521 0.046422 0.041399 0.022691 0.000682 0.379300 0.007985 2.315634
0.501822 0.046346 0.041284 0.022633 0.000675 0.379246 0.007993 2.320127
0.502023 0.046207 0.041353 0.022684 0.000688 0.379049 0.007996 2.324770
0.502273 0.046191 0.041366 0.022644 0.000688 0.378837 0.008001 2.329312
0.502522 0.046165 0.041423 0.022597 0.000690 0.378598 0.008005 2.333842
0.502770 0.046080 0.041524 0.022466 0.000690 0.378460 0.008010 2.338379
0.503129 0.046030 0.041544 0.022451 0.000691 0.378140 0.008016 2.342899
0.503310 0.045998 0.041607 0.022477 0.000695 0.377893 0.008020 2.347470
0.503426 0.046188 0.041504 0.022458 0.000690 0.377706 0.008027 2.351886
0.503562 0.046317 0.041439 0.022406 0.000690 0.377555 0.008033 2.356291
0.503737 0.046400 0.041429 0.022380 0.000695 0.377321 0.008038 2.360788
0.503897 0.046415 0.041419 0.022378 0.000695 0.377152 0.008044 2.365316
0.504041 0.046419 0.041453 0.022382 0.000692 0.376963 0.008050 2.369862
0.504235 0.046397 0.041388 0.022373 0.000695 0.376856 0.008056 2.374420
0.504335 0.046467 0.041253 0.022356 0.000688 0.376841 0.008060 2.378880
0.504517 0.046448 0.041258 0.022394 0.000691 0.376628 0.008064 2.383434
0.504688 0.046396 0.041286 0.022434 0.000691 0.376433 0.008072 2.388071
0.504966 0.046296 0.041414 0.022396 0.000687 0.376166 0.008077 2.392645
0.505134 0.046279 0.041384 0.022361 0.000692 0.376068 0.008083 2.397187
0.505300 0.046253 0.041365 0.022346 0.000705 0.375945 0.008087 2.401705
0.505574 0.046209 0.041394 0.022359 0.000701 0.375671 0.008091 2.406236
0.505689 0.046288 0.041324 0.022367 0.000705 0.375528 0.008099 2.410703
0.505922 0.046235 0.041298 0.022357 0.000707 0.375376 0.008107 2.415207
0.506111 0.046140 0.041372 0.022350 0.000706 0.375211 0.008111 2.419789
0.506216 0.046123 0.041435 0.022367 0.000700 0.375042 0.008117 2.424377
0.506528 0.046042 0.041352 0.022338 0.000695 0.374923 0.008122 2.428834
0.506784 0.046051 0.041334 0.022280 0.000704 0.374720 0.008128 2.433312
0.507005 0.046025 0.041326 0.022286 0.000697 0.374525 0.008136 2.437788
0.507188 0.046014 0.041253 0.022287 0.000698 0.374420 0.008139 2.442318
0.507424 0.045949 0.041268 0.022315 0.000701 0.374199 0.008143 2.446853
0.507555 0.045941 0.041193 0.022300 0.000698 0.374165 0.008149 2.451391
0.507609 0.045970 0.041161 0.022327 0.000694 0.374082 0.008157 2.455936
0.507676 0.046067 0.041198 0.022238 0.000691 0.373968 0.008164 2.460419
0.507835 0.046076 0.041145 0.022212 0.000680 0.373879 0.008173 2.464889
0.507933 0.046158 0.041116 0.022225 0.000682 0.373707 0.008178 2.469412
0.508093 0.046146 0.041196 0.022263 0.000684 0.373436 0.008182 2.473957
0.508184 0.046028 0.041267 0.022267 0.000681 0.373386 0.008189 2.478571
0.508291 0.046056 0.041169 0.022309 0.000683 0.373298 0.008195 2.483090
0.508516 0.046045 0.041100 0.022325 0.000692 0.373125 0.008198 2.487604
0.508732 0.046041 0.041128 0.022296 0.000684 0.372917 0.008203 2.492088
0.508854 0.046133 0.041127 0.022248 0.000685 0.372746 0.008207 2.496548
0.509107 0.046121 0.041060 0.022188 0.000692 0.372620 0.008212 2.501058
0.509143 0.046139 0.041120 0.022190 0.000687 0.372505 0.008217 2.505633
0.509269 0.046160 0.041153 0.022150 0.000685 0.372362 0.008221 2.510140
0.509324 0.046117 0.041170 0.022176 0.000682 0.372305 0.008226 2.514760
0.509481 0.046070 0.041147 0.022144 0.000687 0.372240 0.008232 2.519306
0.509601 0.046094 0.041050 0.022154 0.000690 0.372174 0.008236 2.523779
0.509784 0.045951 0.041142 0.022211 0.000687 0.371983 0.008241 2.528372
0.509882 0.045970 0.041157 0.022194 0.000686 0.371866 0.008246 2.532909
0.510031 0.045964 0.041235 0.022216 0.000684 0.371620 0.008251 2.537450
0.510117 0.046009 0.041203 0.022190 0.000690 0.371533 0.008258 2.541904
0.510139 0.045985 0.041193 0.022196 0.000695 0.371528 0.008265 2.546452
0.510233 0.045933 0.041260 0.022190 0.000691 0.371424 0.008268 2.551018
0.510366 0.045994 0.041197 0.022156 0.000687 0.371329 0.008270 2.555447
0.510512 0.046038 0.041133 0.022188 0.000689 0.371166 0.008275 2.559882
0.510613 0.046052 0.041179 0.022207 0.000697 0.370972 0.008281 2.564449
0.510856 0.045965 0.041155 0.022241 0.000691 0.370804 0.008287 2.568977
0.510961 0.046088 0.041217 0.022141 0.000688 0.370609 0.008296 2.573437
0.511018 0.046204 0.041172 0.022110 0.000701 0.370495 0.008300 2.577917
0.511013 0.046245 0.041189 0.022096 0.000703 0.370452 0.008303 2.582451
0.511132 0.046186 0.041231 0.022124 0.000704 0.370313 0.008310 2.587001
0.511137 0.046366 0.041205 0.022081 0.000704 0.370192 0.008315 2.591412
0.511130 0.046425 0.041236 0.022115 0.000706 0.370066 0.008322 2.595964
0.511218 0.046450 0.041224 0.022096 0.000716 0.369969 0.008327 2.600472
0.511292 0.046472 0.041201 0.022195 0.000708 0.369799 0.008333 2.605012
0.511414 0.046368 0.041238 0.022192 0.000709 0.369739 0.008341 2.609576
0.511416 0.046395 0.041189 0.022250 0.000712 0.369697 0.008342 2.614146
0.511637 0.046255 0.041208 0.022316 0.000714 0.369523 0.008346 2.618747
0.511766 0.046293 0.041194 0.022259 0.000703 0.369434 0.008352 2.623235
0.511834 0.046276 0.041213 0.022195 0.000701 0.369422 0.008360 2.627747
0.511980 0.046252 0.041232 0.022193 0.000704 0.369277 0.008362 2.632315
0.512133 0.046215 0.041249 0.022148 0.000706 0.369184 0.008366 2.636850
0.512149 0.046234 0.041282 0.022134 0.000705 0.369125 0.008373 2.641393
0.512204 0.046179 0.041307 0.022143 0.000698 0.369093 0.008376 2.645975
0.512263 0.046198 0.041321 0.022180 0.000699 0.368957 0.008383 2.650551
0.512317 0.046347 0.041295 0.022134 0.000701 0.368816 0.008389 2.655011
0.512491 0.046214 0.041312 0.022194 0.000702 0.368693 0.008395 2.659608
0.512529 0.046295 0.041246 0.022236 0.000703 0.368593 0.008400 2.664108
0.512635 0.046246 0.041291 0.022244 0.000706 0.368472 0.008406 2.668659
0.512765 0.046233 0.041242 0.022270 0.000715 0.368365 0.008411 2.673159
0.512832 0.046293 0.041210 0.022203 0.000719 0.368327 0.008416 2.677667
0.512876 0.046429 0.041115 0.022164 0.000719 0.368278 0.008419 2.682066
0.512871 0.046415 0.041122 0.022188 0.000712 0.368266 0.008424 2.686638
0.513050 0.046385 0.041093 0.022174 0.000707 0.368166 0.008427 2.691184
0.513057 0.046349 0.041135 0.022220 0.000707 0.368102 0.008431 2.695748
0.513088 0.046412 0.041105 0.022183 0.000705 0.368067 0.008440 2.700222
0.513142 0.046431 0.041177 0.022139 0.000710 0.367955 0.008447 2.704770
0.513295 0.046376 0.041179 0.022152 0.000712 0.367833 0.008452 2.709342
0.513386 0.046294 0.041166 0.022249 0.000715 0.367732 0.008457 2.713936
0.513355 0.046332 0.041299 0.022231 0.000712 0.367610 0.008463 2.718506
0.513299 0.046411 0.041322 0.022227 0.000709 0.367562 0.008470 2.723023
0.513230 0.046463 0.041329 0.022244 0.000717 0.367540 0.008477 2.727565
0.513188 0.046464 0.041387 0.022239 0.000722 0.367516 0.008484 2.732128
0.513148 0.046557 0.041373 0.022220 0.000711 0.367500 0.008492 2.736632
0.513157 0.046581 0.041353 0.022244 0.000713 0.367457 0.008496 2.741203
0.513331 0.046487 0.041406 0.022279 0.000706 0.367291 0.008501 2.745811
0.513394 0.046405 0.041400 0.022310 0.000710 0.367275 0.008506 2.750421
0.513288 0.046487 0.041380 0.022317 0.000707 0.367312 0.008510 2.755014
0.513338 0.046412 0.041405 0.022372 0.000707 0.367254 0.008514 2.759629
0.513371 0.046446 0.041358 0.022294 0.000708 0.367308 0.008516 2.764145
0.513476 0.046491 0.041316 0.022197 0.000710 0.367288 0.008523 2.768592
0.513419 0.046423 0.041371 0.022262 0.000708 0.367286 0.008530 2.773191
0.513509 0.046419 0.041395 0.022255 0.000702 0.367182 0.008540 2.777772
0.513510 0.046410 0.041419 0.022253 0.000705 0.367162 0.008543 2.782353
0.513557 0.046369 0.041424 0.022238 0.000694 0.367167 0.008552 2.786931
0.513590 0.046349 0.041395 0.022318 0.000698 0.367094 0.008555 2.791506
0.513569 0.046401 0.041392 0.022340 0.000703 0.367039 0.008558 2.796057
0.513741 0.046290 0.041324 0.022383 0.000705 0.366997 0.008561 2.800593
0.513737 0.046318 0.041321 0.022405 0.000703 0.366947 0.008569 2.805131
0.513872 0.046342 0.041357 0.022336 0.000692 0.366827 0.008575 2.809633
0.513916 0.046297 0.041371 0.022302 0.000697 0.366836 0.008581 2.814158
0.514076 0.046267 0.041258 0.022284 0.000696 0.366835 0.008585 2.818669
0.514163 0.046186 0.041287 0.022328 0.000687 0.366762 0.008587 2.823272
0.514128 0.046276 0.041218 0.022336 0.000690 0.366759 0.008594 2.827749
0.514115 0.046337 0.041150 0.022340 0.000689 0.366770 0.008601 2.832233
0.514096 0.046393 0.041173 0.022270 0.000685 0.366779 0.008604 2.836737
0.514061 0.046420 0.041127 0.022299 0.000688 0.366795 0.008610 2.841247
0.514265 0.046281 0.041239 0.022307 0.000693 0.366602 0.008615 2.845813
0.514469 0.046263 0.041192 0.022265 0.000700 0.366492 0.008619 2.850317
0.514438 0.046253 0.041245 0.022211 0.000705 0.366523 0.008626 2.854842
0.514501 0.046145 0.041354 0.022223 0.000709 0.366438 0.008629 2.859490
0.514559 0.046077 0.041246 0.022186 0.000707 0.366591 0.008634 2.864046
0.514722 0.045954 0.041273 0.022179 0.000701 0.366532 0.008641 2.868584
0.514764 0.045955 0.041290 0.022153 0.000708 0.366485 0.008645 2.873077
0.514770 0.046002 0.041240 0.022099 0.000699 0.366540 0.008650 2.877542
0.514845 0.045977 0.041269 0.022079 0.000710 0.366467 0.008653 2.882069
0.514925 0.046051 0.041184 0.022056 0.000709 0.366416 0.008659 2.886538
0.515078 0.046037 0.041177 0.022025 0.000708 0.366310 0.008665 2.891031
0.515108 0.046041 0.041145 0.022036 0.000716 0.366283 0.008671 2.895551
0.515026 0.046131 0.041108 0.022021 0.000714 0.366324 0.008677 2.900070
0.515007 0.046247 0.041012 0.022048 0.000713 0.366291 0.008682 2.904536
0.514961 0.046297 0.040992 0.022089 0.000710 0.366263 0.008689 2.909077
0.515114 0.046263 0.040921 0.022046 0.000704 0.366256 0.008695 2.913545
0.515119 0.046235 0.040961 0.022108 0.000703 0.366175 0.008700 2.918127
0.515237 0.046230 0.040975 0.022059 0.000700 0.366094 0.008704 2.922655
0.515322 0.046210 0.040948 0.022068 0.000701 0.366042 0.008710 2.927156
0.515413 0.046226 0.040950 0.022042 0.000700 0.365955 0.008715 2.931643
0.515341 0.046235 0.040946 0.022068 0.000698 0.365996 0.008717 2.936121
0.515391 0.046233 0.040994 0.022071 0.000695 0.365892 0.008723 2.940660
0.515441 0.046185 0.041025 0.022022 0.000701 0.365899 0.008728 2.945173
0.515681 0.046125 0.040945 0.022091 0.000705 0.365720 0.008735 2.949701
0.515601 0.046078 0.041003 0.022100 0.000698 0.365778 0.008743 2.954278
0.515693 0.046016 0.040985 0.022106 0.000687 0.365764 0.008750 2.958836
0.515606 0.046108 0.040961 0.022113 0.000687 0.365770 0.008755 2.963295
0.515650 0.046022 0.041092 0.022087 0.000691 0.365698 0.008760 2.967899
0.515609 0.046120 0.041038 0.022073 0.000696 0.365701 0.008764 2.972319
0.515665 0.046156 0.041081 0.022054 0.000692 0.365583 0.008769 2.976842
0.515706 0.046196 0.041068 0.022075 0.000693 0.365488 0.008774 2.981342
0.515622 0.046334 0.041039 0.022103 0.000691 0.365432 0.008779 2.985843
0.515545 0.046328 0.040986 0.022164 0.000680 0.365516 0.008781 2.990403
0.515555 0.046396 0.041016 0.022151 0.000684 0.365413 0.008785 2.994942
0.515512 0.046405 0.041115 0.022191 0.000688 0.365301 0.008789 2.999510
0.515543 0.046449 0.041146 0.022254 0.000689 0.365128 0.008792 3.004043
0.515716 0.046380 0.041129 0.022257 0.000692 0.365028 0.008798 3.008555
0.515773 0.046350 0.041149 0.022275 0.000688 0.364959 0.008807 3.013107
0.515731 0.046318 0.041130 0.022356 0.000684 0.364971 0.008810 3.017654
0.515782 0.046261 0.041188 0.022306 0.000674 0.364975 0.008815 3.022193
0.515867 0.046181 0.041269 0.022278 0.000675 0.364913 0.008818 3.026768
0.515867 0.046205 0.041275 0.022315 0.000677 0.364840 0.008823 3.031313
0.515861 0.046247 0.041167 0.022306 0.000675 0.364917 0.008828 3.035799
0.515895 0.046257 0.041121 0.022330 0.000672 0.364891 0.008835 3.040306
0.516003 0.046198 0.041099 0.022314 0.000670 0.364877 0.008840 3.044872
0.515948 0.046266 0.041090 0.022325 0.000668 0.364860 0.008844 3.049433
0.515961 0.046282 0.041082 0.022313 0.000667 0.364846 0.008850 3.053968
0.515991 0.046295 0.041103 0.022267 0.000668 0.364820 0.008857 3.058472
0.516033 0.046299 0.041109 0.022283 0.000671 0.364741 0.008864 3.063004
0.516068 0.046377 0.041097 0.022287 0.000668 0.364637 0.008868 3.067505
0.516038 0.046300 0.041168 0.022367 0.000658 0.364594 0.008876 3.072125
0.516085 0.046332 0.041163 0.022352 0.000657 0.364531 0.008880 3.076654
0.516069 0.046350 0.041173 0.022347 0.000652 0.364523 0.008887 3.081183
0.516088 0.046253 0.041158 0.022384 0.000652 0.364574 0.008891 3.085763
0.516041 0.046208 0.041176 0.022393 0.000657 0.364628 0.008897 3.090345
0.516056 0.046201 0.041116 0.022391 0.000647 0.364684 0.008905 3.094831
0.516149 0.046096 0.041187 0.022459 0.000643 0.364554 0.008912 3.099431
0.516253 0.046065 0.041164 0.022445 0.000639 0.364513 0.008920 3.103972
0.516262 0.046033 0.041159 0.022432 0.000631 0.364560 0.008925 3.108496
0.516275 0.046085 0.041100 0.022412 0.000627 0.364570 0.008930 3.112928
0.516369 0.045970 0.041077 0.022463 0.000626 0.364560 0.008934 3.117529
0.516372 0.045936 0.041097 0.022486 0.000641 0.364533 0.008936 3.122075
0.516430 0.045971 0.041109 0.022505 0.000652 0.364396 0.008939 3.126583
0.516394 0.046000 0.041076 0.022464 0.000651 0.364473 0.008944 3.131103
0.516418 0.046030 0.041122 0.022454 0.000644 0.364380 0.008952 3.135628
0.516449 0.046016 0.041170 0.022429 0.000647 0.364332 0.008957 3.140153
0.516437 0.045991 0.041154 0.022432 0.000655 0.364369 0.008963 3.144690
0.516376 0.046084 0.041140 0.022457 0.000654 0.364322 0.008967 3.149198
0.516376 0.046082 0.041190 0.022411 0.000655 0.364314 0.008972 3.153760
0.516308 0.046219 0.041104 0.022356 0.000652 0.364383 0.008980 3.158205
0.516271 0.046230 0.041222 0.022347 0.000658 0.364287 0.008985 3.162778
0.516283 0.046258 0.041167 0.022364 0.000659 0.364282 0.008988 3.167278
0.516244 0.046241 0.041120 0.022396 0.000658 0.364351 0.008990 3.171845
0.516240 0.046238 0.041116 0.022427 0.000661 0.364325 0.008993 3.176393
0.516311 0.046201 0.041100 0.022488 0.000661 0.364238 0.009001 3.180913
0.516260 0.046262 0.041125 0.022434 0.000664 0.364250 0.009006 3.185452
0.516341 0.046172 0.041201 0.022410 0.000662 0.364200 0.009015 3.190044
0.516531 0.046188 0.041223 0.022393 0.000659 0.363985 0.009020 3.194508
0.516571 0.046104 0.041276 0.022398 0.000676 0.363952 0.009024 3.199058
0.516533 0.046156 0.041201 0.022364 0.000675 0.364044 0.009027 3.203548
0.516511 0.046170 0.041191 0.022368 0.000685 0.364044 0.009033 3.208045
0.516621 0.046243 0.041113 0.022348 0.000691 0.363944 0.009041 3.212481
0.516679 0.046234 0.041069 0.022314 0.000695 0.363961 0.009047 3.216986
0.516595 0.046233 0.041193 0.022343 0.000696 0.363886 0.009053 3.221617
0.516615 0.046239 0.041169 0.022274 0.000690 0.363956 0.009057 3.226109
0.516633 0.046119 0.041201 0.022276 0.000696 0.364014 0.009062 3.230706
0.516615 0.046242 0.041196 0.022202 0.000691 0.363988 0.009067 3.235130
0.516696 0.046193 0.041216 0.022263 0.000700 0.363862 0.009071 3.239656
0.516747 0.046107 0.041302 0.022304 0.000692 0.363772 0.009076 3.244281
0.516747 0.046121 0.041308 0.022373 0.000695 0.363676 0.009081 3.248844
0.516775 0.046030 0.041277 0.022392 0.000684 0.363752 0.009089 3.253386
0.516892 0.045982 0.041302 0.022351 0.000685 0.363693 0.009095 3.257935
0.516945 0.046028 0.041258 0.022286 0.000683 0.363697 0.009103 3.262417
0.516964 0.046083 0.041157 0.022293 0.000688 0.363707 0.009109 3.266875
0.516912 0.045999 0.041192 0.022356 0.000697 0.363731 0.009113 3.271485
0.516765 0.046109 0.041093 0.022378 0.000685 0.363849 0.009120 3.275988
0.516767 0.046138 0.041114 0.022373 0.000686 0.363796 0.009126 3.280503
0.516762 0.046092 0.041191 0.022427 0.000687 0.363711 0.009131 3.285105
0.516903 0.046061 0.041181 0.022435 0.000690 0.363595 0.009135 3.289644
0.516904 0.046119 0.041101 0.022441 0.000681 0.363613 0.009143 3.294149
0.517002 0.046053 0.041142 0.022390 0.000684 0.363582 0.009148 3.298688
0.517070 0.045989 0.041162 0.022374 0.000683 0.363569 0.009153 3.303248
0.517078 0.046048 0.041125 0.022288 0.000693 0.363613 0.009156 3.307728
0.517043 0.046107 0.041054 0.022250 0.000686 0.363696 0.009162 3.312187
0.517154 0.046101 0.041064 0.022225 0.000688 0.363601 0.009167 3.316673
0.517166 0.045991 0.041075 0.022267 0.000685 0.363641 0.009175 3.321252
0.517103 0.046003 0.041076 0.022366 0.000685 0.363587 0.009180 3.325824
0.517108 0.046047 0.041122 0.022349 0.000687 0.363500 0.009187 3.330323
0.517049 0.046142 0.041066 0.022369 0.000678 0.363504 0.009191 3.334798
0.517096 0.046124 0.041034 0.022355 0.000675 0.363519 0.009197 3.339338
0.517088 0.046115 0.041046 0.022317 0.000672 0.363558 0.009203 3.343855
0.517052 0.046054 0.041083 0.022390 0.000681 0.363532 0.009208 3.348509
0.517100 0.046060 0.041076 0.022348 0.000670 0.363533 0.009214 3.353039
0.517103 0.046009 0.041121 0.022316 0.000665 0.363568 0.009217 3.357610
0.517049 0.046028 0.041071 0.022353 0.000666 0.363611 0.009222 3.362138
0.517104 0.045998 0.041113 0.022347 0.000667 0.363542 0.009228 3.366696
0.517003 0.046130 0.041032 0.022264 0.000666 0.363666 0.009239 3.371101
0.516985 0.046228 0.040985 0.022223 0.000657 0.363676 0.009246 3.375550
0.517006 0.046224 0.040989 0.022212 0.000655 0.363665 0.009251 3.380082
0.517064 0.046239 0.040923 0.022166 0.000647 0.363706 0.009255 3.384564
0.517103 0.046234 0.040958 0.022156 0.000647 0.363643 0.009259 3.389104
0.517115 0.046201 0.040956 0.022135 0.000638 0.363692 0.009264 3.393658
0.517178 0.046185 0.040952 0.022121 0.000628 0.363665 0.009270 3.398169
0.517226 0.046067 0.040972 0.022185 0.000630 0.363645 0.009276 3.402754
0.517373 0.045990 0.041051 0.022142 0.000642 0.363523 0.009280 3.407286
0.517404 0.046010 0.041087 0.022052 0.000641 0.363520 0.009285 3.411762
0.517352 0.046112 0.041031 0.022036 0.000635 0.363544 0.009289 3.416265
0.517308 0.046199 0.041037 0.022046 0.000641 0.363471 0.009298 3.420738
0.517302 0.046188 0.041015 0.022063 0.000645 0.363483 0.009304 3.425251
0.517425 0.046123 0.041075 0.022054 0.000653 0.363357 0.009313 3.429772
0.517477 0.046192 0.041018 0.022027 0.000658 0.363310 0.009317 3.434229
0.517521 0.046162 0.041089 0.021973 0.000662 0.363274 0.009321 3.438742
0.517490 0.046143 0.041108 0.021986 0.000665 0.363283 0.009325 3.443292
0.517541 0.046125 0.041068 0.021950 0.000668 0.363318 0.009331 3.447764
0.517505 0.046100 0.041030 0.021986 0.000664 0.363377 0.009338 3.452291
0.517564 0.046102 0.040980 0.021981 0.000666 0.363362 0.009346 3.456791
0.517552 0.046131 0.040949 0.021949 0.000667 0.363400 0.009351 3.461261
0.517652 0.046086 0.041020 0.022003 0.000671 0.363207 0.009361 3.465792
0.517788 0.046012 0.041044 0.022007 0.000678 0.363108 0.009364 3.470304
0.517742 0.046049 0.041003 0.022023 0.000674 0.363139 0.009371 3.474783
0.517777 0.046134 0.041058 0.022006 0.000677 0.362973 0.009376 3.479237
0.517762 0.046233 0.041050 0.022015 0.000677 0.362882 0.009381 3.483727
0.517770 0.046094 0.041088 0.022009 0.000678 0.362972 0.009388 3.488324
0.517822 0.046109 0.041087 0.022013 0.000675 0.362903 0.009391 3.492783
0.517682 0.046195 0.041055 0.022067 0.000672 0.362935 0.009394 3.497329
0.517705 0.046113 0.041130 0.022138 0.000671 0.362846 0.009398 3.501932
0.517807 0.046059 0.041157 0.022080 0.000675 0.362820 0.009403 3.506418
0.517703 0.046184 0.041142 0.021982 0.000674 0.362908 0.009408 3.510900
0.517726 0.046130 0.041165 0.022040 0.000673 0.362853 0.009413 3.515446
0.517630 0.046179 0.041173 0.022121 0.000685 0.362793 0.009418 3.520002
0.517563 0.046243 0.041233 0.022079 0.000686 0.362774 0.009423 3.524540
0.517575 0.046254 0.041192 0.022067 0.000686 0.362801 0.009427 3.529027
0.517650 0.046250 0.041176 0.022067 0.000682 0.362742 0.009432 3.533532
0.517629 0.046280 0.041230 0.022086 0.000686 0.362650 0.009438 3.538080
0.517613 0.046356 0.041228 0.022067 0.000697 0.362598 0.009441 3.542548
0.517579 0.046314 0.041301 0.022057 0.000703 0.362600 0.009446 3.547104
0.517548 0.046219 0.041342 0.022105 0.000698 0.362637 0.009452 3.551724
0.517448 0.046237 0.041292 0.022131 0.000688 0.362747 0.009457 3.556278
0.517421 0.046295 0.041308 0.022107 0.000694 0.362714 0.009459 3.560794
0.517374 0.046313 0.041359 0.022067 0.000697 0.362726 0.009466 3.565312
0.517203 0.046443 0.041355 0.022082 0.000698 0.362750 0.009469 3.569819
0.517159 0.046570 0.041347 0.022062 0.000700 0.362686 0.009476 3.574317
0.516998 0.046604 0.041445 0.022116 0.000698 0.362658 0.009481 3.578932
0.517034 0.046584 0.041535 0.022158 0.000702 0.362498 0.009489 3.583522
0.516983 0.046718 0.041396 0.022070 0.000702 0.362635 0.009496 3.587966
0.516963 0.046706 0.041363 0.022103 0.000701 0.362665 0.009499 3.592525
0.516881 0.046732 0.041429 0.022124 0.000701 0.362628 0.009505 3.597114
0.516852 0.046606 0.041595 0.022150 0.000706 0.362582 0.009510 3.601798
0.516965 0.046506 0.041620 0.022128 0.000703 0.362562 0.009516 3.606349
0.517034 0.046456 0.041543 0.022099 0.000699 0.362648 0.009522 3.610906
0.516946 0.046487 0.041629 0.022051 0.000694 0.362665 0.009529 3.615447
0.516807 0.046519 0.041684 0.022138 0.000693 0.362623 0.009536 3.620037
0.516769 0.046490 0.041649 0.022186 0.000696 0.362671 0.009540 3.624641
0.516671 0.046542 0.041597 0.022162 0.000693 0.362788 0.009547 3.629183
0.516663 0.046480 0.041623 0.022181 0.000697 0.362806 0.009550 3.633782
0.516704 0.046497 0.041497 0.022152 0.000695 0.362898 0.009558 3.638274
0.516680 0.046457 0.041487 0.022185 0.000690 0.362938 0.009562 3.642861
0.516555 0.046642 0.041508 0.022099 0.000689 0.362940 0.009568 3.647375
0.516483 0.046718 0.041504 0.022086 0.000688 0.362948 0.009572 3.651900
0.516416 0.046755 0.041604 0.022116 0.000682 0.362850 0.009578 3.656493
0.516394 0.046671 0.041707 0.022180 0.000672 0.362791 0.009585 3.661153
0.516283 0.046699 0.041599 0.022249 0.000672 0.362909 0.009590 3.665696
0.516352 0.046507 0.041548 0.022304 0.000680 0.363016 0.009593 3.670309
0.516367 0.046438 0.041535 0.022319 0.000687 0.363056 0.009599 3.674882
0.516244 0.046501 0.041538 0.022326 0.000690 0.363098 0.009604 3.679462
0.516197 0.046520 0.041466 0.022365 0.000676 0.363166 0.009610 3.683992
0.516305 0.046297 0.041475 0.022397 0.000686 0.363226 0.009613 3.688623
0.516382 0.046222 0.041433 0.022433 0.000688 0.363223 0.009619 3.693221
0.516423 0.046187 0.041324 0.022391 0.000686 0.363365 0.009623 3.697733
0.516453 0.046184 0.041358 0.022452 0.000690 0.363234 0.009630 3.702252
0.516466 0.046157 0.041353 0.022457 0.000692 0.363239 0.009636 3.706820
0.516571 0.046121 0.041426 0.022458 0.000693 0.363091 0.009641 3.711331
0.516540 0.046261 0.041367 0.022409 0.000692 0.363083 0.009648 3.715766
0.516468 0.046256 0.041342 0.022483 0.000691 0.363108 0.009653 3.720344
0.516638 0.046248 0.041328 0.022344 0.000688 0.363096 0.009658 3.724840
0.516804 0.046249 0.041324 0.022331 0.000687 0.362944 0.009661 3.729312
0.516824 0.046234 0.041299 0.022329 0.000690 0.362957 0.009667 3.733868
0.516795 0.046237 0.041329 0.022378 0.000694 0.362895 0.009672 3.738400
0.516704 0.046268 0.041363 0.022410 0.000689 0.362890 0.009678 3.742976
0.516684 0.046386 0.041324 0.022324 0.000697 0.362903 0.009683 3.747432
0.516671 0.046270 0.041269 0.022356 0.000707 0.363040 0.009688 3.752032
0.516555 0.046274 0.041263 0.022352 0.000710 0.363155 0.009692 3.756633
0.516629 0.046246 0.041241 0.022346 0.000710 0.363133 0.009696 3.761167
0.516628 0.046336 0.041186 0.022386 0.000700 0.363061 0.009703 3.765653
0.516675 0.046337 0.041147 0.022361 0.000700 0.363074 0.009708 3.770185
0.516770 0.046292 0.041142 0.022283 0.000699 0.363102 0.009712 3.774680
0.516693 0.046309 0.041177 0.022272 0.000700 0.363131 0.009718 3.779224
0.516619 0.046428 0.041130 0.022271 0.000699 0.363131 0.009723 3.783690
0.516534 0.046515 0.041214 0.022274 0.000695 0.363040 0.009727 3.788217
0.516588 0.046422 0.041168 0.022277 0.000698 0.363115 0.009732 3.792794
0.516573 0.046439 0.041242 0.022270 0.000692 0.363048 0.009737 3.797356
0.516498 0.046349 0.041341 0.022253 0.000693 0.363124 0.009743 3.801985
0.516466 0.046428 0.041339 0.022229 0.000689 0.363100 0.009750 3.806484
0.516452 0.046503 0.041404 0.022210 0.000683 0.362993 0.009755 3.810999
0.516387 0.046488 0.041388 0.022221 0.000687 0.363071 0.009759 3.815567
0.516531 0.046288 0.041491 0.022260 0.000686 0.362979 0.009764 3.820200
0.516561 0.046271 0.041508 0.022262 0.000685 0.362941 0.009773 3.824792
0.516541 0.046365 0.041461 0.022249 0.000693 0.362913 0.009778 3.829284
0.516624 0.046246 0.041430 0.022266 0.000694 0.362959 0.009782 3.833884
0.516633 0.046242 0.041464 0.022277 0.000687 0.362910 0.009787 3.838462
0.516605 0.046346 0.041468 0.022273 0.000688 0.362829 0.009791 3.842958
0.516535 0.046383 0.041486 0.022212 0.000691 0.362895 0.009797 3.847482
0.516565 0.046352 0.041421 0.022235 0.000698 0.362927 0.009801 3.851989
0.516595 0.046378 0.041424 0.022260 0.000691 0.362848 0.009806 3.856523
0.516492 0.046521 0.041372 0.022274 0.000702 0.362829 0.009810 3.861062
0.516503 0.046439 0.041327 0.022317 0.000703 0.362895 0.009816 3.865649
0.516527 0.046473 0.041322 0.022280 0.000699 0.362874 0.009824 3.870236
0.516582 0.046317 0.041337 0.022316 0.000698 0.362924 0.009827 3.874833
0.516635 0.046295 0.041286 0.022309 0.000696 0.362945 0.009834 3.879327
0.516695 0.046308 0.041370 0.022234 0.000691 0.362866 0.009837 3.883837
0.516652 0.046407 0.041340 0.022269 0.000697 0.362795 0.009841 3.888387
0.516727 0.046468 0.041333 0.022259 0.000694 0.362670 0.009849 3.892913
0.516715 0.046399 0.041346 0.022248 0.000694 0.362745 0.009854 3.897491
0.516761 0.046431 0.041362 0.022265 0.000698 0.362625 0.009858 3.902000
0.516705 0.046430 0.041344 0.022308 0.000689 0.362660 0.009865 3.906579
0.516597 0.046443 0.041327 0.022249 0.000696 0.362818 0.009869 3.911081
0.516636 0.046387 0.041357 0.022286 0.000709 0.362754 0.009872 3.915657
0.516618 0.046422 0.041349 0.022301 0.000709 0.362725 0.009876 3.920164
0.516591 0.046421 0.041393 0.022230 0.000711 0.362768 0.009884 3.924698
0.516516 0.046395 0.041444 0.022224 0.000714 0.362817 0.009891 3.929286
0.516573 0.046349 0.041429 0.022213 0.000703 0.362838 0.009896 3.933806
0.516648 0.046278 0.041444 0.022249 0.000701 0.362779 0.009900 3.938382
0.516780 0.046240 0.041413 0.022218 0.000697 0.362748 0.009906 3.942897
0.516808 0.046210 0.041419 0.022182 0.000700 0.362770 0.009912 3.947464
0.516584 0.046425 0.041320 0.022157 0.000699 0.362898 0.009918 3.951915
0.516580 0.046433 0.041317 0.022179 0.000691 0.362874 0.009926 3.956441
0.516646 0.046463 0.041191 0.022165 0.000696 0.362910 0.009929 3.960918
0.516694 0.046419 0.041189 0.022225 0.000702 0.362837 0.009935 3.965503
0.516602 0.046387 0.041221 0.022209 0.000699 0.362943 0.009940 3.970097
0.516514 0.046306 0.041318 0.022232 0.000702 0.362986 0.009944 3.974708
0.516547 0.046281 0.041319 0.022204 0.000696 0.363005 0.009949 3.979222
0.516543 0.046192 0.041408 0.022224 0.000695 0.362983 0.009955 3.983781
0.516600 0.046211 0.041404 0.022182 0.000685 0.362957 0.009962 3.988251
0.516549 0.046267 0.041349 0.022124 0.000687 0.363059 0.009966 3.992755
0.516450 0.046280 0.041366 0.022226 0.000679 0.363031 0.009970 3.997327
0.516555 0.046185 0.041297 0.022246 0.000680 0.363063 0.009974 4.001863
0.516501 0.046232 0.041316 0.022230 0.000681 0.363062 0.009978 4.006398
0.516497 0.046172 0.041314 0.022245 0.000683 0.363105 0.009984 4.010956
0.516582 0.046186 0.041235 0.022284 0.000685 0.363038 0.009989 4.015405
0.516678 0.046150 0.041229 0.022287 0.000689 0.362977 0.009992 4.019863
0.516719 0.046136 0.041181 0.022225 0.000684 0.363060 0.009995 4.024319
0.516772 0.046118 0.041166 0.022245 0.000671 0.363030 0.010000 4.028788
0.516616 0.046231 0.041128 0.022220 0.000672 0.363127 0.010007 4.033280
0.516575 0.046256 0.041178 0.022149 0.000680 0.363153 0.010010 4.037787
0.516568 0.046333 0.041161 0.022251 0.000682 0.362991 0.010016 4.042289
0.516663 0.046207 0.041242 0.022252 0.000678 0.362939 0.010019 4.046928
0.516614 0.046300 0.041214 0.022294 0.000678 0.362876 0.010024 4.051448
0.516544 0.046346 0.041178 0.022302 0.000679 0.362927 0.010025 4.055986
0.516662 0.046255 0.041184 0.022321 0.000680 0.362870 0.010029 4.060579
0.516788 0.046123 0.041218 0.022294 0.000686 0.362857 0.010034 4.065188
0.516827 0.046151 0.041258 0.022281 0.000679 0.362765 0.010040 4.069693
0.516926 0.046080 0.041219 0.022284 0.000676 0.362771 0.010044 4.074236
0.517034 0.045998 0.041197 0.022240 0.000671 0.362807 0.010051 4.078726
0.517043 0.046060 0.041193 0.022211 0.000666 0.362771 0.010056 4.083202
0.516985 0.045994 0.041189 0.022254 0.000663 0.362854 0.010060 4.087782
0.517087 0.045958 0.041151 0.022229 0.000668 0.362841 0.010066 4.092260
0.517193 0.045815 0.041145 0.022281 0.000666 0.362830 0.010070 4.096817
0.517280 0.045725 0.041197 0.022340 0.000668 0.362712 0.010077 4.101405
0.517301 0.045809 0.041165 0.022322 0.000670 0.362650 0.010083 4.105845
0.517299 0.045795 0.041073 0.022314 0.000672 0.362757 0.010089 4.110335
0.517352 0.045885 0.041031 0.022319 0.000672 0.362648 0.010092 4.114805
0.517379 0.045917 0.041041 0.022226 0.000672 0.362668 0.010096 4.119254
0.517335 0.045987 0.041020 0.022214 0.000669 0.362671 0.010103 4.123740
