0.328353 0.064166 0.057227 0.033004 0.002157 0.508919 0.006175 1.662550
0.329285 0.063349 0.057067 0.032953 0.002157 0.508992 0.006198 1.668788
0.330669 0.062119 0.057029 0.032754 0.002155 0.509055 0.006219 1.675015
0.332122 0.060928 0.056875 0.032608 0.002163 0.509064 0.006242 1.681050
0.333857 0.059531 0.056726 0.032468 0.002161 0.508988 0.006270 1.686986
0.335645 0.058267 0.056473 0.032216 0.002172 0.508931 0.006297 1.692795
0.337630 0.057047 0.056092 0.031857 0.002163 0.508881 0.006330 1.698354
0.339637 0.055815 0.055740 0.031619 0.002167 0.508664 0.006359 1.703892
0.341753 0.054532 0.055279 0.031333 0.002169 0.508542 0.006392 1.709331
0.343954 0.053451 0.054788 0.030947 0.002144 0.508294 0.006423 1.714578
0.346265 0.052455 0.054256 0.030490 0.002143 0.507941 0.006452 1.719674
0.348411 0.051499 0.053665 0.030100 0.002129 0.507718 0.006478 1.724766
0.350725 0.050588 0.053060 0.029631 0.002106 0.507385 0.006506 1.729752
0.352968 0.049717 0.052539 0.029236 0.002089 0.506916 0.006536 1.734626
0.355258 0.048786 0.052008 0.028908 0.002072 0.506407 0.006561 1.739514
0.357590 0.047983 0.051408 0.028538 0.002059 0.505838 0.006584 1.744293
0.359967 0.047204 0.050774 0.028182 0.002045 0.505218 0.006610 1.748984
0.362377 0.046539 0.050184 0.027814 0.002022 0.504424 0.006640 1.753609
0.364699 0.045824 0.049626 0.027461 0.002006 0.503717 0.006667 1.758263
0.366987 0.045341 0.049043 0.027036 0.001981 0.502917 0.006692 1.762653
0.369425 0.044832 0.048431 0.026721 0.001942 0.501933 0.006716 1.767056
0.371797 0.044260 0.047791 0.026392 0.001916 0.501102 0.006742 1.771482
0.374247 0.043872 0.047210 0.026044 0.001892 0.499971 0.006765 1.775782
0.376743 0.043371 0.046586 0.025729 0.001864 0.498916 0.006790 1.780081
0.379200 0.043002 0.045988 0.025293 0.001852 0.497857 0.006808 1.784276
0.381588 0.042607 0.045415 0.024962 0.001827 0.496772 0.006828 1.788513
0.383974 0.042297 0.044832 0.024639 0.001797 0.495604 0.006857 1.792689
0.386365 0.041972 0.044316 0.024366 0.001782 0.494320 0.006878 1.796828
0.388712 0.041709 0.043817 0.024108 0.001759 0.492998 0.006898 1.800933
0.391015 0.041465 0.043300 0.023891 0.001719 0.491689 0.006922 1.805038
0.393231 0.041175 0.042863 0.023664 0.001685 0.490438 0.006944 1.809174
0.395459 0.041106 0.042392 0.023368 0.001639 0.489066 0.006970 1.813106
0.397707 0.041061 0.041943 0.023005 0.001610 0.487681 0.006993 1.817077
0.399876 0.040895 0.041566 0.022848 0.001590 0.486213 0.007011 1.821139
0.402020 0.040702 0.041223 0.022667 0.001555 0.484796 0.007037 1.825200
0.404297 0.040605 0.040814 0.022423 0.001540 0.483266 0.007055 1.829147
0.406554 0.040430 0.040526 0.022233 0.001521 0.481664 0.007073 1.833147
0.408615 0.040337 0.040183 0.022136 0.001506 0.480134 0.007090 1.837128
0.410710 0.040233 0.039883 0.021986 0.001486 0.478598 0.007104 1.841116
0.412788 0.040237 0.039662 0.021853 0.001460 0.476879 0.007122 1.845045
0.414858 0.040240 0.039266 0.021705 0.001439 0.475350 0.007142 1.848940
0.416768 0.040350 0.038919 0.021569 0.001410 0.473829 0.007156 1.852792
0.418730 0.040412 0.038639 0.021431 0.001378 0.472238 0.007172 1.856708
0.420650 0.040496 0.038434 0.021297 0.001343 0.470593 0.007187 1.860599
0.422413 0.040597 0.038244 0.021162 0.001316 0.469059 0.007209 1.864571
0.424285 0.040487 0.038174 0.021116 0.001294 0.467424 0.007222 1.868653
0.426203 0.040491 0.037995 0.021064 0.001269 0.465741 0.007239 1.872657
0.428018 0.040618 0.037877 0.020917 0.001241 0.464074 0.007256 1.876601
0.429685 0.040756 0.037818 0.020815 0.001220 0.462433 0.007272 1.880613
0.431395 0.040824 0.037700 0.020756 0.001189 0.460845 0.007291 1.884640
0.433000 0.040900 0.037621 0.020703 0.001171 0.459300 0.007305 1.888697
0.434730 0.040935 0.037538 0.020628 0.001156 0.457697 0.007318 1.892697
0.436256 0.041047 0.037468 0.020569 0.001134 0.456193 0.007333 1.896716
0.437724 0.041188 0.037436 0.020499 0.001118 0.454687 0.007349 1.900744
0.439124 0.041359 0.037430 0.020446 0.001100 0.453180 0.007362 1.904785
0.440520 0.041535 0.037443 0.020425 0.001080 0.451621 0.007377 1.908888
0.441962 0.041552 0.037471 0.020412 0.001065 0.450150 0.007387 1.913033
0.443283 0.041787 0.037385 0.020372 0.001045 0.448731 0.007398 1.917026
0.444811 0.041972 0.037350 0.020350 0.001030 0.447080 0.007408 1.921082
0.446046 0.042163 0.037375 0.020334 0.001018 0.445649 0.007415 1.925174
0.447376 0.042338 0.037394 0.020391 0.001003 0.444075 0.007424 1.929321
0.448590 0.042560 0.037456 0.020386 0.000990 0.442580 0.007438 1.933477
0.449800 0.042642 0.037522 0.020460 0.000974 0.441154 0.007448 1.937728
0.450858 0.042840 0.037573 0.020443 0.000964 0.439867 0.007456 1.941987
0.452001 0.043003 0.037624 0.020480 0.000954 0.438472 0.007465 1.946193
0.453105 0.043052 0.037655 0.020521 0.000937 0.437253 0.007477 1.950520
0.454081 0.043331 0.037668 0.020535 0.000920 0.435975 0.007491 1.954728
0.454985 0.043637 0.037697 0.020577 0.000905 0.434698 0.007501 1.958911
0.455949 0.043775 0.037772 0.020669 0.000892 0.433429 0.007515 1.963225
0.457005 0.043882 0.037824 0.020724 0.000880 0.432161 0.007524 1.967518
0.457970 0.044086 0.037924 0.020748 0.000864 0.430876 0.007532 1.971827
0.458776 0.044364 0.037923 0.020838 0.000858 0.429700 0.007540 1.976098
0.459662 0.044488 0.038043 0.020887 0.000851 0.428521 0.007547 1.980454
0.460378 0.044718 0.038191 0.020974 0.000839 0.427345 0.007556 1.984831
0.461123 0.044944 0.038325 0.020977 0.000824 0.426244 0.007564 1.989208
0.461852 0.045177 0.038442 0.020974 0.000817 0.425164 0.007574 1.993568
0.462486 0.045288 0.038544 0.021037 0.000811 0.424254 0.007581 1.998063
0.463101 0.045610 0.038606 0.021139 0.000800 0.423152 0.007592 2.002494
0.463642 0.045762 0.038734 0.021282 0.000803 0.422177 0.007600 2.007017
0.464306 0.045866 0.038977 0.021323 0.000800 0.421114 0.007614 2.011521
0.464995 0.046057 0.039084 0.021388 0.000804 0.420053 0.007620 2.016023
0.465571 0.046214 0.039237 0.021409 0.000793 0.419150 0.007626 2.020548
0.466088 0.046337 0.039370 0.021481 0.000792 0.418296 0.007635 2.025095
0.466654 0.046492 0.039592 0.021543 0.000785 0.417292 0.007643 2.029635
0.467202 0.046599 0.039727 0.021611 0.000782 0.416427 0.007651 2.034231
0.467740 0.046730 0.039833 0.021696 0.000781 0.415563 0.007657 2.038826
0.468128 0.046850 0.040032 0.021710 0.000776 0.414841 0.007664 2.043469
0.468536 0.046944 0.040138 0.021818 0.000766 0.414126 0.007673 2.048108
0.468910 0.047090 0.040323 0.021879 0.000761 0.413356 0.007680 2.052773
0.469215 0.047230 0.040388 0.021945 0.000764 0.412775 0.007683 2.057392
0.469554 0.047271 0.040630 0.022043 0.000750 0.412060 0.007692 2.062129
0.469863 0.047337 0.040874 0.022095 0.000746 0.411386 0.007700 2.066830
0.470334 0.047516 0.040920 0.022097 0.000741 0.410685 0.007707 2.071344
0.470628 0.047722 0.040973 0.022145 0.000733 0.410085 0.007715 2.075957
0.470911 0.047861 0.041098 0.022218 0.000732 0.409460 0.007719 2.080630
0.471387 0.047893 0.041221 0.022259 0.000721 0.408796 0.007725 2.085308
0.471676 0.047948 0.041295 0.022290 0.000717 0.408340 0.007733 2.089977
0.471907 0.048070 0.041419 0.022300 0.000712 0.407854 0.007739 2.094677
0.472227 0.048163 0.041543 0.022386 0.000706 0.407232 0.007743 2.099389
0.472465 0.048217 0.041539 0.022441 0.000706 0.406884 0.007748 2.104105
0.472674 0.048364 0.041625 0.022440 0.000709 0.406435 0.007755 2.108817
0.472977 0.048460 0.041679 0.022482 0.000709 0.405932 0.007760 2.113478
0.473238 0.048432 0.041841 0.022564 0.000704 0.405457 0.007764 2.118280
0.473636 0.048436 0.041931 0.022607 0.000709 0.404909 0.007770 2.122990
0.473852 0.048429 0.042071 0.022682 0.000703 0.404488 0.007775 2.127810
0.474210 0.048461 0.042146 0.022725 0.000705 0.403972 0.007781 2.132527
0.474514 0.048530 0.042137 0.022790 0.000704 0.403535 0.007790 2.137238
0.474757 0.048521 0.042207 0.022851 0.000703 0.403167 0.007794 2.142007
0.475053 0.048622 0.042332 0.022896 0.000696 0.402601 0.007801 2.146731
0.475277 0.048642 0.042376 0.023009 0.000694 0.402194 0.007807 2.151513
0.475401 0.048751 0.042438 0.023036 0.000700 0.401861 0.007814 2.156255
0.475676 0.048805 0.042456 0.023073 0.000702 0.401469 0.007820 2.160973
0.475824 0.048941 0.042514 0.023074 0.000704 0.401120 0.007825 2.165690
0.476147 0.048888 0.042625 0.023124 0.000702 0.400686 0.007829 2.170517
0.476325 0.048909 0.042613 0.023167 0.000698 0.400452 0.007836 2.175297
0.476457 0.048993 0.042662 0.023179 0.000699 0.400168 0.007842 2.180050
0.476667 0.049009 0.042772 0.023215 0.000699 0.399789 0.007848 2.184831
0.476977 0.048944 0.042882 0.023244 0.000691 0.399408 0.007854 2.189592
0.477306 0.048902 0.042986 0.023292 0.000688 0.398970 0.007857 2.194370
0.477492 0.048799 0.043021 0.023334 0.000685 0.398808 0.007861 2.199244
0.477724 0.048666 0.043035 0.023354 0.000684 0.398669 0.007868 2.204052
0.477915 0.048791 0.043039 0.023316 0.000681 0.398384 0.007874 2.208746
0.478151 0.048731 0.042973 0.023336 0.000674 0.398254 0.007882 2.213510
0.478289 0.048763 0.042928 0.023401 0.000676 0.398056 0.007888 2.218280
0.478406 0.048775 0.042995 0.023368 0.000674 0.397888 0.007894 2.223062
0.478656 0.048676 0.043022 0.023357 0.000676 0.397716 0.007896 2.227826
0.478900 0.048599 0.043063 0.023428 0.000676 0.397436 0.007900 2.232603
0.479078 0.048531 0.043076 0.023425 0.000680 0.397305 0.007905 2.237351
0.479266 0.048602 0.043086 0.023402 0.000681 0.397053 0.007910 2.242110
0.479568 0.048555 0.043059 0.023395 0.000679 0.396829 0.007916 2.246872
0.479734 0.048585 0.043090 0.023331 0.000672 0.396669 0.007921 2.251623
0.480019 0.048555 0.043051 0.023328 0.000671 0.396451 0.007926 2.256358
0.480155 0.048542 0.043121 0.023359 0.000659 0.396231 0.007934 2.261153
0.480297 0.048691 0.043082 0.023341 0.000662 0.395989 0.007939 2.265799
0.480510 0.048686 0.043073 0.023351 0.000666 0.395771 0.007944 2.270542
0.480667 0.048668 0.043063 0.023369 0.000675 0.395609 0.007949 2.275327
0.480852 0.048647 0.043117 0.023334 0.000686 0.395406 0.007958 2.280073
0.481125 0.048559 0.043119 0.023310 0.000685 0.395240 0.007963 2.284798
0.481247 0.048573 0.043134 0.023279 0.000687 0.395114 0.007967 2.289479
0.481628 0.048438 0.043184 0.023297 0.000686 0.394793 0.007974 2.294247
0.481779 0.048478 0.043157 0.023333 0.000691 0.394583 0.007980 2.298941
0.482109 0.048406 0.043079 0.023421 0.000690 0.394309 0.007987 2.303641
0.482386 0.048313 0.043121 0.023477 0.000689 0.394025 0.007990 2.308419
0.482596 0.048305 0.043091 0.023437 0.000693 0.393885 0.007995 2.313118
0.482848 0.048320 0.043125 0.023393 0.000695 0.393619 0.008000 2.317819
0.483118 0.048267 0.043037 0.023394 0.000694 0.393486 0.008004 2.322508
0.483473 0.048221 0.043025 0.023374 0.000696 0.393201 0.008010 2.327194
0.483654 0.048165 0.043084 0.023416 0.000692 0.392971 0.008019 2.331993
0.483851 0.048013 0.043156 0.023384 0.000697 0.392877 0.008023 2.336815
0.484096 0.047924 0.043150 0.023407 0.000700 0.392695 0.008028 2.341537
0.484414 0.047872 0.043112 0.023409 0.000692 0.392468 0.008032 2.346212
0.484606 0.047911 0.042998 0.023352 0.000689 0.392405 0.008039 2.350853
0.484874 0.047803 0.042975 0.023337 0.000695 0.392274 0.008042 2.355579
0.485086 0.047807 0.043007 0.023253 0.000691 0.392110 0.008047 2.360270
0.485376 0.047665 0.042987 0.023250 0.000700 0.391971 0.008052 2.364968
0.485752 0.047689 0.042943 0.023249 0.000709 0.391603 0.008056 2.369571
0.485909 0.047637 0.042932 0.023298 0.000707 0.391458 0.008059 2.374287
0.486082 0.047789 0.042837 0.023252 0.000706 0.391272 0.008065 2.378872
0.486386 0.047693 0.042850 0.023182 0.000696 0.391123 0.008071 2.383599
0.486811 0.047536 0.042781 0.023170 0.000697 0.390930 0.008076 2.388296
0.487065 0.047690 0.042634 0.023098 0.000693 0.390739 0.008082 2.392806
0.487394 0.047654 0.042525 0.023132 0.000683 0.390526 0.008086 2.397418
0.487616 0.047644 0.042531 0.023153 0.000685 0.390280 0.008090 2.402042
0.487851 0.047590 0.042471 0.023171 0.000701 0.390118 0.008097 2.406719
0.488053 0.047662 0.042518 0.023089 0.000709 0.389865 0.008103 2.411321
0.488305 0.047614 0.042479 0.023073 0.000704 0.389717 0.008108 2.416027
0.488600 0.047721 0.042450 0.023039 0.000710 0.389368 0.008113 2.420640
0.488826 0.047683 0.042433 0.023060 0.000706 0.389174 0.008119 2.425302
0.489221 0.047464 0.042478 0.022987 0.000723 0.389005 0.008123 2.429966
0.489486 0.047415 0.042411 0.022948 0.000725 0.388888 0.008128 2.434609
0.489684 0.047397 0.042446 0.022994 0.000714 0.388634 0.008132 2.439285
0.489978 0.047455 0.042392 0.022927 0.000710 0.388400 0.008139 2.443836
0.490092 0.047483 0.042341 0.022912 0.000704 0.388326 0.008143 2.448475
0.490136 0.047551 0.042409 0.022908 0.000700 0.388147 0.008150 2.453105
0.490309 0.047534 0.042414 0.022925 0.000701 0.387965 0.008153 2.457777
0.490583 0.047469 0.042396 0.022975 0.000696 0.387723 0.008158 2.462447
0.490855 0.047436 0.042382 0.022995 0.000689 0.387480 0.008163 2.467042
0.491025 0.047423 0.042413 0.022949 0.000708 0.387314 0.008169 2.471759
0.491184 0.047383 0.042383 0.022951 0.000712 0.387211 0.008175 2.476419
0.491405 0.047327 0.042416 0.022950 0.000704 0.387016 0.008182 2.481077
0.491702 0.047321 0.042332 0.022938 0.000702 0.386819 0.008187 2.485687
0.491830 0.047334 0.042361 0.022930 0.000703 0.386651 0.008191 2.490400
0.491946 0.047369 0.042232 0.022921 0.000708 0.386631 0.008194 2.495023
0.492110 0.047421 0.042231 0.022871 0.000716 0.386447 0.008204 2.499600
0.492335 0.047366 0.042293 0.022900 0.000718 0.386176 0.008213 2.504245
0.492545 0.047293 0.042396 0.022877 0.000719 0.385950 0.008220 2.508943
0.492738 0.047263 0.042442 0.022825 0.000712 0.385795 0.008224 2.513611
0.492941 0.047336 0.042416 0.022812 0.000709 0.385555 0.008231 2.518212
0.493060 0.047375 0.042420 0.022823 0.000702 0.385383 0.008238 2.522889
0.493154 0.047480 0.042424 0.022769 0.000710 0.385220 0.008243 2.527494
0.493276 0.047490 0.042464 0.022848 0.000704 0.384969 0.008250 2.532191
0.493344 0.047579 0.042457 0.022752 0.000693 0.384915 0.008260 2.536816
0.493517 0.047609 0.042425 0.022809 0.000699 0.384677 0.008263 2.541502
0.493683 0.047634 0.042474 0.022738 0.000693 0.384506 0.008271 2.546138
0.493909 0.047589 0.042501 0.022734 0.000686 0.384299 0.008282 2.550814
0.494027 0.047471 0.042521 0.022779 0.000681 0.384233 0.008289 2.555549
0.494286 0.047386 0.042535 0.022775 0.000682 0.384040 0.008297 2.560169
0.494433 0.047429 0.042569 0.022742 0.000679 0.383847 0.008303 2.564785
0.494603 0.047507 0.042491 0.022719 0.000679 0.383693 0.008310 2.569351
0.494708 0.047476 0.042582 0.022781 0.000674 0.383462 0.008317 2.574130
0.494790 0.047396 0.042606 0.022789 0.000679 0.383418 0.008323 2.578849
0.494825 0.047476 0.042581 0.022798 0.000685 0.383308 0.008327 2.583471
0.495056 0.047393 0.042619 0.022810 0.000684 0.383106 0.008331 2.588180
0.495249 0.047369 0.042536 0.022773 0.000690 0.383048 0.008336 2.592818
0.495302 0.047345 0.042531 0.022779 0.000688 0.383012 0.008343 2.597521
0.495443 0.047306 0.042564 0.022812 0.000679 0.382848 0.008349 2.602209
0.495542 0.047374 0.042566 0.022755 0.000686 0.382724 0.008352 2.606859
0.495495 0.047488 0.042532 0.022706 0.000688 0.382733 0.008358 2.611513
0.495612 0.047492 0.042548 0.022679 0.000687 0.382618 0.008364 2.616148
0.495930 0.047442 0.042455 0.022734 0.000701 0.382367 0.008371 2.620812
0.496066 0.047417 0.042418 0.022800 0.000699 0.382223 0.008378 2.625452
0.496145 0.047451 0.042365 0.022796 0.000701 0.382154 0.008389 2.630098
0.496340 0.047454 0.042329 0.022822 0.000698 0.381961 0.008395 2.634741
0.496471 0.047475 0.042344 0.022822 0.000698 0.381792 0.008399 2.639384
0.496582 0.047520 0.042302 0.022814 0.000698 0.381680 0.008405 2.643974
0.496725 0.047474 0.042380 0.022818 0.000693 0.381500 0.008409 2.648677
0.496828 0.047637 0.042253 0.022759 0.000692 0.381416 0.008416 2.653190
0.496919 0.047725 0.042319 0.022809 0.000690 0.381117 0.008421 2.657821
0.497034 0.047791 0.042302 0.022794 0.000684 0.380968 0.008428 2.662399
0.497157 0.047804 0.042348 0.022768 0.000677 0.380811 0.008435 2.667070
0.497237 0.047746 0.042455 0.022710 0.000680 0.380734 0.008439 2.671776
0.497330 0.047678 0.042476 0.022774 0.000684 0.380614 0.008444 2.676488
0.497328 0.047673 0.042496 0.022740 0.000690 0.380623 0.008450 2.681128
0.497456 0.047687 0.042477 0.022757 0.000700 0.380470 0.008454 2.685771
0.497615 0.047669 0.042450 0.022791 0.000689 0.380324 0.008461 2.690417
0.497657 0.047594 0.042529 0.022789 0.000695 0.380271 0.008464 2.695159
0.497608 0.047643 0.042646 0.022759 0.000689 0.380184 0.008471 2.699846
0.497707 0.047607 0.042654 0.022756 0.000694 0.380107 0.008474 2.704513
0.497847 0.047527 0.042714 0.022768 0.000702 0.379964 0.008478 2.709160
0.497889 0.047574 0.042744 0.022756 0.000704 0.379851 0.008483 2.713840
0.497967 0.047595 0.042662 0.022733 0.000707 0.379849 0.008488 2.718462
0.497935 0.047743 0.042620 0.022747 0.000709 0.379755 0.008490 2.723065
0.497930 0.047849 0.042573 0.022816 0.000707 0.379628 0.008496 2.727746
0.497948 0.047890 0.042560 0.022835 0.000719 0.379547 0.008501 2.732442
0.497995 0.047871 0.042570 0.022854 0.000723 0.379483 0.008505 2.737200
0.498120 0.047829 0.042533 0.022843 0.000728 0.379436 0.008511 2.741926
0.498185 0.047773 0.042613 0.022835 0.000731 0.379347 0.008517 2.746649
0.498264 0.047676 0.042674 0.022853 0.000733 0.379280 0.008520 2.751375
0.498301 0.047709 0.042697 0.022886 0.000728 0.379155 0.008524 2.756060
0.498375 0.047775 0.042691 0.022913 0.000732 0.378986 0.008530 2.760716
0.498490 0.047810 0.042681 0.022899 0.000732 0.378851 0.008536 2.765351
0.498591 0.047806 0.042636 0.022971 0.000724 0.378731 0.008541 2.770009
0.498649 0.047799 0.042564 0.022973 0.000727 0.378740 0.008548 2.774674
0.498676 0.047720 0.042536 0.023026 0.000721 0.378767 0.008554 2.779365
0.498770 0.047723 0.042636 0.022976 0.000733 0.378602 0.008559 2.784062
0.498806 0.047789 0.042649 0.022995 0.000735 0.378459 0.008568 2.788752
0.498763 0.047839 0.042652 0.023062 0.000740 0.378374 0.008570 2.793435
0.498803 0.047870 0.042651 0.023057 0.000741 0.378298 0.008580 2.798093
0.498860 0.047780 0.042695 0.023088 0.000744 0.378248 0.008585 2.802856
0.498944 0.047753 0.042630 0.023095 0.000745 0.378242 0.008592 2.807541
0.499076 0.047711 0.042723 0.023105 0.000748 0.378039 0.008598 2.812246
0.499115 0.047648 0.042797 0.023044 0.000756 0.378036 0.008605 2.816963
0.499071 0.047794 0.042752 0.023014 0.000749 0.378008 0.008612 2.821564
0.499030 0.047792 0.042827 0.022948 0.000746 0.378039 0.008618 2.826237
0.499083 0.047842 0.042822 0.022942 0.000740 0.377948 0.008624 2.830864
0.499156 0.047831 0.042799 0.023039 0.000742 0.377807 0.008627 2.835544
0.499151 0.047900 0.042771 0.023050 0.000743 0.377750 0.008635 2.840206
0.499209 0.047800 0.042793 0.023046 0.000737 0.377774 0.008640 2.844895
0.499291 0.047737 0.042842 0.023008 0.000742 0.377735 0.008646 2.849586
0.499188 0.047836 0.042898 0.023051 0.000739 0.377637 0.008651 2.854250
0.499322 0.047834 0.042773 0.023034 0.000743 0.377638 0.008656 2.858894
0.499327 0.047919 0.042762 0.023015 0.000737 0.377577 0.008664 2.863552
0.499262 0.047942 0.042821 0.022988 0.000729 0.377587 0.008670 2.868304
0.499368 0.047880 0.042866 0.023017 0.000737 0.377457 0.008673 2.873023
0.499360 0.047843 0.042866 0.023009 0.000739 0.377502 0.008680 2.877736
0.499426 0.047822 0.042875 0.023001 0.000732 0.377459 0.008686 2.882444
0.499592 0.047829 0.042832 0.022963 0.000727 0.377367 0.008689 2.887076
0.499498 0.047841 0.042894 0.022947 0.000722 0.377403 0.008696 2.891774
0.499582 0.047780 0.042981 0.022894 0.000728 0.377330 0.008703 2.896502
0.499577 0.047901 0.042913 0.022883 0.000725 0.377290 0.008710 2.901108
0.499570 0.047865 0.042878 0.022889 0.000721 0.377362 0.008716 2.905789
0.499686 0.047849 0.042870 0.022928 0.000727 0.377222 0.008719 2.910483
0.499749 0.047839 0.042899 0.022954 0.000725 0.377108 0.008727 2.915166
0.499740 0.047846 0.042852 0.023011 0.000717 0.377103 0.008732 2.919861
0.499851 0.047780 0.042836 0.023014 0.000713 0.377065 0.008740 2.924551
0.499743 0.047860 0.042817 0.023069 0.000707 0.377054 0.008749 2.929237
0.499759 0.047881 0.042803 0.023063 0.000706 0.377035 0.008754 2.933929
0.499685 0.048011 0.042750 0.022978 0.000715 0.377103 0.008758 2.938570
0.499659 0.047939 0.042813 0.023037 0.000712 0.377077 0.008764 2.943308
0.499614 0.047912 0.042804 0.023029 0.000720 0.377152 0.008770 2.948003
0.499648 0.047883 0.042748 0.022992 0.000713 0.377240 0.008777 2.952700
0.499647 0.047854 0.042768 0.022960 0.000718 0.377270 0.008783 2.957423
0.499575 0.047976 0.042677 0.022988 0.000716 0.377279 0.008788 2.962062
0.499529 0.047964 0.042716 0.023041 0.000707 0.377254 0.008790 2.966796
0.499512 0.047960 0.042688 0.023070 0.000699 0.377277 0.008794 2.971490
0.499557 0.047951 0.042702 0.023103 0.000698 0.377192 0.008797 2.976202
0.499457 0.047937 0.042732 0.023081 0.000709 0.377284 0.008801 2.980939
0.499439 0.047984 0.042721 0.023016 0.000711 0.377323 0.008806 2.985608
0.499493 0.047896 0.042792 0.022990 0.000709 0.377308 0.008812 2.990316
0.499567 0.047831 0.042820 0.023058 0.000702 0.377202 0.008819 2.995055
0.499597 0.047846 0.042747 0.023051 0.000697 0.377236 0.008825 2.999701
0.499673 0.047878 0.042708 0.023028 0.000699 0.377182 0.008833 3.004380
0.499738 0.047803 0.042701 0.022983 0.000704 0.377231 0.008839 3.009083
0.499846 0.047734 0.042679 0.023005 0.000717 0.377175 0.008843 3.013797
0.499945 0.047608 0.042672 0.023062 0.000715 0.377152 0.008847 3.018522
0.499992 0.047583 0.042712 0.023031 0.000718 0.377110 0.008853 3.023194
0.500150 0.047586 0.042625 0.023021 0.000715 0.377045 0.008858 3.027769
0.500157 0.047566 0.042597 0.023146 0.000707 0.376963 0.008864 3.032475
0.500197 0.047534 0.042582 0.023142 0.000705 0.376970 0.008870 3.037149
0.500302 0.047627 0.042459 0.023053 0.000698 0.376986 0.008875 3.041686
0.500417 0.047589 0.042470 0.023086 0.000695 0.376863 0.008880 3.046377
0.500350 0.047668 0.042447 0.023049 0.000696 0.376907 0.008884 3.051047
0.500424 0.047610 0.042544 0.022993 0.000701 0.376837 0.008889 3.055727
0.500475 0.047605 0.042500 0.023017 0.000703 0.376802 0.008897 3.060413
0.500472 0.047572 0.042458 0.023023 0.000695 0.376874 0.008906 3.065129
0.500630 0.047594 0.042401 0.023010 0.000694 0.376760 0.008911 3.069735
0.500666 0.047582 0.042417 0.022995 0.000697 0.376729 0.008915 3.074477
0.500759 0.047526 0.042422 0.023015 0.000686 0.376670 0.008923 3.079155
0.500841 0.047500 0.042463 0.022994 0.000689 0.376585 0.008928 3.083850
0.500868 0.047526 0.042425 0.022965 0.000683 0.376599 0.008934 3.088518
0.500984 0.047501 0.042380 0.022942 0.000691 0.376564 0.008938 3.093160
0.501013 0.047497 0.042421 0.022955 0.000692 0.376478 0.008944 3.097872
0.501164 0.047442 0.042402 0.022928 0.000688 0.376430 0.008947 3.102526
0.501237 0.047502 0.042349 0.022863 0.000684 0.376415 0.008951 3.107081
0.501270 0.047457 0.042283 0.022817 0.000678 0.376537 0.008958 3.111717
0.501216 0.047493 0.042281 0.022816 0.000678 0.376557 0.008961 3.116394
0.501240 0.047441 0.042369 0.022780 0.000673 0.376531 0.008965 3.121093
0.501309 0.047406 0.042280 0.022769 0.000676 0.376591 0.008969 3.125756
0.501344 0.047318 0.042239 0.022791 0.000680 0.376652 0.008976 3.130455
0.501344 0.047373 0.042236 0.022763 0.000682 0.376619 0.008984 3.135074
0.501321 0.047417 0.042251 0.022710 0.000686 0.376626 0.008989 3.139702
0.501417 0.047421 0.042263 0.022724 0.000687 0.376493 0.008995 3.144323
0.501526 0.047266 0.042320 0.022781 0.000687 0.376418 0.009002 3.149033
0.501646 0.047276 0.042250 0.022813 0.000683 0.376324 0.009007 3.153622
0.501775 0.047322 0.042219 0.022834 0.000690 0.376145 0.009014 3.158191
0.501781 0.047309 0.042296 0.022811 0.000698 0.376089 0.009017 3.162852
0.501919 0.047416 0.042303 0.022732 0.000695 0.375914 0.009023 3.167424
0.501943 0.047501 0.042237 0.022739 0.000699 0.375852 0.009029 3.172028
0.501873 0.047548 0.042298 0.022772 0.000701 0.375775 0.009033 3.176721
0.501972 0.047604 0.042244 0.022821 0.000694 0.375626 0.009039 3.181339
0.501935 0.047621 0.042359 0.022794 0.000695 0.375555 0.009042 3.186070
0.501875 0.047639 0.042403 0.022833 0.000687 0.375513 0.009050 3.190786
0.501819 0.047702 0.042446 0.022806 0.000690 0.375483 0.009055 3.195453
0.501723 0.047713 0.042517 0.022886 0.000683 0.375419 0.009062 3.200224
0.501692 0.047707 0.042621 0.022849 0.000680 0.375384 0.009068 3.204916
0.501736 0.047756 0.042621 0.022862 0.000679 0.375272 0.009074 3.209550
0.501689 0.047779 0.042606 0.022917 0.000677 0.375251 0.009082 3.214224
0.501760 0.047739 0.042580 0.023013 0.000683 0.375139 0.009087 3.218923
0.501802 0.047752 0.042696 0.022989 0.000680 0.374989 0.009093 3.223649
0.501775 0.047809 0.042664 0.023052 0.000683 0.374919 0.009097 3.228315
0.501802 0.047795 0.042679 0.023165 0.000690 0.374767 0.009102 3.233038
0.501721 0.047888 0.042698 0.023155 0.000689 0.374741 0.009109 3.237697
0.501691 0.047929 0.042703 0.023168 0.000682 0.374714 0.009113 3.242370
0.501655 0.047982 0.042741 0.023163 0.000678 0.374664 0.009119 3.247047
0.501573 0.047904 0.042811 0.023176 0.000672 0.374742 0.009122 3.251813
0.501635 0.047767 0.042865 0.023199 0.000670 0.374736 0.009128 3.256559
0.501659 0.047751 0.042937 0.023134 0.000675 0.374713 0.009132 3.261248
0.501703 0.047686 0.042870 0.023077 0.000682 0.374845 0.009138 3.265951
0.501786 0.047733 0.042776 0.023114 0.000675 0.374773 0.009143 3.270565
0.501846 0.047648 0.042813 0.023125 0.000683 0.374737 0.009149 3.275266
0.501964 0.047545 0.042745 0.023199 0.000668 0.374722 0.009158 3.279956
0.501910 0.047592 0.042763 0.023205 0.000670 0.374698 0.009161 3.284636
0.501909 0.047588 0.042725 0.023234 0.000666 0.374711 0.009168 3.289292
0.501985 0.047632 0.042681 0.023175 0.000675 0.374680 0.009173 3.293934
0.502056 0.047629 0.042722 0.023185 0.000673 0.374559 0.009178 3.298617
0.502044 0.047677 0.042619 0.023196 0.000671 0.374611 0.009182 3.303289
0.502028 0.047737 0.042560 0.023203 0.000674 0.374613 0.009186 3.307971
0.502006 0.047795 0.042521 0.023174 0.000676 0.374635 0.009194 3.312642
0.502014 0.047856 0.042520 0.023124 0.000679 0.374610 0.009197 3.317282
0.502041 0.047848 0.042585 0.023119 0.000683 0.374520 0.009204 3.321981
0.501975 0.047901 0.042650 0.023152 0.000682 0.374430 0.009210 3.326698
0.501904 0.047894 0.042656 0.023213 0.000673 0.374445 0.009215 3.331443
0.501902 0.047871 0.042651 0.023178 0.000677 0.374503 0.009219 3.336132
0.501850 0.047922 0.042580 0.023197 0.000675 0.374551 0.009226 3.340773
0.501871 0.047891 0.042566 0.023173 0.000682 0.374588 0.009229 3.345456
0.501839 0.047917 0.042578 0.023115 0.000681 0.374635 0.009235 3.350138
0.501969 0.047971 0.042575 0.023052 0.000674 0.374519 0.009240 3.354742
0.501856 0.048019 0.042672 0.023061 0.000676 0.374473 0.009243 3.359495
0.501732 0.048167 0.042684 0.023059 0.000669 0.374440 0.009250 3.364167
0.501671 0.048125 0.042767 0.023112 0.000673 0.374398 0.009254 3.368920
0.501643 0.048078 0.042824 0.023096 0.000680 0.374420 0.009260 3.373663
0.501591 0.048088 0.042803 0.023102 0.000675 0.374477 0.009264 3.378320
0.501628 0.048051 0.042818 0.023074 0.000681 0.374482 0.009267 3.383022
0.501641 0.048062 0.042751 0.023087 0.000687 0.374503 0.009271 3.387714
0.501561 0.048094 0.042790 0.023097 0.000692 0.374491 0.009276 3.392408
0.501516 0.048018 0.042811 0.023134 0.000683 0.374556 0.009282 3.397177
0.501518 0.048047 0.042820 0.023102 0.000679 0.374548 0.009287 3.401833
0.501646 0.048001 0.042800 0.023089 0.000682 0.374490 0.009293 3.406529
0.501580 0.047976 0.042803 0.023074 0.000679 0.374588 0.009301 3.411245
0.501522 0.048034 0.042748 0.023049 0.000675 0.374664 0.009308 3.415901
0.501597 0.047984 0.042714 0.023034 0.000678 0.374679 0.009314 3.420578
0.501556 0.048036 0.042746 0.022986 0.000681 0.374677 0.009320 3.425248
0.501567 0.048155 0.042720 0.022919 0.000674 0.374639 0.009327 3.429893
0.501654 0.048188 0.042715 0.022876 0.000672 0.374567 0.009330 3.434525
0.501574 0.048164 0.042752 0.022871 0.000677 0.374629 0.009333 3.439276
0.501514 0.048064 0.042855 0.022811 0.000688 0.374731 0.009338 3.444085
0.501377 0.048217 0.042901 0.022776 0.000689 0.374698 0.009342 3.448778
0.501313 0.048162 0.042929 0.022752 0.000695 0.374800 0.009349 3.453526
0.501379 0.048248 0.042850 0.022808 0.000705 0.374658 0.009353 3.458220
0.501332 0.048235 0.042852 0.022856 0.000698 0.374665 0.009363 3.462961
0.501342 0.048127 0.042848 0.022963 0.000705 0.374648 0.009368 3.467736
0.501242 0.047987 0.042918 0.023045 0.000706 0.374730 0.009373 3.472559
0.501213 0.048016 0.042809 0.023062 0.000700 0.374822 0.009379 3.477265
0.501321 0.047921 0.042737 0.023046 0.000692 0.374898 0.009385 3.481979
0.501240 0.048063 0.042702 0.022995 0.000699 0.374910 0.009391 3.486618
0.501156 0.047966 0.042788 0.023049 0.000698 0.374947 0.009397 3.491409
0.501120 0.047952 0.042823 0.023090 0.000697 0.374911 0.009407 3.496151
0.501198 0.047944 0.042847 0.023072 0.000697 0.374829 0.009414 3.500856
0.501246 0.047939 0.042813 0.023080 0.000693 0.374810 0.009418 3.505525
0.501385 0.047934 0.042828 0.023087 0.000693 0.374650 0.009422 3.510164
0.501456 0.047975 0.042771 0.023069 0.000689 0.374611 0.009429 3.514776
0.501486 0.047966 0.042711 0.023029 0.000676 0.374696 0.009436 3.519384
0.501488 0.047946 0.042659 0.023067 0.000672 0.374726 0.009442 3.524074
0.501432 0.047896 0.042704 0.023068 0.000675 0.374778 0.009447 3.528790
0.501439 0.047793 0.042687 0.023113 0.000673 0.374844 0.009453 3.533546
0.501391 0.047819 0.042660 0.023064 0.000676 0.374935 0.009456 3.538195
0.501453 0.047794 0.042655 0.023030 0.000678 0.374932 0.009458 3.542871
0.501421 0.047846 0.042708 0.023036 0.000677 0.374849 0.009464 3.547570
0.501404 0.047763 0.042838 0.023045 0.000681 0.374800 0.009470 3.552305
0.501491 0.047794 0.042795 0.023037 0.000678 0.374732 0.009475 3.556908
0.501412 0.047848 0.042805 0.023007 0.000677 0.374772 0.009480 3.561578
0.501457 0.047700 0.042874 0.023057 0.000675 0.374752 0.009486 3.566373
0.501572 0.047620 0.042770 0.023067 0.000681 0.374800 0.009490 3.571008
0.501452 0.047635 0.042788 0.023034 0.000675 0.374920 0.009498 3.575695
0.501494 0.047700 0.042766 0.022980 0.000676 0.374883 0.009501 3.580303
0.501468 0.047698 0.042741 0.022950 0.000681 0.374955 0.009508 3.584971
0.501491 0.047641 0.042750 0.022950 0.000681 0.374974 0.009513 3.589700
0.501553 0.047658 0.042695 0.022940 0.000684 0.374949 0.009522 3.594350
0.501497 0.047667 0.042658 0.022923 0.000683 0.375046 0.009526 3.599023
0.501498 0.047698 0.042644 0.022934 0.000679 0.375016 0.009531 3.603647
0.501350 0.047721 0.042635 0.022998 0.000678 0.375084 0.009534 3.608330
0.501236 0.047788 0.042515 0.023015 0.000680 0.375226 0.009539 3.613023
0.501166 0.047811 0.042588 0.023022 0.000683 0.375189 0.009542 3.617714
0.501213 0.047800 0.042576 0.023029 0.000678 0.375157 0.009548 3.622368
0.501332 0.047758 0.042633 0.022983 0.000669 0.375072 0.009554 3.627069
0.501396 0.047673 0.042578 0.023008 0.000668 0.375119 0.009560 3.631744
0.501352 0.047701 0.042585 0.022964 0.000673 0.375162 0.009565 3.636403
0.501307 0.047752 0.042609 0.022986 0.000678 0.375100 0.009569 3.641106
0.501332 0.047770 0.042635 0.022932 0.000670 0.375087 0.009574 3.645798
0.501380 0.047832 0.042578 0.022949 0.000672 0.375008 0.009581 3.650420
0.501367 0.047861 0.042595 0.022941 0.000682 0.374969 0.009586 3.655076
0.501444 0.047793 0.042577 0.022964 0.000678 0.374951 0.009594 3.659801
0.501407 0.047822 0.042550 0.022919 0.000681 0.375022 0.009600 3.664411
0.501268 0.047895 0.042577 0.022893 0.000680 0.375083 0.009607 3.669076
0.501225 0.047945 0.042528 0.022862 0.000685 0.375145 0.009609 3.673692
0.501312 0.047837 0.042654 0.022910 0.000683 0.374987 0.009616 3.678421
0.501343 0.047793 0.042618 0.022945 0.000687 0.374992 0.009621 3.683101
0.501297 0.047709 0.042656 0.023011 0.000682 0.375016 0.009628 3.687826
0.501421 0.047573 0.042680 0.023015 0.000686 0.374992 0.009633 3.692610
0.501423 0.047455 0.042675 0.023018 0.000680 0.375114 0.009635 3.697333
0.501556 0.047468 0.042699 0.022932 0.000670 0.375031 0.009643 3.701962
0.501447 0.047533 0.042703 0.022862 0.000671 0.375135 0.009650 3.706611
0.501295 0.047598 0.042641 0.022900 0.000685 0.375228 0.009654 3.711329
0.501329 0.047631 0.042556 0.022874 0.000689 0.375262 0.009659 3.715930
0.501315 0.047640 0.042541 0.022880 0.000689 0.375270 0.009664 3.720569
0.501370 0.047571 0.042559 0.022901 0.000691 0.375237 0.009670 3.725259
0.501359 0.047606 0.042667 0.022853 0.000698 0.375140 0.009678 3.729918
0.501263 0.047700 0.042687 0.022915 0.000703 0.375050 0.009683 3.734602
0.501241 0.047720 0.042653 0.022917 0.000703 0.375080 0.009687 3.739271
0.501276 0.047651 0.042619 0.022976 0.000707 0.375082 0.009691 3.743975
0.501183 0.047668 0.042623 0.022946 0.000708 0.375178 0.009693 3.748637
0.501127 0.047588 0.042668 0.023012 0.000703 0.375203 0.009700 3.753390
0.501192 0.047593 0.042625 0.023068 0.000704 0.375112 0.009707 3.758034
0.501239 0.047675 0.042570 0.023032 0.000711 0.375062 0.009711 3.762632
0.501273 0.047618 0.042502 0.023071 0.000710 0.375109 0.009718 3.767305
0.501247 0.047583 0.042596 0.023073 0.000706 0.375072 0.009723 3.771982
0.501375 0.047453 0.042574 0.023112 0.000700 0.375059 0.009728 3.776652
0.501338 0.047529 0.042496 0.023088 0.000698 0.375119 0.009733 3.781266
0.501354 0.047605 0.042367 0.023150 0.000687 0.375097 0.009739 3.785845
0.501438 0.047576 0.042404 0.023171 0.000683 0.374983 0.009746 3.790482
0.501457 0.047607 0.042422 0.023120 0.000678 0.374965 0.009750 3.795105
0.501563 0.047566 0.042429 0.023152 0.000677 0.374856 0.009756 3.799785
0.501561 0.047543 0.042434 0.023198 0.000679 0.374822 0.009763 3.804481
0.501584 0.047458 0.042457 0.023212 0.000681 0.374838 0.009770 3.809189
0.501680 0.047429 0.042421 0.023137 0.000682 0.374878 0.009773 3.813792
0.501789 0.047375 0.042442 0.023117 0.000687 0.374815 0.009777 3.818463
0.501922 0.047330 0.042422 0.023101 0.000702 0.374739 0.009784 3.823060
0.501974 0.047296 0.042383 0.023138 0.000713 0.374708 0.009790 3.827718
0.502063 0.047200 0.042457 0.023100 0.000713 0.374674 0.009793 3.832388
0.502092 0.047152 0.042476 0.023069 0.000720 0.374690 0.009802 3.837047
0.502068 0.047095 0.042495 0.022988 0.000722 0.374825 0.009807 3.841699
0.502126 0.047118 0.042479 0.023011 0.000713 0.374736 0.009817 3.846335
0.502303 0.047029 0.042488 0.023099 0.000713 0.374546 0.009822 3.850964
0.502295 0.047048 0.042487 0.023106 0.000709 0.374526 0.009829 3.855583
0.502364 0.047100 0.042463 0.023021 0.000716 0.374504 0.009834 3.860172
0.502446 0.047164 0.042349 0.022999 0.000715 0.374491 0.009837 3.864753
0.502523 0.047170 0.042274 0.022988 0.000712 0.374489 0.009843 3.869428
0.502576 0.047258 0.042274 0.022922 0.000721 0.374403 0.009847 3.874016
0.502555 0.047261 0.042281 0.022930 0.000725 0.374396 0.009853 3.878705
0.502576 0.047341 0.042215 0.022898 0.000718 0.374391 0.009860 3.883299
0.502505 0.047407 0.042162 0.022949 0.000716 0.374396 0.009865 3.887944
0.502537 0.047533 0.042034 0.022902 0.000714 0.374410 0.009871 3.892568
0.502454 0.047626 0.041969 0.022919 0.000710 0.374443 0.009879 3.897212
0.502453 0.047618 0.042044 0.022898 0.000704 0.374395 0.009887 3.901875
0.502419 0.047587 0.042123 0.022905 0.000714 0.374359 0.009893 3.906559
0.502392 0.047657 0.042087 0.022944 0.000706 0.374315 0.009900 3.911202
0.502324 0.047662 0.042146 0.022994 0.000703 0.374264 0.009907 3.915928
0.502381 0.047686 0.042188 0.022965 0.000703 0.374167 0.009911 3.920603
0.502333 0.047776 0.042212 0.022975 0.000702 0.374085 0.009917 3.925251
0.502246 0.047816 0.042225 0.022964 0.000701 0.374127 0.009921 3.929894
0.502206 0.047751 0.042326 0.022989 0.000694 0.374105 0.009928 3.934640
0.502194 0.047833 0.042281 0.022945 0.000698 0.374117 0.009933 3.939260
0.502224 0.047759 0.042351 0.023010 0.000694 0.374021 0.009941 3.944007
0.502322 0.047669 0.042345 0.023045 0.000690 0.373985 0.009945 3.948775
0.502290 0.047721 0.042309 0.022986 0.000692 0.374051 0.009952 3.953409
0.502203 0.047738 0.042376 0.022964 0.000688 0.374076 0.009957 3.958082
0.502260 0.047712 0.042397 0.022950 0.000688 0.374032 0.009961 3.962754
0.502230 0.047765 0.042465 0.022975 0.000687 0.373911 0.009966 3.967409
0.502278 0.047656 0.042523 0.022986 0.000693 0.373896 0.009969 3.972117
0.502288 0.047691 0.042445 0.023015 0.000695 0.373892 0.009974 3.976784
0.502265 0.047659 0.042470 0.022979 0.000699 0.373950 0.009979 3.981441
0.502280 0.047576 0.042467 0.023025 0.000701 0.373968 0.009983 3.986104
0.502147 0.047512 0.042523 0.023128 0.000700 0.374005 0.009987 3.990908
0.502076 0.047595 0.042493 0.023132 0.000703 0.374011 0.009991 3.995532
0.502012 0.047710 0.042491 0.023042 0.000712 0.374038 0.009996 4.000136
0.502035 0.047632 0.042528 0.023070 0.000705 0.374028 0.010003 4.004909
0.501984 0.047578 0.042504 0.023131 0.000705 0.374090 0.010008 4.009635
0.501918 0.047627 0.042500 0.023131 0.000717 0.374095 0.010012 4.014291
0.501873 0.047637 0.042468 0.023110 0.000716 0.374179 0.010017 4.018921
0.501884 0.047528 0.042487 0.023038 0.000717 0.374324 0.010022 4.023651
0.501905 0.047458 0.042556 0.023038 0.000715 0.374302 0.010025 4.028348
0.501868 0.047453 0.042526 0.023040 0.000710 0.374371 0.010032 4.033058
0.501809 0.047529 0.042507 0.023042 0.000714 0.374365 0.010033 4.037685
0.501802 0.047501 0.042518 0.023050 0.000710 0.374378 0.010043 4.042390
0.501795 0.047533 0.042450 0.023079 0.000705 0.374387 0.010051 4.047052
0.501692 0.047483 0.042500 0.023096 0.000714 0.374460 0.010056 4.051771
0.501815 0.047474 0.042435 0.023085 0.000719 0.374414 0.010058 4.056374
0.501801 0.047596 0.042395 0.022967 0.000720 0.374458 0.010063 4.060952
0.501858 0.047503 0.042383 0.022957 0.000726 0.374507 0.010067 4.065620
0.501911 0.047387 0.042473 0.022958 0.000725 0.374476 0.010072 4.070368
0.501918 0.047408 0.042427 0.022967 0.000716 0.374484 0.010078 4.074985
0.501815 0.047522 0.042425 0.023007 0.000712 0.374435 0.010083 4.079670
0.501817 0.047579 0.042501 0.022979 0.000708 0.374326 0.010089 4.084320
0.501778 0.047546 0.042564 0.022963 0.000712 0.374344 0.010094 4.089037
0.501839 0.047498 0.042592 0.023031 0.000711 0.374230 0.010099 4.093685
0.501801 0.047556 0.042554 0.023013 0.000708 0.374264 0.010104 4.098270
0.501891 0.047511 0.042557 0.022947 0.000705 0.374280 0.010108 4.102920
0.501915 0.047534 0.042501 0.022949 0.000705 0.374283 0.010113 4.107600
0.501968 0.047547 0.042501 0.022874 0.000712 0.374280 0.010118 4.112227
0.501968 0.047486 0.042497 0.022890 0.000709 0.374328 0.010122 4.116908
0.501931 0.047607 0.042564 0.022836 0.000719 0.374215 0.010128 4.121529
0.501921 0.047584 0.042581 0.022855 0.000724 0.374200 0.010134 4.126222
0.501983 0.047578 0.042562 0.022897 0.000714 0.374125 0.010142 4.130875
0.501993 0.047534 0.042540 0.022925 0.000709 0.374152 0.010147 4.135555
0.502045 0.047524 0.042623 0.022918 0.000705 0.374031 0.010155 4.140240
0.502052 0.047531 0.042634 0.022906 0.000695 0.374023 0.010160 4.144901
0.501966 0.047600 0.042703 0.022911 0.000689 0.373963 0.010169 4.149532
0.501800 0.047759 0.042803 0.022847 0.000687 0.373930 0.010175 4.154170
0.501787 0.047766 0.042770 0.022867 0.000690 0.373940 0.010179 4.158834
0.501935 0.047714 0.042732 0.022855 0.000690 0.373887 0.010186 4.163496
0.502131 0.047527 0.042756 0.022865 0.000682 0.373849 0.010189 4.168206
0.502208 0.047489 0.042734 0.022893 0.000688 0.373794 0.010195 4.172834
0.502179 0.047534 0.042667 0.022961 0.000697 0.373760 0.010203 4.177476
0.502166 0.047614 0.042624 0.022959 0.000690 0.373742 0.010207 4.182108
0.502133 0.047578 0.042688 0.022918 0.000685 0.373784 0.010214 4.186847
0.502080 0.047680 0.042586 0.022880 0.000690 0.373865 0.010220 4.191405
0.502110 0.047592 0.042563 0.022898 0.000695 0.373917 0.010226 4.196099
0.502071 0.047558 0.042560 0.022963 0.000688 0.373929 0.010232 4.200795
0.501935 0.047604 0.042556 0.022940 0.000683 0.374046 0.010237 4.205434
0.501881 0.047658 0.042503 0.022942 0.000679 0.374097 0.010240 4.210109
0.501870 0.047600 0.042526 0.022961 0.000680 0.374120 0.010244 4.214821
0.501844 0.047668 0.042550 0.022943 0.000678 0.374066 0.010250 4.219458
0.501885 0.047645 0.042469 0.022940 0.000689 0.374119 0.010253 4.224104
0.501880 0.047669 0.042382 0.022896 0.000699 0.374217 0.010257 4.228751
0.501857 0.047796 0.042446 0.022877 0.000711 0.374052 0.010262 4.233408
