0.349021 0.064091 0.055801 0.032427 0.002117 0.490488 0.006056 1.597624
0.350061 0.062918 0.055836 0.032388 0.002111 0.490605 0.006082 1.603972
0.351294 0.061736 0.055630 0.032305 0.002110 0.490820 0.006104 1.610045
0.352763 0.060506 0.055427 0.032124 0.002102 0.490948 0.006131 1.615948
0.354379 0.059222 0.055139 0.031997 0.002096 0.491007 0.006159 1.621776
0.356164 0.057801 0.055020 0.031737 0.002095 0.490990 0.006191 1.627543
0.358017 0.056541 0.054653 0.031394 0.002086 0.491090 0.006219 1.633057
0.359786 0.055314 0.054272 0.031089 0.002094 0.491204 0.006242 1.638519
0.361835 0.054028 0.053881 0.030798 0.002077 0.491111 0.006270 1.643921
0.363870 0.052990 0.053527 0.030375 0.002069 0.490875 0.006294 1.649127
0.365840 0.051899 0.053137 0.029998 0.002052 0.490753 0.006322 1.654282
0.367944 0.050838 0.052683 0.029655 0.002031 0.490502 0.006348 1.659304
0.370149 0.049751 0.052186 0.029317 0.002022 0.490201 0.006374 1.664293
0.372441 0.048809 0.051510 0.028949 0.002000 0.489886 0.006406 1.669106
0.374789 0.047904 0.050930 0.028653 0.001998 0.489298 0.006427 1.673847
0.377027 0.047147 0.050364 0.028132 0.001999 0.488883 0.006449 1.678456
0.379396 0.046379 0.049818 0.027758 0.001995 0.488174 0.006480 1.683015
0.381626 0.045688 0.049158 0.027396 0.001962 0.487660 0.006508 1.687520
0.383968 0.044928 0.048576 0.027012 0.001938 0.487045 0.006533 1.692080
0.386221 0.044353 0.048021 0.026610 0.001918 0.486321 0.006556 1.696489
0.388470 0.043858 0.047361 0.026217 0.001893 0.485615 0.006586 1.700774
0.390892 0.043312 0.046738 0.025806 0.001869 0.484771 0.006611 1.704979
0.393145 0.042848 0.046200 0.025426 0.001846 0.483900 0.006636 1.709188
0.395600 0.042291 0.045647 0.025086 0.001814 0.482905 0.006659 1.713354
0.397899 0.041818 0.045110 0.024778 0.001793 0.481925 0.006678 1.717520
0.400373 0.041350 0.044553 0.024453 0.001771 0.480801 0.006700 1.721596
0.402800 0.040970 0.044031 0.024090 0.001734 0.479655 0.006719 1.725636
0.404992 0.040752 0.043437 0.023837 0.001696 0.478541 0.006745 1.729575
0.407324 0.040453 0.042905 0.023526 0.001664 0.477360 0.006769 1.733492
0.409605 0.040212 0.042324 0.023217 0.001639 0.476209 0.006795 1.737363
0.411913 0.039810 0.041878 0.022951 0.001595 0.475033 0.006819 1.741326
0.414266 0.039469 0.041431 0.022724 0.001577 0.473687 0.006845 1.745262
0.416493 0.039249 0.040909 0.022517 0.001555 0.472409 0.006868 1.749133
0.418735 0.038989 0.040480 0.022220 0.001531 0.471155 0.006890 1.753025
0.421074 0.038830 0.040074 0.022023 0.001503 0.469591 0.006906 1.756856
0.423281 0.038733 0.039644 0.021806 0.001472 0.468143 0.006923 1.760643
0.425552 0.038583 0.039290 0.021604 0.001462 0.466575 0.006935 1.764412
0.427698 0.038501 0.038889 0.021384 0.001435 0.465138 0.006955 1.768190
0.429926 0.038352 0.038530 0.021103 0.001409 0.463709 0.006972 1.771940
0.432072 0.038357 0.038196 0.020842 0.001388 0.462156 0.006990 1.775638
0.434244 0.038293 0.037874 0.020650 0.001367 0.460565 0.007008 1.779408
0.436314 0.038199 0.037663 0.020540 0.001351 0.458908 0.007024 1.783160
0.438378 0.038026 0.037433 0.020421 0.001332 0.457375 0.007037 1.786962
0.440467 0.037934 0.037233 0.020265 0.001297 0.455751 0.007055 1.790703
0.442487 0.037816 0.037004 0.020181 0.001286 0.454156 0.007070 1.794519
0.444430 0.037803 0.036798 0.020071 0.001261 0.452553 0.007084 1.798250
0.446185 0.037892 0.036549 0.019957 0.001243 0.451072 0.007100 1.801975
0.448125 0.037793 0.036357 0.019843 0.001231 0.449540 0.007112 1.805746
0.450012 0.037819 0.036148 0.019722 0.001194 0.447972 0.007131 1.809417
0.451913 0.037902 0.035882 0.019605 0.001180 0.446372 0.007146 1.813066
0.453765 0.037855 0.035760 0.019523 0.001169 0.444770 0.007158 1.816796
0.455537 0.037831 0.035589 0.019473 0.001146 0.443253 0.007170 1.820530
0.457278 0.037840 0.035469 0.019383 0.001125 0.441721 0.007184 1.824255
0.459026 0.037868 0.035336 0.019341 0.001106 0.440127 0.007196 1.827981
0.460645 0.037966 0.035207 0.019326 0.001093 0.438555 0.007208 1.831726
0.462333 0.037994 0.035104 0.019242 0.001064 0.437044 0.007220 1.835464
0.463937 0.038054 0.035089 0.019180 0.001050 0.435459 0.007231 1.839283
0.465448 0.038127 0.035004 0.019174 0.001026 0.433977 0.007244 1.843044
0.466880 0.038292 0.034973 0.019100 0.001006 0.432493 0.007255 1.846789
0.468404 0.038461 0.034926 0.019104 0.000984 0.430851 0.007269 1.850502
0.469894 0.038616 0.034858 0.019108 0.000963 0.429281 0.007280 1.854235
0.471422 0.038755 0.034767 0.019074 0.000950 0.427741 0.007290 1.857958
0.472874 0.038747 0.034759 0.019130 0.000933 0.426256 0.007300 1.861817
0.474190 0.038780 0.034818 0.019152 0.000921 0.424829 0.007310 1.865670
0.475588 0.038933 0.034839 0.019131 0.000907 0.423282 0.007320 1.869528
0.476994 0.039038 0.034862 0.019124 0.000902 0.421750 0.007331 1.873381
0.478381 0.039195 0.034819 0.019066 0.000885 0.420316 0.007339 1.877130
0.479647 0.039263 0.034824 0.019109 0.000872 0.418939 0.007347 1.880985
0.481022 0.039302 0.034862 0.019148 0.000861 0.417449 0.007356 1.884877
0.482173 0.039476 0.034925 0.019114 0.000857 0.416091 0.007364 1.888742
0.483386 0.039607 0.034966 0.019088 0.000849 0.414731 0.007373 1.892647
0.484584 0.039609 0.034976 0.019115 0.000846 0.413486 0.007384 1.896600
0.485707 0.039768 0.035012 0.019202 0.000833 0.412088 0.007389 1.900518
0.486698 0.039987 0.035076 0.019197 0.000826 0.410817 0.007400 1.904406
0.487785 0.040125 0.035076 0.019246 0.000815 0.409547 0.007406 1.908308
0.488801 0.040366 0.035094 0.019282 0.000812 0.408230 0.007415 1.912192
0.489768 0.040562 0.035128 0.019321 0.000801 0.406996 0.007425 1.916133
0.490757 0.040691 0.035197 0.019361 0.000791 0.405771 0.007432 1.920143
0.491780 0.040847 0.035314 0.019319 0.000785 0.404516 0.007438 1.924130
0.492526 0.041101 0.035368 0.019392 0.000775 0.403394 0.007443 1.928147
0.493384 0.041255 0.035439 0.019417 0.000767 0.402291 0.007448 1.932211
0.494097 0.041472 0.035553 0.019460 0.000768 0.401198 0.007454 1.936253
0.494936 0.041622 0.035678 0.019501 0.000763 0.400039 0.007462 1.940300
0.495646 0.041776 0.035817 0.019593 0.000749 0.398949 0.007470 1.944456
0.496332 0.041979 0.035932 0.019586 0.000751 0.397943 0.007478 1.948520
0.496966 0.042176 0.036042 0.019588 0.000745 0.397000 0.007482 1.952638
0.497532 0.042341 0.036148 0.019714 0.000734 0.396043 0.007488 1.956822
0.498245 0.042394 0.036202 0.019835 0.000728 0.395102 0.007494 1.960970
0.498973 0.042447 0.036287 0.019856 0.000724 0.394211 0.007504 1.965131
0.499572 0.042580 0.036334 0.019946 0.000723 0.393335 0.007510 1.969323
0.500221 0.042744 0.036428 0.019976 0.000716 0.392400 0.007516 1.973499
0.500679 0.043002 0.036468 0.020061 0.000701 0.391564 0.007525 1.977667
0.501170 0.043218 0.036545 0.020142 0.000696 0.390694 0.007535 1.981844
0.501815 0.043317 0.036599 0.020215 0.000691 0.389822 0.007540 1.986010
0.502291 0.043511 0.036775 0.020258 0.000685 0.388930 0.007551 1.990240
0.502743 0.043645 0.036841 0.020292 0.000678 0.388248 0.007554 1.994468
0.503286 0.043753 0.036932 0.020308 0.000667 0.387493 0.007561 1.998715
0.503767 0.043805 0.037137 0.020395 0.000656 0.386673 0.007565 2.003096
0.504083 0.043939 0.037334 0.020435 0.000657 0.385983 0.007570 2.007450
0.504428 0.044058 0.037406 0.020521 0.000650 0.385363 0.007573 2.011792
0.504714 0.044153 0.037570 0.020574 0.000657 0.384751 0.007580 2.016172
0.504979 0.044313 0.037738 0.020655 0.000650 0.384078 0.007586 2.020506
0.505184 0.044504 0.037870 0.020688 0.000659 0.383504 0.007591 2.024873
0.505432 0.044733 0.037933 0.020756 0.000657 0.382891 0.007597 2.029181
0.505721 0.044817 0.038071 0.020837 0.000661 0.382290 0.007602 2.033600
0.505950 0.044952 0.038180 0.020893 0.000659 0.381757 0.007609 2.037988
0.506272 0.045069 0.038318 0.020959 0.000667 0.381103 0.007614 2.042374
0.506415 0.045101 0.038483 0.021038 0.000670 0.380675 0.007618 2.046877
0.506551 0.045250 0.038666 0.021089 0.000672 0.380149 0.007623 2.051351
0.506784 0.045412 0.038802 0.021084 0.000678 0.379613 0.007628 2.055743
0.506916 0.045516 0.038900 0.021174 0.000678 0.379185 0.007631 2.060221
0.507019 0.045666 0.038953 0.021212 0.000680 0.378836 0.007634 2.064662
0.507178 0.045763 0.039128 0.021267 0.000680 0.378346 0.007639 2.069138
0.507307 0.045905 0.039192 0.021330 0.000673 0.377944 0.007647 2.073600
0.507291 0.046087 0.039293 0.021372 0.000667 0.377638 0.007652 2.078085
0.507427 0.046096 0.039487 0.021375 0.000671 0.377285 0.007658 2.082672
0.507368 0.046192 0.039695 0.021487 0.000671 0.376925 0.007661 2.087296
0.507473 0.046295 0.039802 0.021563 0.000670 0.376533 0.007664 2.091808
0.507545 0.046444 0.039893 0.021591 0.000668 0.376191 0.007668 2.096311
0.507577 0.046643 0.039970 0.021666 0.000661 0.375811 0.007673 2.100827
0.507654 0.046700 0.040088 0.021749 0.000659 0.375471 0.007678 2.105420
0.507700 0.046770 0.040204 0.021821 0.000652 0.375171 0.007683 2.110013
0.507642 0.046857 0.040259 0.021959 0.000655 0.374940 0.007687 2.114597
0.507909 0.046832 0.040348 0.021989 0.000657 0.374574 0.007691 2.119194
0.507946 0.046927 0.040333 0.021978 0.000664 0.374456 0.007695 2.123681
0.508034 0.046950 0.040380 0.022028 0.000665 0.374244 0.007700 2.128288
0.508197 0.046963 0.040412 0.022074 0.000670 0.373976 0.007707 2.132857
0.508300 0.046844 0.040500 0.022151 0.000666 0.373828 0.007712 2.137517
0.508380 0.046861 0.040589 0.022200 0.000661 0.373593 0.007717 2.142108
0.508483 0.046792 0.040594 0.022251 0.000663 0.373497 0.007720 2.146712
0.508392 0.046894 0.040575 0.022272 0.000656 0.373486 0.007725 2.151221
0.508494 0.046871 0.040697 0.022342 0.000663 0.373205 0.007728 2.155849
0.508672 0.046812 0.040790 0.022371 0.000664 0.372956 0.007735 2.160426
0.508817 0.046738 0.040879 0.022406 0.000668 0.372754 0.007739 2.164997
0.508900 0.046764 0.040965 0.022408 0.000658 0.372560 0.007745 2.169543
0.508954 0.046761 0.041051 0.022393 0.000661 0.372433 0.007749 2.174138
0.508883 0.046845 0.041142 0.022419 0.000657 0.372299 0.007755 2.178705
0.508951 0.046860 0.041117 0.022377 0.000652 0.372286 0.007758 2.183245
0.509116 0.046872 0.041157 0.022340 0.000658 0.372094 0.007763 2.187802
0.509173 0.046793 0.041232 0.022337 0.000669 0.372030 0.007766 2.192413
0.509242 0.046725 0.041245 0.022365 0.000672 0.371984 0.007769 2.196998
0.509397 0.046696 0.041247 0.022340 0.000677 0.371869 0.007773 2.201559
0.509532 0.046626 0.041216 0.022374 0.000677 0.371796 0.007778 2.206166
0.509629 0.046660 0.041096 0.022343 0.000675 0.371815 0.007782 2.210655
0.509770 0.046611 0.041215 0.022285 0.000672 0.371662 0.007786 2.215251
0.509770 0.046638 0.041209 0.022270 0.000677 0.371646 0.007791 2.219790
0.509895 0.046519 0.041303 0.022274 0.000667 0.371546 0.007796 2.224377
0.510032 0.046475 0.041214 0.022342 0.000673 0.371465 0.007800 2.228953
0.510264 0.046420 0.041234 0.022362 0.000675 0.371243 0.007803 2.233486
0.510232 0.046476 0.041227 0.022321 0.000684 0.371251 0.007810 2.238040
0.510252 0.046518 0.041178 0.022407 0.000679 0.371154 0.007814 2.242577
0.510328 0.046546 0.041061 0.022341 0.000683 0.371223 0.007819 2.247053
0.510392 0.046517 0.041080 0.022297 0.000684 0.371204 0.007827 2.251617
0.510476 0.046441 0.041148 0.022317 0.000689 0.371097 0.007833 2.256244
0.510654 0.046441 0.041120 0.022322 0.000690 0.370938 0.007837 2.260726
0.510882 0.046337 0.041106 0.022351 0.000693 0.370790 0.007841 2.265259
0.511061 0.046257 0.041105 0.022375 0.000688 0.370667 0.007847 2.269797
0.511315 0.046169 0.041027 0.022331 0.000696 0.370609 0.007853 2.274279
0.511320 0.046225 0.041094 0.022345 0.000691 0.370469 0.007856 2.278757
0.511496 0.046123 0.041118 0.022388 0.000687 0.370328 0.007861 2.283306
0.511746 0.046026 0.041201 0.022360 0.000686 0.370116 0.007867 2.287866
0.511914 0.045960 0.041210 0.022358 0.000681 0.370004 0.007874 2.292375
0.512164 0.045876 0.041198 0.022304 0.000682 0.369897 0.007879 2.296864
0.512246 0.045921 0.041118 0.022342 0.000684 0.369806 0.007884 2.301347
0.512360 0.045947 0.041117 0.022363 0.000678 0.369646 0.007889 2.305820
0.512477 0.045901 0.041096 0.022297 0.000681 0.369650 0.007897 2.310318
0.512673 0.045833 0.041048 0.022326 0.000680 0.369539 0.007902 2.314819
0.512778 0.045860 0.040999 0.022290 0.000679 0.369485 0.007908 2.319271
0.512989 0.045838 0.040914 0.022224 0.000683 0.369441 0.007912 2.323688
0.513145 0.045716 0.040970 0.022219 0.000680 0.369354 0.007917 2.328269
0.513283 0.045579 0.041043 0.022288 0.000682 0.369201 0.007923 2.332852
0.513439 0.045515 0.041065 0.022284 0.000682 0.369085 0.007930 2.337401
0.513538 0.045505 0.041067 0.022272 0.000680 0.368999 0.007939 2.341888
0.513663 0.045649 0.041044 0.022255 0.000684 0.368760 0.007945 2.346274
0.513806 0.045706 0.040971 0.022249 0.000695 0.368627 0.007948 2.350756
0.513963 0.045610 0.041034 0.022206 0.000690 0.368545 0.007953 2.355298
0.514146 0.045568 0.040968 0.022178 0.000688 0.368494 0.007959 2.359772
0.514385 0.045528 0.040889 0.022157 0.000689 0.368388 0.007964 2.364169
0.514506 0.045477 0.040863 0.022159 0.000693 0.368331 0.007971 2.368676
0.514739 0.045511 0.040806 0.022130 0.000683 0.368155 0.007976 2.373052
0.514886 0.045452 0.040765 0.022195 0.000675 0.368046 0.007981 2.377536
0.515152 0.045422 0.040745 0.022176 0.000665 0.367853 0.007987 2.381924
0.515186 0.045531 0.040700 0.022160 0.000663 0.367765 0.007996 2.386340
0.515446 0.045469 0.040699 0.022116 0.000664 0.367604 0.008003 2.390765
0.515730 0.045421 0.040694 0.022068 0.000672 0.367407 0.008009 2.395180
0.515950 0.045386 0.040734 0.022079 0.000675 0.367163 0.008013 2.399617
0.516189 0.045370 0.040775 0.022034 0.000675 0.366938 0.008019 2.404053
0.516276 0.045298 0.040791 0.022000 0.000678 0.366932 0.008025 2.408574
0.516401 0.045322 0.040711 0.021892 0.000677 0.366970 0.008029 2.412993
0.516529 0.045237 0.040682 0.021888 0.000679 0.366954 0.008033 2.417429
0.516565 0.045268 0.040695 0.021895 0.000686 0.366852 0.008038 2.421887
0.516725 0.045184 0.040651 0.021855 0.000677 0.366866 0.008043 2.426344
0.516907 0.045113 0.040570 0.021854 0.000672 0.366833 0.008051 2.430765
0.517107 0.045041 0.040609 0.021865 0.000670 0.366652 0.008057 2.435260
0.517215 0.045005 0.040571 0.021912 0.000672 0.366564 0.008060 2.439753
0.517429 0.044999 0.040548 0.021909 0.000676 0.366375 0.008064 2.444156
0.517525 0.045022 0.040573 0.021947 0.000675 0.366188 0.008070 2.448645
0.517530 0.045100 0.040522 0.021934 0.000681 0.366156 0.008076 2.453032
0.517547 0.045290 0.040392 0.021898 0.000678 0.366114 0.008082 2.457374
0.517734 0.045264 0.040367 0.021837 0.000681 0.366030 0.008087 2.461810
0.517864 0.045314 0.040384 0.021870 0.000687 0.365789 0.008092 2.466274
0.517961 0.045296 0.040411 0.021905 0.000689 0.365637 0.008101 2.470751
0.518082 0.045265 0.040467 0.021912 0.000682 0.365483 0.008110 2.475217
0.518195 0.045243 0.040487 0.021935 0.000686 0.365340 0.008115 2.479710
0.518338 0.045179 0.040510 0.021886 0.000691 0.365275 0.008121 2.484188
0.518392 0.045278 0.040460 0.021872 0.000691 0.365179 0.008128 2.488556
0.518472 0.045330 0.040418 0.021840 0.000681 0.365127 0.008133 2.492908
0.518569 0.045198 0.040474 0.021846 0.000674 0.365099 0.008140 2.497425
0.518679 0.045226 0.040426 0.021796 0.000672 0.365057 0.008144 2.501828
0.518821 0.045191 0.040444 0.021787 0.000669 0.364940 0.008149 2.506240
0.518909 0.045201 0.040414 0.021798 0.000665 0.364861 0.008153 2.510651
0.519056 0.045179 0.040336 0.021796 0.000670 0.364807 0.008156 2.514987
0.519289 0.045058 0.040306 0.021857 0.000666 0.364662 0.008161 2.519430
0.519426 0.045064 0.040300 0.021897 0.000671 0.364475 0.008167 2.523852
0.519568 0.045034 0.040163 0.021858 0.000674 0.364529 0.008174 2.528247
0.519864 0.044970 0.040247 0.021799 0.000670 0.364269 0.008181 2.532657
0.520128 0.044919 0.040199 0.021755 0.000667 0.364145 0.008187 2.537024
0.520299 0.044970 0.040288 0.021707 0.000675 0.363867 0.008194 2.541389
0.520465 0.044911 0.040263 0.021725 0.000672 0.363764 0.008200 2.545849
0.520617 0.044903 0.040283 0.021739 0.000674 0.363578 0.008206 2.550248
0.520699 0.044908 0.040195 0.021746 0.000665 0.363574 0.008214 2.554624
0.520787 0.045022 0.040080 0.021749 0.000661 0.363482 0.008219 2.558964
0.520805 0.045086 0.040030 0.021746 0.000661 0.363449 0.008224 2.563393
0.520923 0.045018 0.040074 0.021726 0.000660 0.363370 0.008229 2.567864
0.521098 0.044961 0.040095 0.021808 0.000661 0.363144 0.008234 2.572344
0.521191 0.044984 0.040115 0.021837 0.000664 0.362970 0.008239 2.576792
0.521299 0.044929 0.040031 0.021856 0.000676 0.362966 0.008242 2.581236
0.521489 0.044927 0.039954 0.021903 0.000683 0.362795 0.008248 2.585636
0.521644 0.044903 0.040021 0.021885 0.000679 0.362613 0.008254 2.590083
0.521837 0.044874 0.039965 0.021928 0.000673 0.362463 0.008261 2.594475
0.521978 0.044810 0.039997 0.021889 0.000681 0.362380 0.008266 2.598957
0.522119 0.044815 0.039992 0.021864 0.000685 0.362256 0.008271 2.603294
0.522283 0.044863 0.039968 0.021832 0.000681 0.362093 0.008279 2.607608
0.522411 0.044905 0.040009 0.021805 0.000681 0.361908 0.008282 2.611970
0.522566 0.044874 0.040037 0.021823 0.000673 0.361737 0.008290 2.616346
0.522727 0.044907 0.039997 0.021781 0.000672 0.361620 0.008297 2.620711
0.522800 0.044949 0.039920 0.021734 0.000673 0.361618 0.008305 2.625063
0.522861 0.045002 0.039844 0.021729 0.000682 0.361574 0.008308 2.629428
0.522981 0.045002 0.039895 0.021721 0.000673 0.361415 0.008312 2.633843
0.523199 0.044881 0.039934 0.021704 0.000673 0.361287 0.008322 2.638281
0.523242 0.044976 0.039870 0.021793 0.000665 0.361129 0.008326 2.642685
0.523346 0.044977 0.039943 0.021716 0.000669 0.361020 0.008329 2.647129
0.523432 0.044900 0.040071 0.021735 0.000675 0.360852 0.008335 2.651607
0.523561 0.044906 0.040079 0.021741 0.000676 0.360692 0.008345 2.656013
0.523671 0.044901 0.040157 0.021788 0.000681 0.360453 0.008350 2.660431
0.523655 0.045010 0.040193 0.021775 0.000688 0.360323 0.008355 2.664842
0.523579 0.045190 0.040132 0.021775 0.000693 0.360273 0.008357 2.669239
0.523763 0.045077 0.040180 0.021802 0.000689 0.360127 0.008363 2.673733
0.523827 0.045053 0.040224 0.021759 0.000689 0.360083 0.008367 2.678136
0.523844 0.045119 0.040227 0.021690 0.000685 0.360065 0.008371 2.682536
0.523852 0.045164 0.040207 0.021757 0.000673 0.359970 0.008377 2.686977
0.523965 0.045113 0.040242 0.021847 0.000675 0.359779 0.008380 2.691426
0.524025 0.045157 0.040188 0.021859 0.000671 0.359714 0.008386 2.695815
0.524156 0.045140 0.040140 0.021805 0.000676 0.359693 0.008391 2.700243
0.524211 0.045123 0.040235 0.021805 0.000671 0.359557 0.008398 2.704731
0.524258 0.045079 0.040273 0.021797 0.000677 0.359515 0.008402 2.709203
0.524320 0.045156 0.040267 0.021797 0.000680 0.359377 0.008403 2.713588
0.524339 0.045179 0.040231 0.021775 0.000670 0.359395 0.008410 2.718011
0.524436 0.045199 0.040147 0.021759 0.000672 0.359372 0.008415 2.722397
0.524459 0.045180 0.040177 0.021780 0.000681 0.359302 0.008421 2.726892
0.524478 0.045212 0.040137 0.021790 0.000681 0.359276 0.008427 2.731303
0.524456 0.045258 0.040203 0.021705 0.000685 0.359260 0.008433 2.735738
0.524442 0.045219 0.040258 0.021687 0.000688 0.359269 0.008438 2.740221
0.524502 0.045134 0.040321 0.021643 0.000680 0.359276 0.008444 2.744663
0.524473 0.045125 0.040323 0.021682 0.000680 0.359271 0.008447 2.749115
0.524611 0.045158 0.040350 0.021651 0.000687 0.359090 0.008452 2.753503
0.524616 0.045183 0.040392 0.021684 0.000690 0.358981 0.008455 2.757975
0.524655 0.045301 0.040254 0.021654 0.000691 0.358984 0.008461 2.762277
0.524590 0.045447 0.040204 0.021653 0.000694 0.358944 0.008467 2.766703
0.524752 0.045488 0.040099 0.021597 0.000694 0.358896 0.008475 2.771030
0.524900 0.045371 0.040124 0.021575 0.000692 0.358856 0.008482 2.775519
0.525076 0.045366 0.040058 0.021561 0.000680 0.358769 0.008490 2.779876
0.525112 0.045389 0.040067 0.021602 0.000677 0.358658 0.008497 2.784304
0.525051 0.045379 0.040161 0.021593 0.000682 0.358630 0.008504 2.788740
0.525006 0.045460 0.040176 0.021576 0.000685 0.358591 0.008508 2.793154
0.525084 0.045443 0.040139 0.021565 0.000688 0.358570 0.008513 2.797535
0.525195 0.045429 0.040123 0.021550 0.000686 0.358497 0.008519 2.801981
0.525143 0.045415 0.040154 0.021594 0.000681 0.358491 0.008523 2.806492
0.525023 0.045557 0.040157 0.021577 0.000681 0.358478 0.008527 2.810878
0.524930 0.045626 0.040189 0.021591 0.000683 0.358448 0.008533 2.815308
0.524942 0.045536 0.040321 0.021648 0.000689 0.358326 0.008538 2.819895
0.525065 0.045484 0.040414 0.021626 0.000688 0.358181 0.008542 2.824346
0.525130 0.045554 0.040405 0.021611 0.000691 0.358063 0.008547 2.828739
0.525125 0.045590 0.040346 0.021619 0.000685 0.358086 0.008550 2.833173
0.525225 0.045488 0.040361 0.021686 0.000683 0.358001 0.008556 2.837700
0.525171 0.045520 0.040393 0.021616 0.000676 0.358060 0.008564 2.842164
0.525145 0.045527 0.040495 0.021611 0.000670 0.357981 0.008571 2.846617
0.525322 0.045440 0.040485 0.021694 0.000665 0.357818 0.008577 2.851137
0.525307 0.045537 0.040453 0.021706 0.000659 0.357753 0.008585 2.855539
0.525284 0.045474 0.040525 0.021685 0.000657 0.357784 0.008592 2.860011
0.525269 0.045478 0.040557 0.021707 0.000659 0.357732 0.008598 2.864485
0.525374 0.045441 0.040524 0.021625 0.000653 0.357779 0.008604 2.868872
0.525313 0.045608 0.040530 0.021548 0.000658 0.357735 0.008610 2.873288
0.525343 0.045492 0.040501 0.021632 0.000654 0.357765 0.008613 2.877840
0.525332 0.045460 0.040487 0.021704 0.000662 0.357735 0.008621 2.882331
0.525350 0.045471 0.040512 0.021641 0.000656 0.357741 0.008629 2.886790
0.525434 0.045409 0.040544 0.021619 0.000662 0.357695 0.008637 2.891270
0.525470 0.045469 0.040548 0.021628 0.000659 0.357584 0.008644 2.895691
0.525645 0.045416 0.040484 0.021654 0.000659 0.357493 0.008650 2.900110
0.525640 0.045435 0.040482 0.021725 0.000659 0.357402 0.008657 2.904529
0.525597 0.045438 0.040462 0.021757 0.000661 0.357424 0.008662 2.909018
0.525477 0.045426 0.040597 0.021813 0.000665 0.357355 0.008668 2.913537
0.525470 0.045412 0.040557 0.021865 0.000663 0.357358 0.008675 2.918005
0.525459 0.045359 0.040548 0.021884 0.000666 0.357403 0.008680 2.922493
0.525488 0.045388 0.040371 0.021885 0.000668 0.357513 0.008686 2.926865
0.525608 0.045375 0.040411 0.021932 0.000658 0.357325 0.008692 2.931346
0.525656 0.045306 0.040385 0.021950 0.000660 0.357346 0.008698 2.935806
0.525612 0.045327 0.040421 0.021917 0.000662 0.357360 0.008702 2.940247
0.525551 0.045387 0.040408 0.021914 0.000667 0.357367 0.008707 2.944689
0.525501 0.045412 0.040414 0.021912 0.000664 0.357388 0.008711 2.949161
0.525540 0.045482 0.040389 0.021933 0.000667 0.357271 0.008718 2.953582
0.525431 0.045382 0.040456 0.021945 0.000660 0.357402 0.008724 2.958144
0.525381 0.045347 0.040478 0.021999 0.000660 0.357402 0.008733 2.962666
0.525402 0.045399 0.040465 0.021995 0.000658 0.357343 0.008738 2.967103
0.525382 0.045379 0.040449 0.021996 0.000662 0.357390 0.008743 2.971574
0.525350 0.045496 0.040491 0.021956 0.000657 0.357301 0.008750 2.975946
0.525266 0.045600 0.040471 0.021876 0.000653 0.357379 0.008755 2.980315
0.525163 0.045526 0.040548 0.021938 0.000654 0.357411 0.008760 2.984885
0.525166 0.045463 0.040671 0.021954 0.000649 0.357330 0.008767 2.989412
0.525182 0.045484 0.040585 0.021973 0.000654 0.357351 0.008772 2.993851
0.525125 0.045488 0.040629 0.022012 0.000651 0.357321 0.008775 2.998352
0.525167 0.045526 0.040540 0.021965 0.000649 0.357375 0.008780 3.002715
0.525238 0.045482 0.040551 0.021996 0.000649 0.357298 0.008786 3.007207
0.525287 0.045425 0.040550 0.021957 0.000647 0.357345 0.008790 3.011633
0.525406 0.045370 0.040515 0.021960 0.000645 0.357313 0.008793 3.016079
0.525380 0.045413 0.040531 0.021984 0.000640 0.357254 0.008797 3.020567
0.525442 0.045339 0.040593 0.021994 0.000638 0.357191 0.008803 3.025086
0.525536 0.045365 0.040545 0.021972 0.000645 0.357129 0.008809 3.029488
0.525538 0.045396 0.040551 0.022022 0.000651 0.357029 0.008813 3.033931
0.525473 0.045352 0.040583 0.021990 0.000654 0.357128 0.008820 3.038441
0.525379 0.045402 0.040533 0.021979 0.000650 0.357230 0.008826 3.042884
0.525349 0.045492 0.040561 0.021980 0.000649 0.357139 0.008831 3.047281
0.525427 0.045459 0.040563 0.022011 0.000648 0.357058 0.008836 3.051764
0.525524 0.045426 0.040487 0.021989 0.000644 0.357089 0.008842 3.056159
0.525521 0.045445 0.040439 0.021950 0.000639 0.357158 0.008850 3.060586
0.525565 0.045375 0.040561 0.021975 0.000638 0.357031 0.008854 3.065114
0.525762 0.045302 0.040469 0.021937 0.000630 0.357041 0.008860 3.069512
0.525787 0.045293 0.040424 0.021971 0.000631 0.357028 0.008867 3.073977
0.525763 0.045270 0.040370 0.021947 0.000633 0.357144 0.008872 3.078432
0.525695 0.045310 0.040357 0.021898 0.000635 0.357230 0.008875 3.082863
0.525751 0.045314 0.040382 0.021876 0.000639 0.357157 0.008879 3.087311
0.525761 0.045394 0.040369 0.021846 0.000639 0.357105 0.008887 3.091729
0.525781 0.045409 0.040358 0.021842 0.000633 0.357083 0.008893 3.096162
0.525840 0.045435 0.040336 0.021865 0.000628 0.356997 0.008899 3.100600
0.525875 0.045372 0.040419 0.021820 0.000626 0.356984 0.008904 3.105100
0.525919 0.045346 0.040443 0.021822 0.000624 0.356938 0.008909 3.109553
0.525881 0.045382 0.040415 0.021831 0.000625 0.356953 0.008913 3.113989
0.525697 0.045498 0.040357 0.021829 0.000620 0.357082 0.008918 3.118386
0.525823 0.045445 0.040340 0.021878 0.000615 0.356975 0.008924 3.122912
0.525743 0.045551 0.040274 0.021910 0.000617 0.356975 0.008929 3.127357
0.525744 0.045519 0.040353 0.021921 0.000614 0.356918 0.008931 3.131887
0.525612 0.045619 0.040307 0.021942 0.000620 0.356965 0.008934 3.136314
0.525524 0.045621 0.040314 0.021977 0.000622 0.357000 0.008942 3.140801
0.525480 0.045623 0.040314 0.021956 0.000623 0.357059 0.008947 3.145313
0.525613 0.045445 0.040385 0.022004 0.000630 0.356974 0.008951 3.149873
0.525575 0.045498 0.040382 0.021967 0.000632 0.356990 0.008957 3.154286
0.525595 0.045486 0.040479 0.021936 0.000631 0.356913 0.008960 3.158711
0.525543 0.045473 0.040460 0.021891 0.000628 0.357038 0.008967 3.163168
0.525450 0.045533 0.040414 0.021871 0.000622 0.357136 0.008975 3.167615
0.525424 0.045566 0.040432 0.021835 0.000634 0.357129 0.008980 3.172074
0.525386 0.045460 0.040476 0.021932 0.000636 0.357123 0.008987 3.176621
0.525372 0.045478 0.040446 0.021997 0.000628 0.357086 0.008994 3.181107
0.525431 0.045489 0.040493 0.021930 0.000628 0.357028 0.009002 3.185527
0.525404 0.045532 0.040373 0.021933 0.000632 0.357119 0.009008 3.189893
0.525363 0.045465 0.040401 0.021956 0.000633 0.357171 0.009012 3.194423
0.525294 0.045482 0.040418 0.021891 0.000645 0.357254 0.009018 3.198923
0.525270 0.045464 0.040425 0.021944 0.000638 0.357238 0.009022 3.203414
0.525340 0.045460 0.040420 0.021912 0.000649 0.357195 0.009025 3.207842
0.525303 0.045453 0.040377 0.021928 0.000650 0.357256 0.009032 3.212308
0.525276 0.045483 0.040385 0.021956 0.000659 0.357205 0.009037 3.216785
0.525336 0.045483 0.040444 0.021964 0.000658 0.357075 0.009042 3.221291
0.525210 0.045572 0.040396 0.021989 0.000661 0.357125 0.009047 3.225717
0.525392 0.045475 0.040388 0.021910 0.000658 0.357123 0.009055 3.230168
0.525415 0.045401 0.040402 0.021893 0.000651 0.357181 0.009058 3.234583
0.525275 0.045533 0.040402 0.021883 0.000650 0.357195 0.009063 3.238999
0.525386 0.045414 0.040451 0.021927 0.000655 0.357097 0.009069 3.243545
0.525379 0.045451 0.040480 0.021866 0.000653 0.357098 0.009075 3.247975
0.525428 0.045496 0.040436 0.021905 0.000663 0.356991 0.009082 3.252400
0.525444 0.045475 0.040444 0.021895 0.000652 0.357002 0.009088 3.256864
0.525507 0.045427 0.040426 0.022008 0.000649 0.356888 0.009095 3.261354
0.525650 0.045351 0.040365 0.022044 0.000650 0.356843 0.009099 3.265821
0.525774 0.045283 0.040301 0.021996 0.000661 0.356883 0.009103 3.270246
0.525744 0.045380 0.040316 0.021947 0.000665 0.356838 0.009110 3.274656
0.525729 0.045312 0.040357 0.022061 0.000665 0.356763 0.009114 3.279173
0.525720 0.045259 0.040381 0.022024 0.000659 0.356837 0.009121 3.283623
0.525657 0.045380 0.040303 0.021988 0.000662 0.356884 0.009127 3.288000
0.525682 0.045375 0.040258 0.022035 0.000666 0.356855 0.009130 3.292406
0.525701 0.045376 0.040260 0.021977 0.000669 0.356882 0.009135 3.296807
0.525731 0.045401 0.040173 0.021959 0.000666 0.356927 0.009144 3.301176
0.525668 0.045410 0.040184 0.021977 0.000667 0.356945 0.009149 3.305661
0.525769 0.045229 0.040186 0.021996 0.000656 0.357006 0.009158 3.310131
0.525809 0.045285 0.040066 0.021977 0.000657 0.357041 0.009166 3.314454
0.525913 0.045278 0.040032 0.021974 0.000659 0.356974 0.009169 3.318849
0.525926 0.045270 0.040065 0.022020 0.000668 0.356875 0.009175 3.323315
0.526032 0.045182 0.040049 0.022016 0.000667 0.356876 0.009179 3.327788
0.525998 0.045260 0.040038 0.022023 0.000667 0.356832 0.009184 3.332161
0.526129 0.045189 0.039980 0.022029 0.000669 0.356815 0.009190 3.336570
0.526225 0.045115 0.039989 0.022002 0.000671 0.356804 0.009195 3.341006
0.526349 0.045060 0.039961 0.021988 0.000667 0.356773 0.009202 3.345415
0.526371 0.045018 0.040004 0.022001 0.000670 0.356727 0.009209 3.349837
0.526495 0.044965 0.040049 0.021975 0.000663 0.356637 0.009218 3.354267
0.526677 0.044842 0.040090 0.022009 0.000665 0.356494 0.009223 3.358720
0.526800 0.044817 0.040070 0.021950 0.000674 0.356463 0.009227 3.363075
0.526845 0.044861 0.040086 0.021957 0.000670 0.356349 0.009231 3.367466
0.526810 0.045015 0.040000 0.021954 0.000663 0.356319 0.009240 3.371813
0.526827 0.045056 0.040037 0.021967 0.000658 0.356209 0.009247 3.376215
0.526873 0.044993 0.040064 0.022025 0.000656 0.356137 0.009252 3.380678
0.526780 0.045075 0.040071 0.021975 0.000646 0.356198 0.009256 3.385077
0.526774 0.045194 0.040022 0.021966 0.000649 0.356133 0.009262 3.389371
0.526804 0.045115 0.040072 0.021990 0.000654 0.356099 0.009267 3.393888
0.526996 0.045040 0.040080 0.021980 0.000661 0.355973 0.009272 3.398265
0.527092 0.044958 0.040164 0.021965 0.000664 0.355877 0.009280 3.402734
0.527040 0.044998 0.040200 0.021954 0.000663 0.355861 0.009283 3.407153
0.526982 0.044954 0.040177 0.021957 0.000666 0.355976 0.009288 3.411650
0.526989 0.044917 0.040233 0.021924 0.000671 0.355973 0.009294 3.416104
0.527012 0.044917 0.040241 0.021919 0.000666 0.355946 0.009299 3.420532
0.526970 0.044962 0.040126 0.021916 0.000662 0.356058 0.009308 3.424915
0.527008 0.044938 0.040062 0.021924 0.000659 0.356094 0.009315 3.429341
0.527174 0.044944 0.039985 0.021950 0.000661 0.355970 0.009317 3.433720
0.527211 0.044913 0.039938 0.021928 0.000662 0.356025 0.009323 3.438118
0.527261 0.044988 0.039910 0.021918 0.000665 0.355934 0.009325 3.442449
0.527250 0.044865 0.040004 0.021910 0.000671 0.355971 0.009331 3.446945
0.527281 0.044943 0.039972 0.021878 0.000672 0.355917 0.009338 3.451319
0.527367 0.044935 0.039943 0.021955 0.000670 0.355787 0.009344 3.455750
0.527493 0.044938 0.039879 0.021969 0.000677 0.355698 0.009346 3.460119
0.527477 0.044974 0.040011 0.021901 0.000675 0.355611 0.009352 3.464552
0.527636 0.044955 0.040063 0.021860 0.000672 0.355457 0.009357 3.468978
0.527565 0.045006 0.040089 0.021820 0.000671 0.355487 0.009363 3.473403
0.527623 0.044947 0.040051 0.021771 0.000674 0.355563 0.009371 3.477800
0.527749 0.044909 0.040075 0.021760 0.000681 0.355451 0.009376 3.482215
0.527809 0.044854 0.040034 0.021828 0.000680 0.355413 0.009382 3.486634
0.527854 0.044876 0.040011 0.021883 0.000684 0.355304 0.009388 3.491026
0.527849 0.044879 0.040092 0.021859 0.000682 0.355244 0.009395 3.495437
0.527918 0.044836 0.040053 0.021861 0.000684 0.355248 0.009399 3.499862
0.527973 0.044800 0.040088 0.021860 0.000694 0.355182 0.009403 3.504305
0.527980 0.044889 0.040090 0.021796 0.000695 0.355144 0.009407 3.508684
0.528007 0.044943 0.039963 0.021772 0.000695 0.355203 0.009416 3.513025
0.527977 0.044971 0.039996 0.021751 0.000695 0.355185 0.009424 3.517501
0.527973 0.045049 0.039945 0.021714 0.000691 0.355199 0.009429 3.521872
0.528048 0.045030 0.039941 0.021666 0.000698 0.355183 0.009434 3.526275
0.527971 0.045058 0.040048 0.021616 0.000696 0.355171 0.009439 3.530725
0.527912 0.045072 0.039997 0.021625 0.000688 0.355259 0.009447 3.535098
0.528006 0.044914 0.040084 0.021656 0.000680 0.355205 0.009456 3.539611
0.527971 0.044983 0.040039 0.021663 0.000689 0.355196 0.009458 3.544024
0.528036 0.044912 0.040081 0.021678 0.000690 0.355140 0.009462 3.548522
0.528032 0.044961 0.040042 0.021768 0.000683 0.355042 0.009473 3.552953
0.527899 0.045034 0.040037 0.021772 0.000680 0.355098 0.009480 3.557395
0.527910 0.045031 0.040005 0.021707 0.000684 0.355181 0.009483 3.561748
0.527932 0.045061 0.040034 0.021710 0.000684 0.355090 0.009489 3.566158
0.527974 0.044932 0.040058 0.021729 0.000676 0.355132 0.009499 3.570653
0.528070 0.044876 0.040024 0.021694 0.000679 0.355152 0.009505 3.575078
0.528121 0.044966 0.040059 0.021705 0.000682 0.354956 0.009510 3.579438
0.528151 0.044993 0.040034 0.021691 0.000682 0.354937 0.009512 3.583808
0.528134 0.045011 0.040051 0.021643 0.000682 0.354960 0.009518 3.588293
0.528186 0.044876 0.040106 0.021640 0.000684 0.354984 0.009524 3.592764
0.528223 0.044934 0.040031 0.021610 0.000680 0.354992 0.009530 3.597120
0.528264 0.044834 0.040032 0.021638 0.000672 0.355023 0.009538 3.601595
0.528316 0.044808 0.040013 0.021617 0.000672 0.355031 0.009543 3.606021
0.528265 0.044995 0.040001 0.021558 0.000661 0.354973 0.009547 3.610314
0.528277 0.045029 0.040149 0.021533 0.000666 0.354791 0.009554 3.614773
0.528305 0.045095 0.040060 0.021490 0.000665 0.354825 0.009561 3.619104
0.528178 0.045143 0.040125 0.021498 0.000668 0.354822 0.009566 3.623607
0.528142 0.045163 0.040109 0.021542 0.000678 0.354791 0.009575 3.628033
0.528170 0.045172 0.040075 0.021579 0.000675 0.354750 0.009580 3.632488
0.528185 0.045193 0.040043 0.021594 0.000676 0.354721 0.009587 3.636865
0.528199 0.045207 0.040032 0.021607 0.000678 0.354687 0.009591 3.641268
0.528116 0.045352 0.040023 0.021647 0.000690 0.354580 0.009594 3.645650
0.527966 0.045451 0.040052 0.021617 0.000689 0.354629 0.009598 3.650078
0.527828 0.045511 0.040092 0.021646 0.000684 0.354637 0.009603 3.654558
0.527926 0.045446 0.040065 0.021631 0.000682 0.354641 0.009608 3.659009
0.527826 0.045533 0.040161 0.021657 0.000671 0.354539 0.009613 3.663482
0.527774 0.045527 0.040261 0.021690 0.000673 0.354457 0.009618 3.668029
0.527708 0.045493 0.040168 0.021724 0.000679 0.354602 0.009627 3.672478
0.527654 0.045587 0.040253 0.021679 0.000675 0.354521 0.009631 3.676939
0.527571 0.045541 0.040341 0.021731 0.000674 0.354506 0.009636 3.681500
0.527553 0.045677 0.040322 0.021756 0.000677 0.354371 0.009645 3.685942
0.527474 0.045798 0.040353 0.021708 0.000680 0.354341 0.009647 3.690376
0.527443 0.045738 0.040398 0.021723 0.000673 0.354368 0.009657 3.694872
0.527343 0.045841 0.040407 0.021709 0.000666 0.354370 0.009664 3.699300
0.527253 0.045769 0.040446 0.021738 0.000656 0.354467 0.009670 3.703834
0.527132 0.045789 0.040427 0.021812 0.000656 0.354510 0.009674 3.708299
0.527099 0.045784 0.040438 0.021888 0.000648 0.354460 0.009682 3.712857
0.526926 0.045766 0.040474 0.021957 0.000652 0.354538 0.009688 3.717412
0.526770 0.045823 0.040467 0.022011 0.000651 0.354582 0.009695 3.721915
0.526814 0.045705 0.040492 0.022010 0.000653 0.354626 0.009701 3.726460
0.526895 0.045604 0.040459 0.022024 0.000657 0.354657 0.009705 3.730965
0.526901 0.045557 0.040502 0.022049 0.000652 0.354627 0.009714 3.735479
0.526823 0.045600 0.040445 0.022070 0.000654 0.354692 0.009718 3.739941
0.526768 0.045591 0.040481 0.022071 0.000652 0.354713 0.009724 3.744396
0.526831 0.045492 0.040462 0.022002 0.000652 0.354831 0.009731 3.748878
0.526721 0.045506 0.040495 0.021971 0.000663 0.354911 0.009733 3.753352
0.526639 0.045580 0.040444 0.021921 0.000658 0.355019 0.009739 3.757768
0.526559 0.045601 0.040421 0.021897 0.000659 0.355120 0.009744 3.762223
0.526555 0.045569 0.040401 0.021885 0.000665 0.355177 0.009747 3.766712
0.526411 0.045578 0.040375 0.021981 0.000668 0.355236 0.009752 3.771224
0.526533 0.045469 0.040409 0.022056 0.000675 0.355101 0.009757 3.775734
0.526369 0.045559 0.040461 0.022003 0.000669 0.355176 0.009765 3.780167
0.526337 0.045488 0.040446 0.022042 0.000682 0.355237 0.009768 3.784637
0.526349 0.045449 0.040453 0.022069 0.000671 0.355238 0.009772 3.789150
0.526314 0.045473 0.040579 0.021990 0.000679 0.355190 0.009778 3.793606
0.526279 0.045470 0.040670 0.021998 0.000672 0.355125 0.009785 3.798070
0.526339 0.045377 0.040635 0.022030 0.000671 0.355159 0.009789 3.802527
0.526278 0.045430 0.040638 0.021978 0.000662 0.355221 0.009794 3.806916
0.526243 0.045486 0.040572 0.021942 0.000666 0.355292 0.009800 3.811360
0.526237 0.045490 0.040550 0.021916 0.000669 0.355330 0.009806 3.815769
0.526263 0.045474 0.040478 0.021911 0.000671 0.355390 0.009813 3.820240
0.526183 0.045538 0.040374 0.021898 0.000667 0.355523 0.009818 3.824633
0.526187 0.045497 0.040350 0.021853 0.000668 0.355625 0.009821 3.829126
0.526148 0.045475 0.040285 0.021853 0.000667 0.355744 0.009828 3.833585
0.526240 0.045507 0.040245 0.021862 0.000676 0.355639 0.009831 3.837969
0.526228 0.045510 0.040237 0.021902 0.000672 0.355616 0.009835 3.842459
0.526163 0.045543 0.040237 0.021895 0.000661 0.355656 0.009845 3.846930
0.526169 0.045505 0.040296 0.021935 0.000657 0.355586 0.009852 3.851428
0.526196 0.045496 0.040335 0.021899 0.000662 0.355557 0.009855 3.855869
0.526081 0.045512 0.040325 0.021915 0.000662 0.355640 0.009866 3.860291
0.526100 0.045513 0.040314 0.021933 0.000663 0.355604 0.009873 3.864722
0.526141 0.045502 0.040307 0.021951 0.000662 0.355559 0.009879 3.869162
0.526237 0.045341 0.040370 0.021939 0.000652 0.355575 0.009887 3.873698
0.526275 0.045394 0.040312 0.021985 0.000650 0.355491 0.009894 3.878132
0.526256 0.045423 0.040368 0.021953 0.000650 0.355452 0.009898 3.882561
0.526218 0.045480 0.040318 0.021962 0.000651 0.355467 0.009904 3.886974
0.526277 0.045445 0.040307 0.021967 0.000652 0.355444 0.009910 3.891465
0.526394 0.045351 0.040370 0.022004 0.000657 0.355309 0.009915 3.895987
0.526401 0.045334 0.040347 0.022061 0.000654 0.355281 0.009923 3.900430
0.526430 0.045330 0.040241 0.022051 0.000662 0.355361 0.009925 3.904819
0.526444 0.045326 0.040254 0.021983 0.000658 0.355406 0.009929 3.909237
0.526371 0.045450 0.040192 0.021962 0.000662 0.355431 0.009932 3.913627
0.526398 0.045474 0.040203 0.021933 0.000659 0.355396 0.009936 3.918030
0.526405 0.045360 0.040206 0.021917 0.000663 0.355506 0.009943 3.922538
0.526508 0.045349 0.040269 0.021909 0.000670 0.355349 0.009948 3.927000
0.526583 0.045176 0.040354 0.021912 0.000674 0.355348 0.009954 3.931508
0.526640 0.045106 0.040332 0.021955 0.000676 0.355333 0.009959 3.935964
0.526618 0.045202 0.040240 0.021919 0.000676 0.355384 0.009962 3.940321
0.526505 0.045123 0.040280 0.021964 0.000683 0.355480 0.009965 3.944830
0.526427 0.044999 0.040319 0.022013 0.000675 0.355592 0.009975 3.949421
0.526547 0.045002 0.040329 0.021962 0.000674 0.355503 0.009983 3.953810
0.526430 0.045097 0.040300 0.021944 0.000665 0.355575 0.009990 3.958193
0.526442 0.045179 0.040269 0.021824 0.000671 0.355622 0.009994 3.962537
0.526600 0.045139 0.040263 0.021768 0.000678 0.355553 0.010000 3.966892
0.526566 0.045100 0.040364 0.021740 0.000681 0.355546 0.010005 3.971383
0.526473 0.045135 0.040400 0.021771 0.000685 0.355528 0.010009 3.975826
0.526470 0.045139 0.040379 0.021809 0.000690 0.355498 0.010015 3.980249
0.526457 0.045184 0.040324 0.021818 0.000696 0.355502 0.010020 3.984671
0.526511 0.045127 0.040265 0.021833 0.000695 0.355546 0.010023 3.989124
0.526513 0.045221 0.040281 0.021806 0.000697 0.355454 0.010029 3.993493
0.526626 0.045207 0.040329 0.021786 0.000692 0.355324 0.010036 3.997904
0.526613 0.045274 0.040279 0.021751 0.000693 0.355352 0.010039 4.002306
0.526714 0.045285 0.040233 0.021716 0.000688 0.355320 0.010043 4.006652
0.526702 0.045302 0.040162 0.021666 0.000687 0.355433 0.010048 4.011056
0.526650 0.045312 0.040193 0.021676 0.000689 0.355428 0.010053 4.015476
0.526695 0.045304 0.040167 0.021682 0.000694 0.355399 0.010060 4.019924
0.526639 0.045212 0.040183 0.021671 0.000689 0.355537 0.010069 4.024415
0.526765 0.045204 0.040194 0.021723 0.000681 0.355358 0.010076 4.028847
0.526743 0.045180 0.040108 0.021791 0.000680 0.355416 0.010081 4.033273
0.526776 0.045137 0.040126 0.021762 0.000683 0.355430 0.010087 4.037713
