0.328872 0.063773 0.057276 0.032910 0.002174 0.508823 0.006173 1.662499
0.330963 0.062054 0.057130 0.032712 0.002164 0.508772 0.006205 1.668550
0.333470 0.059877 0.057004 0.032498 0.002171 0.508748 0.006232 1.674542
0.336485 0.057498 0.056761 0.032153 0.002173 0.508676 0.006256 1.680311
0.339786 0.055057 0.056322 0.031701 0.002179 0.508670 0.006284 1.685781
0.343214 0.052725 0.055683 0.031262 0.002173 0.508629 0.006315 1.690984
0.347056 0.050255 0.055167 0.030624 0.002169 0.508378 0.006352 1.696003
0.350805 0.048083 0.054409 0.029940 0.002160 0.508223 0.006381 1.700682
0.354991 0.045762 0.053578 0.029335 0.002141 0.507788 0.006405 1.705284
0.359235 0.043708 0.052716 0.028694 0.002125 0.507089 0.006432 1.709572
0.363336 0.041755 0.051772 0.027987 0.002106 0.506587 0.006458 1.713693
0.367585 0.039847 0.050864 0.027242 0.002095 0.505885 0.006482 1.717686
0.371774 0.038126 0.049891 0.026521 0.002075 0.505104 0.006510 1.721475
0.375981 0.036612 0.048898 0.025775 0.002052 0.504144 0.006539 1.725060
0.380282 0.035065 0.047909 0.025047 0.002041 0.503095 0.006562 1.728629
0.384709 0.033597 0.046840 0.024354 0.002020 0.501893 0.006588 1.732019
0.389118 0.032330 0.045687 0.023632 0.001987 0.500631 0.006614 1.735193
0.393520 0.030974 0.044701 0.022991 0.001960 0.499209 0.006645 1.738405
0.397927 0.029799 0.043629 0.022317 0.001935 0.497724 0.006670 1.741448
0.402279 0.028716 0.042527 0.021622 0.001909 0.496254 0.006692 1.744328
0.406708 0.027718 0.041418 0.020992 0.001876 0.494575 0.006714 1.747084
0.411207 0.026789 0.040318 0.020357 0.001846 0.492739 0.006744 1.749737
0.415680 0.025921 0.039302 0.019744 0.001815 0.490772 0.006767 1.752348
0.420079 0.025118 0.038226 0.019126 0.001780 0.488874 0.006798 1.754877
0.424498 0.024438 0.037132 0.018499 0.001751 0.486862 0.006820 1.757295
0.428894 0.023711 0.036196 0.017931 0.001728 0.484704 0.006837 1.759727
0.433154 0.023055 0.035291 0.017442 0.001699 0.482496 0.006863 1.762109
0.437470 0.022481 0.034334 0.016895 0.001669 0.480258 0.006892 1.764304
0.441836 0.021942 0.033359 0.016412 0.001638 0.477898 0.006915 1.766468
0.446250 0.021451 0.032517 0.015915 0.001595 0.475337 0.006935 1.768609
0.450636 0.021009 0.031622 0.015488 0.001569 0.472721 0.006957 1.770695
0.455050 0.020533 0.030806 0.015040 0.001526 0.470062 0.006982 1.772764
0.459348 0.020168 0.029967 0.014592 0.001493 0.467425 0.007006 1.774695
0.463689 0.019767 0.029213 0.014227 0.001461 0.464624 0.007020 1.776677
0.467908 0.019323 0.028530 0.013856 0.001434 0.461906 0.007041 1.778668
0.472111 0.019117 0.027779 0.013457 0.001397 0.459080 0.007060 1.780505
0.476287 0.018830 0.027119 0.013088 0.001360 0.456238 0.007079 1.782360
0.480536 0.018585 0.026453 0.012732 0.001332 0.453268 0.007093 1.784159
0.484697 0.018317 0.025871 0.012410 0.001307 0.450290 0.007109 1.785958
0.488762 0.018091 0.025248 0.012092 0.001277 0.447403 0.007128 1.787709
0.492791 0.017916 0.024641 0.011798 0.001247 0.444463 0.007145 1.789464
0.496825 0.017758 0.024144 0.011558 0.001212 0.441339 0.007163 1.791184
0.500750 0.017606 0.023631 0.011257 0.001182 0.438395 0.007177 1.792901
0.504668 0.017405 0.023145 0.011020 0.001159 0.435414 0.007189 1.794636
0.508503 0.017245 0.022687 0.010762 0.001134 0.432463 0.007206 1.796323
0.512227 0.017197 0.022235 0.010526 0.001108 0.429489 0.007219 1.797999
0.516035 0.017089 0.021809 0.010286 0.001083 0.426465 0.007232 1.799666
0.519845 0.016956 0.021380 0.010075 0.001050 0.423445 0.007250 1.801320
0.523536 0.016886 0.021029 0.009840 0.001036 0.420412 0.007262 1.802992
0.527240 0.016758 0.020692 0.009659 0.001009 0.417368 0.007274 1.804654
0.530888 0.016720 0.020368 0.009481 0.000983 0.414273 0.007287 1.806286
0.534443 0.016605 0.020091 0.009327 0.000959 0.411275 0.007301 1.807952
0.537968 0.016541 0.019789 0.009180 0.000933 0.408278 0.007310 1.809585
0.541431 0.016520 0.019524 0.009045 0.000906 0.405251 0.007322 1.811251
0.544836 0.016567 0.019272 0.008907 0.000881 0.402206 0.007331 1.812834
0.548180 0.016483 0.019048 0.008771 0.000862 0.399313 0.007343 1.814499
0.551580 0.016510 0.018751 0.008646 0.000836 0.396327 0.007352 1.816107
0.554812 0.016467 0.018558 0.008504 0.000819 0.393479 0.007362 1.817739
0.558117 0.016412 0.018402 0.008436 0.000792 0.390465 0.007375 1.819419
0.561335 0.016464 0.018191 0.008346 0.000769 0.387508 0.007387 1.821003
0.564582 0.016469 0.018009 0.008236 0.000751 0.384557 0.007397 1.822625
0.567713 0.016523 0.017854 0.008135 0.000734 0.381635 0.007405 1.824229
0.570762 0.016620 0.017723 0.008018 0.000717 0.378744 0.007415 1.825817
0.573748 0.016716 0.017588 0.007952 0.000699 0.375870 0.007427 1.827439
0.576774 0.016772 0.017456 0.007878 0.000686 0.373001 0.007432 1.829054
0.579670 0.016785 0.017383 0.007810 0.000668 0.370236 0.007447 1.830753
0.582542 0.016785 0.017330 0.007756 0.000661 0.367472 0.007454 1.832474
0.585414 0.016845 0.017205 0.007743 0.000639 0.364690 0.007463 1.834128
0.588209 0.016962 0.017080 0.007701 0.000620 0.361953 0.007473 1.835740
0.591004 0.017074 0.016979 0.007667 0.000614 0.359178 0.007483 1.837367
0.593713 0.017126 0.016953 0.007603 0.000595 0.356516 0.007495 1.839060
0.596307 0.017210 0.016897 0.007593 0.000580 0.353913 0.007501 1.840740
0.598917 0.017338 0.016803 0.007586 0.000567 0.351280 0.007508 1.842415
0.601427 0.017434 0.016817 0.007570 0.000554 0.348684 0.007515 1.844138
0.603920 0.017559 0.016799 0.007577 0.000544 0.346078 0.007522 1.845863
0.606307 0.017719 0.016797 0.007598 0.000532 0.343518 0.007528 1.847607
0.608699 0.017805 0.016841 0.007616 0.000529 0.340979 0.007532 1.849385
0.611079 0.017940 0.016854 0.007616 0.000522 0.338454 0.007536 1.851115
0.613468 0.018044 0.016920 0.007637 0.000512 0.335878 0.007542 1.852907
0.615747 0.018211 0.016915 0.007623 0.000501 0.333456 0.007547 1.854659
0.617939 0.018378 0.016892 0.007665 0.000491 0.331084 0.007552 1.856404
0.620107 0.018523 0.016876 0.007700 0.000482 0.328757 0.007555 1.858207
0.622276 0.018648 0.016911 0.007726 0.000479 0.326401 0.007558 1.860034
0.624427 0.018788 0.016919 0.007797 0.000467 0.324040 0.007563 1.861856
0.626454 0.018942 0.016965 0.007814 0.000456 0.321802 0.007567 1.863701
0.628420 0.019119 0.017039 0.007879 0.000451 0.319518 0.007574 1.865597
0.630373 0.019256 0.017147 0.007872 0.000441 0.317330 0.007581 1.867502
0.632225 0.019464 0.017209 0.007885 0.000438 0.315193 0.007585 1.869376
0.634116 0.019658 0.017238 0.007872 0.000432 0.313095 0.007589 1.871239
0.635858 0.019883 0.017321 0.007898 0.000430 0.311017 0.007592 1.873143
0.637555 0.020106 0.017421 0.007939 0.000419 0.308959 0.007600 1.875055
0.639230 0.020226 0.017614 0.007974 0.000412 0.306938 0.007605 1.877096
0.640891 0.020387 0.017726 0.008043 0.000405 0.304938 0.007610 1.879118
0.642431 0.020637 0.017813 0.008079 0.000403 0.303025 0.007612 1.881085
0.644053 0.020804 0.017987 0.008105 0.000403 0.301034 0.007614 1.883135
0.645537 0.020999 0.018111 0.008195 0.000398 0.299141 0.007620 1.885197
0.646948 0.021238 0.018151 0.008266 0.000389 0.297384 0.007623 1.887234
0.648320 0.021432 0.018315 0.008332 0.000388 0.295586 0.007626 1.889355
0.649649 0.021697 0.018441 0.008374 0.000388 0.293821 0.007630 1.891427
0.651030 0.021827 0.018574 0.008516 0.000381 0.292040 0.007633 1.893605
0.652285 0.022076 0.018634 0.008620 0.000374 0.290372 0.007639 1.895711
0.653450 0.022312 0.018833 0.008691 0.000370 0.288702 0.007642 1.897909
0.654615 0.022498 0.018997 0.008741 0.000362 0.287139 0.007648 1.900103
0.655752 0.022716 0.019147 0.008838 0.000362 0.285533 0.007654 1.902322
0.656794 0.022909 0.019324 0.008924 0.000355 0.284036 0.007659 1.904588
0.657848 0.023082 0.019490 0.008973 0.000350 0.282597 0.007662 1.906875
0.658865 0.023247 0.019641 0.009039 0.000344 0.281198 0.007666 1.909152
0.659880 0.023442 0.019858 0.009063 0.000343 0.279745 0.007669 1.911481
0.660858 0.023621 0.019997 0.009145 0.000346 0.278361 0.007671 1.913777
0.661726 0.023891 0.020103 0.009193 0.000345 0.277069 0.007674 1.916059
0.662515 0.024093 0.020328 0.009280 0.000346 0.275761 0.007677 1.918429
0.663340 0.024364 0.020441 0.009374 0.000342 0.274462 0.007679 1.920791
0.664201 0.024598 0.020610 0.009438 0.000340 0.273130 0.007684 1.923172
0.664915 0.024713 0.020797 0.009566 0.000343 0.271978 0.007688 1.925618
0.665685 0.024854 0.021051 0.009612 0.000346 0.270759 0.007693 1.928075
0.666432 0.025114 0.021253 0.009695 0.000348 0.269463 0.007695 1.930549
0.667063 0.025286 0.021451 0.009798 0.000352 0.268356 0.007696 1.933062
0.667747 0.025429 0.021616 0.009867 0.000351 0.267291 0.007699 1.935583
0.668376 0.025645 0.021756 0.009954 0.000349 0.266216 0.007704 1.938074
0.669006 0.025801 0.021935 0.010051 0.000343 0.265159 0.007706 1.940594
0.669681 0.025941 0.022096 0.010131 0.000344 0.264100 0.007709 1.943142
0.670198 0.026173 0.022230 0.010153 0.000345 0.263188 0.007714 1.945651
0.670764 0.026306 0.022414 0.010225 0.000344 0.262230 0.007718 1.948249
0.671108 0.026672 0.022548 0.010291 0.000340 0.261322 0.007720 1.950743
0.671512 0.026863 0.022744 0.010368 0.000335 0.260455 0.007723 1.953347
0.671979 0.027037 0.022930 0.010421 0.000336 0.259569 0.007727 1.955972
0.672465 0.027124 0.023181 0.010542 0.000336 0.258625 0.007729 1.958679
0.672846 0.027323 0.023324 0.010654 0.000331 0.257790 0.007731 1.961313
0.673249 0.027515 0.023434 0.010754 0.000329 0.256987 0.007734 1.963994
0.673531 0.027693 0.023567 0.010848 0.000326 0.256301 0.007736 1.966698
0.673813 0.027837 0.023731 0.010946 0.000322 0.255612 0.007740 1.969433
0.674203 0.027903 0.023923 0.011033 0.000321 0.254875 0.007742 1.972188
0.674510 0.027989 0.024120 0.011111 0.000316 0.254207 0.007747 1.974955
0.674850 0.028048 0.024318 0.011162 0.000320 0.253551 0.007751 1.977742
0.675041 0.028248 0.024433 0.011218 0.000319 0.252987 0.007754 1.980505
0.675349 0.028303 0.024573 0.011285 0.000330 0.252404 0.007757 1.983318
0.675681 0.028407 0.024679 0.011355 0.000329 0.251790 0.007759 1.986079
0.675907 0.028554 0.024805 0.011420 0.000329 0.251222 0.007763 1.988819
0.676171 0.028653 0.024985 0.011486 0.000331 0.250608 0.007766 1.991598
0.676287 0.028772 0.025168 0.011548 0.000333 0.250121 0.007770 1.994431
0.676463 0.029004 0.025206 0.011610 0.000335 0.249610 0.007773 1.997188
0.676635 0.029078 0.025362 0.011694 0.000336 0.249121 0.007775 2.000021
0.676847 0.029140 0.025485 0.011762 0.000345 0.248643 0.007777 2.002889
0.677097 0.029149 0.025634 0.011818 0.000351 0.248171 0.007779 2.005737
0.677371 0.029188 0.025770 0.011833 0.000355 0.247701 0.007783 2.008558
0.677514 0.029259 0.025913 0.011851 0.000359 0.247319 0.007786 2.011377
0.677694 0.029327 0.026018 0.011851 0.000365 0.246958 0.007787 2.014218
0.677798 0.029400 0.026166 0.011911 0.000366 0.246568 0.007791 2.017118
0.677991 0.029368 0.026288 0.012040 0.000368 0.246152 0.007793 2.020058
0.678148 0.029353 0.026417 0.012096 0.000372 0.245820 0.007795 2.022952
0.678291 0.029398 0.026539 0.012124 0.000368 0.245483 0.007797 2.025830
0.678405 0.029421 0.026634 0.012145 0.000366 0.245227 0.007802 2.028737
0.678578 0.029423 0.026741 0.012193 0.000366 0.244892 0.007805 2.031595
0.678716 0.029412 0.026770 0.012220 0.000369 0.244703 0.007809 2.034476
0.678843 0.029408 0.026780 0.012230 0.000372 0.244556 0.007811 2.037340
0.679002 0.029419 0.026845 0.012237 0.000372 0.244309 0.007815 2.040211
0.679192 0.029422 0.026881 0.012225 0.000368 0.244091 0.007821 2.043076
0.679382 0.029362 0.026973 0.012248 0.000376 0.243835 0.007825 2.045980
0.679589 0.029388 0.026965 0.012262 0.000375 0.243595 0.007826 2.048827
0.679691 0.029443 0.026995 0.012258 0.000374 0.243410 0.007830 2.051674
0.679888 0.029441 0.027036 0.012269 0.000376 0.243158 0.007832 2.054520
0.680110 0.029318 0.027094 0.012328 0.000379 0.242938 0.007834 2.057460
0.680332 0.029265 0.027156 0.012366 0.000379 0.242664 0.007838 2.060350
0.680488 0.029301 0.027130 0.012384 0.000374 0.242481 0.007842 2.063180
0.680657 0.029259 0.027181 0.012401 0.000371 0.242287 0.007844 2.066049
0.680867 0.029249 0.027149 0.012382 0.000377 0.242132 0.007845 2.068876
0.680986 0.029196 0.027149 0.012415 0.000380 0.242028 0.007847 2.071774
0.681167 0.029051 0.027145 0.012427 0.000376 0.241984 0.007849 2.074704
0.681401 0.028937 0.027172 0.012470 0.000378 0.241789 0.007852 2.077604
0.681672 0.028889 0.027154 0.012506 0.000378 0.241545 0.007856 2.080405
0.681830 0.028850 0.027198 0.012487 0.000382 0.241396 0.007858 2.083296
0.682088 0.028879 0.027132 0.012486 0.000385 0.241167 0.007862 2.086030
0.682305 0.028800 0.027200 0.012467 0.000385 0.240978 0.007865 2.088873
0.682589 0.028688 0.027196 0.012489 0.000384 0.240787 0.007866 2.091703
0.682846 0.028674 0.027133 0.012466 0.000384 0.240627 0.007871 2.094513
0.683082 0.028637 0.027054 0.012426 0.000384 0.240545 0.007872 2.097266
0.683412 0.028501 0.027074 0.012419 0.000372 0.240346 0.007876 2.100086
0.683636 0.028494 0.027037 0.012387 0.000374 0.240194 0.007878 2.102831
0.683880 0.028442 0.027104 0.012425 0.000373 0.239892 0.007882 2.105672
0.684118 0.028366 0.027089 0.012460 0.000374 0.239709 0.007884 2.108464
0.684439 0.028389 0.027009 0.012362 0.000378 0.239536 0.007886 2.111178
0.684623 0.028387 0.027007 0.012340 0.000382 0.239372 0.007889 2.113934
0.684912 0.028292 0.026952 0.012302 0.000387 0.239264 0.007891 2.116734
0.685283 0.028249 0.026859 0.012272 0.000386 0.239055 0.007897 2.119445
0.685658 0.028194 0.026824 0.012247 0.000387 0.238791 0.007899 2.122187
0.685920 0.028098 0.026822 0.012250 0.000384 0.238624 0.007902 2.124981
0.686134 0.028056 0.026801 0.012216 0.000385 0.238504 0.007904 2.127707
0.686480 0.027936 0.026827 0.012210 0.000387 0.238255 0.007907 2.130510
0.686836 0.027949 0.026747 0.012165 0.000389 0.238004 0.007910 2.133155
0.687092 0.027983 0.026678 0.012097 0.000385 0.237854 0.007912 2.135832
0.687391 0.027896 0.026617 0.012082 0.000385 0.237715 0.007916 2.138580
0.687712 0.027898 0.026612 0.012057 0.000388 0.237413 0.007921 2.141276
0.687950 0.027848 0.026589 0.012031 0.000393 0.237266 0.007924 2.143990
0.688238 0.027820 0.026549 0.012032 0.000391 0.237046 0.007926 2.146715
0.688522 0.027802 0.026516 0.012013 0.000396 0.236825 0.007927 2.149407
0.688733 0.027797 0.026509 0.012014 0.000400 0.236618 0.007930 2.152129
0.689068 0.027758 0.026530 0.012018 0.000395 0.236296 0.007937 2.154887
0.689391 0.027813 0.026472 0.011951 0.000394 0.236041 0.007940 2.157490
0.689610 0.027804 0.026460 0.011954 0.000392 0.235838 0.007941 2.160181
0.689886 0.027736 0.026509 0.011926 0.000382 0.235615 0.007946 2.162920
0.690295 0.027525 0.026512 0.011946 0.000385 0.235390 0.007949 2.165700
0.690580 0.027450 0.026496 0.011948 0.000374 0.235200 0.007952 2.168441
0.690806 0.027421 0.026465 0.011949 0.000376 0.235028 0.007955 2.171168
0.691137 0.027420 0.026365 0.011919 0.000369 0.234827 0.007962 2.173761
0.691407 0.027325 0.026364 0.011954 0.000367 0.234616 0.007966 2.176512
0.691650 0.027338 0.026276 0.011916 0.000365 0.234485 0.007971 2.179165
0.691921 0.027408 0.026287 0.011859 0.000367 0.234186 0.007973 2.181777
0.692197 0.027295 0.026278 0.011832 0.000366 0.234055 0.007978 2.184495
0.692538 0.027279 0.026273 0.011815 0.000364 0.233746 0.007985 2.187134
0.692901 0.027171 0.026201 0.011834 0.000362 0.233542 0.007989 2.189807
0.693253 0.027105 0.026158 0.011847 0.000366 0.233282 0.007990 2.192455
0.693496 0.027094 0.026166 0.011815 0.000362 0.233072 0.007996 2.195144
0.693863 0.026910 0.026219 0.011788 0.000370 0.232853 0.007998 2.197848
0.694170 0.026899 0.026141 0.011766 0.000369 0.232653 0.008002 2.200467
0.694499 0.026883 0.026078 0.011775 0.000370 0.232391 0.008004 2.203085
0.694836 0.026813 0.026030 0.011723 0.000368 0.232224 0.008007 2.205700
0.695129 0.026751 0.026024 0.011710 0.000369 0.232011 0.008007 2.208359
0.695523 0.026661 0.025984 0.011676 0.000372 0.231774 0.008010 2.210997
0.695840 0.026658 0.025918 0.011674 0.000374 0.231523 0.008015 2.213589
0.696255 0.026572 0.025883 0.011674 0.000376 0.231223 0.008018 2.216218
0.696668 0.026610 0.025754 0.011634 0.000371 0.230944 0.008020 2.218749
0.696915 0.026643 0.025719 0.011629 0.000368 0.230702 0.008025 2.221364
0.697268 0.026561 0.025691 0.011672 0.000366 0.230413 0.008030 2.223986
0.697513 0.026506 0.025648 0.011648 0.000364 0.230287 0.008033 2.226596
0.697826 0.026517 0.025608 0.011649 0.000361 0.230005 0.008036 2.229188
0.698046 0.026548 0.025630 0.011637 0.000364 0.229736 0.008038 2.231810
0.698286 0.026602 0.025577 0.011559 0.000367 0.229568 0.008042 2.234366
0.698525 0.026650 0.025580 0.011555 0.000371 0.229275 0.008043 2.236972
0.698709 0.026662 0.025604 0.011567 0.000377 0.229035 0.008047 2.239618
0.698959 0.026723 0.025589 0.011544 0.000384 0.228751 0.008050 2.242216
0.699310 0.026613 0.025605 0.011504 0.000382 0.228530 0.008055 2.244874
0.699572 0.026603 0.025618 0.011477 0.000375 0.228295 0.008059 2.247501
0.699770 0.026587 0.025600 0.011457 0.000374 0.228148 0.008064 2.250116
0.700061 0.026571 0.025570 0.011449 0.000371 0.227907 0.008071 2.252691
0.700310 0.026551 0.025594 0.011413 0.000369 0.227689 0.008076 2.255323
0.700588 0.026533 0.025568 0.011457 0.000363 0.227413 0.008078 2.257923
0.700804 0.026609 0.025481 0.011442 0.000359 0.227221 0.008083 2.260471
0.700972 0.026633 0.025465 0.011418 0.000362 0.227064 0.008087 2.263057
0.701146 0.026628 0.025482 0.011398 0.000365 0.226891 0.008089 2.265684
0.701426 0.026611 0.025449 0.011378 0.000364 0.226676 0.008095 2.268257
0.701657 0.026540 0.025491 0.011380 0.000357 0.226475 0.008099 2.270952
0.701831 0.026580 0.025460 0.011365 0.000366 0.226297 0.008101 2.273569
0.702048 0.026606 0.025401 0.011359 0.000376 0.226107 0.008102 2.276145
0.702275 0.026493 0.025421 0.011377 0.000372 0.225954 0.008108 2.278790
0.702518 0.026448 0.025384 0.011370 0.000372 0.225797 0.008112 2.281386
0.702596 0.026647 0.025251 0.011332 0.000373 0.225686 0.008114 2.283901
0.702763 0.026664 0.025238 0.011378 0.000366 0.225473 0.008118 2.286528
0.703013 0.026656 0.025246 0.011385 0.000366 0.225214 0.008121 2.289144
0.703251 0.026610 0.025284 0.011418 0.000362 0.224950 0.008125 2.291781
0.703505 0.026581 0.025281 0.011404 0.000364 0.224738 0.008127 2.294366
0.703573 0.026603 0.025319 0.011391 0.000359 0.224625 0.008130 2.296991
0.703845 0.026599 0.025290 0.011377 0.000360 0.224396 0.008133 2.299576
0.704044 0.026578 0.025256 0.011351 0.000364 0.224270 0.008137 2.302152
0.704279 0.026553 0.025269 0.011374 0.000355 0.224027 0.008142 2.304770
0.704410 0.026588 0.025281 0.011408 0.000356 0.223809 0.008147 2.307437
0.704597 0.026600 0.025303 0.011360 0.000357 0.223634 0.008150 2.310043
0.704789 0.026582 0.025330 0.011392 0.000357 0.223397 0.008152 2.312658
0.704897 0.026681 0.025343 0.011340 0.000358 0.223224 0.008156 2.315234
0.705124 0.026669 0.025321 0.011324 0.000360 0.223044 0.008159 2.317817
0.705354 0.026641 0.025379 0.011334 0.000359 0.222773 0.008161 2.320446
0.705544 0.026640 0.025378 0.011350 0.000359 0.222563 0.008165 2.323044
0.705619 0.026809 0.025382 0.011289 0.000353 0.222378 0.008170 2.325577
0.705787 0.026694 0.025364 0.011310 0.000351 0.222320 0.008174 2.328232
0.705941 0.026732 0.025389 0.011341 0.000347 0.222072 0.008178 2.330840
0.706133 0.026697 0.025392 0.011347 0.000342 0.221909 0.008181 2.333473
0.706269 0.026679 0.025418 0.011373 0.000345 0.221734 0.008182 2.336103
0.706446 0.026615 0.025468 0.011431 0.000340 0.221513 0.008187 2.338765
0.706549 0.026553 0.025473 0.011443 0.000338 0.221454 0.008189 2.341439
0.706736 0.026569 0.025467 0.011426 0.000340 0.221270 0.008192 2.344010
0.706924 0.026529 0.025477 0.011421 0.000343 0.221112 0.008194 2.346631
0.707087 0.026602 0.025383 0.011427 0.000346 0.220959 0.008196 2.349185
0.707277 0.026494 0.025371 0.011469 0.000346 0.220843 0.008200 2.351832
0.707405 0.026530 0.025329 0.011442 0.000346 0.220746 0.008202 2.354403
0.707597 0.026561 0.025298 0.011427 0.000347 0.220566 0.008204 2.356999
0.707733 0.026628 0.025301 0.011398 0.000344 0.220389 0.008207 2.359606
0.707810 0.026655 0.025242 0.011360 0.000345 0.220379 0.008209 2.362205
0.708012 0.026655 0.025317 0.011351 0.000345 0.220106 0.008214 2.364840
0.708153 0.026573 0.025349 0.011353 0.000345 0.220011 0.008216 2.367516
0.708255 0.026627 0.025301 0.011339 0.000343 0.219919 0.008218 2.370097
0.708389 0.026641 0.025348 0.011306 0.000340 0.219757 0.008221 2.372702
0.708538 0.026589 0.025414 0.011321 0.000340 0.219574 0.008224 2.375339
0.708672 0.026605 0.025399 0.011297 0.000334 0.219469 0.008226 2.377950
0.708712 0.026628 0.025380 0.011316 0.000338 0.219397 0.008229 2.380572
0.708847 0.026598 0.025350 0.011351 0.000334 0.219290 0.008230 2.383216
0.709026 0.026637 0.025324 0.011328 0.000339 0.219115 0.008232 2.385783
0.709188 0.026710 0.025299 0.011285 0.000345 0.218940 0.008234 2.388349
0.709248 0.026687 0.025361 0.011300 0.000343 0.218825 0.008238 2.391021
0.709374 0.026661 0.025393 0.011277 0.000343 0.218711 0.008241 2.393653
0.709383 0.026763 0.025375 0.011268 0.000346 0.218621 0.008244 2.396236
0.709459 0.026800 0.025380 0.011273 0.000346 0.218495 0.008248 2.398854
0.709532 0.026810 0.025413 0.011294 0.000347 0.218353 0.008251 2.401487
0.709611 0.026856 0.025438 0.011300 0.000340 0.218201 0.008254 2.404113
0.709743 0.026826 0.025455 0.011295 0.000335 0.218091 0.008256 2.406710
0.709778 0.026891 0.025400 0.011320 0.000334 0.218019 0.008259 2.409306
0.710041 0.026826 0.025405 0.011346 0.000331 0.217788 0.008263 2.411933
0.710037 0.026930 0.025416 0.011284 0.000337 0.217729 0.008267 2.414513
0.710055 0.026958 0.025428 0.011282 0.000337 0.217670 0.008270 2.417139
0.710057 0.026986 0.025400 0.011260 0.000344 0.217682 0.008272 2.419755
0.710137 0.026915 0.025471 0.011287 0.000348 0.217569 0.008273 2.422452
0.710257 0.026892 0.025469 0.011265 0.000351 0.217491 0.008275 2.425078
0.710430 0.026905 0.025460 0.011229 0.000358 0.217343 0.008276 2.427670
0.710509 0.026872 0.025401 0.011258 0.000360 0.217321 0.008278 2.430279
0.710617 0.026935 0.025344 0.011295 0.000355 0.217172 0.008281 2.432877
0.710729 0.026901 0.025393 0.011266 0.000358 0.217069 0.008285 2.435508
0.710739 0.026914 0.025466 0.011299 0.000356 0.216941 0.008287 2.438188
0.710877 0.026864 0.025467 0.011303 0.000360 0.216841 0.008290 2.440827
0.710935 0.026836 0.025483 0.011340 0.000359 0.216753 0.008293 2.443480
0.711143 0.026851 0.025465 0.011284 0.000360 0.216600 0.008297 2.446052
0.711175 0.026932 0.025443 0.011274 0.000362 0.216514 0.008299 2.448647
0.711303 0.026910 0.025421 0.011318 0.000366 0.216379 0.008302 2.451280
0.711399 0.026923 0.025419 0.011322 0.000368 0.216265 0.008304 2.453885
0.711371 0.026968 0.025435 0.011346 0.000357 0.216217 0.008306 2.456538
0.711382 0.026955 0.025472 0.011346 0.000358 0.216178 0.008311 2.459182
0.711398 0.026985 0.025457 0.011312 0.000358 0.216178 0.008312 2.461778
0.711471 0.026952 0.025475 0.011343 0.000358 0.216087 0.008314 2.464422
0.711469 0.027025 0.025471 0.011380 0.000362 0.215979 0.008315 2.467013
0.711505 0.026994 0.025433 0.011394 0.000360 0.215995 0.008318 2.469677
0.711424 0.027092 0.025394 0.011407 0.000363 0.215997 0.008323 2.472278
0.711508 0.027054 0.025368 0.011451 0.000366 0.215930 0.008324 2.474948
0.711494 0.027145 0.025320 0.011448 0.000367 0.215898 0.008329 2.477552
0.711478 0.027110 0.025356 0.011447 0.000363 0.215913 0.008334 2.480242
0.711587 0.027019 0.025361 0.011471 0.000365 0.215860 0.008337 2.482890
0.711641 0.027074 0.025327 0.011476 0.000366 0.215775 0.008341 2.485503
0.711554 0.027107 0.025377 0.011515 0.000364 0.215739 0.008344 2.488163
0.711474 0.027255 0.025371 0.011504 0.000368 0.215681 0.008346 2.490779
0.711583 0.027190 0.025432 0.011500 0.000373 0.215575 0.008349 2.493452
0.711621 0.027241 0.025464 0.011506 0.000369 0.215448 0.008353 2.496092
0.711675 0.027185 0.025479 0.011519 0.000369 0.215416 0.008358 2.498796
0.711661 0.027227 0.025498 0.011548 0.000369 0.215336 0.008360 2.501489
0.711729 0.027230 0.025531 0.011529 0.000370 0.215248 0.008364 2.504172
0.711708 0.027259 0.025517 0.011521 0.000367 0.215261 0.008368 2.506828
0.711765 0.027232 0.025545 0.011519 0.000368 0.215201 0.008372 2.509467
0.711783 0.027167 0.025567 0.011507 0.000372 0.215228 0.008375 2.512186
0.711792 0.027292 0.025559 0.011476 0.000371 0.215131 0.008379 2.514765
0.711904 0.027271 0.025575 0.011458 0.000378 0.215034 0.008381 2.517404
0.711892 0.027342 0.025542 0.011453 0.000375 0.215010 0.008386 2.520020
0.711937 0.027350 0.025506 0.011484 0.000374 0.214960 0.008390 2.522648
0.711987 0.027282 0.025530 0.011507 0.000379 0.214924 0.008392 2.525375
0.712005 0.027222 0.025649 0.011546 0.000371 0.214810 0.008396 2.528102
0.712142 0.027158 0.025660 0.011535 0.000368 0.214736 0.008401 2.530723
0.712169 0.027159 0.025588 0.011565 0.000365 0.214753 0.008402 2.533352
0.712119 0.027197 0.025621 0.011582 0.000365 0.214713 0.008404 2.536060
0.712095 0.027190 0.025703 0.011594 0.000367 0.214647 0.008405 2.538754
0.712045 0.027285 0.025725 0.011587 0.000367 0.214582 0.008410 2.541380
0.712108 0.027272 0.025747 0.011611 0.000362 0.214487 0.008414 2.544073
0.712115 0.027242 0.025778 0.011579 0.000362 0.214504 0.008419 2.546781
0.712155 0.027160 0.025810 0.011553 0.000366 0.214533 0.008422 2.549482
0.712108 0.027296 0.025705 0.011532 0.000365 0.214568 0.008426 2.552047
0.712160 0.027275 0.025754 0.011498 0.000363 0.214521 0.008430 2.554730
0.712171 0.027289 0.025740 0.011493 0.000363 0.214513 0.008432 2.557406
0.712157 0.027237 0.025805 0.011499 0.000359 0.214507 0.008436 2.560136
0.712220 0.027190 0.025801 0.011527 0.000358 0.214466 0.008439 2.562821
0.712252 0.027228 0.025791 0.011491 0.000362 0.214433 0.008442 2.565460
0.712347 0.027206 0.025809 0.011481 0.000360 0.214352 0.008446 2.568096
0.712350 0.027253 0.025800 0.011455 0.000365 0.214329 0.008448 2.570750
0.712383 0.027275 0.025786 0.011435 0.000371 0.214300 0.008451 2.573382
0.712313 0.027341 0.025742 0.011439 0.000372 0.214340 0.008453 2.576023
0.712352 0.027267 0.025763 0.011430 0.000365 0.214370 0.008455 2.578702
0.712492 0.027185 0.025784 0.011462 0.000370 0.214249 0.008457 2.581360
0.712435 0.027204 0.025782 0.011487 0.000381 0.214250 0.008461 2.584034
0.712490 0.027139 0.025815 0.011520 0.000378 0.214195 0.008463 2.586714
0.712584 0.027138 0.025765 0.011508 0.000380 0.214159 0.008465 2.589314
0.712610 0.027157 0.025782 0.011503 0.000381 0.214100 0.008467 2.591965
0.712646 0.027152 0.025789 0.011517 0.000384 0.214042 0.008469 2.594581
0.712682 0.027082 0.025740 0.011541 0.000380 0.214104 0.008471 2.597295
0.712711 0.027138 0.025668 0.011531 0.000380 0.214097 0.008475 2.599883
0.712708 0.027188 0.025726 0.011533 0.000379 0.213990 0.008476 2.602533
0.712766 0.027162 0.025707 0.011479 0.000382 0.214023 0.008481 2.605136
0.712862 0.027148 0.025697 0.011456 0.000379 0.213975 0.008484 2.607733
0.712846 0.027176 0.025682 0.011460 0.000374 0.213974 0.008489 2.610384
0.712813 0.027258 0.025636 0.011424 0.000376 0.214001 0.008494 2.613004
0.712783 0.027315 0.025600 0.011433 0.000376 0.213992 0.008500 2.615645
0.712809 0.027270 0.025636 0.011466 0.000380 0.213936 0.008502 2.618328
0.712846 0.027279 0.025715 0.011427 0.000381 0.213846 0.008505 2.620955
0.712965 0.027204 0.025753 0.011416 0.000378 0.213776 0.008509 2.623626
0.712944 0.027259 0.025713 0.011400 0.000374 0.213800 0.008510 2.626223
0.712898 0.027333 0.025677 0.011369 0.000372 0.213838 0.008513 2.628818
0.712904 0.027321 0.025771 0.011367 0.000372 0.213750 0.008516 2.631488
0.712992 0.027195 0.025717 0.011446 0.000375 0.213756 0.008519 2.634227
0.712959 0.027169 0.025716 0.011460 0.000374 0.213800 0.008523 2.636896
0.712997 0.027138 0.025721 0.011460 0.000371 0.213789 0.008525 2.639568
0.712933 0.027190 0.025709 0.011433 0.000378 0.213829 0.008529 2.642180
0.712988 0.027228 0.025673 0.011440 0.000377 0.213762 0.008533 2.644817
0.712961 0.027234 0.025740 0.011471 0.000377 0.213682 0.008535 2.647511
0.712975 0.027211 0.025728 0.011449 0.000373 0.213727 0.008537 2.650153
0.713011 0.027113 0.025742 0.011468 0.000376 0.213752 0.008540 2.652859
0.713081 0.027014 0.025889 0.011488 0.000370 0.213615 0.008544 2.655586
0.713031 0.027101 0.025802 0.011459 0.000373 0.213686 0.008547 2.658201
0.713009 0.027074 0.025893 0.011502 0.000373 0.213600 0.008550 2.660927
0.713042 0.027088 0.025855 0.011488 0.000378 0.213596 0.008553 2.663518
0.713098 0.027102 0.025856 0.011466 0.000381 0.213541 0.008556 2.666175
0.713156 0.027080 0.025834 0.011494 0.000380 0.213497 0.008559 2.668825
0.713182 0.027037 0.025820 0.011514 0.000381 0.213504 0.008562 2.671478
0.713156 0.027032 0.025822 0.011505 0.000386 0.213536 0.008564 2.674158
0.713152 0.027034 0.025809 0.011465 0.000386 0.213586 0.008568 2.676805
0.713232 0.027007 0.025819 0.011483 0.000387 0.213501 0.008572 2.679486
0.713213 0.027028 0.025807 0.011534 0.000385 0.213457 0.008577 2.682156
0.713272 0.027048 0.025838 0.011555 0.000385 0.213327 0.008578 2.684792
0.713195 0.027136 0.025793 0.011537 0.000385 0.213373 0.008582 2.687432
0.713201 0.027153 0.025734 0.011525 0.000383 0.213416 0.008587 2.690103
0.713250 0.027190 0.025639 0.011501 0.000383 0.213447 0.008590 2.692690
0.713178 0.027245 0.025624 0.011479 0.000385 0.213498 0.008591 2.695343
0.713178 0.027230 0.025647 0.011490 0.000384 0.213477 0.008594 2.698050
0.713145 0.027283 0.025614 0.011436 0.000385 0.213542 0.008597 2.700642
0.713176 0.027236 0.025670 0.011442 0.000390 0.213487 0.008600 2.703317
0.713210 0.027197 0.025671 0.011434 0.000393 0.213492 0.008603 2.705950
0.713294 0.027203 0.025634 0.011408 0.000389 0.213464 0.008608 2.708549
0.713285 0.027238 0.025659 0.011439 0.000390 0.213380 0.008610 2.711240
0.713235 0.027103 0.025709 0.011474 0.000389 0.213476 0.008615 2.714009
0.713273 0.027063 0.025707 0.011506 0.000388 0.213443 0.008619 2.716670
0.713227 0.027085 0.025752 0.011499 0.000388 0.213432 0.008620 2.719332
0.713298 0.026973 0.025735 0.011523 0.000389 0.213461 0.008622 2.721998
0.713299 0.026968 0.025714 0.011532 0.000388 0.213475 0.008625 2.724664
0.713397 0.026824 0.025733 0.011526 0.000384 0.213508 0.008629 2.727340
0.713363 0.026844 0.025717 0.011528 0.000386 0.213531 0.008632 2.729993
0.713412 0.026908 0.025583 0.011531 0.000388 0.213542 0.008636 2.732593
0.713455 0.026881 0.025579 0.011565 0.000387 0.213495 0.008639 2.735224
0.713506 0.026855 0.025570 0.011563 0.000387 0.213475 0.008644 2.737868
0.713546 0.026859 0.025470 0.011557 0.000385 0.213536 0.008648 2.740489
0.713663 0.026751 0.025479 0.011601 0.000391 0.213463 0.008652 2.743187
0.713694 0.026711 0.025479 0.011587 0.000398 0.213478 0.008654 2.745817
0.713724 0.026695 0.025501 0.011553 0.000401 0.213472 0.008655 2.748457
0.713788 0.026759 0.025455 0.011539 0.000394 0.213408 0.008657 2.751001
0.713765 0.026782 0.025424 0.011565 0.000398 0.213407 0.008660 2.753624
0.713846 0.026768 0.025412 0.011611 0.000388 0.213308 0.008667 2.756248
0.713948 0.026659 0.025467 0.011626 0.000385 0.213245 0.008671 2.758913
0.713949 0.026635 0.025506 0.011635 0.000385 0.213212 0.008677 2.761591
0.713932 0.026672 0.025429 0.011617 0.000378 0.213289 0.008682 2.764167
0.713979 0.026645 0.025454 0.011609 0.000375 0.213252 0.008687 2.766790
0.714112 0.026644 0.025426 0.011587 0.000380 0.213159 0.008692 2.769369
0.714093 0.026735 0.025379 0.011532 0.000381 0.213186 0.008695 2.771912
0.714187 0.026695 0.025380 0.011517 0.000379 0.213146 0.008697 2.774542
0.714273 0.026715 0.025376 0.011479 0.000383 0.213073 0.008702 2.777142
0.714359 0.026696 0.025354 0.011481 0.000389 0.213018 0.008703 2.779757
0.714420 0.026736 0.025370 0.011459 0.000390 0.212919 0.008707 2.782345
0.714488 0.026608 0.025442 0.011457 0.000393 0.212903 0.008710 2.785041
0.714628 0.026595 0.025385 0.011457 0.000395 0.212828 0.008713 2.787644
0.714670 0.026608 0.025386 0.011411 0.000392 0.212818 0.008716 2.790245
0.714652 0.026695 0.025369 0.011384 0.000388 0.212790 0.008721 2.792832
0.714634 0.026756 0.025351 0.011368 0.000385 0.212781 0.008724 2.795396
0.714634 0.026899 0.025279 0.011338 0.000388 0.212735 0.008727 2.797926
0.714678 0.026943 0.025138 0.011374 0.000387 0.212750 0.008731 2.800496
0.714715 0.027009 0.025116 0.011372 0.000381 0.212673 0.008733 2.803071
0.714780 0.026996 0.025112 0.011375 0.000377 0.212622 0.008738 2.805718
0.714623 0.027039 0.025118 0.011394 0.000369 0.212716 0.008741 2.808379
0.714694 0.026991 0.025187 0.011416 0.000367 0.212600 0.008746 2.811029
0.714600 0.027027 0.025250 0.011426 0.000365 0.212584 0.008748 2.813675
0.714641 0.027003 0.025312 0.011460 0.000365 0.212469 0.008750 2.816337
0.714643 0.026957 0.025316 0.011465 0.000368 0.212496 0.008755 2.819025
0.714669 0.026950 0.025353 0.011455 0.000370 0.212444 0.008759 2.821673
0.714693 0.026947 0.025335 0.011505 0.000369 0.212390 0.008762 2.824291
0.714709 0.026911 0.025334 0.011529 0.000368 0.212383 0.008765 2.826933
0.714861 0.026852 0.025326 0.011488 0.000368 0.212338 0.008767 2.829571
0.714937 0.026857 0.025294 0.011437 0.000372 0.212331 0.008771 2.832168
0.714931 0.026890 0.025295 0.011482 0.000372 0.212258 0.008773 2.834806
0.714946 0.026882 0.025297 0.011481 0.000374 0.212245 0.008775 2.837455
0.715018 0.026879 0.025283 0.011488 0.000378 0.212176 0.008778 2.840079
0.715014 0.026896 0.025196 0.011483 0.000380 0.212251 0.008781 2.842677
0.714949 0.026991 0.025094 0.011458 0.000374 0.212350 0.008784 2.845282
0.715028 0.026935 0.025088 0.011487 0.000377 0.212300 0.008785 2.847918
0.715019 0.026936 0.025075 0.011478 0.000374 0.212333 0.008786 2.850563
0.715087 0.026892 0.025144 0.011484 0.000375 0.212231 0.008788 2.853219
0.715071 0.026822 0.025134 0.011470 0.000374 0.212340 0.008790 2.855869
0.715107 0.026819 0.025152 0.011408 0.000372 0.212348 0.008795 2.858482
0.715157 0.026829 0.025150 0.011421 0.000372 0.212272 0.008798 2.861111
0.715196 0.026816 0.025231 0.011437 0.000374 0.212146 0.008799 2.863734
0.715260 0.026802 0.025197 0.011452 0.000372 0.212114 0.008803 2.866371
0.715335 0.026696 0.025255 0.011431 0.000372 0.212106 0.008806 2.869061
0.715391 0.026655 0.025349 0.011423 0.000375 0.212001 0.008807 2.871724
0.715365 0.026637 0.025465 0.011430 0.000375 0.211917 0.008813 2.874390
0.715301 0.026691 0.025426 0.011447 0.000377 0.211943 0.008816 2.876994
0.715298 0.026779 0.025414 0.011420 0.000374 0.211896 0.008820 2.879589
0.715380 0.026691 0.025428 0.011423 0.000376 0.211878 0.008824 2.882259
0.715387 0.026702 0.025474 0.011418 0.000383 0.211809 0.008827 2.884898
0.715428 0.026669 0.025458 0.011401 0.000381 0.211835 0.008829 2.887523
0.715452 0.026771 0.025417 0.011334 0.000378 0.211817 0.008831 2.890072
0.715413 0.026915 0.025414 0.011295 0.000380 0.211749 0.008834 2.892641
0.715333 0.027005 0.025454 0.011339 0.000382 0.211648 0.008838 2.895265
0.715308 0.027050 0.025443 0.011351 0.000378 0.211629 0.008841 2.897873
0.715298 0.027108 0.025473 0.011337 0.000375 0.211565 0.008845 2.900505
0.715192 0.027091 0.025506 0.011355 0.000380 0.211627 0.008848 2.903180
0.715265 0.027013 0.025534 0.011356 0.000385 0.211595 0.008851 2.905858
0.715334 0.026985 0.025513 0.011374 0.000389 0.211550 0.008855 2.908515
0.715313 0.027026 0.025491 0.011291 0.000390 0.211631 0.008858 2.911119
0.715332 0.026918 0.025592 0.011273 0.000383 0.211641 0.008862 2.913805
0.715253 0.026954 0.025597 0.011293 0.000383 0.211655 0.008866 2.916446
0.715199 0.026988 0.025616 0.011321 0.000382 0.211623 0.008871 2.919084
0.715256 0.026980 0.025613 0.011331 0.000381 0.211565 0.008873 2.921700
0.715269 0.026967 0.025596 0.011327 0.000382 0.211583 0.008877 2.924364
0.715284 0.026960 0.025560 0.011404 0.000375 0.211539 0.008879 2.927046
0.715332 0.026908 0.025536 0.011428 0.000375 0.211538 0.008883 2.929687
0.715294 0.026925 0.025468 0.011514 0.000380 0.211534 0.008885 2.932314
0.715334 0.026910 0.025468 0.011531 0.000379 0.211492 0.008887 2.934962
0.715365 0.026877 0.025498 0.011497 0.000383 0.211488 0.008891 2.937597
0.715426 0.026778 0.025541 0.011485 0.000384 0.211493 0.008894 2.940255
0.715376 0.026797 0.025538 0.011486 0.000383 0.211523 0.008897 2.942881
0.715441 0.026791 0.025509 0.011469 0.000379 0.211512 0.008900 2.945493
0.715405 0.026827 0.025495 0.011441 0.000371 0.211559 0.008903 2.948094
0.715499 0.026839 0.025406 0.011455 0.000373 0.211525 0.008905 2.950677
0.715604 0.026725 0.025412 0.011489 0.000376 0.211484 0.008909 2.953376
0.715607 0.026785 0.025380 0.011461 0.000376 0.211479 0.008912 2.955993
0.715640 0.026776 0.025384 0.011421 0.000374 0.211490 0.008914 2.958615
0.715634 0.026807 0.025362 0.011389 0.000371 0.211520 0.008917 2.961203
0.715613 0.026857 0.025338 0.011409 0.000375 0.211488 0.008920 2.963795
0.715713 0.026843 0.025406 0.011392 0.000378 0.211349 0.008921 2.966449
0.715704 0.026843 0.025452 0.011417 0.000375 0.211284 0.008926 2.969089
0.715809 0.026717 0.025464 0.011456 0.000376 0.211249 0.008930 2.971779
0.715803 0.026694 0.025438 0.011478 0.000382 0.211272 0.008933 2.974422
0.715813 0.026738 0.025362 0.011518 0.000385 0.211247 0.008935 2.976998
0.715764 0.026712 0.025400 0.011521 0.000375 0.211288 0.008940 2.979667
0.715822 0.026721 0.025286 0.011486 0.000374 0.211369 0.008942 2.982244
0.715918 0.026655 0.025303 0.011503 0.000376 0.211301 0.008944 2.984887
0.715978 0.026699 0.025301 0.011522 0.000380 0.211174 0.008948 2.987509
0.715947 0.026728 0.025264 0.011487 0.000378 0.211249 0.008948 2.990126
0.715880 0.026786 0.025270 0.011475 0.000382 0.211256 0.008950 2.992775
0.715857 0.026778 0.025343 0.011493 0.000377 0.211198 0.008953 2.995448
0.715844 0.026744 0.025360 0.011549 0.000369 0.211178 0.008956 2.998129
0.715897 0.026715 0.025389 0.011510 0.000373 0.211157 0.008960 3.000781
0.715935 0.026676 0.025450 0.011545 0.000378 0.211055 0.008961 3.003443
0.715994 0.026660 0.025400 0.011551 0.000379 0.211052 0.008964 3.006070
0.716091 0.026592 0.025426 0.011565 0.000379 0.210981 0.008966 3.008707
0.716152 0.026592 0.025385 0.011557 0.000381 0.210967 0.008968 3.011272
0.716110 0.026617 0.025412 0.011543 0.000379 0.210969 0.008970 3.013882
0.716154 0.026592 0.025393 0.011524 0.000378 0.210984 0.008976 3.016505
0.716231 0.026546 0.025366 0.011504 0.000379 0.210997 0.008977 3.019099
0.716241 0.026562 0.025277 0.011514 0.000375 0.211049 0.008981 3.021700
0.716273 0.026667 0.025185 0.011493 0.000375 0.211023 0.008985 3.024241
0.716272 0.026654 0.025199 0.011490 0.000378 0.211021 0.008987 3.026894
0.716345 0.026580 0.025208 0.011518 0.000379 0.210979 0.008991 3.029546
0.716356 0.026607 0.025177 0.011522 0.000381 0.210963 0.008994 3.032135
0.716302 0.026672 0.025172 0.011534 0.000386 0.210940 0.008995 3.034758
0.716329 0.026697 0.025201 0.011488 0.000392 0.210895 0.008997 3.037390
0.716413 0.026731 0.025207 0.011493 0.000397 0.210758 0.009001 3.039994
0.716329 0.026754 0.025206 0.011525 0.000385 0.210793 0.009008 3.042599
0.716207 0.026805 0.025199 0.011510 0.000382 0.210886 0.009010 3.045224
0.716182 0.026854 0.025165 0.011456 0.000384 0.210948 0.009012 3.047830
0.716149 0.026908 0.025180 0.011385 0.000385 0.210979 0.009015 3.050424
0.716033 0.026898 0.025268 0.011388 0.000385 0.211010 0.009019 3.053115
0.716020 0.026937 0.025300 0.011390 0.000380 0.210952 0.009022 3.055724
0.715922 0.026986 0.025278 0.011427 0.000378 0.210984 0.009025 3.058369
0.716001 0.026936 0.025318 0.011405 0.000371 0.210939 0.009030 3.061019
0.716039 0.026945 0.025278 0.011364 0.000375 0.210966 0.009033 3.063645
0.716006 0.026948 0.025312 0.011345 0.000373 0.210982 0.009035 3.066283
0.715969 0.026992 0.025222 0.011347 0.000375 0.211058 0.009039 3.068897
0.715933 0.027076 0.025237 0.011313 0.000375 0.211025 0.009042 3.071489
0.715935 0.027087 0.025246 0.011297 0.000374 0.211015 0.009047 3.074119
0.715934 0.027094 0.025167 0.011289 0.000375 0.211091 0.009050 3.076738
0.715921 0.027052 0.025190 0.011332 0.000371 0.211079 0.009055 3.079398
0.715896 0.027067 0.025205 0.011339 0.000374 0.211063 0.009057 3.082037
0.715972 0.026969 0.025264 0.011424 0.000372 0.210940 0.009059 3.084747
0.715962 0.026917 0.025285 0.011425 0.000369 0.210980 0.009062 3.087433
0.715945 0.026917 0.025258 0.011483 0.000366 0.210965 0.009065 3.090078
0.715985 0.026831 0.025300 0.011492 0.000368 0.210956 0.009068 3.092745
0.716006 0.026867 0.025314 0.011515 0.000365 0.210861 0.009071 3.095371
0.715979 0.026877 0.025290 0.011537 0.000370 0.210872 0.009075 3.097990
