0.342067 0.063025 0.056264 0.032375 0.002152 0.497969 0.006149 1.631267
0.344547 0.060647 0.056193 0.032180 0.002165 0.498093 0.006176 1.637343
0.348096 0.057573 0.056006 0.031950 0.002160 0.498012 0.006205 1.643227
0.351965 0.054338 0.055627 0.031512 0.002169 0.498161 0.006227 1.648712
0.356217 0.050977 0.055152 0.030979 0.002162 0.498261 0.006252 1.653955
0.360756 0.047841 0.054505 0.030288 0.002157 0.498170 0.006283 1.658753
0.365654 0.044691 0.053737 0.029609 0.002143 0.497850 0.006316 1.663315
0.370579 0.041624 0.052904 0.028883 0.002134 0.497535 0.006342 1.667654
0.375623 0.038785 0.051891 0.028082 0.002131 0.497125 0.006365 1.671633
0.380749 0.036158 0.050854 0.027207 0.002122 0.496523 0.006387 1.675328
0.385906 0.033825 0.049629 0.026328 0.002097 0.495802 0.006413 1.678687
0.391147 0.031531 0.048389 0.025456 0.002084 0.494953 0.006439 1.681932
0.396422 0.029428 0.047119 0.024547 0.002064 0.493950 0.006468 1.684913
0.401724 0.027480 0.045659 0.023644 0.002065 0.492938 0.006490 1.687666
0.407143 0.025614 0.044355 0.022756 0.002055 0.491557 0.006520 1.690283
0.412506 0.023967 0.042970 0.021837 0.002026 0.490149 0.006545 1.692678
0.417998 0.022402 0.041548 0.020989 0.001997 0.488495 0.006570 1.694957
0.423353 0.020979 0.040086 0.020133 0.001965 0.486888 0.006597 1.697069
0.428731 0.019577 0.038724 0.019318 0.001943 0.485085 0.006622 1.699121
0.434163 0.018365 0.037306 0.018499 0.001917 0.483100 0.006650 1.700954
0.439665 0.017220 0.035968 0.017670 0.001885 0.480916 0.006675 1.702683
0.444996 0.016190 0.034634 0.016902 0.001860 0.478717 0.006699 1.704342
0.450404 0.015162 0.033316 0.016195 0.001830 0.476370 0.006722 1.705907
0.455805 0.014241 0.031938 0.015535 0.001804 0.473932 0.006746 1.707353
0.461120 0.013417 0.030743 0.014806 0.001772 0.471373 0.006770 1.708725
0.466476 0.012664 0.029526 0.014147 0.001729 0.468661 0.006797 1.709985
0.471793 0.011955 0.028310 0.013535 0.001702 0.465888 0.006817 1.711226
0.477173 0.011321 0.027117 0.012880 0.001664 0.463004 0.006842 1.712361
0.482426 0.010712 0.026011 0.012275 0.001632 0.460088 0.006856 1.713447
0.487686 0.010166 0.024943 0.011734 0.001600 0.456996 0.006875 1.714481
0.492963 0.009683 0.023838 0.011197 0.001572 0.453851 0.006896 1.715445
0.498136 0.009200 0.022810 0.010687 0.001535 0.450716 0.006917 1.716367
0.503266 0.008741 0.021834 0.010201 0.001507 0.447520 0.006931 1.717275
0.508510 0.008345 0.020938 0.009718 0.001483 0.444059 0.006947 1.718108
0.513604 0.007939 0.020012 0.009281 0.001449 0.440748 0.006967 1.718929
0.518702 0.007554 0.019171 0.008879 0.001408 0.437301 0.006985 1.719706
0.523707 0.007223 0.018324 0.008467 0.001379 0.433902 0.006998 1.720423
0.528737 0.006909 0.017587 0.008104 0.001342 0.430301 0.007020 1.721143
0.533733 0.006658 0.016807 0.007694 0.001312 0.426760 0.007036 1.721799
0.538714 0.006386 0.016136 0.007319 0.001273 0.423117 0.007056 1.722437
0.543683 0.006125 0.015447 0.006970 0.001241 0.419464 0.007071 1.723053
0.548543 0.005879 0.014821 0.006642 0.001221 0.415810 0.007084 1.723653
0.553380 0.005621 0.014229 0.006309 0.001194 0.412167 0.007099 1.724254
0.558117 0.005464 0.013589 0.006023 0.001153 0.408533 0.007121 1.724761
0.562967 0.005286 0.012986 0.005744 0.001125 0.404759 0.007133 1.725290
0.567650 0.005124 0.012467 0.005483 0.001096 0.401033 0.007146 1.725786
0.572309 0.004927 0.011971 0.005241 0.001059 0.397328 0.007164 1.726305
0.576964 0.004774 0.011473 0.005003 0.001029 0.393580 0.007179 1.726791
0.581520 0.004616 0.011008 0.004751 0.000997 0.389918 0.007190 1.727257
0.586131 0.004501 0.010512 0.004527 0.000964 0.386160 0.007205 1.727679
0.590676 0.004362 0.010077 0.004351 0.000927 0.382387 0.007222 1.728120
0.595143 0.004261 0.009650 0.004147 0.000902 0.378665 0.007233 1.728531
0.599718 0.004110 0.009274 0.003978 0.000875 0.374800 0.007245 1.728957
0.604049 0.004015 0.008903 0.003806 0.000848 0.371124 0.007255 1.729339
0.608380 0.003933 0.008549 0.003643 0.000820 0.367411 0.007265 1.729708
0.612637 0.003830 0.008202 0.003493 0.000790 0.363774 0.007275 1.730095
0.616797 0.003730 0.007917 0.003349 0.000768 0.360153 0.007286 1.730465
0.620981 0.003663 0.007631 0.003209 0.000748 0.356470 0.007298 1.730820
0.625091 0.003585 0.007383 0.003083 0.000723 0.352825 0.007310 1.731172
0.629207 0.003505 0.007083 0.002964 0.000696 0.349224 0.007320 1.731504
0.633220 0.003430 0.006810 0.002852 0.000681 0.345681 0.007327 1.731846
0.637174 0.003346 0.006567 0.002762 0.000663 0.342153 0.007335 1.732186
0.641251 0.003264 0.006364 0.002650 0.000642 0.338488 0.007342 1.732510
0.645180 0.003192 0.006140 0.002543 0.000621 0.334971 0.007354 1.732835
0.649109 0.003140 0.005935 0.002432 0.000604 0.331418 0.007363 1.733129
0.653012 0.003043 0.005768 0.002337 0.000585 0.327884 0.007372 1.733459
0.656808 0.002982 0.005577 0.002249 0.000566 0.324437 0.007381 1.733755
0.660489 0.002921 0.005422 0.002145 0.000546 0.321093 0.007386 1.734063
0.664228 0.002888 0.005246 0.002073 0.000527 0.317645 0.007395 1.734344
0.667988 0.002843 0.005085 0.002014 0.000510 0.314159 0.007401 1.734618
0.671634 0.002774 0.004937 0.001959 0.000498 0.310792 0.007407 1.734907
0.675276 0.002747 0.004755 0.001893 0.000482 0.307433 0.007415 1.735156
0.678909 0.002695 0.004611 0.001824 0.000469 0.304074 0.007420 1.735434
0.682541 0.002635 0.004478 0.001769 0.000457 0.300698 0.007424 1.735704
0.686027 0.002600 0.004337 0.001714 0.000445 0.297450 0.007428 1.735955
0.689524 0.002576 0.004214 0.001672 0.000432 0.294148 0.007434 1.736201
0.693028 0.002545 0.004096 0.001618 0.000416 0.290859 0.007439 1.736443
0.696406 0.002504 0.003998 0.001564 0.000395 0.287691 0.007443 1.736687
0.699690 0.002472 0.003916 0.001538 0.000386 0.284553 0.007446 1.736936
0.702986 0.002457 0.003811 0.001492 0.000374 0.281430 0.007452 1.737172
0.706310 0.002416 0.003698 0.001471 0.000363 0.278287 0.007456 1.737423
0.709581 0.002380 0.003595 0.001433 0.000354 0.275198 0.007460 1.737644
0.712862 0.002344 0.003524 0.001404 0.000345 0.272057 0.007465 1.737883
0.716015 0.002315 0.003430 0.001361 0.000331 0.269078 0.007471 1.738098
0.719149 0.002275 0.003345 0.001351 0.000320 0.266085 0.007476 1.738324
0.722253 0.002248 0.003293 0.001317 0.000309 0.263101 0.007480 1.738549
0.725344 0.002229 0.003208 0.001289 0.000297 0.260147 0.007485 1.738773
0.728402 0.002198 0.003152 0.001266 0.000291 0.257205 0.007488 1.739002
0.731416 0.002174 0.003097 0.001228 0.000281 0.254313 0.007491 1.739226
0.734411 0.002146 0.003063 0.001211 0.000272 0.251401 0.007496 1.739440
0.737398 0.002117 0.002998 0.001181 0.000267 0.248543 0.007497 1.739644
0.740315 0.002066 0.002959 0.001149 0.000258 0.245753 0.007501 1.739875
0.743203 0.002032 0.002887 0.001127 0.000250 0.242994 0.007507 1.740077
0.746065 0.002001 0.002829 0.001105 0.000242 0.240247 0.007513 1.740287
0.748891 0.001968 0.002768 0.001077 0.000233 0.237546 0.007517 1.740487
0.751678 0.001965 0.002701 0.001058 0.000230 0.234850 0.007520 1.740676
0.754417 0.001950 0.002665 0.001028 0.000222 0.232195 0.007524 1.740868
0.757156 0.001921 0.002592 0.001014 0.000217 0.229573 0.007528 1.741068
0.759837 0.001931 0.002521 0.000995 0.000209 0.226978 0.007531 1.741244
0.762484 0.001924 0.002474 0.000974 0.000204 0.224408 0.007532 1.741425
0.765124 0.001920 0.002429 0.000950 0.000197 0.221847 0.007535 1.741613
0.767712 0.001884 0.002423 0.000950 0.000188 0.219307 0.007537 1.741824
0.770294 0.001881 0.002356 0.000934 0.000184 0.216813 0.007540 1.742001
0.772807 0.001870 0.002308 0.000928 0.000179 0.214368 0.007542 1.742174
0.775335 0.001850 0.002280 0.000916 0.000173 0.211902 0.007545 1.742358
0.777746 0.001862 0.002242 0.000908 0.000166 0.209528 0.007549 1.742527
0.780142 0.001872 0.002211 0.000886 0.000160 0.207177 0.007552 1.742694
0.782488 0.001872 0.002191 0.000863 0.000154 0.204876 0.007556 1.742868
0.784889 0.001863 0.002175 0.000848 0.000150 0.202516 0.007559 1.743041
0.787179 0.001849 0.002154 0.000824 0.000147 0.200287 0.007561 1.743226
0.789456 0.001850 0.002140 0.000813 0.000144 0.198036 0.007563 1.743406
0.791674 0.001846 0.002120 0.000807 0.000139 0.195848 0.007565 1.743588
0.793958 0.001822 0.002120 0.000802 0.000135 0.193599 0.007565 1.743780
0.796191 0.001817 0.002109 0.000792 0.000132 0.191392 0.007568 1.743963
0.798419 0.001824 0.002088 0.000791 0.000129 0.189181 0.007569 1.744134
0.800589 0.001835 0.002058 0.000784 0.000126 0.187039 0.007570 1.744299
0.802741 0.001833 0.002048 0.000777 0.000126 0.184903 0.007572 1.744484
0.804879 0.001812 0.002035 0.000776 0.000122 0.182802 0.007574 1.744669
0.806951 0.001809 0.002019 0.000784 0.000120 0.180741 0.007576 1.744851
0.809014 0.001806 0.001998 0.000770 0.000117 0.178719 0.007577 1.745029
0.811065 0.001809 0.001972 0.000754 0.000114 0.176708 0.007578 1.745194
0.813073 0.001802 0.001974 0.000751 0.000107 0.174712 0.007581 1.745375
0.815038 0.001797 0.001960 0.000748 0.000102 0.172771 0.007584 1.745561
0.816980 0.001785 0.001950 0.000765 0.000100 0.170836 0.007584 1.745749
0.818965 0.001787 0.001950 0.000766 0.000100 0.168847 0.007585 1.745925
0.820926 0.001779 0.001934 0.000767 0.000096 0.166912 0.007586 1.746105
0.822853 0.001777 0.001913 0.000766 0.000093 0.165010 0.007589 1.746271
0.824773 0.001759 0.001893 0.000754 0.000092 0.163140 0.007590 1.746439
0.826592 0.001783 0.001870 0.000744 0.000092 0.161327 0.007590 1.746588
0.828452 0.001805 0.001863 0.000732 0.000088 0.159469 0.007591 1.746753
0.830248 0.001811 0.001846 0.000721 0.000088 0.157695 0.007591 1.746922
0.832079 0.001777 0.001853 0.000712 0.000085 0.155901 0.007593 1.747115
0.833911 0.001783 0.001837 0.000710 0.000081 0.154084 0.007594 1.747276
0.835649 0.001771 0.001816 0.000702 0.000079 0.152389 0.007594 1.747458
0.837350 0.001773 0.001823 0.000697 0.000077 0.150685 0.007595 1.747630
0.839062 0.001790 0.001809 0.000685 0.000077 0.148983 0.007595 1.747796
0.840726 0.001783 0.001809 0.000689 0.000074 0.147325 0.007595 1.747976
0.842322 0.001783 0.001828 0.000696 0.000071 0.145704 0.007596 1.748159
0.843955 0.001798 0.001823 0.000700 0.000069 0.144058 0.007597 1.748335
0.845546 0.001784 0.001810 0.000710 0.000068 0.142484 0.007598 1.748517
0.847107 0.001792 0.001806 0.000711 0.000066 0.140920 0.007599 1.748683
0.848662 0.001799 0.001805 0.000719 0.000064 0.139351 0.007600 1.748857
0.850191 0.001766 0.001806 0.000730 0.000062 0.137845 0.007600 1.749040
0.851734 0.001767 0.001794 0.000727 0.000062 0.136316 0.007601 1.749210
0.853253 0.001771 0.001799 0.000728 0.000058 0.134789 0.007603 1.749381
0.854701 0.001787 0.001791 0.000738 0.000057 0.133324 0.007604 1.749559
0.856164 0.001809 0.001800 0.000734 0.000056 0.131833 0.007605 1.749727
0.857653 0.001809 0.001802 0.000732 0.000057 0.130342 0.007605 1.749905
0.859117 0.001831 0.001802 0.000718 0.000056 0.128870 0.007606 1.750072
0.860507 0.001842 0.001802 0.000724 0.000054 0.127464 0.007607 1.750250
0.861916 0.001853 0.001785 0.000728 0.000054 0.126056 0.007608 1.750417
0.863264 0.001860 0.001778 0.000743 0.000052 0.124696 0.007609 1.750607
0.864616 0.001861 0.001795 0.000740 0.000051 0.123328 0.007609 1.750797
0.865968 0.001868 0.001803 0.000752 0.000051 0.121949 0.007609 1.750992
0.867268 0.001867 0.001816 0.000744 0.000052 0.120643 0.007610 1.751175
0.868573 0.001873 0.001825 0.000761 0.000051 0.119307 0.007610 1.751373
0.869906 0.001893 0.001826 0.000762 0.000048 0.117953 0.007612 1.751552
0.871210 0.001901 0.001829 0.000761 0.000048 0.116638 0.007614 1.751741
0.872413 0.001907 0.001813 0.000756 0.000050 0.115448 0.007614 1.751913
0.873626 0.001906 0.001831 0.000758 0.000050 0.114215 0.007614 1.752108
0.874860 0.001935 0.001824 0.000767 0.000048 0.112952 0.007614 1.752287
0.876074 0.001951 0.001823 0.000768 0.000044 0.111724 0.007616 1.752466
0.877206 0.001937 0.001832 0.000769 0.000046 0.110594 0.007617 1.752664
0.878327 0.001956 0.001816 0.000761 0.000044 0.109478 0.007618 1.752843
0.879506 0.001950 0.001816 0.000758 0.000043 0.108309 0.007618 1.753043
0.880631 0.001967 0.001821 0.000751 0.000043 0.107170 0.007619 1.753228
0.881811 0.001983 0.001820 0.000747 0.000044 0.105976 0.007619 1.753413
0.882900 0.001988 0.001840 0.000750 0.000044 0.104861 0.007619 1.753608
0.884004 0.002001 0.001836 0.000758 0.000044 0.103738 0.007620 1.753798
0.885039 0.002003 0.001843 0.000768 0.000042 0.102686 0.007620 1.753994
0.886049 0.002034 0.001840 0.000776 0.000040 0.101640 0.007621 1.754184
0.887076 0.002052 0.001852 0.000790 0.000039 0.100568 0.007623 1.754396
0.888071 0.002056 0.001867 0.000786 0.000036 0.099561 0.007624 1.754593
0.889081 0.002069 0.001877 0.000793 0.000037 0.098519 0.007624 1.754797
0.890110 0.002077 0.001876 0.000795 0.000037 0.097482 0.007624 1.754997
0.891077 0.002106 0.001866 0.000797 0.000037 0.096493 0.007625 1.755199
0.892020 0.002136 0.001875 0.000795 0.000037 0.095512 0.007625 1.755406
0.892938 0.002175 0.001885 0.000795 0.000035 0.094547 0.007627 1.755612
0.893908 0.002206 0.001889 0.000797 0.000035 0.093540 0.007627 1.755810
0.894807 0.002227 0.001899 0.000811 0.000035 0.092596 0.007627 1.756024
0.895730 0.002223 0.001918 0.000820 0.000035 0.091649 0.007627 1.756248
0.896618 0.002233 0.001934 0.000836 0.000035 0.090718 0.007627 1.756487
0.897479 0.002237 0.001951 0.000838 0.000035 0.089834 0.007628 1.756713
0.898326 0.002240 0.001974 0.000851 0.000035 0.088949 0.007628 1.756937
0.899209 0.002248 0.001980 0.000859 0.000035 0.088042 0.007628 1.757152
0.900032 0.002265 0.002000 0.000868 0.000035 0.087172 0.007628 1.757378
0.900843 0.002269 0.002028 0.000870 0.000035 0.086327 0.007629 1.757615
0.901638 0.002289 0.002050 0.000869 0.000034 0.085492 0.007629 1.757830
0.902467 0.002306 0.002072 0.000875 0.000033 0.084618 0.007630 1.758054
0.903268 0.002336 0.002065 0.000881 0.000033 0.083787 0.007631 1.758259
0.904025 0.002337 0.002097 0.000870 0.000033 0.083008 0.007631 1.758496
0.904807 0.002329 0.002114 0.000870 0.000033 0.082217 0.007631 1.758727
0.905573 0.002345 0.002133 0.000868 0.000032 0.081416 0.007632 1.758960
0.906291 0.002374 0.002144 0.000869 0.000032 0.080659 0.007632 1.759184
0.907020 0.002404 0.002166 0.000869 0.000031 0.079877 0.007633 1.759411
0.907734 0.002447 0.002168 0.000872 0.000030 0.079117 0.007634 1.759634
0.908389 0.002481 0.002176 0.000886 0.000029 0.078405 0.007634 1.759870
0.909030 0.002530 0.002174 0.000881 0.000029 0.077723 0.007634 1.760099
0.909733 0.002555 0.002187 0.000888 0.000032 0.076971 0.007634 1.760354
0.910436 0.002574 0.002190 0.000903 0.000032 0.076232 0.007634 1.760605
0.911093 0.002603 0.002210 0.000910 0.000032 0.075519 0.007634 1.760854
0.911732 0.002609 0.002237 0.000910 0.000032 0.074846 0.007635 1.761115
0.912376 0.002601 0.002253 0.000916 0.000034 0.074184 0.007636 1.761383
0.913025 0.002594 0.002277 0.000927 0.000034 0.073507 0.007636 1.761653
0.913592 0.002632 0.002294 0.000930 0.000036 0.072881 0.007636 1.761899
0.914159 0.002653 0.002315 0.000930 0.000034 0.072274 0.007636 1.762160
0.914723 0.002691 0.002323 0.000931 0.000035 0.071661 0.007637 1.762407
0.915260 0.002722 0.002335 0.000943 0.000036 0.071069 0.007637 1.762661
0.915806 0.002758 0.002360 0.000942 0.000036 0.070462 0.007637 1.762919
0.916326 0.002772 0.002379 0.000963 0.000036 0.069887 0.007638 1.763199
0.916853 0.002776 0.002428 0.000979 0.000037 0.069289 0.007639 1.763494
0.917397 0.002794 0.002436 0.000991 0.000038 0.068706 0.007639 1.763755
0.917942 0.002818 0.002444 0.000995 0.000038 0.068124 0.007639 1.764017
0.918453 0.002822 0.002444 0.001009 0.000039 0.067596 0.007639 1.764296
0.918959 0.002805 0.002513 0.001018 0.000041 0.067026 0.007639 1.764598
0.919445 0.002825 0.002547 0.001034 0.000041 0.066470 0.007639 1.764888
0.919933 0.002826 0.002580 0.001044 0.000042 0.065936 0.007639 1.765183
0.920402 0.002873 0.002576 0.001056 0.000044 0.065410 0.007639 1.765460
0.920818 0.002869 0.002609 0.001066 0.000044 0.064956 0.007640 1.765754
0.921221 0.002901 0.002635 0.001059 0.000046 0.064499 0.007640 1.766047
0.921658 0.002922 0.002664 0.001072 0.000047 0.063997 0.007641 1.766344
0.922081 0.002966 0.002667 0.001079 0.000047 0.063520 0.007641 1.766611
0.922525 0.002956 0.002679 0.001093 0.000048 0.063058 0.007641 1.766919
0.922925 0.002972 0.002697 0.001097 0.000048 0.062621 0.007641 1.767214
0.923336 0.002988 0.002727 0.001107 0.000046 0.062155 0.007642 1.767510
0.923704 0.003011 0.002751 0.001122 0.000046 0.061723 0.007642 1.767815
0.924080 0.003061 0.002760 0.001124 0.000044 0.061288 0.007643 1.768116
0.924453 0.003083 0.002778 0.001143 0.000044 0.060856 0.007643 1.768433
0.924808 0.003123 0.002783 0.001154 0.000043 0.060446 0.007643 1.768734
0.925139 0.003155 0.002805 0.001156 0.000043 0.060057 0.007644 1.769044
0.925508 0.003189 0.002821 0.001152 0.000043 0.059643 0.007644 1.769336
0.925845 0.003181 0.002844 0.001170 0.000043 0.059274 0.007644 1.769659
0.926153 0.003221 0.002882 0.001172 0.000043 0.058885 0.007644 1.769978
0.926492 0.003205 0.002905 0.001176 0.000041 0.058537 0.007644 1.770327
0.926828 0.003219 0.002943 0.001184 0.000041 0.058141 0.007645 1.770660
0.927166 0.003236 0.002956 0.001190 0.000042 0.057764 0.007647 1.770982
0.927463 0.003280 0.002968 0.001194 0.000042 0.057405 0.007648 1.771295
0.927741 0.003305 0.003018 0.001178 0.000041 0.057069 0.007648 1.771607
0.928024 0.003335 0.003038 0.001175 0.000042 0.056737 0.007649 1.771929
0.928304 0.003336 0.003038 0.001196 0.000041 0.056435 0.007649 1.772262
0.928580 0.003374 0.003061 0.001193 0.000043 0.056100 0.007649 1.772584
0.928850 0.003414 0.003073 0.001205 0.000042 0.055767 0.007649 1.772908
0.929101 0.003462 0.003058 0.001220 0.000041 0.055468 0.007650 1.773223
0.929328 0.003493 0.003067 0.001209 0.000038 0.055214 0.007651 1.773552
0.929577 0.003521 0.003081 0.001213 0.000040 0.054916 0.007652 1.773890
0.929795 0.003559 0.003086 0.001227 0.000042 0.054640 0.007652 1.774223
0.930033 0.003567 0.003106 0.001250 0.000042 0.054350 0.007653 1.774583
0.930230 0.003604 0.003129 0.001239 0.000042 0.054105 0.007653 1.774927
0.930446 0.003638 0.003147 0.001241 0.000045 0.053831 0.007653 1.775275
0.930659 0.003650 0.003195 0.001252 0.000049 0.053541 0.007654 1.775651
0.930889 0.003644 0.003231 0.001263 0.000048 0.053271 0.007654 1.776013
0.931094 0.003668 0.003271 0.001266 0.000049 0.052998 0.007654 1.776368
0.931281 0.003716 0.003271 0.001297 0.000050 0.052731 0.007654 1.776723
0.931507 0.003738 0.003318 0.001305 0.000053 0.052425 0.007654 1.777082
0.931690 0.003776 0.003328 0.001299 0.000053 0.052200 0.007655 1.777442
0.931915 0.003804 0.003320 0.001306 0.000054 0.051946 0.007655 1.777789
0.932079 0.003823 0.003321 0.001348 0.000054 0.051720 0.007656 1.778167
0.932233 0.003856 0.003358 0.001344 0.000054 0.051499 0.007657 1.778533
0.932396 0.003864 0.003405 0.001347 0.000054 0.051276 0.007658 1.778916
0.932571 0.003868 0.003430 0.001357 0.000051 0.051065 0.007659 1.779294
0.932729 0.003861 0.003453 0.001373 0.000051 0.050874 0.007660 1.779683
0.932876 0.003885 0.003489 0.001372 0.000053 0.050666 0.007660 1.780060
0.933013 0.003888 0.003534 0.001400 0.000057 0.050449 0.007660 1.780472
0.933138 0.003883 0.003561 0.001431 0.000057 0.050269 0.007661 1.780888
0.933238 0.003923 0.003589 0.001446 0.000054 0.050089 0.007662 1.781271
0.933378 0.003956 0.003597 0.001448 0.000054 0.049905 0.007663 1.781641
0.933508 0.003967 0.003644 0.001466 0.000054 0.049698 0.007663 1.782054
0.933634 0.003995 0.003656 0.001478 0.000054 0.049520 0.007663 1.782444
0.933726 0.004033 0.003651 0.001483 0.000055 0.049389 0.007663 1.782831
0.933808 0.004081 0.003666 0.001497 0.000053 0.049231 0.007664 1.783226
0.933924 0.004107 0.003700 0.001509 0.000055 0.049040 0.007665 1.783631
0.934045 0.004114 0.003706 0.001513 0.000056 0.048900 0.007665 1.784024
0.934139 0.004125 0.003754 0.001520 0.000054 0.048739 0.007667 1.784437
0.934248 0.004174 0.003736 0.001517 0.000053 0.048605 0.007668 1.784820
0.934304 0.004213 0.003760 0.001544 0.000052 0.048458 0.007668 1.785237
0.934416 0.004213 0.003801 0.001543 0.000054 0.048304 0.007669 1.785656
0.934459 0.004255 0.003811 0.001559 0.000055 0.048192 0.007670 1.786078
0.934523 0.004258 0.003844 0.001581 0.000057 0.048067 0.007670 1.786505
0.934575 0.004292 0.003847 0.001592 0.000058 0.047965 0.007671 1.786918
0.934643 0.004325 0.003855 0.001589 0.000058 0.047858 0.007672 1.787321
0.934755 0.004321 0.003907 0.001599 0.000059 0.047686 0.007672 1.787758
0.934835 0.004330 0.003939 0.001605 0.000062 0.047558 0.007672 1.788189
0.934930 0.004315 0.003950 0.001614 0.000060 0.047460 0.007672 1.788623
0.934995 0.004359 0.003954 0.001635 0.000061 0.047325 0.007672 1.789035
0.935042 0.004379 0.003991 0.001648 0.000062 0.047205 0.007673 1.789475
0.935109 0.004396 0.004026 0.001637 0.000062 0.047097 0.007673 1.789905
0.935161 0.004424 0.004045 0.001652 0.000064 0.046980 0.007674 1.790349
0.935159 0.004474 0.004068 0.001669 0.000064 0.046891 0.007674 1.790781
0.935223 0.004453 0.004107 0.001684 0.000065 0.046793 0.007674 1.791237
0.935243 0.004479 0.004121 0.001692 0.000067 0.046723 0.007675 1.791674
0.935306 0.004500 0.004128 0.001703 0.000070 0.046617 0.007676 1.792090
0.935348 0.004499 0.004149 0.001704 0.000068 0.046553 0.007678 1.792542
0.935455 0.004503 0.004140 0.001709 0.000069 0.046447 0.007679 1.792978
0.935492 0.004535 0.004133 0.001718 0.000070 0.046373 0.007679 1.793399
0.935507 0.004547 0.004186 0.001718 0.000069 0.046292 0.007679 1.793854
0.935534 0.004598 0.004169 0.001721 0.000068 0.046228 0.007680 1.794270
0.935568 0.004629 0.004179 0.001740 0.000065 0.046137 0.007681 1.794723
0.935608 0.004611 0.004206 0.001735 0.000070 0.046091 0.007681 1.795173
0.935647 0.004624 0.004223 0.001740 0.000070 0.046013 0.007681 1.795612
0.935627 0.004658 0.004213 0.001779 0.000069 0.045971 0.007682 1.796059
0.935640 0.004674 0.004227 0.001793 0.000071 0.045911 0.007683 1.796520
0.935642 0.004706 0.004263 0.001797 0.000070 0.045838 0.007684 1.796966
0.935638 0.004740 0.004285 0.001784 0.000071 0.045797 0.007685 1.797405
0.935642 0.004769 0.004332 0.001781 0.000070 0.045719 0.007686 1.797872
0.935678 0.004791 0.004332 0.001775 0.000071 0.045667 0.007686 1.798318
0.935669 0.004806 0.004341 0.001791 0.000070 0.045634 0.007687 1.798787
0.935654 0.004823 0.004365 0.001819 0.000069 0.045581 0.007688 1.799281
0.935665 0.004835 0.004395 0.001816 0.000070 0.045531 0.007689 1.799745
0.935648 0.004858 0.004442 0.001814 0.000070 0.045478 0.007689 1.800212
0.935658 0.004850 0.004469 0.001827 0.000071 0.045435 0.007689 1.800694
0.935614 0.004883 0.004507 0.001834 0.000072 0.045401 0.007689 1.801176
0.935643 0.004889 0.004484 0.001856 0.000071 0.045368 0.007690 1.801640
0.935626 0.004891 0.004502 0.001865 0.000068 0.045358 0.007690 1.802125
0.935586 0.004893 0.004505 0.001867 0.000069 0.045391 0.007690 1.802601
0.935575 0.004879 0.004522 0.001878 0.000068 0.045385 0.007691 1.803097
0.935560 0.004869 0.004551 0.001879 0.000070 0.045379 0.007691 1.803595
0.935583 0.004832 0.004558 0.001896 0.000071 0.045367 0.007693 1.804084
0.935581 0.004829 0.004563 0.001897 0.000072 0.045365 0.007693 1.804572
0.935573 0.004834 0.004561 0.001899 0.000071 0.045368 0.007693 1.805047
0.935532 0.004859 0.004600 0.001897 0.000069 0.045349 0.007694 1.805528
0.935540 0.004836 0.004595 0.001909 0.000071 0.045354 0.007694 1.806016
0.935512 0.004866 0.004583 0.001910 0.000072 0.045362 0.007694 1.806470
0.935478 0.004900 0.004578 0.001903 0.000071 0.045373 0.007695 1.806933
0.935462 0.004894 0.004606 0.001885 0.000069 0.045387 0.007697 1.807416
0.935441 0.004882 0.004636 0.001899 0.000069 0.045376 0.007698 1.807924
0.935434 0.004848 0.004671 0.001890 0.000071 0.045389 0.007698 1.808427
0.935435 0.004828 0.004684 0.001887 0.000075 0.045392 0.007698 1.808920
0.935454 0.004820 0.004684 0.001881 0.000073 0.045388 0.007700 1.809406
0.935476 0.004817 0.004678 0.001898 0.000071 0.045358 0.007701 1.809873
0.935477 0.004829 0.004662 0.001905 0.000071 0.045354 0.007702 1.810345
0.935438 0.004836 0.004672 0.001911 0.000072 0.045368 0.007703 1.810832
0.935383 0.004870 0.004672 0.001928 0.000070 0.045372 0.007704 1.811313
0.935366 0.004882 0.004655 0.001924 0.000071 0.045397 0.007705 1.811793
0.935314 0.004944 0.004645 0.001909 0.000073 0.045409 0.007705 1.812249
0.935300 0.004950 0.004655 0.001891 0.000076 0.045420 0.007707 1.812720
0.935255 0.004970 0.004692 0.001890 0.000075 0.045409 0.007710 1.813228
0.935222 0.005003 0.004679 0.001893 0.000074 0.045418 0.007710 1.813688
0.935194 0.005006 0.004667 0.001912 0.000075 0.045434 0.007711 1.814181
0.935175 0.005014 0.004674 0.001895 0.000079 0.045451 0.007712 1.814681
0.935108 0.005040 0.004708 0.001892 0.000078 0.045462 0.007712 1.815189
0.935101 0.005036 0.004726 0.001890 0.000078 0.045455 0.007712 1.815683
0.935040 0.005090 0.004736 0.001892 0.000079 0.045450 0.007712 1.816181
0.935080 0.005048 0.004738 0.001903 0.000079 0.045438 0.007713 1.816679
0.935025 0.005073 0.004738 0.001900 0.000078 0.045472 0.007715 1.817173
0.934996 0.005100 0.004746 0.001887 0.000078 0.045477 0.007715 1.817661
0.934982 0.005122 0.004739 0.001888 0.000079 0.045474 0.007716 1.818164
0.934934 0.005111 0.004756 0.001913 0.000079 0.045488 0.007718 1.818680
0.934926 0.005100 0.004792 0.001911 0.000084 0.045469 0.007718 1.819191
0.934849 0.005140 0.004777 0.001919 0.000084 0.045513 0.007719 1.819681
0.934881 0.005096 0.004779 0.001943 0.000083 0.045497 0.007721 1.820182
0.934839 0.005110 0.004781 0.001951 0.000080 0.045516 0.007722 1.820676
0.934809 0.005102 0.004797 0.001958 0.000079 0.045532 0.007722 1.821176
0.934810 0.005054 0.004838 0.001954 0.000078 0.045541 0.007724 1.821699
0.934762 0.005069 0.004873 0.001932 0.000076 0.045563 0.007724 1.822193
0.934745 0.005055 0.004883 0.001937 0.000078 0.045577 0.007724 1.822695
0.934713 0.005049 0.004883 0.001947 0.000079 0.045603 0.007725 1.823202
0.934684 0.005051 0.004893 0.001944 0.000077 0.045624 0.007726 1.823694
0.934661 0.005083 0.004896 0.001945 0.000079 0.045608 0.007726 1.824165
0.934633 0.005068 0.004898 0.001933 0.000079 0.045659 0.007728 1.824665
0.934577 0.005043 0.004917 0.001945 0.000079 0.045709 0.007728 1.825195
0.934576 0.005021 0.004894 0.001952 0.000079 0.045747 0.007729 1.825689
0.934563 0.005060 0.004873 0.001943 0.000079 0.045751 0.007731 1.826155
0.934559 0.005077 0.004873 0.001923 0.000083 0.045754 0.007731 1.826623
0.934533 0.005084 0.004860 0.001914 0.000081 0.045795 0.007732 1.827099
0.934506 0.005106 0.004858 0.001907 0.000081 0.045809 0.007733 1.827577
0.934501 0.005082 0.004851 0.001917 0.000082 0.045834 0.007733 1.828078
0.934460 0.005082 0.004817 0.001923 0.000079 0.045904 0.007734 1.828572
0.934405 0.005088 0.004823 0.001928 0.000079 0.045942 0.007735 1.829071
0.934412 0.005089 0.004780 0.001923 0.000078 0.045983 0.007736 1.829551
0.934393 0.005108 0.004790 0.001936 0.000077 0.045959 0.007737 1.830042
0.934340 0.005097 0.004830 0.001951 0.000075 0.045970 0.007738 1.830573
0.934300 0.005091 0.004813 0.001964 0.000074 0.046019 0.007738 1.831090
0.934302 0.005085 0.004809 0.001977 0.000073 0.046015 0.007740 1.831598
0.934277 0.005063 0.004839 0.001976 0.000071 0.046032 0.007742 1.832099
0.934233 0.005059 0.004856 0.001976 0.000074 0.046058 0.007742 1.832618
0.934218 0.005078 0.004851 0.001978 0.000075 0.046058 0.007743 1.833100
0.934181 0.005086 0.004845 0.001972 0.000077 0.046095 0.007743 1.833587
0.934138 0.005111 0.004872 0.001962 0.000077 0.046096 0.007744 1.834060
0.934074 0.005126 0.004888 0.001979 0.000080 0.046108 0.007745 1.834564
0.934047 0.005121 0.004910 0.001984 0.000080 0.046113 0.007746 1.835068
0.934020 0.005107 0.004916 0.001983 0.000080 0.046149 0.007746 1.835579
0.934006 0.005095 0.004949 0.001975 0.000078 0.046150 0.007747 1.836084
0.933962 0.005089 0.004955 0.001959 0.000079 0.046208 0.007747 1.836598
0.933939 0.005110 0.004963 0.001943 0.000081 0.046215 0.007748 1.837087
0.933906 0.005112 0.004952 0.001964 0.000083 0.046236 0.007748 1.837589
0.933909 0.005119 0.004929 0.001950 0.000087 0.046258 0.007749 1.838063
0.933873 0.005091 0.004928 0.001965 0.000089 0.046305 0.007750 1.838596
0.933858 0.005102 0.004935 0.001955 0.000085 0.046313 0.007752 1.839085
0.933862 0.005084 0.004933 0.001975 0.000083 0.046308 0.007754 1.839591
0.933838 0.005074 0.004938 0.001976 0.000082 0.046336 0.007756 1.840085
0.933809 0.005066 0.004964 0.001985 0.000078 0.046341 0.007757 1.840606
0.933804 0.005069 0.004946 0.001991 0.000075 0.046356 0.007759 1.841092
0.933803 0.005062 0.004933 0.001986 0.000076 0.046381 0.007759 1.841583
0.933809 0.005070 0.004942 0.001985 0.000074 0.046359 0.007761 1.842082
0.933774 0.005066 0.004927 0.001987 0.000076 0.046409 0.007761 1.842588
0.933771 0.005048 0.004935 0.001981 0.000077 0.046426 0.007762 1.843102
0.933786 0.005056 0.004922 0.001972 0.000077 0.046425 0.007762 1.843571
0.933787 0.005061 0.004919 0.001968 0.000078 0.046423 0.007763 1.844058
0.933763 0.005046 0.004932 0.001981 0.000078 0.046435 0.007764 1.844563
0.933748 0.004993 0.004943 0.002001 0.000079 0.046470 0.007766 1.845095
0.933767 0.004958 0.004943 0.001998 0.000079 0.046490 0.007766 1.845591
0.933788 0.004880 0.004956 0.002009 0.000080 0.046521 0.007767 1.846122
0.933805 0.004877 0.004939 0.001999 0.000082 0.046532 0.007767 1.846601
0.933805 0.004880 0.004938 0.001981 0.000085 0.046544 0.007768 1.847085
0.933796 0.004884 0.004915 0.001982 0.000086 0.046568 0.007768 1.847569
0.933809 0.004864 0.004931 0.001991 0.000088 0.046547 0.007769 1.848055
0.933809 0.004856 0.004940 0.001986 0.000088 0.046551 0.007769 1.848548
0.933802 0.004868 0.004915 0.001968 0.000087 0.046591 0.007770 1.849032
0.933841 0.004860 0.004915 0.001959 0.000087 0.046568 0.007770 1.849506
0.933823 0.004872 0.004886 0.001973 0.000087 0.046588 0.007770 1.849986
0.933828 0.004873 0.004893 0.001977 0.000086 0.046573 0.007770 1.850469
0.933782 0.004911 0.004868 0.001979 0.000087 0.046602 0.007771 1.850936
0.933810 0.004903 0.004861 0.001959 0.000088 0.046606 0.007771 1.851409
0.933800 0.004894 0.004846 0.001956 0.000087 0.046645 0.007772 1.851882
0.933839 0.004845 0.004837 0.001984 0.000088 0.046635 0.007772 1.852381
0.933868 0.004855 0.004825 0.001967 0.000089 0.046622 0.007773 1.852842
0.933851 0.004860 0.004849 0.001968 0.000088 0.046610 0.007774 1.853337
0.933868 0.004827 0.004845 0.001963 0.000087 0.046635 0.007776 1.853824
0.933877 0.004819 0.004854 0.001971 0.000085 0.046616 0.007777 1.854313
0.933892 0.004835 0.004836 0.001994 0.000083 0.046581 0.007779 1.854786
0.933897 0.004856 0.004817 0.001982 0.000084 0.046583 0.007780 1.855244
0.933898 0.004838 0.004804 0.001973 0.000086 0.046619 0.007781 1.855724
0.933924 0.004831 0.004792 0.001967 0.000085 0.046619 0.007781 1.856194
0.933911 0.004812 0.004818 0.001952 0.000089 0.046636 0.007782 1.856701
0.933908 0.004810 0.004837 0.001956 0.000088 0.046617 0.007783 1.857193
0.933936 0.004804 0.004820 0.001931 0.000087 0.046638 0.007783 1.857648
0.933949 0.004834 0.004821 0.001919 0.000086 0.046607 0.007784 1.858098
0.933929 0.004842 0.004807 0.001922 0.000087 0.046627 0.007786 1.858573
0.933988 0.004779 0.004798 0.001947 0.000086 0.046614 0.007787 1.859087
0.933994 0.004757 0.004818 0.001952 0.000084 0.046607 0.007788 1.859584
0.933994 0.004772 0.004796 0.001961 0.000081 0.046608 0.007789 1.860052
0.934001 0.004786 0.004777 0.001970 0.000081 0.046596 0.007790 1.860520
0.934058 0.004774 0.004747 0.001979 0.000082 0.046568 0.007791 1.860981
0.934047 0.004798 0.004738 0.001978 0.000082 0.046563 0.007792 1.861435
0.934082 0.004794 0.004718 0.001957 0.000084 0.046571 0.007793 1.861896
0.934068 0.004784 0.004750 0.001944 0.000081 0.046580 0.007793 1.862386
0.934084 0.004762 0.004762 0.001938 0.000084 0.046575 0.007794 1.862881
0.934125 0.004754 0.004765 0.001934 0.000085 0.046542 0.007795 1.863345
0.934181 0.004733 0.004757 0.001912 0.000087 0.046536 0.007795 1.863807
0.934162 0.004761 0.004749 0.001918 0.000084 0.046527 0.007797 1.864262
0.934196 0.004743 0.004750 0.001906 0.000084 0.046522 0.007798 1.864730
0.934232 0.004772 0.004708 0.001911 0.000084 0.046493 0.007798 1.865175
0.934248 0.004745 0.004737 0.001901 0.000085 0.046484 0.007800 1.865667
0.934271 0.004745 0.004709 0.001902 0.000087 0.046485 0.007801 1.866125
0.934246 0.004799 0.004683 0.001914 0.000086 0.046469 0.007802 1.866573
0.934262 0.004791 0.004685 0.001920 0.000085 0.046455 0.007803 1.867050
0.934299 0.004770 0.004677 0.001929 0.000083 0.046438 0.007804 1.867531
0.934326 0.004746 0.004673 0.001927 0.000083 0.046440 0.007805 1.867988
0.934307 0.004746 0.004673 0.001932 0.000083 0.046453 0.007806 1.868467
0.934294 0.004783 0.004688 0.001938 0.000085 0.046406 0.007806 1.868927
0.934266 0.004798 0.004664 0.001922 0.000084 0.046459 0.007807 1.869389
0.934273 0.004808 0.004702 0.001904 0.000084 0.046420 0.007808 1.869851
0.934299 0.004790 0.004710 0.001899 0.000083 0.046409 0.007809 1.870330
0.934320 0.004794 0.004666 0.001891 0.000084 0.046435 0.007810 1.870787
0.934303 0.004790 0.004696 0.001859 0.000083 0.046458 0.007811 1.871264
0.934337 0.004756 0.004693 0.001861 0.000079 0.046460 0.007813 1.871738
0.934356 0.004745 0.004709 0.001844 0.000079 0.046452 0.007813 1.872204
0.934382 0.004735 0.004706 0.001856 0.000080 0.046428 0.007814 1.872674
0.934406 0.004742 0.004722 0.001866 0.000081 0.046369 0.007814 1.873151
0.934421 0.004738 0.004721 0.001875 0.000082 0.046348 0.007814 1.873628
0.934431 0.004719 0.004737 0.001869 0.000080 0.046349 0.007815 1.874109
0.934468 0.004722 0.004723 0.001871 0.000078 0.046323 0.007816 1.874556
0.934453 0.004737 0.004698 0.001856 0.000079 0.046360 0.007816 1.875026
0.934451 0.004753 0.004712 0.001850 0.000080 0.046337 0.007817 1.875490
0.934470 0.004731 0.004705 0.001851 0.000079 0.046346 0.007818 1.875962
0.934470 0.004719 0.004694 0.001857 0.000081 0.046359 0.007819 1.876437
0.934475 0.004731 0.004681 0.001857 0.000080 0.046356 0.007820 1.876894
0.934514 0.004702 0.004686 0.001857 0.000080 0.046341 0.007820 1.877381
0.934532 0.004737 0.004662 0.001849 0.000078 0.046321 0.007821 1.877841
0.934524 0.004790 0.004658 0.001835 0.000077 0.046294 0.007822 1.878269
0.934521 0.004785 0.004684 0.001841 0.000078 0.046267 0.007823 1.878755
0.934541 0.004760 0.004703 0.001852 0.000080 0.046240 0.007824 1.879237
0.934528 0.004769 0.004685 0.001850 0.000078 0.046262 0.007826 1.879706
0.934547 0.004765 0.004696 0.001838 0.000079 0.046249 0.007826 1.880170
0.934600 0.004745 0.004675 0.001840 0.000079 0.046233 0.007827 1.880616
0.934646 0.004747 0.004672 0.001843 0.000075 0.046189 0.007829 1.881064
0.934676 0.004726 0.004691 0.001827 0.000076 0.046175 0.007829 1.881540
0.934718 0.004716 0.004689 0.001819 0.000077 0.046151 0.007830 1.881989
0.934769 0.004685 0.004675 0.001808 0.000078 0.046154 0.007830 1.882450
0.934793 0.004649 0.004702 0.001791 0.000079 0.046154 0.007831 1.882939
0.934853 0.004601 0.004715 0.001797 0.000076 0.046125 0.007833 1.883428
0.934826 0.004641 0.004691 0.001792 0.000077 0.046141 0.007833 1.883878
0.934800 0.004664 0.004696 0.001794 0.000075 0.046138 0.007833 1.884332
0.934829 0.004711 0.004693 0.001776 0.000075 0.046082 0.007834 1.884758
0.934860 0.004686 0.004687 0.001807 0.000076 0.046050 0.007834 1.885224
0.934891 0.004686 0.004683 0.001806 0.000074 0.046024 0.007836 1.885680
0.934897 0.004700 0.004667 0.001812 0.000075 0.046010 0.007837 1.886135
0.934914 0.004703 0.004646 0.001819 0.000075 0.046004 0.007838 1.886582
0.934956 0.004691 0.004616 0.001840 0.000076 0.045982 0.007839 1.887033
0.934952 0.004717 0.004607 0.001846 0.000077 0.045961 0.007839 1.887477
0.934973 0.004733 0.004606 0.001832 0.000077 0.045940 0.007839 1.887931
0.934975 0.004696 0.004639 0.001847 0.000075 0.045926 0.007841 1.888423
0.935027 0.004690 0.004638 0.001843 0.000075 0.045884 0.007841 1.888866
0.935033 0.004696 0.004645 0.001837 0.000075 0.045871 0.007843 1.889330
0.935082 0.004652 0.004648 0.001851 0.000075 0.045846 0.007846 1.889798
0.935132 0.004632 0.004657 0.001834 0.000072 0.045828 0.007846 1.890255
0.935123 0.004606 0.004659 0.001854 0.000072 0.045838 0.007847 1.890744
0.935140 0.004612 0.004659 0.001853 0.000071 0.045818 0.007847 1.891201
0.935177 0.004568 0.004689 0.001863 0.000073 0.045783 0.007847 1.891685
0.935214 0.004566 0.004692 0.001863 0.000072 0.045747 0.007848 1.892132
0.935233 0.004563 0.004662 0.001878 0.000071 0.045744 0.007848 1.892579
0.935235 0.004575 0.004635 0.001859 0.000070 0.045777 0.007849 1.893027
0.935221 0.004608 0.004613 0.001844 0.000069 0.045794 0.007850 1.893451
0.935259 0.004566 0.004632 0.001851 0.000071 0.045770 0.007851 1.893923
0.935262 0.004584 0.004604 0.001855 0.000071 0.045772 0.007851 1.894362
0.935300 0.004577 0.004592 0.001866 0.000069 0.045743 0.007853 1.894803
0.935320 0.004582 0.004539 0.001859 0.000073 0.045773 0.007853 1.895256
0.935364 0.004573 0.004530 0.001844 0.000074 0.045761 0.007854 1.895685
0.935420 0.004550 0.004538 0.001851 0.000073 0.045714 0.007855 1.896135
0.935441 0.004559 0.004553 0.001830 0.000074 0.045688 0.007856 1.896579
0.935484 0.004553 0.004533 0.001833 0.000074 0.045666 0.007857 1.897039
0.935510 0.004530 0.004536 0.001850 0.000075 0.045644 0.007857 1.897510
0.935536 0.004517 0.004541 0.001848 0.000074 0.045627 0.007857 1.897972
0.935571 0.004533 0.004524 0.001833 0.000075 0.045606 0.007858 1.898387
0.935611 0.004533 0.004524 0.001818 0.000077 0.045579 0.007858 1.898833
0.935624 0.004583 0.004484 0.001808 0.000077 0.045563 0.007859 1.899247
0.935663 0.004553 0.004548 0.001804 0.000076 0.045494 0.007860 1.899730
0.935682 0.004589 0.004516 0.001811 0.000072 0.045468 0.007862 1.900164
0.935693 0.004576 0.004536 0.001810 0.000071 0.045451 0.007864 1.900611
0.935718 0.004590 0.004525 0.001795 0.000071 0.045436 0.007864 1.901042
0.935778 0.004573 0.004521 0.001795 0.000073 0.045395 0.007864 1.901472
0.935813 0.004567 0.004495 0.001802 0.000071 0.045386 0.007865 1.901912
0.935842 0.004528 0.004522 0.001804 0.000072 0.045365 0.007865 1.902379
0.935862 0.004567 0.004471 0.001785 0.000073 0.045376 0.007866 1.902787
0.935894 0.004553 0.004462 0.001777 0.000072 0.045374 0.007867 1.903224
0.935933 0.004542 0.004421 0.001791 0.000074 0.045372 0.007867 1.903662
0.935946 0.004556 0.004412 0.001795 0.000075 0.045348 0.007868 1.904101
0.935955 0.004566 0.004434 0.001803 0.000075 0.045300 0.007868 1.904550
0.935985 0.004558 0.004439 0.001810 0.000075 0.045266 0.007868 1.904997
0.936014 0.004531 0.004469 0.001809 0.000075 0.045234 0.007868 1.905483
0.936028 0.004478 0.004474 0.001808 0.000074 0.045271 0.007868 1.905970
0.936072 0.004455 0.004508 0.001803 0.000075 0.045218 0.007868 1.906425
0.936102 0.004498 0.004493 0.001770 0.000075 0.045193 0.007869 1.906817
0.936190 0.004478 0.004474 0.001772 0.000074 0.045143 0.007871 1.907242
0.936237 0.004507 0.004440 0.001767 0.000073 0.045103 0.007872 1.907652
0.936240 0.004539 0.004391 0.001755 0.000077 0.045125 0.007872 1.908083
0.936289 0.004519 0.004401 0.001746 0.000077 0.045095 0.007873 1.908519
0.936353 0.004448 0.004407 0.001758 0.000075 0.045084 0.007875 1.908993
0.936373 0.004425 0.004426 0.001750 0.000079 0.045073 0.007875 1.909436
0.936404 0.004392 0.004438 0.001747 0.000079 0.045065 0.007875 1.909880
0.936458 0.004406 0.004425 0.001755 0.000078 0.045002 0.007876 1.910305
0.936470 0.004420 0.004404 0.001755 0.000079 0.044995 0.007876 1.910727
0.936515 0.004409 0.004371 0.001763 0.000078 0.044986 0.007878 1.911160
0.936540 0.004412 0.004360 0.001758 0.000079 0.044972 0.007879 1.911586
0.936593 0.004373 0.004373 0.001755 0.000077 0.044950 0.007880 1.912039
0.936573 0.004407 0.004367 0.001760 0.000076 0.044936 0.007881 1.912470
0.936605 0.004387 0.004361 0.001754 0.000076 0.044936 0.007882 1.912925
0.936613 0.004410 0.004351 0.001760 0.000076 0.044908 0.007883 1.913347
0.936670 0.004403 0.004351 0.001752 0.000077 0.044864 0.007884 1.913780
0.936705 0.004402 0.004385 0.001740 0.000078 0.044804 0.007886 1.914227
0.936756 0.004384 0.004402 0.001729 0.000079 0.044764 0.007886 1.914667
0.936773 0.004401 0.004370 0.001734 0.000080 0.044754 0.007888 1.915094
0.936778 0.004434 0.004370 0.001761 0.000079 0.044689 0.007888 1.915514
0.936854 0.004413 0.004373 0.001767 0.000079 0.044625 0.007888 1.915942
0.936854 0.004424 0.004400 0.001776 0.000079 0.044579 0.007890 1.916381
