0.329131 0.063378 0.057296 0.032933 0.002149 0.508938 0.006174 1.662551
0.331767 0.060982 0.057187 0.032582 0.002165 0.509118 0.006200 1.668641
0.335310 0.057995 0.056995 0.032216 0.002170 0.509082 0.006232 1.674458
0.339373 0.054768 0.056618 0.031740 0.002168 0.509077 0.006257 1.680003
0.343813 0.051413 0.056100 0.031187 0.002157 0.509044 0.006286 1.685280
0.348515 0.048205 0.055427 0.030529 0.002141 0.508865 0.006319 1.690130
0.353418 0.045130 0.054659 0.029802 0.002130 0.508518 0.006343 1.694653
0.358409 0.042097 0.053811 0.029028 0.002135 0.508149 0.006372 1.698993
0.363705 0.039200 0.052797 0.028228 0.002128 0.507543 0.006398 1.703039
0.368942 0.036567 0.051742 0.027347 0.002122 0.506854 0.006426 1.706762
0.374257 0.034064 0.050496 0.026490 0.002123 0.506115 0.006455 1.710273
0.379704 0.031806 0.049213 0.025607 0.002113 0.505075 0.006483 1.713481
0.385054 0.029716 0.047834 0.024698 0.002109 0.504076 0.006514 1.716473
0.390479 0.027767 0.046505 0.023812 0.002106 0.502793 0.006538 1.719246
0.396046 0.025832 0.045172 0.022921 0.002080 0.501386 0.006563 1.721899
0.401554 0.024092 0.043796 0.022024 0.002043 0.499896 0.006597 1.724385
0.407100 0.022577 0.042291 0.021148 0.002017 0.498244 0.006625 1.726654
0.412593 0.021105 0.040842 0.020333 0.001986 0.496486 0.006655 1.728817
0.418168 0.019789 0.039374 0.019492 0.001965 0.494536 0.006676 1.730812
0.423623 0.018491 0.038037 0.018683 0.001931 0.492534 0.006701 1.732740
0.429218 0.017340 0.036637 0.017903 0.001910 0.490264 0.006729 1.734503
0.434795 0.016314 0.035195 0.017096 0.001878 0.487962 0.006759 1.736107
0.440211 0.015314 0.033841 0.016350 0.001840 0.485654 0.006790 1.737670
0.445791 0.014420 0.032558 0.015653 0.001806 0.482963 0.006809 1.739122
0.451261 0.013571 0.031305 0.014964 0.001784 0.480287 0.006828 1.740516
0.456776 0.012795 0.030003 0.014309 0.001747 0.477516 0.006854 1.741788
0.462268 0.012077 0.028768 0.013648 0.001716 0.474643 0.006880 1.743008
0.467779 0.011401 0.027638 0.013066 0.001677 0.471533 0.006906 1.744174
0.473233 0.010776 0.026527 0.012454 0.001646 0.468439 0.006924 1.745268
0.478528 0.010251 0.025410 0.011832 0.001616 0.465412 0.006952 1.746276
0.483843 0.009737 0.024372 0.011281 0.001579 0.462217 0.006972 1.747235
0.489153 0.009223 0.023360 0.010754 0.001539 0.458982 0.006990 1.748195
0.494388 0.008793 0.022387 0.010219 0.001507 0.455694 0.007012 1.749092
0.499607 0.008362 0.021411 0.009739 0.001484 0.452368 0.007029 1.749951
0.504742 0.008026 0.020488 0.009274 0.001445 0.448975 0.007052 1.750714
0.509878 0.007640 0.019668 0.008863 0.001397 0.445479 0.007076 1.751507
0.514945 0.007316 0.018838 0.008411 0.001359 0.442036 0.007094 1.752222
0.520050 0.007010 0.018069 0.008027 0.001325 0.438408 0.007113 1.752929
0.525106 0.006735 0.017321 0.007643 0.001294 0.434773 0.007130 1.753616
0.530130 0.006470 0.016572 0.007275 0.001261 0.431147 0.007146 1.754260
0.535140 0.006228 0.015855 0.006967 0.001221 0.427426 0.007162 1.754884
0.540013 0.005988 0.015194 0.006665 0.001188 0.423775 0.007177 1.755488
0.544833 0.005815 0.014540 0.006327 0.001161 0.420132 0.007193 1.756037
0.549634 0.005632 0.013907 0.006027 0.001127 0.416465 0.007209 1.756581
0.554459 0.005402 0.013351 0.005744 0.001098 0.412719 0.007227 1.757149
0.559238 0.005280 0.012790 0.005487 0.001073 0.408895 0.007238 1.757643
0.563961 0.005144 0.012243 0.005239 0.001041 0.405120 0.007252 1.758131
0.568660 0.004975 0.011771 0.005008 0.001014 0.401305 0.007266 1.758637
0.573331 0.004817 0.011292 0.004793 0.000988 0.397499 0.007280 1.759119
0.577993 0.004660 0.010827 0.004603 0.000959 0.393666 0.007292 1.759585
0.582541 0.004495 0.010399 0.004404 0.000931 0.389926 0.007305 1.760064
0.587142 0.004364 0.009998 0.004220 0.000897 0.386058 0.007321 1.760501
0.591627 0.004234 0.009642 0.004035 0.000871 0.382257 0.007335 1.760937
0.596010 0.004126 0.009308 0.003861 0.000848 0.378501 0.007346 1.761342
0.600431 0.004008 0.008955 0.003693 0.000825 0.374729 0.007359 1.761740
0.604832 0.003898 0.008599 0.003528 0.000798 0.370973 0.007372 1.762108
0.609188 0.003776 0.008282 0.003391 0.000776 0.367204 0.007384 1.762506
0.613442 0.003676 0.007980 0.003248 0.000755 0.363504 0.007397 1.762876
0.617669 0.003605 0.007625 0.003139 0.000733 0.359821 0.007408 1.763212
0.621802 0.003537 0.007346 0.003019 0.000707 0.356171 0.007420 1.763556
0.625988 0.003482 0.007081 0.002894 0.000682 0.352444 0.007430 1.763887
0.630072 0.003413 0.006832 0.002770 0.000655 0.348820 0.007439 1.764226
0.634151 0.003310 0.006611 0.002673 0.000631 0.345177 0.007448 1.764591
0.638216 0.003267 0.006389 0.002570 0.000606 0.341493 0.007459 1.764901
0.642161 0.003196 0.006159 0.002479 0.000591 0.337949 0.007465 1.765218
0.646178 0.003152 0.005940 0.002386 0.000571 0.334302 0.007471 1.765525
0.650055 0.003091 0.005739 0.002312 0.000553 0.330775 0.007476 1.765831
0.653880 0.003042 0.005564 0.002227 0.000537 0.327269 0.007484 1.766136
0.657655 0.002993 0.005378 0.002153 0.000525 0.323808 0.007489 1.766429
0.661471 0.002952 0.005209 0.002092 0.000508 0.320273 0.007496 1.766724
0.665191 0.002909 0.005044 0.002021 0.000496 0.316839 0.007502 1.767000
0.668951 0.002854 0.004886 0.001945 0.000485 0.313373 0.007507 1.767271
0.672614 0.002822 0.004745 0.001872 0.000469 0.309964 0.007516 1.767545
0.676252 0.002792 0.004600 0.001820 0.000453 0.306561 0.007522 1.767806
0.679838 0.002769 0.004465 0.001770 0.000439 0.303195 0.007526 1.768076
0.683385 0.002730 0.004360 0.001719 0.000426 0.299849 0.007530 1.768350
0.686891 0.002707 0.004229 0.001671 0.000419 0.296550 0.007534 1.768604
0.690336 0.002671 0.004128 0.001611 0.000406 0.293306 0.007544 1.768882
0.693858 0.002645 0.003992 0.001575 0.000394 0.289987 0.007549 1.769126
0.697265 0.002626 0.003864 0.001557 0.000379 0.286755 0.007554 1.769371
0.700636 0.002588 0.003796 0.001507 0.000372 0.283544 0.007558 1.769633
0.703907 0.002586 0.003708 0.001465 0.000362 0.280411 0.007563 1.769870
0.707126 0.002590 0.003614 0.001419 0.000354 0.277331 0.007566 1.770113
0.710365 0.002556 0.003523 0.001395 0.000347 0.274244 0.007571 1.770349
0.713584 0.002535 0.003429 0.001362 0.000338 0.271177 0.007575 1.770586
0.716806 0.002465 0.003394 0.001345 0.000323 0.268088 0.007580 1.770863
0.719901 0.002450 0.003314 0.001309 0.000311 0.265129 0.007586 1.771089
0.722965 0.002424 0.003257 0.001280 0.000301 0.262186 0.007589 1.771320
0.726004 0.002405 0.003180 0.001247 0.000289 0.259285 0.007591 1.771540
0.728999 0.002379 0.003143 0.001230 0.000278 0.256379 0.007593 1.771779
0.731995 0.002347 0.003087 0.001221 0.000271 0.253483 0.007597 1.772014
0.734941 0.002317 0.003036 0.001203 0.000263 0.250642 0.007600 1.772254
0.737881 0.002275 0.002982 0.001187 0.000256 0.247817 0.007604 1.772484
0.740771 0.002270 0.002921 0.001165 0.000251 0.245016 0.007606 1.772698
0.743604 0.002259 0.002869 0.001151 0.000242 0.242267 0.007608 1.772919
0.746426 0.002226 0.002835 0.001131 0.000233 0.239538 0.007612 1.773150
0.749195 0.002205 0.002795 0.001122 0.000225 0.236844 0.007616 1.773371
0.751900 0.002215 0.002745 0.001099 0.000220 0.234203 0.007619 1.773568
0.754617 0.002200 0.002708 0.001083 0.000212 0.231559 0.007622 1.773790
0.757252 0.002148 0.002690 0.001075 0.000208 0.229005 0.007623 1.774026
0.759904 0.002142 0.002645 0.001057 0.000203 0.226423 0.007626 1.774223
0.762477 0.002138 0.002609 0.001053 0.000194 0.223900 0.007630 1.774437
0.764984 0.002129 0.002585 0.001048 0.000191 0.221432 0.007632 1.774645
0.767503 0.002110 0.002555 0.001041 0.000186 0.218973 0.007633 1.774860
0.770041 0.002107 0.002497 0.001030 0.000181 0.216509 0.007636 1.775064
0.772480 0.002109 0.002483 0.001015 0.000173 0.214103 0.007638 1.775284
0.774966 0.002095 0.002458 0.000998 0.000167 0.211677 0.007640 1.775500
0.777361 0.002082 0.002450 0.000982 0.000162 0.209320 0.007643 1.775710
0.779790 0.002062 0.002444 0.000970 0.000154 0.206934 0.007647 1.775925
0.782157 0.002066 0.002422 0.000949 0.000149 0.204606 0.007650 1.776123
0.784493 0.002069 0.002396 0.000949 0.000145 0.202298 0.007652 1.776325
0.786771 0.002070 0.002361 0.000940 0.000139 0.200066 0.007654 1.776521
0.789075 0.002063 0.002325 0.000934 0.000138 0.197811 0.007655 1.776728
0.791409 0.002058 0.002298 0.000928 0.000134 0.195517 0.007656 1.776934
0.793656 0.002054 0.002266 0.000913 0.000128 0.193325 0.007660 1.777125
0.795924 0.002059 0.002256 0.000912 0.000122 0.191067 0.007662 1.777328
0.798073 0.002051 0.002229 0.000907 0.000117 0.188961 0.007663 1.777521
0.800202 0.002059 0.002195 0.000898 0.000112 0.186869 0.007665 1.777713
0.802385 0.002066 0.002174 0.000896 0.000111 0.184701 0.007667 1.777913
0.804476 0.002057 0.002153 0.000898 0.000105 0.182642 0.007669 1.778115
0.806514 0.002067 0.002146 0.000892 0.000098 0.180611 0.007672 1.778310
0.808521 0.002075 0.002126 0.000886 0.000096 0.178623 0.007673 1.778505
0.810548 0.002081 0.002114 0.000882 0.000095 0.176608 0.007674 1.778707
0.812581 0.002061 0.002101 0.000880 0.000094 0.174609 0.007674 1.778911
0.814565 0.002075 0.002077 0.000882 0.000093 0.172632 0.007676 1.779120
0.816502 0.002065 0.002060 0.000880 0.000093 0.170725 0.007676 1.779320
0.818404 0.002079 0.002054 0.000868 0.000091 0.168827 0.007677 1.779516
0.820323 0.002081 0.002042 0.000869 0.000089 0.166919 0.007677 1.779704
0.822228 0.002083 0.002034 0.000876 0.000087 0.165014 0.007678 1.779914
0.824089 0.002097 0.002021 0.000877 0.000088 0.163150 0.007679 1.780104
0.825908 0.002098 0.002041 0.000867 0.000086 0.161320 0.007681 1.780312
0.827694 0.002112 0.002049 0.000852 0.000082 0.159529 0.007683 1.780520
0.829486 0.002127 0.002057 0.000838 0.000081 0.157728 0.007684 1.780710
0.831278 0.002131 0.002061 0.000839 0.000079 0.155927 0.007686 1.780917
0.832971 0.002152 0.002065 0.000844 0.000077 0.154204 0.007687 1.781126
0.834629 0.002134 0.002074 0.000858 0.000076 0.152541 0.007689 1.781357
0.836319 0.002138 0.002072 0.000865 0.000074 0.150842 0.007690 1.781566
0.837955 0.002164 0.002082 0.000859 0.000074 0.149176 0.007691 1.781771
0.839586 0.002168 0.002100 0.000852 0.000071 0.147532 0.007692 1.781982
0.841170 0.002181 0.002108 0.000852 0.000069 0.145927 0.007693 1.782193
0.842780 0.002189 0.002118 0.000855 0.000067 0.144299 0.007694 1.782408
0.844398 0.002213 0.002103 0.000857 0.000067 0.142668 0.007695 1.782618
0.845896 0.002236 0.002111 0.000859 0.000064 0.141138 0.007696 1.782840
0.847405 0.002229 0.002121 0.000867 0.000062 0.139619 0.007697 1.783074
0.848886 0.002261 0.002120 0.000885 0.000061 0.138090 0.007697 1.783293
0.850336 0.002273 0.002118 0.000882 0.000061 0.136633 0.007698 1.783508
0.851735 0.002277 0.002122 0.000877 0.000061 0.135229 0.007699 1.783731
0.853152 0.002294 0.002132 0.000868 0.000059 0.133795 0.007701 1.783956
0.854610 0.002288 0.002155 0.000864 0.000057 0.132325 0.007702 1.784191
0.855993 0.002307 0.002165 0.000872 0.000057 0.130902 0.007703 1.784421
0.857342 0.002327 0.002173 0.000876 0.000058 0.129520 0.007704 1.784640
0.858670 0.002359 0.002199 0.000867 0.000054 0.128147 0.007705 1.784874
0.859968 0.002383 0.002208 0.000866 0.000054 0.126815 0.007706 1.785103
0.861251 0.002390 0.002224 0.000874 0.000054 0.125500 0.007707 1.785353
0.862540 0.002396 0.002242 0.000875 0.000052 0.124188 0.007707 1.785593
0.863911 0.002382 0.002277 0.000873 0.000051 0.122799 0.007708 1.785847
0.865142 0.002402 0.002280 0.000880 0.000051 0.121535 0.007708 1.786076
0.866320 0.002426 0.002297 0.000876 0.000048 0.120324 0.007710 1.786313
0.867495 0.002461 0.002311 0.000874 0.000049 0.119101 0.007710 1.786544
0.868693 0.002487 0.002305 0.000875 0.000050 0.117880 0.007710 1.786779
0.869829 0.002504 0.002322 0.000889 0.000048 0.116697 0.007711 1.787023
0.870964 0.002549 0.002313 0.000896 0.000046 0.115519 0.007712 1.787251
0.872085 0.002577 0.002320 0.000908 0.000047 0.114351 0.007712 1.787508
0.873171 0.002601 0.002324 0.000922 0.000048 0.113224 0.007712 1.787759
0.874264 0.002624 0.002344 0.000930 0.000050 0.112077 0.007712 1.788009
0.875349 0.002645 0.002342 0.000938 0.000051 0.110964 0.007712 1.788261
0.876428 0.002688 0.002361 0.000945 0.000050 0.109818 0.007713 1.788522
0.877436 0.002701 0.002399 0.000960 0.000049 0.108743 0.007713 1.788800
0.878417 0.002703 0.002432 0.000969 0.000046 0.107719 0.007714 1.789081
0.879433 0.002704 0.002449 0.000983 0.000047 0.106670 0.007714 1.789354
0.880394 0.002715 0.002490 0.000993 0.000046 0.105648 0.007715 1.789634
0.881377 0.002741 0.002508 0.000999 0.000045 0.104616 0.007716 1.789895
0.882345 0.002738 0.002532 0.001004 0.000044 0.103622 0.007717 1.790177
0.883256 0.002761 0.002561 0.001011 0.000043 0.102651 0.007718 1.790461
0.884166 0.002830 0.002586 0.001009 0.000041 0.101650 0.007719 1.790724
0.885082 0.002862 0.002596 0.001007 0.000043 0.100691 0.007719 1.791006
0.885946 0.002890 0.002613 0.001007 0.000044 0.099781 0.007719 1.791286
0.886824 0.002913 0.002639 0.001022 0.000044 0.098839 0.007720 1.791576
0.887700 0.002932 0.002659 0.001042 0.000043 0.097905 0.007720 1.791871
0.888504 0.002974 0.002676 0.001051 0.000041 0.097034 0.007722 1.792153
0.889309 0.003036 0.002671 0.001060 0.000043 0.096161 0.007722 1.792429
0.890124 0.003078 0.002681 0.001058 0.000043 0.095293 0.007723 1.792711
0.890894 0.003126 0.002687 0.001077 0.000044 0.094451 0.007723 1.793003
0.891677 0.003198 0.002707 0.001085 0.000045 0.093565 0.007723 1.793282
0.892502 0.003245 0.002700 0.001088 0.000046 0.092696 0.007723 1.793578
0.893236 0.003284 0.002724 0.001111 0.000045 0.091876 0.007725 1.793888
0.893959 0.003307 0.002764 0.001114 0.000048 0.091083 0.007725 1.794209
0.894647 0.003351 0.002800 0.001125 0.000049 0.090304 0.007725 1.794524
0.895392 0.003358 0.002853 0.001148 0.000050 0.089475 0.007726 1.794874
0.896107 0.003402 0.002897 0.001154 0.000047 0.088667 0.007727 1.795195
0.896840 0.003403 0.002945 0.001172 0.000046 0.087868 0.007727 1.795548
0.897512 0.003469 0.002954 0.001179 0.000046 0.087114 0.007727 1.795863
0.898143 0.003492 0.002985 0.001207 0.000046 0.086399 0.007728 1.796206
0.898760 0.003547 0.002993 0.001218 0.000047 0.085707 0.007728 1.796541
0.899356 0.003610 0.003019 0.001228 0.000045 0.085014 0.007728 1.796876
0.899980 0.003676 0.003025 0.001245 0.000045 0.084301 0.007728 1.797205
0.900583 0.003685 0.003070 0.001275 0.000045 0.083613 0.007728 1.797587
0.901193 0.003724 0.003100 0.001285 0.000043 0.082927 0.007729 1.797951
0.901747 0.003769 0.003134 0.001302 0.000044 0.082277 0.007730 1.798321
0.902326 0.003782 0.003167 0.001315 0.000046 0.081634 0.007730 1.798691
0.902917 0.003838 0.003192 0.001327 0.000045 0.080951 0.007730 1.799058
0.903511 0.003883 0.003213 0.001316 0.000044 0.080303 0.007731 1.799411
0.904059 0.003899 0.003262 0.001326 0.000047 0.079678 0.007731 1.799806
0.904599 0.003933 0.003281 0.001353 0.000048 0.079055 0.007731 1.800187
0.905066 0.003985 0.003318 0.001361 0.000050 0.078487 0.007732 1.800582
0.905579 0.003982 0.003382 0.001364 0.000053 0.077908 0.007732 1.801000
0.906069 0.004005 0.003422 0.001385 0.000052 0.077333 0.007733 1.801398
0.906575 0.004017 0.003476 0.001414 0.000055 0.076730 0.007733 1.801809
0.907061 0.004058 0.003507 0.001434 0.000054 0.076153 0.007733 1.802203
0.907546 0.004126 0.003529 0.001446 0.000054 0.075566 0.007734 1.802581
0.907952 0.004165 0.003555 0.001442 0.000054 0.075098 0.007735 1.802991
0.908371 0.004187 0.003594 0.001470 0.000055 0.074587 0.007736 1.803415
0.908788 0.004200 0.003621 0.001482 0.000055 0.074119 0.007736 1.803829
0.909245 0.004243 0.003653 0.001497 0.000055 0.073571 0.007737 1.804220
0.909670 0.004290 0.003702 0.001501 0.000056 0.073042 0.007737 1.804648
0.910066 0.004314 0.003740 0.001524 0.000055 0.072565 0.007737 1.805075
0.910434 0.004332 0.003794 0.001554 0.000056 0.072092 0.007738 1.805534
0.910794 0.004333 0.003822 0.001589 0.000056 0.071669 0.007738 1.805985
0.911130 0.004392 0.003873 0.001598 0.000056 0.071212 0.007739 1.806413
0.911469 0.004428 0.003883 0.001600 0.000056 0.070825 0.007739 1.806846
0.911828 0.004459 0.003915 0.001636 0.000055 0.070366 0.007740 1.807297
0.912156 0.004511 0.003945 0.001635 0.000056 0.069957 0.007741 1.807736
0.912510 0.004550 0.003968 0.001656 0.000056 0.069519 0.007742 1.808180
0.912832 0.004612 0.003999 0.001661 0.000053 0.069101 0.007743 1.808606
0.913141 0.004650 0.004036 0.001676 0.000055 0.068700 0.007743 1.809065
0.913463 0.004666 0.004084 0.001718 0.000052 0.068272 0.007744 1.809529
0.913765 0.004672 0.004114 0.001753 0.000055 0.067896 0.007744 1.809998
0.914065 0.004701 0.004142 0.001776 0.000058 0.067514 0.007745 1.810473
0.914398 0.004722 0.004203 0.001769 0.000056 0.067107 0.007745 1.810936
0.914670 0.004781 0.004229 0.001777 0.000059 0.066738 0.007746 1.811411
0.914953 0.004809 0.004260 0.001787 0.000059 0.066387 0.007747 1.811876
0.915182 0.004847 0.004284 0.001810 0.000060 0.066068 0.007748 1.812353
0.915389 0.004913 0.004287 0.001832 0.000061 0.065771 0.007748 1.812818
0.915644 0.004942 0.004312 0.001843 0.000064 0.065447 0.007748 1.813295
0.915798 0.005020 0.004355 0.001840 0.000062 0.065176 0.007749 1.813775
0.915996 0.005065 0.004383 0.001873 0.000062 0.064871 0.007750 1.814273
0.916239 0.005097 0.004431 0.001895 0.000062 0.064526 0.007750 1.814779
0.916377 0.005175 0.004469 0.001896 0.000064 0.064269 0.007750 1.815282
0.916581 0.005200 0.004551 0.001902 0.000064 0.063952 0.007751 1.815806
0.916741 0.005268 0.004605 0.001904 0.000065 0.063665 0.007752 1.816305
0.916899 0.005248 0.004660 0.001920 0.000067 0.063454 0.007752 1.816866
0.917097 0.005290 0.004701 0.001924 0.000067 0.063167 0.007753 1.817374
0.917269 0.005329 0.004744 0.001921 0.000069 0.062913 0.007754 1.817891
0.917384 0.005395 0.004808 0.001930 0.000065 0.062663 0.007755 1.818423
0.917522 0.005444 0.004849 0.001956 0.000065 0.062408 0.007756 1.818928
0.917636 0.005488 0.004890 0.001968 0.000066 0.062196 0.007757 1.819469
0.917753 0.005533 0.004925 0.001985 0.000066 0.061980 0.007758 1.819997
0.917882 0.005542 0.004936 0.002014 0.000065 0.061801 0.007760 1.820542
0.917984 0.005614 0.004950 0.002028 0.000064 0.061600 0.007760 1.821065
0.918071 0.005667 0.004988 0.002017 0.000066 0.061431 0.007761 1.821621
0.918218 0.005675 0.005009 0.002049 0.000065 0.061223 0.007762 1.822176
0.918336 0.005669 0.005047 0.002071 0.000065 0.061050 0.007762 1.822763
0.918429 0.005713 0.005073 0.002092 0.000066 0.060866 0.007762 1.823327
0.918514 0.005745 0.005096 0.002129 0.000068 0.060686 0.007763 1.823883
0.918616 0.005796 0.005123 0.002148 0.000069 0.060484 0.007763 1.824433
0.918739 0.005819 0.005161 0.002153 0.000071 0.060294 0.007764 1.825012
0.918809 0.005885 0.005187 0.002149 0.000072 0.060135 0.007764 1.825571
0.918878 0.005922 0.005234 0.002165 0.000075 0.059962 0.007764 1.826139
0.918966 0.005954 0.005279 0.002170 0.000079 0.059786 0.007765 1.826729
0.919022 0.005988 0.005314 0.002190 0.000082 0.059640 0.007765 1.827316
0.919071 0.006016 0.005358 0.002199 0.000086 0.059506 0.007765 1.827914
0.919097 0.006059 0.005402 0.002185 0.000085 0.059407 0.007766 1.828500
0.919126 0.006104 0.005438 0.002197 0.000085 0.059285 0.007766 1.829073
0.919173 0.006141 0.005476 0.002197 0.000082 0.059162 0.007768 1.829657
0.919205 0.006187 0.005509 0.002197 0.000081 0.059051 0.007770 1.830247
0.919251 0.006197 0.005547 0.002219 0.000082 0.058934 0.007771 1.830862
0.919269 0.006235 0.005581 0.002233 0.000085 0.058826 0.007772 1.831480
0.919272 0.006322 0.005588 0.002227 0.000086 0.058731 0.007774 1.832045
0.919294 0.006369 0.005641 0.002218 0.000086 0.058616 0.007776 1.832661
0.919295 0.006431 0.005684 0.002236 0.000086 0.058490 0.007777 1.833274
0.919295 0.006469 0.005733 0.002258 0.000084 0.058383 0.007778 1.833897
0.919278 0.006502 0.005757 0.002286 0.000084 0.058314 0.007780 1.834534
0.919236 0.006569 0.005798 0.002291 0.000082 0.058243 0.007781 1.835170
0.919244 0.006541 0.005838 0.002316 0.000082 0.058199 0.007782 1.835821
0.919220 0.006576 0.005868 0.002335 0.000083 0.058136 0.007783 1.836453
0.919174 0.006581 0.005927 0.002367 0.000085 0.058082 0.007783 1.837117
0.919176 0.006637 0.005954 0.002370 0.000087 0.057991 0.007785 1.837748
0.919187 0.006668 0.005974 0.002377 0.000088 0.057922 0.007785 1.838383
0.919145 0.006741 0.006010 0.002405 0.000087 0.057826 0.007786 1.839009
0.919129 0.006758 0.006040 0.002408 0.000088 0.057791 0.007787 1.839657
0.919095 0.006751 0.006061 0.002452 0.000093 0.057762 0.007787 1.840340
0.919029 0.006829 0.006089 0.002442 0.000095 0.057729 0.007787 1.840980
0.919026 0.006834 0.006134 0.002460 0.000094 0.057665 0.007787 1.841649
0.918977 0.006857 0.006153 0.002474 0.000096 0.057654 0.007789 1.842312
0.918973 0.006854 0.006206 0.002480 0.000095 0.057603 0.007789 1.842989
0.918938 0.006896 0.006250 0.002489 0.000095 0.057542 0.007790 1.843647
0.918911 0.006938 0.006257 0.002491 0.000096 0.057517 0.007790 1.844290
0.918869 0.006949 0.006270 0.002519 0.000098 0.057504 0.007791 1.844965
0.918822 0.006998 0.006295 0.002534 0.000098 0.057461 0.007793 1.845636
0.918761 0.006991 0.006348 0.002573 0.000100 0.057433 0.007794 1.846366
0.918709 0.006992 0.006382 0.002583 0.000100 0.057438 0.007795 1.847056
0.918673 0.007031 0.006392 0.002587 0.000102 0.057418 0.007795 1.847702
0.918594 0.007068 0.006446 0.002595 0.000100 0.057400 0.007796 1.848385
0.918529 0.007065 0.006499 0.002607 0.000098 0.057406 0.007797 1.849082
0.918505 0.007055 0.006546 0.002621 0.000100 0.057375 0.007797 1.849776
0.918458 0.007039 0.006593 0.002632 0.000100 0.057380 0.007798 1.850498
0.918403 0.007064 0.006600 0.002654 0.000102 0.057378 0.007799 1.851176
0.918348 0.007032 0.006627 0.002688 0.000105 0.057400 0.007799 1.851911
0.918239 0.007069 0.006647 0.002705 0.000104 0.057436 0.007801 1.852605
0.918195 0.007117 0.006667 0.002702 0.000105 0.057412 0.007802 1.853278
0.918135 0.007099 0.006729 0.002704 0.000109 0.057420 0.007805 1.854000
0.918041 0.007127 0.006732 0.002727 0.000110 0.057458 0.007805 1.854708
0.917952 0.007165 0.006749 0.002743 0.000109 0.057478 0.007805 1.855411
0.917870 0.007152 0.006735 0.002768 0.000110 0.057559 0.007806 1.856140
0.917786 0.007202 0.006731 0.002758 0.000110 0.057606 0.007807 1.856814
0.917712 0.007217 0.006760 0.002763 0.000111 0.057630 0.007808 1.857514
0.917664 0.007234 0.006774 0.002764 0.000114 0.057642 0.007808 1.858210
0.917606 0.007247 0.006784 0.002759 0.000117 0.057677 0.007809 1.858901
0.917545 0.007258 0.006783 0.002765 0.000118 0.057719 0.007811 1.859596
0.917443 0.007282 0.006834 0.002758 0.000120 0.057751 0.007813 1.860309
0.917367 0.007256 0.006860 0.002775 0.000116 0.057811 0.007814 1.861055
0.917333 0.007274 0.006886 0.002774 0.000117 0.057800 0.007815 1.861751
0.917228 0.007308 0.006897 0.002782 0.000114 0.057855 0.007816 1.862457
0.917156 0.007347 0.006922 0.002783 0.000116 0.057858 0.007817 1.863161
0.917071 0.007354 0.006974 0.002801 0.000116 0.057866 0.007818 1.863902
0.916974 0.007401 0.006995 0.002798 0.000115 0.057897 0.007819 1.864609
0.916898 0.007430 0.006988 0.002810 0.000118 0.057937 0.007819 1.865328
0.916818 0.007405 0.006986 0.002817 0.000118 0.058036 0.007821 1.866062
0.916749 0.007403 0.007001 0.002822 0.000120 0.058082 0.007822 1.866788
0.916671 0.007412 0.007001 0.002860 0.000122 0.058110 0.007823 1.867535
0.916584 0.007418 0.007001 0.002875 0.000120 0.058175 0.007826 1.868264
0.916516 0.007396 0.007020 0.002888 0.000121 0.058231 0.007827 1.869011
0.916403 0.007418 0.007048 0.002916 0.000121 0.058264 0.007830 1.869749
0.916312 0.007436 0.007061 0.002905 0.000118 0.058337 0.007831 1.870463
0.916205 0.007458 0.007123 0.002907 0.000117 0.058358 0.007833 1.871186
0.916070 0.007540 0.007097 0.002911 0.000118 0.058431 0.007834 1.871884
0.916000 0.007521 0.007111 0.002913 0.000115 0.058506 0.007835 1.872632
0.915888 0.007570 0.007151 0.002936 0.000112 0.058505 0.007838 1.873368
0.915807 0.007525 0.007172 0.002959 0.000110 0.058588 0.007839 1.874155
0.915743 0.007474 0.007196 0.002962 0.000109 0.058676 0.007839 1.874915
0.915649 0.007445 0.007220 0.002992 0.000109 0.058744 0.007840 1.875693
0.915633 0.007411 0.007200 0.003004 0.000107 0.058803 0.007840 1.876420
0.915569 0.007439 0.007169 0.002998 0.000106 0.058877 0.007842 1.877122
0.915525 0.007465 0.007148 0.003001 0.000108 0.058912 0.007842 1.877824
0.915498 0.007464 0.007167 0.002990 0.000107 0.058930 0.007843 1.878540
0.915423 0.007426 0.007177 0.002998 0.000108 0.059022 0.007846 1.879296
0.915375 0.007439 0.007183 0.002973 0.000107 0.059076 0.007847 1.880019
0.915316 0.007430 0.007199 0.002960 0.000108 0.059139 0.007847 1.880760
0.915244 0.007465 0.007155 0.002967 0.000105 0.059215 0.007849 1.881466
0.915209 0.007451 0.007153 0.003001 0.000102 0.059233 0.007851 1.882202
0.915144 0.007494 0.007131 0.002966 0.000107 0.059307 0.007852 1.882911
0.915058 0.007501 0.007144 0.002959 0.000107 0.059380 0.007853 1.883639
0.914932 0.007522 0.007148 0.002953 0.000105 0.059487 0.007854 1.884378
0.914912 0.007529 0.007134 0.002938 0.000105 0.059527 0.007855 1.885091
0.914880 0.007507 0.007148 0.002921 0.000105 0.059584 0.007856 1.885822
0.914824 0.007505 0.007152 0.002905 0.000107 0.059651 0.007857 1.886550
0.914786 0.007480 0.007152 0.002893 0.000105 0.059726 0.007858 1.887285
0.914776 0.007473 0.007140 0.002880 0.000106 0.059766 0.007859 1.887989
0.914723 0.007455 0.007121 0.002883 0.000111 0.059846 0.007861 1.888714
0.914662 0.007476 0.007145 0.002869 0.000111 0.059876 0.007863 1.889427
0.914642 0.007433 0.007148 0.002877 0.000111 0.059925 0.007864 1.890171
0.914585 0.007371 0.007180 0.002910 0.000108 0.059979 0.007866 1.890924
0.914489 0.007352 0.007209 0.002903 0.000108 0.060071 0.007867 1.891668
0.914518 0.007321 0.007219 0.002890 0.000111 0.060073 0.007869 1.892392
0.914485 0.007305 0.007279 0.002878 0.000113 0.060069 0.007869 1.893138
0.914417 0.007301 0.007321 0.002866 0.000111 0.060114 0.007870 1.893868
0.914356 0.007306 0.007306 0.002868 0.000112 0.060180 0.007871 1.894587
0.914336 0.007310 0.007316 0.002856 0.000116 0.060195 0.007871 1.895301
0.914313 0.007315 0.007330 0.002853 0.000115 0.060203 0.007872 1.896012
0.914291 0.007254 0.007369 0.002884 0.000118 0.060210 0.007873 1.896776
0.914231 0.007256 0.007336 0.002871 0.000114 0.060316 0.007876 1.897476
0.914191 0.007230 0.007321 0.002872 0.000112 0.060394 0.007878 1.898202
0.914170 0.007228 0.007287 0.002879 0.000114 0.060442 0.007879 1.898908
0.914188 0.007239 0.007234 0.002891 0.000116 0.060452 0.007880 1.899572
0.914165 0.007231 0.007199 0.002870 0.000116 0.060538 0.007880 1.900283
0.914181 0.007207 0.007199 0.002886 0.000115 0.060532 0.007882 1.900996
0.914138 0.007205 0.007193 0.002878 0.000116 0.060588 0.007884 1.901715
0.914119 0.007148 0.007221 0.002865 0.000117 0.060646 0.007884 1.902448
0.914092 0.007147 0.007219 0.002864 0.000118 0.060675 0.007885 1.903145
0.914107 0.007127 0.007202 0.002843 0.000120 0.060715 0.007885 1.903833
0.914070 0.007115 0.007198 0.002850 0.000123 0.060757 0.007888 1.904555
0.914128 0.007064 0.007192 0.002857 0.000125 0.060747 0.007888 1.905264
0.914117 0.007064 0.007181 0.002860 0.000122 0.060765 0.007890 1.905963
0.914187 0.007006 0.007189 0.002839 0.000120 0.060766 0.007893 1.906668
0.914160 0.007028 0.007175 0.002836 0.000122 0.060784 0.007894 1.907344
0.914164 0.007009 0.007144 0.002817 0.000122 0.060850 0.007894 1.908042
0.914175 0.007017 0.007120 0.002811 0.000120 0.060861 0.007896 1.908720
0.914202 0.006999 0.007113 0.002813 0.000117 0.060857 0.007899 1.909407
0.914223 0.006990 0.007096 0.002802 0.000118 0.060872 0.007899 1.910077
0.914208 0.007003 0.007073 0.002801 0.000118 0.060898 0.007899 1.910747
0.914290 0.006973 0.007044 0.002796 0.000121 0.060875 0.007899 1.911415
0.914230 0.006990 0.007027 0.002793 0.000120 0.060938 0.007901 1.912119
0.914259 0.007005 0.006957 0.002787 0.000119 0.060971 0.007902 1.912775
0.914257 0.007006 0.006941 0.002792 0.000119 0.060980 0.007904 1.913456
0.914281 0.007023 0.006941 0.002788 0.000120 0.060942 0.007905 1.914137
0.914307 0.007012 0.006958 0.002797 0.000116 0.060903 0.007906 1.914843
0.914318 0.006985 0.006922 0.002826 0.000118 0.060925 0.007906 1.915535
0.914319 0.006955 0.006929 0.002842 0.000120 0.060928 0.007907 1.916244
0.914345 0.006961 0.006941 0.002837 0.000117 0.060890 0.007909 1.916906
0.914407 0.006904 0.006935 0.002841 0.000114 0.060891 0.007910 1.917599
0.914481 0.006875 0.006947 0.002785 0.000112 0.060890 0.007911 1.918272
0.914552 0.006833 0.006915 0.002797 0.000115 0.060875 0.007913 1.918948
0.914555 0.006866 0.006916 0.002787 0.000117 0.060846 0.007914 1.919603
0.914620 0.006833 0.006903 0.002774 0.000119 0.060836 0.007916 1.920273
0.914680 0.006826 0.006886 0.002757 0.000121 0.060814 0.007917 1.920932
0.914729 0.006811 0.006853 0.002753 0.000120 0.060817 0.007918 1.921594
0.914763 0.006803 0.006845 0.002742 0.000125 0.060805 0.007919 1.922248
0.914785 0.006804 0.006858 0.002747 0.000123 0.060762 0.007921 1.922921
0.914849 0.006764 0.006813 0.002749 0.000123 0.060782 0.007921 1.923587
0.914858 0.006744 0.006823 0.002748 0.000123 0.060781 0.007922 1.924261
0.914901 0.006732 0.006808 0.002767 0.000120 0.060748 0.007924 1.924931
0.914973 0.006672 0.006816 0.002757 0.000120 0.060737 0.007925 1.925622
0.915025 0.006663 0.006782 0.002755 0.000118 0.060732 0.007926 1.926271
0.915078 0.006612 0.006769 0.002734 0.000115 0.060766 0.007926 1.926944
0.915115 0.006617 0.006742 0.002723 0.000115 0.060759 0.007929 1.927594
0.915140 0.006595 0.006761 0.002728 0.000114 0.060732 0.007931 1.928263
0.915181 0.006558 0.006735 0.002740 0.000115 0.060739 0.007932 1.928917
0.915209 0.006572 0.006710 0.002726 0.000116 0.060733 0.007933 1.929554
0.915253 0.006574 0.006671 0.002709 0.000115 0.060744 0.007934 1.930186
0.915299 0.006564 0.006649 0.002714 0.000116 0.060723 0.007935 1.930846
0.915331 0.006541 0.006641 0.002690 0.000119 0.060742 0.007935 1.931485
0.915389 0.006543 0.006614 0.002663 0.000118 0.060737 0.007937 1.932127
0.915443 0.006581 0.006596 0.002630 0.000119 0.060695 0.007937 1.932725
0.915468 0.006585 0.006577 0.002652 0.000119 0.060663 0.007937 1.933390
0.915517 0.006602 0.006542 0.002640 0.000121 0.060641 0.007938 1.934011
0.915567 0.006540 0.006577 0.002633 0.000120 0.060622 0.007940 1.934682
0.915570 0.006548 0.006605 0.002637 0.000120 0.060579 0.007942 1.935332
0.915625 0.006515 0.006594 0.002644 0.000116 0.060563 0.007943 1.935986
0.915716 0.006508 0.006599 0.002641 0.000116 0.060475 0.007945 1.936630
0.915795 0.006488 0.006583 0.002621 0.000114 0.060450 0.007948 1.937268
0.915858 0.006530 0.006560 0.002601 0.000113 0.060390 0.007948 1.937878
0.915922 0.006564 0.006503 0.002581 0.000111 0.060368 0.007951 1.938485
0.915960 0.006559 0.006505 0.002577 0.000113 0.060335 0.007951 1.939130
0.915985 0.006583 0.006521 0.002573 0.000111 0.060275 0.007953 1.939757
0.916018 0.006574 0.006520 0.002587 0.000110 0.060239 0.007953 1.940413
0.916079 0.006563 0.006515 0.002603 0.000109 0.060177 0.007954 1.941072
0.916108 0.006570 0.006510 0.002600 0.000106 0.060150 0.007956 1.941716
0.916188 0.006553 0.006513 0.002589 0.000105 0.060095 0.007958 1.942357
0.916273 0.006541 0.006482 0.002587 0.000104 0.060053 0.007959 1.943002
0.916281 0.006534 0.006461 0.002588 0.000107 0.060069 0.007959 1.943649
0.916328 0.006517 0.006448 0.002579 0.000109 0.060057 0.007961 1.944286
0.916382 0.006471 0.006464 0.002574 0.000109 0.060039 0.007963 1.944941
0.916432 0.006486 0.006434 0.002572 0.000108 0.060005 0.007963 1.945552
0.916509 0.006483 0.006425 0.002599 0.000104 0.059916 0.007965 1.946186
0.916538 0.006479 0.006437 0.002588 0.000106 0.059886 0.007966 1.946825
0.916577 0.006434 0.006453 0.002595 0.000104 0.059869 0.007968 1.947495
0.916634 0.006377 0.006456 0.002596 0.000101 0.059865 0.007970 1.948147
0.916671 0.006343 0.006477 0.002594 0.000099 0.059846 0.007970 1.948804
0.916718 0.006346 0.006446 0.002586 0.000099 0.059833 0.007972 1.949411
0.916785 0.006339 0.006418 0.002577 0.000098 0.059811 0.007973 1.950032
0.916832 0.006324 0.006428 0.002566 0.000099 0.059777 0.007975 1.950664
0.916870 0.006329 0.006412 0.002567 0.000099 0.059747 0.007976 1.951303
0.916903 0.006351 0.006396 0.002571 0.000100 0.059701 0.007978 1.951923
0.916938 0.006358 0.006393 0.002569 0.000101 0.059661 0.007979 1.952530
0.916980 0.006308 0.006428 0.002575 0.000100 0.059631 0.007979 1.953183
0.917005 0.006294 0.006403 0.002569 0.000100 0.059649 0.007980 1.953813
0.917048 0.006267 0.006437 0.002572 0.000098 0.059596 0.007982 1.954473
0.917142 0.006267 0.006430 0.002563 0.000098 0.059515 0.007983 1.955082
0.917163 0.006267 0.006410 0.002559 0.000102 0.059514 0.007984 1.955701
0.917254 0.006283 0.006361 0.002561 0.000103 0.059454 0.007984 1.956298
0.917310 0.006286 0.006354 0.002560 0.000102 0.059403 0.007985 1.956918
0.917362 0.006268 0.006361 0.002531 0.000100 0.059394 0.007985 1.957541
0.917463 0.006196 0.006332 0.002516 0.000101 0.059407 0.007986 1.958160
0.917488 0.006237 0.006346 0.002510 0.000102 0.059330 0.007986 1.958766
0.917588 0.006247 0.006303 0.002499 0.000101 0.059273 0.007988 1.959368
0.917641 0.006245 0.006339 0.002483 0.000102 0.059201 0.007990 1.960003
0.917688 0.006270 0.006312 0.002492 0.000103 0.059145 0.007990 1.960613
0.917699 0.006293 0.006305 0.002479 0.000102 0.059131 0.007991 1.961209
0.917759 0.006275 0.006273 0.002479 0.000102 0.059118 0.007993 1.961810
0.917802 0.006297 0.006230 0.002493 0.000099 0.059086 0.007995 1.962412
0.917888 0.006289 0.006241 0.002494 0.000099 0.058991 0.007996 1.963015
0.917959 0.006253 0.006209 0.002501 0.000099 0.058983 0.007997 1.963640
0.918045 0.006221 0.006216 0.002499 0.000099 0.058922 0.007998 1.964259
0.918105 0.006236 0.006169 0.002491 0.000102 0.058900 0.007998 1.964853
0.918167 0.006221 0.006158 0.002478 0.000102 0.058875 0.007998 1.965456
0.918238 0.006185 0.006148 0.002479 0.000103 0.058848 0.007999 1.966067
0.918271 0.006208 0.006139 0.002487 0.000101 0.058793 0.008001 1.966680
0.918300 0.006242 0.006099 0.002476 0.000102 0.058779 0.008003 1.967259
0.918337 0.006266 0.006100 0.002476 0.000105 0.058714 0.008003 1.967865
0.918408 0.006261 0.006105 0.002458 0.000103 0.058661 0.008005 1.968473
0.918476 0.006229 0.006100 0.002461 0.000104 0.058623 0.008007 1.969106
0.918519 0.006255 0.006082 0.002461 0.000103 0.058573 0.008008 1.969706
0.918573 0.006243 0.006088 0.002452 0.000104 0.058531 0.008009 1.970314
0.918660 0.006236 0.006101 0.002445 0.000105 0.058444 0.008010 1.970929
0.918692 0.006251 0.006096 0.002439 0.000105 0.058407 0.008010 1.971525
0.918739 0.006226 0.006096 0.002449 0.000105 0.058373 0.008012 1.972150
0.918781 0.006183 0.006108 0.002473 0.000105 0.058339 0.008013 1.972787
0.918846 0.006211 0.006097 0.002455 0.000105 0.058271 0.008015 1.973373
0.918922 0.006150 0.006133 0.002459 0.000105 0.058217 0.008015 1.974025
0.918979 0.006112 0.006112 0.002460 0.000104 0.058219 0.008016 1.974650
0.919008 0.006167 0.006076 0.002449 0.000103 0.058181 0.008016 1.975219
0.919084 0.006148 0.006074 0.002447 0.000099 0.058131 0.008018 1.975823
0.919148 0.006133 0.006089 0.002449 0.000098 0.058064 0.008019 1.976427
0.919175 0.006148 0.006088 0.002432 0.000097 0.058038 0.008021 1.977034
0.919215 0.006174 0.006062 0.002428 0.000096 0.058004 0.008021 1.977621
0.919278 0.006134 0.006101 0.002425 0.000098 0.057943 0.008022 1.978251
0.919343 0.006091 0.006095 0.002403 0.000099 0.057949 0.008022 1.978864
0.919408 0.006096 0.006089 0.002402 0.000097 0.057885 0.008024 1.979452
0.919455 0.006149 0.006052 0.002398 0.000095 0.057825 0.008026 1.980021
0.919546 0.006135 0.006045 0.002386 0.000096 0.057764 0.008027 1.980616
0.919624 0.006154 0.006026 0.002374 0.000095 0.057699 0.008028 1.981179
0.919724 0.006132 0.006022 0.002378 0.000095 0.057621 0.008029 1.981771
0.919787 0.006149 0.006031 0.002368 0.000094 0.057538 0.008031 1.982368
0.919866 0.006120 0.006023 0.002373 0.000094 0.057493 0.008033 1.982977
0.919883 0.006128 0.006020 0.002373 0.000095 0.057467 0.008034 1.983583
0.919949 0.006098 0.006010 0.002379 0.000095 0.057435 0.008035 1.984207
0.920009 0.006108 0.006018 0.002355 0.000095 0.057378 0.008037 1.984786
0.920036 0.006129 0.005984 0.002361 0.000093 0.057360 0.008038 1.985374
0.920115 0.006132 0.005953 0.002339 0.000092 0.057331 0.008039 1.985935
0.920149 0.006114 0.006002 0.002321 0.000092 0.057284 0.008039 1.986563
0.920184 0.006120 0.006014 0.002310 0.000093 0.057239 0.008041 1.987148
0.920265 0.006134 0.005981 0.002308 0.000091 0.057178 0.008043 1.987717
0.920313 0.006105 0.005969 0.002320 0.000092 0.057158 0.008043 1.988321
0.920380 0.006088 0.005938 0.002338 0.000090 0.057122 0.008044 1.988913
0.920497 0.006028 0.005951 0.002358 0.000094 0.057030 0.008044 1.989523
0.920513 0.006021 0.005964 0.002364 0.000092 0.057002 0.008046 1.990138
0.920556 0.006014 0.005968 0.002369 0.000090 0.056953 0.008049 1.990740
0.920605 0.006060 0.005928 0.002357 0.000093 0.056906 0.008051 1.991301
0.920633 0.006056 0.005929 0.002372 0.000089 0.056869 0.008053 1.991908
0.920688 0.006025 0.005913 0.002382 0.000088 0.056851 0.008053 1.992494
0.920744 0.006018 0.005904 0.002383 0.000087 0.056811 0.008053 1.993093
0.920756 0.006018 0.005944 0.002391 0.000087 0.056748 0.008055 1.993692
0.920764 0.005998 0.005949 0.002395 0.000089 0.056751 0.008055 1.994318
0.920813 0.006006 0.005940 0.002401 0.000088 0.056696 0.008056 1.994892
0.920875 0.005973 0.005944 0.002380 0.000087 0.056683 0.008058 1.995481
0.920906 0.006016 0.005920 0.002354 0.000090 0.056655 0.008059 1.996030
0.920914 0.006024 0.005915 0.002375 0.000091 0.056621 0.008060 1.996628
0.920982 0.006068 0.005892 0.002363 0.000094 0.056542 0.008060 1.997183
0.921012 0.006051 0.005901 0.002363 0.000091 0.056522 0.008062 1.997788
0.921062 0.006066 0.005912 0.002369 0.000090 0.056438 0.008064 1.998388
0.921111 0.006051 0.005889 0.002351 0.000089 0.056445 0.008064 1.998974
0.921151 0.006073 0.005892 0.002357 0.000091 0.056370 0.008065 1.999561
0.921248 0.006031 0.005906 0.002363 0.000091 0.056298 0.008065 2.000160
0.921277 0.006046 0.005875 0.002367 0.000089 0.056280 0.008066 2.000738
0.921334 0.006062 0.005851 0.002361 0.000094 0.056231 0.008067 2.001319
0.921368 0.006060 0.005833 0.002391 0.000093 0.056187 0.008069 2.001919
0.921401 0.006029 0.005871 0.002384 0.000092 0.056152 0.008071 2.002528
0.921411 0.006038 0.005885 0.002368 0.000091 0.056135 0.008071 2.003109
0.921430 0.006034 0.005884 0.002364 0.000090 0.056127 0.008072 2.003710
0.921455 0.006013 0.005925 0.002377 0.000089 0.056068 0.008073 2.004329
0.921513 0.006013 0.005932 0.002357 0.000090 0.056022 0.008074 2.004915
0.921553 0.006007 0.005930 0.002362 0.000092 0.055981 0.008076 2.005501
0.921625 0.005997 0.005914 0.002371 0.000092 0.055925 0.008076 2.006071
0.921668 0.005950 0.005946 0.002399 0.000094 0.055867 0.008077 2.006687
0.921690 0.006009 0.005879 0.002377 0.000090 0.055875 0.008079 2.007234
0.921725 0.006007 0.005889 0.002382 0.000087 0.055828 0.008081 2.007828
0.921729 0.006045 0.005878 0.002375 0.000086 0.055804 0.008083 2.008423
0.921768 0.006044 0.005899 0.002363 0.000088 0.055756 0.008083 2.009013
0.921836 0.006042 0.005910 0.002347 0.000088 0.055694 0.008084 2.009590
0.921903 0.006023 0.005915 0.002350 0.000091 0.055635 0.008084 2.010181
0.921886 0.006054 0.005919 0.002329 0.000094 0.055632 0.008085 2.010760
0.921874 0.006062 0.005930 0.002353 0.000095 0.055600 0.008085 2.011376
0.921844 0.006098 0.005912 0.002335 0.000093 0.055631 0.008086 2.011957
0.921875 0.006091 0.005937 0.002325 0.000094 0.055591 0.008087 2.012566
0.921896 0.006100 0.005951 0.002298 0.000093 0.055575 0.008088 2.013149
0.921938 0.006073 0.005959 0.002304 0.000093 0.055545 0.008088 2.013753
0.921964 0.006096 0.005941 0.002300 0.000094 0.055516 0.008090 2.014335
0.921939 0.006089 0.005986 0.002324 0.000094 0.055478 0.008090 2.014950
0.921929 0.006125 0.005957 0.002316 0.000095 0.055487 0.008091 2.015540
0.921928 0.006137 0.005975 0.002318 0.000096 0.055454 0.008092 2.016161
0.921915 0.006170 0.005964 0.002322 0.000095 0.055441 0.008092 2.016755
0.921876 0.006190 0.005983 0.002358 0.000095 0.055405 0.008093 2.017378
0.921877 0.006191 0.005999 0.002365 0.000092 0.055381 0.008095 2.017981
0.921919 0.006218 0.005996 0.002371 0.000094 0.055307 0.008095 2.018572
0.921969 0.006179 0.006006 0.002390 0.000094 0.055265 0.008097 2.019214
