0.999811 0.000146 0.000030 0.000013 0.000000 0.000000 0.000000
0.999716 0.000210 0.000028 0.000009 0.000000 0.000036 0.000000
0.999381 0.000513 0.000060 0.000022 0.000000 0.000025 0.000000
0.998896 0.000933 0.000101 0.000044 0.000000 0.000025 0.000000
0.998399 0.001325 0.000174 0.000072 0.000000 0.000031 0.000000
0.997328 0.002181 0.000313 0.000136 0.000000 0.000042 0.000000
0.995804 0.003422 0.000503 0.000214 0.000001 0.000056 0.000000
0.993236 0.005492 0.000778 0.000372 0.000000 0.000122 0.000000
0.989954 0.008021 0.001175 0.000576 0.000000 0.000274 0.000000
0.985557 0.011460 0.001692 0.000878 0.000002 0.000410 0.000000
0.980077 0.015792 0.002313 0.001214 0.000002 0.000602 0.000000
0.972174 0.021881 0.003333 0.001710 0.000003 0.000899 0.000000
0.961912 0.029722 0.004672 0.002391 0.000004 0.001299 0.000000
0.948824 0.039621 0.006351 0.003306 0.000004 0.001895 0.000000
0.933674 0.050976 0.008375 0.004426 0.000003 0.002545 0.000000
0.915409 0.064322 0.011107 0.005794 0.000005 0.003362 0.000000
0.895088 0.078704 0.014337 0.007361 0.000011 0.004499 0.000000
0.872930 0.093912 0.018021 0.009188 0.000021 0.005928 0.000000
0.849802 0.109076 0.022123 0.011278 0.000029 0.007691 0.000000
0.827610 0.122815 0.026380 0.013563 0.000027 0.009605 0.000000
0.805338 0.135781 0.030980 0.015957 0.000037 0.011908 0.000000
0.781833 0.148964 0.036004 0.018569 0.000050 0.014579 0.000000
0.759806 0.160612 0.040893 0.021269 0.000059 0.017360 0.000000
0.737876 0.171236 0.046263 0.023909 0.000073 0.020642 0.000000
0.713841 0.182048 0.052294 0.027151 0.000091 0.024574 0.000001
0.694546 0.189503 0.057462 0.029935 0.000104 0.028449 0.000001
0.672082 0.197545 0.063637 0.033241 0.000128 0.033364 0.000003
0.652531 0.203621 0.069031 0.036205 0.000146 0.038464 0.000003
0.633329 0.208497 0.074513 0.039222 0.000166 0.044269 0.000004
0.614885 0.212070 0.080216 0.042219 0.000183 0.050420 0.000006
0.597099 0.214799 0.085781 0.045089 0.000218 0.057006 0.000006
0.581206 0.216349 0.090738 0.047750 0.000238 0.063713 0.000006
0.564267 0.218332 0.095551 0.050426 0.000264 0.071153 0.000008
0.547359 0.218887 0.100904 0.053116 0.000289 0.079436 0.000009
0.530491 0.219000 0.106132 0.055828 0.000326 0.088215 0.000009
0.515381 0.217957 0.110846 0.058321 0.000361 0.097126 0.000009
0.500806 0.216264 0.115157 0.060654 0.000391 0.106718 0.000011
0.489488 0.213753 0.118492 0.062234 0.000421 0.115599 0.000013
0.476847 0.210609 0.122159 0.064214 0.000451 0.125703 0.000017
0.466556 0.206260 0.125113 0.065769 0.000474 0.135809 0.000019
0.454946 0.202648 0.127962 0.067315 0.000508 0.146601 0.000021
0.444961 0.198445 0.130472 0.068792 0.000529 0.156778 0.000021
0.434986 0.193734 0.132745 0.070025 0.000571 0.167917 0.000022
0.425922 0.189505 0.134503 0.071118 0.000598 0.178329 0.000024
0.417079 0.184378 0.136218 0.071966 0.000634 0.189698 0.000026
0.409358 0.179417 0.137397 0.072653 0.000667 0.200480 0.000028
0.401843 0.174601 0.138165 0.073145 0.000701 0.211512 0.000032
0.394484 0.169751 0.138891 0.073391 0.000729 0.222722 0.000032
0.387263 0.164508 0.139264 0.073583 0.000763 0.234586 0.000032
0.381017 0.159188 0.139187 0.073724 0.000791 0.246059 0.000035
0.374995 0.154271 0.138884 0.073882 0.000811 0.257123 0.000035
0.369408 0.149206 0.138516 0.073909 0.000835 0.268085 0.000041
0.364919 0.143827 0.137648 0.073325 0.000855 0.279382 0.000043
0.360136 0.138110 0.136800 0.072982 0.000870 0.291054 0.000047
0.357172 0.132910 0.135328 0.072130 0.000893 0.301518 0.000050
0.354899 0.127733 0.133545 0.071272 0.000921 0.311578 0.000051
0.353272 0.122464 0.131735 0.070317 0.000949 0.321210 0.000054
0.351890 0.117284 0.129850 0.069236 0.000965 0.330718 0.000057
0.351002 0.112047 0.127639 0.068087 0.000971 0.340195 0.000061
0.350284 0.107954 0.125513 0.066960 0.000988 0.348239 0.000063
0.349913 0.103564 0.122941 0.065648 0.001016 0.356851 0.000066
0.349787 0.099948 0.120268 0.064304 0.001047 0.364578 0.000068
0.349776 0.096744 0.117787 0.063083 0.001062 0.371479 0.000069
0.349375 0.093651 0.115312 0.061735 0.001067 0.378788 0.000072
0.350775 0.090346 0.112337 0.060171 0.001074 0.385220 0.000077
0.350234 0.087768 0.110068 0.059034 0.001086 0.391728 0.000082
0.350228 0.084903 0.107645 0.057754 0.001096 0.398289 0.000084
0.351435 0.082095 0.104934 0.056232 0.001111 0.404107 0.000087
0.352368 0.079868 0.102615 0.055019 0.001118 0.408924 0.000088
0.352820 0.077381 0.099892 0.053578 0.001133 0.415106 0.000090
0.353875 0.075248 0.097422 0.052277 0.001138 0.419945 0.000095
0.355565 0.072763 0.094739 0.050963 0.001141 0.424731 0.000098
0.356670 0.070545 0.092340 0.049654 0.001154 0.429537 0.000100
0.358282 0.069061 0.090293 0.048527 0.001140 0.432593 0.000104
0.359963 0.068092 0.088469 0.047455 0.001133 0.434781 0.000107
0.361324 0.066014 0.085881 0.046038 0.001112 0.439517 0.000114
0.361864 0.064881 0.084135 0.045215 0.001107 0.442680 0.000118
0.362563 0.063902 0.082355 0.044335 0.001101 0.445619 0.000125
0.363455 0.062002 0.080185 0.043191 0.001104 0.449934 0.000130
0.364584 0.060891 0.078482 0.042276 0.001098 0.452536 0.000133
0.365869 0.059206 0.076490 0.041336 0.001084 0.455878 0.000136
0.367115 0.058020 0.075022 0.040524 0.001076 0.458099 0.000143
0.368813 0.056194 0.072972 0.039364 0.001046 0.461461 0.000150
0.370663 0.055130 0.071256 0.038528 0.001029 0.463242 0.000153
0.372049 0.053806 0.069695 0.037685 0.001020 0.465594 0.000153
0.374116 0.052406 0.067928 0.036681 0.001023 0.467693 0.000154
0.375949 0.050874 0.066142 0.035743 0.001009 0.470126 0.000156
0.377966 0.049931 0.064773 0.034939 0.000992 0.471240 0.000160
0.380194 0.048733 0.063161 0.034059 0.000970 0.472720 0.000163
0.382493 0.047741 0.061683 0.033268 0.000968 0.473679 0.000168
0.384614 0.047098 0.060435 0.032524 0.000960 0.474196 0.000173
0.386580 0.046155 0.059069 0.031856 0.000937 0.475221 0.000182
0.388811 0.045450 0.057728 0.031173 0.000923 0.475728 0.000186
0.391209 0.044756 0.056402 0.030320 0.000904 0.476220 0.000189
0.393053 0.044201 0.055430 0.029797 0.000886 0.476445 0.000189
0.395794 0.043568 0.053967 0.029010 0.000884 0.476584 0.000193
0.398099 0.043065 0.052775 0.028333 0.000873 0.476658 0.000197
0.400236 0.042371 0.051561 0.027682 0.000858 0.477092 0.000201
0.402887 0.041922 0.050356 0.026977 0.000838 0.476812 0.000207
0.404552 0.041695 0.049865 0.026703 0.000842 0.476132 0.000210
0.407136 0.041428 0.048810 0.026102 0.000838 0.475469 0.000217
0.409211 0.041298 0.048178 0.025653 0.000829 0.474611 0.000220
0.411290 0.041076 0.047337 0.025177 0.000824 0.474070 0.000226
0.413740 0.040792 0.046275 0.024607 0.000815 0.473542 0.000229
0.415974 0.040701 0.045476 0.024159 0.000805 0.472653 0.000232
0.417978 0.040522 0.044751 0.023772 0.000800 0.471944 0.000233
0.420017 0.040487 0.044285 0.023505 0.000802 0.470670 0.000234
0.421773 0.040388 0.043643 0.023129 0.000793 0.470037 0.000237
0.424040 0.040424 0.043027 0.022758 0.000784 0.468725 0.000242
0.426209 0.040440 0.042540 0.022429 0.000770 0.467367 0.000244
0.428073 0.040445 0.042058 0.022224 0.000765 0.466188 0.000246
0.430095 0.040542 0.041586 0.021986 0.000750 0.464790 0.000252
0.431697 0.040804 0.041223 0.021882 0.000747 0.463394 0.000254
0.433567 0.040828 0.040697 0.021638 0.000734 0.462279 0.000256
0.435064 0.040996 0.040449 0.021556 0.000726 0.460951 0.000259
0.436833 0.041164 0.040042 0.021379 0.000712 0.459609 0.000261
0.438627 0.041254 0.039798 0.021262 0.000705 0.458090 0.000264
0.440146 0.041351 0.039611 0.021132 0.000695 0.456796 0.000269
0.441925 0.041587 0.039281 0.020981 0.000684 0.455272 0.000271
0.443540 0.041731 0.039040 0.020901 0.000670 0.453843 0.000275
0.444934 0.041941 0.038919 0.020833 0.000657 0.452441 0.000275
0.446148 0.042231 0.038792 0.020786 0.000641 0.451126 0.000276
0.447537 0.042368 0.038665 0.020686 0.000635 0.449831 0.000278
0.449083 0.042206 0.038734 0.020654 0.000620 0.448423 0.000281
0.451751 0.041606 0.038630 0.020463 0.000605 0.446663 0.000283
0.453781 0.040749 0.038755 0.020396 0.000605 0.445431 0.000283
0.456422 0.039700 0.038623 0.020111 0.000603 0.444257 0.000284
0.459495 0.038559 0.038460 0.019931 0.000589 0.442680 0.000286
0.462158 0.037459 0.038335 0.019701 0.000584 0.441474 0.000288
0.465511 0.036266 0.037976 0.019349 0.000573 0.440034 0.000291
0.468716 0.035074 0.037685 0.019018 0.000564 0.438649 0.000293
0.471922 0.033818 0.037413 0.018678 0.000543 0.437331 0.000295
0.475565 0.032485 0.037099 0.018290 0.000536 0.435729 0.000296
0.479058 0.031389 0.036681 0.017969 0.000536 0.434070 0.000296
0.482595 0.030297 0.036225 0.017634 0.000530 0.432420 0.000299
0.486225 0.029216 0.035618 0.017166 0.000521 0.430956 0.000298
0.490096 0.028072 0.035092 0.016764 0.000513 0.429161 0.000302
0.493850 0.027077 0.034591 0.016442 0.000493 0.427245 0.000302
0.497797 0.026052 0.033965 0.015994 0.000484 0.425402 0.000307
0.501571 0.025128 0.033384 0.015606 0.000474 0.423530 0.000308
0.505187 0.024234 0.032787 0.015244 0.000473 0.421764 0.000311
0.509112 0.023380 0.032090 0.014835 0.000458 0.419811 0.000314
0.513030 0.022570 0.031466 0.014372 0.000454 0.417790 0.000317
0.516836 0.021770 0.030799 0.013984 0.000443 0.415849 0.000320
0.520948 0.021029 0.030074 0.013569 0.000444 0.413616 0.000320
0.524505 0.020442 0.029390 0.013182 0.000434 0.411727 0.000320
0.528658 0.019724 0.028633 0.012829 0.000422 0.409410 0.000324
0.532358 0.019134 0.027975 0.012438 0.000418 0.407354 0.000322
0.536270 0.018650 0.027272 0.012058 0.000412 0.405015 0.000323
0.540284 0.018088 0.026644 0.011673 0.000406 0.402580 0.000325
0.544111 0.017565 0.026105 0.011375 0.000400 0.400117 0.000327
0.547864 0.017081 0.025403 0.011076 0.000397 0.397853 0.000327
0.551577 0.016600 0.024749 0.010819 0.000391 0.395531 0.000333
0.555718 0.016254 0.024121 0.010546 0.000390 0.392639 0.000333
0.559203 0.015881 0.023476 0.010299 0.000389 0.390417 0.000335
0.562814 0.015518 0.022913 0.010012 0.000382 0.388028 0.000332
0.566574 0.015161 0.022393 0.009726 0.000371 0.385437 0.000340
0.570323 0.014868 0.021817 0.009442 0.000361 0.382850 0.000339
0.573819 0.014632 0.021268 0.009234 0.000350 0.380357 0.000340
0.577575 0.014328 0.020750 0.009029 0.000341 0.377631 0.000345
0.580945 0.014064 0.020309 0.008817 0.000337 0.375185 0.000344
0.584483 0.013865 0.019847 0.008634 0.000330 0.372495 0.000346
0.588146 0.013687 0.019420 0.008418 0.000320 0.369666 0.000344
0.591432 0.013517 0.019020 0.008199 0.000308 0.367174 0.000349
0.594810 0.013255 0.018668 0.008020 0.000300 0.364600 0.000347
0.598054 0.013164 0.018255 0.007839 0.000293 0.362045 0.000350
0.601545 0.013025 0.017850 0.007635 0.000287 0.359307 0.000350
0.604972 0.012926 0.017468 0.007449 0.000284 0.356552 0.000350
0.608513 0.012744 0.017078 0.007302 0.000278 0.353735 0.000349
0.611815 0.012646 0.016705 0.007138 0.000275 0.351071 0.000351
0.614706 0.012551 0.016457 0.007021 0.000274 0.348642 0.000349
0.618190 0.012456 0.016036 0.006879 0.000271 0.345817 0.000351
0.621475 0.012392 0.015799 0.006731 0.000264 0.342986 0.000352
0.624635 0.012233 0.015560 0.006592 0.000256 0.340374 0.000349
0.627759 0.012179 0.015294 0.006455 0.000248 0.337712 0.000354
0.630808 0.012143 0.015023 0.006330 0.000236 0.335101 0.000359
0.633860 0.012146 0.014828 0.006216 0.000232 0.332358 0.000360
0.636895 0.012036 0.014623 0.006123 0.000229 0.329737 0.000357
0.639975 0.011981 0.014421 0.006050 0.000220 0.326992 0.000362
0.642952 0.011913 0.014232 0.005968 0.000216 0.324357 0.000362
0.645914 0.011907 0.014070 0.005897 0.000213 0.321636 0.000363
0.648735 0.011897 0.013850 0.005795 0.000210 0.319155 0.000359
0.651561 0.011821 0.013669 0.005748 0.000206 0.316629 0.000367
0.654323 0.011844 0.013478 0.005686 0.000208 0.314096 0.000364
0.657213 0.011873 0.013342 0.005608 0.000206 0.311396 0.000361
0.659828 0.011889 0.013171 0.005558 0.000202 0.308987 0.000365
0.662594 0.011869 0.013042 0.005472 0.000198 0.306459 0.000365
0.665256 0.011871 0.013020 0.005419 0.000199 0.303871 0.000364
0.667940 0.011864 0.012911 0.005413 0.000194 0.301314 0.000365
0.670201 0.011881 0.012872 0.005402 0.000191 0.299087 0.000366
0.672869 0.011870 0.012740 0.005328 0.000183 0.296641 0.000369
0.675476 0.011832 0.012614 0.005334 0.000178 0.294201 0.000364
0.677821 0.011866 0.012552 0.005312 0.000179 0.291895 0.000375
0.680370 0.011889 0.012496 0.005295 0.000172 0.289405 0.000373
0.682606 0.011883 0.012470 0.005261 0.000168 0.287240 0.000371
0.685030 0.011894 0.012366 0.005226 0.000166 0.284944 0.000375
0.687215 0.012122 0.012257 0.005201 0.000163 0.282665 0.000376
0.689626 0.012182 0.012154 0.005187 0.000163 0.280308 0.000378
0.691758 0.012306 0.012155 0.005166 0.000158 0.278082 0.000375
0.693739 0.012396 0.012080 0.005172 0.000153 0.276082 0.000378
0.696062 0.012516 0.012068 0.005144 0.000148 0.273683 0.000378
0.698187 0.012631 0.012082 0.005183 0.000146 0.271390 0.000382
0.699914 0.012720 0.012108 0.005201 0.000145 0.269530 0.000382
0.702163 0.012884 0.012042 0.005202 0.000144 0.267186 0.000378
0.703938 0.013001 0.012043 0.005236 0.000142 0.265256 0.000383
0.706018 0.013071 0.012081 0.005221 0.000139 0.263090 0.000380
0.707859 0.013056 0.012079 0.005228 0.000143 0.261254 0.000382
0.709738 0.013197 0.012087 0.005252 0.000146 0.259197 0.000382
0.711808 0.013252 0.012089 0.005261 0.000145 0.257064 0.000380
0.713242 0.013498 0.012190 0.005287 0.000144 0.255257 0.000381
0.715150 0.013568 0.012200 0.005290 0.000143 0.253267 0.000382
0.716774 0.013627 0.012170 0.005344 0.000139 0.251561 0.000385
0.718579 0.013698 0.012245 0.005345 0.000136 0.249612 0.000385
0.720225 0.013894 0.012314 0.005389 0.000138 0.247651 0.000389
0.721708 0.014026 0.012406 0.005436 0.000139 0.245896 0.000388
0.723494 0.014046 0.012483 0.005442 0.000143 0.244005 0.000387
0.724869 0.014141 0.012557 0.005472 0.000141 0.242429 0.000391
0.726345 0.014262 0.012616 0.005548 0.000141 0.240698 0.000389
0.727900 0.014361 0.012679 0.005505 0.000137 0.239026 0.000392
0.729257 0.014512 0.012804 0.005510 0.000140 0.237385 0.000391
0.730995 0.014594 0.012795 0.005492 0.000137 0.235599 0.000389
0.732209 0.014750 0.012908 0.005502 0.000137 0.234103 0.000391
0.733546 0.014961 0.013009 0.005559 0.000139 0.232395 0.000391
0.734785 0.015143 0.013104 0.005629 0.000135 0.230812 0.000393
0.736224 0.015262 0.013151 0.005659 0.000136 0.229172 0.000396
0.737115 0.015472 0.013343 0.005713 0.000129 0.227831 0.000396
0.738281 0.015694 0.013483 0.005745 0.000132 0.226271 0.000393
0.739313 0.015827 0.013617 0.005792 0.000124 0.224931 0.000396
0.740480 0.016007 0.013736 0.005852 0.000125 0.223401 0.000399
0.741654 0.016102 0.013814 0.005918 0.000120 0.221995 0.000398
0.742587 0.016313 0.013879 0.005974 0.000119 0.220731 0.000397
0.743507 0.016562 0.014019 0.006011 0.000114 0.219391 0.000395
0.744434 0.016806 0.014026 0.006007 0.000119 0.218214 0.000396
0.745539 0.016858 0.014159 0.006065 0.000121 0.216861 0.000396
0.746377 0.017049 0.014301 0.006132 0.000123 0.215620 0.000399
0.747040 0.017289 0.014465 0.006213 0.000126 0.214471 0.000398
0.747877 0.017447 0.014620 0.006327 0.000124 0.213211 0.000395
0.748636 0.017519 0.014786 0.006403 0.000125 0.212132 0.000398
0.749448 0.017743 0.014914 0.006443 0.000135 0.210916 0.000400
0.750032 0.017972 0.015075 0.006508 0.000137 0.209871 0.000404
0.750508 0.018219 0.015274 0.006525 0.000140 0.208935 0.000399
0.750971 0.018434 0.015417 0.006615 0.000142 0.208018 0.000403
0.751782 0.018723 0.015492 0.006667 0.000141 0.206791 0.000404
0.752690 0.018864 0.015536 0.006687 0.000142 0.205677 0.000403
0.753134 0.019112 0.015759 0.006794 0.000141 0.204655 0.000405
0.753418 0.019348 0.015948 0.006880 0.000141 0.203861 0.000404
0.754450 0.019439 0.016037 0.006911 0.000138 0.202617 0.000407
0.754880 0.019498 0.016178 0.006974 0.000139 0.201926 0.000405
0.755159 0.019651 0.016387 0.007095 0.000136 0.201166 0.000405
0.755612 0.019842 0.016502 0.007159 0.000137 0.200342 0.000406
0.756293 0.019948 0.016598 0.007198 0.000135 0.199423 0.000405
0.756685 0.020179 0.016851 0.007304 0.000137 0.198435 0.000409
0.757318 0.020234 0.016937 0.007336 0.000136 0.197631 0.000409
0.757526 0.020323 0.017087 0.007399 0.000139 0.197120 0.000405
0.757666 0.020490 0.017322 0.007538 0.000135 0.196442 0.000408
0.758373 0.020578 0.017395 0.007549 0.000133 0.195565 0.000408
0.758718 0.020641 0.017541 0.007657 0.000129 0.194907 0.000407
0.758838 0.020842 0.017773 0.007716 0.000133 0.194284 0.000414
0.759020 0.020933 0.017934 0.007766 0.000135 0.193802 0.000410
0.759698 0.020913 0.018028 0.007820 0.000136 0.192993 0.000412
0.759885 0.020962 0.018086 0.007956 0.000135 0.192567 0.000409
0.760574 0.020957 0.018092 0.007983 0.000135 0.191846 0.000413
0.761159 0.021090 0.018175 0.008045 0.000137 0.190984 0.000411
0.760945 0.021296 0.018374 0.008059 0.000141 0.190773 0.000412
0.761571 0.021319 0.018404 0.008039 0.000141 0.190115 0.000412
0.761745 0.021343 0.018559 0.008107 0.000141 0.189696 0.000409
0.762048 0.021458 0.018666 0.008118 0.000146 0.189150 0.000415
0.762142 0.021630 0.018816 0.008164 0.000146 0.188685 0.000417
0.762028 0.021724 0.018927 0.008191 0.000150 0.188563 0.000417
0.762872 0.021687 0.018990 0.008230 0.000146 0.187654 0.000422
0.762567 0.021782 0.019151 0.008348 0.000147 0.187586 0.000419
0.763279 0.021754 0.019159 0.008418 0.000144 0.186822 0.000424
0.763190 0.021916 0.019198 0.008490 0.000146 0.186636 0.000424
0.763310 0.021867 0.019358 0.008543 0.000142 0.186358 0.000421
0.763671 0.021808 0.019435 0.008552 0.000144 0.185967 0.000423
0.763898 0.021923 0.019599 0.008584 0.000142 0.185427 0.000427
0.764302 0.021972 0.019651 0.008621 0.000144 0.184883 0.000427
0.764244 0.021995 0.019818 0.008679 0.000146 0.184694 0.000424
0.764254 0.022125 0.019869 0.008718 0.000147 0.184460 0.000427
0.764324 0.022153 0.019906 0.008744 0.000153 0.184297 0.000423
0.764739 0.022209 0.020047 0.008714 0.000155 0.183711 0.000426
0.764673 0.022159 0.020139 0.008729 0.000159 0.183713 0.000429
0.764790 0.022151 0.020232 0.008760 0.000159 0.183478 0.000429
0.765206 0.022188 0.020345 0.008771 0.000158 0.182901 0.000430
0.765148 0.022295 0.020383 0.008794 0.000162 0.182786 0.000432
0.765614 0.022316 0.020368 0.008851 0.000159 0.182264 0.000429
0.765469 0.022354 0.020520 0.008944 0.000164 0.182122 0.000427
0.765778 0.022402 0.020603 0.008936 0.000163 0.181689 0.000430
0.765726 0.022430 0.020603 0.008930 0.000166 0.181717 0.000428
0.765339 0.022422 0.020744 0.008992 0.000164 0.181909 0.000430
0.765932 0.022235 0.020702 0.008955 0.000163 0.181584 0.000428
0.766006 0.022244 0.020736 0.008966 0.000165 0.181456 0.000428
0.766055 0.022329 0.020864 0.008953 0.000168 0.181202 0.000429
0.766177 0.022360 0.020870 0.008982 0.000166 0.181016 0.000429
0.766176 0.022351 0.020948 0.009077 0.000168 0.180847 0.000433
0.766215 0.022286 0.021056 0.009137 0.000169 0.180707 0.000430
0.766172 0.022323 0.021038 0.009146 0.000166 0.180720 0.000434
0.766994 0.022181 0.021028 0.009121 0.000170 0.180076 0.000430
0.766613 0.022127 0.021135 0.009122 0.000172 0.180398 0.000433
0.851474 0.013955 0.013359 0.005793 0.000107 0.115035 0.000277
