0.341709 0.063210 0.056165 0.032523 0.002169 0.498078 0.006147 1.631413
0.343653 0.061483 0.055985 0.032392 0.002154 0.498157 0.006177 1.637452
0.346221 0.059148 0.055979 0.032138 0.002124 0.498179 0.006212 1.643432
0.349158 0.056760 0.055718 0.031678 0.002122 0.498327 0.006238 1.649070
0.352475 0.054239 0.055348 0.031347 0.002127 0.498202 0.006262 1.654572
0.356062 0.051757 0.054977 0.030856 0.002121 0.497944 0.006284 1.659800
0.359738 0.049346 0.054316 0.030352 0.002118 0.497817 0.006312 1.664768
0.363518 0.047055 0.053682 0.029795 0.002112 0.497507 0.006333 1.669556
0.367460 0.044837 0.052922 0.029054 0.002115 0.497255 0.006358 1.674071
0.371503 0.042762 0.052088 0.028433 0.002099 0.496723 0.006391 1.678387
0.375586 0.040849 0.051173 0.027745 0.002077 0.496148 0.006423 1.682477
0.379584 0.039082 0.050148 0.027061 0.002063 0.495620 0.006443 1.686398
0.383645 0.037391 0.049095 0.026323 0.002048 0.495031 0.006468 1.690128
0.387877 0.035723 0.048047 0.025682 0.002022 0.494157 0.006491 1.693763
0.392085 0.034259 0.046978 0.024966 0.002014 0.493181 0.006516 1.697137
0.396397 0.032872 0.045919 0.024202 0.002000 0.492065 0.006545 1.700369
0.400787 0.031511 0.044845 0.023462 0.001965 0.490858 0.006574 1.703583
0.405190 0.030258 0.043691 0.022802 0.001936 0.489523 0.006601 1.706600
0.409571 0.029146 0.042511 0.022133 0.001901 0.488106 0.006630 1.709504
0.414028 0.028045 0.041423 0.021455 0.001892 0.486505 0.006652 1.712314
0.418306 0.027108 0.040353 0.020737 0.001867 0.484953 0.006677 1.715007
0.422656 0.026107 0.039338 0.020109 0.001836 0.483258 0.006695 1.717664
0.427011 0.025268 0.038236 0.019501 0.001812 0.481459 0.006713 1.720167
0.431336 0.024526 0.037194 0.018884 0.001775 0.479545 0.006739 1.722589
0.435621 0.023905 0.036156 0.018252 0.001755 0.477550 0.006759 1.724886
0.439977 0.023225 0.035171 0.017677 0.001730 0.475440 0.006781 1.727182
0.444299 0.022634 0.034239 0.017144 0.001697 0.473183 0.006803 1.729385
0.448554 0.022062 0.033359 0.016670 0.001666 0.470864 0.006826 1.731594
0.452895 0.021522 0.032437 0.016148 0.001642 0.468511 0.006845 1.733709
0.457177 0.020973 0.031580 0.015730 0.001603 0.466072 0.006866 1.735804
0.461500 0.020517 0.030723 0.015250 0.001564 0.463562 0.006884 1.737789
0.465789 0.020022 0.029974 0.014733 0.001530 0.461047 0.006904 1.739793
0.470097 0.019615 0.029199 0.014278 0.001508 0.458379 0.006922 1.741709
0.474340 0.019222 0.028423 0.013910 0.001470 0.455697 0.006939 1.743594
0.478518 0.018854 0.027719 0.013539 0.001441 0.452975 0.006956 1.745482
0.482702 0.018477 0.027080 0.013176 0.001409 0.450183 0.006973 1.747340
0.486797 0.018120 0.026440 0.012807 0.001384 0.447462 0.006989 1.749164
0.490803 0.017807 0.025860 0.012439 0.001358 0.444724 0.007009 1.750987
0.494840 0.017595 0.025253 0.012124 0.001339 0.441828 0.007022 1.752715
0.498926 0.017376 0.024647 0.011823 0.001308 0.438878 0.007042 1.754419
0.502916 0.017191 0.024051 0.011508 0.001281 0.435992 0.007061 1.756105
0.506943 0.016956 0.023558 0.011217 0.001247 0.433004 0.007076 1.757833
0.510830 0.016726 0.023007 0.010953 0.001208 0.430186 0.007091 1.759492
0.514713 0.016588 0.022468 0.010666 0.001179 0.427282 0.007104 1.761112
0.518457 0.016484 0.022011 0.010483 0.001156 0.424289 0.007120 1.762746
0.522241 0.016300 0.021589 0.010259 0.001129 0.421347 0.007135 1.764376
0.526148 0.016134 0.021162 0.009986 0.001097 0.418325 0.007149 1.765957
0.529874 0.015995 0.020782 0.009763 0.001068 0.415358 0.007161 1.767570
0.533514 0.015959 0.020385 0.009561 0.001046 0.412362 0.007174 1.769092
0.537223 0.015823 0.020010 0.009407 0.001019 0.409330 0.007189 1.770668
0.540898 0.015730 0.019650 0.009212 0.001000 0.406312 0.007199 1.772229
0.544328 0.015717 0.019333 0.009054 0.000968 0.403386 0.007216 1.773757
0.547992 0.015608 0.019008 0.008892 0.000942 0.400329 0.007231 1.775321
0.551545 0.015593 0.018737 0.008707 0.000921 0.397254 0.007242 1.776819
0.555085 0.015512 0.018450 0.008563 0.000897 0.394240 0.007253 1.778363
0.558480 0.015443 0.018211 0.008455 0.000869 0.391273 0.007269 1.779919
0.561888 0.015471 0.017929 0.008338 0.000852 0.388244 0.007279 1.781405
0.565327 0.015436 0.017706 0.008207 0.000823 0.385212 0.007291 1.782907
0.568556 0.015426 0.017461 0.008132 0.000799 0.382324 0.007301 1.784437
0.571839 0.015483 0.017243 0.008072 0.000779 0.379272 0.007312 1.785921
0.575074 0.015466 0.017059 0.008002 0.000753 0.376322 0.007325 1.787435
0.578236 0.015504 0.016824 0.007888 0.000732 0.373485 0.007332 1.788918
0.581342 0.015570 0.016593 0.007819 0.000713 0.370625 0.007339 1.790419
0.584517 0.015527 0.016483 0.007758 0.000687 0.367679 0.007349 1.791979
0.587505 0.015576 0.016358 0.007703 0.000672 0.364830 0.007357 1.793521
0.590475 0.015596 0.016258 0.007595 0.000649 0.362060 0.007367 1.795034
0.593434 0.015619 0.016141 0.007563 0.000638 0.359230 0.007375 1.796598
0.596278 0.015731 0.016032 0.007522 0.000621 0.356433 0.007384 1.798082
0.599107 0.015767 0.015920 0.007474 0.000612 0.353731 0.007388 1.799625
0.601930 0.015801 0.015817 0.007416 0.000602 0.351040 0.007395 1.801191
0.604657 0.015866 0.015766 0.007390 0.000589 0.348330 0.007403 1.802750
0.607345 0.015952 0.015674 0.007337 0.000575 0.345705 0.007412 1.804297
0.609996 0.015982 0.015590 0.007352 0.000563 0.343099 0.007418 1.805893
0.612502 0.016082 0.015541 0.007312 0.000557 0.340581 0.007426 1.807462
0.614973 0.016213 0.015506 0.007271 0.000543 0.338058 0.007437 1.809031
0.617491 0.016263 0.015504 0.007248 0.000531 0.335519 0.007444 1.810670
0.619923 0.016387 0.015495 0.007212 0.000521 0.333014 0.007449 1.812279
0.622321 0.016494 0.015500 0.007203 0.000512 0.330515 0.007454 1.813875
0.624691 0.016547 0.015535 0.007214 0.000497 0.328056 0.007461 1.815548
0.627070 0.016654 0.015500 0.007222 0.000482 0.325603 0.007470 1.817191
0.629453 0.016711 0.015495 0.007233 0.000476 0.323159 0.007473 1.818843
0.631661 0.016823 0.015479 0.007266 0.000469 0.320825 0.007477 1.820462
0.633957 0.016951 0.015476 0.007297 0.000466 0.318371 0.007482 1.822094
0.636083 0.017022 0.015551 0.007320 0.000459 0.316080 0.007485 1.823832
0.638177 0.017161 0.015602 0.007308 0.000446 0.313811 0.007494 1.825526
0.640246 0.017307 0.015673 0.007283 0.000435 0.311558 0.007499 1.827223
0.642344 0.017372 0.015763 0.007264 0.000427 0.309328 0.007503 1.828937
0.644190 0.017653 0.015741 0.007286 0.000408 0.307209 0.007511 1.830616
0.646064 0.017775 0.015805 0.007322 0.000398 0.305118 0.007517 1.832400
0.648026 0.017826 0.015902 0.007356 0.000393 0.302977 0.007520 1.834192
0.649924 0.017921 0.015982 0.007391 0.000387 0.300871 0.007524 1.835969
0.651799 0.018122 0.016074 0.007393 0.000389 0.298698 0.007525 1.837716
0.653467 0.018262 0.016198 0.007452 0.000379 0.296714 0.007529 1.839556
0.655175 0.018381 0.016281 0.007506 0.000376 0.294748 0.007534 1.841384
0.656879 0.018550 0.016367 0.007561 0.000368 0.292736 0.007537 1.843218
0.658421 0.018796 0.016390 0.007618 0.000363 0.290868 0.007545 1.845038
0.660074 0.018945 0.016485 0.007666 0.000364 0.288919 0.007547 1.846908
0.661615 0.019101 0.016573 0.007695 0.000363 0.287103 0.007550 1.848791
0.663116 0.019286 0.016718 0.007714 0.000356 0.285257 0.007554 1.850682
0.664634 0.019433 0.016874 0.007756 0.000346 0.283398 0.007558 1.852616
0.666130 0.019564 0.016956 0.007822 0.000347 0.281619 0.007561 1.854554
0.667558 0.019667 0.017109 0.007896 0.000341 0.279865 0.007563 1.856581
0.669024 0.019839 0.017185 0.007955 0.000340 0.278091 0.007566 1.858513
0.670349 0.020075 0.017313 0.007972 0.000337 0.276385 0.007569 1.860452
0.671642 0.020280 0.017378 0.008043 0.000336 0.274750 0.007572 1.862412
0.672859 0.020502 0.017488 0.008102 0.000330 0.273142 0.007577 1.864408
0.674061 0.020716 0.017632 0.008176 0.000327 0.271507 0.007582 1.866424
0.675264 0.020902 0.017758 0.008222 0.000325 0.269944 0.007585 1.868460
0.676403 0.021087 0.017935 0.008291 0.000324 0.268374 0.007586 1.870541
0.677515 0.021237 0.018029 0.008315 0.000327 0.266988 0.007588 1.872573
0.678463 0.021456 0.018177 0.008368 0.000322 0.265620 0.007594 1.874646
0.679512 0.021664 0.018264 0.008442 0.000323 0.264200 0.007596 1.876718
0.680400 0.021857 0.018442 0.008503 0.000317 0.262882 0.007600 1.878850
0.681330 0.022095 0.018622 0.008557 0.000315 0.261481 0.007601 1.880969
0.682153 0.022280 0.018828 0.008629 0.000314 0.260191 0.007605 1.883199
0.683078 0.022440 0.018957 0.008720 0.000314 0.258884 0.007607 1.885417
0.683915 0.022607 0.019084 0.008839 0.000313 0.257634 0.007609 1.887631
0.684674 0.022823 0.019253 0.008922 0.000305 0.256411 0.007613 1.889869
0.685412 0.023071 0.019411 0.009013 0.000304 0.255175 0.007615 1.892089
0.686119 0.023268 0.019568 0.009088 0.000310 0.254031 0.007617 1.894397
0.686761 0.023491 0.019700 0.009158 0.000307 0.252966 0.007619 1.896653
0.687358 0.023721 0.019804 0.009267 0.000305 0.251922 0.007624 1.898944
0.688065 0.023835 0.019933 0.009376 0.000303 0.250861 0.007627 1.901298
0.688655 0.024045 0.020120 0.009454 0.000310 0.249788 0.007629 1.903631
0.689209 0.024200 0.020259 0.009529 0.000311 0.248860 0.007632 1.905991
0.689664 0.024407 0.020416 0.009616 0.000312 0.247952 0.007634 1.908391
0.690211 0.024476 0.020668 0.009701 0.000312 0.246996 0.007636 1.910862
0.690607 0.024664 0.020846 0.009731 0.000313 0.246197 0.007641 1.913281
0.691054 0.024794 0.021010 0.009810 0.000313 0.245374 0.007644 1.915740
0.691545 0.024936 0.021139 0.009872 0.000313 0.244551 0.007646 1.918165
0.692102 0.025120 0.021216 0.009933 0.000314 0.243667 0.007648 1.920552
0.692514 0.025286 0.021384 0.010029 0.000312 0.242824 0.007652 1.923051
0.692922 0.025389 0.021551 0.010088 0.000313 0.242084 0.007654 1.925525
0.693224 0.025586 0.021736 0.010075 0.000312 0.241410 0.007656 1.928012
0.693564 0.025727 0.021865 0.010127 0.000314 0.240744 0.007658 1.930525
0.693917 0.025946 0.021992 0.010231 0.000316 0.239938 0.007660 1.933034
0.694231 0.026036 0.022153 0.010369 0.000314 0.239233 0.007664 1.935625
0.694558 0.026250 0.022306 0.010394 0.000320 0.238505 0.007668 1.938122
0.694837 0.026307 0.022502 0.010485 0.000322 0.237876 0.007671 1.940767
0.695075 0.026385 0.022658 0.010557 0.000322 0.237328 0.007674 1.943369
0.695351 0.026564 0.022796 0.010597 0.000323 0.236690 0.007678 1.945895
0.695543 0.026644 0.022991 0.010639 0.000326 0.236177 0.007680 1.948524
0.695833 0.026675 0.023108 0.010695 0.000325 0.235680 0.007683 1.951163
0.695990 0.026729 0.023259 0.010803 0.000329 0.235207 0.007684 1.953855
0.696191 0.026797 0.023437 0.010820 0.000328 0.234739 0.007688 1.956518
0.696355 0.026921 0.023500 0.010955 0.000328 0.234251 0.007690 1.959142
0.696482 0.027063 0.023583 0.011011 0.000328 0.233840 0.007693 1.961753
0.696700 0.027155 0.023675 0.011050 0.000335 0.233391 0.007695 1.964405
0.696889 0.027159 0.023814 0.011114 0.000334 0.232992 0.007697 1.967127
0.697031 0.027246 0.023908 0.011153 0.000335 0.232627 0.007701 1.969815
0.697066 0.027390 0.024003 0.011188 0.000333 0.232318 0.007702 1.972505
0.697269 0.027385 0.024160 0.011238 0.000330 0.231914 0.007704 1.975197
0.697423 0.027337 0.024256 0.011338 0.000332 0.231608 0.007706 1.977956
0.697671 0.027312 0.024344 0.011390 0.000330 0.231244 0.007708 1.980686
0.697813 0.027427 0.024469 0.011412 0.000335 0.230835 0.007709 1.983325
0.698032 0.027451 0.024471 0.011458 0.000345 0.230533 0.007710 1.985987
0.698238 0.027423 0.024616 0.011487 0.000347 0.230176 0.007714 1.988719
0.698404 0.027435 0.024698 0.011506 0.000348 0.229892 0.007717 1.991424
0.698522 0.027467 0.024802 0.011566 0.000348 0.229573 0.007722 1.994186
0.698694 0.027532 0.024862 0.011582 0.000350 0.229258 0.007725 1.996835
0.698826 0.027526 0.024976 0.011591 0.000353 0.229001 0.007727 1.999580
0.698941 0.027569 0.025031 0.011622 0.000356 0.228752 0.007731 2.002307
0.699263 0.027481 0.025138 0.011579 0.000358 0.228446 0.007735 2.005004
0.699420 0.027361 0.025305 0.011593 0.000359 0.228227 0.007735 2.007829
0.699554 0.027362 0.025342 0.011620 0.000363 0.228021 0.007737 2.010545
0.699724 0.027387 0.025297 0.011616 0.000369 0.227868 0.007740 2.013169
0.699944 0.027398 0.025319 0.011650 0.000373 0.227572 0.007745 2.015862
0.699974 0.027430 0.025336 0.011661 0.000377 0.227476 0.007747 2.018535
0.700235 0.027343 0.025411 0.011675 0.000378 0.227208 0.007749 2.021262
0.700483 0.027327 0.025409 0.011663 0.000378 0.226986 0.007754 2.023952
0.700692 0.027319 0.025387 0.011686 0.000379 0.226782 0.007756 2.026644
0.700825 0.027341 0.025399 0.011676 0.000375 0.226623 0.007761 2.029274
0.701021 0.027269 0.025437 0.011689 0.000370 0.226450 0.007764 2.031995
0.701260 0.027230 0.025496 0.011676 0.000372 0.226199 0.007767 2.034641
0.701351 0.027213 0.025539 0.011685 0.000373 0.226066 0.007772 2.037348
0.701510 0.027178 0.025495 0.011636 0.000375 0.226031 0.007774 2.040006
0.701732 0.027254 0.025420 0.011584 0.000381 0.225852 0.007776 2.042598
0.701901 0.027266 0.025449 0.011578 0.000379 0.225646 0.007781 2.045291
0.702125 0.027188 0.025504 0.011619 0.000373 0.225405 0.007785 2.047993
0.702317 0.027101 0.025554 0.011611 0.000377 0.225251 0.007790 2.050680
0.702503 0.027019 0.025637 0.011603 0.000377 0.225067 0.007794 2.053373
0.702747 0.026961 0.025702 0.011596 0.000372 0.224823 0.007799 2.056062
0.702997 0.026880 0.025686 0.011560 0.000372 0.224703 0.007803 2.058717
0.703147 0.026890 0.025691 0.011601 0.000371 0.224493 0.007807 2.061338
0.703402 0.026834 0.025683 0.011579 0.000366 0.224328 0.007809 2.063987
0.703618 0.026798 0.025625 0.011600 0.000369 0.224176 0.007814 2.066630
0.703769 0.026837 0.025589 0.011532 0.000367 0.224090 0.007817 2.069205
0.704059 0.026766 0.025552 0.011520 0.000365 0.223916 0.007823 2.071862
0.704198 0.026810 0.025537 0.011502 0.000365 0.223762 0.007826 2.074456
0.704418 0.026737 0.025541 0.011491 0.000363 0.223622 0.007828 2.077108
0.704640 0.026732 0.025472 0.011461 0.000361 0.223504 0.007832 2.079707
0.704765 0.026774 0.025411 0.011447 0.000364 0.223404 0.007835 2.082300
0.704900 0.026801 0.025319 0.011439 0.000371 0.223331 0.007839 2.084869
0.705111 0.026758 0.025315 0.011457 0.000371 0.223148 0.007841 2.087485
0.705381 0.026686 0.025280 0.011437 0.000369 0.223004 0.007843 2.090094
0.705557 0.026661 0.025234 0.011406 0.000371 0.222925 0.007846 2.092687
0.705791 0.026612 0.025190 0.011393 0.000374 0.222792 0.007848 2.095260
0.706003 0.026607 0.025128 0.011382 0.000374 0.222654 0.007851 2.097824
0.706153 0.026578 0.025077 0.011401 0.000378 0.222562 0.007852 2.100466
0.706380 0.026530 0.025143 0.011385 0.000381 0.222327 0.007854 2.103069
0.706666 0.026431 0.025133 0.011370 0.000377 0.222166 0.007857 2.105656
0.706908 0.026412 0.025091 0.011374 0.000373 0.221980 0.007861 2.108221
0.707091 0.026320 0.025118 0.011370 0.000377 0.221862 0.007862 2.110843
0.707314 0.026262 0.025078 0.011335 0.000371 0.221775 0.007865 2.113411
0.707569 0.026292 0.025072 0.011357 0.000375 0.221470 0.007867 2.115929
0.707823 0.026236 0.025123 0.011319 0.000372 0.221257 0.007870 2.118513
0.708039 0.026230 0.025128 0.011274 0.000370 0.221084 0.007876 2.121091
0.708230 0.026145 0.025073 0.011295 0.000370 0.221010 0.007877 2.123689
0.708471 0.026147 0.025056 0.011286 0.000368 0.220793 0.007880 2.126231
0.708675 0.026150 0.025070 0.011277 0.000371 0.220575 0.007883 2.128807
0.708900 0.026070 0.025025 0.011287 0.000371 0.220462 0.007886 2.131404
0.709088 0.026115 0.024989 0.011220 0.000375 0.220322 0.007891 2.133929
0.709275 0.026156 0.024945 0.011223 0.000372 0.220135 0.007895 2.136431
0.709553 0.026062 0.024972 0.011221 0.000369 0.219928 0.007896 2.139003
0.709876 0.025992 0.024953 0.011239 0.000370 0.219671 0.007900 2.141557
0.710100 0.025947 0.024913 0.011262 0.000368 0.219509 0.007902 2.144098
0.710367 0.025910 0.024898 0.011225 0.000370 0.219324 0.007907 2.146621
0.710640 0.025822 0.024825 0.011218 0.000371 0.219214 0.007912 2.149173
0.710867 0.025809 0.024734 0.011176 0.000372 0.219128 0.007915 2.151652
0.711023 0.025780 0.024724 0.011236 0.000367 0.218953 0.007917 2.154201
0.711212 0.025753 0.024699 0.011206 0.000377 0.218833 0.007919 2.156737
0.711501 0.025705 0.024725 0.011168 0.000379 0.218601 0.007922 2.159252
0.711816 0.025655 0.024720 0.011101 0.000376 0.218409 0.007924 2.161728
0.712092 0.025610 0.024690 0.011060 0.000376 0.218245 0.007928 2.164241
0.712252 0.025607 0.024641 0.011051 0.000375 0.218143 0.007932 2.166770
0.712579 0.025605 0.024614 0.010996 0.000372 0.217899 0.007936 2.169235
0.712913 0.025535 0.024554 0.011016 0.000370 0.217673 0.007940 2.171735
0.713185 0.025494 0.024546 0.011033 0.000369 0.217430 0.007944 2.174223
0.713553 0.025357 0.024574 0.011028 0.000365 0.217175 0.007949 2.176756
0.713779 0.025378 0.024540 0.010992 0.000365 0.216994 0.007953 2.179238
0.714096 0.025352 0.024470 0.010991 0.000363 0.216772 0.007956 2.181716
0.714333 0.025250 0.024501 0.010998 0.000367 0.216590 0.007960 2.184267
0.714537 0.025375 0.024469 0.010970 0.000365 0.216321 0.007963 2.186669
0.714737 0.025342 0.024443 0.010958 0.000369 0.216185 0.007967 2.189168
0.715016 0.025277 0.024431 0.010928 0.000368 0.216011 0.007970 2.191686
0.715286 0.025260 0.024367 0.010920 0.000370 0.215825 0.007973 2.194151
0.715580 0.025177 0.024306 0.010926 0.000361 0.215672 0.007978 2.196601
0.715803 0.025145 0.024247 0.010961 0.000359 0.215502 0.007982 2.199108
0.716105 0.025088 0.024285 0.010965 0.000359 0.215212 0.007985 2.201610
0.716273 0.025087 0.024271 0.010943 0.000359 0.215078 0.007989 2.204103
0.716525 0.025016 0.024250 0.010938 0.000351 0.214925 0.007996 2.206597
0.716793 0.025040 0.024276 0.010896 0.000358 0.214639 0.007999 2.209062
0.716977 0.025056 0.024283 0.010833 0.000358 0.214490 0.008002 2.211575
0.717211 0.025073 0.024231 0.010802 0.000354 0.214322 0.008007 2.214029
0.717360 0.025105 0.024196 0.010799 0.000355 0.214176 0.008009 2.216495
0.717591 0.025084 0.024161 0.010822 0.000356 0.213973 0.008012 2.218980
0.717896 0.024979 0.024171 0.010841 0.000357 0.213740 0.008015 2.221503
0.718141 0.024911 0.024104 0.010843 0.000360 0.213623 0.008016 2.223974
0.718436 0.024892 0.024068 0.010831 0.000355 0.213400 0.008018 2.226417
0.718658 0.024900 0.024014 0.010843 0.000359 0.213208 0.008019 2.228820
0.718919 0.024805 0.024008 0.010853 0.000354 0.213040 0.008022 2.231301
0.719144 0.024807 0.023975 0.010882 0.000354 0.212811 0.008026 2.233754
0.719423 0.024807 0.023922 0.010858 0.000354 0.212607 0.008027 2.236170
0.719613 0.024788 0.023907 0.010872 0.000363 0.212427 0.008029 2.238628
0.719810 0.024811 0.023885 0.010817 0.000362 0.212283 0.008032 2.241049
0.720011 0.024826 0.023868 0.010800 0.000362 0.212101 0.008033 2.243522
0.720179 0.024862 0.023826 0.010764 0.000368 0.211966 0.008036 2.245979
0.720403 0.024852 0.023838 0.010736 0.000370 0.211763 0.008038 2.248393
0.720686 0.024792 0.023826 0.010730 0.000367 0.211557 0.008042 2.250867
0.720929 0.024744 0.023786 0.010719 0.000364 0.211415 0.008044 2.253335
0.721175 0.024751 0.023743 0.010736 0.000363 0.211186 0.008046 2.255789
0.721365 0.024844 0.023686 0.010717 0.000367 0.210973 0.008048 2.258169
0.721580 0.024785 0.023717 0.010676 0.000361 0.210832 0.008050 2.260646
0.721761 0.024786 0.023723 0.010682 0.000365 0.210630 0.008053 2.263111
0.721937 0.024777 0.023746 0.010715 0.000364 0.210404 0.008057 2.265566
0.722163 0.024658 0.023788 0.010751 0.000361 0.210217 0.008062 2.268107
0.722385 0.024675 0.023720 0.010682 0.000357 0.210116 0.008064 2.270498
0.722617 0.024694 0.023633 0.010634 0.000357 0.209996 0.008069 2.272898
0.722864 0.024704 0.023592 0.010601 0.000361 0.209807 0.008071 2.275304
0.723048 0.024715 0.023586 0.010597 0.000364 0.209618 0.008073 2.277717
0.723172 0.024752 0.023555 0.010557 0.000365 0.209523 0.008075 2.280115
0.723352 0.024764 0.023529 0.010563 0.000369 0.209344 0.008078 2.282561
0.723511 0.024745 0.023557 0.010601 0.000366 0.209138 0.008083 2.285038
0.723597 0.024824 0.023518 0.010616 0.000368 0.208991 0.008085 2.287464
0.723727 0.024890 0.023484 0.010597 0.000365 0.208850 0.008088 2.289857
0.723840 0.024928 0.023508 0.010621 0.000362 0.208649 0.008092 2.292303
0.723955 0.024950 0.023458 0.010586 0.000360 0.208599 0.008093 2.294706
0.724077 0.024970 0.023448 0.010572 0.000363 0.208474 0.008096 2.297120
0.724208 0.025009 0.023456 0.010597 0.000364 0.208266 0.008100 2.299581
0.724363 0.025090 0.023469 0.010562 0.000360 0.208053 0.008103 2.301958
0.724510 0.025062 0.023490 0.010611 0.000355 0.207866 0.008107 2.304451
0.724642 0.025052 0.023497 0.010615 0.000358 0.207726 0.008111 2.306917
0.724671 0.025170 0.023556 0.010642 0.000358 0.207489 0.008114 2.309326
0.724807 0.025165 0.023536 0.010673 0.000358 0.207343 0.008117 2.311815
0.724956 0.025181 0.023591 0.010649 0.000363 0.207141 0.008119 2.314283
0.725061 0.025163 0.023624 0.010654 0.000357 0.207022 0.008120 2.316748
0.725195 0.025153 0.023642 0.010649 0.000355 0.206883 0.008123 2.319202
0.725255 0.025153 0.023637 0.010661 0.000354 0.206813 0.008126 2.321675
0.725324 0.025208 0.023635 0.010648 0.000350 0.206703 0.008130 2.324133
0.725439 0.025202 0.023678 0.010670 0.000347 0.206529 0.008134 2.326656
0.725478 0.025218 0.023729 0.010695 0.000350 0.206394 0.008136 2.329161
0.725606 0.025192 0.023680 0.010715 0.000350 0.206316 0.008141 2.331629
0.725681 0.025170 0.023675 0.010711 0.000349 0.206271 0.008143 2.334122
0.725899 0.025100 0.023655 0.010740 0.000351 0.206110 0.008146 2.336603
0.726075 0.025057 0.023663 0.010776 0.000355 0.205924 0.008150 2.339106
0.726259 0.025047 0.023700 0.010756 0.000355 0.205728 0.008154 2.341556
0.726394 0.025026 0.023713 0.010762 0.000351 0.205597 0.008157 2.344020
0.726484 0.025043 0.023708 0.010744 0.000353 0.205506 0.008161 2.346493
0.726559 0.025072 0.023738 0.010747 0.000355 0.205367 0.008163 2.348967
0.726693 0.025064 0.023764 0.010717 0.000355 0.205240 0.008166 2.351405
0.726762 0.024960 0.023827 0.010723 0.000356 0.205203 0.008168 2.353924
0.726800 0.024979 0.023853 0.010704 0.000356 0.205137 0.008171 2.356425
0.726871 0.025004 0.023812 0.010725 0.000355 0.205060 0.008173 2.358877
0.726886 0.025012 0.023800 0.010723 0.000359 0.205043 0.008177 2.361358
0.727048 0.024941 0.023804 0.010775 0.000360 0.204892 0.008182 2.363868
0.727185 0.024925 0.023822 0.010775 0.000363 0.204745 0.008185 2.366317
0.727291 0.024977 0.023777 0.010755 0.000363 0.204647 0.008189 2.368734
0.727351 0.025058 0.023728 0.010700 0.000361 0.204610 0.008191 2.371131
0.727439 0.025058 0.023781 0.010702 0.000361 0.204468 0.008192 2.373614
0.727637 0.025038 0.023762 0.010724 0.000358 0.204283 0.008198 2.376055
0.727728 0.025036 0.023793 0.010704 0.000357 0.204180 0.008201 2.378514
0.727727 0.025096 0.023784 0.010716 0.000363 0.204111 0.008203 2.380967
0.727767 0.025225 0.023735 0.010681 0.000360 0.204026 0.008205 2.383367
0.727843 0.025287 0.023757 0.010692 0.000364 0.203847 0.008209 2.385810
0.727962 0.025221 0.023792 0.010714 0.000365 0.203734 0.008212 2.388324
0.727999 0.025257 0.023827 0.010702 0.000368 0.203632 0.008215 2.390761
0.728074 0.025224 0.023848 0.010706 0.000377 0.203554 0.008218 2.393269
0.728172 0.025181 0.023900 0.010734 0.000373 0.203417 0.008222 2.395768
0.728273 0.025128 0.023943 0.010761 0.000370 0.203303 0.008223 2.398248
0.728252 0.025232 0.023938 0.010713 0.000364 0.203274 0.008227 2.400689
0.728326 0.025236 0.023986 0.010719 0.000363 0.203141 0.008229 2.403213
0.728336 0.025256 0.024017 0.010710 0.000360 0.203090 0.008230 2.405704
0.728469 0.025263 0.024034 0.010699 0.000356 0.202944 0.008234 2.408165
0.728468 0.025288 0.024084 0.010701 0.000356 0.202868 0.008235 2.410708
0.728531 0.025289 0.024128 0.010696 0.000350 0.202765 0.008241 2.413188
0.728493 0.025293 0.024167 0.010669 0.000355 0.202780 0.008243 2.415683
0.728449 0.025324 0.024160 0.010663 0.000356 0.202799 0.008249 2.418185
0.728532 0.025351 0.024116 0.010663 0.000352 0.202732 0.008253 2.420629
0.728552 0.025336 0.024115 0.010685 0.000354 0.202701 0.008256 2.423136
0.728633 0.025333 0.024121 0.010748 0.000350 0.202559 0.008257 2.425627
0.728649 0.025353 0.024131 0.010758 0.000350 0.202499 0.008259 2.428104
0.728714 0.025433 0.024083 0.010716 0.000350 0.202441 0.008264 2.430512
0.728727 0.025472 0.024027 0.010768 0.000351 0.202384 0.008270 2.432975
0.728749 0.025500 0.024023 0.010755 0.000350 0.202351 0.008275 2.435464
0.728814 0.025440 0.024033 0.010778 0.000346 0.202310 0.008279 2.437988
0.728894 0.025453 0.024030 0.010769 0.000355 0.202219 0.008280 2.440458
0.729023 0.025417 0.023967 0.010711 0.000354 0.202244 0.008284 2.442891
0.729036 0.025497 0.023973 0.010720 0.000349 0.202139 0.008286 2.445352
0.729168 0.025483 0.023963 0.010711 0.000340 0.202046 0.008290 2.447869
0.729243 0.025395 0.023962 0.010771 0.000339 0.201999 0.008292 2.450393
0.729218 0.025426 0.024048 0.010799 0.000340 0.201874 0.008296 2.452933
0.729337 0.025358 0.024052 0.010811 0.000341 0.201805 0.008297 2.455454
0.729380 0.025457 0.023986 0.010781 0.000342 0.201754 0.008299 2.457846
0.729366 0.025469 0.023950 0.010774 0.000338 0.201799 0.008303 2.460340
0.729376 0.025497 0.023995 0.010797 0.000338 0.201690 0.008306 2.462834
0.729468 0.025438 0.023998 0.010861 0.000340 0.201588 0.008307 2.465366
0.729455 0.025402 0.023989 0.010895 0.000341 0.201608 0.008311 2.467903
0.729417 0.025423 0.023981 0.010853 0.000342 0.201672 0.008312 2.470397
0.729393 0.025439 0.024028 0.010851 0.000342 0.201632 0.008315 2.472893
0.729386 0.025450 0.024077 0.010822 0.000339 0.201608 0.008319 2.475418
0.729525 0.025509 0.024063 0.010815 0.000335 0.201431 0.008323 2.477864
0.729615 0.025492 0.024135 0.010826 0.000333 0.201272 0.008326 2.480360
0.729560 0.025502 0.024207 0.010834 0.000328 0.201240 0.008330 2.482887
0.729519 0.025493 0.024124 0.010907 0.000331 0.201293 0.008332 2.485421
0.729496 0.025548 0.024169 0.010822 0.000334 0.201293 0.008339 2.487906
0.729471 0.025602 0.024131 0.010837 0.000335 0.201282 0.008341 2.490398
0.729426 0.025668 0.024110 0.010840 0.000335 0.201278 0.008345 2.492900
0.729407 0.025626 0.024147 0.010856 0.000341 0.201275 0.008347 2.495436
0.729364 0.025666 0.024232 0.010850 0.000340 0.201200 0.008348 2.497981
0.729312 0.025741 0.024178 0.010842 0.000338 0.201237 0.008353 2.500441
0.729268 0.025787 0.024139 0.010849 0.000342 0.201262 0.008354 2.502926
0.729294 0.025702 0.024180 0.010917 0.000338 0.201209 0.008359 2.505500
0.729351 0.025648 0.024160 0.010921 0.000343 0.201215 0.008363 2.508013
0.729341 0.025657 0.024104 0.010918 0.000344 0.201270 0.008367 2.510507
0.729306 0.025703 0.024114 0.010888 0.000345 0.201274 0.008371 2.513004
0.729242 0.025751 0.024146 0.010932 0.000349 0.201205 0.008375 2.515548
0.729272 0.025785 0.024164 0.010876 0.000348 0.201178 0.008377 2.518052
0.729264 0.025754 0.024202 0.010875 0.000343 0.201181 0.008381 2.520617
0.729224 0.025757 0.024170 0.010882 0.000342 0.201240 0.008386 2.523151
0.729176 0.025785 0.024191 0.010905 0.000341 0.201216 0.008388 2.525703
0.729255 0.025682 0.024241 0.010951 0.000337 0.201144 0.008390 2.528278
0.729247 0.025724 0.024152 0.010979 0.000340 0.201167 0.008391 2.530777
0.729317 0.025663 0.024255 0.010976 0.000339 0.201059 0.008393 2.533340
0.729451 0.025558 0.024307 0.010969 0.000341 0.200980 0.008396 2.535893
0.729469 0.025606 0.024289 0.010967 0.000348 0.200925 0.008397 2.538395
0.729376 0.025667 0.024230 0.010942 0.000343 0.201042 0.008400 2.540898
0.729422 0.025634 0.024313 0.010981 0.000342 0.200905 0.008403 2.543453
0.729415 0.025612 0.024359 0.010944 0.000345 0.200922 0.008404 2.545957
0.729391 0.025616 0.024315 0.010937 0.000349 0.200986 0.008407 2.548480
0.729408 0.025626 0.024305 0.010906 0.000353 0.200990 0.008412 2.550993
0.729352 0.025683 0.024278 0.010917 0.000356 0.201000 0.008415 2.553473
0.729277 0.025736 0.024293 0.010910 0.000355 0.201012 0.008416 2.556002
0.729174 0.025828 0.024324 0.010875 0.000358 0.201021 0.008422 2.558510
0.729186 0.025842 0.024328 0.010890 0.000360 0.200969 0.008425 2.561053
0.729163 0.025854 0.024316 0.010902 0.000361 0.200977 0.008429 2.563592
0.729091 0.025830 0.024339 0.010928 0.000355 0.201026 0.008432 2.566158
0.729155 0.025796 0.024344 0.010958 0.000354 0.200959 0.008435 2.568678
0.729031 0.025846 0.024378 0.010935 0.000354 0.201019 0.008439 2.571203
0.729029 0.025927 0.024388 0.010911 0.000349 0.200956 0.008441 2.573693
0.729097 0.025910 0.024320 0.010892 0.000351 0.200986 0.008445 2.576164
0.729081 0.025978 0.024293 0.010910 0.000349 0.200941 0.008448 2.578674
0.729032 0.026010 0.024294 0.010928 0.000343 0.200941 0.008453 2.581208
0.729065 0.025970 0.024328 0.011005 0.000342 0.200833 0.008457 2.583779
0.729087 0.025930 0.024352 0.011036 0.000339 0.200796 0.008460 2.586349
0.728996 0.025930 0.024370 0.011028 0.000337 0.200874 0.008466 2.588904
0.728988 0.025938 0.024344 0.010981 0.000339 0.200938 0.008471 2.591425
0.729006 0.025902 0.024373 0.010995 0.000335 0.200918 0.008473 2.593999
0.728919 0.025952 0.024392 0.010955 0.000334 0.200971 0.008478 2.596525
0.728947 0.025957 0.024426 0.010951 0.000340 0.200899 0.008481 2.599058
0.728867 0.025975 0.024487 0.010955 0.000339 0.200893 0.008484 2.601646
0.728783 0.025901 0.024534 0.011004 0.000342 0.200950 0.008486 2.604269
0.728746 0.025914 0.024569 0.011009 0.000347 0.200928 0.008488 2.606819
0.728733 0.025911 0.024589 0.010997 0.000347 0.200933 0.008493 2.609341
0.728578 0.025903 0.024661 0.011024 0.000344 0.200996 0.008495 2.611998
0.728554 0.025918 0.024592 0.011012 0.000344 0.201085 0.008497 2.614468
0.728524 0.025934 0.024645 0.011029 0.000345 0.201022 0.008500 2.617023
0.728458 0.025931 0.024657 0.011056 0.000346 0.201048 0.008504 2.619585
0.728394 0.025951 0.024626 0.011061 0.000353 0.201110 0.008505 2.622117
0.728334 0.025959 0.024621 0.011051 0.000360 0.201167 0.008507 2.624627
0.728358 0.025891 0.024688 0.011076 0.000361 0.201114 0.008511 2.627193
0.728238 0.025961 0.024647 0.011087 0.000365 0.201191 0.008512 2.629721
0.728234 0.025874 0.024664 0.011116 0.000363 0.201235 0.008514 2.632288
0.728275 0.025836 0.024669 0.011126 0.000369 0.201208 0.008517 2.634793
0.728261 0.025812 0.024621 0.011130 0.000375 0.201283 0.008519 2.637338
0.728228 0.025788 0.024611 0.011122 0.000375 0.201355 0.008523 2.639869
0.728194 0.025783 0.024547 0.011112 0.000370 0.201468 0.008528 2.642376
0.728349 0.025710 0.024556 0.011166 0.000370 0.201319 0.008532 2.644942
0.728367 0.025657 0.024549 0.011125 0.000370 0.201398 0.008535 2.647465
0.728402 0.025667 0.024516 0.011066 0.000371 0.201442 0.008537 2.649943
0.728474 0.025616 0.024512 0.011079 0.000376 0.201405 0.008537 2.652495
0.728495 0.025658 0.024467 0.011007 0.000378 0.201456 0.008539 2.654947
0.728454 0.025686 0.024436 0.011044 0.000375 0.201464 0.008540 2.657480
0.728439 0.025765 0.024433 0.011055 0.000370 0.201393 0.008546 2.659918
0.728485 0.025796 0.024405 0.010988 0.000372 0.201404 0.008551 2.662397
0.728536 0.025791 0.024400 0.010977 0.000364 0.201376 0.008557 2.664910
0.728562 0.025822 0.024400 0.011011 0.000362 0.201284 0.008561 2.667430
0.728546 0.025802 0.024416 0.011046 0.000361 0.201264 0.008564 2.669969
0.728560 0.025776 0.024387 0.011028 0.000359 0.201322 0.008569 2.672468
0.728581 0.025721 0.024452 0.010995 0.000364 0.201314 0.008573 2.675020
0.728563 0.025692 0.024476 0.010972 0.000368 0.201353 0.008577 2.677553
0.728589 0.025657 0.024440 0.011035 0.000369 0.201331 0.008579 2.680106
0.728579 0.025681 0.024387 0.010975 0.000367 0.201431 0.008582 2.682561
0.728663 0.025660 0.024449 0.010985 0.000369 0.201289 0.008584 2.685069
0.728696 0.025646 0.024416 0.010957 0.000373 0.201325 0.008587 2.687563
0.728652 0.025619 0.024425 0.010972 0.000371 0.201374 0.008589 2.690090
0.728693 0.025543 0.024398 0.010962 0.000365 0.201447 0.008593 2.692603
0.728637 0.025612 0.024380 0.010962 0.000372 0.201440 0.008597 2.695092
0.728625 0.025627 0.024326 0.010971 0.000372 0.201482 0.008599 2.697604
0.728717 0.025540 0.024322 0.010956 0.000367 0.201493 0.008606 2.700135
0.728746 0.025526 0.024319 0.010935 0.000369 0.201496 0.008609 2.702640
0.728757 0.025528 0.024304 0.010881 0.000370 0.201546 0.008614 2.705124
0.728788 0.025540 0.024308 0.010859 0.000369 0.201519 0.008617 2.707624
0.728740 0.025583 0.024290 0.010907 0.000368 0.201493 0.008621 2.710143
0.728827 0.025476 0.024224 0.010942 0.000371 0.201536 0.008624 2.712665
0.728805 0.025390 0.024225 0.010978 0.000371 0.201604 0.008627 2.715243
0.728819 0.025392 0.024205 0.010959 0.000373 0.201624 0.008628 2.717717
0.728802 0.025431 0.024185 0.011023 0.000377 0.201551 0.008632 2.720255
0.728846 0.025398 0.024274 0.011020 0.000371 0.201456 0.008636 2.722797
0.728858 0.025417 0.024324 0.010952 0.000369 0.201444 0.008638 2.725309
0.728879 0.025412 0.024343 0.010918 0.000365 0.201441 0.008642 2.727770
0.728861 0.025386 0.024342 0.010907 0.000363 0.201496 0.008646 2.730293
0.728824 0.025420 0.024352 0.010905 0.000355 0.201494 0.008651 2.732788
0.728814 0.025396 0.024345 0.010888 0.000350 0.201552 0.008654 2.735297
0.728837 0.025415 0.024290 0.010870 0.000345 0.201584 0.008659 2.737740
0.728850 0.025441 0.024193 0.010908 0.000346 0.201601 0.008662 2.740202
0.728940 0.025440 0.024077 0.010948 0.000348 0.201585 0.008664 2.742676
0.729022 0.025477 0.024060 0.010886 0.000347 0.201539 0.008667 2.745116
0.729128 0.025447 0.024050 0.010884 0.000353 0.201467 0.008672 2.747592
0.729098 0.025458 0.024029 0.010909 0.000354 0.201477 0.008675 2.750082
0.729115 0.025412 0.023993 0.010963 0.000350 0.201490 0.008678 2.752625
0.729071 0.025379 0.024057 0.010950 0.000351 0.201513 0.008679 2.755130
0.729179 0.025326 0.024045 0.010919 0.000354 0.201499 0.008680 2.757601
0.729273 0.025353 0.024020 0.010886 0.000358 0.201429 0.008682 2.760067
0.729377 0.025312 0.023967 0.010894 0.000359 0.201408 0.008686 2.762564
0.729410 0.025383 0.023943 0.010927 0.000353 0.201296 0.008688 2.765034
0.729518 0.025312 0.023919 0.010903 0.000354 0.201302 0.008693 2.767542
0.729624 0.025232 0.023938 0.010910 0.000353 0.201248 0.008696 2.770065
0.729742 0.025209 0.023929 0.010887 0.000351 0.201183 0.008699 2.772525
0.729753 0.025254 0.023943 0.010859 0.000354 0.201136 0.008701 2.774965
0.729739 0.025327 0.023839 0.010860 0.000357 0.201173 0.008704 2.777430
0.729833 0.025282 0.023882 0.010845 0.000355 0.201096 0.008707 2.779921
0.729844 0.025317 0.023908 0.010828 0.000348 0.201042 0.008714 2.782401
0.729827 0.025342 0.023868 0.010813 0.000348 0.201085 0.008718 2.784884
0.729865 0.025313 0.023929 0.010842 0.000350 0.200981 0.008720 2.787409
0.729968 0.025234 0.023936 0.010868 0.000353 0.200920 0.008721 2.789901
0.730076 0.025172 0.023971 0.010852 0.000359 0.200844 0.008725 2.792390
0.730125 0.025263 0.023927 0.010813 0.000367 0.200779 0.008726 2.794802
0.730077 0.025366 0.023878 0.010791 0.000370 0.200790 0.008728 2.797228
0.730131 0.025381 0.023841 0.010824 0.000369 0.200724 0.008732 2.799715
0.730044 0.025413 0.023869 0.010849 0.000369 0.200721 0.008737 2.802197
0.730043 0.025461 0.023844 0.010862 0.000373 0.200679 0.008739 2.804642
0.729961 0.025546 0.023866 0.010876 0.000372 0.200638 0.008741 2.807126
0.729949 0.025582 0.023830 0.010867 0.000378 0.200651 0.008744 2.809628
0.729961 0.025542 0.023955 0.010890 0.000374 0.200533 0.008746 2.812158
0.729980 0.025455 0.023977 0.010937 0.000370 0.200534 0.008747 2.814715
0.729951 0.025430 0.023992 0.010939 0.000361 0.200579 0.008750 2.817235
0.729950 0.025458 0.024009 0.010929 0.000362 0.200539 0.008753 2.819722
0.729935 0.025511 0.024022 0.010857 0.000356 0.200563 0.008757 2.822142
0.729914 0.025547 0.023975 0.010846 0.000363 0.200593 0.008761 2.824612
0.729938 0.025528 0.024062 0.010873 0.000366 0.200470 0.008764 2.827137
0.729953 0.025483 0.024158 0.010858 0.000363 0.200420 0.008767 2.829697
0.729900 0.025494 0.024162 0.010820 0.000356 0.200497 0.008771 2.832200
0.729869 0.025593 0.024103 0.010804 0.000358 0.200500 0.008774 2.834640
0.729925 0.025611 0.024043 0.010774 0.000359 0.200511 0.008778 2.837078
0.729885 0.025627 0.024087 0.010774 0.000360 0.200485 0.008783 2.839578
0.729863 0.025649 0.024115 0.010814 0.000361 0.200412 0.008786 2.842122
0.729748 0.025768 0.024138 0.010804 0.000363 0.200392 0.008788 2.844585
0.729739 0.025773 0.024119 0.010854 0.000359 0.200363 0.008792 2.847120
0.729745 0.025711 0.024155 0.010905 0.000359 0.200330 0.008795 2.849688
0.729740 0.025693 0.024101 0.010926 0.000355 0.200389 0.008797 2.852219
0.729682 0.025785 0.024105 0.010905 0.000360 0.200365 0.008798 2.854699
0.729696 0.025740 0.024129 0.010914 0.000361 0.200358 0.008802 2.857273
0.729731 0.025662 0.024169 0.010924 0.000363 0.200346 0.008806 2.859796
0.729662 0.025648 0.024180 0.010947 0.000361 0.200394 0.008808 2.862362
0.729635 0.025723 0.024111 0.010939 0.000364 0.200419 0.008810 2.864781
0.729689 0.025690 0.024134 0.010908 0.000368 0.200398 0.008814 2.867319
0.729613 0.025690 0.024107 0.010941 0.000366 0.200467 0.008817 2.869863
0.729669 0.025644 0.024150 0.010925 0.000365 0.200428 0.008819 2.872408
0.729633 0.025584 0.024193 0.010930 0.000367 0.200472 0.008821 2.874958
0.729582 0.025610 0.024249 0.010895 0.000368 0.200474 0.008824 2.877477
0.729607 0.025590 0.024225 0.010912 0.000369 0.200473 0.008825 2.880033
0.729719 0.025528 0.024258 0.010927 0.000368 0.200371 0.008829 2.882550
0.729670 0.025563 0.024216 0.010942 0.000367 0.200411 0.008831 2.885044
0.729712 0.025485 0.024253 0.010954 0.000364 0.200399 0.008833 2.887567
0.729756 0.025488 0.024282 0.010939 0.000362 0.200336 0.008837 2.890066
0.729751 0.025565 0.024239 0.010936 0.000361 0.200307 0.008841 2.892513
0.729814 0.025552 0.024181 0.010954 0.000357 0.200298 0.008844 2.894996
0.729791 0.025534 0.024153 0.010932 0.000360 0.200382 0.008848 2.897497
0.729841 0.025463 0.024185 0.010911 0.000360 0.200393 0.008849 2.900046
0.729871 0.025421 0.024211 0.010896 0.000360 0.200388 0.008853 2.902530
0.729858 0.025393 0.024199 0.010909 0.000359 0.200425 0.008856 2.905075
0.729838 0.025438 0.024130 0.010889 0.000353 0.200492 0.008860 2.907536
0.729777 0.025451 0.024155 0.010910 0.000357 0.200485 0.008865 2.910066
0.729838 0.025428 0.024196 0.010893 0.000355 0.200422 0.008869 2.912539
0.729909 0.025415 0.024176 0.010870 0.000356 0.200403 0.008872 2.915002
0.729897 0.025413 0.024186 0.010865 0.000364 0.200400 0.008874 2.917503
0.729901 0.025376 0.024256 0.010871 0.000355 0.200362 0.008878 2.920027
0.729932 0.025432 0.024188 0.010832 0.000348 0.200388 0.008880 2.922464
0.729924 0.025398 0.024209 0.010848 0.000347 0.200393 0.008883 2.924995
0.729967 0.025415 0.024175 0.010827 0.000347 0.200383 0.008886 2.927450
0.730018 0.025336 0.024211 0.010842 0.000339 0.200367 0.008889 2.929980
0.730079 0.025310 0.024118 0.010818 0.000339 0.200446 0.008892 2.932421
0.730143 0.025300 0.024086 0.010801 0.000341 0.200435 0.008894 2.934889
0.730132 0.025255 0.024082 0.010852 0.000345 0.200438 0.008897 2.937384
0.730107 0.025267 0.024081 0.010827 0.000350 0.200469 0.008899 2.939845
0.730106 0.025240 0.024164 0.010832 0.000350 0.200405 0.008903 2.942363
0.730149 0.025208 0.024142 0.010802 0.000353 0.200443 0.008905 2.944859
0.730188 0.025197 0.024125 0.010785 0.000353 0.200446 0.008908 2.947318
0.730213 0.025201 0.024151 0.010818 0.000354 0.200353 0.008912 2.949788
0.730290 0.025053 0.024205 0.010778 0.000357 0.200403 0.008913 2.952315
0.730363 0.025060 0.024244 0.010755 0.000357 0.200305 0.008917 2.954779
0.730329 0.025048 0.024191 0.010744 0.000363 0.200406 0.008919 2.957255
0.730377 0.025091 0.024092 0.010736 0.000365 0.200418 0.008921 2.959677
0.730405 0.025113 0.024061 0.010733 0.000362 0.200404 0.008924 2.962124
0.730329 0.025128 0.024113 0.010724 0.000364 0.200417 0.008926 2.964635
0.730331 0.025087 0.024103 0.010702 0.000365 0.200483 0.008929 2.967139
0.730440 0.025112 0.024051 0.010695 0.000364 0.200404 0.008935 2.969564
0.730582 0.025070 0.024015 0.010682 0.000365 0.200348 0.008939 2.972019
0.730597 0.025071 0.023992 0.010758 0.000366 0.200276 0.008941 2.974518
0.730560 0.025127 0.023994 0.010786 0.000370 0.200220 0.008943 2.976979
0.730639 0.025076 0.024015 0.010823 0.000369 0.200134 0.008946 2.979461
0.730709 0.025115 0.023979 0.010746 0.000371 0.200127 0.008953 2.981900
0.730692 0.025119 0.023967 0.010719 0.000372 0.200177 0.008955 2.984375
0.730738 0.025194 0.023904 0.010669 0.000372 0.200166 0.008957 2.986785
0.730793 0.025164 0.023912 0.010661 0.000369 0.200140 0.008960 2.989277
