0.349741 0.063211 0.056027 0.032360 0.002111 0.490496 0.006055 1.597716
0.352244 0.060835 0.055951 0.032186 0.002111 0.490592 0.006080 1.603758
0.355592 0.057736 0.055836 0.031831 0.002135 0.490769 0.006101 1.609656
0.359540 0.054503 0.055514 0.031329 0.002126 0.490863 0.006125 1.615099
0.363927 0.051083 0.055037 0.030833 0.002135 0.490835 0.006150 1.620345
0.368444 0.047847 0.054514 0.030154 0.002135 0.490730 0.006178 1.625209
0.373229 0.044712 0.053668 0.029463 0.002125 0.490595 0.006208 1.629752
0.378127 0.041609 0.052818 0.028725 0.002114 0.490373 0.006234 1.634104
0.383018 0.038916 0.051657 0.027977 0.002099 0.490067 0.006265 1.637973
0.388105 0.036220 0.050556 0.027148 0.002093 0.489582 0.006297 1.641682
0.393312 0.033755 0.049369 0.026288 0.002077 0.488874 0.006324 1.645122
0.398537 0.031414 0.048107 0.025490 0.002054 0.488051 0.006347 1.648360
0.403862 0.029314 0.046761 0.024588 0.002044 0.487052 0.006379 1.651294
0.409176 0.027368 0.045446 0.023694 0.002033 0.485879 0.006403 1.654036
0.414579 0.025576 0.044045 0.022788 0.002018 0.484566 0.006429 1.656595
0.419935 0.023877 0.042649 0.021875 0.002004 0.483209 0.006452 1.659026
0.425214 0.022342 0.041229 0.021040 0.001977 0.481724 0.006474 1.661265
0.430549 0.020877 0.039881 0.020172 0.001952 0.480066 0.006504 1.663387
0.435908 0.019507 0.038558 0.019356 0.001917 0.478221 0.006533 1.665413
0.441257 0.018337 0.037109 0.018519 0.001867 0.476352 0.006559 1.667236
0.446633 0.017166 0.035723 0.017711 0.001853 0.474340 0.006574 1.668982
0.451951 0.016108 0.034436 0.016917 0.001823 0.472163 0.006603 1.670641
0.457268 0.015140 0.033176 0.016164 0.001789 0.469835 0.006628 1.672159
0.462624 0.014242 0.031886 0.015440 0.001744 0.467410 0.006654 1.673588
0.467882 0.013433 0.030639 0.014716 0.001722 0.464934 0.006674 1.674934
0.473189 0.012642 0.029341 0.014032 0.001677 0.462427 0.006692 1.676240
0.478493 0.011946 0.028104 0.013383 0.001634 0.459722 0.006718 1.677435
0.483707 0.011327 0.027056 0.012747 0.001591 0.456826 0.006748 1.678580
0.488950 0.010682 0.025948 0.012187 0.001567 0.453895 0.006770 1.679697
0.494302 0.010107 0.024916 0.011634 0.001529 0.450723 0.006788 1.680713
0.499496 0.009551 0.023910 0.011095 0.001502 0.447642 0.006804 1.681717
0.504610 0.009102 0.022865 0.010595 0.001464 0.444543 0.006822 1.682606
0.509702 0.008693 0.021832 0.010054 0.001431 0.441452 0.006837 1.683435
0.514768 0.008255 0.020917 0.009606 0.001393 0.438205 0.006857 1.684281
0.519882 0.007880 0.019997 0.009174 0.001373 0.434826 0.006869 1.685052
0.524969 0.007518 0.019116 0.008733 0.001340 0.431440 0.006885 1.685801
0.529970 0.007162 0.018350 0.008354 0.001299 0.427956 0.006909 1.686548
0.534945 0.006870 0.017546 0.007940 0.001270 0.424503 0.006928 1.687212
0.539760 0.006632 0.016754 0.007555 0.001237 0.421119 0.006943 1.687845
0.544759 0.006344 0.016036 0.007201 0.001214 0.417487 0.006959 1.688496
0.549658 0.006076 0.015374 0.006853 0.001186 0.413881 0.006973 1.689121
0.554422 0.005833 0.014700 0.006533 0.001162 0.410362 0.006987 1.689712
0.559248 0.005588 0.014044 0.006235 0.001136 0.406749 0.007001 1.690272
0.563960 0.005412 0.013411 0.005940 0.001105 0.403157 0.007016 1.690784
0.568700 0.005246 0.012815 0.005686 0.001064 0.399458 0.007031 1.691288
0.573305 0.005063 0.012287 0.005440 0.001035 0.395826 0.007042 1.691799
0.577941 0.004874 0.011789 0.005223 0.001003 0.392113 0.007058 1.692302
0.582564 0.004703 0.011278 0.005003 0.000979 0.388402 0.007072 1.692767
0.587012 0.004521 0.010837 0.004773 0.000946 0.384826 0.007086 1.693238
0.591491 0.004397 0.010378 0.004540 0.000918 0.381178 0.007098 1.693661
0.595925 0.004249 0.009978 0.004369 0.000896 0.377471 0.007110 1.694094
0.600284 0.004132 0.009598 0.004193 0.000863 0.373808 0.007121 1.694502
0.604675 0.004009 0.009222 0.004008 0.000832 0.370122 0.007133 1.694902
0.609102 0.003910 0.008845 0.003830 0.000813 0.366357 0.007145 1.695280
0.613445 0.003809 0.008447 0.003653 0.000793 0.362697 0.007156 1.695662
0.617670 0.003698 0.008117 0.003527 0.000773 0.359047 0.007167 1.696041
0.621889 0.003596 0.007792 0.003368 0.000746 0.355432 0.007178 1.696395
0.626159 0.003519 0.007495 0.003210 0.000716 0.351705 0.007197 1.696723
0.630388 0.003437 0.007237 0.003087 0.000694 0.347950 0.007208 1.697066
0.634542 0.003333 0.006958 0.002974 0.000668 0.344307 0.007218 1.697404
0.638526 0.003265 0.006686 0.002851 0.000644 0.340799 0.007230 1.697727
0.642544 0.003232 0.006419 0.002730 0.000625 0.337215 0.007236 1.698020
0.646497 0.003195 0.006181 0.002611 0.000602 0.333671 0.007244 1.698306
0.650453 0.003124 0.005980 0.002519 0.000579 0.330091 0.007255 1.698609
0.654340 0.003046 0.005757 0.002428 0.000566 0.326602 0.007261 1.698907
0.658212 0.002965 0.005578 0.002362 0.000550 0.323067 0.007268 1.699211
0.662072 0.002904 0.005385 0.002286 0.000529 0.319546 0.007278 1.699490
0.665837 0.002829 0.005193 0.002209 0.000509 0.316134 0.007288 1.699785
0.669582 0.002743 0.005050 0.002134 0.000493 0.312703 0.007296 1.700077
0.673267 0.002654 0.004899 0.002059 0.000484 0.309336 0.007301 1.700355
0.676916 0.002595 0.004734 0.001986 0.000467 0.305994 0.007309 1.700606
0.680544 0.002544 0.004585 0.001911 0.000453 0.302649 0.007313 1.700849
0.684056 0.002502 0.004415 0.001852 0.000445 0.299413 0.007318 1.701101
0.687545 0.002459 0.004271 0.001776 0.000436 0.296190 0.007323 1.701342
0.691075 0.002401 0.004148 0.001727 0.000422 0.292900 0.007329 1.701596
0.694545 0.002357 0.004019 0.001672 0.000412 0.289661 0.007334 1.701820
0.697952 0.002306 0.003917 0.001614 0.000401 0.286473 0.007338 1.702054
0.701327 0.002249 0.003825 0.001560 0.000389 0.283307 0.007344 1.702285
0.704692 0.002214 0.003721 0.001522 0.000377 0.280124 0.007350 1.702511
0.707970 0.002200 0.003605 0.001472 0.000365 0.277034 0.007356 1.702724
0.711256 0.002171 0.003495 0.001439 0.000355 0.273928 0.007358 1.702932
0.714448 0.002126 0.003397 0.001407 0.000349 0.270914 0.007361 1.703157
0.717616 0.002102 0.003314 0.001353 0.000336 0.267914 0.007366 1.703358
0.720771 0.002075 0.003209 0.001311 0.000324 0.264941 0.007370 1.703558
0.723946 0.002051 0.003139 0.001268 0.000313 0.261909 0.007375 1.703753
0.726998 0.002015 0.003067 0.001231 0.000303 0.259008 0.007379 1.703954
0.730065 0.001985 0.002979 0.001191 0.000298 0.256101 0.007382 1.704146
0.733104 0.001940 0.002927 0.001176 0.000292 0.253177 0.007385 1.704356
0.736122 0.001885 0.002868 0.001142 0.000280 0.250312 0.007391 1.704563
0.739084 0.001885 0.002775 0.001121 0.000269 0.247469 0.007397 1.704740
0.741986 0.001824 0.002726 0.001101 0.000263 0.244700 0.007401 1.704949
0.744861 0.001822 0.002649 0.001072 0.000254 0.241939 0.007405 1.705121
0.747680 0.001809 0.002574 0.001053 0.000248 0.239227 0.007409 1.705284
0.750552 0.001794 0.002516 0.001027 0.000243 0.236458 0.007411 1.705447
0.753385 0.001770 0.002476 0.001001 0.000235 0.233720 0.007414 1.705635
0.756104 0.001746 0.002431 0.000972 0.000228 0.231106 0.007415 1.705803
0.758883 0.001717 0.002365 0.000957 0.000223 0.228439 0.007418 1.705968
0.761535 0.001702 0.002326 0.000924 0.000214 0.225878 0.007422 1.706125
0.764225 0.001684 0.002278 0.000907 0.000208 0.223275 0.007424 1.706289
0.766849 0.001678 0.002213 0.000878 0.000201 0.220756 0.007426 1.706443
0.769411 0.001667 0.002159 0.000867 0.000196 0.218274 0.007427 1.706610
0.772057 0.001634 0.002117 0.000851 0.000190 0.215723 0.007429 1.706786
0.774626 0.001629 0.002065 0.000835 0.000187 0.213226 0.007432 1.706941
0.777182 0.001615 0.002028 0.000821 0.000180 0.210739 0.007435 1.707096
0.779666 0.001596 0.002001 0.000805 0.000174 0.208320 0.007438 1.707262
0.782119 0.001575 0.001959 0.000793 0.000167 0.205946 0.007442 1.707408
0.784533 0.001551 0.001941 0.000789 0.000160 0.203582 0.007444 1.707577
0.786935 0.001553 0.001894 0.000778 0.000155 0.201237 0.007448 1.707715
0.789257 0.001542 0.001869 0.000761 0.000151 0.198969 0.007451 1.707872
0.791623 0.001519 0.001856 0.000745 0.000146 0.196658 0.007455 1.708029
0.793971 0.001514 0.001821 0.000723 0.000141 0.194372 0.007457 1.708159
0.796222 0.001496 0.001804 0.000721 0.000139 0.192161 0.007458 1.708313
0.798527 0.001498 0.001778 0.000713 0.000137 0.189888 0.007459 1.708460
0.800733 0.001494 0.001752 0.000700 0.000135 0.187726 0.007460 1.708595
0.802961 0.001481 0.001722 0.000685 0.000133 0.185556 0.007461 1.708727
0.805138 0.001477 0.001699 0.000681 0.000129 0.183415 0.007462 1.708871
0.807344 0.001452 0.001675 0.000671 0.000122 0.181273 0.007464 1.709016
0.809488 0.001414 0.001656 0.000675 0.000117 0.179186 0.007465 1.709160
0.811658 0.001399 0.001641 0.000664 0.000112 0.177059 0.007467 1.709294
0.813759 0.001374 0.001633 0.000659 0.000110 0.174997 0.007469 1.709434
0.815767 0.001386 0.001610 0.000649 0.000108 0.173012 0.007470 1.709571
0.817828 0.001371 0.001595 0.000651 0.000105 0.170979 0.007471 1.709716
0.819780 0.001358 0.001579 0.000645 0.000103 0.169065 0.007472 1.709854
0.821764 0.001337 0.001555 0.000645 0.000100 0.167127 0.007473 1.709993
0.823769 0.001316 0.001530 0.000643 0.000098 0.165171 0.007474 1.710124
0.825721 0.001294 0.001516 0.000638 0.000096 0.163261 0.007475 1.710256
0.827672 0.001307 0.001501 0.000625 0.000096 0.161326 0.007475 1.710376
0.829495 0.001304 0.001498 0.000613 0.000093 0.159521 0.007477 1.710504
0.831417 0.001266 0.001487 0.000603 0.000087 0.157662 0.007480 1.710647
0.833203 0.001263 0.001460 0.000593 0.000084 0.155916 0.007482 1.710771
0.834974 0.001255 0.001445 0.000583 0.000081 0.154178 0.007483 1.710897
0.836796 0.001240 0.001445 0.000578 0.000079 0.152379 0.007484 1.711030
0.838600 0.001235 0.001426 0.000575 0.000076 0.150603 0.007485 1.711149
0.840341 0.001234 0.001410 0.000580 0.000075 0.148874 0.007486 1.711271
0.842071 0.001227 0.001371 0.000571 0.000071 0.147201 0.007488 1.711386
0.843814 0.001202 0.001361 0.000564 0.000072 0.145499 0.007488 1.711514
0.845520 0.001198 0.001351 0.000562 0.000072 0.143810 0.007488 1.711629
0.847167 0.001198 0.001339 0.000550 0.000072 0.142186 0.007488 1.711737
0.848841 0.001194 0.001314 0.000543 0.000070 0.140551 0.007489 1.711848
0.850423 0.001205 0.001311 0.000538 0.000070 0.138964 0.007489 1.711965
0.852104 0.001208 0.001286 0.000543 0.000066 0.137303 0.007491 1.712070
0.853716 0.001188 0.001285 0.000536 0.000064 0.135718 0.007492 1.712195
0.855264 0.001170 0.001292 0.000526 0.000063 0.134193 0.007493 1.712320
0.856835 0.001179 0.001276 0.000529 0.000063 0.132627 0.007493 1.712427
0.858360 0.001164 0.001270 0.000527 0.000060 0.131125 0.007495 1.712548
0.859843 0.001153 0.001273 0.000525 0.000059 0.129652 0.007496 1.712666
0.861333 0.001154 0.001257 0.000522 0.000058 0.128179 0.007497 1.712774
0.862780 0.001150 0.001254 0.000523 0.000057 0.126739 0.007497 1.712890
0.864224 0.001141 0.001236 0.000517 0.000058 0.125327 0.007497 1.713003
0.865722 0.001131 0.001217 0.000525 0.000056 0.123853 0.007498 1.713118
0.867114 0.001139 0.001197 0.000518 0.000056 0.122479 0.007498 1.713230
0.868517 0.001136 0.001184 0.000512 0.000057 0.121097 0.007498 1.713342
0.869911 0.001122 0.001193 0.000512 0.000056 0.119708 0.007499 1.713457
0.871262 0.001118 0.001185 0.000512 0.000056 0.118369 0.007499 1.713570
0.872593 0.001121 0.001182 0.000508 0.000054 0.117043 0.007500 1.713674
0.873899 0.001110 0.001181 0.000507 0.000054 0.115750 0.007500 1.713786
0.875279 0.001096 0.001169 0.000502 0.000053 0.114400 0.007500 1.713900
0.876572 0.001089 0.001168 0.000498 0.000053 0.113118 0.007502 1.714007
0.877939 0.001061 0.001162 0.000485 0.000051 0.111799 0.007503 1.714113
0.879248 0.001039 0.001153 0.000483 0.000051 0.110523 0.007503 1.714221
0.880507 0.001027 0.001148 0.000477 0.000049 0.109288 0.007503 1.714335
0.881672 0.001045 0.001146 0.000463 0.000047 0.108123 0.007504 1.714434
0.882911 0.001034 0.001141 0.000463 0.000045 0.106902 0.007504 1.714549
0.884105 0.001028 0.001136 0.000456 0.000044 0.105727 0.007505 1.714651
0.885338 0.001020 0.001137 0.000454 0.000041 0.104505 0.007506 1.714753
0.886483 0.001010 0.001132 0.000449 0.000042 0.103379 0.007506 1.714860
0.887639 0.001004 0.001139 0.000438 0.000039 0.102236 0.007507 1.714964
0.888845 0.000980 0.001137 0.000435 0.000040 0.101057 0.007507 1.715073
0.890015 0.000971 0.001121 0.000432 0.000037 0.099918 0.007508 1.715168
0.891178 0.000985 0.001109 0.000428 0.000035 0.098757 0.007508 1.715261
0.892248 0.000994 0.001092 0.000426 0.000034 0.097698 0.007509 1.715354
0.893353 0.001004 0.001074 0.000425 0.000033 0.096603 0.007509 1.715450
0.894424 0.001015 0.001054 0.000425 0.000033 0.095541 0.007509 1.715540
0.895483 0.001026 0.001044 0.000414 0.000033 0.094491 0.007509 1.715623
0.896513 0.001017 0.001037 0.000426 0.000033 0.093467 0.007509 1.715730
0.897535 0.001025 0.001022 0.000419 0.000034 0.092456 0.007510 1.715830
0.898558 0.001012 0.001030 0.000422 0.000033 0.091436 0.007510 1.715941
0.899577 0.001014 0.001035 0.000423 0.000031 0.090410 0.007511 1.716043
0.900571 0.001018 0.001031 0.000423 0.000031 0.089416 0.007511 1.716145
0.901561 0.001027 0.001023 0.000417 0.000032 0.088430 0.007512 1.716238
0.902507 0.001018 0.001024 0.000420 0.000032 0.087487 0.007512 1.716339
0.903416 0.001037 0.001012 0.000420 0.000032 0.086573 0.007512 1.716434
0.904291 0.001042 0.001015 0.000415 0.000032 0.085693 0.007512 1.716544
0.905201 0.001041 0.001022 0.000423 0.000032 0.084768 0.007512 1.716657
0.906054 0.001039 0.001021 0.000424 0.000031 0.083918 0.007514 1.716761
0.906917 0.001053 0.001019 0.000423 0.000030 0.083045 0.007515 1.716857
0.907809 0.001051 0.001017 0.000424 0.000028 0.082156 0.007516 1.716965
0.908666 0.001050 0.001015 0.000425 0.000028 0.081303 0.007516 1.717063
0.909505 0.001030 0.001017 0.000433 0.000027 0.080473 0.007516 1.717177
0.910302 0.001032 0.001019 0.000442 0.000026 0.079664 0.007516 1.717286
0.911102 0.001044 0.001035 0.000440 0.000026 0.078838 0.007516 1.717396
0.911874 0.001051 0.001035 0.000433 0.000024 0.078068 0.007516 1.717496
0.912627 0.001065 0.001043 0.000434 0.000024 0.077293 0.007516 1.717597
0.913413 0.001069 0.001052 0.000432 0.000023 0.076494 0.007517 1.717706
0.914179 0.001063 0.001060 0.000439 0.000023 0.075720 0.007517 1.717820
0.914905 0.001058 0.001064 0.000444 0.000022 0.074989 0.007518 1.717934
0.915638 0.001063 0.001053 0.000439 0.000021 0.074267 0.007519 1.718034
0.916370 0.001075 0.001060 0.000437 0.000020 0.073520 0.007519 1.718138
0.917089 0.001077 0.001068 0.000431 0.000021 0.072795 0.007519 1.718255
0.917801 0.001074 0.001066 0.000430 0.000021 0.072088 0.007519 1.718364
0.918502 0.001054 0.001072 0.000429 0.000020 0.071403 0.007519 1.718473
0.919174 0.001048 0.001072 0.000430 0.000020 0.070736 0.007520 1.718582
0.919857 0.001079 0.001056 0.000429 0.000020 0.070037 0.007520 1.718677
0.920504 0.001072 0.001068 0.000433 0.000020 0.069382 0.007521 1.718791
0.921155 0.001081 0.001071 0.000431 0.000020 0.068722 0.007521 1.718892
0.921786 0.001067 0.001070 0.000426 0.000020 0.068109 0.007521 1.719004
0.922375 0.001070 0.001068 0.000429 0.000021 0.067516 0.007522 1.719116
0.922993 0.001084 0.001061 0.000419 0.000020 0.066901 0.007522 1.719210
0.923598 0.001101 0.001054 0.000411 0.000021 0.066293 0.007523 1.719307
0.924215 0.001117 0.001048 0.000410 0.000021 0.065666 0.007523 1.719406
0.924799 0.001111 0.001061 0.000420 0.000019 0.065068 0.007523 1.719520
0.925364 0.001122 0.001048 0.000419 0.000019 0.064506 0.007523 1.719630
0.925894 0.001119 0.001065 0.000424 0.000020 0.063955 0.007523 1.719749
0.926430 0.001138 0.001058 0.000419 0.000019 0.063412 0.007524 1.719848
0.926948 0.001142 0.001061 0.000421 0.000018 0.062886 0.007524 1.719953
0.927495 0.001140 0.001065 0.000416 0.000017 0.062341 0.007525 1.720064
0.928015 0.001140 0.001063 0.000426 0.000018 0.061814 0.007525 1.720180
0.928535 0.001137 0.001067 0.000435 0.000017 0.061282 0.007527 1.720301
0.929066 0.001129 0.001095 0.000430 0.000019 0.060734 0.007527 1.720422
0.929580 0.001139 0.001095 0.000423 0.000019 0.060216 0.007527 1.720525
0.930099 0.001137 0.001087 0.000420 0.000018 0.059713 0.007527 1.720627
0.930594 0.001153 0.001089 0.000421 0.000018 0.059198 0.007527 1.720738
0.931075 0.001160 0.001089 0.000421 0.000018 0.058710 0.007527 1.720844
0.931555 0.001161 0.001089 0.000428 0.000019 0.058220 0.007527 1.720957
0.932008 0.001155 0.001097 0.000427 0.000019 0.057767 0.007528 1.721072
0.932468 0.001143 0.001104 0.000434 0.000018 0.057306 0.007528 1.721193
0.932943 0.001144 0.001115 0.000427 0.000019 0.056824 0.007528 1.721298
0.933364 0.001143 0.001124 0.000425 0.000019 0.056398 0.007528 1.721412
0.933779 0.001160 0.001121 0.000430 0.000020 0.055963 0.007528 1.721524
0.934161 0.001169 0.001109 0.000425 0.000019 0.055589 0.007528 1.721629
0.934558 0.001183 0.001102 0.000438 0.000019 0.055173 0.007528 1.721746
0.934927 0.001192 0.001096 0.000445 0.000016 0.054794 0.007530 1.721865
0.935299 0.001192 0.001102 0.000446 0.000017 0.054414 0.007530 1.721982
0.935662 0.001198 0.001108 0.000452 0.000016 0.054034 0.007530 1.722101
0.936065 0.001197 0.001104 0.000454 0.000015 0.053635 0.007530 1.722208
0.936456 0.001188 0.001118 0.000460 0.000015 0.053232 0.007530 1.722330
0.936808 0.001183 0.001122 0.000463 0.000015 0.052879 0.007530 1.722445
0.937184 0.001192 0.001112 0.000460 0.000015 0.052507 0.007530 1.722554
0.937558 0.001186 0.001101 0.000468 0.000015 0.052142 0.007530 1.722668
0.937921 0.001175 0.001108 0.000459 0.000015 0.051792 0.007530 1.722785
0.938273 0.001168 0.001118 0.000467 0.000016 0.051429 0.007530 1.722913
0.938618 0.001184 0.001109 0.000466 0.000015 0.051078 0.007530 1.723020
0.938958 0.001177 0.001119 0.000468 0.000015 0.050734 0.007530 1.723141
0.939282 0.001185 0.001114 0.000462 0.000016 0.050411 0.007531 1.723252
0.939609 0.001184 0.001114 0.000468 0.000017 0.050078 0.007531 1.723379
0.939962 0.001176 0.001126 0.000466 0.000017 0.049724 0.007531 1.723502
0.940245 0.001200 0.001134 0.000455 0.000018 0.049418 0.007531 1.723615
0.940597 0.001191 0.001136 0.000451 0.000018 0.049076 0.007531 1.723734
0.940917 0.001199 0.001135 0.000454 0.000018 0.048746 0.007531 1.723849
0.941242 0.001211 0.001138 0.000452 0.000019 0.048408 0.007531 1.723959
0.941562 0.001227 0.001149 0.000457 0.000017 0.048055 0.007532 1.724074
0.941864 0.001234 0.001155 0.000458 0.000017 0.047740 0.007532 1.724198
0.942186 0.001229 0.001151 0.000464 0.000017 0.047420 0.007532 1.724319
0.942445 0.001239 0.001150 0.000462 0.000017 0.047155 0.007533 1.724435
0.942718 0.001242 0.001161 0.000458 0.000018 0.046871 0.007533 1.724554
0.943003 0.001250 0.001169 0.000461 0.000018 0.046566 0.007533 1.724677
0.943238 0.001262 0.001167 0.000466 0.000020 0.046313 0.007533 1.724800
0.943507 0.001263 0.001158 0.000466 0.000021 0.046054 0.007533 1.724921
0.943722 0.001286 0.001172 0.000477 0.000021 0.045789 0.007533 1.725050
0.943954 0.001305 0.001192 0.000478 0.000021 0.045518 0.007533 1.725189
0.944207 0.001318 0.001202 0.000474 0.000021 0.045245 0.007533 1.725313
0.944467 0.001305 0.001215 0.000478 0.000020 0.044982 0.007534 1.725447
0.944677 0.001310 0.001213 0.000480 0.000020 0.044766 0.007534 1.725578
0.944933 0.001339 0.001214 0.000477 0.000019 0.044484 0.007534 1.725689
0.945158 0.001351 0.001218 0.000482 0.000020 0.044237 0.007534 1.725823
0.945410 0.001345 0.001228 0.000484 0.000022 0.043976 0.007534 1.725944
0.945650 0.001343 0.001232 0.000486 0.000023 0.043732 0.007534 1.726078
0.945863 0.001340 0.001238 0.000486 0.000021 0.043518 0.007535 1.726217
0.946062 0.001363 0.001232 0.000491 0.000020 0.043297 0.007535 1.726336
0.946300 0.001364 0.001251 0.000492 0.000020 0.043038 0.007535 1.726474
0.946502 0.001373 0.001242 0.000492 0.000019 0.042836 0.007535 1.726598
0.946698 0.001393 0.001246 0.000481 0.000018 0.042627 0.007536 1.726728
0.946904 0.001376 0.001245 0.000489 0.000019 0.042431 0.007536 1.726876
0.947100 0.001371 0.001253 0.000495 0.000020 0.042225 0.007536 1.727015
0.947303 0.001376 0.001258 0.000497 0.000021 0.042011 0.007536 1.727155
0.947513 0.001380 0.001251 0.000498 0.000021 0.041800 0.007536 1.727274
0.947707 0.001391 0.001256 0.000500 0.000019 0.041591 0.007536 1.727401
0.947871 0.001401 0.001264 0.000498 0.000020 0.041410 0.007536 1.727535
0.948041 0.001394 0.001269 0.000509 0.000019 0.041233 0.007536 1.727679
0.948220 0.001401 0.001268 0.000511 0.000020 0.041044 0.007537 1.727811
0.948386 0.001399 0.001286 0.000506 0.000018 0.040868 0.007537 1.727952
0.948558 0.001403 0.001290 0.000507 0.000018 0.040686 0.007537 1.728083
0.948709 0.001414 0.001314 0.000510 0.000019 0.040497 0.007537 1.728220
0.948882 0.001422 0.001318 0.000511 0.000022 0.040309 0.007537 1.728353
0.949037 0.001409 0.001332 0.000523 0.000021 0.040141 0.007537 1.728503
0.949187 0.001424 0.001331 0.000530 0.000020 0.039971 0.007537 1.728641
0.949371 0.001434 0.001332 0.000549 0.000019 0.039759 0.007538 1.728787
0.949511 0.001442 0.001346 0.000561 0.000020 0.039583 0.007538 1.728936
0.949650 0.001437 0.001357 0.000566 0.000018 0.039433 0.007539 1.729080
0.949778 0.001448 0.001368 0.000564 0.000018 0.039284 0.007540 1.729226
0.949952 0.001438 0.001367 0.000568 0.000018 0.039116 0.007540 1.729374
0.950113 0.001435 0.001356 0.000573 0.000018 0.038965 0.007540 1.729524
0.950274 0.001434 0.001363 0.000562 0.000019 0.038809 0.007540 1.729666
0.950382 0.001438 0.001367 0.000567 0.000018 0.038688 0.007540 1.729820
0.950529 0.001435 0.001367 0.000567 0.000018 0.038544 0.007541 1.729964
0.950659 0.001431 0.001348 0.000566 0.000018 0.038437 0.007541 1.730101
0.950802 0.001423 0.001360 0.000581 0.000019 0.038274 0.007541 1.730254
0.950932 0.001425 0.001363 0.000581 0.000019 0.038139 0.007541 1.730395
0.951042 0.001441 0.001363 0.000581 0.000018 0.038013 0.007541 1.730538
0.951177 0.001441 0.001360 0.000574 0.000017 0.037889 0.007541 1.730669
0.951290 0.001441 0.001368 0.000580 0.000017 0.037764 0.007541 1.730816
0.951428 0.001447 0.001364 0.000580 0.000017 0.037623 0.007541 1.730955
0.951526 0.001468 0.001365 0.000579 0.000016 0.037505 0.007542 1.731093
0.951641 0.001484 0.001358 0.000579 0.000016 0.037380 0.007542 1.731224
0.951739 0.001486 0.001369 0.000582 0.000016 0.037266 0.007542 1.731364
0.951850 0.001469 0.001367 0.000579 0.000017 0.037177 0.007542 1.731514
0.951954 0.001462 0.001369 0.000587 0.000017 0.037069 0.007543 1.731666
0.952084 0.001462 0.001378 0.000590 0.000018 0.036926 0.007543 1.731810
0.952178 0.001467 0.001379 0.000585 0.000018 0.036829 0.007543 1.731954
0.952256 0.001498 0.001386 0.000585 0.000020 0.036713 0.007544 1.732085
0.952350 0.001501 0.001402 0.000580 0.000018 0.036605 0.007544 1.732231
0.952438 0.001488 0.001394 0.000592 0.000018 0.036527 0.007544 1.732392
0.952525 0.001510 0.001415 0.000591 0.000018 0.036397 0.007544 1.732537
0.952629 0.001525 0.001402 0.000588 0.000017 0.036296 0.007545 1.732675
0.952712 0.001540 0.001399 0.000587 0.000018 0.036200 0.007545 1.732817
0.952780 0.001553 0.001416 0.000594 0.000018 0.036095 0.007545 1.732975
0.952873 0.001553 0.001432 0.000597 0.000019 0.035982 0.007545 1.733126
0.952934 0.001555 0.001448 0.000600 0.000019 0.035899 0.007545 1.733288
0.952993 0.001566 0.001459 0.000590 0.000020 0.035827 0.007545 1.733445
0.953032 0.001569 0.001460 0.000609 0.000020 0.035766 0.007545 1.733612
0.953089 0.001581 0.001466 0.000610 0.000020 0.035690 0.007545 1.733763
0.953155 0.001587 0.001466 0.000618 0.000021 0.035609 0.007545 1.733921
0.953214 0.001615 0.001467 0.000630 0.000021 0.035509 0.007545 1.734063
0.953297 0.001625 0.001461 0.000626 0.000022 0.035424 0.007545 1.734216
0.953387 0.001625 0.001463 0.000632 0.000022 0.035327 0.007546 1.734364
0.953433 0.001644 0.001475 0.000629 0.000022 0.035251 0.007546 1.734518
0.953501 0.001648 0.001473 0.000623 0.000022 0.035186 0.007546 1.734682
0.953566 0.001675 0.001481 0.000631 0.000024 0.035077 0.007547 1.734828
0.953609 0.001698 0.001499 0.000631 0.000024 0.034992 0.007547 1.734992
0.953634 0.001712 0.001510 0.000631 0.000024 0.034941 0.007548 1.735155
0.953691 0.001735 0.001516 0.000630 0.000025 0.034856 0.007548 1.735310
0.953766 0.001745 0.001529 0.000623 0.000023 0.034766 0.007548 1.735470
0.953818 0.001745 0.001538 0.000633 0.000022 0.034698 0.007548 1.735632
0.953880 0.001732 0.001551 0.000639 0.000022 0.034628 0.007548 1.735803
0.953913 0.001733 0.001553 0.000644 0.000022 0.034586 0.007548 1.735978
0.953950 0.001745 0.001566 0.000646 0.000021 0.034524 0.007548 1.736148
0.953989 0.001762 0.001564 0.000652 0.000021 0.034464 0.007548 1.736313
0.954018 0.001783 0.001566 0.000650 0.000022 0.034414 0.007548 1.736473
0.954035 0.001795 0.001572 0.000654 0.000020 0.034376 0.007549 1.736639
0.954075 0.001798 0.001582 0.000661 0.000022 0.034314 0.007549 1.736811
0.954108 0.001813 0.001579 0.000661 0.000024 0.034266 0.007549 1.736973
0.954141 0.001799 0.001605 0.000661 0.000024 0.034220 0.007549 1.737154
0.954173 0.001819 0.001611 0.000656 0.000026 0.034166 0.007549 1.737325
0.954208 0.001804 0.001622 0.000658 0.000024 0.034134 0.007549 1.737511
0.954222 0.001806 0.001636 0.000663 0.000024 0.034101 0.007549 1.737694
0.954242 0.001794 0.001647 0.000663 0.000026 0.034076 0.007550 1.737880
0.954287 0.001768 0.001645 0.000672 0.000027 0.034050 0.007550 1.738063
0.954332 0.001768 0.001647 0.000663 0.000027 0.034011 0.007551 1.738235
0.954358 0.001782 0.001665 0.000660 0.000029 0.033955 0.007551 1.738411
0.954382 0.001779 0.001668 0.000666 0.000030 0.033925 0.007551 1.738592
0.954423 0.001761 0.001679 0.000651 0.000031 0.033905 0.007551 1.738766
0.954436 0.001766 0.001676 0.000652 0.000032 0.033888 0.007551 1.738948
0.954461 0.001782 0.001681 0.000668 0.000031 0.033825 0.007552 1.739107
0.954471 0.001795 0.001686 0.000664 0.000031 0.033801 0.007552 1.739273
0.954499 0.001791 0.001689 0.000669 0.000032 0.033767 0.007553 1.739451
0.954526 0.001793 0.001704 0.000674 0.000034 0.033717 0.007553 1.739627
0.954556 0.001790 0.001708 0.000689 0.000034 0.033671 0.007553 1.739802
0.954571 0.001792 0.001732 0.000693 0.000035 0.033624 0.007553 1.739988
0.954604 0.001766 0.001734 0.000709 0.000035 0.033598 0.007553 1.740178
0.954639 0.001773 0.001723 0.000707 0.000037 0.033568 0.007553 1.740337
0.954666 0.001772 0.001725 0.000699 0.000038 0.033547 0.007553 1.740508
0.954684 0.001784 0.001717 0.000695 0.000036 0.033531 0.007554 1.740674
0.954705 0.001790 0.001732 0.000693 0.000036 0.033491 0.007554 1.740845
0.954738 0.001787 0.001725 0.000698 0.000036 0.033463 0.007554 1.741018
0.954765 0.001764 0.001727 0.000709 0.000034 0.033447 0.007555 1.741203
0.954781 0.001765 0.001740 0.000702 0.000035 0.033424 0.007555 1.741383
0.954813 0.001758 0.001726 0.000703 0.000034 0.033411 0.007555 1.741560
0.954836 0.001726 0.001754 0.000708 0.000034 0.033388 0.007555 1.741754
0.954856 0.001725 0.001745 0.000696 0.000034 0.033390 0.007555 1.741919
0.954882 0.001727 0.001729 0.000697 0.000034 0.033378 0.007556 1.742085
0.954898 0.001725 0.001734 0.000697 0.000034 0.033357 0.007556 1.742262
0.954924 0.001721 0.001725 0.000705 0.000035 0.033335 0.007556 1.742442
0.954941 0.001726 0.001723 0.000699 0.000035 0.033321 0.007556 1.742609
0.954972 0.001705 0.001739 0.000700 0.000034 0.033295 0.007556 1.742792
0.954973 0.001717 0.001732 0.000701 0.000035 0.033286 0.007556 1.742958
0.955000 0.001723 0.001732 0.000703 0.000034 0.033251 0.007557 1.743119
0.954998 0.001735 0.001728 0.000699 0.000034 0.033251 0.007557 1.743281
0.955033 0.001733 0.001718 0.000707 0.000032 0.033221 0.007558 1.743449
0.955072 0.001710 0.001724 0.000712 0.000034 0.033191 0.007558 1.743630
0.955087 0.001716 0.001730 0.000713 0.000032 0.033165 0.007558 1.743792
0.955098 0.001712 0.001726 0.000704 0.000035 0.033167 0.007559 1.743957
0.955124 0.001696 0.001720 0.000717 0.000036 0.033149 0.007559 1.744131
0.955142 0.001692 0.001717 0.000707 0.000038 0.033148 0.007559 1.744301
0.955157 0.001716 0.001700 0.000702 0.000036 0.033132 0.007559 1.744452
0.955167 0.001720 0.001674 0.000714 0.000033 0.033134 0.007559 1.744619
0.955203 0.001703 0.001685 0.000711 0.000033 0.033106 0.007560 1.744798
0.955214 0.001701 0.001680 0.000711 0.000034 0.033101 0.007560 1.744956
0.955233 0.001707 0.001695 0.000711 0.000035 0.033059 0.007560 1.745120
0.955250 0.001701 0.001685 0.000710 0.000036 0.033059 0.007560 1.745287
0.955256 0.001698 0.001682 0.000711 0.000036 0.033059 0.007560 1.745459
0.955266 0.001719 0.001669 0.000699 0.000035 0.033053 0.007560 1.745603
0.955267 0.001724 0.001658 0.000704 0.000032 0.033055 0.007560 1.745765
0.955277 0.001715 0.001663 0.000697 0.000032 0.033056 0.007561 1.745935
0.955309 0.001712 0.001664 0.000691 0.000033 0.033029 0.007561 1.746098
0.955314 0.001709 0.001671 0.000691 0.000032 0.033021 0.007562 1.746271
0.955333 0.001729 0.001664 0.000694 0.000032 0.032987 0.007562 1.746431
0.955327 0.001730 0.001677 0.000688 0.000032 0.032986 0.007562 1.746600
0.955319 0.001747 0.001675 0.000686 0.000030 0.032982 0.007562 1.746765
0.955318 0.001734 0.001684 0.000692 0.000030 0.032979 0.007562 1.746953
0.955327 0.001734 0.001671 0.000688 0.000029 0.032990 0.007562 1.747119
0.955323 0.001732 0.001675 0.000697 0.000029 0.032982 0.007563 1.747289
0.955350 0.001711 0.001683 0.000703 0.000027 0.032961 0.007564 1.747465
0.955368 0.001708 0.001683 0.000707 0.000026 0.032945 0.007564 1.747633
0.955398 0.001693 0.001677 0.000712 0.000027 0.032931 0.007564 1.747805
0.955396 0.001680 0.001688 0.000709 0.000025 0.032939 0.007564 1.747980
0.955418 0.001661 0.001680 0.000705 0.000027 0.032946 0.007564 1.748149
0.955420 0.001656 0.001677 0.000698 0.000029 0.032956 0.007565 1.748310
0.955418 0.001675 0.001659 0.000686 0.000029 0.032968 0.007565 1.748464
0.955446 0.001665 0.001649 0.000686 0.000030 0.032960 0.007565 1.748620
0.955462 0.001669 0.001644 0.000678 0.000029 0.032952 0.007566 1.748771
0.955477 0.001664 0.001643 0.000677 0.000030 0.032945 0.007566 1.748941
0.955492 0.001676 0.001655 0.000665 0.000028 0.032918 0.007566 1.749101
0.955498 0.001677 0.001650 0.000671 0.000029 0.032910 0.007566 1.749270
0.955532 0.001673 0.001645 0.000676 0.000029 0.032880 0.007566 1.749420
0.955565 0.001670 0.001626 0.000683 0.000029 0.032861 0.007567 1.749571
0.955576 0.001681 0.001628 0.000676 0.000029 0.032844 0.007567 1.749731
0.955592 0.001674 0.001617 0.000683 0.000029 0.032839 0.007567 1.749891
0.955609 0.001664 0.001623 0.000674 0.000031 0.032833 0.007567 1.750056
0.955605 0.001684 0.001607 0.000675 0.000032 0.032830 0.007567 1.750213
0.955610 0.001695 0.001604 0.000683 0.000032 0.032809 0.007567 1.750377
0.955605 0.001693 0.001597 0.000700 0.000032 0.032806 0.007568 1.750547
0.955616 0.001689 0.001609 0.000692 0.000032 0.032795 0.007568 1.750718
0.955623 0.001710 0.001610 0.000673 0.000031 0.032784 0.007569 1.750877
0.955632 0.001707 0.001611 0.000685 0.000030 0.032767 0.007570 1.751045
0.955642 0.001691 0.001616 0.000668 0.000030 0.032784 0.007570 1.751207
0.955666 0.001689 0.001604 0.000664 0.000029 0.032779 0.007570 1.751357
0.955684 0.001680 0.001602 0.000668 0.000028 0.032768 0.007570 1.751526
0.955699 0.001665 0.001594 0.000668 0.000029 0.032776 0.007571 1.751693
0.955705 0.001667 0.001592 0.000664 0.000029 0.032772 0.007571 1.751863
0.955713 0.001678 0.001593 0.000664 0.000029 0.032753 0.007571 1.752018
0.955713 0.001672 0.001592 0.000675 0.000029 0.032749 0.007571 1.752193
0.955733 0.001673 0.001605 0.000670 0.000029 0.032720 0.007572 1.752354
0.955745 0.001674 0.001578 0.000664 0.000028 0.032738 0.007573 1.752510
0.955768 0.001660 0.001589 0.000660 0.000029 0.032722 0.007573 1.752682
0.955794 0.001649 0.001573 0.000653 0.000029 0.032730 0.007573 1.752839
0.955796 0.001649 0.001582 0.000656 0.000026 0.032717 0.007574 1.753010
0.955797 0.001655 0.001587 0.000657 0.000024 0.032705 0.007576 1.753173
0.955818 0.001647 0.001586 0.000657 0.000025 0.032692 0.007576 1.753330
0.955837 0.001626 0.001600 0.000655 0.000026 0.032681 0.007576 1.753502
0.955838 0.001640 0.001602 0.000659 0.000026 0.032661 0.007576 1.753661
0.955871 0.001641 0.001594 0.000659 0.000027 0.032634 0.007576 1.753818
0.955908 0.001631 0.001593 0.000656 0.000027 0.032610 0.007576 1.753985
0.955910 0.001619 0.001600 0.000659 0.000026 0.032612 0.007576 1.754156
0.955926 0.001605 0.001594 0.000660 0.000027 0.032612 0.007576 1.754320
0.955951 0.001593 0.001606 0.000661 0.000024 0.032588 0.007576 1.754484
0.955974 0.001606 0.001594 0.000663 0.000025 0.032561 0.007576 1.754633
0.955993 0.001617 0.001583 0.000665 0.000026 0.032540 0.007576 1.754780
0.956022 0.001608 0.001590 0.000665 0.000028 0.032512 0.007576 1.754933
0.956041 0.001599 0.001575 0.000663 0.000027 0.032517 0.007577 1.755084
0.956050 0.001586 0.001587 0.000661 0.000027 0.032512 0.007578 1.755255
0.956071 0.001595 0.001574 0.000670 0.000027 0.032487 0.007578 1.755407
0.956083 0.001582 0.001587 0.000665 0.000026 0.032479 0.007578 1.755566
0.956079 0.001583 0.001588 0.000671 0.000026 0.032475 0.007578 1.755726
0.956098 0.001578 0.001594 0.000660 0.000027 0.032465 0.007578 1.755875
0.956104 0.001584 0.001588 0.000663 0.000028 0.032456 0.007578 1.756025
0.956117 0.001593 0.001581 0.000659 0.000030 0.032444 0.007578 1.756181
0.956115 0.001606 0.001581 0.000650 0.000031 0.032439 0.007578 1.756323
0.956147 0.001610 0.001579 0.000639 0.000032 0.032415 0.007578 1.756474
0.956161 0.001608 0.001597 0.000630 0.000032 0.032394 0.007579 1.756631
0.956165 0.001609 0.001610 0.000625 0.000032 0.032380 0.007579 1.756792
0.956194 0.001613 0.001619 0.000633 0.000029 0.032333 0.007579 1.756950
0.956215 0.001593 0.001624 0.000627 0.000030 0.032330 0.007580 1.757119
0.956235 0.001577 0.001631 0.000629 0.000031 0.032318 0.007580 1.757290
0.956229 0.001570 0.001642 0.000628 0.000031 0.032321 0.007580 1.757452
0.956222 0.001583 0.001625 0.000625 0.000032 0.032333 0.007580 1.757599
0.956234 0.001582 0.001619 0.000630 0.000032 0.032323 0.007581 1.757756
0.956234 0.001582 0.001627 0.000637 0.000032 0.032308 0.007581 1.757921
0.956279 0.001564 0.001619 0.000638 0.000031 0.032288 0.007581 1.758080
0.956293 0.001571 0.001621 0.000630 0.000031 0.032272 0.007582 1.758233
0.956293 0.001587 0.001597 0.000638 0.000031 0.032272 0.007582 1.758384
0.956299 0.001588 0.001581 0.000638 0.000032 0.032279 0.007582 1.758538
0.956300 0.001582 0.001587 0.000642 0.000034 0.032273 0.007582 1.758709
0.956340 0.001562 0.001571 0.000653 0.000032 0.032259 0.007583 1.758871
0.956359 0.001584 0.001545 0.000632 0.000033 0.032265 0.007583 1.759005
0.956406 0.001559 0.001553 0.000625 0.000032 0.032242 0.007584 1.759170
0.956423 0.001564 0.001538 0.000619 0.000032 0.032239 0.007585 1.759310
0.956416 0.001576 0.001540 0.000613 0.000032 0.032238 0.007586 1.759457
0.956422 0.001572 0.001531 0.000619 0.000031 0.032239 0.007586 1.759607
0.956423 0.001584 0.001508 0.000618 0.000031 0.032250 0.007586 1.759758
0.956436 0.001591 0.001510 0.000612 0.000031 0.032234 0.007586 1.759902
0.956456 0.001591 0.001511 0.000610 0.000030 0.032216 0.007587 1.760048
0.956462 0.001592 0.001526 0.000608 0.000029 0.032196 0.007588 1.760207
0.956465 0.001580 0.001554 0.000612 0.000029 0.032172 0.007588 1.760379
0.956468 0.001581 0.001565 0.000611 0.000031 0.032155 0.007588 1.760544
0.956485 0.001598 0.001545 0.000604 0.000032 0.032149 0.007588 1.760687
0.956523 0.001588 0.001543 0.000596 0.000033 0.032128 0.007588 1.760839
0.956551 0.001593 0.001538 0.000594 0.000031 0.032105 0.007589 1.760987
0.956551 0.001611 0.001538 0.000581 0.000032 0.032098 0.007590 1.761136
0.956576 0.001605 0.001543 0.000571 0.000031 0.032085 0.007590 1.761300
0.956575 0.001619 0.001516 0.000571 0.000029 0.032100 0.007591 1.761445
0.956575 0.001643 0.001516 0.000566 0.000029 0.032080 0.007591 1.761591
0.956587 0.001607 0.001548 0.000565 0.000028 0.032074 0.007591 1.761776
0.956610 0.001585 0.001545 0.000570 0.000028 0.032071 0.007591 1.761942
0.956608 0.001593 0.001527 0.000569 0.000029 0.032083 0.007591 1.762098
0.956605 0.001593 0.001535 0.000567 0.000028 0.032081 0.007592 1.762257
0.956624 0.001582 0.001528 0.000576 0.000027 0.032071 0.007592 1.762413
0.956619 0.001582 0.001543 0.000571 0.000029 0.032065 0.007592 1.762572
0.956621 0.001583 0.001531 0.000570 0.000030 0.032074 0.007592 1.762720
0.956619 0.001580 0.001546 0.000575 0.000030 0.032059 0.007593 1.762891
0.956625 0.001588 0.001549 0.000579 0.000030 0.032038 0.007593 1.763041
0.956636 0.001576 0.001542 0.000583 0.000030 0.032041 0.007593 1.763209
0.956643 0.001574 0.001547 0.000581 0.000029 0.032033 0.007594 1.763367
0.956636 0.001582 0.001543 0.000584 0.000028 0.032033 0.007594 1.763518
0.956635 0.001595 0.001535 0.000581 0.000026 0.032034 0.007595 1.763666
0.956651 0.001584 0.001550 0.000579 0.000025 0.032017 0.007595 1.763822
0.956648 0.001591 0.001529 0.000586 0.000025 0.032027 0.007595 1.763977
0.956659 0.001574 0.001540 0.000599 0.000025 0.032010 0.007595 1.764144
0.956630 0.001584 0.001542 0.000606 0.000025 0.032020 0.007595 1.764305
0.956658 0.001552 0.001557 0.000608 0.000024 0.032006 0.007596 1.764476
0.956676 0.001534 0.001552 0.000609 0.000026 0.032008 0.007596 1.764637
0.956702 0.001534 0.001546 0.000611 0.000026 0.031986 0.007596 1.764786
0.956730 0.001533 0.001551 0.000607 0.000026 0.031958 0.007597 1.764933
0.956732 0.001529 0.001555 0.000606 0.000024 0.031958 0.007597 1.765093
0.956746 0.001541 0.001547 0.000597 0.000026 0.031948 0.007597 1.765235
0.956729 0.001557 0.001538 0.000592 0.000024 0.031962 0.007597 1.765384
0.956750 0.001562 0.001516 0.000577 0.000024 0.031974 0.007597 1.765527
0.956763 0.001562 0.001512 0.000577 0.000023 0.031964 0.007598 1.765676
0.956768 0.001573 0.001501 0.000574 0.000023 0.031961 0.007599 1.765822
0.956757 0.001575 0.001495 0.000579 0.000025 0.031970 0.007599 1.765975
0.956764 0.001573 0.001512 0.000587 0.000026 0.031942 0.007599 1.766142
0.956781 0.001573 0.001505 0.000596 0.000027 0.031919 0.007599 1.766290
0.956768 0.001573 0.001514 0.000601 0.000030 0.031916 0.007599 1.766454
0.956782 0.001573 0.001509 0.000616 0.000030 0.031891 0.007599 1.766605
0.956799 0.001566 0.001512 0.000607 0.000030 0.031886 0.007600 1.766752
0.956819 0.001540 0.001515 0.000610 0.000031 0.031886 0.007600 1.766924
0.956848 0.001538 0.001522 0.000610 0.000031 0.031851 0.007601 1.767076
0.956864 0.001543 0.001522 0.000613 0.000031 0.031827 0.007601 1.767238
0.956884 0.001522 0.001506 0.000622 0.000030 0.031836 0.007601 1.767394
0.956899 0.001513 0.001501 0.000617 0.000030 0.031840 0.007601 1.767538
0.956928 0.001500 0.001504 0.000613 0.000030 0.031825 0.007601 1.767692
0.956937 0.001508 0.001503 0.000611 0.000030 0.031812 0.007601 1.767830
0.956931 0.001515 0.001504 0.000611 0.000031 0.031806 0.007601 1.767976
0.956934 0.001526 0.001493 0.000618 0.000031 0.031799 0.007601 1.768118
0.956974 0.001518 0.001486 0.000605 0.000029 0.031788 0.007602 1.768253
0.956964 0.001521 0.001490 0.000613 0.000028 0.031783 0.007602 1.768399
0.956975 0.001512 0.001484 0.000611 0.000027 0.031792 0.007602 1.768553
0.956976 0.001517 0.001477 0.000605 0.000027 0.031797 0.007602 1.768694
0.956990 0.001495 0.001470 0.000626 0.000027 0.031791 0.007602 1.768861
0.956999 0.001495 0.001459 0.000622 0.000027 0.031796 0.007602 1.769009
0.956998 0.001527 0.001454 0.000612 0.000028 0.031778 0.007602 1.769143
0.957004 0.001532 0.001457 0.000616 0.000028 0.031761 0.007603 1.769294
0.957021 0.001534 0.001455 0.000619 0.000028 0.031741 0.007603 1.769450
0.957010 0.001549 0.001453 0.000628 0.000027 0.031731 0.007603 1.769599
0.957037 0.001514 0.001464 0.000631 0.000025 0.031725 0.007603 1.769767
0.957017 0.001531 0.001487 0.000613 0.000025 0.031724 0.007603 1.769918
0.956996 0.001549 0.001498 0.000598 0.000026 0.031730 0.007605 1.770069
0.956993 0.001559 0.001501 0.000598 0.000025 0.031721 0.007605 1.770214
0.956980 0.001558 0.001514 0.000605 0.000023 0.031715 0.007605 1.770366
0.956960 0.001578 0.001513 0.000596 0.000025 0.031724 0.007605 1.770518
0.956956 0.001572 0.001521 0.000595 0.000027 0.031724 0.007605 1.770683
0.956970 0.001581 0.001511 0.000596 0.000027 0.031711 0.007605 1.770827
0.956954 0.001597 0.001515 0.000599 0.000028 0.031703 0.007605 1.770983
0.956941 0.001604 0.001511 0.000611 0.000028 0.031700 0.007606 1.771139
0.956945 0.001602 0.001512 0.000624 0.000028 0.031684 0.007606 1.771299
0.956938 0.001590 0.001531 0.000632 0.000028 0.031675 0.007607 1.771478
