0.350251 0.062718 0.055962 0.032464 0.002101 0.490476 0.006029 1.600377
0.353133 0.060014 0.055981 0.032202 0.002096 0.490524 0.006050 1.606425
0.356718 0.056706 0.055800 0.031885 0.002100 0.490716 0.006076 1.612225
0.361009 0.053118 0.055419 0.031455 0.002088 0.490803 0.006109 1.617663
0.365623 0.049653 0.054930 0.030834 0.002095 0.490730 0.006134 1.622684
0.370494 0.046228 0.054219 0.030124 0.002084 0.490686 0.006166 1.627364
0.375616 0.042926 0.053306 0.029362 0.002095 0.490508 0.006189 1.631716
0.380786 0.039817 0.052299 0.028598 0.002082 0.490199 0.006219 1.635756
0.386092 0.036825 0.051158 0.027789 0.002074 0.489816 0.006247 1.639509
0.391565 0.034057 0.049893 0.026923 0.002066 0.489217 0.006279 1.642973
0.397157 0.031402 0.048692 0.025990 0.002061 0.488391 0.006306 1.646233
0.402670 0.028982 0.047275 0.025147 0.002056 0.487543 0.006327 1.649250
0.408330 0.026691 0.045804 0.024257 0.002026 0.486538 0.006354 1.652025
0.413968 0.024638 0.044274 0.023312 0.001997 0.485431 0.006380 1.654567
0.419565 0.022775 0.042794 0.022399 0.001995 0.484074 0.006398 1.656852
0.425183 0.021110 0.041260 0.021424 0.001982 0.482618 0.006424 1.658944
0.430805 0.019495 0.039713 0.020489 0.001954 0.481098 0.006446 1.660950
0.436444 0.018063 0.038216 0.019622 0.001921 0.479258 0.006476 1.662751
0.442050 0.016734 0.036738 0.018673 0.001882 0.477419 0.006504 1.664437
0.447627 0.015493 0.035251 0.017825 0.001862 0.475412 0.006529 1.666002
0.453336 0.014333 0.033831 0.016997 0.001819 0.473132 0.006551 1.667468
0.458956 0.013282 0.032342 0.016203 0.001789 0.470852 0.006576 1.668809
0.464492 0.012301 0.031001 0.015507 0.001756 0.468340 0.006602 1.670084
0.469970 0.011407 0.029651 0.014738 0.001732 0.465873 0.006629 1.671248
0.475583 0.010582 0.028324 0.014067 0.001703 0.463093 0.006650 1.672339
0.481154 0.009830 0.027046 0.013383 0.001676 0.460236 0.006674 1.673338
0.486735 0.009149 0.025791 0.012706 0.001646 0.457280 0.006693 1.674244
0.492210 0.008534 0.024551 0.012060 0.001616 0.454314 0.006713 1.675088
0.497717 0.007965 0.023339 0.011450 0.001577 0.451211 0.006740 1.675901
0.503163 0.007452 0.022228 0.010874 0.001548 0.447973 0.006761 1.676636
0.508528 0.006935 0.021180 0.010314 0.001517 0.444737 0.006789 1.677350
0.513851 0.006474 0.020190 0.009796 0.001486 0.441394 0.006809 1.677991
0.519130 0.006023 0.019199 0.009291 0.001451 0.438073 0.006833 1.678633
0.524457 0.005642 0.018246 0.008812 0.001408 0.434579 0.006855 1.679187
0.529667 0.005270 0.017297 0.008367 0.001369 0.431154 0.006876 1.679723
0.534927 0.004934 0.016441 0.007955 0.001347 0.427505 0.006891 1.680221
0.540180 0.004616 0.015649 0.007524 0.001318 0.423803 0.006909 1.680691
0.545365 0.004311 0.014872 0.007118 0.001297 0.420114 0.006923 1.681140
0.550576 0.004051 0.014086 0.006722 0.001269 0.416356 0.006942 1.681540
0.555641 0.003803 0.013370 0.006340 0.001235 0.412654 0.006958 1.681930
0.560656 0.003575 0.012712 0.006014 0.001195 0.408875 0.006974 1.682292
0.565593 0.003349 0.012087 0.005713 0.001159 0.405107 0.006992 1.682640
0.570523 0.003145 0.011470 0.005411 0.001125 0.401318 0.007009 1.682981
0.575338 0.002958 0.010885 0.005128 0.001093 0.397573 0.007025 1.683285
0.580271 0.002773 0.010349 0.004823 0.001061 0.393683 0.007040 1.683578
0.585085 0.002630 0.009827 0.004556 0.001039 0.389809 0.007055 1.683833
0.589762 0.002478 0.009307 0.004295 0.001019 0.386074 0.007065 1.684100
0.594535 0.002332 0.008818 0.004059 0.001001 0.382176 0.007080 1.684349
0.599227 0.002212 0.008402 0.003852 0.000974 0.378242 0.007092 1.684580
0.603750 0.002101 0.008001 0.003645 0.000944 0.374450 0.007109 1.684797
0.608417 0.001984 0.007589 0.003452 0.000923 0.370507 0.007128 1.685004
0.612968 0.001882 0.007182 0.003273 0.000890 0.366664 0.007142 1.685199
0.617422 0.001799 0.006793 0.003112 0.000863 0.362857 0.007156 1.685375
0.621931 0.001698 0.006430 0.002959 0.000835 0.358976 0.007170 1.685554
0.626329 0.001624 0.006103 0.002791 0.000810 0.355162 0.007182 1.685713
0.630738 0.001539 0.005784 0.002639 0.000787 0.351316 0.007198 1.685867
0.635081 0.001470 0.005510 0.002500 0.000757 0.347471 0.007211 1.686016
0.639311 0.001413 0.005216 0.002365 0.000733 0.343742 0.007220 1.686156
0.643491 0.001353 0.004955 0.002245 0.000715 0.340012 0.007230 1.686291
0.647565 0.001280 0.004683 0.002116 0.000695 0.336425 0.007238 1.686430
0.651726 0.001220 0.004447 0.002016 0.000676 0.332668 0.007249 1.686554
0.655758 0.001161 0.004236 0.001916 0.000657 0.329013 0.007260 1.686686
0.659826 0.001092 0.004014 0.001841 0.000630 0.325329 0.007269 1.686807
0.663840 0.001046 0.003805 0.001732 0.000613 0.321688 0.007278 1.686907
0.667836 0.000997 0.003637 0.001642 0.000598 0.318003 0.007287 1.687015
0.671695 0.000941 0.003474 0.001558 0.000580 0.314458 0.007294 1.687121
0.675486 0.000908 0.003300 0.001475 0.000563 0.310968 0.007301 1.687210
0.679249 0.000871 0.003150 0.001401 0.000544 0.307481 0.007306 1.687307
0.683056 0.000845 0.002977 0.001333 0.000527 0.303952 0.007311 1.687382
0.686735 0.000808 0.002827 0.001264 0.000512 0.300538 0.007317 1.687467
0.690445 0.000773 0.002684 0.001200 0.000499 0.297078 0.007322 1.687545
0.694057 0.000760 0.002554 0.001128 0.000484 0.293688 0.007329 1.687611
0.697608 0.000742 0.002412 0.001062 0.000470 0.290370 0.007335 1.687679
0.701230 0.000723 0.002286 0.001006 0.000461 0.286953 0.007341 1.687738
0.704763 0.000688 0.002163 0.000968 0.000441 0.283631 0.007347 1.687816
0.708311 0.000646 0.002063 0.000928 0.000427 0.280271 0.007355 1.687891
0.711724 0.000622 0.001967 0.000869 0.000414 0.277042 0.007361 1.687953
0.715191 0.000603 0.001879 0.000824 0.000407 0.273729 0.007367 1.688015
0.718527 0.000581 0.001807 0.000793 0.000388 0.270532 0.007373 1.688075
0.721818 0.000564 0.001718 0.000756 0.000375 0.267393 0.007376 1.688129
0.725053 0.000550 0.001612 0.000720 0.000355 0.264327 0.007384 1.688171
0.728265 0.000537 0.001529 0.000671 0.000347 0.261265 0.007388 1.688216
0.731422 0.000514 0.001457 0.000641 0.000331 0.258243 0.007393 1.688272
0.734541 0.000484 0.001396 0.000613 0.000319 0.255249 0.007398 1.688326
0.737674 0.000460 0.001345 0.000583 0.000307 0.252227 0.007404 1.688378
0.740739 0.000437 0.001285 0.000556 0.000300 0.249275 0.007409 1.688425
0.743852 0.000426 0.001216 0.000525 0.000292 0.246279 0.007412 1.688464
0.746870 0.000408 0.001157 0.000489 0.000282 0.243378 0.007417 1.688506
0.749891 0.000406 0.001095 0.000463 0.000270 0.240453 0.007422 1.688539
0.752831 0.000396 0.001033 0.000441 0.000260 0.237615 0.007425 1.688573
0.755752 0.000375 0.000992 0.000415 0.000253 0.234787 0.007427 1.688614
0.758701 0.000357 0.000952 0.000399 0.000243 0.231916 0.007434 1.688652
0.761584 0.000349 0.000903 0.000379 0.000234 0.229113 0.007439 1.688679
0.764399 0.000334 0.000858 0.000364 0.000227 0.226379 0.007441 1.688713
0.767186 0.000321 0.000827 0.000348 0.000222 0.223654 0.007443 1.688747
0.769910 0.000308 0.000795 0.000330 0.000214 0.220998 0.007446 1.688782
0.772620 0.000295 0.000765 0.000323 0.000204 0.218344 0.007450 1.688813
0.775331 0.000287 0.000731 0.000307 0.000200 0.215693 0.007451 1.688840
0.777921 0.000280 0.000699 0.000293 0.000195 0.213158 0.007454 1.688869
0.780524 0.000270 0.000671 0.000279 0.000188 0.210613 0.007456 1.688897
0.783183 0.000257 0.000646 0.000267 0.000180 0.208007 0.007459 1.688923
0.785767 0.000237 0.000616 0.000261 0.000174 0.205483 0.007462 1.688955
0.788289 0.000232 0.000587 0.000243 0.000168 0.203017 0.007465 1.688973
0.790753 0.000214 0.000562 0.000235 0.000159 0.200610 0.007468 1.689001
0.793245 0.000206 0.000537 0.000226 0.000150 0.198164 0.007472 1.689021
0.795667 0.000197 0.000507 0.000213 0.000147 0.195795 0.007474 1.689042
0.798058 0.000195 0.000479 0.000204 0.000143 0.193445 0.007476 1.689059
0.800412 0.000187 0.000463 0.000195 0.000138 0.191125 0.007480 1.689080
0.802810 0.000178 0.000440 0.000190 0.000133 0.188765 0.007484 1.689100
0.805119 0.000171 0.000413 0.000182 0.000127 0.186501 0.007486 1.689115
0.807486 0.000169 0.000394 0.000176 0.000125 0.184165 0.007486 1.689130
0.809708 0.000164 0.000380 0.000168 0.000116 0.181976 0.007487 1.689144
0.811948 0.000159 0.000371 0.000162 0.000114 0.179758 0.007487 1.689162
0.814164 0.000154 0.000363 0.000159 0.000110 0.177561 0.007488 1.689179
0.816304 0.000150 0.000347 0.000147 0.000108 0.175453 0.007490 1.689193
0.818463 0.000147 0.000339 0.000140 0.000105 0.173313 0.007492 1.689207
0.820622 0.000143 0.000324 0.000133 0.000101 0.171182 0.007494 1.689220
0.822776 0.000138 0.000311 0.000127 0.000096 0.169055 0.007496 1.689235
0.824937 0.000130 0.000308 0.000124 0.000093 0.166912 0.007496 1.689251
0.827037 0.000123 0.000294 0.000121 0.000089 0.164839 0.007497 1.689265
0.829075 0.000117 0.000281 0.000117 0.000087 0.162827 0.007497 1.689280
0.831052 0.000112 0.000266 0.000108 0.000085 0.160879 0.007498 1.689290
0.832996 0.000112 0.000253 0.000105 0.000084 0.158950 0.007499 1.689296
0.834945 0.000108 0.000241 0.000100 0.000082 0.157024 0.007501 1.689304
0.836899 0.000108 0.000230 0.000099 0.000078 0.155084 0.007501 1.689312
0.838784 0.000107 0.000223 0.000091 0.000075 0.153217 0.007503 1.689322
0.840601 0.000106 0.000212 0.000084 0.000073 0.151421 0.007504 1.689330
0.842388 0.000106 0.000199 0.000079 0.000072 0.149652 0.007505 1.689340
0.844168 0.000106 0.000191 0.000078 0.000070 0.147882 0.007505 1.689349
0.845889 0.000103 0.000185 0.000074 0.000067 0.146175 0.007507 1.689358
0.847580 0.000094 0.000179 0.000071 0.000066 0.144502 0.007508 1.689370
0.849175 0.000088 0.000176 0.000069 0.000061 0.142922 0.007509 1.689381
0.850792 0.000085 0.000164 0.000068 0.000061 0.141321 0.007509 1.689388
0.852374 0.000083 0.000161 0.000065 0.000060 0.139748 0.007509 1.689396
0.853917 0.000082 0.000155 0.000063 0.000057 0.138216 0.007509 1.689401
0.855412 0.000079 0.000145 0.000060 0.000052 0.136738 0.007513 1.689409
0.856808 0.000080 0.000141 0.000058 0.000050 0.135347 0.007514 1.689416
0.858193 0.000073 0.000138 0.000055 0.000049 0.133977 0.007514 1.689424
0.859621 0.000071 0.000135 0.000051 0.000048 0.132558 0.007514 1.689431
0.860938 0.000068 0.000132 0.000051 0.000047 0.131248 0.007514 1.689438
0.862245 0.000066 0.000133 0.000047 0.000047 0.129946 0.007515 1.689444
0.863557 0.000063 0.000133 0.000044 0.000045 0.128641 0.007516 1.689453
0.864846 0.000062 0.000126 0.000042 0.000044 0.127363 0.007517 1.689460
0.866074 0.000059 0.000123 0.000042 0.000043 0.126143 0.007517 1.689468
0.867255 0.000061 0.000120 0.000040 0.000042 0.124964 0.007517 1.689475
0.868380 0.000063 0.000113 0.000041 0.000041 0.123844 0.007518 1.689479
0.869490 0.000063 0.000109 0.000041 0.000038 0.122739 0.007520 1.689484
0.870587 0.000060 0.000106 0.000041 0.000037 0.121650 0.007520 1.689492
0.871642 0.000058 0.000102 0.000042 0.000036 0.120600 0.007521 1.689498
0.872645 0.000058 0.000097 0.000040 0.000034 0.119604 0.007521 1.689503
0.873650 0.000054 0.000096 0.000038 0.000034 0.118607 0.007522 1.689509
0.874586 0.000054 0.000093 0.000038 0.000033 0.117673 0.007523 1.689515
0.875495 0.000056 0.000093 0.000037 0.000031 0.116764 0.007524 1.689520
0.876374 0.000054 0.000093 0.000034 0.000030 0.115891 0.007525 1.689526
0.877209 0.000051 0.000094 0.000034 0.000028 0.115060 0.007526 1.689534
0.878050 0.000048 0.000092 0.000035 0.000026 0.114223 0.007527 1.689540
0.878809 0.000047 0.000086 0.000033 0.000024 0.113473 0.007528 1.689545
0.879559 0.000046 0.000081 0.000032 0.000023 0.112732 0.007528 1.689550
0.880244 0.000045 0.000078 0.000030 0.000023 0.112052 0.007528 1.689554
0.880914 0.000045 0.000077 0.000028 0.000023 0.111386 0.007528 1.689558
0.881545 0.000043 0.000077 0.000026 0.000021 0.110761 0.007528 1.689564
0.882194 0.000044 0.000073 0.000025 0.000019 0.110116 0.007529 1.689567
0.882795 0.000042 0.000072 0.000024 0.000019 0.109519 0.007529 1.689573
0.883426 0.000041 0.000069 0.000025 0.000018 0.108892 0.007529 1.689577
0.883990 0.000040 0.000069 0.000025 0.000017 0.108330 0.007529 1.689583
0.884545 0.000037 0.000071 0.000023 0.000016 0.107778 0.007530 1.689589
0.885062 0.000035 0.000072 0.000022 0.000016 0.107262 0.007530 1.689593
0.885584 0.000037 0.000071 0.000020 0.000016 0.106742 0.007530 1.689597
0.886096 0.000037 0.000071 0.000022 0.000015 0.106229 0.007531 1.689602
0.886561 0.000036 0.000067 0.000022 0.000014 0.105769 0.007532 1.689605
0.887046 0.000033 0.000063 0.000022 0.000014 0.105290 0.007532 1.689609
0.887509 0.000032 0.000062 0.000022 0.000013 0.104829 0.007532 1.689612
0.887960 0.000032 0.000063 0.000021 0.000013 0.104380 0.007532 1.689617
0.888394 0.000031 0.000063 0.000021 0.000012 0.103946 0.007532 1.689620
0.888791 0.000033 0.000062 0.000022 0.000013 0.103548 0.007532 1.689625
0.889211 0.000031 0.000061 0.000022 0.000012 0.103133 0.007533 1.689628
0.889616 0.000030 0.000057 0.000021 0.000011 0.102732 0.007533 1.689630
0.889987 0.000030 0.000055 0.000018 0.000011 0.102366 0.007533 1.689633
0.890357 0.000032 0.000051 0.000018 0.000011 0.101998 0.007533 1.689634
0.890722 0.000032 0.000052 0.000016 0.000011 0.101635 0.007533 1.689638
0.891077 0.000032 0.000049 0.000015 0.000011 0.101284 0.007533 1.689640
0.891404 0.000029 0.000052 0.000017 0.000010 0.100956 0.007533 1.689646
0.891725 0.000029 0.000051 0.000017 0.000010 0.100636 0.007533 1.689647
0.892054 0.000028 0.000051 0.000018 0.000010 0.100307 0.007533 1.689650
0.892386 0.000028 0.000046 0.000018 0.000010 0.099981 0.007533 1.689653
0.892692 0.000030 0.000043 0.000017 0.000010 0.099676 0.007533 1.689654
0.892972 0.000026 0.000043 0.000018 0.000009 0.099400 0.007534 1.689658
0.893234 0.000028 0.000040 0.000016 0.000008 0.099141 0.007535 1.689659
0.893478 0.000028 0.000039 0.000018 0.000008 0.098896 0.007535 1.689662
0.893724 0.000026 0.000039 0.000018 0.000007 0.098652 0.007535 1.689664
0.893952 0.000026 0.000036 0.000016 0.000007 0.098429 0.007535 1.689665
0.894170 0.000025 0.000034 0.000016 0.000007 0.098213 0.007535 1.689667
0.894401 0.000024 0.000034 0.000016 0.000007 0.097984 0.007536 1.689670
0.894611 0.000022 0.000034 0.000016 0.000007 0.097776 0.007536 1.689674
0.894827 0.000020 0.000031 0.000016 0.000006 0.097564 0.007536 1.689676
0.895007 0.000020 0.000030 0.000016 0.000006 0.097386 0.007536 1.689677
0.895180 0.000019 0.000029 0.000015 0.000005 0.097215 0.007537 1.689679
0.895352 0.000018 0.000030 0.000015 0.000005 0.097043 0.007537 1.689682
0.895516 0.000018 0.000030 0.000014 0.000005 0.096880 0.007537 1.689684
0.895673 0.000018 0.000031 0.000013 0.000005 0.096724 0.007537 1.689686
0.895831 0.000018 0.000028 0.000013 0.000005 0.096568 0.007537 1.689686
0.895978 0.000018 0.000027 0.000013 0.000005 0.096423 0.007537 1.689688
0.896112 0.000018 0.000027 0.000013 0.000005 0.096288 0.007537 1.689689
0.896247 0.000018 0.000029 0.000012 0.000005 0.096153 0.007537 1.689691
0.896390 0.000018 0.000029 0.000011 0.000004 0.096010 0.007537 1.689692
0.896525 0.000017 0.000027 0.000011 0.000004 0.095879 0.007537 1.689693
0.896675 0.000016 0.000025 0.000011 0.000004 0.095731 0.007537 1.689694
0.896789 0.000016 0.000025 0.000011 0.000004 0.095618 0.007537 1.689697
0.896904 0.000016 0.000022 0.000010 0.000004 0.095508 0.007537 1.689698
0.897007 0.000016 0.000020 0.000010 0.000004 0.095406 0.007537 1.689698
0.897122 0.000017 0.000019 0.000011 0.000004 0.095290 0.007538 1.689699
0.897228 0.000017 0.000018 0.000012 0.000003 0.095184 0.007538 1.689701
0.897326 0.000016 0.000017 0.000012 0.000003 0.095089 0.007538 1.689704
0.897420 0.000015 0.000017 0.000012 0.000003 0.094996 0.007538 1.689705
0.897501 0.000015 0.000015 0.000011 0.000003 0.094918 0.007538 1.689706
0.897577 0.000015 0.000015 0.000011 0.000003 0.094843 0.007538 1.689707
0.897667 0.000014 0.000015 0.000011 0.000003 0.094754 0.007538 1.689708
0.897751 0.000013 0.000016 0.000010 0.000003 0.094670 0.007538 1.689709
0.897827 0.000013 0.000016 0.000010 0.000002 0.094596 0.007538 1.689710
0.897900 0.000013 0.000015 0.000009 0.000002 0.094525 0.007538 1.689711
0.897970 0.000012 0.000014 0.000010 0.000002 0.094456 0.007538 1.689713
0.898041 0.000012 0.000015 0.000010 0.000001 0.094384 0.007538 1.689715
0.898116 0.000012 0.000015 0.000010 0.000001 0.094310 0.007538 1.689715
0.898178 0.000010 0.000016 0.000009 0.000001 0.094249 0.007538 1.689717
0.898239 0.000011 0.000015 0.000008 0.000001 0.094189 0.007538 1.689718
0.898307 0.000010 0.000016 0.000008 0.000001 0.094120 0.007538 1.689719
0.898377 0.000010 0.000017 0.000008 0.000001 0.094051 0.007538 1.689721
0.898442 0.000010 0.000015 0.000008 0.000001 0.093987 0.007538 1.689721
0.898505 0.000010 0.000015 0.000008 0.000001 0.093923 0.007538 1.689722
0.898570 0.000010 0.000015 0.000007 0.000001 0.093860 0.007538 1.689722
0.898625 0.000010 0.000013 0.000007 0.000001 0.093805 0.007538 1.689723
0.898681 0.000008 0.000013 0.000007 0.000001 0.093753 0.007538 1.689725
0.898727 0.000009 0.000013 0.000007 0.000001 0.093706 0.007538 1.689725
0.898792 0.000008 0.000013 0.000007 0.000001 0.093642 0.007538 1.689726
0.898848 0.000007 0.000014 0.000007 0.000001 0.093586 0.007538 1.689728
0.898897 0.000007 0.000013 0.000008 0.000001 0.093537 0.007538 1.689729
0.898947 0.000007 0.000012 0.000007 0.000002 0.093488 0.007538 1.689730
0.899004 0.000007 0.000012 0.000006 0.000002 0.093432 0.007538 1.689730
0.899058 0.000006 0.000012 0.000007 0.000002 0.093378 0.007538 1.689731
0.899114 0.000008 0.000011 0.000007 0.000002 0.093322 0.007538 1.689731
0.899167 0.000008 0.000010 0.000008 0.000002 0.093268 0.007538 1.689732
0.899210 0.000008 0.000011 0.000008 0.000002 0.093224 0.007538 1.689733
0.899251 0.000008 0.000011 0.000007 0.000001 0.093183 0.007539 1.689734
0.899284 0.000008 0.000010 0.000007 0.000001 0.093152 0.007539 1.689734
0.899323 0.000008 0.000010 0.000006 0.000001 0.093115 0.007539 1.689735
0.899352 0.000008 0.000008 0.000006 0.000001 0.093087 0.007539 1.689735
0.899381 0.000008 0.000008 0.000006 0.000001 0.093059 0.007539 1.689736
0.899399 0.000008 0.000008 0.000005 0.000001 0.093042 0.007539 1.689737
0.899426 0.000007 0.000009 0.000005 0.000001 0.093015 0.007539 1.689739
0.899449 0.000008 0.000010 0.000004 0.000001 0.092991 0.007539 1.689739
0.899474 0.000007 0.000010 0.000005 0.000001 0.092966 0.007539 1.689740
0.899499 0.000007 0.000010 0.000005 0.000001 0.092941 0.007539 1.689741
0.899522 0.000007 0.000009 0.000005 0.000001 0.092919 0.007539 1.689741
0.899535 0.000006 0.000008 0.000004 0.000002 0.092907 0.007539 1.689742
0.899562 0.000006 0.000008 0.000005 0.000001 0.092879 0.007539 1.689743
0.899578 0.000007 0.000008 0.000005 0.000001 0.092864 0.007539 1.689744
0.899595 0.000007 0.000008 0.000003 0.000001 0.092848 0.007539 1.689744
0.899614 0.000006 0.000008 0.000004 0.000001 0.092829 0.007539 1.689745
0.899633 0.000005 0.000008 0.000005 0.000001 0.092811 0.007539 1.689746
0.899647 0.000005 0.000007 0.000004 0.000001 0.092798 0.007539 1.689747
0.899664 0.000005 0.000007 0.000004 0.000001 0.092782 0.007539 1.689748
0.899680 0.000005 0.000007 0.000004 0.000001 0.092765 0.007539 1.689748
0.899698 0.000004 0.000007 0.000004 0.000001 0.092748 0.007539 1.689749
0.899716 0.000004 0.000006 0.000003 0.000001 0.092732 0.007539 1.689749
0.899735 0.000004 0.000006 0.000003 0.000001 0.092713 0.007539 1.689750
0.899749 0.000004 0.000006 0.000003 0.000001 0.092699 0.007539 1.689750
0.899765 0.000004 0.000006 0.000003 0.000001 0.092683 0.007539 1.689750
0.899787 0.000004 0.000006 0.000002 0.000001 0.092661 0.007539 1.689750
0.899801 0.000004 0.000006 0.000001 0.000000 0.092650 0.007539 1.689751
0.899812 0.000003 0.000006 0.000002 0.000000 0.092640 0.007539 1.689752
0.899824 0.000004 0.000006 0.000002 0.000000 0.092626 0.007539 1.689752
0.899838 0.000004 0.000005 0.000002 0.000000 0.092612 0.007539 1.689752
0.899851 0.000003 0.000005 0.000002 0.000000 0.092600 0.007539 1.689753
0.899864 0.000003 0.000005 0.000002 0.000000 0.092587 0.007539 1.689753
0.899877 0.000003 0.000005 0.000002 0.000000 0.092574 0.007539 1.689753
0.899887 0.000003 0.000005 0.000002 0.000000 0.092563 0.007539 1.689754
0.899899 0.000003 0.000003 0.000002 0.000000 0.092554 0.007539 1.689754
0.899910 0.000003 0.000003 0.000002 0.000000 0.092542 0.007539 1.689754
0.899924 0.000003 0.000003 0.000002 0.000000 0.092529 0.007539 1.689755
0.899938 0.000002 0.000003 0.000003 0.000000 0.092516 0.007539 1.689756
0.899951 0.000002 0.000003 0.000003 0.000000 0.092503 0.007539 1.689756
0.899961 0.000002 0.000003 0.000003 0.000000 0.092493 0.007539 1.689756
0.899972 0.000002 0.000003 0.000003 0.000000 0.092482 0.007539 1.689756
0.899983 0.000002 0.000003 0.000003 0.000000 0.092471 0.007539 1.689757
0.899994 0.000002 0.000002 0.000002 0.000000 0.092461 0.007539 1.689757
0.900003 0.000003 0.000002 0.000002 0.000000 0.092451 0.007539 1.689757
0.900011 0.000003 0.000002 0.000002 0.000000 0.092444 0.007539 1.689757
0.900023 0.000003 0.000002 0.000002 0.000000 0.092431 0.007539 1.689757
0.900031 0.000004 0.000001 0.000002 0.000000 0.092425 0.007539 1.689757
0.900038 0.000004 0.000001 0.000002 0.000000 0.092417 0.007539 1.689757
0.900045 0.000004 0.000001 0.000002 0.000000 0.092411 0.007539 1.689757
0.900053 0.000004 0.000000 0.000001 0.000000 0.092404 0.007539 1.689757
0.900062 0.000004 0.000000 0.000001 0.000000 0.092395 0.007539 1.689757
0.900067 0.000003 0.000000 0.000001 0.000000 0.092390 0.007539 1.689757
0.900074 0.000003 0.000000 0.000000 0.000000 0.092383 0.007539 1.689757
0.900082 0.000003 0.000000 0.000000 0.000000 0.092375 0.007539 1.689757
0.900087 0.000003 0.000000 0.000000 0.000000 0.092370 0.007539 1.689757
0.900091 0.000003 0.000000 0.000000 0.000000 0.092366 0.007539 1.689757
0.900097 0.000003 0.000000 0.000000 0.000000 0.092361 0.007539 1.689758
0.900104 0.000003 0.000001 0.000000 0.000000 0.092353 0.007539 1.689758
0.900111 0.000003 0.000000 0.000000 0.000000 0.092347 0.007539 1.689758
0.900118 0.000001 0.000002 0.000000 0.000000 0.092340 0.007539 1.689760
0.900125 0.000001 0.000002 0.000000 0.000000 0.092333 0.007539 1.689760
0.900129 0.000001 0.000002 0.000000 0.000000 0.092330 0.007539 1.689760
0.900133 0.000001 0.000002 0.000000 0.000000 0.092326 0.007539 1.689760
0.900136 0.000001 0.000000 0.000000 0.000000 0.092324 0.007539 1.689760
0.900137 0.000001 0.000000 0.000000 0.000000 0.092323 0.007539 1.689760
0.900139 0.000001 0.000000 0.000000 0.000000 0.092321 0.007539 1.689760
0.900140 0.000002 0.000000 0.000000 0.000000 0.092319 0.007539 1.689760
0.900141 0.000002 0.000000 0.000000 0.000000 0.092317 0.007539 1.689760
0.900144 0.000002 0.000000 0.000000 0.000000 0.092315 0.007539 1.689760
0.900146 0.000002 0.000000 0.000000 0.000000 0.092313 0.007539 1.689760
0.900148 0.000002 0.000000 0.000000 0.000000 0.092311 0.007539 1.689760
0.900151 0.000002 0.000000 0.000000 0.000000 0.092308 0.007539 1.689760
0.900152 0.000002 0.000000 0.000000 0.000000 0.092307 0.007539 1.689760
0.900153 0.000002 0.000000 0.000000 0.000000 0.092306 0.007539 1.689761
0.900154 0.000002 0.000000 0.000000 0.000000 0.092304 0.007539 1.689761
0.900155 0.000002 0.000000 0.000001 0.000000 0.092303 0.007539 1.689761
0.900157 0.000001 0.000001 0.000001 0.000000 0.092301 0.007539 1.689762
0.900158 0.000001 0.000000 0.000001 0.000000 0.092301 0.007539 1.689762
0.900160 0.000001 0.000000 0.000001 0.000000 0.092299 0.007539 1.689762
0.900163 0.000001 0.000000 0.000001 0.000000 0.092296 0.007539 1.689762
0.900164 0.000000 0.000000 0.000001 0.000000 0.092295 0.007539 1.689762
0.900164 0.000000 0.000001 0.000001 0.000000 0.092295 0.007539 1.689763
0.900164 0.000000 0.000001 0.000001 0.000000 0.092294 0.007539 1.689763
0.900165 0.000000 0.000001 0.000001 0.000000 0.092293 0.007539 1.689763
0.900167 0.000000 0.000001 0.000001 0.000000 0.092291 0.007539 1.689763
0.900169 0.000000 0.000001 0.000001 0.000000 0.092290 0.007539 1.689763
0.900170 0.000000 0.000001 0.000001 0.000000 0.092288 0.007539 1.689763
0.900170 0.000000 0.000000 0.000001 0.000000 0.092288 0.007539 1.689763
0.900171 0.000000 0.000000 0.000001 0.000000 0.092287 0.007539 1.689763
0.900172 0.000000 0.000000 0.000000 0.000000 0.092288 0.007539 1.689763
0.900173 0.000000 0.000000 0.000000 0.000000 0.092287 0.007539 1.689763
0.900173 0.000000 0.000000 0.000000 0.000000 0.092287 0.007539 1.689763
0.900174 0.000001 0.000000 0.000000 0.000000 0.092286 0.007539 1.689763
0.900175 0.000001 0.000000 0.000000 0.000000 0.092285 0.007539 1.689763
0.900177 0.000001 0.000000 0.000000 0.000000 0.092283 0.007539 1.689763
0.900178 0.000001 0.000000 0.000000 0.000000 0.092281 0.007539 1.689763
0.900180 0.000001 0.000000 0.000000 0.000000 0.092280 0.007539 1.689763
0.900180 0.000001 0.000000 0.000000 0.000000 0.092279 0.007539 1.689763
0.900181 0.000001 0.000000 0.000000 0.000000 0.092278 0.007539 1.689763
0.900181 0.000001 0.000000 0.000000 0.000000 0.092278 0.007539 1.689763
0.900182 0.000001 0.000000 0.000000 0.000000 0.092277 0.007539 1.689763
0.900182 0.000001 0.000000 0.000000 0.000000 0.092277 0.007539 1.689763
0.900183 0.000001 0.000000 0.000000 0.000000 0.092277 0.007539 1.689763
0.900183 0.000001 0.000000 0.000000 0.000000 0.092276 0.007539 1.689763
0.900184 0.000001 0.000000 0.000000 0.000000 0.092275 0.007539 1.689763
0.900185 0.000001 0.000000 0.000000 0.000000 0.092275 0.007539 1.689763
0.900186 0.000001 0.000000 0.000000 0.000000 0.092273 0.007539 1.689763
0.900185 0.000001 0.000001 0.000000 0.000000 0.092273 0.007539 1.689764
0.900185 0.000000 0.000001 0.000001 0.000000 0.092273 0.007539 1.689764
0.900186 0.000000 0.000001 0.000001 0.000000 0.092273 0.007539 1.689764
0.900187 0.000000 0.000001 0.000001 0.000000 0.092272 0.007539 1.689764
0.900187 0.000001 0.000001 0.000001 0.000000 0.092272 0.007539 1.689764
0.900187 0.000001 0.000001 0.000001 0.000000 0.092271 0.007539 1.689764
0.900188 0.000001 0.000001 0.000001 0.000000 0.092271 0.007539 1.689764
0.900188 0.000001 0.000001 0.000001 0.000000 0.092270 0.007539 1.689764
0.900188 0.000001 0.000001 0.000001 0.000000 0.092270 0.007539 1.689764
0.900188 0.000001 0.000001 0.000001 0.000000 0.092270 0.007539 1.689764
0.900189 0.000001 0.000001 0.000000 0.000000 0.092270 0.007539 1.689764
0.900190 0.000001 0.000001 0.000000 0.000000 0.092269 0.007539 1.689764
0.900190 0.000001 0.000001 0.000000 0.000000 0.092269 0.007539 1.689765
0.900190 0.000000 0.000001 0.000001 0.000000 0.092269 0.007539 1.689765
0.900190 0.000000 0.000001 0.000001 0.000000 0.092269 0.007539 1.689765
0.900191 0.000000 0.000000 0.000001 0.000000 0.092268 0.007539 1.689765
0.900192 0.000000 0.000000 0.000001 0.000000 0.092268 0.007539 1.689765
0.900192 0.000000 0.000000 0.000001 0.000000 0.092267 0.007539 1.689765
0.900193 0.000000 0.000000 0.000001 0.000000 0.092267 0.007539 1.689765
0.900193 0.000000 0.000000 0.000001 0.000000 0.092266 0.007539 1.689765
0.900194 0.000000 0.000000 0.000001 0.000000 0.092265 0.007539 1.689765
0.900195 0.000000 0.000000 0.000001 0.000000 0.092264 0.007539 1.689765
0.900195 0.000000 0.000000 0.000001 0.000000 0.092264 0.007539 1.689765
0.900195 0.000000 0.000001 0.000001 0.000000 0.092264 0.007539 1.689766
0.900196 0.000000 0.000001 0.000001 0.000000 0.092263 0.007539 1.689766
0.900197 0.000000 0.000001 0.000001 0.000000 0.092262 0.007539 1.689766
0.900196 0.000000 0.000001 0.000001 0.000000 0.092262 0.007539 1.689766
0.900197 0.000000 0.000001 0.000001 0.000000 0.092262 0.007539 1.689766
0.900197 0.000000 0.000001 0.000001 0.000000 0.092262 0.007539 1.689766
0.900197 0.000000 0.000001 0.000000 0.000000 0.092262 0.007539 1.689766
0.900197 0.000000 0.000001 0.000000 0.000000 0.092262 0.007539 1.689766
0.900198 0.000000 0.000001 0.000000 0.000000 0.092262 0.007539 1.689766
0.900198 0.000000 0.000001 0.000000 0.000000 0.092261 0.007539 1.689766
0.900199 0.000000 0.000001 0.000000 0.000000 0.092261 0.007539 1.689766
0.900199 0.000000 0.000001 0.000000 0.000000 0.092260 0.007539 1.689766
0.900200 0.000000 0.000001 0.000000 0.000000 0.092259 0.007539 1.689766
0.900200 0.000000 0.000001 0.000000 0.000000 0.092260 0.007539 1.689766
0.900200 0.000000 0.000001 0.000000 0.000000 0.092260 0.007539 1.689766
0.900201 0.000000 0.000001 0.000000 0.000000 0.092258 0.007539 1.689766
0.900201 0.000000 0.000001 0.000000 0.000000 0.092258 0.007539 1.689766
0.900201 0.000001 0.000001 0.000000 0.000000 0.092258 0.007539 1.689766
0.900201 0.000001 0.000000 0.000000 0.000000 0.092258 0.007539 1.689766
0.900202 0.000001 0.000000 0.000000 0.000000 0.092258 0.007539 1.689766
0.900202 0.000001 0.000000 0.000000 0.000000 0.092258 0.007539 1.689766
0.900203 0.000001 0.000000 0.000000 0.000000 0.092257 0.007539 1.689766
0.900204 0.000000 0.000000 0.000000 0.000000 0.092257 0.007539 1.689767
0.900205 0.000000 0.000000 0.000000 0.000000 0.092256 0.007539 1.689767
0.900206 0.000000 0.000000 0.000000 0.000000 0.092255 0.007539 1.689767
0.900207 0.000000 0.000000 0.000000 0.000000 0.092254 0.007539 1.689767
0.900207 0.000000 0.000000 0.000000 0.000000 0.092254 0.007539 1.689767
0.900208 0.000000 0.000000 0.000000 0.000000 0.092253 0.007539 1.689767
0.900208 0.000000 0.000000 0.000000 0.000000 0.092253 0.007539 1.689767
0.900209 0.000000 0.000000 0.000000 0.000000 0.092252 0.007539 1.689767
0.900209 0.000000 0.000000 0.000000 0.000000 0.092252 0.007539 1.689767
0.900210 0.000000 0.000000 0.000000 0.000000 0.092251 0.007539 1.689767
0.900210 0.000000 0.000000 0.000000 0.000000 0.092250 0.007539 1.689767
0.900211 0.000000 0.000000 0.000000 0.000000 0.092250 0.007539 1.689767
0.900211 0.000000 0.000000 0.000000 0.000000 0.092249 0.007539 1.689767
0.900212 0.000000 0.000000 0.000000 0.000000 0.092249 0.007539 1.689767
0.900212 0.000000 0.000000 0.000000 0.000000 0.092248 0.007539 1.689767
0.900213 0.000000 0.000000 0.000000 0.000000 0.092248 0.007539 1.689767
0.900213 0.000000 0.000000 0.000000 0.000000 0.092247 0.007539 1.689767
0.900214 0.000000 0.000000 0.000000 0.000000 0.092247 0.007539 1.689767
0.900214 0.000000 0.000000 0.000000 0.000000 0.092247 0.007539 1.689767
0.900215 0.000000 0.000000 0.000000 0.000000 0.092246 0.007539 1.689767
0.900215 0.000000 0.000000 0.000000 0.000000 0.092246 0.007539 1.689767
0.900216 0.000000 0.000000 0.000000 0.000000 0.092245 0.007539 1.689767
0.900216 0.000000 0.000000 0.000000 0.000000 0.092245 0.007539 1.689767
0.900217 0.000000 0.000000 0.000000 0.000000 0.092244 0.007539 1.689767
0.900217 0.000000 0.000000 0.000000 0.000000 0.092245 0.007539 1.689767
0.900217 0.000000 0.000000 0.000000 0.000000 0.092245 0.007539 1.689767
0.900217 0.000000 0.000000 0.000000 0.000000 0.092245 0.007539 1.689767
0.900217 0.000000 0.000000 0.000000 0.000000 0.092245 0.007539 1.689767
0.900217 0.000000 0.000000 0.000000 0.000000 0.092245 0.007539 1.689767
0.900217 0.000000 0.000000 0.000000 0.000000 0.092245 0.007539 1.689767
0.900217 0.000000 0.000000 0.000000 0.000000 0.092245 0.007539 1.689767
0.900217 0.000000 0.000000 0.000000 0.000000 0.092245 0.007539 1.689767
0.900217 0.000000 0.000000 0.000000 0.000000 0.092245 0.007539 1.689767
0.900217 0.000000 0.000000 0.000000 0.000000 0.092245 0.007539 1.689767
0.900217 0.000000 0.000000 0.000000 0.000000 0.092245 0.007539 1.689767
0.900217 0.000000 0.000000 0.000000 0.000000 0.092245 0.007539 1.689767
0.900217 0.000000 0.000000 0.000000 0.000000 0.092245 0.007539 1.689767
0.900217 0.000000 0.000000 0.000000 0.000000 0.092245 0.007539 1.689767
0.900217 0.000000 0.000000 0.000000 0.000000 0.092245 0.007539 1.689767
0.900217 0.000000 0.000000 0.000000 0.000000 0.092245 0.007539 1.689767
0.900217 0.000000 0.000000 0.000000 0.000000 0.092245 0.007539 1.689767
0.900217 0.000000 0.000000 0.000000 0.000000 0.092245 0.007539 1.689767
0.900217 0.000000 0.000000 0.000000 0.000000 0.092245 0.007539 1.689767
0.900217 0.000000 0.000000 0.000000 0.000000 0.092245 0.007539 1.689767
0.900217 0.000000 0.000000 0.000000 0.000000 0.092245 0.007539 1.689767
0.900217 0.000000 0.000000 0.000000 0.000000 0.092245 0.007539 1.689767
0.900217 0.000000 0.000000 0.000000 0.000000 0.092245 0.007539 1.689767
0.900217 0.000000 0.000000 0.000000 0.000000 0.092245 0.007539 1.689767
0.900217 0.000000 0.000000 0.000000 0.000000 0.092245 0.007539 1.689767
0.900217 0.000000 0.000000 0.000000 0.000000 0.092245 0.007539 1.689767
0.900217 0.000000 0.000000 0.000000 0.000000 0.092245 0.007539 1.689767
0.900217 0.000000 0.000000 0.000000 0.000000 0.092245 0.007539 1.689767
0.900217 0.000000 0.000000 0.000000 0.000000 0.092245 0.007539 1.689767
0.900217 0.000000 0.000000 0.000000 0.000000 0.092245 0.007539 1.689767
0.900217 0.000000 0.000000 0.000000 0.000000 0.092245 0.007539 1.689767
0.900217 0.000000 0.000000 0.000000 0.000000 0.092245 0.007539 1.689767
0.900217 0.000000 0.000000 0.000000 0.000000 0.092245 0.007539 1.689767
0.900217 0.000000 0.000000 0.000000 0.000000 0.092245 0.007539 1.689767
0.900217 0.000000 0.000000 0.000000 0.000000 0.092245 0.007539 1.689767
0.900217 0.000000 0.000000 0.000000 0.000000 0.092245 0.007539 1.689767
0.900217 0.000000 0.000000 0.000000 0.000000 0.092245 0.007539 1.689767
0.900217 0.000000 0.000000 0.000000 0.000000 0.092245 0.007539 1.689767
0.900217 0.000000 0.000000 0.000000 0.000000 0.092245 0.007539 1.689767
0.900217 0.000000 0.000000 0.000000 0.000000 0.092245 0.007539 1.689767
0.900217 0.000000 0.000000 0.000000 0.000000 0.092245 0.007539 1.689767
0.900217 0.000000 0.000000 0.000000 0.000000 0.092245 0.007539 1.689767
0.900217 0.000000 0.000000 0.000000 0.000000 0.092245 0.007539 1.689767
0.900217 0.000000 0.000000 0.000000 0.000000 0.092245 0.007539 1.689767
0.900217 0.000000 0.000000 0.000000 0.000000 0.092245 0.007539 1.689767
0.900217 0.000000 0.000000 0.000000 0.000000 0.092245 0.007539 1.689767
0.900217 0.000000 0.000000 0.000000 0.000000 0.092245 0.007539 1.689767
0.900217 0.000000 0.000000 0.000000 0.000000 0.092245 0.007539 1.689767
0.900217 0.000000 0.000000 0.000000 0.000000 0.092245 0.007539 1.689767
0.900217 0.000000 0.000000 0.000000 0.000000 0.092245 0.007539 1.689767
0.900217 0.000000 0.000000 0.000000 0.000000 0.092245 0.007539 1.689767
0.900217 0.000000 0.000000 0.000000 0.000000 0.092245 0.007539 1.689767
0.900217 0.000000 0.000000 0.000000 0.000000 0.092245 0.007539 1.689767
0.900217 0.000000 0.000000 0.000000 0.000000 0.092245 0.007539 1.689767
0.900217 0.000000 0.000000 0.000000 0.000000 0.092245 0.007539 1.689767
0.900217 0.000000 0.000000 0.000000 0.000000 0.092245 0.007539 1.689767
0.900217 0.000000 0.000000 0.000000 0.000000 0.092245 0.007539 1.689767
0.900217 0.000000 0.000000 0.000000 0.000000 0.092245 0.007539 1.689767
0.900217 0.000000 0.000000 0.000000 0.000000 0.092245 0.007539 1.689767
0.900217 0.000000 0.000000 0.000000 0.000000 0.092245 0.007539 1.689767
0.900217 0.000000 0.000000 0.000000 0.000000 0.092245 0.007539 1.689767
0.900217 0.000000 0.000000 0.000000 0.000000 0.092245 0.007539 1.689767
0.900217 0.000000 0.000000 0.000000 0.000000 0.092245 0.007539 1.689767
0.900217 0.000000 0.000000 0.000000 0.000000 0.092245 0.007539 1.689767
0.900217 0.000000 0.000000 0.000000 0.000000 0.092245 0.007539 1.689767
0.900217 0.000000 0.000000 0.000000 0.000000 0.092245 0.007539 1.689767
0.900217 0.000000 0.000000 0.000000 0.000000 0.092245 0.007539 1.689767
0.900217 0.000000 0.000000 0.000000 0.000000 0.092245 0.007539 1.689767
0.900217 0.000000 0.000000 0.000000 0.000000 0.092245 0.007539 1.689767
0.900217 0.000000 0.000000 0.000000 0.000000 0.092245 0.007539 1.689767
0.900217 0.000000 0.000000 0.000000 0.000000 0.092245 0.007539 1.689767
0.900217 0.000000 0.000000 0.000000 0.000000 0.092245 0.007539 1.689767
0.900217 0.000000 0.000000 0.000000 0.000000 0.092245 0.007539 1.689767
0.900217 0.000000 0.000000 0.000000 0.000000 0.092245 0.007539 1.689767
0.900217 0.000000 0.000000 0.000000 0.000000 0.092245 0.007539 1.689767
0.900217 0.000000 0.000000 0.000000 0.000000 0.092245 0.007539 1.689767
0.900217 0.000000 0.000000 0.000000 0.000000 0.092245 0.007539 1.689767
0.900217 0.000000 0.000000 0.000000 0.000000 0.092245 0.007539 1.689767
0.900217 0.000000 0.000000 0.000000 0.000000 0.092245 0.007539 1.689767
0.900217 0.000000 0.000000 0.000000 0.000000 0.092245 0.007539 1.689767
0.900217 0.000000 0.000000 0.000000 0.000000 0.092245 0.007539 1.689767
0.900217 0.000000 0.000000 0.000000 0.000000 0.092245 0.007539 1.689767
0.900217 0.000000 0.000000 0.000000 0.000000 0.092245 0.007539 1.689767
0.900217 0.000000 0.000000 0.000000 0.000000 0.092245 0.007539 1.689767
0.900217 0.000000 0.000000 0.000000 0.000000 0.092245 0.007539 1.689767
0.900217 0.000000 0.000000 0.000000 0.000000 0.092245 0.007539 1.689767
0.900217 0.000000 0.000000 0.000000 0.000000 0.092245 0.007539 1.689767
0.900217 0.000000 0.000000 0.000000 0.000000 0.092245 0.007539 1.689767
0.900217 0.000000 0.000000 0.000000 0.000000 0.092245 0.007539 1.689767
0.900217 0.000000 0.000000 0.000000 0.000000 0.092245 0.007539 1.689767
0.900217 0.000000 0.000000 0.000000 0.000000 0.092245 0.007539 1.689767
0.900217 0.000000 0.000000 0.000000 0.000000 0.092245 0.007539 1.689767
0.900217 0.000000 0.000000 0.000000 0.000000 0.092245 0.007539 1.689767
0.900217 0.000000 0.000000 0.000000 0.000000 0.092245 0.007539 1.689767
0.900217 0.000000 0.000000 0.000000 0.000000 0.092245 0.007539 1.689767
0.900217 0.000000 0.000000 0.000000 0.000000 0.092245 0.007539 1.689767
0.900217 0.000000 0.000000 0.000000 0.000000 0.092245 0.007539 1.689767
0.900217 0.000000 0.000000 0.000000 0.000000 0.092245 0.007539 1.689767
0.900217 0.000000 0.000000 0.000000 0.000000 0.092245 0.007539 1.689767
0.900217 0.000000 0.000000 0.000000 0.000000 0.092245 0.007539 1.689767
0.900217 0.000000 0.000000 0.000000 0.000000 0.092245 0.007539 1.689767
0.900217 0.000000 0.000000 0.000000 0.000000 0.092245 0.007539 1.689767
0.900217 0.000000 0.000000 0.000000 0.000000 0.092245 0.007539 1.689767
0.900217 0.000000 0.000000 0.000000 0.000000 0.092245 0.007539 1.689767
0.900217 0.000000 0.000000 0.000000 0.000000 0.092245 0.007539 1.689767
0.900217 0.000000 0.000000 0.000000 0.000000 0.092245 0.007539 1.689767
0.900217 0.000000 0.000000 0.000000 0.000000 0.092245 0.007539 1.689767
0.900217 0.000000 0.000000 0.000000 0.000000 0.092245 0.007539 1.689767
0.900217 0.000000 0.000000 0.000000 0.000000 0.092245 0.007539 1.689767
0.900217 0.000000 0.000000 0.000000 0.000000 0.092245 0.007539 1.689767
0.900217 0.000000 0.000000 0.000000 0.000000 0.092245 0.007539 1.689767
0.900217 0.000000 0.000000 0.000000 0.000000 0.092245 0.007539 1.689767
0.900217 0.000000 0.000000 0.000000 0.000000 0.092245 0.007539 1.689767
0.900217 0.000000 0.000000 0.000000 0.000000 0.092245 0.007539 1.689767
0.900217 0.000000 0.000000 0.000000 0.000000 0.092245 0.007539 1.689767
0.900217 0.000000 0.000000 0.000000 0.000000 0.092245 0.007539 1.689767
0.900217 0.000000 0.000000 0.000000 0.000000 0.092245 0.007539 1.689767
0.900217 0.000000 0.000000 0.000000 0.000000 0.092245 0.007539 1.689767
0.900217 0.000000 0.000000 0.000000 0.000000 0.092245 0.007539 1.689767
0.900217 0.000000 0.000000 0.000000 0.000000 0.092245 0.007539 1.689767
0.900217 0.000000 0.000000 0.000000 0.000000 0.092245 0.007539 1.689767
0.900217 0.000000 0.000000 0.000000 0.000000 0.092245 0.007539 1.689767
0.900217 0.000000 0.000000 0.000000 0.000000 0.092245 0.007539 1.689767
0.900217 0.000000 0.000000 0.000000 0.000000 0.092245 0.007539 1.689767
0.900217 0.000000 0.000000 0.000000 0.000000 0.092245 0.007539 1.689767
0.900217 0.000000 0.000000 0.000000 0.000000 0.092245 0.007539 1.689767
0.900217 0.000000 0.000000 0.000000 0.000000 0.092245 0.007539 1.689767
0.900217 0.000000 0.000000 0.000000 0.000000 0.092245 0.007539 1.689767
0.900217 0.000000 0.000000 0.000000 0.000000 0.092245 0.007539 1.689767
0.900217 0.000000 0.000000 0.000000 0.000000 0.092245 0.007539 1.689767
0.900217 0.000000 0.000000 0.000000 0.000000 0.092245 0.007539 1.689767
0.900217 0.000000 0.000000 0.000000 0.000000 0.092245 0.007539 1.689767
0.900217 0.000000 0.000000 0.000000 0.000000 0.092245 0.007539 1.689767
0.900217 0.000000 0.000000 0.000000 0.000000 0.092245 0.007539 1.689767
0.900217 0.000000 0.000000 0.000000 0.000000 0.092245 0.007539 1.689767
0.900217 0.000000 0.000000 0.000000 0.000000 0.092245 0.007539 1.689767
0.900217 0.000000 0.000000 0.000000 0.000000 0.092245 0.007539 1.689767
