0.342313 0.063035 0.056505 0.032630 0.002122 0.497131 0.006264 1.630602
0.344215 0.061234 0.056384 0.032623 0.002131 0.497121 0.006294 1.636716
0.346590 0.059176 0.056140 0.032372 0.002137 0.497268 0.006318 1.642623
0.349405 0.056876 0.055821 0.032025 0.002144 0.497381 0.006349 1.648341
0.352311 0.054639 0.055337 0.031749 0.002138 0.497445 0.006381 1.653827
0.355570 0.052426 0.054713 0.031302 0.002138 0.497440 0.006411 1.659076
0.358901 0.050241 0.054048 0.030912 0.002128 0.497328 0.006442 1.664100
0.362365 0.048169 0.053285 0.030497 0.002116 0.497098 0.006469 1.668932
0.365861 0.046246 0.052504 0.030000 0.002115 0.496781 0.006494 1.673517
0.369441 0.044439 0.051589 0.029471 0.002120 0.496422 0.006519 1.677951
0.373194 0.042649 0.050684 0.028886 0.002119 0.495919 0.006549 1.682189
0.376986 0.041006 0.049632 0.028224 0.002104 0.495475 0.006573 1.686237
0.380767 0.039428 0.048632 0.027723 0.002102 0.494746 0.006602 1.690181
0.384661 0.037880 0.047576 0.027095 0.002089 0.494072 0.006628 1.693939
0.388588 0.036401 0.046544 0.026541 0.002072 0.493196 0.006658 1.697634
0.392616 0.035068 0.045479 0.025921 0.002058 0.492174 0.006685 1.701067
0.396646 0.033816 0.044371 0.025323 0.002054 0.491083 0.006706 1.704450
0.400867 0.032557 0.043366 0.024656 0.002059 0.489764 0.006732 1.707721
0.404960 0.031397 0.042280 0.024013 0.002054 0.488540 0.006757 1.710824
0.409276 0.030257 0.041210 0.023393 0.002039 0.487044 0.006782 1.713846
0.413343 0.029272 0.040161 0.022755 0.002014 0.485649 0.006805 1.716746
0.417611 0.028267 0.039181 0.022155 0.001998 0.483960 0.006827 1.719581
0.421898 0.027380 0.038202 0.021531 0.001963 0.482165 0.006861 1.722279
0.426179 0.026457 0.037220 0.020952 0.001955 0.480349 0.006889 1.724963
0.430435 0.025674 0.036280 0.020379 0.001924 0.478388 0.006919 1.727506
0.434694 0.024957 0.035251 0.019819 0.001896 0.476434 0.006948 1.729961
0.438968 0.024143 0.034323 0.019359 0.001867 0.474367 0.006973 1.732420
0.443101 0.023503 0.033356 0.018795 0.001858 0.472394 0.006994 1.734761
0.447487 0.022871 0.032461 0.018263 0.001838 0.470065 0.007016 1.736986
0.451825 0.022264 0.031582 0.017747 0.001821 0.467724 0.007037 1.739202
0.456122 0.021565 0.030801 0.017326 0.001793 0.465335 0.007059 1.741421
0.460425 0.021009 0.029989 0.016861 0.001767 0.462870 0.007080 1.743505
0.464771 0.020495 0.029137 0.016398 0.001750 0.460349 0.007100 1.745542
0.468929 0.020020 0.028338 0.015975 0.001724 0.457892 0.007121 1.747517
0.473133 0.019575 0.027588 0.015515 0.001701 0.455348 0.007142 1.749426
0.477368 0.019148 0.026878 0.015113 0.001678 0.452655 0.007161 1.751333
0.481701 0.018698 0.026227 0.014629 0.001655 0.449905 0.007186 1.753180
0.485944 0.018280 0.025548 0.014289 0.001629 0.447104 0.007207 1.755009
0.490194 0.017896 0.024933 0.013920 0.001609 0.444225 0.007224 1.756809
0.494490 0.017520 0.024278 0.013513 0.001587 0.441369 0.007244 1.758516
0.498659 0.017145 0.023697 0.013218 0.001550 0.438464 0.007268 1.760287
0.502782 0.016810 0.023073 0.012887 0.001525 0.435638 0.007286 1.761951
0.506840 0.016495 0.022501 0.012539 0.001507 0.432816 0.007303 1.763598
0.510908 0.016203 0.021936 0.012191 0.001470 0.429965 0.007327 1.765198
0.514917 0.015894 0.021422 0.011883 0.001442 0.427093 0.007349 1.766778
0.518940 0.015661 0.020917 0.011577 0.001426 0.424111 0.007368 1.768317
0.522915 0.015396 0.020458 0.011312 0.001397 0.421133 0.007390 1.769870
0.526879 0.015142 0.019929 0.011110 0.001365 0.418163 0.007412 1.771376
0.530847 0.014841 0.019524 0.010886 0.001339 0.415136 0.007428 1.772926
0.534790 0.014629 0.019057 0.010644 0.001321 0.412115 0.007445 1.774343
0.538752 0.014363 0.018678 0.010443 0.001291 0.409010 0.007462 1.775792
0.542591 0.014147 0.018307 0.010197 0.001268 0.406014 0.007478 1.777223
0.546452 0.013987 0.017899 0.009940 0.001247 0.402982 0.007493 1.778591
0.550170 0.013797 0.017470 0.009707 0.001226 0.400126 0.007505 1.779961
0.553990 0.013642 0.017078 0.009490 0.001209 0.397070 0.007521 1.781287
0.557716 0.013506 0.016743 0.009267 0.001186 0.394049 0.007532 1.782603
0.561448 0.013357 0.016368 0.009105 0.001161 0.391009 0.007553 1.783907
0.565157 0.013244 0.016048 0.008894 0.001143 0.387944 0.007570 1.785196
0.568863 0.013129 0.015744 0.008687 0.001117 0.384868 0.007593 1.786468
0.572624 0.013003 0.015381 0.008508 0.001100 0.381778 0.007606 1.787694
0.576274 0.012892 0.015106 0.008345 0.001071 0.378691 0.007621 1.788938
0.579811 0.012792 0.014816 0.008190 0.001053 0.375705 0.007634 1.790196
0.583357 0.012683 0.014560 0.008099 0.001035 0.372618 0.007647 1.791454
0.586945 0.012543 0.014285 0.007983 0.001012 0.369572 0.007662 1.792669
0.590329 0.012470 0.014100 0.007868 0.000996 0.366562 0.007675 1.793896
0.593843 0.012325 0.013888 0.007714 0.000972 0.363568 0.007691 1.795106
0.597317 0.012208 0.013723 0.007582 0.000948 0.360519 0.007703 1.796301
0.600698 0.012098 0.013533 0.007466 0.000924 0.357562 0.007720 1.797517
0.604109 0.012058 0.013348 0.007360 0.000914 0.354477 0.007733 1.798674
0.607421 0.011925 0.013224 0.007241 0.000898 0.351544 0.007748 1.799883
0.610619 0.011887 0.012960 0.007147 0.000887 0.348741 0.007759 1.801040
0.613944 0.011813 0.012780 0.007004 0.000871 0.345817 0.007771 1.802177
0.617174 0.011727 0.012642 0.006911 0.000848 0.342914 0.007784 1.803349
0.620390 0.011693 0.012465 0.006842 0.000832 0.339983 0.007795 1.804483
0.623484 0.011651 0.012265 0.006742 0.000814 0.337237 0.007806 1.805621
0.626631 0.011610 0.012165 0.006696 0.000808 0.334276 0.007814 1.806773
0.629699 0.011528 0.012088 0.006668 0.000789 0.331402 0.007827 1.807944
0.632636 0.011498 0.011982 0.006566 0.000768 0.328708 0.007841 1.809064
0.635645 0.011401 0.011872 0.006517 0.000753 0.325961 0.007852 1.810213
0.638624 0.011385 0.011729 0.006444 0.000743 0.323214 0.007861 1.811328
0.641534 0.011368 0.011617 0.006356 0.000721 0.320530 0.007874 1.812400
0.644419 0.011328 0.011473 0.006329 0.000704 0.317865 0.007884 1.813519
0.647257 0.011285 0.011350 0.006232 0.000690 0.315292 0.007894 1.814624
0.649998 0.011285 0.011306 0.006152 0.000686 0.312670 0.007903 1.815752
0.652926 0.011245 0.011216 0.006131 0.000665 0.309904 0.007913 1.816852
0.655725 0.011235 0.011137 0.006106 0.000657 0.307217 0.007923 1.817952
0.658407 0.011270 0.011074 0.006032 0.000646 0.304639 0.007932 1.819040
0.661033 0.011305 0.011024 0.006003 0.000634 0.302059 0.007943 1.820127
0.663662 0.011321 0.010983 0.005962 0.000631 0.299490 0.007952 1.821238
0.666312 0.011343 0.010920 0.005920 0.000616 0.296932 0.007959 1.822318
0.668868 0.011382 0.010815 0.005910 0.000608 0.294448 0.007969 1.823422
0.671465 0.011439 0.010759 0.005831 0.000604 0.291926 0.007976 1.824501
0.673997 0.011440 0.010696 0.005818 0.000605 0.289460 0.007985 1.825610
0.676474 0.011407 0.010645 0.005827 0.000600 0.287056 0.007992 1.826788
0.678853 0.011424 0.010600 0.005804 0.000587 0.284731 0.008001 1.827901
0.681236 0.011431 0.010588 0.005776 0.000582 0.282379 0.008009 1.829033
0.683595 0.011466 0.010589 0.005741 0.000575 0.280021 0.008013 1.830153
0.685918 0.011468 0.010582 0.005767 0.000563 0.277678 0.008023 1.831312
0.688250 0.011501 0.010563 0.005733 0.000556 0.275367 0.008030 1.832404
0.690584 0.011520 0.010559 0.005743 0.000547 0.273013 0.008036 1.833530
0.692922 0.011520 0.010534 0.005736 0.000535 0.270711 0.008043 1.834645
0.695092 0.011591 0.010505 0.005700 0.000526 0.268537 0.008050 1.835754
0.697304 0.011631 0.010509 0.005700 0.000521 0.266276 0.008060 1.836911
0.699360 0.011718 0.010486 0.005703 0.000518 0.264149 0.008065 1.838038
0.701423 0.011800 0.010470 0.005699 0.000509 0.262025 0.008074 1.839142
0.703456 0.011860 0.010426 0.005728 0.000504 0.259945 0.008081 1.840306
0.705511 0.011907 0.010442 0.005757 0.000493 0.257801 0.008090 1.841462
0.707545 0.011921 0.010428 0.005743 0.000492 0.255774 0.008098 1.842642
0.709451 0.011937 0.010478 0.005765 0.000485 0.253779 0.008106 1.843849
0.711449 0.011962 0.010501 0.005747 0.000478 0.251752 0.008112 1.845018
0.713409 0.011990 0.010513 0.005749 0.000476 0.249743 0.008120 1.846200
0.715228 0.012085 0.010462 0.005764 0.000477 0.247856 0.008128 1.847359
0.717097 0.012135 0.010494 0.005771 0.000468 0.245900 0.008137 1.848540
0.718968 0.012212 0.010483 0.005747 0.000464 0.243983 0.008144 1.849695
0.720802 0.012219 0.010520 0.005753 0.000461 0.242094 0.008152 1.850882
0.722567 0.012289 0.010546 0.005789 0.000456 0.240198 0.008156 1.852086
0.724249 0.012313 0.010611 0.005836 0.000449 0.238381 0.008163 1.853336
0.725890 0.012358 0.010668 0.005849 0.000450 0.236616 0.008168 1.854593
0.727485 0.012418 0.010694 0.005902 0.000448 0.234880 0.008173 1.855834
0.729146 0.012494 0.010715 0.005891 0.000449 0.233130 0.008176 1.857058
0.730684 0.012604 0.010736 0.005900 0.000439 0.231449 0.008186 1.858261
0.732249 0.012683 0.010754 0.005903 0.000443 0.229775 0.008191 1.859498
0.733767 0.012755 0.010794 0.005912 0.000447 0.228131 0.008195 1.860753
0.735310 0.012855 0.010818 0.005924 0.000445 0.226446 0.008201 1.862012
0.736787 0.012888 0.010868 0.005959 0.000444 0.224847 0.008207 1.863308
0.738191 0.012929 0.010935 0.005989 0.000440 0.223304 0.008212 1.864605
0.739587 0.012993 0.010990 0.006008 0.000444 0.221762 0.008216 1.865901
0.740959 0.013043 0.011037 0.006034 0.000441 0.220264 0.008221 1.867194
0.742304 0.013084 0.011084 0.006070 0.000441 0.218791 0.008226 1.868505
0.743652 0.013228 0.011104 0.006076 0.000435 0.217275 0.008231 1.869764
0.744975 0.013302 0.011157 0.006080 0.000442 0.215808 0.008237 1.871070
0.746250 0.013413 0.011217 0.006124 0.000446 0.214309 0.008242 1.872369
0.747554 0.013446 0.011297 0.006155 0.000445 0.212854 0.008249 1.873736
0.748779 0.013598 0.011325 0.006156 0.000442 0.211443 0.008256 1.875032
0.749936 0.013708 0.011414 0.006195 0.000445 0.210041 0.008261 1.876415
0.751066 0.013840 0.011451 0.006217 0.000447 0.208714 0.008266 1.877771
0.752219 0.013919 0.011538 0.006242 0.000447 0.207363 0.008272 1.879134
0.753349 0.014013 0.011583 0.006247 0.000444 0.206084 0.008280 1.880507
0.754407 0.014125 0.011609 0.006307 0.000447 0.204819 0.008286 1.881883
0.755437 0.014257 0.011633 0.006325 0.000440 0.203615 0.008293 1.883231
0.756505 0.014376 0.011711 0.006373 0.000442 0.202294 0.008298 1.884625
0.757519 0.014430 0.011836 0.006406 0.000448 0.201059 0.008303 1.886073
0.758440 0.014603 0.011880 0.006458 0.000446 0.199864 0.008310 1.887480
0.759396 0.014697 0.011944 0.006473 0.000447 0.198727 0.008316 1.888914
0.760353 0.014776 0.012040 0.006501 0.000446 0.197558 0.008324 1.890350
0.761217 0.014852 0.012138 0.006547 0.000453 0.196464 0.008328 1.891840
0.762029 0.015021 0.012200 0.006582 0.000458 0.195376 0.008335 1.893266
0.762850 0.015128 0.012300 0.006625 0.000460 0.194293 0.008345 1.894747
0.763690 0.015226 0.012383 0.006660 0.000455 0.193238 0.008349 1.896252
0.764450 0.015389 0.012478 0.006731 0.000451 0.192146 0.008354 1.897740
0.765198 0.015519 0.012570 0.006793 0.000449 0.191111 0.008361 1.899256
0.765960 0.015665 0.012638 0.006836 0.000445 0.190092 0.008364 1.900760
0.766640 0.015798 0.012771 0.006884 0.000440 0.189098 0.008369 1.902323
0.767391 0.015892 0.012869 0.006945 0.000437 0.188091 0.008377 1.903880
0.768036 0.015992 0.012959 0.006975 0.000439 0.187219 0.008381 1.905446
0.768698 0.016095 0.013117 0.007024 0.000427 0.186252 0.008386 1.907031
0.769210 0.016187 0.013186 0.007107 0.000422 0.185497 0.008390 1.908672
0.769723 0.016352 0.013263 0.007172 0.000425 0.184671 0.008394 1.910246
0.770219 0.016505 0.013317 0.007237 0.000426 0.183899 0.008398 1.911859
0.770781 0.016692 0.013437 0.007258 0.000437 0.182992 0.008403 1.913438
0.771281 0.016831 0.013574 0.007288 0.000442 0.182178 0.008407 1.915093
0.771748 0.017012 0.013654 0.007317 0.000444 0.181413 0.008412 1.916748
0.772248 0.017174 0.013717 0.007399 0.000451 0.180592 0.008418 1.918417
0.772702 0.017309 0.013807 0.007464 0.000452 0.179844 0.008422 1.920055
0.773051 0.017404 0.013988 0.007547 0.000458 0.179124 0.008429 1.921813
0.773435 0.017547 0.014101 0.007616 0.000468 0.178398 0.008433 1.923535
0.773838 0.017632 0.014219 0.007672 0.000469 0.177728 0.008441 1.925275
0.774134 0.017792 0.014321 0.007723 0.000470 0.177113 0.008447 1.926982
0.774458 0.017929 0.014431 0.007743 0.000474 0.176513 0.008452 1.928707
0.774714 0.018026 0.014574 0.007801 0.000472 0.175955 0.008459 1.930512
0.775088 0.018056 0.014708 0.007904 0.000484 0.175296 0.008464 1.932343
0.775365 0.018218 0.014775 0.007953 0.000477 0.174742 0.008470 1.934116
0.775608 0.018339 0.014896 0.007993 0.000485 0.174203 0.008476 1.935936
0.775711 0.018540 0.014971 0.008028 0.000480 0.173785 0.008484 1.937725
0.775957 0.018631 0.015088 0.008115 0.000480 0.173237 0.008492 1.939550
0.776134 0.018748 0.015245 0.008173 0.000494 0.172711 0.008496 1.941395
0.776299 0.018914 0.015320 0.008225 0.000502 0.172239 0.008502 1.943217
0.776386 0.019099 0.015412 0.008344 0.000499 0.171753 0.008507 1.945103
0.776559 0.019230 0.015525 0.008440 0.000504 0.171229 0.008514 1.946982
0.776722 0.019322 0.015641 0.008490 0.000509 0.170798 0.008518 1.948908
0.776898 0.019473 0.015731 0.008513 0.000508 0.170349 0.008526 1.950762
0.776952 0.019637 0.015844 0.008571 0.000512 0.169950 0.008535 1.952668
0.777084 0.019731 0.015960 0.008622 0.000521 0.169542 0.008540 1.954596
0.777146 0.019841 0.016055 0.008698 0.000532 0.169182 0.008546 1.956536
0.777179 0.019983 0.016153 0.008727 0.000531 0.168872 0.008556 1.958455
0.777297 0.020033 0.016283 0.008806 0.000539 0.168481 0.008560 1.960451
0.777214 0.020198 0.016406 0.008846 0.000545 0.168223 0.008568 1.962438
0.777233 0.020287 0.016545 0.008890 0.000550 0.167920 0.008575 1.964418
0.777297 0.020334 0.016661 0.008939 0.000552 0.167637 0.008581 1.966429
0.777225 0.020428 0.016790 0.009037 0.000550 0.167378 0.008592 1.968478
0.777220 0.020566 0.016862 0.009104 0.000549 0.167101 0.008598 1.970496
0.777162 0.020677 0.016985 0.009164 0.000550 0.166857 0.008605 1.972522
0.777078 0.020800 0.017095 0.009231 0.000566 0.166616 0.008614 1.974595
0.777015 0.020924 0.017209 0.009287 0.000577 0.166370 0.008617 1.976658
0.776888 0.021071 0.017293 0.009339 0.000579 0.166205 0.008624 1.978691
0.776714 0.021270 0.017381 0.009414 0.000586 0.166004 0.008632 1.980739
0.776508 0.021389 0.017553 0.009506 0.000581 0.165820 0.008643 1.982870
0.776403 0.021493 0.017642 0.009566 0.000583 0.165665 0.008650 1.984954
0.776219 0.021575 0.017770 0.009641 0.000585 0.165553 0.008656 1.987094
0.776026 0.021654 0.017916 0.009709 0.000601 0.165431 0.008663 1.989259
0.775853 0.021711 0.018038 0.009747 0.000600 0.165378 0.008673 1.991440
0.775682 0.021791 0.018122 0.009803 0.000603 0.165319 0.008681 1.993576
0.775524 0.021930 0.018195 0.009845 0.000598 0.165222 0.008686 1.995709
0.775314 0.022035 0.018285 0.009842 0.000608 0.165224 0.008691 1.997857
0.775156 0.022150 0.018337 0.009872 0.000608 0.165178 0.008698 1.999983
0.774984 0.022215 0.018387 0.009926 0.000611 0.165172 0.008705 2.002161
0.774766 0.022280 0.018498 0.009958 0.000612 0.165175 0.008711 2.004382
0.774452 0.022458 0.018594 0.009973 0.000620 0.165185 0.008719 2.006544
0.774225 0.022436 0.018745 0.010083 0.000623 0.165164 0.008725 2.008822
0.774015 0.022536 0.018775 0.010113 0.000625 0.165202 0.008734 2.010990
0.773799 0.022614 0.018864 0.010142 0.000627 0.165209 0.008744 2.013177
0.773462 0.022782 0.018925 0.010223 0.000629 0.165230 0.008750 2.015381
0.773195 0.022895 0.019046 0.010242 0.000633 0.165230 0.008758 2.017630
0.772908 0.022984 0.019171 0.010274 0.000634 0.165260 0.008769 2.019878
0.772703 0.023011 0.019257 0.010320 0.000644 0.165291 0.008774 2.022115
0.772426 0.023140 0.019350 0.010339 0.000647 0.165317 0.008781 2.024341
0.772144 0.023245 0.019427 0.010424 0.000655 0.165317 0.008788 2.026609
0.771871 0.023400 0.019494 0.010484 0.000656 0.165297 0.008798 2.028832
0.771609 0.023431 0.019558 0.010525 0.000659 0.165412 0.008805 2.031115
0.771366 0.023421 0.019655 0.010572 0.000657 0.165511 0.008818 2.033411
0.771087 0.023488 0.019758 0.010637 0.000658 0.165547 0.008825 2.035727
0.770796 0.023596 0.019801 0.010634 0.000667 0.165674 0.008831 2.037960
0.770448 0.023709 0.019927 0.010700 0.000665 0.165712 0.008838 2.040266
0.770111 0.023743 0.019980 0.010731 0.000674 0.165918 0.008844 2.042583
0.769794 0.023776 0.020084 0.010761 0.000670 0.166060 0.008853 2.044906
0.769539 0.023767 0.020128 0.010787 0.000675 0.166241 0.008864 2.047254
0.769325 0.023728 0.020208 0.010829 0.000677 0.166358 0.008873 2.049590
0.769024 0.023745 0.020335 0.010849 0.000688 0.166476 0.008884 2.051936
0.768784 0.023774 0.020409 0.010892 0.000680 0.166569 0.008892 2.054303
0.768496 0.023773 0.020482 0.010937 0.000678 0.166731 0.008903 2.056676
0.768233 0.023802 0.020561 0.010940 0.000683 0.166869 0.008911 2.058982
0.767954 0.023814 0.020591 0.010986 0.000687 0.167045 0.008923 2.061336
0.767715 0.023833 0.020637 0.011005 0.000694 0.167183 0.008932 2.063671
0.767454 0.023780 0.020748 0.011071 0.000703 0.167303 0.008942 2.066072
0.767152 0.023827 0.020785 0.011139 0.000712 0.167433 0.008952 2.068430
0.766891 0.023851 0.020827 0.011161 0.000716 0.167595 0.008960 2.070769
0.766639 0.023868 0.020888 0.011203 0.000711 0.167721 0.008970 2.073111
0.766401 0.023846 0.020914 0.011238 0.000710 0.167913 0.008979 2.075460
0.766135 0.023882 0.020935 0.011286 0.000722 0.168052 0.008989 2.077828
0.765899 0.023897 0.020930 0.011296 0.000728 0.168254 0.008996 2.080158
0.765646 0.023914 0.020945 0.011269 0.000721 0.168498 0.009009 2.082510
0.765354 0.023943 0.020966 0.011260 0.000716 0.168744 0.009018 2.084880
0.765108 0.023921 0.020979 0.011282 0.000719 0.168966 0.009025 2.087230
0.764896 0.023901 0.021025 0.011284 0.000723 0.169140 0.009031 2.089592
0.764611 0.023933 0.021076 0.011296 0.000729 0.169316 0.009039 2.091954
0.764370 0.023901 0.021083 0.011327 0.000727 0.169544 0.009047 2.094347
0.764138 0.023919 0.021093 0.011350 0.000727 0.169718 0.009055 2.096700
0.763862 0.023955 0.021098 0.011300 0.000731 0.169992 0.009063 2.099026
0.763725 0.023875 0.021103 0.011366 0.000732 0.170127 0.009073 2.101392
0.763428 0.023865 0.021124 0.011421 0.000732 0.170348 0.009084 2.103785
0.763151 0.023912 0.021146 0.011393 0.000726 0.170579 0.009093 2.106078
0.762899 0.023950 0.021123 0.011364 0.000727 0.170834 0.009102 2.108408
0.762679 0.023929 0.021157 0.011342 0.000731 0.171050 0.009112 2.110755
0.762462 0.023938 0.021133 0.011380 0.000728 0.171238 0.009121 2.113107
0.762320 0.023883 0.021153 0.011382 0.000736 0.171400 0.009126 2.115452
0.762182 0.023864 0.021183 0.011368 0.000742 0.171523 0.009140 2.117779
0.762030 0.023849 0.021130 0.011392 0.000740 0.171708 0.009153 2.120076
0.761747 0.023798 0.021163 0.011453 0.000743 0.171940 0.009158 2.122463
0.761635 0.023786 0.021178 0.011443 0.000754 0.172041 0.009163 2.124745
0.761500 0.023811 0.021195 0.011424 0.000755 0.172141 0.009173 2.127028
0.761380 0.023757 0.021210 0.011456 0.000757 0.172258 0.009183 2.129364
0.761261 0.023726 0.021150 0.011472 0.000757 0.172445 0.009190 2.131661
0.761095 0.023768 0.021137 0.011433 0.000752 0.172614 0.009202 2.133946
0.760921 0.023746 0.021183 0.011439 0.000741 0.172760 0.009212 2.136306
0.760784 0.023773 0.021187 0.011441 0.000744 0.172851 0.009221 2.138609
0.760587 0.023836 0.021129 0.011430 0.000745 0.173041 0.009232 2.140871
0.760451 0.023754 0.021149 0.011466 0.000742 0.173199 0.009239 2.143229
0.760353 0.023711 0.021132 0.011468 0.000749 0.173342 0.009245 2.145506
0.760175 0.023664 0.021167 0.011446 0.000757 0.173538 0.009254 2.147880
0.760115 0.023573 0.021249 0.011440 0.000758 0.173601 0.009266 2.150236
0.760030 0.023485 0.021303 0.011429 0.000760 0.173719 0.009274 2.152625
0.759930 0.023438 0.021262 0.011403 0.000759 0.173925 0.009285 2.154950
0.759842 0.023439 0.021250 0.011370 0.000760 0.174044 0.009294 2.157207
0.759717 0.023430 0.021230 0.011365 0.000758 0.174196 0.009304 2.159480
0.759601 0.023404 0.021223 0.011374 0.000751 0.174331 0.009317 2.161798
0.759544 0.023317 0.021269 0.011380 0.000751 0.174412 0.009327 2.164152
0.759462 0.023323 0.021228 0.011359 0.000754 0.174538 0.009337 2.166444
0.759338 0.023319 0.021204 0.011361 0.000762 0.174670 0.009346 2.168734
0.759222 0.023347 0.021184 0.011352 0.000757 0.174782 0.009357 2.170980
0.759181 0.023269 0.021198 0.011292 0.000775 0.174921 0.009365 2.173238
0.759202 0.023159 0.021246 0.011268 0.000784 0.174966 0.009375 2.175550
0.759187 0.023145 0.021125 0.011286 0.000782 0.175090 0.009386 2.177762
0.759211 0.023093 0.021112 0.011274 0.000784 0.175129 0.009396 2.180013
0.759187 0.023088 0.021004 0.011255 0.000781 0.175277 0.009409 2.182249
0.759210 0.022978 0.020966 0.011217 0.000782 0.175425 0.009422 2.184529
0.759147 0.022905 0.020944 0.011215 0.000779 0.175577 0.009433 2.186816
0.759246 0.022760 0.020918 0.011238 0.000768 0.175625 0.009444 2.189069
0.759118 0.022749 0.020932 0.011215 0.000777 0.175756 0.009453 2.191356
0.759171 0.022718 0.020870 0.011196 0.000779 0.175801 0.009464 2.193574
0.759213 0.022674 0.020840 0.011193 0.000775 0.175826 0.009479 2.195809
0.759213 0.022654 0.020802 0.011189 0.000771 0.175883 0.009488 2.198049
0.759282 0.022609 0.020790 0.011149 0.000760 0.175913 0.009498 2.200262
0.759397 0.022572 0.020779 0.011102 0.000763 0.175878 0.009508 2.202474
0.759272 0.022617 0.020743 0.011071 0.000762 0.176017 0.009518 2.204684
0.759225 0.022636 0.020669 0.011076 0.000765 0.176103 0.009526 2.206865
0.759163 0.022609 0.020625 0.011057 0.000766 0.176245 0.009535 2.209093
0.759243 0.022620 0.020632 0.010971 0.000775 0.176216 0.009543 2.211277
0.759306 0.022577 0.020595 0.010955 0.000766 0.176249 0.009553 2.213487
0.759359 0.022499 0.020554 0.010968 0.000757 0.176302 0.009563 2.215745
0.759444 0.022441 0.020531 0.010951 0.000756 0.176303 0.009574 2.217943
0.759510 0.022466 0.020513 0.010905 0.000747 0.176278 0.009582 2.220118
0.759552 0.022422 0.020507 0.010914 0.000747 0.176265 0.009594 2.222338
0.759594 0.022401 0.020498 0.010871 0.000749 0.176287 0.009602 2.224498
0.759594 0.022348 0.020478 0.010900 0.000742 0.176327 0.009612 2.226706
0.759643 0.022352 0.020459 0.010841 0.000737 0.176344 0.009624 2.228869
0.759666 0.022348 0.020402 0.010815 0.000731 0.176404 0.009634 2.231014
0.759697 0.022295 0.020429 0.010818 0.000729 0.176392 0.009640 2.233257
0.759789 0.022259 0.020395 0.010796 0.000728 0.176382 0.009652 2.235444
0.759835 0.022161 0.020388 0.010804 0.000719 0.176434 0.009660 2.237675
0.759820 0.022137 0.020438 0.010775 0.000707 0.176457 0.009666 2.239877
0.759847 0.022227 0.020382 0.010698 0.000713 0.176455 0.009676 2.241989
0.759856 0.022182 0.020400 0.010690 0.000718 0.176465 0.009689 2.244208
0.759892 0.022193 0.020344 0.010644 0.000724 0.176508 0.009696 2.246369
0.759950 0.022139 0.020355 0.010662 0.000720 0.176469 0.009705 2.248549
0.759989 0.022110 0.020350 0.010691 0.000716 0.176428 0.009717 2.250745
0.760037 0.022133 0.020267 0.010647 0.000717 0.176476 0.009724 2.252892
0.760093 0.022103 0.020263 0.010662 0.000715 0.176430 0.009735 2.255126
0.760158 0.022119 0.020260 0.010603 0.000716 0.176406 0.009739 2.257282
0.760240 0.022129 0.020181 0.010579 0.000714 0.176411 0.009747 2.259424
0.760275 0.022103 0.020095 0.010599 0.000715 0.176458 0.009755 2.261568
0.760414 0.022053 0.020107 0.010651 0.000715 0.176295 0.009765 2.263761
0.760419 0.022031 0.020059 0.010684 0.000713 0.176316 0.009777 2.265954
0.760510 0.022007 0.020031 0.010662 0.000708 0.176297 0.009786 2.268093
0.760600 0.021926 0.020050 0.010648 0.000715 0.176267 0.009794 2.270289
0.760661 0.021954 0.020034 0.010652 0.000714 0.176182 0.009804 2.272424
0.760766 0.021909 0.020025 0.010638 0.000715 0.176133 0.009816 2.274585
0.760856 0.021866 0.020009 0.010590 0.000715 0.176139 0.009825 2.276731
0.760896 0.021850 0.019982 0.010603 0.000716 0.176118 0.009836 2.278874
0.761058 0.021813 0.019928 0.010554 0.000723 0.176081 0.009845 2.280987
0.761129 0.021771 0.019939 0.010526 0.000725 0.176059 0.009852 2.283106
0.761192 0.021732 0.019852 0.010570 0.000726 0.176071 0.009858 2.285255
0.761283 0.021727 0.019852 0.010571 0.000718 0.175986 0.009865 2.287373
0.761394 0.021624 0.019814 0.010583 0.000722 0.175988 0.009877 2.289525
0.761588 0.021572 0.019770 0.010569 0.000716 0.175898 0.009886 2.291638
0.761749 0.021544 0.019695 0.010558 0.000723 0.175837 0.009895 2.293768
0.761752 0.021561 0.019615 0.010592 0.000724 0.175852 0.009906 2.295898
0.761811 0.021584 0.019606 0.010553 0.000724 0.175806 0.009916 2.298030
0.761858 0.021559 0.019620 0.010569 0.000720 0.175750 0.009924 2.300198
0.761991 0.021525 0.019654 0.010541 0.000717 0.175636 0.009936 2.302312
0.762139 0.021444 0.019629 0.010545 0.000718 0.175584 0.009944 2.304403
0.762260 0.021423 0.019592 0.010508 0.000723 0.175543 0.009952 2.306512
0.762473 0.021370 0.019525 0.010489 0.000722 0.175461 0.009960 2.308579
0.762613 0.021347 0.019472 0.010449 0.000730 0.175425 0.009965 2.310652
0.762715 0.021368 0.019412 0.010436 0.000724 0.175369 0.009977 2.312731
0.762811 0.021427 0.019365 0.010430 0.000731 0.175251 0.009987 2.314806
0.762799 0.021409 0.019345 0.010465 0.000732 0.175257 0.009996 2.316935
0.762999 0.021339 0.019280 0.010505 0.000729 0.175141 0.010008 2.319032
0.763192 0.021264 0.019268 0.010472 0.000723 0.175064 0.010017 2.321123
0.763282 0.021289 0.019240 0.010430 0.000725 0.175006 0.010029 2.323195
0.763423 0.021294 0.019206 0.010441 0.000720 0.174879 0.010038 2.325272
0.763507 0.021275 0.019207 0.010412 0.000728 0.174822 0.010049 2.327381
0.763628 0.021238 0.019207 0.010383 0.000735 0.174753 0.010057 2.329455
0.763703 0.021240 0.019182 0.010396 0.000726 0.174682 0.010073 2.331562
0.763938 0.021159 0.019128 0.010368 0.000725 0.174599 0.010084 2.333647
0.764116 0.021102 0.019084 0.010322 0.000721 0.174559 0.010096 2.335721
0.764292 0.021132 0.019055 0.010235 0.000726 0.174458 0.010103 2.337743
0.764402 0.021197 0.018997 0.010218 0.000714 0.174358 0.010114 2.339792
0.764517 0.021184 0.018934 0.010247 0.000712 0.174284 0.010122 2.341869
0.764617 0.021176 0.018966 0.010236 0.000711 0.174164 0.010130 2.343945
0.764760 0.021129 0.018998 0.010254 0.000708 0.174014 0.010138 2.346047
0.764976 0.021083 0.018957 0.010275 0.000708 0.173854 0.010147 2.348125
0.765153 0.021010 0.018953 0.010239 0.000700 0.173784 0.010160 2.350180
0.765216 0.021035 0.018938 0.010238 0.000696 0.173709 0.010170 2.352228
0.765380 0.021021 0.018893 0.010254 0.000710 0.173568 0.010174 2.354271
0.765490 0.020973 0.018896 0.010219 0.000706 0.173531 0.010186 2.356364
0.765641 0.020966 0.018926 0.010177 0.000705 0.173389 0.010197 2.358419
0.765795 0.020955 0.018915 0.010149 0.000693 0.173285 0.010207 2.360469
0.765912 0.020984 0.018901 0.010182 0.000697 0.173111 0.010214 2.362499
0.766105 0.020968 0.018855 0.010166 0.000693 0.172993 0.010221 2.364518
0.766196 0.020982 0.018859 0.010152 0.000690 0.172891 0.010231 2.366573
0.766317 0.020996 0.018918 0.010130 0.000692 0.172711 0.010236 2.368637
0.766443 0.021017 0.018913 0.010084 0.000684 0.172609 0.010250 2.370640
0.766440 0.021072 0.018866 0.010055 0.000694 0.172616 0.010257 2.372710
0.766481 0.021035 0.018896 0.010102 0.000699 0.172523 0.010264 2.374818
0.766543 0.021016 0.018866 0.010120 0.000688 0.172490 0.010278 2.376890
0.766691 0.020963 0.018856 0.010131 0.000684 0.172388 0.010287 2.378962
0.766760 0.020980 0.018848 0.010130 0.000683 0.172307 0.010293 2.381026
0.766840 0.020956 0.018827 0.010134 0.000678 0.172263 0.010302 2.383088
0.766903 0.020872 0.018902 0.010143 0.000690 0.172184 0.010307 2.385210
0.766962 0.020896 0.018890 0.010117 0.000697 0.172126 0.010314 2.387254
0.767064 0.020929 0.018838 0.010127 0.000689 0.172028 0.010327 2.389280
0.767105 0.020956 0.018861 0.010128 0.000691 0.171922 0.010337 2.391347
0.767174 0.020924 0.018877 0.010134 0.000694 0.171853 0.010345 2.393410
0.767233 0.020979 0.018826 0.010139 0.000692 0.171772 0.010359 2.395444
0.767300 0.021031 0.018850 0.010076 0.000694 0.171684 0.010364 2.397509
0.767359 0.020977 0.018883 0.010103 0.000702 0.171607 0.010370 2.399587
0.767489 0.020990 0.018866 0.010051 0.000705 0.171518 0.010381 2.401611
0.767465 0.021045 0.018849 0.010008 0.000698 0.171547 0.010389 2.403670
0.767545 0.021039 0.018846 0.010006 0.000701 0.171463 0.010399 2.405738
0.767630 0.020930 0.018857 0.010077 0.000696 0.171401 0.010409 2.407872
0.767721 0.020988 0.018822 0.010038 0.000682 0.171327 0.010422 2.409907
0.767759 0.020970 0.018798 0.010046 0.000685 0.171312 0.010431 2.411965
0.767910 0.020917 0.018793 0.010038 0.000688 0.171213 0.010440 2.414032
0.768035 0.020902 0.018757 0.010032 0.000694 0.171131 0.010448 2.416082
0.768103 0.020844 0.018771 0.010041 0.000693 0.171093 0.010455 2.418182
0.768145 0.020882 0.018787 0.009987 0.000699 0.171036 0.010464 2.420211
0.768255 0.020900 0.018762 0.009961 0.000687 0.170961 0.010475 2.422239
0.768309 0.020920 0.018772 0.010009 0.000691 0.170815 0.010484 2.424280
0.768408 0.020809 0.018815 0.009975 0.000681 0.170819 0.010494 2.426379
0.768536 0.020832 0.018789 0.009947 0.000679 0.170714 0.010501 2.428390
0.768647 0.020854 0.018783 0.009959 0.000671 0.170574 0.010514 2.430414
0.768661 0.020907 0.018753 0.009956 0.000660 0.170538 0.010525 2.432432
0.768582 0.020967 0.018743 0.009954 0.000663 0.170560 0.010533 2.434472
0.768662 0.020920 0.018725 0.009950 0.000662 0.170537 0.010544 2.436523
0.768730 0.020938 0.018724 0.009986 0.000662 0.170410 0.010550 2.438582
0.768849 0.020902 0.018762 0.009961 0.000670 0.170296 0.010559 2.440646
0.768930 0.020863 0.018761 0.009973 0.000678 0.170230 0.010566 2.442738
0.769034 0.020856 0.018726 0.009968 0.000671 0.170165 0.010581 2.444772
0.769058 0.020802 0.018725 0.010018 0.000666 0.170143 0.010588 2.446866
0.769127 0.020810 0.018711 0.010032 0.000666 0.170058 0.010598 2.448883
0.769186 0.020802 0.018712 0.010056 0.000672 0.169969 0.010605 2.450935
0.769286 0.020765 0.018715 0.010079 0.000674 0.169866 0.010615 2.452991
0.769394 0.020781 0.018695 0.010043 0.000672 0.169791 0.010626 2.455005
0.769487 0.020775 0.018696 0.010045 0.000675 0.169689 0.010635 2.457054
0.769601 0.020757 0.018705 0.010046 0.000675 0.169575 0.010641 2.459072
0.769685 0.020768 0.018738 0.010025 0.000676 0.169460 0.010648 2.461124
0.769689 0.020814 0.018755 0.010024 0.000683 0.169375 0.010661 2.463171
0.769708 0.020862 0.018716 0.009991 0.000681 0.169370 0.010672 2.465203
0.769732 0.020872 0.018748 0.009987 0.000680 0.169298 0.010682 2.467253
0.769810 0.020910 0.018685 0.009966 0.000670 0.169267 0.010694 2.469250
0.769894 0.020934 0.018659 0.009992 0.000674 0.169142 0.010705 2.471288
0.769959 0.020879 0.018686 0.009988 0.000680 0.169090 0.010718 2.473388
0.770011 0.020875 0.018703 0.010016 0.000672 0.168999 0.010725 2.475472
0.770129 0.020912 0.018669 0.010063 0.000676 0.168819 0.010734 2.477533
0.770181 0.020914 0.018603 0.010038 0.000690 0.168836 0.010738 2.479579
0.770256 0.020980 0.018533 0.010035 0.000690 0.168761 0.010744 2.481551
0.770184 0.021154 0.018469 0.010051 0.000687 0.168705 0.010752 2.483538
0.770222 0.021153 0.018452 0.010091 0.000685 0.168639 0.010759 2.485612
0.770235 0.021208 0.018447 0.010089 0.000688 0.168568 0.010763 2.487654
0.770358 0.021113 0.018466 0.010149 0.000686 0.168458 0.010772 2.489759
0.770403 0.021080 0.018504 0.010139 0.000690 0.168402 0.010782 2.491839
0.770459 0.021106 0.018535 0.010098 0.000694 0.168317 0.010792 2.493877
0.770522 0.021138 0.018513 0.010059 0.000694 0.168275 0.010800 2.495898
0.770566 0.021148 0.018514 0.010107 0.000690 0.168167 0.010807 2.497974
0.770647 0.021063 0.018550 0.010112 0.000686 0.168128 0.010815 2.500079
0.770623 0.021140 0.018580 0.010036 0.000687 0.168111 0.010824 2.502120
0.770709 0.021146 0.018637 0.010039 0.000683 0.167954 0.010832 2.504192
0.770773 0.021131 0.018638 0.010047 0.000677 0.167887 0.010846 2.506254
0.770835 0.021180 0.018553 0.010045 0.000688 0.167845 0.010855 2.508294
0.770810 0.021180 0.018524 0.010065 0.000686 0.167868 0.010867 2.510352
0.770873 0.021162 0.018486 0.010034 0.000687 0.167880 0.010878 2.512411
0.770892 0.021182 0.018491 0.010044 0.000691 0.167815 0.010885 2.514472
0.770878 0.021258 0.018492 0.010059 0.000681 0.167739 0.010894 2.516523
0.770909 0.021214 0.018514 0.010044 0.000680 0.167736 0.010902 2.518607
0.770960 0.021214 0.018535 0.010044 0.000689 0.167649 0.010908 2.520705
0.770994 0.021201 0.018549 0.010027 0.000686 0.167629 0.010914 2.522775
0.771098 0.021234 0.018529 0.010039 0.000682 0.167498 0.010920 2.524802
0.771066 0.021234 0.018550 0.010065 0.000682 0.167474 0.010930 2.526877
0.771114 0.021317 0.018516 0.010095 0.000681 0.167336 0.010942 2.528886
0.771071 0.021398 0.018492 0.010118 0.000686 0.167286 0.010948 2.530946
0.771064 0.021375 0.018556 0.010118 0.000681 0.167243 0.010962 2.533021
0.771109 0.021359 0.018559 0.010132 0.000677 0.167194 0.010970 2.535130
0.771189 0.021288 0.018603 0.010165 0.000676 0.167100 0.010978 2.537261
0.771182 0.021228 0.018703 0.010200 0.000688 0.167012 0.010986 2.539389
0.771027 0.021399 0.018732 0.010230 0.000690 0.166925 0.010996 2.541441
0.771003 0.021396 0.018795 0.010227 0.000690 0.166887 0.011003 2.543546
0.770977 0.021415 0.018834 0.010211 0.000686 0.166863 0.011014 2.545627
0.770890 0.021494 0.018844 0.010221 0.000687 0.166841 0.011024 2.547712
0.770863 0.021478 0.018918 0.010268 0.000696 0.166746 0.011031 2.549889
0.770808 0.021464 0.018948 0.010236 0.000693 0.166809 0.011042 2.552017
0.770754 0.021432 0.018990 0.010207 0.000692 0.166878 0.011048 2.554169
0.770695 0.021463 0.018978 0.010174 0.000691 0.166942 0.011057 2.556258
0.770599 0.021545 0.018915 0.010162 0.000687 0.167027 0.011064 2.558341
0.770514 0.021592 0.018910 0.010173 0.000686 0.167053 0.011071 2.560433
0.770482 0.021595 0.018961 0.010226 0.000690 0.166972 0.011075 2.562559
0.770492 0.021528 0.018984 0.010277 0.000691 0.166945 0.011083 2.564734
0.770482 0.021555 0.018994 0.010300 0.000695 0.166883 0.011090 2.566832
0.770472 0.021555 0.019052 0.010298 0.000685 0.166839 0.011100 2.568964
0.770481 0.021607 0.019060 0.010263 0.000685 0.166793 0.011110 2.571031
0.770397 0.021604 0.019113 0.010285 0.000678 0.166801 0.011123 2.573203
0.770314 0.021682 0.019087 0.010279 0.000677 0.166829 0.011133 2.575300
0.770247 0.021687 0.019117 0.010291 0.000678 0.166840 0.011141 2.577434
0.770259 0.021650 0.019157 0.010316 0.000677 0.166793 0.011148 2.579546
0.770212 0.021654 0.019172 0.010337 0.000683 0.166786 0.011157 2.581677
0.770190 0.021652 0.019204 0.010327 0.000687 0.166774 0.011166 2.583798
0.770164 0.021608 0.019281 0.010334 0.000681 0.166756 0.011176 2.585962
0.770073 0.021611 0.019306 0.010347 0.000695 0.166785 0.011182 2.588118
0.770107 0.021569 0.019302 0.010336 0.000693 0.166802 0.011191 2.590215
0.770075 0.021501 0.019295 0.010325 0.000691 0.166916 0.011198 2.592366
0.770030 0.021555 0.019271 0.010352 0.000691 0.166897 0.011205 2.594441
0.769984 0.021495 0.019272 0.010371 0.000693 0.166969 0.011217 2.596603
0.769913 0.021501 0.019288 0.010387 0.000689 0.166999 0.011223 2.598724
0.769879 0.021493 0.019286 0.010360 0.000691 0.167056 0.011233 2.600840
0.769890 0.021474 0.019313 0.010370 0.000693 0.167020 0.011242 2.602942
0.769968 0.021500 0.019337 0.010358 0.000700 0.166885 0.011253 2.605025
0.770002 0.021452 0.019309 0.010339 0.000696 0.166936 0.011266 2.607128
0.769999 0.021469 0.019312 0.010321 0.000697 0.166924 0.011278 2.609240
0.769997 0.021550 0.019242 0.010286 0.000692 0.166943 0.011291 2.611293
0.769973 0.021620 0.019206 0.010311 0.000690 0.166903 0.011298 2.613379
0.770032 0.021594 0.019193 0.010343 0.000698 0.166834 0.011306 2.615495
0.769992 0.021571 0.019251 0.010364 0.000706 0.166802 0.011313 2.617654
0.770091 0.021518 0.019246 0.010328 0.000713 0.166779 0.011324 2.619749
0.770074 0.021528 0.019257 0.010287 0.000711 0.166813 0.011331 2.621857
0.770130 0.021434 0.019313 0.010304 0.000708 0.166771 0.011340 2.624018
0.770125 0.021465 0.019279 0.010253 0.000714 0.166816 0.011347 2.626089
0.770130 0.021443 0.019283 0.010230 0.000705 0.166855 0.011355 2.628153
0.770084 0.021506 0.019202 0.010249 0.000706 0.166885 0.011368 2.630235
0.770119 0.021566 0.019169 0.010197 0.000701 0.166870 0.011379 2.632249
0.770133 0.021510 0.019193 0.010202 0.000701 0.166871 0.011389 2.634367
0.770139 0.021467 0.019171 0.010228 0.000702 0.166893 0.011398 2.636490
0.770087 0.021466 0.019237 0.010173 0.000707 0.166923 0.011406 2.638625
0.770030 0.021431 0.019272 0.010188 0.000706 0.166959 0.011412 2.640793
0.769917 0.021527 0.019320 0.010144 0.000708 0.166962 0.011422 2.642891
0.769860 0.021527 0.019302 0.010188 0.000710 0.166982 0.011429 2.645037
0.769853 0.021580 0.019277 0.010148 0.000700 0.167005 0.011437 2.647071
0.769761 0.021610 0.019255 0.010162 0.000702 0.167068 0.011443 2.649195
0.769715 0.021576 0.019262 0.010210 0.000702 0.167083 0.011452 2.651334
0.769683 0.021672 0.019171 0.010135 0.000707 0.167170 0.011462 2.653346
0.769582 0.021720 0.019182 0.010141 0.000705 0.167200 0.011471 2.655461
0.769538 0.021673 0.019211 0.010206 0.000706 0.167187 0.011481 2.657667
0.769596 0.021607 0.019253 0.010219 0.000709 0.167124 0.011492 2.659805
0.769548 0.021567 0.019235 0.010254 0.000712 0.167183 0.011501 2.661946
0.769529 0.021525 0.019299 0.010210 0.000714 0.167213 0.011510 2.664073
0.769486 0.021525 0.019296 0.010215 0.000722 0.167236 0.011521 2.666208
0.769454 0.021551 0.019285 0.010186 0.000721 0.167276 0.011527 2.668298
0.769319 0.021646 0.019317 0.010152 0.000726 0.167304 0.011535 2.670390
0.769336 0.021619 0.019328 0.010156 0.000731 0.167285 0.011545 2.672502
0.769256 0.021623 0.019278 0.010154 0.000727 0.167407 0.011556 2.674624
0.769260 0.021658 0.019232 0.010145 0.000724 0.167416 0.011564 2.676729
0.769219 0.021670 0.019205 0.010151 0.000719 0.167461 0.011574 2.678846
0.769174 0.021731 0.019263 0.010107 0.000713 0.167426 0.011585 2.680933
0.769095 0.021768 0.019254 0.010086 0.000710 0.167491 0.011596 2.683031
0.769047 0.021793 0.019267 0.010109 0.000714 0.167468 0.011602 2.685153
0.768980 0.021804 0.019276 0.010139 0.000715 0.167476 0.011611 2.687312
0.769008 0.021811 0.019208 0.010155 0.000710 0.167487 0.011620 2.689397
0.768986 0.021791 0.019260 0.010197 0.000717 0.167422 0.011627 2.691544
0.768968 0.021747 0.019256 0.010222 0.000707 0.167465 0.011636 2.693702
0.769011 0.021686 0.019250 0.010241 0.000707 0.167464 0.011642 2.695834
0.769009 0.021638 0.019221 0.010244 0.000711 0.167526 0.011652 2.697973
0.769074 0.021613 0.019247 0.010267 0.000710 0.167430 0.011658 2.700093
0.769077 0.021635 0.019251 0.010281 0.000712 0.167376 0.011668 2.702209
0.769084 0.021650 0.019235 0.010269 0.000716 0.167368 0.011678 2.704315
0.769059 0.021636 0.019215 0.010319 0.000717 0.167367 0.011687 2.706433
0.768996 0.021742 0.019255 0.010329 0.000712 0.167273 0.011695 2.708528
0.768930 0.021711 0.019294 0.010303 0.000710 0.167352 0.011701 2.710694
0.768909 0.021776 0.019278 0.010287 0.000713 0.167327 0.011710 2.712767
0.768906 0.021725 0.019311 0.010344 0.000707 0.167287 0.011721 2.714933
0.768845 0.021747 0.019332 0.010363 0.000711 0.167269 0.011732 2.717047
0.768743 0.021830 0.019299 0.010368 0.000704 0.167318 0.011738 2.719130
0.768684 0.021846 0.019281 0.010358 0.000707 0.167378 0.011746 2.721268
0.768626 0.021869 0.019326 0.010367 0.000709 0.167345 0.011756 2.723403
0.768552 0.021938 0.019326 0.010324 0.000703 0.167389 0.011768 2.725506
0.768534 0.021924 0.019332 0.010350 0.000701 0.167386 0.011774 2.727662
0.768430 0.021963 0.019342 0.010353 0.000702 0.167429 0.011782 2.729794
0.768385 0.021948 0.019397 0.010353 0.000703 0.167422 0.011792 2.731919
0.768352 0.021926 0.019404 0.010369 0.000694 0.167451 0.011805 2.734045
0.768204 0.021935 0.019421 0.010392 0.000693 0.167543 0.011813 2.736191
0.768237 0.021899 0.019437 0.010400 0.000692 0.167514 0.011821 2.738364
0.768154 0.021846 0.019484 0.010415 0.000694 0.167581 0.011826 2.740571
0.768046 0.021913 0.019422 0.010435 0.000687 0.167662 0.011836 2.742691
0.767958 0.021945 0.019413 0.010398 0.000683 0.167762 0.011842 2.744832
0.767906 0.021997 0.019457 0.010378 0.000675 0.167736 0.011851 2.746961
0.767837 0.021951 0.019497 0.010377 0.000677 0.167802 0.011861 2.749130
0.767786 0.021955 0.019485 0.010355 0.000678 0.167874 0.011869 2.751255
0.767765 0.021965 0.019494 0.010347 0.000682 0.167872 0.011875 2.753391
