0.338352 0.062867 0.056341 0.032480 0.002141 0.501587 0.006231 1.643566
0.340937 0.060380 0.056290 0.032343 0.002126 0.501662 0.006261 1.649673
0.344369 0.057377 0.056182 0.031957 0.002136 0.501689 0.006289 1.655464
0.348175 0.054235 0.055860 0.031568 0.002141 0.501704 0.006316 1.660984
0.352435 0.051060 0.055334 0.031160 0.002137 0.501529 0.006344 1.666204
0.356953 0.047963 0.054715 0.030626 0.002142 0.501233 0.006369 1.671108
0.361578 0.044910 0.053934 0.029937 0.002147 0.501099 0.006395 1.675747
0.366500 0.042070 0.052980 0.029219 0.002146 0.500663 0.006421 1.679991
0.371369 0.039455 0.051767 0.028504 0.002146 0.500311 0.006447 1.683930
0.376455 0.036929 0.050563 0.027696 0.002140 0.499742 0.006475 1.687679
0.381560 0.034713 0.049234 0.026873 0.002128 0.498991 0.006502 1.691083
0.386692 0.032481 0.047919 0.026060 0.002095 0.498226 0.006528 1.694329
0.391934 0.030487 0.046620 0.025231 0.002069 0.497102 0.006557 1.697372
0.397248 0.028524 0.045249 0.024447 0.002047 0.495905 0.006580 1.700250
0.402619 0.026710 0.043875 0.023579 0.002037 0.494577 0.006602 1.702950
0.407883 0.025048 0.042488 0.022781 0.002020 0.493154 0.006627 1.705475
0.413148 0.023443 0.041108 0.021996 0.002001 0.491651 0.006654 1.707889
0.418652 0.021921 0.039747 0.021264 0.001980 0.489760 0.006676 1.710171
0.424028 0.020576 0.038390 0.020440 0.001962 0.487905 0.006699 1.712246
0.429382 0.019198 0.037091 0.019675 0.001942 0.485992 0.006722 1.714303
0.434780 0.018059 0.035682 0.018905 0.001916 0.483907 0.006751 1.716117
0.440131 0.016980 0.034318 0.018181 0.001885 0.481726 0.006781 1.717828
0.445559 0.015967 0.032934 0.017489 0.001866 0.479385 0.006800 1.719453
0.450932 0.015027 0.031619 0.016761 0.001833 0.477004 0.006823 1.720980
0.456278 0.014178 0.030372 0.016050 0.001815 0.474458 0.006848 1.722417
0.461662 0.013362 0.029234 0.015318 0.001794 0.471755 0.006875 1.723775
0.467094 0.012608 0.028099 0.014639 0.001768 0.468897 0.006895 1.725064
0.472491 0.011905 0.026929 0.014004 0.001742 0.466009 0.006918 1.726253
0.477927 0.011257 0.025771 0.013410 0.001707 0.462986 0.006942 1.727377
0.483168 0.010657 0.024658 0.012833 0.001683 0.460039 0.006963 1.728452
0.488377 0.010106 0.023604 0.012288 0.001658 0.456984 0.006985 1.729454
0.493709 0.009568 0.022635 0.011768 0.001614 0.453706 0.007001 1.730425
0.498972 0.009043 0.021628 0.011255 0.001585 0.450498 0.007020 1.731364
0.504194 0.008581 0.020637 0.010769 0.001560 0.447223 0.007037 1.732233
0.509486 0.008185 0.019738 0.010283 0.001525 0.443729 0.007054 1.733033
0.514721 0.007759 0.018909 0.009840 0.001491 0.440204 0.007075 1.733836
0.519867 0.007393 0.018053 0.009382 0.001459 0.436750 0.007098 1.734579
0.524935 0.007032 0.017261 0.008969 0.001436 0.433251 0.007115 1.735291
0.530064 0.006645 0.016571 0.008583 0.001396 0.429605 0.007138 1.735992
0.535041 0.006340 0.015842 0.008204 0.001359 0.426053 0.007160 1.736627
0.540078 0.006043 0.015181 0.007843 0.001320 0.422358 0.007176 1.737240
0.545147 0.005753 0.014547 0.007459 0.001288 0.418612 0.007191 1.737827
0.550030 0.005479 0.013914 0.007154 0.001268 0.414949 0.007206 1.738395
0.554886 0.005230 0.013327 0.006847 0.001230 0.411256 0.007224 1.738953
0.559771 0.005007 0.012754 0.006521 0.001211 0.407502 0.007235 1.739466
0.564589 0.004804 0.012179 0.006237 0.001193 0.403750 0.007248 1.739939
0.569330 0.004558 0.011669 0.005966 0.001167 0.400047 0.007264 1.740430
0.574139 0.004353 0.011140 0.005713 0.001134 0.396241 0.007280 1.740868
0.578908 0.004172 0.010612 0.005433 0.001096 0.392479 0.007300 1.741274
0.583506 0.004015 0.010114 0.005159 0.001071 0.388820 0.007317 1.741658
0.588085 0.003887 0.009639 0.004909 0.001046 0.385102 0.007332 1.742036
0.592694 0.003743 0.009205 0.004675 0.001022 0.381318 0.007343 1.742397
0.597232 0.003631 0.008803 0.004475 0.000999 0.377505 0.007356 1.742730
0.601721 0.003469 0.008423 0.004268 0.000971 0.373779 0.007370 1.743086
0.606200 0.003342 0.008080 0.004093 0.000940 0.369957 0.007388 1.743409
0.610575 0.003201 0.007767 0.003917 0.000915 0.366225 0.007401 1.743753
0.615005 0.003052 0.007470 0.003746 0.000891 0.362425 0.007412 1.744077
0.619287 0.002901 0.007139 0.003609 0.000869 0.358771 0.007424 1.744397
0.623592 0.002801 0.006845 0.003449 0.000837 0.355037 0.007439 1.744677
0.627774 0.002697 0.006548 0.003300 0.000812 0.351420 0.007450 1.744942
0.632048 0.002602 0.006277 0.003134 0.000791 0.347683 0.007466 1.745203
0.636218 0.002488 0.006013 0.003000 0.000770 0.344037 0.007475 1.745472
0.640292 0.002387 0.005723 0.002899 0.000744 0.340471 0.007486 1.745706
0.644404 0.002286 0.005521 0.002779 0.000732 0.336786 0.007492 1.745950
0.648406 0.002195 0.005292 0.002673 0.000706 0.333222 0.007507 1.746179
0.652463 0.002122 0.005051 0.002562 0.000684 0.329601 0.007518 1.746386
0.656400 0.002063 0.004841 0.002456 0.000655 0.326059 0.007527 1.746592
0.660369 0.001999 0.004649 0.002363 0.000641 0.322447 0.007532 1.746800
0.664315 0.001932 0.004437 0.002249 0.000628 0.318900 0.007538 1.746987
0.668285 0.001878 0.004237 0.002151 0.000616 0.315287 0.007547 1.747175
0.672075 0.001809 0.004065 0.002057 0.000595 0.311843 0.007557 1.747367
0.675829 0.001771 0.003908 0.001945 0.000582 0.308398 0.007566 1.747530
0.679564 0.001741 0.003735 0.001859 0.000569 0.304963 0.007570 1.747685
0.683237 0.001691 0.003588 0.001783 0.000552 0.301571 0.007579 1.747845
0.686878 0.001644 0.003443 0.001724 0.000532 0.298191 0.007590 1.747999
0.690536 0.001577 0.003287 0.001662 0.000517 0.294825 0.007597 1.748164
0.694106 0.001525 0.003170 0.001583 0.000500 0.291512 0.007605 1.748317
0.697655 0.001504 0.003046 0.001520 0.000487 0.288179 0.007611 1.748448
0.701194 0.001474 0.002919 0.001460 0.000473 0.284863 0.007619 1.748579
0.704667 0.001417 0.002825 0.001415 0.000458 0.281594 0.007625 1.748733
0.708072 0.001373 0.002695 0.001363 0.000443 0.278422 0.007632 1.748869
0.711420 0.001338 0.002579 0.001304 0.000430 0.275292 0.007638 1.748990
0.714767 0.001303 0.002482 0.001256 0.000414 0.272133 0.007645 1.749111
0.718105 0.001256 0.002388 0.001210 0.000397 0.268992 0.007652 1.749245
0.721327 0.001234 0.002301 0.001166 0.000386 0.265930 0.007658 1.749364
0.724512 0.001209 0.002227 0.001114 0.000370 0.262905 0.007664 1.749487
0.727697 0.001165 0.002154 0.001070 0.000359 0.259888 0.007668 1.749608
0.730879 0.001141 0.002075 0.001025 0.000348 0.256860 0.007673 1.749714
0.734035 0.001099 0.001999 0.000983 0.000340 0.253866 0.007679 1.749828
0.737115 0.001073 0.001940 0.000949 0.000323 0.250915 0.007687 1.749933
0.740183 0.001054 0.001864 0.000898 0.000316 0.247995 0.007691 1.750032
0.743233 0.001034 0.001789 0.000868 0.000306 0.245076 0.007696 1.750125
0.746282 0.000999 0.001728 0.000839 0.000301 0.242154 0.007699 1.750225
0.749232 0.000979 0.001679 0.000803 0.000289 0.239316 0.007703 1.750319
0.752168 0.000955 0.001616 0.000776 0.000277 0.236503 0.007707 1.750404
0.755072 0.000939 0.001554 0.000742 0.000272 0.233711 0.007712 1.750479
0.757839 0.000917 0.001508 0.000719 0.000264 0.231038 0.007716 1.750571
0.760684 0.000903 0.001464 0.000698 0.000253 0.228278 0.007722 1.750658
0.763474 0.000869 0.001439 0.000677 0.000246 0.225573 0.007724 1.750747
0.766237 0.000841 0.001389 0.000662 0.000237 0.222906 0.007730 1.750833
0.768952 0.000825 0.001349 0.000638 0.000232 0.220273 0.007732 1.750917
0.771573 0.000793 0.001294 0.000623 0.000224 0.217758 0.007736 1.750996
0.774218 0.000767 0.001250 0.000600 0.000217 0.215210 0.007740 1.751075
0.776881 0.000749 0.001216 0.000587 0.000205 0.212618 0.007745 1.751145
0.779458 0.000743 0.001164 0.000562 0.000202 0.210125 0.007748 1.751203
0.782007 0.000720 0.001133 0.000543 0.000197 0.207652 0.007749 1.751270
0.784585 0.000701 0.001090 0.000527 0.000190 0.205156 0.007752 1.751341
0.787106 0.000696 0.001060 0.000506 0.000184 0.202694 0.007754 1.751405
0.789598 0.000678 0.001022 0.000497 0.000180 0.200270 0.007756 1.751472
0.792096 0.000662 0.000986 0.000488 0.000175 0.197835 0.007760 1.751534
0.794537 0.000649 0.000951 0.000484 0.000165 0.195452 0.007763 1.751598
0.796989 0.000639 0.000916 0.000472 0.000160 0.193058 0.007765 1.751653
0.799351 0.000626 0.000897 0.000456 0.000154 0.190748 0.007769 1.751718
0.801673 0.000609 0.000883 0.000449 0.000148 0.188467 0.007772 1.751783
0.803992 0.000601 0.000854 0.000434 0.000144 0.186203 0.007772 1.751837
0.806316 0.000580 0.000838 0.000427 0.000142 0.183924 0.007774 1.751904
0.808658 0.000562 0.000807 0.000418 0.000136 0.181641 0.007778 1.751959
0.810884 0.000552 0.000791 0.000402 0.000132 0.179460 0.007780 1.752015
0.813126 0.000527 0.000769 0.000387 0.000128 0.177281 0.007783 1.752072
0.815303 0.000515 0.000750 0.000375 0.000123 0.175148 0.007786 1.752122
0.817411 0.000494 0.000728 0.000374 0.000119 0.173086 0.007789 1.752179
0.819529 0.000477 0.000715 0.000359 0.000115 0.171014 0.007792 1.752225
0.821619 0.000456 0.000705 0.000344 0.000110 0.168973 0.007794 1.752281
0.823647 0.000453 0.000671 0.000331 0.000106 0.166997 0.007796 1.752320
0.825685 0.000437 0.000656 0.000320 0.000103 0.165002 0.007798 1.752367
0.827733 0.000439 0.000637 0.000303 0.000099 0.162991 0.007798 1.752405
0.829725 0.000427 0.000618 0.000300 0.000095 0.161034 0.007800 1.752447
0.831703 0.000420 0.000602 0.000287 0.000090 0.159096 0.007803 1.752483
0.833620 0.000414 0.000585 0.000279 0.000087 0.157210 0.007805 1.752519
0.835554 0.000407 0.000569 0.000271 0.000084 0.155311 0.007806 1.752553
0.837408 0.000401 0.000557 0.000259 0.000084 0.153486 0.007807 1.752590
0.839271 0.000400 0.000541 0.000258 0.000083 0.151641 0.007807 1.752628
0.841137 0.000384 0.000538 0.000257 0.000081 0.149796 0.007808 1.752670
0.842965 0.000381 0.000522 0.000243 0.000079 0.148002 0.007809 1.752704
0.844833 0.000383 0.000508 0.000233 0.000077 0.146155 0.007810 1.752736
0.846591 0.000375 0.000504 0.000233 0.000072 0.144412 0.007814 1.752775
0.848383 0.000360 0.000491 0.000230 0.000069 0.142653 0.007815 1.752816
0.850125 0.000352 0.000476 0.000222 0.000066 0.140942 0.007816 1.752848
0.851837 0.000348 0.000469 0.000219 0.000063 0.139245 0.007818 1.752883
0.853490 0.000333 0.000457 0.000214 0.000063 0.137626 0.007819 1.752920
0.855140 0.000331 0.000439 0.000212 0.000061 0.135997 0.007820 1.752949
0.856759 0.000313 0.000439 0.000207 0.000060 0.134403 0.007820 1.752991
0.858300 0.000309 0.000429 0.000203 0.000058 0.132880 0.007821 1.753022
0.859886 0.000300 0.000425 0.000201 0.000056 0.131311 0.007822 1.753057
0.861393 0.000291 0.000413 0.000192 0.000056 0.129833 0.007823 1.753087
0.862872 0.000284 0.000408 0.000193 0.000054 0.128366 0.007823 1.753120
0.864348 0.000281 0.000397 0.000182 0.000054 0.126916 0.007823 1.753143
0.865816 0.000270 0.000378 0.000181 0.000053 0.125479 0.007823 1.753169
0.867304 0.000273 0.000361 0.000173 0.000048 0.124015 0.007827 1.753190
0.868746 0.000266 0.000350 0.000172 0.000047 0.122591 0.007828 1.753215
0.870151 0.000264 0.000342 0.000167 0.000046 0.121201 0.007829 1.753239
0.871565 0.000259 0.000330 0.000166 0.000043 0.119808 0.007829 1.753263
0.872964 0.000255 0.000320 0.000162 0.000043 0.118426 0.007829 1.753288
0.874320 0.000248 0.000313 0.000157 0.000042 0.117091 0.007829 1.753310
0.875607 0.000241 0.000308 0.000153 0.000042 0.115821 0.007829 1.753337
0.876841 0.000238 0.000299 0.000150 0.000041 0.114601 0.007830 1.753359
0.878057 0.000233 0.000295 0.000151 0.000039 0.113394 0.007832 1.753383
0.879288 0.000238 0.000290 0.000145 0.000037 0.112170 0.007833 1.753398
0.880508 0.000244 0.000283 0.000135 0.000037 0.110961 0.007833 1.753413
0.881657 0.000240 0.000279 0.000133 0.000035 0.109822 0.007834 1.753436
0.882826 0.000235 0.000281 0.000127 0.000035 0.108663 0.007834 1.753459
0.883958 0.000235 0.000277 0.000124 0.000034 0.107538 0.007835 1.753476
0.885110 0.000229 0.000271 0.000125 0.000031 0.106397 0.007838 1.753499
0.886211 0.000223 0.000266 0.000126 0.000029 0.105307 0.007839 1.753520
0.887288 0.000224 0.000258 0.000120 0.000028 0.104242 0.007840 1.753536
0.888336 0.000216 0.000253 0.000125 0.000027 0.103202 0.007841 1.753559
0.889391 0.000216 0.000250 0.000119 0.000027 0.102156 0.007841 1.753576
0.890401 0.000209 0.000251 0.000119 0.000025 0.101154 0.007842 1.753600
0.891402 0.000199 0.000250 0.000122 0.000023 0.100161 0.007842 1.753624
0.892331 0.000200 0.000247 0.000121 0.000024 0.099236 0.007842 1.753644
0.893291 0.000193 0.000244 0.000119 0.000024 0.098287 0.007843 1.753669
0.894223 0.000193 0.000240 0.000119 0.000022 0.097359 0.007844 1.753685
0.895157 0.000191 0.000235 0.000115 0.000023 0.096434 0.007844 1.753704
0.896011 0.000182 0.000233 0.000113 0.000023 0.095593 0.007844 1.753724
0.896857 0.000178 0.000230 0.000113 0.000024 0.094754 0.007844 1.753746
0.897687 0.000177 0.000227 0.000112 0.000022 0.093930 0.007845 1.753765
0.898503 0.000169 0.000222 0.000109 0.000024 0.093128 0.007845 1.753787
0.899301 0.000162 0.000212 0.000106 0.000023 0.092350 0.007846 1.753802
0.900068 0.000167 0.000206 0.000105 0.000022 0.091586 0.007846 1.753818
0.900839 0.000168 0.000201 0.000097 0.000021 0.090827 0.007847 1.753831
0.901582 0.000164 0.000195 0.000095 0.000020 0.090098 0.007848 1.753843
0.902290 0.000162 0.000187 0.000097 0.000019 0.089397 0.007849 1.753860
0.903019 0.000156 0.000188 0.000099 0.000018 0.088671 0.007849 1.753879
0.903721 0.000154 0.000179 0.000096 0.000017 0.087982 0.007850 1.753890
0.904405 0.000156 0.000175 0.000098 0.000017 0.087297 0.007850 1.753907
0.905069 0.000153 0.000170 0.000096 0.000016 0.086645 0.007850 1.753922
0.905742 0.000152 0.000171 0.000093 0.000015 0.085975 0.007851 1.753938
0.906373 0.000149 0.000169 0.000091 0.000014 0.085352 0.007851 1.753951
0.906996 0.000149 0.000165 0.000089 0.000014 0.084736 0.007851 1.753962
0.907612 0.000147 0.000163 0.000086 0.000013 0.084127 0.007852 1.753974
0.908205 0.000145 0.000169 0.000085 0.000012 0.083531 0.007852 1.753990
0.908792 0.000146 0.000164 0.000080 0.000012 0.082954 0.007852 1.754000
0.909405 0.000146 0.000163 0.000079 0.000012 0.082343 0.007852 1.754012
0.909989 0.000148 0.000161 0.000073 0.000012 0.081764 0.007852 1.754024
0.910523 0.000138 0.000165 0.000075 0.000012 0.081235 0.007852 1.754044
0.911039 0.000136 0.000166 0.000079 0.000012 0.080716 0.007852 1.754062
0.911546 0.000129 0.000165 0.000080 0.000011 0.080218 0.007852 1.754077
0.912029 0.000142 0.000160 0.000075 0.000012 0.079730 0.007852 1.754086
0.912519 0.000139 0.000153 0.000076 0.000011 0.079250 0.007852 1.754097
0.912964 0.000134 0.000154 0.000074 0.000011 0.078811 0.007852 1.754115
0.913411 0.000129 0.000149 0.000073 0.000010 0.078375 0.007852 1.754129
0.913852 0.000134 0.000145 0.000074 0.000010 0.077932 0.007852 1.754137
0.914249 0.000137 0.000144 0.000075 0.000010 0.077534 0.007852 1.754150
0.914664 0.000134 0.000142 0.000075 0.000010 0.077123 0.007852 1.754166
0.915067 0.000135 0.000140 0.000075 0.000009 0.076720 0.007853 1.754178
0.915438 0.000132 0.000136 0.000077 0.000009 0.076356 0.007853 1.754193
0.915840 0.000135 0.000130 0.000075 0.000008 0.075960 0.007853 1.754203
0.916213 0.000133 0.000127 0.000074 0.000009 0.075591 0.007853 1.754215
0.916593 0.000129 0.000125 0.000071 0.000009 0.075220 0.007853 1.754230
0.916926 0.000131 0.000121 0.000070 0.000009 0.074890 0.007853 1.754236
0.917244 0.000132 0.000122 0.000069 0.000009 0.074571 0.007853 1.754250
0.917576 0.000131 0.000125 0.000068 0.000010 0.074238 0.007853 1.754263
0.917899 0.000126 0.000131 0.000066 0.000009 0.073916 0.007853 1.754276
0.918212 0.000125 0.000128 0.000063 0.000010 0.073609 0.007853 1.754290
0.918514 0.000124 0.000130 0.000061 0.000010 0.073306 0.007853 1.754303
0.918817 0.000129 0.000130 0.000061 0.000009 0.073000 0.007854 1.754314
0.919089 0.000131 0.000132 0.000058 0.000009 0.072727 0.007854 1.754326
0.919351 0.000126 0.000127 0.000059 0.000009 0.072475 0.007854 1.754341
0.919609 0.000126 0.000123 0.000061 0.000009 0.072219 0.007854 1.754352
0.919863 0.000121 0.000125 0.000059 0.000009 0.071971 0.007854 1.754365
0.920118 0.000116 0.000124 0.000062 0.000008 0.071718 0.007854 1.754379
0.920358 0.000117 0.000121 0.000060 0.000008 0.071481 0.007854 1.754387
0.920606 0.000111 0.000118 0.000060 0.000009 0.071243 0.007854 1.754398
0.920851 0.000112 0.000116 0.000059 0.000009 0.070998 0.007854 1.754408
0.921089 0.000111 0.000113 0.000059 0.000009 0.070764 0.007855 1.754418
0.921309 0.000111 0.000111 0.000060 0.000009 0.070547 0.007855 1.754428
0.921512 0.000110 0.000110 0.000055 0.000007 0.070350 0.007855 1.754438
0.921710 0.000109 0.000110 0.000054 0.000007 0.070154 0.007855 1.754449
0.921911 0.000106 0.000113 0.000055 0.000007 0.069953 0.007855 1.754463
0.922118 0.000103 0.000115 0.000054 0.000007 0.069748 0.007855 1.754476
0.922324 0.000104 0.000115 0.000053 0.000007 0.069541 0.007855 1.754486
0.922514 0.000103 0.000112 0.000050 0.000008 0.069357 0.007856 1.754494
0.922694 0.000100 0.000110 0.000052 0.000008 0.069181 0.007856 1.754503
0.922875 0.000102 0.000107 0.000048 0.000008 0.069005 0.007856 1.754511
0.923038 0.000104 0.000104 0.000046 0.000007 0.068844 0.007856 1.754517
0.923195 0.000106 0.000104 0.000045 0.000007 0.068688 0.007856 1.754526
0.923353 0.000105 0.000105 0.000046 0.000006 0.068529 0.007857 1.754536
0.923516 0.000102 0.000105 0.000046 0.000007 0.068367 0.007857 1.754547
0.923679 0.000105 0.000102 0.000044 0.000006 0.068208 0.007857 1.754555
0.923845 0.000104 0.000099 0.000044 0.000006 0.068045 0.007857 1.754561
0.924005 0.000102 0.000103 0.000044 0.000006 0.067883 0.007857 1.754575
0.924150 0.000103 0.000101 0.000044 0.000006 0.067740 0.007857 1.754583
0.924287 0.000105 0.000102 0.000042 0.000006 0.067602 0.007857 1.754594
0.924421 0.000108 0.000104 0.000043 0.000005 0.067463 0.007857 1.754604
0.924585 0.000103 0.000106 0.000043 0.000005 0.067300 0.007857 1.754616
0.924729 0.000100 0.000104 0.000045 0.000005 0.067159 0.007857 1.754628
0.924865 0.000093 0.000103 0.000046 0.000005 0.067031 0.007857 1.754638
0.924996 0.000084 0.000107 0.000047 0.000005 0.066903 0.007857 1.754652
0.925131 0.000084 0.000104 0.000047 0.000005 0.066772 0.007858 1.754660
0.925237 0.000083 0.000104 0.000047 0.000006 0.066667 0.007858 1.754669
0.925378 0.000074 0.000105 0.000049 0.000005 0.066531 0.007858 1.754682
0.925505 0.000073 0.000104 0.000050 0.000005 0.066405 0.007858 1.754690
0.925628 0.000070 0.000101 0.000047 0.000006 0.066291 0.007858 1.754696
0.925740 0.000071 0.000096 0.000047 0.000006 0.066182 0.007858 1.754703
0.925849 0.000071 0.000094 0.000046 0.000006 0.066078 0.007858 1.754709
0.925973 0.000069 0.000093 0.000046 0.000006 0.065957 0.007858 1.754717
0.926082 0.000068 0.000090 0.000044 0.000006 0.065854 0.007858 1.754724
0.926182 0.000068 0.000089 0.000038 0.000006 0.065760 0.007858 1.754728
0.926289 0.000066 0.000092 0.000034 0.000006 0.065654 0.007858 1.754735
0.926400 0.000065 0.000089 0.000033 0.000006 0.065550 0.007858 1.754740
0.926502 0.000061 0.000092 0.000036 0.000006 0.065447 0.007858 1.754750
0.926607 0.000057 0.000092 0.000035 0.000006 0.065347 0.007858 1.754757
0.926689 0.000056 0.000090 0.000034 0.000006 0.065268 0.007858 1.754762
0.926773 0.000058 0.000085 0.000033 0.000006 0.065187 0.007858 1.754768
0.926874 0.000056 0.000082 0.000033 0.000007 0.065092 0.007858 1.754773
0.926959 0.000058 0.000080 0.000034 0.000007 0.065005 0.007858 1.754777
0.927055 0.000058 0.000076 0.000032 0.000007 0.064915 0.007858 1.754781
0.927140 0.000058 0.000076 0.000033 0.000006 0.064829 0.007858 1.754787
0.927223 0.000058 0.000074 0.000031 0.000005 0.064750 0.007858 1.754792
0.927300 0.000054 0.000077 0.000030 0.000005 0.064676 0.007859 1.754801
0.927381 0.000054 0.000076 0.000030 0.000005 0.064596 0.007859 1.754806
0.927467 0.000054 0.000073 0.000031 0.000004 0.064511 0.007859 1.754810
0.927536 0.000055 0.000069 0.000029 0.000004 0.064448 0.007859 1.754812
0.927606 0.000056 0.000068 0.000029 0.000004 0.064379 0.007859 1.754816
0.927673 0.000055 0.000065 0.000028 0.000004 0.064316 0.007859 1.754821
0.927741 0.000048 0.000065 0.000029 0.000005 0.064254 0.007859 1.754830
0.927806 0.000046 0.000064 0.000029 0.000005 0.064190 0.007859 1.754834
0.927867 0.000047 0.000062 0.000029 0.000005 0.064131 0.007859 1.754838
0.927931 0.000047 0.000059 0.000027 0.000005 0.064072 0.007859 1.754842
0.928000 0.000046 0.000059 0.000025 0.000005 0.064006 0.007859 1.754847
0.928053 0.000046 0.000055 0.000022 0.000005 0.063960 0.007860 1.754849
0.928104 0.000044 0.000055 0.000023 0.000004 0.063911 0.007860 1.754855
0.928165 0.000042 0.000053 0.000024 0.000004 0.063852 0.007860 1.754858
0.928220 0.000039 0.000052 0.000023 0.000004 0.063802 0.007861 1.754861
0.928275 0.000041 0.000051 0.000023 0.000004 0.063747 0.007861 1.754863
0.928315 0.000041 0.000051 0.000023 0.000003 0.063707 0.007861 1.754866
0.928360 0.000040 0.000049 0.000024 0.000003 0.063664 0.007861 1.754869
0.928404 0.000043 0.000047 0.000023 0.000003 0.063620 0.007861 1.754872
0.928455 0.000043 0.000047 0.000024 0.000003 0.063567 0.007861 1.754878
0.928502 0.000041 0.000047 0.000024 0.000003 0.063521 0.007861 1.754882
0.928551 0.000040 0.000045 0.000026 0.000003 0.063474 0.007861 1.754886
0.928593 0.000042 0.000043 0.000025 0.000003 0.063434 0.007861 1.754888
0.928636 0.000044 0.000044 0.000024 0.000003 0.063389 0.007861 1.754891
0.928672 0.000042 0.000043 0.000027 0.000003 0.063353 0.007861 1.754898
0.928722 0.000041 0.000043 0.000025 0.000002 0.063306 0.007861 1.754901
0.928770 0.000043 0.000045 0.000026 0.000002 0.063254 0.007861 1.754906
0.928802 0.000046 0.000044 0.000024 0.000002 0.063223 0.007861 1.754909
0.928840 0.000044 0.000043 0.000024 0.000002 0.063187 0.007861 1.754912
0.928878 0.000043 0.000044 0.000024 0.000003 0.063149 0.007861 1.754918
0.928917 0.000042 0.000044 0.000024 0.000003 0.063110 0.007861 1.754921
0.928962 0.000046 0.000041 0.000022 0.000004 0.063066 0.007861 1.754923
0.928998 0.000046 0.000040 0.000021 0.000004 0.063031 0.007861 1.754926
0.929028 0.000044 0.000040 0.000021 0.000003 0.063004 0.007861 1.754932
0.929062 0.000044 0.000037 0.000021 0.000003 0.062973 0.007861 1.754936
0.929092 0.000046 0.000038 0.000020 0.000003 0.062941 0.007861 1.754940
0.929133 0.000046 0.000039 0.000021 0.000003 0.062899 0.007861 1.754944
0.929168 0.000044 0.000037 0.000022 0.000003 0.062865 0.007861 1.754948
0.929195 0.000048 0.000035 0.000021 0.000003 0.062838 0.007861 1.754950
0.929224 0.000047 0.000036 0.000022 0.000003 0.062808 0.007861 1.754954
0.929247 0.000045 0.000034 0.000021 0.000004 0.062790 0.007861 1.754957
0.929273 0.000042 0.000035 0.000021 0.000004 0.062765 0.007861 1.754962
0.929302 0.000040 0.000034 0.000021 0.000004 0.062740 0.007861 1.754966
0.929335 0.000042 0.000034 0.000020 0.000004 0.062706 0.007861 1.754970
0.929359 0.000042 0.000033 0.000019 0.000003 0.062685 0.007861 1.754974
0.929387 0.000039 0.000033 0.000019 0.000003 0.062660 0.007861 1.754979
0.929408 0.000039 0.000033 0.000020 0.000003 0.062638 0.007861 1.754984
0.929432 0.000039 0.000033 0.000018 0.000003 0.062615 0.007861 1.754987
0.929449 0.000038 0.000034 0.000020 0.000003 0.062596 0.007861 1.754993
0.929472 0.000034 0.000035 0.000022 0.000003 0.062574 0.007861 1.754999
0.929489 0.000034 0.000035 0.000024 0.000003 0.062554 0.007861 1.755005
0.929511 0.000034 0.000032 0.000022 0.000003 0.062538 0.007861 1.755008
0.929527 0.000036 0.000032 0.000023 0.000003 0.062520 0.007861 1.755013
0.929550 0.000037 0.000031 0.000024 0.000003 0.062495 0.007861 1.755016
0.929562 0.000038 0.000030 0.000026 0.000003 0.062481 0.007861 1.755019
0.929577 0.000039 0.000031 0.000026 0.000003 0.062464 0.007861 1.755024
0.929590 0.000038 0.000032 0.000026 0.000003 0.062450 0.007861 1.755029
0.929612 0.000038 0.000033 0.000027 0.000003 0.062428 0.007861 1.755034
0.929637 0.000039 0.000033 0.000026 0.000003 0.062402 0.007861 1.755035
0.929658 0.000040 0.000031 0.000027 0.000003 0.062381 0.007861 1.755037
0.929678 0.000041 0.000031 0.000027 0.000003 0.062359 0.007861 1.755040
0.929695 0.000042 0.000031 0.000027 0.000003 0.062341 0.007861 1.755042
0.929715 0.000044 0.000029 0.000027 0.000003 0.062322 0.007861 1.755045
0.929732 0.000044 0.000031 0.000027 0.000003 0.062302 0.007861 1.755049
0.929745 0.000044 0.000032 0.000024 0.000003 0.062290 0.007861 1.755053
0.929756 0.000046 0.000034 0.000025 0.000003 0.062277 0.007861 1.755059
0.929772 0.000044 0.000034 0.000023 0.000002 0.062264 0.007861 1.755062
0.929785 0.000043 0.000036 0.000024 0.000002 0.062250 0.007861 1.755068
0.929800 0.000045 0.000038 0.000023 0.000002 0.062233 0.007861 1.755072
0.929804 0.000045 0.000040 0.000023 0.000002 0.062226 0.007861 1.755078
0.929827 0.000041 0.000041 0.000023 0.000002 0.062206 0.007861 1.755084
0.929842 0.000041 0.000041 0.000022 0.000002 0.062192 0.007861 1.755087
0.929855 0.000039 0.000042 0.000021 0.000002 0.062180 0.007861 1.755092
0.929864 0.000040 0.000044 0.000020 0.000002 0.062169 0.007861 1.755096
0.929872 0.000040 0.000043 0.000020 0.000002 0.062161 0.007861 1.755100
0.929887 0.000039 0.000044 0.000019 0.000002 0.062148 0.007861 1.755104
0.929898 0.000040 0.000041 0.000019 0.000002 0.062138 0.007861 1.755106
0.929913 0.000038 0.000042 0.000019 0.000002 0.062126 0.007861 1.755109
0.929922 0.000038 0.000041 0.000018 0.000002 0.062118 0.007862 1.755112
0.929932 0.000039 0.000040 0.000019 0.000002 0.062107 0.007862 1.755115
0.929943 0.000040 0.000039 0.000018 0.000002 0.062096 0.007862 1.755115
0.929955 0.000042 0.000037 0.000016 0.000002 0.062086 0.007862 1.755118
0.929963 0.000040 0.000039 0.000017 0.000002 0.062077 0.007862 1.755124
0.929967 0.000038 0.000038 0.000017 0.000002 0.062076 0.007862 1.755130
0.929982 0.000038 0.000039 0.000016 0.000002 0.062063 0.007862 1.755132
0.929988 0.000040 0.000037 0.000015 0.000002 0.062056 0.007862 1.755135
0.930000 0.000041 0.000035 0.000018 0.000002 0.062043 0.007862 1.755138
0.930010 0.000041 0.000034 0.000017 0.000002 0.062035 0.007862 1.755141
0.930019 0.000044 0.000031 0.000018 0.000002 0.062024 0.007862 1.755143
0.930029 0.000042 0.000032 0.000018 0.000002 0.062016 0.007862 1.755147
0.930039 0.000041 0.000032 0.000019 0.000002 0.062006 0.007862 1.755151
0.930044 0.000044 0.000031 0.000019 0.000002 0.061999 0.007862 1.755154
0.930053 0.000044 0.000031 0.000018 0.000002 0.061990 0.007862 1.755157
0.930059 0.000044 0.000033 0.000016 0.000002 0.061984 0.007862 1.755160
0.930066 0.000043 0.000034 0.000018 0.000002 0.061976 0.007862 1.755165
0.930069 0.000046 0.000032 0.000018 0.000002 0.061971 0.007862 1.755168
0.930081 0.000047 0.000030 0.000019 0.000002 0.061960 0.007862 1.755170
0.930087 0.000044 0.000033 0.000021 0.000002 0.061951 0.007862 1.755178
0.930092 0.000043 0.000036 0.000022 0.000002 0.061943 0.007862 1.755185
0.930103 0.000044 0.000034 0.000022 0.000002 0.061933 0.007862 1.755187
0.930114 0.000043 0.000034 0.000023 0.000001 0.061923 0.007862 1.755192
0.930123 0.000040 0.000035 0.000024 0.000001 0.061914 0.007862 1.755197
0.930127 0.000038 0.000037 0.000024 0.000001 0.061911 0.007862 1.755202
0.930132 0.000038 0.000035 0.000024 0.000001 0.061909 0.007862 1.755207
0.930135 0.000038 0.000033 0.000022 0.000001 0.061909 0.007862 1.755210
0.930142 0.000036 0.000031 0.000022 0.000001 0.061906 0.007862 1.755213
0.930145 0.000039 0.000029 0.000021 0.000001 0.061903 0.007862 1.755216
0.930149 0.000036 0.000030 0.000020 0.000000 0.061903 0.007862 1.755221
0.930152 0.000033 0.000034 0.000020 0.000000 0.061899 0.007862 1.755226
0.930157 0.000032 0.000033 0.000022 0.000000 0.061894 0.007862 1.755230
0.930164 0.000034 0.000033 0.000023 0.000000 0.061885 0.007862 1.755232
0.930171 0.000032 0.000033 0.000023 0.000000 0.061879 0.007862 1.755235
0.930177 0.000032 0.000032 0.000023 0.000000 0.061874 0.007862 1.755237
0.930181 0.000032 0.000029 0.000024 0.000000 0.061872 0.007862 1.755241
0.930185 0.000032 0.000031 0.000023 0.000000 0.061866 0.007862 1.755245
0.930190 0.000031 0.000034 0.000023 0.000001 0.061859 0.007862 1.755249
0.930196 0.000033 0.000034 0.000023 0.000001 0.061852 0.007862 1.755251
0.930201 0.000032 0.000034 0.000022 0.000002 0.061849 0.007862 1.755254
0.930207 0.000031 0.000035 0.000021 0.000002 0.061843 0.007862 1.755258
0.930210 0.000033 0.000034 0.000022 0.000001 0.061839 0.007862 1.755259
0.930212 0.000034 0.000033 0.000019 0.000000 0.061840 0.007862 1.755262
0.930217 0.000034 0.000032 0.000018 0.000000 0.061837 0.007862 1.755265
0.930219 0.000031 0.000034 0.000018 0.000000 0.061835 0.007862 1.755270
0.930222 0.000027 0.000034 0.000019 0.000000 0.061834 0.007862 1.755275
0.930227 0.000027 0.000035 0.000019 0.000000 0.061831 0.007862 1.755279
0.930228 0.000026 0.000034 0.000021 0.000000 0.061829 0.007862 1.755282
0.930231 0.000024 0.000032 0.000022 0.000000 0.061828 0.007862 1.755286
0.930234 0.000026 0.000032 0.000021 0.000000 0.061825 0.007862 1.755288
0.930241 0.000024 0.000031 0.000020 0.000000 0.061821 0.007862 1.755290
0.930248 0.000026 0.000029 0.000017 0.000000 0.061818 0.007862 1.755290
0.930253 0.000023 0.000031 0.000018 0.000000 0.061813 0.007862 1.755294
0.930252 0.000024 0.000031 0.000017 0.000000 0.061815 0.007862 1.755298
0.930256 0.000023 0.000031 0.000016 0.000000 0.061813 0.007862 1.755300
0.930259 0.000024 0.000030 0.000015 0.000000 0.061811 0.007862 1.755300
0.930260 0.000025 0.000028 0.000014 0.000000 0.061810 0.007862 1.755302
0.930264 0.000026 0.000029 0.000014 0.000000 0.061805 0.007862 1.755303
0.930267 0.000027 0.000027 0.000014 0.000000 0.061803 0.007862 1.755304
0.930274 0.000026 0.000028 0.000014 0.000000 0.061797 0.007862 1.755306
0.930274 0.000027 0.000028 0.000013 0.000000 0.061796 0.007862 1.755309
0.930280 0.000026 0.000027 0.000013 0.000000 0.061792 0.007862 1.755312
0.930280 0.000027 0.000027 0.000014 0.000000 0.061790 0.007862 1.755315
0.930284 0.000025 0.000028 0.000014 0.000000 0.061787 0.007862 1.755318
0.930285 0.000025 0.000030 0.000015 0.000000 0.061784 0.007862 1.755321
0.930289 0.000024 0.000029 0.000016 0.000000 0.061780 0.007862 1.755323
0.930290 0.000025 0.000029 0.000016 0.000000 0.061777 0.007862 1.755326
0.930294 0.000025 0.000027 0.000014 0.000001 0.061777 0.007862 1.755327
0.930298 0.000023 0.000027 0.000014 0.000002 0.061775 0.007862 1.755331
0.930304 0.000022 0.000027 0.000013 0.000002 0.061771 0.007862 1.755333
0.930303 0.000022 0.000026 0.000013 0.000002 0.061773 0.007862 1.755336
0.930306 0.000022 0.000026 0.000013 0.000002 0.061771 0.007862 1.755338
0.930309 0.000022 0.000025 0.000012 0.000002 0.061769 0.007862 1.755340
0.930312 0.000023 0.000024 0.000011 0.000002 0.061766 0.007862 1.755342
0.930318 0.000022 0.000022 0.000011 0.000002 0.061764 0.007862 1.755343
0.930321 0.000020 0.000022 0.000012 0.000002 0.061762 0.007862 1.755345
0.930325 0.000019 0.000021 0.000012 0.000002 0.061759 0.007862 1.755347
0.930329 0.000022 0.000020 0.000012 0.000002 0.061755 0.007862 1.755347
0.930331 0.000023 0.000019 0.000011 0.000002 0.061752 0.007862 1.755348
0.930335 0.000022 0.000019 0.000010 0.000002 0.061749 0.007862 1.755350
0.930335 0.000021 0.000020 0.000009 0.000002 0.061752 0.007862 1.755353
0.930340 0.000022 0.000018 0.000009 0.000002 0.061748 0.007862 1.755353
0.930343 0.000020 0.000019 0.000009 0.000002 0.061745 0.007862 1.755356
0.930348 0.000019 0.000018 0.000010 0.000002 0.061742 0.007862 1.755358
0.930351 0.000019 0.000017 0.000009 0.000002 0.061740 0.007862 1.755359
0.930355 0.000019 0.000017 0.000010 0.000002 0.061735 0.007862 1.755360
0.930359 0.000019 0.000018 0.000010 0.000002 0.061731 0.007862 1.755361
0.930362 0.000017 0.000018 0.000009 0.000002 0.061730 0.007862 1.755364
0.930366 0.000014 0.000018 0.000009 0.000002 0.061729 0.007862 1.755367
0.930368 0.000015 0.000017 0.000010 0.000002 0.061727 0.007862 1.755369
0.930372 0.000014 0.000018 0.000010 0.000002 0.061724 0.007862 1.755370
0.930375 0.000014 0.000018 0.000010 0.000002 0.061721 0.007862 1.755371
0.930376 0.000014 0.000017 0.000008 0.000002 0.061721 0.007862 1.755372
0.930378 0.000014 0.000017 0.000009 0.000002 0.061719 0.007862 1.755373
0.930382 0.000014 0.000016 0.000008 0.000002 0.061717 0.007863 1.755374
0.930383 0.000014 0.000016 0.000008 0.000002 0.061715 0.007863 1.755376
0.930386 0.000014 0.000016 0.000008 0.000001 0.061713 0.007863 1.755376
0.930389 0.000014 0.000016 0.000008 0.000000 0.061711 0.007863 1.755377
0.930391 0.000014 0.000014 0.000008 0.000000 0.061709 0.007863 1.755379
0.930392 0.000013 0.000013 0.000009 0.000000 0.061710 0.007863 1.755380
0.930395 0.000014 0.000013 0.000010 0.000001 0.061706 0.007863 1.755381
0.930398 0.000011 0.000013 0.000010 0.000001 0.061705 0.007863 1.755385
0.930400 0.000010 0.000014 0.000010 0.000001 0.061703 0.007863 1.755387
0.930401 0.000011 0.000015 0.000009 0.000001 0.061701 0.007863 1.755389
0.930405 0.000012 0.000014 0.000008 0.000001 0.061697 0.007863 1.755389
0.930409 0.000013 0.000013 0.000008 0.000001 0.061694 0.007863 1.755389
0.930411 0.000012 0.000014 0.000008 0.000001 0.061692 0.007863 1.755391
0.930414 0.000012 0.000014 0.000007 0.000001 0.061690 0.007863 1.755391
0.930415 0.000013 0.000014 0.000007 0.000001 0.061687 0.007863 1.755392
0.930416 0.000014 0.000013 0.000007 0.000001 0.061685 0.007863 1.755392
0.930420 0.000014 0.000012 0.000007 0.000001 0.061683 0.007863 1.755393
0.930422 0.000015 0.000011 0.000007 0.000001 0.061682 0.007863 1.755394
0.930425 0.000013 0.000012 0.000007 0.000002 0.061679 0.007863 1.755395
0.930427 0.000012 0.000011 0.000007 0.000002 0.061679 0.007863 1.755397
0.930428 0.000012 0.000012 0.000007 0.000002 0.061677 0.007863 1.755399
0.930431 0.000014 0.000012 0.000006 0.000002 0.061673 0.007863 1.755399
0.930434 0.000013 0.000011 0.000007 0.000002 0.061671 0.007863 1.755400
0.930436 0.000014 0.000012 0.000008 0.000001 0.061668 0.007863 1.755401
0.930438 0.000014 0.000011 0.000007 0.000001 0.061666 0.007863 1.755402
0.930439 0.000014 0.000010 0.000007 0.000001 0.061666 0.007863 1.755403
0.930442 0.000014 0.000012 0.000006 0.000001 0.061664 0.007863 1.755404
0.930444 0.000013 0.000012 0.000006 0.000001 0.061662 0.007863 1.755406
0.930445 0.000013 0.000011 0.000005 0.000001 0.061662 0.007863 1.755407
0.930446 0.000011 0.000012 0.000005 0.000001 0.061662 0.007863 1.755409
0.930449 0.000011 0.000012 0.000005 0.000001 0.061659 0.007863 1.755409
0.930449 0.000013 0.000013 0.000005 0.000001 0.061657 0.007863 1.755411
0.930450 0.000013 0.000013 0.000004 0.000001 0.061656 0.007863 1.755412
0.930453 0.000014 0.000013 0.000005 0.000001 0.061653 0.007863 1.755412
0.930455 0.000013 0.000014 0.000004 0.000002 0.061650 0.007863 1.755414
0.930457 0.000012 0.000014 0.000004 0.000002 0.061649 0.007863 1.755415
0.930463 0.000013 0.000013 0.000004 0.000001 0.061645 0.007863 1.755415
0.930465 0.000012 0.000012 0.000005 0.000001 0.061642 0.007863 1.755416
0.930468 0.000012 0.000012 0.000005 0.000001 0.061639 0.007863 1.755417
0.930471 0.000011 0.000014 0.000005 0.000001 0.061635 0.007863 1.755419
0.930471 0.000012 0.000013 0.000005 0.000001 0.061636 0.007863 1.755419
0.930474 0.000012 0.000012 0.000006 0.000001 0.061633 0.007863 1.755420
0.930477 0.000013 0.000012 0.000006 0.000001 0.061629 0.007863 1.755421
0.930479 0.000014 0.000012 0.000006 0.000001 0.061627 0.007863 1.755421
0.930485 0.000014 0.000011 0.000004 0.000001 0.061623 0.007863 1.755422
0.930488 0.000013 0.000012 0.000004 0.000001 0.061620 0.007863 1.755424
0.930488 0.000012 0.000011 0.000004 0.000001 0.061622 0.007863 1.755425
0.930490 0.000011 0.000011 0.000003 0.000002 0.061621 0.007863 1.755426
0.930489 0.000012 0.000010 0.000003 0.000002 0.061621 0.007863 1.755427
0.930491 0.000012 0.000010 0.000003 0.000002 0.061619 0.007863 1.755428
0.930493 0.000012 0.000010 0.000003 0.000000 0.061619 0.007863 1.755428
0.930494 0.000010 0.000010 0.000004 0.000000 0.061618 0.007863 1.755430
0.930495 0.000010 0.000010 0.000005 0.000000 0.061617 0.007863 1.755431
0.930497 0.000010 0.000010 0.000005 0.000000 0.061616 0.007863 1.755431
0.930498 0.000010 0.000010 0.000005 0.000000 0.061614 0.007863 1.755432
0.930499 0.000010 0.000012 0.000003 0.000000 0.061613 0.007863 1.755433
0.930500 0.000010 0.000012 0.000004 0.000000 0.061610 0.007863 1.755435
0.930502 0.000010 0.000012 0.000005 0.000000 0.061608 0.007863 1.755436
0.930501 0.000011 0.000012 0.000005 0.000000 0.061608 0.007863 1.755437
0.930502 0.000012 0.000013 0.000005 0.000000 0.061606 0.007863 1.755438
0.930501 0.000013 0.000013 0.000005 0.000000 0.061605 0.007863 1.755438
0.930502 0.000012 0.000012 0.000006 0.000000 0.061604 0.007863 1.755439
0.930504 0.000013 0.000013 0.000006 0.000001 0.061601 0.007863 1.755440
0.930507 0.000012 0.000011 0.000006 0.000001 0.061600 0.007863 1.755441
0.930508 0.000010 0.000012 0.000006 0.000001 0.061600 0.007863 1.755443
0.930510 0.000010 0.000010 0.000007 0.000001 0.061599 0.007863 1.755444
0.930510 0.000009 0.000011 0.000005 0.000001 0.061601 0.007863 1.755445
0.930513 0.000008 0.000010 0.000004 0.000001 0.061601 0.007863 1.755445
0.930513 0.000007 0.000010 0.000005 0.000001 0.061602 0.007863 1.755448
0.930515 0.000006 0.000009 0.000005 0.000001 0.061602 0.007863 1.755449
0.930515 0.000007 0.000008 0.000005 0.000001 0.061602 0.007863 1.755449
0.930516 0.000007 0.000008 0.000004 0.000001 0.061601 0.007863 1.755449
0.930518 0.000007 0.000008 0.000004 0.000001 0.061599 0.007863 1.755450
0.930520 0.000007 0.000008 0.000005 0.000001 0.061597 0.007863 1.755450
0.930521 0.000008 0.000007 0.000004 0.000001 0.061597 0.007863 1.755450
0.930524 0.000008 0.000008 0.000004 0.000000 0.061594 0.007863 1.755451
0.930524 0.000007 0.000008 0.000005 0.000001 0.061593 0.007863 1.755453
0.930524 0.000006 0.000008 0.000005 0.000001 0.061594 0.007863 1.755454
0.930525 0.000006 0.000006 0.000005 0.000001 0.061594 0.007863 1.755455
0.930525 0.000006 0.000005 0.000005 0.000001 0.061596 0.007863 1.755455
0.930525 0.000008 0.000005 0.000005 0.000001 0.061595 0.007863 1.755455
0.930527 0.000007 0.000006 0.000005 0.000001 0.061592 0.007863 1.755456
0.930527 0.000007 0.000007 0.000005 0.000001 0.061592 0.007863 1.755457
0.930528 0.000006 0.000006 0.000006 0.000001 0.061591 0.007863 1.755458
0.930528 0.000007 0.000006 0.000004 0.000001 0.061592 0.007863 1.755458
0.930529 0.000006 0.000006 0.000003 0.000001 0.061592 0.007863 1.755459
0.930530 0.000006 0.000006 0.000003 0.000001 0.061593 0.007863 1.755459
0.930528 0.000007 0.000006 0.000003 0.000001 0.061594 0.007863 1.755460
0.930528 0.000007 0.000006 0.000003 0.000001 0.061594 0.007863 1.755460
0.930529 0.000006 0.000005 0.000003 0.000001 0.061594 0.007863 1.755461
0.930530 0.000006 0.000005 0.000003 0.000001 0.061593 0.007863 1.755461
0.930530 0.000005 0.000006 0.000003 0.000001 0.061593 0.007863 1.755462
0.930531 0.000004 0.000005 0.000003 0.000001 0.061593 0.007863 1.755463
0.930531 0.000003 0.000006 0.000003 0.000001 0.061593 0.007863 1.755465
0.930533 0.000003 0.000006 0.000003 0.000001 0.061593 0.007863 1.755465
0.930534 0.000003 0.000006 0.000002 0.000001 0.061593 0.007863 1.755465
0.930534 0.000003 0.000005 0.000003 0.000001 0.061593 0.007863 1.755465
0.930533 0.000003 0.000005 0.000003 0.000001 0.061593 0.007863 1.755467
0.930534 0.000003 0.000003 0.000003 0.000001 0.061594 0.007863 1.755467
0.930535 0.000003 0.000003 0.000003 0.000001 0.061593 0.007863 1.755467
0.930535 0.000004 0.000003 0.000002 0.000001 0.061593 0.007863 1.755467
0.930535 0.000003 0.000003 0.000002 0.000001 0.061593 0.007863 1.755468
0.930536 0.000003 0.000003 0.000002 0.000001 0.061592 0.007863 1.755468
0.930536 0.000004 0.000003 0.000002 0.000001 0.061592 0.007863 1.755468
0.930537 0.000004 0.000003 0.000002 0.000001 0.061590 0.007863 1.755468
0.930537 0.000004 0.000003 0.000002 0.000000 0.061590 0.007864 1.755468
0.930538 0.000004 0.000003 0.000002 0.000000 0.061590 0.007864 1.755468
0.930538 0.000003 0.000003 0.000002 0.000000 0.061589 0.007864 1.755469
0.930538 0.000004 0.000003 0.000002 0.000000 0.061590 0.007864 1.755469
0.930538 0.000003 0.000003 0.000002 0.000000 0.061590 0.007864 1.755470
0.930540 0.000003 0.000003 0.000002 0.000000 0.061588 0.007864 1.755470
0.930541 0.000003 0.000003 0.000001 0.000000 0.061588 0.007864 1.755470
0.930541 0.000004 0.000003 0.000001 0.000000 0.061588 0.007864 1.755470
0.930540 0.000004 0.000002 0.000002 0.000000 0.061588 0.007864 1.755471
