0.338075 0.063107 0.056352 0.032494 0.002131 0.501606 0.006233 1.643538
0.339987 0.061329 0.056303 0.032357 0.002124 0.501637 0.006263 1.649676
0.342475 0.059182 0.056083 0.032152 0.002114 0.501707 0.006287 1.655575
0.345366 0.056868 0.055809 0.031869 0.002112 0.501661 0.006315 1.661306
0.348515 0.054607 0.055333 0.031497 0.002114 0.501585 0.006348 1.666717
0.351745 0.052366 0.054758 0.031021 0.002129 0.501605 0.006375 1.671994
0.355210 0.050127 0.054127 0.030582 0.002122 0.501429 0.006403 1.677035
0.358837 0.048045 0.053338 0.030094 0.002135 0.501124 0.006428 1.681806
0.362475 0.046015 0.052554 0.029567 0.002138 0.500794 0.006456 1.686425
0.366154 0.044099 0.051690 0.029057 0.002126 0.500393 0.006481 1.690870
0.369857 0.042269 0.050803 0.028503 0.002094 0.499959 0.006514 1.695156
0.373694 0.040516 0.049868 0.027901 0.002085 0.499400 0.006536 1.699298
0.377804 0.038892 0.048937 0.027282 0.002070 0.498454 0.006559 1.703139
0.381770 0.037365 0.047860 0.026673 0.002057 0.497688 0.006587 1.706908
0.385737 0.035960 0.046775 0.026137 0.002058 0.496727 0.006607 1.710486
0.389873 0.034591 0.045706 0.025517 0.002040 0.495641 0.006633 1.713927
0.394154 0.033229 0.044741 0.024961 0.002029 0.494231 0.006656 1.717274
0.398275 0.031988 0.043629 0.024360 0.002011 0.493054 0.006683 1.720536
0.402518 0.030843 0.042522 0.023712 0.002002 0.491693 0.006710 1.723628
0.406784 0.029800 0.041418 0.023113 0.001992 0.490158 0.006735 1.726586
0.411066 0.028699 0.040418 0.022482 0.001975 0.488597 0.006764 1.729501
0.415459 0.027707 0.039441 0.021848 0.001973 0.486786 0.006785 1.732281
0.419723 0.026799 0.038390 0.021249 0.001962 0.485063 0.006813 1.734979
0.424091 0.025934 0.037346 0.020653 0.001946 0.483190 0.006841 1.737549
0.428450 0.025117 0.036297 0.020111 0.001916 0.481237 0.006873 1.740029
0.432830 0.024391 0.035238 0.019564 0.001892 0.479187 0.006899 1.742406
0.437145 0.023669 0.034269 0.019005 0.001872 0.477110 0.006928 1.744735
0.441495 0.022974 0.033368 0.018528 0.001846 0.474833 0.006955 1.747037
0.445889 0.022297 0.032406 0.018013 0.001818 0.472602 0.006976 1.749248
0.450272 0.021655 0.031562 0.017500 0.001789 0.470226 0.006998 1.751394
0.454667 0.021020 0.030656 0.016998 0.001765 0.467873 0.007021 1.753516
0.459027 0.020418 0.029780 0.016568 0.001746 0.465418 0.007041 1.755566
0.463483 0.019783 0.028934 0.016151 0.001721 0.462866 0.007060 1.757596
0.467874 0.019252 0.028159 0.015714 0.001702 0.460220 0.007080 1.759561
0.472234 0.018771 0.027343 0.015213 0.001676 0.457663 0.007099 1.761416
0.476638 0.018316 0.026564 0.014825 0.001663 0.454874 0.007120 1.763216
0.480998 0.017930 0.025911 0.014355 0.001650 0.452019 0.007137 1.765001
0.485251 0.017605 0.025174 0.013925 0.001608 0.449276 0.007162 1.766728
0.489542 0.017174 0.024572 0.013542 0.001577 0.446408 0.007186 1.768461
0.493863 0.016812 0.023898 0.013178 0.001538 0.443507 0.007205 1.770123
0.498157 0.016447 0.023235 0.012817 0.001531 0.440589 0.007224 1.771742
0.502440 0.016123 0.022558 0.012470 0.001506 0.437661 0.007244 1.773315
0.506525 0.015768 0.021989 0.012084 0.001484 0.434890 0.007260 1.774887
0.510749 0.015440 0.021449 0.011753 0.001459 0.431869 0.007281 1.776422
0.514884 0.015129 0.020957 0.011460 0.001417 0.428853 0.007301 1.777956
0.519099 0.014848 0.020423 0.011143 0.001386 0.425782 0.007320 1.779422
0.523150 0.014526 0.019962 0.010885 0.001359 0.422784 0.007335 1.780961
0.527315 0.014278 0.019521 0.010635 0.001336 0.419557 0.007358 1.782392
0.531407 0.014083 0.019005 0.010370 0.001306 0.416454 0.007376 1.783774
0.535389 0.013852 0.018570 0.010116 0.001281 0.413403 0.007389 1.785147
0.539404 0.013654 0.018148 0.009836 0.001255 0.410298 0.007406 1.786508
0.543371 0.013473 0.017718 0.009542 0.001236 0.407239 0.007421 1.787835
0.547297 0.013311 0.017304 0.009365 0.001217 0.404067 0.007440 1.789162
0.551239 0.013146 0.016940 0.009131 0.001193 0.400894 0.007457 1.790439
0.555095 0.012995 0.016574 0.008951 0.001164 0.397746 0.007475 1.791687
0.558853 0.012848 0.016191 0.008767 0.001143 0.394711 0.007488 1.792962
0.562638 0.012681 0.015834 0.008600 0.001119 0.391626 0.007502 1.794209
0.566437 0.012540 0.015517 0.008413 0.001103 0.388474 0.007516 1.795461
0.570225 0.012379 0.015182 0.008230 0.001076 0.385376 0.007532 1.796677
0.573803 0.012319 0.014919 0.008051 0.001066 0.382298 0.007545 1.797865
0.577574 0.012168 0.014622 0.007921 0.001040 0.379119 0.007557 1.799086
0.581232 0.012053 0.014369 0.007758 0.001021 0.375994 0.007573 1.800275
0.584855 0.012048 0.014129 0.007598 0.001009 0.372779 0.007585 1.801395
0.588550 0.011919 0.013880 0.007462 0.000989 0.369602 0.007599 1.802579
0.592008 0.011824 0.013673 0.007354 0.000969 0.366559 0.007612 1.803768
0.595500 0.011737 0.013452 0.007262 0.000956 0.363472 0.007621 1.804949
0.598895 0.011755 0.013223 0.007153 0.000941 0.360395 0.007638 1.806072
0.602272 0.011713 0.013016 0.007038 0.000921 0.357389 0.007650 1.807212
0.605731 0.011616 0.012897 0.006952 0.000897 0.354245 0.007664 1.808395
0.609099 0.011536 0.012709 0.006847 0.000887 0.351249 0.007673 1.809567
0.612384 0.011466 0.012503 0.006751 0.000873 0.348333 0.007690 1.810680
0.615709 0.011463 0.012303 0.006658 0.000864 0.345302 0.007700 1.811756
0.619024 0.011343 0.012151 0.006580 0.000846 0.342342 0.007715 1.812901
0.622181 0.011253 0.012004 0.006523 0.000825 0.339485 0.007730 1.814041
0.625404 0.011245 0.011820 0.006429 0.000818 0.336543 0.007741 1.815083
0.628452 0.011164 0.011688 0.006361 0.000791 0.333795 0.007750 1.816207
0.631558 0.011116 0.011575 0.006339 0.000779 0.330870 0.007764 1.817345
0.634689 0.011062 0.011469 0.006258 0.000775 0.327977 0.007771 1.818431
0.637756 0.011044 0.011350 0.006157 0.000758 0.325154 0.007781 1.819486
0.640776 0.011015 0.011260 0.006098 0.000745 0.322316 0.007790 1.820562
0.643825 0.010935 0.011192 0.006081 0.000730 0.319440 0.007798 1.821685
0.646758 0.010911 0.011080 0.006025 0.000721 0.316697 0.007807 1.822759
0.649627 0.010964 0.010986 0.005956 0.000710 0.313942 0.007816 1.823800
0.652548 0.010939 0.010888 0.005902 0.000700 0.311198 0.007825 1.824865
0.655291 0.010912 0.010822 0.005854 0.000688 0.308598 0.007836 1.825987
0.658027 0.010914 0.010745 0.005823 0.000674 0.305972 0.007846 1.827063
0.660794 0.010922 0.010615 0.005788 0.000669 0.303359 0.007854 1.828102
0.663486 0.010936 0.010546 0.005771 0.000653 0.300741 0.007867 1.829164
0.666115 0.010964 0.010449 0.005733 0.000646 0.298217 0.007877 1.830243
0.668755 0.010982 0.010378 0.005688 0.000642 0.295673 0.007883 1.831322
0.671424 0.011018 0.010344 0.005645 0.000632 0.293047 0.007890 1.832391
0.673876 0.011080 0.010327 0.005623 0.000619 0.290577 0.007900 1.833459
0.676448 0.011031 0.010282 0.005621 0.000605 0.288104 0.007910 1.834565
0.678869 0.011064 0.010229 0.005604 0.000592 0.285721 0.007923 1.835652
0.681311 0.011021 0.010242 0.005610 0.000583 0.283301 0.007933 1.836794
0.683681 0.011038 0.010202 0.005563 0.000576 0.280999 0.007941 1.837868
0.686040 0.011138 0.010168 0.005523 0.000564 0.278617 0.007950 1.838922
0.688381 0.011170 0.010179 0.005492 0.000556 0.276265 0.007956 1.839992
0.690725 0.011218 0.010176 0.005486 0.000547 0.273882 0.007967 1.841089
0.692991 0.011274 0.010206 0.005449 0.000538 0.271567 0.007975 1.842188
0.695206 0.011357 0.010166 0.005432 0.000531 0.269329 0.007981 1.843273
0.697441 0.011337 0.010147 0.005475 0.000517 0.267091 0.007993 1.844405
0.699598 0.011371 0.010163 0.005485 0.000507 0.264874 0.008002 1.845562
0.701679 0.011406 0.010188 0.005475 0.000510 0.262736 0.008007 1.846683
0.703734 0.011423 0.010214 0.005484 0.000508 0.260626 0.008011 1.847841
0.705660 0.011493 0.010215 0.005463 0.000502 0.258649 0.008018 1.848956
0.707664 0.011532 0.010203 0.005504 0.000497 0.256572 0.008028 1.850111
0.709669 0.011563 0.010237 0.005525 0.000491 0.254480 0.008035 1.851263
0.711595 0.011630 0.010222 0.005579 0.000477 0.252453 0.008044 1.852419
0.713512 0.011688 0.010274 0.005576 0.000475 0.250425 0.008051 1.853592
0.715384 0.011741 0.010263 0.005600 0.000471 0.248483 0.008058 1.854749
0.717234 0.011833 0.010247 0.005636 0.000464 0.246521 0.008066 1.855914
0.719050 0.012016 0.010236 0.005610 0.000462 0.244556 0.008071 1.857013
0.720835 0.012091 0.010251 0.005651 0.000452 0.242641 0.008079 1.858188
0.722559 0.012151 0.010324 0.005677 0.000445 0.240762 0.008084 1.859401
0.724344 0.012233 0.010315 0.005656 0.000443 0.238921 0.008088 1.860551
0.726042 0.012290 0.010365 0.005674 0.000446 0.237090 0.008094 1.861769
0.727760 0.012388 0.010382 0.005693 0.000442 0.235235 0.008100 1.862933
0.729408 0.012440 0.010411 0.005677 0.000439 0.233517 0.008108 1.864142
0.730975 0.012529 0.010477 0.005735 0.000439 0.231733 0.008115 1.865372
0.732599 0.012629 0.010502 0.005782 0.000431 0.229932 0.008125 1.866591
0.734171 0.012634 0.010563 0.005816 0.000436 0.228254 0.008128 1.867881
0.735627 0.012800 0.010561 0.005829 0.000434 0.226615 0.008134 1.869095
0.737138 0.012833 0.010642 0.005883 0.000431 0.224933 0.008140 1.870392
0.738509 0.012983 0.010663 0.005911 0.000426 0.223360 0.008149 1.871639
0.739950 0.013131 0.010706 0.005923 0.000424 0.221709 0.008157 1.872879
0.741347 0.013204 0.010795 0.005946 0.000419 0.220125 0.008165 1.874173
0.742689 0.013312 0.010911 0.005967 0.000420 0.218530 0.008171 1.875475
0.743947 0.013410 0.010965 0.005970 0.000422 0.217109 0.008176 1.876780
0.745243 0.013502 0.011014 0.006011 0.000416 0.215630 0.008185 1.878108
0.746445 0.013653 0.011089 0.006053 0.000415 0.214154 0.008191 1.879431
0.747660 0.013802 0.011148 0.006069 0.000413 0.212711 0.008198 1.880765
0.748866 0.013919 0.011241 0.006084 0.000413 0.211276 0.008201 1.882111
0.750037 0.014055 0.011305 0.006112 0.000408 0.209877 0.008208 1.883412
0.751009 0.014216 0.011421 0.006141 0.000411 0.208587 0.008215 1.884801
0.752048 0.014324 0.011528 0.006247 0.000416 0.207217 0.008220 1.886224
0.753155 0.014430 0.011612 0.006312 0.000421 0.205844 0.008226 1.887636
0.754158 0.014503 0.011729 0.006349 0.000420 0.204609 0.008232 1.889095
0.755278 0.014610 0.011788 0.006405 0.000418 0.203264 0.008238 1.890499
0.756223 0.014716 0.011919 0.006453 0.000419 0.202026 0.008245 1.891982
0.757084 0.014878 0.012004 0.006518 0.000413 0.200852 0.008251 1.893438
0.757946 0.015034 0.012060 0.006558 0.000409 0.199737 0.008257 1.894879
0.758768 0.015155 0.012197 0.006577 0.000413 0.198631 0.008260 1.896386
0.759623 0.015305 0.012295 0.006659 0.000412 0.197441 0.008264 1.897890
0.760513 0.015463 0.012388 0.006718 0.000413 0.196236 0.008269 1.899368
0.761336 0.015580 0.012497 0.006795 0.000415 0.195101 0.008278 1.900920
0.762074 0.015780 0.012580 0.006871 0.000412 0.193998 0.008284 1.902450
0.762794 0.015939 0.012692 0.006932 0.000409 0.192946 0.008289 1.904005
0.763465 0.016106 0.012801 0.007019 0.000402 0.191908 0.008299 1.905570
0.764114 0.016292 0.012908 0.007043 0.000405 0.190936 0.008303 1.907149
0.764760 0.016435 0.012999 0.007114 0.000411 0.189976 0.008306 1.908752
0.765365 0.016586 0.013100 0.007158 0.000419 0.189062 0.008310 1.910347
0.765937 0.016742 0.013211 0.007254 0.000416 0.188123 0.008317 1.911986
0.766520 0.016893 0.013323 0.007332 0.000415 0.187193 0.008325 1.913615
0.766990 0.017010 0.013474 0.007387 0.000425 0.186383 0.008332 1.915318
0.767407 0.017218 0.013581 0.007432 0.000433 0.185594 0.008336 1.916998
0.767931 0.017330 0.013717 0.007496 0.000434 0.184751 0.008342 1.918699
0.768348 0.017488 0.013871 0.007550 0.000441 0.183955 0.008349 1.920440
0.768763 0.017725 0.013955 0.007591 0.000443 0.183168 0.008355 1.922114
0.769106 0.017864 0.014118 0.007688 0.000452 0.182412 0.008361 1.923907
0.769515 0.018020 0.014243 0.007738 0.000455 0.181660 0.008369 1.925647
0.769825 0.018182 0.014404 0.007803 0.000459 0.180952 0.008375 1.927420
0.770114 0.018381 0.014517 0.007842 0.000463 0.180302 0.008381 1.929213
0.770338 0.018590 0.014614 0.007914 0.000468 0.179692 0.008385 1.931012
0.770618 0.018760 0.014759 0.007955 0.000482 0.179037 0.008390 1.932828
0.770826 0.018965 0.014916 0.008010 0.000481 0.178403 0.008396 1.934665
0.771096 0.019079 0.015134 0.008104 0.000479 0.177705 0.008403 1.936540
0.771280 0.019221 0.015244 0.008143 0.000487 0.177215 0.008409 1.938413
0.771402 0.019398 0.015434 0.008194 0.000497 0.176660 0.008416 1.940322
0.771576 0.019525 0.015552 0.008276 0.000489 0.176158 0.008425 1.942270
0.771685 0.019652 0.015712 0.008372 0.000495 0.175654 0.008431 1.944231
0.771863 0.019782 0.015817 0.008412 0.000502 0.175190 0.008434 1.946100
0.771902 0.019958 0.015938 0.008491 0.000502 0.174768 0.008441 1.948048
0.771925 0.020177 0.016012 0.008517 0.000503 0.174418 0.008447 1.949949
0.771935 0.020320 0.016180 0.008507 0.000501 0.174103 0.008454 1.951908
0.771918 0.020515 0.016284 0.008567 0.000500 0.173755 0.008460 1.953906
0.771868 0.020629 0.016467 0.008662 0.000496 0.173410 0.008468 1.955987
0.771833 0.020775 0.016607 0.008759 0.000501 0.173050 0.008474 1.958020
0.771841 0.020937 0.016673 0.008809 0.000502 0.172758 0.008481 1.960043
0.771830 0.021036 0.016822 0.008831 0.000514 0.172483 0.008485 1.962102
0.771802 0.021185 0.016940 0.008861 0.000511 0.172206 0.008494 1.964120
0.771758 0.021305 0.017077 0.008946 0.000513 0.171900 0.008501 1.966201
0.771686 0.021424 0.017181 0.009036 0.000519 0.171649 0.008506 1.968302
0.771616 0.021539 0.017354 0.009086 0.000527 0.171365 0.008514 1.970430
0.771551 0.021689 0.017501 0.009150 0.000531 0.171057 0.008522 1.972546
0.771419 0.021833 0.017599 0.009232 0.000540 0.170849 0.008528 1.974626
0.771291 0.021863 0.017743 0.009354 0.000536 0.170677 0.008537 1.976831
0.771123 0.022015 0.017897 0.009447 0.000539 0.170437 0.008543 1.978972
0.770961 0.022088 0.018083 0.009570 0.000539 0.170209 0.008552 1.981201
0.770774 0.022217 0.018143 0.009663 0.000552 0.170093 0.008559 1.983361
0.770583 0.022388 0.018291 0.009674 0.000555 0.169943 0.008566 1.985515
0.770306 0.022573 0.018392 0.009759 0.000559 0.169833 0.008577 1.987690
0.770161 0.022659 0.018460 0.009835 0.000570 0.169735 0.008582 1.989899
0.770005 0.022724 0.018565 0.009902 0.000568 0.169651 0.008587 1.992138
0.769760 0.022907 0.018640 0.009991 0.000565 0.169540 0.008598 1.994340
0.769542 0.022985 0.018739 0.010032 0.000576 0.169517 0.008609 1.996582
0.769317 0.023125 0.018836 0.010102 0.000582 0.169424 0.008615 1.998816
0.769136 0.023137 0.018950 0.010199 0.000584 0.169372 0.008623 2.001137
0.768916 0.023253 0.019083 0.010258 0.000587 0.169273 0.008629 2.003413
0.768659 0.023307 0.019188 0.010335 0.000588 0.169283 0.008641 2.005702
0.768373 0.023420 0.019273 0.010368 0.000579 0.169336 0.008652 2.007992
0.768084 0.023510 0.019413 0.010418 0.000576 0.169340 0.008659 2.010302
0.767664 0.023701 0.019513 0.010453 0.000582 0.169421 0.008667 2.012618
0.767309 0.023780 0.019666 0.010533 0.000590 0.169446 0.008677 2.014993
0.767003 0.023908 0.019743 0.010585 0.000596 0.169480 0.008685 2.017286
0.766645 0.024075 0.019825 0.010605 0.000610 0.169549 0.008691 2.019607
0.766329 0.024065 0.019970 0.010691 0.000619 0.169628 0.008698 2.022027
0.766012 0.024126 0.020151 0.010729 0.000629 0.169651 0.008703 2.024415
0.765675 0.024279 0.020214 0.010759 0.000631 0.169733 0.008711 2.026736
0.765387 0.024359 0.020292 0.010810 0.000634 0.169801 0.008717 2.029107
0.764962 0.024469 0.020421 0.010853 0.000634 0.169932 0.008729 2.031494
0.764569 0.024587 0.020570 0.010966 0.000629 0.169941 0.008738 2.033900
0.764167 0.024623 0.020706 0.011024 0.000637 0.170098 0.008747 2.036383
0.763840 0.024701 0.020791 0.011082 0.000643 0.170186 0.008756 2.038822
0.763455 0.024852 0.020890 0.011125 0.000649 0.170268 0.008762 2.041219
0.763129 0.024890 0.020954 0.011197 0.000642 0.170415 0.008773 2.043642
0.762741 0.024883 0.021066 0.011235 0.000645 0.170653 0.008778 2.046126
0.762288 0.025017 0.021131 0.011291 0.000649 0.170840 0.008785 2.048540
0.761892 0.025145 0.021179 0.011313 0.000658 0.171021 0.008792 2.050940
0.761516 0.025268 0.021265 0.011362 0.000669 0.171125 0.008797 2.053377
0.761103 0.025335 0.021362 0.011431 0.000677 0.171289 0.008803 2.055874
0.760715 0.025446 0.021434 0.011447 0.000677 0.171470 0.008811 2.058324
0.760329 0.025534 0.021456 0.011519 0.000681 0.171663 0.008819 2.060764
0.759922 0.025595 0.021557 0.011554 0.000685 0.171861 0.008826 2.063252
0.759488 0.025689 0.021577 0.011629 0.000688 0.172095 0.008833 2.065736
0.759124 0.025710 0.021599 0.011722 0.000677 0.172320 0.008849 2.068260
0.758650 0.025685 0.021728 0.011781 0.000679 0.172619 0.008859 2.070826
0.758225 0.025736 0.021769 0.011812 0.000692 0.172901 0.008867 2.073295
0.757896 0.025698 0.021852 0.011862 0.000690 0.173126 0.008876 2.075860
0.757511 0.025746 0.021922 0.011843 0.000700 0.173392 0.008886 2.078367
0.757166 0.025706 0.022088 0.011859 0.000695 0.173590 0.008896 2.080925
0.756859 0.025723 0.022166 0.011891 0.000690 0.173761 0.008910 2.083452
0.756509 0.025676 0.022271 0.011965 0.000696 0.173963 0.008919 2.086047
0.756105 0.025794 0.022303 0.011967 0.000692 0.174211 0.008927 2.088496
0.755690 0.025813 0.022362 0.011980 0.000696 0.174523 0.008937 2.091069
0.755325 0.025857 0.022368 0.011988 0.000694 0.174821 0.008947 2.093568
0.754978 0.025825 0.022448 0.012075 0.000703 0.175014 0.008958 2.096161
0.754664 0.025875 0.022537 0.012047 0.000713 0.175198 0.008967 2.098715
0.754316 0.025921 0.022552 0.012061 0.000719 0.175453 0.008978 2.101208
0.754006 0.025881 0.022659 0.012085 0.000721 0.175659 0.008989 2.103793
0.753637 0.025875 0.022668 0.012134 0.000725 0.175963 0.008999 2.106367
0.753416 0.025835 0.022669 0.012174 0.000734 0.176164 0.009007 2.108874
0.753072 0.025830 0.022715 0.012198 0.000742 0.176422 0.009022 2.111416
0.752677 0.025836 0.022786 0.012216 0.000733 0.176714 0.009038 2.113957
0.752452 0.025760 0.022838 0.012217 0.000743 0.176943 0.009049 2.116515
0.752101 0.025844 0.022777 0.012225 0.000738 0.177253 0.009062 2.119003
0.751749 0.025866 0.022785 0.012224 0.000739 0.177564 0.009073 2.121522
0.751460 0.025754 0.022799 0.012256 0.000754 0.177897 0.009081 2.124111
0.751233 0.025692 0.022771 0.012269 0.000752 0.178197 0.009086 2.126611
0.751068 0.025621 0.022777 0.012240 0.000754 0.178444 0.009097 2.129119
0.750806 0.025545 0.022745 0.012227 0.000760 0.178815 0.009102 2.131641
0.750505 0.025511 0.022737 0.012208 0.000762 0.179167 0.009111 2.134164
0.750207 0.025420 0.022769 0.012235 0.000764 0.179487 0.009119 2.136766
0.749973 0.025342 0.022821 0.012247 0.000763 0.179725 0.009130 2.139292
0.749726 0.025351 0.022818 0.012266 0.000770 0.179928 0.009141 2.141792
0.749458 0.025336 0.022762 0.012231 0.000774 0.180293 0.009147 2.144278
0.749311 0.025317 0.022735 0.012208 0.000776 0.180497 0.009156 2.146709
0.749225 0.025265 0.022691 0.012189 0.000785 0.180685 0.009162 2.149184
0.748995 0.025207 0.022759 0.012153 0.000782 0.180927 0.009176 2.151729
0.748851 0.025213 0.022743 0.012136 0.000784 0.181089 0.009183 2.154183
0.748663 0.025151 0.022739 0.012153 0.000792 0.181310 0.009192 2.156691
0.748534 0.025077 0.022741 0.012122 0.000793 0.181529 0.009204 2.159193
0.748313 0.025105 0.022698 0.012096 0.000797 0.181773 0.009219 2.161646
0.748112 0.025093 0.022663 0.012066 0.000810 0.182029 0.009226 2.164084
0.747924 0.025079 0.022643 0.012084 0.000800 0.182234 0.009235 2.166557
0.747859 0.025029 0.022593 0.012102 0.000797 0.182370 0.009250 2.169020
0.747700 0.025041 0.022569 0.012066 0.000801 0.182566 0.009257 2.171447
0.747538 0.025042 0.022555 0.012059 0.000801 0.182735 0.009268 2.173903
0.747472 0.024966 0.022551 0.012049 0.000811 0.182879 0.009273 2.176338
0.747376 0.024834 0.022606 0.012069 0.000810 0.183022 0.009282 2.178865
0.747283 0.024829 0.022554 0.012011 0.000809 0.183219 0.009294 2.181248
0.747232 0.024735 0.022511 0.011981 0.000804 0.183432 0.009305 2.183695
0.747238 0.024590 0.022482 0.011998 0.000813 0.183561 0.009316 2.186153
0.747179 0.024531 0.022424 0.012015 0.000810 0.183717 0.009324 2.188582
0.747176 0.024445 0.022463 0.011963 0.000810 0.183809 0.009334 2.190989
0.747061 0.024436 0.022407 0.011940 0.000806 0.184004 0.009345 2.193380
0.746941 0.024322 0.022452 0.011935 0.000803 0.184193 0.009353 2.195841
0.746966 0.024268 0.022370 0.011921 0.000798 0.184312 0.009366 2.198199
0.747009 0.024165 0.022366 0.011881 0.000806 0.184399 0.009374 2.200581
0.746999 0.024124 0.022288 0.011821 0.000814 0.184570 0.009384 2.202895
0.746931 0.024102 0.022235 0.011790 0.000818 0.184725 0.009398 2.205235
0.746957 0.024021 0.022246 0.011776 0.000814 0.184779 0.009407 2.207587
0.747040 0.023908 0.022171 0.011794 0.000818 0.184851 0.009417 2.209933
0.747079 0.023759 0.022178 0.011806 0.000814 0.184937 0.009428 2.212355
0.747064 0.023667 0.022091 0.011806 0.000816 0.185119 0.009436 2.214746
0.747148 0.023645 0.022060 0.011690 0.000821 0.185189 0.009446 2.217042
0.747255 0.023535 0.022033 0.011659 0.000818 0.185244 0.009455 2.219401
0.747364 0.023500 0.021934 0.011610 0.000818 0.185310 0.009464 2.221685
0.747395 0.023507 0.021842 0.011604 0.000819 0.185363 0.009471 2.223971
0.747420 0.023491 0.021780 0.011536 0.000826 0.185465 0.009482 2.226260
0.747549 0.023458 0.021682 0.011499 0.000817 0.185499 0.009497 2.228523
0.747654 0.023407 0.021625 0.011485 0.000816 0.185508 0.009507 2.230826
0.747747 0.023420 0.021545 0.011460 0.000813 0.185496 0.009521 2.233106
0.747847 0.023371 0.021593 0.011418 0.000806 0.185434 0.009530 2.235441
0.747925 0.023249 0.021567 0.011399 0.000806 0.185515 0.009539 2.237778
0.748040 0.023183 0.021566 0.011352 0.000801 0.185509 0.009550 2.240093
0.748133 0.023118 0.021503 0.011344 0.000807 0.185537 0.009560 2.242373
0.748232 0.023126 0.021406 0.011311 0.000810 0.185545 0.009569 2.244623
0.748331 0.023097 0.021328 0.011243 0.000818 0.185606 0.009578 2.246916
0.748321 0.023095 0.021254 0.011243 0.000812 0.185686 0.009590 2.249162
0.748447 0.023046 0.021225 0.011216 0.000811 0.185652 0.009604 2.251422
0.748489 0.022963 0.021190 0.011227 0.000802 0.185714 0.009616 2.253740
0.748558 0.022918 0.021162 0.011229 0.000801 0.185707 0.009626 2.256007
0.748703 0.022818 0.021061 0.011212 0.000791 0.185779 0.009637 2.258252
0.748840 0.022812 0.021042 0.011156 0.000794 0.185711 0.009646 2.260473
0.748962 0.022676 0.021080 0.011120 0.000791 0.185715 0.009657 2.262803
0.749103 0.022700 0.020967 0.011049 0.000784 0.185726 0.009671 2.265001
0.749258 0.022625 0.020958 0.011023 0.000788 0.185670 0.009679 2.267249
0.749415 0.022521 0.020911 0.011022 0.000789 0.185656 0.009687 2.269503
0.749626 0.022449 0.020874 0.010968 0.000804 0.185583 0.009696 2.271721
0.749797 0.022344 0.020843 0.010955 0.000801 0.185551 0.009709 2.273955
0.749950 0.022348 0.020740 0.010909 0.000791 0.185543 0.009719 2.276094
0.750146 0.022283 0.020689 0.010923 0.000788 0.185443 0.009729 2.278289
0.750361 0.022233 0.020604 0.010868 0.000790 0.185405 0.009739 2.280458
0.750592 0.022179 0.020564 0.010847 0.000784 0.185288 0.009747 2.282633
0.750896 0.022105 0.020573 0.010797 0.000783 0.185089 0.009758 2.284806
0.751096 0.022143 0.020461 0.010798 0.000773 0.184960 0.009770 2.286912
0.751305 0.022018 0.020411 0.010780 0.000771 0.184934 0.009781 2.289110
0.751465 0.022005 0.020376 0.010753 0.000771 0.184839 0.009791 2.291288
0.751732 0.021994 0.020300 0.010737 0.000763 0.184671 0.009803 2.293413
0.751844 0.022022 0.020273 0.010696 0.000758 0.184596 0.009811 2.295565
0.752034 0.022010 0.020196 0.010669 0.000759 0.184509 0.009823 2.297718
0.752350 0.021914 0.020158 0.010639 0.000751 0.184357 0.009831 2.299864
0.752567 0.021870 0.020129 0.010595 0.000749 0.184250 0.009840 2.302003
0.752865 0.021785 0.020135 0.010628 0.000749 0.183986 0.009852 2.304171
0.752990 0.021797 0.020121 0.010602 0.000758 0.183872 0.009861 2.306310
0.753224 0.021723 0.020118 0.010553 0.000750 0.183763 0.009872 2.308463
0.753392 0.021699 0.020091 0.010532 0.000755 0.183651 0.009880 2.310600
0.753534 0.021727 0.020055 0.010497 0.000742 0.183554 0.009892 2.312718
0.753696 0.021708 0.020072 0.010497 0.000746 0.183380 0.009902 2.314897
0.753943 0.021593 0.019982 0.010495 0.000735 0.183337 0.009917 2.317057
0.754249 0.021528 0.019950 0.010482 0.000737 0.183133 0.009922 2.319205
0.754453 0.021590 0.019835 0.010481 0.000742 0.182969 0.009929 2.321258
0.754707 0.021545 0.019873 0.010461 0.000745 0.182732 0.009937 2.323394
0.754896 0.021516 0.019845 0.010431 0.000739 0.182629 0.009946 2.325505
0.755094 0.021507 0.019762 0.010382 0.000737 0.182562 0.009957 2.327583
0.755313 0.021480 0.019779 0.010358 0.000731 0.182373 0.009966 2.329721
0.755535 0.021387 0.019794 0.010372 0.000735 0.182205 0.009972 2.331896
0.755696 0.021383 0.019782 0.010415 0.000737 0.182007 0.009981 2.334043
0.755844 0.021398 0.019750 0.010360 0.000742 0.181917 0.009989 2.336135
0.756042 0.021385 0.019709 0.010361 0.000740 0.181768 0.009995 2.338224
0.756197 0.021458 0.019638 0.010410 0.000743 0.181552 0.010004 2.340275
0.756388 0.021366 0.019578 0.010431 0.000741 0.181480 0.010017 2.342396
0.756563 0.021388 0.019463 0.010439 0.000738 0.181384 0.010026 2.344458
0.756705 0.021339 0.019452 0.010436 0.000740 0.181293 0.010036 2.346592
0.756815 0.021327 0.019407 0.010452 0.000739 0.181216 0.010044 2.348685
0.756925 0.021321 0.019384 0.010419 0.000739 0.181162 0.010052 2.350757
0.757097 0.021351 0.019341 0.010410 0.000738 0.181001 0.010062 2.352841
0.757284 0.021356 0.019356 0.010349 0.000741 0.180844 0.010071 2.354930
0.757510 0.021417 0.019284 0.010317 0.000734 0.180655 0.010084 2.356948
0.757742 0.021372 0.019219 0.010352 0.000720 0.180499 0.010098 2.359068
0.757846 0.021444 0.019273 0.010306 0.000725 0.180299 0.010108 2.361183
0.757990 0.021519 0.019228 0.010253 0.000723 0.180172 0.010115 2.363233
0.758105 0.021547 0.019181 0.010268 0.000715 0.180060 0.010123 2.365337
0.758279 0.021520 0.019173 0.010294 0.000719 0.179884 0.010132 2.367459
0.758502 0.021443 0.019275 0.010262 0.000724 0.179655 0.010140 2.369606
0.758671 0.021440 0.019287 0.010289 0.000723 0.179442 0.010149 2.371708
0.758791 0.021385 0.019300 0.010344 0.000721 0.179300 0.010159 2.373846
0.758951 0.021340 0.019345 0.010346 0.000716 0.179133 0.010170 2.375985
0.759126 0.021277 0.019381 0.010339 0.000710 0.178984 0.010182 2.378119
0.759152 0.021353 0.019315 0.010352 0.000713 0.178921 0.010195 2.380207
0.759286 0.021401 0.019184 0.010361 0.000715 0.178852 0.010202 2.382271
0.759382 0.021485 0.019173 0.010344 0.000714 0.178691 0.010212 2.384327
0.759467 0.021437 0.019247 0.010283 0.000712 0.178633 0.010220 2.386465
0.759588 0.021433 0.019235 0.010279 0.000717 0.178521 0.010228 2.388576
0.759761 0.021461 0.019217 0.010283 0.000712 0.178329 0.010238 2.390693
0.759938 0.021472 0.019251 0.010295 0.000707 0.178087 0.010251 2.392821
0.760062 0.021357 0.019260 0.010318 0.000702 0.178039 0.010262 2.394982
0.760166 0.021353 0.019241 0.010274 0.000704 0.177992 0.010271 2.397093
0.760238 0.021358 0.019344 0.010285 0.000707 0.177790 0.010279 2.399237
0.760404 0.021408 0.019342 0.010271 0.000708 0.177581 0.010287 2.401269
0.760496 0.021395 0.019355 0.010291 0.000703 0.177462 0.010299 2.403410
0.760633 0.021389 0.019348 0.010293 0.000710 0.177318 0.010309 2.405531
0.760883 0.021337 0.019356 0.010298 0.000710 0.177097 0.010319 2.407635
0.761090 0.021252 0.019366 0.010291 0.000714 0.176960 0.010327 2.409727
0.761258 0.021288 0.019354 0.010247 0.000724 0.176799 0.010332 2.411800
0.761469 0.021187 0.019387 0.010236 0.000718 0.176658 0.010343 2.413963
0.761520 0.021268 0.019377 0.010176 0.000726 0.176584 0.010349 2.416006
0.761673 0.021244 0.019333 0.010156 0.000724 0.176515 0.010356 2.418093
0.761823 0.021161 0.019392 0.010196 0.000719 0.176343 0.010367 2.420230
0.761942 0.021198 0.019392 0.010209 0.000713 0.176172 0.010373 2.422317
0.762039 0.021258 0.019343 0.010176 0.000716 0.176087 0.010381 2.424386
0.762129 0.021290 0.019277 0.010189 0.000706 0.176015 0.010394 2.426461
0.762256 0.021197 0.019268 0.010196 0.000711 0.175973 0.010401 2.428611
0.762398 0.021254 0.019201 0.010172 0.000707 0.175859 0.010409 2.430646
0.762595 0.021185 0.019172 0.010238 0.000698 0.175698 0.010415 2.432765
0.762698 0.021197 0.019131 0.010230 0.000696 0.175621 0.010426 2.434839
0.762791 0.021209 0.019155 0.010266 0.000699 0.175447 0.010434 2.436909
0.762859 0.021260 0.019109 0.010245 0.000691 0.175392 0.010445 2.438968
0.763001 0.021239 0.019140 0.010276 0.000687 0.175202 0.010455 2.441073
0.763129 0.021202 0.019148 0.010262 0.000691 0.175101 0.010467 2.443173
0.763256 0.021272 0.019112 0.010237 0.000692 0.174959 0.010474 2.445213
0.763435 0.021199 0.019180 0.010228 0.000689 0.174785 0.010485 2.447327
0.763536 0.021191 0.019087 0.010294 0.000680 0.174717 0.010496 2.449412
0.763708 0.021146 0.019012 0.010284 0.000682 0.174664 0.010504 2.451502
0.763769 0.021111 0.019100 0.010267 0.000685 0.174560 0.010510 2.453617
0.763850 0.021121 0.019134 0.010260 0.000694 0.174419 0.010521 2.455728
0.763926 0.021158 0.019080 0.010237 0.000693 0.174375 0.010531 2.457801
0.764064 0.021139 0.019044 0.010249 0.000686 0.174278 0.010541 2.459879
0.764110 0.021222 0.019029 0.010253 0.000686 0.174151 0.010549 2.461922
0.764134 0.021249 0.019023 0.010230 0.000689 0.174117 0.010560 2.464007
0.764227 0.021248 0.019050 0.010249 0.000686 0.173974 0.010569 2.466104
0.764303 0.021291 0.019050 0.010270 0.000682 0.173830 0.010575 2.468185
0.764326 0.021384 0.019000 0.010273 0.000666 0.173764 0.010587 2.470253
0.764370 0.021400 0.019042 0.010284 0.000673 0.173635 0.010597 2.472381
0.764428 0.021453 0.018980 0.010321 0.000663 0.173550 0.010606 2.474463
0.764440 0.021545 0.018909 0.010288 0.000670 0.173533 0.010615 2.476522
0.764443 0.021580 0.018938 0.010278 0.000674 0.173465 0.010623 2.478655
0.764411 0.021629 0.018953 0.010279 0.000670 0.173429 0.010631 2.480772
0.764462 0.021560 0.018993 0.010330 0.000671 0.173343 0.010641 2.482959
0.764483 0.021577 0.019027 0.010332 0.000671 0.173260 0.010650 2.485093
0.764559 0.021578 0.019027 0.010300 0.000667 0.173208 0.010662 2.487195
0.764607 0.021562 0.019043 0.010319 0.000669 0.173131 0.010669 2.489355
0.764642 0.021546 0.019071 0.010291 0.000677 0.173098 0.010676 2.491474
0.764629 0.021486 0.019063 0.010309 0.000675 0.173152 0.010686 2.493634
0.764718 0.021492 0.019045 0.010314 0.000679 0.173056 0.010697 2.495722
0.764668 0.021583 0.019092 0.010302 0.000690 0.172962 0.010703 2.497828
0.764710 0.021608 0.019142 0.010264 0.000681 0.172881 0.010714 2.499911
0.764815 0.021582 0.019126 0.010258 0.000681 0.172813 0.010725 2.502008
0.764833 0.021675 0.019090 0.010200 0.000677 0.172792 0.010734 2.504051
0.764864 0.021668 0.019091 0.010215 0.000690 0.172732 0.010740 2.506164
0.764871 0.021714 0.019041 0.010212 0.000691 0.172722 0.010749 2.508269
0.764860 0.021804 0.019081 0.010203 0.000686 0.172608 0.010758 2.510372
0.764817 0.021841 0.019151 0.010160 0.000678 0.172582 0.010772 2.512516
0.764878 0.021906 0.019115 0.010176 0.000675 0.172469 0.010780 2.514599
0.764960 0.021839 0.019158 0.010177 0.000668 0.172406 0.010793 2.516790
0.764928 0.021844 0.019186 0.010228 0.000667 0.172345 0.010802 2.518973
0.764888 0.021888 0.019166 0.010218 0.000665 0.172364 0.010810 2.521080
0.764892 0.021869 0.019165 0.010230 0.000684 0.172345 0.010816 2.523235
0.765021 0.021845 0.019091 0.010236 0.000686 0.172295 0.010827 2.525358
0.764995 0.021899 0.019038 0.010255 0.000690 0.172282 0.010841 2.527484
0.765039 0.021932 0.019064 0.010244 0.000692 0.172180 0.010849 2.529600
0.765065 0.021856 0.019166 0.010281 0.000694 0.172078 0.010861 2.531820
0.765099 0.021851 0.019247 0.010305 0.000687 0.171946 0.010868 2.533970
0.765033 0.021893 0.019266 0.010322 0.000689 0.171924 0.010874 2.536084
0.765003 0.021953 0.019243 0.010340 0.000692 0.171887 0.010882 2.538201
0.764998 0.021907 0.019313 0.010333 0.000694 0.171864 0.010893 2.540375
0.765060 0.021951 0.019330 0.010340 0.000689 0.171724 0.010905 2.542456
0.765051 0.021932 0.019307 0.010332 0.000692 0.171772 0.010914 2.544609
0.765014 0.022016 0.019290 0.010341 0.000696 0.171719 0.010924 2.546725
0.764993 0.022049 0.019290 0.010363 0.000691 0.171679 0.010933 2.548853
0.764992 0.022028 0.019361 0.010318 0.000697 0.171660 0.010944 2.550998
0.764894 0.022072 0.019360 0.010309 0.000694 0.171717 0.010954 2.553137
0.764907 0.022075 0.019397 0.010297 0.000693 0.171668 0.010965 2.555306
0.764874 0.022090 0.019399 0.010266 0.000696 0.171700 0.010975 2.557459
0.764838 0.022107 0.019436 0.010287 0.000691 0.171656 0.010985 2.559607
0.764793 0.022139 0.019463 0.010271 0.000704 0.171639 0.010991 2.561756
0.764768 0.022172 0.019482 0.010313 0.000701 0.171567 0.010999 2.563934
0.764700 0.022155 0.019527 0.010313 0.000690 0.171610 0.011005 2.566104
0.764625 0.022137 0.019565 0.010361 0.000690 0.171606 0.011016 2.568303
0.764598 0.022105 0.019637 0.010396 0.000687 0.171551 0.011026 2.570482
0.764595 0.022134 0.019697 0.010413 0.000691 0.171439 0.011031 2.572634
0.764562 0.022154 0.019719 0.010463 0.000690 0.171372 0.011039 2.574826
0.764513 0.022137 0.019711 0.010527 0.000689 0.171376 0.011048 2.577021
0.764510 0.022181 0.019721 0.010509 0.000695 0.171330 0.011055 2.579159
0.764448 0.022221 0.019734 0.010519 0.000699 0.171316 0.011063 2.581338
0.764389 0.022215 0.019735 0.010559 0.000689 0.171339 0.011074 2.583546
0.764389 0.022230 0.019676 0.010579 0.000690 0.171352 0.011085 2.585710
0.764289 0.022193 0.019738 0.010579 0.000694 0.171412 0.011095 2.587943
0.764231 0.022140 0.019778 0.010599 0.000693 0.171454 0.011107 2.590166
0.764136 0.022176 0.019756 0.010583 0.000696 0.171539 0.011114 2.592314
0.764008 0.022214 0.019779 0.010592 0.000692 0.171593 0.011123 2.594536
0.763954 0.022185 0.019867 0.010587 0.000695 0.171581 0.011130 2.596756
0.763901 0.022229 0.019912 0.010549 0.000699 0.171571 0.011138 2.598961
0.763908 0.022157 0.019983 0.010589 0.000684 0.171527 0.011152 2.601191
0.763834 0.022130 0.020040 0.010596 0.000688 0.171554 0.011158 2.603415
0.763732 0.022154 0.020036 0.010587 0.000688 0.171640 0.011164 2.605596
0.763663 0.022147 0.020045 0.010603 0.000690 0.171683 0.011170 2.607818
0.763593 0.022166 0.020046 0.010578 0.000693 0.171745 0.011180 2.609988
0.763506 0.022206 0.019983 0.010612 0.000708 0.171797 0.011188 2.612196
0.763446 0.022237 0.019950 0.010671 0.000710 0.171786 0.011200 2.614389
0.763237 0.022350 0.019958 0.010633 0.000710 0.171900 0.011213 2.616559
0.763189 0.022361 0.019902 0.010623 0.000714 0.171991 0.011220 2.618701
0.763008 0.022453 0.019881 0.010600 0.000706 0.172123 0.011229 2.620887
0.762893 0.022500 0.019866 0.010644 0.000702 0.172160 0.011234 2.623105
0.762845 0.022528 0.019825 0.010656 0.000707 0.172197 0.011242 2.625288
0.762861 0.022447 0.019904 0.010670 0.000697 0.172167 0.011255 2.627527
0.762866 0.022409 0.019885 0.010703 0.000703 0.172172 0.011262 2.629723
0.762805 0.022431 0.019912 0.010662 0.000706 0.172213 0.011272 2.631930
0.762741 0.022373 0.019996 0.010677 0.000705 0.172226 0.011282 2.634194
0.762714 0.022401 0.019991 0.010703 0.000695 0.172202 0.011293 2.636385
0.762619 0.022435 0.019965 0.010699 0.000686 0.172291 0.011305 2.638567
0.762581 0.022431 0.019998 0.010707 0.000684 0.172285 0.011314 2.640815
0.762552 0.022419 0.020010 0.010698 0.000698 0.172300 0.011322 2.643006
0.762462 0.022400 0.020019 0.010725 0.000694 0.172369 0.011333 2.645243
0.762448 0.022449 0.020018 0.010687 0.000690 0.172362 0.011344 2.647413
0.762367 0.022476 0.020094 0.010674 0.000691 0.172349 0.011350 2.649664
0.762235 0.022484 0.020083 0.010706 0.000691 0.172444 0.011357 2.651879
0.762174 0.022470 0.020128 0.010691 0.000687 0.172484 0.011367 2.654090
0.762165 0.022460 0.020079 0.010705 0.000691 0.172524 0.011376 2.656288
0.762071 0.022502 0.020055 0.010699 0.000691 0.172599 0.011383 2.658487
0.761989 0.022503 0.020040 0.010733 0.000695 0.172647 0.011393 2.660683
0.761985 0.022466 0.019971 0.010723 0.000696 0.172759 0.011400 2.662881
0.761949 0.022482 0.020011 0.010763 0.000699 0.172685 0.011410 2.665077
0.761984 0.022435 0.020061 0.010756 0.000699 0.172647 0.011419 2.667309
0.761898 0.022481 0.020069 0.010752 0.000692 0.172682 0.011426 2.669520
0.761799 0.022487 0.020143 0.010739 0.000694 0.172700 0.011437 2.671762
0.761766 0.022469 0.020084 0.010742 0.000691 0.172803 0.011446 2.673951
0.761704 0.022458 0.020132 0.010736 0.000691 0.172824 0.011455 2.676179
0.761660 0.022484 0.020170 0.010702 0.000693 0.172826 0.011465 2.678354
0.761631 0.022422 0.020175 0.010728 0.000686 0.172887 0.011472 2.680557
0.761550 0.022447 0.020177 0.010716 0.000688 0.172942 0.011480 2.682771
0.761543 0.022446 0.020168 0.010708 0.000694 0.172952 0.011489 2.684987
0.761492 0.022426 0.020128 0.010709 0.000700 0.173046 0.011498 2.687230
0.761492 0.022427 0.020157 0.010682 0.000696 0.173037 0.011508 2.689431
0.761479 0.022422 0.020116 0.010684 0.000691 0.173089 0.011519 2.691627
0.761556 0.022406 0.020095 0.010681 0.000691 0.173040 0.011531 2.693812
0.761371 0.022406 0.020096 0.010697 0.000691 0.173197 0.011541 2.696047
0.761247 0.022420 0.020124 0.010701 0.000692 0.173266 0.011549 2.698240
0.761201 0.022477 0.020154 0.010659 0.000692 0.173257 0.011560 2.700397
0.761135 0.022465 0.020197 0.010678 0.000685 0.173268 0.011570 2.702589
0.761141 0.022555 0.020185 0.010654 0.000691 0.173191 0.011583 2.704748
0.761107 0.022535 0.020215 0.010684 0.000698 0.173171 0.011589 2.706962
0.761063 0.022420 0.020175 0.010712 0.000703 0.173330 0.011596 2.709235
0.761047 0.022354 0.020156 0.010739 0.000701 0.173399 0.011606 2.711451
0.761046 0.022314 0.020181 0.010687 0.000706 0.173449 0.011616 2.713625
0.761048 0.022284 0.020172 0.010639 0.000703 0.173530 0.011623 2.715788
0.760985 0.022261 0.020195 0.010681 0.000709 0.173539 0.011630 2.718031
0.760984 0.022268 0.020202 0.010675 0.000710 0.173519 0.011642 2.720226
0.760959 0.022251 0.020235 0.010666 0.000704 0.173534 0.011652 2.722451
0.761012 0.022195 0.020212 0.010693 0.000695 0.173535 0.011659 2.724644
0.761061 0.022162 0.020175 0.010702 0.000693 0.173541 0.011667 2.726830
0.761081 0.022136 0.020135 0.010707 0.000690 0.173575 0.011676 2.729020
0.761114 0.022075 0.020071 0.010709 0.000686 0.173659 0.011687 2.731214
0.761025 0.022071 0.020088 0.010716 0.000681 0.173724 0.011696 2.733408
0.761011 0.022131 0.020075 0.010693 0.000679 0.173706 0.011704 2.735559
0.760981 0.022184 0.020018 0.010645 0.000684 0.173777 0.011712 2.737677
0.761032 0.022212 0.020005 0.010645 0.000681 0.173706 0.011720 2.739864
0.760953 0.022280 0.019990 0.010639 0.000680 0.173730 0.011728 2.742008
0.760905 0.022373 0.019971 0.010608 0.000682 0.173722 0.011738 2.744159
0.760878 0.022404 0.019947 0.010577 0.000679 0.173763 0.011753 2.746306
0.760898 0.022383 0.019955 0.010602 0.000678 0.173721 0.011764 2.748500
0.760994 0.022265 0.020007 0.010656 0.000669 0.173635 0.011774 2.750747
0.761028 0.022241 0.020032 0.010617 0.000675 0.173625 0.011782 2.752956
0.761039 0.022380 0.019970 0.010594 0.000678 0.173550 0.011790 2.755041
0.761007 0.022334 0.019988 0.010577 0.000679 0.173617 0.011798 2.757278
0.760993 0.022284 0.020021 0.010570 0.000685 0.173642 0.011805 2.759491
0.761015 0.022287 0.020048 0.010578 0.000689 0.173571 0.011811 2.761684
0.760998 0.022281 0.020061 0.010588 0.000683 0.173569 0.011820 2.763885
0.761007 0.022244 0.020007 0.010575 0.000681 0.173660 0.011828 2.766068
0.760995 0.022265 0.019987 0.010554 0.000690 0.173675 0.011834 2.768223
0.761035 0.022214 0.019934 0.010575 0.000693 0.173708 0.011841 2.770426
0.761041 0.022183 0.019914 0.010566 0.000689 0.173759 0.011848 2.772591
0.761012 0.022158 0.019938 0.010581 0.000695 0.173762 0.011853 2.774805
0.761030 0.022114 0.019954 0.010547 0.000695 0.173798 0.011862 2.776996
0.761051 0.022049 0.019940 0.010591 0.000687 0.173804 0.011877 2.779184
0.761091 0.022026 0.019916 0.010591 0.000683 0.173806 0.011888 2.781351
0.761164 0.021979 0.019959 0.010572 0.000680 0.173747 0.011900 2.783532
0.761163 0.021938 0.020021 0.010565 0.000676 0.173728 0.011908 2.785746
0.761230 0.021867 0.020032 0.010559 0.000681 0.173718 0.011913 2.787949
0.761245 0.021891 0.019981 0.010556 0.000685 0.173723 0.011920 2.790073
0.761240 0.021891 0.019994 0.010535 0.000694 0.173720 0.011927 2.792244
0.761240 0.021868 0.019994 0.010530 0.000690 0.173745 0.011934 2.794427
0.761334 0.021792 0.019982 0.010532 0.000680 0.173738 0.011943 2.796565
0.761378 0.021834 0.019896 0.010529 0.000680 0.173733 0.011950 2.798667
