0.330891 0.063444 0.057031 0.032808 0.002201 0.507371 0.006253 1.660256
0.332967 0.061550 0.056970 0.032765 0.002191 0.507279 0.006278 1.666528
0.335626 0.059363 0.056612 0.032576 0.002174 0.507339 0.006309 1.672406
0.338510 0.057020 0.056262 0.032308 0.002168 0.507405 0.006329 1.678155
0.341740 0.054770 0.055683 0.031950 0.002167 0.507334 0.006356 1.683588
0.345154 0.052480 0.055208 0.031511 0.002167 0.507095 0.006385 1.688825
0.348652 0.050244 0.054498 0.031064 0.002151 0.506977 0.006413 1.693848
0.352263 0.048041 0.053813 0.030506 0.002149 0.506786 0.006441 1.698697
0.355989 0.045973 0.053013 0.029939 0.002138 0.506482 0.006466 1.703304
0.359893 0.043981 0.052174 0.029408 0.002132 0.505923 0.006489 1.707753
0.363898 0.042104 0.051190 0.028893 0.002130 0.505271 0.006513 1.712027
0.367845 0.040371 0.050223 0.028258 0.002111 0.504653 0.006540 1.716068
0.371968 0.038711 0.049117 0.027650 0.002106 0.503887 0.006562 1.719941
0.376066 0.037134 0.048137 0.027025 0.002091 0.502958 0.006588 1.723684
0.380271 0.035741 0.046955 0.026335 0.002079 0.502005 0.006614 1.727208
0.384535 0.034268 0.045947 0.025661 0.002065 0.500886 0.006639 1.730672
0.388808 0.032989 0.044805 0.025027 0.002054 0.499652 0.006665 1.733933
0.393126 0.031700 0.043631 0.024424 0.002038 0.498390 0.006692 1.737165
0.397528 0.030517 0.042528 0.023780 0.002037 0.496895 0.006715 1.740201
0.401983 0.029414 0.041413 0.023188 0.002011 0.495254 0.006736 1.743147
0.406315 0.028332 0.040415 0.022557 0.002004 0.493614 0.006763 1.746045
0.410683 0.027266 0.039357 0.021917 0.001981 0.492003 0.006793 1.748823
0.415175 0.026274 0.038298 0.021327 0.001974 0.490138 0.006815 1.751464
0.419710 0.025403 0.037233 0.020674 0.001966 0.488177 0.006838 1.753985
0.424201 0.024638 0.036121 0.020111 0.001957 0.486115 0.006858 1.756395
0.428676 0.023852 0.035125 0.019529 0.001931 0.483996 0.006889 1.758787
0.433161 0.023184 0.034158 0.018911 0.001916 0.481756 0.006913 1.761055
0.437548 0.022500 0.033258 0.018374 0.001894 0.479485 0.006940 1.763292
0.442131 0.021803 0.032367 0.017826 0.001870 0.477040 0.006964 1.765462
0.446613 0.021247 0.031464 0.017318 0.001844 0.474520 0.006994 1.767559
0.451019 0.020685 0.030551 0.016813 0.001829 0.472085 0.007017 1.769601
0.455393 0.020198 0.029720 0.016312 0.001802 0.469537 0.007040 1.771582
0.459851 0.019723 0.028927 0.015851 0.001765 0.466814 0.007070 1.773533
0.464282 0.019238 0.028088 0.015397 0.001741 0.464162 0.007093 1.775423
0.468612 0.018711 0.027300 0.014980 0.001713 0.461567 0.007118 1.777322
0.472973 0.018263 0.026585 0.014577 0.001677 0.458787 0.007138 1.779137
0.477279 0.017872 0.025850 0.014155 0.001650 0.456030 0.007163 1.780915
0.481539 0.017514 0.025159 0.013759 0.001623 0.453229 0.007178 1.782635
0.485806 0.017182 0.024491 0.013369 0.001593 0.450359 0.007202 1.784315
0.490132 0.016873 0.023859 0.013020 0.001574 0.447323 0.007220 1.785983
0.494340 0.016567 0.023285 0.012693 0.001553 0.444316 0.007245 1.787644
0.498591 0.016337 0.022678 0.012374 0.001522 0.441231 0.007268 1.789214
0.502747 0.015966 0.022116 0.012093 0.001502 0.438291 0.007283 1.790851
0.506986 0.015666 0.021605 0.011810 0.001470 0.435155 0.007308 1.792446
0.511218 0.015402 0.021045 0.011491 0.001447 0.432066 0.007332 1.793940
0.515350 0.015148 0.020533 0.011200 0.001415 0.428999 0.007355 1.795469
0.519477 0.014915 0.020083 0.010919 0.001400 0.425841 0.007366 1.796943
0.523471 0.014729 0.019566 0.010662 0.001373 0.422811 0.007387 1.798364
0.527506 0.014536 0.019126 0.010376 0.001351 0.419702 0.007404 1.799783
0.531494 0.014340 0.018662 0.010126 0.001321 0.416630 0.007428 1.801185
0.535541 0.014180 0.018198 0.009927 0.001293 0.413411 0.007451 1.802566
0.539492 0.013995 0.017803 0.009698 0.001259 0.410281 0.007471 1.803950
0.543360 0.013815 0.017344 0.009518 0.001232 0.407242 0.007490 1.805320
0.547251 0.013611 0.016979 0.009348 0.001211 0.404094 0.007506 1.806695
0.551104 0.013472 0.016643 0.009153 0.001194 0.400914 0.007520 1.808033
0.554906 0.013323 0.016332 0.008961 0.001166 0.397778 0.007535 1.809337
0.558734 0.013193 0.016041 0.008783 0.001152 0.394547 0.007550 1.810635
0.562430 0.013061 0.015769 0.008633 0.001138 0.391399 0.007569 1.811952
0.566065 0.012933 0.015508 0.008495 0.001121 0.388290 0.007588 1.813261
0.569715 0.012874 0.015242 0.008336 0.001097 0.385131 0.007606 1.814518
0.573300 0.012789 0.014982 0.008197 0.001079 0.382035 0.007619 1.815796
0.576946 0.012694 0.014737 0.008059 0.001057 0.378875 0.007632 1.817042
0.580484 0.012588 0.014570 0.007903 0.001035 0.375768 0.007651 1.818326
0.584001 0.012470 0.014387 0.007807 0.001031 0.372639 0.007665 1.819593
0.587436 0.012382 0.014139 0.007681 0.001009 0.369678 0.007676 1.820815
0.590890 0.012295 0.013904 0.007605 0.000998 0.366613 0.007694 1.822053
0.594265 0.012257 0.013705 0.007483 0.000982 0.363601 0.007707 1.823257
0.597508 0.012305 0.013435 0.007350 0.000957 0.360725 0.007721 1.824404
0.600731 0.012284 0.013247 0.007230 0.000940 0.357836 0.007732 1.825581
0.604024 0.012229 0.013118 0.007159 0.000924 0.354802 0.007746 1.826804
0.607129 0.012247 0.012975 0.007019 0.000907 0.351965 0.007758 1.827983
0.610390 0.012140 0.012829 0.006960 0.000890 0.349022 0.007771 1.829196
0.613559 0.012131 0.012684 0.006880 0.000870 0.346090 0.007786 1.830388
0.616717 0.012035 0.012577 0.006855 0.000849 0.343169 0.007797 1.831629
0.619830 0.012046 0.012423 0.006812 0.000831 0.340249 0.007810 1.832805
0.622979 0.012045 0.012298 0.006780 0.000814 0.337263 0.007821 1.833983
0.625989 0.012019 0.012195 0.006705 0.000804 0.334457 0.007832 1.835170
0.628935 0.012054 0.012028 0.006657 0.000791 0.331690 0.007845 1.836339
0.631865 0.012046 0.011908 0.006589 0.000778 0.328960 0.007855 1.837507
0.634781 0.012032 0.011827 0.006508 0.000773 0.326214 0.007865 1.838690
0.637622 0.012071 0.011770 0.006482 0.000755 0.323424 0.007878 1.839868
0.640460 0.012050 0.011714 0.006471 0.000749 0.320671 0.007885 1.841092
0.643319 0.012081 0.011620 0.006411 0.000729 0.317942 0.007898 1.842234
0.646008 0.012126 0.011531 0.006371 0.000721 0.315335 0.007908 1.843411
0.648704 0.012166 0.011485 0.006310 0.000700 0.312717 0.007919 1.844572
0.651384 0.012157 0.011457 0.006277 0.000686 0.310113 0.007926 1.845799
0.653994 0.012215 0.011423 0.006275 0.000677 0.307481 0.007934 1.846979
0.656511 0.012314 0.011369 0.006258 0.000663 0.304942 0.007943 1.848145
0.659037 0.012413 0.011312 0.006214 0.000659 0.302414 0.007952 1.849316
0.661577 0.012476 0.011273 0.006231 0.000645 0.299836 0.007961 1.850498
0.664020 0.012501 0.011289 0.006238 0.000629 0.297354 0.007969 1.851750
0.666441 0.012617 0.011266 0.006165 0.000627 0.294906 0.007978 1.852918
0.668804 0.012683 0.011277 0.006138 0.000618 0.292494 0.007987 1.854150
0.671138 0.012790 0.011280 0.006141 0.000613 0.290043 0.007995 1.855365
0.673389 0.012872 0.011299 0.006122 0.000606 0.287711 0.008002 1.856637
0.675713 0.012956 0.011297 0.006169 0.000599 0.285257 0.008009 1.857890
0.677930 0.013009 0.011299 0.006184 0.000597 0.282964 0.008017 1.859196
0.679997 0.013087 0.011301 0.006213 0.000591 0.280786 0.008025 1.860488
0.682064 0.013173 0.011403 0.006199 0.000588 0.278540 0.008034 1.861804
0.684118 0.013262 0.011453 0.006229 0.000584 0.276316 0.008040 1.863111
0.686084 0.013297 0.011501 0.006252 0.000587 0.274226 0.008051 1.864482
0.688016 0.013438 0.011572 0.006280 0.000579 0.272058 0.008057 1.865792
0.689896 0.013558 0.011593 0.006259 0.000573 0.270058 0.008063 1.867083
0.691824 0.013665 0.011616 0.006294 0.000577 0.267953 0.008071 1.868424
0.693652 0.013803 0.011682 0.006347 0.000571 0.265867 0.008078 1.869772
0.695497 0.013923 0.011681 0.006391 0.000565 0.263860 0.008086 1.871137
0.697320 0.014049 0.011770 0.006402 0.000567 0.261803 0.008091 1.872524
0.699030 0.014189 0.011800 0.006469 0.000564 0.259850 0.008098 1.873903
0.700723 0.014295 0.011852 0.006501 0.000551 0.257971 0.008108 1.875292
0.702366 0.014380 0.011932 0.006491 0.000547 0.256165 0.008121 1.876720
0.704041 0.014517 0.011994 0.006509 0.000547 0.254264 0.008128 1.878124
0.705599 0.014711 0.012050 0.006543 0.000543 0.252418 0.008137 1.879543
0.707129 0.014826 0.012100 0.006586 0.000534 0.250676 0.008149 1.880992
0.708691 0.014962 0.012166 0.006622 0.000526 0.248874 0.008159 1.882427
0.710175 0.015102 0.012284 0.006621 0.000518 0.247134 0.008167 1.883871
0.711639 0.015204 0.012402 0.006664 0.000517 0.245398 0.008175 1.885378
0.712950 0.015382 0.012501 0.006711 0.000514 0.243758 0.008184 1.886884
0.714280 0.015622 0.012580 0.006726 0.000512 0.242094 0.008188 1.888361
0.715683 0.015755 0.012660 0.006800 0.000511 0.240397 0.008195 1.889871
0.716973 0.015934 0.012734 0.006838 0.000511 0.238806 0.008204 1.891409
0.718282 0.016134 0.012817 0.006880 0.000506 0.237170 0.008212 1.892921
0.719474 0.016244 0.012935 0.006958 0.000513 0.235660 0.008216 1.894521
0.720567 0.016439 0.013114 0.006993 0.000517 0.234147 0.008223 1.896132
0.721725 0.016601 0.013268 0.007038 0.000515 0.232622 0.008232 1.897767
0.722821 0.016772 0.013381 0.007071 0.000514 0.231202 0.008238 1.899378
0.723856 0.017043 0.013486 0.007104 0.000520 0.229747 0.008244 1.901006
0.724894 0.017208 0.013592 0.007171 0.000518 0.228367 0.008252 1.902671
0.725879 0.017303 0.013737 0.007294 0.000509 0.227019 0.008259 1.904410
0.726803 0.017466 0.013847 0.007362 0.000505 0.225754 0.008264 1.906147
0.727708 0.017626 0.013978 0.007433 0.000511 0.224476 0.008268 1.907874
0.728532 0.017868 0.014112 0.007508 0.000506 0.223198 0.008275 1.909592
0.729356 0.018041 0.014267 0.007582 0.000509 0.221964 0.008281 1.911342
0.730222 0.018188 0.014410 0.007647 0.000514 0.220732 0.008288 1.913110
0.731034 0.018295 0.014577 0.007733 0.000515 0.219550 0.008297 1.914934
0.731620 0.018573 0.014701 0.007821 0.000520 0.218461 0.008304 1.916712
0.732430 0.018710 0.014905 0.007905 0.000518 0.217220 0.008311 1.918563
0.733137 0.018934 0.015015 0.007937 0.000525 0.216133 0.008320 1.920363
0.733757 0.019059 0.015202 0.008018 0.000524 0.215111 0.008329 1.922266
0.734385 0.019250 0.015332 0.008131 0.000526 0.214040 0.008336 1.924158
0.735020 0.019385 0.015438 0.008202 0.000535 0.213077 0.008342 1.926050
0.735546 0.019570 0.015617 0.008316 0.000532 0.212070 0.008350 1.928018
0.736118 0.019723 0.015730 0.008391 0.000532 0.211146 0.008359 1.929958
0.736558 0.019924 0.015883 0.008464 0.000527 0.210278 0.008365 1.931904
0.737098 0.020133 0.016010 0.008527 0.000527 0.209328 0.008377 1.933845
0.737619 0.020255 0.016154 0.008592 0.000528 0.208467 0.008385 1.935868
0.738024 0.020365 0.016308 0.008714 0.000529 0.207667 0.008393 1.937910
0.738396 0.020561 0.016419 0.008772 0.000538 0.206916 0.008399 1.939912
0.738765 0.020735 0.016568 0.008802 0.000535 0.206191 0.008404 1.941906
0.739226 0.020895 0.016691 0.008870 0.000547 0.205361 0.008410 1.943940
0.739634 0.021078 0.016814 0.008957 0.000550 0.204551 0.008416 1.945974
0.740013 0.021234 0.016924 0.009045 0.000550 0.203807 0.008425 1.948039
0.740279 0.021359 0.017138 0.009124 0.000554 0.203115 0.008433 1.950160
0.740536 0.021451 0.017302 0.009151 0.000558 0.202562 0.008440 1.952286
0.740899 0.021533 0.017418 0.009189 0.000566 0.201949 0.008447 1.954395
0.741137 0.021702 0.017536 0.009250 0.000568 0.201353 0.008454 1.956511
0.741396 0.021788 0.017710 0.009307 0.000578 0.200765 0.008457 1.958687
0.741605 0.021986 0.017838 0.009399 0.000572 0.200134 0.008467 1.960819
0.741736 0.022168 0.017928 0.009464 0.000573 0.199657 0.008476 1.962971
0.741907 0.022294 0.018072 0.009554 0.000582 0.199109 0.008483 1.965162
0.742129 0.022436 0.018198 0.009641 0.000584 0.198522 0.008490 1.967330
0.742301 0.022502 0.018335 0.009731 0.000598 0.198036 0.008497 1.969567
0.742365 0.022668 0.018482 0.009766 0.000609 0.197610 0.008500 1.971753
0.742439 0.022864 0.018575 0.009814 0.000612 0.197188 0.008509 1.973953
0.742517 0.022934 0.018673 0.009922 0.000614 0.196822 0.008519 1.976220
0.742595 0.023080 0.018782 0.009983 0.000621 0.196415 0.008525 1.978482
0.742677 0.023166 0.018937 0.010066 0.000617 0.196003 0.008535 1.980759
0.742727 0.023252 0.019058 0.010137 0.000618 0.195661 0.008546 1.983042
0.742766 0.023474 0.019162 0.010198 0.000618 0.195225 0.008558 1.985279
0.742834 0.023637 0.019256 0.010231 0.000620 0.194854 0.008568 1.987518
0.742855 0.023721 0.019395 0.010379 0.000624 0.194454 0.008572 1.989868
0.742907 0.023820 0.019527 0.010425 0.000632 0.194113 0.008577 1.992207
0.742884 0.023903 0.019660 0.010523 0.000635 0.193811 0.008584 1.994569
0.742874 0.023989 0.019797 0.010582 0.000631 0.193536 0.008592 1.996927
0.742879 0.024086 0.019954 0.010626 0.000648 0.193210 0.008597 1.999302
0.742772 0.024230 0.020021 0.010675 0.000657 0.193044 0.008602 2.001644
0.742712 0.024295 0.020173 0.010734 0.000669 0.192811 0.008606 2.004054
0.742662 0.024475 0.020273 0.010750 0.000671 0.192555 0.008615 2.006375
0.742487 0.024594 0.020382 0.010859 0.000669 0.192384 0.008625 2.008795
0.742434 0.024642 0.020559 0.010906 0.000676 0.192150 0.008634 2.011214
0.742351 0.024666 0.020703 0.010940 0.000679 0.192020 0.008642 2.013673
0.742297 0.024741 0.020757 0.011031 0.000672 0.191853 0.008650 2.016078
0.742144 0.024858 0.020843 0.011078 0.000676 0.191738 0.008662 2.018517
0.742043 0.024895 0.021015 0.011121 0.000683 0.191574 0.008669 2.020996
0.741910 0.025001 0.021116 0.011150 0.000696 0.191448 0.008677 2.023415
0.741761 0.025059 0.021283 0.011212 0.000705 0.191296 0.008685 2.025890
0.741635 0.025095 0.021316 0.011295 0.000706 0.191260 0.008695 2.028330
0.741533 0.025160 0.021390 0.011339 0.000721 0.191153 0.008704 2.030792
0.741326 0.025308 0.021499 0.011351 0.000721 0.191082 0.008713 2.033203
0.741109 0.025391 0.021558 0.011391 0.000725 0.191102 0.008723 2.035683
0.740906 0.025444 0.021709 0.011450 0.000726 0.191037 0.008728 2.038233
0.740841 0.025454 0.021737 0.011524 0.000724 0.190978 0.008741 2.040691
0.740666 0.025459 0.021811 0.011565 0.000723 0.191020 0.008755 2.043194
0.740483 0.025483 0.021856 0.011591 0.000717 0.191104 0.008766 2.045702
0.740332 0.025504 0.021929 0.011608 0.000729 0.191126 0.008771 2.048198
0.740279 0.025443 0.022029 0.011669 0.000726 0.191074 0.008781 2.050737
0.740174 0.025458 0.022056 0.011719 0.000724 0.191077 0.008792 2.053182
0.740145 0.025381 0.022137 0.011770 0.000728 0.191036 0.008803 2.055727
0.740089 0.025251 0.022203 0.011823 0.000728 0.191098 0.008809 2.058289
0.739986 0.025262 0.022201 0.011852 0.000721 0.191156 0.008822 2.060746
0.739856 0.025253 0.022227 0.011905 0.000730 0.191199 0.008830 2.063249
0.739736 0.025311 0.022218 0.011927 0.000728 0.191237 0.008843 2.065717
0.739628 0.025346 0.022258 0.011923 0.000733 0.191264 0.008849 2.068180
0.739524 0.025322 0.022345 0.011898 0.000740 0.191313 0.008858 2.070704
0.739395 0.025305 0.022370 0.011880 0.000747 0.191437 0.008866 2.073198
0.739307 0.025338 0.022336 0.011873 0.000738 0.191530 0.008879 2.075634
0.739175 0.025375 0.022351 0.011856 0.000739 0.191614 0.008891 2.078089
0.738998 0.025398 0.022352 0.011873 0.000742 0.191739 0.008898 2.080567
0.738925 0.025410 0.022318 0.011879 0.000743 0.191816 0.008909 2.083036
0.738804 0.025431 0.022363 0.011913 0.000743 0.191829 0.008918 2.085524
0.738736 0.025350 0.022364 0.011953 0.000745 0.191928 0.008926 2.088058
0.738718 0.025317 0.022381 0.011959 0.000748 0.191942 0.008936 2.090514
0.738707 0.025242 0.022435 0.011980 0.000754 0.191938 0.008944 2.093029
0.738708 0.025188 0.022454 0.012009 0.000754 0.191930 0.008956 2.095514
0.738714 0.025109 0.022438 0.012020 0.000748 0.192004 0.008967 2.098015
0.738721 0.025063 0.022453 0.012022 0.000744 0.192019 0.008979 2.100495
0.738701 0.025055 0.022411 0.011994 0.000745 0.192109 0.008986 2.102944
0.738627 0.024990 0.022437 0.012034 0.000749 0.192165 0.008998 2.105438
0.738628 0.025026 0.022372 0.011981 0.000762 0.192223 0.009008 2.107785
0.738757 0.024876 0.022359 0.011921 0.000772 0.192296 0.009019 2.110253
0.738728 0.024844 0.022427 0.011902 0.000777 0.192296 0.009026 2.112721
0.738668 0.024775 0.022469 0.011890 0.000776 0.192386 0.009036 2.115201
0.738685 0.024748 0.022438 0.011936 0.000774 0.192377 0.009043 2.117655
0.738711 0.024745 0.022425 0.011887 0.000765 0.192412 0.009053 2.120100
0.738750 0.024715 0.022429 0.011854 0.000770 0.192423 0.009059 2.122488
0.738668 0.024719 0.022358 0.011855 0.000771 0.192558 0.009071 2.124894
0.738748 0.024641 0.022367 0.011861 0.000774 0.192530 0.009080 2.127326
0.738696 0.024664 0.022355 0.011837 0.000788 0.192575 0.009086 2.129731
0.738707 0.024644 0.022354 0.011831 0.000792 0.192576 0.009097 2.132149
0.738787 0.024559 0.022353 0.011821 0.000792 0.192583 0.009105 2.134592
0.738766 0.024597 0.022350 0.011815 0.000785 0.192573 0.009115 2.136988
0.738735 0.024487 0.022367 0.011804 0.000783 0.192699 0.009126 2.139462
0.738752 0.024510 0.022344 0.011818 0.000784 0.192658 0.009134 2.141863
0.738786 0.024538 0.022251 0.011776 0.000784 0.192723 0.009142 2.144204
0.738788 0.024470 0.022208 0.011728 0.000793 0.192860 0.009154 2.146624
0.738762 0.024440 0.022143 0.011722 0.000786 0.192982 0.009166 2.148989
0.738788 0.024446 0.022096 0.011679 0.000790 0.193026 0.009175 2.151358
0.738812 0.024446 0.022090 0.011666 0.000778 0.193017 0.009190 2.153747
0.738868 0.024403 0.022061 0.011682 0.000776 0.193011 0.009200 2.156149
0.738874 0.024391 0.022016 0.011721 0.000771 0.193017 0.009209 2.158533
0.738975 0.024313 0.021973 0.011753 0.000770 0.192997 0.009218 2.160935
0.739130 0.024227 0.022010 0.011711 0.000770 0.192925 0.009227 2.163338
0.739167 0.024270 0.021936 0.011702 0.000772 0.192916 0.009238 2.165678
0.739192 0.024251 0.022009 0.011657 0.000770 0.192875 0.009247 2.168111
0.739281 0.024212 0.021976 0.011664 0.000772 0.192838 0.009257 2.170492
0.739308 0.024148 0.021980 0.011654 0.000768 0.192876 0.009267 2.172891
0.739382 0.024163 0.021911 0.011659 0.000764 0.192843 0.009279 2.175217
0.739427 0.024170 0.021869 0.011632 0.000766 0.192848 0.009288 2.177568
0.739540 0.024124 0.021821 0.011620 0.000777 0.192822 0.009296 2.179953
0.739612 0.024124 0.021782 0.011635 0.000770 0.192771 0.009307 2.182289
0.739707 0.024055 0.021760 0.011625 0.000769 0.192766 0.009317 2.184672
0.739819 0.023997 0.021719 0.011645 0.000760 0.192732 0.009329 2.187020
0.740019 0.023946 0.021730 0.011611 0.000766 0.192589 0.009339 2.189386
0.740078 0.023905 0.021712 0.011607 0.000763 0.192585 0.009351 2.191759
0.740156 0.023834 0.021747 0.011574 0.000770 0.192559 0.009359 2.194158
0.740209 0.023741 0.021768 0.011556 0.000764 0.192594 0.009369 2.196555
0.740284 0.023745 0.021717 0.011537 0.000760 0.192580 0.009377 2.198887
0.740340 0.023743 0.021749 0.011494 0.000771 0.192517 0.009385 2.201242
0.740407 0.023728 0.021722 0.011500 0.000771 0.192477 0.009396 2.203614
0.740488 0.023729 0.021668 0.011416 0.000775 0.192519 0.009405 2.205910
0.740654 0.023721 0.021610 0.011399 0.000769 0.192430 0.009418 2.208240
0.740801 0.023699 0.021559 0.011396 0.000774 0.192341 0.009431 2.210568
0.741002 0.023649 0.021539 0.011357 0.000775 0.192236 0.009441 2.212877
0.741027 0.023684 0.021564 0.011349 0.000777 0.192150 0.009450 2.215178
0.741093 0.023618 0.021548 0.011384 0.000782 0.192120 0.009455 2.217525
0.741116 0.023610 0.021522 0.011414 0.000775 0.192095 0.009466 2.219867
0.741226 0.023605 0.021535 0.011380 0.000777 0.192002 0.009476 2.222190
0.741383 0.023581 0.021518 0.011375 0.000783 0.191874 0.009486 2.224527
0.741417 0.023609 0.021551 0.011314 0.000784 0.191827 0.009496 2.226871
0.741579 0.023620 0.021473 0.011276 0.000792 0.191757 0.009502 2.229128
0.741697 0.023564 0.021425 0.011254 0.000791 0.191757 0.009511 2.231433
0.741827 0.023593 0.021318 0.011235 0.000795 0.191713 0.009519 2.233717
0.741895 0.023625 0.021274 0.011204 0.000796 0.191676 0.009530 2.236001
0.742028 0.023577 0.021267 0.011195 0.000788 0.191607 0.009540 2.238313
0.742143 0.023650 0.021227 0.011160 0.000784 0.191488 0.009549 2.240581
0.742231 0.023629 0.021234 0.011212 0.000778 0.191359 0.009558 2.242933
0.742323 0.023709 0.021210 0.011202 0.000782 0.191202 0.009571 2.245182
0.742414 0.023675 0.021245 0.011199 0.000790 0.191099 0.009579 2.247517
0.742452 0.023662 0.021214 0.011200 0.000795 0.191087 0.009591 2.249828
0.742547 0.023669 0.021270 0.011181 0.000785 0.190946 0.009602 2.252143
0.742517 0.023744 0.021264 0.011153 0.000793 0.190919 0.009610 2.254456
0.742651 0.023689 0.021288 0.011108 0.000790 0.190853 0.009622 2.256778
0.742807 0.023692 0.021229 0.011109 0.000797 0.190731 0.009635 2.259056
0.742949 0.023654 0.021242 0.011131 0.000800 0.190577 0.009648 2.261370
0.743073 0.023647 0.021215 0.011117 0.000790 0.190498 0.009660 2.263647
0.743171 0.023592 0.021214 0.011135 0.000798 0.190421 0.009668 2.265991
0.743271 0.023591 0.021232 0.011080 0.000802 0.190350 0.009675 2.268265
0.743309 0.023607 0.021216 0.011106 0.000801 0.190274 0.009689 2.270590
0.743322 0.023627 0.021227 0.011093 0.000797 0.190234 0.009700 2.272905
0.743469 0.023566 0.021240 0.011075 0.000802 0.190139 0.009708 2.275234
0.743529 0.023650 0.021204 0.011068 0.000798 0.190032 0.009720 2.277490
0.743508 0.023647 0.021169 0.011083 0.000804 0.190058 0.009731 2.279806
0.743475 0.023773 0.021183 0.011081 0.000792 0.189951 0.009745 2.282087
0.743553 0.023749 0.021121 0.011172 0.000793 0.189856 0.009758 2.284400
0.743681 0.023653 0.021134 0.011173 0.000793 0.189799 0.009768 2.286739
0.743643 0.023695 0.021192 0.011185 0.000801 0.189703 0.009780 2.289085
0.743685 0.023647 0.021177 0.011198 0.000790 0.189710 0.009792 2.291450
0.743770 0.023605 0.021224 0.011206 0.000790 0.189604 0.009801 2.293792
0.743841 0.023589 0.021203 0.011263 0.000790 0.189500 0.009813 2.296140
0.743872 0.023509 0.021259 0.011291 0.000783 0.189460 0.009825 2.298502
0.743961 0.023601 0.021196 0.011273 0.000776 0.189352 0.009841 2.300743
0.744089 0.023547 0.021189 0.011231 0.000770 0.189321 0.009854 2.303048
0.744181 0.023560 0.021140 0.011249 0.000770 0.189237 0.009864 2.305343
0.744207 0.023505 0.021189 0.011277 0.000768 0.189180 0.009874 2.307688
0.744244 0.023506 0.021212 0.011265 0.000766 0.189124 0.009884 2.309988
0.744335 0.023517 0.021253 0.011269 0.000756 0.188974 0.009897 2.312295
0.744409 0.023530 0.021276 0.011220 0.000759 0.188903 0.009903 2.314550
0.744563 0.023502 0.021227 0.011215 0.000766 0.188812 0.009915 2.316869
0.744520 0.023551 0.021257 0.011249 0.000765 0.188734 0.009925 2.319193
0.744566 0.023591 0.021234 0.011224 0.000766 0.188687 0.009933 2.321485
0.744672 0.023551 0.021235 0.011218 0.000763 0.188618 0.009943 2.323814
0.744708 0.023520 0.021208 0.011187 0.000768 0.188658 0.009952 2.326166
0.744722 0.023508 0.021179 0.011203 0.000775 0.188656 0.009959 2.328456
0.744759 0.023513 0.021120 0.011182 0.000783 0.188679 0.009965 2.330724
0.744864 0.023531 0.021085 0.011165 0.000783 0.188594 0.009979 2.332977
0.744858 0.023619 0.021019 0.011162 0.000781 0.188575 0.009986 2.335229
0.744943 0.023573 0.021016 0.011181 0.000774 0.188517 0.009997 2.337582
0.745027 0.023595 0.020993 0.011199 0.000775 0.188406 0.010005 2.339843
0.745087 0.023544 0.020994 0.011248 0.000777 0.188335 0.010015 2.342175
0.745147 0.023571 0.020958 0.011238 0.000791 0.188274 0.010023 2.344461
0.745198 0.023532 0.020996 0.011193 0.000793 0.188253 0.010035 2.346804
0.745159 0.023578 0.021030 0.011217 0.000790 0.188179 0.010047 2.349148
0.745214 0.023547 0.020990 0.011222 0.000788 0.188184 0.010056 2.351470
0.745249 0.023546 0.021002 0.011236 0.000776 0.188121 0.010070 2.353779
0.745343 0.023546 0.020977 0.011209 0.000770 0.188076 0.010080 2.356079
0.745430 0.023529 0.020932 0.011180 0.000771 0.188070 0.010089 2.358371
0.745466 0.023511 0.020925 0.011162 0.000774 0.188061 0.010100 2.360659
0.745461 0.023523 0.020881 0.011172 0.000769 0.188081 0.010114 2.362947
0.745505 0.023463 0.020970 0.011143 0.000772 0.188023 0.010124 2.365290
0.745600 0.023434 0.021005 0.011145 0.000771 0.187912 0.010132 2.367603
0.745765 0.023321 0.020969 0.011178 0.000774 0.187850 0.010143 2.369895
0.745841 0.023287 0.020935 0.011187 0.000769 0.187829 0.010153 2.372211
0.745947 0.023281 0.020938 0.011174 0.000775 0.187728 0.010158 2.374493
0.746042 0.023415 0.020888 0.011117 0.000770 0.187601 0.010168 2.376659
0.746174 0.023369 0.020849 0.011143 0.000768 0.187514 0.010184 2.378960
0.746155 0.023392 0.020893 0.011124 0.000767 0.187475 0.010192 2.381261
0.746195 0.023415 0.020858 0.011127 0.000765 0.187442 0.010197 2.383531
0.746201 0.023353 0.020897 0.011122 0.000771 0.187449 0.010207 2.385871
0.746189 0.023427 0.020900 0.011108 0.000768 0.187394 0.010215 2.388141
0.746205 0.023291 0.020950 0.011145 0.000776 0.187409 0.010222 2.390560
0.746395 0.023254 0.020901 0.011123 0.000765 0.187325 0.010237 2.392819
0.746467 0.023239 0.020872 0.011166 0.000769 0.187239 0.010247 2.395126
0.746583 0.023195 0.020873 0.011177 0.000769 0.187142 0.010260 2.397433
0.746616 0.023244 0.020910 0.011125 0.000768 0.187069 0.010268 2.399692
0.746618 0.023349 0.020868 0.011116 0.000767 0.187006 0.010276 2.401903
0.746660 0.023362 0.020862 0.011084 0.000765 0.186982 0.010285 2.404178
0.746679 0.023390 0.020891 0.011055 0.000768 0.186920 0.010297 2.406465
0.746752 0.023360 0.020930 0.011027 0.000772 0.186852 0.010307 2.408764
0.746850 0.023325 0.020946 0.011044 0.000778 0.186739 0.010318 2.411093
0.746840 0.023409 0.020924 0.011076 0.000779 0.186647 0.010326 2.413377
0.746887 0.023441 0.020901 0.011074 0.000772 0.186591 0.010335 2.415643
0.746926 0.023364 0.020976 0.011120 0.000762 0.186507 0.010346 2.418000
0.746926 0.023388 0.020986 0.011111 0.000761 0.186473 0.010355 2.420293
0.746830 0.023384 0.021028 0.011156 0.000761 0.186479 0.010364 2.422647
0.746940 0.023316 0.021025 0.011187 0.000766 0.186393 0.010374 2.424966
0.747001 0.023360 0.021007 0.011191 0.000763 0.186294 0.010385 2.427221
0.747097 0.023318 0.021020 0.011167 0.000765 0.186239 0.010394 2.429521
0.747070 0.023394 0.020952 0.011152 0.000765 0.186264 0.010403 2.431756
0.747200 0.023293 0.021015 0.011173 0.000765 0.186141 0.010414 2.434094
0.747269 0.023240 0.020996 0.011175 0.000769 0.186130 0.010423 2.436390
0.747321 0.023318 0.020971 0.011153 0.000769 0.186034 0.010433 2.438616
0.747329 0.023293 0.020946 0.011157 0.000775 0.186062 0.010438 2.440937
0.747293 0.023279 0.020932 0.011173 0.000773 0.186098 0.010451 2.443227
0.747334 0.023259 0.020917 0.011139 0.000773 0.186114 0.010463 2.445497
0.747311 0.023253 0.020906 0.011167 0.000770 0.186120 0.010473 2.447831
0.747374 0.023236 0.020908 0.011146 0.000775 0.186078 0.010484 2.450110
0.747526 0.023182 0.020905 0.011157 0.000777 0.185958 0.010495 2.452421
0.747635 0.023172 0.020934 0.011151 0.000772 0.185835 0.010503 2.454693
0.747730 0.023148 0.020874 0.011169 0.000778 0.185786 0.010515 2.456960
0.747767 0.023187 0.020893 0.011150 0.000786 0.185695 0.010522 2.459169
0.747825 0.023147 0.020887 0.011167 0.000783 0.185656 0.010536 2.461486
0.747827 0.023192 0.020893 0.011199 0.000781 0.185562 0.010546 2.463744
0.747887 0.023182 0.020849 0.011184 0.000785 0.185560 0.010554 2.465974
0.747941 0.023160 0.020799 0.011199 0.000785 0.185551 0.010566 2.468236
0.747935 0.023172 0.020804 0.011168 0.000784 0.185561 0.010576 2.470479
0.747968 0.023139 0.020792 0.011156 0.000790 0.185569 0.010584 2.472756
0.747993 0.023146 0.020730 0.011159 0.000785 0.185593 0.010594 2.475023
0.748060 0.023117 0.020721 0.011151 0.000778 0.185567 0.010607 2.477273
0.748156 0.023067 0.020744 0.011127 0.000783 0.185507 0.010617 2.479536
0.748168 0.023106 0.020698 0.011118 0.000780 0.185501 0.010628 2.481773
0.748227 0.023060 0.020663 0.011107 0.000785 0.185524 0.010634 2.484064
0.748256 0.023023 0.020639 0.011170 0.000786 0.185480 0.010646 2.486351
0.748362 0.022964 0.020664 0.011144 0.000786 0.185421 0.010659 2.488647
0.748411 0.022944 0.020657 0.011157 0.000783 0.185379 0.010670 2.490906
0.748424 0.023001 0.020671 0.011119 0.000779 0.185329 0.010678 2.493116
0.748478 0.023037 0.020603 0.011078 0.000781 0.185335 0.010690 2.495334
0.748555 0.023041 0.020665 0.011049 0.000767 0.185225 0.010699 2.497554
0.748601 0.023025 0.020667 0.011043 0.000766 0.185184 0.010714 2.499839
0.748617 0.023062 0.020621 0.011036 0.000760 0.185181 0.010723 2.502072
0.748594 0.023095 0.020627 0.011035 0.000756 0.185159 0.010734 2.504359
0.748608 0.023115 0.020621 0.010999 0.000756 0.185161 0.010740 2.506608
0.748743 0.023112 0.020634 0.010999 0.000760 0.185005 0.010748 2.508857
0.748745 0.023137 0.020624 0.011025 0.000755 0.184952 0.010762 2.511084
0.748842 0.023103 0.020676 0.010980 0.000759 0.184874 0.010767 2.513362
0.748956 0.022990 0.020676 0.011005 0.000764 0.184835 0.010776 2.515667
0.748912 0.023009 0.020665 0.011000 0.000765 0.184864 0.010785 2.517939
0.748897 0.023075 0.020658 0.010918 0.000771 0.184886 0.010795 2.520168
0.748982 0.023042 0.020680 0.010892 0.000766 0.184834 0.010804 2.522428
0.749088 0.023018 0.020692 0.010904 0.000762 0.184722 0.010814 2.524703
0.749089 0.022983 0.020719 0.010959 0.000765 0.184662 0.010824 2.527034
0.749211 0.022922 0.020720 0.010930 0.000764 0.184619 0.010833 2.529302
0.749180 0.022995 0.020731 0.010938 0.000763 0.184551 0.010842 2.531553
0.749225 0.022955 0.020799 0.010934 0.000761 0.184472 0.010855 2.533866
0.749314 0.022936 0.020784 0.010909 0.000753 0.184441 0.010864 2.536132
0.749317 0.023002 0.020781 0.010876 0.000754 0.184402 0.010870 2.538349
0.749296 0.023056 0.020774 0.010857 0.000749 0.184388 0.010881 2.540574
0.749304 0.023069 0.020831 0.010841 0.000745 0.184320 0.010891 2.542846
0.749344 0.023034 0.020862 0.010814 0.000746 0.184301 0.010900 2.545082
0.749349 0.022986 0.020865 0.010887 0.000749 0.184254 0.010909 2.547387
0.749419 0.022982 0.020907 0.010862 0.000755 0.184155 0.010920 2.549654
0.749461 0.022972 0.020942 0.010910 0.000755 0.184029 0.010931 2.551948
0.749519 0.022999 0.020930 0.010957 0.000749 0.183904 0.010942 2.554213
0.749599 0.022968 0.020920 0.010950 0.000749 0.183865 0.010949 2.556457
0.749663 0.022944 0.020896 0.010958 0.000754 0.183824 0.010960 2.558750
0.749744 0.022942 0.020866 0.010946 0.000748 0.183779 0.010974 2.560983
0.749732 0.022966 0.020879 0.010923 0.000744 0.183770 0.010985 2.563225
0.749677 0.022928 0.020857 0.010886 0.000746 0.183907 0.010999 2.565513
0.749752 0.023004 0.020824 0.010887 0.000750 0.183774 0.011010 2.567729
0.749682 0.023112 0.020830 0.010914 0.000755 0.183690 0.011018 2.569974
0.749743 0.023182 0.020774 0.010924 0.000755 0.183599 0.011023 2.572175
0.749716 0.023227 0.020819 0.010945 0.000749 0.183512 0.011033 2.574458
0.749806 0.023201 0.020865 0.010968 0.000750 0.183369 0.011042 2.576740
0.749868 0.023173 0.020885 0.010945 0.000755 0.183323 0.011051 2.579050
0.749927 0.023176 0.020899 0.010906 0.000747 0.183288 0.011057 2.581310
0.749909 0.023167 0.020928 0.010886 0.000745 0.183296 0.011069 2.583605
0.749873 0.023244 0.020902 0.010893 0.000741 0.183273 0.011076 2.585875
0.749848 0.023209 0.020926 0.010960 0.000732 0.183238 0.011088 2.588218
0.749879 0.023180 0.020971 0.010976 0.000725 0.183173 0.011096 2.590532
0.749890 0.023175 0.020980 0.010997 0.000731 0.183124 0.011103 2.592798
0.749861 0.023174 0.021016 0.010977 0.000737 0.183125 0.011109 2.595064
0.749842 0.023222 0.021056 0.010978 0.000742 0.183041 0.011119 2.597345
0.749801 0.023250 0.021021 0.011013 0.000741 0.183049 0.011126 2.599638
0.749833 0.023259 0.020969 0.011003 0.000732 0.183068 0.011136 2.601881
0.749785 0.023239 0.020960 0.011034 0.000735 0.183103 0.011145 2.604206
0.749781 0.023217 0.020976 0.011052 0.000739 0.183085 0.011151 2.606494
0.749823 0.023188 0.020950 0.011056 0.000734 0.183087 0.011163 2.608755
0.749813 0.023208 0.020919 0.011034 0.000735 0.183120 0.011172 2.611017
0.749837 0.023188 0.020862 0.011037 0.000745 0.183153 0.011179 2.613259
0.749792 0.023194 0.020845 0.011068 0.000743 0.183173 0.011186 2.615515
0.749902 0.023203 0.020799 0.011043 0.000742 0.183113 0.011198 2.617726
0.750026 0.023065 0.020793 0.011071 0.000741 0.183094 0.011209 2.620078
0.749958 0.023125 0.020806 0.011098 0.000729 0.183068 0.011217 2.622329
0.749972 0.023124 0.020767 0.011058 0.000733 0.183124 0.011222 2.624564
0.749997 0.023165 0.020688 0.011057 0.000736 0.183127 0.011230 2.626780
0.750037 0.023111 0.020687 0.011123 0.000738 0.183067 0.011238 2.629096
0.750074 0.023068 0.020700 0.011129 0.000737 0.183049 0.011245 2.631358
0.750173 0.023013 0.020671 0.011114 0.000737 0.183042 0.011251 2.633602
0.750220 0.023035 0.020646 0.011077 0.000745 0.183016 0.011262 2.635866
0.750325 0.023017 0.020600 0.011012 0.000745 0.183026 0.011274 2.638103
0.750256 0.023094 0.020581 0.011003 0.000744 0.183038 0.011282 2.640337
0.750377 0.023072 0.020577 0.010988 0.000744 0.182953 0.011289 2.642582
0.750393 0.023037 0.020603 0.011011 0.000743 0.182913 0.011299 2.644883
0.750445 0.023048 0.020603 0.010938 0.000741 0.182915 0.011309 2.647105
0.750437 0.023174 0.020544 0.010908 0.000748 0.182871 0.011317 2.649277
0.750407 0.023238 0.020523 0.010913 0.000752 0.182835 0.011332 2.651508
0.750479 0.023200 0.020534 0.010967 0.000753 0.182724 0.011343 2.653766
0.750434 0.023237 0.020534 0.011002 0.000753 0.182687 0.011355 2.656033
0.750337 0.023312 0.020531 0.010990 0.000746 0.182719 0.011366 2.658287
0.750409 0.023298 0.020578 0.010963 0.000754 0.182625 0.011375 2.660573
0.750442 0.023261 0.020648 0.010964 0.000761 0.182542 0.011382 2.662885
0.750448 0.023267 0.020660 0.010979 0.000758 0.182496 0.011394 2.665187
0.750442 0.023322 0.020646 0.011004 0.000754 0.182433 0.011400 2.667449
0.750431 0.023410 0.020580 0.011005 0.000759 0.182408 0.011408 2.669678
0.750486 0.023426 0.020574 0.011005 0.000765 0.182327 0.011417 2.671928
0.750505 0.023403 0.020560 0.011007 0.000762 0.182335 0.011428 2.674243
0.750423 0.023450 0.020545 0.010978 0.000760 0.182409 0.011435 2.676509
0.750391 0.023503 0.020537 0.010977 0.000756 0.182391 0.011446 2.678767
0.750338 0.023524 0.020515 0.010975 0.000757 0.182437 0.011454 2.681033
0.750373 0.023533 0.020517 0.011008 0.000764 0.182344 0.011461 2.683312
0.750303 0.023561 0.020601 0.011010 0.000770 0.182288 0.011467 2.685627
0.750222 0.023613 0.020640 0.011007 0.000775 0.182266 0.011477 2.687889
0.750213 0.023583 0.020702 0.011019 0.000773 0.182225 0.011484 2.690220
0.750169 0.023559 0.020728 0.011055 0.000768 0.182222 0.011499 2.692533
0.750195 0.023541 0.020710 0.011075 0.000773 0.182199 0.011508 2.694837
0.750251 0.023461 0.020693 0.011112 0.000775 0.182194 0.011515 2.697143
0.750186 0.023472 0.020693 0.011097 0.000777 0.182250 0.011525 2.699452
0.750142 0.023575 0.020663 0.011117 0.000769 0.182199 0.011535 2.701711
0.750112 0.023545 0.020735 0.011096 0.000768 0.182198 0.011546 2.704035
0.750086 0.023543 0.020799 0.011067 0.000762 0.182183 0.011559 2.706314
0.750062 0.023571 0.020863 0.011039 0.000761 0.182138 0.011566 2.708571
0.749968 0.023655 0.020895 0.011059 0.000759 0.182087 0.011578 2.710851
0.749989 0.023593 0.020947 0.011054 0.000756 0.182069 0.011593 2.713162
0.750014 0.023554 0.020975 0.011029 0.000747 0.182079 0.011603 2.715454
0.749907 0.023570 0.020959 0.011036 0.000745 0.182167 0.011615 2.717761
0.749943 0.023538 0.020995 0.011038 0.000741 0.182117 0.011628 2.720107
0.749916 0.023550 0.021016 0.011015 0.000738 0.182128 0.011638 2.722408
0.749815 0.023567 0.021145 0.011026 0.000744 0.182053 0.011651 2.724771
0.749754 0.023554 0.021056 0.011058 0.000740 0.182176 0.011662 2.727093
0.749765 0.023521 0.021070 0.011080 0.000739 0.182152 0.011674 2.729438
0.749731 0.023572 0.021009 0.011104 0.000738 0.182163 0.011683 2.731686
0.749777 0.023572 0.020977 0.011111 0.000741 0.182135 0.011688 2.733991
0.749721 0.023587 0.020952 0.011148 0.000749 0.182147 0.011696 2.736289
0.749648 0.023578 0.021037 0.011109 0.000748 0.182174 0.011706 2.738631
0.749613 0.023567 0.021067 0.011104 0.000744 0.182189 0.011716 2.740953
0.749526 0.023599 0.021096 0.011072 0.000748 0.182237 0.011723 2.743240
0.749526 0.023609 0.021072 0.011070 0.000741 0.182248 0.011734 2.745545
0.749460 0.023662 0.021083 0.011069 0.000740 0.182243 0.011742 2.747863
0.749428 0.023615 0.021109 0.011053 0.000746 0.182297 0.011751 2.750211
0.749337 0.023585 0.021167 0.011072 0.000752 0.182326 0.011760 2.752574
0.749394 0.023523 0.021204 0.011095 0.000751 0.182264 0.011768 2.754914
0.749336 0.023570 0.021195 0.011063 0.000754 0.182302 0.011780 2.757159
0.749304 0.023575 0.021241 0.011042 0.000751 0.182299 0.011789 2.759488
0.749334 0.023508 0.021310 0.011029 0.000747 0.182272 0.011798 2.761819
0.749246 0.023544 0.021338 0.011040 0.000742 0.182282 0.011810 2.764114
0.749140 0.023595 0.021322 0.011049 0.000748 0.182328 0.011818 2.766424
0.749100 0.023539 0.021316 0.011088 0.000757 0.182378 0.011822 2.768781
0.749020 0.023599 0.021227 0.011086 0.000758 0.182478 0.011833 2.771041
0.749008 0.023560 0.021227 0.011135 0.000756 0.182472 0.011842 2.773385
0.748978 0.023529 0.021256 0.011158 0.000761 0.182470 0.011848 2.775695
0.748976 0.023526 0.021265 0.011141 0.000759 0.182473 0.011860 2.778036
0.748905 0.023560 0.021210 0.011185 0.000756 0.182511 0.011872 2.780332
0.748922 0.023557 0.021230 0.011182 0.000756 0.182473 0.011881 2.782647
0.748871 0.023587 0.021178 0.011237 0.000755 0.182480 0.011892 2.784965
0.748891 0.023559 0.021162 0.011278 0.000756 0.182452 0.011901 2.787295
0.748857 0.023531 0.021179 0.011282 0.000766 0.182473 0.011911 2.789662
0.748828 0.023669 0.021113 0.011232 0.000766 0.182472 0.011920 2.791869
0.748842 0.023690 0.021031 0.011165 0.000766 0.182577 0.011929 2.794115
0.748754 0.023675 0.021071 0.011170 0.000763 0.182629 0.011939 2.796467
0.748713 0.023611 0.021082 0.011175 0.000758 0.182716 0.011946 2.798841
0.748778 0.023564 0.021141 0.011200 0.000750 0.182605 0.011961 2.801157
0.748773 0.023523 0.021128 0.011148 0.000741 0.182713 0.011974 2.803470
0.748769 0.023456 0.021227 0.011146 0.000737 0.182681 0.011985 2.805806
0.748719 0.023484 0.021190 0.011101 0.000730 0.182782 0.011995 2.808067
0.748710 0.023457 0.021176 0.011070 0.000733 0.182852 0.012003 2.810387
0.748647 0.023515 0.021147 0.011081 0.000726 0.182869 0.012015 2.812663
0.748670 0.023465 0.021108 0.011067 0.000723 0.182944 0.012025 2.814958
0.748774 0.023421 0.021075 0.011075 0.000732 0.182889 0.012032 2.817247
0.748705 0.023443 0.021074 0.011076 0.000732 0.182929 0.012041 2.819535
0.748740 0.023351 0.021050 0.011108 0.000730 0.182967 0.012054 2.821884
0.748669 0.023323 0.021041 0.011176 0.000727 0.183000 0.012065 2.824218
0.748594 0.023272 0.021053 0.011182 0.000721 0.183102 0.012077 2.826544
0.748617 0.023306 0.021072 0.011186 0.000717 0.183010 0.012092 2.828819
0.748595 0.023288 0.021134 0.011194 0.000731 0.182960 0.012097 2.831138
0.748576 0.023285 0.021179 0.011169 0.000732 0.182947 0.012113 2.833417
0.748574 0.023249 0.021151 0.011192 0.000733 0.182980 0.012123 2.835723
0.748601 0.023171 0.021155 0.011202 0.000735 0.183008 0.012128 2.838038
0.748690 0.023147 0.021083 0.011210 0.000733 0.182996 0.012140 2.840294
0.748738 0.023147 0.021054 0.011186 0.000730 0.182993 0.012152 2.842570
0.748709 0.023157 0.020922 0.011165 0.000735 0.183150 0.012162 2.844829
0.748797 0.023171 0.020850 0.011150 0.000735 0.183125 0.012171 2.847066
0.748813 0.023162 0.020848 0.011158 0.000745 0.183096 0.012177 2.849340
0.748779 0.023230 0.020775 0.011138 0.000753 0.183137 0.012187 2.851570
0.748872 0.023138 0.020817 0.011140 0.000753 0.183084 0.012196 2.853875
0.748878 0.023105 0.020855 0.011087 0.000753 0.183115 0.012206 2.856175
0.748845 0.023109 0.020859 0.011084 0.000741 0.183143 0.012219 2.858446
0.748867 0.023146 0.020844 0.011034 0.000742 0.183140 0.012227 2.860672
0.748853 0.023168 0.020832 0.011040 0.000747 0.183124 0.012237 2.862930
0.748886 0.023092 0.020842 0.011047 0.000754 0.183135 0.012244 2.865262
0.748880 0.023109 0.020832 0.011062 0.000750 0.183116 0.012253 2.867544
0.748919 0.023144 0.020790 0.011030 0.000744 0.183109 0.012263 2.869753
0.748898 0.023186 0.020813 0.010998 0.000757 0.183080 0.012268 2.871992
0.748966 0.023085 0.020825 0.011036 0.000751 0.183054 0.012283 2.874328
0.749050 0.023061 0.020809 0.011033 0.000747 0.183007 0.012294 2.876571
0.749063 0.023032 0.020775 0.011025 0.000742 0.183059 0.012305 2.878828
0.749077 0.023104 0.020736 0.011053 0.000751 0.182971 0.012310 2.881059
0.749123 0.023043 0.020782 0.011043 0.000758 0.182934 0.012316 2.883336
