0.349772 0.063157 0.056050 0.032491 0.002122 0.490382 0.006027 1.600459
0.351608 0.061514 0.055892 0.032342 0.002121 0.490469 0.006055 1.606485
0.353946 0.059391 0.055644 0.032121 0.002129 0.490689 0.006081 1.612405
0.356700 0.057219 0.055363 0.031867 0.002139 0.490602 0.006112 1.618061
0.359552 0.055161 0.054904 0.031530 0.002129 0.490581 0.006143 1.623446
0.362615 0.052866 0.054588 0.031227 0.002128 0.490411 0.006166 1.628832
0.365783 0.050753 0.054060 0.030764 0.002119 0.490320 0.006202 1.633991
0.369169 0.048789 0.053400 0.030243 0.002122 0.490052 0.006226 1.638802
0.372521 0.046880 0.052613 0.029851 0.002107 0.489777 0.006254 1.643517
0.375965 0.045039 0.051777 0.029339 0.002114 0.489486 0.006280 1.648049
0.379498 0.043293 0.050903 0.028755 0.002093 0.489150 0.006308 1.652384
0.383038 0.041738 0.049967 0.028218 0.002087 0.488624 0.006330 1.656541
0.386708 0.040247 0.048926 0.027589 0.002069 0.488102 0.006359 1.660484
0.390418 0.038737 0.047942 0.026980 0.002069 0.487473 0.006381 1.664355
0.394178 0.037327 0.046880 0.026442 0.002052 0.486710 0.006411 1.668143
0.397995 0.036006 0.045998 0.025893 0.002033 0.485637 0.006437 1.671798
0.401829 0.034732 0.045022 0.025292 0.002021 0.484640 0.006465 1.675304
0.405650 0.033526 0.044030 0.024657 0.002014 0.483634 0.006490 1.678674
0.409473 0.032392 0.042926 0.024140 0.002012 0.482536 0.006520 1.681921
0.413425 0.031384 0.041963 0.023503 0.001987 0.481188 0.006549 1.685068
0.417274 0.030524 0.041044 0.022893 0.001965 0.479721 0.006579 1.688062
0.421160 0.029613 0.039972 0.022413 0.001951 0.478281 0.006611 1.691019
0.425130 0.028852 0.038948 0.021799 0.001939 0.476697 0.006636 1.693854
0.429090 0.028003 0.038006 0.021221 0.001917 0.475101 0.006661 1.696670
0.433126 0.027183 0.037102 0.020718 0.001895 0.473290 0.006686 1.699409
0.437163 0.026463 0.036131 0.020218 0.001868 0.471445 0.006712 1.702034
0.441172 0.025800 0.035206 0.019693 0.001859 0.469537 0.006734 1.704628
0.445137 0.025255 0.034285 0.019159 0.001839 0.467568 0.006757 1.707049
0.449111 0.024648 0.033468 0.018639 0.001829 0.465527 0.006779 1.709511
0.453125 0.023995 0.032675 0.018184 0.001804 0.463413 0.006804 1.711970
0.457125 0.023439 0.031907 0.017716 0.001774 0.461211 0.006827 1.714266
0.461070 0.022927 0.031178 0.017295 0.001764 0.458918 0.006847 1.716574
0.465202 0.022439 0.030445 0.016825 0.001740 0.456480 0.006868 1.718773
0.469212 0.021940 0.029718 0.016416 0.001713 0.454109 0.006891 1.721001
0.473195 0.021510 0.029033 0.015964 0.001687 0.451697 0.006915 1.723107
0.477155 0.021100 0.028382 0.015573 0.001662 0.449188 0.006941 1.725226
0.481091 0.020777 0.027657 0.015221 0.001637 0.446651 0.006966 1.727233
0.485168 0.020387 0.026942 0.014863 0.001624 0.444035 0.006983 1.729218
0.489077 0.020037 0.026353 0.014518 0.001596 0.441410 0.007008 1.731224
0.492927 0.019711 0.025824 0.014161 0.001573 0.438770 0.007034 1.733192
0.496831 0.019390 0.025288 0.013821 0.001564 0.436055 0.007052 1.735119
0.500779 0.018975 0.024683 0.013582 0.001541 0.433364 0.007076 1.737070
0.504640 0.018702 0.024152 0.013327 0.001522 0.430560 0.007097 1.738957
0.508460 0.018444 0.023618 0.013038 0.001504 0.427817 0.007120 1.740756
0.512261 0.018175 0.023119 0.012775 0.001483 0.425048 0.007141 1.742574
0.516065 0.017955 0.022626 0.012457 0.001465 0.422271 0.007160 1.744298
0.519818 0.017706 0.022140 0.012187 0.001445 0.419528 0.007175 1.746057
0.523647 0.017534 0.021638 0.011891 0.001422 0.416672 0.007196 1.747716
0.527250 0.017360 0.021233 0.011690 0.001416 0.413837 0.007213 1.749480
0.530801 0.017203 0.020838 0.011460 0.001389 0.411075 0.007234 1.751182
0.534357 0.017075 0.020434 0.011214 0.001373 0.408293 0.007253 1.752827
0.537980 0.016934 0.020120 0.010988 0.001343 0.405362 0.007273 1.754495
0.541531 0.016810 0.019701 0.010801 0.001323 0.402549 0.007286 1.756102
0.545196 0.016598 0.019353 0.010606 0.001295 0.399652 0.007300 1.757758
0.548622 0.016483 0.018981 0.010436 0.001271 0.396887 0.007319 1.759342
0.552113 0.016319 0.018672 0.010261 0.001248 0.394049 0.007337 1.760959
0.555546 0.016232 0.018398 0.010078 0.001225 0.391165 0.007357 1.762525
0.558952 0.016103 0.018109 0.009929 0.001206 0.388325 0.007376 1.764128
0.562361 0.016008 0.017820 0.009782 0.001190 0.385445 0.007395 1.765694
0.565749 0.015884 0.017594 0.009658 0.001164 0.382538 0.007412 1.767278
0.569091 0.015793 0.017358 0.009545 0.001140 0.379645 0.007428 1.768871
0.572454 0.015636 0.017150 0.009424 0.001129 0.376764 0.007443 1.770417
0.575755 0.015548 0.016916 0.009298 0.001104 0.373918 0.007461 1.771962
0.578935 0.015526 0.016711 0.009174 0.001075 0.371097 0.007482 1.773457
0.582081 0.015489 0.016482 0.009043 0.001061 0.368352 0.007492 1.774961
0.585255 0.015414 0.016282 0.008961 0.001045 0.365543 0.007501 1.776482
0.588358 0.015395 0.016089 0.008798 0.001038 0.362808 0.007513 1.777948
0.591448 0.015353 0.015927 0.008668 0.001020 0.360059 0.007527 1.779443
0.594397 0.015335 0.015755 0.008584 0.001001 0.357390 0.007540 1.780938
0.597355 0.015292 0.015559 0.008540 0.000980 0.354721 0.007554 1.782435
0.600332 0.015245 0.015452 0.008450 0.000967 0.351988 0.007567 1.783934
0.603272 0.015193 0.015269 0.008391 0.000949 0.349345 0.007582 1.785415
0.606227 0.015145 0.015177 0.008311 0.000938 0.346609 0.007594 1.786896
0.609078 0.015091 0.015099 0.008236 0.000921 0.343966 0.007608 1.788389
0.611774 0.015106 0.014970 0.008174 0.000915 0.341442 0.007620 1.789885
0.614504 0.015105 0.014804 0.008101 0.000897 0.338958 0.007631 1.791317
0.617300 0.015103 0.014680 0.008045 0.000879 0.336346 0.007648 1.792764
0.619996 0.015084 0.014593 0.008003 0.000860 0.333802 0.007661 1.794274
0.622803 0.015024 0.014481 0.007940 0.000848 0.331229 0.007675 1.795756
0.625573 0.014996 0.014365 0.007916 0.000827 0.328634 0.007688 1.797236
0.628271 0.014949 0.014312 0.007863 0.000814 0.326093 0.007697 1.798722
0.630927 0.014887 0.014254 0.007833 0.000803 0.323590 0.007706 1.800218
0.633496 0.014860 0.014148 0.007755 0.000797 0.321228 0.007715 1.801656
0.635989 0.014878 0.014116 0.007700 0.000785 0.318808 0.007724 1.803130
0.638570 0.014878 0.014057 0.007671 0.000782 0.316307 0.007734 1.804576
0.640987 0.014917 0.014016 0.007625 0.000776 0.313936 0.007744 1.806046
0.643416 0.014993 0.013960 0.007575 0.000775 0.311528 0.007752 1.807479
0.645763 0.015066 0.013907 0.007561 0.000769 0.309175 0.007759 1.808915
0.648037 0.015060 0.013941 0.007509 0.000759 0.306926 0.007768 1.810430
0.650376 0.015067 0.013922 0.007500 0.000752 0.304607 0.007776 1.811935
0.652596 0.015140 0.013904 0.007441 0.000749 0.302390 0.007781 1.813400
0.654795 0.015161 0.013886 0.007458 0.000742 0.300168 0.007791 1.814898
0.657038 0.015224 0.013810 0.007456 0.000734 0.297936 0.007801 1.816366
0.659218 0.015353 0.013778 0.007414 0.000720 0.295704 0.007815 1.817817
0.661291 0.015474 0.013739 0.007427 0.000717 0.293527 0.007824 1.819311
0.663420 0.015466 0.013776 0.007455 0.000701 0.291350 0.007834 1.820854
0.665503 0.015547 0.013794 0.007431 0.000695 0.289186 0.007843 1.822376
0.667549 0.015628 0.013823 0.007427 0.000685 0.287035 0.007853 1.823871
0.669643 0.015685 0.013805 0.007424 0.000669 0.284912 0.007862 1.825395
0.671572 0.015714 0.013874 0.007411 0.000663 0.282895 0.007871 1.826968
0.673468 0.015769 0.013880 0.007413 0.000656 0.280935 0.007880 1.828500
0.675426 0.015743 0.013876 0.007438 0.000656 0.278974 0.007888 1.830101
0.677258 0.015856 0.013881 0.007459 0.000652 0.276995 0.007898 1.831657
0.679097 0.015915 0.013898 0.007513 0.000640 0.275027 0.007908 1.833231
0.680731 0.015936 0.013958 0.007572 0.000633 0.273256 0.007915 1.834881
0.682420 0.016042 0.014018 0.007570 0.000631 0.271398 0.007922 1.836454
0.684245 0.016056 0.014065 0.007574 0.000630 0.269499 0.007931 1.838029
0.685920 0.016070 0.014079 0.007612 0.000626 0.267757 0.007937 1.839639
0.687603 0.016162 0.014045 0.007632 0.000613 0.266000 0.007945 1.841198
0.689271 0.016241 0.014090 0.007638 0.000613 0.264195 0.007953 1.842800
0.690931 0.016293 0.014132 0.007668 0.000600 0.262416 0.007959 1.844373
0.692496 0.016372 0.014208 0.007701 0.000602 0.260654 0.007966 1.845984
0.694080 0.016401 0.014291 0.007730 0.000595 0.258927 0.007975 1.847630
0.695646 0.016477 0.014287 0.007771 0.000589 0.257248 0.007982 1.849217
0.697081 0.016560 0.014272 0.007814 0.000592 0.255691 0.007992 1.850842
0.698558 0.016645 0.014347 0.007807 0.000585 0.254059 0.007999 1.852477
0.700086 0.016721 0.014374 0.007814 0.000588 0.252412 0.008005 1.854111
0.701481 0.016816 0.014372 0.007857 0.000581 0.250878 0.008013 1.855749
0.702790 0.016924 0.014421 0.007868 0.000579 0.249395 0.008022 1.857399
0.704174 0.016945 0.014492 0.007939 0.000574 0.247841 0.008034 1.859088
0.705450 0.017055 0.014504 0.007965 0.000571 0.246413 0.008041 1.860761
0.706920 0.017036 0.014628 0.007946 0.000566 0.244854 0.008050 1.862464
0.708169 0.017163 0.014689 0.007926 0.000554 0.243441 0.008058 1.864137
0.709388 0.017251 0.014758 0.007941 0.000550 0.242045 0.008067 1.865819
0.710639 0.017353 0.014799 0.007973 0.000541 0.240618 0.008077 1.867517
0.711821 0.017440 0.014911 0.007991 0.000532 0.239220 0.008085 1.869214
0.712918 0.017532 0.014921 0.008064 0.000525 0.237944 0.008095 1.870963
0.714096 0.017642 0.014957 0.008101 0.000525 0.236576 0.008102 1.872680
0.715270 0.017674 0.015032 0.008136 0.000527 0.235252 0.008109 1.874437
0.716363 0.017755 0.014985 0.008163 0.000524 0.234094 0.008116 1.876145
0.717474 0.017794 0.015043 0.008142 0.000525 0.232898 0.008124 1.877898
0.718504 0.017885 0.015042 0.008173 0.000526 0.231735 0.008133 1.879650
0.719597 0.018057 0.015096 0.008173 0.000526 0.230409 0.008142 1.881358
0.720675 0.018173 0.015116 0.008186 0.000522 0.229178 0.008150 1.883077
0.721632 0.018273 0.015186 0.008230 0.000522 0.227999 0.008159 1.884855
0.722604 0.018352 0.015228 0.008275 0.000533 0.226844 0.008164 1.886639
0.723460 0.018510 0.015317 0.008255 0.000536 0.225749 0.008173 1.888424
0.724422 0.018610 0.015437 0.008294 0.000543 0.224515 0.008178 1.890270
0.725275 0.018687 0.015533 0.008306 0.000548 0.223468 0.008183 1.892111
0.726113 0.018781 0.015658 0.008319 0.000549 0.222391 0.008189 1.893968
0.726931 0.018898 0.015658 0.008356 0.000548 0.221408 0.008201 1.895774
0.727645 0.019046 0.015716 0.008427 0.000553 0.220409 0.008205 1.897628
0.728481 0.019067 0.015842 0.008516 0.000556 0.219327 0.008211 1.899548
0.729247 0.019131 0.015948 0.008613 0.000548 0.218296 0.008218 1.901463
0.729978 0.019250 0.015980 0.008609 0.000552 0.217403 0.008228 1.903298
0.730721 0.019288 0.016029 0.008661 0.000551 0.216514 0.008236 1.905211
0.731440 0.019380 0.016080 0.008700 0.000562 0.215591 0.008246 1.907097
0.732147 0.019464 0.016165 0.008727 0.000566 0.214676 0.008255 1.908983
0.732851 0.019519 0.016171 0.008834 0.000566 0.213798 0.008260 1.910927
0.733588 0.019554 0.016268 0.008888 0.000560 0.212875 0.008268 1.912839
0.734252 0.019655 0.016353 0.008964 0.000558 0.211947 0.008273 1.914742
0.734896 0.019655 0.016408 0.008989 0.000559 0.211212 0.008280 1.916702
0.735493 0.019714 0.016522 0.009037 0.000564 0.210381 0.008289 1.918670
0.736165 0.019769 0.016508 0.009074 0.000564 0.209625 0.008297 1.920565
0.736730 0.019775 0.016635 0.009102 0.000570 0.208882 0.008306 1.922567
0.737316 0.019836 0.016718 0.009117 0.000567 0.208131 0.008316 1.924534
0.737889 0.019908 0.016814 0.009116 0.000560 0.207390 0.008323 1.926483
0.738481 0.019977 0.016866 0.009147 0.000574 0.206627 0.008328 1.928404
0.739096 0.019978 0.016948 0.009177 0.000581 0.205887 0.008333 1.930389
0.739650 0.020095 0.016958 0.009195 0.000578 0.205182 0.008343 1.932325
0.740141 0.020098 0.017078 0.009244 0.000582 0.204507 0.008351 1.934369
0.740785 0.020092 0.017088 0.009299 0.000582 0.203795 0.008359 1.936349
0.741317 0.020162 0.017168 0.009326 0.000576 0.203084 0.008366 1.938320
0.741843 0.020261 0.017241 0.009342 0.000576 0.202363 0.008374 1.940304
0.742333 0.020374 0.017261 0.009382 0.000580 0.201688 0.008383 1.942280
0.742808 0.020372 0.017312 0.009471 0.000579 0.201065 0.008395 1.944331
0.743124 0.020526 0.017356 0.009492 0.000589 0.200514 0.008399 1.946317
0.743493 0.020627 0.017445 0.009549 0.000600 0.199881 0.008405 1.948340
0.743853 0.020685 0.017585 0.009566 0.000603 0.199295 0.008413 1.950415
0.744089 0.020790 0.017653 0.009574 0.000603 0.198870 0.008422 1.952466
0.744479 0.020874 0.017752 0.009561 0.000599 0.198300 0.008434 1.954516
0.744911 0.020858 0.017881 0.009562 0.000607 0.197741 0.008440 1.956600
0.745340 0.020861 0.017979 0.009621 0.000613 0.197140 0.008446 1.958691
0.745655 0.020944 0.018018 0.009662 0.000616 0.196651 0.008455 1.960757
0.745965 0.021021 0.018019 0.009659 0.000619 0.196252 0.008465 1.962802
0.746296 0.021040 0.018090 0.009692 0.000615 0.195796 0.008471 1.964897
0.746613 0.021165 0.018127 0.009689 0.000626 0.195303 0.008476 1.966925
0.746915 0.021299 0.018196 0.009684 0.000630 0.194787 0.008488 1.968997
0.747179 0.021358 0.018258 0.009722 0.000640 0.194349 0.008493 1.971098
0.747366 0.021521 0.018298 0.009779 0.000639 0.193896 0.008501 1.973165
0.747646 0.021630 0.018345 0.009832 0.000639 0.193400 0.008507 1.975223
0.747832 0.021639 0.018479 0.009891 0.000631 0.193009 0.008519 1.977428
0.748024 0.021726 0.018514 0.009976 0.000638 0.192592 0.008529 1.979548
0.748160 0.021823 0.018571 0.009975 0.000639 0.192295 0.008538 1.981679
0.748400 0.021918 0.018646 0.009959 0.000641 0.191889 0.008547 1.983773
0.748512 0.022015 0.018717 0.009981 0.000642 0.191581 0.008554 1.985919
0.748590 0.022112 0.018771 0.010009 0.000649 0.191306 0.008563 1.988091
0.748654 0.022278 0.018781 0.010050 0.000647 0.191013 0.008577 1.990212
0.748891 0.022235 0.018864 0.010068 0.000651 0.190705 0.008586 1.992423
0.749064 0.022300 0.018932 0.010087 0.000650 0.190374 0.008594 1.994595
0.749186 0.022419 0.019022 0.010076 0.000652 0.190043 0.008602 1.996735
0.749284 0.022492 0.019124 0.010120 0.000653 0.189715 0.008611 1.998956
0.749450 0.022512 0.019185 0.010166 0.000652 0.189418 0.008617 2.001139
0.749615 0.022570 0.019219 0.010218 0.000651 0.189103 0.008625 2.003361
0.749805 0.022641 0.019260 0.010278 0.000656 0.188727 0.008632 2.005523
0.749896 0.022686 0.019320 0.010319 0.000666 0.188474 0.008639 2.007740
0.749927 0.022773 0.019375 0.010356 0.000670 0.188253 0.008646 2.009957
0.750020 0.022851 0.019422 0.010394 0.000669 0.187989 0.008655 2.012154
0.750128 0.022896 0.019477 0.010442 0.000664 0.187727 0.008665 2.014386
0.750192 0.023000 0.019534 0.010407 0.000666 0.187530 0.008672 2.016598
0.750331 0.022995 0.019552 0.010469 0.000661 0.187308 0.008685 2.018841
0.750383 0.022994 0.019610 0.010506 0.000659 0.187151 0.008696 2.021102
0.750433 0.023042 0.019666 0.010549 0.000657 0.186947 0.008706 2.023339
0.750375 0.023097 0.019735 0.010585 0.000657 0.186836 0.008716 2.025638
0.750393 0.023163 0.019809 0.010596 0.000663 0.186650 0.008726 2.027891
0.750460 0.023149 0.019824 0.010634 0.000664 0.186534 0.008734 2.030167
0.750479 0.023180 0.019901 0.010650 0.000666 0.186383 0.008740 2.032421
0.750532 0.023223 0.019912 0.010710 0.000671 0.186203 0.008749 2.034700
0.750508 0.023270 0.019916 0.010774 0.000678 0.186097 0.008757 2.036989
0.750477 0.023344 0.019956 0.010821 0.000677 0.185960 0.008765 2.039244
0.750496 0.023379 0.020018 0.010894 0.000678 0.185764 0.008771 2.041550
0.750498 0.023391 0.020063 0.010905 0.000686 0.185678 0.008779 2.043805
0.750577 0.023367 0.020131 0.010927 0.000690 0.185519 0.008790 2.046144
0.750602 0.023410 0.020192 0.010959 0.000690 0.185348 0.008799 2.048440
0.750650 0.023365 0.020213 0.010962 0.000693 0.185313 0.008805 2.050782
0.750736 0.023322 0.020215 0.010950 0.000693 0.185268 0.008814 2.053072
0.750786 0.023243 0.020313 0.010952 0.000695 0.185191 0.008821 2.055418
0.750856 0.023216 0.020359 0.010982 0.000700 0.185054 0.008835 2.057722
0.750909 0.023198 0.020328 0.011066 0.000710 0.184947 0.008842 2.060000
0.750905 0.023244 0.020325 0.011095 0.000718 0.184864 0.008850 2.062266
0.750953 0.023238 0.020357 0.011134 0.000711 0.184746 0.008861 2.064564
0.750944 0.023262 0.020376 0.011148 0.000714 0.184686 0.008870 2.066844
0.750971 0.023269 0.020463 0.011142 0.000718 0.184555 0.008882 2.069110
0.750992 0.023331 0.020490 0.011119 0.000722 0.184457 0.008890 2.071359
0.751003 0.023343 0.020557 0.011127 0.000729 0.184343 0.008898 2.073633
0.750906 0.023384 0.020585 0.011132 0.000723 0.184362 0.008908 2.075940
0.750843 0.023389 0.020629 0.011141 0.000709 0.184367 0.008921 2.078280
0.750912 0.023457 0.020604 0.011126 0.000717 0.184256 0.008929 2.080523
0.750953 0.023440 0.020635 0.011159 0.000715 0.184158 0.008940 2.082835
0.750938 0.023474 0.020598 0.011126 0.000728 0.184190 0.008945 2.085141
0.750945 0.023497 0.020598 0.011135 0.000731 0.184140 0.008954 2.087432
0.750873 0.023615 0.020576 0.011126 0.000738 0.184109 0.008964 2.089710
0.750847 0.023624 0.020552 0.011157 0.000743 0.184102 0.008974 2.092007
0.750752 0.023668 0.020604 0.011181 0.000744 0.184072 0.008979 2.094334
0.750661 0.023725 0.020633 0.011211 0.000745 0.184038 0.008988 2.096696
0.750651 0.023754 0.020749 0.011226 0.000762 0.183864 0.008995 2.099033
0.750636 0.023809 0.020787 0.011183 0.000759 0.183819 0.009007 2.101349
0.750524 0.023839 0.020809 0.011200 0.000756 0.183855 0.009017 2.103715
0.750447 0.023911 0.020896 0.011171 0.000755 0.183797 0.009024 2.106010
0.750342 0.023897 0.020953 0.011190 0.000754 0.183830 0.009033 2.108415
0.750281 0.023922 0.020963 0.011200 0.000758 0.183833 0.009042 2.110734
0.750268 0.023895 0.021067 0.011212 0.000755 0.183747 0.009055 2.113117
0.750244 0.023910 0.021135 0.011185 0.000753 0.183707 0.009066 2.115456
0.750179 0.023831 0.021165 0.011203 0.000756 0.183788 0.009078 2.117847
0.750155 0.023834 0.021160 0.011217 0.000763 0.183783 0.009088 2.120185
0.750152 0.023810 0.021185 0.011241 0.000763 0.183752 0.009097 2.122537
0.750040 0.023885 0.021149 0.011255 0.000757 0.183808 0.009107 2.124849
0.749999 0.023938 0.021107 0.011208 0.000769 0.183865 0.009114 2.127147
0.749987 0.023994 0.021149 0.011199 0.000758 0.183788 0.009124 2.129431
0.749871 0.023979 0.021210 0.011212 0.000758 0.183834 0.009136 2.131817
0.749772 0.024071 0.021218 0.011212 0.000758 0.183821 0.009148 2.134137
0.749723 0.024099 0.021304 0.011227 0.000759 0.183729 0.009160 2.136493
0.749774 0.024056 0.021320 0.011250 0.000754 0.183677 0.009169 2.138840
0.749699 0.024049 0.021290 0.011223 0.000750 0.183807 0.009182 2.141169
0.749640 0.024063 0.021291 0.011240 0.000760 0.183817 0.009190 2.143545
0.749541 0.024063 0.021310 0.011246 0.000759 0.183882 0.009200 2.145890
0.749451 0.024084 0.021268 0.011248 0.000760 0.183982 0.009209 2.148249
0.749456 0.024066 0.021264 0.011267 0.000769 0.183963 0.009216 2.150599
0.749467 0.024048 0.021302 0.011232 0.000762 0.183962 0.009228 2.152932
0.749372 0.024046 0.021317 0.011269 0.000761 0.184001 0.009235 2.155319
0.749273 0.024023 0.021364 0.011270 0.000760 0.184062 0.009247 2.157717
0.749205 0.024030 0.021376 0.011289 0.000754 0.184089 0.009258 2.160052
0.749196 0.023960 0.021446 0.011297 0.000753 0.184082 0.009267 2.162467
0.749162 0.023954 0.021406 0.011338 0.000754 0.184113 0.009274 2.164806
0.749134 0.024037 0.021386 0.011318 0.000760 0.184084 0.009282 2.167125
0.749064 0.024092 0.021378 0.011306 0.000767 0.184103 0.009290 2.169445
0.749109 0.024001 0.021459 0.011380 0.000769 0.183984 0.009298 2.171831
0.749080 0.023959 0.021569 0.011401 0.000778 0.183909 0.009304 2.174220
0.749007 0.024011 0.021538 0.011449 0.000784 0.183902 0.009310 2.176541
0.748939 0.023948 0.021481 0.011495 0.000775 0.184043 0.009320 2.178924
0.748870 0.024010 0.021462 0.011456 0.000779 0.184095 0.009329 2.181240
0.748839 0.024041 0.021482 0.011458 0.000773 0.184063 0.009345 2.183621
0.748846 0.024118 0.021403 0.011439 0.000770 0.184068 0.009355 2.185932
0.748769 0.024143 0.021374 0.011460 0.000774 0.184115 0.009365 2.188290
0.748773 0.024029 0.021443 0.011480 0.000784 0.184115 0.009376 2.190691
0.748714 0.024005 0.021531 0.011499 0.000772 0.184089 0.009391 2.193085
0.748589 0.023992 0.021550 0.011507 0.000768 0.184196 0.009399 2.195460
0.748517 0.024070 0.021515 0.011479 0.000775 0.184241 0.009404 2.197797
0.748455 0.024105 0.021494 0.011449 0.000778 0.184304 0.009414 2.200148
0.748389 0.024031 0.021494 0.011472 0.000772 0.184416 0.009426 2.202561
0.748346 0.024053 0.021488 0.011476 0.000766 0.184436 0.009435 2.204874
0.748340 0.023977 0.021531 0.011464 0.000773 0.184473 0.009442 2.207292
0.748304 0.024021 0.021493 0.011479 0.000770 0.184479 0.009455 2.209632
0.748310 0.023992 0.021512 0.011470 0.000775 0.184476 0.009466 2.211992
0.748224 0.024029 0.021526 0.011434 0.000773 0.184538 0.009477 2.214314
0.748236 0.024018 0.021535 0.011435 0.000786 0.184506 0.009484 2.216655
0.748080 0.024093 0.021561 0.011388 0.000788 0.184597 0.009494 2.219005
0.748039 0.024027 0.021573 0.011411 0.000788 0.184660 0.009502 2.221394
0.747994 0.024099 0.021534 0.011426 0.000787 0.184652 0.009510 2.223696
0.747937 0.024086 0.021517 0.011445 0.000786 0.184709 0.009520 2.226040
0.747939 0.024046 0.021503 0.011453 0.000779 0.184747 0.009534 2.228395
0.747909 0.023972 0.021537 0.011444 0.000779 0.184815 0.009545 2.230801
0.747890 0.023980 0.021492 0.011463 0.000781 0.184840 0.009555 2.233142
0.747844 0.023971 0.021454 0.011471 0.000781 0.184915 0.009564 2.235481
0.747869 0.023941 0.021437 0.011471 0.000786 0.184925 0.009572 2.237837
0.747845 0.023952 0.021422 0.011464 0.000790 0.184948 0.009579 2.240165
0.747871 0.023950 0.021477 0.011455 0.000785 0.184873 0.009589 2.242499
0.747845 0.023969 0.021475 0.011475 0.000781 0.184858 0.009599 2.244838
0.747803 0.023964 0.021418 0.011530 0.000783 0.184895 0.009608 2.247174
0.747736 0.023987 0.021416 0.011536 0.000793 0.184916 0.009616 2.249526
0.747730 0.023976 0.021401 0.011556 0.000798 0.184916 0.009624 2.251834
0.747744 0.024006 0.021407 0.011548 0.000801 0.184860 0.009635 2.254123
0.747787 0.023981 0.021393 0.011512 0.000802 0.184880 0.009645 2.256438
0.747744 0.024000 0.021429 0.011485 0.000808 0.184879 0.009656 2.258793
0.747705 0.024032 0.021418 0.011450 0.000811 0.184919 0.009666 2.261085
0.747683 0.024014 0.021396 0.011480 0.000811 0.184944 0.009673 2.263402
0.747694 0.024001 0.021443 0.011496 0.000798 0.184885 0.009684 2.265749
0.747604 0.024001 0.021497 0.011493 0.000800 0.184911 0.009694 2.268122
0.747644 0.023912 0.021542 0.011456 0.000794 0.184946 0.009706 2.270489
0.747700 0.023838 0.021500 0.011453 0.000792 0.185003 0.009715 2.272813
0.747650 0.023808 0.021493 0.011477 0.000791 0.185057 0.009725 2.275199
0.747639 0.023759 0.021474 0.011468 0.000795 0.185129 0.009736 2.277548
0.747647 0.023726 0.021465 0.011479 0.000797 0.185141 0.009744 2.279917
0.747669 0.023725 0.021461 0.011506 0.000792 0.185094 0.009752 2.282234
0.747644 0.023785 0.021456 0.011480 0.000791 0.185082 0.009761 2.284522
0.747615 0.023819 0.021436 0.011447 0.000798 0.185116 0.009768 2.286816
0.747583 0.023817 0.021419 0.011458 0.000798 0.185150 0.009775 2.289151
0.747538 0.023812 0.021413 0.011480 0.000805 0.185164 0.009786 2.291523
0.747549 0.023759 0.021489 0.011452 0.000810 0.185148 0.009794 2.293918
0.747513 0.023739 0.021462 0.011457 0.000806 0.185218 0.009805 2.296250
0.747475 0.023752 0.021438 0.011412 0.000803 0.185305 0.009814 2.298580
0.747454 0.023705 0.021452 0.011426 0.000794 0.185344 0.009824 2.300968
0.747359 0.023770 0.021485 0.011430 0.000801 0.185322 0.009832 2.303280
0.747305 0.023744 0.021449 0.011426 0.000801 0.185431 0.009843 2.305645
0.747344 0.023707 0.021407 0.011371 0.000795 0.185521 0.009854 2.307952
0.747286 0.023664 0.021400 0.011394 0.000805 0.185592 0.009860 2.310292
0.747299 0.023705 0.021383 0.011368 0.000805 0.185567 0.009873 2.312587
0.747259 0.023712 0.021348 0.011363 0.000793 0.185639 0.009886 2.314943
0.747320 0.023643 0.021427 0.011340 0.000797 0.185578 0.009897 2.317297
0.747165 0.023746 0.021365 0.011325 0.000796 0.185694 0.009908 2.319592
0.747134 0.023733 0.021367 0.011330 0.000793 0.185724 0.009919 2.321937
0.747224 0.023691 0.021400 0.011293 0.000784 0.185676 0.009931 2.324238
0.747269 0.023624 0.021427 0.011336 0.000787 0.185613 0.009944 2.326626
0.747245 0.023544 0.021522 0.011324 0.000786 0.185626 0.009954 2.328993
0.747204 0.023579 0.021499 0.011325 0.000791 0.185639 0.009963 2.331308
0.747245 0.023583 0.021440 0.011306 0.000789 0.185664 0.009972 2.333571
0.747312 0.023449 0.021416 0.011303 0.000788 0.185742 0.009990 2.335926
0.747292 0.023525 0.021375 0.011279 0.000783 0.185742 0.010004 2.338183
0.747298 0.023607 0.021367 0.011257 0.000786 0.185673 0.010013 2.340444
0.747325 0.023554 0.021388 0.011247 0.000794 0.185673 0.010018 2.342759
0.747341 0.023523 0.021330 0.011252 0.000798 0.185727 0.010029 2.345085
0.747364 0.023518 0.021266 0.011262 0.000794 0.185758 0.010040 2.347376
0.747257 0.023580 0.021256 0.011297 0.000792 0.185766 0.010050 2.349699
0.747257 0.023520 0.021230 0.011306 0.000788 0.185838 0.010060 2.352050
0.747296 0.023512 0.021195 0.011319 0.000795 0.185816 0.010068 2.354330
0.747262 0.023488 0.021168 0.011365 0.000796 0.185841 0.010080 2.356683
0.747288 0.023479 0.021165 0.011315 0.000793 0.185868 0.010089 2.358979
0.747313 0.023480 0.021159 0.011307 0.000796 0.185848 0.010099 2.361281
0.747295 0.023492 0.021083 0.011338 0.000797 0.185886 0.010110 2.363569
0.747202 0.023508 0.021072 0.011350 0.000798 0.185951 0.010120 2.365906
0.747270 0.023432 0.021135 0.011359 0.000803 0.185873 0.010128 2.368259
0.747217 0.023478 0.021128 0.011311 0.000810 0.185920 0.010138 2.370541
0.747223 0.023551 0.021086 0.011282 0.000807 0.185902 0.010150 2.372811
0.747275 0.023480 0.021098 0.011288 0.000812 0.185886 0.010161 2.375157
0.747405 0.023393 0.021074 0.011304 0.000823 0.185832 0.010169 2.377460
0.747560 0.023428 0.021024 0.011225 0.000832 0.185754 0.010179 2.379658
0.747644 0.023425 0.021008 0.011203 0.000832 0.185698 0.010190 2.381938
0.747620 0.023400 0.021050 0.011212 0.000831 0.185688 0.010200 2.384273
0.747683 0.023406 0.021003 0.011210 0.000821 0.185666 0.010211 2.386529
0.747751 0.023293 0.021031 0.011226 0.000817 0.185659 0.010223 2.388858
0.747843 0.023277 0.021028 0.011188 0.000808 0.185620 0.010235 2.391123
0.747876 0.023234 0.021066 0.011178 0.000810 0.185594 0.010242 2.393450
0.747908 0.023216 0.021071 0.011193 0.000803 0.185557 0.010253 2.395761
0.748010 0.023147 0.021044 0.011157 0.000802 0.185576 0.010263 2.398038
0.748040 0.023158 0.021071 0.011107 0.000794 0.185557 0.010274 2.400294
0.747986 0.023202 0.021059 0.011102 0.000789 0.185575 0.010286 2.402588
0.748010 0.023214 0.021071 0.011063 0.000793 0.185554 0.010296 2.404875
0.748064 0.023240 0.021059 0.011105 0.000788 0.185437 0.010307 2.407151
0.748145 0.023203 0.021085 0.011106 0.000788 0.185359 0.010315 2.409461
0.748203 0.023180 0.021115 0.011087 0.000788 0.185299 0.010328 2.411748
0.748255 0.023155 0.021143 0.011086 0.000784 0.185241 0.010336 2.414031
0.748368 0.023141 0.021128 0.011095 0.000775 0.185146 0.010347 2.416309
0.748381 0.023205 0.021151 0.011117 0.000773 0.185015 0.010358 2.418579
0.748406 0.023223 0.021163 0.011132 0.000768 0.184941 0.010367 2.420844
0.748499 0.023175 0.021140 0.011130 0.000780 0.184902 0.010374 2.423124
0.748496 0.023218 0.021053 0.011150 0.000775 0.184922 0.010386 2.425419
0.748550 0.023201 0.021067 0.011150 0.000770 0.184865 0.010397 2.427686
0.748577 0.023189 0.021044 0.011140 0.000777 0.184866 0.010408 2.429969
0.748601 0.023228 0.021023 0.011109 0.000767 0.184852 0.010418 2.432203
0.748591 0.023237 0.021031 0.011125 0.000766 0.184822 0.010428 2.434487
0.748589 0.023301 0.021063 0.011119 0.000769 0.184723 0.010436 2.436802
0.748688 0.023245 0.021054 0.011145 0.000759 0.184658 0.010453 2.439118
0.748739 0.023177 0.021078 0.011177 0.000768 0.184603 0.010460 2.441438
0.748824 0.023137 0.021068 0.011140 0.000762 0.184599 0.010471 2.443703
0.748879 0.023141 0.021068 0.011108 0.000761 0.184560 0.010483 2.445955
0.748959 0.023112 0.021014 0.011084 0.000761 0.184577 0.010493 2.448218
0.749029 0.023132 0.020992 0.011089 0.000757 0.184497 0.010503 2.450471
0.749083 0.023212 0.020924 0.011044 0.000751 0.184475 0.010511 2.452682
0.749128 0.023196 0.020936 0.011063 0.000752 0.184408 0.010518 2.454965
0.749173 0.023223 0.020909 0.011054 0.000756 0.184360 0.010525 2.457208
0.749245 0.023153 0.020901 0.011053 0.000753 0.184360 0.010535 2.459488
0.749210 0.023208 0.020928 0.011083 0.000749 0.184279 0.010544 2.461757
0.749207 0.023275 0.020933 0.011013 0.000750 0.184271 0.010552 2.463986
0.749274 0.023277 0.020908 0.010986 0.000745 0.184249 0.010561 2.466239
0.749287 0.023230 0.020961 0.011046 0.000734 0.184167 0.010575 2.468549
0.749376 0.023226 0.020942 0.011052 0.000727 0.184088 0.010588 2.470801
0.749339 0.023253 0.020926 0.011035 0.000727 0.184124 0.010596 2.473050
0.749336 0.023258 0.020882 0.011093 0.000727 0.184096 0.010609 2.475351
0.749373 0.023269 0.020870 0.011100 0.000742 0.184030 0.010615 2.477612
0.749331 0.023413 0.020862 0.011118 0.000740 0.183913 0.010624 2.479803
0.749379 0.023309 0.020910 0.011146 0.000739 0.183882 0.010636 2.482150
0.749389 0.023331 0.020857 0.011164 0.000741 0.183879 0.010640 2.484411
0.749346 0.023428 0.020865 0.011155 0.000739 0.183819 0.010648 2.486670
0.749287 0.023405 0.020941 0.011164 0.000729 0.183819 0.010656 2.488998
0.749348 0.023376 0.020923 0.011212 0.000727 0.183752 0.010662 2.491310
0.749479 0.023321 0.020886 0.011259 0.000725 0.183657 0.010673 2.493600
0.749494 0.023332 0.020897 0.011253 0.000728 0.183611 0.010685 2.495883
0.749420 0.023340 0.020938 0.011258 0.000733 0.183621 0.010691 2.498187
0.749364 0.023261 0.020958 0.011264 0.000741 0.183716 0.010696 2.500537
0.749305 0.023345 0.020871 0.011230 0.000739 0.183802 0.010709 2.502793
0.749307 0.023364 0.020891 0.011244 0.000745 0.183732 0.010717 2.505108
0.749303 0.023337 0.020868 0.011276 0.000747 0.183740 0.010729 2.507407
0.749396 0.023301 0.020909 0.011258 0.000749 0.183649 0.010738 2.509700
0.749461 0.023267 0.020895 0.011252 0.000757 0.183622 0.010747 2.511974
0.749452 0.023314 0.020840 0.011225 0.000756 0.183659 0.010754 2.514237
0.749531 0.023261 0.020826 0.011216 0.000758 0.183646 0.010763 2.516508
0.749498 0.023317 0.020772 0.011191 0.000757 0.183694 0.010771 2.518765
0.749461 0.023361 0.020766 0.011140 0.000760 0.183734 0.010779 2.521025
0.749559 0.023349 0.020801 0.011145 0.000761 0.183600 0.010787 2.523304
0.749536 0.023315 0.020787 0.011123 0.000772 0.183673 0.010795 2.525625
0.749483 0.023314 0.020796 0.011109 0.000768 0.183722 0.010809 2.527899
0.749462 0.023401 0.020798 0.011052 0.000767 0.183697 0.010822 2.530135
0.749519 0.023387 0.020822 0.011059 0.000763 0.183618 0.010832 2.532422
0.749643 0.023295 0.020805 0.011090 0.000759 0.183565 0.010841 2.534760
0.749582 0.023344 0.020842 0.011110 0.000756 0.183512 0.010854 2.537047
0.749575 0.023355 0.020858 0.011083 0.000757 0.183511 0.010862 2.539319
0.749623 0.023340 0.020803 0.011083 0.000762 0.183519 0.010869 2.541597
0.749586 0.023335 0.020852 0.011023 0.000766 0.183560 0.010878 2.543867
0.749594 0.023284 0.020901 0.011066 0.000765 0.183504 0.010888 2.546189
0.749528 0.023294 0.020899 0.011078 0.000769 0.183535 0.010897 2.548501
0.749524 0.023331 0.020846 0.011068 0.000764 0.183559 0.010909 2.550735
0.749567 0.023249 0.020836 0.011080 0.000762 0.183590 0.010915 2.553061
0.749605 0.023271 0.020832 0.011077 0.000762 0.183527 0.010925 2.555364
0.749534 0.023365 0.020776 0.011127 0.000751 0.183509 0.010938 2.557640
0.749514 0.023368 0.020806 0.011147 0.000749 0.183473 0.010944 2.559915
0.749463 0.023458 0.020764 0.011143 0.000746 0.183475 0.010952 2.562173
0.749442 0.023482 0.020709 0.011194 0.000745 0.183469 0.010959 2.564456
0.749469 0.023576 0.020614 0.011207 0.000742 0.183422 0.010970 2.566650
0.749445 0.023599 0.020691 0.011227 0.000747 0.183314 0.010977 2.568950
0.749407 0.023619 0.020716 0.011227 0.000749 0.183294 0.010989 2.571255
0.749338 0.023571 0.020755 0.011209 0.000756 0.183370 0.011001 2.573624
0.749345 0.023546 0.020829 0.011158 0.000748 0.183366 0.011008 2.575916
0.749248 0.023531 0.020892 0.011180 0.000751 0.183382 0.011016 2.578287
0.749305 0.023545 0.020907 0.011169 0.000746 0.183299 0.011029 2.580568
0.749399 0.023525 0.020921 0.011190 0.000746 0.183180 0.011039 2.582883
0.749401 0.023608 0.020953 0.011170 0.000753 0.183069 0.011046 2.585149
0.749372 0.023621 0.020942 0.011173 0.000753 0.183085 0.011054 2.587421
0.749265 0.023634 0.020982 0.011180 0.000754 0.183120 0.011066 2.589758
0.749265 0.023656 0.020948 0.011209 0.000749 0.183098 0.011076 2.592042
0.749321 0.023590 0.020994 0.011222 0.000753 0.183033 0.011087 2.594370
0.749295 0.023613 0.021017 0.011225 0.000752 0.183002 0.011096 2.596649
0.749266 0.023571 0.021066 0.011214 0.000745 0.183032 0.011107 2.598985
0.749295 0.023525 0.021081 0.011217 0.000750 0.183015 0.011117 2.601282
0.749267 0.023495 0.021079 0.011250 0.000744 0.183039 0.011127 2.603608
0.749331 0.023444 0.021130 0.011235 0.000743 0.182982 0.011136 2.605908
0.749216 0.023484 0.021209 0.011219 0.000749 0.182979 0.011145 2.608201
0.749153 0.023476 0.021243 0.011237 0.000750 0.182989 0.011153 2.610571
0.749213 0.023479 0.021219 0.011219 0.000753 0.182960 0.011158 2.612867
0.749259 0.023508 0.021187 0.011240 0.000756 0.182885 0.011167 2.615146
0.749241 0.023479 0.021195 0.011206 0.000755 0.182948 0.011177 2.617450
0.749190 0.023508 0.021181 0.011215 0.000760 0.182960 0.011186 2.619753
0.749100 0.023566 0.021170 0.011237 0.000766 0.182964 0.011196 2.622043
0.749103 0.023453 0.021190 0.011263 0.000759 0.183025 0.011208 2.624414
0.749124 0.023447 0.021128 0.011263 0.000763 0.183058 0.011217 2.626660
0.749164 0.023401 0.021084 0.011262 0.000764 0.183102 0.011225 2.628964
0.749180 0.023343 0.020990 0.011263 0.000767 0.183228 0.011229 2.631253
0.749202 0.023415 0.020995 0.011189 0.000763 0.183196 0.011241 2.633491
0.749212 0.023461 0.020982 0.011201 0.000764 0.183132 0.011250 2.635760
0.749208 0.023420 0.021011 0.011151 0.000764 0.183185 0.011261 2.638073
0.749163 0.023449 0.020959 0.011161 0.000765 0.183236 0.011267 2.640331
0.749175 0.023393 0.020948 0.011201 0.000763 0.183242 0.011278 2.642661
0.749268 0.023359 0.020934 0.011208 0.000754 0.183189 0.011289 2.644964
0.749360 0.023270 0.020958 0.011155 0.000760 0.183202 0.011297 2.647309
0.749310 0.023365 0.020960 0.011134 0.000756 0.183170 0.011305 2.649533
0.749276 0.023335 0.020905 0.011152 0.000747 0.183267 0.011318 2.651829
0.749238 0.023345 0.020926 0.011129 0.000737 0.183295 0.011332 2.654111
0.749231 0.023378 0.020920 0.011108 0.000735 0.183289 0.011340 2.656388
0.749163 0.023473 0.020876 0.011110 0.000740 0.183293 0.011347 2.658656
0.749247 0.023420 0.020858 0.011098 0.000739 0.183282 0.011356 2.660959
0.749237 0.023394 0.020845 0.011123 0.000742 0.183292 0.011368 2.663276
0.749245 0.023334 0.020845 0.011173 0.000739 0.183287 0.011377 2.665578
0.749256 0.023304 0.020857 0.011151 0.000745 0.183296 0.011390 2.667874
0.749240 0.023327 0.020778 0.011174 0.000739 0.183343 0.011400 2.670157
0.749315 0.023246 0.020841 0.011189 0.000743 0.183259 0.011408 2.672530
0.749384 0.023207 0.020869 0.011203 0.000736 0.183183 0.011420 2.674822
0.749391 0.023184 0.020887 0.011220 0.000742 0.183149 0.011426 2.677132
0.749382 0.023276 0.020826 0.011192 0.000748 0.183140 0.011437 2.679376
0.749321 0.023304 0.020886 0.011198 0.000751 0.183095 0.011446 2.681658
0.749370 0.023330 0.020934 0.011193 0.000743 0.182979 0.011451 2.683910
0.749431 0.023280 0.020952 0.011189 0.000739 0.182950 0.011460 2.686183
0.749416 0.023299 0.020928 0.011160 0.000744 0.182982 0.011471 2.688478
0.749488 0.023228 0.020971 0.011176 0.000749 0.182909 0.011479 2.690791
0.749551 0.023251 0.020968 0.011147 0.000744 0.182850 0.011489 2.693040
0.749552 0.023294 0.020871 0.011159 0.000744 0.182883 0.011497 2.695263
0.749678 0.023241 0.020863 0.011162 0.000741 0.182812 0.011504 2.697537
0.749765 0.023181 0.020864 0.011171 0.000743 0.182766 0.011512 2.699869
0.749753 0.023165 0.020846 0.011164 0.000740 0.182812 0.011520 2.702127
0.749722 0.023161 0.020863 0.011132 0.000746 0.182847 0.011529 2.704414
0.749791 0.023179 0.020807 0.011143 0.000737 0.182802 0.011541 2.706647
0.749803 0.023143 0.020805 0.011163 0.000740 0.182796 0.011551 2.708939
0.749798 0.023146 0.020782 0.011155 0.000744 0.182816 0.011560 2.711214
0.749861 0.023071 0.020784 0.011156 0.000752 0.182812 0.011566 2.713498
0.749923 0.022951 0.020809 0.011149 0.000762 0.182835 0.011572 2.715815
0.749908 0.022983 0.020761 0.011133 0.000770 0.182859 0.011586 2.718065
0.749927 0.022928 0.020736 0.011137 0.000769 0.182905 0.011598 2.720381
0.749948 0.022899 0.020702 0.011167 0.000760 0.182916 0.011609 2.722650
0.749998 0.022879 0.020660 0.011148 0.000758 0.182941 0.011617 2.724885
0.750082 0.022869 0.020655 0.011151 0.000760 0.182858 0.011626 2.727123
0.750060 0.022905 0.020631 0.011122 0.000766 0.182886 0.011631 2.729399
0.750152 0.022882 0.020615 0.011121 0.000763 0.182828 0.011639 2.731635
0.750195 0.022906 0.020594 0.011139 0.000762 0.182754 0.011649 2.733884
0.750228 0.022912 0.020567 0.011135 0.000765 0.182731 0.011662 2.736165
0.750264 0.022863 0.020600 0.011102 0.000768 0.182731 0.011672 2.738414
0.750319 0.022916 0.020504 0.011072 0.000761 0.182747 0.011682 2.740591
0.750370 0.022894 0.020571 0.011045 0.000766 0.182663 0.011692 2.742844
0.750442 0.022940 0.020574 0.011003 0.000765 0.182576 0.011700 2.745082
0.750588 0.022844 0.020547 0.011025 0.000752 0.182533 0.011712 2.747368
0.750530 0.022898 0.020617 0.010998 0.000737 0.182497 0.011722 2.749619
0.750508 0.022838 0.020644 0.011015 0.000743 0.182519 0.011733 2.751934
0.750552 0.022875 0.020644 0.011012 0.000737 0.182437 0.011744 2.754157
0.750546 0.022820 0.020653 0.011052 0.000745 0.182434 0.011750 2.756455
0.750564 0.022777 0.020657 0.011059 0.000749 0.182438 0.011756 2.758724
0.750612 0.022805 0.020558 0.011069 0.000750 0.182439 0.011767 2.760960
0.750762 0.022735 0.020605 0.011062 0.000756 0.182305 0.011774 2.763219
0.750764 0.022804 0.020617 0.011060 0.000753 0.182214 0.011789 2.765467
0.750794 0.022819 0.020569 0.011021 0.000760 0.182241 0.011796 2.767695
0.750775 0.022830 0.020625 0.011023 0.000766 0.182176 0.011805 2.769987
0.750792 0.022833 0.020650 0.011023 0.000766 0.182125 0.011811 2.772219
0.750816 0.022873 0.020637 0.011001 0.000769 0.182087 0.011817 2.774448
0.750892 0.022832 0.020646 0.010966 0.000779 0.182059 0.011826 2.776691
0.750977 0.022833 0.020647 0.011002 0.000764 0.181937 0.011839 2.778931
0.750992 0.022843 0.020607 0.011007 0.000755 0.181943 0.011853 2.781157
0.751020 0.022854 0.020595 0.011032 0.000753 0.181884 0.011862 2.783370
0.751084 0.022842 0.020582 0.011032 0.000744 0.181841 0.011876 2.785635
0.751039 0.022864 0.020527 0.011028 0.000733 0.181921 0.011888 2.787876
0.751064 0.022843 0.020503 0.011011 0.000732 0.181949 0.011900 2.790114
0.751046 0.022868 0.020521 0.010997 0.000732 0.181924 0.011911 2.792330
0.750973 0.022859 0.020555 0.010987 0.000730 0.181976 0.011920 2.794615
0.750955 0.022955 0.020522 0.010990 0.000728 0.181920 0.011928 2.796842
0.750962 0.022983 0.020478 0.011004 0.000733 0.181901 0.011939 2.799059
0.751029 0.022925 0.020523 0.011003 0.000735 0.181840 0.011945 2.801356
0.751040 0.022969 0.020523 0.010989 0.000744 0.181781 0.011953 2.803595
0.751073 0.022939 0.020551 0.011020 0.000744 0.181715 0.011959 2.805869
0.751078 0.022948 0.020574 0.011037 0.000745 0.181652 0.011966 2.808142
0.751144 0.022866 0.020570 0.011033 0.000744 0.181667 0.011974 2.810431
0.751160 0.022916 0.020540 0.011056 0.000742 0.181605 0.011981 2.812671
0.751167 0.022892 0.020536 0.011086 0.000745 0.181585 0.011990 2.814922
0.751322 0.022877 0.020516 0.011063 0.000751 0.181471 0.012001 2.817133
0.751422 0.022854 0.020547 0.011016 0.000741 0.181409 0.012012 2.819337
0.751396 0.022826 0.020569 0.010993 0.000744 0.181451 0.012022 2.821613
0.751496 0.022765 0.020490 0.010974 0.000741 0.181500 0.012034 2.823814
0.751425 0.022777 0.020486 0.010951 0.000729 0.181587 0.012045 2.826074
0.751454 0.022776 0.020534 0.010933 0.000735 0.181515 0.012053 2.828347
0.751539 0.022831 0.020493 0.010946 0.000730 0.181399 0.012062 2.830547
0.751585 0.022717 0.020577 0.010939 0.000726 0.181385 0.012071 2.832869
