0.331114 0.063277 0.056929 0.032674 0.002194 0.507555 0.006257 1.660126
0.333874 0.060749 0.056828 0.032497 0.002170 0.507590 0.006293 1.666242
0.337422 0.057772 0.056550 0.032113 0.002177 0.507650 0.006316 1.672068
0.341414 0.054562 0.056224 0.031740 0.002177 0.507541 0.006343 1.677644
0.345851 0.051477 0.055577 0.031238 0.002171 0.507312 0.006373 1.682767
0.350379 0.048383 0.054941 0.030653 0.002161 0.507081 0.006401 1.687611
0.355159 0.045286 0.054141 0.030074 0.002141 0.506769 0.006430 1.692254
0.359992 0.042369 0.053191 0.029388 0.002132 0.506475 0.006453 1.696594
0.364985 0.039646 0.052080 0.028683 0.002109 0.506013 0.006485 1.700613
0.370158 0.037043 0.050895 0.027980 0.002098 0.505320 0.006507 1.704386
0.375404 0.034601 0.049641 0.027152 0.002101 0.504565 0.006536 1.707885
0.380797 0.032300 0.048308 0.026348 0.002082 0.503604 0.006560 1.711163
0.386260 0.030202 0.046961 0.025504 0.002070 0.502417 0.006586 1.714232
0.391631 0.028204 0.045558 0.024700 0.002049 0.501242 0.006616 1.717124
0.397079 0.026318 0.044225 0.023832 0.002048 0.499859 0.006639 1.719861
0.402526 0.024659 0.042744 0.022912 0.002030 0.498465 0.006663 1.722309
0.407891 0.023080 0.041279 0.022062 0.002014 0.496983 0.006691 1.724646
0.413291 0.021625 0.039913 0.021172 0.001985 0.495287 0.006727 1.726848
0.418751 0.020245 0.038525 0.020338 0.001973 0.493414 0.006755 1.728888
0.424208 0.018971 0.037121 0.019548 0.001953 0.491417 0.006782 1.730822
0.429776 0.017749 0.035759 0.018807 0.001922 0.489179 0.006809 1.732640
0.435253 0.016632 0.034357 0.018037 0.001883 0.487002 0.006838 1.734334
0.440747 0.015564 0.033015 0.017332 0.001863 0.484616 0.006863 1.735955
0.446155 0.014610 0.031707 0.016610 0.001834 0.482202 0.006882 1.737442
0.451564 0.013728 0.030478 0.015855 0.001810 0.479658 0.006907 1.738832
0.457017 0.012923 0.029215 0.015204 0.001776 0.476937 0.006928 1.740153
0.462534 0.012171 0.028026 0.014550 0.001747 0.474022 0.006949 1.741372
0.467925 0.011492 0.026778 0.013893 0.001713 0.471229 0.006969 1.742501
0.473369 0.010827 0.025658 0.013276 0.001704 0.468180 0.006988 1.743624
0.478856 0.010205 0.024564 0.012682 0.001684 0.464998 0.007012 1.744652
0.484226 0.009616 0.023511 0.012146 0.001647 0.461816 0.007037 1.745663
0.489567 0.009075 0.022533 0.011606 0.001605 0.458555 0.007060 1.746587
0.494845 0.008632 0.021556 0.011094 0.001572 0.455222 0.007080 1.747432
0.500098 0.008166 0.020663 0.010560 0.001544 0.451871 0.007099 1.748287
0.505343 0.007753 0.019724 0.010105 0.001514 0.448444 0.007118 1.749072
0.510593 0.007329 0.018877 0.009646 0.001478 0.444934 0.007144 1.749823
0.515760 0.006982 0.018015 0.009190 0.001453 0.441438 0.007162 1.750508
0.520918 0.006642 0.017210 0.008802 0.001418 0.437830 0.007179 1.751174
0.526053 0.006322 0.016471 0.008401 0.001383 0.434172 0.007198 1.751794
0.531022 0.006010 0.015728 0.008029 0.001341 0.430653 0.007216 1.752419
0.536013 0.005716 0.015061 0.007657 0.001330 0.426995 0.007230 1.753008
0.541040 0.005455 0.014375 0.007294 0.001303 0.423287 0.007246 1.753559
0.546083 0.005203 0.013686 0.006977 0.001280 0.419510 0.007262 1.754099
0.551072 0.004948 0.013068 0.006630 0.001253 0.415754 0.007275 1.754602
0.556001 0.004706 0.012483 0.006329 0.001214 0.411977 0.007292 1.755086
0.560962 0.004465 0.011922 0.006051 0.001180 0.408114 0.007308 1.755561
0.565746 0.004250 0.011392 0.005759 0.001156 0.404372 0.007326 1.755987
0.570525 0.004045 0.010856 0.005500 0.001125 0.400603 0.007344 1.756416
0.575247 0.003864 0.010327 0.005233 0.001089 0.396879 0.007361 1.756813
0.580006 0.003681 0.009857 0.005009 0.001060 0.393010 0.007376 1.757180
0.584609 0.003549 0.009415 0.004784 0.001040 0.389215 0.007388 1.757525
0.589202 0.003436 0.008985 0.004563 0.001008 0.385399 0.007407 1.757863
0.593807 0.003297 0.008558 0.004350 0.000976 0.381589 0.007424 1.758193
0.598278 0.003187 0.008182 0.004127 0.000948 0.377843 0.007435 1.758504
0.602733 0.003078 0.007807 0.003941 0.000934 0.374063 0.007444 1.758801
0.607224 0.002960 0.007467 0.003741 0.000908 0.370244 0.007458 1.759098
0.611655 0.002839 0.007111 0.003565 0.000879 0.366479 0.007472 1.759374
0.616057 0.002733 0.006770 0.003396 0.000857 0.362705 0.007482 1.759659
0.620488 0.002623 0.006482 0.003240 0.000833 0.358843 0.007492 1.759938
0.624800 0.002526 0.006215 0.003119 0.000792 0.355041 0.007507 1.760204
0.629015 0.002445 0.005940 0.002944 0.000774 0.351367 0.007515 1.760449
0.633211 0.002360 0.005724 0.002830 0.000749 0.347598 0.007529 1.760687
0.637348 0.002284 0.005468 0.002711 0.000724 0.343926 0.007541 1.760916
0.641399 0.002204 0.005238 0.002597 0.000708 0.340303 0.007551 1.761148
0.645439 0.002122 0.004997 0.002492 0.000693 0.336699 0.007558 1.761373
0.649550 0.002049 0.004758 0.002388 0.000665 0.333023 0.007567 1.761569
0.653593 0.001988 0.004553 0.002283 0.000646 0.329359 0.007579 1.761757
0.657643 0.001932 0.004365 0.002166 0.000626 0.325678 0.007590 1.761941
0.661537 0.001873 0.004216 0.002085 0.000605 0.322084 0.007601 1.762125
0.665383 0.001806 0.004037 0.002007 0.000590 0.318568 0.007611 1.762318
0.669198 0.001759 0.003832 0.001916 0.000573 0.315105 0.007618 1.762480
0.673006 0.001704 0.003669 0.001847 0.000554 0.311594 0.007628 1.762652
0.676810 0.001656 0.003503 0.001767 0.000538 0.308087 0.007638 1.762804
0.680480 0.001604 0.003359 0.001707 0.000520 0.304687 0.007644 1.762969
0.684226 0.001565 0.003244 0.001646 0.000507 0.301166 0.007648 1.763121
0.687908 0.001519 0.003118 0.001577 0.000493 0.297733 0.007653 1.763272
0.691483 0.001482 0.002994 0.001510 0.000471 0.294399 0.007664 1.763408
0.694993 0.001428 0.002883 0.001442 0.000460 0.291125 0.007671 1.763561
0.698530 0.001380 0.002771 0.001385 0.000444 0.287810 0.007681 1.763704
0.702049 0.001319 0.002658 0.001340 0.000434 0.284514 0.007687 1.763845
0.705446 0.001278 0.002582 0.001288 0.000425 0.281290 0.007692 1.763981
0.708844 0.001239 0.002470 0.001250 0.000412 0.278086 0.007699 1.764104
0.712142 0.001208 0.002383 0.001197 0.000401 0.274965 0.007705 1.764216
0.715509 0.001188 0.002292 0.001145 0.000390 0.271770 0.007707 1.764326
0.718768 0.001181 0.002199 0.001106 0.000376 0.268658 0.007713 1.764433
0.722067 0.001136 0.002132 0.001067 0.000367 0.265514 0.007719 1.764545
0.725329 0.001107 0.002046 0.001031 0.000357 0.262406 0.007724 1.764655
0.728530 0.001071 0.001973 0.000993 0.000346 0.259358 0.007728 1.764765
0.731701 0.001037 0.001896 0.000972 0.000330 0.256331 0.007734 1.764872
0.734813 0.001019 0.001838 0.000935 0.000320 0.253338 0.007737 1.764974
0.737879 0.001000 0.001779 0.000918 0.000309 0.250372 0.007744 1.765072
0.740947 0.000967 0.001709 0.000882 0.000295 0.247450 0.007750 1.765163
0.744051 0.000939 0.001647 0.000851 0.000288 0.244471 0.007754 1.765259
0.746999 0.000918 0.001580 0.000822 0.000282 0.241644 0.007756 1.765347
0.749954 0.000889 0.001535 0.000799 0.000272 0.238794 0.007759 1.765443
0.752846 0.000864 0.001484 0.000777 0.000265 0.236002 0.007762 1.765530
0.755697 0.000837 0.001437 0.000738 0.000258 0.233268 0.007765 1.765620
0.758556 0.000810 0.001384 0.000713 0.000248 0.230519 0.007771 1.765696
0.761353 0.000784 0.001360 0.000681 0.000242 0.227807 0.007774 1.765784
0.764145 0.000766 0.001322 0.000657 0.000236 0.225099 0.007775 1.765856
0.766903 0.000731 0.001292 0.000639 0.000228 0.222427 0.007780 1.765945
0.769632 0.000720 0.001252 0.000618 0.000222 0.219773 0.007784 1.766018
0.772337 0.000707 0.001195 0.000600 0.000216 0.217160 0.007786 1.766081
0.774934 0.000687 0.001154 0.000573 0.000207 0.214655 0.007790 1.766151
0.777576 0.000672 0.001118 0.000548 0.000199 0.212095 0.007793 1.766215
0.780171 0.000657 0.001079 0.000527 0.000196 0.209575 0.007796 1.766280
0.782737 0.000646 0.001044 0.000502 0.000192 0.207083 0.007797 1.766340
0.785277 0.000618 0.001010 0.000497 0.000187 0.204612 0.007799 1.766411
0.787805 0.000586 0.000974 0.000493 0.000182 0.202161 0.007800 1.766482
0.790289 0.000570 0.000947 0.000477 0.000176 0.199739 0.007802 1.766540
0.792748 0.000555 0.000904 0.000469 0.000168 0.197353 0.007804 1.766600
0.795191 0.000537 0.000878 0.000459 0.000160 0.194968 0.007809 1.766656
0.797583 0.000529 0.000862 0.000442 0.000151 0.192619 0.007815 1.766701
0.799922 0.000521 0.000833 0.000428 0.000148 0.190333 0.007815 1.766752
0.802251 0.000509 0.000813 0.000421 0.000144 0.188046 0.007816 1.766805
0.804502 0.000511 0.000788 0.000408 0.000140 0.185833 0.007820 1.766852
0.806761 0.000498 0.000776 0.000400 0.000132 0.183610 0.007824 1.766908
0.808960 0.000484 0.000762 0.000387 0.000127 0.181453 0.007827 1.766962
0.811133 0.000482 0.000744 0.000380 0.000125 0.179308 0.007829 1.767009
0.813325 0.000484 0.000717 0.000364 0.000119 0.177159 0.007832 1.767045
0.815438 0.000481 0.000706 0.000352 0.000116 0.175074 0.007833 1.767089
0.817559 0.000477 0.000693 0.000342 0.000114 0.172982 0.007834 1.767138
0.819631 0.000460 0.000673 0.000338 0.000110 0.170954 0.007835 1.767190
0.821724 0.000446 0.000658 0.000329 0.000106 0.168900 0.007837 1.767236
0.823784 0.000432 0.000638 0.000320 0.000102 0.166886 0.007838 1.767278
0.825824 0.000418 0.000629 0.000306 0.000098 0.164886 0.007840 1.767323
0.827837 0.000417 0.000614 0.000294 0.000097 0.162901 0.007841 1.767360
0.829776 0.000402 0.000595 0.000284 0.000095 0.161005 0.007843 1.767404
0.831708 0.000388 0.000578 0.000283 0.000092 0.159106 0.007846 1.767445
0.833661 0.000381 0.000571 0.000275 0.000086 0.157181 0.007846 1.767489
0.835558 0.000373 0.000557 0.000270 0.000085 0.155310 0.007848 1.767529
0.837442 0.000363 0.000540 0.000263 0.000080 0.153462 0.007849 1.767565
0.839326 0.000354 0.000523 0.000254 0.000077 0.151614 0.007851 1.767600
0.841157 0.000356 0.000510 0.000243 0.000075 0.149807 0.007852 1.767628
0.842946 0.000342 0.000507 0.000240 0.000073 0.148041 0.007852 1.767671
0.844752 0.000340 0.000485 0.000234 0.000071 0.146267 0.007853 1.767698
0.846530 0.000335 0.000475 0.000228 0.000066 0.144511 0.007854 1.767734
0.848264 0.000319 0.000472 0.000225 0.000065 0.142800 0.007854 1.767774
0.849970 0.000318 0.000460 0.000216 0.000062 0.141119 0.007854 1.767807
0.851606 0.000323 0.000452 0.000207 0.000060 0.139496 0.007856 1.767835
0.853287 0.000313 0.000440 0.000201 0.000060 0.137842 0.007857 1.767875
0.854898 0.000315 0.000423 0.000199 0.000059 0.136249 0.007857 1.767903
0.856503 0.000314 0.000411 0.000197 0.000058 0.134660 0.007858 1.767929
0.858055 0.000311 0.000396 0.000191 0.000058 0.133130 0.007859 1.767953
0.859614 0.000311 0.000387 0.000183 0.000057 0.131588 0.007859 1.767978
0.861092 0.000313 0.000373 0.000172 0.000055 0.130135 0.007860 1.768002
0.862592 0.000312 0.000361 0.000167 0.000055 0.128653 0.007860 1.768032
0.864049 0.000302 0.000354 0.000166 0.000054 0.127214 0.007860 1.768063
0.865488 0.000298 0.000352 0.000162 0.000052 0.125788 0.007860 1.768092
0.866939 0.000302 0.000343 0.000154 0.000050 0.124351 0.007861 1.768114
0.868316 0.000301 0.000335 0.000154 0.000049 0.122985 0.007861 1.768146
0.869684 0.000301 0.000325 0.000151 0.000049 0.121630 0.007861 1.768171
0.871041 0.000302 0.000318 0.000142 0.000049 0.120286 0.007861 1.768199
0.872317 0.000301 0.000316 0.000140 0.000048 0.119016 0.007861 1.768229
0.873616 0.000296 0.000303 0.000143 0.000046 0.117734 0.007862 1.768255
0.874868 0.000288 0.000295 0.000138 0.000046 0.116503 0.007862 1.768280
0.876085 0.000280 0.000292 0.000137 0.000044 0.115300 0.007863 1.768307
0.877290 0.000280 0.000294 0.000135 0.000041 0.114096 0.007864 1.768334
0.878487 0.000277 0.000287 0.000129 0.000040 0.112914 0.007865 1.768360
0.879648 0.000278 0.000281 0.000128 0.000038 0.111761 0.007866 1.768381
0.880788 0.000273 0.000281 0.000127 0.000036 0.110628 0.007867 1.768408
0.881861 0.000273 0.000287 0.000124 0.000035 0.109551 0.007868 1.768431
0.882949 0.000261 0.000290 0.000124 0.000034 0.108473 0.007869 1.768463
0.883976 0.000254 0.000284 0.000124 0.000033 0.107461 0.007869 1.768489
0.885002 0.000250 0.000279 0.000126 0.000031 0.106441 0.007871 1.768518
0.886003 0.000243 0.000272 0.000124 0.000030 0.105456 0.007871 1.768542
0.886942 0.000243 0.000262 0.000117 0.000029 0.104536 0.007871 1.768562
0.887864 0.000243 0.000254 0.000116 0.000028 0.103624 0.007872 1.768581
0.888795 0.000240 0.000258 0.000109 0.000028 0.102698 0.007872 1.768599
0.889668 0.000234 0.000248 0.000108 0.000027 0.101843 0.007873 1.768623
0.890515 0.000230 0.000246 0.000102 0.000026 0.101008 0.007873 1.768645
0.891352 0.000229 0.000241 0.000103 0.000025 0.100177 0.007873 1.768669
0.892218 0.000227 0.000231 0.000103 0.000025 0.099323 0.007873 1.768686
0.893036 0.000226 0.000228 0.000103 0.000025 0.098509 0.007873 1.768704
0.893819 0.000229 0.000222 0.000104 0.000024 0.097728 0.007873 1.768722
0.894643 0.000230 0.000221 0.000105 0.000024 0.096904 0.007873 1.768739
0.895426 0.000225 0.000217 0.000104 0.000023 0.096131 0.007874 1.768759
0.896149 0.000229 0.000210 0.000102 0.000023 0.095412 0.007874 1.768776
0.896901 0.000231 0.000212 0.000100 0.000022 0.094660 0.007874 1.768798
0.897606 0.000225 0.000214 0.000102 0.000021 0.093957 0.007875 1.768824
0.898297 0.000212 0.000213 0.000105 0.000021 0.093277 0.007875 1.768850
0.898975 0.000206 0.000213 0.000104 0.000021 0.092606 0.007875 1.768874
0.899625 0.000207 0.000211 0.000099 0.000020 0.091963 0.007875 1.768887
0.900252 0.000210 0.000202 0.000097 0.000020 0.091344 0.007875 1.768907
0.900900 0.000203 0.000206 0.000098 0.000019 0.090699 0.007875 1.768930
0.901525 0.000201 0.000201 0.000098 0.000019 0.090079 0.007875 1.768948
0.902149 0.000189 0.000200 0.000100 0.000020 0.089466 0.007875 1.768973
0.902729 0.000183 0.000202 0.000099 0.000019 0.088891 0.007876 1.768993
0.903337 0.000184 0.000198 0.000100 0.000018 0.088286 0.007877 1.769011
0.903855 0.000182 0.000195 0.000100 0.000017 0.087773 0.007877 1.769030
0.904410 0.000186 0.000192 0.000098 0.000017 0.087219 0.007878 1.769044
0.904931 0.000181 0.000201 0.000095 0.000016 0.086698 0.007878 1.769064
0.905440 0.000178 0.000202 0.000098 0.000016 0.086188 0.007878 1.769082
0.905922 0.000176 0.000204 0.000095 0.000016 0.085708 0.007878 1.769102
0.906383 0.000172 0.000199 0.000096 0.000016 0.085256 0.007878 1.769118
0.906825 0.000178 0.000195 0.000094 0.000015 0.084814 0.007879 1.769131
0.907272 0.000175 0.000193 0.000095 0.000015 0.084372 0.007879 1.769153
0.907711 0.000174 0.000196 0.000096 0.000014 0.083930 0.007879 1.769171
0.908132 0.000176 0.000192 0.000097 0.000014 0.083510 0.007879 1.769185
0.908567 0.000173 0.000198 0.000097 0.000014 0.083073 0.007879 1.769203
0.908996 0.000169 0.000195 0.000095 0.000013 0.082653 0.007879 1.769222
0.909391 0.000172 0.000198 0.000095 0.000013 0.082252 0.007879 1.769240
0.909800 0.000173 0.000198 0.000092 0.000012 0.081846 0.007880 1.769254
0.910207 0.000170 0.000196 0.000091 0.000013 0.081443 0.007880 1.769274
0.910600 0.000165 0.000196 0.000093 0.000012 0.081053 0.007881 1.769295
0.910963 0.000165 0.000194 0.000090 0.000011 0.080695 0.007881 1.769310
0.911304 0.000164 0.000186 0.000094 0.000011 0.080360 0.007881 1.769328
0.911647 0.000162 0.000188 0.000090 0.000011 0.080020 0.007881 1.769344
0.912007 0.000159 0.000185 0.000095 0.000011 0.079663 0.007881 1.769364
0.912358 0.000159 0.000182 0.000096 0.000010 0.079313 0.007882 1.769375
0.912663 0.000160 0.000182 0.000096 0.000011 0.079007 0.007882 1.769391
0.912983 0.000154 0.000180 0.000093 0.000010 0.078698 0.007882 1.769411
0.913305 0.000148 0.000181 0.000092 0.000010 0.078384 0.007882 1.769431
0.913604 0.000146 0.000176 0.000092 0.000009 0.078090 0.007882 1.769446
0.913904 0.000147 0.000169 0.000092 0.000008 0.077798 0.007883 1.769457
0.914197 0.000144 0.000166 0.000092 0.000008 0.077510 0.007884 1.769473
0.914498 0.000143 0.000164 0.000090 0.000008 0.077213 0.007884 1.769486
0.914771 0.000142 0.000161 0.000088 0.000008 0.076947 0.007884 1.769500
0.915056 0.000138 0.000159 0.000084 0.000008 0.076672 0.007884 1.769513
0.915321 0.000135 0.000162 0.000081 0.000008 0.076410 0.007884 1.769528
0.915575 0.000136 0.000159 0.000080 0.000007 0.076160 0.007884 1.769539
0.915806 0.000135 0.000157 0.000076 0.000007 0.075936 0.007884 1.769550
0.916077 0.000136 0.000155 0.000074 0.000008 0.075666 0.007884 1.769561
0.916327 0.000133 0.000149 0.000076 0.000007 0.075424 0.007884 1.769573
0.916555 0.000130 0.000148 0.000074 0.000008 0.075201 0.007884 1.769588
0.916758 0.000139 0.000145 0.000069 0.000007 0.074998 0.007884 1.769597
0.916986 0.000142 0.000142 0.000068 0.000007 0.074770 0.007884 1.769607
0.917202 0.000138 0.000145 0.000071 0.000007 0.074552 0.007884 1.769626
0.917424 0.000140 0.000141 0.000071 0.000007 0.074332 0.007884 1.769640
0.917636 0.000137 0.000144 0.000069 0.000008 0.074121 0.007885 1.769656
0.917836 0.000134 0.000148 0.000069 0.000008 0.073919 0.007885 1.769672
0.918018 0.000132 0.000150 0.000065 0.000009 0.073743 0.007885 1.769689
0.918197 0.000131 0.000144 0.000064 0.000008 0.073571 0.007885 1.769701
0.918373 0.000132 0.000142 0.000066 0.000008 0.073394 0.007885 1.769713
0.918549 0.000128 0.000142 0.000069 0.000007 0.073219 0.007886 1.769729
0.918747 0.000127 0.000141 0.000069 0.000007 0.073022 0.007886 1.769743
0.918925 0.000126 0.000144 0.000071 0.000007 0.072840 0.007886 1.769757
0.919096 0.000126 0.000148 0.000067 0.000008 0.072670 0.007886 1.769770
0.919260 0.000120 0.000147 0.000066 0.000007 0.072514 0.007886 1.769784
0.919422 0.000123 0.000139 0.000065 0.000007 0.072358 0.007886 1.769794
0.919580 0.000127 0.000138 0.000063 0.000007 0.072199 0.007886 1.769803
0.919741 0.000128 0.000132 0.000064 0.000006 0.072042 0.007887 1.769815
0.919885 0.000124 0.000130 0.000067 0.000006 0.071901 0.007887 1.769828
0.920020 0.000127 0.000127 0.000066 0.000006 0.071767 0.007887 1.769839
0.920155 0.000125 0.000129 0.000063 0.000006 0.071635 0.007887 1.769852
0.920291 0.000122 0.000127 0.000064 0.000006 0.071503 0.007887 1.769864
0.920428 0.000127 0.000121 0.000060 0.000006 0.071371 0.007887 1.769873
0.920570 0.000122 0.000121 0.000062 0.000006 0.071232 0.007887 1.769888
0.920699 0.000121 0.000119 0.000065 0.000006 0.071102 0.007887 1.769902
0.920842 0.000113 0.000119 0.000067 0.000007 0.070963 0.007887 1.769918
0.920970 0.000116 0.000117 0.000064 0.000006 0.070839 0.007887 1.769928
0.921087 0.000116 0.000115 0.000065 0.000005 0.070724 0.007887 1.769937
0.921207 0.000117 0.000113 0.000064 0.000005 0.070607 0.007887 1.769947
0.921332 0.000117 0.000107 0.000063 0.000005 0.070487 0.007887 1.769958
0.921452 0.000120 0.000109 0.000063 0.000005 0.070365 0.007887 1.769972
0.921558 0.000123 0.000107 0.000060 0.000007 0.070258 0.007887 1.769979
0.921660 0.000120 0.000105 0.000065 0.000006 0.070157 0.007887 1.769992
0.921778 0.000116 0.000109 0.000062 0.000006 0.070041 0.007887 1.770005
0.921870 0.000118 0.000106 0.000062 0.000005 0.069952 0.007887 1.770016
0.921970 0.000118 0.000109 0.000061 0.000005 0.069850 0.007887 1.770028
0.922055 0.000123 0.000106 0.000059 0.000006 0.069764 0.007888 1.770040
0.922150 0.000118 0.000105 0.000059 0.000006 0.069673 0.007888 1.770053
0.922237 0.000119 0.000103 0.000061 0.000006 0.069585 0.007889 1.770063
0.922328 0.000117 0.000103 0.000059 0.000006 0.069498 0.007889 1.770075
0.922418 0.000113 0.000101 0.000060 0.000006 0.069414 0.007889 1.770086
0.922518 0.000103 0.000106 0.000063 0.000006 0.069315 0.007889 1.770103
0.922605 0.000103 0.000105 0.000063 0.000005 0.069230 0.007889 1.770112
0.922697 0.000103 0.000097 0.000064 0.000005 0.069145 0.007889 1.770123
0.922779 0.000101 0.000096 0.000064 0.000005 0.069066 0.007889 1.770134
0.922859 0.000097 0.000097 0.000066 0.000004 0.068988 0.007889 1.770145
0.922941 0.000097 0.000097 0.000061 0.000004 0.068911 0.007890 1.770152
0.923014 0.000096 0.000096 0.000061 0.000004 0.068838 0.007890 1.770162
0.923094 0.000098 0.000091 0.000061 0.000004 0.068763 0.007890 1.770169
0.923172 0.000095 0.000095 0.000058 0.000005 0.068685 0.007890 1.770178
0.923243 0.000094 0.000092 0.000055 0.000005 0.068620 0.007890 1.770186
0.923322 0.000090 0.000090 0.000058 0.000005 0.068545 0.007890 1.770194
0.923392 0.000085 0.000094 0.000056 0.000005 0.068478 0.007890 1.770205
0.923457 0.000081 0.000094 0.000057 0.000005 0.068416 0.007890 1.770216
0.923527 0.000083 0.000090 0.000054 0.000005 0.068350 0.007890 1.770223
0.923591 0.000085 0.000090 0.000051 0.000006 0.068288 0.007890 1.770228
0.923653 0.000086 0.000083 0.000051 0.000006 0.068231 0.007890 1.770233
0.923714 0.000081 0.000083 0.000051 0.000006 0.068174 0.007890 1.770240
0.923778 0.000078 0.000084 0.000049 0.000005 0.068114 0.007891 1.770248
0.923838 0.000079 0.000085 0.000050 0.000005 0.068051 0.007891 1.770257
0.923901 0.000079 0.000083 0.000049 0.000005 0.067991 0.007891 1.770267
0.923963 0.000082 0.000081 0.000046 0.000005 0.067931 0.007891 1.770273
0.924026 0.000077 0.000083 0.000045 0.000005 0.067873 0.007891 1.770281
0.924071 0.000075 0.000081 0.000044 0.000006 0.067832 0.007891 1.770288
0.924127 0.000076 0.000082 0.000041 0.000006 0.067777 0.007891 1.770295
0.924174 0.000074 0.000079 0.000043 0.000006 0.067732 0.007891 1.770302
0.924229 0.000068 0.000079 0.000044 0.000006 0.067682 0.007891 1.770311
0.924271 0.000069 0.000079 0.000042 0.000006 0.067641 0.007891 1.770316
0.924322 0.000068 0.000079 0.000039 0.000007 0.067594 0.007891 1.770322
0.924380 0.000067 0.000077 0.000039 0.000006 0.067539 0.007891 1.770327
0.924429 0.000063 0.000076 0.000040 0.000006 0.067495 0.007891 1.770336
0.924472 0.000064 0.000074 0.000038 0.000006 0.067455 0.007891 1.770341
0.924526 0.000070 0.000071 0.000036 0.000006 0.067400 0.007891 1.770346
0.924567 0.000069 0.000069 0.000034 0.000006 0.067364 0.007891 1.770353
0.924612 0.000071 0.000070 0.000033 0.000006 0.067318 0.007891 1.770359
0.924649 0.000070 0.000067 0.000033 0.000005 0.067284 0.007892 1.770364
0.924687 0.000068 0.000069 0.000033 0.000005 0.067245 0.007892 1.770372
0.924727 0.000068 0.000066 0.000031 0.000005 0.067211 0.007892 1.770376
0.924768 0.000066 0.000064 0.000030 0.000006 0.067174 0.007892 1.770382
0.924810 0.000063 0.000068 0.000031 0.000005 0.067132 0.007892 1.770389
0.924843 0.000063 0.000066 0.000030 0.000004 0.067101 0.007892 1.770394
0.924875 0.000065 0.000064 0.000030 0.000004 0.067070 0.007892 1.770400
0.924914 0.000063 0.000066 0.000029 0.000004 0.067031 0.007892 1.770406
0.924948 0.000065 0.000067 0.000028 0.000003 0.066996 0.007892 1.770411
0.924982 0.000064 0.000069 0.000028 0.000003 0.066961 0.007892 1.770417
0.925014 0.000066 0.000070 0.000029 0.000003 0.066924 0.007892 1.770422
0.925048 0.000067 0.000068 0.000029 0.000003 0.066893 0.007892 1.770427
0.925078 0.000067 0.000068 0.000030 0.000003 0.066862 0.007892 1.770434
0.925109 0.000066 0.000071 0.000031 0.000003 0.066828 0.007892 1.770443
0.925142 0.000062 0.000072 0.000031 0.000003 0.066799 0.007892 1.770450
0.925180 0.000065 0.000069 0.000028 0.000003 0.066761 0.007892 1.770457
0.925218 0.000064 0.000068 0.000027 0.000003 0.066727 0.007892 1.770463
0.925250 0.000063 0.000069 0.000027 0.000003 0.066696 0.007892 1.770470
0.925280 0.000064 0.000068 0.000029 0.000003 0.066664 0.007892 1.770476
0.925302 0.000067 0.000064 0.000030 0.000003 0.066642 0.007892 1.770481
0.925329 0.000066 0.000063 0.000029 0.000003 0.066618 0.007892 1.770487
0.925355 0.000062 0.000062 0.000031 0.000003 0.066595 0.007892 1.770494
0.925384 0.000063 0.000060 0.000029 0.000003 0.066569 0.007892 1.770498
0.925410 0.000062 0.000061 0.000029 0.000003 0.066544 0.007892 1.770503
0.925436 0.000064 0.000062 0.000028 0.000003 0.066515 0.007893 1.770511
0.925463 0.000065 0.000060 0.000024 0.000003 0.066493 0.007893 1.770514
0.925487 0.000063 0.000062 0.000024 0.000003 0.066469 0.007893 1.770520
0.925513 0.000059 0.000061 0.000025 0.000003 0.066447 0.007893 1.770527
0.925538 0.000059 0.000058 0.000024 0.000003 0.066425 0.007893 1.770530
0.925562 0.000057 0.000058 0.000024 0.000003 0.066403 0.007893 1.770537
0.925587 0.000056 0.000056 0.000025 0.000003 0.066381 0.007893 1.770541
0.925615 0.000058 0.000054 0.000025 0.000003 0.066354 0.007893 1.770544
0.925633 0.000056 0.000054 0.000025 0.000003 0.066338 0.007893 1.770549
0.925657 0.000055 0.000055 0.000027 0.000003 0.066311 0.007893 1.770555
0.925672 0.000055 0.000054 0.000026 0.000002 0.066298 0.007893 1.770561
0.925689 0.000057 0.000055 0.000026 0.000002 0.066278 0.007893 1.770567
0.925701 0.000059 0.000052 0.000027 0.000002 0.066266 0.007893 1.770573
0.925721 0.000060 0.000051 0.000025 0.000002 0.066248 0.007893 1.770577
0.925742 0.000059 0.000051 0.000024 0.000003 0.066228 0.007893 1.770582
0.925767 0.000057 0.000051 0.000025 0.000003 0.066205 0.007893 1.770588
0.925783 0.000059 0.000047 0.000026 0.000003 0.066189 0.007893 1.770592
0.925799 0.000059 0.000045 0.000026 0.000003 0.066175 0.007893 1.770596
0.925818 0.000056 0.000043 0.000026 0.000003 0.066161 0.007893 1.770601
0.925837 0.000053 0.000043 0.000028 0.000003 0.066144 0.007893 1.770608
0.925850 0.000052 0.000039 0.000030 0.000003 0.066132 0.007893 1.770614
0.925862 0.000053 0.000038 0.000030 0.000003 0.066121 0.007893 1.770618
0.925871 0.000056 0.000038 0.000031 0.000003 0.066107 0.007893 1.770621
0.925888 0.000056 0.000040 0.000031 0.000003 0.066089 0.007893 1.770625
0.925906 0.000056 0.000041 0.000029 0.000003 0.066072 0.007893 1.770630
0.925918 0.000055 0.000041 0.000029 0.000003 0.066061 0.007893 1.770635
0.925929 0.000053 0.000041 0.000030 0.000003 0.066050 0.007893 1.770641
0.925941 0.000051 0.000039 0.000031 0.000003 0.066042 0.007893 1.770647
0.925956 0.000051 0.000039 0.000031 0.000003 0.066027 0.007893 1.770651
0.925962 0.000055 0.000039 0.000031 0.000003 0.066017 0.007893 1.770655
0.925977 0.000055 0.000037 0.000032 0.000003 0.066003 0.007893 1.770659
0.925987 0.000055 0.000039 0.000032 0.000003 0.065991 0.007893 1.770663
0.925994 0.000056 0.000040 0.000030 0.000003 0.065984 0.007893 1.770668
0.926005 0.000059 0.000039 0.000027 0.000003 0.065974 0.007893 1.770670
0.926012 0.000062 0.000036 0.000029 0.000003 0.065965 0.007894 1.770675
0.926024 0.000058 0.000039 0.000030 0.000003 0.065953 0.007894 1.770682
0.926036 0.000057 0.000043 0.000030 0.000003 0.065937 0.007894 1.770690
0.926045 0.000060 0.000042 0.000033 0.000003 0.065924 0.007894 1.770695
0.926056 0.000060 0.000043 0.000032 0.000003 0.065912 0.007894 1.770699
0.926067 0.000060 0.000044 0.000033 0.000003 0.065898 0.007894 1.770704
0.926074 0.000060 0.000043 0.000033 0.000003 0.065893 0.007894 1.770710
0.926090 0.000058 0.000043 0.000034 0.000003 0.065878 0.007894 1.770715
0.926104 0.000060 0.000044 0.000032 0.000003 0.065864 0.007894 1.770720
0.926108 0.000064 0.000044 0.000029 0.000003 0.065859 0.007894 1.770724
0.926116 0.000064 0.000046 0.000028 0.000003 0.065849 0.007894 1.770729
0.926123 0.000063 0.000044 0.000029 0.000003 0.065845 0.007894 1.770734
0.926131 0.000060 0.000046 0.000028 0.000003 0.065838 0.007894 1.770740
0.926140 0.000060 0.000045 0.000029 0.000003 0.065829 0.007894 1.770744
0.926144 0.000059 0.000047 0.000030 0.000003 0.065823 0.007894 1.770753
0.926153 0.000059 0.000046 0.000030 0.000003 0.065815 0.007894 1.770757
0.926156 0.000062 0.000046 0.000030 0.000003 0.065809 0.007894 1.770762
0.926168 0.000058 0.000048 0.000030 0.000003 0.065798 0.007894 1.770768
0.926175 0.000056 0.000046 0.000031 0.000003 0.065796 0.007894 1.770772
0.926181 0.000057 0.000048 0.000030 0.000003 0.065787 0.007894 1.770777
0.926185 0.000057 0.000049 0.000032 0.000003 0.065780 0.007894 1.770782
0.926195 0.000057 0.000049 0.000033 0.000003 0.065769 0.007894 1.770788
0.926201 0.000061 0.000047 0.000031 0.000003 0.065762 0.007894 1.770791
0.926207 0.000062 0.000049 0.000030 0.000002 0.065756 0.007894 1.770795
0.926211 0.000061 0.000047 0.000029 0.000003 0.065755 0.007894 1.770800
0.926219 0.000058 0.000047 0.000031 0.000003 0.065748 0.007894 1.770806
0.926225 0.000058 0.000046 0.000033 0.000003 0.065742 0.007894 1.770813
0.926233 0.000056 0.000046 0.000035 0.000003 0.065732 0.007894 1.770820
0.926242 0.000054 0.000044 0.000037 0.000003 0.065726 0.007894 1.770825
0.926240 0.000057 0.000044 0.000036 0.000004 0.065726 0.007894 1.770832
0.926250 0.000056 0.000043 0.000034 0.000003 0.065721 0.007894 1.770836
0.926252 0.000054 0.000043 0.000030 0.000004 0.065722 0.007894 1.770841
0.926255 0.000054 0.000046 0.000029 0.000004 0.065718 0.007894 1.770847
0.926258 0.000058 0.000044 0.000027 0.000005 0.065714 0.007894 1.770849
0.926264 0.000053 0.000046 0.000026 0.000005 0.065712 0.007894 1.770856
0.926265 0.000053 0.000048 0.000026 0.000003 0.065710 0.007895 1.770863
0.926268 0.000051 0.000047 0.000027 0.000003 0.065710 0.007895 1.770869
0.926275 0.000050 0.000047 0.000027 0.000003 0.065702 0.007895 1.770875
0.926276 0.000051 0.000048 0.000029 0.000003 0.065698 0.007895 1.770880
0.926281 0.000054 0.000047 0.000028 0.000003 0.065692 0.007895 1.770883
0.926285 0.000054 0.000046 0.000028 0.000003 0.065689 0.007895 1.770888
0.926287 0.000053 0.000047 0.000027 0.000003 0.065688 0.007895 1.770894
0.926290 0.000051 0.000049 0.000027 0.000003 0.065683 0.007895 1.770902
0.926290 0.000055 0.000047 0.000027 0.000003 0.065682 0.007895 1.770905
0.926293 0.000055 0.000049 0.000025 0.000003 0.065680 0.007895 1.770909
0.926295 0.000052 0.000050 0.000024 0.000003 0.065681 0.007895 1.770917
0.926303 0.000051 0.000051 0.000024 0.000003 0.065672 0.007895 1.770920
0.926305 0.000054 0.000048 0.000023 0.000003 0.065672 0.007895 1.770924
0.926309 0.000056 0.000044 0.000024 0.000003 0.065668 0.007895 1.770928
0.926310 0.000058 0.000041 0.000025 0.000003 0.065667 0.007895 1.770932
0.926313 0.000056 0.000041 0.000025 0.000002 0.065668 0.007895 1.770937
0.926320 0.000051 0.000044 0.000024 0.000002 0.065664 0.007895 1.770947
0.926321 0.000052 0.000046 0.000024 0.000002 0.065659 0.007895 1.770952
0.926323 0.000053 0.000046 0.000023 0.000002 0.065658 0.007895 1.770955
0.926330 0.000055 0.000044 0.000024 0.000002 0.065650 0.007895 1.770959
0.926337 0.000051 0.000046 0.000023 0.000002 0.065646 0.007895 1.770964
0.926338 0.000053 0.000044 0.000024 0.000002 0.065645 0.007895 1.770968
0.926340 0.000053 0.000041 0.000024 0.000002 0.065644 0.007895 1.770972
0.926344 0.000053 0.000040 0.000025 0.000002 0.065642 0.007895 1.770976
0.926348 0.000051 0.000042 0.000025 0.000002 0.065638 0.007895 1.770982
0.926355 0.000047 0.000044 0.000027 0.000002 0.065630 0.007895 1.770987
0.926358 0.000048 0.000045 0.000027 0.000002 0.065626 0.007895 1.770991
0.926363 0.000046 0.000045 0.000024 0.000002 0.065626 0.007895 1.770995
0.926369 0.000045 0.000044 0.000023 0.000001 0.065621 0.007896 1.770997
0.926375 0.000041 0.000044 0.000024 0.000001 0.065619 0.007896 1.771003
0.926379 0.000041 0.000044 0.000024 0.000001 0.065616 0.007896 1.771007
0.926383 0.000043 0.000042 0.000022 0.000001 0.065614 0.007896 1.771010
0.926386 0.000040 0.000044 0.000022 0.000001 0.065612 0.007896 1.771015
0.926392 0.000039 0.000044 0.000022 0.000002 0.065605 0.007896 1.771019
0.926394 0.000036 0.000044 0.000024 0.000002 0.065606 0.007896 1.771025
0.926398 0.000035 0.000044 0.000024 0.000002 0.065602 0.007896 1.771029
0.926401 0.000034 0.000046 0.000024 0.000001 0.065600 0.007896 1.771033
0.926405 0.000035 0.000044 0.000024 0.000001 0.065595 0.007896 1.771036
0.926413 0.000034 0.000040 0.000025 0.000001 0.065591 0.007896 1.771039
0.926415 0.000035 0.000040 0.000024 0.000002 0.065589 0.007896 1.771042
0.926419 0.000035 0.000040 0.000023 0.000002 0.065586 0.007896 1.771044
0.926422 0.000037 0.000040 0.000021 0.000002 0.065584 0.007896 1.771046
0.926425 0.000036 0.000039 0.000023 0.000002 0.065581 0.007896 1.771051
0.926428 0.000033 0.000039 0.000022 0.000002 0.065580 0.007896 1.771056
0.926435 0.000029 0.000040 0.000022 0.000002 0.065577 0.007896 1.771060
0.926440 0.000030 0.000037 0.000021 0.000003 0.065575 0.007896 1.771062
0.926441 0.000030 0.000035 0.000021 0.000003 0.065575 0.007896 1.771065
0.926446 0.000030 0.000034 0.000019 0.000003 0.065573 0.007896 1.771067
0.926454 0.000031 0.000032 0.000017 0.000003 0.065568 0.007896 1.771068
0.926459 0.000031 0.000032 0.000017 0.000003 0.065563 0.007896 1.771070
0.926461 0.000032 0.000032 0.000017 0.000002 0.065560 0.007896 1.771073
0.926463 0.000031 0.000032 0.000018 0.000002 0.065558 0.007896 1.771077
0.926468 0.000031 0.000032 0.000014 0.000002 0.065557 0.007896 1.771082
0.926473 0.000031 0.000033 0.000014 0.000002 0.065551 0.007896 1.771085
0.926476 0.000030 0.000034 0.000014 0.000002 0.065548 0.007896 1.771088
0.926477 0.000031 0.000032 0.000012 0.000002 0.065550 0.007896 1.771090
0.926479 0.000031 0.000033 0.000013 0.000002 0.065546 0.007896 1.771094
0.926479 0.000032 0.000031 0.000014 0.000001 0.065546 0.007896 1.771096
0.926479 0.000032 0.000032 0.000013 0.000001 0.065546 0.007896 1.771100
0.926484 0.000032 0.000031 0.000013 0.000001 0.065542 0.007896 1.771102
0.926488 0.000032 0.000030 0.000012 0.000001 0.065541 0.007896 1.771104
0.926490 0.000032 0.000029 0.000012 0.000001 0.065538 0.007896 1.771106
0.926491 0.000034 0.000029 0.000011 0.000001 0.065537 0.007896 1.771108
0.926494 0.000032 0.000030 0.000011 0.000001 0.065536 0.007896 1.771112
0.926495 0.000034 0.000028 0.000010 0.000001 0.065536 0.007896 1.771113
0.926493 0.000033 0.000027 0.000013 0.000001 0.065536 0.007896 1.771117
0.926496 0.000031 0.000027 0.000014 0.000001 0.065534 0.007896 1.771121
0.926501 0.000031 0.000028 0.000014 0.000001 0.065530 0.007896 1.771124
0.926503 0.000029 0.000027 0.000013 0.000002 0.065530 0.007896 1.771127
0.926506 0.000027 0.000027 0.000014 0.000001 0.065529 0.007897 1.771130
0.926509 0.000027 0.000026 0.000012 0.000001 0.065528 0.007897 1.771131
0.926512 0.000029 0.000025 0.000012 0.000001 0.065526 0.007897 1.771133
0.926514 0.000030 0.000023 0.000011 0.000001 0.065524 0.007897 1.771134
0.926514 0.000029 0.000024 0.000014 0.000001 0.065521 0.007897 1.771139
0.926517 0.000028 0.000023 0.000014 0.000001 0.065520 0.007897 1.771141
0.926517 0.000029 0.000024 0.000014 0.000001 0.065518 0.007897 1.771143
0.926521 0.000031 0.000023 0.000012 0.000001 0.065514 0.007897 1.771144
0.926526 0.000029 0.000025 0.000012 0.000001 0.065511 0.007897 1.771148
0.926532 0.000027 0.000026 0.000012 0.000001 0.065505 0.007897 1.771150
0.926531 0.000030 0.000024 0.000012 0.000001 0.065506 0.007897 1.771151
0.926534 0.000029 0.000026 0.000012 0.000001 0.065502 0.007897 1.771154
0.926533 0.000028 0.000025 0.000012 0.000001 0.065504 0.007897 1.771157
0.926536 0.000025 0.000029 0.000011 0.000001 0.065502 0.007897 1.771162
0.926536 0.000028 0.000030 0.000009 0.000001 0.065500 0.007897 1.771165
0.926536 0.000026 0.000035 0.000007 0.000001 0.065498 0.007897 1.771170
0.926539 0.000024 0.000036 0.000008 0.000001 0.065495 0.007897 1.771174
0.926540 0.000024 0.000035 0.000009 0.000001 0.065495 0.007897 1.771176
0.926539 0.000024 0.000034 0.000009 0.000001 0.065496 0.007897 1.771178
0.926542 0.000023 0.000032 0.000011 0.000001 0.065495 0.007897 1.771182
0.926543 0.000025 0.000029 0.000009 0.000001 0.065496 0.007897 1.771183
0.926545 0.000026 0.000028 0.000010 0.000001 0.065494 0.007897 1.771186
0.926546 0.000025 0.000027 0.000012 0.000001 0.065493 0.007897 1.771188
0.926548 0.000026 0.000025 0.000011 0.000001 0.065492 0.007897 1.771189
0.926549 0.000026 0.000026 0.000012 0.000001 0.065491 0.007897 1.771192
0.926549 0.000026 0.000024 0.000011 0.000001 0.065492 0.007897 1.771193
0.926553 0.000024 0.000022 0.000011 0.000000 0.065492 0.007897 1.771196
0.926554 0.000023 0.000022 0.000012 0.000000 0.065491 0.007897 1.771199
0.926555 0.000023 0.000022 0.000012 0.000000 0.065491 0.007897 1.771201
0.926558 0.000022 0.000023 0.000010 0.000000 0.065490 0.007897 1.771203
0.926558 0.000022 0.000024 0.000010 0.000000 0.065489 0.007897 1.771205
0.926561 0.000021 0.000023 0.000010 0.000000 0.065487 0.007897 1.771206
0.926563 0.000020 0.000023 0.000010 0.000000 0.065486 0.007897 1.771207
0.926564 0.000019 0.000023 0.000011 0.000000 0.065487 0.007897 1.771211
0.926567 0.000017 0.000022 0.000012 0.000000 0.065485 0.007897 1.771213
0.926570 0.000018 0.000021 0.000011 0.000000 0.065484 0.007897 1.771213
0.926572 0.000017 0.000023 0.000010 0.000000 0.065481 0.007897 1.771215
0.926573 0.000017 0.000022 0.000010 0.000000 0.065481 0.007897 1.771216
0.926574 0.000016 0.000023 0.000009 0.000000 0.065481 0.007897 1.771219
0.926577 0.000017 0.000021 0.000010 0.000000 0.065479 0.007897 1.771219
0.926579 0.000017 0.000021 0.000010 0.000000 0.065476 0.007897 1.771221
0.926581 0.000018 0.000019 0.000010 0.000000 0.065475 0.007897 1.771222
0.926581 0.000018 0.000019 0.000011 0.000000 0.065474 0.007897 1.771225
0.926582 0.000017 0.000019 0.000011 0.000000 0.065473 0.007897 1.771226
0.926583 0.000018 0.000019 0.000010 0.000000 0.065474 0.007897 1.771227
0.926584 0.000016 0.000022 0.000010 0.000000 0.065473 0.007897 1.771231
0.926585 0.000016 0.000021 0.000011 0.000000 0.065472 0.007897 1.771233
0.926588 0.000014 0.000022 0.000011 0.000000 0.065468 0.007897 1.771235
0.926590 0.000014 0.000021 0.000011 0.000000 0.065467 0.007897 1.771235
0.926592 0.000013 0.000020 0.000011 0.000000 0.065467 0.007897 1.771236
0.926593 0.000014 0.000019 0.000010 0.000000 0.065467 0.007897 1.771237
0.926596 0.000013 0.000018 0.000010 0.000000 0.065466 0.007897 1.771238
0.926597 0.000014 0.000016 0.000010 0.000000 0.065466 0.007897 1.771239
0.926600 0.000011 0.000014 0.000012 0.000000 0.065466 0.007897 1.771242
0.926603 0.000010 0.000014 0.000012 0.000000 0.065464 0.007897 1.771244
0.926604 0.000011 0.000013 0.000010 0.000000 0.065464 0.007897 1.771244
0.926605 0.000010 0.000013 0.000011 0.000000 0.065464 0.007897 1.771246
0.926605 0.000009 0.000013 0.000011 0.000000 0.065466 0.007897 1.771247
0.926608 0.000008 0.000012 0.000012 0.000000 0.065464 0.007897 1.771248
0.926610 0.000008 0.000012 0.000012 0.000000 0.065462 0.007897 1.771250
0.926612 0.000008 0.000011 0.000012 0.000000 0.065461 0.007897 1.771251
0.926614 0.000006 0.000013 0.000012 0.000000 0.065460 0.007897 1.771253
0.926615 0.000005 0.000012 0.000012 0.000000 0.065461 0.007897 1.771254
0.926617 0.000005 0.000011 0.000011 0.000000 0.065459 0.007897 1.771254
0.926619 0.000005 0.000010 0.000011 0.000000 0.065458 0.007897 1.771254
0.926621 0.000006 0.000010 0.000010 0.000000 0.065457 0.007897 1.771254
0.926622 0.000005 0.000009 0.000010 0.000000 0.065457 0.007897 1.771255
0.926625 0.000004 0.000010 0.000011 0.000000 0.065454 0.007897 1.771256
0.926626 0.000004 0.000010 0.000010 0.000000 0.065454 0.007897 1.771257
0.926629 0.000003 0.000010 0.000009 0.000000 0.065452 0.007897 1.771257
0.926632 0.000003 0.000008 0.000008 0.000000 0.065452 0.007897 1.771257
0.926633 0.000004 0.000008 0.000008 0.000000 0.065452 0.007897 1.771257
0.926635 0.000004 0.000007 0.000008 0.000000 0.065451 0.007897 1.771257
0.926634 0.000003 0.000006 0.000008 0.000000 0.065452 0.007897 1.771258
0.926637 0.000003 0.000006 0.000008 0.000000 0.065450 0.007897 1.771258
0.926637 0.000005 0.000006 0.000007 0.000000 0.065449 0.007897 1.771258
0.926642 0.000005 0.000006 0.000007 0.000000 0.065444 0.007897 1.771259
0.926642 0.000005 0.000005 0.000005 0.000000 0.065446 0.007897 1.771259
0.926644 0.000005 0.000005 0.000005 0.000000 0.065446 0.007897 1.771259
0.926645 0.000005 0.000005 0.000005 0.000000 0.065444 0.007897 1.771260
0.926648 0.000005 0.000004 0.000005 0.000000 0.065441 0.007897 1.771260
0.926649 0.000004 0.000004 0.000005 0.000000 0.065441 0.007897 1.771261
0.926652 0.000003 0.000005 0.000005 0.000000 0.065438 0.007897 1.771262
0.926655 0.000003 0.000005 0.000003 0.000000 0.065437 0.007897 1.771262
0.926656 0.000003 0.000004 0.000003 0.000000 0.065437 0.007897 1.771262
0.926659 0.000002 0.000005 0.000004 0.000000 0.065434 0.007897 1.771263
0.926660 0.000002 0.000005 0.000003 0.000000 0.065434 0.007897 1.771263
0.926661 0.000002 0.000005 0.000003 0.000000 0.065433 0.007897 1.771264
0.926663 0.000002 0.000004 0.000003 0.000000 0.065431 0.007897 1.771264
0.926663 0.000002 0.000004 0.000003 0.000000 0.065430 0.007897 1.771264
0.926665 0.000002 0.000004 0.000002 0.000000 0.065431 0.007897 1.771264
0.926669 0.000002 0.000004 0.000002 0.000000 0.065427 0.007897 1.771264
0.926670 0.000003 0.000003 0.000002 0.000000 0.065426 0.007897 1.771264
0.926672 0.000002 0.000003 0.000002 0.000000 0.065424 0.007897 1.771264
