0.350266 0.062692 0.056058 0.032467 0.002116 0.490375 0.006027 1.600402
0.352683 0.060393 0.056033 0.032245 0.002127 0.490465 0.006055 1.606415
0.356015 0.057494 0.055749 0.031951 0.002124 0.490588 0.006080 1.612123
0.359860 0.054269 0.055420 0.031616 0.002119 0.490611 0.006105 1.617679
0.364091 0.051124 0.054942 0.031101 0.002119 0.490496 0.006126 1.622839
0.368588 0.047974 0.054191 0.030481 0.002122 0.490493 0.006152 1.627669
0.373253 0.044939 0.053365 0.029921 0.002123 0.490217 0.006181 1.632290
0.377985 0.041981 0.052480 0.029230 0.002122 0.489986 0.006217 1.636636
0.382810 0.039356 0.051382 0.028495 0.002102 0.489611 0.006245 1.640574
0.387839 0.036833 0.050229 0.027751 0.002082 0.488991 0.006274 1.644313
0.392894 0.034374 0.049107 0.026937 0.002063 0.488328 0.006298 1.647897
0.397920 0.032169 0.047774 0.026094 0.002052 0.487664 0.006327 1.651165
0.403047 0.030175 0.046372 0.025252 0.002048 0.486746 0.006358 1.654218
0.408118 0.028227 0.044995 0.024457 0.002052 0.485774 0.006378 1.657136
0.413311 0.026539 0.043623 0.023573 0.002020 0.484522 0.006413 1.659749
0.418463 0.024828 0.042244 0.022757 0.002008 0.483262 0.006437 1.662306
0.423701 0.023302 0.040856 0.021905 0.002004 0.481774 0.006459 1.664652
0.428914 0.021844 0.039484 0.021062 0.001973 0.480231 0.006492 1.666862
0.434329 0.020437 0.038100 0.020289 0.001960 0.478369 0.006516 1.668944
0.439652 0.019232 0.036718 0.019521 0.001939 0.476397 0.006541 1.670858
0.444907 0.018091 0.035329 0.018781 0.001918 0.474408 0.006565 1.672700
0.450306 0.017040 0.034008 0.018023 0.001900 0.472131 0.006590 1.674390
0.455574 0.016082 0.032695 0.017261 0.001870 0.469905 0.006613 1.675982
0.460792 0.015187 0.031380 0.016515 0.001838 0.467649 0.006639 1.677497
0.466083 0.014296 0.030176 0.015839 0.001810 0.465131 0.006665 1.678977
0.471262 0.013500 0.029021 0.015228 0.001791 0.462510 0.006689 1.680338
0.476475 0.012800 0.027853 0.014550 0.001767 0.459843 0.006712 1.681592
0.481725 0.012073 0.026737 0.013907 0.001738 0.457086 0.006734 1.682823
0.486940 0.011428 0.025632 0.013311 0.001711 0.454220 0.006758 1.683956
0.492098 0.010787 0.024565 0.012724 0.001677 0.451366 0.006785 1.685079
0.497240 0.010165 0.023554 0.012205 0.001652 0.448378 0.006808 1.686162
0.502398 0.009652 0.022534 0.011670 0.001626 0.445297 0.006825 1.687134
0.507576 0.009182 0.021593 0.011125 0.001593 0.442083 0.006851 1.688040
0.512754 0.008743 0.020674 0.010648 0.001563 0.438743 0.006875 1.688916
0.517779 0.008321 0.019842 0.010170 0.001525 0.435461 0.006901 1.689748
0.522796 0.007932 0.018984 0.009687 0.001499 0.432181 0.006921 1.690534
0.527794 0.007539 0.018192 0.009276 0.001470 0.428790 0.006939 1.691316
0.532710 0.007204 0.017441 0.008831 0.001438 0.425413 0.006964 1.692026
0.537604 0.006879 0.016691 0.008427 0.001399 0.422016 0.006984 1.692697
0.542596 0.006569 0.015984 0.008064 0.001364 0.418418 0.007005 1.693358
0.547573 0.006243 0.015288 0.007748 0.001333 0.414791 0.007025 1.694003
0.552541 0.005922 0.014587 0.007433 0.001299 0.411175 0.007043 1.694619
0.557377 0.005658 0.013950 0.007078 0.001269 0.407611 0.007057 1.695173
0.562198 0.005427 0.013302 0.006755 0.001234 0.404012 0.007072 1.695696
0.566969 0.005219 0.012719 0.006440 0.001198 0.400366 0.007089 1.696202
0.571709 0.005004 0.012153 0.006160 0.001171 0.396694 0.007110 1.696715
0.576404 0.004764 0.011663 0.005904 0.001143 0.392997 0.007127 1.697214
0.580970 0.004603 0.011165 0.005643 0.001118 0.389358 0.007144 1.697662
0.585615 0.004424 0.010662 0.005408 0.001088 0.385644 0.007160 1.698100
0.590172 0.004250 0.010170 0.005161 0.001058 0.382012 0.007177 1.698515
0.594731 0.004075 0.009735 0.004949 0.001041 0.378283 0.007187 1.698923
0.599243 0.003898 0.009289 0.004720 0.001015 0.374633 0.007202 1.699329
0.603618 0.003765 0.008871 0.004529 0.000988 0.371016 0.007213 1.699685
0.608065 0.003609 0.008497 0.004331 0.000964 0.367305 0.007228 1.700045
0.612409 0.003500 0.008077 0.004143 0.000936 0.363694 0.007240 1.700380
0.616769 0.003388 0.007723 0.003937 0.000911 0.360016 0.007255 1.700701
0.621082 0.003259 0.007413 0.003750 0.000889 0.356337 0.007270 1.701022
0.625334 0.003115 0.007123 0.003587 0.000869 0.352690 0.007281 1.701342
0.629519 0.003003 0.006807 0.003417 0.000848 0.349116 0.007290 1.701634
0.633701 0.002907 0.006513 0.003265 0.000822 0.345487 0.007305 1.701915
0.637859 0.002822 0.006259 0.003134 0.000794 0.341815 0.007319 1.702188
0.641917 0.002682 0.006046 0.002999 0.000764 0.338262 0.007331 1.702477
0.645977 0.002587 0.005773 0.002901 0.000739 0.334680 0.007344 1.702737
0.649977 0.002502 0.005520 0.002788 0.000722 0.331143 0.007351 1.702980
0.654023 0.002420 0.005283 0.002670 0.000701 0.327544 0.007360 1.703224
0.657950 0.002333 0.005092 0.002564 0.000678 0.324016 0.007369 1.703461
0.661887 0.002285 0.004892 0.002431 0.000658 0.320468 0.007380 1.703682
0.665725 0.002222 0.004711 0.002334 0.000634 0.316981 0.007394 1.703896
0.669566 0.002159 0.004532 0.002219 0.000614 0.313507 0.007403 1.704109
0.673340 0.002091 0.004350 0.002129 0.000594 0.310086 0.007411 1.704313
0.677059 0.002027 0.004168 0.002047 0.000577 0.306703 0.007420 1.704506
0.680816 0.001959 0.004016 0.001965 0.000562 0.303257 0.007426 1.704700
0.684414 0.001922 0.003833 0.001880 0.000552 0.299970 0.007430 1.704871
0.687998 0.001857 0.003688 0.001825 0.000536 0.296659 0.007438 1.705059
0.691550 0.001799 0.003546 0.001735 0.000520 0.293403 0.007447 1.705233
0.695082 0.001740 0.003402 0.001681 0.000502 0.290138 0.007456 1.705412
0.698636 0.001675 0.003261 0.001630 0.000485 0.286849 0.007465 1.705582
0.702155 0.001611 0.003146 0.001567 0.000473 0.283579 0.007470 1.705741
0.705549 0.001559 0.003023 0.001507 0.000453 0.280433 0.007476 1.705893
0.708957 0.001513 0.002909 0.001448 0.000442 0.277249 0.007483 1.706048
0.712250 0.001459 0.002790 0.001398 0.000424 0.274190 0.007490 1.706197
0.715527 0.001416 0.002683 0.001346 0.000412 0.271119 0.007497 1.706332
0.718808 0.001378 0.002597 0.001303 0.000398 0.268016 0.007501 1.706464
0.722068 0.001335 0.002517 0.001239 0.000381 0.264953 0.007508 1.706593
0.725287 0.001296 0.002436 0.001207 0.000366 0.261895 0.007514 1.706726
0.728423 0.001258 0.002344 0.001165 0.000356 0.258936 0.007518 1.706845
0.731536 0.001220 0.002249 0.001122 0.000345 0.256005 0.007525 1.706971
0.734653 0.001184 0.002158 0.001079 0.000332 0.253064 0.007532 1.707087
0.737724 0.001151 0.002080 0.001037 0.000320 0.250150 0.007538 1.707196
0.740691 0.001111 0.002011 0.001007 0.000314 0.247324 0.007542 1.707318
0.743688 0.001067 0.001953 0.000969 0.000304 0.244472 0.007548 1.707431
0.746629 0.001036 0.001890 0.000935 0.000292 0.241664 0.007554 1.707539
0.749540 0.001010 0.001821 0.000906 0.000284 0.238882 0.007558 1.707637
0.752495 0.000985 0.001749 0.000873 0.000272 0.236065 0.007563 1.707728
0.755353 0.000946 0.001698 0.000834 0.000266 0.233337 0.007566 1.707824
0.758155 0.000923 0.001640 0.000804 0.000259 0.230652 0.007568 1.707916
0.760965 0.000893 0.001573 0.000791 0.000249 0.227957 0.007573 1.708007
0.763747 0.000870 0.001519 0.000764 0.000237 0.225287 0.007577 1.708095
0.766474 0.000854 0.001470 0.000738 0.000231 0.222654 0.007580 1.708174
0.769240 0.000855 0.001412 0.000713 0.000225 0.219972 0.007584 1.708241
0.771936 0.000821 0.001362 0.000695 0.000218 0.217383 0.007587 1.708326
0.774628 0.000810 0.001320 0.000672 0.000213 0.214769 0.007590 1.708397
0.777226 0.000790 0.001279 0.000653 0.000206 0.212254 0.007593 1.708474
0.779881 0.000770 0.001230 0.000635 0.000202 0.209689 0.007595 1.708557
0.782507 0.000745 0.001183 0.000617 0.000196 0.207155 0.007599 1.708635
0.785099 0.000726 0.001146 0.000600 0.000192 0.204638 0.007600 1.708703
0.787572 0.000715 0.001102 0.000586 0.000186 0.202238 0.007602 1.708765
0.790021 0.000705 0.001062 0.000560 0.000180 0.199869 0.007603 1.708825
0.792444 0.000687 0.001038 0.000550 0.000176 0.197499 0.007606 1.708901
0.794867 0.000671 0.001011 0.000536 0.000169 0.195139 0.007607 1.708965
0.797282 0.000646 0.000986 0.000518 0.000165 0.192793 0.007610 1.709038
0.799600 0.000626 0.000955 0.000508 0.000162 0.190536 0.007612 1.709108
0.801906 0.000609 0.000917 0.000496 0.000158 0.188300 0.007614 1.709169
0.804219 0.000589 0.000889 0.000488 0.000154 0.186046 0.007615 1.709227
0.806485 0.000563 0.000871 0.000471 0.000147 0.183844 0.007619 1.709295
0.808680 0.000561 0.000836 0.000452 0.000143 0.181706 0.007621 1.709344
0.810863 0.000548 0.000815 0.000447 0.000139 0.179565 0.007624 1.709403
0.813022 0.000542 0.000793 0.000438 0.000132 0.177448 0.007626 1.709453
0.815216 0.000518 0.000782 0.000430 0.000126 0.175301 0.007628 1.709508
0.817354 0.000522 0.000760 0.000416 0.000121 0.173198 0.007629 1.709552
0.819469 0.000510 0.000736 0.000406 0.000118 0.171130 0.007631 1.709600
0.821559 0.000504 0.000699 0.000395 0.000116 0.169096 0.007632 1.709646
0.823683 0.000484 0.000678 0.000386 0.000114 0.167023 0.007633 1.709694
0.825745 0.000477 0.000666 0.000370 0.000108 0.164999 0.007635 1.709736
0.827759 0.000467 0.000640 0.000365 0.000104 0.163028 0.007637 1.709784
0.829701 0.000455 0.000618 0.000355 0.000102 0.161134 0.007638 1.709828
0.831675 0.000439 0.000601 0.000341 0.000096 0.159207 0.007641 1.709871
0.833621 0.000428 0.000591 0.000327 0.000094 0.157295 0.007643 1.709918
0.835579 0.000417 0.000575 0.000320 0.000090 0.155376 0.007644 1.709954
0.837436 0.000407 0.000562 0.000308 0.000089 0.153553 0.007645 1.709990
0.839360 0.000394 0.000551 0.000302 0.000085 0.151662 0.007647 1.710032
0.841247 0.000380 0.000545 0.000291 0.000083 0.149805 0.007650 1.710072
0.843007 0.000380 0.000525 0.000284 0.000078 0.148073 0.007652 1.710105
0.844792 0.000368 0.000504 0.000272 0.000075 0.146335 0.007654 1.710144
0.846563 0.000360 0.000491 0.000268 0.000073 0.144591 0.007655 1.710178
0.848295 0.000349 0.000486 0.000260 0.000070 0.142883 0.007657 1.710218
0.850049 0.000343 0.000463 0.000258 0.000069 0.141160 0.007658 1.710246
0.851789 0.000333 0.000456 0.000252 0.000068 0.139443 0.007659 1.710280
0.853552 0.000321 0.000444 0.000246 0.000064 0.137713 0.007660 1.710309
0.855225 0.000311 0.000427 0.000238 0.000064 0.136075 0.007661 1.710336
0.856921 0.000313 0.000404 0.000229 0.000060 0.134410 0.007663 1.710365
0.858554 0.000308 0.000396 0.000223 0.000057 0.132797 0.007665 1.710395
0.860131 0.000303 0.000388 0.000225 0.000055 0.131231 0.007666 1.710429
0.861624 0.000296 0.000382 0.000216 0.000053 0.129762 0.007667 1.710457
0.863246 0.000288 0.000378 0.000212 0.000053 0.128157 0.007667 1.710487
0.864780 0.000277 0.000373 0.000205 0.000051 0.126645 0.007668 1.710514
0.866281 0.000272 0.000362 0.000197 0.000046 0.125172 0.007670 1.710541
0.867828 0.000273 0.000355 0.000190 0.000044 0.123640 0.007670 1.710563
0.869327 0.000265 0.000351 0.000186 0.000044 0.122157 0.007671 1.710592
0.870769 0.000255 0.000350 0.000177 0.000043 0.120736 0.007672 1.710622
0.872190 0.000246 0.000347 0.000176 0.000041 0.119328 0.007673 1.710649
0.873641 0.000242 0.000333 0.000171 0.000039 0.117902 0.007673 1.710671
0.874989 0.000242 0.000326 0.000160 0.000036 0.116571 0.007675 1.710692
0.876364 0.000242 0.000315 0.000157 0.000034 0.115213 0.007676 1.710715
0.877717 0.000229 0.000314 0.000156 0.000033 0.113875 0.007677 1.710742
0.878995 0.000236 0.000302 0.000149 0.000031 0.112609 0.007678 1.710753
0.880292 0.000230 0.000295 0.000145 0.000030 0.111330 0.007678 1.710772
0.881524 0.000217 0.000291 0.000138 0.000030 0.110120 0.007679 1.710799
0.882734 0.000211 0.000282 0.000138 0.000029 0.108928 0.007679 1.710819
0.883940 0.000207 0.000275 0.000131 0.000029 0.107739 0.007679 1.710840
0.885062 0.000205 0.000264 0.000131 0.000029 0.106629 0.007679 1.710861
0.886240 0.000204 0.000260 0.000132 0.000027 0.105457 0.007681 1.710880
0.887365 0.000204 0.000258 0.000125 0.000025 0.104340 0.007682 1.710899
0.888440 0.000199 0.000253 0.000124 0.000023 0.103279 0.007682 1.710917
0.889534 0.000199 0.000250 0.000120 0.000022 0.102191 0.007683 1.710934
0.890618 0.000193 0.000247 0.000118 0.000020 0.101120 0.007684 1.710951
0.891667 0.000185 0.000242 0.000118 0.000020 0.100083 0.007684 1.710973
0.892736 0.000179 0.000241 0.000115 0.000020 0.099025 0.007684 1.710990
0.893763 0.000179 0.000236 0.000108 0.000019 0.098009 0.007684 1.711005
0.894779 0.000180 0.000229 0.000104 0.000019 0.097004 0.007685 1.711020
0.895759 0.000172 0.000225 0.000106 0.000019 0.096033 0.007685 1.711042
0.896744 0.000167 0.000224 0.000104 0.000018 0.095058 0.007685 1.711058
0.897719 0.000163 0.000219 0.000103 0.000017 0.094094 0.007685 1.711074
0.898679 0.000156 0.000219 0.000100 0.000017 0.093142 0.007686 1.711092
0.899562 0.000156 0.000212 0.000096 0.000017 0.092270 0.007686 1.711104
0.900437 0.000150 0.000205 0.000092 0.000016 0.091412 0.007687 1.711118
0.901322 0.000151 0.000193 0.000090 0.000015 0.090540 0.007687 1.711127
0.902183 0.000151 0.000187 0.000087 0.000014 0.089690 0.007687 1.711139
0.903037 0.000153 0.000178 0.000086 0.000014 0.088842 0.007688 1.711152
0.903868 0.000154 0.000171 0.000082 0.000013 0.088022 0.007688 1.711164
0.904687 0.000147 0.000169 0.000083 0.000013 0.087211 0.007688 1.711182
0.905422 0.000146 0.000168 0.000081 0.000014 0.086479 0.007688 1.711197
0.906187 0.000141 0.000164 0.000082 0.000013 0.085723 0.007688 1.711211
0.906902 0.000141 0.000159 0.000081 0.000012 0.085015 0.007689 1.711222
0.907604 0.000142 0.000156 0.000078 0.000013 0.084317 0.007689 1.711232
0.908266 0.000141 0.000156 0.000076 0.000013 0.083658 0.007689 1.711244
0.908917 0.000144 0.000148 0.000075 0.000012 0.083014 0.007689 1.711254
0.909576 0.000142 0.000147 0.000072 0.000013 0.082359 0.007689 1.711266
0.910229 0.000139 0.000149 0.000071 0.000012 0.081710 0.007689 1.711280
0.910842 0.000135 0.000146 0.000069 0.000012 0.081107 0.007689 1.711292
0.911466 0.000131 0.000146 0.000066 0.000012 0.080489 0.007689 1.711304
0.912059 0.000130 0.000142 0.000062 0.000012 0.079905 0.007690 1.711314
0.912646 0.000125 0.000140 0.000061 0.000011 0.079326 0.007690 1.711329
0.913230 0.000124 0.000138 0.000062 0.000011 0.078745 0.007690 1.711340
0.913764 0.000117 0.000133 0.000063 0.000010 0.078221 0.007690 1.711355
0.914295 0.000114 0.000133 0.000064 0.000010 0.077692 0.007691 1.711365
0.914812 0.000116 0.000128 0.000062 0.000010 0.077179 0.007691 1.711374
0.915340 0.000116 0.000123 0.000060 0.000011 0.076657 0.007691 1.711383
0.915853 0.000109 0.000125 0.000064 0.000011 0.076146 0.007691 1.711398
0.916347 0.000104 0.000127 0.000059 0.000011 0.075660 0.007691 1.711410
0.916818 0.000103 0.000127 0.000058 0.000011 0.075190 0.007691 1.711417
0.917293 0.000105 0.000122 0.000056 0.000011 0.074720 0.007691 1.711423
0.917775 0.000102 0.000119 0.000056 0.000010 0.074245 0.007692 1.711433
0.918212 0.000103 0.000118 0.000056 0.000010 0.073808 0.007692 1.711440
0.918644 0.000097 0.000113 0.000055 0.000011 0.073388 0.007692 1.711451
0.919044 0.000095 0.000109 0.000056 0.000010 0.072993 0.007692 1.711459
0.919424 0.000098 0.000111 0.000055 0.000010 0.072610 0.007692 1.711467
0.919790 0.000093 0.000112 0.000053 0.000010 0.072249 0.007692 1.711478
0.920185 0.000093 0.000107 0.000054 0.000009 0.071859 0.007693 1.711488
0.920562 0.000095 0.000102 0.000050 0.000009 0.071489 0.007693 1.711494
0.920929 0.000092 0.000104 0.000049 0.000009 0.071124 0.007693 1.711507
0.921261 0.000089 0.000105 0.000052 0.000008 0.070790 0.007693 1.711519
0.921613 0.000089 0.000104 0.000050 0.000009 0.070442 0.007693 1.711524
0.921959 0.000079 0.000105 0.000052 0.000009 0.070103 0.007693 1.711537
0.922285 0.000074 0.000105 0.000052 0.000008 0.069782 0.007693 1.711546
0.922631 0.000074 0.000097 0.000049 0.000008 0.069447 0.007693 1.711549
0.922952 0.000076 0.000096 0.000048 0.000009 0.069125 0.007693 1.711556
0.923259 0.000079 0.000093 0.000046 0.000009 0.068820 0.007693 1.711563
0.923567 0.000076 0.000090 0.000045 0.000009 0.068520 0.007693 1.711572
0.923845 0.000072 0.000094 0.000044 0.000009 0.068242 0.007693 1.711583
0.924125 0.000065 0.000092 0.000048 0.000008 0.067967 0.007694 1.711593
0.924415 0.000067 0.000090 0.000044 0.000008 0.067683 0.007694 1.711597
0.924686 0.000066 0.000084 0.000041 0.000008 0.067420 0.007694 1.711603
0.924948 0.000066 0.000086 0.000041 0.000008 0.067156 0.007694 1.711611
0.925202 0.000065 0.000085 0.000038 0.000009 0.066906 0.007694 1.711615
0.925425 0.000064 0.000088 0.000036 0.000009 0.066683 0.007694 1.711623
0.925641 0.000063 0.000085 0.000039 0.000008 0.066469 0.007694 1.711631
0.925869 0.000061 0.000080 0.000040 0.000008 0.066249 0.007695 1.711639
0.926097 0.000056 0.000077 0.000040 0.000008 0.066026 0.007695 1.711644
0.926299 0.000053 0.000078 0.000040 0.000008 0.065826 0.007695 1.711651
0.926536 0.000054 0.000076 0.000040 0.000008 0.065590 0.007695 1.711656
0.926733 0.000053 0.000077 0.000039 0.000007 0.065395 0.007696 1.711663
0.926937 0.000053 0.000073 0.000036 0.000008 0.065197 0.007696 1.711668
0.927126 0.000053 0.000073 0.000037 0.000008 0.065008 0.007696 1.711672
0.927319 0.000054 0.000074 0.000035 0.000007 0.064815 0.007696 1.711676
0.927511 0.000050 0.000075 0.000037 0.000007 0.064624 0.007696 1.711683
0.927706 0.000051 0.000072 0.000036 0.000007 0.064432 0.007696 1.711687
0.927876 0.000050 0.000066 0.000035 0.000007 0.064271 0.007696 1.711691
0.928043 0.000048 0.000065 0.000034 0.000007 0.064106 0.007696 1.711695
0.928216 0.000044 0.000068 0.000035 0.000007 0.063935 0.007696 1.711704
0.928377 0.000043 0.000067 0.000033 0.000007 0.063776 0.007696 1.711707
0.928558 0.000042 0.000065 0.000034 0.000007 0.063598 0.007696 1.711712
0.928717 0.000044 0.000059 0.000032 0.000007 0.063444 0.007696 1.711715
0.928880 0.000042 0.000055 0.000031 0.000007 0.063289 0.007697 1.711719
0.929034 0.000040 0.000054 0.000030 0.000006 0.063137 0.007697 1.711723
0.929182 0.000038 0.000049 0.000031 0.000006 0.062997 0.007697 1.711728
0.929330 0.000037 0.000049 0.000030 0.000006 0.062851 0.007697 1.711734
0.929467 0.000038 0.000045 0.000029 0.000006 0.062717 0.007697 1.711735
0.929592 0.000034 0.000047 0.000027 0.000006 0.062595 0.007697 1.711741
0.929719 0.000034 0.000046 0.000025 0.000007 0.062472 0.007697 1.711744
0.929841 0.000031 0.000046 0.000026 0.000007 0.062352 0.007697 1.711749
0.929952 0.000032 0.000045 0.000026 0.000007 0.062242 0.007697 1.711753
0.930079 0.000031 0.000043 0.000025 0.000006 0.062120 0.007697 1.711755
0.930186 0.000031 0.000042 0.000024 0.000006 0.062013 0.007697 1.711756
0.930290 0.000031 0.000042 0.000021 0.000006 0.061911 0.007697 1.711760
0.930382 0.000028 0.000043 0.000020 0.000006 0.061824 0.007697 1.711767
0.930479 0.000025 0.000041 0.000019 0.000006 0.061732 0.007697 1.711771
0.930568 0.000023 0.000039 0.000020 0.000006 0.061646 0.007697 1.711775
0.930659 0.000021 0.000038 0.000021 0.000006 0.061557 0.007697 1.711778
0.930754 0.000021 0.000037 0.000021 0.000006 0.061463 0.007697 1.711779
0.930830 0.000022 0.000037 0.000020 0.000006 0.061388 0.007697 1.711781
0.930919 0.000021 0.000036 0.000020 0.000005 0.061301 0.007697 1.711784
0.931000 0.000020 0.000037 0.000021 0.000005 0.061220 0.007697 1.711787
0.931081 0.000019 0.000036 0.000018 0.000005 0.061144 0.007697 1.711788
0.931159 0.000018 0.000035 0.000017 0.000005 0.061069 0.007697 1.711790
0.931230 0.000016 0.000034 0.000019 0.000004 0.060999 0.007698 1.711792
0.931308 0.000018 0.000032 0.000019 0.000004 0.060922 0.007698 1.711794
0.931377 0.000018 0.000032 0.000018 0.000004 0.060853 0.007698 1.711795
0.931448 0.000019 0.000029 0.000018 0.000005 0.060783 0.007698 1.711796
0.931509 0.000019 0.000029 0.000018 0.000005 0.060722 0.007698 1.711797
0.931575 0.000019 0.000029 0.000018 0.000005 0.060658 0.007698 1.711799
0.931648 0.000019 0.000027 0.000017 0.000005 0.060586 0.007698 1.711800
0.931714 0.000017 0.000027 0.000017 0.000005 0.060522 0.007698 1.711802
0.931779 0.000017 0.000027 0.000017 0.000005 0.060457 0.007698 1.711803
0.931854 0.000017 0.000026 0.000015 0.000005 0.060385 0.007698 1.711804
0.931912 0.000016 0.000026 0.000013 0.000005 0.060330 0.007698 1.711805
0.931971 0.000017 0.000026 0.000012 0.000005 0.060272 0.007698 1.711807
0.932031 0.000015 0.000026 0.000012 0.000005 0.060213 0.007698 1.711808
0.932082 0.000014 0.000024 0.000012 0.000004 0.060166 0.007698 1.711810
0.932134 0.000013 0.000025 0.000011 0.000004 0.060113 0.007698 1.711812
0.932172 0.000015 0.000026 0.000011 0.000004 0.060073 0.007698 1.711813
0.932219 0.000014 0.000024 0.000011 0.000004 0.060029 0.007698 1.711813
0.932255 0.000016 0.000024 0.000010 0.000004 0.059993 0.007698 1.711814
0.932294 0.000016 0.000019 0.000011 0.000004 0.059957 0.007698 1.711815
0.932337 0.000016 0.000018 0.000011 0.000004 0.059916 0.007698 1.711816
0.932373 0.000016 0.000018 0.000011 0.000003 0.059881 0.007698 1.711818
0.932414 0.000015 0.000017 0.000011 0.000003 0.059842 0.007698 1.711818
0.932445 0.000015 0.000016 0.000011 0.000003 0.059812 0.007698 1.711819
0.932479 0.000014 0.000016 0.000010 0.000003 0.059780 0.007698 1.711820
0.932508 0.000014 0.000015 0.000010 0.000003 0.059752 0.007699 1.711821
0.932533 0.000015 0.000015 0.000010 0.000003 0.059726 0.007699 1.711822
0.932571 0.000013 0.000015 0.000011 0.000003 0.059689 0.007699 1.711825
0.932606 0.000012 0.000013 0.000011 0.000003 0.059657 0.007699 1.711826
0.932634 0.000012 0.000013 0.000010 0.000003 0.059629 0.007699 1.711826
0.932658 0.000012 0.000014 0.000009 0.000003 0.059604 0.007699 1.711828
0.932684 0.000013 0.000014 0.000010 0.000003 0.059578 0.007699 1.711829
0.932718 0.000013 0.000013 0.000009 0.000003 0.059545 0.007699 1.711830
0.932748 0.000013 0.000014 0.000009 0.000003 0.059514 0.007699 1.711831
0.932775 0.000014 0.000013 0.000009 0.000003 0.059487 0.007699 1.711831
0.932798 0.000012 0.000015 0.000010 0.000002 0.059464 0.007699 1.711834
0.932829 0.000011 0.000013 0.000010 0.000002 0.059434 0.007699 1.711835
0.932853 0.000012 0.000014 0.000010 0.000002 0.059409 0.007699 1.711837
0.932877 0.000013 0.000015 0.000010 0.000002 0.059383 0.007699 1.711838
0.932895 0.000015 0.000014 0.000010 0.000002 0.059365 0.007699 1.711839
0.932911 0.000015 0.000014 0.000010 0.000002 0.059349 0.007699 1.711840
0.932928 0.000016 0.000014 0.000010 0.000002 0.059331 0.007699 1.711841
0.932944 0.000015 0.000015 0.000011 0.000002 0.059314 0.007699 1.711844
0.932955 0.000015 0.000014 0.000012 0.000002 0.059303 0.007699 1.711845
0.932971 0.000014 0.000014 0.000012 0.000002 0.059288 0.007699 1.711846
0.932987 0.000014 0.000014 0.000013 0.000002 0.059272 0.007699 1.711847
0.933000 0.000012 0.000013 0.000011 0.000003 0.059261 0.007699 1.711849
0.933021 0.000012 0.000012 0.000011 0.000003 0.059242 0.007699 1.711850
0.933046 0.000012 0.000012 0.000009 0.000002 0.059219 0.007700 1.711851
0.933064 0.000013 0.000012 0.000008 0.000002 0.059202 0.007700 1.711851
0.933079 0.000012 0.000011 0.000008 0.000001 0.059188 0.007700 1.711852
0.933090 0.000012 0.000011 0.000007 0.000001 0.059178 0.007700 1.711854
0.933106 0.000010 0.000011 0.000008 0.000001 0.059164 0.007700 1.711856
0.933120 0.000010 0.000011 0.000008 0.000002 0.059150 0.007700 1.711857
0.933131 0.000011 0.000012 0.000007 0.000002 0.059137 0.007700 1.711858
0.933142 0.000012 0.000013 0.000006 0.000002 0.059126 0.007700 1.711859
0.933156 0.000013 0.000012 0.000005 0.000002 0.059111 0.007700 1.711860
0.933168 0.000012 0.000012 0.000005 0.000002 0.059101 0.007700 1.711862
0.933180 0.000014 0.000011 0.000004 0.000002 0.059089 0.007700 1.711862
0.933195 0.000014 0.000012 0.000004 0.000001 0.059074 0.007700 1.711863
0.933208 0.000014 0.000012 0.000004 0.000001 0.059061 0.007700 1.711864
0.933217 0.000013 0.000011 0.000004 0.000001 0.059054 0.007700 1.711866
0.933229 0.000013 0.000011 0.000005 0.000001 0.059041 0.007700 1.711867
0.933247 0.000012 0.000011 0.000005 0.000001 0.059024 0.007700 1.711869
0.933256 0.000012 0.000011 0.000006 0.000001 0.059014 0.007700 1.711870
0.933265 0.000013 0.000011 0.000006 0.000001 0.059004 0.007700 1.711871
0.933277 0.000013 0.000010 0.000006 0.000001 0.058993 0.007700 1.711872
0.933289 0.000013 0.000010 0.000006 0.000001 0.058980 0.007700 1.711873
0.933301 0.000012 0.000011 0.000007 0.000001 0.058968 0.007700 1.711876
0.933308 0.000010 0.000010 0.000007 0.000001 0.058963 0.007700 1.711877
0.933319 0.000010 0.000010 0.000007 0.000001 0.058953 0.007700 1.711878
0.933333 0.000010 0.000010 0.000007 0.000002 0.058939 0.007700 1.711879
0.933342 0.000010 0.000010 0.000007 0.000002 0.058929 0.007700 1.711879
0.933353 0.000010 0.000010 0.000007 0.000002 0.058918 0.007700 1.711880
0.933361 0.000010 0.000010 0.000006 0.000002 0.058911 0.007700 1.711880
0.933370 0.000008 0.000012 0.000007 0.000002 0.058901 0.007700 1.711882
0.933380 0.000010 0.000012 0.000006 0.000002 0.058891 0.007700 1.711882
0.933393 0.000010 0.000011 0.000006 0.000002 0.058878 0.007700 1.711883
0.933403 0.000009 0.000011 0.000005 0.000002 0.058870 0.007700 1.711884
0.933412 0.000008 0.000011 0.000005 0.000002 0.058862 0.007700 1.711885
0.933422 0.000007 0.000010 0.000006 0.000002 0.058853 0.007700 1.711886
0.933430 0.000007 0.000010 0.000006 0.000002 0.058845 0.007700 1.711886
0.933441 0.000006 0.000010 0.000007 0.000002 0.058835 0.007700 1.711887
0.933449 0.000006 0.000010 0.000006 0.000002 0.058827 0.007700 1.711888
0.933462 0.000004 0.000010 0.000007 0.000002 0.058815 0.007700 1.711889
0.933467 0.000004 0.000010 0.000007 0.000002 0.058811 0.007700 1.711890
0.933476 0.000003 0.000010 0.000007 0.000002 0.058803 0.007700 1.711891
0.933484 0.000004 0.000010 0.000006 0.000002 0.058794 0.007700 1.711891
0.933493 0.000003 0.000010 0.000005 0.000002 0.058787 0.007700 1.711892
0.933500 0.000003 0.000010 0.000006 0.000002 0.058780 0.007700 1.711893
0.933507 0.000003 0.000010 0.000005 0.000002 0.058773 0.007700 1.711893
0.933513 0.000003 0.000008 0.000004 0.000002 0.058771 0.007700 1.711894
0.933518 0.000002 0.000008 0.000004 0.000002 0.058766 0.007700 1.711894
0.933523 0.000003 0.000008 0.000004 0.000002 0.058760 0.007700 1.711894
0.933531 0.000002 0.000008 0.000004 0.000002 0.058754 0.007700 1.711895
0.933539 0.000003 0.000008 0.000003 0.000002 0.058746 0.007700 1.711895
0.933542 0.000004 0.000008 0.000003 0.000002 0.058742 0.007700 1.711895
0.933547 0.000004 0.000007 0.000002 0.000002 0.058739 0.007700 1.711895
0.933552 0.000005 0.000007 0.000002 0.000002 0.058733 0.007700 1.711895
0.933556 0.000005 0.000006 0.000002 0.000002 0.058729 0.007700 1.711895
0.933558 0.000005 0.000007 0.000002 0.000001 0.058727 0.007700 1.711896
0.933560 0.000006 0.000006 0.000002 0.000001 0.058725 0.007700 1.711896
0.933563 0.000006 0.000005 0.000003 0.000001 0.058723 0.007700 1.711896
0.933567 0.000005 0.000006 0.000003 0.000001 0.058718 0.007700 1.711897
0.933571 0.000006 0.000006 0.000003 0.000001 0.058714 0.007700 1.711897
0.933574 0.000006 0.000006 0.000003 0.000001 0.058710 0.007700 1.711897
0.933578 0.000005 0.000006 0.000003 0.000001 0.058707 0.007700 1.711898
0.933582 0.000005 0.000006 0.000002 0.000001 0.058703 0.007700 1.711899
0.933586 0.000005 0.000006 0.000002 0.000001 0.058700 0.007700 1.711899
0.933592 0.000003 0.000006 0.000003 0.000000 0.058694 0.007701 1.711900
0.933594 0.000003 0.000006 0.000003 0.000000 0.058692 0.007701 1.711901
0.933598 0.000003 0.000007 0.000003 0.000000 0.058689 0.007701 1.711901
0.933601 0.000003 0.000007 0.000003 0.000000 0.058686 0.007701 1.711902
0.933603 0.000003 0.000007 0.000002 0.000000 0.058683 0.007701 1.711902
0.933606 0.000003 0.000007 0.000002 0.000000 0.058680 0.007701 1.711902
0.933609 0.000003 0.000007 0.000002 0.000000 0.058677 0.007701 1.711902
0.933613 0.000003 0.000006 0.000002 0.000000 0.058674 0.007701 1.711902
0.933616 0.000003 0.000007 0.000002 0.000000 0.058671 0.007701 1.711902
0.933618 0.000003 0.000007 0.000002 0.000000 0.058669 0.007701 1.711903
0.933621 0.000003 0.000007 0.000002 0.000000 0.058667 0.007701 1.711903
0.933624 0.000002 0.000007 0.000002 0.000000 0.058665 0.007701 1.711904
0.933626 0.000002 0.000007 0.000001 0.000000 0.058662 0.007701 1.711904
0.933630 0.000003 0.000006 0.000001 0.000000 0.058659 0.007701 1.711904
0.933633 0.000003 0.000005 0.000001 0.000000 0.058657 0.007701 1.711904
0.933635 0.000003 0.000006 0.000001 0.000000 0.058654 0.007701 1.711904
0.933638 0.000003 0.000006 0.000001 0.000000 0.058651 0.007701 1.711904
0.933640 0.000003 0.000005 0.000001 0.000000 0.058649 0.007701 1.711904
0.933643 0.000003 0.000005 0.000001 0.000000 0.058646 0.007701 1.711904
0.933645 0.000003 0.000006 0.000001 0.000000 0.058644 0.007701 1.711905
0.933647 0.000003 0.000006 0.000001 0.000000 0.058642 0.007701 1.711905
0.933649 0.000002 0.000006 0.000001 0.000000 0.058640 0.007701 1.711905
0.933653 0.000002 0.000006 0.000001 0.000000 0.058637 0.007701 1.711905
0.933654 0.000002 0.000006 0.000000 0.000000 0.058636 0.007701 1.711905
0.933656 0.000002 0.000006 0.000000 0.000000 0.058634 0.007701 1.711906
0.933657 0.000001 0.000005 0.000001 0.000000 0.058634 0.007701 1.711906
0.933659 0.000001 0.000004 0.000001 0.000000 0.058634 0.007701 1.711906
0.933661 0.000001 0.000004 0.000001 0.000000 0.058632 0.007701 1.711906
0.933662 0.000001 0.000004 0.000001 0.000000 0.058631 0.007701 1.711906
0.933664 0.000001 0.000004 0.000001 0.000000 0.058630 0.007701 1.711906
0.933667 0.000000 0.000004 0.000001 0.000000 0.058626 0.007701 1.711907
0.933668 0.000000 0.000003 0.000001 0.000000 0.058626 0.007701 1.711907
0.933669 0.000000 0.000003 0.000000 0.000000 0.058625 0.007701 1.711907
0.933669 0.000001 0.000003 0.000000 0.000000 0.058625 0.007701 1.711907
0.933670 0.000001 0.000002 0.000000 0.000000 0.058626 0.007701 1.711907
0.933672 0.000001 0.000002 0.000000 0.000000 0.058624 0.007701 1.711907
0.933673 0.000001 0.000002 0.000000 0.000000 0.058623 0.007701 1.711907
0.933675 0.000001 0.000002 0.000000 0.000000 0.058621 0.007701 1.711907
0.933677 0.000001 0.000002 0.000000 0.000000 0.058619 0.007701 1.711907
0.933679 0.000001 0.000002 0.000000 0.000000 0.058617 0.007701 1.711907
0.933679 0.000001 0.000001 0.000000 0.000000 0.058617 0.007701 1.711907
0.933680 0.000001 0.000001 0.000000 0.000000 0.058616 0.007701 1.711907
0.933682 0.000000 0.000002 0.000000 0.000000 0.058615 0.007701 1.711907
0.933684 0.000000 0.000002 0.000000 0.000000 0.058613 0.007701 1.711907
0.933684 0.000000 0.000001 0.000000 0.000000 0.058613 0.007701 1.711907
0.933685 0.000000 0.000001 0.000000 0.000000 0.058612 0.007701 1.711907
0.933686 0.000000 0.000001 0.000000 0.000000 0.058611 0.007701 1.711908
0.933687 0.000000 0.000001 0.000000 0.000000 0.058610 0.007701 1.711908
0.933688 0.000000 0.000001 0.000000 0.000000 0.058610 0.007701 1.711908
0.933689 0.000000 0.000001 0.000000 0.000000 0.058609 0.007701 1.711908
0.933690 0.000000 0.000001 0.000000 0.000000 0.058608 0.007701 1.711908
0.933691 0.000000 0.000001 0.000000 0.000000 0.058607 0.007701 1.711908
0.933692 0.000000 0.000001 0.000000 0.000000 0.058606 0.007701 1.711908
0.933693 0.000000 0.000001 0.000000 0.000000 0.058605 0.007701 1.711908
0.933694 0.000000 0.000001 0.000000 0.000000 0.058604 0.007701 1.711908
0.933694 0.000000 0.000000 0.000000 0.000000 0.058604 0.007701 1.711908
0.933695 0.000000 0.000000 0.000000 0.000000 0.058603 0.007701 1.711908
0.933696 0.000000 0.000000 0.000000 0.000000 0.058602 0.007701 1.711908
0.933696 0.000000 0.000000 0.000000 0.000000 0.058602 0.007701 1.711908
0.933697 0.000000 0.000000 0.000000 0.000000 0.058602 0.007701 1.711908
0.933697 0.000000 0.000000 0.000000 0.000000 0.058601 0.007701 1.711908
0.933698 0.000000 0.000000 0.000000 0.000000 0.058600 0.007701 1.711908
0.933698 0.000000 0.000000 0.000000 0.000000 0.058600 0.007701 1.711908
0.933698 0.000000 0.000000 0.000000 0.000000 0.058600 0.007701 1.711908
0.933698 0.000000 0.000000 0.000000 0.000000 0.058600 0.007701 1.711908
0.933698 0.000000 0.000000 0.000000 0.000000 0.058600 0.007701 1.711908
0.933698 0.000000 0.000000 0.000000 0.000000 0.058600 0.007701 1.711908
0.933698 0.000000 0.000000 0.000000 0.000000 0.058600 0.007701 1.711908
0.933698 0.000000 0.000000 0.000000 0.000000 0.058600 0.007701 1.711908
0.933698 0.000000 0.000000 0.000000 0.000000 0.058600 0.007701 1.711908
0.933698 0.000000 0.000000 0.000000 0.000000 0.058600 0.007701 1.711908
0.933698 0.000000 0.000000 0.000000 0.000000 0.058600 0.007701 1.711908
0.933698 0.000000 0.000000 0.000000 0.000000 0.058600 0.007701 1.711908
0.933698 0.000000 0.000000 0.000000 0.000000 0.058600 0.007701 1.711908
0.933698 0.000000 0.000000 0.000000 0.000000 0.058600 0.007701 1.711908
0.933698 0.000000 0.000000 0.000000 0.000000 0.058600 0.007701 1.711908
0.933698 0.000000 0.000000 0.000000 0.000000 0.058600 0.007701 1.711908
0.933698 0.000000 0.000000 0.000000 0.000000 0.058600 0.007701 1.711908
0.933698 0.000000 0.000000 0.000000 0.000000 0.058600 0.007701 1.711908
0.933698 0.000000 0.000000 0.000000 0.000000 0.058600 0.007701 1.711908
0.933698 0.000000 0.000000 0.000000 0.000000 0.058600 0.007701 1.711908
0.933698 0.000000 0.000000 0.000000 0.000000 0.058600 0.007701 1.711908
0.933698 0.000000 0.000000 0.000000 0.000000 0.058600 0.007701 1.711908
0.933698 0.000000 0.000000 0.000000 0.000000 0.058600 0.007701 1.711908
0.933698 0.000000 0.000000 0.000000 0.000000 0.058600 0.007701 1.711908
0.933698 0.000000 0.000000 0.000000 0.000000 0.058600 0.007701 1.711908
0.933698 0.000000 0.000000 0.000000 0.000000 0.058600 0.007701 1.711908
0.933698 0.000000 0.000000 0.000000 0.000000 0.058600 0.007701 1.711908
0.933698 0.000000 0.000000 0.000000 0.000000 0.058600 0.007701 1.711908
0.933698 0.000000 0.000000 0.000000 0.000000 0.058600 0.007701 1.711908
0.933698 0.000000 0.000000 0.000000 0.000000 0.058600 0.007701 1.711908
0.933698 0.000000 0.000000 0.000000 0.000000 0.058600 0.007701 1.711908
0.933698 0.000000 0.000000 0.000000 0.000000 0.058600 0.007701 1.711908
0.933698 0.000000 0.000000 0.000000 0.000000 0.058600 0.007701 1.711908
0.933698 0.000000 0.000000 0.000000 0.000000 0.058600 0.007701 1.711908
0.933698 0.000000 0.000000 0.000000 0.000000 0.058600 0.007701 1.711908
0.933698 0.000000 0.000000 0.000000 0.000000 0.058600 0.007701 1.711908
0.933698 0.000000 0.000000 0.000000 0.000000 0.058600 0.007701 1.711908
0.933698 0.000000 0.000000 0.000000 0.000000 0.058600 0.007701 1.711908
0.933698 0.000000 0.000000 0.000000 0.000000 0.058600 0.007701 1.711908
0.933698 0.000000 0.000000 0.000000 0.000000 0.058600 0.007701 1.711908
0.933698 0.000000 0.000000 0.000000 0.000000 0.058600 0.007701 1.711908
0.933698 0.000000 0.000000 0.000000 0.000000 0.058600 0.007701 1.711908
0.933698 0.000000 0.000000 0.000000 0.000000 0.058600 0.007701 1.711908
0.933698 0.000000 0.000000 0.000000 0.000000 0.058600 0.007701 1.711908
0.933698 0.000000 0.000000 0.000000 0.000000 0.058600 0.007701 1.711908
0.933698 0.000000 0.000000 0.000000 0.000000 0.058600 0.007701 1.711908
0.933698 0.000000 0.000000 0.000000 0.000000 0.058600 0.007701 1.711908
0.933698 0.000000 0.000000 0.000000 0.000000 0.058600 0.007701 1.711908
0.933698 0.000000 0.000000 0.000000 0.000000 0.058600 0.007701 1.711908
0.933698 0.000000 0.000000 0.000000 0.000000 0.058600 0.007701 1.711908
0.933698 0.000000 0.000000 0.000000 0.000000 0.058600 0.007701 1.711908
0.933698 0.000000 0.000000 0.000000 0.000000 0.058600 0.007701 1.711908
0.933698 0.000000 0.000000 0.000000 0.000000 0.058600 0.007701 1.711908
0.933698 0.000000 0.000000 0.000000 0.000000 0.058600 0.007701 1.711908
0.933698 0.000000 0.000000 0.000000 0.000000 0.058600 0.007701 1.711908
0.933698 0.000000 0.000000 0.000000 0.000000 0.058600 0.007701 1.711908
0.933698 0.000000 0.000000 0.000000 0.000000 0.058600 0.007701 1.711908
0.933698 0.000000 0.000000 0.000000 0.000000 0.058600 0.007701 1.711908
0.933698 0.000000 0.000000 0.000000 0.000000 0.058600 0.007701 1.711908
0.933698 0.000000 0.000000 0.000000 0.000000 0.058600 0.007701 1.711908
0.933698 0.000000 0.000000 0.000000 0.000000 0.058600 0.007701 1.711908
0.933698 0.000000 0.000000 0.000000 0.000000 0.058600 0.007701 1.711908
0.933698 0.000000 0.000000 0.000000 0.000000 0.058600 0.007701 1.711908
0.933698 0.000000 0.000000 0.000000 0.000000 0.058600 0.007701 1.711908
0.933698 0.000000 0.000000 0.000000 0.000000 0.058600 0.007701 1.711908
0.933698 0.000000 0.000000 0.000000 0.000000 0.058600 0.007701 1.711908
0.933698 0.000000 0.000000 0.000000 0.000000 0.058600 0.007701 1.711908
0.933698 0.000000 0.000000 0.000000 0.000000 0.058600 0.007701 1.711908
0.933698 0.000000 0.000000 0.000000 0.000000 0.058600 0.007701 1.711908
0.933698 0.000000 0.000000 0.000000 0.000000 0.058600 0.007701 1.711908
0.933698 0.000000 0.000000 0.000000 0.000000 0.058600 0.007701 1.711908
0.933698 0.000000 0.000000 0.000000 0.000000 0.058600 0.007701 1.711908
0.933698 0.000000 0.000000 0.000000 0.000000 0.058600 0.007701 1.711908
0.933698 0.000000 0.000000 0.000000 0.000000 0.058600 0.007701 1.711908
0.933698 0.000000 0.000000 0.000000 0.000000 0.058600 0.007701 1.711908
0.933698 0.000000 0.000000 0.000000 0.000000 0.058600 0.007701 1.711908
0.933698 0.000000 0.000000 0.000000 0.000000 0.058600 0.007701 1.711908
0.933698 0.000000 0.000000 0.000000 0.000000 0.058600 0.007701 1.711908
0.933698 0.000000 0.000000 0.000000 0.000000 0.058600 0.007701 1.711908
0.933698 0.000000 0.000000 0.000000 0.000000 0.058600 0.007701 1.711908
0.933698 0.000000 0.000000 0.000000 0.000000 0.058600 0.007701 1.711908
0.933698 0.000000 0.000000 0.000000 0.000000 0.058600 0.007701 1.711908
0.933698 0.000000 0.000000 0.000000 0.000000 0.058600 0.007701 1.711908
0.933698 0.000000 0.000000 0.000000 0.000000 0.058600 0.007701 1.711908
0.933698 0.000000 0.000000 0.000000 0.000000 0.058600 0.007701 1.711908
0.933698 0.000000 0.000000 0.000000 0.000000 0.058600 0.007701 1.711908
0.933698 0.000000 0.000000 0.000000 0.000000 0.058600 0.007701 1.711908
0.933698 0.000000 0.000000 0.000000 0.000000 0.058600 0.007701 1.711908
0.933698 0.000000 0.000000 0.000000 0.000000 0.058600 0.007701 1.711908
0.933698 0.000000 0.000000 0.000000 0.000000 0.058600 0.007701 1.711908
0.933698 0.000000 0.000000 0.000000 0.000000 0.058600 0.007701 1.711908
0.933698 0.000000 0.000000 0.000000 0.000000 0.058600 0.007701 1.711908
0.933698 0.000000 0.000000 0.000000 0.000000 0.058600 0.007701 1.711908
0.933698 0.000000 0.000000 0.000000 0.000000 0.058600 0.007701 1.711908
0.933698 0.000000 0.000000 0.000000 0.000000 0.058600 0.007701 1.711908
0.933698 0.000000 0.000000 0.000000 0.000000 0.058600 0.007701 1.711908
0.933698 0.000000 0.000000 0.000000 0.000000 0.058600 0.007701 1.711908
0.933698 0.000000 0.000000 0.000000 0.000000 0.058600 0.007701 1.711908
0.933698 0.000000 0.000000 0.000000 0.000000 0.058600 0.007701 1.711908
0.933698 0.000000 0.000000 0.000000 0.000000 0.058600 0.007701 1.711908
0.933698 0.000000 0.000000 0.000000 0.000000 0.058600 0.007701 1.711908
0.933698 0.000000 0.000000 0.000000 0.000000 0.058600 0.007701 1.711908
0.933698 0.000000 0.000000 0.000000 0.000000 0.058600 0.007701 1.711908
0.933698 0.000000 0.000000 0.000000 0.000000 0.058600 0.007701 1.711908
0.933698 0.000000 0.000000 0.000000 0.000000 0.058600 0.007701 1.711908
0.933698 0.000000 0.000000 0.000000 0.000000 0.058600 0.007701 1.711908
0.933698 0.000000 0.000000 0.000000 0.000000 0.058600 0.007701 1.711908
0.933698 0.000000 0.000000 0.000000 0.000000 0.058600 0.007701 1.711908
0.933698 0.000000 0.000000 0.000000 0.000000 0.058600 0.007701 1.711908
0.933698 0.000000 0.000000 0.000000 0.000000 0.058600 0.007701 1.711908
0.933698 0.000000 0.000000 0.000000 0.000000 0.058600 0.007701 1.711908
0.933698 0.000000 0.000000 0.000000 0.000000 0.058600 0.007701 1.711908
0.933698 0.000000 0.000000 0.000000 0.000000 0.058600 0.007701 1.711908
0.933698 0.000000 0.000000 0.000000 0.000000 0.058600 0.007701 1.711908
0.933698 0.000000 0.000000 0.000000 0.000000 0.058600 0.007701 1.711908
0.933698 0.000000 0.000000 0.000000 0.000000 0.058600 0.007701 1.711908
0.933698 0.000000 0.000000 0.000000 0.000000 0.058600 0.007701 1.711908
0.933698 0.000000 0.000000 0.000000 0.000000 0.058600 0.007701 1.711908
0.933698 0.000000 0.000000 0.000000 0.000000 0.058600 0.007701 1.711908
0.933698 0.000000 0.000000 0.000000 0.000000 0.058600 0.007701 1.711908
0.933698 0.000000 0.000000 0.000000 0.000000 0.058600 0.007701 1.711908
