0.342818 0.062616 0.056632 0.032666 0.002119 0.496883 0.006267 1.630634
0.345321 0.060326 0.056394 0.032356 0.002120 0.497187 0.006296 1.636609
0.348726 0.057448 0.056124 0.032068 0.002112 0.497201 0.006320 1.642340
0.352608 0.054419 0.055674 0.031591 0.002122 0.497244 0.006343 1.647734
0.356791 0.051262 0.055177 0.031133 0.002144 0.497126 0.006366 1.652919
0.361310 0.048157 0.054404 0.030589 0.002153 0.496995 0.006393 1.657782
0.365970 0.045216 0.053547 0.029981 0.002146 0.496722 0.006418 1.662330
0.370736 0.042341 0.052511 0.029395 0.002145 0.496432 0.006441 1.666658
0.375640 0.039561 0.051519 0.028595 0.002150 0.496069 0.006465 1.670751
0.380787 0.037025 0.050370 0.027837 0.002137 0.495349 0.006496 1.674498
0.385866 0.034609 0.049159 0.027090 0.002130 0.494621 0.006525 1.678042
0.390975 0.032342 0.047855 0.026318 0.002122 0.493837 0.006550 1.681347
0.396130 0.030300 0.046527 0.025512 0.002107 0.492846 0.006578 1.684390
0.401357 0.028382 0.045164 0.024697 0.002091 0.491700 0.006609 1.687237
0.406668 0.026574 0.043782 0.023909 0.002064 0.490371 0.006633 1.689900
0.411940 0.024893 0.042367 0.023070 0.002043 0.489029 0.006659 1.692402
0.417162 0.023383 0.040866 0.022217 0.002025 0.487660 0.006687 1.694734
0.422525 0.021908 0.039429 0.021423 0.002010 0.485991 0.006714 1.696983
0.427871 0.020517 0.038078 0.020608 0.001988 0.484197 0.006740 1.699078
0.433202 0.019359 0.036657 0.019762 0.001967 0.482282 0.006769 1.700979
0.438564 0.018138 0.035302 0.018922 0.001948 0.480331 0.006795 1.702834
0.443901 0.017073 0.033957 0.018232 0.001927 0.478090 0.006819 1.704548
0.449352 0.016041 0.032671 0.017533 0.001914 0.475649 0.006840 1.706152
0.454755 0.015061 0.031409 0.016785 0.001884 0.473240 0.006865 1.707711
0.460130 0.014211 0.030172 0.016045 0.001862 0.470694 0.006886 1.709123
0.465512 0.013374 0.028955 0.015349 0.001827 0.468063 0.006919 1.710484
0.470778 0.012627 0.027747 0.014719 0.001802 0.465383 0.006944 1.711753
0.476152 0.011930 0.026609 0.014070 0.001768 0.462501 0.006970 1.712950
0.481425 0.011288 0.025529 0.013494 0.001735 0.459532 0.006997 1.714067
0.486615 0.010709 0.024487 0.012884 0.001706 0.456576 0.007022 1.715126
0.491834 0.010152 0.023413 0.012310 0.001682 0.453567 0.007042 1.716135
0.497045 0.009608 0.022424 0.011753 0.001644 0.450464 0.007062 1.717104
0.502225 0.009102 0.021471 0.011220 0.001610 0.447287 0.007086 1.718025
0.507479 0.008619 0.020588 0.010713 0.001572 0.443922 0.007107 1.718910
0.512606 0.008187 0.019697 0.010213 0.001540 0.440635 0.007122 1.719716
0.517807 0.007814 0.018826 0.009746 0.001507 0.437155 0.007146 1.720463
0.522873 0.007422 0.018010 0.009345 0.001472 0.433710 0.007167 1.721210
0.527960 0.007077 0.017261 0.008904 0.001445 0.430167 0.007187 1.721903
0.533004 0.006768 0.016437 0.008509 0.001415 0.426662 0.007204 1.722560
0.537908 0.006479 0.015800 0.008104 0.001389 0.423098 0.007223 1.723187
0.542879 0.006154 0.015075 0.007775 0.001370 0.419511 0.007236 1.723805
0.547801 0.005861 0.014419 0.007438 0.001341 0.415886 0.007254 1.724407
0.552805 0.005578 0.013769 0.007074 0.001309 0.412193 0.007272 1.724965
0.557676 0.005319 0.013198 0.006759 0.001282 0.408479 0.007288 1.725508
0.562536 0.005061 0.012616 0.006455 0.001262 0.404766 0.007304 1.726034
0.567293 0.004875 0.012068 0.006171 0.001226 0.401046 0.007322 1.726507
0.572059 0.004638 0.011507 0.005906 0.001188 0.397365 0.007337 1.726986
0.576770 0.004461 0.010976 0.005616 0.001163 0.393664 0.007350 1.727424
0.581435 0.004318 0.010465 0.005356 0.001136 0.389928 0.007363 1.727820
0.586036 0.004129 0.010028 0.005127 0.001104 0.386198 0.007378 1.728267
0.590599 0.003952 0.009636 0.004915 0.001077 0.382431 0.007391 1.728672
0.595075 0.003798 0.009219 0.004708 0.001045 0.378751 0.007405 1.729058
0.599588 0.003639 0.008833 0.004489 0.001020 0.375016 0.007417 1.729429
0.604064 0.003514 0.008461 0.004285 0.001002 0.371246 0.007427 1.729762
0.608505 0.003372 0.008104 0.004099 0.000976 0.367504 0.007441 1.730114
0.612853 0.003249 0.007775 0.003903 0.000951 0.363815 0.007455 1.730438
0.617196 0.003164 0.007432 0.003722 0.000928 0.360092 0.007466 1.730737
0.621455 0.003054 0.007126 0.003563 0.000910 0.356414 0.007477 1.731040
0.625720 0.002918 0.006849 0.003403 0.000888 0.352728 0.007493 1.731361
0.629949 0.002809 0.006558 0.003258 0.000864 0.349059 0.007504 1.731631
0.634152 0.002705 0.006295 0.003117 0.000840 0.345379 0.007514 1.731908
0.638258 0.002620 0.006043 0.002973 0.000817 0.341763 0.007527 1.732166
0.642299 0.002530 0.005776 0.002853 0.000790 0.338211 0.007542 1.732408
0.646283 0.002445 0.005534 0.002755 0.000763 0.334667 0.007554 1.732653
0.650327 0.002371 0.005293 0.002644 0.000744 0.331057 0.007563 1.732872
0.654324 0.002306 0.005077 0.002527 0.000725 0.327464 0.007577 1.733093
0.658278 0.002236 0.004843 0.002429 0.000702 0.323926 0.007587 1.733312
0.662261 0.002154 0.004645 0.002317 0.000689 0.320342 0.007592 1.733518
0.666133 0.002072 0.004459 0.002234 0.000674 0.316828 0.007602 1.733719
0.669985 0.002010 0.004259 0.002137 0.000657 0.313347 0.007607 1.733913
0.673789 0.001962 0.004071 0.002027 0.000631 0.309901 0.007619 1.734086
0.677458 0.001887 0.003880 0.001945 0.000618 0.306591 0.007623 1.734275
0.681091 0.001828 0.003723 0.001859 0.000599 0.303267 0.007635 1.734452
0.684829 0.001761 0.003578 0.001801 0.000581 0.299808 0.007644 1.734634
0.688449 0.001699 0.003449 0.001728 0.000562 0.296461 0.007652 1.734800
0.692009 0.001657 0.003292 0.001651 0.000545 0.293189 0.007657 1.734949
0.695606 0.001596 0.003151 0.001598 0.000530 0.289852 0.007668 1.735112
0.699126 0.001541 0.003014 0.001531 0.000513 0.286600 0.007676 1.735263
0.702552 0.001491 0.002898 0.001479 0.000495 0.283404 0.007683 1.735415
0.705940 0.001466 0.002779 0.001420 0.000482 0.280226 0.007688 1.735548
0.709304 0.001407 0.002670 0.001375 0.000467 0.277083 0.007694 1.735702
0.712680 0.001359 0.002545 0.001322 0.000451 0.273946 0.007700 1.735836
0.715943 0.001316 0.002449 0.001267 0.000438 0.270883 0.007705 1.735966
0.719197 0.001301 0.002355 0.001212 0.000424 0.267800 0.007711 1.736086
0.722447 0.001259 0.002270 0.001164 0.000409 0.264733 0.007719 1.736218
0.725678 0.001222 0.002185 0.001131 0.000396 0.261665 0.007725 1.736337
0.728776 0.001202 0.002112 0.001077 0.000385 0.258717 0.007732 1.736443
0.731887 0.001160 0.002047 0.001034 0.000372 0.255762 0.007738 1.736561
0.734960 0.001101 0.001985 0.001008 0.000360 0.252842 0.007746 1.736689
0.738015 0.001085 0.001908 0.000964 0.000352 0.249925 0.007752 1.736789
0.741058 0.001057 0.001834 0.000931 0.000344 0.247022 0.007755 1.736886
0.744086 0.001040 0.001763 0.000898 0.000333 0.244122 0.007759 1.736988
0.747089 0.001020 0.001702 0.000863 0.000322 0.241242 0.007763 1.737082
0.750069 0.000990 0.001641 0.000839 0.000313 0.238381 0.007769 1.737176
0.753020 0.000966 0.001577 0.000806 0.000306 0.235555 0.007772 1.737255
0.755877 0.000925 0.001540 0.000784 0.000302 0.232797 0.007775 1.737356
0.758693 0.000919 0.001487 0.000759 0.000290 0.230074 0.007779 1.737438
0.761520 0.000899 0.001429 0.000742 0.000282 0.227344 0.007785 1.737525
0.764336 0.000877 0.001385 0.000710 0.000267 0.224634 0.007791 1.737605
0.767077 0.000860 0.001347 0.000694 0.000260 0.221969 0.007794 1.737691
0.769813 0.000822 0.001318 0.000686 0.000251 0.219314 0.007797 1.737790
0.772505 0.000796 0.001274 0.000669 0.000245 0.216711 0.007801 1.737872
0.775245 0.000771 0.001234 0.000652 0.000238 0.214058 0.007803 1.737947
0.777818 0.000754 0.001189 0.000618 0.000232 0.211582 0.007809 1.738022
0.780313 0.000734 0.001142 0.000607 0.000221 0.209168 0.007815 1.738099
0.782914 0.000710 0.001105 0.000590 0.000218 0.206646 0.007817 1.738170
0.785496 0.000686 0.001072 0.000572 0.000213 0.204144 0.007820 1.738234
0.787995 0.000675 0.001042 0.000556 0.000207 0.201705 0.007822 1.738300
0.790499 0.000657 0.001003 0.000536 0.000198 0.199283 0.007825 1.738360
0.792927 0.000660 0.000969 0.000525 0.000191 0.196902 0.007827 1.738413
0.795378 0.000645 0.000948 0.000502 0.000184 0.194515 0.007830 1.738477
0.797781 0.000627 0.000912 0.000492 0.000179 0.192178 0.007833 1.738543
0.800198 0.000605 0.000898 0.000476 0.000175 0.189814 0.007834 1.738607
0.802534 0.000595 0.000874 0.000453 0.000166 0.187543 0.007837 1.738664
0.804830 0.000580 0.000861 0.000431 0.000163 0.185298 0.007838 1.738723
0.807070 0.000564 0.000838 0.000418 0.000159 0.183111 0.007840 1.738783
0.809339 0.000544 0.000819 0.000406 0.000156 0.180894 0.007844 1.738841
0.811547 0.000530 0.000797 0.000390 0.000150 0.178738 0.007848 1.738894
0.813779 0.000502 0.000774 0.000378 0.000146 0.176571 0.007850 1.738949
0.815853 0.000484 0.000756 0.000366 0.000137 0.174552 0.007854 1.739002
0.817965 0.000476 0.000739 0.000360 0.000132 0.172471 0.007856 1.739050
0.820082 0.000462 0.000713 0.000356 0.000128 0.170401 0.007859 1.739096
0.822209 0.000446 0.000699 0.000346 0.000125 0.168315 0.007861 1.739147
0.824259 0.000433 0.000680 0.000343 0.000120 0.166303 0.007863 1.739196
0.826264 0.000423 0.000667 0.000330 0.000117 0.164335 0.007864 1.739234
0.828250 0.000416 0.000651 0.000317 0.000114 0.162386 0.007866 1.739274
0.830271 0.000410 0.000640 0.000307 0.000110 0.160395 0.007868 1.739315
0.832230 0.000401 0.000624 0.000303 0.000106 0.158466 0.007869 1.739356
0.834189 0.000393 0.000598 0.000296 0.000104 0.156549 0.007871 1.739394
0.836077 0.000394 0.000577 0.000287 0.000101 0.154693 0.007872 1.739434
0.837927 0.000383 0.000568 0.000282 0.000098 0.152869 0.007873 1.739474
0.839801 0.000387 0.000548 0.000275 0.000096 0.151019 0.007875 1.739505
0.841669 0.000367 0.000539 0.000272 0.000094 0.149182 0.007877 1.739552
0.843525 0.000361 0.000523 0.000266 0.000092 0.147355 0.007878 1.739588
0.845327 0.000358 0.000497 0.000256 0.000090 0.145593 0.007879 1.739624
0.847083 0.000354 0.000482 0.000251 0.000087 0.143863 0.007880 1.739660
0.848844 0.000354 0.000472 0.000241 0.000087 0.142122 0.007881 1.739694
0.850572 0.000344 0.000459 0.000236 0.000085 0.140420 0.007884 1.739729
0.852236 0.000333 0.000449 0.000228 0.000084 0.138785 0.007885 1.739764
0.853974 0.000329 0.000437 0.000225 0.000083 0.137067 0.007885 1.739794
0.855610 0.000323 0.000424 0.000222 0.000082 0.135454 0.007886 1.739827
0.857219 0.000320 0.000414 0.000218 0.000078 0.133865 0.007887 1.739858
0.858832 0.000313 0.000403 0.000209 0.000077 0.132278 0.007889 1.739885
0.860453 0.000309 0.000395 0.000204 0.000075 0.130674 0.007890 1.739917
0.862065 0.000306 0.000396 0.000198 0.000073 0.129073 0.007891 1.739946
0.863665 0.000305 0.000390 0.000190 0.000069 0.127492 0.007891 1.739973
0.865195 0.000302 0.000377 0.000187 0.000067 0.125981 0.007892 1.739998
0.866712 0.000295 0.000373 0.000186 0.000064 0.124476 0.007893 1.740027
0.868216 0.000288 0.000368 0.000186 0.000063 0.122987 0.007893 1.740057
0.869666 0.000282 0.000361 0.000179 0.000061 0.121558 0.007894 1.740080
0.871095 0.000274 0.000348 0.000176 0.000057 0.120154 0.007898 1.740107
0.872535 0.000264 0.000342 0.000176 0.000053 0.118732 0.007899 1.740139
0.873958 0.000265 0.000333 0.000168 0.000052 0.117324 0.007900 1.740160
0.875340 0.000256 0.000320 0.000164 0.000051 0.115968 0.007900 1.740185
0.876689 0.000244 0.000316 0.000162 0.000050 0.114639 0.007901 1.740213
0.878016 0.000239 0.000317 0.000154 0.000050 0.113324 0.007901 1.740241
0.879360 0.000236 0.000310 0.000150 0.000048 0.111995 0.007902 1.740264
0.880671 0.000235 0.000306 0.000146 0.000047 0.110692 0.007902 1.740284
0.881959 0.000224 0.000296 0.000144 0.000044 0.109429 0.007904 1.740310
0.883168 0.000217 0.000289 0.000140 0.000044 0.108239 0.007905 1.740332
0.884367 0.000216 0.000283 0.000131 0.000044 0.107055 0.007905 1.740350
0.885505 0.000215 0.000271 0.000131 0.000043 0.105930 0.007906 1.740368
0.886659 0.000206 0.000265 0.000132 0.000042 0.104791 0.007907 1.740389
0.887774 0.000202 0.000264 0.000129 0.000042 0.103684 0.007907 1.740413
0.888882 0.000199 0.000257 0.000125 0.000042 0.102590 0.007907 1.740434
0.889968 0.000188 0.000246 0.000121 0.000042 0.101529 0.007907 1.740455
0.891019 0.000180 0.000243 0.000116 0.000041 0.100494 0.007907 1.740471
0.892048 0.000179 0.000239 0.000122 0.000039 0.099466 0.007908 1.740492
0.893079 0.000176 0.000232 0.000115 0.000038 0.098453 0.007909 1.740508
0.894061 0.000165 0.000234 0.000114 0.000036 0.097481 0.007910 1.740529
0.895007 0.000159 0.000226 0.000117 0.000035 0.096547 0.007911 1.740546
0.895922 0.000154 0.000225 0.000111 0.000035 0.095642 0.007911 1.740564
0.896865 0.000154 0.000216 0.000109 0.000034 0.094712 0.007911 1.740580
0.897788 0.000152 0.000212 0.000106 0.000031 0.093800 0.007912 1.740594
0.898671 0.000149 0.000212 0.000104 0.000028 0.092923 0.007913 1.740610
0.899599 0.000148 0.000203 0.000105 0.000028 0.092004 0.007914 1.740627
0.900475 0.000143 0.000201 0.000104 0.000027 0.091136 0.007915 1.740643
0.901372 0.000144 0.000197 0.000099 0.000025 0.090248 0.007916 1.740655
0.902259 0.000138 0.000198 0.000098 0.000022 0.089368 0.007916 1.740672
0.903108 0.000136 0.000199 0.000094 0.000022 0.088524 0.007917 1.740688
0.903858 0.000136 0.000192 0.000088 0.000022 0.087786 0.007917 1.740702
0.904642 0.000134 0.000184 0.000083 0.000022 0.087017 0.007918 1.740714
0.905410 0.000135 0.000178 0.000082 0.000022 0.086255 0.007918 1.740727
0.906140 0.000136 0.000171 0.000084 0.000021 0.085529 0.007919 1.740738
0.906865 0.000134 0.000170 0.000082 0.000021 0.084809 0.007919 1.740754
0.907562 0.000135 0.000167 0.000081 0.000020 0.084115 0.007919 1.740765
0.908267 0.000132 0.000162 0.000080 0.000021 0.083419 0.007919 1.740779
0.908918 0.000131 0.000164 0.000080 0.000020 0.082768 0.007919 1.740792
0.909580 0.000131 0.000160 0.000080 0.000020 0.082108 0.007919 1.740806
0.910248 0.000127 0.000156 0.000081 0.000019 0.081448 0.007920 1.740821
0.910881 0.000126 0.000153 0.000080 0.000018 0.080821 0.007921 1.740835
0.911481 0.000118 0.000151 0.000080 0.000017 0.080231 0.007921 1.740850
0.912070 0.000116 0.000150 0.000077 0.000016 0.079650 0.007921 1.740862
0.912638 0.000112 0.000144 0.000072 0.000014 0.079098 0.007923 1.740873
0.913190 0.000112 0.000137 0.000069 0.000014 0.078555 0.007923 1.740878
0.913748 0.000112 0.000132 0.000066 0.000013 0.078005 0.007923 1.740886
0.914242 0.000108 0.000131 0.000065 0.000013 0.077517 0.007923 1.740899
0.914755 0.000109 0.000129 0.000063 0.000013 0.077006 0.007923 1.740908
0.915221 0.000106 0.000128 0.000063 0.000013 0.076545 0.007924 1.740921
0.915691 0.000104 0.000124 0.000062 0.000013 0.076082 0.007924 1.740931
0.916138 0.000109 0.000123 0.000060 0.000012 0.075635 0.007924 1.740936
0.916591 0.000107 0.000118 0.000059 0.000012 0.075189 0.007924 1.740946
0.917023 0.000104 0.000118 0.000061 0.000011 0.074759 0.007924 1.740958
0.917450 0.000104 0.000119 0.000058 0.000011 0.074333 0.007924 1.740968
0.917865 0.000104 0.000111 0.000057 0.000011 0.073926 0.007924 1.740975
0.918274 0.000104 0.000111 0.000055 0.000011 0.073520 0.007925 1.740985
0.918647 0.000105 0.000110 0.000052 0.000010 0.073150 0.007926 1.740992
0.919013 0.000106 0.000109 0.000054 0.000010 0.072784 0.007926 1.741001
0.919384 0.000107 0.000102 0.000054 0.000010 0.072417 0.007926 1.741008
0.919728 0.000106 0.000097 0.000054 0.000009 0.072079 0.007926 1.741015
0.920066 0.000105 0.000091 0.000054 0.000009 0.071749 0.007926 1.741023
0.920378 0.000105 0.000090 0.000051 0.000010 0.071440 0.007926 1.741032
0.920698 0.000104 0.000090 0.000051 0.000010 0.071121 0.007926 1.741042
0.921008 0.000103 0.000089 0.000051 0.000010 0.070813 0.007926 1.741052
0.921293 0.000098 0.000089 0.000056 0.000009 0.070530 0.007926 1.741064
0.921594 0.000097 0.000083 0.000055 0.000009 0.070236 0.007926 1.741069
0.921863 0.000094 0.000086 0.000054 0.000009 0.069967 0.007926 1.741081
0.922161 0.000092 0.000087 0.000055 0.000009 0.069670 0.007926 1.741092
0.922450 0.000091 0.000087 0.000055 0.000008 0.069383 0.007927 1.741100
0.922731 0.000088 0.000085 0.000052 0.000007 0.069110 0.007927 1.741108
0.922981 0.000086 0.000087 0.000051 0.000007 0.068861 0.007927 1.741116
0.923221 0.000083 0.000088 0.000051 0.000007 0.068622 0.007927 1.741126
0.923477 0.000086 0.000083 0.000051 0.000007 0.068368 0.007927 1.741130
0.923726 0.000084 0.000083 0.000051 0.000007 0.068121 0.007928 1.741137
0.923971 0.000086 0.000083 0.000053 0.000007 0.067873 0.007928 1.741145
0.924206 0.000080 0.000086 0.000051 0.000007 0.067642 0.007928 1.741160
0.924440 0.000077 0.000085 0.000049 0.000006 0.067414 0.007928 1.741168
0.924675 0.000073 0.000083 0.000048 0.000006 0.067186 0.007928 1.741176
0.924891 0.000072 0.000085 0.000047 0.000004 0.066973 0.007928 1.741185
0.925104 0.000070 0.000079 0.000048 0.000004 0.066765 0.007928 1.741193
0.925301 0.000068 0.000081 0.000046 0.000004 0.066572 0.007929 1.741201
0.925477 0.000068 0.000076 0.000044 0.000004 0.066402 0.007929 1.741204
0.925653 0.000068 0.000076 0.000041 0.000003 0.066230 0.007930 1.741211
0.925831 0.000068 0.000077 0.000041 0.000003 0.066049 0.007930 1.741219
0.926003 0.000073 0.000072 0.000041 0.000003 0.065878 0.007930 1.741221
0.926163 0.000073 0.000074 0.000041 0.000003 0.065716 0.007930 1.741228
0.926314 0.000068 0.000074 0.000044 0.000003 0.065567 0.007930 1.741237
0.926473 0.000064 0.000074 0.000044 0.000004 0.065411 0.007930 1.741245
0.926615 0.000068 0.000073 0.000044 0.000004 0.065267 0.007930 1.741251
0.926760 0.000064 0.000072 0.000041 0.000004 0.065128 0.007930 1.741258
0.926894 0.000064 0.000071 0.000039 0.000004 0.064998 0.007930 1.741263
0.927028 0.000062 0.000070 0.000037 0.000005 0.064869 0.007930 1.741271
0.927159 0.000063 0.000067 0.000039 0.000005 0.064739 0.007930 1.741277
0.927294 0.000060 0.000065 0.000039 0.000005 0.064608 0.007930 1.741284
0.927423 0.000061 0.000063 0.000040 0.000005 0.064479 0.007930 1.741288
0.927564 0.000063 0.000063 0.000039 0.000005 0.064337 0.007930 1.741293
0.927689 0.000063 0.000063 0.000037 0.000005 0.064214 0.007930 1.741299
0.927801 0.000062 0.000061 0.000036 0.000005 0.064106 0.007930 1.741304
0.927917 0.000063 0.000058 0.000034 0.000005 0.063994 0.007930 1.741308
0.928017 0.000060 0.000058 0.000033 0.000005 0.063898 0.007930 1.741315
0.928125 0.000059 0.000056 0.000031 0.000005 0.063795 0.007930 1.741319
0.928236 0.000056 0.000058 0.000030 0.000005 0.063686 0.007930 1.741324
0.928336 0.000052 0.000056 0.000030 0.000005 0.063592 0.007930 1.741330
0.928427 0.000050 0.000054 0.000030 0.000005 0.063505 0.007930 1.741337
0.928524 0.000052 0.000054 0.000028 0.000005 0.063409 0.007930 1.741339
0.928616 0.000047 0.000056 0.000029 0.000004 0.063318 0.007930 1.741346
0.928701 0.000044 0.000056 0.000026 0.000003 0.063240 0.007930 1.741351
0.928781 0.000044 0.000056 0.000026 0.000003 0.063160 0.007930 1.741356
0.928851 0.000045 0.000054 0.000025 0.000003 0.063091 0.007930 1.741359
0.928932 0.000047 0.000051 0.000024 0.000003 0.063013 0.007930 1.741361
0.929008 0.000046 0.000051 0.000023 0.000003 0.062940 0.007930 1.741366
0.929079 0.000045 0.000053 0.000024 0.000003 0.062867 0.007930 1.741373
0.929146 0.000046 0.000051 0.000024 0.000003 0.062801 0.007930 1.741376
0.929208 0.000047 0.000052 0.000024 0.000003 0.062736 0.007930 1.741381
0.929277 0.000044 0.000050 0.000023 0.000003 0.062673 0.007930 1.741386
0.929338 0.000044 0.000051 0.000024 0.000003 0.062611 0.007930 1.741391
0.929405 0.000045 0.000048 0.000024 0.000003 0.062545 0.007930 1.741394
0.929458 0.000045 0.000048 0.000025 0.000003 0.062490 0.007930 1.741400
0.929519 0.000045 0.000046 0.000024 0.000003 0.062433 0.007930 1.741404
0.929577 0.000046 0.000041 0.000023 0.000003 0.062381 0.007930 1.741407
0.929621 0.000048 0.000036 0.000020 0.000003 0.062342 0.007930 1.741408
0.929677 0.000045 0.000039 0.000021 0.000003 0.062285 0.007930 1.741415
0.929728 0.000044 0.000040 0.000022 0.000003 0.062235 0.007930 1.741420
0.929763 0.000044 0.000041 0.000020 0.000003 0.062200 0.007930 1.741424
0.929810 0.000042 0.000043 0.000020 0.000003 0.062153 0.007930 1.741429
0.929849 0.000042 0.000039 0.000018 0.000003 0.062119 0.007930 1.741430
0.929885 0.000043 0.000038 0.000019 0.000003 0.062082 0.007930 1.741432
0.929923 0.000044 0.000039 0.000018 0.000003 0.062044 0.007930 1.741434
0.929959 0.000044 0.000036 0.000018 0.000003 0.062011 0.007930 1.741436
0.929985 0.000044 0.000039 0.000018 0.000003 0.061983 0.007930 1.741441
0.930021 0.000042 0.000040 0.000017 0.000003 0.061949 0.007930 1.741446
0.930059 0.000044 0.000040 0.000015 0.000003 0.061910 0.007930 1.741448
0.930092 0.000041 0.000041 0.000015 0.000002 0.061880 0.007931 1.741454
0.930119 0.000038 0.000037 0.000017 0.000002 0.061857 0.007931 1.741459
0.930150 0.000040 0.000036 0.000017 0.000002 0.061826 0.007931 1.741460
0.930186 0.000038 0.000034 0.000018 0.000002 0.061791 0.007931 1.741464
0.930214 0.000036 0.000034 0.000018 0.000002 0.061766 0.007931 1.741469
0.930238 0.000035 0.000033 0.000017 0.000002 0.061744 0.007931 1.741473
0.930270 0.000033 0.000034 0.000016 0.000002 0.061715 0.007931 1.741478
0.930293 0.000035 0.000031 0.000015 0.000002 0.061694 0.007931 1.741479
0.930321 0.000037 0.000029 0.000014 0.000002 0.061667 0.007931 1.741481
0.930351 0.000035 0.000029 0.000014 0.000002 0.061639 0.007931 1.741484
0.930377 0.000033 0.000027 0.000014 0.000002 0.061617 0.007931 1.741486
0.930405 0.000034 0.000025 0.000013 0.000002 0.061591 0.007931 1.741488
0.930426 0.000032 0.000027 0.000013 0.000002 0.061569 0.007931 1.741491
0.930458 0.000031 0.000026 0.000013 0.000002 0.061540 0.007931 1.741493
0.930484 0.000032 0.000024 0.000013 0.000002 0.061514 0.007931 1.741494
0.930503 0.000032 0.000024 0.000014 0.000002 0.061494 0.007931 1.741496
0.930531 0.000030 0.000023 0.000015 0.000002 0.061469 0.007931 1.741499
0.930554 0.000031 0.000022 0.000016 0.000002 0.061445 0.007931 1.741502
0.930569 0.000030 0.000024 0.000016 0.000002 0.061430 0.007931 1.741506
0.930591 0.000031 0.000023 0.000015 0.000002 0.061408 0.007931 1.741507
0.930611 0.000031 0.000022 0.000014 0.000002 0.061390 0.007931 1.741509
0.930631 0.000034 0.000022 0.000013 0.000002 0.061368 0.007931 1.741510
0.930649 0.000034 0.000024 0.000013 0.000002 0.061349 0.007931 1.741514
0.930669 0.000033 0.000024 0.000013 0.000002 0.061330 0.007931 1.741516
0.930687 0.000034 0.000023 0.000014 0.000002 0.061310 0.007931 1.741518
0.930712 0.000034 0.000023 0.000014 0.000002 0.061285 0.007931 1.741521
0.930729 0.000032 0.000023 0.000016 0.000002 0.061268 0.007931 1.741524
0.930750 0.000031 0.000022 0.000018 0.000002 0.061247 0.007931 1.741527
0.930767 0.000030 0.000023 0.000016 0.000002 0.061232 0.007931 1.741530
0.930784 0.000028 0.000024 0.000017 0.000002 0.061215 0.007931 1.741533
0.930803 0.000028 0.000023 0.000018 0.000002 0.061197 0.007931 1.741535
0.930822 0.000027 0.000023 0.000018 0.000002 0.061178 0.007931 1.741538
0.930844 0.000027 0.000021 0.000015 0.000001 0.061163 0.007931 1.741539
0.930862 0.000025 0.000022 0.000015 0.000001 0.061143 0.007931 1.741541
0.930879 0.000026 0.000019 0.000017 0.000001 0.061127 0.007931 1.741544
0.930896 0.000024 0.000020 0.000018 0.000001 0.061109 0.007931 1.741546
0.930915 0.000024 0.000019 0.000016 0.000001 0.061093 0.007931 1.741549
0.930931 0.000023 0.000019 0.000016 0.000001 0.061079 0.007931 1.741552
0.930943 0.000025 0.000019 0.000017 0.000001 0.061065 0.007931 1.741552
0.930956 0.000026 0.000018 0.000015 0.000002 0.061053 0.007931 1.741554
0.930973 0.000023 0.000019 0.000015 0.000002 0.061038 0.007931 1.741558
0.930991 0.000022 0.000019 0.000014 0.000002 0.061022 0.007931 1.741559
0.930999 0.000022 0.000021 0.000012 0.000002 0.061015 0.007931 1.741561
0.931013 0.000022 0.000022 0.000011 0.000001 0.061001 0.007931 1.741563
0.931027 0.000021 0.000021 0.000011 0.000001 0.060988 0.007931 1.741564
0.931040 0.000018 0.000022 0.000010 0.000001 0.060978 0.007931 1.741568
0.931053 0.000018 0.000023 0.000010 0.000001 0.060965 0.007931 1.741569
0.931064 0.000017 0.000023 0.000011 0.000001 0.060954 0.007931 1.741572
0.931074 0.000018 0.000023 0.000011 0.000001 0.060941 0.007931 1.741573
0.931082 0.000018 0.000024 0.000011 0.000001 0.060933 0.007931 1.741574
0.931097 0.000018 0.000022 0.000011 0.000001 0.060920 0.007931 1.741577
0.931109 0.000017 0.000022 0.000012 0.000001 0.060909 0.007931 1.741579
0.931118 0.000020 0.000020 0.000013 0.000001 0.060897 0.007931 1.741580
0.931130 0.000017 0.000021 0.000013 0.000001 0.060887 0.007931 1.741585
0.931141 0.000016 0.000021 0.000012 0.000002 0.060879 0.007931 1.741586
0.931151 0.000014 0.000022 0.000011 0.000002 0.060868 0.007931 1.741588
0.931160 0.000017 0.000020 0.000011 0.000002 0.060860 0.007931 1.741589
0.931172 0.000015 0.000022 0.000011 0.000002 0.060848 0.007931 1.741592
0.931180 0.000016 0.000021 0.000011 0.000002 0.060841 0.007931 1.741594
0.931189 0.000016 0.000020 0.000010 0.000002 0.060832 0.007931 1.741595
0.931201 0.000017 0.000020 0.000010 0.000002 0.060820 0.007931 1.741596
0.931211 0.000015 0.000021 0.000010 0.000002 0.060810 0.007931 1.741598
0.931219 0.000016 0.000021 0.000010 0.000001 0.060803 0.007931 1.741599
0.931228 0.000017 0.000021 0.000010 0.000001 0.060793 0.007931 1.741600
0.931235 0.000019 0.000020 0.000008 0.000001 0.060786 0.007931 1.741601
0.931241 0.000020 0.000019 0.000009 0.000001 0.060779 0.007931 1.741602
0.931249 0.000022 0.000020 0.000010 0.000001 0.060768 0.007931 1.741604
0.931257 0.000020 0.000021 0.000009 0.000002 0.060761 0.007931 1.741606
0.931267 0.000019 0.000022 0.000008 0.000002 0.060751 0.007931 1.741608
0.931272 0.000020 0.000022 0.000008 0.000002 0.060745 0.007931 1.741610
0.931275 0.000022 0.000024 0.000008 0.000002 0.060739 0.007931 1.741613
0.931282 0.000020 0.000025 0.000008 0.000002 0.060732 0.007931 1.741616
0.931288 0.000021 0.000023 0.000007 0.000002 0.060728 0.007931 1.741618
0.931294 0.000023 0.000023 0.000008 0.000002 0.060719 0.007931 1.741619
0.931300 0.000022 0.000026 0.000007 0.000002 0.060712 0.007931 1.741623
0.931306 0.000022 0.000025 0.000008 0.000002 0.060706 0.007931 1.741626
0.931311 0.000023 0.000024 0.000008 0.000002 0.060701 0.007931 1.741628
0.931320 0.000022 0.000026 0.000008 0.000002 0.060692 0.007931 1.741631
0.931322 0.000022 0.000026 0.000007 0.000002 0.060690 0.007931 1.741634
0.931329 0.000022 0.000027 0.000007 0.000002 0.060683 0.007931 1.741636
0.931333 0.000019 0.000027 0.000008 0.000002 0.060680 0.007931 1.741640
0.931340 0.000019 0.000026 0.000008 0.000002 0.060673 0.007931 1.741641
0.931345 0.000019 0.000026 0.000009 0.000002 0.060669 0.007931 1.741643
0.931353 0.000019 0.000025 0.000010 0.000001 0.060661 0.007931 1.741645
0.931356 0.000017 0.000027 0.000010 0.000001 0.060659 0.007931 1.741649
0.931358 0.000016 0.000027 0.000009 0.000002 0.060657 0.007931 1.741652
0.931367 0.000016 0.000028 0.000009 0.000002 0.060648 0.007931 1.741654
0.931370 0.000016 0.000025 0.000009 0.000002 0.060647 0.007931 1.741655
0.931374 0.000017 0.000024 0.000010 0.000001 0.060644 0.007931 1.741656
0.931380 0.000014 0.000023 0.000010 0.000001 0.060641 0.007931 1.741659
0.931382 0.000016 0.000022 0.000008 0.000001 0.060640 0.007932 1.741659
0.931389 0.000015 0.000021 0.000008 0.000001 0.060635 0.007932 1.741660
0.931394 0.000016 0.000019 0.000008 0.000001 0.060631 0.007932 1.741660
0.931401 0.000014 0.000018 0.000008 0.000001 0.060625 0.007932 1.741663
0.931403 0.000012 0.000019 0.000009 0.000001 0.060624 0.007932 1.741666
0.931406 0.000010 0.000021 0.000008 0.000000 0.060622 0.007932 1.741669
0.931412 0.000010 0.000020 0.000008 0.000000 0.060619 0.007932 1.741670
0.931418 0.000007 0.000020 0.000008 0.000000 0.060615 0.007932 1.741673
0.931425 0.000008 0.000019 0.000008 0.000000 0.060608 0.007932 1.741673
0.931430 0.000008 0.000016 0.000008 0.000000 0.060605 0.007932 1.741674
0.931434 0.000010 0.000016 0.000008 0.000000 0.060601 0.007932 1.741674
0.931437 0.000008 0.000016 0.000007 0.000000 0.060600 0.007932 1.741676
0.931442 0.000007 0.000014 0.000008 0.000000 0.060598 0.007932 1.741677
0.931445 0.000008 0.000015 0.000006 0.000000 0.060595 0.007932 1.741678
0.931450 0.000008 0.000012 0.000006 0.000000 0.060592 0.007932 1.741678
0.931454 0.000008 0.000011 0.000007 0.000000 0.060588 0.007932 1.741679
0.931459 0.000008 0.000010 0.000006 0.000000 0.060586 0.007932 1.741680
0.931464 0.000008 0.000009 0.000005 0.000000 0.060582 0.007932 1.741680
0.931467 0.000008 0.000008 0.000006 0.000000 0.060580 0.007932 1.741681
0.931469 0.000010 0.000008 0.000006 0.000000 0.060576 0.007932 1.741681
0.931470 0.000010 0.000008 0.000006 0.000000 0.060574 0.007932 1.741682
0.931473 0.000011 0.000009 0.000006 0.000000 0.060570 0.007932 1.741683
0.931475 0.000012 0.000010 0.000005 0.000000 0.060568 0.007932 1.741684
0.931477 0.000012 0.000009 0.000005 0.000000 0.060566 0.007932 1.741684
0.931481 0.000010 0.000009 0.000007 0.000000 0.060562 0.007932 1.741687
0.931483 0.000010 0.000010 0.000006 0.000000 0.060559 0.007932 1.741688
0.931488 0.000010 0.000010 0.000006 0.000000 0.060554 0.007932 1.741689
0.931491 0.000008 0.000011 0.000006 0.000000 0.060552 0.007932 1.741690
0.931494 0.000008 0.000009 0.000006 0.000000 0.060551 0.007932 1.741691
0.931497 0.000008 0.000008 0.000006 0.000000 0.060549 0.007932 1.741692
0.931503 0.000008 0.000008 0.000005 0.000000 0.060544 0.007932 1.741692
0.931508 0.000008 0.000007 0.000005 0.000000 0.060539 0.007932 1.741693
0.931514 0.000008 0.000008 0.000005 0.000000 0.060534 0.007932 1.741693
0.931516 0.000007 0.000008 0.000005 0.000000 0.060531 0.007932 1.741695
0.931518 0.000006 0.000008 0.000006 0.000000 0.060529 0.007932 1.741696
0.931521 0.000006 0.000008 0.000006 0.000000 0.060527 0.007932 1.741696
0.931525 0.000006 0.000007 0.000006 0.000000 0.060523 0.007932 1.741697
0.931529 0.000006 0.000007 0.000006 0.000000 0.060519 0.007932 1.741698
0.931532 0.000007 0.000007 0.000005 0.000000 0.060517 0.007932 1.741698
0.931535 0.000005 0.000008 0.000005 0.000000 0.060515 0.007932 1.741700
0.931536 0.000006 0.000008 0.000005 0.000000 0.060514 0.007932 1.741701
0.931539 0.000006 0.000008 0.000005 0.000000 0.060511 0.007932 1.741702
0.931543 0.000006 0.000008 0.000005 0.000000 0.060507 0.007932 1.741702
0.931548 0.000006 0.000006 0.000005 0.000000 0.060503 0.007932 1.741702
0.931554 0.000005 0.000006 0.000005 0.000000 0.060498 0.007932 1.741703
0.931557 0.000005 0.000006 0.000005 0.000000 0.060496 0.007932 1.741704
0.931557 0.000006 0.000006 0.000004 0.000000 0.060495 0.007932 1.741704
0.931560 0.000006 0.000005 0.000004 0.000000 0.060493 0.007932 1.741704
0.931560 0.000006 0.000005 0.000004 0.000000 0.060494 0.007932 1.741705
0.931565 0.000006 0.000004 0.000003 0.000000 0.060490 0.007932 1.741705
0.931568 0.000006 0.000003 0.000003 0.000000 0.060487 0.007932 1.741705
0.931570 0.000006 0.000003 0.000003 0.000000 0.060486 0.007932 1.741706
0.931573 0.000006 0.000004 0.000003 0.000000 0.060484 0.007932 1.741706
0.931575 0.000006 0.000004 0.000003 0.000000 0.060481 0.007932 1.741706
0.931577 0.000006 0.000003 0.000003 0.000000 0.060479 0.007932 1.741707
0.931581 0.000006 0.000003 0.000002 0.000001 0.060475 0.007932 1.741707
0.931582 0.000006 0.000005 0.000002 0.000001 0.060474 0.007932 1.741708
0.931583 0.000006 0.000004 0.000002 0.000001 0.060473 0.007932 1.741708
0.931586 0.000006 0.000003 0.000002 0.000001 0.060471 0.007932 1.741708
0.931586 0.000005 0.000004 0.000002 0.000001 0.060471 0.007932 1.741709
0.931587 0.000004 0.000005 0.000002 0.000001 0.060470 0.007932 1.741710
0.931588 0.000003 0.000004 0.000002 0.000001 0.060470 0.007932 1.741710
0.931588 0.000003 0.000004 0.000003 0.000001 0.060469 0.007932 1.741711
0.931589 0.000003 0.000004 0.000002 0.000001 0.060469 0.007932 1.741711
0.931591 0.000003 0.000003 0.000002 0.000001 0.060467 0.007932 1.741711
0.931592 0.000004 0.000003 0.000002 0.000001 0.060467 0.007932 1.741711
0.931594 0.000003 0.000004 0.000002 0.000000 0.060465 0.007932 1.741711
0.931594 0.000004 0.000004 0.000002 0.000000 0.060464 0.007932 1.741711
0.931595 0.000004 0.000003 0.000002 0.000000 0.060463 0.007932 1.741711
0.931596 0.000003 0.000004 0.000002 0.000000 0.060462 0.007932 1.741712
0.931597 0.000003 0.000003 0.000002 0.000000 0.060462 0.007932 1.741712
0.931598 0.000003 0.000003 0.000002 0.000000 0.060461 0.007932 1.741712
0.931599 0.000003 0.000003 0.000002 0.000000 0.060461 0.007932 1.741712
0.931600 0.000003 0.000003 0.000002 0.000000 0.060460 0.007932 1.741713
0.931601 0.000003 0.000002 0.000001 0.000000 0.060460 0.007932 1.741713
0.931602 0.000003 0.000002 0.000001 0.000000 0.060460 0.007932 1.741713
0.931603 0.000003 0.000002 0.000000 0.000000 0.060459 0.007932 1.741713
0.931604 0.000002 0.000002 0.000000 0.000000 0.060459 0.007932 1.741714
0.931604 0.000002 0.000003 0.000000 0.000000 0.060459 0.007932 1.741714
0.931605 0.000002 0.000003 0.000000 0.000000 0.060457 0.007932 1.741715
0.931606 0.000002 0.000003 0.000000 0.000000 0.060457 0.007932 1.741715
0.931607 0.000003 0.000003 0.000000 0.000000 0.060455 0.007932 1.741715
0.931608 0.000003 0.000003 0.000000 0.000000 0.060454 0.007932 1.741715
0.931608 0.000003 0.000003 0.000000 0.000000 0.060454 0.007932 1.741716
0.931608 0.000004 0.000003 0.000000 0.000000 0.060452 0.007932 1.741716
0.931610 0.000004 0.000003 0.000000 0.000000 0.060450 0.007932 1.741716
0.931610 0.000003 0.000003 0.000001 0.000000 0.060450 0.007932 1.741717
0.931609 0.000004 0.000003 0.000001 0.000000 0.060451 0.007932 1.741717
0.931610 0.000003 0.000003 0.000002 0.000000 0.060450 0.007932 1.741718
0.931610 0.000003 0.000003 0.000002 0.000000 0.060450 0.007932 1.741719
0.931610 0.000003 0.000003 0.000002 0.000000 0.060451 0.007932 1.741719
0.931610 0.000003 0.000003 0.000002 0.000000 0.060451 0.007932 1.741719
0.931610 0.000002 0.000003 0.000002 0.000000 0.060451 0.007932 1.741720
0.931610 0.000002 0.000003 0.000002 0.000000 0.060451 0.007932 1.741720
0.931610 0.000003 0.000003 0.000001 0.000000 0.060451 0.007932 1.741720
0.931610 0.000003 0.000002 0.000001 0.000000 0.060452 0.007932 1.741720
0.931610 0.000003 0.000002 0.000000 0.000000 0.060453 0.007932 1.741720
0.931610 0.000002 0.000002 0.000001 0.000000 0.060453 0.007932 1.741721
0.931610 0.000003 0.000002 0.000001 0.000000 0.060452 0.007932 1.741721
0.931611 0.000002 0.000002 0.000001 0.000000 0.060452 0.007932 1.741721
0.931612 0.000001 0.000003 0.000001 0.000000 0.060451 0.007932 1.741722
0.931613 0.000001 0.000003 0.000001 0.000000 0.060450 0.007932 1.741722
0.931615 0.000001 0.000002 0.000001 0.000000 0.060449 0.007932 1.741722
0.931616 0.000001 0.000002 0.000001 0.000000 0.060448 0.007932 1.741722
0.931617 0.000001 0.000002 0.000001 0.000000 0.060446 0.007932 1.741722
0.931617 0.000001 0.000002 0.000001 0.000000 0.060446 0.007932 1.741722
0.931618 0.000001 0.000002 0.000000 0.000000 0.060446 0.007932 1.741722
0.931619 0.000001 0.000002 0.000000 0.000000 0.060445 0.007932 1.741722
0.931620 0.000001 0.000002 0.000000 0.000000 0.060444 0.007932 1.741722
0.931621 0.000001 0.000002 0.000000 0.000000 0.060443 0.007932 1.741722
0.931621 0.000001 0.000002 0.000000 0.000000 0.060443 0.007932 1.741722
0.931622 0.000001 0.000002 0.000000 0.000000 0.060442 0.007932 1.741722
0.931623 0.000001 0.000001 0.000000 0.000000 0.060442 0.007932 1.741722
0.931623 0.000001 0.000001 0.000000 0.000000 0.060442 0.007932 1.741722
0.931623 0.000001 0.000001 0.000000 0.000000 0.060442 0.007932 1.741723
0.931624 0.000000 0.000001 0.000000 0.000000 0.060442 0.007932 1.741723
0.931624 0.000000 0.000001 0.000000 0.000000 0.060442 0.007932 1.741723
0.931625 0.000000 0.000001 0.000000 0.000000 0.060441 0.007932 1.741724
0.931626 0.000000 0.000001 0.000000 0.000000 0.060440 0.007932 1.741724
0.931627 0.000000 0.000001 0.000000 0.000000 0.060439 0.007932 1.741724
0.931628 0.000000 0.000001 0.000000 0.000000 0.060438 0.007932 1.741724
0.931629 0.000000 0.000001 0.000000 0.000000 0.060437 0.007932 1.741724
0.931630 0.000000 0.000001 0.000000 0.000000 0.060436 0.007932 1.741724
0.931630 0.000000 0.000001 0.000000 0.000000 0.060437 0.007932 1.741724
0.931630 0.000000 0.000001 0.000000 0.000000 0.060437 0.007932 1.741724
0.931630 0.000000 0.000000 0.000000 0.000000 0.060437 0.007932 1.741724
0.931631 0.000000 0.000000 0.000000 0.000000 0.060437 0.007932 1.741724
0.931631 0.000000 0.000000 0.000000 0.000000 0.060436 0.007932 1.741724
0.931631 0.000000 0.000000 0.000000 0.000000 0.060437 0.007932 1.741724
0.931631 0.000000 0.000000 0.000000 0.000000 0.060437 0.007932 1.741724
0.931631 0.000000 0.000000 0.000000 0.000000 0.060437 0.007932 1.741724
0.931631 0.000000 0.000000 0.000000 0.000000 0.060437 0.007932 1.741724
0.931631 0.000000 0.000000 0.000000 0.000000 0.060437 0.007932 1.741724
0.931631 0.000000 0.000000 0.000000 0.000000 0.060437 0.007932 1.741724
0.931631 0.000000 0.000000 0.000000 0.000000 0.060437 0.007932 1.741724
0.931631 0.000000 0.000000 0.000000 0.000000 0.060437 0.007932 1.741724
0.931631 0.000000 0.000000 0.000000 0.000000 0.060437 0.007932 1.741724
0.931631 0.000000 0.000000 0.000000 0.000000 0.060437 0.007932 1.741724
0.931631 0.000000 0.000000 0.000000 0.000000 0.060437 0.007932 1.741724
0.931631 0.000000 0.000000 0.000000 0.000000 0.060437 0.007932 1.741724
0.931631 0.000000 0.000000 0.000000 0.000000 0.060437 0.007932 1.741724
0.931631 0.000000 0.000000 0.000000 0.000000 0.060437 0.007932 1.741724
0.931631 0.000000 0.000000 0.000000 0.000000 0.060437 0.007932 1.741724
0.931631 0.000000 0.000000 0.000000 0.000000 0.060437 0.007932 1.741724
0.931631 0.000000 0.000000 0.000000 0.000000 0.060437 0.007932 1.741724
0.931631 0.000000 0.000000 0.000000 0.000000 0.060437 0.007932 1.741724
0.931631 0.000000 0.000000 0.000000 0.000000 0.060437 0.007932 1.741724
0.931631 0.000000 0.000000 0.000000 0.000000 0.060437 0.007932 1.741724
0.931631 0.000000 0.000000 0.000000 0.000000 0.060437 0.007932 1.741724
0.931631 0.000000 0.000000 0.000000 0.000000 0.060437 0.007932 1.741724
0.931631 0.000000 0.000000 0.000000 0.000000 0.060437 0.007932 1.741724
0.931631 0.000000 0.000000 0.000000 0.000000 0.060437 0.007932 1.741724
0.931631 0.000000 0.000000 0.000000 0.000000 0.060437 0.007932 1.741724
0.931631 0.000000 0.000000 0.000000 0.000000 0.060437 0.007932 1.741724
0.931631 0.000000 0.000000 0.000000 0.000000 0.060437 0.007932 1.741724
0.931631 0.000000 0.000000 0.000000 0.000000 0.060437 0.007932 1.741724
0.931631 0.000000 0.000000 0.000000 0.000000 0.060437 0.007932 1.741724
0.931631 0.000000 0.000000 0.000000 0.000000 0.060437 0.007932 1.741724
0.931631 0.000000 0.000000 0.000000 0.000000 0.060437 0.007932 1.741724
0.931631 0.000000 0.000000 0.000000 0.000000 0.060437 0.007932 1.741724
0.931631 0.000000 0.000000 0.000000 0.000000 0.060437 0.007932 1.741724
0.931631 0.000000 0.000000 0.000000 0.000000 0.060437 0.007932 1.741724
0.931631 0.000000 0.000000 0.000000 0.000000 0.060437 0.007932 1.741724
0.931631 0.000000 0.000000 0.000000 0.000000 0.060437 0.007932 1.741724
0.931631 0.000000 0.000000 0.000000 0.000000 0.060437 0.007932 1.741724
0.931631 0.000000 0.000000 0.000000 0.000000 0.060437 0.007932 1.741724
0.931631 0.000000 0.000000 0.000000 0.000000 0.060437 0.007932 1.741724
0.931631 0.000000 0.000000 0.000000 0.000000 0.060437 0.007932 1.741724
0.931631 0.000000 0.000000 0.000000 0.000000 0.060437 0.007932 1.741724
0.931631 0.000000 0.000000 0.000000 0.000000 0.060437 0.007932 1.741724
0.931631 0.000000 0.000000 0.000000 0.000000 0.060437 0.007932 1.741724
0.931631 0.000000 0.000000 0.000000 0.000000 0.060437 0.007932 1.741724
0.931631 0.000000 0.000000 0.000000 0.000000 0.060437 0.007932 1.741724
0.931631 0.000000 0.000000 0.000000 0.000000 0.060437 0.007932 1.741724
0.931631 0.000000 0.000000 0.000000 0.000000 0.060437 0.007932 1.741724
0.931631 0.000000 0.000000 0.000000 0.000000 0.060437 0.007932 1.741724
0.931631 0.000000 0.000000 0.000000 0.000000 0.060437 0.007932 1.741724
0.931631 0.000000 0.000000 0.000000 0.000000 0.060437 0.007932 1.741724
0.931631 0.000000 0.000000 0.000000 0.000000 0.060437 0.007932 1.741724
0.931631 0.000000 0.000000 0.000000 0.000000 0.060437 0.007932 1.741724
0.931631 0.000000 0.000000 0.000000 0.000000 0.060437 0.007932 1.741724
0.931631 0.000000 0.000000 0.000000 0.000000 0.060437 0.007932 1.741724
0.931631 0.000000 0.000000 0.000000 0.000000 0.060437 0.007932 1.741724
