0.999823 0.000132 0.000030 0.000015 0.000000 0.000000 0.000000
0.999757 0.000172 0.000023 0.000006 0.000000 0.000043 0.000000
0.999514 0.000397 0.000049 0.000013 0.000000 0.000027 0.000000
0.999032 0.000827 0.000096 0.000018 0.000000 0.000027 0.000000
0.998485 0.001283 0.000139 0.000059 0.000000 0.000033 0.000000
0.997606 0.001982 0.000267 0.000100 0.000001 0.000044 0.000000
0.995885 0.003389 0.000479 0.000186 0.000002 0.000059 0.000000
0.993463 0.005353 0.000734 0.000332 0.000001 0.000118 0.000000
0.989804 0.008216 0.001156 0.000578 0.000001 0.000245 0.000000
0.985891 0.011295 0.001577 0.000860 0.000001 0.000376 0.000000
0.980107 0.015873 0.002227 0.001187 0.000002 0.000605 0.000000
0.972500 0.021771 0.003207 0.001659 0.000002 0.000861 0.000000
0.963240 0.028880 0.004333 0.002286 0.000002 0.001260 0.000000
0.950908 0.038224 0.005875 0.003192 0.000003 0.001797 0.000000
0.937607 0.048220 0.007687 0.004179 0.000006 0.002301 0.000000
0.920661 0.060530 0.010265 0.005467 0.000014 0.003064 0.000000
0.901734 0.074044 0.013205 0.006860 0.000023 0.004135 0.000000
0.880712 0.088517 0.016696 0.008611 0.000033 0.005432 0.000000
0.858931 0.103016 0.020434 0.010631 0.000041 0.006947 0.000000
0.835965 0.117571 0.024788 0.012912 0.000042 0.008722 0.000000
0.813509 0.130950 0.029258 0.015374 0.000050 0.010859 0.000000
0.790823 0.143878 0.034049 0.017893 0.000061 0.013296 0.000000
0.768893 0.155692 0.038743 0.020436 0.000070 0.016165 0.000000
0.745809 0.167503 0.044096 0.023044 0.000081 0.019466 0.000000
0.723636 0.177682 0.049747 0.025898 0.000098 0.022939 0.000000
0.700715 0.187582 0.055729 0.028890 0.000113 0.026970 0.000000
0.678301 0.196345 0.061738 0.031972 0.000134 0.031508 0.000002
0.655507 0.204424 0.067956 0.035197 0.000162 0.036752 0.000002
0.633758 0.210650 0.074253 0.038515 0.000182 0.042639 0.000003
0.614096 0.215113 0.080121 0.041576 0.000192 0.048896 0.000005
0.594882 0.218666 0.086009 0.044678 0.000215 0.055545 0.000005
0.574922 0.221202 0.092286 0.047936 0.000238 0.063411 0.000006
0.556565 0.222815 0.098037 0.051047 0.000274 0.071257 0.000006
0.538675 0.222797 0.103956 0.054076 0.000297 0.080190 0.000008
0.523556 0.221729 0.108825 0.056634 0.000321 0.088926 0.000009
0.508656 0.219861 0.113582 0.059181 0.000348 0.098363 0.000009
0.494682 0.217174 0.117799 0.061516 0.000381 0.108439 0.000010
0.483308 0.213541 0.121343 0.063312 0.000409 0.118076 0.000012
0.472087 0.209438 0.124722 0.065075 0.000442 0.128223 0.000013
0.464379 0.204940 0.126901 0.066155 0.000473 0.137137 0.000016
0.455598 0.199456 0.129016 0.067448 0.000504 0.147960 0.000018
0.446416 0.195046 0.131266 0.068717 0.000532 0.158005 0.000019
0.440985 0.189328 0.132195 0.069404 0.000563 0.167506 0.000019
0.434685 0.184031 0.133160 0.069980 0.000585 0.177538 0.000020
0.429958 0.179192 0.133536 0.070209 0.000610 0.186473 0.000022
0.425226 0.174352 0.133758 0.070263 0.000649 0.195730 0.000023
0.418194 0.169834 0.134430 0.070651 0.000672 0.206191 0.000028
0.413520 0.165738 0.133989 0.070797 0.000677 0.215248 0.000031
0.406271 0.161685 0.134340 0.070943 0.000703 0.226024 0.000033
0.402067 0.157408 0.133975 0.070678 0.000721 0.235116 0.000035
0.397326 0.153538 0.133449 0.070412 0.000742 0.244496 0.000037
0.391309 0.149859 0.133239 0.070409 0.000767 0.254375 0.000041
0.386082 0.146277 0.132677 0.070165 0.000793 0.263961 0.000045
0.381201 0.142015 0.131959 0.069857 0.000816 0.274103 0.000050
0.376961 0.138273 0.130956 0.069234 0.000834 0.283690 0.000053
0.372902 0.134393 0.129901 0.068831 0.000861 0.293058 0.000055
0.369419 0.130746 0.128729 0.068271 0.000886 0.301890 0.000058
0.365216 0.126791 0.127707 0.067814 0.000895 0.311516 0.000061
0.361785 0.121903 0.126245 0.067214 0.000903 0.321887 0.000064
0.360504 0.118301 0.124540 0.066392 0.000920 0.329278 0.000064
0.356938 0.113779 0.123045 0.065696 0.000950 0.339524 0.000067
0.355239 0.110116 0.121244 0.064718 0.000971 0.347642 0.000070
0.353668 0.106295 0.119303 0.063727 0.000990 0.355945 0.000072
0.351481 0.102907 0.117357 0.062783 0.000993 0.364401 0.000077
0.350364 0.099378 0.115125 0.061811 0.000995 0.372244 0.000082
0.349215 0.096242 0.113208 0.060812 0.000998 0.379439 0.000087
0.348208 0.092835 0.111317 0.059764 0.001013 0.386775 0.000088
0.347576 0.089296 0.108778 0.058542 0.001033 0.394684 0.000091
0.347372 0.085979 0.106557 0.057375 0.001035 0.401588 0.000094
0.347129 0.082404 0.104241 0.056214 0.001033 0.408882 0.000098
0.347403 0.079923 0.102080 0.055099 0.001052 0.414341 0.000101
0.348097 0.076351 0.099112 0.053551 0.001068 0.421716 0.000105
0.348724 0.073835 0.096829 0.052402 0.001073 0.427029 0.000109
0.349328 0.071602 0.094783 0.051359 0.001071 0.431743 0.000113
0.350485 0.068618 0.092009 0.049913 0.001059 0.437799 0.000117
0.351639 0.066359 0.089816 0.048627 0.001063 0.442375 0.000122
0.352838 0.063477 0.087347 0.047258 0.001080 0.447873 0.000126
0.354800 0.061649 0.085222 0.046048 0.001080 0.451072 0.000130
0.356112 0.059500 0.083190 0.044938 0.001084 0.455041 0.000134
0.358018 0.057714 0.081170 0.043816 0.001082 0.458062 0.000138
0.360060 0.055460 0.078724 0.042475 0.001070 0.462070 0.000142
0.361977 0.054177 0.076778 0.041428 0.001050 0.464444 0.000146
0.364114 0.052786 0.074419 0.040182 0.001026 0.467324 0.000150
0.366248 0.051446 0.072229 0.039005 0.001014 0.469903 0.000154
0.368558 0.050267 0.070294 0.037989 0.000999 0.471736 0.000157
0.370743 0.049025 0.068453 0.037010 0.000992 0.473617 0.000159
0.372932 0.048090 0.066798 0.036074 0.000974 0.474972 0.000160
0.374901 0.047231 0.065217 0.035107 0.000971 0.476413 0.000161
0.377567 0.046170 0.063123 0.033948 0.000957 0.478071 0.000164
0.380337 0.045264 0.061249 0.032958 0.000960 0.479063 0.000169
0.382695 0.044526 0.059885 0.032210 0.000950 0.479563 0.000172
0.385016 0.043802 0.058377 0.031416 0.000938 0.480275 0.000177
0.387661 0.042962 0.056852 0.030586 0.000922 0.480837 0.000180
0.390290 0.042418 0.055649 0.029827 0.000911 0.480723 0.000183
0.392452 0.041969 0.054552 0.029269 0.000908 0.480666 0.000185
0.395242 0.041455 0.053054 0.028438 0.000899 0.480723 0.000189
0.397700 0.041191 0.051687 0.027702 0.000895 0.480633 0.000192
0.399786 0.040948 0.050818 0.027228 0.000882 0.480145 0.000193
0.402330 0.040594 0.049598 0.026570 0.000863 0.479844 0.000200
0.404712 0.040270 0.048549 0.026026 0.000856 0.479379 0.000207
0.407265 0.040152 0.047539 0.025427 0.000851 0.478556 0.000210
0.409366 0.039902 0.046765 0.025000 0.000834 0.477921 0.000212
0.411725 0.039934 0.046010 0.024569 0.000827 0.476720 0.000215
0.413791 0.039944 0.045311 0.024211 0.000815 0.475709 0.000219
0.416099 0.039830 0.044660 0.023778 0.000808 0.474604 0.000220
0.417867 0.039759 0.044125 0.023485 0.000800 0.473744 0.000221
0.420002 0.039739 0.043375 0.023070 0.000789 0.472798 0.000228
0.421913 0.039787 0.042761 0.022672 0.000773 0.471863 0.000231
0.424354 0.039797 0.042081 0.022301 0.000758 0.470475 0.000234
0.426764 0.039756 0.041597 0.022017 0.000735 0.468897 0.000234
0.427898 0.039929 0.041372 0.021919 0.000729 0.467914 0.000239
0.429944 0.040134 0.040948 0.021712 0.000718 0.466300 0.000242
0.432122 0.040359 0.040235 0.021420 0.000710 0.464905 0.000249
0.433538 0.040551 0.040042 0.021234 0.000703 0.463682 0.000251
0.435337 0.040695 0.039721 0.021071 0.000696 0.462224 0.000255
0.437126 0.040818 0.039475 0.020907 0.000690 0.460729 0.000255
0.438971 0.040988 0.039282 0.020778 0.000688 0.459035 0.000258
0.440812 0.041082 0.039080 0.020700 0.000679 0.457383 0.000264
0.442096 0.041261 0.038985 0.020687 0.000677 0.456029 0.000264
0.443741 0.041504 0.038755 0.020614 0.000668 0.454452 0.000266
0.444980 0.041656 0.038705 0.020626 0.000661 0.453102 0.000270
0.446641 0.041893 0.038569 0.020515 0.000639 0.451469 0.000275
0.447939 0.042046 0.038478 0.020460 0.000640 0.450162 0.000275
0.450016 0.041569 0.038556 0.020278 0.000631 0.448670 0.000280
0.452579 0.040672 0.038654 0.020078 0.000625 0.447110 0.000282
0.455722 0.039471 0.038590 0.019798 0.000610 0.445522 0.000287
0.458592 0.037943 0.038635 0.019598 0.000600 0.444340 0.000292
0.462341 0.036472 0.038412 0.019300 0.000590 0.442592 0.000292
0.466068 0.034747 0.038104 0.018980 0.000589 0.441218 0.000293
0.469902 0.033084 0.037785 0.018568 0.000583 0.439781 0.000297
0.474429 0.031441 0.037173 0.018069 0.000577 0.438014 0.000298
0.478585 0.029801 0.036730 0.017624 0.000562 0.436397 0.000303
0.482783 0.028067 0.036127 0.017098 0.000558 0.435064 0.000303
0.487508 0.026494 0.035528 0.016550 0.000552 0.433063 0.000305
0.491956 0.024915 0.034874 0.016034 0.000544 0.431369 0.000308
0.496584 0.023457 0.034093 0.015557 0.000529 0.429469 0.000311
0.501299 0.021930 0.033314 0.015078 0.000521 0.427548 0.000310
0.505848 0.020650 0.032391 0.014544 0.000496 0.425759 0.000313
0.510547 0.019344 0.031577 0.014037 0.000485 0.423691 0.000319
0.515166 0.018151 0.030648 0.013466 0.000477 0.421770 0.000323
0.519700 0.017016 0.029794 0.012950 0.000472 0.419741 0.000326
0.524744 0.015862 0.028833 0.012440 0.000472 0.417324 0.000325
0.529298 0.014863 0.027947 0.011935 0.000451 0.415174 0.000332
0.534102 0.013927 0.026901 0.011459 0.000456 0.412822 0.000333
0.539079 0.013051 0.025965 0.011004 0.000453 0.410115 0.000333
0.543594 0.012178 0.025109 0.010589 0.000450 0.407745 0.000335
0.548516 0.011315 0.024189 0.010152 0.000442 0.405051 0.000334
0.553381 0.010586 0.023267 0.009702 0.000442 0.402284 0.000338
0.558096 0.009881 0.022428 0.009303 0.000428 0.399522 0.000343
0.562641 0.009293 0.021535 0.008899 0.000425 0.396869 0.000338
0.567349 0.008716 0.020692 0.008492 0.000422 0.393985 0.000343
0.571990 0.008141 0.019877 0.008098 0.000407 0.391146 0.000340
0.576743 0.007638 0.019061 0.007745 0.000391 0.388076 0.000345
0.581626 0.007105 0.018276 0.007403 0.000382 0.384865 0.000344
0.586230 0.006623 0.017491 0.007060 0.000367 0.381881 0.000349
0.590656 0.006287 0.016746 0.006716 0.000360 0.378884 0.000350
0.595375 0.005894 0.015985 0.006385 0.000352 0.375659 0.000349
0.599860 0.005575 0.015323 0.006093 0.000347 0.372450 0.000352
0.604351 0.005241 0.014586 0.005799 0.000333 0.369338 0.000351
0.608680 0.004971 0.014000 0.005556 0.000320 0.366121 0.000353
0.613374 0.004718 0.013368 0.005287 0.000313 0.362589 0.000351
0.617610 0.004457 0.012838 0.005000 0.000303 0.359435 0.000357
0.622119 0.004221 0.012183 0.004747 0.000296 0.356082 0.000352
0.626471 0.003991 0.011629 0.004524 0.000289 0.352735 0.000359
0.630761 0.003785 0.011069 0.004293 0.000288 0.349445 0.000358
0.634943 0.003585 0.010530 0.004090 0.000278 0.346218 0.000356
0.639454 0.003370 0.010031 0.003904 0.000271 0.342611 0.000360
0.643745 0.003175 0.009571 0.003696 0.000267 0.339187 0.000359
0.647644 0.003012 0.009196 0.003532 0.000268 0.335984 0.000363
0.651821 0.002846 0.008795 0.003370 0.000258 0.332547 0.000365
0.656010 0.002684 0.008369 0.003190 0.000245 0.329138 0.000364
0.659942 0.002584 0.007952 0.003041 0.000239 0.325878 0.000364
0.664064 0.002436 0.007585 0.002880 0.000231 0.322438 0.000365
0.668031 0.002316 0.007206 0.002752 0.000224 0.319103 0.000369
0.671720 0.002178 0.006841 0.002629 0.000211 0.316051 0.000370
0.675776 0.002085 0.006534 0.002509 0.000210 0.312515 0.000370
0.679448 0.001999 0.006226 0.002397 0.000204 0.309357 0.000370
0.683468 0.001908 0.005995 0.002274 0.000203 0.305781 0.000370
0.687242 0.001822 0.005699 0.002175 0.000196 0.302494 0.000373
0.690976 0.001757 0.005482 0.002069 0.000193 0.299152 0.000371
0.694617 0.001671 0.005203 0.001964 0.000187 0.295985 0.000373
0.698206 0.001588 0.004965 0.001890 0.000184 0.292793 0.000374
0.701829 0.001522 0.004716 0.001809 0.000181 0.289568 0.000375
0.705257 0.001472 0.004512 0.001739 0.000171 0.286474 0.000375
0.708898 0.001405 0.004273 0.001657 0.000167 0.283227 0.000372
0.712635 0.001344 0.004066 0.001590 0.000159 0.279827 0.000380
0.716063 0.001289 0.003869 0.001525 0.000153 0.276725 0.000376
0.719447 0.001238 0.003664 0.001465 0.000145 0.273664 0.000377
0.723253 0.001211 0.003458 0.001385 0.000141 0.270178 0.000374
0.726189 0.001163 0.003315 0.001331 0.000136 0.267497 0.000370
0.729819 0.001122 0.003177 0.001268 0.000134 0.264105 0.000375
0.732921 0.001060 0.003006 0.001212 0.000130 0.261294 0.000377
0.736297 0.001017 0.002879 0.001144 0.000126 0.258159 0.000380
0.739564 0.000982 0.002740 0.001106 0.000118 0.255108 0.000382
0.742543 0.000946 0.002627 0.001047 0.000113 0.252344 0.000379
0.745745 0.000919 0.002510 0.000985 0.000111 0.249345 0.000385
0.749077 0.000886 0.002417 0.000935 0.000106 0.246200 0.000379
0.751824 0.000865 0.002314 0.000896 0.000107 0.243611 0.000383
0.755137 0.000826 0.002204 0.000869 0.000104 0.240480 0.000379
0.757896 0.000803 0.002101 0.000834 0.000099 0.237888 0.000380
0.761049 0.000791 0.002015 0.000806 0.000094 0.234860 0.000386
0.764030 0.000764 0.001911 0.000769 0.000092 0.232056 0.000378
0.767046 0.000750 0.001819 0.000745 0.000092 0.229167 0.000381
0.769785 0.000734 0.001753 0.000722 0.000086 0.226534 0.000386
0.772636 0.000694 0.001681 0.000687 0.000084 0.223834 0.000384
0.775393 0.000642 0.001601 0.000655 0.000083 0.221245 0.000381
0.778303 0.000624 0.001554 0.000633 0.000079 0.218427 0.000380
0.781067 0.000591 0.001464 0.000594 0.000074 0.215825 0.000384
0.783842 0.000587 0.001417 0.000577 0.000069 0.213122 0.000386
0.786525 0.000580 0.001368 0.000550 0.000066 0.210523 0.000387
0.788864 0.000582 0.001308 0.000538 0.000065 0.208257 0.000386
0.791592 0.000552 0.001252 0.000516 0.000061 0.205642 0.000385
0.794211 0.000531 0.001202 0.000495 0.000062 0.203110 0.000388
0.796601 0.000525 0.001153 0.000474 0.000059 0.200803 0.000385
0.799001 0.000501 0.001119 0.000460 0.000059 0.198475 0.000386
0.801688 0.000489 0.001071 0.000440 0.000057 0.195873 0.000383
0.804322 0.000474 0.001033 0.000421 0.000055 0.193311 0.000385
0.806419 0.000461 0.000991 0.000405 0.000056 0.191287 0.000382
0.809007 0.000439 0.000962 0.000394 0.000052 0.188761 0.000385
0.811359 0.000415 0.000924 0.000379 0.000053 0.186488 0.000383
0.813889 0.000394 0.000877 0.000359 0.000051 0.184049 0.000382
0.815903 0.000374 0.000857 0.000347 0.000050 0.182083 0.000386
0.818539 0.000358 0.000837 0.000332 0.000051 0.179506 0.000377
0.820843 0.000356 0.000809 0.000316 0.000049 0.177247 0.000381
0.822977 0.000348 0.000776 0.000305 0.000045 0.175163 0.000385
0.825424 0.000338 0.000740 0.000293 0.000048 0.172767 0.000390
0.827176 0.000321 0.000711 0.000276 0.000046 0.171084 0.000385
0.829411 0.000313 0.000679 0.000265 0.000046 0.168907 0.000379
0.831617 0.000314 0.000647 0.000258 0.000041 0.166740 0.000383
0.833873 0.000300 0.000645 0.000259 0.000037 0.164502 0.000384
0.835714 0.000288 0.000621 0.000246 0.000037 0.162710 0.000385
0.837861 0.000292 0.000591 0.000232 0.000035 0.160602 0.000387
0.839939 0.000295 0.000564 0.000224 0.000036 0.158557 0.000386
0.841977 0.000293 0.000548 0.000212 0.000035 0.156556 0.000380
0.843907 0.000270 0.000516 0.000204 0.000034 0.154682 0.000387
0.845684 0.000260 0.000501 0.000199 0.000033 0.152936 0.000386
0.847805 0.000254 0.000488 0.000186 0.000031 0.150854 0.000382
0.849579 0.000262 0.000481 0.000193 0.000027 0.149070 0.000388
0.851525 0.000257 0.000456 0.000181 0.000026 0.147168 0.000387
0.853447 0.000246 0.000439 0.000170 0.000028 0.145285 0.000385
0.855102 0.000237 0.000420 0.000166 0.000025 0.143659 0.000390
0.856789 0.000231 0.000396 0.000163 0.000026 0.142013 0.000382
0.858872 0.000236 0.000386 0.000160 0.000022 0.139929 0.000395
0.860708 0.000228 0.000371 0.000160 0.000023 0.138125 0.000386
0.862552 0.000223 0.000376 0.000155 0.000021 0.136284 0.000389
0.864230 0.000205 0.000358 0.000151 0.000021 0.134644 0.000390
0.865798 0.000207 0.000349 0.000152 0.000020 0.133083 0.000390
0.867606 0.000194 0.000340 0.000147 0.000021 0.131302 0.000390
0.869709 0.000174 0.000324 0.000142 0.000020 0.129253 0.000378
0.871044 0.000175 0.000313 0.000140 0.000019 0.127921 0.000388
0.872562 0.000172 0.000305 0.000133 0.000018 0.126427 0.000383
0.874411 0.000164 0.000284 0.000127 0.000016 0.124617 0.000382
0.875950 0.000168 0.000287 0.000128 0.000016 0.123076 0.000376
0.877730 0.000154 0.000274 0.000123 0.000016 0.121326 0.000377
0.879341 0.000157 0.000284 0.000124 0.000017 0.119690 0.000388
0.880475 0.000152 0.000264 0.000115 0.000015 0.118594 0.000386
0.882468 0.000141 0.000255 0.000111 0.000013 0.116629 0.000384
0.884199 0.000137 0.000244 0.000111 0.000015 0.114917 0.000378
0.885315 0.000135 0.000249 0.000114 0.000015 0.113791 0.000381
0.886895 0.000132 0.000242 0.000113 0.000014 0.112225 0.000378
0.888380 0.000127 0.000239 0.000102 0.000014 0.110756 0.000382
0.889848 0.000115 0.000219 0.000098 0.000014 0.109328 0.000378
0.891245 0.000127 0.000220 0.000094 0.000013 0.107913 0.000388
0.892691 0.000129 0.000213 0.000089 0.000011 0.106488 0.000380
0.893967 0.000118 0.000205 0.000083 0.000012 0.105234 0.000382
0.895794 0.000131 0.000207 0.000083 0.000011 0.103391 0.000384
0.897046 0.000135 0.000215 0.000086 0.000011 0.102130 0.000377
0.897915 0.000123 0.000196 0.000086 0.000010 0.101286 0.000385
0.900299 0.000118 0.000191 0.000095 0.000010 0.098901 0.000386
0.900842 0.000132 0.000185 0.000093 0.000011 0.098351 0.000387
0.902480 0.000125 0.000174 0.000088 0.000007 0.096750 0.000377
0.903427 0.000127 0.000168 0.000084 0.000008 0.095807 0.000380
0.904583 0.000138 0.000170 0.000093 0.000008 0.094632 0.000376
0.905625 0.000127 0.000161 0.000088 0.000009 0.093613 0.000376
0.907223 0.000124 0.000158 0.000087 0.000009 0.092034 0.000366
0.908288 0.000121 0.000157 0.000072 0.000010 0.090971 0.000381
0.909418 0.000132 0.000164 0.000077 0.000009 0.089836 0.000365
0.910750 0.000114 0.000150 0.000072 0.000007 0.088532 0.000375
0.912001 0.000106 0.000167 0.000081 0.000007 0.087272 0.000367
0.912689 0.000116 0.000177 0.000082 0.000007 0.086556 0.000372
0.914123 0.000104 0.000157 0.000077 0.000007 0.085167 0.000367
0.915535 0.000109 0.000168 0.000078 0.000008 0.083730 0.000372
0.916079 0.000113 0.000172 0.000078 0.000007 0.083183 0.000368
0.917285 0.000104 0.000162 0.000069 0.000008 0.082012 0.000360
0.918752 0.000097 0.000152 0.000068 0.000008 0.080568 0.000356
0.919689 0.000086 0.000145 0.000075 0.000006 0.079630 0.000368
0.920469 0.000078 0.000144 0.000070 0.000006 0.078871 0.000362
0.921492 0.000087 0.000150 0.000072 0.000006 0.077833 0.000359
0.922819 0.000081 0.000155 0.000074 0.000005 0.076508 0.000358
0.923814 0.000067 0.000146 0.000068 0.000004 0.075532 0.000369
0.924530 0.000078 0.000153 0.000080 0.000005 0.074790 0.000363
0.925017 0.000063 0.000138 0.000075 0.000005 0.074327 0.000376
0.925992 0.000082 0.000153 0.000078 0.000005 0.073324 0.000366
0.926681 0.000067 0.000143 0.000066 0.000005 0.072667 0.000372
0.928504 0.000064 0.000138 0.000068 0.000004 0.070866 0.000356
0.928762 0.000058 0.000129 0.000063 0.000003 0.070624 0.000361
0.929351 0.000063 0.000130 0.000058 0.000003 0.070028 0.000368
0.930535 0.000059 0.000123 0.000051 0.000003 0.068865 0.000365
0.931179 0.000056 0.000137 0.000051 0.000002 0.068210 0.000365
0.944878 0.000018 0.000044 0.000017 0.000001 0.054802 0.000238
