0.348960 0.063574 0.056370 0.032277 0.002109 0.490667 0.006043 1.597679
0.350782 0.061661 0.056317 0.032183 0.002112 0.490876 0.006068 1.603873
0.353345 0.059254 0.056104 0.031950 0.002112 0.491141 0.006094 1.609847
0.356172 0.056821 0.055693 0.031764 0.002113 0.491320 0.006117 1.615552
0.359348 0.054376 0.055249 0.031421 0.002116 0.491344 0.006146 1.621054
0.362804 0.051937 0.054626 0.030998 0.002110 0.491353 0.006171 1.626230
0.366328 0.049665 0.053906 0.030551 0.002117 0.491236 0.006199 1.631167
0.369982 0.047424 0.053081 0.030056 0.002124 0.491109 0.006223 1.635895
0.373736 0.045216 0.052168 0.029551 0.002119 0.490961 0.006249 1.640442
0.377682 0.043118 0.051239 0.028942 0.002123 0.490616 0.006279 1.644782
0.381653 0.041187 0.050310 0.028300 0.002115 0.490129 0.006308 1.648864
0.385641 0.039307 0.049335 0.027723 0.002097 0.489558 0.006339 1.652835
0.389684 0.037466 0.048296 0.027173 0.002079 0.488938 0.006364 1.656650
0.393925 0.035674 0.047197 0.026534 0.002059 0.488219 0.006393 1.660319
0.398149 0.034105 0.046070 0.025907 0.002050 0.487302 0.006418 1.663795
0.402470 0.032692 0.044965 0.025199 0.002037 0.486189 0.006446 1.667002
0.406911 0.031249 0.043889 0.024445 0.002019 0.485013 0.006476 1.670102
0.411468 0.029831 0.042771 0.023734 0.001999 0.483693 0.006506 1.673133
0.415972 0.028606 0.041537 0.023083 0.001997 0.482271 0.006533 1.675980
0.420547 0.027314 0.040389 0.022432 0.001981 0.480781 0.006557 1.678715
0.425071 0.026210 0.039205 0.021768 0.001966 0.479195 0.006584 1.681332
0.429683 0.025138 0.038075 0.021095 0.001942 0.477456 0.006612 1.683825
0.434236 0.024084 0.036930 0.020515 0.001920 0.475676 0.006639 1.686257
0.438796 0.023081 0.035900 0.019954 0.001901 0.473703 0.006664 1.688629
0.443396 0.022209 0.034725 0.019310 0.001900 0.471771 0.006689 1.690797
0.448095 0.021282 0.033696 0.018728 0.001887 0.469603 0.006710 1.692987
0.452809 0.020498 0.032628 0.018133 0.001857 0.467340 0.006734 1.695020
0.457375 0.019748 0.031635 0.017519 0.001844 0.465121 0.006758 1.696999
0.462025 0.019055 0.030592 0.016966 0.001825 0.462759 0.006779 1.698901
0.466737 0.018349 0.029647 0.016438 0.001816 0.460208 0.006805 1.700734
0.471304 0.017734 0.028659 0.015899 0.001792 0.457787 0.006826 1.702483
0.476005 0.017092 0.027787 0.015375 0.001759 0.455134 0.006847 1.704197
0.480552 0.016514 0.026908 0.014841 0.001738 0.452575 0.006872 1.705843
0.485129 0.016001 0.026034 0.014340 0.001700 0.449901 0.006897 1.707394
0.489707 0.015461 0.025210 0.013900 0.001665 0.447134 0.006924 1.708919
0.494269 0.014951 0.024440 0.013450 0.001632 0.444312 0.006947 1.710412
0.498870 0.014486 0.023646 0.013046 0.001607 0.441374 0.006972 1.711852
0.503374 0.014085 0.022891 0.012571 0.001581 0.438508 0.006991 1.713222
0.508025 0.013633 0.022134 0.012186 0.001561 0.435451 0.007010 1.714576
0.512576 0.013255 0.021361 0.011792 0.001537 0.432456 0.007024 1.715860
0.517150 0.012800 0.020712 0.011419 0.001507 0.429367 0.007044 1.717189
0.521763 0.012362 0.020056 0.011067 0.001465 0.426224 0.007063 1.718442
0.526280 0.012018 0.019461 0.010693 0.001442 0.423024 0.007083 1.719633
0.530826 0.011695 0.018817 0.010370 0.001423 0.419766 0.007103 1.720756
0.535287 0.011406 0.018245 0.010042 0.001383 0.416511 0.007128 1.721876
0.539678 0.011143 0.017647 0.009741 0.001359 0.413285 0.007148 1.722971
0.543999 0.010829 0.017092 0.009408 0.001324 0.410182 0.007167 1.724058
0.548407 0.010475 0.016573 0.009113 0.001304 0.406947 0.007183 1.725116
0.552829 0.010205 0.016029 0.008790 0.001283 0.403666 0.007198 1.726126
0.557081 0.009920 0.015608 0.008530 0.001260 0.400392 0.007211 1.727164
0.561331 0.009654 0.015123 0.008270 0.001228 0.397164 0.007229 1.728120
0.565608 0.009379 0.014728 0.008014 0.001205 0.393820 0.007245 1.729114
0.569913 0.009167 0.014235 0.007738 0.001181 0.390507 0.007260 1.729997
0.574093 0.008977 0.013801 0.007495 0.001157 0.387202 0.007276 1.730880
0.578294 0.008732 0.013431 0.007258 0.001128 0.383865 0.007292 1.731780
0.582414 0.008530 0.013061 0.007042 0.001106 0.380543 0.007305 1.732628
0.586496 0.008315 0.012661 0.006847 0.001090 0.377276 0.007315 1.733451
0.590585 0.008140 0.012280 0.006616 0.001066 0.373982 0.007330 1.734251
0.594594 0.007992 0.011892 0.006436 0.001050 0.370690 0.007347 1.735040
0.598674 0.007814 0.011545 0.006282 0.001028 0.367297 0.007362 1.735818
0.602691 0.007650 0.011228 0.006103 0.000999 0.363953 0.007375 1.736559
0.606636 0.007496 0.010908 0.005929 0.000975 0.360670 0.007385 1.737302
0.610616 0.007324 0.010608 0.005778 0.000947 0.357329 0.007399 1.738033
0.614502 0.007182 0.010325 0.005621 0.000918 0.354042 0.007410 1.738742
0.618340 0.006980 0.010098 0.005458 0.000907 0.350796 0.007421 1.739467
0.622220 0.006845 0.009834 0.005293 0.000891 0.347482 0.007435 1.740151
0.626026 0.006734 0.009570 0.005162 0.000870 0.344190 0.007448 1.740802
0.629825 0.006586 0.009333 0.005004 0.000852 0.340941 0.007459 1.741474
0.633609 0.006471 0.009141 0.004876 0.000824 0.337609 0.007470 1.742125
0.637255 0.006350 0.008920 0.004763 0.000809 0.334422 0.007480 1.742758
0.640845 0.006207 0.008708 0.004630 0.000787 0.331329 0.007494 1.743394
0.644459 0.006103 0.008500 0.004513 0.000762 0.328154 0.007508 1.743998
0.648098 0.005995 0.008272 0.004406 0.000747 0.324965 0.007518 1.744609
0.651609 0.005925 0.008059 0.004281 0.000719 0.321874 0.007534 1.745179
0.655135 0.005812 0.007851 0.004197 0.000698 0.318761 0.007545 1.745763
0.658585 0.005754 0.007659 0.004088 0.000688 0.315674 0.007552 1.746305
0.662012 0.005715 0.007474 0.003961 0.000669 0.312607 0.007560 1.746841
0.665378 0.005630 0.007297 0.003885 0.000652 0.309588 0.007571 1.747400
0.668858 0.005558 0.007149 0.003810 0.000631 0.306412 0.007582 1.747952
0.672232 0.005470 0.006975 0.003708 0.000617 0.303409 0.007588 1.748496
0.675538 0.005390 0.006844 0.003635 0.000604 0.300395 0.007596 1.749037
0.678783 0.005343 0.006698 0.003565 0.000585 0.297420 0.007606 1.749564
0.682078 0.005269 0.006547 0.003514 0.000575 0.294406 0.007612 1.750095
0.685241 0.005173 0.006434 0.003456 0.000562 0.291516 0.007618 1.750612
0.688451 0.005068 0.006306 0.003418 0.000547 0.288583 0.007628 1.751137
0.691713 0.004999 0.006172 0.003341 0.000545 0.285599 0.007631 1.751628
0.694806 0.004916 0.006095 0.003285 0.000536 0.282723 0.007639 1.752137
0.697883 0.004877 0.005998 0.003213 0.000527 0.279860 0.007643 1.752612
0.700991 0.004776 0.005882 0.003137 0.000509 0.277055 0.007652 1.753088
0.703974 0.004745 0.005779 0.003077 0.000499 0.274269 0.007658 1.753543
0.706980 0.004690 0.005687 0.003031 0.000483 0.271464 0.007666 1.754013
0.709950 0.004631 0.005597 0.002964 0.000467 0.268716 0.007676 1.754495
0.712858 0.004599 0.005487 0.002912 0.000457 0.266005 0.007683 1.754934
0.715810 0.004513 0.005424 0.002884 0.000447 0.263233 0.007689 1.755407
0.718694 0.004452 0.005307 0.002837 0.000443 0.260576 0.007692 1.755833
0.721565 0.004408 0.005208 0.002791 0.000437 0.257893 0.007699 1.756259
0.724393 0.004351 0.005146 0.002725 0.000426 0.255252 0.007707 1.756713
0.727219 0.004321 0.005061 0.002665 0.000416 0.252604 0.007715 1.757138
0.729917 0.004275 0.004963 0.002644 0.000410 0.250073 0.007720 1.757565
0.732637 0.004263 0.004884 0.002590 0.000405 0.247498 0.007724 1.757969
0.735288 0.004261 0.004828 0.002540 0.000399 0.244958 0.007726 1.758384
0.737969 0.004207 0.004751 0.002520 0.000391 0.242431 0.007732 1.758800
0.740644 0.004179 0.004663 0.002485 0.000390 0.239904 0.007735 1.759202
0.743288 0.004145 0.004591 0.002452 0.000379 0.237403 0.007742 1.759596
0.745814 0.004103 0.004532 0.002426 0.000371 0.235010 0.007746 1.760012
0.748371 0.004058 0.004471 0.002418 0.000362 0.232570 0.007752 1.760425
0.750942 0.004016 0.004426 0.002389 0.000352 0.230120 0.007756 1.760821
0.753417 0.004003 0.004400 0.002338 0.000344 0.227736 0.007761 1.761216
0.755933 0.003954 0.004347 0.002301 0.000336 0.225363 0.007766 1.761603
0.758321 0.003927 0.004283 0.002276 0.000324 0.223099 0.007770 1.761975
0.760807 0.003881 0.004243 0.002232 0.000316 0.220746 0.007776 1.762355
0.763189 0.003836 0.004199 0.002203 0.000312 0.218484 0.007779 1.762746
0.765490 0.003784 0.004142 0.002175 0.000306 0.216319 0.007785 1.763133
0.767838 0.003760 0.004078 0.002143 0.000302 0.214092 0.007789 1.763505
0.770166 0.003763 0.004003 0.002112 0.000300 0.211866 0.007791 1.763851
0.772466 0.003727 0.003943 0.002099 0.000294 0.209677 0.007796 1.764215
0.774719 0.003721 0.003886 0.002089 0.000288 0.207497 0.007801 1.764572
0.777049 0.003683 0.003844 0.002059 0.000282 0.205280 0.007806 1.764941
0.779240 0.003651 0.003789 0.002050 0.000273 0.203186 0.007812 1.765312
0.781456 0.003613 0.003732 0.002042 0.000270 0.201071 0.007817 1.765673
0.783674 0.003566 0.003700 0.002016 0.000268 0.198960 0.007818 1.766038
0.785798 0.003533 0.003667 0.001999 0.000259 0.196919 0.007825 1.766399
0.787977 0.003501 0.003638 0.001984 0.000253 0.194821 0.007827 1.766748
0.790087 0.003491 0.003588 0.001951 0.000246 0.192807 0.007831 1.767078
0.792146 0.003465 0.003549 0.001935 0.000238 0.190832 0.007834 1.767421
0.794134 0.003449 0.003513 0.001930 0.000233 0.188906 0.007836 1.767754
0.796201 0.003398 0.003509 0.001916 0.000228 0.186911 0.007839 1.768108
0.798176 0.003394 0.003481 0.001912 0.000226 0.184970 0.007841 1.768442
0.800184 0.003403 0.003426 0.001897 0.000221 0.183025 0.007844 1.768759
0.802121 0.003389 0.003401 0.001870 0.000220 0.181153 0.007847 1.769083
0.804070 0.003354 0.003357 0.001846 0.000215 0.179306 0.007852 1.769418
0.805931 0.003331 0.003341 0.001825 0.000210 0.177505 0.007857 1.769765
0.807833 0.003313 0.003304 0.001815 0.000210 0.175668 0.007859 1.770099
0.809717 0.003290 0.003301 0.001816 0.000205 0.173808 0.007864 1.770447
0.811525 0.003261 0.003283 0.001806 0.000202 0.172058 0.007867 1.770778
0.813385 0.003264 0.003253 0.001767 0.000202 0.170262 0.007868 1.771084
0.815182 0.003244 0.003256 0.001762 0.000197 0.168488 0.007871 1.771421
0.816915 0.003270 0.003202 0.001753 0.000198 0.166792 0.007872 1.771717
0.818738 0.003244 0.003177 0.001740 0.000196 0.165032 0.007875 1.772035
0.820477 0.003214 0.003173 0.001716 0.000196 0.163347 0.007876 1.772358
0.822231 0.003189 0.003157 0.001698 0.000197 0.161650 0.007879 1.772669
0.823879 0.003179 0.003129 0.001669 0.000192 0.160069 0.007884 1.772961
0.825622 0.003113 0.003138 0.001674 0.000190 0.158378 0.007885 1.773296
0.827332 0.003105 0.003101 0.001662 0.000184 0.156728 0.007889 1.773592
0.829060 0.003082 0.003105 0.001654 0.000185 0.155024 0.007891 1.773895
0.830696 0.003059 0.003089 0.001630 0.000179 0.153454 0.007894 1.774203
0.832332 0.003054 0.003067 0.001631 0.000182 0.151840 0.007895 1.774522
0.833886 0.003052 0.003039 0.001629 0.000178 0.150320 0.007897 1.774833
0.835494 0.003032 0.003045 0.001598 0.000173 0.148760 0.007899 1.775141
0.837062 0.003024 0.003048 0.001601 0.000169 0.147194 0.007901 1.775453
0.838668 0.003030 0.003019 0.001580 0.000166 0.145630 0.007906 1.775737
0.840159 0.002979 0.003019 0.001577 0.000164 0.144193 0.007910 1.776053
0.841647 0.002975 0.002986 0.001564 0.000160 0.142755 0.007913 1.776336
0.843153 0.002963 0.002965 0.001573 0.000156 0.141272 0.007919 1.776640
0.844634 0.002961 0.002957 0.001554 0.000153 0.139821 0.007921 1.776925
0.846145 0.002962 0.002946 0.001536 0.000154 0.138336 0.007922 1.777214
0.847589 0.002959 0.002909 0.001538 0.000150 0.136932 0.007925 1.777501
0.848974 0.002937 0.002884 0.001539 0.000148 0.135591 0.007928 1.777803
0.850400 0.002914 0.002876 0.001535 0.000151 0.134195 0.007929 1.778104
0.851798 0.002938 0.002862 0.001531 0.000148 0.132794 0.007929 1.778387
0.853162 0.002972 0.002841 0.001508 0.000145 0.131440 0.007933 1.778665
0.854476 0.002989 0.002831 0.001495 0.000144 0.130131 0.007934 1.778955
0.855835 0.002949 0.002826 0.001494 0.000143 0.128818 0.007936 1.779276
0.857132 0.002921 0.002818 0.001494 0.000137 0.127559 0.007939 1.779575
0.858393 0.002924 0.002827 0.001492 0.000136 0.126287 0.007942 1.779870
0.859707 0.002907 0.002819 0.001476 0.000135 0.125010 0.007945 1.780164
0.861029 0.002918 0.002792 0.001480 0.000133 0.123700 0.007949 1.780452
0.862290 0.002907 0.002762 0.001488 0.000132 0.122472 0.007949 1.780741
0.863489 0.002935 0.002736 0.001482 0.000127 0.121279 0.007951 1.781022
0.864708 0.002971 0.002731 0.001481 0.000127 0.120029 0.007953 1.781310
0.865890 0.002970 0.002707 0.001484 0.000128 0.118868 0.007954 1.781617
0.867061 0.002963 0.002698 0.001476 0.000126 0.117721 0.007956 1.781895
0.868209 0.002963 0.002703 0.001472 0.000128 0.116570 0.007957 1.782189
0.869390 0.002934 0.002691 0.001461 0.000123 0.115443 0.007959 1.782485
0.870508 0.002951 0.002683 0.001454 0.000123 0.114320 0.007961 1.782774
0.871632 0.002957 0.002686 0.001447 0.000123 0.113193 0.007963 1.783067
0.872760 0.002953 0.002671 0.001451 0.000124 0.112077 0.007964 1.783368
0.873909 0.002906 0.002695 0.001461 0.000121 0.110941 0.007968 1.783690
0.874995 0.002915 0.002694 0.001459 0.000118 0.109850 0.007970 1.783982
0.876080 0.002908 0.002687 0.001450 0.000118 0.108785 0.007973 1.784272
0.877169 0.002900 0.002678 0.001448 0.000121 0.107712 0.007974 1.784563
0.878187 0.002916 0.002661 0.001439 0.000124 0.106699 0.007974 1.784851
0.879217 0.002943 0.002641 0.001432 0.000123 0.105670 0.007975 1.785134
0.880249 0.002947 0.002656 0.001444 0.000122 0.104607 0.007976 1.785442
0.881313 0.002940 0.002643 0.001434 0.000119 0.103574 0.007978 1.785716
0.882345 0.002943 0.002633 0.001419 0.000119 0.102560 0.007980 1.786000
0.883341 0.002944 0.002638 0.001393 0.000123 0.101581 0.007981 1.786268
0.884348 0.002960 0.002652 0.001389 0.000126 0.100543 0.007982 1.786563
0.885296 0.002991 0.002647 0.001378 0.000124 0.099582 0.007983 1.786838
0.886246 0.002998 0.002637 0.001362 0.000123 0.098651 0.007984 1.787108
0.887174 0.003022 0.002625 0.001368 0.000124 0.097702 0.007986 1.787393
0.888064 0.003044 0.002619 0.001386 0.000123 0.096776 0.007989 1.787691
0.888989 0.003063 0.002641 0.001368 0.000124 0.095827 0.007989 1.787986
0.889884 0.003057 0.002647 0.001376 0.000123 0.094924 0.007989 1.788278
0.890808 0.003056 0.002654 0.001366 0.000122 0.094002 0.007991 1.788567
0.891759 0.003011 0.002668 0.001373 0.000118 0.093080 0.007991 1.788885
0.892600 0.003046 0.002658 0.001372 0.000117 0.092214 0.007992 1.789170
0.893447 0.003068 0.002644 0.001373 0.000116 0.091359 0.007993 1.789458
0.894292 0.003067 0.002646 0.001370 0.000116 0.090515 0.007996 1.789757
0.895093 0.003085 0.002663 0.001383 0.000118 0.089662 0.007996 1.790070
0.895898 0.003115 0.002667 0.001386 0.000115 0.088821 0.007998 1.790371
0.896666 0.003139 0.002681 0.001363 0.000116 0.088035 0.007999 1.790666
0.897486 0.003158 0.002681 0.001361 0.000116 0.087197 0.008000 1.790965
0.898247 0.003180 0.002682 0.001360 0.000113 0.086415 0.008004 1.791270
0.899029 0.003183 0.002690 0.001375 0.000112 0.085608 0.008004 1.791579
0.899831 0.003180 0.002704 0.001379 0.000111 0.084789 0.008006 1.791897
0.900565 0.003198 0.002713 0.001382 0.000110 0.084025 0.008007 1.792196
0.901300 0.003228 0.002718 0.001379 0.000112 0.083256 0.008008 1.792501
0.901986 0.003250 0.002737 0.001389 0.000115 0.082516 0.008009 1.792807
0.902718 0.003232 0.002756 0.001405 0.000118 0.081763 0.008009 1.793140
0.903397 0.003234 0.002756 0.001422 0.000114 0.081067 0.008011 1.793467
0.904088 0.003247 0.002758 0.001426 0.000115 0.080354 0.008012 1.793785
0.904758 0.003216 0.002800 0.001439 0.000116 0.079658 0.008014 1.794127
0.905408 0.003228 0.002801 0.001454 0.000116 0.078979 0.008015 1.794444
0.906099 0.003205 0.002790 0.001464 0.000119 0.078307 0.008017 1.794760
0.906777 0.003216 0.002791 0.001449 0.000118 0.077631 0.008019 1.795063
0.907410 0.003221 0.002790 0.001456 0.000113 0.076988 0.008022 1.795377
0.908043 0.003230 0.002789 0.001470 0.000113 0.076332 0.008023 1.795693
0.908704 0.003220 0.002793 0.001470 0.000115 0.075674 0.008024 1.796007
0.909353 0.003237 0.002784 0.001479 0.000116 0.075006 0.008026 1.796314
0.910004 0.003221 0.002801 0.001460 0.000117 0.074371 0.008027 1.796631
0.910627 0.003206 0.002804 0.001459 0.000113 0.073762 0.008029 1.796954
0.911249 0.003225 0.002803 0.001454 0.000111 0.073127 0.008030 1.797258
0.911833 0.003250 0.002803 0.001465 0.000109 0.072507 0.008033 1.797555
0.912435 0.003269 0.002817 0.001461 0.000110 0.071874 0.008033 1.797866
0.913005 0.003265 0.002844 0.001476 0.000108 0.071266 0.008035 1.798207
0.913570 0.003261 0.002835 0.001473 0.000106 0.070718 0.008036 1.798525
0.914158 0.003281 0.002824 0.001485 0.000106 0.070108 0.008040 1.798825
0.914704 0.003299 0.002855 0.001505 0.000104 0.069491 0.008041 1.799153
0.915260 0.003304 0.002863 0.001521 0.000103 0.068907 0.008042 1.799475
0.915768 0.003314 0.002861 0.001514 0.000105 0.068396 0.008042 1.799797
0.916314 0.003292 0.002876 0.001511 0.000105 0.067858 0.008044 1.800122
0.916858 0.003312 0.002895 0.001507 0.000102 0.067281 0.008046 1.800444
0.917387 0.003316 0.002895 0.001517 0.000100 0.066737 0.008048 1.800758
0.917871 0.003331 0.002897 0.001527 0.000097 0.066227 0.008050 1.801080
0.918360 0.003338 0.002907 0.001547 0.000096 0.065702 0.008051 1.801407
0.918859 0.003349 0.002914 0.001559 0.000095 0.065172 0.008052 1.801738
0.919283 0.003358 0.002932 0.001561 0.000097 0.064716 0.008054 1.802073
0.919724 0.003392 0.002914 0.001577 0.000097 0.064241 0.008056 1.802390
0.920152 0.003411 0.002912 0.001577 0.000097 0.063794 0.008058 1.802730
0.920594 0.003417 0.002927 0.001575 0.000101 0.063326 0.008060 1.803062
0.921007 0.003420 0.002912 0.001599 0.000100 0.062900 0.008061 1.803415
0.921445 0.003436 0.002911 0.001614 0.000096 0.062434 0.008064 1.803751
0.921897 0.003438 0.002938 0.001637 0.000096 0.061929 0.008065 1.804095
0.922326 0.003406 0.002975 0.001656 0.000095 0.061477 0.008067 1.804462
0.922759 0.003408 0.002989 0.001653 0.000097 0.061028 0.008068 1.804807
0.923162 0.003449 0.003000 0.001662 0.000096 0.060561 0.008070 1.805134
0.923541 0.003445 0.003011 0.001658 0.000099 0.060174 0.008071 1.805479
0.923952 0.003453 0.002989 0.001653 0.000100 0.059781 0.008072 1.805811
0.924341 0.003474 0.003008 0.001666 0.000100 0.059339 0.008073 1.806158
0.924698 0.003506 0.002990 0.001665 0.000099 0.058967 0.008076 1.806496
0.925069 0.003511 0.003020 0.001673 0.000100 0.058553 0.008076 1.806857
0.925442 0.003518 0.003019 0.001682 0.000102 0.058161 0.008077 1.807188
0.925794 0.003528 0.003038 0.001675 0.000104 0.057781 0.008079 1.807537
0.926133 0.003556 0.003041 0.001679 0.000103 0.057406 0.008081 1.807877
0.926506 0.003542 0.003060 0.001678 0.000105 0.057026 0.008083 1.808225
0.926882 0.003531 0.003058 0.001690 0.000108 0.056645 0.008085 1.808586
0.927172 0.003562 0.003065 0.001686 0.000110 0.056320 0.008085 1.808923
0.927530 0.003573 0.003086 0.001682 0.000110 0.055930 0.008088 1.809262
0.927846 0.003570 0.003086 0.001690 0.000110 0.055609 0.008089 1.809624
0.928159 0.003563 0.003105 0.001691 0.000112 0.055278 0.008092 1.809981
0.928477 0.003579 0.003113 0.001683 0.000113 0.054942 0.008093 1.810332
0.928762 0.003595 0.003124 0.001683 0.000109 0.054632 0.008095 1.810681
0.929051 0.003605 0.003118 0.001682 0.000109 0.054338 0.008096 1.811039
0.929337 0.003649 0.003115 0.001683 0.000112 0.054008 0.008098 1.811371
0.929622 0.003651 0.003121 0.001684 0.000110 0.053713 0.008099 1.811736
0.929907 0.003668 0.003154 0.001674 0.000111 0.053386 0.008100 1.812090
0.930212 0.003652 0.003173 0.001687 0.000111 0.053063 0.008101 1.812460
0.930462 0.003666 0.003190 0.001694 0.000106 0.052778 0.008104 1.812830
0.930712 0.003688 0.003180 0.001709 0.000108 0.052498 0.008105 1.813181
0.931030 0.003688 0.003188 0.001704 0.000111 0.052171 0.008106 1.813535
0.931324 0.003653 0.003201 0.001711 0.000110 0.051895 0.008107 1.813904
0.931560 0.003673 0.003211 0.001727 0.000110 0.051612 0.008108 1.814273
0.931818 0.003690 0.003185 0.001727 0.000109 0.051363 0.008109 1.814615
0.932045 0.003719 0.003206 0.001714 0.000108 0.051098 0.008110 1.814972
0.932263 0.003729 0.003200 0.001723 0.000108 0.050866 0.008111 1.815339
0.932487 0.003771 0.003212 0.001730 0.000108 0.050580 0.008113 1.815711
0.932759 0.003759 0.003209 0.001748 0.000107 0.050304 0.008113 1.816073
0.933006 0.003753 0.003232 0.001741 0.000108 0.050044 0.008116 1.816449
0.933187 0.003761 0.003248 0.001754 0.000110 0.049825 0.008116 1.816824
0.933419 0.003797 0.003234 0.001753 0.000111 0.049570 0.008117 1.817180
0.933639 0.003783 0.003262 0.001758 0.000110 0.049330 0.008118 1.817576
0.933847 0.003838 0.003268 0.001747 0.000114 0.049068 0.008119 1.817931
0.934015 0.003833 0.003297 0.001748 0.000115 0.048873 0.008120 1.818338
0.934204 0.003839 0.003322 0.001751 0.000111 0.048651 0.008123 1.818718
0.934401 0.003887 0.003302 0.001738 0.000111 0.048438 0.008123 1.819068
0.934563 0.003923 0.003305 0.001764 0.000114 0.048208 0.008124 1.819442
0.934746 0.003948 0.003298 0.001778 0.000114 0.047990 0.008127 1.819817
0.934931 0.003946 0.003306 0.001787 0.000116 0.047786 0.008128 1.820220
0.935153 0.003931 0.003346 0.001789 0.000115 0.047536 0.008130 1.820622
0.935356 0.003942 0.003348 0.001800 0.000114 0.047309 0.008131 1.821008
0.935499 0.003980 0.003378 0.001788 0.000110 0.047112 0.008133 1.821388
0.935634 0.003999 0.003389 0.001794 0.000109 0.046938 0.008136 1.821777
0.935813 0.004018 0.003418 0.001782 0.000112 0.046718 0.008138 1.822164
0.935929 0.004049 0.003440 0.001785 0.000111 0.046546 0.008140 1.822558
0.936049 0.004067 0.003435 0.001798 0.000116 0.046395 0.008140 1.822950
0.936166 0.004088 0.003476 0.001821 0.000117 0.046189 0.008143 1.823355
0.936293 0.004120 0.003500 0.001813 0.000116 0.046014 0.008145 1.823747
0.936426 0.004122 0.003494 0.001833 0.000120 0.045858 0.008146 1.824165
0.936540 0.004147 0.003497 0.001850 0.000122 0.045696 0.008148 1.824582
0.936666 0.004180 0.003515 0.001861 0.000123 0.045506 0.008150 1.824978
0.936819 0.004158 0.003547 0.001880 0.000126 0.045320 0.008151 1.825402
0.936925 0.004158 0.003557 0.001900 0.000127 0.045182 0.008152 1.825823
0.937036 0.004169 0.003573 0.001899 0.000126 0.045043 0.008154 1.826238
0.937147 0.004177 0.003625 0.001900 0.000126 0.044870 0.008156 1.826672
0.937288 0.004196 0.003620 0.001917 0.000129 0.044694 0.008157 1.827078
0.937370 0.004232 0.003628 0.001920 0.000129 0.044563 0.008159 1.827473
0.937495 0.004246 0.003618 0.001921 0.000132 0.044429 0.008159 1.827874
0.937606 0.004255 0.003639 0.001912 0.000133 0.044294 0.008161 1.828287
0.937668 0.004304 0.003633 0.001924 0.000134 0.044175 0.008162 1.828685
0.937765 0.004312 0.003634 0.001944 0.000135 0.044048 0.008162 1.829109
0.937871 0.004313 0.003653 0.001963 0.000133 0.043902 0.008165 1.829547
0.937943 0.004328 0.003697 0.001948 0.000134 0.043783 0.008166 1.829967
0.937991 0.004363 0.003716 0.001961 0.000133 0.043666 0.008170 1.830414
0.938016 0.004400 0.003738 0.001980 0.000126 0.043566 0.008174 1.830854
0.938048 0.004434 0.003747 0.002012 0.000122 0.043461 0.008176 1.831279
0.938077 0.004447 0.003780 0.002026 0.000125 0.043367 0.008178 1.831728
0.938165 0.004476 0.003781 0.002028 0.000127 0.043245 0.008178 1.832143
0.938230 0.004489 0.003797 0.002028 0.000130 0.043147 0.008179 1.832591
0.938305 0.004506 0.003813 0.002036 0.000133 0.043027 0.008181 1.833033
0.938385 0.004515 0.003828 0.002030 0.000133 0.042927 0.008182 1.833480
0.938444 0.004503 0.003845 0.002040 0.000134 0.042849 0.008183 1.833928
0.938475 0.004546 0.003844 0.002024 0.000138 0.042787 0.008185 1.834338
0.938515 0.004556 0.003878 0.002019 0.000136 0.042708 0.008188 1.834793
0.938556 0.004583 0.003895 0.002012 0.000138 0.042625 0.008190 1.835231
0.938584 0.004609 0.003892 0.002041 0.000142 0.042540 0.008191 1.835685
0.938616 0.004605 0.003911 0.002051 0.000141 0.042484 0.008191 1.836143
0.938622 0.004654 0.003896 0.002076 0.000137 0.042421 0.008194 1.836592
0.938685 0.004657 0.003914 0.002097 0.000139 0.042311 0.008197 1.837053
0.938738 0.004675 0.003933 0.002087 0.000142 0.042227 0.008198 1.837507
0.938756 0.004664 0.003942 0.002099 0.000140 0.042197 0.008202 1.837988
0.938788 0.004688 0.003960 0.002103 0.000140 0.042118 0.008204 1.838443
0.938815 0.004720 0.003983 0.002107 0.000140 0.042028 0.008206 1.838897
0.938821 0.004729 0.004016 0.002124 0.000141 0.041962 0.008208 1.839388
0.938803 0.004766 0.004044 0.002134 0.000144 0.041899 0.008210 1.839853
0.938786 0.004806 0.004069 0.002142 0.000144 0.041843 0.008211 1.840326
0.938777 0.004836 0.004079 0.002140 0.000140 0.041812 0.008214 1.840794
0.938776 0.004881 0.004112 0.002139 0.000138 0.041738 0.008216 1.841260
0.938782 0.004874 0.004115 0.002161 0.000143 0.041707 0.008217 1.841753
0.938785 0.004882 0.004132 0.002177 0.000141 0.041663 0.008219 1.842247
0.938813 0.004883 0.004154 0.002183 0.000145 0.041603 0.008219 1.842733
0.938833 0.004887 0.004173 0.002202 0.000143 0.041539 0.008222 1.843218
0.938834 0.004941 0.004183 0.002194 0.000141 0.041484 0.008223 1.843669
0.938822 0.004980 0.004178 0.002210 0.000141 0.041444 0.008225 1.844153
0.938793 0.004980 0.004188 0.002217 0.000144 0.041451 0.008226 1.844637
0.938759 0.005001 0.004176 0.002221 0.000144 0.041471 0.008228 1.845125
0.938782 0.004985 0.004224 0.002218 0.000143 0.041416 0.008231 1.845616
0.938774 0.004966 0.004207 0.002242 0.000145 0.041435 0.008231 1.846131
0.938742 0.004997 0.004220 0.002257 0.000143 0.041408 0.008233 1.846612
0.938718 0.005008 0.004246 0.002264 0.000140 0.041390 0.008235 1.847106
0.938742 0.005006 0.004276 0.002272 0.000143 0.041321 0.008240 1.847601
0.938727 0.005023 0.004283 0.002295 0.000144 0.041285 0.008242 1.848089
0.938721 0.005010 0.004300 0.002297 0.000145 0.041283 0.008243 1.848619
0.938672 0.005069 0.004283 0.002315 0.000147 0.041269 0.008245 1.849101
0.938663 0.005069 0.004297 0.002317 0.000149 0.041257 0.008247 1.849585
0.938664 0.005060 0.004340 0.002312 0.000153 0.041222 0.008249 1.850089
0.938643 0.005062 0.004357 0.002314 0.000152 0.041222 0.008250 1.850578
0.938633 0.005084 0.004377 0.002291 0.000156 0.041204 0.008253 1.851063
0.938619 0.005100 0.004387 0.002301 0.000156 0.041180 0.008256 1.851574
0.938613 0.005120 0.004397 0.002292 0.000156 0.041163 0.008258 1.852052
0.938575 0.005147 0.004401 0.002302 0.000153 0.041161 0.008260 1.852539
0.938531 0.005205 0.004395 0.002303 0.000153 0.041150 0.008262 1.853005
0.938453 0.005226 0.004428 0.002312 0.000152 0.041163 0.008264 1.853529
0.938408 0.005268 0.004414 0.002317 0.000154 0.041175 0.008265 1.854011
0.938385 0.005238 0.004453 0.002342 0.000149 0.041166 0.008267 1.854558
0.938366 0.005236 0.004474 0.002358 0.000153 0.041144 0.008269 1.855069
0.938333 0.005254 0.004485 0.002365 0.000154 0.041137 0.008272 1.855564
0.938317 0.005261 0.004523 0.002365 0.000154 0.041104 0.008275 1.856071
0.938294 0.005235 0.004576 0.002385 0.000155 0.041077 0.008277 1.856624
0.938277 0.005212 0.004591 0.002388 0.000156 0.041097 0.008279 1.857151
0.938234 0.005225 0.004594 0.002408 0.000157 0.041101 0.008281 1.857650
0.938190 0.005264 0.004584 0.002407 0.000158 0.041116 0.008282 1.858151
0.938123 0.005296 0.004583 0.002432 0.000156 0.041126 0.008283 1.858669
0.938086 0.005273 0.004605 0.002442 0.000157 0.041151 0.008286 1.859202
0.938058 0.005293 0.004570 0.002451 0.000155 0.041183 0.008289 1.859703
0.938011 0.005293 0.004588 0.002456 0.000157 0.041201 0.008292 1.860223
0.937931 0.005329 0.004600 0.002469 0.000157 0.041218 0.008294 1.860730
0.937883 0.005332 0.004650 0.002471 0.000166 0.041203 0.008294 1.861265
0.937862 0.005327 0.004686 0.002472 0.000168 0.041189 0.008296 1.861803
0.937832 0.005347 0.004666 0.002447 0.000167 0.041244 0.008297 1.862301
0.937740 0.005384 0.004669 0.002470 0.000169 0.041269 0.008300 1.862823
0.937669 0.005423 0.004700 0.002459 0.000166 0.041281 0.008302 1.863347
0.937651 0.005401 0.004699 0.002452 0.000162 0.041329 0.008306 1.863873
0.937611 0.005409 0.004680 0.002444 0.000161 0.041387 0.008307 1.864387
0.937589 0.005424 0.004682 0.002432 0.000160 0.041406 0.008308 1.864910
0.937545 0.005435 0.004694 0.002440 0.000164 0.041414 0.008309 1.865437
0.937504 0.005436 0.004713 0.002431 0.000163 0.041442 0.008312 1.865965
0.937483 0.005438 0.004696 0.002434 0.000160 0.041474 0.008314 1.866473
0.937420 0.005467 0.004701 0.002456 0.000163 0.041476 0.008316 1.867004
0.937377 0.005468 0.004713 0.002482 0.000163 0.041478 0.008318 1.867555
0.937327 0.005465 0.004750 0.002485 0.000167 0.041487 0.008319 1.868108
0.937223 0.005506 0.004787 0.002501 0.000170 0.041493 0.008319 1.868635
0.937144 0.005537 0.004803 0.002496 0.000165 0.041532 0.008322 1.869159
0.937075 0.005589 0.004804 0.002504 0.000165 0.041539 0.008324 1.869665
0.937033 0.005543 0.004868 0.002508 0.000164 0.041559 0.008325 1.870241
0.936955 0.005579 0.004854 0.002501 0.000167 0.041617 0.008327 1.870762
0.936879 0.005625 0.004863 0.002486 0.000169 0.041649 0.008329 1.871290
0.936759 0.005659 0.004872 0.002489 0.000170 0.041721 0.008330 1.871846
0.936704 0.005693 0.004894 0.002482 0.000175 0.041721 0.008332 1.872381
0.936609 0.005715 0.004899 0.002494 0.000173 0.041777 0.008333 1.872940
0.936513 0.005719 0.004919 0.002505 0.000177 0.041833 0.008334 1.873508
0.936417 0.005743 0.004893 0.002530 0.000179 0.041903 0.008335 1.874064
0.936323 0.005772 0.004908 0.002537 0.000176 0.041945 0.008339 1.874616
0.936261 0.005769 0.004916 0.002535 0.000173 0.042005 0.008342 1.875182
0.936207 0.005777 0.004942 0.002522 0.000174 0.042035 0.008344 1.875737
0.936115 0.005834 0.004947 0.002524 0.000174 0.042059 0.008347 1.876285
0.936017 0.005856 0.004943 0.002526 0.000177 0.042132 0.008349 1.876847
0.935918 0.005889 0.004934 0.002568 0.000175 0.042164 0.008352 1.877414
0.935854 0.005871 0.004979 0.002573 0.000172 0.042195 0.008357 1.877990
0.935760 0.005884 0.004977 0.002584 0.000172 0.042261 0.008361 1.878560
0.935694 0.005874 0.004995 0.002606 0.000172 0.042294 0.008364 1.879147
0.935637 0.005862 0.005021 0.002635 0.000173 0.042307 0.008365 1.879724
0.935581 0.005819 0.005052 0.002639 0.000172 0.042370 0.008366 1.880317
0.935490 0.005825 0.005077 0.002644 0.000176 0.042419 0.008369 1.880880
0.935401 0.005828 0.005083 0.002660 0.000173 0.042484 0.008371 1.881461
0.935330 0.005820 0.005103 0.002667 0.000174 0.042535 0.008372 1.882036
0.935239 0.005819 0.005090 0.002690 0.000177 0.042611 0.008374 1.882614
0.935127 0.005809 0.005084 0.002712 0.000174 0.042716 0.008378 1.883215
0.935065 0.005837 0.005099 0.002714 0.000177 0.042729 0.008380 1.883784
0.934978 0.005867 0.005118 0.002712 0.000175 0.042767 0.008384 1.884346
0.934876 0.005905 0.005140 0.002707 0.000175 0.042812 0.008386 1.884901
0.934821 0.005916 0.005122 0.002720 0.000173 0.042860 0.008388 1.885450
0.934759 0.005934 0.005134 0.002734 0.000173 0.042877 0.008391 1.886007
0.934677 0.005910 0.005142 0.002758 0.000173 0.042947 0.008392 1.886602
0.934672 0.005887 0.005133 0.002751 0.000173 0.042988 0.008395 1.887186
0.934582 0.005940 0.005121 0.002743 0.000179 0.043038 0.008398 1.887745
0.934553 0.005895 0.005152 0.002757 0.000180 0.043064 0.008399 1.888353
0.934444 0.005910 0.005155 0.002768 0.000179 0.043143 0.008402 1.888944
0.934386 0.005907 0.005166 0.002778 0.000181 0.043177 0.008404 1.889535
0.934258 0.005952 0.005158 0.002785 0.000178 0.043263 0.008406 1.890119
0.934217 0.005931 0.005137 0.002794 0.000177 0.043336 0.008409 1.890697
0.934151 0.005942 0.005129 0.002791 0.000174 0.043401 0.008412 1.891277
0.934066 0.005931 0.005168 0.002795 0.000177 0.043449 0.008414 1.891884
0.933978 0.005912 0.005186 0.002825 0.000178 0.043505 0.008415 1.892500
0.933931 0.005898 0.005192 0.002826 0.000179 0.043556 0.008418 1.893088
0.933860 0.005867 0.005204 0.002847 0.000178 0.043624 0.008419 1.893699
0.933797 0.005853 0.005224 0.002845 0.000181 0.043678 0.008421 1.894280
0.933756 0.005880 0.005220 0.002813 0.000182 0.043726 0.008423 1.894855
0.933695 0.005857 0.005247 0.002804 0.000186 0.043787 0.008424 1.895458
0.933610 0.005856 0.005231 0.002812 0.000188 0.043878 0.008426 1.896047
0.933502 0.005906 0.005224 0.002798 0.000187 0.043955 0.008428 1.896622
0.933426 0.005929 0.005249 0.002813 0.000193 0.043960 0.008431 1.897218
0.933333 0.005937 0.005271 0.002812 0.000195 0.044018 0.008435 1.897813
0.933274 0.005914 0.005284 0.002814 0.000194 0.044082 0.008438 1.898409
0.933174 0.005954 0.005304 0.002841 0.000194 0.044092 0.008442 1.898981
0.933065 0.006012 0.005271 0.002848 0.000187 0.044173 0.008446 1.899545
0.932973 0.006005 0.005259 0.002845 0.000189 0.044283 0.008447 1.900147
0.932890 0.006011 0.005279 0.002851 0.000192 0.044329 0.008448 1.900748
0.932845 0.005977 0.005324 0.002846 0.000191 0.044367 0.008451 1.901355
0.932791 0.005959 0.005348 0.002831 0.000195 0.044423 0.008453 1.901956
0.932738 0.005931 0.005384 0.002834 0.000190 0.044470 0.008455 1.902549
0.932654 0.005974 0.005381 0.002844 0.000190 0.044500 0.008458 1.903125
0.932562 0.006000 0.005380 0.002856 0.000191 0.044552 0.008460 1.903704
0.932533 0.006023 0.005350 0.002855 0.000194 0.044583 0.008463 1.904271
0.932460 0.006019 0.005355 0.002857 0.000196 0.044648 0.008465 1.904857
0.932375 0.006035 0.005345 0.002837 0.000196 0.044746 0.008466 1.905431
0.932269 0.006064 0.005368 0.002826 0.000193 0.044812 0.008470 1.906020
0.932165 0.006111 0.005340 0.002834 0.000190 0.044886 0.008475 1.906585
0.932091 0.006103 0.005352 0.002862 0.000193 0.044924 0.008477 1.907193
0.932015 0.006118 0.005362 0.002852 0.000194 0.044981 0.008480 1.907768
0.931911 0.006170 0.005365 0.002824 0.000197 0.045053 0.008481 1.908353
0.931823 0.006167 0.005365 0.002836 0.000197 0.045129 0.008484 1.908957
0.931764 0.006152 0.005366 0.002849 0.000196 0.045187 0.008487 1.909572
0.931688 0.006152 0.005358 0.002861 0.000195 0.045256 0.008490 1.910172
0.931620 0.006164 0.005366 0.002864 0.000195 0.045297 0.008495 1.910766
0.931603 0.006144 0.005415 0.002882 0.000198 0.045263 0.008496 1.911382
0.931540 0.006155 0.005371 0.002887 0.000195 0.045353 0.008501 1.911982
0.931460 0.006125 0.005393 0.002905 0.000197 0.045417 0.008503 1.912621
0.931378 0.006155 0.005398 0.002921 0.000197 0.045446 0.008504 1.913212
0.931322 0.006122 0.005417 0.002917 0.000194 0.045519 0.008508 1.913819
0.931256 0.006093 0.005458 0.002891 0.000195 0.045597 0.008509 1.914441
0.931171 0.006103 0.005443 0.002912 0.000194 0.045665 0.008512 1.915037
0.931115 0.006139 0.005459 0.002882 0.000196 0.045695 0.008514 1.915615
0.931083 0.006118 0.005465 0.002877 0.000198 0.045743 0.008517 1.916216
0.931023 0.006104 0.005460 0.002882 0.000195 0.045820 0.008518 1.916809
0.930970 0.006090 0.005458 0.002895 0.000195 0.045873 0.008519 1.917419
0.930947 0.006068 0.005447 0.002901 0.000192 0.045924 0.008520 1.918013
0.930888 0.006077 0.005449 0.002928 0.000193 0.045944 0.008522 1.918606
0.930844 0.006107 0.005409 0.002932 0.000195 0.045991 0.008524 1.919162
0.930780 0.006080 0.005445 0.002920 0.000188 0.046058 0.008529 1.919784
0.930677 0.006110 0.005450 0.002897 0.000185 0.046149 0.008532 1.920399
0.930642 0.006120 0.005435 0.002887 0.000187 0.046195 0.008535 1.920973
0.930576 0.006135 0.005431 0.002875 0.000190 0.046257 0.008537 1.921562
0.930492 0.006141 0.005426 0.002885 0.000189 0.046328 0.008538 1.922163
0.930391 0.006162 0.005424 0.002892 0.000189 0.046401 0.008541 1.922763
0.930329 0.006155 0.005439 0.002917 0.000192 0.046425 0.008545 1.923366
0.930236 0.006149 0.005458 0.002906 0.000194 0.046510 0.008547 1.923992
0.930183 0.006140 0.005481 0.002904 0.000202 0.046541 0.008549 1.924617
0.930114 0.006178 0.005471 0.002869 0.000206 0.046613 0.008550 1.925200
0.930085 0.006190 0.005459 0.002846 0.000210 0.046657 0.008553 1.925789
0.930010 0.006192 0.005481 0.002873 0.000210 0.046680 0.008555 1.926414
0.929900 0.006219 0.005448 0.002870 0.000206 0.046799 0.008559 1.926996
0.929837 0.006249 0.005446 0.002859 0.000209 0.046838 0.008562 1.927574
0.929764 0.006230 0.005489 0.002853 0.000208 0.046891 0.008565 1.928198
0.929708 0.006215 0.005494 0.002867 0.000204 0.046944 0.008568 1.928812
0.929616 0.006237 0.005496 0.002872 0.000204 0.047005 0.008571 1.929403
0.929558 0.006269 0.005460 0.002877 0.000206 0.047058 0.008573 1.929983
0.929492 0.006309 0.005465 0.002875 0.000206 0.047079 0.008575 1.930560
0.929413 0.006304 0.005466 0.002881 0.000204 0.047154 0.008580 1.931165
0.929343 0.006294 0.005479 0.002886 0.000207 0.047209 0.008582 1.931801
0.929264 0.006304 0.005453 0.002884 0.000210 0.047301 0.008584 1.932405
0.929215 0.006308 0.005447 0.002893 0.000208 0.047344 0.008586 1.933024
0.929162 0.006299 0.005481 0.002891 0.000209 0.047371 0.008588 1.933653
0.929076 0.006308 0.005514 0.002890 0.000210 0.047413 0.008590 1.934288
0.929045 0.006313 0.005518 0.002903 0.000212 0.047417 0.008592 1.934904
0.928973 0.006312 0.005500 0.002894 0.000210 0.047516 0.008596 1.935504
0.928937 0.006298 0.005487 0.002908 0.000209 0.047564 0.008598 1.936111
0.928867 0.006288 0.005495 0.002925 0.000211 0.047612 0.008602 1.936756
0.928842 0.006265 0.005526 0.002947 0.000211 0.047603 0.008606 1.937379
0.928818 0.006266 0.005502 0.002939 0.000213 0.047654 0.008609 1.937980
0.928802 0.006229 0.005499 0.002942 0.000219 0.047697 0.008613 1.938590
0.928703 0.006267 0.005506 0.002952 0.000219 0.047738 0.008615 1.939199
0.928598 0.006273 0.005537 0.002957 0.000218 0.047800 0.008617 1.939832
0.928583 0.006234 0.005544 0.002953 0.000216 0.047850 0.008620 1.940467
0.928573 0.006211 0.005565 0.002964 0.000215 0.047851 0.008622 1.941086
0.928567 0.006187 0.005520 0.002981 0.000213 0.047907 0.008625 1.941686
0.928527 0.006187 0.005522 0.002966 0.000215 0.047957 0.008628 1.942287
0.928462 0.006203 0.005517 0.002965 0.000214 0.048010 0.008631 1.942897
0.928388 0.006243 0.005510 0.002935 0.000215 0.048077 0.008632 1.943475
0.928392 0.006208 0.005522 0.002914 0.000213 0.048116 0.008634 1.944100
0.928351 0.006237 0.005532 0.002924 0.000209 0.048110 0.008637 1.944702
0.928309 0.006233 0.005554 0.002909 0.000213 0.048144 0.008639 1.945306
0.928261 0.006197 0.005559 0.002934 0.000218 0.048189 0.008642 1.945953
0.928217 0.006224 0.005516 0.002952 0.000217 0.048232 0.008644 1.946548
0.928171 0.006251 0.005506 0.002948 0.000221 0.048254 0.008649 1.947151
0.928113 0.006277 0.005535 0.002961 0.000220 0.048243 0.008651 1.947780
0.928103 0.006280 0.005520 0.002945 0.000221 0.048277 0.008654 1.948377
0.928086 0.006268 0.005517 0.002953 0.000219 0.048301 0.008657 1.948988
0.928072 0.006231 0.005546 0.002961 0.000218 0.048314 0.008659 1.949619
0.927996 0.006248 0.005563 0.002956 0.000219 0.048357 0.008662 1.950234
0.927949 0.006225 0.005568 0.002947 0.000215 0.048431 0.008664 1.950855
0.927891 0.006224 0.005553 0.002954 0.000216 0.048497 0.008666 1.951473
0.927847 0.006220 0.005536 0.002964 0.000217 0.048547 0.008669 1.952086
0.927772 0.006234 0.005517 0.002955 0.000216 0.048635 0.008672 1.952699
0.927707 0.006238 0.005509 0.002978 0.000216 0.048679 0.008674 1.953328
0.927694 0.006216 0.005527 0.002987 0.000213 0.048687 0.008677 1.953945
0.927657 0.006201 0.005515 0.002977 0.000217 0.048751 0.008682 1.954572
0.927595 0.006246 0.005496 0.002974 0.000214 0.048787 0.008688 1.955163
0.927579 0.006272 0.005527 0.002944 0.000215 0.048773 0.008691 1.955763
0.927560 0.006268 0.005521 0.002939 0.000214 0.048806 0.008693 1.956367
0.927506 0.006269 0.005547 0.002936 0.000211 0.048836 0.008696 1.956991
0.927460 0.006201 0.005580 0.002956 0.000211 0.048893 0.008699 1.957638
0.927414 0.006222 0.005576 0.002966 0.000208 0.048911 0.008704 1.958234
0.927372 0.006215 0.005587 0.002947 0.000208 0.048965 0.008707 1.958843
0.927343 0.006218 0.005541 0.002957 0.000206 0.049026 0.008709 1.959455
0.927293 0.006237 0.005550 0.002956 0.000207 0.049043 0.008713 1.960071
0.927258 0.006207 0.005540 0.002979 0.000214 0.049087 0.008715 1.960705
0.927189 0.006247 0.005529 0.002979 0.000214 0.049126 0.008717 1.961315
0.927158 0.006217 0.005537 0.002982 0.000213 0.049173 0.008722 1.961936
0.927063 0.006265 0.005539 0.002951 0.000208 0.049251 0.008723 1.962538
0.927008 0.006259 0.005574 0.002950 0.000205 0.049280 0.008725 1.963173
0.926951 0.006253 0.005585 0.002965 0.000208 0.049312 0.008728 1.963819
0.926862 0.006280 0.005635 0.002958 0.000210 0.049325 0.008731 1.964446
0.926846 0.006280 0.005638 0.002950 0.000205 0.049345 0.008736 1.965066
0.926813 0.006302 0.005640 0.002943 0.000204 0.049359 0.008740 1.965671
