0.339892 0.062682 0.056010 0.032548 0.002192 0.500287 0.006391 1.647800
0.341849 0.060877 0.055916 0.032380 0.002208 0.500353 0.006418 1.653849
0.344609 0.058666 0.055555 0.032137 0.002213 0.500378 0.006443 1.659701
0.347604 0.056268 0.055195 0.031880 0.002213 0.500376 0.006464 1.665357
0.350953 0.053834 0.054728 0.031527 0.002206 0.500256 0.006495 1.670743
0.354481 0.051414 0.054178 0.031138 0.002220 0.500047 0.006523 1.675915
0.358158 0.049123 0.053535 0.030660 0.002206 0.499763 0.006556 1.680820
0.361909 0.046940 0.052758 0.030126 0.002196 0.499481 0.006591 1.685476
0.365817 0.044839 0.051823 0.029631 0.002181 0.499087 0.006621 1.689974
0.369863 0.042723 0.050904 0.029087 0.002174 0.498602 0.006647 1.694321
0.374031 0.040791 0.049840 0.028486 0.002171 0.498008 0.006673 1.698415
0.378219 0.038981 0.048828 0.027843 0.002167 0.497261 0.006702 1.702325
0.382405 0.037208 0.047800 0.027266 0.002140 0.496449 0.006731 1.706100
0.386745 0.035527 0.046735 0.026614 0.002126 0.495495 0.006759 1.709689
0.391119 0.033987 0.045577 0.025919 0.002111 0.494501 0.006786 1.713041
0.395479 0.032543 0.044560 0.025218 0.002091 0.493301 0.006808 1.716320
0.399974 0.031149 0.043416 0.024523 0.002077 0.492031 0.006832 1.719424
0.404535 0.029757 0.042286 0.023837 0.002058 0.490669 0.006858 1.722428
0.408931 0.028616 0.041084 0.023124 0.002067 0.489297 0.006880 1.725242
0.413379 0.027438 0.040042 0.022475 0.002044 0.487711 0.006912 1.728056
0.417987 0.026281 0.039008 0.021833 0.002027 0.485924 0.006940 1.730699
0.422658 0.025262 0.037850 0.021176 0.002027 0.484065 0.006963 1.733216
0.427276 0.024250 0.036762 0.020580 0.002015 0.482128 0.006988 1.735639
0.431966 0.023260 0.035672 0.019947 0.001980 0.480162 0.007014 1.737991
0.436694 0.022331 0.034593 0.019356 0.001955 0.478034 0.007036 1.740246
0.441338 0.021507 0.033527 0.018737 0.001912 0.475917 0.007062 1.742399
0.446026 0.020721 0.032525 0.018107 0.001886 0.473652 0.007083 1.744470
0.450659 0.020000 0.031566 0.017508 0.001870 0.471297 0.007099 1.746490
0.455335 0.019229 0.030564 0.016983 0.001847 0.468916 0.007125 1.748442
0.459987 0.018609 0.029649 0.016388 0.001829 0.466395 0.007145 1.750272
0.464697 0.017929 0.028691 0.015864 0.001816 0.463841 0.007163 1.752076
0.469311 0.017304 0.027776 0.015365 0.001781 0.461275 0.007188 1.753794
0.474004 0.016696 0.026949 0.014878 0.001753 0.458506 0.007214 1.755480
0.478775 0.016152 0.026035 0.014401 0.001730 0.455672 0.007235 1.757071
0.483383 0.015621 0.025230 0.013944 0.001705 0.452863 0.007255 1.758671
0.488056 0.015119 0.024443 0.013476 0.001674 0.449954 0.007277 1.760151
0.492633 0.014695 0.023657 0.013044 0.001645 0.447032 0.007295 1.761580
0.497215 0.014208 0.022895 0.012629 0.001619 0.444120 0.007313 1.763001
0.501803 0.013739 0.022225 0.012223 0.001588 0.441091 0.007333 1.764394
0.506456 0.013303 0.021557 0.011825 0.001573 0.437937 0.007349 1.765766
0.510939 0.012953 0.020838 0.011433 0.001535 0.434930 0.007373 1.767021
0.515443 0.012608 0.020155 0.011048 0.001505 0.431850 0.007392 1.768263
0.520002 0.012264 0.019545 0.010684 0.001463 0.428627 0.007415 1.769486
0.524486 0.011963 0.018922 0.010346 0.001430 0.425416 0.007437 1.770644
0.528968 0.011626 0.018332 0.010045 0.001415 0.422163 0.007451 1.771823
0.533392 0.011314 0.017783 0.009760 0.001388 0.418895 0.007469 1.772960
0.537904 0.010972 0.017201 0.009457 0.001355 0.415624 0.007489 1.774081
0.542242 0.010660 0.016696 0.009148 0.001328 0.412418 0.007510 1.775175
0.546574 0.010352 0.016204 0.008893 0.001311 0.409141 0.007525 1.776242
0.550843 0.010062 0.015731 0.008643 0.001280 0.405899 0.007542 1.777269
0.555166 0.009819 0.015283 0.008352 0.001251 0.402568 0.007562 1.778233
0.559442 0.009630 0.014799 0.008086 0.001207 0.399257 0.007580 1.779168
0.563696 0.009413 0.014375 0.007819 0.001179 0.395917 0.007600 1.780094
0.567985 0.009199 0.013962 0.007606 0.001156 0.392477 0.007614 1.781021
0.572108 0.009073 0.013578 0.007354 0.001133 0.389125 0.007628 1.781881
0.576269 0.008874 0.013202 0.007181 0.001111 0.385720 0.007644 1.782790
0.580408 0.008745 0.012855 0.006990 0.001090 0.382256 0.007658 1.783651
0.584464 0.008555 0.012489 0.006819 0.001073 0.378925 0.007673 1.784529
0.588531 0.008387 0.012133 0.006628 0.001057 0.375581 0.007682 1.785356
0.592536 0.008216 0.011825 0.006437 0.001026 0.372262 0.007697 1.786200
0.596425 0.008055 0.011530 0.006232 0.000995 0.369052 0.007711 1.786993
0.600417 0.007846 0.011244 0.006088 0.000973 0.365711 0.007722 1.787820
0.604397 0.007693 0.010939 0.005922 0.000955 0.362366 0.007729 1.788582
0.608322 0.007556 0.010675 0.005746 0.000942 0.359019 0.007741 1.789339
0.612250 0.007407 0.010395 0.005625 0.000912 0.355654 0.007757 1.790075
0.616143 0.007293 0.010166 0.005467 0.000890 0.352272 0.007769 1.790793
0.619833 0.007167 0.009955 0.005319 0.000867 0.349076 0.007783 1.791528
0.623630 0.007074 0.009678 0.005158 0.000851 0.345814 0.007794 1.792199
0.627405 0.007015 0.009396 0.005023 0.000839 0.342521 0.007801 1.792840
0.631196 0.006914 0.009178 0.004918 0.000817 0.339162 0.007814 1.793519
0.634884 0.006806 0.008954 0.004798 0.000804 0.335930 0.007823 1.794183
0.638486 0.006707 0.008707 0.004657 0.000789 0.332822 0.007832 1.794824
0.642035 0.006591 0.008512 0.004566 0.000781 0.329675 0.007840 1.795478
0.645545 0.006517 0.008341 0.004442 0.000767 0.326535 0.007853 1.796126
0.649127 0.006438 0.008121 0.004352 0.000748 0.323352 0.007864 1.796754
0.652595 0.006354 0.007964 0.004272 0.000729 0.320213 0.007874 1.797410
0.656044 0.006299 0.007802 0.004191 0.000718 0.317064 0.007881 1.798012
0.659499 0.006279 0.007621 0.004111 0.000699 0.313903 0.007889 1.798607
0.662906 0.006163 0.007499 0.004035 0.000681 0.310817 0.007899 1.799252
0.666273 0.006039 0.007385 0.003949 0.000663 0.307783 0.007909 1.799874
0.669598 0.005960 0.007239 0.003899 0.000646 0.304738 0.007919 1.800470
0.672871 0.005894 0.007084 0.003823 0.000635 0.301764 0.007929 1.801045
0.676043 0.005850 0.006955 0.003741 0.000618 0.298854 0.007939 1.801605
0.679231 0.005776 0.006806 0.003695 0.000612 0.295937 0.007944 1.802185
0.682390 0.005680 0.006738 0.003652 0.000598 0.292989 0.007953 1.802787
0.685584 0.005633 0.006640 0.003578 0.000583 0.290022 0.007960 1.803352
0.688640 0.005613 0.006535 0.003528 0.000565 0.287152 0.007968 1.803909
0.691727 0.005548 0.006445 0.003472 0.000553 0.284279 0.007975 1.804480
0.694786 0.005533 0.006319 0.003413 0.000538 0.281428 0.007984 1.804983
0.697809 0.005466 0.006231 0.003357 0.000526 0.278620 0.007990 1.805550
0.700846 0.005426 0.006128 0.003322 0.000519 0.275764 0.007995 1.806078
0.703791 0.005417 0.006033 0.003280 0.000501 0.272974 0.008004 1.806604
0.706610 0.005375 0.005977 0.003254 0.000484 0.270289 0.008011 1.807138
0.709582 0.005314 0.005889 0.003217 0.000474 0.267507 0.008018 1.807668
0.712505 0.005250 0.005807 0.003165 0.000465 0.264786 0.008023 1.808198
0.715293 0.005228 0.005719 0.003078 0.000461 0.262194 0.008027 1.808701
0.718153 0.005190 0.005619 0.003048 0.000451 0.259508 0.008032 1.809195
0.720895 0.005150 0.005564 0.002991 0.000444 0.256919 0.008039 1.809716
0.723629 0.005105 0.005484 0.002969 0.000440 0.254328 0.008045 1.810217
0.726316 0.005095 0.005403 0.002944 0.000434 0.251759 0.008050 1.810723
0.729000 0.005094 0.005327 0.002903 0.000422 0.249200 0.008055 1.811211
0.731719 0.005056 0.005247 0.002877 0.000419 0.246623 0.008060 1.811700
0.734325 0.005000 0.005189 0.002851 0.000411 0.244159 0.008066 1.812222
0.736886 0.004976 0.005121 0.002830 0.000406 0.241710 0.008071 1.812693
0.739462 0.004964 0.005078 0.002787 0.000402 0.239234 0.008073 1.813159
0.741948 0.004948 0.005006 0.002750 0.000394 0.236875 0.008080 1.813634
0.744430 0.004926 0.004965 0.002726 0.000388 0.234479 0.008087 1.814114
0.746873 0.004900 0.004934 0.002684 0.000376 0.232142 0.008092 1.814591
0.749281 0.004905 0.004902 0.002668 0.000369 0.229779 0.008096 1.815080
0.751691 0.004870 0.004864 0.002633 0.000363 0.227480 0.008101 1.815556
0.754024 0.004837 0.004860 0.002619 0.000354 0.225202 0.008105 1.816051
0.756434 0.004809 0.004798 0.002590 0.000356 0.222903 0.008110 1.816498
0.758685 0.004792 0.004766 0.002582 0.000349 0.220712 0.008115 1.816972
0.760954 0.004806 0.004743 0.002555 0.000350 0.218475 0.008117 1.817436
0.763146 0.004815 0.004691 0.002553 0.000348 0.216327 0.008119 1.817903
0.765395 0.004841 0.004646 0.002532 0.000340 0.214122 0.008124 1.818361
0.767581 0.004823 0.004635 0.002504 0.000336 0.211991 0.008130 1.818846
0.769748 0.004793 0.004632 0.002499 0.000332 0.209862 0.008134 1.819335
0.771917 0.004788 0.004603 0.002498 0.000320 0.207735 0.008140 1.819800
0.774059 0.004785 0.004563 0.002493 0.000317 0.205641 0.008143 1.820251
0.776100 0.004787 0.004546 0.002501 0.000306 0.203612 0.008149 1.820735
0.778165 0.004786 0.004517 0.002487 0.000298 0.201592 0.008155 1.821197
0.780169 0.004829 0.004467 0.002469 0.000296 0.199613 0.008158 1.821647
0.782174 0.004811 0.004457 0.002456 0.000289 0.197651 0.008163 1.822110
0.784202 0.004799 0.004437 0.002450 0.000286 0.195661 0.008165 1.822595
0.786142 0.004803 0.004423 0.002453 0.000285 0.193725 0.008170 1.823080
0.788076 0.004776 0.004417 0.002469 0.000277 0.191811 0.008176 1.823562
0.789956 0.004801 0.004375 0.002450 0.000274 0.189966 0.008180 1.824001
0.791852 0.004786 0.004351 0.002458 0.000272 0.188101 0.008181 1.824490
0.793726 0.004814 0.004339 0.002433 0.000267 0.186236 0.008184 1.824937
0.795589 0.004830 0.004312 0.002447 0.000260 0.184372 0.008190 1.825399
0.797386 0.004851 0.004319 0.002446 0.000259 0.182545 0.008194 1.825878
0.799180 0.004822 0.004305 0.002451 0.000255 0.180790 0.008199 1.826369
0.800923 0.004852 0.004309 0.002419 0.000244 0.179049 0.008205 1.826811
0.802589 0.004881 0.004302 0.002412 0.000243 0.177366 0.008208 1.827275
0.804285 0.004923 0.004303 0.002395 0.000236 0.175648 0.008211 1.827741
0.805985 0.004918 0.004324 0.002395 0.000234 0.173930 0.008215 1.828215
0.807683 0.004920 0.004343 0.002373 0.000229 0.172236 0.008217 1.828689
0.809373 0.004945 0.004361 0.002385 0.000230 0.170487 0.008219 1.829173
0.811070 0.004915 0.004375 0.002387 0.000230 0.168801 0.008222 1.829679
0.812659 0.004941 0.004357 0.002388 0.000227 0.167204 0.008225 1.830149
0.814250 0.004945 0.004383 0.002391 0.000224 0.165577 0.008230 1.830645
0.815763 0.004981 0.004388 0.002378 0.000222 0.164034 0.008235 1.831128
0.817319 0.004986 0.004390 0.002390 0.000219 0.162457 0.008240 1.831612
0.818838 0.004997 0.004390 0.002405 0.000218 0.160909 0.008244 1.832108
0.820397 0.005028 0.004405 0.002396 0.000217 0.159310 0.008246 1.832603
0.821895 0.005031 0.004433 0.002392 0.000211 0.157789 0.008250 1.833098
0.823334 0.005076 0.004434 0.002404 0.000209 0.156289 0.008254 1.833593
0.824745 0.005107 0.004446 0.002392 0.000204 0.154848 0.008259 1.834083
0.826167 0.005152 0.004448 0.002414 0.000201 0.153358 0.008261 1.834594
0.827547 0.005197 0.004470 0.002425 0.000200 0.151899 0.008264 1.835107
0.828877 0.005221 0.004508 0.002437 0.000195 0.150496 0.008267 1.835630
0.830232 0.005269 0.004527 0.002417 0.000197 0.149089 0.008269 1.836137
0.831557 0.005320 0.004528 0.002427 0.000195 0.147701 0.008272 1.836644
0.832876 0.005357 0.004528 0.002441 0.000191 0.146331 0.008275 1.837148
0.834153 0.005370 0.004560 0.002443 0.000189 0.145007 0.008279 1.837683
0.835405 0.005381 0.004594 0.002452 0.000188 0.143699 0.008282 1.838220
0.836665 0.005398 0.004604 0.002444 0.000197 0.142410 0.008283 1.838730
0.837883 0.005420 0.004609 0.002463 0.000195 0.141144 0.008286 1.839268
0.839086 0.005400 0.004685 0.002465 0.000196 0.139879 0.008289 1.839838
0.840309 0.005400 0.004735 0.002460 0.000196 0.138606 0.008293 1.840384
0.841474 0.005444 0.004717 0.002479 0.000196 0.137395 0.008295 1.840911
0.842559 0.005503 0.004721 0.002482 0.000196 0.136243 0.008296 1.841435
0.843706 0.005514 0.004724 0.002523 0.000195 0.135040 0.008298 1.841991
0.844801 0.005555 0.004737 0.002543 0.000193 0.133872 0.008301 1.842524
0.845903 0.005588 0.004763 0.002537 0.000190 0.132716 0.008303 1.843068
0.846988 0.005637 0.004777 0.002553 0.000190 0.131551 0.008305 1.843600
0.848068 0.005683 0.004799 0.002564 0.000187 0.130393 0.008307 1.844150
0.849082 0.005703 0.004820 0.002563 0.000191 0.129333 0.008309 1.844720
0.850088 0.005698 0.004888 0.002578 0.000194 0.128243 0.008311 1.845313
0.851079 0.005730 0.004899 0.002610 0.000190 0.127180 0.008313 1.845867
0.852068 0.005793 0.004906 0.002615 0.000191 0.126113 0.008315 1.846416
0.853024 0.005853 0.004940 0.002615 0.000193 0.125058 0.008319 1.846989
0.854015 0.005904 0.004959 0.002658 0.000190 0.123952 0.008322 1.847564
0.854930 0.005983 0.004967 0.002660 0.000190 0.122945 0.008325 1.848115
0.855768 0.006057 0.005003 0.002668 0.000186 0.121989 0.008329 1.848697
0.856664 0.006077 0.005019 0.002695 0.000186 0.121027 0.008333 1.849300
0.857551 0.006137 0.005031 0.002678 0.000183 0.120084 0.008337 1.849866
0.858327 0.006240 0.005038 0.002690 0.000187 0.119182 0.008337 1.850464
0.859085 0.006324 0.005078 0.002706 0.000190 0.118278 0.008339 1.851074
0.859944 0.006342 0.005111 0.002727 0.000193 0.117342 0.008340 1.851714
0.860771 0.006392 0.005178 0.002759 0.000196 0.116363 0.008342 1.852368
0.861538 0.006456 0.005246 0.002757 0.000197 0.115462 0.008345 1.853013
0.862254 0.006526 0.005304 0.002778 0.000196 0.114595 0.008348 1.853645
0.862947 0.006625 0.005320 0.002805 0.000196 0.113760 0.008348 1.854289
0.863662 0.006629 0.005396 0.002838 0.000197 0.112927 0.008350 1.854982
0.864397 0.006648 0.005463 0.002843 0.000194 0.112102 0.008353 1.855663
0.865083 0.006774 0.005490 0.002852 0.000189 0.111255 0.008356 1.856291
0.865719 0.006878 0.005506 0.002867 0.000191 0.110479 0.008360 1.856940
0.866348 0.006958 0.005557 0.002897 0.000192 0.109687 0.008362 1.857615
0.866979 0.007041 0.005615 0.002931 0.000197 0.108874 0.008364 1.858304
0.867566 0.007074 0.005706 0.002973 0.000200 0.108114 0.008367 1.859024
0.868111 0.007179 0.005743 0.002994 0.000198 0.107408 0.008369 1.859704
0.868604 0.007338 0.005780 0.003006 0.000201 0.106700 0.008372 1.860379
0.869087 0.007421 0.005862 0.003026 0.000204 0.106029 0.008373 1.861117
0.869577 0.007453 0.005927 0.003069 0.000206 0.105395 0.008375 1.861887
0.870041 0.007550 0.005989 0.003125 0.000207 0.104711 0.008378 1.862621
0.870554 0.007620 0.006051 0.003145 0.000210 0.104043 0.008379 1.863375
0.870998 0.007692 0.006113 0.003194 0.000209 0.103412 0.008383 1.864126
0.871465 0.007769 0.006156 0.003210 0.000206 0.102808 0.008386 1.864865
0.871956 0.007813 0.006224 0.003257 0.000209 0.102152 0.008389 1.865654
0.872338 0.007900 0.006289 0.003289 0.000209 0.101582 0.008392 1.866427
0.872801 0.007973 0.006320 0.003322 0.000207 0.100984 0.008393 1.867200
0.873191 0.008049 0.006379 0.003364 0.000206 0.100413 0.008397 1.867987
0.873561 0.008149 0.006464 0.003397 0.000208 0.099822 0.008399 1.868786
0.873963 0.008221 0.006516 0.003462 0.000208 0.099231 0.008400 1.869601
0.874341 0.008318 0.006575 0.003480 0.000209 0.098673 0.008404 1.870393
0.874648 0.008376 0.006651 0.003501 0.000211 0.098205 0.008408 1.871217
0.874968 0.008466 0.006705 0.003520 0.000217 0.097715 0.008410 1.872039
0.875310 0.008549 0.006775 0.003546 0.000223 0.097184 0.008413 1.872871
0.875586 0.008640 0.006778 0.003571 0.000224 0.096786 0.008416 1.873682
0.875848 0.008730 0.006820 0.003615 0.000226 0.096342 0.008419 1.874512
0.876110 0.008818 0.006890 0.003667 0.000225 0.095867 0.008422 1.875361
0.876353 0.008895 0.006976 0.003693 0.000228 0.095431 0.008424 1.876250
0.876557 0.008991 0.007073 0.003719 0.000230 0.095003 0.008428 1.877130
0.876794 0.009045 0.007182 0.003783 0.000229 0.094539 0.008429 1.878034
0.877056 0.009139 0.007225 0.003802 0.000229 0.094118 0.008431 1.878890
0.877222 0.009265 0.007298 0.003833 0.000228 0.093720 0.008435 1.879778
0.877384 0.009336 0.007394 0.003876 0.000229 0.093343 0.008439 1.880708
0.877552 0.009429 0.007467 0.003933 0.000226 0.092950 0.008443 1.881637
0.877657 0.009557 0.007500 0.003949 0.000223 0.092666 0.008448 1.882544
0.877740 0.009669 0.007589 0.003995 0.000228 0.092331 0.008448 1.883481
0.877854 0.009777 0.007647 0.004035 0.000229 0.092008 0.008451 1.884423
0.877925 0.009848 0.007737 0.004092 0.000230 0.091716 0.008452 1.885408
0.878039 0.009906 0.007799 0.004142 0.000233 0.091424 0.008458 1.886384
0.878106 0.010018 0.007883 0.004183 0.000231 0.091117 0.008462 1.887327
0.878157 0.010131 0.007965 0.004227 0.000236 0.090821 0.008464 1.888301
0.878216 0.010229 0.008048 0.004260 0.000238 0.090542 0.008468 1.889298
0.878294 0.010244 0.008142 0.004264 0.000242 0.090341 0.008472 1.890301
0.878345 0.010316 0.008220 0.004299 0.000245 0.090098 0.008477 1.891315
0.878332 0.010398 0.008282 0.004344 0.000250 0.089915 0.008480 1.892370
0.878318 0.010517 0.008323 0.004383 0.000254 0.089721 0.008483 1.893376
0.878336 0.010534 0.008447 0.004381 0.000254 0.089563 0.008485 1.894453
0.878311 0.010643 0.008532 0.004419 0.000253 0.089354 0.008489 1.895487
0.878276 0.010736 0.008622 0.004463 0.000255 0.089155 0.008493 1.896555
0.878220 0.010818 0.008697 0.004513 0.000261 0.088996 0.008495 1.897606
0.878181 0.010947 0.008736 0.004546 0.000267 0.088825 0.008499 1.898637
0.878120 0.011013 0.008806 0.004576 0.000269 0.088713 0.008505 1.899716
0.878102 0.011092 0.008919 0.004585 0.000272 0.088523 0.008507 1.900784
0.877997 0.011200 0.008997 0.004680 0.000268 0.088347 0.008512 1.901898
0.877959 0.011264 0.009094 0.004730 0.000275 0.088164 0.008516 1.903012
0.877861 0.011373 0.009163 0.004762 0.000278 0.088042 0.008521 1.904114
0.877777 0.011439 0.009239 0.004788 0.000284 0.087950 0.008523 1.905216
0.877700 0.011489 0.009331 0.004832 0.000285 0.087837 0.008526 1.906366
0.877538 0.011625 0.009381 0.004858 0.000289 0.087780 0.008527 1.907501
0.877343 0.011745 0.009423 0.004927 0.000289 0.087743 0.008529 1.908651
0.877164 0.011876 0.009463 0.004982 0.000292 0.087690 0.008532 1.909814
0.876971 0.012024 0.009491 0.005037 0.000294 0.087649 0.008535 1.910966
0.876815 0.012085 0.009540 0.005094 0.000299 0.087627 0.008540 1.912165
0.876628 0.012146 0.009689 0.005171 0.000293 0.087528 0.008545 1.913383
0.876462 0.012255 0.009746 0.005189 0.000296 0.087503 0.008549 1.914553
0.876286 0.012330 0.009831 0.005245 0.000296 0.087460 0.008553 1.915763
0.876082 0.012389 0.009943 0.005286 0.000300 0.087442 0.008557 1.916989
0.875885 0.012487 0.010000 0.005329 0.000302 0.087438 0.008559 1.918190
0.875669 0.012587 0.010107 0.005363 0.000311 0.087400 0.008563 1.919410
0.875443 0.012701 0.010195 0.005399 0.000317 0.087378 0.008567 1.920630
0.875209 0.012757 0.010257 0.005470 0.000317 0.087418 0.008572 1.921905
0.874983 0.012828 0.010315 0.005508 0.000322 0.087470 0.008575 1.923159
0.874710 0.012909 0.010395 0.005573 0.000331 0.087503 0.008579 1.924422
0.874462 0.012973 0.010448 0.005621 0.000332 0.087581 0.008583 1.925689
0.874253 0.013041 0.010511 0.005652 0.000335 0.087620 0.008588 1.926972
0.873980 0.013061 0.010615 0.005670 0.000337 0.087743 0.008593 1.928272
0.873709 0.013132 0.010668 0.005732 0.000339 0.087826 0.008595 1.929554
0.873442 0.013192 0.010766 0.005753 0.000337 0.087910 0.008600 1.930863
0.873267 0.013238 0.010839 0.005787 0.000337 0.087930 0.008604 1.932131
0.872969 0.013326 0.010905 0.005828 0.000344 0.088021 0.008606 1.933420
0.872599 0.013476 0.010917 0.005834 0.000350 0.088213 0.008611 1.934685
0.872341 0.013496 0.011010 0.005876 0.000355 0.088308 0.008615 1.936029
0.872055 0.013576 0.011063 0.005923 0.000354 0.088409 0.008619 1.937340
0.871735 0.013634 0.011127 0.005979 0.000353 0.088549 0.008623 1.938671
0.871499 0.013701 0.011189 0.006027 0.000355 0.088602 0.008627 1.939966
0.871198 0.013685 0.011350 0.006066 0.000353 0.088712 0.008634 1.941369
0.870894 0.013812 0.011366 0.006097 0.000362 0.088830 0.008639 1.942684
0.870614 0.013861 0.011457 0.006106 0.000359 0.088959 0.008644 1.944031
0.870306 0.013925 0.011551 0.006160 0.000359 0.089047 0.008652 1.945406
0.870013 0.013984 0.011589 0.006179 0.000357 0.089222 0.008657 1.946762
0.869699 0.014064 0.011592 0.006211 0.000358 0.089418 0.008660 1.948107
0.869419 0.014105 0.011614 0.006259 0.000363 0.089574 0.008665 1.949468
0.869106 0.014124 0.011756 0.006272 0.000365 0.089706 0.008672 1.950874
0.868800 0.014231 0.011817 0.006243 0.000370 0.089863 0.008676 1.952213
0.868461 0.014241 0.011880 0.006246 0.000375 0.090116 0.008681 1.953636
0.868136 0.014279 0.011972 0.006290 0.000379 0.090257 0.008686 1.955056
0.867700 0.014370 0.012036 0.006321 0.000383 0.090499 0.008692 1.956478
0.867334 0.014444 0.012112 0.006370 0.000390 0.090654 0.008696 1.957878
0.866998 0.014482 0.012187 0.006420 0.000389 0.090825 0.008700 1.959295
0.866637 0.014524 0.012283 0.006453 0.000391 0.091006 0.008706 1.960737
0.866240 0.014622 0.012326 0.006494 0.000390 0.091216 0.008713 1.962154
0.865863 0.014706 0.012389 0.006529 0.000395 0.091403 0.008716 1.963599
0.865488 0.014747 0.012484 0.006545 0.000401 0.091615 0.008721 1.965058
0.865101 0.014850 0.012542 0.006613 0.000404 0.091762 0.008728 1.966522
0.864766 0.014845 0.012629 0.006681 0.000406 0.091935 0.008736 1.968018
0.864433 0.014822 0.012691 0.006701 0.000404 0.092209 0.008742 1.969504
0.864011 0.014958 0.012734 0.006736 0.000403 0.092413 0.008747 1.970956
0.863700 0.014981 0.012780 0.006771 0.000401 0.092613 0.008755 1.972436
0.863298 0.015107 0.012833 0.006781 0.000401 0.092821 0.008760 1.973875
0.863012 0.015129 0.012855 0.006818 0.000398 0.093022 0.008766 1.975344
0.862599 0.015177 0.012899 0.006849 0.000400 0.093306 0.008771 1.976835
0.862259 0.015210 0.012923 0.006859 0.000399 0.093570 0.008781 1.978310
0.861896 0.015227 0.012966 0.006911 0.000399 0.093813 0.008789 1.979816
0.861466 0.015340 0.013028 0.006919 0.000403 0.094055 0.008790 1.981292
0.861127 0.015352 0.013031 0.006953 0.000409 0.094333 0.008796 1.982794
0.860758 0.015349 0.013063 0.006966 0.000411 0.094651 0.008802 1.984311
0.860388 0.015428 0.013173 0.006961 0.000416 0.094829 0.008806 1.985803
0.860066 0.015475 0.013215 0.006991 0.000424 0.095018 0.008810 1.987293
0.859710 0.015510 0.013293 0.006994 0.000426 0.095250 0.008817 1.988804
0.859383 0.015546 0.013305 0.007008 0.000428 0.095506 0.008823 1.990301
0.859055 0.015567 0.013321 0.006997 0.000425 0.095805 0.008830 1.991799
0.858760 0.015588 0.013368 0.007036 0.000417 0.095993 0.008839 1.993300
0.858428 0.015643 0.013429 0.007033 0.000414 0.096210 0.008843 1.994799
0.858066 0.015674 0.013467 0.007045 0.000412 0.096490 0.008848 1.996310
0.857704 0.015710 0.013514 0.007054 0.000416 0.096751 0.008852 1.997825
0.857364 0.015695 0.013556 0.007077 0.000409 0.097039 0.008861 1.999384
0.857012 0.015736 0.013607 0.007084 0.000414 0.097278 0.008868 2.000937
0.856678 0.015705 0.013607 0.007147 0.000427 0.097565 0.008872 2.002486
0.856346 0.015765 0.013625 0.007168 0.000430 0.097790 0.008878 2.004003
0.855992 0.015769 0.013712 0.007186 0.000439 0.098022 0.008880 2.005577
0.855666 0.015742 0.013829 0.007214 0.000435 0.098229 0.008886 2.007154
0.855348 0.015744 0.013832 0.007262 0.000440 0.098485 0.008890 2.008683
0.855030 0.015733 0.013874 0.007282 0.000444 0.098742 0.008897 2.010235
0.854666 0.015808 0.013861 0.007282 0.000445 0.099037 0.008902 2.011766
0.854323 0.015814 0.013911 0.007345 0.000453 0.099248 0.008907 2.013354
0.853993 0.015887 0.013906 0.007334 0.000449 0.099519 0.008913 2.014855
0.853626 0.015891 0.013953 0.007350 0.000450 0.099813 0.008917 2.016457
0.853309 0.015875 0.013965 0.007387 0.000445 0.100096 0.008924 2.018039
0.852979 0.015935 0.013919 0.007398 0.000455 0.100387 0.008927 2.019557
0.852693 0.015958 0.013946 0.007404 0.000456 0.100611 0.008932 2.021116
0.852381 0.016038 0.013965 0.007391 0.000449 0.100838 0.008939 2.022638
0.852057 0.016068 0.014001 0.007366 0.000453 0.101109 0.008945 2.024193
0.851763 0.016079 0.014062 0.007395 0.000454 0.101298 0.008950 2.025784
0.851451 0.016068 0.014136 0.007407 0.000460 0.101523 0.008955 2.027365
0.851092 0.016077 0.014173 0.007402 0.000460 0.101838 0.008960 2.028932
0.850748 0.016092 0.014235 0.007423 0.000457 0.102079 0.008967 2.030533
0.850469 0.016064 0.014296 0.007449 0.000458 0.102291 0.008974 2.032140
0.850130 0.016049 0.014318 0.007432 0.000458 0.102636 0.008978 2.033748
0.849853 0.016031 0.014366 0.007435 0.000459 0.102872 0.008984 2.035323
0.849536 0.016057 0.014409 0.007465 0.000461 0.103084 0.008988 2.036910
0.849207 0.016084 0.014425 0.007460 0.000462 0.103371 0.008992 2.038471
0.848912 0.016116 0.014416 0.007437 0.000465 0.103655 0.008999 2.040054
0.848624 0.016177 0.014362 0.007440 0.000466 0.103928 0.009005 2.041589
0.848369 0.016165 0.014350 0.007450 0.000470 0.104189 0.009009 2.043156
0.848140 0.016111 0.014343 0.007458 0.000469 0.104465 0.009016 2.044756
0.847909 0.016117 0.014335 0.007515 0.000470 0.104633 0.009020 2.046326
0.847633 0.016109 0.014325 0.007549 0.000473 0.104887 0.009025 2.047888
0.847394 0.016112 0.014288 0.007544 0.000470 0.105157 0.009036 2.049436
0.847194 0.016086 0.014280 0.007559 0.000471 0.105369 0.009042 2.050989
0.846976 0.016043 0.014321 0.007566 0.000467 0.105575 0.009051 2.052574
0.846666 0.016038 0.014392 0.007572 0.000468 0.105804 0.009059 2.054184
0.846464 0.015963 0.014458 0.007592 0.000466 0.105992 0.009067 2.055785
0.846318 0.015942 0.014423 0.007574 0.000470 0.106198 0.009075 2.057325
0.846124 0.015928 0.014420 0.007577 0.000467 0.106404 0.009080 2.058882
0.845911 0.015958 0.014369 0.007575 0.000467 0.106636 0.009085 2.060426
0.845719 0.015935 0.014415 0.007578 0.000464 0.106796 0.009094 2.062004
0.845487 0.015971 0.014399 0.007598 0.000467 0.106979 0.009100 2.063555
0.845276 0.015936 0.014381 0.007605 0.000467 0.107231 0.009106 2.065148
0.845063 0.015896 0.014375 0.007604 0.000464 0.107480 0.009118 2.066724
0.844925 0.015896 0.014362 0.007579 0.000466 0.107649 0.009124 2.068273
0.844757 0.015942 0.014300 0.007561 0.000466 0.107842 0.009132 2.069793
0.844607 0.015934 0.014255 0.007552 0.000472 0.108041 0.009138 2.071303
0.844355 0.015943 0.014202 0.007582 0.000479 0.108294 0.009145 2.072864
0.844123 0.015932 0.014158 0.007642 0.000480 0.108516 0.009149 2.074441
0.843931 0.015917 0.014169 0.007617 0.000484 0.108729 0.009153 2.076004
0.843820 0.015882 0.014223 0.007583 0.000485 0.108847 0.009161 2.077564
0.843648 0.015873 0.014216 0.007610 0.000493 0.108998 0.009163 2.079122
0.843534 0.015922 0.014236 0.007580 0.000500 0.109060 0.009169 2.080626
0.843382 0.015874 0.014229 0.007589 0.000500 0.109253 0.009174 2.082204
0.843215 0.015831 0.014211 0.007605 0.000499 0.109460 0.009179 2.083760
0.843028 0.015797 0.014287 0.007600 0.000497 0.109606 0.009185 2.085349
0.842902 0.015700 0.014338 0.007611 0.000496 0.109765 0.009189 2.086921
0.842793 0.015697 0.014302 0.007622 0.000497 0.109892 0.009198 2.088439
0.842565 0.015752 0.014255 0.007603 0.000495 0.110125 0.009205 2.089959
0.842402 0.015743 0.014205 0.007588 0.000502 0.110350 0.009211 2.091478
0.842193 0.015732 0.014232 0.007566 0.000499 0.110562 0.009217 2.093048
0.842055 0.015688 0.014221 0.007597 0.000500 0.110717 0.009222 2.094612
0.841952 0.015624 0.014252 0.007636 0.000491 0.110816 0.009230 2.096185
0.841836 0.015593 0.014221 0.007597 0.000493 0.111026 0.009235 2.097702
0.841741 0.015600 0.014157 0.007590 0.000497 0.111175 0.009241 2.099207
0.841646 0.015602 0.014114 0.007556 0.000488 0.111347 0.009247 2.100709
0.841525 0.015594 0.014107 0.007554 0.000486 0.111482 0.009254 2.102240
0.841472 0.015492 0.014138 0.007551 0.000497 0.111592 0.009259 2.103809
0.841349 0.015496 0.014096 0.007546 0.000499 0.111748 0.009266 2.105354
0.841311 0.015388 0.014127 0.007534 0.000506 0.111864 0.009269 2.106899
0.841209 0.015426 0.014056 0.007522 0.000507 0.112005 0.009276 2.108383
0.841087 0.015423 0.014031 0.007515 0.000510 0.112152 0.009282 2.109897
0.840972 0.015411 0.013982 0.007547 0.000511 0.112287 0.009291 2.111408
0.840873 0.015348 0.013976 0.007533 0.000518 0.112457 0.009295 2.112968
0.840859 0.015274 0.013968 0.007529 0.000517 0.112547 0.009305 2.114516
0.840774 0.015240 0.013960 0.007533 0.000511 0.112665 0.009317 2.116014
0.840714 0.015154 0.013986 0.007517 0.000509 0.112798 0.009323 2.117536
0.840694 0.015164 0.013944 0.007476 0.000511 0.112884 0.009327 2.118974
0.840670 0.015068 0.013920 0.007534 0.000506 0.112966 0.009337 2.120544
0.840590 0.015056 0.013893 0.007495 0.000512 0.113112 0.009343 2.122013
0.840547 0.015024 0.013872 0.007475 0.000513 0.113220 0.009349 2.123506
0.840586 0.015065 0.013790 0.007409 0.000511 0.113284 0.009354 2.124919
0.840586 0.015019 0.013756 0.007357 0.000517 0.113403 0.009361 2.126387
0.840583 0.015024 0.013705 0.007369 0.000511 0.113438 0.009370 2.127843
0.840546 0.015029 0.013698 0.007334 0.000511 0.113505 0.009376 2.129282
0.840565 0.015008 0.013633 0.007326 0.000508 0.113575 0.009384 2.130720
0.840581 0.014955 0.013646 0.007304 0.000510 0.113615 0.009389 2.132208
0.840611 0.014914 0.013601 0.007278 0.000509 0.113692 0.009395 2.133652
0.840620 0.014816 0.013620 0.007289 0.000506 0.113744 0.009403 2.135133
0.840632 0.014714 0.013638 0.007261 0.000499 0.113847 0.009410 2.136631
0.840599 0.014729 0.013572 0.007263 0.000504 0.113918 0.009417 2.138043
0.840631 0.014719 0.013546 0.007217 0.000499 0.113962 0.009425 2.139450
0.840626 0.014743 0.013491 0.007196 0.000499 0.114014 0.009430 2.140851
0.840619 0.014741 0.013452 0.007206 0.000499 0.114047 0.009436 2.142275
0.840588 0.014731 0.013425 0.007194 0.000504 0.114118 0.009441 2.143733
0.840573 0.014730 0.013425 0.007156 0.000510 0.114160 0.009447 2.145178
0.840533 0.014728 0.013395 0.007144 0.000506 0.114241 0.009454 2.146615
0.840521 0.014699 0.013392 0.007123 0.000504 0.114302 0.009459 2.148053
0.840573 0.014678 0.013336 0.007096 0.000498 0.114353 0.009465 2.149479
0.840665 0.014657 0.013267 0.007116 0.000494 0.114326 0.009474 2.150866
0.840720 0.014636 0.013203 0.007091 0.000482 0.114387 0.009482 2.152253
0.840691 0.014639 0.013192 0.007048 0.000478 0.114464 0.009489 2.153658
0.840712 0.014593 0.013213 0.007052 0.000485 0.114452 0.009495 2.155079
0.840706 0.014559 0.013228 0.007036 0.000479 0.114490 0.009502 2.156520
0.840710 0.014544 0.013184 0.007017 0.000482 0.114555 0.009508 2.157921
0.840779 0.014487 0.013195 0.006994 0.000488 0.114543 0.009513 2.159361
0.840781 0.014506 0.013153 0.006950 0.000491 0.114600 0.009518 2.160745
0.840881 0.014404 0.013152 0.006954 0.000482 0.114599 0.009527 2.162212
0.840943 0.014371 0.013180 0.006931 0.000485 0.114558 0.009532 2.163618
0.841043 0.014293 0.013219 0.006923 0.000486 0.114497 0.009538 2.165038
0.841107 0.014253 0.013252 0.006886 0.000481 0.114474 0.009547 2.166451
0.841192 0.014213 0.013195 0.006878 0.000486 0.114482 0.009553 2.167841
0.841223 0.014212 0.013182 0.006893 0.000488 0.114445 0.009557 2.169240
0.841239 0.014216 0.013171 0.006873 0.000485 0.114453 0.009563 2.170633
0.841312 0.014214 0.013149 0.006877 0.000486 0.114394 0.009568 2.172002
0.841357 0.014175 0.013137 0.006874 0.000489 0.114396 0.009573 2.173441
0.841348 0.014153 0.013132 0.006866 0.000486 0.114435 0.009580 2.174840
0.841421 0.014163 0.013086 0.006826 0.000488 0.114427 0.009589 2.176217
0.841489 0.014192 0.013025 0.006833 0.000490 0.114375 0.009595 2.177559
0.841546 0.014187 0.012963 0.006800 0.000491 0.114409 0.009603 2.178912
0.841593 0.014172 0.012972 0.006786 0.000491 0.114376 0.009609 2.180323
0.841618 0.014154 0.012956 0.006790 0.000495 0.114371 0.009616 2.181733
0.841674 0.014090 0.012959 0.006789 0.000487 0.114377 0.009623 2.183140
0.841741 0.014046 0.012932 0.006800 0.000489 0.114365 0.009628 2.184535
0.841739 0.014032 0.012935 0.006789 0.000494 0.114380 0.009631 2.185938
0.841852 0.013941 0.012947 0.006818 0.000496 0.114309 0.009637 2.187362
0.841920 0.013867 0.012880 0.006833 0.000495 0.114361 0.009644 2.188756
0.841992 0.013805 0.012854 0.006832 0.000494 0.114371 0.009652 2.190168
0.842073 0.013807 0.012862 0.006815 0.000489 0.114295 0.009660 2.191545
0.842154 0.013779 0.012841 0.006763 0.000489 0.114307 0.009667 2.192903
0.842220 0.013821 0.012778 0.006725 0.000489 0.114297 0.009671 2.194214
0.842388 0.013755 0.012739 0.006744 0.000481 0.114213 0.009679 2.195579
0.842482 0.013755 0.012695 0.006717 0.000480 0.114186 0.009685 2.196919
0.842622 0.013695 0.012683 0.006723 0.000481 0.114106 0.009690 2.198281
0.842721 0.013684 0.012619 0.006708 0.000479 0.114088 0.009701 2.199612
0.842792 0.013633 0.012626 0.006711 0.000481 0.114050 0.009706 2.200980
0.842944 0.013588 0.012568 0.006728 0.000471 0.113985 0.009715 2.202316
0.843108 0.013530 0.012572 0.006691 0.000470 0.113907 0.009721 2.203678
0.843216 0.013528 0.012560 0.006695 0.000467 0.113806 0.009726 2.205018
0.843267 0.013552 0.012530 0.006653 0.000466 0.113797 0.009734 2.206344
0.843383 0.013487 0.012525 0.006627 0.000465 0.113773 0.009740 2.207711
0.843460 0.013491 0.012486 0.006582 0.000468 0.113766 0.009747 2.209021
0.843612 0.013444 0.012477 0.006536 0.000473 0.113705 0.009752 2.210348
0.843766 0.013457 0.012404 0.006526 0.000472 0.113617 0.009759 2.211620
0.843935 0.013433 0.012368 0.006496 0.000469 0.113531 0.009767 2.212926
0.844051 0.013516 0.012296 0.006469 0.000460 0.113431 0.009776 2.214186
0.844147 0.013496 0.012240 0.006493 0.000461 0.113381 0.009782 2.215499
0.844277 0.013485 0.012217 0.006489 0.000467 0.113277 0.009787 2.216847
0.844410 0.013452 0.012214 0.006487 0.000473 0.113169 0.009793 2.218175
0.844537 0.013401 0.012226 0.006500 0.000469 0.113068 0.009799 2.219519
0.844607 0.013391 0.012248 0.006489 0.000463 0.112996 0.009805 2.220854
0.844722 0.013364 0.012234 0.006494 0.000460 0.112916 0.009811 2.222170
0.844853 0.013365 0.012220 0.006466 0.000456 0.112826 0.009815 2.223464
0.845051 0.013318 0.012188 0.006456 0.000451 0.112712 0.009824 2.224749
0.845179 0.013213 0.012196 0.006475 0.000450 0.112657 0.009830 2.226093
0.845296 0.013169 0.012233 0.006448 0.000450 0.112571 0.009835 2.227425
0.845417 0.013154 0.012183 0.006415 0.000446 0.112543 0.009842 2.228698
0.845567 0.013139 0.012136 0.006374 0.000446 0.112490 0.009848 2.229955
0.845666 0.013194 0.012133 0.006344 0.000452 0.112357 0.009855 2.231242
0.845761 0.013206 0.012108 0.006359 0.000446 0.112258 0.009862 2.232507
0.845866 0.013218 0.012078 0.006343 0.000446 0.112179 0.009869 2.233765
0.845992 0.013140 0.012119 0.006348 0.000443 0.112085 0.009874 2.235107
0.846141 0.013094 0.012099 0.006339 0.000440 0.112006 0.009881 2.236426
0.846376 0.013032 0.012073 0.006314 0.000446 0.111875 0.009885 2.237693
0.846459 0.013073 0.012045 0.006310 0.000436 0.111785 0.009891 2.238950
0.846582 0.013036 0.012045 0.006301 0.000437 0.111701 0.009898 2.240238
0.846745 0.013032 0.012013 0.006310 0.000437 0.111563 0.009900 2.241501
0.846863 0.012995 0.011997 0.006333 0.000443 0.111466 0.009903 2.242806
0.846993 0.012956 0.011990 0.006338 0.000435 0.111377 0.009910 2.244114
0.847143 0.012922 0.011969 0.006328 0.000440 0.111285 0.009913 2.245393
0.847249 0.012940 0.011958 0.006286 0.000438 0.111210 0.009920 2.246662
0.847413 0.012902 0.011916 0.006270 0.000436 0.111138 0.009925 2.247916
0.847552 0.012925 0.011896 0.006220 0.000440 0.111037 0.009931 2.249139
0.847603 0.012972 0.011865 0.006212 0.000447 0.110967 0.009935 2.250416
0.847735 0.012915 0.011864 0.006181 0.000449 0.110918 0.009937 2.251714
0.847812 0.012891 0.011845 0.006133 0.000450 0.110927 0.009941 2.252984
0.847952 0.012875 0.011816 0.006134 0.000452 0.110825 0.009947 2.254236
0.848087 0.012889 0.011791 0.006135 0.000446 0.110698 0.009954 2.255462
0.848247 0.012885 0.011798 0.006109 0.000441 0.110557 0.009962 2.256724
0.848301 0.012865 0.011812 0.006113 0.000438 0.110501 0.009970 2.258024
0.848433 0.012858 0.011796 0.006112 0.000438 0.110387 0.009975 2.259275
0.848596 0.012857 0.011773 0.006095 0.000439 0.110261 0.009979 2.260502
0.848655 0.012879 0.011723 0.006055 0.000438 0.110267 0.009985 2.261744
0.848736 0.012944 0.011683 0.006059 0.000434 0.110154 0.009991 2.262977
0.848883 0.012968 0.011648 0.006063 0.000435 0.110005 0.009998 2.264230
0.849000 0.013026 0.011633 0.006051 0.000433 0.109854 0.010002 2.265458
0.849199 0.012971 0.011635 0.006078 0.000443 0.109668 0.010007 2.266732
0.849208 0.012998 0.011694 0.006107 0.000439 0.109544 0.010010 2.268040
0.849348 0.012969 0.011685 0.006112 0.000440 0.109432 0.010014 2.269332
0.849360 0.013030 0.011684 0.006076 0.000439 0.109392 0.010019 2.270580
0.849435 0.013012 0.011742 0.006100 0.000435 0.109251 0.010024 2.271891
0.849614 0.013001 0.011753 0.006102 0.000434 0.109066 0.010031 2.273156
0.849670 0.013020 0.011747 0.006100 0.000443 0.108985 0.010033 2.274431
0.849793 0.013036 0.011761 0.006070 0.000442 0.108856 0.010042 2.275693
0.849869 0.013011 0.011775 0.006096 0.000438 0.108765 0.010047 2.276993
0.849956 0.013022 0.011795 0.006084 0.000436 0.108652 0.010055 2.278280
0.850024 0.013012 0.011791 0.006083 0.000433 0.108594 0.010062 2.279560
0.850094 0.013049 0.011790 0.006091 0.000436 0.108471 0.010068 2.280807
0.850190 0.013100 0.011772 0.006070 0.000428 0.108368 0.010072 2.282057
0.850264 0.013091 0.011754 0.006086 0.000419 0.108306 0.010080 2.283333
0.850307 0.013145 0.011729 0.006097 0.000420 0.108217 0.010086 2.284603
0.850352 0.013183 0.011684 0.006110 0.000424 0.108156 0.010090 2.285867
0.850486 0.013129 0.011752 0.006077 0.000431 0.108029 0.010096 2.287179
0.850496 0.013134 0.011734 0.006116 0.000436 0.107982 0.010102 2.288506
0.850582 0.013122 0.011746 0.006107 0.000441 0.107892 0.010108 2.289785
0.850692 0.013136 0.011767 0.006058 0.000447 0.107789 0.010112 2.291055
0.850724 0.013143 0.011750 0.006096 0.000440 0.107728 0.010118 2.292378
0.850760 0.013102 0.011766 0.006119 0.000441 0.107689 0.010123 2.293699
0.850863 0.013080 0.011791 0.006134 0.000439 0.107561 0.010133 2.294987
0.850932 0.013090 0.011763 0.006123 0.000437 0.107515 0.010141 2.296260
0.850994 0.013127 0.011752 0.006125 0.000437 0.107422 0.010144 2.297529
0.851091 0.013116 0.011762 0.006172 0.000442 0.107269 0.010148 2.298803
0.851091 0.013130 0.011776 0.006186 0.000446 0.107220 0.010151 2.300113
0.851113 0.013172 0.011723 0.006181 0.000435 0.107219 0.010158 2.301375
0.851170 0.013137 0.011725 0.006176 0.000431 0.107194 0.010167 2.302684
0.851232 0.013123 0.011728 0.006221 0.000426 0.107099 0.010171 2.303993
0.851281 0.013121 0.011718 0.006268 0.000420 0.107016 0.010177 2.305297
0.851323 0.013122 0.011709 0.006249 0.000424 0.106994 0.010179 2.306595
0.851368 0.013161 0.011721 0.006264 0.000423 0.106878 0.010184 2.307846
0.851388 0.013153 0.011779 0.006238 0.000437 0.106819 0.010187 2.309155
0.851450 0.013214 0.011786 0.006224 0.000437 0.106697 0.010193 2.310391
0.851508 0.013200 0.011785 0.006258 0.000437 0.106613 0.010200 2.311693
0.851554 0.013197 0.011785 0.006290 0.000433 0.106534 0.010207 2.312973
0.851591 0.013186 0.011768 0.006294 0.000435 0.106516 0.010211 2.314264
0.851642 0.013174 0.011768 0.006294 0.000434 0.106470 0.010218 2.315563
0.851677 0.013217 0.011717 0.006273 0.000441 0.106451 0.010223 2.316828
0.851751 0.013141 0.011754 0.006319 0.000439 0.106369 0.010227 2.318170
0.851839 0.013117 0.011762 0.006319 0.000439 0.106291 0.010233 2.319453
0.851781 0.013140 0.011763 0.006317 0.000449 0.106312 0.010238 2.320747
0.851829 0.013113 0.011776 0.006323 0.000445 0.106271 0.010243 2.322054
0.851891 0.013096 0.011725 0.006314 0.000442 0.106283 0.010249 2.323325
0.851988 0.013099 0.011745 0.006287 0.000441 0.106184 0.010256 2.324584
0.852012 0.013122 0.011765 0.006238 0.000446 0.106159 0.010260 2.325841
0.852058 0.013137 0.011799 0.006214 0.000445 0.106082 0.010265 2.327145
0.852079 0.013191 0.011788 0.006196 0.000450 0.106026 0.010269 2.328403
0.852104 0.013248 0.011729 0.006187 0.000451 0.106004 0.010276 2.329680
0.852085 0.013253 0.011711 0.006210 0.000447 0.106010 0.010283 2.330968
0.852141 0.013242 0.011699 0.006207 0.000442 0.105978 0.010291 2.332273
0.852181 0.013186 0.011771 0.006191 0.000438 0.105933 0.010299 2.333611
0.852202 0.013157 0.011767 0.006183 0.000441 0.105946 0.010304 2.334888
0.852177 0.013193 0.011793 0.006169 0.000437 0.105922 0.010308 2.336203
0.852231 0.013193 0.011790 0.006165 0.000435 0.105874 0.010311 2.337500
0.852304 0.013174 0.011778 0.006183 0.000434 0.105808 0.010319 2.338808
0.852322 0.013213 0.011768 0.006150 0.000435 0.105783 0.010328 2.340071
