0.342352 0.062896 0.056236 0.032521 0.002214 0.497617 0.006164 1.632779
0.344917 0.060490 0.056156 0.032257 0.002206 0.497776 0.006198 1.638819
0.348339 0.057566 0.055943 0.031933 0.002231 0.497762 0.006225 1.644607
0.352324 0.054423 0.055502 0.031491 0.002236 0.497774 0.006251 1.650045
0.356643 0.051240 0.054941 0.031003 0.002235 0.497665 0.006273 1.655194
0.361077 0.048147 0.054318 0.030457 0.002235 0.497465 0.006301 1.660045
0.365793 0.045155 0.053462 0.029858 0.002252 0.497156 0.006324 1.664583
0.370558 0.042261 0.052570 0.029189 0.002236 0.496826 0.006360 1.668883
0.375441 0.039481 0.051531 0.028469 0.002218 0.496467 0.006393 1.672968
0.380483 0.036931 0.050374 0.027731 0.002204 0.495852 0.006423 1.676710
0.385595 0.034501 0.049201 0.026975 0.002181 0.495096 0.006452 1.680249
0.390757 0.032244 0.047845 0.026148 0.002165 0.494355 0.006486 1.683511
0.395876 0.030212 0.046511 0.025321 0.002148 0.493418 0.006514 1.686540
0.401173 0.028209 0.045158 0.024497 0.002135 0.492285 0.006543 1.689477
0.406416 0.026337 0.043839 0.023663 0.002122 0.491054 0.006569 1.692219
0.411680 0.024655 0.042457 0.022794 0.002093 0.489726 0.006594 1.694713
0.417068 0.023087 0.041033 0.021968 0.002080 0.488141 0.006624 1.697039
0.422373 0.021602 0.039608 0.021165 0.002059 0.486546 0.006648 1.699237
0.427758 0.020267 0.038143 0.020362 0.002042 0.484753 0.006675 1.701270
0.433164 0.018983 0.036771 0.019593 0.002018 0.482769 0.006702 1.703203
0.438611 0.017772 0.035391 0.018858 0.001986 0.480652 0.006731 1.705035
0.443996 0.016739 0.034021 0.018075 0.001964 0.478449 0.006756 1.706701
0.449450 0.015734 0.032664 0.017333 0.001931 0.476107 0.006780 1.708277
0.454830 0.014752 0.031369 0.016596 0.001896 0.473750 0.006809 1.709794
0.460152 0.013886 0.030117 0.015905 0.001870 0.471239 0.006832 1.711206
0.465448 0.013047 0.028945 0.015229 0.001832 0.468640 0.006858 1.712552
0.470884 0.012275 0.027786 0.014584 0.001811 0.465776 0.006885 1.713825
0.476203 0.011627 0.026642 0.013959 0.001773 0.462886 0.006909 1.714969
0.481498 0.010958 0.025579 0.013374 0.001739 0.459924 0.006928 1.716089
0.486900 0.010342 0.024461 0.012796 0.001703 0.456846 0.006951 1.717111
0.492175 0.009760 0.023459 0.012188 0.001668 0.453776 0.006974 1.718104
0.497404 0.009222 0.022441 0.011639 0.001632 0.450664 0.006998 1.719048
0.502683 0.008701 0.021430 0.011085 0.001620 0.447465 0.007017 1.719929
0.507910 0.008214 0.020486 0.010582 0.001592 0.444184 0.007031 1.720789
0.512988 0.007781 0.019600 0.010094 0.001551 0.440935 0.007052 1.721576
0.518189 0.007350 0.018771 0.009638 0.001515 0.437463 0.007074 1.722322
0.523343 0.006993 0.017930 0.009160 0.001483 0.433996 0.007095 1.722996
0.528446 0.006633 0.017156 0.008730 0.001430 0.430487 0.007118 1.723683
0.533501 0.006270 0.016385 0.008355 0.001397 0.426957 0.007135 1.724330
0.538493 0.005994 0.015660 0.007944 0.001368 0.423389 0.007152 1.724911
0.543432 0.005697 0.014984 0.007574 0.001336 0.419806 0.007171 1.725491
0.548431 0.005426 0.014308 0.007236 0.001302 0.416111 0.007186 1.726032
0.553304 0.005190 0.013679 0.006889 0.001272 0.412465 0.007202 1.726535
0.558251 0.004943 0.013078 0.006536 0.001235 0.408734 0.007224 1.727029
0.563075 0.004728 0.012473 0.006249 0.001196 0.405034 0.007245 1.727474
0.567971 0.004533 0.011896 0.005960 0.001175 0.401206 0.007260 1.727906
0.572683 0.004312 0.011383 0.005685 0.001142 0.397519 0.007277 1.728344
0.577390 0.004123 0.010868 0.005431 0.001109 0.393787 0.007292 1.728756
0.582198 0.003943 0.010353 0.005166 0.001082 0.389950 0.007309 1.729148
0.586826 0.003792 0.009897 0.004937 0.001054 0.386171 0.007323 1.729528
0.591443 0.003617 0.009475 0.004730 0.001025 0.382372 0.007339 1.729893
0.595964 0.003470 0.009036 0.004529 0.000992 0.378656 0.007355 1.730235
0.600565 0.003350 0.008616 0.004312 0.000970 0.374819 0.007369 1.730548
0.605085 0.003223 0.008260 0.004130 0.000946 0.370976 0.007381 1.730861
0.609493 0.003124 0.007903 0.003940 0.000916 0.367231 0.007394 1.731163
0.613874 0.003001 0.007588 0.003782 0.000881 0.363463 0.007411 1.731480
0.618203 0.002891 0.007241 0.003588 0.000857 0.359794 0.007427 1.731755
0.622517 0.002802 0.006921 0.003406 0.000836 0.356081 0.007437 1.732021
0.626790 0.002691 0.006623 0.003251 0.000809 0.352386 0.007451 1.732295
0.631140 0.002593 0.006326 0.003102 0.000789 0.348591 0.007461 1.732542
0.635387 0.002480 0.006037 0.002966 0.000764 0.344894 0.007472 1.732800
0.639483 0.002407 0.005786 0.002833 0.000746 0.341262 0.007483 1.733028
0.643587 0.002339 0.005516 0.002706 0.000719 0.337638 0.007496 1.733246
0.647693 0.002270 0.005265 0.002586 0.000693 0.333984 0.007510 1.733456
0.651742 0.002181 0.005055 0.002492 0.000672 0.330340 0.007519 1.733697
0.655766 0.002093 0.004867 0.002394 0.000655 0.326695 0.007531 1.733913
0.659659 0.002021 0.004657 0.002291 0.000634 0.323196 0.007544 1.734114
0.663534 0.001960 0.004435 0.002196 0.000612 0.319710 0.007553 1.734294
0.667415 0.001889 0.004247 0.002086 0.000592 0.316212 0.007560 1.734471
0.671274 0.001821 0.004060 0.001999 0.000573 0.312707 0.007567 1.734653
0.675113 0.001757 0.003886 0.001923 0.000556 0.309191 0.007574 1.734825
0.678885 0.001707 0.003714 0.001847 0.000539 0.305726 0.007583 1.734985
0.682583 0.001670 0.003566 0.001760 0.000529 0.302304 0.007589 1.735135
0.686234 0.001613 0.003429 0.001681 0.000512 0.298939 0.007593 1.735298
0.689977 0.001543 0.003310 0.001610 0.000491 0.295469 0.007602 1.735461
0.693553 0.001497 0.003177 0.001531 0.000477 0.292158 0.007608 1.735602
0.697073 0.001468 0.003048 0.001462 0.000462 0.288875 0.007613 1.735735
0.700631 0.001425 0.002919 0.001405 0.000441 0.285559 0.007622 1.735871
0.704080 0.001364 0.002810 0.001355 0.000434 0.282332 0.007626 1.736010
0.707498 0.001321 0.002709 0.001302 0.000421 0.279116 0.007633 1.736143
0.710908 0.001262 0.002620 0.001257 0.000414 0.275902 0.007637 1.736283
0.714239 0.001218 0.002541 0.001210 0.000403 0.272748 0.007643 1.736414
0.717444 0.001185 0.002433 0.001159 0.000390 0.269740 0.007650 1.736524
0.720763 0.001161 0.002341 0.001102 0.000373 0.266603 0.007658 1.736624
0.724030 0.001135 0.002246 0.001057 0.000360 0.263509 0.007664 1.736727
0.727273 0.001105 0.002179 0.001018 0.000352 0.260406 0.007668 1.736835
0.730436 0.001064 0.002088 0.000991 0.000344 0.257406 0.007672 1.736945
0.733538 0.001033 0.002018 0.000953 0.000336 0.254446 0.007677 1.737051
0.736650 0.000997 0.001939 0.000920 0.000319 0.251495 0.007681 1.737152
0.739754 0.000962 0.001871 0.000884 0.000317 0.248530 0.007683 1.737251
0.742773 0.000935 0.001801 0.000851 0.000305 0.245650 0.007688 1.737348
0.745768 0.000927 0.001726 0.000826 0.000293 0.242769 0.007692 1.737434
0.748733 0.000888 0.001688 0.000794 0.000286 0.239916 0.007697 1.737533
0.751623 0.000868 0.001631 0.000763 0.000279 0.237138 0.007700 1.737616
0.754524 0.000849 0.001564 0.000737 0.000271 0.234352 0.007703 1.737694
0.757408 0.000828 0.001508 0.000712 0.000266 0.231575 0.007706 1.737777
0.760184 0.000803 0.001457 0.000688 0.000256 0.228903 0.007710 1.737853
0.762972 0.000784 0.001405 0.000663 0.000250 0.226214 0.007713 1.737927
0.765755 0.000758 0.001359 0.000639 0.000243 0.223531 0.007717 1.738004
0.768506 0.000731 0.001315 0.000626 0.000233 0.220869 0.007722 1.738082
0.771120 0.000700 0.001279 0.000610 0.000229 0.218339 0.007725 1.738166
0.773759 0.000677 0.001244 0.000586 0.000226 0.215783 0.007726 1.738238
0.776360 0.000665 0.001199 0.000562 0.000216 0.213268 0.007732 1.738303
0.778991 0.000644 0.001163 0.000544 0.000208 0.210717 0.007735 1.738366
0.781597 0.000632 0.001127 0.000519 0.000201 0.208188 0.007738 1.738429
0.784176 0.000611 0.001088 0.000503 0.000192 0.205691 0.007739 1.738484
0.786719 0.000600 0.001051 0.000486 0.000189 0.203212 0.007743 1.738545
0.789210 0.000575 0.001021 0.000466 0.000187 0.200797 0.007744 1.738613
0.791723 0.000569 0.000976 0.000449 0.000178 0.198359 0.007747 1.738664
0.794120 0.000558 0.000935 0.000429 0.000172 0.196036 0.007751 1.738712
0.796558 0.000545 0.000898 0.000419 0.000168 0.193659 0.007753 1.738764
0.798910 0.000542 0.000877 0.000395 0.000158 0.191360 0.007759 1.738813
0.801243 0.000528 0.000850 0.000386 0.000153 0.189077 0.007762 1.738860
0.803597 0.000520 0.000827 0.000368 0.000148 0.186775 0.007765 1.738906
0.805900 0.000517 0.000809 0.000358 0.000145 0.184506 0.007767 1.738952
0.808134 0.000516 0.000784 0.000350 0.000140 0.182307 0.007771 1.739002
0.810329 0.000499 0.000770 0.000336 0.000135 0.180158 0.007773 1.739053
0.812604 0.000494 0.000752 0.000336 0.000130 0.177912 0.007773 1.739100
0.814738 0.000472 0.000735 0.000331 0.000123 0.175828 0.007774 1.739155
0.816830 0.000458 0.000713 0.000323 0.000120 0.173781 0.007776 1.739200
0.818969 0.000441 0.000698 0.000321 0.000116 0.171679 0.007777 1.739249
0.821060 0.000430 0.000681 0.000314 0.000110 0.169626 0.007779 1.739291
0.823125 0.000408 0.000661 0.000302 0.000107 0.167618 0.007780 1.739335
0.825183 0.000389 0.000643 0.000299 0.000105 0.165603 0.007780 1.739381
0.827242 0.000381 0.000631 0.000287 0.000101 0.163577 0.007782 1.739420
0.829263 0.000374 0.000617 0.000281 0.000097 0.161587 0.007783 1.739457
0.831269 0.000366 0.000585 0.000269 0.000091 0.159636 0.007785 1.739492
0.833227 0.000362 0.000570 0.000256 0.000089 0.157712 0.007785 1.739525
0.835152 0.000350 0.000551 0.000251 0.000087 0.155823 0.007786 1.739563
0.837054 0.000340 0.000538 0.000253 0.000085 0.153943 0.007788 1.739597
0.838928 0.000337 0.000524 0.000239 0.000083 0.152100 0.007789 1.739629
0.840761 0.000339 0.000510 0.000233 0.000081 0.150287 0.007790 1.739659
0.842602 0.000327 0.000490 0.000225 0.000078 0.148487 0.007791 1.739690
0.844407 0.000325 0.000482 0.000218 0.000074 0.146701 0.007793 1.739723
0.846173 0.000320 0.000459 0.000210 0.000073 0.144970 0.007796 1.739749
0.847958 0.000307 0.000447 0.000207 0.000070 0.143213 0.007798 1.739783
0.849674 0.000302 0.000432 0.000196 0.000067 0.141530 0.007800 1.739812
0.851381 0.000292 0.000422 0.000195 0.000065 0.139844 0.007802 1.739841
0.853067 0.000287 0.000413 0.000194 0.000061 0.138176 0.007803 1.739871
0.854723 0.000279 0.000404 0.000187 0.000058 0.136544 0.007804 1.739898
0.856343 0.000276 0.000389 0.000181 0.000055 0.134953 0.007805 1.739925
0.858026 0.000266 0.000382 0.000180 0.000053 0.133289 0.007805 1.739954
0.859588 0.000265 0.000370 0.000175 0.000053 0.131743 0.007805 1.739973
0.861148 0.000258 0.000361 0.000173 0.000052 0.130203 0.007806 1.739999
0.862667 0.000248 0.000354 0.000175 0.000052 0.128700 0.007806 1.740028
0.864125 0.000244 0.000347 0.000168 0.000050 0.127259 0.007807 1.740049
0.865583 0.000237 0.000342 0.000163 0.000049 0.125819 0.007808 1.740073
0.867089 0.000224 0.000342 0.000163 0.000048 0.124327 0.007808 1.740099
0.868517 0.000217 0.000330 0.000160 0.000047 0.122920 0.007809 1.740120
0.869930 0.000212 0.000322 0.000157 0.000045 0.121526 0.007809 1.740139
0.871290 0.000211 0.000319 0.000150 0.000043 0.120177 0.007811 1.740158
0.872623 0.000207 0.000313 0.000141 0.000040 0.118864 0.007812 1.740176
0.873970 0.000201 0.000304 0.000144 0.000039 0.117530 0.007813 1.740197
0.875337 0.000193 0.000302 0.000142 0.000037 0.116176 0.007813 1.740217
0.876596 0.000188 0.000295 0.000138 0.000036 0.114935 0.007813 1.740238
0.877907 0.000183 0.000284 0.000131 0.000036 0.113647 0.007814 1.740255
0.879156 0.000183 0.000272 0.000126 0.000033 0.112415 0.007816 1.740272
0.880381 0.000184 0.000265 0.000119 0.000032 0.111203 0.007816 1.740287
0.881564 0.000179 0.000255 0.000116 0.000031 0.110038 0.007817 1.740304
0.882697 0.000187 0.000244 0.000110 0.000030 0.108915 0.007818 1.740317
0.883800 0.000179 0.000237 0.000111 0.000029 0.107825 0.007818 1.740340
0.884913 0.000177 0.000238 0.000109 0.000029 0.106716 0.007819 1.740359
0.886004 0.000179 0.000242 0.000106 0.000029 0.105621 0.007819 1.740375
0.887063 0.000181 0.000231 0.000106 0.000029 0.104571 0.007819 1.740391
0.888116 0.000181 0.000228 0.000103 0.000028 0.103525 0.007820 1.740406
0.889125 0.000179 0.000218 0.000103 0.000027 0.102529 0.007820 1.740423
0.890134 0.000177 0.000210 0.000097 0.000027 0.101535 0.007820 1.740438
0.891138 0.000170 0.000214 0.000096 0.000027 0.100535 0.007820 1.740459
0.892095 0.000174 0.000213 0.000092 0.000026 0.099580 0.007821 1.740475
0.893043 0.000169 0.000216 0.000092 0.000024 0.098634 0.007822 1.740494
0.893958 0.000169 0.000212 0.000090 0.000025 0.097725 0.007822 1.740510
0.894814 0.000168 0.000214 0.000088 0.000024 0.096872 0.007822 1.740529
0.895703 0.000162 0.000208 0.000085 0.000024 0.095997 0.007822 1.740546
0.896549 0.000155 0.000205 0.000085 0.000023 0.095161 0.007823 1.740564
0.897395 0.000162 0.000203 0.000081 0.000021 0.094316 0.007823 1.740577
0.898203 0.000157 0.000197 0.000079 0.000021 0.093519 0.007823 1.740590
0.898940 0.000160 0.000193 0.000078 0.000020 0.092787 0.007823 1.740604
0.899675 0.000148 0.000201 0.000080 0.000020 0.092053 0.007823 1.740625
0.900367 0.000153 0.000190 0.000076 0.000019 0.091372 0.007823 1.740635
0.901042 0.000150 0.000189 0.000073 0.000018 0.090704 0.007823 1.740651
0.901720 0.000150 0.000186 0.000071 0.000019 0.090031 0.007823 1.740666
0.902389 0.000151 0.000184 0.000071 0.000019 0.089363 0.007824 1.740677
0.903060 0.000150 0.000174 0.000071 0.000019 0.088702 0.007824 1.740689
0.903700 0.000147 0.000173 0.000073 0.000018 0.088066 0.007824 1.740705
0.904315 0.000144 0.000171 0.000070 0.000018 0.087457 0.007824 1.740720
0.904937 0.000136 0.000166 0.000074 0.000017 0.086845 0.007825 1.740738
0.905542 0.000136 0.000164 0.000073 0.000016 0.086244 0.007826 1.740753
0.906115 0.000136 0.000160 0.000074 0.000014 0.085674 0.007826 1.740766
0.906675 0.000135 0.000159 0.000074 0.000015 0.085116 0.007826 1.740781
0.907248 0.000131 0.000157 0.000074 0.000015 0.084548 0.007826 1.740794
0.907789 0.000123 0.000160 0.000075 0.000014 0.084013 0.007826 1.740811
0.908317 0.000118 0.000153 0.000077 0.000014 0.083493 0.007827 1.740826
0.908860 0.000119 0.000148 0.000077 0.000014 0.082955 0.007827 1.740836
0.909348 0.000116 0.000147 0.000071 0.000014 0.082477 0.007827 1.740848
0.909843 0.000115 0.000144 0.000068 0.000013 0.081990 0.007827 1.740859
0.910330 0.000117 0.000139 0.000067 0.000014 0.081505 0.007827 1.740866
0.910794 0.000115 0.000139 0.000067 0.000012 0.081045 0.007828 1.740880
0.911238 0.000114 0.000135 0.000067 0.000013 0.080605 0.007828 1.740894
0.911665 0.000109 0.000132 0.000066 0.000012 0.080188 0.007828 1.740909
0.912107 0.000105 0.000126 0.000064 0.000012 0.079759 0.007828 1.740920
0.912502 0.000099 0.000128 0.000062 0.000012 0.079369 0.007828 1.740932
0.912900 0.000099 0.000124 0.000060 0.000011 0.078979 0.007828 1.740940
0.913258 0.000098 0.000119 0.000056 0.000010 0.078630 0.007829 1.740949
0.913602 0.000097 0.000116 0.000057 0.000010 0.078290 0.007829 1.740961
0.913957 0.000092 0.000116 0.000057 0.000010 0.077938 0.007829 1.740973
0.914317 0.000091 0.000108 0.000057 0.000010 0.077589 0.007829 1.740980
0.914629 0.000088 0.000102 0.000058 0.000009 0.077284 0.007829 1.740988
0.914952 0.000083 0.000099 0.000059 0.000009 0.076968 0.007830 1.740995
0.915267 0.000078 0.000102 0.000057 0.000009 0.076657 0.007830 1.741005
0.915598 0.000075 0.000101 0.000055 0.000009 0.076333 0.007830 1.741013
0.915920 0.000081 0.000097 0.000050 0.000008 0.076013 0.007830 1.741017
0.916214 0.000083 0.000095 0.000047 0.000008 0.075724 0.007831 1.741022
0.916511 0.000085 0.000092 0.000046 0.000008 0.075427 0.007831 1.741026
0.916811 0.000083 0.000092 0.000045 0.000008 0.075131 0.007831 1.741033
0.917072 0.000080 0.000091 0.000044 0.000008 0.074875 0.007831 1.741042
0.917348 0.000082 0.000090 0.000041 0.000008 0.074601 0.007831 1.741046
0.917609 0.000076 0.000092 0.000042 0.000007 0.074343 0.007831 1.741058
0.917874 0.000073 0.000095 0.000041 0.000006 0.074079 0.007831 1.741067
0.918106 0.000069 0.000094 0.000038 0.000006 0.073855 0.007832 1.741077
0.918332 0.000067 0.000092 0.000038 0.000006 0.073633 0.007832 1.741085
0.918555 0.000068 0.000089 0.000036 0.000006 0.073413 0.007832 1.741089
0.918780 0.000070 0.000086 0.000038 0.000006 0.073188 0.007833 1.741094
0.918991 0.000067 0.000085 0.000037 0.000005 0.072981 0.007833 1.741102
0.919203 0.000066 0.000084 0.000035 0.000005 0.072775 0.007833 1.741108
0.919402 0.000068 0.000080 0.000034 0.000005 0.072579 0.007833 1.741111
0.919609 0.000067 0.000078 0.000034 0.000005 0.072375 0.007833 1.741119
0.919800 0.000064 0.000073 0.000033 0.000005 0.072191 0.007833 1.741124
0.920012 0.000063 0.000068 0.000033 0.000005 0.071986 0.007833 1.741129
0.920221 0.000059 0.000068 0.000034 0.000005 0.071780 0.007833 1.741136
0.920423 0.000058 0.000066 0.000033 0.000005 0.071583 0.007833 1.741141
0.920585 0.000053 0.000066 0.000034 0.000004 0.071426 0.007833 1.741149
0.920759 0.000052 0.000066 0.000033 0.000004 0.071253 0.007833 1.741155
0.920930 0.000050 0.000066 0.000032 0.000004 0.071084 0.007833 1.741160
0.921111 0.000047 0.000068 0.000032 0.000003 0.070905 0.007833 1.741165
0.921278 0.000047 0.000065 0.000032 0.000003 0.070742 0.007833 1.741169
0.921436 0.000046 0.000063 0.000030 0.000003 0.070588 0.007833 1.741175
0.921589 0.000044 0.000061 0.000030 0.000003 0.070440 0.007833 1.741181
0.921730 0.000045 0.000058 0.000029 0.000004 0.070301 0.007833 1.741184
0.921872 0.000044 0.000054 0.000028 0.000004 0.070164 0.007833 1.741189
0.922015 0.000043 0.000055 0.000028 0.000003 0.070024 0.007833 1.741195
0.922130 0.000044 0.000051 0.000026 0.000003 0.069913 0.007833 1.741197
0.922237 0.000045 0.000046 0.000024 0.000003 0.069813 0.007833 1.741200
0.922353 0.000043 0.000046 0.000025 0.000003 0.069698 0.007833 1.741204
0.922462 0.000040 0.000046 0.000024 0.000003 0.069592 0.007833 1.741209
0.922563 0.000039 0.000046 0.000025 0.000003 0.069492 0.007833 1.741212
0.922657 0.000039 0.000046 0.000023 0.000003 0.069400 0.007833 1.741216
0.922741 0.000040 0.000044 0.000022 0.000003 0.069319 0.007833 1.741219
0.922826 0.000035 0.000044 0.000019 0.000002 0.069241 0.007834 1.741225
0.922904 0.000032 0.000044 0.000020 0.000002 0.069165 0.007834 1.741229
0.922977 0.000030 0.000041 0.000019 0.000002 0.069096 0.007834 1.741233
0.923054 0.000028 0.000041 0.000019 0.000002 0.069023 0.007834 1.741239
0.923123 0.000027 0.000038 0.000019 0.000002 0.068957 0.007834 1.741240
0.923195 0.000027 0.000037 0.000019 0.000002 0.068886 0.007834 1.741244
0.923270 0.000025 0.000039 0.000020 0.000002 0.068811 0.007834 1.741249
0.923331 0.000023 0.000038 0.000021 0.000002 0.068753 0.007834 1.741253
0.923392 0.000024 0.000035 0.000019 0.000002 0.068695 0.007834 1.741255
0.923462 0.000024 0.000034 0.000019 0.000002 0.068627 0.007834 1.741258
0.923522 0.000024 0.000034 0.000019 0.000002 0.068565 0.007834 1.741261
0.923568 0.000024 0.000034 0.000018 0.000002 0.068521 0.007834 1.741264
0.923623 0.000025 0.000031 0.000017 0.000002 0.068469 0.007834 1.741265
0.923675 0.000024 0.000032 0.000015 0.000002 0.068418 0.007834 1.741267
0.923723 0.000022 0.000032 0.000014 0.000002 0.068374 0.007834 1.741270
0.923773 0.000023 0.000029 0.000015 0.000002 0.068324 0.007834 1.741273
0.923834 0.000024 0.000027 0.000014 0.000002 0.068266 0.007834 1.741274
0.923884 0.000022 0.000028 0.000014 0.000002 0.068217 0.007834 1.741278
0.923936 0.000021 0.000028 0.000013 0.000002 0.068166 0.007834 1.741281
0.923992 0.000020 0.000027 0.000013 0.000001 0.068113 0.007834 1.741283
0.924033 0.000019 0.000024 0.000014 0.000001 0.068075 0.007834 1.741284
0.924077 0.000018 0.000023 0.000013 0.000001 0.068034 0.007834 1.741286
0.924115 0.000016 0.000022 0.000014 0.000001 0.067999 0.007834 1.741288
0.924156 0.000016 0.000022 0.000014 0.000002 0.067957 0.007834 1.741290
0.924186 0.000018 0.000020 0.000014 0.000002 0.067927 0.007834 1.741292
0.924229 0.000019 0.000020 0.000013 0.000002 0.067884 0.007834 1.741292
0.924263 0.000017 0.000021 0.000016 0.000002 0.067848 0.007834 1.741297
0.924295 0.000016 0.000019 0.000016 0.000002 0.067819 0.007834 1.741298
0.924329 0.000014 0.000019 0.000017 0.000002 0.067785 0.007834 1.741301
0.924364 0.000014 0.000017 0.000016 0.000002 0.067752 0.007834 1.741302
0.924397 0.000013 0.000018 0.000016 0.000002 0.067721 0.007834 1.741305
0.924434 0.000012 0.000019 0.000014 0.000002 0.067685 0.007834 1.741306
0.924468 0.000011 0.000018 0.000014 0.000002 0.067653 0.007834 1.741308
0.924500 0.000012 0.000019 0.000013 0.000002 0.067623 0.007834 1.741309
0.924527 0.000012 0.000019 0.000011 0.000001 0.067597 0.007834 1.741309
0.924554 0.000011 0.000017 0.000010 0.000001 0.067572 0.007834 1.741310
0.924585 0.000010 0.000017 0.000011 0.000001 0.067541 0.007834 1.741312
0.924612 0.000013 0.000016 0.000010 0.000001 0.067516 0.007834 1.741312
0.924642 0.000012 0.000014 0.000010 0.000001 0.067487 0.007834 1.741313
0.924661 0.000011 0.000015 0.000011 0.000001 0.067468 0.007834 1.741315
0.924685 0.000011 0.000013 0.000011 0.000001 0.067446 0.007834 1.741315
0.924704 0.000012 0.000013 0.000010 0.000001 0.067425 0.007834 1.741315
0.924725 0.000012 0.000014 0.000010 0.000001 0.067404 0.007834 1.741318
0.924747 0.000013 0.000014 0.000010 0.000001 0.067381 0.007834 1.741318
0.924764 0.000015 0.000013 0.000010 0.000001 0.067363 0.007834 1.741319
0.924783 0.000017 0.000013 0.000010 0.000001 0.067343 0.007834 1.741319
0.924800 0.000018 0.000013 0.000010 0.000001 0.067325 0.007834 1.741321
0.924815 0.000017 0.000013 0.000010 0.000001 0.067310 0.007834 1.741323
0.924830 0.000016 0.000013 0.000010 0.000001 0.067295 0.007834 1.741325
0.924849 0.000014 0.000014 0.000010 0.000001 0.067278 0.007834 1.741327
0.924865 0.000014 0.000015 0.000010 0.000002 0.067262 0.007834 1.741328
0.924882 0.000012 0.000016 0.000009 0.000002 0.067245 0.007834 1.741330
0.924902 0.000010 0.000018 0.000010 0.000002 0.067225 0.007834 1.741333
0.924915 0.000010 0.000018 0.000009 0.000002 0.067213 0.007834 1.741333
0.924928 0.000011 0.000016 0.000008 0.000002 0.067201 0.007834 1.741334
0.924945 0.000012 0.000017 0.000007 0.000002 0.067183 0.007834 1.741335
0.924961 0.000012 0.000017 0.000008 0.000002 0.067166 0.007834 1.741336
0.924972 0.000012 0.000017 0.000008 0.000002 0.067156 0.007834 1.741337
0.924988 0.000013 0.000017 0.000007 0.000002 0.067139 0.007834 1.741338
0.925011 0.000012 0.000017 0.000007 0.000002 0.067117 0.007834 1.741339
0.925024 0.000012 0.000017 0.000007 0.000002 0.067104 0.007834 1.741340
0.925044 0.000011 0.000016 0.000007 0.000002 0.067085 0.007834 1.741342
0.925055 0.000012 0.000016 0.000007 0.000002 0.067075 0.007834 1.741342
0.925070 0.000010 0.000017 0.000005 0.000002 0.067061 0.007834 1.741344
0.925080 0.000010 0.000017 0.000006 0.000002 0.067051 0.007834 1.741345
0.925088 0.000011 0.000016 0.000006 0.000002 0.067044 0.007834 1.741346
0.925098 0.000010 0.000017 0.000006 0.000002 0.067033 0.007834 1.741348
0.925106 0.000010 0.000015 0.000006 0.000002 0.067026 0.007834 1.741349
0.925121 0.000010 0.000014 0.000006 0.000002 0.067013 0.007835 1.741349
0.925131 0.000009 0.000016 0.000006 0.000002 0.067003 0.007835 1.741351
0.925143 0.000010 0.000015 0.000005 0.000001 0.066992 0.007835 1.741352
0.925153 0.000010 0.000015 0.000005 0.000001 0.066982 0.007835 1.741353
0.925160 0.000009 0.000017 0.000005 0.000001 0.066973 0.007835 1.741354
0.925167 0.000010 0.000016 0.000005 0.000001 0.066967 0.007835 1.741354
0.925176 0.000011 0.000016 0.000005 0.000001 0.066958 0.007835 1.741354
0.925184 0.000012 0.000015 0.000005 0.000000 0.066950 0.007835 1.741355
0.925187 0.000012 0.000016 0.000005 0.000000 0.066945 0.007835 1.741357
0.925196 0.000011 0.000016 0.000005 0.000000 0.066937 0.007835 1.741359
0.925206 0.000009 0.000014 0.000006 0.000000 0.066929 0.007835 1.741360
0.925214 0.000009 0.000014 0.000006 0.000000 0.066921 0.007835 1.741360
0.925221 0.000009 0.000014 0.000006 0.000000 0.066915 0.007835 1.741360
0.925231 0.000010 0.000014 0.000005 0.000001 0.066905 0.007835 1.741360
0.925238 0.000008 0.000014 0.000005 0.000000 0.066899 0.007836 1.741362
0.925245 0.000008 0.000014 0.000005 0.000000 0.066892 0.007836 1.741363
0.925249 0.000008 0.000014 0.000005 0.000000 0.066888 0.007836 1.741364
0.925257 0.000009 0.000013 0.000004 0.000000 0.066882 0.007836 1.741364
0.925265 0.000009 0.000012 0.000004 0.000000 0.066875 0.007836 1.741364
0.925271 0.000010 0.000011 0.000004 0.000000 0.066869 0.007836 1.741364
0.925275 0.000008 0.000012 0.000003 0.000000 0.066866 0.007836 1.741365
0.925282 0.000010 0.000011 0.000003 0.000000 0.066858 0.007836 1.741365
0.925289 0.000010 0.000010 0.000005 0.000000 0.066852 0.007836 1.741366
0.925294 0.000009 0.000010 0.000004 0.000000 0.066848 0.007836 1.741367
0.925303 0.000008 0.000009 0.000004 0.000000 0.066840 0.007836 1.741367
0.925307 0.000008 0.000008 0.000004 0.000000 0.066837 0.007836 1.741367
0.925312 0.000009 0.000008 0.000004 0.000000 0.066831 0.007836 1.741368
0.925318 0.000009 0.000008 0.000004 0.000000 0.066826 0.007836 1.741368
0.925324 0.000008 0.000010 0.000004 0.000000 0.066819 0.007836 1.741371
0.925329 0.000007 0.000009 0.000004 0.000000 0.066815 0.007836 1.741372
0.925334 0.000008 0.000008 0.000004 0.000000 0.066811 0.007836 1.741372
0.925337 0.000008 0.000008 0.000004 0.000000 0.066807 0.007836 1.741373
0.925340 0.000010 0.000008 0.000004 0.000000 0.066803 0.007836 1.741373
0.925346 0.000009 0.000008 0.000004 0.000000 0.066796 0.007836 1.741373
0.925352 0.000009 0.000008 0.000004 0.000000 0.066791 0.007836 1.741373
0.925356 0.000008 0.000008 0.000004 0.000000 0.066787 0.007836 1.741374
0.925358 0.000008 0.000008 0.000004 0.000000 0.066784 0.007836 1.741375
0.925363 0.000008 0.000009 0.000004 0.000000 0.066780 0.007836 1.741375
0.925369 0.000008 0.000008 0.000005 0.000000 0.066775 0.007836 1.741376
0.925373 0.000007 0.000010 0.000004 0.000000 0.066770 0.007836 1.741377
0.925380 0.000008 0.000009 0.000003 0.000000 0.066764 0.007836 1.741377
0.925385 0.000007 0.000008 0.000005 0.000000 0.066759 0.007836 1.741378
0.925390 0.000006 0.000008 0.000005 0.000000 0.066755 0.007836 1.741380
0.925393 0.000006 0.000009 0.000005 0.000000 0.066751 0.007836 1.741381
0.925399 0.000006 0.000008 0.000004 0.000000 0.066747 0.007836 1.741381
0.925402 0.000006 0.000008 0.000003 0.000000 0.066746 0.007836 1.741382
0.925404 0.000008 0.000008 0.000003 0.000000 0.066742 0.007836 1.741382
0.925407 0.000007 0.000008 0.000003 0.000000 0.066740 0.007836 1.741383
0.925409 0.000008 0.000008 0.000002 0.000000 0.066738 0.007836 1.741383
0.925412 0.000008 0.000008 0.000002 0.000000 0.066735 0.007836 1.741383
0.925415 0.000008 0.000008 0.000002 0.000000 0.066731 0.007836 1.741385
0.925417 0.000006 0.000009 0.000003 0.000000 0.066729 0.007836 1.741386
0.925418 0.000006 0.000008 0.000003 0.000000 0.066728 0.007836 1.741387
0.925419 0.000006 0.000008 0.000003 0.000000 0.066727 0.007836 1.741388
0.925420 0.000006 0.000009 0.000003 0.000000 0.066726 0.007836 1.741389
0.925424 0.000006 0.000010 0.000003 0.000000 0.066721 0.007836 1.741389
0.925428 0.000005 0.000010 0.000003 0.000000 0.066718 0.007836 1.741391
0.925427 0.000006 0.000010 0.000003 0.000000 0.066718 0.007836 1.741391
0.925428 0.000006 0.000010 0.000003 0.000000 0.066716 0.007836 1.741391
0.925430 0.000006 0.000009 0.000003 0.000000 0.066716 0.007836 1.741393
0.925432 0.000006 0.000008 0.000003 0.000000 0.066715 0.007836 1.741393
0.925434 0.000006 0.000008 0.000003 0.000000 0.066714 0.007836 1.741394
0.925433 0.000006 0.000007 0.000003 0.000000 0.066715 0.007836 1.741395
0.925435 0.000007 0.000007 0.000003 0.000000 0.066714 0.007836 1.741395
0.925435 0.000006 0.000007 0.000003 0.000000 0.066713 0.007836 1.741396
0.925437 0.000006 0.000007 0.000003 0.000000 0.066712 0.007836 1.741396
0.925437 0.000006 0.000008 0.000003 0.000000 0.066711 0.007836 1.741398
0.925439 0.000006 0.000006 0.000003 0.000000 0.066710 0.007836 1.741398
0.925440 0.000005 0.000007 0.000003 0.000000 0.066710 0.007836 1.741400
0.925442 0.000003 0.000007 0.000004 0.000000 0.066709 0.007836 1.741401
0.925444 0.000003 0.000007 0.000003 0.000000 0.066708 0.007836 1.741401
0.925445 0.000004 0.000007 0.000003 0.000000 0.066706 0.007836 1.741401
0.925446 0.000004 0.000006 0.000003 0.000000 0.066705 0.007836 1.741401
0.925448 0.000003 0.000006 0.000003 0.000000 0.066704 0.007836 1.741402
0.925451 0.000003 0.000006 0.000003 0.000000 0.066703 0.007836 1.741402
0.925452 0.000003 0.000005 0.000003 0.000000 0.066702 0.007836 1.741402
0.925454 0.000003 0.000005 0.000002 0.000000 0.066701 0.007836 1.741402
0.925456 0.000003 0.000005 0.000001 0.000000 0.066699 0.007836 1.741402
0.925459 0.000002 0.000005 0.000001 0.000000 0.066697 0.007836 1.741403
0.925459 0.000002 0.000005 0.000001 0.000000 0.066698 0.007836 1.741403
0.925461 0.000002 0.000004 0.000000 0.000000 0.066697 0.007836 1.741403
0.925461 0.000002 0.000004 0.000000 0.000000 0.066697 0.007836 1.741403
0.925462 0.000001 0.000004 0.000000 0.000000 0.066697 0.007836 1.741403
0.925463 0.000001 0.000003 0.000000 0.000000 0.066697 0.007836 1.741403
0.925463 0.000002 0.000003 0.000000 0.000000 0.066696 0.007836 1.741403
0.925463 0.000002 0.000003 0.000000 0.000000 0.066695 0.007836 1.741404
0.925464 0.000001 0.000003 0.000001 0.000000 0.066696 0.007836 1.741404
0.925466 0.000001 0.000002 0.000001 0.000000 0.066694 0.007836 1.741404
0.925466 0.000001 0.000002 0.000001 0.000000 0.066694 0.007836 1.741405
0.925466 0.000001 0.000002 0.000001 0.000000 0.066694 0.007836 1.741405
0.925466 0.000001 0.000001 0.000001 0.000000 0.066694 0.007836 1.741405
0.925467 0.000001 0.000001 0.000001 0.000000 0.066694 0.007836 1.741405
0.925466 0.000001 0.000001 0.000001 0.000000 0.066694 0.007836 1.741405
0.925466 0.000001 0.000001 0.000001 0.000000 0.066694 0.007836 1.741405
0.925466 0.000001 0.000001 0.000001 0.000000 0.066694 0.007836 1.741405
0.925465 0.000002 0.000001 0.000001 0.000000 0.066695 0.007836 1.741405
0.925466 0.000002 0.000001 0.000001 0.000000 0.066694 0.007836 1.741405
0.925466 0.000003 0.000001 0.000001 0.000000 0.066693 0.007836 1.741405
0.925468 0.000002 0.000001 0.000001 0.000000 0.066692 0.007836 1.741406
0.925468 0.000002 0.000001 0.000001 0.000000 0.066692 0.007836 1.741406
0.925468 0.000002 0.000001 0.000001 0.000000 0.066692 0.007836 1.741406
0.925468 0.000001 0.000001 0.000001 0.000000 0.066692 0.007836 1.741406
0.925469 0.000001 0.000001 0.000001 0.000000 0.066692 0.007836 1.741406
0.925469 0.000001 0.000001 0.000001 0.000000 0.066691 0.007836 1.741406
0.925471 0.000001 0.000001 0.000000 0.000000 0.066690 0.007836 1.741406
0.925472 0.000001 0.000002 0.000000 0.000000 0.066689 0.007836 1.741407
0.925473 0.000001 0.000002 0.000000 0.000000 0.066688 0.007836 1.741407
0.925472 0.000001 0.000002 0.000000 0.000000 0.066688 0.007836 1.741407
0.925472 0.000003 0.000002 0.000000 0.000000 0.066687 0.007836 1.741407
0.925472 0.000003 0.000002 0.000000 0.000000 0.066687 0.007836 1.741407
0.925472 0.000003 0.000001 0.000000 0.000000 0.066687 0.007836 1.741407
0.925471 0.000003 0.000001 0.000000 0.000000 0.066687 0.007836 1.741407
0.925472 0.000004 0.000001 0.000000 0.000000 0.066687 0.007836 1.741407
0.925475 0.000003 0.000001 0.000001 0.000000 0.066684 0.007836 1.741407
0.925475 0.000003 0.000001 0.000001 0.000000 0.066684 0.007836 1.741407
0.925475 0.000004 0.000001 0.000001 0.000000 0.066683 0.007836 1.741407
0.925475 0.000004 0.000003 0.000001 0.000000 0.066682 0.007836 1.741409
0.925476 0.000003 0.000003 0.000001 0.000000 0.066682 0.007836 1.741410
0.925476 0.000003 0.000003 0.000001 0.000000 0.066682 0.007836 1.741410
0.925476 0.000003 0.000002 0.000001 0.000000 0.066682 0.007836 1.741410
0.925477 0.000003 0.000003 0.000001 0.000000 0.066681 0.007836 1.741411
0.925477 0.000003 0.000002 0.000001 0.000000 0.066682 0.007836 1.741411
0.925477 0.000002 0.000003 0.000001 0.000000 0.066682 0.007836 1.741411
0.925477 0.000002 0.000003 0.000001 0.000000 0.066681 0.007836 1.741411
0.925478 0.000002 0.000002 0.000001 0.000000 0.066681 0.007836 1.741411
0.925478 0.000002 0.000003 0.000001 0.000000 0.066681 0.007836 1.741412
0.925476 0.000003 0.000003 0.000002 0.000000 0.066681 0.007836 1.741413
0.925477 0.000003 0.000003 0.000001 0.000000 0.066681 0.007836 1.741413
0.925478 0.000003 0.000002 0.000001 0.000000 0.066680 0.007836 1.741413
0.925478 0.000002 0.000003 0.000001 0.000000 0.066680 0.007836 1.741413
0.925479 0.000002 0.000003 0.000001 0.000000 0.066680 0.007836 1.741413
0.925479 0.000001 0.000003 0.000001 0.000000 0.066680 0.007836 1.741414
0.925480 0.000001 0.000003 0.000002 0.000000 0.066679 0.007836 1.741414
0.925481 0.000001 0.000003 0.000002 0.000000 0.066678 0.007836 1.741414
0.925481 0.000001 0.000003 0.000001 0.000000 0.066679 0.007836 1.741414
0.925481 0.000001 0.000003 0.000002 0.000000 0.066678 0.007836 1.741415
0.925481 0.000000 0.000003 0.000001 0.000000 0.066679 0.007836 1.741415
0.925481 0.000000 0.000003 0.000001 0.000000 0.066679 0.007836 1.741415
0.925481 0.000000 0.000002 0.000001 0.000000 0.066680 0.007836 1.741415
0.925480 0.000001 0.000002 0.000001 0.000000 0.066680 0.007836 1.741415
0.925481 0.000000 0.000003 0.000001 0.000000 0.066679 0.007836 1.741416
0.925482 0.000000 0.000003 0.000001 0.000000 0.066678 0.007836 1.741416
0.925484 0.000000 0.000003 0.000001 0.000000 0.066676 0.007836 1.741416
0.925484 0.000000 0.000003 0.000002 0.000000 0.066676 0.007836 1.741416
0.925485 0.000000 0.000003 0.000002 0.000000 0.066675 0.007836 1.741416
0.925485 0.000000 0.000003 0.000001 0.000000 0.066675 0.007836 1.741416
0.925485 0.000000 0.000002 0.000001 0.000000 0.066676 0.007836 1.741416
0.925485 0.000000 0.000001 0.000000 0.000000 0.066677 0.007836 1.741416
0.925486 0.000000 0.000001 0.000000 0.000000 0.066677 0.007836 1.741416
0.925486 0.000000 0.000001 0.000000 0.000000 0.066676 0.007836 1.741416
0.925487 0.000000 0.000001 0.000000 0.000000 0.066676 0.007836 1.741416
0.925487 0.000000 0.000000 0.000000 0.000000 0.066676 0.007836 1.741416
0.925488 0.000000 0.000000 0.000000 0.000000 0.066675 0.007836 1.741416
0.925488 0.000000 0.000000 0.000000 0.000000 0.066675 0.007836 1.741416
0.925488 0.000000 0.000000 0.000000 0.000000 0.066675 0.007836 1.741416
0.925489 0.000000 0.000000 0.000000 0.000000 0.066675 0.007836 1.741416
0.925489 0.000000 0.000000 0.000000 0.000000 0.066675 0.007836 1.741416
0.925490 0.000000 0.000000 0.000000 0.000000 0.066674 0.007836 1.741416
0.925490 0.000000 0.000000 0.000000 0.000000 0.066674 0.007836 1.741416
0.925492 0.000000 0.000000 0.000000 0.000000 0.066672 0.007836 1.741416
0.925493 0.000000 0.000000 0.000000 0.000000 0.066672 0.007836 1.741416
0.925493 0.000000 0.000000 0.000000 0.000000 0.066671 0.007836 1.741416
0.925493 0.000000 0.000000 0.000000 0.000000 0.066671 0.007836 1.741416
0.925494 0.000000 0.000000 0.000000 0.000000 0.066670 0.007836 1.741416
0.925494 0.000000 0.000000 0.000000 0.000000 0.066670 0.007836 1.741416
0.925495 0.000000 0.000000 0.000000 0.000000 0.066669 0.007836 1.741416
0.925496 0.000000 0.000000 0.000000 0.000000 0.066668 0.007836 1.741416
0.925496 0.000000 0.000000 0.000000 0.000000 0.066668 0.007836 1.741416
0.925497 0.000000 0.000000 0.000000 0.000000 0.066667 0.007836 1.741416
0.925497 0.000000 0.000000 0.000000 0.000000 0.066667 0.007836 1.741416
0.925498 0.000000 0.000000 0.000000 0.000000 0.066666 0.007836 1.741416
0.925498 0.000000 0.000000 0.000000 0.000000 0.066666 0.007836 1.741416
0.925499 0.000000 0.000000 0.000000 0.000000 0.066665 0.007836 1.741416
0.925499 0.000000 0.000000 0.000000 0.000000 0.066665 0.007836 1.741416
0.925500 0.000000 0.000000 0.000000 0.000000 0.066664 0.007836 1.741416
0.925500 0.000000 0.000000 0.000000 0.000000 0.066664 0.007836 1.741416
0.925501 0.000000 0.000000 0.000000 0.000000 0.066663 0.007836 1.741416
0.925501 0.000000 0.000000 0.000000 0.000000 0.066663 0.007836 1.741416
0.925502 0.000000 0.000000 0.000000 0.000000 0.066662 0.007836 1.741416
0.925502 0.000000 0.000000 0.000000 0.000000 0.066661 0.007836 1.741416
0.925503 0.000000 0.000000 0.000000 0.000000 0.066661 0.007836 1.741416
0.925503 0.000000 0.000000 0.000000 0.000000 0.066661 0.007836 1.741416
0.925503 0.000000 0.000000 0.000000 0.000000 0.066661 0.007836 1.741416
0.925503 0.000000 0.000000 0.000000 0.000000 0.066661 0.007836 1.741416
0.925503 0.000000 0.000000 0.000000 0.000000 0.066661 0.007836 1.741416
0.925503 0.000000 0.000000 0.000000 0.000000 0.066661 0.007836 1.741416
0.925503 0.000000 0.000000 0.000000 0.000000 0.066661 0.007836 1.741416
0.925503 0.000000 0.000000 0.000000 0.000000 0.066661 0.007836 1.741416
0.925503 0.000000 0.000000 0.000000 0.000000 0.066661 0.007836 1.741416
0.925503 0.000000 0.000000 0.000000 0.000000 0.066661 0.007836 1.741416
0.925503 0.000000 0.000000 0.000000 0.000000 0.066661 0.007836 1.741416
0.925503 0.000000 0.000000 0.000000 0.000000 0.066661 0.007836 1.741416
0.925503 0.000000 0.000000 0.000000 0.000000 0.066661 0.007836 1.741416
0.925503 0.000000 0.000000 0.000000 0.000000 0.066661 0.007836 1.741416
0.925503 0.000000 0.000000 0.000000 0.000000 0.066661 0.007836 1.741416
0.925503 0.000000 0.000000 0.000000 0.000000 0.066661 0.007836 1.741416
0.925503 0.000000 0.000000 0.000000 0.000000 0.066661 0.007836 1.741416
0.925503 0.000000 0.000000 0.000000 0.000000 0.066661 0.007836 1.741416
0.925503 0.000000 0.000000 0.000000 0.000000 0.066661 0.007836 1.741416
0.925503 0.000000 0.000000 0.000000 0.000000 0.066661 0.007836 1.741416
0.925503 0.000000 0.000000 0.000000 0.000000 0.066661 0.007836 1.741416
0.925503 0.000000 0.000000 0.000000 0.000000 0.066661 0.007836 1.741416
0.925503 0.000000 0.000000 0.000000 0.000000 0.066661 0.007836 1.741416
0.925503 0.000000 0.000000 0.000000 0.000000 0.066661 0.007836 1.741416
0.925503 0.000000 0.000000 0.000000 0.000000 0.066661 0.007836 1.741416
0.925503 0.000000 0.000000 0.000000 0.000000 0.066661 0.007836 1.741416
0.925503 0.000000 0.000000 0.000000 0.000000 0.066661 0.007836 1.741416
0.925503 0.000000 0.000000 0.000000 0.000000 0.066661 0.007836 1.741416
0.925503 0.000000 0.000000 0.000000 0.000000 0.066661 0.007836 1.741416
0.925503 0.000000 0.000000 0.000000 0.000000 0.066661 0.007836 1.741416
0.925503 0.000000 0.000000 0.000000 0.000000 0.066661 0.007836 1.741416
0.925503 0.000000 0.000000 0.000000 0.000000 0.066661 0.007836 1.741416
0.925503 0.000000 0.000000 0.000000 0.000000 0.066661 0.007836 1.741416
0.925503 0.000000 0.000000 0.000000 0.000000 0.066661 0.007836 1.741416
0.925503 0.000000 0.000000 0.000000 0.000000 0.066661 0.007836 1.741416
0.925503 0.000000 0.000000 0.000000 0.000000 0.066661 0.007836 1.741416
0.925503 0.000000 0.000000 0.000000 0.000000 0.066661 0.007836 1.741416
0.925503 0.000000 0.000000 0.000000 0.000000 0.066661 0.007836 1.741416
0.925503 0.000000 0.000000 0.000000 0.000000 0.066661 0.007836 1.741416
0.925503 0.000000 0.000000 0.000000 0.000000 0.066661 0.007836 1.741416
0.925503 0.000000 0.000000 0.000000 0.000000 0.066661 0.007836 1.741416
0.925503 0.000000 0.000000 0.000000 0.000000 0.066661 0.007836 1.741416
0.925503 0.000000 0.000000 0.000000 0.000000 0.066661 0.007836 1.741416
0.925503 0.000000 0.000000 0.000000 0.000000 0.066661 0.007836 1.741416
0.925503 0.000000 0.000000 0.000000 0.000000 0.066661 0.007836 1.741416
0.925503 0.000000 0.000000 0.000000 0.000000 0.066661 0.007836 1.741416
0.925503 0.000000 0.000000 0.000000 0.000000 0.066661 0.007836 1.741416
0.925503 0.000000 0.000000 0.000000 0.000000 0.066661 0.007836 1.741416
0.925503 0.000000 0.000000 0.000000 0.000000 0.066661 0.007836 1.741416
0.925503 0.000000 0.000000 0.000000 0.000000 0.066661 0.007836 1.741416
0.925503 0.000000 0.000000 0.000000 0.000000 0.066661 0.007836 1.741416
0.925503 0.000000 0.000000 0.000000 0.000000 0.066661 0.007836 1.741416
0.925503 0.000000 0.000000 0.000000 0.000000 0.066661 0.007836 1.741416
0.925503 0.000000 0.000000 0.000000 0.000000 0.066661 0.007836 1.741416
0.925503 0.000000 0.000000 0.000000 0.000000 0.066661 0.007836 1.741416
0.925503 0.000000 0.000000 0.000000 0.000000 0.066661 0.007836 1.741416
0.925503 0.000000 0.000000 0.000000 0.000000 0.066661 0.007836 1.741416
0.925503 0.000000 0.000000 0.000000 0.000000 0.066661 0.007836 1.741416
0.925503 0.000000 0.000000 0.000000 0.000000 0.066661 0.007836 1.741416
0.925503 0.000000 0.000000 0.000000 0.000000 0.066661 0.007836 1.741416
