0.329532 0.063526 0.057588 0.032608 0.002193 0.508244 0.006310 1.661949
0.332272 0.060991 0.057512 0.032384 0.002176 0.508325 0.006340 1.668082
0.335707 0.057956 0.057178 0.032121 0.002159 0.508507 0.006372 1.673944
0.339835 0.054733 0.056697 0.031702 0.002157 0.508475 0.006402 1.679502
0.344149 0.051543 0.055976 0.031243 0.002167 0.508491 0.006432 1.684657
0.348770 0.048298 0.055353 0.030639 0.002175 0.508306 0.006457 1.689595
0.353699 0.045197 0.054430 0.030074 0.002171 0.507943 0.006485 1.694208
0.358658 0.042338 0.053312 0.029386 0.002177 0.507621 0.006508 1.698439
0.363749 0.039628 0.052184 0.028735 0.002152 0.507011 0.006540 1.702439
0.368924 0.037008 0.050978 0.028010 0.002139 0.506371 0.006568 1.706184
0.374230 0.034592 0.049656 0.027166 0.002131 0.505623 0.006602 1.709644
0.379561 0.032315 0.048382 0.026325 0.002103 0.504686 0.006629 1.712902
0.384934 0.030204 0.046948 0.025533 0.002094 0.503640 0.006648 1.715934
0.390480 0.028114 0.045596 0.024715 0.002060 0.502359 0.006677 1.718863
0.396007 0.026216 0.044199 0.023858 0.002035 0.500978 0.006706 1.721559
0.401554 0.024504 0.042773 0.022973 0.002014 0.499448 0.006733 1.724036
0.407049 0.022920 0.041280 0.022145 0.002003 0.497849 0.006755 1.726342
0.412609 0.021462 0.039803 0.021320 0.001983 0.496046 0.006778 1.728510
0.418163 0.020100 0.038384 0.020526 0.001978 0.494046 0.006802 1.730518
0.423650 0.018833 0.036973 0.019685 0.001955 0.492069 0.006835 1.732413
0.429140 0.017737 0.035601 0.018885 0.001945 0.489834 0.006858 1.734143
0.434736 0.016651 0.034225 0.018064 0.001915 0.487522 0.006886 1.735795
0.440323 0.015618 0.032879 0.017305 0.001879 0.485086 0.006910 1.737355
0.445935 0.014625 0.031559 0.016618 0.001848 0.482480 0.006936 1.738854
0.451473 0.013731 0.030317 0.015882 0.001813 0.479829 0.006955 1.740256
0.456979 0.012922 0.029003 0.015218 0.001787 0.477116 0.006976 1.741551
0.462475 0.012150 0.027758 0.014583 0.001758 0.474278 0.006999 1.742783
0.467903 0.011437 0.026539 0.013926 0.001748 0.471426 0.007021 1.743966
0.473374 0.010775 0.025419 0.013327 0.001704 0.468353 0.007049 1.745065
0.478792 0.010148 0.024326 0.012739 0.001670 0.465255 0.007070 1.746094
0.484263 0.009587 0.023270 0.012185 0.001639 0.461965 0.007091 1.747053
0.489684 0.009055 0.022202 0.011650 0.001613 0.458679 0.007117 1.747944
0.494978 0.008526 0.021245 0.011122 0.001581 0.455404 0.007145 1.748830
0.500295 0.008080 0.020306 0.010624 0.001555 0.451970 0.007171 1.749617
0.505550 0.007618 0.019429 0.010132 0.001525 0.448555 0.007192 1.750417
0.510806 0.007226 0.018566 0.009626 0.001490 0.445073 0.007215 1.751131
0.516096 0.006859 0.017705 0.009160 0.001464 0.441484 0.007232 1.751807
0.521280 0.006477 0.016915 0.008691 0.001431 0.437952 0.007254 1.752462
0.526487 0.006144 0.016167 0.008278 0.001397 0.434253 0.007274 1.753081
0.531613 0.005829 0.015428 0.007913 0.001378 0.430544 0.007295 1.753675
0.536782 0.005562 0.014776 0.007545 0.001343 0.426674 0.007317 1.754223
0.541732 0.005278 0.014088 0.007192 0.001311 0.423067 0.007333 1.754763
0.546739 0.005060 0.013440 0.006833 0.001281 0.419296 0.007351 1.755251
0.551674 0.004816 0.012842 0.006537 0.001239 0.415525 0.007367 1.755744
0.556592 0.004595 0.012234 0.006209 0.001209 0.411784 0.007379 1.756196
0.561469 0.004407 0.011681 0.005905 0.001181 0.407966 0.007392 1.756615
0.566321 0.004175 0.011182 0.005628 0.001152 0.404138 0.007406 1.757048
0.571124 0.004008 0.010652 0.005361 0.001131 0.400303 0.007421 1.757426
0.575914 0.003821 0.010174 0.005125 0.001099 0.396433 0.007434 1.757829
0.580589 0.003658 0.009678 0.004906 0.001062 0.392656 0.007451 1.758194
0.585242 0.003485 0.009232 0.004677 0.001032 0.388868 0.007463 1.758559
0.589803 0.003334 0.008834 0.004454 0.000997 0.385101 0.007478 1.758906
0.594324 0.003192 0.008428 0.004234 0.000972 0.381359 0.007492 1.759229
0.598824 0.003068 0.008029 0.004038 0.000945 0.377593 0.007504 1.759538
0.603370 0.002919 0.007684 0.003864 0.000920 0.373729 0.007515 1.759849
0.607903 0.002811 0.007294 0.003674 0.000890 0.369900 0.007529 1.760118
0.612285 0.002709 0.006965 0.003508 0.000864 0.366132 0.007538 1.760386
0.616678 0.002605 0.006660 0.003350 0.000836 0.362317 0.007553 1.760643
0.621025 0.002505 0.006386 0.003198 0.000817 0.358505 0.007565 1.760905
0.625221 0.002406 0.006106 0.003048 0.000798 0.354848 0.007574 1.761155
0.629535 0.002319 0.005846 0.002903 0.000772 0.351041 0.007586 1.761391
0.633788 0.002240 0.005595 0.002758 0.000749 0.347273 0.007597 1.761603
0.637938 0.002157 0.005353 0.002641 0.000720 0.343580 0.007613 1.761821
0.642118 0.002095 0.005109 0.002516 0.000701 0.339838 0.007624 1.762012
0.646263 0.002040 0.004876 0.002393 0.000682 0.336112 0.007634 1.762200
0.650254 0.001951 0.004700 0.002285 0.000662 0.332502 0.007646 1.762413
0.654328 0.001867 0.004499 0.002184 0.000647 0.328821 0.007653 1.762616
0.658188 0.001832 0.004319 0.002068 0.000626 0.325302 0.007665 1.762795
0.662113 0.001789 0.004139 0.001968 0.000605 0.321712 0.007674 1.762955
0.665992 0.001742 0.003964 0.001881 0.000588 0.318151 0.007682 1.763116
0.669807 0.001689 0.003806 0.001813 0.000571 0.314627 0.007687 1.763280
0.673675 0.001640 0.003633 0.001737 0.000554 0.311070 0.007691 1.763441
0.677453 0.001572 0.003485 0.001673 0.000538 0.307583 0.007698 1.763608
0.681251 0.001514 0.003336 0.001592 0.000522 0.304079 0.007706 1.763759
0.684933 0.001478 0.003216 0.001528 0.000506 0.300626 0.007713 1.763912
0.688603 0.001432 0.003098 0.001486 0.000485 0.297174 0.007722 1.764066
0.692172 0.001398 0.002970 0.001421 0.000474 0.293838 0.007728 1.764200
0.695777 0.001341 0.002863 0.001383 0.000460 0.290443 0.007734 1.764350
0.699171 0.001292 0.002740 0.001331 0.000448 0.287276 0.007741 1.764478
0.702660 0.001262 0.002645 0.001273 0.000438 0.283975 0.007747 1.764598
0.706060 0.001236 0.002535 0.001225 0.000422 0.280768 0.007755 1.764718
0.709458 0.001196 0.002434 0.001181 0.000414 0.277558 0.007759 1.764832
0.712845 0.001159 0.002337 0.001139 0.000394 0.274360 0.007767 1.764944
0.716187 0.001138 0.002236 0.001095 0.000378 0.271190 0.007777 1.765041
0.719494 0.001099 0.002144 0.001061 0.000362 0.268060 0.007781 1.765150
0.722780 0.001060 0.002077 0.001021 0.000351 0.264922 0.007788 1.765258
0.726020 0.001028 0.002009 0.000989 0.000341 0.261821 0.007793 1.765371
0.729145 0.000994 0.001963 0.000957 0.000328 0.258815 0.007798 1.765477
0.732221 0.000971 0.001894 0.000922 0.000313 0.255872 0.007807 1.765572
0.735384 0.000950 0.001823 0.000883 0.000301 0.252848 0.007812 1.765666
0.738536 0.000929 0.001758 0.000845 0.000298 0.249820 0.007814 1.765754
0.741590 0.000923 0.001674 0.000812 0.000290 0.246891 0.007820 1.765833
0.744604 0.000896 0.001624 0.000774 0.000280 0.243997 0.007824 1.765933
0.747564 0.000878 0.001566 0.000737 0.000272 0.241155 0.007828 1.766011
0.750460 0.000856 0.001523 0.000709 0.000261 0.238355 0.007836 1.766105
0.753331 0.000822 0.001466 0.000680 0.000256 0.235608 0.007838 1.766194
0.756261 0.000802 0.001419 0.000662 0.000245 0.232768 0.007843 1.766276
0.759087 0.000786 0.001356 0.000645 0.000240 0.230043 0.007844 1.766356
0.761922 0.000762 0.001326 0.000633 0.000233 0.227277 0.007847 1.766433
0.764738 0.000742 0.001286 0.000611 0.000224 0.224548 0.007851 1.766506
0.767499 0.000716 0.001261 0.000591 0.000217 0.221863 0.007852 1.766585
0.770234 0.000702 0.001210 0.000575 0.000210 0.219214 0.007855 1.766653
0.772918 0.000688 0.001173 0.000550 0.000200 0.216611 0.007860 1.766720
0.775570 0.000680 0.001119 0.000540 0.000192 0.214036 0.007863 1.766778
0.778140 0.000660 0.001093 0.000531 0.000190 0.211522 0.007865 1.766849
0.780767 0.000636 0.001067 0.000522 0.000187 0.208954 0.007868 1.766922
0.783247 0.000631 0.001025 0.000516 0.000178 0.206533 0.007872 1.766985
0.785689 0.000620 0.000990 0.000494 0.000173 0.204161 0.007873 1.767049
0.788242 0.000606 0.000955 0.000484 0.000169 0.201668 0.007876 1.767108
0.790750 0.000581 0.000930 0.000472 0.000165 0.199225 0.007878 1.767169
0.793181 0.000573 0.000903 0.000456 0.000163 0.196847 0.007879 1.767222
0.795627 0.000569 0.000876 0.000445 0.000156 0.194445 0.007882 1.767273
0.798007 0.000560 0.000842 0.000426 0.000147 0.192131 0.007886 1.767321
0.800399 0.000551 0.000821 0.000416 0.000142 0.189782 0.007888 1.767372
0.802697 0.000543 0.000800 0.000407 0.000141 0.187522 0.007889 1.767426
0.805012 0.000533 0.000792 0.000394 0.000139 0.185240 0.007891 1.767479
0.807259 0.000523 0.000769 0.000389 0.000138 0.183030 0.007892 1.767528
0.809494 0.000511 0.000754 0.000379 0.000130 0.180837 0.007894 1.767578
0.811690 0.000500 0.000737 0.000362 0.000125 0.178691 0.007896 1.767626
0.813855 0.000494 0.000719 0.000343 0.000119 0.176571 0.007899 1.767671
0.816012 0.000483 0.000697 0.000330 0.000117 0.174462 0.007900 1.767715
0.818098 0.000478 0.000676 0.000328 0.000113 0.172405 0.007902 1.767757
0.820229 0.000467 0.000649 0.000333 0.000107 0.170310 0.007904 1.767806
0.822278 0.000444 0.000642 0.000328 0.000104 0.168299 0.007905 1.767856
0.824288 0.000429 0.000623 0.000319 0.000103 0.166331 0.007907 1.767901
0.826317 0.000421 0.000611 0.000306 0.000099 0.164337 0.007910 1.767938
0.828347 0.000402 0.000602 0.000293 0.000094 0.162352 0.007912 1.767985
0.830302 0.000396 0.000587 0.000284 0.000092 0.160428 0.007912 1.768022
0.832315 0.000389 0.000573 0.000279 0.000088 0.158441 0.007914 1.768066
0.834267 0.000378 0.000558 0.000277 0.000086 0.156519 0.007916 1.768103
0.836238 0.000370 0.000537 0.000264 0.000083 0.154588 0.007919 1.768135
0.838160 0.000353 0.000526 0.000259 0.000082 0.152701 0.007920 1.768177
0.839988 0.000336 0.000508 0.000263 0.000079 0.150906 0.007920 1.768219
0.841826 0.000331 0.000494 0.000257 0.000079 0.149093 0.007920 1.768252
0.843690 0.000334 0.000477 0.000245 0.000078 0.147255 0.007921 1.768282
0.845563 0.000329 0.000467 0.000234 0.000076 0.145410 0.007923 1.768313
0.847347 0.000335 0.000462 0.000227 0.000073 0.143633 0.007924 1.768340
0.849104 0.000329 0.000451 0.000221 0.000072 0.141898 0.007924 1.768373
0.850838 0.000327 0.000443 0.000216 0.000069 0.140181 0.007926 1.768404
0.852565 0.000321 0.000432 0.000209 0.000069 0.138479 0.007927 1.768435
0.854230 0.000316 0.000424 0.000200 0.000068 0.136834 0.007928 1.768462
0.855874 0.000314 0.000404 0.000194 0.000065 0.135220 0.007929 1.768488
0.857512 0.000307 0.000395 0.000197 0.000064 0.133596 0.007930 1.768516
0.859113 0.000313 0.000384 0.000192 0.000063 0.132005 0.007930 1.768539
0.860688 0.000318 0.000376 0.000184 0.000062 0.130441 0.007931 1.768565
0.862265 0.000317 0.000365 0.000182 0.000060 0.128879 0.007932 1.768590
0.863771 0.000316 0.000364 0.000177 0.000059 0.127379 0.007934 1.768620
0.865236 0.000316 0.000351 0.000172 0.000059 0.125932 0.007934 1.768648
0.866705 0.000306 0.000349 0.000169 0.000057 0.124478 0.007935 1.768679
0.868172 0.000304 0.000341 0.000167 0.000056 0.123024 0.007936 1.768704
0.869670 0.000297 0.000341 0.000160 0.000054 0.121540 0.007938 1.768735
0.871028 0.000293 0.000340 0.000158 0.000053 0.120188 0.007939 1.768763
0.872394 0.000282 0.000342 0.000159 0.000050 0.118833 0.007939 1.768799
0.873793 0.000278 0.000336 0.000155 0.000049 0.117449 0.007940 1.768827
0.875164 0.000268 0.000324 0.000154 0.000048 0.116102 0.007940 1.768859
0.876422 0.000271 0.000316 0.000152 0.000046 0.114853 0.007940 1.768883
0.877712 0.000262 0.000302 0.000152 0.000044 0.113586 0.007941 1.768908
0.878983 0.000251 0.000301 0.000154 0.000043 0.112326 0.007942 1.768941
0.880233 0.000245 0.000299 0.000154 0.000042 0.111083 0.007943 1.768969
0.881472 0.000238 0.000294 0.000145 0.000041 0.109866 0.007944 1.768993
0.882678 0.000235 0.000292 0.000143 0.000039 0.108668 0.007945 1.769015
0.883845 0.000235 0.000285 0.000141 0.000037 0.107513 0.007946 1.769035
0.884949 0.000231 0.000285 0.000141 0.000036 0.106411 0.007946 1.769056
0.886077 0.000222 0.000283 0.000137 0.000035 0.105298 0.007947 1.769079
0.887158 0.000216 0.000274 0.000129 0.000035 0.104242 0.007947 1.769098
0.888240 0.000211 0.000274 0.000127 0.000034 0.103166 0.007948 1.769122
0.889265 0.000207 0.000268 0.000125 0.000033 0.102154 0.007949 1.769141
0.890244 0.000199 0.000264 0.000125 0.000030 0.101189 0.007950 1.769161
0.891209 0.000196 0.000258 0.000122 0.000028 0.100236 0.007950 1.769178
0.892169 0.000196 0.000252 0.000117 0.000027 0.099289 0.007950 1.769198
0.893073 0.000197 0.000246 0.000120 0.000027 0.098387 0.007951 1.769218
0.893966 0.000197 0.000240 0.000117 0.000026 0.097503 0.007951 1.769236
0.894845 0.000190 0.000237 0.000114 0.000026 0.096638 0.007951 1.769255
0.895743 0.000185 0.000233 0.000108 0.000024 0.095754 0.007952 1.769275
0.896606 0.000188 0.000231 0.000102 0.000023 0.094896 0.007952 1.769290
0.897437 0.000188 0.000229 0.000098 0.000024 0.094071 0.007952 1.769311
0.898269 0.000186 0.000226 0.000099 0.000024 0.093245 0.007953 1.769329
0.899097 0.000182 0.000217 0.000098 0.000023 0.092430 0.007953 1.769347
0.899864 0.000181 0.000215 0.000099 0.000022 0.091666 0.007953 1.769366
0.900651 0.000177 0.000217 0.000094 0.000021 0.090886 0.007953 1.769386
0.901370 0.000173 0.000217 0.000092 0.000020 0.090173 0.007954 1.769407
0.902065 0.000172 0.000212 0.000092 0.000020 0.089485 0.007954 1.769421
0.902747 0.000174 0.000208 0.000092 0.000020 0.088805 0.007955 1.769440
0.903446 0.000172 0.000206 0.000090 0.000020 0.088110 0.007955 1.769458
0.904120 0.000166 0.000202 0.000087 0.000019 0.087449 0.007956 1.769476
0.904789 0.000169 0.000196 0.000085 0.000019 0.086784 0.007957 1.769487
0.905379 0.000173 0.000186 0.000083 0.000019 0.086203 0.007957 1.769501
0.905958 0.000171 0.000186 0.000085 0.000018 0.085624 0.007957 1.769518
0.906557 0.000169 0.000188 0.000082 0.000018 0.085030 0.007957 1.769536
0.907161 0.000162 0.000184 0.000083 0.000019 0.084433 0.007957 1.769551
0.907727 0.000156 0.000185 0.000087 0.000019 0.083870 0.007957 1.769572
0.908320 0.000154 0.000182 0.000088 0.000018 0.083281 0.007957 1.769588
0.908859 0.000151 0.000183 0.000084 0.000017 0.082748 0.007957 1.769605
0.909376 0.000149 0.000178 0.000084 0.000017 0.082238 0.007958 1.769623
0.909896 0.000148 0.000171 0.000083 0.000017 0.081726 0.007958 1.769637
0.910421 0.000139 0.000171 0.000085 0.000016 0.081210 0.007959 1.769656
0.910891 0.000135 0.000170 0.000084 0.000016 0.080743 0.007959 1.769674
0.911426 0.000135 0.000163 0.000083 0.000016 0.080218 0.007959 1.769686
0.911908 0.000134 0.000160 0.000081 0.000016 0.079742 0.007959 1.769699
0.912371 0.000131 0.000159 0.000080 0.000016 0.079282 0.007959 1.769711
0.912803 0.000129 0.000158 0.000078 0.000015 0.078857 0.007959 1.769723
0.913222 0.000129 0.000155 0.000078 0.000015 0.078440 0.007959 1.769734
0.913630 0.000129 0.000154 0.000072 0.000015 0.078040 0.007959 1.769747
0.914037 0.000131 0.000149 0.000071 0.000014 0.077637 0.007959 1.769756
0.914436 0.000130 0.000144 0.000071 0.000014 0.077244 0.007960 1.769766
0.914819 0.000129 0.000140 0.000072 0.000014 0.076864 0.007960 1.769777
0.915200 0.000128 0.000137 0.000072 0.000013 0.076488 0.007961 1.769790
0.915575 0.000126 0.000131 0.000071 0.000013 0.076122 0.007961 1.769801
0.915929 0.000125 0.000130 0.000070 0.000013 0.075770 0.007961 1.769811
0.916270 0.000124 0.000127 0.000070 0.000012 0.075435 0.007961 1.769824
0.916619 0.000118 0.000128 0.000069 0.000012 0.075091 0.007961 1.769839
0.916914 0.000119 0.000127 0.000067 0.000012 0.074800 0.007961 1.769847
0.917226 0.000119 0.000125 0.000063 0.000011 0.074494 0.007961 1.769856
0.917533 0.000116 0.000122 0.000064 0.000010 0.074192 0.007962 1.769866
0.917823 0.000110 0.000123 0.000066 0.000010 0.073905 0.007962 1.769882
0.918101 0.000110 0.000120 0.000064 0.000010 0.073633 0.007962 1.769890
0.918383 0.000099 0.000123 0.000065 0.000010 0.073356 0.007963 1.769906
0.918656 0.000100 0.000118 0.000063 0.000008 0.073091 0.007964 1.769914
0.918938 0.000099 0.000118 0.000064 0.000008 0.072807 0.007964 1.769926
0.919178 0.000097 0.000118 0.000062 0.000008 0.072572 0.007964 1.769935
0.919423 0.000091 0.000117 0.000063 0.000008 0.072334 0.007964 1.769946
0.919648 0.000092 0.000119 0.000061 0.000008 0.072107 0.007964 1.769955
0.919891 0.000094 0.000117 0.000059 0.000008 0.071866 0.007965 1.769962
0.920091 0.000097 0.000115 0.000059 0.000008 0.071665 0.007965 1.769970
0.920299 0.000094 0.000113 0.000056 0.000008 0.071463 0.007965 1.769979
0.920526 0.000095 0.000110 0.000058 0.000009 0.071236 0.007965 1.769989
0.920733 0.000096 0.000110 0.000056 0.000008 0.071031 0.007966 1.769997
0.920936 0.000092 0.000112 0.000057 0.000008 0.070829 0.007966 1.770011
0.921115 0.000097 0.000106 0.000056 0.000009 0.070651 0.007966 1.770019
0.921274 0.000105 0.000101 0.000055 0.000009 0.070489 0.007966 1.770025
0.921470 0.000101 0.000105 0.000056 0.000008 0.070293 0.007967 1.770037
0.921641 0.000100 0.000103 0.000053 0.000008 0.070128 0.007968 1.770046
0.921803 0.000100 0.000101 0.000050 0.000007 0.069970 0.007968 1.770054
0.921978 0.000101 0.000096 0.000052 0.000007 0.069797 0.007968 1.770061
0.922140 0.000105 0.000095 0.000050 0.000006 0.069636 0.007968 1.770067
0.922305 0.000098 0.000097 0.000048 0.000006 0.069477 0.007968 1.770081
0.922458 0.000101 0.000097 0.000048 0.000006 0.069321 0.007968 1.770092
0.922606 0.000093 0.000100 0.000046 0.000006 0.069180 0.007968 1.770106
0.922746 0.000096 0.000100 0.000042 0.000006 0.069042 0.007968 1.770112
0.922882 0.000091 0.000100 0.000044 0.000006 0.068908 0.007968 1.770125
0.923009 0.000093 0.000097 0.000044 0.000005 0.068783 0.007969 1.770133
0.923152 0.000089 0.000098 0.000044 0.000005 0.068643 0.007969 1.770143
0.923293 0.000088 0.000095 0.000043 0.000005 0.068507 0.007969 1.770150
0.923438 0.000088 0.000094 0.000044 0.000005 0.068362 0.007969 1.770160
0.923563 0.000086 0.000094 0.000044 0.000004 0.068239 0.007969 1.770172
0.923674 0.000085 0.000095 0.000044 0.000004 0.068128 0.007969 1.770183
0.923790 0.000089 0.000094 0.000043 0.000003 0.068011 0.007969 1.770191
0.923911 0.000087 0.000095 0.000042 0.000003 0.067893 0.007969 1.770201
0.924023 0.000085 0.000092 0.000044 0.000003 0.067784 0.007969 1.770209
0.924127 0.000081 0.000090 0.000043 0.000003 0.067687 0.007969 1.770216
0.924237 0.000084 0.000088 0.000043 0.000003 0.067576 0.007969 1.770222
0.924342 0.000083 0.000082 0.000042 0.000003 0.067478 0.007969 1.770229
0.924453 0.000077 0.000085 0.000041 0.000003 0.067372 0.007969 1.770241
0.924541 0.000075 0.000088 0.000041 0.000004 0.067282 0.007969 1.770249
0.924634 0.000074 0.000087 0.000037 0.000004 0.067194 0.007969 1.770257
0.924734 0.000076 0.000086 0.000035 0.000004 0.067096 0.007969 1.770263
0.924834 0.000073 0.000086 0.000034 0.000004 0.066999 0.007969 1.770271
0.924923 0.000070 0.000081 0.000032 0.000004 0.066921 0.007969 1.770279
0.925000 0.000069 0.000084 0.000030 0.000004 0.066844 0.007969 1.770289
0.925079 0.000069 0.000086 0.000032 0.000004 0.066760 0.007969 1.770298
0.925168 0.000070 0.000084 0.000030 0.000004 0.066673 0.007970 1.770304
0.925231 0.000073 0.000082 0.000031 0.000004 0.066608 0.007970 1.770310
0.925305 0.000069 0.000083 0.000033 0.000003 0.066535 0.007970 1.770321
0.925383 0.000073 0.000082 0.000031 0.000003 0.066457 0.007970 1.770326
0.925445 0.000076 0.000083 0.000029 0.000003 0.066394 0.007970 1.770334
0.925511 0.000081 0.000077 0.000031 0.000003 0.066327 0.007970 1.770340
0.925579 0.000081 0.000078 0.000031 0.000003 0.066259 0.007970 1.770348
0.925633 0.000077 0.000080 0.000031 0.000003 0.066205 0.007970 1.770358
0.925688 0.000075 0.000081 0.000032 0.000002 0.066151 0.007970 1.770366
0.925747 0.000075 0.000080 0.000031 0.000002 0.066093 0.007970 1.770373
0.925807 0.000080 0.000081 0.000030 0.000002 0.066030 0.007970 1.770379
0.925862 0.000083 0.000077 0.000027 0.000002 0.065978 0.007970 1.770384
0.925923 0.000082 0.000075 0.000027 0.000002 0.065921 0.007970 1.770390
0.925980 0.000081 0.000074 0.000027 0.000002 0.065864 0.007970 1.770397
0.926035 0.000078 0.000069 0.000029 0.000002 0.065815 0.007970 1.770403
0.926085 0.000077 0.000072 0.000028 0.000003 0.065764 0.007970 1.770410
0.926135 0.000078 0.000071 0.000030 0.000003 0.065713 0.007970 1.770419
0.926184 0.000078 0.000071 0.000030 0.000003 0.065664 0.007970 1.770427
0.926227 0.000077 0.000072 0.000031 0.000003 0.065618 0.007970 1.770437
0.926275 0.000075 0.000071 0.000034 0.000003 0.065570 0.007970 1.770444
0.926319 0.000074 0.000073 0.000035 0.000003 0.065526 0.007970 1.770451
0.926367 0.000073 0.000067 0.000032 0.000003 0.065487 0.007970 1.770459
0.926428 0.000071 0.000066 0.000031 0.000003 0.065430 0.007970 1.770464
0.926479 0.000072 0.000068 0.000031 0.000003 0.065377 0.007970 1.770472
0.926520 0.000069 0.000068 0.000033 0.000003 0.065337 0.007970 1.770480
0.926573 0.000071 0.000066 0.000033 0.000002 0.065283 0.007971 1.770484
0.926617 0.000075 0.000066 0.000030 0.000002 0.065240 0.007971 1.770489
0.926655 0.000076 0.000065 0.000030 0.000002 0.065199 0.007971 1.770494
0.926696 0.000076 0.000066 0.000030 0.000002 0.065159 0.007971 1.770500
0.926739 0.000075 0.000069 0.000029 0.000002 0.065114 0.007971 1.770509
0.926780 0.000072 0.000069 0.000030 0.000002 0.065075 0.007971 1.770516
0.926811 0.000074 0.000068 0.000029 0.000003 0.065044 0.007971 1.770523
0.926847 0.000071 0.000069 0.000031 0.000003 0.065007 0.007971 1.770531
0.926883 0.000075 0.000066 0.000031 0.000003 0.064971 0.007971 1.770534
0.926917 0.000070 0.000065 0.000036 0.000002 0.064939 0.007971 1.770543
0.926949 0.000067 0.000066 0.000035 0.000002 0.064910 0.007971 1.770551
0.926977 0.000063 0.000068 0.000037 0.000002 0.064882 0.007971 1.770561
0.927010 0.000061 0.000066 0.000037 0.000002 0.064852 0.007971 1.770568
0.927042 0.000062 0.000071 0.000037 0.000002 0.064815 0.007971 1.770576
0.927074 0.000062 0.000068 0.000037 0.000002 0.064787 0.007971 1.770582
0.927096 0.000066 0.000068 0.000038 0.000002 0.064759 0.007971 1.770589
0.927127 0.000066 0.000069 0.000037 0.000002 0.064726 0.007971 1.770595
0.927163 0.000073 0.000069 0.000035 0.000002 0.064687 0.007971 1.770599
0.927194 0.000069 0.000072 0.000036 0.000003 0.064654 0.007971 1.770609
0.927224 0.000073 0.000072 0.000036 0.000003 0.064621 0.007971 1.770617
0.927250 0.000076 0.000073 0.000036 0.000002 0.064591 0.007971 1.770623
0.927279 0.000074 0.000071 0.000038 0.000002 0.064563 0.007971 1.770632
0.927305 0.000076 0.000075 0.000036 0.000002 0.064534 0.007972 1.770639
0.927328 0.000074 0.000077 0.000034 0.000002 0.064513 0.007972 1.770648
0.927352 0.000075 0.000073 0.000034 0.000002 0.064492 0.007972 1.770654
0.927375 0.000077 0.000071 0.000037 0.000002 0.064465 0.007972 1.770660
0.927402 0.000077 0.000072 0.000036 0.000002 0.064439 0.007972 1.770666
0.927428 0.000074 0.000073 0.000039 0.000002 0.064412 0.007972 1.770675
0.927448 0.000074 0.000073 0.000036 0.000002 0.064396 0.007972 1.770680
0.927463 0.000074 0.000071 0.000035 0.000002 0.064381 0.007972 1.770687
0.927484 0.000075 0.000073 0.000034 0.000002 0.064359 0.007972 1.770694
0.927509 0.000076 0.000077 0.000031 0.000002 0.064332 0.007972 1.770701
0.927526 0.000077 0.000078 0.000031 0.000002 0.064314 0.007972 1.770707
0.927552 0.000075 0.000075 0.000030 0.000002 0.064294 0.007972 1.770714
0.927569 0.000073 0.000074 0.000031 0.000002 0.064280 0.007972 1.770722
0.927591 0.000069 0.000076 0.000032 0.000002 0.064258 0.007972 1.770732
0.927603 0.000074 0.000071 0.000030 0.000002 0.064247 0.007972 1.770736
0.927623 0.000072 0.000074 0.000030 0.000002 0.064227 0.007972 1.770746
0.927641 0.000073 0.000074 0.000031 0.000003 0.064205 0.007972 1.770754
0.927658 0.000072 0.000071 0.000030 0.000003 0.064195 0.007972 1.770763
0.927674 0.000067 0.000073 0.000031 0.000003 0.064179 0.007972 1.770774
0.927683 0.000072 0.000071 0.000031 0.000003 0.064168 0.007972 1.770777
0.927702 0.000070 0.000074 0.000028 0.000003 0.064151 0.007972 1.770786
0.927715 0.000071 0.000077 0.000028 0.000003 0.064133 0.007972 1.770793
0.927733 0.000069 0.000074 0.000029 0.000003 0.064120 0.007972 1.770800
0.927744 0.000070 0.000076 0.000030 0.000003 0.064103 0.007972 1.770806
0.927762 0.000068 0.000078 0.000031 0.000003 0.064086 0.007972 1.770815
0.927778 0.000067 0.000074 0.000031 0.000003 0.064073 0.007972 1.770821
0.927788 0.000068 0.000076 0.000032 0.000003 0.064060 0.007972 1.770828
0.927802 0.000070 0.000074 0.000033 0.000003 0.064045 0.007972 1.770834
0.927814 0.000074 0.000075 0.000033 0.000003 0.064028 0.007972 1.770841
0.927830 0.000076 0.000072 0.000031 0.000003 0.064016 0.007972 1.770846
0.927841 0.000076 0.000070 0.000033 0.000002 0.064004 0.007973 1.770853
0.927854 0.000075 0.000069 0.000032 0.000002 0.063995 0.007973 1.770860
0.927865 0.000073 0.000067 0.000032 0.000002 0.063988 0.007973 1.770865
0.927884 0.000073 0.000067 0.000032 0.000002 0.063969 0.007973 1.770872
0.927888 0.000074 0.000069 0.000031 0.000002 0.063962 0.007973 1.770879
0.927892 0.000077 0.000068 0.000030 0.000002 0.063958 0.007973 1.770885
0.927902 0.000074 0.000068 0.000031 0.000002 0.063949 0.007973 1.770894
0.927912 0.000078 0.000068 0.000031 0.000002 0.063935 0.007973 1.770897
0.927922 0.000080 0.000067 0.000031 0.000002 0.063925 0.007973 1.770903
0.927929 0.000081 0.000064 0.000031 0.000002 0.063919 0.007973 1.770910
0.927936 0.000076 0.000070 0.000029 0.000002 0.063914 0.007973 1.770921
0.927942 0.000078 0.000070 0.000030 0.000002 0.063904 0.007973 1.770926
0.927944 0.000083 0.000072 0.000029 0.000002 0.063898 0.007973 1.770932
0.927951 0.000081 0.000072 0.000031 0.000002 0.063890 0.007973 1.770942
0.927957 0.000079 0.000074 0.000031 0.000002 0.063883 0.007973 1.770951
0.927965 0.000079 0.000073 0.000032 0.000002 0.063874 0.007973 1.770960
0.927982 0.000075 0.000073 0.000032 0.000002 0.063863 0.007973 1.770968
0.927989 0.000076 0.000070 0.000031 0.000002 0.063858 0.007973 1.770973
0.928006 0.000075 0.000071 0.000031 0.000002 0.063842 0.007973 1.770981
0.928015 0.000077 0.000074 0.000029 0.000002 0.063830 0.007973 1.770986
0.928022 0.000072 0.000075 0.000030 0.000002 0.063826 0.007973 1.770996
0.928027 0.000071 0.000074 0.000031 0.000002 0.063822 0.007973 1.771003
0.928034 0.000069 0.000073 0.000033 0.000002 0.063817 0.007973 1.771011
0.928042 0.000068 0.000070 0.000035 0.000002 0.063809 0.007973 1.771018
0.928048 0.000068 0.000067 0.000034 0.000002 0.063808 0.007973 1.771023
0.928059 0.000070 0.000064 0.000037 0.000002 0.063795 0.007973 1.771029
0.928068 0.000067 0.000064 0.000036 0.000002 0.063789 0.007973 1.771037
0.928071 0.000072 0.000058 0.000035 0.000002 0.063789 0.007973 1.771039
0.928074 0.000072 0.000059 0.000036 0.000002 0.063785 0.007973 1.771045
0.928080 0.000070 0.000059 0.000033 0.000002 0.063784 0.007973 1.771053
0.928085 0.000069 0.000056 0.000035 0.000002 0.063778 0.007973 1.771058
0.928090 0.000070 0.000057 0.000036 0.000002 0.063771 0.007973 1.771064
0.928098 0.000071 0.000056 0.000038 0.000002 0.063761 0.007973 1.771069
0.928104 0.000072 0.000053 0.000039 0.000002 0.063756 0.007973 1.771074
0.928110 0.000070 0.000057 0.000038 0.000002 0.063751 0.007973 1.771084
0.928116 0.000070 0.000056 0.000039 0.000002 0.063743 0.007973 1.771089
0.928124 0.000069 0.000056 0.000038 0.000002 0.063738 0.007973 1.771094
0.928130 0.000065 0.000058 0.000036 0.000002 0.063735 0.007973 1.771102
0.928132 0.000065 0.000054 0.000036 0.000002 0.063737 0.007973 1.771108
0.928142 0.000064 0.000055 0.000032 0.000002 0.063731 0.007973 1.771113
0.928148 0.000063 0.000058 0.000034 0.000002 0.063722 0.007973 1.771120
0.928151 0.000063 0.000058 0.000034 0.000002 0.063719 0.007973 1.771126
0.928161 0.000066 0.000054 0.000031 0.000002 0.063712 0.007973 1.771128
0.928165 0.000066 0.000054 0.000031 0.000002 0.063708 0.007973 1.771133
0.928174 0.000062 0.000054 0.000033 0.000003 0.063699 0.007973 1.771143
0.928179 0.000057 0.000054 0.000034 0.000003 0.063699 0.007973 1.771150
0.928188 0.000054 0.000056 0.000032 0.000004 0.063692 0.007973 1.771155
0.928194 0.000053 0.000056 0.000033 0.000004 0.063686 0.007973 1.771161
0.928203 0.000054 0.000054 0.000030 0.000004 0.063682 0.007973 1.771165
0.928209 0.000054 0.000051 0.000029 0.000004 0.063680 0.007973 1.771170
0.928219 0.000052 0.000050 0.000029 0.000005 0.063671 0.007973 1.771176
0.928222 0.000053 0.000051 0.000027 0.000005 0.063668 0.007973 1.771181
0.928227 0.000056 0.000051 0.000026 0.000005 0.063662 0.007973 1.771185
0.928235 0.000058 0.000048 0.000023 0.000005 0.063658 0.007973 1.771188
0.928246 0.000057 0.000049 0.000022 0.000004 0.063650 0.007973 1.771193
0.928253 0.000056 0.000049 0.000019 0.000004 0.063644 0.007973 1.771197
0.928261 0.000055 0.000051 0.000019 0.000004 0.063636 0.007973 1.771203
0.928270 0.000054 0.000051 0.000021 0.000004 0.063626 0.007973 1.771207
0.928273 0.000056 0.000048 0.000022 0.000004 0.063624 0.007973 1.771212
0.928279 0.000055 0.000046 0.000024 0.000004 0.063618 0.007973 1.771217
0.928289 0.000053 0.000045 0.000024 0.000004 0.063612 0.007973 1.771222
0.928290 0.000053 0.000044 0.000023 0.000004 0.063611 0.007973 1.771226
0.928298 0.000053 0.000044 0.000022 0.000004 0.063605 0.007973 1.771231
0.928305 0.000051 0.000044 0.000023 0.000004 0.063601 0.007973 1.771237
0.928312 0.000051 0.000045 0.000021 0.000003 0.063594 0.007973 1.771242
0.928313 0.000055 0.000044 0.000020 0.000003 0.063592 0.007974 1.771246
0.928320 0.000054 0.000046 0.000022 0.000003 0.063582 0.007974 1.771253
0.928323 0.000051 0.000046 0.000021 0.000003 0.063582 0.007974 1.771259
0.928328 0.000051 0.000047 0.000022 0.000003 0.063575 0.007974 1.771265
0.928334 0.000052 0.000048 0.000023 0.000003 0.063566 0.007974 1.771270
0.928340 0.000049 0.000053 0.000024 0.000003 0.063557 0.007974 1.771277
0.928343 0.000048 0.000056 0.000025 0.000003 0.063551 0.007974 1.771283
0.928349 0.000044 0.000056 0.000025 0.000003 0.063549 0.007974 1.771291
0.928354 0.000043 0.000054 0.000026 0.000004 0.063545 0.007974 1.771296
0.928357 0.000044 0.000052 0.000027 0.000003 0.063543 0.007974 1.771298
0.928359 0.000046 0.000053 0.000027 0.000003 0.063537 0.007974 1.771302
0.928362 0.000046 0.000053 0.000028 0.000003 0.063534 0.007974 1.771309
0.928363 0.000048 0.000053 0.000029 0.000002 0.063530 0.007974 1.771314
0.928366 0.000049 0.000051 0.000027 0.000002 0.063529 0.007974 1.771318
0.928372 0.000049 0.000050 0.000022 0.000003 0.063529 0.007975 1.771321
0.928377 0.000047 0.000049 0.000022 0.000002 0.063526 0.007975 1.771325
0.928381 0.000048 0.000044 0.000021 0.000002 0.063528 0.007975 1.771327
0.928385 0.000048 0.000042 0.000022 0.000002 0.063526 0.007975 1.771332
0.928387 0.000048 0.000042 0.000023 0.000002 0.063522 0.007975 1.771337
0.928385 0.000054 0.000041 0.000026 0.000002 0.063518 0.007975 1.771343
0.928392 0.000050 0.000043 0.000026 0.000002 0.063512 0.007975 1.771349
0.928394 0.000050 0.000046 0.000024 0.000002 0.063509 0.007975 1.771355
0.928396 0.000047 0.000047 0.000024 0.000002 0.063507 0.007975 1.771362
0.928403 0.000049 0.000048 0.000023 0.000002 0.063500 0.007975 1.771365
0.928405 0.000048 0.000048 0.000023 0.000002 0.063498 0.007975 1.771371
0.928407 0.000047 0.000048 0.000022 0.000002 0.063497 0.007975 1.771377
0.928412 0.000044 0.000047 0.000019 0.000003 0.063499 0.007975 1.771383
0.928416 0.000046 0.000046 0.000018 0.000003 0.063496 0.007975 1.771385
0.928418 0.000047 0.000045 0.000018 0.000003 0.063493 0.007975 1.771388
0.928423 0.000048 0.000043 0.000018 0.000003 0.063491 0.007975 1.771390
0.928424 0.000049 0.000042 0.000017 0.000003 0.063489 0.007975 1.771393
0.928427 0.000050 0.000043 0.000019 0.000003 0.063483 0.007975 1.771399
0.928429 0.000048 0.000041 0.000020 0.000002 0.063483 0.007975 1.771404
0.928427 0.000051 0.000042 0.000019 0.000002 0.063483 0.007975 1.771408
0.928430 0.000049 0.000044 0.000019 0.000002 0.063481 0.007975 1.771414
0.928439 0.000046 0.000042 0.000019 0.000002 0.063476 0.007975 1.771418
0.928439 0.000049 0.000041 0.000019 0.000002 0.063473 0.007975 1.771420
0.928442 0.000048 0.000042 0.000020 0.000002 0.063469 0.007975 1.771426
0.928442 0.000049 0.000044 0.000019 0.000003 0.063468 0.007975 1.771432
0.928445 0.000047 0.000042 0.000020 0.000003 0.063467 0.007975 1.771437
0.928447 0.000042 0.000041 0.000022 0.000002 0.063470 0.007975 1.771445
0.928450 0.000039 0.000044 0.000019 0.000002 0.063471 0.007975 1.771451
0.928456 0.000036 0.000047 0.000019 0.000002 0.063465 0.007975 1.771456
0.928458 0.000039 0.000045 0.000019 0.000002 0.063462 0.007975 1.771457
0.928462 0.000037 0.000043 0.000018 0.000003 0.063462 0.007975 1.771462
0.928461 0.000038 0.000044 0.000017 0.000003 0.063461 0.007975 1.771467
0.928463 0.000043 0.000042 0.000016 0.000003 0.063458 0.007975 1.771471
0.928466 0.000043 0.000039 0.000016 0.000002 0.063457 0.007976 1.771475
0.928470 0.000039 0.000042 0.000015 0.000002 0.063456 0.007976 1.771481
0.928471 0.000041 0.000044 0.000015 0.000002 0.063451 0.007976 1.771485
0.928477 0.000040 0.000043 0.000014 0.000002 0.063448 0.007976 1.771489
0.928479 0.000043 0.000041 0.000016 0.000002 0.063444 0.007976 1.771492
0.928481 0.000042 0.000041 0.000017 0.000002 0.063442 0.007976 1.771496
0.928486 0.000040 0.000041 0.000018 0.000002 0.063437 0.007976 1.771501
0.928489 0.000039 0.000041 0.000018 0.000002 0.063434 0.007976 1.771506
0.928492 0.000039 0.000042 0.000018 0.000002 0.063431 0.007976 1.771509
0.928501 0.000038 0.000041 0.000018 0.000002 0.063425 0.007976 1.771512
0.928507 0.000037 0.000039 0.000015 0.000003 0.063423 0.007976 1.771515
0.928508 0.000035 0.000041 0.000016 0.000003 0.063421 0.007976 1.771520
0.928510 0.000037 0.000039 0.000017 0.000003 0.063418 0.007976 1.771522
0.928515 0.000038 0.000038 0.000016 0.000002 0.063415 0.007976 1.771524
0.928524 0.000037 0.000039 0.000015 0.000002 0.063408 0.007976 1.771527
0.928528 0.000035 0.000040 0.000013 0.000001 0.063407 0.007976 1.771531
0.928526 0.000036 0.000041 0.000014 0.000001 0.063405 0.007976 1.771537
0.928528 0.000033 0.000041 0.000016 0.000001 0.063403 0.007976 1.771542
0.928531 0.000031 0.000041 0.000017 0.000001 0.063402 0.007976 1.771546
0.928530 0.000035 0.000040 0.000016 0.000001 0.063402 0.007976 1.771547
0.928535 0.000033 0.000041 0.000017 0.000001 0.063397 0.007976 1.771551
0.928540 0.000033 0.000040 0.000018 0.000001 0.063391 0.007976 1.771554
0.928544 0.000032 0.000039 0.000017 0.000001 0.063390 0.007976 1.771558
0.928548 0.000030 0.000037 0.000019 0.000001 0.063388 0.007976 1.771562
0.928548 0.000034 0.000034 0.000019 0.000001 0.063386 0.007976 1.771563
0.928550 0.000033 0.000034 0.000017 0.000001 0.063388 0.007976 1.771566
0.928552 0.000032 0.000035 0.000015 0.000002 0.063387 0.007976 1.771569
0.928553 0.000032 0.000035 0.000015 0.000002 0.063386 0.007976 1.771572
0.928556 0.000031 0.000035 0.000015 0.000002 0.063385 0.007976 1.771575
0.928558 0.000030 0.000036 0.000014 0.000002 0.063384 0.007976 1.771579
0.928562 0.000029 0.000035 0.000013 0.000002 0.063382 0.007976 1.771581
0.928565 0.000029 0.000034 0.000013 0.000002 0.063379 0.007976 1.771583
0.928564 0.000028 0.000035 0.000013 0.000002 0.063381 0.007976 1.771588
0.928566 0.000025 0.000034 0.000014 0.000002 0.063381 0.007976 1.771592
0.928570 0.000023 0.000035 0.000015 0.000002 0.063377 0.007976 1.771596
0.928574 0.000024 0.000031 0.000014 0.000002 0.063377 0.007976 1.771597
0.928580 0.000024 0.000031 0.000014 0.000002 0.063372 0.007976 1.771600
0.928587 0.000024 0.000031 0.000014 0.000002 0.063365 0.007976 1.771601
0.928590 0.000024 0.000030 0.000013 0.000002 0.063365 0.007976 1.771603
0.928596 0.000023 0.000030 0.000012 0.000002 0.063361 0.007976 1.771605
0.928597 0.000025 0.000028 0.000013 0.000002 0.063359 0.007976 1.771607
0.928600 0.000024 0.000029 0.000014 0.000002 0.063356 0.007976 1.771610
0.928603 0.000024 0.000026 0.000014 0.000002 0.063354 0.007976 1.771612
0.928605 0.000025 0.000025 0.000014 0.000002 0.063352 0.007976 1.771614
0.928609 0.000026 0.000024 0.000013 0.000002 0.063349 0.007976 1.771615
0.928614 0.000027 0.000023 0.000014 0.000002 0.063343 0.007976 1.771616
0.928617 0.000028 0.000024 0.000014 0.000002 0.063337 0.007976 1.771618
0.928620 0.000032 0.000025 0.000015 0.000002 0.063330 0.007976 1.771620
0.928623 0.000028 0.000029 0.000014 0.000002 0.063327 0.007976 1.771626
0.928625 0.000028 0.000027 0.000014 0.000002 0.063328 0.007976 1.771628
0.928629 0.000029 0.000027 0.000014 0.000002 0.063323 0.007976 1.771630
0.928632 0.000028 0.000026 0.000013 0.000002 0.063322 0.007976 1.771631
0.928635 0.000027 0.000025 0.000013 0.000002 0.063321 0.007976 1.771634
0.928640 0.000028 0.000024 0.000012 0.000002 0.063317 0.007976 1.771635
0.928644 0.000027 0.000024 0.000012 0.000002 0.063315 0.007976 1.771638
0.928644 0.000025 0.000027 0.000012 0.000002 0.063313 0.007976 1.771643
0.928645 0.000026 0.000027 0.000013 0.000002 0.063311 0.007976 1.771647
0.928647 0.000023 0.000027 0.000012 0.000002 0.063311 0.007977 1.771652
0.928649 0.000025 0.000027 0.000012 0.000002 0.063308 0.007977 1.771654
0.928651 0.000023 0.000027 0.000012 0.000002 0.063309 0.007977 1.771658
0.928654 0.000023 0.000027 0.000012 0.000002 0.063305 0.007977 1.771660
0.928655 0.000021 0.000029 0.000012 0.000002 0.063303 0.007977 1.771663
0.928654 0.000027 0.000027 0.000012 0.000002 0.063301 0.007977 1.771664
0.928656 0.000027 0.000027 0.000013 0.000002 0.063299 0.007977 1.771667
0.928659 0.000024 0.000027 0.000013 0.000001 0.063298 0.007977 1.771670
0.928662 0.000024 0.000028 0.000012 0.000001 0.063294 0.007977 1.771673
0.928665 0.000025 0.000026 0.000012 0.000001 0.063293 0.007977 1.771675
0.928667 0.000024 0.000024 0.000013 0.000001 0.063293 0.007977 1.771677
0.928670 0.000024 0.000024 0.000012 0.000000 0.063292 0.007977 1.771679
0.928670 0.000024 0.000024 0.000012 0.000000 0.063291 0.007977 1.771682
0.928676 0.000022 0.000025 0.000012 0.000000 0.063286 0.007977 1.771684
0.928678 0.000020 0.000024 0.000012 0.000001 0.063287 0.007977 1.771687
0.928680 0.000023 0.000023 0.000011 0.000001 0.063284 0.007977 1.771689
0.928681 0.000024 0.000022 0.000011 0.000001 0.063283 0.007977 1.771690
0.928682 0.000024 0.000021 0.000011 0.000001 0.063284 0.007977 1.771692
0.928686 0.000022 0.000019 0.000011 0.000001 0.063283 0.007977 1.771694
0.928689 0.000021 0.000021 0.000010 0.000001 0.063280 0.007977 1.771696
0.928689 0.000022 0.000021 0.000009 0.000002 0.063279 0.007977 1.771699
0.928689 0.000022 0.000022 0.000008 0.000002 0.063280 0.007977 1.771701
0.928689 0.000025 0.000022 0.000008 0.000002 0.063278 0.007977 1.771701
0.928692 0.000024 0.000023 0.000007 0.000002 0.063275 0.007977 1.771703
0.928697 0.000023 0.000023 0.000008 0.000002 0.063271 0.007977 1.771706
0.928701 0.000022 0.000021 0.000007 0.000002 0.063271 0.007977 1.771707
0.928703 0.000021 0.000023 0.000008 0.000002 0.063267 0.007977 1.771711
0.928705 0.000020 0.000023 0.000008 0.000002 0.063265 0.007977 1.771712
0.928704 0.000021 0.000023 0.000008 0.000002 0.063265 0.007977 1.771715
0.928703 0.000026 0.000023 0.000008 0.000002 0.063262 0.007977 1.771716
0.928702 0.000027 0.000021 0.000008 0.000002 0.063264 0.007977 1.771718
0.928703 0.000026 0.000021 0.000008 0.000002 0.063262 0.007977 1.771720
0.928704 0.000025 0.000022 0.000009 0.000002 0.063261 0.007977 1.771724
0.928705 0.000026 0.000022 0.000009 0.000002 0.063258 0.007977 1.771725
0.928705 0.000027 0.000019 0.000010 0.000002 0.063259 0.007977 1.771726
0.928707 0.000024 0.000021 0.000010 0.000002 0.063259 0.007977 1.771730
0.928708 0.000023 0.000021 0.000010 0.000002 0.063259 0.007977 1.771732
0.928708 0.000023 0.000022 0.000011 0.000002 0.063259 0.007977 1.771733
0.928708 0.000022 0.000022 0.000013 0.000002 0.063258 0.007977 1.771736
0.928709 0.000023 0.000021 0.000011 0.000002 0.063257 0.007977 1.771736
0.928712 0.000023 0.000022 0.000012 0.000002 0.063253 0.007977 1.771738
0.928713 0.000021 0.000022 0.000013 0.000002 0.063251 0.007977 1.771741
0.928715 0.000023 0.000022 0.000013 0.000002 0.063249 0.007977 1.771742
0.928716 0.000022 0.000022 0.000013 0.000002 0.063248 0.007977 1.771744
0.928720 0.000018 0.000024 0.000013 0.000002 0.063247 0.007977 1.771749
0.928720 0.000019 0.000023 0.000013 0.000002 0.063246 0.007977 1.771750
0.928719 0.000018 0.000025 0.000014 0.000002 0.063245 0.007977 1.771753
0.928720 0.000018 0.000026 0.000013 0.000002 0.063246 0.007977 1.771756
0.928719 0.000019 0.000024 0.000013 0.000002 0.063247 0.007977 1.771758
