0.329497 0.063740 0.057658 0.032624 0.002182 0.507978 0.006320 1.661895
0.331466 0.061910 0.057519 0.032558 0.002186 0.508006 0.006355 1.668050
0.334215 0.059461 0.057380 0.032422 0.002178 0.507960 0.006385 1.674065
0.337413 0.056851 0.056945 0.032184 0.002175 0.508017 0.006414 1.679824
0.340842 0.054351 0.056394 0.031855 0.002149 0.507962 0.006447 1.685287
0.344514 0.051777 0.055812 0.031455 0.002173 0.507801 0.006468 1.690543
0.348349 0.049393 0.055045 0.030984 0.002178 0.507554 0.006497 1.695431
0.352226 0.046971 0.054288 0.030558 0.002164 0.507270 0.006523 1.700231
0.356302 0.044646 0.053343 0.030026 0.002147 0.506984 0.006553 1.704766
0.360533 0.042468 0.052257 0.029453 0.002136 0.506574 0.006579 1.709049
0.364839 0.040480 0.051150 0.028741 0.002126 0.506061 0.006604 1.713098
0.369201 0.038512 0.049937 0.028107 0.002117 0.505494 0.006633 1.716938
0.373650 0.036742 0.048725 0.027439 0.002118 0.504663 0.006662 1.720588
0.378166 0.035031 0.047552 0.026737 0.002109 0.503720 0.006684 1.724077
0.382682 0.033351 0.046404 0.026075 0.002101 0.502674 0.006712 1.727461
0.387254 0.031787 0.045200 0.025333 0.002091 0.501596 0.006740 1.730661
0.391861 0.030366 0.043970 0.024620 0.002069 0.500344 0.006768 1.733672
0.396572 0.028948 0.042812 0.023857 0.002058 0.498955 0.006797 1.736581
0.401280 0.027729 0.041558 0.023121 0.002045 0.497439 0.006829 1.739344
0.406178 0.026388 0.040382 0.022413 0.002028 0.495752 0.006858 1.742062
0.410998 0.025244 0.039113 0.021769 0.002014 0.493977 0.006885 1.744574
0.415854 0.024153 0.037897 0.021037 0.001994 0.492157 0.006909 1.746967
0.420684 0.023145 0.036682 0.020401 0.001970 0.490183 0.006934 1.749265
0.425552 0.022195 0.035502 0.019755 0.001944 0.488086 0.006966 1.751477
0.430442 0.021249 0.034383 0.019159 0.001930 0.485843 0.006994 1.753621
0.435363 0.020395 0.033213 0.018537 0.001912 0.483564 0.007016 1.755611
0.440392 0.019532 0.032152 0.017910 0.001881 0.481092 0.007042 1.757569
0.445449 0.018710 0.031097 0.017291 0.001861 0.478522 0.007070 1.759453
0.450301 0.018025 0.030036 0.016683 0.001829 0.476028 0.007098 1.761233
0.455204 0.017327 0.029047 0.016101 0.001794 0.473408 0.007120 1.762944
0.460143 0.016633 0.028114 0.015589 0.001758 0.470620 0.007142 1.764616
0.465180 0.016017 0.027164 0.015067 0.001737 0.467670 0.007166 1.766171
0.470057 0.015445 0.026233 0.014564 0.001711 0.464806 0.007186 1.767717
0.474984 0.014902 0.025312 0.014069 0.001697 0.461835 0.007200 1.769167
0.479833 0.014366 0.024543 0.013567 0.001668 0.458798 0.007224 1.770625
0.484614 0.013864 0.023745 0.013078 0.001653 0.455804 0.007243 1.772011
0.489409 0.013440 0.022984 0.012598 0.001620 0.452680 0.007269 1.773321
0.494238 0.012994 0.022229 0.012156 0.001577 0.449514 0.007292 1.774636
0.498990 0.012558 0.021523 0.011735 0.001560 0.446321 0.007311 1.775917
0.503796 0.012219 0.020699 0.011345 0.001528 0.443079 0.007334 1.777091
0.508396 0.011867 0.020046 0.010950 0.001508 0.439877 0.007356 1.778254
0.513065 0.011499 0.019350 0.010598 0.001484 0.436631 0.007374 1.779381
0.517680 0.011204 0.018746 0.010191 0.001464 0.433324 0.007391 1.780459
0.522327 0.010905 0.018136 0.009778 0.001438 0.430008 0.007410 1.781513
0.527007 0.010579 0.017593 0.009402 0.001397 0.426593 0.007428 1.782555
0.531620 0.010307 0.017053 0.009091 0.001367 0.423112 0.007449 1.783576
0.536148 0.010054 0.016490 0.008806 0.001327 0.419706 0.007470 1.784566
0.540534 0.009748 0.016005 0.008562 0.001293 0.416370 0.007488 1.785559
0.545053 0.009523 0.015542 0.008282 0.001262 0.412831 0.007507 1.786475
0.549458 0.009287 0.015048 0.008015 0.001238 0.409434 0.007521 1.787387
0.553812 0.009094 0.014533 0.007796 0.001199 0.406021 0.007545 1.788288
0.558187 0.008883 0.014135 0.007549 0.001174 0.402511 0.007561 1.789161
0.562488 0.008659 0.013688 0.007326 0.001139 0.399117 0.007583 1.790033
0.566757 0.008460 0.013263 0.007088 0.001130 0.395705 0.007596 1.790878
0.571109 0.008244 0.012869 0.006878 0.001104 0.392187 0.007609 1.791703
0.575468 0.008016 0.012449 0.006668 0.001078 0.388694 0.007626 1.792525
0.579740 0.007834 0.012085 0.006440 0.001062 0.385202 0.007638 1.793299
0.583947 0.007669 0.011715 0.006243 0.001045 0.381730 0.007652 1.794053
0.588068 0.007526 0.011392 0.006033 0.001023 0.378293 0.007666 1.794797
0.592209 0.007332 0.011086 0.005854 0.000996 0.374843 0.007681 1.795534
0.596332 0.007188 0.010797 0.005690 0.000969 0.371329 0.007695 1.796264
0.600434 0.007045 0.010525 0.005543 0.000949 0.367796 0.007709 1.796985
0.604398 0.006972 0.010219 0.005392 0.000934 0.364366 0.007722 1.797642
0.608358 0.006889 0.009977 0.005243 0.000912 0.360891 0.007732 1.798318
0.612286 0.006763 0.009729 0.005105 0.000886 0.357483 0.007749 1.799012
0.616151 0.006700 0.009451 0.004946 0.000866 0.354130 0.007756 1.799637
0.620035 0.006583 0.009221 0.004841 0.000854 0.350697 0.007769 1.800301
0.623814 0.006501 0.008990 0.004714 0.000833 0.347366 0.007782 1.800937
0.627677 0.006409 0.008765 0.004586 0.000817 0.343952 0.007794 1.801558
0.631447 0.006318 0.008542 0.004475 0.000801 0.340614 0.007805 1.802180
0.635153 0.006238 0.008349 0.004385 0.000793 0.337270 0.007813 1.802808
0.638838 0.006124 0.008160 0.004315 0.000772 0.333968 0.007824 1.803433
0.642464 0.006044 0.007981 0.004201 0.000757 0.330717 0.007836 1.804022
0.646037 0.005976 0.007776 0.004102 0.000740 0.327521 0.007848 1.804603
0.649572 0.005947 0.007622 0.003967 0.000719 0.324314 0.007860 1.805151
0.653183 0.005868 0.007428 0.003889 0.000700 0.321061 0.007872 1.805707
0.656625 0.005800 0.007262 0.003801 0.000687 0.317943 0.007883 1.806266
0.660101 0.005699 0.007132 0.003742 0.000672 0.314759 0.007895 1.806858
0.663577 0.005589 0.007001 0.003676 0.000651 0.311603 0.007904 1.807434
0.666930 0.005544 0.006841 0.003598 0.000633 0.308540 0.007914 1.807960
0.670246 0.005496 0.006686 0.003522 0.000623 0.305506 0.007922 1.808488
0.673563 0.005483 0.006540 0.003474 0.000613 0.302398 0.007929 1.809010
0.676821 0.005421 0.006429 0.003421 0.000602 0.299368 0.007938 1.809544
0.680060 0.005354 0.006315 0.003383 0.000584 0.296357 0.007947 1.810072
0.683257 0.005310 0.006209 0.003322 0.000575 0.293371 0.007955 1.810598
0.686437 0.005252 0.006116 0.003255 0.000565 0.290414 0.007961 1.811131
0.689541 0.005201 0.005992 0.003232 0.000549 0.287517 0.007970 1.811655
0.692656 0.005158 0.005890 0.003181 0.000534 0.284607 0.007975 1.812167
0.695818 0.005108 0.005785 0.003119 0.000527 0.281662 0.007981 1.812664
0.698816 0.005079 0.005675 0.003055 0.000515 0.278871 0.007988 1.813145
0.701874 0.005046 0.005611 0.003001 0.000503 0.275971 0.007995 1.813636
0.704851 0.005008 0.005530 0.002960 0.000499 0.273152 0.008001 1.814130
0.707847 0.004923 0.005493 0.002909 0.000486 0.270340 0.008004 1.814659
0.710746 0.004873 0.005432 0.002888 0.000473 0.267577 0.008012 1.815149
0.713597 0.004861 0.005352 0.002837 0.000465 0.264871 0.008016 1.815610
0.716387 0.004857 0.005261 0.002810 0.000458 0.262207 0.008020 1.816085
0.719266 0.004832 0.005207 0.002779 0.000442 0.259445 0.008028 1.816568
0.722006 0.004805 0.005153 0.002752 0.000432 0.256818 0.008034 1.817052
0.724762 0.004823 0.005049 0.002713 0.000423 0.254192 0.008039 1.817476
0.727422 0.004793 0.004999 0.002682 0.000421 0.251642 0.008041 1.817958
0.730049 0.004805 0.004954 0.002648 0.000415 0.249082 0.008047 1.818420
0.732645 0.004766 0.004939 0.002632 0.000410 0.246559 0.008049 1.818929
0.735263 0.004755 0.004863 0.002607 0.000402 0.244058 0.008053 1.819372
0.737795 0.004774 0.004837 0.002550 0.000394 0.241594 0.008056 1.819810
0.740395 0.004758 0.004809 0.002534 0.000384 0.239058 0.008060 1.820278
0.742853 0.004739 0.004764 0.002524 0.000376 0.236680 0.008065 1.820737
0.745326 0.004748 0.004723 0.002493 0.000371 0.234270 0.008070 1.821186
0.747769 0.004733 0.004689 0.002477 0.000366 0.231895 0.008072 1.821638
0.750181 0.004693 0.004664 0.002471 0.000361 0.229555 0.008075 1.822120
0.752594 0.004706 0.004630 0.002458 0.000354 0.227179 0.008079 1.822566
0.754933 0.004703 0.004590 0.002435 0.000349 0.224909 0.008082 1.823016
0.757249 0.004707 0.004530 0.002437 0.000342 0.222650 0.008086 1.823451
0.759601 0.004710 0.004509 0.002420 0.000339 0.220334 0.008088 1.823895
0.761905 0.004738 0.004466 0.002400 0.000332 0.218069 0.008091 1.824340
0.764168 0.004709 0.004457 0.002397 0.000323 0.215850 0.008096 1.824823
0.766370 0.004705 0.004420 0.002391 0.000313 0.213699 0.008103 1.825291
0.768494 0.004700 0.004403 0.002378 0.000311 0.211609 0.008106 1.825754
0.770768 0.004687 0.004382 0.002386 0.000304 0.209359 0.008114 1.826219
0.772889 0.004709 0.004340 0.002365 0.000303 0.207278 0.008117 1.826657
0.775039 0.004679 0.004346 0.002373 0.000296 0.205146 0.008121 1.827140
0.777182 0.004681 0.004344 0.002359 0.000289 0.203023 0.008122 1.827591
0.779218 0.004736 0.004293 0.002334 0.000284 0.201009 0.008127 1.828022
0.781224 0.004723 0.004311 0.002339 0.000274 0.198997 0.008131 1.828510
0.783194 0.004753 0.004329 0.002339 0.000273 0.196977 0.008135 1.828980
0.785175 0.004728 0.004330 0.002335 0.000270 0.195023 0.008137 1.829449
0.787101 0.004727 0.004331 0.002341 0.000271 0.193089 0.008140 1.829944
0.789035 0.004724 0.004324 0.002354 0.000263 0.191157 0.008142 1.830413
0.790915 0.004782 0.004293 0.002339 0.000258 0.189266 0.008145 1.830860
0.792800 0.004823 0.004262 0.002335 0.000257 0.187375 0.008148 1.831314
0.794541 0.004851 0.004258 0.002329 0.000256 0.185614 0.008152 1.831794
0.796371 0.004830 0.004285 0.002316 0.000252 0.183790 0.008157 1.832272
0.798236 0.004851 0.004298 0.002299 0.000247 0.181907 0.008161 1.832736
0.800038 0.004837 0.004322 0.002303 0.000242 0.180093 0.008165 1.833215
0.801767 0.004841 0.004316 0.002300 0.000238 0.178370 0.008167 1.833691
0.803465 0.004883 0.004324 0.002273 0.000235 0.176652 0.008169 1.834145
0.805127 0.004875 0.004342 0.002295 0.000229 0.174961 0.008171 1.834644
0.806760 0.004877 0.004350 0.002316 0.000227 0.173296 0.008172 1.835141
0.808435 0.004905 0.004364 0.002302 0.000221 0.171597 0.008176 1.835616
0.810049 0.004962 0.004351 0.002302 0.000215 0.169940 0.008180 1.836086
0.811634 0.005003 0.004366 0.002311 0.000212 0.168288 0.008185 1.836599
0.813201 0.005028 0.004379 0.002337 0.000209 0.166658 0.008188 1.837109
0.814764 0.005034 0.004391 0.002357 0.000207 0.165053 0.008194 1.837629
0.816308 0.005087 0.004385 0.002368 0.000202 0.163451 0.008198 1.838100
0.817823 0.005139 0.004388 0.002360 0.000198 0.161888 0.008205 1.838584
0.819353 0.005174 0.004390 0.002352 0.000194 0.160332 0.008206 1.839082
0.820832 0.005209 0.004400 0.002348 0.000193 0.158809 0.008209 1.839590
0.822270 0.005249 0.004426 0.002365 0.000194 0.157284 0.008212 1.840087
0.823737 0.005220 0.004462 0.002366 0.000191 0.155809 0.008214 1.840612
0.825133 0.005294 0.004484 0.002375 0.000190 0.154308 0.008216 1.841125
0.826506 0.005364 0.004478 0.002373 0.000188 0.152874 0.008218 1.841624
0.827909 0.005351 0.004507 0.002398 0.000190 0.151422 0.008223 1.842178
0.829245 0.005385 0.004499 0.002415 0.000187 0.150046 0.008224 1.842681
0.830584 0.005386 0.004515 0.002430 0.000186 0.148671 0.008228 1.843216
0.831805 0.005464 0.004559 0.002440 0.000188 0.147315 0.008231 1.843757
0.832980 0.005532 0.004579 0.002460 0.000185 0.146030 0.008235 1.844288
0.834178 0.005596 0.004601 0.002471 0.000185 0.144731 0.008237 1.844836
0.835360 0.005655 0.004640 0.002501 0.000186 0.143420 0.008240 1.845394
0.836558 0.005729 0.004688 0.002488 0.000185 0.142111 0.008241 1.845952
0.837711 0.005799 0.004699 0.002490 0.000184 0.140873 0.008244 1.846492
0.838875 0.005824 0.004739 0.002506 0.000185 0.139627 0.008244 1.847057
0.839967 0.005877 0.004761 0.002525 0.000185 0.138437 0.008248 1.847616
0.841045 0.005926 0.004793 0.002554 0.000188 0.137244 0.008251 1.848195
0.842159 0.005986 0.004842 0.002557 0.000188 0.136014 0.008254 1.848780
0.843205 0.006060 0.004863 0.002569 0.000193 0.134855 0.008256 1.849357
0.844208 0.006104 0.004913 0.002600 0.000189 0.133729 0.008258 1.849971
0.845184 0.006166 0.004948 0.002640 0.000188 0.132613 0.008260 1.850584
0.846204 0.006214 0.004968 0.002656 0.000187 0.131509 0.008264 1.851174
0.847152 0.006322 0.004980 0.002688 0.000186 0.130408 0.008266 1.851780
0.848111 0.006353 0.005023 0.002708 0.000185 0.129354 0.008267 1.852406
0.849060 0.006415 0.005100 0.002752 0.000188 0.128217 0.008268 1.853037
0.849953 0.006456 0.005157 0.002781 0.000187 0.127196 0.008269 1.853692
0.850849 0.006493 0.005225 0.002806 0.000181 0.126172 0.008275 1.854363
0.851749 0.006572 0.005228 0.002834 0.000176 0.125164 0.008278 1.854971
0.852598 0.006661 0.005300 0.002850 0.000179 0.124133 0.008280 1.855612
0.853418 0.006747 0.005320 0.002861 0.000180 0.123193 0.008282 1.856249
0.854267 0.006822 0.005376 0.002857 0.000176 0.122216 0.008286 1.856891
0.855079 0.006897 0.005409 0.002884 0.000181 0.121262 0.008288 1.857556
0.855809 0.006944 0.005506 0.002900 0.000185 0.120368 0.008289 1.858239
0.856547 0.007015 0.005564 0.002931 0.000185 0.119464 0.008293 1.858912
0.857308 0.007035 0.005613 0.002966 0.000180 0.118602 0.008298 1.859612
0.858001 0.007064 0.005686 0.003000 0.000187 0.117762 0.008300 1.860342
0.858693 0.007169 0.005717 0.003015 0.000189 0.116916 0.008302 1.861016
0.859381 0.007231 0.005777 0.003049 0.000191 0.116067 0.008304 1.861735
0.860015 0.007304 0.005848 0.003052 0.000193 0.115283 0.008305 1.862445
0.860644 0.007369 0.005897 0.003085 0.000192 0.114503 0.008309 1.863153
0.861335 0.007405 0.005963 0.003126 0.000193 0.113668 0.008310 1.863891
0.861900 0.007486 0.005992 0.003149 0.000195 0.112963 0.008315 1.864623
0.862437 0.007614 0.006042 0.003172 0.000193 0.112225 0.008318 1.865350
0.863039 0.007685 0.006113 0.003193 0.000190 0.111458 0.008321 1.866100
0.863578 0.007760 0.006150 0.003223 0.000197 0.110771 0.008322 1.866846
0.864185 0.007830 0.006217 0.003269 0.000192 0.109980 0.008325 1.867621
0.864689 0.007909 0.006286 0.003292 0.000193 0.109303 0.008328 1.868384
0.865212 0.007990 0.006332 0.003321 0.000193 0.108623 0.008330 1.869144
0.865750 0.008026 0.006407 0.003384 0.000191 0.107907 0.008335 1.869958
0.866231 0.008086 0.006463 0.003401 0.000194 0.107288 0.008337 1.870760
0.866741 0.008158 0.006511 0.003429 0.000199 0.106623 0.008339 1.871545
0.867142 0.008222 0.006603 0.003484 0.000197 0.106010 0.008342 1.872383
0.867573 0.008293 0.006686 0.003527 0.000197 0.105377 0.008346 1.873225
0.867953 0.008398 0.006704 0.003572 0.000199 0.104824 0.008351 1.874035
0.868304 0.008519 0.006755 0.003612 0.000200 0.104256 0.008356 1.874877
0.868621 0.008669 0.006814 0.003645 0.000200 0.103693 0.008359 1.875702
0.868929 0.008773 0.006872 0.003676 0.000200 0.103189 0.008361 1.876557
0.869209 0.008884 0.006950 0.003732 0.000203 0.102658 0.008363 1.877436
0.869499 0.009021 0.007016 0.003747 0.000206 0.102145 0.008367 1.878296
0.869831 0.009074 0.007109 0.003766 0.000207 0.101642 0.008370 1.879204
0.870103 0.009155 0.007166 0.003805 0.000217 0.101183 0.008372 1.880106
0.870401 0.009249 0.007252 0.003828 0.000219 0.100678 0.008374 1.880994
0.870672 0.009315 0.007338 0.003870 0.000223 0.100207 0.008375 1.881914
0.870869 0.009455 0.007389 0.003906 0.000227 0.099776 0.008378 1.882833
0.871055 0.009564 0.007472 0.003965 0.000230 0.099332 0.008382 1.883770
0.871234 0.009640 0.007600 0.004015 0.000228 0.098898 0.008384 1.884741
0.871387 0.009773 0.007665 0.004035 0.000230 0.098524 0.008386 1.885660
0.871502 0.009886 0.007740 0.004078 0.000233 0.098170 0.008391 1.886624
0.871684 0.009960 0.007850 0.004143 0.000231 0.097738 0.008394 1.887620
0.871857 0.010014 0.007920 0.004214 0.000227 0.097371 0.008397 1.888615
0.872057 0.010130 0.007973 0.004249 0.000232 0.096960 0.008400 1.889580
0.872175 0.010252 0.008054 0.004300 0.000237 0.096578 0.008404 1.890581
0.872303 0.010326 0.008111 0.004345 0.000241 0.096267 0.008407 1.891587
0.872390 0.010479 0.008205 0.004387 0.000243 0.095887 0.008409 1.892569
0.872475 0.010553 0.008291 0.004394 0.000248 0.095626 0.008412 1.893608
0.872574 0.010646 0.008361 0.004445 0.000249 0.095308 0.008418 1.894640
0.872659 0.010731 0.008479 0.004431 0.000254 0.095023 0.008422 1.895698
0.872708 0.010859 0.008525 0.004464 0.000257 0.094762 0.008426 1.896717
0.872760 0.010945 0.008575 0.004510 0.000255 0.094527 0.008428 1.897771
0.872724 0.011026 0.008694 0.004549 0.000262 0.094314 0.008431 1.898863
0.872747 0.011081 0.008806 0.004603 0.000262 0.094064 0.008437 1.899962
0.872721 0.011169 0.008898 0.004627 0.000261 0.093884 0.008440 1.901057
0.872729 0.011251 0.008951 0.004676 0.000264 0.093689 0.008441 1.902153
0.872695 0.011374 0.009008 0.004729 0.000271 0.093480 0.008444 1.903246
0.872677 0.011449 0.009100 0.004764 0.000272 0.093291 0.008447 1.904366
0.872587 0.011549 0.009191 0.004841 0.000278 0.093106 0.008448 1.905502
0.872506 0.011640 0.009245 0.004917 0.000277 0.092960 0.008455 1.906646
0.872489 0.011727 0.009300 0.004952 0.000281 0.092794 0.008457 1.907751
0.872448 0.011804 0.009378 0.005010 0.000283 0.092617 0.008461 1.908908
0.872381 0.011911 0.009452 0.005054 0.000282 0.092455 0.008465 1.910043
0.872229 0.012030 0.009505 0.005102 0.000285 0.092384 0.008467 1.911185
0.872049 0.012157 0.009634 0.005117 0.000287 0.092283 0.008474 1.912382
0.871825 0.012363 0.009673 0.005132 0.000290 0.092239 0.008479 1.913532
0.871691 0.012446 0.009773 0.005186 0.000293 0.092130 0.008482 1.914735
0.871525 0.012504 0.009916 0.005241 0.000299 0.092031 0.008486 1.915992
0.871368 0.012571 0.010036 0.005309 0.000300 0.091928 0.008489 1.917233
0.871261 0.012603 0.010155 0.005382 0.000304 0.091805 0.008492 1.918497
0.871068 0.012702 0.010251 0.005403 0.000313 0.091770 0.008495 1.919737
0.870867 0.012789 0.010320 0.005474 0.000313 0.091739 0.008499 1.920990
0.870695 0.012877 0.010400 0.005520 0.000321 0.091685 0.008501 1.922211
0.870471 0.012987 0.010483 0.005539 0.000325 0.091691 0.008504 1.923460
0.870314 0.013049 0.010578 0.005584 0.000328 0.091640 0.008506 1.924731
0.870078 0.013094 0.010713 0.005631 0.000332 0.091642 0.008511 1.926044
0.869826 0.013197 0.010822 0.005639 0.000326 0.091672 0.008518 1.927318
0.869558 0.013264 0.010911 0.005677 0.000328 0.091740 0.008522 1.928633
0.869305 0.013359 0.010976 0.005737 0.000330 0.091767 0.008526 1.929932
0.869100 0.013440 0.011066 0.005798 0.000335 0.091730 0.008530 1.931242
0.868792 0.013524 0.011149 0.005833 0.000340 0.091826 0.008537 1.932565
0.868524 0.013577 0.011237 0.005882 0.000335 0.091902 0.008543 1.933913
0.868162 0.013704 0.011328 0.005910 0.000328 0.092018 0.008549 1.935253
0.867896 0.013790 0.011340 0.005957 0.000329 0.092135 0.008554 1.936591
0.867575 0.013869 0.011431 0.005997 0.000330 0.092243 0.008556 1.937970
0.867297 0.013881 0.011515 0.006072 0.000332 0.092343 0.008561 1.939367
0.866981 0.014010 0.011576 0.006117 0.000334 0.092416 0.008565 1.940730
0.866724 0.014069 0.011614 0.006122 0.000339 0.092560 0.008571 1.942092
0.866405 0.014137 0.011726 0.006159 0.000347 0.092651 0.008575 1.943509
0.866053 0.014278 0.011800 0.006210 0.000351 0.092731 0.008578 1.944876
0.865770 0.014376 0.011846 0.006265 0.000354 0.092804 0.008584 1.946250
0.865449 0.014427 0.011934 0.006286 0.000358 0.092957 0.008589 1.947665
0.865152 0.014520 0.011985 0.006302 0.000365 0.093082 0.008594 1.949056
0.864738 0.014680 0.012080 0.006304 0.000366 0.093232 0.008599 1.950449
0.864387 0.014732 0.012193 0.006372 0.000373 0.093340 0.008603 1.951919
0.864009 0.014826 0.012262 0.006394 0.000382 0.093517 0.008609 1.953335
0.863678 0.014851 0.012354 0.006437 0.000387 0.093681 0.008612 1.954794
0.863264 0.014954 0.012429 0.006501 0.000388 0.093847 0.008617 1.956259
0.862896 0.015095 0.012515 0.006524 0.000389 0.093961 0.008621 1.957684
0.862511 0.015209 0.012594 0.006554 0.000385 0.094118 0.008629 1.959151
0.862127 0.015256 0.012709 0.006597 0.000390 0.094287 0.008634 1.960674
0.861717 0.015359 0.012777 0.006637 0.000395 0.094476 0.008639 1.962167
0.861434 0.015356 0.012844 0.006661 0.000393 0.094668 0.008645 1.963680
0.860995 0.015455 0.012916 0.006702 0.000390 0.094893 0.008651 1.965193
0.860621 0.015508 0.012971 0.006766 0.000393 0.095087 0.008654 1.966687
0.860241 0.015528 0.013053 0.006829 0.000387 0.095300 0.008663 1.968209
0.859897 0.015566 0.013150 0.006895 0.000391 0.095437 0.008665 1.969729
0.859538 0.015623 0.013179 0.006933 0.000396 0.095659 0.008672 1.971242
0.859116 0.015675 0.013249 0.006983 0.000395 0.095905 0.008677 1.972796
0.858736 0.015683 0.013329 0.007011 0.000399 0.096159 0.008682 1.974346
0.858366 0.015708 0.013389 0.006994 0.000398 0.096458 0.008688 1.975883
0.857987 0.015761 0.013438 0.007019 0.000403 0.096699 0.008693 1.977431
0.857532 0.015838 0.013510 0.007080 0.000406 0.096935 0.008699 1.979007
0.857106 0.015856 0.013591 0.007120 0.000406 0.097217 0.008703 1.980605
0.856795 0.015850 0.013607 0.007149 0.000409 0.097480 0.008710 1.982156
0.856462 0.015826 0.013637 0.007151 0.000407 0.097801 0.008714 1.983724
0.856004 0.015971 0.013625 0.007163 0.000413 0.098106 0.008719 1.985244
0.855686 0.015990 0.013599 0.007195 0.000410 0.098395 0.008725 1.986790
0.855277 0.016039 0.013642 0.007210 0.000418 0.098683 0.008731 1.988318
0.854904 0.016074 0.013712 0.007221 0.000422 0.098932 0.008736 1.989874
0.854526 0.016130 0.013731 0.007233 0.000431 0.099210 0.008738 1.991427
0.854160 0.016152 0.013771 0.007286 0.000429 0.099454 0.008748 1.993000
0.853836 0.016176 0.013807 0.007296 0.000433 0.099702 0.008752 1.994562
0.853510 0.016117 0.013906 0.007311 0.000435 0.099961 0.008759 1.996198
0.853167 0.016157 0.013964 0.007317 0.000444 0.100187 0.008764 1.997762
0.852824 0.016186 0.013948 0.007292 0.000441 0.100543 0.008767 1.999306
0.852519 0.016151 0.014011 0.007324 0.000443 0.100781 0.008772 2.000933
0.852141 0.016161 0.014108 0.007343 0.000440 0.101030 0.008779 2.002542
0.851766 0.016158 0.014136 0.007382 0.000448 0.101324 0.008786 2.004155
0.851447 0.016142 0.014156 0.007416 0.000451 0.101599 0.008790 2.005754
0.851145 0.016124 0.014164 0.007432 0.000453 0.101887 0.008795 2.007342
0.850856 0.016166 0.014170 0.007453 0.000455 0.102101 0.008801 2.008905
0.850542 0.016177 0.014223 0.007419 0.000454 0.102376 0.008809 2.010477
0.850164 0.016260 0.014209 0.007438 0.000456 0.102659 0.008815 2.012045
0.849791 0.016314 0.014274 0.007418 0.000468 0.102916 0.008820 2.013635
0.849479 0.016306 0.014309 0.007446 0.000465 0.103168 0.008827 2.015225
0.849144 0.016316 0.014307 0.007488 0.000464 0.103449 0.008833 2.016825
0.848815 0.016263 0.014378 0.007561 0.000455 0.103685 0.008842 2.018470
0.848544 0.016310 0.014358 0.007561 0.000459 0.103918 0.008851 2.020018
0.848182 0.016383 0.014376 0.007518 0.000470 0.104215 0.008855 2.021594
0.847904 0.016332 0.014450 0.007532 0.000469 0.104453 0.008860 2.023218
0.847569 0.016276 0.014516 0.007594 0.000467 0.104712 0.008866 2.024890
0.847316 0.016318 0.014549 0.007616 0.000467 0.104865 0.008869 2.026477
0.847038 0.016364 0.014545 0.007573 0.000467 0.105136 0.008878 2.028031
0.846700 0.016417 0.014548 0.007589 0.000463 0.105397 0.008886 2.029633
0.846409 0.016384 0.014573 0.007629 0.000478 0.105637 0.008889 2.031269
0.846138 0.016388 0.014560 0.007664 0.000470 0.105884 0.008898 2.032866
0.845897 0.016367 0.014552 0.007659 0.000479 0.106145 0.008903 2.034442
0.845630 0.016330 0.014588 0.007670 0.000484 0.106387 0.008911 2.036054
0.845375 0.016310 0.014583 0.007709 0.000481 0.106624 0.008919 2.037658
0.845089 0.016339 0.014556 0.007732 0.000478 0.106882 0.008926 2.039234
0.844821 0.016378 0.014547 0.007677 0.000475 0.107165 0.008937 2.040763
0.844587 0.016323 0.014580 0.007673 0.000475 0.107418 0.008943 2.042394
0.844336 0.016221 0.014616 0.007708 0.000474 0.107696 0.008951 2.044049
0.844059 0.016213 0.014547 0.007718 0.000477 0.108029 0.008957 2.045626
0.843843 0.016163 0.014541 0.007705 0.000477 0.108309 0.008962 2.047213
0.843597 0.016143 0.014550 0.007712 0.000471 0.108561 0.008967 2.048809
0.843382 0.016115 0.014546 0.007691 0.000472 0.108820 0.008974 2.050401
0.843180 0.016057 0.014568 0.007687 0.000478 0.109053 0.008977 2.052008
0.843057 0.015993 0.014523 0.007654 0.000479 0.109307 0.008987 2.053558
0.842928 0.015985 0.014525 0.007667 0.000483 0.109417 0.008995 2.055111
0.842767 0.015980 0.014518 0.007661 0.000480 0.109591 0.009002 2.056653
0.842580 0.015924 0.014537 0.007667 0.000479 0.109805 0.009010 2.058224
0.842469 0.015887 0.014531 0.007627 0.000482 0.109985 0.009018 2.059771
0.842337 0.015802 0.014541 0.007625 0.000487 0.110185 0.009023 2.061347
0.842158 0.015831 0.014511 0.007602 0.000489 0.110382 0.009028 2.062862
0.841936 0.015827 0.014548 0.007584 0.000491 0.110580 0.009034 2.064415
0.841851 0.015778 0.014521 0.007569 0.000493 0.110747 0.009041 2.065946
0.841702 0.015715 0.014534 0.007584 0.000495 0.110924 0.009047 2.067512
0.841568 0.015739 0.014462 0.007592 0.000495 0.111092 0.009053 2.069036
0.841463 0.015742 0.014415 0.007532 0.000493 0.111294 0.009061 2.070536
0.841390 0.015673 0.014361 0.007565 0.000492 0.111451 0.009069 2.072076
0.841239 0.015696 0.014392 0.007542 0.000493 0.111565 0.009073 2.073613
0.841057 0.015680 0.014436 0.007539 0.000490 0.111719 0.009080 2.075188
0.840926 0.015606 0.014413 0.007547 0.000491 0.111933 0.009083 2.076759
0.840856 0.015492 0.014437 0.007550 0.000495 0.112082 0.009088 2.078332
0.840780 0.015491 0.014370 0.007543 0.000497 0.112227 0.009094 2.079831
0.840746 0.015453 0.014376 0.007545 0.000492 0.112290 0.009099 2.081351
0.840678 0.015450 0.014303 0.007514 0.000495 0.112457 0.009103 2.082837
0.840612 0.015374 0.014300 0.007510 0.000505 0.112592 0.009108 2.084361
0.840558 0.015366 0.014214 0.007500 0.000508 0.112739 0.009114 2.085854
0.840538 0.015321 0.014186 0.007495 0.000504 0.112834 0.009121 2.087354
0.840502 0.015307 0.014179 0.007422 0.000504 0.112962 0.009123 2.088802
0.840489 0.015233 0.014132 0.007426 0.000503 0.113087 0.009130 2.090303
0.840427 0.015189 0.014123 0.007406 0.000499 0.113220 0.009136 2.091798
0.840375 0.015147 0.014102 0.007390 0.000495 0.113350 0.009142 2.093319
0.840290 0.015202 0.014063 0.007377 0.000500 0.113418 0.009149 2.094758
0.840313 0.015138 0.013988 0.007372 0.000503 0.113531 0.009156 2.096230
0.840341 0.015078 0.013944 0.007332 0.000496 0.113646 0.009164 2.097667
0.840313 0.015040 0.013936 0.007316 0.000497 0.113728 0.009172 2.099153
0.840212 0.015010 0.013959 0.007308 0.000494 0.113835 0.009183 2.100671
0.840201 0.014942 0.013931 0.007297 0.000506 0.113939 0.009185 2.102156
0.840252 0.014886 0.013938 0.007294 0.000503 0.113938 0.009190 2.103646
0.840246 0.014821 0.013889 0.007308 0.000506 0.114036 0.009195 2.105089
0.840314 0.014711 0.013848 0.007305 0.000504 0.114118 0.009201 2.106593
0.840346 0.014647 0.013828 0.007315 0.000500 0.114155 0.009210 2.108053
0.840383 0.014626 0.013778 0.007287 0.000499 0.114210 0.009217 2.109487
0.840363 0.014675 0.013702 0.007285 0.000495 0.114259 0.009223 2.110885
0.840398 0.014666 0.013647 0.007286 0.000493 0.114283 0.009227 2.112317
0.840416 0.014664 0.013595 0.007291 0.000495 0.114307 0.009231 2.113735
0.840385 0.014646 0.013550 0.007266 0.000493 0.114424 0.009236 2.115155
0.840418 0.014579 0.013576 0.007233 0.000491 0.114459 0.009243 2.116618
0.840451 0.014590 0.013531 0.007191 0.000487 0.114498 0.009252 2.118024
0.840457 0.014513 0.013494 0.007197 0.000483 0.114597 0.009258 2.119475
0.840433 0.014523 0.013487 0.007150 0.000483 0.114658 0.009265 2.120897
0.840487 0.014458 0.013452 0.007145 0.000482 0.114703 0.009273 2.122323
0.840524 0.014414 0.013498 0.007116 0.000477 0.114691 0.009279 2.123772
0.840633 0.014313 0.013522 0.007101 0.000483 0.114665 0.009283 2.125225
0.840705 0.014328 0.013442 0.007056 0.000484 0.114696 0.009290 2.126608
0.840768 0.014302 0.013389 0.006996 0.000487 0.114764 0.009294 2.128008
0.840810 0.014280 0.013371 0.006942 0.000481 0.114812 0.009304 2.129426
0.840886 0.014295 0.013320 0.006949 0.000481 0.114763 0.009308 2.130804
0.840985 0.014205 0.013287 0.006945 0.000476 0.114789 0.009312 2.132232
0.841112 0.014156 0.013276 0.006926 0.000480 0.114732 0.009319 2.133621
0.841210 0.014130 0.013217 0.006910 0.000485 0.114724 0.009323 2.135018
0.841293 0.014095 0.013139 0.006870 0.000490 0.114783 0.009331 2.136376
0.841281 0.014149 0.013138 0.006855 0.000493 0.114748 0.009335 2.137744
0.841350 0.014114 0.013097 0.006883 0.000492 0.114723 0.009341 2.139134
0.841409 0.014098 0.013071 0.006869 0.000494 0.114713 0.009346 2.140499
0.841531 0.014053 0.013046 0.006841 0.000492 0.114685 0.009352 2.141895
0.841622 0.014010 0.012987 0.006844 0.000489 0.114687 0.009361 2.143276
0.841690 0.013974 0.012969 0.006857 0.000487 0.114654 0.009368 2.144676
0.841872 0.013894 0.012957 0.006849 0.000478 0.114573 0.009375 2.146047
0.841961 0.013876 0.012861 0.006847 0.000474 0.114599 0.009381 2.147397
0.842026 0.013887 0.012830 0.006831 0.000468 0.114568 0.009389 2.148732
0.842155 0.013880 0.012790 0.006835 0.000468 0.114478 0.009394 2.150054
0.842209 0.013851 0.012811 0.006827 0.000464 0.114439 0.009399 2.151441
0.842245 0.013856 0.012819 0.006811 0.000469 0.114396 0.009403 2.152806
0.842353 0.013838 0.012810 0.006776 0.000467 0.114348 0.009408 2.154150
0.842500 0.013789 0.012729 0.006758 0.000464 0.114345 0.009413 2.155472
0.842630 0.013802 0.012699 0.006697 0.000461 0.114292 0.009418 2.156791
0.842786 0.013763 0.012663 0.006659 0.000460 0.114245 0.009424 2.158101
0.842880 0.013699 0.012632 0.006679 0.000459 0.114223 0.009428 2.159455
0.843008 0.013666 0.012624 0.006630 0.000464 0.114175 0.009433 2.160797
0.843177 0.013623 0.012602 0.006657 0.000456 0.114042 0.009442 2.162154
0.843284 0.013559 0.012569 0.006645 0.000451 0.114043 0.009449 2.163529
0.843413 0.013532 0.012538 0.006611 0.000454 0.114000 0.009453 2.164853
0.843567 0.013494 0.012493 0.006587 0.000455 0.113944 0.009459 2.166164
0.843696 0.013437 0.012469 0.006570 0.000456 0.113905 0.009464 2.167491
0.843822 0.013378 0.012436 0.006603 0.000450 0.113838 0.009472 2.168850
0.843994 0.013329 0.012422 0.006567 0.000451 0.113758 0.009478 2.170174
0.844096 0.013324 0.012410 0.006552 0.000448 0.113686 0.009484 2.171493
0.844286 0.013281 0.012397 0.006550 0.000444 0.113549 0.009493 2.172799
0.844405 0.013357 0.012316 0.006507 0.000445 0.113470 0.009500 2.174047
0.844588 0.013284 0.012291 0.006519 0.000449 0.113365 0.009504 2.175369
0.844719 0.013229 0.012312 0.006488 0.000453 0.113290 0.009509 2.176709
0.844844 0.013166 0.012341 0.006442 0.000452 0.113240 0.009515 2.178049
0.844952 0.013209 0.012293 0.006441 0.000455 0.113128 0.009521 2.179313
0.845044 0.013243 0.012285 0.006398 0.000449 0.113055 0.009527 2.180571
0.845180 0.013260 0.012231 0.006409 0.000442 0.112945 0.009533 2.181861
0.845364 0.013216 0.012169 0.006402 0.000440 0.112868 0.009541 2.183167
0.845517 0.013143 0.012181 0.006386 0.000439 0.112789 0.009545 2.184475
0.845569 0.013147 0.012186 0.006368 0.000438 0.112744 0.009548 2.185778
0.845684 0.013146 0.012141 0.006327 0.000440 0.112707 0.009555 2.187063
0.845832 0.013129 0.012087 0.006346 0.000437 0.112611 0.009560 2.188344
0.845943 0.013175 0.012060 0.006343 0.000436 0.112474 0.009571 2.189617
0.846080 0.013161 0.012012 0.006369 0.000438 0.112366 0.009575 2.190929
0.846268 0.013080 0.012012 0.006335 0.000435 0.112289 0.009581 2.192219
0.846395 0.013075 0.012010 0.006342 0.000427 0.112164 0.009587 2.193508
0.846551 0.013026 0.012020 0.006386 0.000421 0.112001 0.009595 2.194812
0.846692 0.013013 0.012011 0.006340 0.000421 0.111921 0.009601 2.196096
0.846844 0.012972 0.011963 0.006352 0.000415 0.111844 0.009611 2.197379
0.846947 0.012947 0.011991 0.006344 0.000412 0.111742 0.009617 2.198685
0.847105 0.012893 0.011980 0.006333 0.000410 0.111659 0.009621 2.199968
0.847256 0.012915 0.011939 0.006318 0.000409 0.111535 0.009627 2.201192
0.847412 0.012878 0.011887 0.006328 0.000405 0.111459 0.009633 2.202455
0.847502 0.012878 0.011888 0.006301 0.000399 0.111392 0.009641 2.203724
0.847646 0.012834 0.011879 0.006300 0.000402 0.111294 0.009647 2.205010
0.847782 0.012868 0.011874 0.006284 0.000399 0.111140 0.009653 2.206236
0.847920 0.012958 0.011813 0.006230 0.000405 0.111021 0.009654 2.207435
0.848046 0.012953 0.011859 0.006234 0.000409 0.110841 0.009659 2.208714
0.848227 0.012921 0.011844 0.006203 0.000415 0.110727 0.009663 2.209977
0.848338 0.012925 0.011861 0.006181 0.000412 0.110614 0.009669 2.211244
0.848438 0.012974 0.011824 0.006155 0.000409 0.110525 0.009674 2.212480
0.848585 0.012920 0.011878 0.006193 0.000406 0.110338 0.009680 2.213752
0.848624 0.012967 0.011832 0.006191 0.000405 0.110297 0.009684 2.215002
0.848800 0.012904 0.011837 0.006189 0.000398 0.110182 0.009691 2.216273
0.848923 0.012927 0.011783 0.006194 0.000397 0.110079 0.009696 2.217507
0.849091 0.012941 0.011776 0.006155 0.000394 0.109942 0.009700 2.218735
0.849232 0.012959 0.011763 0.006130 0.000393 0.109821 0.009704 2.219974
0.849328 0.012969 0.011748 0.006129 0.000392 0.109726 0.009708 2.221239
0.849485 0.012957 0.011718 0.006100 0.000385 0.109640 0.009716 2.222460
0.849672 0.012859 0.011751 0.006086 0.000388 0.109525 0.009720 2.223761
0.849795 0.012851 0.011717 0.006089 0.000389 0.109436 0.009724 2.225006
0.849888 0.012860 0.011720 0.006096 0.000391 0.109315 0.009729 2.226259
0.850007 0.012856 0.011740 0.006087 0.000398 0.109177 0.009735 2.227508
0.850142 0.012858 0.011737 0.006098 0.000396 0.109029 0.009739 2.228766
0.850245 0.012892 0.011744 0.006076 0.000390 0.108911 0.009743 2.230009
0.850421 0.012810 0.011704 0.006077 0.000392 0.108848 0.009748 2.231294
0.850583 0.012768 0.011668 0.006087 0.000394 0.108745 0.009754 2.232566
0.850647 0.012753 0.011695 0.006080 0.000392 0.108670 0.009763 2.233841
0.850729 0.012786 0.011692 0.006059 0.000390 0.108578 0.009767 2.235068
0.850857 0.012781 0.011620 0.006055 0.000385 0.108527 0.009776 2.236304
0.850979 0.012758 0.011625 0.006051 0.000378 0.108426 0.009785 2.237557
0.851066 0.012758 0.011596 0.006053 0.000384 0.108355 0.009789 2.238810
0.851188 0.012749 0.011584 0.006056 0.000390 0.108238 0.009796 2.240060
0.851323 0.012716 0.011592 0.006033 0.000388 0.108147 0.009801 2.241302
0.851454 0.012722 0.011524 0.006018 0.000387 0.108089 0.009805 2.242525
0.851556 0.012735 0.011481 0.006032 0.000391 0.107996 0.009808 2.243752
0.851635 0.012714 0.011519 0.006039 0.000392 0.107888 0.009813 2.245004
0.851817 0.012664 0.011534 0.006013 0.000401 0.107759 0.009814 2.246256
0.851871 0.012706 0.011560 0.005990 0.000402 0.107651 0.009820 2.247472
0.851999 0.012681 0.011541 0.006016 0.000402 0.107538 0.009824 2.248716
0.852060 0.012732 0.011540 0.006026 0.000401 0.107410 0.009830 2.249941
0.852153 0.012724 0.011498 0.006040 0.000401 0.107350 0.009835 2.251177
0.852246 0.012710 0.011509 0.006018 0.000400 0.107279 0.009839 2.252427
0.852369 0.012686 0.011566 0.006010 0.000398 0.107126 0.009844 2.253678
0.852517 0.012692 0.011554 0.006012 0.000394 0.106981 0.009850 2.254900
0.852647 0.012697 0.011555 0.006031 0.000397 0.106817 0.009855 2.256122
0.852781 0.012657 0.011567 0.006032 0.000395 0.106708 0.009860 2.257397
0.852860 0.012631 0.011532 0.005997 0.000397 0.106718 0.009865 2.258614
0.852976 0.012589 0.011529 0.006027 0.000402 0.106610 0.009868 2.259883
0.853120 0.012536 0.011520 0.006022 0.000401 0.106529 0.009872 2.261126
0.853201 0.012577 0.011477 0.006025 0.000399 0.106440 0.009881 2.262323
0.853278 0.012562 0.011412 0.006017 0.000397 0.106446 0.009888 2.263513
0.853401 0.012573 0.011388 0.006007 0.000397 0.106340 0.009895 2.264729
0.853525 0.012557 0.011367 0.006020 0.000394 0.106236 0.009900 2.265958
0.853660 0.012558 0.011361 0.005975 0.000395 0.106144 0.009907 2.267159
0.853709 0.012608 0.011379 0.005975 0.000402 0.106014 0.009913 2.268369
0.853853 0.012602 0.011403 0.005972 0.000398 0.105852 0.009921 2.269634
0.853889 0.012680 0.011384 0.005922 0.000396 0.105803 0.009926 2.270846
0.853947 0.012666 0.011364 0.005947 0.000393 0.105753 0.009931 2.272083
0.854022 0.012639 0.011377 0.005942 0.000392 0.105692 0.009937 2.273339
0.854084 0.012639 0.011410 0.005951 0.000388 0.105586 0.009942 2.274596
0.854138 0.012651 0.011424 0.005968 0.000389 0.105486 0.009945 2.275823
0.854252 0.012629 0.011437 0.005964 0.000389 0.105380 0.009949 2.277065
0.854358 0.012585 0.011459 0.005981 0.000392 0.105270 0.009954 2.278337
0.854466 0.012547 0.011439 0.005995 0.000398 0.105197 0.009959 2.279577
0.854569 0.012529 0.011432 0.006013 0.000398 0.105097 0.009963 2.280829
0.854665 0.012508 0.011434 0.006014 0.000401 0.105009 0.009968 2.282086
0.854736 0.012527 0.011405 0.006017 0.000393 0.104949 0.009973 2.283286
0.854815 0.012514 0.011394 0.006024 0.000398 0.104879 0.009975 2.284539
0.854875 0.012494 0.011386 0.006022 0.000391 0.104854 0.009978 2.285782
0.854964 0.012533 0.011367 0.005977 0.000394 0.104780 0.009985 2.286981
0.854998 0.012617 0.011377 0.005945 0.000386 0.104684 0.009992 2.288193
0.855099 0.012545 0.011454 0.005935 0.000390 0.104578 0.009999 2.289490
0.855160 0.012600 0.011446 0.005924 0.000387 0.104479 0.010003 2.290717
0.855223 0.012597 0.011420 0.005956 0.000391 0.104406 0.010008 2.291943
0.855263 0.012619 0.011432 0.005961 0.000383 0.104327 0.010016 2.293175
0.855324 0.012608 0.011460 0.005977 0.000382 0.104227 0.010022 2.294446
0.855347 0.012684 0.011478 0.005985 0.000389 0.104093 0.010025 2.295672
0.855366 0.012666 0.011468 0.005984 0.000396 0.104095 0.010026 2.296924
0.855449 0.012692 0.011442 0.005941 0.000392 0.104052 0.010032 2.298128
0.855472 0.012735 0.011455 0.005931 0.000393 0.103979 0.010036 2.299402
0.855448 0.012790 0.011472 0.005922 0.000386 0.103941 0.010041 2.300630
0.855438 0.012845 0.011393 0.005937 0.000393 0.103948 0.010046 2.301850
0.855440 0.012857 0.011411 0.005917 0.000394 0.103929 0.010051 2.303101
0.855511 0.012857 0.011432 0.005914 0.000391 0.103834 0.010061 2.304346
0.855549 0.012846 0.011444 0.005931 0.000391 0.103773 0.010065 2.305602
0.855561 0.012873 0.011453 0.005943 0.000390 0.103710 0.010071 2.306887
0.855585 0.012865 0.011490 0.005925 0.000395 0.103664 0.010077 2.308159
0.855569 0.012875 0.011513 0.005938 0.000396 0.103627 0.010081 2.309442
0.855608 0.012893 0.011484 0.005947 0.000400 0.103583 0.010085 2.310675
0.855638 0.012888 0.011498 0.005941 0.000393 0.103551 0.010092 2.311948
0.855692 0.012868 0.011493 0.005919 0.000396 0.103538 0.010094 2.313214
0.855684 0.012839 0.011503 0.005906 0.000399 0.103567 0.010101 2.314504
0.855712 0.012755 0.011501 0.005930 0.000407 0.103591 0.010104 2.315803
0.855724 0.012783 0.011517 0.005935 0.000411 0.103522 0.010108 2.317056
0.855763 0.012802 0.011514 0.005963 0.000410 0.103434 0.010114 2.318296
0.855721 0.012842 0.011550 0.005955 0.000407 0.103407 0.010119 2.319556
0.855745 0.012846 0.011605 0.005961 0.000406 0.103311 0.010125 2.320806
0.855733 0.012893 0.011583 0.005967 0.000405 0.103289 0.010131 2.322053
0.855754 0.012878 0.011653 0.005973 0.000414 0.103195 0.010134 2.323329
0.855766 0.012908 0.011635 0.005973 0.000408 0.103171 0.010140 2.324559
0.855753 0.012883 0.011630 0.005983 0.000413 0.103195 0.010144 2.325843
0.855765 0.012871 0.011620 0.005973 0.000415 0.103206 0.010151 2.327119
0.855794 0.012892 0.011642 0.005933 0.000418 0.103165 0.010155 2.328397
0.855831 0.012943 0.011589 0.005899 0.000418 0.103160 0.010159 2.329607
0.855911 0.012888 0.011613 0.005906 0.000411 0.103106 0.010165 2.330883
0.855895 0.012960 0.011632 0.005841 0.000417 0.103084 0.010171 2.332112
0.855907 0.012953 0.011662 0.005849 0.000418 0.103036 0.010177 2.333411
0.855931 0.012954 0.011677 0.005871 0.000419 0.102966 0.010183 2.334690
0.855968 0.012958 0.011693 0.005914 0.000420 0.102860 0.010188 2.335953
0.855926 0.012973 0.011733 0.005919 0.000418 0.102839 0.010193 2.337236
0.855888 0.012988 0.011737 0.005922 0.000417 0.102851 0.010196 2.338515
0.855903 0.012963 0.011750 0.005935 0.000409 0.102837 0.010204 2.339811
0.855909 0.012999 0.011744 0.005940 0.000408 0.102793 0.010208 2.341068
0.855917 0.013047 0.011780 0.005907 0.000410 0.102726 0.010213 2.342306
0.855928 0.013062 0.011791 0.005935 0.000402 0.102662 0.010219 2.343585
0.855883 0.013158 0.011768 0.005920 0.000408 0.102641 0.010223 2.344823
0.855838 0.013241 0.011698 0.005931 0.000412 0.102651 0.010229 2.346071
0.855741 0.013301 0.011698 0.005950 0.000413 0.102665 0.010232 2.347358
0.855748 0.013270 0.011726 0.005997 0.000411 0.102613 0.010236 2.348664
