0.341887 0.063295 0.056319 0.032495 0.002192 0.497651 0.006161 1.632798
0.343781 0.061343 0.056225 0.032399 0.002185 0.497873 0.006194 1.639006
0.346435 0.059059 0.056023 0.032201 0.002178 0.497875 0.006229 1.644966
0.349415 0.056609 0.055699 0.031965 0.002183 0.497869 0.006259 1.650625
0.352583 0.054189 0.055225 0.031640 0.002188 0.497888 0.006287 1.656061
0.355991 0.051823 0.054650 0.031265 0.002200 0.497754 0.006316 1.661250
0.359641 0.049488 0.053957 0.030812 0.002209 0.497546 0.006347 1.666220
0.363352 0.047228 0.053230 0.030277 0.002210 0.497330 0.006373 1.670995
0.367274 0.045035 0.052359 0.029799 0.002206 0.496924 0.006402 1.675536
0.371257 0.043024 0.051338 0.029204 0.002202 0.496544 0.006431 1.679813
0.375297 0.041118 0.050337 0.028636 0.002199 0.495956 0.006458 1.683927
0.379421 0.039309 0.049315 0.027968 0.002193 0.495308 0.006485 1.687847
0.383635 0.037637 0.048237 0.027326 0.002180 0.494474 0.006510 1.691586
0.387878 0.036041 0.047108 0.026653 0.002171 0.493605 0.006545 1.695168
0.392233 0.034524 0.045984 0.025943 0.002163 0.492584 0.006569 1.698544
0.396648 0.032953 0.044900 0.025248 0.002149 0.491501 0.006600 1.701895
0.401100 0.031572 0.043662 0.024546 0.002136 0.490360 0.006624 1.705004
0.405627 0.030181 0.042622 0.023857 0.002113 0.488947 0.006654 1.708082
0.410062 0.028951 0.041512 0.023222 0.002088 0.487481 0.006683 1.710941
0.414534 0.027699 0.040412 0.022589 0.002074 0.485985 0.006707 1.713775
0.419183 0.026496 0.039230 0.021965 0.002045 0.484352 0.006731 1.716486
0.423776 0.025384 0.038105 0.021299 0.002023 0.482656 0.006757 1.719048
0.428334 0.024331 0.037005 0.020614 0.002003 0.480928 0.006787 1.721511
0.432992 0.023288 0.036050 0.020077 0.001986 0.478793 0.006813 1.723939
0.437556 0.022414 0.034934 0.019362 0.001951 0.476945 0.006839 1.726190
0.442279 0.021540 0.033843 0.018744 0.001925 0.474805 0.006864 1.728351
0.446872 0.020722 0.032789 0.018181 0.001894 0.472646 0.006895 1.730454
0.451569 0.019937 0.031807 0.017622 0.001866 0.470276 0.006923 1.732461
0.456291 0.019235 0.030772 0.017120 0.001822 0.467806 0.006954 1.734397
0.460998 0.018592 0.029807 0.016538 0.001804 0.465283 0.006977 1.736203
0.465597 0.017992 0.028878 0.016033 0.001765 0.462731 0.007004 1.737946
0.470333 0.017364 0.027984 0.015491 0.001749 0.460055 0.007025 1.739658
0.474951 0.016747 0.027079 0.014958 0.001718 0.457497 0.007051 1.741356
0.479603 0.016157 0.026277 0.014479 0.001689 0.454721 0.007075 1.743014
0.484225 0.015630 0.025434 0.013950 0.001648 0.452010 0.007103 1.744581
0.488819 0.015196 0.024572 0.013492 0.001619 0.449170 0.007131 1.746027
0.493481 0.014770 0.023772 0.013017 0.001590 0.446218 0.007153 1.747458
0.498089 0.014329 0.022989 0.012553 0.001570 0.443292 0.007178 1.748862
0.502689 0.013900 0.022255 0.012141 0.001537 0.440280 0.007198 1.750263
0.507295 0.013470 0.021548 0.011752 0.001511 0.437206 0.007218 1.751600
0.511798 0.013123 0.020943 0.011393 0.001480 0.434022 0.007241 1.752894
0.516283 0.012768 0.020264 0.011055 0.001452 0.430915 0.007264 1.754182
0.520796 0.012393 0.019668 0.010726 0.001426 0.427707 0.007285 1.755465
0.525354 0.012063 0.018982 0.010405 0.001405 0.424486 0.007305 1.756642
0.529829 0.011708 0.018443 0.010089 0.001384 0.421223 0.007325 1.757815
0.534319 0.011352 0.017919 0.009788 0.001366 0.417918 0.007338 1.758984
0.538789 0.011044 0.017385 0.009472 0.001336 0.414615 0.007360 1.760085
0.543199 0.010774 0.016824 0.009161 0.001308 0.411355 0.007378 1.761152
0.547546 0.010519 0.016272 0.008905 0.001282 0.408080 0.007396 1.762198
0.551905 0.010283 0.015785 0.008613 0.001254 0.404742 0.007418 1.763214
0.556129 0.010053 0.015324 0.008369 0.001225 0.401464 0.007434 1.764207
0.560449 0.009775 0.014925 0.008131 0.001190 0.398079 0.007452 1.765195
0.564740 0.009552 0.014466 0.007893 0.001165 0.394715 0.007470 1.766142
0.568993 0.009317 0.014050 0.007635 0.001137 0.391381 0.007487 1.767064
0.573062 0.009087 0.013650 0.007396 0.001108 0.388186 0.007511 1.767994
0.577178 0.008881 0.013281 0.007176 0.001081 0.384876 0.007527 1.768867
0.581303 0.008699 0.012904 0.006947 0.001065 0.381546 0.007537 1.769724
0.585398 0.008485 0.012552 0.006770 0.001042 0.378201 0.007554 1.770579
0.589440 0.008300 0.012207 0.006609 0.001023 0.374854 0.007567 1.771423
0.593430 0.008122 0.011897 0.006449 0.000997 0.371521 0.007585 1.772254
0.597497 0.007952 0.011593 0.006246 0.000973 0.368140 0.007599 1.773061
0.601398 0.007756 0.011268 0.006091 0.000958 0.364915 0.007614 1.773874
0.605259 0.007615 0.010970 0.005920 0.000936 0.361679 0.007623 1.774641
0.609143 0.007436 0.010632 0.005776 0.000919 0.358459 0.007636 1.775397
0.613051 0.007316 0.010359 0.005646 0.000893 0.355085 0.007649 1.776127
0.616812 0.007165 0.010100 0.005511 0.000873 0.351881 0.007658 1.776855
0.620613 0.007085 0.009846 0.005364 0.000852 0.348573 0.007669 1.777522
0.624389 0.006973 0.009610 0.005231 0.000834 0.345284 0.007680 1.778221
0.628110 0.006840 0.009381 0.005100 0.000820 0.342060 0.007689 1.778912
0.631849 0.006693 0.009171 0.004987 0.000806 0.338793 0.007701 1.779597
0.635486 0.006573 0.008965 0.004854 0.000787 0.335621 0.007714 1.780259
0.639131 0.006496 0.008754 0.004741 0.000774 0.332382 0.007722 1.780911
0.642704 0.006433 0.008532 0.004635 0.000744 0.329222 0.007730 1.781526
0.646288 0.006334 0.008351 0.004521 0.000729 0.326038 0.007740 1.782166
0.649807 0.006235 0.008162 0.004431 0.000713 0.322904 0.007749 1.782794
0.653325 0.006160 0.007969 0.004328 0.000703 0.319760 0.007757 1.783391
0.656813 0.006086 0.007810 0.004220 0.000683 0.316620 0.007768 1.783982
0.660298 0.006002 0.007641 0.004114 0.000667 0.313497 0.007782 1.784559
0.663628 0.005912 0.007478 0.004032 0.000660 0.310500 0.007791 1.785139
0.667024 0.005822 0.007309 0.003929 0.000641 0.307470 0.007805 1.785729
0.670340 0.005762 0.007159 0.003866 0.000625 0.304430 0.007818 1.786290
0.673670 0.005703 0.006999 0.003797 0.000610 0.301393 0.007828 1.786854
0.676932 0.005665 0.006850 0.003713 0.000598 0.298405 0.007838 1.787394
0.680167 0.005628 0.006743 0.003619 0.000590 0.295405 0.007848 1.787931
0.683385 0.005549 0.006649 0.003574 0.000569 0.292411 0.007861 1.788507
0.686614 0.005471 0.006538 0.003509 0.000556 0.289443 0.007868 1.789074
0.689733 0.005403 0.006409 0.003448 0.000545 0.286589 0.007874 1.789621
0.692795 0.005379 0.006274 0.003386 0.000532 0.283754 0.007880 1.790137
0.695865 0.005281 0.006169 0.003344 0.000520 0.280934 0.007888 1.790690
0.698873 0.005220 0.006080 0.003289 0.000517 0.278127 0.007893 1.791211
0.701990 0.005166 0.005990 0.003249 0.000508 0.275195 0.007902 1.791726
0.704911 0.005137 0.005908 0.003204 0.000496 0.272434 0.007909 1.792215
0.707958 0.005104 0.005788 0.003147 0.000486 0.269603 0.007915 1.792694
0.710803 0.005066 0.005686 0.003119 0.000476 0.266931 0.007919 1.793204
0.713800 0.005038 0.005624 0.003079 0.000464 0.264069 0.007927 1.793699
0.716579 0.004999 0.005547 0.003024 0.000454 0.261466 0.007933 1.794181
0.719366 0.004987 0.005474 0.002969 0.000445 0.258821 0.007938 1.794687
0.722125 0.004960 0.005385 0.002928 0.000438 0.256222 0.007942 1.795179
0.724913 0.004926 0.005307 0.002878 0.000426 0.253599 0.007950 1.795657
0.727638 0.004878 0.005225 0.002840 0.000421 0.251044 0.007955 1.796129
0.730336 0.004829 0.005169 0.002830 0.000404 0.248470 0.007961 1.796614
0.732970 0.004786 0.005132 0.002788 0.000398 0.245959 0.007968 1.797099
0.735535 0.004799 0.005070 0.002744 0.000394 0.243484 0.007973 1.797561
0.738168 0.004766 0.005015 0.002694 0.000384 0.240994 0.007980 1.798035
0.740720 0.004711 0.004949 0.002667 0.000375 0.238592 0.007984 1.798517
0.743259 0.004708 0.004898 0.002625 0.000369 0.236152 0.007990 1.798970
0.745798 0.004635 0.004846 0.002605 0.000364 0.233758 0.007993 1.799451
0.748263 0.004626 0.004800 0.002585 0.000357 0.231372 0.007998 1.799912
0.750748 0.004613 0.004757 0.002535 0.000346 0.228999 0.008004 1.800349
0.753135 0.004593 0.004727 0.002497 0.000334 0.226704 0.008011 1.800806
0.755557 0.004585 0.004648 0.002488 0.000327 0.224380 0.008017 1.801244
0.757884 0.004550 0.004621 0.002469 0.000318 0.222135 0.008022 1.801712
0.760187 0.004537 0.004589 0.002438 0.000314 0.219910 0.008025 1.802160
0.762561 0.004514 0.004562 0.002422 0.000310 0.217601 0.008031 1.802616
0.764831 0.004505 0.004511 0.002404 0.000308 0.215407 0.008036 1.803052
0.767153 0.004461 0.004469 0.002394 0.000302 0.213179 0.008042 1.803512
0.769383 0.004477 0.004437 0.002368 0.000298 0.210989 0.008048 1.803927
0.771607 0.004448 0.004401 0.002363 0.000300 0.208831 0.008050 1.804350
0.773766 0.004412 0.004381 0.002347 0.000289 0.206750 0.008056 1.804794
0.775915 0.004425 0.004347 0.002322 0.000285 0.204647 0.008059 1.805221
0.778042 0.004392 0.004362 0.002317 0.000276 0.202547 0.008063 1.805664
0.780194 0.004357 0.004323 0.002319 0.000272 0.200467 0.008068 1.806098
0.782257 0.004316 0.004305 0.002311 0.000266 0.198471 0.008074 1.806536
0.784303 0.004335 0.004288 0.002284 0.000261 0.196451 0.008078 1.806940
0.786254 0.004321 0.004284 0.002269 0.000257 0.194532 0.008082 1.807387
0.788255 0.004316 0.004263 0.002249 0.000254 0.192580 0.008085 1.807812
0.790208 0.004275 0.004261 0.002237 0.000250 0.190678 0.008090 1.808255
0.792122 0.004290 0.004253 0.002221 0.000242 0.188778 0.008095 1.808685
0.794071 0.004295 0.004239 0.002187 0.000235 0.186876 0.008098 1.809100
0.795996 0.004258 0.004220 0.002196 0.000234 0.184997 0.008101 1.809535
0.797873 0.004263 0.004174 0.002197 0.000231 0.183156 0.008105 1.809940
0.799747 0.004269 0.004138 0.002200 0.000230 0.181308 0.008109 1.810373
0.801610 0.004266 0.004124 0.002188 0.000232 0.179469 0.008112 1.810779
0.803417 0.004263 0.004105 0.002169 0.000232 0.177700 0.008114 1.811194
0.805196 0.004269 0.004071 0.002163 0.000228 0.175956 0.008118 1.811592
0.806940 0.004285 0.004041 0.002139 0.000228 0.174247 0.008121 1.812000
0.808702 0.004297 0.004033 0.002134 0.000225 0.172487 0.008122 1.812416
0.810376 0.004327 0.004014 0.002142 0.000223 0.170795 0.008125 1.812835
0.812043 0.004292 0.004014 0.002146 0.000226 0.169152 0.008127 1.813298
0.813651 0.004289 0.004001 0.002162 0.000222 0.167544 0.008131 1.813737
0.815301 0.004319 0.003983 0.002150 0.000217 0.165898 0.008133 1.814155
0.816888 0.004372 0.003959 0.002140 0.000215 0.164289 0.008137 1.814553
0.818489 0.004390 0.003963 0.002142 0.000214 0.162664 0.008138 1.814979
0.820102 0.004425 0.003949 0.002148 0.000212 0.161024 0.008141 1.815401
0.821658 0.004432 0.003942 0.002156 0.000208 0.159461 0.008145 1.815836
0.823217 0.004397 0.003969 0.002148 0.000206 0.157916 0.008148 1.816281
0.824750 0.004405 0.003995 0.002156 0.000202 0.156343 0.008150 1.816717
0.826199 0.004442 0.003980 0.002168 0.000203 0.154856 0.008152 1.817137
0.827694 0.004492 0.003978 0.002155 0.000202 0.153326 0.008155 1.817549
0.829171 0.004549 0.003950 0.002158 0.000198 0.151816 0.008159 1.817980
0.830574 0.004550 0.003948 0.002181 0.000197 0.150392 0.008160 1.818437
0.832004 0.004556 0.003948 0.002181 0.000195 0.148953 0.008164 1.818877
0.833475 0.004573 0.003936 0.002196 0.000195 0.147462 0.008164 1.819311
0.834812 0.004618 0.003944 0.002179 0.000185 0.146094 0.008168 1.819758
0.836159 0.004613 0.003963 0.002197 0.000184 0.144715 0.008169 1.820228
0.837480 0.004656 0.003966 0.002184 0.000186 0.143357 0.008170 1.820690
0.838762 0.004662 0.004015 0.002189 0.000187 0.142012 0.008173 1.821163
0.840029 0.004683 0.004016 0.002193 0.000182 0.140719 0.008178 1.821617
0.841309 0.004692 0.004016 0.002223 0.000176 0.139404 0.008180 1.822086
0.842562 0.004704 0.004021 0.002240 0.000178 0.138112 0.008181 1.822563
0.843777 0.004714 0.004039 0.002268 0.000178 0.136840 0.008184 1.823033
0.844966 0.004727 0.004052 0.002275 0.000177 0.135619 0.008184 1.823506
0.846192 0.004739 0.004072 0.002293 0.000175 0.134343 0.008186 1.823980
0.847401 0.004739 0.004081 0.002292 0.000178 0.133121 0.008188 1.824452
0.848544 0.004750 0.004087 0.002272 0.000180 0.131977 0.008189 1.824925
0.849726 0.004740 0.004109 0.002289 0.000183 0.130760 0.008191 1.825398
0.850906 0.004726 0.004117 0.002286 0.000181 0.129591 0.008193 1.825872
0.852022 0.004762 0.004110 0.002286 0.000179 0.128446 0.008195 1.826322
0.853162 0.004780 0.004109 0.002280 0.000180 0.127292 0.008197 1.826786
0.854249 0.004793 0.004129 0.002284 0.000176 0.126170 0.008198 1.827264
0.855373 0.004809 0.004141 0.002292 0.000174 0.125011 0.008201 1.827733
0.856446 0.004845 0.004152 0.002299 0.000173 0.123883 0.008203 1.828207
0.857514 0.004870 0.004161 0.002320 0.000173 0.122759 0.008205 1.828680
0.858548 0.004833 0.004185 0.002344 0.000173 0.121711 0.008206 1.829176
0.859578 0.004854 0.004219 0.002330 0.000171 0.120640 0.008209 1.829665
0.860550 0.004875 0.004238 0.002338 0.000170 0.119618 0.008211 1.830149
0.861534 0.004895 0.004253 0.002332 0.000170 0.118603 0.008214 1.830633
0.862509 0.004907 0.004275 0.002329 0.000172 0.117595 0.008214 1.831117
0.863467 0.004921 0.004289 0.002360 0.000176 0.116570 0.008217 1.831618
0.864453 0.004915 0.004320 0.002342 0.000179 0.115573 0.008218 1.832110
0.865365 0.004976 0.004325 0.002340 0.000176 0.114596 0.008222 1.832601
0.866231 0.005020 0.004340 0.002342 0.000174 0.113668 0.008223 1.833090
0.867090 0.005049 0.004355 0.002335 0.000175 0.112770 0.008225 1.833597
0.867978 0.005075 0.004379 0.002350 0.000174 0.111816 0.008229 1.834103
0.868812 0.005133 0.004387 0.002351 0.000176 0.110911 0.008230 1.834589
0.869705 0.005136 0.004368 0.002372 0.000175 0.110009 0.008234 1.835096
0.870525 0.005155 0.004405 0.002380 0.000176 0.109126 0.008235 1.835616
0.871340 0.005204 0.004423 0.002368 0.000177 0.108252 0.008236 1.836110
0.872164 0.005236 0.004442 0.002388 0.000177 0.107355 0.008239 1.836612
0.872935 0.005281 0.004458 0.002394 0.000178 0.106512 0.008241 1.837105
0.873678 0.005291 0.004494 0.002392 0.000178 0.105726 0.008242 1.837651
0.874462 0.005342 0.004523 0.002385 0.000174 0.104868 0.008245 1.838173
0.875232 0.005382 0.004524 0.002401 0.000174 0.104038 0.008249 1.838700
0.875958 0.005440 0.004540 0.002415 0.000172 0.103221 0.008253 1.839223
0.876717 0.005419 0.004579 0.002429 0.000172 0.102430 0.008254 1.839779
0.877443 0.005432 0.004620 0.002452 0.000168 0.101628 0.008257 1.840340
0.878178 0.005460 0.004610 0.002455 0.000168 0.100869 0.008260 1.840863
0.878842 0.005482 0.004654 0.002481 0.000168 0.100109 0.008264 1.841415
0.879538 0.005537 0.004688 0.002484 0.000167 0.099320 0.008266 1.841949
0.880153 0.005580 0.004725 0.002503 0.000165 0.098604 0.008270 1.842519
0.880792 0.005597 0.004762 0.002527 0.000162 0.097887 0.008273 1.843083
0.881339 0.005670 0.004784 0.002557 0.000160 0.097214 0.008275 1.843636
0.881908 0.005724 0.004834 0.002558 0.000167 0.096533 0.008278 1.844226
0.882529 0.005727 0.004890 0.002574 0.000170 0.095832 0.008278 1.844817
0.883127 0.005810 0.004886 0.002572 0.000174 0.095154 0.008279 1.845375
0.883760 0.005830 0.004906 0.002598 0.000172 0.094452 0.008282 1.845942
0.884301 0.005904 0.004919 0.002608 0.000168 0.093814 0.008285 1.846510
0.884831 0.005966 0.004939 0.002639 0.000171 0.093169 0.008286 1.847096
0.885354 0.006002 0.004991 0.002662 0.000172 0.092532 0.008288 1.847699
0.885942 0.006041 0.004984 0.002687 0.000172 0.091885 0.008291 1.848276
0.886479 0.006087 0.005026 0.002682 0.000171 0.091262 0.008294 1.848865
0.886990 0.006099 0.005070 0.002715 0.000173 0.090658 0.008295 1.849482
0.887439 0.006136 0.005134 0.002717 0.000169 0.090110 0.008296 1.850107
0.887939 0.006163 0.005174 0.002729 0.000175 0.089522 0.008297 1.850712
0.888384 0.006225 0.005177 0.002726 0.000179 0.089011 0.008298 1.851294
0.888765 0.006301 0.005206 0.002775 0.000179 0.088473 0.008302 1.851917
0.889200 0.006354 0.005242 0.002788 0.000180 0.087932 0.008305 1.852515
0.889624 0.006408 0.005294 0.002803 0.000181 0.087384 0.008308 1.853134
0.890077 0.006434 0.005347 0.002806 0.000179 0.086848 0.008310 1.853779
0.890483 0.006512 0.005379 0.002834 0.000176 0.086303 0.008313 1.854387
0.890896 0.006601 0.005390 0.002847 0.000178 0.085775 0.008314 1.855007
0.891303 0.006617 0.005412 0.002864 0.000176 0.085312 0.008316 1.855661
0.891620 0.006696 0.005476 0.002883 0.000180 0.084828 0.008318 1.856301
0.891977 0.006784 0.005488 0.002896 0.000179 0.084356 0.008321 1.856929
0.892281 0.006832 0.005558 0.002918 0.000181 0.083908 0.008323 1.857608
0.892661 0.006826 0.005618 0.002955 0.000181 0.083430 0.008330 1.858302
0.892963 0.006855 0.005669 0.002964 0.000182 0.083036 0.008332 1.858997
0.893285 0.006879 0.005696 0.002996 0.000185 0.082627 0.008333 1.859685
0.893594 0.006897 0.005731 0.003024 0.000187 0.082233 0.008334 1.860394
0.893875 0.006953 0.005779 0.003068 0.000188 0.081800 0.008337 1.861092
0.894149 0.007016 0.005806 0.003080 0.000191 0.081418 0.008340 1.861777
0.894438 0.007074 0.005845 0.003091 0.000190 0.081019 0.008343 1.862461
0.894661 0.007178 0.005849 0.003110 0.000190 0.080667 0.008345 1.863113
0.894893 0.007245 0.005880 0.003137 0.000189 0.080309 0.008348 1.863804
0.895129 0.007267 0.005928 0.003145 0.000194 0.079989 0.008349 1.864530
0.895360 0.007320 0.005988 0.003157 0.000191 0.079629 0.008353 1.865227
0.895578 0.007369 0.006056 0.003189 0.000189 0.079265 0.008355 1.865954
0.895790 0.007423 0.006075 0.003202 0.000191 0.078961 0.008356 1.866678
0.896003 0.007453 0.006106 0.003226 0.000195 0.078659 0.008359 1.867422
0.896156 0.007542 0.006158 0.003235 0.000194 0.078353 0.008361 1.868140
0.896312 0.007570 0.006192 0.003292 0.000196 0.078075 0.008364 1.868919
0.896501 0.007640 0.006201 0.003345 0.000196 0.077753 0.008365 1.869651
0.896661 0.007682 0.006238 0.003373 0.000195 0.077484 0.008367 1.870410
0.896832 0.007700 0.006307 0.003394 0.000192 0.077206 0.008369 1.871179
0.896950 0.007761 0.006333 0.003433 0.000192 0.076959 0.008372 1.871927
0.897131 0.007788 0.006383 0.003469 0.000198 0.076658 0.008374 1.872693
0.897220 0.007860 0.006426 0.003471 0.000200 0.076448 0.008376 1.873483
0.897401 0.007847 0.006478 0.003505 0.000203 0.076187 0.008380 1.874270
0.897515 0.007880 0.006494 0.003523 0.000205 0.076001 0.008384 1.875050
0.897654 0.007916 0.006538 0.003545 0.000203 0.075759 0.008385 1.875828
0.897730 0.007985 0.006583 0.003575 0.000204 0.075535 0.008388 1.876609
0.897872 0.008040 0.006652 0.003569 0.000206 0.075272 0.008390 1.877386
0.897984 0.008095 0.006677 0.003578 0.000212 0.075060 0.008394 1.878169
0.898052 0.008153 0.006755 0.003609 0.000211 0.074820 0.008400 1.879000
0.898139 0.008243 0.006749 0.003641 0.000215 0.074611 0.008401 1.879775
0.898208 0.008306 0.006796 0.003654 0.000209 0.074421 0.008407 1.880561
0.898273 0.008346 0.006845 0.003655 0.000210 0.074259 0.008411 1.881374
0.898383 0.008367 0.006911 0.003653 0.000209 0.074065 0.008413 1.882207
0.898428 0.008435 0.006943 0.003661 0.000212 0.073905 0.008416 1.883020
0.898411 0.008526 0.006996 0.003680 0.000215 0.073753 0.008418 1.883858
0.898376 0.008586 0.007071 0.003718 0.000215 0.073612 0.008421 1.884725
0.898375 0.008659 0.007146 0.003725 0.000214 0.073457 0.008424 1.885571
0.898379 0.008729 0.007195 0.003742 0.000214 0.073314 0.008427 1.886413
0.898370 0.008785 0.007250 0.003788 0.000218 0.073161 0.008430 1.887294
0.898344 0.008805 0.007293 0.003829 0.000221 0.073077 0.008432 1.888188
0.898317 0.008892 0.007348 0.003859 0.000218 0.072932 0.008436 1.889073
0.898362 0.008911 0.007390 0.003865 0.000223 0.072813 0.008437 1.889929
0.898323 0.008993 0.007445 0.003896 0.000227 0.072678 0.008439 1.890824
0.898279 0.009034 0.007496 0.003939 0.000233 0.072578 0.008443 1.891738
0.898214 0.009153 0.007506 0.003949 0.000231 0.072501 0.008447 1.892593
0.898128 0.009216 0.007555 0.003981 0.000231 0.072441 0.008449 1.893499
0.898024 0.009255 0.007632 0.004032 0.000233 0.072373 0.008452 1.894435
0.897932 0.009364 0.007649 0.004064 0.000233 0.072305 0.008454 1.895340
0.897884 0.009405 0.007696 0.004111 0.000235 0.072213 0.008455 1.896247
0.897779 0.009469 0.007736 0.004158 0.000240 0.072163 0.008455 1.897180
0.897720 0.009505 0.007771 0.004187 0.000240 0.072118 0.008459 1.898120
0.897632 0.009517 0.007832 0.004225 0.000234 0.072096 0.008464 1.899073
0.897530 0.009561 0.007868 0.004246 0.000236 0.072088 0.008470 1.900017
0.897425 0.009605 0.007953 0.004248 0.000232 0.072063 0.008473 1.900954
0.897280 0.009679 0.007962 0.004256 0.000236 0.072111 0.008476 1.901886
0.897286 0.009663 0.008019 0.004281 0.000241 0.072030 0.008481 1.902867
0.897234 0.009680 0.008005 0.004299 0.000244 0.072054 0.008484 1.903806
0.897125 0.009698 0.008049 0.004325 0.000251 0.072065 0.008487 1.904793
0.896994 0.009748 0.008110 0.004335 0.000250 0.072074 0.008489 1.905763
0.896882 0.009825 0.008138 0.004314 0.000259 0.072091 0.008492 1.906700
0.896787 0.009826 0.008164 0.004346 0.000264 0.072116 0.008496 1.907688
0.896655 0.009873 0.008250 0.004365 0.000262 0.072093 0.008501 1.908662
0.896550 0.009876 0.008334 0.004397 0.000266 0.072074 0.008503 1.909672
0.896465 0.009947 0.008370 0.004417 0.000267 0.072027 0.008507 1.910634
0.896330 0.009992 0.008441 0.004470 0.000266 0.071988 0.008512 1.911638
0.896180 0.010076 0.008494 0.004489 0.000262 0.071981 0.008517 1.912613
0.896042 0.010113 0.008577 0.004535 0.000264 0.071944 0.008523 1.913623
0.895882 0.010142 0.008640 0.004558 0.000276 0.071979 0.008524 1.914655
0.895746 0.010242 0.008669 0.004563 0.000281 0.071972 0.008527 1.915650
0.895582 0.010304 0.008730 0.004577 0.000284 0.071991 0.008532 1.916663
0.895354 0.010430 0.008721 0.004607 0.000295 0.072057 0.008536 1.917629
0.895188 0.010468 0.008778 0.004608 0.000300 0.072120 0.008539 1.918632
0.895025 0.010563 0.008817 0.004608 0.000299 0.072144 0.008544 1.919627
0.894741 0.010705 0.008882 0.004620 0.000302 0.072202 0.008548 1.920647
0.894538 0.010740 0.008983 0.004641 0.000299 0.072247 0.008553 1.921714
0.894351 0.010752 0.009037 0.004697 0.000299 0.072305 0.008559 1.922816
0.894113 0.010841 0.009033 0.004742 0.000304 0.072404 0.008562 1.923868
0.893878 0.010902 0.009091 0.004779 0.000305 0.072482 0.008564 1.924958
0.893649 0.010948 0.009101 0.004814 0.000302 0.072615 0.008571 1.926030
0.893427 0.010997 0.009167 0.004835 0.000305 0.072695 0.008575 1.927110
0.893186 0.011055 0.009194 0.004853 0.000313 0.072820 0.008579 1.928196
0.893025 0.011048 0.009276 0.004882 0.000317 0.072870 0.008582 1.929314
0.892792 0.011143 0.009292 0.004920 0.000310 0.072956 0.008589 1.930361
0.892559 0.011179 0.009369 0.004941 0.000311 0.073049 0.008592 1.931479
0.892255 0.011303 0.009478 0.004948 0.000310 0.073113 0.008593 1.932581
0.892003 0.011387 0.009504 0.004961 0.000311 0.073238 0.008596 1.933686
0.891693 0.011482 0.009560 0.004987 0.000310 0.073368 0.008601 1.934806
0.891400 0.011593 0.009619 0.005031 0.000313 0.073439 0.008605 1.935922
0.891142 0.011609 0.009703 0.005060 0.000313 0.073562 0.008609 1.937077
0.890807 0.011710 0.009700 0.005116 0.000313 0.073739 0.008615 1.938180
0.890548 0.011751 0.009784 0.005131 0.000317 0.073853 0.008618 1.939319
0.890266 0.011798 0.009785 0.005179 0.000315 0.074037 0.008621 1.940467
0.889922 0.011855 0.009841 0.005233 0.000316 0.074207 0.008627 1.941641
0.889630 0.011924 0.009915 0.005246 0.000317 0.074336 0.008631 1.942771
0.889361 0.011961 0.009980 0.005292 0.000318 0.074454 0.008634 1.943946
0.889065 0.012091 0.010011 0.005300 0.000322 0.074571 0.008639 1.945057
0.888767 0.012161 0.010040 0.005330 0.000324 0.074735 0.008645 1.946240
0.888403 0.012206 0.010132 0.005330 0.000326 0.074956 0.008647 1.947456
0.888073 0.012216 0.010207 0.005341 0.000328 0.075186 0.008649 1.948673
0.887795 0.012256 0.010274 0.005386 0.000329 0.075305 0.008655 1.949864
0.887430 0.012341 0.010346 0.005428 0.000335 0.075459 0.008660 1.951071
0.887136 0.012414 0.010357 0.005451 0.000342 0.075636 0.008664 1.952256
0.886857 0.012448 0.010372 0.005467 0.000347 0.075841 0.008668 1.953468
0.886490 0.012515 0.010420 0.005489 0.000349 0.076063 0.008673 1.954673
0.886138 0.012545 0.010490 0.005535 0.000351 0.076264 0.008678 1.955920
0.885868 0.012498 0.010540 0.005587 0.000348 0.076475 0.008684 1.957172
0.885538 0.012539 0.010596 0.005633 0.000357 0.076651 0.008687 1.958414
0.885210 0.012648 0.010575 0.005644 0.000362 0.076870 0.008692 1.959585
0.884942 0.012630 0.010625 0.005659 0.000355 0.077089 0.008700 1.960841
0.884642 0.012610 0.010708 0.005669 0.000360 0.077308 0.008703 1.962123
0.884400 0.012566 0.010758 0.005711 0.000361 0.077499 0.008705 1.963380
0.884147 0.012592 0.010737 0.005758 0.000363 0.077694 0.008710 1.964588
0.883849 0.012618 0.010797 0.005784 0.000361 0.077876 0.008714 1.965860
0.883508 0.012691 0.010858 0.005775 0.000365 0.078083 0.008720 1.967088
0.883197 0.012794 0.010896 0.005748 0.000369 0.078272 0.008725 1.968293
0.882906 0.012797 0.010938 0.005782 0.000369 0.078480 0.008729 1.969569
0.882585 0.012825 0.010989 0.005808 0.000365 0.078691 0.008736 1.970839
0.882332 0.012773 0.011033 0.005806 0.000367 0.078947 0.008742 1.972115
0.882125 0.012720 0.011057 0.005821 0.000371 0.079161 0.008747 1.973388
0.881829 0.012767 0.011061 0.005828 0.000371 0.079392 0.008750 1.974614
0.881563 0.012814 0.011110 0.005842 0.000373 0.079542 0.008755 1.975859
0.881256 0.012911 0.011104 0.005855 0.000368 0.079747 0.008759 1.977066
0.880996 0.012901 0.011124 0.005895 0.000373 0.079948 0.008762 1.978339
0.880664 0.012949 0.011150 0.005937 0.000368 0.080163 0.008769 1.979599
0.880354 0.012935 0.011196 0.005992 0.000373 0.080378 0.008772 1.980907
0.880104 0.012947 0.011181 0.006014 0.000371 0.080608 0.008775 1.982185
0.879797 0.012971 0.011180 0.005993 0.000374 0.080904 0.008780 1.983447
0.879507 0.012957 0.011221 0.006004 0.000377 0.081151 0.008784 1.984737
0.879266 0.012961 0.011218 0.006005 0.000380 0.081383 0.008788 1.985984
0.879021 0.012948 0.011194 0.006000 0.000382 0.081659 0.008794 1.987251
0.878702 0.012915 0.011235 0.006033 0.000380 0.081937 0.008799 1.988584
0.878447 0.012953 0.011261 0.006058 0.000380 0.082095 0.008807 1.989823
0.878167 0.012931 0.011345 0.006062 0.000383 0.082299 0.008811 1.991125
0.877852 0.013003 0.011387 0.006066 0.000388 0.082486 0.008818 1.992385
0.877645 0.013024 0.011428 0.006081 0.000388 0.082609 0.008823 1.993640
0.877382 0.013048 0.011454 0.006068 0.000386 0.082834 0.008828 1.994921
0.877145 0.013036 0.011458 0.006133 0.000389 0.083005 0.008834 1.996237
0.876840 0.013091 0.011502 0.006140 0.000388 0.083197 0.008842 1.997519
0.876514 0.013083 0.011535 0.006164 0.000395 0.083463 0.008845 1.998846
0.876304 0.013053 0.011560 0.006176 0.000388 0.083670 0.008849 2.000132
0.876051 0.013092 0.011596 0.006200 0.000384 0.083820 0.008857 2.001424
0.875760 0.013110 0.011608 0.006205 0.000389 0.084064 0.008862 2.002725
0.875476 0.013162 0.011641 0.006212 0.000393 0.084247 0.008868 2.004011
0.875254 0.013182 0.011636 0.006228 0.000400 0.084425 0.008874 2.005283
0.874994 0.013226 0.011631 0.006245 0.000402 0.084623 0.008877 2.006569
0.874691 0.013224 0.011676 0.006270 0.000403 0.084856 0.008880 2.007889
0.874478 0.013223 0.011699 0.006253 0.000406 0.085056 0.008886 2.009196
0.874171 0.013292 0.011688 0.006236 0.000405 0.085319 0.008891 2.010485
0.873907 0.013278 0.011712 0.006258 0.000402 0.085546 0.008898 2.011826
0.873636 0.013250 0.011745 0.006276 0.000408 0.085785 0.008901 2.013174
0.873328 0.013285 0.011750 0.006288 0.000408 0.086035 0.008907 2.014487
0.873048 0.013336 0.011774 0.006267 0.000406 0.086256 0.008914 2.015792
0.872797 0.013345 0.011788 0.006241 0.000407 0.086503 0.008921 2.017114
0.872552 0.013332 0.011847 0.006276 0.000412 0.086659 0.008923 2.018451
0.872326 0.013258 0.011921 0.006296 0.000417 0.086856 0.008927 2.019831
0.872048 0.013298 0.011904 0.006322 0.000416 0.087079 0.008934 2.021155
0.871755 0.013362 0.011912 0.006315 0.000421 0.087295 0.008940 2.022463
0.871444 0.013414 0.011922 0.006330 0.000417 0.087529 0.008945 2.023786
0.871229 0.013423 0.011937 0.006321 0.000414 0.087726 0.008951 2.025097
0.870992 0.013437 0.011935 0.006340 0.000415 0.087924 0.008956 2.026393
0.870757 0.013482 0.011956 0.006323 0.000422 0.088098 0.008963 2.027673
0.870521 0.013506 0.011932 0.006295 0.000429 0.088349 0.008967 2.028963
0.870327 0.013542 0.011869 0.006322 0.000424 0.088545 0.008972 2.030239
0.870179 0.013509 0.011877 0.006306 0.000429 0.088725 0.008975 2.031559
0.869939 0.013506 0.011908 0.006344 0.000429 0.088892 0.008980 2.032906
0.869738 0.013456 0.011911 0.006351 0.000423 0.089136 0.008986 2.034260
0.869602 0.013470 0.011850 0.006367 0.000425 0.089299 0.008990 2.035535
0.869441 0.013391 0.011912 0.006387 0.000430 0.089443 0.008996 2.036891
0.869284 0.013356 0.011902 0.006390 0.000425 0.089642 0.009001 2.038217
0.869071 0.013374 0.011909 0.006371 0.000425 0.089844 0.009005 2.039510
0.868894 0.013341 0.011933 0.006359 0.000433 0.090032 0.009008 2.040832
0.868674 0.013394 0.011951 0.006347 0.000435 0.090185 0.009014 2.042113
0.868576 0.013357 0.011964 0.006306 0.000434 0.090344 0.009019 2.043409
0.868425 0.013287 0.011961 0.006330 0.000430 0.090541 0.009026 2.044745
0.868274 0.013224 0.011967 0.006362 0.000428 0.090713 0.009033 2.046068
0.868093 0.013244 0.011934 0.006365 0.000436 0.090893 0.009034 2.047353
0.867920 0.013293 0.011924 0.006305 0.000430 0.091088 0.009041 2.048598
0.867783 0.013307 0.011925 0.006304 0.000430 0.091205 0.009046 2.049884
0.867678 0.013293 0.011905 0.006308 0.000432 0.091331 0.009055 2.051173
0.867507 0.013266 0.011888 0.006347 0.000431 0.091503 0.009058 2.052498
0.867343 0.013250 0.011913 0.006330 0.000430 0.091672 0.009063 2.053821
0.867244 0.013183 0.011914 0.006335 0.000435 0.091821 0.009067 2.055141
0.867076 0.013237 0.011890 0.006293 0.000437 0.091995 0.009072 2.056393
0.866910 0.013214 0.011922 0.006280 0.000431 0.092165 0.009078 2.057709
0.866770 0.013203 0.011846 0.006302 0.000421 0.092372 0.009084 2.058974
0.866636 0.013205 0.011843 0.006323 0.000422 0.092484 0.009088 2.060249
0.866526 0.013197 0.011820 0.006339 0.000416 0.092607 0.009096 2.061538
0.866342 0.013179 0.011849 0.006342 0.000421 0.092767 0.009101 2.062841
0.866216 0.013154 0.011878 0.006326 0.000421 0.092898 0.009107 2.064137
0.866152 0.013103 0.011877 0.006323 0.000428 0.093007 0.009111 2.065433
0.866033 0.013095 0.011893 0.006346 0.000433 0.093084 0.009116 2.066744
0.865901 0.013157 0.011875 0.006326 0.000433 0.093184 0.009125 2.068005
0.865716 0.013156 0.011886 0.006330 0.000432 0.093349 0.009132 2.069299
0.865550 0.013183 0.011823 0.006301 0.000434 0.093576 0.009134 2.070590
0.865449 0.013201 0.011858 0.006259 0.000432 0.093658 0.009143 2.071854
0.865317 0.013175 0.011860 0.006264 0.000428 0.093808 0.009148 2.073172
0.865163 0.013198 0.011833 0.006277 0.000432 0.093948 0.009150 2.074455
0.865043 0.013161 0.011845 0.006294 0.000436 0.094068 0.009154 2.075788
0.864892 0.013156 0.011849 0.006267 0.000441 0.094235 0.009160 2.077084
0.864762 0.013132 0.011824 0.006270 0.000444 0.094402 0.009167 2.078388
0.864715 0.013121 0.011812 0.006279 0.000443 0.094460 0.009171 2.079671
0.864697 0.013088 0.011807 0.006258 0.000450 0.094526 0.009174 2.080960
0.864572 0.013122 0.011828 0.006227 0.000447 0.094624 0.009179 2.082243
0.864488 0.013120 0.011868 0.006196 0.000448 0.094697 0.009184 2.083537
0.864386 0.013060 0.011865 0.006185 0.000444 0.094871 0.009189 2.084859
0.864310 0.013041 0.011847 0.006141 0.000445 0.095024 0.009193 2.086131
0.864246 0.013031 0.011801 0.006151 0.000444 0.095126 0.009201 2.087385
0.864140 0.013030 0.011780 0.006160 0.000442 0.095242 0.009207 2.088686
0.864078 0.013039 0.011775 0.006170 0.000441 0.095285 0.009213 2.089964
0.864007 0.013005 0.011795 0.006153 0.000447 0.095374 0.009219 2.091259
0.863922 0.013015 0.011777 0.006166 0.000446 0.095448 0.009227 2.092534
0.863874 0.012995 0.011787 0.006160 0.000446 0.095506 0.009232 2.093802
0.863747 0.013033 0.011728 0.006184 0.000450 0.095621 0.009237 2.095069
0.863665 0.013071 0.011709 0.006171 0.000453 0.095688 0.009242 2.096328
0.863584 0.013104 0.011706 0.006117 0.000452 0.095789 0.009249 2.097559
0.863518 0.013078 0.011745 0.006143 0.000453 0.095808 0.009255 2.098872
0.863431 0.013043 0.011752 0.006161 0.000446 0.095906 0.009261 2.100165
0.863400 0.013051 0.011716 0.006165 0.000448 0.095954 0.009266 2.101412
0.863350 0.013013 0.011718 0.006167 0.000443 0.096038 0.009272 2.102698
0.863301 0.012988 0.011768 0.006144 0.000445 0.096080 0.009275 2.104007
0.863261 0.012984 0.011773 0.006171 0.000444 0.096085 0.009282 2.105288
0.863190 0.012994 0.011694 0.006177 0.000443 0.096213 0.009289 2.106531
0.863101 0.013000 0.011663 0.006178 0.000445 0.096315 0.009297 2.107806
0.863047 0.012969 0.011718 0.006135 0.000445 0.096385 0.009301 2.109101
0.862970 0.013020 0.011674 0.006108 0.000444 0.096478 0.009306 2.110316
0.862887 0.013003 0.011649 0.006120 0.000448 0.096581 0.009312 2.111611
0.862834 0.012969 0.011617 0.006076 0.000453 0.096735 0.009316 2.112844
0.862803 0.012901 0.011646 0.006090 0.000450 0.096787 0.009323 2.114175
0.862789 0.012908 0.011649 0.006079 0.000452 0.096794 0.009328 2.115434
0.862788 0.012872 0.011608 0.006108 0.000452 0.096841 0.009332 2.116686
0.862792 0.012813 0.011593 0.006094 0.000459 0.096912 0.009337 2.117971
0.862776 0.012778 0.011618 0.006074 0.000454 0.096958 0.009343 2.119232
0.862718 0.012742 0.011656 0.006062 0.000444 0.097026 0.009352 2.120509
0.862676 0.012781 0.011624 0.006048 0.000442 0.097072 0.009358 2.121742
0.862650 0.012771 0.011556 0.006057 0.000438 0.097161 0.009366 2.122975
0.862713 0.012721 0.011601 0.006035 0.000430 0.097125 0.009375 2.124210
0.862631 0.012769 0.011610 0.006046 0.000428 0.097139 0.009379 2.125447
0.862587 0.012758 0.011650 0.006006 0.000429 0.097188 0.009382 2.126730
0.862521 0.012740 0.011653 0.005983 0.000433 0.097284 0.009387 2.127991
0.862529 0.012740 0.011609 0.005948 0.000433 0.097352 0.009390 2.129200
0.862503 0.012753 0.011563 0.005950 0.000431 0.097405 0.009395 2.130444
0.862516 0.012731 0.011544 0.005967 0.000423 0.097418 0.009401 2.131703
0.862472 0.012736 0.011570 0.005997 0.000424 0.097395 0.009407 2.132970
0.862541 0.012647 0.011549 0.005973 0.000429 0.097448 0.009413 2.134240
0.862534 0.012591 0.011543 0.005974 0.000425 0.097514 0.009418 2.135499
0.862523 0.012575 0.011486 0.006008 0.000434 0.097553 0.009422 2.136738
0.862485 0.012609 0.011449 0.005978 0.000427 0.097622 0.009431 2.137935
0.862565 0.012607 0.011392 0.005997 0.000423 0.097578 0.009439 2.139128
0.862594 0.012581 0.011425 0.005997 0.000420 0.097536 0.009446 2.140363
0.862598 0.012566 0.011431 0.005964 0.000424 0.097568 0.009451 2.141593
0.862593 0.012573 0.011433 0.005906 0.000422 0.097619 0.009454 2.142797
0.862613 0.012527 0.011411 0.005915 0.000425 0.097651 0.009459 2.144021
0.862650 0.012492 0.011411 0.005955 0.000428 0.097602 0.009462 2.145253
0.862672 0.012552 0.011351 0.005952 0.000424 0.097582 0.009468 2.146411
0.862745 0.012457 0.011364 0.005979 0.000421 0.097563 0.009472 2.147668
0.862806 0.012373 0.011341 0.006000 0.000417 0.097587 0.009477 2.148888
0.862772 0.012424 0.011361 0.005985 0.000419 0.097553 0.009485 2.150072
0.862776 0.012396 0.011378 0.006001 0.000415 0.097541 0.009493 2.151324
0.862754 0.012453 0.011363 0.005966 0.000417 0.097548 0.009499 2.152514
0.862755 0.012471 0.011379 0.005917 0.000416 0.097556 0.009506 2.153726
0.862823 0.012425 0.011349 0.005952 0.000412 0.097528 0.009511 2.154962
0.862860 0.012378 0.011334 0.005952 0.000418 0.097543 0.009515 2.156201
0.862824 0.012376 0.011313 0.005969 0.000417 0.097584 0.009519 2.157437
0.862863 0.012325 0.011340 0.005954 0.000414 0.097577 0.009527 2.158682
0.862853 0.012311 0.011328 0.005949 0.000419 0.097607 0.009533 2.159912
0.862849 0.012336 0.011271 0.005959 0.000427 0.097624 0.009537 2.161118
0.862906 0.012338 0.011213 0.005942 0.000424 0.097635 0.009543 2.162285
0.863012 0.012280 0.011212 0.005952 0.000423 0.097574 0.009547 2.163488
0.863065 0.012196 0.011200 0.005949 0.000414 0.097617 0.009558 2.164735
0.863120 0.012208 0.011134 0.005961 0.000411 0.097602 0.009564 2.165910
0.863116 0.012188 0.011128 0.005963 0.000409 0.097625 0.009571 2.167104
0.863171 0.012211 0.011124 0.005943 0.000403 0.097570 0.009578 2.168292
0.863206 0.012151 0.011104 0.005944 0.000399 0.097612 0.009584 2.169508
0.863257 0.012106 0.011105 0.005935 0.000402 0.097604 0.009590 2.170715
0.863287 0.012099 0.011069 0.005920 0.000399 0.097632 0.009594 2.171901
0.863315 0.012099 0.011063 0.005904 0.000401 0.097619 0.009599 2.173089
0.863325 0.012060 0.011049 0.005889 0.000395 0.097677 0.009607 2.174305
0.863355 0.012059 0.011040 0.005861 0.000397 0.097676 0.009612 2.175465
0.863451 0.011990 0.011039 0.005875 0.000394 0.097637 0.009616 2.176670
0.863440 0.011995 0.010985 0.005867 0.000396 0.097698 0.009620 2.177855
0.863491 0.011996 0.010984 0.005831 0.000403 0.097671 0.009625 2.179012
0.863560 0.012018 0.010938 0.005829 0.000405 0.097620 0.009631 2.180165
0.863542 0.012029 0.010912 0.005838 0.000410 0.097634 0.009634 2.181358
0.863580 0.012040 0.010897 0.005801 0.000411 0.097633 0.009638 2.182523
0.863666 0.012023 0.010913 0.005755 0.000409 0.097593 0.009642 2.183708
0.863767 0.011997 0.010898 0.005759 0.000404 0.097528 0.009647 2.184881
0.863791 0.012005 0.010896 0.005746 0.000406 0.097503 0.009653 2.186063
0.863891 0.011947 0.010875 0.005736 0.000408 0.097486 0.009658 2.187249
0.863935 0.011919 0.010847 0.005763 0.000405 0.097466 0.009666 2.188453
0.863987 0.011884 0.010843 0.005791 0.000402 0.097423 0.009670 2.189646
0.864093 0.011849 0.010807 0.005754 0.000401 0.097423 0.009675 2.190796
0.864237 0.011795 0.010834 0.005747 0.000399 0.097304 0.009684 2.191959
0.864345 0.011780 0.010853 0.005732 0.000402 0.097200 0.009689 2.193114
0.864465 0.011754 0.010845 0.005749 0.000400 0.097094 0.009694 2.194265
0.864507 0.011745 0.010789 0.005748 0.000398 0.097118 0.009697 2.195416
0.864523 0.011774 0.010795 0.005726 0.000397 0.097083 0.009704 2.196558
0.864590 0.011814 0.010767 0.005704 0.000402 0.097015 0.009709 2.197709
0.864604 0.011799 0.010772 0.005694 0.000396 0.097020 0.009715 2.198883
0.864685 0.011809 0.010739 0.005679 0.000396 0.096972 0.009721 2.200044
0.864796 0.011774 0.010718 0.005688 0.000394 0.096905 0.009725 2.201200
0.864886 0.011737 0.010703 0.005695 0.000398 0.096849 0.009733 2.202361
0.864884 0.011742 0.010698 0.005666 0.000397 0.096876 0.009737 2.203523
0.864905 0.011737 0.010663 0.005655 0.000394 0.096904 0.009742 2.204662
0.864961 0.011755 0.010653 0.005657 0.000391 0.096835 0.009750 2.205827
0.865036 0.011757 0.010653 0.005661 0.000391 0.096748 0.009755 2.206981
0.865155 0.011716 0.010629 0.005671 0.000390 0.096681 0.009759 2.208152
0.865283 0.011690 0.010638 0.005630 0.000396 0.096601 0.009763 2.209277
0.865326 0.011698 0.010615 0.005616 0.000397 0.096580 0.009768 2.210419
0.865370 0.011694 0.010626 0.005607 0.000396 0.096535 0.009772 2.211591
0.865450 0.011722 0.010565 0.005576 0.000401 0.096507 0.009779 2.212684
0.865473 0.011741 0.010529 0.005584 0.000400 0.096489 0.009785 2.213824
0.865598 0.011671 0.010518 0.005590 0.000398 0.096435 0.009791 2.214995
0.865686 0.011649 0.010519 0.005544 0.000394 0.096414 0.009795 2.216116
0.865759 0.011643 0.010535 0.005531 0.000392 0.096343 0.009798 2.217266
0.865874 0.011643 0.010507 0.005498 0.000385 0.096292 0.009803 2.218368
0.866045 0.011571 0.010447 0.005497 0.000388 0.096243 0.009809 2.219514
0.866153 0.011545 0.010476 0.005472 0.000385 0.096155 0.009815 2.220663
0.866201 0.011554 0.010458 0.005456 0.000382 0.096129 0.009821 2.221793
0.866248 0.011573 0.010437 0.005420 0.000383 0.096114 0.009826 2.222898
0.866381 0.011473 0.010396 0.005468 0.000383 0.096068 0.009832 2.224057
0.866504 0.011444 0.010385 0.005487 0.000379 0.095968 0.009834 2.225189
0.866559 0.011423 0.010390 0.005482 0.000381 0.095926 0.009839 2.226326
0.866660 0.011416 0.010404 0.005480 0.000375 0.095821 0.009846 2.227444
0.866712 0.011460 0.010369 0.005468 0.000373 0.095772 0.009849 2.228546
0.866790 0.011460 0.010358 0.005456 0.000374 0.095707 0.009856 2.229661
0.866841 0.011459 0.010371 0.005468 0.000372 0.095626 0.009864 2.230806
0.866869 0.011446 0.010401 0.005470 0.000373 0.095573 0.009868 2.231974
0.866960 0.011487 0.010372 0.005476 0.000376 0.095454 0.009876 2.233072
0.866989 0.011517 0.010343 0.005468 0.000383 0.095421 0.009879 2.234194
0.867102 0.011488 0.010367 0.005484 0.000382 0.095296 0.009881 2.235331
