0.340177 0.062492 0.055997 0.032397 0.002200 0.500350 0.006389 1.647731
0.342814 0.060165 0.055929 0.032189 0.002199 0.500289 0.006417 1.653701
0.346363 0.057219 0.055694 0.031846 0.002186 0.500246 0.006446 1.659432
0.350303 0.054110 0.055270 0.031429 0.002195 0.500228 0.006466 1.664865
0.354610 0.051006 0.054613 0.030941 0.002191 0.500146 0.006492 1.669963
0.359205 0.047871 0.053923 0.030403 0.002192 0.499889 0.006518 1.674819
0.363886 0.044865 0.053069 0.029778 0.002194 0.499659 0.006550 1.679358
0.368747 0.042016 0.052221 0.029102 0.002192 0.499141 0.006582 1.683637
0.373671 0.039328 0.051203 0.028346 0.002181 0.498659 0.006614 1.687622
0.378675 0.036769 0.050061 0.027594 0.002176 0.498082 0.006642 1.691368
0.383836 0.034395 0.048820 0.026744 0.002177 0.497360 0.006668 1.694834
0.389070 0.032130 0.047497 0.025944 0.002157 0.496508 0.006694 1.698095
0.394387 0.030051 0.046185 0.025156 0.002128 0.495367 0.006727 1.701130
0.399703 0.028141 0.044781 0.024297 0.002115 0.494207 0.006756 1.703965
0.405057 0.026275 0.043389 0.023452 0.002084 0.492960 0.006784 1.706680
0.410437 0.024628 0.042043 0.022664 0.002054 0.491364 0.006812 1.709181
0.415821 0.023031 0.040685 0.021862 0.002013 0.489752 0.006838 1.711542
0.421185 0.021559 0.039275 0.021067 0.001996 0.488058 0.006859 1.713743
0.426415 0.020205 0.037867 0.020224 0.001974 0.486435 0.006879 1.715799
0.431717 0.018960 0.036506 0.019453 0.001950 0.484505 0.006909 1.717736
0.437270 0.017780 0.035098 0.018672 0.001927 0.482316 0.006937 1.719560
0.442685 0.016667 0.033814 0.017945 0.001900 0.480024 0.006965 1.721282
0.448092 0.015688 0.032453 0.017225 0.001861 0.477687 0.006994 1.722832
0.453498 0.014727 0.031246 0.016506 0.001831 0.475176 0.007017 1.724355
0.458964 0.013913 0.029937 0.015783 0.001804 0.472560 0.007040 1.725687
0.464338 0.013088 0.028717 0.015127 0.001774 0.469891 0.007065 1.727028
0.469718 0.012324 0.027554 0.014426 0.001757 0.467138 0.007083 1.728262
0.475110 0.011623 0.026394 0.013742 0.001736 0.464286 0.007109 1.729413
0.480497 0.010937 0.025334 0.013138 0.001705 0.461257 0.007134 1.730532
0.485781 0.010302 0.024309 0.012529 0.001686 0.458237 0.007156 1.731583
0.491087 0.009686 0.023164 0.012019 0.001652 0.455216 0.007177 1.732579
0.496483 0.009185 0.022214 0.011439 0.001618 0.451866 0.007195 1.733476
0.501778 0.008716 0.021223 0.010898 0.001596 0.448578 0.007211 1.734354
0.507119 0.008223 0.020349 0.010435 0.001570 0.445073 0.007231 1.735210
0.512298 0.007797 0.019510 0.009950 0.001536 0.441660 0.007250 1.736003
0.517442 0.007393 0.018633 0.009484 0.001510 0.438266 0.007271 1.736757
0.522606 0.006984 0.017826 0.009063 0.001487 0.434745 0.007290 1.737499
0.527796 0.006624 0.016991 0.008675 0.001445 0.431159 0.007309 1.738158
0.532876 0.006290 0.016225 0.008264 0.001412 0.427607 0.007327 1.738794
0.537838 0.005980 0.015504 0.007888 0.001384 0.424061 0.007345 1.739406
0.542805 0.005725 0.014808 0.007529 0.001357 0.420410 0.007366 1.739973
0.547733 0.005453 0.014071 0.007176 0.001323 0.416862 0.007382 1.740509
0.552778 0.005176 0.013468 0.006853 0.001291 0.413041 0.007395 1.741032
0.557702 0.004923 0.012924 0.006533 0.001258 0.409247 0.007414 1.741518
0.562545 0.004723 0.012336 0.006227 0.001231 0.405512 0.007427 1.741983
0.567420 0.004496 0.011775 0.005945 0.001195 0.401724 0.007445 1.742433
0.572213 0.004255 0.011236 0.005683 0.001174 0.397980 0.007459 1.742891
0.576934 0.004088 0.010748 0.005409 0.001144 0.394206 0.007472 1.743282
0.581632 0.003917 0.010285 0.005158 0.001117 0.390402 0.007488 1.743686
0.586261 0.003745 0.009803 0.004911 0.001083 0.386694 0.007503 1.744069
0.590896 0.003584 0.009371 0.004685 0.001052 0.382896 0.007516 1.744434
0.595489 0.003445 0.008924 0.004466 0.001028 0.379123 0.007526 1.744753
0.599986 0.003318 0.008507 0.004281 0.001003 0.375367 0.007538 1.745071
0.604552 0.003180 0.008115 0.004077 0.000978 0.371543 0.007556 1.745395
0.608973 0.003066 0.007733 0.003903 0.000950 0.367807 0.007568 1.745683
0.613317 0.002930 0.007420 0.003717 0.000914 0.364121 0.007580 1.745988
0.617673 0.002814 0.007122 0.003559 0.000888 0.360352 0.007591 1.746275
0.622074 0.002733 0.006798 0.003371 0.000861 0.356556 0.007607 1.746527
0.626373 0.002610 0.006506 0.003214 0.000839 0.352837 0.007622 1.746793
0.630663 0.002505 0.006216 0.003056 0.000821 0.349109 0.007630 1.747043
0.634818 0.002426 0.005953 0.002910 0.000801 0.345452 0.007641 1.747272
0.638961 0.002346 0.005674 0.002783 0.000782 0.341801 0.007653 1.747500
0.643029 0.002248 0.005429 0.002674 0.000758 0.338198 0.007665 1.747741
0.647070 0.002186 0.005187 0.002554 0.000735 0.334591 0.007677 1.747930
0.651119 0.002116 0.004960 0.002450 0.000713 0.330952 0.007690 1.748135
0.655180 0.002041 0.004757 0.002359 0.000695 0.327267 0.007702 1.748335
0.659075 0.001959 0.004563 0.002262 0.000662 0.323764 0.007715 1.748529
0.663025 0.001890 0.004375 0.002161 0.000642 0.320183 0.007724 1.748718
0.666897 0.001836 0.004184 0.002081 0.000622 0.316647 0.007733 1.748892
0.670688 0.001773 0.004014 0.001984 0.000603 0.313194 0.007744 1.749065
0.674475 0.001716 0.003850 0.001911 0.000586 0.309711 0.007753 1.749234
0.678172 0.001673 0.003681 0.001825 0.000571 0.306316 0.007764 1.749388
0.681848 0.001616 0.003532 0.001756 0.000549 0.302929 0.007771 1.749549
0.685473 0.001558 0.003398 0.001681 0.000530 0.299581 0.007780 1.749703
0.689124 0.001496 0.003268 0.001615 0.000512 0.296197 0.007789 1.749863
0.692742 0.001453 0.003142 0.001545 0.000501 0.292825 0.007793 1.750004
0.696284 0.001392 0.003029 0.001486 0.000483 0.289526 0.007801 1.750159
0.699793 0.001352 0.002908 0.001429 0.000464 0.286245 0.007809 1.750290
0.703240 0.001315 0.002794 0.001363 0.000449 0.283026 0.007814 1.750415
0.706718 0.001287 0.002680 0.001313 0.000432 0.279751 0.007821 1.750541
0.710096 0.001248 0.002574 0.001261 0.000423 0.276568 0.007830 1.750658
0.713408 0.001204 0.002499 0.001203 0.000410 0.273437 0.007838 1.750785
0.716746 0.001169 0.002408 0.001153 0.000399 0.270281 0.007845 1.750902
0.720042 0.001115 0.002335 0.001110 0.000390 0.267161 0.007848 1.751028
0.723318 0.001080 0.002238 0.001077 0.000382 0.264051 0.007854 1.751138
0.726533 0.001040 0.002160 0.001040 0.000375 0.260995 0.007858 1.751257
0.729731 0.001023 0.002077 0.001002 0.000362 0.257943 0.007862 1.751349
0.732936 0.001001 0.001998 0.000967 0.000346 0.254884 0.007868 1.751446
0.736109 0.000976 0.001930 0.000935 0.000338 0.251843 0.007871 1.751543
0.739169 0.000958 0.001850 0.000896 0.000327 0.248928 0.007874 1.751623
0.742218 0.000930 0.001784 0.000862 0.000321 0.246010 0.007876 1.751716
0.745252 0.000892 0.001733 0.000831 0.000310 0.243101 0.007882 1.751815
0.748280 0.000856 0.001686 0.000812 0.000303 0.240179 0.007885 1.751915
0.751194 0.000836 0.001609 0.000784 0.000296 0.237394 0.007888 1.751996
0.754099 0.000818 0.001543 0.000752 0.000290 0.234609 0.007890 1.752077
0.756966 0.000798 0.001478 0.000723 0.000279 0.231861 0.007896 1.752153
0.759856 0.000766 0.001428 0.000696 0.000270 0.229084 0.007900 1.752233
0.762654 0.000740 0.001369 0.000682 0.000261 0.226390 0.007903 1.752308
0.765419 0.000730 0.001327 0.000653 0.000252 0.223714 0.007907 1.752377
0.768131 0.000712 0.001273 0.000631 0.000246 0.221098 0.007910 1.752450
0.770872 0.000682 0.001213 0.000610 0.000233 0.218475 0.007916 1.752523
0.773541 0.000652 0.001181 0.000597 0.000226 0.215886 0.007919 1.752600
0.776191 0.000631 0.001123 0.000578 0.000217 0.213338 0.007923 1.752654
0.778821 0.000605 0.001094 0.000564 0.000211 0.210780 0.007926 1.752726
0.781416 0.000588 0.001051 0.000539 0.000209 0.208270 0.007928 1.752788
0.783961 0.000576 0.001013 0.000521 0.000202 0.205795 0.007932 1.752848
0.786464 0.000551 0.000984 0.000503 0.000197 0.203367 0.007934 1.752913
0.788885 0.000540 0.000942 0.000494 0.000189 0.201010 0.007939 1.752962
0.791370 0.000536 0.000906 0.000478 0.000182 0.198587 0.007942 1.753010
0.793830 0.000526 0.000879 0.000461 0.000176 0.196184 0.007944 1.753064
0.796262 0.000521 0.000849 0.000442 0.000170 0.193810 0.007946 1.753114
0.798652 0.000490 0.000830 0.000432 0.000162 0.191486 0.007948 1.753173
0.800984 0.000461 0.000818 0.000418 0.000159 0.189211 0.007949 1.753230
0.803356 0.000453 0.000788 0.000400 0.000152 0.186901 0.007951 1.753267
0.805664 0.000440 0.000762 0.000387 0.000150 0.184644 0.007952 1.753313
0.807893 0.000439 0.000733 0.000373 0.000147 0.182462 0.007954 1.753352
0.810121 0.000432 0.000705 0.000360 0.000143 0.180284 0.007955 1.753389
0.812301 0.000425 0.000678 0.000345 0.000138 0.178154 0.007959 1.753424
0.814514 0.000419 0.000658 0.000327 0.000136 0.175987 0.007960 1.753463
0.816696 0.000398 0.000642 0.000321 0.000131 0.173852 0.007961 1.753504
0.818804 0.000394 0.000626 0.000315 0.000129 0.171771 0.007962 1.753539
0.820902 0.000383 0.000600 0.000301 0.000126 0.169726 0.007963 1.753580
0.822978 0.000383 0.000584 0.000295 0.000122 0.167674 0.007964 1.753619
0.825016 0.000370 0.000564 0.000293 0.000114 0.165676 0.007966 1.753657
0.827102 0.000360 0.000546 0.000278 0.000112 0.163634 0.007968 1.753687
0.829085 0.000350 0.000536 0.000268 0.000108 0.161684 0.007970 1.753723
0.831098 0.000336 0.000513 0.000258 0.000102 0.159722 0.007972 1.753759
0.833058 0.000331 0.000503 0.000256 0.000097 0.157782 0.007974 1.753794
0.834998 0.000316 0.000498 0.000247 0.000093 0.155873 0.007976 1.753828
0.836936 0.000310 0.000479 0.000239 0.000090 0.153969 0.007978 1.753856
0.838814 0.000308 0.000461 0.000226 0.000085 0.152126 0.007980 1.753883
0.840620 0.000306 0.000451 0.000218 0.000081 0.150341 0.007983 1.753912
0.842449 0.000298 0.000442 0.000215 0.000078 0.148534 0.007984 1.753940
0.844241 0.000299 0.000424 0.000212 0.000076 0.146763 0.007985 1.753965
0.846056 0.000299 0.000409 0.000205 0.000072 0.144971 0.007989 1.753989
0.847850 0.000298 0.000403 0.000199 0.000068 0.143191 0.007991 1.754016
0.849582 0.000292 0.000390 0.000190 0.000067 0.141488 0.007991 1.754044
0.851308 0.000292 0.000381 0.000190 0.000067 0.139772 0.007991 1.754071
0.853019 0.000287 0.000375 0.000181 0.000066 0.138079 0.007993 1.754098
0.854698 0.000279 0.000376 0.000179 0.000063 0.136411 0.007994 1.754132
0.856316 0.000281 0.000367 0.000172 0.000062 0.134805 0.007996 1.754160
0.857929 0.000272 0.000362 0.000169 0.000061 0.133209 0.007997 1.754189
0.859503 0.000258 0.000364 0.000160 0.000060 0.131658 0.007997 1.754217
0.861058 0.000249 0.000358 0.000150 0.000059 0.130128 0.007998 1.754240
0.862629 0.000246 0.000344 0.000150 0.000059 0.128574 0.007999 1.754263
0.864160 0.000241 0.000341 0.000148 0.000056 0.127054 0.008000 1.754287
0.865704 0.000238 0.000326 0.000142 0.000054 0.125534 0.008001 1.754307
0.867196 0.000231 0.000316 0.000136 0.000053 0.124065 0.008002 1.754327
0.868624 0.000227 0.000305 0.000138 0.000052 0.122651 0.008003 1.754350
0.870077 0.000223 0.000297 0.000137 0.000051 0.121211 0.008004 1.754372
0.871482 0.000216 0.000294 0.000129 0.000050 0.119824 0.008004 1.754394
0.872877 0.000215 0.000286 0.000129 0.000047 0.118440 0.008005 1.754415
0.874249 0.000206 0.000282 0.000127 0.000046 0.117085 0.008005 1.754441
0.875600 0.000205 0.000273 0.000123 0.000044 0.115750 0.008006 1.754462
0.876952 0.000194 0.000270 0.000126 0.000044 0.114407 0.008007 1.754487
0.878244 0.000194 0.000266 0.000118 0.000043 0.113127 0.008007 1.754505
0.879602 0.000193 0.000258 0.000117 0.000041 0.111781 0.008007 1.754520
0.880850 0.000192 0.000252 0.000117 0.000041 0.110541 0.008007 1.754537
0.882103 0.000191 0.000246 0.000119 0.000041 0.109293 0.008007 1.754552
0.883335 0.000186 0.000241 0.000116 0.000038 0.108076 0.008008 1.754568
0.884536 0.000180 0.000240 0.000115 0.000035 0.106885 0.008008 1.754591
0.885677 0.000175 0.000233 0.000113 0.000034 0.105758 0.008009 1.754609
0.886792 0.000171 0.000232 0.000107 0.000032 0.104655 0.008010 1.754627
0.887867 0.000166 0.000225 0.000104 0.000031 0.103598 0.008010 1.754640
0.888946 0.000164 0.000216 0.000102 0.000030 0.102533 0.008010 1.754652
0.889985 0.000155 0.000216 0.000100 0.000029 0.101506 0.008010 1.754673
0.890986 0.000157 0.000211 0.000094 0.000027 0.100513 0.008011 1.754682
0.891958 0.000158 0.000206 0.000089 0.000025 0.099552 0.008012 1.754695
0.892932 0.000160 0.000201 0.000086 0.000024 0.098583 0.008013 1.754709
0.893818 0.000155 0.000199 0.000088 0.000023 0.097702 0.008014 1.754729
0.894722 0.000151 0.000200 0.000084 0.000024 0.096804 0.008014 1.754744
0.895607 0.000150 0.000194 0.000085 0.000022 0.095927 0.008015 1.754760
0.896440 0.000143 0.000189 0.000085 0.000023 0.095104 0.008015 1.754775
0.897282 0.000137 0.000186 0.000082 0.000022 0.094274 0.008016 1.754790
0.898109 0.000138 0.000176 0.000078 0.000021 0.093459 0.008016 1.754800
0.898886 0.000140 0.000166 0.000075 0.000021 0.092694 0.008016 1.754808
0.899673 0.000134 0.000165 0.000070 0.000020 0.091921 0.008016 1.754820
0.900414 0.000134 0.000162 0.000070 0.000021 0.091181 0.008016 1.754830
0.901148 0.000130 0.000159 0.000068 0.000021 0.090457 0.008017 1.754844
0.901859 0.000131 0.000154 0.000068 0.000020 0.089750 0.008017 1.754855
0.902579 0.000126 0.000153 0.000067 0.000018 0.089038 0.008017 1.754868
0.903287 0.000121 0.000150 0.000069 0.000018 0.088337 0.008017 1.754881
0.903962 0.000123 0.000146 0.000066 0.000017 0.087666 0.008017 1.754889
0.904566 0.000129 0.000141 0.000064 0.000016 0.087065 0.008017 1.754897
0.905183 0.000127 0.000141 0.000064 0.000015 0.086451 0.008018 1.754907
0.905784 0.000123 0.000142 0.000063 0.000015 0.085853 0.008018 1.754921
0.906335 0.000123 0.000142 0.000065 0.000014 0.085301 0.008019 1.754933
0.906941 0.000120 0.000136 0.000065 0.000013 0.084705 0.008019 1.754946
0.907548 0.000117 0.000132 0.000064 0.000012 0.084105 0.008021 1.754957
0.908105 0.000108 0.000130 0.000065 0.000012 0.083559 0.008021 1.754971
0.908647 0.000112 0.000128 0.000064 0.000012 0.083015 0.008022 1.754979
0.909160 0.000110 0.000125 0.000065 0.000011 0.082506 0.008022 1.754987
0.909643 0.000113 0.000122 0.000063 0.000011 0.082025 0.008022 1.754995
0.910135 0.000103 0.000117 0.000065 0.000011 0.081546 0.008022 1.755011
0.910618 0.000102 0.000116 0.000065 0.000011 0.081064 0.008023 1.755020
0.911082 0.000099 0.000115 0.000063 0.000010 0.080608 0.008023 1.755030
0.911523 0.000093 0.000113 0.000062 0.000011 0.080175 0.008023 1.755040
0.911963 0.000089 0.000113 0.000061 0.000011 0.079740 0.008023 1.755049
0.912400 0.000086 0.000110 0.000057 0.000012 0.079312 0.008023 1.755055
0.912830 0.000081 0.000113 0.000060 0.000012 0.078882 0.008023 1.755068
0.913232 0.000080 0.000112 0.000056 0.000012 0.078483 0.008023 1.755076
0.913633 0.000080 0.000108 0.000055 0.000012 0.078089 0.008023 1.755081
0.914032 0.000080 0.000107 0.000051 0.000011 0.077693 0.008024 1.755087
0.914435 0.000076 0.000106 0.000051 0.000012 0.077295 0.008024 1.755097
0.914776 0.000075 0.000102 0.000049 0.000012 0.076962 0.008024 1.755103
0.915125 0.000073 0.000102 0.000047 0.000012 0.076618 0.008024 1.755112
0.915461 0.000074 0.000100 0.000047 0.000011 0.076282 0.008025 1.755119
0.915809 0.000073 0.000098 0.000047 0.000011 0.075937 0.008025 1.755126
0.916148 0.000069 0.000097 0.000049 0.000010 0.075601 0.008026 1.755135
0.916461 0.000065 0.000098 0.000050 0.000010 0.075290 0.008026 1.755143
0.916768 0.000064 0.000096 0.000049 0.000009 0.074986 0.008027 1.755149
0.917071 0.000064 0.000095 0.000045 0.000008 0.074690 0.008027 1.755154
0.917355 0.000064 0.000089 0.000041 0.000007 0.074415 0.008028 1.755157
0.917632 0.000061 0.000088 0.000042 0.000007 0.074143 0.008028 1.755163
0.917908 0.000055 0.000090 0.000042 0.000007 0.073870 0.008028 1.755173
0.918167 0.000053 0.000086 0.000042 0.000007 0.073617 0.008028 1.755180
0.918433 0.000053 0.000080 0.000042 0.000007 0.073357 0.008028 1.755185
0.918680 0.000052 0.000081 0.000040 0.000007 0.073111 0.008028 1.755191
0.918910 0.000051 0.000080 0.000037 0.000006 0.072888 0.008028 1.755197
0.919135 0.000054 0.000079 0.000036 0.000006 0.072662 0.008028 1.755201
0.919342 0.000053 0.000077 0.000033 0.000006 0.072461 0.008028 1.755206
0.919549 0.000054 0.000074 0.000031 0.000005 0.072259 0.008028 1.755210
0.919762 0.000052 0.000072 0.000032 0.000005 0.072048 0.008028 1.755215
0.919966 0.000048 0.000068 0.000033 0.000005 0.071851 0.008028 1.755221
0.920173 0.000047 0.000069 0.000032 0.000005 0.071647 0.008028 1.755225
0.920335 0.000042 0.000070 0.000032 0.000004 0.071488 0.008029 1.755232
0.920501 0.000043 0.000066 0.000031 0.000004 0.071326 0.008029 1.755234
0.920671 0.000043 0.000066 0.000028 0.000004 0.071159 0.008029 1.755238
0.920823 0.000040 0.000063 0.000026 0.000004 0.071015 0.008029 1.755243
0.920970 0.000041 0.000061 0.000024 0.000004 0.070871 0.008029 1.755246
0.921108 0.000042 0.000060 0.000025 0.000004 0.070732 0.008029 1.755250
0.921268 0.000039 0.000061 0.000027 0.000004 0.070574 0.008029 1.755256
0.921401 0.000041 0.000061 0.000027 0.000004 0.070436 0.008029 1.755260
0.921540 0.000038 0.000062 0.000025 0.000004 0.070302 0.008029 1.755266
0.921670 0.000038 0.000060 0.000025 0.000004 0.070174 0.008029 1.755271
0.921787 0.000038 0.000059 0.000024 0.000004 0.070057 0.008029 1.755274
0.921916 0.000036 0.000060 0.000026 0.000004 0.069929 0.008029 1.755281
0.922035 0.000036 0.000056 0.000025 0.000003 0.069816 0.008030 1.755284
0.922159 0.000035 0.000055 0.000025 0.000004 0.069693 0.008030 1.755287
0.922281 0.000034 0.000053 0.000025 0.000003 0.069573 0.008030 1.755290
0.922380 0.000035 0.000052 0.000024 0.000003 0.069474 0.008031 1.755291
0.922478 0.000034 0.000051 0.000025 0.000003 0.069378 0.008031 1.755296
0.922582 0.000034 0.000047 0.000025 0.000003 0.069278 0.008031 1.755299
0.922692 0.000035 0.000044 0.000024 0.000003 0.069172 0.008031 1.755300
0.922795 0.000033 0.000043 0.000024 0.000003 0.069070 0.008031 1.755304
0.922894 0.000032 0.000042 0.000023 0.000003 0.068975 0.008031 1.755308
0.922993 0.000030 0.000043 0.000021 0.000003 0.068879 0.008031 1.755311
0.923082 0.000029 0.000041 0.000021 0.000003 0.068792 0.008031 1.755315
0.923164 0.000030 0.000039 0.000021 0.000003 0.068712 0.008031 1.755317
0.923249 0.000030 0.000039 0.000021 0.000003 0.068627 0.008031 1.755321
0.923331 0.000030 0.000036 0.000019 0.000002 0.068549 0.008031 1.755323
0.923431 0.000031 0.000036 0.000018 0.000002 0.068451 0.008031 1.755324
0.923520 0.000032 0.000035 0.000017 0.000002 0.068364 0.008031 1.755327
0.923594 0.000028 0.000036 0.000017 0.000002 0.068292 0.008031 1.755332
0.923669 0.000028 0.000035 0.000016 0.000002 0.068219 0.008031 1.755335
0.923745 0.000028 0.000032 0.000016 0.000002 0.068146 0.008031 1.755337
0.923807 0.000026 0.000035 0.000015 0.000002 0.068083 0.008031 1.755341
0.923878 0.000028 0.000034 0.000013 0.000003 0.068014 0.008031 1.755342
0.923941 0.000029 0.000034 0.000013 0.000003 0.067949 0.008031 1.755344
0.924008 0.000028 0.000033 0.000013 0.000003 0.067883 0.008031 1.755346
0.924066 0.000026 0.000032 0.000014 0.000003 0.067827 0.008031 1.755349
0.924117 0.000026 0.000032 0.000014 0.000002 0.067777 0.008032 1.755349
0.924180 0.000026 0.000033 0.000014 0.000002 0.067714 0.008032 1.755352
0.924230 0.000028 0.000033 0.000013 0.000002 0.067661 0.008032 1.755354
0.924281 0.000029 0.000033 0.000012 0.000002 0.067611 0.008032 1.755357
0.924335 0.000029 0.000032 0.000012 0.000002 0.067559 0.008032 1.755359
0.924402 0.000029 0.000032 0.000012 0.000002 0.067492 0.008032 1.755360
0.924460 0.000025 0.000031 0.000012 0.000002 0.067439 0.008032 1.755364
0.924513 0.000024 0.000030 0.000010 0.000002 0.067390 0.008032 1.755366
0.924553 0.000024 0.000029 0.000010 0.000002 0.067351 0.008032 1.755367
0.924607 0.000025 0.000030 0.000009 0.000002 0.067295 0.008032 1.755369
0.924659 0.000022 0.000032 0.000008 0.000001 0.067246 0.008032 1.755373
0.924703 0.000024 0.000030 0.000008 0.000001 0.067202 0.008032 1.755375
0.924748 0.000021 0.000030 0.000010 0.000001 0.067158 0.008032 1.755379
0.924790 0.000022 0.000029 0.000011 0.000001 0.067116 0.008032 1.755381
0.924827 0.000019 0.000029 0.000012 0.000001 0.067079 0.008032 1.755384
0.924871 0.000020 0.000029 0.000012 0.000001 0.067035 0.008032 1.755386
0.924906 0.000022 0.000028 0.000010 0.000001 0.067001 0.008032 1.755386
0.924943 0.000022 0.000029 0.000010 0.000001 0.066962 0.008032 1.755388
0.924984 0.000022 0.000026 0.000012 0.000000 0.066923 0.008032 1.755390
0.925025 0.000022 0.000025 0.000012 0.000000 0.066883 0.008032 1.755391
0.925056 0.000023 0.000022 0.000011 0.000000 0.066855 0.008032 1.755393
0.925084 0.000023 0.000023 0.000010 0.000000 0.066826 0.008032 1.755395
0.925112 0.000021 0.000024 0.000010 0.000000 0.066800 0.008032 1.755399
0.925138 0.000022 0.000022 0.000011 0.000000 0.066773 0.008032 1.755400
0.925177 0.000021 0.000022 0.000011 0.000000 0.066737 0.008032 1.755402
0.925206 0.000021 0.000018 0.000012 0.000000 0.066710 0.008032 1.755403
0.925236 0.000020 0.000017 0.000013 0.000000 0.066680 0.008032 1.755406
0.925269 0.000021 0.000017 0.000013 0.000000 0.066647 0.008032 1.755407
0.925294 0.000020 0.000016 0.000014 0.000000 0.066623 0.008032 1.755410
0.925316 0.000019 0.000019 0.000014 0.000000 0.066598 0.008032 1.755413
0.925339 0.000019 0.000019 0.000014 0.000000 0.066576 0.008032 1.755416
0.925364 0.000019 0.000019 0.000014 0.000000 0.066551 0.008032 1.755418
0.925387 0.000018 0.000020 0.000012 0.000000 0.066529 0.008032 1.755421
0.925408 0.000019 0.000020 0.000012 0.000001 0.066508 0.008032 1.755422
0.925427 0.000021 0.000020 0.000012 0.000000 0.066485 0.008033 1.755423
0.925443 0.000020 0.000021 0.000012 0.000000 0.066470 0.008033 1.755426
0.925459 0.000017 0.000023 0.000012 0.000000 0.066455 0.008033 1.755431
0.925476 0.000016 0.000022 0.000011 0.000001 0.066440 0.008033 1.755434
0.925494 0.000015 0.000021 0.000011 0.000001 0.066424 0.008033 1.755435
0.925510 0.000015 0.000021 0.000011 0.000001 0.066409 0.008033 1.755436
0.925525 0.000015 0.000022 0.000011 0.000001 0.066394 0.008033 1.755438
0.925545 0.000014 0.000019 0.000011 0.000001 0.066378 0.008033 1.755439
0.925562 0.000014 0.000018 0.000010 0.000001 0.066362 0.008033 1.755439
0.925576 0.000013 0.000017 0.000010 0.000001 0.066350 0.008033 1.755440
0.925590 0.000012 0.000018 0.000010 0.000001 0.066336 0.008033 1.755442
0.925602 0.000012 0.000017 0.000010 0.000001 0.066324 0.008033 1.755442
0.925615 0.000013 0.000017 0.000010 0.000001 0.066312 0.008033 1.755443
0.925633 0.000012 0.000016 0.000010 0.000001 0.066295 0.008033 1.755444
0.925649 0.000012 0.000016 0.000010 0.000001 0.066278 0.008033 1.755445
0.925663 0.000010 0.000014 0.000011 0.000000 0.066269 0.008033 1.755446
0.925677 0.000011 0.000015 0.000010 0.000000 0.066254 0.008033 1.755448
0.925692 0.000010 0.000014 0.000010 0.000000 0.066240 0.008033 1.755449
0.925707 0.000010 0.000014 0.000011 0.000000 0.066226 0.008033 1.755451
0.925715 0.000010 0.000013 0.000011 0.000000 0.066217 0.008033 1.755451
0.925725 0.000010 0.000014 0.000010 0.000001 0.066208 0.008033 1.755452
0.925736 0.000011 0.000013 0.000011 0.000001 0.066195 0.008033 1.755453
0.925745 0.000012 0.000012 0.000011 0.000001 0.066186 0.008033 1.755453
0.925749 0.000014 0.000011 0.000011 0.000001 0.066182 0.008033 1.755453
0.925758 0.000014 0.000011 0.000010 0.000001 0.066173 0.008033 1.755454
0.925763 0.000013 0.000012 0.000009 0.000001 0.066169 0.008033 1.755457
0.925772 0.000014 0.000012 0.000008 0.000001 0.066159 0.008033 1.755457
0.925781 0.000015 0.000012 0.000007 0.000001 0.066152 0.008033 1.755457
0.925793 0.000015 0.000012 0.000007 0.000001 0.066139 0.008033 1.755459
0.925805 0.000013 0.000013 0.000007 0.000000 0.066129 0.008033 1.755461
0.925811 0.000014 0.000013 0.000006 0.000001 0.066123 0.008033 1.755463
0.925817 0.000014 0.000013 0.000006 0.000001 0.066115 0.008033 1.755465
0.925821 0.000013 0.000013 0.000007 0.000001 0.066112 0.008033 1.755467
0.925832 0.000012 0.000014 0.000007 0.000002 0.066101 0.008033 1.755469
0.925839 0.000010 0.000014 0.000007 0.000002 0.066095 0.008033 1.755470
0.925847 0.000011 0.000014 0.000008 0.000002 0.066086 0.008033 1.755471
0.925854 0.000010 0.000012 0.000007 0.000002 0.066082 0.008033 1.755472
0.925859 0.000010 0.000011 0.000007 0.000002 0.066078 0.008033 1.755474
0.925868 0.000008 0.000011 0.000009 0.000002 0.066069 0.008033 1.755476
0.925876 0.000009 0.000012 0.000008 0.000002 0.066060 0.008033 1.755478
0.925882 0.000008 0.000013 0.000008 0.000002 0.066054 0.008033 1.755479
0.925887 0.000010 0.000012 0.000008 0.000001 0.066050 0.008034 1.755479
0.925890 0.000010 0.000010 0.000008 0.000001 0.066047 0.008034 1.755480
0.925892 0.000010 0.000009 0.000008 0.000001 0.066045 0.008034 1.755480
0.925898 0.000010 0.000008 0.000008 0.000001 0.066041 0.008034 1.755480
0.925904 0.000008 0.000010 0.000008 0.000001 0.066035 0.008034 1.755483
0.925911 0.000007 0.000010 0.000008 0.000001 0.066030 0.008034 1.755485
0.925915 0.000007 0.000009 0.000008 0.000001 0.066026 0.008034 1.755485
0.925921 0.000006 0.000009 0.000009 0.000001 0.066020 0.008034 1.755486
0.925927 0.000005 0.000008 0.000010 0.000001 0.066014 0.008034 1.755488
0.925931 0.000004 0.000008 0.000008 0.000002 0.066012 0.008034 1.755489
0.925938 0.000005 0.000008 0.000008 0.000002 0.066005 0.008034 1.755489
0.925946 0.000005 0.000008 0.000007 0.000002 0.065998 0.008034 1.755490
0.925948 0.000005 0.000008 0.000007 0.000002 0.065997 0.008034 1.755490
0.925952 0.000005 0.000008 0.000007 0.000002 0.065993 0.008034 1.755491
0.925957 0.000005 0.000007 0.000007 0.000002 0.065989 0.008034 1.755491
0.925963 0.000004 0.000007 0.000007 0.000002 0.065984 0.008034 1.755492
0.925968 0.000003 0.000008 0.000007 0.000001 0.065980 0.008034 1.755493
0.925974 0.000003 0.000008 0.000006 0.000000 0.065974 0.008034 1.755493
0.925980 0.000003 0.000008 0.000006 0.000000 0.065969 0.008034 1.755494
0.925985 0.000003 0.000007 0.000007 0.000000 0.065963 0.008034 1.755494
0.925986 0.000005 0.000007 0.000006 0.000000 0.065961 0.008034 1.755495
0.925991 0.000004 0.000007 0.000007 0.000000 0.065958 0.008034 1.755496
0.925994 0.000003 0.000007 0.000006 0.000000 0.065956 0.008034 1.755497
0.926000 0.000002 0.000007 0.000006 0.000000 0.065950 0.008034 1.755497
0.926007 0.000003 0.000007 0.000006 0.000000 0.065944 0.008034 1.755497
0.926008 0.000003 0.000007 0.000006 0.000000 0.065942 0.008034 1.755498
0.926011 0.000002 0.000008 0.000006 0.000000 0.065939 0.008034 1.755499
0.926017 0.000002 0.000006 0.000006 0.000000 0.065934 0.008034 1.755499
0.926021 0.000002 0.000006 0.000006 0.000000 0.065931 0.008034 1.755499
0.926025 0.000002 0.000005 0.000006 0.000000 0.065927 0.008034 1.755499
0.926030 0.000002 0.000004 0.000005 0.000000 0.065924 0.008034 1.755499
0.926033 0.000002 0.000004 0.000004 0.000000 0.065922 0.008034 1.755499
0.926037 0.000003 0.000004 0.000004 0.000000 0.065918 0.008034 1.755499
0.926040 0.000003 0.000004 0.000004 0.000000 0.065914 0.008034 1.755499
0.926044 0.000002 0.000004 0.000005 0.000000 0.065910 0.008034 1.755500
0.926050 0.000003 0.000003 0.000005 0.000000 0.065905 0.008034 1.755500
0.926052 0.000003 0.000003 0.000004 0.000000 0.065904 0.008034 1.755500
0.926057 0.000003 0.000003 0.000003 0.000000 0.065899 0.008034 1.755500
0.926061 0.000004 0.000003 0.000003 0.000000 0.065895 0.008034 1.755500
0.926063 0.000003 0.000003 0.000003 0.000000 0.065894 0.008034 1.755500
0.926066 0.000003 0.000003 0.000003 0.000000 0.065890 0.008034 1.755500
0.926069 0.000003 0.000003 0.000003 0.000000 0.065887 0.008034 1.755500
0.926072 0.000003 0.000003 0.000003 0.000000 0.065884 0.008034 1.755501
0.926078 0.000003 0.000003 0.000003 0.000000 0.065879 0.008034 1.755502
0.926082 0.000003 0.000003 0.000003 0.000000 0.065875 0.008034 1.755502
0.926084 0.000003 0.000003 0.000003 0.000000 0.065873 0.008034 1.755502
0.926089 0.000003 0.000002 0.000003 0.000000 0.065867 0.008034 1.755502
0.926090 0.000004 0.000002 0.000004 0.000000 0.065866 0.008034 1.755503
0.926091 0.000004 0.000003 0.000004 0.000000 0.065865 0.008034 1.755503
0.926095 0.000005 0.000003 0.000004 0.000000 0.065860 0.008034 1.755503
0.926098 0.000006 0.000003 0.000003 0.000000 0.065857 0.008034 1.755503
0.926099 0.000005 0.000003 0.000003 0.000000 0.065855 0.008034 1.755504
0.926100 0.000006 0.000003 0.000003 0.000000 0.065853 0.008034 1.755504
0.926103 0.000005 0.000003 0.000003 0.000000 0.065851 0.008034 1.755505
0.926107 0.000005 0.000003 0.000003 0.000000 0.065848 0.008034 1.755505
0.926109 0.000005 0.000004 0.000003 0.000000 0.065845 0.008034 1.755506
0.926110 0.000006 0.000003 0.000004 0.000000 0.065843 0.008034 1.755506
0.926112 0.000006 0.000003 0.000003 0.000000 0.065842 0.008034 1.755506
0.926116 0.000005 0.000004 0.000002 0.000000 0.065839 0.008034 1.755507
0.926116 0.000005 0.000004 0.000002 0.000001 0.065838 0.008034 1.755508
0.926117 0.000005 0.000004 0.000002 0.000001 0.065836 0.008034 1.755508
0.926119 0.000005 0.000005 0.000001 0.000001 0.065834 0.008034 1.755509
0.926124 0.000006 0.000005 0.000001 0.000001 0.065829 0.008034 1.755509
0.926125 0.000006 0.000005 0.000001 0.000001 0.065827 0.008034 1.755509
0.926127 0.000005 0.000006 0.000001 0.000001 0.065824 0.008034 1.755511
0.926130 0.000005 0.000006 0.000001 0.000001 0.065822 0.008034 1.755511
0.926132 0.000005 0.000005 0.000000 0.000001 0.065821 0.008034 1.755511
0.926134 0.000005 0.000006 0.000000 0.000001 0.065819 0.008034 1.755511
0.926136 0.000005 0.000005 0.000000 0.000001 0.065818 0.008034 1.755511
0.926137 0.000005 0.000006 0.000000 0.000001 0.065817 0.008034 1.755512
0.926137 0.000005 0.000005 0.000000 0.000001 0.065817 0.008034 1.755513
0.926138 0.000006 0.000005 0.000000 0.000001 0.065815 0.008034 1.755513
0.926141 0.000005 0.000005 0.000001 0.000000 0.065814 0.008034 1.755514
0.926142 0.000004 0.000004 0.000001 0.000000 0.065813 0.008034 1.755515
0.926143 0.000005 0.000004 0.000000 0.000000 0.065813 0.008034 1.755515
0.926145 0.000005 0.000003 0.000000 0.000000 0.065812 0.008034 1.755515
0.926146 0.000005 0.000003 0.000000 0.000000 0.065811 0.008034 1.755515
0.926147 0.000003 0.000003 0.000002 0.000000 0.065810 0.008034 1.755517
0.926147 0.000004 0.000003 0.000002 0.000000 0.065809 0.008034 1.755517
0.926149 0.000003 0.000004 0.000002 0.000000 0.065808 0.008034 1.755518
0.926151 0.000003 0.000003 0.000002 0.000000 0.065807 0.008034 1.755518
0.926151 0.000003 0.000003 0.000002 0.000000 0.065807 0.008034 1.755518
0.926152 0.000003 0.000003 0.000002 0.000000 0.065806 0.008034 1.755519
0.926153 0.000002 0.000004 0.000002 0.000000 0.065805 0.008034 1.755519
0.926155 0.000002 0.000004 0.000002 0.000000 0.065803 0.008034 1.755519
0.926156 0.000001 0.000004 0.000003 0.000000 0.065802 0.008034 1.755520
0.926156 0.000002 0.000004 0.000003 0.000000 0.065801 0.008034 1.755520
0.926157 0.000002 0.000003 0.000003 0.000000 0.065800 0.008034 1.755520
0.926158 0.000002 0.000003 0.000002 0.000000 0.065801 0.008034 1.755520
0.926158 0.000003 0.000003 0.000002 0.000000 0.065800 0.008034 1.755520
0.926159 0.000003 0.000003 0.000002 0.000000 0.065799 0.008034 1.755520
0.926161 0.000003 0.000003 0.000002 0.000000 0.065798 0.008034 1.755520
0.926162 0.000003 0.000003 0.000002 0.000000 0.065796 0.008034 1.755520
0.926163 0.000003 0.000003 0.000002 0.000000 0.065796 0.008034 1.755520
0.926165 0.000003 0.000002 0.000002 0.000000 0.065796 0.008034 1.755520
0.926166 0.000003 0.000001 0.000001 0.000000 0.065796 0.008034 1.755520
0.926167 0.000003 0.000001 0.000001 0.000000 0.065794 0.008034 1.755520
0.926168 0.000003 0.000001 0.000001 0.000000 0.065794 0.008034 1.755520
0.926169 0.000003 0.000001 0.000000 0.000000 0.065793 0.008034 1.755520
0.926170 0.000002 0.000001 0.000001 0.000000 0.065792 0.008034 1.755521
0.926170 0.000002 0.000000 0.000001 0.000000 0.065792 0.008034 1.755521
0.926171 0.000002 0.000001 0.000001 0.000000 0.065791 0.008034 1.755521
0.926172 0.000002 0.000001 0.000001 0.000000 0.065790 0.008034 1.755521
0.926173 0.000002 0.000001 0.000001 0.000000 0.065789 0.008034 1.755521
0.926174 0.000002 0.000001 0.000001 0.000000 0.065788 0.008034 1.755521
0.926175 0.000002 0.000001 0.000001 0.000000 0.065787 0.008034 1.755521
0.926176 0.000002 0.000001 0.000000 0.000000 0.065787 0.008034 1.755521
0.926176 0.000001 0.000001 0.000001 0.000000 0.065786 0.008034 1.755522
0.926177 0.000001 0.000001 0.000000 0.000000 0.065786 0.008034 1.755522
0.926177 0.000002 0.000001 0.000000 0.000000 0.065786 0.008034 1.755522
0.926178 0.000002 0.000001 0.000000 0.000000 0.065785 0.008034 1.755522
0.926178 0.000002 0.000001 0.000000 0.000000 0.065784 0.008034 1.755522
0.926179 0.000002 0.000001 0.000000 0.000000 0.065784 0.008034 1.755522
0.926180 0.000002 0.000001 0.000000 0.000000 0.065782 0.008034 1.755522
0.926181 0.000002 0.000001 0.000000 0.000000 0.065781 0.008034 1.755522
0.926181 0.000002 0.000000 0.000000 0.000000 0.065781 0.008034 1.755522
0.926182 0.000002 0.000001 0.000000 0.000000 0.065781 0.008034 1.755522
0.926183 0.000001 0.000001 0.000001 0.000000 0.065781 0.008034 1.755523
0.926183 0.000000 0.000002 0.000001 0.000000 0.065780 0.008034 1.755523
0.926184 0.000000 0.000002 0.000001 0.000000 0.065779 0.008034 1.755523
0.926185 0.000000 0.000002 0.000001 0.000000 0.065778 0.008034 1.755523
0.926186 0.000000 0.000002 0.000001 0.000000 0.065777 0.008034 1.755523
0.926187 0.000000 0.000002 0.000001 0.000000 0.065776 0.008034 1.755523
0.926187 0.000001 0.000002 0.000001 0.000000 0.065776 0.008034 1.755523
0.926188 0.000001 0.000002 0.000000 0.000000 0.065775 0.008034 1.755523
0.926188 0.000001 0.000001 0.000000 0.000000 0.065775 0.008034 1.755523
0.926188 0.000001 0.000001 0.000000 0.000000 0.065774 0.008034 1.755523
0.926189 0.000001 0.000000 0.000000 0.000000 0.065774 0.008034 1.755523
0.926190 0.000001 0.000000 0.000000 0.000000 0.065773 0.008034 1.755523
0.926191 0.000001 0.000000 0.000000 0.000000 0.065772 0.008034 1.755523
0.926191 0.000001 0.000000 0.000000 0.000000 0.065772 0.008034 1.755523
0.926192 0.000001 0.000001 0.000000 0.000000 0.065772 0.008034 1.755524
0.926193 0.000001 0.000001 0.000000 0.000000 0.065771 0.008034 1.755524
0.926194 0.000001 0.000001 0.000000 0.000000 0.065770 0.008034 1.755524
0.926195 0.000001 0.000001 0.000000 0.000000 0.065769 0.008034 1.755524
0.926195 0.000001 0.000000 0.000000 0.000000 0.065769 0.008034 1.755524
0.926195 0.000001 0.000000 0.000000 0.000000 0.065769 0.008034 1.755524
0.926196 0.000001 0.000000 0.000000 0.000000 0.065769 0.008034 1.755524
0.926196 0.000001 0.000000 0.000000 0.000000 0.065769 0.008034 1.755524
0.926197 0.000001 0.000000 0.000000 0.000000 0.065768 0.008034 1.755524
0.926198 0.000001 0.000000 0.000000 0.000000 0.065768 0.008034 1.755524
0.926198 0.000000 0.000000 0.000000 0.000000 0.065768 0.008034 1.755524
0.926198 0.000000 0.000000 0.000000 0.000000 0.065767 0.008034 1.755524
0.926198 0.000000 0.000000 0.000000 0.000000 0.065767 0.008034 1.755524
0.926199 0.000000 0.000000 0.000000 0.000000 0.065766 0.008034 1.755524
0.926199 0.000000 0.000000 0.000000 0.000000 0.065766 0.008034 1.755524
0.926200 0.000000 0.000000 0.000000 0.000000 0.065765 0.008034 1.755524
0.926200 0.000000 0.000000 0.000000 0.000000 0.065765 0.008034 1.755524
0.926201 0.000000 0.000000 0.000000 0.000000 0.065764 0.008034 1.755524
0.926201 0.000000 0.000000 0.000000 0.000000 0.065764 0.008034 1.755524
0.926202 0.000000 0.000000 0.000000 0.000000 0.065763 0.008034 1.755524
0.926201 0.000001 0.000000 0.000000 0.000000 0.065763 0.008034 1.755524
0.926202 0.000001 0.000000 0.000000 0.000000 0.065763 0.008034 1.755524
0.926202 0.000001 0.000000 0.000000 0.000000 0.065762 0.008034 1.755524
0.926203 0.000001 0.000000 0.000000 0.000000 0.065762 0.008034 1.755524
0.926203 0.000001 0.000000 0.000000 0.000000 0.065762 0.008034 1.755524
0.926203 0.000001 0.000000 0.000000 0.000000 0.065762 0.008034 1.755524
0.926203 0.000000 0.000000 0.000000 0.000000 0.065762 0.008034 1.755525
0.926203 0.000001 0.000000 0.000000 0.000000 0.065762 0.008034 1.755525
0.926202 0.000001 0.000000 0.000000 0.000000 0.065762 0.008034 1.755525
0.926202 0.000002 0.000000 0.000000 0.000000 0.065762 0.008034 1.755525
0.926202 0.000001 0.000001 0.000000 0.000000 0.065762 0.008034 1.755525
0.926201 0.000002 0.000001 0.000000 0.000000 0.065762 0.008034 1.755525
0.926201 0.000003 0.000001 0.000000 0.000000 0.065762 0.008034 1.755525
0.926200 0.000003 0.000001 0.000000 0.000000 0.065762 0.008034 1.755525
0.926200 0.000003 0.000001 0.000000 0.000000 0.065762 0.008034 1.755525
0.926200 0.000003 0.000000 0.000000 0.000000 0.065762 0.008034 1.755525
0.926199 0.000004 0.000000 0.000000 0.000000 0.065762 0.008034 1.755525
0.926199 0.000003 0.000001 0.000000 0.000000 0.065762 0.008034 1.755526
0.926199 0.000004 0.000001 0.000000 0.000000 0.065762 0.008034 1.755526
0.926199 0.000003 0.000001 0.000000 0.000000 0.065762 0.008034 1.755526
0.926199 0.000003 0.000001 0.000001 0.000000 0.065762 0.008034 1.755527
0.926199 0.000003 0.000001 0.000001 0.000000 0.065762 0.008034 1.755527
0.926200 0.000002 0.000001 0.000001 0.000000 0.065761 0.008034 1.755528
0.926200 0.000002 0.000001 0.000001 0.000000 0.065761 0.008034 1.755528
0.926199 0.000003 0.000001 0.000001 0.000000 0.065761 0.008034 1.755528
0.926198 0.000003 0.000002 0.000001 0.000000 0.065761 0.008034 1.755528
0.926199 0.000003 0.000002 0.000001 0.000000 0.065760 0.008034 1.755528
0.926199 0.000003 0.000003 0.000001 0.000000 0.065760 0.008034 1.755529
0.926198 0.000005 0.000003 0.000001 0.000000 0.065760 0.008034 1.755529
0.926198 0.000005 0.000001 0.000001 0.000000 0.065762 0.008034 1.755529
0.926198 0.000003 0.000001 0.000002 0.000000 0.065762 0.008034 1.755530
0.926197 0.000003 0.000001 0.000003 0.000000 0.065762 0.008034 1.755530
0.926197 0.000003 0.000001 0.000003 0.000000 0.065762 0.008034 1.755531
0.926196 0.000003 0.000002 0.000003 0.000000 0.065762 0.008034 1.755532
0.926196 0.000003 0.000002 0.000003 0.000000 0.065761 0.008034 1.755532
0.926196 0.000003 0.000002 0.000003 0.000000 0.065761 0.008034 1.755532
0.926196 0.000003 0.000003 0.000003 0.000000 0.065762 0.008034 1.755532
0.926195 0.000004 0.000002 0.000003 0.000000 0.065762 0.008034 1.755532
0.926195 0.000003 0.000003 0.000003 0.000000 0.065762 0.008034 1.755533
0.926195 0.000003 0.000003 0.000002 0.000000 0.065763 0.008034 1.755534
0.926194 0.000003 0.000003 0.000003 0.000000 0.065763 0.008034 1.755534
0.926194 0.000002 0.000003 0.000003 0.000000 0.065763 0.008034 1.755535
0.926193 0.000003 0.000003 0.000003 0.000000 0.065763 0.008034 1.755535
0.926193 0.000003 0.000003 0.000003 0.000000 0.065763 0.008034 1.755535
0.926192 0.000004 0.000003 0.000002 0.000000 0.065764 0.008034 1.755535
0.926191 0.000005 0.000003 0.000002 0.000000 0.065764 0.008034 1.755536
0.926189 0.000006 0.000003 0.000002 0.000000 0.065764 0.008034 1.755536
0.926188 0.000007 0.000004 0.000002 0.000000 0.065764 0.008034 1.755536
0.926187 0.000008 0.000004 0.000002 0.000000 0.065764 0.008034 1.755536
0.926186 0.000008 0.000005 0.000002 0.000000 0.065764 0.008034 1.755538
0.926185 0.000009 0.000005 0.000002 0.000000 0.065765 0.008034 1.755538
0.926184 0.000010 0.000003 0.000002 0.000000 0.065766 0.008034 1.755538
0.926184 0.000010 0.000003 0.000002 0.000000 0.065766 0.008034 1.755539
0.926184 0.000010 0.000003 0.000002 0.000000 0.065766 0.008034 1.755539
0.926183 0.000010 0.000004 0.000002 0.000000 0.065766 0.008034 1.755540
0.926182 0.000010 0.000005 0.000003 0.000000 0.065766 0.008034 1.755541
0.926180 0.000011 0.000005 0.000003 0.000000 0.065766 0.008034 1.755542
0.926180 0.000011 0.000005 0.000003 0.000000 0.065766 0.008034 1.755542
0.926180 0.000010 0.000005 0.000004 0.000000 0.065767 0.008034 1.755544
0.926179 0.000010 0.000005 0.000003 0.000000 0.065768 0.008034 1.755544
0.926178 0.000011 0.000005 0.000003 0.000000 0.065768 0.008034 1.755545
0.926178 0.000010 0.000006 0.000003 0.000000 0.065768 0.008034 1.755546
0.926176 0.000010 0.000006 0.000003 0.000000 0.065769 0.008034 1.755547
0.926175 0.000011 0.000006 0.000003 0.000000 0.065769 0.008034 1.755547
0.926174 0.000010 0.000008 0.000003 0.000000 0.065769 0.008034 1.755549
0.926173 0.000012 0.000008 0.000003 0.000000 0.065769 0.008034 1.755549
0.926172 0.000010 0.000008 0.000005 0.000000 0.065770 0.008034 1.755551
0.926172 0.000011 0.000007 0.000005 0.000000 0.065771 0.008034 1.755551
