0.341703 0.063093 0.056626 0.032465 0.002121 0.497887 0.006105 1.629795
0.343660 0.061222 0.056487 0.032354 0.002112 0.498035 0.006130 1.635860
0.346268 0.058843 0.056391 0.032044 0.002094 0.498199 0.006160 1.641785
0.349407 0.056280 0.056043 0.031674 0.002093 0.498321 0.006182 1.647428
0.352805 0.053576 0.055656 0.031224 0.002091 0.498439 0.006209 1.652860
0.356633 0.050848 0.055114 0.030751 0.002101 0.498320 0.006233 1.658058
0.360625 0.048245 0.054472 0.030230 0.002110 0.498057 0.006259 1.662914
0.364789 0.045826 0.053643 0.029603 0.002117 0.497741 0.006281 1.667489
0.368906 0.043484 0.052809 0.028925 0.002126 0.497437 0.006312 1.671894
0.373120 0.041330 0.051785 0.028281 0.002117 0.497027 0.006339 1.676031
0.377404 0.039235 0.050829 0.027584 0.002125 0.496463 0.006359 1.680036
0.381734 0.037301 0.049743 0.026906 0.002116 0.495816 0.006385 1.683775
0.386245 0.035434 0.048588 0.026216 0.002101 0.494997 0.006419 1.687336
0.390811 0.033677 0.047455 0.025517 0.002079 0.494014 0.006447 1.690759
0.395450 0.032123 0.046262 0.024746 0.002063 0.492885 0.006471 1.693931
0.400005 0.030697 0.045123 0.024008 0.002051 0.491621 0.006495 1.696948
0.404590 0.029223 0.043949 0.023257 0.002037 0.490422 0.006523 1.699975
0.409240 0.027925 0.042685 0.022552 0.002007 0.489038 0.006553 1.702734
0.413850 0.026768 0.041433 0.021848 0.001986 0.487545 0.006570 1.705363
0.418468 0.025678 0.040247 0.021149 0.001973 0.485888 0.006597 1.707912
0.423089 0.024699 0.039078 0.020477 0.001943 0.484090 0.006625 1.710322
0.427778 0.023775 0.037917 0.019808 0.001915 0.482160 0.006647 1.712653
0.432372 0.022970 0.036703 0.019193 0.001890 0.480202 0.006669 1.714856
0.436954 0.022145 0.035576 0.018555 0.001879 0.478198 0.006693 1.717031
0.441647 0.021221 0.034517 0.018029 0.001866 0.476006 0.006714 1.719243
0.446146 0.020549 0.033396 0.017424 0.001845 0.473901 0.006738 1.721239
0.450750 0.019836 0.032413 0.016890 0.001813 0.471529 0.006768 1.723229
0.455321 0.019198 0.031393 0.016340 0.001778 0.469180 0.006790 1.725121
0.459947 0.018583 0.030426 0.015781 0.001750 0.466701 0.006812 1.726958
0.464432 0.017970 0.029446 0.015309 0.001719 0.464289 0.006835 1.728810
0.468950 0.017434 0.028495 0.014863 0.001689 0.461709 0.006860 1.730575
0.473515 0.016941 0.027594 0.014369 0.001662 0.459040 0.006879 1.732244
0.478068 0.016461 0.026777 0.013909 0.001640 0.456245 0.006901 1.733865
0.482676 0.016054 0.025993 0.013448 0.001612 0.453292 0.006925 1.735463
0.487245 0.015604 0.025247 0.013055 0.001588 0.450315 0.006945 1.737038
0.491682 0.015267 0.024471 0.012624 0.001551 0.447436 0.006968 1.738539
0.496094 0.014877 0.023726 0.012244 0.001525 0.444544 0.006990 1.740071
0.500430 0.014601 0.023037 0.011893 0.001508 0.441522 0.007009 1.741510
0.504868 0.014259 0.022351 0.011506 0.001478 0.438510 0.007030 1.742961
0.509228 0.013990 0.021741 0.011152 0.001450 0.435390 0.007050 1.744359
0.513527 0.013740 0.021189 0.010863 0.001428 0.432183 0.007070 1.745740
0.517823 0.013490 0.020633 0.010565 0.001391 0.429011 0.007088 1.747083
0.522168 0.013300 0.019998 0.010230 0.001358 0.425839 0.007106 1.748366
0.526488 0.013011 0.019488 0.009921 0.001331 0.422634 0.007127 1.749668
0.530717 0.012775 0.018965 0.009659 0.001302 0.419437 0.007145 1.750924
0.534908 0.012622 0.018444 0.009383 0.001277 0.416207 0.007159 1.752158
0.539053 0.012461 0.017943 0.009131 0.001252 0.412992 0.007169 1.753360
0.543168 0.012302 0.017434 0.008861 0.001223 0.409824 0.007188 1.754541
0.547062 0.012183 0.017029 0.008642 0.001194 0.406680 0.007210 1.755728
0.551086 0.011963 0.016612 0.008449 0.001169 0.403497 0.007223 1.756940
0.555094 0.011791 0.016213 0.008234 0.001141 0.400286 0.007240 1.758100
0.559068 0.011672 0.015829 0.008039 0.001126 0.397012 0.007254 1.759264
0.562957 0.011605 0.015439 0.007841 0.001100 0.393784 0.007274 1.760366
0.566779 0.011525 0.015131 0.007685 0.001074 0.390517 0.007289 1.761510
0.570758 0.011376 0.014797 0.007559 0.001052 0.387156 0.007302 1.762642
0.574626 0.011300 0.014482 0.007416 0.001027 0.383832 0.007318 1.763757
0.578378 0.011114 0.014241 0.007301 0.001001 0.380632 0.007334 1.764916
0.582076 0.011052 0.013990 0.007129 0.000981 0.377425 0.007348 1.766002
0.585889 0.011001 0.013686 0.006967 0.000964 0.374133 0.007361 1.767044
0.589556 0.010944 0.013394 0.006848 0.000954 0.370931 0.007374 1.768128
0.593128 0.010883 0.013167 0.006743 0.000939 0.367756 0.007385 1.769221
0.596693 0.010846 0.012909 0.006607 0.000921 0.364631 0.007394 1.770248
0.600254 0.010786 0.012742 0.006499 0.000899 0.361418 0.007403 1.771317
0.603792 0.010763 0.012463 0.006385 0.000876 0.358307 0.007415 1.772349
0.607390 0.010703 0.012255 0.006299 0.000853 0.355072 0.007428 1.773393
0.610688 0.010633 0.012092 0.006242 0.000838 0.352068 0.007439 1.774485
0.614072 0.010611 0.011905 0.006148 0.000826 0.348986 0.007451 1.775527
0.617417 0.010567 0.011777 0.006062 0.000814 0.345903 0.007461 1.776579
0.620787 0.010569 0.011621 0.005961 0.000796 0.342793 0.007473 1.777592
0.623916 0.010584 0.011439 0.005883 0.000782 0.339914 0.007484 1.778609
0.627146 0.010564 0.011292 0.005837 0.000759 0.336905 0.007497 1.779642
0.630408 0.010516 0.011124 0.005780 0.000742 0.333923 0.007508 1.780668
0.633528 0.010540 0.011014 0.005717 0.000723 0.330957 0.007522 1.781701
0.636663 0.010515 0.010937 0.005682 0.000704 0.327967 0.007532 1.782758
0.639718 0.010516 0.010803 0.005665 0.000691 0.325071 0.007537 1.783744
0.642754 0.010502 0.010737 0.005628 0.000674 0.322159 0.007548 1.784771
0.645697 0.010524 0.010667 0.005572 0.000654 0.319328 0.007559 1.785803
0.648645 0.010563 0.010621 0.005534 0.000649 0.316422 0.007567 1.786865
0.651583 0.010561 0.010597 0.005502 0.000634 0.313542 0.007581 1.787926
0.654468 0.010624 0.010508 0.005469 0.000617 0.310726 0.007588 1.788951
0.657288 0.010682 0.010463 0.005434 0.000611 0.307928 0.007594 1.789989
0.660119 0.010684 0.010400 0.005409 0.000607 0.305181 0.007601 1.791032
0.662803 0.010704 0.010373 0.005420 0.000593 0.302496 0.007609 1.792084
0.665455 0.010777 0.010318 0.005401 0.000582 0.299850 0.007616 1.793135
0.668047 0.010848 0.010298 0.005373 0.000567 0.297243 0.007625 1.794175
0.670584 0.010965 0.010260 0.005357 0.000548 0.294654 0.007632 1.795223
0.673151 0.010977 0.010264 0.005348 0.000534 0.292085 0.007642 1.796317
0.675647 0.011017 0.010215 0.005339 0.000526 0.289606 0.007650 1.797389
0.678098 0.011058 0.010199 0.005331 0.000514 0.287144 0.007657 1.798460
0.680565 0.011084 0.010205 0.005324 0.000501 0.284656 0.007665 1.799579
0.682932 0.011135 0.010150 0.005309 0.000491 0.282311 0.007672 1.800653
0.685341 0.011180 0.010140 0.005288 0.000487 0.279886 0.007677 1.801734
0.687692 0.011216 0.010136 0.005278 0.000480 0.277514 0.007684 1.802838
0.689985 0.011252 0.010148 0.005287 0.000481 0.275158 0.007690 1.803962
0.692251 0.011288 0.010110 0.005296 0.000475 0.272885 0.007696 1.805063
0.694511 0.011349 0.010162 0.005257 0.000469 0.270549 0.007703 1.806185
0.696623 0.011413 0.010156 0.005295 0.000459 0.268344 0.007710 1.807317
0.698774 0.011484 0.010193 0.005277 0.000459 0.266098 0.007715 1.808411
0.700904 0.011575 0.010187 0.005309 0.000456 0.263849 0.007720 1.809529
0.702947 0.011650 0.010212 0.005307 0.000447 0.261712 0.007726 1.810676
0.704987 0.011676 0.010227 0.005350 0.000435 0.259592 0.007733 1.811854
0.706948 0.011778 0.010194 0.005354 0.000427 0.257560 0.007739 1.813000
0.708889 0.011833 0.010250 0.005359 0.000421 0.255502 0.007748 1.814170
0.710791 0.011923 0.010294 0.005363 0.000423 0.253453 0.007754 1.815337
0.712661 0.012044 0.010321 0.005379 0.000422 0.251414 0.007758 1.816475
0.714497 0.012136 0.010344 0.005428 0.000416 0.249418 0.007761 1.817674
0.716382 0.012198 0.010404 0.005450 0.000413 0.247386 0.007767 1.818877
0.718150 0.012349 0.010446 0.005449 0.000413 0.245422 0.007772 1.820058
0.719870 0.012414 0.010515 0.005448 0.000401 0.243571 0.007781 1.821274
0.721481 0.012571 0.010540 0.005500 0.000393 0.241729 0.007786 1.822495
0.723167 0.012713 0.010578 0.005488 0.000394 0.239870 0.007790 1.823705
0.724807 0.012851 0.010636 0.005525 0.000394 0.237992 0.007796 1.824950
0.726377 0.013003 0.010659 0.005531 0.000396 0.236235 0.007800 1.826191
0.727884 0.013138 0.010785 0.005565 0.000397 0.234428 0.007804 1.827500
0.729316 0.013277 0.010836 0.005608 0.000393 0.232760 0.007811 1.828801
0.730826 0.013345 0.010922 0.005671 0.000393 0.231029 0.007813 1.830121
0.732291 0.013505 0.011005 0.005722 0.000385 0.229269 0.007821 1.831422
0.733640 0.013687 0.011081 0.005769 0.000384 0.227612 0.007825 1.832767
0.735029 0.013786 0.011212 0.005802 0.000384 0.225957 0.007830 1.834125
0.736429 0.013872 0.011308 0.005864 0.000376 0.224316 0.007836 1.835475
0.737741 0.014011 0.011330 0.005918 0.000371 0.222789 0.007839 1.836826
0.738965 0.014205 0.011429 0.005968 0.000374 0.221215 0.007843 1.838190
0.740193 0.014328 0.011526 0.006038 0.000368 0.219697 0.007850 1.839593
0.741438 0.014469 0.011605 0.006063 0.000365 0.218204 0.007855 1.840979
0.742591 0.014590 0.011733 0.006113 0.000362 0.216751 0.007860 1.842425
0.743782 0.014717 0.011844 0.006168 0.000364 0.215261 0.007864 1.843857
0.744907 0.014823 0.011991 0.006230 0.000362 0.213818 0.007869 1.845329
0.745977 0.014993 0.012079 0.006271 0.000357 0.212448 0.007875 1.846776
0.746963 0.015163 0.012135 0.006348 0.000358 0.211153 0.007880 1.848242
0.747864 0.015329 0.012278 0.006403 0.000357 0.209883 0.007886 1.849788
0.748853 0.015458 0.012391 0.006459 0.000355 0.208595 0.007890 1.851305
0.749758 0.015616 0.012499 0.006529 0.000353 0.207349 0.007896 1.852818
0.750632 0.015792 0.012586 0.006567 0.000353 0.206169 0.007902 1.854354
0.751427 0.015928 0.012766 0.006660 0.000354 0.204958 0.007908 1.855960
0.752233 0.016145 0.012854 0.006719 0.000359 0.203780 0.007910 1.857496
0.753010 0.016360 0.012983 0.006798 0.000358 0.202576 0.007915 1.859077
0.753777 0.016491 0.013124 0.006852 0.000360 0.201477 0.007920 1.860694
0.754445 0.016676 0.013289 0.006932 0.000360 0.200373 0.007926 1.862348
0.755091 0.016845 0.013458 0.007023 0.000371 0.199283 0.007929 1.864035
0.755720 0.016994 0.013576 0.007098 0.000371 0.198308 0.007934 1.865727
0.756337 0.017156 0.013685 0.007143 0.000372 0.197368 0.007938 1.867394
0.756938 0.017366 0.013829 0.007174 0.000377 0.196372 0.007944 1.869043
0.757514 0.017549 0.013956 0.007202 0.000382 0.195447 0.007949 1.870716
0.758079 0.017651 0.014131 0.007311 0.000380 0.194494 0.007954 1.872472
0.758530 0.017865 0.014276 0.007417 0.000382 0.193571 0.007959 1.874224
0.758964 0.018045 0.014416 0.007473 0.000387 0.192750 0.007965 1.875975
0.759447 0.018223 0.014531 0.007553 0.000386 0.191886 0.007974 1.877721
0.759840 0.018380 0.014661 0.007629 0.000395 0.191118 0.007976 1.879525
0.760188 0.018605 0.014779 0.007669 0.000397 0.190380 0.007983 1.881293
0.760543 0.018791 0.014947 0.007693 0.000406 0.189630 0.007989 1.883089
0.760856 0.019013 0.015013 0.007760 0.000411 0.188954 0.007994 1.884883
0.761199 0.019084 0.015206 0.007853 0.000412 0.188248 0.007999 1.886764
0.761575 0.019241 0.015333 0.007924 0.000409 0.187514 0.008005 1.888598
0.761914 0.019307 0.015523 0.008012 0.000410 0.186827 0.008008 1.890542
0.762164 0.019423 0.015672 0.008081 0.000413 0.186235 0.008012 1.892479
0.762511 0.019574 0.015820 0.008128 0.000420 0.185530 0.008017 1.894345
0.762744 0.019713 0.015943 0.008189 0.000423 0.184967 0.008022 1.896275
0.762973 0.019876 0.016047 0.008260 0.000418 0.184396 0.008029 1.898213
0.763161 0.020060 0.016157 0.008295 0.000421 0.183871 0.008036 1.900137
0.763336 0.020172 0.016277 0.008369 0.000425 0.183380 0.008042 1.902105
0.763534 0.020286 0.016438 0.008452 0.000434 0.182812 0.008045 1.904143
0.763710 0.020313 0.016645 0.008554 0.000437 0.182292 0.008049 1.906207
0.763879 0.020405 0.016801 0.008621 0.000440 0.181799 0.008056 1.908217
0.764059 0.020537 0.016903 0.008718 0.000439 0.181286 0.008060 1.910232
0.764133 0.020671 0.017048 0.008785 0.000443 0.180856 0.008066 1.912263
0.764259 0.020722 0.017222 0.008852 0.000447 0.180427 0.008072 1.914341
0.764344 0.020825 0.017318 0.008925 0.000451 0.180060 0.008077 1.916407
0.764396 0.021038 0.017487 0.008942 0.000452 0.179603 0.008082 1.918407
0.764490 0.021169 0.017587 0.008959 0.000455 0.179253 0.008088 1.920443
0.764492 0.021248 0.017727 0.009030 0.000455 0.178956 0.008093 1.922552
0.764500 0.021374 0.017834 0.009127 0.000452 0.178617 0.008097 1.924651
0.764567 0.021454 0.017990 0.009202 0.000456 0.178227 0.008103 1.926779
0.764507 0.021607 0.018091 0.009232 0.000459 0.177997 0.008107 1.928870
0.764545 0.021738 0.018153 0.009299 0.000462 0.177689 0.008116 1.930978
0.764511 0.021813 0.018269 0.009356 0.000467 0.177464 0.008120 1.933116
0.764606 0.021823 0.018393 0.009402 0.000467 0.177182 0.008127 1.935269
0.764580 0.021889 0.018469 0.009475 0.000475 0.176977 0.008135 1.937440
0.764595 0.021986 0.018549 0.009512 0.000485 0.176733 0.008140 1.939539
0.764527 0.022105 0.018665 0.009562 0.000488 0.176507 0.008147 1.941668
0.764474 0.022192 0.018759 0.009635 0.000487 0.176301 0.008153 1.943832
0.764468 0.022247 0.018823 0.009668 0.000497 0.176140 0.008158 1.945983
0.764417 0.022403 0.018875 0.009734 0.000494 0.175914 0.008165 1.948101
0.764371 0.022455 0.018963 0.009743 0.000499 0.175800 0.008170 1.950274
0.764287 0.022479 0.019086 0.009801 0.000511 0.175660 0.008177 1.952520
0.764235 0.022555 0.019143 0.009830 0.000513 0.175540 0.008184 1.954705
0.764195 0.022666 0.019221 0.009847 0.000514 0.175368 0.008190 1.956849
0.764112 0.022655 0.019324 0.009903 0.000511 0.175296 0.008199 1.959123
0.763954 0.022797 0.019365 0.009907 0.000515 0.175256 0.008206 1.961291
0.763894 0.022792 0.019432 0.009956 0.000524 0.175190 0.008212 1.963528
0.763743 0.022844 0.019521 0.009973 0.000526 0.175176 0.008218 1.965769
0.763750 0.022822 0.019583 0.010011 0.000534 0.175076 0.008224 1.968016
0.763677 0.022824 0.019675 0.010080 0.000541 0.174975 0.008231 1.970299
0.763651 0.022833 0.019763 0.010071 0.000544 0.174901 0.008238 1.972534
0.763619 0.022782 0.019783 0.010163 0.000544 0.174864 0.008246 1.974810
0.763605 0.022736 0.019862 0.010204 0.000550 0.174789 0.008254 1.977073
0.763546 0.022779 0.019939 0.010234 0.000543 0.174702 0.008259 1.979307
0.763566 0.022767 0.020011 0.010282 0.000544 0.174562 0.008268 1.981539
0.763511 0.022734 0.020098 0.010289 0.000549 0.174545 0.008274 1.983797
0.763394 0.022779 0.020106 0.010317 0.000556 0.174567 0.008282 1.986047
0.763413 0.022729 0.020174 0.010339 0.000555 0.174501 0.008290 1.988260
0.763490 0.022685 0.020210 0.010368 0.000551 0.174399 0.008298 1.990462
0.763450 0.022683 0.020196 0.010378 0.000554 0.174434 0.008305 1.992675
0.763469 0.022622 0.020240 0.010377 0.000560 0.174423 0.008310 1.994898
0.763552 0.022526 0.020256 0.010349 0.000562 0.174437 0.008318 1.997130
0.763622 0.022433 0.020298 0.010388 0.000565 0.174373 0.008321 1.999405
0.763609 0.022434 0.020335 0.010390 0.000566 0.174337 0.008330 2.001569
0.763674 0.022343 0.020381 0.010429 0.000566 0.174271 0.008338 2.003796
0.763719 0.022369 0.020335 0.010390 0.000572 0.174271 0.008344 2.005934
0.763784 0.022279 0.020343 0.010408 0.000571 0.174264 0.008350 2.008130
0.763849 0.022281 0.020322 0.010356 0.000564 0.174269 0.008359 2.010261
0.763906 0.022183 0.020361 0.010380 0.000568 0.174237 0.008366 2.012509
0.763933 0.022197 0.020290 0.010378 0.000564 0.174267 0.008372 2.014653
0.763939 0.022147 0.020290 0.010419 0.000568 0.174256 0.008380 2.016866
0.764047 0.022131 0.020241 0.010376 0.000568 0.174247 0.008389 2.018981
0.764041 0.022154 0.020175 0.010324 0.000572 0.174336 0.008398 2.021102
0.764134 0.022018 0.020190 0.010321 0.000575 0.174358 0.008405 2.023326
0.764254 0.022007 0.020157 0.010330 0.000581 0.174258 0.008413 2.025450
0.764353 0.021876 0.020223 0.010371 0.000573 0.174181 0.008423 2.027658
0.764392 0.021886 0.020228 0.010325 0.000584 0.174157 0.008429 2.029762
0.764480 0.021840 0.020241 0.010339 0.000576 0.174087 0.008439 2.031922
0.764502 0.021819 0.020130 0.010367 0.000571 0.174166 0.008446 2.034067
0.764590 0.021804 0.020076 0.010383 0.000570 0.174123 0.008455 2.036182
0.764711 0.021683 0.020067 0.010358 0.000565 0.174155 0.008462 2.038326
0.764776 0.021637 0.020031 0.010332 0.000566 0.174190 0.008470 2.040467
0.764854 0.021620 0.020000 0.010311 0.000566 0.174170 0.008479 2.042522
0.765038 0.021514 0.019995 0.010291 0.000567 0.174111 0.008486 2.044651
0.765094 0.021485 0.019935 0.010272 0.000566 0.174154 0.008493 2.046764
0.765179 0.021411 0.019949 0.010264 0.000569 0.174127 0.008501 2.048905
0.765368 0.021402 0.019904 0.010189 0.000573 0.174056 0.008508 2.050952
0.765478 0.021355 0.019858 0.010196 0.000571 0.174030 0.008514 2.053076
0.765625 0.021339 0.019826 0.010138 0.000575 0.173979 0.008520 2.055122
0.765798 0.021225 0.019807 0.010098 0.000569 0.173975 0.008528 2.057225
0.765917 0.021144 0.019777 0.010037 0.000573 0.174021 0.008533 2.059327
0.766074 0.021063 0.019721 0.010025 0.000575 0.174001 0.008542 2.061420
0.766261 0.020978 0.019622 0.009993 0.000581 0.174018 0.008548 2.063471
0.766441 0.020961 0.019527 0.009953 0.000587 0.173975 0.008555 2.065496
0.766661 0.020888 0.019519 0.009937 0.000597 0.173836 0.008562 2.067547
0.766912 0.020833 0.019424 0.009855 0.000604 0.173804 0.008568 2.069519
0.767147 0.020790 0.019347 0.009867 0.000606 0.173671 0.008573 2.071529
0.767379 0.020716 0.019355 0.009821 0.000612 0.173542 0.008576 2.073567
0.767487 0.020693 0.019279 0.009803 0.000610 0.173545 0.008583 2.075594
0.767622 0.020654 0.019134 0.009772 0.000614 0.173614 0.008590 2.077616
0.767842 0.020588 0.019082 0.009728 0.000613 0.173550 0.008597 2.079631
0.767977 0.020520 0.019091 0.009728 0.000611 0.173471 0.008605 2.081702
0.768221 0.020442 0.019035 0.009720 0.000600 0.173365 0.008616 2.083697
0.768409 0.020481 0.019020 0.009678 0.000592 0.173193 0.008627 2.085654
0.768563 0.020536 0.018954 0.009651 0.000592 0.173070 0.008635 2.087605
0.768730 0.020497 0.018962 0.009621 0.000590 0.172958 0.008643 2.089626
0.768969 0.020328 0.018957 0.009638 0.000580 0.172878 0.008651 2.091703
0.769221 0.020249 0.018930 0.009649 0.000587 0.172708 0.008656 2.093700
0.769389 0.020260 0.018856 0.009584 0.000584 0.172667 0.008662 2.095628
0.769594 0.020208 0.018815 0.009568 0.000583 0.172565 0.008666 2.097621
0.769750 0.020282 0.018784 0.009502 0.000574 0.172434 0.008675 2.099529
0.769959 0.020236 0.018756 0.009507 0.000573 0.172285 0.008684 2.101483
0.770228 0.020158 0.018720 0.009509 0.000577 0.172118 0.008690 2.103445
0.770430 0.020148 0.018684 0.009498 0.000566 0.171972 0.008701 2.105432
0.770669 0.020049 0.018694 0.009477 0.000558 0.171846 0.008708 2.107418
0.770975 0.019938 0.018635 0.009478 0.000561 0.171700 0.008712 2.109404
0.771227 0.019923 0.018635 0.009451 0.000560 0.171486 0.008717 2.111339
0.771468 0.019897 0.018638 0.009398 0.000558 0.171316 0.008725 2.113294
0.771711 0.019894 0.018583 0.009372 0.000568 0.171142 0.008730 2.115200
0.771992 0.019763 0.018619 0.009306 0.000578 0.171004 0.008737 2.117208
0.772249 0.019732 0.018529 0.009283 0.000571 0.170893 0.008744 2.119100
0.772475 0.019667 0.018539 0.009272 0.000574 0.170724 0.008750 2.121037
0.772724 0.019625 0.018487 0.009294 0.000576 0.170539 0.008754 2.122953
0.772890 0.019625 0.018472 0.009279 0.000577 0.170397 0.008762 2.124899
0.773130 0.019555 0.018450 0.009276 0.000582 0.170239 0.008768 2.126850
0.773305 0.019590 0.018425 0.009218 0.000586 0.170104 0.008772 2.128745
0.773507 0.019601 0.018323 0.009184 0.000593 0.170015 0.008778 2.130618
0.773718 0.019589 0.018356 0.009170 0.000592 0.169791 0.008785 2.132564
0.773948 0.019529 0.018329 0.009165 0.000579 0.169657 0.008794 2.134491
0.774166 0.019531 0.018338 0.009166 0.000570 0.169425 0.008804 2.136400
0.774438 0.019470 0.018387 0.009123 0.000566 0.169203 0.008813 2.138370
0.774616 0.019460 0.018320 0.009092 0.000568 0.169125 0.008820 2.140273
0.774768 0.019436 0.018290 0.009107 0.000565 0.169008 0.008826 2.142222
0.775053 0.019399 0.018209 0.009126 0.000569 0.168811 0.008835 2.144116
0.775311 0.019400 0.018184 0.009074 0.000578 0.168614 0.008838 2.145998
0.775522 0.019362 0.018113 0.009065 0.000572 0.168517 0.008849 2.147907
0.775695 0.019419 0.018075 0.009040 0.000567 0.168347 0.008857 2.149774
0.775896 0.019415 0.018047 0.009002 0.000571 0.168206 0.008863 2.151686
0.776138 0.019381 0.018083 0.009012 0.000569 0.167948 0.008869 2.153617
0.776324 0.019356 0.018053 0.009027 0.000564 0.167798 0.008877 2.155529
0.776513 0.019372 0.018083 0.008989 0.000564 0.167596 0.008882 2.157425
0.776749 0.019412 0.018057 0.008977 0.000561 0.167358 0.008888 2.159303
0.776937 0.019450 0.017981 0.008980 0.000566 0.167189 0.008896 2.161178
0.777086 0.019412 0.018033 0.009017 0.000566 0.166984 0.008903 2.163142
0.777261 0.019407 0.018004 0.009001 0.000570 0.166850 0.008907 2.165029
0.777517 0.019302 0.018019 0.009024 0.000566 0.166659 0.008913 2.166999
0.777754 0.019356 0.017969 0.009004 0.000558 0.166438 0.008922 2.168852
0.777956 0.019319 0.017944 0.008991 0.000563 0.166298 0.008929 2.170746
0.778192 0.019269 0.017958 0.008981 0.000560 0.166102 0.008938 2.172642
0.778478 0.019171 0.017896 0.009004 0.000560 0.165947 0.008943 2.174544
0.778714 0.019060 0.017913 0.009012 0.000555 0.165795 0.008951 2.176459
0.778877 0.019104 0.017834 0.009012 0.000553 0.165662 0.008959 2.178288
0.779054 0.019175 0.017797 0.008994 0.000552 0.165461 0.008967 2.180159
0.779285 0.019167 0.017742 0.009017 0.000544 0.165269 0.008978 2.182036
0.779541 0.019169 0.017715 0.009020 0.000544 0.165026 0.008986 2.183900
0.779694 0.019161 0.017703 0.009010 0.000543 0.164896 0.008994 2.185797
0.779920 0.019117 0.017725 0.009012 0.000536 0.164689 0.009001 2.187668
0.780156 0.019129 0.017690 0.008980 0.000535 0.164499 0.009011 2.189503
0.780345 0.019106 0.017675 0.008995 0.000534 0.164327 0.009018 2.191396
0.780447 0.019098 0.017696 0.008975 0.000539 0.164220 0.009026 2.193325
0.780622 0.019097 0.017750 0.008899 0.000538 0.164062 0.009033 2.195225
0.780813 0.019092 0.017741 0.008864 0.000540 0.163913 0.009038 2.197091
0.781009 0.019095 0.017749 0.008854 0.000545 0.163705 0.009044 2.198977
0.781195 0.019110 0.017764 0.008838 0.000545 0.163500 0.009048 2.200859
0.781385 0.019075 0.017751 0.008861 0.000544 0.163329 0.009055 2.202752
0.781544 0.019037 0.017786 0.008836 0.000546 0.163190 0.009060 2.204670
0.781715 0.019066 0.017743 0.008803 0.000548 0.163059 0.009067 2.206488
0.781851 0.019106 0.017712 0.008803 0.000551 0.162904 0.009073 2.208352
0.781993 0.019138 0.017698 0.008819 0.000549 0.162719 0.009084 2.210250
0.782234 0.019144 0.017706 0.008816 0.000547 0.162462 0.009091 2.212118
0.782400 0.019136 0.017664 0.008828 0.000551 0.162322 0.009098 2.213992
0.782581 0.019098 0.017670 0.008799 0.000545 0.162198 0.009109 2.215890
0.782756 0.019098 0.017602 0.008789 0.000551 0.162090 0.009116 2.217753
0.782867 0.019091 0.017642 0.008805 0.000556 0.161919 0.009121 2.219670
0.782974 0.019158 0.017563 0.008763 0.000554 0.161860 0.009127 2.221503
0.783153 0.019214 0.017486 0.008722 0.000544 0.161746 0.009137 2.223334
0.783286 0.019253 0.017448 0.008736 0.000534 0.161594 0.009149 2.225221
0.783331 0.019320 0.017448 0.008727 0.000532 0.161488 0.009154 2.227125
0.783431 0.019322 0.017429 0.008750 0.000528 0.161379 0.009162 2.229013
0.783423 0.019399 0.017446 0.008775 0.000525 0.161264 0.009167 2.230924
0.783581 0.019353 0.017514 0.008805 0.000523 0.161049 0.009175 2.232866
0.783714 0.019318 0.017553 0.008775 0.000518 0.160937 0.009185 2.234757
0.783879 0.019271 0.017524 0.008766 0.000519 0.160850 0.009192 2.236661
0.783981 0.019246 0.017522 0.008797 0.000520 0.160736 0.009198 2.238584
0.784095 0.019293 0.017519 0.008817 0.000524 0.160546 0.009204 2.240458
0.784141 0.019380 0.017459 0.008847 0.000525 0.160440 0.009209 2.242312
0.784238 0.019386 0.017495 0.008856 0.000526 0.160284 0.009214 2.244225
0.784401 0.019360 0.017532 0.008859 0.000528 0.160100 0.009220 2.246154
0.784499 0.019327 0.017564 0.008858 0.000525 0.160001 0.009226 2.248066
0.784645 0.019349 0.017566 0.008858 0.000529 0.159821 0.009231 2.249943
0.784705 0.019375 0.017576 0.008866 0.000528 0.159711 0.009238 2.251851
0.784839 0.019362 0.017545 0.008906 0.000528 0.159574 0.009246 2.253773
0.784910 0.019390 0.017521 0.008904 0.000528 0.159493 0.009254 2.255652
0.785058 0.019337 0.017529 0.008890 0.000528 0.159398 0.009261 2.257543
0.785217 0.019249 0.017554 0.008921 0.000528 0.159264 0.009267 2.259463
0.785326 0.019249 0.017546 0.008938 0.000525 0.159143 0.009274 2.261358
0.785446 0.019231 0.017562 0.008914 0.000517 0.159046 0.009284 2.263242
0.785599 0.019171 0.017606 0.008896 0.000515 0.158920 0.009292 2.265164
0.785691 0.019208 0.017532 0.008924 0.000518 0.158830 0.009296 2.267063
0.785775 0.019210 0.017553 0.008900 0.000518 0.158741 0.009302 2.268966
0.785899 0.019168 0.017518 0.008878 0.000524 0.158703 0.009309 2.270863
0.786064 0.019152 0.017474 0.008912 0.000534 0.158552 0.009313 2.272759
0.786138 0.019214 0.017430 0.008926 0.000529 0.158444 0.009319 2.274596
0.786212 0.019231 0.017462 0.008911 0.000530 0.158330 0.009324 2.276512
0.786343 0.019169 0.017519 0.008960 0.000525 0.158152 0.009331 2.278459
0.786420 0.019235 0.017546 0.008945 0.000528 0.157989 0.009336 2.280321
0.786476 0.019248 0.017583 0.008935 0.000523 0.157893 0.009342 2.282227
0.786484 0.019348 0.017543 0.008940 0.000521 0.157816 0.009348 2.284079
0.786572 0.019315 0.017553 0.008918 0.000512 0.157772 0.009357 2.285965
0.786640 0.019312 0.017516 0.008942 0.000513 0.157714 0.009363 2.287868
0.786686 0.019338 0.017561 0.008903 0.000509 0.157632 0.009372 2.289757
0.786780 0.019283 0.017615 0.008932 0.000508 0.157504 0.009378 2.291699
0.786845 0.019291 0.017577 0.008927 0.000514 0.157462 0.009384 2.293583
0.786818 0.019395 0.017528 0.008903 0.000513 0.157453 0.009389 2.295449
0.786923 0.019340 0.017563 0.008955 0.000514 0.157311 0.009396 2.297394
0.786944 0.019382 0.017590 0.008933 0.000516 0.157234 0.009401 2.299320
0.787024 0.019359 0.017625 0.008938 0.000513 0.157133 0.009408 2.301204
0.787074 0.019368 0.017645 0.008933 0.000505 0.157057 0.009419 2.303087
0.787063 0.019458 0.017612 0.008948 0.000515 0.156980 0.009423 2.304955
0.787125 0.019411 0.017640 0.008987 0.000516 0.156890 0.009432 2.306899
0.787200 0.019435 0.017653 0.008974 0.000511 0.156787 0.009439 2.308779
0.787237 0.019431 0.017652 0.008999 0.000508 0.156726 0.009448 2.310673
0.787344 0.019426 0.017670 0.008997 0.000504 0.156603 0.009457 2.312597
0.787316 0.019437 0.017711 0.009003 0.000504 0.156564 0.009464 2.314546
0.787349 0.019481 0.017700 0.008994 0.000502 0.156503 0.009472 2.316425
0.787375 0.019508 0.017695 0.008996 0.000505 0.156442 0.009479 2.318359
0.787436 0.019521 0.017655 0.009003 0.000503 0.156394 0.009489 2.320267
0.787421 0.019550 0.017667 0.009031 0.000504 0.156332 0.009495 2.322208
0.787412 0.019609 0.017654 0.009039 0.000500 0.156286 0.009501 2.324112
0.787413 0.019683 0.017684 0.009036 0.000503 0.156174 0.009508 2.326008
0.787331 0.019705 0.017684 0.009084 0.000501 0.156181 0.009514 2.327934
0.787472 0.019610 0.017726 0.009096 0.000511 0.156063 0.009522 2.329921
0.787466 0.019607 0.017728 0.009104 0.000510 0.156057 0.009529 2.331870
0.787504 0.019652 0.017759 0.009115 0.000507 0.155930 0.009534 2.333810
0.787582 0.019621 0.017781 0.009123 0.000504 0.155847 0.009542 2.335751
0.787558 0.019700 0.017750 0.009120 0.000505 0.155817 0.009551 2.337661
0.787556 0.019733 0.017724 0.009148 0.000504 0.155774 0.009561 2.339593
0.787557 0.019706 0.017762 0.009135 0.000507 0.155769 0.009566 2.341571
0.787549 0.019703 0.017750 0.009168 0.000507 0.155755 0.009569 2.343537
0.787598 0.019696 0.017759 0.009127 0.000520 0.155726 0.009574 2.345477
0.787662 0.019638 0.017810 0.009099 0.000524 0.155686 0.009581 2.347445
0.787677 0.019693 0.017830 0.009073 0.000524 0.155616 0.009587 2.349358
0.787759 0.019670 0.017846 0.009089 0.000527 0.155518 0.009593 2.351300
0.787794 0.019623 0.017894 0.009085 0.000528 0.155476 0.009599 2.353256
0.787728 0.019641 0.017898 0.009078 0.000527 0.155522 0.009608 2.355208
0.787709 0.019712 0.017896 0.009077 0.000538 0.155457 0.009613 2.357113
0.787684 0.019756 0.017898 0.009111 0.000540 0.155394 0.009618 2.359066
0.787651 0.019790 0.017874 0.009111 0.000537 0.155411 0.009627 2.360990
0.787673 0.019812 0.017894 0.009123 0.000534 0.155331 0.009633 2.362920
0.787664 0.019805 0.017852 0.009112 0.000536 0.155393 0.009640 2.364833
0.787592 0.019787 0.017856 0.009167 0.000536 0.155415 0.009647 2.366823
0.787578 0.019827 0.017899 0.009123 0.000535 0.155386 0.009653 2.368764
0.787537 0.019836 0.017870 0.009125 0.000533 0.155440 0.009660 2.370716
0.787590 0.019774 0.017868 0.009117 0.000536 0.155447 0.009667 2.372673
0.787649 0.019752 0.017873 0.009124 0.000540 0.155389 0.009673 2.374624
0.787561 0.019815 0.017864 0.009126 0.000538 0.155417 0.009680 2.376526
0.787512 0.019809 0.017883 0.009169 0.000534 0.155407 0.009686 2.378482
0.787491 0.019800 0.017863 0.009177 0.000536 0.155443 0.009690 2.380418
0.787469 0.019860 0.017837 0.009188 0.000542 0.155408 0.009697 2.382308
0.787404 0.019885 0.017900 0.009195 0.000536 0.155376 0.009705 2.384269
0.787356 0.019863 0.017941 0.009214 0.000540 0.155376 0.009711 2.386253
0.787304 0.019885 0.017938 0.009201 0.000537 0.155414 0.009722 2.388204
0.787412 0.019827 0.017905 0.009179 0.000539 0.155408 0.009729 2.390132
0.787441 0.019800 0.017893 0.009215 0.000546 0.155371 0.009735 2.392077
0.787423 0.019827 0.017890 0.009153 0.000548 0.155419 0.009740 2.394005
0.787339 0.019897 0.017934 0.009138 0.000547 0.155399 0.009745 2.395936
0.787346 0.019866 0.017997 0.009160 0.000549 0.155331 0.009751 2.397923
0.787311 0.019853 0.017999 0.009146 0.000553 0.155383 0.009756 2.399864
0.787293 0.019835 0.017994 0.009158 0.000557 0.155401 0.009761 2.401823
0.787283 0.019849 0.017978 0.009129 0.000563 0.155433 0.009764 2.403740
0.787269 0.019868 0.017995 0.009123 0.000567 0.155410 0.009769 2.405670
0.787241 0.019854 0.017968 0.009150 0.000567 0.155447 0.009774 2.407643
0.787235 0.019888 0.017967 0.009172 0.000571 0.155389 0.009779 2.409549
0.787310 0.019821 0.017939 0.009185 0.000567 0.155390 0.009788 2.411490
0.787402 0.019713 0.017972 0.009199 0.000571 0.155349 0.009794 2.413467
0.787430 0.019740 0.017962 0.009167 0.000569 0.155333 0.009800 2.415346
0.787406 0.019761 0.017971 0.009166 0.000566 0.155325 0.009805 2.417277
0.787355 0.019804 0.018010 0.009126 0.000569 0.155327 0.009810 2.419181
0.787380 0.019779 0.018012 0.009112 0.000569 0.155333 0.009816 2.421133
0.787336 0.019858 0.017980 0.009088 0.000575 0.155342 0.009823 2.423045
0.787433 0.019803 0.017954 0.009092 0.000562 0.155326 0.009830 2.424958
0.787414 0.019702 0.018002 0.009072 0.000561 0.155415 0.009835 2.426942
0.787436 0.019690 0.018029 0.009089 0.000559 0.155357 0.009840 2.428877
0.787467 0.019755 0.017967 0.009098 0.000561 0.155303 0.009849 2.430764
0.787410 0.019790 0.017910 0.009086 0.000561 0.155386 0.009858 2.432666
0.787380 0.019778 0.017930 0.009104 0.000559 0.155387 0.009863 2.434624
0.787309 0.019838 0.017948 0.009137 0.000561 0.155338 0.009870 2.436587
0.787335 0.019776 0.017999 0.009154 0.000552 0.155308 0.009877 2.438569
0.787358 0.019792 0.017980 0.009098 0.000550 0.155339 0.009884 2.440457
0.787389 0.019780 0.018011 0.009098 0.000550 0.155283 0.009890 2.442399
0.787377 0.019763 0.018042 0.009109 0.000543 0.155269 0.009897 2.444370
0.787404 0.019696 0.018132 0.009092 0.000540 0.155232 0.009906 2.446335
0.787392 0.019655 0.018168 0.009092 0.000546 0.155237 0.009912 2.448312
0.787418 0.019608 0.018157 0.009087 0.000543 0.155271 0.009917 2.450252
0.787373 0.019682 0.018150 0.009060 0.000537 0.155274 0.009924 2.452167
0.787453 0.019720 0.018072 0.009021 0.000533 0.155272 0.009930 2.454030
0.787395 0.019757 0.018057 0.009035 0.000532 0.155289 0.009934 2.455969
0.787411 0.019762 0.018047 0.009024 0.000528 0.155287 0.009941 2.457912
0.787458 0.019760 0.018059 0.009035 0.000527 0.155217 0.009945 2.459856
0.787414 0.019800 0.018058 0.009056 0.000537 0.155187 0.009949 2.461783
0.787484 0.019779 0.018093 0.009079 0.000532 0.155076 0.009956 2.463761
0.787446 0.019785 0.018050 0.009103 0.000537 0.155118 0.009962 2.465693
0.787449 0.019710 0.018096 0.009122 0.000539 0.155115 0.009969 2.467697
0.787493 0.019736 0.018052 0.009109 0.000542 0.155096 0.009973 2.469603
0.787489 0.019777 0.018021 0.009136 0.000546 0.155053 0.009978 2.471536
0.787400 0.019817 0.018025 0.009116 0.000551 0.155106 0.009986 2.473441
0.787473 0.019814 0.018071 0.009095 0.000551 0.155006 0.009993 2.475389
0.787491 0.019799 0.018051 0.009100 0.000546 0.155014 0.009999 2.477335
0.787410 0.019904 0.018011 0.009092 0.000547 0.155031 0.010005 2.479226
0.787409 0.019899 0.018022 0.009108 0.000552 0.154999 0.010011 2.481157
0.787362 0.019899 0.018019 0.009153 0.000548 0.154999 0.010020 2.483124
0.787335 0.019905 0.018010 0.009154 0.000551 0.155020 0.010025 2.485067
0.787350 0.019929 0.018043 0.009144 0.000556 0.154941 0.010036 2.487025
0.787282 0.019993 0.017977 0.009148 0.000556 0.154997 0.010046 2.488918
0.787301 0.019974 0.018012 0.009175 0.000555 0.154931 0.010052 2.490865
0.787338 0.019865 0.018066 0.009162 0.000554 0.154955 0.010061 2.492860
0.787319 0.019780 0.018122 0.009191 0.000562 0.154955 0.010070 2.494878
0.787317 0.019801 0.018142 0.009216 0.000556 0.154891 0.010077 2.496811
0.787285 0.019826 0.018157 0.009203 0.000553 0.154892 0.010084 2.498760
0.787266 0.019799 0.018125 0.009175 0.000556 0.154986 0.010094 2.500722
0.787291 0.019802 0.018070 0.009160 0.000557 0.155018 0.010102 2.502631
0.787357 0.019772 0.018057 0.009212 0.000553 0.154942 0.010108 2.504572
0.787376 0.019790 0.018060 0.009255 0.000553 0.154858 0.010109 2.506520
0.787378 0.019789 0.018064 0.009240 0.000552 0.154860 0.010118 2.508449
0.787381 0.019711 0.018044 0.009284 0.000548 0.154906 0.010128 2.510451
0.787451 0.019653 0.018088 0.009274 0.000545 0.154855 0.010134 2.512431
0.787466 0.019690 0.018019 0.009251 0.000542 0.154891 0.010140 2.514326
0.787382 0.019702 0.018049 0.009242 0.000544 0.154935 0.010147 2.516274
0.787429 0.019676 0.018015 0.009256 0.000545 0.154928 0.010150 2.518206
0.787511 0.019610 0.018022 0.009268 0.000541 0.154891 0.010157 2.520153
0.787518 0.019605 0.018036 0.009254 0.000538 0.154885 0.010163 2.522089
0.787542 0.019628 0.018075 0.009213 0.000542 0.154831 0.010170 2.524018
0.787541 0.019668 0.018001 0.009234 0.000550 0.154831 0.010176 2.525942
0.787567 0.019675 0.017942 0.009232 0.000555 0.154849 0.010180 2.527842
0.787633 0.019713 0.017961 0.009232 0.000556 0.154716 0.010188 2.529732
0.787586 0.019759 0.017959 0.009256 0.000559 0.154689 0.010192 2.531683
0.787634 0.019746 0.018015 0.009235 0.000561 0.154611 0.010197 2.533614
0.787544 0.019791 0.018007 0.009227 0.000568 0.154661 0.010203 2.535559
0.787510 0.019841 0.018014 0.009221 0.000577 0.154630 0.010208 2.537458
0.787637 0.019757 0.018053 0.009213 0.000580 0.154547 0.010214 2.539412
0.787643 0.019798 0.018033 0.009185 0.000579 0.154540 0.010221 2.541315
0.787629 0.019795 0.018021 0.009184 0.000578 0.154566 0.010227 2.543250
0.787597 0.019804 0.018034 0.009160 0.000579 0.154589 0.010236 2.545193
0.787566 0.019842 0.018025 0.009199 0.000574 0.154550 0.010244 2.547118
0.787607 0.019856 0.017984 0.009203 0.000574 0.154528 0.010249 2.549036
0.787592 0.019845 0.017923 0.009211 0.000572 0.154602 0.010256 2.550963
0.787573 0.019762 0.017946 0.009199 0.000579 0.154678 0.010264 2.552930
0.787522 0.019740 0.018030 0.009161 0.000579 0.154702 0.010268 2.554896
0.787575 0.019715 0.018071 0.009178 0.000579 0.154605 0.010277 2.556837
0.787568 0.019727 0.018056 0.009192 0.000579 0.154594 0.010285 2.558768
0.787650 0.019704 0.018061 0.009116 0.000578 0.154598 0.010292 2.560704
0.787647 0.019727 0.018005 0.009116 0.000577 0.154630 0.010297 2.562587
0.787607 0.019769 0.018021 0.009108 0.000569 0.154618 0.010309 2.564503
0.787655 0.019666 0.018046 0.009100 0.000569 0.154648 0.010316 2.566472
0.787621 0.019708 0.018028 0.009116 0.000565 0.154640 0.010321 2.568391
0.787539 0.019746 0.018067 0.009146 0.000556 0.154617 0.010329 2.570343
0.787614 0.019692 0.018050 0.009137 0.000551 0.154619 0.010337 2.572277
0.787621 0.019714 0.018084 0.009108 0.000550 0.154578 0.010345 2.574213
0.787631 0.019617 0.018139 0.009109 0.000553 0.154603 0.010349 2.576197
0.787652 0.019547 0.018129 0.009106 0.000551 0.154659 0.010356 2.578126
0.787632 0.019548 0.018097 0.009132 0.000552 0.154676 0.010362 2.580057
0.787625 0.019526 0.018082 0.009137 0.000554 0.154707 0.010368 2.582000
0.787643 0.019517 0.018069 0.009118 0.000551 0.154727 0.010376 2.583919
0.787743 0.019496 0.018057 0.009092 0.000557 0.154674 0.010382 2.585842
0.787713 0.019447 0.018023 0.009111 0.000552 0.154767 0.010388 2.587810
0.787741 0.019476 0.017970 0.009059 0.000558 0.154799 0.010396 2.589695
0.787793 0.019523 0.017881 0.009066 0.000562 0.154772 0.010404 2.591556
0.787847 0.019513 0.017880 0.009097 0.000559 0.154695 0.010409 2.593508
0.787844 0.019519 0.017882 0.009089 0.000563 0.154686 0.010416 2.595413
0.787939 0.019507 0.017818 0.009069 0.000564 0.154679 0.010423 2.597316
0.787997 0.019481 0.017824 0.009072 0.000567 0.154628 0.010430 2.599225
0.787993 0.019469 0.017777 0.009070 0.000568 0.154689 0.010435 2.601133
0.788013 0.019511 0.017666 0.009062 0.000564 0.154742 0.010442 2.603017
0.787997 0.019483 0.017706 0.009070 0.000562 0.154735 0.010447 2.604970
0.788033 0.019486 0.017729 0.009045 0.000555 0.154697 0.010455 2.606874
0.788121 0.019405 0.017776 0.009076 0.000555 0.154605 0.010462 2.608827
0.788254 0.019346 0.017792 0.009125 0.000555 0.154457 0.010470 2.610758
0.788356 0.019362 0.017748 0.009125 0.000563 0.154369 0.010477 2.612605
0.788393 0.019366 0.017753 0.009090 0.000555 0.154355 0.010487 2.614501
0.788405 0.019391 0.017735 0.009050 0.000561 0.154366 0.010492 2.616393
0.788450 0.019351 0.017768 0.009030 0.000561 0.154340 0.010499 2.618344
0.788516 0.019361 0.017774 0.009025 0.000557 0.154261 0.010506 2.620233
0.788605 0.019348 0.017761 0.009034 0.000558 0.154183 0.010512 2.622144
0.788618 0.019352 0.017773 0.008988 0.000559 0.154193 0.010517 2.624029
0.788587 0.019380 0.017780 0.008993 0.000559 0.154177 0.010524 2.625928
0.788540 0.019366 0.017796 0.008973 0.000561 0.154239 0.010526 2.627846
0.788581 0.019374 0.017807 0.008935 0.000561 0.154208 0.010535 2.629734
0.788556 0.019393 0.017766 0.008948 0.000558 0.154234 0.010544 2.631626
0.788572 0.019403 0.017749 0.008942 0.000556 0.154228 0.010550 2.633521
0.788545 0.019428 0.017743 0.008913 0.000559 0.154256 0.010556 2.635419
0.788431 0.019449 0.017735 0.008961 0.000555 0.154303 0.010567 2.637373
0.788407 0.019535 0.017708 0.008975 0.000563 0.154240 0.010573 2.639248
0.788388 0.019550 0.017773 0.008955 0.000566 0.154189 0.010579 2.641189
0.788454 0.019517 0.017771 0.008941 0.000566 0.154163 0.010588 2.643088
0.788418 0.019521 0.017763 0.008980 0.000565 0.154157 0.010597 2.645031
0.788464 0.019480 0.017788 0.008962 0.000564 0.154138 0.010605 2.646955
0.788470 0.019477 0.017797 0.008939 0.000566 0.154140 0.010612 2.648877
0.788480 0.019476 0.017818 0.008956 0.000561 0.154091 0.010619 2.650805
0.788493 0.019372 0.017874 0.008962 0.000562 0.154112 0.010624 2.652803
0.788411 0.019495 0.017827 0.008971 0.000563 0.154104 0.010630 2.654679
0.788430 0.019560 0.017792 0.008944 0.000571 0.154067 0.010637 2.656550
0.788429 0.019574 0.017779 0.008947 0.000566 0.154061 0.010645 2.658460
0.788473 0.019582 0.017759 0.008973 0.000559 0.154001 0.010654 2.660375
0.788466 0.019591 0.017769 0.008975 0.000560 0.153979 0.010661 2.662296
0.788424 0.019635 0.017716 0.008976 0.000558 0.154020 0.010671 2.664206
0.788503 0.019568 0.017766 0.008968 0.000550 0.153965 0.010681 2.666154
0.788420 0.019591 0.017786 0.008947 0.000549 0.154019 0.010689 2.668095
0.788346 0.019594 0.017793 0.008955 0.000550 0.154068 0.010693 2.670041
0.788328 0.019591 0.017869 0.008978 0.000548 0.153987 0.010700 2.671989
0.788367 0.019576 0.017865 0.009019 0.000555 0.153915 0.010704 2.673944
0.788403 0.019520 0.017836 0.009067 0.000566 0.153899 0.010710 2.675881
0.788379 0.019558 0.017844 0.009068 0.000567 0.153867 0.010718 2.677794
0.788414 0.019604 0.017842 0.009051 0.000564 0.153801 0.010725 2.679692
