0.338856 0.062199 0.056334 0.032447 0.002101 0.501771 0.006293 1.647271
0.341031 0.060277 0.056121 0.032268 0.002107 0.501882 0.006315 1.653318
0.343875 0.057923 0.055919 0.032003 0.002107 0.501835 0.006338 1.659109
0.347189 0.055369 0.055546 0.031594 0.002116 0.501821 0.006364 1.664668
0.350770 0.052746 0.055127 0.031160 0.002100 0.501702 0.006395 1.669929
0.354506 0.050111 0.054468 0.030667 0.002111 0.501711 0.006425 1.675058
0.358464 0.047598 0.053850 0.030027 0.002109 0.501495 0.006455 1.679853
0.362630 0.045218 0.053083 0.029403 0.002112 0.501068 0.006487 1.684438
0.366850 0.043013 0.052165 0.028767 0.002098 0.500596 0.006512 1.688692
0.371100 0.040886 0.051214 0.028137 0.002104 0.500024 0.006536 1.692803
0.375508 0.038821 0.050270 0.027482 0.002103 0.499252 0.006564 1.696802
0.379894 0.036906 0.049246 0.026815 0.002093 0.498455 0.006591 1.700561
0.384195 0.035178 0.048162 0.026066 0.002085 0.497699 0.006616 1.704052
0.388645 0.033467 0.047089 0.025388 0.002062 0.496699 0.006650 1.707463
0.393177 0.032006 0.045786 0.024676 0.002045 0.495638 0.006673 1.710600
0.397835 0.030506 0.044542 0.023959 0.002029 0.494433 0.006697 1.713688
0.402433 0.029086 0.043376 0.023293 0.002025 0.493066 0.006721 1.716645
0.407123 0.027814 0.042132 0.022585 0.002012 0.491596 0.006740 1.719433
0.411725 0.026597 0.040994 0.021921 0.001998 0.490000 0.006765 1.722149
0.416388 0.025427 0.039795 0.021260 0.001977 0.488364 0.006788 1.724744
0.421121 0.024346 0.038673 0.020572 0.001937 0.486538 0.006814 1.727205
0.425872 0.023453 0.037443 0.019960 0.001918 0.484520 0.006835 1.729506
0.430604 0.022578 0.036325 0.019281 0.001893 0.482463 0.006856 1.731739
0.435296 0.021698 0.035178 0.018681 0.001860 0.480403 0.006884 1.733919
0.440029 0.020848 0.034007 0.018078 0.001834 0.478301 0.006903 1.736026
0.444589 0.020162 0.032914 0.017483 0.001814 0.476110 0.006928 1.738037
0.449367 0.019446 0.031857 0.016949 0.001795 0.473634 0.006951 1.739999
0.454035 0.018793 0.030855 0.016401 0.001766 0.471174 0.006976 1.741911
0.458753 0.018242 0.029833 0.015904 0.001730 0.468532 0.007006 1.743703
0.463393 0.017682 0.028900 0.015351 0.001693 0.465951 0.007030 1.745458
0.468033 0.017163 0.028064 0.014828 0.001664 0.463196 0.007053 1.747163
0.472636 0.016636 0.027274 0.014375 0.001628 0.460371 0.007080 1.748863
0.477316 0.016144 0.026423 0.013938 0.001615 0.457467 0.007096 1.750501
0.481861 0.015711 0.025574 0.013496 0.001588 0.454660 0.007111 1.752080
0.486479 0.015274 0.024756 0.013071 0.001559 0.451729 0.007132 1.753659
0.491006 0.014918 0.023953 0.012670 0.001526 0.448771 0.007155 1.755139
0.495551 0.014573 0.023247 0.012261 0.001497 0.445698 0.007173 1.756584
0.499934 0.014291 0.022548 0.011849 0.001475 0.442715 0.007187 1.757995
0.504335 0.014000 0.021899 0.011507 0.001446 0.439605 0.007208 1.759376
0.508750 0.013763 0.021217 0.011165 0.001417 0.436463 0.007225 1.760698
0.513081 0.013540 0.020616 0.010820 0.001395 0.433302 0.007246 1.762029
0.517430 0.013234 0.020007 0.010495 0.001382 0.430192 0.007260 1.763362
0.521756 0.013024 0.019439 0.010197 0.001360 0.426949 0.007275 1.764627
0.525849 0.012887 0.018872 0.009886 0.001332 0.423881 0.007293 1.765871
0.530150 0.012627 0.018388 0.009607 0.001305 0.420611 0.007313 1.767166
0.534304 0.012462 0.017839 0.009366 0.001287 0.417409 0.007332 1.768386
0.538483 0.012281 0.017414 0.009140 0.001252 0.414081 0.007350 1.769617
0.542649 0.012143 0.016960 0.008903 0.001221 0.410757 0.007367 1.770792
0.546812 0.011926 0.016590 0.008687 0.001194 0.407405 0.007386 1.772014
0.550833 0.011783 0.016214 0.008452 0.001171 0.404143 0.007404 1.773196
0.554818 0.011633 0.015802 0.008265 0.001137 0.400928 0.007418 1.774333
0.558840 0.011467 0.015425 0.008117 0.001109 0.397611 0.007431 1.775493
0.562736 0.011314 0.015108 0.007934 0.001084 0.394377 0.007448 1.776644
0.566770 0.011185 0.014766 0.007745 0.001064 0.391008 0.007461 1.777734
0.570644 0.011059 0.014405 0.007584 0.001042 0.387792 0.007474 1.778871
0.574555 0.010974 0.014084 0.007438 0.001018 0.384446 0.007487 1.779932
0.578355 0.010981 0.013794 0.007232 0.001002 0.381136 0.007499 1.780953
0.582098 0.010885 0.013526 0.007083 0.000981 0.377914 0.007513 1.782044
0.586006 0.010737 0.013228 0.006977 0.000968 0.374557 0.007527 1.783142
0.589639 0.010659 0.012981 0.006825 0.000946 0.371415 0.007537 1.784188
0.593264 0.010606 0.012709 0.006707 0.000920 0.368246 0.007548 1.785222
0.596898 0.010543 0.012506 0.006575 0.000902 0.365019 0.007558 1.786264
0.600480 0.010552 0.012311 0.006463 0.000889 0.361735 0.007570 1.787284
0.604017 0.010497 0.012137 0.006364 0.000874 0.358532 0.007580 1.788334
0.607404 0.010484 0.011942 0.006237 0.000850 0.355490 0.007593 1.789345
0.610883 0.010461 0.011785 0.006113 0.000831 0.352324 0.007604 1.790361
0.614231 0.010434 0.011638 0.006051 0.000812 0.349217 0.007619 1.791395
0.617648 0.010404 0.011441 0.006000 0.000789 0.346088 0.007630 1.792415
0.620984 0.010403 0.011311 0.005936 0.000773 0.342954 0.007641 1.793422
0.624210 0.010417 0.011160 0.005882 0.000762 0.339920 0.007650 1.794447
0.627423 0.010376 0.011040 0.005853 0.000745 0.336906 0.007659 1.795532
0.630591 0.010365 0.010907 0.005742 0.000732 0.333996 0.007667 1.796575
0.633715 0.010386 0.010768 0.005668 0.000716 0.331071 0.007676 1.797578
0.636850 0.010376 0.010676 0.005622 0.000699 0.328089 0.007689 1.798634
0.640011 0.010389 0.010576 0.005565 0.000683 0.325081 0.007696 1.799630
0.643056 0.010350 0.010547 0.005524 0.000660 0.322157 0.007707 1.800675
0.646083 0.010406 0.010416 0.005468 0.000654 0.319261 0.007713 1.801655
0.648994 0.010460 0.010381 0.005392 0.000645 0.316409 0.007720 1.802690
0.651952 0.010481 0.010317 0.005342 0.000629 0.313556 0.007726 1.803710
0.654753 0.010457 0.010278 0.005303 0.000621 0.310855 0.007733 1.804776
0.657619 0.010506 0.010188 0.005269 0.000611 0.308069 0.007741 1.805801
0.660444 0.010518 0.010202 0.005279 0.000603 0.305205 0.007749 1.806892
0.663210 0.010594 0.010206 0.005247 0.000593 0.302393 0.007756 1.807920
0.665866 0.010698 0.010187 0.005230 0.000591 0.299668 0.007762 1.808979
0.668434 0.010818 0.010152 0.005211 0.000587 0.297030 0.007768 1.810028
0.670957 0.010868 0.010130 0.005218 0.000585 0.294468 0.007774 1.811138
0.673461 0.010973 0.010116 0.005188 0.000572 0.291908 0.007783 1.812207
0.675930 0.011070 0.010158 0.005195 0.000560 0.289297 0.007790 1.813308
0.678381 0.011145 0.010129 0.005205 0.000552 0.286789 0.007799 1.814403
0.680756 0.011257 0.010102 0.005216 0.000543 0.284319 0.007808 1.815471
0.683137 0.011330 0.010116 0.005242 0.000532 0.281828 0.007817 1.816579
0.685444 0.011473 0.010063 0.005256 0.000521 0.279419 0.007825 1.817653
0.687663 0.011544 0.010108 0.005270 0.000514 0.277068 0.007833 1.818802
0.689771 0.011629 0.010158 0.005290 0.000506 0.274807 0.007839 1.819974
0.691909 0.011787 0.010177 0.005271 0.000498 0.272511 0.007848 1.821086
0.694062 0.011888 0.010210 0.005293 0.000486 0.270203 0.007860 1.822231
0.696204 0.011980 0.010259 0.005315 0.000480 0.267895 0.007865 1.823412
0.698281 0.012078 0.010301 0.005335 0.000472 0.265659 0.007872 1.824601
0.700308 0.012186 0.010378 0.005355 0.000465 0.263428 0.007880 1.825794
0.702280 0.012320 0.010437 0.005361 0.000459 0.261255 0.007888 1.826969
0.704188 0.012462 0.010489 0.005391 0.000456 0.259122 0.007892 1.828178
0.706041 0.012589 0.010548 0.005438 0.000445 0.257040 0.007899 1.829409
0.707918 0.012738 0.010580 0.005445 0.000445 0.254972 0.007902 1.830604
0.709716 0.012845 0.010658 0.005499 0.000441 0.252932 0.007909 1.831853
0.711504 0.013018 0.010685 0.005544 0.000436 0.250896 0.007916 1.833079
0.713247 0.013141 0.010793 0.005569 0.000433 0.248895 0.007922 1.834348
0.714848 0.013244 0.010904 0.005629 0.000427 0.247021 0.007926 1.835677
0.716514 0.013372 0.010947 0.005699 0.000426 0.245110 0.007933 1.836986
0.717986 0.013571 0.010979 0.005733 0.000429 0.243364 0.007938 1.838256
0.719563 0.013720 0.011080 0.005754 0.000429 0.241511 0.007944 1.839587
0.721053 0.013871 0.011164 0.005821 0.000426 0.239717 0.007948 1.840945
0.722586 0.014003 0.011261 0.005858 0.000432 0.237906 0.007954 1.842309
0.724002 0.014153 0.011331 0.005907 0.000434 0.236216 0.007956 1.843709
0.725415 0.014300 0.011438 0.005917 0.000428 0.234541 0.007961 1.845077
0.726783 0.014482 0.011483 0.005971 0.000433 0.232885 0.007964 1.846490
0.728051 0.014725 0.011562 0.006003 0.000438 0.231252 0.007969 1.847875
0.729314 0.014874 0.011659 0.006089 0.000437 0.229651 0.007975 1.849336
0.730545 0.015089 0.011758 0.006140 0.000421 0.228065 0.007983 1.850745
0.731719 0.015257 0.011897 0.006222 0.000420 0.226495 0.007990 1.852228
0.732733 0.015480 0.011984 0.006322 0.000411 0.225078 0.007992 1.853723
0.733878 0.015631 0.012178 0.006359 0.000406 0.223554 0.007994 1.855264
0.735007 0.015829 0.012256 0.006419 0.000402 0.222085 0.008002 1.856772
0.736044 0.015996 0.012402 0.006527 0.000402 0.220620 0.008010 1.858353
0.737083 0.016177 0.012523 0.006566 0.000403 0.219233 0.008014 1.859903
0.738115 0.016368 0.012709 0.006618 0.000402 0.217768 0.008019 1.861500
0.739076 0.016540 0.012850 0.006678 0.000398 0.216433 0.008027 1.863097
0.739935 0.016754 0.013004 0.006741 0.000404 0.215130 0.008033 1.864732
0.740777 0.016878 0.013195 0.006824 0.000402 0.213886 0.008037 1.866434
0.741590 0.017064 0.013360 0.006877 0.000404 0.212664 0.008040 1.868111
0.742415 0.017262 0.013464 0.006974 0.000407 0.211432 0.008046 1.869802
0.743125 0.017433 0.013657 0.007053 0.000403 0.210279 0.008050 1.871528
0.743877 0.017646 0.013760 0.007112 0.000401 0.209145 0.008059 1.873192
0.744610 0.017862 0.013869 0.007171 0.000399 0.208026 0.008064 1.874864
0.745275 0.018012 0.013989 0.007264 0.000396 0.206995 0.008070 1.876600
0.745882 0.018179 0.014198 0.007337 0.000395 0.205935 0.008075 1.878377
0.746581 0.018381 0.014330 0.007387 0.000395 0.204846 0.008079 1.880125
0.747104 0.018582 0.014493 0.007451 0.000398 0.203890 0.008082 1.881934
0.747677 0.018797 0.014618 0.007511 0.000404 0.202909 0.008084 1.883695
0.748138 0.018981 0.014760 0.007618 0.000405 0.202007 0.008090 1.885552
0.748628 0.019150 0.014932 0.007731 0.000406 0.201058 0.008094 1.887416
0.749062 0.019364 0.015055 0.007820 0.000408 0.200195 0.008097 1.889266
0.749436 0.019554 0.015226 0.007901 0.000415 0.199367 0.008101 1.891188
0.749813 0.019771 0.015420 0.007959 0.000417 0.198514 0.008105 1.893066
0.750168 0.020026 0.015579 0.007994 0.000420 0.197705 0.008109 1.894974
0.750498 0.020156 0.015805 0.008065 0.000426 0.196939 0.008112 1.896942
0.750838 0.020289 0.016018 0.008156 0.000423 0.196161 0.008116 1.898927
0.751194 0.020325 0.016206 0.008266 0.000428 0.195459 0.008121 1.900997
0.751474 0.020479 0.016448 0.008255 0.000440 0.194776 0.008128 1.902993
0.751748 0.020615 0.016640 0.008346 0.000441 0.194077 0.008133 1.905027
0.751929 0.020826 0.016737 0.008453 0.000449 0.193470 0.008136 1.907045
0.752137 0.021023 0.016841 0.008556 0.000454 0.192849 0.008141 1.909058
0.752276 0.021171 0.016999 0.008658 0.000459 0.192292 0.008145 1.911158
0.752481 0.021336 0.017122 0.008766 0.000468 0.191679 0.008147 1.913193
0.752660 0.021501 0.017270 0.008854 0.000468 0.191092 0.008156 1.915271
0.752794 0.021595 0.017397 0.008925 0.000476 0.190655 0.008160 1.917403
0.752991 0.021660 0.017529 0.009007 0.000481 0.190164 0.008169 1.919518
0.753135 0.021816 0.017690 0.009055 0.000486 0.189646 0.008171 1.921629
0.753269 0.021903 0.017798 0.009142 0.000490 0.189221 0.008177 1.923810
0.753404 0.022015 0.017954 0.009196 0.000484 0.188764 0.008184 1.925945
0.753496 0.022112 0.018089 0.009232 0.000486 0.188393 0.008192 1.928138
0.753605 0.022182 0.018256 0.009360 0.000493 0.187911 0.008194 1.930340
0.753613 0.022305 0.018367 0.009420 0.000495 0.187601 0.008200 1.932493
0.753694 0.022435 0.018440 0.009503 0.000499 0.187222 0.008206 1.934666
0.753753 0.022494 0.018576 0.009553 0.000507 0.186904 0.008213 1.936870
0.753800 0.022570 0.018677 0.009613 0.000509 0.186612 0.008219 1.939084
0.753833 0.022610 0.018800 0.009702 0.000514 0.186316 0.008225 1.941339
0.753910 0.022646 0.019002 0.009739 0.000510 0.185961 0.008232 1.943580
0.753934 0.022778 0.019103 0.009797 0.000509 0.185643 0.008237 1.945790
0.753907 0.022909 0.019171 0.009832 0.000510 0.185428 0.008244 1.948006
0.753958 0.022935 0.019195 0.009927 0.000516 0.185223 0.008247 1.950257
0.754046 0.022996 0.019284 0.009947 0.000514 0.184959 0.008253 1.952466
0.754038 0.023066 0.019346 0.010010 0.000520 0.184764 0.008257 1.954713
0.754041 0.023120 0.019416 0.010071 0.000522 0.184565 0.008264 1.956946
0.754090 0.023159 0.019473 0.010109 0.000539 0.184363 0.008268 1.959202
0.754157 0.023144 0.019577 0.010145 0.000550 0.184152 0.008275 1.961484
0.754108 0.023197 0.019730 0.010170 0.000548 0.183965 0.008281 1.963777
0.754128 0.023176 0.019831 0.010192 0.000550 0.183833 0.008289 1.966066
0.754124 0.023183 0.020001 0.010195 0.000553 0.183651 0.008293 1.968375
0.754092 0.023255 0.020093 0.010248 0.000559 0.183452 0.008301 1.970634
0.754080 0.023310 0.020075 0.010285 0.000554 0.183390 0.008308 1.972868
0.754145 0.023246 0.020176 0.010364 0.000565 0.183191 0.008313 1.975194
0.754159 0.023278 0.020185 0.010337 0.000565 0.183159 0.008319 1.977414
0.754153 0.023265 0.020217 0.010365 0.000567 0.183108 0.008325 1.979708
0.754192 0.023202 0.020298 0.010425 0.000560 0.182989 0.008334 1.981989
0.754141 0.023260 0.020383 0.010403 0.000563 0.182908 0.008344 1.984254
0.754156 0.023252 0.020441 0.010428 0.000567 0.182807 0.008350 1.986512
0.754126 0.023281 0.020418 0.010465 0.000568 0.182787 0.008356 1.988743
0.754145 0.023255 0.020469 0.010497 0.000579 0.182693 0.008363 1.991027
0.754136 0.023185 0.020561 0.010509 0.000586 0.182654 0.008371 1.993353
0.754281 0.023115 0.020586 0.010548 0.000588 0.182507 0.008375 1.995618
0.754348 0.023121 0.020670 0.010512 0.000593 0.182374 0.008383 1.997880
0.754282 0.023146 0.020618 0.010581 0.000593 0.182391 0.008390 2.000162
0.754334 0.023088 0.020676 0.010603 0.000596 0.182306 0.008398 2.002466
0.754382 0.023017 0.020707 0.010608 0.000592 0.182289 0.008404 2.004758
0.754447 0.022956 0.020712 0.010665 0.000596 0.182214 0.008410 2.007048
0.754521 0.022893 0.020704 0.010692 0.000604 0.182172 0.008415 2.009291
0.754603 0.022828 0.020773 0.010655 0.000613 0.182107 0.008422 2.011539
0.754663 0.022797 0.020768 0.010675 0.000613 0.182054 0.008431 2.013804
0.754748 0.022826 0.020755 0.010651 0.000613 0.181970 0.008438 2.015964
0.754793 0.022877 0.020722 0.010639 0.000614 0.181913 0.008444 2.018156
0.754834 0.022899 0.020709 0.010600 0.000608 0.181898 0.008452 2.020329
0.754897 0.022874 0.020690 0.010576 0.000605 0.181898 0.008459 2.022555
0.754953 0.022914 0.020658 0.010560 0.000606 0.181845 0.008466 2.024768
0.755096 0.022791 0.020669 0.010605 0.000612 0.181754 0.008473 2.027043
0.755113 0.022736 0.020716 0.010593 0.000609 0.181751 0.008483 2.029277
0.755267 0.022661 0.020783 0.010561 0.000616 0.181623 0.008489 2.031511
0.755385 0.022561 0.020820 0.010580 0.000613 0.181540 0.008502 2.033761
0.755476 0.022531 0.020808 0.010547 0.000616 0.181513 0.008509 2.035968
0.755581 0.022519 0.020792 0.010520 0.000615 0.181455 0.008518 2.038158
0.755693 0.022460 0.020754 0.010561 0.000616 0.181391 0.008526 2.040381
0.755937 0.022351 0.020742 0.010506 0.000618 0.181312 0.008533 2.042578
0.756073 0.022284 0.020691 0.010481 0.000615 0.181318 0.008538 2.044755
0.756192 0.022260 0.020666 0.010437 0.000619 0.181280 0.008547 2.046939
0.756397 0.022192 0.020657 0.010463 0.000615 0.181121 0.008556 2.049133
0.756569 0.022125 0.020634 0.010432 0.000610 0.181060 0.008570 2.051309
0.756748 0.022045 0.020585 0.010412 0.000610 0.181023 0.008576 2.053479
0.756901 0.022001 0.020533 0.010377 0.000615 0.180989 0.008584 2.055587
0.756989 0.021960 0.020533 0.010343 0.000616 0.180969 0.008591 2.057786
0.757288 0.021782 0.020545 0.010292 0.000621 0.180873 0.008599 2.059964
0.757471 0.021725 0.020449 0.010271 0.000617 0.180863 0.008605 2.062081
0.757751 0.021591 0.020410 0.010287 0.000606 0.180740 0.008617 2.064218
0.757949 0.021564 0.020341 0.010300 0.000609 0.180612 0.008625 2.066315
0.758153 0.021483 0.020311 0.010274 0.000614 0.180533 0.008633 2.068444
0.758377 0.021458 0.020301 0.010207 0.000612 0.180405 0.008641 2.070531
0.758568 0.021398 0.020249 0.010214 0.000614 0.180311 0.008648 2.072660
0.758889 0.021303 0.020201 0.010175 0.000614 0.180161 0.008658 2.074759
0.759090 0.021172 0.020130 0.010143 0.000623 0.180180 0.008663 2.076895
0.759310 0.021093 0.020097 0.010077 0.000624 0.180130 0.008670 2.078967
0.759611 0.020981 0.020006 0.010027 0.000610 0.180088 0.008678 2.081028
0.759788 0.020925 0.019967 0.010027 0.000612 0.179997 0.008684 2.083124
0.760123 0.020837 0.019859 0.009997 0.000616 0.179880 0.008689 2.085177
0.760239 0.020858 0.019828 0.009988 0.000620 0.179769 0.008698 2.087233
0.760403 0.020839 0.019818 0.009987 0.000613 0.179632 0.008709 2.089281
0.760594 0.020866 0.019785 0.009920 0.000609 0.179509 0.008718 2.091312
0.760793 0.020786 0.019738 0.009899 0.000600 0.179456 0.008729 2.093377
0.761035 0.020723 0.019630 0.009891 0.000595 0.179391 0.008735 2.095418
0.761208 0.020734 0.019548 0.009840 0.000585 0.179340 0.008745 2.097440
0.761518 0.020636 0.019549 0.009828 0.000584 0.179133 0.008751 2.099492
0.761764 0.020629 0.019473 0.009772 0.000587 0.179018 0.008758 2.101499
0.762110 0.020594 0.019380 0.009755 0.000593 0.178803 0.008765 2.103510
0.762462 0.020415 0.019352 0.009783 0.000596 0.178619 0.008774 2.105597
0.762661 0.020468 0.019282 0.009746 0.000601 0.178462 0.008779 2.107555
0.762911 0.020412 0.019269 0.009743 0.000606 0.178277 0.008784 2.109599
0.763176 0.020350 0.019225 0.009720 0.000611 0.178124 0.008794 2.111581
0.763454 0.020305 0.019156 0.009684 0.000608 0.177992 0.008800 2.113561
0.763813 0.020238 0.019134 0.009617 0.000605 0.177788 0.008804 2.115559
0.764018 0.020196 0.019080 0.009613 0.000608 0.177673 0.008812 2.117564
0.764380 0.020100 0.019045 0.009605 0.000611 0.177440 0.008818 2.119559
0.764680 0.020082 0.019015 0.009572 0.000614 0.177214 0.008823 2.121541
0.764908 0.020043 0.019017 0.009549 0.000618 0.177033 0.008831 2.123568
0.765247 0.020032 0.018923 0.009512 0.000616 0.176830 0.008839 2.125487
0.765378 0.020080 0.018918 0.009473 0.000613 0.176693 0.008845 2.127471
0.765654 0.020010 0.018896 0.009449 0.000610 0.176531 0.008850 2.129449
0.765858 0.020018 0.018843 0.009436 0.000610 0.176382 0.008854 2.131401
0.766095 0.020005 0.018792 0.009438 0.000610 0.176201 0.008859 2.133355
0.766356 0.020008 0.018780 0.009409 0.000615 0.175966 0.008867 2.135307
0.766647 0.019938 0.018764 0.009399 0.000617 0.175759 0.008876 2.137257
0.766879 0.019944 0.018734 0.009353 0.000613 0.175594 0.008883 2.139206
0.767159 0.019905 0.018784 0.009300 0.000616 0.175348 0.008887 2.141143
0.767432 0.019919 0.018730 0.009332 0.000606 0.175083 0.008899 2.143106
0.767662 0.019927 0.018706 0.009302 0.000608 0.174891 0.008905 2.145074
0.767990 0.019942 0.018646 0.009290 0.000603 0.174617 0.008913 2.146974
0.768308 0.019903 0.018591 0.009249 0.000606 0.174423 0.008920 2.148923
0.768515 0.019912 0.018518 0.009230 0.000606 0.174294 0.008926 2.150862
0.768818 0.019780 0.018541 0.009215 0.000600 0.174113 0.008935 2.152862
0.769096 0.019725 0.018542 0.009191 0.000599 0.173906 0.008941 2.154811
0.769354 0.019640 0.018498 0.009220 0.000595 0.173747 0.008947 2.156787
0.769606 0.019656 0.018505 0.009198 0.000601 0.173477 0.008958 2.158752
0.769943 0.019541 0.018459 0.009181 0.000597 0.173315 0.008965 2.160698
0.770170 0.019570 0.018393 0.009172 0.000600 0.173125 0.008970 2.162595
0.770454 0.019515 0.018380 0.009166 0.000598 0.172910 0.008977 2.164551
0.770789 0.019525 0.018361 0.009119 0.000593 0.172625 0.008988 2.166429
0.771067 0.019503 0.018343 0.009123 0.000592 0.172376 0.008996 2.168319
0.771261 0.019478 0.018308 0.009143 0.000597 0.172212 0.009001 2.170300
0.771490 0.019500 0.018265 0.009131 0.000597 0.172005 0.009012 2.172216
0.771749 0.019494 0.018241 0.009107 0.000592 0.171799 0.009019 2.174130
0.771920 0.019458 0.018241 0.009104 0.000584 0.171666 0.009026 2.176072
0.772141 0.019466 0.018207 0.009126 0.000582 0.171444 0.009034 2.177970
0.772321 0.019512 0.018114 0.009135 0.000587 0.171284 0.009046 2.179870
0.772547 0.019519 0.018085 0.009078 0.000595 0.171126 0.009050 2.181771
0.772788 0.019578 0.018050 0.009064 0.000595 0.170866 0.009058 2.183624
0.773058 0.019526 0.018061 0.009016 0.000596 0.170679 0.009065 2.185556
0.773315 0.019487 0.018112 0.009047 0.000600 0.170367 0.009073 2.187499
0.773584 0.019421 0.018125 0.009034 0.000600 0.170156 0.009081 2.189411
0.773814 0.019447 0.018054 0.009029 0.000591 0.169976 0.009089 2.191285
0.774111 0.019419 0.018047 0.009021 0.000587 0.169720 0.009095 2.193182
0.774307 0.019371 0.018077 0.009056 0.000584 0.169503 0.009104 2.195140
0.774527 0.019332 0.018115 0.009063 0.000589 0.169266 0.009108 2.197065
0.774714 0.019326 0.018078 0.009060 0.000582 0.169128 0.009113 2.198988
0.774948 0.019321 0.018000 0.009072 0.000581 0.168959 0.009119 2.200889
0.775144 0.019292 0.018020 0.009064 0.000579 0.168775 0.009126 2.202847
0.775341 0.019324 0.017918 0.008977 0.000575 0.168729 0.009134 2.204693
0.775576 0.019242 0.017932 0.008979 0.000573 0.168557 0.009139 2.206631
0.775686 0.019354 0.017912 0.008960 0.000572 0.168368 0.009147 2.208486
0.775860 0.019450 0.017791 0.008939 0.000575 0.168234 0.009149 2.210324
0.775989 0.019441 0.017791 0.008923 0.000572 0.168126 0.009158 2.212244
0.776228 0.019443 0.017823 0.008960 0.000575 0.167809 0.009162 2.214170
0.776454 0.019394 0.017858 0.008988 0.000575 0.167559 0.009172 2.216140
0.776580 0.019503 0.017836 0.008982 0.000572 0.167348 0.009179 2.218016
0.776791 0.019522 0.017819 0.009008 0.000580 0.167093 0.009186 2.219926
0.776998 0.019516 0.017809 0.009045 0.000582 0.166861 0.009190 2.221846
0.777125 0.019558 0.017799 0.009068 0.000578 0.166674 0.009198 2.223743
0.777269 0.019549 0.017795 0.009081 0.000569 0.166529 0.009207 2.225673
0.777456 0.019539 0.017794 0.009074 0.000575 0.166350 0.009212 2.227589
0.777613 0.019542 0.017769 0.009068 0.000574 0.166215 0.009220 2.229529
0.777695 0.019633 0.017733 0.009084 0.000573 0.166052 0.009230 2.231447
0.777821 0.019622 0.017761 0.009126 0.000570 0.165864 0.009236 2.233417
0.777950 0.019618 0.017781 0.009092 0.000572 0.165745 0.009242 2.235359
0.778072 0.019597 0.017797 0.009101 0.000570 0.165610 0.009252 2.237309
0.778205 0.019657 0.017751 0.009068 0.000575 0.165485 0.009259 2.239203
0.778343 0.019645 0.017775 0.009074 0.000589 0.165310 0.009265 2.241160
0.778536 0.019609 0.017755 0.009049 0.000589 0.165189 0.009272 2.243105
0.778639 0.019676 0.017751 0.009085 0.000588 0.164981 0.009278 2.244998
0.778791 0.019672 0.017738 0.009066 0.000581 0.164864 0.009288 2.246890
0.778891 0.019713 0.017720 0.009018 0.000585 0.164777 0.009297 2.248786
0.778979 0.019774 0.017745 0.008985 0.000586 0.164626 0.009304 2.250696
0.779062 0.019735 0.017753 0.009003 0.000586 0.164551 0.009311 2.252666
0.779299 0.019705 0.017784 0.008951 0.000587 0.164357 0.009317 2.254583
0.779396 0.019764 0.017786 0.008970 0.000584 0.164173 0.009325 2.256496
0.779460 0.019833 0.017756 0.008999 0.000583 0.164036 0.009334 2.258406
0.779618 0.019812 0.017747 0.008998 0.000572 0.163906 0.009344 2.260351
0.779717 0.019886 0.017728 0.008969 0.000570 0.163783 0.009347 2.262219
0.779784 0.019919 0.017708 0.009019 0.000567 0.163646 0.009356 2.264179
0.779874 0.019928 0.017740 0.009047 0.000565 0.163483 0.009363 2.266119
0.779907 0.019970 0.017766 0.009078 0.000568 0.163345 0.009366 2.268078
0.779938 0.019992 0.017794 0.009094 0.000564 0.163244 0.009373 2.270052
0.780127 0.019925 0.017835 0.009067 0.000567 0.163100 0.009378 2.272018
0.780278 0.019913 0.017911 0.009076 0.000568 0.162872 0.009382 2.273982
0.780402 0.019923 0.017887 0.009091 0.000568 0.162743 0.009385 2.275922
0.780483 0.019885 0.017884 0.009103 0.000565 0.162687 0.009393 2.277891
0.780512 0.019942 0.017897 0.009081 0.000567 0.162599 0.009401 2.279854
0.780594 0.019944 0.017944 0.009079 0.000564 0.162465 0.009410 2.281804
0.780625 0.019977 0.017953 0.009106 0.000558 0.162364 0.009418 2.283766
0.780687 0.019982 0.018007 0.009134 0.000565 0.162200 0.009424 2.285765
0.780759 0.020012 0.017970 0.009168 0.000566 0.162093 0.009431 2.287713
0.780776 0.020033 0.018006 0.009180 0.000564 0.162002 0.009440 2.289693
0.780810 0.020012 0.018019 0.009232 0.000573 0.161911 0.009443 2.291691
0.780805 0.020079 0.017969 0.009235 0.000581 0.161884 0.009447 2.293638
0.780828 0.020101 0.018001 0.009293 0.000575 0.161747 0.009454 2.295618
0.780917 0.020062 0.018067 0.009276 0.000577 0.161642 0.009460 2.297613
0.780953 0.020116 0.018072 0.009262 0.000568 0.161563 0.009468 2.299565
0.780953 0.020184 0.018040 0.009280 0.000568 0.161500 0.009475 2.301525
0.780976 0.020183 0.018058 0.009275 0.000572 0.161454 0.009481 2.303533
0.780973 0.020205 0.018102 0.009279 0.000573 0.161383 0.009486 2.305534
0.780912 0.020279 0.018106 0.009287 0.000573 0.161349 0.009493 2.307485
0.780919 0.020263 0.018122 0.009317 0.000571 0.161310 0.009499 2.309524
0.780883 0.020308 0.018142 0.009349 0.000576 0.161237 0.009505 2.311525
0.780910 0.020339 0.018109 0.009317 0.000568 0.161240 0.009516 2.313491
0.780913 0.020408 0.018157 0.009327 0.000567 0.161108 0.009521 2.315477
0.780933 0.020347 0.018184 0.009357 0.000566 0.161086 0.009526 2.317522
0.780907 0.020344 0.018257 0.009369 0.000564 0.161026 0.009534 2.319528
0.780880 0.020390 0.018199 0.009347 0.000568 0.161074 0.009540 2.321493
0.780902 0.020328 0.018243 0.009349 0.000555 0.161073 0.009550 2.323539
0.780935 0.020311 0.018287 0.009346 0.000552 0.161014 0.009554 2.325535
0.780890 0.020290 0.018324 0.009352 0.000544 0.161039 0.009560 2.327583
0.780966 0.020323 0.018331 0.009325 0.000544 0.160946 0.009567 2.329579
0.780955 0.020383 0.018275 0.009301 0.000550 0.160965 0.009572 2.331549
0.780983 0.020396 0.018256 0.009320 0.000545 0.160923 0.009578 2.333546
0.781082 0.020325 0.018336 0.009315 0.000537 0.160819 0.009585 2.335586
0.781143 0.020352 0.018306 0.009365 0.000539 0.160699 0.009595 2.337579
0.781123 0.020432 0.018297 0.009376 0.000545 0.160623 0.009603 2.339560
0.781110 0.020442 0.018335 0.009379 0.000555 0.160571 0.009607 2.341579
0.781049 0.020466 0.018371 0.009421 0.000560 0.160523 0.009610 2.343623
0.780944 0.020567 0.018390 0.009439 0.000560 0.160484 0.009614 2.345604
0.780887 0.020585 0.018464 0.009420 0.000562 0.160459 0.009623 2.347638
0.780872 0.020635 0.018448 0.009438 0.000557 0.160416 0.009633 2.349621
0.780842 0.020674 0.018480 0.009453 0.000562 0.160349 0.009640 2.351595
0.780781 0.020604 0.018558 0.009485 0.000560 0.160366 0.009647 2.353646
0.780708 0.020625 0.018570 0.009479 0.000559 0.160405 0.009654 2.355683
0.780669 0.020644 0.018596 0.009475 0.000563 0.160395 0.009658 2.357695
0.780649 0.020641 0.018631 0.009472 0.000561 0.160381 0.009665 2.359716
0.780717 0.020641 0.018581 0.009473 0.000557 0.160357 0.009675 2.361679
0.780737 0.020643 0.018570 0.009438 0.000553 0.160377 0.009682 2.363703
0.780679 0.020651 0.018615 0.009454 0.000550 0.160360 0.009689 2.365708
0.780665 0.020610 0.018565 0.009484 0.000558 0.160424 0.009695 2.367741
0.780541 0.020629 0.018569 0.009459 0.000557 0.160542 0.009704 2.369776
0.780554 0.020592 0.018649 0.009397 0.000551 0.160545 0.009712 2.371795
0.780547 0.020555 0.018635 0.009408 0.000546 0.160589 0.009720 2.373830
0.780589 0.020547 0.018597 0.009443 0.000547 0.160549 0.009728 2.375846
0.780556 0.020613 0.018577 0.009449 0.000549 0.160521 0.009734 2.377818
0.780519 0.020600 0.018558 0.009491 0.000546 0.160545 0.009741 2.379863
0.780434 0.020665 0.018588 0.009462 0.000556 0.160550 0.009746 2.381872
0.780384 0.020694 0.018532 0.009502 0.000556 0.160582 0.009751 2.383879
0.780376 0.020637 0.018560 0.009534 0.000554 0.160582 0.009757 2.385923
0.780393 0.020660 0.018561 0.009572 0.000558 0.160490 0.009765 2.387930
0.780418 0.020675 0.018526 0.009514 0.000560 0.160537 0.009770 2.389922
0.780426 0.020739 0.018526 0.009498 0.000559 0.160473 0.009778 2.391937
0.780348 0.020695 0.018551 0.009509 0.000553 0.160555 0.009789 2.394008
0.780290 0.020713 0.018629 0.009505 0.000552 0.160517 0.009794 2.396037
0.780192 0.020750 0.018610 0.009534 0.000548 0.160560 0.009805 2.398078
0.780152 0.020816 0.018614 0.009506 0.000547 0.160552 0.009813 2.400057
0.780085 0.020824 0.018633 0.009504 0.000540 0.160593 0.009822 2.402110
0.780173 0.020720 0.018714 0.009565 0.000541 0.160457 0.009831 2.404234
0.780098 0.020655 0.018730 0.009566 0.000538 0.160577 0.009835 2.406312
0.780097 0.020681 0.018671 0.009536 0.000546 0.160629 0.009840 2.408303
0.780044 0.020701 0.018740 0.009549 0.000550 0.160571 0.009847 2.410365
0.780068 0.020651 0.018732 0.009520 0.000552 0.160622 0.009856 2.412383
0.780032 0.020688 0.018787 0.009499 0.000555 0.160574 0.009866 2.414398
0.779988 0.020761 0.018775 0.009491 0.000558 0.160558 0.009870 2.416395
0.780018 0.020677 0.018786 0.009518 0.000565 0.160561 0.009875 2.418479
0.780030 0.020730 0.018797 0.009494 0.000564 0.160504 0.009881 2.420447
0.780052 0.020703 0.018816 0.009477 0.000566 0.160499 0.009888 2.422474
0.779942 0.020776 0.018800 0.009491 0.000563 0.160534 0.009894 2.424504
0.779919 0.020783 0.018817 0.009515 0.000554 0.160508 0.009904 2.426544
0.779902 0.020744 0.018814 0.009498 0.000553 0.160577 0.009913 2.428582
0.779906 0.020703 0.018880 0.009485 0.000556 0.160552 0.009918 2.430633
0.779859 0.020713 0.018893 0.009493 0.000564 0.160552 0.009924 2.432681
0.779888 0.020687 0.018867 0.009536 0.000569 0.160523 0.009930 2.434729
0.779875 0.020725 0.018851 0.009539 0.000566 0.160508 0.009936 2.436734
0.779795 0.020699 0.018864 0.009562 0.000570 0.160566 0.009945 2.438781
0.779732 0.020638 0.018866 0.009546 0.000581 0.160689 0.009949 2.440848
0.779714 0.020640 0.018802 0.009551 0.000582 0.160754 0.009958 2.442830
0.779750 0.020583 0.018874 0.009548 0.000585 0.160696 0.009964 2.444857
0.779729 0.020587 0.018862 0.009516 0.000584 0.160751 0.009971 2.446859
0.779778 0.020525 0.018871 0.009536 0.000584 0.160732 0.009975 2.448898
0.779764 0.020566 0.018855 0.009535 0.000586 0.160713 0.009982 2.450891
0.779705 0.020556 0.018906 0.009532 0.000585 0.160725 0.009990 2.452901
0.779748 0.020501 0.018914 0.009545 0.000581 0.160716 0.009995 2.454931
0.779789 0.020460 0.018911 0.009560 0.000580 0.160698 0.010002 2.456976
0.779820 0.020429 0.018921 0.009567 0.000578 0.160674 0.010010 2.458993
0.779870 0.020350 0.018935 0.009561 0.000572 0.160695 0.010017 2.460999
0.779879 0.020332 0.018993 0.009505 0.000566 0.160699 0.010026 2.463003
0.779901 0.020373 0.018909 0.009484 0.000571 0.160729 0.010033 2.464969
0.779924 0.020380 0.018863 0.009409 0.000570 0.160812 0.010043 2.466946
0.779936 0.020382 0.018748 0.009422 0.000575 0.160889 0.010048 2.468931
0.779902 0.020427 0.018724 0.009376 0.000573 0.160943 0.010056 2.470910
0.779990 0.020393 0.018737 0.009353 0.000574 0.160888 0.010065 2.472924
0.779993 0.020339 0.018756 0.009392 0.000582 0.160869 0.010069 2.474988
0.780000 0.020314 0.018754 0.009369 0.000587 0.160903 0.010074 2.476979
0.780113 0.020254 0.018769 0.009369 0.000584 0.160828 0.010083 2.479004
0.780162 0.020290 0.018733 0.009367 0.000575 0.160779 0.010095 2.480968
0.780185 0.020313 0.018696 0.009339 0.000578 0.160786 0.010103 2.482932
0.780202 0.020323 0.018735 0.009301 0.000580 0.160753 0.010107 2.484938
0.780275 0.020247 0.018783 0.009326 0.000571 0.160681 0.010117 2.486971
0.780399 0.020256 0.018722 0.009288 0.000570 0.160642 0.010123 2.488918
0.780350 0.020270 0.018741 0.009252 0.000576 0.160681 0.010131 2.490909
0.780411 0.020214 0.018686 0.009270 0.000578 0.160706 0.010137 2.492908
0.780423 0.020236 0.018623 0.009283 0.000584 0.160707 0.010144 2.494871
0.780368 0.020319 0.018614 0.009275 0.000579 0.160692 0.010153 2.496835
0.780375 0.020325 0.018588 0.009270 0.000576 0.160703 0.010163 2.498818
0.780450 0.020297 0.018571 0.009268 0.000587 0.160662 0.010167 2.500802
0.780469 0.020281 0.018594 0.009248 0.000589 0.160649 0.010170 2.502795
0.780445 0.020251 0.018570 0.009256 0.000585 0.160716 0.010177 2.504802
0.780416 0.020334 0.018514 0.009257 0.000587 0.160708 0.010186 2.506734
0.780412 0.020395 0.018506 0.009241 0.000588 0.160669 0.010190 2.508695
0.780340 0.020473 0.018504 0.009263 0.000586 0.160637 0.010198 2.510666
0.780410 0.020425 0.018542 0.009274 0.000589 0.160556 0.010204 2.512682
0.780364 0.020467 0.018519 0.009302 0.000596 0.160543 0.010210 2.514683
0.780342 0.020561 0.018521 0.009269 0.000598 0.160493 0.010217 2.516640
0.780360 0.020579 0.018502 0.009257 0.000592 0.160487 0.010223 2.518640
0.780398 0.020496 0.018549 0.009258 0.000585 0.160484 0.010232 2.520642
0.780392 0.020486 0.018546 0.009241 0.000582 0.160512 0.010241 2.522644
0.780434 0.020463 0.018506 0.009288 0.000588 0.160472 0.010250 2.524643
0.780456 0.020409 0.018522 0.009298 0.000587 0.160473 0.010256 2.526704
0.780470 0.020403 0.018531 0.009252 0.000592 0.160490 0.010262 2.528668
0.780474 0.020446 0.018506 0.009294 0.000588 0.160424 0.010268 2.530642
0.780503 0.020500 0.018421 0.009290 0.000589 0.160425 0.010274 2.532595
0.780528 0.020499 0.018401 0.009236 0.000594 0.160464 0.010280 2.534580
0.780601 0.020397 0.018417 0.009299 0.000596 0.160405 0.010285 2.536610
0.780626 0.020379 0.018454 0.009308 0.000594 0.160350 0.010290 2.538612
0.780639 0.020388 0.018392 0.009312 0.000597 0.160377 0.010296 2.540577
0.780753 0.020320 0.018465 0.009319 0.000594 0.160246 0.010302 2.542568
0.780813 0.020268 0.018504 0.009309 0.000593 0.160205 0.010309 2.544590
0.780836 0.020264 0.018536 0.009283 0.000591 0.160173 0.010319 2.546575
0.780847 0.020263 0.018543 0.009241 0.000588 0.160192 0.010327 2.548548
0.780821 0.020268 0.018473 0.009266 0.000589 0.160251 0.010333 2.550518
0.780906 0.020238 0.018484 0.009316 0.000588 0.160131 0.010337 2.552516
0.780921 0.020181 0.018500 0.009335 0.000587 0.160131 0.010345 2.554537
0.780947 0.020192 0.018466 0.009319 0.000586 0.160140 0.010349 2.556513
0.780958 0.020182 0.018489 0.009308 0.000585 0.160123 0.010357 2.558489
0.781055 0.020192 0.018454 0.009308 0.000583 0.160045 0.010364 2.560455
0.781015 0.020124 0.018510 0.009342 0.000583 0.160059 0.010368 2.562488
0.781073 0.020112 0.018473 0.009359 0.000580 0.160030 0.010373 2.564470
0.781090 0.020099 0.018445 0.009350 0.000577 0.160058 0.010381 2.566455
0.781139 0.020134 0.018422 0.009309 0.000578 0.160033 0.010386 2.568391
0.781126 0.020107 0.018469 0.009305 0.000574 0.160024 0.010394 2.570397
0.781156 0.020160 0.018469 0.009293 0.000574 0.159947 0.010402 2.572332
0.781223 0.020105 0.018504 0.009279 0.000576 0.159908 0.010406 2.574338
0.781270 0.020103 0.018483 0.009269 0.000572 0.159891 0.010412 2.576334
0.781345 0.020064 0.018483 0.009257 0.000578 0.159854 0.010420 2.578329
0.781410 0.020041 0.018454 0.009258 0.000581 0.159831 0.010426 2.580276
0.781350 0.020060 0.018422 0.009276 0.000578 0.159879 0.010436 2.582291
0.781393 0.019994 0.018429 0.009301 0.000577 0.159864 0.010443 2.584273
0.781467 0.019931 0.018462 0.009289 0.000578 0.159828 0.010446 2.586295
0.781477 0.019971 0.018406 0.009266 0.000585 0.159842 0.010454 2.588214
0.781549 0.020006 0.018397 0.009232 0.000584 0.159771 0.010462 2.590154
0.781567 0.020049 0.018397 0.009241 0.000583 0.159697 0.010468 2.592148
0.781623 0.020093 0.018359 0.009287 0.000582 0.159581 0.010476 2.594088
0.781625 0.020084 0.018372 0.009256 0.000588 0.159589 0.010488 2.596058
0.781605 0.020097 0.018333 0.009269 0.000589 0.159614 0.010495 2.597995
0.781649 0.020109 0.018377 0.009263 0.000586 0.159516 0.010500 2.599958
0.781639 0.020189 0.018312 0.009288 0.000597 0.159472 0.010504 2.601919
0.781711 0.020153 0.018290 0.009278 0.000589 0.159464 0.010516 2.603903
0.781664 0.020143 0.018313 0.009279 0.000587 0.159488 0.010528 2.605903
0.781625 0.020208 0.018359 0.009221 0.000592 0.159460 0.010534 2.607864
0.781683 0.020098 0.018446 0.009217 0.000592 0.159424 0.010541 2.609890
0.781730 0.020090 0.018447 0.009194 0.000591 0.159403 0.010544 2.611887
0.781722 0.020164 0.018400 0.009185 0.000592 0.159386 0.010551 2.613821
0.781758 0.020147 0.018387 0.009194 0.000590 0.159370 0.010555 2.615823
0.781695 0.020214 0.018362 0.009220 0.000587 0.159362 0.010561 2.617783
0.781733 0.020178 0.018371 0.009214 0.000590 0.159350 0.010565 2.619800
0.781756 0.020212 0.018350 0.009213 0.000582 0.159314 0.010572 2.621734
0.781774 0.020305 0.018329 0.009225 0.000583 0.159207 0.010578 2.623686
0.781755 0.020309 0.018343 0.009242 0.000579 0.159187 0.010586 2.625660
0.781836 0.020182 0.018382 0.009292 0.000574 0.159142 0.010594 2.627698
0.781795 0.020172 0.018452 0.009316 0.000571 0.159089 0.010605 2.629715
0.781790 0.020180 0.018446 0.009324 0.000571 0.159078 0.010610 2.631664
0.781764 0.020216 0.018421 0.009295 0.000570 0.159113 0.010620 2.633596
0.781819 0.020163 0.018407 0.009308 0.000562 0.159111 0.010631 2.635567
0.781805 0.020245 0.018318 0.009304 0.000561 0.159130 0.010637 2.637478
0.781860 0.020272 0.018308 0.009319 0.000562 0.159033 0.010645 2.639438
0.781823 0.020261 0.018349 0.009348 0.000561 0.159006 0.010652 2.641457
0.781811 0.020231 0.018356 0.009372 0.000564 0.159007 0.010659 2.643431
0.781801 0.020269 0.018338 0.009380 0.000554 0.158989 0.010668 2.645391
0.781829 0.020244 0.018345 0.009386 0.000545 0.158974 0.010676 2.647376
0.781857 0.020197 0.018339 0.009397 0.000542 0.158986 0.010682 2.649342
0.781874 0.020256 0.018316 0.009392 0.000541 0.158934 0.010688 2.651298
0.781884 0.020308 0.018271 0.009399 0.000543 0.158899 0.010695 2.653256
0.781879 0.020327 0.018247 0.009419 0.000543 0.158880 0.010705 2.655212
0.781915 0.020353 0.018194 0.009390 0.000542 0.158895 0.010713 2.657158
0.781904 0.020357 0.018213 0.009373 0.000552 0.158882 0.010719 2.659169
0.781957 0.020300 0.018234 0.009360 0.000546 0.158880 0.010725 2.661166
0.781921 0.020270 0.018267 0.009354 0.000543 0.158911 0.010735 2.663165
0.781888 0.020266 0.018330 0.009346 0.000547 0.158884 0.010740 2.665189
0.781995 0.020207 0.018325 0.009330 0.000548 0.158848 0.010747 2.667184
0.781976 0.020120 0.018355 0.009331 0.000553 0.158911 0.010754 2.669202
0.781945 0.020162 0.018326 0.009317 0.000556 0.158935 0.010761 2.671137
0.781965 0.020165 0.018347 0.009331 0.000558 0.158866 0.010768 2.673126
0.781930 0.020186 0.018352 0.009319 0.000561 0.158880 0.010774 2.675108
0.781879 0.020248 0.018359 0.009354 0.000560 0.158818 0.010782 2.677091
0.781860 0.020258 0.018327 0.009335 0.000561 0.158868 0.010791 2.679046
0.781873 0.020267 0.018326 0.009334 0.000564 0.158840 0.010796 2.681043
0.781921 0.020235 0.018340 0.009322 0.000566 0.158812 0.010804 2.683034
0.781931 0.020187 0.018351 0.009312 0.000563 0.158843 0.010813 2.685051
0.781883 0.020207 0.018454 0.009315 0.000554 0.158768 0.010821 2.687064
0.781874 0.020311 0.018412 0.009293 0.000552 0.158729 0.010829 2.688960
0.781814 0.020313 0.018411 0.009308 0.000548 0.158771 0.010836 2.690934
0.781773 0.020305 0.018448 0.009307 0.000553 0.158771 0.010842 2.692928
0.781756 0.020293 0.018425 0.009282 0.000551 0.158844 0.010850 2.694907
0.781660 0.020314 0.018473 0.009287 0.000549 0.158864 0.010852 2.696904
0.781662 0.020287 0.018518 0.009268 0.000552 0.158856 0.010857 2.698913
0.781661 0.020266 0.018507 0.009299 0.000555 0.158844 0.010866 2.700886
0.781789 0.020175 0.018515 0.009315 0.000561 0.158771 0.010874 2.702884
0.781815 0.020165 0.018464 0.009300 0.000556 0.158816 0.010883 2.704856
0.781854 0.020091 0.018477 0.009356 0.000557 0.158778 0.010887 2.706857
0.781782 0.020137 0.018441 0.009331 0.000563 0.158854 0.010893 2.708818
0.781741 0.020179 0.018404 0.009322 0.000566 0.158889 0.010901 2.710774
0.781757 0.020193 0.018432 0.009321 0.000561 0.158828 0.010908 2.712688
0.781783 0.020155 0.018474 0.009328 0.000556 0.158787 0.010916 2.714687
0.781788 0.020151 0.018391 0.009293 0.000554 0.158898 0.010924 2.716624
0.781932 0.020121 0.018397 0.009291 0.000557 0.158770 0.010932 2.718588
0.781952 0.020112 0.018372 0.009320 0.000556 0.158747 0.010941 2.720558
0.782000 0.020067 0.018304 0.009347 0.000549 0.158784 0.010949 2.722547
0.781967 0.020018 0.018308 0.009319 0.000548 0.158882 0.010957 2.724530
0.781976 0.020012 0.018276 0.009314 0.000546 0.158911 0.010964 2.726491
