0.328502 0.063191 0.057452 0.032969 0.002225 0.509393 0.006268 1.663278
0.331151 0.060743 0.057377 0.032708 0.002209 0.509503 0.006310 1.669397
0.334801 0.057804 0.057102 0.032221 0.002226 0.509512 0.006335 1.675072
0.338854 0.054533 0.056708 0.031692 0.002217 0.509633 0.006363 1.680581
0.343335 0.051285 0.056178 0.031076 0.002206 0.509523 0.006399 1.685678
0.348080 0.048030 0.055438 0.030484 0.002202 0.509339 0.006427 1.690531
0.353057 0.044922 0.054614 0.029783 0.002207 0.508970 0.006447 1.695053
0.358217 0.041832 0.053685 0.029075 0.002199 0.508518 0.006476 1.699345
0.363532 0.039016 0.052510 0.028317 0.002195 0.507928 0.006502 1.703228
0.368848 0.036292 0.051321 0.027559 0.002170 0.507277 0.006532 1.706921
0.374265 0.033795 0.050094 0.026723 0.002148 0.506416 0.006558 1.710337
0.379768 0.031464 0.048752 0.025840 0.002122 0.505467 0.006587 1.713519
0.385280 0.029296 0.047430 0.024909 0.002120 0.504351 0.006614 1.716485
0.390728 0.027281 0.046019 0.024019 0.002096 0.503216 0.006642 1.719225
0.396370 0.025381 0.044601 0.023149 0.002074 0.501761 0.006664 1.721825
0.401940 0.023610 0.043052 0.022312 0.002061 0.500339 0.006686 1.724236
0.407554 0.022009 0.041523 0.021406 0.002030 0.498769 0.006711 1.726454
0.413218 0.020457 0.040067 0.020597 0.002002 0.496917 0.006742 1.728588
0.418785 0.019086 0.038581 0.019778 0.001972 0.495026 0.006772 1.730519
0.424450 0.017802 0.037096 0.019008 0.001942 0.492902 0.006800 1.732322
0.430163 0.016593 0.035685 0.018212 0.001915 0.490608 0.006823 1.734026
0.435738 0.015522 0.034249 0.017424 0.001886 0.488325 0.006855 1.735612
0.441319 0.014587 0.032807 0.016619 0.001852 0.485934 0.006881 1.737040
0.446953 0.013636 0.031503 0.015926 0.001820 0.483262 0.006901 1.738441
0.452596 0.012823 0.030184 0.015212 0.001790 0.480473 0.006923 1.739704
0.458083 0.012057 0.028920 0.014584 0.001755 0.477653 0.006947 1.740916
0.463662 0.011339 0.027756 0.013951 0.001720 0.474608 0.006964 1.742065
0.469155 0.010664 0.026486 0.013260 0.001668 0.471776 0.006990 1.743130
0.474668 0.010005 0.025356 0.012639 0.001626 0.468695 0.007011 1.744179
0.480061 0.009429 0.024291 0.012066 0.001601 0.465521 0.007031 1.745141
0.485489 0.008905 0.023212 0.011492 0.001575 0.462274 0.007052 1.746030
0.490803 0.008379 0.022171 0.010971 0.001544 0.459057 0.007075 1.746898
0.496247 0.007902 0.021187 0.010476 0.001499 0.455595 0.007095 1.747710
0.501631 0.007460 0.020300 0.009997 0.001471 0.452027 0.007115 1.748467
0.506993 0.007099 0.019337 0.009550 0.001442 0.448449 0.007129 1.749158
0.512296 0.006750 0.018474 0.009068 0.001419 0.444845 0.007148 1.749811
0.517557 0.006410 0.017673 0.008632 0.001392 0.441170 0.007167 1.750462
0.522812 0.006148 0.016835 0.008225 0.001355 0.437434 0.007189 1.751040
0.527957 0.005901 0.016045 0.007852 0.001317 0.433719 0.007209 1.751572
0.532967 0.005620 0.015367 0.007463 0.001282 0.430073 0.007228 1.752153
0.537989 0.005348 0.014652 0.007131 0.001254 0.426379 0.007247 1.752679
0.543060 0.005125 0.013953 0.006786 0.001225 0.422592 0.007259 1.753184
0.548135 0.004899 0.013332 0.006462 0.001195 0.418706 0.007270 1.753666
0.553090 0.004685 0.012761 0.006147 0.001164 0.414868 0.007285 1.754127
0.557968 0.004484 0.012195 0.005868 0.001135 0.411050 0.007301 1.754582
0.562914 0.004280 0.011626 0.005598 0.001105 0.407163 0.007315 1.755027
0.567735 0.004115 0.011087 0.005342 0.001088 0.403309 0.007325 1.755422
0.572498 0.003954 0.010605 0.005087 0.001052 0.399462 0.007343 1.755826
0.577328 0.003784 0.010101 0.004851 0.001016 0.395558 0.007363 1.756207
0.582001 0.003661 0.009664 0.004641 0.000987 0.391665 0.007381 1.756565
0.586592 0.003549 0.009217 0.004463 0.000955 0.387834 0.007391 1.756908
0.591202 0.003435 0.008792 0.004255 0.000934 0.383980 0.007402 1.757238
0.595767 0.003308 0.008436 0.004060 0.000907 0.380109 0.007412 1.757567
0.600233 0.003195 0.008051 0.003878 0.000887 0.376334 0.007423 1.757891
0.604725 0.003097 0.007693 0.003696 0.000853 0.372501 0.007434 1.758194
0.609198 0.002986 0.007393 0.003547 0.000825 0.368608 0.007443 1.758499
0.613553 0.002899 0.007080 0.003378 0.000793 0.364837 0.007458 1.758781
0.617892 0.002795 0.006784 0.003247 0.000772 0.361045 0.007465 1.759078
0.622211 0.002717 0.006477 0.003109 0.000756 0.357255 0.007476 1.759326
0.626435 0.002639 0.006153 0.002982 0.000729 0.353574 0.007490 1.759581
0.630704 0.002541 0.005871 0.002854 0.000700 0.349826 0.007505 1.759837
0.634926 0.002467 0.005632 0.002696 0.000675 0.346086 0.007518 1.760071
0.639094 0.002401 0.005429 0.002594 0.000652 0.342303 0.007528 1.760306
0.643265 0.002319 0.005217 0.002483 0.000632 0.338546 0.007539 1.760551
0.647368 0.002270 0.004992 0.002365 0.000610 0.334847 0.007548 1.760759
0.651383 0.002193 0.004803 0.002264 0.000587 0.331214 0.007558 1.760989
0.655354 0.002138 0.004588 0.002168 0.000568 0.327622 0.007563 1.761193
0.659244 0.002075 0.004438 0.002085 0.000554 0.324037 0.007567 1.761400
0.663171 0.002017 0.004275 0.001997 0.000538 0.320429 0.007574 1.761606
0.667025 0.001951 0.004116 0.001924 0.000520 0.316880 0.007584 1.761814
0.670904 0.001894 0.003947 0.001842 0.000508 0.313318 0.007587 1.762017
0.674669 0.001867 0.003793 0.001772 0.000496 0.309812 0.007593 1.762188
0.678401 0.001812 0.003650 0.001698 0.000480 0.306359 0.007601 1.762374
0.682093 0.001759 0.003528 0.001643 0.000462 0.302908 0.007607 1.762561
0.685728 0.001743 0.003409 0.001568 0.000447 0.299493 0.007613 1.762720
0.689273 0.001718 0.003262 0.001510 0.000436 0.296183 0.007618 1.762881
0.692801 0.001688 0.003147 0.001476 0.000423 0.292844 0.007621 1.763046
0.696364 0.001641 0.003052 0.001440 0.000409 0.289467 0.007627 1.763220
0.699861 0.001607 0.002943 0.001387 0.000395 0.286177 0.007632 1.763381
0.703319 0.001547 0.002856 0.001340 0.000387 0.282915 0.007638 1.763547
0.706755 0.001531 0.002726 0.001289 0.000374 0.279682 0.007644 1.763683
0.710046 0.001491 0.002637 0.001243 0.000363 0.276571 0.007651 1.763831
0.713411 0.001469 0.002538 0.001202 0.000352 0.273375 0.007655 1.763967
0.716682 0.001415 0.002467 0.001167 0.000340 0.270268 0.007661 1.764116
0.719906 0.001375 0.002408 0.001127 0.000330 0.267189 0.007667 1.764263
0.723028 0.001353 0.002335 0.001097 0.000316 0.264196 0.007675 1.764401
0.726191 0.001333 0.002255 0.001074 0.000306 0.261165 0.007678 1.764528
0.729247 0.001308 0.002193 0.001047 0.000300 0.258227 0.007679 1.764663
0.732356 0.001284 0.002105 0.001019 0.000290 0.255264 0.007683 1.764785
0.735489 0.001255 0.002040 0.000979 0.000282 0.252268 0.007688 1.764916
0.738522 0.001234 0.001969 0.000949 0.000273 0.249364 0.007690 1.765038
0.741554 0.001208 0.001910 0.000923 0.000265 0.246448 0.007694 1.765154
0.744587 0.001185 0.001855 0.000894 0.000259 0.243526 0.007697 1.765278
0.747474 0.001183 0.001791 0.000854 0.000254 0.240745 0.007699 1.765389
0.750382 0.001155 0.001756 0.000828 0.000247 0.237930 0.007702 1.765513
0.753273 0.001120 0.001702 0.000811 0.000246 0.235146 0.007704 1.765630
0.756152 0.001108 0.001657 0.000798 0.000236 0.232342 0.007709 1.765734
0.758973 0.001084 0.001607 0.000795 0.000226 0.229602 0.007713 1.765848
0.761725 0.001060 0.001562 0.000778 0.000216 0.226942 0.007718 1.765963
0.764431 0.001049 0.001523 0.000750 0.000212 0.224316 0.007721 1.766066
0.767096 0.001034 0.001487 0.000727 0.000204 0.221729 0.007723 1.766169
0.769806 0.001024 0.001452 0.000703 0.000200 0.219091 0.007726 1.766265
0.772377 0.001005 0.001419 0.000687 0.000193 0.216589 0.007730 1.766372
0.775004 0.001002 0.001369 0.000671 0.000190 0.214033 0.007731 1.766456
0.777535 0.000982 0.001346 0.000648 0.000182 0.211576 0.007732 1.766552
0.780068 0.000973 0.001301 0.000635 0.000176 0.209112 0.007735 1.766634
0.782555 0.000957 0.001249 0.000627 0.000167 0.206708 0.007738 1.766715
0.785056 0.000927 0.001230 0.000623 0.000160 0.204264 0.007741 1.766817
0.787558 0.000918 0.001200 0.000603 0.000157 0.201823 0.007742 1.766904
0.789924 0.000913 0.001171 0.000587 0.000153 0.199510 0.007743 1.766995
0.792330 0.000894 0.001155 0.000576 0.000148 0.197153 0.007745 1.767087
0.794695 0.000868 0.001136 0.000563 0.000148 0.194844 0.007747 1.767185
0.797012 0.000855 0.001115 0.000556 0.000144 0.192571 0.007748 1.767268
0.799361 0.000855 0.001079 0.000540 0.000137 0.190278 0.007750 1.767345
0.801622 0.000838 0.001079 0.000530 0.000132 0.188046 0.007754 1.767435
0.803897 0.000832 0.001060 0.000525 0.000127 0.185803 0.007756 1.767517
0.806147 0.000829 0.001040 0.000513 0.000122 0.183589 0.007759 1.767585
0.808312 0.000819 0.001028 0.000494 0.000119 0.181467 0.007761 1.767663
0.810477 0.000820 0.001003 0.000478 0.000118 0.179342 0.007763 1.767738
0.812636 0.000802 0.000990 0.000464 0.000117 0.177229 0.007763 1.767820
0.814781 0.000800 0.000979 0.000460 0.000117 0.175100 0.007763 1.767906
0.816842 0.000794 0.000948 0.000447 0.000112 0.173094 0.007765 1.767979
0.818865 0.000804 0.000928 0.000429 0.000107 0.171101 0.007766 1.768041
0.820929 0.000780 0.000910 0.000420 0.000106 0.169088 0.007768 1.768126
0.822940 0.000774 0.000888 0.000419 0.000103 0.167107 0.007768 1.768201
0.824958 0.000756 0.000875 0.000416 0.000102 0.165123 0.007770 1.768280
0.826903 0.000751 0.000866 0.000412 0.000101 0.163197 0.007770 1.768353
0.828823 0.000743 0.000851 0.000407 0.000099 0.161306 0.007771 1.768419
0.830698 0.000747 0.000842 0.000405 0.000093 0.159441 0.007774 1.768491
0.832566 0.000731 0.000839 0.000405 0.000091 0.157593 0.007775 1.768578
0.834465 0.000722 0.000822 0.000400 0.000089 0.155727 0.007776 1.768648
0.836329 0.000726 0.000822 0.000383 0.000087 0.153876 0.007776 1.768722
0.838159 0.000719 0.000809 0.000380 0.000085 0.152069 0.007778 1.768793
0.839983 0.000716 0.000798 0.000379 0.000086 0.150260 0.007779 1.768866
0.841792 0.000710 0.000787 0.000376 0.000082 0.148474 0.007781 1.768933
0.843535 0.000703 0.000769 0.000369 0.000082 0.146761 0.007782 1.768995
0.845269 0.000696 0.000760 0.000369 0.000080 0.145043 0.007783 1.769067
0.846991 0.000689 0.000759 0.000369 0.000077 0.143332 0.007784 1.769136
0.848721 0.000684 0.000752 0.000369 0.000076 0.141614 0.007786 1.769201
0.850396 0.000676 0.000747 0.000362 0.000075 0.139958 0.007788 1.769279
0.852098 0.000663 0.000735 0.000354 0.000070 0.138291 0.007790 1.769344
0.853744 0.000667 0.000725 0.000349 0.000070 0.136655 0.007790 1.769400
0.855388 0.000671 0.000720 0.000345 0.000068 0.135019 0.007791 1.769458
0.856980 0.000670 0.000694 0.000346 0.000067 0.133452 0.007791 1.769515
0.858600 0.000662 0.000690 0.000339 0.000065 0.131853 0.007791 1.769583
0.860195 0.000650 0.000686 0.000337 0.000064 0.130274 0.007794 1.769646
0.861766 0.000652 0.000672 0.000331 0.000064 0.128721 0.007794 1.769700
0.863292 0.000649 0.000663 0.000330 0.000064 0.127208 0.007794 1.769764
0.864780 0.000655 0.000661 0.000326 0.000062 0.125722 0.007795 1.769823
0.866242 0.000652 0.000657 0.000325 0.000058 0.124268 0.007797 1.769887
0.867654 0.000648 0.000657 0.000324 0.000056 0.122865 0.007797 1.769945
0.869117 0.000645 0.000653 0.000320 0.000050 0.121416 0.007799 1.770010
0.870538 0.000648 0.000648 0.000332 0.000049 0.119985 0.007800 1.770074
0.871904 0.000634 0.000640 0.000335 0.000047 0.118639 0.007801 1.770137
0.873289 0.000622 0.000645 0.000346 0.000047 0.117250 0.007802 1.770209
0.874698 0.000618 0.000626 0.000338 0.000045 0.115874 0.007803 1.770263
0.876067 0.000617 0.000617 0.000329 0.000044 0.114525 0.007803 1.770322
0.877371 0.000613 0.000613 0.000325 0.000043 0.113232 0.007804 1.770378
0.878666 0.000611 0.000601 0.000323 0.000040 0.111954 0.007805 1.770432
0.879958 0.000605 0.000592 0.000316 0.000038 0.110686 0.007806 1.770490
0.881221 0.000602 0.000577 0.000314 0.000037 0.109444 0.007806 1.770543
0.882434 0.000597 0.000569 0.000311 0.000038 0.108245 0.007806 1.770592
0.883712 0.000585 0.000565 0.000297 0.000038 0.106997 0.007806 1.770645
0.884944 0.000587 0.000559 0.000290 0.000036 0.105778 0.007807 1.770698
0.886146 0.000587 0.000552 0.000286 0.000032 0.104588 0.007809 1.770757
0.887306 0.000581 0.000546 0.000278 0.000032 0.103449 0.007809 1.770810
0.888516 0.000581 0.000553 0.000271 0.000032 0.102238 0.007810 1.770857
0.889628 0.000577 0.000551 0.000272 0.000031 0.101133 0.007810 1.770919
0.890782 0.000575 0.000544 0.000267 0.000030 0.099993 0.007811 1.770971
0.891843 0.000582 0.000546 0.000264 0.000032 0.098923 0.007811 1.771020
0.892913 0.000587 0.000544 0.000262 0.000031 0.097853 0.007811 1.771068
0.894038 0.000577 0.000540 0.000263 0.000029 0.096742 0.007812 1.771125
0.895111 0.000578 0.000531 0.000263 0.000029 0.095676 0.007813 1.771176
0.896146 0.000559 0.000537 0.000264 0.000029 0.094654 0.007813 1.771241
0.897155 0.000548 0.000539 0.000265 0.000028 0.093654 0.007813 1.771300
0.898180 0.000547 0.000534 0.000266 0.000026 0.092633 0.007814 1.771353
0.899200 0.000546 0.000535 0.000267 0.000025 0.091614 0.007814 1.771406
0.900158 0.000540 0.000529 0.000264 0.000025 0.090671 0.007814 1.771462
0.901134 0.000530 0.000542 0.000271 0.000024 0.089685 0.007815 1.771523
0.902073 0.000533 0.000537 0.000267 0.000022 0.088752 0.007817 1.771570
0.903004 0.000526 0.000535 0.000271 0.000021 0.087826 0.007817 1.771623
0.903880 0.000525 0.000534 0.000273 0.000020 0.086950 0.007819 1.771676
0.904774 0.000537 0.000529 0.000270 0.000020 0.086052 0.007819 1.771729
0.905733 0.000539 0.000529 0.000265 0.000020 0.085097 0.007819 1.771780
0.906583 0.000535 0.000521 0.000259 0.000020 0.084265 0.007820 1.771832
0.907419 0.000535 0.000527 0.000254 0.000021 0.083425 0.007820 1.771887
0.908231 0.000537 0.000527 0.000253 0.000020 0.082611 0.007821 1.771942
0.909065 0.000533 0.000528 0.000258 0.000019 0.081777 0.007821 1.771999
0.909907 0.000533 0.000520 0.000258 0.000018 0.080942 0.007822 1.772051
0.910654 0.000526 0.000519 0.000258 0.000019 0.080203 0.007822 1.772112
0.911378 0.000521 0.000518 0.000258 0.000018 0.079486 0.007822 1.772161
0.912182 0.000520 0.000505 0.000257 0.000019 0.078695 0.007822 1.772206
0.912937 0.000533 0.000500 0.000249 0.000019 0.077941 0.007822 1.772245
0.913692 0.000536 0.000492 0.000245 0.000020 0.077193 0.007822 1.772291
0.914378 0.000545 0.000488 0.000246 0.000020 0.076500 0.007823 1.772339
0.915089 0.000541 0.000486 0.000254 0.000020 0.075788 0.007823 1.772393
0.915751 0.000539 0.000493 0.000253 0.000020 0.075121 0.007823 1.772453
0.916468 0.000534 0.000482 0.000256 0.000020 0.074418 0.007823 1.772500
0.917136 0.000541 0.000485 0.000254 0.000021 0.073741 0.007823 1.772549
0.917780 0.000536 0.000488 0.000262 0.000022 0.073089 0.007823 1.772611
0.918414 0.000544 0.000487 0.000259 0.000023 0.072450 0.007823 1.772656
0.919039 0.000547 0.000489 0.000255 0.000024 0.071824 0.007823 1.772707
0.919660 0.000552 0.000483 0.000256 0.000023 0.071205 0.007823 1.772759
0.920231 0.000543 0.000492 0.000259 0.000022 0.070630 0.007824 1.772814
0.920812 0.000548 0.000490 0.000256 0.000022 0.070047 0.007824 1.772860
0.921410 0.000533 0.000498 0.000258 0.000024 0.069451 0.007824 1.772923
0.921980 0.000537 0.000495 0.000257 0.000025 0.068883 0.007824 1.772974
0.922564 0.000531 0.000510 0.000254 0.000024 0.068293 0.007825 1.773027
0.923165 0.000525 0.000512 0.000256 0.000022 0.067695 0.007826 1.773083
0.923698 0.000532 0.000501 0.000254 0.000022 0.067169 0.007826 1.773132
0.924274 0.000525 0.000509 0.000251 0.000022 0.066593 0.007826 1.773189
0.924800 0.000537 0.000509 0.000247 0.000021 0.066061 0.007826 1.773238
0.925314 0.000543 0.000503 0.000248 0.000021 0.065546 0.007826 1.773285
0.925817 0.000535 0.000506 0.000254 0.000020 0.065043 0.007826 1.773347
0.926323 0.000545 0.000496 0.000251 0.000020 0.064540 0.007826 1.773396
0.926828 0.000550 0.000493 0.000243 0.000020 0.064039 0.007826 1.773447
0.927290 0.000557 0.000491 0.000242 0.000021 0.063575 0.007826 1.773499
0.927776 0.000553 0.000484 0.000248 0.000021 0.063094 0.007826 1.773556
0.928235 0.000563 0.000490 0.000246 0.000020 0.062619 0.007827 1.773602
0.928696 0.000564 0.000485 0.000244 0.000019 0.062165 0.007828 1.773655
0.929142 0.000560 0.000501 0.000243 0.000020 0.061706 0.007828 1.773716
0.929577 0.000566 0.000519 0.000234 0.000020 0.061257 0.007828 1.773773
0.930018 0.000568 0.000523 0.000227 0.000019 0.060817 0.007828 1.773833
0.930426 0.000569 0.000528 0.000236 0.000019 0.060393 0.007829 1.773898
0.930858 0.000562 0.000530 0.000235 0.000019 0.059967 0.007829 1.773960
0.931262 0.000560 0.000530 0.000235 0.000017 0.059567 0.007829 1.774010
0.931661 0.000562 0.000520 0.000236 0.000017 0.059175 0.007829 1.774065
0.932060 0.000570 0.000524 0.000242 0.000017 0.058758 0.007829 1.774120
0.932436 0.000579 0.000534 0.000239 0.000016 0.058366 0.007829 1.774176
0.932808 0.000588 0.000537 0.000242 0.000017 0.057980 0.007829 1.774236
0.933164 0.000595 0.000534 0.000243 0.000017 0.057618 0.007829 1.774285
0.933517 0.000598 0.000538 0.000255 0.000016 0.057246 0.007830 1.774345
0.933891 0.000603 0.000534 0.000262 0.000016 0.056864 0.007830 1.774401
0.934233 0.000621 0.000539 0.000265 0.000016 0.056495 0.007831 1.774458
0.934576 0.000618 0.000539 0.000262 0.000017 0.056159 0.007831 1.774521
0.934897 0.000626 0.000550 0.000264 0.000016 0.055817 0.007831 1.774580
0.935225 0.000622 0.000556 0.000264 0.000018 0.055484 0.007831 1.774646
0.935550 0.000622 0.000550 0.000278 0.000018 0.055152 0.007831 1.774708
0.935878 0.000627 0.000554 0.000277 0.000018 0.054815 0.007831 1.774767
0.936190 0.000617 0.000561 0.000274 0.000017 0.054509 0.007831 1.774835
0.936510 0.000621 0.000560 0.000270 0.000016 0.054191 0.007832 1.774892
0.936841 0.000620 0.000551 0.000269 0.000017 0.053871 0.007832 1.774949
0.937152 0.000608 0.000562 0.000270 0.000016 0.053559 0.007833 1.775019
0.937451 0.000598 0.000579 0.000277 0.000016 0.053246 0.007833 1.775093
0.937722 0.000602 0.000585 0.000280 0.000016 0.052963 0.007834 1.775155
0.938012 0.000595 0.000574 0.000284 0.000016 0.052686 0.007834 1.775212
0.938276 0.000604 0.000571 0.000290 0.000016 0.052410 0.007834 1.775266
0.938563 0.000609 0.000569 0.000282 0.000014 0.052128 0.007835 1.775326
0.938834 0.000615 0.000567 0.000280 0.000014 0.051854 0.007836 1.775387
0.939105 0.000621 0.000572 0.000281 0.000015 0.051571 0.007836 1.775448
0.939367 0.000612 0.000573 0.000284 0.000015 0.051314 0.007836 1.775516
0.939609 0.000609 0.000582 0.000277 0.000014 0.051075 0.007836 1.775580
0.939844 0.000607 0.000577 0.000276 0.000014 0.050845 0.007836 1.775637
0.940080 0.000608 0.000578 0.000278 0.000015 0.050606 0.007836 1.775699
0.940321 0.000614 0.000579 0.000280 0.000014 0.050357 0.007836 1.775757
0.940576 0.000617 0.000561 0.000286 0.000014 0.050111 0.007836 1.775809
0.940811 0.000623 0.000553 0.000285 0.000015 0.049879 0.007836 1.775864
0.941044 0.000619 0.000557 0.000285 0.000015 0.049645 0.007836 1.775931
0.941292 0.000621 0.000544 0.000284 0.000014 0.049410 0.007836 1.775985
0.941510 0.000624 0.000550 0.000287 0.000013 0.049181 0.007836 1.776045
0.941724 0.000623 0.000557 0.000280 0.000013 0.048967 0.007836 1.776109
0.941901 0.000633 0.000556 0.000289 0.000012 0.048775 0.007836 1.776172
0.942105 0.000643 0.000560 0.000284 0.000012 0.048560 0.007836 1.776230
0.942280 0.000659 0.000562 0.000278 0.000012 0.048373 0.007836 1.776286
0.942462 0.000662 0.000569 0.000281 0.000012 0.048177 0.007836 1.776354
0.942644 0.000669 0.000578 0.000276 0.000013 0.047985 0.007836 1.776420
0.942812 0.000680 0.000571 0.000285 0.000014 0.047803 0.007836 1.776484
0.942997 0.000682 0.000575 0.000287 0.000014 0.047609 0.007836 1.776550
0.943173 0.000681 0.000575 0.000291 0.000014 0.047430 0.007836 1.776621
0.943322 0.000698 0.000576 0.000276 0.000014 0.047280 0.007836 1.776672
0.943501 0.000699 0.000580 0.000276 0.000015 0.047093 0.007836 1.776732
0.943682 0.000704 0.000583 0.000279 0.000014 0.046902 0.007836 1.776797
0.943856 0.000705 0.000588 0.000280 0.000014 0.046721 0.007836 1.776861
0.943999 0.000717 0.000595 0.000280 0.000012 0.046559 0.007837 1.776928
0.944154 0.000732 0.000591 0.000287 0.000013 0.046387 0.007837 1.776994
0.944299 0.000739 0.000601 0.000286 0.000014 0.046225 0.007837 1.777064
0.944455 0.000740 0.000617 0.000287 0.000013 0.046051 0.007837 1.777136
0.944590 0.000758 0.000629 0.000286 0.000013 0.045886 0.007837 1.777204
0.944745 0.000754 0.000630 0.000294 0.000014 0.045725 0.007837 1.777285
0.944867 0.000746 0.000632 0.000303 0.000015 0.045600 0.007837 1.777370
0.945021 0.000748 0.000634 0.000304 0.000015 0.045440 0.007837 1.777440
0.945146 0.000749 0.000645 0.000308 0.000016 0.045299 0.007837 1.777512
0.945273 0.000752 0.000652 0.000311 0.000017 0.045159 0.007837 1.777588
0.945421 0.000744 0.000654 0.000305 0.000015 0.045025 0.007837 1.777661
0.945543 0.000764 0.000652 0.000310 0.000017 0.044877 0.007837 1.777722
0.945660 0.000769 0.000650 0.000311 0.000017 0.044756 0.007837 1.777798
0.945792 0.000771 0.000650 0.000313 0.000018 0.044619 0.007837 1.777865
0.945921 0.000771 0.000649 0.000309 0.000018 0.044494 0.007837 1.777934
0.946034 0.000777 0.000645 0.000315 0.000017 0.044376 0.007837 1.778007
0.946160 0.000770 0.000652 0.000322 0.000016 0.044243 0.007838 1.778087
0.946257 0.000779 0.000646 0.000326 0.000017 0.044137 0.007838 1.778157
0.946382 0.000769 0.000656 0.000329 0.000017 0.044008 0.007838 1.778241
0.946473 0.000776 0.000661 0.000331 0.000017 0.043903 0.007839 1.778315
0.946571 0.000787 0.000666 0.000329 0.000017 0.043790 0.007839 1.778387
0.946663 0.000781 0.000669 0.000338 0.000017 0.043691 0.007839 1.778469
0.946745 0.000786 0.000667 0.000340 0.000018 0.043605 0.007839 1.778541
0.946828 0.000804 0.000664 0.000337 0.000018 0.043509 0.007840 1.778616
0.946918 0.000805 0.000663 0.000344 0.000020 0.043410 0.007840 1.778696
0.947011 0.000795 0.000670 0.000352 0.000019 0.043313 0.007840 1.778781
0.947116 0.000790 0.000679 0.000357 0.000021 0.043196 0.007841 1.778862
0.947210 0.000792 0.000679 0.000352 0.000021 0.043106 0.007841 1.778944
0.947282 0.000787 0.000692 0.000357 0.000021 0.043020 0.007841 1.779028
0.947371 0.000773 0.000694 0.000366 0.000020 0.042934 0.007841 1.779115
0.947434 0.000780 0.000688 0.000371 0.000020 0.042864 0.007842 1.779190
0.947527 0.000784 0.000685 0.000373 0.000019 0.042770 0.007842 1.779258
0.947603 0.000788 0.000681 0.000373 0.000019 0.042695 0.007842 1.779334
0.947688 0.000795 0.000677 0.000367 0.000020 0.042610 0.007842 1.779398
0.947761 0.000802 0.000678 0.000358 0.000020 0.042539 0.007842 1.779470
0.947832 0.000801 0.000680 0.000357 0.000020 0.042467 0.007843 1.779549
0.947891 0.000817 0.000676 0.000354 0.000019 0.042400 0.007844 1.779618
0.947957 0.000813 0.000688 0.000371 0.000019 0.042308 0.007844 1.779710
0.948023 0.000822 0.000690 0.000371 0.000018 0.042231 0.007845 1.779786
0.948095 0.000840 0.000694 0.000373 0.000019 0.042135 0.007845 1.779863
0.948142 0.000845 0.000703 0.000374 0.000018 0.042072 0.007845 1.779947
0.948210 0.000854 0.000703 0.000378 0.000018 0.041991 0.007845 1.780027
0.948274 0.000874 0.000697 0.000373 0.000019 0.041917 0.007845 1.780099
0.948333 0.000888 0.000692 0.000370 0.000019 0.041851 0.007846 1.780174
0.948391 0.000877 0.000704 0.000387 0.000019 0.041775 0.007846 1.780272
0.948463 0.000882 0.000709 0.000380 0.000019 0.041701 0.007846 1.780347
0.948504 0.000895 0.000718 0.000379 0.000020 0.041638 0.007846 1.780427
0.948575 0.000874 0.000735 0.000389 0.000020 0.041560 0.007846 1.780533
0.948637 0.000870 0.000743 0.000388 0.000019 0.041494 0.007847 1.780622
0.948701 0.000870 0.000752 0.000381 0.000018 0.041431 0.007847 1.780702
0.948782 0.000856 0.000759 0.000376 0.000018 0.041363 0.007847 1.780788
0.948844 0.000849 0.000764 0.000382 0.000020 0.041293 0.007847 1.780876
0.948886 0.000856 0.000765 0.000387 0.000022 0.041237 0.007847 1.780958
0.948921 0.000862 0.000769 0.000384 0.000023 0.041195 0.007847 1.781042
0.948958 0.000874 0.000768 0.000377 0.000023 0.041153 0.007847 1.781118
0.949014 0.000877 0.000770 0.000376 0.000023 0.041093 0.007847 1.781200
0.949084 0.000878 0.000770 0.000378 0.000023 0.041019 0.007848 1.781282
0.949128 0.000877 0.000760 0.000388 0.000022 0.040978 0.007848 1.781365
0.949169 0.000872 0.000755 0.000395 0.000022 0.040940 0.007848 1.781454
0.949209 0.000881 0.000763 0.000399 0.000021 0.040880 0.007848 1.781538
0.949239 0.000889 0.000763 0.000404 0.000022 0.040836 0.007848 1.781623
0.949294 0.000881 0.000775 0.000403 0.000021 0.040779 0.007848 1.781707
0.949358 0.000846 0.000773 0.000408 0.000018 0.040748 0.007849 1.781808
0.949401 0.000849 0.000767 0.000405 0.000020 0.040709 0.007849 1.781896
0.949432 0.000846 0.000766 0.000401 0.000020 0.040686 0.007850 1.781981
0.949487 0.000844 0.000762 0.000394 0.000021 0.040643 0.007850 1.782058
0.949549 0.000826 0.000763 0.000393 0.000020 0.040599 0.007850 1.782149
0.949608 0.000818 0.000769 0.000390 0.000021 0.040544 0.007850 1.782232
0.949655 0.000817 0.000766 0.000387 0.000021 0.040505 0.007850 1.782315
0.949704 0.000797 0.000779 0.000391 0.000021 0.040458 0.007851 1.782415
0.949745 0.000795 0.000786 0.000386 0.000021 0.040418 0.007851 1.782497
0.949798 0.000795 0.000787 0.000397 0.000021 0.040351 0.007851 1.782577
0.949833 0.000801 0.000781 0.000397 0.000020 0.040317 0.007851 1.782649
0.949870 0.000806 0.000780 0.000398 0.000021 0.040273 0.007851 1.782729
0.949915 0.000798 0.000766 0.000401 0.000022 0.040246 0.007852 1.782804
0.949955 0.000806 0.000764 0.000394 0.000021 0.040208 0.007852 1.782871
0.949993 0.000815 0.000763 0.000385 0.000022 0.040172 0.007852 1.782943
0.950010 0.000827 0.000762 0.000377 0.000023 0.040150 0.007852 1.783021
0.950039 0.000828 0.000754 0.000380 0.000023 0.040125 0.007852 1.783098
0.950073 0.000814 0.000775 0.000378 0.000023 0.040085 0.007852 1.783187
0.950111 0.000809 0.000768 0.000378 0.000024 0.040057 0.007852 1.783268
0.950167 0.000805 0.000773 0.000376 0.000024 0.040003 0.007852 1.783351
0.950213 0.000797 0.000769 0.000374 0.000024 0.039970 0.007852 1.783433
0.950246 0.000792 0.000766 0.000378 0.000024 0.039943 0.007853 1.783513
0.950294 0.000788 0.000775 0.000385 0.000023 0.039881 0.007853 1.783594
0.950346 0.000793 0.000770 0.000382 0.000022 0.039833 0.007854 1.783667
0.950378 0.000787 0.000765 0.000393 0.000022 0.039801 0.007854 1.783749
0.950408 0.000793 0.000762 0.000392 0.000022 0.039769 0.007854 1.783823
0.950442 0.000794 0.000760 0.000387 0.000022 0.039741 0.007854 1.783899
0.950470 0.000805 0.000768 0.000390 0.000022 0.039692 0.007854 1.783978
0.950501 0.000807 0.000759 0.000391 0.000021 0.039666 0.007854 1.784054
0.950533 0.000799 0.000764 0.000389 0.000021 0.039639 0.007855 1.784137
0.950562 0.000798 0.000761 0.000382 0.000021 0.039620 0.007855 1.784222
0.950572 0.000820 0.000760 0.000389 0.000021 0.039584 0.007855 1.784297
0.950572 0.000848 0.000757 0.000382 0.000022 0.039564 0.007855 1.784371
0.950591 0.000855 0.000759 0.000382 0.000022 0.039535 0.007856 1.784455
0.950600 0.000861 0.000778 0.000380 0.000021 0.039504 0.007856 1.784546
0.950627 0.000869 0.000764 0.000380 0.000021 0.039484 0.007856 1.784619
0.950636 0.000882 0.000755 0.000383 0.000020 0.039467 0.007857 1.784694
0.950651 0.000866 0.000777 0.000391 0.000020 0.039438 0.007857 1.784794
0.950674 0.000855 0.000776 0.000390 0.000021 0.039427 0.007857 1.784878
0.950678 0.000870 0.000774 0.000384 0.000021 0.039414 0.007858 1.784959
0.950699 0.000864 0.000773 0.000388 0.000021 0.039397 0.007858 1.785045
0.950719 0.000851 0.000780 0.000395 0.000020 0.039376 0.007859 1.785139
0.950742 0.000857 0.000774 0.000394 0.000019 0.039355 0.007859 1.785216
0.950748 0.000862 0.000765 0.000404 0.000018 0.039344 0.007860 1.785302
0.950766 0.000858 0.000776 0.000399 0.000017 0.039323 0.007860 1.785393
0.950779 0.000868 0.000777 0.000387 0.000019 0.039310 0.007860 1.785466
0.950790 0.000866 0.000776 0.000395 0.000018 0.039293 0.007861 1.785549
0.950813 0.000867 0.000772 0.000401 0.000019 0.039266 0.007861 1.785634
0.950828 0.000877 0.000764 0.000403 0.000019 0.039248 0.007862 1.785717
0.950832 0.000887 0.000775 0.000390 0.000019 0.039235 0.007862 1.785799
0.950856 0.000883 0.000771 0.000388 0.000019 0.039220 0.007862 1.785884
0.950878 0.000874 0.000779 0.000383 0.000020 0.039203 0.007862 1.785968
0.950898 0.000883 0.000776 0.000388 0.000021 0.039171 0.007862 1.786047
0.950912 0.000897 0.000780 0.000381 0.000021 0.039147 0.007862 1.786125
0.950917 0.000900 0.000781 0.000386 0.000021 0.039132 0.007862 1.786216
0.950917 0.000908 0.000782 0.000391 0.000022 0.039119 0.007862 1.786304
0.950946 0.000911 0.000776 0.000391 0.000023 0.039092 0.007862 1.786386
0.950949 0.000905 0.000778 0.000394 0.000022 0.039089 0.007864 1.786481
0.950957 0.000908 0.000782 0.000394 0.000021 0.039074 0.007864 1.786567
0.950980 0.000902 0.000782 0.000391 0.000021 0.039060 0.007864 1.786655
0.950986 0.000911 0.000776 0.000392 0.000022 0.039048 0.007864 1.786742
0.950975 0.000908 0.000785 0.000400 0.000023 0.039044 0.007864 1.786838
0.950982 0.000919 0.000776 0.000399 0.000024 0.039036 0.007864 1.786921
0.950990 0.000919 0.000785 0.000399 0.000024 0.039019 0.007865 1.787009
0.950998 0.000926 0.000790 0.000400 0.000025 0.038997 0.007865 1.787098
0.951006 0.000936 0.000796 0.000397 0.000025 0.038975 0.007865 1.787183
0.951011 0.000930 0.000795 0.000407 0.000025 0.038965 0.007866 1.787276
0.951008 0.000939 0.000793 0.000407 0.000026 0.038961 0.007866 1.787367
0.951018 0.000948 0.000796 0.000402 0.000026 0.038944 0.007866 1.787450
0.951017 0.000930 0.000814 0.000411 0.000026 0.038935 0.007867 1.787550
0.951023 0.000924 0.000826 0.000418 0.000026 0.038916 0.007867 1.787643
0.951028 0.000923 0.000827 0.000419 0.000027 0.038910 0.007867 1.787728
0.951007 0.000938 0.000825 0.000412 0.000028 0.038924 0.007867 1.787818
0.951027 0.000922 0.000822 0.000425 0.000028 0.038910 0.007867 1.787915
0.951021 0.000917 0.000831 0.000432 0.000027 0.038905 0.007867 1.788014
0.951022 0.000925 0.000839 0.000426 0.000026 0.038893 0.007868 1.788093
0.951025 0.000936 0.000834 0.000421 0.000027 0.038888 0.007869 1.788179
0.951014 0.000926 0.000833 0.000427 0.000028 0.038902 0.007869 1.788286
0.951014 0.000929 0.000825 0.000438 0.000025 0.038899 0.007870 1.788380
0.951014 0.000926 0.000820 0.000446 0.000026 0.038898 0.007871 1.788468
0.951011 0.000920 0.000819 0.000439 0.000026 0.038914 0.007871 1.788558
0.951016 0.000928 0.000823 0.000433 0.000026 0.038902 0.007872 1.788643
0.951010 0.000934 0.000838 0.000425 0.000026 0.038895 0.007872 1.788743
0.951008 0.000946 0.000819 0.000428 0.000027 0.038899 0.007872 1.788824
0.951021 0.000923 0.000832 0.000436 0.000027 0.038888 0.007872 1.788927
0.951013 0.000922 0.000849 0.000433 0.000029 0.038881 0.007873 1.789025
0.951012 0.000924 0.000855 0.000431 0.000029 0.038876 0.007873 1.789119
0.951012 0.000931 0.000856 0.000427 0.000030 0.038870 0.007874 1.789208
0.951013 0.000943 0.000856 0.000427 0.000029 0.038857 0.007875 1.789292
0.951039 0.000923 0.000866 0.000424 0.000029 0.038843 0.007875 1.789393
0.951035 0.000926 0.000876 0.000412 0.000031 0.038844 0.007875 1.789488
0.951025 0.000928 0.000874 0.000414 0.000031 0.038852 0.007876 1.789581
0.951023 0.000932 0.000867 0.000418 0.000030 0.038854 0.007876 1.789672
0.951019 0.000945 0.000864 0.000415 0.000028 0.038852 0.007877 1.789757
0.951030 0.000935 0.000855 0.000426 0.000027 0.038850 0.007877 1.789850
0.951040 0.000937 0.000853 0.000430 0.000026 0.038837 0.007877 1.789937
0.951037 0.000945 0.000848 0.000429 0.000026 0.038837 0.007877 1.790025
0.951059 0.000932 0.000846 0.000429 0.000026 0.038830 0.007877 1.790116
0.951066 0.000932 0.000845 0.000427 0.000027 0.038825 0.007877 1.790212
0.951068 0.000921 0.000842 0.000420 0.000026 0.038844 0.007878 1.790311
0.951083 0.000911 0.000839 0.000421 0.000025 0.038843 0.007878 1.790399
0.951082 0.000922 0.000822 0.000427 0.000026 0.038843 0.007878 1.790478
0.951080 0.000928 0.000826 0.000427 0.000026 0.038834 0.007879 1.790563
0.951092 0.000927 0.000831 0.000427 0.000026 0.038818 0.007879 1.790652
0.951117 0.000910 0.000833 0.000425 0.000026 0.038811 0.007879 1.790744
0.951130 0.000904 0.000824 0.000421 0.000027 0.038815 0.007879 1.790825
0.951141 0.000899 0.000826 0.000417 0.000029 0.038808 0.007879 1.790912
0.951144 0.000896 0.000824 0.000416 0.000028 0.038813 0.007880 1.791007
0.951139 0.000894 0.000831 0.000412 0.000029 0.038814 0.007880 1.791100
0.951136 0.000887 0.000826 0.000412 0.000029 0.038829 0.007880 1.791197
0.951142 0.000885 0.000814 0.000419 0.000027 0.038831 0.007882 1.791286
0.951136 0.000904 0.000799 0.000424 0.000026 0.038829 0.007882 1.791364
0.951159 0.000897 0.000798 0.000428 0.000027 0.038807 0.007882 1.791448
0.951183 0.000898 0.000793 0.000421 0.000027 0.038795 0.007882 1.791524
0.951192 0.000901 0.000787 0.000426 0.000028 0.038784 0.007883 1.791610
0.951185 0.000903 0.000788 0.000427 0.000027 0.038788 0.007883 1.791704
0.951202 0.000888 0.000803 0.000423 0.000028 0.038775 0.007883 1.791799
0.951217 0.000875 0.000800 0.000426 0.000028 0.038771 0.007883 1.791890
0.951217 0.000867 0.000808 0.000420 0.000028 0.038776 0.007883 1.791980
0.951234 0.000836 0.000827 0.000420 0.000026 0.038773 0.007884 1.792078
0.951231 0.000850 0.000825 0.000407 0.000027 0.038777 0.007884 1.792155
0.951223 0.000847 0.000820 0.000403 0.000027 0.038797 0.007884 1.792241
0.951225 0.000849 0.000815 0.000406 0.000027 0.038795 0.007884 1.792333
0.951227 0.000841 0.000823 0.000408 0.000028 0.038787 0.007884 1.792424
0.951227 0.000837 0.000828 0.000414 0.000028 0.038781 0.007885 1.792510
0.951231 0.000845 0.000825 0.000413 0.000028 0.038773 0.007885 1.792590
0.951241 0.000845 0.000824 0.000402 0.000027 0.038776 0.007886 1.792674
0.951257 0.000842 0.000815 0.000403 0.000025 0.038771 0.007886 1.792755
0.951258 0.000853 0.000803 0.000406 0.000026 0.038767 0.007887 1.792839
0.951259 0.000857 0.000799 0.000411 0.000025 0.038761 0.007887 1.792923
0.951268 0.000849 0.000790 0.000411 0.000022 0.038771 0.007889 1.793009
0.951278 0.000848 0.000787 0.000412 0.000021 0.038763 0.007890 1.793093
0.951270 0.000851 0.000791 0.000415 0.000021 0.038761 0.007890 1.793180
0.951279 0.000857 0.000792 0.000407 0.000021 0.038752 0.007890 1.793257
0.951274 0.000857 0.000789 0.000407 0.000021 0.038763 0.007890 1.793343
0.951286 0.000840 0.000794 0.000402 0.000022 0.038766 0.007891 1.793430
0.951306 0.000834 0.000793 0.000400 0.000024 0.038751 0.007891 1.793512
0.951323 0.000835 0.000801 0.000395 0.000024 0.038730 0.007891 1.793591
0.951321 0.000850 0.000793 0.000392 0.000022 0.038731 0.007891 1.793665
0.951331 0.000861 0.000786 0.000391 0.000022 0.038718 0.007891 1.793741
0.951335 0.000873 0.000789 0.000382 0.000023 0.038706 0.007891 1.793817
0.951326 0.000879 0.000781 0.000392 0.000022 0.038708 0.007891 1.793901
0.951330 0.000870 0.000785 0.000389 0.000021 0.038714 0.007892 1.793994
0.951340 0.000874 0.000790 0.000386 0.000021 0.038696 0.007893 1.794076
0.951338 0.000892 0.000780 0.000389 0.000019 0.038689 0.007893 1.794150
0.951335 0.000901 0.000776 0.000394 0.000019 0.038682 0.007894 1.794236
0.951327 0.000914 0.000785 0.000394 0.000017 0.038669 0.007894 1.794324
0.951326 0.000911 0.000804 0.000392 0.000017 0.038655 0.007895 1.794423
0.951300 0.000929 0.000814 0.000390 0.000018 0.038654 0.007895 1.794514
0.951295 0.000924 0.000830 0.000386 0.000018 0.038652 0.007895 1.794611
0.951291 0.000926 0.000826 0.000385 0.000017 0.038659 0.007896 1.794695
0.951273 0.000934 0.000827 0.000394 0.000017 0.038658 0.007896 1.794788
0.951272 0.000930 0.000832 0.000402 0.000018 0.038650 0.007896 1.794886
0.951264 0.000940 0.000832 0.000406 0.000018 0.038643 0.007896 1.794968
0.951271 0.000930 0.000842 0.000404 0.000020 0.038636 0.007897 1.795065
0.951255 0.000945 0.000839 0.000408 0.000020 0.038638 0.007897 1.795155
0.951247 0.000955 0.000842 0.000401 0.000020 0.038638 0.007897 1.795241
0.951224 0.000960 0.000860 0.000402 0.000020 0.038638 0.007897 1.795339
0.951200 0.000986 0.000853 0.000397 0.000019 0.038646 0.007898 1.795423
0.951190 0.000982 0.000859 0.000400 0.000020 0.038651 0.007898 1.795527
0.951189 0.000982 0.000867 0.000395 0.000024 0.038647 0.007898 1.795624
0.951181 0.000975 0.000872 0.000398 0.000024 0.038653 0.007898 1.795727
0.951180 0.000970 0.000881 0.000408 0.000024 0.038640 0.007898 1.795824
0.951167 0.000972 0.000878 0.000405 0.000024 0.038657 0.007898 1.795921
0.951159 0.000976 0.000876 0.000407 0.000024 0.038661 0.007898 1.796013
0.951150 0.000985 0.000870 0.000409 0.000025 0.038664 0.007898 1.796104
0.951149 0.000977 0.000863 0.000417 0.000025 0.038670 0.007898 1.796203
0.951146 0.000975 0.000873 0.000415 0.000026 0.038666 0.007898 1.796297
0.951135 0.000974 0.000885 0.000417 0.000025 0.038665 0.007899 1.796398
0.951134 0.000959 0.000903 0.000413 0.000024 0.038668 0.007900 1.796500
0.951110 0.000962 0.000893 0.000415 0.000024 0.038695 0.007900 1.796600
0.951112 0.000953 0.000901 0.000418 0.000024 0.038692 0.007900 1.796701
0.951115 0.000959 0.000900 0.000415 0.000024 0.038686 0.007900 1.796789
0.951105 0.000964 0.000905 0.000423 0.000023 0.038679 0.007900 1.796883
0.951109 0.000971 0.000904 0.000431 0.000023 0.038662 0.007901 1.796971
0.951086 0.000986 0.000894 0.000436 0.000023 0.038674 0.007902 1.797067
0.951072 0.000994 0.000897 0.000429 0.000023 0.038684 0.007902 1.797161
0.951081 0.000982 0.000899 0.000428 0.000023 0.038686 0.007902 1.797259
0.951086 0.000982 0.000889 0.000433 0.000022 0.038687 0.007903 1.797342
0.951081 0.000980 0.000890 0.000428 0.000022 0.038695 0.007903 1.797437
0.951087 0.000977 0.000898 0.000424 0.000022 0.038689 0.007903 1.797531
0.951061 0.000984 0.000895 0.000442 0.000022 0.038693 0.007903 1.797631
0.951032 0.000986 0.000889 0.000445 0.000024 0.038720 0.007903 1.797728
0.951036 0.000979 0.000892 0.000448 0.000025 0.038719 0.007903 1.797823
0.951038 0.000965 0.000902 0.000448 0.000025 0.038720 0.007903 1.797925
0.951022 0.000981 0.000893 0.000443 0.000023 0.038735 0.007904 1.798011
0.951006 0.000991 0.000884 0.000444 0.000023 0.038749 0.007905 1.798102
0.950994 0.000998 0.000887 0.000441 0.000023 0.038752 0.007905 1.798192
0.950981 0.001009 0.000888 0.000442 0.000024 0.038752 0.007905 1.798291
0.950976 0.001006 0.000894 0.000449 0.000025 0.038746 0.007905 1.798396
0.950964 0.001009 0.000900 0.000441 0.000026 0.038755 0.007905 1.798493
0.950968 0.001009 0.000906 0.000448 0.000025 0.038739 0.007905 1.798586
0.950964 0.001002 0.000909 0.000437 0.000024 0.038758 0.007906 1.798682
0.950952 0.000996 0.000922 0.000439 0.000023 0.038763 0.007906 1.798786
0.950945 0.000971 0.000941 0.000449 0.000022 0.038766 0.007907 1.798904
0.950948 0.000972 0.000936 0.000438 0.000024 0.038774 0.007907 1.798991
0.950944 0.000960 0.000926 0.000448 0.000026 0.038789 0.007907 1.799094
0.950933 0.000965 0.000912 0.000454 0.000027 0.038802 0.007907 1.799188
0.950932 0.000979 0.000900 0.000449 0.000026 0.038807 0.007908 1.799273
0.950933 0.000975 0.000901 0.000444 0.000026 0.038814 0.007908 1.799368
0.950929 0.000976 0.000910 0.000445 0.000027 0.038805 0.007908 1.799466
0.950925 0.000973 0.000909 0.000442 0.000028 0.038814 0.007909 1.799559
0.950920 0.000972 0.000922 0.000445 0.000027 0.038805 0.007909 1.799662
0.950908 0.000984 0.000903 0.000449 0.000027 0.038818 0.007910 1.799751
0.950906 0.000976 0.000905 0.000457 0.000025 0.038821 0.007911 1.799849
0.950915 0.000976 0.000910 0.000458 0.000026 0.038804 0.007911 1.799945
0.950916 0.000969 0.000908 0.000454 0.000027 0.038815 0.007911 1.800046
0.950921 0.000965 0.000904 0.000454 0.000027 0.038817 0.007911 1.800145
0.950907 0.000970 0.000912 0.000446 0.000028 0.038827 0.007911 1.800246
0.950911 0.000961 0.000923 0.000441 0.000026 0.038828 0.007912 1.800342
0.950915 0.000956 0.000926 0.000445 0.000027 0.038819 0.007912 1.800441
0.950924 0.000954 0.000923 0.000451 0.000027 0.038808 0.007913 1.800529
0.950919 0.000939 0.000905 0.000464 0.000028 0.038831 0.007914 1.800634
0.950899 0.000944 0.000914 0.000452 0.000026 0.038850 0.007914 1.800732
0.950905 0.000937 0.000919 0.000448 0.000025 0.038852 0.007915 1.800830
0.950901 0.000924 0.000917 0.000442 0.000025 0.038876 0.007915 1.800934
0.950898 0.000923 0.000917 0.000435 0.000027 0.038885 0.007915 1.801029
0.950880 0.000931 0.000924 0.000436 0.000025 0.038889 0.007916 1.801123
0.950885 0.000925 0.000921 0.000438 0.000026 0.038889 0.007916 1.801219
0.950893 0.000915 0.000916 0.000430 0.000026 0.038902 0.007917 1.801313
