0.342058 0.062808 0.056440 0.032621 0.002158 0.497724 0.006193 1.630802
0.344704 0.060351 0.056397 0.032358 0.002161 0.497805 0.006225 1.636859
0.348212 0.057352 0.056166 0.031948 0.002165 0.497910 0.006249 1.642602
0.352233 0.053984 0.055780 0.031493 0.002162 0.498075 0.006273 1.648076
0.356746 0.050646 0.055298 0.030925 0.002164 0.497922 0.006300 1.653195
0.361413 0.047392 0.054697 0.030298 0.002168 0.497702 0.006329 1.658049
0.366284 0.044314 0.053787 0.029610 0.002156 0.497494 0.006356 1.662513
0.371333 0.041379 0.052868 0.028859 0.002157 0.497026 0.006377 1.666684
0.376489 0.038453 0.051862 0.028086 0.002138 0.496563 0.006409 1.670656
0.381588 0.035831 0.050704 0.027248 0.002115 0.496082 0.006432 1.674273
0.386898 0.033384 0.049411 0.026373 0.002088 0.495381 0.006466 1.677650
0.392129 0.031079 0.048156 0.025546 0.002077 0.494516 0.006497 1.680814
0.397642 0.028857 0.046745 0.024712 0.002066 0.493456 0.006522 1.683766
0.403059 0.026813 0.045315 0.023896 0.002046 0.492320 0.006552 1.686543
0.408601 0.024954 0.043969 0.023013 0.002045 0.490844 0.006573 1.689097
0.414013 0.023297 0.042460 0.022141 0.002029 0.489461 0.006598 1.691432
0.419528 0.021790 0.040965 0.021231 0.001994 0.487873 0.006619 1.693574
0.425070 0.020293 0.039506 0.020444 0.001983 0.486060 0.006643 1.695681
0.430641 0.018982 0.038012 0.019572 0.001963 0.484163 0.006667 1.697543
0.436190 0.017777 0.036647 0.018744 0.001925 0.482022 0.006695 1.699308
0.441756 0.016639 0.035254 0.017895 0.001899 0.479840 0.006718 1.700963
0.447179 0.015558 0.033910 0.017095 0.001866 0.477645 0.006747 1.702552
0.452680 0.014591 0.032529 0.016366 0.001844 0.475217 0.006771 1.704005
0.458158 0.013643 0.031233 0.015661 0.001805 0.472703 0.006798 1.705427
0.463616 0.012754 0.029935 0.014957 0.001776 0.470141 0.006821 1.706753
0.468917 0.011967 0.028677 0.014273 0.001738 0.467577 0.006851 1.707988
0.474305 0.011222 0.027524 0.013621 0.001704 0.464749 0.006874 1.709169
0.479699 0.010549 0.026317 0.013034 0.001676 0.461831 0.006895 1.710241
0.485080 0.009940 0.025191 0.012442 0.001652 0.458784 0.006911 1.711246
0.490482 0.009388 0.024048 0.011825 0.001624 0.455700 0.006932 1.712166
0.495737 0.008881 0.022941 0.011271 0.001582 0.452633 0.006955 1.713074
0.501122 0.008417 0.021923 0.010746 0.001541 0.449272 0.006979 1.713909
0.506395 0.007982 0.020904 0.010247 0.001496 0.445976 0.007000 1.714690
0.511556 0.007529 0.019978 0.009797 0.001462 0.442661 0.007018 1.715473
0.516735 0.007135 0.019094 0.009340 0.001437 0.439223 0.007036 1.716184
0.521829 0.006748 0.018231 0.008886 0.001413 0.435839 0.007054 1.716878
0.527008 0.006407 0.017385 0.008489 0.001373 0.432263 0.007075 1.717528
0.532107 0.006136 0.016575 0.008053 0.001337 0.428702 0.007090 1.718101
0.537131 0.005848 0.015824 0.007671 0.001297 0.425116 0.007112 1.718665
0.542078 0.005573 0.015098 0.007313 0.001271 0.421544 0.007123 1.719239
0.547073 0.005325 0.014434 0.006948 0.001243 0.417838 0.007140 1.719752
0.552014 0.005082 0.013793 0.006649 0.001209 0.414092 0.007162 1.720269
0.556904 0.004860 0.013158 0.006323 0.001176 0.410400 0.007180 1.720749
0.561753 0.004659 0.012538 0.006006 0.001146 0.406701 0.007197 1.721219
0.566601 0.004437 0.011980 0.005715 0.001118 0.402936 0.007212 1.721683
0.571468 0.004261 0.011425 0.005450 0.001083 0.399089 0.007224 1.722095
0.576228 0.004077 0.010922 0.005200 0.001055 0.395280 0.007238 1.722520
0.580997 0.003920 0.010437 0.004962 0.001025 0.391406 0.007253 1.722906
0.585716 0.003752 0.009982 0.004725 0.000989 0.387570 0.007266 1.723293
0.590335 0.003616 0.009529 0.004511 0.000965 0.383764 0.007280 1.723646
0.594983 0.003474 0.009143 0.004320 0.000935 0.379851 0.007293 1.723998
0.599547 0.003359 0.008701 0.004126 0.000911 0.376053 0.007304 1.724323
0.604075 0.003252 0.008300 0.003924 0.000889 0.372246 0.007314 1.724625
0.608540 0.003132 0.007956 0.003753 0.000869 0.368429 0.007323 1.724938
0.612926 0.003018 0.007605 0.003600 0.000853 0.364667 0.007331 1.725236
0.617254 0.002931 0.007276 0.003447 0.000829 0.360920 0.007344 1.725524
0.621511 0.002828 0.006983 0.003291 0.000802 0.357230 0.007356 1.725817
0.625740 0.002734 0.006676 0.003145 0.000775 0.353560 0.007370 1.726087
0.630036 0.002655 0.006406 0.003015 0.000751 0.349760 0.007378 1.726347
0.634144 0.002570 0.006140 0.002881 0.000731 0.346150 0.007384 1.726615
0.638368 0.002488 0.005862 0.002755 0.000701 0.342430 0.007397 1.726847
0.642485 0.002415 0.005638 0.002626 0.000674 0.338753 0.007410 1.727088
0.646564 0.002362 0.005390 0.002499 0.000659 0.335110 0.007417 1.727311
0.650638 0.002299 0.005162 0.002389 0.000638 0.331447 0.007428 1.727537
0.654595 0.002238 0.004953 0.002287 0.000620 0.327872 0.007437 1.727747
0.658474 0.002161 0.004737 0.002184 0.000602 0.324399 0.007443 1.727967
0.662331 0.002108 0.004528 0.002090 0.000583 0.320909 0.007452 1.728157
0.666084 0.002051 0.004356 0.001996 0.000565 0.317489 0.007459 1.728353
0.669835 0.002004 0.004178 0.001924 0.000545 0.314046 0.007468 1.728549
0.673644 0.001940 0.004006 0.001846 0.000529 0.310561 0.007475 1.728755
0.677402 0.001890 0.003842 0.001780 0.000511 0.307093 0.007483 1.728939
0.681161 0.001829 0.003691 0.001723 0.000490 0.303611 0.007495 1.729135
0.684753 0.001784 0.003579 0.001660 0.000472 0.300250 0.007503 1.729324
0.688289 0.001752 0.003425 0.001589 0.000452 0.296981 0.007512 1.729483
0.691858 0.001682 0.003307 0.001534 0.000432 0.293670 0.007519 1.729665
0.695321 0.001638 0.003195 0.001467 0.000419 0.290438 0.007522 1.729840
0.698773 0.001578 0.003081 0.001412 0.000407 0.287223 0.007527 1.730015
0.702305 0.001535 0.002970 0.001367 0.000396 0.283897 0.007531 1.730166
0.705745 0.001501 0.002841 0.001317 0.000390 0.280671 0.007537 1.730308
0.709044 0.001469 0.002716 0.001275 0.000377 0.277578 0.007543 1.730460
0.712404 0.001433 0.002622 0.001239 0.000366 0.274389 0.007549 1.730609
0.715715 0.001399 0.002535 0.001199 0.000357 0.271244 0.007551 1.730756
0.718956 0.001379 0.002439 0.001152 0.000345 0.268172 0.007557 1.730880
0.722242 0.001372 0.002351 0.001109 0.000335 0.265029 0.007562 1.730998
0.725467 0.001336 0.002274 0.001077 0.000324 0.261958 0.007566 1.731134
0.728649 0.001292 0.002196 0.001051 0.000310 0.258933 0.007570 1.731266
0.731789 0.001281 0.002142 0.001021 0.000300 0.255894 0.007574 1.731398
0.734815 0.001239 0.002086 0.000976 0.000292 0.253015 0.007578 1.731527
0.737824 0.001216 0.002024 0.000944 0.000282 0.250128 0.007583 1.731653
0.740801 0.001195 0.001961 0.000919 0.000272 0.247264 0.007589 1.731767
0.743767 0.001186 0.001904 0.000898 0.000266 0.244391 0.007590 1.731891
0.746689 0.001179 0.001843 0.000869 0.000259 0.241571 0.007591 1.731999
0.749530 0.001152 0.001800 0.000845 0.000251 0.238828 0.007595 1.732118
0.752429 0.001126 0.001740 0.000828 0.000245 0.236034 0.007599 1.732230
0.755297 0.001107 0.001672 0.000816 0.000237 0.233269 0.007603 1.732333
0.758126 0.001081 0.001606 0.000799 0.000232 0.230551 0.007605 1.732439
0.760861 0.001070 0.001540 0.000777 0.000224 0.227923 0.007607 1.732546
0.763577 0.001025 0.001508 0.000769 0.000216 0.225293 0.007613 1.732670
0.766321 0.001007 0.001458 0.000736 0.000211 0.222651 0.007616 1.732773
0.769042 0.000987 0.001423 0.000709 0.000208 0.220015 0.007617 1.732869
0.771697 0.000982 0.001383 0.000698 0.000201 0.217418 0.007621 1.732965
0.774296 0.000961 0.001347 0.000678 0.000192 0.214901 0.007625 1.733063
0.776943 0.000952 0.001317 0.000656 0.000185 0.212320 0.007628 1.733154
0.779462 0.000937 0.001280 0.000644 0.000176 0.209871 0.007630 1.733248
0.781975 0.000927 0.001249 0.000628 0.000170 0.207419 0.007632 1.733332
0.784497 0.000905 0.001228 0.000623 0.000167 0.204947 0.007634 1.733429
0.786978 0.000900 0.001193 0.000608 0.000164 0.202523 0.007634 1.733512
0.789437 0.000877 0.001154 0.000591 0.000159 0.200148 0.007636 1.733598
0.791891 0.000863 0.001126 0.000577 0.000155 0.197750 0.007639 1.733678
0.794250 0.000845 0.001116 0.000554 0.000149 0.195443 0.007643 1.733761
0.796586 0.000841 0.001091 0.000537 0.000146 0.193156 0.007643 1.733839
0.798888 0.000816 0.001073 0.000527 0.000143 0.190908 0.007645 1.733933
0.801231 0.000797 0.001051 0.000511 0.000142 0.188622 0.007646 1.734011
0.803511 0.000782 0.001031 0.000504 0.000135 0.186388 0.007649 1.734093
0.805732 0.000759 0.001000 0.000492 0.000128 0.184238 0.007652 1.734169
0.807953 0.000741 0.000983 0.000484 0.000128 0.182058 0.007653 1.734248
0.810162 0.000745 0.000954 0.000475 0.000124 0.179887 0.007655 1.734310
0.812354 0.000741 0.000948 0.000460 0.000120 0.177722 0.007657 1.734378
0.814507 0.000735 0.000923 0.000465 0.000116 0.175595 0.007659 1.734445
0.816621 0.000721 0.000902 0.000462 0.000112 0.173522 0.007661 1.734517
0.818740 0.000701 0.000896 0.000459 0.000107 0.171432 0.007665 1.734601
0.820754 0.000706 0.000881 0.000448 0.000104 0.169441 0.007667 1.734667
0.822803 0.000688 0.000873 0.000442 0.000101 0.167426 0.007669 1.734750
0.824825 0.000672 0.000855 0.000433 0.000097 0.165449 0.007670 1.734817
0.826773 0.000674 0.000837 0.000424 0.000092 0.163529 0.007672 1.734875
0.828767 0.000648 0.000831 0.000414 0.000090 0.161578 0.007673 1.734949
0.830754 0.000647 0.000807 0.000402 0.000090 0.159626 0.007674 1.735004
0.832659 0.000635 0.000786 0.000403 0.000089 0.157753 0.007675 1.735074
0.834452 0.000642 0.000761 0.000394 0.000088 0.155986 0.007677 1.735131
0.836288 0.000636 0.000746 0.000392 0.000084 0.154176 0.007679 1.735196
0.838081 0.000620 0.000734 0.000389 0.000080 0.152417 0.007679 1.735264
0.839912 0.000605 0.000724 0.000381 0.000078 0.150622 0.007679 1.735334
0.841696 0.000602 0.000709 0.000381 0.000075 0.148858 0.007680 1.735392
0.843457 0.000609 0.000687 0.000371 0.000073 0.147123 0.007681 1.735443
0.845210 0.000601 0.000682 0.000371 0.000072 0.145384 0.007681 1.735510
0.846960 0.000594 0.000674 0.000368 0.000070 0.143653 0.007682 1.735571
0.848689 0.000597 0.000660 0.000359 0.000068 0.141945 0.007683 1.735619
0.850388 0.000587 0.000651 0.000347 0.000065 0.140279 0.007684 1.735676
0.852075 0.000583 0.000644 0.000342 0.000062 0.138608 0.007687 1.735730
0.853767 0.000586 0.000635 0.000331 0.000061 0.136933 0.007687 1.735779
0.855404 0.000578 0.000634 0.000321 0.000057 0.135318 0.007689 1.735836
0.857036 0.000573 0.000616 0.000319 0.000056 0.133711 0.007690 1.735890
0.858661 0.000565 0.000603 0.000322 0.000055 0.132104 0.007691 1.735941
0.860225 0.000564 0.000599 0.000322 0.000053 0.130546 0.007692 1.735995
0.861769 0.000551 0.000597 0.000316 0.000051 0.129023 0.007694 1.736058
0.863280 0.000552 0.000582 0.000313 0.000051 0.127530 0.007694 1.736104
0.864822 0.000549 0.000566 0.000312 0.000048 0.126009 0.007694 1.736150
0.866311 0.000548 0.000558 0.000303 0.000048 0.124538 0.007695 1.736197
0.867810 0.000546 0.000549 0.000299 0.000044 0.123056 0.007697 1.736249
0.869288 0.000545 0.000543 0.000292 0.000042 0.121593 0.007698 1.736301
0.870738 0.000517 0.000548 0.000290 0.000042 0.120167 0.007698 1.736366
0.872146 0.000518 0.000538 0.000284 0.000040 0.118775 0.007698 1.736413
0.873573 0.000517 0.000532 0.000281 0.000038 0.117360 0.007700 1.736457
0.874981 0.000506 0.000536 0.000278 0.000038 0.115960 0.007700 1.736513
0.876382 0.000495 0.000536 0.000274 0.000036 0.114577 0.007701 1.736559
0.877664 0.000494 0.000523 0.000269 0.000036 0.113313 0.007701 1.736605
0.878983 0.000492 0.000505 0.000269 0.000034 0.112015 0.007703 1.736652
0.880286 0.000486 0.000506 0.000260 0.000034 0.110724 0.007704 1.736702
0.881591 0.000481 0.000500 0.000254 0.000033 0.109437 0.007704 1.736746
0.882823 0.000479 0.000501 0.000248 0.000032 0.108214 0.007705 1.736790
0.884123 0.000471 0.000500 0.000245 0.000031 0.106926 0.007705 1.736838
0.885351 0.000455 0.000503 0.000240 0.000030 0.105716 0.007705 1.736893
0.886564 0.000460 0.000496 0.000240 0.000030 0.104506 0.007705 1.736933
0.887714 0.000454 0.000488 0.000243 0.000029 0.103367 0.007705 1.736981
0.888826 0.000448 0.000491 0.000240 0.000029 0.102262 0.007705 1.737029
0.889977 0.000447 0.000488 0.000231 0.000029 0.101123 0.007706 1.737073
0.891101 0.000443 0.000480 0.000229 0.000027 0.100015 0.007707 1.737112
0.892209 0.000436 0.000477 0.000226 0.000027 0.098917 0.007708 1.737157
0.893234 0.000440 0.000468 0.000225 0.000027 0.097900 0.007708 1.737196
0.894274 0.000435 0.000450 0.000224 0.000026 0.096883 0.007708 1.737237
0.895280 0.000447 0.000444 0.000220 0.000025 0.095877 0.007708 1.737280
0.896270 0.000439 0.000450 0.000218 0.000025 0.094891 0.007708 1.737327
0.897267 0.000437 0.000449 0.000215 0.000022 0.093902 0.007709 1.737366
0.898195 0.000438 0.000447 0.000214 0.000022 0.092976 0.007709 1.737409
0.899106 0.000444 0.000440 0.000215 0.000022 0.092065 0.007709 1.737449
0.900042 0.000452 0.000437 0.000210 0.000020 0.091131 0.007709 1.737485
0.900969 0.000450 0.000433 0.000215 0.000018 0.090207 0.007709 1.737531
0.901872 0.000443 0.000434 0.000214 0.000019 0.089309 0.007710 1.737580
0.902767 0.000437 0.000430 0.000212 0.000018 0.088428 0.007710 1.737622
0.903664 0.000429 0.000430 0.000213 0.000018 0.087537 0.007710 1.737669
0.904587 0.000425 0.000439 0.000216 0.000018 0.086607 0.007710 1.737718
0.905434 0.000438 0.000437 0.000216 0.000018 0.085749 0.007711 1.737754
0.906290 0.000431 0.000441 0.000213 0.000017 0.084898 0.007711 1.737796
0.907116 0.000420 0.000434 0.000210 0.000016 0.084091 0.007712 1.737840
0.907905 0.000418 0.000434 0.000206 0.000017 0.083310 0.007712 1.737882
0.908746 0.000419 0.000436 0.000209 0.000017 0.082462 0.007712 1.737925
0.909503 0.000427 0.000429 0.000207 0.000016 0.081706 0.007712 1.737960
0.910254 0.000425 0.000420 0.000205 0.000016 0.080969 0.007712 1.738002
0.911013 0.000413 0.000422 0.000207 0.000015 0.080219 0.007712 1.738050
0.911732 0.000422 0.000419 0.000209 0.000015 0.079492 0.007712 1.738087
0.912474 0.000420 0.000427 0.000205 0.000014 0.078748 0.007712 1.738131
0.913190 0.000416 0.000426 0.000208 0.000014 0.078034 0.007712 1.738174
0.913895 0.000416 0.000431 0.000206 0.000014 0.077327 0.007712 1.738216
0.914585 0.000421 0.000431 0.000201 0.000014 0.076637 0.007712 1.738256
0.915263 0.000414 0.000433 0.000186 0.000015 0.075978 0.007712 1.738294
0.915909 0.000419 0.000418 0.000187 0.000014 0.075340 0.007713 1.738330
0.916557 0.000405 0.000424 0.000193 0.000014 0.074695 0.007713 1.738381
0.917187 0.000418 0.000416 0.000196 0.000014 0.074056 0.007713 1.738421
0.917824 0.000425 0.000414 0.000197 0.000013 0.073414 0.007714 1.738454
0.918415 0.000413 0.000423 0.000194 0.000012 0.072830 0.007715 1.738502
0.918971 0.000403 0.000415 0.000194 0.000012 0.072291 0.007715 1.738546
0.919573 0.000407 0.000408 0.000195 0.000012 0.071690 0.007715 1.738583
0.920137 0.000402 0.000405 0.000199 0.000011 0.071131 0.007716 1.738626
0.920689 0.000404 0.000401 0.000201 0.000011 0.070580 0.007716 1.738664
0.921274 0.000394 0.000409 0.000201 0.000011 0.069998 0.007716 1.738710
0.921812 0.000374 0.000412 0.000199 0.000011 0.069477 0.007716 1.738755
0.922342 0.000369 0.000415 0.000193 0.000012 0.068955 0.007716 1.738789
0.922891 0.000361 0.000419 0.000189 0.000013 0.068411 0.007716 1.738828
0.923431 0.000362 0.000417 0.000181 0.000013 0.067881 0.007716 1.738865
0.923967 0.000361 0.000416 0.000185 0.000014 0.067342 0.007716 1.738904
0.924485 0.000368 0.000414 0.000180 0.000014 0.066824 0.007716 1.738940
0.925010 0.000361 0.000415 0.000185 0.000015 0.066299 0.007716 1.738981
0.925493 0.000359 0.000412 0.000185 0.000015 0.065821 0.007716 1.739020
0.925976 0.000360 0.000410 0.000179 0.000015 0.065346 0.007716 1.739050
0.926453 0.000362 0.000407 0.000177 0.000014 0.064871 0.007716 1.739087
0.926898 0.000360 0.000401 0.000173 0.000014 0.064437 0.007717 1.739120
0.927355 0.000362 0.000397 0.000173 0.000014 0.063982 0.007717 1.739162
0.927817 0.000375 0.000385 0.000169 0.000014 0.063524 0.007717 1.739189
0.928258 0.000372 0.000386 0.000173 0.000015 0.063079 0.007717 1.739232
0.928700 0.000375 0.000388 0.000174 0.000015 0.062632 0.007717 1.739270
0.929109 0.000382 0.000383 0.000170 0.000014 0.062225 0.007717 1.739303
0.929508 0.000381 0.000385 0.000165 0.000014 0.061832 0.007717 1.739342
0.929893 0.000389 0.000386 0.000168 0.000012 0.061436 0.007717 1.739381
0.930312 0.000390 0.000379 0.000169 0.000012 0.061021 0.007717 1.739417
0.930691 0.000382 0.000380 0.000168 0.000012 0.060652 0.007717 1.739460
0.931082 0.000372 0.000384 0.000166 0.000012 0.060267 0.007717 1.739503
0.931476 0.000366 0.000385 0.000166 0.000012 0.059879 0.007717 1.739543
0.931846 0.000366 0.000385 0.000171 0.000011 0.059506 0.007717 1.739579
0.932215 0.000370 0.000385 0.000171 0.000011 0.059130 0.007717 1.739615
0.932570 0.000369 0.000380 0.000169 0.000010 0.058785 0.007718 1.739648
0.932950 0.000365 0.000378 0.000167 0.000011 0.058411 0.007718 1.739687
0.933305 0.000361 0.000375 0.000168 0.000011 0.058063 0.007718 1.739723
0.933620 0.000360 0.000377 0.000167 0.000012 0.057749 0.007718 1.739756
0.933941 0.000361 0.000379 0.000167 0.000011 0.057424 0.007718 1.739793
0.934249 0.000374 0.000370 0.000168 0.000010 0.057112 0.007719 1.739826
0.934577 0.000371 0.000368 0.000172 0.000010 0.056785 0.007719 1.739866
0.934905 0.000370 0.000378 0.000169 0.000009 0.056451 0.007719 1.739907
0.935184 0.000377 0.000368 0.000169 0.000009 0.056175 0.007719 1.739937
0.935442 0.000377 0.000370 0.000170 0.000010 0.055914 0.007719 1.739979
0.935718 0.000381 0.000371 0.000164 0.000009 0.055638 0.007719 1.740014
0.935985 0.000378 0.000370 0.000163 0.000010 0.055376 0.007719 1.740051
0.936292 0.000378 0.000367 0.000159 0.000010 0.055077 0.007719 1.740086
0.936571 0.000380 0.000361 0.000153 0.000009 0.054807 0.007719 1.740117
0.936829 0.000376 0.000352 0.000159 0.000009 0.054559 0.007719 1.740154
0.937084 0.000373 0.000357 0.000159 0.000008 0.054300 0.007720 1.740191
0.937341 0.000373 0.000359 0.000160 0.000008 0.054040 0.007720 1.740231
0.937589 0.000367 0.000353 0.000161 0.000007 0.053803 0.007720 1.740266
0.937835 0.000361 0.000348 0.000166 0.000008 0.053562 0.007720 1.740304
0.938069 0.000365 0.000343 0.000165 0.000008 0.053331 0.007720 1.740335
0.938291 0.000361 0.000341 0.000166 0.000009 0.053112 0.007720 1.740372
0.938533 0.000366 0.000339 0.000171 0.000009 0.052862 0.007720 1.740404
0.938756 0.000358 0.000344 0.000176 0.000009 0.052637 0.007720 1.740447
0.938990 0.000344 0.000343 0.000181 0.000009 0.052414 0.007721 1.740488
0.939210 0.000344 0.000337 0.000181 0.000007 0.052201 0.007722 1.740519
0.939423 0.000335 0.000346 0.000184 0.000008 0.051983 0.007722 1.740559
0.939642 0.000324 0.000348 0.000182 0.000008 0.051776 0.007722 1.740601
0.939838 0.000329 0.000351 0.000176 0.000008 0.051577 0.007722 1.740633
0.940021 0.000331 0.000352 0.000172 0.000008 0.051396 0.007722 1.740662
0.940229 0.000337 0.000344 0.000172 0.000008 0.051189 0.007722 1.740688
0.940418 0.000337 0.000344 0.000168 0.000007 0.051006 0.007722 1.740725
0.940626 0.000337 0.000344 0.000170 0.000008 0.050794 0.007722 1.740763
0.940821 0.000337 0.000344 0.000173 0.000007 0.050596 0.007723 1.740800
0.941016 0.000332 0.000343 0.000175 0.000008 0.050404 0.007723 1.740839
0.941194 0.000330 0.000343 0.000171 0.000008 0.050232 0.007723 1.740872
0.941395 0.000326 0.000337 0.000173 0.000007 0.050039 0.007724 1.740903
0.941591 0.000326 0.000338 0.000171 0.000007 0.049843 0.007724 1.740935
0.941769 0.000323 0.000341 0.000167 0.000008 0.049669 0.007724 1.740966
0.941924 0.000324 0.000351 0.000162 0.000008 0.049507 0.007724 1.741005
0.942084 0.000321 0.000352 0.000163 0.000009 0.049348 0.007724 1.741041
0.942253 0.000328 0.000350 0.000156 0.000009 0.049181 0.007724 1.741069
0.942425 0.000329 0.000349 0.000155 0.000009 0.049009 0.007725 1.741099
0.942572 0.000325 0.000339 0.000157 0.000008 0.048874 0.007725 1.741133
0.942734 0.000323 0.000332 0.000151 0.000007 0.048729 0.007725 1.741164
0.942900 0.000321 0.000332 0.000153 0.000007 0.048564 0.007725 1.741198
0.943058 0.000327 0.000330 0.000147 0.000007 0.048406 0.007725 1.741229
0.943200 0.000333 0.000321 0.000145 0.000008 0.048269 0.007725 1.741259
0.943336 0.000340 0.000323 0.000142 0.000008 0.048127 0.007725 1.741295
0.943484 0.000339 0.000326 0.000146 0.000009 0.047971 0.007725 1.741332
0.943624 0.000329 0.000335 0.000150 0.000009 0.047829 0.007725 1.741373
0.943758 0.000330 0.000337 0.000146 0.000010 0.047696 0.007725 1.741404
0.943907 0.000325 0.000328 0.000140 0.000010 0.047565 0.007726 1.741432
0.944030 0.000331 0.000330 0.000137 0.000011 0.047436 0.007726 1.741458
0.944147 0.000338 0.000326 0.000136 0.000010 0.047317 0.007726 1.741484
0.944283 0.000324 0.000328 0.000141 0.000010 0.047189 0.007726 1.741528
0.944408 0.000324 0.000325 0.000135 0.000010 0.047071 0.007726 1.741559
0.944542 0.000316 0.000325 0.000141 0.000010 0.046940 0.007726 1.741596
0.944671 0.000314 0.000321 0.000140 0.000009 0.046821 0.007726 1.741630
0.944787 0.000313 0.000321 0.000139 0.000008 0.046706 0.007726 1.741666
0.944905 0.000305 0.000320 0.000145 0.000008 0.046590 0.007726 1.741701
0.945017 0.000314 0.000321 0.000145 0.000008 0.046469 0.007726 1.741733
0.945132 0.000314 0.000307 0.000150 0.000009 0.046362 0.007726 1.741762
0.945244 0.000318 0.000301 0.000151 0.000009 0.046251 0.007726 1.741795
0.945353 0.000320 0.000304 0.000148 0.000009 0.046139 0.007726 1.741824
0.945465 0.000319 0.000305 0.000148 0.000009 0.046029 0.007727 1.741857
0.945565 0.000317 0.000307 0.000148 0.000009 0.045927 0.007727 1.741892
0.945651 0.000316 0.000303 0.000155 0.000010 0.045839 0.007727 1.741928
0.945762 0.000317 0.000301 0.000149 0.000008 0.045737 0.007727 1.741956
0.945858 0.000313 0.000299 0.000149 0.000008 0.045647 0.007727 1.741991
0.945948 0.000316 0.000299 0.000152 0.000008 0.045551 0.007727 1.742024
0.946053 0.000324 0.000295 0.000158 0.000008 0.045436 0.007727 1.742052
0.946157 0.000321 0.000297 0.000156 0.000009 0.045334 0.007727 1.742082
0.946248 0.000327 0.000297 0.000153 0.000009 0.045239 0.007727 1.742111
0.946332 0.000329 0.000293 0.000155 0.000010 0.045156 0.007727 1.742141
0.946424 0.000331 0.000295 0.000153 0.000009 0.045061 0.007727 1.742175
0.946500 0.000333 0.000295 0.000150 0.000009 0.044986 0.007727 1.742206
0.946570 0.000328 0.000298 0.000152 0.000009 0.044917 0.007727 1.742243
0.946654 0.000325 0.000297 0.000151 0.000009 0.044838 0.007727 1.742273
0.946721 0.000332 0.000299 0.000144 0.000010 0.044767 0.007727 1.742300
0.946795 0.000333 0.000302 0.000141 0.000010 0.044692 0.007727 1.742333
0.946875 0.000314 0.000308 0.000144 0.000009 0.044624 0.007727 1.742374
0.946972 0.000306 0.000311 0.000145 0.000010 0.044529 0.007727 1.742409
0.947062 0.000304 0.000306 0.000146 0.000011 0.044444 0.007727 1.742440
0.947143 0.000311 0.000300 0.000142 0.000011 0.044367 0.007727 1.742464
0.947221 0.000310 0.000294 0.000141 0.000010 0.044297 0.007728 1.742495
0.947303 0.000306 0.000294 0.000142 0.000010 0.044217 0.007728 1.742526
0.947364 0.000300 0.000292 0.000143 0.000010 0.044163 0.007728 1.742562
0.947422 0.000301 0.000298 0.000144 0.000010 0.044097 0.007728 1.742594
0.947513 0.000282 0.000297 0.000147 0.000010 0.044023 0.007728 1.742633
0.947580 0.000281 0.000295 0.000152 0.000009 0.043956 0.007729 1.742665
0.947646 0.000276 0.000285 0.000149 0.000010 0.043906 0.007729 1.742694
0.947712 0.000281 0.000282 0.000147 0.000011 0.043840 0.007729 1.742721
0.947779 0.000285 0.000282 0.000140 0.000010 0.043776 0.007729 1.742746
0.947846 0.000286 0.000277 0.000138 0.000011 0.043714 0.007729 1.742770
0.947916 0.000289 0.000272 0.000134 0.000011 0.043650 0.007729 1.742793
0.947981 0.000288 0.000270 0.000131 0.000010 0.043590 0.007729 1.742820
0.948040 0.000280 0.000276 0.000135 0.000010 0.043531 0.007729 1.742857
0.948096 0.000282 0.000274 0.000136 0.000010 0.043473 0.007729 1.742884
0.948157 0.000277 0.000271 0.000138 0.000010 0.043418 0.007729 1.742914
0.948217 0.000281 0.000272 0.000133 0.000010 0.043359 0.007729 1.742938
0.948277 0.000286 0.000272 0.000129 0.000010 0.043298 0.007730 1.742960
0.948322 0.000286 0.000272 0.000126 0.000010 0.043254 0.007730 1.742988
0.948359 0.000288 0.000274 0.000130 0.000010 0.043210 0.007730 1.743016
0.948409 0.000283 0.000276 0.000134 0.000010 0.043158 0.007730 1.743048
0.948458 0.000283 0.000271 0.000135 0.000009 0.043113 0.007730 1.743076
0.948512 0.000284 0.000273 0.000137 0.000009 0.043055 0.007731 1.743105
0.948555 0.000284 0.000281 0.000137 0.000009 0.043004 0.007731 1.743137
0.948591 0.000296 0.000278 0.000136 0.000007 0.042961 0.007731 1.743163
0.948640 0.000286 0.000279 0.000135 0.000007 0.042922 0.007731 1.743195
0.948689 0.000285 0.000284 0.000131 0.000008 0.042873 0.007731 1.743224
0.948726 0.000290 0.000280 0.000126 0.000008 0.042840 0.007731 1.743246
0.948774 0.000284 0.000276 0.000127 0.000007 0.042801 0.007731 1.743277
0.948813 0.000287 0.000275 0.000125 0.000007 0.042763 0.007731 1.743306
0.948862 0.000289 0.000277 0.000125 0.000007 0.042709 0.007731 1.743335
0.948911 0.000286 0.000276 0.000125 0.000007 0.042664 0.007731 1.743364
0.948949 0.000283 0.000279 0.000123 0.000009 0.042627 0.007731 1.743397
0.948986 0.000279 0.000276 0.000122 0.000009 0.042598 0.007731 1.743426
0.949028 0.000283 0.000271 0.000120 0.000008 0.042558 0.007732 1.743448
0.949076 0.000284 0.000264 0.000121 0.000008 0.042515 0.007732 1.743473
0.949110 0.000275 0.000266 0.000125 0.000008 0.042484 0.007732 1.743508
0.949153 0.000263 0.000270 0.000132 0.000008 0.042443 0.007732 1.743544
0.949200 0.000263 0.000265 0.000135 0.000009 0.042397 0.007732 1.743572
0.949235 0.000275 0.000258 0.000134 0.000009 0.042357 0.007732 1.743590
0.949274 0.000270 0.000260 0.000136 0.000009 0.042318 0.007733 1.743615
0.949322 0.000267 0.000260 0.000139 0.000008 0.042271 0.007733 1.743643
0.949358 0.000276 0.000256 0.000138 0.000008 0.042230 0.007733 1.743665
0.949388 0.000277 0.000264 0.000140 0.000008 0.042191 0.007733 1.743697
0.949424 0.000282 0.000263 0.000136 0.000009 0.042154 0.007733 1.743718
0.949446 0.000283 0.000256 0.000140 0.000010 0.042134 0.007733 1.743747
0.949466 0.000289 0.000261 0.000139 0.000010 0.042103 0.007733 1.743777
0.949486 0.000296 0.000263 0.000137 0.000010 0.042077 0.007733 1.743803
0.949532 0.000289 0.000262 0.000140 0.000010 0.042035 0.007733 1.743836
0.949554 0.000295 0.000263 0.000140 0.000010 0.042006 0.007733 1.743864
0.949589 0.000302 0.000259 0.000139 0.000010 0.041968 0.007733 1.743888
0.949616 0.000296 0.000270 0.000141 0.000010 0.041935 0.007733 1.743921
0.949646 0.000295 0.000266 0.000141 0.000011 0.041908 0.007733 1.743951
0.949662 0.000310 0.000260 0.000138 0.000010 0.041886 0.007733 1.743977
0.949684 0.000313 0.000258 0.000137 0.000011 0.041864 0.007733 1.744007
0.949708 0.000312 0.000263 0.000140 0.000011 0.041834 0.007733 1.744040
0.949733 0.000312 0.000261 0.000142 0.000012 0.041808 0.007733 1.744071
0.949752 0.000313 0.000263 0.000148 0.000012 0.041780 0.007733 1.744104
0.949777 0.000303 0.000265 0.000153 0.000011 0.041759 0.007733 1.744138
0.949790 0.000313 0.000263 0.000151 0.000011 0.041739 0.007733 1.744166
0.949801 0.000313 0.000265 0.000158 0.000011 0.041720 0.007733 1.744197
0.949818 0.000312 0.000266 0.000158 0.000011 0.041702 0.007733 1.744235
0.949832 0.000306 0.000267 0.000162 0.000011 0.041690 0.007733 1.744271
0.949859 0.000304 0.000270 0.000159 0.000011 0.041665 0.007733 1.744304
0.949881 0.000309 0.000269 0.000159 0.000010 0.041639 0.007734 1.744329
0.949898 0.000312 0.000269 0.000160 0.000010 0.041618 0.007734 1.744361
0.949919 0.000312 0.000268 0.000163 0.000009 0.041595 0.007734 1.744392
0.949939 0.000307 0.000274 0.000162 0.000009 0.041575 0.007734 1.744424
0.949955 0.000310 0.000279 0.000161 0.000009 0.041553 0.007734 1.744453
0.949976 0.000304 0.000283 0.000161 0.000010 0.041534 0.007734 1.744487
0.949983 0.000305 0.000277 0.000164 0.000010 0.041528 0.007734 1.744517
0.950004 0.000298 0.000283 0.000158 0.000010 0.041513 0.007734 1.744549
0.950020 0.000300 0.000285 0.000152 0.000011 0.041500 0.007734 1.744573
0.950034 0.000304 0.000278 0.000153 0.000011 0.041486 0.007734 1.744602
0.950055 0.000312 0.000278 0.000150 0.000011 0.041462 0.007734 1.744627
0.950071 0.000312 0.000284 0.000144 0.000011 0.041444 0.007734 1.744658
0.950095 0.000308 0.000282 0.000140 0.000010 0.041433 0.007734 1.744687
0.950119 0.000303 0.000282 0.000144 0.000010 0.041407 0.007734 1.744720
0.950138 0.000309 0.000286 0.000140 0.000011 0.041382 0.007734 1.744749
0.950149 0.000314 0.000282 0.000144 0.000010 0.041367 0.007735 1.744780
0.950158 0.000315 0.000273 0.000143 0.000010 0.041365 0.007735 1.744808
0.950173 0.000322 0.000273 0.000140 0.000010 0.041347 0.007736 1.744836
0.950187 0.000329 0.000273 0.000139 0.000010 0.041327 0.007736 1.744864
0.950199 0.000327 0.000275 0.000144 0.000009 0.041310 0.007736 1.744896
0.950212 0.000329 0.000287 0.000141 0.000009 0.041287 0.007736 1.744926
0.950223 0.000336 0.000287 0.000146 0.000008 0.041265 0.007736 1.744959
0.950239 0.000330 0.000284 0.000152 0.000008 0.041252 0.007736 1.744995
0.950241 0.000328 0.000277 0.000156 0.000008 0.041253 0.007736 1.745030
0.950246 0.000333 0.000283 0.000152 0.000008 0.041242 0.007736 1.745059
0.950256 0.000331 0.000285 0.000149 0.000008 0.041235 0.007736 1.745092
0.950264 0.000329 0.000292 0.000147 0.000009 0.041223 0.007736 1.745131
0.950269 0.000334 0.000294 0.000149 0.000010 0.041209 0.007736 1.745165
0.950272 0.000336 0.000293 0.000153 0.000008 0.041201 0.007737 1.745196
0.950280 0.000334 0.000292 0.000157 0.000009 0.041190 0.007737 1.745232
0.950308 0.000327 0.000294 0.000153 0.000009 0.041172 0.007737 1.745263
0.950320 0.000328 0.000294 0.000153 0.000009 0.041158 0.007737 1.745295
0.950333 0.000324 0.000295 0.000158 0.000008 0.041144 0.007737 1.745329
0.950334 0.000327 0.000299 0.000159 0.000008 0.041137 0.007738 1.745362
0.950342 0.000329 0.000299 0.000150 0.000008 0.041135 0.007738 1.745395
0.950350 0.000338 0.000293 0.000148 0.000008 0.041125 0.007738 1.745422
0.950365 0.000340 0.000293 0.000147 0.000009 0.041111 0.007738 1.745454
0.950373 0.000345 0.000296 0.000143 0.000008 0.041096 0.007738 1.745485
0.950384 0.000345 0.000295 0.000143 0.000008 0.041086 0.007738 1.745514
0.950393 0.000337 0.000301 0.000148 0.000009 0.041075 0.007738 1.745555
0.950406 0.000336 0.000299 0.000145 0.000009 0.041068 0.007738 1.745588
0.950404 0.000341 0.000305 0.000141 0.000009 0.041062 0.007738 1.745619
0.950419 0.000334 0.000302 0.000142 0.000009 0.041056 0.007738 1.745653
0.950421 0.000340 0.000297 0.000145 0.000008 0.041051 0.007738 1.745687
0.950421 0.000345 0.000295 0.000145 0.000008 0.041048 0.007738 1.745718
0.950431 0.000349 0.000289 0.000142 0.000008 0.041044 0.007738 1.745748
0.950437 0.000345 0.000292 0.000144 0.000009 0.041035 0.007738 1.745785
0.950444 0.000341 0.000293 0.000146 0.000008 0.041029 0.007738 1.745817
0.950453 0.000348 0.000291 0.000144 0.000010 0.041017 0.007738 1.745845
0.950464 0.000342 0.000291 0.000150 0.000008 0.041008 0.007739 1.745876
0.950474 0.000333 0.000288 0.000155 0.000007 0.041003 0.007740 1.745912
0.950469 0.000336 0.000294 0.000156 0.000007 0.040999 0.007740 1.745952
0.950476 0.000338 0.000286 0.000155 0.000008 0.040997 0.007740 1.745981
0.950488 0.000337 0.000285 0.000155 0.000007 0.040988 0.007740 1.746012
0.950489 0.000336 0.000285 0.000158 0.000008 0.040986 0.007740 1.746049
0.950505 0.000330 0.000287 0.000154 0.000008 0.040976 0.007740 1.746084
0.950516 0.000327 0.000288 0.000153 0.000008 0.040968 0.007740 1.746116
0.950521 0.000324 0.000284 0.000150 0.000008 0.040972 0.007740 1.746150
0.950532 0.000320 0.000285 0.000156 0.000008 0.040958 0.007740 1.746186
0.950540 0.000313 0.000295 0.000152 0.000008 0.040951 0.007740 1.746220
0.950546 0.000308 0.000293 0.000151 0.000008 0.040952 0.007740 1.746252
0.950557 0.000311 0.000293 0.000151 0.000009 0.040939 0.007740 1.746277
0.950566 0.000314 0.000291 0.000147 0.000009 0.040933 0.007740 1.746304
0.950569 0.000314 0.000288 0.000148 0.000009 0.040933 0.007740 1.746333
0.950575 0.000315 0.000287 0.000146 0.000009 0.040928 0.007741 1.746363
0.950577 0.000312 0.000287 0.000147 0.000009 0.040929 0.007741 1.746396
0.950591 0.000300 0.000281 0.000148 0.000009 0.040931 0.007741 1.746433
0.950591 0.000298 0.000285 0.000147 0.000010 0.040928 0.007741 1.746466
0.950600 0.000286 0.000290 0.000148 0.000009 0.040927 0.007741 1.746503
0.950616 0.000285 0.000291 0.000146 0.000009 0.040912 0.007741 1.746529
0.950627 0.000282 0.000294 0.000148 0.000009 0.040900 0.007741 1.746562
0.950628 0.000295 0.000293 0.000144 0.000008 0.040892 0.007741 1.746587
0.950634 0.000298 0.000291 0.000142 0.000009 0.040885 0.007741 1.746613
0.950636 0.000307 0.000284 0.000141 0.000008 0.040883 0.007741 1.746640
0.950635 0.000310 0.000283 0.000135 0.000008 0.040888 0.007741 1.746671
0.950632 0.000318 0.000281 0.000136 0.000009 0.040884 0.007741 1.746702
0.950631 0.000314 0.000282 0.000144 0.000008 0.040879 0.007742 1.746741
0.950633 0.000319 0.000282 0.000148 0.000009 0.040868 0.007742 1.746768
0.950643 0.000317 0.000282 0.000144 0.000011 0.040861 0.007742 1.746798
0.950648 0.000323 0.000287 0.000141 0.000011 0.040848 0.007742 1.746827
0.950647 0.000325 0.000282 0.000141 0.000010 0.040853 0.007742 1.746853
0.950659 0.000328 0.000283 0.000141 0.000010 0.040838 0.007742 1.746877
0.950667 0.000326 0.000284 0.000138 0.000010 0.040834 0.007742 1.746908
0.950662 0.000321 0.000296 0.000137 0.000010 0.040832 0.007742 1.746948
0.950663 0.000329 0.000293 0.000140 0.000011 0.040824 0.007742 1.746976
0.950664 0.000331 0.000300 0.000136 0.000011 0.040816 0.007742 1.747008
0.950671 0.000325 0.000296 0.000138 0.000011 0.040817 0.007742 1.747041
0.950673 0.000333 0.000297 0.000139 0.000010 0.040806 0.007742 1.747069
0.950680 0.000335 0.000296 0.000137 0.000010 0.040800 0.007743 1.747098
0.950685 0.000338 0.000295 0.000137 0.000010 0.040793 0.007743 1.747128
0.950695 0.000334 0.000299 0.000133 0.000010 0.040786 0.007743 1.747159
0.950696 0.000341 0.000302 0.000130 0.000010 0.040779 0.007743 1.747188
0.950702 0.000342 0.000302 0.000126 0.000010 0.040776 0.007743 1.747216
0.950698 0.000345 0.000298 0.000130 0.000009 0.040778 0.007744 1.747250
0.950704 0.000343 0.000306 0.000131 0.000008 0.040766 0.007744 1.747283
0.950718 0.000334 0.000314 0.000131 0.000007 0.040753 0.007744 1.747319
0.950709 0.000335 0.000319 0.000133 0.000007 0.040754 0.007744 1.747356
0.950708 0.000339 0.000317 0.000131 0.000008 0.040755 0.007744 1.747385
0.950709 0.000344 0.000318 0.000128 0.000007 0.040750 0.007744 1.747414
0.950709 0.000350 0.000322 0.000126 0.000008 0.040743 0.007744 1.747444
0.950709 0.000348 0.000326 0.000128 0.000008 0.040738 0.007744 1.747479
0.950700 0.000353 0.000321 0.000130 0.000008 0.040746 0.007744 1.747515
0.950691 0.000355 0.000326 0.000127 0.000008 0.040749 0.007745 1.747553
0.950686 0.000355 0.000329 0.000127 0.000009 0.040749 0.007745 1.747589
0.950677 0.000356 0.000340 0.000129 0.000009 0.040745 0.007745 1.747630
0.950666 0.000366 0.000344 0.000133 0.000008 0.040739 0.007745 1.747665
0.950665 0.000370 0.000333 0.000134 0.000007 0.040746 0.007745 1.747697
0.950655 0.000376 0.000332 0.000138 0.000007 0.040747 0.007745 1.747731
0.950659 0.000374 0.000337 0.000139 0.000007 0.040740 0.007745 1.747768
0.950650 0.000373 0.000332 0.000141 0.000008 0.040751 0.007745 1.747803
0.950637 0.000379 0.000336 0.000147 0.000008 0.040748 0.007745 1.747839
0.950633 0.000370 0.000343 0.000150 0.000009 0.040751 0.007745 1.747884
0.950629 0.000365 0.000342 0.000152 0.000009 0.040757 0.007745 1.747923
0.950636 0.000370 0.000329 0.000156 0.000009 0.040755 0.007745 1.747950
0.950631 0.000371 0.000334 0.000156 0.000009 0.040754 0.007745 1.747987
0.950628 0.000369 0.000323 0.000159 0.000010 0.040767 0.007746 1.748022
0.950614 0.000375 0.000318 0.000160 0.000010 0.040778 0.007746 1.748057
0.950615 0.000378 0.000325 0.000158 0.000011 0.040768 0.007746 1.748093
0.950608 0.000372 0.000328 0.000164 0.000011 0.040772 0.007746 1.748135
0.950601 0.000368 0.000336 0.000163 0.000012 0.040773 0.007746 1.748176
0.950598 0.000364 0.000338 0.000158 0.000012 0.040784 0.007746 1.748213
0.950607 0.000350 0.000341 0.000156 0.000012 0.040787 0.007746 1.748254
0.950596 0.000350 0.000344 0.000154 0.000012 0.040797 0.007746 1.748290
0.950594 0.000353 0.000334 0.000157 0.000012 0.040804 0.007746 1.748324
0.950585 0.000353 0.000340 0.000157 0.000012 0.040807 0.007746 1.748360
0.950580 0.000351 0.000341 0.000156 0.000012 0.040814 0.007746 1.748399
0.950580 0.000340 0.000340 0.000159 0.000011 0.040824 0.007747 1.748441
0.950583 0.000328 0.000345 0.000160 0.000012 0.040826 0.007747 1.748484
0.950582 0.000329 0.000334 0.000163 0.000011 0.040835 0.007747 1.748514
0.950576 0.000315 0.000337 0.000164 0.000010 0.040850 0.007747 1.748560
0.950581 0.000317 0.000331 0.000166 0.000010 0.040847 0.007747 1.748590
0.950582 0.000315 0.000327 0.000163 0.000010 0.040854 0.007748 1.748623
0.950581 0.000320 0.000323 0.000162 0.000010 0.040857 0.007748 1.748653
0.950586 0.000316 0.000323 0.000159 0.000010 0.040858 0.007748 1.748687
0.950591 0.000306 0.000323 0.000163 0.000010 0.040859 0.007748 1.748727
0.950591 0.000309 0.000326 0.000159 0.000010 0.040859 0.007748 1.748758
0.950578 0.000324 0.000320 0.000156 0.000009 0.040864 0.007749 1.748785
0.950590 0.000317 0.000316 0.000155 0.000010 0.040865 0.007749 1.748819
0.950598 0.000314 0.000310 0.000154 0.000010 0.040865 0.007749 1.748851
0.950593 0.000319 0.000308 0.000157 0.000011 0.040863 0.007749 1.748882
0.950591 0.000325 0.000300 0.000155 0.000010 0.040870 0.007749 1.748908
0.950599 0.000327 0.000301 0.000155 0.000010 0.040861 0.007749 1.748940
0.950597 0.000333 0.000297 0.000156 0.000011 0.040858 0.007749 1.748970
0.950593 0.000328 0.000297 0.000155 0.000011 0.040869 0.007749 1.749007
0.950585 0.000331 0.000295 0.000157 0.000010 0.040872 0.007749 1.749038
0.950590 0.000329 0.000292 0.000161 0.000010 0.040869 0.007749 1.749070
0.950594 0.000323 0.000295 0.000162 0.000010 0.040869 0.007749 1.749108
0.950602 0.000321 0.000288 0.000158 0.000009 0.040874 0.007749 1.749136
0.950599 0.000325 0.000284 0.000154 0.000008 0.040882 0.007749 1.749163
0.950597 0.000320 0.000292 0.000156 0.000009 0.040879 0.007749 1.749200
0.950598 0.000313 0.000292 0.000155 0.000009 0.040885 0.007749 1.749239
0.950597 0.000317 0.000289 0.000152 0.000008 0.040889 0.007749 1.749267
0.950593 0.000320 0.000286 0.000150 0.000009 0.040894 0.007749 1.749296
0.950593 0.000321 0.000289 0.000152 0.000007 0.040890 0.007749 1.749329
0.950606 0.000315 0.000292 0.000156 0.000006 0.040876 0.007749 1.749363
0.950605 0.000325 0.000284 0.000152 0.000006 0.040879 0.007749 1.749389
0.950600 0.000324 0.000285 0.000156 0.000006 0.040880 0.007749 1.749423
0.950605 0.000323 0.000282 0.000155 0.000005 0.040881 0.007749 1.749452
0.950600 0.000328 0.000279 0.000150 0.000006 0.040889 0.007749 1.749482
0.950599 0.000330 0.000280 0.000147 0.000006 0.040890 0.007749 1.749514
0.950612 0.000337 0.000275 0.000146 0.000006 0.040875 0.007749 1.749538
0.950622 0.000333 0.000279 0.000150 0.000006 0.040861 0.007749 1.749569
0.950632 0.000329 0.000284 0.000149 0.000006 0.040850 0.007749 1.749600
0.950640 0.000322 0.000294 0.000149 0.000006 0.040840 0.007750 1.749635
0.950649 0.000316 0.000294 0.000149 0.000005 0.040838 0.007750 1.749670
0.950656 0.000315 0.000291 0.000150 0.000005 0.040833 0.007750 1.749701
0.950664 0.000310 0.000292 0.000148 0.000007 0.040830 0.007750 1.749730
0.950676 0.000302 0.000288 0.000147 0.000007 0.040830 0.007750 1.749760
0.950676 0.000302 0.000289 0.000148 0.000008 0.040827 0.007750 1.749793
0.950680 0.000307 0.000285 0.000149 0.000007 0.040822 0.007750 1.749823
0.950683 0.000301 0.000282 0.000147 0.000008 0.040829 0.007750 1.749855
0.950672 0.000309 0.000280 0.000148 0.000007 0.040835 0.007750 1.749885
0.950680 0.000309 0.000271 0.000149 0.000007 0.040834 0.007750 1.749911
0.950679 0.000320 0.000264 0.000145 0.000007 0.040835 0.007750 1.749934
0.950681 0.000315 0.000264 0.000151 0.000008 0.040831 0.007750 1.749969
0.950681 0.000312 0.000263 0.000152 0.000008 0.040834 0.007750 1.750000
0.950689 0.000300 0.000269 0.000154 0.000008 0.040830 0.007750 1.750032
0.950701 0.000289 0.000276 0.000154 0.000007 0.040822 0.007750 1.750068
0.950697 0.000296 0.000273 0.000157 0.000007 0.040821 0.007750 1.750094
