0.341959 0.063105 0.056414 0.032711 0.002119 0.497520 0.006172 1.631863
0.343974 0.061178 0.056413 0.032439 0.002114 0.497681 0.006201 1.637937
0.346723 0.058655 0.056338 0.032146 0.002126 0.497784 0.006229 1.643887
0.349839 0.056194 0.055941 0.031819 0.002132 0.497822 0.006255 1.649397
0.353362 0.053459 0.055521 0.031469 0.002120 0.497789 0.006281 1.654832
0.357178 0.050839 0.054886 0.030937 0.002116 0.497741 0.006304 1.659890
0.361075 0.048311 0.054251 0.030413 0.002109 0.497508 0.006332 1.664735
0.365150 0.045755 0.053519 0.029852 0.002106 0.497257 0.006362 1.669432
0.369296 0.043527 0.052541 0.029242 0.002097 0.496908 0.006390 1.673766
0.373488 0.041379 0.051620 0.028582 0.002085 0.496426 0.006418 1.677871
0.377849 0.039317 0.050473 0.027960 0.002076 0.495884 0.006440 1.681798
0.382269 0.037369 0.049409 0.027284 0.002054 0.495144 0.006470 1.685556
0.386730 0.035555 0.048255 0.026553 0.002060 0.494357 0.006490 1.689123
0.391195 0.033890 0.047141 0.025781 0.002056 0.493423 0.006513 1.692449
0.395663 0.032283 0.045975 0.025052 0.002037 0.492446 0.006542 1.695666
0.400222 0.030791 0.044777 0.024299 0.002017 0.491327 0.006568 1.698730
0.404982 0.029354 0.043509 0.023582 0.002001 0.489975 0.006598 1.701685
0.409683 0.028053 0.042313 0.022887 0.001973 0.488468 0.006622 1.704439
0.414417 0.026865 0.041077 0.022114 0.001964 0.486917 0.006646 1.707041
0.419096 0.025708 0.039879 0.021442 0.001935 0.485272 0.006668 1.709607
0.423814 0.024562 0.038726 0.020762 0.001915 0.483529 0.006693 1.712111
0.428395 0.023545 0.037562 0.020115 0.001897 0.481767 0.006720 1.714489
0.433024 0.022622 0.036380 0.019493 0.001880 0.479858 0.006743 1.716747
0.437666 0.021755 0.035304 0.018905 0.001842 0.477760 0.006767 1.718922
0.442239 0.020962 0.034212 0.018314 0.001809 0.475670 0.006795 1.721025
0.446840 0.020207 0.033125 0.017680 0.001782 0.473549 0.006818 1.723012
0.451537 0.019467 0.032149 0.017081 0.001765 0.471161 0.006841 1.724993
0.456186 0.018879 0.031107 0.016570 0.001737 0.468654 0.006867 1.726832
0.460841 0.018294 0.030133 0.016041 0.001726 0.466079 0.006885 1.728649
0.465441 0.017719 0.029138 0.015512 0.001693 0.463586 0.006910 1.730420
0.470000 0.017227 0.028190 0.014989 0.001661 0.460999 0.006934 1.732078
0.474597 0.016681 0.027396 0.014486 0.001634 0.458249 0.006957 1.733776
0.479198 0.016247 0.026537 0.013991 0.001592 0.455450 0.006984 1.735362
0.483709 0.015784 0.025723 0.013575 0.001554 0.452646 0.007008 1.736976
0.488203 0.015388 0.024858 0.013170 0.001520 0.449832 0.007030 1.738490
0.492732 0.015052 0.024027 0.012788 0.001484 0.446869 0.007048 1.739974
0.497252 0.014670 0.023250 0.012381 0.001458 0.443918 0.007071 1.741434
0.501861 0.014332 0.022547 0.012003 0.001446 0.440727 0.007085 1.742867
0.506379 0.013991 0.021877 0.011638 0.001425 0.437588 0.007103 1.744268
0.510771 0.013636 0.021258 0.011318 0.001401 0.434494 0.007123 1.745664
0.515207 0.013369 0.020586 0.011015 0.001371 0.431313 0.007138 1.746985
0.519618 0.013105 0.019950 0.010662 0.001355 0.428156 0.007155 1.748263
0.523855 0.012824 0.019388 0.010391 0.001323 0.425049 0.007171 1.749543
0.528166 0.012612 0.018802 0.010088 0.001305 0.421842 0.007185 1.750780
0.532421 0.012357 0.018216 0.009828 0.001273 0.418703 0.007202 1.751989
0.536612 0.012206 0.017687 0.009554 0.001251 0.415471 0.007219 1.753152
0.540703 0.012068 0.017195 0.009316 0.001224 0.412254 0.007241 1.754312
0.544874 0.011895 0.016725 0.009104 0.001199 0.408950 0.007253 1.755481
0.548965 0.011712 0.016283 0.008868 0.001173 0.405733 0.007266 1.756643
0.553069 0.011529 0.015905 0.008604 0.001150 0.402462 0.007283 1.757763
0.557044 0.011378 0.015522 0.008371 0.001132 0.399257 0.007297 1.758897
0.561054 0.011239 0.015134 0.008198 0.001110 0.395952 0.007313 1.760003
0.565091 0.011074 0.014781 0.008003 0.001086 0.392641 0.007325 1.761108
0.568961 0.011000 0.014409 0.007774 0.001075 0.389443 0.007337 1.762172
0.572827 0.010885 0.014119 0.007594 0.001050 0.386172 0.007354 1.763240
0.576657 0.010765 0.013784 0.007406 0.001026 0.382996 0.007367 1.764285
0.580441 0.010750 0.013432 0.007243 0.001000 0.379757 0.007379 1.765264
0.584351 0.010615 0.013182 0.007073 0.000982 0.376403 0.007393 1.766336
0.588032 0.010530 0.012958 0.006932 0.000962 0.373183 0.007404 1.767402
0.591693 0.010467 0.012705 0.006797 0.000943 0.369982 0.007414 1.768441
0.595463 0.010374 0.012473 0.006678 0.000919 0.366665 0.007429 1.769453
0.598986 0.010347 0.012225 0.006560 0.000893 0.363551 0.007440 1.770439
0.602617 0.010284 0.011976 0.006472 0.000871 0.360327 0.007453 1.771450
0.606169 0.010283 0.011746 0.006405 0.000852 0.357077 0.007467 1.772433
0.609701 0.010241 0.011558 0.006319 0.000829 0.353875 0.007478 1.773446
0.613194 0.010211 0.011385 0.006246 0.000814 0.350663 0.007487 1.774441
0.616586 0.010187 0.011225 0.006175 0.000798 0.347532 0.007497 1.775429
0.619966 0.010133 0.011078 0.006091 0.000779 0.344444 0.007509 1.776434
0.623254 0.010105 0.010888 0.005997 0.000751 0.341486 0.007519 1.777415
0.626595 0.010051 0.010790 0.005893 0.000732 0.338409 0.007531 1.778426
0.629799 0.010069 0.010661 0.005851 0.000716 0.335363 0.007542 1.779419
0.633007 0.010019 0.010529 0.005771 0.000702 0.332422 0.007551 1.780396
0.636136 0.010031 0.010433 0.005695 0.000687 0.329457 0.007562 1.781378
0.639335 0.010027 0.010278 0.005643 0.000676 0.326467 0.007574 1.782366
0.642486 0.010018 0.010237 0.005571 0.000663 0.323437 0.007588 1.783343
0.645519 0.010040 0.010159 0.005517 0.000653 0.320515 0.007598 1.784313
0.648508 0.009985 0.010072 0.005502 0.000634 0.317693 0.007607 1.785319
0.651479 0.010004 0.010028 0.005450 0.000620 0.314803 0.007616 1.786306
0.654478 0.009954 0.009921 0.005390 0.000603 0.312027 0.007626 1.787270
0.657472 0.009986 0.009805 0.005346 0.000596 0.309162 0.007634 1.788227
0.660262 0.010052 0.009691 0.005275 0.000587 0.306494 0.007640 1.789167
0.663095 0.010099 0.009663 0.005218 0.000572 0.303705 0.007649 1.790130
0.665919 0.010135 0.009636 0.005166 0.000558 0.300928 0.007657 1.791092
0.668737 0.010143 0.009567 0.005176 0.000543 0.298167 0.007669 1.792087
0.671387 0.010149 0.009552 0.005182 0.000541 0.295514 0.007676 1.793105
0.674015 0.010190 0.009502 0.005174 0.000530 0.292907 0.007682 1.794112
0.676569 0.010227 0.009486 0.005183 0.000516 0.290332 0.007688 1.795119
0.679191 0.010227 0.009492 0.005191 0.000508 0.287697 0.007695 1.796172
0.681792 0.010226 0.009463 0.005200 0.000499 0.285120 0.007701 1.797179
0.684305 0.010300 0.009448 0.005178 0.000500 0.282563 0.007708 1.798184
0.686860 0.010294 0.009448 0.005193 0.000491 0.279998 0.007716 1.799213
0.689321 0.010341 0.009446 0.005190 0.000485 0.277496 0.007721 1.800243
0.691656 0.010429 0.009402 0.005165 0.000483 0.275137 0.007728 1.801250
0.693933 0.010519 0.009404 0.005141 0.000474 0.272796 0.007733 1.802264
0.696292 0.010536 0.009411 0.005122 0.000475 0.270429 0.007736 1.803311
0.698511 0.010595 0.009446 0.005126 0.000467 0.268114 0.007743 1.804363
0.700760 0.010679 0.009459 0.005127 0.000462 0.265763 0.007749 1.805389
0.702920 0.010747 0.009470 0.005138 0.000457 0.263515 0.007754 1.806442
0.705143 0.010789 0.009497 0.005174 0.000447 0.261190 0.007760 1.807524
0.707246 0.010896 0.009516 0.005176 0.000438 0.258965 0.007764 1.808588
0.709155 0.011032 0.009525 0.005169 0.000443 0.256907 0.007770 1.809661
0.711198 0.011085 0.009588 0.005190 0.000438 0.254724 0.007776 1.810766
0.713169 0.011177 0.009621 0.005186 0.000429 0.252637 0.007782 1.811848
0.715090 0.011300 0.009657 0.005195 0.000427 0.250546 0.007785 1.812936
0.717048 0.011419 0.009616 0.005249 0.000422 0.248456 0.007792 1.814032
0.719013 0.011501 0.009666 0.005279 0.000419 0.246324 0.007797 1.815144
0.720863 0.011649 0.009712 0.005297 0.000420 0.244259 0.007801 1.816269
0.722681 0.011737 0.009775 0.005313 0.000420 0.242270 0.007805 1.817419
0.724388 0.011889 0.009825 0.005336 0.000424 0.240331 0.007808 1.818558
0.726104 0.012028 0.009854 0.005352 0.000420 0.238432 0.007811 1.819724
0.727801 0.012076 0.009906 0.005397 0.000420 0.236586 0.007814 1.820930
0.729470 0.012169 0.009971 0.005458 0.000412 0.234701 0.007820 1.822145
0.731148 0.012295 0.010041 0.005475 0.000409 0.232805 0.007828 1.823326
0.732677 0.012460 0.010134 0.005470 0.000406 0.231018 0.007834 1.824501
0.734199 0.012542 0.010187 0.005507 0.000403 0.229322 0.007841 1.825741
0.735627 0.012654 0.010261 0.005556 0.000402 0.227654 0.007846 1.827003
0.737095 0.012797 0.010325 0.005603 0.000403 0.225926 0.007851 1.828226
0.738576 0.012962 0.010410 0.005619 0.000400 0.224176 0.007857 1.829440
0.739970 0.013090 0.010480 0.005662 0.000403 0.222534 0.007862 1.830716
0.741386 0.013115 0.010642 0.005696 0.000399 0.220895 0.007869 1.832069
0.742763 0.013290 0.010659 0.005717 0.000397 0.219301 0.007872 1.833311
0.744181 0.013331 0.010735 0.005788 0.000390 0.217696 0.007879 1.834642
0.745503 0.013462 0.010782 0.005835 0.000385 0.216148 0.007884 1.835945
0.746710 0.013647 0.010820 0.005868 0.000384 0.214685 0.007887 1.837235
0.747886 0.013793 0.010878 0.005906 0.000385 0.213262 0.007890 1.838545
0.749067 0.013908 0.011017 0.005939 0.000376 0.211794 0.007899 1.839898
0.750219 0.013979 0.011105 0.005997 0.000372 0.210424 0.007904 1.841244
0.751377 0.014076 0.011215 0.006077 0.000367 0.208983 0.007905 1.842621
0.752416 0.014234 0.011298 0.006142 0.000367 0.207635 0.007909 1.844010
0.753445 0.014435 0.011328 0.006209 0.000367 0.206303 0.007914 1.845354
0.754465 0.014555 0.011449 0.006266 0.000366 0.204979 0.007919 1.846795
0.755483 0.014676 0.011572 0.006296 0.000368 0.203683 0.007922 1.848211
0.756446 0.014901 0.011617 0.006356 0.000368 0.202384 0.007926 1.849595
0.757317 0.015022 0.011732 0.006405 0.000368 0.201224 0.007931 1.851078
0.758207 0.015160 0.011857 0.006467 0.000372 0.200005 0.007933 1.852576
0.759025 0.015307 0.011948 0.006522 0.000380 0.198879 0.007939 1.854043
0.759961 0.015388 0.012080 0.006610 0.000378 0.197639 0.007945 1.855549
0.760821 0.015457 0.012247 0.006717 0.000381 0.196429 0.007949 1.857109
0.761484 0.015656 0.012354 0.006801 0.000383 0.195367 0.007954 1.858648
0.762245 0.015744 0.012427 0.006853 0.000386 0.194385 0.007960 1.860206
0.763009 0.015918 0.012525 0.006908 0.000382 0.193294 0.007965 1.861718
0.763645 0.016149 0.012608 0.006924 0.000386 0.192318 0.007969 1.863262
0.764345 0.016215 0.012740 0.007023 0.000389 0.191314 0.007974 1.864900
0.765006 0.016342 0.012862 0.007070 0.000393 0.190349 0.007978 1.866519
0.765617 0.016504 0.012936 0.007094 0.000399 0.189470 0.007981 1.868091
0.766294 0.016611 0.013083 0.007193 0.000393 0.188440 0.007985 1.869736
0.766859 0.016753 0.013177 0.007264 0.000397 0.187561 0.007988 1.871360
0.767402 0.016890 0.013277 0.007294 0.000397 0.186748 0.007993 1.872997
0.767959 0.017019 0.013408 0.007396 0.000407 0.185815 0.007996 1.874657
0.768542 0.017085 0.013487 0.007485 0.000409 0.184991 0.008001 1.876315
0.769044 0.017247 0.013585 0.007551 0.000406 0.184163 0.008005 1.877984
0.769411 0.017431 0.013709 0.007608 0.000405 0.183430 0.008008 1.879678
0.769862 0.017503 0.013831 0.007681 0.000406 0.182704 0.008013 1.881453
0.770296 0.017596 0.013959 0.007738 0.000416 0.181979 0.008017 1.883197
0.770666 0.017745 0.014103 0.007801 0.000417 0.181248 0.008020 1.884921
0.771062 0.017842 0.014240 0.007888 0.000421 0.180525 0.008023 1.886706
0.771428 0.017935 0.014372 0.007956 0.000426 0.179853 0.008030 1.888499
0.771806 0.018011 0.014484 0.008021 0.000430 0.179213 0.008034 1.890255
0.772201 0.018002 0.014660 0.008089 0.000425 0.178584 0.008041 1.892085
0.772467 0.018153 0.014787 0.008110 0.000424 0.178017 0.008043 1.893874
0.772709 0.018331 0.014806 0.008202 0.000427 0.177478 0.008047 1.895622
0.773029 0.018499 0.014922 0.008217 0.000425 0.176854 0.008053 1.897399
0.773369 0.018592 0.015033 0.008239 0.000433 0.176275 0.008059 1.899211
0.773583 0.018735 0.015182 0.008254 0.000434 0.175747 0.008066 1.901024
0.773821 0.018893 0.015343 0.008320 0.000435 0.175116 0.008072 1.902878
0.774028 0.019010 0.015462 0.008362 0.000438 0.174624 0.008077 1.904744
0.774263 0.019055 0.015576 0.008454 0.000449 0.174120 0.008082 1.906638
0.774404 0.019211 0.015691 0.008540 0.000451 0.173616 0.008087 1.908483
0.774472 0.019459 0.015783 0.008567 0.000453 0.173172 0.008094 1.910347
0.774654 0.019616 0.015890 0.008588 0.000453 0.172701 0.008100 1.912199
0.774753 0.019670 0.016038 0.008661 0.000458 0.172314 0.008107 1.914187
0.774845 0.019819 0.016145 0.008736 0.000456 0.171885 0.008114 1.916111
0.774943 0.020013 0.016254 0.008803 0.000466 0.171401 0.008121 1.918012
0.774995 0.020084 0.016373 0.008857 0.000463 0.171102 0.008126 1.919986
0.775076 0.020119 0.016515 0.008927 0.000465 0.170767 0.008132 1.922005
0.775099 0.020255 0.016632 0.008977 0.000467 0.170428 0.008142 1.923969
0.775072 0.020454 0.016710 0.009044 0.000473 0.170100 0.008148 1.925938
0.775173 0.020513 0.016818 0.009107 0.000469 0.169763 0.008156 1.927937
0.775261 0.020618 0.016903 0.009179 0.000471 0.169407 0.008161 1.929933
0.775171 0.020756 0.016977 0.009265 0.000478 0.169186 0.008167 1.931985
0.775225 0.020811 0.017058 0.009312 0.000483 0.168934 0.008177 1.934021
0.775259 0.020852 0.017130 0.009389 0.000488 0.168701 0.008181 1.936070
0.775247 0.020958 0.017219 0.009413 0.000489 0.168487 0.008186 1.938086
0.775248 0.020980 0.017275 0.009473 0.000484 0.168344 0.008197 1.940131
0.775296 0.021019 0.017375 0.009493 0.000493 0.168121 0.008203 1.942193
0.775246 0.021153 0.017451 0.009520 0.000498 0.167925 0.008208 1.944207
0.775280 0.021184 0.017499 0.009536 0.000507 0.167783 0.008212 1.946231
0.775209 0.021278 0.017579 0.009599 0.000504 0.167612 0.008220 1.948311
0.775141 0.021260 0.017701 0.009662 0.000503 0.167510 0.008224 1.950430
0.775148 0.021275 0.017709 0.009685 0.000509 0.167442 0.008232 1.952495
0.775144 0.021271 0.017802 0.009730 0.000510 0.167305 0.008239 1.954597
0.775099 0.021291 0.017819 0.009748 0.000511 0.167289 0.008242 1.956656
0.774985 0.021420 0.017891 0.009798 0.000516 0.167140 0.008249 1.958729
0.775061 0.021357 0.017973 0.009879 0.000525 0.166951 0.008256 1.960865
0.775027 0.021397 0.018016 0.009894 0.000527 0.166878 0.008261 1.962955
0.775012 0.021396 0.018119 0.009926 0.000531 0.166749 0.008266 1.965060
0.774948 0.021409 0.018176 0.009977 0.000536 0.166684 0.008271 1.967174
0.774999 0.021387 0.018225 0.010033 0.000538 0.166542 0.008277 1.969272
0.774975 0.021414 0.018252 0.009983 0.000542 0.166552 0.008282 1.971360
0.774954 0.021495 0.018246 0.009986 0.000543 0.166488 0.008288 1.973386
0.774866 0.021520 0.018284 0.010071 0.000554 0.166413 0.008292 1.975513
0.774785 0.021491 0.018315 0.010105 0.000553 0.166453 0.008299 1.977650
0.774749 0.021558 0.018351 0.010108 0.000564 0.166366 0.008303 1.979720
0.774683 0.021491 0.018447 0.010204 0.000565 0.166300 0.008309 1.981901
0.774632 0.021524 0.018455 0.010205 0.000565 0.166305 0.008314 1.984009
0.774596 0.021497 0.018528 0.010252 0.000563 0.166244 0.008320 1.986149
0.774538 0.021517 0.018550 0.010304 0.000566 0.166199 0.008326 1.988265
0.774510 0.021505 0.018615 0.010318 0.000566 0.166154 0.008332 1.990377
0.774526 0.021502 0.018623 0.010296 0.000564 0.166152 0.008337 1.992466
0.774442 0.021475 0.018676 0.010254 0.000559 0.166247 0.008347 1.994589
0.774406 0.021513 0.018693 0.010305 0.000561 0.166169 0.008353 1.996700
0.774483 0.021395 0.018731 0.010296 0.000554 0.166178 0.008362 1.998821
0.774448 0.021409 0.018685 0.010295 0.000555 0.166243 0.008366 2.000902
0.774522 0.021439 0.018666 0.010289 0.000555 0.166155 0.008375 2.002978
0.774573 0.021373 0.018736 0.010254 0.000556 0.166129 0.008380 2.005081
0.774558 0.021329 0.018748 0.010241 0.000562 0.166173 0.008389 2.007229
0.774556 0.021313 0.018763 0.010297 0.000570 0.166105 0.008394 2.009307
0.774640 0.021245 0.018823 0.010314 0.000570 0.166004 0.008402 2.011426
0.774726 0.021190 0.018858 0.010297 0.000571 0.165950 0.008407 2.013506
0.774736 0.021099 0.018921 0.010285 0.000566 0.165975 0.008418 2.015649
0.774713 0.021125 0.018870 0.010235 0.000561 0.166070 0.008426 2.017654
0.774693 0.021136 0.018844 0.010290 0.000554 0.166051 0.008433 2.019742
0.774786 0.021077 0.018829 0.010287 0.000564 0.166018 0.008440 2.021801
0.774750 0.021043 0.018845 0.010277 0.000570 0.166069 0.008447 2.023868
0.774820 0.020971 0.018837 0.010325 0.000576 0.166017 0.008454 2.025946
0.774949 0.020842 0.018815 0.010322 0.000573 0.166036 0.008464 2.028027
0.775067 0.020738 0.018859 0.010273 0.000569 0.166024 0.008469 2.030107
0.775128 0.020656 0.018900 0.010286 0.000578 0.165977 0.008474 2.032191
0.775229 0.020618 0.018844 0.010222 0.000584 0.166023 0.008480 2.034202
0.775319 0.020610 0.018779 0.010214 0.000589 0.166004 0.008485 2.036191
0.775415 0.020534 0.018723 0.010239 0.000582 0.166013 0.008493 2.038231
0.775502 0.020436 0.018749 0.010240 0.000587 0.165985 0.008502 2.040316
0.775574 0.020401 0.018718 0.010190 0.000588 0.166018 0.008510 2.042329
0.775644 0.020395 0.018670 0.010177 0.000585 0.166013 0.008517 2.044358
0.775766 0.020351 0.018603 0.010147 0.000586 0.166020 0.008527 2.046334
0.775846 0.020347 0.018577 0.010154 0.000599 0.165946 0.008531 2.048315
0.775939 0.020303 0.018544 0.010110 0.000599 0.165967 0.008538 2.050292
0.776021 0.020241 0.018561 0.010118 0.000594 0.165923 0.008543 2.052336
0.776188 0.020243 0.018536 0.010083 0.000594 0.165807 0.008550 2.054303
0.776366 0.020193 0.018469 0.010063 0.000591 0.165761 0.008556 2.056300
0.776476 0.020203 0.018490 0.010006 0.000602 0.165662 0.008561 2.058273
0.776633 0.020088 0.018473 0.009998 0.000602 0.165639 0.008567 2.060283
0.776809 0.020039 0.018362 0.009996 0.000612 0.165609 0.008572 2.062281
0.776956 0.020010 0.018320 0.009954 0.000601 0.165582 0.008578 2.064237
0.777047 0.019968 0.018264 0.009981 0.000600 0.165557 0.008584 2.066246
0.777180 0.019947 0.018226 0.009934 0.000600 0.165523 0.008589 2.068192
0.777337 0.019895 0.018200 0.009878 0.000595 0.165498 0.008596 2.070181
0.777520 0.019886 0.018153 0.009889 0.000587 0.165362 0.008603 2.072117
0.777656 0.019835 0.018147 0.009874 0.000589 0.165286 0.008611 2.074088
0.777890 0.019766 0.018134 0.009846 0.000591 0.165154 0.008619 2.076033
0.777988 0.019744 0.018134 0.009771 0.000608 0.165132 0.008624 2.077971
0.778139 0.019781 0.018067 0.009763 0.000596 0.165021 0.008633 2.079869
0.778311 0.019746 0.018064 0.009727 0.000600 0.164911 0.008642 2.081790
0.778495 0.019691 0.018025 0.009752 0.000598 0.164789 0.008651 2.083741
0.778657 0.019677 0.017963 0.009704 0.000596 0.164747 0.008656 2.085654
0.778939 0.019541 0.018011 0.009675 0.000594 0.164579 0.008661 2.087620
0.779137 0.019570 0.017929 0.009653 0.000591 0.164452 0.008668 2.089492
0.779321 0.019501 0.017852 0.009626 0.000597 0.164430 0.008673 2.091395
0.779484 0.019422 0.017833 0.009634 0.000595 0.164346 0.008686 2.093336
0.779695 0.019380 0.017797 0.009601 0.000594 0.164240 0.008693 2.095235
0.779958 0.019282 0.017773 0.009608 0.000596 0.164083 0.008700 2.097164
0.780159 0.019262 0.017685 0.009598 0.000592 0.163997 0.008706 2.099051
0.780298 0.019275 0.017654 0.009557 0.000582 0.163915 0.008718 2.100895
0.780510 0.019183 0.017629 0.009549 0.000583 0.163821 0.008724 2.102816
0.780734 0.019135 0.017558 0.009473 0.000582 0.163788 0.008730 2.104667
0.780917 0.019071 0.017603 0.009432 0.000588 0.163653 0.008736 2.106591
0.781127 0.019070 0.017529 0.009411 0.000586 0.163531 0.008746 2.108432
0.781304 0.019071 0.017506 0.009358 0.000584 0.163421 0.008755 2.110299
0.781455 0.019102 0.017389 0.009335 0.000576 0.163382 0.008760 2.112101
0.781656 0.019086 0.017378 0.009304 0.000573 0.163237 0.008766 2.113981
0.781885 0.019013 0.017397 0.009322 0.000572 0.163035 0.008775 2.115888
0.782050 0.019043 0.017293 0.009312 0.000570 0.162945 0.008787 2.117741
0.782183 0.019038 0.017265 0.009279 0.000575 0.162871 0.008791 2.119605
0.782411 0.019018 0.017280 0.009233 0.000577 0.162684 0.008796 2.121441
0.782498 0.019110 0.017261 0.009189 0.000582 0.162561 0.008800 2.123269
0.782637 0.019084 0.017263 0.009168 0.000582 0.162460 0.008806 2.125150
0.782819 0.019090 0.017232 0.009180 0.000573 0.162293 0.008814 2.127004
0.783023 0.019056 0.017209 0.009146 0.000571 0.162173 0.008823 2.128868
0.783207 0.018982 0.017204 0.009166 0.000572 0.162040 0.008830 2.130772
0.783372 0.018990 0.017225 0.009138 0.000576 0.161866 0.008833 2.132625
0.783583 0.018953 0.017153 0.009137 0.000573 0.161762 0.008839 2.134500
0.783764 0.018982 0.017200 0.009098 0.000580 0.161533 0.008844 2.136357
0.784030 0.018946 0.017201 0.009058 0.000575 0.161340 0.008849 2.138204
0.784243 0.018908 0.017135 0.009069 0.000573 0.161218 0.008855 2.140044
0.784507 0.018853 0.017125 0.009059 0.000573 0.161020 0.008863 2.141880
0.784696 0.018826 0.017191 0.009053 0.000576 0.160790 0.008869 2.143754
0.784904 0.018808 0.017186 0.008991 0.000575 0.160663 0.008873 2.145564
0.785085 0.018776 0.017161 0.008967 0.000569 0.160561 0.008881 2.147434
0.785264 0.018674 0.017128 0.008979 0.000556 0.160508 0.008892 2.149320
0.785426 0.018681 0.017126 0.009003 0.000558 0.160305 0.008900 2.151171
0.785607 0.018690 0.017084 0.008976 0.000565 0.160174 0.008904 2.153024
0.785715 0.018673 0.017061 0.008998 0.000563 0.160081 0.008908 2.154890
0.785932 0.018620 0.017055 0.008984 0.000568 0.159929 0.008912 2.156740
0.786110 0.018577 0.017054 0.008994 0.000571 0.159775 0.008919 2.158586
0.786295 0.018527 0.016990 0.008983 0.000574 0.159703 0.008928 2.160408
0.786408 0.018490 0.016987 0.008997 0.000572 0.159610 0.008936 2.162292
0.786605 0.018504 0.016989 0.008959 0.000581 0.159419 0.008942 2.164081
0.786878 0.018454 0.016937 0.008957 0.000583 0.159243 0.008948 2.165876
0.787028 0.018528 0.016893 0.008930 0.000579 0.159083 0.008958 2.167630
0.787166 0.018625 0.016852 0.008889 0.000582 0.158925 0.008961 2.169400
0.787278 0.018616 0.016826 0.008869 0.000573 0.158869 0.008968 2.171245
0.787458 0.018541 0.016873 0.008866 0.000574 0.158715 0.008973 2.173120
0.787696 0.018504 0.016847 0.008881 0.000566 0.158524 0.008981 2.174914
0.787855 0.018576 0.016800 0.008876 0.000563 0.158343 0.008988 2.176684
0.787951 0.018613 0.016767 0.008828 0.000566 0.158279 0.008995 2.178490
0.788059 0.018587 0.016767 0.008797 0.000564 0.158224 0.009004 2.180316
0.788139 0.018668 0.016704 0.008775 0.000567 0.158141 0.009007 2.182086
0.788305 0.018624 0.016680 0.008749 0.000562 0.158062 0.009017 2.183924
0.788391 0.018714 0.016631 0.008734 0.000565 0.157942 0.009022 2.185692
0.788550 0.018706 0.016648 0.008746 0.000567 0.157754 0.009029 2.187548
0.788662 0.018704 0.016628 0.008743 0.000562 0.157665 0.009036 2.189371
0.788774 0.018738 0.016594 0.008783 0.000564 0.157502 0.009043 2.191174
0.788977 0.018680 0.016580 0.008808 0.000563 0.157341 0.009051 2.193022
0.789113 0.018672 0.016586 0.008842 0.000568 0.157161 0.009057 2.194862
0.789292 0.018652 0.016605 0.008842 0.000575 0.156973 0.009063 2.196673
0.789435 0.018625 0.016569 0.008847 0.000572 0.156882 0.009071 2.198499
0.789573 0.018606 0.016606 0.008859 0.000568 0.156710 0.009078 2.200331
0.789682 0.018587 0.016605 0.008880 0.000570 0.156590 0.009085 2.202165
0.789779 0.018610 0.016617 0.008854 0.000562 0.156489 0.009090 2.203968
0.789911 0.018525 0.016638 0.008882 0.000568 0.156379 0.009098 2.205851
0.790099 0.018521 0.016619 0.008871 0.000563 0.156222 0.009105 2.207661
0.790179 0.018546 0.016601 0.008854 0.000562 0.156142 0.009115 2.209497
0.790366 0.018582 0.016562 0.008846 0.000555 0.155967 0.009121 2.211265
0.790422 0.018583 0.016577 0.008890 0.000551 0.155850 0.009128 2.213135
0.790484 0.018659 0.016585 0.008833 0.000550 0.155756 0.009134 2.214921
0.790566 0.018583 0.016624 0.008890 0.000547 0.155648 0.009142 2.216823
0.790750 0.018551 0.016584 0.008900 0.000549 0.155517 0.009148 2.218645
0.790887 0.018572 0.016549 0.008885 0.000546 0.155407 0.009154 2.220424
0.791004 0.018531 0.016624 0.008891 0.000548 0.155241 0.009162 2.222298
0.791100 0.018602 0.016546 0.008858 0.000548 0.155180 0.009168 2.224082
0.791198 0.018620 0.016581 0.008818 0.000550 0.155057 0.009176 2.225884
0.791349 0.018696 0.016539 0.008809 0.000548 0.154879 0.009180 2.227671
0.791474 0.018678 0.016598 0.008823 0.000549 0.154687 0.009191 2.229522
0.791639 0.018599 0.016634 0.008833 0.000558 0.154541 0.009194 2.231400
0.791784 0.018585 0.016635 0.008798 0.000563 0.154434 0.009201 2.233214
0.791905 0.018565 0.016600 0.008823 0.000562 0.154341 0.009205 2.235052
0.791997 0.018538 0.016532 0.008859 0.000570 0.154292 0.009212 2.236853
0.792138 0.018510 0.016518 0.008841 0.000568 0.154201 0.009225 2.238678
0.792260 0.018545 0.016514 0.008828 0.000569 0.154055 0.009231 2.240471
0.792342 0.018572 0.016482 0.008856 0.000561 0.153950 0.009239 2.242284
0.792364 0.018660 0.016474 0.008853 0.000561 0.153838 0.009248 2.244078
0.792355 0.018713 0.016505 0.008852 0.000556 0.153763 0.009257 2.245923
0.792400 0.018708 0.016560 0.008884 0.000561 0.153625 0.009263 2.247800
0.792482 0.018771 0.016539 0.008882 0.000559 0.153500 0.009268 2.249570
0.792490 0.018832 0.016524 0.008870 0.000559 0.153452 0.009274 2.251405
0.792498 0.018964 0.016513 0.008853 0.000558 0.153332 0.009283 2.253184
0.792598 0.018946 0.016501 0.008854 0.000551 0.153263 0.009288 2.255031
0.792591 0.018978 0.016551 0.008874 0.000556 0.153157 0.009294 2.256904
0.792693 0.018939 0.016570 0.008944 0.000561 0.152996 0.009298 2.258815
0.792679 0.018992 0.016618 0.008957 0.000554 0.152897 0.009303 2.260676
0.792755 0.018971 0.016721 0.008972 0.000551 0.152721 0.009311 2.262563
0.792769 0.018945 0.016808 0.009003 0.000544 0.152614 0.009317 2.264481
0.792709 0.019029 0.016792 0.008986 0.000543 0.152618 0.009324 2.266326
0.792731 0.019044 0.016767 0.009015 0.000547 0.152564 0.009332 2.268145
0.792763 0.019084 0.016800 0.008955 0.000550 0.152512 0.009337 2.269964
0.792784 0.019156 0.016799 0.008964 0.000539 0.152416 0.009343 2.271829
0.792708 0.019256 0.016793 0.008999 0.000534 0.152361 0.009349 2.273670
0.792758 0.019230 0.016838 0.009003 0.000537 0.152279 0.009355 2.275566
0.792848 0.019124 0.016948 0.009016 0.000545 0.152162 0.009357 2.277488
0.792934 0.019133 0.016932 0.009024 0.000551 0.152064 0.009363 2.279350
0.792930 0.019161 0.016899 0.009050 0.000546 0.152042 0.009371 2.281180
0.792915 0.019159 0.016951 0.009054 0.000546 0.151998 0.009378 2.283067
0.792983 0.019138 0.017008 0.009049 0.000546 0.151891 0.009385 2.284946
0.792987 0.019105 0.017020 0.009076 0.000556 0.151865 0.009390 2.286867
0.792968 0.019171 0.017007 0.009081 0.000561 0.151816 0.009395 2.288730
0.792978 0.019128 0.017013 0.009098 0.000565 0.151818 0.009402 2.290649
0.792999 0.019161 0.016991 0.009125 0.000566 0.151747 0.009410 2.292528
0.793028 0.019165 0.017007 0.009123 0.000560 0.151700 0.009416 2.294378
0.793039 0.019105 0.017042 0.009138 0.000552 0.151699 0.009424 2.296290
0.792998 0.019139 0.017008 0.009141 0.000548 0.151734 0.009432 2.298167
0.793046 0.019133 0.016974 0.009127 0.000548 0.151732 0.009440 2.300030
0.793069 0.019089 0.017023 0.009162 0.000545 0.151669 0.009444 2.301938
0.793050 0.019129 0.017058 0.009135 0.000545 0.151634 0.009450 2.303820
0.793118 0.019113 0.017022 0.009156 0.000546 0.151589 0.009457 2.305699
0.793169 0.019059 0.017079 0.009148 0.000545 0.151535 0.009466 2.307606
0.793135 0.019060 0.017125 0.009149 0.000539 0.151517 0.009475 2.309484
0.793117 0.019093 0.017147 0.009149 0.000540 0.151471 0.009484 2.311393
0.793174 0.019044 0.017175 0.009157 0.000540 0.151423 0.009488 2.313295
0.793132 0.019174 0.017188 0.009161 0.000541 0.151313 0.009493 2.315108
0.793171 0.019185 0.017210 0.009128 0.000543 0.151264 0.009500 2.316976
0.793134 0.019189 0.017177 0.009148 0.000544 0.151303 0.009506 2.318844
0.793142 0.019164 0.017196 0.009184 0.000543 0.151260 0.009512 2.320746
0.793184 0.019111 0.017253 0.009190 0.000537 0.151206 0.009519 2.322676
0.793183 0.019091 0.017229 0.009172 0.000539 0.151262 0.009524 2.324531
0.793153 0.019120 0.017206 0.009124 0.000542 0.151327 0.009530 2.326366
0.793219 0.019094 0.017194 0.009159 0.000542 0.151255 0.009538 2.328219
0.793251 0.019082 0.017149 0.009176 0.000540 0.151256 0.009546 2.330103
0.793363 0.019062 0.017169 0.009178 0.000540 0.151138 0.009551 2.331977
0.793334 0.019064 0.017140 0.009172 0.000543 0.151192 0.009557 2.333824
0.793322 0.019121 0.017130 0.009169 0.000543 0.151155 0.009561 2.335684
0.793310 0.019077 0.017134 0.009187 0.000535 0.151189 0.009568 2.337597
0.793274 0.019046 0.017138 0.009207 0.000534 0.151226 0.009575 2.339496
0.793325 0.019013 0.017076 0.009204 0.000531 0.151271 0.009580 2.341366
0.793469 0.018869 0.017101 0.009207 0.000527 0.151240 0.009587 2.343261
0.793550 0.018839 0.017109 0.009233 0.000525 0.151152 0.009593 2.345127
0.793559 0.018848 0.017074 0.009236 0.000528 0.151158 0.009597 2.346996
0.793593 0.018880 0.017120 0.009173 0.000527 0.151104 0.009604 2.348875
0.793686 0.018827 0.017138 0.009140 0.000529 0.151072 0.009608 2.350737
0.793688 0.018812 0.017140 0.009163 0.000538 0.151046 0.009613 2.352617
0.793702 0.018860 0.017105 0.009177 0.000528 0.151010 0.009618 2.354472
0.793702 0.018895 0.017088 0.009135 0.000518 0.151038 0.009624 2.356301
0.793741 0.018848 0.017087 0.009151 0.000522 0.151021 0.009630 2.358208
0.793732 0.018881 0.017045 0.009154 0.000522 0.151031 0.009637 2.360049
0.793808 0.018861 0.017048 0.009132 0.000524 0.150986 0.009641 2.361886
0.793805 0.018867 0.017075 0.009156 0.000524 0.150925 0.009648 2.363771
0.793819 0.018873 0.017033 0.009147 0.000530 0.150944 0.009655 2.365616
0.793816 0.018942 0.016986 0.009110 0.000534 0.150954 0.009660 2.367451
0.793880 0.018893 0.017045 0.009100 0.000524 0.150892 0.009667 2.369325
0.793943 0.018887 0.017034 0.009129 0.000531 0.150803 0.009673 2.371186
0.793977 0.018964 0.017051 0.009094 0.000534 0.150706 0.009676 2.372988
0.793934 0.018976 0.017102 0.009048 0.000539 0.150721 0.009681 2.374884
0.793949 0.018958 0.017160 0.009050 0.000542 0.150653 0.009687 2.376764
0.793935 0.018987 0.017139 0.009022 0.000542 0.150684 0.009691 2.378612
0.793972 0.019001 0.017108 0.009015 0.000538 0.150670 0.009696 2.380444
0.793923 0.019029 0.017086 0.009004 0.000540 0.150714 0.009705 2.382318
0.793964 0.018959 0.017098 0.009051 0.000544 0.150673 0.009710 2.384256
0.793898 0.019057 0.017081 0.009046 0.000543 0.150660 0.009716 2.386102
0.793888 0.019095 0.017063 0.009066 0.000544 0.150623 0.009721 2.387951
0.793946 0.019011 0.017098 0.009042 0.000541 0.150632 0.009730 2.389859
0.793995 0.019046 0.017086 0.009008 0.000538 0.150591 0.009737 2.391692
0.794016 0.019007 0.017052 0.009034 0.000536 0.150613 0.009742 2.393589
0.794064 0.018907 0.017031 0.009088 0.000535 0.150628 0.009747 2.395492
0.794078 0.018877 0.017047 0.009088 0.000534 0.150623 0.009753 2.397367
0.794127 0.018865 0.017009 0.009107 0.000535 0.150603 0.009755 2.399233
0.794138 0.018888 0.017014 0.009050 0.000537 0.150610 0.009762 2.401058
0.794099 0.018910 0.017043 0.009058 0.000538 0.150584 0.009769 2.402939
0.794102 0.018947 0.017061 0.009052 0.000542 0.150520 0.009777 2.404810
0.794089 0.018949 0.017037 0.009035 0.000546 0.150563 0.009781 2.406646
0.794138 0.019006 0.016955 0.009039 0.000541 0.150533 0.009790 2.408453
0.794212 0.018956 0.016960 0.009032 0.000545 0.150497 0.009797 2.410312
0.794275 0.018950 0.016949 0.009001 0.000543 0.150480 0.009802 2.412145
0.794264 0.018862 0.016947 0.009040 0.000538 0.150539 0.009810 2.414037
0.794372 0.018840 0.016955 0.009045 0.000547 0.150427 0.009814 2.415891
0.794456 0.018826 0.016982 0.009060 0.000555 0.150304 0.009818 2.417714
0.794440 0.018856 0.016937 0.009045 0.000552 0.150350 0.009820 2.419512
0.794431 0.018887 0.016914 0.009022 0.000555 0.150366 0.009826 2.421349
0.794471 0.018874 0.016953 0.009006 0.000555 0.150307 0.009835 2.423192
0.794485 0.018856 0.016960 0.009008 0.000549 0.150296 0.009847 2.425075
0.794578 0.018784 0.017012 0.009006 0.000547 0.150220 0.009854 2.426944
0.794571 0.018805 0.016953 0.008990 0.000546 0.150275 0.009861 2.428766
0.794577 0.018755 0.016951 0.009026 0.000548 0.150276 0.009868 2.430638
0.794601 0.018755 0.016874 0.009035 0.000546 0.150314 0.009875 2.432464
0.794601 0.018793 0.016914 0.009016 0.000544 0.150249 0.009881 2.434302
0.794685 0.018712 0.016888 0.009089 0.000539 0.150200 0.009888 2.436186
0.794657 0.018654 0.016915 0.009098 0.000540 0.150244 0.009894 2.438091
0.794701 0.018642 0.016871 0.009037 0.000545 0.150305 0.009900 2.439921
0.794719 0.018647 0.016817 0.009084 0.000540 0.150285 0.009908 2.441745
0.794810 0.018541 0.016814 0.009125 0.000548 0.150250 0.009912 2.443640
0.794952 0.018534 0.016758 0.009123 0.000558 0.150159 0.009916 2.445466
0.794988 0.018514 0.016741 0.009135 0.000559 0.150142 0.009922 2.447303
0.794935 0.018595 0.016716 0.009127 0.000567 0.150133 0.009927 2.449102
0.794986 0.018590 0.016726 0.009120 0.000571 0.150072 0.009934 2.450941
0.795078 0.018527 0.016721 0.009123 0.000567 0.150043 0.009942 2.452774
0.795218 0.018579 0.016707 0.009079 0.000569 0.149901 0.009948 2.454516
0.795220 0.018555 0.016694 0.009104 0.000565 0.149910 0.009952 2.456365
0.795239 0.018607 0.016697 0.009033 0.000571 0.149897 0.009956 2.458145
0.795355 0.018566 0.016685 0.009061 0.000572 0.149798 0.009963 2.459937
0.795382 0.018622 0.016671 0.009051 0.000571 0.149736 0.009969 2.461724
0.795413 0.018596 0.016672 0.009007 0.000572 0.149768 0.009972 2.463557
0.795402 0.018597 0.016688 0.009046 0.000567 0.149721 0.009980 2.465389
0.795454 0.018601 0.016661 0.009070 0.000573 0.149658 0.009984 2.467207
0.795504 0.018628 0.016649 0.009037 0.000567 0.149623 0.009992 2.469017
0.795550 0.018610 0.016687 0.009057 0.000565 0.149534 0.009998 2.470859
0.795636 0.018644 0.016672 0.009009 0.000565 0.149470 0.010004 2.472650
0.795737 0.018610 0.016694 0.009008 0.000563 0.149377 0.010012 2.474479
0.795878 0.018529 0.016698 0.008999 0.000568 0.149308 0.010020 2.476314
0.795902 0.018615 0.016645 0.008971 0.000568 0.149273 0.010027 2.478086
0.795903 0.018637 0.016706 0.008970 0.000569 0.149184 0.010033 2.479936
0.795932 0.018665 0.016658 0.008956 0.000564 0.149182 0.010042 2.481746
0.795924 0.018707 0.016697 0.008937 0.000571 0.149116 0.010048 2.483566
0.795931 0.018732 0.016672 0.008901 0.000577 0.149135 0.010051 2.485367
0.795994 0.018672 0.016662 0.008921 0.000573 0.149119 0.010060 2.487195
0.795977 0.018691 0.016748 0.008940 0.000566 0.149009 0.010069 2.489077
0.795962 0.018776 0.016775 0.008932 0.000568 0.148911 0.010076 2.490906
0.795935 0.018817 0.016779 0.008930 0.000567 0.148889 0.010084 2.492743
0.795937 0.018879 0.016771 0.008902 0.000559 0.148864 0.010090 2.494580
0.795963 0.018900 0.016765 0.008923 0.000558 0.148794 0.010098 2.496425
0.795922 0.018963 0.016789 0.008903 0.000555 0.148763 0.010107 2.498258
0.795871 0.019015 0.016810 0.008923 0.000553 0.148716 0.010112 2.500137
0.795899 0.019033 0.016841 0.008953 0.000555 0.148599 0.010119 2.502001
0.795799 0.019111 0.016779 0.008995 0.000548 0.148643 0.010124 2.503827
0.795831 0.019156 0.016758 0.008986 0.000537 0.148601 0.010132 2.505650
0.795805 0.019136 0.016813 0.009002 0.000530 0.148576 0.010138 2.507533
0.795822 0.019110 0.016852 0.008993 0.000536 0.148545 0.010142 2.509389
0.795755 0.019063 0.016918 0.008999 0.000536 0.148579 0.010150 2.511328
0.795789 0.019022 0.016923 0.009000 0.000534 0.148577 0.010156 2.513189
0.795838 0.018937 0.016926 0.009049 0.000539 0.148551 0.010162 2.515038
0.795852 0.018945 0.016955 0.009046 0.000535 0.148502 0.010166 2.516904
0.795818 0.018957 0.016898 0.009090 0.000533 0.148531 0.010174 2.518755
0.795861 0.018932 0.016886 0.009107 0.000535 0.148500 0.010180 2.520613
0.795829 0.018890 0.016966 0.009083 0.000540 0.148505 0.010186 2.522551
0.795867 0.018901 0.016946 0.009081 0.000538 0.148478 0.010189 2.524395
0.795840 0.018940 0.016937 0.009067 0.000531 0.148489 0.010195 2.526214
0.795884 0.018934 0.016938 0.009033 0.000527 0.148483 0.010200 2.528072
0.795896 0.018930 0.016921 0.009002 0.000519 0.148522 0.010210 2.529921
0.795856 0.018957 0.016920 0.008959 0.000526 0.148565 0.010217 2.531772
0.795779 0.018998 0.016890 0.008982 0.000531 0.148599 0.010221 2.533634
0.795788 0.019038 0.016931 0.008948 0.000526 0.148537 0.010230 2.535471
0.795734 0.019122 0.016877 0.008951 0.000522 0.148559 0.010235 2.537275
0.795740 0.019123 0.016876 0.008953 0.000523 0.148545 0.010240 2.539141
0.795754 0.019088 0.016897 0.008983 0.000520 0.148512 0.010245 2.541014
0.795775 0.019098 0.016873 0.008996 0.000522 0.148484 0.010254 2.542822
0.795747 0.019082 0.016849 0.009036 0.000515 0.148510 0.010261 2.544697
0.795801 0.019024 0.016914 0.009045 0.000514 0.148436 0.010266 2.546576
0.795825 0.019039 0.016935 0.009076 0.000514 0.148340 0.010272 2.548438
0.795757 0.019057 0.016963 0.009097 0.000516 0.148335 0.010275 2.550343
0.795750 0.019056 0.016906 0.009103 0.000517 0.148385 0.010282 2.552192
0.795762 0.019008 0.016907 0.009083 0.000524 0.148428 0.010287 2.554073
0.795842 0.018956 0.016941 0.009094 0.000520 0.148356 0.010291 2.555976
0.795860 0.018955 0.016878 0.009126 0.000514 0.148368 0.010298 2.557818
0.795874 0.018969 0.016873 0.009111 0.000513 0.148357 0.010303 2.559675
0.795884 0.018931 0.016909 0.009130 0.000516 0.148322 0.010308 2.561583
0.795898 0.018917 0.016881 0.009109 0.000519 0.148363 0.010313 2.563421
0.795918 0.018924 0.016838 0.009136 0.000517 0.148346 0.010321 2.565273
0.795934 0.018960 0.016854 0.009149 0.000521 0.148257 0.010325 2.567129
0.795913 0.018979 0.016885 0.009111 0.000526 0.148255 0.010331 2.568973
0.795921 0.018934 0.016933 0.009120 0.000530 0.148227 0.010335 2.570874
0.795933 0.018949 0.016890 0.009108 0.000533 0.148247 0.010339 2.572720
0.795915 0.018917 0.016925 0.009067 0.000525 0.148303 0.010347 2.574591
0.795889 0.018907 0.016910 0.009056 0.000526 0.148357 0.010355 2.576456
0.795852 0.018953 0.016925 0.009104 0.000525 0.148276 0.010365 2.578323
0.795891 0.018981 0.016889 0.009089 0.000529 0.148252 0.010370 2.580179
0.795876 0.019027 0.016871 0.009038 0.000527 0.148285 0.010376 2.582023
0.795895 0.018992 0.016909 0.009030 0.000524 0.148264 0.010385 2.583892
0.795952 0.018913 0.016912 0.009011 0.000527 0.148297 0.010388 2.585764
0.795980 0.018885 0.016932 0.008989 0.000539 0.148283 0.010392 2.587618
0.795984 0.018897 0.016927 0.008984 0.000544 0.148264 0.010400 2.589477
0.796046 0.018906 0.016877 0.008993 0.000534 0.148232 0.010410 2.591288
0.796068 0.018896 0.016903 0.009016 0.000537 0.148163 0.010416 2.593140
0.795998 0.018971 0.016890 0.009009 0.000538 0.148171 0.010424 2.594969
0.796045 0.018957 0.016915 0.008959 0.000545 0.148148 0.010430 2.596778
0.796016 0.018990 0.016925 0.008958 0.000553 0.148124 0.010433 2.598597
0.796024 0.018951 0.016891 0.008960 0.000554 0.148179 0.010440 2.600476
0.796034 0.018988 0.016886 0.008913 0.000548 0.148188 0.010444 2.602321
0.795983 0.019008 0.016909 0.008900 0.000545 0.148208 0.010448 2.604188
0.795913 0.019017 0.016968 0.008902 0.000547 0.148201 0.010452 2.606077
0.795890 0.018961 0.016968 0.008933 0.000549 0.148244 0.010456 2.607956
0.795808 0.018933 0.017015 0.008925 0.000547 0.148311 0.010462 2.609852
0.795724 0.018988 0.016973 0.008914 0.000543 0.148390 0.010468 2.611709
0.795778 0.018973 0.017031 0.008901 0.000544 0.148298 0.010475 2.613572
0.795743 0.018998 0.016998 0.008911 0.000534 0.148334 0.010482 2.615406
0.795764 0.018947 0.017014 0.008933 0.000530 0.148324 0.010487 2.617294
0.795768 0.018883 0.017029 0.008956 0.000536 0.148336 0.010493 2.619215
0.795696 0.018916 0.017018 0.008974 0.000543 0.148357 0.010496 2.621076
0.795618 0.018953 0.017066 0.008941 0.000548 0.148371 0.010503 2.622943
0.795597 0.018867 0.017163 0.008962 0.000545 0.148356 0.010509 2.624872
0.795642 0.018838 0.017189 0.008923 0.000552 0.148343 0.010513 2.626728
0.795603 0.018879 0.017152 0.008930 0.000549 0.148367 0.010520 2.628573
0.795615 0.018838 0.017151 0.008988 0.000554 0.148327 0.010528 2.630438
0.795583 0.018836 0.017147 0.008987 0.000552 0.148357 0.010537 2.632313
0.795557 0.018877 0.017149 0.008979 0.000552 0.148342 0.010544 2.634148
0.795506 0.018898 0.017078 0.009042 0.000552 0.148373 0.010549 2.636008
0.795496 0.018875 0.017085 0.009067 0.000554 0.148366 0.010557 2.637886
0.795455 0.018907 0.017109 0.009027 0.000557 0.148381 0.010566 2.639746
0.795482 0.018926 0.017082 0.008962 0.000553 0.148421 0.010574 2.641573
