0.999820 0.000133 0.000033 0.000014 0.000000 0.000000 0.000000
0.999748 0.000173 0.000027 0.000010 0.000000 0.000042 0.000000
0.999551 0.000351 0.000046 0.000021 0.000000 0.000030 0.000000
0.999019 0.000858 0.000064 0.000026 0.000000 0.000033 0.000000
0.998433 0.001331 0.000126 0.000073 0.000000 0.000037 0.000000
0.997425 0.002111 0.000302 0.000121 0.000000 0.000041 0.000000
0.995739 0.003404 0.000591 0.000224 0.000000 0.000041 0.000000
0.993049 0.005568 0.000894 0.000367 0.000000 0.000122 0.000000
0.989794 0.007925 0.001337 0.000629 0.000000 0.000315 0.000000
0.985785 0.010995 0.001785 0.000963 0.000000 0.000472 0.000000
0.981394 0.014473 0.002186 0.001213 0.000000 0.000733 0.000000
0.974863 0.019412 0.003119 0.001553 0.000000 0.001053 0.000000
0.966812 0.025506 0.004172 0.002011 0.000000 0.001498 0.000000
0.956746 0.033108 0.005386 0.002801 0.000000 0.001959 0.000000
0.946043 0.041094 0.006918 0.003614 0.000000 0.002331 0.000000
0.931526 0.051732 0.009056 0.004661 0.000002 0.003022 0.000000
0.916308 0.062709 0.011392 0.005821 0.000009 0.003759 0.000000
0.898952 0.074785 0.014169 0.007381 0.000015 0.004698 0.000000
0.878828 0.088680 0.017320 0.009155 0.000022 0.005994 0.000000
0.859755 0.101406 0.020607 0.010888 0.000018 0.007325 0.000000
0.837052 0.115965 0.024683 0.013059 0.000028 0.009213 0.000000
0.815394 0.129478 0.028624 0.015268 0.000049 0.011187 0.000000
0.791029 0.143459 0.033700 0.017933 0.000060 0.013819 0.000000
0.769129 0.155102 0.038534 0.020506 0.000074 0.016654 0.000000
0.746997 0.166046 0.043734 0.023194 0.000091 0.019938 0.000000
0.726814 0.175405 0.049037 0.025627 0.000107 0.023010 0.000000
0.704715 0.185046 0.054639 0.028417 0.000117 0.027064 0.000002
0.683508 0.193194 0.060155 0.031399 0.000125 0.031617 0.000002
0.664461 0.199002 0.065763 0.034234 0.000141 0.036398 0.000002
0.642788 0.205882 0.071823 0.037363 0.000168 0.041974 0.000002
0.622853 0.211366 0.077650 0.040259 0.000190 0.047678 0.000003
0.602120 0.215994 0.083806 0.043563 0.000204 0.054309 0.000004
0.582133 0.220111 0.089626 0.046686 0.000233 0.061206 0.000004
0.561375 0.222967 0.096284 0.049986 0.000265 0.069118 0.000005
0.543814 0.223467 0.102122 0.052922 0.000299 0.077372 0.000005
0.525512 0.223654 0.107916 0.055982 0.000332 0.086598 0.000005
0.509989 0.222026 0.113077 0.058821 0.000351 0.095730 0.000007
0.494480 0.220243 0.117652 0.061480 0.000379 0.105760 0.000007
0.481181 0.216092 0.121875 0.063761 0.000405 0.116678 0.000008
0.468937 0.212400 0.125518 0.065634 0.000440 0.127060 0.000010
0.457579 0.208004 0.128388 0.067414 0.000468 0.138135 0.000012
0.447715 0.203250 0.131119 0.069153 0.000501 0.148249 0.000014
0.437022 0.198846 0.133764 0.070524 0.000548 0.159279 0.000016
0.426970 0.194350 0.135814 0.071642 0.000591 0.170615 0.000018
0.417383 0.189525 0.137574 0.072556 0.000620 0.182322 0.000019
0.407963 0.184041 0.138970 0.073335 0.000655 0.195015 0.000021
0.400295 0.179505 0.140147 0.073765 0.000683 0.205583 0.000022
0.391378 0.173446 0.141482 0.074570 0.000698 0.218405 0.000022
0.384369 0.167582 0.141948 0.074763 0.000705 0.230609 0.000024
0.378910 0.161263 0.141754 0.074865 0.000731 0.242455 0.000023
0.373315 0.154537 0.141575 0.074877 0.000749 0.254923 0.000024
0.371097 0.148919 0.140485 0.074492 0.000771 0.264208 0.000027
0.367677 0.142330 0.139673 0.073796 0.000808 0.275685 0.000030
0.367701 0.135916 0.137580 0.072792 0.000823 0.285155 0.000035
0.366485 0.130305 0.135396 0.071750 0.000848 0.295180 0.000037
0.365743 0.124659 0.133028 0.070551 0.000881 0.305098 0.000039
0.366064 0.120359 0.130624 0.069218 0.000903 0.312788 0.000044
0.365664 0.116846 0.128149 0.068070 0.000919 0.320307 0.000046
0.366030 0.113663 0.125481 0.066863 0.000946 0.326971 0.000046
0.363805 0.110404 0.123381 0.065779 0.000970 0.335615 0.000047
0.361337 0.107251 0.121414 0.064553 0.000962 0.344431 0.000051
0.360053 0.104832 0.119178 0.063201 0.000968 0.351714 0.000054
0.357328 0.102384 0.117318 0.062395 0.001000 0.359520 0.000055
0.353963 0.099387 0.115758 0.061609 0.001023 0.368199 0.000060
0.353470 0.097130 0.113422 0.060281 0.001033 0.374598 0.000066
0.351546 0.094640 0.111709 0.059298 0.001040 0.381698 0.000070
0.350049 0.090474 0.109097 0.057922 0.001043 0.391344 0.000072
0.349585 0.087806 0.106793 0.057049 0.001056 0.397636 0.000074
0.348977 0.085007 0.104869 0.055852 0.001063 0.404152 0.000081
0.349718 0.083205 0.102698 0.054729 0.001079 0.408490 0.000082
0.349107 0.079361 0.100361 0.053578 0.001091 0.416413 0.000090
0.349579 0.076343 0.098211 0.052396 0.001091 0.422285 0.000096
0.350287 0.073788 0.096337 0.051307 0.001082 0.427101 0.000099
0.350546 0.070932 0.094314 0.050335 0.001083 0.432689 0.000101
0.351678 0.068492 0.091729 0.049084 0.001076 0.437833 0.000108
0.352928 0.066431 0.089539 0.047853 0.001064 0.442070 0.000115
0.353843 0.064524 0.087563 0.046921 0.001051 0.445976 0.000122
0.355474 0.062485 0.085115 0.045572 0.001042 0.450187 0.000126
0.356944 0.060246 0.082804 0.044369 0.001041 0.454457 0.000139
0.358577 0.058774 0.080786 0.043340 0.001048 0.457328 0.000146
0.360320 0.056897 0.078803 0.042385 0.001050 0.460396 0.000149
0.362343 0.054709 0.076198 0.041068 0.001047 0.464484 0.000150
0.364420 0.053333 0.074073 0.039889 0.001024 0.467109 0.000153
0.366524 0.052158 0.072110 0.038844 0.001009 0.469203 0.000153
0.369003 0.050891 0.069814 0.037649 0.000996 0.471491 0.000156
0.370987 0.049878 0.068257 0.036913 0.000981 0.472824 0.000160
0.373716 0.048199 0.066088 0.035702 0.000969 0.475164 0.000162
0.375532 0.047334 0.064833 0.034796 0.000954 0.476386 0.000165
0.378251 0.046369 0.062982 0.033784 0.000934 0.477510 0.000170
0.380541 0.045691 0.061861 0.033059 0.000916 0.477760 0.000172
0.382789 0.044854 0.060361 0.032230 0.000907 0.478683 0.000176
0.385142 0.043943 0.059032 0.031516 0.000908 0.479281 0.000178
0.387929 0.043094 0.057381 0.030654 0.000903 0.479857 0.000181
0.389903 0.042647 0.056165 0.029988 0.000885 0.480229 0.000184
0.392440 0.042117 0.055055 0.029382 0.000842 0.479976 0.000188
0.394732 0.041732 0.053795 0.028678 0.000822 0.480053 0.000188
0.396872 0.041399 0.052698 0.028166 0.000813 0.479864 0.000189
0.399506 0.040899 0.051404 0.027533 0.000789 0.479679 0.000190
0.401914 0.040729 0.050216 0.026904 0.000771 0.479271 0.000195
0.404331 0.040432 0.049104 0.026388 0.000759 0.478787 0.000199
0.406458 0.040429 0.048442 0.025909 0.000773 0.477790 0.000198
0.409446 0.040116 0.047235 0.025435 0.000771 0.476796 0.000200
0.411615 0.039993 0.046275 0.025018 0.000774 0.476123 0.000202
0.413720 0.039958 0.045533 0.024655 0.000768 0.475154 0.000211
0.415860 0.039816 0.044878 0.024221 0.000761 0.474253 0.000211
0.418392 0.039580 0.044180 0.023783 0.000742 0.473108 0.000215
0.420868 0.039682 0.043442 0.023321 0.000732 0.471735 0.000220
0.422147 0.039818 0.043069 0.023047 0.000722 0.470974 0.000223
0.424556 0.039675 0.042437 0.022704 0.000705 0.469706 0.000218
0.427298 0.039603 0.041747 0.022346 0.000688 0.468097 0.000221
0.428782 0.039688 0.041477 0.022269 0.000675 0.466881 0.000228
0.430695 0.039877 0.041076 0.022048 0.000669 0.465406 0.000229
0.432854 0.040284 0.040601 0.021738 0.000662 0.463629 0.000232
0.434503 0.040386 0.040326 0.021662 0.000655 0.462235 0.000233
0.436033 0.040526 0.040197 0.021454 0.000649 0.460907 0.000235
0.437551 0.040690 0.040043 0.021249 0.000632 0.459597 0.000237
0.439383 0.040915 0.039792 0.020975 0.000624 0.458070 0.000241
0.441153 0.041051 0.039611 0.020871 0.000606 0.456461 0.000246
0.442464 0.041359 0.039295 0.020735 0.000586 0.455315 0.000245
0.443844 0.041703 0.039138 0.020647 0.000573 0.453842 0.000253
0.445093 0.041757 0.039063 0.020604 0.000558 0.452676 0.000248
0.446499 0.042026 0.038910 0.020404 0.000542 0.451366 0.000254
0.447658 0.042206 0.038805 0.020373 0.000557 0.450149 0.000254
0.449505 0.041808 0.038660 0.020328 0.000569 0.448879 0.000252
0.452083 0.040989 0.038549 0.020129 0.000563 0.447430 0.000258
0.455213 0.039598 0.038484 0.020013 0.000552 0.445881 0.000258
0.458307 0.038027 0.038332 0.019816 0.000553 0.444707 0.000258
0.462095 0.036331 0.038176 0.019443 0.000549 0.443151 0.000256
0.465465 0.034572 0.037971 0.019079 0.000547 0.442101 0.000265
0.469802 0.032904 0.037383 0.018650 0.000544 0.440453 0.000263
0.474016 0.031202 0.036901 0.018206 0.000542 0.438872 0.000261
0.478482 0.029457 0.036510 0.017737 0.000548 0.437001 0.000265
0.482757 0.027776 0.035905 0.017226 0.000546 0.435525 0.000264
0.487213 0.026126 0.035275 0.016772 0.000538 0.433809 0.000266
0.491613 0.024681 0.034622 0.016305 0.000541 0.431963 0.000274
0.496043 0.023128 0.033843 0.015850 0.000540 0.430320 0.000276
0.500676 0.021610 0.033053 0.015389 0.000526 0.428474 0.000273
0.505565 0.020248 0.032347 0.014872 0.000519 0.426173 0.000276
0.510464 0.018992 0.031439 0.014407 0.000516 0.423907 0.000276
0.514875 0.017748 0.030563 0.013894 0.000516 0.422127 0.000277
0.520262 0.016507 0.029552 0.013366 0.000506 0.419534 0.000274
0.524854 0.015468 0.028626 0.012846 0.000496 0.417430 0.000280
0.529760 0.014493 0.027610 0.012352 0.000485 0.415026 0.000274
0.534189 0.013576 0.026662 0.011826 0.000472 0.412994 0.000282
0.539098 0.012631 0.025772 0.011321 0.000467 0.410426 0.000286
0.543994 0.011859 0.024917 0.010871 0.000469 0.407602 0.000289
0.548667 0.011077 0.024033 0.010437 0.000450 0.405047 0.000289
0.553667 0.010323 0.023120 0.009945 0.000441 0.402209 0.000295
0.558490 0.009609 0.022311 0.009530 0.000434 0.399332 0.000293
0.563116 0.008954 0.021424 0.009084 0.000434 0.396693 0.000295
0.567599 0.008311 0.020596 0.008731 0.000430 0.394039 0.000294
0.572375 0.007830 0.019648 0.008322 0.000413 0.391118 0.000293
0.577292 0.007314 0.018832 0.007927 0.000407 0.387929 0.000299
0.581887 0.006848 0.018026 0.007633 0.000406 0.384904 0.000295
0.586933 0.006474 0.017216 0.007291 0.000396 0.381390 0.000300
0.591617 0.006103 0.016362 0.006965 0.000384 0.378265 0.000304
0.596130 0.005728 0.015603 0.006646 0.000380 0.375211 0.000303
0.600921 0.005384 0.014909 0.006316 0.000362 0.371803 0.000305
0.604874 0.005075 0.014309 0.006054 0.000362 0.369015 0.000310
0.609448 0.004817 0.013572 0.005687 0.000354 0.365815 0.000306
0.613892 0.004595 0.012997 0.005441 0.000335 0.362436 0.000304
0.618315 0.004398 0.012435 0.005170 0.000325 0.359049 0.000308
0.622411 0.004197 0.011792 0.004943 0.000317 0.356034 0.000306
0.626932 0.003950 0.011238 0.004689 0.000316 0.352568 0.000307
0.631142 0.003694 0.010729 0.004450 0.000320 0.349363 0.000302
0.635371 0.003431 0.010187 0.004223 0.000306 0.346176 0.000307
0.639352 0.003253 0.009699 0.004036 0.000286 0.343067 0.000307
0.643701 0.003055 0.009214 0.003819 0.000280 0.339618 0.000314
0.648126 0.002893 0.008837 0.003669 0.000271 0.335893 0.000311
0.651987 0.002735 0.008369 0.003482 0.000255 0.332856 0.000317
0.656147 0.002568 0.007985 0.003308 0.000260 0.329411 0.000322
0.659942 0.002450 0.007629 0.003114 0.000246 0.326297 0.000322
0.664281 0.002341 0.007287 0.002929 0.000242 0.322602 0.000319
0.668173 0.002222 0.006997 0.002809 0.000234 0.319246 0.000319
0.672246 0.002110 0.006609 0.002637 0.000239 0.315841 0.000320
0.676138 0.002001 0.006324 0.002517 0.000225 0.312473 0.000323
0.679975 0.001926 0.006013 0.002389 0.000215 0.309164 0.000319
0.683537 0.001834 0.005674 0.002307 0.000206 0.306118 0.000324
0.687429 0.001744 0.005388 0.002212 0.000191 0.302715 0.000321
0.691424 0.001630 0.005149 0.002122 0.000193 0.299156 0.000325
0.695214 0.001536 0.004925 0.001995 0.000195 0.295809 0.000326
0.698725 0.001467 0.004698 0.001918 0.000194 0.292674 0.000323
0.702485 0.001369 0.004471 0.001838 0.000188 0.289328 0.000321
0.706111 0.001287 0.004243 0.001754 0.000185 0.286089 0.000330
0.709480 0.001237 0.004084 0.001673 0.000169 0.283024 0.000333
0.712934 0.001178 0.003878 0.001609 0.000166 0.279902 0.000332
0.716780 0.001128 0.003703 0.001526 0.000158 0.276382 0.000323
0.720109 0.001077 0.003541 0.001449 0.000152 0.273342 0.000330
0.723883 0.001010 0.003339 0.001362 0.000144 0.269932 0.000330
0.727074 0.000966 0.003182 0.001298 0.000138 0.267010 0.000331
0.730296 0.000928 0.003057 0.001232 0.000140 0.264016 0.000331
0.733243 0.000893 0.002911 0.001190 0.000123 0.261307 0.000333
0.736472 0.000849 0.002780 0.001119 0.000122 0.258336 0.000322
0.740096 0.000825 0.002648 0.001028 0.000125 0.254941 0.000338
0.742674 0.000802 0.002536 0.000984 0.000108 0.252567 0.000329
0.746347 0.000773 0.002381 0.000941 0.000104 0.249125 0.000329
0.749597 0.000747 0.002242 0.000907 0.000092 0.246080 0.000334
0.752704 0.000719 0.002125 0.000867 0.000093 0.243157 0.000335
0.755740 0.000712 0.002006 0.000814 0.000080 0.240309 0.000339
0.759166 0.000705 0.001929 0.000769 0.000085 0.237014 0.000333
0.761912 0.000654 0.001853 0.000728 0.000079 0.234437 0.000336
0.764534 0.000641 0.001763 0.000686 0.000073 0.231976 0.000328
0.767648 0.000635 0.001680 0.000661 0.000063 0.228972 0.000339
0.770708 0.000594 0.001591 0.000620 0.000058 0.226095 0.000335
0.773499 0.000564 0.001533 0.000581 0.000059 0.223434 0.000330
0.776085 0.000555 0.001490 0.000583 0.000059 0.220893 0.000335
0.778683 0.000519 0.001392 0.000550 0.000054 0.218467 0.000335
0.782171 0.000524 0.001363 0.000520 0.000061 0.215020 0.000341
0.784489 0.000484 0.001297 0.000500 0.000053 0.212836 0.000342
0.787177 0.000481 0.001236 0.000498 0.000056 0.210217 0.000335
0.790116 0.000467 0.001174 0.000475 0.000053 0.207379 0.000335
0.792763 0.000450 0.001083 0.000458 0.000049 0.204867 0.000330
0.795264 0.000464 0.001053 0.000446 0.000042 0.202396 0.000335
0.797813 0.000424 0.000979 0.000431 0.000041 0.199981 0.000330
0.800681 0.000445 0.000961 0.000407 0.000042 0.197129 0.000336
0.803131 0.000428 0.000932 0.000388 0.000042 0.194743 0.000335
0.805270 0.000412 0.000903 0.000370 0.000038 0.192663 0.000344
0.807714 0.000408 0.000851 0.000360 0.000036 0.190302 0.000328
0.809945 0.000390 0.000842 0.000350 0.000037 0.188106 0.000329
0.812548 0.000370 0.000814 0.000330 0.000035 0.185560 0.000343
0.814473 0.000359 0.000765 0.000327 0.000036 0.183704 0.000337
0.816810 0.000329 0.000755 0.000332 0.000035 0.181406 0.000333
0.818993 0.000330 0.000716 0.000324 0.000029 0.179264 0.000343
0.821577 0.000333 0.000683 0.000317 0.000035 0.176724 0.000331
0.823753 0.000318 0.000646 0.000306 0.000033 0.174589 0.000355
0.825915 0.000309 0.000632 0.000298 0.000028 0.172482 0.000336
0.827789 0.000286 0.000622 0.000291 0.000031 0.170643 0.000338
0.830739 0.000273 0.000589 0.000299 0.000030 0.167727 0.000342
0.832722 0.000263 0.000554 0.000264 0.000029 0.165836 0.000332
0.834462 0.000270 0.000540 0.000255 0.000030 0.164104 0.000339
0.836844 0.000270 0.000499 0.000229 0.000030 0.161780 0.000347
0.838637 0.000263 0.000477 0.000223 0.000026 0.160041 0.000333
0.841054 0.000266 0.000474 0.000228 0.000023 0.157627 0.000327
0.843538 0.000264 0.000417 0.000220 0.000025 0.155197 0.000339
0.844722 0.000267 0.000415 0.000205 0.000020 0.154032 0.000340
0.846997 0.000272 0.000380 0.000204 0.000022 0.151791 0.000334
0.848842 0.000251 0.000377 0.000209 0.000021 0.149973 0.000327
0.850267 0.000252 0.000356 0.000193 0.000017 0.148584 0.000330
0.852568 0.000264 0.000347 0.000183 0.000018 0.146295 0.000325
0.854606 0.000244 0.000343 0.000180 0.000019 0.144276 0.000332
0.856343 0.000213 0.000310 0.000168 0.000018 0.142624 0.000323
0.857901 0.000242 0.000332 0.000166 0.000017 0.141006 0.000336
0.859926 0.000235 0.000298 0.000152 0.000016 0.139034 0.000338
0.861727 0.000218 0.000287 0.000152 0.000017 0.137264 0.000335
0.863487 0.000204 0.000273 0.000148 0.000016 0.135541 0.000331
0.865265 0.000193 0.000282 0.000135 0.000014 0.133783 0.000327
0.867037 0.000198 0.000270 0.000121 0.000011 0.132022 0.000342
0.868206 0.000207 0.000276 0.000128 0.000011 0.130838 0.000333
0.869921 0.000208 0.000278 0.000128 0.000011 0.129115 0.000339
0.871471 0.000193 0.000281 0.000126 0.000013 0.127592 0.000324
0.874000 0.000180 0.000292 0.000122 0.000012 0.125065 0.000327
0.875521 0.000159 0.000273 0.000117 0.000011 0.123595 0.000324
0.877251 0.000151 0.000289 0.000121 0.000012 0.121828 0.000350
0.878718 0.000152 0.000293 0.000121 0.000010 0.120366 0.000339
0.880426 0.000157 0.000296 0.000129 0.000009 0.118655 0.000328
0.881609 0.000156 0.000293 0.000123 0.000007 0.117478 0.000334
0.883863 0.000152 0.000306 0.000125 0.000005 0.115218 0.000331
0.884911 0.000130 0.000264 0.000112 0.000005 0.114233 0.000345
0.887375 0.000123 0.000261 0.000113 0.000005 0.111801 0.000322
0.888385 0.000119 0.000238 0.000104 0.000006 0.110816 0.000331
0.890216 0.000125 0.000259 0.000117 0.000005 0.108957 0.000322
0.891497 0.000116 0.000213 0.000097 0.000006 0.107747 0.000324
0.892895 0.000104 0.000225 0.000108 0.000006 0.106330 0.000331
0.894693 0.000105 0.000233 0.000109 0.000006 0.104515 0.000340
0.895709 0.000094 0.000196 0.000095 0.000006 0.103569 0.000331
0.898032 0.000097 0.000196 0.000100 0.000003 0.101255 0.000317
0.898636 0.000091 0.000186 0.000094 0.000005 0.100648 0.000339
0.899472 0.000087 0.000185 0.000092 0.000004 0.099821 0.000339
0.901070 0.000081 0.000177 0.000083 0.000004 0.098242 0.000343
0.902598 0.000078 0.000182 0.000083 0.000002 0.096728 0.000329
0.904411 0.000071 0.000178 0.000079 0.000002 0.094950 0.000309
0.905238 0.000085 0.000192 0.000082 0.000002 0.094083 0.000317
0.907201 0.000086 0.000189 0.000075 0.000002 0.092137 0.000310
0.908409 0.000074 0.000179 0.000065 0.000004 0.090965 0.000304
0.909729 0.000073 0.000167 0.000061 0.000003 0.089659 0.000308
0.910534 0.000091 0.000178 0.000067 0.000002 0.088819 0.000309
0.911559 0.000092 0.000168 0.000056 0.000003 0.087815 0.000306
0.913013 0.000100 0.000165 0.000058 0.000001 0.086371 0.000292
0.913709 0.000103 0.000157 0.000059 0.000001 0.085657 0.000314
0.914812 0.000101 0.000162 0.000057 0.000000 0.084571 0.000296
0.915748 0.000112 0.000155 0.000051 0.000000 0.083622 0.000311
0.916635 0.000098 0.000143 0.000046 0.000000 0.082761 0.000318
0.917575 0.000108 0.000161 0.000044 0.000000 0.081810 0.000302
0.918757 0.000095 0.000145 0.000044 0.000000 0.080641 0.000318
0.919849 0.000135 0.000163 0.000051 0.000000 0.079489 0.000312
0.921036 0.000129 0.000142 0.000052 0.000000 0.078339 0.000304
0.922485 0.000127 0.000131 0.000046 0.000000 0.076895 0.000315
0.923337 0.000122 0.000133 0.000057 0.000000 0.076032 0.000318
0.924271 0.000110 0.000134 0.000058 0.000000 0.075101 0.000326
0.925025 0.000137 0.000152 0.000064 0.000000 0.074306 0.000317
0.926353 0.000137 0.000138 0.000055 0.000000 0.072996 0.000321
0.927512 0.000132 0.000139 0.000045 0.000000 0.071858 0.000314
0.927421 0.000142 0.000155 0.000049 0.000000 0.071907 0.000325
0.928353 0.000130 0.000148 0.000041 0.000000 0.071013 0.000315
0.929585 0.000136 0.000125 0.000047 0.000000 0.069811 0.000296
0.929862 0.000141 0.000150 0.000055 0.000000 0.069499 0.000293
0.931079 0.000153 0.000151 0.000055 0.000000 0.068238 0.000323
0.931300 0.000134 0.000138 0.000058 0.000000 0.068058 0.000312
0.932478 0.000171 0.000131 0.000060 0.000000 0.066839 0.000320
0.947178 0.000046 0.000043 0.000021 0.000000 0.052511 0.000201
