0.328304 0.063373 0.057445 0.033025 0.002204 0.509378 0.006270 1.663384
0.330549 0.061489 0.057293 0.032808 0.002193 0.509368 0.006299 1.669471
0.333285 0.059234 0.057005 0.032534 0.002190 0.509431 0.006321 1.675313
0.336495 0.056697 0.056689 0.032099 0.002190 0.509483 0.006349 1.680997
0.340014 0.054087 0.056218 0.031653 0.002186 0.509464 0.006378 1.686404
0.343812 0.051470 0.055644 0.031160 0.002183 0.509324 0.006407 1.691525
0.347771 0.049037 0.054845 0.030646 0.002173 0.509086 0.006441 1.696374
0.351915 0.046598 0.054038 0.030163 0.002157 0.508660 0.006470 1.701051
0.356195 0.044187 0.053207 0.029579 0.002142 0.508189 0.006502 1.705604
0.360444 0.041949 0.052278 0.028927 0.002113 0.507757 0.006533 1.709868
0.364853 0.039786 0.051288 0.028295 0.002103 0.507117 0.006558 1.713928
0.369353 0.037799 0.050229 0.027520 0.002104 0.506409 0.006587 1.717750
0.373797 0.036073 0.049090 0.026762 0.002097 0.505568 0.006613 1.721299
0.378301 0.034409 0.047953 0.025959 0.002080 0.504655 0.006643 1.724749
0.382934 0.032742 0.046759 0.025302 0.002070 0.503521 0.006672 1.728086
0.387489 0.031305 0.045502 0.024538 0.002048 0.502420 0.006699 1.731167
0.392102 0.029976 0.044189 0.023832 0.002033 0.501148 0.006721 1.734115
0.396827 0.028629 0.043047 0.023153 0.002009 0.499583 0.006753 1.737011
0.401560 0.027397 0.041885 0.022426 0.001990 0.497966 0.006775 1.739736
0.406251 0.026316 0.040657 0.021787 0.001964 0.496226 0.006800 1.742388
0.410949 0.025306 0.039418 0.021062 0.001959 0.494480 0.006825 1.744890
0.415553 0.024361 0.038229 0.020395 0.001932 0.492679 0.006852 1.747300
0.420307 0.023464 0.037094 0.019725 0.001918 0.490615 0.006878 1.749650
0.424958 0.022589 0.035988 0.019077 0.001906 0.488579 0.006903 1.751914
0.429610 0.021808 0.034907 0.018428 0.001877 0.486445 0.006926 1.754093
0.434325 0.021043 0.033880 0.017876 0.001869 0.484063 0.006946 1.756227
0.438909 0.020380 0.032874 0.017285 0.001842 0.481738 0.006972 1.758244
0.443586 0.019806 0.031847 0.016720 0.001812 0.479229 0.007000 1.760154
0.448223 0.019236 0.030912 0.016185 0.001792 0.476634 0.007018 1.762028
0.452821 0.018649 0.030020 0.015753 0.001767 0.473949 0.007041 1.763941
0.457392 0.018149 0.029024 0.015281 0.001724 0.471362 0.007068 1.765741
0.462084 0.017656 0.028087 0.014819 0.001702 0.468564 0.007089 1.767466
0.466655 0.017195 0.027268 0.014390 0.001659 0.465725 0.007108 1.769185
0.471209 0.016740 0.026412 0.013976 0.001622 0.462909 0.007133 1.770863
0.475750 0.016333 0.025643 0.013577 0.001597 0.459950 0.007151 1.772488
0.480200 0.015986 0.024857 0.013157 0.001565 0.457059 0.007176 1.774053
0.484852 0.015606 0.024133 0.012803 0.001534 0.453879 0.007193 1.775609
0.489316 0.015292 0.023485 0.012394 0.001499 0.450798 0.007216 1.777130
0.493671 0.015030 0.022813 0.012056 0.001457 0.447731 0.007242 1.778634
0.498044 0.014787 0.022212 0.011691 0.001428 0.444579 0.007260 1.780124
0.502449 0.014531 0.021624 0.011318 0.001404 0.441392 0.007282 1.781523
0.506803 0.014255 0.021058 0.010995 0.001379 0.438210 0.007300 1.782941
0.511193 0.014017 0.020470 0.010684 0.001353 0.434967 0.007316 1.784312
0.515379 0.013849 0.019914 0.010405 0.001330 0.431794 0.007331 1.785675
0.519612 0.013686 0.019378 0.010131 0.001313 0.428536 0.007345 1.786987
0.523688 0.013499 0.018849 0.009897 0.001283 0.425420 0.007362 1.788318
0.527846 0.013348 0.018349 0.009653 0.001246 0.422181 0.007378 1.789596
0.531897 0.013171 0.017907 0.009444 0.001221 0.418968 0.007393 1.790924
0.535857 0.013044 0.017477 0.009226 0.001207 0.415782 0.007405 1.792195
0.539902 0.012866 0.017078 0.009041 0.001189 0.412507 0.007416 1.793499
0.543903 0.012752 0.016648 0.008838 0.001162 0.409258 0.007438 1.794716
0.547966 0.012628 0.016293 0.008666 0.001136 0.405858 0.007453 1.795959
0.551924 0.012527 0.015946 0.008455 0.001129 0.402556 0.007462 1.797171
0.555823 0.012373 0.015623 0.008313 0.001109 0.399283 0.007477 1.798392
0.559638 0.012274 0.015340 0.008161 0.001091 0.396007 0.007489 1.799618
0.563437 0.012222 0.014991 0.008018 0.001071 0.392756 0.007505 1.800803
0.567155 0.012149 0.014648 0.007870 0.001041 0.389616 0.007520 1.801964
0.570978 0.012109 0.014359 0.007740 0.001024 0.386261 0.007530 1.803134
0.574704 0.012079 0.014057 0.007591 0.000994 0.383034 0.007540 1.804239
0.578375 0.012002 0.013808 0.007474 0.000966 0.379823 0.007553 1.805415
0.581948 0.011989 0.013571 0.007314 0.000945 0.376669 0.007563 1.806545
0.585502 0.011905 0.013392 0.007247 0.000920 0.373459 0.007575 1.807742
0.589042 0.011850 0.013219 0.007148 0.000899 0.370255 0.007587 1.808890
0.592495 0.011853 0.013011 0.007033 0.000876 0.367130 0.007602 1.810026
0.595986 0.011819 0.012845 0.006914 0.000856 0.363963 0.007616 1.811168
0.599355 0.011722 0.012658 0.006858 0.000844 0.360934 0.007629 1.812356
0.602739 0.011715 0.012474 0.006746 0.000822 0.357862 0.007642 1.813457
0.606056 0.011656 0.012374 0.006661 0.000811 0.354788 0.007655 1.814614
0.609395 0.011662 0.012233 0.006612 0.000789 0.351640 0.007668 1.815749
0.612635 0.011680 0.012114 0.006504 0.000773 0.348614 0.007679 1.816873
0.615790 0.011745 0.011958 0.006411 0.000759 0.345653 0.007684 1.817981
0.618883 0.011821 0.011848 0.006331 0.000750 0.342674 0.007694 1.819094
0.622005 0.011796 0.011715 0.006312 0.000741 0.339727 0.007704 1.820264
0.625020 0.011781 0.011605 0.006266 0.000730 0.336884 0.007714 1.821426
0.628012 0.011772 0.011595 0.006238 0.000716 0.333945 0.007720 1.822613
0.631034 0.011799 0.011499 0.006175 0.000708 0.331056 0.007729 1.823754
0.633983 0.011865 0.011416 0.006116 0.000687 0.328193 0.007741 1.824876
0.636814 0.011916 0.011362 0.006087 0.000677 0.325394 0.007750 1.826053
0.639689 0.011912 0.011359 0.006066 0.000659 0.322553 0.007761 1.827235
0.642393 0.012001 0.011324 0.006059 0.000645 0.319808 0.007769 1.828406
0.645224 0.012012 0.011294 0.006080 0.000635 0.316978 0.007776 1.829599
0.647965 0.012025 0.011300 0.006051 0.000622 0.314255 0.007780 1.830809
0.650647 0.012059 0.011243 0.006018 0.000611 0.311633 0.007788 1.831995
0.653266 0.012162 0.011223 0.005976 0.000596 0.308979 0.007797 1.833163
0.655853 0.012227 0.011235 0.005968 0.000583 0.306329 0.007806 1.834357
0.658352 0.012275 0.011248 0.005948 0.000576 0.303787 0.007814 1.835614
0.660826 0.012323 0.011208 0.005974 0.000573 0.301276 0.007819 1.836844
0.663203 0.012396 0.011223 0.005972 0.000568 0.298815 0.007823 1.838075
0.665658 0.012489 0.011212 0.005962 0.000555 0.296291 0.007834 1.839289
0.668009 0.012585 0.011190 0.005995 0.000546 0.293838 0.007837 1.840482
0.670346 0.012696 0.011196 0.006012 0.000533 0.291372 0.007846 1.841734
0.672591 0.012823 0.011204 0.006045 0.000512 0.288968 0.007858 1.842993
0.674789 0.012961 0.011226 0.006019 0.000504 0.286634 0.007865 1.844207
0.676988 0.013022 0.011223 0.006041 0.000491 0.284361 0.007873 1.845469
0.679204 0.013118 0.011275 0.006073 0.000486 0.281964 0.007879 1.846774
0.681254 0.013258 0.011298 0.006076 0.000486 0.279743 0.007884 1.848054
0.683245 0.013410 0.011316 0.006128 0.000480 0.277533 0.007889 1.849352
0.685306 0.013504 0.011369 0.006151 0.000470 0.275300 0.007900 1.850678
0.687167 0.013661 0.011446 0.006198 0.000460 0.273159 0.007909 1.852061
0.689073 0.013752 0.011570 0.006198 0.000460 0.271035 0.007912 1.853427
0.690986 0.013864 0.011640 0.006242 0.000450 0.268899 0.007918 1.854775
0.692771 0.014044 0.011670 0.006275 0.000445 0.266871 0.007924 1.856136
0.694561 0.014217 0.011715 0.006334 0.000438 0.264805 0.007929 1.857497
0.696291 0.014348 0.011777 0.006360 0.000437 0.262854 0.007934 1.858890
0.698057 0.014434 0.011862 0.006403 0.000440 0.260863 0.007940 1.860314
0.699700 0.014661 0.011907 0.006459 0.000441 0.258888 0.007944 1.861708
0.701324 0.014750 0.011966 0.006517 0.000437 0.257056 0.007948 1.863152
0.702883 0.014929 0.012042 0.006533 0.000444 0.255217 0.007952 1.864583
0.704493 0.015045 0.012140 0.006618 0.000437 0.253308 0.007958 1.866067
0.705917 0.015153 0.012275 0.006628 0.000430 0.251633 0.007963 1.867571
0.707411 0.015329 0.012358 0.006693 0.000429 0.249811 0.007969 1.869048
0.708802 0.015535 0.012460 0.006762 0.000427 0.248039 0.007975 1.870563
0.710239 0.015702 0.012574 0.006803 0.000423 0.246278 0.007981 1.872102
0.711662 0.015826 0.012661 0.006863 0.000426 0.244578 0.007985 1.873657
0.712974 0.015983 0.012751 0.006911 0.000428 0.242965 0.007989 1.875199
0.714182 0.016240 0.012856 0.006942 0.000428 0.241361 0.007992 1.876725
0.715435 0.016444 0.012984 0.007012 0.000429 0.239696 0.008000 1.878333
0.716567 0.016683 0.013116 0.007065 0.000431 0.238134 0.008004 1.879934
0.717724 0.016828 0.013260 0.007121 0.000432 0.236627 0.008009 1.881609
0.718798 0.017022 0.013402 0.007174 0.000439 0.235150 0.008014 1.883268
0.719846 0.017211 0.013468 0.007246 0.000440 0.233772 0.008017 1.884916
0.720934 0.017347 0.013624 0.007340 0.000432 0.232300 0.008022 1.886652
0.721981 0.017522 0.013764 0.007395 0.000427 0.230880 0.008030 1.888347
0.722950 0.017687 0.013911 0.007501 0.000424 0.229490 0.008037 1.890081
0.723818 0.017890 0.014031 0.007555 0.000426 0.228240 0.008041 1.891817
0.724782 0.018059 0.014137 0.007641 0.000417 0.226914 0.008048 1.893557
0.725662 0.018203 0.014292 0.007671 0.000412 0.225705 0.008055 1.895320
0.726558 0.018422 0.014446 0.007707 0.000414 0.224393 0.008061 1.897035
0.727329 0.018607 0.014560 0.007818 0.000419 0.223200 0.008066 1.898869
0.728161 0.018763 0.014729 0.007908 0.000425 0.221944 0.008071 1.900741
0.728932 0.018939 0.014885 0.007968 0.000430 0.220769 0.008076 1.902578
0.729701 0.019059 0.015080 0.008044 0.000432 0.219605 0.008080 1.904487
0.730410 0.019243 0.015235 0.008119 0.000436 0.218472 0.008083 1.906377
0.731070 0.019409 0.015420 0.008140 0.000437 0.217436 0.008089 1.908267
0.731778 0.019541 0.015568 0.008195 0.000442 0.216383 0.008093 1.910198
0.732391 0.019781 0.015694 0.008328 0.000445 0.215262 0.008099 1.912117
0.732885 0.020055 0.015801 0.008385 0.000442 0.214325 0.008106 1.914003
0.733467 0.020185 0.015969 0.008495 0.000447 0.213328 0.008108 1.916016
0.733973 0.020360 0.016078 0.008581 0.000452 0.212446 0.008110 1.917994
0.734462 0.020535 0.016268 0.008623 0.000452 0.211547 0.008113 1.919994
0.734915 0.020736 0.016353 0.008677 0.000454 0.210748 0.008118 1.921973
0.735274 0.020903 0.016496 0.008781 0.000458 0.209966 0.008122 1.924029
0.735667 0.021036 0.016654 0.008895 0.000455 0.209162 0.008129 1.926127
0.735984 0.021293 0.016751 0.008985 0.000451 0.208401 0.008135 1.928154
0.736319 0.021436 0.016930 0.009052 0.000445 0.207672 0.008145 1.930260
0.736686 0.021633 0.017101 0.009115 0.000452 0.206864 0.008150 1.932356
0.736976 0.021755 0.017190 0.009227 0.000460 0.206235 0.008157 1.934492
0.737183 0.021972 0.017330 0.009338 0.000458 0.205556 0.008163 1.936610
0.737352 0.022156 0.017476 0.009428 0.000458 0.204962 0.008169 1.938789
0.737589 0.022295 0.017675 0.009503 0.000459 0.204306 0.008173 1.941009
0.737778 0.022482 0.017792 0.009619 0.000458 0.203692 0.008179 1.943204
0.737891 0.022687 0.017927 0.009702 0.000461 0.203147 0.008183 1.945386
0.738119 0.022805 0.018080 0.009838 0.000465 0.202505 0.008189 1.947616
0.738166 0.022972 0.018299 0.009918 0.000463 0.201988 0.008195 1.949920
0.738307 0.023127 0.018502 0.009996 0.000465 0.201405 0.008199 1.952207
0.738331 0.023367 0.018658 0.010019 0.000470 0.200951 0.008204 1.954451
0.738459 0.023445 0.018772 0.010099 0.000474 0.200542 0.008209 1.956755
0.738534 0.023543 0.018902 0.010192 0.000481 0.200131 0.008217 1.959057
0.738537 0.023668 0.019025 0.010312 0.000490 0.199746 0.008222 1.961401
0.738552 0.023795 0.019200 0.010407 0.000492 0.199327 0.008228 1.963760
0.738579 0.023967 0.019323 0.010483 0.000494 0.198918 0.008235 1.966061
0.738561 0.024144 0.019456 0.010551 0.000505 0.198545 0.008238 1.968386
0.738549 0.024174 0.019702 0.010664 0.000508 0.198161 0.008242 1.970859
0.738521 0.024285 0.019822 0.010694 0.000506 0.197920 0.008252 1.973214
0.738502 0.024397 0.019992 0.010703 0.000520 0.197630 0.008256 1.975606
0.738463 0.024461 0.020131 0.010761 0.000518 0.197404 0.008264 1.978028
0.738481 0.024480 0.020241 0.010873 0.000524 0.197133 0.008269 1.980464
0.738420 0.024589 0.020356 0.010964 0.000531 0.196865 0.008275 1.982863
0.738305 0.024755 0.020419 0.011017 0.000532 0.196692 0.008281 1.985246
0.738236 0.024798 0.020569 0.011064 0.000538 0.196508 0.008287 1.987678
0.738267 0.024803 0.020672 0.011121 0.000538 0.196306 0.008293 1.990084
0.738309 0.024813 0.020853 0.011166 0.000551 0.196012 0.008297 1.992537
0.738164 0.025011 0.020940 0.011204 0.000561 0.195817 0.008303 1.994948
0.738090 0.025098 0.021036 0.011282 0.000562 0.195624 0.008308 1.997407
0.738020 0.025070 0.021191 0.011336 0.000571 0.195499 0.008313 1.999939
0.737908 0.025109 0.021319 0.011387 0.000578 0.195380 0.008319 2.002434
0.737843 0.025203 0.021402 0.011395 0.000582 0.195252 0.008324 2.004868
0.737739 0.025351 0.021452 0.011370 0.000589 0.195170 0.008330 2.007268
0.737687 0.025366 0.021535 0.011404 0.000589 0.195083 0.008337 2.009768
0.737643 0.025347 0.021728 0.011461 0.000589 0.194885 0.008347 2.012290
0.737574 0.025332 0.021789 0.011513 0.000582 0.194853 0.008355 2.014827
0.737459 0.025325 0.021875 0.011541 0.000583 0.194856 0.008361 2.017309
0.737389 0.025308 0.021929 0.011569 0.000583 0.194854 0.008369 2.019840
0.737371 0.025319 0.021954 0.011618 0.000583 0.194777 0.008377 2.022279
0.737328 0.025329 0.022109 0.011604 0.000577 0.194669 0.008384 2.024782
0.737283 0.025397 0.022104 0.011620 0.000583 0.194619 0.008395 2.027223
0.737315 0.025328 0.022115 0.011641 0.000574 0.194621 0.008405 2.029680
0.737260 0.025392 0.022123 0.011652 0.000588 0.194577 0.008409 2.032105
0.737256 0.025430 0.022145 0.011627 0.000596 0.194533 0.008414 2.034531
0.737259 0.025369 0.022147 0.011673 0.000601 0.194529 0.008422 2.037016
0.737255 0.025357 0.022243 0.011689 0.000609 0.194417 0.008430 2.039478
0.737215 0.025371 0.022337 0.011680 0.000600 0.194362 0.008435 2.041932
0.737245 0.025220 0.022368 0.011732 0.000605 0.194387 0.008444 2.044483
0.737296 0.025199 0.022368 0.011767 0.000609 0.194313 0.008449 2.046933
0.737330 0.025144 0.022389 0.011773 0.000619 0.194291 0.008457 2.049402
0.737304 0.025071 0.022381 0.011793 0.000618 0.194365 0.008467 2.051851
0.737356 0.025057 0.022457 0.011752 0.000623 0.194281 0.008473 2.054254
0.737418 0.024954 0.022453 0.011761 0.000623 0.194311 0.008481 2.056748
0.737414 0.024881 0.022430 0.011797 0.000629 0.194358 0.008492 2.059236
0.737387 0.024863 0.022449 0.011798 0.000629 0.194374 0.008500 2.061716
0.737449 0.024848 0.022354 0.011780 0.000630 0.194429 0.008510 2.064121
0.737589 0.024782 0.022336 0.011795 0.000629 0.194349 0.008521 2.066539
0.737724 0.024665 0.022362 0.011764 0.000642 0.194315 0.008528 2.068974
0.737808 0.024591 0.022320 0.011726 0.000644 0.194373 0.008538 2.071371
0.737866 0.024572 0.022307 0.011676 0.000645 0.194383 0.008550 2.073743
0.737930 0.024424 0.022307 0.011705 0.000643 0.194435 0.008557 2.076209
0.738026 0.024329 0.022281 0.011682 0.000643 0.194479 0.008563 2.078588
0.738091 0.024384 0.022286 0.011671 0.000638 0.194358 0.008572 2.080933
0.738191 0.024377 0.022255 0.011646 0.000638 0.194312 0.008583 2.083282
0.738357 0.024214 0.022251 0.011632 0.000643 0.194314 0.008588 2.085700
0.738421 0.024107 0.022253 0.011642 0.000645 0.194337 0.008595 2.088137
0.738577 0.024009 0.022222 0.011651 0.000645 0.194294 0.008604 2.090503
0.738713 0.024005 0.022161 0.011599 0.000636 0.194272 0.008614 2.092813
0.738936 0.023906 0.022087 0.011596 0.000646 0.194211 0.008617 2.095165
0.739079 0.023945 0.021978 0.011529 0.000639 0.194204 0.008626 2.097419
0.739183 0.023845 0.021933 0.011520 0.000640 0.194243 0.008634 2.099808
0.739374 0.023743 0.021856 0.011503 0.000646 0.194241 0.008637 2.102164
0.739633 0.023644 0.021743 0.011484 0.000645 0.194204 0.008648 2.104462
0.739792 0.023593 0.021739 0.011445 0.000650 0.194124 0.008657 2.106770
0.739943 0.023616 0.021743 0.011371 0.000655 0.194011 0.008663 2.109035
0.740087 0.023584 0.021664 0.011329 0.000656 0.194008 0.008672 2.111301
0.740262 0.023531 0.021647 0.011311 0.000660 0.193912 0.008677 2.113612
0.740465 0.023390 0.021646 0.011343 0.000659 0.193815 0.008683 2.115971
0.740595 0.023339 0.021661 0.011298 0.000657 0.193758 0.008693 2.118280
0.740737 0.023318 0.021670 0.011284 0.000653 0.193642 0.008697 2.120595
0.740888 0.023235 0.021656 0.011238 0.000651 0.193632 0.008701 2.122920
0.741107 0.023216 0.021551 0.011183 0.000657 0.193580 0.008707 2.125125
0.741336 0.023174 0.021465 0.011170 0.000655 0.193486 0.008714 2.127363
0.741466 0.023145 0.021419 0.011126 0.000644 0.193477 0.008724 2.129596
0.741701 0.023091 0.021376 0.011106 0.000638 0.193352 0.008736 2.131852
0.741948 0.022995 0.021292 0.011109 0.000631 0.193282 0.008743 2.134118
0.742224 0.022892 0.021276 0.011099 0.000634 0.193125 0.008750 2.136364
0.742551 0.022761 0.021279 0.011075 0.000640 0.192939 0.008756 2.138607
0.742791 0.022713 0.021211 0.011023 0.000638 0.192861 0.008763 2.140828
0.743081 0.022625 0.021164 0.011019 0.000639 0.192703 0.008770 2.143054
0.743371 0.022543 0.021068 0.010967 0.000639 0.192634 0.008780 2.145249
0.743656 0.022457 0.021049 0.010976 0.000636 0.192438 0.008789 2.147474
0.743975 0.022332 0.021002 0.010977 0.000632 0.192287 0.008795 2.149708
0.744161 0.022341 0.020882 0.010973 0.000636 0.192205 0.008802 2.151896
0.744487 0.022210 0.020869 0.010949 0.000637 0.192039 0.008810 2.154083
0.744779 0.022169 0.020797 0.010877 0.000633 0.191931 0.008814 2.156242
0.745104 0.022081 0.020695 0.010862 0.000630 0.191806 0.008823 2.158415
0.745434 0.021990 0.020694 0.010795 0.000626 0.191632 0.008829 2.160596
0.745670 0.021939 0.020609 0.010781 0.000622 0.191540 0.008839 2.162747
0.746093 0.021834 0.020547 0.010771 0.000615 0.191295 0.008845 2.164872
0.746378 0.021809 0.020455 0.010742 0.000612 0.191152 0.008851 2.166998
0.746644 0.021821 0.020396 0.010701 0.000606 0.190970 0.008862 2.169077
0.746891 0.021818 0.020411 0.010648 0.000604 0.190757 0.008873 2.171211
0.747107 0.021792 0.020394 0.010608 0.000606 0.190615 0.008879 2.173350
0.747432 0.021742 0.020359 0.010595 0.000606 0.190380 0.008887 2.175448
0.747737 0.021659 0.020283 0.010565 0.000612 0.190251 0.008894 2.177610
0.748032 0.021623 0.020209 0.010584 0.000610 0.190037 0.008905 2.179703
0.748329 0.021587 0.020155 0.010568 0.000611 0.189838 0.008913 2.181805
0.748640 0.021523 0.020129 0.010550 0.000619 0.189618 0.008920 2.183924
0.748962 0.021427 0.020051 0.010535 0.000621 0.189475 0.008930 2.186058
0.749292 0.021408 0.019955 0.010511 0.000627 0.189271 0.008936 2.188136
0.749639 0.021354 0.019982 0.010442 0.000631 0.189009 0.008943 2.190213
0.749926 0.021354 0.019867 0.010423 0.000630 0.188847 0.008953 2.192237
0.750329 0.021281 0.019830 0.010415 0.000627 0.188561 0.008959 2.194319
0.750595 0.021292 0.019779 0.010400 0.000624 0.188346 0.008963 2.196401
0.750930 0.021167 0.019749 0.010370 0.000619 0.188194 0.008972 2.198552
0.751212 0.021143 0.019717 0.010369 0.000622 0.187961 0.008977 2.200649
0.751506 0.021121 0.019609 0.010347 0.000623 0.187812 0.008982 2.202729
0.751716 0.021133 0.019496 0.010338 0.000618 0.187712 0.008987 2.204786
0.751995 0.021137 0.019542 0.010279 0.000623 0.187425 0.008999 2.206885
0.752293 0.021090 0.019507 0.010230 0.000617 0.187257 0.009006 2.208952
0.752627 0.021039 0.019514 0.010207 0.000616 0.186983 0.009014 2.211029
0.752932 0.020977 0.019479 0.010173 0.000615 0.186806 0.009018 2.213122
0.753243 0.020917 0.019459 0.010172 0.000614 0.186574 0.009023 2.215190
0.753547 0.020897 0.019426 0.010178 0.000612 0.186313 0.009029 2.217250
0.753823 0.021004 0.019397 0.010148 0.000620 0.185971 0.009037 2.219245
0.754156 0.020972 0.019375 0.010131 0.000614 0.185708 0.009045 2.221315
0.754414 0.020963 0.019367 0.010114 0.000615 0.185474 0.009053 2.223396
0.754705 0.020910 0.019384 0.010065 0.000616 0.185258 0.009062 2.225493
0.755061 0.020885 0.019313 0.010054 0.000614 0.185002 0.009070 2.227503
0.755285 0.020920 0.019235 0.010080 0.000608 0.184794 0.009078 2.229532
0.755535 0.020945 0.019201 0.010042 0.000604 0.184587 0.009086 2.231575
0.755868 0.020872 0.019237 0.010049 0.000600 0.184281 0.009094 2.233658
0.756124 0.020901 0.019172 0.010047 0.000595 0.184059 0.009103 2.235704
0.756368 0.020911 0.019120 0.010019 0.000590 0.183883 0.009109 2.237758
0.756709 0.020805 0.019135 0.010010 0.000585 0.183641 0.009116 2.239848
0.756926 0.020906 0.019098 0.009957 0.000585 0.183406 0.009124 2.241841
0.757236 0.020851 0.019159 0.009950 0.000584 0.183090 0.009130 2.243938
0.757476 0.020802 0.019096 0.009971 0.000583 0.182938 0.009135 2.246019
0.757709 0.020819 0.019075 0.009958 0.000583 0.182718 0.009139 2.248034
0.757934 0.020848 0.019047 0.009981 0.000578 0.182464 0.009148 2.250109
0.758154 0.020904 0.018927 0.009949 0.000576 0.182334 0.009155 2.252104
0.758451 0.020909 0.018842 0.009927 0.000582 0.182128 0.009162 2.254140
0.758641 0.020864 0.018903 0.009916 0.000573 0.181932 0.009171 2.256224
0.758917 0.020859 0.018892 0.009910 0.000567 0.181677 0.009178 2.258257
0.759132 0.020862 0.018864 0.009873 0.000559 0.181525 0.009186 2.260284
0.759347 0.020885 0.018868 0.009836 0.000563 0.181308 0.009194 2.262310
0.759551 0.020845 0.018878 0.009818 0.000556 0.181150 0.009202 2.264383
0.759757 0.020876 0.018858 0.009812 0.000556 0.180934 0.009208 2.266421
0.760015 0.020922 0.018887 0.009772 0.000553 0.180638 0.009214 2.268432
0.760171 0.020941 0.018910 0.009745 0.000560 0.180453 0.009222 2.270472
0.760350 0.020967 0.018866 0.009787 0.000560 0.180241 0.009230 2.272537
0.760441 0.020980 0.018891 0.009791 0.000560 0.180102 0.009236 2.274605
0.760574 0.020995 0.018876 0.009795 0.000566 0.179954 0.009240 2.276672
0.760714 0.021044 0.018895 0.009824 0.000562 0.179712 0.009249 2.278741
0.760844 0.021073 0.018860 0.009858 0.000557 0.179554 0.009254 2.280773
0.760950 0.021128 0.018838 0.009869 0.000564 0.179394 0.009259 2.282863
0.761031 0.021196 0.018833 0.009862 0.000554 0.179258 0.009267 2.284919
0.761199 0.021187 0.018825 0.009870 0.000551 0.179091 0.009278 2.286973
0.761418 0.021137 0.018844 0.009884 0.000544 0.178889 0.009286 2.289041
0.761545 0.021200 0.018839 0.009834 0.000545 0.178745 0.009293 2.291085
0.761783 0.021243 0.018861 0.009801 0.000549 0.178466 0.009297 2.293111
0.761884 0.021234 0.018876 0.009822 0.000549 0.178334 0.009302 2.295211
0.761981 0.021229 0.018878 0.009846 0.000551 0.178206 0.009309 2.297296
0.762226 0.021177 0.018871 0.009834 0.000559 0.178018 0.009316 2.299364
0.762390 0.021192 0.018908 0.009861 0.000559 0.177769 0.009321 2.301459
0.762556 0.021182 0.018920 0.009815 0.000552 0.177646 0.009330 2.303491
0.762642 0.021216 0.018931 0.009841 0.000553 0.177482 0.009335 2.305576
0.762695 0.021244 0.018955 0.009885 0.000553 0.177325 0.009344 2.307683
0.762918 0.021293 0.018920 0.009891 0.000561 0.177067 0.009350 2.309734
0.763003 0.021296 0.019002 0.009917 0.000559 0.176864 0.009358 2.311837
0.763106 0.021304 0.018998 0.009943 0.000562 0.176723 0.009364 2.313943
0.763228 0.021353 0.018972 0.009908 0.000570 0.176599 0.009370 2.315998
0.763284 0.021447 0.018932 0.009883 0.000567 0.176510 0.009376 2.318042
0.763382 0.021503 0.018857 0.009891 0.000568 0.176420 0.009379 2.320091
0.763487 0.021480 0.018845 0.009947 0.000569 0.176289 0.009383 2.322192
0.763538 0.021459 0.018846 0.009962 0.000564 0.176243 0.009390 2.324315
0.763650 0.021435 0.018937 0.009990 0.000562 0.176031 0.009397 2.326441
0.763689 0.021419 0.018980 0.010021 0.000565 0.175924 0.009403 2.328551
0.763783 0.021480 0.018917 0.009987 0.000569 0.175854 0.009411 2.330570
0.763943 0.021459 0.018974 0.009974 0.000567 0.175666 0.009417 2.332684
0.763974 0.021465 0.019001 0.010002 0.000567 0.175567 0.009424 2.334797
0.764088 0.021487 0.019006 0.009994 0.000574 0.175426 0.009427 2.336877
0.764117 0.021427 0.019033 0.010059 0.000572 0.175356 0.009436 2.339048
0.764210 0.021398 0.019049 0.010067 0.000577 0.175256 0.009444 2.341155
0.764248 0.021484 0.018987 0.009995 0.000582 0.175252 0.009451 2.343218
0.764325 0.021463 0.019033 0.010011 0.000578 0.175131 0.009459 2.345341
0.764404 0.021456 0.019089 0.009990 0.000573 0.175023 0.009466 2.347467
0.764472 0.021434 0.019112 0.010000 0.000572 0.174940 0.009470 2.349569
0.764561 0.021461 0.019136 0.009976 0.000571 0.174816 0.009478 2.351641
0.764597 0.021441 0.019149 0.010003 0.000572 0.174751 0.009487 2.353781
0.764648 0.021500 0.019152 0.009960 0.000568 0.174673 0.009499 2.355872
0.764685 0.021545 0.019104 0.009988 0.000565 0.174606 0.009506 2.357934
0.764768 0.021550 0.019146 0.009974 0.000562 0.174486 0.009514 2.360041
0.764774 0.021632 0.019139 0.009990 0.000561 0.174381 0.009522 2.362135
0.764782 0.021688 0.019153 0.009973 0.000561 0.174312 0.009530 2.364226
0.764780 0.021782 0.019147 0.009977 0.000565 0.174211 0.009538 2.366327
0.764790 0.021743 0.019254 0.009983 0.000568 0.174118 0.009545 2.368490
0.764868 0.021758 0.019246 0.009995 0.000567 0.174014 0.009552 2.370596
0.764860 0.021838 0.019233 0.009978 0.000562 0.173966 0.009564 2.372682
0.764911 0.021801 0.019350 0.010011 0.000564 0.173792 0.009571 2.374874
0.765016 0.021757 0.019365 0.010013 0.000562 0.173708 0.009578 2.377017
0.765017 0.021779 0.019390 0.010021 0.000556 0.173654 0.009584 2.379128
0.765047 0.021788 0.019393 0.010042 0.000551 0.173588 0.009590 2.381256
0.765066 0.021757 0.019422 0.010050 0.000552 0.173557 0.009596 2.383435
0.765058 0.021795 0.019399 0.010060 0.000560 0.173526 0.009602 2.385542
0.765094 0.021863 0.019437 0.010030 0.000567 0.173400 0.009609 2.387649
0.765102 0.021873 0.019498 0.010019 0.000573 0.173322 0.009613 2.389815
0.765051 0.021895 0.019517 0.010053 0.000574 0.173293 0.009617 2.391974
0.765053 0.022021 0.019479 0.010060 0.000578 0.173186 0.009622 2.394083
0.765027 0.022021 0.019512 0.010077 0.000579 0.173155 0.009628 2.396241
0.765045 0.021995 0.019538 0.010070 0.000584 0.173132 0.009635 2.398397
0.765015 0.021994 0.019578 0.010114 0.000582 0.173075 0.009641 2.400574
0.764991 0.021959 0.019667 0.010143 0.000581 0.173012 0.009647 2.402773
0.765011 0.022003 0.019679 0.010143 0.000588 0.172921 0.009654 2.404898
0.765005 0.022042 0.019694 0.010176 0.000589 0.172835 0.009658 2.407044
0.764975 0.022108 0.019687 0.010171 0.000588 0.172802 0.009668 2.409196
0.764980 0.022062 0.019768 0.010187 0.000590 0.172738 0.009676 2.411399
0.764966 0.022099 0.019798 0.010168 0.000583 0.172702 0.009684 2.413526
0.764947 0.022159 0.019799 0.010140 0.000585 0.172681 0.009690 2.415648
0.764950 0.022156 0.019828 0.010177 0.000585 0.172608 0.009696 2.417855
0.764980 0.022153 0.019837 0.010175 0.000584 0.172567 0.009704 2.419982
0.764993 0.022160 0.019835 0.010195 0.000582 0.172526 0.009709 2.422142
0.764973 0.022150 0.019814 0.010246 0.000579 0.172525 0.009713 2.424337
0.764980 0.022266 0.019786 0.010246 0.000579 0.172426 0.009719 2.426416
0.764934 0.022328 0.019769 0.010277 0.000580 0.172389 0.009724 2.428558
0.764826 0.022379 0.019736 0.010266 0.000576 0.172484 0.009732 2.430707
0.764748 0.022423 0.019769 0.010287 0.000576 0.172454 0.009742 2.432859
0.764656 0.022440 0.019813 0.010327 0.000579 0.172439 0.009747 2.435070
0.764520 0.022394 0.019902 0.010338 0.000589 0.172502 0.009754 2.437323
0.764466 0.022438 0.019931 0.010332 0.000590 0.172483 0.009761 2.439506
0.764436 0.022502 0.019869 0.010348 0.000591 0.172489 0.009765 2.441615
0.764432 0.022527 0.019901 0.010351 0.000587 0.172429 0.009773 2.443791
0.764484 0.022479 0.019948 0.010336 0.000586 0.172386 0.009781 2.445978
0.764476 0.022448 0.019961 0.010365 0.000580 0.172381 0.009789 2.448192
0.764441 0.022422 0.020021 0.010362 0.000580 0.172380 0.009795 2.450410
0.764365 0.022486 0.020049 0.010378 0.000580 0.172339 0.009803 2.452601
0.764321 0.022582 0.019983 0.010390 0.000582 0.172334 0.009809 2.454739
0.764348 0.022545 0.019982 0.010423 0.000584 0.172301 0.009817 2.456947
0.764243 0.022560 0.020001 0.010426 0.000576 0.172371 0.009824 2.459151
0.764105 0.022542 0.020078 0.010426 0.000571 0.172446 0.009832 2.461357
0.764077 0.022533 0.020062 0.010412 0.000566 0.172510 0.009840 2.463542
0.764075 0.022495 0.020035 0.010415 0.000569 0.172563 0.009847 2.465745
0.763981 0.022491 0.020026 0.010452 0.000568 0.172629 0.009853 2.468001
0.763853 0.022544 0.020026 0.010436 0.000569 0.172710 0.009861 2.470186
0.763933 0.022448 0.020116 0.010448 0.000561 0.172623 0.009871 2.472425
0.763799 0.022526 0.020049 0.010443 0.000557 0.172749 0.009878 2.474622
0.763803 0.022493 0.020074 0.010449 0.000564 0.172735 0.009881 2.476822
0.763796 0.022426 0.020117 0.010430 0.000567 0.172775 0.009888 2.479072
0.763746 0.022371 0.020129 0.010430 0.000574 0.172856 0.009894 2.481273
0.763677 0.022372 0.020102 0.010438 0.000566 0.172941 0.009903 2.483467
0.763627 0.022371 0.020103 0.010461 0.000566 0.172963 0.009910 2.485667
0.763635 0.022412 0.020104 0.010442 0.000568 0.172923 0.009916 2.487827
0.763693 0.022430 0.020048 0.010444 0.000572 0.172889 0.009924 2.489987
0.763721 0.022372 0.020079 0.010458 0.000573 0.172865 0.009932 2.492206
0.763749 0.022322 0.020104 0.010491 0.000571 0.172828 0.009935 2.494412
0.763594 0.022403 0.020074 0.010513 0.000573 0.172900 0.009945 2.496581
0.763542 0.022397 0.020056 0.010561 0.000580 0.172913 0.009951 2.498780
0.763478 0.022386 0.020023 0.010610 0.000579 0.172968 0.009956 2.500997
0.763445 0.022392 0.020013 0.010607 0.000582 0.173000 0.009962 2.503176
0.763391 0.022389 0.020015 0.010550 0.000581 0.173107 0.009968 2.505359
0.763442 0.022354 0.020029 0.010555 0.000582 0.173062 0.009977 2.507543
0.763452 0.022398 0.020025 0.010544 0.000586 0.173010 0.009985 2.509699
0.763357 0.022446 0.020034 0.010573 0.000585 0.173015 0.009990 2.511880
0.763320 0.022452 0.020083 0.010575 0.000587 0.172985 0.009998 2.514098
0.763290 0.022486 0.020116 0.010535 0.000591 0.172981 0.010003 2.516265
0.763248 0.022449 0.020167 0.010520 0.000592 0.173015 0.010010 2.518494
0.763196 0.022447 0.020178 0.010492 0.000586 0.173085 0.010018 2.520687
0.763153 0.022391 0.020241 0.010474 0.000589 0.173127 0.010025 2.522901
0.763112 0.022370 0.020306 0.010478 0.000592 0.173107 0.010034 2.525107
0.762969 0.022480 0.020248 0.010478 0.000593 0.173193 0.010042 2.527280
0.762879 0.022431 0.020301 0.010502 0.000597 0.173243 0.010048 2.529528
0.762837 0.022417 0.020276 0.010501 0.000593 0.173325 0.010054 2.531701
0.762826 0.022378 0.020274 0.010499 0.000591 0.173372 0.010061 2.533906
0.762800 0.022377 0.020227 0.010514 0.000588 0.173427 0.010068 2.536091
0.762806 0.022339 0.020292 0.010547 0.000584 0.173357 0.010076 2.538332
0.762844 0.022326 0.020307 0.010578 0.000581 0.173283 0.010083 2.540531
0.762769 0.022266 0.020328 0.010609 0.000584 0.173353 0.010091 2.542755
0.762703 0.022387 0.020281 0.010569 0.000584 0.173381 0.010096 2.544890
0.762709 0.022357 0.020206 0.010627 0.000592 0.173407 0.010102 2.547067
0.762718 0.022375 0.020188 0.010635 0.000596 0.173378 0.010111 2.549234
0.762826 0.022296 0.020212 0.010570 0.000599 0.173382 0.010116 2.551407
0.762793 0.022267 0.020171 0.010597 0.000601 0.173447 0.010124 2.553619
0.762740 0.022334 0.020169 0.010575 0.000599 0.173449 0.010134 2.555766
0.762661 0.022348 0.020135 0.010582 0.000597 0.173538 0.010140 2.557940
0.762731 0.022255 0.020186 0.010594 0.000591 0.173497 0.010148 2.560158
0.762765 0.022196 0.020215 0.010601 0.000590 0.173478 0.010157 2.562387
0.762736 0.022187 0.020287 0.010607 0.000587 0.173432 0.010164 2.564591
0.762762 0.022118 0.020283 0.010611 0.000582 0.173472 0.010173 2.566793
0.762773 0.022075 0.020259 0.010605 0.000586 0.173524 0.010178 2.568964
0.762675 0.022045 0.020336 0.010628 0.000582 0.173549 0.010185 2.571202
0.762654 0.021961 0.020343 0.010621 0.000584 0.173647 0.010191 2.573401
0.762724 0.021936 0.020250 0.010601 0.000587 0.173704 0.010198 2.575539
0.762766 0.021884 0.020256 0.010580 0.000591 0.173716 0.010207 2.577739
0.762806 0.021816 0.020252 0.010581 0.000582 0.173745 0.010218 2.579929
0.762848 0.021799 0.020231 0.010566 0.000586 0.173746 0.010224 2.582078
0.762814 0.021832 0.020159 0.010588 0.000589 0.173789 0.010230 2.584190
0.762852 0.021782 0.020136 0.010604 0.000594 0.173797 0.010236 2.586364
0.762876 0.021721 0.020110 0.010619 0.000590 0.173839 0.010245 2.588537
0.763018 0.021674 0.020034 0.010569 0.000588 0.173864 0.010253 2.590664
0.762973 0.021676 0.020035 0.010540 0.000578 0.173939 0.010261 2.592802
0.763007 0.021658 0.019993 0.010548 0.000582 0.173945 0.010267 2.594939
0.763093 0.021667 0.019968 0.010471 0.000586 0.173940 0.010276 2.597050
0.763170 0.021638 0.019970 0.010466 0.000586 0.173888 0.010281 2.599213
0.763156 0.021674 0.019932 0.010481 0.000584 0.173888 0.010286 2.601341
0.763172 0.021703 0.019921 0.010455 0.000582 0.173873 0.010294 2.603464
0.763237 0.021700 0.019878 0.010422 0.000576 0.173883 0.010304 2.605549
0.763322 0.021747 0.019829 0.010405 0.000577 0.173811 0.010309 2.607638
0.763392 0.021676 0.019798 0.010407 0.000573 0.173843 0.010312 2.609738
0.763451 0.021681 0.019789 0.010348 0.000575 0.173840 0.010318 2.611855
0.763501 0.021644 0.019784 0.010334 0.000569 0.173844 0.010326 2.613990
0.763589 0.021624 0.019766 0.010320 0.000565 0.173805 0.010331 2.616111
0.763723 0.021579 0.019743 0.010294 0.000564 0.173759 0.010338 2.618213
0.763814 0.021534 0.019632 0.010283 0.000568 0.173826 0.010346 2.620343
0.763895 0.021509 0.019626 0.010231 0.000564 0.173819 0.010356 2.622442
0.763875 0.021542 0.019563 0.010212 0.000563 0.173884 0.010361 2.624522
0.763973 0.021447 0.019568 0.010243 0.000562 0.173842 0.010366 2.626688
0.764076 0.021361 0.019612 0.010226 0.000563 0.173790 0.010373 2.628848
0.764161 0.021392 0.019574 0.010194 0.000556 0.173741 0.010381 2.630913
0.764229 0.021375 0.019528 0.010202 0.000562 0.173717 0.010388 2.633004
0.764338 0.021400 0.019479 0.010200 0.000559 0.173631 0.010394 2.635088
0.764394 0.021417 0.019457 0.010185 0.000559 0.173590 0.010400 2.637194
0.764484 0.021510 0.019395 0.010173 0.000555 0.173478 0.010406 2.639245
0.764559 0.021492 0.019361 0.010186 0.000557 0.173435 0.010412 2.641351
0.764634 0.021527 0.019418 0.010186 0.000550 0.173268 0.010417 2.643417
0.764695 0.021545 0.019373 0.010178 0.000550 0.173235 0.010426 2.645524
0.764742 0.021538 0.019412 0.010178 0.000547 0.173149 0.010435 2.647640
0.764778 0.021507 0.019441 0.010184 0.000541 0.173107 0.010443 2.649776
0.764853 0.021431 0.019472 0.010179 0.000544 0.173072 0.010450 2.651943
0.764972 0.021385 0.019448 0.010210 0.000545 0.172984 0.010456 2.654034
0.765019 0.021378 0.019447 0.010214 0.000534 0.172942 0.010466 2.656129
0.765059 0.021428 0.019376 0.010193 0.000530 0.172944 0.010472 2.658169
0.765118 0.021449 0.019386 0.010168 0.000534 0.172871 0.010475 2.660245
0.765170 0.021425 0.019409 0.010184 0.000529 0.172798 0.010485 2.662400
0.765322 0.021396 0.019426 0.010190 0.000530 0.172643 0.010494 2.664524
0.765302 0.021462 0.019400 0.010176 0.000534 0.172627 0.010498 2.666596
0.765315 0.021534 0.019400 0.010183 0.000536 0.172528 0.010504 2.668694
0.765368 0.021587 0.019387 0.010186 0.000546 0.172419 0.010507 2.670798
0.765430 0.021572 0.019415 0.010178 0.000548 0.172343 0.010514 2.672908
0.765452 0.021519 0.019396 0.010179 0.000545 0.172389 0.010520 2.675052
0.765455 0.021599 0.019365 0.010158 0.000543 0.172354 0.010526 2.677137
0.765446 0.021662 0.019383 0.010133 0.000541 0.172301 0.010534 2.679243
0.765458 0.021713 0.019359 0.010087 0.000543 0.172300 0.010540 2.681334
0.765486 0.021695 0.019321 0.010118 0.000545 0.172291 0.010545 2.683458
0.765535 0.021650 0.019341 0.010117 0.000542 0.172262 0.010554 2.685629
0.765480 0.021725 0.019328 0.010116 0.000543 0.172247 0.010560 2.687717
0.765563 0.021713 0.019318 0.010101 0.000557 0.172181 0.010566 2.689845
0.765582 0.021655 0.019381 0.010122 0.000558 0.172132 0.010570 2.691983
0.765724 0.021563 0.019409 0.010127 0.000558 0.172040 0.010579 2.694116
0.765684 0.021574 0.019479 0.010098 0.000562 0.172018 0.010586 2.696264
0.765756 0.021552 0.019449 0.010127 0.000563 0.171963 0.010590 2.698371
0.765747 0.021641 0.019385 0.010101 0.000564 0.171967 0.010597 2.700432
0.765763 0.021678 0.019359 0.010096 0.000560 0.171941 0.010604 2.702533
0.765784 0.021639 0.019378 0.010102 0.000562 0.171926 0.010608 2.704645
0.765791 0.021637 0.019355 0.010139 0.000555 0.171904 0.010619 2.706766
0.765831 0.021643 0.019385 0.010157 0.000562 0.171795 0.010627 2.708891
0.765876 0.021638 0.019445 0.010144 0.000560 0.171704 0.010633 2.711003
0.765802 0.021701 0.019432 0.010146 0.000568 0.171714 0.010637 2.713109
0.765837 0.021673 0.019414 0.010147 0.000569 0.171718 0.010643 2.715254
0.765848 0.021717 0.019411 0.010148 0.000559 0.171665 0.010652 2.717323
0.765798 0.021804 0.019384 0.010164 0.000569 0.171623 0.010658 2.719422
0.765874 0.021837 0.019396 0.010162 0.000564 0.171502 0.010666 2.721525
0.765952 0.021827 0.019388 0.010155 0.000566 0.171439 0.010674 2.723655
0.765957 0.021805 0.019452 0.010204 0.000574 0.171332 0.010678 2.725854
0.765937 0.021815 0.019490 0.010180 0.000561 0.171332 0.010686 2.727972
0.765911 0.021860 0.019517 0.010148 0.000570 0.171304 0.010691 2.730087
0.765922 0.021951 0.019545 0.010185 0.000577 0.171125 0.010696 2.732218
0.765957 0.021918 0.019540 0.010248 0.000575 0.171061 0.010702 2.734379
0.766015 0.021867 0.019615 0.010246 0.000570 0.170976 0.010712 2.736544
0.766060 0.021865 0.019602 0.010264 0.000569 0.170921 0.010719 2.738655
0.766017 0.021826 0.019579 0.010313 0.000567 0.170971 0.010727 2.740809
0.765992 0.021802 0.019593 0.010363 0.000566 0.170952 0.010733 2.742948
0.765989 0.021847 0.019534 0.010364 0.000569 0.170956 0.010741 2.745051
0.765988 0.021802 0.019553 0.010315 0.000566 0.171027 0.010749 2.747180
0.765983 0.021787 0.019634 0.010289 0.000568 0.170983 0.010757 2.749342
0.765923 0.021735 0.019683 0.010323 0.000571 0.171005 0.010762 2.751551
0.765962 0.021792 0.019672 0.010326 0.000567 0.170912 0.010770 2.753655
0.765987 0.021753 0.019684 0.010298 0.000569 0.170932 0.010777 2.755820
0.766005 0.021748 0.019736 0.010325 0.000563 0.170839 0.010784 2.757972
0.766003 0.021766 0.019711 0.010319 0.000566 0.170842 0.010792 2.760114
0.766024 0.021715 0.019695 0.010344 0.000568 0.170857 0.010797 2.762282
0.765950 0.021679 0.019747 0.010364 0.000574 0.170883 0.010803 2.764473
0.766013 0.021624 0.019777 0.010371 0.000574 0.170833 0.010809 2.766630
0.766072 0.021623 0.019765 0.010380 0.000573 0.170773 0.010817 2.768748
0.766015 0.021687 0.019733 0.010387 0.000572 0.170781 0.010825 2.770846
0.766025 0.021638 0.019727 0.010379 0.000581 0.170821 0.010830 2.772999
0.766024 0.021643 0.019708 0.010314 0.000585 0.170889 0.010837 2.775107
0.766045 0.021587 0.019708 0.010315 0.000585 0.170916 0.010843 2.777243
0.766033 0.021672 0.019684 0.010286 0.000592 0.170884 0.010849 2.779299
0.766084 0.021673 0.019646 0.010279 0.000597 0.170868 0.010855 2.781387
0.766147 0.021629 0.019644 0.010265 0.000590 0.170860 0.010865 2.783499
0.766097 0.021603 0.019636 0.010249 0.000594 0.170948 0.010873 2.785606
0.766087 0.021628 0.019661 0.010231 0.000591 0.170924 0.010878 2.787713
0.766172 0.021578 0.019625 0.010271 0.000584 0.170883 0.010888 2.789837
0.766185 0.021619 0.019630 0.010265 0.000582 0.170824 0.010895 2.791962
0.766191 0.021647 0.019638 0.010258 0.000583 0.170782 0.010901 2.794068
0.766158 0.021716 0.019624 0.010212 0.000578 0.170799 0.010912 2.796162
0.766153 0.021662 0.019624 0.010196 0.000582 0.170863 0.010920 2.798290
0.766144 0.021683 0.019629 0.010206 0.000580 0.170830 0.010927 2.800377
0.766219 0.021734 0.019546 0.010196 0.000578 0.170792 0.010935 2.802420
0.766244 0.021717 0.019539 0.010224 0.000578 0.170760 0.010939 2.804555
0.766295 0.021658 0.019499 0.010241 0.000583 0.170779 0.010946 2.806687
0.766336 0.021641 0.019509 0.010266 0.000585 0.170710 0.010952 2.808840
0.766368 0.021656 0.019490 0.010253 0.000588 0.170689 0.010955 2.810949
0.766372 0.021636 0.019506 0.010246 0.000590 0.170689 0.010960 2.813073
0.766382 0.021623 0.019508 0.010256 0.000584 0.170679 0.010968 2.815205
0.766402 0.021617 0.019485 0.010248 0.000591 0.170685 0.010971 2.817347
0.766420 0.021673 0.019425 0.010275 0.000591 0.170638 0.010978 2.819417
0.766399 0.021708 0.019452 0.010243 0.000589 0.170624 0.010985 2.821535
0.766412 0.021732 0.019493 0.010214 0.000582 0.170576 0.010990 2.823649
