0.341535 0.063500 0.056414 0.032607 0.002171 0.497589 0.006187 1.630778
0.342718 0.062233 0.056493 0.032538 0.002167 0.497638 0.006214 1.636995
0.344225 0.060829 0.056405 0.032277 0.002173 0.497849 0.006242 1.643049
0.346060 0.059273 0.056221 0.032062 0.002166 0.497941 0.006277 1.648930
0.348148 0.057663 0.055923 0.031872 0.002143 0.497942 0.006309 1.654667
0.350372 0.055926 0.055645 0.031561 0.002135 0.498028 0.006333 1.660375
0.352785 0.054339 0.055234 0.031236 0.002134 0.497906 0.006366 1.665838
0.355366 0.052792 0.054728 0.030928 0.002123 0.497666 0.006396 1.671109
0.357795 0.051364 0.054198 0.030525 0.002120 0.497575 0.006422 1.676252
0.360337 0.050096 0.053472 0.030090 0.002111 0.497450 0.006443 1.681149
0.362971 0.048830 0.052837 0.029681 0.002115 0.497093 0.006475 1.685983
0.365775 0.047593 0.052141 0.029323 0.002106 0.496562 0.006499 1.690702
0.368559 0.046405 0.051323 0.028830 0.002108 0.496253 0.006523 1.695259
0.371361 0.045257 0.050641 0.028391 0.002101 0.495696 0.006554 1.699796
0.374147 0.044167 0.049894 0.028025 0.002084 0.495103 0.006582 1.704238
0.377091 0.043062 0.049227 0.027547 0.002096 0.494374 0.006604 1.708502
0.380009 0.042116 0.048408 0.027036 0.002082 0.493713 0.006635 1.712724
0.382902 0.041211 0.047613 0.026541 0.002056 0.493013 0.006664 1.716843
0.385993 0.040368 0.046800 0.026099 0.002040 0.492009 0.006691 1.720838
0.388933 0.039640 0.045998 0.025757 0.002013 0.490941 0.006718 1.724726
0.391845 0.038955 0.045263 0.025307 0.002013 0.489875 0.006743 1.728560
0.394864 0.038278 0.044590 0.024802 0.001998 0.488704 0.006764 1.732353
0.397837 0.037699 0.043745 0.024350 0.001976 0.487606 0.006788 1.736061
0.400839 0.037100 0.043032 0.023882 0.001956 0.486376 0.006816 1.739713
0.403779 0.036547 0.042308 0.023527 0.001947 0.485050 0.006843 1.743339
0.406842 0.035954 0.041578 0.023185 0.001930 0.483644 0.006869 1.746939
0.409875 0.035493 0.040737 0.022833 0.001900 0.482269 0.006892 1.750409
0.412875 0.034968 0.040110 0.022492 0.001890 0.480749 0.006916 1.753928
0.415804 0.034617 0.039418 0.022150 0.001862 0.479208 0.006942 1.757359
0.418662 0.034295 0.038784 0.021811 0.001844 0.477641 0.006963 1.760746
0.421455 0.034047 0.038112 0.021497 0.001809 0.476095 0.006985 1.764048
0.424558 0.033637 0.037580 0.021163 0.001781 0.474276 0.007006 1.767376
0.427468 0.033357 0.036937 0.020823 0.001750 0.472634 0.007033 1.770644
0.430341 0.033057 0.036416 0.020552 0.001737 0.470847 0.007050 1.773926
0.433326 0.032805 0.035865 0.020267 0.001726 0.468941 0.007069 1.777130
0.436229 0.032497 0.035392 0.020031 0.001704 0.467053 0.007094 1.780364
0.439030 0.032286 0.034954 0.019784 0.001701 0.465131 0.007114 1.783591
0.441882 0.032144 0.034507 0.019522 0.001674 0.463131 0.007140 1.786702
0.444720 0.031995 0.034034 0.019313 0.001655 0.461125 0.007159 1.789848
0.447516 0.031912 0.033659 0.019054 0.001638 0.459043 0.007178 1.792923
0.450299 0.031832 0.033245 0.018822 0.001620 0.456985 0.007198 1.796011
0.453002 0.031760 0.032843 0.018587 0.001609 0.454979 0.007220 1.799077
0.455738 0.031591 0.032452 0.018405 0.001583 0.452994 0.007238 1.802167
0.458407 0.031452 0.032150 0.018234 0.001580 0.450918 0.007258 1.805285
0.461168 0.031255 0.031885 0.018015 0.001565 0.448839 0.007275 1.808441
0.463717 0.031247 0.031549 0.017834 0.001552 0.446804 0.007297 1.811460
0.466349 0.031141 0.031255 0.017630 0.001536 0.444772 0.007317 1.814564
0.468958 0.031148 0.030932 0.017464 0.001515 0.442641 0.007343 1.817587
0.471308 0.031149 0.030624 0.017341 0.001498 0.440720 0.007359 1.820633
0.473813 0.031225 0.030384 0.017189 0.001471 0.438535 0.007383 1.823652
0.476193 0.031218 0.030194 0.017055 0.001453 0.436481 0.007407 1.826729
0.478632 0.031274 0.030007 0.016942 0.001442 0.434277 0.007425 1.829747
0.480861 0.031434 0.029828 0.016808 0.001428 0.432197 0.007445 1.832791
0.483141 0.031573 0.029622 0.016718 0.001411 0.430075 0.007459 1.835814
0.485445 0.031614 0.029524 0.016641 0.001395 0.427905 0.007476 1.838914
0.487536 0.031682 0.029407 0.016562 0.001374 0.425939 0.007501 1.842022
0.489726 0.031806 0.029298 0.016456 0.001365 0.423831 0.007518 1.845078
0.491853 0.031885 0.029233 0.016404 0.001342 0.421741 0.007542 1.848174
0.494020 0.031929 0.029176 0.016314 0.001337 0.419670 0.007554 1.851274
0.495936 0.032100 0.029100 0.016250 0.001323 0.417717 0.007574 1.854401
0.497912 0.032208 0.029015 0.016281 0.001295 0.415696 0.007594 1.857561
0.499825 0.032248 0.029031 0.016277 0.001280 0.413731 0.007609 1.860779
0.501731 0.032323 0.029004 0.016232 0.001271 0.411813 0.007626 1.863990
0.503562 0.032442 0.028992 0.016220 0.001269 0.409878 0.007637 1.867202
0.505232 0.032705 0.028915 0.016228 0.001259 0.408006 0.007656 1.870356
0.506962 0.032853 0.028865 0.016207 0.001254 0.406189 0.007669 1.873575
0.508675 0.033116 0.028809 0.016168 0.001250 0.404300 0.007683 1.876730
0.510353 0.033288 0.028805 0.016205 0.001240 0.402415 0.007695 1.879940
0.511988 0.033492 0.028888 0.016179 0.001231 0.400517 0.007705 1.883168
0.513416 0.033719 0.028953 0.016213 0.001220 0.398759 0.007723 1.886448
0.514882 0.033846 0.028988 0.016317 0.001218 0.397011 0.007738 1.889797
0.516341 0.034082 0.029101 0.016395 0.001214 0.395114 0.007754 1.893131
0.517735 0.034382 0.029089 0.016370 0.001200 0.393457 0.007768 1.896381
0.518977 0.034579 0.029158 0.016463 0.001182 0.391855 0.007786 1.899810
0.520249 0.034754 0.029336 0.016459 0.001177 0.390224 0.007802 1.903259
0.521477 0.034886 0.029492 0.016497 0.001169 0.388663 0.007816 1.906705
0.522819 0.035030 0.029583 0.016490 0.001176 0.387071 0.007830 1.910095
0.524108 0.035197 0.029681 0.016571 0.001173 0.385432 0.007839 1.913542
0.525290 0.035416 0.029790 0.016641 0.001161 0.383848 0.007853 1.917002
0.526273 0.035666 0.029889 0.016708 0.001157 0.382441 0.007866 1.920497
0.527430 0.035827 0.030086 0.016792 0.001153 0.380834 0.007880 1.924021
0.528493 0.035988 0.030270 0.016806 0.001153 0.379397 0.007893 1.927606
0.529452 0.036275 0.030312 0.016900 0.001145 0.378007 0.007908 1.931138
0.530405 0.036425 0.030417 0.016998 0.001141 0.376692 0.007922 1.934705
0.531213 0.036678 0.030502 0.017107 0.001131 0.375427 0.007942 1.938313
0.532083 0.036895 0.030633 0.017149 0.001134 0.374154 0.007951 1.941934
0.532802 0.037077 0.030721 0.017284 0.001133 0.373018 0.007964 1.945582
0.533618 0.037333 0.030859 0.017303 0.001128 0.371783 0.007977 1.949209
0.534399 0.037485 0.031022 0.017401 0.001134 0.370570 0.007990 1.952875
0.535253 0.037640 0.031249 0.017471 0.001128 0.369258 0.008002 1.956548
0.535871 0.037957 0.031333 0.017508 0.001115 0.368201 0.008014 1.960177
0.536519 0.038274 0.031416 0.017609 0.001112 0.367043 0.008028 1.963835
0.537229 0.038380 0.031600 0.017727 0.001105 0.365914 0.008046 1.967605
0.537883 0.038529 0.031784 0.017797 0.001103 0.364847 0.008056 1.971390
0.538590 0.038676 0.031932 0.017881 0.001091 0.363758 0.008073 1.975209
0.539266 0.038823 0.032145 0.017963 0.001092 0.362628 0.008084 1.979034
0.539764 0.039022 0.032306 0.018039 0.001101 0.361671 0.008097 1.982849
0.540199 0.039298 0.032383 0.018130 0.001100 0.360779 0.008110 1.986612
0.540690 0.039452 0.032569 0.018204 0.001090 0.359875 0.008121 1.990455
0.541149 0.039608 0.032712 0.018309 0.001087 0.358997 0.008137 1.994328
0.541633 0.039733 0.032873 0.018373 0.001085 0.358152 0.008151 1.998170
0.542019 0.039959 0.033018 0.018416 0.001080 0.357343 0.008165 2.002020
0.542397 0.040148 0.033106 0.018499 0.001082 0.356591 0.008176 2.005918
0.542743 0.040239 0.033310 0.018562 0.001088 0.355868 0.008191 2.009900
0.543113 0.040358 0.033553 0.018620 0.001094 0.355056 0.008205 2.013847
0.543292 0.040561 0.033689 0.018715 0.001099 0.354427 0.008218 2.017758
0.543639 0.040620 0.033901 0.018789 0.001107 0.353717 0.008227 2.021787
0.543966 0.040666 0.034065 0.018876 0.001104 0.353084 0.008239 2.025816
0.544326 0.040671 0.034258 0.019001 0.001103 0.352385 0.008254 2.029862
0.544607 0.040824 0.034354 0.019105 0.001092 0.351749 0.008269 2.033843
0.544844 0.040958 0.034531 0.019138 0.001089 0.351157 0.008284 2.037909
0.545072 0.041030 0.034685 0.019218 0.001084 0.350612 0.008300 2.041934
0.545368 0.041110 0.034730 0.019276 0.001079 0.350121 0.008315 2.045948
0.545589 0.041201 0.034852 0.019323 0.001088 0.349623 0.008325 2.049990
0.545816 0.041334 0.034998 0.019334 0.001098 0.349078 0.008341 2.054008
0.546078 0.041379 0.035164 0.019408 0.001100 0.348521 0.008350 2.058084
0.546357 0.041352 0.035300 0.019478 0.001100 0.348047 0.008364 2.062180
0.546465 0.041406 0.035388 0.019571 0.001111 0.347682 0.008378 2.066279
0.546636 0.041520 0.035424 0.019672 0.001111 0.347247 0.008390 2.070291
0.546881 0.041585 0.035534 0.019743 0.001108 0.346748 0.008401 2.074354
0.547030 0.041753 0.035581 0.019739 0.001119 0.346368 0.008411 2.078363
0.547150 0.041797 0.035732 0.019775 0.001123 0.346002 0.008422 2.082543
0.547244 0.041901 0.035806 0.019859 0.001135 0.345626 0.008430 2.086651
0.547418 0.042081 0.035851 0.019847 0.001146 0.345217 0.008441 2.090692
0.547621 0.042049 0.035924 0.019971 0.001140 0.344843 0.008453 2.094829
0.547808 0.042117 0.035922 0.020047 0.001140 0.344502 0.008465 2.098885
0.547940 0.042185 0.035961 0.020106 0.001131 0.344199 0.008477 2.103005
0.548086 0.042310 0.036060 0.020121 0.001139 0.343799 0.008487 2.107087
0.548145 0.042343 0.036160 0.020196 0.001134 0.343526 0.008496 2.111282
0.548276 0.042429 0.036205 0.020217 0.001135 0.343231 0.008507 2.115406
0.548412 0.042451 0.036285 0.020202 0.001142 0.342989 0.008520 2.119520
0.548552 0.042423 0.036384 0.020247 0.001149 0.342707 0.008536 2.123683
0.548673 0.042430 0.036509 0.020225 0.001163 0.342450 0.008549 2.127871
0.548636 0.042502 0.036629 0.020264 0.001170 0.342232 0.008567 2.132016
0.548781 0.042484 0.036706 0.020275 0.001175 0.341999 0.008580 2.136204
0.548892 0.042552 0.036700 0.020318 0.001187 0.341759 0.008591 2.140315
0.548893 0.042622 0.036716 0.020363 0.001173 0.341628 0.008606 2.144482
0.549050 0.042518 0.036845 0.020386 0.001174 0.341403 0.008624 2.148724
0.549085 0.042545 0.036899 0.020392 0.001169 0.341273 0.008639 2.152890
0.549246 0.042565 0.036930 0.020420 0.001173 0.341008 0.008659 2.157048
0.549370 0.042533 0.036944 0.020510 0.001181 0.340791 0.008672 2.161258
0.549452 0.042436 0.037010 0.020578 0.001182 0.340655 0.008687 2.165484
0.549544 0.042461 0.037066 0.020612 0.001187 0.340427 0.008704 2.169655
0.549665 0.042387 0.037149 0.020649 0.001174 0.340258 0.008718 2.173807
0.549701 0.042492 0.037153 0.020567 0.001184 0.340174 0.008729 2.177898
0.549844 0.042423 0.037181 0.020539 0.001190 0.340079 0.008744 2.182057
0.549941 0.042396 0.037267 0.020550 0.001193 0.339895 0.008757 2.186234
0.550006 0.042470 0.037210 0.020532 0.001192 0.339816 0.008773 2.190299
0.550051 0.042535 0.037128 0.020513 0.001213 0.339771 0.008789 2.194411
0.550290 0.042510 0.037134 0.020532 0.001216 0.339516 0.008803 2.198536
0.550512 0.042458 0.037194 0.020554 0.001216 0.339248 0.008818 2.202676
0.550658 0.042396 0.037279 0.020539 0.001219 0.339080 0.008829 2.206874
0.550815 0.042353 0.037268 0.020538 0.001225 0.338956 0.008846 2.211019
0.550966 0.042294 0.037230 0.020581 0.001234 0.338834 0.008862 2.215189
0.551082 0.042294 0.037257 0.020543 0.001235 0.338715 0.008874 2.219312
0.551223 0.042342 0.037222 0.020515 0.001232 0.338578 0.008889 2.223349
0.551408 0.042325 0.037225 0.020490 0.001232 0.338419 0.008903 2.227474
0.551527 0.042299 0.037201 0.020512 0.001212 0.338326 0.008924 2.231591
0.551725 0.042174 0.037222 0.020443 0.001210 0.338291 0.008935 2.235731
0.551936 0.042033 0.037139 0.020481 0.001219 0.338246 0.008947 2.239870
0.552214 0.041906 0.037131 0.020510 0.001223 0.338059 0.008957 2.244008
0.552278 0.041894 0.037165 0.020499 0.001231 0.337964 0.008969 2.248119
0.552471 0.041871 0.037175 0.020509 0.001229 0.337762 0.008983 2.252259
0.552606 0.041762 0.037169 0.020527 0.001228 0.337710 0.008998 2.256389
0.552785 0.041710 0.037055 0.020525 0.001233 0.337681 0.009012 2.260429
0.552936 0.041644 0.037068 0.020500 0.001224 0.337601 0.009026 2.264549
0.553045 0.041526 0.037048 0.020560 0.001223 0.337561 0.009038 2.268700
0.553227 0.041403 0.037060 0.020598 0.001231 0.337433 0.009049 2.272843
0.553511 0.041307 0.036956 0.020607 0.001241 0.337313 0.009066 2.276857
0.553517 0.041362 0.036979 0.020590 0.001236 0.337233 0.009083 2.280881
0.553816 0.041253 0.036996 0.020584 0.001228 0.337020 0.009104 2.284943
0.553949 0.041230 0.037013 0.020549 0.001226 0.336912 0.009121 2.288989
0.554183 0.041172 0.036934 0.020487 0.001235 0.336855 0.009134 2.293018
0.554403 0.041167 0.036908 0.020341 0.001248 0.336784 0.009149 2.297017
0.554668 0.041123 0.036863 0.020210 0.001246 0.336728 0.009163 2.301021
0.554844 0.040994 0.036816 0.020276 0.001246 0.336647 0.009179 2.305098
0.554929 0.040991 0.036871 0.020232 0.001247 0.336538 0.009192 2.309141
0.555146 0.040916 0.036884 0.020209 0.001245 0.336396 0.009204 2.313198
0.555410 0.040752 0.036873 0.020217 0.001246 0.336281 0.009221 2.317268
0.555767 0.040709 0.036760 0.020171 0.001241 0.336122 0.009232 2.321252
0.556130 0.040558 0.036703 0.020132 0.001240 0.335992 0.009246 2.325302
0.556378 0.040658 0.036568 0.020088 0.001236 0.335810 0.009263 2.329214
0.556652 0.040641 0.036561 0.020108 0.001240 0.335524 0.009274 2.333226
0.556923 0.040754 0.036536 0.020025 0.001236 0.335241 0.009286 2.337143
0.557180 0.040663 0.036612 0.019954 0.001241 0.335055 0.009295 2.341172
0.557445 0.040667 0.036563 0.019915 0.001254 0.334845 0.009312 2.345132
0.557613 0.040729 0.036521 0.019960 0.001252 0.334595 0.009329 2.349085
0.557742 0.040836 0.036499 0.019917 0.001249 0.334413 0.009343 2.353023
0.557943 0.040831 0.036493 0.019883 0.001242 0.334251 0.009358 2.357016
0.558232 0.040855 0.036464 0.019873 0.001234 0.333971 0.009373 2.360953
0.558533 0.040715 0.036419 0.019939 0.001231 0.333774 0.009388 2.365013
0.558731 0.040704 0.036381 0.019939 0.001229 0.333612 0.009406 2.368993
0.558909 0.040654 0.036358 0.020003 0.001229 0.333430 0.009418 2.373038
0.559103 0.040680 0.036295 0.019997 0.001223 0.333269 0.009432 2.376988
0.559345 0.040604 0.036294 0.019997 0.001212 0.333099 0.009450 2.381028
0.559593 0.040567 0.036190 0.020028 0.001205 0.332950 0.009467 2.385010
0.559807 0.040577 0.036111 0.020001 0.001209 0.332816 0.009479 2.388931
0.560044 0.040555 0.036088 0.019960 0.001208 0.332647 0.009498 2.392861
0.560268 0.040463 0.036070 0.019943 0.001208 0.332538 0.009511 2.396837
0.560478 0.040496 0.036000 0.019946 0.001212 0.332341 0.009527 2.400813
0.560634 0.040536 0.035998 0.019876 0.001212 0.332201 0.009544 2.404765
0.560871 0.040541 0.036076 0.019836 0.001217 0.331900 0.009559 2.408734
0.561105 0.040536 0.035998 0.019806 0.001218 0.331764 0.009574 2.412681
0.561256 0.040549 0.036023 0.019800 0.001221 0.331560 0.009592 2.416640
0.561403 0.040579 0.035941 0.019722 0.001225 0.331525 0.009605 2.420626
0.561616 0.040520 0.036015 0.019759 0.001225 0.331249 0.009616 2.424648
0.561744 0.040500 0.036019 0.019727 0.001220 0.331155 0.009636 2.428671
0.561927 0.040488 0.035912 0.019693 0.001225 0.331106 0.009650 2.432614
0.562158 0.040448 0.035879 0.019701 0.001219 0.330933 0.009662 2.436577
0.562224 0.040581 0.035919 0.019657 0.001215 0.330727 0.009676 2.440491
0.562466 0.040560 0.035863 0.019678 0.001212 0.330527 0.009693 2.444470
0.562699 0.040487 0.035864 0.019734 0.001210 0.330299 0.009709 2.448532
0.562822 0.040469 0.035888 0.019774 0.001199 0.330123 0.009724 2.452566
0.562894 0.040441 0.035935 0.019777 0.001207 0.330010 0.009736 2.456565
0.563048 0.040507 0.035912 0.019728 0.001206 0.329848 0.009751 2.460472
0.563251 0.040515 0.035901 0.019713 0.001199 0.329651 0.009769 2.464427
0.563405 0.040516 0.035871 0.019682 0.001187 0.329555 0.009786 2.468377
0.563577 0.040360 0.036004 0.019734 0.001192 0.329335 0.009799 2.472460
0.563837 0.040222 0.036037 0.019780 0.001193 0.329122 0.009810 2.476494
0.563902 0.040275 0.036042 0.019715 0.001192 0.329046 0.009828 2.480452
0.564099 0.040232 0.036028 0.019711 0.001197 0.328891 0.009842 2.484417
0.564349 0.040213 0.036028 0.019738 0.001202 0.328611 0.009860 2.488408
0.564445 0.040356 0.035932 0.019703 0.001194 0.328499 0.009872 2.492297
0.564547 0.040344 0.035925 0.019743 0.001191 0.328361 0.009888 2.496288
0.564798 0.040205 0.035874 0.019850 0.001183 0.328188 0.009902 2.500270
0.564957 0.040206 0.035865 0.019848 0.001179 0.328030 0.009916 2.504230
0.565155 0.040191 0.035824 0.019837 0.001173 0.327889 0.009932 2.508190
0.565236 0.040177 0.035758 0.019879 0.001181 0.327820 0.009949 2.512171
0.565440 0.040175 0.035669 0.019847 0.001188 0.327719 0.009963 2.516067
0.565651 0.040183 0.035637 0.019841 0.001189 0.327518 0.009980 2.519961
0.565842 0.040098 0.035600 0.019814 0.001187 0.327465 0.009993 2.523948
0.565897 0.040222 0.035575 0.019710 0.001176 0.327409 0.010012 2.527813
0.565934 0.040249 0.035622 0.019732 0.001175 0.327265 0.010023 2.531770
0.565984 0.040428 0.035545 0.019721 0.001182 0.327098 0.010041 2.535657
0.566078 0.040447 0.035588 0.019705 0.001192 0.326937 0.010052 2.539607
0.566022 0.040524 0.035643 0.019688 0.001195 0.326859 0.010070 2.543634
0.566241 0.040509 0.035669 0.019727 0.001194 0.326577 0.010084 2.547592
0.566429 0.040563 0.035604 0.019650 0.001197 0.326456 0.010100 2.551448
0.566598 0.040509 0.035709 0.019649 0.001203 0.326222 0.010112 2.555486
0.566671 0.040479 0.035795 0.019717 0.001208 0.326006 0.010124 2.559534
0.566710 0.040627 0.035764 0.019719 0.001214 0.325831 0.010137 2.563476
0.566715 0.040722 0.035768 0.019687 0.001219 0.325739 0.010150 2.567448
0.566698 0.040759 0.035863 0.019686 0.001205 0.325623 0.010166 2.571453
0.566668 0.040802 0.035893 0.019671 0.001189 0.325595 0.010182 2.575452
0.566759 0.040773 0.035918 0.019740 0.001182 0.325432 0.010196 2.579514
0.566929 0.040806 0.035861 0.019716 0.001176 0.325303 0.010209 2.583406
0.567012 0.040810 0.035894 0.019704 0.001176 0.325180 0.010225 2.587394
0.567065 0.040853 0.035879 0.019710 0.001164 0.325091 0.010239 2.591366
0.567105 0.040933 0.035910 0.019769 0.001156 0.324872 0.010255 2.595325
0.567134 0.041029 0.035904 0.019759 0.001170 0.324739 0.010266 2.599281
0.567232 0.040930 0.035890 0.019813 0.001159 0.324697 0.010280 2.603325
0.567294 0.040830 0.035912 0.019822 0.001167 0.324686 0.010290 2.607365
0.567230 0.040987 0.035817 0.019854 0.001179 0.324630 0.010302 2.611277
0.567305 0.040927 0.035839 0.019922 0.001189 0.324498 0.010320 2.615322
0.567363 0.040940 0.035893 0.019896 0.001199 0.324377 0.010334 2.619310
0.567384 0.040909 0.035879 0.019948 0.001204 0.324327 0.010348 2.623345
0.567349 0.040932 0.035882 0.019950 0.001222 0.324307 0.010358 2.627319
0.567325 0.041062 0.035864 0.019916 0.001225 0.324232 0.010375 2.631296
0.567416 0.041033 0.035904 0.019928 0.001225 0.324102 0.010393 2.635296
0.567524 0.040957 0.035866 0.019947 0.001225 0.324079 0.010404 2.639322
0.567419 0.041039 0.035916 0.019990 0.001225 0.324002 0.010410 2.643315
0.567519 0.041012 0.035909 0.019995 0.001230 0.323912 0.010422 2.647315
0.567529 0.041041 0.035862 0.020047 0.001224 0.323860 0.010437 2.651330
0.567422 0.041070 0.035908 0.019998 0.001233 0.323919 0.010451 2.655365
0.567524 0.041019 0.035890 0.020008 0.001215 0.323875 0.010469 2.659403
0.567598 0.040966 0.035932 0.020003 0.001222 0.323794 0.010485 2.663437
0.567528 0.040959 0.035991 0.020043 0.001207 0.323766 0.010507 2.667458
0.567495 0.041034 0.035978 0.020078 0.001204 0.323690 0.010521 2.671429
0.567626 0.041114 0.035978 0.020040 0.001219 0.323489 0.010536 2.675359
0.567732 0.041192 0.035972 0.020018 0.001220 0.323312 0.010556 2.679311
0.567816 0.041199 0.036010 0.019998 0.001210 0.323196 0.010573 2.683280
0.567853 0.041219 0.035992 0.019944 0.001209 0.323195 0.010588 2.687296
0.567884 0.041206 0.035985 0.019935 0.001199 0.323186 0.010605 2.691312
0.567954 0.041181 0.036021 0.019905 0.001200 0.323118 0.010621 2.695339
0.567994 0.041259 0.036013 0.019838 0.001197 0.323059 0.010640 2.699321
0.568113 0.041222 0.036119 0.019853 0.001200 0.322835 0.010658 2.703378
0.568162 0.041154 0.036081 0.019871 0.001200 0.322865 0.010667 2.707395
0.568101 0.041243 0.036034 0.019924 0.001209 0.322808 0.010681 2.711410
0.568096 0.041273 0.036053 0.020019 0.001206 0.322660 0.010693 2.715418
0.568104 0.041209 0.036072 0.020029 0.001211 0.322668 0.010708 2.719485
0.568154 0.041109 0.036064 0.020079 0.001217 0.322657 0.010720 2.723537
0.568174 0.041120 0.036033 0.020089 0.001222 0.322632 0.010731 2.727550
0.568247 0.041121 0.036047 0.020078 0.001230 0.322533 0.010745 2.731561
0.568353 0.041172 0.036006 0.020043 0.001215 0.322449 0.010762 2.735457
0.568398 0.041180 0.035941 0.020016 0.001218 0.322471 0.010776 2.739490
0.568483 0.041081 0.036013 0.020055 0.001217 0.322361 0.010791 2.743579
0.568530 0.041062 0.035989 0.020084 0.001201 0.322327 0.010808 2.747622
0.568605 0.040986 0.035990 0.020043 0.001205 0.322351 0.010821 2.751666
0.568661 0.040942 0.035997 0.020041 0.001196 0.322327 0.010837 2.755699
0.568605 0.040921 0.036028 0.020020 0.001184 0.322384 0.010857 2.759699
0.568597 0.040970 0.035945 0.020025 0.001186 0.322408 0.010870 2.763648
0.568727 0.040814 0.035988 0.020033 0.001183 0.322372 0.010882 2.767702
0.568733 0.040858 0.035984 0.020040 0.001184 0.322304 0.010897 2.771671
0.568810 0.040906 0.036002 0.019987 0.001183 0.322200 0.010912 2.775641
0.568726 0.040951 0.036014 0.019964 0.001182 0.322233 0.010931 2.779629
0.568744 0.041025 0.035982 0.019948 0.001191 0.322169 0.010941 2.783629
0.568603 0.041119 0.036075 0.019957 0.001190 0.322100 0.010957 2.787646
0.568600 0.041198 0.036072 0.019942 0.001201 0.322018 0.010968 2.791636
0.568649 0.041147 0.036052 0.019928 0.001198 0.322040 0.010985 2.795658
0.568693 0.041079 0.036076 0.019934 0.001193 0.322026 0.010999 2.799743
0.568650 0.041141 0.036094 0.019933 0.001195 0.321975 0.011012 2.803763
0.568646 0.041117 0.036158 0.019898 0.001191 0.321960 0.011030 2.807848
0.568658 0.041138 0.036168 0.019876 0.001190 0.321924 0.011046 2.811849
0.568725 0.041069 0.036249 0.019890 0.001187 0.321817 0.011063 2.815902
0.568719 0.041022 0.036238 0.019924 0.001190 0.321829 0.011079 2.819977
0.568690 0.041123 0.036203 0.019900 0.001188 0.321803 0.011093 2.823964
0.568596 0.041148 0.036209 0.019854 0.001195 0.321895 0.011105 2.827960
0.568612 0.041178 0.036167 0.019810 0.001189 0.321922 0.011123 2.831972
0.568580 0.041084 0.036213 0.019881 0.001188 0.321920 0.011135 2.836084
0.568594 0.041104 0.036219 0.019888 0.001187 0.321858 0.011149 2.840086
0.568641 0.041145 0.036183 0.019876 0.001189 0.321805 0.011161 2.844051
0.568667 0.041006 0.036241 0.019860 0.001201 0.321853 0.011172 2.848144
0.568611 0.041057 0.036215 0.019884 0.001201 0.321851 0.011182 2.852171
0.568715 0.040875 0.036266 0.019935 0.001197 0.321812 0.011203 2.856272
0.568752 0.040772 0.036329 0.019941 0.001190 0.321801 0.011216 2.860351
0.568875 0.040704 0.036306 0.019984 0.001187 0.321716 0.011230 2.864327
0.568897 0.040677 0.036313 0.019990 0.001184 0.321696 0.011244 2.868336
0.568930 0.040609 0.036322 0.019977 0.001189 0.321716 0.011258 2.872355
0.568942 0.040528 0.036410 0.019950 0.001189 0.321711 0.011271 2.876409
0.568982 0.040563 0.036302 0.019900 0.001189 0.321776 0.011286 2.880294
0.569056 0.040584 0.036224 0.019893 0.001200 0.321745 0.011298 2.884262
0.569153 0.040597 0.036216 0.019931 0.001199 0.321597 0.011307 2.888232
0.569273 0.040576 0.036152 0.019885 0.001197 0.321592 0.011324 2.892177
0.569330 0.040576 0.036167 0.019902 0.001195 0.321489 0.011340 2.896159
0.569302 0.040660 0.036125 0.019894 0.001193 0.321471 0.011355 2.900101
0.569276 0.040628 0.036172 0.019901 0.001203 0.321452 0.011369 2.904154
0.569200 0.040711 0.036104 0.019947 0.001197 0.321458 0.011384 2.908114
0.569137 0.040694 0.036191 0.019955 0.001197 0.321433 0.011394 2.912157
0.569208 0.040687 0.036097 0.019932 0.001191 0.321478 0.011408 2.916099
0.569241 0.040649 0.036116 0.019928 0.001179 0.321462 0.011426 2.920112
0.569366 0.040697 0.036102 0.019888 0.001182 0.321323 0.011442 2.924043
0.569363 0.040751 0.036097 0.019917 0.001176 0.321245 0.011451 2.928020
0.569384 0.040744 0.036145 0.019908 0.001187 0.321169 0.011463 2.932058
0.569423 0.040808 0.036103 0.019888 0.001197 0.321109 0.011474 2.936030
0.569348 0.040872 0.036099 0.019804 0.001191 0.321198 0.011488 2.939989
0.569254 0.041022 0.036064 0.019744 0.001187 0.321227 0.011501 2.943909
0.569278 0.040941 0.036148 0.019822 0.001176 0.321119 0.011516 2.947974
0.569337 0.040966 0.036164 0.019819 0.001171 0.321009 0.011534 2.951949
0.569368 0.040840 0.036152 0.019863 0.001162 0.321065 0.011552 2.956005
0.569354 0.040889 0.036158 0.019878 0.001167 0.320987 0.011568 2.960011
0.569404 0.040844 0.036156 0.019924 0.001167 0.320922 0.011582 2.964029
0.569530 0.040756 0.036084 0.019957 0.001169 0.320910 0.011594 2.968011
0.569553 0.040734 0.036163 0.019921 0.001166 0.320855 0.011608 2.972054
0.569658 0.040727 0.036253 0.019843 0.001164 0.320735 0.011621 2.976052
0.569656 0.040675 0.036224 0.019863 0.001173 0.320773 0.011636 2.980080
0.569747 0.040674 0.036141 0.019844 0.001176 0.320768 0.011651 2.984037
0.569695 0.040645 0.036149 0.019884 0.001170 0.320794 0.011665 2.988083
0.569804 0.040670 0.036140 0.019886 0.001164 0.320656 0.011679 2.992034
0.569764 0.040710 0.036130 0.019854 0.001152 0.320696 0.011695 2.996029
0.569788 0.040803 0.036085 0.019800 0.001152 0.320657 0.011716 2.999930
0.569758 0.040749 0.036166 0.019733 0.001150 0.320720 0.011724 3.003947
0.569764 0.040843 0.036082 0.019722 0.001145 0.320709 0.011734 3.007863
0.569878 0.040807 0.036075 0.019773 0.001140 0.320581 0.011746 3.011851
0.569884 0.040858 0.036061 0.019738 0.001140 0.320562 0.011758 3.015808
0.569942 0.040837 0.036040 0.019776 0.001133 0.320497 0.011774 3.019829
0.569921 0.040807 0.036083 0.019753 0.001127 0.320516 0.011793 3.023847
0.569975 0.040721 0.036148 0.019784 0.001125 0.320441 0.011807 3.027912
0.570038 0.040654 0.036197 0.019856 0.001131 0.320306 0.011818 3.031969
0.570069 0.040671 0.036089 0.019823 0.001127 0.320391 0.011831 3.035953
0.570172 0.040589 0.036075 0.019825 0.001125 0.320366 0.011848 3.039929
0.570161 0.040580 0.036046 0.019883 0.001128 0.320341 0.011860 3.043930
0.570250 0.040534 0.036034 0.019885 0.001128 0.320300 0.011869 3.047903
0.570273 0.040548 0.035985 0.019844 0.001124 0.320343 0.011883 3.051860
0.570389 0.040439 0.035995 0.019843 0.001132 0.320305 0.011897 3.055899
0.570385 0.040454 0.035953 0.019915 0.001122 0.320259 0.011911 3.059887
0.570386 0.040456 0.035980 0.019909 0.001118 0.320224 0.011928 3.063871
0.570302 0.040528 0.035951 0.019859 0.001119 0.320302 0.011939 3.067798
0.570265 0.040517 0.035884 0.019868 0.001129 0.320386 0.011952 3.071798
0.570271 0.040504 0.035928 0.019865 0.001137 0.320328 0.011967 3.075795
0.570335 0.040461 0.035949 0.019842 0.001137 0.320297 0.011979 3.079852
0.570387 0.040387 0.035865 0.019895 0.001132 0.320343 0.011992 3.083866
0.570458 0.040382 0.035869 0.019907 0.001135 0.320245 0.012006 3.087837
0.570463 0.040465 0.035875 0.019917 0.001134 0.320129 0.012017 3.091754
0.570568 0.040428 0.035882 0.019929 0.001127 0.320034 0.012033 3.095752
0.570648 0.040483 0.035844 0.019881 0.001142 0.319960 0.012042 3.099685
0.570737 0.040438 0.035846 0.019838 0.001144 0.319940 0.012057 3.103660
0.570734 0.040404 0.035924 0.019845 0.001141 0.319879 0.012073 3.107652
0.570746 0.040516 0.035846 0.019865 0.001144 0.319797 0.012087 3.111603
0.570755 0.040553 0.035855 0.019739 0.001145 0.319854 0.012099 3.115587
0.570770 0.040518 0.035874 0.019701 0.001155 0.319869 0.012114 3.119563
0.570720 0.040634 0.035916 0.019634 0.001172 0.319797 0.012128 3.123522
0.570607 0.040765 0.035902 0.019639 0.001166 0.319776 0.012145 3.127465
0.570670 0.040722 0.035910 0.019691 0.001163 0.319690 0.012153 3.131527
0.570625 0.040719 0.035967 0.019687 0.001159 0.319674 0.012169 3.135540
0.570664 0.040831 0.035956 0.019710 0.001155 0.319507 0.012179 3.139458
0.570710 0.040820 0.036006 0.019711 0.001152 0.319409 0.012193 3.143444
0.570634 0.040969 0.035965 0.019744 0.001153 0.319331 0.012204 3.147393
0.570632 0.040958 0.035962 0.019801 0.001146 0.319279 0.012221 3.151408
0.570663 0.040905 0.036059 0.019845 0.001140 0.319150 0.012238 3.155436
0.570672 0.040950 0.035991 0.019859 0.001133 0.319143 0.012251 3.159358
0.570604 0.040990 0.035961 0.019836 0.001136 0.319204 0.012269 3.163333
0.570584 0.040886 0.036016 0.019943 0.001136 0.319148 0.012287 3.167445
0.570399 0.040904 0.035974 0.019937 0.001144 0.319342 0.012300 3.171452
0.570376 0.040820 0.035959 0.019941 0.001129 0.319457 0.012317 3.175507
0.570383 0.040813 0.035955 0.019934 0.001135 0.319453 0.012327 3.179526
0.570383 0.040748 0.035972 0.019875 0.001140 0.319542 0.012341 3.183518
0.570504 0.040660 0.035892 0.019920 0.001144 0.319526 0.012354 3.187472
0.570611 0.040648 0.035857 0.019871 0.001150 0.319493 0.012369 3.191401
0.570628 0.040665 0.035875 0.019832 0.001151 0.319467 0.012382 3.195390
0.570491 0.040767 0.035849 0.019842 0.001156 0.319499 0.012395 3.199334
0.570476 0.040819 0.035860 0.019864 0.001145 0.319422 0.012414 3.203327
0.570495 0.040686 0.035941 0.019909 0.001139 0.319404 0.012426 3.207387
0.570558 0.040656 0.035956 0.019872 0.001149 0.319369 0.012440 3.211379
0.570426 0.040721 0.035945 0.019873 0.001150 0.319432 0.012453 3.215374
0.570524 0.040609 0.035999 0.019859 0.001145 0.319399 0.012466 3.219394
0.570577 0.040606 0.035968 0.019834 0.001157 0.319382 0.012477 3.223365
0.570544 0.040678 0.036043 0.019853 0.001154 0.319239 0.012490 3.227379
0.570572 0.040624 0.036066 0.019876 0.001153 0.319209 0.012501 3.231348
0.570588 0.040562 0.036120 0.019885 0.001135 0.319194 0.012517 3.235412
0.570585 0.040509 0.036172 0.019870 0.001141 0.319193 0.012531 3.239442
0.570672 0.040436 0.036214 0.019879 0.001124 0.319126 0.012548 3.243462
0.570570 0.040450 0.036191 0.019863 0.001128 0.319239 0.012559 3.247455
0.570504 0.040525 0.036165 0.019813 0.001129 0.319292 0.012574 3.251401
0.570435 0.040558 0.036197 0.019844 0.001132 0.319242 0.012593 3.255401
0.570431 0.040595 0.036161 0.019825 0.001130 0.319253 0.012606 3.259337
0.570412 0.040549 0.036216 0.019803 0.001135 0.319266 0.012622 3.263383
0.570572 0.040442 0.036238 0.019784 0.001138 0.319194 0.012633 3.267383
0.570564 0.040518 0.036091 0.019753 0.001128 0.319300 0.012647 3.271314
0.570538 0.040587 0.036071 0.019766 0.001123 0.319255 0.012661 3.275248
0.570557 0.040687 0.036055 0.019730 0.001123 0.319172 0.012675 3.279104
0.570547 0.040692 0.035957 0.019786 0.001119 0.319207 0.012692 3.283039
0.570441 0.040774 0.035886 0.019790 0.001137 0.319270 0.012703 3.286976
0.570415 0.040742 0.035990 0.019786 0.001133 0.319219 0.012715 3.290990
0.570391 0.040810 0.035902 0.019821 0.001137 0.319213 0.012726 3.294979
0.570459 0.040767 0.035896 0.019827 0.001141 0.319166 0.012744 3.298985
0.570505 0.040721 0.035935 0.019884 0.001144 0.319055 0.012756 3.303031
0.570379 0.040836 0.035909 0.019924 0.001134 0.319048 0.012771 3.307009
0.570387 0.040834 0.035905 0.019927 0.001145 0.319018 0.012784 3.310996
0.570426 0.040805 0.035945 0.019899 0.001151 0.318978 0.012795 3.314981
0.570405 0.040791 0.035929 0.019921 0.001149 0.318998 0.012808 3.318970
0.570372 0.040817 0.035961 0.019968 0.001145 0.318912 0.012826 3.322983
0.570345 0.040845 0.035923 0.019969 0.001149 0.318930 0.012840 3.326926
0.570476 0.040811 0.035895 0.019976 0.001142 0.318846 0.012854 3.330909
0.570539 0.040783 0.035919 0.019935 0.001141 0.318816 0.012867 3.334882
0.570488 0.040832 0.035939 0.019959 0.001135 0.318767 0.012882 3.338894
0.570452 0.040966 0.035883 0.019894 0.001141 0.318771 0.012894 3.342809
0.570413 0.040959 0.035900 0.019966 0.001148 0.318705 0.012910 3.346764
0.570333 0.040967 0.035872 0.019996 0.001151 0.318758 0.012923 3.350793
0.570349 0.040857 0.035885 0.020004 0.001147 0.318825 0.012935 3.354805
0.570300 0.040900 0.035858 0.020029 0.001135 0.318829 0.012950 3.358797
0.570256 0.040940 0.035885 0.020051 0.001136 0.318768 0.012964 3.362792
0.570375 0.040846 0.035882 0.020082 0.001131 0.318708 0.012976 3.366772
0.570347 0.040801 0.035918 0.020079 0.001132 0.318730 0.012994 3.370768
0.570334 0.040705 0.035946 0.020108 0.001134 0.318769 0.013005 3.374835
0.570412 0.040576 0.035965 0.020116 0.001135 0.318775 0.013022 3.378877
0.570397 0.040516 0.035966 0.020164 0.001128 0.318788 0.013041 3.382916
0.570329 0.040494 0.035977 0.020128 0.001137 0.318885 0.013050 3.386900
0.570356 0.040528 0.035941 0.020079 0.001134 0.318896 0.013065 3.390837
0.570419 0.040558 0.035891 0.020005 0.001138 0.318906 0.013083 3.394761
0.570318 0.040634 0.035857 0.020019 0.001147 0.318926 0.013098 3.398741
0.570334 0.040612 0.035830 0.020009 0.001154 0.318953 0.013108 3.402750
0.570279 0.040624 0.035868 0.020031 0.001149 0.318926 0.013124 3.406779
0.570383 0.040550 0.035937 0.019973 0.001147 0.318871 0.013139 3.410797
0.570411 0.040512 0.035921 0.019979 0.001171 0.318859 0.013149 3.414813
0.570452 0.040506 0.035955 0.020009 0.001166 0.318753 0.013161 3.418856
0.570515 0.040503 0.035957 0.019938 0.001168 0.318745 0.013176 3.422765
0.570464 0.040514 0.035907 0.019908 0.001165 0.318854 0.013190 3.426726
0.570435 0.040554 0.035888 0.019911 0.001160 0.318848 0.013204 3.430666
0.570467 0.040526 0.035870 0.019843 0.001153 0.318920 0.013222 3.434635
0.570532 0.040497 0.035907 0.019882 0.001147 0.318797 0.013238 3.438662
0.570595 0.040427 0.035936 0.019819 0.001145 0.318829 0.013249 3.442625
0.570557 0.040452 0.035873 0.019859 0.001149 0.318849 0.013263 3.446585
0.570660 0.040363 0.035913 0.019817 0.001150 0.318820 0.013278 3.450588
0.570734 0.040253 0.035987 0.019817 0.001158 0.318762 0.013289 3.454580
0.570836 0.040198 0.035981 0.019872 0.001154 0.318655 0.013304 3.458551
0.570818 0.040175 0.036012 0.019887 0.001149 0.318638 0.013321 3.462556
0.570835 0.040324 0.035964 0.019868 0.001148 0.318528 0.013333 3.466434
0.570941 0.040276 0.035978 0.019830 0.001138 0.318486 0.013351 3.470396
0.570908 0.040375 0.035920 0.019800 0.001134 0.318498 0.013365 3.474268
0.571044 0.040342 0.035883 0.019794 0.001132 0.318428 0.013377 3.478236
0.571119 0.040264 0.035926 0.019822 0.001118 0.318358 0.013394 3.482235
0.571159 0.040294 0.035924 0.019804 0.001126 0.318291 0.013403 3.486194
0.571179 0.040302 0.035923 0.019722 0.001129 0.318328 0.013418 3.490136
0.571222 0.040291 0.035897 0.019771 0.001122 0.318263 0.013434 3.494093
0.571196 0.040234 0.035936 0.019784 0.001128 0.318275 0.013448 3.498077
0.571294 0.040207 0.035787 0.019774 0.001137 0.318340 0.013460 3.502041
0.571341 0.040245 0.035792 0.019795 0.001138 0.318212 0.013478 3.505996
0.571398 0.040320 0.035663 0.019796 0.001132 0.318197 0.013493 3.509905
0.571415 0.040323 0.035626 0.019783 0.001143 0.318208 0.013503 3.513847
0.571245 0.040446 0.035633 0.019782 0.001139 0.318236 0.013519 3.517825
0.571210 0.040485 0.035591 0.019702 0.001146 0.318335 0.013531 3.521735
0.571140 0.040471 0.035619 0.019733 0.001138 0.318352 0.013549 3.525701
0.571082 0.040488 0.035635 0.019764 0.001140 0.318332 0.013559 3.529679
0.571049 0.040520 0.035686 0.019765 0.001132 0.318273 0.013575 3.533686
0.570967 0.040591 0.035686 0.019766 0.001138 0.318264 0.013588 3.537641
0.570914 0.040585 0.035694 0.019789 0.001117 0.318293 0.013608 3.541682
0.571062 0.040649 0.035581 0.019762 0.001120 0.318206 0.013620 3.545583
0.571022 0.040608 0.035653 0.019794 0.001117 0.318172 0.013633 3.549611
0.571048 0.040519 0.035709 0.019835 0.001114 0.318128 0.013646 3.553610
0.570967 0.040621 0.035725 0.019829 0.001113 0.318083 0.013661 3.557587
0.570949 0.040613 0.035804 0.019815 0.001110 0.318036 0.013675 3.561573
0.570928 0.040632 0.035782 0.019801 0.001111 0.318054 0.013691 3.565574
0.570928 0.040569 0.035817 0.019841 0.001123 0.318020 0.013703 3.569604
0.570890 0.040524 0.035923 0.019887 0.001117 0.317945 0.013715 3.573626
0.570947 0.040397 0.035942 0.019899 0.001128 0.317962 0.013725 3.577690
0.570940 0.040436 0.035937 0.019807 0.001133 0.318011 0.013736 3.581646
0.571036 0.040476 0.035851 0.019784 0.001130 0.317974 0.013750 3.585546
0.571079 0.040471 0.035748 0.019783 0.001127 0.318029 0.013764 3.589489
0.571028 0.040519 0.035785 0.019769 0.001130 0.317992 0.013777 3.593496
0.570995 0.040640 0.035752 0.019822 0.001126 0.317876 0.013789 3.597416
0.571058 0.040622 0.035855 0.019800 0.001123 0.317740 0.013801 3.601406
0.571036 0.040654 0.035872 0.019809 0.001119 0.317692 0.013818 3.605391
0.570963 0.040697 0.035916 0.019857 0.001115 0.317620 0.013832 3.609401
0.570898 0.040724 0.035901 0.019849 0.001117 0.317663 0.013849 3.613412
0.570923 0.040710 0.035945 0.019843 0.001113 0.317605 0.013861 3.617402
0.570962 0.040686 0.035991 0.019863 0.001116 0.317508 0.013875 3.621406
0.570944 0.040755 0.035991 0.019842 0.001120 0.317460 0.013887 3.625380
0.570940 0.040783 0.036007 0.019822 0.001116 0.317433 0.013900 3.629370
0.570835 0.040828 0.036031 0.019788 0.001121 0.317485 0.013912 3.633380
0.570921 0.040732 0.036063 0.019814 0.001123 0.317419 0.013927 3.637446
0.570786 0.040737 0.036042 0.019858 0.001110 0.317521 0.013947 3.641449
0.570710 0.040835 0.036061 0.019817 0.001115 0.317505 0.013958 3.645395
0.570612 0.040817 0.036117 0.019840 0.001128 0.317516 0.013971 3.649445
0.570565 0.040819 0.036075 0.019845 0.001127 0.317586 0.013984 3.653446
0.570501 0.040875 0.036066 0.019776 0.001126 0.317661 0.013997 3.657454
0.570518 0.040801 0.036073 0.019858 0.001122 0.317620 0.014009 3.661505
0.570506 0.040791 0.036099 0.019840 0.001118 0.317625 0.014021 3.665494
0.570402 0.040898 0.036056 0.019812 0.001116 0.317683 0.014034 3.669452
0.570282 0.041077 0.036025 0.019755 0.001115 0.317705 0.014043 3.673409
0.570139 0.041070 0.036058 0.019852 0.001113 0.317718 0.014050 3.677491
0.570180 0.041036 0.036133 0.019831 0.001117 0.317640 0.014064 3.681470
0.570102 0.040973 0.036073 0.019941 0.001114 0.317720 0.014076 3.685556
0.570231 0.040879 0.036005 0.019983 0.001115 0.317700 0.014087 3.689571
0.570175 0.040876 0.036010 0.019937 0.001109 0.317792 0.014103 3.693565
0.570137 0.040907 0.036015 0.019919 0.001110 0.317794 0.014116 3.697553
0.570122 0.040844 0.036028 0.020014 0.001114 0.317752 0.014126 3.701636
0.570047 0.040812 0.036098 0.019984 0.001116 0.317805 0.014138 3.705656
0.569853 0.040844 0.036125 0.019975 0.001109 0.317945 0.014149 3.709659
0.569802 0.040804 0.036128 0.019995 0.001108 0.318002 0.014161 3.713679
0.569739 0.040793 0.036121 0.020015 0.001114 0.318048 0.014171 3.717714
0.569678 0.040834 0.036105 0.019980 0.001115 0.318100 0.014189 3.721708
0.569628 0.040809 0.036134 0.019937 0.001120 0.318167 0.014205 3.725721
0.569640 0.040714 0.036121 0.019927 0.001113 0.318265 0.014221 3.729754
0.569554 0.040677 0.036150 0.019908 0.001119 0.318357 0.014233 3.733802
0.569598 0.040693 0.036194 0.019974 0.001119 0.318168 0.014255 3.737831
0.569640 0.040675 0.036123 0.019942 0.001125 0.318228 0.014267 3.741802
0.569735 0.040595 0.036185 0.019917 0.001133 0.318154 0.014281 3.745826
0.569744 0.040523 0.036145 0.019966 0.001125 0.318205 0.014292 3.749862
0.569818 0.040523 0.036130 0.019950 0.001139 0.318131 0.014309 3.753841
0.569825 0.040585 0.036133 0.019874 0.001138 0.318123 0.014322 3.757824
0.569785 0.040542 0.036122 0.019915 0.001145 0.318156 0.014334 3.761836
0.569759 0.040660 0.035969 0.019946 0.001144 0.318174 0.014347 3.765700
0.569778 0.040608 0.036026 0.019962 0.001149 0.318115 0.014361 3.769720
0.569726 0.040577 0.036049 0.019925 0.001156 0.318193 0.014374 3.773779
0.569677 0.040611 0.036007 0.019940 0.001155 0.318221 0.014390 3.777734
0.569757 0.040557 0.036008 0.019915 0.001159 0.318204 0.014401 3.781724
0.569722 0.040542 0.036053 0.019937 0.001151 0.318181 0.014415 3.785758
0.569649 0.040530 0.036067 0.019950 0.001170 0.318210 0.014424 3.789781
0.569618 0.040534 0.036064 0.019944 0.001174 0.318229 0.014436 3.793780
0.569517 0.040491 0.036120 0.019964 0.001174 0.318282 0.014453 3.797797
0.569458 0.040544 0.036066 0.019992 0.001175 0.318302 0.014464 3.801776
0.569553 0.040526 0.036088 0.020042 0.001170 0.318145 0.014476 3.805749
0.569423 0.040591 0.036139 0.019984 0.001161 0.318209 0.014493 3.809698
0.569357 0.040600 0.036154 0.019984 0.001147 0.318247 0.014510 3.813696
0.569415 0.040649 0.036068 0.019952 0.001144 0.318247 0.014526 3.817607
