0.339089 0.061967 0.056326 0.032451 0.002114 0.501767 0.006288 1.647270
0.341803 0.059596 0.056214 0.032229 0.002128 0.501722 0.006308 1.653228
0.345274 0.056512 0.056016 0.031950 0.002143 0.501774 0.006332 1.658991
0.349449 0.053226 0.055702 0.031492 0.002149 0.501624 0.006358 1.664427
0.353854 0.050040 0.055063 0.030878 0.002146 0.501634 0.006384 1.669426
0.358689 0.046794 0.054364 0.030187 0.002151 0.501406 0.006411 1.674188
0.363705 0.043745 0.053516 0.029479 0.002141 0.500979 0.006437 1.678574
0.368777 0.040859 0.052428 0.028692 0.002137 0.500639 0.006469 1.682638
0.373941 0.038014 0.051372 0.027846 0.002130 0.500200 0.006498 1.686552
0.379298 0.035347 0.050152 0.027083 0.002115 0.499487 0.006520 1.690174
0.384687 0.032851 0.048924 0.026238 0.002103 0.498648 0.006549 1.693546
0.390065 0.030536 0.047612 0.025338 0.002101 0.497776 0.006574 1.696677
0.395516 0.028360 0.046365 0.024426 0.002080 0.496653 0.006601 1.699665
0.401075 0.026360 0.045007 0.023469 0.002075 0.495385 0.006629 1.702371
0.406616 0.024542 0.043610 0.022569 0.002038 0.493971 0.006655 1.704848
0.412252 0.022790 0.042145 0.021733 0.002008 0.492384 0.006688 1.707225
0.417867 0.021259 0.040566 0.020891 0.001977 0.490726 0.006713 1.709352
0.423478 0.019735 0.039170 0.020083 0.001949 0.488846 0.006741 1.711464
0.429069 0.018375 0.037763 0.019264 0.001913 0.486851 0.006765 1.713392
0.434664 0.017087 0.036334 0.018442 0.001876 0.484802 0.006794 1.715175
0.440236 0.015969 0.034925 0.017619 0.001850 0.482582 0.006818 1.716804
0.445679 0.014961 0.033552 0.016774 0.001832 0.480360 0.006841 1.718314
0.451286 0.013947 0.032175 0.016093 0.001802 0.477829 0.006867 1.719771
0.456790 0.013092 0.030854 0.015349 0.001767 0.475252 0.006895 1.721087
0.462448 0.012262 0.029592 0.014617 0.001730 0.472430 0.006921 1.722335
0.467892 0.011542 0.028305 0.013950 0.001709 0.469661 0.006941 1.723493
0.473342 0.010833 0.027048 0.013324 0.001686 0.466810 0.006958 1.724611
0.478820 0.010221 0.025920 0.012675 0.001658 0.463728 0.006979 1.725636
0.484076 0.009637 0.024776 0.012062 0.001630 0.460825 0.006994 1.726608
0.489513 0.009089 0.023688 0.011488 0.001587 0.457617 0.007018 1.727522
0.494782 0.008610 0.022586 0.010905 0.001558 0.454521 0.007037 1.728335
0.500137 0.008103 0.021558 0.010389 0.001529 0.451226 0.007058 1.729166
0.505406 0.007641 0.020616 0.009894 0.001492 0.447872 0.007079 1.729959
0.510619 0.007210 0.019689 0.009429 0.001460 0.444492 0.007101 1.730711
0.515916 0.006792 0.018807 0.008998 0.001431 0.440933 0.007122 1.731421
0.521072 0.006466 0.017970 0.008551 0.001391 0.437412 0.007138 1.732059
0.526257 0.006146 0.017157 0.008157 0.001351 0.433774 0.007159 1.732667
0.531399 0.005838 0.016381 0.007787 0.001317 0.430100 0.007178 1.733264
0.536552 0.005557 0.015668 0.007386 0.001286 0.426353 0.007198 1.733819
0.541549 0.005306 0.014978 0.007019 0.001264 0.422673 0.007211 1.734358
0.546649 0.005053 0.014305 0.006706 0.001235 0.418827 0.007225 1.734870
0.551666 0.004859 0.013666 0.006363 0.001198 0.415004 0.007245 1.735338
0.556560 0.004669 0.013042 0.006049 0.001167 0.411255 0.007258 1.735789
0.561468 0.004477 0.012457 0.005745 0.001141 0.407444 0.007269 1.736247
0.566313 0.004287 0.011847 0.005475 0.001116 0.403683 0.007278 1.736663
0.571203 0.004089 0.011326 0.005261 0.001087 0.399739 0.007295 1.737097
0.575866 0.003927 0.010796 0.005011 0.001075 0.396019 0.007307 1.737480
0.580609 0.003757 0.010311 0.004779 0.001053 0.392170 0.007321 1.737870
0.585340 0.003581 0.009835 0.004554 0.001021 0.388334 0.007336 1.738245
0.589995 0.003426 0.009410 0.004354 0.000993 0.384470 0.007353 1.738602
0.594530 0.003304 0.008983 0.004142 0.000960 0.380709 0.007371 1.738935
0.599096 0.003149 0.008572 0.003945 0.000935 0.376918 0.007385 1.739276
0.603545 0.003049 0.008218 0.003751 0.000907 0.373129 0.007401 1.739574
0.607957 0.002945 0.007872 0.003569 0.000872 0.369368 0.007416 1.739860
0.612387 0.002844 0.007521 0.003400 0.000848 0.365572 0.007428 1.740147
0.616739 0.002763 0.007189 0.003234 0.000823 0.361815 0.007438 1.740419
0.621050 0.002670 0.006865 0.003103 0.000803 0.358063 0.007446 1.740683
0.625339 0.002596 0.006571 0.002946 0.000781 0.354313 0.007455 1.740939
0.629534 0.002481 0.006267 0.002828 0.000757 0.350671 0.007462 1.741202
0.633722 0.002415 0.006007 0.002693 0.000733 0.346961 0.007469 1.741448
0.637949 0.002354 0.005743 0.002579 0.000714 0.343184 0.007477 1.741674
0.642148 0.002283 0.005513 0.002474 0.000690 0.339403 0.007490 1.741904
0.646253 0.002233 0.005270 0.002369 0.000667 0.335711 0.007497 1.742113
0.650198 0.002160 0.005048 0.002256 0.000643 0.332187 0.007509 1.742334
0.654193 0.002100 0.004835 0.002148 0.000622 0.328584 0.007520 1.742532
0.658147 0.002043 0.004643 0.002069 0.000601 0.324966 0.007533 1.742724
0.661985 0.002011 0.004451 0.001977 0.000588 0.321448 0.007539 1.742910
0.665829 0.001947 0.004282 0.001870 0.000568 0.317956 0.007548 1.743107
0.669616 0.001874 0.004128 0.001788 0.000553 0.314486 0.007556 1.743310
0.673368 0.001823 0.003974 0.001707 0.000538 0.311029 0.007562 1.743493
0.677096 0.001753 0.003839 0.001635 0.000521 0.307589 0.007568 1.743676
0.680764 0.001716 0.003687 0.001569 0.000502 0.304188 0.007575 1.743843
0.684396 0.001682 0.003562 0.001505 0.000485 0.300789 0.007582 1.744005
0.688039 0.001644 0.003412 0.001463 0.000470 0.297386 0.007588 1.744171
0.691662 0.001610 0.003275 0.001406 0.000456 0.293994 0.007596 1.744319
0.695260 0.001564 0.003180 0.001369 0.000439 0.290585 0.007604 1.744485
0.698783 0.001518 0.003070 0.001313 0.000428 0.287279 0.007609 1.744641
0.702276 0.001486 0.002946 0.001274 0.000410 0.283995 0.007614 1.744786
0.705679 0.001467 0.002839 0.001232 0.000401 0.280765 0.007618 1.744924
0.709104 0.001426 0.002727 0.001200 0.000385 0.277534 0.007624 1.745068
0.712460 0.001394 0.002632 0.001166 0.000371 0.274347 0.007631 1.745200
0.715816 0.001366 0.002521 0.001126 0.000361 0.271176 0.007634 1.745338
0.719032 0.001345 0.002439 0.001089 0.000352 0.268106 0.007639 1.745461
0.722292 0.001318 0.002361 0.001059 0.000339 0.264988 0.007644 1.745593
0.725482 0.001286 0.002281 0.001027 0.000329 0.261949 0.007647 1.745719
0.728804 0.001258 0.002214 0.000986 0.000320 0.258764 0.007654 1.745854
0.731898 0.001226 0.002140 0.000937 0.000311 0.255834 0.007656 1.745976
0.735003 0.001203 0.002058 0.000905 0.000298 0.252872 0.007662 1.746090
0.738054 0.001181 0.001993 0.000876 0.000289 0.249943 0.007667 1.746208
0.741078 0.001146 0.001944 0.000863 0.000278 0.247021 0.007671 1.746335
0.744079 0.001120 0.001897 0.000838 0.000267 0.244123 0.007676 1.746457
0.747093 0.001076 0.001850 0.000817 0.000257 0.241226 0.007682 1.746580
0.749966 0.001071 0.001792 0.000789 0.000253 0.238446 0.007685 1.746679
0.752891 0.001052 0.001720 0.000761 0.000240 0.235647 0.007690 1.746785
0.755706 0.001022 0.001682 0.000747 0.000233 0.232918 0.007693 1.746898
0.758543 0.000991 0.001632 0.000736 0.000224 0.230178 0.007696 1.747006
0.761337 0.000970 0.001571 0.000716 0.000215 0.227494 0.007699 1.747100
0.764076 0.000957 0.001534 0.000693 0.000208 0.224831 0.007703 1.747197
0.766808 0.000952 0.001498 0.000656 0.000201 0.222180 0.007705 1.747288
0.769481 0.000946 0.001458 0.000640 0.000193 0.219576 0.007707 1.747378
0.772151 0.000929 0.001409 0.000628 0.000183 0.216991 0.007710 1.747470
0.774783 0.000923 0.001364 0.000616 0.000179 0.214424 0.007712 1.747551
0.777363 0.000914 0.001331 0.000599 0.000171 0.211907 0.007716 1.747642
0.779931 0.000904 0.001297 0.000581 0.000162 0.209406 0.007720 1.747724
0.782357 0.000884 0.001273 0.000562 0.000155 0.207046 0.007723 1.747815
0.784853 0.000867 0.001236 0.000555 0.000152 0.204614 0.007724 1.747895
0.787358 0.000849 0.001197 0.000549 0.000148 0.202174 0.007726 1.747980
0.789851 0.000835 0.001167 0.000539 0.000144 0.199736 0.007728 1.748062
0.792299 0.000817 0.001146 0.000523 0.000141 0.197344 0.007730 1.748150
0.794674 0.000801 0.001130 0.000516 0.000137 0.195012 0.007732 1.748246
0.797074 0.000786 0.001093 0.000499 0.000133 0.192683 0.007734 1.748319
0.799447 0.000769 0.001071 0.000485 0.000130 0.190362 0.007738 1.748402
0.801758 0.000772 0.001044 0.000477 0.000126 0.188084 0.007740 1.748477
0.804027 0.000767 0.001022 0.000467 0.000123 0.185854 0.007743 1.748549
0.806307 0.000774 0.000988 0.000457 0.000121 0.183610 0.007743 1.748608
0.808524 0.000759 0.000970 0.000452 0.000117 0.181435 0.007745 1.748685
0.810681 0.000746 0.000952 0.000443 0.000113 0.179319 0.007746 1.748765
0.812836 0.000733 0.000939 0.000431 0.000110 0.177203 0.007748 1.748841
0.815061 0.000733 0.000919 0.000420 0.000106 0.175012 0.007750 1.748913
0.817159 0.000728 0.000908 0.000411 0.000104 0.172940 0.007750 1.748983
0.819277 0.000716 0.000897 0.000408 0.000099 0.170850 0.007753 1.749054
0.821351 0.000702 0.000880 0.000401 0.000098 0.168815 0.007753 1.749121
0.823426 0.000693 0.000867 0.000399 0.000093 0.166768 0.007755 1.749190
0.825476 0.000675 0.000856 0.000396 0.000089 0.164753 0.007756 1.749272
0.827514 0.000669 0.000843 0.000391 0.000085 0.162742 0.007757 1.749338
0.829540 0.000660 0.000818 0.000391 0.000083 0.160749 0.007760 1.749406
0.831472 0.000641 0.000811 0.000389 0.000081 0.158845 0.007761 1.749476
0.833407 0.000625 0.000803 0.000383 0.000079 0.156942 0.007762 1.749543
0.835262 0.000632 0.000784 0.000378 0.000077 0.155106 0.007762 1.749596
0.837098 0.000623 0.000769 0.000361 0.000075 0.153309 0.007765 1.749661
0.838978 0.000604 0.000753 0.000361 0.000073 0.151465 0.007767 1.749728
0.840733 0.000608 0.000722 0.000354 0.000071 0.149746 0.007768 1.749780
0.842516 0.000586 0.000711 0.000352 0.000067 0.147999 0.007769 1.749844
0.844344 0.000573 0.000701 0.000345 0.000066 0.146201 0.007770 1.749901
0.846064 0.000571 0.000685 0.000339 0.000066 0.144505 0.007770 1.749959
0.847796 0.000557 0.000682 0.000338 0.000064 0.142793 0.007771 1.750022
0.849536 0.000547 0.000669 0.000323 0.000061 0.141093 0.007772 1.750075
0.851197 0.000541 0.000655 0.000308 0.000061 0.139465 0.007773 1.750132
0.852854 0.000528 0.000641 0.000299 0.000059 0.137845 0.007774 1.750190
0.854539 0.000524 0.000629 0.000291 0.000058 0.136185 0.007774 1.750238
0.856247 0.000522 0.000616 0.000287 0.000057 0.134495 0.007776 1.750288
0.857876 0.000522 0.000600 0.000278 0.000056 0.132892 0.007777 1.750334
0.859487 0.000527 0.000584 0.000275 0.000055 0.131294 0.007777 1.750379
0.861056 0.000521 0.000572 0.000272 0.000054 0.129748 0.007777 1.750439
0.862569 0.000505 0.000570 0.000277 0.000054 0.128248 0.007777 1.750493
0.864112 0.000495 0.000568 0.000274 0.000051 0.126722 0.007778 1.750542
0.865599 0.000497 0.000560 0.000273 0.000050 0.125243 0.007779 1.750584
0.867059 0.000485 0.000552 0.000271 0.000047 0.123806 0.007779 1.750639
0.868526 0.000490 0.000531 0.000271 0.000045 0.122358 0.007780 1.750681
0.869955 0.000482 0.000522 0.000263 0.000044 0.120953 0.007781 1.750726
0.871359 0.000489 0.000518 0.000259 0.000044 0.119551 0.007781 1.750766
0.872699 0.000477 0.000522 0.000257 0.000042 0.118221 0.007782 1.750821
0.874051 0.000474 0.000509 0.000247 0.000040 0.116897 0.007783 1.750865
0.875384 0.000482 0.000504 0.000247 0.000040 0.115562 0.007783 1.750908
0.876711 0.000479 0.000496 0.000246 0.000038 0.114248 0.007784 1.750955
0.878057 0.000481 0.000490 0.000243 0.000036 0.112909 0.007785 1.750992
0.879299 0.000479 0.000488 0.000236 0.000037 0.111677 0.007785 1.751034
0.880563 0.000473 0.000487 0.000236 0.000036 0.110420 0.007786 1.751085
0.881749 0.000478 0.000490 0.000230 0.000038 0.109230 0.007786 1.751125
0.882978 0.000477 0.000473 0.000229 0.000037 0.108022 0.007786 1.751168
0.884214 0.000469 0.000479 0.000229 0.000035 0.106789 0.007786 1.751217
0.885379 0.000467 0.000472 0.000229 0.000034 0.105632 0.007787 1.751263
0.886510 0.000451 0.000477 0.000228 0.000033 0.104515 0.007787 1.751312
0.887631 0.000452 0.000480 0.000226 0.000032 0.103391 0.007788 1.751363
0.888716 0.000451 0.000477 0.000221 0.000030 0.102318 0.007788 1.751408
0.889822 0.000460 0.000468 0.000221 0.000028 0.101213 0.007789 1.751451
0.890866 0.000468 0.000463 0.000216 0.000027 0.100172 0.007789 1.751491
0.891924 0.000475 0.000464 0.000219 0.000026 0.099104 0.007790 1.751539
0.892930 0.000474 0.000460 0.000219 0.000024 0.098102 0.007791 1.751584
0.893931 0.000472 0.000450 0.000224 0.000025 0.097108 0.007791 1.751630
0.894903 0.000472 0.000449 0.000225 0.000024 0.096135 0.007791 1.751678
0.895897 0.000473 0.000450 0.000223 0.000025 0.095141 0.007791 1.751723
0.896875 0.000467 0.000456 0.000220 0.000025 0.094167 0.007791 1.751771
0.897865 0.000453 0.000454 0.000219 0.000024 0.093194 0.007791 1.751824
0.898789 0.000450 0.000459 0.000217 0.000024 0.092270 0.007791 1.751874
0.899729 0.000448 0.000459 0.000212 0.000024 0.091337 0.007791 1.751920
0.900639 0.000436 0.000458 0.000215 0.000023 0.090437 0.007792 1.751971
0.901542 0.000431 0.000466 0.000210 0.000023 0.089537 0.007792 1.752017
0.902391 0.000437 0.000460 0.000216 0.000022 0.088682 0.007793 1.752060
0.903235 0.000444 0.000450 0.000215 0.000023 0.087842 0.007793 1.752101
0.904091 0.000433 0.000455 0.000207 0.000024 0.086998 0.007793 1.752149
0.904915 0.000438 0.000444 0.000205 0.000024 0.086181 0.007793 1.752187
0.905751 0.000431 0.000441 0.000207 0.000025 0.085353 0.007794 1.752232
0.906538 0.000432 0.000432 0.000204 0.000025 0.084576 0.007794 1.752270
0.907309 0.000438 0.000424 0.000205 0.000024 0.083806 0.007795 1.752311
0.908071 0.000434 0.000417 0.000204 0.000022 0.083057 0.007795 1.752352
0.908836 0.000428 0.000417 0.000204 0.000021 0.082299 0.007796 1.752400
0.909598 0.000429 0.000412 0.000203 0.000021 0.081542 0.007797 1.752439
0.910300 0.000429 0.000417 0.000204 0.000022 0.080833 0.007797 1.752488
0.911017 0.000429 0.000407 0.000204 0.000022 0.080126 0.007797 1.752527
0.911717 0.000441 0.000395 0.000198 0.000021 0.079431 0.007797 1.752560
0.912427 0.000450 0.000387 0.000196 0.000020 0.078723 0.007798 1.752602
0.913082 0.000443 0.000401 0.000197 0.000020 0.078060 0.007798 1.752652
0.913735 0.000439 0.000403 0.000190 0.000019 0.077417 0.007798 1.752692
0.914420 0.000442 0.000397 0.000180 0.000019 0.076744 0.007798 1.752726
0.915078 0.000438 0.000397 0.000176 0.000019 0.076094 0.007798 1.752766
0.915706 0.000438 0.000392 0.000180 0.000019 0.075467 0.007799 1.752806
0.916322 0.000444 0.000396 0.000186 0.000019 0.074835 0.007799 1.752850
0.916928 0.000444 0.000396 0.000188 0.000019 0.074228 0.007799 1.752894
0.917548 0.000430 0.000395 0.000190 0.000017 0.073621 0.007800 1.752941
0.918134 0.000432 0.000396 0.000186 0.000017 0.073036 0.007800 1.752980
0.918680 0.000430 0.000398 0.000187 0.000016 0.072489 0.007800 1.753027
0.919259 0.000432 0.000398 0.000192 0.000016 0.071903 0.007801 1.753074
0.919821 0.000433 0.000402 0.000199 0.000015 0.071328 0.007801 1.753120
0.920386 0.000423 0.000403 0.000196 0.000015 0.070777 0.007801 1.753166
0.920928 0.000425 0.000399 0.000199 0.000014 0.070235 0.007801 1.753208
0.921457 0.000423 0.000406 0.000191 0.000015 0.069708 0.007801 1.753249
0.921986 0.000428 0.000402 0.000191 0.000015 0.069179 0.007801 1.753287
0.922499 0.000435 0.000407 0.000186 0.000016 0.068657 0.007801 1.753326
0.922992 0.000431 0.000405 0.000184 0.000015 0.068172 0.007802 1.753364
0.923484 0.000427 0.000398 0.000192 0.000016 0.067682 0.007802 1.753408
0.923974 0.000432 0.000397 0.000183 0.000016 0.067197 0.007802 1.753447
0.924449 0.000432 0.000400 0.000188 0.000016 0.066713 0.007802 1.753489
0.924897 0.000437 0.000404 0.000186 0.000016 0.066259 0.007802 1.753535
0.925404 0.000435 0.000395 0.000188 0.000017 0.065760 0.007802 1.753577
0.925873 0.000441 0.000398 0.000188 0.000017 0.065282 0.007802 1.753620
0.926330 0.000445 0.000401 0.000187 0.000015 0.064820 0.007802 1.753661
0.926805 0.000438 0.000407 0.000186 0.000015 0.064346 0.007802 1.753704
0.927286 0.000449 0.000403 0.000184 0.000015 0.063862 0.007802 1.753737
0.927738 0.000440 0.000405 0.000184 0.000015 0.063415 0.007803 1.753782
0.928164 0.000441 0.000408 0.000185 0.000015 0.062985 0.007803 1.753823
0.928559 0.000447 0.000404 0.000189 0.000013 0.062585 0.007803 1.753865
0.928965 0.000452 0.000403 0.000185 0.000012 0.062182 0.007804 1.753904
0.929343 0.000455 0.000403 0.000190 0.000011 0.061794 0.007804 1.753947
0.929719 0.000458 0.000402 0.000192 0.000012 0.061415 0.007804 1.753990
0.930090 0.000458 0.000408 0.000184 0.000011 0.061047 0.007804 1.754035
0.930467 0.000462 0.000405 0.000185 0.000012 0.060667 0.007804 1.754077
0.930792 0.000457 0.000412 0.000187 0.000012 0.060338 0.007804 1.754125
0.931136 0.000458 0.000414 0.000188 0.000013 0.059990 0.007804 1.754172
0.931468 0.000460 0.000416 0.000189 0.000012 0.059651 0.007804 1.754216
0.931779 0.000466 0.000420 0.000190 0.000012 0.059330 0.007804 1.754263
0.932119 0.000466 0.000418 0.000194 0.000013 0.058987 0.007804 1.754310
0.932431 0.000473 0.000419 0.000194 0.000013 0.058666 0.007805 1.754355
0.932750 0.000475 0.000423 0.000195 0.000012 0.058342 0.007805 1.754397
0.933061 0.000478 0.000424 0.000194 0.000011 0.058028 0.007805 1.754439
0.933348 0.000482 0.000431 0.000194 0.000011 0.057730 0.007805 1.754482
0.933647 0.000474 0.000432 0.000195 0.000011 0.057436 0.007805 1.754536
0.933915 0.000478 0.000433 0.000199 0.000010 0.057160 0.007806 1.754585
0.934171 0.000480 0.000440 0.000201 0.000010 0.056893 0.007806 1.754633
0.934449 0.000483 0.000434 0.000199 0.000010 0.056620 0.007806 1.754679
0.934717 0.000485 0.000438 0.000202 0.000009 0.056344 0.007807 1.754726
0.934946 0.000498 0.000439 0.000197 0.000008 0.056105 0.007807 1.754766
0.935185 0.000500 0.000448 0.000204 0.000008 0.055849 0.007807 1.754819
0.935422 0.000503 0.000444 0.000203 0.000009 0.055614 0.007807 1.754864
0.935647 0.000504 0.000454 0.000202 0.000009 0.055377 0.007807 1.754916
0.935890 0.000515 0.000454 0.000205 0.000009 0.055122 0.007807 1.754967
0.936115 0.000528 0.000456 0.000200 0.000010 0.054884 0.007807 1.755007
0.936344 0.000526 0.000464 0.000203 0.000010 0.054647 0.007807 1.755068
0.936575 0.000525 0.000459 0.000204 0.000009 0.054422 0.007807 1.755117
0.936795 0.000530 0.000468 0.000205 0.000009 0.054187 0.007808 1.755165
0.937014 0.000539 0.000453 0.000210 0.000008 0.053970 0.007808 1.755207
0.937231 0.000535 0.000447 0.000216 0.000008 0.053757 0.007808 1.755260
0.937442 0.000534 0.000443 0.000217 0.000007 0.053550 0.007808 1.755310
0.937635 0.000527 0.000459 0.000217 0.000007 0.053348 0.007808 1.755368
0.937846 0.000536 0.000458 0.000217 0.000007 0.053130 0.007808 1.755414
0.938047 0.000535 0.000460 0.000217 0.000007 0.052927 0.007808 1.755463
0.938214 0.000556 0.000457 0.000216 0.000007 0.052743 0.007808 1.755508
0.938403 0.000558 0.000465 0.000217 0.000007 0.052542 0.007809 1.755564
0.938569 0.000550 0.000476 0.000220 0.000007 0.052371 0.007809 1.755622
0.938750 0.000550 0.000475 0.000216 0.000006 0.052195 0.007810 1.755666
0.938910 0.000538 0.000490 0.000218 0.000007 0.052028 0.007810 1.755725
0.939080 0.000543 0.000493 0.000217 0.000008 0.051850 0.007810 1.755770
0.939245 0.000549 0.000492 0.000222 0.000008 0.051676 0.007810 1.755824
0.939413 0.000558 0.000489 0.000218 0.000008 0.051505 0.007810 1.755869
0.939554 0.000564 0.000487 0.000216 0.000010 0.051360 0.007810 1.755922
0.939694 0.000563 0.000496 0.000220 0.000012 0.051206 0.007810 1.755986
0.939832 0.000569 0.000503 0.000224 0.000012 0.051051 0.007810 1.756045
0.939947 0.000568 0.000511 0.000234 0.000011 0.050921 0.007810 1.756106
0.940081 0.000576 0.000508 0.000233 0.000010 0.050783 0.007810 1.756159
0.940202 0.000571 0.000514 0.000228 0.000011 0.050664 0.007810 1.756221
0.940315 0.000581 0.000507 0.000236 0.000011 0.050541 0.007810 1.756277
0.940472 0.000586 0.000512 0.000235 0.000011 0.050375 0.007810 1.756331
0.940588 0.000591 0.000512 0.000239 0.000010 0.050251 0.007811 1.756394
0.940716 0.000584 0.000514 0.000245 0.000010 0.050121 0.007811 1.756452
0.940839 0.000584 0.000506 0.000245 0.000010 0.050006 0.007811 1.756508
0.940964 0.000580 0.000512 0.000250 0.000010 0.049874 0.007811 1.756566
0.941086 0.000581 0.000522 0.000252 0.000010 0.049738 0.007811 1.756628
0.941208 0.000580 0.000529 0.000248 0.000011 0.049613 0.007811 1.756686
0.941329 0.000578 0.000531 0.000253 0.000011 0.049487 0.007812 1.756742
0.941444 0.000570 0.000533 0.000254 0.000010 0.049377 0.007812 1.756804
0.941579 0.000567 0.000528 0.000257 0.000010 0.049247 0.007812 1.756860
0.941701 0.000566 0.000526 0.000256 0.000010 0.049130 0.007812 1.756918
0.941817 0.000560 0.000535 0.000252 0.000011 0.049013 0.007813 1.756978
0.941936 0.000560 0.000537 0.000245 0.000010 0.048899 0.007813 1.757032
0.942051 0.000555 0.000535 0.000244 0.000009 0.048793 0.007813 1.757087
0.942146 0.000571 0.000536 0.000237 0.000008 0.048690 0.007813 1.757136
0.942245 0.000570 0.000537 0.000242 0.000009 0.048584 0.007814 1.757192
0.942341 0.000556 0.000538 0.000241 0.000010 0.048501 0.007814 1.757255
0.942439 0.000555 0.000531 0.000245 0.000010 0.048406 0.007814 1.757310
0.942549 0.000565 0.000531 0.000241 0.000011 0.048290 0.007814 1.757363
0.942655 0.000556 0.000519 0.000245 0.000012 0.048201 0.007814 1.757413
0.942768 0.000550 0.000521 0.000247 0.000012 0.048089 0.007814 1.757471
0.942855 0.000546 0.000527 0.000246 0.000011 0.048002 0.007814 1.757531
0.942961 0.000547 0.000533 0.000239 0.000010 0.047896 0.007814 1.757584
0.943068 0.000539 0.000540 0.000239 0.000010 0.047791 0.007815 1.757642
0.943151 0.000537 0.000533 0.000241 0.000010 0.047713 0.007815 1.757698
0.943224 0.000545 0.000529 0.000241 0.000012 0.047635 0.007815 1.757747
0.943316 0.000540 0.000533 0.000241 0.000012 0.047544 0.007815 1.757806
0.943405 0.000525 0.000528 0.000246 0.000011 0.047470 0.007815 1.757872
0.943491 0.000523 0.000526 0.000247 0.000012 0.047388 0.007815 1.757926
0.943573 0.000530 0.000516 0.000245 0.000012 0.047309 0.007815 1.757973
0.943665 0.000513 0.000524 0.000249 0.000012 0.047223 0.007815 1.758033
0.943730 0.000523 0.000523 0.000249 0.000011 0.047149 0.007815 1.758079
0.943802 0.000525 0.000521 0.000251 0.000011 0.047076 0.007815 1.758130
0.943884 0.000522 0.000518 0.000248 0.000011 0.047002 0.007815 1.758178
0.943970 0.000519 0.000513 0.000248 0.000011 0.046923 0.007816 1.758229
0.944041 0.000512 0.000510 0.000254 0.000011 0.046856 0.007817 1.758285
0.944123 0.000510 0.000506 0.000250 0.000011 0.046784 0.007817 1.758333
0.944176 0.000509 0.000511 0.000241 0.000010 0.046736 0.007817 1.758394
0.944247 0.000514 0.000500 0.000247 0.000010 0.046666 0.007817 1.758443
0.944313 0.000517 0.000495 0.000252 0.000010 0.046596 0.007818 1.758496
0.944370 0.000523 0.000500 0.000249 0.000010 0.046532 0.007818 1.758548
0.944424 0.000537 0.000498 0.000247 0.000010 0.046467 0.007818 1.758598
0.944502 0.000530 0.000496 0.000246 0.000010 0.046399 0.007818 1.758648
0.944600 0.000529 0.000495 0.000244 0.000012 0.046304 0.007818 1.758697
0.944665 0.000527 0.000500 0.000241 0.000012 0.046238 0.007818 1.758751
0.944721 0.000528 0.000504 0.000233 0.000013 0.046184 0.007818 1.758801
0.944788 0.000524 0.000504 0.000232 0.000012 0.046122 0.007818 1.758858
0.944854 0.000524 0.000498 0.000228 0.000012 0.046066 0.007818 1.758909
0.944896 0.000531 0.000506 0.000224 0.000011 0.046015 0.007818 1.758962
0.944966 0.000522 0.000509 0.000223 0.000012 0.045950 0.007818 1.759021
0.945028 0.000520 0.000500 0.000222 0.000013 0.045900 0.007818 1.759074
0.945084 0.000519 0.000502 0.000225 0.000013 0.045839 0.007818 1.759128
0.945137 0.000531 0.000508 0.000216 0.000013 0.045776 0.007818 1.759176
0.945200 0.000536 0.000502 0.000215 0.000013 0.045716 0.007818 1.759223
0.945258 0.000533 0.000495 0.000210 0.000013 0.045673 0.007818 1.759272
0.945300 0.000535 0.000502 0.000208 0.000014 0.045622 0.007818 1.759326
0.945354 0.000533 0.000505 0.000215 0.000013 0.045562 0.007819 1.759384
0.945414 0.000516 0.000510 0.000225 0.000013 0.045504 0.007819 1.759448
0.945471 0.000510 0.000510 0.000224 0.000013 0.045454 0.007819 1.759503
0.945520 0.000507 0.000521 0.000227 0.000012 0.045395 0.007819 1.759561
0.945559 0.000508 0.000525 0.000222 0.000012 0.045355 0.007819 1.759615
0.945620 0.000500 0.000536 0.000216 0.000011 0.045298 0.007819 1.759672
0.945657 0.000499 0.000532 0.000215 0.000011 0.045267 0.007819 1.759726
0.945693 0.000504 0.000530 0.000209 0.000011 0.045234 0.007819 1.759778
0.945748 0.000508 0.000521 0.000207 0.000011 0.045185 0.007820 1.759825
0.945781 0.000514 0.000514 0.000212 0.000009 0.045151 0.007820 1.759872
0.945823 0.000512 0.000517 0.000215 0.000009 0.045104 0.007820 1.759927
0.945862 0.000533 0.000512 0.000209 0.000010 0.045055 0.007820 1.759970
0.945919 0.000515 0.000519 0.000211 0.000010 0.045006 0.007820 1.760029
0.945957 0.000520 0.000519 0.000207 0.000010 0.044967 0.007820 1.760085
0.945994 0.000524 0.000513 0.000203 0.000010 0.044936 0.007820 1.760134
0.946037 0.000530 0.000510 0.000202 0.000011 0.044891 0.007820 1.760181
0.946076 0.000530 0.000514 0.000205 0.000011 0.044844 0.007821 1.760235
0.946111 0.000525 0.000513 0.000213 0.000012 0.044805 0.007821 1.760294
0.946148 0.000528 0.000525 0.000215 0.000011 0.044753 0.007821 1.760353
0.946177 0.000532 0.000526 0.000221 0.000011 0.044713 0.007821 1.760412
0.946232 0.000528 0.000527 0.000224 0.000012 0.044657 0.007821 1.760467
0.946256 0.000539 0.000526 0.000225 0.000012 0.044621 0.007821 1.760519
0.946275 0.000551 0.000520 0.000222 0.000012 0.044599 0.007821 1.760570
0.946314 0.000551 0.000521 0.000222 0.000012 0.044561 0.007821 1.760624
0.946344 0.000553 0.000524 0.000228 0.000010 0.044521 0.007822 1.760681
0.946371 0.000554 0.000514 0.000227 0.000011 0.044502 0.007822 1.760735
0.946396 0.000554 0.000520 0.000228 0.000011 0.044469 0.007822 1.760795
0.946411 0.000563 0.000512 0.000227 0.000011 0.044455 0.007822 1.760842
0.946424 0.000570 0.000517 0.000221 0.000011 0.044435 0.007822 1.760896
0.946447 0.000570 0.000525 0.000221 0.000012 0.044402 0.007822 1.760955
0.946470 0.000564 0.000522 0.000229 0.000012 0.044382 0.007822 1.761013
0.946497 0.000561 0.000523 0.000225 0.000012 0.044360 0.007823 1.761071
0.946527 0.000561 0.000525 0.000225 0.000012 0.044328 0.007823 1.761124
0.946544 0.000569 0.000525 0.000231 0.000011 0.044298 0.007824 1.761178
0.946557 0.000563 0.000524 0.000231 0.000011 0.044292 0.007824 1.761243
0.946582 0.000555 0.000525 0.000237 0.000012 0.044266 0.007824 1.761303
0.946611 0.000552 0.000532 0.000235 0.000012 0.044235 0.007824 1.761362
0.946636 0.000552 0.000530 0.000234 0.000010 0.044212 0.007825 1.761412
0.946669 0.000552 0.000521 0.000232 0.000010 0.044190 0.007826 1.761459
0.946690 0.000545 0.000522 0.000239 0.000011 0.044168 0.007826 1.761517
0.946706 0.000544 0.000531 0.000244 0.000012 0.044139 0.007826 1.761577
0.946743 0.000540 0.000525 0.000249 0.000012 0.044106 0.007826 1.761630
0.946765 0.000540 0.000525 0.000250 0.000012 0.044083 0.007826 1.761683
0.946801 0.000536 0.000518 0.000249 0.000012 0.044058 0.007826 1.761731
0.946843 0.000525 0.000518 0.000247 0.000013 0.044030 0.007826 1.761790
0.946869 0.000521 0.000514 0.000244 0.000013 0.044014 0.007826 1.761842
0.946896 0.000516 0.000513 0.000238 0.000013 0.043998 0.007826 1.761894
0.946923 0.000514 0.000503 0.000235 0.000013 0.043986 0.007826 1.761944
0.946955 0.000519 0.000497 0.000237 0.000013 0.043952 0.007826 1.761987
0.946974 0.000525 0.000487 0.000232 0.000013 0.043941 0.007826 1.762035
0.946981 0.000537 0.000477 0.000229 0.000013 0.043937 0.007826 1.762078
0.947000 0.000539 0.000477 0.000227 0.000013 0.043919 0.007827 1.762129
0.947020 0.000539 0.000474 0.000230 0.000013 0.043898 0.007827 1.762176
0.947036 0.000543 0.000475 0.000231 0.000012 0.043876 0.007827 1.762228
0.947068 0.000538 0.000481 0.000234 0.000012 0.043839 0.007827 1.762283
0.947074 0.000534 0.000485 0.000232 0.000013 0.043835 0.007827 1.762340
0.947088 0.000539 0.000487 0.000235 0.000012 0.043811 0.007828 1.762393
0.947120 0.000541 0.000483 0.000229 0.000012 0.043787 0.007828 1.762439
0.947147 0.000548 0.000475 0.000225 0.000013 0.043764 0.007828 1.762484
0.947161 0.000550 0.000477 0.000231 0.000013 0.043740 0.007828 1.762532
0.947194 0.000541 0.000475 0.000233 0.000013 0.043716 0.007829 1.762584
0.947208 0.000547 0.000476 0.000233 0.000012 0.043695 0.007829 1.762632
0.947237 0.000545 0.000480 0.000237 0.000013 0.043658 0.007829 1.762686
0.947257 0.000542 0.000487 0.000237 0.000013 0.043635 0.007829 1.762746
0.947282 0.000542 0.000486 0.000236 0.000015 0.043609 0.007829 1.762793
0.947298 0.000552 0.000481 0.000232 0.000015 0.043593 0.007829 1.762842
0.947328 0.000551 0.000469 0.000234 0.000017 0.043572 0.007829 1.762891
0.947337 0.000554 0.000464 0.000235 0.000018 0.043564 0.007829 1.762941
0.947353 0.000549 0.000465 0.000241 0.000016 0.043547 0.007830 1.763001
0.947359 0.000556 0.000463 0.000244 0.000016 0.043531 0.007830 1.763052
0.947373 0.000560 0.000466 0.000247 0.000017 0.043506 0.007830 1.763109
0.947392 0.000568 0.000468 0.000246 0.000016 0.043480 0.007830 1.763158
0.947397 0.000561 0.000475 0.000253 0.000016 0.043469 0.007830 1.763219
0.947422 0.000553 0.000472 0.000254 0.000016 0.043452 0.007831 1.763273
0.947435 0.000549 0.000476 0.000250 0.000017 0.043441 0.007831 1.763326
0.947436 0.000549 0.000492 0.000244 0.000018 0.043431 0.007831 1.763387
0.947448 0.000546 0.000495 0.000245 0.000018 0.043416 0.007831 1.763442
0.947457 0.000545 0.000500 0.000241 0.000018 0.043408 0.007831 1.763501
0.947477 0.000546 0.000496 0.000235 0.000018 0.043397 0.007831 1.763551
0.947492 0.000549 0.000495 0.000235 0.000019 0.043379 0.007831 1.763599
0.947501 0.000546 0.000498 0.000240 0.000018 0.043366 0.007831 1.763656
0.947507 0.000544 0.000504 0.000240 0.000019 0.043355 0.007831 1.763711
0.947514 0.000559 0.000499 0.000237 0.000019 0.043340 0.007831 1.763753
0.947520 0.000559 0.000505 0.000240 0.000019 0.043325 0.007831 1.763813
0.947518 0.000567 0.000499 0.000246 0.000021 0.043319 0.007831 1.763863
0.947527 0.000571 0.000503 0.000240 0.000020 0.043308 0.007832 1.763917
0.947537 0.000575 0.000503 0.000232 0.000019 0.043302 0.007832 1.763969
0.947526 0.000586 0.000505 0.000235 0.000019 0.043297 0.007832 1.764023
0.947527 0.000576 0.000515 0.000237 0.000019 0.043294 0.007832 1.764089
0.947520 0.000582 0.000511 0.000244 0.000018 0.043294 0.007832 1.764146
0.947529 0.000584 0.000510 0.000244 0.000018 0.043284 0.007832 1.764199
0.947532 0.000588 0.000518 0.000244 0.000018 0.043270 0.007832 1.764256
0.947540 0.000595 0.000519 0.000234 0.000018 0.043261 0.007832 1.764307
0.947542 0.000594 0.000524 0.000245 0.000018 0.043244 0.007832 1.764374
0.947551 0.000587 0.000527 0.000244 0.000019 0.043241 0.007832 1.764432
0.947559 0.000583 0.000532 0.000245 0.000019 0.043231 0.007832 1.764493
0.947557 0.000572 0.000541 0.000246 0.000018 0.043234 0.007833 1.764555
0.947567 0.000575 0.000528 0.000244 0.000018 0.043235 0.007833 1.764608
0.947566 0.000569 0.000530 0.000242 0.000017 0.043244 0.007833 1.764669
0.947578 0.000560 0.000532 0.000237 0.000016 0.043244 0.007833 1.764725
0.947583 0.000556 0.000536 0.000241 0.000017 0.043234 0.007833 1.764782
0.947585 0.000554 0.000532 0.000238 0.000018 0.043239 0.007833 1.764840
0.947599 0.000559 0.000525 0.000237 0.000018 0.043229 0.007833 1.764888
0.947603 0.000555 0.000515 0.000236 0.000019 0.043240 0.007833 1.764941
0.947612 0.000561 0.000514 0.000231 0.000019 0.043229 0.007833 1.764991
0.947622 0.000550 0.000522 0.000233 0.000018 0.043222 0.007833 1.765050
0.947626 0.000558 0.000524 0.000229 0.000018 0.043212 0.007833 1.765103
0.947629 0.000561 0.000518 0.000226 0.000017 0.043217 0.007833 1.765153
0.947653 0.000540 0.000525 0.000228 0.000016 0.043205 0.007834 1.765220
0.947660 0.000552 0.000516 0.000226 0.000016 0.043198 0.007834 1.765262
0.947681 0.000548 0.000516 0.000219 0.000016 0.043186 0.007834 1.765311
0.947684 0.000558 0.000519 0.000215 0.000014 0.043176 0.007835 1.765363
0.947701 0.000544 0.000508 0.000218 0.000015 0.043180 0.007835 1.765418
0.947715 0.000538 0.000510 0.000225 0.000015 0.043162 0.007835 1.765471
0.947723 0.000531 0.000506 0.000229 0.000015 0.043162 0.007836 1.765526
0.947730 0.000529 0.000509 0.000222 0.000015 0.043160 0.007836 1.765578
0.947741 0.000520 0.000512 0.000225 0.000013 0.043152 0.007837 1.765637
0.947754 0.000510 0.000518 0.000225 0.000013 0.043144 0.007837 1.765691
0.947770 0.000506 0.000520 0.000226 0.000013 0.043128 0.007838 1.765742
0.947783 0.000499 0.000521 0.000226 0.000013 0.043120 0.007838 1.765794
0.947803 0.000491 0.000523 0.000225 0.000013 0.043107 0.007838 1.765848
0.947808 0.000496 0.000526 0.000224 0.000013 0.043096 0.007838 1.765896
0.947823 0.000497 0.000516 0.000227 0.000013 0.043087 0.007838 1.765942
0.947839 0.000497 0.000518 0.000228 0.000013 0.043066 0.007838 1.765991
0.947841 0.000495 0.000522 0.000223 0.000014 0.043067 0.007839 1.766044
0.947846 0.000496 0.000522 0.000222 0.000015 0.043061 0.007839 1.766096
0.947842 0.000509 0.000516 0.000224 0.000017 0.043054 0.007839 1.766140
0.947851 0.000509 0.000509 0.000221 0.000017 0.043055 0.007839 1.766191
0.947866 0.000498 0.000496 0.000224 0.000016 0.043061 0.007840 1.766248
0.947873 0.000499 0.000486 0.000219 0.000015 0.043068 0.007841 1.766297
0.947873 0.000500 0.000491 0.000218 0.000014 0.043062 0.007841 1.766349
0.947884 0.000497 0.000491 0.000219 0.000014 0.043055 0.007841 1.766404
0.947897 0.000502 0.000490 0.000211 0.000014 0.043044 0.007841 1.766449
0.947904 0.000508 0.000482 0.000217 0.000014 0.043033 0.007841 1.766495
0.947910 0.000519 0.000476 0.000219 0.000014 0.043021 0.007841 1.766541
0.947917 0.000521 0.000474 0.000216 0.000013 0.043019 0.007841 1.766590
0.947923 0.000520 0.000476 0.000212 0.000012 0.043015 0.007842 1.766640
0.947932 0.000501 0.000471 0.000215 0.000012 0.043028 0.007842 1.766693
0.947944 0.000493 0.000474 0.000216 0.000013 0.043019 0.007842 1.766745
0.947956 0.000491 0.000483 0.000215 0.000013 0.043000 0.007842 1.766796
0.947975 0.000496 0.000474 0.000215 0.000013 0.042984 0.007843 1.766834
0.948001 0.000494 0.000469 0.000215 0.000012 0.042966 0.007844 1.766877
0.948026 0.000491 0.000472 0.000210 0.000012 0.042946 0.007844 1.766919
0.948035 0.000492 0.000465 0.000217 0.000012 0.042935 0.007844 1.766967
0.948052 0.000491 0.000469 0.000210 0.000010 0.042924 0.007844 1.767014
0.948056 0.000491 0.000467 0.000215 0.000010 0.042917 0.007844 1.767063
0.948074 0.000480 0.000473 0.000220 0.000011 0.042898 0.007844 1.767119
0.948074 0.000485 0.000467 0.000219 0.000010 0.042901 0.007844 1.767161
0.948076 0.000483 0.000466 0.000218 0.000010 0.042904 0.007844 1.767211
0.948080 0.000494 0.000463 0.000211 0.000010 0.042898 0.007844 1.767250
0.948087 0.000497 0.000470 0.000208 0.000011 0.042883 0.007844 1.767299
0.948082 0.000502 0.000468 0.000207 0.000010 0.042887 0.007845 1.767346
0.948101 0.000496 0.000474 0.000207 0.000011 0.042867 0.007845 1.767395
0.948099 0.000503 0.000475 0.000206 0.000012 0.042861 0.007845 1.767445
0.948106 0.000505 0.000469 0.000213 0.000011 0.042851 0.007845 1.767492
0.948110 0.000501 0.000468 0.000216 0.000011 0.042850 0.007845 1.767543
0.948125 0.000492 0.000474 0.000220 0.000011 0.042834 0.007845 1.767589
0.948126 0.000492 0.000478 0.000213 0.000011 0.042835 0.007845 1.767637
0.948126 0.000507 0.000459 0.000214 0.000010 0.042839 0.007846 1.767671
0.948129 0.000509 0.000460 0.000214 0.000009 0.042833 0.007846 1.767716
0.948137 0.000503 0.000470 0.000216 0.000010 0.042818 0.007846 1.767772
0.948142 0.000502 0.000476 0.000219 0.000010 0.042806 0.007846 1.767828
0.948135 0.000511 0.000483 0.000220 0.000010 0.042796 0.007846 1.767880
0.948157 0.000496 0.000483 0.000226 0.000010 0.042782 0.007846 1.767939
0.948155 0.000495 0.000481 0.000225 0.000010 0.042788 0.007846 1.767983
0.948152 0.000505 0.000477 0.000223 0.000010 0.042787 0.007847 1.768024
0.948162 0.000492 0.000485 0.000222 0.000010 0.042782 0.007847 1.768079
0.948161 0.000494 0.000482 0.000219 0.000011 0.042788 0.007847 1.768125
0.948166 0.000483 0.000483 0.000217 0.000011 0.042793 0.007847 1.768176
0.948183 0.000478 0.000486 0.000212 0.000010 0.042784 0.007847 1.768225
0.948192 0.000476 0.000485 0.000215 0.000010 0.042775 0.007847 1.768272
0.948195 0.000483 0.000489 0.000217 0.000010 0.042760 0.007847 1.768321
0.948202 0.000480 0.000481 0.000211 0.000010 0.042769 0.007847 1.768366
0.948208 0.000476 0.000477 0.000210 0.000011 0.042771 0.007847 1.768416
0.948204 0.000473 0.000483 0.000211 0.000010 0.042771 0.007848 1.768469
0.948202 0.000472 0.000485 0.000212 0.000010 0.042771 0.007848 1.768519
0.948202 0.000485 0.000481 0.000211 0.000008 0.042765 0.007848 1.768560
0.948217 0.000475 0.000473 0.000214 0.000008 0.042764 0.007848 1.768608
0.948229 0.000470 0.000466 0.000214 0.000008 0.042764 0.007849 1.768656
0.948242 0.000461 0.000469 0.000216 0.000008 0.042755 0.007849 1.768710
0.948240 0.000461 0.000467 0.000220 0.000008 0.042757 0.007849 1.768759
0.948248 0.000465 0.000466 0.000212 0.000008 0.042753 0.007849 1.768797
0.948255 0.000472 0.000457 0.000209 0.000008 0.042750 0.007849 1.768840
0.948267 0.000470 0.000452 0.000208 0.000008 0.042747 0.007849 1.768881
0.948283 0.000468 0.000453 0.000200 0.000008 0.042738 0.007850 1.768920
0.948291 0.000466 0.000456 0.000198 0.000007 0.042733 0.007850 1.768966
0.948297 0.000465 0.000452 0.000201 0.000007 0.042727 0.007851 1.769010
0.948298 0.000462 0.000451 0.000200 0.000008 0.042730 0.007851 1.769058
0.948316 0.000451 0.000446 0.000202 0.000007 0.042727 0.007851 1.769108
0.948333 0.000448 0.000444 0.000195 0.000006 0.042723 0.007851 1.769148
0.948331 0.000458 0.000440 0.000195 0.000005 0.042720 0.007852 1.769186
0.948341 0.000462 0.000443 0.000191 0.000006 0.042706 0.007852 1.769232
0.948351 0.000460 0.000441 0.000196 0.000007 0.042694 0.007852 1.769280
0.948365 0.000454 0.000439 0.000199 0.000008 0.042683 0.007852 1.769326
0.948380 0.000452 0.000432 0.000204 0.000008 0.042671 0.007852 1.769370
0.948389 0.000454 0.000428 0.000201 0.000009 0.042668 0.007852 1.769412
0.948385 0.000455 0.000434 0.000199 0.000009 0.042667 0.007852 1.769460
0.948380 0.000468 0.000427 0.000200 0.000010 0.042663 0.007852 1.769501
0.948396 0.000455 0.000425 0.000199 0.000011 0.042663 0.007852 1.769551
0.948385 0.000459 0.000426 0.000199 0.000010 0.042669 0.007852 1.769598
0.948392 0.000463 0.000427 0.000198 0.000010 0.042657 0.007852 1.769638
0.948393 0.000475 0.000428 0.000200 0.000010 0.042642 0.007852 1.769675
0.948396 0.000478 0.000436 0.000207 0.000010 0.042622 0.007852 1.769723
0.948389 0.000481 0.000440 0.000201 0.000011 0.042626 0.007852 1.769769
0.948374 0.000490 0.000445 0.000199 0.000012 0.042629 0.007852 1.769816
0.948374 0.000490 0.000452 0.000200 0.000013 0.042619 0.007852 1.769871
0.948371 0.000498 0.000453 0.000207 0.000013 0.042606 0.007852 1.769923
0.948380 0.000500 0.000459 0.000203 0.000013 0.042593 0.007853 1.769968
0.948385 0.000497 0.000458 0.000203 0.000012 0.042594 0.007853 1.770015
0.948392 0.000507 0.000451 0.000201 0.000011 0.042586 0.007853 1.770054
0.948394 0.000499 0.000448 0.000204 0.000010 0.042592 0.007854 1.770107
0.948390 0.000497 0.000453 0.000205 0.000010 0.042591 0.007854 1.770157
0.948405 0.000482 0.000458 0.000208 0.000010 0.042582 0.007854 1.770214
0.948411 0.000481 0.000456 0.000208 0.000010 0.042580 0.007854 1.770261
0.948415 0.000473 0.000454 0.000211 0.000010 0.042584 0.007854 1.770310
0.948420 0.000479 0.000448 0.000204 0.000011 0.042583 0.007854 1.770349
0.948424 0.000480 0.000434 0.000213 0.000012 0.042584 0.007854 1.770395
0.948428 0.000483 0.000435 0.000207 0.000012 0.042580 0.007854 1.770439
0.948423 0.000479 0.000447 0.000209 0.000012 0.042575 0.007854 1.770490
0.948422 0.000481 0.000446 0.000205 0.000012 0.042581 0.007854 1.770539
0.948427 0.000471 0.000449 0.000205 0.000011 0.042583 0.007854 1.770590
0.948422 0.000476 0.000444 0.000204 0.000011 0.042590 0.007854 1.770638
0.948412 0.000497 0.000430 0.000207 0.000011 0.042589 0.007854 1.770675
0.948409 0.000502 0.000438 0.000203 0.000012 0.042582 0.007854 1.770728
0.948409 0.000495 0.000445 0.000205 0.000013 0.042579 0.007854 1.770782
0.948416 0.000493 0.000453 0.000206 0.000014 0.042563 0.007854 1.770827
0.948414 0.000492 0.000453 0.000207 0.000015 0.042565 0.007854 1.770880
0.948420 0.000489 0.000458 0.000210 0.000014 0.042555 0.007854 1.770937
