0.342354 0.062802 0.056422 0.032669 0.002121 0.497461 0.006170 1.631892
0.344989 0.060348 0.056235 0.032462 0.002125 0.497646 0.006195 1.637928
0.348545 0.057313 0.056006 0.032131 0.002140 0.497642 0.006222 1.643670
0.352614 0.054048 0.055728 0.031603 0.002131 0.497628 0.006248 1.649100
0.356875 0.050805 0.055135 0.030993 0.002123 0.497787 0.006282 1.654161
0.361472 0.047559 0.054540 0.030381 0.002114 0.497623 0.006311 1.658985
0.366334 0.044412 0.053733 0.029642 0.002115 0.497426 0.006339 1.663448
0.371351 0.041442 0.052772 0.028856 0.002118 0.497098 0.006364 1.667594
0.376480 0.038609 0.051686 0.028027 0.002107 0.496701 0.006391 1.671521
0.381594 0.035943 0.050471 0.027257 0.002092 0.496223 0.006421 1.675197
0.386865 0.033454 0.049250 0.026378 0.002071 0.495533 0.006449 1.678578
0.392259 0.031068 0.048027 0.025510 0.002056 0.494604 0.006476 1.681756
0.397633 0.028913 0.046656 0.024688 0.002037 0.493571 0.006501 1.684679
0.403061 0.026943 0.045201 0.023780 0.002040 0.492446 0.006528 1.687371
0.408436 0.025063 0.043827 0.022910 0.002021 0.491187 0.006555 1.689935
0.413898 0.023298 0.042422 0.022114 0.002004 0.489683 0.006581 1.692335
0.419410 0.021681 0.040958 0.021232 0.001982 0.488131 0.006606 1.694570
0.425001 0.020187 0.039494 0.020378 0.001961 0.486354 0.006624 1.696632
0.430514 0.018843 0.038085 0.019519 0.001944 0.484450 0.006647 1.698550
0.436043 0.017579 0.036715 0.018749 0.001928 0.482318 0.006667 1.700352
0.441604 0.016406 0.035354 0.017949 0.001899 0.480096 0.006690 1.702057
0.447148 0.015314 0.033996 0.017202 0.001865 0.477762 0.006713 1.703631
0.452590 0.014372 0.032586 0.016472 0.001836 0.475406 0.006737 1.705062
0.458057 0.013410 0.031270 0.015752 0.001809 0.472942 0.006762 1.706476
0.463481 0.012547 0.030038 0.015033 0.001787 0.470329 0.006785 1.707762
0.468978 0.011768 0.028732 0.014375 0.001759 0.467585 0.006803 1.708945
0.474345 0.011055 0.027502 0.013719 0.001717 0.464836 0.006827 1.710073
0.479706 0.010407 0.026319 0.013154 0.001687 0.461878 0.006849 1.711141
0.484979 0.009794 0.025167 0.012547 0.001652 0.458984 0.006877 1.712133
0.490244 0.009206 0.024089 0.011962 0.001619 0.455979 0.006901 1.713097
0.495646 0.008718 0.023007 0.011394 0.001584 0.452730 0.006921 1.713952
0.500973 0.008250 0.022007 0.010844 0.001549 0.449434 0.006942 1.714769
0.506239 0.007779 0.021007 0.010356 0.001523 0.446138 0.006958 1.715563
0.511526 0.007347 0.020054 0.009866 0.001481 0.442749 0.006977 1.716331
0.516784 0.007023 0.019105 0.009384 0.001450 0.439257 0.006996 1.716996
0.521950 0.006637 0.018277 0.008990 0.001413 0.435716 0.007016 1.717697
0.527022 0.006292 0.017455 0.008544 0.001388 0.432267 0.007032 1.718339
0.532167 0.005942 0.016657 0.008130 0.001355 0.428699 0.007051 1.718967
0.537234 0.005635 0.015902 0.007727 0.001304 0.425125 0.007073 1.719533
0.542226 0.005378 0.015172 0.007386 0.001265 0.421481 0.007093 1.720100
0.547186 0.005138 0.014472 0.007032 0.001224 0.417837 0.007112 1.720612
0.552030 0.004899 0.013819 0.006683 0.001191 0.414252 0.007126 1.721119
0.557020 0.004689 0.013175 0.006327 0.001166 0.410483 0.007142 1.721587
0.561905 0.004522 0.012562 0.006031 0.001139 0.406686 0.007154 1.722003
0.566774 0.004339 0.011991 0.005743 0.001107 0.402874 0.007172 1.722435
0.571562 0.004157 0.011468 0.005472 0.001076 0.399079 0.007187 1.722841
0.576327 0.003972 0.010919 0.005214 0.001042 0.395319 0.007207 1.723246
0.581067 0.003791 0.010455 0.004954 0.001012 0.391503 0.007220 1.723636
0.585738 0.003664 0.009964 0.004720 0.000983 0.387697 0.007234 1.724000
0.590352 0.003519 0.009515 0.004484 0.000966 0.383918 0.007246 1.724353
0.594880 0.003394 0.009062 0.004258 0.000939 0.380214 0.007254 1.724696
0.599387 0.003230 0.008659 0.004057 0.000913 0.376490 0.007263 1.725045
0.603866 0.003127 0.008281 0.003876 0.000887 0.372691 0.007273 1.725350
0.608229 0.003015 0.007940 0.003695 0.000870 0.368972 0.007280 1.725656
0.612617 0.002885 0.007628 0.003521 0.000852 0.365212 0.007287 1.725968
0.616944 0.002768 0.007319 0.003352 0.000830 0.361491 0.007296 1.726258
0.621303 0.002690 0.006987 0.003194 0.000810 0.357711 0.007307 1.726524
0.625552 0.002587 0.006702 0.003047 0.000783 0.354013 0.007316 1.726810
0.629875 0.002527 0.006396 0.002910 0.000761 0.350205 0.007326 1.727049
0.634023 0.002441 0.006123 0.002790 0.000742 0.346546 0.007336 1.727312
0.638145 0.002364 0.005830 0.002664 0.000719 0.342931 0.007348 1.727545
0.642238 0.002315 0.005550 0.002550 0.000693 0.339293 0.007361 1.727763
0.646265 0.002245 0.005323 0.002438 0.000677 0.335683 0.007370 1.727984
0.650362 0.002183 0.005089 0.002327 0.000661 0.332006 0.007374 1.728189
0.654405 0.002136 0.004886 0.002230 0.000642 0.328320 0.007383 1.728387
0.658333 0.002084 0.004676 0.002139 0.000621 0.324756 0.007392 1.728592
0.662232 0.002036 0.004471 0.002045 0.000601 0.321215 0.007400 1.728791
0.666123 0.001986 0.004284 0.001963 0.000583 0.317655 0.007407 1.728990
0.669960 0.001953 0.004106 0.001875 0.000574 0.314120 0.007413 1.729162
0.673745 0.001914 0.003952 0.001794 0.000560 0.310614 0.007422 1.729338
0.677524 0.001865 0.003816 0.001742 0.000543 0.307084 0.007426 1.729532
0.681192 0.001819 0.003671 0.001675 0.000526 0.303684 0.007432 1.729709
0.684883 0.001768 0.003545 0.001598 0.000508 0.300259 0.007441 1.729888
0.688483 0.001737 0.003393 0.001532 0.000490 0.296917 0.007450 1.730050
0.692039 0.001711 0.003250 0.001484 0.000478 0.293584 0.007454 1.730221
0.695636 0.001622 0.003136 0.001446 0.000462 0.290238 0.007461 1.730412
0.699072 0.001590 0.003013 0.001397 0.000443 0.287019 0.007467 1.730564
0.702586 0.001534 0.002887 0.001345 0.000433 0.283746 0.007470 1.730724
0.706020 0.001505 0.002781 0.001297 0.000418 0.280503 0.007477 1.730861
0.709438 0.001463 0.002703 0.001254 0.000406 0.277251 0.007486 1.731010
0.712761 0.001427 0.002600 0.001211 0.000392 0.274118 0.007491 1.731148
0.716071 0.001385 0.002521 0.001183 0.000381 0.270963 0.007496 1.731299
0.719327 0.001358 0.002436 0.001134 0.000368 0.267874 0.007504 1.731425
0.722558 0.001305 0.002365 0.001093 0.000362 0.264810 0.007508 1.731574
0.725702 0.001289 0.002295 0.001042 0.000347 0.261813 0.007514 1.731692
0.728882 0.001247 0.002221 0.001012 0.000335 0.258784 0.007520 1.731831
0.731990 0.001212 0.002155 0.000985 0.000322 0.255815 0.007522 1.731954
0.735113 0.001185 0.002082 0.000949 0.000313 0.252833 0.007526 1.732066
0.738106 0.001147 0.002008 0.000911 0.000306 0.249994 0.007528 1.732184
0.741123 0.001127 0.001940 0.000886 0.000294 0.247101 0.007531 1.732292
0.744153 0.001094 0.001872 0.000860 0.000288 0.244198 0.007535 1.732399
0.747139 0.001062 0.001821 0.000833 0.000277 0.241330 0.007539 1.732512
0.750096 0.001038 0.001767 0.000818 0.000268 0.238472 0.007542 1.732614
0.752944 0.001021 0.001712 0.000787 0.000255 0.235736 0.007545 1.732709
0.755872 0.001006 0.001654 0.000763 0.000249 0.232908 0.007547 1.732806
0.758629 0.000996 0.001592 0.000736 0.000239 0.230258 0.007551 1.732904
0.761352 0.000985 0.001548 0.000712 0.000233 0.227617 0.007553 1.733005
0.764049 0.000965 0.001498 0.000688 0.000223 0.225023 0.007555 1.733093
0.766757 0.000956 0.001451 0.000684 0.000215 0.222379 0.007559 1.733187
0.769471 0.000933 0.001416 0.000666 0.000205 0.219747 0.007563 1.733285
0.772131 0.000921 0.001366 0.000643 0.000198 0.217175 0.007567 1.733368
0.774830 0.000885 0.001328 0.000630 0.000190 0.214569 0.007569 1.733465
0.777439 0.000873 0.001275 0.000613 0.000181 0.212047 0.007574 1.733545
0.780035 0.000857 0.001249 0.000594 0.000178 0.209512 0.007576 1.733631
0.782642 0.000839 0.001229 0.000586 0.000174 0.206955 0.007577 1.733715
0.785189 0.000810 0.001201 0.000569 0.000169 0.204484 0.007580 1.733801
0.787666 0.000803 0.001157 0.000557 0.000160 0.202075 0.007584 1.733873
0.790183 0.000771 0.001119 0.000553 0.000155 0.199634 0.007586 1.733961
0.792614 0.000747 0.001097 0.000541 0.000151 0.197263 0.007588 1.734048
0.795045 0.000739 0.001067 0.000524 0.000149 0.194887 0.007589 1.734119
0.797450 0.000732 0.001048 0.000509 0.000143 0.192529 0.007591 1.734196
0.799811 0.000712 0.001027 0.000499 0.000137 0.190221 0.007594 1.734271
0.802172 0.000710 0.001003 0.000487 0.000132 0.187902 0.007595 1.734333
0.804437 0.000693 0.000977 0.000476 0.000127 0.185694 0.007597 1.734397
0.806678 0.000687 0.000956 0.000466 0.000121 0.183495 0.007598 1.734468
0.808936 0.000676 0.000933 0.000451 0.000119 0.181287 0.007598 1.734534
0.811135 0.000657 0.000930 0.000445 0.000118 0.179117 0.007599 1.734613
0.813314 0.000650 0.000913 0.000425 0.000113 0.176985 0.007601 1.734674
0.815491 0.000647 0.000881 0.000415 0.000109 0.174854 0.007603 1.734739
0.817604 0.000649 0.000865 0.000409 0.000107 0.172763 0.007604 1.734798
0.819715 0.000633 0.000848 0.000396 0.000105 0.170700 0.007605 1.734865
0.821783 0.000623 0.000832 0.000390 0.000102 0.168666 0.007606 1.734925
0.823793 0.000618 0.000809 0.000383 0.000097 0.166691 0.007610 1.734986
0.825820 0.000609 0.000790 0.000380 0.000093 0.164697 0.007612 1.735051
0.827824 0.000605 0.000769 0.000374 0.000091 0.162725 0.007613 1.735106
0.829747 0.000594 0.000757 0.000366 0.000090 0.160833 0.007613 1.735167
0.831717 0.000606 0.000735 0.000354 0.000090 0.158885 0.007614 1.735213
0.833655 0.000594 0.000719 0.000348 0.000086 0.156984 0.007615 1.735272
0.835592 0.000585 0.000707 0.000340 0.000083 0.155076 0.007618 1.735331
0.837471 0.000573 0.000685 0.000339 0.000079 0.153234 0.007620 1.735389
0.839341 0.000575 0.000667 0.000327 0.000076 0.151394 0.007620 1.735442
0.841193 0.000573 0.000660 0.000318 0.000076 0.149560 0.007621 1.735495
0.843005 0.000551 0.000654 0.000317 0.000073 0.147778 0.007622 1.735557
0.844837 0.000534 0.000641 0.000316 0.000073 0.145977 0.007622 1.735616
0.846538 0.000529 0.000633 0.000313 0.000074 0.144292 0.007622 1.735672
0.848302 0.000523 0.000629 0.000298 0.000073 0.142554 0.007622 1.735720
0.849991 0.000514 0.000617 0.000298 0.000071 0.140886 0.007624 1.735774
0.851671 0.000509 0.000615 0.000281 0.000069 0.139230 0.007625 1.735821
0.853339 0.000515 0.000606 0.000276 0.000066 0.137573 0.007625 1.735863
0.855011 0.000506 0.000586 0.000276 0.000064 0.135931 0.007627 1.735910
0.856664 0.000496 0.000579 0.000269 0.000060 0.134305 0.007628 1.735963
0.858348 0.000492 0.000572 0.000262 0.000057 0.132640 0.007630 1.736007
0.860018 0.000482 0.000569 0.000259 0.000057 0.130985 0.007630 1.736059
0.861637 0.000476 0.000557 0.000260 0.000059 0.129383 0.007630 1.736109
0.863241 0.000481 0.000552 0.000253 0.000057 0.127787 0.007630 1.736152
0.864771 0.000473 0.000549 0.000252 0.000054 0.126269 0.007631 1.736196
0.866282 0.000461 0.000538 0.000248 0.000051 0.124787 0.007633 1.736241
0.867762 0.000461 0.000527 0.000246 0.000049 0.123322 0.007634 1.736281
0.869251 0.000456 0.000516 0.000243 0.000047 0.121852 0.007636 1.736325
0.870720 0.000447 0.000508 0.000241 0.000046 0.120404 0.007636 1.736367
0.872157 0.000443 0.000503 0.000240 0.000047 0.118975 0.007636 1.736413
0.873601 0.000436 0.000490 0.000242 0.000047 0.117549 0.007636 1.736456
0.874975 0.000435 0.000482 0.000239 0.000045 0.116188 0.007637 1.736497
0.876354 0.000437 0.000468 0.000233 0.000045 0.114826 0.007637 1.736531
0.877715 0.000439 0.000465 0.000231 0.000042 0.113472 0.007638 1.736571
0.878999 0.000435 0.000465 0.000224 0.000042 0.112197 0.007639 1.736615
0.880247 0.000426 0.000462 0.000224 0.000040 0.110963 0.007640 1.736668
0.881518 0.000406 0.000466 0.000221 0.000038 0.109712 0.007640 1.736719
0.882775 0.000397 0.000468 0.000221 0.000036 0.108464 0.007641 1.736761
0.883987 0.000397 0.000461 0.000219 0.000034 0.107262 0.007641 1.736800
0.885254 0.000398 0.000449 0.000218 0.000034 0.106007 0.007642 1.736835
0.886474 0.000396 0.000442 0.000217 0.000032 0.104798 0.007642 1.736870
0.887625 0.000406 0.000432 0.000215 0.000031 0.103650 0.007642 1.736903
0.888758 0.000400 0.000432 0.000210 0.000032 0.102528 0.007642 1.736951
0.889914 0.000396 0.000431 0.000205 0.000031 0.101382 0.007642 1.736987
0.891055 0.000401 0.000418 0.000202 0.000029 0.100252 0.007644 1.737021
0.892131 0.000400 0.000417 0.000203 0.000026 0.099179 0.007645 1.737065
0.893185 0.000399 0.000415 0.000202 0.000024 0.098129 0.007646 1.737102
0.894255 0.000378 0.000413 0.000202 0.000024 0.097081 0.007647 1.737148
0.895248 0.000379 0.000407 0.000200 0.000022 0.096098 0.007647 1.737184
0.896248 0.000388 0.000398 0.000192 0.000021 0.095106 0.007648 1.737214
0.897191 0.000379 0.000390 0.000191 0.000021 0.094180 0.007648 1.737253
0.898169 0.000379 0.000386 0.000189 0.000021 0.093209 0.007648 1.737289
0.899080 0.000388 0.000374 0.000184 0.000022 0.092306 0.007648 1.737320
0.899996 0.000381 0.000376 0.000194 0.000021 0.091384 0.007648 1.737363
0.900910 0.000374 0.000381 0.000195 0.000021 0.090471 0.007648 1.737402
0.901781 0.000360 0.000389 0.000194 0.000021 0.089606 0.007649 1.737446
0.902631 0.000356 0.000382 0.000191 0.000022 0.088770 0.007649 1.737478
0.903479 0.000356 0.000378 0.000188 0.000020 0.087932 0.007649 1.737508
0.904313 0.000345 0.000381 0.000192 0.000021 0.087100 0.007649 1.737552
0.905134 0.000344 0.000371 0.000195 0.000021 0.086287 0.007649 1.737588
0.905928 0.000349 0.000363 0.000187 0.000020 0.085503 0.007650 1.737618
0.906684 0.000344 0.000361 0.000184 0.000020 0.084757 0.007650 1.737654
0.907420 0.000350 0.000360 0.000184 0.000020 0.084016 0.007650 1.737683
0.908127 0.000357 0.000356 0.000183 0.000020 0.083306 0.007651 1.737717
0.908850 0.000357 0.000354 0.000179 0.000019 0.082591 0.007651 1.737753
0.909591 0.000349 0.000359 0.000175 0.000018 0.081856 0.007652 1.737788
0.910282 0.000346 0.000360 0.000176 0.000018 0.081167 0.007652 1.737821
0.910981 0.000339 0.000357 0.000173 0.000017 0.080480 0.007652 1.737856
0.911697 0.000336 0.000356 0.000170 0.000016 0.079774 0.007653 1.737888
0.912382 0.000343 0.000347 0.000167 0.000015 0.079093 0.007653 1.737917
0.913045 0.000344 0.000347 0.000170 0.000014 0.078429 0.007653 1.737954
0.913695 0.000340 0.000344 0.000172 0.000015 0.077781 0.007653 1.737988
0.914377 0.000325 0.000350 0.000175 0.000015 0.077107 0.007653 1.738028
0.914979 0.000335 0.000342 0.000168 0.000015 0.076508 0.007653 1.738053
0.915607 0.000336 0.000333 0.000165 0.000014 0.075891 0.007654 1.738085
0.916190 0.000335 0.000338 0.000166 0.000014 0.075303 0.007654 1.738122
0.916805 0.000325 0.000342 0.000168 0.000013 0.074694 0.007655 1.738164
0.917405 0.000319 0.000336 0.000166 0.000014 0.074105 0.007655 1.738197
0.917984 0.000319 0.000337 0.000163 0.000014 0.073528 0.007655 1.738231
0.918538 0.000310 0.000334 0.000170 0.000014 0.072979 0.007656 1.738267
0.919084 0.000307 0.000331 0.000170 0.000014 0.072439 0.007656 1.738304
0.919571 0.000312 0.000324 0.000170 0.000013 0.071955 0.007656 1.738336
0.920106 0.000326 0.000319 0.000166 0.000013 0.071414 0.007656 1.738361
0.920657 0.000317 0.000324 0.000170 0.000014 0.070862 0.007656 1.738397
0.921138 0.000313 0.000325 0.000162 0.000016 0.070391 0.007656 1.738430
0.921643 0.000311 0.000324 0.000161 0.000015 0.069891 0.007656 1.738459
0.922137 0.000313 0.000321 0.000159 0.000015 0.069399 0.007656 1.738488
0.922619 0.000313 0.000312 0.000156 0.000014 0.068929 0.007657 1.738515
0.923092 0.000315 0.000312 0.000156 0.000015 0.068455 0.007657 1.738547
0.923555 0.000308 0.000314 0.000149 0.000014 0.068002 0.007657 1.738579
0.923995 0.000310 0.000311 0.000150 0.000015 0.067563 0.007657 1.738609
0.924445 0.000312 0.000312 0.000143 0.000014 0.067119 0.007657 1.738640
0.924898 0.000316 0.000306 0.000143 0.000013 0.066667 0.007657 1.738664
0.925336 0.000307 0.000304 0.000146 0.000013 0.066237 0.007657 1.738700
0.925738 0.000299 0.000308 0.000151 0.000012 0.065834 0.007658 1.738735
0.926146 0.000305 0.000310 0.000151 0.000012 0.065420 0.007658 1.738763
0.926545 0.000295 0.000309 0.000154 0.000012 0.065027 0.007658 1.738799
0.926943 0.000299 0.000308 0.000153 0.000012 0.064627 0.007658 1.738830
0.927305 0.000305 0.000308 0.000151 0.000012 0.064261 0.007658 1.738862
0.927692 0.000314 0.000305 0.000147 0.000012 0.063873 0.007658 1.738888
0.928034 0.000322 0.000306 0.000143 0.000012 0.063526 0.007658 1.738915
0.928402 0.000331 0.000297 0.000142 0.000011 0.063160 0.007658 1.738939
0.928761 0.000324 0.000296 0.000143 0.000012 0.062807 0.007658 1.738976
0.929102 0.000319 0.000293 0.000144 0.000012 0.062473 0.007658 1.739008
0.929454 0.000329 0.000291 0.000142 0.000012 0.062114 0.007658 1.739031
0.929781 0.000331 0.000295 0.000147 0.000012 0.061777 0.007658 1.739065
0.930094 0.000330 0.000298 0.000150 0.000012 0.061457 0.007658 1.739095
0.930395 0.000326 0.000303 0.000147 0.000011 0.061161 0.007658 1.739129
0.930715 0.000322 0.000317 0.000147 0.000011 0.060829 0.007659 1.739165
0.931001 0.000338 0.000316 0.000145 0.000011 0.060531 0.007660 1.739194
0.931289 0.000342 0.000312 0.000147 0.000012 0.060240 0.007660 1.739228
0.931549 0.000329 0.000323 0.000150 0.000011 0.059978 0.007660 1.739270
0.931839 0.000331 0.000322 0.000153 0.000011 0.059686 0.007660 1.739302
0.932104 0.000326 0.000316 0.000158 0.000011 0.059426 0.007660 1.739336
0.932361 0.000320 0.000313 0.000160 0.000011 0.059176 0.007660 1.739375
0.932622 0.000323 0.000312 0.000160 0.000010 0.058914 0.007660 1.739406
0.932893 0.000326 0.000301 0.000159 0.000010 0.058651 0.007661 1.739429
0.933148 0.000315 0.000305 0.000165 0.000009 0.058398 0.007661 1.739467
0.933385 0.000323 0.000302 0.000163 0.000009 0.058158 0.007661 1.739496
0.933621 0.000322 0.000306 0.000167 0.000009 0.057916 0.007661 1.739532
0.933860 0.000319 0.000312 0.000162 0.000010 0.057677 0.007661 1.739564
0.934101 0.000322 0.000306 0.000164 0.000012 0.057436 0.007661 1.739593
0.934318 0.000327 0.000305 0.000167 0.000012 0.057212 0.007661 1.739626
0.934533 0.000327 0.000301 0.000170 0.000012 0.056997 0.007661 1.739661
0.934749 0.000327 0.000302 0.000172 0.000012 0.056779 0.007661 1.739692
0.934963 0.000335 0.000302 0.000166 0.000012 0.056563 0.007661 1.739719
0.935174 0.000338 0.000306 0.000163 0.000013 0.056347 0.007661 1.739753
0.935383 0.000343 0.000303 0.000162 0.000012 0.056136 0.007661 1.739784
0.935563 0.000354 0.000305 0.000164 0.000012 0.055942 0.007661 1.739815
0.935759 0.000352 0.000305 0.000166 0.000012 0.055746 0.007662 1.739851
0.935957 0.000342 0.000306 0.000165 0.000011 0.055558 0.007662 1.739888
0.936145 0.000339 0.000301 0.000166 0.000010 0.055377 0.007663 1.739916
0.936347 0.000335 0.000304 0.000165 0.000010 0.055177 0.007663 1.739947
0.936529 0.000336 0.000304 0.000168 0.000010 0.054992 0.007663 1.739981
0.936704 0.000330 0.000312 0.000164 0.000012 0.054818 0.007663 1.740019
0.936882 0.000330 0.000315 0.000167 0.000012 0.054633 0.007663 1.740053
0.937062 0.000335 0.000316 0.000167 0.000012 0.054447 0.007663 1.740082
0.937205 0.000330 0.000316 0.000164 0.000012 0.054311 0.007663 1.740116
0.937358 0.000327 0.000322 0.000162 0.000012 0.054157 0.007663 1.740150
0.937517 0.000325 0.000325 0.000163 0.000012 0.053996 0.007663 1.740190
0.937650 0.000324 0.000320 0.000161 0.000012 0.053871 0.007664 1.740226
0.937771 0.000332 0.000320 0.000162 0.000012 0.053739 0.007665 1.740261
0.937912 0.000327 0.000317 0.000166 0.000012 0.053603 0.007665 1.740296
0.938059 0.000325 0.000324 0.000160 0.000011 0.053457 0.007666 1.740331
0.938182 0.000333 0.000322 0.000160 0.000010 0.053328 0.007667 1.740358
0.938309 0.000331 0.000313 0.000154 0.000009 0.053219 0.007667 1.740390
0.938437 0.000329 0.000316 0.000148 0.000010 0.053095 0.007667 1.740425
0.938565 0.000331 0.000319 0.000149 0.000009 0.052962 0.007667 1.740459
0.938690 0.000327 0.000318 0.000145 0.000009 0.052845 0.007667 1.740492
0.938820 0.000335 0.000314 0.000148 0.000009 0.052708 0.007667 1.740519
0.938939 0.000335 0.000320 0.000147 0.000010 0.052582 0.007667 1.740555
0.939078 0.000342 0.000312 0.000146 0.000010 0.052447 0.007667 1.740579
0.939205 0.000346 0.000309 0.000144 0.000010 0.052320 0.007667 1.740608
0.939320 0.000347 0.000308 0.000146 0.000011 0.052201 0.007667 1.740642
0.939442 0.000340 0.000308 0.000149 0.000011 0.052084 0.007667 1.740676
0.939544 0.000351 0.000302 0.000145 0.000011 0.051981 0.007667 1.740705
0.939660 0.000349 0.000304 0.000147 0.000011 0.051863 0.007667 1.740742
0.939776 0.000358 0.000295 0.000138 0.000011 0.051756 0.007668 1.740766
0.939872 0.000356 0.000299 0.000141 0.000011 0.051654 0.007668 1.740805
0.939973 0.000348 0.000298 0.000145 0.000010 0.051559 0.007668 1.740842
0.940083 0.000351 0.000292 0.000147 0.000011 0.051448 0.007668 1.740875
0.940185 0.000361 0.000286 0.000149 0.000012 0.051341 0.007668 1.740904
0.940271 0.000363 0.000291 0.000157 0.000011 0.051240 0.007668 1.740941
0.940363 0.000363 0.000292 0.000156 0.000012 0.051146 0.007668 1.740975
0.940464 0.000358 0.000292 0.000159 0.000012 0.051047 0.007669 1.741012
0.940565 0.000361 0.000288 0.000159 0.000011 0.050947 0.007669 1.741039
0.940661 0.000354 0.000300 0.000160 0.000011 0.050847 0.007669 1.741079
0.940739 0.000352 0.000304 0.000162 0.000011 0.050765 0.007669 1.741116
0.940824 0.000353 0.000297 0.000157 0.000011 0.050691 0.007669 1.741145
0.940894 0.000357 0.000293 0.000157 0.000011 0.050620 0.007669 1.741177
0.940981 0.000353 0.000299 0.000158 0.000012 0.050530 0.007669 1.741214
0.941062 0.000360 0.000297 0.000157 0.000012 0.050445 0.007669 1.741240
0.941140 0.000360 0.000301 0.000158 0.000011 0.050361 0.007670 1.741274
0.941227 0.000354 0.000302 0.000156 0.000010 0.050282 0.007671 1.741311
0.941299 0.000358 0.000294 0.000155 0.000010 0.050215 0.007671 1.741342
0.941373 0.000349 0.000294 0.000158 0.000010 0.050147 0.007671 1.741375
0.941462 0.000354 0.000294 0.000152 0.000011 0.050057 0.007671 1.741403
0.941536 0.000351 0.000296 0.000151 0.000010 0.049984 0.007671 1.741439
0.941611 0.000337 0.000299 0.000157 0.000010 0.049916 0.007671 1.741479
0.941695 0.000334 0.000297 0.000154 0.000011 0.049838 0.007671 1.741515
0.941767 0.000331 0.000301 0.000160 0.000011 0.049760 0.007672 1.741554
0.941834 0.000328 0.000302 0.000163 0.000012 0.049690 0.007672 1.741589
0.941901 0.000319 0.000306 0.000164 0.000012 0.049627 0.007672 1.741628
0.941966 0.000325 0.000306 0.000163 0.000012 0.049558 0.007672 1.741658
0.942020 0.000333 0.000304 0.000164 0.000012 0.049497 0.007672 1.741692
0.942104 0.000331 0.000308 0.000165 0.000012 0.049409 0.007672 1.741724
0.942182 0.000320 0.000316 0.000166 0.000012 0.049334 0.007672 1.741764
0.942238 0.000326 0.000308 0.000165 0.000012 0.049281 0.007672 1.741796
0.942313 0.000334 0.000302 0.000161 0.000011 0.049209 0.007672 1.741825
0.942374 0.000331 0.000302 0.000161 0.000011 0.049151 0.007672 1.741858
0.942437 0.000324 0.000307 0.000160 0.000010 0.049091 0.007672 1.741892
0.942488 0.000326 0.000303 0.000160 0.000010 0.049042 0.007672 1.741922
0.942546 0.000334 0.000304 0.000162 0.000009 0.048973 0.007672 1.741952
0.942596 0.000346 0.000295 0.000159 0.000009 0.048924 0.007672 1.741976
0.942654 0.000345 0.000296 0.000163 0.000009 0.048861 0.007672 1.742010
0.942706 0.000349 0.000288 0.000161 0.000009 0.048816 0.007672 1.742038
0.942753 0.000363 0.000291 0.000158 0.000009 0.048755 0.007672 1.742070
0.942797 0.000351 0.000303 0.000157 0.000009 0.048711 0.007673 1.742110
0.942858 0.000344 0.000304 0.000160 0.000010 0.048653 0.007673 1.742147
0.942914 0.000340 0.000306 0.000161 0.000010 0.048597 0.007673 1.742180
0.942980 0.000331 0.000305 0.000163 0.000011 0.048538 0.007673 1.742217
0.943037 0.000324 0.000309 0.000166 0.000011 0.048481 0.007673 1.742255
0.943091 0.000334 0.000311 0.000156 0.000011 0.048425 0.007673 1.742278
0.943150 0.000327 0.000319 0.000152 0.000010 0.048369 0.007673 1.742314
0.943199 0.000335 0.000317 0.000159 0.000009 0.048309 0.007674 1.742343
0.943232 0.000338 0.000313 0.000153 0.000009 0.048282 0.007674 1.742374
0.943265 0.000344 0.000310 0.000155 0.000009 0.048244 0.007674 1.742405
0.943295 0.000354 0.000309 0.000157 0.000010 0.048202 0.007674 1.742437
0.943337 0.000347 0.000314 0.000157 0.000011 0.048160 0.007674 1.742474
0.943357 0.000354 0.000321 0.000159 0.000011 0.048126 0.007674 1.742513
0.943388 0.000345 0.000327 0.000153 0.000010 0.048104 0.007674 1.742551
0.943414 0.000341 0.000333 0.000151 0.000010 0.048077 0.007674 1.742590
0.943435 0.000345 0.000337 0.000148 0.000011 0.048051 0.007674 1.742630
0.943473 0.000356 0.000331 0.000146 0.000011 0.048010 0.007675 1.742658
0.943510 0.000354 0.000330 0.000143 0.000011 0.047978 0.007675 1.742691
0.943539 0.000356 0.000331 0.000145 0.000010 0.047946 0.007675 1.742725
0.943571 0.000364 0.000325 0.000147 0.000010 0.047910 0.007675 1.742757
0.943610 0.000351 0.000336 0.000147 0.000011 0.047872 0.007675 1.742800
0.943641 0.000341 0.000338 0.000153 0.000011 0.047843 0.007675 1.742845
0.943666 0.000342 0.000333 0.000154 0.000011 0.047821 0.007675 1.742877
0.943682 0.000343 0.000331 0.000156 0.000011 0.047803 0.007675 1.742913
0.943705 0.000349 0.000334 0.000157 0.000011 0.047769 0.007675 1.742946
0.943728 0.000343 0.000337 0.000158 0.000012 0.047748 0.007675 1.742987
0.943752 0.000356 0.000333 0.000154 0.000013 0.047718 0.007675 1.743014
0.943768 0.000359 0.000336 0.000150 0.000013 0.047701 0.007675 1.743056
0.943789 0.000361 0.000342 0.000148 0.000012 0.047674 0.007675 1.743090
0.943825 0.000363 0.000337 0.000144 0.000012 0.047646 0.007675 1.743121
0.943845 0.000355 0.000340 0.000147 0.000011 0.047628 0.007676 1.743163
0.943864 0.000365 0.000332 0.000143 0.000011 0.047610 0.007676 1.743188
0.943884 0.000360 0.000333 0.000147 0.000011 0.047592 0.007676 1.743228
0.943909 0.000356 0.000337 0.000145 0.000011 0.047568 0.007676 1.743263
0.943932 0.000362 0.000333 0.000145 0.000012 0.047541 0.007676 1.743294
0.943953 0.000358 0.000340 0.000150 0.000012 0.047513 0.007676 1.743331
0.943976 0.000355 0.000337 0.000153 0.000012 0.047492 0.007676 1.743370
0.943992 0.000358 0.000340 0.000157 0.000011 0.047466 0.007676 1.743406
0.944006 0.000357 0.000346 0.000156 0.000012 0.047448 0.007676 1.743445
0.944025 0.000355 0.000342 0.000158 0.000011 0.047433 0.007676 1.743479
0.944044 0.000350 0.000340 0.000159 0.000012 0.047420 0.007676 1.743517
0.944059 0.000353 0.000335 0.000159 0.000012 0.047407 0.007676 1.743548
0.944073 0.000355 0.000338 0.000161 0.000011 0.047386 0.007677 1.743582
0.944080 0.000365 0.000340 0.000159 0.000011 0.047370 0.007677 1.743614
0.944099 0.000362 0.000335 0.000160 0.000011 0.047357 0.007677 1.743649
0.944117 0.000357 0.000334 0.000158 0.000011 0.047346 0.007677 1.743689
0.944131 0.000358 0.000332 0.000153 0.000012 0.047339 0.007677 1.743723
0.944142 0.000363 0.000329 0.000151 0.000013 0.047325 0.007677 1.743759
0.944161 0.000361 0.000330 0.000142 0.000012 0.047317 0.007677 1.743790
0.944175 0.000371 0.000333 0.000141 0.000012 0.047290 0.007677 1.743816
0.944194 0.000372 0.000327 0.000145 0.000012 0.047273 0.007677 1.743853
0.944203 0.000374 0.000335 0.000144 0.000012 0.047255 0.007677 1.743895
0.944209 0.000376 0.000332 0.000146 0.000011 0.047249 0.007677 1.743929
0.944214 0.000380 0.000331 0.000148 0.000010 0.047242 0.007677 1.743963
0.944226 0.000373 0.000331 0.000147 0.000010 0.047237 0.007678 1.744004
0.944241 0.000377 0.000333 0.000148 0.000010 0.047215 0.007678 1.744039
0.944245 0.000388 0.000327 0.000145 0.000009 0.047210 0.007678 1.744070
0.944256 0.000387 0.000325 0.000152 0.000009 0.047193 0.007678 1.744109
0.944263 0.000392 0.000324 0.000155 0.000009 0.047179 0.007679 1.744143
0.944276 0.000388 0.000328 0.000157 0.000009 0.047165 0.007679 1.744183
0.944279 0.000396 0.000327 0.000154 0.000009 0.047155 0.007679 1.744218
0.944299 0.000390 0.000329 0.000157 0.000008 0.047138 0.007680 1.744259
0.944307 0.000387 0.000331 0.000160 0.000008 0.047130 0.007680 1.744298
0.944317 0.000382 0.000333 0.000164 0.000007 0.047119 0.007680 1.744337
0.944333 0.000383 0.000337 0.000161 0.000006 0.047100 0.007680 1.744372
0.944342 0.000387 0.000342 0.000163 0.000006 0.047080 0.007680 1.744409
0.944348 0.000385 0.000340 0.000161 0.000006 0.047081 0.007680 1.744449
0.944366 0.000384 0.000341 0.000157 0.000007 0.047066 0.007680 1.744485
0.944381 0.000382 0.000339 0.000160 0.000007 0.047051 0.007680 1.744523
0.944392 0.000378 0.000341 0.000161 0.000008 0.047041 0.007680 1.744564
0.944399 0.000372 0.000348 0.000162 0.000009 0.047031 0.007680 1.744607
0.944407 0.000373 0.000350 0.000159 0.000008 0.047023 0.007681 1.744644
0.944412 0.000377 0.000347 0.000162 0.000008 0.047015 0.007681 1.744680
0.944406 0.000385 0.000347 0.000161 0.000008 0.047012 0.007681 1.744716
0.944423 0.000377 0.000349 0.000164 0.000007 0.046999 0.007681 1.744755
0.944432 0.000386 0.000345 0.000165 0.000008 0.046983 0.007681 1.744787
0.944434 0.000391 0.000344 0.000160 0.000009 0.046983 0.007681 1.744824
0.944440 0.000390 0.000344 0.000161 0.000009 0.046977 0.007681 1.744860
0.944452 0.000390 0.000344 0.000162 0.000010 0.046962 0.007681 1.744899
0.944465 0.000384 0.000338 0.000160 0.000010 0.046963 0.007681 1.744935
0.944462 0.000385 0.000345 0.000160 0.000010 0.046959 0.007681 1.744977
0.944466 0.000390 0.000343 0.000162 0.000011 0.046947 0.007681 1.745011
0.944470 0.000397 0.000341 0.000157 0.000012 0.046942 0.007682 1.745041
0.944459 0.000407 0.000347 0.000157 0.000012 0.046938 0.007682 1.745081
0.944461 0.000409 0.000354 0.000158 0.000011 0.046926 0.007682 1.745125
0.944462 0.000402 0.000357 0.000158 0.000013 0.046927 0.007682 1.745167
0.944471 0.000403 0.000358 0.000161 0.000013 0.046912 0.007682 1.745203
0.944470 0.000410 0.000357 0.000160 0.000011 0.046912 0.007682 1.745242
0.944474 0.000410 0.000361 0.000161 0.000010 0.046904 0.007682 1.745282
0.944471 0.000419 0.000360 0.000165 0.000011 0.046894 0.007682 1.745315
0.944468 0.000419 0.000365 0.000163 0.000011 0.046894 0.007682 1.745356
0.944465 0.000416 0.000368 0.000165 0.000012 0.046894 0.007682 1.745405
0.944473 0.000420 0.000362 0.000161 0.000012 0.046892 0.007682 1.745444
0.944474 0.000418 0.000369 0.000166 0.000011 0.046880 0.007682 1.745490
0.944466 0.000420 0.000367 0.000172 0.000011 0.046883 0.007682 1.745531
0.944454 0.000433 0.000372 0.000169 0.000011 0.046880 0.007682 1.745570
0.944455 0.000429 0.000373 0.000173 0.000012 0.046878 0.007682 1.745613
0.944459 0.000425 0.000370 0.000180 0.000012 0.046874 0.007683 1.745652
0.944463 0.000427 0.000361 0.000181 0.000013 0.046873 0.007683 1.745689
0.944467 0.000426 0.000359 0.000182 0.000013 0.046871 0.007683 1.745729
0.944462 0.000426 0.000359 0.000180 0.000013 0.046877 0.007683 1.745768
0.944469 0.000415 0.000368 0.000180 0.000014 0.046871 0.007683 1.745817
0.944468 0.000412 0.000369 0.000181 0.000014 0.046872 0.007683 1.745861
0.944472 0.000414 0.000367 0.000175 0.000015 0.046874 0.007683 1.745895
0.944478 0.000419 0.000366 0.000169 0.000014 0.046871 0.007683 1.745930
0.944482 0.000415 0.000370 0.000172 0.000013 0.046865 0.007684 1.745974
0.944488 0.000406 0.000371 0.000176 0.000012 0.046863 0.007684 1.746016
0.944489 0.000408 0.000372 0.000173 0.000013 0.046861 0.007684 1.746054
0.944496 0.000396 0.000380 0.000173 0.000013 0.046858 0.007684 1.746094
0.944508 0.000385 0.000379 0.000179 0.000013 0.046850 0.007685 1.746140
0.944519 0.000374 0.000383 0.000184 0.000013 0.046842 0.007686 1.746185
0.944517 0.000373 0.000385 0.000183 0.000013 0.046843 0.007687 1.746225
0.944527 0.000380 0.000375 0.000184 0.000014 0.046834 0.007687 1.746251
0.944529 0.000379 0.000373 0.000181 0.000013 0.046839 0.007687 1.746288
0.944541 0.000379 0.000370 0.000182 0.000013 0.046827 0.007688 1.746323
0.944544 0.000383 0.000368 0.000186 0.000012 0.046820 0.007688 1.746357
0.944545 0.000383 0.000360 0.000186 0.000011 0.046828 0.007688 1.746391
0.944547 0.000383 0.000366 0.000184 0.000010 0.046822 0.007688 1.746432
0.944548 0.000384 0.000366 0.000184 0.000011 0.046821 0.007689 1.746466
0.944548 0.000384 0.000369 0.000181 0.000010 0.046820 0.007689 1.746506
0.944543 0.000394 0.000365 0.000175 0.000009 0.046827 0.007689 1.746536
0.944551 0.000390 0.000358 0.000176 0.000010 0.046827 0.007689 1.746571
0.944544 0.000387 0.000365 0.000181 0.000009 0.046827 0.007689 1.746614
0.944546 0.000388 0.000364 0.000177 0.000010 0.046826 0.007689 1.746651
0.944557 0.000380 0.000373 0.000174 0.000010 0.046819 0.007689 1.746693
0.944561 0.000378 0.000382 0.000168 0.000010 0.046813 0.007689 1.746734
0.944570 0.000383 0.000382 0.000167 0.000010 0.046799 0.007689 1.746766
0.944566 0.000387 0.000373 0.000170 0.000011 0.046806 0.007689 1.746798
0.944578 0.000380 0.000370 0.000169 0.000011 0.046805 0.007689 1.746837
0.944580 0.000387 0.000367 0.000168 0.000012 0.046798 0.007689 1.746872
0.944583 0.000389 0.000364 0.000170 0.000012 0.046793 0.007689 1.746907
0.944606 0.000384 0.000355 0.000167 0.000011 0.046789 0.007690 1.746934
0.944601 0.000396 0.000350 0.000163 0.000011 0.046791 0.007690 1.746971
0.944605 0.000400 0.000345 0.000163 0.000010 0.046789 0.007690 1.747001
0.944603 0.000400 0.000345 0.000161 0.000009 0.046794 0.007691 1.747036
0.944604 0.000404 0.000343 0.000159 0.000009 0.046792 0.007691 1.747073
0.944601 0.000413 0.000345 0.000155 0.000009 0.046788 0.007692 1.747106
0.944607 0.000407 0.000343 0.000153 0.000009 0.046790 0.007692 1.747145
0.944606 0.000400 0.000346 0.000161 0.000009 0.046788 0.007692 1.747188
0.944619 0.000392 0.000352 0.000153 0.000010 0.046781 0.007692 1.747224
0.944623 0.000388 0.000352 0.000151 0.000009 0.046785 0.007693 1.747262
0.944624 0.000386 0.000354 0.000153 0.000009 0.046781 0.007693 1.747300
0.944624 0.000391 0.000354 0.000156 0.000010 0.046774 0.007693 1.747335
0.944632 0.000395 0.000351 0.000155 0.000010 0.046765 0.007693 1.747365
0.944634 0.000394 0.000342 0.000161 0.000009 0.046766 0.007694 1.747400
0.944632 0.000398 0.000339 0.000166 0.000009 0.046763 0.007694 1.747436
0.944641 0.000396 0.000336 0.000168 0.000009 0.046758 0.007694 1.747471
0.944650 0.000390 0.000338 0.000171 0.000009 0.046750 0.007694 1.747511
0.944656 0.000388 0.000338 0.000172 0.000010 0.046743 0.007694 1.747551
0.944656 0.000386 0.000342 0.000175 0.000009 0.046739 0.007694 1.747592
0.944659 0.000380 0.000346 0.000176 0.000010 0.046737 0.007694 1.747630
0.944663 0.000372 0.000350 0.000175 0.000011 0.046737 0.007694 1.747679
0.944666 0.000359 0.000353 0.000177 0.000010 0.046741 0.007694 1.747721
0.944668 0.000360 0.000349 0.000175 0.000010 0.046743 0.007694 1.747754
0.944678 0.000354 0.000344 0.000180 0.000010 0.046740 0.007694 1.747790
0.944681 0.000355 0.000346 0.000175 0.000010 0.046739 0.007694 1.747824
0.944696 0.000351 0.000342 0.000172 0.000009 0.046736 0.007694 1.747860
0.944701 0.000350 0.000342 0.000171 0.000010 0.046733 0.007694 1.747890
0.944713 0.000345 0.000340 0.000166 0.000011 0.046733 0.007694 1.747923
0.944727 0.000342 0.000336 0.000167 0.000010 0.046724 0.007695 1.747951
0.944733 0.000342 0.000336 0.000159 0.000011 0.046726 0.007695 1.747982
0.944736 0.000344 0.000332 0.000155 0.000011 0.046729 0.007695 1.748010
0.944757 0.000336 0.000328 0.000157 0.000011 0.046717 0.007695 1.748044
0.944761 0.000343 0.000324 0.000161 0.000011 0.046707 0.007695 1.748073
0.944773 0.000332 0.000326 0.000161 0.000010 0.046703 0.007695 1.748109
0.944780 0.000337 0.000324 0.000161 0.000011 0.046694 0.007695 1.748139
0.944797 0.000327 0.000318 0.000166 0.000011 0.046688 0.007695 1.748175
0.944805 0.000330 0.000311 0.000160 0.000013 0.046686 0.007695 1.748202
0.944802 0.000335 0.000309 0.000161 0.000013 0.046686 0.007696 1.748235
0.944815 0.000325 0.000309 0.000152 0.000013 0.046691 0.007696 1.748268
0.944824 0.000332 0.000303 0.000146 0.000014 0.046687 0.007696 1.748295
0.944837 0.000321 0.000308 0.000143 0.000014 0.046683 0.007696 1.748332
0.944842 0.000317 0.000311 0.000145 0.000015 0.046674 0.007696 1.748366
0.944846 0.000323 0.000313 0.000148 0.000015 0.046660 0.007696 1.748395
0.944849 0.000329 0.000307 0.000148 0.000015 0.046657 0.007696 1.748423
0.944863 0.000320 0.000311 0.000144 0.000015 0.046652 0.007696 1.748455
0.944865 0.000327 0.000308 0.000141 0.000014 0.046650 0.007697 1.748485
0.944861 0.000328 0.000306 0.000140 0.000013 0.046657 0.007697 1.748516
0.944874 0.000317 0.000310 0.000145 0.000014 0.046645 0.007697 1.748557
0.944870 0.000324 0.000310 0.000143 0.000013 0.046644 0.007697 1.748585
0.944866 0.000319 0.000311 0.000139 0.000014 0.046655 0.007697 1.748625
0.944869 0.000322 0.000302 0.000141 0.000014 0.046657 0.007697 1.748654
0.944871 0.000328 0.000298 0.000138 0.000013 0.046655 0.007697 1.748681
0.944873 0.000326 0.000304 0.000139 0.000013 0.046648 0.007697 1.748718
0.944877 0.000321 0.000306 0.000141 0.000013 0.046645 0.007697 1.748755
0.944880 0.000311 0.000312 0.000141 0.000011 0.046648 0.007698 1.748789
0.944878 0.000325 0.000306 0.000139 0.000011 0.046644 0.007698 1.748813
0.944871 0.000331 0.000307 0.000142 0.000010 0.046643 0.007698 1.748844
0.944878 0.000323 0.000307 0.000142 0.000010 0.046642 0.007699 1.748877
0.944887 0.000326 0.000301 0.000142 0.000010 0.046636 0.007699 1.748901
0.944884 0.000334 0.000302 0.000135 0.000010 0.046637 0.007699 1.748927
0.944894 0.000328 0.000306 0.000134 0.000010 0.046629 0.007699 1.748962
0.944892 0.000335 0.000302 0.000133 0.000010 0.046630 0.007699 1.748990
0.944890 0.000336 0.000304 0.000128 0.000010 0.046634 0.007699 1.749023
0.944890 0.000341 0.000294 0.000128 0.000010 0.046639 0.007699 1.749051
0.944892 0.000342 0.000293 0.000130 0.000011 0.046635 0.007699 1.749079
0.944912 0.000324 0.000296 0.000131 0.000011 0.046628 0.007699 1.749118
0.944923 0.000324 0.000299 0.000130 0.000010 0.046616 0.007699 1.749147
0.944921 0.000326 0.000305 0.000132 0.000010 0.046608 0.007700 1.749181
0.944926 0.000327 0.000305 0.000131 0.000010 0.046602 0.007700 1.749211
0.944938 0.000326 0.000305 0.000128 0.000009 0.046596 0.007700 1.749240
0.944944 0.000314 0.000303 0.000128 0.000010 0.046603 0.007700 1.749278
0.944949 0.000316 0.000307 0.000127 0.000010 0.046593 0.007700 1.749305
0.944961 0.000315 0.000309 0.000126 0.000010 0.046580 0.007700 1.749332
0.944969 0.000312 0.000300 0.000129 0.000009 0.046581 0.007701 1.749359
0.944978 0.000312 0.000292 0.000134 0.000009 0.046575 0.007701 1.749387
0.944983 0.000315 0.000288 0.000135 0.000009 0.046570 0.007701 1.749414
0.944996 0.000312 0.000287 0.000132 0.000009 0.046565 0.007701 1.749442
0.945011 0.000305 0.000280 0.000138 0.000010 0.046555 0.007701 1.749474
0.945024 0.000302 0.000284 0.000141 0.000010 0.046538 0.007702 1.749504
0.945034 0.000299 0.000282 0.000140 0.000010 0.046533 0.007702 1.749533
0.945035 0.000291 0.000290 0.000143 0.000010 0.046530 0.007702 1.749569
0.945049 0.000281 0.000289 0.000145 0.000009 0.046526 0.007702 1.749602
0.945058 0.000281 0.000288 0.000151 0.000009 0.046512 0.007702 1.749634
0.945072 0.000281 0.000286 0.000145 0.000010 0.046505 0.007702 1.749660
0.945078 0.000282 0.000281 0.000140 0.000010 0.046507 0.007702 1.749686
0.945090 0.000284 0.000281 0.000140 0.000011 0.046494 0.007702 1.749712
0.945092 0.000283 0.000284 0.000140 0.000010 0.046489 0.007702 1.749742
0.945102 0.000284 0.000279 0.000139 0.000012 0.046483 0.007702 1.749770
0.945111 0.000280 0.000273 0.000140 0.000012 0.046483 0.007702 1.749799
0.945126 0.000282 0.000268 0.000135 0.000011 0.046476 0.007703 1.749823
0.945136 0.000287 0.000265 0.000133 0.000012 0.046465 0.007703 1.749846
0.945134 0.000290 0.000268 0.000130 0.000012 0.046464 0.007703 1.749873
0.945139 0.000293 0.000265 0.000131 0.000012 0.046458 0.007703 1.749899
0.945146 0.000297 0.000260 0.000130 0.000011 0.046453 0.007703 1.749926
0.945147 0.000295 0.000265 0.000131 0.000011 0.046448 0.007703 1.749959
0.945154 0.000291 0.000271 0.000131 0.000011 0.046441 0.007703 1.749990
0.945161 0.000296 0.000269 0.000131 0.000011 0.046429 0.007703 1.750017
0.945167 0.000290 0.000270 0.000137 0.000010 0.046422 0.007704 1.750046
0.945168 0.000286 0.000273 0.000140 0.000010 0.046420 0.007704 1.750081
0.945178 0.000289 0.000267 0.000140 0.000009 0.046411 0.007705 1.750105
0.945190 0.000291 0.000268 0.000135 0.000010 0.046403 0.007705 1.750128
0.945188 0.000305 0.000266 0.000128 0.000009 0.046400 0.007705 1.750149
0.945186 0.000296 0.000272 0.000131 0.000009 0.046401 0.007705 1.750188
0.945184 0.000299 0.000274 0.000128 0.000009 0.046402 0.007706 1.750220
0.945190 0.000301 0.000268 0.000129 0.000009 0.046399 0.007706 1.750245
0.945199 0.000295 0.000265 0.000131 0.000008 0.046397 0.007706 1.750277
