0.327931 0.063972 0.057365 0.033138 0.002163 0.509247 0.006184 1.663542
0.330126 0.061931 0.057267 0.033020 0.002165 0.509284 0.006206 1.669781
0.333008 0.059534 0.057066 0.032738 0.002162 0.509261 0.006232 1.675690
0.336351 0.056901 0.056769 0.032340 0.002165 0.509219 0.006255 1.681381
0.339868 0.054179 0.056502 0.031879 0.002183 0.509104 0.006284 1.686906
0.343669 0.051511 0.055877 0.031362 0.002175 0.509092 0.006315 1.692041
0.347628 0.049004 0.055148 0.030768 0.002180 0.508927 0.006344 1.696989
0.351758 0.046427 0.054378 0.030180 0.002157 0.508730 0.006370 1.701755
0.355934 0.044259 0.053388 0.029500 0.002142 0.508374 0.006404 1.706081
0.360228 0.041993 0.052403 0.028911 0.002146 0.507886 0.006435 1.710335
0.364747 0.039879 0.051357 0.028216 0.002134 0.507201 0.006466 1.714319
0.369259 0.037879 0.050323 0.027506 0.002122 0.506421 0.006490 1.718153
0.373801 0.036021 0.049233 0.026730 0.002116 0.505580 0.006518 1.721782
0.378398 0.034263 0.048050 0.025997 0.002099 0.504642 0.006550 1.725226
0.383028 0.032697 0.046819 0.025268 0.002066 0.503537 0.006584 1.728464
0.387793 0.031122 0.045668 0.024552 0.002039 0.502207 0.006619 1.731632
0.392406 0.029737 0.044489 0.023801 0.002020 0.500902 0.006645 1.734601
0.397155 0.028426 0.043200 0.023077 0.002005 0.499470 0.006668 1.737443
0.401865 0.027221 0.041929 0.022347 0.001980 0.497964 0.006695 1.740159
0.406632 0.026062 0.040725 0.021650 0.001966 0.496247 0.006718 1.742786
0.411251 0.025068 0.039431 0.020955 0.001952 0.494598 0.006745 1.745272
0.415932 0.024068 0.038326 0.020312 0.001931 0.492666 0.006765 1.747733
0.420644 0.023107 0.037203 0.019646 0.001908 0.490705 0.006788 1.750070
0.425382 0.022197 0.036149 0.018984 0.001867 0.488610 0.006812 1.752313
0.430123 0.021403 0.035022 0.018375 0.001847 0.486395 0.006834 1.754421
0.434921 0.020741 0.033913 0.017729 0.001835 0.484009 0.006852 1.756436
0.439576 0.020082 0.032895 0.017116 0.001807 0.481643 0.006881 1.758425
0.444374 0.019479 0.031815 0.016504 0.001789 0.479137 0.006902 1.760294
0.449025 0.018877 0.030816 0.015991 0.001765 0.476605 0.006922 1.762193
0.453617 0.018290 0.029880 0.015481 0.001729 0.474060 0.006942 1.764048
0.458334 0.017814 0.028948 0.014954 0.001704 0.471276 0.006971 1.765785
0.462948 0.017348 0.028078 0.014481 0.001670 0.468479 0.006995 1.767512
0.467535 0.016873 0.027278 0.014071 0.001638 0.465585 0.007020 1.769249
0.472045 0.016512 0.026385 0.013599 0.001619 0.462800 0.007040 1.770837
0.476668 0.016074 0.025631 0.013173 0.001588 0.459808 0.007057 1.772452
0.481076 0.015712 0.024935 0.012771 0.001558 0.456869 0.007080 1.774051
0.485558 0.015382 0.024139 0.012392 0.001531 0.453898 0.007101 1.775534
0.490063 0.015034 0.023451 0.012027 0.001516 0.450794 0.007116 1.777044
0.494525 0.014697 0.022782 0.011653 0.001489 0.447715 0.007140 1.778537
0.498891 0.014466 0.022068 0.011324 0.001469 0.444629 0.007155 1.779964
0.503200 0.014258 0.021444 0.010998 0.001436 0.441494 0.007171 1.781363
0.507594 0.014040 0.020871 0.010658 0.001417 0.438234 0.007185 1.782724
0.511921 0.013812 0.020327 0.010358 0.001397 0.434980 0.007204 1.784103
0.516202 0.013601 0.019774 0.010074 0.001367 0.431764 0.007217 1.785435
0.520375 0.013410 0.019201 0.009833 0.001338 0.428606 0.007238 1.786756
0.524513 0.013258 0.018695 0.009586 0.001312 0.425375 0.007260 1.788048
0.528678 0.013113 0.018254 0.009362 0.001285 0.422032 0.007277 1.789327
0.532851 0.012949 0.017776 0.009139 0.001249 0.418739 0.007299 1.790555
0.536952 0.012744 0.017354 0.008939 0.001228 0.415472 0.007312 1.791855
0.541004 0.012690 0.016904 0.008739 0.001197 0.412140 0.007326 1.793040
0.545001 0.012511 0.016563 0.008550 0.001174 0.408856 0.007346 1.794305
0.548940 0.012377 0.016228 0.008354 0.001150 0.405593 0.007359 1.795530
0.552852 0.012282 0.015892 0.008177 0.001131 0.402297 0.007370 1.796718
0.556722 0.012232 0.015526 0.007977 0.001108 0.399051 0.007383 1.797933
0.560510 0.012214 0.015215 0.007837 0.001079 0.395747 0.007399 1.799103
0.564354 0.012124 0.014907 0.007646 0.001059 0.392498 0.007412 1.800274
0.568213 0.012060 0.014631 0.007523 0.001028 0.389123 0.007423 1.801454
0.571911 0.011981 0.014386 0.007414 0.001005 0.385864 0.007440 1.802633
0.575628 0.011957 0.014100 0.007264 0.000983 0.382617 0.007451 1.803761
0.579324 0.011895 0.013892 0.007133 0.000961 0.379330 0.007466 1.804923
0.582952 0.011848 0.013709 0.007007 0.000939 0.376068 0.007477 1.806073
0.586591 0.011837 0.013455 0.006907 0.000918 0.372801 0.007490 1.807190
0.590060 0.011826 0.013271 0.006792 0.000895 0.369655 0.007499 1.808313
0.593604 0.011778 0.013083 0.006687 0.000874 0.366461 0.007513 1.809468
0.597109 0.011718 0.012933 0.006591 0.000852 0.363270 0.007527 1.810639
0.600539 0.011722 0.012774 0.006501 0.000831 0.360096 0.007538 1.811769
0.603823 0.011727 0.012639 0.006485 0.000813 0.356962 0.007550 1.812895
0.607167 0.011694 0.012511 0.006419 0.000804 0.353849 0.007556 1.814050
0.610449 0.011691 0.012363 0.006333 0.000795 0.350804 0.007565 1.815187
0.613683 0.011702 0.012228 0.006257 0.000778 0.347776 0.007574 1.816306
0.616868 0.011718 0.012147 0.006256 0.000759 0.344667 0.007585 1.817469
0.619968 0.011766 0.012023 0.006199 0.000744 0.341705 0.007596 1.818589
0.622978 0.011787 0.011914 0.006135 0.000727 0.338852 0.007607 1.819723
0.625963 0.011824 0.011859 0.006106 0.000716 0.335915 0.007618 1.820882
0.628952 0.011830 0.011795 0.006075 0.000701 0.333019 0.007628 1.822045
0.631885 0.011835 0.011755 0.006029 0.000694 0.330166 0.007635 1.823235
0.634832 0.011869 0.011722 0.005973 0.000683 0.327274 0.007647 1.824416
0.637748 0.011879 0.011641 0.005938 0.000681 0.324460 0.007653 1.825575
0.640493 0.012011 0.011560 0.005917 0.000666 0.321690 0.007663 1.826710
0.643265 0.012055 0.011528 0.005922 0.000663 0.318897 0.007670 1.827900
0.646023 0.012082 0.011467 0.005896 0.000651 0.316205 0.007677 1.829071
0.648686 0.012067 0.011430 0.005913 0.000641 0.313578 0.007686 1.830299
0.651289 0.012111 0.011408 0.005883 0.000623 0.310991 0.007695 1.831507
0.653939 0.012159 0.011386 0.005860 0.000613 0.308341 0.007703 1.832696
0.656473 0.012208 0.011341 0.005891 0.000596 0.305780 0.007712 1.833912
0.659016 0.012266 0.011322 0.005889 0.000581 0.303208 0.007719 1.835114
0.661581 0.012364 0.011239 0.005893 0.000578 0.300619 0.007727 1.836289
0.663995 0.012524 0.011252 0.005852 0.000571 0.298072 0.007735 1.837468
0.666319 0.012647 0.011214 0.005850 0.000562 0.295666 0.007742 1.838684
0.668619 0.012807 0.011242 0.005876 0.000559 0.293152 0.007745 1.839913
0.670901 0.012906 0.011253 0.005909 0.000548 0.290730 0.007753 1.841168
0.673182 0.012937 0.011299 0.005953 0.000540 0.288331 0.007759 1.842470
0.675420 0.012999 0.011308 0.005958 0.000530 0.286017 0.007767 1.843742
0.677571 0.013074 0.011367 0.005980 0.000527 0.283705 0.007775 1.845052
0.679679 0.013163 0.011371 0.006010 0.000521 0.281473 0.007782 1.846345
0.681665 0.013258 0.011447 0.006026 0.000508 0.279306 0.007790 1.847681
0.683707 0.013373 0.011476 0.006038 0.000503 0.277105 0.007799 1.848979
0.685737 0.013499 0.011525 0.006072 0.000495 0.274866 0.007807 1.850313
0.687652 0.013643 0.011595 0.006070 0.000494 0.272736 0.007812 1.851638
0.689537 0.013837 0.011599 0.006116 0.000492 0.270602 0.007818 1.852958
0.691442 0.013974 0.011673 0.006163 0.000483 0.268439 0.007826 1.854353
0.693287 0.014063 0.011756 0.006231 0.000480 0.266348 0.007835 1.855752
0.695001 0.014190 0.011783 0.006284 0.000463 0.264437 0.007843 1.857111
0.696686 0.014328 0.011908 0.006316 0.000455 0.262455 0.007852 1.858543
0.698411 0.014459 0.011994 0.006329 0.000458 0.260493 0.007857 1.859958
0.700079 0.014651 0.012056 0.006369 0.000452 0.258532 0.007860 1.861388
0.701744 0.014749 0.012148 0.006455 0.000452 0.256589 0.007865 1.862854
0.703287 0.014948 0.012242 0.006450 0.000454 0.254749 0.007869 1.864252
0.704788 0.015131 0.012304 0.006498 0.000451 0.252951 0.007878 1.865711
0.706339 0.015213 0.012404 0.006566 0.000450 0.251148 0.007881 1.867221
0.707807 0.015377 0.012485 0.006602 0.000451 0.249392 0.007886 1.868692
0.709220 0.015443 0.012614 0.006662 0.000448 0.247721 0.007892 1.870284
0.710646 0.015572 0.012693 0.006738 0.000448 0.246008 0.007895 1.871821
0.712062 0.015723 0.012789 0.006821 0.000445 0.244258 0.007900 1.873378
0.713443 0.015867 0.012917 0.006860 0.000442 0.242564 0.007907 1.874930
0.714737 0.016078 0.013060 0.006919 0.000440 0.240853 0.007912 1.876469
0.715947 0.016292 0.013164 0.006985 0.000445 0.239247 0.007919 1.878059
0.717034 0.016467 0.013253 0.007060 0.000450 0.237813 0.007923 1.879671
0.718242 0.016601 0.013401 0.007095 0.000451 0.236283 0.007927 1.881299
0.719375 0.016859 0.013520 0.007095 0.000451 0.234768 0.007931 1.882889
0.720495 0.017047 0.013641 0.007108 0.000449 0.233324 0.007937 1.884526
0.721474 0.017258 0.013750 0.007198 0.000450 0.231923 0.007946 1.886221
0.722459 0.017450 0.013875 0.007274 0.000458 0.230534 0.007950 1.887949
0.723395 0.017697 0.014006 0.007321 0.000463 0.229163 0.007956 1.889658
0.724409 0.017861 0.014139 0.007415 0.000463 0.227752 0.007960 1.891398
0.725338 0.018073 0.014268 0.007523 0.000461 0.226371 0.007966 1.893154
0.726214 0.018237 0.014395 0.007637 0.000464 0.225082 0.007970 1.894930
0.726932 0.018507 0.014486 0.007703 0.000466 0.223932 0.007976 1.896691
0.727661 0.018680 0.014654 0.007778 0.000472 0.222772 0.007984 1.898551
0.728371 0.018839 0.014832 0.007856 0.000467 0.221645 0.007990 1.900381
0.729178 0.018982 0.014972 0.007891 0.000465 0.220515 0.007998 1.902212
0.729881 0.019160 0.015110 0.007958 0.000461 0.219424 0.008005 1.904084
0.730497 0.019418 0.015232 0.008042 0.000468 0.218332 0.008010 1.905933
0.731082 0.019628 0.015454 0.008124 0.000473 0.217224 0.008016 1.907886
0.731688 0.019812 0.015621 0.008169 0.000469 0.216217 0.008023 1.909803
0.732321 0.019973 0.015845 0.008238 0.000471 0.215125 0.008026 1.911765
0.732872 0.020150 0.015994 0.008303 0.000464 0.214183 0.008035 1.913708
0.733351 0.020351 0.016199 0.008385 0.000468 0.213209 0.008037 1.915683
0.733846 0.020551 0.016348 0.008456 0.000465 0.212290 0.008044 1.917700
0.734303 0.020684 0.016549 0.008508 0.000470 0.211434 0.008052 1.919753
0.734679 0.020962 0.016680 0.008586 0.000477 0.210561 0.008056 1.921749
0.735036 0.021157 0.016856 0.008665 0.000481 0.209745 0.008061 1.923802
0.735311 0.021421 0.016967 0.008711 0.000470 0.209049 0.008070 1.925841
0.735636 0.021641 0.017109 0.008772 0.000477 0.208289 0.008076 1.927911
0.735901 0.021874 0.017249 0.008903 0.000484 0.207508 0.008081 1.930046
0.736140 0.022055 0.017391 0.009035 0.000483 0.206810 0.008087 1.932165
0.736388 0.022190 0.017566 0.009143 0.000489 0.206131 0.008092 1.934360
0.736593 0.022326 0.017658 0.009298 0.000494 0.205533 0.008098 1.936563
0.736806 0.022468 0.017775 0.009374 0.000499 0.204976 0.008101 1.938742
0.737043 0.022637 0.017890 0.009479 0.000500 0.204341 0.008111 1.940916
0.737191 0.022770 0.018082 0.009605 0.000505 0.203733 0.008115 1.943203
0.737409 0.022866 0.018319 0.009693 0.000507 0.203085 0.008121 1.945479
0.737542 0.022962 0.018528 0.009808 0.000502 0.202530 0.008128 1.947782
0.737704 0.023134 0.018672 0.009855 0.000501 0.202002 0.008134 1.949993
0.737876 0.023278 0.018838 0.009856 0.000502 0.201506 0.008142 1.952244
0.737942 0.023453 0.018995 0.009914 0.000502 0.201044 0.008149 1.954536
0.738093 0.023442 0.019195 0.009998 0.000507 0.200608 0.008156 1.956897
0.738134 0.023588 0.019347 0.010038 0.000505 0.200227 0.008160 1.959171
0.738169 0.023753 0.019475 0.010068 0.000518 0.199853 0.008164 1.961462
0.738197 0.023879 0.019637 0.010138 0.000512 0.199466 0.008171 1.963821
0.738222 0.023980 0.019791 0.010202 0.000519 0.199106 0.008180 1.966173
0.738256 0.024095 0.019899 0.010284 0.000521 0.198758 0.008187 1.968512
0.738364 0.024130 0.020054 0.010361 0.000532 0.198365 0.008194 1.970902
0.738360 0.024233 0.020143 0.010430 0.000533 0.198100 0.008202 1.973248
0.738445 0.024282 0.020232 0.010511 0.000544 0.197779 0.008207 1.975638
0.738523 0.024321 0.020303 0.010554 0.000550 0.197536 0.008214 1.978011
0.738519 0.024320 0.020495 0.010598 0.000555 0.197292 0.008221 1.980409
0.738476 0.024455 0.020623 0.010625 0.000558 0.197036 0.008227 1.982792
0.738301 0.024577 0.020774 0.010725 0.000570 0.196820 0.008231 1.985238
0.738286 0.024657 0.020925 0.010800 0.000568 0.196527 0.008238 1.987700
0.738296 0.024695 0.021023 0.010827 0.000570 0.196345 0.008246 1.990097
0.738252 0.024768 0.021095 0.010903 0.000573 0.196158 0.008251 1.992522
0.738255 0.024872 0.021161 0.010908 0.000574 0.195970 0.008261 1.994917
0.738205 0.024887 0.021230 0.010974 0.000582 0.195851 0.008270 1.997348
0.738185 0.024841 0.021357 0.011083 0.000586 0.195671 0.008277 1.999869
0.738106 0.024922 0.021426 0.011115 0.000587 0.195563 0.008283 2.002252
0.738086 0.024958 0.021535 0.011181 0.000590 0.195358 0.008290 2.004691
0.738007 0.024931 0.021690 0.011200 0.000608 0.195270 0.008293 2.007213
0.737936 0.025029 0.021763 0.011210 0.000614 0.195151 0.008298 2.009607
0.737890 0.025038 0.021856 0.011248 0.000612 0.195051 0.008305 2.012084
0.737958 0.025021 0.021932 0.011260 0.000620 0.194898 0.008311 2.014546
0.737882 0.025080 0.021962 0.011280 0.000629 0.194849 0.008317 2.016973
0.737839 0.025044 0.022055 0.011292 0.000626 0.194821 0.008323 2.019429
0.737840 0.025086 0.022071 0.011286 0.000630 0.194755 0.008331 2.021856
0.737824 0.025123 0.022089 0.011282 0.000628 0.194710 0.008342 2.024298
0.737850 0.025066 0.022157 0.011281 0.000631 0.194669 0.008346 2.026771
0.737861 0.025021 0.022174 0.011294 0.000637 0.194661 0.008354 2.029208
0.737918 0.025027 0.022166 0.011328 0.000634 0.194564 0.008363 2.031625
0.737900 0.024998 0.022290 0.011331 0.000641 0.194468 0.008371 2.034081
0.737871 0.025012 0.022317 0.011306 0.000636 0.194475 0.008382 2.036522
0.737853 0.024957 0.022343 0.011281 0.000637 0.194537 0.008393 2.039000
0.737876 0.024887 0.022345 0.011342 0.000641 0.194509 0.008401 2.041494
0.737865 0.024834 0.022411 0.011373 0.000639 0.194473 0.008407 2.043927
0.738018 0.024755 0.022386 0.011426 0.000638 0.194360 0.008417 2.046315
0.738122 0.024701 0.022348 0.011469 0.000641 0.194295 0.008424 2.048717
0.738081 0.024719 0.022421 0.011460 0.000641 0.194243 0.008435 2.051102
0.738178 0.024722 0.022369 0.011481 0.000647 0.194159 0.008444 2.053482
0.738212 0.024690 0.022403 0.011485 0.000643 0.194115 0.008453 2.055890
0.738328 0.024599 0.022409 0.011455 0.000638 0.194113 0.008457 2.058306
0.738413 0.024514 0.022415 0.011425 0.000642 0.194122 0.008469 2.060685
0.738487 0.024360 0.022512 0.011433 0.000642 0.194089 0.008476 2.063188
0.738546 0.024356 0.022489 0.011450 0.000652 0.194025 0.008482 2.065558
0.738704 0.024272 0.022440 0.011443 0.000663 0.193989 0.008489 2.067905
0.738839 0.024185 0.022364 0.011396 0.000667 0.194053 0.008497 2.070273
0.738846 0.024140 0.022377 0.011356 0.000667 0.194111 0.008503 2.072652
0.738977 0.024094 0.022353 0.011338 0.000663 0.194062 0.008514 2.074983
0.739136 0.023954 0.022364 0.011322 0.000660 0.194042 0.008522 2.077421
0.739278 0.023935 0.022371 0.011332 0.000660 0.193892 0.008533 2.079766
0.739430 0.023904 0.022334 0.011299 0.000665 0.193828 0.008540 2.082090
0.739590 0.023789 0.022291 0.011273 0.000669 0.193840 0.008548 2.084444
0.739783 0.023627 0.022215 0.011289 0.000670 0.193860 0.008557 2.086815
0.739950 0.023572 0.022127 0.011293 0.000674 0.193820 0.008563 2.089125
0.740106 0.023509 0.022099 0.011285 0.000673 0.193755 0.008573 2.091402
0.740256 0.023465 0.022063 0.011249 0.000684 0.193706 0.008577 2.093690
0.740496 0.023342 0.022029 0.011217 0.000684 0.193644 0.008586 2.096011
0.740612 0.023344 0.021946 0.011175 0.000691 0.193638 0.008595 2.098275
0.740815 0.023251 0.021937 0.011172 0.000681 0.193535 0.008609 2.100586
0.740976 0.023203 0.021867 0.011113 0.000689 0.193542 0.008612 2.102862
0.741203 0.023133 0.021821 0.011086 0.000682 0.193455 0.008620 2.105149
0.741381 0.023123 0.021764 0.011036 0.000689 0.193382 0.008625 2.107392
0.741565 0.023125 0.021705 0.010988 0.000684 0.193298 0.008634 2.109633
0.741770 0.022971 0.021723 0.010991 0.000675 0.193227 0.008643 2.111933
0.741960 0.022925 0.021624 0.010934 0.000675 0.193230 0.008653 2.114185
0.742233 0.022842 0.021560 0.010936 0.000669 0.193098 0.008662 2.116431
0.742431 0.022814 0.021489 0.010897 0.000683 0.193020 0.008666 2.118643
0.742771 0.022673 0.021463 0.010879 0.000683 0.192860 0.008673 2.120920
0.743006 0.022557 0.021446 0.010855 0.000680 0.192774 0.008682 2.123165
0.743287 0.022517 0.021356 0.010856 0.000679 0.192615 0.008690 2.125346
0.743575 0.022471 0.021280 0.010839 0.000672 0.192465 0.008698 2.127560
0.743875 0.022370 0.021211 0.010824 0.000681 0.192335 0.008703 2.129749
0.744173 0.022350 0.021192 0.010787 0.000684 0.192100 0.008715 2.131935
0.744415 0.022260 0.021150 0.010764 0.000678 0.192010 0.008723 2.134142
0.744692 0.022090 0.021175 0.010743 0.000673 0.191894 0.008733 2.136391
0.744985 0.022101 0.021035 0.010722 0.000678 0.191737 0.008742 2.138485
0.745274 0.022050 0.021008 0.010691 0.000674 0.191555 0.008750 2.140665
0.745574 0.021970 0.020881 0.010673 0.000666 0.191476 0.008760 2.142797
0.745861 0.021946 0.020922 0.010601 0.000666 0.191236 0.008768 2.144961
0.746112 0.021951 0.020846 0.010544 0.000672 0.191103 0.008771 2.147061
0.746455 0.021896 0.020746 0.010488 0.000670 0.190966 0.008779 2.149184
0.746791 0.021789 0.020682 0.010441 0.000666 0.190843 0.008787 2.151339
0.747020 0.021774 0.020622 0.010367 0.000661 0.190756 0.008800 2.153471
0.747295 0.021738 0.020540 0.010347 0.000666 0.190605 0.008808 2.155595
0.747525 0.021786 0.020423 0.010327 0.000660 0.190463 0.008817 2.157658
0.747851 0.021768 0.020415 0.010252 0.000671 0.190220 0.008822 2.159762
0.748131 0.021689 0.020349 0.010214 0.000672 0.190116 0.008830 2.161886
0.748460 0.021609 0.020282 0.010215 0.000669 0.189929 0.008837 2.164026
0.748750 0.021570 0.020215 0.010193 0.000666 0.189761 0.008846 2.166122
0.749070 0.021538 0.020191 0.010165 0.000664 0.189517 0.008856 2.168222
0.749468 0.021451 0.020154 0.010161 0.000662 0.189240 0.008865 2.170344
0.749741 0.021388 0.020111 0.010188 0.000660 0.189040 0.008873 2.172456
0.750169 0.021288 0.020143 0.010195 0.000659 0.188665 0.008881 2.174569
0.750421 0.021295 0.020074 0.010174 0.000654 0.188492 0.008890 2.176635
0.750803 0.021320 0.019989 0.010131 0.000651 0.188207 0.008900 2.178656
0.751041 0.021331 0.019947 0.010125 0.000644 0.188004 0.008909 2.180750
0.751354 0.021295 0.019903 0.010111 0.000643 0.187777 0.008917 2.182820
0.751573 0.021326 0.019941 0.010128 0.000649 0.187459 0.008925 2.184936
0.751778 0.021304 0.019939 0.010093 0.000654 0.187300 0.008933 2.187028
0.752062 0.021259 0.019890 0.010078 0.000649 0.187122 0.008940 2.189144
0.752362 0.021255 0.019796 0.010060 0.000650 0.186931 0.008948 2.191151
0.752659 0.021237 0.019790 0.010037 0.000653 0.186668 0.008957 2.193261
0.752905 0.021211 0.019732 0.009983 0.000653 0.186551 0.008965 2.195325
0.753243 0.021165 0.019643 0.009935 0.000649 0.186392 0.008973 2.197383
0.753481 0.021134 0.019654 0.009949 0.000649 0.186152 0.008983 2.199487
0.753837 0.021028 0.019646 0.009945 0.000650 0.185903 0.008991 2.201608
0.754049 0.021038 0.019606 0.009945 0.000642 0.185721 0.008999 2.203657
0.754314 0.021057 0.019596 0.009909 0.000638 0.185480 0.009005 2.205701
0.754477 0.020988 0.019583 0.009956 0.000644 0.185340 0.009011 2.207845
0.754716 0.020985 0.019574 0.009939 0.000641 0.185126 0.009019 2.209915
0.755001 0.020978 0.019494 0.009919 0.000639 0.184942 0.009027 2.211939
0.755249 0.021002 0.019507 0.009906 0.000636 0.184666 0.009034 2.213981
0.755606 0.020953 0.019423 0.009911 0.000634 0.184433 0.009041 2.216036
0.755927 0.020964 0.019365 0.009868 0.000636 0.184197 0.009044 2.218057
0.756271 0.020871 0.019304 0.009897 0.000633 0.183971 0.009052 2.220114
0.756491 0.020890 0.019302 0.009892 0.000629 0.183736 0.009060 2.222171
0.756733 0.020930 0.019254 0.009871 0.000626 0.183521 0.009065 2.224202
0.756943 0.020932 0.019285 0.009866 0.000627 0.183276 0.009070 2.226291
0.757127 0.020982 0.019300 0.009847 0.000629 0.183036 0.009078 2.228319
0.757342 0.020940 0.019318 0.009839 0.000638 0.182837 0.009087 2.230380
0.757597 0.020913 0.019279 0.009848 0.000636 0.182633 0.009093 2.232449
0.757760 0.020906 0.019256 0.009851 0.000636 0.182491 0.009099 2.234506
0.758001 0.020853 0.019222 0.009843 0.000635 0.182340 0.009107 2.236594
0.758161 0.020884 0.019208 0.009825 0.000631 0.182177 0.009115 2.238649
0.758396 0.020812 0.019201 0.009802 0.000630 0.182035 0.009124 2.240727
0.758737 0.020811 0.019223 0.009768 0.000621 0.181711 0.009130 2.242726
0.758917 0.020867 0.019230 0.009761 0.000615 0.181475 0.009136 2.244753
0.759220 0.020826 0.019176 0.009733 0.000620 0.181282 0.009145 2.246820
0.759462 0.020791 0.019154 0.009736 0.000622 0.181087 0.009150 2.248868
0.759651 0.020815 0.019110 0.009758 0.000619 0.180889 0.009158 2.250936
0.759910 0.020797 0.019069 0.009754 0.000623 0.180684 0.009164 2.252970
0.760164 0.020776 0.019060 0.009720 0.000619 0.180494 0.009169 2.255015
0.760490 0.020724 0.018990 0.009723 0.000620 0.180276 0.009177 2.257051
0.760707 0.020737 0.018985 0.009741 0.000622 0.180024 0.009185 2.259100
0.760904 0.020748 0.019002 0.009771 0.000619 0.179763 0.009194 2.261164
0.761151 0.020741 0.018989 0.009739 0.000619 0.179561 0.009203 2.263201
0.761288 0.020778 0.018997 0.009753 0.000619 0.179354 0.009212 2.265251
0.761588 0.020713 0.018995 0.009727 0.000617 0.179139 0.009221 2.267276
0.761804 0.020699 0.018945 0.009699 0.000612 0.179014 0.009228 2.269286
0.761954 0.020803 0.018939 0.009704 0.000616 0.178752 0.009233 2.271275
0.762135 0.020805 0.018978 0.009659 0.000616 0.178565 0.009242 2.273317
0.762241 0.020831 0.018979 0.009648 0.000616 0.178436 0.009248 2.275386
0.762318 0.020888 0.018973 0.009650 0.000613 0.178302 0.009257 2.277430
0.762524 0.020819 0.019020 0.009652 0.000618 0.178101 0.009266 2.279544
0.762663 0.020912 0.019028 0.009578 0.000628 0.177920 0.009272 2.281538
0.762782 0.020918 0.019041 0.009568 0.000623 0.177790 0.009278 2.283616
0.762887 0.020927 0.019065 0.009572 0.000626 0.177640 0.009285 2.285703
0.763029 0.020921 0.019065 0.009583 0.000626 0.177484 0.009293 2.287785
0.763135 0.020984 0.019051 0.009577 0.000622 0.177328 0.009302 2.289804
0.763238 0.021025 0.019055 0.009609 0.000626 0.177141 0.009308 2.291873
0.763332 0.021016 0.019063 0.009627 0.000626 0.177022 0.009315 2.293951
0.763497 0.020966 0.019104 0.009682 0.000617 0.176814 0.009321 2.296059
0.763559 0.021091 0.019104 0.009633 0.000609 0.176677 0.009327 2.298082
0.763697 0.021135 0.019120 0.009604 0.000609 0.176498 0.009337 2.300130
0.763709 0.021132 0.019202 0.009658 0.000609 0.176344 0.009346 2.302279
0.763710 0.021196 0.019229 0.009637 0.000596 0.176276 0.009357 2.304353
0.763809 0.021202 0.019277 0.009687 0.000593 0.176069 0.009364 2.306448
0.763802 0.021276 0.019325 0.009662 0.000591 0.175972 0.009373 2.308503
0.763848 0.021368 0.019328 0.009666 0.000587 0.175824 0.009380 2.310574
0.763879 0.021386 0.019320 0.009709 0.000584 0.175737 0.009386 2.312682
0.763993 0.021360 0.019280 0.009705 0.000579 0.175692 0.009393 2.314761
0.764049 0.021380 0.019283 0.009683 0.000569 0.175634 0.009402 2.316892
0.764159 0.021375 0.019294 0.009673 0.000573 0.175519 0.009408 2.318999
0.764276 0.021407 0.019290 0.009659 0.000572 0.175380 0.009416 2.321073
0.764455 0.021334 0.019365 0.009601 0.000576 0.175250 0.009421 2.323170
0.764549 0.021293 0.019371 0.009660 0.000577 0.175123 0.009428 2.325301
0.764577 0.021345 0.019352 0.009684 0.000582 0.175029 0.009432 2.327372
0.764664 0.021361 0.019377 0.009684 0.000581 0.174896 0.009438 2.329452
0.764673 0.021338 0.019380 0.009704 0.000586 0.174873 0.009446 2.331556
0.764681 0.021416 0.019348 0.009721 0.000579 0.174801 0.009455 2.333617
0.764787 0.021394 0.019426 0.009707 0.000579 0.174646 0.009463 2.335721
0.764826 0.021433 0.019443 0.009688 0.000580 0.174563 0.009468 2.337787
0.764865 0.021463 0.019431 0.009708 0.000587 0.174469 0.009476 2.339889
0.764910 0.021525 0.019411 0.009733 0.000585 0.174351 0.009485 2.341947
0.764984 0.021544 0.019416 0.009753 0.000587 0.174226 0.009492 2.344040
0.765082 0.021504 0.019402 0.009741 0.000586 0.174185 0.009501 2.346135
0.765087 0.021489 0.019399 0.009795 0.000584 0.174141 0.009507 2.348263
0.765112 0.021519 0.019443 0.009780 0.000579 0.174055 0.009513 2.350353
0.765200 0.021507 0.019469 0.009806 0.000585 0.173916 0.009518 2.352502
0.765262 0.021496 0.019441 0.009818 0.000578 0.173878 0.009526 2.354617
0.765360 0.021492 0.019446 0.009821 0.000582 0.173765 0.009534 2.356693
0.765447 0.021477 0.019448 0.009812 0.000581 0.173692 0.009543 2.358788
0.765525 0.021544 0.019431 0.009790 0.000580 0.173582 0.009548 2.360859
0.765602 0.021566 0.019492 0.009832 0.000575 0.173376 0.009556 2.363000
0.765720 0.021522 0.019547 0.009855 0.000576 0.173218 0.009563 2.365133
0.765807 0.021542 0.019563 0.009846 0.000581 0.173093 0.009569 2.367223
0.765882 0.021555 0.019588 0.009794 0.000575 0.173031 0.009577 2.369295
0.765946 0.021536 0.019584 0.009789 0.000562 0.172998 0.009586 2.371415
0.766104 0.021467 0.019642 0.009778 0.000562 0.172854 0.009594 2.373550
0.766132 0.021518 0.019655 0.009770 0.000555 0.172767 0.009602 2.375611
0.766244 0.021558 0.019641 0.009737 0.000556 0.172657 0.009608 2.377668
0.766256 0.021635 0.019625 0.009754 0.000557 0.172561 0.009613 2.379761
0.766138 0.021743 0.019638 0.009769 0.000563 0.172529 0.009620 2.381832
0.766065 0.021780 0.019684 0.009779 0.000561 0.172504 0.009628 2.384012
0.766112 0.021803 0.019709 0.009760 0.000563 0.172418 0.009636 2.386140
0.766240 0.021711 0.019779 0.009760 0.000557 0.172310 0.009644 2.388312
0.766262 0.021755 0.019795 0.009806 0.000552 0.172176 0.009653 2.390432
0.766256 0.021788 0.019790 0.009809 0.000551 0.172145 0.009662 2.392525
0.766276 0.021845 0.019791 0.009787 0.000559 0.172073 0.009669 2.394616
0.766273 0.021894 0.019774 0.009807 0.000566 0.172015 0.009672 2.396711
0.766229 0.021893 0.019810 0.009812 0.000560 0.172016 0.009680 2.398901
0.766199 0.021943 0.019794 0.009796 0.000560 0.172022 0.009686 2.401009
0.766141 0.022015 0.019786 0.009841 0.000559 0.171964 0.009696 2.403120
0.766146 0.022020 0.019772 0.009836 0.000559 0.171963 0.009704 2.405251
0.766040 0.022097 0.019799 0.009831 0.000561 0.171962 0.009711 2.407377
0.766051 0.022029 0.019848 0.009841 0.000559 0.171956 0.009716 2.409559
0.766024 0.022041 0.019872 0.009857 0.000553 0.171931 0.009723 2.411734
0.766007 0.022059 0.019884 0.009921 0.000556 0.171846 0.009729 2.413904
0.765967 0.022025 0.019940 0.009934 0.000554 0.171844 0.009735 2.416087
0.765986 0.021973 0.019960 0.009993 0.000564 0.171780 0.009742 2.418265
0.765923 0.022001 0.019983 0.010010 0.000568 0.171767 0.009748 2.420437
0.766017 0.021979 0.019981 0.010036 0.000570 0.171659 0.009757 2.422560
0.766019 0.021979 0.020005 0.010052 0.000575 0.171603 0.009765 2.424711
0.766010 0.022027 0.019949 0.010064 0.000582 0.171596 0.009770 2.426819
0.766039 0.021988 0.020020 0.010067 0.000587 0.171522 0.009776 2.429008
0.765980 0.021991 0.020077 0.010054 0.000597 0.171517 0.009784 2.431175
0.765967 0.022033 0.020060 0.010032 0.000601 0.171513 0.009794 2.433294
0.766048 0.021990 0.020056 0.010045 0.000607 0.171455 0.009799 2.435414
0.766036 0.021940 0.020127 0.010077 0.000609 0.171402 0.009810 2.437612
0.766004 0.021983 0.020115 0.010038 0.000598 0.171443 0.009819 2.439741
0.765971 0.022016 0.020095 0.010024 0.000593 0.171476 0.009826 2.441868
0.766024 0.022026 0.020078 0.009996 0.000594 0.171451 0.009831 2.444012
0.766000 0.022003 0.020104 0.009978 0.000605 0.171476 0.009834 2.446187
0.765993 0.022024 0.020056 0.009961 0.000598 0.171527 0.009841 2.448325
0.765949 0.022062 0.020051 0.009981 0.000604 0.171506 0.009846 2.450490
0.765953 0.022035 0.020090 0.009947 0.000603 0.171521 0.009852 2.452651
0.765968 0.022036 0.020096 0.009935 0.000600 0.171509 0.009857 2.454801
0.765912 0.022045 0.020107 0.009979 0.000610 0.171485 0.009863 2.456982
0.765905 0.022040 0.020067 0.009998 0.000618 0.171500 0.009872 2.459163
0.765970 0.022060 0.020009 0.010009 0.000619 0.171456 0.009877 2.461269
0.765968 0.022073 0.020031 0.010043 0.000618 0.171387 0.009881 2.463391
0.765978 0.021975 0.020078 0.010076 0.000617 0.171389 0.009887 2.465619
0.765937 0.022011 0.020035 0.010050 0.000617 0.171456 0.009894 2.467749
0.765946 0.021967 0.020051 0.010031 0.000621 0.171485 0.009899 2.469924
0.765874 0.021945 0.020016 0.010063 0.000616 0.171578 0.009908 2.472103
0.765906 0.021900 0.019984 0.010081 0.000610 0.171604 0.009915 2.474226
0.765933 0.021851 0.019993 0.010093 0.000612 0.171597 0.009922 2.476404
0.765905 0.021846 0.019978 0.010082 0.000621 0.171640 0.009928 2.478573
0.765936 0.021770 0.019973 0.010107 0.000622 0.171655 0.009936 2.480756
0.765992 0.021689 0.019998 0.010129 0.000625 0.171623 0.009943 2.482924
0.765976 0.021694 0.019964 0.010123 0.000629 0.171663 0.009950 2.485086
0.766079 0.021684 0.019964 0.010112 0.000617 0.171584 0.009960 2.487194
0.766052 0.021746 0.019979 0.010131 0.000618 0.171504 0.009970 2.489326
0.766099 0.021677 0.020047 0.010106 0.000614 0.171479 0.009979 2.491514
0.766123 0.021586 0.020113 0.010097 0.000611 0.171485 0.009986 2.493698
0.766199 0.021631 0.020110 0.010080 0.000606 0.171382 0.009991 2.495790
0.766130 0.021748 0.020061 0.010084 0.000604 0.171374 0.009999 2.497875
0.766125 0.021779 0.020014 0.010088 0.000604 0.171387 0.010003 2.499969
0.766158 0.021755 0.020041 0.010105 0.000609 0.171324 0.010009 2.502142
0.766180 0.021636 0.020064 0.010113 0.000598 0.171390 0.010018 2.504329
0.766277 0.021649 0.020037 0.010107 0.000600 0.171304 0.010028 2.506427
0.766277 0.021670 0.020005 0.010142 0.000599 0.171274 0.010033 2.508546
0.766193 0.021705 0.019992 0.010141 0.000600 0.171328 0.010043 2.510703
0.766129 0.021757 0.019995 0.010136 0.000600 0.171332 0.010052 2.512815
0.766129 0.021712 0.019999 0.010140 0.000604 0.171359 0.010058 2.514976
0.766137 0.021740 0.019999 0.010114 0.000606 0.171343 0.010062 2.517052
0.766170 0.021837 0.019911 0.010059 0.000605 0.171347 0.010071 2.519084
0.766247 0.021814 0.019890 0.010073 0.000599 0.171298 0.010078 2.521225
0.766301 0.021794 0.019860 0.010075 0.000593 0.171288 0.010087 2.523355
0.766250 0.021865 0.019902 0.010084 0.000600 0.171204 0.010095 2.525479
0.766182 0.021932 0.019837 0.010112 0.000599 0.171237 0.010099 2.527613
0.766261 0.021812 0.019866 0.010158 0.000596 0.171198 0.010109 2.529804
0.766242 0.021841 0.019882 0.010117 0.000603 0.171198 0.010116 2.531909
0.766215 0.021828 0.019899 0.010079 0.000604 0.171251 0.010123 2.534044
0.766192 0.021837 0.019924 0.010096 0.000610 0.171214 0.010129 2.536183
0.766218 0.021834 0.019914 0.010108 0.000612 0.171176 0.010137 2.538323
0.766283 0.021810 0.019894 0.010100 0.000615 0.171153 0.010144 2.540451
0.766289 0.021762 0.019960 0.010108 0.000613 0.171119 0.010149 2.542611
0.766333 0.021737 0.019971 0.010071 0.000614 0.171119 0.010155 2.544777
0.766291 0.021756 0.019977 0.010083 0.000618 0.171111 0.010165 2.546894
0.766248 0.021861 0.019908 0.010094 0.000615 0.171100 0.010175 2.548968
0.766266 0.021915 0.019877 0.010057 0.000618 0.171082 0.010185 2.551043
0.766311 0.021864 0.019888 0.010111 0.000618 0.171017 0.010190 2.553209
0.766274 0.021778 0.019907 0.010120 0.000621 0.171102 0.010198 2.555409
0.766271 0.021819 0.019874 0.010097 0.000623 0.171111 0.010205 2.557487
0.766301 0.021777 0.019890 0.010079 0.000620 0.171123 0.010210 2.559640
0.766273 0.021828 0.019842 0.010089 0.000625 0.171121 0.010222 2.561745
0.766258 0.021902 0.019773 0.010103 0.000621 0.171115 0.010228 2.563832
0.766201 0.021929 0.019837 0.010101 0.000626 0.171071 0.010235 2.566004
0.766197 0.021893 0.019875 0.010079 0.000622 0.171094 0.010240 2.568175
0.766228 0.021847 0.019826 0.010057 0.000628 0.171170 0.010244 2.570301
0.766200 0.021914 0.019815 0.010053 0.000632 0.171133 0.010252 2.572433
0.766255 0.021904 0.019824 0.010039 0.000626 0.171092 0.010260 2.574576
0.766296 0.021844 0.019763 0.010099 0.000618 0.171112 0.010268 2.576726
0.766375 0.021777 0.019790 0.010086 0.000623 0.171076 0.010273 2.578870
0.766402 0.021747 0.019789 0.010113 0.000627 0.171040 0.010281 2.581019
0.766366 0.021775 0.019793 0.010112 0.000625 0.171042 0.010287 2.583144
0.766388 0.021757 0.019809 0.010091 0.000627 0.171037 0.010292 2.585297
0.766364 0.021808 0.019826 0.010074 0.000623 0.171004 0.010302 2.587423
0.766361 0.021820 0.019882 0.010038 0.000618 0.170970 0.010311 2.589556
0.766334 0.021819 0.019879 0.010056 0.000628 0.170970 0.010315 2.591711
0.766453 0.021756 0.019850 0.010054 0.000626 0.170934 0.010326 2.593851
0.766525 0.021701 0.019858 0.010103 0.000626 0.170852 0.010336 2.596039
0.766605 0.021685 0.019874 0.010033 0.000629 0.170834 0.010341 2.598146
0.766579 0.021707 0.019801 0.010048 0.000630 0.170890 0.010346 2.600254
0.766599 0.021754 0.019828 0.010073 0.000627 0.170767 0.010353 2.602358
0.766621 0.021757 0.019853 0.010038 0.000632 0.170738 0.010361 2.604479
0.766596 0.021726 0.019878 0.010041 0.000630 0.170761 0.010369 2.606627
0.766578 0.021768 0.019850 0.010036 0.000631 0.170756 0.010380 2.608734
0.766568 0.021763 0.019791 0.009996 0.000635 0.170861 0.010386 2.610839
0.766578 0.021750 0.019731 0.010018 0.000632 0.170899 0.010392 2.612932
0.766619 0.021707 0.019717 0.010034 0.000625 0.170898 0.010402 2.615061
0.766691 0.021706 0.019684 0.010054 0.000631 0.170828 0.010405 2.617155
0.766657 0.021767 0.019640 0.010030 0.000640 0.170857 0.010409 2.619239
0.766733 0.021666 0.019694 0.010041 0.000642 0.170807 0.010416 2.621414
0.766786 0.021594 0.019706 0.010038 0.000634 0.170815 0.010426 2.623558
0.766695 0.021696 0.019699 0.010045 0.000642 0.170791 0.010432 2.625643
0.766727 0.021602 0.019729 0.010035 0.000637 0.170831 0.010439 2.627803
0.766683 0.021717 0.019701 0.009977 0.000637 0.170836 0.010448 2.629838
0.766771 0.021655 0.019694 0.009971 0.000626 0.170822 0.010460 2.631943
0.766739 0.021677 0.019674 0.009964 0.000616 0.170857 0.010472 2.634068
0.766765 0.021633 0.019677 0.009947 0.000612 0.170884 0.010482 2.636248
0.766848 0.021578 0.019723 0.009950 0.000611 0.170802 0.010488 2.638381
0.766856 0.021525 0.019763 0.009974 0.000613 0.170777 0.010492 2.640505
0.766866 0.021488 0.019794 0.009953 0.000607 0.170791 0.010501 2.642634
0.766854 0.021530 0.019797 0.009929 0.000605 0.170778 0.010507 2.644738
0.766899 0.021534 0.019755 0.009948 0.000600 0.170750 0.010514 2.646851
0.766925 0.021521 0.019778 0.009955 0.000602 0.170700 0.010519 2.649004
0.766993 0.021456 0.019725 0.009973 0.000603 0.170727 0.010525 2.651130
0.766985 0.021496 0.019756 0.009931 0.000609 0.170689 0.010534 2.653262
0.767031 0.021505 0.019757 0.009923 0.000597 0.170642 0.010545 2.655370
0.767032 0.021573 0.019702 0.009923 0.000594 0.170621 0.010554 2.657419
0.767013 0.021591 0.019657 0.009944 0.000598 0.170636 0.010561 2.659542
0.767034 0.021489 0.019713 0.009941 0.000596 0.170658 0.010569 2.661706
0.767097 0.021473 0.019732 0.009957 0.000598 0.170571 0.010573 2.663817
0.767063 0.021483 0.019734 0.009999 0.000594 0.170546 0.010581 2.665982
0.767125 0.021413 0.019707 0.010031 0.000598 0.170539 0.010587 2.668123
0.767107 0.021516 0.019627 0.010027 0.000600 0.170531 0.010594 2.670171
0.767120 0.021453 0.019645 0.009997 0.000595 0.170589 0.010602 2.672305
0.767124 0.021474 0.019661 0.009981 0.000592 0.170558 0.010610 2.674406
0.767152 0.021510 0.019602 0.010015 0.000596 0.170505 0.010620 2.676515
0.767209 0.021441 0.019620 0.010005 0.000597 0.170500 0.010628 2.678665
0.767286 0.021350 0.019612 0.010040 0.000595 0.170481 0.010636 2.680791
0.767335 0.021312 0.019673 0.010024 0.000599 0.170415 0.010642 2.682916
0.767305 0.021342 0.019645 0.010033 0.000596 0.170429 0.010651 2.685054
0.767269 0.021431 0.019624 0.009981 0.000601 0.170437 0.010657 2.687099
0.767231 0.021360 0.019658 0.010005 0.000595 0.170484 0.010667 2.689258
0.767299 0.021258 0.019699 0.010049 0.000600 0.170424 0.010671 2.691423
0.767347 0.021223 0.019728 0.010072 0.000600 0.170350 0.010679 2.693571
0.767448 0.021206 0.019731 0.010051 0.000613 0.170268 0.010683 2.695651
0.767463 0.021221 0.019700 0.009980 0.000613 0.170331 0.010691 2.697696
0.767477 0.021217 0.019722 0.009981 0.000617 0.170285 0.010700 2.699832
0.767529 0.021239 0.019696 0.009958 0.000613 0.170258 0.010707 2.701935
0.767556 0.021252 0.019692 0.009944 0.000611 0.170232 0.010713 2.704017
0.767617 0.021243 0.019665 0.009950 0.000617 0.170190 0.010719 2.706121
0.767622 0.021197 0.019698 0.009952 0.000619 0.170188 0.010724 2.708236
0.767662 0.021160 0.019674 0.009968 0.000614 0.170184 0.010738 2.710332
0.767690 0.021177 0.019648 0.009937 0.000612 0.170191 0.010745 2.712384
0.767728 0.021221 0.019622 0.009920 0.000624 0.170137 0.010748 2.714429
0.767829 0.021192 0.019620 0.009960 0.000622 0.170024 0.010755 2.716531
0.767769 0.021274 0.019583 0.009945 0.000617 0.170052 0.010762 2.718612
0.767865 0.021238 0.019530 0.009916 0.000617 0.170065 0.010769 2.720680
0.767907 0.021176 0.019555 0.009899 0.000613 0.170077 0.010774 2.722790
0.767922 0.021207 0.019541 0.009913 0.000604 0.170032 0.010782 2.724848
0.767943 0.021247 0.019536 0.009910 0.000607 0.169968 0.010790 2.726932
0.767918 0.021311 0.019556 0.009890 0.000601 0.169927 0.010797 2.729033
0.767885 0.021312 0.019530 0.009905 0.000602 0.169961 0.010805 2.731122
0.767935 0.021308 0.019587 0.009922 0.000600 0.169836 0.010813 2.733215
0.767903 0.021387 0.019578 0.009917 0.000601 0.169794 0.010820 2.735297
0.767911 0.021445 0.019581 0.009883 0.000596 0.169757 0.010829 2.737362
0.767858 0.021435 0.019603 0.009923 0.000600 0.169747 0.010834 2.739512
0.767914 0.021398 0.019675 0.009953 0.000596 0.169625 0.010841 2.741664
0.767972 0.021337 0.019710 0.009919 0.000595 0.169621 0.010847 2.743801
0.768012 0.021352 0.019648 0.009940 0.000598 0.169596 0.010854 2.745897
0.768028 0.021370 0.019587 0.009937 0.000595 0.169621 0.010862 2.747967
0.768011 0.021326 0.019588 0.009945 0.000591 0.169667 0.010873 2.750122
0.768013 0.021332 0.019595 0.009991 0.000592 0.169599 0.010879 2.752245
0.768008 0.021369 0.019560 0.009967 0.000589 0.169619 0.010888 2.754308
0.767971 0.021461 0.019549 0.009966 0.000592 0.169570 0.010892 2.756396
0.767964 0.021478 0.019515 0.009999 0.000583 0.169558 0.010903 2.758490
0.767971 0.021496 0.019500 0.010035 0.000567 0.169519 0.010913 2.760596
0.768006 0.021489 0.019505 0.010015 0.000565 0.169500 0.010921 2.762725
0.768006 0.021545 0.019459 0.009964 0.000569 0.169529 0.010928 2.764786
0.768031 0.021545 0.019496 0.009990 0.000575 0.169432 0.010933 2.766907
0.768060 0.021516 0.019580 0.009944 0.000570 0.169391 0.010940 2.769021
0.768189 0.021446 0.019605 0.009976 0.000574 0.169261 0.010949 2.771145
0.768198 0.021437 0.019574 0.009996 0.000580 0.169259 0.010957 2.773231
0.768147 0.021542 0.019606 0.009990 0.000573 0.169176 0.010966 2.775312
0.768196 0.021566 0.019586 0.009962 0.000580 0.169139 0.010972 2.777413
0.768209 0.021576 0.019626 0.009990 0.000588 0.169036 0.010977 2.779537
0.768216 0.021561 0.019599 0.009969 0.000583 0.169087 0.010984 2.781659
0.768215 0.021615 0.019576 0.009962 0.000589 0.169054 0.010990 2.783744
0.768248 0.021629 0.019638 0.009953 0.000593 0.168939 0.011000 2.785865
0.768228 0.021555 0.019702 0.010009 0.000594 0.168904 0.011007 2.788036
0.768211 0.021553 0.019679 0.010007 0.000586 0.168948 0.011017 2.790148
0.768122 0.021559 0.019679 0.010003 0.000591 0.169023 0.011023 2.792302
0.768173 0.021573 0.019731 0.010008 0.000591 0.168895 0.011030 2.794397
0.768207 0.021492 0.019759 0.009994 0.000592 0.168920 0.011038 2.796525
0.768088 0.021551 0.019779 0.009962 0.000585 0.168991 0.011044 2.798623
0.768031 0.021566 0.019792 0.009964 0.000594 0.169007 0.011047 2.800733
0.768006 0.021657 0.019722 0.009972 0.000597 0.168991 0.011055 2.802812
0.767900 0.021726 0.019745 0.009947 0.000603 0.169017 0.011062 2.804935
0.767841 0.021733 0.019753 0.009960 0.000602 0.169044 0.011067 2.807048
0.767836 0.021700 0.019744 0.009980 0.000606 0.169058 0.011076 2.809205
0.767855 0.021633 0.019793 0.010021 0.000602 0.169013 0.011084 2.811394
0.767895 0.021560 0.019810 0.010013 0.000608 0.169026 0.011089 2.813544
0.767930 0.021619 0.019779 0.009981 0.000608 0.168987 0.011096 2.815617
