0.341443 0.063617 0.056483 0.032532 0.002120 0.497615 0.006189 1.631064
0.342693 0.062331 0.056475 0.032464 0.002131 0.497692 0.006214 1.637328
0.344295 0.060904 0.056352 0.032329 0.002118 0.497753 0.006249 1.643359
0.346260 0.059277 0.056118 0.032088 0.002116 0.497861 0.006279 1.649227
0.348366 0.057680 0.055833 0.031743 0.002111 0.497964 0.006302 1.654903
0.350631 0.056097 0.055518 0.031428 0.002112 0.497881 0.006332 1.660510
0.353093 0.054337 0.055143 0.031152 0.002097 0.497822 0.006356 1.666059
0.355678 0.052816 0.054531 0.030811 0.002088 0.497693 0.006383 1.671275
0.358374 0.051237 0.054018 0.030394 0.002082 0.497478 0.006418 1.676426
0.361081 0.049887 0.053379 0.030025 0.002080 0.497103 0.006446 1.681387
0.363888 0.048502 0.052783 0.029629 0.002073 0.496654 0.006472 1.686209
0.366714 0.047188 0.052069 0.029175 0.002066 0.496291 0.006497 1.690896
0.369645 0.045963 0.051359 0.028669 0.002074 0.495771 0.006520 1.695444
0.372586 0.044720 0.050609 0.028269 0.002069 0.495200 0.006548 1.699922
0.375463 0.043647 0.049778 0.027805 0.002056 0.494671 0.006581 1.704289
0.378413 0.042717 0.049013 0.027350 0.002050 0.493852 0.006606 1.708487
0.381380 0.041797 0.048286 0.026871 0.002050 0.492987 0.006630 1.712659
0.384307 0.041020 0.047462 0.026396 0.002024 0.492131 0.006661 1.716664
0.387363 0.040255 0.046585 0.025929 0.002010 0.491173 0.006684 1.720552
0.390338 0.039458 0.045844 0.025471 0.001991 0.490192 0.006705 1.724462
0.393315 0.038707 0.045110 0.025046 0.001988 0.489105 0.006729 1.728275
0.396295 0.037978 0.044339 0.024654 0.001969 0.488014 0.006751 1.732061
0.399452 0.037302 0.043701 0.024146 0.001960 0.486663 0.006777 1.735729
0.402397 0.036701 0.042965 0.023696 0.001930 0.485508 0.006805 1.739350
0.405565 0.036131 0.042242 0.023274 0.001914 0.484047 0.006829 1.742910
0.408649 0.035582 0.041446 0.022862 0.001912 0.482697 0.006853 1.746420
0.411690 0.035115 0.040729 0.022451 0.001899 0.481239 0.006877 1.749838
0.414773 0.034677 0.040091 0.022013 0.001888 0.479652 0.006907 1.753237
0.417816 0.034265 0.039427 0.021604 0.001878 0.478082 0.006930 1.756605
0.420812 0.033824 0.038778 0.021307 0.001867 0.476461 0.006950 1.759995
0.423735 0.033516 0.038055 0.020912 0.001844 0.474962 0.006976 1.763213
0.426515 0.033319 0.037393 0.020608 0.001817 0.473352 0.006996 1.766411
0.429530 0.032942 0.036816 0.020285 0.001805 0.471606 0.007016 1.769691
0.432423 0.032634 0.036306 0.020049 0.001791 0.469762 0.007036 1.772973
0.435332 0.032304 0.035818 0.019796 0.001778 0.467916 0.007055 1.776156
0.438232 0.032073 0.035271 0.019483 0.001768 0.466100 0.007074 1.779303
0.441106 0.031945 0.034776 0.019201 0.001744 0.464130 0.007099 1.782408
0.444018 0.031619 0.034390 0.018940 0.001733 0.462179 0.007121 1.785575
0.446954 0.031423 0.033954 0.018679 0.001710 0.460136 0.007142 1.788639
0.449777 0.031259 0.033571 0.018404 0.001682 0.458139 0.007168 1.791702
0.452584 0.031110 0.033176 0.018214 0.001656 0.456070 0.007189 1.794768
0.455250 0.031067 0.032786 0.018001 0.001637 0.454045 0.007214 1.797815
0.458102 0.030978 0.032372 0.017770 0.001624 0.451923 0.007231 1.800822
0.460743 0.030893 0.031977 0.017612 0.001608 0.449918 0.007249 1.803814
0.463432 0.030745 0.031688 0.017433 0.001587 0.447841 0.007274 1.806881
0.466158 0.030613 0.031397 0.017324 0.001568 0.445643 0.007298 1.809939
0.468762 0.030550 0.031123 0.017156 0.001553 0.443538 0.007318 1.812930
0.471314 0.030456 0.030818 0.017026 0.001536 0.441516 0.007334 1.815934
0.473912 0.030446 0.030552 0.016839 0.001519 0.439373 0.007358 1.818905
0.476375 0.030453 0.030467 0.016736 0.001499 0.437094 0.007375 1.821900
0.478810 0.030474 0.030245 0.016618 0.001488 0.434976 0.007388 1.824903
0.481124 0.030566 0.029939 0.016496 0.001476 0.432991 0.007409 1.827849
0.483509 0.030556 0.029740 0.016427 0.001452 0.430890 0.007427 1.830834
0.485830 0.030637 0.029537 0.016342 0.001430 0.428772 0.007451 1.833848
0.488123 0.030648 0.029398 0.016228 0.001409 0.426719 0.007474 1.836826
0.490398 0.030701 0.029251 0.016107 0.001397 0.424660 0.007487 1.839827
0.492551 0.030809 0.029032 0.016003 0.001384 0.422718 0.007502 1.842800
0.494651 0.030990 0.028884 0.015900 0.001373 0.420684 0.007519 1.845771
0.496680 0.031173 0.028743 0.015827 0.001359 0.418681 0.007539 1.848776
0.498751 0.031273 0.028695 0.015782 0.001342 0.416609 0.007548 1.851818
0.500768 0.031359 0.028583 0.015707 0.001335 0.414685 0.007562 1.854853
0.502800 0.031428 0.028552 0.015657 0.001312 0.412672 0.007579 1.857926
0.504697 0.031545 0.028480 0.015627 0.001302 0.410757 0.007593 1.860972
0.506560 0.031703 0.028420 0.015632 0.001290 0.408787 0.007609 1.864084
0.508444 0.031823 0.028338 0.015651 0.001291 0.406831 0.007623 1.867180
0.510273 0.031972 0.028380 0.015617 0.001274 0.404840 0.007644 1.870294
0.511985 0.032104 0.028342 0.015561 0.001255 0.403089 0.007664 1.873409
0.513854 0.032213 0.028355 0.015522 0.001251 0.401128 0.007679 1.876512
0.515562 0.032477 0.028269 0.015543 0.001227 0.399229 0.007694 1.879600
0.517169 0.032648 0.028295 0.015571 0.001227 0.397381 0.007711 1.882769
0.518864 0.032814 0.028346 0.015661 0.001209 0.395381 0.007727 1.885980
0.520498 0.032997 0.028342 0.015700 0.001193 0.393523 0.007747 1.889141
0.521894 0.033181 0.028356 0.015764 0.001184 0.391858 0.007765 1.892400
0.523279 0.033427 0.028378 0.015748 0.001179 0.390211 0.007778 1.895614
0.524725 0.033599 0.028431 0.015795 0.001174 0.388482 0.007793 1.898856
0.526126 0.033686 0.028505 0.015857 0.001156 0.386861 0.007809 1.902224
0.527540 0.033832 0.028643 0.015955 0.001148 0.385058 0.007823 1.905567
0.528814 0.034056 0.028686 0.015993 0.001142 0.383472 0.007835 1.908854
0.529935 0.034340 0.028781 0.016061 0.001138 0.381901 0.007844 1.912204
0.531200 0.034470 0.028953 0.016092 0.001135 0.380296 0.007854 1.915618
0.532337 0.034765 0.029007 0.016128 0.001138 0.378759 0.007867 1.918913
0.533455 0.034972 0.029179 0.016146 0.001129 0.377238 0.007880 1.922308
0.534486 0.035263 0.029261 0.016195 0.001116 0.375784 0.007894 1.925643
0.535505 0.035513 0.029364 0.016236 0.001105 0.374370 0.007907 1.929056
0.536539 0.035616 0.029553 0.016323 0.001103 0.372944 0.007922 1.932596
0.537442 0.035857 0.029659 0.016406 0.001113 0.371585 0.007938 1.936086
0.538378 0.035974 0.029847 0.016519 0.001105 0.370224 0.007954 1.939642
0.539286 0.036083 0.029932 0.016579 0.001102 0.369052 0.007966 1.943202
0.540130 0.036341 0.030061 0.016620 0.001097 0.367768 0.007984 1.946631
0.540936 0.036483 0.030217 0.016682 0.001098 0.366584 0.007999 1.950194
0.541787 0.036665 0.030389 0.016763 0.001089 0.365292 0.008015 1.953748
0.542503 0.036893 0.030489 0.016810 0.001104 0.364173 0.008027 1.957327
0.543264 0.037007 0.030677 0.016913 0.001108 0.362991 0.008041 1.960970
0.544078 0.037178 0.030865 0.016918 0.001099 0.361805 0.008055 1.964567
0.544688 0.037470 0.030976 0.016982 0.001098 0.360714 0.008073 1.968150
0.545323 0.037635 0.031151 0.017097 0.001083 0.359625 0.008086 1.971860
0.546022 0.037771 0.031283 0.017149 0.001089 0.358591 0.008095 1.975540
0.546642 0.037891 0.031473 0.017248 0.001096 0.357542 0.008108 1.979335
0.547372 0.038005 0.031576 0.017353 0.001095 0.356476 0.008123 1.983040
0.547870 0.038272 0.031645 0.017361 0.001088 0.355622 0.008141 1.986706
0.548404 0.038451 0.031844 0.017421 0.001087 0.354637 0.008156 1.990459
0.548953 0.038617 0.031946 0.017519 0.001093 0.353701 0.008171 1.994217
0.549383 0.038836 0.032089 0.017601 0.001095 0.352812 0.008184 1.997969
0.549875 0.038875 0.032155 0.017755 0.001091 0.352053 0.008197 2.001790
0.550212 0.039020 0.032256 0.017924 0.001091 0.351285 0.008212 2.005681
0.550595 0.039107 0.032518 0.018059 0.001081 0.350416 0.008224 2.009583
0.550916 0.039326 0.032677 0.018166 0.001078 0.349599 0.008238 2.013432
0.551392 0.039488 0.032774 0.018218 0.001088 0.348790 0.008249 2.017232
0.551785 0.039635 0.032934 0.018245 0.001094 0.348041 0.008266 2.021090
0.552114 0.039763 0.033089 0.018306 0.001093 0.347354 0.008280 2.024988
0.552473 0.039908 0.033147 0.018448 0.001101 0.346629 0.008294 2.028858
0.552814 0.039997 0.033314 0.018495 0.001107 0.345965 0.008307 2.032793
0.553125 0.040151 0.033524 0.018467 0.001116 0.345297 0.008321 2.036672
0.553375 0.040260 0.033626 0.018566 0.001121 0.344718 0.008334 2.040609
0.553559 0.040398 0.033777 0.018666 0.001119 0.344132 0.008349 2.044577
0.553668 0.040522 0.033949 0.018680 0.001106 0.343707 0.008368 2.048555
0.553834 0.040663 0.034132 0.018757 0.001101 0.343128 0.008387 2.052555
0.553978 0.040747 0.034263 0.018838 0.001114 0.342661 0.008399 2.056540
0.554197 0.040818 0.034377 0.018855 0.001115 0.342224 0.008413 2.060545
0.554313 0.040907 0.034583 0.018919 0.001115 0.341737 0.008428 2.064572
0.554391 0.041005 0.034664 0.019058 0.001116 0.341323 0.008443 2.068642
0.554503 0.041150 0.034800 0.019123 0.001132 0.340841 0.008451 2.072640
0.554568 0.041248 0.034900 0.019179 0.001143 0.340498 0.008464 2.076700
0.554656 0.041338 0.035023 0.019301 0.001143 0.340059 0.008479 2.080766
0.554853 0.041376 0.035060 0.019388 0.001139 0.339685 0.008499 2.084812
0.554886 0.041503 0.035131 0.019429 0.001149 0.339391 0.008511 2.088827
0.555023 0.041554 0.035234 0.019452 0.001151 0.339064 0.008523 2.092855
0.555120 0.041619 0.035377 0.019532 0.001150 0.338663 0.008539 2.096920
0.555236 0.041696 0.035503 0.019623 0.001158 0.338236 0.008547 2.101037
0.555175 0.041837 0.035642 0.019702 0.001149 0.337929 0.008565 2.105131
0.555333 0.041721 0.035773 0.019746 0.001155 0.337693 0.008579 2.109307
0.555327 0.041786 0.035896 0.019737 0.001150 0.337510 0.008595 2.113361
0.555407 0.041799 0.035985 0.019800 0.001150 0.337251 0.008608 2.117463
0.555537 0.041786 0.035999 0.019873 0.001144 0.337038 0.008624 2.121570
0.555553 0.041864 0.036097 0.019901 0.001133 0.336813 0.008639 2.125652
0.555576 0.041934 0.036136 0.019877 0.001141 0.336684 0.008653 2.129736
0.555595 0.041969 0.036165 0.019964 0.001135 0.336500 0.008673 2.133838
0.555606 0.042067 0.036208 0.019938 0.001141 0.336355 0.008685 2.137907
0.555663 0.042158 0.036277 0.019914 0.001148 0.336141 0.008699 2.141962
0.555772 0.042152 0.036375 0.019890 0.001149 0.335946 0.008715 2.146047
0.555846 0.042055 0.036455 0.019951 0.001143 0.335823 0.008728 2.150253
0.555881 0.041980 0.036587 0.019991 0.001162 0.335659 0.008741 2.154417
0.556063 0.042003 0.036679 0.019892 0.001168 0.335440 0.008756 2.158422
0.556099 0.042080 0.036699 0.019897 0.001189 0.335266 0.008769 2.162489
0.556287 0.041946 0.036839 0.020016 0.001185 0.334937 0.008790 2.166689
0.556328 0.042004 0.036823 0.020012 0.001190 0.334842 0.008803 2.170748
0.556340 0.042049 0.036908 0.020094 0.001183 0.334606 0.008821 2.174874
0.556375 0.041988 0.036957 0.020125 0.001180 0.334542 0.008834 2.179052
0.556541 0.041940 0.037004 0.020130 0.001184 0.334352 0.008850 2.183130
0.556649 0.041939 0.037067 0.020106 0.001185 0.334188 0.008868 2.187236
0.556707 0.041874 0.037167 0.020126 0.001188 0.334060 0.008879 2.191381
0.556799 0.041807 0.037248 0.020096 0.001187 0.333964 0.008898 2.195501
0.556894 0.041806 0.037267 0.020093 0.001187 0.333841 0.008913 2.199616
0.556988 0.041753 0.037256 0.020125 0.001180 0.333772 0.008926 2.203701
0.556999 0.041752 0.037171 0.020101 0.001170 0.333860 0.008948 2.207754
0.557006 0.041702 0.037185 0.020101 0.001192 0.333856 0.008959 2.211871
0.556972 0.041937 0.037137 0.020084 0.001202 0.333694 0.008975 2.215833
0.557056 0.041951 0.037135 0.020089 0.001199 0.333579 0.008992 2.219939
0.557182 0.041887 0.037100 0.020099 0.001195 0.333535 0.009004 2.224027
0.557325 0.041757 0.037155 0.020113 0.001194 0.333441 0.009015 2.228157
0.557450 0.041688 0.037110 0.020122 0.001202 0.333399 0.009030 2.232203
0.557501 0.041658 0.037072 0.020132 0.001196 0.333395 0.009048 2.236289
0.557686 0.041602 0.037046 0.020202 0.001190 0.333209 0.009064 2.240355
0.557833 0.041448 0.037046 0.020250 0.001199 0.333150 0.009075 2.244479
0.558011 0.041347 0.037034 0.020249 0.001209 0.333065 0.009085 2.248570
0.558136 0.041348 0.036973 0.020213 0.001217 0.333013 0.009100 2.252599
0.558309 0.041291 0.037045 0.020208 0.001213 0.332821 0.009114 2.256703
0.558526 0.041152 0.037018 0.020170 0.001210 0.332797 0.009127 2.260780
0.558669 0.041029 0.037060 0.020189 0.001213 0.332699 0.009141 2.264865
0.558958 0.041076 0.037018 0.020129 0.001216 0.332452 0.009152 2.268797
0.559161 0.040860 0.036980 0.020124 0.001214 0.332496 0.009167 2.272885
0.559391 0.040757 0.037027 0.020066 0.001212 0.332364 0.009183 2.276920
0.559676 0.040615 0.037030 0.020068 0.001211 0.332201 0.009199 2.280947
0.559953 0.040644 0.036950 0.020061 0.001217 0.331968 0.009207 2.284883
0.560297 0.040460 0.036911 0.020014 0.001220 0.331877 0.009222 2.288869
0.560549 0.040284 0.036832 0.019991 0.001212 0.331896 0.009236 2.292942
0.560730 0.040349 0.036725 0.019910 0.001219 0.331819 0.009249 2.296773
0.561071 0.040273 0.036670 0.019869 0.001221 0.331634 0.009264 2.300713
0.561423 0.040316 0.036571 0.019846 0.001213 0.331349 0.009282 2.304556
0.561726 0.040278 0.036495 0.019801 0.001215 0.331192 0.009293 2.308459
0.561921 0.040206 0.036460 0.019732 0.001210 0.331161 0.009311 2.312412
0.562204 0.040210 0.036384 0.019724 0.001216 0.330939 0.009323 2.316355
0.562428 0.040165 0.036329 0.019749 0.001221 0.330771 0.009337 2.320349
0.562699 0.040095 0.036274 0.019775 0.001208 0.330598 0.009351 2.324297
0.562955 0.040042 0.036360 0.019723 0.001201 0.330354 0.009364 2.328263
0.563277 0.039973 0.036319 0.019681 0.001197 0.330172 0.009381 2.332196
0.563432 0.040033 0.036234 0.019589 0.001204 0.330117 0.009391 2.336067
0.563627 0.040067 0.036143 0.019530 0.001208 0.330022 0.009403 2.339941
0.563827 0.040043 0.036123 0.019450 0.001202 0.329933 0.009423 2.343865
0.564176 0.040038 0.036062 0.019403 0.001211 0.329677 0.009434 2.347737
0.564350 0.039975 0.036116 0.019415 0.001208 0.329486 0.009450 2.351718
0.564569 0.040007 0.036054 0.019403 0.001210 0.329290 0.009467 2.355618
0.564809 0.040027 0.035987 0.019403 0.001210 0.329084 0.009480 2.359513
0.565051 0.040015 0.035935 0.019426 0.001195 0.328883 0.009494 2.363374
0.565234 0.040007 0.035878 0.019439 0.001209 0.328725 0.009508 2.367316
0.565484 0.039904 0.035861 0.019472 0.001209 0.328546 0.009524 2.371274
0.565637 0.039861 0.035798 0.019497 0.001214 0.328457 0.009538 2.375210
0.566066 0.039687 0.035817 0.019455 0.001199 0.328220 0.009557 2.379170
0.566190 0.039716 0.035808 0.019421 0.001200 0.328094 0.009572 2.383076
0.566478 0.039621 0.035778 0.019412 0.001200 0.327928 0.009584 2.386988
0.566715 0.039588 0.035728 0.019421 0.001197 0.327749 0.009602 2.390877
0.567066 0.039386 0.035773 0.019484 0.001191 0.327487 0.009614 2.394866
0.567409 0.039343 0.035672 0.019420 0.001196 0.327332 0.009628 2.398725
0.567675 0.039395 0.035651 0.019321 0.001202 0.327115 0.009641 2.402545
0.567874 0.039445 0.035556 0.019289 0.001196 0.326987 0.009653 2.406383
0.568056 0.039453 0.035580 0.019252 0.001181 0.326803 0.009675 2.410245
0.568329 0.039415 0.035599 0.019209 0.001186 0.326574 0.009688 2.414117
0.568541 0.039563 0.035489 0.019201 0.001180 0.326325 0.009703 2.417893
0.568652 0.039498 0.035550 0.019204 0.001178 0.326204 0.009715 2.421835
0.568875 0.039457 0.035520 0.019208 0.001176 0.326035 0.009731 2.425717
0.569072 0.039478 0.035490 0.019226 0.001175 0.325815 0.009744 2.429577
0.569276 0.039520 0.035422 0.019233 0.001170 0.325619 0.009760 2.433425
0.569420 0.039546 0.035431 0.019203 0.001183 0.325443 0.009773 2.437278
0.569657 0.039434 0.035435 0.019185 0.001178 0.325322 0.009789 2.441148
0.569843 0.039447 0.035494 0.019198 0.001186 0.325026 0.009807 2.445042
0.570094 0.039439 0.035477 0.019211 0.001179 0.324782 0.009820 2.448895
0.570082 0.039485 0.035461 0.019189 0.001178 0.324771 0.009835 2.452787
0.570184 0.039478 0.035453 0.019203 0.001169 0.324660 0.009852 2.456698
0.570293 0.039398 0.035532 0.019123 0.001171 0.324620 0.009863 2.460607
0.570471 0.039457 0.035485 0.019110 0.001179 0.324424 0.009874 2.464450
0.570687 0.039446 0.035429 0.019180 0.001173 0.324196 0.009890 2.468353
0.570867 0.039411 0.035349 0.019158 0.001173 0.324141 0.009902 2.472189
0.571006 0.039516 0.035329 0.019182 0.001173 0.323882 0.009913 2.476028
0.571165 0.039550 0.035335 0.019120 0.001173 0.323727 0.009929 2.479947
0.571233 0.039626 0.035372 0.019102 0.001173 0.323555 0.009940 2.483836
0.571264 0.039671 0.035299 0.019110 0.001179 0.323524 0.009953 2.487752
0.571258 0.039696 0.035294 0.019159 0.001174 0.323454 0.009966 2.491679
0.571418 0.039701 0.035282 0.019055 0.001184 0.323377 0.009982 2.495519
0.571535 0.039694 0.035261 0.019098 0.001191 0.323228 0.009995 2.499402
0.571615 0.039790 0.035218 0.019027 0.001192 0.323147 0.010010 2.503218
0.571697 0.039777 0.035271 0.019020 0.001195 0.323019 0.010022 2.507146
0.571910 0.039710 0.035371 0.019080 0.001176 0.322712 0.010040 2.511101
0.572007 0.039735 0.035349 0.019107 0.001176 0.322571 0.010056 2.515009
0.572092 0.039740 0.035449 0.019132 0.001171 0.322348 0.010068 2.518907
0.572156 0.039770 0.035484 0.019172 0.001169 0.322167 0.010083 2.522798
0.572372 0.039745 0.035477 0.019181 0.001172 0.321960 0.010095 2.526701
0.572601 0.039685 0.035436 0.019174 0.001176 0.321823 0.010106 2.530594
0.572677 0.039765 0.035411 0.019140 0.001163 0.321723 0.010122 2.534426
0.572845 0.039743 0.035390 0.019139 0.001162 0.321587 0.010135 2.538301
0.572891 0.039905 0.035262 0.019161 0.001162 0.321474 0.010146 2.542154
0.572897 0.039963 0.035301 0.019162 0.001160 0.321361 0.010158 2.546042
0.572903 0.039914 0.035361 0.019198 0.001162 0.321296 0.010168 2.550014
0.572932 0.039972 0.035372 0.019251 0.001161 0.321130 0.010182 2.553901
0.572978 0.040095 0.035405 0.019242 0.001166 0.320920 0.010195 2.557781
0.573104 0.040050 0.035587 0.019247 0.001155 0.320645 0.010213 2.561755
0.573149 0.040084 0.035598 0.019220 0.001161 0.320561 0.010228 2.565674
0.573256 0.040092 0.035632 0.019177 0.001168 0.320436 0.010239 2.569586
0.573266 0.040084 0.035718 0.019202 0.001168 0.320310 0.010253 2.573574
0.573318 0.040054 0.035750 0.019236 0.001176 0.320202 0.010265 2.577531
0.573329 0.040156 0.035713 0.019226 0.001167 0.320128 0.010281 2.581424
0.573301 0.040300 0.035656 0.019304 0.001161 0.319984 0.010296 2.585332
0.573315 0.040274 0.035657 0.019311 0.001166 0.319968 0.010309 2.589289
0.573395 0.040178 0.035688 0.019374 0.001162 0.319881 0.010321 2.593318
0.573463 0.040162 0.035686 0.019366 0.001164 0.319825 0.010334 2.597267
0.573411 0.040233 0.035645 0.019339 0.001176 0.319851 0.010346 2.601149
0.573408 0.040243 0.035706 0.019374 0.001164 0.319746 0.010361 2.605130
0.573525 0.040158 0.035734 0.019347 0.001163 0.319698 0.010375 2.609122
0.573649 0.040111 0.035735 0.019310 0.001153 0.319650 0.010393 2.613069
0.573791 0.040089 0.035726 0.019342 0.001150 0.319495 0.010407 2.617004
0.573752 0.040271 0.035753 0.019274 0.001150 0.319379 0.010420 2.620877
0.573681 0.040383 0.035773 0.019271 0.001152 0.319307 0.010433 2.624764
0.573726 0.040318 0.035849 0.019260 0.001156 0.319242 0.010447 2.628735
0.573826 0.040225 0.035841 0.019250 0.001160 0.319240 0.010460 2.632691
0.573923 0.040193 0.035825 0.019250 0.001166 0.319171 0.010471 2.636649
0.574025 0.040202 0.035801 0.019282 0.001158 0.319049 0.010483 2.640577
0.574136 0.040112 0.035799 0.019262 0.001165 0.319031 0.010496 2.644541
0.574183 0.040188 0.035824 0.019266 0.001163 0.318868 0.010508 2.648437
0.574264 0.040306 0.035730 0.019236 0.001169 0.318774 0.010522 2.652290
0.574393 0.040214 0.035744 0.019237 0.001175 0.318701 0.010536 2.656272
0.574344 0.040275 0.035782 0.019247 0.001183 0.318621 0.010548 2.660216
0.574405 0.040318 0.035855 0.019287 0.001172 0.318400 0.010564 2.664199
0.574423 0.040318 0.035881 0.019271 0.001161 0.318363 0.010583 2.668112
0.574525 0.040266 0.035896 0.019258 0.001157 0.318302 0.010597 2.672041
0.574609 0.040200 0.035944 0.019321 0.001164 0.318152 0.010611 2.676020
0.574654 0.040149 0.035920 0.019365 0.001168 0.318123 0.010621 2.680048
0.574573 0.040181 0.035890 0.019411 0.001168 0.318140 0.010638 2.684010
0.574619 0.040116 0.035894 0.019424 0.001171 0.318126 0.010652 2.687971
0.574673 0.040129 0.035874 0.019459 0.001182 0.318022 0.010662 2.691908
0.574694 0.040156 0.035821 0.019454 0.001178 0.318016 0.010679 2.695804
0.574731 0.040229 0.035836 0.019449 0.001180 0.317881 0.010693 2.699676
0.574855 0.040175 0.035827 0.019468 0.001176 0.317789 0.010711 2.703635
0.574831 0.040212 0.035878 0.019367 0.001175 0.317812 0.010725 2.707550
0.574866 0.040227 0.035852 0.019394 0.001179 0.317743 0.010739 2.711451
0.575011 0.040226 0.035836 0.019387 0.001192 0.317598 0.010750 2.715356
0.575084 0.040254 0.035879 0.019402 0.001188 0.317432 0.010761 2.719330
0.575157 0.040297 0.035908 0.019382 0.001179 0.317305 0.010773 2.723216
0.575181 0.040309 0.035906 0.019357 0.001181 0.317281 0.010785 2.727143
0.575264 0.040218 0.036015 0.019368 0.001178 0.317154 0.010804 2.731153
0.575278 0.040170 0.035965 0.019400 0.001176 0.317192 0.010820 2.735152
0.575210 0.040251 0.035989 0.019407 0.001174 0.317134 0.010836 2.739074
0.575182 0.040266 0.036046 0.019387 0.001177 0.317093 0.010849 2.743060
0.575154 0.040288 0.036038 0.019361 0.001190 0.317110 0.010860 2.747017
0.575137 0.040311 0.035994 0.019416 0.001175 0.317094 0.010875 2.750971
0.575083 0.040298 0.035999 0.019475 0.001164 0.317091 0.010891 2.754971
0.575050 0.040249 0.036001 0.019411 0.001165 0.317220 0.010903 2.758913
0.575085 0.040117 0.036038 0.019464 0.001163 0.317219 0.010914 2.762962
0.575040 0.040148 0.036005 0.019436 0.001162 0.317281 0.010930 2.766852
0.574995 0.040270 0.035948 0.019394 0.001158 0.317294 0.010943 2.770703
0.575201 0.040240 0.035915 0.019395 0.001144 0.317135 0.010969 2.774625
0.575247 0.040204 0.035999 0.019376 0.001152 0.317040 0.010982 2.778563
0.575235 0.040202 0.036010 0.019367 0.001161 0.317031 0.010994 2.782526
0.575269 0.040197 0.036027 0.019381 0.001161 0.316957 0.011008 2.786466
0.575279 0.040288 0.035931 0.019340 0.001178 0.316962 0.011022 2.790321
0.575243 0.040400 0.035898 0.019307 0.001179 0.316939 0.011034 2.794199
0.575187 0.040398 0.035955 0.019364 0.001166 0.316883 0.011049 2.798220
0.575150 0.040512 0.035923 0.019325 0.001154 0.316869 0.011067 2.802119
0.575160 0.040469 0.035915 0.019348 0.001163 0.316866 0.011079 2.806084
0.575169 0.040456 0.035909 0.019418 0.001174 0.316780 0.011093 2.810069
0.575185 0.040608 0.035940 0.019354 0.001179 0.316632 0.011103 2.813970
0.575153 0.040500 0.035958 0.019425 0.001179 0.316666 0.011121 2.818018
0.575277 0.040447 0.035991 0.019469 0.001185 0.316497 0.011135 2.821957
0.575289 0.040449 0.035979 0.019422 0.001182 0.316528 0.011153 2.825917
0.575217 0.040574 0.035890 0.019460 0.001183 0.316510 0.011166 2.829856
0.575228 0.040637 0.035891 0.019481 0.001183 0.316398 0.011182 2.833788
0.575129 0.040625 0.035938 0.019505 0.001186 0.316423 0.011195 2.837780
0.575137 0.040596 0.035889 0.019512 0.001186 0.316473 0.011207 2.841749
0.575096 0.040567 0.035841 0.019508 0.001190 0.316576 0.011223 2.845687
0.575024 0.040585 0.035881 0.019486 0.001192 0.316595 0.011238 2.849640
0.574918 0.040547 0.035963 0.019404 0.001190 0.316724 0.011255 2.853658
0.574965 0.040472 0.035979 0.019443 0.001184 0.316688 0.011269 2.857663
0.575051 0.040463 0.035974 0.019409 0.001185 0.316635 0.011283 2.861590
0.575191 0.040364 0.036017 0.019437 0.001189 0.316508 0.011294 2.865613
0.575048 0.040494 0.036075 0.019345 0.001183 0.316548 0.011307 2.869518
0.575036 0.040515 0.036030 0.019376 0.001183 0.316537 0.011323 2.873484
0.575030 0.040476 0.036003 0.019404 0.001186 0.316563 0.011338 2.877443
0.574927 0.040522 0.036029 0.019406 0.001183 0.316581 0.011352 2.881388
0.574902 0.040507 0.035987 0.019399 0.001168 0.316671 0.011366 2.885331
0.574825 0.040579 0.036074 0.019415 0.001168 0.316557 0.011382 2.889283
0.574817 0.040541 0.036132 0.019482 0.001162 0.316468 0.011399 2.893341
0.574752 0.040579 0.036082 0.019528 0.001163 0.316484 0.011413 2.897367
0.574786 0.040525 0.036035 0.019568 0.001146 0.316514 0.011427 2.901370
0.574848 0.040478 0.036054 0.019545 0.001146 0.316489 0.011441 2.905327
0.574888 0.040516 0.036038 0.019521 0.001148 0.316438 0.011451 2.909276
0.574938 0.040577 0.035944 0.019485 0.001148 0.316441 0.011468 2.913155
0.574962 0.040580 0.035858 0.019512 0.001148 0.316461 0.011481 2.917091
0.575098 0.040462 0.035897 0.019495 0.001150 0.316404 0.011494 2.921093
0.575141 0.040349 0.035973 0.019497 0.001147 0.316382 0.011510 2.925104
0.575181 0.040331 0.035860 0.019523 0.001160 0.316423 0.011523 2.929088
0.575179 0.040295 0.035933 0.019529 0.001157 0.316369 0.011540 2.933059
0.575125 0.040374 0.035922 0.019524 0.001150 0.316351 0.011554 2.936968
0.575037 0.040442 0.035940 0.019483 0.001150 0.316382 0.011566 2.940928
0.575028 0.040421 0.035919 0.019528 0.001146 0.316377 0.011581 2.944914
0.574989 0.040435 0.035924 0.019551 0.001146 0.316361 0.011594 2.948873
0.574917 0.040399 0.036007 0.019517 0.001155 0.316397 0.011609 2.952869
0.575017 0.040377 0.035993 0.019449 0.001156 0.316384 0.011623 2.956787
0.574978 0.040402 0.035990 0.019400 0.001158 0.316437 0.011636 2.960686
0.574915 0.040378 0.035946 0.019472 0.001152 0.316488 0.011651 2.964682
0.574892 0.040285 0.035966 0.019431 0.001167 0.316595 0.011664 2.968677
0.574906 0.040274 0.035984 0.019388 0.001168 0.316605 0.011676 2.972642
0.575014 0.040198 0.036020 0.019390 0.001168 0.316522 0.011688 2.976607
0.575104 0.040120 0.036055 0.019392 0.001176 0.316453 0.011700 2.980610
0.575184 0.040022 0.035978 0.019385 0.001184 0.316534 0.011713 2.984561
0.575315 0.039947 0.035963 0.019455 0.001188 0.316405 0.011727 2.988536
0.575327 0.039971 0.035947 0.019455 0.001185 0.316373 0.011741 2.992445
0.575491 0.039914 0.035843 0.019478 0.001166 0.316348 0.011759 2.996333
0.575515 0.039982 0.035818 0.019470 0.001171 0.316275 0.011767 3.000246
0.575636 0.039945 0.035811 0.019478 0.001180 0.316171 0.011778 3.004167
0.575623 0.039898 0.035765 0.019474 0.001184 0.316263 0.011794 3.008135
0.575797 0.039806 0.035673 0.019511 0.001185 0.316222 0.011806 3.012029
0.575708 0.039797 0.035648 0.019513 0.001187 0.316322 0.011824 3.015951
0.575760 0.039862 0.035591 0.019464 0.001179 0.316304 0.011841 3.019827
0.575763 0.039968 0.035509 0.019474 0.001185 0.316248 0.011853 3.023697
0.575858 0.039975 0.035505 0.019420 0.001179 0.316193 0.011870 3.027557
0.575958 0.039949 0.035472 0.019482 0.001180 0.316070 0.011888 3.031492
0.576064 0.039957 0.035431 0.019485 0.001182 0.315978 0.011902 3.035372
0.576093 0.040072 0.035378 0.019395 0.001186 0.315961 0.011916 3.039202
0.576029 0.040043 0.035387 0.019493 0.001178 0.315943 0.011928 3.043168
0.576147 0.039892 0.035413 0.019495 0.001177 0.315937 0.011940 3.047137
0.576194 0.039903 0.035429 0.019454 0.001179 0.315886 0.011956 3.051021
0.576212 0.039906 0.035456 0.019424 0.001183 0.315848 0.011971 3.054942
0.576260 0.039957 0.035418 0.019370 0.001180 0.315829 0.011987 3.058796
0.576379 0.039876 0.035468 0.019369 0.001185 0.315717 0.012005 3.062736
0.576385 0.039944 0.035465 0.019299 0.001184 0.315706 0.012018 3.066624
0.576323 0.039887 0.035541 0.019294 0.001178 0.315744 0.012033 3.070643
0.576375 0.039820 0.035596 0.019256 0.001192 0.315721 0.012041 3.074591
0.576386 0.039839 0.035646 0.019176 0.001193 0.315704 0.012055 3.078453
0.576448 0.039770 0.035628 0.019188 0.001195 0.315703 0.012068 3.082361
0.576484 0.039776 0.035613 0.019207 0.001195 0.315643 0.012082 3.086239
0.576604 0.039718 0.035556 0.019270 0.001195 0.315559 0.012098 3.090110
0.576584 0.039770 0.035516 0.019347 0.001195 0.315476 0.012112 3.094003
0.576519 0.039807 0.035497 0.019341 0.001204 0.315508 0.012125 3.097901
0.576618 0.039735 0.035537 0.019319 0.001213 0.315436 0.012142 3.101842
0.576638 0.039733 0.035544 0.019325 0.001210 0.315393 0.012156 3.105763
0.576688 0.039893 0.035524 0.019265 0.001206 0.315252 0.012173 3.109556
0.576739 0.039900 0.035532 0.019292 0.001196 0.315154 0.012187 3.113455
0.576866 0.039850 0.035505 0.019254 0.001200 0.315121 0.012203 3.117354
0.576901 0.039804 0.035483 0.019227 0.001198 0.315174 0.012214 3.121286
0.576932 0.039870 0.035446 0.019278 0.001198 0.315047 0.012228 3.125128
0.576902 0.039838 0.035487 0.019282 0.001200 0.315045 0.012246 3.129051
0.576956 0.039835 0.035491 0.019253 0.001187 0.315017 0.012261 3.132906
0.577127 0.039717 0.035495 0.019259 0.001193 0.314936 0.012274 3.136817
0.577269 0.039674 0.035534 0.019290 0.001196 0.314754 0.012285 3.140718
0.577277 0.039638 0.035559 0.019317 0.001208 0.314706 0.012296 3.144620
0.577229 0.039641 0.035575 0.019350 0.001190 0.314705 0.012311 3.148596
0.577202 0.039686 0.035575 0.019328 0.001192 0.314693 0.012324 3.152496
0.577129 0.039726 0.035563 0.019323 0.001184 0.314731 0.012343 3.156408
0.577200 0.039719 0.035567 0.019330 0.001190 0.314637 0.012357 3.160261
0.577264 0.039708 0.035594 0.019270 0.001195 0.314596 0.012374 3.164148
0.577285 0.039657 0.035520 0.019277 0.001195 0.314677 0.012389 3.168059
0.577220 0.039646 0.035543 0.019224 0.001185 0.314776 0.012406 3.171982
0.577249 0.039576 0.035584 0.019258 0.001187 0.314727 0.012420 3.175913
0.577286 0.039562 0.035610 0.019268 0.001193 0.314648 0.012432 3.179794
0.577340 0.039579 0.035560 0.019280 0.001194 0.314603 0.012444 3.183656
0.577390 0.039606 0.035536 0.019271 0.001178 0.314559 0.012459 3.187499
0.577492 0.039528 0.035576 0.019257 0.001172 0.314501 0.012475 3.191389
0.577590 0.039530 0.035613 0.019239 0.001171 0.314368 0.012489 3.195240
0.577651 0.039547 0.035599 0.019260 0.001176 0.314264 0.012503 3.199128
0.577780 0.039471 0.035617 0.019282 0.001174 0.314159 0.012518 3.203026
0.577781 0.039459 0.035614 0.019276 0.001173 0.314165 0.012534 3.206896
0.577620 0.039529 0.035553 0.019254 0.001171 0.314324 0.012550 3.210774
0.577669 0.039609 0.035515 0.019258 0.001179 0.314210 0.012561 3.214574
0.577662 0.039648 0.035515 0.019225 0.001185 0.314192 0.012575 3.218477
0.577586 0.039715 0.035520 0.019218 0.001172 0.314196 0.012594 3.222374
0.577638 0.039745 0.035464 0.019190 0.001171 0.314187 0.012606 3.226209
0.577822 0.039641 0.035412 0.019203 0.001165 0.314132 0.012624 3.230101
0.577780 0.039701 0.035411 0.019219 0.001173 0.314078 0.012638 3.233987
0.577748 0.039716 0.035472 0.019192 0.001188 0.314036 0.012648 3.237929
0.577728 0.039737 0.035435 0.019298 0.001188 0.313951 0.012664 3.241835
0.577803 0.039704 0.035451 0.019262 0.001181 0.313920 0.012681 3.245730
0.577803 0.039692 0.035439 0.019305 0.001173 0.313896 0.012692 3.249680
0.577779 0.039772 0.035409 0.019301 0.001176 0.313856 0.012707 3.253538
0.577749 0.039861 0.035288 0.019344 0.001172 0.313868 0.012720 3.257355
0.577852 0.039896 0.035207 0.019336 0.001183 0.313792 0.012735 3.261223
0.577771 0.039977 0.035167 0.019309 0.001181 0.313846 0.012748 3.265078
0.577747 0.040007 0.035172 0.019281 0.001185 0.313844 0.012765 3.268988
0.577693 0.040060 0.035144 0.019217 0.001188 0.313920 0.012778 3.272869
0.577785 0.040026 0.035134 0.019169 0.001195 0.313896 0.012795 3.276744
0.577806 0.040041 0.035211 0.019223 0.001192 0.313716 0.012812 3.280653
0.577859 0.040114 0.035247 0.019172 0.001185 0.313596 0.012828 3.284515
0.577834 0.040083 0.035267 0.019199 0.001192 0.313586 0.012839 3.288495
0.577778 0.040138 0.035274 0.019173 0.001195 0.313594 0.012848 3.292388
0.577710 0.040094 0.035356 0.019168 0.001192 0.313618 0.012863 3.296400
0.577589 0.040136 0.035297 0.019222 0.001200 0.313679 0.012877 3.300382
0.577586 0.040162 0.035342 0.019195 0.001211 0.313616 0.012889 3.304334
0.577550 0.040091 0.035373 0.019199 0.001207 0.313677 0.012904 3.308314
0.577555 0.040053 0.035428 0.019231 0.001203 0.313611 0.012918 3.312252
0.577532 0.040181 0.035431 0.019207 0.001203 0.313513 0.012933 3.316106
0.577573 0.040139 0.035513 0.019219 0.001203 0.313403 0.012949 3.320049
0.577578 0.040099 0.035535 0.019228 0.001212 0.313392 0.012955 3.323988
0.577534 0.040178 0.035628 0.019217 0.001205 0.313268 0.012969 3.327919
0.577528 0.040142 0.035540 0.019252 0.001206 0.313347 0.012984 3.331846
0.577500 0.040146 0.035490 0.019264 0.001208 0.313396 0.012995 3.335734
0.577476 0.040100 0.035544 0.019307 0.001203 0.313357 0.013012 3.339735
0.577479 0.040096 0.035551 0.019345 0.001197 0.313305 0.013026 3.343664
0.577341 0.040197 0.035570 0.019346 0.001191 0.313315 0.013040 3.347558
0.577157 0.040236 0.035608 0.019412 0.001182 0.313347 0.013057 3.351583
0.577033 0.040265 0.035585 0.019440 0.001178 0.313424 0.013075 3.355530
0.576969 0.040307 0.035584 0.019480 0.001191 0.313383 0.013086 3.359489
0.576804 0.040360 0.035618 0.019440 0.001183 0.313494 0.013101 3.363448
0.576872 0.040274 0.035682 0.019443 0.001178 0.313435 0.013118 3.367438
0.576704 0.040436 0.035707 0.019440 0.001177 0.313405 0.013131 3.371318
0.576581 0.040524 0.035675 0.019391 0.001175 0.313506 0.013148 3.375276
0.576542 0.040560 0.035765 0.019383 0.001174 0.313415 0.013162 3.379222
0.576461 0.040500 0.035840 0.019433 0.001168 0.313422 0.013177 3.383285
0.576360 0.040504 0.035829 0.019498 0.001169 0.313450 0.013189 3.387288
0.576364 0.040405 0.035850 0.019520 0.001167 0.313490 0.013203 3.391310
0.576202 0.040469 0.035818 0.019515 0.001172 0.313607 0.013218 3.395297
0.576207 0.040466 0.035808 0.019506 0.001181 0.313604 0.013228 3.399269
0.576074 0.040532 0.035888 0.019526 0.001186 0.313556 0.013239 3.403217
0.576019 0.040536 0.035806 0.019560 0.001190 0.313637 0.013254 3.407162
0.575981 0.040574 0.035855 0.019503 0.001183 0.313633 0.013271 3.411064
0.575902 0.040537 0.035796 0.019499 0.001185 0.313798 0.013283 3.415038
0.575938 0.040532 0.035789 0.019481 0.001182 0.313779 0.013299 3.418964
0.575960 0.040397 0.035847 0.019527 0.001170 0.313781 0.013318 3.422973
0.575894 0.040416 0.035889 0.019503 0.001172 0.313794 0.013332 3.426900
0.575918 0.040472 0.035777 0.019511 0.001168 0.313805 0.013348 3.430808
0.575925 0.040374 0.035937 0.019503 0.001169 0.313732 0.013360 3.434827
0.575991 0.040275 0.035916 0.019503 0.001150 0.313789 0.013375 3.438779
0.576094 0.040216 0.035877 0.019530 0.001156 0.313737 0.013388 3.442715
0.576142 0.040165 0.035863 0.019537 0.001157 0.313734 0.013402 3.446655
0.576191 0.040147 0.035899 0.019446 0.001149 0.313753 0.013416 3.450569
0.576171 0.040093 0.035908 0.019454 0.001157 0.313791 0.013428 3.454553
0.576213 0.040162 0.035840 0.019385 0.001142 0.313810 0.013449 3.458407
0.576222 0.040087 0.035884 0.019378 0.001146 0.313817 0.013465 3.462405
0.576310 0.040058 0.035870 0.019382 0.001148 0.313752 0.013480 3.466324
0.576333 0.039957 0.035927 0.019311 0.001153 0.313826 0.013493 3.470296
0.576394 0.039928 0.035926 0.019305 0.001155 0.313790 0.013502 3.474192
0.576446 0.039888 0.035932 0.019290 0.001159 0.313770 0.013517 3.478145
0.576537 0.039877 0.035821 0.019341 0.001154 0.313741 0.013529 3.482077
0.576422 0.039972 0.035753 0.019347 0.001151 0.313811 0.013545 3.485982
0.576443 0.040014 0.035758 0.019368 0.001142 0.313712 0.013563 3.489884
0.576526 0.039908 0.035697 0.019381 0.001124 0.313787 0.013579 3.493836
0.576496 0.039924 0.035714 0.019351 0.001124 0.313800 0.013593 3.497754
0.576532 0.039912 0.035729 0.019332 0.001129 0.313763 0.013604 3.501702
0.576549 0.039863 0.035761 0.019342 0.001118 0.313752 0.013617 3.505648
0.576649 0.039789 0.035731 0.019305 0.001116 0.313779 0.013632 3.509576
0.576703 0.039810 0.035662 0.019277 0.001123 0.313778 0.013647 3.513469
0.576590 0.039916 0.035722 0.019314 0.001116 0.313680 0.013661 3.517366
0.576596 0.039898 0.035720 0.019325 0.001117 0.313671 0.013673 3.521305
0.576534 0.039891 0.035730 0.019284 0.001114 0.313755 0.013692 3.525221
0.576520 0.039880 0.035775 0.019330 0.001110 0.313681 0.013704 3.529183
0.576541 0.039907 0.035777 0.019279 0.001113 0.313667 0.013717 3.533036
0.576419 0.040013 0.035769 0.019287 0.001115 0.313665 0.013732 3.536925
0.576430 0.039961 0.035799 0.019309 0.001117 0.313638 0.013747 3.540870
0.576283 0.040071 0.035769 0.019249 0.001116 0.313751 0.013760 3.544778
0.576164 0.040182 0.035757 0.019246 0.001123 0.313756 0.013773 3.548734
0.576043 0.040276 0.035785 0.019275 0.001129 0.313707 0.013784 3.552660
0.576008 0.040297 0.035791 0.019265 0.001132 0.313710 0.013797 3.556592
0.575928 0.040370 0.035719 0.019302 0.001135 0.313741 0.013805 3.560478
0.575973 0.040390 0.035730 0.019323 0.001132 0.313633 0.013818 3.564424
0.575826 0.040474 0.035673 0.019315 0.001137 0.313744 0.013831 3.568345
0.575809 0.040404 0.035659 0.019365 0.001149 0.313768 0.013847 3.572361
0.575777 0.040438 0.035716 0.019339 0.001151 0.313720 0.013858 3.576305
0.575800 0.040341 0.035798 0.019342 0.001159 0.313692 0.013869 3.580302
0.575783 0.040318 0.035860 0.019340 0.001157 0.313660 0.013883 3.584280
0.575706 0.040410 0.035814 0.019356 0.001162 0.313658 0.013896 3.588179
0.575727 0.040324 0.035840 0.019346 0.001169 0.313683 0.013913 3.592189
0.575691 0.040264 0.035884 0.019376 0.001163 0.313697 0.013926 3.596175
0.575640 0.040211 0.035958 0.019374 0.001156 0.313722 0.013941 3.600146
0.575623 0.040198 0.035981 0.019364 0.001154 0.313727 0.013954 3.604103
0.575558 0.040154 0.035938 0.019349 0.001157 0.313877 0.013967 3.608071
0.575507 0.040203 0.035916 0.019294 0.001162 0.313940 0.013979 3.612009
0.575462 0.040116 0.035933 0.019344 0.001174 0.313977 0.013994 3.616024
0.575410 0.040071 0.035896 0.019362 0.001169 0.314086 0.014007 3.619981
0.575440 0.040014 0.035880 0.019370 0.001180 0.314095 0.014021 3.623917
0.575522 0.040002 0.035812 0.019331 0.001169 0.314126 0.014038 3.627816
0.575520 0.039981 0.035772 0.019355 0.001167 0.314152 0.014052 3.631769
0.575555 0.039931 0.035790 0.019360 0.001165 0.314135 0.014063 3.635712
0.575573 0.039945 0.035845 0.019355 0.001165 0.314044 0.014076 3.639667
0.575650 0.039996 0.035779 0.019326 0.001163 0.314000 0.014087 3.643542
0.575708 0.039966 0.035771 0.019330 0.001165 0.313958 0.014103 3.647476
0.575758 0.039921 0.035745 0.019289 0.001171 0.314001 0.014116 3.651419
0.575858 0.039930 0.035704 0.019320 0.001170 0.313889 0.014129 3.655307
0.575799 0.039921 0.035632 0.019336 0.001169 0.314000 0.014144 3.659231
0.575844 0.039799 0.035706 0.019390 0.001169 0.313936 0.014156 3.663258
0.575828 0.039796 0.035710 0.019345 0.001163 0.313987 0.014171 3.667146
0.575833 0.039777 0.035623 0.019338 0.001158 0.314084 0.014186 3.671068
0.575847 0.039806 0.035602 0.019294 0.001159 0.314097 0.014196 3.674919
0.575769 0.039779 0.035607 0.019300 0.001165 0.314173 0.014208 3.678796
0.575818 0.039792 0.035561 0.019263 0.001166 0.314177 0.014224 3.682671
0.575789 0.039696 0.035590 0.019261 0.001175 0.314251 0.014238 3.686695
0.576053 0.039546 0.035550 0.019295 0.001175 0.314129 0.014252 3.690590
0.576261 0.039424 0.035551 0.019316 0.001169 0.314011 0.014268 3.694489
0.576289 0.039408 0.035533 0.019310 0.001171 0.314004 0.014287 3.698369
0.576319 0.039452 0.035441 0.019262 0.001169 0.314055 0.014302 3.702180
0.576365 0.039455 0.035357 0.019224 0.001175 0.314103 0.014321 3.706001
0.576438 0.039419 0.035388 0.019211 0.001174 0.314039 0.014332 3.709894
0.576521 0.039399 0.035308 0.019278 0.001163 0.313980 0.014351 3.713782
0.576564 0.039438 0.035351 0.019270 0.001165 0.313844 0.014368 3.717614
0.576596 0.039488 0.035390 0.019180 0.001153 0.313809 0.014383 3.721471
0.576574 0.039481 0.035383 0.019142 0.001154 0.313868 0.014398 3.725381
0.576682 0.039512 0.035320 0.019084 0.001159 0.313831 0.014411 3.729207
0.576866 0.039511 0.035243 0.019048 0.001166 0.313743 0.014424 3.732994
0.576836 0.039526 0.035234 0.019085 0.001166 0.313713 0.014439 3.736893
0.576890 0.039465 0.035240 0.019067 0.001167 0.313721 0.014450 3.740770
0.576926 0.039415 0.035311 0.019049 0.001164 0.313672 0.014462 3.744669
0.576931 0.039436 0.035320 0.019044 0.001161 0.313634 0.014473 3.748509
0.577042 0.039453 0.035223 0.018982 0.001154 0.313658 0.014488 3.752339
0.577113 0.039468 0.035169 0.019047 0.001152 0.313551 0.014502 3.756195
0.577168 0.039481 0.035169 0.019070 0.001145 0.313451 0.014515 3.760069
0.577252 0.039410 0.035194 0.019056 0.001150 0.313409 0.014530 3.763973
0.577248 0.039416 0.035159 0.019083 0.001154 0.313401 0.014539 3.767870
0.577151 0.039451 0.035244 0.019068 0.001142 0.313389 0.014556 3.771783
0.577238 0.039420 0.035234 0.019036 0.001148 0.313354 0.014569 3.775688
0.577333 0.039437 0.035264 0.018942 0.001137 0.313302 0.014586 3.779538
