0.339055 0.063291 0.055834 0.032359 0.002253 0.500970 0.006237 1.645586
0.340268 0.062133 0.055823 0.032330 0.002262 0.500917 0.006267 1.651767
0.341979 0.060612 0.055754 0.032212 0.002247 0.500892 0.006303 1.657842
0.343907 0.058981 0.055592 0.032025 0.002241 0.500923 0.006330 1.663755
0.345984 0.057546 0.055111 0.031731 0.002242 0.501030 0.006354 1.669322
0.348487 0.055899 0.054722 0.031450 0.002240 0.500818 0.006384 1.674839
0.350824 0.054279 0.054329 0.031180 0.002234 0.500744 0.006410 1.680299
0.353300 0.052766 0.053816 0.030796 0.002225 0.500660 0.006438 1.685540
0.355915 0.051363 0.053323 0.030432 0.002218 0.500278 0.006469 1.690614
0.358636 0.049958 0.052827 0.030015 0.002217 0.499853 0.006495 1.695600
0.361365 0.048618 0.052208 0.029583 0.002225 0.499487 0.006515 1.700443
0.364220 0.047370 0.051491 0.029211 0.002207 0.498959 0.006542 1.705155
0.367035 0.046216 0.050710 0.028847 0.002202 0.498420 0.006570 1.709704
0.369970 0.045030 0.050001 0.028372 0.002185 0.497841 0.006600 1.714196
0.372946 0.043960 0.049256 0.027855 0.002171 0.497186 0.006626 1.718543
0.376023 0.042941 0.048501 0.027369 0.002152 0.496362 0.006652 1.722772
0.378898 0.042129 0.047863 0.026835 0.002135 0.495461 0.006679 1.726888
0.381830 0.041197 0.047172 0.026359 0.002123 0.494613 0.006705 1.731005
0.384815 0.040442 0.046351 0.025908 0.002115 0.493637 0.006732 1.734977
0.387821 0.039767 0.045591 0.025459 0.002114 0.492492 0.006755 1.738872
0.390766 0.039084 0.044884 0.025024 0.002100 0.491364 0.006778 1.742725
0.393781 0.038388 0.044144 0.024676 0.002077 0.490132 0.006804 1.746554
0.396804 0.037747 0.043470 0.024236 0.002049 0.488862 0.006832 1.750294
0.399834 0.037074 0.042705 0.023866 0.002024 0.487636 0.006862 1.754004
0.402821 0.036496 0.042007 0.023473 0.002001 0.486313 0.006889 1.757642
0.405851 0.036035 0.041337 0.023110 0.001972 0.484779 0.006915 1.761151
0.408787 0.035638 0.040651 0.022644 0.001957 0.483386 0.006937 1.764611
0.411662 0.035269 0.040064 0.022279 0.001937 0.481830 0.006958 1.768084
0.414614 0.034811 0.039394 0.021945 0.001917 0.480333 0.006985 1.771578
0.417605 0.034455 0.038746 0.021612 0.001896 0.478675 0.007012 1.774960
0.420607 0.034163 0.038103 0.021282 0.001881 0.476932 0.007032 1.778286
0.423504 0.033885 0.037516 0.020966 0.001863 0.475211 0.007054 1.781629
0.426459 0.033571 0.036948 0.020676 0.001857 0.473418 0.007071 1.784934
0.429403 0.033281 0.036452 0.020453 0.001836 0.471482 0.007092 1.788219
0.432261 0.033038 0.035978 0.020154 0.001818 0.469633 0.007119 1.791504
0.435021 0.032824 0.035477 0.019896 0.001791 0.467850 0.007142 1.794735
0.437817 0.032622 0.035045 0.019634 0.001759 0.465958 0.007167 1.797968
0.440642 0.032486 0.034545 0.019399 0.001735 0.464008 0.007184 1.801105
0.443405 0.032296 0.034212 0.019111 0.001725 0.462045 0.007206 1.804298
0.446134 0.032232 0.033792 0.018859 0.001707 0.460051 0.007226 1.807408
0.448822 0.032127 0.033452 0.018627 0.001669 0.458050 0.007251 1.810575
0.451486 0.032065 0.033063 0.018439 0.001641 0.456033 0.007273 1.813743
0.454150 0.032057 0.032696 0.018289 0.001622 0.453887 0.007299 1.816872
0.456713 0.031984 0.032377 0.018157 0.001608 0.451847 0.007315 1.820058
0.459374 0.031849 0.032087 0.018024 0.001584 0.449747 0.007338 1.823234
0.462011 0.031863 0.031696 0.017878 0.001566 0.447630 0.007356 1.826271
0.464496 0.031831 0.031402 0.017688 0.001547 0.445661 0.007375 1.829397
0.466929 0.031787 0.031191 0.017513 0.001530 0.443658 0.007391 1.832513
0.469382 0.031755 0.030933 0.017432 0.001499 0.441586 0.007413 1.835633
0.471829 0.031763 0.030700 0.017284 0.001478 0.439516 0.007431 1.838707
0.474223 0.031798 0.030519 0.017149 0.001465 0.437399 0.007446 1.841799
0.476618 0.031774 0.030335 0.017076 0.001448 0.435286 0.007464 1.844919
0.478898 0.031720 0.030183 0.016989 0.001437 0.433295 0.007478 1.848073
0.481091 0.031850 0.029994 0.016943 0.001428 0.431197 0.007497 1.851177
0.483254 0.031897 0.029834 0.016916 0.001422 0.429165 0.007514 1.854338
0.485365 0.031928 0.029739 0.016811 0.001410 0.427215 0.007532 1.857475
0.487427 0.032051 0.029605 0.016695 0.001394 0.425279 0.007550 1.860594
0.489466 0.032169 0.029505 0.016631 0.001375 0.423289 0.007566 1.863737
0.491568 0.032251 0.029394 0.016626 0.001358 0.421213 0.007590 1.866875
0.493498 0.032384 0.029259 0.016612 0.001354 0.419284 0.007609 1.870046
0.495472 0.032494 0.029141 0.016550 0.001329 0.417388 0.007627 1.873169
0.497338 0.032547 0.029086 0.016590 0.001316 0.415481 0.007644 1.876390
0.499132 0.032711 0.029047 0.016543 0.001306 0.413606 0.007658 1.879562
0.501009 0.032852 0.029007 0.016525 0.001293 0.411638 0.007675 1.882764
0.502792 0.033030 0.029084 0.016466 0.001274 0.409660 0.007695 1.885982
0.504485 0.033192 0.028996 0.016470 0.001263 0.407881 0.007712 1.889189
0.506098 0.033335 0.029029 0.016413 0.001253 0.406144 0.007728 1.892436
0.507724 0.033504 0.029145 0.016365 0.001237 0.404283 0.007742 1.895714
0.509368 0.033614 0.029195 0.016402 0.001232 0.402434 0.007755 1.898975
0.510992 0.033741 0.029184 0.016413 0.001227 0.400672 0.007770 1.902269
0.512567 0.033855 0.029256 0.016349 0.001223 0.398963 0.007786 1.905592
0.513870 0.034132 0.029283 0.016305 0.001221 0.397385 0.007803 1.908874
0.515293 0.034318 0.029358 0.016359 0.001212 0.395634 0.007827 1.912255
0.516600 0.034547 0.029466 0.016356 0.001199 0.393990 0.007844 1.915660
0.517844 0.034751 0.029603 0.016427 0.001191 0.392325 0.007860 1.919090
0.519185 0.034921 0.029755 0.016461 0.001177 0.390625 0.007876 1.922512
0.520426 0.035136 0.029852 0.016526 0.001175 0.388997 0.007888 1.925928
0.521616 0.035367 0.030000 0.016537 0.001176 0.387404 0.007901 1.929383
0.522691 0.035659 0.030039 0.016557 0.001160 0.385978 0.007916 1.932806
0.523835 0.035806 0.030228 0.016622 0.001158 0.384420 0.007930 1.936329
0.524874 0.036078 0.030375 0.016718 0.001148 0.382857 0.007950 1.939869
0.525786 0.036365 0.030471 0.016814 0.001144 0.381455 0.007966 1.943388
0.526737 0.036765 0.030519 0.016817 0.001140 0.380046 0.007977 1.946824
0.527737 0.036989 0.030582 0.016931 0.001148 0.378623 0.007991 1.950405
0.528585 0.037163 0.030771 0.017018 0.001147 0.377308 0.008009 1.954091
0.529323 0.037278 0.031030 0.017052 0.001145 0.376153 0.008019 1.957808
0.530136 0.037357 0.031208 0.017195 0.001140 0.374929 0.008035 1.961560
0.530838 0.037641 0.031308 0.017296 0.001119 0.373748 0.008051 1.965231
0.531588 0.037848 0.031396 0.017447 0.001111 0.372547 0.008063 1.968952
0.532397 0.037963 0.031542 0.017600 0.001102 0.371317 0.008080 1.972677
0.533167 0.038077 0.031675 0.017654 0.001104 0.370229 0.008094 1.976415
0.533878 0.038216 0.031813 0.017786 0.001092 0.369110 0.008105 1.980205
0.534530 0.038386 0.031971 0.017861 0.001103 0.368036 0.008112 1.984009
0.535103 0.038596 0.032090 0.017952 0.001104 0.367028 0.008125 1.987782
0.535674 0.038830 0.032200 0.018014 0.001099 0.366044 0.008140 1.991562
0.536362 0.038986 0.032332 0.018088 0.001088 0.364985 0.008158 1.995331
0.536889 0.039192 0.032539 0.018120 0.001083 0.364008 0.008168 1.999153
0.537452 0.039359 0.032674 0.018213 0.001083 0.363038 0.008181 2.002973
0.537995 0.039547 0.032725 0.018269 0.001089 0.362186 0.008190 2.006758
0.538609 0.039628 0.032922 0.018341 0.001091 0.361211 0.008199 2.010692
0.539021 0.039815 0.033038 0.018415 0.001090 0.360409 0.008212 2.014555
0.539451 0.040006 0.033151 0.018459 0.001101 0.359602 0.008230 2.018411
0.539822 0.040146 0.033317 0.018544 0.001105 0.358824 0.008242 2.022354
0.540135 0.040280 0.033541 0.018612 0.001104 0.358070 0.008258 2.026344
0.540600 0.040372 0.033730 0.018692 0.001099 0.357230 0.008276 2.030307
0.541025 0.040491 0.033829 0.018756 0.001095 0.356516 0.008287 2.034286
0.541402 0.040585 0.033927 0.018854 0.001098 0.355832 0.008300 2.038251
0.541779 0.040641 0.034009 0.018919 0.001109 0.355232 0.008311 2.042274
0.542047 0.040832 0.034139 0.018976 0.001112 0.354570 0.008325 2.046254
0.542543 0.040842 0.034212 0.019094 0.001133 0.353841 0.008336 2.050309
0.542883 0.040929 0.034306 0.019129 0.001134 0.353267 0.008351 2.054268
0.543109 0.040943 0.034479 0.019250 0.001132 0.352720 0.008367 2.058387
0.543403 0.041075 0.034572 0.019266 0.001140 0.352164 0.008379 2.062390
0.543617 0.041240 0.034719 0.019335 0.001140 0.351555 0.008394 2.066381
0.543872 0.041324 0.034753 0.019363 0.001154 0.351130 0.008405 2.070340
0.544144 0.041398 0.034896 0.019416 0.001144 0.350579 0.008423 2.074369
0.544347 0.041486 0.035056 0.019464 0.001137 0.350075 0.008436 2.078411
0.544689 0.041494 0.035185 0.019516 0.001135 0.349529 0.008452 2.082472
0.544925 0.041597 0.035267 0.019575 0.001142 0.349031 0.008464 2.086479
0.545088 0.041697 0.035355 0.019643 0.001147 0.348589 0.008481 2.090537
0.545271 0.041676 0.035531 0.019681 0.001144 0.348199 0.008498 2.094705
0.545397 0.041769 0.035619 0.019743 0.001143 0.347820 0.008511 2.098825
0.545663 0.041784 0.035706 0.019808 0.001150 0.347363 0.008526 2.102893
0.545730 0.041813 0.035854 0.019811 0.001155 0.347100 0.008537 2.107053
0.545917 0.041822 0.035985 0.019815 0.001149 0.346758 0.008554 2.111171
0.546098 0.041909 0.036047 0.019850 0.001149 0.346383 0.008565 2.115230
0.546221 0.041888 0.036203 0.019907 0.001154 0.346046 0.008581 2.119409
0.546311 0.042003 0.036318 0.019880 0.001151 0.345741 0.008596 2.123488
0.546425 0.042058 0.036379 0.019917 0.001160 0.345454 0.008607 2.127632
0.546594 0.042096 0.036525 0.019966 0.001160 0.345031 0.008627 2.131750
0.546690 0.042221 0.036488 0.020027 0.001158 0.344774 0.008642 2.135825
0.546762 0.042410 0.036459 0.020082 0.001163 0.344471 0.008653 2.139847
0.546886 0.042365 0.036570 0.020102 0.001158 0.344257 0.008661 2.144060
0.546968 0.042448 0.036614 0.020096 0.001163 0.344035 0.008676 2.148152
0.547176 0.042387 0.036650 0.020141 0.001158 0.343795 0.008694 2.152345
0.547363 0.042477 0.036725 0.020174 0.001160 0.343396 0.008705 2.156409
0.547581 0.042498 0.036784 0.020262 0.001157 0.342996 0.008721 2.160565
0.547711 0.042432 0.036866 0.020339 0.001159 0.342759 0.008734 2.164795
0.547800 0.042470 0.036920 0.020420 0.001166 0.342475 0.008750 2.168987
0.548014 0.042356 0.036982 0.020413 0.001162 0.342304 0.008770 2.173175
0.548154 0.042313 0.036993 0.020450 0.001163 0.342141 0.008786 2.177360
0.548324 0.042295 0.037052 0.020495 0.001169 0.341871 0.008795 2.181531
0.548452 0.042233 0.037067 0.020512 0.001169 0.341759 0.008807 2.185721
0.548669 0.042168 0.037075 0.020493 0.001168 0.341606 0.008821 2.189898
0.548804 0.042197 0.037014 0.020503 0.001166 0.341482 0.008835 2.193986
0.548903 0.042187 0.037026 0.020500 0.001173 0.341361 0.008852 2.198161
0.548946 0.042207 0.037053 0.020485 0.001166 0.341278 0.008867 2.202294
0.548991 0.042280 0.037116 0.020481 0.001160 0.341091 0.008883 2.206413
0.549017 0.042287 0.037284 0.020423 0.001157 0.340933 0.008899 2.210590
0.549132 0.042314 0.037299 0.020402 0.001157 0.340783 0.008914 2.214694
0.549315 0.042226 0.037371 0.020446 0.001158 0.340558 0.008927 2.218889
0.549450 0.042226 0.037383 0.020455 0.001166 0.340383 0.008938 2.223064
0.549577 0.042328 0.037326 0.020491 0.001169 0.340156 0.008954 2.227137
0.549808 0.042252 0.037252 0.020491 0.001173 0.340053 0.008970 2.231274
0.550049 0.042127 0.037298 0.020495 0.001183 0.339865 0.008984 2.235441
0.550214 0.042055 0.037292 0.020517 0.001178 0.339749 0.008997 2.239592
0.550408 0.042004 0.037181 0.020559 0.001168 0.339670 0.009010 2.243693
0.550584 0.041938 0.037126 0.020493 0.001173 0.339656 0.009030 2.247800
0.550840 0.041854 0.037100 0.020455 0.001173 0.339539 0.009040 2.251890
0.551026 0.041774 0.037106 0.020526 0.001176 0.339336 0.009057 2.256049
0.551124 0.041778 0.037100 0.020528 0.001177 0.339224 0.009069 2.260125
0.551204 0.041865 0.037091 0.020521 0.001177 0.339058 0.009085 2.264163
0.551491 0.041727 0.037080 0.020548 0.001182 0.338874 0.009099 2.268325
0.551720 0.041666 0.037059 0.020539 0.001189 0.338715 0.009112 2.272403
0.551889 0.041546 0.037104 0.020536 0.001192 0.338607 0.009125 2.276536
0.552115 0.041501 0.037037 0.020539 0.001189 0.338479 0.009139 2.280631
0.552331 0.041463 0.036989 0.020533 0.001204 0.338327 0.009155 2.284714
0.552443 0.041483 0.037007 0.020486 0.001208 0.338204 0.009170 2.288799
0.552727 0.041373 0.036963 0.020518 0.001198 0.338035 0.009188 2.292846
0.552946 0.041365 0.037027 0.020440 0.001197 0.337824 0.009202 2.296867
0.553172 0.041322 0.036995 0.020385 0.001207 0.337704 0.009215 2.300912
0.553373 0.041250 0.036980 0.020380 0.001213 0.337572 0.009233 2.304997
0.553566 0.041266 0.036993 0.020332 0.001214 0.337384 0.009245 2.308991
0.553792 0.041234 0.036944 0.020282 0.001219 0.337268 0.009261 2.312986
0.554039 0.041126 0.036842 0.020292 0.001227 0.337199 0.009275 2.317033
0.554198 0.041128 0.036733 0.020314 0.001230 0.337110 0.009287 2.321048
0.554334 0.041162 0.036719 0.020250 0.001245 0.336991 0.009300 2.325068
0.554647 0.041021 0.036662 0.020285 0.001239 0.336830 0.009315 2.329128
0.554855 0.040966 0.036585 0.020245 0.001239 0.336779 0.009330 2.333136
0.555040 0.040956 0.036538 0.020181 0.001243 0.336699 0.009343 2.337131
0.555260 0.040897 0.036490 0.020205 0.001243 0.336552 0.009353 2.341199
0.555553 0.040893 0.036453 0.020192 0.001242 0.336298 0.009369 2.345141
0.555719 0.040759 0.036453 0.020165 0.001244 0.336276 0.009386 2.349228
0.555929 0.040637 0.036478 0.020170 0.001249 0.336135 0.009403 2.353261
0.556328 0.040571 0.036413 0.020124 0.001245 0.335900 0.009419 2.357187
0.556648 0.040514 0.036312 0.020166 0.001241 0.335682 0.009435 2.361155
0.556926 0.040496 0.036342 0.020137 0.001230 0.335418 0.009451 2.365146
0.557182 0.040551 0.036340 0.020032 0.001229 0.335206 0.009459 2.369099
0.557583 0.040458 0.036310 0.019973 0.001222 0.334976 0.009477 2.373069
0.557752 0.040450 0.036318 0.019944 0.001216 0.334825 0.009495 2.377051
0.557995 0.040489 0.036196 0.019918 0.001211 0.334682 0.009510 2.380964
0.558326 0.040432 0.036126 0.019907 0.001195 0.334483 0.009529 2.384921
0.558584 0.040422 0.036096 0.019909 0.001188 0.334254 0.009547 2.388852
0.558881 0.040409 0.036096 0.019850 0.001177 0.334018 0.009568 2.392795
0.559032 0.040417 0.036033 0.019788 0.001173 0.333969 0.009587 2.396717
0.559252 0.040361 0.036045 0.019848 0.001170 0.333726 0.009599 2.400711
0.559460 0.040368 0.035948 0.019835 0.001167 0.333611 0.009612 2.404644
0.559675 0.040311 0.036020 0.019742 0.001175 0.333449 0.009627 2.408641
0.559731 0.040435 0.036013 0.019725 0.001186 0.333270 0.009639 2.412591
0.559967 0.040475 0.035962 0.019729 0.001183 0.333029 0.009653 2.416531
0.560125 0.040591 0.035929 0.019764 0.001178 0.332745 0.009667 2.420470
0.560310 0.040574 0.035994 0.019777 0.001172 0.332491 0.009681 2.424533
0.560504 0.040615 0.036010 0.019726 0.001161 0.332285 0.009698 2.428482
0.560745 0.040582 0.036073 0.019761 0.001161 0.331967 0.009712 2.432489
0.560843 0.040652 0.036020 0.019734 0.001156 0.331869 0.009726 2.436434
0.561043 0.040666 0.036017 0.019778 0.001155 0.331598 0.009743 2.440411
0.561166 0.040630 0.035995 0.019760 0.001148 0.331545 0.009756 2.444464
0.561193 0.040738 0.035941 0.019729 0.001144 0.331484 0.009771 2.448403
0.561252 0.040800 0.035934 0.019759 0.001138 0.331332 0.009785 2.452425
0.561307 0.040898 0.035979 0.019763 0.001144 0.331116 0.009795 2.456381
0.561346 0.040932 0.035980 0.019764 0.001138 0.331033 0.009807 2.460346
0.561406 0.041065 0.036007 0.019715 0.001154 0.330836 0.009817 2.464302
0.561465 0.041175 0.036009 0.019717 0.001137 0.330666 0.009831 2.468275
0.561535 0.041264 0.036031 0.019743 0.001127 0.330454 0.009847 2.472268
0.561620 0.041239 0.036027 0.019785 0.001127 0.330343 0.009860 2.476271
0.561630 0.041139 0.036049 0.019876 0.001122 0.330311 0.009874 2.480410
0.561581 0.041140 0.036091 0.019945 0.001113 0.330243 0.009888 2.484491
0.561660 0.041087 0.036125 0.019916 0.001117 0.330195 0.009899 2.488556
0.561755 0.040983 0.036124 0.019935 0.001119 0.330170 0.009914 2.492669
0.561974 0.040918 0.036120 0.019915 0.001107 0.330034 0.009932 2.496661
0.562122 0.040951 0.036073 0.019914 0.001116 0.329883 0.009943 2.500605
0.562142 0.040959 0.036122 0.019877 0.001116 0.329825 0.009957 2.504622
0.562178 0.041113 0.036037 0.019826 0.001120 0.329758 0.009967 2.508552
0.562057 0.041233 0.036097 0.019884 0.001120 0.329631 0.009978 2.512602
0.562156 0.041271 0.036121 0.019898 0.001114 0.329443 0.009997 2.516615
0.562162 0.041277 0.036131 0.019976 0.001109 0.329334 0.010011 2.520697
0.562235 0.041313 0.036116 0.019947 0.001124 0.329240 0.010026 2.524744
0.562256 0.041209 0.036240 0.019910 0.001125 0.329218 0.010042 2.528830
0.562381 0.041224 0.036169 0.019961 0.001122 0.329084 0.010057 2.532869
0.562344 0.041267 0.036310 0.019993 0.001119 0.328894 0.010072 2.536979
0.562445 0.041221 0.036236 0.020040 0.001113 0.328861 0.010085 2.541029
0.562606 0.041101 0.036273 0.020002 0.001114 0.328807 0.010098 2.545074
0.562752 0.041159 0.036244 0.019999 0.001124 0.328616 0.010106 2.549047
0.562796 0.041213 0.036215 0.020056 0.001124 0.328475 0.010120 2.553044
0.562953 0.041179 0.036271 0.020012 0.001122 0.328324 0.010140 2.557074
0.562995 0.041263 0.036231 0.020024 0.001112 0.328215 0.010158 2.561037
0.563003 0.041312 0.036117 0.020029 0.001119 0.328248 0.010173 2.564996
0.562983 0.041216 0.036252 0.020036 0.001111 0.328218 0.010184 2.569151
0.563007 0.041176 0.036250 0.020058 0.001111 0.328200 0.010198 2.573182
0.563025 0.041181 0.036250 0.020075 0.001114 0.328142 0.010214 2.577189
0.563121 0.041195 0.036271 0.020077 0.001123 0.327987 0.010225 2.581201
0.563106 0.041168 0.036320 0.020018 0.001117 0.328031 0.010240 2.585236
0.563246 0.041153 0.036346 0.019971 0.001125 0.327902 0.010256 2.589222
0.563262 0.041167 0.036413 0.019946 0.001125 0.327815 0.010271 2.593243
0.563352 0.041189 0.036412 0.019976 0.001113 0.327676 0.010282 2.597310
0.563399 0.041189 0.036563 0.019958 0.001111 0.327483 0.010297 2.601360
0.563558 0.041191 0.036553 0.019970 0.001120 0.327295 0.010313 2.605369
0.563670 0.041169 0.036580 0.019942 0.001120 0.327194 0.010324 2.609425
0.563840 0.041098 0.036557 0.019925 0.001121 0.327119 0.010339 2.613453
0.564016 0.041085 0.036486 0.019926 0.001124 0.327012 0.010351 2.617452
0.564132 0.041077 0.036511 0.019904 0.001127 0.326890 0.010360 2.621477
0.564142 0.041084 0.036462 0.019949 0.001134 0.326857 0.010374 2.625475
0.564141 0.041164 0.036458 0.019943 0.001145 0.326761 0.010389 2.629463
0.564129 0.041162 0.036486 0.019962 0.001145 0.326715 0.010402 2.633535
0.564141 0.041115 0.036509 0.019981 0.001145 0.326690 0.010419 2.637579
0.564189 0.041039 0.036606 0.019960 0.001150 0.326623 0.010433 2.641649
0.564201 0.041044 0.036583 0.019978 0.001150 0.326592 0.010451 2.645646
0.564316 0.040959 0.036593 0.020006 0.001167 0.326497 0.010463 2.649679
0.564347 0.041086 0.036581 0.019892 0.001179 0.326442 0.010474 2.653580
0.564402 0.041065 0.036654 0.019912 0.001175 0.326302 0.010489 2.657636
0.564455 0.040934 0.036740 0.019924 0.001178 0.326266 0.010503 2.661750
0.564517 0.040945 0.036716 0.019907 0.001185 0.326213 0.010517 2.665699
0.564567 0.040996 0.036661 0.019898 0.001179 0.326169 0.010531 2.669663
0.564703 0.040856 0.036711 0.019926 0.001183 0.326079 0.010542 2.673760
0.564784 0.040759 0.036670 0.019966 0.001174 0.326094 0.010554 2.677815
0.564854 0.040806 0.036550 0.019956 0.001179 0.326090 0.010566 2.681800
0.564822 0.040916 0.036465 0.019940 0.001182 0.326094 0.010581 2.685769
0.564843 0.040962 0.036422 0.019964 0.001172 0.326039 0.010598 2.689777
0.564858 0.040969 0.036427 0.019967 0.001173 0.325991 0.010613 2.693807
0.564965 0.040854 0.036421 0.020025 0.001174 0.325937 0.010625 2.697850
0.565229 0.040710 0.036408 0.020043 0.001176 0.325793 0.010643 2.701921
0.565341 0.040765 0.036276 0.020079 0.001181 0.325702 0.010656 2.705911
0.565425 0.040728 0.036266 0.020128 0.001171 0.325610 0.010673 2.709925
0.565544 0.040724 0.036195 0.020186 0.001173 0.325491 0.010687 2.713883
0.565621 0.040753 0.036130 0.020157 0.001162 0.325482 0.010697 2.717817
0.565725 0.040643 0.036210 0.020176 0.001158 0.325379 0.010710 2.721858
0.565869 0.040526 0.036309 0.020137 0.001159 0.325278 0.010724 2.725893
0.565956 0.040464 0.036289 0.020124 0.001154 0.325275 0.010737 2.729928
0.565992 0.040430 0.036306 0.020059 0.001150 0.325314 0.010749 2.733920
0.565987 0.040455 0.036288 0.020055 0.001157 0.325298 0.010761 2.737876
0.566113 0.040431 0.036281 0.020024 0.001156 0.325218 0.010778 2.741853
0.566272 0.040400 0.036252 0.020008 0.001168 0.325110 0.010791 2.745836
0.566386 0.040421 0.036228 0.019949 0.001167 0.325044 0.010806 2.749754
0.566516 0.040473 0.036197 0.019935 0.001170 0.324887 0.010823 2.753666
0.566575 0.040528 0.036163 0.019893 0.001170 0.324838 0.010833 2.757595
0.566699 0.040509 0.036083 0.019890 0.001171 0.324805 0.010845 2.761565
0.566794 0.040503 0.036060 0.019888 0.001161 0.324736 0.010859 2.765522
0.566863 0.040516 0.035981 0.019857 0.001158 0.324754 0.010870 2.769490
0.567041 0.040491 0.035990 0.019869 0.001148 0.324579 0.010883 2.773446
0.567126 0.040509 0.036014 0.019855 0.001156 0.324446 0.010894 2.777405
0.567140 0.040626 0.035926 0.019887 0.001157 0.324356 0.010909 2.781364
0.567229 0.040637 0.036021 0.019963 0.001157 0.324070 0.010924 2.785391
0.567312 0.040632 0.036027 0.019940 0.001152 0.323998 0.010939 2.789365
0.567314 0.040715 0.035914 0.019974 0.001148 0.323983 0.010955 2.793342
0.567283 0.040778 0.035894 0.019964 0.001147 0.323966 0.010967 2.797296
0.567379 0.040713 0.036010 0.020017 0.001146 0.323756 0.010979 2.801368
0.567402 0.040777 0.036095 0.019952 0.001145 0.323634 0.010996 2.805363
0.567419 0.040756 0.036064 0.019957 0.001155 0.323642 0.011007 2.809366
0.567469 0.040709 0.036098 0.019954 0.001157 0.323594 0.011019 2.813399
0.567412 0.040730 0.036119 0.019989 0.001167 0.323553 0.011029 2.817437
0.567458 0.040718 0.036161 0.020030 0.001167 0.323419 0.011047 2.821441
0.567493 0.040697 0.036241 0.019954 0.001159 0.323395 0.011062 2.825442
0.567542 0.040650 0.036266 0.019988 0.001167 0.323312 0.011076 2.829520
0.567512 0.040708 0.036243 0.019975 0.001154 0.323317 0.011091 2.833506
0.567513 0.040714 0.036196 0.019970 0.001146 0.323352 0.011108 2.837537
0.567583 0.040672 0.036185 0.019983 0.001138 0.323318 0.011122 2.841550
0.567726 0.040579 0.036188 0.020039 0.001139 0.323195 0.011136 2.845577
0.567864 0.040558 0.036219 0.019979 0.001143 0.323087 0.011149 2.849554
0.567965 0.040624 0.036207 0.019900 0.001144 0.322998 0.011162 2.853482
0.568057 0.040668 0.036184 0.019899 0.001155 0.322862 0.011175 2.857431
0.568009 0.040772 0.036113 0.019910 0.001150 0.322858 0.011189 2.861394
0.568070 0.040781 0.036054 0.019913 0.001139 0.322841 0.011201 2.865359
0.567991 0.040870 0.036036 0.019954 0.001141 0.322795 0.011213 2.869346
0.568070 0.040833 0.036069 0.019974 0.001143 0.322687 0.011225 2.873362
0.568141 0.040741 0.036088 0.019967 0.001145 0.322681 0.011236 2.877420
0.568120 0.040735 0.036134 0.019951 0.001145 0.322662 0.011254 2.881445
0.568179 0.040726 0.036166 0.019894 0.001133 0.322633 0.011270 2.885438
0.568401 0.040636 0.036222 0.019953 0.001129 0.322374 0.011285 2.889464
0.568314 0.040704 0.036187 0.019916 0.001130 0.322454 0.011295 2.893456
0.568371 0.040719 0.036254 0.019909 0.001137 0.322304 0.011308 2.897443
0.568400 0.040672 0.036238 0.019961 0.001132 0.322271 0.011326 2.901489
0.568373 0.040588 0.036277 0.019989 0.001134 0.322299 0.011340 2.905589
0.568281 0.040683 0.036269 0.019949 0.001136 0.322330 0.011352 2.909558
0.568320 0.040578 0.036295 0.019979 0.001144 0.322321 0.011362 2.913615
0.568386 0.040564 0.036200 0.020064 0.001138 0.322271 0.011378 2.917609
0.568386 0.040596 0.036197 0.020084 0.001143 0.322202 0.011392 2.921617
0.568457 0.040647 0.036149 0.020099 0.001146 0.322096 0.011405 2.925590
0.568464 0.040636 0.036084 0.020106 0.001150 0.322146 0.011416 2.929593
0.568474 0.040658 0.036054 0.020038 0.001162 0.322190 0.011425 2.933585
0.568476 0.040662 0.036109 0.019997 0.001178 0.322146 0.011434 2.937577
0.568529 0.040608 0.036082 0.019990 0.001176 0.322167 0.011448 2.941559
0.568548 0.040555 0.036174 0.020010 0.001173 0.322077 0.011464 2.945558
0.568482 0.040636 0.036193 0.019941 0.001163 0.322104 0.011482 2.949504
0.568560 0.040609 0.036187 0.019839 0.001165 0.322144 0.011498 2.953491
0.568475 0.040719 0.036165 0.019763 0.001170 0.322197 0.011511 2.957437
0.568493 0.040682 0.036171 0.019822 0.001181 0.322122 0.011528 2.961469
0.568462 0.040714 0.036185 0.019808 0.001189 0.322100 0.011541 2.965471
0.568411 0.040773 0.036204 0.019796 0.001188 0.322076 0.011553 2.969494
0.568468 0.040716 0.036296 0.019775 0.001180 0.321997 0.011569 2.973557
0.568544 0.040721 0.036260 0.019780 0.001176 0.321938 0.011582 2.977569
0.568654 0.040644 0.036317 0.019830 0.001168 0.321794 0.011593 2.981628
0.568655 0.040694 0.036341 0.019788 0.001175 0.321746 0.011603 2.985562
0.568617 0.040777 0.036286 0.019782 0.001170 0.321751 0.011617 2.989497
0.568645 0.040792 0.036292 0.019838 0.001154 0.321645 0.011633 2.993540
0.568666 0.040807 0.036298 0.019843 0.001153 0.321584 0.011649 2.997513
0.568586 0.040907 0.036273 0.019862 0.001156 0.321555 0.011662 3.001497
0.568670 0.040887 0.036328 0.019867 0.001160 0.321411 0.011677 3.005503
0.568766 0.040924 0.036229 0.019902 0.001163 0.321322 0.011694 3.009455
0.568680 0.040872 0.036279 0.019941 0.001163 0.321359 0.011708 3.013550
0.568720 0.040869 0.036234 0.020002 0.001148 0.321304 0.011723 3.017584
0.568724 0.040909 0.036258 0.019950 0.001161 0.321265 0.011735 3.021569
0.568683 0.040908 0.036296 0.019906 0.001162 0.321298 0.011747 3.025583
0.568703 0.040891 0.036272 0.019923 0.001154 0.321300 0.011758 3.029578
0.568651 0.040919 0.036264 0.019878 0.001157 0.321357 0.011773 3.033596
0.568655 0.040877 0.036235 0.019909 0.001163 0.321378 0.011785 3.037626
0.568643 0.040905 0.036211 0.019954 0.001161 0.321327 0.011798 3.041638
0.568637 0.040972 0.036288 0.019970 0.001155 0.321161 0.011817 3.045606
0.568631 0.040936 0.036285 0.019971 0.001154 0.321192 0.011832 3.049654
0.568693 0.040815 0.036317 0.020008 0.001147 0.321175 0.011846 3.053728
0.568650 0.040905 0.036235 0.019974 0.001146 0.321232 0.011858 3.057657
0.568595 0.040896 0.036276 0.019926 0.001153 0.321283 0.011871 3.061685
0.568487 0.040951 0.036256 0.019885 0.001157 0.321380 0.011885 3.065714
0.568444 0.041027 0.036225 0.019928 0.001164 0.321308 0.011903 3.069678
0.568401 0.041076 0.036225 0.019853 0.001171 0.321362 0.011913 3.073610
0.568574 0.040961 0.036238 0.019832 0.001177 0.321293 0.011925 3.077639
0.568634 0.040954 0.036287 0.019759 0.001183 0.321242 0.011940 3.081616
0.568670 0.040955 0.036250 0.019803 0.001177 0.321186 0.011960 3.085609
0.568637 0.040924 0.036223 0.019787 0.001182 0.321272 0.011976 3.089612
0.568627 0.040961 0.036204 0.019785 0.001176 0.321255 0.011992 3.093565
0.568663 0.040892 0.036211 0.019845 0.001177 0.321208 0.012004 3.097626
0.568615 0.040867 0.036245 0.019827 0.001175 0.321253 0.012017 3.101646
0.568595 0.040888 0.036318 0.019844 0.001167 0.321155 0.012034 3.105655
0.568694 0.040830 0.036328 0.019920 0.001172 0.321005 0.012050 3.109653
0.568707 0.040847 0.036301 0.019907 0.001176 0.320998 0.012065 3.113652
0.568741 0.040885 0.036301 0.019876 0.001169 0.320951 0.012077 3.117637
0.568715 0.040914 0.036300 0.019882 0.001163 0.320937 0.012089 3.121614
0.568685 0.040884 0.036362 0.019851 0.001157 0.320960 0.012101 3.125641
0.568761 0.040836 0.036349 0.019803 0.001168 0.320970 0.012112 3.129638
0.568720 0.040919 0.036284 0.019828 0.001157 0.320968 0.012123 3.133563
0.568650 0.040931 0.036283 0.019829 0.001157 0.321012 0.012138 3.137584
0.568658 0.040870 0.036293 0.019800 0.001148 0.321079 0.012152 3.141630
0.568578 0.040868 0.036356 0.019797 0.001148 0.321091 0.012163 3.145666
0.568511 0.040865 0.036351 0.019805 0.001152 0.321137 0.012177 3.149726
0.568427 0.041011 0.036317 0.019802 0.001139 0.321109 0.012195 3.153660
0.568435 0.041011 0.036301 0.019853 0.001132 0.321060 0.012208 3.157679
0.568495 0.040989 0.036363 0.019898 0.001125 0.320906 0.012224 3.161752
0.568559 0.040974 0.036396 0.019898 0.001122 0.320813 0.012238 3.165790
0.568437 0.041008 0.036406 0.019964 0.001128 0.320806 0.012251 3.169830
0.568473 0.040908 0.036377 0.019995 0.001133 0.320851 0.012263 3.173879
0.568493 0.040864 0.036319 0.020028 0.001129 0.320894 0.012274 3.177918
0.568505 0.040847 0.036319 0.020012 0.001132 0.320894 0.012291 3.181930
0.568425 0.040999 0.036337 0.019985 0.001124 0.320828 0.012304 3.185892
0.568546 0.040977 0.036265 0.019963 0.001126 0.320801 0.012322 3.189880
0.568448 0.041095 0.036242 0.019888 0.001121 0.320867 0.012339 3.193790
0.568539 0.041148 0.036262 0.019898 0.001128 0.320675 0.012351 3.197779
0.568448 0.041213 0.036247 0.019854 0.001135 0.320739 0.012365 3.201736
0.568359 0.041255 0.036241 0.019837 0.001137 0.320796 0.012375 3.205763
0.568368 0.041220 0.036292 0.019822 0.001141 0.320769 0.012389 3.209759
0.568292 0.041152 0.036339 0.019859 0.001140 0.320814 0.012404 3.213852
0.568247 0.041157 0.036320 0.019824 0.001144 0.320889 0.012418 3.217833
0.568134 0.041209 0.036330 0.019829 0.001137 0.320930 0.012430 3.221869
0.568237 0.041159 0.036299 0.019854 0.001133 0.320871 0.012447 3.225893
0.568263 0.041255 0.036257 0.019888 0.001146 0.320734 0.012458 3.229866
0.568225 0.041235 0.036265 0.019911 0.001146 0.320745 0.012473 3.233889
0.568198 0.041259 0.036243 0.019904 0.001159 0.320752 0.012486 3.237911
0.568174 0.041239 0.036308 0.019955 0.001147 0.320673 0.012506 3.241954
0.568136 0.041207 0.036316 0.019919 0.001146 0.320760 0.012517 3.245990
0.568275 0.041181 0.036281 0.019921 0.001153 0.320660 0.012529 3.249965
0.568343 0.041097 0.036297 0.019922 0.001145 0.320649 0.012548 3.253998
0.568371 0.041026 0.036309 0.019907 0.001157 0.320673 0.012557 3.258042
0.568421 0.040984 0.036190 0.019946 0.001150 0.320734 0.012575 3.262010
0.568367 0.040981 0.036189 0.019921 0.001149 0.320802 0.012591 3.266050
0.568366 0.040970 0.036274 0.019932 0.001152 0.320701 0.012604 3.270082
0.568329 0.041073 0.036238 0.019910 0.001139 0.320693 0.012619 3.274035
0.568250 0.041076 0.036242 0.019932 0.001143 0.320729 0.012628 3.278087
0.568139 0.041063 0.036383 0.019965 0.001145 0.320662 0.012642 3.282201
0.568156 0.040894 0.036434 0.019993 0.001149 0.320717 0.012657 3.286315
0.568076 0.040901 0.036448 0.020005 0.001154 0.320743 0.012672 3.290347
0.568112 0.040980 0.036368 0.019984 0.001160 0.320711 0.012686 3.294277
0.568159 0.040986 0.036400 0.019966 0.001172 0.320617 0.012699 3.298282
0.568133 0.040898 0.036321 0.019975 0.001191 0.320770 0.012712 3.302345
0.568152 0.040966 0.036399 0.019912 0.001187 0.320659 0.012725 3.306312
0.568052 0.041078 0.036292 0.019949 0.001180 0.320712 0.012736 3.310300
0.568038 0.041131 0.036281 0.019962 0.001178 0.320661 0.012749 3.314260
0.568029 0.041107 0.036322 0.019954 0.001172 0.320651 0.012765 3.318268
0.568020 0.041041 0.036342 0.019994 0.001182 0.320643 0.012778 3.322350
0.568056 0.040962 0.036377 0.020012 0.001174 0.320624 0.012796 3.326421
0.568125 0.040875 0.036351 0.019982 0.001178 0.320683 0.012806 3.330435
0.568125 0.040775 0.036355 0.020052 0.001167 0.320701 0.012825 3.334496
0.568256 0.040621 0.036361 0.020063 0.001168 0.320692 0.012839 3.338549
0.568198 0.040732 0.036326 0.019999 0.001165 0.320723 0.012857 3.342488
0.568292 0.040621 0.036339 0.020009 0.001179 0.320689 0.012871 3.346502
0.568375 0.040547 0.036312 0.020016 0.001186 0.320677 0.012887 3.350558
0.568300 0.040672 0.036257 0.019942 0.001187 0.320745 0.012897 3.354458
0.568175 0.040680 0.036206 0.019956 0.001180 0.320891 0.012913 3.358486
0.568285 0.040680 0.036204 0.019949 0.001180 0.320779 0.012924 3.362481
0.568320 0.040611 0.036134 0.019936 0.001179 0.320885 0.012936 3.366476
0.568335 0.040642 0.036135 0.019925 0.001187 0.320828 0.012947 3.370464
0.568375 0.040675 0.036075 0.019857 0.001188 0.320866 0.012963 3.374411
0.568482 0.040608 0.036071 0.019874 0.001173 0.320812 0.012980 3.378362
0.568599 0.040422 0.036054 0.019920 0.001177 0.320839 0.012990 3.382401
0.568630 0.040457 0.036004 0.019932 0.001173 0.320800 0.013004 3.386368
0.568752 0.040433 0.035889 0.019943 0.001175 0.320792 0.013018 3.390282
0.568868 0.040358 0.035862 0.019940 0.001167 0.320774 0.013033 3.394300
0.568941 0.040417 0.035805 0.019888 0.001159 0.320741 0.013050 3.398213
0.568905 0.040562 0.035687 0.019849 0.001163 0.320768 0.013067 3.402099
0.569026 0.040537 0.035676 0.019824 0.001167 0.320691 0.013080 3.406082
0.569038 0.040529 0.035694 0.019834 0.001166 0.320646 0.013093 3.410087
0.569043 0.040695 0.035662 0.019818 0.001170 0.320506 0.013106 3.413944
0.569051 0.040756 0.035589 0.019854 0.001172 0.320458 0.013120 3.417880
0.569059 0.040689 0.035650 0.019837 0.001153 0.320470 0.013142 3.421897
0.569139 0.040635 0.035717 0.019810 0.001155 0.320387 0.013156 3.425890
0.569281 0.040620 0.035705 0.019793 0.001152 0.320277 0.013171 3.429850
0.569268 0.040569 0.035752 0.019781 0.001166 0.320280 0.013184 3.433856
0.569406 0.040496 0.035753 0.019754 0.001163 0.320227 0.013201 3.437835
0.569436 0.040580 0.035643 0.019684 0.001162 0.320276 0.013219 3.441697
0.569483 0.040609 0.035716 0.019651 0.001164 0.320142 0.013235 3.445660
0.569560 0.040636 0.035752 0.019645 0.001156 0.320006 0.013246 3.449616
0.569581 0.040610 0.035830 0.019693 0.001153 0.319871 0.013262 3.453588
0.569617 0.040588 0.035853 0.019719 0.001163 0.319788 0.013273 3.457565
0.569609 0.040655 0.035841 0.019700 0.001159 0.319751 0.013286 3.461509
0.569646 0.040565 0.035858 0.019710 0.001156 0.319771 0.013294 3.465546
0.569643 0.040552 0.035869 0.019679 0.001154 0.319794 0.013310 3.469509
0.569556 0.040678 0.035905 0.019699 0.001148 0.319694 0.013320 3.473441
0.569536 0.040731 0.035892 0.019664 0.001145 0.319699 0.013334 3.477412
0.569511 0.040803 0.035834 0.019692 0.001139 0.319671 0.013350 3.481329
0.569545 0.040687 0.035950 0.019718 0.001142 0.319597 0.013362 3.485376
0.569707 0.040594 0.035891 0.019735 0.001153 0.319548 0.013373 3.489393
0.569765 0.040599 0.035867 0.019726 0.001166 0.319492 0.013387 3.493340
0.569910 0.040595 0.035838 0.019683 0.001163 0.319412 0.013401 3.497237
0.569958 0.040555 0.035783 0.019682 0.001159 0.319451 0.013413 3.501188
0.570034 0.040515 0.035763 0.019638 0.001160 0.319465 0.013426 3.505171
0.569968 0.040561 0.035807 0.019639 0.001157 0.319426 0.013444 3.509152
0.569981 0.040555 0.035825 0.019672 0.001160 0.319350 0.013457 3.513177
0.570010 0.040442 0.035946 0.019618 0.001159 0.319357 0.013469 3.517237
0.569988 0.040437 0.035959 0.019611 0.001158 0.319366 0.013480 3.521207
0.570020 0.040431 0.035962 0.019647 0.001169 0.319273 0.013498 3.525210
0.569983 0.040470 0.035993 0.019725 0.001163 0.319152 0.013514 3.529223
0.569927 0.040495 0.035864 0.019830 0.001160 0.319198 0.013526 3.533211
0.569855 0.040614 0.035830 0.019782 0.001159 0.319218 0.013544 3.537108
0.569923 0.040542 0.035826 0.019809 0.001144 0.319201 0.013556 3.541069
0.569913 0.040581 0.035806 0.019797 0.001147 0.319190 0.013567 3.545048
0.569858 0.040738 0.035793 0.019777 0.001144 0.319109 0.013581 3.548947
0.569809 0.040773 0.035810 0.019772 0.001145 0.319093 0.013597 3.552907
0.569821 0.040784 0.035781 0.019696 0.001144 0.319164 0.013610 3.556818
0.569833 0.040876 0.035732 0.019664 0.001148 0.319125 0.013621 3.560717
0.569799 0.040912 0.035705 0.019676 0.001151 0.319121 0.013636 3.564654
0.569787 0.040860 0.035822 0.019652 0.001165 0.319066 0.013650 3.568702
0.569802 0.040870 0.035852 0.019688 0.001165 0.318958 0.013665 3.572649
0.569813 0.041015 0.035785 0.019650 0.001162 0.318895 0.013680 3.576563
0.569750 0.041100 0.035839 0.019656 0.001152 0.318809 0.013694 3.580554
0.569694 0.041041 0.035908 0.019659 0.001150 0.318836 0.013712 3.584566
0.569667 0.040986 0.035948 0.019738 0.001139 0.318796 0.013727 3.588631
0.569592 0.040964 0.036042 0.019728 0.001143 0.318789 0.013742 3.592662
0.569546 0.041014 0.036046 0.019758 0.001132 0.318751 0.013754 3.596637
0.569558 0.041061 0.036028 0.019764 0.001138 0.318685 0.013765 3.600608
0.569578 0.040914 0.036049 0.019762 0.001139 0.318780 0.013778 3.604712
0.569553 0.040876 0.036067 0.019778 0.001140 0.318796 0.013792 3.608717
0.569471 0.040915 0.036067 0.019775 0.001139 0.318824 0.013809 3.612778
0.569415 0.040923 0.036118 0.019780 0.001136 0.318804 0.013825 3.616777
0.569441 0.040820 0.036157 0.019778 0.001137 0.318822 0.013845 3.620838
0.569426 0.040777 0.036183 0.019750 0.001144 0.318869 0.013853 3.624851
0.569509 0.040715 0.036182 0.019714 0.001136 0.318880 0.013864 3.628869
0.569429 0.040787 0.036146 0.019711 0.001140 0.318913 0.013874 3.632843
0.569394 0.040734 0.036180 0.019698 0.001136 0.318968 0.013890 3.636880
0.569457 0.040717 0.036181 0.019761 0.001140 0.318843 0.013902 3.640897
0.569517 0.040695 0.036175 0.019724 0.001138 0.318835 0.013917 3.644848
0.569595 0.040621 0.036231 0.019691 0.001145 0.318787 0.013930 3.648842
0.569555 0.040636 0.036279 0.019708 0.001142 0.318739 0.013942 3.652826
0.569498 0.040693 0.036287 0.019703 0.001129 0.318732 0.013959 3.656815
0.569547 0.040727 0.036178 0.019690 0.001128 0.318758 0.013972 3.660724
0.569429 0.040730 0.036172 0.019751 0.001127 0.318804 0.013988 3.664760
0.569561 0.040687 0.036100 0.019768 0.001121 0.318765 0.013998 3.668729
0.569491 0.040743 0.036101 0.019846 0.001108 0.318697 0.014015 3.672715
0.569638 0.040689 0.036066 0.019836 0.001110 0.318631 0.014030 3.676645
0.569587 0.040685 0.036038 0.019902 0.001103 0.318641 0.014044 3.680632
0.569548 0.040597 0.036069 0.019852 0.001103 0.318777 0.014054 3.684693
0.569548 0.040586 0.036112 0.019794 0.001099 0.318791 0.014070 3.688681
0.569605 0.040561 0.036136 0.019707 0.001099 0.318809 0.014082 3.692601
0.569644 0.040555 0.036075 0.019719 0.001094 0.318818 0.014095 3.696547
0.569577 0.040675 0.036058 0.019772 0.001089 0.318720 0.014110 3.700457
0.569787 0.040603 0.035994 0.019774 0.001089 0.318624 0.014128 3.704370
0.569721 0.040582 0.035992 0.019797 0.001102 0.318670 0.014136 3.708362
0.569871 0.040471 0.035988 0.019817 0.001097 0.318606 0.014149 3.712398
0.570008 0.040478 0.035976 0.019803 0.001104 0.318471 0.014160 3.716310
0.569970 0.040492 0.035950 0.019760 0.001118 0.318543 0.014169 3.720253
0.569834 0.040512 0.035943 0.019816 0.001112 0.318600 0.014183 3.724311
0.569770 0.040607 0.035854 0.019798 0.001109 0.318666 0.014198 3.728238
0.569583 0.040633 0.035900 0.019804 0.001115 0.318756 0.014210 3.732245
0.569631 0.040729 0.035906 0.019764 0.001105 0.318639 0.014228 3.736161
0.569740 0.040615 0.035901 0.019777 0.001106 0.318623 0.014238 3.740153
0.569823 0.040631 0.035805 0.019799 0.001111 0.318581 0.014249 3.744062
0.569739 0.040692 0.035729 0.019781 0.001114 0.318682 0.014263 3.748065
0.569685 0.040771 0.035787 0.019729 0.001112 0.318638 0.014278 3.751970
0.569809 0.040679 0.035813 0.019724 0.001121 0.318561 0.014292 3.755982
0.569684 0.040808 0.035747 0.019744 0.001120 0.318589 0.014308 3.759938
0.569596 0.040810 0.035826 0.019764 0.001116 0.318566 0.014323 3.763974
0.569537 0.040802 0.035834 0.019782 0.001116 0.318592 0.014337 3.767987
0.569541 0.040742 0.035791 0.019862 0.001122 0.318593 0.014350 3.771999
0.569634 0.040635 0.035867 0.019906 0.001129 0.318465 0.014366 3.776042
0.569713 0.040563 0.035881 0.019955 0.001130 0.318381 0.014378 3.780048
0.569773 0.040556 0.035860 0.020022 0.001137 0.318261 0.014391 3.784007
0.569714 0.040593 0.035858 0.020002 0.001138 0.318292 0.014403 3.787978
0.569641 0.040646 0.035836 0.019950 0.001142 0.318366 0.014419 3.791915
0.569598 0.040725 0.035792 0.019911 0.001150 0.318390 0.014435 3.795879
0.569646 0.040621 0.035780 0.019945 0.001151 0.318407 0.014451 3.799880
0.569644 0.040569 0.035860 0.019934 0.001150 0.318378 0.014465 3.803921
0.569645 0.040513 0.035832 0.019900 0.001146 0.318485 0.014480 3.807930
0.569677 0.040466 0.035823 0.019911 0.001142 0.318490 0.014491 3.811901
0.569677 0.040490 0.035815 0.019855 0.001156 0.318504 0.014504 3.815853
0.569625 0.040545 0.035797 0.019836 0.001159 0.318526 0.014514 3.819828
0.569634 0.040490 0.035865 0.019835 0.001150 0.318499 0.014528 3.823810
0.569620 0.040400 0.035871 0.019905 0.001143 0.318518 0.014545 3.827821
0.569577 0.040477 0.035862 0.019836 0.001158 0.318533 0.014558 3.831746
0.569617 0.040432 0.035877 0.019821 0.001149 0.318535 0.014570 3.835725
