0.999835 0.000115 0.000033 0.000017 0.000000 0.000000 0.000000
0.999789 0.000131 0.000027 0.000003 0.000000 0.000050 0.000000
0.999593 0.000319 0.000043 0.000012 0.000000 0.000033 0.000000
0.999358 0.000509 0.000076 0.000026 0.000000 0.000032 0.000000
0.998948 0.000863 0.000095 0.000055 0.000000 0.000039 0.000000
0.998475 0.001232 0.000174 0.000069 0.000000 0.000049 0.000000
0.997138 0.002388 0.000302 0.000115 0.000000 0.000057 0.000000
0.995586 0.003656 0.000470 0.000186 0.000000 0.000102 0.000000
0.993197 0.005630 0.000685 0.000327 0.000000 0.000162 0.000000
0.990236 0.007968 0.000953 0.000604 0.000000 0.000239 0.000000
0.985472 0.011734 0.001476 0.000942 0.000000 0.000376 0.000000
0.979116 0.016728 0.002298 0.001263 0.000000 0.000595 0.000000
0.971030 0.022853 0.003502 0.001823 0.000000 0.000792 0.000000
0.959732 0.031674 0.004909 0.002458 0.000000 0.001226 0.000000
0.946698 0.041658 0.006453 0.003387 0.000000 0.001805 0.000000
0.934084 0.050682 0.008278 0.004479 0.000000 0.002477 0.000000
0.919032 0.061338 0.010623 0.005701 0.000000 0.003306 0.000000
0.901070 0.073897 0.013499 0.007244 0.000007 0.004283 0.000000
0.884055 0.085550 0.016280 0.008783 0.000016 0.005317 0.000000
0.863679 0.099071 0.019967 0.010601 0.000020 0.006662 0.000000
0.843397 0.112082 0.023700 0.012462 0.000031 0.008329 0.000000
0.821628 0.125506 0.027853 0.014657 0.000038 0.010318 0.000000
0.798355 0.139274 0.032413 0.017191 0.000044 0.012724 0.000000
0.776414 0.151554 0.037049 0.019631 0.000050 0.015302 0.000000
0.750981 0.164780 0.042969 0.022705 0.000066 0.018498 0.000000
0.727449 0.176514 0.048598 0.025588 0.000088 0.021764 0.000000
0.701627 0.188262 0.055230 0.028953 0.000118 0.025810 0.000000
0.675427 0.199031 0.062044 0.032508 0.000137 0.030853 0.000000
0.651873 0.207251 0.068486 0.035821 0.000158 0.036411 0.000000
0.629705 0.213943 0.074865 0.039040 0.000187 0.042260 0.000000
0.608567 0.219029 0.081511 0.042170 0.000224 0.048498 0.000001
0.586820 0.222565 0.088314 0.046017 0.000250 0.056033 0.000002
0.566911 0.224762 0.094693 0.049347 0.000271 0.064015 0.000002
0.548810 0.225245 0.100854 0.052546 0.000282 0.072256 0.000006
0.534734 0.223801 0.105649 0.055115 0.000307 0.080385 0.000009
0.517258 0.222905 0.111349 0.058013 0.000344 0.090122 0.000009
0.502675 0.220735 0.115754 0.060383 0.000390 0.100054 0.000009
0.487893 0.218162 0.120199 0.062589 0.000436 0.110713 0.000009
0.475523 0.215310 0.123845 0.064442 0.000466 0.120405 0.000010
0.462848 0.211679 0.127365 0.066511 0.000503 0.131083 0.000010
0.451970 0.206961 0.130350 0.068131 0.000522 0.142053 0.000012
0.440608 0.202488 0.133182 0.069873 0.000540 0.153296 0.000014
0.431080 0.197110 0.135213 0.071078 0.000589 0.164915 0.000015
0.420896 0.192270 0.137273 0.072347 0.000632 0.176564 0.000017
0.413543 0.186524 0.138527 0.072942 0.000665 0.187780 0.000021
0.405460 0.181033 0.139676 0.073695 0.000678 0.199434 0.000023
0.398077 0.175730 0.140680 0.074028 0.000695 0.210768 0.000022
0.391087 0.170272 0.141178 0.074070 0.000720 0.222649 0.000024
0.383169 0.164979 0.141812 0.074481 0.000754 0.234781 0.000024
0.377877 0.158955 0.141320 0.074425 0.000793 0.246606 0.000024
0.372374 0.153233 0.140864 0.074561 0.000812 0.258130 0.000027
0.367846 0.147355 0.140157 0.074123 0.000855 0.269632 0.000033
0.364723 0.141193 0.139078 0.073209 0.000887 0.280874 0.000036
0.361600 0.136153 0.138052 0.072542 0.000898 0.290716 0.000040
0.360985 0.130867 0.135855 0.071355 0.000920 0.299973 0.000045
0.359025 0.126214 0.134293 0.070410 0.000952 0.309054 0.000052
0.356506 0.121110 0.132138 0.069362 0.000970 0.319857 0.000058
0.354656 0.117075 0.130211 0.068409 0.000985 0.328604 0.000060
0.353019 0.113481 0.128020 0.067298 0.000986 0.337134 0.000062
0.351608 0.109128 0.125811 0.066089 0.001000 0.346301 0.000062
0.348801 0.104986 0.124147 0.065130 0.001018 0.355849 0.000068
0.347656 0.101676 0.122321 0.064139 0.001026 0.363109 0.000073
0.346021 0.097965 0.119639 0.062925 0.001040 0.372339 0.000071
0.344887 0.095153 0.117335 0.061935 0.001049 0.379566 0.000075
0.343685 0.091210 0.114542 0.060901 0.001048 0.388533 0.000081
0.343232 0.088306 0.112183 0.059859 0.001048 0.395284 0.000088
0.343524 0.084815 0.109608 0.058559 0.001071 0.402331 0.000093
0.343503 0.081787 0.107401 0.057370 0.001082 0.408760 0.000096
0.343470 0.078497 0.104362 0.055871 0.001084 0.416612 0.000104
0.343824 0.075676 0.101808 0.054689 0.001101 0.422797 0.000106
0.344250 0.072720 0.099445 0.053393 0.001129 0.428954 0.000110
0.345660 0.070423 0.097010 0.051921 0.001135 0.433737 0.000113
0.346840 0.068057 0.094599 0.050593 0.001141 0.438653 0.000117
0.347847 0.065802 0.092023 0.049296 0.001160 0.443754 0.000118
0.349351 0.063802 0.089556 0.047989 0.001149 0.448032 0.000121
0.350793 0.061286 0.087123 0.046569 0.001170 0.452932 0.000128
0.352173 0.059248 0.084638 0.045246 0.001156 0.457406 0.000134
0.354436 0.057616 0.081997 0.043954 0.001138 0.460724 0.000134
0.356104 0.055914 0.080123 0.042934 0.001146 0.463643 0.000135
0.358383 0.054261 0.077907 0.041636 0.001152 0.466523 0.000138
0.361157 0.052049 0.075314 0.040379 0.001167 0.469793 0.000141
0.363204 0.050808 0.073532 0.039350 0.001152 0.471809 0.000145
0.365316 0.049817 0.071900 0.038352 0.001132 0.473332 0.000152
0.367970 0.048503 0.069703 0.037140 0.001112 0.475418 0.000154
0.370511 0.047302 0.067633 0.036139 0.001095 0.477165 0.000155
0.372967 0.046406 0.066005 0.035320 0.001089 0.478055 0.000158
0.375087 0.045663 0.064300 0.034379 0.001072 0.479339 0.000161
0.377609 0.044586 0.062412 0.033331 0.001055 0.480840 0.000168
0.380267 0.043876 0.060807 0.032458 0.001016 0.481405 0.000171
0.382058 0.043565 0.059767 0.032101 0.001027 0.481310 0.000172
0.385199 0.042550 0.057709 0.030907 0.001021 0.482440 0.000175
0.387318 0.042068 0.056509 0.030220 0.000979 0.482722 0.000183
0.389649 0.041640 0.055126 0.029614 0.000984 0.482803 0.000183
0.392349 0.041228 0.053722 0.028827 0.000958 0.482732 0.000185
0.394790 0.040944 0.052532 0.028152 0.000943 0.482454 0.000184
0.397276 0.040879 0.051390 0.027455 0.000929 0.481883 0.000187
0.399404 0.040555 0.050243 0.026852 0.000927 0.481826 0.000194
0.401961 0.040382 0.049145 0.026229 0.000909 0.481177 0.000197
0.404491 0.040169 0.048014 0.025683 0.000904 0.480536 0.000203
0.406719 0.039900 0.047276 0.025302 0.000884 0.479712 0.000206
0.409292 0.039736 0.046521 0.024868 0.000885 0.478488 0.000210
0.411526 0.039628 0.045669 0.024437 0.000879 0.477647 0.000214
0.413774 0.039476 0.045037 0.024057 0.000879 0.476565 0.000213
0.415866 0.039421 0.044275 0.023822 0.000858 0.475539 0.000219
0.417967 0.039280 0.043482 0.023462 0.000853 0.474731 0.000223
0.420031 0.039318 0.042894 0.023162 0.000855 0.473514 0.000226
0.422220 0.039397 0.042224 0.022795 0.000841 0.472296 0.000227
0.424056 0.039495 0.041806 0.022420 0.000837 0.471154 0.000232
0.425949 0.039505 0.041394 0.022268 0.000820 0.469826 0.000238
0.427923 0.039569 0.040883 0.022015 0.000802 0.468565 0.000242
0.430319 0.039627 0.040258 0.021713 0.000798 0.467045 0.000240
0.432353 0.039567 0.039849 0.021527 0.000785 0.465674 0.000245
0.434035 0.039644 0.039643 0.021348 0.000776 0.464303 0.000251
0.435981 0.039847 0.039348 0.021059 0.000770 0.462746 0.000249
0.437731 0.040064 0.039165 0.020843 0.000752 0.461192 0.000253
0.439303 0.040258 0.038984 0.020732 0.000725 0.459741 0.000258
0.440956 0.040248 0.038694 0.020653 0.000723 0.458466 0.000260
0.442299 0.040482 0.038648 0.020703 0.000703 0.456898 0.000266
0.443960 0.040754 0.038300 0.020558 0.000699 0.455462 0.000267
0.445346 0.041038 0.038181 0.020485 0.000676 0.454000 0.000274
0.446716 0.041324 0.038138 0.020390 0.000663 0.452497 0.000270
0.448180 0.041618 0.037974 0.020207 0.000667 0.451082 0.000272
0.449756 0.041937 0.037876 0.019977 0.000670 0.449508 0.000275
0.451700 0.041440 0.038049 0.019866 0.000664 0.448000 0.000279
0.454532 0.040668 0.038053 0.019546 0.000653 0.446261 0.000288
0.457659 0.039397 0.038073 0.019310 0.000640 0.444632 0.000289
0.460947 0.038025 0.038034 0.019061 0.000632 0.443007 0.000294
0.464830 0.036384 0.037914 0.018796 0.000628 0.441155 0.000293
0.468101 0.034765 0.037733 0.018439 0.000630 0.440036 0.000295
0.472176 0.033025 0.037593 0.017987 0.000627 0.438293 0.000299
0.476535 0.031268 0.037226 0.017536 0.000616 0.436520 0.000300
0.480924 0.029397 0.037003 0.017037 0.000603 0.434731 0.000305
0.485662 0.027410 0.036476 0.016562 0.000587 0.432996 0.000307
0.490104 0.025739 0.035737 0.015978 0.000583 0.431549 0.000311
0.494544 0.024051 0.035159 0.015478 0.000568 0.429888 0.000312
0.499448 0.022329 0.034410 0.014950 0.000558 0.427992 0.000312
0.504181 0.020801 0.033611 0.014366 0.000550 0.426178 0.000313
0.508897 0.019377 0.032745 0.013762 0.000540 0.424362 0.000316
0.513962 0.018013 0.031780 0.013172 0.000534 0.422220 0.000320
0.518827 0.016814 0.030784 0.012642 0.000519 0.420090 0.000324
0.523926 0.015554 0.029834 0.012172 0.000519 0.417669 0.000327
0.528894 0.014428 0.028943 0.011663 0.000511 0.415235 0.000327
0.533750 0.013404 0.027897 0.011187 0.000512 0.412924 0.000328
0.538816 0.012474 0.026915 0.010699 0.000485 0.410275 0.000336
0.543649 0.011556 0.025867 0.010220 0.000500 0.407877 0.000331
0.548567 0.010688 0.024870 0.009725 0.000485 0.405328 0.000336
0.553356 0.009964 0.023846 0.009274 0.000479 0.402753 0.000328
0.558455 0.009209 0.022878 0.008771 0.000466 0.399884 0.000337
0.563597 0.008526 0.021943 0.008359 0.000452 0.396787 0.000337
0.568232 0.007838 0.021092 0.007876 0.000446 0.394176 0.000341
0.573165 0.007230 0.020199 0.007532 0.000438 0.391099 0.000337
0.577800 0.006613 0.019388 0.007182 0.000425 0.388251 0.000341
0.582800 0.006092 0.018484 0.006802 0.000416 0.385068 0.000339
0.587834 0.005685 0.017612 0.006463 0.000394 0.381669 0.000344
0.592487 0.005266 0.016824 0.006102 0.000387 0.378593 0.000341
0.597123 0.004900 0.015964 0.005758 0.000379 0.375533 0.000343
0.601710 0.004516 0.015241 0.005429 0.000372 0.372391 0.000342
0.606713 0.004164 0.014425 0.005152 0.000360 0.368842 0.000343
0.611274 0.003881 0.013734 0.004949 0.000351 0.365458 0.000353
0.615915 0.003581 0.013067 0.004654 0.000336 0.362105 0.000342
0.620517 0.003316 0.012303 0.004398 0.000330 0.358790 0.000347
0.625082 0.003082 0.011694 0.004131 0.000316 0.355345 0.000350
0.629240 0.002864 0.011121 0.003909 0.000308 0.352207 0.000351
0.633386 0.002632 0.010581 0.003708 0.000304 0.349041 0.000348
0.638205 0.002420 0.009983 0.003499 0.000279 0.345261 0.000352
0.642770 0.002245 0.009437 0.003259 0.000288 0.341657 0.000345
0.647170 0.002077 0.008945 0.003105 0.000271 0.338080 0.000351
0.651162 0.001875 0.008514 0.002920 0.000262 0.334919 0.000348
0.655723 0.001712 0.008084 0.002748 0.000248 0.331131 0.000354
0.659873 0.001568 0.007687 0.002611 0.000245 0.327665 0.000352
0.664095 0.001475 0.007332 0.002472 0.000235 0.324038 0.000354
0.668137 0.001360 0.006930 0.002291 0.000232 0.320698 0.000350
0.672310 0.001283 0.006520 0.002194 0.000226 0.317112 0.000355
0.676162 0.001200 0.006103 0.002042 0.000223 0.313916 0.000354
0.679621 0.001096 0.005811 0.001906 0.000219 0.310988 0.000360
0.683916 0.000999 0.005510 0.001790 0.000205 0.307224 0.000356
0.687897 0.000922 0.005192 0.001661 0.000189 0.303782 0.000357
0.691645 0.000877 0.004915 0.001565 0.000185 0.300454 0.000361
0.695488 0.000790 0.004703 0.001487 0.000183 0.296985 0.000364
0.699209 0.000732 0.004421 0.001402 0.000173 0.293700 0.000363
0.702813 0.000689 0.004130 0.001325 0.000170 0.290510 0.000364
0.706673 0.000627 0.003873 0.001221 0.000161 0.287079 0.000364
0.710366 0.000574 0.003702 0.001173 0.000164 0.283661 0.000360
0.713972 0.000517 0.003470 0.001085 0.000155 0.280437 0.000364
0.717356 0.000488 0.003262 0.001022 0.000148 0.277365 0.000360
0.721211 0.000453 0.003098 0.000962 0.000146 0.273763 0.000366
0.724219 0.000419 0.002890 0.000905 0.000135 0.271063 0.000369
0.728143 0.000383 0.002715 0.000844 0.000131 0.267420 0.000364
0.731246 0.000361 0.002590 0.000820 0.000122 0.264497 0.000364
0.734624 0.000326 0.002381 0.000778 0.000120 0.261406 0.000365
0.737781 0.000303 0.002264 0.000729 0.000115 0.258438 0.000370
0.741498 0.000281 0.002141 0.000680 0.000118 0.254915 0.000366
0.744662 0.000250 0.002027 0.000638 0.000110 0.251946 0.000368
0.747458 0.000230 0.001925 0.000599 0.000103 0.249324 0.000362
0.750685 0.000212 0.001783 0.000554 0.000094 0.246304 0.000369
0.754387 0.000199 0.001666 0.000510 0.000093 0.242780 0.000366
0.756716 0.000183 0.001556 0.000477 0.000086 0.240610 0.000371
0.760096 0.000171 0.001484 0.000450 0.000083 0.237343 0.000374
0.763137 0.000153 0.001382 0.000409 0.000077 0.234471 0.000371
0.766022 0.000139 0.001346 0.000391 0.000078 0.231659 0.000364
0.768992 0.000115 0.001259 0.000375 0.000075 0.228816 0.000368
0.771908 0.000103 0.001186 0.000354 0.000072 0.226011 0.000366
0.775166 0.000089 0.001141 0.000322 0.000071 0.222838 0.000374
0.777592 0.000080 0.001066 0.000317 0.000059 0.220520 0.000366
0.780796 0.000072 0.001020 0.000289 0.000057 0.217406 0.000361
0.783337 0.000059 0.000964 0.000280 0.000055 0.214933 0.000373
0.786118 0.000059 0.000894 0.000263 0.000049 0.212242 0.000375
0.788714 0.000046 0.000858 0.000250 0.000050 0.209717 0.000367
0.791420 0.000040 0.000821 0.000230 0.000047 0.207077 0.000365
0.793966 0.000035 0.000759 0.000219 0.000044 0.204603 0.000373
0.796633 0.000032 0.000721 0.000203 0.000042 0.201992 0.000376
0.798869 0.000035 0.000669 0.000189 0.000041 0.199829 0.000367
0.802027 0.000031 0.000619 0.000172 0.000038 0.196739 0.000373
0.804171 0.000031 0.000601 0.000164 0.000041 0.194622 0.000370
0.806692 0.000034 0.000555 0.000161 0.000039 0.192154 0.000365
0.809498 0.000032 0.000528 0.000151 0.000035 0.189379 0.000376
0.811855 0.000028 0.000507 0.000146 0.000035 0.187059 0.000370
0.814527 0.000031 0.000477 0.000139 0.000033 0.184413 0.000380
0.816968 0.000028 0.000447 0.000129 0.000035 0.182019 0.000374
0.819571 0.000027 0.000420 0.000116 0.000034 0.179459 0.000373
0.821571 0.000023 0.000402 0.000104 0.000033 0.177495 0.000373
0.823911 0.000022 0.000381 0.000098 0.000031 0.175187 0.000371
0.826181 0.000019 0.000342 0.000101 0.000033 0.172948 0.000376
0.828397 0.000021 0.000313 0.000092 0.000031 0.170774 0.000373
0.830742 0.000017 0.000290 0.000079 0.000033 0.168465 0.000374
0.833642 0.000017 0.000275 0.000074 0.000032 0.165595 0.000365
0.835382 0.000017 0.000252 0.000075 0.000032 0.163867 0.000374
0.837395 0.000012 0.000248 0.000074 0.000034 0.161864 0.000372
0.839155 0.000010 0.000236 0.000072 0.000030 0.160125 0.000372
0.841608 0.000008 0.000220 0.000064 0.000030 0.157695 0.000375
0.843615 0.000009 0.000210 0.000056 0.000028 0.155706 0.000376
0.845407 0.000010 0.000199 0.000051 0.000026 0.153932 0.000374
0.847405 0.000006 0.000177 0.000046 0.000027 0.151962 0.000376
0.849147 0.000007 0.000173 0.000041 0.000026 0.150227 0.000378
0.851635 0.000006 0.000158 0.000039 0.000027 0.147767 0.000367
0.853280 0.000008 0.000151 0.000036 0.000026 0.146130 0.000370
0.855383 0.000009 0.000145 0.000040 0.000029 0.144020 0.000374
0.857421 0.000010 0.000133 0.000035 0.000022 0.142003 0.000376
0.859164 0.000006 0.000130 0.000034 0.000025 0.140266 0.000375
0.860346 0.000008 0.000129 0.000032 0.000023 0.139073 0.000389
0.862607 0.000008 0.000124 0.000029 0.000023 0.136831 0.000378
0.864539 0.000007 0.000110 0.000031 0.000020 0.134918 0.000376
0.866651 0.000007 0.000113 0.000029 0.000021 0.132817 0.000362
0.868517 0.000008 0.000103 0.000028 0.000021 0.130952 0.000372
0.870825 0.000008 0.000092 0.000027 0.000017 0.128660 0.000370
0.873084 0.000010 0.000089 0.000031 0.000019 0.126387 0.000380
0.874789 0.000010 0.000091 0.000021 0.000022 0.124697 0.000370
0.876244 0.000008 0.000089 0.000022 0.000021 0.123247 0.000369
0.877972 0.000006 0.000084 0.000023 0.000023 0.121520 0.000372
0.879991 0.000009 0.000081 0.000024 0.000023 0.119505 0.000367
0.881688 0.000007 0.000076 0.000022 0.000024 0.117804 0.000379
0.883154 0.000006 0.000071 0.000020 0.000024 0.116343 0.000382
0.885377 0.000005 0.000058 0.000016 0.000033 0.114130 0.000380
0.887562 0.000007 0.000063 0.000018 0.000027 0.111959 0.000365
0.889466 0.000007 0.000061 0.000014 0.000024 0.110051 0.000378
0.890910 0.000006 0.000058 0.000014 0.000026 0.108613 0.000372
0.893766 0.000009 0.000056 0.000015 0.000029 0.105774 0.000352
0.894577 0.000011 0.000055 0.000009 0.000028 0.104961 0.000358
0.897052 0.000014 0.000056 0.000004 0.000029 0.102494 0.000349
0.898274 0.000011 0.000044 0.000003 0.000035 0.101274 0.000358
0.899602 0.000012 0.000048 0.000000 0.000031 0.099969 0.000338
0.900870 0.000010 0.000043 0.000001 0.000035 0.098706 0.000336
0.901420 0.000010 0.000039 0.000003 0.000038 0.098135 0.000355
0.903378 0.000008 0.000032 0.000003 0.000040 0.096202 0.000337
0.903991 0.000002 0.000042 0.000005 0.000033 0.095576 0.000351
0.905521 0.000005 0.000027 0.000003 0.000040 0.094050 0.000354
0.907646 0.000004 0.000030 0.000006 0.000030 0.091934 0.000350
0.907114 0.000005 0.000026 0.000007 0.000036 0.092449 0.000363
0.910647 0.000003 0.000026 0.000003 0.000031 0.088938 0.000352
0.912136 0.000004 0.000025 0.000007 0.000027 0.087454 0.000347
0.912696 0.000008 0.000022 0.000005 0.000033 0.086884 0.000352
0.913776 0.000003 0.000017 0.000006 0.000034 0.085812 0.000352
0.914225 0.000000 0.000017 0.000010 0.000034 0.085369 0.000345
0.914818 0.000000 0.000019 0.000012 0.000032 0.084785 0.000334
0.916519 0.000000 0.000010 0.000009 0.000041 0.083090 0.000331
0.917907 0.000000 0.000015 0.000006 0.000034 0.081732 0.000307
0.918891 0.000000 0.000011 0.000006 0.000036 0.080742 0.000314
0.919875 0.000000 0.000016 0.000008 0.000031 0.079768 0.000303
0.920613 0.000000 0.000009 0.000004 0.000031 0.079027 0.000316
0.921925 0.000000 0.000014 0.000009 0.000028 0.077731 0.000293
0.922412 0.000000 0.000015 0.000005 0.000023 0.077251 0.000295
0.922688 0.000000 0.000012 0.000006 0.000028 0.076958 0.000308
0.923542 0.000000 0.000013 0.000005 0.000024 0.076123 0.000293
0.924185 0.000000 0.000016 0.000003 0.000019 0.075482 0.000295
0.925248 0.000000 0.000015 0.000008 0.000018 0.074434 0.000278
0.924778 0.000000 0.000013 0.000010 0.000026 0.074879 0.000294
0.926358 0.000000 0.000007 0.000010 0.000022 0.073327 0.000276
0.926711 0.000000 0.000007 0.000008 0.000020 0.072982 0.000272
0.927029 0.000000 0.000011 0.000007 0.000017 0.072667 0.000268
0.927631 0.000000 0.000006 0.000010 0.000017 0.072072 0.000264
0.927801 0.000000 0.000007 0.000007 0.000014 0.071907 0.000265
0.928094 0.000000 0.000008 0.000009 0.000015 0.071612 0.000263
0.928500 0.000000 0.000005 0.000011 0.000016 0.071216 0.000252
0.928523 0.000000 0.000008 0.000008 0.000014 0.071189 0.000259
0.928936 0.000000 0.000008 0.000000 0.000017 0.070779 0.000260
0.928644 0.000000 0.000006 0.000000 0.000013 0.071072 0.000264
0.929410 0.000000 0.000008 0.000000 0.000017 0.070305 0.000260
0.928980 0.000000 0.000002 0.000000 0.000017 0.070731 0.000271
0.928744 0.000000 0.000000 0.000000 0.000011 0.070992 0.000254
0.928467 0.000000 0.000000 0.000000 0.000002 0.071306 0.000225
