0.999824 0.000128 0.000034 0.000013 0.000000 0.000002 0.000000
0.999745 0.000182 0.000029 0.000006 0.000000 0.000038 0.000000
0.999559 0.000346 0.000051 0.000013 0.000000 0.000032 0.000000
0.998987 0.000880 0.000083 0.000022 0.000000 0.000028 0.000000
0.998361 0.001394 0.000140 0.000065 0.000000 0.000039 0.000000
0.997346 0.002199 0.000301 0.000112 0.000000 0.000042 0.000000
0.995776 0.003429 0.000537 0.000202 0.000000 0.000056 0.000000
0.993236 0.005569 0.000722 0.000328 0.000000 0.000145 0.000000
0.989497 0.008459 0.001157 0.000580 0.000000 0.000307 0.000000
0.985572 0.011486 0.001650 0.000868 0.000001 0.000423 0.000000
0.980438 0.015518 0.002252 0.001180 0.000001 0.000611 0.000000
0.973892 0.020548 0.003081 0.001580 0.000001 0.000899 0.000000
0.964129 0.027957 0.004289 0.002206 0.000001 0.001417 0.000000
0.953323 0.036106 0.005690 0.002939 0.000001 0.001940 0.000000
0.939893 0.046307 0.007459 0.003870 0.000002 0.002469 0.000000
0.923244 0.058647 0.009865 0.005138 0.000007 0.003099 0.000000
0.904939 0.071585 0.012997 0.006503 0.000017 0.003959 0.000000
0.884385 0.085772 0.016427 0.008209 0.000026 0.005181 0.000000
0.863157 0.100381 0.019818 0.009972 0.000044 0.006629 0.000000
0.842875 0.113513 0.023374 0.011959 0.000044 0.008233 0.000000
0.820396 0.127269 0.027705 0.014320 0.000049 0.010260 0.000000
0.799718 0.139543 0.031742 0.016442 0.000058 0.012496 0.000000
0.776917 0.151972 0.036743 0.019157 0.000067 0.015143 0.000001
0.753851 0.163813 0.041970 0.022089 0.000072 0.018203 0.000002
0.730297 0.174873 0.047905 0.025218 0.000085 0.021618 0.000002
0.708298 0.184675 0.053473 0.028095 0.000105 0.025352 0.000003
0.684321 0.194683 0.059664 0.031353 0.000129 0.029846 0.000004
0.661193 0.202961 0.065950 0.034752 0.000140 0.034998 0.000006
0.639012 0.209572 0.072312 0.038171 0.000166 0.040761 0.000006
0.618145 0.214253 0.078664 0.041525 0.000198 0.047209 0.000005
0.599030 0.218141 0.084523 0.044624 0.000218 0.053458 0.000005
0.578731 0.220830 0.091065 0.048089 0.000233 0.061048 0.000005
0.560215 0.222206 0.097084 0.051215 0.000255 0.069020 0.000005
0.541923 0.222459 0.103180 0.054400 0.000285 0.077748 0.000005
0.526122 0.221958 0.108118 0.057028 0.000320 0.086449 0.000005
0.512341 0.220723 0.112328 0.059194 0.000348 0.095061 0.000005
0.496364 0.218898 0.117218 0.061711 0.000376 0.105428 0.000005
0.482827 0.215995 0.121263 0.064025 0.000420 0.115464 0.000005
0.469819 0.212609 0.125186 0.065964 0.000453 0.125964 0.000007
0.457435 0.209342 0.128644 0.067537 0.000492 0.136542 0.000009
0.445014 0.205240 0.131889 0.069269 0.000539 0.148041 0.000009
0.435001 0.200294 0.134495 0.070753 0.000585 0.158862 0.000010
0.424967 0.195504 0.136545 0.071995 0.000634 0.170344 0.000012
0.414596 0.189848 0.138475 0.073330 0.000646 0.183091 0.000014
0.406406 0.184781 0.139750 0.073897 0.000665 0.194482 0.000019
0.398894 0.179267 0.140665 0.074340 0.000686 0.206127 0.000021
0.391154 0.173226 0.141632 0.074841 0.000713 0.218408 0.000026
0.384186 0.167348 0.142377 0.075316 0.000737 0.230008 0.000027
0.378187 0.161357 0.142222 0.075247 0.000771 0.242186 0.000030
0.373724 0.155871 0.141553 0.074934 0.000792 0.253098 0.000029
0.368272 0.149780 0.140861 0.074722 0.000833 0.265502 0.000030
0.365282 0.144329 0.139661 0.074259 0.000848 0.275586 0.000036
0.361303 0.138953 0.138509 0.073583 0.000870 0.286744 0.000038
0.358701 0.133484 0.136807 0.072784 0.000880 0.297302 0.000042
0.354921 0.128860 0.135446 0.072052 0.000919 0.307756 0.000046
0.351696 0.124386 0.133764 0.070991 0.000942 0.318172 0.000049
0.349128 0.120475 0.131815 0.070019 0.000962 0.327550 0.000050
0.346504 0.115410 0.129792 0.069162 0.000983 0.338096 0.000053
0.344126 0.110818 0.127884 0.068407 0.000992 0.347721 0.000052
0.342368 0.106447 0.125723 0.067282 0.001009 0.357116 0.000055
0.340972 0.102011 0.123364 0.066023 0.001018 0.366551 0.000059
0.339602 0.097996 0.121106 0.064813 0.001045 0.375373 0.000064
0.339098 0.094558 0.118922 0.063669 0.001055 0.382634 0.000065
0.338669 0.090469 0.116100 0.062372 0.001052 0.391267 0.000071
0.339223 0.087730 0.113509 0.061017 0.001048 0.397400 0.000074
0.338939 0.083609 0.110914 0.059698 0.001066 0.405697 0.000078
0.339396 0.080080 0.108274 0.058196 0.001095 0.412881 0.000078
0.340121 0.076724 0.105102 0.056671 0.001094 0.420208 0.000080
0.340864 0.074075 0.102818 0.055436 0.001094 0.425627 0.000086
0.341893 0.070806 0.099781 0.053985 0.001086 0.432358 0.000092
0.343280 0.068932 0.097353 0.052543 0.001090 0.436699 0.000102
0.344659 0.066401 0.094279 0.050925 0.001090 0.442537 0.000109
0.346118 0.064517 0.092103 0.049668 0.001107 0.446377 0.000110
0.347455 0.061718 0.089539 0.048285 0.001108 0.451783 0.000112
0.349293 0.060159 0.087211 0.047067 0.001087 0.455062 0.000122
0.351095 0.058020 0.084246 0.045485 0.001071 0.459950 0.000132
0.352716 0.056409 0.081983 0.044213 0.001051 0.463493 0.000135
0.354862 0.054815 0.079411 0.042917 0.001052 0.466806 0.000138
0.356844 0.053336 0.077419 0.041860 0.001059 0.469341 0.000142
0.359134 0.051756 0.075058 0.040644 0.001052 0.472212 0.000145
0.361313 0.050348 0.073261 0.039754 0.001053 0.474125 0.000146
0.364012 0.048821 0.070628 0.038569 0.001045 0.476774 0.000151
0.366484 0.047853 0.068519 0.037377 0.001028 0.478579 0.000160
0.369045 0.046810 0.066614 0.036322 0.001012 0.480030 0.000167
0.371660 0.045946 0.064893 0.035387 0.000997 0.480948 0.000169
0.374139 0.044879 0.063066 0.034349 0.001002 0.482394 0.000171
0.376729 0.044200 0.061614 0.033439 0.000991 0.482856 0.000171
0.379271 0.043363 0.060180 0.032461 0.000970 0.483583 0.000171
0.382103 0.042598 0.058685 0.031456 0.000947 0.484036 0.000174
0.384758 0.041996 0.057030 0.030540 0.000942 0.484558 0.000176
0.386910 0.041851 0.055867 0.029716 0.000939 0.484536 0.000181
0.389247 0.041475 0.054619 0.029006 0.000932 0.484536 0.000186
0.391704 0.041061 0.053310 0.028204 0.000920 0.484611 0.000190
0.393840 0.040817 0.052221 0.027538 0.000899 0.484493 0.000192
0.396569 0.040544 0.050904 0.026991 0.000884 0.483914 0.000194
0.398813 0.040385 0.049809 0.026529 0.000879 0.483390 0.000196
0.401200 0.039976 0.048939 0.026138 0.000854 0.482693 0.000199
0.404132 0.039695 0.047778 0.025476 0.000830 0.481885 0.000204
0.406050 0.039619 0.046975 0.025133 0.000811 0.481200 0.000212
0.408531 0.039468 0.046212 0.024845 0.000797 0.479928 0.000219
0.410995 0.039397 0.045269 0.024397 0.000779 0.478942 0.000223
0.412775 0.039285 0.044681 0.024122 0.000766 0.478148 0.000224
0.415242 0.039126 0.043977 0.023709 0.000770 0.476952 0.000223
0.417429 0.039178 0.043238 0.023333 0.000765 0.475829 0.000228
0.419014 0.039160 0.042655 0.022987 0.000760 0.475190 0.000234
0.421344 0.038914 0.042048 0.022618 0.000757 0.474083 0.000236
0.423773 0.038907 0.041454 0.022209 0.000737 0.472678 0.000242
0.425666 0.038966 0.041045 0.021824 0.000732 0.471521 0.000246
0.427986 0.038968 0.040649 0.021556 0.000730 0.469865 0.000247
0.429590 0.039004 0.040264 0.021516 0.000721 0.468658 0.000246
0.431805 0.039015 0.039966 0.021479 0.000693 0.466789 0.000253
0.433806 0.039182 0.039717 0.021272 0.000681 0.465088 0.000254
0.435749 0.039463 0.039393 0.021054 0.000678 0.463407 0.000255
0.437576 0.039624 0.039215 0.020930 0.000667 0.461732 0.000256
0.439148 0.039638 0.038984 0.020734 0.000661 0.460579 0.000256
0.441110 0.039871 0.038788 0.020476 0.000655 0.458843 0.000259
0.442589 0.040094 0.038640 0.020379 0.000657 0.457380 0.000261
0.444058 0.040301 0.038540 0.020372 0.000654 0.455806 0.000268
0.445974 0.040521 0.038319 0.020265 0.000641 0.454005 0.000274
0.447020 0.040875 0.038365 0.020264 0.000638 0.452561 0.000278
0.448539 0.041068 0.038272 0.020213 0.000624 0.451006 0.000278
0.449639 0.041214 0.038231 0.020207 0.000604 0.449819 0.000285
0.451008 0.041420 0.038208 0.020163 0.000587 0.448332 0.000283
0.452935 0.041052 0.038255 0.020063 0.000585 0.446827 0.000283
0.455607 0.040306 0.038111 0.019737 0.000571 0.445381 0.000286
0.458771 0.039137 0.037849 0.019630 0.000562 0.443764 0.000287
0.461855 0.037670 0.037772 0.019436 0.000549 0.442425 0.000293
0.465502 0.036040 0.037461 0.019167 0.000546 0.440986 0.000298
0.469136 0.034414 0.037200 0.018853 0.000533 0.439566 0.000296
0.473217 0.032760 0.036872 0.018557 0.000538 0.437757 0.000299
0.477120 0.031033 0.036408 0.018117 0.000523 0.436499 0.000300
0.481496 0.029506 0.035892 0.017675 0.000522 0.434607 0.000303
0.485566 0.027853 0.035405 0.017264 0.000513 0.433097 0.000302
0.490312 0.026157 0.034855 0.016737 0.000510 0.431128 0.000301
0.494584 0.024656 0.034285 0.016220 0.000507 0.429439 0.000309
0.499269 0.023154 0.033617 0.015662 0.000515 0.427477 0.000307
0.503912 0.021724 0.032799 0.015173 0.000502 0.425580 0.000310
0.508681 0.020517 0.031994 0.014619 0.000489 0.423388 0.000311
0.513298 0.019224 0.031190 0.014058 0.000479 0.421436 0.000315
0.518096 0.018033 0.030329 0.013566 0.000467 0.419189 0.000319
0.523080 0.016850 0.029415 0.013094 0.000467 0.416775 0.000320
0.527795 0.015816 0.028538 0.012570 0.000457 0.414500 0.000323
0.532560 0.014754 0.027640 0.012044 0.000454 0.412228 0.000319
0.537160 0.013847 0.026818 0.011580 0.000455 0.409822 0.000319
0.542197 0.012898 0.025884 0.011107 0.000443 0.407148 0.000323
0.546220 0.012055 0.025029 0.010618 0.000449 0.405305 0.000325
0.550990 0.011296 0.024006 0.010151 0.000433 0.402794 0.000330
0.555586 0.010591 0.023062 0.009673 0.000440 0.400324 0.000324
0.560616 0.009869 0.022160 0.009369 0.000424 0.397237 0.000326
0.565475 0.009174 0.021327 0.008926 0.000429 0.394345 0.000325
0.570026 0.008667 0.020415 0.008492 0.000422 0.391649 0.000328
0.574740 0.008160 0.019615 0.008083 0.000406 0.388668 0.000328
0.579458 0.007569 0.018822 0.007683 0.000398 0.385737 0.000333
0.583948 0.007098 0.018089 0.007300 0.000394 0.382835 0.000336
0.588472 0.006630 0.017319 0.006915 0.000372 0.379958 0.000334
0.593562 0.006181 0.016536 0.006585 0.000377 0.376422 0.000337
0.597825 0.005726 0.015834 0.006233 0.000371 0.373668 0.000342
0.602467 0.005409 0.015188 0.005930 0.000364 0.370301 0.000341
0.607092 0.005014 0.014468 0.005614 0.000357 0.367116 0.000340
0.611380 0.004742 0.013854 0.005352 0.000342 0.363985 0.000344
0.615771 0.004457 0.013262 0.005087 0.000347 0.360736 0.000340
0.620182 0.004214 0.012603 0.004838 0.000345 0.357480 0.000339
0.624393 0.003992 0.011992 0.004588 0.000341 0.354353 0.000341
0.628850 0.003730 0.011451 0.004370 0.000331 0.350923 0.000345
0.633013 0.003547 0.010880 0.004157 0.000333 0.347726 0.000343
0.637217 0.003354 0.010371 0.003973 0.000320 0.344413 0.000351
0.641246 0.003206 0.009936 0.003755 0.000321 0.341192 0.000344
0.645097 0.003068 0.009485 0.003604 0.000302 0.338093 0.000351
0.649567 0.002887 0.009038 0.003388 0.000303 0.334463 0.000355
0.654099 0.002751 0.008612 0.003226 0.000291 0.330670 0.000351
0.657791 0.002638 0.008218 0.003056 0.000276 0.327661 0.000359
0.661751 0.002576 0.007813 0.002904 0.000263 0.324332 0.000362
0.665676 0.002398 0.007422 0.002760 0.000257 0.321128 0.000358
0.669411 0.002272 0.007071 0.002632 0.000244 0.318009 0.000360
0.673454 0.002155 0.006725 0.002504 0.000241 0.314554 0.000368
0.677605 0.002002 0.006359 0.002372 0.000227 0.311069 0.000367
0.680939 0.001941 0.006082 0.002293 0.000225 0.308150 0.000370
0.684600 0.001863 0.005854 0.002168 0.000217 0.304928 0.000370
0.688551 0.001749 0.005543 0.002027 0.000204 0.301558 0.000368
0.692406 0.001653 0.005275 0.001934 0.000196 0.298169 0.000367
0.696124 0.001564 0.005052 0.001833 0.000197 0.294850 0.000379
0.699541 0.001484 0.004805 0.001754 0.000191 0.291851 0.000374
0.703398 0.001394 0.004595 0.001674 0.000192 0.288377 0.000369
0.706888 0.001329 0.004428 0.001607 0.000189 0.285187 0.000373
0.710373 0.001271 0.004209 0.001512 0.000190 0.282067 0.000378
0.713707 0.001224 0.004035 0.001434 0.000183 0.279039 0.000379
0.717698 0.001181 0.003851 0.001358 0.000173 0.275359 0.000380
0.721182 0.001146 0.003619 0.001289 0.000164 0.272220 0.000380
0.724396 0.001140 0.003439 0.001230 0.000159 0.269260 0.000376
0.727301 0.001121 0.003290 0.001181 0.000160 0.266567 0.000380
0.730839 0.001080 0.003121 0.001132 0.000153 0.263291 0.000384
0.733866 0.001007 0.002961 0.001071 0.000149 0.260569 0.000376
0.737014 0.000990 0.002876 0.001034 0.000141 0.257564 0.000381
0.740080 0.000933 0.002739 0.000998 0.000138 0.254724 0.000387
0.743371 0.000896 0.002585 0.000941 0.000131 0.251689 0.000387
0.746125 0.000882 0.002423 0.000907 0.000125 0.249146 0.000392
0.749464 0.000854 0.002290 0.000853 0.000116 0.246044 0.000379
0.752804 0.000828 0.002208 0.000809 0.000115 0.242851 0.000385
0.755923 0.000779 0.002116 0.000763 0.000106 0.239922 0.000390
0.759026 0.000771 0.002053 0.000746 0.000106 0.236916 0.000382
0.761677 0.000741 0.001963 0.000712 0.000103 0.234418 0.000386
0.764575 0.000717 0.001903 0.000694 0.000105 0.231609 0.000395
0.767532 0.000703 0.001785 0.000655 0.000103 0.228837 0.000386
0.770248 0.000660 0.001732 0.000633 0.000098 0.226242 0.000387
0.773039 0.000621 0.001640 0.000604 0.000085 0.223615 0.000396
0.776250 0.000592 0.001552 0.000573 0.000085 0.220556 0.000392
0.778593 0.000573 0.001543 0.000578 0.000083 0.218246 0.000383
0.781483 0.000551 0.001434 0.000543 0.000085 0.215509 0.000395
0.784484 0.000529 0.001369 0.000503 0.000081 0.212645 0.000389
0.787188 0.000495 0.001345 0.000503 0.000075 0.210007 0.000387
0.789781 0.000460 0.001245 0.000469 0.000069 0.207592 0.000385
0.792156 0.000455 0.001211 0.000463 0.000065 0.205253 0.000397
0.794376 0.000450 0.001153 0.000455 0.000063 0.203115 0.000388
0.797430 0.000439 0.001094 0.000427 0.000059 0.200152 0.000399
0.799802 0.000426 0.001037 0.000402 0.000056 0.197890 0.000387
0.802575 0.000407 0.000986 0.000388 0.000054 0.195199 0.000391
0.804741 0.000402 0.000948 0.000386 0.000056 0.193085 0.000382
0.807218 0.000379 0.000900 0.000363 0.000050 0.190699 0.000391
0.809294 0.000375 0.000861 0.000355 0.000045 0.188680 0.000390
0.812046 0.000372 0.000826 0.000327 0.000047 0.185990 0.000392
0.814558 0.000350 0.000785 0.000308 0.000044 0.183566 0.000389
0.817097 0.000338 0.000725 0.000295 0.000042 0.181109 0.000393
0.818693 0.000352 0.000714 0.000293 0.000037 0.179513 0.000397
0.820831 0.000346 0.000669 0.000289 0.000033 0.177432 0.000399
0.823956 0.000322 0.000645 0.000270 0.000034 0.174384 0.000390
0.825512 0.000297 0.000633 0.000256 0.000031 0.172872 0.000398
0.827597 0.000302 0.000624 0.000247 0.000024 0.170806 0.000400
0.830070 0.000260 0.000596 0.000232 0.000025 0.168422 0.000395
0.831998 0.000249 0.000561 0.000220 0.000026 0.166560 0.000386
0.834437 0.000243 0.000531 0.000219 0.000025 0.164147 0.000399
0.836499 0.000236 0.000514 0.000207 0.000026 0.162125 0.000393
0.838553 0.000228 0.000501 0.000192 0.000026 0.160109 0.000392
0.840377 0.000227 0.000499 0.000188 0.000025 0.158290 0.000393
0.842484 0.000221 0.000463 0.000158 0.000025 0.156257 0.000392
0.844222 0.000227 0.000472 0.000162 0.000025 0.154496 0.000396
0.846324 0.000253 0.000448 0.000166 0.000026 0.152394 0.000388
0.848318 0.000231 0.000420 0.000146 0.000021 0.150465 0.000399
0.850684 0.000221 0.000402 0.000153 0.000020 0.148128 0.000393
0.852438 0.000200 0.000388 0.000140 0.000020 0.146413 0.000400
0.854122 0.000199 0.000377 0.000145 0.000020 0.144749 0.000388
0.856070 0.000190 0.000360 0.000147 0.000017 0.142822 0.000394
0.857712 0.000199 0.000351 0.000144 0.000018 0.141188 0.000388
0.859658 0.000176 0.000328 0.000145 0.000018 0.139284 0.000390
0.861525 0.000179 0.000318 0.000140 0.000017 0.137425 0.000395
0.862862 0.000167 0.000316 0.000140 0.000019 0.136096 0.000400
0.865314 0.000162 0.000290 0.000133 0.000016 0.133693 0.000391
0.866705 0.000161 0.000285 0.000124 0.000018 0.132318 0.000390
0.868270 0.000152 0.000269 0.000108 0.000017 0.130799 0.000384
0.869748 0.000170 0.000271 0.000109 0.000016 0.129296 0.000390
0.871485 0.000167 0.000254 0.000109 0.000016 0.127570 0.000400
0.873295 0.000157 0.000246 0.000099 0.000017 0.125796 0.000390
0.874905 0.000155 0.000242 0.000097 0.000017 0.124196 0.000388
0.876923 0.000163 0.000245 0.000109 0.000017 0.122165 0.000379
0.878137 0.000154 0.000244 0.000104 0.000017 0.120954 0.000391
0.880030 0.000135 0.000227 0.000095 0.000019 0.119108 0.000387
0.881414 0.000115 0.000237 0.000088 0.000017 0.117743 0.000387
0.882586 0.000135 0.000237 0.000103 0.000018 0.116553 0.000368
0.884003 0.000129 0.000235 0.000091 0.000017 0.115148 0.000377
0.885967 0.000122 0.000217 0.000086 0.000018 0.113207 0.000382
0.887561 0.000121 0.000209 0.000080 0.000016 0.111636 0.000377
0.888504 0.000125 0.000212 0.000094 0.000015 0.110667 0.000385
0.890395 0.000104 0.000198 0.000083 0.000015 0.108820 0.000385
0.891454 0.000115 0.000195 0.000083 0.000012 0.107749 0.000392
0.892529 0.000126 0.000207 0.000089 0.000013 0.106641 0.000396
0.894259 0.000112 0.000207 0.000090 0.000012 0.104924 0.000396
0.895878 0.000113 0.000210 0.000079 0.000011 0.103313 0.000395
0.897461 0.000115 0.000205 0.000070 0.000011 0.101758 0.000380
0.898583 0.000110 0.000207 0.000077 0.000013 0.100627 0.000383
0.900700 0.000110 0.000205 0.000075 0.000011 0.098517 0.000383
0.901600 0.000106 0.000185 0.000068 0.000012 0.097653 0.000376
0.903013 0.000112 0.000187 0.000072 0.000013 0.096230 0.000373
0.904200 0.000099 0.000184 0.000067 0.000015 0.095054 0.000380
0.905625 0.000116 0.000187 0.000070 0.000016 0.093610 0.000376
0.906586 0.000096 0.000186 0.000067 0.000014 0.092681 0.000370
0.908446 0.000097 0.000163 0.000069 0.000017 0.090849 0.000359
0.908960 0.000086 0.000169 0.000079 0.000012 0.090324 0.000371
0.910396 0.000088 0.000174 0.000075 0.000014 0.088886 0.000366
0.912368 0.000077 0.000157 0.000061 0.000012 0.086953 0.000372
0.913035 0.000090 0.000174 0.000065 0.000014 0.086251 0.000372
0.914558 0.000097 0.000176 0.000066 0.000015 0.084715 0.000372
0.915558 0.000072 0.000149 0.000057 0.000016 0.083790 0.000356
0.916290 0.000073 0.000153 0.000058 0.000016 0.083042 0.000369
0.917133 0.000092 0.000160 0.000066 0.000018 0.082166 0.000365
0.918640 0.000093 0.000151 0.000060 0.000014 0.080680 0.000361
0.919933 0.000083 0.000148 0.000054 0.000011 0.079418 0.000354
0.920176 0.000072 0.000153 0.000055 0.000011 0.079180 0.000353
0.921487 0.000082 0.000146 0.000052 0.000014 0.077855 0.000362
0.922853 0.000083 0.000146 0.000060 0.000010 0.076498 0.000349
0.924061 0.000089 0.000134 0.000069 0.000009 0.075286 0.000353
0.925061 0.000071 0.000114 0.000058 0.000018 0.074330 0.000347
0.925594 0.000067 0.000128 0.000058 0.000013 0.073799 0.000340
0.926562 0.000061 0.000133 0.000061 0.000015 0.072818 0.000349
0.927119 0.000073 0.000121 0.000041 0.000022 0.072281 0.000344
0.928314 0.000067 0.000130 0.000043 0.000020 0.071064 0.000363
0.928918 0.000058 0.000117 0.000038 0.000014 0.070494 0.000361
0.929733 0.000065 0.000124 0.000037 0.000015 0.069662 0.000364
0.931570 0.000067 0.000115 0.000032 0.000016 0.067850 0.000351
0.931738 0.000070 0.000102 0.000034 0.000013 0.067691 0.000351
0.932331 0.000104 0.000110 0.000035 0.000012 0.067053 0.000354
0.945226 0.000030 0.000032 0.000012 0.000004 0.054446 0.000250
