0.349861 0.063463 0.056457 0.032501 0.002085 0.489644 0.005989 1.597634
0.351778 0.061547 0.056362 0.032409 0.002082 0.489805 0.006017 1.603737
0.354308 0.059182 0.056210 0.032104 0.002084 0.490064 0.006049 1.609635
0.357312 0.056523 0.055956 0.031835 0.002076 0.490227 0.006071 1.615348
0.360791 0.053743 0.055551 0.031458 0.002065 0.490299 0.006093 1.620813
0.364446 0.051060 0.054992 0.030979 0.002074 0.490327 0.006123 1.625954
0.368206 0.048556 0.054258 0.030461 0.002070 0.490294 0.006154 1.630832
0.372115 0.046031 0.053553 0.029902 0.002052 0.490165 0.006181 1.635528
0.376216 0.043683 0.052653 0.029234 0.002054 0.489954 0.006205 1.639863
0.380302 0.041492 0.051762 0.028541 0.002062 0.489610 0.006230 1.644039
0.384560 0.039406 0.050692 0.027918 0.002067 0.489102 0.006255 1.648025
0.388881 0.037458 0.049600 0.027156 0.002056 0.488565 0.006285 1.651795
0.393304 0.035585 0.048466 0.026481 0.002034 0.487814 0.006316 1.655408
0.397735 0.033876 0.047283 0.025741 0.002036 0.486987 0.006342 1.658806
0.402234 0.032286 0.046160 0.024997 0.002020 0.485931 0.006373 1.662033
0.406664 0.030755 0.044926 0.024319 0.002010 0.484933 0.006395 1.665152
0.411078 0.029370 0.043691 0.023578 0.001985 0.483870 0.006426 1.668111
0.415711 0.028126 0.042394 0.022866 0.001968 0.482478 0.006457 1.670878
0.420266 0.026867 0.041252 0.022175 0.001959 0.481001 0.006480 1.673606
0.424830 0.025764 0.040050 0.021453 0.001938 0.479458 0.006506 1.676112
0.429572 0.024673 0.038866 0.020788 0.001914 0.477655 0.006533 1.678630
0.434133 0.023718 0.037726 0.020102 0.001900 0.475864 0.006558 1.680966
0.438708 0.022790 0.036614 0.019427 0.001872 0.474008 0.006583 1.683246
0.443255 0.021956 0.035518 0.018787 0.001854 0.472026 0.006605 1.685431
0.447728 0.021197 0.034446 0.018186 0.001841 0.469982 0.006620 1.687546
0.452290 0.020470 0.033379 0.017595 0.001817 0.467805 0.006643 1.689586
0.456860 0.019688 0.032374 0.017062 0.001784 0.465564 0.006667 1.691617
0.461311 0.019125 0.031333 0.016499 0.001757 0.463280 0.006694 1.693466
0.466009 0.018461 0.030337 0.015959 0.001733 0.460786 0.006714 1.695309
0.470569 0.017883 0.029387 0.015434 0.001705 0.458283 0.006740 1.697106
0.474968 0.017359 0.028451 0.014930 0.001688 0.455844 0.006759 1.698836
0.479456 0.016814 0.027568 0.014463 0.001655 0.453262 0.006781 1.700554
0.483885 0.016350 0.026769 0.014024 0.001630 0.450542 0.006802 1.702214
0.488330 0.015953 0.025961 0.013578 0.001605 0.447749 0.006824 1.703773
0.492858 0.015579 0.025172 0.013168 0.001565 0.444807 0.006852 1.705284
0.497302 0.015219 0.024362 0.012776 0.001538 0.441929 0.006874 1.706786
0.501751 0.014920 0.023574 0.012388 0.001510 0.438966 0.006891 1.708235
0.506056 0.014559 0.022849 0.012009 0.001486 0.436132 0.006909 1.709679
0.510315 0.014247 0.022200 0.011650 0.001447 0.433214 0.006928 1.711105
0.514602 0.013907 0.021532 0.011291 0.001420 0.430306 0.006943 1.712513
0.518999 0.013601 0.020956 0.010922 0.001396 0.427160 0.006966 1.713879
0.523323 0.013330 0.020376 0.010626 0.001364 0.423994 0.006986 1.715224
0.527491 0.013167 0.019786 0.010274 0.001339 0.420941 0.007002 1.716488
0.531575 0.012909 0.019224 0.010006 0.001320 0.417950 0.007015 1.717806
0.535721 0.012639 0.018718 0.009716 0.001294 0.414881 0.007031 1.719123
0.539823 0.012441 0.018221 0.009478 0.001262 0.411728 0.007046 1.720369
0.543949 0.012245 0.017754 0.009219 0.001238 0.408533 0.007062 1.721594
0.547952 0.012105 0.017301 0.008985 0.001212 0.405366 0.007080 1.722758
0.552120 0.011888 0.016853 0.008764 0.001189 0.402088 0.007097 1.723948
0.556183 0.011654 0.016499 0.008534 0.001154 0.398863 0.007114 1.725160
0.560214 0.011469 0.016083 0.008338 0.001129 0.395639 0.007129 1.726306
0.564134 0.011360 0.015715 0.008112 0.001101 0.392434 0.007144 1.727425
0.567988 0.011309 0.015336 0.007935 0.001076 0.389194 0.007163 1.728512
0.571859 0.011211 0.014947 0.007742 0.001059 0.386010 0.007172 1.729568
0.575698 0.011067 0.014582 0.007586 0.001037 0.382848 0.007183 1.730675
0.579513 0.010927 0.014245 0.007424 0.001007 0.379685 0.007200 1.731739
0.583315 0.010821 0.013974 0.007238 0.000987 0.376456 0.007210 1.732788
0.586976 0.010672 0.013754 0.007089 0.000971 0.373318 0.007220 1.733889
0.590628 0.010602 0.013491 0.006935 0.000944 0.370162 0.007237 1.734921
0.594306 0.010549 0.013191 0.006794 0.000931 0.366980 0.007248 1.735938
0.597973 0.010439 0.012925 0.006672 0.000915 0.363820 0.007256 1.736952
0.601605 0.010370 0.012652 0.006525 0.000893 0.360690 0.007265 1.737933
0.605212 0.010282 0.012428 0.006395 0.000871 0.357533 0.007280 1.738939
0.608745 0.010178 0.012243 0.006282 0.000860 0.354403 0.007289 1.739942
0.612179 0.010075 0.012051 0.006209 0.000843 0.351344 0.007300 1.740999
0.615660 0.010027 0.011832 0.006108 0.000828 0.348235 0.007311 1.741971
0.619123 0.009965 0.011626 0.006012 0.000818 0.345136 0.007321 1.742952
0.622529 0.009942 0.011423 0.005903 0.000797 0.342074 0.007333 1.743932
0.625903 0.009846 0.011226 0.005813 0.000778 0.339093 0.007341 1.744894
0.629200 0.009821 0.011079 0.005707 0.000766 0.336076 0.007352 1.745850
0.632426 0.009730 0.010966 0.005673 0.000746 0.333102 0.007358 1.746875
0.635687 0.009715 0.010796 0.005604 0.000726 0.330108 0.007365 1.747798
0.638856 0.009662 0.010651 0.005534 0.000711 0.327214 0.007374 1.748755
0.642014 0.009602 0.010522 0.005460 0.000696 0.324327 0.007380 1.749700
0.645011 0.009574 0.010388 0.005392 0.000675 0.321572 0.007390 1.750663
0.648188 0.009609 0.010250 0.005334 0.000660 0.318559 0.007401 1.751549
0.651317 0.009579 0.010148 0.005275 0.000635 0.315632 0.007415 1.752523
0.654234 0.009611 0.010007 0.005260 0.000620 0.312845 0.007424 1.753454
0.657227 0.009585 0.009911 0.005191 0.000608 0.310046 0.007432 1.754374
0.660096 0.009615 0.009790 0.005148 0.000595 0.307315 0.007442 1.755300
0.663059 0.009613 0.009753 0.005097 0.000585 0.304447 0.007447 1.756259
0.665912 0.009602 0.009646 0.005050 0.000576 0.301760 0.007454 1.757193
0.668732 0.009620 0.009578 0.005015 0.000566 0.299029 0.007461 1.758128
0.671564 0.009586 0.009537 0.005007 0.000558 0.296279 0.007469 1.759115
0.674291 0.009617 0.009404 0.004997 0.000548 0.293671 0.007474 1.760074
0.676921 0.009583 0.009399 0.004968 0.000535 0.291110 0.007484 1.761058
0.679612 0.009563 0.009350 0.004945 0.000525 0.288515 0.007491 1.762005
0.682203 0.009552 0.009327 0.004948 0.000512 0.285960 0.007498 1.762984
0.684803 0.009587 0.009310 0.004909 0.000508 0.283376 0.007508 1.763911
0.687366 0.009601 0.009275 0.004854 0.000497 0.280896 0.007513 1.764842
0.689866 0.009643 0.009185 0.004857 0.000479 0.278448 0.007522 1.765747
0.692483 0.009577 0.009140 0.004847 0.000471 0.275953 0.007530 1.766713
0.694970 0.009625 0.009120 0.004817 0.000464 0.273469 0.007537 1.767634
0.697447 0.009661 0.009109 0.004796 0.000455 0.270988 0.007543 1.768558
0.699864 0.009658 0.009095 0.004795 0.000452 0.268588 0.007548 1.769524
0.702186 0.009677 0.009057 0.004766 0.000446 0.266314 0.007554 1.770483
0.704559 0.009691 0.009004 0.004777 0.000438 0.263970 0.007560 1.771426
0.706834 0.009751 0.008981 0.004745 0.000428 0.261694 0.007567 1.772368
0.709108 0.009792 0.008931 0.004738 0.000423 0.259436 0.007573 1.773295
0.711305 0.009819 0.008927 0.004724 0.000420 0.257227 0.007579 1.774289
0.713524 0.009894 0.008911 0.004712 0.000412 0.254962 0.007586 1.775228
0.715646 0.009952 0.008895 0.004708 0.000412 0.252798 0.007591 1.776185
0.717834 0.009997 0.008897 0.004703 0.000411 0.250562 0.007597 1.777151
0.719968 0.010018 0.008926 0.004661 0.000410 0.248415 0.007602 1.778134
0.722034 0.010068 0.008965 0.004647 0.000408 0.246270 0.007607 1.779123
0.724031 0.010104 0.009024 0.004634 0.000402 0.244193 0.007612 1.780119
0.726021 0.010215 0.009031 0.004626 0.000398 0.242093 0.007616 1.781113
0.727981 0.010286 0.009064 0.004646 0.000392 0.240010 0.007621 1.782132
0.729911 0.010357 0.009051 0.004641 0.000389 0.238026 0.007626 1.783114
0.731773 0.010417 0.009050 0.004638 0.000381 0.236111 0.007631 1.784116
0.733604 0.010482 0.009091 0.004635 0.000381 0.234172 0.007635 1.785152
0.735451 0.010535 0.009127 0.004666 0.000380 0.232200 0.007641 1.786180
0.737241 0.010590 0.009179 0.004664 0.000382 0.230300 0.007644 1.787225
0.738991 0.010684 0.009182 0.004676 0.000379 0.228440 0.007649 1.788272
0.740747 0.010763 0.009212 0.004686 0.000374 0.226565 0.007654 1.789325
0.742492 0.010842 0.009239 0.004713 0.000371 0.224685 0.007658 1.790370
0.744110 0.010879 0.009291 0.004741 0.000360 0.222959 0.007661 1.791446
0.745747 0.010910 0.009322 0.004779 0.000354 0.221225 0.007664 1.792527
0.747385 0.010974 0.009399 0.004794 0.000353 0.219428 0.007668 1.793620
0.749041 0.011045 0.009437 0.004826 0.000349 0.217630 0.007672 1.794693
0.750550 0.011151 0.009448 0.004849 0.000350 0.215977 0.007677 1.795757
0.752055 0.011250 0.009506 0.004886 0.000339 0.214281 0.007683 1.796837
0.753560 0.011294 0.009580 0.004894 0.000337 0.212648 0.007688 1.797954
0.755057 0.011358 0.009656 0.004915 0.000341 0.210981 0.007693 1.799073
0.756468 0.011457 0.009706 0.004965 0.000337 0.209372 0.007696 1.800203
0.757934 0.011565 0.009734 0.004982 0.000329 0.207756 0.007701 1.801305
0.759296 0.011643 0.009817 0.005045 0.000322 0.206169 0.007709 1.802481
0.760586 0.011738 0.009855 0.005088 0.000319 0.204703 0.007712 1.803619
0.761884 0.011811 0.009920 0.005100 0.000318 0.203254 0.007714 1.804784
0.763266 0.011914 0.009960 0.005112 0.000313 0.201717 0.007718 1.805932
0.764479 0.012067 0.010007 0.005147 0.000311 0.200269 0.007721 1.807094
0.765651 0.012199 0.010086 0.005195 0.000310 0.198836 0.007724 1.808287
0.766821 0.012301 0.010142 0.005223 0.000312 0.197471 0.007729 1.809480
0.767959 0.012433 0.010198 0.005261 0.000312 0.196106 0.007732 1.810665
0.769133 0.012518 0.010285 0.005314 0.000315 0.194698 0.007738 1.811888
0.770234 0.012567 0.010342 0.005364 0.000313 0.193438 0.007740 1.813128
0.771317 0.012657 0.010418 0.005437 0.000310 0.192114 0.007746 1.814349
0.772375 0.012781 0.010504 0.005451 0.000311 0.190828 0.007750 1.815591
0.773487 0.012806 0.010630 0.005512 0.000310 0.189501 0.007754 1.816886
0.774397 0.012956 0.010702 0.005568 0.000309 0.188313 0.007756 1.818168
0.775394 0.013041 0.010760 0.005635 0.000308 0.187104 0.007760 1.819428
0.776330 0.013095 0.010867 0.005680 0.000315 0.185950 0.007763 1.820721
0.777267 0.013238 0.010903 0.005716 0.000321 0.184788 0.007767 1.821990
0.778034 0.013371 0.011030 0.005743 0.000321 0.183730 0.007771 1.823332
0.778953 0.013452 0.011111 0.005790 0.000321 0.182598 0.007775 1.824659
0.779851 0.013523 0.011210 0.005832 0.000325 0.181481 0.007780 1.825991
0.780621 0.013697 0.011325 0.005847 0.000325 0.180401 0.007784 1.827304
0.781409 0.013881 0.011375 0.005904 0.000324 0.179319 0.007789 1.828630
0.782142 0.013974 0.011449 0.005972 0.000320 0.178350 0.007794 1.830004
0.782815 0.014060 0.011572 0.006034 0.000322 0.177400 0.007798 1.831414
0.783568 0.014128 0.011674 0.006087 0.000317 0.176423 0.007804 1.832816
0.784242 0.014254 0.011781 0.006136 0.000313 0.175467 0.007808 1.834231
0.784950 0.014306 0.011916 0.006160 0.000317 0.174540 0.007811 1.835691
0.785505 0.014482 0.011999 0.006177 0.000316 0.173705 0.007815 1.837085
0.786038 0.014671 0.012063 0.006229 0.000320 0.172858 0.007820 1.838506
0.786707 0.014732 0.012162 0.006316 0.000322 0.171939 0.007823 1.839980
0.787338 0.014852 0.012289 0.006339 0.000321 0.171032 0.007829 1.841441
0.787975 0.014962 0.012367 0.006362 0.000322 0.170183 0.007830 1.842895
0.788489 0.015060 0.012472 0.006391 0.000326 0.169428 0.007835 1.844392
0.789077 0.015209 0.012537 0.006459 0.000327 0.168554 0.007838 1.845831
0.789608 0.015327 0.012627 0.006479 0.000331 0.167784 0.007843 1.847328
0.790111 0.015462 0.012685 0.006507 0.000338 0.167051 0.007846 1.848798
0.790555 0.015622 0.012785 0.006525 0.000342 0.166322 0.007850 1.850296
0.790933 0.015735 0.012918 0.006624 0.000341 0.165592 0.007857 1.851878
0.791341 0.015840 0.013062 0.006689 0.000346 0.164862 0.007860 1.853482
0.791627 0.016042 0.013151 0.006734 0.000351 0.164233 0.007863 1.855041
0.791942 0.016133 0.013291 0.006794 0.000359 0.163618 0.007865 1.856668
0.792145 0.016313 0.013367 0.006847 0.000356 0.163102 0.007869 1.858244
0.792388 0.016476 0.013473 0.006915 0.000351 0.162524 0.007873 1.859852
0.792706 0.016643 0.013554 0.006976 0.000353 0.161892 0.007876 1.861434
0.793046 0.016686 0.013640 0.007039 0.000354 0.161357 0.007879 1.863088
0.793336 0.016792 0.013723 0.007108 0.000356 0.160805 0.007880 1.864762
0.793582 0.016940 0.013836 0.007124 0.000355 0.160277 0.007886 1.866383
0.793730 0.017071 0.013913 0.007192 0.000365 0.159837 0.007892 1.868050
0.793913 0.017161 0.014036 0.007225 0.000366 0.159404 0.007895 1.869773
0.794080 0.017268 0.014154 0.007273 0.000363 0.158961 0.007900 1.871473
0.794218 0.017409 0.014266 0.007326 0.000373 0.158504 0.007903 1.873167
0.794374 0.017513 0.014357 0.007391 0.000368 0.158088 0.007909 1.874893
0.794400 0.017688 0.014468 0.007474 0.000363 0.157693 0.007914 1.876621
0.794579 0.017767 0.014575 0.007517 0.000364 0.157280 0.007917 1.878330
0.794686 0.017873 0.014717 0.007598 0.000374 0.156834 0.007919 1.880095
0.794743 0.018021 0.014795 0.007652 0.000378 0.156489 0.007922 1.881847
0.794863 0.018118 0.015004 0.007708 0.000378 0.156001 0.007927 1.883673
0.794926 0.018158 0.015104 0.007758 0.000384 0.155738 0.007933 1.885466
0.794925 0.018256 0.015197 0.007833 0.000392 0.155459 0.007940 1.887294
0.795045 0.018330 0.015336 0.007848 0.000402 0.155096 0.007942 1.889094
0.795139 0.018407 0.015424 0.007888 0.000396 0.154798 0.007948 1.890883
0.795143 0.018530 0.015512 0.007938 0.000394 0.154528 0.007956 1.892684
0.795172 0.018630 0.015588 0.007983 0.000404 0.154262 0.007961 1.894484
0.795111 0.018669 0.015692 0.008083 0.000397 0.154081 0.007967 1.896374
0.795154 0.018742 0.015812 0.008089 0.000398 0.153831 0.007974 1.898174
0.795201 0.018774 0.015884 0.008156 0.000398 0.153609 0.007980 1.900020
0.795258 0.018817 0.015956 0.008185 0.000405 0.153395 0.007986 1.901846
0.795257 0.018876 0.016057 0.008217 0.000405 0.153197 0.007991 1.903703
0.795199 0.018965 0.016128 0.008261 0.000408 0.153041 0.007998 1.905586
0.795202 0.019005 0.016202 0.008288 0.000406 0.152894 0.008002 1.907432
0.795082 0.019100 0.016280 0.008334 0.000412 0.152785 0.008008 1.909328
0.795094 0.019179 0.016339 0.008378 0.000411 0.152585 0.008013 1.911204
0.795105 0.019270 0.016391 0.008371 0.000420 0.152428 0.008016 1.913050
0.795064 0.019362 0.016465 0.008368 0.000427 0.152296 0.008018 1.914898
0.794913 0.019451 0.016593 0.008427 0.000433 0.152158 0.008026 1.916819
0.794826 0.019532 0.016637 0.008447 0.000427 0.152098 0.008032 1.918716
0.794713 0.019518 0.016679 0.008488 0.000436 0.152129 0.008037 1.920658
0.794599 0.019585 0.016766 0.008556 0.000437 0.152015 0.008042 1.922599
0.794525 0.019694 0.016837 0.008581 0.000435 0.151882 0.008047 1.924513
0.794459 0.019741 0.016866 0.008600 0.000445 0.151839 0.008052 1.926410
0.794390 0.019781 0.016941 0.008610 0.000456 0.151766 0.008058 1.928349
0.794245 0.019858 0.017055 0.008670 0.000455 0.151655 0.008062 1.930313
0.794183 0.019973 0.017070 0.008701 0.000447 0.151557 0.008069 1.932188
0.794111 0.020003 0.017152 0.008723 0.000450 0.151486 0.008075 1.934146
0.794104 0.019931 0.017249 0.008773 0.000451 0.151412 0.008079 1.936131
0.794024 0.019938 0.017286 0.008820 0.000456 0.151393 0.008084 1.938089
0.793978 0.020004 0.017317 0.008869 0.000461 0.151285 0.008088 1.940014
0.793914 0.020025 0.017378 0.008924 0.000468 0.151200 0.008091 1.941965
0.793797 0.020071 0.017399 0.008969 0.000480 0.151187 0.008097 1.943957
0.793627 0.020109 0.017478 0.009007 0.000484 0.151193 0.008102 1.945940
0.793512 0.020181 0.017541 0.009023 0.000485 0.151153 0.008105 1.947887
0.793449 0.020114 0.017669 0.009057 0.000484 0.151114 0.008112 1.949930
0.793314 0.020149 0.017680 0.009074 0.000488 0.151178 0.008118 1.951904
0.793181 0.020149 0.017716 0.009078 0.000487 0.151264 0.008125 1.953910
0.793052 0.020151 0.017803 0.009068 0.000493 0.151301 0.008131 1.955915
0.792982 0.020168 0.017855 0.009082 0.000491 0.151286 0.008136 1.957914
0.792866 0.020105 0.017907 0.009068 0.000496 0.151413 0.008145 1.959942
0.792619 0.020234 0.017901 0.009037 0.000497 0.151560 0.008152 1.961835
0.792472 0.020251 0.017978 0.009093 0.000501 0.151548 0.008157 1.963837
0.792366 0.020252 0.018058 0.009121 0.000504 0.151538 0.008160 1.965838
0.792218 0.020296 0.018144 0.009137 0.000508 0.151531 0.008165 1.967827
0.792172 0.020338 0.018141 0.009113 0.000504 0.151557 0.008175 1.969783
0.792080 0.020384 0.018134 0.009141 0.000503 0.151577 0.008182 1.971753
0.791952 0.020421 0.018173 0.009142 0.000500 0.151625 0.008186 1.973725
0.791835 0.020438 0.018219 0.009182 0.000506 0.151628 0.008192 1.975728
0.791776 0.020401 0.018255 0.009203 0.000519 0.151649 0.008197 1.977710
0.791735 0.020394 0.018274 0.009203 0.000512 0.151675 0.008207 1.979708
0.791620 0.020356 0.018290 0.009272 0.000513 0.151735 0.008214 1.981733
0.791568 0.020255 0.018268 0.009293 0.000509 0.151885 0.008222 1.983769
0.791427 0.020319 0.018287 0.009267 0.000504 0.151966 0.008230 1.985718
0.791397 0.020296 0.018306 0.009253 0.000503 0.152008 0.008237 1.987681
0.791334 0.020323 0.018283 0.009262 0.000506 0.152047 0.008245 1.989654
0.791238 0.020240 0.018319 0.009315 0.000508 0.152128 0.008253 1.991694
0.791127 0.020286 0.018363 0.009276 0.000508 0.152180 0.008261 1.993660
0.791052 0.020271 0.018380 0.009300 0.000505 0.152225 0.008267 1.995672
0.791006 0.020290 0.018432 0.009287 0.000507 0.152202 0.008277 1.997686
0.790967 0.020296 0.018398 0.009298 0.000508 0.152249 0.008284 1.999683
0.790884 0.020314 0.018401 0.009288 0.000514 0.152311 0.008288 2.001680
0.790793 0.020231 0.018436 0.009337 0.000517 0.152395 0.008292 2.003699
0.790689 0.020210 0.018452 0.009364 0.000518 0.152468 0.008299 2.005696
0.790677 0.020164 0.018385 0.009391 0.000518 0.152559 0.008305 2.007667
0.790598 0.020218 0.018279 0.009382 0.000516 0.152696 0.008311 2.009572
0.790517 0.020263 0.018291 0.009341 0.000527 0.152747 0.008312 2.011506
0.790405 0.020245 0.018295 0.009344 0.000534 0.152856 0.008320 2.013517
0.790368 0.020228 0.018278 0.009347 0.000531 0.152920 0.008328 2.015488
0.790339 0.020197 0.018303 0.009366 0.000536 0.152928 0.008332 2.017491
0.790395 0.020135 0.018321 0.009369 0.000535 0.152908 0.008338 2.019433
0.790389 0.020071 0.018351 0.009357 0.000536 0.152952 0.008344 2.021419
0.790344 0.020096 0.018339 0.009287 0.000538 0.153047 0.008350 2.023356
0.790334 0.020083 0.018341 0.009255 0.000538 0.153095 0.008355 2.025289
0.790323 0.020080 0.018333 0.009268 0.000534 0.153101 0.008362 2.027249
0.790301 0.020048 0.018331 0.009287 0.000529 0.153133 0.008372 2.029218
0.790244 0.019965 0.018354 0.009338 0.000518 0.153203 0.008379 2.031241
0.790162 0.019969 0.018366 0.009313 0.000521 0.153285 0.008385 2.033166
0.790184 0.019932 0.018359 0.009308 0.000525 0.153303 0.008389 2.035097
0.790149 0.019873 0.018341 0.009326 0.000519 0.153395 0.008398 2.037098
0.790117 0.019843 0.018324 0.009320 0.000512 0.153477 0.008406 2.039036
0.790272 0.019737 0.018297 0.009328 0.000511 0.153444 0.008412 2.040986
0.790284 0.019721 0.018300 0.009293 0.000513 0.153473 0.008416 2.042887
0.790377 0.019678 0.018253 0.009282 0.000520 0.153470 0.008421 2.044776
0.790414 0.019729 0.018231 0.009264 0.000520 0.153412 0.008431 2.046657
0.790507 0.019656 0.018257 0.009242 0.000525 0.153380 0.008434 2.048628
0.790547 0.019608 0.018226 0.009183 0.000529 0.153468 0.008440 2.050554
0.790682 0.019560 0.018141 0.009164 0.000532 0.153475 0.008447 2.052426
0.790736 0.019435 0.018124 0.009198 0.000528 0.153523 0.008455 2.054375
0.790812 0.019416 0.018095 0.009156 0.000535 0.153527 0.008459 2.056250
0.790801 0.019382 0.018055 0.009113 0.000534 0.153650 0.008465 2.058146
0.790845 0.019288 0.018063 0.009109 0.000536 0.153691 0.008469 2.060073
0.790907 0.019254 0.018036 0.009094 0.000537 0.153698 0.008474 2.061965
0.790958 0.019210 0.017962 0.009076 0.000540 0.153776 0.008478 2.063832
0.791172 0.019106 0.017880 0.009052 0.000542 0.153764 0.008484 2.065676
0.791272 0.019016 0.017841 0.009014 0.000540 0.153823 0.008493 2.067572
0.791383 0.019046 0.017795 0.008954 0.000536 0.153788 0.008498 2.069378
0.791476 0.018986 0.017772 0.008900 0.000537 0.153826 0.008503 2.071266
0.791604 0.018952 0.017752 0.008913 0.000542 0.153724 0.008512 2.073154
0.791709 0.018857 0.017789 0.008903 0.000539 0.153684 0.008521 2.075040
0.791805 0.018769 0.017746 0.008901 0.000534 0.153716 0.008528 2.076939
0.791824 0.018779 0.017692 0.008883 0.000539 0.153749 0.008534 2.078764
0.791922 0.018698 0.017732 0.008904 0.000538 0.153666 0.008540 2.080643
0.792040 0.018617 0.017714 0.008880 0.000537 0.153664 0.008548 2.082509
0.792170 0.018634 0.017610 0.008844 0.000543 0.153644 0.008555 2.084301
0.792362 0.018548 0.017539 0.008791 0.000531 0.153664 0.008564 2.086126
0.792404 0.018587 0.017462 0.008792 0.000536 0.153647 0.008571 2.087921
0.792528 0.018528 0.017459 0.008761 0.000534 0.153613 0.008578 2.089761
0.792690 0.018469 0.017393 0.008769 0.000543 0.153549 0.008585 2.091594
0.792870 0.018403 0.017372 0.008758 0.000539 0.153463 0.008595 2.093421
0.793062 0.018387 0.017302 0.008725 0.000540 0.153382 0.008601 2.095184
0.793217 0.018342 0.017257 0.008739 0.000539 0.153297 0.008610 2.097002
0.793317 0.018340 0.017290 0.008696 0.000538 0.153200 0.008618 2.098813
0.793518 0.018282 0.017261 0.008702 0.000529 0.153082 0.008627 2.100626
0.793702 0.018292 0.017189 0.008647 0.000527 0.153007 0.008636 2.102377
0.793888 0.018292 0.017155 0.008607 0.000527 0.152888 0.008642 2.104138
0.794068 0.018246 0.017114 0.008598 0.000530 0.152796 0.008648 2.105929
0.794230 0.018158 0.017095 0.008621 0.000533 0.152708 0.008655 2.107801
0.794393 0.018124 0.017084 0.008602 0.000530 0.152604 0.008662 2.109561
0.794565 0.018069 0.017071 0.008550 0.000522 0.152552 0.008669 2.111344
0.794701 0.017963 0.017120 0.008566 0.000518 0.152456 0.008676 2.113186
0.794845 0.017945 0.017079 0.008562 0.000523 0.152364 0.008682 2.114951
0.794965 0.017952 0.017033 0.008568 0.000521 0.152273 0.008688 2.116716
0.795121 0.017945 0.017000 0.008524 0.000511 0.152200 0.008698 2.118477
0.795269 0.017904 0.016921 0.008545 0.000507 0.152151 0.008703 2.120270
0.795456 0.017912 0.016897 0.008527 0.000499 0.152000 0.008710 2.122024
0.795639 0.017844 0.016916 0.008501 0.000489 0.151896 0.008717 2.123811
0.795874 0.017855 0.016872 0.008447 0.000493 0.151738 0.008723 2.125524
0.795962 0.017827 0.016894 0.008431 0.000495 0.151662 0.008728 2.127329
0.796122 0.017811 0.016873 0.008378 0.000503 0.151582 0.008731 2.129087
0.796280 0.017783 0.016830 0.008380 0.000498 0.151491 0.008739 2.130828
0.796437 0.017796 0.016762 0.008379 0.000493 0.151390 0.008743 2.132566
0.796594 0.017785 0.016706 0.008349 0.000502 0.151315 0.008750 2.134301
0.796792 0.017808 0.016667 0.008334 0.000499 0.151143 0.008756 2.136026
0.796933 0.017821 0.016643 0.008311 0.000499 0.151029 0.008763 2.137777
0.797035 0.017825 0.016635 0.008275 0.000502 0.150956 0.008772 2.139502
0.797164 0.017847 0.016633 0.008286 0.000496 0.150792 0.008782 2.141235
0.797330 0.017840 0.016518 0.008261 0.000494 0.150767 0.008789 2.142932
0.797475 0.017756 0.016571 0.008262 0.000490 0.150653 0.008793 2.144739
0.797602 0.017721 0.016555 0.008275 0.000494 0.150553 0.008800 2.146515
0.797798 0.017749 0.016563 0.008245 0.000494 0.150347 0.008804 2.148219
0.797903 0.017784 0.016599 0.008226 0.000499 0.150181 0.008809 2.149954
0.798051 0.017796 0.016579 0.008208 0.000497 0.150052 0.008816 2.151682
0.798178 0.017808 0.016527 0.008179 0.000503 0.149982 0.008822 2.153420
0.798364 0.017840 0.016446 0.008151 0.000513 0.149857 0.008828 2.155129
0.798504 0.017785 0.016416 0.008165 0.000510 0.149788 0.008832 2.156898
0.798707 0.017756 0.016372 0.008145 0.000504 0.149675 0.008839 2.158626
0.798856 0.017830 0.016337 0.008124 0.000499 0.149506 0.008847 2.160331
0.798969 0.017877 0.016320 0.008114 0.000497 0.149371 0.008853 2.162052
0.799088 0.017864 0.016293 0.008127 0.000495 0.149274 0.008860 2.163801
0.799175 0.017879 0.016325 0.008118 0.000495 0.149141 0.008867 2.165527
0.799344 0.017862 0.016282 0.008111 0.000496 0.149032 0.008872 2.167231
0.799465 0.017788 0.016308 0.008117 0.000492 0.148953 0.008876 2.169012
0.799630 0.017764 0.016274 0.008107 0.000493 0.148851 0.008881 2.170718
0.799750 0.017777 0.016268 0.008076 0.000489 0.148750 0.008889 2.172448
0.799823 0.017756 0.016274 0.008111 0.000493 0.148648 0.008895 2.174206
0.799879 0.017802 0.016261 0.008095 0.000488 0.148573 0.008902 2.175947
0.800010 0.017753 0.016257 0.008110 0.000482 0.148478 0.008910 2.177708
0.800203 0.017732 0.016227 0.008110 0.000483 0.148327 0.008918 2.179427
0.800366 0.017651 0.016248 0.008123 0.000481 0.148205 0.008927 2.181190
0.800600 0.017638 0.016230 0.008112 0.000481 0.148004 0.008933 2.182899
0.800750 0.017621 0.016298 0.008071 0.000474 0.147842 0.008944 2.184640
0.800866 0.017633 0.016223 0.008058 0.000475 0.147796 0.008950 2.186340
0.800959 0.017604 0.016250 0.008061 0.000474 0.147696 0.008956 2.188102
0.801092 0.017605 0.016205 0.008061 0.000479 0.147597 0.008962 2.189825
0.801221 0.017603 0.016167 0.008027 0.000477 0.147539 0.008967 2.191535
0.801372 0.017584 0.016182 0.008038 0.000482 0.147369 0.008973 2.193260
0.801488 0.017565 0.016177 0.008042 0.000481 0.147267 0.008981 2.194983
0.801592 0.017607 0.016110 0.008016 0.000486 0.147203 0.008985 2.196664
0.801721 0.017601 0.016064 0.008034 0.000480 0.147104 0.008996 2.198364
0.801922 0.017560 0.016057 0.008005 0.000481 0.146973 0.009001 2.200052
0.802078 0.017566 0.016031 0.007952 0.000480 0.146888 0.009005 2.201700
0.802149 0.017573 0.016005 0.007974 0.000476 0.146810 0.009015 2.203432
0.802267 0.017580 0.016013 0.007995 0.000478 0.146647 0.009020 2.205153
0.802358 0.017563 0.016028 0.007981 0.000471 0.146571 0.009027 2.206905
0.802454 0.017615 0.015993 0.007958 0.000476 0.146472 0.009033 2.208620
0.802618 0.017591 0.015924 0.008002 0.000480 0.146348 0.009038 2.210346
0.802800 0.017516 0.015931 0.008004 0.000473 0.146232 0.009044 2.212098
0.802953 0.017432 0.016006 0.008017 0.000476 0.146068 0.009049 2.213868
0.803118 0.017426 0.016019 0.008018 0.000472 0.145893 0.009056 2.215571
0.803271 0.017403 0.015989 0.008029 0.000474 0.145770 0.009063 2.217290
0.803290 0.017470 0.015949 0.008054 0.000469 0.145697 0.009071 2.219002
0.803377 0.017424 0.015942 0.008043 0.000468 0.145667 0.009079 2.220751
0.803456 0.017493 0.015884 0.008020 0.000470 0.145590 0.009087 2.222426
0.803493 0.017549 0.015856 0.008013 0.000472 0.145524 0.009093 2.224103
0.803571 0.017504 0.015890 0.008006 0.000465 0.145469 0.009097 2.225840
0.803671 0.017523 0.015840 0.008018 0.000467 0.145380 0.009102 2.227527
0.803781 0.017459 0.015887 0.008020 0.000468 0.145279 0.009107 2.229301
0.803858 0.017423 0.015943 0.008009 0.000466 0.145189 0.009112 2.231028
0.803990 0.017472 0.015894 0.007963 0.000465 0.145099 0.009118 2.232660
0.804097 0.017458 0.015850 0.008019 0.000456 0.144994 0.009127 2.234368
0.804268 0.017494 0.015797 0.008018 0.000455 0.144836 0.009132 2.236037
0.804335 0.017464 0.015805 0.007980 0.000460 0.144821 0.009136 2.237760
0.804530 0.017403 0.015796 0.008006 0.000454 0.144671 0.009141 2.239476
0.804625 0.017365 0.015846 0.008005 0.000460 0.144553 0.009147 2.241213
0.804676 0.017316 0.015869 0.008028 0.000458 0.144502 0.009152 2.242958
0.804760 0.017360 0.015843 0.007999 0.000462 0.144421 0.009154 2.244612
0.804800 0.017350 0.015817 0.008005 0.000464 0.144405 0.009159 2.246339
0.804943 0.017276 0.015825 0.008064 0.000470 0.144262 0.009160 2.248072
0.804954 0.017341 0.015835 0.008077 0.000469 0.144160 0.009166 2.249782
0.805027 0.017315 0.015869 0.008102 0.000466 0.144050 0.009172 2.251501
0.805153 0.017296 0.015833 0.008066 0.000468 0.144005 0.009178 2.253200
0.805242 0.017312 0.015883 0.008072 0.000469 0.143836 0.009187 2.254900
0.805355 0.017315 0.015871 0.008093 0.000469 0.143705 0.009193 2.256588
0.805475 0.017330 0.015837 0.008055 0.000474 0.143628 0.009201 2.258274
0.805630 0.017275 0.015804 0.008048 0.000471 0.143565 0.009208 2.259998
0.805718 0.017308 0.015765 0.008039 0.000476 0.143481 0.009213 2.261714
0.805812 0.017241 0.015806 0.008035 0.000475 0.143414 0.009218 2.263457
0.805878 0.017237 0.015818 0.007984 0.000475 0.143387 0.009222 2.265142
0.805972 0.017250 0.015754 0.007991 0.000473 0.143335 0.009226 2.266802
0.806038 0.017249 0.015794 0.007968 0.000478 0.143241 0.009231 2.268510
0.806110 0.017291 0.015801 0.007965 0.000473 0.143123 0.009238 2.270171
0.806278 0.017263 0.015768 0.008006 0.000477 0.142967 0.009242 2.271883
0.806445 0.017249 0.015744 0.007995 0.000477 0.142842 0.009248 2.273578
0.806552 0.017182 0.015743 0.008000 0.000478 0.142790 0.009256 2.275312
0.806665 0.017200 0.015670 0.008009 0.000478 0.142718 0.009261 2.276986
0.806737 0.017210 0.015721 0.008002 0.000474 0.142588 0.009268 2.278683
0.806866 0.017201 0.015694 0.008026 0.000478 0.142463 0.009274 2.280398
0.806987 0.017202 0.015678 0.008017 0.000484 0.142354 0.009279 2.282068
0.807095 0.017215 0.015657 0.007985 0.000477 0.142286 0.009287 2.283724
0.807164 0.017216 0.015684 0.007979 0.000485 0.142184 0.009289 2.285414
0.807242 0.017176 0.015733 0.007954 0.000482 0.142120 0.009295 2.287126
0.807391 0.017211 0.015672 0.007950 0.000475 0.142002 0.009299 2.288772
0.807461 0.017230 0.015731 0.007966 0.000477 0.141830 0.009305 2.290478
0.807566 0.017231 0.015720 0.007962 0.000471 0.141738 0.009314 2.292170
0.807647 0.017212 0.015723 0.007952 0.000467 0.141677 0.009323 2.293883
0.807643 0.017242 0.015704 0.007970 0.000467 0.141645 0.009328 2.295619
0.807701 0.017275 0.015667 0.007960 0.000462 0.141601 0.009334 2.297302
0.807812 0.017217 0.015683 0.007942 0.000464 0.141542 0.009340 2.299012
0.807901 0.017219 0.015667 0.007973 0.000464 0.141431 0.009345 2.300700
0.807981 0.017261 0.015647 0.007916 0.000473 0.141374 0.009348 2.302358
0.808036 0.017286 0.015688 0.007890 0.000477 0.141269 0.009354 2.304035
0.808014 0.017362 0.015685 0.007831 0.000478 0.141273 0.009358 2.305708
0.808045 0.017382 0.015675 0.007835 0.000474 0.141224 0.009364 2.307400
0.808070 0.017386 0.015654 0.007833 0.000477 0.141209 0.009371 2.309115
0.808137 0.017396 0.015664 0.007832 0.000481 0.141116 0.009374 2.310829
0.808212 0.017390 0.015733 0.007876 0.000476 0.140933 0.009380 2.312544
0.808226 0.017319 0.015746 0.007933 0.000470 0.140919 0.009386 2.314325
0.808154 0.017386 0.015747 0.007975 0.000476 0.140873 0.009389 2.316026
0.808068 0.017487 0.015772 0.007986 0.000472 0.140822 0.009394 2.317714
0.808090 0.017545 0.015815 0.007969 0.000472 0.140712 0.009397 2.319420
0.808020 0.017626 0.015845 0.007975 0.000474 0.140658 0.009403 2.321140
0.808046 0.017606 0.015928 0.007975 0.000471 0.140564 0.009410 2.322908
0.808081 0.017607 0.015967 0.007990 0.000477 0.140462 0.009416 2.324661
0.808063 0.017562 0.016018 0.008035 0.000478 0.140425 0.009419 2.326439
0.808057 0.017534 0.016063 0.008079 0.000478 0.140367 0.009422 2.328222
0.808064 0.017496 0.016113 0.008071 0.000478 0.140350 0.009428 2.330001
0.808055 0.017487 0.016125 0.008091 0.000486 0.140323 0.009434 2.331767
0.808003 0.017622 0.016064 0.008061 0.000487 0.140321 0.009442 2.333433
0.808002 0.017710 0.016027 0.008049 0.000496 0.140270 0.009447 2.335097
0.807945 0.017676 0.016065 0.008078 0.000495 0.140287 0.009454 2.336906
0.807913 0.017699 0.016040 0.008073 0.000489 0.140324 0.009463 2.338647
0.807843 0.017758 0.016010 0.008063 0.000490 0.140368 0.009469 2.340330
0.807825 0.017747 0.016009 0.008071 0.000494 0.140379 0.009475 2.342087
0.807803 0.017764 0.016037 0.008090 0.000502 0.140323 0.009480 2.343828
0.807786 0.017809 0.015999 0.008127 0.000506 0.140289 0.009486 2.345536
0.807704 0.017868 0.015990 0.008134 0.000504 0.140308 0.009492 2.347293
0.807690 0.017874 0.015986 0.008138 0.000506 0.140309 0.009496 2.349027
0.807765 0.017853 0.015947 0.008200 0.000509 0.140227 0.009499 2.350770
0.807735 0.017870 0.015959 0.008183 0.000505 0.140242 0.009506 2.352508
0.807768 0.017846 0.015982 0.008148 0.000510 0.140234 0.009512 2.354254
0.807754 0.017933 0.015975 0.008160 0.000505 0.140152 0.009520 2.355973
0.807792 0.017889 0.015993 0.008157 0.000509 0.140137 0.009525 2.357726
0.807858 0.017920 0.015992 0.008141 0.000506 0.140051 0.009532 2.359444
0.807852 0.017926 0.015992 0.008141 0.000511 0.140041 0.009537 2.361213
0.807848 0.017854 0.016022 0.008190 0.000501 0.140041 0.009544 2.363016
0.807837 0.017864 0.016067 0.008181 0.000497 0.140004 0.009549 2.364739
0.807858 0.017869 0.016056 0.008169 0.000486 0.140004 0.009558 2.366479
0.807821 0.017880 0.016074 0.008196 0.000488 0.139981 0.009560 2.368228
0.807761 0.017938 0.016083 0.008172 0.000496 0.139988 0.009563 2.369963
0.807799 0.017881 0.016142 0.008208 0.000494 0.139907 0.009569 2.371763
0.807797 0.017859 0.016202 0.008230 0.000493 0.139842 0.009578 2.373549
0.807754 0.017870 0.016206 0.008257 0.000491 0.139840 0.009583 2.375287
0.807736 0.017865 0.016201 0.008245 0.000488 0.139878 0.009588 2.377044
0.807761 0.017878 0.016147 0.008217 0.000489 0.139915 0.009593 2.378758
0.807775 0.017887 0.016152 0.008194 0.000481 0.139911 0.009600 2.380488
0.807754 0.017891 0.016191 0.008216 0.000478 0.139865 0.009606 2.382273
0.807765 0.017932 0.016191 0.008214 0.000484 0.139805 0.009609 2.383990
0.807714 0.017924 0.016199 0.008250 0.000483 0.139817 0.009615 2.385761
0.807714 0.017930 0.016224 0.008229 0.000483 0.139800 0.009620 2.387525
0.807743 0.018012 0.016212 0.008245 0.000483 0.139680 0.009625 2.389231
0.807689 0.017999 0.016292 0.008272 0.000482 0.139636 0.009630 2.390991
0.807661 0.018006 0.016332 0.008267 0.000488 0.139613 0.009634 2.392777
0.807546 0.018039 0.016307 0.008260 0.000495 0.139715 0.009638 2.394533
0.807558 0.018015 0.016273 0.008283 0.000489 0.139739 0.009645 2.396294
0.807550 0.017980 0.016249 0.008278 0.000492 0.139800 0.009652 2.398057
0.807529 0.017994 0.016240 0.008271 0.000487 0.139819 0.009661 2.399789
0.807518 0.018038 0.016222 0.008256 0.000484 0.139817 0.009667 2.401527
0.807517 0.018028 0.016218 0.008239 0.000482 0.139840 0.009675 2.403280
0.807462 0.017964 0.016305 0.008262 0.000486 0.139843 0.009679 2.405116
0.807483 0.017876 0.016348 0.008238 0.000485 0.139884 0.009686 2.406907
0.807469 0.017871 0.016362 0.008235 0.000486 0.139887 0.009691 2.408675
0.807405 0.017871 0.016390 0.008251 0.000485 0.139901 0.009697 2.410452
0.807390 0.017844 0.016361 0.008261 0.000487 0.139955 0.009705 2.412242
0.807388 0.017885 0.016381 0.008235 0.000491 0.139911 0.009710 2.413981
0.807323 0.017935 0.016342 0.008239 0.000491 0.139957 0.009715 2.415701
0.807331 0.017915 0.016349 0.008236 0.000491 0.139958 0.009721 2.417458
0.807300 0.017943 0.016372 0.008201 0.000497 0.139963 0.009726 2.419205
0.807199 0.017943 0.016362 0.008260 0.000494 0.140011 0.009731 2.421002
0.807184 0.017911 0.016405 0.008275 0.000495 0.139992 0.009737 2.422784
0.807164 0.017974 0.016416 0.008269 0.000491 0.139945 0.009743 2.424518
0.807168 0.017998 0.016393 0.008272 0.000493 0.139928 0.009748 2.426280
0.807247 0.017929 0.016445 0.008291 0.000497 0.139837 0.009755 2.428088
0.807246 0.017970 0.016477 0.008273 0.000496 0.139775 0.009763 2.429813
0.807220 0.018034 0.016516 0.008245 0.000493 0.139722 0.009770 2.431564
0.807221 0.017995 0.016499 0.008247 0.000500 0.139759 0.009778 2.433313
0.807222 0.018020 0.016454 0.008266 0.000502 0.139752 0.009785 2.435046
0.807157 0.018035 0.016496 0.008242 0.000499 0.139781 0.009791 2.436801
0.807115 0.018034 0.016488 0.008210 0.000499 0.139858 0.009795 2.438550
0.807143 0.017974 0.016512 0.008191 0.000504 0.139878 0.009799 2.440351
0.807102 0.017986 0.016524 0.008178 0.000505 0.139899 0.009806 2.442126
0.807090 0.017996 0.016526 0.008181 0.000504 0.139888 0.009814 2.443893
0.807030 0.018043 0.016450 0.008216 0.000506 0.139934 0.009821 2.445665
0.806909 0.018084 0.016378 0.008254 0.000500 0.140046 0.009828 2.447420
0.806923 0.018004 0.016339 0.008264 0.000507 0.140130 0.009832 2.449209
0.806893 0.017979 0.016386 0.008276 0.000509 0.140117 0.009840 2.451010
0.806949 0.017937 0.016377 0.008305 0.000507 0.140076 0.009848 2.452777
0.806920 0.017929 0.016394 0.008303 0.000503 0.140098 0.009853 2.454541
0.806946 0.017896 0.016381 0.008269 0.000505 0.140144 0.009858 2.456269
0.806963 0.017883 0.016387 0.008257 0.000497 0.140150 0.009863 2.458025
0.806930 0.017932 0.016345 0.008262 0.000502 0.140160 0.009871 2.459759
0.806831 0.017969 0.016369 0.008262 0.000499 0.140194 0.009877 2.461525
0.806863 0.017985 0.016364 0.008279 0.000502 0.140125 0.009883 2.463274
0.806900 0.017988 0.016290 0.008296 0.000503 0.140135 0.009889 2.465006
0.806902 0.018048 0.016284 0.008267 0.000503 0.140101 0.009895 2.466730
0.806921 0.018029 0.016311 0.008319 0.000505 0.140016 0.009900 2.468510
0.806880 0.018081 0.016295 0.008281 0.000506 0.140049 0.009908 2.470228
0.806859 0.018022 0.016357 0.008285 0.000509 0.140055 0.009914 2.472014
0.806808 0.018074 0.016339 0.008270 0.000508 0.140083 0.009918 2.473718
0.806803 0.018007 0.016352 0.008316 0.000510 0.140088 0.009924 2.475530
0.806722 0.018071 0.016333 0.008301 0.000506 0.140138 0.009929 2.477248
0.806730 0.018087 0.016349 0.008281 0.000500 0.140119 0.009935 2.478998
0.806738 0.018042 0.016440 0.008314 0.000499 0.140026 0.009942 2.480815
0.806713 0.018066 0.016438 0.008297 0.000495 0.140046 0.009946 2.482557
0.806655 0.018117 0.016436 0.008279 0.000496 0.140063 0.009954 2.484313
0.806637 0.018103 0.016437 0.008268 0.000500 0.140097 0.009958 2.486098
0.806631 0.018089 0.016429 0.008281 0.000502 0.140105 0.009963 2.487912
0.806670 0.018054 0.016426 0.008292 0.000499 0.140088 0.009973 2.489687
0.806596 0.018036 0.016489 0.008298 0.000500 0.140103 0.009979 2.491498
0.806487 0.018149 0.016471 0.008294 0.000496 0.140115 0.009988 2.493241
0.806430 0.018184 0.016426 0.008273 0.000494 0.140199 0.009996 2.495007
0.806386 0.018190 0.016409 0.008252 0.000494 0.140269 0.010001 2.496794
0.806441 0.018154 0.016425 0.008245 0.000492 0.140237 0.010008 2.498569
0.806422 0.018172 0.016380 0.008220 0.000492 0.140300 0.010015 2.500328
0.806454 0.018109 0.016399 0.008235 0.000497 0.140291 0.010016 2.502124
0.806446 0.018088 0.016409 0.008210 0.000499 0.140329 0.010019 2.503865
0.806397 0.018081 0.016419 0.008201 0.000497 0.140377 0.010028 2.505637
0.806357 0.018138 0.016398 0.008204 0.000496 0.140371 0.010036 2.507369
0.806343 0.018139 0.016420 0.008226 0.000500 0.140329 0.010043 2.509133
0.806334 0.018130 0.016434 0.008236 0.000496 0.140321 0.010050 2.510915
0.806339 0.018054 0.016509 0.008226 0.000493 0.140324 0.010056 2.512753
0.806314 0.018075 0.016510 0.008206 0.000488 0.140344 0.010063 2.514487
0.806320 0.018053 0.016527 0.008217 0.000486 0.140331 0.010067 2.516279
0.806321 0.018002 0.016534 0.008207 0.000495 0.140371 0.010071 2.518036
0.806264 0.018065 0.016509 0.008215 0.000494 0.140377 0.010077 2.519773
0.806216 0.018069 0.016524 0.008253 0.000499 0.140356 0.010082 2.521551
0.806130 0.018103 0.016572 0.008225 0.000496 0.140389 0.010086 2.523337
0.806069 0.018092 0.016537 0.008209 0.000503 0.140500 0.010090 2.525119
0.806009 0.018129 0.016545 0.008221 0.000501 0.140500 0.010096 2.526871
0.805950 0.018113 0.016530 0.008260 0.000496 0.140549 0.010102 2.528674
0.805968 0.018074 0.016474 0.008293 0.000490 0.140593 0.010109 2.530429
0.805996 0.018046 0.016476 0.008327 0.000501 0.140543 0.010113 2.532224
0.805958 0.018001 0.016484 0.008331 0.000509 0.140598 0.010120 2.534040
0.805988 0.018035 0.016460 0.008337 0.000506 0.140546 0.010129 2.535777
0.806068 0.018043 0.016452 0.008302 0.000506 0.140495 0.010134 2.537517
0.806065 0.018097 0.016432 0.008256 0.000502 0.140506 0.010142 2.539258
0.806042 0.018066 0.016449 0.008261 0.000504 0.140531 0.010148 2.541049
0.806092 0.017991 0.016422 0.008277 0.000504 0.140559 0.010157 2.542838
0.806078 0.017969 0.016472 0.008280 0.000498 0.140534 0.010170 2.544628
0.806089 0.017937 0.016473 0.008328 0.000496 0.140506 0.010174 2.546399
0.806017 0.017960 0.016441 0.008314 0.000501 0.140586 0.010182 2.548151
0.806063 0.017956 0.016475 0.008281 0.000508 0.140531 0.010187 2.549888
0.806088 0.017896 0.016445 0.008308 0.000515 0.140557 0.010192 2.551673
