0.348283 0.063318 0.056452 0.032316 0.002102 0.491490 0.006039 1.598960
0.350960 0.060701 0.056458 0.032198 0.002105 0.491508 0.006071 1.605108
0.354423 0.057529 0.056279 0.031847 0.002111 0.491709 0.006102 1.610938
0.358366 0.054341 0.055877 0.031306 0.002112 0.491868 0.006130 1.616295
0.362600 0.050986 0.055356 0.030763 0.002128 0.492016 0.006151 1.621487
0.367072 0.047698 0.054723 0.030071 0.002131 0.492127 0.006178 1.626335
0.371819 0.044597 0.053902 0.029315 0.002116 0.492042 0.006209 1.630743
0.376940 0.041555 0.052929 0.028579 0.002115 0.491643 0.006238 1.634924
0.382017 0.038692 0.051841 0.027833 0.002086 0.491257 0.006274 1.638831
0.387148 0.035964 0.050764 0.026984 0.002091 0.490751 0.006298 1.642536
0.392422 0.033463 0.049504 0.026119 0.002082 0.490095 0.006314 1.645896
0.397703 0.031128 0.048164 0.025272 0.002079 0.489314 0.006338 1.649042
0.402999 0.028954 0.046831 0.024420 0.002041 0.488387 0.006368 1.651985
0.408298 0.026957 0.045346 0.023599 0.002023 0.487375 0.006402 1.654689
0.413712 0.025066 0.043947 0.022697 0.002012 0.486142 0.006423 1.657246
0.419233 0.023336 0.042435 0.021853 0.002006 0.484690 0.006448 1.659584
0.424581 0.021756 0.041041 0.021065 0.001976 0.483110 0.006471 1.661782
0.430056 0.020329 0.039535 0.020216 0.001945 0.481423 0.006498 1.663795
0.435444 0.019012 0.038075 0.019378 0.001932 0.479638 0.006521 1.665693
0.440924 0.017803 0.036658 0.018556 0.001911 0.477606 0.006541 1.667452
0.446323 0.016733 0.035202 0.017743 0.001888 0.475548 0.006564 1.669056
0.451714 0.015727 0.033739 0.017036 0.001863 0.473329 0.006592 1.670564
0.457205 0.014759 0.032408 0.016227 0.001830 0.470954 0.006618 1.671981
0.462637 0.013822 0.031139 0.015571 0.001806 0.468382 0.006643 1.673380
0.468037 0.012962 0.029850 0.014868 0.001770 0.465843 0.006671 1.674683
0.473360 0.012161 0.028647 0.014239 0.001738 0.463156 0.006699 1.675912
0.478781 0.011416 0.027399 0.013592 0.001706 0.460385 0.006721 1.677042
0.484147 0.010798 0.026213 0.012964 0.001678 0.457456 0.006743 1.678059
0.489387 0.010223 0.025037 0.012389 0.001644 0.454562 0.006757 1.679024
0.494664 0.009618 0.023934 0.011838 0.001613 0.451558 0.006777 1.679987
0.499785 0.009079 0.022908 0.011307 0.001585 0.448543 0.006793 1.680912
0.505017 0.008608 0.021915 0.010773 0.001546 0.445325 0.006816 1.681758
0.510189 0.008136 0.020978 0.010249 0.001506 0.442101 0.006840 1.682581
0.515321 0.007738 0.020103 0.009745 0.001460 0.438771 0.006862 1.683330
0.520500 0.007357 0.019177 0.009315 0.001422 0.435346 0.006882 1.684052
0.525516 0.007004 0.018365 0.008894 0.001387 0.431936 0.006898 1.684722
0.530486 0.006646 0.017577 0.008470 0.001354 0.428554 0.006913 1.685385
0.535512 0.006317 0.016809 0.008077 0.001324 0.425026 0.006935 1.686008
0.540462 0.006029 0.016007 0.007731 0.001288 0.421528 0.006955 1.686592
0.545357 0.005791 0.015301 0.007379 0.001250 0.417950 0.006973 1.687135
0.550282 0.005529 0.014610 0.007008 0.001217 0.414366 0.006988 1.687675
0.555232 0.005284 0.013955 0.006666 0.001189 0.410667 0.007007 1.688210
0.560113 0.005081 0.013354 0.006367 0.001161 0.406899 0.007025 1.688692
0.565004 0.004837 0.012774 0.006070 0.001136 0.403138 0.007040 1.689167
0.569784 0.004611 0.012181 0.005821 0.001105 0.399444 0.007054 1.689615
0.574379 0.004399 0.011671 0.005567 0.001071 0.395844 0.007071 1.690038
0.579009 0.004229 0.011131 0.005326 0.001037 0.392184 0.007085 1.690434
0.583711 0.004070 0.010654 0.005079 0.001005 0.388381 0.007099 1.690806
0.588274 0.003917 0.010176 0.004847 0.000978 0.384696 0.007111 1.691167
0.592759 0.003776 0.009736 0.004586 0.000947 0.381069 0.007126 1.691516
0.597265 0.003622 0.009319 0.004371 0.000920 0.377364 0.007140 1.691869
0.601656 0.003531 0.008880 0.004192 0.000898 0.373694 0.007149 1.692179
0.606134 0.003423 0.008512 0.003991 0.000881 0.369902 0.007157 1.692480
0.610519 0.003319 0.008157 0.003802 0.000863 0.366168 0.007171 1.692785
0.614940 0.003205 0.007781 0.003638 0.000839 0.362415 0.007181 1.693085
0.619191 0.003113 0.007436 0.003474 0.000813 0.358780 0.007193 1.693369
0.623393 0.003010 0.007164 0.003361 0.000788 0.355081 0.007204 1.693664
0.627678 0.002935 0.006873 0.003225 0.000763 0.351312 0.007216 1.693936
0.631855 0.002873 0.006589 0.003087 0.000741 0.347628 0.007227 1.694179
0.635969 0.002825 0.006287 0.002942 0.000719 0.344022 0.007235 1.694400
0.640100 0.002732 0.006019 0.002831 0.000696 0.340379 0.007243 1.694651
0.644106 0.002659 0.005783 0.002732 0.000673 0.336794 0.007254 1.694894
0.648148 0.002582 0.005579 0.002636 0.000656 0.333135 0.007264 1.695135
0.652120 0.002532 0.005352 0.002521 0.000636 0.329571 0.007269 1.695341
0.656083 0.002447 0.005151 0.002431 0.000614 0.325998 0.007277 1.695568
0.659990 0.002375 0.004980 0.002347 0.000596 0.322427 0.007286 1.695785
0.663853 0.002341 0.004769 0.002243 0.000579 0.318920 0.007295 1.695967
0.667658 0.002294 0.004564 0.002168 0.000558 0.315454 0.007306 1.696154
0.671348 0.002237 0.004387 0.002092 0.000540 0.312082 0.007315 1.696355
0.674949 0.002192 0.004222 0.001997 0.000520 0.308799 0.007323 1.696533
0.678591 0.002158 0.004087 0.001931 0.000502 0.305401 0.007330 1.696723
0.682175 0.002123 0.003949 0.001868 0.000485 0.302061 0.007339 1.696905
0.685805 0.002050 0.003840 0.001805 0.000466 0.298687 0.007347 1.697093
0.689407 0.002020 0.003729 0.001740 0.000453 0.295301 0.007352 1.697262
0.692968 0.001959 0.003599 0.001681 0.000440 0.291996 0.007358 1.697441
0.696446 0.001912 0.003476 0.001632 0.000425 0.288747 0.007363 1.697608
0.699913 0.001868 0.003373 0.001578 0.000411 0.285490 0.007368 1.697766
0.703293 0.001845 0.003266 0.001528 0.000399 0.282296 0.007375 1.697923
0.706691 0.001807 0.003149 0.001478 0.000383 0.279111 0.007382 1.698069
0.710045 0.001760 0.003049 0.001436 0.000364 0.275958 0.007389 1.698213
0.713296 0.001744 0.002947 0.001392 0.000350 0.272877 0.007394 1.698336
0.716554 0.001709 0.002856 0.001351 0.000345 0.269787 0.007397 1.698474
0.719825 0.001664 0.002770 0.001321 0.000333 0.266687 0.007400 1.698610
0.722983 0.001638 0.002704 0.001285 0.000322 0.263663 0.007405 1.698743
0.726091 0.001595 0.002617 0.001248 0.000318 0.260725 0.007408 1.698881
0.729273 0.001564 0.002520 0.001220 0.000307 0.257703 0.007414 1.698998
0.732326 0.001545 0.002426 0.001184 0.000300 0.254803 0.007417 1.699113
0.735365 0.001508 0.002343 0.001149 0.000291 0.251924 0.007421 1.699245
0.738344 0.001458 0.002279 0.001115 0.000282 0.249096 0.007426 1.699377
0.741354 0.001439 0.002218 0.001081 0.000274 0.246204 0.007431 1.699487
0.744347 0.001399 0.002150 0.001050 0.000265 0.243353 0.007436 1.699601
0.747319 0.001384 0.002086 0.001019 0.000258 0.240492 0.007442 1.699706
0.750227 0.001339 0.002029 0.000986 0.000254 0.237721 0.007445 1.699826
0.753053 0.001315 0.001977 0.000967 0.000242 0.234998 0.007449 1.699932
0.755882 0.001307 0.001923 0.000955 0.000238 0.232246 0.007450 1.700021
0.758720 0.001276 0.001890 0.000930 0.000232 0.229499 0.007453 1.700127
0.761487 0.001245 0.001852 0.000913 0.000222 0.226824 0.007458 1.700233
0.764160 0.001228 0.001815 0.000897 0.000212 0.224228 0.007461 1.700330
0.766838 0.001215 0.001764 0.000882 0.000206 0.221633 0.007464 1.700426
0.769456 0.001206 0.001713 0.000861 0.000205 0.219095 0.007466 1.700505
0.772097 0.001187 0.001664 0.000839 0.000201 0.216545 0.007468 1.700596
0.774659 0.001181 0.001621 0.000823 0.000188 0.214057 0.007472 1.700671
0.777236 0.001149 0.001596 0.000810 0.000180 0.211553 0.007476 1.700769
0.779813 0.001141 0.001557 0.000787 0.000175 0.209046 0.007479 1.700847
0.782338 0.001114 0.001519 0.000770 0.000173 0.206603 0.007482 1.700940
0.784836 0.001097 0.001493 0.000754 0.000169 0.204167 0.007484 1.701023
0.787350 0.001082 0.001469 0.000738 0.000164 0.201713 0.007484 1.701101
0.789834 0.001066 0.001444 0.000715 0.000157 0.199295 0.007489 1.701170
0.792236 0.001055 0.001420 0.000708 0.000153 0.196939 0.007489 1.701247
0.794648 0.001024 0.001407 0.000695 0.000149 0.194588 0.007490 1.701338
0.797008 0.001017 0.001377 0.000684 0.000142 0.192278 0.007493 1.701404
0.799264 0.001017 0.001340 0.000665 0.000140 0.190080 0.007494 1.701465
0.801501 0.001001 0.001334 0.000646 0.000137 0.187886 0.007496 1.701542
0.803773 0.000988 0.001311 0.000639 0.000132 0.185659 0.007498 1.701613
0.805991 0.000981 0.001290 0.000617 0.000129 0.183494 0.007499 1.701682
0.808205 0.000953 0.001259 0.000610 0.000126 0.181347 0.007500 1.701759
0.810267 0.000955 0.001237 0.000598 0.000123 0.179319 0.007501 1.701821
0.812373 0.000947 0.001216 0.000586 0.000115 0.177259 0.007504 1.701888
0.814524 0.000943 0.001193 0.000573 0.000113 0.175148 0.007505 1.701948
0.816586 0.000936 0.001184 0.000562 0.000111 0.173115 0.007506 1.702015
0.818675 0.000926 0.001173 0.000553 0.000107 0.171060 0.007508 1.702081
0.820721 0.000914 0.001151 0.000551 0.000103 0.169052 0.007510 1.702150
0.822743 0.000911 0.001121 0.000543 0.000099 0.167073 0.007511 1.702209
0.824757 0.000902 0.001102 0.000539 0.000098 0.165090 0.007512 1.702274
0.826695 0.000890 0.001071 0.000527 0.000094 0.163207 0.007516 1.702330
0.828640 0.000885 0.001059 0.000517 0.000090 0.161293 0.007517 1.702391
0.830483 0.000870 0.001056 0.000510 0.000088 0.159478 0.007518 1.702456
0.832357 0.000861 0.001036 0.000509 0.000087 0.157633 0.007518 1.702516
0.834200 0.000844 0.001021 0.000507 0.000086 0.155825 0.007518 1.702573
0.836083 0.000832 0.001000 0.000502 0.000081 0.153985 0.007518 1.702627
0.837879 0.000834 0.000982 0.000490 0.000080 0.152216 0.007519 1.702675
0.839738 0.000825 0.000963 0.000483 0.000076 0.150394 0.007520 1.702721
0.841542 0.000817 0.000957 0.000480 0.000073 0.148610 0.007522 1.702774
0.843327 0.000816 0.000944 0.000479 0.000072 0.146840 0.007523 1.702828
0.845082 0.000805 0.000925 0.000475 0.000069 0.145121 0.007523 1.702883
0.846827 0.000801 0.000909 0.000466 0.000067 0.143406 0.007524 1.702932
0.848513 0.000791 0.000892 0.000456 0.000066 0.141758 0.007524 1.702978
0.850204 0.000785 0.000883 0.000450 0.000065 0.140090 0.007525 1.703024
0.851894 0.000784 0.000875 0.000445 0.000063 0.138414 0.007526 1.703071
0.853555 0.000784 0.000859 0.000443 0.000060 0.136771 0.007528 1.703117
0.855147 0.000779 0.000849 0.000435 0.000058 0.135204 0.007529 1.703163
0.856730 0.000775 0.000844 0.000436 0.000057 0.133629 0.007530 1.703210
0.858307 0.000765 0.000841 0.000433 0.000055 0.132069 0.007530 1.703260
0.859861 0.000749 0.000836 0.000426 0.000056 0.130542 0.007531 1.703305
0.861371 0.000738 0.000822 0.000424 0.000055 0.129061 0.007531 1.703349
0.862984 0.000720 0.000816 0.000421 0.000055 0.127474 0.007531 1.703397
0.864376 0.000721 0.000805 0.000414 0.000053 0.126099 0.007532 1.703440
0.865850 0.000705 0.000814 0.000415 0.000054 0.124630 0.007532 1.703490
0.867314 0.000707 0.000806 0.000406 0.000055 0.123180 0.007533 1.703527
0.868777 0.000697 0.000789 0.000405 0.000054 0.121745 0.007534 1.703570
0.870170 0.000696 0.000787 0.000398 0.000053 0.120362 0.007535 1.703609
0.871580 0.000688 0.000787 0.000400 0.000052 0.118959 0.007535 1.703652
0.872929 0.000668 0.000797 0.000402 0.000050 0.117620 0.007535 1.703707
0.874301 0.000654 0.000784 0.000400 0.000049 0.116278 0.007536 1.703752
0.875587 0.000657 0.000763 0.000400 0.000046 0.115010 0.007537 1.703788
0.876819 0.000657 0.000757 0.000399 0.000044 0.113788 0.007537 1.703822
0.878110 0.000650 0.000750 0.000395 0.000044 0.112516 0.007537 1.703858
0.879361 0.000649 0.000736 0.000392 0.000042 0.111282 0.007538 1.703894
0.880599 0.000646 0.000734 0.000392 0.000042 0.110051 0.007538 1.703933
0.881839 0.000648 0.000720 0.000382 0.000041 0.108832 0.007538 1.703962
0.883082 0.000633 0.000715 0.000381 0.000041 0.107612 0.007538 1.704004
0.884254 0.000633 0.000709 0.000380 0.000040 0.106446 0.007539 1.704034
0.885456 0.000630 0.000715 0.000376 0.000040 0.105245 0.007539 1.704070
0.886677 0.000630 0.000715 0.000370 0.000038 0.104031 0.007540 1.704100
0.887832 0.000628 0.000706 0.000370 0.000038 0.102886 0.007540 1.704138
0.888978 0.000617 0.000697 0.000357 0.000038 0.101776 0.007540 1.704169
0.890105 0.000617 0.000689 0.000351 0.000038 0.100660 0.007540 1.704202
0.891192 0.000614 0.000691 0.000351 0.000036 0.099577 0.007540 1.704238
0.892287 0.000608 0.000676 0.000349 0.000036 0.098505 0.007540 1.704271
0.893379 0.000605 0.000673 0.000343 0.000035 0.097426 0.007541 1.704302
0.894440 0.000599 0.000676 0.000340 0.000033 0.096372 0.007541 1.704333
0.895458 0.000599 0.000672 0.000336 0.000034 0.095361 0.007541 1.704364
0.896496 0.000590 0.000659 0.000336 0.000032 0.094346 0.007542 1.704397
0.897492 0.000589 0.000649 0.000332 0.000032 0.093364 0.007543 1.704425
0.898508 0.000594 0.000634 0.000331 0.000033 0.092358 0.007543 1.704451
0.899503 0.000580 0.000636 0.000336 0.000032 0.091370 0.007544 1.704491
0.900447 0.000590 0.000622 0.000335 0.000031 0.090432 0.007544 1.704517
0.901357 0.000593 0.000618 0.000326 0.000031 0.089532 0.007544 1.704543
0.902266 0.000589 0.000618 0.000325 0.000030 0.088629 0.007545 1.704572
0.903150 0.000586 0.000618 0.000322 0.000030 0.087750 0.007545 1.704605
0.903975 0.000586 0.000616 0.000314 0.000030 0.086934 0.007545 1.704634
0.904848 0.000585 0.000611 0.000313 0.000030 0.086069 0.007545 1.704667
0.905702 0.000585 0.000607 0.000312 0.000030 0.085220 0.007545 1.704694
0.906515 0.000586 0.000606 0.000309 0.000030 0.084412 0.007545 1.704723
0.907326 0.000578 0.000609 0.000311 0.000028 0.083604 0.007545 1.704758
0.908126 0.000574 0.000603 0.000314 0.000029 0.082810 0.007545 1.704786
0.908887 0.000574 0.000601 0.000315 0.000029 0.082050 0.007545 1.704816
0.909628 0.000582 0.000603 0.000312 0.000028 0.081304 0.007545 1.704839
0.910358 0.000586 0.000602 0.000306 0.000027 0.080576 0.007545 1.704860
0.911073 0.000581 0.000605 0.000304 0.000027 0.079864 0.007545 1.704889
0.911786 0.000575 0.000604 0.000304 0.000028 0.079158 0.007546 1.704921
0.912462 0.000584 0.000602 0.000302 0.000028 0.078477 0.007546 1.704944
0.913111 0.000588 0.000599 0.000305 0.000027 0.077825 0.007546 1.704975
0.913754 0.000582 0.000603 0.000310 0.000025 0.077180 0.007546 1.705010
0.914403 0.000582 0.000606 0.000304 0.000025 0.076534 0.007546 1.705036
0.915046 0.000573 0.000603 0.000307 0.000027 0.075900 0.007546 1.705066
0.915671 0.000568 0.000602 0.000309 0.000027 0.075278 0.007546 1.705094
0.916278 0.000571 0.000595 0.000309 0.000027 0.074675 0.007547 1.705121
0.916876 0.000568 0.000588 0.000304 0.000027 0.074090 0.007547 1.705146
0.917468 0.000570 0.000588 0.000301 0.000027 0.073500 0.007547 1.705173
0.918009 0.000558 0.000585 0.000300 0.000025 0.072976 0.007547 1.705210
0.918566 0.000562 0.000582 0.000297 0.000025 0.072421 0.007547 1.705231
0.919097 0.000567 0.000579 0.000294 0.000025 0.071890 0.007547 1.705254
0.919599 0.000569 0.000575 0.000297 0.000025 0.071388 0.007547 1.705281
0.920105 0.000572 0.000569 0.000297 0.000024 0.070887 0.007547 1.705298
0.920605 0.000568 0.000566 0.000293 0.000023 0.070398 0.007548 1.705324
0.921070 0.000573 0.000563 0.000295 0.000022 0.069930 0.007548 1.705351
0.921541 0.000570 0.000563 0.000293 0.000022 0.069462 0.007549 1.705380
0.922009 0.000563 0.000561 0.000295 0.000022 0.069002 0.007549 1.705407
0.922488 0.000561 0.000559 0.000298 0.000021 0.068525 0.007550 1.705437
0.922933 0.000553 0.000557 0.000301 0.000021 0.068086 0.007550 1.705466
0.923366 0.000551 0.000554 0.000301 0.000021 0.067658 0.007550 1.705493
0.923791 0.000545 0.000552 0.000301 0.000021 0.067240 0.007550 1.705518
0.924199 0.000545 0.000550 0.000298 0.000021 0.066837 0.007550 1.705540
0.924603 0.000541 0.000553 0.000298 0.000021 0.066435 0.007550 1.705569
0.925028 0.000542 0.000550 0.000295 0.000021 0.066014 0.007550 1.705589
0.925448 0.000538 0.000555 0.000297 0.000020 0.065593 0.007550 1.705618
0.925834 0.000530 0.000554 0.000300 0.000021 0.065211 0.007551 1.705651
0.926225 0.000520 0.000552 0.000298 0.000021 0.064833 0.007551 1.705676
0.926607 0.000519 0.000551 0.000296 0.000021 0.064457 0.007551 1.705700
0.926983 0.000518 0.000542 0.000291 0.000021 0.064094 0.007551 1.705717
0.927335 0.000518 0.000540 0.000289 0.000020 0.063747 0.007552 1.705737
0.927686 0.000518 0.000536 0.000294 0.000019 0.063396 0.007552 1.705761
0.928042 0.000515 0.000529 0.000299 0.000019 0.063045 0.007553 1.705782
0.928394 0.000512 0.000526 0.000294 0.000019 0.062702 0.007553 1.705802
0.928716 0.000514 0.000530 0.000289 0.000019 0.062380 0.007553 1.705821
0.929019 0.000514 0.000525 0.000286 0.000019 0.062085 0.007553 1.705842
0.929329 0.000521 0.000518 0.000288 0.000018 0.061774 0.007553 1.705863
0.929633 0.000524 0.000511 0.000285 0.000018 0.061477 0.007553 1.705883
0.929928 0.000524 0.000508 0.000278 0.000018 0.061192 0.007553 1.705902
0.930200 0.000526 0.000510 0.000281 0.000018 0.060913 0.007553 1.705923
0.930480 0.000519 0.000517 0.000278 0.000018 0.060636 0.007553 1.705946
0.930749 0.000520 0.000519 0.000278 0.000018 0.060364 0.007553 1.705969
0.931023 0.000516 0.000522 0.000275 0.000018 0.060094 0.007553 1.705992
0.931298 0.000513 0.000521 0.000274 0.000017 0.059824 0.007553 1.706016
0.931557 0.000513 0.000517 0.000273 0.000017 0.059571 0.007553 1.706037
0.931812 0.000510 0.000517 0.000274 0.000017 0.059317 0.007553 1.706061
0.932070 0.000511 0.000512 0.000271 0.000018 0.059064 0.007553 1.706077
0.932275 0.000515 0.000511 0.000272 0.000019 0.058856 0.007553 1.706097
0.932525 0.000510 0.000507 0.000273 0.000019 0.058614 0.007554 1.706118
0.932745 0.000506 0.000503 0.000274 0.000017 0.058401 0.007554 1.706141
0.932978 0.000499 0.000500 0.000270 0.000017 0.058182 0.007554 1.706163
0.933188 0.000497 0.000508 0.000265 0.000017 0.057972 0.007554 1.706186
0.933404 0.000495 0.000506 0.000266 0.000018 0.057758 0.007554 1.706205
0.933609 0.000492 0.000507 0.000269 0.000017 0.057554 0.007554 1.706227
0.933831 0.000483 0.000513 0.000269 0.000017 0.057334 0.007554 1.706252
0.934001 0.000492 0.000508 0.000267 0.000017 0.057162 0.007554 1.706269
0.934184 0.000492 0.000506 0.000266 0.000018 0.056981 0.007554 1.706290
0.934373 0.000483 0.000510 0.000266 0.000018 0.056796 0.007554 1.706316
0.934537 0.000482 0.000512 0.000265 0.000018 0.056631 0.007554 1.706336
0.934716 0.000477 0.000513 0.000267 0.000018 0.056455 0.007554 1.706356
0.934897 0.000481 0.000507 0.000263 0.000017 0.056281 0.007555 1.706372
0.935056 0.000481 0.000503 0.000259 0.000016 0.056130 0.007555 1.706387
0.935197 0.000487 0.000490 0.000260 0.000016 0.055995 0.007555 1.706401
0.935343 0.000484 0.000494 0.000260 0.000016 0.055849 0.007555 1.706424
0.935483 0.000478 0.000498 0.000258 0.000016 0.055714 0.007555 1.706445
0.935615 0.000482 0.000490 0.000259 0.000015 0.055584 0.007555 1.706462
0.935745 0.000489 0.000491 0.000255 0.000015 0.055450 0.007555 1.706480
0.935882 0.000483 0.000489 0.000253 0.000015 0.055324 0.007556 1.706503
0.936020 0.000484 0.000487 0.000254 0.000015 0.055184 0.007556 1.706520
0.936136 0.000484 0.000487 0.000255 0.000015 0.055068 0.007556 1.706537
0.936242 0.000480 0.000487 0.000256 0.000015 0.054963 0.007557 1.706559
0.936358 0.000482 0.000485 0.000255 0.000014 0.054850 0.007557 1.706577
0.936455 0.000484 0.000480 0.000256 0.000014 0.054754 0.007558 1.706596
0.936581 0.000482 0.000476 0.000262 0.000014 0.054628 0.007558 1.706616
0.936686 0.000488 0.000480 0.000257 0.000015 0.054518 0.007558 1.706631
0.936795 0.000476 0.000478 0.000257 0.000015 0.054421 0.007558 1.706657
0.936880 0.000481 0.000477 0.000256 0.000015 0.054334 0.007558 1.706672
0.936983 0.000487 0.000476 0.000255 0.000015 0.054227 0.007558 1.706686
0.937081 0.000500 0.000472 0.000256 0.000015 0.054119 0.007558 1.706700
0.937169 0.000491 0.000474 0.000257 0.000015 0.054038 0.007558 1.706725
0.937261 0.000489 0.000472 0.000258 0.000015 0.053948 0.007558 1.706744
0.937353 0.000480 0.000473 0.000258 0.000015 0.053864 0.007558 1.706767
0.937438 0.000478 0.000476 0.000259 0.000015 0.053777 0.007558 1.706788
0.937532 0.000478 0.000473 0.000258 0.000015 0.053688 0.007558 1.706805
0.937600 0.000488 0.000470 0.000255 0.000015 0.053616 0.007558 1.706821
0.937685 0.000478 0.000470 0.000256 0.000015 0.053537 0.007558 1.706840
0.937763 0.000474 0.000477 0.000255 0.000015 0.053459 0.007558 1.706860
0.937843 0.000472 0.000475 0.000255 0.000014 0.053384 0.007558 1.706879
0.937922 0.000472 0.000475 0.000257 0.000014 0.053303 0.007558 1.706896
0.938005 0.000468 0.000479 0.000255 0.000014 0.053222 0.007558 1.706914
0.938096 0.000464 0.000478 0.000254 0.000014 0.053137 0.007558 1.706932
0.938174 0.000464 0.000479 0.000257 0.000014 0.053054 0.007558 1.706946
0.938252 0.000462 0.000475 0.000254 0.000015 0.052986 0.007558 1.706965
0.938329 0.000460 0.000476 0.000255 0.000015 0.052907 0.007558 1.706981
0.938415 0.000457 0.000469 0.000252 0.000016 0.052833 0.007558 1.706993
0.938488 0.000454 0.000469 0.000251 0.000017 0.052763 0.007558 1.707008
0.938554 0.000454 0.000470 0.000255 0.000017 0.052693 0.007558 1.707029
0.938608 0.000460 0.000468 0.000256 0.000017 0.052633 0.007558 1.707042
0.938673 0.000459 0.000470 0.000259 0.000016 0.052566 0.007558 1.707063
0.938736 0.000454 0.000470 0.000262 0.000016 0.052504 0.007558 1.707085
0.938799 0.000452 0.000471 0.000259 0.000016 0.052446 0.007558 1.707102
0.938867 0.000453 0.000468 0.000257 0.000016 0.052381 0.007558 1.707118
0.938945 0.000453 0.000464 0.000253 0.000016 0.052311 0.007558 1.707134
0.939011 0.000455 0.000462 0.000251 0.000015 0.052248 0.007558 1.707150
0.939079 0.000454 0.000460 0.000248 0.000016 0.052186 0.007558 1.707161
0.939137 0.000451 0.000454 0.000250 0.000016 0.052135 0.007558 1.707179
0.939189 0.000451 0.000450 0.000249 0.000016 0.052087 0.007558 1.707193
0.939239 0.000451 0.000448 0.000248 0.000016 0.052040 0.007558 1.707209
0.939288 0.000449 0.000446 0.000246 0.000016 0.051997 0.007558 1.707225
0.939346 0.000452 0.000445 0.000243 0.000016 0.051942 0.007558 1.707238
0.939402 0.000446 0.000448 0.000241 0.000017 0.051887 0.007558 1.707255
0.939457 0.000443 0.000450 0.000242 0.000016 0.051835 0.007559 1.707271
0.939502 0.000440 0.000453 0.000236 0.000016 0.051794 0.007559 1.707291
0.939546 0.000437 0.000456 0.000233 0.000016 0.051754 0.007559 1.707308
0.939594 0.000440 0.000456 0.000234 0.000016 0.051702 0.007559 1.707323
0.939639 0.000440 0.000459 0.000234 0.000015 0.051656 0.007559 1.707339
0.939701 0.000438 0.000455 0.000233 0.000015 0.051599 0.007559 1.707352
0.939751 0.000444 0.000454 0.000232 0.000016 0.051544 0.007559 1.707365
0.939795 0.000440 0.000453 0.000236 0.000016 0.051502 0.007559 1.707385
0.939836 0.000435 0.000456 0.000237 0.000015 0.051462 0.007560 1.707406
0.939876 0.000437 0.000455 0.000238 0.000015 0.051420 0.007560 1.707419
0.939913 0.000438 0.000452 0.000239 0.000015 0.051385 0.007560 1.707435
0.939953 0.000439 0.000449 0.000242 0.000014 0.051344 0.007560 1.707450
0.939994 0.000432 0.000448 0.000244 0.000014 0.051310 0.007560 1.707466
0.940034 0.000434 0.000444 0.000243 0.000014 0.051272 0.007560 1.707480
0.940077 0.000433 0.000448 0.000241 0.000014 0.051228 0.007560 1.707494
0.940115 0.000437 0.000447 0.000242 0.000014 0.051186 0.007560 1.707511
0.940158 0.000435 0.000452 0.000239 0.000013 0.051143 0.007561 1.707529
0.940192 0.000441 0.000452 0.000240 0.000013 0.051103 0.007561 1.707542
0.940240 0.000439 0.000452 0.000240 0.000014 0.051056 0.007561 1.707559
0.940275 0.000443 0.000450 0.000241 0.000014 0.051016 0.007561 1.707572
0.940313 0.000443 0.000448 0.000238 0.000014 0.050983 0.007561 1.707586
0.940354 0.000441 0.000446 0.000236 0.000014 0.050947 0.007562 1.707598
0.940397 0.000443 0.000446 0.000234 0.000013 0.050906 0.007562 1.707612
0.940427 0.000445 0.000444 0.000236 0.000013 0.050874 0.007562 1.707626
0.940463 0.000444 0.000441 0.000236 0.000013 0.050840 0.007562 1.707641
0.940497 0.000441 0.000438 0.000238 0.000013 0.050812 0.007562 1.707657
0.940530 0.000431 0.000444 0.000239 0.000013 0.050782 0.007562 1.707678
0.940565 0.000431 0.000442 0.000238 0.000013 0.050750 0.007562 1.707693
0.940605 0.000421 0.000443 0.000236 0.000013 0.050720 0.007562 1.707710
0.940633 0.000425 0.000440 0.000237 0.000013 0.050690 0.007562 1.707722
0.940662 0.000425 0.000442 0.000234 0.000013 0.050662 0.007562 1.707736
0.940687 0.000424 0.000441 0.000237 0.000013 0.050637 0.007562 1.707751
0.940715 0.000427 0.000438 0.000242 0.000013 0.050604 0.007563 1.707765
0.940743 0.000423 0.000440 0.000240 0.000013 0.050579 0.007563 1.707779
0.940770 0.000418 0.000443 0.000242 0.000012 0.050553 0.007563 1.707794
0.940795 0.000421 0.000442 0.000239 0.000012 0.050530 0.007563 1.707805
0.940817 0.000424 0.000442 0.000237 0.000012 0.050506 0.007563 1.707818
0.940845 0.000425 0.000441 0.000238 0.000012 0.050477 0.007563 1.707833
0.940874 0.000423 0.000439 0.000238 0.000012 0.050452 0.007563 1.707847
0.940909 0.000421 0.000439 0.000236 0.000012 0.050420 0.007563 1.707860
0.940936 0.000418 0.000439 0.000233 0.000012 0.050400 0.007563 1.707874
0.940956 0.000420 0.000438 0.000232 0.000012 0.050380 0.007563 1.707886
0.940984 0.000424 0.000435 0.000233 0.000013 0.050349 0.007563 1.707896
0.941004 0.000424 0.000435 0.000230 0.000013 0.050332 0.007563 1.707907
0.941020 0.000423 0.000432 0.000228 0.000013 0.050322 0.007563 1.707919
0.941043 0.000421 0.000431 0.000229 0.000012 0.050301 0.007564 1.707931
0.941060 0.000426 0.000430 0.000227 0.000012 0.050281 0.007564 1.707938
0.941084 0.000423 0.000431 0.000223 0.000012 0.050263 0.007564 1.707951
0.941107 0.000424 0.000429 0.000222 0.000012 0.050244 0.007564 1.707963
0.941131 0.000419 0.000429 0.000222 0.000012 0.050224 0.007564 1.707978
0.941160 0.000418 0.000423 0.000220 0.000013 0.050203 0.007564 1.707988
0.941178 0.000421 0.000418 0.000217 0.000013 0.050190 0.007564 1.707995
0.941187 0.000425 0.000416 0.000218 0.000013 0.050179 0.007564 1.708006
0.941199 0.000425 0.000419 0.000215 0.000013 0.050165 0.007564 1.708019
0.941214 0.000424 0.000423 0.000214 0.000013 0.050148 0.007564 1.708034
0.941230 0.000427 0.000425 0.000212 0.000013 0.050129 0.007564 1.708047
0.941252 0.000427 0.000424 0.000210 0.000013 0.050111 0.007564 1.708055
0.941267 0.000426 0.000423 0.000214 0.000013 0.050094 0.007564 1.708071
0.941280 0.000426 0.000422 0.000213 0.000013 0.050083 0.007564 1.708084
0.941303 0.000425 0.000418 0.000213 0.000013 0.050064 0.007564 1.708095
0.941330 0.000426 0.000416 0.000213 0.000013 0.050039 0.007564 1.708106
0.941351 0.000422 0.000414 0.000215 0.000012 0.050021 0.007564 1.708120
0.941367 0.000421 0.000415 0.000215 0.000012 0.050006 0.007564 1.708132
0.941386 0.000420 0.000414 0.000213 0.000012 0.049992 0.007564 1.708143
0.941401 0.000423 0.000411 0.000212 0.000012 0.049978 0.007564 1.708154
0.941418 0.000423 0.000411 0.000210 0.000012 0.049962 0.007564 1.708168
0.941437 0.000417 0.000410 0.000213 0.000012 0.049947 0.007564 1.708182
0.941454 0.000417 0.000412 0.000214 0.000012 0.049928 0.007564 1.708193
0.941464 0.000416 0.000413 0.000215 0.000012 0.049917 0.007564 1.708207
0.941487 0.000413 0.000412 0.000217 0.000012 0.049897 0.007564 1.708219
0.941501 0.000415 0.000409 0.000212 0.000012 0.049887 0.007564 1.708226
0.941516 0.000410 0.000412 0.000215 0.000011 0.049872 0.007565 1.708241
0.941536 0.000399 0.000411 0.000219 0.000010 0.049860 0.007565 1.708256
0.941547 0.000396 0.000416 0.000217 0.000011 0.049850 0.007565 1.708269
0.941565 0.000399 0.000416 0.000217 0.000011 0.049828 0.007565 1.708276
0.941574 0.000401 0.000414 0.000214 0.000011 0.049821 0.007565 1.708285
0.941592 0.000398 0.000411 0.000211 0.000011 0.049812 0.007565 1.708297
0.941606 0.000398 0.000410 0.000208 0.000011 0.049803 0.007565 1.708307
0.941620 0.000398 0.000406 0.000211 0.000011 0.049789 0.007565 1.708318
0.941637 0.000395 0.000405 0.000212 0.000011 0.049776 0.007565 1.708332
0.941650 0.000395 0.000404 0.000210 0.000011 0.049766 0.007565 1.708342
0.941669 0.000392 0.000400 0.000211 0.000011 0.049753 0.007565 1.708353
0.941688 0.000390 0.000400 0.000214 0.000011 0.049733 0.007565 1.708365
0.941706 0.000380 0.000402 0.000215 0.000011 0.049723 0.007565 1.708380
0.941718 0.000379 0.000398 0.000214 0.000011 0.049715 0.007565 1.708389
0.941729 0.000381 0.000401 0.000213 0.000011 0.049701 0.007565 1.708399
0.941743 0.000378 0.000403 0.000213 0.000011 0.049688 0.007565 1.708412
0.941753 0.000378 0.000401 0.000213 0.000011 0.049680 0.007565 1.708423
0.941767 0.000381 0.000398 0.000213 0.000011 0.049666 0.007565 1.708430
0.941782 0.000382 0.000398 0.000213 0.000011 0.049651 0.007565 1.708438
0.941791 0.000384 0.000394 0.000212 0.000011 0.049644 0.007565 1.708446
0.941809 0.000379 0.000398 0.000211 0.000011 0.049628 0.007565 1.708458
0.941816 0.000384 0.000399 0.000209 0.000011 0.049617 0.007565 1.708467
0.941821 0.000389 0.000398 0.000207 0.000010 0.049610 0.007565 1.708474
0.941837 0.000394 0.000397 0.000207 0.000010 0.049592 0.007565 1.708481
0.941851 0.000390 0.000397 0.000210 0.000010 0.049577 0.007565 1.708493
0.941865 0.000384 0.000394 0.000210 0.000010 0.049573 0.007565 1.708504
0.941883 0.000384 0.000389 0.000210 0.000010 0.049560 0.007565 1.708512
0.941892 0.000388 0.000389 0.000208 0.000010 0.049549 0.007565 1.708521
0.941902 0.000387 0.000391 0.000208 0.000010 0.049538 0.007565 1.708533
0.941920 0.000389 0.000390 0.000208 0.000010 0.049519 0.007565 1.708542
0.941926 0.000390 0.000391 0.000209 0.000010 0.049510 0.007565 1.708552
0.941937 0.000389 0.000390 0.000209 0.000010 0.049499 0.007565 1.708562
0.941952 0.000390 0.000392 0.000208 0.000010 0.049483 0.007565 1.708572
0.941963 0.000384 0.000392 0.000211 0.000010 0.049476 0.007565 1.708583
0.941974 0.000381 0.000387 0.000211 0.000010 0.049473 0.007565 1.708593
0.941980 0.000385 0.000389 0.000209 0.000010 0.049462 0.007565 1.708603
0.941994 0.000378 0.000391 0.000213 0.000010 0.049450 0.007565 1.708616
0.942007 0.000373 0.000394 0.000209 0.000010 0.049442 0.007565 1.708628
0.942011 0.000376 0.000391 0.000206 0.000010 0.049441 0.007565 1.708633
0.942024 0.000372 0.000394 0.000205 0.000010 0.049430 0.007565 1.708646
0.942030 0.000374 0.000395 0.000203 0.000010 0.049422 0.007565 1.708653
0.942039 0.000377 0.000393 0.000203 0.000010 0.049414 0.007565 1.708661
0.942052 0.000374 0.000395 0.000202 0.000010 0.049401 0.007565 1.708669
0.942066 0.000371 0.000395 0.000204 0.000010 0.049389 0.007565 1.708680
0.942081 0.000368 0.000394 0.000204 0.000010 0.049378 0.007565 1.708688
0.942092 0.000368 0.000391 0.000203 0.000010 0.049369 0.007565 1.708693
0.942103 0.000368 0.000392 0.000206 0.000010 0.049356 0.007565 1.708704
0.942108 0.000371 0.000391 0.000202 0.000010 0.049353 0.007565 1.708708
0.942123 0.000362 0.000392 0.000203 0.000010 0.049345 0.007565 1.708718
0.942140 0.000360 0.000391 0.000202 0.000010 0.049333 0.007566 1.708726
0.942147 0.000362 0.000383 0.000202 0.000010 0.049331 0.007566 1.708731
0.942155 0.000363 0.000385 0.000204 0.000010 0.049318 0.007566 1.708740
0.942161 0.000364 0.000384 0.000204 0.000010 0.049312 0.007566 1.708749
0.942167 0.000364 0.000380 0.000202 0.000010 0.049312 0.007566 1.708756
0.942177 0.000368 0.000378 0.000201 0.000010 0.049301 0.007566 1.708759
0.942183 0.000369 0.000378 0.000201 0.000010 0.049294 0.007566 1.708767
0.942190 0.000368 0.000380 0.000201 0.000010 0.049285 0.007566 1.708776
0.942203 0.000365 0.000381 0.000199 0.000010 0.049277 0.007566 1.708784
0.942209 0.000369 0.000375 0.000199 0.000010 0.049274 0.007566 1.708788
0.942211 0.000371 0.000379 0.000197 0.000010 0.049267 0.007566 1.708796
0.942221 0.000375 0.000376 0.000199 0.000010 0.049255 0.007566 1.708801
0.942223 0.000373 0.000374 0.000201 0.000010 0.049255 0.007566 1.708811
0.942231 0.000370 0.000373 0.000201 0.000010 0.049249 0.007566 1.708818
0.942234 0.000370 0.000374 0.000203 0.000010 0.049245 0.007566 1.708826
0.942243 0.000372 0.000373 0.000202 0.000010 0.049235 0.007566 1.708832
0.942250 0.000370 0.000371 0.000203 0.000010 0.049231 0.007566 1.708841
0.942257 0.000363 0.000373 0.000206 0.000010 0.049227 0.007566 1.708853
0.942258 0.000368 0.000374 0.000204 0.000010 0.049221 0.007566 1.708860
0.942266 0.000367 0.000372 0.000207 0.000010 0.049214 0.007566 1.708869
0.942274 0.000367 0.000370 0.000208 0.000010 0.049207 0.007566 1.708877
0.942287 0.000364 0.000366 0.000207 0.000010 0.049201 0.007566 1.708884
0.942292 0.000364 0.000369 0.000208 0.000010 0.049193 0.007566 1.708893
0.942293 0.000367 0.000368 0.000203 0.000010 0.049195 0.007566 1.708898
0.942300 0.000365 0.000367 0.000203 0.000010 0.049191 0.007566 1.708908
0.942311 0.000362 0.000369 0.000203 0.000010 0.049180 0.007566 1.708917
0.942319 0.000364 0.000369 0.000204 0.000010 0.049170 0.007566 1.708924
0.942325 0.000364 0.000370 0.000205 0.000010 0.049161 0.007566 1.708930
0.942334 0.000363 0.000370 0.000204 0.000010 0.049155 0.007566 1.708938
0.942339 0.000360 0.000370 0.000203 0.000010 0.049152 0.007566 1.708947
0.942343 0.000363 0.000368 0.000201 0.000010 0.049150 0.007566 1.708952
0.942354 0.000364 0.000365 0.000200 0.000010 0.049141 0.007566 1.708958
0.942355 0.000367 0.000362 0.000199 0.000010 0.049143 0.007566 1.708965
0.942361 0.000365 0.000362 0.000200 0.000010 0.049136 0.007566 1.708973
0.942367 0.000359 0.000365 0.000200 0.000010 0.049133 0.007566 1.708983
0.942369 0.000363 0.000366 0.000200 0.000010 0.049127 0.007566 1.708989
0.942371 0.000362 0.000364 0.000202 0.000010 0.049126 0.007566 1.708997
0.942377 0.000358 0.000363 0.000204 0.000010 0.049122 0.007566 1.709007
0.942387 0.000358 0.000363 0.000204 0.000010 0.049112 0.007566 1.709014
0.942391 0.000359 0.000365 0.000201 0.000010 0.049108 0.007566 1.709019
0.942398 0.000354 0.000361 0.000203 0.000010 0.049108 0.007566 1.709028
0.942405 0.000355 0.000363 0.000202 0.000011 0.049100 0.007566 1.709033
0.942409 0.000358 0.000362 0.000200 0.000011 0.049095 0.007566 1.709036
0.942419 0.000354 0.000361 0.000202 0.000011 0.049088 0.007566 1.709042
0.942427 0.000350 0.000360 0.000203 0.000012 0.049084 0.007566 1.709050
0.942432 0.000348 0.000364 0.000201 0.000012 0.049079 0.007566 1.709059
0.942436 0.000349 0.000361 0.000202 0.000012 0.049076 0.007566 1.709064
0.942439 0.000353 0.000360 0.000200 0.000012 0.049072 0.007566 1.709068
0.942449 0.000351 0.000357 0.000198 0.000012 0.049068 0.007566 1.709075
0.942455 0.000351 0.000357 0.000197 0.000012 0.049063 0.007566 1.709079
0.942459 0.000349 0.000355 0.000198 0.000012 0.049062 0.007566 1.709085
0.942465 0.000349 0.000353 0.000197 0.000011 0.049061 0.007566 1.709091
0.942473 0.000344 0.000355 0.000198 0.000011 0.049054 0.007566 1.709100
0.942478 0.000340 0.000355 0.000199 0.000010 0.049051 0.007566 1.709109
0.942482 0.000340 0.000358 0.000199 0.000010 0.049043 0.007566 1.709116
0.942488 0.000339 0.000361 0.000197 0.000010 0.049040 0.007566 1.709123
0.942497 0.000336 0.000360 0.000197 0.000010 0.049034 0.007566 1.709129
0.942510 0.000334 0.000360 0.000195 0.000010 0.049025 0.007566 1.709134
0.942510 0.000337 0.000357 0.000192 0.000010 0.049027 0.007566 1.709138
0.942517 0.000338 0.000359 0.000192 0.000010 0.049017 0.007566 1.709143
0.942526 0.000337 0.000359 0.000193 0.000010 0.049011 0.007566 1.709148
0.942532 0.000333 0.000361 0.000193 0.000010 0.049006 0.007566 1.709154
0.942534 0.000337 0.000357 0.000193 0.000010 0.049005 0.007566 1.709158
0.942535 0.000336 0.000356 0.000193 0.000010 0.049005 0.007566 1.709163
0.942535 0.000338 0.000354 0.000195 0.000010 0.049004 0.007566 1.709167
0.942538 0.000339 0.000355 0.000195 0.000010 0.048999 0.007566 1.709173
0.942546 0.000338 0.000354 0.000193 0.000010 0.048995 0.007566 1.709178
0.942551 0.000337 0.000353 0.000194 0.000010 0.048990 0.007566 1.709183
0.942559 0.000339 0.000352 0.000192 0.000010 0.048984 0.007566 1.709187
0.942569 0.000334 0.000354 0.000191 0.000010 0.048976 0.007566 1.709194
0.942573 0.000333 0.000353 0.000189 0.000010 0.048977 0.007566 1.709200
0.942581 0.000335 0.000350 0.000188 0.000010 0.048971 0.007566 1.709202
0.942587 0.000334 0.000351 0.000186 0.000010 0.048966 0.007566 1.709207
0.942589 0.000335 0.000349 0.000187 0.000010 0.048964 0.007566 1.709210
0.942594 0.000337 0.000350 0.000187 0.000010 0.048957 0.007566 1.709213
0.942602 0.000335 0.000350 0.000186 0.000010 0.048952 0.007566 1.709218
0.942609 0.000334 0.000350 0.000187 0.000010 0.048944 0.007566 1.709223
0.942610 0.000335 0.000350 0.000185 0.000010 0.048944 0.007566 1.709228
0.942618 0.000333 0.000349 0.000184 0.000010 0.048940 0.007566 1.709232
0.942622 0.000335 0.000347 0.000183 0.000010 0.048938 0.007566 1.709236
0.942627 0.000333 0.000346 0.000186 0.000010 0.048932 0.007566 1.709242
0.942631 0.000335 0.000344 0.000186 0.000010 0.048930 0.007566 1.709246
0.942639 0.000336 0.000342 0.000187 0.000010 0.048921 0.007566 1.709250
0.942645 0.000334 0.000340 0.000187 0.000010 0.048918 0.007566 1.709254
0.942651 0.000336 0.000339 0.000188 0.000010 0.048911 0.007566 1.709257
0.942657 0.000337 0.000340 0.000187 0.000010 0.048903 0.007566 1.709261
0.942661 0.000339 0.000338 0.000188 0.000010 0.048900 0.007566 1.709265
0.942662 0.000340 0.000338 0.000186 0.000010 0.048899 0.007566 1.709269
0.942673 0.000340 0.000335 0.000185 0.000010 0.048893 0.007566 1.709271
0.942683 0.000338 0.000336 0.000186 0.000010 0.048881 0.007566 1.709276
0.942689 0.000337 0.000334 0.000188 0.000010 0.048877 0.007566 1.709281
0.942698 0.000335 0.000334 0.000190 0.000010 0.048869 0.007566 1.709286
0.942702 0.000332 0.000336 0.000190 0.000010 0.048864 0.007566 1.709292
0.942709 0.000328 0.000337 0.000189 0.000010 0.048862 0.007566 1.709298
0.942713 0.000325 0.000338 0.000189 0.000010 0.048860 0.007566 1.709304
0.942717 0.000329 0.000336 0.000189 0.000010 0.048855 0.007566 1.709306
0.942718 0.000335 0.000335 0.000188 0.000010 0.048849 0.007566 1.709307
0.942719 0.000333 0.000335 0.000189 0.000010 0.048848 0.007566 1.709312
0.942723 0.000333 0.000335 0.000187 0.000010 0.048848 0.007566 1.709316
0.942727 0.000331 0.000335 0.000189 0.000010 0.048842 0.007566 1.709321
0.942733 0.000333 0.000334 0.000188 0.000010 0.048837 0.007566 1.709324
0.942731 0.000337 0.000334 0.000190 0.000010 0.048834 0.007566 1.709327
0.942734 0.000336 0.000334 0.000188 0.000010 0.048833 0.007566 1.709332
0.942735 0.000338 0.000336 0.000187 0.000010 0.048830 0.007566 1.709337
0.942740 0.000336 0.000336 0.000186 0.000010 0.048827 0.007566 1.709341
0.942742 0.000336 0.000336 0.000186 0.000010 0.048824 0.007566 1.709345
0.942745 0.000335 0.000337 0.000186 0.000010 0.048823 0.007566 1.709351
0.942749 0.000333 0.000337 0.000187 0.000010 0.048819 0.007566 1.709358
0.942751 0.000333 0.000336 0.000186 0.000010 0.048818 0.007566 1.709361
0.942753 0.000335 0.000334 0.000188 0.000010 0.048815 0.007566 1.709366
0.942758 0.000329 0.000340 0.000189 0.000010 0.048810 0.007566 1.709373
0.942761 0.000327 0.000340 0.000188 0.000010 0.048809 0.007566 1.709377
0.942765 0.000325 0.000338 0.000189 0.000010 0.048808 0.007566 1.709381
0.942768 0.000324 0.000338 0.000189 0.000010 0.048805 0.007566 1.709385
0.942771 0.000325 0.000339 0.000188 0.000010 0.048801 0.007566 1.709388
0.942776 0.000324 0.000338 0.000187 0.000010 0.048800 0.007566 1.709390
0.942783 0.000323 0.000334 0.000186 0.000010 0.048799 0.007566 1.709391
0.942785 0.000323 0.000333 0.000185 0.000010 0.048799 0.007566 1.709394
0.942790 0.000323 0.000333 0.000184 0.000010 0.048794 0.007566 1.709396
0.942794 0.000326 0.000331 0.000184 0.000010 0.048789 0.007566 1.709398
0.942798 0.000326 0.000331 0.000185 0.000010 0.048783 0.007566 1.709400
0.942800 0.000324 0.000331 0.000187 0.000010 0.048781 0.007566 1.709405
0.942804 0.000325 0.000330 0.000186 0.000010 0.048779 0.007566 1.709408
0.942806 0.000327 0.000330 0.000186 0.000010 0.048775 0.007566 1.709409
0.942808 0.000324 0.000331 0.000185 0.000010 0.048776 0.007566 1.709414
0.942810 0.000324 0.000329 0.000185 0.000010 0.048776 0.007566 1.709417
0.942812 0.000323 0.000331 0.000184 0.000010 0.048774 0.007566 1.709420
0.942816 0.000321 0.000331 0.000184 0.000011 0.048771 0.007566 1.709424
0.942816 0.000322 0.000330 0.000184 0.000010 0.048772 0.007566 1.709427
0.942820 0.000319 0.000329 0.000185 0.000010 0.048770 0.007566 1.709431
0.942822 0.000322 0.000327 0.000184 0.000010 0.048768 0.007566 1.709432
0.942823 0.000324 0.000329 0.000183 0.000011 0.048765 0.007566 1.709435
0.942828 0.000325 0.000326 0.000183 0.000010 0.048761 0.007566 1.709436
