0.341792 0.063230 0.056627 0.032529 0.002107 0.497519 0.006197 1.631086
0.343967 0.061357 0.056528 0.032324 0.002120 0.497480 0.006223 1.637089
0.346712 0.058874 0.056319 0.032059 0.002123 0.497663 0.006250 1.643029
0.349902 0.056342 0.055960 0.031739 0.002135 0.497643 0.006279 1.648610
0.353494 0.053681 0.055569 0.031308 0.002140 0.497507 0.006302 1.653975
0.357362 0.050972 0.054983 0.030894 0.002134 0.497329 0.006327 1.659147
0.361222 0.048412 0.054321 0.030284 0.002125 0.497282 0.006354 1.664032
0.365309 0.045949 0.053556 0.029671 0.002140 0.497005 0.006371 1.668646
0.369380 0.043557 0.052708 0.029068 0.002125 0.496759 0.006403 1.673075
0.373681 0.041343 0.051753 0.028355 0.002109 0.496331 0.006427 1.677231
0.378010 0.039287 0.050735 0.027636 0.002112 0.495772 0.006449 1.681180
0.382363 0.037325 0.049671 0.026970 0.002097 0.495098 0.006477 1.684930
0.386704 0.035462 0.048509 0.026224 0.002081 0.494513 0.006508 1.688505
0.391167 0.033757 0.047294 0.025572 0.002059 0.493614 0.006537 1.691917
0.395655 0.032139 0.046066 0.024871 0.002060 0.492648 0.006561 1.695165
0.400151 0.030687 0.044875 0.024116 0.002057 0.491527 0.006588 1.698217
0.404734 0.029282 0.043633 0.023454 0.002049 0.490237 0.006613 1.701165
0.409373 0.027973 0.042410 0.022718 0.002020 0.488870 0.006637 1.703953
0.414088 0.026746 0.041210 0.022006 0.001998 0.487285 0.006668 1.706629
0.418767 0.025526 0.039949 0.021349 0.001973 0.485739 0.006697 1.709246
0.423421 0.024487 0.038719 0.020631 0.001960 0.484061 0.006722 1.711707
0.428105 0.023584 0.037545 0.019948 0.001943 0.482134 0.006743 1.714014
0.432826 0.022735 0.036310 0.019332 0.001905 0.480116 0.006776 1.716201
0.437451 0.021859 0.035200 0.018721 0.001887 0.478090 0.006793 1.718346
0.442120 0.020977 0.034168 0.018121 0.001859 0.475940 0.006815 1.720481
0.446695 0.020227 0.033143 0.017517 0.001834 0.473744 0.006840 1.722492
0.451216 0.019612 0.032068 0.016949 0.001819 0.471475 0.006860 1.724408
0.455861 0.018918 0.031015 0.016393 0.001790 0.469140 0.006881 1.726307
0.460505 0.018340 0.030105 0.015824 0.001763 0.466557 0.006907 1.728117
0.465136 0.017772 0.029175 0.015261 0.001733 0.463991 0.006932 1.729877
0.469727 0.017268 0.028283 0.014764 0.001708 0.461299 0.006951 1.731604
0.474328 0.016711 0.027414 0.014265 0.001688 0.458624 0.006970 1.733324
0.478845 0.016264 0.026561 0.013820 0.001672 0.455851 0.006988 1.734947
0.483401 0.015855 0.025683 0.013336 0.001646 0.453067 0.007013 1.736492
0.487851 0.015476 0.024915 0.012900 0.001617 0.450209 0.007032 1.738026
0.492308 0.015043 0.024214 0.012526 0.001583 0.447278 0.007048 1.739568
0.496684 0.014715 0.023538 0.012170 0.001558 0.444266 0.007067 1.741051
0.501172 0.014398 0.022812 0.011795 0.001537 0.441206 0.007082 1.742458
0.505516 0.014113 0.022057 0.011450 0.001502 0.438267 0.007097 1.743825
0.509924 0.013823 0.021467 0.011076 0.001476 0.435121 0.007114 1.745189
0.514175 0.013587 0.020835 0.010755 0.001451 0.432065 0.007132 1.746516
0.518425 0.013296 0.020239 0.010497 0.001411 0.428978 0.007153 1.747853
0.522792 0.013043 0.019660 0.010167 0.001393 0.425775 0.007170 1.749143
0.527002 0.012808 0.019073 0.009880 0.001373 0.422679 0.007185 1.750405
0.531220 0.012564 0.018519 0.009666 0.001334 0.419491 0.007207 1.751657
0.535416 0.012339 0.018040 0.009438 0.001315 0.416231 0.007221 1.752910
0.539653 0.012174 0.017537 0.009191 0.001278 0.412928 0.007240 1.754063
0.543717 0.012022 0.017067 0.008925 0.001243 0.409761 0.007266 1.755226
0.547727 0.011899 0.016702 0.008692 0.001217 0.406479 0.007284 1.756405
0.551885 0.011701 0.016347 0.008452 0.001191 0.403126 0.007300 1.757578
0.555929 0.011586 0.015970 0.008284 0.001161 0.399754 0.007316 1.758723
0.559873 0.011421 0.015636 0.008072 0.001137 0.396531 0.007330 1.759896
0.563829 0.011351 0.015205 0.007871 0.001108 0.393290 0.007346 1.760978
0.567808 0.011227 0.014911 0.007696 0.001093 0.389906 0.007358 1.762091
0.571634 0.011159 0.014597 0.007502 0.001073 0.386662 0.007373 1.763157
0.575595 0.011049 0.014269 0.007349 0.001042 0.383305 0.007391 1.764264
0.579465 0.010892 0.014025 0.007216 0.001032 0.379969 0.007402 1.765399
0.583172 0.010818 0.013773 0.007097 0.001006 0.376719 0.007417 1.766464
0.586858 0.010736 0.013439 0.006961 0.000981 0.373593 0.007432 1.767507
0.590597 0.010715 0.013170 0.006803 0.000959 0.370311 0.007447 1.768536
0.594178 0.010630 0.012935 0.006663 0.000932 0.367202 0.007461 1.769604
0.597765 0.010581 0.012729 0.006562 0.000910 0.363985 0.007469 1.770671
0.601260 0.010571 0.012479 0.006463 0.000884 0.360865 0.007479 1.771699
0.604779 0.010493 0.012329 0.006360 0.000860 0.357689 0.007492 1.772759
0.608161 0.010438 0.012148 0.006274 0.000844 0.354630 0.007507 1.773809
0.611562 0.010346 0.011976 0.006186 0.000828 0.351581 0.007522 1.774871
0.614994 0.010359 0.011770 0.006123 0.000812 0.348409 0.007532 1.775880
0.618392 0.010326 0.011604 0.006002 0.000793 0.345337 0.007546 1.776874
0.621748 0.010233 0.011452 0.005936 0.000775 0.342303 0.007553 1.777907
0.625051 0.010173 0.011327 0.005864 0.000758 0.339261 0.007566 1.778912
0.628342 0.010119 0.011174 0.005791 0.000733 0.336264 0.007577 1.779915
0.631590 0.010173 0.011038 0.005721 0.000724 0.333170 0.007586 1.780869
0.634695 0.010164 0.010927 0.005673 0.000715 0.330234 0.007592 1.781886
0.637728 0.010157 0.010815 0.005634 0.000704 0.327362 0.007600 1.782899
0.640788 0.010207 0.010690 0.005530 0.000688 0.324492 0.007607 1.783874
0.643806 0.010232 0.010606 0.005444 0.000676 0.321623 0.007615 1.784869
0.646784 0.010256 0.010482 0.005431 0.000664 0.318759 0.007625 1.785866
0.649771 0.010280 0.010405 0.005399 0.000647 0.315863 0.007635 1.786885
0.652731 0.010306 0.010274 0.005381 0.000634 0.313031 0.007645 1.787885
0.655562 0.010392 0.010199 0.005341 0.000616 0.310236 0.007655 1.788889
0.658330 0.010453 0.010138 0.005290 0.000604 0.307523 0.007664 1.789900
0.661097 0.010497 0.010001 0.005281 0.000593 0.304859 0.007672 1.790892
0.663912 0.010499 0.009911 0.005263 0.000584 0.302151 0.007680 1.791929
0.666620 0.010532 0.009870 0.005244 0.000574 0.299473 0.007688 1.792963
0.669262 0.010589 0.009857 0.005219 0.000560 0.296819 0.007694 1.793988
0.671950 0.010572 0.009802 0.005211 0.000549 0.294215 0.007702 1.795041
0.674522 0.010620 0.009799 0.005162 0.000538 0.291650 0.007709 1.796073
0.677102 0.010658 0.009796 0.005129 0.000525 0.289072 0.007719 1.797097
0.679608 0.010681 0.009753 0.005109 0.000511 0.286611 0.007727 1.798138
0.682132 0.010677 0.009793 0.005113 0.000511 0.284038 0.007735 1.799228
0.684564 0.010716 0.009749 0.005098 0.000507 0.281624 0.007742 1.800277
0.686937 0.010803 0.009734 0.005067 0.000505 0.279206 0.007747 1.801296
0.689293 0.010867 0.009760 0.005058 0.000493 0.276775 0.007755 1.802348
0.691620 0.010934 0.009760 0.005032 0.000485 0.274407 0.007761 1.803423
0.693960 0.011031 0.009730 0.005057 0.000482 0.271971 0.007769 1.804488
0.696145 0.011074 0.009771 0.005076 0.000475 0.269683 0.007775 1.805601
0.698355 0.011137 0.009785 0.005086 0.000468 0.267389 0.007780 1.806670
0.700546 0.011170 0.009879 0.005085 0.000464 0.265071 0.007785 1.807792
0.702611 0.011265 0.009884 0.005110 0.000457 0.262887 0.007787 1.808897
0.704742 0.011348 0.009933 0.005107 0.000454 0.260623 0.007793 1.810013
0.706723 0.011463 0.009940 0.005129 0.000451 0.258497 0.007798 1.811112
0.708704 0.011568 0.009992 0.005133 0.000452 0.256347 0.007805 1.812220
0.710583 0.011720 0.010070 0.005130 0.000453 0.254235 0.007809 1.813331
0.712488 0.011827 0.010097 0.005145 0.000445 0.252183 0.007815 1.814482
0.714390 0.011903 0.010139 0.005174 0.000436 0.250136 0.007821 1.815655
0.716123 0.012018 0.010206 0.005202 0.000430 0.248195 0.007827 1.816849
0.717929 0.012096 0.010238 0.005236 0.000425 0.246242 0.007836 1.818051
0.719732 0.012174 0.010247 0.005285 0.000418 0.244306 0.007838 1.819259
0.721496 0.012310 0.010270 0.005325 0.000416 0.242340 0.007843 1.820404
0.723176 0.012384 0.010359 0.005365 0.000405 0.240461 0.007852 1.821652
0.724909 0.012474 0.010430 0.005381 0.000404 0.238547 0.007855 1.822875
0.726496 0.012575 0.010522 0.005410 0.000400 0.236739 0.007859 1.824123
0.728065 0.012690 0.010606 0.005474 0.000395 0.234907 0.007863 1.825384
0.729598 0.012844 0.010679 0.005502 0.000394 0.233114 0.007870 1.826654
0.731128 0.012968 0.010762 0.005541 0.000386 0.231341 0.007875 1.827937
0.732596 0.013126 0.010796 0.005574 0.000385 0.229644 0.007880 1.829200
0.734069 0.013293 0.010848 0.005630 0.000376 0.227897 0.007887 1.830465
0.735542 0.013393 0.010938 0.005662 0.000377 0.226198 0.007891 1.831766
0.736921 0.013506 0.010987 0.005695 0.000380 0.224612 0.007898 1.833073
0.738357 0.013600 0.011092 0.005776 0.000381 0.222893 0.007901 1.834414
0.739580 0.013746 0.011183 0.005844 0.000383 0.221359 0.007905 1.835742
0.740854 0.013860 0.011309 0.005879 0.000388 0.219800 0.007909 1.837128
0.742173 0.013976 0.011407 0.005905 0.000384 0.218240 0.007915 1.838516
0.743445 0.014119 0.011453 0.005931 0.000382 0.216750 0.007921 1.839851
0.744668 0.014278 0.011534 0.006002 0.000384 0.215209 0.007925 1.841242
0.745866 0.014417 0.011611 0.006036 0.000388 0.213754 0.007929 1.842615
0.746931 0.014544 0.011676 0.006095 0.000384 0.212436 0.007935 1.844036
0.747927 0.014686 0.011789 0.006158 0.000382 0.211120 0.007938 1.845479
0.749001 0.014771 0.011904 0.006208 0.000379 0.209795 0.007942 1.846935
0.750068 0.014813 0.011997 0.006284 0.000378 0.208515 0.007947 1.848434
0.751109 0.014926 0.012087 0.006348 0.000381 0.207201 0.007949 1.849909
0.752087 0.015148 0.012141 0.006363 0.000372 0.205934 0.007956 1.851300
0.753043 0.015314 0.012236 0.006419 0.000378 0.204650 0.007961 1.852777
0.753920 0.015484 0.012368 0.006467 0.000372 0.203422 0.007969 1.854275
0.754831 0.015619 0.012470 0.006495 0.000374 0.202240 0.007973 1.855807
0.755633 0.015742 0.012578 0.006550 0.000373 0.201145 0.007979 1.857373
0.756462 0.015917 0.012684 0.006624 0.000381 0.199950 0.007981 1.858928
0.757185 0.016051 0.012794 0.006712 0.000387 0.198888 0.007983 1.860517
0.757948 0.016133 0.012937 0.006822 0.000393 0.197779 0.007989 1.862136
0.758609 0.016349 0.013029 0.006904 0.000387 0.196730 0.007993 1.863706
0.759274 0.016540 0.013168 0.006997 0.000391 0.195633 0.007998 1.865330
0.759927 0.016659 0.013276 0.007077 0.000396 0.194664 0.008001 1.866986
0.760566 0.016814 0.013416 0.007113 0.000392 0.193693 0.008006 1.868626
0.761221 0.016962 0.013514 0.007170 0.000395 0.192728 0.008010 1.870278
0.761790 0.017108 0.013696 0.007197 0.000398 0.191796 0.008016 1.871962
0.762367 0.017208 0.013886 0.007256 0.000396 0.190867 0.008020 1.873676
0.762855 0.017352 0.014051 0.007325 0.000393 0.189998 0.008026 1.875416
0.763346 0.017503 0.014191 0.007416 0.000392 0.189123 0.008030 1.877159
0.763876 0.017764 0.014288 0.007433 0.000396 0.188208 0.008036 1.878812
0.764316 0.017943 0.014415 0.007489 0.000398 0.187400 0.008039 1.880567
0.764710 0.018080 0.014559 0.007540 0.000402 0.186665 0.008044 1.882335
0.765098 0.018250 0.014729 0.007615 0.000405 0.185856 0.008048 1.884136
0.765413 0.018454 0.014847 0.007692 0.000409 0.185131 0.008055 1.885909
0.765757 0.018585 0.015001 0.007807 0.000408 0.184383 0.008058 1.887754
0.765987 0.018812 0.015140 0.007847 0.000411 0.183742 0.008062 1.889549
0.766368 0.018923 0.015248 0.007926 0.000409 0.183060 0.008065 1.891377
0.766630 0.019033 0.015358 0.008005 0.000404 0.182494 0.008076 1.893246
0.766891 0.019191 0.015450 0.008100 0.000406 0.181882 0.008080 1.895113
0.767132 0.019325 0.015530 0.008192 0.000404 0.181331 0.008086 1.896970
0.767336 0.019476 0.015649 0.008248 0.000410 0.180789 0.008091 1.898852
0.767518 0.019589 0.015837 0.008262 0.000416 0.180280 0.008098 1.900765
0.767623 0.019756 0.016003 0.008347 0.000429 0.179741 0.008101 1.902694
0.767814 0.019862 0.016148 0.008388 0.000429 0.179254 0.008106 1.904624
0.768033 0.019938 0.016254 0.008495 0.000425 0.178743 0.008113 1.906585
0.768262 0.020012 0.016437 0.008541 0.000429 0.178202 0.008118 1.908549
0.768337 0.020146 0.016610 0.008605 0.000439 0.177743 0.008121 1.910564
0.768441 0.020318 0.016744 0.008649 0.000439 0.177284 0.008126 1.912516
0.768524 0.020414 0.016829 0.008700 0.000439 0.176965 0.008129 1.914517
0.768553 0.020571 0.016964 0.008737 0.000443 0.176599 0.008135 1.916508
0.768564 0.020715 0.017101 0.008778 0.000442 0.176262 0.008139 1.918517
0.768673 0.020781 0.017220 0.008824 0.000453 0.175906 0.008143 1.920536
0.768671 0.020939 0.017344 0.008829 0.000453 0.175616 0.008149 1.922564
0.768716 0.020998 0.017461 0.008896 0.000450 0.175323 0.008157 1.924646
0.768758 0.021107 0.017554 0.008965 0.000455 0.175000 0.008161 1.926718
0.768757 0.021141 0.017711 0.009029 0.000461 0.174733 0.008168 1.928867
0.768775 0.021154 0.017802 0.009122 0.000462 0.174514 0.008172 1.930973
0.768858 0.021187 0.017944 0.009160 0.000463 0.174210 0.008177 1.933068
0.768928 0.021201 0.018041 0.009199 0.000465 0.173981 0.008185 1.935195
0.768885 0.021293 0.018129 0.009233 0.000462 0.173806 0.008194 1.937279
0.768919 0.021385 0.018187 0.009280 0.000463 0.173567 0.008198 1.939334
0.768952 0.021416 0.018244 0.009313 0.000468 0.173401 0.008206 1.941429
0.769013 0.021415 0.018367 0.009382 0.000478 0.173132 0.008213 1.943580
0.769028 0.021455 0.018460 0.009437 0.000484 0.172918 0.008219 1.945700
0.769027 0.021531 0.018501 0.009443 0.000491 0.172784 0.008224 1.947752
0.768964 0.021636 0.018556 0.009469 0.000496 0.172651 0.008229 1.949856
0.768939 0.021662 0.018672 0.009560 0.000493 0.172438 0.008235 1.952002
0.768984 0.021689 0.018771 0.009591 0.000500 0.172226 0.008239 1.954140
0.768924 0.021771 0.018866 0.009617 0.000501 0.172075 0.008247 1.956249
0.768874 0.021863 0.018929 0.009660 0.000500 0.171920 0.008254 1.958341
0.768756 0.021927 0.018932 0.009697 0.000497 0.171931 0.008261 1.960505
0.768796 0.022026 0.018994 0.009707 0.000496 0.171711 0.008269 1.962581
0.768764 0.022054 0.019122 0.009729 0.000498 0.171559 0.008276 1.964740
0.768634 0.022113 0.019199 0.009787 0.000499 0.171489 0.008281 1.966891
0.768615 0.022113 0.019203 0.009791 0.000507 0.171484 0.008286 1.969059
0.768643 0.022113 0.019221 0.009854 0.000510 0.171370 0.008288 1.971218
0.768592 0.022215 0.019292 0.009830 0.000514 0.171262 0.008296 1.973355
0.768540 0.022193 0.019314 0.009855 0.000514 0.171279 0.008305 1.975587
0.768496 0.022227 0.019372 0.009933 0.000509 0.171152 0.008312 1.977756
0.768437 0.022182 0.019471 0.010006 0.000513 0.171073 0.008318 1.979973
0.768436 0.022277 0.019489 0.009991 0.000515 0.170970 0.008323 1.982097
0.768389 0.022337 0.019489 0.010015 0.000516 0.170922 0.008333 1.984240
0.768319 0.022349 0.019523 0.010056 0.000518 0.170893 0.008341 1.986430
0.768342 0.022259 0.019576 0.010132 0.000515 0.170825 0.008351 1.988638
0.768327 0.022349 0.019604 0.010134 0.000522 0.170706 0.008359 1.990778
0.768251 0.022380 0.019674 0.010162 0.000515 0.170651 0.008367 1.992944
0.768098 0.022310 0.019788 0.010188 0.000524 0.170720 0.008371 1.995227
0.768007 0.022374 0.019812 0.010179 0.000519 0.170732 0.008377 1.997377
0.768022 0.022299 0.019843 0.010220 0.000520 0.170715 0.008381 1.999602
0.767994 0.022274 0.019893 0.010192 0.000519 0.170736 0.008392 2.001758
0.767948 0.022255 0.019922 0.010213 0.000520 0.170743 0.008399 2.003951
0.767959 0.022218 0.019963 0.010240 0.000519 0.170693 0.008406 2.006113
0.767859 0.022253 0.019967 0.010249 0.000525 0.170733 0.008413 2.008283
0.767897 0.022158 0.019985 0.010244 0.000527 0.170771 0.008418 2.010483
0.767969 0.022060 0.020067 0.010249 0.000533 0.170698 0.008423 2.012700
0.768007 0.022051 0.020042 0.010206 0.000546 0.170719 0.008430 2.014843
0.767962 0.022006 0.020074 0.010257 0.000550 0.170714 0.008437 2.017008
0.767924 0.022000 0.020074 0.010234 0.000558 0.170768 0.008443 2.019141
0.767986 0.021929 0.020081 0.010256 0.000554 0.170745 0.008449 2.021284
0.768078 0.021815 0.020066 0.010285 0.000566 0.170737 0.008452 2.023471
0.768166 0.021799 0.020030 0.010281 0.000569 0.170697 0.008458 2.025577
0.768172 0.021765 0.019989 0.010270 0.000567 0.170772 0.008464 2.027697
0.768225 0.021691 0.019964 0.010238 0.000570 0.170838 0.008475 2.029828
0.768288 0.021624 0.019995 0.010173 0.000570 0.170867 0.008483 2.031968
0.768288 0.021613 0.019948 0.010140 0.000563 0.170956 0.008492 2.034057
0.768376 0.021499 0.019950 0.010103 0.000560 0.171010 0.008502 2.036204
0.768486 0.021453 0.019884 0.010060 0.000573 0.171036 0.008508 2.038297
0.768580 0.021425 0.019919 0.009994 0.000580 0.170988 0.008514 2.040388
0.768716 0.021340 0.019903 0.009978 0.000588 0.170957 0.008517 2.042501
0.768822 0.021319 0.019878 0.009944 0.000580 0.170936 0.008522 2.044574
0.768895 0.021341 0.019807 0.009903 0.000573 0.170953 0.008528 2.046635
0.768923 0.021371 0.019748 0.009883 0.000568 0.170974 0.008534 2.048681
0.769027 0.021326 0.019747 0.009814 0.000566 0.170980 0.008541 2.050766
0.769186 0.021279 0.019736 0.009774 0.000566 0.170912 0.008547 2.052827
0.769332 0.021222 0.019694 0.009803 0.000559 0.170837 0.008554 2.054895
0.769497 0.021166 0.019643 0.009760 0.000551 0.170824 0.008560 2.056924
0.769666 0.021111 0.019595 0.009729 0.000545 0.170787 0.008567 2.058957
0.769856 0.021055 0.019505 0.009742 0.000552 0.170720 0.008572 2.060997
0.769986 0.020897 0.019522 0.009774 0.000557 0.170689 0.008576 2.063130
0.770153 0.020772 0.019541 0.009767 0.000559 0.170625 0.008584 2.065216
0.770350 0.020743 0.019456 0.009766 0.000553 0.170540 0.008593 2.067196
0.770543 0.020711 0.019414 0.009744 0.000555 0.170430 0.008603 2.069199
0.770719 0.020659 0.019371 0.009758 0.000555 0.170330 0.008610 2.071213
0.770805 0.020597 0.019353 0.009763 0.000547 0.170319 0.008615 2.073262
0.770918 0.020554 0.019340 0.009749 0.000550 0.170269 0.008621 2.075277
0.771126 0.020462 0.019327 0.009742 0.000558 0.170157 0.008629 2.077288
0.771259 0.020428 0.019245 0.009717 0.000556 0.170159 0.008637 2.079271
0.771455 0.020368 0.019157 0.009720 0.000553 0.170102 0.008645 2.081278
0.771652 0.020301 0.019101 0.009684 0.000561 0.170054 0.008649 2.083257
0.771861 0.020247 0.019020 0.009617 0.000564 0.170035 0.008656 2.085215
0.772100 0.020157 0.019002 0.009552 0.000557 0.169970 0.008662 2.087176
0.772271 0.020151 0.018983 0.009489 0.000555 0.169881 0.008672 2.089147
0.772393 0.020203 0.018922 0.009456 0.000553 0.169791 0.008683 2.091089
0.772640 0.020110 0.018874 0.009498 0.000555 0.169632 0.008691 2.093088
0.772807 0.020078 0.018873 0.009468 0.000559 0.169517 0.008698 2.095085
0.772953 0.020053 0.018883 0.009449 0.000552 0.169405 0.008705 2.097068
0.773216 0.019984 0.018822 0.009464 0.000554 0.169248 0.008713 2.099029
0.773480 0.019895 0.018793 0.009418 0.000551 0.169143 0.008719 2.100976
0.773681 0.019867 0.018735 0.009414 0.000545 0.169029 0.008730 2.102938
0.773889 0.019818 0.018708 0.009401 0.000546 0.168904 0.008735 2.104900
0.774102 0.019829 0.018613 0.009357 0.000552 0.168805 0.008743 2.106783
0.774324 0.019793 0.018595 0.009323 0.000547 0.168669 0.008749 2.108706
0.774547 0.019683 0.018570 0.009326 0.000542 0.168575 0.008757 2.110673
0.774854 0.019549 0.018561 0.009293 0.000539 0.168438 0.008767 2.112614
0.775076 0.019526 0.018493 0.009235 0.000537 0.168362 0.008772 2.114521
0.775269 0.019480 0.018496 0.009251 0.000537 0.168191 0.008778 2.116502
0.775500 0.019407 0.018407 0.009264 0.000538 0.168098 0.008788 2.118431
0.775730 0.019336 0.018374 0.009273 0.000535 0.167958 0.008795 2.120356
0.775904 0.019344 0.018341 0.009192 0.000538 0.167878 0.008803 2.122235
0.776076 0.019353 0.018266 0.009182 0.000543 0.167769 0.008812 2.124141
0.776391 0.019285 0.018230 0.009171 0.000551 0.167555 0.008818 2.126018
0.776579 0.019320 0.018192 0.009151 0.000558 0.167374 0.008827 2.127911
0.776793 0.019330 0.018137 0.009119 0.000555 0.167234 0.008832 2.129784
0.776992 0.019307 0.018106 0.009100 0.000556 0.167102 0.008838 2.131682
0.777292 0.019183 0.018108 0.009094 0.000556 0.166920 0.008846 2.133616
0.777636 0.019023 0.018104 0.009122 0.000554 0.166706 0.008855 2.135551
0.777984 0.018958 0.018045 0.009105 0.000546 0.166504 0.008860 2.137416
0.778243 0.018915 0.018022 0.009093 0.000542 0.166319 0.008868 2.139262
0.778490 0.018880 0.017978 0.009053 0.000545 0.166180 0.008875 2.141146
0.778824 0.018875 0.017861 0.009038 0.000547 0.165973 0.008883 2.142948
0.779000 0.018919 0.017817 0.009010 0.000548 0.165818 0.008889 2.144803
0.779241 0.018860 0.017832 0.008962 0.000546 0.165666 0.008893 2.146679
0.779412 0.018893 0.017792 0.008955 0.000546 0.165502 0.008900 2.148533
0.779549 0.018920 0.017729 0.008898 0.000548 0.165450 0.008908 2.150345
0.779796 0.018939 0.017695 0.008900 0.000549 0.165206 0.008916 2.152188
0.780071 0.018871 0.017689 0.008870 0.000551 0.165028 0.008922 2.154078
0.780259 0.018823 0.017702 0.008866 0.000550 0.164875 0.008927 2.155948
0.780450 0.018797 0.017695 0.008884 0.000546 0.164695 0.008934 2.157811
0.780674 0.018844 0.017636 0.008856 0.000545 0.164503 0.008942 2.159629
0.780815 0.018866 0.017625 0.008887 0.000538 0.164321 0.008949 2.161478
0.781049 0.018820 0.017569 0.008904 0.000530 0.164172 0.008957 2.163338
0.781301 0.018775 0.017522 0.008920 0.000522 0.163994 0.008965 2.165202
0.781512 0.018721 0.017554 0.008898 0.000525 0.163819 0.008970 2.167090
0.781727 0.018706 0.017564 0.008878 0.000523 0.163625 0.008977 2.168953
0.782014 0.018669 0.017490 0.008878 0.000520 0.163443 0.008986 2.170810
0.782177 0.018619 0.017549 0.008881 0.000520 0.163263 0.008993 2.172725
0.782406 0.018682 0.017468 0.008796 0.000524 0.163124 0.008999 2.174513
0.782681 0.018686 0.017375 0.008771 0.000523 0.162959 0.009006 2.176330
0.782856 0.018764 0.017345 0.008773 0.000517 0.162732 0.009013 2.178111
0.783059 0.018776 0.017331 0.008720 0.000516 0.162578 0.009021 2.179941
0.783294 0.018749 0.017318 0.008735 0.000510 0.162362 0.009031 2.181761
0.783497 0.018758 0.017314 0.008733 0.000516 0.162144 0.009038 2.183600
0.783660 0.018753 0.017269 0.008736 0.000518 0.162019 0.009045 2.185430
0.783919 0.018677 0.017311 0.008755 0.000518 0.161768 0.009051 2.187315
0.784064 0.018569 0.017340 0.008821 0.000518 0.161629 0.009059 2.189234
0.784312 0.018524 0.017305 0.008843 0.000521 0.161434 0.009063 2.191094
0.784444 0.018565 0.017335 0.008781 0.000532 0.161276 0.009067 2.192923
0.784594 0.018599 0.017293 0.008746 0.000531 0.161166 0.009071 2.194727
0.784758 0.018565 0.017323 0.008736 0.000532 0.161009 0.009078 2.196564
0.784878 0.018631 0.017295 0.008672 0.000530 0.160913 0.009082 2.198348
0.785038 0.018619 0.017302 0.008681 0.000525 0.160745 0.009090 2.200233
0.785289 0.018597 0.017273 0.008695 0.000532 0.160522 0.009093 2.202068
0.785467 0.018597 0.017266 0.008659 0.000534 0.160378 0.009100 2.203879
0.785618 0.018609 0.017248 0.008651 0.000534 0.160233 0.009107 2.205704
0.785789 0.018577 0.017270 0.008670 0.000535 0.160044 0.009115 2.207568
0.785984 0.018604 0.017308 0.008628 0.000532 0.159823 0.009122 2.209410
0.786219 0.018571 0.017291 0.008675 0.000528 0.159590 0.009128 2.211273
0.786187 0.018654 0.017218 0.008666 0.000528 0.159615 0.009134 2.213096
0.786304 0.018663 0.017220 0.008705 0.000527 0.159440 0.009141 2.214942
0.786502 0.018655 0.017192 0.008688 0.000526 0.159291 0.009148 2.216780
0.786607 0.018716 0.017163 0.008694 0.000528 0.159139 0.009152 2.218569
0.786706 0.018796 0.017138 0.008675 0.000536 0.158994 0.009156 2.220357
0.786865 0.018725 0.017171 0.008707 0.000534 0.158836 0.009162 2.222248
0.787069 0.018689 0.017149 0.008689 0.000526 0.158709 0.009170 2.224042
0.787215 0.018697 0.017136 0.008698 0.000529 0.158545 0.009180 2.225870
0.787412 0.018745 0.017163 0.008660 0.000522 0.158311 0.009189 2.227692
0.787507 0.018830 0.017144 0.008645 0.000519 0.158160 0.009195 2.229492
0.787708 0.018748 0.017133 0.008662 0.000516 0.158033 0.009202 2.231368
0.787740 0.018768 0.017172 0.008673 0.000508 0.157934 0.009206 2.233245
0.787869 0.018791 0.017143 0.008647 0.000507 0.157833 0.009211 2.235055
0.788016 0.018772 0.017147 0.008639 0.000507 0.157703 0.009216 2.236899
0.788163 0.018741 0.017149 0.008646 0.000508 0.157568 0.009225 2.238779
0.788321 0.018757 0.017137 0.008617 0.000501 0.157434 0.009234 2.240604
0.788393 0.018876 0.017112 0.008626 0.000498 0.157253 0.009243 2.242386
0.788424 0.018906 0.017086 0.008655 0.000494 0.157188 0.009248 2.244240
0.788528 0.018934 0.017150 0.008639 0.000503 0.156996 0.009251 2.246097
0.788637 0.018972 0.017133 0.008608 0.000507 0.156887 0.009257 2.247890
0.788735 0.018996 0.017175 0.008587 0.000505 0.156743 0.009260 2.249725
0.788825 0.019008 0.017178 0.008602 0.000498 0.156620 0.009269 2.251578
0.788936 0.018972 0.017242 0.008623 0.000498 0.156451 0.009278 2.253469
0.789070 0.019018 0.017263 0.008606 0.000509 0.156251 0.009282 2.255307
0.789136 0.019072 0.017203 0.008640 0.000511 0.156152 0.009288 2.257145
0.789272 0.019065 0.017224 0.008629 0.000508 0.156006 0.009295 2.258999
0.789327 0.019121 0.017251 0.008661 0.000513 0.155824 0.009303 2.260839
0.789316 0.019201 0.017279 0.008691 0.000516 0.155688 0.009309 2.262726
0.789444 0.019181 0.017326 0.008679 0.000524 0.155532 0.009316 2.264628
0.789489 0.019228 0.017319 0.008706 0.000523 0.155414 0.009321 2.266494
0.789616 0.019274 0.017282 0.008697 0.000527 0.155279 0.009326 2.268304
0.789725 0.019170 0.017341 0.008712 0.000535 0.155185 0.009333 2.270263
0.789719 0.019222 0.017372 0.008717 0.000532 0.155094 0.009342 2.272138
0.789761 0.019257 0.017383 0.008752 0.000530 0.154971 0.009347 2.274014
0.789785 0.019278 0.017356 0.008787 0.000528 0.154911 0.009356 2.275911
0.789809 0.019308 0.017364 0.008802 0.000528 0.154828 0.009362 2.277781
0.789934 0.019340 0.017354 0.008788 0.000528 0.154688 0.009369 2.279605
0.789941 0.019374 0.017381 0.008796 0.000521 0.154609 0.009379 2.281510
0.789911 0.019453 0.017373 0.008800 0.000520 0.154556 0.009386 2.283407
0.789940 0.019465 0.017364 0.008807 0.000513 0.154520 0.009393 2.285308
0.789949 0.019435 0.017393 0.008828 0.000513 0.154481 0.009401 2.287256
0.790011 0.019445 0.017432 0.008847 0.000514 0.154345 0.009407 2.289157
0.789996 0.019441 0.017463 0.008856 0.000526 0.154310 0.009409 2.291086
0.789997 0.019430 0.017494 0.008881 0.000521 0.154260 0.009416 2.293009
0.789984 0.019378 0.017586 0.008885 0.000524 0.154223 0.009422 2.294982
0.789973 0.019368 0.017610 0.008921 0.000519 0.154182 0.009428 2.296925
0.789957 0.019386 0.017634 0.008925 0.000518 0.154139 0.009442 2.298841
0.789916 0.019470 0.017619 0.008922 0.000520 0.154105 0.009448 2.300742
0.789919 0.019435 0.017665 0.008919 0.000526 0.154084 0.009454 2.302705
0.789954 0.019470 0.017673 0.008959 0.000523 0.153963 0.009460 2.304603
0.789898 0.019566 0.017663 0.008935 0.000521 0.153951 0.009466 2.306460
0.789879 0.019587 0.017650 0.008948 0.000520 0.153946 0.009472 2.308373
0.789772 0.019616 0.017670 0.008962 0.000525 0.153982 0.009475 2.310296
0.789791 0.019650 0.017673 0.008938 0.000525 0.153945 0.009480 2.312159
0.789805 0.019712 0.017655 0.008929 0.000532 0.153883 0.009484 2.314036
0.789796 0.019707 0.017663 0.008976 0.000534 0.153832 0.009491 2.316001
0.789779 0.019693 0.017688 0.008991 0.000544 0.153812 0.009495 2.317938
0.789818 0.019699 0.017655 0.009006 0.000541 0.153781 0.009501 2.319857
0.789872 0.019669 0.017705 0.009018 0.000539 0.153690 0.009507 2.321821
0.789879 0.019681 0.017702 0.009006 0.000540 0.153680 0.009514 2.323776
0.789885 0.019604 0.017749 0.009033 0.000538 0.153671 0.009520 2.325777
0.789923 0.019629 0.017765 0.009035 0.000542 0.153580 0.009527 2.327691
0.789928 0.019653 0.017761 0.009060 0.000539 0.153526 0.009533 2.329604
0.789838 0.019723 0.017767 0.009073 0.000540 0.153521 0.009540 2.331528
0.789883 0.019662 0.017812 0.009072 0.000539 0.153487 0.009546 2.333459
0.789895 0.019669 0.017839 0.009069 0.000539 0.153437 0.009553 2.335405
0.789811 0.019741 0.017812 0.008994 0.000538 0.153544 0.009560 2.337300
0.789833 0.019745 0.017798 0.009038 0.000540 0.153479 0.009567 2.339244
0.789806 0.019724 0.017833 0.009039 0.000536 0.153488 0.009575 2.341220
0.789812 0.019679 0.017885 0.009060 0.000537 0.153444 0.009582 2.343181
0.789708 0.019703 0.017927 0.009061 0.000544 0.153471 0.009586 2.345119
0.789653 0.019794 0.017914 0.008989 0.000549 0.153508 0.009593 2.346980
0.789610 0.019818 0.017852 0.008985 0.000563 0.153574 0.009597 2.348849
0.789561 0.019822 0.017850 0.009023 0.000558 0.153585 0.009602 2.350815
0.789480 0.019883 0.017865 0.009049 0.000553 0.153560 0.009610 2.352767
0.789492 0.019858 0.017899 0.009043 0.000555 0.153538 0.009616 2.354712
0.789406 0.019928 0.017944 0.009060 0.000555 0.153485 0.009622 2.356645
0.789411 0.019954 0.017986 0.009121 0.000543 0.153356 0.009630 2.358559
0.789361 0.019951 0.017951 0.009122 0.000546 0.153433 0.009636 2.360523
0.789320 0.019947 0.017943 0.009180 0.000554 0.153417 0.009641 2.362517
0.789274 0.019912 0.017982 0.009233 0.000555 0.153397 0.009647 2.364510
0.789284 0.019807 0.017978 0.009252 0.000554 0.153474 0.009653 2.366519
0.789309 0.019768 0.017983 0.009243 0.000546 0.153490 0.009661 2.368479
0.789238 0.019815 0.018042 0.009204 0.000542 0.153490 0.009669 2.370422
0.789178 0.019838 0.018026 0.009208 0.000547 0.153528 0.009675 2.372347
0.789134 0.019933 0.018019 0.009158 0.000547 0.153529 0.009681 2.374252
0.789101 0.019872 0.018055 0.009141 0.000549 0.153597 0.009687 2.376254
0.789084 0.019820 0.018040 0.009126 0.000546 0.153690 0.009695 2.378231
0.789077 0.019798 0.018095 0.009092 0.000549 0.153688 0.009701 2.380177
0.789037 0.019871 0.018086 0.009092 0.000556 0.153650 0.009708 2.382074
0.788948 0.019925 0.018048 0.009117 0.000557 0.153690 0.009715 2.383992
0.788958 0.019936 0.018064 0.009076 0.000557 0.153691 0.009720 2.385904
0.788860 0.019891 0.018104 0.009100 0.000549 0.153770 0.009727 2.387909
0.788817 0.019906 0.018082 0.009063 0.000547 0.153852 0.009735 2.389825
0.788807 0.019923 0.018055 0.009064 0.000552 0.153859 0.009739 2.391758
0.788787 0.019924 0.018061 0.009070 0.000553 0.153863 0.009744 2.393706
0.788757 0.019962 0.018044 0.009045 0.000552 0.153891 0.009748 2.395623
0.788764 0.019956 0.018070 0.009038 0.000557 0.153862 0.009754 2.397600
0.788713 0.019955 0.018090 0.009074 0.000562 0.153847 0.009759 2.399556
0.788672 0.019927 0.018146 0.009080 0.000560 0.153848 0.009768 2.401546
0.788671 0.019907 0.018164 0.009074 0.000566 0.153845 0.009773 2.403501
0.788688 0.019853 0.018182 0.009109 0.000564 0.153823 0.009781 2.405483
0.788636 0.019892 0.018163 0.009069 0.000557 0.153894 0.009791 2.407387
0.788630 0.019878 0.018111 0.009086 0.000560 0.153937 0.009799 2.409327
0.788600 0.019915 0.018106 0.009086 0.000564 0.153923 0.009805 2.411232
0.788658 0.019888 0.018108 0.009107 0.000563 0.153863 0.009813 2.413161
0.788589 0.019877 0.018101 0.009121 0.000563 0.153931 0.009817 2.415107
0.788671 0.019751 0.018120 0.009146 0.000562 0.153926 0.009824 2.417126
0.788624 0.019770 0.018113 0.009131 0.000562 0.153968 0.009834 2.419040
0.788606 0.019789 0.018142 0.009101 0.000567 0.153952 0.009842 2.420995
0.788555 0.019813 0.018165 0.009123 0.000562 0.153932 0.009849 2.422941
0.788557 0.019870 0.018121 0.009122 0.000565 0.153907 0.009858 2.424818
0.788587 0.019794 0.018175 0.009094 0.000567 0.153915 0.009867 2.426777
0.788535 0.019829 0.018158 0.009115 0.000568 0.153923 0.009873 2.428714
0.788629 0.019688 0.018106 0.009122 0.000566 0.154009 0.009880 2.430720
0.788613 0.019716 0.018038 0.009153 0.000563 0.154026 0.009891 2.432632
0.788542 0.019737 0.018037 0.009174 0.000567 0.154045 0.009898 2.434592
0.788569 0.019640 0.018108 0.009167 0.000570 0.154042 0.009904 2.436574
0.788624 0.019579 0.018104 0.009162 0.000572 0.154050 0.009911 2.438498
0.788581 0.019564 0.018086 0.009223 0.000571 0.154059 0.009916 2.440485
0.788527 0.019605 0.018025 0.009227 0.000574 0.154120 0.009922 2.442403
0.788576 0.019586 0.018014 0.009167 0.000571 0.154157 0.009929 2.444332
0.788527 0.019569 0.018009 0.009179 0.000576 0.154206 0.009934 2.446298
0.788568 0.019522 0.018006 0.009171 0.000572 0.154219 0.009940 2.448223
0.788561 0.019520 0.018051 0.009134 0.000572 0.154213 0.009950 2.450166
0.788631 0.019504 0.018029 0.009137 0.000566 0.154176 0.009958 2.452056
0.788637 0.019463 0.018052 0.009125 0.000556 0.154203 0.009964 2.453995
0.788703 0.019439 0.018078 0.009084 0.000552 0.154172 0.009973 2.455941
0.788687 0.019484 0.018020 0.009046 0.000553 0.154232 0.009979 2.457803
0.788679 0.019487 0.017980 0.009013 0.000551 0.154303 0.009989 2.459735
0.788682 0.019443 0.017955 0.008985 0.000550 0.154387 0.009998 2.461632
0.788657 0.019461 0.017955 0.008945 0.000556 0.154423 0.010002 2.463546
0.788698 0.019495 0.017904 0.008943 0.000552 0.154398 0.010009 2.465451
0.788711 0.019524 0.017851 0.008948 0.000553 0.154395 0.010017 2.467359
0.788760 0.019518 0.017821 0.008963 0.000552 0.154362 0.010025 2.469253
0.788825 0.019486 0.017804 0.008972 0.000546 0.154335 0.010032 2.471177
0.788814 0.019460 0.017804 0.008975 0.000539 0.154368 0.010041 2.473128
0.788770 0.019449 0.017862 0.008988 0.000542 0.154341 0.010048 2.475087
0.788773 0.019451 0.017914 0.008986 0.000539 0.154283 0.010053 2.477022
0.788725 0.019465 0.017878 0.009006 0.000532 0.154328 0.010066 2.478922
0.788879 0.019411 0.017845 0.008982 0.000532 0.154276 0.010075 2.480832
0.788912 0.019403 0.017814 0.008994 0.000523 0.154272 0.010082 2.482737
0.788927 0.019412 0.017738 0.009033 0.000518 0.154283 0.010088 2.484628
0.789049 0.019343 0.017741 0.009037 0.000517 0.154220 0.010093 2.486534
0.789039 0.019335 0.017698 0.009034 0.000519 0.154278 0.010097 2.488406
0.789094 0.019304 0.017727 0.009011 0.000522 0.154241 0.010102 2.490311
0.789198 0.019243 0.017741 0.009005 0.000522 0.154185 0.010106 2.492224
0.789210 0.019248 0.017747 0.008972 0.000535 0.154180 0.010109 2.494095
0.789228 0.019213 0.017723 0.008959 0.000535 0.154227 0.010115 2.495991
0.789378 0.019160 0.017726 0.008966 0.000534 0.154116 0.010119 2.497869
0.789435 0.019207 0.017672 0.008971 0.000535 0.154053 0.010128 2.499733
0.789506 0.019208 0.017645 0.008960 0.000532 0.154015 0.010134 2.501623
0.789517 0.019224 0.017578 0.008955 0.000524 0.154053 0.010148 2.503472
0.789593 0.019151 0.017635 0.008905 0.000528 0.154034 0.010153 2.505374
0.789723 0.019119 0.017657 0.008894 0.000529 0.153917 0.010160 2.507252
0.789764 0.019198 0.017630 0.008890 0.000535 0.153818 0.010166 2.509081
0.789788 0.019213 0.017629 0.008866 0.000535 0.153797 0.010173 2.510977
0.789817 0.019240 0.017597 0.008869 0.000531 0.153763 0.010183 2.512828
0.789901 0.019217 0.017689 0.008829 0.000522 0.153654 0.010190 2.514697
0.789907 0.019230 0.017647 0.008831 0.000528 0.153666 0.010191 2.516566
0.789958 0.019235 0.017687 0.008812 0.000519 0.153588 0.010199 2.518432
0.789948 0.019312 0.017629 0.008805 0.000524 0.153578 0.010205 2.520276
0.789997 0.019310 0.017649 0.008794 0.000530 0.153508 0.010212 2.522187
0.789958 0.019346 0.017661 0.008790 0.000535 0.153493 0.010218 2.524106
0.789964 0.019343 0.017630 0.008785 0.000538 0.153518 0.010222 2.525993
0.789906 0.019357 0.017661 0.008798 0.000533 0.153520 0.010226 2.527905
0.789899 0.019379 0.017639 0.008826 0.000535 0.153492 0.010230 2.529804
0.789964 0.019383 0.017670 0.008834 0.000527 0.153386 0.010237 2.531730
0.789927 0.019408 0.017681 0.008847 0.000523 0.153370 0.010243 2.533620
0.789890 0.019436 0.017679 0.008812 0.000516 0.153415 0.010252 2.535525
0.789854 0.019375 0.017697 0.008849 0.000514 0.153455 0.010257 2.537452
0.789855 0.019370 0.017732 0.008852 0.000514 0.153412 0.010265 2.539384
0.789886 0.019381 0.017687 0.008852 0.000516 0.153408 0.010271 2.541279
0.789863 0.019322 0.017757 0.008891 0.000516 0.153375 0.010276 2.543233
0.789836 0.019329 0.017729 0.008882 0.000504 0.153434 0.010285 2.545132
0.789914 0.019292 0.017745 0.008875 0.000504 0.153377 0.010292 2.547036
0.789933 0.019290 0.017748 0.008873 0.000508 0.153349 0.010300 2.548931
0.789987 0.019243 0.017782 0.008891 0.000507 0.153285 0.010306 2.550869
0.789985 0.019265 0.017769 0.008879 0.000511 0.153281 0.010311 2.552768
0.789955 0.019315 0.017720 0.008865 0.000512 0.153312 0.010320 2.554624
0.790008 0.019281 0.017739 0.008870 0.000511 0.153264 0.010326 2.556546
0.789955 0.019268 0.017774 0.008882 0.000518 0.153271 0.010332 2.558483
0.790042 0.019257 0.017812 0.008871 0.000519 0.153162 0.010338 2.560354
0.790023 0.019263 0.017801 0.008865 0.000525 0.153181 0.010342 2.562252
0.790099 0.019250 0.017750 0.008841 0.000523 0.153185 0.010351 2.564120
0.790102 0.019254 0.017700 0.008842 0.000512 0.153231 0.010359 2.565995
0.790214 0.019205 0.017670 0.008870 0.000518 0.153160 0.010364 2.567905
0.790198 0.019264 0.017640 0.008830 0.000522 0.153172 0.010373 2.569773
0.790196 0.019283 0.017637 0.008829 0.000520 0.153155 0.010380 2.571664
0.790230 0.019256 0.017626 0.008873 0.000517 0.153114 0.010385 2.573588
0.790279 0.019268 0.017627 0.008846 0.000522 0.153072 0.010388 2.575463
0.790340 0.019237 0.017612 0.008871 0.000525 0.153023 0.010393 2.577382
0.790384 0.019196 0.017603 0.008874 0.000524 0.153020 0.010401 2.579263
0.790404 0.019214 0.017572 0.008863 0.000520 0.153021 0.010408 2.581132
0.790461 0.019173 0.017546 0.008863 0.000520 0.153023 0.010415 2.583031
0.790457 0.019218 0.017538 0.008879 0.000517 0.152969 0.010423 2.584891
0.790579 0.019280 0.017555 0.008859 0.000507 0.152794 0.010428 2.586741
0.790602 0.019236 0.017565 0.008863 0.000508 0.152792 0.010436 2.588642
0.790623 0.019221 0.017594 0.008863 0.000504 0.152750 0.010446 2.590534
0.790673 0.019182 0.017599 0.008849 0.000502 0.152744 0.010452 2.592411
0.790682 0.019178 0.017581 0.008821 0.000512 0.152771 0.010456 2.594297
0.790665 0.019116 0.017532 0.008822 0.000511 0.152894 0.010461 2.596199
0.790666 0.019148 0.017514 0.008821 0.000505 0.152879 0.010467 2.598053
0.790684 0.019160 0.017449 0.008805 0.000505 0.152926 0.010473 2.599909
0.790749 0.019154 0.017434 0.008808 0.000501 0.152874 0.010480 2.601789
0.790748 0.019210 0.017360 0.008807 0.000493 0.152893 0.010489 2.603632
0.790895 0.019160 0.017382 0.008789 0.000497 0.152779 0.010498 2.605498
0.790954 0.019093 0.017376 0.008792 0.000503 0.152777 0.010504 2.607383
0.791049 0.019142 0.017389 0.008802 0.000504 0.152604 0.010510 2.609233
0.790973 0.019155 0.017447 0.008802 0.000498 0.152606 0.010519 2.611139
0.790994 0.019075 0.017470 0.008841 0.000504 0.152593 0.010524 2.613040
0.790998 0.019084 0.017478 0.008855 0.000498 0.152555 0.010531 2.614893
0.791026 0.019074 0.017544 0.008845 0.000495 0.152481 0.010537 2.616772
0.791092 0.019041 0.017535 0.008856 0.000490 0.152441 0.010547 2.618659
0.791213 0.019039 0.017473 0.008847 0.000487 0.152391 0.010551 2.620479
0.791200 0.019101 0.017409 0.008797 0.000478 0.152458 0.010557 2.622290
0.791235 0.019163 0.017389 0.008748 0.000480 0.152418 0.010566 2.624109
0.791211 0.019179 0.017393 0.008780 0.000480 0.152386 0.010572 2.625987
0.791260 0.019165 0.017405 0.008772 0.000481 0.152340 0.010578 2.627872
0.791321 0.019101 0.017391 0.008787 0.000476 0.152339 0.010585 2.629777
0.791344 0.019235 0.017351 0.008757 0.000470 0.152252 0.010590 2.631559
0.791342 0.019249 0.017347 0.008772 0.000465 0.152229 0.010597 2.633473
0.791399 0.019171 0.017369 0.008757 0.000470 0.152234 0.010601 2.635380
0.791458 0.019165 0.017366 0.008758 0.000474 0.152170 0.010608 2.637257
0.791554 0.019148 0.017291 0.008747 0.000474 0.152174 0.010612 2.639072
0.791596 0.019110 0.017287 0.008755 0.000478 0.152153 0.010620 2.640978
0.791605 0.019107 0.017323 0.008739 0.000476 0.152123 0.010626 2.642846
0.791678 0.019110 0.017315 0.008726 0.000476 0.152065 0.010630 2.644724
0.791791 0.019020 0.017366 0.008725 0.000477 0.151985 0.010637 2.646633
0.791862 0.018995 0.017346 0.008715 0.000480 0.151958 0.010644 2.648489
0.791803 0.019052 0.017354 0.008730 0.000490 0.151924 0.010648 2.650336
0.791906 0.018986 0.017362 0.008739 0.000494 0.151863 0.010650 2.652204
0.791874 0.019009 0.017392 0.008730 0.000491 0.151846 0.010657 2.654107
0.792033 0.018937 0.017428 0.008695 0.000490 0.151751 0.010666 2.655980
0.792069 0.018948 0.017456 0.008695 0.000489 0.151671 0.010671 2.657851
0.792035 0.018986 0.017478 0.008697 0.000490 0.151637 0.010677 2.659701
0.792089 0.018965 0.017438 0.008703 0.000489 0.151634 0.010683 2.661553
0.792132 0.018886 0.017428 0.008736 0.000490 0.151637 0.010691 2.663438
0.792196 0.018859 0.017441 0.008722 0.000489 0.151598 0.010696 2.665299
