0.329946 0.063305 0.057196 0.032559 0.002161 0.508638 0.006197 1.663299
0.332668 0.060785 0.057174 0.032310 0.002174 0.508668 0.006220 1.669449
0.336204 0.057832 0.056912 0.031994 0.002177 0.508632 0.006250 1.675207
0.340394 0.054496 0.056580 0.031594 0.002184 0.508473 0.006278 1.680775
0.344942 0.051091 0.056126 0.031047 0.002178 0.508312 0.006304 1.686012
0.349710 0.047753 0.055476 0.030359 0.002188 0.508185 0.006328 1.690901
0.354765 0.044618 0.054663 0.029637 0.002183 0.507775 0.006359 1.695422
0.359781 0.041597 0.053656 0.028898 0.002171 0.507511 0.006386 1.699693
0.364981 0.038796 0.052555 0.028077 0.002165 0.507014 0.006414 1.703588
0.370328 0.036115 0.051341 0.027244 0.002144 0.506385 0.006443 1.707273
0.375744 0.033605 0.050037 0.026455 0.002120 0.505565 0.006474 1.710700
0.381190 0.031333 0.048669 0.025560 0.002113 0.504636 0.006500 1.713831
0.386665 0.029079 0.047363 0.024672 0.002112 0.503583 0.006526 1.716880
0.392083 0.027123 0.046008 0.023735 0.002088 0.502410 0.006554 1.719616
0.397652 0.025293 0.044507 0.022850 0.002047 0.501072 0.006579 1.722156
0.403164 0.023546 0.043058 0.022002 0.002025 0.499602 0.006604 1.724547
0.408821 0.021950 0.041669 0.021132 0.002000 0.497795 0.006631 1.726745
0.414404 0.020473 0.040247 0.020318 0.001981 0.495924 0.006652 1.728809
0.420049 0.019056 0.038783 0.019541 0.001951 0.493944 0.006678 1.730805
0.425692 0.017778 0.037270 0.018775 0.001915 0.491870 0.006700 1.732590
0.431306 0.016613 0.035857 0.017900 0.001901 0.489700 0.006723 1.734282
0.436865 0.015523 0.034355 0.017207 0.001857 0.487443 0.006751 1.735865
0.442437 0.014533 0.032938 0.016437 0.001830 0.485051 0.006774 1.737335
0.448039 0.013570 0.031640 0.015753 0.001801 0.482401 0.006796 1.738730
0.453690 0.012738 0.030347 0.015019 0.001776 0.479611 0.006819 1.739997
0.459241 0.011992 0.029037 0.014320 0.001745 0.476823 0.006841 1.741177
0.464747 0.011268 0.027793 0.013676 0.001707 0.473946 0.006865 1.742329
0.470283 0.010621 0.026615 0.013063 0.001673 0.470857 0.006888 1.743412
0.475740 0.009991 0.025440 0.012469 0.001643 0.467809 0.006909 1.744432
0.481144 0.009414 0.024347 0.011853 0.001618 0.464697 0.006928 1.745375
0.486407 0.008876 0.023312 0.011299 0.001574 0.461578 0.006954 1.746292
0.491810 0.008408 0.022269 0.010775 0.001534 0.458229 0.006976 1.747138
0.497124 0.007965 0.021235 0.010260 0.001507 0.454918 0.006991 1.747932
0.502505 0.007533 0.020336 0.009768 0.001463 0.451380 0.007014 1.748696
0.507924 0.007136 0.019398 0.009315 0.001433 0.447760 0.007033 1.749430
0.513080 0.006793 0.018537 0.008886 0.001403 0.444244 0.007058 1.750103
0.518266 0.006459 0.017671 0.008449 0.001367 0.440711 0.007076 1.750742
0.523379 0.006189 0.016845 0.008070 0.001346 0.437077 0.007094 1.751331
0.528618 0.005850 0.016150 0.007706 0.001311 0.433251 0.007115 1.751947
0.533805 0.005575 0.015427 0.007330 0.001278 0.429454 0.007132 1.752509
0.538797 0.005321 0.014731 0.006961 0.001239 0.425798 0.007153 1.753049
0.543937 0.005084 0.014059 0.006608 0.001210 0.421934 0.007169 1.753545
0.548922 0.004869 0.013423 0.006300 0.001175 0.418127 0.007184 1.754034
0.553819 0.004671 0.012832 0.005967 0.001146 0.414368 0.007197 1.754508
0.558685 0.004468 0.012234 0.005652 0.001117 0.410630 0.007214 1.754962
0.563510 0.004297 0.011696 0.005400 0.001082 0.406786 0.007229 1.755386
0.568311 0.004122 0.011180 0.005166 0.001054 0.402925 0.007241 1.755798
0.573037 0.003956 0.010689 0.004918 0.001035 0.399112 0.007253 1.756205
0.577867 0.003811 0.010212 0.004684 0.001012 0.395149 0.007266 1.756573
0.582598 0.003662 0.009744 0.004463 0.000988 0.391268 0.007276 1.756945
0.587269 0.003526 0.009282 0.004278 0.000946 0.387407 0.007293 1.757310
0.591801 0.003379 0.008896 0.004094 0.000917 0.383606 0.007307 1.757664
0.596346 0.003265 0.008496 0.003910 0.000891 0.379772 0.007320 1.757988
0.600831 0.003166 0.008102 0.003707 0.000860 0.376000 0.007334 1.758305
0.605351 0.003037 0.007759 0.003535 0.000844 0.372127 0.007348 1.758626
0.609781 0.002947 0.007425 0.003363 0.000825 0.368301 0.007359 1.758916
0.614153 0.002834 0.007118 0.003205 0.000807 0.364517 0.007366 1.759206
0.618571 0.002721 0.006831 0.003074 0.000780 0.360643 0.007381 1.759495
0.622869 0.002642 0.006518 0.002940 0.000759 0.356879 0.007393 1.759763
0.627138 0.002555 0.006228 0.002814 0.000734 0.353129 0.007403 1.760031
0.631252 0.002471 0.005955 0.002703 0.000715 0.349494 0.007411 1.760288
0.635454 0.002406 0.005702 0.002576 0.000694 0.345749 0.007419 1.760521
0.639644 0.002353 0.005443 0.002470 0.000673 0.341987 0.007430 1.760738
0.643739 0.002305 0.005225 0.002365 0.000654 0.338273 0.007440 1.760949
0.647777 0.002245 0.005015 0.002263 0.000635 0.334618 0.007449 1.761177
0.651738 0.002203 0.004812 0.002164 0.000614 0.331012 0.007457 1.761386
0.655670 0.002143 0.004606 0.002098 0.000595 0.327426 0.007461 1.761602
0.659541 0.002095 0.004420 0.002030 0.000570 0.323875 0.007469 1.761806
0.663383 0.002024 0.004264 0.001943 0.000555 0.320356 0.007475 1.762013
0.667299 0.001986 0.004092 0.001854 0.000533 0.316750 0.007485 1.762200
0.671107 0.001939 0.003929 0.001787 0.000515 0.313231 0.007493 1.762390
0.674834 0.001883 0.003777 0.001724 0.000496 0.309786 0.007501 1.762579
0.678493 0.001839 0.003656 0.001663 0.000485 0.306356 0.007507 1.762764
0.682190 0.001777 0.003539 0.001610 0.000473 0.302897 0.007515 1.762960
0.685838 0.001725 0.003402 0.001552 0.000461 0.299504 0.007520 1.763134
0.689470 0.001666 0.003270 0.001512 0.000444 0.296113 0.007526 1.763313
0.693041 0.001629 0.003136 0.001433 0.000433 0.292794 0.007533 1.763461
0.696630 0.001590 0.003046 0.001380 0.000417 0.289401 0.007537 1.763619
0.700154 0.001568 0.002944 0.001328 0.000405 0.286060 0.007541 1.763776
0.703532 0.001536 0.002861 0.001277 0.000391 0.282858 0.007545 1.763937
0.706929 0.001492 0.002769 0.001238 0.000383 0.279643 0.007548 1.764096
0.710249 0.001472 0.002678 0.001204 0.000372 0.276473 0.007553 1.764237
0.713616 0.001449 0.002589 0.001167 0.000355 0.273264 0.007561 1.764380
0.716915 0.001423 0.002501 0.001126 0.000346 0.270125 0.007566 1.764527
0.720153 0.001392 0.002436 0.001088 0.000336 0.267026 0.007570 1.764669
0.723388 0.001366 0.002374 0.001057 0.000327 0.263916 0.007574 1.764800
0.726494 0.001339 0.002302 0.001021 0.000314 0.260954 0.007577 1.764935
0.729621 0.001337 0.002219 0.000981 0.000296 0.257963 0.007584 1.765049
0.732672 0.001299 0.002161 0.000949 0.000288 0.255046 0.007586 1.765182
0.735835 0.001268 0.002093 0.000920 0.000279 0.252013 0.007592 1.765310
0.738884 0.001239 0.002028 0.000896 0.000272 0.249086 0.007596 1.765427
0.741906 0.001214 0.001984 0.000870 0.000264 0.246162 0.007600 1.765549
0.744851 0.001184 0.001925 0.000847 0.000250 0.243339 0.007604 1.765671
0.747748 0.001138 0.001883 0.000821 0.000244 0.240561 0.007607 1.765805
0.750685 0.001109 0.001809 0.000806 0.000236 0.237745 0.007611 1.765917
0.753642 0.001088 0.001761 0.000779 0.000233 0.234885 0.007615 1.766025
0.756469 0.001098 0.001703 0.000747 0.000227 0.232141 0.007617 1.766122
0.759276 0.001078 0.001644 0.000727 0.000214 0.229441 0.007622 1.766224
0.762029 0.001069 0.001606 0.000704 0.000206 0.226763 0.007624 1.766324
0.764751 0.001050 0.001559 0.000687 0.000202 0.224126 0.007626 1.766423
0.767427 0.001042 0.001520 0.000676 0.000195 0.221513 0.007627 1.766526
0.770126 0.001011 0.001483 0.000663 0.000188 0.218898 0.007631 1.766637
0.772677 0.000980 0.001454 0.000651 0.000183 0.216420 0.007635 1.766752
0.775338 0.000962 0.001424 0.000637 0.000177 0.213825 0.007638 1.766855
0.777929 0.000934 0.001386 0.000622 0.000174 0.211318 0.007639 1.766955
0.780441 0.000928 0.001356 0.000602 0.000168 0.208863 0.007643 1.767040
0.782942 0.000912 0.001326 0.000582 0.000166 0.206428 0.007644 1.767137
0.785383 0.000901 0.001288 0.000562 0.000161 0.204059 0.007647 1.767225
0.787845 0.000904 0.001255 0.000547 0.000156 0.201646 0.007649 1.767308
0.790308 0.000876 0.001225 0.000543 0.000153 0.199245 0.007650 1.767403
0.792714 0.000875 0.001201 0.000534 0.000146 0.196878 0.007652 1.767485
0.795049 0.000870 0.001166 0.000522 0.000144 0.194596 0.007654 1.767564
0.797385 0.000860 0.001153 0.000512 0.000140 0.192295 0.007656 1.767649
0.799682 0.000844 0.001131 0.000502 0.000134 0.190048 0.007658 1.767738
0.801993 0.000841 0.001114 0.000490 0.000130 0.187773 0.007659 1.767820
0.804291 0.000832 0.001078 0.000483 0.000126 0.185529 0.007662 1.767898
0.806467 0.000833 0.001048 0.000472 0.000124 0.183394 0.007663 1.767974
0.808686 0.000819 0.001028 0.000465 0.000116 0.181221 0.007666 1.768051
0.810850 0.000795 0.001009 0.000455 0.000113 0.179111 0.007668 1.768129
0.812951 0.000791 0.000983 0.000444 0.000112 0.177051 0.007670 1.768206
0.815058 0.000784 0.000973 0.000442 0.000109 0.174963 0.007672 1.768284
0.817159 0.000780 0.000972 0.000432 0.000107 0.172877 0.007674 1.768365
0.819244 0.000765 0.000953 0.000419 0.000102 0.170841 0.007676 1.768449
0.821318 0.000770 0.000934 0.000413 0.000099 0.168790 0.007677 1.768521
0.823394 0.000756 0.000929 0.000409 0.000095 0.166739 0.007679 1.768601
0.825382 0.000739 0.000913 0.000407 0.000093 0.164785 0.007681 1.768682
0.827371 0.000748 0.000888 0.000403 0.000089 0.162817 0.007684 1.768745
0.829353 0.000737 0.000875 0.000399 0.000085 0.160865 0.007686 1.768814
0.831307 0.000726 0.000862 0.000389 0.000082 0.158947 0.007688 1.768888
0.833266 0.000724 0.000838 0.000381 0.000078 0.157023 0.007689 1.768955
0.835188 0.000715 0.000816 0.000377 0.000076 0.155137 0.007691 1.769022
0.837038 0.000718 0.000808 0.000374 0.000075 0.153296 0.007692 1.769092
0.838831 0.000708 0.000803 0.000364 0.000075 0.151528 0.007692 1.769164
0.840646 0.000697 0.000797 0.000360 0.000075 0.149732 0.007693 1.769231
0.842439 0.000681 0.000790 0.000359 0.000073 0.147965 0.007694 1.769306
0.844214 0.000664 0.000790 0.000354 0.000072 0.146214 0.007694 1.769377
0.846001 0.000657 0.000774 0.000352 0.000070 0.144452 0.007695 1.769444
0.847737 0.000660 0.000771 0.000340 0.000066 0.142730 0.007696 1.769506
0.849424 0.000671 0.000761 0.000334 0.000062 0.141052 0.007696 1.769566
0.851185 0.000667 0.000753 0.000341 0.000060 0.139297 0.007697 1.769636
0.852808 0.000659 0.000753 0.000336 0.000058 0.137687 0.007699 1.769707
0.854465 0.000644 0.000755 0.000344 0.000056 0.136037 0.007700 1.769785
0.856044 0.000647 0.000738 0.000334 0.000055 0.134483 0.007700 1.769839
0.857640 0.000639 0.000727 0.000328 0.000053 0.132913 0.007700 1.769906
0.859220 0.000635 0.000705 0.000320 0.000049 0.131369 0.007703 1.769964
0.860795 0.000634 0.000692 0.000321 0.000049 0.129807 0.007703 1.770023
0.862286 0.000641 0.000685 0.000309 0.000047 0.128328 0.007704 1.770080
0.863789 0.000640 0.000670 0.000307 0.000046 0.126844 0.007704 1.770134
0.865246 0.000643 0.000672 0.000311 0.000043 0.125380 0.007706 1.770198
0.866714 0.000640 0.000667 0.000305 0.000042 0.123927 0.007706 1.770262
0.868178 0.000639 0.000669 0.000304 0.000041 0.122464 0.007707 1.770329
0.869586 0.000654 0.000658 0.000300 0.000040 0.121056 0.007708 1.770384
0.870943 0.000660 0.000653 0.000296 0.000038 0.119699 0.007711 1.770443
0.872329 0.000657 0.000656 0.000292 0.000037 0.118321 0.007711 1.770501
0.873699 0.000652 0.000654 0.000291 0.000036 0.116957 0.007712 1.770573
0.875022 0.000658 0.000648 0.000292 0.000035 0.115634 0.007712 1.770632
0.876346 0.000646 0.000645 0.000288 0.000034 0.114328 0.007712 1.770699
0.877623 0.000650 0.000638 0.000289 0.000033 0.113055 0.007713 1.770755
0.878887 0.000644 0.000625 0.000286 0.000028 0.111818 0.007713 1.770817
0.880124 0.000647 0.000624 0.000286 0.000028 0.110579 0.007714 1.770879
0.881335 0.000660 0.000626 0.000288 0.000029 0.109348 0.007715 1.770938
0.882559 0.000655 0.000620 0.000281 0.000030 0.108140 0.007715 1.770996
0.883741 0.000649 0.000618 0.000287 0.000030 0.106961 0.007715 1.771058
0.884920 0.000650 0.000623 0.000286 0.000031 0.105776 0.007715 1.771121
0.886093 0.000645 0.000623 0.000285 0.000031 0.104608 0.007716 1.771189
0.887268 0.000648 0.000615 0.000284 0.000029 0.103442 0.007716 1.771246
0.888445 0.000640 0.000615 0.000291 0.000029 0.102265 0.007716 1.771314
0.889568 0.000637 0.000616 0.000287 0.000029 0.101148 0.007716 1.771372
0.890655 0.000638 0.000615 0.000291 0.000027 0.100057 0.007717 1.771433
0.891784 0.000641 0.000621 0.000286 0.000027 0.098925 0.007717 1.771498
0.892870 0.000635 0.000624 0.000290 0.000026 0.097839 0.007717 1.771565
0.893876 0.000647 0.000623 0.000289 0.000025 0.096821 0.007718 1.771619
0.894882 0.000633 0.000634 0.000296 0.000024 0.095813 0.007718 1.771687
0.895846 0.000641 0.000634 0.000293 0.000026 0.094842 0.007718 1.771741
0.896810 0.000651 0.000630 0.000291 0.000025 0.093874 0.007719 1.771795
0.897702 0.000658 0.000623 0.000292 0.000024 0.092982 0.007719 1.771861
0.898643 0.000652 0.000616 0.000300 0.000025 0.092046 0.007719 1.771928
0.899536 0.000665 0.000606 0.000299 0.000026 0.091148 0.007719 1.771988
0.900430 0.000670 0.000603 0.000298 0.000025 0.090255 0.007719 1.772048
0.901323 0.000669 0.000608 0.000298 0.000025 0.089357 0.007720 1.772109
0.902203 0.000670 0.000607 0.000303 0.000025 0.088473 0.007720 1.772173
0.903088 0.000670 0.000604 0.000301 0.000026 0.087593 0.007720 1.772238
0.903974 0.000676 0.000598 0.000301 0.000027 0.086705 0.007720 1.772301
0.904853 0.000682 0.000603 0.000300 0.000025 0.085816 0.007722 1.772367
0.905646 0.000691 0.000599 0.000295 0.000023 0.085024 0.007723 1.772419
0.906463 0.000695 0.000600 0.000291 0.000024 0.084204 0.007723 1.772479
0.907247 0.000697 0.000611 0.000296 0.000024 0.083403 0.007723 1.772546
0.907980 0.000690 0.000607 0.000299 0.000025 0.082676 0.007723 1.772615
0.908710 0.000683 0.000603 0.000302 0.000023 0.081956 0.007723 1.772680
0.909410 0.000687 0.000610 0.000300 0.000023 0.081246 0.007723 1.772751
0.910140 0.000692 0.000608 0.000294 0.000022 0.080520 0.007724 1.772816
0.910823 0.000687 0.000615 0.000305 0.000022 0.079825 0.007724 1.772893
0.911526 0.000677 0.000628 0.000307 0.000021 0.079116 0.007724 1.772967
0.912198 0.000681 0.000619 0.000307 0.000022 0.078450 0.007724 1.773023
0.912859 0.000690 0.000611 0.000309 0.000022 0.077785 0.007724 1.773082
0.913542 0.000671 0.000625 0.000310 0.000022 0.077106 0.007724 1.773154
0.914195 0.000683 0.000623 0.000315 0.000024 0.076438 0.007724 1.773219
0.914842 0.000675 0.000628 0.000316 0.000024 0.075793 0.007724 1.773291
0.915496 0.000669 0.000631 0.000321 0.000022 0.075136 0.007725 1.773363
0.916110 0.000677 0.000633 0.000312 0.000020 0.074522 0.007726 1.773426
0.916703 0.000665 0.000633 0.000315 0.000021 0.073937 0.007726 1.773497
0.917317 0.000670 0.000632 0.000308 0.000021 0.073326 0.007726 1.773562
0.917871 0.000670 0.000639 0.000302 0.000019 0.072772 0.007727 1.773627
0.918456 0.000668 0.000634 0.000300 0.000018 0.072197 0.007728 1.773688
0.919042 0.000670 0.000619 0.000304 0.000017 0.071620 0.007728 1.773746
0.919603 0.000671 0.000622 0.000303 0.000017 0.071056 0.007728 1.773817
0.920170 0.000661 0.000632 0.000306 0.000017 0.070486 0.007728 1.773889
0.920684 0.000676 0.000638 0.000298 0.000016 0.069959 0.007729 1.773949
0.921218 0.000678 0.000627 0.000301 0.000015 0.069431 0.007729 1.774012
0.921758 0.000685 0.000623 0.000296 0.000015 0.068893 0.007730 1.774073
0.922283 0.000680 0.000630 0.000301 0.000015 0.068361 0.007731 1.774144
0.922798 0.000661 0.000624 0.000293 0.000014 0.067879 0.007731 1.774215
0.923279 0.000650 0.000636 0.000288 0.000014 0.067401 0.007731 1.774286
0.923741 0.000661 0.000631 0.000286 0.000015 0.066934 0.007731 1.774345
0.924245 0.000654 0.000630 0.000287 0.000015 0.066438 0.007732 1.774407
0.924716 0.000665 0.000630 0.000290 0.000012 0.065955 0.007732 1.774475
0.925183 0.000677 0.000629 0.000290 0.000013 0.065476 0.007732 1.774534
0.925639 0.000682 0.000631 0.000289 0.000013 0.065013 0.007732 1.774601
0.926080 0.000688 0.000613 0.000286 0.000014 0.064587 0.007732 1.774663
0.926469 0.000697 0.000616 0.000289 0.000014 0.064182 0.007733 1.774729
0.926890 0.000709 0.000615 0.000294 0.000014 0.063744 0.007733 1.774797
0.927334 0.000711 0.000620 0.000290 0.000016 0.063296 0.007733 1.774871
0.927769 0.000703 0.000619 0.000286 0.000016 0.062872 0.007734 1.774943
0.928180 0.000707 0.000611 0.000289 0.000016 0.062465 0.007734 1.775007
0.928523 0.000715 0.000619 0.000292 0.000017 0.062100 0.007734 1.775079
0.928919 0.000706 0.000629 0.000295 0.000018 0.061699 0.007735 1.775153
0.929317 0.000713 0.000625 0.000298 0.000016 0.061296 0.007735 1.775212
0.929669 0.000714 0.000623 0.000300 0.000016 0.060943 0.007736 1.775282
0.930000 0.000707 0.000627 0.000296 0.000015 0.060619 0.007736 1.775354
0.930337 0.000718 0.000632 0.000296 0.000015 0.060267 0.007736 1.775416
0.930671 0.000719 0.000648 0.000296 0.000015 0.059915 0.007737 1.775494
0.931008 0.000728 0.000644 0.000297 0.000016 0.059571 0.007737 1.775558
0.931369 0.000730 0.000646 0.000296 0.000016 0.059207 0.007737 1.775630
0.931704 0.000739 0.000648 0.000300 0.000015 0.058855 0.007738 1.775704
0.932043 0.000741 0.000648 0.000301 0.000014 0.058514 0.007739 1.775773
0.932358 0.000756 0.000647 0.000299 0.000015 0.058186 0.007739 1.775841
0.932671 0.000750 0.000658 0.000302 0.000016 0.057866 0.007739 1.775920
0.932970 0.000745 0.000665 0.000303 0.000016 0.057563 0.007739 1.775992
0.933298 0.000736 0.000671 0.000308 0.000015 0.057233 0.007739 1.776068
0.933603 0.000726 0.000681 0.000310 0.000016 0.056926 0.007739 1.776146
0.933869 0.000732 0.000680 0.000313 0.000018 0.056650 0.007739 1.776218
0.934161 0.000727 0.000672 0.000324 0.000019 0.056359 0.007739 1.776291
0.934439 0.000737 0.000672 0.000315 0.000019 0.056079 0.007739 1.776352
0.934697 0.000749 0.000676 0.000313 0.000020 0.055805 0.007739 1.776421
0.934954 0.000753 0.000680 0.000302 0.000020 0.055553 0.007739 1.776491
0.935210 0.000770 0.000682 0.000297 0.000022 0.055281 0.007740 1.776555
0.935460 0.000756 0.000690 0.000294 0.000022 0.055038 0.007740 1.776633
0.935719 0.000763 0.000677 0.000291 0.000022 0.054789 0.007740 1.776703
0.935977 0.000767 0.000673 0.000292 0.000020 0.054531 0.007741 1.776775
0.936203 0.000765 0.000688 0.000298 0.000020 0.054285 0.007741 1.776859
0.936472 0.000756 0.000694 0.000303 0.000020 0.054014 0.007741 1.776939
0.936720 0.000763 0.000683 0.000307 0.000021 0.053766 0.007741 1.777012
0.936977 0.000762 0.000673 0.000310 0.000022 0.053515 0.007742 1.777075
0.937209 0.000755 0.000670 0.000316 0.000022 0.053285 0.007743 1.777156
0.937452 0.000756 0.000674 0.000322 0.000021 0.053032 0.007743 1.777234
0.937672 0.000741 0.000676 0.000321 0.000021 0.052826 0.007744 1.777312
0.937885 0.000746 0.000677 0.000317 0.000021 0.052610 0.007744 1.777381
0.938119 0.000752 0.000675 0.000314 0.000021 0.052376 0.007744 1.777448
0.938346 0.000746 0.000669 0.000309 0.000022 0.052165 0.007744 1.777517
0.938574 0.000743 0.000660 0.000308 0.000021 0.051950 0.007745 1.777583
0.938787 0.000752 0.000658 0.000306 0.000021 0.051732 0.007745 1.777655
0.939009 0.000751 0.000671 0.000305 0.000020 0.051499 0.007746 1.777733
0.939217 0.000750 0.000668 0.000310 0.000020 0.051289 0.007746 1.777810
0.939412 0.000746 0.000669 0.000313 0.000020 0.051095 0.007746 1.777882
0.939600 0.000740 0.000668 0.000319 0.000021 0.050908 0.007746 1.777962
0.939823 0.000735 0.000662 0.000316 0.000020 0.050698 0.007747 1.778032
0.940028 0.000730 0.000656 0.000320 0.000020 0.050499 0.007747 1.778102
0.940202 0.000736 0.000654 0.000318 0.000019 0.050324 0.007748 1.778179
0.940381 0.000733 0.000664 0.000318 0.000019 0.050138 0.007748 1.778253
0.940580 0.000729 0.000671 0.000323 0.000020 0.049928 0.007749 1.778329
0.940763 0.000736 0.000659 0.000314 0.000020 0.049760 0.007749 1.778390
0.940945 0.000728 0.000663 0.000319 0.000019 0.049579 0.007749 1.778464
0.941113 0.000733 0.000663 0.000320 0.000020 0.049403 0.007749 1.778535
0.941280 0.000738 0.000653 0.000319 0.000020 0.049241 0.007749 1.778596
0.941468 0.000723 0.000654 0.000323 0.000019 0.049065 0.007749 1.778679
0.941628 0.000719 0.000667 0.000319 0.000019 0.048900 0.007749 1.778755
0.941789 0.000727 0.000656 0.000316 0.000019 0.048744 0.007749 1.778820
0.941939 0.000744 0.000654 0.000314 0.000018 0.048582 0.007749 1.778884
0.942104 0.000738 0.000662 0.000325 0.000018 0.048405 0.007749 1.778962
0.942255 0.000745 0.000666 0.000325 0.000017 0.048243 0.007749 1.779025
0.942422 0.000741 0.000675 0.000314 0.000018 0.048081 0.007749 1.779098
0.942564 0.000765 0.000676 0.000313 0.000019 0.047914 0.007749 1.779163
0.942693 0.000771 0.000679 0.000310 0.000018 0.047780 0.007749 1.779235
0.942833 0.000779 0.000677 0.000318 0.000018 0.047626 0.007749 1.779309
0.942962 0.000774 0.000681 0.000329 0.000018 0.047487 0.007749 1.779395
0.943104 0.000762 0.000685 0.000338 0.000018 0.047345 0.007749 1.779482
0.943224 0.000769 0.000690 0.000338 0.000019 0.047212 0.007749 1.779560
0.943343 0.000788 0.000681 0.000335 0.000019 0.047086 0.007749 1.779629
0.943478 0.000788 0.000692 0.000339 0.000018 0.046936 0.007749 1.779712
0.943607 0.000782 0.000701 0.000341 0.000019 0.046801 0.007749 1.779791
0.943731 0.000780 0.000694 0.000345 0.000020 0.046682 0.007750 1.779870
0.943862 0.000777 0.000702 0.000345 0.000021 0.046544 0.007750 1.779950
0.943971 0.000788 0.000708 0.000336 0.000022 0.046426 0.007750 1.780025
0.944084 0.000791 0.000709 0.000343 0.000021 0.046302 0.007751 1.780104
0.944194 0.000795 0.000697 0.000344 0.000021 0.046199 0.007751 1.780171
0.944294 0.000790 0.000701 0.000348 0.000021 0.046095 0.007751 1.780253
0.944396 0.000803 0.000700 0.000346 0.000020 0.045985 0.007751 1.780325
0.944528 0.000800 0.000691 0.000343 0.000022 0.045867 0.007751 1.780401
0.944635 0.000799 0.000694 0.000345 0.000023 0.045754 0.007751 1.780478
0.944731 0.000801 0.000696 0.000348 0.000023 0.045651 0.007751 1.780556
0.944832 0.000805 0.000708 0.000341 0.000023 0.045541 0.007751 1.780632
0.944915 0.000812 0.000718 0.000342 0.000023 0.045440 0.007751 1.780712
0.945009 0.000809 0.000714 0.000357 0.000024 0.045337 0.007752 1.780796
0.945090 0.000814 0.000721 0.000358 0.000024 0.045243 0.007752 1.780879
0.945189 0.000812 0.000723 0.000362 0.000024 0.045138 0.007752 1.780959
0.945278 0.000817 0.000723 0.000361 0.000023 0.045045 0.007753 1.781035
0.945378 0.000828 0.000729 0.000356 0.000021 0.044935 0.007754 1.781109
0.945466 0.000830 0.000728 0.000363 0.000022 0.044838 0.007754 1.781194
0.945542 0.000842 0.000729 0.000361 0.000021 0.044750 0.007754 1.781265
0.945624 0.000826 0.000746 0.000367 0.000021 0.044661 0.007755 1.781356
0.945721 0.000829 0.000744 0.000361 0.000021 0.044570 0.007756 1.781437
0.945798 0.000830 0.000745 0.000362 0.000021 0.044488 0.007756 1.781521
0.945880 0.000821 0.000742 0.000363 0.000023 0.044416 0.007756 1.781605
0.945970 0.000824 0.000744 0.000361 0.000022 0.044324 0.007756 1.781688
0.946058 0.000825 0.000740 0.000359 0.000022 0.044241 0.007756 1.781762
0.946128 0.000829 0.000746 0.000362 0.000023 0.044156 0.007756 1.781845
0.946182 0.000841 0.000745 0.000358 0.000023 0.044096 0.007756 1.781914
0.946267 0.000832 0.000752 0.000358 0.000022 0.044013 0.007757 1.782001
0.946336 0.000829 0.000754 0.000366 0.000021 0.043937 0.007757 1.782084
0.946417 0.000836 0.000751 0.000370 0.000020 0.043849 0.007758 1.782157
0.946472 0.000853 0.000753 0.000371 0.000021 0.043773 0.007758 1.782231
0.946532 0.000848 0.000751 0.000372 0.000021 0.043720 0.007758 1.782312
0.946590 0.000859 0.000751 0.000372 0.000022 0.043649 0.007758 1.782391
0.946647 0.000875 0.000752 0.000370 0.000022 0.043578 0.007758 1.782473
0.946723 0.000882 0.000741 0.000367 0.000022 0.043507 0.007759 1.782544
0.946785 0.000890 0.000742 0.000365 0.000020 0.043437 0.007760 1.782619
0.946858 0.000869 0.000766 0.000363 0.000021 0.043363 0.007760 1.782724
0.946895 0.000880 0.000773 0.000370 0.000021 0.043301 0.007760 1.782812
0.946947 0.000873 0.000797 0.000375 0.000021 0.043227 0.007760 1.782911
0.947012 0.000875 0.000796 0.000371 0.000020 0.043166 0.007760 1.782989
0.947075 0.000884 0.000792 0.000371 0.000019 0.043098 0.007761 1.783069
0.947136 0.000890 0.000785 0.000368 0.000018 0.043043 0.007761 1.783140
0.947183 0.000899 0.000782 0.000362 0.000020 0.042994 0.007761 1.783229
0.947210 0.000905 0.000791 0.000358 0.000020 0.042955 0.007762 1.783323
0.947268 0.000905 0.000780 0.000359 0.000022 0.042905 0.007762 1.783405
0.947322 0.000911 0.000783 0.000361 0.000022 0.042839 0.007762 1.783492
0.947397 0.000903 0.000783 0.000361 0.000022 0.042771 0.007762 1.783578
0.947452 0.000898 0.000795 0.000360 0.000022 0.042710 0.007762 1.783673
0.947484 0.000906 0.000800 0.000352 0.000022 0.042673 0.007762 1.783761
0.947513 0.000905 0.000802 0.000360 0.000023 0.042636 0.007762 1.783857
0.947543 0.000902 0.000815 0.000364 0.000024 0.042589 0.007763 1.783955
0.947588 0.000898 0.000817 0.000364 0.000023 0.042549 0.007764 1.784040
0.947633 0.000905 0.000828 0.000369 0.000023 0.042479 0.007764 1.784128
0.947689 0.000905 0.000829 0.000369 0.000025 0.042420 0.007764 1.784219
0.947745 0.000906 0.000829 0.000370 0.000024 0.042362 0.007765 1.784309
0.947771 0.000918 0.000826 0.000371 0.000024 0.042325 0.007765 1.784392
0.947796 0.000926 0.000822 0.000374 0.000025 0.042293 0.007765 1.784483
0.947838 0.000927 0.000826 0.000375 0.000024 0.042245 0.007765 1.784569
0.947883 0.000922 0.000825 0.000373 0.000024 0.042207 0.007766 1.784656
0.947918 0.000919 0.000823 0.000374 0.000024 0.042176 0.007767 1.784750
0.947927 0.000934 0.000818 0.000382 0.000022 0.042150 0.007767 1.784835
0.947945 0.000933 0.000816 0.000386 0.000023 0.042130 0.007767 1.784927
0.947999 0.000933 0.000827 0.000388 0.000021 0.042065 0.007767 1.785014
0.948038 0.000954 0.000817 0.000382 0.000020 0.042021 0.007768 1.785092
0.948062 0.000940 0.000811 0.000390 0.000022 0.042008 0.007768 1.785194
0.948082 0.000938 0.000825 0.000391 0.000022 0.041975 0.007768 1.785294
0.948117 0.000932 0.000836 0.000394 0.000023 0.041931 0.007768 1.785383
0.948145 0.000936 0.000822 0.000394 0.000023 0.041912 0.007768 1.785466
0.948204 0.000937 0.000815 0.000387 0.000025 0.041864 0.007769 1.785547
0.948236 0.000942 0.000818 0.000387 0.000023 0.041827 0.007769 1.785626
0.948260 0.000941 0.000825 0.000389 0.000024 0.041792 0.007769 1.785719
0.948289 0.000934 0.000831 0.000386 0.000026 0.041764 0.007770 1.785811
0.948308 0.000930 0.000828 0.000385 0.000027 0.041752 0.007770 1.785902
0.948335 0.000927 0.000835 0.000389 0.000028 0.041716 0.007770 1.785998
0.948357 0.000925 0.000819 0.000396 0.000028 0.041706 0.007770 1.786090
0.948388 0.000920 0.000819 0.000386 0.000030 0.041688 0.007770 1.786176
0.948405 0.000919 0.000830 0.000384 0.000029 0.041665 0.007770 1.786261
0.948438 0.000924 0.000827 0.000378 0.000029 0.041635 0.007770 1.786344
0.948464 0.000916 0.000830 0.000382 0.000029 0.041609 0.007770 1.786440
0.948479 0.000922 0.000833 0.000392 0.000029 0.041576 0.007770 1.786534
0.948496 0.000931 0.000827 0.000395 0.000027 0.041555 0.007770 1.786617
0.948521 0.000946 0.000825 0.000383 0.000025 0.041528 0.007770 1.786699
0.948556 0.000953 0.000835 0.000379 0.000024 0.041484 0.007770 1.786791
0.948571 0.000945 0.000840 0.000387 0.000024 0.041462 0.007770 1.786895
0.948574 0.000947 0.000850 0.000391 0.000024 0.041443 0.007771 1.786999
0.948599 0.000943 0.000859 0.000399 0.000023 0.041406 0.007771 1.787098
0.948623 0.000955 0.000860 0.000395 0.000023 0.041372 0.007771 1.787186
0.948631 0.000963 0.000870 0.000400 0.000023 0.041343 0.007771 1.787282
0.948654 0.000967 0.000876 0.000396 0.000023 0.041313 0.007771 1.787370
0.948672 0.000973 0.000869 0.000398 0.000023 0.041295 0.007771 1.787460
0.948681 0.000969 0.000885 0.000402 0.000023 0.041268 0.007772 1.787561
0.948703 0.000977 0.000868 0.000405 0.000024 0.041252 0.007772 1.787647
0.948721 0.000981 0.000869 0.000411 0.000023 0.041223 0.007772 1.787748
0.948734 0.000995 0.000865 0.000403 0.000023 0.041208 0.007773 1.787832
0.948747 0.000999 0.000868 0.000404 0.000024 0.041186 0.007773 1.787936
0.948775 0.000997 0.000866 0.000406 0.000024 0.041159 0.007773 1.788028
0.948788 0.000983 0.000888 0.000416 0.000024 0.041126 0.007774 1.788141
0.948828 0.000965 0.000902 0.000416 0.000025 0.041091 0.007774 1.788242
0.948838 0.000963 0.000897 0.000420 0.000023 0.041083 0.007776 1.788339
0.948853 0.000973 0.000900 0.000420 0.000024 0.041055 0.007776 1.788432
0.948844 0.000991 0.000894 0.000424 0.000023 0.041049 0.007776 1.788524
0.948853 0.001001 0.000897 0.000431 0.000023 0.041020 0.007776 1.788616
0.948862 0.001002 0.000904 0.000438 0.000023 0.040996 0.007776 1.788718
0.948869 0.001002 0.000922 0.000438 0.000023 0.040970 0.007776 1.788819
0.948872 0.001004 0.000919 0.000436 0.000024 0.040969 0.007776 1.788918
0.948867 0.001023 0.000917 0.000428 0.000025 0.040963 0.007776 1.789005
0.948873 0.001019 0.000924 0.000428 0.000026 0.040954 0.007777 1.789110
0.948864 0.001023 0.000919 0.000436 0.000025 0.040956 0.007777 1.789208
0.948871 0.001033 0.000921 0.000438 0.000025 0.040936 0.007777 1.789309
0.948881 0.001021 0.000925 0.000437 0.000026 0.040932 0.007777 1.789416
0.948885 0.001005 0.000930 0.000438 0.000027 0.040938 0.007777 1.789524
0.948902 0.001003 0.000928 0.000440 0.000027 0.040922 0.007777 1.789620
0.948907 0.001002 0.000926 0.000453 0.000027 0.040906 0.007778 1.789721
0.948900 0.001005 0.000937 0.000451 0.000027 0.040902 0.007778 1.789824
0.948907 0.001005 0.000940 0.000463 0.000025 0.040882 0.007778 1.789930
0.948900 0.001011 0.000936 0.000457 0.000024 0.040895 0.007779 1.790027
0.948894 0.001017 0.000942 0.000463 0.000023 0.040882 0.007779 1.790133
0.948894 0.001016 0.000933 0.000464 0.000025 0.040890 0.007779 1.790233
0.948903 0.001008 0.000942 0.000460 0.000023 0.040886 0.007779 1.790332
0.948903 0.001017 0.000935 0.000454 0.000024 0.040888 0.007779 1.790425
0.948892 0.001031 0.000936 0.000454 0.000025 0.040883 0.007779 1.790523
0.948904 0.001029 0.000945 0.000447 0.000026 0.040870 0.007779 1.790622
0.948929 0.001014 0.000950 0.000445 0.000025 0.040857 0.007779 1.790729
0.948949 0.000997 0.000961 0.000440 0.000024 0.040849 0.007780 1.790836
0.948947 0.001000 0.000943 0.000446 0.000023 0.040861 0.007781 1.790939
0.948930 0.001015 0.000936 0.000443 0.000022 0.040871 0.007782 1.791033
0.948933 0.000997 0.000932 0.000452 0.000021 0.040883 0.007782 1.791137
0.948927 0.001000 0.000939 0.000461 0.000022 0.040870 0.007782 1.791233
0.948926 0.001010 0.000933 0.000449 0.000024 0.040876 0.007782 1.791327
0.948917 0.001019 0.000938 0.000447 0.000024 0.040873 0.007782 1.791424
0.948911 0.001029 0.000942 0.000442 0.000024 0.040871 0.007782 1.791523
0.948921 0.001017 0.000946 0.000441 0.000025 0.040870 0.007782 1.791624
0.948910 0.001027 0.000942 0.000440 0.000025 0.040875 0.007782 1.791716
0.948903 0.001028 0.000956 0.000440 0.000025 0.040867 0.007782 1.791819
0.948903 0.001022 0.000951 0.000435 0.000025 0.040881 0.007782 1.791923
0.948885 0.001045 0.000942 0.000438 0.000025 0.040883 0.007782 1.792013
0.948900 0.001035 0.000945 0.000442 0.000025 0.040870 0.007783 1.792113
0.948915 0.001040 0.000953 0.000449 0.000023 0.040838 0.007783 1.792208
0.948915 0.001040 0.000955 0.000451 0.000024 0.040833 0.007783 1.792306
0.948911 0.001037 0.000953 0.000452 0.000024 0.040842 0.007783 1.792412
0.948907 0.001051 0.000950 0.000446 0.000023 0.040840 0.007783 1.792507
0.948919 0.001057 0.000944 0.000443 0.000024 0.040830 0.007784 1.792601
0.948910 0.001047 0.000943 0.000441 0.000024 0.040851 0.007785 1.792712
0.948916 0.001042 0.000934 0.000447 0.000023 0.040851 0.007785 1.792816
0.948953 0.001032 0.000936 0.000450 0.000022 0.040821 0.007787 1.792904
0.948950 0.001031 0.000929 0.000448 0.000024 0.040832 0.007787 1.793002
0.948961 0.001027 0.000937 0.000447 0.000025 0.040817 0.007787 1.793103
0.948942 0.001038 0.000944 0.000442 0.000023 0.040824 0.007787 1.793205
0.948936 0.001038 0.000952 0.000443 0.000022 0.040822 0.007787 1.793304
0.948921 0.001036 0.000954 0.000448 0.000021 0.040832 0.007788 1.793404
0.948915 0.001012 0.000966 0.000455 0.000021 0.040843 0.007789 1.793523
0.948928 0.001023 0.000956 0.000449 0.000023 0.040834 0.007789 1.793606
0.948927 0.001027 0.000953 0.000445 0.000024 0.040837 0.007789 1.793705
0.948932 0.001024 0.000952 0.000442 0.000025 0.040838 0.007789 1.793806
0.948948 0.001017 0.000943 0.000449 0.000025 0.040829 0.007789 1.793902
0.948948 0.001026 0.000946 0.000443 0.000024 0.040823 0.007790 1.793999
0.948942 0.001039 0.000938 0.000446 0.000027 0.040818 0.007790 1.794099
0.948936 0.001032 0.000941 0.000434 0.000027 0.040841 0.007791 1.794195
0.948920 0.001020 0.000951 0.000436 0.000026 0.040857 0.007791 1.794308
0.948929 0.001025 0.000944 0.000442 0.000026 0.040843 0.007792 1.794399
0.948922 0.001017 0.000949 0.000444 0.000026 0.040850 0.007792 1.794509
0.948916 0.001001 0.000959 0.000445 0.000024 0.040863 0.007793 1.794619
0.948918 0.000997 0.000955 0.000461 0.000023 0.040854 0.007793 1.794723
0.948925 0.000991 0.000952 0.000464 0.000022 0.040854 0.007793 1.794821
0.948916 0.000998 0.000958 0.000463 0.000021 0.040852 0.007793 1.794920
0.948908 0.000990 0.000947 0.000459 0.000021 0.040882 0.007794 1.795019
0.948907 0.000991 0.000930 0.000453 0.000021 0.040904 0.007794 1.795114
0.948893 0.001001 0.000933 0.000452 0.000021 0.040906 0.007794 1.795216
0.948882 0.001010 0.000927 0.000457 0.000022 0.040909 0.007794 1.795313
0.948887 0.001003 0.000937 0.000453 0.000022 0.040906 0.007794 1.795414
0.948880 0.001012 0.000936 0.000449 0.000022 0.040909 0.007794 1.795507
0.948871 0.001008 0.000939 0.000455 0.000023 0.040910 0.007794 1.795614
0.948864 0.001025 0.000934 0.000460 0.000023 0.040898 0.007795 1.795707
0.948856 0.001031 0.000937 0.000471 0.000024 0.040886 0.007795 1.795806
0.948870 0.001050 0.000931 0.000460 0.000024 0.040870 0.007795 1.795887
0.948864 0.001052 0.000928 0.000456 0.000024 0.040881 0.007795 1.795986
0.948853 0.001060 0.000926 0.000451 0.000025 0.040889 0.007796 1.796081
0.948869 0.001051 0.000924 0.000452 0.000024 0.040885 0.007796 1.796185
0.948854 0.001053 0.000926 0.000454 0.000022 0.040895 0.007796 1.796288
0.948841 0.001052 0.000936 0.000450 0.000023 0.040901 0.007796 1.796397
0.948866 0.001044 0.000935 0.000453 0.000023 0.040883 0.007797 1.796488
0.948867 0.001048 0.000937 0.000452 0.000022 0.040878 0.007797 1.796586
0.948878 0.001027 0.000936 0.000459 0.000023 0.040881 0.007798 1.796697
0.948883 0.001026 0.000937 0.000459 0.000023 0.040875 0.007798 1.796800
0.948880 0.001019 0.000948 0.000461 0.000023 0.040871 0.007798 1.796906
0.948879 0.001014 0.000940 0.000461 0.000024 0.040884 0.007798 1.797008
0.948866 0.001032 0.000924 0.000454 0.000026 0.040901 0.007798 1.797097
0.948888 0.001009 0.000925 0.000458 0.000025 0.040896 0.007798 1.797205
0.948903 0.001014 0.000924 0.000453 0.000024 0.040883 0.007800 1.797292
0.948899 0.001016 0.000923 0.000447 0.000025 0.040890 0.007800 1.797395
0.948907 0.001007 0.000930 0.000461 0.000024 0.040870 0.007801 1.797505
0.948920 0.000996 0.000930 0.000458 0.000024 0.040871 0.007801 1.797606
0.948917 0.001003 0.000940 0.000451 0.000024 0.040864 0.007801 1.797703
0.948913 0.001012 0.000934 0.000444 0.000024 0.040872 0.007801 1.797795
0.948914 0.001008 0.000945 0.000441 0.000024 0.040866 0.007803 1.797894
0.948922 0.001010 0.000945 0.000441 0.000024 0.040854 0.007803 1.797985
0.948920 0.001005 0.000955 0.000445 0.000023 0.040850 0.007803 1.798085
0.948915 0.001009 0.000952 0.000445 0.000022 0.040852 0.007804 1.798185
0.948932 0.001007 0.000943 0.000441 0.000024 0.040849 0.007804 1.798274
0.948961 0.000991 0.000937 0.000446 0.000024 0.040837 0.007804 1.798373
0.948973 0.000984 0.000938 0.000452 0.000024 0.040826 0.007804 1.798474
0.948962 0.000980 0.000948 0.000456 0.000025 0.040826 0.007804 1.798586
0.948961 0.000978 0.000952 0.000452 0.000025 0.040827 0.007805 1.798686
0.948961 0.000976 0.000947 0.000444 0.000025 0.040840 0.007806 1.798782
0.948944 0.000986 0.000952 0.000441 0.000027 0.040844 0.007806 1.798877
0.948939 0.000995 0.000945 0.000437 0.000026 0.040852 0.007806 1.798970
0.948940 0.000994 0.000947 0.000441 0.000027 0.040845 0.007806 1.799068
0.948942 0.000994 0.000947 0.000440 0.000024 0.040847 0.007807 1.799165
0.948934 0.000994 0.000952 0.000437 0.000026 0.040851 0.007807 1.799263
0.948932 0.000982 0.000961 0.000437 0.000028 0.040854 0.007807 1.799373
0.948919 0.000990 0.000971 0.000433 0.000027 0.040853 0.007807 1.799477
0.948930 0.000996 0.000974 0.000431 0.000027 0.040836 0.007807 1.799570
0.948938 0.000989 0.000966 0.000445 0.000026 0.040829 0.007807 1.799672
0.948946 0.000984 0.000956 0.000440 0.000026 0.040840 0.007808 1.799767
0.948945 0.000981 0.000954 0.000443 0.000027 0.040843 0.007808 1.799866
0.948956 0.000980 0.000935 0.000443 0.000026 0.040852 0.007808 1.799953
0.948955 0.000984 0.000934 0.000437 0.000027 0.040855 0.007808 1.800049
0.948960 0.001006 0.000929 0.000422 0.000028 0.040847 0.007808 1.800133
0.948961 0.000996 0.000937 0.000429 0.000029 0.040841 0.007808 1.800234
0.948949 0.000995 0.000947 0.000433 0.000029 0.040839 0.007808 1.800338
0.948954 0.000991 0.000955 0.000438 0.000028 0.040827 0.007809 1.800444
0.948953 0.000967 0.000965 0.000448 0.000028 0.040831 0.007809 1.800562
0.948960 0.000960 0.000946 0.000449 0.000028 0.040848 0.007809 1.800663
0.948962 0.000972 0.000930 0.000449 0.000028 0.040852 0.007809 1.800752
0.948965 0.000974 0.000939 0.000440 0.000027 0.040846 0.007809 1.800848
0.948969 0.000961 0.000943 0.000449 0.000027 0.040841 0.007810 1.800955
0.948976 0.000962 0.000940 0.000447 0.000027 0.040838 0.007810 1.801046
0.948980 0.000946 0.000953 0.000441 0.000025 0.040844 0.007811 1.801152
0.948980 0.000942 0.000951 0.000438 0.000027 0.040851 0.007811 1.801249
0.948962 0.000953 0.000956 0.000437 0.000027 0.040854 0.007811 1.801337
0.948974 0.000963 0.000940 0.000432 0.000028 0.040851 0.007812 1.801427
0.948994 0.000955 0.000938 0.000441 0.000027 0.040832 0.007812 1.801519
0.949012 0.000948 0.000936 0.000443 0.000028 0.040820 0.007812 1.801611
0.949012 0.000938 0.000938 0.000442 0.000028 0.040831 0.007812 1.801712
0.949016 0.000940 0.000935 0.000445 0.000030 0.040823 0.007812 1.801807
0.949031 0.000938 0.000924 0.000437 0.000030 0.040829 0.007812 1.801897
0.949039 0.000939 0.000927 0.000428 0.000030 0.040825 0.007812 1.801985
0.949049 0.000943 0.000911 0.000431 0.000030 0.040822 0.007813 1.802065
0.949051 0.000955 0.000899 0.000433 0.000030 0.040819 0.007813 1.802149
0.949050 0.000959 0.000895 0.000437 0.000030 0.040817 0.007813 1.802245
0.949049 0.000971 0.000886 0.000425 0.000029 0.040828 0.007813 1.802329
0.949045 0.000970 0.000887 0.000425 0.000028 0.040832 0.007813 1.802424
0.949053 0.000966 0.000877 0.000426 0.000028 0.040836 0.007814 1.802525
0.949050 0.000973 0.000879 0.000426 0.000029 0.040831 0.007814 1.802617
0.949046 0.000989 0.000882 0.000426 0.000028 0.040815 0.007815 1.802704
0.949035 0.001020 0.000868 0.000415 0.000026 0.040820 0.007816 1.802786
0.949030 0.001018 0.000881 0.000416 0.000024 0.040816 0.007817 1.802889
0.949024 0.001012 0.000889 0.000418 0.000024 0.040817 0.007817 1.802983
0.949016 0.001006 0.000895 0.000423 0.000022 0.040820 0.007817 1.803089
0.948991 0.001037 0.000889 0.000422 0.000022 0.040821 0.007817 1.803171
0.948971 0.001038 0.000890 0.000425 0.000022 0.040836 0.007819 1.803273
0.948963 0.001044 0.000884 0.000420 0.000022 0.040848 0.007819 1.803369
0.948971 0.001035 0.000887 0.000429 0.000022 0.040836 0.007819 1.803475
0.948979 0.001024 0.000896 0.000445 0.000022 0.040814 0.007819 1.803581
0.948974 0.001032 0.000894 0.000441 0.000022 0.040818 0.007820 1.803673
0.948981 0.001029 0.000896 0.000433 0.000023 0.040818 0.007820 1.803764
0.948971 0.001039 0.000895 0.000438 0.000022 0.040813 0.007821 1.803859
0.948970 0.001028 0.000914 0.000440 0.000022 0.040804 0.007821 1.803969
0.948969 0.001018 0.000916 0.000439 0.000023 0.040815 0.007821 1.804075
0.948974 0.000999 0.000933 0.000440 0.000023 0.040810 0.007821 1.804181
0.948985 0.000995 0.000929 0.000441 0.000024 0.040805 0.007821 1.804279
0.948999 0.000985 0.000923 0.000432 0.000023 0.040817 0.007823 1.804373
0.948999 0.000987 0.000918 0.000433 0.000023 0.040817 0.007824 1.804472
0.948991 0.000985 0.000924 0.000438 0.000024 0.040815 0.007824 1.804574
0.949027 0.000968 0.000925 0.000431 0.000023 0.040803 0.007824 1.804673
