0.341689 0.063272 0.056489 0.032588 0.002151 0.497621 0.006189 1.630730
0.343592 0.061334 0.056500 0.032463 0.002152 0.497742 0.006217 1.636921
0.346351 0.059026 0.056229 0.032123 0.002136 0.497889 0.006246 1.642763
0.349369 0.056428 0.055921 0.031831 0.002132 0.498040 0.006278 1.648470
0.352798 0.053796 0.055488 0.031444 0.002131 0.498039 0.006305 1.653860
0.356276 0.051206 0.054938 0.030933 0.002108 0.498197 0.006340 1.659001
0.360231 0.048750 0.054227 0.030432 0.002118 0.497880 0.006363 1.663814
0.364213 0.046298 0.053496 0.029824 0.002110 0.497669 0.006391 1.668474
0.368273 0.043942 0.052659 0.029186 0.002100 0.497420 0.006419 1.672937
0.372512 0.041734 0.051814 0.028514 0.002104 0.496879 0.006442 1.677143
0.376705 0.039715 0.050754 0.027805 0.002109 0.496445 0.006466 1.681097
0.380934 0.037802 0.049698 0.027165 0.002083 0.495825 0.006494 1.684917
0.385325 0.036009 0.048557 0.026425 0.002063 0.495094 0.006526 1.688473
0.389781 0.034294 0.047480 0.025680 0.002054 0.494159 0.006552 1.691934
0.394197 0.032742 0.046311 0.024955 0.002035 0.493181 0.006580 1.695154
0.398731 0.031279 0.045158 0.024202 0.002027 0.491997 0.006606 1.698289
0.403253 0.029893 0.043910 0.023526 0.002017 0.490768 0.006632 1.701256
0.407856 0.028607 0.042695 0.022775 0.002001 0.489409 0.006657 1.704097
0.412496 0.027325 0.041569 0.022079 0.001975 0.487872 0.006684 1.706904
0.417012 0.026129 0.040438 0.021425 0.001955 0.486336 0.006706 1.709570
0.421600 0.025101 0.039252 0.020797 0.001925 0.484591 0.006734 1.712088
0.426237 0.024172 0.038042 0.020140 0.001908 0.482740 0.006761 1.714458
0.430843 0.023320 0.036920 0.019521 0.001876 0.480736 0.006785 1.716762
0.435474 0.022484 0.035798 0.018896 0.001846 0.478692 0.006810 1.718990
0.440153 0.021634 0.034736 0.018279 0.001833 0.476530 0.006835 1.721180
0.444878 0.020867 0.033671 0.017694 0.001789 0.474240 0.006862 1.723260
0.449542 0.020082 0.032624 0.017176 0.001755 0.471936 0.006885 1.725322
0.454116 0.019461 0.031619 0.016564 0.001730 0.469605 0.006905 1.727266
0.458679 0.018843 0.030634 0.016038 0.001706 0.467170 0.006928 1.729146
0.463137 0.018336 0.029762 0.015520 0.001680 0.464609 0.006955 1.730950
0.467769 0.017848 0.028806 0.015039 0.001649 0.461915 0.006974 1.732683
0.472232 0.017350 0.027960 0.014587 0.001610 0.459262 0.006999 1.734443
0.476676 0.016938 0.027061 0.014120 0.001583 0.456602 0.007020 1.736093
0.481152 0.016467 0.026230 0.013692 0.001559 0.453856 0.007042 1.737749
0.485652 0.016060 0.025431 0.013298 0.001531 0.450966 0.007062 1.739351
0.490072 0.015649 0.024678 0.012906 0.001512 0.448102 0.007082 1.740935
0.494529 0.015329 0.023947 0.012451 0.001488 0.445151 0.007105 1.742447
0.498858 0.015044 0.023218 0.012123 0.001459 0.442174 0.007125 1.743919
0.503291 0.014753 0.022544 0.011752 0.001437 0.439078 0.007144 1.745370
0.507662 0.014461 0.021896 0.011444 0.001413 0.435960 0.007166 1.746796
0.511965 0.014183 0.021248 0.011147 0.001387 0.432884 0.007186 1.748219
0.516187 0.013965 0.020679 0.010834 0.001375 0.429760 0.007199 1.749601
0.520410 0.013694 0.020162 0.010516 0.001349 0.426648 0.007221 1.750980
0.524598 0.013504 0.019613 0.010204 0.001312 0.423533 0.007238 1.752287
0.528796 0.013342 0.019064 0.009910 0.001287 0.420348 0.007253 1.753546
0.532832 0.013186 0.018550 0.009606 0.001274 0.417286 0.007267 1.754823
0.536848 0.012970 0.018125 0.009368 0.001242 0.414164 0.007285 1.756128
0.540940 0.012771 0.017678 0.009132 0.001210 0.410966 0.007303 1.757371
0.545035 0.012576 0.017202 0.008925 0.001187 0.407760 0.007316 1.758605
0.549142 0.012421 0.016800 0.008713 0.001164 0.404429 0.007332 1.759812
0.553087 0.012266 0.016437 0.008545 0.001136 0.401187 0.007343 1.761075
0.556953 0.012127 0.016060 0.008339 0.001113 0.398050 0.007359 1.762266
0.560745 0.012011 0.015696 0.008179 0.001078 0.394914 0.007379 1.763442
0.564580 0.011913 0.015341 0.007975 0.001050 0.391746 0.007395 1.764595
0.568350 0.011806 0.015025 0.007815 0.001032 0.388562 0.007410 1.765766
0.572046 0.011727 0.014667 0.007652 0.001021 0.385467 0.007420 1.766923
0.575690 0.011598 0.014372 0.007528 0.000999 0.382383 0.007431 1.768084
0.579376 0.011552 0.014084 0.007416 0.000973 0.379155 0.007444 1.769190
0.583069 0.011492 0.013816 0.007293 0.000959 0.375918 0.007454 1.770317
0.586669 0.011433 0.013550 0.007129 0.000933 0.372818 0.007468 1.771418
0.590229 0.011387 0.013287 0.007017 0.000902 0.369697 0.007483 1.772491
0.593841 0.011306 0.013058 0.006891 0.000886 0.366523 0.007495 1.773584
0.597384 0.011193 0.012907 0.006785 0.000863 0.363366 0.007503 1.774691
0.600875 0.011125 0.012699 0.006681 0.000843 0.360263 0.007514 1.775778
0.604292 0.011105 0.012512 0.006564 0.000828 0.357177 0.007524 1.776861
0.607607 0.011041 0.012343 0.006446 0.000799 0.354223 0.007541 1.777962
0.610995 0.010999 0.012167 0.006343 0.000784 0.351160 0.007553 1.779045
0.614271 0.010974 0.011979 0.006306 0.000765 0.348143 0.007562 1.780126
0.617607 0.010990 0.011795 0.006227 0.000744 0.345064 0.007574 1.781176
0.620746 0.010974 0.011671 0.006166 0.000734 0.342126 0.007583 1.782254
0.623895 0.011018 0.011532 0.006085 0.000719 0.339161 0.007590 1.783327
0.627122 0.010988 0.011470 0.006014 0.000710 0.336096 0.007600 1.784432
0.630247 0.011044 0.011363 0.005943 0.000690 0.333100 0.007613 1.785498
0.633405 0.011071 0.011282 0.005894 0.000673 0.330050 0.007626 1.786572
0.636396 0.011059 0.011195 0.005831 0.000663 0.327225 0.007633 1.787671
0.639496 0.011005 0.011102 0.005792 0.000648 0.324318 0.007640 1.788757
0.642439 0.011003 0.011005 0.005771 0.000625 0.321503 0.007654 1.789833
0.645285 0.011030 0.010892 0.005758 0.000607 0.318762 0.007667 1.790913
0.648133 0.011045 0.010905 0.005708 0.000590 0.315945 0.007675 1.792006
0.650946 0.011104 0.010842 0.005686 0.000579 0.313161 0.007683 1.793071
0.653719 0.011118 0.010788 0.005648 0.000571 0.310465 0.007692 1.794153
0.656450 0.011182 0.010719 0.005610 0.000569 0.307775 0.007697 1.795221
0.659154 0.011202 0.010631 0.005639 0.000556 0.305116 0.007703 1.796324
0.661907 0.011155 0.010606 0.005660 0.000552 0.302413 0.007708 1.797464
0.664554 0.011241 0.010587 0.005594 0.000540 0.299772 0.007713 1.798531
0.667114 0.011346 0.010505 0.005608 0.000531 0.297173 0.007724 1.799619
0.669611 0.011421 0.010489 0.005624 0.000520 0.294604 0.007731 1.800727
0.672120 0.011447 0.010493 0.005623 0.000514 0.292063 0.007739 1.801868
0.674600 0.011501 0.010463 0.005630 0.000505 0.289554 0.007747 1.803009
0.676962 0.011577 0.010465 0.005628 0.000500 0.287115 0.007754 1.804156
0.679376 0.011611 0.010455 0.005621 0.000498 0.284681 0.007759 1.805304
0.681751 0.011628 0.010426 0.005643 0.000486 0.282304 0.007763 1.806477
0.683990 0.011727 0.010412 0.005639 0.000478 0.279984 0.007771 1.807623
0.686282 0.011832 0.010368 0.005590 0.000479 0.277671 0.007778 1.808726
0.688461 0.011915 0.010387 0.005601 0.000473 0.275382 0.007781 1.809896
0.690691 0.012010 0.010417 0.005616 0.000468 0.273011 0.007787 1.811091
0.692860 0.012071 0.010436 0.005642 0.000465 0.270733 0.007794 1.812275
0.694955 0.012178 0.010450 0.005636 0.000457 0.268525 0.007798 1.813448
0.696967 0.012254 0.010477 0.005670 0.000453 0.266375 0.007804 1.814671
0.698986 0.012289 0.010568 0.005691 0.000447 0.264210 0.007808 1.815918
0.701043 0.012326 0.010627 0.005725 0.000443 0.262023 0.007813 1.817151
0.702994 0.012340 0.010689 0.005752 0.000437 0.259970 0.007818 1.818409
0.704887 0.012420 0.010738 0.005800 0.000432 0.257900 0.007823 1.819643
0.706741 0.012530 0.010742 0.005803 0.000432 0.255924 0.007828 1.820853
0.708531 0.012638 0.010793 0.005824 0.000423 0.253957 0.007834 1.822112
0.710310 0.012767 0.010788 0.005811 0.000415 0.252070 0.007839 1.823315
0.712049 0.012856 0.010851 0.005858 0.000411 0.250132 0.007844 1.824597
0.713796 0.012942 0.010884 0.005870 0.000411 0.248251 0.007846 1.825868
0.715556 0.013098 0.010907 0.005891 0.000405 0.246291 0.007852 1.827116
0.717166 0.013272 0.010959 0.005886 0.000401 0.244458 0.007858 1.828380
0.718851 0.013370 0.011055 0.005881 0.000405 0.242577 0.007862 1.829685
0.720345 0.013498 0.011154 0.005894 0.000401 0.240841 0.007866 1.831037
0.721911 0.013613 0.011223 0.005920 0.000400 0.239060 0.007872 1.832374
0.723370 0.013780 0.011304 0.005955 0.000397 0.237317 0.007877 1.833726
0.724802 0.013896 0.011368 0.006039 0.000395 0.235619 0.007880 1.835086
0.726158 0.014043 0.011420 0.006068 0.000394 0.234031 0.007886 1.836458
0.727537 0.014214 0.011527 0.006125 0.000389 0.232318 0.007891 1.837832
0.728903 0.014355 0.011586 0.006156 0.000385 0.230719 0.007896 1.839203
0.730266 0.014489 0.011654 0.006209 0.000379 0.229102 0.007901 1.840598
0.731574 0.014643 0.011738 0.006236 0.000380 0.227523 0.007906 1.842010
0.732888 0.014693 0.011838 0.006293 0.000384 0.225996 0.007909 1.843475
0.734124 0.014870 0.011946 0.006369 0.000382 0.224397 0.007913 1.844920
0.735276 0.015012 0.012066 0.006401 0.000384 0.222945 0.007916 1.846372
0.736415 0.015135 0.012175 0.006478 0.000384 0.221491 0.007921 1.847862
0.737452 0.015343 0.012308 0.006569 0.000391 0.220011 0.007926 1.849348
0.738484 0.015526 0.012444 0.006645 0.000389 0.218583 0.007929 1.850876
0.739481 0.015726 0.012538 0.006682 0.000383 0.217255 0.007934 1.852407
0.740423 0.015886 0.012672 0.006729 0.000384 0.215970 0.007937 1.853958
0.741374 0.015976 0.012824 0.006824 0.000381 0.214678 0.007944 1.855579
0.742320 0.016198 0.012932 0.006883 0.000377 0.213341 0.007948 1.857128
0.743197 0.016294 0.013061 0.007001 0.000378 0.212119 0.007951 1.858783
0.744150 0.016464 0.013149 0.007045 0.000374 0.210862 0.007957 1.860354
0.744875 0.016702 0.013264 0.007115 0.000378 0.209705 0.007961 1.861989
0.745710 0.016875 0.013376 0.007220 0.000382 0.208472 0.007964 1.863658
0.746415 0.017098 0.013435 0.007278 0.000382 0.207423 0.007967 1.865318
0.747150 0.017288 0.013589 0.007339 0.000387 0.206275 0.007972 1.867001
0.747833 0.017468 0.013769 0.007446 0.000389 0.205120 0.007976 1.868765
0.748475 0.017651 0.013871 0.007487 0.000390 0.204145 0.007981 1.870470
0.749082 0.017922 0.013962 0.007527 0.000392 0.203131 0.007984 1.872136
0.749646 0.018091 0.014097 0.007621 0.000397 0.202159 0.007988 1.873888
0.750233 0.018258 0.014248 0.007676 0.000404 0.201190 0.007991 1.875673
0.750721 0.018487 0.014399 0.007736 0.000413 0.200251 0.007994 1.877453
0.751151 0.018691 0.014523 0.007857 0.000413 0.199364 0.008000 1.879265
0.751700 0.018741 0.014632 0.008001 0.000415 0.198506 0.008005 1.881174
0.752150 0.018919 0.014839 0.008052 0.000411 0.197620 0.008008 1.883026
0.752675 0.019079 0.014938 0.008130 0.000408 0.196757 0.008013 1.884854
0.753070 0.019278 0.015070 0.008183 0.000412 0.195966 0.008020 1.886684
0.753436 0.019446 0.015250 0.008275 0.000417 0.195152 0.008024 1.888583
0.753797 0.019657 0.015400 0.008314 0.000422 0.194382 0.008028 1.890475
0.754151 0.019803 0.015544 0.008425 0.000421 0.193624 0.008030 1.892404
0.754458 0.019937 0.015700 0.008508 0.000422 0.192938 0.008036 1.894358
0.754749 0.020081 0.015787 0.008569 0.000422 0.192354 0.008040 1.896315
0.755046 0.020216 0.015900 0.008681 0.000423 0.191688 0.008045 1.898269
0.755334 0.020316 0.016076 0.008789 0.000427 0.191010 0.008048 1.900263
0.755598 0.020419 0.016221 0.008866 0.000434 0.190408 0.008054 1.902282
0.755796 0.020545 0.016356 0.008956 0.000435 0.189853 0.008058 1.904291
0.756075 0.020672 0.016514 0.009007 0.000436 0.189232 0.008063 1.906296
0.756378 0.020741 0.016648 0.009080 0.000441 0.188644 0.008069 1.908332
0.756571 0.020865 0.016746 0.009113 0.000435 0.188196 0.008074 1.910351
0.756734 0.021013 0.016910 0.009206 0.000432 0.187627 0.008079 1.912407
0.756885 0.021169 0.017054 0.009242 0.000438 0.187129 0.008082 1.914460
0.757043 0.021246 0.017229 0.009268 0.000441 0.186683 0.008089 1.916560
0.757061 0.021305 0.017429 0.009350 0.000440 0.186320 0.008095 1.918724
0.757170 0.021397 0.017545 0.009432 0.000445 0.185913 0.008099 1.920864
0.757326 0.021507 0.017627 0.009474 0.000446 0.185516 0.008105 1.922933
0.757485 0.021547 0.017782 0.009519 0.000448 0.185106 0.008113 1.925051
0.757626 0.021706 0.017829 0.009554 0.000457 0.184712 0.008118 1.927140
0.757783 0.021772 0.017967 0.009588 0.000464 0.184305 0.008123 1.929237
0.757842 0.021856 0.018107 0.009651 0.000469 0.183948 0.008127 1.931358
0.757943 0.021966 0.018227 0.009737 0.000472 0.183522 0.008133 1.933501
0.758095 0.021998 0.018342 0.009798 0.000476 0.183153 0.008138 1.935638
0.758153 0.022094 0.018436 0.009871 0.000481 0.182821 0.008144 1.937809
0.758163 0.022205 0.018517 0.009926 0.000483 0.182555 0.008151 1.939987
0.758195 0.022255 0.018594 0.009964 0.000487 0.182350 0.008156 1.942181
0.758195 0.022379 0.018664 0.009988 0.000486 0.182126 0.008162 1.944352
0.758281 0.022358 0.018798 0.010044 0.000489 0.181861 0.008170 1.946569
0.758256 0.022363 0.018904 0.010157 0.000496 0.181649 0.008175 1.948810
0.758266 0.022390 0.019030 0.010216 0.000495 0.181423 0.008180 1.951070
0.758242 0.022462 0.019146 0.010249 0.000492 0.181222 0.008188 1.953283
0.758258 0.022421 0.019304 0.010328 0.000499 0.180995 0.008195 1.955564
0.758225 0.022524 0.019394 0.010309 0.000507 0.180842 0.008201 1.957752
0.758227 0.022585 0.019452 0.010338 0.000509 0.180680 0.008208 1.959967
0.758169 0.022661 0.019468 0.010393 0.000518 0.180578 0.008213 1.962165
0.758120 0.022747 0.019548 0.010454 0.000516 0.180398 0.008217 1.964404
0.758084 0.022817 0.019568 0.010474 0.000522 0.180313 0.008223 1.966622
0.758109 0.022858 0.019619 0.010542 0.000533 0.180114 0.008225 1.968881
0.758014 0.022977 0.019641 0.010595 0.000533 0.180010 0.008231 1.971104
0.757955 0.022996 0.019738 0.010642 0.000541 0.179892 0.008235 1.973374
0.758014 0.022943 0.019879 0.010636 0.000546 0.179742 0.008240 1.975671
0.758015 0.022949 0.019920 0.010646 0.000554 0.179672 0.008245 1.977895
0.758085 0.022910 0.019932 0.010719 0.000552 0.179553 0.008249 1.980154
0.758083 0.022905 0.020031 0.010719 0.000544 0.179461 0.008257 1.982442
0.757972 0.022933 0.020143 0.010726 0.000546 0.179419 0.008261 1.984737
0.757938 0.023026 0.020168 0.010699 0.000545 0.179357 0.008269 1.986953
0.757839 0.023094 0.020210 0.010699 0.000539 0.179343 0.008275 1.989218
0.757802 0.023161 0.020220 0.010724 0.000538 0.179279 0.008278 1.991441
0.757797 0.023120 0.020366 0.010767 0.000541 0.179126 0.008283 1.993786
0.757862 0.023072 0.020400 0.010804 0.000543 0.179029 0.008290 1.996078
0.757837 0.023053 0.020457 0.010821 0.000549 0.178987 0.008295 1.998360
0.757837 0.023013 0.020513 0.010830 0.000551 0.178955 0.008303 2.000652
0.757864 0.023023 0.020489 0.010819 0.000553 0.178941 0.008313 2.002891
0.757846 0.023067 0.020539 0.010894 0.000555 0.178780 0.008320 2.005132
0.757762 0.023020 0.020593 0.010881 0.000555 0.178862 0.008327 2.007425
0.757760 0.022986 0.020575 0.010891 0.000554 0.178898 0.008336 2.009689
0.757682 0.023065 0.020553 0.010866 0.000561 0.178930 0.008343 2.011882
0.757684 0.023040 0.020491 0.010868 0.000561 0.179008 0.008350 2.014087
0.757639 0.023070 0.020501 0.010897 0.000558 0.178980 0.008358 2.016350
0.757690 0.023033 0.020521 0.010894 0.000559 0.178937 0.008367 2.018598
0.757606 0.022980 0.020586 0.010912 0.000564 0.178981 0.008372 2.020908
0.757533 0.022988 0.020633 0.010930 0.000555 0.178980 0.008383 2.023154
0.757564 0.022886 0.020691 0.010923 0.000552 0.178996 0.008389 2.025464
0.757558 0.022882 0.020674 0.010953 0.000552 0.178987 0.008396 2.027696
0.757580 0.022833 0.020689 0.010988 0.000552 0.178957 0.008401 2.029968
0.757574 0.022772 0.020689 0.010940 0.000557 0.179061 0.008406 2.032239
0.757638 0.022768 0.020601 0.010886 0.000563 0.179135 0.008409 2.034438
0.757636 0.022750 0.020586 0.010871 0.000567 0.179176 0.008415 2.036659
0.757661 0.022721 0.020566 0.010869 0.000564 0.179195 0.008424 2.038912
0.757698 0.022619 0.020583 0.010865 0.000565 0.179240 0.008432 2.041173
0.757757 0.022540 0.020538 0.010850 0.000566 0.179308 0.008441 2.043414
0.757801 0.022519 0.020524 0.010802 0.000574 0.179332 0.008447 2.045586
0.757927 0.022416 0.020517 0.010798 0.000577 0.179311 0.008455 2.047837
0.757963 0.022433 0.020470 0.010747 0.000576 0.179353 0.008459 2.049993
0.758000 0.022400 0.020432 0.010741 0.000579 0.179383 0.008466 2.052212
0.758129 0.022344 0.020405 0.010696 0.000573 0.179379 0.008475 2.054390
0.758269 0.022318 0.020432 0.010653 0.000577 0.179270 0.008482 2.056541
0.758412 0.022184 0.020381 0.010661 0.000570 0.179306 0.008488 2.058764
0.758527 0.022158 0.020393 0.010628 0.000562 0.179234 0.008499 2.060934
0.758695 0.022027 0.020427 0.010636 0.000551 0.179156 0.008509 2.063153
0.758866 0.021962 0.020370 0.010563 0.000555 0.179167 0.008516 2.065288
0.759021 0.021915 0.020284 0.010533 0.000555 0.179171 0.008521 2.067389
0.759146 0.021812 0.020302 0.010533 0.000562 0.179117 0.008528 2.069569
0.759351 0.021715 0.020245 0.010532 0.000565 0.179062 0.008531 2.071716
0.759496 0.021680 0.020227 0.010510 0.000566 0.178980 0.008541 2.073842
0.759632 0.021603 0.020219 0.010495 0.000567 0.178939 0.008546 2.076008
0.759795 0.021596 0.020127 0.010462 0.000562 0.178904 0.008554 2.078071
0.759912 0.021609 0.020009 0.010399 0.000568 0.178945 0.008558 2.080143
0.760061 0.021501 0.020015 0.010391 0.000562 0.178909 0.008562 2.082303
0.760207 0.021487 0.019916 0.010399 0.000569 0.178852 0.008570 2.084404
0.760370 0.021492 0.019863 0.010345 0.000568 0.178786 0.008576 2.086494
0.760536 0.021475 0.019821 0.010313 0.000572 0.178699 0.008583 2.088573
0.760724 0.021457 0.019747 0.010260 0.000569 0.178654 0.008591 2.090623
0.760907 0.021444 0.019728 0.010219 0.000570 0.178534 0.008599 2.092697
0.761085 0.021413 0.019676 0.010180 0.000575 0.178469 0.008604 2.094785
0.761273 0.021331 0.019631 0.010180 0.000571 0.178404 0.008610 2.096907
0.761448 0.021294 0.019551 0.010167 0.000567 0.178360 0.008614 2.098975
0.761665 0.021240 0.019560 0.010190 0.000569 0.178151 0.008624 2.101080
0.761890 0.021179 0.019526 0.010180 0.000572 0.178023 0.008631 2.103178
0.762060 0.021238 0.019452 0.010126 0.000578 0.177911 0.008635 2.105188
0.762308 0.021137 0.019420 0.010131 0.000578 0.177787 0.008640 2.107278
0.762530 0.021082 0.019382 0.010102 0.000573 0.177681 0.008649 2.109348
0.762707 0.021031 0.019379 0.010109 0.000575 0.177545 0.008656 2.111443
0.762950 0.020959 0.019315 0.010094 0.000571 0.177451 0.008661 2.113451
0.763217 0.020869 0.019336 0.010088 0.000569 0.177256 0.008667 2.115515
0.763402 0.020857 0.019261 0.010066 0.000566 0.177174 0.008674 2.117521
0.763599 0.020835 0.019184 0.010062 0.000566 0.177077 0.008679 2.119554
0.763864 0.020745 0.019125 0.010042 0.000563 0.176977 0.008685 2.121592
0.764140 0.020671 0.019090 0.010052 0.000557 0.176800 0.008692 2.123631
0.764459 0.020606 0.019020 0.010050 0.000554 0.176614 0.008698 2.125620
0.764732 0.020502 0.019038 0.010052 0.000555 0.176417 0.008705 2.127674
0.764963 0.020531 0.018975 0.009968 0.000552 0.176302 0.008710 2.129636
0.765203 0.020433 0.018997 0.009980 0.000556 0.176117 0.008715 2.131684
0.765465 0.020390 0.018949 0.009956 0.000558 0.175963 0.008720 2.133656
0.765650 0.020426 0.018968 0.009941 0.000556 0.175732 0.008729 2.135632
0.765909 0.020310 0.019005 0.009925 0.000558 0.175561 0.008732 2.137698
0.766142 0.020229 0.018963 0.009929 0.000554 0.175446 0.008737 2.139718
0.766308 0.020200 0.018980 0.009864 0.000559 0.175345 0.008744 2.141697
0.766524 0.020155 0.018946 0.009848 0.000553 0.175225 0.008749 2.143688
0.766747 0.020135 0.018946 0.009781 0.000557 0.175082 0.008752 2.145671
0.766935 0.020211 0.018874 0.009754 0.000558 0.174911 0.008758 2.147615
0.767149 0.020166 0.018913 0.009743 0.000560 0.174703 0.008766 2.149600
0.767348 0.020222 0.018829 0.009713 0.000564 0.174552 0.008772 2.151520
0.767650 0.020144 0.018804 0.009700 0.000562 0.174363 0.008778 2.153523
0.767822 0.020070 0.018823 0.009724 0.000549 0.174226 0.008787 2.155528
0.767972 0.020014 0.018778 0.009701 0.000548 0.174194 0.008793 2.157552
0.768248 0.020061 0.018669 0.009672 0.000549 0.173999 0.008803 2.159456
0.768456 0.020072 0.018605 0.009654 0.000548 0.173855 0.008810 2.161381
0.768721 0.019984 0.018625 0.009617 0.000550 0.173686 0.008817 2.163357
0.768903 0.020013 0.018560 0.009563 0.000550 0.173590 0.008821 2.165281
0.769157 0.019947 0.018574 0.009560 0.000551 0.173386 0.008825 2.167271
0.769371 0.019873 0.018574 0.009546 0.000555 0.173251 0.008832 2.169274
0.769595 0.019832 0.018582 0.009531 0.000561 0.173063 0.008837 2.171265
0.769788 0.019830 0.018572 0.009566 0.000564 0.172839 0.008842 2.173224
0.770009 0.019800 0.018551 0.009539 0.000561 0.172692 0.008848 2.175169
0.770163 0.019843 0.018467 0.009489 0.000556 0.172627 0.008855 2.177067
0.770390 0.019814 0.018440 0.009464 0.000555 0.172473 0.008864 2.179019
0.770573 0.019768 0.018422 0.009435 0.000551 0.172380 0.008872 2.180983
0.770716 0.019831 0.018353 0.009438 0.000560 0.172226 0.008876 2.182932
0.770857 0.019828 0.018427 0.009459 0.000556 0.171989 0.008884 2.184923
0.771035 0.019859 0.018410 0.009452 0.000560 0.171796 0.008889 2.186847
0.771288 0.019785 0.018393 0.009461 0.000560 0.171623 0.008892 2.188841
0.771471 0.019845 0.018292 0.009445 0.000560 0.171491 0.008895 2.190738
0.771714 0.019788 0.018282 0.009456 0.000556 0.171304 0.008900 2.192708
0.772004 0.019740 0.018232 0.009473 0.000549 0.171096 0.008908 2.194651
0.772176 0.019785 0.018216 0.009432 0.000552 0.170928 0.008912 2.196565
0.772402 0.019699 0.018283 0.009422 0.000547 0.170729 0.008919 2.198576
0.772601 0.019713 0.018260 0.009413 0.000548 0.170542 0.008924 2.200492
0.772825 0.019729 0.018208 0.009407 0.000543 0.170360 0.008929 2.202428
0.772910 0.019808 0.018208 0.009417 0.000543 0.170181 0.008934 2.204364
0.773062 0.019868 0.018158 0.009395 0.000545 0.170033 0.008939 2.206284
0.773166 0.019937 0.018142 0.009357 0.000543 0.169909 0.008947 2.208197
0.773360 0.019921 0.018125 0.009331 0.000548 0.169762 0.008952 2.210142
0.773589 0.019956 0.018079 0.009327 0.000557 0.169534 0.008959 2.212060
0.773802 0.019893 0.018072 0.009376 0.000559 0.169335 0.008963 2.214053
0.773925 0.019970 0.018054 0.009402 0.000552 0.169125 0.008972 2.215954
0.774033 0.020059 0.018059 0.009356 0.000555 0.168962 0.008976 2.217848
0.774101 0.020085 0.018065 0.009369 0.000554 0.168842 0.008984 2.219833
0.774276 0.020008 0.018044 0.009371 0.000550 0.168763 0.008989 2.221812
0.774377 0.020014 0.018072 0.009404 0.000542 0.168594 0.008996 2.223792
0.774549 0.019994 0.018057 0.009389 0.000541 0.168466 0.009004 2.225745
0.774654 0.019960 0.018102 0.009364 0.000549 0.168365 0.009008 2.227758
0.774767 0.019985 0.018136 0.009397 0.000543 0.168159 0.009015 2.229767
0.774903 0.020043 0.018075 0.009392 0.000542 0.168024 0.009022 2.231697
0.775007 0.020093 0.018032 0.009393 0.000544 0.167902 0.009029 2.233654
0.775102 0.020101 0.018034 0.009369 0.000551 0.167811 0.009033 2.235625
0.775282 0.020122 0.018072 0.009329 0.000549 0.167605 0.009042 2.237588
0.775434 0.020108 0.018058 0.009389 0.000547 0.167419 0.009046 2.239573
0.775623 0.020052 0.018098 0.009352 0.000549 0.167274 0.009052 2.241544
0.775775 0.020076 0.018114 0.009379 0.000553 0.167046 0.009058 2.243502
0.775851 0.020124 0.018079 0.009399 0.000548 0.166930 0.009068 2.245448
0.775899 0.020178 0.018064 0.009385 0.000559 0.166842 0.009074 2.247392
0.776038 0.020157 0.018092 0.009375 0.000552 0.166703 0.009084 2.249372
0.776009 0.020225 0.018109 0.009413 0.000558 0.166596 0.009090 2.251336
0.776172 0.020220 0.018130 0.009433 0.000552 0.166399 0.009094 2.253319
0.776226 0.020261 0.018166 0.009438 0.000551 0.166260 0.009100 2.255291
0.776246 0.020288 0.018260 0.009450 0.000547 0.166105 0.009104 2.257290
0.776307 0.020275 0.018277 0.009496 0.000543 0.165993 0.009109 2.259302
0.776382 0.020349 0.018252 0.009498 0.000545 0.165859 0.009116 2.261235
0.776456 0.020306 0.018350 0.009507 0.000539 0.165719 0.009123 2.263247
0.776509 0.020313 0.018350 0.009509 0.000547 0.165642 0.009130 2.265242
0.776551 0.020326 0.018360 0.009515 0.000554 0.165561 0.009135 2.267251
0.776591 0.020347 0.018322 0.009487 0.000555 0.165552 0.009146 2.269215
0.776693 0.020373 0.018335 0.009466 0.000554 0.165428 0.009151 2.271200
0.776678 0.020409 0.018347 0.009506 0.000549 0.165356 0.009155 2.273203
0.776816 0.020349 0.018369 0.009525 0.000551 0.165232 0.009159 2.275208
0.776911 0.020338 0.018360 0.009572 0.000542 0.165110 0.009169 2.277217
0.776969 0.020331 0.018361 0.009585 0.000534 0.165045 0.009176 2.279244
0.777007 0.020332 0.018421 0.009539 0.000548 0.164970 0.009183 2.281260
0.777090 0.020256 0.018436 0.009565 0.000548 0.164918 0.009188 2.283319
0.777160 0.020286 0.018483 0.009504 0.000553 0.164823 0.009191 2.285299
0.777260 0.020303 0.018499 0.009511 0.000558 0.164672 0.009197 2.287283
0.777296 0.020348 0.018471 0.009520 0.000547 0.164615 0.009204 2.289306
0.777401 0.020356 0.018474 0.009499 0.000546 0.164516 0.009210 2.291291
0.777373 0.020368 0.018532 0.009532 0.000550 0.164429 0.009216 2.293334
0.777438 0.020358 0.018509 0.009523 0.000553 0.164396 0.009223 2.295306
0.777511 0.020349 0.018485 0.009525 0.000553 0.164350 0.009228 2.297311
0.777565 0.020333 0.018509 0.009552 0.000550 0.164261 0.009231 2.299345
0.777584 0.020359 0.018529 0.009514 0.000553 0.164226 0.009237 2.301349
0.777611 0.020392 0.018537 0.009540 0.000566 0.164110 0.009244 2.303347
0.777640 0.020371 0.018554 0.009550 0.000568 0.164068 0.009249 2.305395
0.777743 0.020388 0.018538 0.009553 0.000567 0.163954 0.009257 2.307392
0.777756 0.020360 0.018617 0.009570 0.000568 0.163866 0.009263 2.309437
0.777774 0.020360 0.018567 0.009551 0.000568 0.163910 0.009270 2.311437
0.777778 0.020359 0.018551 0.009546 0.000566 0.163924 0.009276 2.313440
0.777822 0.020429 0.018517 0.009515 0.000564 0.163872 0.009282 2.315396
0.777826 0.020473 0.018539 0.009497 0.000561 0.163816 0.009287 2.317365
0.777882 0.020440 0.018585 0.009507 0.000564 0.163726 0.009296 2.319409
0.777830 0.020488 0.018540 0.009519 0.000565 0.163754 0.009304 2.321451
0.777854 0.020525 0.018519 0.009528 0.000561 0.163704 0.009309 2.323452
0.777843 0.020473 0.018551 0.009575 0.000557 0.163682 0.009320 2.325519
0.777849 0.020518 0.018563 0.009601 0.000552 0.163589 0.009328 2.327544
0.777765 0.020547 0.018545 0.009571 0.000542 0.163697 0.009335 2.329583
0.777703 0.020605 0.018585 0.009558 0.000548 0.163663 0.009339 2.331589
0.777774 0.020605 0.018577 0.009542 0.000546 0.163611 0.009345 2.333586
0.777771 0.020624 0.018551 0.009555 0.000553 0.163598 0.009351 2.335625
0.777760 0.020631 0.018526 0.009581 0.000544 0.163597 0.009361 2.337648
0.777763 0.020609 0.018562 0.009583 0.000534 0.163578 0.009370 2.339696
0.777756 0.020585 0.018584 0.009621 0.000526 0.163552 0.009376 2.341726
0.777799 0.020569 0.018575 0.009639 0.000532 0.163507 0.009380 2.343741
0.777788 0.020593 0.018574 0.009652 0.000530 0.163478 0.009386 2.345749
0.777815 0.020573 0.018571 0.009659 0.000529 0.163459 0.009394 2.347789
0.777797 0.020594 0.018586 0.009654 0.000529 0.163438 0.009403 2.349823
0.777812 0.020549 0.018652 0.009675 0.000538 0.163366 0.009408 2.351903
0.777862 0.020557 0.018667 0.009671 0.000540 0.163291 0.009412 2.353942
0.777915 0.020538 0.018631 0.009670 0.000534 0.163295 0.009418 2.355946
0.777927 0.020563 0.018660 0.009651 0.000541 0.163236 0.009422 2.357974
0.777911 0.020555 0.018648 0.009650 0.000542 0.163263 0.009430 2.360022
0.777969 0.020539 0.018656 0.009636 0.000541 0.163223 0.009436 2.362039
0.777940 0.020537 0.018689 0.009619 0.000546 0.163230 0.009439 2.364078
0.777992 0.020533 0.018665 0.009634 0.000549 0.163184 0.009445 2.366074
0.777957 0.020533 0.018649 0.009659 0.000551 0.163205 0.009447 2.368098
0.777976 0.020518 0.018632 0.009648 0.000547 0.163225 0.009453 2.370093
0.778071 0.020491 0.018635 0.009645 0.000549 0.163151 0.009459 2.372129
0.778110 0.020497 0.018625 0.009608 0.000549 0.163145 0.009466 2.374125
0.778078 0.020557 0.018593 0.009629 0.000548 0.163124 0.009472 2.376127
0.778164 0.020464 0.018577 0.009637 0.000545 0.163133 0.009479 2.378173
0.778217 0.020539 0.018546 0.009627 0.000539 0.163044 0.009488 2.380131
0.778278 0.020488 0.018577 0.009639 0.000538 0.162989 0.009490 2.382181
0.778228 0.020531 0.018589 0.009659 0.000539 0.162961 0.009495 2.384191
0.778168 0.020525 0.018592 0.009701 0.000529 0.162986 0.009499 2.386232
0.778179 0.020518 0.018563 0.009710 0.000525 0.162997 0.009508 2.388256
0.778338 0.020428 0.018584 0.009725 0.000526 0.162884 0.009514 2.390310
0.778318 0.020490 0.018545 0.009747 0.000526 0.162855 0.009519 2.392287
0.778293 0.020482 0.018553 0.009796 0.000533 0.162822 0.009522 2.394322
0.778318 0.020444 0.018556 0.009800 0.000538 0.162818 0.009526 2.396345
0.778366 0.020378 0.018536 0.009812 0.000538 0.162841 0.009531 2.398359
0.778285 0.020447 0.018531 0.009796 0.000538 0.162867 0.009537 2.400338
0.778335 0.020442 0.018528 0.009811 0.000537 0.162807 0.009541 2.402347
0.778369 0.020403 0.018534 0.009809 0.000544 0.162794 0.009547 2.404377
0.778418 0.020433 0.018447 0.009828 0.000548 0.162772 0.009556 2.406349
0.778428 0.020364 0.018516 0.009842 0.000551 0.162738 0.009561 2.408393
0.778503 0.020308 0.018587 0.009846 0.000548 0.162640 0.009569 2.410435
0.778538 0.020276 0.018613 0.009840 0.000547 0.162612 0.009575 2.412452
0.778528 0.020335 0.018602 0.009797 0.000547 0.162610 0.009581 2.414422
0.778515 0.020420 0.018581 0.009731 0.000541 0.162623 0.009588 2.416368
0.778520 0.020467 0.018596 0.009699 0.000536 0.162588 0.009594 2.418371
0.778604 0.020389 0.018644 0.009727 0.000540 0.162496 0.009599 2.420441
0.778637 0.020394 0.018627 0.009697 0.000534 0.162508 0.009604 2.422420
0.778716 0.020316 0.018678 0.009692 0.000540 0.162449 0.009609 2.424512
0.778756 0.020290 0.018655 0.009712 0.000546 0.162425 0.009615 2.426560
0.778851 0.020319 0.018671 0.009635 0.000548 0.162355 0.009620 2.428515
0.778870 0.020306 0.018666 0.009640 0.000541 0.162352 0.009626 2.430534
0.778919 0.020247 0.018688 0.009607 0.000537 0.162370 0.009630 2.432565
0.778972 0.020244 0.018676 0.009654 0.000537 0.162283 0.009634 2.434569
0.779064 0.020202 0.018731 0.009606 0.000528 0.162226 0.009644 2.436566
0.779053 0.020259 0.018716 0.009584 0.000528 0.162207 0.009653 2.438541
0.779121 0.020227 0.018733 0.009572 0.000527 0.162160 0.009662 2.440549
0.779117 0.020267 0.018637 0.009581 0.000525 0.162206 0.009666 2.442496
0.779175 0.020288 0.018614 0.009586 0.000525 0.162141 0.009671 2.444461
0.779186 0.020277 0.018616 0.009615 0.000523 0.162103 0.009680 2.446479
0.779276 0.020285 0.018532 0.009572 0.000525 0.162125 0.009686 2.448442
0.779310 0.020229 0.018559 0.009622 0.000532 0.162058 0.009691 2.450472
0.779374 0.020205 0.018569 0.009636 0.000529 0.161988 0.009699 2.452472
0.779382 0.020250 0.018547 0.009614 0.000531 0.161973 0.009704 2.454435
0.779372 0.020337 0.018532 0.009590 0.000526 0.161935 0.009709 2.456381
0.779389 0.020314 0.018523 0.009618 0.000534 0.161907 0.009717 2.458390
0.779428 0.020294 0.018538 0.009577 0.000540 0.161901 0.009721 2.460388
0.779509 0.020254 0.018599 0.009521 0.000545 0.161848 0.009725 2.462404
0.779541 0.020319 0.018577 0.009519 0.000544 0.161770 0.009731 2.464383
0.779552 0.020334 0.018566 0.009511 0.000548 0.161753 0.009737 2.466367
0.779612 0.020283 0.018592 0.009402 0.000550 0.161818 0.009742 2.468376
0.779629 0.020278 0.018559 0.009436 0.000549 0.161800 0.009748 2.470361
0.779634 0.020280 0.018536 0.009468 0.000552 0.161778 0.009753 2.472340
0.779610 0.020268 0.018531 0.009470 0.000549 0.161812 0.009760 2.474331
0.779656 0.020270 0.018530 0.009489 0.000548 0.161738 0.009768 2.476339
0.779631 0.020272 0.018558 0.009481 0.000556 0.161729 0.009773 2.478365
0.779615 0.020361 0.018506 0.009478 0.000569 0.161694 0.009777 2.480325
0.779631 0.020332 0.018545 0.009460 0.000566 0.161682 0.009784 2.482334
0.779665 0.020318 0.018514 0.009448 0.000562 0.161702 0.009791 2.484341
0.779608 0.020342 0.018587 0.009429 0.000557 0.161676 0.009801 2.486350
0.779580 0.020371 0.018544 0.009442 0.000565 0.161693 0.009805 2.488351
0.779680 0.020295 0.018566 0.009462 0.000570 0.161618 0.009810 2.490378
0.779705 0.020357 0.018597 0.009450 0.000569 0.161508 0.009814 2.492345
0.779699 0.020414 0.018550 0.009476 0.000571 0.161471 0.009820 2.494320
0.779659 0.020454 0.018493 0.009484 0.000585 0.161500 0.009825 2.496313
0.779690 0.020433 0.018471 0.009474 0.000582 0.161514 0.009836 2.498312
0.779575 0.020474 0.018489 0.009481 0.000576 0.161561 0.009844 2.500308
0.779612 0.020357 0.018540 0.009538 0.000569 0.161530 0.009853 2.502397
0.779578 0.020355 0.018562 0.009525 0.000566 0.161553 0.009860 2.504428
0.779548 0.020437 0.018508 0.009541 0.000563 0.161537 0.009867 2.506399
0.779587 0.020418 0.018552 0.009524 0.000567 0.161478 0.009875 2.508416
0.779656 0.020404 0.018500 0.009547 0.000566 0.161446 0.009881 2.510413
0.779745 0.020345 0.018486 0.009542 0.000562 0.161433 0.009887 2.512437
0.779746 0.020329 0.018535 0.009548 0.000562 0.161389 0.009892 2.514469
0.779827 0.020312 0.018506 0.009590 0.000559 0.161310 0.009897 2.516480
0.779912 0.020319 0.018538 0.009553 0.000565 0.161211 0.009903 2.518470
0.779887 0.020355 0.018527 0.009561 0.000567 0.161196 0.009908 2.520427
0.779919 0.020368 0.018502 0.009545 0.000565 0.161187 0.009915 2.522396
0.780008 0.020402 0.018501 0.009567 0.000566 0.161038 0.009919 2.524395
0.780025 0.020450 0.018502 0.009561 0.000566 0.160971 0.009926 2.526382
0.780046 0.020399 0.018510 0.009564 0.000566 0.160982 0.009934 2.528423
0.780070 0.020413 0.018469 0.009535 0.000560 0.161007 0.009945 2.530386
0.780133 0.020400 0.018409 0.009561 0.000565 0.160981 0.009951 2.532357
0.780235 0.020334 0.018407 0.009575 0.000562 0.160931 0.009956 2.534367
0.780223 0.020320 0.018336 0.009582 0.000556 0.161023 0.009962 2.536343
0.780266 0.020358 0.018351 0.009549 0.000549 0.160959 0.009968 2.538320
0.780270 0.020330 0.018344 0.009560 0.000548 0.160973 0.009974 2.540325
0.780238 0.020341 0.018314 0.009576 0.000543 0.161003 0.009985 2.542315
0.780255 0.020356 0.018271 0.009527 0.000537 0.161060 0.009995 2.544301
0.780384 0.020298 0.018263 0.009532 0.000535 0.160989 0.010000 2.546285
0.780495 0.020318 0.018249 0.009539 0.000539 0.160850 0.010009 2.548266
0.780485 0.020341 0.018328 0.009512 0.000540 0.160779 0.010015 2.550282
0.780485 0.020368 0.018294 0.009480 0.000545 0.160807 0.010021 2.552254
0.780541 0.020356 0.018272 0.009535 0.000543 0.160727 0.010027 2.554264
0.780454 0.020341 0.018325 0.009546 0.000544 0.160754 0.010036 2.556315
0.780541 0.020365 0.018282 0.009482 0.000540 0.160747 0.010043 2.558252
0.780663 0.020354 0.018292 0.009436 0.000535 0.160671 0.010048 2.560218
0.780662 0.020376 0.018258 0.009449 0.000541 0.160662 0.010052 2.562186
0.780645 0.020377 0.018274 0.009442 0.000540 0.160665 0.010057 2.564170
0.780661 0.020347 0.018298 0.009450 0.000537 0.160643 0.010064 2.566164
0.780681 0.020325 0.018350 0.009442 0.000533 0.160598 0.010070 2.568194
0.780650 0.020329 0.018385 0.009433 0.000541 0.160587 0.010075 2.570199
0.780648 0.020343 0.018406 0.009448 0.000543 0.160532 0.010081 2.572178
0.780621 0.020307 0.018407 0.009494 0.000541 0.160545 0.010086 2.574219
0.780545 0.020402 0.018364 0.009488 0.000543 0.160567 0.010092 2.576171
0.780514 0.020425 0.018393 0.009469 0.000542 0.160558 0.010097 2.578166
0.780546 0.020393 0.018391 0.009452 0.000550 0.160562 0.010105 2.580168
0.780590 0.020373 0.018412 0.009440 0.000547 0.160530 0.010108 2.582162
0.780579 0.020367 0.018413 0.009455 0.000543 0.160528 0.010115 2.584175
0.780604 0.020366 0.018381 0.009454 0.000537 0.160534 0.010123 2.586146
0.780574 0.020367 0.018386 0.009507 0.000535 0.160503 0.010128 2.588172
0.780556 0.020341 0.018459 0.009495 0.000537 0.160476 0.010135 2.590181
0.780597 0.020364 0.018438 0.009494 0.000535 0.160430 0.010142 2.592153
0.780691 0.020272 0.018437 0.009504 0.000539 0.160408 0.010150 2.594179
0.780666 0.020264 0.018441 0.009530 0.000536 0.160406 0.010157 2.596183
0.780655 0.020328 0.018415 0.009467 0.000539 0.160430 0.010164 2.598141
0.780729 0.020328 0.018398 0.009442 0.000535 0.160399 0.010169 2.600144
0.780713 0.020331 0.018442 0.009427 0.000538 0.160376 0.010174 2.602129
0.780686 0.020391 0.018433 0.009441 0.000527 0.160341 0.010180 2.604118
0.780745 0.020364 0.018397 0.009452 0.000535 0.160323 0.010185 2.606110
0.780758 0.020369 0.018432 0.009465 0.000536 0.160251 0.010190 2.608094
0.780754 0.020347 0.018438 0.009483 0.000538 0.160246 0.010196 2.610122
0.780758 0.020330 0.018440 0.009485 0.000534 0.160253 0.010201 2.612149
0.780737 0.020317 0.018390 0.009518 0.000529 0.160302 0.010207 2.614155
0.780798 0.020238 0.018395 0.009556 0.000525 0.160276 0.010212 2.616163
0.780860 0.020207 0.018418 0.009590 0.000529 0.160179 0.010217 2.618189
0.780823 0.020201 0.018432 0.009566 0.000534 0.160221 0.010223 2.620209
0.780900 0.020191 0.018417 0.009545 0.000537 0.160183 0.010227 2.622158
0.780878 0.020261 0.018378 0.009496 0.000543 0.160212 0.010233 2.624112
0.780970 0.020226 0.018320 0.009455 0.000539 0.160251 0.010240 2.626096
0.780939 0.020281 0.018282 0.009489 0.000542 0.160222 0.010245 2.628062
0.780851 0.020363 0.018273 0.009446 0.000536 0.160279 0.010252 2.630004
0.780846 0.020393 0.018264 0.009446 0.000535 0.160257 0.010258 2.631982
0.780871 0.020377 0.018269 0.009517 0.000531 0.160170 0.010265 2.634025
0.780898 0.020299 0.018303 0.009523 0.000537 0.160167 0.010273 2.636065
0.780922 0.020319 0.018328 0.009524 0.000525 0.160101 0.010282 2.638023
0.780896 0.020294 0.018322 0.009557 0.000521 0.160123 0.010286 2.640040
0.780841 0.020315 0.018360 0.009538 0.000530 0.160124 0.010292 2.642042
0.780855 0.020292 0.018362 0.009514 0.000531 0.160151 0.010295 2.644030
0.780830 0.020343 0.018366 0.009533 0.000530 0.160097 0.010301 2.645997
0.780769 0.020383 0.018342 0.009570 0.000524 0.160103 0.010309 2.647989
0.780757 0.020506 0.018304 0.009515 0.000518 0.160085 0.010315 2.649902
0.780893 0.020456 0.018288 0.009505 0.000515 0.160023 0.010321 2.651882
0.780907 0.020418 0.018277 0.009494 0.000522 0.160056 0.010325 2.653916
0.780861 0.020336 0.018295 0.009503 0.000522 0.160152 0.010330 2.655991
0.780865 0.020323 0.018305 0.009511 0.000514 0.160144 0.010338 2.658013
0.780850 0.020336 0.018340 0.009497 0.000504 0.160125 0.010347 2.660016
0.780825 0.020325 0.018338 0.009485 0.000502 0.160171 0.010354 2.661987
0.780827 0.020306 0.018351 0.009479 0.000507 0.160170 0.010360 2.663988
0.780898 0.020335 0.018344 0.009514 0.000502 0.160040 0.010367 2.665941
0.780767 0.020391 0.018400 0.009485 0.000493 0.160092 0.010373 2.667967
0.780797 0.020354 0.018422 0.009496 0.000493 0.160063 0.010376 2.669991
0.780810 0.020378 0.018417 0.009522 0.000491 0.160001 0.010382 2.671992
0.780771 0.020364 0.018407 0.009523 0.000492 0.160055 0.010388 2.674036
0.780826 0.020330 0.018357 0.009529 0.000489 0.160076 0.010392 2.676033
0.780905 0.020317 0.018343 0.009539 0.000491 0.160007 0.010397 2.678015
0.780906 0.020287 0.018324 0.009565 0.000482 0.160036 0.010400 2.680032
0.781001 0.020255 0.018303 0.009587 0.000486 0.159962 0.010406 2.682039
0.780989 0.020258 0.018342 0.009566 0.000486 0.159949 0.010410 2.684064
0.781018 0.020257 0.018377 0.009567 0.000482 0.159880 0.010418 2.686060
0.780953 0.020368 0.018346 0.009539 0.000485 0.159888 0.010422 2.687989
0.780963 0.020391 0.018321 0.009592 0.000484 0.159823 0.010427 2.689989
0.781002 0.020331 0.018349 0.009576 0.000476 0.159831 0.010435 2.692022
0.780964 0.020369 0.018288 0.009601 0.000477 0.159861 0.010442 2.693978
0.780924 0.020347 0.018350 0.009564 0.000475 0.159891 0.010449 2.696019
0.780950 0.020400 0.018342 0.009613 0.000473 0.159767 0.010454 2.698009
0.780888 0.020369 0.018360 0.009604 0.000470 0.159849 0.010461 2.700056
0.780876 0.020370 0.018332 0.009598 0.000461 0.159895 0.010469 2.702035
0.780953 0.020283 0.018386 0.009604 0.000458 0.159841 0.010475 2.704082
0.780944 0.020301 0.018386 0.009585 0.000468 0.159837 0.010478 2.706048
0.780946 0.020299 0.018435 0.009599 0.000467 0.159771 0.010484 2.708071
0.780919 0.020277 0.018421 0.009584 0.000469 0.159841 0.010489 2.710061
0.780888 0.020243 0.018431 0.009589 0.000474 0.159880 0.010494 2.712093
0.780918 0.020241 0.018437 0.009578 0.000482 0.159847 0.010498 2.714080
0.780878 0.020265 0.018393 0.009563 0.000486 0.159911 0.010504 2.716052
0.780862 0.020234 0.018383 0.009597 0.000483 0.159930 0.010513 2.718058
