0.999840 0.000105 0.000036 0.000017 0.000000 0.000002 0.000000
0.999773 0.000148 0.000022 0.000005 0.000000 0.000052 0.000000
0.999566 0.000342 0.000036 0.000018 0.000000 0.000039 0.000000
0.999084 0.000790 0.000067 0.000023 0.000000 0.000036 0.000000
0.998474 0.001296 0.000139 0.000042 0.000000 0.000048 0.000000
0.997426 0.002130 0.000283 0.000094 0.000000 0.000066 0.000000
0.995477 0.003679 0.000563 0.000202 0.000000 0.000080 0.000000
0.992347 0.006234 0.000879 0.000390 0.000000 0.000149 0.000000
0.988473 0.009118 0.001346 0.000702 0.000000 0.000361 0.000000
0.983394 0.013064 0.001980 0.001029 0.000000 0.000532 0.000000
0.977767 0.017384 0.002709 0.001389 0.000000 0.000752 0.000000
0.970103 0.023288 0.003707 0.001783 0.000000 0.001120 0.000000
0.959716 0.031295 0.004877 0.002419 0.000000 0.001694 0.000000
0.947001 0.040879 0.006445 0.003348 0.000000 0.002327 0.000000
0.935235 0.049528 0.008153 0.004368 0.000000 0.002716 0.000000
0.919028 0.061026 0.010754 0.005628 0.000006 0.003558 0.000000
0.901561 0.073449 0.013581 0.006796 0.000022 0.004592 0.000000
0.883223 0.085868 0.016664 0.008522 0.000031 0.005692 0.000000
0.865039 0.097628 0.020042 0.010216 0.000039 0.007037 0.000000
0.845757 0.109795 0.023695 0.012160 0.000028 0.008561 0.000005
0.826158 0.121803 0.027385 0.014211 0.000026 0.010411 0.000005
0.807045 0.133038 0.031099 0.016323 0.000038 0.012454 0.000005
0.788263 0.143094 0.035223 0.018576 0.000055 0.014785 0.000004
0.768375 0.153924 0.039516 0.020699 0.000071 0.017411 0.000004
0.745782 0.165391 0.044627 0.023452 0.000088 0.020656 0.000003
0.727822 0.173900 0.049014 0.025764 0.000097 0.023399 0.000004
0.704120 0.183780 0.055533 0.028819 0.000111 0.027629 0.000007
0.682832 0.192371 0.060920 0.031614 0.000128 0.032126 0.000008
0.662255 0.199367 0.066608 0.034564 0.000157 0.037042 0.000007
0.644104 0.204374 0.072090 0.037294 0.000181 0.041949 0.000007
0.623345 0.210041 0.077850 0.040485 0.000201 0.048071 0.000007
0.603851 0.213701 0.083882 0.043603 0.000206 0.054743 0.000013
0.586260 0.216037 0.089348 0.046383 0.000232 0.061727 0.000013
0.569371 0.217420 0.094876 0.049222 0.000256 0.068842 0.000013
0.552948 0.218016 0.099902 0.052018 0.000289 0.076812 0.000015
0.539011 0.217299 0.103952 0.054527 0.000329 0.084867 0.000015
0.523987 0.216841 0.108366 0.056995 0.000344 0.093453 0.000014
0.510773 0.215357 0.112403 0.058960 0.000384 0.102110 0.000014
0.498046 0.213143 0.115904 0.060845 0.000409 0.111639 0.000014
0.485532 0.211154 0.119264 0.062663 0.000430 0.120941 0.000015
0.472687 0.207742 0.122832 0.064590 0.000467 0.131663 0.000018
0.463064 0.204022 0.125575 0.066176 0.000499 0.140645 0.000019
0.453321 0.199539 0.128211 0.067650 0.000541 0.150719 0.000020
0.443880 0.195728 0.130262 0.068750 0.000541 0.160818 0.000021
0.435481 0.191108 0.132115 0.069706 0.000553 0.171015 0.000022
0.428018 0.186162 0.133323 0.070458 0.000578 0.181437 0.000024
0.421824 0.181450 0.134521 0.070787 0.000603 0.190789 0.000025
0.413989 0.176442 0.135621 0.071538 0.000626 0.201758 0.000026
0.406761 0.171716 0.136518 0.072039 0.000651 0.212289 0.000026
0.401355 0.166401 0.136418 0.072013 0.000672 0.223115 0.000027
0.395894 0.161204 0.136169 0.072136 0.000697 0.233872 0.000028
0.390776 0.156973 0.136040 0.072094 0.000727 0.243363 0.000028
0.385502 0.152451 0.135844 0.071673 0.000760 0.253737 0.000033
0.381309 0.147842 0.134925 0.071286 0.000770 0.263827 0.000042
0.376562 0.143334 0.134118 0.071027 0.000791 0.274119 0.000049
0.371194 0.139389 0.133273 0.070640 0.000816 0.284635 0.000053
0.365983 0.135190 0.132288 0.070355 0.000861 0.295270 0.000052
0.361919 0.130792 0.131417 0.069901 0.000891 0.305022 0.000059
0.358192 0.126467 0.130192 0.069559 0.000899 0.314633 0.000058
0.354279 0.121646 0.128847 0.068846 0.000909 0.325413 0.000060
0.351840 0.117896 0.127437 0.067951 0.000919 0.333894 0.000063
0.348809 0.113387 0.125513 0.067076 0.000956 0.344195 0.000064
0.346090 0.108744 0.123634 0.066004 0.000984 0.354478 0.000065
0.344534 0.104640 0.121450 0.064786 0.000991 0.363529 0.000070
0.343744 0.100915 0.119262 0.063935 0.000996 0.371071 0.000076
0.343371 0.097842 0.117213 0.063054 0.001014 0.377428 0.000078
0.342198 0.092637 0.114797 0.061743 0.001044 0.387498 0.000083
0.341839 0.088949 0.112425 0.060568 0.001060 0.395071 0.000088
0.341872 0.085150 0.110044 0.059165 0.001086 0.402590 0.000093
0.342285 0.082034 0.107412 0.057903 0.001083 0.409187 0.000095
0.342531 0.077996 0.104286 0.056290 0.001088 0.417705 0.000104
0.343846 0.075486 0.101438 0.054873 0.001091 0.423159 0.000106
0.344676 0.072505 0.099130 0.053626 0.001094 0.428859 0.000110
0.345655 0.069939 0.097114 0.052651 0.001102 0.433430 0.000109
0.346894 0.067009 0.094004 0.051120 0.001097 0.439757 0.000119
0.348296 0.065065 0.091461 0.049764 0.001112 0.444175 0.000126
0.349645 0.062927 0.089302 0.048730 0.001106 0.448162 0.000128
0.351663 0.060451 0.086287 0.047159 0.001101 0.453204 0.000135
0.353240 0.058686 0.084303 0.046027 0.001094 0.456510 0.000140
0.355441 0.056445 0.081261 0.044264 0.001119 0.461323 0.000147
0.357229 0.054964 0.079401 0.043316 0.001122 0.463821 0.000148
0.359285 0.053654 0.077367 0.042105 0.001110 0.466327 0.000151
0.361657 0.051957 0.075054 0.040697 0.001073 0.469406 0.000156
0.363987 0.050436 0.072925 0.039491 0.001042 0.471960 0.000159
0.366484 0.049032 0.070805 0.038228 0.001026 0.474270 0.000155
0.368770 0.047737 0.068833 0.037124 0.001025 0.476351 0.000159
0.371058 0.046829 0.067257 0.036026 0.001010 0.477658 0.000162
0.373313 0.046022 0.065723 0.035065 0.000994 0.478722 0.000161
0.375984 0.045033 0.063800 0.033997 0.000978 0.480047 0.000162
0.378448 0.044205 0.061915 0.033008 0.000969 0.481288 0.000168
0.381110 0.043536 0.060197 0.032002 0.000944 0.482041 0.000170
0.383621 0.042991 0.058835 0.031214 0.000942 0.482222 0.000175
0.386190 0.042398 0.057231 0.030418 0.000929 0.482659 0.000175
0.388557 0.041981 0.055873 0.029544 0.000904 0.482961 0.000180
0.390974 0.041570 0.054559 0.028870 0.000883 0.482959 0.000186
0.393753 0.041204 0.052902 0.028224 0.000867 0.482861 0.000189
0.395792 0.040920 0.051925 0.027640 0.000848 0.482683 0.000191
0.398130 0.040556 0.051059 0.027040 0.000827 0.482197 0.000192
0.400634 0.040276 0.049972 0.026585 0.000823 0.481517 0.000193
0.403193 0.039781 0.049047 0.026192 0.000817 0.480773 0.000197
0.405815 0.039627 0.048110 0.025609 0.000826 0.479811 0.000202
0.408220 0.039290 0.047231 0.025193 0.000833 0.479030 0.000205
0.409985 0.039191 0.046620 0.024844 0.000834 0.478326 0.000201
0.412086 0.039120 0.045842 0.024465 0.000823 0.477454 0.000210
0.414245 0.039169 0.045185 0.024091 0.000816 0.476284 0.000210
0.416946 0.038910 0.044355 0.023649 0.000814 0.475113 0.000212
0.418947 0.038824 0.043836 0.023263 0.000806 0.474108 0.000217
0.420848 0.038869 0.043180 0.022755 0.000796 0.473329 0.000222
0.423572 0.038873 0.042471 0.022338 0.000786 0.471736 0.000224
0.425799 0.039100 0.041826 0.022060 0.000785 0.470203 0.000227
0.427660 0.039275 0.041309 0.021903 0.000785 0.468839 0.000229
0.429747 0.039504 0.040852 0.021640 0.000767 0.467255 0.000235
0.431157 0.039870 0.040600 0.021428 0.000758 0.465949 0.000238
0.433333 0.039843 0.040220 0.021134 0.000745 0.464481 0.000243
0.435083 0.039960 0.039959 0.020948 0.000740 0.463064 0.000246
0.436400 0.040036 0.039868 0.020870 0.000713 0.461860 0.000253
0.438456 0.040230 0.039404 0.020688 0.000700 0.460270 0.000254
0.440122 0.040289 0.039120 0.020707 0.000683 0.458823 0.000257
0.441814 0.040371 0.038901 0.020725 0.000679 0.457247 0.000264
0.443362 0.040607 0.038713 0.020633 0.000659 0.455757 0.000270
0.444984 0.040588 0.038674 0.020656 0.000634 0.454194 0.000270
0.446341 0.040712 0.038756 0.020510 0.000620 0.452789 0.000272
0.448135 0.040635 0.038769 0.020409 0.000612 0.451170 0.000270
0.450265 0.040223 0.038771 0.020261 0.000610 0.449594 0.000276
0.452804 0.039483 0.038649 0.020098 0.000599 0.448085 0.000281
0.455693 0.038474 0.038435 0.019912 0.000589 0.446614 0.000283
0.459093 0.037085 0.038329 0.019640 0.000580 0.444991 0.000283
0.462782 0.035534 0.038109 0.019364 0.000574 0.443351 0.000286
0.466110 0.033853 0.038027 0.018995 0.000579 0.442148 0.000288
0.470170 0.032273 0.037486 0.018617 0.000581 0.440579 0.000294
0.474247 0.030707 0.036913 0.018162 0.000569 0.439108 0.000294
0.478725 0.029018 0.036336 0.017676 0.000559 0.437392 0.000294
0.483067 0.027232 0.035682 0.017245 0.000550 0.435931 0.000292
0.487637 0.025671 0.034968 0.016803 0.000552 0.434071 0.000298
0.492054 0.024063 0.034316 0.016310 0.000537 0.432414 0.000305
0.496941 0.022613 0.033484 0.015861 0.000531 0.430265 0.000305
0.501329 0.021256 0.032684 0.015315 0.000524 0.428587 0.000305
0.506389 0.019890 0.031884 0.014729 0.000506 0.426298 0.000304
0.511389 0.018667 0.030898 0.014102 0.000503 0.424137 0.000305
0.515917 0.017471 0.030046 0.013617 0.000505 0.422137 0.000306
0.520798 0.016402 0.029016 0.013018 0.000516 0.419945 0.000305
0.525493 0.015395 0.028173 0.012630 0.000515 0.417487 0.000306
0.530434 0.014328 0.027224 0.012126 0.000507 0.415078 0.000304
0.535317 0.013384 0.026222 0.011762 0.000498 0.412509 0.000308
0.540172 0.012567 0.025285 0.011264 0.000488 0.409911 0.000313
0.544666 0.011851 0.024415 0.010774 0.000480 0.407504 0.000310
0.549339 0.010952 0.023513 0.010288 0.000476 0.405121 0.000312
0.554491 0.010309 0.022585 0.009810 0.000463 0.402023 0.000320
0.559237 0.009530 0.021584 0.009374 0.000456 0.399503 0.000317
0.564301 0.008960 0.020662 0.008872 0.000448 0.396439 0.000318
0.569019 0.008441 0.019860 0.008480 0.000441 0.393434 0.000326
0.573861 0.007954 0.019008 0.008067 0.000440 0.390347 0.000324
0.578070 0.007493 0.018279 0.007722 0.000428 0.387680 0.000329
0.582840 0.007036 0.017566 0.007294 0.000405 0.384533 0.000327
0.587804 0.006527 0.016708 0.006891 0.000390 0.381348 0.000332
0.592480 0.006184 0.016068 0.006597 0.000377 0.377958 0.000336
0.597209 0.005761 0.015399 0.006281 0.000365 0.374640 0.000345
0.601574 0.005417 0.014667 0.005999 0.000359 0.371644 0.000340
0.606120 0.005127 0.013966 0.005761 0.000350 0.368335 0.000342
0.610669 0.004838 0.013219 0.005491 0.000342 0.365097 0.000345
0.614884 0.004542 0.012639 0.005272 0.000327 0.361993 0.000345
0.619439 0.004260 0.012167 0.005045 0.000323 0.358425 0.000341
0.624279 0.004032 0.011521 0.004780 0.000314 0.354726 0.000347
0.628664 0.003799 0.010883 0.004563 0.000310 0.351434 0.000347
0.632671 0.003590 0.010283 0.004384 0.000301 0.348425 0.000347
0.636867 0.003371 0.009759 0.004131 0.000289 0.345237 0.000347
0.641301 0.003195 0.009322 0.003929 0.000291 0.341614 0.000347
0.645343 0.003056 0.008882 0.003715 0.000278 0.338378 0.000347
0.649713 0.002909 0.008426 0.003528 0.000255 0.334816 0.000354
0.653969 0.002769 0.008065 0.003322 0.000260 0.331262 0.000354
0.658112 0.002649 0.007784 0.003164 0.000243 0.327688 0.000360
0.661847 0.002482 0.007465 0.003039 0.000250 0.324561 0.000356
0.666091 0.002352 0.007099 0.002870 0.000248 0.320988 0.000352
0.669868 0.002262 0.006704 0.002736 0.000234 0.317840 0.000355
0.673845 0.002147 0.006418 0.002624 0.000219 0.314392 0.000355
0.677207 0.002049 0.006174 0.002516 0.000212 0.311480 0.000363
0.681360 0.001960 0.005890 0.002379 0.000212 0.307839 0.000360
0.685426 0.001856 0.005578 0.002255 0.000201 0.304326 0.000359
0.689225 0.001759 0.005308 0.002138 0.000191 0.301018 0.000359
0.692680 0.001661 0.005054 0.002038 0.000184 0.298019 0.000364
0.697235 0.001558 0.004811 0.001950 0.000184 0.293898 0.000362
0.700544 0.001510 0.004547 0.001858 0.000180 0.290994 0.000366
0.704101 0.001445 0.004387 0.001764 0.000182 0.287752 0.000369
0.707926 0.001395 0.004210 0.001693 0.000169 0.284232 0.000374
0.710911 0.001348 0.004018 0.001618 0.000166 0.281571 0.000369
0.714422 0.001322 0.003803 0.001559 0.000154 0.278367 0.000373
0.718019 0.001250 0.003607 0.001479 0.000154 0.275122 0.000369
0.721475 0.001191 0.003470 0.001401 0.000156 0.271932 0.000374
0.724901 0.001145 0.003279 0.001335 0.000146 0.268817 0.000378
0.728196 0.001119 0.003117 0.001288 0.000147 0.265759 0.000374
0.731725 0.001064 0.002914 0.001213 0.000140 0.262564 0.000380
0.734959 0.001014 0.002799 0.001149 0.000135 0.259572 0.000373
0.738626 0.000960 0.002682 0.001087 0.000123 0.256137 0.000385
0.741312 0.000932 0.002588 0.001047 0.000118 0.253630 0.000373
0.744795 0.000860 0.002472 0.000998 0.000115 0.250377 0.000382
0.747774 0.000822 0.002351 0.000953 0.000112 0.247606 0.000381
0.751325 0.000770 0.002209 0.000906 0.000111 0.244294 0.000385
0.754622 0.000733 0.002100 0.000856 0.000105 0.241195 0.000390
0.757476 0.000733 0.002025 0.000824 0.000096 0.238465 0.000381
0.760410 0.000715 0.001937 0.000793 0.000092 0.235666 0.000388
0.763268 0.000673 0.001817 0.000736 0.000093 0.233033 0.000380
0.766169 0.000640 0.001729 0.000704 0.000087 0.230280 0.000391
0.768983 0.000611 0.001654 0.000691 0.000090 0.227582 0.000389
0.771758 0.000613 0.001598 0.000672 0.000091 0.224883 0.000386
0.774937 0.000554 0.001519 0.000635 0.000087 0.221879 0.000389
0.777517 0.000534 0.001444 0.000588 0.000093 0.219442 0.000381
0.780323 0.000528 0.001393 0.000556 0.000086 0.216730 0.000385
0.783114 0.000544 0.001323 0.000536 0.000084 0.214017 0.000382
0.786216 0.000530 0.001265 0.000499 0.000080 0.211028 0.000382
0.789005 0.000503 0.001183 0.000461 0.000081 0.208383 0.000384
0.791530 0.000483 0.001124 0.000428 0.000081 0.205971 0.000382
0.794118 0.000482 0.001078 0.000414 0.000077 0.203445 0.000385
0.796963 0.000460 0.001001 0.000399 0.000073 0.200726 0.000379
0.799318 0.000462 0.000975 0.000396 0.000073 0.198385 0.000391
0.801793 0.000436 0.000924 0.000377 0.000074 0.196021 0.000375
0.804234 0.000421 0.000904 0.000369 0.000069 0.193618 0.000384
0.806761 0.000422 0.000859 0.000357 0.000066 0.191152 0.000383
0.809843 0.000409 0.000832 0.000346 0.000063 0.188128 0.000379
0.811494 0.000424 0.000834 0.000334 0.000069 0.186466 0.000380
0.814358 0.000399 0.000810 0.000319 0.000066 0.183655 0.000393
0.816153 0.000387 0.000778 0.000296 0.000060 0.181935 0.000391
0.818432 0.000369 0.000733 0.000284 0.000057 0.179746 0.000380
0.821107 0.000375 0.000712 0.000285 0.000058 0.177079 0.000384
0.823573 0.000348 0.000685 0.000270 0.000051 0.174695 0.000378
0.825502 0.000360 0.000639 0.000265 0.000046 0.172803 0.000384
0.828031 0.000370 0.000615 0.000260 0.000043 0.170309 0.000372
0.829966 0.000331 0.000600 0.000257 0.000040 0.168423 0.000383
0.832216 0.000299 0.000593 0.000242 0.000035 0.166235 0.000379
0.834151 0.000275 0.000596 0.000246 0.000038 0.164313 0.000380
0.836115 0.000274 0.000588 0.000242 0.000038 0.162357 0.000385
0.838624 0.000253 0.000565 0.000232 0.000038 0.159907 0.000381
0.840113 0.000232 0.000509 0.000210 0.000038 0.158509 0.000389
0.842384 0.000260 0.000546 0.000206 0.000038 0.156179 0.000387
0.844746 0.000258 0.000518 0.000204 0.000039 0.153850 0.000384
0.846430 0.000230 0.000473 0.000187 0.000039 0.152251 0.000389
0.848544 0.000244 0.000479 0.000176 0.000040 0.150138 0.000380
0.850143 0.000252 0.000455 0.000150 0.000037 0.148576 0.000388
0.852342 0.000226 0.000440 0.000154 0.000039 0.146405 0.000394
0.854000 0.000222 0.000449 0.000145 0.000034 0.144756 0.000393
0.856089 0.000211 0.000428 0.000145 0.000033 0.142699 0.000394
0.858347 0.000196 0.000428 0.000146 0.000031 0.140472 0.000380
0.859671 0.000197 0.000393 0.000143 0.000032 0.139188 0.000376
0.861739 0.000172 0.000390 0.000150 0.000026 0.137135 0.000388
0.863784 0.000175 0.000387 0.000145 0.000025 0.135096 0.000388
0.866002 0.000154 0.000367 0.000145 0.000024 0.132919 0.000388
0.867533 0.000158 0.000331 0.000135 0.000021 0.131451 0.000371
0.869205 0.000150 0.000317 0.000127 0.000023 0.129804 0.000373
0.871017 0.000155 0.000320 0.000128 0.000024 0.127979 0.000377
0.872100 0.000138 0.000315 0.000121 0.000018 0.126939 0.000369
0.874078 0.000132 0.000307 0.000114 0.000020 0.124971 0.000378
0.875557 0.000136 0.000308 0.000109 0.000018 0.123490 0.000381
0.877379 0.000147 0.000310 0.000118 0.000014 0.121652 0.000380
0.879524 0.000129 0.000287 0.000123 0.000017 0.119531 0.000390
0.880865 0.000115 0.000267 0.000113 0.000016 0.118249 0.000375
0.882481 0.000121 0.000242 0.000111 0.000018 0.116633 0.000396
0.884115 0.000112 0.000226 0.000101 0.000016 0.115047 0.000383
0.885414 0.000125 0.000215 0.000104 0.000016 0.113742 0.000384
0.887177 0.000135 0.000218 0.000110 0.000015 0.111951 0.000394
0.888919 0.000137 0.000207 0.000104 0.000016 0.110231 0.000385
0.889958 0.000123 0.000195 0.000093 0.000018 0.109228 0.000384
0.892362 0.000132 0.000190 0.000093 0.000014 0.106828 0.000382
0.892877 0.000129 0.000189 0.000086 0.000015 0.106329 0.000374
0.893857 0.000110 0.000170 0.000079 0.000018 0.105382 0.000384
0.895582 0.000116 0.000178 0.000081 0.000017 0.103656 0.000370
0.896623 0.000090 0.000172 0.000081 0.000018 0.102629 0.000387
0.898318 0.000090 0.000177 0.000083 0.000019 0.100933 0.000379
0.899630 0.000101 0.000172 0.000081 0.000014 0.099632 0.000369
0.901378 0.000109 0.000172 0.000084 0.000014 0.097874 0.000369
0.903135 0.000112 0.000180 0.000086 0.000014 0.096106 0.000366
0.904101 0.000124 0.000186 0.000087 0.000015 0.095125 0.000362
0.905943 0.000140 0.000170 0.000079 0.000012 0.093279 0.000377
0.907179 0.000136 0.000172 0.000084 0.000012 0.092063 0.000353
0.908285 0.000136 0.000180 0.000068 0.000018 0.090971 0.000342
0.910124 0.000105 0.000156 0.000060 0.000017 0.089192 0.000346
0.910415 0.000117 0.000175 0.000059 0.000013 0.088867 0.000354
0.912660 0.000139 0.000190 0.000065 0.000012 0.086576 0.000358
0.913175 0.000158 0.000206 0.000075 0.000014 0.086006 0.000367
0.914924 0.000132 0.000190 0.000069 0.000011 0.084323 0.000351
0.916297 0.000115 0.000182 0.000075 0.000018 0.082950 0.000363
0.916777 0.000113 0.000190 0.000079 0.000012 0.082468 0.000361
0.917753 0.000108 0.000187 0.000065 0.000013 0.081519 0.000356
0.919200 0.000101 0.000181 0.000061 0.000015 0.080084 0.000357
0.920651 0.000124 0.000179 0.000065 0.000010 0.078612 0.000358
0.921351 0.000119 0.000157 0.000057 0.000010 0.077968 0.000338
0.922158 0.000133 0.000172 0.000067 0.000011 0.077104 0.000354
0.922886 0.000126 0.000165 0.000070 0.000010 0.076396 0.000347
0.924354 0.000138 0.000170 0.000080 0.000011 0.074892 0.000354
0.925482 0.000130 0.000159 0.000065 0.000012 0.073799 0.000353
0.926066 0.000132 0.000159 0.000058 0.000016 0.073213 0.000356
0.926196 0.000154 0.000167 0.000067 0.000014 0.073044 0.000359
0.928217 0.000137 0.000140 0.000057 0.000014 0.071076 0.000358
0.928926 0.000181 0.000176 0.000060 0.000015 0.070296 0.000346
0.929199 0.000194 0.000169 0.000071 0.000016 0.070028 0.000323
0.930636 0.000187 0.000180 0.000059 0.000015 0.068587 0.000336
0.930530 0.000168 0.000147 0.000068 0.000009 0.068735 0.000343
0.933599 0.000168 0.000163 0.000066 0.000006 0.065669 0.000329
0.934139 0.000176 0.000166 0.000080 0.000011 0.065096 0.000333
0.934449 0.000141 0.000168 0.000080 0.000005 0.064816 0.000342
0.936538 0.000111 0.000154 0.000075 0.000006 0.062782 0.000336
0.951723 0.000034 0.000042 0.000023 0.000000 0.047972 0.000206
