0.350065 0.062843 0.055755 0.032218 0.002108 0.490980 0.006031 1.597473
0.352653 0.060255 0.055731 0.031994 0.002119 0.491195 0.006053 1.603583
0.356130 0.057265 0.055489 0.031655 0.002106 0.491270 0.006085 1.609261
0.360189 0.053969 0.055166 0.031134 0.002107 0.491325 0.006111 1.614654
0.364538 0.050592 0.054734 0.030540 0.002119 0.491346 0.006133 1.619780
0.369125 0.047305 0.054143 0.029910 0.002113 0.491250 0.006155 1.624601
0.373916 0.044141 0.053324 0.029229 0.002100 0.491107 0.006183 1.629104
0.378819 0.041081 0.052413 0.028506 0.002100 0.490873 0.006207 1.633335
0.383913 0.038240 0.051332 0.027654 0.002087 0.490538 0.006236 1.637235
0.389123 0.035600 0.050245 0.026867 0.002083 0.489818 0.006262 1.640879
0.394331 0.033132 0.048965 0.026046 0.002081 0.489159 0.006286 1.644252
0.399557 0.030889 0.047659 0.025278 0.002063 0.488241 0.006313 1.647345
0.404970 0.028792 0.046243 0.024436 0.002048 0.487172 0.006338 1.650207
0.410274 0.026798 0.044879 0.023556 0.002035 0.486096 0.006362 1.652938
0.415654 0.024861 0.043535 0.022671 0.002008 0.484886 0.006385 1.655514
0.421094 0.023120 0.042158 0.021764 0.001984 0.483468 0.006413 1.657886
0.426528 0.021558 0.040645 0.020884 0.001963 0.481989 0.006435 1.660069
0.432054 0.020063 0.039249 0.020038 0.001943 0.480190 0.006464 1.662131
0.437406 0.018729 0.037776 0.019223 0.001920 0.478453 0.006493 1.664019
0.442895 0.017467 0.036364 0.018428 0.001906 0.476422 0.006517 1.665800
0.448302 0.016356 0.034921 0.017626 0.001873 0.474376 0.006546 1.667426
0.453734 0.015300 0.033560 0.016825 0.001841 0.472168 0.006571 1.668971
0.459138 0.014334 0.032161 0.016080 0.001806 0.469879 0.006602 1.670435
0.464577 0.013410 0.030899 0.015379 0.001766 0.467344 0.006625 1.671806
0.470049 0.012599 0.029651 0.014707 0.001726 0.464615 0.006652 1.673072
0.475407 0.011840 0.028470 0.014048 0.001691 0.461868 0.006676 1.674254
0.480707 0.011040 0.027324 0.013446 0.001652 0.459129 0.006702 1.675451
0.486054 0.010366 0.026208 0.012833 0.001626 0.456190 0.006722 1.676525
0.491361 0.009815 0.025001 0.012222 0.001600 0.453257 0.006744 1.677474
0.496631 0.009238 0.023956 0.011685 0.001562 0.450162 0.006766 1.678450
0.501912 0.008743 0.022904 0.011093 0.001533 0.447026 0.006788 1.679327
0.507085 0.008251 0.021889 0.010570 0.001496 0.443903 0.006806 1.680163
0.512154 0.007829 0.020855 0.010081 0.001470 0.440784 0.006827 1.680935
0.517329 0.007450 0.019921 0.009575 0.001445 0.437437 0.006844 1.681652
0.522434 0.007031 0.019042 0.009138 0.001411 0.434080 0.006863 1.682386
0.527481 0.006690 0.018217 0.008686 0.001390 0.430655 0.006881 1.683043
0.532496 0.006368 0.017362 0.008249 0.001358 0.427271 0.006896 1.683660
0.537590 0.006026 0.016580 0.007853 0.001330 0.423708 0.006912 1.684284
0.542494 0.005745 0.015835 0.007477 0.001304 0.420215 0.006929 1.684858
0.547449 0.005479 0.015075 0.007136 0.001277 0.416640 0.006945 1.685413
0.552416 0.005206 0.014416 0.006770 0.001237 0.412986 0.006967 1.685927
0.557322 0.004976 0.013769 0.006443 0.001199 0.409306 0.006984 1.686432
0.562100 0.004762 0.013144 0.006131 0.001167 0.405695 0.006999 1.686900
0.566967 0.004556 0.012569 0.005862 0.001129 0.401898 0.007019 1.687345
0.571713 0.004362 0.011962 0.005586 0.001115 0.398230 0.007033 1.687776
0.576449 0.004199 0.011437 0.005338 0.001082 0.394450 0.007045 1.688200
0.581219 0.004043 0.010930 0.005084 0.001058 0.390607 0.007061 1.688598
0.585829 0.003897 0.010438 0.004870 0.001029 0.386863 0.007076 1.688976
0.590438 0.003751 0.009963 0.004655 0.000997 0.383105 0.007092 1.689353
0.594992 0.003612 0.009524 0.004448 0.000978 0.379345 0.007100 1.689708
0.599509 0.003462 0.009091 0.004265 0.000948 0.375612 0.007114 1.690068
0.603983 0.003306 0.008698 0.004052 0.000925 0.371914 0.007123 1.690422
0.608408 0.003167 0.008299 0.003863 0.000905 0.368228 0.007131 1.690754
0.612856 0.003081 0.007932 0.003681 0.000888 0.364420 0.007144 1.691044
0.617196 0.002989 0.007565 0.003487 0.000870 0.360741 0.007153 1.691331
0.621444 0.002899 0.007228 0.003338 0.000848 0.357084 0.007160 1.691608
0.625698 0.002792 0.006906 0.003179 0.000825 0.353428 0.007171 1.691890
0.629965 0.002701 0.006611 0.003020 0.000799 0.349725 0.007180 1.692156
0.634106 0.002593 0.006344 0.002910 0.000780 0.346079 0.007189 1.692440
0.638184 0.002517 0.006074 0.002781 0.000754 0.342491 0.007200 1.692698
0.642275 0.002448 0.005814 0.002660 0.000731 0.338859 0.007215 1.692941
0.646442 0.002346 0.005580 0.002542 0.000705 0.335163 0.007222 1.693191
0.650491 0.002281 0.005331 0.002452 0.000674 0.331536 0.007234 1.693411
0.654361 0.002229 0.005097 0.002336 0.000653 0.328080 0.007245 1.693619
0.658323 0.002171 0.004887 0.002226 0.000634 0.324507 0.007252 1.693830
0.662274 0.002123 0.004705 0.002129 0.000612 0.320897 0.007260 1.694037
0.666104 0.002065 0.004527 0.002039 0.000586 0.317408 0.007271 1.694248
0.669915 0.002004 0.004359 0.001944 0.000567 0.313936 0.007276 1.694454
0.673686 0.001961 0.004201 0.001856 0.000552 0.310460 0.007283 1.694643
0.677456 0.001891 0.004043 0.001796 0.000536 0.306987 0.007291 1.694841
0.681120 0.001840 0.003881 0.001729 0.000516 0.303616 0.007298 1.695018
0.684696 0.001787 0.003729 0.001664 0.000501 0.300319 0.007305 1.695200
0.688289 0.001740 0.003591 0.001590 0.000483 0.296995 0.007313 1.695381
0.691934 0.001692 0.003462 0.001549 0.000471 0.293575 0.007316 1.695555
0.695479 0.001661 0.003317 0.001505 0.000460 0.290258 0.007321 1.695707
0.698966 0.001599 0.003204 0.001470 0.000447 0.286990 0.007325 1.695883
0.702489 0.001551 0.003106 0.001424 0.000425 0.283671 0.007335 1.696047
0.705904 0.001511 0.002999 0.001362 0.000418 0.280469 0.007340 1.696190
0.709292 0.001456 0.002904 0.001312 0.000398 0.277293 0.007346 1.696345
0.712573 0.001410 0.002802 0.001276 0.000386 0.274208 0.007347 1.696503
0.715838 0.001379 0.002686 0.001238 0.000376 0.271133 0.007350 1.696640
0.719116 0.001364 0.002600 0.001191 0.000362 0.268013 0.007356 1.696768
0.722430 0.001324 0.002532 0.001138 0.000354 0.264861 0.007362 1.696902
0.725561 0.001300 0.002461 0.001102 0.000337 0.261872 0.007369 1.697031
0.728615 0.001282 0.002353 0.001058 0.000330 0.258990 0.007372 1.697143
0.731673 0.001242 0.002292 0.001024 0.000318 0.256073 0.007378 1.697281
0.734729 0.001222 0.002211 0.000996 0.000310 0.253152 0.007380 1.697397
0.737826 0.001184 0.002152 0.000963 0.000300 0.250191 0.007386 1.697525
0.740799 0.001165 0.002064 0.000925 0.000292 0.247367 0.007389 1.697648
0.743744 0.001144 0.001999 0.000888 0.000283 0.244548 0.007394 1.697757
0.746680 0.001111 0.001947 0.000870 0.000275 0.241721 0.007397 1.697878
0.749664 0.001088 0.001884 0.000846 0.000257 0.238855 0.007406 1.697986
0.752514 0.001088 0.001839 0.000824 0.000247 0.236079 0.007410 1.698084
0.755419 0.001066 0.001777 0.000786 0.000240 0.233300 0.007413 1.698186
0.758237 0.001037 0.001722 0.000758 0.000233 0.230596 0.007417 1.698287
0.760997 0.001007 0.001666 0.000734 0.000226 0.227951 0.007421 1.698394
0.763787 0.000989 0.001627 0.000722 0.000215 0.225237 0.007425 1.698490
0.766549 0.000974 0.001585 0.000696 0.000209 0.222559 0.007428 1.698575
0.769277 0.000946 0.001520 0.000674 0.000202 0.219950 0.007431 1.698670
0.771976 0.000918 0.001473 0.000654 0.000192 0.217352 0.007436 1.698762
0.774560 0.000916 0.001427 0.000637 0.000187 0.214834 0.007439 1.698853
0.777110 0.000897 0.001385 0.000627 0.000182 0.212358 0.007442 1.698943
0.779666 0.000875 0.001356 0.000610 0.000175 0.209875 0.007444 1.699031
0.782226 0.000863 0.001316 0.000593 0.000171 0.207386 0.007446 1.699112
0.784737 0.000842 0.001281 0.000560 0.000166 0.204967 0.007448 1.699195
0.787249 0.000814 0.001250 0.000548 0.000165 0.202526 0.007449 1.699284
0.789714 0.000802 0.001217 0.000535 0.000158 0.200123 0.007453 1.699359
0.792140 0.000789 0.001198 0.000522 0.000151 0.197745 0.007455 1.699439
0.794493 0.000786 0.001167 0.000511 0.000145 0.195441 0.007457 1.699510
0.796847 0.000779 0.001133 0.000491 0.000141 0.193150 0.007460 1.699577
0.799206 0.000771 0.001099 0.000476 0.000136 0.190851 0.007462 1.699648
0.801457 0.000760 0.001080 0.000454 0.000134 0.188653 0.007463 1.699727
0.803708 0.000749 0.001052 0.000443 0.000131 0.186454 0.007464 1.699798
0.805989 0.000740 0.001011 0.000435 0.000127 0.184232 0.007466 1.699864
0.808226 0.000707 0.001004 0.000427 0.000121 0.182047 0.007469 1.699960
0.810428 0.000700 0.000971 0.000419 0.000117 0.179895 0.007470 1.700028
0.812665 0.000698 0.000952 0.000410 0.000115 0.177689 0.007471 1.700090
0.814781 0.000695 0.000939 0.000400 0.000110 0.175604 0.007473 1.700156
0.816853 0.000689 0.000913 0.000390 0.000108 0.173574 0.007473 1.700219
0.818930 0.000683 0.000886 0.000388 0.000106 0.171532 0.007475 1.700280
0.821049 0.000676 0.000872 0.000379 0.000102 0.169445 0.007476 1.700344
0.823037 0.000654 0.000855 0.000371 0.000101 0.167505 0.007477 1.700419
0.825063 0.000642 0.000845 0.000367 0.000098 0.165507 0.007478 1.700490
0.827037 0.000639 0.000832 0.000364 0.000096 0.163553 0.007479 1.700555
0.829050 0.000628 0.000824 0.000356 0.000091 0.161570 0.007481 1.700619
0.831009 0.000621 0.000817 0.000343 0.000089 0.159639 0.007483 1.700682
0.832952 0.000601 0.000804 0.000342 0.000087 0.157731 0.007484 1.700752
0.834886 0.000591 0.000792 0.000334 0.000088 0.155825 0.007485 1.700805
0.836788 0.000590 0.000777 0.000321 0.000084 0.153953 0.007487 1.700854
0.838634 0.000574 0.000763 0.000315 0.000080 0.152146 0.007489 1.700915
0.840437 0.000570 0.000747 0.000305 0.000077 0.150375 0.007490 1.700964
0.842246 0.000566 0.000732 0.000300 0.000073 0.148593 0.007491 1.701011
0.844021 0.000564 0.000717 0.000291 0.000072 0.146843 0.007491 1.701061
0.845772 0.000567 0.000709 0.000286 0.000068 0.145105 0.007493 1.701113
0.847474 0.000563 0.000705 0.000276 0.000070 0.143420 0.007493 1.701169
0.849223 0.000561 0.000694 0.000271 0.000068 0.141690 0.007494 1.701218
0.850975 0.000544 0.000685 0.000274 0.000066 0.139961 0.007496 1.701280
0.852611 0.000545 0.000667 0.000267 0.000063 0.138351 0.007497 1.701326
0.854235 0.000537 0.000654 0.000270 0.000059 0.136747 0.007499 1.701379
0.855881 0.000534 0.000628 0.000269 0.000055 0.135133 0.007500 1.701422
0.857494 0.000525 0.000620 0.000263 0.000053 0.133544 0.007502 1.701476
0.859098 0.000515 0.000617 0.000256 0.000052 0.131961 0.007502 1.701533
0.860669 0.000500 0.000601 0.000255 0.000052 0.130422 0.007503 1.701586
0.862197 0.000503 0.000586 0.000246 0.000049 0.128916 0.007503 1.701633
0.863715 0.000510 0.000572 0.000238 0.000047 0.127415 0.007504 1.701674
0.865242 0.000503 0.000566 0.000236 0.000046 0.125904 0.007504 1.701722
0.866664 0.000506 0.000557 0.000238 0.000045 0.124486 0.007505 1.701768
0.868127 0.000504 0.000553 0.000235 0.000043 0.123033 0.007506 1.701809
0.869589 0.000491 0.000549 0.000235 0.000042 0.121590 0.007506 1.701857
0.870957 0.000486 0.000548 0.000239 0.000042 0.120224 0.007506 1.701907
0.872298 0.000486 0.000542 0.000229 0.000041 0.118899 0.007506 1.701950
0.873661 0.000480 0.000527 0.000225 0.000041 0.117561 0.007507 1.701993
0.874993 0.000469 0.000522 0.000225 0.000041 0.116243 0.007507 1.702040
0.876286 0.000459 0.000513 0.000222 0.000040 0.114974 0.007507 1.702081
0.877551 0.000441 0.000516 0.000218 0.000039 0.113728 0.007508 1.702126
0.878802 0.000434 0.000512 0.000221 0.000037 0.112487 0.007509 1.702173
0.879995 0.000426 0.000497 0.000218 0.000037 0.111319 0.007509 1.702220
0.881186 0.000424 0.000487 0.000216 0.000035 0.110143 0.007510 1.702264
0.882358 0.000418 0.000486 0.000214 0.000034 0.108981 0.007511 1.702308
0.883545 0.000412 0.000484 0.000212 0.000034 0.107802 0.007512 1.702349
0.884702 0.000408 0.000483 0.000210 0.000032 0.106653 0.007513 1.702393
0.885859 0.000408 0.000481 0.000207 0.000032 0.105501 0.007513 1.702432
0.886992 0.000410 0.000467 0.000210 0.000032 0.104376 0.007513 1.702468
0.888135 0.000415 0.000469 0.000204 0.000033 0.103233 0.007513 1.702507
0.889281 0.000417 0.000458 0.000207 0.000031 0.102094 0.007514 1.702547
0.890393 0.000397 0.000459 0.000210 0.000030 0.100999 0.007514 1.702595
0.891478 0.000390 0.000456 0.000211 0.000030 0.099922 0.007514 1.702641
0.892538 0.000393 0.000447 0.000208 0.000030 0.098870 0.007514 1.702673
0.893511 0.000387 0.000442 0.000213 0.000029 0.097904 0.007515 1.702712
0.894536 0.000379 0.000440 0.000208 0.000028 0.096896 0.007515 1.702748
0.895538 0.000382 0.000428 0.000202 0.000028 0.095909 0.007515 1.702778
0.896514 0.000377 0.000422 0.000202 0.000027 0.094943 0.007516 1.702815
0.897488 0.000376 0.000421 0.000191 0.000027 0.093982 0.007516 1.702850
0.898503 0.000369 0.000418 0.000189 0.000026 0.092980 0.007517 1.702892
0.899461 0.000368 0.000410 0.000190 0.000025 0.092030 0.007517 1.702927
0.900352 0.000362 0.000408 0.000187 0.000026 0.091150 0.007517 1.702962
0.901219 0.000355 0.000406 0.000180 0.000026 0.090297 0.007518 1.702996
0.902109 0.000356 0.000396 0.000179 0.000025 0.089419 0.007518 1.703030
0.902963 0.000351 0.000392 0.000174 0.000024 0.088578 0.007518 1.703062
0.903809 0.000353 0.000383 0.000174 0.000023 0.087741 0.007518 1.703097
0.904643 0.000348 0.000374 0.000170 0.000022 0.086925 0.007519 1.703130
0.905474 0.000347 0.000370 0.000168 0.000020 0.086103 0.007520 1.703165
0.906277 0.000351 0.000363 0.000167 0.000019 0.085304 0.007520 1.703194
0.907034 0.000344 0.000362 0.000168 0.000019 0.084554 0.007520 1.703233
0.907825 0.000339 0.000365 0.000166 0.000019 0.083768 0.007520 1.703269
0.908585 0.000339 0.000372 0.000164 0.000019 0.083001 0.007520 1.703310
0.909343 0.000334 0.000372 0.000158 0.000019 0.082254 0.007521 1.703342
0.910091 0.000334 0.000370 0.000157 0.000019 0.081509 0.007521 1.703371
0.910804 0.000325 0.000375 0.000156 0.000019 0.080800 0.007521 1.703411
0.911529 0.000325 0.000372 0.000154 0.000019 0.080082 0.007521 1.703443
0.912214 0.000321 0.000369 0.000149 0.000019 0.079408 0.007521 1.703477
0.912863 0.000327 0.000363 0.000150 0.000019 0.078756 0.007521 1.703504
0.913518 0.000324 0.000351 0.000150 0.000018 0.078118 0.007521 1.703530
0.914168 0.000314 0.000348 0.000148 0.000018 0.077484 0.007521 1.703567
0.914797 0.000316 0.000342 0.000143 0.000018 0.076863 0.007521 1.703594
0.915388 0.000316 0.000339 0.000144 0.000016 0.076275 0.007522 1.703620
0.916005 0.000315 0.000339 0.000144 0.000016 0.075659 0.007522 1.703653
0.916634 0.000315 0.000332 0.000140 0.000017 0.075041 0.007522 1.703682
0.917203 0.000309 0.000338 0.000136 0.000018 0.074476 0.007522 1.703716
0.917796 0.000308 0.000332 0.000131 0.000017 0.073893 0.007522 1.703741
0.918356 0.000316 0.000321 0.000131 0.000016 0.073338 0.007523 1.703763
0.918920 0.000305 0.000326 0.000137 0.000016 0.072774 0.007523 1.703804
0.919478 0.000304 0.000323 0.000132 0.000015 0.072223 0.007524 1.703833
0.920036 0.000298 0.000322 0.000135 0.000015 0.071669 0.007524 1.703869
0.920558 0.000300 0.000310 0.000132 0.000015 0.071160 0.007524 1.703892
0.921075 0.000296 0.000312 0.000133 0.000014 0.070647 0.007524 1.703921
0.921565 0.000305 0.000306 0.000132 0.000015 0.070153 0.007524 1.703948
0.922060 0.000301 0.000307 0.000135 0.000014 0.069660 0.007524 1.703982
0.922542 0.000304 0.000300 0.000130 0.000013 0.069187 0.007524 1.704005
0.923037 0.000302 0.000291 0.000129 0.000013 0.068703 0.007525 1.704034
0.923502 0.000300 0.000290 0.000132 0.000013 0.068239 0.007525 1.704068
0.923988 0.000290 0.000292 0.000128 0.000013 0.067765 0.007526 1.704102
0.924445 0.000293 0.000290 0.000130 0.000013 0.067304 0.007526 1.704127
0.924906 0.000290 0.000286 0.000130 0.000012 0.066850 0.007526 1.704152
0.925354 0.000297 0.000275 0.000122 0.000012 0.066415 0.007526 1.704171
0.925783 0.000286 0.000274 0.000121 0.000013 0.065999 0.007526 1.704199
0.926189 0.000284 0.000273 0.000117 0.000013 0.065599 0.007526 1.704223
0.926614 0.000284 0.000263 0.000121 0.000012 0.065178 0.007526 1.704247
0.927032 0.000280 0.000263 0.000122 0.000011 0.064765 0.007527 1.704273
0.927423 0.000280 0.000263 0.000124 0.000011 0.064374 0.007527 1.704301
0.927807 0.000278 0.000255 0.000128 0.000011 0.063996 0.007527 1.704326
0.928181 0.000277 0.000253 0.000129 0.000011 0.063624 0.007527 1.704350
0.928552 0.000276 0.000255 0.000131 0.000011 0.063248 0.007527 1.704374
0.928923 0.000280 0.000257 0.000129 0.000011 0.062873 0.007527 1.704399
0.929307 0.000279 0.000260 0.000126 0.000011 0.062491 0.007528 1.704427
0.929633 0.000282 0.000260 0.000124 0.000012 0.062162 0.007528 1.704453
0.930006 0.000285 0.000255 0.000125 0.000011 0.061792 0.007528 1.704477
0.930320 0.000275 0.000258 0.000126 0.000011 0.061483 0.007528 1.704508
0.930648 0.000275 0.000258 0.000120 0.000011 0.061160 0.007529 1.704533
0.930960 0.000273 0.000266 0.000119 0.000010 0.060844 0.007529 1.704562
0.931268 0.000271 0.000270 0.000120 0.000009 0.060533 0.007529 1.704590
0.931580 0.000271 0.000268 0.000118 0.000008 0.060226 0.007529 1.704614
0.931893 0.000269 0.000262 0.000112 0.000007 0.059928 0.007530 1.704635
0.932191 0.000273 0.000257 0.000113 0.000007 0.059629 0.007530 1.704653
0.932489 0.000275 0.000253 0.000113 0.000006 0.059334 0.007531 1.704676
0.932767 0.000276 0.000252 0.000112 0.000006 0.059057 0.007531 1.704702
0.933060 0.000270 0.000254 0.000117 0.000006 0.058763 0.007531 1.704729
0.933347 0.000265 0.000255 0.000116 0.000005 0.058483 0.007531 1.704759
0.933614 0.000268 0.000251 0.000117 0.000005 0.058215 0.007531 1.704783
0.933884 0.000271 0.000253 0.000114 0.000005 0.057945 0.007531 1.704802
0.934151 0.000263 0.000259 0.000113 0.000005 0.057679 0.007531 1.704833
0.934408 0.000264 0.000259 0.000116 0.000005 0.057418 0.007531 1.704860
0.934675 0.000258 0.000265 0.000119 0.000004 0.057148 0.007531 1.704887
0.934919 0.000260 0.000263 0.000114 0.000004 0.056910 0.007531 1.704908
0.935177 0.000262 0.000265 0.000113 0.000004 0.056649 0.007531 1.704932
0.935439 0.000259 0.000262 0.000113 0.000004 0.056392 0.007532 1.704958
0.935678 0.000262 0.000259 0.000111 0.000004 0.056156 0.007532 1.704982
0.935899 0.000254 0.000259 0.000110 0.000003 0.055943 0.007532 1.705009
0.936138 0.000267 0.000252 0.000109 0.000004 0.055699 0.007532 1.705027
0.936368 0.000264 0.000253 0.000105 0.000004 0.055474 0.007532 1.705052
0.936567 0.000257 0.000252 0.000104 0.000005 0.055283 0.007532 1.705079
0.936770 0.000251 0.000257 0.000104 0.000005 0.055081 0.007532 1.705110
0.936988 0.000246 0.000263 0.000098 0.000005 0.054869 0.007533 1.705135
0.937191 0.000247 0.000256 0.000099 0.000005 0.054671 0.007533 1.705159
0.937397 0.000251 0.000253 0.000098 0.000005 0.054464 0.007533 1.705179
0.937619 0.000251 0.000250 0.000098 0.000006 0.054245 0.007533 1.705197
0.937807 0.000255 0.000249 0.000097 0.000006 0.054054 0.007533 1.705219
0.937997 0.000252 0.000247 0.000094 0.000006 0.053871 0.007533 1.705245
0.938174 0.000251 0.000251 0.000097 0.000007 0.053689 0.007533 1.705270
0.938365 0.000248 0.000248 0.000098 0.000007 0.053503 0.007533 1.705293
0.938555 0.000245 0.000246 0.000098 0.000007 0.053317 0.007533 1.705318
0.938729 0.000245 0.000241 0.000099 0.000007 0.053147 0.007533 1.705343
0.938918 0.000238 0.000243 0.000100 0.000007 0.052964 0.007533 1.705368
0.939101 0.000240 0.000240 0.000101 0.000007 0.052780 0.007533 1.705395
0.939264 0.000236 0.000241 0.000100 0.000007 0.052621 0.007533 1.705420
0.939442 0.000233 0.000238 0.000104 0.000007 0.052445 0.007533 1.705445
0.939596 0.000234 0.000242 0.000106 0.000007 0.052283 0.007533 1.705469
0.939766 0.000224 0.000244 0.000103 0.000007 0.052124 0.007533 1.705496
0.939927 0.000228 0.000239 0.000101 0.000007 0.051967 0.007533 1.705514
0.940067 0.000230 0.000241 0.000100 0.000006 0.051823 0.007533 1.705537
0.940218 0.000232 0.000241 0.000101 0.000006 0.051670 0.007533 1.705559
0.940358 0.000229 0.000248 0.000101 0.000006 0.051526 0.007533 1.705585
0.940487 0.000228 0.000247 0.000099 0.000006 0.051401 0.007533 1.705605
0.940609 0.000223 0.000244 0.000097 0.000006 0.051289 0.007533 1.705630
0.940735 0.000217 0.000246 0.000097 0.000006 0.051166 0.007533 1.705653
0.940880 0.000212 0.000243 0.000097 0.000007 0.051030 0.007533 1.705677
0.941030 0.000210 0.000239 0.000094 0.000007 0.050888 0.007533 1.705692
0.941173 0.000203 0.000238 0.000096 0.000006 0.050751 0.007533 1.705718
0.941303 0.000216 0.000232 0.000091 0.000006 0.050620 0.007533 1.705730
0.941432 0.000214 0.000231 0.000090 0.000006 0.050495 0.007533 1.705752
0.941556 0.000210 0.000231 0.000091 0.000006 0.050374 0.007533 1.705773
0.941687 0.000213 0.000226 0.000091 0.000006 0.050245 0.007533 1.705789
0.941808 0.000217 0.000220 0.000088 0.000005 0.050129 0.007533 1.705809
0.941919 0.000215 0.000224 0.000088 0.000005 0.050017 0.007533 1.705831
0.942039 0.000216 0.000220 0.000088 0.000005 0.049899 0.007533 1.705848
0.942152 0.000216 0.000214 0.000090 0.000005 0.049790 0.007533 1.705867
0.942269 0.000209 0.000214 0.000093 0.000005 0.049677 0.007533 1.705892
0.942371 0.000213 0.000209 0.000092 0.000006 0.049577 0.007533 1.705910
0.942484 0.000213 0.000211 0.000091 0.000006 0.049462 0.007533 1.705932
0.942589 0.000209 0.000211 0.000090 0.000006 0.049362 0.007533 1.705954
0.942699 0.000205 0.000207 0.000090 0.000006 0.049261 0.007533 1.705977
0.942812 0.000203 0.000200 0.000092 0.000006 0.049154 0.007533 1.705997
0.942903 0.000202 0.000201 0.000092 0.000006 0.049063 0.007533 1.706016
0.942999 0.000200 0.000203 0.000090 0.000006 0.048969 0.007533 1.706037
0.943101 0.000204 0.000200 0.000093 0.000006 0.048864 0.007534 1.706054
0.943187 0.000198 0.000205 0.000092 0.000006 0.048779 0.007534 1.706079
0.943265 0.000198 0.000206 0.000092 0.000006 0.048700 0.007534 1.706101
0.943363 0.000197 0.000206 0.000093 0.000005 0.048603 0.007534 1.706121
0.943456 0.000199 0.000203 0.000092 0.000005 0.048512 0.007534 1.706135
0.943548 0.000200 0.000205 0.000089 0.000005 0.048420 0.007534 1.706155
0.943644 0.000195 0.000204 0.000094 0.000005 0.048325 0.007534 1.706178
0.943738 0.000193 0.000214 0.000092 0.000005 0.048226 0.007534 1.706201
0.943822 0.000188 0.000212 0.000092 0.000004 0.048150 0.007535 1.706220
0.943916 0.000191 0.000207 0.000092 0.000004 0.048057 0.007535 1.706237
0.943998 0.000186 0.000209 0.000092 0.000003 0.047978 0.007535 1.706260
0.944090 0.000181 0.000212 0.000090 0.000003 0.047889 0.007535 1.706281
0.944174 0.000183 0.000211 0.000088 0.000005 0.047805 0.007535 1.706295
0.944255 0.000178 0.000207 0.000088 0.000005 0.047733 0.007535 1.706315
0.944327 0.000182 0.000204 0.000083 0.000004 0.047665 0.007535 1.706328
0.944406 0.000187 0.000197 0.000083 0.000004 0.047588 0.007535 1.706346
0.944473 0.000189 0.000197 0.000086 0.000004 0.047518 0.007535 1.706362
0.944543 0.000185 0.000195 0.000087 0.000004 0.047452 0.007535 1.706383
0.944612 0.000187 0.000193 0.000086 0.000004 0.047384 0.007535 1.706402
0.944677 0.000187 0.000192 0.000087 0.000004 0.047319 0.007535 1.706423
0.944752 0.000184 0.000196 0.000086 0.000004 0.047244 0.007535 1.706444
0.944807 0.000183 0.000204 0.000086 0.000003 0.047184 0.007535 1.706464
0.944872 0.000182 0.000204 0.000088 0.000004 0.047117 0.007535 1.706484
0.944943 0.000185 0.000202 0.000085 0.000004 0.047046 0.007535 1.706497
0.945013 0.000180 0.000200 0.000083 0.000004 0.046987 0.007535 1.706516
0.945072 0.000179 0.000198 0.000082 0.000005 0.046929 0.007535 1.706534
0.945124 0.000185 0.000195 0.000081 0.000005 0.046876 0.007535 1.706554
0.945186 0.000184 0.000194 0.000079 0.000005 0.046817 0.007535 1.706574
0.945256 0.000182 0.000191 0.000079 0.000006 0.046754 0.007535 1.706589
0.945320 0.000175 0.000194 0.000079 0.000006 0.046692 0.007535 1.706612
0.945376 0.000172 0.000188 0.000079 0.000005 0.046645 0.007535 1.706630
0.945430 0.000164 0.000191 0.000083 0.000006 0.046592 0.007535 1.706654
0.945486 0.000160 0.000186 0.000084 0.000006 0.046544 0.007535 1.706671
0.945556 0.000156 0.000184 0.000083 0.000005 0.046482 0.007535 1.706687
0.945606 0.000152 0.000184 0.000084 0.000005 0.046434 0.007535 1.706705
0.945657 0.000149 0.000189 0.000085 0.000006 0.046380 0.007535 1.706723
0.945715 0.000143 0.000191 0.000084 0.000006 0.046326 0.007535 1.706738
0.945759 0.000143 0.000190 0.000082 0.000005 0.046286 0.007535 1.706751
0.945808 0.000143 0.000188 0.000080 0.000005 0.046241 0.007535 1.706766
0.945852 0.000144 0.000185 0.000078 0.000004 0.046201 0.007536 1.706779
0.945904 0.000148 0.000181 0.000075 0.000004 0.046154 0.007536 1.706790
0.945958 0.000147 0.000173 0.000073 0.000004 0.046109 0.007536 1.706803
0.946005 0.000141 0.000172 0.000071 0.000004 0.046070 0.007536 1.706819
0.946041 0.000145 0.000166 0.000070 0.000004 0.046038 0.007537 1.706830
0.946080 0.000145 0.000163 0.000071 0.000004 0.046000 0.007537 1.706844
0.946118 0.000140 0.000159 0.000073 0.000004 0.045971 0.007537 1.706858
0.946169 0.000138 0.000154 0.000072 0.000004 0.045927 0.007537 1.706869
0.946206 0.000136 0.000157 0.000071 0.000005 0.045890 0.007537 1.706885
0.946255 0.000126 0.000157 0.000072 0.000005 0.045848 0.007537 1.706904
0.946285 0.000128 0.000150 0.000072 0.000005 0.045824 0.007537 1.706915
0.946330 0.000131 0.000144 0.000072 0.000005 0.045781 0.007537 1.706925
0.946381 0.000131 0.000142 0.000071 0.000004 0.045735 0.007537 1.706938
0.946434 0.000128 0.000145 0.000069 0.000004 0.045684 0.007537 1.706953
0.946473 0.000127 0.000145 0.000069 0.000004 0.045645 0.007537 1.706966
0.946511 0.000130 0.000144 0.000064 0.000003 0.045611 0.007537 1.706975
0.946551 0.000124 0.000147 0.000062 0.000003 0.045576 0.007538 1.706991
0.946597 0.000117 0.000147 0.000061 0.000003 0.045538 0.007538 1.707005
0.946632 0.000112 0.000152 0.000061 0.000003 0.045503 0.007538 1.707023
0.946669 0.000110 0.000147 0.000059 0.000003 0.045474 0.007538 1.707033
0.946708 0.000111 0.000142 0.000058 0.000004 0.045439 0.007538 1.707043
0.946746 0.000118 0.000137 0.000056 0.000005 0.045401 0.007538 1.707050
0.946785 0.000116 0.000134 0.000056 0.000004 0.045367 0.007538 1.707063
0.946819 0.000117 0.000127 0.000053 0.000003 0.045342 0.007539 1.707071
0.946851 0.000116 0.000126 0.000052 0.000003 0.045312 0.007539 1.707081
0.946886 0.000113 0.000122 0.000050 0.000003 0.045287 0.007539 1.707091
0.946909 0.000116 0.000120 0.000047 0.000003 0.045267 0.007539 1.707102
0.946947 0.000113 0.000122 0.000045 0.000003 0.045232 0.007539 1.707113
0.946979 0.000111 0.000121 0.000044 0.000003 0.045204 0.007539 1.707122
0.947008 0.000109 0.000123 0.000040 0.000003 0.045178 0.007539 1.707131
0.947050 0.000106 0.000123 0.000040 0.000003 0.045140 0.007539 1.707142
0.947071 0.000104 0.000126 0.000038 0.000003 0.045120 0.007539 1.707155
0.947109 0.000101 0.000121 0.000040 0.000002 0.045089 0.007539 1.707166
0.947134 0.000104 0.000118 0.000040 0.000002 0.045063 0.007539 1.707173
0.947160 0.000100 0.000116 0.000042 0.000002 0.045041 0.007539 1.707187
0.947182 0.000102 0.000113 0.000044 0.000002 0.045020 0.007539 1.707195
0.947204 0.000098 0.000110 0.000047 0.000002 0.045001 0.007539 1.707207
0.947229 0.000098 0.000106 0.000045 0.000002 0.044981 0.007539 1.707214
0.947257 0.000095 0.000105 0.000043 0.000002 0.044959 0.007539 1.707223
0.947284 0.000092 0.000104 0.000044 0.000002 0.044935 0.007539 1.707235
0.947314 0.000092 0.000099 0.000043 0.000002 0.044911 0.007539 1.707241
0.947331 0.000097 0.000096 0.000043 0.000002 0.044893 0.007539 1.707247
0.947358 0.000095 0.000097 0.000043 0.000002 0.044865 0.007539 1.707256
0.947396 0.000089 0.000096 0.000045 0.000002 0.044833 0.007539 1.707265
0.947424 0.000087 0.000095 0.000045 0.000002 0.044808 0.007539 1.707275
0.947445 0.000090 0.000097 0.000043 0.000002 0.044785 0.007539 1.707285
0.947469 0.000082 0.000097 0.000044 0.000002 0.044767 0.007539 1.707298
0.947488 0.000085 0.000099 0.000044 0.000002 0.044743 0.007539 1.707306
0.947508 0.000088 0.000096 0.000042 0.000002 0.044725 0.007539 1.707311
0.947531 0.000085 0.000096 0.000041 0.000002 0.044706 0.007539 1.707321
0.947558 0.000083 0.000093 0.000041 0.000002 0.044684 0.007539 1.707330
0.947580 0.000087 0.000090 0.000041 0.000002 0.044661 0.007539 1.707336
0.947599 0.000086 0.000090 0.000044 0.000002 0.044641 0.007539 1.707348
0.947621 0.000085 0.000091 0.000041 0.000003 0.044620 0.007539 1.707355
0.947638 0.000087 0.000089 0.000042 0.000002 0.044602 0.007539 1.707363
0.947657 0.000087 0.000088 0.000042 0.000002 0.044585 0.007539 1.707369
0.947678 0.000086 0.000081 0.000042 0.000002 0.044571 0.007539 1.707378
0.947700 0.000088 0.000080 0.000042 0.000003 0.044549 0.007539 1.707386
0.947718 0.000085 0.000078 0.000044 0.000003 0.044534 0.007539 1.707393
0.947737 0.000086 0.000076 0.000043 0.000003 0.044516 0.007539 1.707399
0.947763 0.000084 0.000072 0.000043 0.000003 0.044498 0.007539 1.707405
0.947787 0.000081 0.000072 0.000041 0.000003 0.044478 0.007539 1.707412
0.947807 0.000078 0.000073 0.000040 0.000003 0.044461 0.007539 1.707420
0.947823 0.000076 0.000076 0.000037 0.000003 0.044447 0.007539 1.707429
0.947834 0.000080 0.000072 0.000038 0.000003 0.044435 0.007539 1.707436
0.947846 0.000078 0.000072 0.000040 0.000003 0.044424 0.007539 1.707447
0.947867 0.000073 0.000074 0.000040 0.000003 0.044406 0.007539 1.707457
0.947886 0.000066 0.000079 0.000039 0.000003 0.044389 0.007539 1.707467
0.947897 0.000065 0.000077 0.000040 0.000004 0.044378 0.007539 1.707475
0.947906 0.000066 0.000077 0.000039 0.000004 0.044369 0.007539 1.707481
0.947919 0.000067 0.000077 0.000040 0.000004 0.044355 0.007539 1.707491
0.947934 0.000071 0.000075 0.000040 0.000004 0.044338 0.007539 1.707496
0.947943 0.000074 0.000076 0.000039 0.000004 0.044325 0.007539 1.707502
0.947954 0.000071 0.000078 0.000038 0.000003 0.044317 0.007539 1.707509
0.947965 0.000069 0.000076 0.000039 0.000003 0.044310 0.007539 1.707517
0.947974 0.000073 0.000073 0.000040 0.000003 0.044300 0.007539 1.707522
0.947985 0.000068 0.000074 0.000040 0.000003 0.044292 0.007539 1.707533
0.947998 0.000066 0.000073 0.000043 0.000002 0.044279 0.007539 1.707540
0.948004 0.000070 0.000073 0.000044 0.000002 0.044268 0.007539 1.707545
0.948013 0.000069 0.000073 0.000044 0.000002 0.044261 0.007540 1.707552
0.948026 0.000069 0.000075 0.000042 0.000002 0.044246 0.007540 1.707559
0.948037 0.000070 0.000073 0.000043 0.000002 0.044236 0.007540 1.707567
0.948049 0.000069 0.000072 0.000044 0.000002 0.044226 0.007540 1.707572
0.948055 0.000069 0.000072 0.000041 0.000001 0.044223 0.007540 1.707578
0.948065 0.000066 0.000076 0.000039 0.000002 0.044214 0.007540 1.707587
0.948071 0.000065 0.000077 0.000036 0.000002 0.044209 0.007540 1.707594
0.948082 0.000065 0.000075 0.000036 0.000002 0.044201 0.007540 1.707601
0.948096 0.000063 0.000077 0.000035 0.000002 0.044190 0.007540 1.707608
0.948102 0.000066 0.000073 0.000036 0.000002 0.044182 0.007540 1.707615
0.948116 0.000068 0.000072 0.000035 0.000002 0.044169 0.007540 1.707618
0.948129 0.000068 0.000074 0.000035 0.000002 0.044153 0.007540 1.707623
0.948143 0.000064 0.000075 0.000036 0.000002 0.044142 0.007540 1.707632
0.948152 0.000063 0.000077 0.000034 0.000002 0.044133 0.007540 1.707639
0.948160 0.000066 0.000074 0.000034 0.000002 0.044126 0.007540 1.707644
0.948170 0.000066 0.000071 0.000032 0.000002 0.044119 0.007540 1.707650
0.948174 0.000066 0.000073 0.000033 0.000002 0.044113 0.007540 1.707660
0.948185 0.000066 0.000073 0.000031 0.000002 0.044104 0.007540 1.707665
0.948192 0.000062 0.000072 0.000032 0.000002 0.044102 0.007540 1.707675
0.948203 0.000065 0.000071 0.000032 0.000002 0.044087 0.007540 1.707679
0.948216 0.000063 0.000071 0.000032 0.000002 0.044077 0.007540 1.707685
0.948228 0.000057 0.000073 0.000031 0.000002 0.044070 0.007540 1.707693
0.948239 0.000057 0.000074 0.000029 0.000002 0.044061 0.007540 1.707700
0.948246 0.000062 0.000071 0.000027 0.000002 0.044054 0.007540 1.707703
0.948254 0.000061 0.000068 0.000030 0.000001 0.044048 0.007540 1.707711
0.948263 0.000060 0.000068 0.000030 0.000001 0.044038 0.007540 1.707719
0.948274 0.000058 0.000067 0.000031 0.000001 0.044029 0.007540 1.707724
0.948275 0.000062 0.000067 0.000028 0.000001 0.044027 0.007540 1.707730
0.948277 0.000066 0.000066 0.000027 0.000001 0.044024 0.007540 1.707733
0.948280 0.000063 0.000067 0.000026 0.000001 0.044024 0.007540 1.707741
0.948287 0.000060 0.000066 0.000025 0.000001 0.044023 0.007540 1.707747
0.948296 0.000056 0.000063 0.000027 0.000000 0.044019 0.007540 1.707756
0.948304 0.000053 0.000062 0.000028 0.000000 0.044013 0.007540 1.707762
0.948309 0.000053 0.000061 0.000028 0.000000 0.044010 0.007540 1.707770
0.948310 0.000056 0.000060 0.000030 0.000000 0.044005 0.007540 1.707774
0.948316 0.000052 0.000060 0.000029 0.000000 0.044002 0.007540 1.707780
0.948323 0.000050 0.000062 0.000028 0.000000 0.043997 0.007540 1.707785
0.948327 0.000054 0.000059 0.000028 0.000000 0.043991 0.007540 1.707790
0.948334 0.000051 0.000060 0.000027 0.000000 0.043989 0.007540 1.707797
0.948339 0.000050 0.000059 0.000026 0.000000 0.043987 0.007540 1.707801
0.948344 0.000050 0.000058 0.000024 0.000000 0.043983 0.007540 1.707805
0.948352 0.000048 0.000060 0.000023 0.000000 0.043976 0.007540 1.707811
0.948355 0.000048 0.000058 0.000024 0.000000 0.043975 0.007540 1.707817
0.948361 0.000047 0.000058 0.000024 0.000000 0.043969 0.007540 1.707822
0.948366 0.000048 0.000057 0.000024 0.000000 0.043965 0.007540 1.707826
0.948369 0.000045 0.000057 0.000025 0.000000 0.043964 0.007540 1.707833
0.948376 0.000042 0.000058 0.000026 0.000000 0.043958 0.007540 1.707838
0.948381 0.000040 0.000059 0.000027 0.000000 0.043953 0.007540 1.707844
0.948386 0.000040 0.000058 0.000025 0.000000 0.043950 0.007541 1.707848
0.948393 0.000040 0.000055 0.000023 0.000000 0.043948 0.007541 1.707851
0.948396 0.000042 0.000051 0.000022 0.000000 0.043950 0.007541 1.707853
0.948398 0.000039 0.000051 0.000021 0.000000 0.043950 0.007541 1.707859
0.948403 0.000038 0.000053 0.000020 0.000000 0.043946 0.007541 1.707864
0.948409 0.000034 0.000056 0.000020 0.000000 0.043941 0.007541 1.707870
0.948415 0.000032 0.000054 0.000020 0.000000 0.043938 0.007541 1.707872
0.948424 0.000036 0.000051 0.000018 0.000000 0.043929 0.007541 1.707873
0.948429 0.000034 0.000052 0.000019 0.000000 0.043925 0.007541 1.707878
0.948435 0.000032 0.000053 0.000019 0.000000 0.043920 0.007541 1.707882
0.948437 0.000035 0.000051 0.000019 0.000000 0.043917 0.007541 1.707886
0.948442 0.000034 0.000051 0.000019 0.000000 0.043913 0.007541 1.707889
0.948450 0.000034 0.000050 0.000019 0.000000 0.043906 0.007541 1.707891
0.948452 0.000034 0.000048 0.000017 0.000000 0.043907 0.007541 1.707894
0.948456 0.000032 0.000048 0.000017 0.000000 0.043906 0.007541 1.707899
0.948464 0.000032 0.000047 0.000018 0.000000 0.043898 0.007541 1.707902
0.948469 0.000033 0.000046 0.000018 0.000000 0.043893 0.007541 1.707904
0.948480 0.000033 0.000044 0.000017 0.000000 0.043886 0.007541 1.707905
0.948483 0.000035 0.000042 0.000016 0.000000 0.043883 0.007541 1.707907
0.948485 0.000034 0.000042 0.000016 0.000000 0.043882 0.007541 1.707912
0.948486 0.000035 0.000043 0.000015 0.000000 0.043881 0.007541 1.707915
0.948489 0.000034 0.000041 0.000016 0.000000 0.043880 0.007541 1.707919
0.948498 0.000032 0.000039 0.000017 0.000000 0.043873 0.007541 1.707921
0.948502 0.000034 0.000036 0.000016 0.000000 0.043871 0.007541 1.707922
0.948506 0.000033 0.000035 0.000016 0.000000 0.043870 0.007541 1.707925
0.948512 0.000030 0.000034 0.000015 0.000001 0.043868 0.007541 1.707929
0.948516 0.000032 0.000033 0.000014 0.000001 0.043864 0.007541 1.707931
0.948519 0.000032 0.000033 0.000015 0.000001 0.043860 0.007541 1.707934
0.948520 0.000037 0.000032 0.000015 0.000001 0.043856 0.007541 1.707936
0.948526 0.000037 0.000031 0.000014 0.000001 0.043851 0.007541 1.707938
0.948532 0.000037 0.000031 0.000012 0.000001 0.043847 0.007541 1.707940
0.948537 0.000036 0.000033 0.000011 0.000001 0.043843 0.007541 1.707943
0.948540 0.000034 0.000031 0.000013 0.000001 0.043841 0.007541 1.707947
0.948541 0.000033 0.000030 0.000013 0.000001 0.043842 0.007541 1.707951
0.948541 0.000033 0.000030 0.000011 0.000001 0.043844 0.007541 1.707954
0.948545 0.000034 0.000029 0.000010 0.000001 0.043843 0.007541 1.707955
0.948550 0.000034 0.000028 0.000010 0.000001 0.043838 0.007541 1.707957
0.948550 0.000036 0.000027 0.000010 0.000001 0.043835 0.007541 1.707959
0.948554 0.000036 0.000029 0.000011 0.000001 0.043829 0.007541 1.707961
0.948556 0.000031 0.000032 0.000010 0.000002 0.043828 0.007541 1.707967
0.948558 0.000032 0.000031 0.000011 0.000002 0.043826 0.007541 1.707969
0.948560 0.000033 0.000030 0.000011 0.000001 0.043825 0.007541 1.707971
0.948561 0.000033 0.000031 0.000010 0.000001 0.043824 0.007541 1.707974
0.948565 0.000031 0.000029 0.000009 0.000001 0.043824 0.007541 1.707976
0.948569 0.000028 0.000027 0.000011 0.000001 0.043824 0.007541 1.707979
0.948570 0.000027 0.000029 0.000010 0.000001 0.043823 0.007541 1.707982
0.948572 0.000026 0.000026 0.000011 0.000001 0.043823 0.007541 1.707985
0.948575 0.000026 0.000024 0.000011 0.000001 0.043823 0.007541 1.707987
0.948578 0.000024 0.000026 0.000011 0.000001 0.043819 0.007541 1.707991
0.948582 0.000024 0.000024 0.000010 0.000001 0.043818 0.007541 1.707993
0.948583 0.000023 0.000024 0.000009 0.000001 0.043819 0.007541 1.707995
0.948586 0.000023 0.000023 0.000010 0.000001 0.043816 0.007541 1.707997
0.948587 0.000023 0.000022 0.000010 0.000001 0.043815 0.007541 1.708000
0.948587 0.000023 0.000024 0.000011 0.000001 0.043813 0.007541 1.708003
0.948587 0.000025 0.000023 0.000010 0.000000 0.043814 0.007542 1.708004
0.948590 0.000024 0.000024 0.000011 0.000000 0.043810 0.007542 1.708006
0.948592 0.000024 0.000023 0.000012 0.000000 0.043808 0.007542 1.708009
0.948594 0.000025 0.000022 0.000012 0.000000 0.043805 0.007542 1.708011
0.948597 0.000026 0.000023 0.000013 0.000000 0.043799 0.007542 1.708013
0.948599 0.000027 0.000022 0.000013 0.000000 0.043797 0.007542 1.708015
0.948603 0.000024 0.000024 0.000015 0.000000 0.043793 0.007542 1.708020
0.948606 0.000022 0.000024 0.000014 0.000000 0.043792 0.007542 1.708022
0.948608 0.000022 0.000024 0.000013 0.000000 0.043790 0.007542 1.708025
0.948607 0.000023 0.000025 0.000013 0.000000 0.043790 0.007542 1.708027
0.948608 0.000026 0.000025 0.000013 0.000000 0.043787 0.007542 1.708030
0.948608 0.000029 0.000026 0.000013 0.000000 0.043783 0.007542 1.708032
0.948610 0.000028 0.000027 0.000012 0.000000 0.043782 0.007542 1.708035
0.948611 0.000026 0.000028 0.000014 0.000000 0.043780 0.007542 1.708039
0.948614 0.000027 0.000027 0.000014 0.000000 0.043777 0.007542 1.708041
0.948617 0.000027 0.000027 0.000013 0.000000 0.043776 0.007542 1.708043
0.948612 0.000029 0.000029 0.000014 0.000000 0.043774 0.007542 1.708046
0.948614 0.000030 0.000027 0.000014 0.000000 0.043774 0.007542 1.708048
0.948617 0.000027 0.000027 0.000012 0.000000 0.043776 0.007542 1.708051
0.948616 0.000028 0.000026 0.000012 0.000000 0.043778 0.007542 1.708053
0.948616 0.000025 0.000027 0.000012 0.000000 0.043778 0.007542 1.708057
0.948619 0.000027 0.000027 0.000011 0.000000 0.043775 0.007542 1.708058
0.948619 0.000029 0.000028 0.000011 0.000000 0.043772 0.007542 1.708062
0.948620 0.000028 0.000029 0.000012 0.000000 0.043769 0.007542 1.708066
0.948620 0.000029 0.000029 0.000013 0.000000 0.043768 0.007542 1.708068
0.948621 0.000026 0.000029 0.000013 0.000000 0.043770 0.007542 1.708073
0.948620 0.000029 0.000028 0.000013 0.000000 0.043769 0.007542 1.708074
0.948621 0.000029 0.000027 0.000014 0.000000 0.043768 0.007542 1.708077
0.948623 0.000029 0.000027 0.000014 0.000000 0.043766 0.007542 1.708081
0.948623 0.000029 0.000024 0.000013 0.000000 0.043770 0.007542 1.708082
0.948623 0.000029 0.000026 0.000012 0.000000 0.043770 0.007542 1.708086
0.948624 0.000029 0.000027 0.000011 0.000000 0.043768 0.007542 1.708088
0.948625 0.000030 0.000026 0.000011 0.000000 0.043768 0.007542 1.708090
0.948627 0.000025 0.000029 0.000012 0.000000 0.043767 0.007542 1.708096
0.948628 0.000025 0.000030 0.000010 0.000000 0.043765 0.007542 1.708099
0.948628 0.000026 0.000030 0.000011 0.000000 0.043764 0.007542 1.708102
0.948628 0.000024 0.000033 0.000010 0.000000 0.043763 0.007542 1.708106
0.948627 0.000027 0.000031 0.000008 0.000000 0.043765 0.007542 1.708107
0.948626 0.000027 0.000030 0.000008 0.000000 0.043767 0.007542 1.708109
0.948625 0.000028 0.000030 0.000008 0.000000 0.043767 0.007542 1.708113
0.948626 0.000028 0.000030 0.000008 0.000000 0.043767 0.007542 1.708114
