0.327935 0.063646 0.057480 0.033030 0.002224 0.509418 0.006266 1.663445
0.329286 0.062428 0.057403 0.032940 0.002205 0.509441 0.006299 1.669662
0.330985 0.061019 0.057253 0.032812 0.002204 0.509401 0.006327 1.675729
0.333013 0.059427 0.057044 0.032547 0.002217 0.509402 0.006351 1.681645
0.335220 0.057756 0.056643 0.032356 0.002216 0.509429 0.006380 1.687448
0.337519 0.056227 0.056230 0.031993 0.002210 0.509411 0.006409 1.693019
0.339955 0.054683 0.055862 0.031641 0.002207 0.509220 0.006434 1.698488
0.342497 0.053148 0.055267 0.031270 0.002203 0.509158 0.006458 1.703770
0.345115 0.051877 0.054521 0.030873 0.002191 0.508935 0.006488 1.708773
0.347866 0.050482 0.053870 0.030366 0.002183 0.508718 0.006517 1.713771
0.350599 0.049143 0.053149 0.029953 0.002178 0.508437 0.006541 1.718679
0.353502 0.047860 0.052461 0.029464 0.002178 0.507963 0.006573 1.723415
0.356404 0.046770 0.051707 0.028981 0.002164 0.507366 0.006608 1.727963
0.359208 0.045805 0.050992 0.028531 0.002149 0.506678 0.006637 1.732433
0.362007 0.044694 0.050245 0.028109 0.002129 0.506150 0.006667 1.736901
0.364874 0.043748 0.049521 0.027714 0.002111 0.505334 0.006700 1.741261
0.368027 0.042730 0.048848 0.027212 0.002099 0.504356 0.006727 1.745534
0.370964 0.041953 0.048076 0.026728 0.002067 0.503456 0.006754 1.749657
0.373967 0.041117 0.047252 0.026313 0.002048 0.502519 0.006785 1.753729
0.377043 0.040349 0.046525 0.025891 0.002039 0.501343 0.006810 1.757750
0.380126 0.039752 0.045778 0.025431 0.002032 0.500047 0.006834 1.761621
0.383178 0.039060 0.044982 0.025044 0.002027 0.498853 0.006857 1.765475
0.386247 0.038466 0.044208 0.024649 0.002017 0.497529 0.006884 1.769245
0.389318 0.037844 0.043452 0.024254 0.002000 0.496223 0.006910 1.773001
0.392387 0.037370 0.042764 0.023876 0.001996 0.494680 0.006928 1.776668
0.395432 0.036937 0.042108 0.023470 0.001979 0.493118 0.006955 1.780258
0.398431 0.036573 0.041435 0.023093 0.001954 0.491535 0.006979 1.783797
0.401295 0.036140 0.040812 0.022725 0.001937 0.490086 0.007005 1.787397
0.404309 0.035769 0.040136 0.022368 0.001926 0.488462 0.007032 1.790918
0.407268 0.035330 0.039537 0.022039 0.001909 0.486853 0.007065 1.794411
0.410247 0.035005 0.038907 0.021677 0.001883 0.485192 0.007090 1.797865
0.413304 0.034632 0.038355 0.021237 0.001869 0.483492 0.007111 1.801250
0.416264 0.034366 0.037782 0.020983 0.001848 0.481623 0.007134 1.804636
0.419188 0.034247 0.037193 0.020677 0.001827 0.479711 0.007157 1.807894
0.422049 0.033980 0.036640 0.020469 0.001807 0.477879 0.007176 1.811243
0.424830 0.033900 0.036131 0.020230 0.001792 0.475922 0.007196 1.814521
0.427515 0.033827 0.035640 0.020013 0.001777 0.474010 0.007218 1.817775
0.430279 0.033689 0.035194 0.019769 0.001762 0.472063 0.007244 1.821086
0.433021 0.033560 0.034769 0.019550 0.001744 0.470093 0.007263 1.824382
0.435731 0.033466 0.034410 0.019373 0.001732 0.468004 0.007284 1.827646
0.438502 0.033465 0.034039 0.019130 0.001719 0.465841 0.007303 1.830830
0.441212 0.033361 0.033708 0.018929 0.001701 0.463762 0.007327 1.834083
0.443842 0.033342 0.033309 0.018750 0.001679 0.461729 0.007348 1.837284
0.446375 0.033271 0.032954 0.018628 0.001670 0.459733 0.007369 1.840539
0.448797 0.033277 0.032645 0.018488 0.001633 0.457769 0.007391 1.843752
0.451257 0.033330 0.032355 0.018337 0.001623 0.455690 0.007407 1.846949
0.453695 0.033423 0.032156 0.018189 0.001610 0.453502 0.007425 1.850149
0.455983 0.033430 0.032048 0.018155 0.001577 0.451357 0.007451 1.853462
0.458377 0.033498 0.031827 0.018002 0.001551 0.449273 0.007472 1.856700
0.460691 0.033439 0.031653 0.017949 0.001535 0.447238 0.007494 1.860057
0.463064 0.033522 0.031503 0.017816 0.001531 0.445054 0.007510 1.863317
0.465143 0.033691 0.031356 0.017706 0.001498 0.443071 0.007535 1.866560
0.467195 0.033755 0.031222 0.017617 0.001477 0.441182 0.007553 1.869871
0.469280 0.033959 0.031010 0.017565 0.001460 0.439157 0.007569 1.873131
0.471332 0.034042 0.030910 0.017541 0.001442 0.437145 0.007588 1.876474
0.473355 0.034197 0.030778 0.017425 0.001423 0.435217 0.007605 1.879737
0.475340 0.034282 0.030763 0.017410 0.001417 0.433169 0.007619 1.883137
0.477307 0.034350 0.030723 0.017359 0.001400 0.431224 0.007638 1.886496
0.479167 0.034478 0.030674 0.017359 0.001390 0.429281 0.007650 1.889842
0.481059 0.034592 0.030730 0.017307 0.001378 0.427269 0.007665 1.893260
0.482906 0.034761 0.030657 0.017305 0.001367 0.425319 0.007684 1.896606
0.484473 0.034915 0.030640 0.017350 0.001354 0.423566 0.007703 1.900037
0.486105 0.034977 0.030644 0.017432 0.001340 0.421778 0.007723 1.903538
0.487730 0.035170 0.030536 0.017435 0.001331 0.420055 0.007743 1.906918
0.489357 0.035297 0.030558 0.017431 0.001315 0.418284 0.007759 1.910384
0.490985 0.035394 0.030646 0.017402 0.001307 0.416492 0.007775 1.913877
0.492482 0.035624 0.030671 0.017397 0.001299 0.414741 0.007788 1.917352
0.493966 0.035819 0.030688 0.017443 0.001278 0.413001 0.007806 1.920859
0.495412 0.036017 0.030735 0.017498 0.001261 0.411254 0.007824 1.924369
0.496883 0.036217 0.030720 0.017520 0.001261 0.409561 0.007838 1.927857
0.498295 0.036429 0.030770 0.017562 0.001241 0.407850 0.007853 1.931360
0.499591 0.036505 0.030923 0.017572 0.001233 0.406303 0.007874 1.935010
0.500850 0.036714 0.031055 0.017626 0.001219 0.404650 0.007886 1.938619
0.502058 0.036984 0.031064 0.017663 0.001206 0.403128 0.007898 1.942174
0.503259 0.037133 0.031208 0.017752 0.001203 0.401534 0.007913 1.945799
0.504416 0.037334 0.031288 0.017785 0.001206 0.400048 0.007924 1.949395
0.505469 0.037513 0.031320 0.017785 0.001200 0.398769 0.007943 1.953059
0.506637 0.037586 0.031422 0.017871 0.001205 0.397325 0.007956 1.956797
0.507658 0.037884 0.031521 0.017924 0.001204 0.395839 0.007970 1.960462
0.508674 0.038161 0.031611 0.017915 0.001198 0.394454 0.007986 1.964137
0.509561 0.038361 0.031754 0.018004 0.001200 0.393116 0.008003 1.967927
0.510404 0.038608 0.031903 0.018070 0.001183 0.391814 0.008017 1.971685
0.511359 0.038873 0.032018 0.018187 0.001183 0.390345 0.008035 1.975422
0.512207 0.039060 0.032161 0.018299 0.001188 0.389037 0.008048 1.979249
0.512942 0.039319 0.032256 0.018393 0.001178 0.387847 0.008064 1.983078
0.513615 0.039641 0.032390 0.018399 0.001176 0.386701 0.008078 1.986872
0.514290 0.039856 0.032658 0.018450 0.001169 0.385483 0.008095 1.990788
0.514978 0.040051 0.032813 0.018465 0.001165 0.384419 0.008109 1.994669
0.515715 0.040296 0.032980 0.018537 0.001159 0.383190 0.008124 1.998533
0.516256 0.040517 0.033157 0.018670 0.001145 0.382111 0.008145 2.002554
0.516949 0.040737 0.033262 0.018804 0.001144 0.380944 0.008160 2.006467
0.517512 0.040998 0.033363 0.018921 0.001148 0.379887 0.008172 2.010397
0.518083 0.041232 0.033542 0.018959 0.001138 0.378859 0.008187 2.014352
0.518692 0.041381 0.033754 0.019031 0.001145 0.377794 0.008204 2.018401
0.519245 0.041439 0.033919 0.019177 0.001151 0.376852 0.008216 2.022548
0.519733 0.041647 0.034082 0.019234 0.001146 0.375929 0.008229 2.026573
0.520167 0.041773 0.034215 0.019321 0.001146 0.375135 0.008243 2.030628
0.520566 0.041924 0.034382 0.019374 0.001146 0.374351 0.008257 2.034716
0.521054 0.042041 0.034548 0.019458 0.001153 0.373474 0.008274 2.038809
0.521407 0.042217 0.034800 0.019541 0.001152 0.372593 0.008290 2.042906
0.521907 0.042318 0.034902 0.019676 0.001152 0.371744 0.008302 2.047013
0.522369 0.042383 0.035152 0.019786 0.001156 0.370836 0.008318 2.051214
0.522608 0.042438 0.035420 0.019825 0.001154 0.370220 0.008336 2.055424
0.522878 0.042514 0.035618 0.019938 0.001156 0.369542 0.008355 2.059650
0.523155 0.042622 0.035701 0.019970 0.001158 0.369027 0.008369 2.063816
0.523419 0.042733 0.035866 0.020011 0.001158 0.368430 0.008384 2.068031
0.523606 0.042934 0.035874 0.020070 0.001166 0.367954 0.008396 2.072189
0.523932 0.042965 0.035984 0.020195 0.001167 0.367345 0.008412 2.076414
0.524303 0.043047 0.036131 0.020212 0.001166 0.366715 0.008427 2.080628
0.524571 0.043091 0.036280 0.020293 0.001156 0.366167 0.008442 2.084840
0.524686 0.043254 0.036440 0.020394 0.001159 0.365608 0.008459 2.089115
0.524869 0.043405 0.036560 0.020401 0.001165 0.365130 0.008470 2.093357
0.524989 0.043541 0.036640 0.020448 0.001163 0.364731 0.008489 2.097581
0.525201 0.043569 0.036767 0.020531 0.001153 0.364275 0.008505 2.101879
0.525257 0.043654 0.036961 0.020606 0.001144 0.363854 0.008524 2.106158
0.525454 0.043625 0.037115 0.020666 0.001155 0.363447 0.008540 2.110543
0.525698 0.043636 0.037205 0.020722 0.001164 0.363023 0.008553 2.114861
0.525972 0.043680 0.037250 0.020749 0.001167 0.362619 0.008565 2.119147
0.526183 0.043705 0.037341 0.020832 0.001165 0.362196 0.008578 2.123437
0.526234 0.043793 0.037452 0.020865 0.001172 0.361891 0.008593 2.127753
0.526253 0.043960 0.037480 0.020887 0.001159 0.361652 0.008609 2.132060
0.526383 0.044038 0.037550 0.020937 0.001175 0.361294 0.008624 2.136395
0.526522 0.044037 0.037624 0.021029 0.001187 0.360970 0.008632 2.140738
0.526683 0.044046 0.037684 0.021132 0.001192 0.360620 0.008644 2.145038
0.526774 0.043967 0.037886 0.021235 0.001199 0.360282 0.008657 2.149455
0.526894 0.044128 0.037952 0.021174 0.001191 0.359992 0.008670 2.153661
0.527144 0.044100 0.038006 0.021244 0.001182 0.359641 0.008683 2.157944
0.527424 0.044136 0.038012 0.021276 0.001187 0.359269 0.008699 2.162190
0.527507 0.044138 0.038085 0.021247 0.001185 0.359128 0.008712 2.166489
0.527612 0.044099 0.038157 0.021291 0.001184 0.358927 0.008730 2.170846
0.527758 0.044114 0.038215 0.021295 0.001191 0.358685 0.008742 2.175152
0.527899 0.044016 0.038287 0.021376 0.001198 0.358468 0.008757 2.179501
0.527988 0.044060 0.038312 0.021435 0.001197 0.358236 0.008774 2.183815
0.528069 0.044043 0.038362 0.021431 0.001200 0.358101 0.008794 2.188112
0.528150 0.043974 0.038457 0.021450 0.001209 0.357951 0.008809 2.192486
0.528335 0.043906 0.038564 0.021465 0.001208 0.357696 0.008827 2.196852
0.528518 0.043846 0.038587 0.021507 0.001206 0.357492 0.008843 2.201202
0.528580 0.043990 0.038600 0.021492 0.001218 0.357265 0.008855 2.205449
0.528820 0.043964 0.038571 0.021538 0.001215 0.357023 0.008869 2.209760
0.529027 0.043848 0.038631 0.021547 0.001210 0.356854 0.008884 2.214145
0.529209 0.043792 0.038621 0.021567 0.001201 0.356707 0.008902 2.218395
0.529335 0.043771 0.038635 0.021597 0.001199 0.356549 0.008915 2.222677
0.529524 0.043707 0.038667 0.021661 0.001206 0.356305 0.008930 2.226994
0.529759 0.043724 0.038587 0.021666 0.001201 0.356114 0.008948 2.231219
0.529931 0.043635 0.038537 0.021672 0.001199 0.356063 0.008963 2.235532
0.530177 0.043518 0.038612 0.021628 0.001215 0.355876 0.008974 2.239826
0.530438 0.043548 0.038668 0.021505 0.001206 0.355645 0.008991 2.244037
0.530651 0.043534 0.038656 0.021492 0.001207 0.355453 0.009008 2.248294
0.530785 0.043582 0.038586 0.021429 0.001206 0.355393 0.009021 2.252503
0.531031 0.043411 0.038568 0.021532 0.001199 0.355227 0.009034 2.256814
0.531314 0.043310 0.038531 0.021541 0.001197 0.355060 0.009047 2.261064
0.531645 0.043218 0.038531 0.021538 0.001200 0.354808 0.009060 2.265332
0.531881 0.043187 0.038493 0.021561 0.001216 0.354595 0.009068 2.269636
0.532091 0.043074 0.038470 0.021553 0.001220 0.354509 0.009083 2.273885
0.532287 0.043012 0.038461 0.021526 0.001217 0.354401 0.009098 2.278105
0.532502 0.042979 0.038441 0.021478 0.001218 0.354267 0.009116 2.282323
0.532679 0.043036 0.038449 0.021407 0.001226 0.354072 0.009131 2.286502
0.532935 0.042995 0.038386 0.021395 0.001222 0.353920 0.009149 2.290671
0.533174 0.042978 0.038376 0.021410 0.001215 0.353684 0.009164 2.294908
0.533437 0.043023 0.038333 0.021329 0.001208 0.353491 0.009180 2.299053
0.533712 0.043010 0.038227 0.021279 0.001203 0.353370 0.009198 2.303207
0.533946 0.042981 0.038234 0.021271 0.001203 0.353153 0.009213 2.307436
0.534068 0.042978 0.038169 0.021188 0.001208 0.353160 0.009228 2.311616
0.534333 0.042928 0.038162 0.021212 0.001206 0.352918 0.009240 2.315816
0.534493 0.042966 0.038097 0.021212 0.001220 0.352759 0.009252 2.320000
0.534697 0.042926 0.038045 0.021188 0.001223 0.352660 0.009262 2.324225
0.534970 0.042870 0.038020 0.021177 0.001226 0.352466 0.009272 2.328428
0.535002 0.042881 0.037978 0.021173 0.001231 0.352451 0.009283 2.332642
0.535175 0.042902 0.037939 0.021138 0.001235 0.352319 0.009293 2.336775
0.535510 0.042788 0.037962 0.021155 0.001230 0.352042 0.009314 2.340986
0.535710 0.042715 0.037985 0.021160 0.001226 0.351869 0.009336 2.345213
0.536006 0.042589 0.038075 0.021142 0.001228 0.351611 0.009350 2.349445
0.536212 0.042548 0.038023 0.021104 0.001243 0.351508 0.009363 2.353648
0.536402 0.042698 0.037926 0.021034 0.001247 0.351314 0.009380 2.357706
0.536733 0.042541 0.037965 0.021037 0.001237 0.351088 0.009399 2.361929
0.537094 0.042414 0.037956 0.021034 0.001231 0.350860 0.009412 2.366119
0.537429 0.042343 0.037936 0.020968 0.001234 0.350662 0.009428 2.370262
0.537710 0.042279 0.037901 0.020972 0.001231 0.350467 0.009440 2.374437
0.537937 0.042298 0.037841 0.020914 0.001230 0.350330 0.009451 2.378542
0.538204 0.042222 0.037820 0.020925 0.001225 0.350138 0.009467 2.382688
0.538361 0.042320 0.037760 0.020894 0.001223 0.349961 0.009482 2.386760
0.538652 0.042265 0.037679 0.020902 0.001213 0.349794 0.009497 2.390900
0.538829 0.042255 0.037681 0.020899 0.001206 0.349619 0.009511 2.395053
0.538943 0.042308 0.037652 0.020931 0.001212 0.349426 0.009528 2.399163
0.539096 0.042326 0.037606 0.020915 0.001208 0.349302 0.009548 2.403285
0.539507 0.042157 0.037633 0.020909 0.001216 0.349019 0.009560 2.407457
0.539695 0.042244 0.037579 0.020887 0.001228 0.348793 0.009574 2.411553
0.539958 0.042241 0.037556 0.020897 0.001222 0.348533 0.009594 2.415622
0.540195 0.042136 0.037550 0.020921 0.001222 0.348370 0.009606 2.419781
0.540523 0.042032 0.037563 0.020906 0.001233 0.348129 0.009615 2.423938
0.540697 0.042046 0.037551 0.020931 0.001226 0.347917 0.009633 2.428061
0.540939 0.042049 0.037584 0.020867 0.001240 0.347677 0.009644 2.432200
0.541289 0.041986 0.037508 0.020836 0.001253 0.347465 0.009664 2.436301
0.541447 0.041997 0.037475 0.020834 0.001250 0.347322 0.009675 2.440424
0.541651 0.041972 0.037384 0.020834 0.001256 0.347212 0.009691 2.444561
0.541933 0.041940 0.037353 0.020751 0.001250 0.347066 0.009707 2.448690
0.542191 0.041954 0.037279 0.020774 0.001252 0.346832 0.009720 2.452758
0.542299 0.042026 0.037246 0.020706 0.001252 0.346736 0.009735 2.456820
0.542525 0.042042 0.037209 0.020708 0.001255 0.346513 0.009748 2.460918
0.542727 0.042046 0.037169 0.020756 0.001255 0.346282 0.009765 2.465065
0.542948 0.042074 0.037087 0.020740 0.001259 0.346113 0.009779 2.469139
0.543174 0.042105 0.037129 0.020754 0.001258 0.345787 0.009793 2.473259
0.543435 0.041989 0.037071 0.020804 0.001246 0.345650 0.009806 2.477359
0.543593 0.041939 0.037067 0.020805 0.001239 0.345538 0.009821 2.481492
0.543850 0.041934 0.037082 0.020787 0.001245 0.345266 0.009836 2.485574
0.544080 0.041794 0.037105 0.020743 0.001236 0.345190 0.009852 2.489743
0.544308 0.041793 0.037106 0.020687 0.001241 0.344994 0.009871 2.493819
0.544456 0.041848 0.037086 0.020683 0.001232 0.344809 0.009886 2.497945
0.544657 0.041820 0.037105 0.020616 0.001235 0.344662 0.009904 2.502053
0.544866 0.041766 0.037090 0.020673 0.001237 0.344446 0.009921 2.506182
0.545028 0.041788 0.037011 0.020655 0.001241 0.344341 0.009936 2.510218
0.545190 0.041694 0.037026 0.020621 0.001240 0.344278 0.009952 2.514371
0.545334 0.041705 0.037037 0.020668 0.001229 0.344056 0.009971 2.518494
0.545557 0.041751 0.037003 0.020662 0.001234 0.343809 0.009984 2.522580
0.545871 0.041629 0.036921 0.020692 0.001220 0.343665 0.010003 2.526705
0.546044 0.041698 0.036810 0.020688 0.001234 0.343512 0.010015 2.530743
0.546216 0.041717 0.036786 0.020643 0.001239 0.343368 0.010032 2.534872
0.546429 0.041761 0.036757 0.020628 0.001242 0.343142 0.010043 2.538896
0.546578 0.041872 0.036738 0.020594 0.001232 0.342928 0.010058 2.542968
0.546661 0.041870 0.036737 0.020619 0.001244 0.342793 0.010075 2.547109
0.546809 0.041874 0.036797 0.020568 0.001234 0.342624 0.010093 2.551206
0.546949 0.041980 0.036751 0.020525 0.001241 0.342448 0.010106 2.555238
0.547060 0.041958 0.036787 0.020503 0.001233 0.342341 0.010119 2.559364
0.547257 0.041962 0.036790 0.020533 0.001244 0.342082 0.010133 2.563513
0.547284 0.042027 0.036770 0.020542 0.001242 0.341986 0.010149 2.567646
0.547535 0.041928 0.036788 0.020576 0.001231 0.341778 0.010164 2.571765
0.547828 0.042028 0.036760 0.020591 0.001223 0.341388 0.010182 2.575790
0.547930 0.042081 0.036897 0.020506 0.001237 0.341155 0.010194 2.579920
0.548082 0.042111 0.036925 0.020495 0.001237 0.340939 0.010210 2.584029
0.548042 0.042249 0.036876 0.020520 0.001224 0.340859 0.010230 2.588124
0.548135 0.042281 0.036891 0.020546 0.001217 0.340682 0.010247 2.592267
0.548239 0.042415 0.036918 0.020520 0.001208 0.340437 0.010264 2.596331
0.548265 0.042349 0.037074 0.020552 0.001214 0.340268 0.010279 2.600594
0.548393 0.042343 0.037079 0.020560 0.001218 0.340112 0.010295 2.604757
0.548490 0.042355 0.037088 0.020581 0.001214 0.339962 0.010309 2.608944
0.548462 0.042507 0.037095 0.020494 0.001219 0.339898 0.010326 2.612993
0.548402 0.042599 0.037102 0.020523 0.001219 0.339814 0.010341 2.617131
0.548465 0.042692 0.037120 0.020491 0.001208 0.339664 0.010361 2.621261
0.548607 0.042677 0.037170 0.020499 0.001210 0.339459 0.010378 2.625430
0.548594 0.042746 0.037132 0.020542 0.001207 0.339384 0.010395 2.629536
0.548691 0.042717 0.037245 0.020545 0.001202 0.339190 0.010411 2.633758
0.548672 0.042813 0.037288 0.020527 0.001194 0.339079 0.010427 2.637908
0.548721 0.042792 0.037271 0.020560 0.001195 0.339021 0.010441 2.642109
0.548711 0.042811 0.037321 0.020583 0.001192 0.338926 0.010457 2.646309
0.548682 0.042913 0.037368 0.020593 0.001198 0.338776 0.010471 2.650460
0.548695 0.042946 0.037387 0.020646 0.001200 0.338640 0.010485 2.654645
0.548660 0.043029 0.037372 0.020634 0.001206 0.338597 0.010502 2.658768
0.548749 0.042967 0.037409 0.020728 0.001216 0.338417 0.010515 2.663044
0.548864 0.042901 0.037471 0.020759 0.001213 0.338260 0.010533 2.667308
0.548856 0.042942 0.037514 0.020757 0.001222 0.338165 0.010545 2.671496
0.548976 0.042875 0.037489 0.020786 0.001204 0.338108 0.010562 2.675668
0.549064 0.042841 0.037514 0.020750 0.001208 0.338049 0.010574 2.679839
0.549117 0.042772 0.037644 0.020856 0.001203 0.337815 0.010592 2.684116
0.549201 0.042589 0.037723 0.020844 0.001206 0.337828 0.010609 2.688363
0.549167 0.042683 0.037716 0.020841 0.001211 0.337759 0.010625 2.692535
0.549196 0.042645 0.037713 0.020875 0.001211 0.337717 0.010642 2.696728
0.549324 0.042573 0.037692 0.020885 0.001224 0.337647 0.010655 2.700923
0.549363 0.042587 0.037632 0.020869 0.001226 0.337657 0.010667 2.705069
0.549436 0.042619 0.037510 0.020885 0.001224 0.337643 0.010684 2.709208
0.549476 0.042671 0.037461 0.020887 0.001214 0.337592 0.010698 2.713356
0.549506 0.042700 0.037482 0.020886 0.001212 0.337499 0.010716 2.717554
0.549478 0.042661 0.037512 0.020944 0.001216 0.337460 0.010729 2.721788
0.549596 0.042612 0.037577 0.020945 0.001223 0.337307 0.010739 2.726030
0.549642 0.042621 0.037491 0.020955 0.001222 0.337312 0.010758 2.730162
0.549661 0.042609 0.037423 0.020971 0.001221 0.337345 0.010770 2.734336
0.549638 0.042656 0.037339 0.020983 0.001225 0.337375 0.010784 2.738452
0.549671 0.042637 0.037308 0.020992 0.001230 0.337366 0.010798 2.742641
0.549769 0.042599 0.037347 0.021017 0.001230 0.337229 0.010810 2.746826
0.549737 0.042601 0.037363 0.021043 0.001220 0.337209 0.010828 2.751039
0.549774 0.042588 0.037364 0.021035 0.001221 0.337173 0.010845 2.755182
0.549709 0.042716 0.037327 0.021094 0.001222 0.337070 0.010861 2.759321
0.549805 0.042768 0.037367 0.021002 0.001228 0.336960 0.010871 2.763463
0.549786 0.042782 0.037380 0.021011 0.001223 0.336932 0.010886 2.767659
0.549711 0.042763 0.037475 0.020970 0.001224 0.336959 0.010899 2.771904
0.549809 0.042734 0.037449 0.020968 0.001225 0.336902 0.010915 2.776073
0.549814 0.042753 0.037387 0.020948 0.001218 0.336950 0.010929 2.780198
0.549897 0.042713 0.037418 0.020972 0.001210 0.336844 0.010947 2.784431
0.549940 0.042732 0.037406 0.020966 0.001210 0.336785 0.010961 2.788552
0.550042 0.042740 0.037423 0.020922 0.001214 0.336684 0.010976 2.792703
0.550028 0.042613 0.037552 0.020962 0.001212 0.336641 0.010992 2.797008
0.550095 0.042490 0.037602 0.021000 0.001213 0.336591 0.011009 2.801271
0.550096 0.042545 0.037600 0.021013 0.001219 0.336505 0.011022 2.805429
0.550181 0.042574 0.037637 0.020999 0.001228 0.336348 0.011034 2.809558
0.550321 0.042510 0.037622 0.020970 0.001227 0.336300 0.011050 2.813718
0.550271 0.042557 0.037601 0.020932 0.001240 0.336337 0.011062 2.817883
0.550149 0.042634 0.037524 0.020911 0.001244 0.336462 0.011074 2.822054
0.550329 0.042433 0.037576 0.020987 0.001237 0.336350 0.011088 2.826320
0.550380 0.042409 0.037501 0.020952 0.001239 0.336418 0.011102 2.830491
0.550479 0.042354 0.037563 0.020942 0.001239 0.336311 0.011113 2.834672
0.550482 0.042358 0.037553 0.020913 0.001255 0.336314 0.011125 2.838841
0.550605 0.042164 0.037622 0.020954 0.001245 0.336264 0.011146 2.843109
0.550798 0.042097 0.037573 0.020985 0.001243 0.336141 0.011163 2.847278
0.550871 0.042267 0.037544 0.020883 0.001231 0.336021 0.011183 2.851352
0.550896 0.042374 0.037594 0.020876 0.001222 0.335838 0.011199 2.855462
0.550942 0.042457 0.037588 0.020803 0.001221 0.335780 0.011210 2.859599
0.550901 0.042473 0.037558 0.020767 0.001214 0.335853 0.011235 2.863794
0.551017 0.042510 0.037549 0.020734 0.001211 0.335733 0.011247 2.867913
0.551098 0.042529 0.037536 0.020729 0.001199 0.335647 0.011263 2.872018
0.551075 0.042558 0.037507 0.020772 0.001206 0.335607 0.011276 2.876220
0.550990 0.042581 0.037636 0.020778 0.001206 0.335521 0.011288 2.880396
0.551071 0.042595 0.037565 0.020697 0.001208 0.335558 0.011307 2.884502
0.551131 0.042446 0.037628 0.020816 0.001212 0.335446 0.011321 2.888781
0.551032 0.042544 0.037601 0.020769 0.001209 0.335512 0.011333 2.892886
0.550973 0.042659 0.037561 0.020737 0.001207 0.335510 0.011355 2.897021
0.550910 0.042640 0.037717 0.020766 0.001195 0.335404 0.011369 2.901259
0.550963 0.042605 0.037782 0.020780 0.001196 0.335294 0.011380 2.905479
0.550892 0.042682 0.037728 0.020772 0.001192 0.335340 0.011394 2.909598
0.550824 0.042673 0.037743 0.020755 0.001190 0.335404 0.011410 2.913805
0.550732 0.042663 0.037891 0.020697 0.001195 0.335400 0.011421 2.918067
0.550814 0.042694 0.037915 0.020672 0.001195 0.335281 0.011430 2.922227
0.550825 0.042642 0.037965 0.020688 0.001196 0.335241 0.011444 2.926451
0.550717 0.042777 0.037881 0.020699 0.001185 0.335281 0.011461 2.930554
0.550756 0.042748 0.037911 0.020681 0.001186 0.335244 0.011475 2.934770
0.550829 0.042715 0.037915 0.020703 0.001184 0.335168 0.011487 2.938968
0.550723 0.042793 0.037944 0.020668 0.001178 0.335189 0.011504 2.943157
0.550673 0.042793 0.037847 0.020756 0.001182 0.335231 0.011518 2.947377
0.550620 0.042828 0.037791 0.020798 0.001180 0.335251 0.011532 2.951589
0.550699 0.042807 0.037745 0.020825 0.001197 0.335180 0.011549 2.955774
0.550784 0.042711 0.037866 0.020886 0.001188 0.335001 0.011566 2.959994
0.550804 0.042662 0.037857 0.020912 0.001206 0.334987 0.011574 2.964223
0.550765 0.042700 0.037900 0.020883 0.001221 0.334945 0.011585 2.968391
0.550862 0.042727 0.037809 0.020906 0.001215 0.334884 0.011597 2.972521
0.550867 0.042856 0.037744 0.020876 0.001222 0.334828 0.011608 2.976597
0.550866 0.042861 0.037720 0.020891 0.001232 0.334809 0.011621 2.980809
0.550792 0.042893 0.037813 0.020930 0.001233 0.334698 0.011639 2.985017
0.550906 0.042765 0.037829 0.020905 0.001226 0.334712 0.011657 2.989237
0.550889 0.042773 0.037830 0.020858 0.001218 0.334759 0.011674 2.993422
0.550852 0.042782 0.037787 0.020790 0.001216 0.334883 0.011691 2.997605
0.550828 0.042808 0.037747 0.020776 0.001211 0.334921 0.011708 3.001797
0.550776 0.042768 0.037762 0.020781 0.001220 0.334974 0.011719 3.006009
0.550748 0.042777 0.037718 0.020805 0.001220 0.334997 0.011736 3.010198
0.550779 0.042740 0.037796 0.020829 0.001232 0.334884 0.011741 3.014414
0.550819 0.042806 0.037787 0.020761 0.001233 0.334837 0.011758 3.018540
0.550849 0.042814 0.037864 0.020710 0.001236 0.334755 0.011773 3.022735
0.550840 0.042843 0.037898 0.020726 0.001232 0.334674 0.011788 3.026914
0.550777 0.042853 0.037864 0.020763 0.001233 0.334706 0.011804 3.031062
0.550725 0.042722 0.037971 0.020837 0.001241 0.334690 0.011814 3.035367
0.550706 0.042810 0.038035 0.020787 0.001240 0.334594 0.011828 3.039484
0.550819 0.042744 0.037992 0.020775 0.001252 0.334577 0.011842 3.043646
0.550865 0.042729 0.037992 0.020798 0.001247 0.334513 0.011857 3.047879
0.550889 0.042670 0.037955 0.020747 0.001239 0.334628 0.011874 3.052062
0.550935 0.042608 0.037912 0.020753 0.001245 0.334655 0.011893 3.056245
0.551001 0.042557 0.037908 0.020785 0.001244 0.334599 0.011906 3.060441
0.551070 0.042544 0.037947 0.020734 0.001247 0.334538 0.011920 3.064585
0.551103 0.042558 0.037976 0.020692 0.001241 0.334491 0.011939 3.068760
0.551048 0.042517 0.038012 0.020693 0.001239 0.334535 0.011957 3.072948
0.551005 0.042537 0.038008 0.020712 0.001242 0.334527 0.011969 3.077130
0.551173 0.042446 0.037946 0.020759 0.001233 0.334461 0.011983 3.081254
0.551195 0.042430 0.037879 0.020792 0.001225 0.334477 0.012003 3.085406
0.551265 0.042426 0.037838 0.020818 0.001236 0.334396 0.012021 3.089563
0.551309 0.042427 0.037746 0.020822 0.001243 0.334417 0.012037 3.093709
0.551359 0.042399 0.037720 0.020812 0.001249 0.334405 0.012057 3.097878
0.551459 0.042355 0.037743 0.020820 0.001250 0.334303 0.012069 3.102040
0.551541 0.042319 0.037762 0.020801 0.001254 0.334245 0.012080 3.106235
0.551613 0.042269 0.037766 0.020768 0.001242 0.334246 0.012096 3.110395
0.551681 0.042246 0.037700 0.020780 0.001234 0.334245 0.012115 3.114526
0.551607 0.042228 0.037645 0.020785 0.001244 0.334361 0.012132 3.118700
0.551747 0.042127 0.037588 0.020773 0.001246 0.334372 0.012147 3.122784
0.551785 0.042017 0.037651 0.020791 0.001247 0.334345 0.012164 3.127042
0.551775 0.042064 0.037681 0.020804 0.001245 0.334255 0.012175 3.131211
0.551851 0.042046 0.037653 0.020824 0.001235 0.334203 0.012187 3.135345
0.551761 0.042104 0.037623 0.020822 0.001238 0.334251 0.012201 3.139483
0.551733 0.042059 0.037615 0.020881 0.001243 0.334253 0.012217 3.143699
0.551762 0.041967 0.037707 0.020952 0.001241 0.334142 0.012231 3.147919
0.551908 0.041918 0.037633 0.020923 0.001241 0.334135 0.012243 3.152055
0.551983 0.041958 0.037665 0.020912 0.001248 0.333977 0.012257 3.156142
0.552053 0.041936 0.037627 0.020881 0.001244 0.333987 0.012272 3.160303
0.552186 0.041932 0.037610 0.020877 0.001239 0.333872 0.012283 3.164430
0.552214 0.041899 0.037636 0.020853 0.001245 0.333858 0.012295 3.168566
0.552314 0.041883 0.037606 0.020888 0.001243 0.333759 0.012308 3.172736
0.552456 0.041850 0.037588 0.020864 0.001231 0.333687 0.012325 3.176829
0.552512 0.041855 0.037612 0.020845 0.001244 0.333595 0.012337 3.180962
0.552520 0.041911 0.037657 0.020746 0.001249 0.333565 0.012353 3.185066
0.552503 0.041906 0.037689 0.020803 0.001251 0.333482 0.012368 3.189265
0.552535 0.041848 0.037648 0.020780 0.001243 0.333563 0.012384 3.193429
0.552579 0.041844 0.037630 0.020772 0.001245 0.333537 0.012393 3.197534
0.552642 0.041962 0.037500 0.020716 0.001252 0.333522 0.012407 3.201607
0.552568 0.042110 0.037424 0.020681 0.001248 0.333549 0.012422 3.205655
0.552542 0.042189 0.037337 0.020674 0.001246 0.333571 0.012440 3.209774
0.552533 0.042079 0.037405 0.020661 0.001249 0.333624 0.012450 3.213984
0.552494 0.042152 0.037414 0.020671 0.001245 0.333557 0.012466 3.218093
0.552536 0.042215 0.037373 0.020618 0.001247 0.333527 0.012484 3.222178
0.552531 0.042210 0.037356 0.020675 0.001244 0.333485 0.012499 3.226348
0.552525 0.042272 0.037355 0.020737 0.001228 0.333366 0.012518 3.230482
0.552424 0.042281 0.037413 0.020715 0.001222 0.333418 0.012528 3.234656
0.552398 0.042252 0.037399 0.020781 0.001217 0.333412 0.012542 3.238867
0.552403 0.042312 0.037406 0.020729 0.001227 0.333371 0.012553 3.242993
0.552390 0.042366 0.037368 0.020758 0.001229 0.333322 0.012567 3.247155
0.552280 0.042526 0.037387 0.020687 0.001238 0.333303 0.012579 3.251247
0.552208 0.042507 0.037428 0.020724 0.001245 0.333297 0.012591 3.255407
0.552186 0.042432 0.037418 0.020738 0.001236 0.333386 0.012606 3.259601
0.552178 0.042382 0.037452 0.020719 0.001226 0.333417 0.012627 3.263759
0.552152 0.042348 0.037401 0.020747 0.001214 0.333494 0.012645 3.267972
0.552056 0.042351 0.037475 0.020734 0.001196 0.333525 0.012664 3.272123
0.552097 0.042387 0.037406 0.020698 0.001208 0.333526 0.012677 3.276236
0.552025 0.042418 0.037417 0.020698 0.001211 0.333541 0.012690 3.280365
0.552061 0.042380 0.037381 0.020664 0.001201 0.333611 0.012702 3.284495
0.552017 0.042477 0.037324 0.020635 0.001202 0.333631 0.012714 3.288590
0.552058 0.042475 0.037312 0.020628 0.001192 0.333608 0.012729 3.292661
0.552056 0.042500 0.037280 0.020536 0.001193 0.333691 0.012745 3.296774
0.551954 0.042606 0.037296 0.020518 0.001196 0.333662 0.012766 3.300913
0.552005 0.042619 0.037331 0.020543 0.001186 0.333534 0.012781 3.305059
0.552036 0.042636 0.037298 0.020571 0.001193 0.333471 0.012795 3.309220
0.552037 0.042632 0.037355 0.020598 0.001193 0.333381 0.012805 3.313401
0.551982 0.042673 0.037298 0.020609 0.001192 0.333429 0.012819 3.317494
0.552082 0.042740 0.037309 0.020585 0.001189 0.333266 0.012830 3.321589
0.552047 0.042751 0.037321 0.020628 0.001180 0.333227 0.012847 3.325775
0.552025 0.042729 0.037377 0.020652 0.001175 0.333182 0.012861 3.330002
0.552032 0.042750 0.037409 0.020679 0.001173 0.333083 0.012875 3.334163
0.552001 0.042787 0.037338 0.020693 0.001190 0.333105 0.012886 3.338272
0.551988 0.042765 0.037350 0.020739 0.001197 0.333066 0.012896 3.342499
0.551988 0.042812 0.037336 0.020730 0.001193 0.333029 0.012911 3.346655
0.551947 0.042818 0.037348 0.020699 0.001197 0.333059 0.012930 3.350809
0.551992 0.042783 0.037363 0.020779 0.001204 0.332937 0.012941 3.354968
0.551963 0.042847 0.037261 0.020795 0.001213 0.332967 0.012954 3.359107
0.552041 0.042759 0.037257 0.020803 0.001218 0.332955 0.012967 3.363272
0.552058 0.042583 0.037329 0.020826 0.001218 0.333003 0.012982 3.367509
0.552119 0.042619 0.037338 0.020767 0.001218 0.332943 0.012996 3.371613
0.552186 0.042647 0.037352 0.020745 0.001231 0.332832 0.013007 3.375766
0.552246 0.042560 0.037377 0.020725 0.001217 0.332849 0.013026 3.379921
0.552248 0.042634 0.037353 0.020634 0.001214 0.332873 0.013043 3.383979
0.552253 0.042589 0.037455 0.020658 0.001202 0.332782 0.013061 3.388194
0.552322 0.042569 0.037453 0.020656 0.001216 0.332706 0.013077 3.392376
0.552353 0.042591 0.037460 0.020601 0.001201 0.332702 0.013092 3.396516
0.552315 0.042684 0.037512 0.020536 0.001202 0.332645 0.013107 3.400617
0.552301 0.042692 0.037477 0.020629 0.001199 0.332581 0.013121 3.404834
0.552378 0.042575 0.037510 0.020708 0.001177 0.332514 0.013138 3.409052
0.552251 0.042572 0.037552 0.020734 0.001181 0.332560 0.013151 3.413336
0.552239 0.042556 0.037528 0.020764 0.001185 0.332566 0.013162 3.417508
0.552195 0.042543 0.037507 0.020776 0.001174 0.332624 0.013181 3.421687
0.552192 0.042514 0.037570 0.020738 0.001178 0.332613 0.013194 3.425850
0.552156 0.042574 0.037583 0.020700 0.001166 0.332611 0.013210 3.430000
0.552134 0.042549 0.037629 0.020715 0.001164 0.332588 0.013222 3.434240
0.552172 0.042600 0.037559 0.020698 0.001167 0.332567 0.013237 3.438330
0.552088 0.042741 0.037538 0.020645 0.001170 0.332570 0.013249 3.442417
0.552002 0.042676 0.037598 0.020702 0.001183 0.332572 0.013266 3.446674
0.552012 0.042665 0.037547 0.020684 0.001185 0.332623 0.013285 3.450838
0.552001 0.042687 0.037571 0.020707 0.001181 0.332554 0.013299 3.454988
0.552006 0.042683 0.037529 0.020711 0.001192 0.332568 0.013310 3.459156
0.551913 0.042754 0.037507 0.020653 0.001197 0.332650 0.013325 3.463292
0.551867 0.042806 0.037474 0.020596 0.001200 0.332716 0.013340 3.467430
0.551898 0.042676 0.037556 0.020631 0.001207 0.332677 0.013354 3.471724
0.551943 0.042578 0.037615 0.020695 0.001203 0.332598 0.013369 3.475922
0.551887 0.042652 0.037535 0.020756 0.001190 0.332591 0.013389 3.480052
0.551857 0.042661 0.037635 0.020740 0.001197 0.332506 0.013405 3.484261
0.551781 0.042640 0.037657 0.020786 0.001181 0.332534 0.013420 3.488457
0.551751 0.042544 0.037751 0.020789 0.001180 0.332543 0.013444 3.492704
0.551796 0.042470 0.037754 0.020779 0.001181 0.332561 0.013460 3.496895
0.551817 0.042509 0.037698 0.020752 0.001182 0.332567 0.013475 3.500987
0.551774 0.042543 0.037698 0.020779 0.001178 0.332539 0.013490 3.505165
0.551762 0.042636 0.037646 0.020801 0.001175 0.332477 0.013503 3.509269
0.551625 0.042671 0.037683 0.020772 0.001185 0.332547 0.013517 3.513473
0.551674 0.042599 0.037749 0.020773 0.001191 0.332485 0.013529 3.517736
0.551650 0.042579 0.037731 0.020762 0.001191 0.332543 0.013543 3.521932
0.551648 0.042567 0.037665 0.020810 0.001186 0.332570 0.013555 3.526118
0.551717 0.042611 0.037565 0.020771 0.001181 0.332588 0.013567 3.530197
0.551712 0.042563 0.037562 0.020754 0.001183 0.332647 0.013579 3.534422
0.551730 0.042463 0.037597 0.020805 0.001186 0.332628 0.013592 3.538665
0.551742 0.042416 0.037582 0.020785 0.001189 0.332680 0.013606 3.542805
0.551749 0.042431 0.037562 0.020801 0.001182 0.332651 0.013626 3.546971
0.551712 0.042390 0.037598 0.020807 0.001192 0.332663 0.013637 3.551140
0.551700 0.042397 0.037600 0.020775 0.001187 0.332689 0.013653 3.555304
0.551564 0.042464 0.037583 0.020716 0.001181 0.332821 0.013670 3.559435
0.551509 0.042472 0.037700 0.020757 0.001179 0.332699 0.013685 3.563678
0.551534 0.042472 0.037770 0.020712 0.001183 0.332631 0.013698 3.567805
0.551385 0.042561 0.037828 0.020690 0.001199 0.332627 0.013710 3.571977
0.551381 0.042628 0.037825 0.020666 0.001186 0.332588 0.013725 3.576075
0.551333 0.042587 0.037778 0.020687 0.001182 0.332692 0.013741 3.580238
0.551299 0.042557 0.037717 0.020755 0.001173 0.332741 0.013759 3.584365
0.551178 0.042618 0.037747 0.020761 0.001177 0.332744 0.013776 3.588541
0.551336 0.042583 0.037696 0.020732 0.001189 0.332678 0.013787 3.592688
0.551332 0.042607 0.037595 0.020753 0.001186 0.332725 0.013802 3.596801
0.551217 0.042672 0.037586 0.020713 0.001182 0.332813 0.013817 3.600905
0.551237 0.042687 0.037593 0.020777 0.001185 0.332689 0.013831 3.605075
0.551261 0.042664 0.037646 0.020760 0.001194 0.332631 0.013843 3.609254
0.551260 0.042628 0.037618 0.020751 0.001187 0.332699 0.013858 3.613419
0.551339 0.042467 0.037657 0.020799 0.001191 0.332679 0.013870 3.617638
0.551345 0.042388 0.037707 0.020862 0.001185 0.332626 0.013887 3.621905
0.551438 0.042275 0.037738 0.020883 0.001200 0.332562 0.013904 3.626122
0.551557 0.042119 0.037686 0.020866 0.001200 0.332653 0.013918 3.630300
0.551658 0.042050 0.037696 0.020871 0.001201 0.332591 0.013933 3.634401
0.551679 0.042054 0.037717 0.020848 0.001200 0.332553 0.013950 3.638519
0.551721 0.042072 0.037626 0.020875 0.001203 0.332540 0.013961 3.642637
0.551730 0.042000 0.037641 0.020869 0.001208 0.332578 0.013973 3.646807
0.551772 0.042009 0.037519 0.020890 0.001197 0.332622 0.013990 3.650909
0.551713 0.042003 0.037501 0.020946 0.001196 0.332633 0.014008 3.655096
0.551668 0.041995 0.037543 0.020857 0.001202 0.332712 0.014023 3.659228
0.551600 0.041975 0.037475 0.020891 0.001206 0.332818 0.014035 3.663336
0.551642 0.042016 0.037419 0.020838 0.001214 0.332828 0.014044 3.667401
0.551620 0.042067 0.037359 0.020813 0.001221 0.332863 0.014058 3.671502
0.551756 0.042007 0.037332 0.020786 0.001220 0.332827 0.014073 3.675640
0.551802 0.042010 0.037284 0.020803 0.001222 0.332789 0.014090 3.679734
0.551923 0.042062 0.037294 0.020711 0.001219 0.332683 0.014108 3.683791
0.552039 0.042031 0.037306 0.020742 0.001208 0.332551 0.014124 3.687901
0.552071 0.042039 0.037351 0.020682 0.001209 0.332515 0.014134 3.692014
0.552075 0.042065 0.037360 0.020681 0.001210 0.332460 0.014150 3.696133
0.552167 0.042147 0.037296 0.020685 0.001205 0.332334 0.014167 3.700192
0.552137 0.042179 0.037247 0.020736 0.001205 0.332315 0.014183 3.704312
0.552105 0.042240 0.037241 0.020717 0.001207 0.332291 0.014200 3.708477
0.552237 0.042182 0.037292 0.020770 0.001214 0.332088 0.014217 3.712642
0.552151 0.042199 0.037278 0.020852 0.001213 0.332072 0.014236 3.716824
0.552145 0.042271 0.037249 0.020788 0.001223 0.332076 0.014247 3.720935
0.552177 0.042345 0.037194 0.020757 0.001216 0.332048 0.014261 3.725023
0.552351 0.042307 0.037172 0.020680 0.001222 0.331992 0.014275 3.729135
0.552441 0.042288 0.037178 0.020733 0.001210 0.331858 0.014294 3.733269
0.552557 0.042298 0.037091 0.020754 0.001201 0.331792 0.014308 3.737369
0.552609 0.042283 0.037097 0.020810 0.001207 0.331674 0.014319 3.741511
0.552664 0.042209 0.037189 0.020779 0.001205 0.331624 0.014332 3.745720
0.552663 0.042168 0.037212 0.020758 0.001205 0.331648 0.014346 3.749853
0.552676 0.042250 0.037192 0.020773 0.001203 0.331548 0.014359 3.753906
0.552761 0.042215 0.037173 0.020823 0.001198 0.331461 0.014370 3.758035
0.552710 0.042287 0.037154 0.020739 0.001190 0.331534 0.014387 3.762091
0.552739 0.042218 0.037252 0.020793 0.001195 0.331398 0.014406 3.766268
0.552681 0.042207 0.037304 0.020796 0.001187 0.331409 0.014418 3.770484
0.552680 0.042213 0.037367 0.020781 0.001184 0.331343 0.014433 3.774645
0.552657 0.042257 0.037312 0.020742 0.001188 0.331397 0.014449 3.778772
0.552663 0.042229 0.037386 0.020743 0.001187 0.331328 0.014464 3.782977
0.552729 0.042167 0.037352 0.020756 0.001183 0.331334 0.014480 3.787097
0.552735 0.042120 0.037392 0.020765 0.001186 0.331306 0.014496 3.791289
0.552725 0.042177 0.037411 0.020747 0.001184 0.331245 0.014511 3.795412
0.552621 0.042246 0.037434 0.020645 0.001179 0.331349 0.014526 3.799528
0.552497 0.042379 0.037389 0.020663 0.001177 0.331359 0.014538 3.803666
0.552436 0.042409 0.037457 0.020647 0.001181 0.331320 0.014550 3.807813
0.552288 0.042468 0.037627 0.020616 0.001180 0.331255 0.014566 3.812018
0.552192 0.042593 0.037572 0.020625 0.001177 0.331259 0.014582 3.816108
0.552202 0.042553 0.037605 0.020704 0.001176 0.331165 0.014595 3.820319
0.552148 0.042669 0.037617 0.020708 0.001166 0.331082 0.014610 3.824420
0.552029 0.042675 0.037643 0.020685 0.001163 0.331183 0.014621 3.828590
0.552018 0.042642 0.037702 0.020673 0.001176 0.331155 0.014633 3.832820
0.551993 0.042631 0.037672 0.020748 0.001180 0.331127 0.014650 3.837001
0.551890 0.042744 0.037646 0.020744 0.001178 0.331130 0.014668 3.841101
0.551958 0.042647 0.037709 0.020774 0.001179 0.331054 0.014680 3.845312
0.551802 0.042641 0.037691 0.020789 0.001181 0.331206 0.014691 3.849546
0.551737 0.042749 0.037647 0.020809 0.001182 0.331169 0.014706 3.853707
0.551876 0.042677 0.037628 0.020794 0.001187 0.331115 0.014722 3.857838
0.551879 0.042626 0.037616 0.020775 0.001185 0.331185 0.014735 3.862046
0.551916 0.042572 0.037587 0.020765 0.001181 0.331226 0.014754 3.866198
0.551888 0.042566 0.037588 0.020815 0.001176 0.331198 0.014769 3.870375
0.551895 0.042516 0.037577 0.020832 0.001175 0.331218 0.014786 3.874532
0.551908 0.042537 0.037572 0.020779 0.001174 0.331233 0.014798 3.878700
0.551887 0.042518 0.037593 0.020789 0.001171 0.331227 0.014816 3.882901
0.551858 0.042478 0.037582 0.020761 0.001176 0.331315 0.014831 3.887047
0.551887 0.042439 0.037519 0.020738 0.001176 0.331392 0.014847 3.891199
0.551783 0.042467 0.037477 0.020770 0.001170 0.331476 0.014858 3.895379
0.551708 0.042379 0.037551 0.020789 0.001176 0.331527 0.014871 3.899621
0.551704 0.042294 0.037629 0.020760 0.001182 0.331544 0.014885 3.903784
0.551656 0.042289 0.037680 0.020748 0.001174 0.331550 0.014904 3.907966
0.551665 0.042222 0.037678 0.020762 0.001171 0.331582 0.014920 3.912184
0.551586 0.042322 0.037533 0.020687 0.001176 0.331761 0.014935 3.916242
0.551518 0.042445 0.037457 0.020682 0.001173 0.331777 0.014950 3.920312
0.551526 0.042383 0.037393 0.020707 0.001177 0.331856 0.014959 3.924467
0.551526 0.042463 0.037377 0.020681 0.001184 0.331795 0.014973 3.928585
0.551425 0.042541 0.037374 0.020677 0.001180 0.331813 0.014989 3.932723
0.551362 0.042518 0.037402 0.020655 0.001179 0.331880 0.015004 3.936880
0.551292 0.042554 0.037394 0.020601 0.001181 0.331959 0.015020 3.941002
