0.341209 0.063469 0.056583 0.032583 0.002123 0.497925 0.006108 1.629877
0.342458 0.062305 0.056438 0.032491 0.002123 0.498051 0.006135 1.636019
0.344074 0.060917 0.056395 0.032265 0.002145 0.498046 0.006159 1.641987
0.346132 0.059208 0.056198 0.032056 0.002159 0.498062 0.006184 1.647973
0.348305 0.057573 0.055839 0.031794 0.002156 0.498120 0.006214 1.653676
0.350667 0.055798 0.055477 0.031534 0.002170 0.498111 0.006244 1.659313
0.353080 0.054298 0.055018 0.031214 0.002171 0.497945 0.006274 1.664725
0.355655 0.052712 0.054429 0.030894 0.002163 0.497847 0.006300 1.669966
0.358237 0.051178 0.053880 0.030519 0.002166 0.497699 0.006321 1.675076
0.360899 0.049714 0.053211 0.030113 0.002174 0.497542 0.006349 1.680077
0.363552 0.048405 0.052595 0.029683 0.002164 0.497228 0.006373 1.684902
0.366451 0.047083 0.051910 0.029193 0.002156 0.496804 0.006403 1.689585
0.369473 0.045885 0.051112 0.028682 0.002145 0.496279 0.006425 1.694075
0.372348 0.044778 0.050327 0.028157 0.002126 0.495809 0.006454 1.698472
0.375233 0.043698 0.049607 0.027645 0.002123 0.495215 0.006479 1.702802
0.378272 0.042661 0.048876 0.027180 0.002119 0.494385 0.006508 1.707048
0.381210 0.041710 0.048164 0.026736 0.002087 0.493560 0.006534 1.711260
0.384276 0.040834 0.047367 0.026259 0.002069 0.492634 0.006560 1.715297
0.387277 0.039997 0.046664 0.025829 0.002055 0.491590 0.006589 1.719240
0.390259 0.039184 0.045880 0.025359 0.002041 0.490661 0.006618 1.723155
0.393318 0.038499 0.045081 0.024938 0.002024 0.489495 0.006645 1.726945
0.396377 0.037765 0.044309 0.024428 0.001993 0.488449 0.006679 1.730664
0.399437 0.037084 0.043593 0.024061 0.001974 0.487150 0.006701 1.734416
0.402427 0.036560 0.042796 0.023642 0.001953 0.485896 0.006727 1.737940
0.405476 0.036092 0.041957 0.023253 0.001933 0.484537 0.006752 1.741441
0.408462 0.035506 0.041390 0.022809 0.001924 0.483138 0.006772 1.745035
0.411399 0.035048 0.040647 0.022427 0.001913 0.481769 0.006797 1.748498
0.414400 0.034664 0.039908 0.022006 0.001886 0.480320 0.006816 1.751844
0.417443 0.034306 0.039272 0.021547 0.001881 0.478708 0.006843 1.755185
0.420600 0.033797 0.038671 0.021171 0.001872 0.477026 0.006861 1.758537
0.423536 0.033498 0.038081 0.020787 0.001862 0.475355 0.006882 1.761815
0.426539 0.033192 0.037497 0.020477 0.001845 0.473539 0.006911 1.765085
0.429453 0.032923 0.036925 0.020158 0.001835 0.471773 0.006934 1.768279
0.432309 0.032726 0.036378 0.019892 0.001799 0.469934 0.006963 1.771457
0.435329 0.032394 0.035727 0.019637 0.001775 0.468148 0.006990 1.774638
0.438280 0.032146 0.035275 0.019327 0.001768 0.466195 0.007009 1.777760
0.441118 0.031909 0.034800 0.019088 0.001741 0.464311 0.007034 1.780941
0.443926 0.031660 0.034365 0.018867 0.001719 0.462406 0.007059 1.784071
0.446623 0.031496 0.033884 0.018636 0.001696 0.460581 0.007083 1.787183
0.449455 0.031348 0.033377 0.018411 0.001675 0.458631 0.007104 1.790244
0.452180 0.031163 0.033092 0.018260 0.001654 0.456525 0.007127 1.793397
0.455002 0.031004 0.032781 0.017964 0.001633 0.454468 0.007148 1.796436
0.457684 0.030853 0.032499 0.017799 0.001602 0.452394 0.007169 1.799511
0.460530 0.030743 0.032145 0.017649 0.001582 0.450162 0.007187 1.802550
0.463261 0.030647 0.031800 0.017479 0.001580 0.448028 0.007205 1.805537
0.465884 0.030652 0.031419 0.017267 0.001556 0.445991 0.007231 1.808490
0.468481 0.030621 0.031123 0.017088 0.001541 0.443898 0.007247 1.811465
0.471163 0.030485 0.030867 0.016969 0.001531 0.441720 0.007265 1.814491
0.473653 0.030489 0.030602 0.016875 0.001507 0.439587 0.007288 1.817509
0.476059 0.030481 0.030392 0.016744 0.001492 0.437524 0.007307 1.820485
0.478560 0.030462 0.030162 0.016610 0.001476 0.435405 0.007326 1.823466
0.480839 0.030614 0.029894 0.016524 0.001456 0.433329 0.007344 1.826446
0.483248 0.030669 0.029693 0.016426 0.001435 0.431160 0.007368 1.829411
0.485519 0.030756 0.029585 0.016344 0.001410 0.428998 0.007387 1.832447
0.487851 0.030840 0.029354 0.016203 0.001393 0.426951 0.007407 1.835409
0.490141 0.030875 0.029190 0.016085 0.001379 0.424911 0.007420 1.838433
0.492357 0.030967 0.029080 0.016053 0.001365 0.422739 0.007439 1.841468
0.494448 0.031086 0.029000 0.016015 0.001355 0.420644 0.007451 1.844476
0.496571 0.031102 0.028891 0.015971 0.001336 0.418655 0.007474 1.847566
0.498650 0.031264 0.028724 0.015892 0.001331 0.416650 0.007490 1.850585
0.500806 0.031295 0.028642 0.015826 0.001312 0.414610 0.007511 1.853698
0.502728 0.031380 0.028619 0.015851 0.001295 0.412598 0.007528 1.856863
0.504768 0.031390 0.028615 0.015783 0.001291 0.410609 0.007546 1.860006
0.506733 0.031526 0.028539 0.015714 0.001264 0.408657 0.007568 1.863050
0.508603 0.031643 0.028530 0.015682 0.001254 0.406710 0.007580 1.866156
0.510377 0.031835 0.028433 0.015648 0.001246 0.404868 0.007594 1.869247
0.512185 0.031984 0.028368 0.015612 0.001234 0.403006 0.007611 1.872365
0.513895 0.032240 0.028284 0.015675 0.001216 0.401064 0.007627 1.875461
0.515589 0.032445 0.028258 0.015639 0.001204 0.399222 0.007644 1.878577
0.517139 0.032661 0.028257 0.015646 0.001177 0.397459 0.007662 1.881740
0.518732 0.032811 0.028316 0.015676 0.001156 0.395629 0.007680 1.885008
0.520361 0.032918 0.028427 0.015657 0.001152 0.393780 0.007704 1.888213
0.521876 0.033066 0.028492 0.015695 0.001146 0.392008 0.007718 1.891443
0.523315 0.033240 0.028524 0.015717 0.001129 0.390336 0.007740 1.894664
0.524763 0.033468 0.028573 0.015731 0.001119 0.388595 0.007753 1.897859
0.526112 0.033620 0.028648 0.015768 0.001115 0.386970 0.007767 1.901134
0.527525 0.033824 0.028716 0.015837 0.001104 0.385213 0.007783 1.904439
0.528898 0.033921 0.028864 0.015937 0.001089 0.383490 0.007802 1.907838
0.530093 0.034131 0.028908 0.015985 0.001087 0.381984 0.007814 1.911180
0.531243 0.034337 0.029077 0.016027 0.001083 0.380402 0.007831 1.914545
0.532314 0.034603 0.029210 0.016023 0.001073 0.378935 0.007843 1.917903
0.533502 0.034786 0.029222 0.016093 0.001072 0.377471 0.007853 1.921299
0.534542 0.035072 0.029339 0.016105 0.001073 0.376007 0.007864 1.924653
0.535638 0.035175 0.029484 0.016180 0.001078 0.374569 0.007875 1.928138
0.536579 0.035447 0.029596 0.016243 0.001074 0.373171 0.007892 1.931597
0.537626 0.035603 0.029691 0.016353 0.001075 0.371749 0.007903 1.935048
0.538646 0.035860 0.029786 0.016404 0.001075 0.370313 0.007916 1.938533
0.539616 0.035947 0.029935 0.016511 0.001061 0.369001 0.007930 1.942082
0.540460 0.036151 0.030104 0.016605 0.001055 0.367684 0.007942 1.945652
0.541278 0.036270 0.030317 0.016663 0.001059 0.366460 0.007954 1.949287
0.542086 0.036356 0.030461 0.016758 0.001053 0.365321 0.007964 1.952958
0.542842 0.036572 0.030641 0.016788 0.001052 0.364126 0.007979 1.956516
0.543572 0.036749 0.030809 0.016839 0.001052 0.362987 0.007992 1.960141
0.544155 0.037047 0.030859 0.016883 0.001060 0.361990 0.008006 1.963711
0.544815 0.037420 0.030990 0.016950 0.001045 0.360758 0.008022 1.967257
0.545505 0.037603 0.031100 0.017092 0.001041 0.359624 0.008035 1.970906
0.546180 0.037742 0.031165 0.017125 0.001047 0.358696 0.008046 1.974580
0.546598 0.037938 0.031391 0.017261 0.001040 0.357713 0.008059 1.978334
0.547137 0.038209 0.031592 0.017367 0.001040 0.356580 0.008074 1.982023
0.547611 0.038476 0.031758 0.017446 0.001054 0.355569 0.008086 1.985748
0.548087 0.038617 0.031959 0.017560 0.001051 0.354628 0.008098 1.989573
0.548480 0.038839 0.032112 0.017712 0.001053 0.353693 0.008111 1.993403
0.548759 0.039118 0.032268 0.017764 0.001049 0.352919 0.008124 1.997212
0.549269 0.039266 0.032484 0.017844 0.001054 0.351946 0.008136 2.001003
0.549618 0.039473 0.032611 0.017907 0.001053 0.351187 0.008150 2.004786
0.550064 0.039583 0.032768 0.018015 0.001051 0.350358 0.008162 2.008662
0.550542 0.039605 0.032949 0.018148 0.001051 0.349535 0.008172 2.012574
0.550821 0.039751 0.033152 0.018183 0.001054 0.348849 0.008190 2.016493
0.551144 0.039864 0.033330 0.018263 0.001057 0.348137 0.008206 2.020431
0.551340 0.039953 0.033546 0.018368 0.001059 0.347512 0.008221 2.024436
0.551698 0.040065 0.033732 0.018445 0.001053 0.346774 0.008233 2.028329
0.551888 0.040176 0.033949 0.018493 0.001045 0.346203 0.008246 2.032290
0.552170 0.040368 0.034025 0.018554 0.001041 0.345584 0.008258 2.036235
0.552450 0.040563 0.034086 0.018585 0.001045 0.345000 0.008272 2.040137
0.552609 0.040822 0.034246 0.018600 0.001050 0.344387 0.008285 2.044022
0.552734 0.040966 0.034402 0.018712 0.001047 0.343840 0.008297 2.048054
0.552927 0.041016 0.034563 0.018849 0.001064 0.343272 0.008308 2.052108
0.553125 0.041113 0.034741 0.018889 0.001071 0.342737 0.008323 2.056143
0.553321 0.041215 0.034947 0.018959 0.001074 0.342146 0.008338 2.060244
0.553442 0.041378 0.035017 0.019095 0.001069 0.341647 0.008351 2.064288
0.553724 0.041307 0.035097 0.019172 0.001077 0.341260 0.008363 2.068354
0.553844 0.041442 0.035182 0.019135 0.001084 0.340936 0.008377 2.072395
0.553857 0.041546 0.035268 0.019198 0.001095 0.340647 0.008389 2.076448
0.554076 0.041573 0.035339 0.019265 0.001103 0.340243 0.008401 2.080489
0.554240 0.041676 0.035395 0.019289 0.001104 0.339883 0.008413 2.084510
0.554337 0.041764 0.035496 0.019347 0.001099 0.339532 0.008425 2.088593
0.554467 0.041793 0.035674 0.019444 0.001096 0.339083 0.008443 2.092712
0.554560 0.041916 0.035700 0.019456 0.001100 0.338812 0.008455 2.096761
0.554569 0.041960 0.035840 0.019561 0.001107 0.338497 0.008465 2.100887
0.554575 0.042082 0.035889 0.019577 0.001112 0.338289 0.008476 2.104946
0.554756 0.041989 0.036055 0.019614 0.001125 0.337971 0.008489 2.109144
0.554977 0.041974 0.036124 0.019664 0.001136 0.337622 0.008502 2.113272
0.554987 0.041929 0.036217 0.019751 0.001140 0.337458 0.008518 2.117444
0.555003 0.041980 0.036342 0.019772 0.001146 0.337225 0.008533 2.121580
0.555139 0.041999 0.036399 0.019808 0.001134 0.336974 0.008547 2.125670
0.555190 0.042044 0.036526 0.019872 0.001134 0.336674 0.008561 2.129836
0.555220 0.042087 0.036569 0.019897 0.001142 0.336512 0.008573 2.133892
0.555233 0.042078 0.036654 0.019928 0.001131 0.336383 0.008592 2.137996
0.555264 0.042178 0.036765 0.019928 0.001132 0.336123 0.008609 2.142128
0.555330 0.042241 0.036912 0.019906 0.001131 0.335862 0.008619 2.146212
0.555406 0.042357 0.036934 0.019866 0.001139 0.335666 0.008632 2.150259
0.555541 0.042200 0.037036 0.019951 0.001149 0.335479 0.008644 2.154468
0.555530 0.042173 0.037077 0.019972 0.001152 0.335436 0.008659 2.158663
0.555667 0.042010 0.037140 0.019990 0.001163 0.335357 0.008673 2.162894
0.555749 0.042028 0.037184 0.019967 0.001163 0.335226 0.008683 2.166983
0.555864 0.041963 0.037286 0.020016 0.001164 0.335007 0.008700 2.171178
0.555932 0.042050 0.037288 0.020053 0.001177 0.334788 0.008713 2.175264
0.556034 0.042113 0.037208 0.020057 0.001180 0.334682 0.008726 2.179302
0.556195 0.042027 0.037270 0.020071 0.001179 0.334518 0.008740 2.183443
0.556272 0.042023 0.037292 0.020059 0.001188 0.334420 0.008747 2.187521
0.556389 0.042019 0.037311 0.020061 0.001202 0.334258 0.008761 2.191624
0.556505 0.042001 0.037305 0.020084 0.001211 0.334119 0.008777 2.195684
0.556615 0.041948 0.037320 0.020048 0.001212 0.334066 0.008792 2.199802
0.556720 0.041894 0.037407 0.020048 0.001221 0.333906 0.008804 2.203918
0.556836 0.041896 0.037402 0.020012 0.001229 0.333804 0.008821 2.208006
0.556842 0.042003 0.037394 0.020019 0.001230 0.333674 0.008839 2.212055
0.556871 0.041939 0.037385 0.020075 0.001222 0.333654 0.008853 2.216200
0.557096 0.041817 0.037392 0.020101 0.001223 0.333505 0.008867 2.220350
0.557136 0.041763 0.037438 0.020027 0.001233 0.333524 0.008878 2.224496
0.557301 0.041689 0.037389 0.020040 0.001232 0.333463 0.008886 2.228580
0.557514 0.041708 0.037388 0.020047 0.001230 0.333217 0.008896 2.232620
0.557626 0.041576 0.037376 0.020044 0.001229 0.333235 0.008914 2.236776
0.557725 0.041602 0.037289 0.020066 0.001237 0.333156 0.008926 2.240843
0.557917 0.041521 0.037193 0.020014 0.001242 0.333171 0.008942 2.244887
0.558158 0.041385 0.037091 0.020067 0.001236 0.333109 0.008955 2.248951
0.558366 0.041234 0.037119 0.020068 0.001229 0.333013 0.008971 2.253072
0.558594 0.041122 0.037120 0.020033 0.001234 0.332911 0.008986 2.257154
0.558704 0.041172 0.037023 0.020004 0.001230 0.332865 0.009004 2.261165
0.558849 0.041103 0.037036 0.019983 0.001241 0.332772 0.009016 2.265234
0.559113 0.041021 0.036976 0.019973 0.001250 0.332639 0.009028 2.269252
0.559270 0.040959 0.036968 0.019948 0.001248 0.332568 0.009039 2.273264
0.559492 0.040877 0.036919 0.019950 0.001242 0.332462 0.009057 2.277286
0.559709 0.040816 0.036797 0.019947 0.001241 0.332416 0.009073 2.281235
0.559927 0.040666 0.036782 0.020005 0.001244 0.332285 0.009091 2.285313
0.560204 0.040513 0.036748 0.019999 0.001239 0.332191 0.009106 2.289323
0.560469 0.040399 0.036705 0.019987 0.001231 0.332091 0.009119 2.293339
0.560629 0.040348 0.036659 0.019916 0.001234 0.332085 0.009129 2.297327
0.560844 0.040325 0.036507 0.019945 0.001224 0.332005 0.009148 2.301291
0.561131 0.040212 0.036422 0.019920 0.001227 0.331926 0.009163 2.305228
0.561475 0.040102 0.036418 0.019845 0.001229 0.331753 0.009177 2.309167
0.561871 0.039961 0.036399 0.019871 0.001231 0.331473 0.009194 2.313097
0.562123 0.039960 0.036306 0.019808 0.001234 0.331359 0.009208 2.317014
0.562343 0.039971 0.036197 0.019743 0.001239 0.331281 0.009227 2.320916
0.562673 0.039793 0.036187 0.019726 0.001227 0.331148 0.009247 2.324913
0.562976 0.039760 0.036177 0.019682 0.001225 0.330922 0.009260 2.328776
0.563265 0.039751 0.036057 0.019624 0.001205 0.330822 0.009278 2.332640
0.563534 0.039626 0.036084 0.019585 0.001216 0.330663 0.009292 2.336592
0.563813 0.039647 0.036063 0.019534 0.001199 0.330432 0.009312 2.340462
0.564001 0.039717 0.035961 0.019446 0.001202 0.330345 0.009328 2.344284
0.564192 0.039639 0.035987 0.019458 0.001204 0.330176 0.009345 2.348251
0.564444 0.039678 0.035939 0.019446 0.001196 0.329939 0.009360 2.352092
0.564639 0.039723 0.035861 0.019421 0.001189 0.329793 0.009375 2.355932
0.564947 0.039625 0.035881 0.019428 0.001184 0.329540 0.009395 2.359929
0.565276 0.039582 0.035892 0.019354 0.001185 0.329294 0.009417 2.363776
0.565471 0.039632 0.035823 0.019353 0.001198 0.329093 0.009431 2.367658
0.565747 0.039686 0.035730 0.019303 0.001191 0.328896 0.009447 2.371434
0.566162 0.039530 0.035796 0.019282 0.001197 0.328579 0.009454 2.375347
0.566361 0.039546 0.035703 0.019309 0.001201 0.328411 0.009469 2.379186
0.566604 0.039507 0.035623 0.019331 0.001195 0.328252 0.009489 2.383073
0.566938 0.039397 0.035563 0.019371 0.001202 0.328028 0.009500 2.386962
0.567196 0.039374 0.035469 0.019353 0.001204 0.327894 0.009512 2.390830
0.567582 0.039275 0.035471 0.019356 0.001205 0.327582 0.009528 2.394720
0.567849 0.039221 0.035497 0.019334 0.001211 0.327345 0.009543 2.398641
0.568080 0.039203 0.035453 0.019315 0.001204 0.327189 0.009555 2.402518
0.568270 0.039288 0.035365 0.019299 0.001204 0.327006 0.009569 2.406305
0.568584 0.039277 0.035299 0.019298 0.001196 0.326763 0.009583 2.410166
0.568842 0.039268 0.035257 0.019314 0.001208 0.326517 0.009594 2.414042
0.569046 0.039382 0.035144 0.019290 0.001224 0.326307 0.009608 2.417825
0.569345 0.039377 0.035201 0.019201 0.001224 0.326028 0.009626 2.421696
0.569537 0.039322 0.035204 0.019230 0.001218 0.325846 0.009642 2.425600
0.569814 0.039269 0.035178 0.019215 0.001218 0.325651 0.009655 2.429479
0.569974 0.039346 0.035258 0.019247 0.001216 0.325291 0.009671 2.433366
0.570045 0.039435 0.035247 0.019228 0.001212 0.325149 0.009684 2.437225
0.570243 0.039359 0.035381 0.019206 0.001218 0.324894 0.009699 2.441175
0.570447 0.039408 0.035305 0.019200 0.001221 0.324706 0.009713 2.445033
0.570563 0.039321 0.035370 0.019259 0.001219 0.324541 0.009727 2.449010
0.570671 0.039455 0.035262 0.019282 0.001218 0.324371 0.009742 2.452839
0.570855 0.039429 0.035278 0.019312 0.001208 0.324160 0.009758 2.456742
0.570959 0.039512 0.035174 0.019296 0.001205 0.324078 0.009775 2.460571
0.571100 0.039523 0.035227 0.019307 0.001204 0.323850 0.009789 2.464428
0.571176 0.039644 0.035188 0.019299 0.001204 0.323682 0.009808 2.468261
0.571287 0.039691 0.035133 0.019282 0.001206 0.323578 0.009823 2.472122
0.571407 0.039779 0.035028 0.019243 0.001212 0.323495 0.009835 2.475944
0.571460 0.039740 0.035065 0.019320 0.001214 0.323353 0.009849 2.479895
0.571601 0.039757 0.035068 0.019343 0.001216 0.323149 0.009865 2.483836
0.571641 0.039736 0.035104 0.019384 0.001219 0.323036 0.009881 2.487797
0.571831 0.039649 0.035131 0.019392 0.001215 0.322886 0.009896 2.491738
0.572000 0.039589 0.035169 0.019358 0.001212 0.322761 0.009911 2.495657
0.572124 0.039563 0.035243 0.019329 0.001208 0.322608 0.009925 2.499555
0.572162 0.039612 0.035220 0.019322 0.001210 0.322538 0.009937 2.503461
0.572296 0.039708 0.035197 0.019269 0.001219 0.322363 0.009950 2.507306
0.572495 0.039668 0.035201 0.019290 0.001227 0.322159 0.009960 2.511188
0.572582 0.039713 0.035232 0.019269 0.001227 0.322005 0.009972 2.515111
0.572739 0.039717 0.035187 0.019281 0.001225 0.321865 0.009987 2.518985
0.572774 0.039777 0.035139 0.019265 0.001224 0.321820 0.010001 2.522857
0.572899 0.039781 0.035186 0.019306 0.001225 0.321584 0.010019 2.526762
0.572932 0.039874 0.035172 0.019338 0.001228 0.321420 0.010037 2.530680
0.573115 0.039864 0.035170 0.019353 0.001216 0.321229 0.010054 2.534584
0.573187 0.039908 0.035135 0.019289 0.001219 0.321191 0.010071 2.538448
0.573388 0.039855 0.035167 0.019269 0.001221 0.321015 0.010086 2.542334
0.573525 0.039842 0.035134 0.019351 0.001221 0.320829 0.010098 2.546282
0.573584 0.039892 0.035134 0.019272 0.001212 0.320793 0.010113 2.550120
0.573606 0.040007 0.035083 0.019238 0.001222 0.320716 0.010126 2.553985
0.573545 0.040024 0.035166 0.019230 0.001218 0.320675 0.010142 2.557936
0.573695 0.040095 0.035187 0.019183 0.001216 0.320470 0.010155 2.561774
0.573699 0.040222 0.035189 0.019159 0.001214 0.320346 0.010172 2.565618
0.573753 0.040203 0.035230 0.019204 0.001207 0.320217 0.010186 2.569625
0.573773 0.040205 0.035290 0.019196 0.001206 0.320127 0.010203 2.573568
0.573780 0.040289 0.035312 0.019187 0.001206 0.320008 0.010218 2.577489
0.573793 0.040241 0.035359 0.019199 0.001208 0.319966 0.010233 2.581458
0.573780 0.040254 0.035449 0.019187 0.001213 0.319867 0.010248 2.585427
0.573780 0.040308 0.035458 0.019204 0.001219 0.319765 0.010266 2.589384
0.573731 0.040229 0.035513 0.019289 0.001217 0.319738 0.010281 2.593420
0.573824 0.040205 0.035507 0.019315 0.001209 0.319644 0.010296 2.597356
0.573930 0.040190 0.035549 0.019351 0.001203 0.319465 0.010311 2.601340
0.573897 0.040184 0.035628 0.019333 0.001205 0.319426 0.010327 2.605312
0.573936 0.040163 0.035656 0.019342 0.001209 0.319351 0.010343 2.609278
0.573889 0.040227 0.035763 0.019347 0.001207 0.319209 0.010358 2.613238
0.573982 0.040311 0.035682 0.019359 0.001211 0.319083 0.010371 2.617131
0.574058 0.040253 0.035759 0.019376 0.001206 0.318964 0.010384 2.621128
0.574049 0.040217 0.035748 0.019414 0.001205 0.318971 0.010395 2.625115
0.574113 0.040239 0.035698 0.019441 0.001202 0.318900 0.010406 2.629057
0.574131 0.040322 0.035676 0.019400 0.001203 0.318848 0.010420 2.632952
0.574197 0.040255 0.035673 0.019412 0.001203 0.318824 0.010437 2.636962
0.574117 0.040280 0.035619 0.019409 0.001206 0.318918 0.010450 2.640906
0.574266 0.040239 0.035632 0.019377 0.001211 0.318814 0.010462 2.644837
0.574352 0.040260 0.035645 0.019300 0.001211 0.318755 0.010478 2.648736
0.574471 0.040227 0.035705 0.019321 0.001205 0.318577 0.010495 2.652744
0.574497 0.040299 0.035695 0.019333 0.001207 0.318465 0.010507 2.656702
0.574512 0.040308 0.035711 0.019325 0.001201 0.318423 0.010521 2.660649
0.574469 0.040398 0.035664 0.019377 0.001195 0.318359 0.010537 2.664556
0.574521 0.040514 0.035643 0.019352 0.001192 0.318219 0.010558 2.668422
0.574517 0.040537 0.035699 0.019360 0.001205 0.318110 0.010572 2.672428
0.574496 0.040491 0.035842 0.019392 0.001202 0.317995 0.010583 2.676438
0.574449 0.040454 0.035767 0.019460 0.001202 0.318070 0.010599 2.680380
0.574453 0.040457 0.035801 0.019423 0.001208 0.318049 0.010611 2.684310
0.574418 0.040438 0.035780 0.019459 0.001210 0.318069 0.010628 2.688297
0.574447 0.040414 0.035780 0.019461 0.001201 0.318055 0.010642 2.692276
0.574518 0.040506 0.035662 0.019421 0.001209 0.318030 0.010654 2.696102
0.574475 0.040498 0.035594 0.019448 0.001215 0.318103 0.010668 2.700044
0.574597 0.040451 0.035651 0.019431 0.001219 0.317964 0.010687 2.704010
0.574598 0.040463 0.035743 0.019418 0.001220 0.317860 0.010700 2.707946
0.574531 0.040513 0.035746 0.019460 0.001213 0.317824 0.010714 2.711932
0.574473 0.040529 0.035764 0.019482 0.001210 0.317810 0.010732 2.715890
0.574439 0.040625 0.035715 0.019491 0.001211 0.317773 0.010746 2.719821
0.574371 0.040630 0.035723 0.019518 0.001206 0.317791 0.010760 2.723761
0.574359 0.040572 0.035816 0.019598 0.001196 0.317684 0.010776 2.727761
0.574267 0.040602 0.035919 0.019585 0.001184 0.317653 0.010790 2.731758
0.574331 0.040523 0.035909 0.019623 0.001184 0.317629 0.010801 2.735763
0.574290 0.040525 0.035888 0.019609 0.001188 0.317685 0.010815 2.739727
0.574281 0.040533 0.035931 0.019659 0.001199 0.317567 0.010830 2.743738
0.574325 0.040485 0.035991 0.019662 0.001203 0.317487 0.010848 2.747741
0.574281 0.040545 0.035979 0.019650 0.001203 0.317474 0.010867 2.751620
0.574195 0.040434 0.036000 0.019701 0.001214 0.317573 0.010882 2.755652
0.574356 0.040430 0.035965 0.019608 0.001220 0.317524 0.010898 2.759584
0.574420 0.040410 0.035928 0.019612 0.001218 0.317497 0.010915 2.763528
0.574509 0.040305 0.035954 0.019611 0.001214 0.317476 0.010931 2.767496
0.574524 0.040333 0.035951 0.019549 0.001211 0.317488 0.010944 2.771425
0.574551 0.040340 0.035851 0.019570 0.001208 0.317521 0.010960 2.775333
0.574606 0.040301 0.035882 0.019550 0.001205 0.317479 0.010977 2.779268
0.574518 0.040323 0.035904 0.019553 0.001207 0.317502 0.010994 2.783255
0.574527 0.040332 0.035930 0.019541 0.001213 0.317448 0.011008 2.787240
0.574616 0.040291 0.035870 0.019527 0.001208 0.317461 0.011026 2.791162
0.574740 0.040147 0.035921 0.019517 0.001215 0.317428 0.011034 2.795145
0.574840 0.040149 0.035882 0.019446 0.001213 0.317419 0.011052 2.799050
0.574783 0.040239 0.035872 0.019438 0.001217 0.317383 0.011068 2.802956
0.574802 0.040175 0.035846 0.019440 0.001209 0.317445 0.011084 2.806959
0.574837 0.040077 0.035842 0.019540 0.001205 0.317399 0.011099 2.811009
0.574702 0.040208 0.035827 0.019579 0.001210 0.317362 0.011112 2.814909
0.574783 0.040145 0.035845 0.019587 0.001209 0.317301 0.011131 2.818856
0.574779 0.040206 0.035821 0.019550 0.001208 0.317293 0.011143 2.822755
0.574681 0.040328 0.035894 0.019550 0.001203 0.317186 0.011158 2.826667
0.574757 0.040218 0.035908 0.019540 0.001219 0.317188 0.011171 2.830659
0.574752 0.040249 0.035914 0.019484 0.001224 0.317198 0.011180 2.834587
0.574784 0.040181 0.035851 0.019563 0.001219 0.317211 0.011191 2.838604
0.574814 0.040132 0.035863 0.019563 0.001213 0.317209 0.011207 2.842541
0.574917 0.040083 0.035897 0.019552 0.001213 0.317120 0.011218 2.846471
0.574924 0.040108 0.035889 0.019541 0.001208 0.317098 0.011232 2.850393
0.574978 0.040095 0.035920 0.019525 0.001204 0.317032 0.011246 2.854305
0.575058 0.040058 0.035947 0.019467 0.001205 0.317008 0.011259 2.858247
0.575080 0.040065 0.035931 0.019484 0.001206 0.316964 0.011272 2.862169
0.575213 0.040033 0.035906 0.019412 0.001197 0.316952 0.011286 2.866084
0.575410 0.039916 0.035900 0.019399 0.001190 0.316887 0.011298 2.870032
0.575519 0.039858 0.035879 0.019400 0.001199 0.316837 0.011308 2.873955
0.575599 0.039747 0.035912 0.019402 0.001190 0.316826 0.011324 2.877927
0.575563 0.039811 0.035973 0.019380 0.001197 0.316737 0.011340 2.881860
0.575608 0.039781 0.035882 0.019424 0.001195 0.316750 0.011360 2.885785
0.575522 0.039810 0.035840 0.019422 0.001193 0.316842 0.011372 2.889752
0.575546 0.039783 0.035817 0.019441 0.001186 0.316840 0.011387 2.893678
0.575662 0.039682 0.035849 0.019403 0.001189 0.316813 0.011401 2.897599
0.575706 0.039609 0.035847 0.019419 0.001188 0.316814 0.011416 2.901562
0.575722 0.039594 0.035826 0.019387 0.001174 0.316868 0.011430 2.905465
0.575800 0.039640 0.035754 0.019367 0.001183 0.316817 0.011440 2.909330
0.575870 0.039616 0.035741 0.019367 0.001179 0.316774 0.011454 2.913260
0.575972 0.039610 0.035766 0.019373 0.001173 0.316637 0.011469 2.917160
0.575998 0.039736 0.035727 0.019348 0.001161 0.316546 0.011484 2.921002
0.576005 0.039731 0.035740 0.019311 0.001162 0.316558 0.011494 2.924937
0.576067 0.039794 0.035637 0.019320 0.001150 0.316525 0.011507 2.928798
0.576122 0.039739 0.035660 0.019283 0.001150 0.316530 0.011515 2.932732
0.576258 0.039718 0.035620 0.019262 0.001154 0.316460 0.011529 2.936618
0.576370 0.039633 0.035616 0.019214 0.001168 0.316455 0.011544 2.940578
0.576475 0.039663 0.035644 0.019143 0.001176 0.316341 0.011558 2.944437
0.576417 0.039720 0.035560 0.019161 0.001180 0.316394 0.011568 2.948339
0.576440 0.039821 0.035511 0.019182 0.001184 0.316283 0.011579 2.952224
0.576473 0.039909 0.035472 0.019159 0.001184 0.316209 0.011593 2.956051
0.576532 0.039911 0.035474 0.019230 0.001180 0.316066 0.011607 2.959950
0.576494 0.039962 0.035529 0.019239 0.001186 0.315971 0.011619 2.963884
0.576574 0.040003 0.035493 0.019220 0.001199 0.315883 0.011629 2.967750
0.576598 0.039989 0.035436 0.019199 0.001202 0.315934 0.011643 2.971631
0.576552 0.040149 0.035368 0.019157 0.001203 0.315914 0.011656 2.975446
0.576663 0.040133 0.035368 0.019186 0.001203 0.315774 0.011674 2.979370
0.576651 0.040151 0.035384 0.019194 0.001202 0.315732 0.011686 2.983288
0.576646 0.040177 0.035462 0.019228 0.001202 0.315582 0.011702 2.987226
0.576618 0.040150 0.035499 0.019212 0.001199 0.315602 0.011718 2.991151
0.576618 0.040128 0.035589 0.019183 0.001210 0.315541 0.011731 2.995109
0.576651 0.040079 0.035583 0.019150 0.001224 0.315568 0.011744 2.999070
0.576663 0.040052 0.035537 0.019232 0.001225 0.315531 0.011761 3.003025
0.576629 0.040147 0.035557 0.019248 0.001214 0.315425 0.011781 3.006919
0.576712 0.039997 0.035622 0.019308 0.001220 0.315346 0.011795 3.010957
0.576638 0.040141 0.035584 0.019283 0.001210 0.315329 0.011815 3.014830
0.576595 0.040237 0.035612 0.019278 0.001207 0.315244 0.011826 3.018743
0.576639 0.040209 0.035647 0.019223 0.001199 0.315243 0.011839 3.022663
0.576688 0.040157 0.035604 0.019283 0.001200 0.315216 0.011852 3.026634
0.576750 0.040123 0.035545 0.019267 0.001208 0.315244 0.011863 3.030531
0.576662 0.040194 0.035451 0.019265 0.001206 0.315344 0.011878 3.034417
0.576706 0.040162 0.035598 0.019255 0.001205 0.315175 0.011900 3.038379
0.576863 0.040110 0.035635 0.019251 0.001204 0.315026 0.011910 3.042285
0.576831 0.040078 0.035618 0.019270 0.001207 0.315076 0.011920 3.046252
0.576794 0.040175 0.035624 0.019209 0.001213 0.315055 0.011931 3.050167
0.576935 0.040118 0.035623 0.019218 0.001219 0.314939 0.011947 3.054134
0.576970 0.040040 0.035712 0.019278 0.001220 0.314821 0.011959 3.058114
0.576998 0.040023 0.035618 0.019345 0.001212 0.314833 0.011971 3.062000
0.576920 0.040100 0.035533 0.019285 0.001207 0.314966 0.011991 3.065879
0.576940 0.040086 0.035580 0.019252 0.001210 0.314930 0.012002 3.069816
0.576952 0.040001 0.035689 0.019292 0.001201 0.314845 0.012020 3.073843
0.576970 0.039989 0.035702 0.019291 0.001192 0.314817 0.012039 3.077803
0.576952 0.040011 0.035708 0.019213 0.001192 0.314869 0.012057 3.081742
0.576922 0.040081 0.035676 0.019230 0.001210 0.314814 0.012067 3.085630
0.576866 0.040064 0.035675 0.019215 0.001214 0.314888 0.012079 3.089589
0.576898 0.040114 0.035643 0.019211 0.001197 0.314837 0.012100 3.093458
0.576898 0.040056 0.035801 0.019231 0.001187 0.314707 0.012121 3.097444
0.576897 0.040100 0.035785 0.019188 0.001195 0.314703 0.012133 3.101338
0.576814 0.040119 0.035799 0.019223 0.001196 0.314698 0.012151 3.105312
0.576749 0.040170 0.035760 0.019236 0.001189 0.314728 0.012168 3.109229
0.576604 0.040308 0.035712 0.019252 0.001187 0.314753 0.012183 3.113161
0.576586 0.040348 0.035767 0.019248 0.001181 0.314671 0.012199 3.117084
0.576539 0.040259 0.035782 0.019319 0.001181 0.314703 0.012217 3.121086
0.576501 0.040187 0.035816 0.019331 0.001169 0.314762 0.012234 3.125118
0.576458 0.040200 0.035865 0.019295 0.001154 0.314777 0.012251 3.129087
0.576409 0.040170 0.035863 0.019315 0.001155 0.314823 0.012266 3.133056
0.576490 0.040151 0.035810 0.019288 0.001155 0.314823 0.012284 3.136960
0.576484 0.040151 0.035893 0.019254 0.001168 0.314752 0.012298 3.140903
0.576454 0.040052 0.035885 0.019308 0.001167 0.314821 0.012313 3.144915
0.576346 0.040044 0.035874 0.019349 0.001168 0.314893 0.012326 3.148916
0.576338 0.039974 0.035863 0.019369 0.001166 0.314949 0.012341 3.152901
0.576483 0.039900 0.035803 0.019425 0.001173 0.314862 0.012355 3.156836
0.576550 0.039812 0.035953 0.019394 0.001177 0.314741 0.012373 3.160859
0.576554 0.039788 0.035891 0.019409 0.001180 0.314791 0.012387 3.164766
0.576591 0.039870 0.035852 0.019367 0.001186 0.314736 0.012398 3.168583
0.576668 0.039760 0.035844 0.019334 0.001184 0.314793 0.012416 3.172509
0.576799 0.039653 0.035814 0.019344 0.001179 0.314784 0.012426 3.176442
0.576898 0.039695 0.035838 0.019328 0.001180 0.314622 0.012440 3.180339
0.576948 0.039676 0.035870 0.019287 0.001178 0.314591 0.012451 3.184254
0.577031 0.039557 0.035783 0.019325 0.001186 0.314658 0.012462 3.188157
0.577138 0.039544 0.035781 0.019274 0.001175 0.314612 0.012475 3.192011
0.577220 0.039622 0.035751 0.019281 0.001170 0.314467 0.012489 3.195909
0.577222 0.039590 0.035800 0.019264 0.001171 0.314450 0.012504 3.199843
0.577166 0.039625 0.035798 0.019270 0.001165 0.314457 0.012520 3.203748
0.577180 0.039596 0.035746 0.019288 0.001160 0.314496 0.012534 3.207649
0.577158 0.039587 0.035734 0.019302 0.001153 0.314518 0.012548 3.211576
0.577202 0.039649 0.035639 0.019276 0.001152 0.314516 0.012565 3.215408
0.577296 0.039647 0.035586 0.019240 0.001170 0.314485 0.012576 3.219295
0.577315 0.039738 0.035457 0.019287 0.001172 0.314437 0.012595 3.223119
0.577315 0.039762 0.035460 0.019233 0.001174 0.314446 0.012609 3.226989
0.577321 0.039734 0.035481 0.019224 0.001174 0.314440 0.012627 3.230894
0.577416 0.039711 0.035418 0.019149 0.001174 0.314493 0.012638 3.234802
0.577577 0.039629 0.035389 0.019105 0.001183 0.314470 0.012647 3.238684
0.577754 0.039497 0.035471 0.019097 0.001185 0.314339 0.012658 3.242603
0.577755 0.039506 0.035491 0.019138 0.001192 0.314249 0.012671 3.246553
0.577832 0.039441 0.035466 0.019090 0.001191 0.314293 0.012688 3.250429
0.577970 0.039380 0.035447 0.019079 0.001186 0.314239 0.012700 3.254280
0.578029 0.039414 0.035485 0.019068 0.001173 0.314115 0.012716 3.258162
0.578026 0.039405 0.035423 0.019087 0.001163 0.314165 0.012733 3.262070
0.578111 0.039397 0.035398 0.019073 0.001176 0.314100 0.012746 3.265916
0.578096 0.039374 0.035387 0.019068 0.001176 0.314144 0.012756 3.269816
0.578158 0.039405 0.035341 0.019031 0.001188 0.314109 0.012768 3.273646
0.578136 0.039547 0.035408 0.018984 0.001190 0.313956 0.012780 3.277471
0.578080 0.039608 0.035364 0.018990 0.001183 0.313979 0.012796 3.281352
0.578072 0.039691 0.035384 0.018986 0.001175 0.313881 0.012810 3.285224
0.578118 0.039614 0.035389 0.019017 0.001177 0.313863 0.012824 3.289161
0.578100 0.039591 0.035412 0.019043 0.001176 0.313844 0.012833 3.293107
0.578113 0.039738 0.035393 0.019055 0.001187 0.313666 0.012848 3.296957
0.578168 0.039740 0.035358 0.019100 0.001194 0.313579 0.012863 3.300805
0.578299 0.039719 0.035359 0.019089 0.001199 0.313464 0.012872 3.304681
0.578264 0.039725 0.035436 0.019051 0.001197 0.313440 0.012889 3.308598
0.578300 0.039705 0.035396 0.019082 0.001199 0.313416 0.012901 3.312487
0.578325 0.039681 0.035373 0.019145 0.001198 0.313362 0.012915 3.316402
0.578187 0.039721 0.035358 0.019141 0.001198 0.313467 0.012929 3.320323
0.578278 0.039605 0.035337 0.019186 0.001201 0.313453 0.012941 3.324243
0.578233 0.039649 0.035405 0.019209 0.001189 0.313356 0.012959 3.328177
0.578212 0.039764 0.035404 0.019231 0.001189 0.313229 0.012971 3.332008
0.578161 0.039828 0.035462 0.019237 0.001179 0.313147 0.012985 3.335909
0.578115 0.039908 0.035477 0.019225 0.001166 0.313110 0.012999 3.339803
0.578200 0.039854 0.035468 0.019207 0.001165 0.313098 0.013009 3.343708
0.578196 0.039886 0.035441 0.019233 0.001160 0.313062 0.013023 3.347621
0.578247 0.039843 0.035485 0.019205 0.001159 0.313021 0.013041 3.351556
0.578140 0.039884 0.035544 0.019235 0.001154 0.312991 0.013053 3.355525
0.578118 0.039870 0.035551 0.019251 0.001160 0.312985 0.013064 3.359445
0.578055 0.039986 0.035537 0.019203 0.001151 0.312986 0.013082 3.363265
0.578010 0.040095 0.035537 0.019171 0.001153 0.312933 0.013099 3.367120
0.578007 0.040033 0.035566 0.019160 0.001152 0.312973 0.013110 3.371060
0.577953 0.040138 0.035495 0.019178 0.001152 0.312954 0.013128 3.374903
0.577867 0.040173 0.035468 0.019233 0.001166 0.312950 0.013143 3.378810
0.577794 0.040184 0.035435 0.019230 0.001168 0.313032 0.013157 3.382764
0.577831 0.040189 0.035480 0.019175 0.001172 0.312984 0.013169 3.386687
0.577868 0.040167 0.035449 0.019249 0.001180 0.312907 0.013181 3.390586
0.577871 0.040188 0.035453 0.019227 0.001161 0.312899 0.013198 3.394481
0.577810 0.040156 0.035413 0.019262 0.001153 0.312991 0.013214 3.398423
0.577876 0.040199 0.035440 0.019306 0.001153 0.312796 0.013230 3.402375
0.577760 0.040186 0.035459 0.019410 0.001155 0.312781 0.013249 3.406415
0.577675 0.040267 0.035509 0.019375 0.001153 0.312758 0.013263 3.410341
0.577569 0.040291 0.035501 0.019368 0.001165 0.312833 0.013271 3.414284
0.577651 0.040246 0.035543 0.019296 0.001169 0.312812 0.013282 3.418209
0.577627 0.040281 0.035552 0.019335 0.001158 0.312745 0.013301 3.422141
0.577679 0.040149 0.035591 0.019365 0.001163 0.312743 0.013310 3.426168
0.577604 0.040185 0.035548 0.019367 0.001159 0.312818 0.013320 3.430050
0.577678 0.040182 0.035522 0.019377 0.001165 0.312742 0.013335 3.433923
0.577578 0.040132 0.035497 0.019417 0.001153 0.312872 0.013351 3.437893
0.577437 0.040143 0.035541 0.019431 0.001165 0.312920 0.013363 3.441846
0.577523 0.040095 0.035563 0.019381 0.001162 0.312898 0.013378 3.445781
0.577411 0.040164 0.035550 0.019386 0.001155 0.312943 0.013391 3.449683
0.577538 0.040051 0.035525 0.019397 0.001154 0.312933 0.013404 3.453645
0.577507 0.040008 0.035567 0.019380 0.001154 0.312968 0.013415 3.457579
0.577517 0.039988 0.035576 0.019345 0.001154 0.312990 0.013429 3.461521
0.577555 0.040042 0.035575 0.019286 0.001150 0.312949 0.013443 3.465351
0.577557 0.039996 0.035652 0.019349 0.001153 0.312832 0.013461 3.469324
0.577523 0.039997 0.035651 0.019316 0.001161 0.312874 0.013477 3.473204
0.577563 0.039910 0.035680 0.019402 0.001162 0.312789 0.013493 3.477153
0.577589 0.039854 0.035732 0.019418 0.001166 0.312735 0.013507 3.481090
0.577484 0.039877 0.035726 0.019413 0.001179 0.312800 0.013521 3.485025
0.577563 0.039821 0.035789 0.019376 0.001174 0.312741 0.013536 3.488944
0.577586 0.039850 0.035821 0.019308 0.001191 0.312695 0.013549 3.492832
0.577624 0.039875 0.035758 0.019296 0.001183 0.312703 0.013563 3.496687
0.577661 0.039876 0.035709 0.019280 0.001182 0.312713 0.013579 3.500569
0.577682 0.039839 0.035667 0.019297 0.001187 0.312739 0.013589 3.504513
0.577714 0.039853 0.035667 0.019257 0.001185 0.312721 0.013604 3.508399
0.577763 0.039796 0.035730 0.019266 0.001176 0.312648 0.013620 3.512319
0.577837 0.039757 0.035634 0.019266 0.001172 0.312699 0.013634 3.516203
0.577817 0.039784 0.035656 0.019224 0.001161 0.312708 0.013649 3.520087
0.577808 0.039875 0.035671 0.019292 0.001157 0.312538 0.013660 3.523955
0.577734 0.039872 0.035646 0.019308 0.001158 0.312610 0.013671 3.527852
0.577815 0.039955 0.035547 0.019308 0.001168 0.312521 0.013685 3.531702
0.577750 0.040008 0.035545 0.019242 0.001171 0.312585 0.013699 3.535598
0.577814 0.039983 0.035613 0.019228 0.001185 0.312466 0.013711 3.539551
0.577764 0.040001 0.035619 0.019227 0.001190 0.312474 0.013726 3.543457
0.577779 0.039956 0.035591 0.019216 0.001192 0.312528 0.013737 3.547399
0.577780 0.039956 0.035488 0.019252 0.001188 0.312584 0.013750 3.551335
0.577699 0.040030 0.035488 0.019197 0.001201 0.312624 0.013762 3.555242
0.577745 0.040013 0.035515 0.019197 0.001195 0.312557 0.013779 3.559147
0.577655 0.040070 0.035607 0.019180 0.001193 0.312500 0.013795 3.563078
0.577532 0.040083 0.035681 0.019285 0.001194 0.312418 0.013807 3.567073
0.577450 0.040112 0.035683 0.019242 0.001185 0.312503 0.013826 3.570981
0.577546 0.040054 0.035665 0.019186 0.001180 0.312532 0.013836 3.574916
0.577637 0.039994 0.035596 0.019195 0.001168 0.312558 0.013852 3.578826
0.577573 0.040009 0.035596 0.019219 0.001165 0.312575 0.013863 3.582729
0.577594 0.040003 0.035579 0.019198 0.001158 0.312587 0.013881 3.586608
0.577540 0.040035 0.035636 0.019190 0.001147 0.312557 0.013897 3.590539
0.577394 0.040062 0.035684 0.019207 0.001142 0.312598 0.013914 3.594491
0.577282 0.040036 0.035723 0.019204 0.001149 0.312675 0.013931 3.598435
0.577224 0.040007 0.035714 0.019263 0.001149 0.312700 0.013944 3.602420
0.577147 0.040079 0.035640 0.019257 0.001153 0.312771 0.013954 3.606292
0.577178 0.040026 0.035605 0.019283 0.001143 0.312794 0.013970 3.610255
0.577168 0.040019 0.035629 0.019265 0.001145 0.312796 0.013980 3.614178
0.577140 0.039998 0.035667 0.019248 0.001147 0.312801 0.013998 3.618120
0.577120 0.040050 0.035650 0.019238 0.001146 0.312782 0.014014 3.622007
0.577121 0.040072 0.035649 0.019224 0.001147 0.312758 0.014030 3.625897
0.577167 0.040084 0.035640 0.019197 0.001147 0.312718 0.014046 3.629813
0.577056 0.040223 0.035603 0.019195 0.001137 0.312721 0.014064 3.633710
0.576975 0.040183 0.035600 0.019220 0.001124 0.312814 0.014084 3.637631
0.576951 0.040163 0.035548 0.019225 0.001123 0.312888 0.014102 3.641572
0.577040 0.040066 0.035587 0.019246 0.001128 0.312815 0.014118 3.645571
0.576977 0.040155 0.035596 0.019192 0.001131 0.312818 0.014131 3.649441
0.576873 0.040185 0.035653 0.019188 0.001131 0.312831 0.014142 3.653338
0.576869 0.040190 0.035636 0.019214 0.001138 0.312801 0.014153 3.657283
0.576811 0.040199 0.035596 0.019225 0.001142 0.312864 0.014164 3.661217
0.576748 0.040195 0.035603 0.019331 0.001140 0.312803 0.014180 3.665184
0.576738 0.040286 0.035590 0.019317 0.001132 0.312749 0.014190 3.669039
0.576755 0.040208 0.035616 0.019301 0.001138 0.312778 0.014203 3.673028
0.576700 0.040245 0.035559 0.019303 0.001130 0.312846 0.014217 3.676947
0.576646 0.040263 0.035555 0.019326 0.001124 0.312860 0.014227 3.680885
0.576538 0.040334 0.035521 0.019331 0.001135 0.312907 0.014234 3.684826
0.576550 0.040278 0.035523 0.019348 0.001148 0.312901 0.014251 3.688727
0.576523 0.040155 0.035568 0.019310 0.001159 0.313025 0.014261 3.692734
0.576549 0.040093 0.035640 0.019294 0.001151 0.312995 0.014277 3.696676
0.576466 0.040248 0.035680 0.019205 0.001159 0.312949 0.014292 3.700526
0.576465 0.040257 0.035736 0.019184 0.001172 0.312881 0.014305 3.704459
0.576429 0.040256 0.035691 0.019164 0.001169 0.312970 0.014321 3.708390
0.576435 0.040302 0.035680 0.019242 0.001175 0.312830 0.014337 3.712334
0.576483 0.040321 0.035615 0.019291 0.001176 0.312764 0.014350 3.716217
0.576423 0.040370 0.035573 0.019283 0.001175 0.312814 0.014363 3.720126
0.576260 0.040448 0.035627 0.019209 0.001179 0.312899 0.014378 3.724054
0.576215 0.040414 0.035633 0.019200 0.001181 0.312971 0.014386 3.728018
0.576172 0.040456 0.035572 0.019241 0.001172 0.312991 0.014396 3.731980
0.576196 0.040463 0.035504 0.019226 0.001172 0.313022 0.014416 3.735914
0.576185 0.040443 0.035505 0.019182 0.001172 0.313082 0.014430 3.739844
0.576105 0.040475 0.035550 0.019210 0.001175 0.313041 0.014445 3.743826
0.576129 0.040314 0.035616 0.019307 0.001173 0.313005 0.014457 3.747919
0.576027 0.040358 0.035658 0.019358 0.001170 0.312957 0.014472 3.751907
0.576014 0.040332 0.035643 0.019369 0.001181 0.312980 0.014483 3.755841
0.575978 0.040341 0.035663 0.019343 0.001183 0.312990 0.014502 3.759811
0.575922 0.040357 0.035647 0.019360 0.001179 0.313015 0.014521 3.763742
0.576072 0.040223 0.035709 0.019376 0.001182 0.312905 0.014534 3.767705
0.576060 0.040252 0.035794 0.019345 0.001191 0.312812 0.014547 3.771647
0.576166 0.040152 0.035690 0.019349 0.001190 0.312895 0.014558 3.775569
0.576216 0.040064 0.035701 0.019338 0.001199 0.312910 0.014573 3.779531
