0.341913 0.063017 0.056603 0.032475 0.002120 0.497676 0.006194 1.631142
0.344430 0.060535 0.056572 0.032245 0.002108 0.497890 0.006220 1.637197
0.347940 0.057509 0.056361 0.031894 0.002110 0.497937 0.006249 1.642975
0.351973 0.054111 0.056105 0.031435 0.002116 0.497981 0.006279 1.648485
0.356508 0.050820 0.055518 0.030881 0.002113 0.497855 0.006306 1.653584
0.361283 0.047501 0.054854 0.030322 0.002107 0.497598 0.006334 1.658426
0.366171 0.044355 0.054079 0.029591 0.002102 0.497341 0.006361 1.662925
0.371213 0.041270 0.053110 0.028874 0.002090 0.497052 0.006391 1.667175
0.376411 0.038393 0.052073 0.028058 0.002076 0.496571 0.006420 1.671129
0.381620 0.035763 0.050881 0.027231 0.002045 0.496015 0.006447 1.674720
0.386939 0.033239 0.049630 0.026302 0.002052 0.495368 0.006471 1.678130
0.392437 0.030901 0.048315 0.025404 0.002027 0.494416 0.006501 1.681238
0.397921 0.028627 0.046948 0.024570 0.002004 0.493399 0.006530 1.684241
0.403344 0.026634 0.045498 0.023641 0.001981 0.492347 0.006555 1.686956
0.408761 0.024751 0.044111 0.022722 0.001980 0.491101 0.006575 1.689533
0.414225 0.023055 0.042547 0.021809 0.001956 0.489811 0.006598 1.691839
0.419784 0.021453 0.041042 0.020941 0.001930 0.488223 0.006628 1.694032
0.425240 0.020062 0.039484 0.020076 0.001902 0.486581 0.006654 1.696013
0.430783 0.018721 0.038032 0.019241 0.001878 0.484665 0.006679 1.697911
0.436300 0.017453 0.036631 0.018421 0.001861 0.482633 0.006700 1.699709
0.441805 0.016290 0.035183 0.017609 0.001832 0.480557 0.006724 1.701379
0.447317 0.015252 0.033699 0.016867 0.001810 0.478306 0.006748 1.702926
0.452732 0.014250 0.032411 0.016110 0.001793 0.475933 0.006770 1.704416
0.458220 0.013333 0.031051 0.015416 0.001775 0.473418 0.006787 1.705775
0.463557 0.012528 0.029752 0.014726 0.001749 0.470881 0.006807 1.707023
0.468967 0.011752 0.028467 0.014099 0.001713 0.468169 0.006832 1.708207
0.474385 0.011050 0.027262 0.013409 0.001685 0.465359 0.006850 1.709320
0.479754 0.010425 0.026032 0.012753 0.001659 0.462503 0.006873 1.710354
0.485129 0.009789 0.024866 0.012184 0.001636 0.459501 0.006894 1.711363
0.490465 0.009230 0.023782 0.011590 0.001600 0.456411 0.006922 1.712316
0.495749 0.008701 0.022799 0.011069 0.001567 0.453173 0.006942 1.713211
0.501096 0.008219 0.021763 0.010571 0.001543 0.449846 0.006963 1.714012
0.506409 0.007757 0.020784 0.010048 0.001508 0.446512 0.006983 1.714795
0.511681 0.007327 0.019840 0.009569 0.001472 0.443111 0.007001 1.715547
0.516867 0.006964 0.018932 0.009120 0.001431 0.439667 0.007021 1.716223
0.522083 0.006603 0.018031 0.008694 0.001404 0.436146 0.007038 1.716900
0.527296 0.006247 0.017205 0.008277 0.001366 0.432552 0.007058 1.717552
0.532399 0.005913 0.016428 0.007895 0.001333 0.428957 0.007075 1.718170
0.537522 0.005576 0.015691 0.007530 0.001301 0.425288 0.007093 1.718754
0.542516 0.005331 0.014928 0.007148 0.001279 0.421689 0.007110 1.719282
0.547585 0.005074 0.014257 0.006807 0.001244 0.417910 0.007124 1.719796
0.552547 0.004871 0.013595 0.006508 0.001217 0.414125 0.007137 1.720262
0.557515 0.004651 0.012985 0.006171 0.001189 0.410336 0.007153 1.720737
0.562359 0.004431 0.012393 0.005889 0.001153 0.406604 0.007170 1.721188
0.567138 0.004242 0.011842 0.005603 0.001118 0.402869 0.007188 1.721622
0.571931 0.004070 0.011285 0.005342 0.001092 0.399077 0.007204 1.722032
0.576583 0.003896 0.010811 0.005080 0.001056 0.395353 0.007221 1.722426
0.581253 0.003753 0.010317 0.004837 0.001028 0.391578 0.007234 1.722800
0.585903 0.003605 0.009857 0.004613 0.000997 0.387772 0.007254 1.723159
0.590439 0.003485 0.009429 0.004389 0.000969 0.384022 0.007268 1.723507
0.595005 0.003355 0.008994 0.004198 0.000943 0.380222 0.007282 1.723843
0.599540 0.003235 0.008588 0.003992 0.000914 0.376434 0.007297 1.724159
0.604012 0.003098 0.008189 0.003815 0.000897 0.372679 0.007309 1.724479
0.608345 0.003004 0.007823 0.003650 0.000869 0.368988 0.007321 1.724765
0.612745 0.002899 0.007453 0.003485 0.000842 0.365242 0.007336 1.725046
0.617075 0.002819 0.007145 0.003335 0.000817 0.361465 0.007344 1.725326
0.621511 0.002718 0.006846 0.003198 0.000794 0.357578 0.007354 1.725607
0.625732 0.002616 0.006572 0.003042 0.000779 0.353895 0.007364 1.725884
0.629931 0.002537 0.006307 0.002912 0.000753 0.350187 0.007373 1.726134
0.634200 0.002475 0.006015 0.002787 0.000729 0.346411 0.007383 1.726370
0.638404 0.002389 0.005764 0.002660 0.000703 0.342690 0.007391 1.726611
0.642433 0.002310 0.005529 0.002535 0.000685 0.339111 0.007397 1.726848
0.646481 0.002252 0.005292 0.002410 0.000663 0.335494 0.007407 1.727060
0.650541 0.002184 0.005059 0.002316 0.000637 0.331840 0.007423 1.727270
0.654568 0.002127 0.004846 0.002210 0.000623 0.328197 0.007430 1.727475
0.658541 0.002057 0.004647 0.002127 0.000600 0.324588 0.007439 1.727683
0.662383 0.002012 0.004466 0.002046 0.000589 0.321061 0.007444 1.727890
0.666263 0.001964 0.004297 0.001949 0.000564 0.317507 0.007455 1.728090
0.670101 0.001922 0.004132 0.001856 0.000546 0.313982 0.007460 1.728277
0.673839 0.001882 0.003994 0.001793 0.000535 0.310493 0.007465 1.728463
0.677518 0.001822 0.003843 0.001714 0.000513 0.307115 0.007475 1.728645
0.681239 0.001778 0.003695 0.001643 0.000498 0.303665 0.007483 1.728819
0.684915 0.001743 0.003560 0.001573 0.000488 0.300233 0.007488 1.728987
0.688565 0.001689 0.003417 0.001532 0.000476 0.296829 0.007492 1.729159
0.692108 0.001639 0.003316 0.001484 0.000464 0.293491 0.007498 1.729340
0.695686 0.001600 0.003181 0.001432 0.000450 0.290150 0.007503 1.729495
0.699188 0.001551 0.003085 0.001373 0.000439 0.286853 0.007511 1.729656
0.702600 0.001522 0.002973 0.001320 0.000428 0.283640 0.007517 1.729796
0.705957 0.001480 0.002871 0.001260 0.000412 0.280494 0.007526 1.729946
0.709358 0.001440 0.002753 0.001227 0.000398 0.277293 0.007533 1.730092
0.712749 0.001410 0.002637 0.001175 0.000385 0.274107 0.007538 1.730224
0.716120 0.001364 0.002550 0.001131 0.000374 0.270919 0.007544 1.730361
0.719367 0.001324 0.002451 0.001093 0.000361 0.267859 0.007546 1.730490
0.722525 0.001294 0.002367 0.001057 0.000351 0.264857 0.007551 1.730623
0.725725 0.001290 0.002278 0.001014 0.000339 0.261799 0.007556 1.730735
0.728878 0.001250 0.002212 0.000985 0.000327 0.258786 0.007562 1.730874
0.731977 0.001213 0.002129 0.000959 0.000317 0.255837 0.007569 1.731000
0.734982 0.001181 0.002052 0.000917 0.000311 0.252987 0.007572 1.731119
0.738031 0.001181 0.001971 0.000873 0.000302 0.250065 0.007578 1.731219
0.741048 0.001158 0.001906 0.000847 0.000290 0.247171 0.007581 1.731333
0.744029 0.001141 0.001850 0.000817 0.000275 0.244304 0.007586 1.731439
0.746972 0.001122 0.001783 0.000794 0.000271 0.241470 0.007589 1.731548
0.749896 0.001087 0.001738 0.000765 0.000260 0.238660 0.007594 1.731662
0.752823 0.001062 0.001701 0.000737 0.000251 0.235831 0.007596 1.731772
0.755684 0.001054 0.001650 0.000714 0.000246 0.233054 0.007598 1.731859
0.758497 0.001030 0.001604 0.000688 0.000235 0.230343 0.007603 1.731963
0.761300 0.000991 0.001565 0.000675 0.000225 0.227638 0.007607 1.732074
0.763989 0.000974 0.001523 0.000661 0.000221 0.225024 0.007608 1.732175
0.766737 0.000949 0.001488 0.000644 0.000212 0.222358 0.007612 1.732276
0.769435 0.000943 0.001435 0.000627 0.000205 0.219740 0.007615 1.732368
0.772084 0.000916 0.001409 0.000614 0.000200 0.217159 0.007618 1.732472
0.774730 0.000892 0.001369 0.000589 0.000194 0.214605 0.007621 1.732564
0.777376 0.000876 0.001338 0.000571 0.000193 0.212024 0.007622 1.732651
0.779900 0.000853 0.001300 0.000557 0.000186 0.209579 0.007626 1.732745
0.782419 0.000851 0.001268 0.000539 0.000178 0.207117 0.007629 1.732825
0.784947 0.000841 0.001243 0.000518 0.000171 0.204648 0.007633 1.732906
0.787448 0.000843 0.001201 0.000516 0.000165 0.202193 0.007634 1.732975
0.789910 0.000824 0.001168 0.000503 0.000161 0.199796 0.007638 1.733058
0.792292 0.000816 0.001143 0.000493 0.000155 0.197460 0.007640 1.733137
0.794681 0.000810 0.001117 0.000489 0.000150 0.195112 0.007643 1.733219
0.797062 0.000782 0.001108 0.000476 0.000145 0.192780 0.007646 1.733307
0.799446 0.000772 0.001083 0.000466 0.000137 0.190444 0.007652 1.733392
0.801757 0.000761 0.001054 0.000459 0.000134 0.188183 0.007653 1.733471
0.804040 0.000751 0.001035 0.000454 0.000130 0.185934 0.007656 1.733546
0.806228 0.000743 0.001002 0.000437 0.000126 0.183806 0.007659 1.733618
0.808572 0.000747 0.000981 0.000433 0.000124 0.181483 0.007660 1.733687
0.810754 0.000733 0.000966 0.000427 0.000121 0.179338 0.007661 1.733759
0.812895 0.000718 0.000954 0.000417 0.000116 0.177235 0.007665 1.733835
0.814967 0.000717 0.000920 0.000415 0.000115 0.175200 0.007665 1.733901
0.817098 0.000713 0.000893 0.000407 0.000113 0.173111 0.007666 1.733964
0.819199 0.000689 0.000881 0.000403 0.000109 0.171052 0.007668 1.734036
0.821221 0.000678 0.000874 0.000398 0.000108 0.169053 0.007668 1.734111
0.823274 0.000673 0.000853 0.000394 0.000106 0.167030 0.007669 1.734181
0.825288 0.000672 0.000835 0.000379 0.000100 0.165054 0.007672 1.734238
0.827361 0.000658 0.000813 0.000372 0.000100 0.163022 0.007674 1.734303
0.829335 0.000655 0.000804 0.000368 0.000097 0.161066 0.007675 1.734367
0.831267 0.000651 0.000789 0.000357 0.000097 0.159165 0.007675 1.734422
0.833210 0.000642 0.000775 0.000354 0.000094 0.157250 0.007677 1.734491
0.835102 0.000631 0.000771 0.000352 0.000092 0.155375 0.007678 1.734559
0.836953 0.000621 0.000760 0.000349 0.000090 0.153548 0.007680 1.734623
0.838780 0.000614 0.000740 0.000339 0.000090 0.151758 0.007680 1.734684
0.840577 0.000603 0.000726 0.000343 0.000085 0.149985 0.007681 1.734748
0.842379 0.000595 0.000719 0.000331 0.000084 0.148211 0.007682 1.734803
0.844224 0.000589 0.000706 0.000328 0.000078 0.146391 0.007684 1.734859
0.846011 0.000567 0.000700 0.000324 0.000076 0.144638 0.007685 1.734923
0.847781 0.000570 0.000685 0.000316 0.000073 0.142890 0.007686 1.734977
0.849519 0.000576 0.000665 0.000312 0.000070 0.141171 0.007687 1.735023
0.851199 0.000571 0.000662 0.000308 0.000069 0.139503 0.007688 1.735078
0.852865 0.000551 0.000657 0.000301 0.000067 0.137870 0.007689 1.735138
0.854471 0.000549 0.000648 0.000291 0.000066 0.136286 0.007689 1.735189
0.856137 0.000547 0.000631 0.000282 0.000065 0.134649 0.007690 1.735241
0.857725 0.000535 0.000630 0.000278 0.000062 0.133080 0.007691 1.735300
0.859327 0.000533 0.000626 0.000276 0.000060 0.131487 0.007691 1.735353
0.860815 0.000523 0.000621 0.000274 0.000060 0.130015 0.007692 1.735405
0.862308 0.000517 0.000615 0.000269 0.000060 0.128538 0.007693 1.735467
0.863802 0.000508 0.000607 0.000271 0.000056 0.127062 0.007695 1.735526
0.865247 0.000512 0.000602 0.000262 0.000056 0.125626 0.007696 1.735570
0.866667 0.000504 0.000602 0.000256 0.000055 0.124220 0.007696 1.735623
0.868080 0.000500 0.000598 0.000250 0.000053 0.122822 0.007697 1.735671
0.869516 0.000498 0.000591 0.000244 0.000050 0.121404 0.007699 1.735717
0.870900 0.000498 0.000585 0.000243 0.000049 0.120027 0.007700 1.735761
0.872233 0.000496 0.000581 0.000245 0.000047 0.118698 0.007701 1.735809
0.873607 0.000503 0.000569 0.000246 0.000046 0.117327 0.007702 1.735851
0.874936 0.000480 0.000588 0.000253 0.000046 0.115997 0.007702 1.735918
0.876272 0.000474 0.000573 0.000248 0.000046 0.114686 0.007702 1.735965
0.877560 0.000466 0.000574 0.000248 0.000044 0.113406 0.007703 1.736017
0.878854 0.000465 0.000563 0.000242 0.000041 0.112131 0.007704 1.736058
0.880099 0.000462 0.000556 0.000241 0.000041 0.110898 0.007704 1.736108
0.881330 0.000462 0.000535 0.000235 0.000038 0.109695 0.007706 1.736147
0.882523 0.000465 0.000522 0.000233 0.000037 0.108514 0.007707 1.736194
0.883727 0.000453 0.000525 0.000230 0.000037 0.107322 0.007707 1.736245
0.884908 0.000439 0.000516 0.000226 0.000034 0.106170 0.007708 1.736295
0.886069 0.000434 0.000513 0.000224 0.000030 0.105020 0.007710 1.736347
0.887210 0.000430 0.000502 0.000227 0.000029 0.103891 0.007710 1.736393
0.888309 0.000432 0.000501 0.000224 0.000028 0.102797 0.007710 1.736440
0.889404 0.000426 0.000493 0.000222 0.000028 0.101717 0.007711 1.736481
0.890483 0.000425 0.000484 0.000218 0.000026 0.100652 0.007712 1.736520
0.891510 0.000425 0.000483 0.000213 0.000025 0.099630 0.007714 1.736565
0.892552 0.000422 0.000474 0.000209 0.000023 0.098605 0.007714 1.736609
0.893600 0.000424 0.000467 0.000207 0.000024 0.097564 0.007714 1.736648
0.894573 0.000428 0.000464 0.000206 0.000024 0.096592 0.007714 1.736689
0.895551 0.000424 0.000460 0.000207 0.000023 0.095620 0.007715 1.736737
0.896508 0.000433 0.000459 0.000201 0.000023 0.094660 0.007715 1.736771
0.897490 0.000436 0.000453 0.000200 0.000022 0.093682 0.007717 1.736813
0.898412 0.000436 0.000455 0.000201 0.000021 0.092757 0.007717 1.736853
0.899340 0.000444 0.000449 0.000199 0.000020 0.091831 0.007718 1.736892
0.900256 0.000433 0.000455 0.000200 0.000021 0.090918 0.007718 1.736937
0.901145 0.000434 0.000452 0.000198 0.000020 0.090033 0.007718 1.736976
0.901993 0.000437 0.000447 0.000197 0.000020 0.089187 0.007718 1.737014
0.902838 0.000433 0.000451 0.000195 0.000020 0.088345 0.007718 1.737059
0.903663 0.000421 0.000452 0.000196 0.000019 0.087532 0.007718 1.737107
0.904490 0.000410 0.000453 0.000191 0.000018 0.086720 0.007718 1.737157
0.905333 0.000414 0.000450 0.000190 0.000018 0.085877 0.007718 1.737197
0.906117 0.000412 0.000449 0.000189 0.000018 0.085097 0.007718 1.737239
0.906897 0.000410 0.000452 0.000187 0.000018 0.084318 0.007718 1.737283
0.907676 0.000405 0.000456 0.000186 0.000019 0.083539 0.007719 1.737331
0.908428 0.000402 0.000455 0.000186 0.000018 0.082792 0.007719 1.737375
0.909147 0.000407 0.000455 0.000191 0.000018 0.082063 0.007719 1.737416
0.909899 0.000401 0.000451 0.000193 0.000018 0.081319 0.007720 1.737460
0.910607 0.000397 0.000443 0.000196 0.000017 0.080620 0.007721 1.737500
0.911311 0.000395 0.000436 0.000199 0.000018 0.079919 0.007721 1.737541
0.911961 0.000398 0.000441 0.000197 0.000018 0.079264 0.007721 1.737584
0.912620 0.000401 0.000434 0.000196 0.000017 0.078612 0.007721 1.737616
0.913249 0.000385 0.000432 0.000202 0.000018 0.077993 0.007721 1.737664
0.913907 0.000384 0.000428 0.000202 0.000017 0.077341 0.007721 1.737705
0.914559 0.000381 0.000426 0.000200 0.000017 0.076697 0.007721 1.737742
0.915219 0.000373 0.000432 0.000195 0.000016 0.076044 0.007721 1.737782
0.915832 0.000372 0.000434 0.000195 0.000015 0.075430 0.007722 1.737825
0.916469 0.000383 0.000421 0.000187 0.000015 0.074803 0.007722 1.737852
0.917060 0.000384 0.000425 0.000189 0.000015 0.074204 0.007722 1.737898
0.917675 0.000376 0.000434 0.000191 0.000014 0.073587 0.007722 1.737942
0.918278 0.000373 0.000433 0.000188 0.000014 0.072993 0.007722 1.737979
0.918871 0.000367 0.000423 0.000189 0.000013 0.072415 0.007722 1.738015
0.919428 0.000363 0.000420 0.000186 0.000013 0.071869 0.007722 1.738054
0.920008 0.000367 0.000415 0.000188 0.000013 0.071287 0.007722 1.738090
0.920551 0.000365 0.000419 0.000184 0.000013 0.070745 0.007722 1.738132
0.921078 0.000375 0.000409 0.000179 0.000013 0.070223 0.007722 1.738164
0.921620 0.000377 0.000409 0.000179 0.000013 0.069679 0.007722 1.738198
0.922148 0.000371 0.000408 0.000177 0.000013 0.069160 0.007723 1.738236
0.922682 0.000361 0.000402 0.000175 0.000012 0.068645 0.007723 1.738282
0.923192 0.000353 0.000398 0.000180 0.000012 0.068142 0.007724 1.738321
0.923708 0.000352 0.000401 0.000172 0.000011 0.067632 0.007724 1.738357
0.924222 0.000347 0.000401 0.000167 0.000011 0.067129 0.007724 1.738395
0.924709 0.000358 0.000391 0.000167 0.000010 0.066640 0.007725 1.738425
0.925178 0.000348 0.000393 0.000171 0.000010 0.066175 0.007725 1.738467
0.925660 0.000335 0.000399 0.000170 0.000010 0.065701 0.007725 1.738509
0.926124 0.000332 0.000397 0.000177 0.000010 0.065235 0.007725 1.738546
0.926593 0.000337 0.000390 0.000169 0.000010 0.064776 0.007725 1.738576
0.927041 0.000329 0.000380 0.000166 0.000010 0.064349 0.007725 1.738610
0.927474 0.000333 0.000371 0.000160 0.000010 0.063927 0.007725 1.738640
0.927919 0.000329 0.000368 0.000159 0.000010 0.063489 0.007725 1.738677
0.928329 0.000335 0.000366 0.000155 0.000010 0.063079 0.007725 1.738711
0.928720 0.000345 0.000354 0.000152 0.000010 0.062695 0.007726 1.738739
0.929108 0.000341 0.000356 0.000153 0.000009 0.062307 0.007726 1.738779
0.929504 0.000351 0.000354 0.000156 0.000009 0.061900 0.007726 1.738806
0.929889 0.000349 0.000357 0.000158 0.000008 0.061514 0.007726 1.738846
0.930265 0.000345 0.000350 0.000152 0.000008 0.061154 0.007726 1.738879
0.930618 0.000351 0.000345 0.000152 0.000008 0.060799 0.007726 1.738908
0.930958 0.000350 0.000344 0.000156 0.000008 0.060458 0.007727 1.738945
0.931311 0.000351 0.000345 0.000149 0.000007 0.060111 0.007727 1.738975
0.931645 0.000352 0.000348 0.000148 0.000008 0.059772 0.007727 1.739009
0.931985 0.000361 0.000339 0.000144 0.000008 0.059437 0.007727 1.739033
0.932311 0.000359 0.000339 0.000143 0.000008 0.059114 0.007727 1.739069
0.932635 0.000359 0.000336 0.000143 0.000008 0.058793 0.007727 1.739103
0.932961 0.000362 0.000331 0.000146 0.000008 0.058466 0.007727 1.739134
0.933269 0.000360 0.000334 0.000145 0.000008 0.058157 0.007728 1.739169
0.933565 0.000359 0.000334 0.000141 0.000008 0.057867 0.007728 1.739202
0.933849 0.000360 0.000333 0.000141 0.000008 0.057581 0.007728 1.739236
0.934136 0.000353 0.000332 0.000147 0.000008 0.057298 0.007728 1.739270
0.934413 0.000356 0.000331 0.000147 0.000008 0.057018 0.007728 1.739304
0.934713 0.000353 0.000335 0.000149 0.000008 0.056716 0.007728 1.739339
0.934995 0.000349 0.000333 0.000147 0.000007 0.056441 0.007728 1.739371
0.935248 0.000349 0.000328 0.000149 0.000007 0.056192 0.007728 1.739403
0.935511 0.000356 0.000323 0.000149 0.000007 0.055926 0.007728 1.739433
0.935764 0.000361 0.000322 0.000145 0.000007 0.055673 0.007729 1.739465
0.935999 0.000363 0.000329 0.000143 0.000008 0.055430 0.007729 1.739499
0.936242 0.000363 0.000332 0.000145 0.000008 0.055182 0.007729 1.739537
0.936500 0.000366 0.000336 0.000146 0.000006 0.054916 0.007729 1.739571
0.936733 0.000367 0.000338 0.000151 0.000007 0.054675 0.007729 1.739609
0.936919 0.000370 0.000338 0.000152 0.000006 0.054486 0.007730 1.739644
0.937138 0.000373 0.000339 0.000156 0.000007 0.054259 0.007730 1.739680
0.937328 0.000378 0.000339 0.000156 0.000007 0.054063 0.007730 1.739714
0.937537 0.000386 0.000341 0.000158 0.000007 0.053841 0.007730 1.739749
0.937752 0.000384 0.000336 0.000159 0.000007 0.053632 0.007730 1.739782
0.937958 0.000383 0.000344 0.000156 0.000007 0.053423 0.007730 1.739824
0.938112 0.000393 0.000343 0.000155 0.000008 0.053260 0.007730 1.739864
0.938302 0.000397 0.000354 0.000159 0.000009 0.053052 0.007730 1.739905
0.938478 0.000398 0.000354 0.000163 0.000008 0.052868 0.007730 1.739944
0.938645 0.000403 0.000357 0.000160 0.000008 0.052695 0.007730 1.739980
0.938839 0.000398 0.000356 0.000162 0.000008 0.052508 0.007730 1.740021
0.939001 0.000391 0.000359 0.000163 0.000009 0.052347 0.007730 1.740064
0.939193 0.000378 0.000367 0.000158 0.000008 0.052165 0.007730 1.740108
0.939357 0.000376 0.000372 0.000166 0.000008 0.051991 0.007730 1.740154
0.939513 0.000374 0.000374 0.000171 0.000008 0.051830 0.007730 1.740194
0.939674 0.000372 0.000362 0.000173 0.000008 0.051681 0.007730 1.740229
0.939826 0.000383 0.000362 0.000162 0.000008 0.051528 0.007730 1.740254
0.939978 0.000377 0.000362 0.000164 0.000008 0.051381 0.007730 1.740291
0.940140 0.000382 0.000358 0.000167 0.000008 0.051215 0.007731 1.740323
0.940277 0.000382 0.000355 0.000163 0.000009 0.051083 0.007731 1.740360
0.940414 0.000375 0.000361 0.000166 0.000009 0.050944 0.007731 1.740410
0.940553 0.000382 0.000368 0.000163 0.000008 0.050794 0.007731 1.740441
0.940684 0.000388 0.000367 0.000163 0.000008 0.050658 0.007731 1.740475
0.940808 0.000392 0.000368 0.000165 0.000008 0.050528 0.007731 1.740512
0.940953 0.000386 0.000362 0.000165 0.000008 0.050394 0.007731 1.740554
0.941083 0.000395 0.000364 0.000161 0.000009 0.050257 0.007731 1.740590
0.941200 0.000408 0.000364 0.000162 0.000009 0.050126 0.007731 1.740626
0.941324 0.000413 0.000365 0.000160 0.000008 0.049999 0.007732 1.740661
0.941437 0.000412 0.000372 0.000161 0.000009 0.049878 0.007732 1.740702
0.941565 0.000403 0.000379 0.000164 0.000009 0.049749 0.007732 1.740748
0.941678 0.000403 0.000382 0.000170 0.000008 0.049626 0.007732 1.740789
0.941794 0.000401 0.000384 0.000175 0.000008 0.049506 0.007732 1.740831
0.941926 0.000395 0.000382 0.000176 0.000008 0.049381 0.007732 1.740876
0.942033 0.000399 0.000382 0.000180 0.000007 0.049268 0.007732 1.740912
0.942144 0.000397 0.000386 0.000175 0.000008 0.049160 0.007732 1.740950
0.942244 0.000402 0.000382 0.000175 0.000009 0.049056 0.007732 1.740988
0.942355 0.000401 0.000377 0.000173 0.000009 0.048952 0.007732 1.741024
0.942449 0.000404 0.000379 0.000169 0.000009 0.048859 0.007732 1.741057
0.942546 0.000406 0.000383 0.000172 0.000009 0.048752 0.007732 1.741100
0.942647 0.000411 0.000387 0.000169 0.000008 0.048647 0.007732 1.741139
0.942732 0.000411 0.000385 0.000173 0.000007 0.048561 0.007732 1.741182
0.942825 0.000411 0.000387 0.000176 0.000008 0.048462 0.007732 1.741226
0.942921 0.000416 0.000389 0.000171 0.000009 0.048363 0.007732 1.741264
0.943007 0.000427 0.000391 0.000167 0.000008 0.048268 0.007732 1.741297
0.943096 0.000433 0.000395 0.000168 0.000008 0.048169 0.007732 1.741338
0.943175 0.000438 0.000400 0.000168 0.000008 0.048078 0.007732 1.741378
0.943277 0.000437 0.000394 0.000170 0.000008 0.047982 0.007732 1.741417
0.943379 0.000430 0.000390 0.000167 0.000008 0.047894 0.007732 1.741460
0.943481 0.000423 0.000397 0.000170 0.000008 0.047788 0.007732 1.741502
0.943577 0.000422 0.000400 0.000163 0.000008 0.047697 0.007732 1.741544
0.943666 0.000422 0.000404 0.000161 0.000009 0.047606 0.007732 1.741584
0.943754 0.000429 0.000405 0.000162 0.000009 0.047510 0.007732 1.741619
0.943831 0.000435 0.000399 0.000164 0.000009 0.047430 0.007732 1.741657
0.943897 0.000431 0.000403 0.000167 0.000009 0.047360 0.007732 1.741703
0.943971 0.000424 0.000413 0.000174 0.000009 0.047277 0.007732 1.741753
0.944049 0.000427 0.000402 0.000174 0.000009 0.047207 0.007732 1.741786
0.944127 0.000420 0.000409 0.000179 0.000008 0.047124 0.007732 1.741832
0.944205 0.000416 0.000408 0.000178 0.000008 0.047054 0.007732 1.741877
0.944282 0.000417 0.000401 0.000179 0.000009 0.046979 0.007732 1.741916
0.944354 0.000407 0.000401 0.000186 0.000009 0.046912 0.007732 1.741962
0.944412 0.000409 0.000398 0.000186 0.000009 0.046855 0.007732 1.742000
0.944480 0.000403 0.000398 0.000190 0.000010 0.046787 0.007732 1.742040
0.944545 0.000403 0.000397 0.000192 0.000011 0.046719 0.007732 1.742082
0.944610 0.000400 0.000402 0.000190 0.000011 0.046656 0.007732 1.742127
0.944663 0.000393 0.000405 0.000188 0.000011 0.046608 0.007732 1.742173
0.944725 0.000386 0.000408 0.000190 0.000012 0.046546 0.007732 1.742216
0.944792 0.000379 0.000403 0.000190 0.000012 0.046491 0.007732 1.742256
0.944859 0.000386 0.000400 0.000185 0.000012 0.046425 0.007733 1.742289
0.944924 0.000383 0.000401 0.000186 0.000012 0.046361 0.007733 1.742328
0.944973 0.000389 0.000386 0.000186 0.000012 0.046320 0.007733 1.742362
0.945023 0.000391 0.000387 0.000183 0.000012 0.046272 0.007733 1.742400
0.945087 0.000396 0.000381 0.000185 0.000012 0.046206 0.007733 1.742436
0.945142 0.000394 0.000377 0.000181 0.000012 0.046161 0.007734 1.742473
0.945192 0.000405 0.000376 0.000178 0.000012 0.046104 0.007734 1.742507
0.945243 0.000409 0.000378 0.000182 0.000012 0.046043 0.007734 1.742549
0.945295 0.000406 0.000379 0.000184 0.000012 0.045990 0.007734 1.742590
0.945347 0.000416 0.000375 0.000182 0.000011 0.045935 0.007734 1.742624
0.945406 0.000415 0.000372 0.000178 0.000011 0.045884 0.007734 1.742662
0.945443 0.000424 0.000378 0.000178 0.000011 0.045832 0.007734 1.742698
0.945490 0.000429 0.000385 0.000176 0.000011 0.045774 0.007735 1.742739
0.945542 0.000436 0.000384 0.000177 0.000010 0.045717 0.007735 1.742777
0.945591 0.000438 0.000384 0.000173 0.000010 0.045670 0.007735 1.742818
0.945648 0.000436 0.000386 0.000170 0.000010 0.045615 0.007735 1.742863
0.945698 0.000440 0.000385 0.000174 0.000010 0.045558 0.007735 1.742903
0.945746 0.000438 0.000376 0.000188 0.000010 0.045508 0.007735 1.742950
0.945789 0.000440 0.000373 0.000189 0.000009 0.045464 0.007736 1.742996
0.945822 0.000443 0.000380 0.000183 0.000012 0.045424 0.007736 1.743037
0.945864 0.000433 0.000385 0.000181 0.000012 0.045389 0.007736 1.743084
0.945917 0.000430 0.000381 0.000185 0.000012 0.045338 0.007737 1.743126
0.945955 0.000434 0.000388 0.000187 0.000011 0.045288 0.007737 1.743168
0.945984 0.000430 0.000393 0.000193 0.000011 0.045251 0.007737 1.743219
0.946017 0.000428 0.000389 0.000199 0.000011 0.045218 0.007738 1.743261
0.946072 0.000418 0.000395 0.000195 0.000010 0.045173 0.007738 1.743306
0.946113 0.000407 0.000402 0.000199 0.000010 0.045133 0.007738 1.743349
0.946152 0.000417 0.000403 0.000197 0.000010 0.045084 0.007738 1.743384
0.946192 0.000424 0.000395 0.000196 0.000010 0.045047 0.007738 1.743421
0.946218 0.000427 0.000394 0.000187 0.000011 0.045025 0.007738 1.743457
0.946248 0.000427 0.000397 0.000186 0.000010 0.044995 0.007738 1.743505
0.946272 0.000431 0.000396 0.000184 0.000010 0.044970 0.007738 1.743548
0.946316 0.000432 0.000395 0.000186 0.000009 0.044924 0.007739 1.743589
0.946352 0.000425 0.000400 0.000189 0.000008 0.044887 0.007739 1.743634
0.946366 0.000435 0.000396 0.000187 0.000008 0.044868 0.007739 1.743672
0.946398 0.000437 0.000402 0.000178 0.000008 0.044838 0.007739 1.743716
0.946422 0.000440 0.000400 0.000181 0.000010 0.044808 0.007739 1.743764
0.946462 0.000433 0.000402 0.000180 0.000010 0.044774 0.007739 1.743806
0.946489 0.000430 0.000404 0.000182 0.000011 0.044746 0.007739 1.743850
0.946520 0.000434 0.000398 0.000179 0.000012 0.044719 0.007739 1.743887
0.946553 0.000419 0.000398 0.000183 0.000012 0.044696 0.007739 1.743932
0.946581 0.000414 0.000403 0.000181 0.000014 0.044669 0.007739 1.743977
0.946618 0.000409 0.000399 0.000179 0.000014 0.044642 0.007739 1.744015
0.946651 0.000410 0.000391 0.000186 0.000014 0.044608 0.007739 1.744052
0.946672 0.000405 0.000386 0.000188 0.000014 0.044597 0.007739 1.744097
0.946711 0.000398 0.000388 0.000188 0.000015 0.044562 0.007739 1.744139
0.946744 0.000402 0.000382 0.000183 0.000015 0.044535 0.007739 1.744171
0.946772 0.000394 0.000376 0.000186 0.000016 0.044516 0.007739 1.744211
0.946795 0.000397 0.000375 0.000178 0.000016 0.044499 0.007740 1.744248
0.946838 0.000391 0.000370 0.000180 0.000015 0.044467 0.007740 1.744285
0.946861 0.000386 0.000370 0.000183 0.000015 0.044445 0.007741 1.744327
0.946879 0.000394 0.000374 0.000184 0.000014 0.044414 0.007742 1.744366
0.946915 0.000380 0.000378 0.000186 0.000014 0.044386 0.007742 1.744412
0.946946 0.000377 0.000378 0.000186 0.000014 0.044358 0.007742 1.744452
0.946968 0.000375 0.000383 0.000187 0.000014 0.044332 0.007742 1.744493
0.946995 0.000371 0.000377 0.000182 0.000014 0.044319 0.007742 1.744530
0.947012 0.000368 0.000369 0.000181 0.000013 0.044316 0.007742 1.744565
0.947050 0.000374 0.000362 0.000179 0.000012 0.044280 0.007742 1.744593
0.947093 0.000363 0.000367 0.000173 0.000012 0.044250 0.007743 1.744634
0.947113 0.000364 0.000369 0.000172 0.000012 0.044227 0.007743 1.744673
0.947145 0.000371 0.000367 0.000166 0.000012 0.044194 0.007744 1.744706
0.947173 0.000373 0.000358 0.000165 0.000012 0.044175 0.007744 1.744738
0.947196 0.000379 0.000361 0.000165 0.000012 0.044143 0.007744 1.744769
0.947228 0.000373 0.000369 0.000163 0.000013 0.044111 0.007744 1.744808
0.947256 0.000367 0.000369 0.000162 0.000014 0.044088 0.007744 1.744849
0.947269 0.000361 0.000376 0.000164 0.000014 0.044072 0.007744 1.744897
0.947295 0.000354 0.000382 0.000166 0.000012 0.044047 0.007744 1.744940
0.947330 0.000350 0.000387 0.000165 0.000013 0.044010 0.007744 1.744978
0.947347 0.000352 0.000386 0.000166 0.000013 0.043992 0.007744 1.745016
0.947376 0.000348 0.000386 0.000160 0.000013 0.043972 0.007744 1.745052
0.947402 0.000343 0.000382 0.000160 0.000014 0.043954 0.007744 1.745086
0.947420 0.000347 0.000375 0.000160 0.000014 0.043939 0.007745 1.745115
0.947433 0.000365 0.000371 0.000159 0.000014 0.043914 0.007745 1.745139
0.947453 0.000367 0.000362 0.000164 0.000012 0.043897 0.007745 1.745176
0.947473 0.000364 0.000364 0.000166 0.000012 0.043876 0.007745 1.745219
0.947498 0.000358 0.000365 0.000165 0.000012 0.043856 0.007745 1.745257
0.947525 0.000356 0.000360 0.000165 0.000012 0.043836 0.007745 1.745285
0.947547 0.000351 0.000369 0.000169 0.000012 0.043807 0.007745 1.745329
0.947570 0.000351 0.000369 0.000168 0.000013 0.043785 0.007745 1.745361
0.947590 0.000356 0.000363 0.000164 0.000012 0.043770 0.007745 1.745389
0.947596 0.000364 0.000360 0.000163 0.000013 0.043759 0.007745 1.745422
0.947611 0.000373 0.000354 0.000161 0.000013 0.043743 0.007745 1.745454
0.947637 0.000366 0.000364 0.000163 0.000012 0.043713 0.007747 1.745498
0.947665 0.000366 0.000360 0.000164 0.000012 0.043687 0.007747 1.745532
0.947677 0.000371 0.000358 0.000167 0.000011 0.043669 0.007747 1.745569
0.947687 0.000369 0.000359 0.000170 0.000012 0.043659 0.007747 1.745605
0.947701 0.000379 0.000354 0.000167 0.000012 0.043640 0.007747 1.745636
0.947710 0.000387 0.000351 0.000164 0.000012 0.043630 0.007747 1.745671
0.947739 0.000386 0.000353 0.000162 0.000012 0.043602 0.007747 1.745707
0.947754 0.000386 0.000354 0.000162 0.000012 0.043584 0.007747 1.745746
0.947782 0.000379 0.000350 0.000165 0.000011 0.043565 0.007748 1.745785
0.947798 0.000380 0.000352 0.000171 0.000010 0.043540 0.007750 1.745825
0.947812 0.000385 0.000356 0.000167 0.000010 0.043520 0.007750 1.745862
0.947828 0.000382 0.000351 0.000170 0.000010 0.043510 0.007750 1.745903
0.947846 0.000378 0.000354 0.000177 0.000009 0.043488 0.007750 1.745947
0.947863 0.000376 0.000359 0.000175 0.000009 0.043469 0.007750 1.745986
0.947882 0.000367 0.000352 0.000177 0.000010 0.043464 0.007750 1.746027
0.947899 0.000371 0.000352 0.000180 0.000009 0.043440 0.007750 1.746061
0.947915 0.000363 0.000354 0.000185 0.000009 0.043424 0.007750 1.746104
0.947924 0.000362 0.000349 0.000180 0.000009 0.043426 0.007750 1.746139
0.947932 0.000367 0.000353 0.000177 0.000009 0.043413 0.007750 1.746174
0.947937 0.000365 0.000354 0.000171 0.000008 0.043415 0.007750 1.746215
0.947952 0.000364 0.000354 0.000168 0.000009 0.043403 0.007750 1.746253
0.947970 0.000361 0.000343 0.000169 0.000009 0.043400 0.007750 1.746285
0.947987 0.000368 0.000339 0.000163 0.000008 0.043385 0.007750 1.746313
0.948002 0.000374 0.000340 0.000162 0.000008 0.043363 0.007750 1.746348
0.948024 0.000370 0.000338 0.000161 0.000009 0.043349 0.007750 1.746388
0.948043 0.000371 0.000341 0.000159 0.000009 0.043326 0.007751 1.746422
0.948047 0.000377 0.000342 0.000160 0.000009 0.043315 0.007751 1.746458
0.948055 0.000383 0.000336 0.000161 0.000008 0.043306 0.007751 1.746496
0.948066 0.000389 0.000334 0.000159 0.000008 0.043294 0.007751 1.746528
0.948085 0.000382 0.000334 0.000160 0.000008 0.043280 0.007751 1.746566
0.948095 0.000385 0.000336 0.000158 0.000008 0.043267 0.007751 1.746603
0.948109 0.000389 0.000347 0.000156 0.000009 0.043241 0.007751 1.746640
0.948117 0.000383 0.000350 0.000161 0.000010 0.043229 0.007751 1.746682
0.948132 0.000378 0.000351 0.000163 0.000009 0.043217 0.007751 1.746718
0.948141 0.000376 0.000350 0.000169 0.000009 0.043204 0.007751 1.746757
0.948158 0.000383 0.000349 0.000173 0.000009 0.043179 0.007751 1.746788
0.948178 0.000376 0.000356 0.000175 0.000009 0.043157 0.007751 1.746830
0.948193 0.000372 0.000358 0.000176 0.000009 0.043140 0.007751 1.746868
0.948210 0.000367 0.000356 0.000182 0.000008 0.043125 0.007751 1.746907
0.948215 0.000371 0.000351 0.000175 0.000009 0.043130 0.007751 1.746938
0.948213 0.000374 0.000354 0.000173 0.000008 0.043126 0.007752 1.746976
0.948220 0.000359 0.000354 0.000181 0.000008 0.043125 0.007752 1.747022
0.948238 0.000361 0.000346 0.000179 0.000008 0.043117 0.007752 1.747056
0.948243 0.000354 0.000344 0.000184 0.000008 0.043115 0.007752 1.747098
0.948246 0.000354 0.000345 0.000183 0.000009 0.043112 0.007752 1.747137
0.948269 0.000337 0.000344 0.000182 0.000009 0.043105 0.007753 1.747182
0.948269 0.000350 0.000343 0.000175 0.000008 0.043101 0.007754 1.747213
0.948277 0.000348 0.000340 0.000179 0.000009 0.043094 0.007754 1.747244
0.948300 0.000330 0.000343 0.000180 0.000009 0.043085 0.007754 1.747283
0.948327 0.000327 0.000341 0.000182 0.000009 0.043061 0.007754 1.747314
0.948334 0.000326 0.000334 0.000176 0.000009 0.043067 0.007754 1.747345
0.948338 0.000328 0.000340 0.000174 0.000009 0.043058 0.007754 1.747379
0.948340 0.000335 0.000346 0.000168 0.000009 0.043049 0.007754 1.747409
0.948341 0.000337 0.000345 0.000173 0.000009 0.043042 0.007754 1.747446
0.948348 0.000339 0.000332 0.000168 0.000010 0.043051 0.007754 1.747478
0.948355 0.000332 0.000334 0.000172 0.000009 0.043045 0.007754 1.747522
0.948365 0.000330 0.000336 0.000168 0.000009 0.043040 0.007754 1.747558
0.948379 0.000326 0.000328 0.000163 0.000008 0.043043 0.007754 1.747589
0.948391 0.000317 0.000330 0.000157 0.000008 0.043043 0.007754 1.747624
0.948399 0.000311 0.000330 0.000158 0.000006 0.043041 0.007755 1.747661
0.948412 0.000308 0.000322 0.000158 0.000007 0.043039 0.007755 1.747690
0.948434 0.000304 0.000317 0.000157 0.000007 0.043027 0.007755 1.747718
0.948444 0.000306 0.000313 0.000149 0.000008 0.043026 0.007755 1.747748
0.948456 0.000306 0.000313 0.000143 0.000008 0.043020 0.007755 1.747778
0.948472 0.000300 0.000315 0.000139 0.000006 0.043013 0.007756 1.747809
0.948481 0.000297 0.000314 0.000138 0.000006 0.043008 0.007756 1.747838
0.948491 0.000309 0.000300 0.000132 0.000007 0.043004 0.007756 1.747862
0.948499 0.000316 0.000299 0.000129 0.000007 0.042996 0.007756 1.747891
0.948508 0.000320 0.000294 0.000130 0.000007 0.042985 0.007756 1.747918
0.948516 0.000319 0.000297 0.000132 0.000008 0.042972 0.007756 1.747952
0.948529 0.000315 0.000298 0.000131 0.000008 0.042965 0.007756 1.747982
0.948542 0.000321 0.000299 0.000130 0.000008 0.042944 0.007756 1.748011
0.948549 0.000325 0.000292 0.000130 0.000008 0.042941 0.007756 1.748043
0.948557 0.000331 0.000288 0.000127 0.000008 0.042933 0.007756 1.748068
0.948568 0.000324 0.000286 0.000127 0.000009 0.042930 0.007756 1.748100
0.948574 0.000320 0.000289 0.000133 0.000009 0.042920 0.007756 1.748133
0.948593 0.000320 0.000286 0.000138 0.000008 0.042899 0.007757 1.748164
0.948604 0.000316 0.000284 0.000142 0.000008 0.042889 0.007757 1.748199
0.948611 0.000307 0.000288 0.000143 0.000007 0.042887 0.007757 1.748234
0.948626 0.000311 0.000280 0.000144 0.000006 0.042876 0.007758 1.748260
0.948637 0.000311 0.000277 0.000149 0.000006 0.042864 0.007758 1.748289
0.948646 0.000307 0.000280 0.000145 0.000008 0.042859 0.007758 1.748320
0.948663 0.000303 0.000289 0.000144 0.000007 0.042836 0.007758 1.748353
0.948678 0.000291 0.000291 0.000148 0.000007 0.042829 0.007758 1.748388
0.948683 0.000300 0.000283 0.000150 0.000006 0.042820 0.007758 1.748413
0.948688 0.000298 0.000286 0.000151 0.000006 0.042814 0.007758 1.748442
0.948692 0.000291 0.000291 0.000149 0.000006 0.042815 0.007758 1.748478
0.948705 0.000289 0.000289 0.000147 0.000006 0.042808 0.007758 1.748503
0.948714 0.000286 0.000286 0.000146 0.000007 0.042803 0.007758 1.748534
0.948722 0.000286 0.000286 0.000146 0.000008 0.042794 0.007758 1.748564
0.948735 0.000288 0.000283 0.000144 0.000008 0.042784 0.007758 1.748591
0.948750 0.000289 0.000281 0.000142 0.000007 0.042774 0.007758 1.748616
0.948754 0.000289 0.000287 0.000142 0.000006 0.042765 0.007759 1.748650
0.948765 0.000286 0.000288 0.000138 0.000006 0.042758 0.007759 1.748683
0.948760 0.000287 0.000296 0.000135 0.000006 0.042757 0.007759 1.748717
0.948769 0.000287 0.000296 0.000133 0.000006 0.042751 0.007759 1.748748
0.948768 0.000287 0.000291 0.000131 0.000005 0.042759 0.007759 1.748777
0.948781 0.000292 0.000281 0.000128 0.000006 0.042754 0.007759 1.748801
0.948795 0.000293 0.000280 0.000128 0.000005 0.042740 0.007759 1.748828
0.948807 0.000290 0.000278 0.000129 0.000007 0.042730 0.007759 1.748859
0.948810 0.000297 0.000277 0.000126 0.000007 0.042724 0.007759 1.748886
0.948817 0.000297 0.000270 0.000127 0.000007 0.042723 0.007759 1.748913
0.948823 0.000298 0.000267 0.000134 0.000007 0.042712 0.007759 1.748944
0.948826 0.000300 0.000273 0.000137 0.000007 0.042699 0.007759 1.748979
0.948826 0.000300 0.000272 0.000137 0.000007 0.042699 0.007759 1.749011
0.948830 0.000303 0.000279 0.000133 0.000007 0.042690 0.007759 1.749040
0.948836 0.000304 0.000278 0.000133 0.000005 0.042684 0.007761 1.749069
0.948844 0.000308 0.000276 0.000135 0.000006 0.042671 0.007761 1.749098
0.948861 0.000297 0.000280 0.000136 0.000006 0.042660 0.007761 1.749130
0.948872 0.000298 0.000277 0.000137 0.000006 0.042650 0.007761 1.749160
0.948879 0.000305 0.000275 0.000139 0.000006 0.042634 0.007761 1.749188
0.948892 0.000295 0.000280 0.000141 0.000006 0.042625 0.007761 1.749224
0.948899 0.000296 0.000280 0.000141 0.000005 0.042619 0.007761 1.749253
0.948913 0.000295 0.000277 0.000137 0.000006 0.042612 0.007761 1.749279
0.948920 0.000288 0.000275 0.000135 0.000007 0.042614 0.007761 1.749308
0.948926 0.000292 0.000276 0.000131 0.000007 0.042607 0.007762 1.749334
0.948929 0.000284 0.000275 0.000135 0.000008 0.042607 0.007762 1.749369
0.948939 0.000283 0.000272 0.000135 0.000009 0.042602 0.007762 1.749395
0.948938 0.000283 0.000271 0.000135 0.000009 0.042603 0.007762 1.749424
0.948947 0.000279 0.000274 0.000132 0.000009 0.042598 0.007762 1.749454
0.948952 0.000281 0.000268 0.000131 0.000009 0.042597 0.007762 1.749478
0.948961 0.000281 0.000273 0.000125 0.000009 0.042590 0.007762 1.749506
0.948968 0.000278 0.000272 0.000126 0.000008 0.042586 0.007762 1.749537
0.948979 0.000268 0.000283 0.000126 0.000008 0.042574 0.007763 1.749573
0.948990 0.000262 0.000288 0.000124 0.000008 0.042567 0.007763 1.749601
0.949002 0.000261 0.000280 0.000125 0.000008 0.042562 0.007763 1.749627
0.948995 0.000265 0.000284 0.000126 0.000008 0.042559 0.007763 1.749657
0.949000 0.000265 0.000285 0.000126 0.000008 0.042553 0.007763 1.749686
0.949010 0.000267 0.000283 0.000125 0.000009 0.042545 0.007763 1.749711
0.949017 0.000267 0.000283 0.000126 0.000008 0.042537 0.007763 1.749741
0.949013 0.000278 0.000274 0.000121 0.000008 0.042544 0.007763 1.749764
0.949015 0.000282 0.000282 0.000122 0.000008 0.042528 0.007763 1.749794
0.949017 0.000285 0.000281 0.000124 0.000007 0.042523 0.007763 1.749823
0.949025 0.000287 0.000280 0.000118 0.000008 0.042520 0.007763 1.749848
0.949037 0.000288 0.000280 0.000122 0.000008 0.042503 0.007763 1.749876
0.949032 0.000287 0.000277 0.000121 0.000008 0.042511 0.007763 1.749904
0.949029 0.000298 0.000273 0.000119 0.000008 0.042510 0.007764 1.749931
0.949017 0.000302 0.000275 0.000121 0.000007 0.042515 0.007764 1.749961
0.949025 0.000303 0.000276 0.000123 0.000006 0.042503 0.007765 1.749989
0.949016 0.000303 0.000282 0.000125 0.000006 0.042503 0.007766 1.750023
0.949005 0.000311 0.000284 0.000125 0.000005 0.042504 0.007766 1.750052
0.949006 0.000312 0.000287 0.000118 0.000005 0.042505 0.007766 1.750080
0.949008 0.000311 0.000294 0.000114 0.000005 0.042503 0.007766 1.750113
0.949012 0.000302 0.000293 0.000119 0.000005 0.042504 0.007766 1.750150
0.949010 0.000304 0.000296 0.000120 0.000005 0.042499 0.007766 1.750179
0.949012 0.000305 0.000292 0.000121 0.000005 0.042499 0.007766 1.750206
0.949014 0.000303 0.000294 0.000123 0.000005 0.042496 0.007766 1.750235
0.949021 0.000298 0.000294 0.000121 0.000005 0.042495 0.007766 1.750264
0.949016 0.000303 0.000293 0.000122 0.000005 0.042495 0.007766 1.750291
0.949016 0.000300 0.000291 0.000119 0.000004 0.042503 0.007767 1.750320
0.949016 0.000299 0.000295 0.000121 0.000004 0.042499 0.007767 1.750347
0.949013 0.000295 0.000296 0.000123 0.000005 0.042501 0.007767 1.750381
0.949013 0.000294 0.000293 0.000121 0.000005 0.042508 0.007767 1.750408
0.949024 0.000292 0.000295 0.000121 0.000005 0.042499 0.007767 1.750440
0.949028 0.000280 0.000300 0.000125 0.000006 0.042494 0.007767 1.750471
0.949032 0.000280 0.000297 0.000128 0.000006 0.042490 0.007767 1.750499
0.949028 0.000287 0.000295 0.000125 0.000006 0.042493 0.007767 1.750527
