0.338581 0.063715 0.056067 0.032452 0.002232 0.500702 0.006252 1.646063
0.339836 0.062473 0.056080 0.032405 0.002231 0.500701 0.006276 1.652267
0.341511 0.061018 0.055988 0.032290 0.002242 0.500651 0.006300 1.658293
0.343534 0.059369 0.055788 0.032038 0.002221 0.500716 0.006333 1.664192
0.345684 0.057799 0.055406 0.031825 0.002213 0.500707 0.006366 1.669873
0.347910 0.056186 0.055054 0.031493 0.002207 0.500754 0.006396 1.675438
0.350408 0.054447 0.054712 0.031163 0.002193 0.500651 0.006426 1.680875
0.352964 0.052970 0.054218 0.030730 0.002191 0.500475 0.006453 1.686119
0.355515 0.051457 0.053636 0.030302 0.002181 0.500430 0.006479 1.691214
0.358324 0.050057 0.052969 0.029870 0.002180 0.500090 0.006510 1.696077
0.361162 0.048648 0.052323 0.029486 0.002160 0.499687 0.006534 1.700904
0.363967 0.047397 0.051577 0.029047 0.002155 0.499293 0.006565 1.705614
0.366961 0.046077 0.051041 0.028591 0.002152 0.498591 0.006589 1.710214
0.369760 0.045001 0.050343 0.028202 0.002129 0.497939 0.006626 1.714672
0.372784 0.043902 0.049534 0.027721 0.002122 0.497286 0.006652 1.718979
0.375857 0.042813 0.048775 0.027195 0.002127 0.496557 0.006677 1.723227
0.378751 0.041917 0.047919 0.026784 0.002106 0.495819 0.006704 1.727368
0.381862 0.040987 0.047140 0.026302 0.002101 0.494881 0.006726 1.731426
0.384969 0.040141 0.046366 0.025809 0.002096 0.493871 0.006748 1.735377
0.388011 0.039396 0.045620 0.025372 0.002092 0.492737 0.006772 1.739247
0.391035 0.038732 0.044818 0.024943 0.002068 0.491603 0.006802 1.743022
0.394228 0.038040 0.044033 0.024519 0.002043 0.490311 0.006826 1.746722
0.397261 0.037412 0.043236 0.024076 0.002032 0.489140 0.006842 1.750410
0.400405 0.036810 0.042376 0.023676 0.002016 0.487852 0.006866 1.754014
0.403416 0.036260 0.041679 0.023254 0.001998 0.486503 0.006891 1.757598
0.406349 0.035807 0.041041 0.022867 0.001980 0.485038 0.006918 1.761139
0.409435 0.035315 0.040463 0.022504 0.001959 0.483389 0.006937 1.764643
0.412388 0.034913 0.039775 0.022140 0.001950 0.481872 0.006961 1.768049
0.415585 0.034400 0.039157 0.021769 0.001933 0.480171 0.006985 1.771421
0.418599 0.033957 0.038571 0.021493 0.001905 0.478458 0.007018 1.774832
0.421657 0.033543 0.037981 0.021154 0.001876 0.476748 0.007041 1.778146
0.424628 0.033199 0.037416 0.020897 0.001842 0.474954 0.007065 1.781450
0.427645 0.032738 0.036854 0.020555 0.001818 0.473309 0.007082 1.784762
0.430662 0.032401 0.036366 0.020236 0.001797 0.471431 0.007107 1.787953
0.433600 0.032215 0.035741 0.019907 0.001784 0.469623 0.007130 1.791079
0.436500 0.032083 0.035231 0.019611 0.001751 0.467662 0.007162 1.794156
0.439399 0.031896 0.034769 0.019318 0.001716 0.465710 0.007191 1.797252
0.442201 0.031715 0.034318 0.019070 0.001705 0.463781 0.007211 1.800356
0.445092 0.031550 0.033844 0.018857 0.001688 0.461737 0.007233 1.803419
0.447879 0.031404 0.033377 0.018600 0.001671 0.459815 0.007254 1.806470
0.450633 0.031318 0.033010 0.018393 0.001638 0.457732 0.007277 1.809505
0.453337 0.031148 0.032689 0.018202 0.001614 0.455712 0.007300 1.812566
0.455958 0.031091 0.032312 0.018039 0.001602 0.453681 0.007318 1.815602
0.458623 0.031002 0.032004 0.017876 0.001583 0.451571 0.007341 1.818650
0.461385 0.030865 0.031664 0.017725 0.001573 0.449429 0.007360 1.821728
0.463958 0.030761 0.031428 0.017592 0.001554 0.447328 0.007380 1.824822
0.466653 0.030709 0.031072 0.017385 0.001537 0.445250 0.007394 1.827796
0.469242 0.030630 0.030782 0.017232 0.001519 0.443183 0.007412 1.830803
0.471664 0.030673 0.030541 0.017108 0.001510 0.441079 0.007426 1.833860
0.474098 0.030728 0.030332 0.016966 0.001490 0.438948 0.007438 1.836875
0.476525 0.030852 0.030123 0.016801 0.001475 0.436767 0.007457 1.839831
0.478792 0.030950 0.029887 0.016729 0.001442 0.434716 0.007483 1.842856
0.481293 0.030864 0.029718 0.016650 0.001419 0.432549 0.007507 1.845935
0.483597 0.030920 0.029493 0.016549 0.001397 0.430512 0.007532 1.848969
0.485832 0.030932 0.029348 0.016418 0.001381 0.428534 0.007555 1.852039
0.488156 0.030966 0.029245 0.016318 0.001372 0.426366 0.007576 1.855072
0.490352 0.031043 0.029104 0.016207 0.001358 0.424338 0.007596 1.858124
0.492410 0.031201 0.028933 0.016094 0.001342 0.422406 0.007613 1.861134
0.494516 0.031272 0.028896 0.016033 0.001333 0.420319 0.007632 1.864197
0.496519 0.031398 0.028840 0.016006 0.001314 0.418271 0.007652 1.867276
0.498439 0.031516 0.028786 0.016043 0.001302 0.416248 0.007665 1.870421
0.500515 0.031605 0.028778 0.016016 0.001285 0.414120 0.007682 1.873530
0.502553 0.031702 0.028792 0.015954 0.001277 0.412019 0.007701 1.876625
0.504356 0.031926 0.028726 0.015920 0.001262 0.410094 0.007717 1.879712
0.506077 0.032128 0.028753 0.015908 0.001260 0.408141 0.007733 1.882882
0.507845 0.032258 0.028725 0.015938 0.001243 0.406240 0.007752 1.886051
0.509485 0.032509 0.028709 0.015946 0.001240 0.404341 0.007771 1.889174
0.511157 0.032640 0.028670 0.015990 0.001223 0.402532 0.007788 1.892416
0.512868 0.032855 0.028614 0.015971 0.001215 0.400673 0.007804 1.895542
0.514511 0.033016 0.028591 0.015961 0.001199 0.398904 0.007818 1.898739
0.515993 0.033170 0.028629 0.015998 0.001182 0.397194 0.007833 1.902001
0.517581 0.033323 0.028721 0.015990 0.001185 0.395354 0.007846 1.905266
0.518934 0.033478 0.028826 0.016003 0.001175 0.393724 0.007860 1.908553
0.520354 0.033598 0.028907 0.016008 0.001168 0.392091 0.007872 1.911857
0.521686 0.033832 0.029016 0.016014 0.001165 0.390403 0.007884 1.915186
0.523062 0.034047 0.029078 0.016046 0.001153 0.388716 0.007900 1.918504
0.524418 0.034234 0.029129 0.016064 0.001160 0.387083 0.007912 1.921797
0.525694 0.034416 0.029239 0.016090 0.001154 0.385475 0.007932 1.925166
0.526955 0.034585 0.029330 0.016128 0.001154 0.383908 0.007942 1.928514
0.528192 0.034775 0.029475 0.016192 0.001155 0.382253 0.007958 1.931949
0.529358 0.035049 0.029542 0.016266 0.001150 0.380661 0.007973 1.935343
0.530407 0.035145 0.029698 0.016348 0.001137 0.379273 0.007991 1.938865
0.531459 0.035334 0.029834 0.016353 0.001135 0.377882 0.008003 1.942311
0.532359 0.035647 0.029924 0.016386 0.001132 0.376532 0.008019 1.945744
0.533284 0.035937 0.030026 0.016456 0.001128 0.375140 0.008029 1.949198
0.534240 0.036180 0.030199 0.016503 0.001119 0.373717 0.008042 1.952672
0.535004 0.036434 0.030348 0.016604 0.001117 0.372437 0.008056 1.956239
0.535936 0.036594 0.030467 0.016677 0.001120 0.371136 0.008070 1.959857
0.536884 0.036702 0.030697 0.016798 0.001104 0.369731 0.008084 1.963522
0.537457 0.036958 0.030821 0.016864 0.001104 0.368701 0.008096 1.967180
0.538348 0.037026 0.031013 0.016939 0.001093 0.367464 0.008118 1.970859
0.538974 0.037347 0.031173 0.016984 0.001085 0.366301 0.008136 1.974461
0.539694 0.037584 0.031329 0.017100 0.001092 0.365053 0.008148 1.978138
0.540309 0.037728 0.031419 0.017239 0.001088 0.364056 0.008161 1.981832
0.540922 0.037967 0.031589 0.017315 0.001081 0.362952 0.008175 1.985543
0.541542 0.037984 0.031815 0.017421 0.001066 0.361981 0.008192 1.989365
0.542065 0.038131 0.032017 0.017518 0.001058 0.360999 0.008213 1.993180
0.542636 0.038339 0.032099 0.017613 0.001052 0.360034 0.008227 1.996938
0.543201 0.038439 0.032284 0.017640 0.001055 0.359139 0.008243 2.000720
0.543731 0.038592 0.032363 0.017720 0.001053 0.358285 0.008255 2.004490
0.544172 0.038822 0.032493 0.017771 0.001055 0.357420 0.008267 2.008245
0.544633 0.039039 0.032589 0.017887 0.001048 0.356525 0.008279 2.012030
0.545212 0.039151 0.032709 0.017909 0.001053 0.355680 0.008287 2.015886
0.545590 0.039377 0.032856 0.018052 0.001052 0.354776 0.008299 2.019795
0.545939 0.039675 0.032920 0.018125 0.001062 0.353969 0.008310 2.023566
0.546346 0.039784 0.033076 0.018184 0.001054 0.353232 0.008323 2.027453
0.546757 0.039989 0.033142 0.018240 0.001060 0.352476 0.008336 2.031298
0.547089 0.040079 0.033399 0.018322 0.001064 0.351701 0.008346 2.035275
0.547394 0.040171 0.033534 0.018441 0.001063 0.351038 0.008357 2.039274
0.547646 0.040308 0.033713 0.018459 0.001062 0.350441 0.008371 2.043213
0.547875 0.040502 0.033872 0.018557 0.001070 0.349741 0.008383 2.047161
0.548055 0.040606 0.033969 0.018657 0.001074 0.349240 0.008400 2.051178
0.548361 0.040652 0.034069 0.018733 0.001075 0.348692 0.008417 2.055197
0.548563 0.040763 0.034261 0.018727 0.001091 0.348164 0.008430 2.059185
0.548792 0.040935 0.034353 0.018772 0.001089 0.347616 0.008444 2.063158
0.548987 0.040998 0.034457 0.018894 0.001094 0.347114 0.008455 2.067191
0.549294 0.041030 0.034529 0.018942 0.001099 0.346641 0.008464 2.071171
0.549625 0.041065 0.034621 0.019060 0.001104 0.346049 0.008477 2.075210
0.549821 0.041110 0.034749 0.019127 0.001103 0.345602 0.008489 2.079248
0.549941 0.041233 0.034801 0.019186 0.001100 0.345237 0.008502 2.083267
0.550114 0.041233 0.034978 0.019240 0.001096 0.344820 0.008521 2.087319
0.550305 0.041177 0.035170 0.019316 0.001083 0.344413 0.008537 2.091416
0.550469 0.041278 0.035264 0.019351 0.001086 0.344003 0.008550 2.095435
0.550666 0.041356 0.035362 0.019318 0.001100 0.343639 0.008560 2.099434
0.550743 0.041426 0.035469 0.019370 0.001101 0.343319 0.008573 2.103471
0.550948 0.041532 0.035420 0.019406 0.001113 0.342996 0.008586 2.107443
0.551063 0.041604 0.035551 0.019415 0.001118 0.342650 0.008600 2.111528
0.551242 0.041609 0.035717 0.019449 0.001117 0.342257 0.008610 2.115648
0.551252 0.041803 0.035739 0.019456 0.001125 0.342000 0.008626 2.119714
0.551297 0.041959 0.035850 0.019439 0.001142 0.341676 0.008637 2.123747
0.551463 0.041997 0.035943 0.019468 0.001142 0.341339 0.008648 2.127840
0.551622 0.041957 0.036085 0.019525 0.001140 0.341008 0.008664 2.131989
0.551811 0.041917 0.036215 0.019529 0.001144 0.340702 0.008681 2.136077
0.551955 0.041972 0.036327 0.019639 0.001145 0.340268 0.008693 2.140147
0.552025 0.042162 0.036418 0.019601 0.001144 0.339937 0.008712 2.144192
0.552133 0.042096 0.036524 0.019700 0.001136 0.339681 0.008731 2.148384
0.552278 0.042085 0.036552 0.019790 0.001128 0.339424 0.008744 2.152516
0.552370 0.042074 0.036674 0.019820 0.001130 0.339174 0.008758 2.156679
0.552633 0.041799 0.036741 0.019973 0.001134 0.338943 0.008777 2.160921
0.552688 0.041801 0.036767 0.019904 0.001135 0.338915 0.008791 2.165044
0.552812 0.041785 0.036821 0.019915 0.001125 0.338734 0.008807 2.169117
0.552899 0.041736 0.036876 0.019973 0.001124 0.338570 0.008823 2.173284
0.552992 0.041782 0.036840 0.019999 0.001126 0.338424 0.008837 2.177342
0.553100 0.041765 0.036851 0.019988 0.001123 0.338321 0.008852 2.181417
0.553230 0.041707 0.036879 0.020001 0.001128 0.338190 0.008867 2.185513
0.553398 0.041630 0.036928 0.020002 0.001135 0.338026 0.008882 2.189591
0.553526 0.041735 0.036856 0.020013 0.001140 0.337835 0.008895 2.193574
0.553723 0.041733 0.036838 0.019984 0.001148 0.337670 0.008905 2.197626
0.553984 0.041658 0.036897 0.020001 0.001147 0.337394 0.008919 2.201734
0.554142 0.041649 0.036874 0.020019 0.001152 0.337234 0.008932 2.205824
0.554297 0.041589 0.036867 0.020076 0.001150 0.337076 0.008945 2.209926
0.554405 0.041656 0.036855 0.020078 0.001152 0.336901 0.008954 2.213974
0.554547 0.041621 0.036945 0.020013 0.001159 0.336748 0.008967 2.218099
0.554744 0.041549 0.036974 0.020005 0.001174 0.336571 0.008983 2.222202
0.554930 0.041568 0.036985 0.019955 0.001169 0.336397 0.008996 2.226249
0.555000 0.041637 0.036983 0.019917 0.001170 0.336283 0.009011 2.230299
0.555115 0.041594 0.036941 0.019943 0.001179 0.336203 0.009024 2.234362
0.555121 0.041632 0.036928 0.019963 0.001169 0.336148 0.009039 2.238456
0.555250 0.041587 0.036928 0.019991 0.001159 0.336029 0.009055 2.242478
0.555439 0.041567 0.036879 0.019987 0.001158 0.335900 0.009071 2.246532
0.555633 0.041481 0.036763 0.019987 0.001148 0.335903 0.009086 2.250612
0.555863 0.041443 0.036701 0.020034 0.001144 0.335717 0.009098 2.254653
0.556040 0.041414 0.036692 0.020036 0.001154 0.335547 0.009118 2.258690
0.556264 0.041280 0.036796 0.019988 0.001156 0.335381 0.009134 2.262755
0.556330 0.041276 0.036773 0.019938 0.001167 0.335373 0.009143 2.266805
0.556546 0.041241 0.036764 0.019907 0.001166 0.335215 0.009162 2.270850
0.556712 0.041300 0.036723 0.019940 0.001153 0.334992 0.009180 2.274850
0.556912 0.041202 0.036744 0.019900 0.001156 0.334894 0.009192 2.278914
0.557083 0.041132 0.036753 0.019972 0.001152 0.334701 0.009208 2.282960
0.557348 0.041043 0.036730 0.019919 0.001162 0.334581 0.009219 2.286989
0.557608 0.040944 0.036677 0.019883 0.001170 0.334491 0.009229 2.291012
0.557854 0.040899 0.036726 0.019860 0.001167 0.334247 0.009246 2.295042
0.557978 0.040905 0.036693 0.019843 0.001169 0.334153 0.009260 2.299067
0.558136 0.040869 0.036765 0.019814 0.001161 0.333981 0.009275 2.303140
0.558323 0.040856 0.036737 0.019820 0.001171 0.333804 0.009289 2.307124
0.558505 0.040826 0.036729 0.019869 0.001176 0.333591 0.009305 2.311175
0.558714 0.040755 0.036675 0.019896 0.001173 0.333466 0.009320 2.315198
0.558758 0.040846 0.036619 0.019859 0.001173 0.333411 0.009335 2.319101
0.558939 0.040809 0.036584 0.019837 0.001171 0.333313 0.009347 2.323108
0.559161 0.040759 0.036524 0.019833 0.001167 0.333193 0.009364 2.327118
0.559382 0.040726 0.036515 0.019739 0.001171 0.333089 0.009378 2.331028
0.559586 0.040680 0.036455 0.019745 0.001165 0.332977 0.009392 2.335027
0.559820 0.040621 0.036560 0.019723 0.001153 0.332715 0.009409 2.339068
0.560041 0.040551 0.036488 0.019785 0.001155 0.332557 0.009423 2.343055
0.560296 0.040456 0.036539 0.019777 0.001147 0.332347 0.009439 2.347071
0.560491 0.040492 0.036454 0.019733 0.001136 0.332238 0.009456 2.350984
0.560774 0.040433 0.036424 0.019756 0.001139 0.332000 0.009473 2.354966
0.561050 0.040351 0.036455 0.019762 0.001145 0.331754 0.009484 2.358932
0.561367 0.040262 0.036392 0.019706 0.001161 0.331615 0.009498 2.362872
0.561524 0.040238 0.036332 0.019647 0.001161 0.331589 0.009509 2.366816
0.561771 0.040186 0.036338 0.019657 0.001165 0.331363 0.009519 2.370806
0.562000 0.040075 0.036292 0.019674 0.001159 0.331263 0.009537 2.374764
0.562261 0.039931 0.036281 0.019672 0.001161 0.331143 0.009552 2.378719
0.562547 0.039858 0.036257 0.019654 0.001177 0.330941 0.009566 2.382649
0.562755 0.039839 0.036107 0.019633 0.001173 0.330911 0.009584 2.386540
0.562954 0.039746 0.036058 0.019587 0.001174 0.330885 0.009596 2.390510
0.563086 0.039806 0.035964 0.019557 0.001177 0.330798 0.009611 2.394365
0.563230 0.039777 0.035849 0.019571 0.001171 0.330772 0.009629 2.398265
0.563528 0.039809 0.035785 0.019554 0.001173 0.330511 0.009640 2.402129
0.563746 0.039930 0.035694 0.019515 0.001178 0.330285 0.009652 2.405961
0.563942 0.039823 0.035688 0.019548 0.001172 0.330162 0.009665 2.409924
0.564192 0.039781 0.035709 0.019518 0.001182 0.329941 0.009679 2.413858
0.564481 0.039704 0.035657 0.019517 0.001178 0.329774 0.009689 2.417749
0.564683 0.039729 0.035712 0.019471 0.001179 0.329524 0.009702 2.421681
0.564806 0.039843 0.035665 0.019474 0.001180 0.329318 0.009713 2.425557
0.564979 0.039879 0.035646 0.019496 0.001178 0.329098 0.009724 2.429431
0.565104 0.039854 0.035637 0.019483 0.001178 0.329007 0.009738 2.433366
0.565228 0.039837 0.035608 0.019534 0.001173 0.328870 0.009749 2.437330
0.565406 0.039838 0.035567 0.019482 0.001164 0.328781 0.009762 2.441232
0.565614 0.039890 0.035498 0.019457 0.001169 0.328595 0.009779 2.445071
0.565893 0.039812 0.035486 0.019449 0.001169 0.328396 0.009795 2.449013
0.566106 0.039730 0.035497 0.019458 0.001158 0.328242 0.009809 2.452943
0.566250 0.039728 0.035503 0.019445 0.001153 0.328095 0.009825 2.456888
0.566463 0.039647 0.035529 0.019395 0.001156 0.327971 0.009839 2.460864
0.566748 0.039594 0.035451 0.019446 0.001152 0.327756 0.009854 2.464716
0.566959 0.039590 0.035524 0.019449 0.001164 0.327452 0.009863 2.468613
0.567075 0.039649 0.035534 0.019465 0.001170 0.327230 0.009878 2.472504
0.567364 0.039628 0.035526 0.019487 0.001175 0.326926 0.009895 2.476410
0.567573 0.039595 0.035516 0.019457 0.001168 0.326784 0.009906 2.480289
0.567766 0.039655 0.035491 0.019419 0.001174 0.326576 0.009919 2.484131
0.567911 0.039711 0.035494 0.019371 0.001179 0.326400 0.009934 2.488025
0.567991 0.039834 0.035429 0.019367 0.001183 0.326253 0.009945 2.491865
0.568194 0.039836 0.035411 0.019331 0.001180 0.326089 0.009959 2.495790
0.568316 0.039913 0.035459 0.019251 0.001184 0.325905 0.009972 2.499660
0.568369 0.040021 0.035453 0.019244 0.001178 0.325747 0.009990 2.503550
0.568477 0.040101 0.035356 0.019268 0.001184 0.325610 0.010002 2.507388
0.568562 0.040270 0.035265 0.019283 0.001174 0.325426 0.010019 2.511226
0.568692 0.040251 0.035331 0.019291 0.001177 0.325227 0.010032 2.515150
0.568890 0.040236 0.035354 0.019331 0.001179 0.324966 0.010044 2.519065
0.569018 0.040244 0.035428 0.019313 0.001169 0.324767 0.010061 2.523003
0.569146 0.040220 0.035419 0.019340 0.001154 0.324646 0.010074 2.526927
0.569281 0.040214 0.035500 0.019295 0.001144 0.324473 0.010093 2.530857
0.569356 0.040270 0.035590 0.019303 0.001144 0.324230 0.010106 2.534797
0.569352 0.040386 0.035556 0.019324 0.001147 0.324117 0.010117 2.538714
0.569372 0.040428 0.035509 0.019329 0.001150 0.324079 0.010133 2.542573
0.569488 0.040493 0.035518 0.019321 0.001147 0.323891 0.010143 2.546447
0.569577 0.040581 0.035615 0.019313 0.001148 0.323610 0.010157 2.550359
0.569556 0.040575 0.035714 0.019320 0.001151 0.323509 0.010173 2.554349
0.569560 0.040615 0.035730 0.019305 0.001159 0.323447 0.010184 2.558296
0.569688 0.040567 0.035696 0.019317 0.001170 0.323361 0.010199 2.562243
0.569694 0.040717 0.035738 0.019339 0.001178 0.323119 0.010215 2.566185
0.569703 0.040726 0.035785 0.019319 0.001173 0.323065 0.010229 2.570210
0.569722 0.040699 0.035904 0.019330 0.001180 0.322918 0.010244 2.574218
0.569928 0.040733 0.035889 0.019326 0.001177 0.322686 0.010259 2.578159
0.569985 0.040773 0.035908 0.019292 0.001186 0.322584 0.010274 2.582080
0.569958 0.040762 0.035858 0.019348 0.001183 0.322604 0.010288 2.586060
0.570016 0.040835 0.035803 0.019360 0.001175 0.322507 0.010304 2.589978
0.570040 0.040782 0.035820 0.019471 0.001172 0.322395 0.010321 2.594005
0.569943 0.040897 0.035810 0.019477 0.001169 0.322369 0.010336 2.597992
0.569983 0.040833 0.035886 0.019496 0.001163 0.322285 0.010354 2.601990
0.570032 0.040800 0.035918 0.019521 0.001159 0.322202 0.010369 2.606014
0.570045 0.040811 0.035987 0.019505 0.001153 0.322112 0.010386 2.610000
0.570029 0.040767 0.036049 0.019504 0.001159 0.322090 0.010401 2.614041
0.569959 0.040836 0.036098 0.019453 0.001166 0.322076 0.010414 2.617995
0.569975 0.040901 0.036122 0.019447 0.001166 0.321963 0.010426 2.621939
0.569988 0.040848 0.036111 0.019494 0.001164 0.321957 0.010439 2.625942
0.570036 0.040787 0.036161 0.019473 0.001174 0.321922 0.010448 2.629951
0.569984 0.040764 0.036196 0.019453 0.001188 0.321954 0.010461 2.633961
0.570015 0.040721 0.036252 0.019397 0.001187 0.321953 0.010475 2.637956
0.570120 0.040656 0.036199 0.019446 0.001188 0.321904 0.010489 2.641971
0.570183 0.040605 0.036205 0.019433 0.001175 0.321890 0.010509 2.645983
0.570216 0.040632 0.036170 0.019406 0.001163 0.321889 0.010526 2.649931
0.570200 0.040601 0.036158 0.019489 0.001162 0.321846 0.010544 2.653941
0.570191 0.040589 0.036240 0.019479 0.001160 0.321783 0.010557 2.657954
0.570276 0.040530 0.036297 0.019473 0.001170 0.321680 0.010574 2.661917
0.570339 0.040564 0.036324 0.019412 0.001174 0.321602 0.010587 2.665850
0.570358 0.040638 0.036256 0.019437 0.001180 0.321533 0.010599 2.669818
0.570542 0.040552 0.036260 0.019420 0.001177 0.321439 0.010613 2.673794
0.570564 0.040561 0.036238 0.019383 0.001183 0.321442 0.010630 2.677789
0.570637 0.040546 0.036313 0.019353 0.001180 0.321327 0.010645 2.681745
0.570566 0.040586 0.036272 0.019393 0.001188 0.321340 0.010655 2.685713
0.570573 0.040523 0.036243 0.019476 0.001177 0.321345 0.010665 2.689719
0.570692 0.040441 0.036208 0.019497 0.001173 0.321310 0.010679 2.693670
0.570743 0.040480 0.036221 0.019487 0.001159 0.321219 0.010693 2.697659
0.570692 0.040437 0.036222 0.019511 0.001149 0.321286 0.010705 2.701665
0.570716 0.040425 0.036237 0.019551 0.001143 0.321207 0.010721 2.705602
0.570746 0.040411 0.036223 0.019578 0.001154 0.321156 0.010734 2.709622
0.570757 0.040465 0.036249 0.019618 0.001153 0.321010 0.010749 2.713567
0.570857 0.040398 0.036205 0.019626 0.001155 0.320997 0.010764 2.717533
0.570913 0.040427 0.036165 0.019606 0.001156 0.320956 0.010777 2.721498
0.571041 0.040443 0.036173 0.019577 0.001156 0.320822 0.010788 2.725433
0.571005 0.040595 0.036167 0.019503 0.001155 0.320775 0.010801 2.729346
0.571009 0.040608 0.036229 0.019593 0.001151 0.320599 0.010812 2.733344
0.571012 0.040612 0.036196 0.019607 0.001155 0.320590 0.010828 2.737324
0.571100 0.040647 0.036151 0.019555 0.001142 0.320560 0.010847 2.741272
0.571126 0.040727 0.036135 0.019523 0.001142 0.320487 0.010861 2.745170
0.571118 0.040656 0.036152 0.019517 0.001135 0.320545 0.010877 2.749226
0.571177 0.040543 0.036240 0.019483 0.001124 0.320540 0.010894 2.753297
0.571286 0.040534 0.036235 0.019468 0.001123 0.320446 0.010910 2.757238
0.571339 0.040521 0.036105 0.019543 0.001124 0.320447 0.010922 2.761208
0.571387 0.040555 0.036102 0.019528 0.001133 0.320363 0.010932 2.765135
0.571447 0.040483 0.036164 0.019535 0.001125 0.320299 0.010947 2.769129
0.571541 0.040460 0.036068 0.019539 0.001124 0.320308 0.010962 2.773039
0.571626 0.040568 0.035970 0.019531 0.001126 0.320203 0.010975 2.776928
0.571573 0.040635 0.036009 0.019442 0.001136 0.320215 0.010989 2.780867
0.571567 0.040624 0.036051 0.019459 0.001135 0.320157 0.011007 2.784884
0.571545 0.040631 0.036063 0.019432 0.001137 0.320172 0.011020 2.788869
0.571613 0.040676 0.036111 0.019425 0.001140 0.320004 0.011032 2.792816
0.571628 0.040576 0.036189 0.019468 0.001141 0.319952 0.011047 2.796893
0.571582 0.040624 0.036117 0.019409 0.001133 0.320073 0.011062 2.800777
0.571584 0.040555 0.036132 0.019412 0.001134 0.320105 0.011078 2.804770
0.571665 0.040515 0.036157 0.019436 0.001132 0.320001 0.011095 2.808738
0.571745 0.040547 0.036124 0.019420 0.001125 0.319930 0.011110 2.812661
0.571761 0.040527 0.036119 0.019449 0.001116 0.319904 0.011125 2.816599
0.571920 0.040432 0.036139 0.019423 0.001127 0.319821 0.011140 2.820638
0.571946 0.040442 0.036086 0.019445 0.001125 0.319802 0.011154 2.824619
0.572013 0.040365 0.036068 0.019436 0.001130 0.319820 0.011169 2.828614
0.572239 0.040251 0.036075 0.019437 0.001131 0.319687 0.011180 2.832558
0.572330 0.040183 0.035979 0.019423 0.001132 0.319759 0.011194 2.836482
0.572383 0.040187 0.035956 0.019412 0.001132 0.319726 0.011206 2.840445
0.572504 0.040245 0.035946 0.019395 0.001135 0.319555 0.011220 2.844332
0.572491 0.040292 0.035842 0.019372 0.001146 0.319625 0.011233 2.848202
0.572574 0.040303 0.035925 0.019323 0.001144 0.319483 0.011249 2.852119
0.572617 0.040324 0.035978 0.019262 0.001144 0.319412 0.011263 2.856025
0.572575 0.040382 0.035962 0.019272 0.001144 0.319388 0.011277 2.859994
0.572750 0.040245 0.035997 0.019282 0.001141 0.319294 0.011291 2.863974
0.572716 0.040149 0.036055 0.019303 0.001137 0.319336 0.011305 2.867968
0.572736 0.040180 0.036014 0.019335 0.001157 0.319264 0.011316 2.871929
0.572819 0.040266 0.035968 0.019325 0.001166 0.319128 0.011327 2.875827
0.572851 0.040318 0.035931 0.019257 0.001174 0.319129 0.011339 2.879752
0.572873 0.040347 0.035910 0.019213 0.001174 0.319133 0.011349 2.883678
0.572910 0.040388 0.035933 0.019221 0.001176 0.319010 0.011362 2.887633
0.572912 0.040456 0.035877 0.019183 0.001185 0.319011 0.011376 2.891534
0.572885 0.040560 0.035886 0.019170 0.001183 0.318922 0.011394 2.895466
0.572864 0.040712 0.035815 0.019162 0.001176 0.318862 0.011408 2.899361
0.572922 0.040613 0.035895 0.019143 0.001184 0.318826 0.011418 2.903352
0.572924 0.040594 0.035892 0.019208 0.001178 0.318772 0.011430 2.907348
0.572938 0.040671 0.035971 0.019225 0.001172 0.318581 0.011442 2.911334
0.572930 0.040530 0.036055 0.019315 0.001175 0.318540 0.011455 2.915391
0.573065 0.040446 0.036071 0.019317 0.001182 0.318452 0.011467 2.919382
0.572932 0.040489 0.036032 0.019324 0.001175 0.318559 0.011487 2.923315
0.572903 0.040527 0.036066 0.019284 0.001174 0.318545 0.011500 2.927261
0.572935 0.040484 0.036106 0.019287 0.001171 0.318505 0.011511 2.931233
0.572896 0.040522 0.036143 0.019244 0.001168 0.318504 0.011524 2.935175
0.572920 0.040524 0.036121 0.019320 0.001162 0.318413 0.011539 2.939167
0.572949 0.040502 0.036125 0.019341 0.001175 0.318354 0.011555 2.943160
0.572964 0.040493 0.036121 0.019342 0.001177 0.318337 0.011566 2.947078
0.572928 0.040579 0.036075 0.019392 0.001182 0.318269 0.011575 2.951020
0.573010 0.040497 0.036056 0.019413 0.001184 0.318247 0.011592 2.954969
0.573043 0.040457 0.036023 0.019435 0.001174 0.318259 0.011610 2.958933
0.573107 0.040424 0.036004 0.019484 0.001178 0.318179 0.011623 2.962948
0.573170 0.040292 0.035961 0.019500 0.001169 0.318265 0.011643 2.966960
0.573224 0.040320 0.035884 0.019505 0.001173 0.318238 0.011657 2.970882
0.573302 0.040306 0.035935 0.019413 0.001168 0.318205 0.011671 2.974820
0.573340 0.040311 0.035892 0.019442 0.001169 0.318165 0.011681 2.978724
0.573283 0.040396 0.035919 0.019423 0.001165 0.318117 0.011697 2.982634
0.573266 0.040447 0.035972 0.019418 0.001163 0.318022 0.011713 2.986664
0.573286 0.040404 0.035998 0.019426 0.001175 0.317982 0.011728 2.990652
0.573303 0.040369 0.036012 0.019424 0.001171 0.317976 0.011744 2.994611
0.573393 0.040301 0.035989 0.019479 0.001171 0.317911 0.011758 2.998560
0.573427 0.040216 0.035955 0.019482 0.001175 0.317973 0.011772 3.002504
0.573475 0.040236 0.035850 0.019461 0.001175 0.318016 0.011787 3.006401
0.573509 0.040234 0.035846 0.019446 0.001182 0.317986 0.011797 3.010341
0.573570 0.040213 0.035863 0.019466 0.001186 0.317891 0.011811 3.014283
0.573679 0.040063 0.035871 0.019461 0.001182 0.317921 0.011823 3.018244
0.573674 0.040183 0.035823 0.019448 0.001184 0.317852 0.011837 3.022122
0.573732 0.040177 0.035819 0.019457 0.001182 0.317782 0.011850 3.026043
0.573866 0.040050 0.035888 0.019483 0.001192 0.317659 0.011863 3.030012
0.574010 0.039974 0.035910 0.019465 0.001192 0.317571 0.011878 3.033933
0.574004 0.039997 0.035882 0.019443 0.001189 0.317598 0.011888 3.037851
0.574079 0.039933 0.035901 0.019398 0.001186 0.317598 0.011906 3.041781
0.574164 0.039835 0.035865 0.019405 0.001187 0.317618 0.011926 3.045770
0.574106 0.039865 0.035815 0.019386 0.001191 0.317696 0.011942 3.049707
0.574155 0.039853 0.035810 0.019395 0.001192 0.317630 0.011964 3.053656
0.574313 0.039793 0.035722 0.019429 0.001184 0.317580 0.011979 3.057603
0.574420 0.039876 0.035695 0.019388 0.001182 0.317440 0.012000 3.061446
0.574558 0.039796 0.035658 0.019391 0.001182 0.317399 0.012016 3.065387
0.574578 0.039765 0.035692 0.019395 0.001177 0.317358 0.012033 3.069368
0.574667 0.039770 0.035648 0.019369 0.001170 0.317331 0.012046 3.073291
0.574735 0.039789 0.035607 0.019400 0.001168 0.317244 0.012058 3.077197
0.574820 0.039744 0.035545 0.019375 0.001173 0.317272 0.012071 3.081043
0.574785 0.039785 0.035534 0.019398 0.001167 0.317243 0.012089 3.084920
0.574897 0.039812 0.035523 0.019372 0.001173 0.317124 0.012100 3.088771
0.574909 0.039817 0.035583 0.019387 0.001173 0.317018 0.012114 3.092697
0.575051 0.039719 0.035618 0.019436 0.001173 0.316876 0.012127 3.096660
0.575193 0.039746 0.035552 0.019388 0.001180 0.316800 0.012141 3.100482
0.575171 0.039806 0.035659 0.019381 0.001172 0.316660 0.012153 3.104394
0.575265 0.039759 0.035675 0.019344 0.001183 0.316613 0.012163 3.108328
0.575318 0.039744 0.035621 0.019353 0.001193 0.316597 0.012174 3.112226
0.575177 0.039797 0.035657 0.019342 0.001191 0.316651 0.012186 3.116174
0.575130 0.039965 0.035597 0.019317 0.001189 0.316598 0.012205 3.119996
0.575152 0.039965 0.035687 0.019310 0.001194 0.316475 0.012218 3.123977
0.575005 0.040071 0.035676 0.019325 0.001179 0.316509 0.012235 3.127906
0.575009 0.040105 0.035676 0.019270 0.001186 0.316509 0.012247 3.131794
0.574837 0.040182 0.035748 0.019297 0.001182 0.316495 0.012258 3.135775
0.574933 0.040122 0.035722 0.019339 0.001180 0.316438 0.012268 3.139726
0.574840 0.040219 0.035672 0.019319 0.001173 0.316494 0.012282 3.143661
0.574829 0.040206 0.035693 0.019330 0.001169 0.316476 0.012297 3.147661
0.574854 0.040226 0.035638 0.019390 0.001163 0.316421 0.012308 3.151563
0.574944 0.040078 0.035756 0.019427 0.001158 0.316314 0.012323 3.155571
0.574908 0.040150 0.035733 0.019462 0.001160 0.316252 0.012335 3.159505
0.574946 0.040181 0.035707 0.019429 0.001149 0.316235 0.012352 3.163395
0.574864 0.040200 0.035711 0.019394 0.001147 0.316316 0.012368 3.167339
0.574995 0.040240 0.035657 0.019361 0.001154 0.316215 0.012379 3.171175
0.574969 0.040329 0.035657 0.019366 0.001159 0.316128 0.012392 3.175069
0.574951 0.040375 0.035595 0.019431 0.001150 0.316094 0.012404 3.178985
0.574883 0.040370 0.035631 0.019460 0.001152 0.316090 0.012414 3.183004
0.574870 0.040409 0.035671 0.019454 0.001155 0.316014 0.012427 3.186891
0.574946 0.040440 0.035703 0.019455 0.001150 0.315862 0.012445 3.190800
0.574935 0.040568 0.035694 0.019474 0.001148 0.315722 0.012458 3.194710
0.574872 0.040522 0.035744 0.019497 0.001146 0.315751 0.012468 3.198720
0.574885 0.040498 0.035791 0.019437 0.001137 0.315770 0.012483 3.202698
0.574911 0.040536 0.035764 0.019415 0.001140 0.315738 0.012496 3.206634
0.575041 0.040451 0.035748 0.019426 0.001143 0.315681 0.012508 3.210613
0.574951 0.040493 0.035777 0.019449 0.001138 0.315669 0.012523 3.214549
0.575007 0.040491 0.035849 0.019463 0.001142 0.315511 0.012538 3.218509
0.574843 0.040480 0.035909 0.019475 0.001156 0.315582 0.012554 3.222509
0.574748 0.040453 0.035958 0.019458 0.001155 0.315658 0.012569 3.226528
0.574743 0.040477 0.035951 0.019469 0.001156 0.315616 0.012587 3.230514
0.574681 0.040522 0.035999 0.019473 0.001156 0.315569 0.012601 3.234485
0.574709 0.040579 0.035977 0.019431 0.001164 0.315530 0.012610 3.238384
0.574754 0.040585 0.035992 0.019397 0.001153 0.315493 0.012627 3.242318
0.574750 0.040509 0.036002 0.019429 0.001155 0.315515 0.012640 3.246273
0.574733 0.040508 0.035947 0.019440 0.001156 0.315562 0.012655 3.250209
0.574706 0.040531 0.035915 0.019435 0.001157 0.315585 0.012670 3.254135
0.574626 0.040510 0.035915 0.019416 0.001152 0.315693 0.012689 3.258143
0.574501 0.040560 0.035982 0.019432 0.001151 0.315675 0.012699 3.262120
0.574387 0.040582 0.036043 0.019463 0.001157 0.315656 0.012712 3.266096
0.574331 0.040596 0.036120 0.019446 0.001166 0.315617 0.012724 3.270073
0.574243 0.040610 0.036161 0.019491 0.001179 0.315582 0.012733 3.274086
0.574212 0.040469 0.036173 0.019544 0.001173 0.315681 0.012748 3.278127
0.574326 0.040498 0.035989 0.019598 0.001182 0.315640 0.012766 3.282008
0.574374 0.040468 0.035923 0.019558 0.001180 0.315719 0.012779 3.285923
0.574355 0.040411 0.035983 0.019533 0.001192 0.315738 0.012789 3.289905
0.574367 0.040421 0.035990 0.019481 0.001191 0.315748 0.012803 3.293826
0.574312 0.040502 0.036036 0.019520 0.001195 0.315619 0.012817 3.297748
0.574289 0.040532 0.036072 0.019511 0.001189 0.315572 0.012834 3.301733
0.574282 0.040509 0.036028 0.019629 0.001192 0.315512 0.012849 3.305708
0.574365 0.040427 0.036004 0.019588 0.001208 0.315545 0.012863 3.309653
0.574226 0.040430 0.036039 0.019598 0.001209 0.315623 0.012876 3.313685
0.574284 0.040430 0.036049 0.019639 0.001197 0.315511 0.012890 3.317629
0.574188 0.040537 0.036033 0.019548 0.001195 0.315593 0.012905 3.321548
0.574255 0.040476 0.036054 0.019591 0.001193 0.315512 0.012920 3.325549
0.574160 0.040500 0.036104 0.019586 0.001196 0.315518 0.012936 3.329580
0.574096 0.040584 0.036055 0.019538 0.001215 0.315564 0.012948 3.333486
0.574144 0.040461 0.036102 0.019582 0.001225 0.315527 0.012959 3.337525
0.574075 0.040401 0.036145 0.019609 0.001220 0.315573 0.012977 3.341533
0.574014 0.040456 0.036115 0.019561 0.001218 0.315645 0.012991 3.345458
0.574028 0.040491 0.036146 0.019600 0.001222 0.315509 0.013004 3.349445
0.574120 0.040435 0.036068 0.019664 0.001209 0.315485 0.013020 3.353411
0.574129 0.040441 0.036072 0.019606 0.001202 0.315513 0.013037 3.357345
0.574044 0.040453 0.036047 0.019631 0.001191 0.315583 0.013051 3.361314
0.573983 0.040582 0.035961 0.019522 0.001198 0.315688 0.013065 3.365196
0.573850 0.040640 0.036038 0.019468 0.001192 0.315734 0.013079 3.369178
0.573812 0.040580 0.036110 0.019457 0.001184 0.315759 0.013098 3.373184
0.573749 0.040661 0.036054 0.019451 0.001177 0.315797 0.013112 3.377119
0.573744 0.040639 0.036041 0.019436 0.001174 0.315842 0.013125 3.381088
0.573669 0.040744 0.036023 0.019437 0.001182 0.315805 0.013140 3.385023
0.573705 0.040739 0.035998 0.019522 0.001178 0.315700 0.013158 3.389035
0.573708 0.040703 0.036012 0.019532 0.001180 0.315694 0.013170 3.393070
0.573645 0.040758 0.036065 0.019533 0.001179 0.315637 0.013183 3.397025
0.573592 0.040761 0.036140 0.019483 0.001184 0.315643 0.013197 3.400983
0.573642 0.040729 0.036155 0.019478 0.001188 0.315596 0.013213 3.404957
0.573679 0.040766 0.036181 0.019348 0.001190 0.315614 0.013223 3.408866
0.573630 0.040784 0.036148 0.019370 0.001184 0.315647 0.013238 3.412822
0.573623 0.040800 0.036126 0.019385 0.001189 0.315629 0.013250 3.416744
0.573625 0.040766 0.036190 0.019411 0.001184 0.315560 0.013263 3.420780
0.573626 0.040709 0.036270 0.019420 0.001204 0.315499 0.013273 3.424849
0.573625 0.040707 0.036284 0.019438 0.001201 0.315457 0.013288 3.428835
0.573615 0.040709 0.036252 0.019427 0.001198 0.315500 0.013299 3.432781
0.573580 0.040643 0.036289 0.019433 0.001195 0.315547 0.013314 3.436829
0.573508 0.040703 0.036292 0.019406 0.001195 0.315565 0.013329 3.440745
0.573474 0.040641 0.036322 0.019450 0.001194 0.315574 0.013346 3.444767
0.573396 0.040633 0.036289 0.019481 0.001191 0.315653 0.013358 3.448720
0.573389 0.040628 0.036243 0.019434 0.001191 0.315744 0.013370 3.452657
0.573329 0.040663 0.036180 0.019436 0.001181 0.315823 0.013389 3.456625
0.573199 0.040631 0.036262 0.019433 0.001188 0.315887 0.013401 3.460643
0.573211 0.040569 0.036268 0.019395 0.001176 0.315962 0.013419 3.464578
0.573327 0.040435 0.036408 0.019423 0.001172 0.315800 0.013433 3.468605
0.573315 0.040449 0.036409 0.019397 0.001169 0.315810 0.013452 3.472561
0.573310 0.040401 0.036402 0.019414 0.001181 0.315827 0.013465 3.476509
0.573301 0.040449 0.036380 0.019360 0.001187 0.315847 0.013477 3.480434
0.573198 0.040518 0.036318 0.019295 0.001195 0.315986 0.013490 3.484358
0.573177 0.040465 0.036338 0.019304 0.001209 0.316005 0.013502 3.488367
0.573146 0.040459 0.036279 0.019332 0.001206 0.316062 0.013517 3.492360
0.573283 0.040273 0.036235 0.019377 0.001198 0.316098 0.013537 3.496386
0.573375 0.040225 0.036159 0.019414 0.001188 0.316087 0.013551 3.500326
0.573330 0.040321 0.036053 0.019400 0.001201 0.316132 0.013563 3.504169
0.573399 0.040317 0.035999 0.019350 0.001202 0.316157 0.013574 3.508073
0.573385 0.040271 0.036013 0.019418 0.001193 0.316132 0.013588 3.512063
0.573371 0.040341 0.035993 0.019425 0.001192 0.316073 0.013605 3.515962
0.573399 0.040224 0.036028 0.019481 0.001194 0.316056 0.013618 3.519995
0.573484 0.040066 0.036012 0.019486 0.001191 0.316131 0.013630 3.523992
0.573544 0.040072 0.035954 0.019480 0.001201 0.316109 0.013640 3.527917
0.573591 0.040028 0.035964 0.019467 0.001200 0.316089 0.013660 3.531862
0.573534 0.039987 0.035976 0.019499 0.001202 0.316128 0.013674 3.535880
0.573575 0.040074 0.035965 0.019484 0.001199 0.316012 0.013689 3.539751
0.573588 0.040112 0.035915 0.019402 0.001212 0.316075 0.013697 3.543624
0.573583 0.040183 0.035887 0.019401 0.001212 0.316025 0.013709 3.547510
0.573562 0.040287 0.035814 0.019410 0.001201 0.316002 0.013725 3.551378
0.573461 0.040369 0.035841 0.019412 0.001204 0.315972 0.013741 3.555370
0.573488 0.040215 0.035902 0.019472 0.001196 0.315972 0.013756 3.559408
0.573525 0.040207 0.035916 0.019432 0.001200 0.315955 0.013766 3.563365
0.573624 0.040243 0.035845 0.019378 0.001195 0.315936 0.013780 3.567211
0.573692 0.040141 0.035835 0.019386 0.001206 0.315945 0.013794 3.571176
0.573588 0.040198 0.035925 0.019348 0.001213 0.315925 0.013803 3.575078
0.573656 0.040241 0.035862 0.019290 0.001210 0.315919 0.013822 3.578924
0.573720 0.040248 0.035838 0.019368 0.001199 0.315785 0.013842 3.582886
0.573762 0.040212 0.035818 0.019407 0.001191 0.315750 0.013861 3.586842
0.573865 0.040238 0.035812 0.019388 0.001191 0.315630 0.013877 3.590715
0.573962 0.040182 0.035822 0.019380 0.001197 0.315569 0.013888 3.594668
0.573843 0.040339 0.035762 0.019411 0.001188 0.315554 0.013903 3.598511
0.573826 0.040391 0.035762 0.019411 0.001185 0.315512 0.013914 3.602451
0.573891 0.040298 0.035831 0.019378 0.001194 0.315477 0.013931 3.606457
0.573873 0.040296 0.035836 0.019394 0.001184 0.315472 0.013945 3.610414
0.573918 0.040175 0.035887 0.019386 0.001176 0.315499 0.013960 3.614399
0.573850 0.040280 0.035898 0.019378 0.001179 0.315441 0.013973 3.618297
0.573793 0.040335 0.035878 0.019385 0.001182 0.315437 0.013992 3.622234
0.573871 0.040267 0.035885 0.019383 0.001179 0.315410 0.014005 3.626192
0.573954 0.040217 0.035830 0.019395 0.001180 0.315405 0.014020 3.630099
0.573938 0.040300 0.035754 0.019389 0.001182 0.315407 0.014031 3.633994
0.573983 0.040201 0.035765 0.019453 0.001188 0.315368 0.014043 3.637972
0.574049 0.040240 0.035766 0.019384 0.001199 0.315304 0.014058 3.641867
0.574084 0.040282 0.035765 0.019385 0.001189 0.315221 0.014075 3.645782
0.573988 0.040364 0.035714 0.019479 0.001185 0.315185 0.014086 3.649724
0.574091 0.040308 0.035641 0.019531 0.001180 0.315146 0.014103 3.653657
0.574079 0.040287 0.035675 0.019506 0.001178 0.315156 0.014119 3.657593
0.574115 0.040241 0.035724 0.019501 0.001167 0.315118 0.014134 3.661534
0.574186 0.040157 0.035716 0.019429 0.001170 0.315192 0.014150 3.665458
0.574161 0.040146 0.035773 0.019405 0.001169 0.315180 0.014167 3.669392
0.574108 0.040177 0.035770 0.019406 0.001169 0.315189 0.014182 3.673278
0.574140 0.040112 0.035806 0.019396 0.001171 0.315181 0.014194 3.677219
0.574078 0.040229 0.035770 0.019342 0.001160 0.315212 0.014210 3.681066
0.574040 0.040276 0.035782 0.019321 0.001160 0.315200 0.014221 3.684993
0.574012 0.040227 0.035786 0.019300 0.001156 0.315283 0.014236 3.688895
0.573912 0.040285 0.035905 0.019286 0.001161 0.315202 0.014249 3.692864
0.573889 0.040367 0.035860 0.019318 0.001164 0.315134 0.014268 3.696781
0.573899 0.040298 0.035810 0.019318 0.001172 0.315217 0.014285 3.700729
0.573966 0.040250 0.035873 0.019338 0.001169 0.315101 0.014304 3.704689
0.574006 0.040194 0.035883 0.019328 0.001160 0.315114 0.014315 3.708651
0.573984 0.040225 0.035906 0.019337 0.001149 0.315071 0.014328 3.712613
0.573874 0.040245 0.035935 0.019373 0.001150 0.315083 0.014340 3.716577
0.573898 0.040266 0.035900 0.019349 0.001150 0.315086 0.014351 3.720522
0.573925 0.040186 0.035917 0.019348 0.001150 0.315110 0.014364 3.724477
0.573863 0.040136 0.035901 0.019335 0.001158 0.315226 0.014380 3.728427
0.573834 0.040292 0.035810 0.019330 0.001158 0.315185 0.014392 3.732251
0.573838 0.040316 0.035782 0.019343 0.001151 0.315165 0.014405 3.736201
0.573755 0.040330 0.035819 0.019346 0.001144 0.315185 0.014422 3.740129
0.573717 0.040328 0.035771 0.019342 0.001144 0.315263 0.014435 3.744034
0.573814 0.040161 0.035773 0.019369 0.001141 0.315293 0.014450 3.748062
0.573849 0.040208 0.035686 0.019365 0.001136 0.315289 0.014467 3.751907
0.573901 0.040209 0.035673 0.019373 0.001137 0.315226 0.014481 3.755847
0.573874 0.040262 0.035699 0.019360 0.001134 0.315181 0.014492 3.759773
0.573853 0.040282 0.035719 0.019287 0.001136 0.315222 0.014502 3.763651
0.573777 0.040357 0.035729 0.019253 0.001146 0.315228 0.014510 3.767536
0.573775 0.040414 0.035802 0.019211 0.001148 0.315129 0.014521 3.771425
0.573806 0.040350 0.035956 0.019279 0.001147 0.314928 0.014536 3.775418
0.573891 0.040287 0.035985 0.019321 0.001151 0.314819 0.014546 3.779416
0.573900 0.040347 0.035906 0.019338 0.001153 0.314798 0.014556 3.783335
0.573811 0.040387 0.035885 0.019328 0.001158 0.314861 0.014570 3.787223
0.573856 0.040313 0.035855 0.019345 0.001171 0.314880 0.014579 3.791153
0.573812 0.040253 0.035748 0.019380 0.001157 0.315056 0.014593 3.795076
0.573888 0.040140 0.035845 0.019371 0.001163 0.314990 0.014603 3.799065
0.574013 0.040070 0.035873 0.019323 0.001164 0.314942 0.014616 3.802986
0.574058 0.040033 0.035875 0.019298 0.001151 0.314949 0.014636 3.806886
