0.339738 0.062767 0.055761 0.032334 0.002231 0.500923 0.006244 1.645479
0.342420 0.060220 0.055674 0.032198 0.002210 0.500999 0.006280 1.651572
0.345998 0.057191 0.055511 0.031837 0.002198 0.500955 0.006310 1.657372
0.350121 0.053838 0.055317 0.031393 0.002189 0.500806 0.006336 1.662888
0.354536 0.050539 0.054766 0.030826 0.002200 0.500766 0.006369 1.668031
0.359331 0.047236 0.054103 0.030177 0.002200 0.500553 0.006398 1.672858
0.364234 0.044164 0.053267 0.029487 0.002189 0.500235 0.006424 1.677297
0.369330 0.041103 0.052333 0.028780 0.002169 0.499831 0.006454 1.681559
0.374564 0.038369 0.051159 0.028011 0.002154 0.499263 0.006481 1.685364
0.379812 0.035683 0.049935 0.027213 0.002135 0.498705 0.006517 1.689030
0.385261 0.033156 0.048731 0.026301 0.002128 0.497883 0.006541 1.692394
0.390824 0.030815 0.047502 0.025431 0.002093 0.496762 0.006573 1.695551
0.396333 0.028716 0.046114 0.024537 0.002075 0.495624 0.006601 1.698441
0.401963 0.026727 0.044719 0.023611 0.002061 0.494290 0.006629 1.701159
0.407528 0.024847 0.043388 0.022756 0.002035 0.492791 0.006653 1.703762
0.412983 0.023133 0.041973 0.021971 0.002006 0.491252 0.006682 1.706143
0.418580 0.021580 0.040623 0.021093 0.001978 0.489433 0.006713 1.708319
0.424247 0.020130 0.039161 0.020214 0.001958 0.487550 0.006741 1.710330
0.429809 0.018783 0.037730 0.019300 0.001944 0.485671 0.006762 1.712228
0.435312 0.017514 0.036322 0.018469 0.001909 0.483680 0.006794 1.714037
0.440903 0.016374 0.034871 0.017650 0.001873 0.481509 0.006820 1.715700
0.446483 0.015305 0.033504 0.016917 0.001846 0.479102 0.006842 1.717264
0.452060 0.014263 0.032152 0.016222 0.001809 0.476628 0.006865 1.718761
0.457531 0.013331 0.030821 0.015492 0.001778 0.474160 0.006888 1.720121
0.463081 0.012424 0.029548 0.014797 0.001746 0.471495 0.006909 1.721435
0.468462 0.011668 0.028263 0.014138 0.001715 0.468819 0.006935 1.722624
0.473859 0.010988 0.027063 0.013484 0.001679 0.465972 0.006955 1.723699
0.479409 0.010315 0.025907 0.012854 0.001642 0.462896 0.006977 1.724764
0.484828 0.009698 0.024798 0.012287 0.001613 0.459778 0.006999 1.725771
0.490240 0.009110 0.023697 0.011705 0.001581 0.456649 0.007019 1.726721
0.495561 0.008567 0.022698 0.011166 0.001549 0.453420 0.007039 1.727606
0.500797 0.008116 0.021646 0.010661 0.001525 0.450200 0.007056 1.728415
0.506125 0.007657 0.020641 0.010162 0.001488 0.446851 0.007075 1.729200
0.511437 0.007234 0.019738 0.009698 0.001461 0.443338 0.007093 1.729946
0.516668 0.006869 0.018816 0.009275 0.001426 0.439835 0.007110 1.730647
0.521828 0.006545 0.017930 0.008814 0.001385 0.436370 0.007128 1.731280
0.526997 0.006231 0.017098 0.008386 0.001353 0.432793 0.007142 1.731897
0.532079 0.005914 0.016314 0.007983 0.001318 0.429227 0.007164 1.732484
0.537249 0.005608 0.015567 0.007613 0.001289 0.425490 0.007184 1.733064
0.542290 0.005364 0.014842 0.007291 0.001271 0.421744 0.007197 1.733608
0.547326 0.005103 0.014145 0.006930 0.001241 0.418038 0.007215 1.734134
0.552242 0.004869 0.013482 0.006605 0.001203 0.414368 0.007231 1.734633
0.557212 0.004671 0.012825 0.006270 0.001184 0.410589 0.007248 1.735087
0.562116 0.004472 0.012238 0.005974 0.001163 0.406777 0.007260 1.735549
0.566970 0.004257 0.011653 0.005719 0.001119 0.403008 0.007276 1.735988
0.571776 0.004052 0.011130 0.005448 0.001096 0.399211 0.007289 1.736421
0.576496 0.003887 0.010578 0.005167 0.001067 0.395503 0.007301 1.736792
0.581131 0.003714 0.010115 0.004920 0.001052 0.391757 0.007310 1.737182
0.585756 0.003580 0.009659 0.004698 0.001015 0.387965 0.007326 1.737548
0.590435 0.003442 0.009239 0.004479 0.000984 0.384077 0.007344 1.737911
0.594992 0.003304 0.008834 0.004294 0.000962 0.380258 0.007356 1.738261
0.599652 0.003209 0.008391 0.004124 0.000933 0.376324 0.007367 1.738569
0.604110 0.003105 0.008008 0.003938 0.000904 0.372554 0.007380 1.738880
0.608636 0.003005 0.007658 0.003750 0.000876 0.368684 0.007390 1.739178
0.613044 0.002914 0.007328 0.003586 0.000853 0.364873 0.007401 1.739481
0.617419 0.002793 0.006988 0.003418 0.000830 0.361140 0.007412 1.739781
0.621696 0.002709 0.006683 0.003254 0.000805 0.357435 0.007419 1.740044
0.626020 0.002621 0.006390 0.003088 0.000779 0.353672 0.007431 1.740300
0.630198 0.002548 0.006132 0.002972 0.000756 0.349952 0.007441 1.740538
0.634372 0.002468 0.005885 0.002836 0.000735 0.346255 0.007450 1.740786
0.638528 0.002417 0.005629 0.002704 0.000710 0.342550 0.007462 1.740995
0.642595 0.002369 0.005344 0.002570 0.000693 0.338959 0.007470 1.741209
0.646643 0.002300 0.005135 0.002462 0.000673 0.335311 0.007479 1.741432
0.650734 0.002227 0.004913 0.002342 0.000648 0.331646 0.007490 1.741655
0.654741 0.002156 0.004731 0.002232 0.000627 0.328015 0.007498 1.741878
0.658618 0.002104 0.004565 0.002158 0.000607 0.324441 0.007508 1.742085
0.662530 0.002041 0.004383 0.002086 0.000585 0.320861 0.007515 1.742284
0.666422 0.001978 0.004201 0.002005 0.000572 0.317301 0.007522 1.742483
0.670302 0.001924 0.004039 0.001919 0.000551 0.313736 0.007530 1.742672
0.674084 0.001868 0.003914 0.001831 0.000539 0.310228 0.007536 1.742856
0.677802 0.001834 0.003756 0.001756 0.000521 0.306787 0.007546 1.743033
0.681431 0.001790 0.003623 0.001689 0.000503 0.303412 0.007552 1.743217
0.685080 0.001754 0.003484 0.001628 0.000484 0.300011 0.007559 1.743381
0.688694 0.001707 0.003334 0.001578 0.000467 0.296658 0.007563 1.743548
0.692277 0.001675 0.003187 0.001529 0.000458 0.293306 0.007570 1.743708
0.695809 0.001621 0.003076 0.001484 0.000443 0.289993 0.007574 1.743883
0.699275 0.001575 0.002961 0.001428 0.000431 0.286752 0.007580 1.744042
0.702648 0.001548 0.002849 0.001367 0.000422 0.283583 0.007582 1.744186
0.706048 0.001522 0.002745 0.001317 0.000411 0.280372 0.007587 1.744328
0.709418 0.001486 0.002634 0.001272 0.000398 0.277200 0.007593 1.744476
0.712868 0.001455 0.002548 0.001221 0.000387 0.273926 0.007597 1.744615
0.716179 0.001433 0.002456 0.001182 0.000377 0.270771 0.007601 1.744750
0.719501 0.001406 0.002394 0.001150 0.000367 0.267578 0.007605 1.744892
0.722725 0.001360 0.002309 0.001113 0.000357 0.264526 0.007611 1.745026
0.725924 0.001326 0.002231 0.001073 0.000346 0.261483 0.007618 1.745164
0.729024 0.001304 0.002168 0.001046 0.000339 0.258497 0.007621 1.745296
0.732128 0.001271 0.002104 0.001020 0.000329 0.255523 0.007625 1.745433
0.735212 0.001239 0.002032 0.000980 0.000313 0.252594 0.007631 1.745557
0.738345 0.001215 0.001965 0.000956 0.000301 0.249584 0.007634 1.745671
0.741330 0.001200 0.001896 0.000930 0.000293 0.246715 0.007638 1.745791
0.744310 0.001167 0.001825 0.000912 0.000282 0.243865 0.007639 1.745909
0.747234 0.001151 0.001779 0.000880 0.000271 0.241044 0.007642 1.746017
0.750169 0.001120 0.001735 0.000856 0.000263 0.238214 0.007644 1.746123
0.753073 0.001090 0.001683 0.000833 0.000254 0.235418 0.007650 1.746227
0.755856 0.001082 0.001632 0.000809 0.000246 0.232721 0.007655 1.746331
0.758633 0.001063 0.001599 0.000781 0.000239 0.230027 0.007658 1.746430
0.761363 0.001044 0.001551 0.000759 0.000234 0.227389 0.007661 1.746530
0.764115 0.001027 0.001513 0.000726 0.000222 0.224731 0.007666 1.746626
0.766891 0.000994 0.001468 0.000710 0.000214 0.222055 0.007668 1.746729
0.769583 0.000972 0.001436 0.000698 0.000207 0.219436 0.007670 1.746836
0.772346 0.000954 0.001398 0.000678 0.000202 0.216750 0.007673 1.746933
0.774981 0.000918 0.001382 0.000673 0.000197 0.214172 0.007676 1.747040
0.777545 0.000903 0.001342 0.000653 0.000192 0.211684 0.007680 1.747128
0.780091 0.000879 0.001301 0.000646 0.000187 0.209215 0.007681 1.747223
0.782532 0.000878 0.001272 0.000629 0.000179 0.206826 0.007685 1.747303
0.785091 0.000866 0.001243 0.000611 0.000172 0.204328 0.007689 1.747383
0.787522 0.000847 0.001206 0.000607 0.000166 0.201960 0.007693 1.747473
0.790006 0.000833 0.001192 0.000588 0.000164 0.199522 0.007694 1.747560
0.792443 0.000823 0.001166 0.000576 0.000157 0.197140 0.007696 1.747633
0.794848 0.000808 0.001152 0.000570 0.000153 0.194771 0.007699 1.747722
0.797184 0.000807 0.001116 0.000550 0.000148 0.192494 0.007701 1.747795
0.799547 0.000791 0.001097 0.000543 0.000142 0.190178 0.007703 1.747874
0.801921 0.000782 0.001068 0.000530 0.000135 0.187859 0.007704 1.747951
0.804218 0.000781 0.001044 0.000523 0.000131 0.185598 0.007706 1.748025
0.806512 0.000764 0.001022 0.000507 0.000126 0.183362 0.007708 1.748107
0.808740 0.000744 0.001006 0.000497 0.000122 0.181182 0.007709 1.748189
0.810908 0.000738 0.000991 0.000485 0.000119 0.179050 0.007710 1.748264
0.813083 0.000735 0.000971 0.000477 0.000114 0.176907 0.007713 1.748337
0.815239 0.000717 0.000963 0.000462 0.000112 0.174791 0.007716 1.748417
0.817353 0.000705 0.000950 0.000455 0.000110 0.172710 0.007717 1.748495
0.819414 0.000710 0.000924 0.000440 0.000107 0.170687 0.007719 1.748561
0.821496 0.000714 0.000887 0.000421 0.000102 0.168659 0.007722 1.748621
0.823503 0.000702 0.000868 0.000415 0.000100 0.166688 0.007723 1.748690
0.825489 0.000691 0.000857 0.000411 0.000098 0.164730 0.007723 1.748761
0.827473 0.000678 0.000853 0.000404 0.000094 0.162774 0.007725 1.748834
0.829531 0.000671 0.000844 0.000399 0.000092 0.160738 0.007725 1.748905
0.831475 0.000663 0.000829 0.000392 0.000089 0.158826 0.007728 1.748972
0.833460 0.000654 0.000817 0.000385 0.000085 0.156870 0.007730 1.749038
0.835335 0.000645 0.000803 0.000381 0.000083 0.155023 0.007730 1.749103
0.837211 0.000643 0.000779 0.000381 0.000079 0.153178 0.007731 1.749164
0.839034 0.000640 0.000761 0.000378 0.000077 0.151379 0.007732 1.749225
0.840849 0.000632 0.000747 0.000366 0.000072 0.149598 0.007736 1.749279
0.842742 0.000620 0.000752 0.000371 0.000070 0.147709 0.007737 1.749352
0.844547 0.000601 0.000743 0.000369 0.000067 0.145936 0.007738 1.749422
0.846295 0.000596 0.000722 0.000373 0.000065 0.144209 0.007739 1.749484
0.848049 0.000590 0.000719 0.000360 0.000064 0.142478 0.007740 1.749541
0.849832 0.000594 0.000704 0.000352 0.000061 0.140716 0.007742 1.749592
0.851533 0.000584 0.000697 0.000344 0.000059 0.139040 0.007743 1.749651
0.853224 0.000578 0.000682 0.000340 0.000059 0.137376 0.007743 1.749708
0.854908 0.000566 0.000679 0.000329 0.000058 0.135717 0.007744 1.749760
0.856557 0.000546 0.000676 0.000328 0.000056 0.134092 0.007745 1.749823
0.858163 0.000543 0.000662 0.000321 0.000056 0.132511 0.007745 1.749875
0.859735 0.000540 0.000647 0.000317 0.000056 0.130960 0.007745 1.749930
0.861312 0.000540 0.000637 0.000316 0.000054 0.129397 0.007746 1.749980
0.862799 0.000531 0.000618 0.000317 0.000053 0.127936 0.007746 1.750036
0.864372 0.000522 0.000597 0.000317 0.000053 0.126393 0.007747 1.750085
0.865822 0.000524 0.000590 0.000311 0.000050 0.124956 0.007747 1.750139
0.867301 0.000518 0.000587 0.000308 0.000048 0.123491 0.007749 1.750192
0.868764 0.000519 0.000577 0.000302 0.000046 0.122043 0.007750 1.750239
0.870231 0.000530 0.000564 0.000287 0.000046 0.120592 0.007751 1.750278
0.871651 0.000532 0.000557 0.000287 0.000042 0.119181 0.007751 1.750328
0.873071 0.000523 0.000556 0.000282 0.000042 0.117776 0.007752 1.750382
0.874429 0.000517 0.000541 0.000272 0.000040 0.116448 0.007754 1.750429
0.875779 0.000512 0.000539 0.000272 0.000039 0.115106 0.007755 1.750485
0.877123 0.000499 0.000544 0.000274 0.000038 0.113769 0.007755 1.750546
0.878459 0.000501 0.000532 0.000270 0.000036 0.112449 0.007755 1.750590
0.879844 0.000496 0.000528 0.000264 0.000036 0.111079 0.007756 1.750637
0.881167 0.000501 0.000511 0.000266 0.000036 0.109765 0.007756 1.750678
0.882437 0.000486 0.000502 0.000269 0.000035 0.108516 0.007757 1.750733
0.883719 0.000471 0.000495 0.000269 0.000035 0.107256 0.007757 1.750784
0.884974 0.000472 0.000481 0.000261 0.000034 0.106022 0.007758 1.750828
0.886224 0.000470 0.000472 0.000258 0.000033 0.104786 0.007758 1.750872
0.887413 0.000463 0.000475 0.000250 0.000032 0.103609 0.007759 1.750921
0.888570 0.000453 0.000476 0.000254 0.000031 0.102458 0.007760 1.750973
0.889708 0.000456 0.000477 0.000252 0.000029 0.101318 0.007761 1.751021
0.890841 0.000452 0.000478 0.000251 0.000029 0.100190 0.007761 1.751068
0.891927 0.000446 0.000470 0.000252 0.000028 0.099116 0.007762 1.751109
0.893011 0.000447 0.000464 0.000244 0.000027 0.098044 0.007762 1.751148
0.894135 0.000439 0.000460 0.000245 0.000028 0.096932 0.007762 1.751196
0.895272 0.000420 0.000461 0.000245 0.000028 0.095813 0.007762 1.751250
0.896363 0.000405 0.000455 0.000247 0.000027 0.094741 0.007762 1.751302
0.897391 0.000418 0.000445 0.000249 0.000027 0.093708 0.007762 1.751341
0.898406 0.000423 0.000433 0.000245 0.000029 0.092703 0.007762 1.751378
0.899425 0.000420 0.000432 0.000240 0.000027 0.091694 0.007763 1.751417
0.900402 0.000424 0.000425 0.000238 0.000025 0.090723 0.007764 1.751456
0.901376 0.000429 0.000412 0.000232 0.000025 0.089763 0.007764 1.751497
0.902337 0.000429 0.000416 0.000229 0.000025 0.088802 0.007764 1.751537
0.903290 0.000436 0.000416 0.000224 0.000024 0.087848 0.007764 1.751577
0.904215 0.000444 0.000406 0.000216 0.000022 0.086935 0.007764 1.751612
0.905112 0.000444 0.000405 0.000209 0.000021 0.086044 0.007765 1.751653
0.905989 0.000439 0.000412 0.000208 0.000020 0.085166 0.007766 1.751699
0.906897 0.000446 0.000407 0.000204 0.000020 0.084261 0.007766 1.751740
0.907747 0.000450 0.000396 0.000200 0.000020 0.083422 0.007766 1.751775
0.908639 0.000463 0.000396 0.000197 0.000020 0.082520 0.007766 1.751814
0.909498 0.000446 0.000410 0.000197 0.000020 0.081663 0.007766 1.751868
0.910302 0.000441 0.000407 0.000196 0.000019 0.080869 0.007766 1.751911
0.911072 0.000430 0.000408 0.000197 0.000020 0.080107 0.007767 1.751958
0.911823 0.000434 0.000412 0.000197 0.000019 0.079349 0.007767 1.752000
0.912544 0.000436 0.000417 0.000198 0.000018 0.078621 0.007767 1.752040
0.913291 0.000442 0.000411 0.000204 0.000017 0.077870 0.007767 1.752079
0.914034 0.000451 0.000411 0.000200 0.000016 0.077123 0.007767 1.752115
0.914746 0.000452 0.000408 0.000201 0.000016 0.076411 0.007767 1.752155
0.915460 0.000449 0.000410 0.000196 0.000015 0.075703 0.007767 1.752201
0.916145 0.000456 0.000404 0.000201 0.000015 0.075012 0.007767 1.752242
0.916831 0.000464 0.000396 0.000204 0.000014 0.074324 0.007768 1.752284
0.917521 0.000454 0.000404 0.000204 0.000013 0.073635 0.007768 1.752331
0.918187 0.000458 0.000398 0.000204 0.000013 0.072974 0.007768 1.752368
0.918846 0.000447 0.000406 0.000206 0.000012 0.072316 0.007768 1.752416
0.919486 0.000435 0.000409 0.000213 0.000012 0.071678 0.007768 1.752468
0.920080 0.000427 0.000414 0.000214 0.000011 0.071085 0.007769 1.752514
0.920668 0.000424 0.000412 0.000215 0.000011 0.070503 0.007769 1.752553
0.921282 0.000432 0.000410 0.000217 0.000010 0.069881 0.007769 1.752589
0.921885 0.000423 0.000406 0.000215 0.000010 0.069292 0.007770 1.752630
0.922453 0.000425 0.000407 0.000209 0.000011 0.068728 0.007770 1.752670
0.923011 0.000429 0.000407 0.000207 0.000011 0.068167 0.007770 1.752707
0.923577 0.000433 0.000408 0.000201 0.000012 0.067600 0.007770 1.752752
0.924122 0.000434 0.000405 0.000197 0.000012 0.067061 0.007770 1.752793
0.924626 0.000438 0.000413 0.000199 0.000012 0.066544 0.007770 1.752832
0.925144 0.000446 0.000412 0.000200 0.000012 0.066016 0.007770 1.752870
0.925664 0.000442 0.000405 0.000201 0.000014 0.065505 0.007770 1.752907
0.926154 0.000446 0.000407 0.000200 0.000015 0.065009 0.007770 1.752953
0.926637 0.000451 0.000403 0.000198 0.000015 0.064528 0.007770 1.752992
0.927095 0.000448 0.000399 0.000198 0.000015 0.064076 0.007770 1.753032
0.927567 0.000441 0.000397 0.000196 0.000014 0.063617 0.007770 1.753082
0.928062 0.000439 0.000393 0.000194 0.000015 0.063129 0.007770 1.753126
0.928513 0.000428 0.000395 0.000197 0.000013 0.062685 0.007770 1.753174
0.928953 0.000420 0.000393 0.000197 0.000014 0.062254 0.007770 1.753218
0.929360 0.000413 0.000397 0.000189 0.000015 0.061857 0.007770 1.753259
0.929778 0.000418 0.000400 0.000190 0.000015 0.061430 0.007770 1.753303
0.930172 0.000423 0.000401 0.000188 0.000014 0.061032 0.007770 1.753345
0.930543 0.000432 0.000404 0.000189 0.000014 0.060649 0.007770 1.753386
0.930928 0.000424 0.000405 0.000195 0.000014 0.060265 0.007770 1.753436
0.931333 0.000431 0.000402 0.000191 0.000015 0.059859 0.007770 1.753472
0.931694 0.000436 0.000397 0.000190 0.000014 0.059500 0.007771 1.753513
0.932066 0.000438 0.000397 0.000191 0.000014 0.059124 0.007771 1.753557
0.932421 0.000439 0.000402 0.000192 0.000014 0.058762 0.007771 1.753601
0.932787 0.000443 0.000396 0.000191 0.000015 0.058398 0.007771 1.753642
0.933132 0.000438 0.000402 0.000197 0.000015 0.058045 0.007772 1.753694
0.933448 0.000440 0.000405 0.000200 0.000015 0.057720 0.007772 1.753738
0.933790 0.000437 0.000409 0.000197 0.000015 0.057381 0.007772 1.753782
0.934104 0.000437 0.000407 0.000202 0.000015 0.057064 0.007773 1.753825
0.934415 0.000441 0.000405 0.000201 0.000016 0.056750 0.007773 1.753865
0.934735 0.000436 0.000409 0.000199 0.000017 0.056431 0.007774 1.753916
0.935059 0.000431 0.000409 0.000205 0.000015 0.056108 0.007774 1.753959
0.935368 0.000434 0.000402 0.000207 0.000016 0.055800 0.007774 1.754001
0.935670 0.000420 0.000402 0.000213 0.000016 0.055505 0.007775 1.754054
0.935972 0.000424 0.000395 0.000211 0.000016 0.055208 0.007775 1.754093
0.936261 0.000417 0.000396 0.000209 0.000015 0.054928 0.007775 1.754137
0.936568 0.000408 0.000396 0.000207 0.000015 0.054631 0.007775 1.754179
0.936858 0.000412 0.000385 0.000207 0.000015 0.054349 0.007775 1.754218
0.937126 0.000413 0.000389 0.000207 0.000015 0.054076 0.007776 1.754264
0.937392 0.000408 0.000390 0.000214 0.000013 0.053807 0.007776 1.754311
0.937665 0.000421 0.000383 0.000212 0.000014 0.053529 0.007777 1.754344
0.937941 0.000422 0.000382 0.000206 0.000013 0.053259 0.007777 1.754384
0.938210 0.000414 0.000391 0.000202 0.000014 0.052994 0.007778 1.754434
0.938483 0.000414 0.000391 0.000202 0.000013 0.052718 0.007779 1.754476
0.938747 0.000419 0.000381 0.000200 0.000013 0.052462 0.007779 1.754513
0.938987 0.000427 0.000378 0.000201 0.000013 0.052216 0.007779 1.754546
0.939249 0.000420 0.000382 0.000201 0.000013 0.051957 0.007779 1.754589
0.939491 0.000426 0.000378 0.000201 0.000013 0.051713 0.007779 1.754627
0.939738 0.000428 0.000386 0.000203 0.000014 0.051453 0.007779 1.754676
0.939955 0.000422 0.000392 0.000199 0.000014 0.051239 0.007779 1.754724
0.940201 0.000416 0.000397 0.000192 0.000014 0.051003 0.007779 1.754768
0.940426 0.000413 0.000392 0.000200 0.000014 0.050778 0.007779 1.754808
0.940642 0.000412 0.000393 0.000203 0.000014 0.050558 0.007779 1.754852
0.940862 0.000418 0.000386 0.000204 0.000013 0.050338 0.007780 1.754886
0.941081 0.000417 0.000386 0.000202 0.000012 0.050123 0.007780 1.754923
0.941282 0.000411 0.000388 0.000205 0.000013 0.049923 0.007780 1.754965
0.941493 0.000407 0.000392 0.000205 0.000014 0.049711 0.007780 1.755007
0.941652 0.000411 0.000391 0.000205 0.000014 0.049549 0.007780 1.755051
0.941845 0.000411 0.000386 0.000201 0.000014 0.049365 0.007780 1.755088
0.942041 0.000409 0.000386 0.000208 0.000015 0.049162 0.007780 1.755133
0.942226 0.000415 0.000394 0.000206 0.000014 0.048966 0.007780 1.755176
0.942419 0.000413 0.000396 0.000202 0.000015 0.048775 0.007780 1.755217
0.942574 0.000409 0.000401 0.000198 0.000015 0.048623 0.007780 1.755259
0.942754 0.000411 0.000398 0.000201 0.000015 0.048441 0.007781 1.755297
0.942931 0.000412 0.000401 0.000199 0.000015 0.048262 0.007781 1.755340
0.943093 0.000413 0.000401 0.000199 0.000016 0.048098 0.007781 1.755382
0.943243 0.000425 0.000391 0.000197 0.000016 0.047946 0.007781 1.755418
0.943428 0.000425 0.000391 0.000195 0.000017 0.047763 0.007782 1.755456
0.943586 0.000426 0.000392 0.000196 0.000016 0.047603 0.007782 1.755497
0.943720 0.000422 0.000401 0.000197 0.000017 0.047461 0.007782 1.755545
0.943885 0.000424 0.000406 0.000191 0.000018 0.047295 0.007782 1.755582
0.944025 0.000428 0.000408 0.000191 0.000018 0.047148 0.007782 1.755624
0.944160 0.000425 0.000414 0.000192 0.000016 0.047010 0.007783 1.755673
0.944304 0.000435 0.000404 0.000193 0.000015 0.046865 0.007783 1.755714
0.944439 0.000430 0.000403 0.000192 0.000015 0.046739 0.007783 1.755760
0.944565 0.000430 0.000395 0.000198 0.000015 0.046613 0.007783 1.755805
0.944705 0.000423 0.000398 0.000203 0.000014 0.046474 0.007784 1.755853
0.944842 0.000429 0.000397 0.000203 0.000014 0.046331 0.007784 1.755891
0.944991 0.000420 0.000400 0.000206 0.000014 0.046185 0.007784 1.755941
0.945133 0.000422 0.000397 0.000212 0.000013 0.046039 0.007785 1.755981
0.945254 0.000429 0.000406 0.000208 0.000013 0.045905 0.007785 1.756025
0.945389 0.000433 0.000399 0.000213 0.000012 0.045770 0.007785 1.756061
0.945504 0.000439 0.000402 0.000210 0.000013 0.045648 0.007785 1.756101
0.945632 0.000441 0.000399 0.000208 0.000013 0.045521 0.007785 1.756144
0.945749 0.000443 0.000400 0.000207 0.000013 0.045403 0.007785 1.756187
0.945862 0.000440 0.000406 0.000211 0.000013 0.045284 0.007785 1.756236
0.945974 0.000452 0.000409 0.000208 0.000013 0.045160 0.007786 1.756276
0.946071 0.000450 0.000405 0.000206 0.000014 0.045068 0.007786 1.756319
0.946186 0.000462 0.000403 0.000206 0.000015 0.044942 0.007786 1.756359
0.946283 0.000472 0.000394 0.000209 0.000015 0.044842 0.007787 1.756398
0.946398 0.000468 0.000400 0.000208 0.000015 0.044725 0.007787 1.756451
0.946502 0.000460 0.000405 0.000208 0.000015 0.044622 0.007788 1.756498
0.946607 0.000456 0.000400 0.000218 0.000016 0.044515 0.007788 1.756545
0.946694 0.000462 0.000402 0.000213 0.000015 0.044427 0.007788 1.756589
0.946772 0.000467 0.000404 0.000211 0.000015 0.044343 0.007788 1.756630
0.946865 0.000477 0.000404 0.000205 0.000015 0.044246 0.007788 1.756666
0.946947 0.000484 0.000409 0.000200 0.000015 0.044158 0.007788 1.756709
0.947028 0.000502 0.000410 0.000202 0.000014 0.044056 0.007789 1.756751
0.947123 0.000501 0.000415 0.000201 0.000014 0.043956 0.007789 1.756801
0.947188 0.000509 0.000417 0.000199 0.000014 0.043885 0.007789 1.756849
0.947254 0.000519 0.000419 0.000195 0.000015 0.043810 0.007789 1.756891
0.947340 0.000508 0.000428 0.000199 0.000015 0.043721 0.007789 1.756945
0.947413 0.000503 0.000426 0.000204 0.000014 0.043652 0.007789 1.756994
0.947488 0.000501 0.000425 0.000207 0.000014 0.043577 0.007789 1.757042
0.947552 0.000493 0.000419 0.000212 0.000016 0.043521 0.007789 1.757094
0.947606 0.000501 0.000425 0.000212 0.000016 0.043451 0.007789 1.757140
0.947669 0.000502 0.000428 0.000211 0.000015 0.043388 0.007789 1.757194
0.947723 0.000493 0.000436 0.000213 0.000014 0.043333 0.007789 1.757253
0.947821 0.000482 0.000428 0.000211 0.000013 0.043258 0.007789 1.757305
0.947880 0.000493 0.000426 0.000208 0.000013 0.043190 0.007789 1.757342
0.947945 0.000482 0.000441 0.000212 0.000013 0.043118 0.007790 1.757399
0.948002 0.000480 0.000443 0.000214 0.000011 0.043059 0.007791 1.757448
0.948063 0.000487 0.000445 0.000212 0.000011 0.042992 0.007791 1.757489
0.948122 0.000479 0.000443 0.000215 0.000010 0.042940 0.007791 1.757542
0.948200 0.000487 0.000437 0.000214 0.000011 0.042861 0.007791 1.757584
0.948256 0.000499 0.000433 0.000213 0.000011 0.042799 0.007791 1.757624
0.948314 0.000489 0.000439 0.000216 0.000012 0.042740 0.007791 1.757677
0.948395 0.000485 0.000444 0.000218 0.000012 0.042656 0.007791 1.757727
0.948461 0.000478 0.000449 0.000215 0.000012 0.042594 0.007791 1.757781
0.948502 0.000476 0.000456 0.000219 0.000012 0.042544 0.007791 1.757833
0.948564 0.000469 0.000458 0.000221 0.000012 0.042485 0.007791 1.757884
0.948617 0.000464 0.000454 0.000226 0.000012 0.042437 0.007792 1.757938
0.948672 0.000470 0.000451 0.000225 0.000012 0.042380 0.007792 1.757980
0.948737 0.000465 0.000458 0.000219 0.000011 0.042319 0.007792 1.758026
0.948792 0.000465 0.000446 0.000219 0.000011 0.042276 0.007792 1.758066
0.948837 0.000475 0.000443 0.000213 0.000011 0.042231 0.007792 1.758112
0.948893 0.000461 0.000451 0.000216 0.000012 0.042175 0.007792 1.758164
0.948944 0.000467 0.000456 0.000211 0.000012 0.042118 0.007792 1.758208
0.949001 0.000477 0.000451 0.000209 0.000013 0.042057 0.007792 1.758242
0.949052 0.000468 0.000457 0.000211 0.000012 0.042009 0.007792 1.758297
0.949101 0.000476 0.000458 0.000211 0.000011 0.041952 0.007792 1.758340
0.949136 0.000489 0.000448 0.000214 0.000012 0.041911 0.007792 1.758386
0.949179 0.000493 0.000439 0.000214 0.000012 0.041872 0.007792 1.758430
0.949227 0.000491 0.000443 0.000207 0.000012 0.041827 0.007792 1.758481
0.949280 0.000489 0.000454 0.000209 0.000012 0.041763 0.007792 1.758530
0.949328 0.000481 0.000462 0.000213 0.000012 0.041712 0.007793 1.758585
0.949369 0.000474 0.000461 0.000213 0.000012 0.041678 0.007793 1.758637
0.949415 0.000467 0.000462 0.000216 0.000011 0.041636 0.007793 1.758693
0.949453 0.000469 0.000460 0.000217 0.000011 0.041598 0.007793 1.758738
0.949476 0.000478 0.000465 0.000214 0.000011 0.041563 0.007793 1.758793
0.949496 0.000489 0.000467 0.000214 0.000012 0.041530 0.007794 1.758840
0.949533 0.000480 0.000471 0.000218 0.000011 0.041493 0.007794 1.758893
0.949557 0.000479 0.000476 0.000217 0.000011 0.041467 0.007794 1.758945
0.949591 0.000473 0.000484 0.000218 0.000010 0.041431 0.007794 1.759000
0.949638 0.000466 0.000474 0.000214 0.000012 0.041402 0.007795 1.759047
0.949668 0.000478 0.000463 0.000209 0.000013 0.041376 0.007795 1.759086
0.949702 0.000487 0.000461 0.000214 0.000013 0.041329 0.007795 1.759133
0.949732 0.000497 0.000448 0.000218 0.000013 0.041297 0.007795 1.759175
0.949749 0.000499 0.000443 0.000223 0.000013 0.041279 0.007795 1.759228
0.949786 0.000495 0.000448 0.000221 0.000012 0.041243 0.007795 1.759277
0.949813 0.000504 0.000439 0.000222 0.000012 0.041216 0.007795 1.759321
0.949840 0.000498 0.000435 0.000231 0.000011 0.041191 0.007795 1.759375
0.949872 0.000486 0.000445 0.000235 0.000012 0.041156 0.007795 1.759436
0.949891 0.000496 0.000443 0.000230 0.000011 0.041135 0.007795 1.759483
0.949926 0.000496 0.000446 0.000228 0.000011 0.041100 0.007795 1.759532
0.949937 0.000511 0.000441 0.000221 0.000011 0.041084 0.007795 1.759575
0.949961 0.000522 0.000437 0.000219 0.000010 0.041056 0.007795 1.759622
0.949983 0.000525 0.000439 0.000219 0.000010 0.041030 0.007795 1.759672
0.950001 0.000526 0.000447 0.000213 0.000010 0.041009 0.007796 1.759731
0.950004 0.000530 0.000445 0.000219 0.000010 0.040998 0.007796 1.759784
0.950028 0.000529 0.000444 0.000217 0.000009 0.040978 0.007796 1.759830
0.950059 0.000524 0.000441 0.000231 0.000009 0.040942 0.007796 1.759883
0.950086 0.000523 0.000435 0.000236 0.000010 0.040916 0.007796 1.759938
0.950104 0.000541 0.000422 0.000236 0.000010 0.040891 0.007796 1.759982
0.950130 0.000539 0.000426 0.000238 0.000011 0.040860 0.007796 1.760037
0.950152 0.000534 0.000431 0.000242 0.000011 0.040836 0.007796 1.760095
0.950175 0.000528 0.000440 0.000238 0.000012 0.040813 0.007796 1.760155
0.950195 0.000522 0.000452 0.000234 0.000013 0.040788 0.007796 1.760211
0.950211 0.000526 0.000456 0.000234 0.000013 0.040766 0.007796 1.760261
0.950226 0.000535 0.000448 0.000235 0.000013 0.040748 0.007796 1.760308
0.950253 0.000532 0.000460 0.000230 0.000013 0.040717 0.007796 1.760357
0.950276 0.000519 0.000469 0.000227 0.000013 0.040702 0.007796 1.760417
0.950287 0.000527 0.000471 0.000218 0.000011 0.040689 0.007797 1.760460
0.950306 0.000532 0.000466 0.000220 0.000010 0.040670 0.007797 1.760504
0.950328 0.000530 0.000463 0.000221 0.000010 0.040651 0.007797 1.760556
0.950352 0.000534 0.000456 0.000228 0.000012 0.040622 0.007797 1.760606
0.950364 0.000538 0.000463 0.000225 0.000012 0.040603 0.007797 1.760656
0.950371 0.000544 0.000454 0.000224 0.000012 0.040599 0.007797 1.760705
0.950385 0.000536 0.000462 0.000219 0.000012 0.040590 0.007797 1.760761
0.950407 0.000535 0.000459 0.000217 0.000012 0.040573 0.007797 1.760812
0.950428 0.000534 0.000460 0.000212 0.000011 0.040558 0.007797 1.760860
0.950433 0.000534 0.000462 0.000213 0.000012 0.040549 0.007797 1.760913
0.950462 0.000534 0.000453 0.000214 0.000012 0.040527 0.007797 1.760958
0.950472 0.000535 0.000460 0.000218 0.000012 0.040508 0.007797 1.761012
0.950482 0.000538 0.000466 0.000213 0.000013 0.040493 0.007797 1.761058
0.950485 0.000547 0.000469 0.000216 0.000012 0.040475 0.007797 1.761105
0.950489 0.000558 0.000475 0.000215 0.000013 0.040455 0.007797 1.761156
0.950505 0.000564 0.000470 0.000219 0.000013 0.040431 0.007797 1.761204
0.950512 0.000564 0.000479 0.000218 0.000013 0.040417 0.007797 1.761261
0.950510 0.000564 0.000476 0.000227 0.000013 0.040414 0.007798 1.761317
0.950519 0.000570 0.000466 0.000229 0.000014 0.040405 0.007798 1.761364
0.950533 0.000560 0.000464 0.000235 0.000015 0.040395 0.007798 1.761422
0.950548 0.000558 0.000474 0.000232 0.000015 0.040375 0.007798 1.761475
0.950552 0.000556 0.000479 0.000231 0.000015 0.040370 0.007798 1.761532
0.950563 0.000550 0.000489 0.000235 0.000014 0.040351 0.007799 1.761593
0.950572 0.000548 0.000484 0.000242 0.000013 0.040342 0.007799 1.761646
0.950599 0.000541 0.000488 0.000241 0.000012 0.040321 0.007799 1.761697
0.950618 0.000534 0.000502 0.000238 0.000012 0.040298 0.007799 1.761751
0.950626 0.000533 0.000507 0.000230 0.000012 0.040294 0.007799 1.761807
0.950641 0.000528 0.000514 0.000229 0.000012 0.040277 0.007799 1.761858
0.950648 0.000522 0.000514 0.000231 0.000011 0.040275 0.007799 1.761912
0.950659 0.000523 0.000510 0.000228 0.000012 0.040268 0.007799 1.761958
0.950662 0.000537 0.000494 0.000228 0.000012 0.040269 0.007799 1.762004
0.950672 0.000534 0.000491 0.000227 0.000011 0.040267 0.007799 1.762055
0.950694 0.000538 0.000485 0.000221 0.000012 0.040251 0.007799 1.762105
0.950701 0.000533 0.000490 0.000223 0.000012 0.040243 0.007799 1.762164
0.950709 0.000525 0.000489 0.000229 0.000012 0.040238 0.007799 1.762222
0.950715 0.000524 0.000492 0.000231 0.000011 0.040228 0.007799 1.762274
0.950723 0.000536 0.000484 0.000236 0.000010 0.040212 0.007800 1.762313
0.950735 0.000531 0.000473 0.000245 0.000011 0.040206 0.007800 1.762362
0.950735 0.000532 0.000467 0.000251 0.000011 0.040204 0.007800 1.762414
0.950735 0.000536 0.000464 0.000251 0.000011 0.040205 0.007800 1.762461
0.950742 0.000542 0.000460 0.000254 0.000009 0.040193 0.007801 1.762510
0.950753 0.000537 0.000458 0.000258 0.000009 0.040186 0.007801 1.762561
0.950761 0.000533 0.000462 0.000260 0.000009 0.040175 0.007801 1.762611
0.950766 0.000528 0.000469 0.000257 0.000010 0.040168 0.007801 1.762670
0.950775 0.000530 0.000462 0.000263 0.000011 0.040159 0.007801 1.762723
0.950780 0.000523 0.000473 0.000267 0.000012 0.040144 0.007801 1.762781
0.950792 0.000518 0.000474 0.000267 0.000012 0.040136 0.007801 1.762831
0.950799 0.000520 0.000469 0.000267 0.000013 0.040131 0.007801 1.762882
0.950803 0.000527 0.000468 0.000269 0.000012 0.040119 0.007801 1.762929
0.950800 0.000527 0.000470 0.000261 0.000012 0.040129 0.007802 1.762981
0.950801 0.000524 0.000472 0.000257 0.000014 0.040130 0.007802 1.763032
0.950812 0.000510 0.000472 0.000254 0.000013 0.040137 0.007802 1.763093
0.950822 0.000500 0.000476 0.000257 0.000013 0.040129 0.007803 1.763148
0.950828 0.000502 0.000475 0.000247 0.000013 0.040132 0.007803 1.763191
0.950831 0.000507 0.000474 0.000245 0.000012 0.040128 0.007803 1.763236
0.950838 0.000501 0.000476 0.000246 0.000013 0.040124 0.007803 1.763285
0.950835 0.000518 0.000467 0.000249 0.000013 0.040115 0.007803 1.763329
0.950837 0.000526 0.000464 0.000238 0.000013 0.040119 0.007803 1.763375
0.950838 0.000523 0.000470 0.000231 0.000012 0.040122 0.007803 1.763427
0.950844 0.000521 0.000470 0.000232 0.000012 0.040118 0.007804 1.763480
0.950849 0.000522 0.000472 0.000233 0.000012 0.040109 0.007804 1.763531
0.950853 0.000537 0.000464 0.000237 0.000013 0.040091 0.007804 1.763573
0.950865 0.000533 0.000468 0.000237 0.000014 0.040079 0.007804 1.763625
0.950866 0.000535 0.000474 0.000238 0.000014 0.040068 0.007804 1.763677
0.950861 0.000538 0.000478 0.000239 0.000014 0.040068 0.007804 1.763729
0.950858 0.000541 0.000476 0.000237 0.000015 0.040068 0.007804 1.763784
0.950858 0.000538 0.000488 0.000243 0.000015 0.040056 0.007804 1.763841
0.950863 0.000535 0.000495 0.000242 0.000015 0.040046 0.007804 1.763895
0.950870 0.000537 0.000487 0.000244 0.000016 0.040042 0.007804 1.763944
0.950874 0.000531 0.000494 0.000247 0.000017 0.040034 0.007804 1.764004
0.950880 0.000526 0.000491 0.000240 0.000017 0.040042 0.007804 1.764053
0.950882 0.000519 0.000502 0.000237 0.000018 0.040038 0.007804 1.764109
0.950880 0.000523 0.000509 0.000236 0.000018 0.040031 0.007804 1.764160
0.950881 0.000518 0.000514 0.000234 0.000017 0.040031 0.007804 1.764216
0.950871 0.000527 0.000516 0.000227 0.000018 0.040037 0.007804 1.764269
0.950871 0.000539 0.000515 0.000226 0.000017 0.040027 0.007805 1.764316
0.950864 0.000542 0.000520 0.000222 0.000017 0.040031 0.007805 1.764371
0.950852 0.000554 0.000518 0.000221 0.000018 0.040033 0.007805 1.764425
0.950842 0.000559 0.000517 0.000228 0.000017 0.040031 0.007805 1.764484
0.950847 0.000566 0.000501 0.000231 0.000017 0.040033 0.007805 1.764536
0.950837 0.000566 0.000505 0.000235 0.000017 0.040035 0.007805 1.764599
0.950834 0.000573 0.000495 0.000236 0.000018 0.040040 0.007805 1.764647
0.950833 0.000572 0.000491 0.000237 0.000018 0.040045 0.007806 1.764700
0.950830 0.000568 0.000491 0.000239 0.000018 0.040048 0.007806 1.764757
0.950827 0.000567 0.000482 0.000240 0.000019 0.040058 0.007806 1.764807
0.950832 0.000563 0.000484 0.000246 0.000019 0.040050 0.007806 1.764869
0.950817 0.000568 0.000483 0.000245 0.000019 0.040062 0.007806 1.764924
0.950809 0.000575 0.000481 0.000244 0.000019 0.040067 0.007806 1.764974
0.950809 0.000583 0.000480 0.000237 0.000018 0.040066 0.007806 1.765021
0.950811 0.000568 0.000485 0.000244 0.000018 0.040066 0.007807 1.765081
0.950800 0.000580 0.000481 0.000243 0.000020 0.040069 0.007807 1.765130
0.950806 0.000572 0.000483 0.000239 0.000020 0.040074 0.007807 1.765188
0.950803 0.000581 0.000476 0.000247 0.000020 0.040067 0.007807 1.765235
0.950796 0.000588 0.000477 0.000246 0.000020 0.040066 0.007807 1.765291
0.950796 0.000589 0.000490 0.000249 0.000020 0.040050 0.007807 1.765348
0.950796 0.000565 0.000506 0.000254 0.000021 0.040053 0.007807 1.765421
0.950805 0.000557 0.000504 0.000256 0.000020 0.040052 0.007807 1.765475
0.950783 0.000565 0.000499 0.000258 0.000021 0.040068 0.007807 1.765530
0.950787 0.000553 0.000498 0.000272 0.000021 0.040062 0.007807 1.765591
0.950793 0.000550 0.000501 0.000269 0.000020 0.040058 0.007807 1.765644
0.950784 0.000559 0.000506 0.000269 0.000020 0.040053 0.007807 1.765697
0.950782 0.000548 0.000505 0.000276 0.000020 0.040061 0.007807 1.765760
0.950791 0.000539 0.000498 0.000276 0.000019 0.040069 0.007808 1.765811
0.950782 0.000543 0.000491 0.000276 0.000019 0.040080 0.007808 1.765862
0.950788 0.000540 0.000501 0.000270 0.000019 0.040074 0.007808 1.765914
0.950787 0.000540 0.000498 0.000271 0.000020 0.040075 0.007808 1.765965
0.950781 0.000540 0.000500 0.000267 0.000020 0.040085 0.007808 1.766020
0.950780 0.000535 0.000500 0.000265 0.000019 0.040092 0.007809 1.766073
0.950792 0.000532 0.000492 0.000262 0.000018 0.040094 0.007809 1.766128
0.950796 0.000537 0.000490 0.000262 0.000019 0.040088 0.007809 1.766179
0.950786 0.000534 0.000488 0.000262 0.000018 0.040102 0.007809 1.766234
0.950790 0.000535 0.000485 0.000267 0.000018 0.040095 0.007809 1.766282
0.950785 0.000545 0.000480 0.000264 0.000018 0.040099 0.007809 1.766329
0.950781 0.000559 0.000481 0.000265 0.000018 0.040087 0.007809 1.766378
0.950787 0.000559 0.000483 0.000268 0.000018 0.040074 0.007810 1.766432
0.950784 0.000563 0.000485 0.000270 0.000018 0.040071 0.007810 1.766486
0.950780 0.000562 0.000489 0.000270 0.000018 0.040072 0.007810 1.766542
0.950779 0.000561 0.000479 0.000275 0.000017 0.040078 0.007811 1.766599
0.950773 0.000551 0.000480 0.000270 0.000018 0.040098 0.007811 1.766658
0.950770 0.000546 0.000480 0.000276 0.000018 0.040099 0.007811 1.766713
0.950775 0.000541 0.000492 0.000278 0.000017 0.040085 0.007812 1.766775
0.950777 0.000539 0.000492 0.000276 0.000016 0.040087 0.007813 1.766831
0.950791 0.000528 0.000494 0.000277 0.000017 0.040079 0.007813 1.766887
0.950798 0.000531 0.000488 0.000272 0.000016 0.040082 0.007813 1.766930
0.950786 0.000535 0.000494 0.000269 0.000017 0.040086 0.007813 1.766982
0.950779 0.000549 0.000491 0.000261 0.000017 0.040090 0.007813 1.767028
0.950782 0.000547 0.000490 0.000262 0.000017 0.040089 0.007813 1.767080
0.950785 0.000549 0.000492 0.000258 0.000018 0.040084 0.007813 1.767124
0.950773 0.000558 0.000491 0.000262 0.000018 0.040085 0.007813 1.767180
0.950770 0.000556 0.000495 0.000258 0.000019 0.040090 0.007813 1.767238
0.950764 0.000554 0.000500 0.000258 0.000018 0.040093 0.007813 1.767299
0.950771 0.000548 0.000507 0.000263 0.000018 0.040080 0.007814 1.767358
0.950766 0.000556 0.000503 0.000266 0.000019 0.040076 0.007814 1.767409
0.950762 0.000554 0.000505 0.000269 0.000018 0.040078 0.007814 1.767465
0.950756 0.000551 0.000495 0.000275 0.000018 0.040092 0.007815 1.767524
0.950757 0.000545 0.000497 0.000272 0.000018 0.040098 0.007815 1.767579
0.950749 0.000549 0.000502 0.000270 0.000016 0.040099 0.007815 1.767633
0.950758 0.000539 0.000499 0.000270 0.000018 0.040101 0.007815 1.767687
0.950748 0.000544 0.000488 0.000277 0.000019 0.040108 0.007815 1.767738
0.950750 0.000551 0.000480 0.000270 0.000019 0.040114 0.007815 1.767786
0.950753 0.000538 0.000480 0.000270 0.000019 0.040125 0.007815 1.767845
0.950742 0.000538 0.000482 0.000276 0.000018 0.040131 0.007815 1.767899
0.950738 0.000546 0.000479 0.000267 0.000019 0.040136 0.007815 1.767945
0.950745 0.000544 0.000473 0.000267 0.000017 0.040138 0.007816 1.767993
0.950759 0.000532 0.000481 0.000264 0.000017 0.040131 0.007816 1.768053
0.950768 0.000527 0.000487 0.000267 0.000017 0.040118 0.007816 1.768107
0.950767 0.000524 0.000486 0.000272 0.000017 0.040120 0.007816 1.768159
0.950773 0.000528 0.000467 0.000265 0.000018 0.040133 0.007816 1.768201
0.950768 0.000532 0.000463 0.000260 0.000018 0.040143 0.007816 1.768246
0.950771 0.000534 0.000464 0.000263 0.000016 0.040135 0.007817 1.768296
0.950778 0.000520 0.000471 0.000262 0.000017 0.040134 0.007817 1.768360
0.950793 0.000508 0.000473 0.000262 0.000017 0.040130 0.007817 1.768413
0.950802 0.000507 0.000467 0.000265 0.000017 0.040125 0.007818 1.768460
0.950812 0.000506 0.000470 0.000260 0.000016 0.040117 0.007818 1.768511
0.950812 0.000512 0.000469 0.000251 0.000015 0.040125 0.007818 1.768553
0.950808 0.000512 0.000468 0.000250 0.000015 0.040131 0.007818 1.768603
0.950805 0.000519 0.000478 0.000242 0.000016 0.040123 0.007818 1.768655
0.950797 0.000521 0.000483 0.000234 0.000017 0.040130 0.007818 1.768703
0.950790 0.000524 0.000480 0.000230 0.000017 0.040141 0.007818 1.768755
0.950797 0.000509 0.000487 0.000231 0.000017 0.040141 0.007818 1.768817
0.950798 0.000505 0.000489 0.000235 0.000016 0.040138 0.007819 1.768870
0.950803 0.000506 0.000477 0.000235 0.000017 0.040144 0.007819 1.768917
0.950805 0.000494 0.000483 0.000237 0.000017 0.040146 0.007819 1.768974
0.950803 0.000492 0.000483 0.000233 0.000017 0.040152 0.007819 1.769022
0.950809 0.000489 0.000475 0.000237 0.000017 0.040155 0.007819 1.769071
0.950818 0.000484 0.000468 0.000235 0.000016 0.040160 0.007820 1.769118
0.950814 0.000481 0.000465 0.000237 0.000015 0.040167 0.007820 1.769170
0.950827 0.000473 0.000464 0.000243 0.000014 0.040160 0.007820 1.769220
0.950846 0.000463 0.000459 0.000247 0.000013 0.040152 0.007820 1.769270
0.950850 0.000469 0.000453 0.000238 0.000014 0.040157 0.007820 1.769313
0.950860 0.000465 0.000455 0.000237 0.000013 0.040150 0.007820 1.769362
0.950866 0.000466 0.000458 0.000238 0.000013 0.040139 0.007821 1.769408
0.950865 0.000465 0.000456 0.000233 0.000013 0.040147 0.007821 1.769460
0.950865 0.000474 0.000447 0.000227 0.000013 0.040153 0.007821 1.769497
0.950873 0.000476 0.000449 0.000232 0.000013 0.040137 0.007821 1.769540
0.950880 0.000478 0.000448 0.000227 0.000013 0.040133 0.007821 1.769583
0.950879 0.000484 0.000448 0.000227 0.000012 0.040129 0.007821 1.769629
0.950890 0.000471 0.000441 0.000228 0.000012 0.040137 0.007821 1.769682
0.950908 0.000470 0.000436 0.000226 0.000013 0.040126 0.007821 1.769723
0.950907 0.000480 0.000431 0.000226 0.000014 0.040123 0.007821 1.769762
0.950910 0.000480 0.000431 0.000222 0.000015 0.040121 0.007821 1.769806
