0.338415 0.063469 0.056442 0.032674 0.002237 0.500433 0.006331 1.646349
0.339790 0.062292 0.056353 0.032608 0.002249 0.500348 0.006360 1.652511
0.341463 0.060797 0.056229 0.032449 0.002246 0.500433 0.006383 1.658589
0.343449 0.059276 0.055982 0.032211 0.002234 0.500431 0.006417 1.664413
0.345584 0.057587 0.055787 0.031964 0.002237 0.500398 0.006442 1.670231
0.347863 0.055934 0.055420 0.031650 0.002231 0.500429 0.006474 1.675834
0.350363 0.054360 0.055043 0.031222 0.002224 0.500287 0.006501 1.681222
0.352792 0.052797 0.054471 0.030866 0.002220 0.500329 0.006525 1.686446
0.355368 0.051247 0.053881 0.030476 0.002213 0.500263 0.006551 1.691591
0.357986 0.049891 0.053247 0.030117 0.002206 0.499973 0.006580 1.696538
0.360773 0.048566 0.052605 0.029705 0.002200 0.499543 0.006609 1.701328
0.363652 0.047253 0.051847 0.029200 0.002194 0.499220 0.006635 1.706048
0.366513 0.046144 0.051162 0.028720 0.002188 0.498613 0.006661 1.710564
0.369386 0.044977 0.050446 0.028319 0.002176 0.498009 0.006686 1.715035
0.372192 0.043945 0.049675 0.027886 0.002154 0.497433 0.006716 1.719400
0.375153 0.042878 0.048775 0.027484 0.002148 0.496817 0.006745 1.723720
0.377993 0.041999 0.047980 0.026994 0.002133 0.496128 0.006772 1.727896
0.381012 0.041143 0.047187 0.026545 0.002109 0.495207 0.006798 1.731908
0.384125 0.040288 0.046478 0.026016 0.002084 0.494184 0.006826 1.735847
0.387041 0.039533 0.045748 0.025564 0.002066 0.493194 0.006855 1.739774
0.390027 0.038880 0.044992 0.025131 0.002051 0.492033 0.006886 1.743570
0.393092 0.038241 0.044235 0.024672 0.002033 0.490820 0.006907 1.747354
0.396129 0.037682 0.043503 0.024239 0.002016 0.489503 0.006929 1.751063
0.399181 0.037113 0.042732 0.023870 0.001998 0.488146 0.006961 1.754729
0.402270 0.036544 0.041987 0.023442 0.001997 0.486779 0.006981 1.758328
0.405320 0.035957 0.041314 0.023043 0.001997 0.485364 0.007004 1.761925
0.408299 0.035505 0.040616 0.022730 0.001985 0.483834 0.007029 1.765438
0.411328 0.035035 0.040045 0.022288 0.001973 0.482278 0.007053 1.768918
0.414355 0.034597 0.039445 0.021927 0.001953 0.480645 0.007078 1.772363
0.417388 0.034118 0.038812 0.021650 0.001936 0.478985 0.007111 1.775763
0.420384 0.033770 0.038236 0.021319 0.001919 0.477238 0.007134 1.779129
0.423346 0.033441 0.037630 0.020961 0.001906 0.475559 0.007158 1.782439
0.426362 0.033147 0.037035 0.020640 0.001890 0.473751 0.007176 1.785685
0.429260 0.032931 0.036514 0.020325 0.001872 0.471897 0.007202 1.788891
0.432207 0.032682 0.036049 0.020019 0.001858 0.469959 0.007226 1.792105
0.435010 0.032536 0.035458 0.019742 0.001827 0.468169 0.007257 1.795242
0.437811 0.032428 0.034987 0.019447 0.001812 0.466231 0.007284 1.798404
0.440677 0.032202 0.034543 0.019244 0.001786 0.464243 0.007306 1.801618
0.443513 0.031990 0.034160 0.019003 0.001763 0.462240 0.007332 1.804773
0.446288 0.031829 0.033821 0.018764 0.001727 0.460211 0.007359 1.807928
0.448988 0.031775 0.033370 0.018563 0.001702 0.458219 0.007384 1.811002
0.451717 0.031710 0.032928 0.018353 0.001679 0.456208 0.007406 1.814090
0.454437 0.031611 0.032605 0.018198 0.001665 0.454063 0.007422 1.817199
0.457082 0.031574 0.032274 0.018001 0.001639 0.451988 0.007443 1.820270
0.459634 0.031562 0.031943 0.017868 0.001627 0.449904 0.007462 1.823373
0.462124 0.031526 0.031750 0.017708 0.001603 0.447802 0.007485 1.826471
0.464700 0.031488 0.031504 0.017535 0.001587 0.445683 0.007503 1.829587
0.467228 0.031462 0.031305 0.017386 0.001567 0.443524 0.007528 1.832684
0.469499 0.031616 0.030987 0.017212 0.001548 0.441588 0.007548 1.835683
0.471904 0.031530 0.030815 0.017145 0.001526 0.439505 0.007573 1.838833
0.474262 0.031560 0.030642 0.016970 0.001496 0.437471 0.007597 1.841928
0.476461 0.031633 0.030472 0.016863 0.001484 0.435470 0.007615 1.845066
0.478828 0.031707 0.030309 0.016771 0.001451 0.433294 0.007640 1.848147
0.480992 0.031790 0.030149 0.016679 0.001428 0.431302 0.007660 1.851239
0.483186 0.031843 0.029998 0.016562 0.001419 0.429311 0.007680 1.854386
0.485327 0.031931 0.029905 0.016528 0.001402 0.427211 0.007696 1.857557
0.487405 0.032069 0.029796 0.016499 0.001384 0.425132 0.007716 1.860677
0.489414 0.032148 0.029752 0.016450 0.001365 0.423139 0.007732 1.863886
0.491540 0.032258 0.029612 0.016416 0.001355 0.421069 0.007750 1.867028
0.493558 0.032306 0.029581 0.016401 0.001333 0.419054 0.007768 1.870244
0.495515 0.032388 0.029446 0.016343 0.001329 0.417192 0.007787 1.873390
0.497405 0.032527 0.029367 0.016343 0.001323 0.415230 0.007805 1.876573
0.499287 0.032655 0.029259 0.016312 0.001314 0.413356 0.007818 1.879730
0.501135 0.032781 0.029230 0.016281 0.001298 0.411436 0.007839 1.882931
0.502954 0.032925 0.029198 0.016239 0.001291 0.409539 0.007855 1.886110
0.504632 0.033163 0.029090 0.016280 0.001284 0.407680 0.007872 1.889318
0.506187 0.033466 0.029007 0.016274 0.001262 0.405919 0.007886 1.892462
0.507717 0.033707 0.028959 0.016298 0.001257 0.404163 0.007900 1.895671
0.509282 0.033836 0.029058 0.016267 0.001244 0.402390 0.007920 1.899031
0.510906 0.034012 0.029053 0.016363 0.001239 0.400490 0.007938 1.902339
0.512348 0.034181 0.029162 0.016405 0.001225 0.398726 0.007953 1.905657
0.513721 0.034334 0.029290 0.016459 0.001213 0.397014 0.007969 1.909034
0.515075 0.034499 0.029369 0.016493 0.001206 0.395372 0.007985 1.912416
0.516429 0.034759 0.029358 0.016533 0.001195 0.393727 0.007998 1.915792
0.517806 0.034912 0.029437 0.016530 0.001178 0.392124 0.008014 1.919144
0.519087 0.035119 0.029581 0.016588 0.001162 0.390429 0.008033 1.922548
0.520373 0.035272 0.029645 0.016617 0.001149 0.388891 0.008053 1.926007
0.521594 0.035547 0.029736 0.016635 0.001143 0.387274 0.008070 1.929437
0.522758 0.035745 0.029865 0.016667 0.001124 0.385758 0.008081 1.932923
0.523802 0.035915 0.030058 0.016726 0.001125 0.384282 0.008093 1.936497
0.524943 0.036082 0.030038 0.016850 0.001125 0.382856 0.008106 1.940009
0.526037 0.036246 0.030067 0.016888 0.001120 0.381522 0.008121 1.943511
0.526973 0.036383 0.030249 0.016961 0.001124 0.380179 0.008133 1.947112
0.527963 0.036476 0.030355 0.017074 0.001130 0.378853 0.008149 1.950744
0.528870 0.036713 0.030533 0.017103 0.001112 0.377510 0.008159 1.954301
0.529758 0.036865 0.030668 0.017209 0.001116 0.376210 0.008175 1.957924
0.530671 0.037103 0.030739 0.017232 0.001119 0.374944 0.008193 1.961529
0.531611 0.037172 0.030947 0.017357 0.001111 0.373596 0.008206 1.965244
0.532266 0.037494 0.031054 0.017408 0.001109 0.372451 0.008217 1.968873
0.533050 0.037639 0.031106 0.017456 0.001109 0.371410 0.008229 1.972540
0.533822 0.037871 0.031309 0.017512 0.001099 0.370143 0.008244 1.976236
0.534439 0.038122 0.031467 0.017638 0.001106 0.368973 0.008255 1.979960
0.535267 0.038263 0.031679 0.017682 0.001104 0.367733 0.008270 1.983721
0.535964 0.038342 0.031870 0.017799 0.001111 0.366628 0.008286 1.987570
0.536492 0.038568 0.032059 0.017909 0.001102 0.365574 0.008296 1.991378
0.537002 0.038767 0.032184 0.018038 0.001097 0.364604 0.008307 1.995193
0.537517 0.039022 0.032312 0.018025 0.001085 0.363716 0.008325 1.998943
0.537957 0.039189 0.032488 0.018118 0.001089 0.362824 0.008335 2.002835
0.538312 0.039434 0.032600 0.018201 0.001082 0.362024 0.008348 2.006636
0.538761 0.039692 0.032704 0.018294 0.001085 0.361102 0.008362 2.010476
0.539233 0.039922 0.032850 0.018421 0.001085 0.360119 0.008371 2.014374
0.539622 0.040073 0.033096 0.018518 0.001084 0.359219 0.008389 2.018318
0.539958 0.040419 0.033212 0.018586 0.001067 0.358357 0.008400 2.022139
0.540290 0.040619 0.033347 0.018700 0.001061 0.357567 0.008417 2.026082
0.540523 0.040896 0.033522 0.018780 0.001064 0.356783 0.008433 2.030048
0.540797 0.041051 0.033669 0.018839 0.001067 0.356132 0.008445 2.034057
0.541000 0.041235 0.033857 0.018937 0.001069 0.355446 0.008457 2.038078
0.541350 0.041318 0.034072 0.019011 0.001070 0.354712 0.008466 2.042149
0.541504 0.041544 0.034206 0.019083 0.001071 0.354110 0.008481 2.046159
0.541798 0.041620 0.034336 0.019200 0.001069 0.353482 0.008495 2.050254
0.541972 0.041807 0.034470 0.019211 0.001080 0.352952 0.008508 2.054284
0.542253 0.041829 0.034610 0.019338 0.001078 0.352373 0.008518 2.058425
0.542418 0.041937 0.034721 0.019395 0.001074 0.351921 0.008534 2.062451
0.542514 0.042035 0.034887 0.019457 0.001062 0.351494 0.008551 2.066576
0.542566 0.042114 0.035069 0.019527 0.001071 0.351090 0.008563 2.070706
0.542886 0.042156 0.035174 0.019581 0.001081 0.350550 0.008574 2.074809
0.543069 0.042193 0.035305 0.019651 0.001076 0.350118 0.008589 2.078963
0.543202 0.042206 0.035465 0.019735 0.001081 0.349711 0.008601 2.083166
0.543322 0.042291 0.035616 0.019705 0.001087 0.349363 0.008617 2.087292
0.543380 0.042443 0.035812 0.019692 0.001079 0.348961 0.008633 2.091397
0.543586 0.042419 0.035904 0.019878 0.001083 0.348485 0.008646 2.095626
0.543654 0.042531 0.035993 0.019964 0.001087 0.348119 0.008654 2.099762
0.543792 0.042646 0.036023 0.020009 0.001097 0.347769 0.008666 2.103884
0.543872 0.042744 0.036176 0.020048 0.001119 0.347366 0.008675 2.108092
0.544038 0.042715 0.036228 0.020180 0.001121 0.347026 0.008692 2.112300
0.544216 0.042667 0.036345 0.020192 0.001132 0.346742 0.008706 2.116506
0.544315 0.042766 0.036434 0.020208 0.001123 0.346434 0.008720 2.120596
0.544442 0.042835 0.036493 0.020298 0.001117 0.346080 0.008734 2.124748
0.544663 0.042729 0.036612 0.020312 0.001127 0.345811 0.008747 2.129000
0.544760 0.042800 0.036731 0.020268 0.001130 0.345544 0.008767 2.133167
0.544851 0.042814 0.036845 0.020363 0.001131 0.345212 0.008784 2.137363
0.545023 0.042727 0.036936 0.020375 0.001134 0.345009 0.008796 2.141592
0.545162 0.042676 0.036953 0.020379 0.001135 0.344883 0.008812 2.145764
0.545229 0.042825 0.036879 0.020426 0.001126 0.344686 0.008830 2.149820
0.545361 0.042873 0.036881 0.020452 0.001126 0.344467 0.008842 2.153991
0.545463 0.042901 0.037015 0.020458 0.001130 0.344178 0.008854 2.158193
0.545623 0.042919 0.037088 0.020471 0.001133 0.343899 0.008869 2.162339
0.545769 0.042810 0.037151 0.020528 0.001133 0.343726 0.008884 2.166561
0.545930 0.042798 0.037251 0.020520 0.001141 0.343463 0.008898 2.170751
0.546010 0.042789 0.037311 0.020515 0.001142 0.343323 0.008911 2.174946
0.546170 0.042791 0.037333 0.020569 0.001140 0.343069 0.008928 2.179134
0.546306 0.042773 0.037343 0.020565 0.001136 0.342935 0.008942 2.183325
0.546418 0.042710 0.037463 0.020571 0.001128 0.342750 0.008960 2.187573
0.546554 0.042677 0.037451 0.020608 0.001115 0.342621 0.008976 2.191755
0.546617 0.042632 0.037441 0.020655 0.001104 0.342560 0.008993 2.196011
0.546710 0.042530 0.037551 0.020677 0.001113 0.342413 0.009005 2.200284
0.546944 0.042439 0.037580 0.020679 0.001098 0.342242 0.009018 2.204459
0.547039 0.042462 0.037559 0.020590 0.001100 0.342215 0.009036 2.208585
0.547098 0.042516 0.037515 0.020573 0.001104 0.342147 0.009046 2.212666
0.547304 0.042421 0.037528 0.020539 0.001115 0.342033 0.009060 2.216877
0.547575 0.042312 0.037570 0.020550 0.001123 0.341792 0.009078 2.221022
0.547767 0.042210 0.037593 0.020601 0.001128 0.341613 0.009089 2.225172
0.547970 0.042102 0.037589 0.020670 0.001126 0.341437 0.009106 2.229332
0.548161 0.042027 0.037602 0.020704 0.001127 0.341261 0.009118 2.233489
0.548347 0.041905 0.037559 0.020712 0.001137 0.341206 0.009136 2.237622
0.548511 0.041844 0.037515 0.020668 0.001138 0.341182 0.009143 2.241700
0.548773 0.041788 0.037526 0.020651 0.001135 0.340972 0.009155 2.245787
0.549033 0.041775 0.037425 0.020625 0.001145 0.340829 0.009170 2.249862
0.549265 0.041763 0.037390 0.020625 0.001144 0.340627 0.009187 2.253978
0.549468 0.041672 0.037523 0.020589 0.001153 0.340400 0.009196 2.258122
0.549750 0.041550 0.037514 0.020574 0.001157 0.340244 0.009213 2.262179
0.549922 0.041570 0.037351 0.020553 0.001156 0.340223 0.009225 2.266161
0.550141 0.041521 0.037294 0.020530 0.001157 0.340118 0.009239 2.270232
0.550403 0.041434 0.037295 0.020442 0.001166 0.340006 0.009254 2.274301
0.550613 0.041375 0.037236 0.020400 0.001176 0.339933 0.009266 2.278378
0.550817 0.041348 0.037221 0.020390 0.001178 0.339767 0.009280 2.282402
0.551059 0.041278 0.037266 0.020368 0.001174 0.339557 0.009299 2.286519
0.551257 0.041330 0.037225 0.020392 0.001167 0.339312 0.009317 2.290567
0.551422 0.041229 0.037221 0.020362 0.001175 0.339260 0.009332 2.294645
0.551724 0.041222 0.037090 0.020341 0.001184 0.339098 0.009342 2.298671
0.551990 0.041184 0.037028 0.020362 0.001188 0.338892 0.009358 2.302704
0.552282 0.041145 0.037023 0.020292 0.001198 0.338693 0.009369 2.306720
0.552609 0.041165 0.036953 0.020229 0.001199 0.338461 0.009384 2.310631
0.552786 0.041215 0.036956 0.020221 0.001185 0.338237 0.009400 2.314661
0.553031 0.041201 0.036908 0.020172 0.001192 0.338082 0.009415 2.318695
0.553330 0.041115 0.036817 0.020147 0.001184 0.337975 0.009432 2.322693
0.553522 0.041128 0.036739 0.020164 0.001190 0.337811 0.009447 2.326689
0.553762 0.041118 0.036693 0.020162 0.001183 0.337617 0.009464 2.330685
0.553906 0.041121 0.036612 0.020121 0.001190 0.337574 0.009476 2.334708
0.554165 0.041001 0.036665 0.020092 0.001187 0.337396 0.009495 2.338776
0.554345 0.040964 0.036657 0.020131 0.001194 0.337200 0.009509 2.342801
0.554572 0.040890 0.036689 0.020159 0.001190 0.336975 0.009524 2.346863
0.554771 0.040745 0.036687 0.020196 0.001189 0.336875 0.009538 2.350957
0.555143 0.040673 0.036692 0.020131 0.001183 0.336626 0.009551 2.354963
0.555268 0.040649 0.036615 0.020102 0.001192 0.336608 0.009567 2.358983
0.555443 0.040755 0.036534 0.020052 0.001190 0.336445 0.009581 2.362889
0.555611 0.040741 0.036506 0.020023 0.001185 0.336338 0.009596 2.366857
0.555871 0.040677 0.036523 0.020039 0.001180 0.336097 0.009613 2.370904
0.556128 0.040636 0.036499 0.020015 0.001185 0.335912 0.009626 2.374862
0.556374 0.040600 0.036459 0.019981 0.001185 0.335763 0.009638 2.378803
0.556625 0.040541 0.036469 0.019971 0.001178 0.335565 0.009652 2.382818
0.556905 0.040500 0.036504 0.019921 0.001185 0.335321 0.009664 2.386794
0.557179 0.040530 0.036440 0.019889 0.001185 0.335104 0.009674 2.390743
0.557567 0.040376 0.036410 0.019850 0.001187 0.334925 0.009685 2.394695
0.557739 0.040414 0.036358 0.019871 0.001180 0.334737 0.009702 2.398642
0.558010 0.040360 0.036374 0.019879 0.001193 0.334469 0.009715 2.402636
0.558137 0.040406 0.036372 0.019804 0.001189 0.334359 0.009734 2.406623
0.558411 0.040349 0.036361 0.019825 0.001193 0.334112 0.009750 2.410582
0.558624 0.040361 0.036259 0.019820 0.001197 0.333975 0.009765 2.414517
0.558806 0.040379 0.036219 0.019802 0.001194 0.333819 0.009781 2.418505
0.559028 0.040355 0.036235 0.019726 0.001204 0.333661 0.009792 2.422508
0.559276 0.040318 0.036180 0.019665 0.001204 0.333550 0.009807 2.426443
0.559491 0.040270 0.036126 0.019703 0.001204 0.333388 0.009818 2.430401
0.559644 0.040319 0.036098 0.019714 0.001203 0.333190 0.009834 2.434355
0.559792 0.040385 0.035989 0.019727 0.001199 0.333062 0.009847 2.438270
0.559968 0.040449 0.035952 0.019746 0.001191 0.332834 0.009860 2.442177
0.560022 0.040607 0.036032 0.019717 0.001189 0.332556 0.009876 2.446131
0.560290 0.040702 0.035983 0.019701 0.001186 0.332246 0.009892 2.450056
0.560516 0.040726 0.036051 0.019643 0.001192 0.331968 0.009905 2.454032
0.560621 0.040827 0.036047 0.019655 0.001186 0.331740 0.009922 2.457942
0.560856 0.040807 0.036156 0.019689 0.001173 0.331380 0.009939 2.461989
0.561032 0.040858 0.036155 0.019680 0.001176 0.331144 0.009954 2.465956
0.561192 0.040855 0.036128 0.019669 0.001174 0.331008 0.009974 2.469971
0.561387 0.040865 0.036160 0.019635 0.001179 0.330786 0.009988 2.473977
0.561454 0.040964 0.036151 0.019691 0.001164 0.330572 0.010004 2.477960
0.561654 0.040900 0.036223 0.019683 0.001180 0.330341 0.010018 2.481998
0.561806 0.040863 0.036264 0.019641 0.001167 0.330224 0.010035 2.486023
0.561942 0.040829 0.036340 0.019675 0.001168 0.329998 0.010048 2.490042
0.562042 0.040917 0.036291 0.019678 0.001174 0.329835 0.010062 2.494015
0.562082 0.040950 0.036338 0.019701 0.001175 0.329679 0.010074 2.498037
0.562145 0.040996 0.036305 0.019725 0.001177 0.329570 0.010083 2.502040
0.562314 0.040922 0.036324 0.019714 0.001178 0.329450 0.010097 2.506117
0.562442 0.040849 0.036412 0.019735 0.001189 0.329263 0.010111 2.510214
0.562533 0.040804 0.036416 0.019761 0.001186 0.329175 0.010126 2.514261
0.562592 0.040730 0.036323 0.019847 0.001194 0.329177 0.010136 2.518299
0.562761 0.040711 0.036357 0.019804 0.001197 0.329018 0.010152 2.522277
0.562839 0.040656 0.036316 0.019819 0.001191 0.329011 0.010169 2.526266
0.562845 0.040684 0.036369 0.019857 0.001187 0.328871 0.010185 2.530300
0.563000 0.040631 0.036248 0.019847 0.001184 0.328890 0.010200 2.534304
0.563045 0.040609 0.036359 0.019840 0.001185 0.328751 0.010212 2.538382
0.563114 0.040590 0.036305 0.019903 0.001169 0.328687 0.010231 2.542424
0.563337 0.040544 0.036317 0.019894 0.001165 0.328499 0.010244 2.546441
0.563361 0.040580 0.036294 0.019894 0.001168 0.328444 0.010260 2.550402
0.563592 0.040594 0.036218 0.019921 0.001156 0.328239 0.010280 2.554361
0.563702 0.040613 0.036217 0.019915 0.001154 0.328108 0.010292 2.558333
0.563841 0.040540 0.036192 0.019933 0.001162 0.328026 0.010307 2.562344
0.563887 0.040532 0.036190 0.019923 0.001161 0.327983 0.010323 2.566345
0.564076 0.040589 0.036213 0.019912 0.001176 0.327702 0.010331 2.570330
0.564136 0.040598 0.036212 0.019958 0.001166 0.327586 0.010344 2.574302
0.564229 0.040666 0.036151 0.019924 0.001161 0.327507 0.010360 2.578249
0.564362 0.040724 0.036075 0.019839 0.001157 0.327468 0.010375 2.582149
0.564504 0.040738 0.036076 0.019892 0.001164 0.327239 0.010388 2.586153
0.564555 0.040735 0.036119 0.019894 0.001166 0.327128 0.010403 2.590195
0.564577 0.040698 0.036200 0.019857 0.001169 0.327087 0.010413 2.594267
0.564624 0.040800 0.036153 0.019869 0.001142 0.326979 0.010433 2.598240
0.564563 0.040862 0.036093 0.019931 0.001150 0.326958 0.010443 2.602216
0.564728 0.040862 0.036080 0.019925 0.001150 0.326798 0.010459 2.606172
0.564777 0.040926 0.036137 0.019877 0.001154 0.326661 0.010469 2.610182
0.564970 0.040813 0.036145 0.019893 0.001150 0.326543 0.010485 2.614236
0.565217 0.040760 0.036157 0.019856 0.001146 0.326369 0.010496 2.618189
0.565336 0.040743 0.036136 0.019862 0.001139 0.326279 0.010506 2.622162
0.565414 0.040754 0.036063 0.019807 0.001147 0.326295 0.010520 2.626140
0.565467 0.040776 0.036035 0.019791 0.001151 0.326246 0.010535 2.630116
0.565498 0.040857 0.035967 0.019775 0.001162 0.326196 0.010546 2.634044
0.565615 0.040934 0.035882 0.019757 0.001164 0.326091 0.010558 2.637949
0.565649 0.040988 0.035892 0.019756 0.001162 0.325983 0.010571 2.641921
0.565602 0.041051 0.035964 0.019783 0.001163 0.325848 0.010589 2.645983
0.565697 0.041122 0.035968 0.019779 0.001163 0.325672 0.010599 2.649956
0.565795 0.041069 0.036007 0.019742 0.001167 0.325603 0.010617 2.653961
0.565809 0.041113 0.036021 0.019740 0.001163 0.325528 0.010627 2.657957
0.565785 0.041132 0.036026 0.019760 0.001163 0.325493 0.010641 2.661999
0.565820 0.041104 0.036031 0.019787 0.001165 0.325439 0.010654 2.666006
0.565810 0.041154 0.036048 0.019773 0.001164 0.325385 0.010668 2.669990
0.565834 0.041188 0.036043 0.019804 0.001156 0.325288 0.010687 2.673987
0.565899 0.041117 0.036181 0.019829 0.001161 0.325112 0.010702 2.678068
0.565918 0.041126 0.036195 0.019861 0.001165 0.325024 0.010712 2.682135
0.565984 0.041171 0.036270 0.019827 0.001164 0.324860 0.010723 2.686133
0.566018 0.041157 0.036299 0.019813 0.001167 0.324808 0.010739 2.690200
0.566032 0.041174 0.036299 0.019839 0.001162 0.324738 0.010755 2.694198
0.566032 0.041215 0.036338 0.019818 0.001173 0.324655 0.010769 2.698227
0.565967 0.041213 0.036414 0.019871 0.001172 0.324585 0.010780 2.702309
0.565934 0.041185 0.036476 0.019847 0.001175 0.324585 0.010799 2.706407
0.565932 0.041110 0.036537 0.019863 0.001176 0.324568 0.010815 2.710519
0.566073 0.041111 0.036494 0.019805 0.001176 0.324511 0.010831 2.714472
0.566089 0.041126 0.036477 0.019806 0.001178 0.324476 0.010847 2.718470
0.566157 0.041021 0.036465 0.019828 0.001174 0.324495 0.010860 2.722521
0.566167 0.041063 0.036469 0.019780 0.001177 0.324467 0.010876 2.726488
0.566149 0.041124 0.036482 0.019798 0.001176 0.324379 0.010893 2.730462
0.566205 0.041101 0.036501 0.019779 0.001178 0.324328 0.010909 2.734493
0.566386 0.041007 0.036510 0.019801 0.001172 0.324198 0.010926 2.738518
0.566375 0.040939 0.036566 0.019832 0.001168 0.324178 0.010942 2.742577
0.566506 0.040888 0.036531 0.019887 0.001164 0.324068 0.010957 2.746593
0.566514 0.040876 0.036550 0.019928 0.001162 0.323996 0.010975 2.750658
0.566616 0.040871 0.036527 0.019931 0.001164 0.323902 0.010988 2.754703
0.566680 0.040895 0.036478 0.019931 0.001186 0.323833 0.010998 2.758697
0.566590 0.040993 0.036448 0.019938 0.001194 0.323830 0.011008 2.762726
0.566618 0.040983 0.036498 0.019896 0.001195 0.323788 0.011022 2.766749
0.566799 0.040985 0.036460 0.019870 0.001198 0.323651 0.011037 2.770736
0.566790 0.041063 0.036491 0.019841 0.001205 0.323559 0.011052 2.774731
0.566837 0.041105 0.036453 0.019854 0.001207 0.323479 0.011066 2.778692
0.566819 0.041089 0.036477 0.019781 0.001207 0.323545 0.011081 2.782768
0.566855 0.040948 0.036573 0.019811 0.001198 0.323518 0.011097 2.786925
0.566893 0.040918 0.036478 0.019858 0.001188 0.323554 0.011111 2.790868
0.566956 0.040907 0.036478 0.019866 0.001184 0.323484 0.011125 2.794912
0.567026 0.040928 0.036396 0.019880 0.001178 0.323453 0.011138 2.798855
0.566998 0.040946 0.036375 0.019873 0.001179 0.323481 0.011148 2.802865
0.566932 0.040983 0.036406 0.019909 0.001174 0.323435 0.011162 2.806878
0.566913 0.041020 0.036417 0.019944 0.001177 0.323350 0.011180 2.810821
0.566910 0.041004 0.036370 0.019943 0.001177 0.323400 0.011196 2.814876
0.566824 0.041103 0.036331 0.019912 0.001172 0.323443 0.011215 2.818855
0.566892 0.041136 0.036283 0.019905 0.001166 0.323389 0.011229 2.822833
0.566865 0.041193 0.036317 0.019930 0.001160 0.323291 0.011245 2.826869
0.566913 0.041067 0.036411 0.019958 0.001153 0.323237 0.011261 2.830975
0.566943 0.041066 0.036473 0.019969 0.001149 0.323124 0.011277 2.835003
0.566978 0.041061 0.036485 0.019913 0.001148 0.323122 0.011293 2.839001
0.567024 0.041020 0.036426 0.019933 0.001160 0.323132 0.011307 2.843013
0.567064 0.040958 0.036331 0.019962 0.001168 0.323202 0.011315 2.847059
0.567056 0.040973 0.036342 0.019949 0.001180 0.323172 0.011327 2.851093
0.567108 0.040903 0.036297 0.019923 0.001181 0.323248 0.011342 2.855149
0.567151 0.041019 0.036231 0.019925 0.001174 0.323140 0.011360 2.859093
0.567201 0.041025 0.036201 0.019948 0.001167 0.323083 0.011374 2.863097
0.567156 0.041068 0.036226 0.019936 0.001151 0.323077 0.011385 2.867128
0.567158 0.040997 0.036310 0.019937 0.001155 0.323043 0.011402 2.871214
0.567205 0.041006 0.036386 0.019905 0.001163 0.322919 0.011417 2.875237
0.567195 0.041052 0.036387 0.019962 0.001168 0.322804 0.011432 2.879240
0.567077 0.041151 0.036456 0.019891 0.001165 0.322816 0.011446 2.883234
0.567081 0.041124 0.036451 0.019910 0.001171 0.322808 0.011455 2.887279
0.567071 0.041078 0.036504 0.019964 0.001166 0.322749 0.011467 2.891384
0.566952 0.041155 0.036506 0.019979 0.001170 0.322755 0.011482 2.895442
0.566870 0.041172 0.036541 0.019971 0.001177 0.322774 0.011495 2.899495
0.566853 0.041139 0.036565 0.020014 0.001173 0.322742 0.011513 2.903537
0.566880 0.041059 0.036612 0.020041 0.001164 0.322715 0.011528 2.907617
0.566778 0.041063 0.036593 0.020022 0.001162 0.322841 0.011542 2.911655
0.566717 0.041112 0.036567 0.020014 0.001162 0.322870 0.011559 2.915679
0.566773 0.041109 0.036522 0.019939 0.001173 0.322913 0.011572 2.919667
0.566882 0.041074 0.036462 0.019902 0.001169 0.322928 0.011583 2.923664
0.566787 0.041204 0.036480 0.019835 0.001172 0.322923 0.011600 2.927662
0.566756 0.041247 0.036449 0.019876 0.001175 0.322885 0.011611 2.931697
0.566769 0.041266 0.036412 0.019855 0.001176 0.322891 0.011632 2.935668
0.566696 0.041307 0.036411 0.019878 0.001178 0.322886 0.011646 2.939692
0.566677 0.041392 0.036367 0.019842 0.001172 0.322885 0.011665 2.943683
0.566610 0.041403 0.036365 0.019893 0.001169 0.322879 0.011681 2.947765
0.566479 0.041472 0.036390 0.019904 0.001166 0.322895 0.011694 2.951816
0.566616 0.041318 0.036450 0.020003 0.001165 0.322743 0.011706 2.955931
0.566668 0.041341 0.036439 0.019956 0.001160 0.322715 0.011722 2.959887
0.566691 0.041330 0.036435 0.019930 0.001168 0.322710 0.011737 2.963891
0.566779 0.041258 0.036458 0.019966 0.001171 0.322620 0.011749 2.967976
0.566805 0.041324 0.036378 0.019953 0.001169 0.322609 0.011762 2.971925
0.566858 0.041260 0.036385 0.019975 0.001185 0.322566 0.011771 2.975953
0.566792 0.041344 0.036401 0.020000 0.001174 0.322505 0.011783 2.979993
0.566725 0.041415 0.036381 0.019988 0.001168 0.322522 0.011800 2.984024
0.566658 0.041423 0.036362 0.019994 0.001166 0.322582 0.011815 2.988036
0.566621 0.041296 0.036433 0.020030 0.001169 0.322620 0.011832 2.992142
0.566607 0.041280 0.036389 0.020047 0.001164 0.322668 0.011845 2.996175
0.566504 0.041310 0.036426 0.020040 0.001160 0.322701 0.011858 3.000223
0.566541 0.041235 0.036468 0.020042 0.001161 0.322681 0.011873 3.004304
0.566624 0.041273 0.036443 0.020010 0.001158 0.322600 0.011893 3.008294
0.566665 0.041169 0.036466 0.020018 0.001140 0.322636 0.011907 3.012326
0.566735 0.041070 0.036494 0.020029 0.001141 0.322608 0.011922 3.016410
0.566748 0.041092 0.036368 0.020028 0.001138 0.322690 0.011937 3.020405
0.566772 0.041158 0.036369 0.020025 0.001127 0.322600 0.011949 3.024396
0.566912 0.041116 0.036344 0.020025 0.001136 0.322503 0.011964 3.028405
0.566911 0.041142 0.036375 0.020009 0.001139 0.322445 0.011979 3.032401
0.566931 0.041149 0.036381 0.019983 0.001146 0.322414 0.011996 3.036381
0.566977 0.041125 0.036397 0.019945 0.001155 0.322391 0.012010 3.040411
0.566941 0.041222 0.036407 0.019932 0.001147 0.322326 0.012025 3.044397
0.566898 0.041241 0.036332 0.019949 0.001139 0.322399 0.012043 3.048421
0.566854 0.041249 0.036353 0.020028 0.001139 0.322320 0.012058 3.052489
0.566877 0.041221 0.036406 0.020020 0.001143 0.322264 0.012070 3.056511
0.566966 0.041138 0.036434 0.020007 0.001149 0.322227 0.012081 3.060594
0.566917 0.041211 0.036447 0.020012 0.001148 0.322172 0.012094 3.064624
0.566884 0.041192 0.036488 0.020015 0.001157 0.322160 0.012103 3.068679
0.566828 0.041149 0.036479 0.020051 0.001147 0.322232 0.012114 3.072714
0.566894 0.041220 0.036454 0.019973 0.001148 0.322183 0.012127 3.076657
0.566852 0.041178 0.036495 0.019926 0.001154 0.322253 0.012141 3.080714
0.566867 0.041145 0.036393 0.019925 0.001159 0.322356 0.012156 3.084696
0.566975 0.041129 0.036301 0.019962 0.001168 0.322296 0.012170 3.088683
0.566880 0.041195 0.036336 0.020015 0.001157 0.322237 0.012180 3.092759
0.566904 0.041201 0.036397 0.020017 0.001151 0.322135 0.012195 3.096801
0.566984 0.041165 0.036451 0.020020 0.001150 0.322023 0.012208 3.100852
0.566930 0.041071 0.036463 0.020088 0.001159 0.322069 0.012221 3.104986
0.566977 0.041010 0.036486 0.020024 0.001152 0.322114 0.012237 3.109075
0.566981 0.041042 0.036455 0.020069 0.001153 0.322049 0.012252 3.113059
0.567109 0.041011 0.036314 0.020048 0.001151 0.322101 0.012267 3.116995
0.567147 0.040962 0.036319 0.019993 0.001162 0.322137 0.012280 3.121012
0.567220 0.040836 0.036321 0.020022 0.001166 0.322140 0.012296 3.125065
0.567230 0.040831 0.036323 0.019980 0.001171 0.322155 0.012311 3.129083
0.567231 0.040799 0.036341 0.019914 0.001164 0.322228 0.012322 3.133084
0.567233 0.040802 0.036453 0.019893 0.001170 0.322117 0.012333 3.137084
0.567347 0.040782 0.036416 0.019883 0.001168 0.322058 0.012345 3.141038
0.567371 0.040806 0.036365 0.019892 0.001168 0.322037 0.012361 3.145019
0.567365 0.040837 0.036301 0.019912 0.001163 0.322050 0.012373 3.149054
0.567347 0.040823 0.036286 0.019960 0.001163 0.322034 0.012388 3.153083
0.567414 0.040813 0.036314 0.019934 0.001159 0.321963 0.012404 3.157074
0.567485 0.040728 0.036416 0.019911 0.001152 0.321893 0.012416 3.161150
0.567498 0.040725 0.036394 0.019902 0.001161 0.321887 0.012434 3.165145
0.567639 0.040650 0.036374 0.019872 0.001166 0.321851 0.012447 3.169145
0.567588 0.040711 0.036369 0.019839 0.001172 0.321864 0.012456 3.173128
0.567636 0.040690 0.036376 0.019805 0.001158 0.321863 0.012471 3.177099
0.567650 0.040693 0.036358 0.019794 0.001152 0.321869 0.012484 3.181083
0.567621 0.040718 0.036249 0.019839 0.001154 0.321920 0.012498 3.185095
0.567580 0.040655 0.036370 0.019838 0.001144 0.321895 0.012518 3.189213
0.567587 0.040613 0.036392 0.019819 0.001145 0.321911 0.012534 3.193219
0.567688 0.040619 0.036335 0.019764 0.001136 0.321908 0.012549 3.197191
0.567863 0.040587 0.036295 0.019792 0.001139 0.321759 0.012565 3.201152
0.567867 0.040677 0.036216 0.019796 0.001146 0.321719 0.012580 3.205070
0.567821 0.040657 0.036251 0.019783 0.001141 0.321751 0.012596 3.209081
0.567853 0.040655 0.036246 0.019811 0.001137 0.321689 0.012609 3.213089
0.567866 0.040663 0.036216 0.019779 0.001139 0.321715 0.012623 3.217105
0.567803 0.040729 0.036203 0.019779 0.001141 0.321705 0.012639 3.221089
0.567880 0.040643 0.036193 0.019790 0.001131 0.321711 0.012653 3.225130
0.567928 0.040668 0.036195 0.019737 0.001143 0.321662 0.012667 3.229116
0.567950 0.040653 0.036238 0.019764 0.001137 0.321577 0.012681 3.233152
0.567926 0.040620 0.036249 0.019810 0.001138 0.321563 0.012695 3.237231
0.567902 0.040650 0.036271 0.019801 0.001146 0.321521 0.012710 3.241218
0.567991 0.040585 0.036224 0.019797 0.001156 0.321521 0.012726 3.245187
0.568007 0.040582 0.036192 0.019804 0.001139 0.321536 0.012740 3.249122
0.568102 0.040578 0.036153 0.019684 0.001138 0.321587 0.012757 3.253045
0.568120 0.040503 0.036155 0.019711 0.001137 0.321605 0.012769 3.257070
0.568155 0.040514 0.036194 0.019679 0.001133 0.321540 0.012786 3.261037
0.568196 0.040471 0.036181 0.019725 0.001119 0.321500 0.012808 3.265000
0.568248 0.040404 0.036169 0.019776 0.001121 0.321462 0.012821 3.269027
0.568361 0.040374 0.036101 0.019808 0.001126 0.321398 0.012831 3.272991
0.568503 0.040313 0.036085 0.019823 0.001127 0.321305 0.012844 3.276959
0.568551 0.040335 0.036087 0.019788 0.001121 0.321263 0.012856 3.280884
0.568573 0.040339 0.036110 0.019806 0.001119 0.321181 0.012871 3.284847
0.568629 0.040430 0.036098 0.019763 0.001113 0.321080 0.012886 3.288771
0.568631 0.040493 0.036059 0.019766 0.001105 0.321045 0.012900 3.292715
0.568525 0.040483 0.036063 0.019754 0.001102 0.321161 0.012914 3.296783
0.568482 0.040421 0.036120 0.019786 0.001090 0.321178 0.012924 3.300804
0.568478 0.040440 0.036159 0.019761 0.001094 0.321133 0.012936 3.304788
0.568526 0.040567 0.036035 0.019751 0.001084 0.321084 0.012954 3.308650
0.568568 0.040532 0.036112 0.019727 0.001090 0.321007 0.012966 3.312648
0.568517 0.040642 0.036117 0.019727 0.001089 0.320928 0.012980 3.316584
0.568415 0.040669 0.036121 0.019763 0.001097 0.320941 0.012994 3.320623
0.568497 0.040654 0.036181 0.019752 0.001086 0.320821 0.013009 3.324584
0.568550 0.040592 0.036200 0.019701 0.001090 0.320848 0.013019 3.328582
0.568648 0.040556 0.036163 0.019707 0.001086 0.320805 0.013036 3.332558
0.568679 0.040605 0.036187 0.019775 0.001086 0.320618 0.013049 3.336559
0.568704 0.040632 0.036166 0.019781 0.001088 0.320572 0.013060 3.340528
0.568780 0.040648 0.036101 0.019760 0.001090 0.320549 0.013073 3.344472
0.568780 0.040685 0.036026 0.019737 0.001092 0.320592 0.013088 3.348427
0.568693 0.040738 0.036033 0.019732 0.001097 0.320607 0.013099 3.352429
0.568566 0.040763 0.036055 0.019749 0.001094 0.320661 0.013111 3.356422
0.568497 0.040788 0.036148 0.019738 0.001101 0.320607 0.013122 3.360420
0.568503 0.040827 0.036194 0.019739 0.001107 0.320497 0.013135 3.364411
0.568484 0.040954 0.036129 0.019719 0.001109 0.320450 0.013155 3.368303
0.568562 0.040827 0.036121 0.019783 0.001106 0.320425 0.013175 3.372370
0.568565 0.040859 0.036103 0.019779 0.001108 0.320393 0.013192 3.376337
0.568684 0.040800 0.036146 0.019816 0.001102 0.320245 0.013208 3.380394
0.568735 0.040810 0.036165 0.019804 0.001097 0.320170 0.013219 3.384406
0.568619 0.040891 0.036176 0.019866 0.001098 0.320115 0.013236 3.388447
0.568673 0.040871 0.036175 0.019896 0.001099 0.320038 0.013247 3.392451
0.568603 0.040960 0.036139 0.019876 0.001108 0.320056 0.013260 3.396398
0.568566 0.040952 0.036142 0.019949 0.001103 0.320014 0.013274 3.400457
0.568373 0.041073 0.036180 0.019918 0.001105 0.320062 0.013288 3.404460
0.568410 0.041103 0.036148 0.019943 0.001111 0.319989 0.013298 3.408429
0.568454 0.041097 0.036170 0.019931 0.001118 0.319919 0.013311 3.412424
0.568377 0.041092 0.036180 0.019945 0.001119 0.319964 0.013323 3.416450
0.568397 0.041109 0.036206 0.019900 0.001119 0.319933 0.013336 3.420440
0.568329 0.041098 0.036202 0.019910 0.001124 0.319986 0.013352 3.424459
0.568299 0.041067 0.036316 0.019898 0.001117 0.319937 0.013367 3.428526
0.568248 0.041079 0.036344 0.019885 0.001100 0.319960 0.013384 3.432526
0.568227 0.041119 0.036245 0.019875 0.001108 0.320030 0.013397 3.436479
0.568256 0.041119 0.036261 0.019904 0.001115 0.319933 0.013412 3.440495
0.568324 0.041030 0.036211 0.019946 0.001116 0.319945 0.013428 3.444534
0.568309 0.041044 0.036194 0.019931 0.001114 0.319966 0.013442 3.448568
0.568216 0.041210 0.036200 0.019856 0.001108 0.319952 0.013458 3.452485
0.568203 0.041111 0.036312 0.019855 0.001113 0.319936 0.013470 3.456595
0.568146 0.041102 0.036233 0.019813 0.001109 0.320113 0.013484 3.460602
0.568042 0.041170 0.036269 0.019780 0.001108 0.320137 0.013494 3.464606
0.567976 0.041214 0.036321 0.019722 0.001106 0.320152 0.013508 3.468640
0.567987 0.041171 0.036340 0.019757 0.001112 0.320114 0.013520 3.472704
0.567916 0.041175 0.036360 0.019818 0.001121 0.320075 0.013535 3.476777
0.567861 0.041070 0.036426 0.019826 0.001114 0.320159 0.013545 3.480872
0.567863 0.041042 0.036491 0.019811 0.001111 0.320126 0.013555 3.484902
0.567876 0.041024 0.036586 0.019813 0.001104 0.320029 0.013567 3.488947
0.567884 0.040996 0.036589 0.019818 0.001108 0.320026 0.013580 3.492932
0.567940 0.040879 0.036580 0.019893 0.001115 0.320004 0.013590 3.497008
0.567945 0.040939 0.036541 0.019867 0.001117 0.319989 0.013603 3.500981
0.567887 0.040947 0.036478 0.019824 0.001122 0.320127 0.013616 3.504964
0.567993 0.040881 0.036402 0.019829 0.001110 0.320155 0.013630 3.508936
0.567985 0.040790 0.036412 0.019894 0.001104 0.320169 0.013646 3.512995
0.567907 0.040845 0.036431 0.019851 0.001105 0.320202 0.013659 3.516992
0.567858 0.040891 0.036438 0.019888 0.001108 0.320138 0.013679 3.521015
0.567897 0.040872 0.036409 0.019862 0.001109 0.320162 0.013690 3.524984
0.567946 0.040885 0.036442 0.019819 0.001111 0.320097 0.013700 3.528925
0.567834 0.040870 0.036486 0.019773 0.001112 0.320214 0.013711 3.532973
0.567908 0.040797 0.036448 0.019815 0.001122 0.320185 0.013724 3.536993
0.567900 0.040778 0.036409 0.019823 0.001121 0.320233 0.013736 3.540986
0.567945 0.040645 0.036436 0.019824 0.001123 0.320276 0.013751 3.545044
0.567935 0.040562 0.036486 0.019829 0.001121 0.320303 0.013765 3.549106
0.568095 0.040525 0.036467 0.019781 0.001118 0.320234 0.013780 3.553067
0.568101 0.040527 0.036391 0.019786 0.001120 0.320284 0.013792 3.557043
0.568126 0.040495 0.036401 0.019785 0.001126 0.320260 0.013807 3.561035
0.568180 0.040566 0.036379 0.019785 0.001125 0.320147 0.013818 3.564988
0.568278 0.040492 0.036389 0.019752 0.001131 0.320129 0.013830 3.568991
0.568278 0.040406 0.036467 0.019716 0.001140 0.320148 0.013845 3.573045
0.568413 0.040360 0.036388 0.019692 0.001135 0.320154 0.013857 3.577007
0.568465 0.040322 0.036360 0.019694 0.001130 0.320160 0.013868 3.581002
0.568539 0.040284 0.036336 0.019716 0.001137 0.320108 0.013880 3.584985
0.568573 0.040385 0.036303 0.019684 0.001143 0.320020 0.013891 3.588897
0.568610 0.040474 0.036216 0.019679 0.001131 0.319983 0.013908 3.592819
0.568583 0.040483 0.036151 0.019694 0.001128 0.320043 0.013918 3.596795
0.568594 0.040445 0.036099 0.019704 0.001140 0.320087 0.013931 3.600802
0.568656 0.040391 0.036082 0.019716 0.001144 0.320068 0.013944 3.604772
0.568775 0.040261 0.036141 0.019683 0.001136 0.320052 0.013952 3.608762
0.568648 0.040260 0.036089 0.019707 0.001137 0.320193 0.013967 3.612764
0.568657 0.040225 0.036024 0.019700 0.001129 0.320280 0.013983 3.616743
0.568732 0.040213 0.036021 0.019722 0.001124 0.320195 0.013994 3.620725
0.568683 0.040200 0.036077 0.019738 0.001129 0.320169 0.014004 3.624774
0.568669 0.040257 0.036028 0.019688 0.001113 0.320223 0.014023 3.628658
0.568636 0.040293 0.036038 0.019742 0.001109 0.320148 0.014035 3.632666
0.568638 0.040331 0.036002 0.019686 0.001106 0.320185 0.014051 3.636609
0.568578 0.040401 0.035921 0.019718 0.001112 0.320210 0.014061 3.640523
0.568708 0.040337 0.035828 0.019728 0.001106 0.320215 0.014077 3.644448
0.568815 0.040380 0.035816 0.019723 0.001106 0.320070 0.014091 3.648367
0.568806 0.040407 0.035796 0.019739 0.001112 0.320038 0.014102 3.652334
0.568876 0.040292 0.035808 0.019780 0.001104 0.320026 0.014114 3.656338
0.568851 0.040388 0.035828 0.019748 0.001099 0.319953 0.014132 3.660261
0.568994 0.040195 0.035942 0.019760 0.001097 0.319867 0.014146 3.664298
0.568986 0.040213 0.035967 0.019765 0.001113 0.319800 0.014157 3.668267
0.568984 0.040256 0.035977 0.019707 0.001120 0.319783 0.014174 3.672226
0.569113 0.040269 0.035952 0.019716 0.001129 0.319638 0.014184 3.676161
0.569157 0.040270 0.035987 0.019670 0.001137 0.319578 0.014200 3.680146
0.569284 0.040226 0.035951 0.019742 0.001137 0.319448 0.014211 3.684088
0.569284 0.040329 0.035932 0.019733 0.001127 0.319371 0.014223 3.687982
0.569320 0.040338 0.035996 0.019699 0.001130 0.319276 0.014241 3.691940
0.569371 0.040359 0.035931 0.019708 0.001130 0.319242 0.014258 3.695865
0.569376 0.040318 0.035942 0.019675 0.001121 0.319298 0.014270 3.699895
0.569451 0.040349 0.035822 0.019656 0.001125 0.319313 0.014284 3.703783
0.569448 0.040468 0.035769 0.019654 0.001128 0.319236 0.014296 3.707701
0.569519 0.040440 0.035823 0.019647 0.001135 0.319125 0.014310 3.711694
0.569558 0.040418 0.035864 0.019682 0.001140 0.319016 0.014322 3.715713
0.569553 0.040397 0.035915 0.019688 0.001136 0.318972 0.014338 3.719701
0.569489 0.040483 0.035857 0.019711 0.001134 0.318971 0.014354 3.723662
0.569371 0.040575 0.035829 0.019731 0.001119 0.319003 0.014373 3.727637
0.569350 0.040605 0.035835 0.019809 0.001122 0.318896 0.014382 3.731623
0.569337 0.040615 0.035871 0.019828 0.001120 0.318835 0.014395 3.735633
0.569309 0.040636 0.035932 0.019806 0.001116 0.318790 0.014410 3.739629
0.569271 0.040617 0.035897 0.019820 0.001118 0.318852 0.014427 3.743626
0.569298 0.040491 0.035905 0.019849 0.001129 0.318890 0.014438 3.747666
0.569312 0.040545 0.035935 0.019787 0.001137 0.318834 0.014449 3.751584
0.569435 0.040519 0.035965 0.019735 0.001132 0.318752 0.014462 3.755527
0.569384 0.040587 0.035984 0.019784 0.001125 0.318659 0.014476 3.759490
0.569447 0.040580 0.036015 0.019831 0.001124 0.318517 0.014486 3.763504
0.569460 0.040538 0.035955 0.019926 0.001125 0.318497 0.014499 3.767554
0.569418 0.040571 0.035955 0.019897 0.001114 0.318533 0.014513 3.771455
0.569439 0.040465 0.036028 0.019866 0.001124 0.318555 0.014524 3.775481
0.569410 0.040528 0.036007 0.019799 0.001134 0.318588 0.014535 3.779387
0.569432 0.040526 0.035924 0.019732 0.001134 0.318707 0.014545 3.783285
0.569522 0.040516 0.035969 0.019682 0.001146 0.318607 0.014559 3.787213
0.569539 0.040532 0.035926 0.019661 0.001135 0.318636 0.014572 3.791130
0.569485 0.040622 0.035919 0.019611 0.001125 0.318651 0.014588 3.795066
0.569555 0.040680 0.035843 0.019602 0.001140 0.318583 0.014597 3.798996
0.569684 0.040654 0.035873 0.019594 0.001138 0.318446 0.014611 3.802979
0.569616 0.040697 0.035857 0.019547 0.001136 0.318518 0.014629 3.806922
0.569648 0.040722 0.035936 0.019550 0.001138 0.318362 0.014645 3.810857
0.569524 0.040725 0.035938 0.019585 0.001142 0.318429 0.014657 3.814881
0.569455 0.040788 0.035953 0.019575 0.001136 0.318423 0.014671 3.818878
0.569463 0.040755 0.035918 0.019658 0.001139 0.318383 0.014683 3.822858
0.569520 0.040688 0.035913 0.019694 0.001139 0.318350 0.014697 3.826880
0.569617 0.040672 0.035848 0.019677 0.001124 0.318350 0.014713 3.830820
0.569658 0.040665 0.035899 0.019699 0.001129 0.318225 0.014725 3.834858
0.569604 0.040690 0.035931 0.019734 0.001122 0.318184 0.014736 3.838867
