0.338305 0.062629 0.056346 0.032439 0.002118 0.501871 0.006292 1.647243
0.339669 0.061489 0.056231 0.032320 0.002130 0.501846 0.006317 1.653251
0.341444 0.059996 0.056115 0.032181 0.002117 0.501797 0.006350 1.659301
0.343443 0.058501 0.055804 0.031949 0.002133 0.501794 0.006376 1.665091
0.345616 0.056837 0.055463 0.031684 0.002140 0.501858 0.006404 1.670743
0.348136 0.055223 0.055039 0.031358 0.002133 0.501678 0.006432 1.676193
0.350555 0.053691 0.054551 0.031001 0.002140 0.501601 0.006462 1.681498
0.353170 0.052169 0.054087 0.030583 0.002146 0.501360 0.006485 1.686682
0.355922 0.050751 0.053510 0.030263 0.002139 0.500903 0.006512 1.691757
0.358762 0.049293 0.052891 0.029911 0.002130 0.500475 0.006539 1.696726
0.361572 0.047992 0.052187 0.029483 0.002128 0.500077 0.006563 1.701465
0.364443 0.046790 0.051470 0.029018 0.002120 0.499572 0.006588 1.706057
0.367271 0.045573 0.050754 0.028558 0.002119 0.499111 0.006614 1.710579
0.370305 0.044411 0.049946 0.028113 0.002102 0.498488 0.006637 1.715007
0.373197 0.043335 0.049225 0.027617 0.002084 0.497874 0.006669 1.719328
0.376201 0.042278 0.048438 0.027142 0.002072 0.497174 0.006695 1.723533
0.379073 0.041326 0.047707 0.026665 0.002069 0.496439 0.006720 1.727698
0.382146 0.040483 0.046852 0.026176 0.002059 0.495539 0.006746 1.731680
0.385178 0.039604 0.046124 0.025687 0.002045 0.494587 0.006774 1.735675
0.388349 0.038836 0.045345 0.025203 0.002044 0.493428 0.006796 1.739464
0.391394 0.038160 0.044525 0.024756 0.002039 0.492303 0.006822 1.743252
0.394585 0.037513 0.043853 0.024310 0.002028 0.490865 0.006846 1.746923
0.397676 0.036851 0.043076 0.023847 0.002010 0.489675 0.006864 1.750619
0.400817 0.036166 0.042421 0.023444 0.001977 0.488285 0.006890 1.754252
0.403911 0.035673 0.041705 0.023030 0.001957 0.486804 0.006921 1.757744
0.406929 0.035154 0.041034 0.022645 0.001945 0.485346 0.006947 1.761255
0.409992 0.034659 0.040345 0.022236 0.001918 0.483877 0.006973 1.764701
0.413157 0.034099 0.039630 0.021904 0.001880 0.482325 0.007005 1.768140
0.416157 0.033691 0.039007 0.021592 0.001861 0.480658 0.007034 1.771533
0.419378 0.033372 0.038291 0.021232 0.001845 0.478826 0.007055 1.774789
0.422450 0.033002 0.037622 0.020973 0.001816 0.477059 0.007078 1.778076
0.425504 0.032650 0.037043 0.020609 0.001803 0.475290 0.007100 1.781287
0.428568 0.032318 0.036482 0.020336 0.001788 0.473383 0.007123 1.784551
0.431650 0.032156 0.035956 0.019977 0.001758 0.471352 0.007150 1.787639
0.434695 0.031932 0.035399 0.019668 0.001738 0.469393 0.007174 1.790806
0.437575 0.031720 0.034970 0.019328 0.001708 0.467492 0.007206 1.793950
0.440513 0.031453 0.034479 0.019094 0.001695 0.465540 0.007225 1.797090
0.443411 0.031294 0.034047 0.018832 0.001670 0.463492 0.007255 1.800169
0.446320 0.031113 0.033612 0.018585 0.001659 0.461435 0.007276 1.803257
0.449225 0.030902 0.033227 0.018367 0.001642 0.459340 0.007297 1.806368
0.451976 0.030846 0.032868 0.018186 0.001614 0.457188 0.007321 1.809399
0.454687 0.030833 0.032423 0.017961 0.001590 0.455163 0.007344 1.812385
0.457410 0.030815 0.032019 0.017762 0.001567 0.453060 0.007366 1.815351
0.460081 0.030803 0.031718 0.017586 0.001549 0.450878 0.007385 1.818383
0.462687 0.030869 0.031431 0.017410 0.001532 0.448664 0.007408 1.821393
0.465270 0.030783 0.031167 0.017271 0.001515 0.446564 0.007429 1.824455
0.467814 0.030788 0.030838 0.017070 0.001501 0.444541 0.007448 1.827463
0.470374 0.030811 0.030655 0.016876 0.001476 0.442341 0.007468 1.830493
0.472826 0.030829 0.030486 0.016732 0.001469 0.440178 0.007480 1.833515
0.475194 0.030807 0.030328 0.016641 0.001458 0.438075 0.007496 1.836583
0.477636 0.030866 0.030138 0.016517 0.001438 0.435889 0.007517 1.839610
0.480074 0.030774 0.030025 0.016456 0.001416 0.433719 0.007536 1.842719
0.482340 0.030886 0.029889 0.016309 0.001405 0.431616 0.007554 1.845734
0.484582 0.030930 0.029663 0.016212 0.001404 0.429638 0.007572 1.848755
0.486899 0.031005 0.029510 0.016097 0.001389 0.427509 0.007591 1.851771
0.489071 0.031122 0.029298 0.015980 0.001382 0.425538 0.007607 1.854745
0.491238 0.031227 0.029144 0.015929 0.001367 0.423473 0.007623 1.857757
0.493354 0.031223 0.029097 0.015896 0.001357 0.421430 0.007642 1.860907
0.495502 0.031276 0.029027 0.015864 0.001329 0.419338 0.007665 1.863995
0.497465 0.031389 0.028935 0.015797 0.001317 0.417415 0.007681 1.867076
0.499478 0.031446 0.028895 0.015774 0.001301 0.415408 0.007697 1.870206
0.501387 0.031619 0.028871 0.015743 0.001275 0.413390 0.007716 1.873331
0.503203 0.031732 0.028825 0.015714 0.001269 0.411525 0.007731 1.876451
0.505117 0.031895 0.028762 0.015696 0.001262 0.409523 0.007745 1.879525
0.506939 0.032066 0.028782 0.015674 0.001243 0.407537 0.007758 1.882682
0.508666 0.032276 0.028776 0.015622 0.001241 0.405649 0.007770 1.885825
0.510381 0.032412 0.028827 0.015633 0.001228 0.403733 0.007786 1.889047
0.512106 0.032587 0.028806 0.015652 0.001213 0.401838 0.007800 1.892270
0.513693 0.032870 0.028837 0.015685 0.001202 0.399900 0.007814 1.895463
0.515267 0.033106 0.028812 0.015672 0.001188 0.398125 0.007830 1.898645
0.516767 0.033290 0.028764 0.015736 0.001176 0.396424 0.007844 1.901881
0.518161 0.033493 0.028849 0.015778 0.001165 0.394700 0.007855 1.905159
0.519525 0.033730 0.028913 0.015840 0.001148 0.392969 0.007875 1.908458
0.520979 0.033883 0.028912 0.015914 0.001129 0.391298 0.007885 1.911775
0.522275 0.034095 0.029018 0.015884 0.001129 0.389701 0.007898 1.915115
0.523598 0.034249 0.029130 0.015917 0.001127 0.388071 0.007910 1.918502
0.524952 0.034332 0.029241 0.015997 0.001126 0.386430 0.007922 1.921898
0.526322 0.034421 0.029402 0.016043 0.001123 0.384754 0.007936 1.925366
0.527540 0.034630 0.029467 0.016077 0.001119 0.383215 0.007952 1.928754
0.528788 0.034768 0.029565 0.016111 0.001111 0.381688 0.007970 1.932162
0.529888 0.035044 0.029643 0.016196 0.001102 0.380142 0.007986 1.935572
0.530938 0.035252 0.029671 0.016362 0.001094 0.378682 0.008002 1.939042
0.532015 0.035476 0.029802 0.016438 0.001082 0.377168 0.008020 1.942494
0.533090 0.035553 0.030001 0.016504 0.001079 0.375741 0.008032 1.946004
0.534196 0.035715 0.030120 0.016590 0.001075 0.374260 0.008044 1.949532
0.535161 0.035945 0.030271 0.016702 0.001070 0.372789 0.008064 1.953082
0.536145 0.036087 0.030434 0.016733 0.001068 0.371459 0.008075 1.956675
0.536922 0.036264 0.030601 0.016841 0.001054 0.370223 0.008094 1.960284
0.537753 0.036458 0.030697 0.016901 0.001053 0.369033 0.008106 1.963834
0.538571 0.036690 0.030798 0.016960 0.001060 0.367800 0.008121 1.967383
0.539336 0.036926 0.030928 0.017022 0.001059 0.366594 0.008136 1.971012
0.540011 0.037151 0.031036 0.017137 0.001053 0.365461 0.008151 1.974660
0.540613 0.037374 0.031279 0.017197 0.001051 0.364324 0.008163 1.978419
0.541140 0.037663 0.031454 0.017219 0.001061 0.363287 0.008177 1.982120
0.541792 0.037791 0.031592 0.017362 0.001045 0.362224 0.008196 1.985884
0.542497 0.037855 0.031737 0.017417 0.001044 0.361244 0.008206 1.989633
0.543117 0.038101 0.031884 0.017449 0.001049 0.360180 0.008220 1.993310
0.543750 0.038214 0.032027 0.017584 0.001045 0.359148 0.008233 1.997133
0.544301 0.038470 0.032200 0.017646 0.001044 0.358091 0.008249 2.000892
0.544766 0.038659 0.032363 0.017660 0.001054 0.357237 0.008262 2.004660
0.545334 0.038758 0.032505 0.017725 0.001046 0.356358 0.008275 2.008446
0.545704 0.038988 0.032599 0.017785 0.001044 0.355596 0.008286 2.012220
0.546089 0.039187 0.032719 0.017932 0.001049 0.354724 0.008299 2.016063
0.546446 0.039400 0.032923 0.018022 0.001041 0.353855 0.008314 2.019929
0.546696 0.039621 0.033092 0.018111 0.001040 0.353113 0.008328 2.023797
0.547011 0.039808 0.033220 0.018157 0.001039 0.352421 0.008344 2.027671
0.547286 0.040059 0.033323 0.018207 0.001042 0.351730 0.008354 2.031517
0.547472 0.040273 0.033462 0.018371 0.001041 0.351013 0.008367 2.035508
0.547732 0.040406 0.033557 0.018444 0.001039 0.350444 0.008378 2.039473
0.547972 0.040583 0.033662 0.018571 0.001044 0.349781 0.008387 2.043416
0.548180 0.040700 0.033852 0.018627 0.001044 0.349194 0.008404 2.047434
0.548440 0.040821 0.033952 0.018695 0.001047 0.348632 0.008413 2.051387
0.548682 0.040879 0.034095 0.018797 0.001049 0.348073 0.008426 2.055464
0.548952 0.041018 0.034218 0.018837 0.001053 0.347487 0.008437 2.059403
0.549238 0.041109 0.034373 0.018872 0.001055 0.346906 0.008448 2.063381
0.549412 0.041279 0.034523 0.018917 0.001077 0.346336 0.008457 2.067386
0.549631 0.041428 0.034643 0.018971 0.001090 0.345771 0.008466 2.071379
0.549741 0.041525 0.034886 0.018992 0.001094 0.345285 0.008477 2.075513
0.549925 0.041596 0.035048 0.019027 0.001098 0.344816 0.008491 2.079579
0.550074 0.041689 0.035169 0.019078 0.001105 0.344380 0.008505 2.083607
0.550339 0.041761 0.035210 0.019181 0.001108 0.343883 0.008519 2.087595
0.550501 0.041917 0.035305 0.019235 0.001121 0.343391 0.008531 2.091675
0.550634 0.041871 0.035525 0.019257 0.001124 0.343039 0.008549 2.095837
0.550651 0.042061 0.035573 0.019290 0.001137 0.342727 0.008561 2.099925
0.550877 0.042172 0.035623 0.019357 0.001136 0.342260 0.008576 2.103951
0.550973 0.042104 0.035772 0.019454 0.001143 0.341965 0.008589 2.108126
0.550969 0.042204 0.035953 0.019515 0.001149 0.341611 0.008600 2.112239
0.551008 0.042199 0.036181 0.019546 0.001148 0.341305 0.008614 2.116460
0.551095 0.042234 0.036220 0.019657 0.001147 0.341017 0.008629 2.120581
0.551231 0.042388 0.036254 0.019620 0.001152 0.340711 0.008644 2.124587
0.551349 0.042322 0.036405 0.019709 0.001150 0.340408 0.008657 2.128769
0.551564 0.042269 0.036478 0.019757 0.001149 0.340111 0.008672 2.132928
0.551696 0.042333 0.036480 0.019796 0.001152 0.339854 0.008689 2.137022
0.551700 0.042419 0.036542 0.019887 0.001159 0.339588 0.008704 2.141157
0.551749 0.042397 0.036713 0.019985 0.001159 0.339280 0.008717 2.145365
0.551790 0.042331 0.036769 0.020087 0.001157 0.339135 0.008731 2.149609
0.551907 0.042347 0.036776 0.020098 0.001152 0.338969 0.008750 2.153735
0.551966 0.042302 0.036844 0.020192 0.001160 0.338775 0.008761 2.157980
0.551977 0.042264 0.036980 0.020161 0.001159 0.338683 0.008775 2.162158
0.552022 0.042329 0.036936 0.020241 0.001167 0.338518 0.008788 2.166261
0.552102 0.042465 0.036903 0.020238 0.001176 0.338315 0.008801 2.170300
0.552258 0.042434 0.036887 0.020227 0.001191 0.338188 0.008815 2.174402
0.552430 0.042318 0.036989 0.020193 0.001190 0.338055 0.008825 2.178555
0.552550 0.042321 0.037072 0.020225 0.001183 0.337813 0.008837 2.182714
0.552578 0.042350 0.037110 0.020186 0.001198 0.337725 0.008853 2.186824
0.552724 0.042307 0.037098 0.020243 0.001215 0.337550 0.008865 2.190986
0.552855 0.042211 0.037145 0.020242 0.001224 0.337449 0.008874 2.195180
0.552951 0.042178 0.037217 0.020237 0.001220 0.337306 0.008892 2.199322
0.553139 0.042137 0.037234 0.020205 0.001207 0.337167 0.008911 2.203397
0.553349 0.042080 0.037138 0.020205 0.001210 0.337094 0.008924 2.207473
0.553354 0.042116 0.037110 0.020267 0.001216 0.336996 0.008940 2.211593
0.553408 0.042134 0.037116 0.020279 0.001218 0.336888 0.008957 2.215681
0.553505 0.042070 0.037199 0.020280 0.001225 0.336749 0.008973 2.219857
0.553694 0.041967 0.037247 0.020234 0.001218 0.336653 0.008987 2.224016
0.553843 0.041927 0.037299 0.020288 0.001217 0.336425 0.009003 2.228173
0.554021 0.041916 0.037260 0.020252 0.001212 0.336326 0.009014 2.232234
0.554113 0.041940 0.037232 0.020238 0.001210 0.336238 0.009028 2.236294
0.554257 0.041908 0.037206 0.020282 0.001196 0.336102 0.009048 2.240369
0.554376 0.041878 0.037097 0.020335 0.001196 0.336057 0.009060 2.244444
0.554480 0.041887 0.037002 0.020325 0.001196 0.336035 0.009074 2.248541
0.554678 0.041795 0.036977 0.020276 0.001189 0.335995 0.009091 2.252603
0.554860 0.041722 0.036895 0.020273 0.001190 0.335958 0.009104 2.256732
0.555081 0.041673 0.036826 0.020219 0.001197 0.335885 0.009118 2.260787
0.555320 0.041508 0.036875 0.020274 0.001204 0.335685 0.009134 2.264909
0.555502 0.041474 0.036865 0.020250 0.001209 0.335556 0.009146 2.268930
0.555766 0.041380 0.036827 0.020108 0.001216 0.335545 0.009159 2.272961
0.555880 0.041374 0.036864 0.020119 0.001223 0.335369 0.009171 2.277012
0.556008 0.041337 0.036846 0.020124 0.001230 0.335267 0.009187 2.281081
0.556234 0.041306 0.036801 0.020073 0.001232 0.335156 0.009200 2.285084
0.556478 0.041206 0.036777 0.020080 0.001238 0.335006 0.009215 2.289124
0.556652 0.041198 0.036784 0.020041 0.001245 0.334848 0.009231 2.293134
0.556799 0.041210 0.036752 0.020048 0.001235 0.334711 0.009245 2.297122
0.557107 0.041012 0.036774 0.020043 0.001234 0.334572 0.009259 2.301219
0.557340 0.040906 0.036926 0.020006 0.001240 0.334307 0.009275 2.305287
0.557627 0.040857 0.036897 0.019944 0.001242 0.334145 0.009289 2.309286
0.557955 0.040768 0.036861 0.019899 0.001240 0.333972 0.009305 2.313284
0.558276 0.040751 0.036808 0.019834 0.001232 0.333774 0.009325 2.317246
0.558458 0.040791 0.036707 0.019836 0.001245 0.333626 0.009337 2.321225
0.558708 0.040780 0.036664 0.019830 0.001246 0.333421 0.009351 2.325228
0.558892 0.040686 0.036647 0.019845 0.001232 0.333334 0.009365 2.329275
0.559186 0.040554 0.036640 0.019839 0.001236 0.333164 0.009381 2.333349
0.559332 0.040542 0.036602 0.019820 0.001243 0.333069 0.009392 2.337344
0.559497 0.040540 0.036552 0.019848 0.001240 0.332914 0.009409 2.341341
0.559760 0.040417 0.036537 0.019903 0.001237 0.332725 0.009420 2.345360
0.559963 0.040315 0.036441 0.019882 0.001228 0.332730 0.009440 2.349360
0.560177 0.040352 0.036326 0.019887 0.001242 0.332559 0.009455 2.353273
0.560465 0.040307 0.036385 0.019825 0.001242 0.332307 0.009470 2.357250
0.560636 0.040319 0.036323 0.019794 0.001231 0.332213 0.009484 2.361203
0.560891 0.040257 0.036347 0.019703 0.001239 0.332058 0.009504 2.365163
0.561081 0.040216 0.036380 0.019710 0.001239 0.331858 0.009516 2.369171
0.561366 0.040214 0.036355 0.019672 0.001244 0.331622 0.009527 2.373071
0.561571 0.040116 0.036357 0.019682 0.001236 0.331495 0.009544 2.377069
0.561897 0.040092 0.036280 0.019636 0.001234 0.331301 0.009559 2.380948
0.562025 0.040167 0.036265 0.019560 0.001241 0.331170 0.009573 2.384843
0.562372 0.040030 0.036276 0.019548 0.001243 0.330944 0.009586 2.388817
0.562571 0.039988 0.036262 0.019549 0.001242 0.330787 0.009603 2.392756
0.562848 0.039999 0.036239 0.019524 0.001249 0.330525 0.009618 2.396692
0.563014 0.039952 0.036143 0.019531 0.001240 0.330482 0.009638 2.400622
0.563308 0.039942 0.036147 0.019442 0.001236 0.330274 0.009653 2.404516
0.563544 0.039961 0.036170 0.019435 0.001237 0.329991 0.009662 2.408403
0.563723 0.040013 0.036121 0.019433 0.001234 0.329803 0.009674 2.412281
0.564022 0.039889 0.036161 0.019392 0.001229 0.329617 0.009690 2.416219
0.564131 0.039960 0.036115 0.019346 0.001234 0.329511 0.009703 2.420095
0.564498 0.039804 0.036083 0.019359 0.001232 0.329306 0.009719 2.424032
0.564742 0.039838 0.036004 0.019331 0.001225 0.329122 0.009738 2.427899
0.565041 0.039840 0.035978 0.019313 0.001240 0.328838 0.009751 2.431812
0.565252 0.039836 0.035983 0.019279 0.001232 0.328656 0.009763 2.435761
0.565523 0.039796 0.035873 0.019315 0.001236 0.328482 0.009777 2.439683
0.565754 0.039718 0.035922 0.019303 0.001230 0.328278 0.009795 2.443635
0.565914 0.039738 0.035854 0.019320 0.001223 0.328146 0.009807 2.447539
0.566138 0.039785 0.035819 0.019263 0.001222 0.327951 0.009823 2.451381
0.566272 0.039858 0.035852 0.019253 0.001232 0.327700 0.009833 2.455298
0.566435 0.039849 0.035671 0.019269 0.001232 0.327694 0.009850 2.459195
0.566624 0.039865 0.035664 0.019279 0.001228 0.327471 0.009870 2.463120
0.566807 0.039837 0.035689 0.019286 0.001224 0.327273 0.009883 2.467093
0.566918 0.039957 0.035725 0.019252 0.001231 0.327019 0.009899 2.470970
0.567067 0.039975 0.035736 0.019248 0.001223 0.326841 0.009912 2.474937
0.567167 0.039991 0.035738 0.019260 0.001217 0.326700 0.009928 2.478875
0.567369 0.039951 0.035705 0.019283 0.001213 0.326541 0.009939 2.482788
0.567521 0.039969 0.035770 0.019273 0.001210 0.326299 0.009959 2.486760
0.567677 0.039922 0.035764 0.019288 0.001214 0.326160 0.009976 2.490748
0.567862 0.040021 0.035810 0.019247 0.001206 0.325866 0.009990 2.494629
0.568048 0.040025 0.035753 0.019234 0.001205 0.325732 0.010003 2.498537
0.568123 0.040046 0.035775 0.019258 0.001205 0.325574 0.010019 2.502480
0.568213 0.039998 0.035781 0.019260 0.001183 0.325527 0.010039 2.506460
0.568371 0.039925 0.035873 0.019236 0.001189 0.325352 0.010053 2.510409
0.568452 0.039988 0.035826 0.019294 0.001195 0.325180 0.010067 2.514304
0.568595 0.039972 0.035896 0.019373 0.001197 0.324887 0.010082 2.518304
0.568657 0.039903 0.035987 0.019430 0.001193 0.324734 0.010097 2.522312
0.568778 0.040034 0.035925 0.019347 0.001184 0.324617 0.010116 2.526188
0.568918 0.040062 0.035888 0.019382 0.001187 0.324437 0.010124 2.530092
0.569018 0.040085 0.035909 0.019373 0.001173 0.324299 0.010144 2.534033
0.569143 0.040042 0.035919 0.019406 0.001182 0.324156 0.010153 2.538011
0.569296 0.040009 0.035890 0.019421 0.001183 0.324035 0.010167 2.542027
0.569409 0.039984 0.035922 0.019504 0.001177 0.323822 0.010183 2.546016
0.569542 0.039997 0.035861 0.019472 0.001174 0.323758 0.010196 2.549924
0.569646 0.040050 0.035805 0.019448 0.001171 0.323667 0.010213 2.553841
0.569690 0.040124 0.035783 0.019406 0.001173 0.323598 0.010226 2.557742
0.569632 0.040156 0.035841 0.019431 0.001180 0.323523 0.010237 2.561744
0.569689 0.040211 0.035858 0.019409 0.001180 0.323406 0.010247 2.565664
0.569750 0.040316 0.035799 0.019385 0.001190 0.323304 0.010257 2.569555
0.569864 0.040370 0.035768 0.019382 0.001201 0.323146 0.010268 2.573478
0.569886 0.040415 0.035781 0.019364 0.001201 0.323075 0.010279 2.577408
0.569952 0.040293 0.035827 0.019357 0.001203 0.323072 0.010295 2.581446
0.570053 0.040230 0.035848 0.019322 0.001200 0.323038 0.010309 2.585373
0.570094 0.040205 0.035813 0.019307 0.001207 0.323048 0.010325 2.589353
0.570258 0.040152 0.035893 0.019259 0.001206 0.322892 0.010339 2.593283
0.570389 0.040228 0.035814 0.019266 0.001211 0.322743 0.010350 2.597164
0.570402 0.040260 0.035865 0.019315 0.001214 0.322578 0.010365 2.601114
0.570366 0.040243 0.035975 0.019278 0.001213 0.322545 0.010380 2.605165
0.570394 0.040268 0.036051 0.019318 0.001198 0.322367 0.010403 2.609118
0.570474 0.040235 0.036022 0.019359 0.001206 0.322286 0.010418 2.613080
0.570514 0.040265 0.036096 0.019360 0.001203 0.322128 0.010435 2.617074
0.570534 0.040319 0.036097 0.019383 0.001201 0.322019 0.010449 2.620995
0.570504 0.040354 0.036116 0.019444 0.001201 0.321916 0.010467 2.625015
0.570481 0.040376 0.036119 0.019405 0.001198 0.321943 0.010478 2.628976
0.570502 0.040401 0.036159 0.019368 0.001205 0.321872 0.010493 2.632928
0.570571 0.040393 0.036174 0.019399 0.001201 0.321756 0.010507 2.636870
0.570584 0.040457 0.036162 0.019367 0.001202 0.321707 0.010521 2.640831
0.570531 0.040545 0.036115 0.019356 0.001191 0.321730 0.010533 2.644746
0.570562 0.040588 0.036118 0.019334 0.001187 0.321663 0.010549 2.648660
0.570578 0.040515 0.036189 0.019368 0.001177 0.321605 0.010568 2.652697
0.570643 0.040455 0.036205 0.019380 0.001177 0.321558 0.010583 2.656668
0.570749 0.040424 0.036196 0.019389 0.001183 0.321460 0.010599 2.660644
0.570828 0.040433 0.036149 0.019431 0.001176 0.321368 0.010615 2.664578
0.570885 0.040375 0.036118 0.019462 0.001177 0.321355 0.010628 2.668579
0.570798 0.040423 0.036048 0.019496 0.001175 0.321418 0.010642 2.672606
0.570781 0.040428 0.036024 0.019530 0.001183 0.321401 0.010653 2.676591
0.570848 0.040364 0.036059 0.019538 0.001189 0.321334 0.010669 2.680591
0.570920 0.040327 0.036087 0.019520 0.001194 0.321271 0.010682 2.684597
0.570944 0.040429 0.036029 0.019473 0.001196 0.321234 0.010696 2.688489
0.571107 0.040375 0.036138 0.019473 0.001202 0.320999 0.010705 2.692485
0.571102 0.040357 0.036083 0.019522 0.001191 0.321028 0.010717 2.696488
0.571144 0.040329 0.036077 0.019570 0.001197 0.320952 0.010732 2.700533
0.571168 0.040324 0.036136 0.019536 0.001189 0.320904 0.010743 2.704490
0.571246 0.040359 0.036117 0.019504 0.001184 0.320833 0.010758 2.708382
0.571185 0.040481 0.036049 0.019519 0.001188 0.320803 0.010776 2.712278
0.571344 0.040487 0.036070 0.019475 0.001183 0.320650 0.010792 2.716196
0.571316 0.040496 0.036054 0.019531 0.001196 0.320600 0.010808 2.720225
0.571305 0.040535 0.036023 0.019571 0.001193 0.320552 0.010821 2.724210
0.571304 0.040535 0.036036 0.019559 0.001196 0.320533 0.010837 2.728200
0.571305 0.040508 0.036002 0.019617 0.001193 0.320518 0.010855 2.732158
0.571280 0.040464 0.036008 0.019646 0.001188 0.320540 0.010873 2.736198
0.571324 0.040450 0.036020 0.019686 0.001194 0.320436 0.010890 2.740170
0.571314 0.040528 0.036058 0.019725 0.001201 0.320269 0.010903 2.744145
0.571464 0.040519 0.036052 0.019694 0.001199 0.320149 0.010922 2.748085
0.571529 0.040513 0.036000 0.019695 0.001207 0.320123 0.010934 2.752068
0.571546 0.040482 0.035997 0.019616 0.001210 0.320200 0.010949 2.756054
0.571630 0.040463 0.035973 0.019647 0.001202 0.320122 0.010962 2.760018
0.571784 0.040436 0.035918 0.019596 0.001204 0.320086 0.010975 2.763947
0.571827 0.040511 0.035934 0.019581 0.001210 0.319947 0.010989 2.767877
0.571749 0.040550 0.035928 0.019559 0.001215 0.319991 0.011008 2.771841
0.571787 0.040535 0.035872 0.019590 0.001213 0.319978 0.011024 2.775802
0.571830 0.040500 0.035880 0.019550 0.001224 0.319980 0.011036 2.779749
0.571813 0.040426 0.036017 0.019602 0.001227 0.319865 0.011049 2.783788
0.571750 0.040548 0.035990 0.019566 0.001215 0.319868 0.011064 2.787715
0.571710 0.040522 0.036034 0.019563 0.001221 0.319872 0.011079 2.791750
0.571697 0.040503 0.036021 0.019557 0.001213 0.319913 0.011096 2.795705
0.571784 0.040452 0.035990 0.019553 0.001219 0.319892 0.011109 2.799653
0.571941 0.040328 0.035957 0.019611 0.001219 0.319818 0.011125 2.803683
0.572031 0.040373 0.035934 0.019581 0.001229 0.319715 0.011137 2.807538
0.572211 0.040283 0.035919 0.019561 0.001231 0.319641 0.011153 2.811484
0.572288 0.040260 0.035880 0.019586 0.001223 0.319598 0.011165 2.815415
0.572232 0.040348 0.035862 0.019529 0.001236 0.319615 0.011177 2.819346
0.572247 0.040357 0.035772 0.019535 0.001242 0.319658 0.011190 2.823291
0.572228 0.040391 0.035771 0.019478 0.001246 0.319686 0.011201 2.827262
0.572371 0.040394 0.035827 0.019450 0.001241 0.319501 0.011216 2.831188
0.572387 0.040506 0.035724 0.019484 0.001239 0.319430 0.011231 2.835078
0.572420 0.040413 0.035768 0.019521 0.001235 0.319403 0.011241 2.839067
0.572424 0.040386 0.035831 0.019540 0.001244 0.319318 0.011257 2.843075
0.572439 0.040386 0.035871 0.019506 0.001242 0.319287 0.011268 2.847033
0.572473 0.040375 0.035813 0.019501 0.001246 0.319307 0.011285 2.850990
0.572553 0.040289 0.035793 0.019523 0.001241 0.319299 0.011302 2.854964
0.572571 0.040336 0.035765 0.019493 0.001233 0.319287 0.011315 2.858865
0.572594 0.040264 0.035763 0.019574 0.001224 0.319245 0.011336 2.862879
0.572615 0.040260 0.035790 0.019527 0.001219 0.319233 0.011355 2.866816
0.572559 0.040292 0.035788 0.019481 0.001213 0.319294 0.011373 2.870782
0.572494 0.040354 0.035754 0.019496 0.001210 0.319305 0.011387 2.874717
0.572593 0.040293 0.035774 0.019526 0.001215 0.319199 0.011401 2.878718
0.572600 0.040264 0.035870 0.019475 0.001212 0.319162 0.011417 2.882702
0.572667 0.040159 0.035804 0.019489 0.001215 0.319233 0.011433 2.886651
0.572809 0.040138 0.035818 0.019491 0.001209 0.319086 0.011448 2.890585
0.572885 0.040204 0.035814 0.019480 0.001208 0.318948 0.011461 2.894499
0.572974 0.040254 0.035794 0.019450 0.001204 0.318847 0.011476 2.898413
0.573059 0.040234 0.035881 0.019424 0.001202 0.318711 0.011489 2.902368
0.573064 0.040291 0.035819 0.019449 0.001194 0.318676 0.011508 2.906293
0.573032 0.040377 0.035839 0.019365 0.001192 0.318670 0.011526 2.910203
0.573211 0.040307 0.035851 0.019360 0.001189 0.318542 0.011540 2.914172
0.573263 0.040344 0.035782 0.019389 0.001177 0.318489 0.011558 2.918093
0.573342 0.040288 0.035798 0.019348 0.001176 0.318470 0.011575 2.922056
0.573306 0.040335 0.035769 0.019341 0.001175 0.318483 0.011592 2.925991
0.573392 0.040253 0.035817 0.019407 0.001174 0.318350 0.011606 2.929962
0.573415 0.040256 0.035784 0.019437 0.001175 0.318313 0.011621 2.933887
0.573534 0.040200 0.035795 0.019382 0.001174 0.318281 0.011634 2.937854
0.573448 0.040244 0.035828 0.019418 0.001175 0.318242 0.011645 2.941815
0.573447 0.040260 0.035809 0.019388 0.001190 0.318248 0.011658 2.945718
0.573411 0.040228 0.035798 0.019402 0.001196 0.318292 0.011673 2.949706
0.573396 0.040288 0.035831 0.019458 0.001207 0.318138 0.011683 2.953642
0.573388 0.040344 0.035867 0.019362 0.001209 0.318132 0.011699 2.957589
0.573306 0.040352 0.035879 0.019378 0.001214 0.318159 0.011713 2.961572
0.573302 0.040383 0.035987 0.019309 0.001211 0.318081 0.011729 2.965494
0.573310 0.040344 0.036083 0.019384 0.001208 0.317929 0.011743 2.969531
0.573313 0.040407 0.036015 0.019385 0.001205 0.317918 0.011759 2.973477
0.573452 0.040435 0.035986 0.019312 0.001210 0.317831 0.011774 2.977327
0.573558 0.040381 0.035991 0.019366 0.001203 0.317715 0.011788 2.981294
0.573628 0.040348 0.036004 0.019299 0.001185 0.317730 0.011805 2.985250
0.573600 0.040394 0.035985 0.019279 0.001192 0.317732 0.011819 2.989183
0.573614 0.040434 0.036088 0.019300 0.001184 0.317543 0.011837 2.993141
0.573616 0.040462 0.036072 0.019278 0.001193 0.317527 0.011852 2.997102
0.573554 0.040507 0.036037 0.019301 0.001188 0.317548 0.011865 3.001072
0.573515 0.040531 0.036011 0.019259 0.001186 0.317617 0.011881 3.005015
0.573473 0.040571 0.036007 0.019285 0.001187 0.317587 0.011890 3.008981
0.573401 0.040579 0.036055 0.019310 0.001196 0.317555 0.011904 3.012943
0.573379 0.040549 0.036123 0.019304 0.001202 0.317530 0.011915 3.016940
0.573293 0.040608 0.036214 0.019287 0.001202 0.317469 0.011927 3.020935
0.573307 0.040637 0.036202 0.019280 0.001199 0.317434 0.011942 3.024868
0.573210 0.040651 0.036131 0.019295 0.001193 0.317563 0.011958 3.028856
0.573140 0.040705 0.036188 0.019279 0.001178 0.317537 0.011972 3.032823
0.573092 0.040672 0.036284 0.019262 0.001180 0.317522 0.011988 3.036878
0.573020 0.040623 0.036347 0.019302 0.001184 0.317521 0.012002 3.040912
0.573002 0.040622 0.036277 0.019361 0.001181 0.317542 0.012016 3.044885
0.572963 0.040567 0.036238 0.019388 0.001173 0.317640 0.012031 3.048877
0.572918 0.040574 0.036200 0.019366 0.001177 0.317722 0.012043 3.052850
0.572831 0.040466 0.036240 0.019449 0.001177 0.317780 0.012058 3.056929
0.572834 0.040428 0.036246 0.019479 0.001190 0.317752 0.012071 3.060913
0.572832 0.040390 0.036246 0.019535 0.001179 0.317730 0.012087 3.064951
0.572904 0.040408 0.036182 0.019515 0.001172 0.317713 0.012107 3.068867
0.572842 0.040316 0.036198 0.019540 0.001181 0.317805 0.012119 3.072875
0.572886 0.040290 0.036240 0.019544 0.001184 0.317724 0.012132 3.076893
0.572971 0.040193 0.036166 0.019551 0.001173 0.317799 0.012147 3.080888
0.573029 0.040101 0.036132 0.019585 0.001172 0.317825 0.012158 3.084833
0.572935 0.040083 0.036203 0.019610 0.001170 0.317824 0.012176 3.088833
0.572941 0.040126 0.036109 0.019597 0.001162 0.317870 0.012196 3.092747
0.572993 0.040015 0.036158 0.019569 0.001168 0.317891 0.012206 3.096754
0.573048 0.040073 0.036134 0.019525 0.001170 0.317830 0.012221 3.100662
0.573072 0.040089 0.036134 0.019478 0.001171 0.317819 0.012237 3.104581
0.573054 0.040093 0.036071 0.019461 0.001167 0.317905 0.012250 3.108484
0.573190 0.040019 0.036028 0.019527 0.001165 0.317807 0.012264 3.112453
0.573273 0.040013 0.035998 0.019541 0.001164 0.317734 0.012278 3.116408
0.573427 0.039985 0.035972 0.019482 0.001164 0.317678 0.012291 3.120297
0.573483 0.039981 0.035933 0.019457 0.001164 0.317674 0.012308 3.124232
0.573483 0.040070 0.035919 0.019438 0.001169 0.317601 0.012320 3.128100
0.573571 0.039986 0.035988 0.019437 0.001159 0.317524 0.012337 3.132059
0.573540 0.040090 0.035971 0.019370 0.001154 0.317521 0.012355 3.135931
0.573521 0.040219 0.035915 0.019366 0.001159 0.317452 0.012369 3.139810
0.573474 0.040277 0.035884 0.019363 0.001158 0.317455 0.012389 3.143718
0.573577 0.040338 0.035929 0.019289 0.001165 0.317300 0.012401 3.147589
0.573586 0.040377 0.035946 0.019341 0.001171 0.317166 0.012414 3.151525
0.573497 0.040439 0.035969 0.019361 0.001179 0.317132 0.012426 3.155504
0.573536 0.040494 0.035959 0.019314 0.001181 0.317073 0.012443 3.159406
0.573439 0.040419 0.035957 0.019315 0.001197 0.317217 0.012457 3.163416
0.573400 0.040453 0.036017 0.019243 0.001198 0.317219 0.012471 3.167323
0.573384 0.040408 0.036084 0.019238 0.001193 0.317209 0.012486 3.171301
0.573296 0.040477 0.036062 0.019321 0.001195 0.317148 0.012499 3.175252
0.573258 0.040584 0.035944 0.019314 0.001193 0.317197 0.012510 3.179131
0.573185 0.040593 0.035935 0.019309 0.001194 0.317255 0.012528 3.183106
0.573209 0.040558 0.036037 0.019318 0.001184 0.317149 0.012545 3.187154
0.573243 0.040571 0.036107 0.019300 0.001198 0.317027 0.012553 3.191131
0.573281 0.040561 0.036108 0.019331 0.001196 0.316956 0.012566 3.195136
0.573304 0.040605 0.036028 0.019370 0.001189 0.316916 0.012587 3.199051
0.573352 0.040475 0.036072 0.019385 0.001173 0.316936 0.012606 3.203050
0.573338 0.040394 0.036119 0.019390 0.001171 0.316967 0.012620 3.207076
0.573316 0.040401 0.036035 0.019419 0.001174 0.317023 0.012633 3.211033
0.573292 0.040392 0.035964 0.019468 0.001180 0.317057 0.012648 3.214988
0.573340 0.040438 0.035983 0.019449 0.001183 0.316947 0.012660 3.218904
0.573354 0.040438 0.035942 0.019402 0.001187 0.317005 0.012672 3.222844
0.573513 0.040295 0.035947 0.019394 0.001187 0.316976 0.012689 3.226830
0.573643 0.040206 0.035940 0.019367 0.001179 0.316957 0.012708 3.230793
0.573628 0.040247 0.035915 0.019405 0.001177 0.316910 0.012718 3.234724
0.573566 0.040227 0.035972 0.019389 0.001171 0.316938 0.012734 3.238706
0.573641 0.040218 0.035990 0.019362 0.001176 0.316864 0.012749 3.242624
0.573734 0.040184 0.035975 0.019411 0.001179 0.316757 0.012760 3.246536
0.573720 0.040295 0.035970 0.019429 0.001178 0.316635 0.012774 3.250450
0.573739 0.040273 0.036036 0.019393 0.001177 0.316592 0.012790 3.254401
0.573727 0.040280 0.036022 0.019446 0.001170 0.316547 0.012808 3.258355
0.573727 0.040355 0.035984 0.019431 0.001164 0.316510 0.012828 3.262272
0.573750 0.040258 0.036014 0.019481 0.001161 0.316495 0.012841 3.266267
0.573596 0.040364 0.035941 0.019468 0.001159 0.316619 0.012853 3.270134
0.573609 0.040402 0.035943 0.019448 0.001157 0.316572 0.012870 3.274049
0.573646 0.040336 0.035964 0.019461 0.001160 0.316554 0.012879 3.278028
0.573606 0.040401 0.035910 0.019501 0.001159 0.316528 0.012894 3.281921
0.573671 0.040359 0.035854 0.019555 0.001148 0.316499 0.012915 3.285858
0.573747 0.040376 0.035815 0.019581 0.001144 0.316406 0.012932 3.289776
0.573846 0.040420 0.035781 0.019574 0.001151 0.316289 0.012939 3.293696
0.573878 0.040349 0.035902 0.019577 0.001154 0.316191 0.012951 3.297706
0.573841 0.040401 0.035916 0.019562 0.001159 0.316157 0.012964 3.301693
0.573874 0.040393 0.035923 0.019594 0.001157 0.316083 0.012976 3.305639
0.573919 0.040359 0.035960 0.019587 0.001157 0.316032 0.012986 3.309593
0.573880 0.040366 0.036052 0.019595 0.001157 0.315949 0.013001 3.313587
0.573852 0.040327 0.036099 0.019608 0.001144 0.315955 0.013014 3.317558
0.573768 0.040362 0.036093 0.019571 0.001151 0.316026 0.013029 3.321529
0.573868 0.040264 0.036130 0.019630 0.001151 0.315920 0.013038 3.325498
0.573925 0.040261 0.036134 0.019547 0.001157 0.315927 0.013050 3.329417
0.573982 0.040235 0.036149 0.019518 0.001157 0.315894 0.013064 3.333356
0.573929 0.040225 0.036166 0.019468 0.001164 0.315972 0.013076 3.337327
0.573897 0.040237 0.036120 0.019439 0.001163 0.316054 0.013090 3.341235
0.573861 0.040216 0.036101 0.019450 0.001173 0.316099 0.013100 3.345241
0.573803 0.040259 0.036094 0.019451 0.001172 0.316106 0.013116 3.349186
0.573834 0.040253 0.036067 0.019442 0.001177 0.316095 0.013132 3.353114
0.573752 0.040257 0.036041 0.019426 0.001175 0.316201 0.013147 3.357098
0.573677 0.040333 0.036019 0.019405 0.001161 0.316241 0.013163 3.360987
0.573802 0.040254 0.035982 0.019433 0.001169 0.316183 0.013177 3.364935
0.573719 0.040225 0.036034 0.019455 0.001173 0.316200 0.013193 3.368956
0.573818 0.040177 0.036047 0.019478 0.001180 0.316097 0.013203 3.372887
0.573744 0.040238 0.036012 0.019442 0.001177 0.316171 0.013217 3.376801
0.573741 0.040212 0.036008 0.019448 0.001179 0.316182 0.013230 3.380775
0.573766 0.040171 0.036008 0.019425 0.001180 0.316201 0.013249 3.384727
0.573781 0.040261 0.035935 0.019435 0.001182 0.316144 0.013262 3.388612
0.573742 0.040291 0.035817 0.019460 0.001179 0.316233 0.013279 3.392533
0.573701 0.040290 0.035729 0.019476 0.001179 0.316334 0.013291 3.396487
0.573768 0.040312 0.035767 0.019442 0.001179 0.316227 0.013304 3.400367
0.573739 0.040328 0.035772 0.019419 0.001175 0.316243 0.013323 3.404310
0.573861 0.040297 0.035746 0.019427 0.001172 0.316159 0.013338 3.408227
0.573934 0.040291 0.035705 0.019385 0.001159 0.316170 0.013356 3.412142
0.573968 0.040252 0.035789 0.019353 0.001166 0.316103 0.013368 3.416148
0.574009 0.040269 0.035741 0.019344 0.001171 0.316081 0.013385 3.420077
0.573993 0.040247 0.035795 0.019304 0.001171 0.316088 0.013403 3.424019
0.573891 0.040332 0.035782 0.019372 0.001166 0.316040 0.013417 3.427964
0.573962 0.040248 0.035768 0.019443 0.001165 0.315981 0.013433 3.432001
0.574054 0.040208 0.035743 0.019401 0.001163 0.315983 0.013448 3.435951
0.574040 0.040291 0.035672 0.019382 0.001158 0.315993 0.013465 3.439865
0.574080 0.040335 0.035617 0.019349 0.001158 0.315980 0.013482 3.443737
0.574045 0.040385 0.035535 0.019391 0.001152 0.315995 0.013497 3.447669
0.574137 0.040360 0.035515 0.019431 0.001161 0.315887 0.013508 3.451599
0.574095 0.040400 0.035541 0.019467 0.001172 0.315803 0.013522 3.455555
0.574070 0.040322 0.035591 0.019424 0.001165 0.315887 0.013541 3.459546
0.574048 0.040319 0.035594 0.019423 0.001177 0.315883 0.013556 3.463495
0.574022 0.040372 0.035693 0.019404 0.001171 0.315771 0.013568 3.467413
0.574025 0.040432 0.035706 0.019424 0.001172 0.315657 0.013584 3.471322
0.574005 0.040346 0.035676 0.019440 0.001184 0.315751 0.013600 3.475324
0.573973 0.040339 0.035697 0.019422 0.001188 0.315766 0.013615 3.479297
0.573947 0.040403 0.035655 0.019408 0.001188 0.315769 0.013630 3.483201
0.574034 0.040351 0.035612 0.019421 0.001184 0.315750 0.013648 3.487160
0.574082 0.040268 0.035584 0.019429 0.001185 0.315789 0.013662 3.491083
0.574044 0.040272 0.035608 0.019412 0.001186 0.315806 0.013673 3.495025
0.574092 0.040237 0.035652 0.019419 0.001175 0.315732 0.013693 3.498988
0.574142 0.040141 0.035679 0.019464 0.001170 0.315695 0.013709 3.502995
0.574115 0.040188 0.035664 0.019421 0.001167 0.315721 0.013725 3.506918
0.574123 0.040144 0.035694 0.019394 0.001174 0.315736 0.013736 3.510865
0.574232 0.040098 0.035760 0.019376 0.001173 0.315612 0.013750 3.514784
0.574232 0.040179 0.035788 0.019356 0.001160 0.315518 0.013766 3.518709
0.574099 0.040184 0.035789 0.019358 0.001158 0.315635 0.013777 3.522689
0.574081 0.040217 0.035821 0.019363 0.001162 0.315564 0.013792 3.526616
0.574114 0.040241 0.035837 0.019300 0.001152 0.315547 0.013808 3.530521
0.574088 0.040200 0.035823 0.019359 0.001154 0.315556 0.013820 3.534496
0.574127 0.040206 0.035789 0.019352 0.001149 0.315540 0.013836 3.538429
0.574221 0.040193 0.035845 0.019344 0.001151 0.315396 0.013852 3.542370
0.574192 0.040251 0.035828 0.019310 0.001138 0.315412 0.013869 3.546272
0.574255 0.040204 0.035756 0.019305 0.001141 0.315450 0.013889 3.550195
0.574229 0.040311 0.035606 0.019284 0.001148 0.315521 0.013900 3.554072
0.574122 0.040282 0.035681 0.019316 0.001152 0.315534 0.013914 3.558069
0.574085 0.040266 0.035713 0.019379 0.001148 0.315479 0.013929 3.562075
0.574079 0.040361 0.035750 0.019362 0.001152 0.315351 0.013945 3.565969
0.574124 0.040360 0.035728 0.019359 0.001139 0.315326 0.013963 3.569943
0.574098 0.040452 0.035760 0.019326 0.001136 0.315250 0.013979 3.573862
0.574232 0.040458 0.035723 0.019351 0.001141 0.315107 0.013988 3.577806
0.574094 0.040610 0.035749 0.019293 0.001144 0.315107 0.014002 3.581706
0.574002 0.040687 0.035732 0.019293 0.001145 0.315124 0.014018 3.585620
0.574052 0.040600 0.035785 0.019326 0.001156 0.315049 0.014032 3.589607
0.574086 0.040590 0.035727 0.019335 0.001161 0.315054 0.014047 3.593537
0.573861 0.040662 0.035757 0.019365 0.001170 0.315124 0.014061 3.597549
0.573753 0.040713 0.035881 0.019360 0.001171 0.315048 0.014074 3.601573
0.573695 0.040787 0.035895 0.019291 0.001173 0.315067 0.014092 3.605488
0.573626 0.040844 0.035935 0.019258 0.001179 0.315051 0.014107 3.609432
0.573515 0.040793 0.036018 0.019334 0.001180 0.315040 0.014122 3.613478
0.573340 0.040896 0.036011 0.019345 0.001176 0.315099 0.014134 3.617425
0.573327 0.040842 0.036033 0.019388 0.001171 0.315092 0.014145 3.621444
0.573360 0.040728 0.036084 0.019411 0.001159 0.315101 0.014156 3.625486
0.573326 0.040705 0.036067 0.019405 0.001166 0.315165 0.014168 3.629438
0.573341 0.040725 0.036015 0.019439 0.001164 0.315133 0.014183 3.633355
0.573324 0.040601 0.036045 0.019457 0.001171 0.315205 0.014197 3.637431
0.573297 0.040545 0.036019 0.019430 0.001171 0.315328 0.014209 3.641388
0.573241 0.040521 0.036036 0.019445 0.001151 0.315381 0.014225 3.645360
0.573203 0.040514 0.036004 0.019429 0.001156 0.315456 0.014240 3.649316
0.573211 0.040527 0.035966 0.019398 0.001151 0.315490 0.014257 3.653268
0.573311 0.040477 0.035918 0.019432 0.001148 0.315441 0.014274 3.657201
0.573393 0.040449 0.035824 0.019450 0.001138 0.315453 0.014292 3.661140
0.573387 0.040414 0.035845 0.019407 0.001142 0.315502 0.014302 3.665079
0.573439 0.040452 0.035773 0.019357 0.001147 0.315517 0.014315 3.668940
0.573452 0.040356 0.035786 0.019327 0.001140 0.315609 0.014331 3.672926
0.573475 0.040303 0.035899 0.019328 0.001139 0.315513 0.014343 3.676902
0.573451 0.040290 0.035899 0.019338 0.001140 0.315522 0.014360 3.680845
0.573475 0.040357 0.035796 0.019293 0.001146 0.315564 0.014370 3.684719
0.573493 0.040316 0.035853 0.019340 0.001132 0.315480 0.014386 3.688720
0.573570 0.040270 0.035842 0.019358 0.001133 0.315430 0.014399 3.692660
0.573445 0.040338 0.035860 0.019385 0.001134 0.315426 0.014410 3.696608
0.573447 0.040250 0.035813 0.019405 0.001135 0.315517 0.014432 3.700595
0.573382 0.040292 0.035795 0.019423 0.001143 0.315515 0.014449 3.704537
0.573350 0.040390 0.035696 0.019458 0.001155 0.315487 0.014464 3.708405
0.573419 0.040332 0.035788 0.019466 0.001149 0.315369 0.014477 3.712360
0.573366 0.040289 0.035875 0.019472 0.001149 0.315357 0.014493 3.716363
0.573367 0.040311 0.035905 0.019450 0.001141 0.315317 0.014508 3.720258
0.573434 0.040267 0.035887 0.019513 0.001148 0.315231 0.014520 3.724210
0.573536 0.040111 0.036043 0.019502 0.001139 0.315134 0.014534 3.728243
0.573591 0.040048 0.036100 0.019518 0.001141 0.315053 0.014549 3.732258
0.573605 0.040179 0.036068 0.019515 0.001141 0.314928 0.014563 3.736102
0.573591 0.040137 0.036052 0.019474 0.001152 0.315017 0.014578 3.740021
0.573678 0.040153 0.035955 0.019490 0.001161 0.314976 0.014589 3.743910
0.573759 0.040126 0.035999 0.019446 0.001166 0.314900 0.014604 3.747847
0.573711 0.040013 0.035944 0.019533 0.001174 0.315012 0.014614 3.751851
0.573717 0.040055 0.035889 0.019523 0.001162 0.315022 0.014631 3.755748
0.573865 0.039939 0.035807 0.019486 0.001160 0.315098 0.014646 3.759707
0.573894 0.039990 0.035755 0.019443 0.001151 0.315107 0.014660 3.763567
0.573878 0.040049 0.035736 0.019380 0.001150 0.315131 0.014677 3.767469
0.573988 0.040020 0.035695 0.019376 0.001143 0.315087 0.014691 3.771355
0.574075 0.040028 0.035665 0.019374 0.001140 0.315013 0.014705 3.775269
0.574075 0.040033 0.035727 0.019324 0.001140 0.314978 0.014722 3.779232
0.574093 0.040066 0.035662 0.019301 0.001148 0.314997 0.014732 3.783101
0.574161 0.040047 0.035645 0.019269 0.001151 0.314982 0.014746 3.787021
0.574259 0.040008 0.035658 0.019274 0.001147 0.314898 0.014756 3.790931
0.574246 0.040057 0.035661 0.019259 0.001134 0.314868 0.014775 3.794806
0.574267 0.040036 0.035648 0.019214 0.001142 0.314906 0.014789 3.798701
0.574299 0.040005 0.035696 0.019238 0.001127 0.314827 0.014808 3.802662
0.574365 0.040037 0.035651 0.019275 0.001133 0.314718 0.014821 3.806573
0.574362 0.040085 0.035606 0.019231 0.001143 0.314743 0.014830 3.810435
