0.999799 0.000154 0.000034 0.000011 0.000000 0.000001 0.000000
0.999684 0.000240 0.000022 0.000012 0.000000 0.000042 0.000000
0.999380 0.000519 0.000039 0.000023 0.000000 0.000039 0.000000
0.998810 0.001032 0.000076 0.000046 0.000000 0.000037 0.000000
0.997993 0.001714 0.000168 0.000072 0.000000 0.000053 0.000000
0.997016 0.002468 0.000344 0.000120 0.000000 0.000053 0.000000
0.994304 0.004756 0.000630 0.000249 0.000000 0.000061 0.000000
0.991257 0.007216 0.000985 0.000407 0.000000 0.000135 0.000000
0.986718 0.010581 0.001628 0.000780 0.000000 0.000292 0.000000
0.982914 0.013464 0.002097 0.001114 0.000000 0.000411 0.000000
0.975493 0.019216 0.002998 0.001564 0.000000 0.000730 0.000000
0.968601 0.024312 0.003988 0.001956 0.000000 0.001144 0.000000
0.959150 0.031444 0.005191 0.002570 0.000000 0.001645 0.000000
0.946634 0.040607 0.006955 0.003553 0.000000 0.002251 0.000000
0.935572 0.048499 0.008646 0.004474 0.000000 0.002809 0.000000
0.920395 0.059569 0.010859 0.005542 0.000006 0.003628 0.000000
0.904148 0.071181 0.013352 0.006683 0.000019 0.004617 0.000000
0.886331 0.083600 0.016076 0.008323 0.000027 0.005643 0.000000
0.864839 0.098327 0.019540 0.010127 0.000043 0.007124 0.000000
0.843482 0.112622 0.023129 0.012048 0.000041 0.008676 0.000000
0.817962 0.128449 0.028136 0.014549 0.000042 0.010862 0.000000
0.795229 0.142154 0.032576 0.016938 0.000044 0.013061 0.000000
0.770193 0.155878 0.038109 0.019863 0.000056 0.015901 0.000000
0.747862 0.167145 0.043356 0.022663 0.000067 0.018906 0.000000
0.723631 0.178640 0.049166 0.025833 0.000083 0.022647 0.000000
0.705453 0.185530 0.054312 0.028432 0.000089 0.026184 0.000000
0.683180 0.193516 0.060675 0.031650 0.000105 0.030872 0.000002
0.666404 0.198129 0.065654 0.034202 0.000118 0.035491 0.000002
0.650249 0.201927 0.070426 0.036667 0.000147 0.040582 0.000002
0.635474 0.204172 0.075213 0.039209 0.000182 0.045747 0.000002
0.619483 0.206663 0.080209 0.041824 0.000197 0.051623 0.000002
0.606007 0.207785 0.084463 0.044224 0.000214 0.057305 0.000002
0.590088 0.210134 0.089225 0.046487 0.000243 0.063820 0.000002
0.575246 0.211303 0.093757 0.048796 0.000264 0.070631 0.000002
0.560115 0.212287 0.098401 0.051206 0.000290 0.077697 0.000004
0.546491 0.212441 0.102078 0.053368 0.000315 0.085303 0.000005
0.529199 0.214066 0.106621 0.055802 0.000331 0.093977 0.000005
0.513138 0.214611 0.111059 0.058123 0.000349 0.102715 0.000005
0.498716 0.213211 0.115260 0.060277 0.000387 0.112145 0.000004
0.484625 0.211722 0.119247 0.062498 0.000418 0.121483 0.000006
0.471876 0.208894 0.122845 0.064321 0.000464 0.131594 0.000006
0.457178 0.205826 0.127085 0.066582 0.000515 0.142808 0.000007
0.447557 0.201882 0.129630 0.068003 0.000544 0.152374 0.000010
0.435211 0.197455 0.132543 0.069618 0.000575 0.164587 0.000012
0.425344 0.193516 0.134563 0.070910 0.000612 0.175043 0.000012
0.416650 0.188078 0.136345 0.071944 0.000651 0.186320 0.000012
0.407548 0.183543 0.138008 0.072800 0.000675 0.197411 0.000014
0.398676 0.178072 0.139466 0.073622 0.000692 0.209456 0.000015
0.390651 0.172530 0.140742 0.074395 0.000727 0.220936 0.000018
0.383055 0.166847 0.141129 0.074652 0.000758 0.233540 0.000020
0.376331 0.161119 0.141307 0.074752 0.000792 0.245676 0.000024
0.370611 0.156030 0.141445 0.074842 0.000826 0.256216 0.000029
0.364681 0.149869 0.141291 0.074366 0.000867 0.268891 0.000036
0.359109 0.143979 0.140903 0.074105 0.000892 0.280972 0.000038
0.354535 0.138213 0.139964 0.073493 0.000924 0.292829 0.000042
0.351401 0.132920 0.138636 0.072791 0.000948 0.303259 0.000045
0.348115 0.127287 0.136865 0.072230 0.000979 0.314474 0.000049
0.345086 0.121959 0.134975 0.071414 0.000985 0.325526 0.000054
0.342608 0.116189 0.133210 0.070544 0.000984 0.336411 0.000054
0.340742 0.110876 0.130621 0.069315 0.000997 0.347392 0.000057
0.339227 0.105660 0.128215 0.068063 0.001006 0.357770 0.000059
0.338490 0.101435 0.125746 0.066976 0.001019 0.366274 0.000060
0.338871 0.097424 0.123092 0.065678 0.001032 0.373841 0.000062
0.339014 0.092845 0.120041 0.064172 0.001055 0.382806 0.000067
0.340576 0.088720 0.117051 0.062697 0.001065 0.389820 0.000072
0.341969 0.084637 0.113621 0.060828 0.001085 0.397783 0.000079
0.344281 0.081005 0.110517 0.059102 0.001105 0.403910 0.000081
0.347766 0.077710 0.107212 0.057402 0.001111 0.408717 0.000082
0.352112 0.074447 0.104030 0.055696 0.001118 0.412508 0.000088
0.355643 0.071696 0.100744 0.054047 0.001106 0.416671 0.000094
0.360122 0.069481 0.097275 0.052264 0.001115 0.419641 0.000101
0.366503 0.067628 0.093706 0.050290 0.001091 0.420679 0.000102
0.371057 0.066305 0.090493 0.048643 0.001080 0.422315 0.000107
0.373599 0.065843 0.088248 0.047493 0.001055 0.423649 0.000112
0.379784 0.066378 0.084931 0.045805 0.001039 0.421948 0.000115
0.378932 0.066579 0.083085 0.044847 0.001027 0.425408 0.000123
0.379480 0.066921 0.081205 0.043830 0.001012 0.427425 0.000128
0.379440 0.067257 0.079666 0.043032 0.001011 0.429463 0.000130
0.379022 0.067289 0.078143 0.042190 0.001002 0.432220 0.000134
0.378173 0.066569 0.076561 0.041296 0.001006 0.436255 0.000140
0.378512 0.066902 0.075621 0.040916 0.000983 0.436922 0.000145
0.377990 0.065548 0.074359 0.040270 0.000977 0.440706 0.000150
0.377942 0.064346 0.073125 0.039456 0.000962 0.444015 0.000154
0.378588 0.063416 0.071990 0.038927 0.000966 0.445956 0.000158
0.379065 0.061773 0.070933 0.038387 0.000949 0.448732 0.000161
0.379835 0.060644 0.069995 0.037964 0.000933 0.450467 0.000162
0.380881 0.058865 0.068357 0.037159 0.000936 0.453634 0.000169
0.381827 0.058222 0.067674 0.036723 0.000921 0.454463 0.000170
0.382953 0.056579 0.066569 0.036103 0.000905 0.456716 0.000175
0.384547 0.054847 0.065235 0.035265 0.000918 0.459010 0.000178
0.386068 0.054170 0.064370 0.034667 0.000915 0.459630 0.000179
0.387538 0.052653 0.062991 0.033710 0.000924 0.462000 0.000184
0.389486 0.051824 0.061867 0.033187 0.000919 0.462527 0.000190
0.391469 0.050650 0.060680 0.032337 0.000888 0.463779 0.000197
0.393290 0.049333 0.059403 0.031607 0.000862 0.465303 0.000201
0.395243 0.047963 0.057580 0.030934 0.000864 0.467215 0.000202
0.397091 0.047239 0.056644 0.030552 0.000867 0.467402 0.000205
0.399462 0.046256 0.055446 0.029875 0.000857 0.467891 0.000212
0.401675 0.044933 0.053964 0.029109 0.000849 0.469258 0.000212
0.403622 0.044541 0.053316 0.028861 0.000836 0.468609 0.000214
0.405593 0.044403 0.052459 0.028486 0.000842 0.467998 0.000219
0.407248 0.044207 0.051885 0.028167 0.000825 0.467445 0.000222
0.409579 0.043457 0.050789 0.027441 0.000831 0.467679 0.000224
0.412210 0.042726 0.049326 0.026626 0.000820 0.468063 0.000229
0.414017 0.042451 0.048737 0.026307 0.000811 0.467447 0.000230
0.416731 0.041668 0.047522 0.025563 0.000798 0.467488 0.000230
0.418510 0.041615 0.047050 0.025187 0.000797 0.466605 0.000237
0.420796 0.041186 0.046241 0.024576 0.000781 0.466178 0.000243
0.422944 0.040973 0.045506 0.024311 0.000775 0.465246 0.000244
0.425114 0.040864 0.044562 0.023890 0.000779 0.464545 0.000246
0.427172 0.040881 0.043818 0.023630 0.000766 0.463487 0.000246
0.429181 0.040892 0.043057 0.023219 0.000762 0.462640 0.000250
0.430518 0.041234 0.042769 0.023025 0.000771 0.461434 0.000249
0.433545 0.040933 0.041628 0.022417 0.000749 0.460476 0.000253
0.435102 0.041191 0.041466 0.022275 0.000740 0.458975 0.000251
0.436835 0.041203 0.041072 0.021958 0.000724 0.457951 0.000257
0.438148 0.041374 0.041121 0.021950 0.000729 0.456421 0.000257
0.440608 0.041270 0.040427 0.021646 0.000718 0.455065 0.000266
0.442065 0.041415 0.040267 0.021550 0.000709 0.453724 0.000270
0.443836 0.041462 0.039879 0.021316 0.000705 0.452530 0.000272
0.445095 0.041651 0.039714 0.021306 0.000682 0.451277 0.000275
0.446325 0.041714 0.039626 0.021230 0.000659 0.450169 0.000276
0.448050 0.041752 0.039450 0.020969 0.000649 0.448857 0.000273
0.450322 0.041374 0.039376 0.020799 0.000645 0.447201 0.000282
0.453048 0.040432 0.039117 0.020424 0.000629 0.446064 0.000287
0.455907 0.039350 0.038966 0.020270 0.000621 0.444598 0.000288
0.459109 0.037943 0.038743 0.020067 0.000617 0.443230 0.000291
0.462629 0.036235 0.038618 0.019696 0.000611 0.441918 0.000293
0.466074 0.034474 0.038437 0.019376 0.000614 0.440735 0.000290
0.470039 0.032796 0.038086 0.018950 0.000598 0.439237 0.000293
0.474067 0.031091 0.037667 0.018427 0.000573 0.437870 0.000304
0.478813 0.029291 0.036976 0.017930 0.000569 0.436113 0.000308
0.483547 0.027531 0.036279 0.017464 0.000560 0.434313 0.000306
0.488329 0.025843 0.035762 0.016970 0.000558 0.432231 0.000307
0.492374 0.024331 0.035261 0.016527 0.000558 0.430638 0.000311
0.496776 0.022924 0.034485 0.015934 0.000558 0.429016 0.000307
0.501612 0.021512 0.033566 0.015392 0.000546 0.427063 0.000309
0.506309 0.020237 0.032718 0.014864 0.000529 0.425036 0.000308
0.510944 0.018930 0.031781 0.014318 0.000523 0.423196 0.000310
0.515481 0.017717 0.030867 0.013817 0.000518 0.421283 0.000317
0.520344 0.016560 0.029919 0.013359 0.000508 0.418992 0.000319
0.525299 0.015516 0.028939 0.012842 0.000507 0.416576 0.000321
0.529774 0.014619 0.027919 0.012367 0.000503 0.414500 0.000317
0.534515 0.013707 0.026977 0.011873 0.000506 0.412103 0.000318
0.539945 0.012819 0.025907 0.011352 0.000493 0.409161 0.000324
0.544579 0.012014 0.024934 0.010889 0.000482 0.406772 0.000330
0.549437 0.011250 0.024040 0.010422 0.000466 0.404057 0.000329
0.553544 0.010574 0.023193 0.009991 0.000455 0.401903 0.000340
0.558941 0.009823 0.022329 0.009482 0.000451 0.398634 0.000342
0.564046 0.009108 0.021332 0.009075 0.000431 0.395675 0.000332
0.568614 0.008544 0.020552 0.008650 0.000426 0.392874 0.000339
0.573310 0.007907 0.019747 0.008212 0.000418 0.390065 0.000342
0.578211 0.007457 0.018920 0.007836 0.000409 0.386830 0.000339
0.582590 0.006952 0.018076 0.007460 0.000403 0.384180 0.000338
0.587625 0.006499 0.017222 0.007128 0.000396 0.380790 0.000339
0.592457 0.006164 0.016494 0.006778 0.000392 0.377374 0.000341
0.596186 0.005804 0.015777 0.006461 0.000384 0.375050 0.000338
0.600981 0.005488 0.015072 0.006109 0.000374 0.371630 0.000346
0.605166 0.005118 0.014404 0.005847 0.000369 0.368758 0.000339
0.610299 0.004831 0.013653 0.005554 0.000357 0.364964 0.000343
0.614366 0.004545 0.013103 0.005280 0.000345 0.362021 0.000339
0.618670 0.004269 0.012476 0.005041 0.000347 0.358855 0.000342
0.623503 0.003983 0.011841 0.004777 0.000334 0.355218 0.000344
0.627515 0.003749 0.011302 0.004547 0.000334 0.352212 0.000341
0.631911 0.003589 0.010805 0.004335 0.000317 0.348698 0.000345
0.635929 0.003316 0.010362 0.004144 0.000315 0.345581 0.000353
0.640752 0.003152 0.009869 0.003935 0.000316 0.341622 0.000355
0.644674 0.002977 0.009389 0.003713 0.000299 0.338598 0.000350
0.649037 0.002846 0.008887 0.003460 0.000285 0.335136 0.000349
0.652704 0.002752 0.008485 0.003288 0.000285 0.332141 0.000347
0.656648 0.002632 0.008042 0.003131 0.000268 0.328928 0.000351
0.660744 0.002482 0.007663 0.002985 0.000267 0.325499 0.000359
0.664230 0.002327 0.007366 0.002850 0.000262 0.322609 0.000356
0.669042 0.002177 0.006999 0.002695 0.000253 0.318483 0.000351
0.672960 0.002043 0.006669 0.002551 0.000238 0.315182 0.000359
0.677216 0.001935 0.006339 0.002457 0.000233 0.311457 0.000363
0.680283 0.001857 0.006041 0.002338 0.000229 0.308888 0.000363
0.683820 0.001809 0.005712 0.002220 0.000223 0.305857 0.000359
0.687408 0.001709 0.005430 0.002116 0.000209 0.302762 0.000365
0.691713 0.001607 0.005159 0.002036 0.000199 0.298923 0.000363
0.696030 0.001536 0.004872 0.001921 0.000196 0.295078 0.000367
0.699670 0.001499 0.004628 0.001836 0.000188 0.291807 0.000371
0.702891 0.001447 0.004415 0.001727 0.000192 0.288966 0.000363
0.706512 0.001355 0.004149 0.001632 0.000183 0.285799 0.000370
0.709921 0.001303 0.003969 0.001552 0.000180 0.282705 0.000369
0.713641 0.001254 0.003770 0.001455 0.000171 0.279342 0.000366
0.716885 0.001234 0.003582 0.001411 0.000162 0.276357 0.000369
0.720116 0.001179 0.003401 0.001333 0.000155 0.273442 0.000374
0.723694 0.001105 0.003232 0.001260 0.000150 0.270196 0.000363
0.727419 0.001036 0.003067 0.001214 0.000136 0.266749 0.000379
0.730402 0.000995 0.002924 0.001151 0.000135 0.264025 0.000368
0.733670 0.000972 0.002857 0.001132 0.000135 0.260869 0.000365
0.737233 0.000934 0.002715 0.001049 0.000131 0.257566 0.000373
0.740141 0.000902 0.002612 0.001024 0.000128 0.254822 0.000371
0.742956 0.000865 0.002503 0.000990 0.000125 0.252197 0.000365
0.746205 0.000821 0.002393 0.000943 0.000117 0.249160 0.000362
0.749515 0.000780 0.002288 0.000911 0.000113 0.246025 0.000368
0.752572 0.000741 0.002164 0.000865 0.000106 0.243185 0.000366
0.755342 0.000737 0.002097 0.000837 0.000104 0.240507 0.000376
0.758444 0.000702 0.002002 0.000819 0.000098 0.237559 0.000377
0.761262 0.000671 0.001919 0.000763 0.000094 0.234923 0.000368
0.764601 0.000659 0.001816 0.000735 0.000089 0.231732 0.000369
0.766960 0.000667 0.001719 0.000718 0.000088 0.229477 0.000370
0.770048 0.000662 0.001630 0.000690 0.000085 0.226504 0.000381
0.772866 0.000618 0.001583 0.000660 0.000079 0.223822 0.000373
0.775870 0.000600 0.001500 0.000622 0.000076 0.220956 0.000376
0.778853 0.000598 0.001457 0.000584 0.000081 0.218046 0.000381
0.781805 0.000570 0.001373 0.000565 0.000072 0.215244 0.000372
0.784202 0.000564 0.001323 0.000548 0.000068 0.212925 0.000369
0.787115 0.000574 0.001296 0.000546 0.000063 0.210033 0.000372
0.790052 0.000525 0.001275 0.000533 0.000062 0.207175 0.000378
0.792089 0.000515 0.001200 0.000491 0.000058 0.205275 0.000372
0.794526 0.000488 0.001160 0.000486 0.000053 0.202906 0.000382
0.797601 0.000459 0.001123 0.000450 0.000050 0.199935 0.000382
0.800167 0.000443 0.001071 0.000441 0.000050 0.197456 0.000371
0.802361 0.000446 0.001036 0.000436 0.000047 0.195294 0.000381
0.804879 0.000426 0.000965 0.000412 0.000045 0.192900 0.000373
0.807205 0.000430 0.000959 0.000391 0.000046 0.190598 0.000371
0.809671 0.000399 0.000915 0.000373 0.000045 0.188220 0.000377
0.811777 0.000374 0.000864 0.000369 0.000040 0.186194 0.000382
0.814184 0.000359 0.000827 0.000360 0.000041 0.183845 0.000384
0.816508 0.000367 0.000803 0.000335 0.000040 0.181566 0.000381
0.818908 0.000343 0.000765 0.000317 0.000036 0.179258 0.000372
0.821388 0.000330 0.000722 0.000308 0.000037 0.176834 0.000381
0.823037 0.000327 0.000726 0.000293 0.000035 0.175204 0.000377
0.825635 0.000312 0.000685 0.000277 0.000032 0.172686 0.000374
0.827824 0.000306 0.000667 0.000275 0.000031 0.170520 0.000377
0.829851 0.000281 0.000615 0.000269 0.000031 0.168571 0.000381
0.831957 0.000274 0.000624 0.000248 0.000029 0.166493 0.000375
0.834442 0.000259 0.000601 0.000241 0.000028 0.164058 0.000370
0.836443 0.000262 0.000576 0.000232 0.000028 0.162079 0.000379
0.838245 0.000245 0.000555 0.000222 0.000025 0.160334 0.000374
0.840165 0.000245 0.000537 0.000217 0.000024 0.158429 0.000383
0.842566 0.000231 0.000513 0.000197 0.000026 0.156087 0.000379
0.844057 0.000227 0.000477 0.000187 0.000021 0.154650 0.000380
0.846217 0.000221 0.000469 0.000196 0.000023 0.152490 0.000383
0.848431 0.000213 0.000448 0.000192 0.000022 0.150299 0.000395
0.850090 0.000215 0.000451 0.000186 0.000021 0.148651 0.000385
0.852099 0.000198 0.000425 0.000169 0.000020 0.146719 0.000370
0.853744 0.000203 0.000416 0.000171 0.000019 0.145057 0.000390
0.856464 0.000178 0.000385 0.000174 0.000019 0.142392 0.000388
0.857853 0.000165 0.000392 0.000184 0.000019 0.140992 0.000395
0.859571 0.000174 0.000371 0.000178 0.000018 0.139301 0.000387
0.861449 0.000174 0.000360 0.000163 0.000016 0.137442 0.000397
0.862959 0.000182 0.000333 0.000155 0.000017 0.135954 0.000399
0.864752 0.000184 0.000321 0.000147 0.000017 0.134182 0.000397
0.866711 0.000180 0.000312 0.000139 0.000018 0.132248 0.000392
0.868211 0.000170 0.000306 0.000137 0.000019 0.130765 0.000392
0.869784 0.000175 0.000303 0.000140 0.000016 0.129199 0.000382
0.871985 0.000153 0.000286 0.000130 0.000019 0.127043 0.000385
0.873130 0.000144 0.000291 0.000141 0.000016 0.125898 0.000380
0.874712 0.000147 0.000280 0.000127 0.000015 0.124337 0.000381
0.876496 0.000117 0.000282 0.000121 0.000017 0.122582 0.000386
0.877841 0.000125 0.000273 0.000127 0.000016 0.121231 0.000386
0.879819 0.000128 0.000248 0.000108 0.000018 0.119303 0.000376
0.881326 0.000137 0.000249 0.000104 0.000017 0.117792 0.000374
0.882863 0.000136 0.000236 0.000107 0.000017 0.116271 0.000370
0.884149 0.000124 0.000246 0.000098 0.000019 0.114980 0.000384
0.885730 0.000120 0.000247 0.000099 0.000022 0.113396 0.000387
0.887146 0.000117 0.000232 0.000087 0.000018 0.112020 0.000379
0.888446 0.000108 0.000221 0.000083 0.000018 0.110757 0.000367
0.889942 0.000112 0.000225 0.000094 0.000017 0.109232 0.000378
0.891441 0.000106 0.000220 0.000094 0.000015 0.107750 0.000374
0.892805 0.000110 0.000226 0.000086 0.000016 0.106364 0.000393
0.894156 0.000106 0.000221 0.000090 0.000013 0.105039 0.000376
0.895502 0.000121 0.000213 0.000088 0.000017 0.103683 0.000377
0.897015 0.000111 0.000215 0.000087 0.000015 0.102166 0.000392
0.898677 0.000089 0.000203 0.000083 0.000017 0.100549 0.000382
0.899654 0.000098 0.000204 0.000082 0.000010 0.099575 0.000376
0.900904 0.000096 0.000194 0.000083 0.000013 0.098323 0.000387
0.901826 0.000104 0.000180 0.000070 0.000010 0.097430 0.000380
0.903580 0.000089 0.000181 0.000077 0.000008 0.095673 0.000391
0.904962 0.000106 0.000158 0.000079 0.000009 0.094293 0.000394
0.906156 0.000098 0.000149 0.000065 0.000011 0.093134 0.000387
0.907332 0.000105 0.000145 0.000060 0.000011 0.091941 0.000405
0.907966 0.000107 0.000142 0.000062 0.000011 0.091320 0.000392
0.909507 0.000083 0.000147 0.000057 0.000012 0.089794 0.000400
0.910494 0.000094 0.000135 0.000055 0.000009 0.088811 0.000401
0.911794 0.000099 0.000140 0.000056 0.000005 0.087504 0.000402
0.912823 0.000102 0.000135 0.000059 0.000004 0.086482 0.000394
0.914078 0.000087 0.000134 0.000064 0.000005 0.085228 0.000404
0.915530 0.000066 0.000131 0.000063 0.000008 0.083796 0.000406
0.916480 0.000073 0.000124 0.000067 0.000006 0.082856 0.000394
0.917762 0.000073 0.000126 0.000059 0.000003 0.081566 0.000411
0.918980 0.000079 0.000115 0.000056 0.000007 0.080358 0.000404
0.919411 0.000087 0.000121 0.000058 0.000004 0.079912 0.000406
0.920783 0.000080 0.000135 0.000059 0.000006 0.078536 0.000402
0.921507 0.000063 0.000126 0.000053 0.000005 0.077842 0.000404
0.922333 0.000077 0.000133 0.000066 0.000004 0.076992 0.000395
0.922872 0.000064 0.000127 0.000061 0.000006 0.076474 0.000396
0.924304 0.000059 0.000130 0.000052 0.000005 0.075061 0.000389
0.924766 0.000057 0.000145 0.000048 0.000005 0.074600 0.000379
0.926479 0.000051 0.000134 0.000054 0.000004 0.072875 0.000404
0.927257 0.000050 0.000125 0.000059 0.000003 0.072111 0.000395
0.928244 0.000036 0.000102 0.000052 0.000007 0.071192 0.000368
0.928170 0.000045 0.000097 0.000048 0.000006 0.071241 0.000393
0.928806 0.000053 0.000107 0.000049 0.000003 0.070596 0.000385
0.930723 0.000048 0.000097 0.000041 0.000008 0.068694 0.000388
0.930994 0.000052 0.000095 0.000051 0.000007 0.068431 0.000369
0.941174 0.000015 0.000030 0.000014 0.000002 0.058511 0.000254
