0.338967 0.063388 0.056098 0.032267 0.002206 0.500820 0.006253 1.646025
0.341019 0.061433 0.056028 0.032113 0.002217 0.500908 0.006282 1.652127
0.343864 0.058905 0.055923 0.031940 0.002218 0.500838 0.006312 1.658124
0.347010 0.056278 0.055633 0.031671 0.002223 0.500852 0.006333 1.663811
0.350619 0.053467 0.055259 0.031342 0.002225 0.500728 0.006360 1.669308
0.354445 0.050827 0.054681 0.030888 0.002213 0.500557 0.006389 1.674436
0.358414 0.048250 0.053990 0.030321 0.002212 0.500395 0.006417 1.679297
0.362460 0.045832 0.053339 0.029717 0.002201 0.500013 0.006440 1.683917
0.366697 0.043508 0.052438 0.029100 0.002197 0.499593 0.006467 1.688229
0.371058 0.041310 0.051571 0.028400 0.002175 0.498988 0.006498 1.692374
0.375380 0.039249 0.050578 0.027721 0.002168 0.498380 0.006526 1.696386
0.379781 0.037317 0.049461 0.026974 0.002167 0.497746 0.006554 1.700154
0.384293 0.035486 0.048368 0.026297 0.002156 0.496816 0.006584 1.703732
0.388885 0.033742 0.047238 0.025559 0.002140 0.495820 0.006616 1.707140
0.393572 0.032183 0.046073 0.024834 0.002125 0.494572 0.006640 1.710352
0.398088 0.030649 0.044839 0.024203 0.002089 0.493461 0.006672 1.713471
0.402794 0.029235 0.043653 0.023489 0.002067 0.492066 0.006695 1.716422
0.407452 0.028013 0.042404 0.022777 0.002062 0.490574 0.006718 1.719195
0.411974 0.026820 0.041263 0.022021 0.002037 0.489137 0.006746 1.721870
0.416596 0.025711 0.040096 0.021346 0.002024 0.487463 0.006765 1.724451
0.421297 0.024657 0.038874 0.020692 0.002006 0.485678 0.006795 1.726934
0.425930 0.023721 0.037724 0.020036 0.001968 0.483800 0.006822 1.729287
0.430581 0.022781 0.036576 0.019351 0.001948 0.481917 0.006845 1.731573
0.435253 0.021929 0.035443 0.018725 0.001927 0.479852 0.006870 1.733779
0.439901 0.021125 0.034384 0.018069 0.001906 0.477722 0.006893 1.735866
0.444616 0.020396 0.033234 0.017437 0.001885 0.475517 0.006916 1.737883
0.449251 0.019729 0.032189 0.016873 0.001848 0.473169 0.006941 1.739840
0.453881 0.019090 0.031215 0.016269 0.001823 0.470755 0.006967 1.741749
0.458566 0.018448 0.030304 0.015768 0.001805 0.468122 0.006986 1.743616
0.463133 0.017935 0.029304 0.015231 0.001792 0.465600 0.007007 1.745381
0.467649 0.017493 0.028360 0.014746 0.001770 0.462946 0.007036 1.747093
0.472252 0.016986 0.027412 0.014325 0.001735 0.460235 0.007056 1.748802
0.476774 0.016486 0.026602 0.013870 0.001705 0.457489 0.007073 1.750471
0.481390 0.016110 0.025695 0.013399 0.001678 0.454636 0.007091 1.752018
0.485943 0.015677 0.024931 0.012974 0.001646 0.451712 0.007117 1.753589
0.490401 0.015285 0.024226 0.012546 0.001611 0.448788 0.007143 1.755090
0.494841 0.014960 0.023501 0.012132 0.001589 0.445816 0.007160 1.756570
0.499382 0.014673 0.022789 0.011757 0.001558 0.442658 0.007182 1.758004
0.503777 0.014357 0.022113 0.011402 0.001526 0.439626 0.007199 1.759414
0.508254 0.014033 0.021498 0.011101 0.001491 0.436402 0.007222 1.760803
0.512667 0.013714 0.020888 0.010807 0.001454 0.433230 0.007240 1.762182
0.516933 0.013472 0.020337 0.010530 0.001408 0.430059 0.007262 1.763528
0.521231 0.013262 0.019815 0.010188 0.001388 0.426841 0.007276 1.764813
0.525589 0.012977 0.019331 0.009902 0.001358 0.423549 0.007293 1.766144
0.529728 0.012759 0.018781 0.009653 0.001334 0.420430 0.007314 1.767430
0.533981 0.012598 0.018287 0.009382 0.001315 0.417109 0.007330 1.768650
0.538128 0.012436 0.017766 0.009152 0.001288 0.413884 0.007346 1.769871
0.542296 0.012283 0.017279 0.008915 0.001262 0.410600 0.007365 1.771055
0.546384 0.012160 0.016820 0.008706 0.001225 0.407324 0.007382 1.772256
0.550389 0.011987 0.016416 0.008538 0.001192 0.404077 0.007401 1.773466
0.554375 0.011808 0.016016 0.008359 0.001166 0.400862 0.007415 1.774667
0.558335 0.011684 0.015639 0.008155 0.001152 0.397607 0.007428 1.775802
0.562273 0.011568 0.015296 0.007982 0.001125 0.394315 0.007441 1.776935
0.566252 0.011447 0.015028 0.007771 0.001097 0.390950 0.007457 1.778082
0.570087 0.011336 0.014683 0.007606 0.001080 0.387741 0.007468 1.779212
0.573901 0.011220 0.014401 0.007447 0.001057 0.384494 0.007481 1.780341
0.577642 0.011160 0.014098 0.007311 0.001033 0.381263 0.007494 1.781443
0.581413 0.011081 0.013809 0.007129 0.001016 0.378050 0.007503 1.782556
0.585079 0.011033 0.013540 0.007029 0.000992 0.374807 0.007520 1.783643
0.588755 0.010980 0.013266 0.006893 0.000972 0.371603 0.007531 1.784733
0.592430 0.010928 0.013029 0.006787 0.000948 0.368337 0.007542 1.785800
0.595974 0.010888 0.012820 0.006653 0.000928 0.365177 0.007560 1.786851
0.599516 0.010896 0.012594 0.006555 0.000905 0.361958 0.007575 1.787900
0.602996 0.010858 0.012391 0.006420 0.000880 0.358872 0.007585 1.788949
0.606494 0.010834 0.012197 0.006336 0.000871 0.355678 0.007592 1.790002
0.609905 0.010842 0.012057 0.006224 0.000846 0.352521 0.007606 1.791041
0.613219 0.010844 0.011927 0.006137 0.000826 0.349427 0.007620 1.792122
0.616549 0.010832 0.011730 0.006054 0.000803 0.346399 0.007633 1.793179
0.619730 0.010857 0.011602 0.005989 0.000785 0.343389 0.007647 1.794245
0.623010 0.010854 0.011457 0.005903 0.000768 0.340349 0.007660 1.795296
0.626125 0.010830 0.011387 0.005851 0.000755 0.337384 0.007668 1.796400
0.629252 0.010799 0.011278 0.005806 0.000743 0.334447 0.007676 1.797492
0.632469 0.010712 0.011186 0.005774 0.000726 0.331444 0.007689 1.798596
0.635598 0.010707 0.011118 0.005713 0.000714 0.328453 0.007697 1.799662
0.638559 0.010761 0.011026 0.005661 0.000704 0.325580 0.007708 1.800718
0.641561 0.010787 0.010951 0.005628 0.000693 0.322664 0.007716 1.801767
0.644552 0.010793 0.010845 0.005589 0.000674 0.319818 0.007728 1.802814
0.647419 0.010833 0.010745 0.005547 0.000667 0.317054 0.007735 1.803866
0.650351 0.010850 0.010667 0.005518 0.000654 0.314219 0.007741 1.804950
0.653324 0.010825 0.010630 0.005508 0.000644 0.311319 0.007749 1.806035
0.656145 0.010888 0.010550 0.005466 0.000634 0.308563 0.007753 1.807078
0.658865 0.010932 0.010498 0.005449 0.000620 0.305875 0.007761 1.808133
0.661536 0.010985 0.010459 0.005431 0.000605 0.303216 0.007770 1.809220
0.664088 0.011082 0.010399 0.005424 0.000586 0.300642 0.007778 1.810298
0.666742 0.011095 0.010373 0.005444 0.000572 0.297990 0.007784 1.811412
0.669375 0.011106 0.010361 0.005398 0.000561 0.295405 0.007794 1.812486
0.671878 0.011146 0.010290 0.005410 0.000553 0.292921 0.007802 1.813586
0.674432 0.011178 0.010295 0.005390 0.000541 0.290355 0.007810 1.814671
0.676938 0.011150 0.010281 0.005380 0.000531 0.287905 0.007815 1.815795
0.679369 0.011212 0.010284 0.005386 0.000525 0.285401 0.007822 1.816920
0.681822 0.011286 0.010290 0.005378 0.000515 0.282879 0.007829 1.818009
0.684138 0.011328 0.010338 0.005361 0.000508 0.280492 0.007835 1.819145
0.686318 0.011499 0.010302 0.005357 0.000496 0.278188 0.007841 1.820248
0.688559 0.011564 0.010289 0.005355 0.000495 0.275892 0.007845 1.821383
0.690784 0.011617 0.010288 0.005372 0.000489 0.273600 0.007850 1.822549
0.692922 0.011603 0.010300 0.005416 0.000481 0.271424 0.007855 1.823750
0.695019 0.011700 0.010351 0.005433 0.000481 0.269155 0.007861 1.824918
0.697140 0.011802 0.010412 0.005445 0.000477 0.266855 0.007868 1.826093
0.699208 0.011938 0.010471 0.005423 0.000475 0.264609 0.007877 1.827279
0.701145 0.012087 0.010502 0.005412 0.000474 0.262494 0.007886 1.828457
0.703165 0.012215 0.010509 0.005412 0.000468 0.260340 0.007891 1.829615
0.705146 0.012298 0.010540 0.005438 0.000461 0.258220 0.007898 1.830838
0.707138 0.012399 0.010586 0.005453 0.000459 0.256061 0.007905 1.832046
0.709001 0.012464 0.010663 0.005487 0.000449 0.254025 0.007911 1.833284
0.710781 0.012651 0.010717 0.005508 0.000449 0.251976 0.007917 1.834517
0.712504 0.012795 0.010783 0.005551 0.000443 0.249997 0.007927 1.835738
0.714178 0.012942 0.010805 0.005578 0.000439 0.248124 0.007934 1.836966
0.715875 0.013053 0.010884 0.005586 0.000436 0.246227 0.007939 1.838255
0.717580 0.013164 0.010971 0.005637 0.000430 0.244274 0.007944 1.839556
0.719209 0.013249 0.011052 0.005688 0.000428 0.242423 0.007951 1.840899
0.720791 0.013383 0.011096 0.005718 0.000419 0.240638 0.007955 1.842193
0.722411 0.013475 0.011180 0.005736 0.000420 0.238818 0.007960 1.843489
0.723950 0.013580 0.011288 0.005764 0.000418 0.237032 0.007968 1.844820
0.725353 0.013716 0.011400 0.005817 0.000408 0.235334 0.007972 1.846191
0.726883 0.013802 0.011481 0.005851 0.000410 0.233596 0.007977 1.847569
0.728204 0.013974 0.011545 0.005911 0.000414 0.231972 0.007980 1.848949
0.729602 0.014094 0.011655 0.005945 0.000411 0.230308 0.007985 1.850346
0.730815 0.014215 0.011831 0.005973 0.000413 0.228762 0.007990 1.851766
0.732124 0.014403 0.011861 0.006034 0.000411 0.227174 0.007994 1.853157
0.733272 0.014567 0.011942 0.006090 0.000412 0.225719 0.007999 1.854597
0.734506 0.014717 0.012018 0.006168 0.000404 0.224181 0.008006 1.856043
0.735793 0.014807 0.012150 0.006285 0.000400 0.222554 0.008010 1.857549
0.736974 0.014959 0.012230 0.006299 0.000398 0.221127 0.008013 1.858973
0.738041 0.015100 0.012323 0.006349 0.000394 0.219774 0.008020 1.860440
0.739236 0.015204 0.012402 0.006381 0.000397 0.218355 0.008025 1.861951
0.740328 0.015374 0.012476 0.006454 0.000400 0.216939 0.008031 1.863435
0.741375 0.015532 0.012567 0.006538 0.000395 0.215556 0.008036 1.864964
0.742417 0.015743 0.012690 0.006571 0.000390 0.214147 0.008043 1.866480
0.743365 0.015950 0.012796 0.006645 0.000395 0.212803 0.008048 1.868012
0.744259 0.016075 0.012914 0.006735 0.000397 0.211572 0.008049 1.869601
0.745193 0.016243 0.012984 0.006770 0.000393 0.210364 0.008054 1.871157
0.746020 0.016393 0.013067 0.006819 0.000397 0.209245 0.008059 1.872757
0.746846 0.016535 0.013189 0.006875 0.000392 0.208097 0.008066 1.874392
0.747567 0.016723 0.013330 0.006945 0.000383 0.206979 0.008073 1.876047
0.748332 0.016930 0.013444 0.007025 0.000388 0.205803 0.008079 1.877691
0.749087 0.017069 0.013597 0.007119 0.000392 0.204658 0.008080 1.879363
0.749879 0.017187 0.013701 0.007234 0.000386 0.203528 0.008085 1.881045
0.750593 0.017333 0.013823 0.007292 0.000383 0.202482 0.008095 1.882739
0.751275 0.017470 0.013927 0.007313 0.000383 0.201530 0.008102 1.884430
0.751868 0.017702 0.014062 0.007348 0.000392 0.200523 0.008105 1.886131
0.752409 0.017827 0.014224 0.007442 0.000396 0.199592 0.008109 1.887933
0.752952 0.017912 0.014430 0.007499 0.000400 0.198692 0.008114 1.889729
0.753426 0.018105 0.014566 0.007545 0.000406 0.197832 0.008121 1.891477
0.753841 0.018281 0.014725 0.007647 0.000406 0.196973 0.008128 1.893324
0.754349 0.018420 0.014850 0.007709 0.000414 0.196127 0.008132 1.895137
0.754843 0.018521 0.015101 0.007785 0.000415 0.195196 0.008138 1.897023
0.755258 0.018701 0.015223 0.007829 0.000410 0.194433 0.008147 1.898830
0.755652 0.018897 0.015328 0.007872 0.000416 0.193683 0.008154 1.900644
0.756047 0.019102 0.015492 0.007954 0.000418 0.192829 0.008159 1.902477
0.756451 0.019247 0.015599 0.008033 0.000421 0.192086 0.008162 1.904343
0.756758 0.019408 0.015704 0.008120 0.000428 0.191414 0.008169 1.906251
0.757094 0.019554 0.015835 0.008201 0.000431 0.190711 0.008174 1.908160
0.757333 0.019697 0.015979 0.008276 0.000429 0.190106 0.008181 1.910117
0.757712 0.019840 0.016075 0.008373 0.000431 0.189381 0.008187 1.912051
0.758037 0.019963 0.016232 0.008429 0.000438 0.188711 0.008192 1.913995
0.758198 0.020130 0.016367 0.008483 0.000438 0.188186 0.008199 1.915974
0.758418 0.020267 0.016448 0.008533 0.000444 0.187685 0.008206 1.917972
0.758641 0.020393 0.016597 0.008616 0.000445 0.187098 0.008209 1.919965
0.758854 0.020495 0.016756 0.008645 0.000455 0.186583 0.008213 1.921978
0.759060 0.020633 0.016949 0.008685 0.000454 0.186002 0.008219 1.923985
0.759270 0.020725 0.017117 0.008741 0.000456 0.185466 0.008226 1.926055
0.759409 0.020898 0.017217 0.008802 0.000456 0.184983 0.008234 1.928080
0.759560 0.020993 0.017321 0.008841 0.000469 0.184579 0.008238 1.930139
0.759596 0.021118 0.017435 0.008905 0.000476 0.184227 0.008243 1.932226
0.759724 0.021245 0.017558 0.008953 0.000481 0.183794 0.008247 1.934264
0.759841 0.021325 0.017698 0.009014 0.000489 0.183382 0.008253 1.936399
0.759949 0.021369 0.017911 0.009150 0.000488 0.182877 0.008257 1.938581
0.760002 0.021550 0.017993 0.009179 0.000492 0.182522 0.008263 1.940648
0.760064 0.021635 0.018139 0.009224 0.000495 0.182175 0.008270 1.942778
0.760131 0.021703 0.018266 0.009273 0.000501 0.181848 0.008278 1.944945
0.760094 0.021843 0.018358 0.009369 0.000507 0.181547 0.008283 1.947118
0.760085 0.021954 0.018439 0.009458 0.000508 0.181267 0.008290 1.949227
0.760141 0.022012 0.018517 0.009503 0.000505 0.181027 0.008295 1.951408
0.760172 0.022084 0.018627 0.009537 0.000502 0.180777 0.008301 1.953573
0.760225 0.022095 0.018744 0.009605 0.000502 0.180524 0.008305 1.955796
0.760252 0.022211 0.018786 0.009631 0.000500 0.180306 0.008314 1.957913
0.760244 0.022204 0.018916 0.009676 0.000502 0.180139 0.008320 1.960136
0.760287 0.022277 0.018940 0.009705 0.000507 0.179957 0.008327 1.962298
0.760156 0.022380 0.019050 0.009752 0.000513 0.179816 0.008332 1.964477
0.760121 0.022493 0.019138 0.009784 0.000514 0.179612 0.008339 1.966637
0.760152 0.022474 0.019182 0.009847 0.000517 0.179481 0.008348 1.968861
0.760156 0.022527 0.019245 0.009884 0.000522 0.179313 0.008353 1.971051
0.760076 0.022584 0.019323 0.009920 0.000525 0.179211 0.008361 1.973275
0.760116 0.022590 0.019401 0.009961 0.000529 0.179036 0.008367 1.975478
0.760083 0.022641 0.019475 0.010009 0.000535 0.178887 0.008372 1.977691
0.760048 0.022683 0.019518 0.010041 0.000539 0.178792 0.008379 1.979899
0.760035 0.022700 0.019614 0.010132 0.000541 0.178592 0.008386 1.982155
0.760118 0.022770 0.019567 0.010136 0.000543 0.178474 0.008392 1.984296
0.760181 0.022730 0.019644 0.010237 0.000550 0.178259 0.008399 1.986559
0.760182 0.022730 0.019727 0.010301 0.000558 0.178100 0.008403 1.988822
0.760172 0.022766 0.019797 0.010334 0.000558 0.177962 0.008413 1.991031
0.760156 0.022741 0.019916 0.010341 0.000554 0.177873 0.008419 1.993303
0.760237 0.022651 0.020054 0.010311 0.000555 0.177766 0.008426 1.995583
0.760195 0.022717 0.020070 0.010342 0.000557 0.177685 0.008433 1.997805
0.760169 0.022746 0.020132 0.010319 0.000559 0.177632 0.008442 2.000035
0.760214 0.022690 0.020200 0.010323 0.000561 0.177563 0.008448 2.002283
0.760269 0.022611 0.020270 0.010330 0.000566 0.177502 0.008452 2.004551
0.760213 0.022655 0.020331 0.010304 0.000570 0.177470 0.008457 2.006749
0.760252 0.022622 0.020321 0.010321 0.000571 0.177447 0.008465 2.008981
0.760309 0.022627 0.020324 0.010297 0.000569 0.177402 0.008471 2.011146
0.760314 0.022659 0.020304 0.010294 0.000572 0.177381 0.008478 2.013312
0.760237 0.022728 0.020360 0.010326 0.000572 0.177291 0.008487 2.015532
0.760205 0.022728 0.020352 0.010366 0.000565 0.177290 0.008494 2.017734
0.760183 0.022730 0.020446 0.010378 0.000574 0.177189 0.008501 2.019990
0.760151 0.022740 0.020484 0.010400 0.000573 0.177145 0.008508 2.022244
0.760222 0.022738 0.020493 0.010413 0.000579 0.177038 0.008517 2.024483
0.760268 0.022699 0.020539 0.010438 0.000578 0.176953 0.008525 2.026736
0.760329 0.022676 0.020553 0.010445 0.000579 0.176887 0.008532 2.028954
0.760425 0.022556 0.020522 0.010476 0.000597 0.176888 0.008537 2.031210
0.760589 0.022477 0.020506 0.010472 0.000597 0.176812 0.008547 2.033398
0.760612 0.022444 0.020555 0.010474 0.000593 0.176770 0.008552 2.035607
0.760640 0.022460 0.020580 0.010458 0.000596 0.176706 0.008560 2.037805
0.760716 0.022432 0.020540 0.010448 0.000598 0.176699 0.008567 2.039993
0.760766 0.022409 0.020475 0.010443 0.000600 0.176735 0.008573 2.042182
0.760806 0.022456 0.020481 0.010364 0.000606 0.176709 0.008578 2.044304
0.760915 0.022331 0.020519 0.010347 0.000608 0.176697 0.008583 2.046545
0.761009 0.022206 0.020547 0.010378 0.000607 0.176664 0.008589 2.048763
0.761113 0.022179 0.020490 0.010376 0.000605 0.176638 0.008598 2.050934
0.761095 0.022225 0.020453 0.010361 0.000612 0.176648 0.008606 2.053118
0.761163 0.022175 0.020449 0.010338 0.000612 0.176648 0.008616 2.055300
0.761272 0.022096 0.020432 0.010331 0.000618 0.176629 0.008622 2.057479
0.761319 0.022104 0.020355 0.010294 0.000618 0.176683 0.008627 2.059618
0.761431 0.022072 0.020277 0.010263 0.000622 0.176702 0.008633 2.061780
0.761610 0.022001 0.020210 0.010323 0.000629 0.176588 0.008638 2.063919
0.761666 0.021985 0.020219 0.010287 0.000630 0.176570 0.008644 2.066069
0.761756 0.021885 0.020246 0.010290 0.000632 0.176541 0.008651 2.068279
0.761921 0.021700 0.020154 0.010328 0.000622 0.176615 0.008660 2.070439
0.762018 0.021715 0.020169 0.010265 0.000626 0.176543 0.008665 2.072567
0.762144 0.021689 0.020120 0.010267 0.000623 0.176485 0.008672 2.074698
0.762310 0.021619 0.020068 0.010195 0.000612 0.176512 0.008683 2.076798
0.762549 0.021572 0.020011 0.010146 0.000609 0.176425 0.008688 2.078871
0.762688 0.021555 0.019953 0.010122 0.000609 0.176379 0.008694 2.080950
0.762822 0.021484 0.019914 0.010130 0.000607 0.176340 0.008703 2.083057
0.762929 0.021466 0.019908 0.010085 0.000605 0.176294 0.008713 2.085155
0.763129 0.021344 0.019863 0.010092 0.000599 0.176252 0.008722 2.087278
0.763389 0.021253 0.019824 0.010060 0.000599 0.176143 0.008731 2.089346
0.763549 0.021147 0.019804 0.010133 0.000601 0.176028 0.008739 2.091505
0.763701 0.021106 0.019716 0.010080 0.000607 0.176047 0.008745 2.093563
0.763843 0.021052 0.019681 0.010035 0.000616 0.176022 0.008751 2.095628
0.764073 0.021064 0.019652 0.009991 0.000612 0.175849 0.008761 2.097665
0.764270 0.020968 0.019621 0.009981 0.000605 0.175784 0.008770 2.099763
0.764453 0.020861 0.019597 0.009982 0.000604 0.175726 0.008777 2.101854
0.764660 0.020840 0.019513 0.009969 0.000609 0.175626 0.008784 2.103878
0.764868 0.020840 0.019480 0.009946 0.000607 0.175466 0.008792 2.105920
0.765072 0.020841 0.019478 0.009936 0.000606 0.175271 0.008796 2.107956
0.765308 0.020748 0.019461 0.009943 0.000601 0.175137 0.008802 2.110038
0.765564 0.020714 0.019452 0.009853 0.000597 0.175012 0.008808 2.112041
0.765693 0.020664 0.019429 0.009860 0.000601 0.174938 0.008814 2.114128
0.765972 0.020543 0.019362 0.009812 0.000600 0.174892 0.008819 2.116108
0.766168 0.020456 0.019289 0.009827 0.000599 0.174833 0.008829 2.118144
0.766386 0.020422 0.019257 0.009799 0.000598 0.174701 0.008836 2.120150
0.766603 0.020428 0.019195 0.009752 0.000588 0.174591 0.008844 2.122139
0.766851 0.020346 0.019192 0.009782 0.000582 0.174396 0.008853 2.124171
0.767059 0.020293 0.019125 0.009748 0.000577 0.174339 0.008860 2.126191
0.767286 0.020231 0.019050 0.009712 0.000574 0.174282 0.008866 2.128203
0.767519 0.020170 0.019003 0.009684 0.000584 0.174167 0.008873 2.130205
0.767805 0.020099 0.018972 0.009634 0.000580 0.174032 0.008878 2.132176
0.768053 0.020036 0.018887 0.009595 0.000577 0.173966 0.008885 2.134113
0.768379 0.019917 0.018823 0.009545 0.000575 0.173869 0.008891 2.136077
0.768648 0.019916 0.018761 0.009507 0.000574 0.173695 0.008900 2.137998
0.768911 0.019880 0.018693 0.009483 0.000572 0.173555 0.008908 2.139951
0.769144 0.019906 0.018666 0.009422 0.000573 0.173379 0.008912 2.141874
0.769368 0.019840 0.018741 0.009397 0.000568 0.173171 0.008917 2.143878
0.769609 0.019793 0.018683 0.009410 0.000569 0.173014 0.008924 2.145838
0.769779 0.019813 0.018577 0.009378 0.000566 0.172958 0.008930 2.147733
0.770062 0.019842 0.018544 0.009336 0.000572 0.172708 0.008937 2.149621
0.770325 0.019808 0.018479 0.009379 0.000586 0.172483 0.008942 2.151564
0.770639 0.019779 0.018456 0.009344 0.000586 0.172247 0.008949 2.153458
0.770864 0.019773 0.018471 0.009308 0.000584 0.172044 0.008956 2.155417
0.771080 0.019731 0.018538 0.009281 0.000584 0.171825 0.008961 2.157390
0.771335 0.019643 0.018536 0.009273 0.000579 0.171668 0.008966 2.159364
0.771572 0.019617 0.018513 0.009247 0.000586 0.171491 0.008974 2.161316
0.771793 0.019586 0.018472 0.009245 0.000579 0.171343 0.008982 2.163246
0.772019 0.019582 0.018445 0.009221 0.000575 0.171165 0.008992 2.165169
0.772273 0.019577 0.018378 0.009179 0.000580 0.171013 0.008999 2.167073
0.772454 0.019562 0.018429 0.009158 0.000572 0.170817 0.009008 2.169049
0.772687 0.019529 0.018394 0.009141 0.000570 0.170662 0.009019 2.170977
0.772925 0.019568 0.018308 0.009116 0.000570 0.170487 0.009027 2.172848
0.773199 0.019538 0.018255 0.009139 0.000564 0.170270 0.009034 2.174749
0.773346 0.019545 0.018229 0.009117 0.000563 0.170162 0.009039 2.176689
0.773611 0.019478 0.018207 0.009108 0.000566 0.169985 0.009045 2.178632
0.773804 0.019452 0.018127 0.009079 0.000575 0.169911 0.009052 2.180554
0.773974 0.019473 0.018149 0.009048 0.000584 0.169713 0.009058 2.182488
0.774183 0.019505 0.018103 0.009022 0.000580 0.169545 0.009063 2.184347
0.774488 0.019459 0.018095 0.008994 0.000575 0.169320 0.009070 2.186261
0.774718 0.019432 0.018038 0.008972 0.000583 0.169181 0.009078 2.188165
0.774994 0.019338 0.018022 0.009015 0.000584 0.168964 0.009083 2.190142
0.775207 0.019380 0.017949 0.009011 0.000590 0.168773 0.009091 2.192015
0.775376 0.019370 0.017941 0.009058 0.000585 0.168572 0.009098 2.193965
0.775593 0.019355 0.017892 0.009028 0.000586 0.168443 0.009104 2.195843
0.775890 0.019320 0.017862 0.009024 0.000584 0.168213 0.009107 2.197705
0.776041 0.019375 0.017813 0.009068 0.000577 0.168013 0.009114 2.199589
0.776204 0.019432 0.017843 0.009059 0.000573 0.167771 0.009117 2.201487
0.776309 0.019401 0.017865 0.009093 0.000577 0.167632 0.009123 2.203447
0.776486 0.019372 0.017842 0.009097 0.000575 0.167496 0.009134 2.205358
0.776647 0.019387 0.017804 0.009113 0.000579 0.167333 0.009138 2.207271
0.776853 0.019424 0.017754 0.009069 0.000578 0.167179 0.009144 2.209143
0.777084 0.019347 0.017777 0.009048 0.000578 0.167014 0.009153 2.211061
0.777245 0.019327 0.017772 0.009073 0.000581 0.166843 0.009160 2.212995
0.777483 0.019305 0.017753 0.009093 0.000579 0.166624 0.009163 2.214923
0.777652 0.019251 0.017800 0.009091 0.000572 0.166463 0.009171 2.216877
0.777814 0.019294 0.017815 0.009090 0.000574 0.166235 0.009177 2.218765
0.777945 0.019331 0.017799 0.009069 0.000566 0.166106 0.009183 2.220625
0.778096 0.019368 0.017796 0.009018 0.000563 0.165971 0.009188 2.222500
0.778281 0.019339 0.017811 0.009025 0.000560 0.165792 0.009194 2.224446
0.778460 0.019322 0.017802 0.008987 0.000560 0.165669 0.009200 2.226353
0.778642 0.019314 0.017774 0.008968 0.000556 0.165538 0.009209 2.228251
0.778831 0.019221 0.017751 0.009006 0.000553 0.165422 0.009216 2.230187
0.779006 0.019245 0.017737 0.008983 0.000557 0.165248 0.009223 2.232050
0.779227 0.019222 0.017761 0.008948 0.000557 0.165057 0.009228 2.233905
0.779393 0.019246 0.017737 0.008943 0.000558 0.164890 0.009234 2.235787
0.779562 0.019261 0.017759 0.008918 0.000547 0.164711 0.009242 2.237656
0.779740 0.019304 0.017759 0.008895 0.000544 0.164506 0.009253 2.239545
0.779839 0.019352 0.017679 0.008892 0.000536 0.164438 0.009264 2.241433
0.780050 0.019402 0.017671 0.008840 0.000530 0.164236 0.009271 2.243284
0.780115 0.019446 0.017667 0.008904 0.000524 0.164065 0.009280 2.245179
0.780150 0.019509 0.017661 0.008873 0.000528 0.163993 0.009286 2.247106
0.780285 0.019552 0.017679 0.008873 0.000531 0.163790 0.009291 2.248986
0.780421 0.019629 0.017654 0.008852 0.000533 0.163614 0.009298 2.250850
0.780614 0.019631 0.017663 0.008866 0.000540 0.163384 0.009301 2.252745
0.780749 0.019627 0.017628 0.008890 0.000540 0.163260 0.009306 2.254685
0.780880 0.019654 0.017636 0.008911 0.000539 0.163070 0.009311 2.256568
0.781001 0.019616 0.017657 0.008911 0.000545 0.162954 0.009317 2.258517
0.781101 0.019614 0.017657 0.008885 0.000545 0.162875 0.009324 2.260442
0.781138 0.019603 0.017713 0.008924 0.000545 0.162748 0.009330 2.262421
0.781237 0.019605 0.017741 0.008981 0.000539 0.162564 0.009334 2.264353
0.781304 0.019618 0.017808 0.008972 0.000534 0.162426 0.009339 2.266280
0.781339 0.019699 0.017774 0.008964 0.000529 0.162350 0.009345 2.268209
0.781419 0.019748 0.017742 0.008996 0.000532 0.162213 0.009352 2.270105
0.781467 0.019753 0.017812 0.009038 0.000534 0.162039 0.009357 2.272079
0.781586 0.019710 0.017846 0.009055 0.000534 0.161910 0.009361 2.274056
0.781549 0.019734 0.017877 0.009102 0.000525 0.161844 0.009370 2.276031
0.781581 0.019819 0.017853 0.009077 0.000530 0.161765 0.009375 2.277903
0.781707 0.019836 0.017802 0.009105 0.000530 0.161635 0.009385 2.279798
0.781741 0.019873 0.017799 0.009092 0.000533 0.161568 0.009394 2.281738
0.781784 0.019842 0.017836 0.009121 0.000535 0.161483 0.009400 2.283721
0.781900 0.019799 0.017817 0.009160 0.000539 0.161380 0.009406 2.285685
0.782001 0.019732 0.017839 0.009193 0.000537 0.161285 0.009413 2.287672
0.782072 0.019787 0.017847 0.009192 0.000537 0.161142 0.009423 2.289611
0.782123 0.019833 0.017805 0.009162 0.000533 0.161114 0.009431 2.291496
0.782191 0.019851 0.017832 0.009173 0.000540 0.160977 0.009437 2.293439
0.782213 0.019880 0.017882 0.009150 0.000539 0.160893 0.009443 2.295378
0.782312 0.019852 0.017893 0.009148 0.000545 0.160804 0.009447 2.297305
0.782354 0.019926 0.017890 0.009195 0.000539 0.160641 0.009455 2.299248
0.782391 0.019970 0.017917 0.009153 0.000539 0.160567 0.009462 2.301175
0.782371 0.019959 0.017918 0.009136 0.000540 0.160612 0.009465 2.303156
0.782443 0.019987 0.017895 0.009114 0.000548 0.160545 0.009469 2.305060
0.782463 0.020048 0.017905 0.009088 0.000538 0.160483 0.009476 2.307000
0.782454 0.020093 0.017865 0.009130 0.000540 0.160437 0.009481 2.308957
0.782530 0.020042 0.017883 0.009135 0.000547 0.160377 0.009487 2.310922
0.782557 0.020091 0.017945 0.009084 0.000548 0.160283 0.009493 2.312849
0.782604 0.020098 0.017965 0.009095 0.000548 0.160194 0.009497 2.314797
0.782651 0.020112 0.017946 0.009131 0.000547 0.160109 0.009504 2.316761
0.782639 0.020110 0.017990 0.009153 0.000539 0.160059 0.009511 2.318769
0.782661 0.020085 0.018030 0.009121 0.000550 0.160034 0.009518 2.320744
0.782631 0.020132 0.018075 0.009128 0.000552 0.159961 0.009522 2.322690
0.782589 0.020183 0.018049 0.009142 0.000546 0.159960 0.009531 2.324623
0.782613 0.020120 0.018146 0.009133 0.000549 0.159900 0.009539 2.326641
0.782608 0.020073 0.018241 0.009133 0.000552 0.159849 0.009544 2.328682
0.782650 0.020096 0.018213 0.009123 0.000544 0.159823 0.009551 2.330645
0.782633 0.020063 0.018273 0.009126 0.000553 0.159796 0.009557 2.332655
0.782645 0.020098 0.018271 0.009104 0.000557 0.159763 0.009563 2.334617
0.782664 0.020079 0.018297 0.009117 0.000559 0.159715 0.009568 2.336625
0.782617 0.020080 0.018304 0.009131 0.000560 0.159733 0.009576 2.338634
0.782640 0.020030 0.018281 0.009154 0.000557 0.159753 0.009584 2.340685
0.782715 0.019982 0.018254 0.009194 0.000562 0.159703 0.009590 2.342646
0.782716 0.019980 0.018285 0.009229 0.000565 0.159631 0.009595 2.344647
0.782772 0.019924 0.018341 0.009244 0.000560 0.159558 0.009601 2.346659
0.782851 0.019896 0.018395 0.009239 0.000566 0.159446 0.009607 2.348628
0.782894 0.019963 0.018310 0.009228 0.000570 0.159420 0.009613 2.350527
0.782918 0.019988 0.018250 0.009201 0.000569 0.159455 0.009620 2.352462
0.783066 0.019983 0.018232 0.009187 0.000555 0.159346 0.009631 2.354409
0.783046 0.019937 0.018284 0.009225 0.000560 0.159311 0.009636 2.356431
0.783005 0.019973 0.018323 0.009233 0.000563 0.159257 0.009645 2.358400
0.783007 0.020016 0.018270 0.009222 0.000564 0.159270 0.009650 2.360318
0.783035 0.020035 0.018274 0.009268 0.000558 0.159172 0.009657 2.362293
0.782979 0.020146 0.018249 0.009254 0.000558 0.159152 0.009664 2.364219
0.783021 0.020132 0.018275 0.009265 0.000563 0.159074 0.009670 2.366191
0.783006 0.020144 0.018232 0.009274 0.000560 0.159104 0.009680 2.368126
0.783038 0.020091 0.018259 0.009276 0.000567 0.159085 0.009685 2.370144
0.783026 0.020088 0.018261 0.009251 0.000559 0.159124 0.009692 2.372109
0.783061 0.020129 0.018300 0.009239 0.000558 0.159014 0.009699 2.374061
0.783078 0.020115 0.018310 0.009252 0.000565 0.158976 0.009703 2.376057
0.783020 0.020122 0.018292 0.009262 0.000570 0.159027 0.009708 2.378056
0.783058 0.020117 0.018306 0.009234 0.000572 0.158994 0.009719 2.380036
0.783032 0.020171 0.018294 0.009222 0.000567 0.158987 0.009727 2.381957
0.783059 0.020166 0.018295 0.009206 0.000571 0.158970 0.009731 2.383925
0.783075 0.020169 0.018309 0.009228 0.000567 0.158914 0.009740 2.385910
0.783010 0.020202 0.018325 0.009225 0.000566 0.158927 0.009747 2.387898
0.783049 0.020157 0.018343 0.009227 0.000562 0.158909 0.009753 2.389905
0.783133 0.020177 0.018289 0.009199 0.000561 0.158880 0.009762 2.391830
0.783077 0.020217 0.018320 0.009168 0.000563 0.158886 0.009770 2.393826
0.783107 0.020162 0.018367 0.009164 0.000561 0.158864 0.009775 2.395838
0.783137 0.020115 0.018397 0.009182 0.000554 0.158831 0.009786 2.397847
0.783162 0.020156 0.018387 0.009174 0.000560 0.158774 0.009789 2.399814
0.783199 0.020125 0.018335 0.009228 0.000559 0.158759 0.009798 2.401811
0.783116 0.020141 0.018289 0.009249 0.000550 0.158849 0.009806 2.403782
0.783146 0.020102 0.018347 0.009240 0.000550 0.158804 0.009812 2.405775
0.783065 0.020105 0.018374 0.009240 0.000556 0.158842 0.009819 2.407797
0.783073 0.020174 0.018366 0.009241 0.000559 0.158760 0.009826 2.409744
0.783093 0.020146 0.018358 0.009248 0.000552 0.158772 0.009830 2.411737
0.783200 0.020130 0.018305 0.009263 0.000558 0.158706 0.009839 2.413652
0.783184 0.020113 0.018321 0.009271 0.000550 0.158717 0.009845 2.415630
0.783266 0.020113 0.018311 0.009252 0.000553 0.158655 0.009851 2.417581
0.783357 0.020045 0.018326 0.009235 0.000557 0.158623 0.009857 2.419570
0.783360 0.020091 0.018290 0.009209 0.000564 0.158621 0.009864 2.421520
0.783414 0.020016 0.018331 0.009207 0.000567 0.158595 0.009870 2.423533
0.783430 0.020026 0.018317 0.009244 0.000567 0.158538 0.009878 2.425522
0.783426 0.020009 0.018352 0.009270 0.000564 0.158490 0.009890 2.427519
0.783468 0.020029 0.018345 0.009250 0.000561 0.158451 0.009897 2.429454
0.783469 0.020066 0.018330 0.009251 0.000568 0.158414 0.009902 2.431415
0.783516 0.020040 0.018273 0.009241 0.000570 0.158452 0.009910 2.433376
0.783511 0.020036 0.018306 0.009267 0.000567 0.158396 0.009919 2.435381
0.783443 0.020126 0.018311 0.009273 0.000560 0.158362 0.009926 2.437340
0.783460 0.020203 0.018278 0.009260 0.000553 0.158312 0.009934 2.439245
0.783420 0.020235 0.018299 0.009262 0.000552 0.158291 0.009942 2.441194
0.783491 0.020255 0.018280 0.009250 0.000559 0.158219 0.009948 2.443149
0.783496 0.020273 0.018215 0.009259 0.000559 0.158240 0.009958 2.445082
0.783496 0.020238 0.018247 0.009246 0.000558 0.158251 0.009964 2.447101
0.783529 0.020260 0.018213 0.009303 0.000546 0.158175 0.009974 2.449084
0.783601 0.020234 0.018219 0.009316 0.000553 0.158096 0.009981 2.451075
0.783687 0.020185 0.018217 0.009342 0.000545 0.158035 0.009988 2.453043
0.783651 0.020228 0.018167 0.009365 0.000551 0.158042 0.009996 2.454989
0.783661 0.020203 0.018218 0.009352 0.000544 0.158017 0.010004 2.457002
0.783601 0.020249 0.018258 0.009414 0.000545 0.157920 0.010013 2.458983
0.783582 0.020307 0.018265 0.009360 0.000550 0.157916 0.010019 2.460924
0.783577 0.020227 0.018276 0.009351 0.000552 0.157992 0.010025 2.462930
0.783613 0.020199 0.018354 0.009333 0.000559 0.157913 0.010030 2.464961
0.783643 0.020147 0.018412 0.009339 0.000558 0.157864 0.010038 2.467002
0.783669 0.020174 0.018382 0.009302 0.000564 0.157865 0.010043 2.468943
0.783599 0.020185 0.018395 0.009277 0.000558 0.157938 0.010048 2.470916
0.783659 0.020151 0.018377 0.009299 0.000556 0.157903 0.010056 2.472890
0.783665 0.020127 0.018382 0.009291 0.000559 0.157915 0.010061 2.474878
0.783617 0.020184 0.018348 0.009280 0.000551 0.157953 0.010069 2.476821
0.783624 0.020183 0.018350 0.009248 0.000546 0.157974 0.010076 2.478781
0.783733 0.020093 0.018389 0.009236 0.000547 0.157916 0.010085 2.480797
0.783738 0.020107 0.018329 0.009242 0.000552 0.157943 0.010090 2.482763
0.783764 0.020143 0.018295 0.009270 0.000553 0.157879 0.010097 2.484688
0.783768 0.020152 0.018254 0.009276 0.000557 0.157889 0.010104 2.486661
0.783839 0.020032 0.018249 0.009321 0.000554 0.157893 0.010113 2.488705
0.783857 0.020011 0.018266 0.009291 0.000562 0.157896 0.010117 2.490680
0.783886 0.019988 0.018248 0.009263 0.000563 0.157930 0.010122 2.492657
0.783878 0.019955 0.018276 0.009276 0.000559 0.157926 0.010131 2.494638
0.783953 0.020021 0.018308 0.009192 0.000552 0.157833 0.010141 2.496554
0.783949 0.020070 0.018261 0.009180 0.000553 0.157840 0.010148 2.498499
0.783894 0.020141 0.018284 0.009173 0.000552 0.157802 0.010155 2.500455
0.783858 0.020202 0.018269 0.009169 0.000548 0.157790 0.010164 2.502384
0.783833 0.020199 0.018341 0.009177 0.000545 0.157732 0.010174 2.504398
0.783788 0.020171 0.018305 0.009181 0.000540 0.157839 0.010178 2.506376
0.783772 0.020150 0.018328 0.009175 0.000540 0.157845 0.010189 2.508355
0.783838 0.020064 0.018364 0.009170 0.000537 0.157833 0.010194 2.510338
0.783825 0.020055 0.018386 0.009178 0.000542 0.157815 0.010200 2.512299
0.783853 0.020056 0.018360 0.009209 0.000550 0.157768 0.010205 2.514261
0.783816 0.020071 0.018337 0.009223 0.000552 0.157791 0.010210 2.516228
0.783851 0.020040 0.018315 0.009269 0.000552 0.157761 0.010213 2.518212
0.783824 0.020090 0.018266 0.009260 0.000549 0.157792 0.010220 2.520139
0.783800 0.020114 0.018252 0.009217 0.000548 0.157840 0.010229 2.522098
0.783776 0.020094 0.018266 0.009225 0.000547 0.157859 0.010235 2.524112
0.783705 0.020084 0.018350 0.009248 0.000551 0.157822 0.010241 2.526144
0.783664 0.020123 0.018316 0.009237 0.000557 0.157857 0.010248 2.528076
0.783606 0.020123 0.018330 0.009240 0.000556 0.157890 0.010256 2.530052
0.783679 0.020144 0.018267 0.009247 0.000560 0.157840 0.010263 2.531964
0.783666 0.020106 0.018296 0.009225 0.000564 0.157874 0.010270 2.533970
0.783685 0.020135 0.018279 0.009206 0.000562 0.157857 0.010277 2.535902
0.783699 0.020116 0.018303 0.009223 0.000557 0.157814 0.010289 2.537879
0.783715 0.020051 0.018330 0.009249 0.000559 0.157800 0.010297 2.539887
0.783696 0.020027 0.018342 0.009252 0.000561 0.157821 0.010301 2.541871
0.783705 0.019971 0.018378 0.009290 0.000562 0.157790 0.010305 2.543861
0.783755 0.019925 0.018426 0.009258 0.000563 0.157761 0.010311 2.545853
0.783874 0.019906 0.018331 0.009276 0.000572 0.157724 0.010316 2.547776
0.783849 0.019902 0.018357 0.009295 0.000572 0.157703 0.010322 2.549728
0.783838 0.019929 0.018356 0.009266 0.000573 0.157710 0.010327 2.551666
0.783838 0.019949 0.018358 0.009285 0.000575 0.157660 0.010334 2.553618
0.783882 0.019956 0.018320 0.009264 0.000579 0.157655 0.010343 2.555569
0.783922 0.019896 0.018385 0.009274 0.000577 0.157594 0.010351 2.557562
0.783998 0.019858 0.018373 0.009261 0.000576 0.157575 0.010358 2.559516
0.784071 0.019804 0.018363 0.009217 0.000572 0.157609 0.010365 2.561473
0.784075 0.019805 0.018387 0.009204 0.000570 0.157588 0.010371 2.563443
0.784024 0.019865 0.018340 0.009165 0.000568 0.157659 0.010379 2.565401
0.784019 0.019886 0.018320 0.009212 0.000564 0.157615 0.010386 2.567366
0.784068 0.019840 0.018305 0.009240 0.000567 0.157589 0.010391 2.569321
0.784115 0.019871 0.018272 0.009183 0.000569 0.157595 0.010397 2.571250
0.784171 0.019909 0.018270 0.009187 0.000563 0.157496 0.010404 2.573175
0.784182 0.019926 0.018236 0.009167 0.000562 0.157517 0.010411 2.575099
0.784146 0.019911 0.018203 0.009173 0.000565 0.157581 0.010421 2.577063
0.784169 0.019911 0.018187 0.009170 0.000561 0.157571 0.010431 2.579025
0.784196 0.019954 0.018174 0.009155 0.000554 0.157532 0.010436 2.580937
0.784270 0.019957 0.018143 0.009159 0.000558 0.157469 0.010443 2.582854
0.784349 0.019961 0.018172 0.009096 0.000556 0.157419 0.010447 2.584796
0.784309 0.020002 0.018133 0.009048 0.000563 0.157493 0.010452 2.586706
0.784251 0.020013 0.018143 0.009098 0.000567 0.157470 0.010457 2.588714
0.784276 0.019988 0.018150 0.009126 0.000569 0.157426 0.010464 2.590706
0.784255 0.020051 0.018075 0.009126 0.000558 0.157464 0.010471 2.592623
0.784277 0.020057 0.018084 0.009121 0.000558 0.157424 0.010479 2.594546
0.784340 0.019995 0.018105 0.009128 0.000555 0.157390 0.010487 2.596542
0.784357 0.020003 0.018106 0.009140 0.000556 0.157346 0.010493 2.598490
0.784361 0.019999 0.018117 0.009156 0.000562 0.157307 0.010497 2.600456
0.784390 0.020029 0.018076 0.009136 0.000554 0.157310 0.010504 2.602369
0.784455 0.019989 0.018077 0.009118 0.000557 0.157293 0.010512 2.604304
0.784551 0.019892 0.018108 0.009129 0.000554 0.157247 0.010521 2.606311
0.784603 0.019884 0.018087 0.009119 0.000562 0.157220 0.010526 2.608285
0.784582 0.019892 0.018104 0.009102 0.000564 0.157227 0.010529 2.610249
0.784574 0.019918 0.018122 0.009082 0.000569 0.157202 0.010534 2.612195
0.784572 0.019959 0.018153 0.009072 0.000571 0.157132 0.010541 2.614127
0.784561 0.020009 0.018175 0.009097 0.000573 0.157036 0.010550 2.616069
0.784577 0.019984 0.018223 0.009129 0.000564 0.156966 0.010557 2.618054
0.784538 0.019989 0.018173 0.009163 0.000557 0.157016 0.010565 2.619998
0.784611 0.020004 0.018085 0.009165 0.000552 0.157008 0.010575 2.621911
0.784599 0.020066 0.018066 0.009198 0.000557 0.156936 0.010579 2.623834
0.784659 0.020011 0.018036 0.009258 0.000559 0.156891 0.010586 2.625785
0.784693 0.020040 0.018039 0.009253 0.000560 0.156822 0.010593 2.627719
0.784729 0.020023 0.018083 0.009236 0.000555 0.156776 0.010598 2.629714
0.784721 0.020075 0.018102 0.009220 0.000564 0.156718 0.010601 2.631658
0.784638 0.020116 0.018113 0.009202 0.000561 0.156762 0.010610 2.633623
0.784617 0.020026 0.018172 0.009211 0.000564 0.156797 0.010614 2.635665
0.784609 0.019968 0.018179 0.009188 0.000562 0.156876 0.010619 2.637666
0.784638 0.019923 0.018200 0.009208 0.000560 0.156845 0.010626 2.639674
0.784625 0.019871 0.018248 0.009206 0.000555 0.156860 0.010635 2.641676
0.784631 0.019904 0.018238 0.009228 0.000552 0.156800 0.010646 2.643604
0.784661 0.019936 0.018227 0.009229 0.000552 0.156740 0.010654 2.645523
0.784657 0.019964 0.018197 0.009210 0.000548 0.156766 0.010658 2.647451
0.784557 0.020014 0.018177 0.009226 0.000552 0.156809 0.010665 2.649399
0.784604 0.019954 0.018176 0.009199 0.000551 0.156844 0.010671 2.651375
0.784548 0.019965 0.018149 0.009204 0.000550 0.156909 0.010675 2.653341
0.784604 0.019981 0.018166 0.009189 0.000548 0.156828 0.010684 2.655286
0.784604 0.019991 0.018146 0.009203 0.000538 0.156824 0.010693 2.657230
0.784712 0.019944 0.018183 0.009224 0.000535 0.156705 0.010699 2.659160
0.784657 0.019968 0.018231 0.009191 0.000525 0.156720 0.010708 2.661154
0.784676 0.020035 0.018207 0.009177 0.000526 0.156662 0.010718 2.663079
0.784707 0.020013 0.018241 0.009137 0.000522 0.156656 0.010724 2.665029
0.784738 0.019984 0.018251 0.009125 0.000522 0.156649 0.010730 2.667013
0.784797 0.020028 0.018179 0.009146 0.000525 0.156591 0.010735 2.668886
0.784860 0.020022 0.018197 0.009160 0.000531 0.156492 0.010740 2.670848
0.784898 0.020007 0.018192 0.009138 0.000527 0.156496 0.010744 2.672800
0.784903 0.019928 0.018258 0.009141 0.000527 0.156494 0.010751 2.674834
0.784997 0.019874 0.018212 0.009130 0.000532 0.156498 0.010757 2.676786
0.784934 0.019903 0.018228 0.009126 0.000535 0.156512 0.010763 2.678741
0.784897 0.019984 0.018151 0.009164 0.000531 0.156505 0.010768 2.680656
0.784956 0.019864 0.018210 0.009186 0.000538 0.156473 0.010774 2.682675
0.784892 0.019895 0.018219 0.009195 0.000546 0.156472 0.010780 2.684602
0.784811 0.019945 0.018212 0.009175 0.000552 0.156522 0.010782 2.686541
0.784841 0.019953 0.018245 0.009178 0.000550 0.156445 0.010788 2.688520
0.784809 0.019971 0.018228 0.009123 0.000550 0.156523 0.010795 2.690470
0.784785 0.019958 0.018215 0.009127 0.000554 0.156561 0.010801 2.692403
0.784825 0.019967 0.018209 0.009135 0.000551 0.156507 0.010805 2.694350
0.784915 0.019953 0.018205 0.009133 0.000546 0.156435 0.010813 2.696303
0.784919 0.019919 0.018202 0.009108 0.000549 0.156486 0.010818 2.698270
0.784949 0.019911 0.018211 0.009070 0.000550 0.156487 0.010823 2.700206
0.784923 0.019881 0.018244 0.009102 0.000552 0.156467 0.010832 2.702243
0.784949 0.019952 0.018215 0.009047 0.000552 0.156447 0.010839 2.704153
0.785005 0.019907 0.018193 0.009085 0.000549 0.156418 0.010844 2.706134
0.785007 0.019930 0.018155 0.009097 0.000544 0.156417 0.010851 2.708086
0.785011 0.019924 0.018129 0.009135 0.000542 0.156403 0.010857 2.710042
0.784963 0.019940 0.018169 0.009160 0.000536 0.156367 0.010865 2.712017
0.784956 0.019914 0.018202 0.009197 0.000535 0.156323 0.010874 2.713992
