0.328194 0.063832 0.057370 0.033148 0.002161 0.509108 0.006187 1.663535
0.330981 0.061364 0.057219 0.032939 0.002160 0.509118 0.006220 1.669598
0.334763 0.058289 0.056995 0.032526 0.002171 0.509014 0.006243 1.675390
0.338935 0.054930 0.056670 0.032073 0.002153 0.508956 0.006282 1.680973
0.343436 0.051669 0.056198 0.031505 0.002152 0.508729 0.006310 1.686115
0.348190 0.048272 0.055568 0.030839 0.002164 0.508626 0.006340 1.691105
0.353233 0.045063 0.054787 0.030095 0.002139 0.508315 0.006369 1.695683
0.358189 0.042060 0.053783 0.029358 0.002114 0.508094 0.006403 1.699920
0.363431 0.039155 0.052657 0.028495 0.002101 0.507728 0.006434 1.703893
0.368840 0.036371 0.051526 0.027745 0.002092 0.506967 0.006459 1.707671
0.374221 0.033882 0.050273 0.026842 0.002079 0.506216 0.006489 1.711086
0.379740 0.031533 0.048988 0.025945 0.002057 0.505219 0.006519 1.714267
0.385260 0.029322 0.047690 0.025059 0.002044 0.504082 0.006543 1.717274
0.390734 0.027310 0.046243 0.024151 0.002025 0.502966 0.006571 1.720040
0.396219 0.025445 0.044836 0.023162 0.002010 0.501733 0.006594 1.722599
0.401956 0.023702 0.043427 0.022258 0.001997 0.500041 0.006620 1.724978
0.407556 0.022052 0.041901 0.021379 0.001967 0.498497 0.006649 1.727268
0.413282 0.020496 0.040456 0.020557 0.001940 0.496591 0.006679 1.729429
0.418904 0.019178 0.038934 0.019651 0.001914 0.494718 0.006702 1.731324
0.424465 0.017907 0.037466 0.018817 0.001899 0.492724 0.006724 1.733135
0.430181 0.016783 0.036043 0.018007 0.001887 0.490356 0.006744 1.734809
0.435744 0.015654 0.034675 0.017269 0.001866 0.488029 0.006762 1.736417
0.441347 0.014639 0.033274 0.016503 0.001843 0.485614 0.006781 1.737921
0.446927 0.013695 0.031957 0.015806 0.001813 0.482993 0.006809 1.739317
0.452561 0.012881 0.030592 0.015066 0.001774 0.480287 0.006840 1.740591
0.458111 0.012109 0.029305 0.014408 0.001744 0.477462 0.006862 1.741807
0.463561 0.011404 0.028062 0.013752 0.001715 0.474614 0.006892 1.742939
0.469053 0.010752 0.026854 0.013124 0.001693 0.471617 0.006909 1.744020
0.474426 0.010117 0.025689 0.012497 0.001660 0.468681 0.006932 1.745059
0.479842 0.009494 0.024613 0.011917 0.001632 0.465552 0.006951 1.746053
0.485272 0.008916 0.023574 0.011342 0.001605 0.462319 0.006972 1.746978
0.490679 0.008438 0.022574 0.010815 0.001578 0.458925 0.006991 1.747820
0.495934 0.007989 0.021543 0.010311 0.001542 0.455670 0.007012 1.748622
0.501337 0.007563 0.020576 0.009861 0.001492 0.452139 0.007033 1.749386
0.506699 0.007184 0.019654 0.009393 0.001452 0.448563 0.007055 1.750107
0.511923 0.006806 0.018724 0.008936 0.001421 0.445114 0.007077 1.750806
0.517120 0.006457 0.017903 0.008538 0.001385 0.441502 0.007096 1.751463
0.522292 0.006133 0.017105 0.008105 0.001359 0.437897 0.007110 1.752094
0.527351 0.005834 0.016359 0.007730 0.001330 0.434272 0.007124 1.752685
0.532429 0.005555 0.015639 0.007365 0.001306 0.430569 0.007138 1.753256
0.537566 0.005311 0.014903 0.007016 0.001277 0.426774 0.007153 1.753786
0.542578 0.005085 0.014232 0.006621 0.001240 0.423072 0.007171 1.754291
0.547589 0.004858 0.013582 0.006293 0.001207 0.419284 0.007188 1.754801
0.552534 0.004657 0.012974 0.005993 0.001173 0.415459 0.007211 1.755283
0.557506 0.004469 0.012409 0.005714 0.001142 0.411535 0.007224 1.755719
0.562318 0.004281 0.011886 0.005456 0.001101 0.407717 0.007243 1.756163
0.567176 0.004101 0.011339 0.005202 0.001068 0.403855 0.007259 1.756578
0.571973 0.003969 0.010822 0.004971 0.001045 0.399953 0.007268 1.756966
0.576717 0.003814 0.010313 0.004724 0.001021 0.396128 0.007283 1.757344
0.581524 0.003669 0.009893 0.004492 0.000988 0.392136 0.007298 1.757723
0.586169 0.003518 0.009472 0.004309 0.000965 0.388257 0.007312 1.758097
0.590706 0.003417 0.009003 0.004118 0.000940 0.384491 0.007325 1.758434
0.595264 0.003318 0.008577 0.003937 0.000908 0.380658 0.007339 1.758741
0.599710 0.003223 0.008215 0.003774 0.000879 0.376848 0.007350 1.759065
0.604228 0.003101 0.007848 0.003615 0.000856 0.372989 0.007363 1.759389
0.608611 0.003009 0.007483 0.003437 0.000842 0.369242 0.007375 1.759667
0.613043 0.002905 0.007160 0.003294 0.000814 0.365395 0.007389 1.759958
0.617374 0.002819 0.006837 0.003156 0.000791 0.361625 0.007397 1.760244
0.621702 0.002729 0.006510 0.003017 0.000763 0.357868 0.007411 1.760504
0.626114 0.002617 0.006283 0.002861 0.000746 0.353957 0.007421 1.760774
0.630420 0.002543 0.006035 0.002744 0.000723 0.350103 0.007431 1.761028
0.634566 0.002464 0.005788 0.002639 0.000702 0.346400 0.007442 1.761289
0.638619 0.002406 0.005558 0.002518 0.000682 0.342768 0.007450 1.761525
0.642710 0.002343 0.005347 0.002399 0.000660 0.339084 0.007458 1.761755
0.646822 0.002274 0.005135 0.002294 0.000642 0.335365 0.007468 1.761978
0.650901 0.002228 0.004940 0.002194 0.000623 0.331638 0.007477 1.762189
0.654946 0.002149 0.004722 0.002115 0.000597 0.327986 0.007486 1.762418
0.658806 0.002095 0.004522 0.002041 0.000584 0.324458 0.007495 1.762619
0.662693 0.002042 0.004324 0.001957 0.000564 0.320918 0.007503 1.762818
0.666519 0.001986 0.004178 0.001882 0.000556 0.317371 0.007509 1.763013
0.670319 0.001920 0.004026 0.001817 0.000539 0.313865 0.007515 1.763209
0.674103 0.001868 0.003861 0.001737 0.000527 0.310384 0.007521 1.763396
0.677882 0.001829 0.003728 0.001650 0.000513 0.306870 0.007529 1.763575
0.681586 0.001756 0.003614 0.001593 0.000501 0.303417 0.007534 1.763771
0.685177 0.001720 0.003457 0.001524 0.000484 0.300099 0.007539 1.763936
0.688733 0.001678 0.003337 0.001471 0.000470 0.296766 0.007545 1.764110
0.692325 0.001661 0.003197 0.001412 0.000456 0.293399 0.007551 1.764262
0.695815 0.001626 0.003076 0.001371 0.000446 0.290112 0.007554 1.764423
0.699357 0.001594 0.002969 0.001329 0.000426 0.286762 0.007562 1.764586
0.702724 0.001566 0.002843 0.001290 0.000416 0.283594 0.007566 1.764739
0.706192 0.001533 0.002773 0.001259 0.000403 0.280270 0.007571 1.764893
0.709610 0.001500 0.002668 0.001199 0.000391 0.277056 0.007576 1.765034
0.712943 0.001465 0.002601 0.001159 0.000381 0.273873 0.007579 1.765190
0.716240 0.001443 0.002514 0.001117 0.000368 0.270733 0.007586 1.765331
0.719507 0.001409 0.002434 0.001091 0.000356 0.267613 0.007591 1.765472
0.722737 0.001386 0.002349 0.001058 0.000344 0.264531 0.007596 1.765607
0.725936 0.001363 0.002259 0.001035 0.000331 0.261475 0.007602 1.765749
0.728989 0.001325 0.002200 0.001012 0.000324 0.258547 0.007604 1.765891
0.732115 0.001271 0.002134 0.000981 0.000312 0.255578 0.007610 1.766036
0.735170 0.001262 0.002078 0.000953 0.000299 0.252622 0.007615 1.766154
0.738262 0.001236 0.002008 0.000918 0.000288 0.249669 0.007620 1.766277
0.741238 0.001209 0.001943 0.000891 0.000279 0.246816 0.007625 1.766392
0.744162 0.001179 0.001881 0.000868 0.000270 0.244012 0.007629 1.766511
0.747059 0.001158 0.001846 0.000841 0.000260 0.241205 0.007632 1.766637
0.749988 0.001143 0.001803 0.000813 0.000251 0.238368 0.007637 1.766755
0.752896 0.001126 0.001752 0.000779 0.000245 0.235563 0.007641 1.766861
0.755757 0.001106 0.001697 0.000761 0.000237 0.232800 0.007643 1.766969
0.758591 0.001088 0.001642 0.000740 0.000230 0.230063 0.007647 1.767075
0.761344 0.001059 0.001616 0.000726 0.000220 0.227386 0.007650 1.767191
0.764142 0.001021 0.001566 0.000712 0.000214 0.224696 0.007651 1.767304
0.766844 0.001010 0.001514 0.000693 0.000210 0.222077 0.007653 1.767401
0.769449 0.001011 0.001471 0.000679 0.000202 0.219531 0.007658 1.767493
0.772117 0.000992 0.001444 0.000678 0.000194 0.216916 0.007660 1.767605
0.774747 0.000978 0.001407 0.000661 0.000186 0.214358 0.007665 1.767698
0.777320 0.000972 0.001365 0.000638 0.000181 0.211859 0.007667 1.767788
0.779886 0.000965 0.001330 0.000630 0.000174 0.209347 0.007669 1.767876
0.782438 0.000963 0.001298 0.000610 0.000167 0.206852 0.007672 1.767956
0.784926 0.000947 0.001268 0.000605 0.000159 0.204421 0.007674 1.768049
0.787380 0.000930 0.001241 0.000592 0.000157 0.202025 0.007677 1.768141
0.789776 0.000927 0.001215 0.000584 0.000153 0.199666 0.007679 1.768227
0.792234 0.000905 0.001197 0.000568 0.000147 0.197266 0.007684 1.768322
0.794643 0.000883 0.001196 0.000559 0.000141 0.194892 0.007687 1.768418
0.797007 0.000885 0.001169 0.000538 0.000138 0.192574 0.007690 1.768493
0.799317 0.000873 0.001158 0.000526 0.000137 0.190298 0.007692 1.768585
0.801630 0.000853 0.001139 0.000525 0.000133 0.188027 0.007694 1.768671
0.803908 0.000847 0.001103 0.000522 0.000129 0.185795 0.007696 1.768754
0.806128 0.000850 0.001069 0.000511 0.000121 0.183621 0.007700 1.768828
0.808310 0.000852 0.001044 0.000498 0.000118 0.181477 0.007701 1.768899
0.810518 0.000838 0.001008 0.000491 0.000117 0.179326 0.007702 1.768984
0.812623 0.000830 0.000983 0.000487 0.000114 0.177258 0.007705 1.769061
0.814764 0.000816 0.000968 0.000482 0.000109 0.175154 0.007707 1.769142
0.816862 0.000808 0.000949 0.000485 0.000103 0.173084 0.007711 1.769230
0.818908 0.000791 0.000933 0.000475 0.000099 0.171083 0.007712 1.769307
0.820990 0.000786 0.000928 0.000469 0.000098 0.169017 0.007712 1.769386
0.823041 0.000775 0.000918 0.000459 0.000096 0.166998 0.007715 1.769466
0.825014 0.000767 0.000911 0.000453 0.000094 0.165045 0.007717 1.769548
0.827045 0.000758 0.000886 0.000445 0.000089 0.163060 0.007718 1.769628
0.829037 0.000753 0.000871 0.000433 0.000085 0.161102 0.007720 1.769704
0.831022 0.000748 0.000869 0.000428 0.000081 0.159133 0.007721 1.769781
0.832885 0.000740 0.000870 0.000422 0.000079 0.157284 0.007721 1.769858
0.834774 0.000731 0.000857 0.000422 0.000076 0.155418 0.007723 1.769930
0.836631 0.000715 0.000845 0.000410 0.000075 0.153600 0.007724 1.769999
0.838488 0.000710 0.000831 0.000410 0.000073 0.151763 0.007725 1.770068
0.840321 0.000692 0.000817 0.000415 0.000071 0.149958 0.007726 1.770139
0.842135 0.000684 0.000812 0.000398 0.000068 0.148178 0.007726 1.770210
0.843889 0.000670 0.000804 0.000381 0.000068 0.146462 0.007727 1.770281
0.845714 0.000646 0.000791 0.000387 0.000066 0.144669 0.007728 1.770358
0.847438 0.000650 0.000782 0.000390 0.000063 0.142947 0.007728 1.770422
0.849120 0.000646 0.000756 0.000382 0.000063 0.141306 0.007728 1.770482
0.850889 0.000649 0.000729 0.000378 0.000060 0.139565 0.007730 1.770538
0.852528 0.000645 0.000726 0.000373 0.000060 0.137940 0.007730 1.770605
0.854160 0.000634 0.000720 0.000370 0.000056 0.136329 0.007732 1.770681
0.855750 0.000635 0.000715 0.000370 0.000055 0.134744 0.007732 1.770750
0.857354 0.000635 0.000710 0.000359 0.000054 0.133155 0.007734 1.770808
0.858903 0.000639 0.000702 0.000352 0.000054 0.131617 0.007734 1.770868
0.860451 0.000653 0.000686 0.000343 0.000053 0.130080 0.007736 1.770921
0.861966 0.000641 0.000680 0.000340 0.000051 0.128587 0.007736 1.770982
0.863499 0.000641 0.000669 0.000329 0.000047 0.127077 0.007738 1.771041
0.865025 0.000641 0.000663 0.000323 0.000049 0.125561 0.007738 1.771098
0.866514 0.000637 0.000658 0.000331 0.000048 0.124075 0.007738 1.771164
0.867910 0.000627 0.000653 0.000328 0.000048 0.122696 0.007739 1.771229
0.869339 0.000619 0.000635 0.000331 0.000047 0.121290 0.007740 1.771287
0.870690 0.000615 0.000622 0.000325 0.000047 0.119963 0.007740 1.771345
0.872042 0.000627 0.000610 0.000316 0.000047 0.118619 0.007740 1.771394
0.873361 0.000617 0.000603 0.000319 0.000047 0.117313 0.007741 1.771460
0.874747 0.000607 0.000612 0.000317 0.000046 0.115930 0.007742 1.771522
0.876048 0.000612 0.000605 0.000315 0.000045 0.114634 0.007743 1.771578
0.877374 0.000600 0.000608 0.000310 0.000044 0.113323 0.007743 1.771640
0.878648 0.000600 0.000594 0.000307 0.000041 0.112068 0.007744 1.771696
0.879872 0.000596 0.000592 0.000296 0.000041 0.110859 0.007745 1.771756
0.881118 0.000592 0.000586 0.000286 0.000041 0.109632 0.007746 1.771810
0.882371 0.000591 0.000585 0.000282 0.000042 0.108384 0.007746 1.771873
0.883587 0.000591 0.000582 0.000281 0.000041 0.107172 0.007747 1.771929
0.884771 0.000595 0.000574 0.000277 0.000038 0.105998 0.007748 1.771985
0.885949 0.000580 0.000581 0.000277 0.000036 0.104829 0.007749 1.772056
0.887124 0.000569 0.000582 0.000275 0.000036 0.103667 0.007749 1.772115
0.888312 0.000568 0.000575 0.000276 0.000036 0.102485 0.007749 1.772170
0.889436 0.000562 0.000575 0.000274 0.000037 0.101367 0.007749 1.772227
0.890564 0.000572 0.000572 0.000274 0.000037 0.100233 0.007749 1.772280
0.891684 0.000561 0.000565 0.000267 0.000036 0.099138 0.007750 1.772335
0.892759 0.000560 0.000567 0.000263 0.000035 0.098066 0.007750 1.772393
0.893782 0.000556 0.000566 0.000258 0.000033 0.097056 0.007750 1.772448
0.894797 0.000561 0.000563 0.000259 0.000033 0.096037 0.007750 1.772502
0.895812 0.000554 0.000563 0.000256 0.000034 0.095031 0.007751 1.772558
0.896806 0.000543 0.000562 0.000258 0.000032 0.094049 0.007751 1.772621
0.897789 0.000535 0.000560 0.000264 0.000031 0.093070 0.007751 1.772688
0.898742 0.000529 0.000553 0.000262 0.000030 0.092132 0.007753 1.772744
0.899685 0.000537 0.000544 0.000262 0.000029 0.091190 0.007754 1.772790
0.900579 0.000531 0.000545 0.000260 0.000029 0.090303 0.007754 1.772849
0.901545 0.000532 0.000544 0.000256 0.000030 0.089341 0.007754 1.772898
0.902454 0.000523 0.000541 0.000260 0.000028 0.088440 0.007755 1.772958
0.903356 0.000534 0.000524 0.000258 0.000027 0.087546 0.007756 1.773003
0.904236 0.000538 0.000521 0.000253 0.000025 0.086672 0.007757 1.773050
0.905087 0.000538 0.000514 0.000256 0.000024 0.085825 0.007757 1.773099
0.905902 0.000536 0.000512 0.000257 0.000023 0.085013 0.007757 1.773155
0.906686 0.000536 0.000515 0.000253 0.000024 0.084230 0.007757 1.773204
0.907503 0.000540 0.000510 0.000256 0.000024 0.083411 0.007757 1.773250
0.908296 0.000550 0.000498 0.000252 0.000023 0.082623 0.007757 1.773301
0.909111 0.000545 0.000504 0.000247 0.000022 0.081814 0.007757 1.773356
0.909864 0.000545 0.000499 0.000255 0.000021 0.081061 0.007757 1.773412
0.910606 0.000549 0.000501 0.000258 0.000021 0.080308 0.007757 1.773468
0.911371 0.000543 0.000505 0.000258 0.000022 0.079545 0.007757 1.773529
0.912100 0.000539 0.000512 0.000256 0.000022 0.078814 0.007758 1.773586
0.912792 0.000537 0.000516 0.000265 0.000021 0.078113 0.007758 1.773645
0.913505 0.000536 0.000515 0.000266 0.000022 0.077398 0.007758 1.773708
0.914219 0.000532 0.000518 0.000263 0.000021 0.076689 0.007759 1.773758
0.914884 0.000539 0.000514 0.000254 0.000020 0.076028 0.007761 1.773809
0.915620 0.000527 0.000511 0.000256 0.000021 0.075305 0.007761 1.773865
0.916316 0.000517 0.000515 0.000257 0.000019 0.074615 0.007761 1.773927
0.916967 0.000508 0.000517 0.000260 0.000019 0.073968 0.007761 1.773987
0.917607 0.000513 0.000510 0.000261 0.000018 0.073329 0.007762 1.774036
0.918240 0.000511 0.000513 0.000259 0.000019 0.072697 0.007762 1.774089
0.918882 0.000520 0.000497 0.000256 0.000018 0.072065 0.007763 1.774127
0.919447 0.000532 0.000493 0.000251 0.000016 0.071498 0.007765 1.774179
0.920028 0.000542 0.000492 0.000256 0.000016 0.070902 0.007765 1.774228
0.920589 0.000552 0.000490 0.000258 0.000015 0.070331 0.007765 1.774282
0.921193 0.000534 0.000493 0.000256 0.000016 0.069744 0.007765 1.774343
0.921717 0.000533 0.000491 0.000257 0.000015 0.069222 0.007765 1.774393
0.922250 0.000514 0.000494 0.000256 0.000016 0.068706 0.007766 1.774450
0.922789 0.000505 0.000500 0.000256 0.000016 0.068169 0.007766 1.774505
0.923317 0.000517 0.000494 0.000248 0.000017 0.067642 0.007766 1.774547
0.923829 0.000513 0.000491 0.000250 0.000017 0.067133 0.007766 1.774599
0.924316 0.000515 0.000493 0.000247 0.000016 0.066647 0.007767 1.774647
0.924810 0.000521 0.000495 0.000243 0.000016 0.066150 0.007767 1.774697
0.925279 0.000539 0.000489 0.000244 0.000015 0.065668 0.007767 1.774738
0.925740 0.000528 0.000493 0.000240 0.000015 0.065217 0.007768 1.774800
0.926194 0.000533 0.000493 0.000241 0.000015 0.064755 0.007768 1.774850
0.926651 0.000530 0.000498 0.000239 0.000016 0.064298 0.007768 1.774898
0.927084 0.000539 0.000487 0.000237 0.000018 0.063867 0.007768 1.774947
0.927524 0.000537 0.000479 0.000234 0.000017 0.063442 0.007768 1.775000
0.927943 0.000541 0.000480 0.000237 0.000018 0.063014 0.007768 1.775053
0.928349 0.000531 0.000482 0.000240 0.000018 0.062613 0.007768 1.775113
0.928737 0.000528 0.000495 0.000236 0.000017 0.062220 0.007768 1.775173
0.929126 0.000531 0.000489 0.000230 0.000017 0.061839 0.007769 1.775218
0.929523 0.000533 0.000492 0.000231 0.000017 0.061436 0.007769 1.775272
0.929905 0.000552 0.000482 0.000232 0.000018 0.061042 0.007770 1.775322
0.930265 0.000560 0.000485 0.000231 0.000017 0.060673 0.007770 1.775378
0.930628 0.000554 0.000497 0.000224 0.000017 0.060311 0.007770 1.775437
0.930978 0.000562 0.000501 0.000222 0.000017 0.059951 0.007770 1.775491
0.931313 0.000551 0.000506 0.000229 0.000016 0.059615 0.007770 1.775553
0.931651 0.000560 0.000498 0.000232 0.000016 0.059273 0.007770 1.775599
0.931973 0.000565 0.000488 0.000234 0.000016 0.058955 0.007770 1.775653
0.932298 0.000563 0.000499 0.000237 0.000015 0.058619 0.007770 1.775717
0.932623 0.000572 0.000494 0.000240 0.000016 0.058287 0.007770 1.775772
0.932938 0.000558 0.000500 0.000240 0.000016 0.057979 0.007770 1.775835
0.933261 0.000556 0.000506 0.000241 0.000016 0.057652 0.007770 1.775893
0.933567 0.000554 0.000506 0.000241 0.000016 0.057347 0.007770 1.775952
0.933858 0.000567 0.000501 0.000241 0.000016 0.057048 0.007770 1.775995
0.934143 0.000578 0.000507 0.000242 0.000016 0.056744 0.007770 1.776051
0.934410 0.000574 0.000524 0.000243 0.000016 0.056465 0.007770 1.776113
0.934692 0.000574 0.000521 0.000246 0.000015 0.056181 0.007771 1.776177
0.934961 0.000572 0.000529 0.000240 0.000015 0.055912 0.007771 1.776237
0.935237 0.000578 0.000536 0.000239 0.000013 0.055625 0.007772 1.776292
0.935489 0.000588 0.000538 0.000240 0.000014 0.055361 0.007772 1.776344
0.935743 0.000593 0.000540 0.000238 0.000014 0.055101 0.007773 1.776400
0.935984 0.000595 0.000531 0.000238 0.000014 0.054865 0.007773 1.776458
0.936238 0.000586 0.000542 0.000234 0.000014 0.054614 0.007773 1.776524
0.936463 0.000586 0.000537 0.000243 0.000014 0.054385 0.007773 1.776590
0.936700 0.000590 0.000534 0.000245 0.000014 0.054145 0.007773 1.776643
0.936950 0.000577 0.000548 0.000248 0.000015 0.053890 0.007773 1.776709
0.937170 0.000588 0.000546 0.000248 0.000016 0.053660 0.007773 1.776766
0.937397 0.000603 0.000540 0.000245 0.000016 0.053426 0.007773 1.776819
0.937639 0.000609 0.000534 0.000245 0.000015 0.053185 0.007774 1.776869
0.937852 0.000606 0.000532 0.000245 0.000016 0.052975 0.007774 1.776923
0.938079 0.000599 0.000533 0.000245 0.000015 0.052756 0.007775 1.776979
0.938275 0.000607 0.000533 0.000247 0.000014 0.052549 0.007776 1.777034
0.938445 0.000619 0.000528 0.000244 0.000014 0.052374 0.007777 1.777091
0.938629 0.000606 0.000534 0.000248 0.000014 0.052194 0.007777 1.777161
0.938852 0.000596 0.000532 0.000248 0.000013 0.051982 0.007778 1.777218
0.939033 0.000604 0.000524 0.000249 0.000013 0.051801 0.007778 1.777274
0.939204 0.000608 0.000524 0.000250 0.000013 0.051624 0.007778 1.777332
0.939381 0.000618 0.000523 0.000252 0.000014 0.051436 0.007778 1.777385
0.939565 0.000615 0.000506 0.000258 0.000013 0.051267 0.007778 1.777443
0.939743 0.000604 0.000508 0.000263 0.000012 0.051094 0.007778 1.777506
0.939901 0.000616 0.000507 0.000261 0.000013 0.050925 0.007778 1.777557
0.940073 0.000621 0.000499 0.000262 0.000012 0.050757 0.007778 1.777612
0.940248 0.000620 0.000507 0.000266 0.000011 0.050571 0.007778 1.777669
0.940418 0.000619 0.000514 0.000266 0.000011 0.050395 0.007779 1.777734
0.940585 0.000630 0.000522 0.000269 0.000011 0.050206 0.007779 1.777796
0.940728 0.000622 0.000529 0.000268 0.000012 0.050065 0.007779 1.777858
0.940885 0.000635 0.000529 0.000269 0.000011 0.049894 0.007779 1.777920
0.941038 0.000644 0.000535 0.000265 0.000012 0.049728 0.007779 1.777980
0.941173 0.000635 0.000546 0.000267 0.000013 0.049588 0.007779 1.778057
0.941302 0.000637 0.000542 0.000269 0.000013 0.049459 0.007779 1.778117
0.941430 0.000650 0.000531 0.000271 0.000013 0.049326 0.007779 1.778173
0.941572 0.000653 0.000533 0.000279 0.000013 0.049172 0.007780 1.778236
0.941699 0.000650 0.000543 0.000280 0.000012 0.049037 0.007780 1.778296
0.941835 0.000654 0.000549 0.000285 0.000011 0.048885 0.007781 1.778357
0.941961 0.000656 0.000549 0.000285 0.000011 0.048758 0.007781 1.778417
0.942087 0.000652 0.000553 0.000289 0.000011 0.048628 0.007781 1.778484
0.942205 0.000669 0.000551 0.000285 0.000011 0.048499 0.007781 1.778531
0.942333 0.000663 0.000559 0.000289 0.000011 0.048364 0.007782 1.778597
0.942436 0.000670 0.000570 0.000288 0.000012 0.048242 0.007782 1.778663
0.942544 0.000673 0.000586 0.000284 0.000011 0.048122 0.007782 1.778732
0.942671 0.000667 0.000594 0.000285 0.000012 0.047990 0.007782 1.778802
0.942758 0.000675 0.000596 0.000285 0.000012 0.047893 0.007782 1.778866
0.942865 0.000678 0.000605 0.000281 0.000013 0.047778 0.007782 1.778932
0.942983 0.000676 0.000614 0.000286 0.000013 0.047648 0.007782 1.778995
0.943101 0.000676 0.000612 0.000285 0.000014 0.047531 0.007782 1.779060
0.943195 0.000676 0.000609 0.000291 0.000014 0.047434 0.007782 1.779128
0.943289 0.000683 0.000607 0.000291 0.000013 0.047336 0.007782 1.779192
0.943387 0.000680 0.000609 0.000287 0.000013 0.047243 0.007782 1.779259
0.943472 0.000683 0.000610 0.000291 0.000013 0.047149 0.007783 1.779325
0.943556 0.000685 0.000617 0.000292 0.000014 0.047052 0.007783 1.779389
0.943650 0.000689 0.000615 0.000295 0.000015 0.046955 0.007783 1.779456
0.943741 0.000696 0.000624 0.000297 0.000015 0.046844 0.007783 1.779528
0.943839 0.000699 0.000623 0.000300 0.000015 0.046741 0.007783 1.779601
0.943907 0.000710 0.000626 0.000300 0.000015 0.046658 0.007784 1.779666
0.943981 0.000703 0.000631 0.000301 0.000015 0.046585 0.007784 1.779741
0.944056 0.000721 0.000624 0.000302 0.000015 0.046497 0.007784 1.779800
0.944116 0.000735 0.000628 0.000302 0.000015 0.046419 0.007784 1.779869
0.944196 0.000741 0.000628 0.000301 0.000017 0.046333 0.007784 1.779934
0.944271 0.000739 0.000631 0.000303 0.000018 0.046255 0.007784 1.780012
0.944341 0.000730 0.000643 0.000304 0.000018 0.046180 0.007784 1.780094
0.944416 0.000728 0.000645 0.000302 0.000018 0.046108 0.007784 1.780162
0.944470 0.000738 0.000655 0.000305 0.000019 0.046028 0.007784 1.780235
0.944525 0.000751 0.000649 0.000300 0.000019 0.045972 0.007784 1.780298
0.944583 0.000762 0.000645 0.000302 0.000019 0.045906 0.007784 1.780362
0.944645 0.000760 0.000642 0.000299 0.000020 0.045850 0.007784 1.780434
0.944728 0.000759 0.000634 0.000310 0.000020 0.045765 0.007784 1.780509
0.944781 0.000753 0.000643 0.000314 0.000020 0.045705 0.007784 1.780596
0.944855 0.000739 0.000645 0.000317 0.000019 0.045641 0.007785 1.780673
0.944892 0.000753 0.000649 0.000317 0.000020 0.045585 0.007785 1.780741
0.944943 0.000765 0.000642 0.000318 0.000019 0.045527 0.007785 1.780807
0.944988 0.000770 0.000646 0.000319 0.000020 0.045472 0.007785 1.780877
0.945041 0.000771 0.000653 0.000328 0.000020 0.045402 0.007785 1.780958
0.945072 0.000782 0.000659 0.000325 0.000020 0.045356 0.007785 1.781034
0.945123 0.000786 0.000661 0.000323 0.000021 0.045302 0.007785 1.781108
0.945150 0.000793 0.000655 0.000316 0.000020 0.045281 0.007785 1.781181
0.945204 0.000794 0.000666 0.000322 0.000020 0.045210 0.007785 1.781258
0.945242 0.000789 0.000669 0.000318 0.000018 0.045179 0.007785 1.781334
0.945299 0.000776 0.000679 0.000325 0.000019 0.045116 0.007785 1.781416
0.945330 0.000786 0.000692 0.000330 0.000020 0.045056 0.007785 1.781500
0.945368 0.000785 0.000691 0.000329 0.000021 0.045021 0.007786 1.781578
0.945409 0.000776 0.000692 0.000340 0.000022 0.044977 0.007786 1.781662
0.945450 0.000783 0.000689 0.000338 0.000022 0.044933 0.007786 1.781734
0.945505 0.000768 0.000699 0.000337 0.000023 0.044882 0.007786 1.781817
0.945543 0.000757 0.000698 0.000335 0.000022 0.044858 0.007787 1.781899
0.945575 0.000759 0.000689 0.000335 0.000020 0.044835 0.007788 1.781970
0.945605 0.000759 0.000696 0.000332 0.000020 0.044800 0.007788 1.782045
0.945645 0.000761 0.000702 0.000330 0.000020 0.044753 0.007789 1.782122
0.945677 0.000765 0.000695 0.000326 0.000020 0.044728 0.007790 1.782197
0.945726 0.000778 0.000694 0.000329 0.000022 0.044662 0.007790 1.782263
0.945748 0.000790 0.000707 0.000334 0.000021 0.044610 0.007790 1.782347
0.945804 0.000772 0.000710 0.000332 0.000022 0.044570 0.007790 1.782433
0.945836 0.000779 0.000707 0.000330 0.000022 0.044536 0.007791 1.782504
0.945860 0.000788 0.000692 0.000331 0.000024 0.044515 0.007791 1.782571
0.945890 0.000794 0.000690 0.000336 0.000023 0.044477 0.007791 1.782643
0.945913 0.000801 0.000684 0.000332 0.000024 0.044456 0.007791 1.782712
0.945949 0.000803 0.000693 0.000332 0.000024 0.044408 0.007791 1.782791
0.945982 0.000794 0.000709 0.000336 0.000023 0.044365 0.007791 1.782876
0.945997 0.000802 0.000711 0.000337 0.000022 0.044340 0.007791 1.782956
0.946044 0.000796 0.000708 0.000350 0.000021 0.044291 0.007792 1.783031
0.946056 0.000811 0.000707 0.000351 0.000020 0.044263 0.007793 1.783106
0.946082 0.000806 0.000716 0.000354 0.000020 0.044230 0.007793 1.783188
0.946123 0.000799 0.000713 0.000348 0.000020 0.044204 0.007793 1.783265
0.946149 0.000791 0.000708 0.000356 0.000021 0.044181 0.007793 1.783344
0.946160 0.000793 0.000712 0.000361 0.000022 0.044160 0.007793 1.783427
0.946174 0.000801 0.000709 0.000358 0.000022 0.044142 0.007794 1.783501
0.946203 0.000797 0.000703 0.000358 0.000021 0.044122 0.007795 1.783579
0.946221 0.000807 0.000699 0.000365 0.000020 0.044092 0.007796 1.783653
0.946257 0.000795 0.000702 0.000369 0.000020 0.044061 0.007796 1.783732
0.946279 0.000800 0.000702 0.000364 0.000020 0.044039 0.007797 1.783809
0.946289 0.000803 0.000707 0.000367 0.000020 0.044016 0.007797 1.783886
0.946322 0.000802 0.000694 0.000363 0.000020 0.044000 0.007798 1.783959
0.946349 0.000792 0.000699 0.000366 0.000020 0.043976 0.007798 1.784044
0.946369 0.000795 0.000702 0.000362 0.000020 0.043954 0.007799 1.784122
0.946380 0.000796 0.000702 0.000357 0.000020 0.043946 0.007799 1.784198
0.946385 0.000799 0.000708 0.000356 0.000018 0.043933 0.007800 1.784280
0.946388 0.000807 0.000718 0.000354 0.000017 0.043916 0.007800 1.784361
0.946404 0.000810 0.000728 0.000354 0.000017 0.043886 0.007800 1.784443
0.946422 0.000806 0.000732 0.000350 0.000017 0.043873 0.007800 1.784519
0.946436 0.000806 0.000733 0.000346 0.000017 0.043862 0.007801 1.784598
0.946449 0.000815 0.000729 0.000352 0.000017 0.043839 0.007801 1.784679
0.946458 0.000816 0.000732 0.000350 0.000016 0.043827 0.007801 1.784760
0.946475 0.000836 0.000724 0.000345 0.000017 0.043802 0.007801 1.784827
0.946485 0.000833 0.000726 0.000357 0.000016 0.043783 0.007801 1.784910
0.946484 0.000839 0.000733 0.000360 0.000016 0.043768 0.007801 1.784989
0.946491 0.000836 0.000730 0.000358 0.000017 0.043768 0.007801 1.785071
0.946509 0.000834 0.000736 0.000359 0.000019 0.043742 0.007802 1.785153
0.946520 0.000835 0.000737 0.000360 0.000019 0.043728 0.007802 1.785237
0.946528 0.000839 0.000738 0.000359 0.000020 0.043715 0.007802 1.785314
0.946544 0.000839 0.000745 0.000364 0.000021 0.043684 0.007802 1.785399
0.946551 0.000823 0.000757 0.000367 0.000024 0.043676 0.007802 1.785497
0.946566 0.000829 0.000757 0.000364 0.000024 0.043658 0.007802 1.785578
0.946576 0.000826 0.000756 0.000362 0.000023 0.043654 0.007803 1.785663
0.946604 0.000826 0.000758 0.000353 0.000022 0.043634 0.007803 1.785733
0.946611 0.000838 0.000755 0.000358 0.000023 0.043612 0.007803 1.785816
0.946620 0.000846 0.000746 0.000359 0.000021 0.043604 0.007803 1.785895
0.946620 0.000851 0.000748 0.000364 0.000021 0.043593 0.007803 1.785978
0.946616 0.000852 0.000758 0.000368 0.000020 0.043582 0.007804 1.786074
0.946637 0.000852 0.000759 0.000368 0.000020 0.043561 0.007805 1.786154
0.946663 0.000834 0.000758 0.000368 0.000021 0.043551 0.007805 1.786240
0.946662 0.000847 0.000759 0.000363 0.000022 0.043543 0.007805 1.786313
0.946665 0.000845 0.000762 0.000356 0.000023 0.043544 0.007806 1.786395
0.946667 0.000844 0.000763 0.000361 0.000022 0.043536 0.007807 1.786483
0.946660 0.000857 0.000766 0.000357 0.000023 0.043530 0.007807 1.786564
0.946670 0.000847 0.000760 0.000369 0.000023 0.043523 0.007808 1.786655
0.946681 0.000861 0.000757 0.000368 0.000023 0.043502 0.007808 1.786728
0.946694 0.000862 0.000753 0.000368 0.000024 0.043491 0.007808 1.786808
0.946691 0.000863 0.000755 0.000365 0.000023 0.043495 0.007808 1.786890
0.946684 0.000870 0.000752 0.000368 0.000020 0.043497 0.007810 1.786973
0.946685 0.000857 0.000760 0.000373 0.000019 0.043494 0.007810 1.787072
0.946688 0.000863 0.000761 0.000375 0.000021 0.043482 0.007810 1.787149
0.946699 0.000853 0.000754 0.000381 0.000021 0.043481 0.007810 1.787237
0.946705 0.000854 0.000760 0.000378 0.000020 0.043474 0.007811 1.787321
0.946727 0.000850 0.000754 0.000376 0.000020 0.043463 0.007811 1.787399
0.946721 0.000850 0.000757 0.000372 0.000020 0.043469 0.007811 1.787484
0.946731 0.000856 0.000748 0.000368 0.000022 0.043465 0.007811 1.787561
0.946727 0.000861 0.000745 0.000375 0.000019 0.043462 0.007811 1.787644
0.946719 0.000869 0.000752 0.000379 0.000018 0.043451 0.007811 1.787729
0.946732 0.000864 0.000765 0.000374 0.000019 0.043435 0.007811 1.787820
0.946735 0.000874 0.000761 0.000368 0.000019 0.043433 0.007811 1.787899
0.946732 0.000855 0.000773 0.000372 0.000018 0.043439 0.007811 1.787996
0.946725 0.000853 0.000781 0.000375 0.000018 0.043437 0.007811 1.788090
0.946719 0.000846 0.000791 0.000373 0.000018 0.043441 0.007811 1.788183
0.946705 0.000859 0.000783 0.000382 0.000018 0.043441 0.007811 1.788260
0.946707 0.000864 0.000786 0.000384 0.000020 0.043428 0.007811 1.788340
0.946716 0.000865 0.000783 0.000383 0.000021 0.043421 0.007811 1.788423
0.946700 0.000873 0.000796 0.000392 0.000020 0.043407 0.007811 1.788518
0.946703 0.000875 0.000804 0.000388 0.000021 0.043398 0.007811 1.788603
0.946710 0.000871 0.000810 0.000387 0.000022 0.043390 0.007811 1.788689
0.946716 0.000861 0.000811 0.000387 0.000023 0.043390 0.007812 1.788781
0.946726 0.000857 0.000804 0.000388 0.000022 0.043390 0.007812 1.788866
0.946723 0.000872 0.000804 0.000384 0.000022 0.043383 0.007813 1.788945
0.946731 0.000864 0.000816 0.000384 0.000023 0.043370 0.007813 1.789042
0.946721 0.000870 0.000803 0.000382 0.000023 0.043387 0.007814 1.789126
0.946711 0.000863 0.000811 0.000384 0.000024 0.043393 0.007814 1.789217
0.946696 0.000879 0.000811 0.000375 0.000024 0.043401 0.007814 1.789294
0.946700 0.000868 0.000811 0.000377 0.000023 0.043408 0.007815 1.789387
0.946694 0.000859 0.000814 0.000374 0.000024 0.043421 0.007815 1.789480
0.946681 0.000867 0.000798 0.000377 0.000025 0.043438 0.007815 1.789560
0.946681 0.000880 0.000799 0.000374 0.000025 0.043427 0.007815 1.789635
0.946672 0.000882 0.000804 0.000383 0.000025 0.043419 0.007815 1.789722
0.946670 0.000885 0.000796 0.000383 0.000025 0.043425 0.007816 1.789801
0.946678 0.000892 0.000782 0.000393 0.000026 0.043414 0.007816 1.789887
0.946676 0.000896 0.000785 0.000398 0.000024 0.043406 0.007817 1.789974
0.946666 0.000914 0.000780 0.000398 0.000024 0.043401 0.007817 1.790051
0.946668 0.000922 0.000776 0.000397 0.000025 0.043394 0.007818 1.790131
0.946662 0.000933 0.000776 0.000396 0.000025 0.043391 0.007818 1.790219
0.946665 0.000913 0.000778 0.000404 0.000025 0.043396 0.007819 1.790314
0.946659 0.000906 0.000788 0.000402 0.000024 0.043401 0.007819 1.790406
0.946660 0.000916 0.000788 0.000400 0.000024 0.043393 0.007819 1.790490
0.946655 0.000914 0.000786 0.000401 0.000022 0.043401 0.007821 1.790579
0.946651 0.000908 0.000784 0.000396 0.000024 0.043416 0.007821 1.790670
0.946647 0.000907 0.000785 0.000387 0.000024 0.043428 0.007821 1.790751
0.946646 0.000914 0.000788 0.000386 0.000024 0.043420 0.007822 1.790843
0.946641 0.000921 0.000794 0.000381 0.000023 0.043418 0.007822 1.790925
0.946646 0.000921 0.000804 0.000383 0.000023 0.043403 0.007822 1.791018
0.946637 0.000922 0.000810 0.000389 0.000024 0.043397 0.007822 1.791114
0.946637 0.000925 0.000829 0.000385 0.000023 0.043378 0.007822 1.791211
0.946635 0.000934 0.000827 0.000383 0.000025 0.043375 0.007822 1.791296
0.946638 0.000931 0.000829 0.000388 0.000023 0.043369 0.007822 1.791386
0.946630 0.000946 0.000824 0.000391 0.000023 0.043365 0.007822 1.791470
0.946637 0.000945 0.000825 0.000384 0.000023 0.043364 0.007823 1.791559
0.946636 0.000937 0.000837 0.000380 0.000024 0.043363 0.007823 1.791654
0.946639 0.000939 0.000833 0.000380 0.000024 0.043360 0.007824 1.791739
0.946635 0.000948 0.000846 0.000376 0.000025 0.043346 0.007824 1.791828
0.946628 0.000956 0.000845 0.000375 0.000024 0.043347 0.007824 1.791913
0.946628 0.000962 0.000838 0.000380 0.000024 0.043343 0.007824 1.791998
0.946619 0.000974 0.000838 0.000382 0.000025 0.043339 0.007824 1.792084
0.946632 0.000973 0.000838 0.000376 0.000025 0.043331 0.007824 1.792167
0.946612 0.000989 0.000846 0.000379 0.000026 0.043323 0.007824 1.792263
0.946599 0.000999 0.000846 0.000382 0.000024 0.043326 0.007825 1.792355
0.946583 0.001004 0.000844 0.000383 0.000024 0.043337 0.007826 1.792447
0.946591 0.000991 0.000859 0.000386 0.000025 0.043323 0.007826 1.792548
0.946570 0.000989 0.000868 0.000400 0.000022 0.043324 0.007827 1.792651
0.946568 0.000982 0.000871 0.000398 0.000021 0.043333 0.007828 1.792742
0.946549 0.000985 0.000880 0.000401 0.000022 0.043336 0.007828 1.792842
0.946542 0.000970 0.000902 0.000406 0.000022 0.043331 0.007828 1.792948
0.946532 0.000962 0.000904 0.000413 0.000022 0.043338 0.007828 1.793046
0.946518 0.000964 0.000895 0.000417 0.000020 0.043356 0.007829 1.793139
0.946516 0.000963 0.000894 0.000417 0.000023 0.043358 0.007829 1.793236
0.946510 0.000964 0.000885 0.000412 0.000022 0.043377 0.007829 1.793323
0.946497 0.000959 0.000879 0.000419 0.000023 0.043395 0.007829 1.793418
0.946498 0.000939 0.000883 0.000423 0.000023 0.043404 0.007830 1.793519
0.946506 0.000926 0.000888 0.000421 0.000024 0.043406 0.007830 1.793615
0.946506 0.000932 0.000882 0.000418 0.000024 0.043410 0.007830 1.793699
0.946514 0.000919 0.000883 0.000415 0.000025 0.043415 0.007830 1.793795
0.946519 0.000902 0.000876 0.000410 0.000024 0.043438 0.007831 1.793895
0.946517 0.000914 0.000874 0.000398 0.000023 0.043442 0.007831 1.793974
0.946507 0.000919 0.000870 0.000396 0.000024 0.043453 0.007831 1.794066
0.946508 0.000929 0.000876 0.000391 0.000024 0.043440 0.007832 1.794149
0.946511 0.000926 0.000874 0.000389 0.000026 0.043441 0.007832 1.794240
0.946492 0.000924 0.000865 0.000395 0.000027 0.043463 0.007833 1.794334
0.946485 0.000925 0.000859 0.000399 0.000027 0.043473 0.007833 1.794431
0.946494 0.000915 0.000870 0.000394 0.000026 0.043468 0.007835 1.794519
0.946486 0.000925 0.000860 0.000394 0.000026 0.043475 0.007835 1.794602
0.946480 0.000923 0.000851 0.000400 0.000026 0.043485 0.007835 1.794688
0.946467 0.000926 0.000860 0.000396 0.000027 0.043490 0.007835 1.794780
0.946445 0.000931 0.000863 0.000399 0.000026 0.043501 0.007835 1.794877
0.946436 0.000940 0.000859 0.000407 0.000026 0.043497 0.007835 1.794960
0.946428 0.000934 0.000854 0.000410 0.000026 0.043513 0.007835 1.795050
0.946433 0.000934 0.000865 0.000409 0.000026 0.043497 0.007835 1.795139
0.946422 0.000944 0.000863 0.000405 0.000027 0.043504 0.007836 1.795225
0.946420 0.000928 0.000875 0.000407 0.000027 0.043507 0.007836 1.795332
0.946430 0.000925 0.000880 0.000401 0.000026 0.043504 0.007836 1.795417
0.946446 0.000910 0.000866 0.000409 0.000025 0.043507 0.007836 1.795508
0.946446 0.000909 0.000852 0.000400 0.000027 0.043530 0.007836 1.795596
0.946433 0.000910 0.000854 0.000406 0.000025 0.043535 0.007837 1.795685
0.946441 0.000905 0.000849 0.000403 0.000026 0.043538 0.007837 1.795774
0.946453 0.000902 0.000847 0.000400 0.000026 0.043534 0.007837 1.795853
0.946468 0.000898 0.000835 0.000402 0.000026 0.043533 0.007837 1.795937
0.946475 0.000888 0.000824 0.000403 0.000025 0.043547 0.007837 1.796025
0.946491 0.000896 0.000813 0.000396 0.000025 0.043543 0.007838 1.796093
0.946502 0.000886 0.000813 0.000398 0.000025 0.043537 0.007838 1.796184
0.946519 0.000882 0.000813 0.000403 0.000023 0.043521 0.007839 1.796265
0.946510 0.000879 0.000828 0.000405 0.000022 0.043515 0.007840 1.796366
0.946527 0.000868 0.000825 0.000400 0.000023 0.043518 0.007840 1.796448
0.946513 0.000878 0.000818 0.000397 0.000022 0.043532 0.007840 1.796530
0.946516 0.000879 0.000822 0.000395 0.000022 0.043525 0.007840 1.796614
0.946521 0.000883 0.000828 0.000393 0.000023 0.043512 0.007841 1.796696
0.946518 0.000899 0.000829 0.000389 0.000025 0.043499 0.007841 1.796772
0.946521 0.000897 0.000831 0.000381 0.000026 0.043503 0.007841 1.796860
0.946529 0.000885 0.000830 0.000385 0.000025 0.043505 0.007841 1.796953
0.946529 0.000889 0.000829 0.000377 0.000027 0.043509 0.007841 1.797036
0.946531 0.000894 0.000832 0.000384 0.000027 0.043492 0.007841 1.797122
0.946537 0.000888 0.000832 0.000382 0.000028 0.043492 0.007841 1.797213
0.946541 0.000885 0.000834 0.000383 0.000029 0.043488 0.007841 1.797303
0.946534 0.000883 0.000824 0.000384 0.000029 0.043505 0.007841 1.797393
0.946543 0.000867 0.000824 0.000387 0.000030 0.043508 0.007841 1.797483
0.946556 0.000861 0.000822 0.000384 0.000029 0.043507 0.007841 1.797568
0.946575 0.000850 0.000833 0.000377 0.000029 0.043494 0.007843 1.797656
0.946595 0.000836 0.000840 0.000371 0.000029 0.043487 0.007843 1.797747
0.946605 0.000831 0.000836 0.000363 0.000029 0.043494 0.007843 1.797826
0.946605 0.000825 0.000827 0.000366 0.000029 0.043506 0.007843 1.797917
0.946611 0.000822 0.000819 0.000367 0.000030 0.043508 0.007843 1.797996
0.946612 0.000825 0.000814 0.000367 0.000029 0.043508 0.007844 1.798073
0.946624 0.000817 0.000804 0.000361 0.000030 0.043519 0.007844 1.798150
0.946641 0.000808 0.000802 0.000359 0.000033 0.043514 0.007844 1.798232
0.946651 0.000819 0.000795 0.000359 0.000030 0.043503 0.007844 1.798304
0.946659 0.000808 0.000797 0.000364 0.000030 0.043497 0.007844 1.798391
0.946664 0.000810 0.000793 0.000358 0.000030 0.043500 0.007844 1.798465
0.946662 0.000821 0.000790 0.000357 0.000029 0.043497 0.007845 1.798539
0.946683 0.000824 0.000789 0.000354 0.000029 0.043476 0.007845 1.798611
0.946683 0.000830 0.000780 0.000356 0.000028 0.043478 0.007845 1.798688
0.946698 0.000834 0.000773 0.000359 0.000028 0.043462 0.007845 1.798766
0.946721 0.000818 0.000775 0.000367 0.000026 0.043446 0.007847 1.798855
0.946721 0.000822 0.000768 0.000364 0.000027 0.043451 0.007847 1.798922
0.946721 0.000802 0.000763 0.000364 0.000026 0.043477 0.007847 1.799009
0.946730 0.000799 0.000766 0.000359 0.000027 0.043473 0.007848 1.799089
0.946746 0.000788 0.000777 0.000357 0.000027 0.043458 0.007848 1.799173
0.946762 0.000795 0.000769 0.000358 0.000026 0.043442 0.007849 1.799247
0.946789 0.000782 0.000772 0.000365 0.000025 0.043418 0.007849 1.799334
0.946784 0.000785 0.000777 0.000366 0.000024 0.043413 0.007850 1.799411
0.946788 0.000798 0.000770 0.000360 0.000026 0.043409 0.007850 1.799482
0.946810 0.000793 0.000761 0.000362 0.000026 0.043399 0.007850 1.799558
0.946831 0.000789 0.000763 0.000360 0.000025 0.043381 0.007850 1.799633
0.946837 0.000789 0.000753 0.000361 0.000025 0.043384 0.007851 1.799713
0.946839 0.000789 0.000753 0.000354 0.000027 0.043387 0.007852 1.799788
0.946860 0.000782 0.000758 0.000348 0.000027 0.043374 0.007852 1.799869
0.946871 0.000770 0.000760 0.000347 0.000027 0.043374 0.007852 1.799955
0.946880 0.000762 0.000759 0.000362 0.000026 0.043359 0.007852 1.800040
0.946880 0.000772 0.000760 0.000355 0.000028 0.043352 0.007852 1.800115
0.946888 0.000778 0.000758 0.000362 0.000027 0.043335 0.007853 1.800191
0.946890 0.000793 0.000752 0.000360 0.000028 0.043323 0.007853 1.800258
0.946908 0.000798 0.000751 0.000361 0.000028 0.043299 0.007853 1.800332
0.946910 0.000793 0.000752 0.000366 0.000027 0.043298 0.007853 1.800414
0.946924 0.000788 0.000756 0.000368 0.000027 0.043283 0.007854 1.800497
0.946940 0.000775 0.000763 0.000367 0.000026 0.043274 0.007854 1.800578
0.946955 0.000776 0.000750 0.000367 0.000025 0.043271 0.007856 1.800645
0.946953 0.000774 0.000741 0.000361 0.000026 0.043288 0.007856 1.800719
0.946967 0.000775 0.000736 0.000363 0.000024 0.043278 0.007856 1.800797
0.946971 0.000773 0.000752 0.000361 0.000024 0.043263 0.007856 1.800877
0.946965 0.000782 0.000751 0.000352 0.000024 0.043269 0.007856 1.800950
