0.329250 0.063823 0.057163 0.032618 0.002164 0.508787 0.006196 1.663397
0.330643 0.062596 0.057139 0.032541 0.002169 0.508693 0.006219 1.669630
0.332389 0.061243 0.056928 0.032392 0.002167 0.508636 0.006245 1.675603
0.334478 0.059696 0.056639 0.032117 0.002167 0.508639 0.006264 1.681474
0.336817 0.057997 0.056279 0.031951 0.002172 0.508496 0.006289 1.687276
0.339267 0.056305 0.055939 0.031636 0.002177 0.508367 0.006309 1.692884
0.341730 0.054779 0.055526 0.031273 0.002182 0.508181 0.006330 1.698288
0.344275 0.053182 0.055025 0.030917 0.002173 0.508068 0.006359 1.703651
0.346925 0.051772 0.054496 0.030583 0.002168 0.507660 0.006396 1.708823
0.349675 0.050416 0.053844 0.030151 0.002183 0.507312 0.006418 1.713752
0.352475 0.049094 0.053170 0.029824 0.002175 0.506824 0.006439 1.718635
0.355260 0.047869 0.052471 0.029430 0.002171 0.506333 0.006466 1.723383
0.358078 0.046775 0.051687 0.028920 0.002168 0.505881 0.006490 1.727936
0.361047 0.045626 0.050989 0.028505 0.002151 0.505154 0.006526 1.732448
0.364014 0.044519 0.050286 0.028004 0.002138 0.504490 0.006549 1.736906
0.367060 0.043507 0.049506 0.027534 0.002118 0.503697 0.006577 1.741198
0.370053 0.042564 0.048724 0.027024 0.002099 0.502932 0.006604 1.745425
0.373094 0.041594 0.048043 0.026605 0.002098 0.501937 0.006629 1.749646
0.376036 0.040862 0.047219 0.026193 0.002077 0.500956 0.006656 1.753647
0.378974 0.040143 0.046414 0.025786 0.002066 0.499937 0.006681 1.757649
0.382128 0.039398 0.045594 0.025341 0.002031 0.498801 0.006707 1.761548
0.385283 0.038658 0.044891 0.024897 0.002010 0.497529 0.006732 1.765408
0.388453 0.038096 0.044122 0.024441 0.001977 0.496147 0.006764 1.769135
0.391495 0.037580 0.043387 0.024049 0.001958 0.494739 0.006792 1.772803
0.394634 0.037071 0.042620 0.023608 0.001932 0.493318 0.006816 1.776449
0.397563 0.036661 0.041996 0.023250 0.001922 0.491761 0.006846 1.780049
0.400774 0.036167 0.041321 0.022897 0.001904 0.490065 0.006871 1.783591
0.403761 0.035801 0.040680 0.022483 0.001888 0.488491 0.006896 1.787080
0.406694 0.035427 0.040069 0.022151 0.001869 0.486866 0.006924 1.790623
0.409774 0.035081 0.039385 0.021802 0.001849 0.485162 0.006947 1.794061
0.412743 0.034722 0.038740 0.021527 0.001826 0.483461 0.006981 1.797469
0.415502 0.034580 0.038146 0.021224 0.001809 0.481734 0.007005 1.800801
0.418342 0.034287 0.037661 0.020956 0.001797 0.479926 0.007031 1.804208
0.421273 0.034002 0.037132 0.020741 0.001782 0.478020 0.007051 1.807593
0.424124 0.033757 0.036663 0.020447 0.001758 0.476179 0.007073 1.810927
0.426844 0.033605 0.036163 0.020155 0.001749 0.474388 0.007095 1.814207
0.429666 0.033462 0.035692 0.019901 0.001726 0.472433 0.007119 1.817469
0.432312 0.033351 0.035250 0.019576 0.001706 0.470662 0.007144 1.820695
0.434902 0.033257 0.034793 0.019365 0.001692 0.468824 0.007167 1.823958
0.437671 0.033134 0.034404 0.019136 0.001671 0.466792 0.007190 1.827208
0.440392 0.033012 0.034057 0.018938 0.001665 0.464726 0.007209 1.830435
0.443137 0.032924 0.033605 0.018693 0.001667 0.462747 0.007226 1.833624
0.445827 0.032861 0.033265 0.018518 0.001641 0.460637 0.007250 1.836819
0.448363 0.032840 0.033008 0.018396 0.001623 0.458495 0.007275 1.840056
0.450990 0.032709 0.032696 0.018267 0.001599 0.456437 0.007301 1.843280
0.453476 0.032715 0.032403 0.018079 0.001584 0.454420 0.007323 1.846459
0.455970 0.032740 0.032078 0.017985 0.001562 0.452322 0.007343 1.849670
0.458409 0.032735 0.031881 0.017800 0.001554 0.450262 0.007360 1.852865
0.460766 0.032788 0.031667 0.017701 0.001544 0.448159 0.007375 1.856080
0.463077 0.032802 0.031468 0.017597 0.001521 0.446140 0.007396 1.859322
0.465468 0.032829 0.031262 0.017490 0.001512 0.444031 0.007409 1.862501
0.467672 0.032914 0.031170 0.017379 0.001499 0.441936 0.007430 1.865714
0.469819 0.032965 0.031063 0.017248 0.001493 0.439962 0.007450 1.868963
0.472129 0.033051 0.030855 0.017152 0.001483 0.437862 0.007469 1.872121
0.474233 0.033160 0.030765 0.017105 0.001471 0.435780 0.007486 1.875349
0.476265 0.033331 0.030596 0.017049 0.001462 0.433793 0.007503 1.878557
0.478321 0.033415 0.030490 0.017022 0.001440 0.431792 0.007521 1.881795
0.480459 0.033472 0.030443 0.016962 0.001430 0.429694 0.007541 1.885093
0.482455 0.033580 0.030422 0.016880 0.001420 0.427684 0.007560 1.888396
0.484495 0.033693 0.030341 0.016864 0.001411 0.425618 0.007580 1.891691
0.486465 0.033808 0.030252 0.016864 0.001392 0.423618 0.007601 1.894973
0.488274 0.033954 0.030235 0.016792 0.001372 0.421752 0.007622 1.898301
0.490150 0.034035 0.030142 0.016814 0.001361 0.419862 0.007636 1.901659
0.491840 0.034184 0.030091 0.016862 0.001336 0.418036 0.007652 1.904999
0.493452 0.034384 0.030111 0.016868 0.001321 0.416194 0.007670 1.908353
0.495153 0.034534 0.030092 0.016860 0.001313 0.414358 0.007689 1.911719
0.496786 0.034681 0.030122 0.016841 0.001297 0.412566 0.007706 1.915109
0.498361 0.034845 0.030149 0.016834 0.001283 0.410802 0.007727 1.918512
0.499925 0.034980 0.030286 0.016859 0.001269 0.408933 0.007748 1.921974
0.501434 0.035177 0.030403 0.016809 0.001269 0.407144 0.007764 1.925407
0.502953 0.035280 0.030439 0.016851 0.001263 0.405432 0.007783 1.928868
0.504402 0.035483 0.030501 0.016889 0.001235 0.403684 0.007806 1.932335
0.505670 0.035772 0.030555 0.016898 0.001215 0.402070 0.007821 1.935810
0.506927 0.036006 0.030648 0.016959 0.001218 0.400405 0.007836 1.939352
0.508133 0.036188 0.030817 0.016975 0.001217 0.398813 0.007857 1.942937
0.509316 0.036474 0.030926 0.017005 0.001208 0.397193 0.007878 1.946512
0.510599 0.036651 0.030972 0.017026 0.001193 0.395661 0.007898 1.950071
0.511687 0.036878 0.031060 0.017052 0.001206 0.394205 0.007913 1.953638
0.512673 0.037053 0.031158 0.017130 0.001197 0.392858 0.007931 1.957289
0.513715 0.037262 0.031308 0.017150 0.001189 0.391432 0.007942 1.960975
0.514679 0.037492 0.031477 0.017266 0.001184 0.389944 0.007956 1.964647
0.515536 0.037677 0.031570 0.017361 0.001174 0.388712 0.007970 1.968358
0.516513 0.037856 0.031669 0.017470 0.001159 0.387345 0.007986 1.972061
0.517421 0.038142 0.031797 0.017481 0.001152 0.386008 0.007999 1.975731
0.518261 0.038308 0.031992 0.017562 0.001149 0.384714 0.008014 1.979488
0.519091 0.038517 0.032135 0.017633 0.001152 0.383445 0.008028 1.983275
0.519824 0.038675 0.032216 0.017758 0.001141 0.382341 0.008045 1.987101
0.520519 0.038882 0.032351 0.017822 0.001128 0.381238 0.008060 1.990954
0.521298 0.039006 0.032500 0.017940 0.001124 0.380057 0.008075 1.994781
0.521986 0.039244 0.032638 0.018004 0.001122 0.378911 0.008094 1.998586
0.522642 0.039327 0.032778 0.018129 0.001123 0.377894 0.008106 2.002515
0.523259 0.039466 0.032984 0.018244 0.001112 0.376812 0.008124 2.006436
0.523830 0.039563 0.033169 0.018363 0.001107 0.375831 0.008136 2.010382
0.524427 0.039731 0.033310 0.018389 0.001109 0.374887 0.008148 2.014226
0.525102 0.039872 0.033468 0.018464 0.001107 0.373822 0.008165 2.018117
0.525633 0.040147 0.033670 0.018515 0.001116 0.372737 0.008180 2.021990
0.526285 0.040278 0.033826 0.018617 0.001120 0.371674 0.008199 2.025970
0.526867 0.040371 0.033985 0.018760 0.001117 0.370688 0.008212 2.029945
0.527474 0.040528 0.034140 0.018740 0.001115 0.369778 0.008225 2.033893
0.527946 0.040627 0.034348 0.018825 0.001122 0.368893 0.008237 2.037923
0.528372 0.040788 0.034403 0.018959 0.001118 0.368101 0.008260 2.041933
0.528743 0.040984 0.034404 0.019047 0.001121 0.367425 0.008277 2.045918
0.529243 0.041059 0.034608 0.019069 0.001125 0.366604 0.008292 2.049957
0.529681 0.041149 0.034760 0.019103 0.001120 0.365881 0.008306 2.054002
0.529951 0.041348 0.034885 0.019207 0.001113 0.365171 0.008326 2.058057
0.530245 0.041532 0.035093 0.019256 0.001114 0.364420 0.008341 2.062154
0.530529 0.041677 0.035209 0.019331 0.001115 0.363785 0.008355 2.066232
0.530749 0.041922 0.035290 0.019363 0.001111 0.363201 0.008365 2.070247
0.531039 0.042100 0.035381 0.019435 0.001117 0.362549 0.008380 2.074390
0.531303 0.042186 0.035569 0.019438 0.001116 0.361993 0.008394 2.078552
0.531598 0.042173 0.035710 0.019491 0.001123 0.361497 0.008407 2.082717
0.531980 0.042279 0.035813 0.019557 0.001130 0.360818 0.008424 2.086866
0.532142 0.042397 0.035964 0.019640 0.001130 0.360289 0.008437 2.091044
0.532333 0.042565 0.036066 0.019693 0.001133 0.359760 0.008449 2.095165
0.532576 0.042599 0.036210 0.019712 0.001133 0.359305 0.008464 2.099331
0.532880 0.042659 0.036249 0.019815 0.001142 0.358776 0.008480 2.103477
0.533202 0.042764 0.036346 0.019858 0.001147 0.358186 0.008496 2.107587
0.533436 0.042914 0.036443 0.019900 0.001149 0.357647 0.008512 2.111706
0.533688 0.042983 0.036595 0.019961 0.001162 0.357089 0.008522 2.115889
0.533990 0.042936 0.036732 0.020020 0.001168 0.356617 0.008537 2.120120
0.534157 0.042931 0.036890 0.020094 0.001167 0.356212 0.008550 2.124382
0.534289 0.042944 0.036943 0.020134 0.001171 0.355955 0.008564 2.128586
0.534433 0.043034 0.036925 0.020251 0.001175 0.355604 0.008578 2.132750
0.534508 0.043236 0.036994 0.020316 0.001169 0.355182 0.008594 2.136946
0.534630 0.043253 0.037133 0.020352 0.001170 0.354852 0.008609 2.141236
0.534701 0.043409 0.037196 0.020377 0.001171 0.354523 0.008622 2.145408
0.534776 0.043548 0.037303 0.020366 0.001175 0.354193 0.008639 2.149595
0.534851 0.043586 0.037435 0.020329 0.001181 0.353967 0.008653 2.153856
0.535015 0.043500 0.037614 0.020396 0.001192 0.353614 0.008670 2.158188
0.535148 0.043492 0.037649 0.020475 0.001190 0.353358 0.008689 2.162438
0.535326 0.043471 0.037701 0.020493 0.001198 0.353105 0.008705 2.166719
0.535423 0.043414 0.037775 0.020535 0.001196 0.352933 0.008724 2.171037
0.535687 0.043354 0.037827 0.020537 0.001209 0.352650 0.008736 2.175314
0.535773 0.043439 0.037812 0.020543 0.001215 0.352468 0.008749 2.179470
0.535960 0.043394 0.037891 0.020567 0.001221 0.352203 0.008765 2.183706
0.536104 0.043423 0.037840 0.020604 0.001225 0.352026 0.008779 2.187929
0.536273 0.043387 0.037914 0.020666 0.001214 0.351750 0.008795 2.192210
0.536490 0.043296 0.037999 0.020686 0.001232 0.351489 0.008808 2.196515
0.536706 0.043185 0.038155 0.020695 0.001238 0.351200 0.008821 2.200781
0.536796 0.043400 0.038104 0.020694 0.001234 0.350932 0.008842 2.204877
0.536968 0.043359 0.038097 0.020774 0.001236 0.350707 0.008859 2.209172
0.537150 0.043292 0.038151 0.020819 0.001241 0.350470 0.008877 2.213455
0.537381 0.043309 0.038169 0.020798 0.001236 0.350211 0.008894 2.217687
0.537486 0.043363 0.038160 0.020820 0.001246 0.350016 0.008908 2.221881
0.537581 0.043283 0.038281 0.020875 0.001246 0.349808 0.008926 2.226179
0.537765 0.043115 0.038350 0.020929 0.001253 0.349650 0.008941 2.230463
0.537968 0.043141 0.038310 0.020909 0.001255 0.349459 0.008959 2.234630
0.538083 0.043219 0.038351 0.020940 0.001250 0.349185 0.008974 2.238818
0.538212 0.043165 0.038350 0.020946 0.001239 0.349097 0.008992 2.243090
0.538357 0.043180 0.038380 0.020927 0.001242 0.348908 0.009005 2.247288
0.538464 0.043062 0.038418 0.020985 0.001252 0.348800 0.009021 2.251591
0.538622 0.043038 0.038454 0.020873 0.001250 0.348724 0.009039 2.255804
0.538860 0.042912 0.038541 0.020816 0.001248 0.348567 0.009055 2.260062
0.539086 0.042821 0.038553 0.020865 0.001257 0.348346 0.009073 2.264290
0.539252 0.042739 0.038534 0.020821 0.001256 0.348312 0.009086 2.268489
0.539430 0.042686 0.038488 0.020815 0.001255 0.348221 0.009105 2.272616
0.539580 0.042749 0.038510 0.020751 0.001240 0.348049 0.009122 2.276761
0.539828 0.042629 0.038496 0.020731 0.001248 0.347931 0.009137 2.280972
0.540049 0.042630 0.038491 0.020692 0.001238 0.347747 0.009154 2.285147
0.540149 0.042534 0.038514 0.020727 0.001234 0.347669 0.009173 2.289354
0.540236 0.042526 0.038467 0.020748 0.001236 0.347602 0.009186 2.293578
0.540431 0.042440 0.038512 0.020698 0.001242 0.347480 0.009198 2.297779
0.540655 0.042339 0.038454 0.020723 0.001239 0.347373 0.009218 2.301998
0.540971 0.042347 0.038384 0.020689 0.001243 0.347132 0.009234 2.306107
0.541115 0.042373 0.038254 0.020628 0.001252 0.347128 0.009250 2.310233
0.541362 0.042285 0.038242 0.020613 0.001252 0.346983 0.009262 2.314424
0.541651 0.042243 0.038198 0.020586 0.001255 0.346786 0.009282 2.318505
0.541813 0.042277 0.038069 0.020562 0.001247 0.346731 0.009301 2.322547
0.542016 0.042224 0.038052 0.020531 0.001249 0.346617 0.009312 2.326692
0.542264 0.042194 0.038116 0.020520 0.001253 0.346326 0.009327 2.330901
0.542514 0.042198 0.038003 0.020483 0.001255 0.346204 0.009344 2.334985
0.542729 0.042027 0.037978 0.020537 0.001263 0.346109 0.009358 2.339198
0.542928 0.042003 0.037973 0.020491 0.001262 0.345972 0.009371 2.343359
0.543091 0.041975 0.037948 0.020448 0.001256 0.345895 0.009387 2.347475
0.543289 0.041895 0.037966 0.020420 0.001255 0.345774 0.009401 2.351620
0.543515 0.041854 0.037930 0.020373 0.001264 0.345649 0.009415 2.355758
0.543733 0.041862 0.037850 0.020376 0.001265 0.345482 0.009432 2.359846
0.544029 0.041791 0.037787 0.020389 0.001262 0.345299 0.009444 2.363952
0.544279 0.041803 0.037658 0.020283 0.001263 0.345255 0.009461 2.367996
0.544502 0.041725 0.037650 0.020254 0.001266 0.345130 0.009474 2.372120
0.544705 0.041829 0.037505 0.020253 0.001264 0.344955 0.009488 2.376136
0.544868 0.041904 0.037431 0.020204 0.001257 0.344831 0.009505 2.380138
0.545066 0.041844 0.037500 0.020146 0.001254 0.344671 0.009520 2.384260
0.545302 0.041879 0.037542 0.020169 0.001257 0.344317 0.009535 2.388369
0.545479 0.041923 0.037462 0.020064 0.001264 0.344259 0.009550 2.392384
0.545746 0.041822 0.037560 0.020067 0.001257 0.343981 0.009566 2.396514
0.546071 0.041741 0.037604 0.020061 0.001278 0.343666 0.009579 2.400571
0.546284 0.041706 0.037576 0.020140 0.001280 0.343420 0.009594 2.404691
0.546610 0.041663 0.037489 0.020202 0.001285 0.343137 0.009615 2.408762
0.546691 0.041698 0.037419 0.020180 0.001273 0.343110 0.009628 2.412828
0.546893 0.041638 0.037394 0.020157 0.001264 0.343008 0.009645 2.416896
0.547055 0.041658 0.037339 0.020134 0.001271 0.342886 0.009659 2.420937
0.547393 0.041573 0.037253 0.020136 0.001267 0.342703 0.009676 2.424945
0.547669 0.041531 0.037302 0.020127 0.001256 0.342421 0.009694 2.429030
0.547871 0.041506 0.037291 0.020114 0.001252 0.342254 0.009713 2.433108
0.548075 0.041367 0.037311 0.020164 0.001267 0.342086 0.009730 2.437232
0.548367 0.041359 0.037225 0.020167 0.001268 0.341875 0.009741 2.441247
0.548446 0.041379 0.037278 0.020157 0.001280 0.341703 0.009756 2.445346
0.548670 0.041386 0.037235 0.020108 0.001286 0.341547 0.009769 2.449366
0.548855 0.041384 0.037129 0.020160 0.001282 0.341406 0.009784 2.453393
0.549068 0.041400 0.037129 0.020139 0.001289 0.341175 0.009799 2.457424
0.549265 0.041423 0.037124 0.020133 0.001292 0.340943 0.009820 2.461466
0.549417 0.041483 0.037117 0.020132 0.001290 0.340728 0.009832 2.465521
0.549645 0.041409 0.037060 0.020164 0.001301 0.340576 0.009846 2.469593
0.549833 0.041433 0.037010 0.020129 0.001293 0.340440 0.009862 2.473645
0.550097 0.041502 0.036936 0.020089 0.001301 0.340202 0.009874 2.477675
0.550321 0.041422 0.036883 0.020103 0.001297 0.340084 0.009890 2.481744
0.550541 0.041321 0.036956 0.020132 0.001287 0.339858 0.009907 2.485869
0.550635 0.041314 0.036943 0.020160 0.001288 0.339736 0.009925 2.489980
0.550833 0.041314 0.036933 0.020103 0.001284 0.339589 0.009945 2.494028
0.551125 0.041352 0.036870 0.020060 0.001270 0.339362 0.009961 2.498049
0.551311 0.041361 0.036860 0.020089 0.001274 0.339134 0.009973 2.502120
0.551446 0.041401 0.036834 0.020087 0.001272 0.338972 0.009987 2.506189
0.551672 0.041432 0.036822 0.020035 0.001281 0.338755 0.010003 2.510233
0.551903 0.041443 0.036774 0.020006 0.001276 0.338579 0.010019 2.514269
0.552257 0.041345 0.036811 0.020039 0.001265 0.338246 0.010037 2.518413
0.552441 0.041296 0.036857 0.020061 0.001256 0.338036 0.010053 2.522496
0.552608 0.041294 0.036729 0.020168 0.001255 0.337878 0.010068 2.526522
0.552715 0.041330 0.036751 0.020129 0.001245 0.337746 0.010084 2.530580
0.552848 0.041302 0.036695 0.020162 0.001251 0.337643 0.010100 2.534661
0.553082 0.041352 0.036619 0.020190 0.001238 0.337402 0.010118 2.538636
0.553245 0.041291 0.036651 0.020145 0.001249 0.337287 0.010133 2.542719
0.553394 0.041347 0.036594 0.020129 0.001248 0.337139 0.010148 2.546761
0.553487 0.041317 0.036638 0.020074 0.001243 0.337077 0.010164 2.550864
0.553611 0.041405 0.036625 0.020071 0.001238 0.336869 0.010181 2.554873
0.553814 0.041330 0.036680 0.020103 0.001221 0.336656 0.010195 2.558988
0.553831 0.041451 0.036682 0.020087 0.001233 0.336508 0.010209 2.562982
0.553952 0.041526 0.036708 0.020067 0.001230 0.336289 0.010229 2.567017
0.554050 0.041521 0.036731 0.020045 0.001233 0.336176 0.010244 2.571110
0.554182 0.041523 0.036757 0.020055 0.001238 0.335986 0.010259 2.575175
0.554319 0.041443 0.036793 0.020061 0.001236 0.335875 0.010274 2.579284
0.554401 0.041510 0.036865 0.020016 0.001240 0.335679 0.010289 2.583348
0.554597 0.041546 0.036764 0.019989 0.001244 0.335555 0.010306 2.587335
0.554631 0.041774 0.036826 0.020004 0.001253 0.335186 0.010328 2.591331
0.554609 0.041789 0.036840 0.020052 0.001256 0.335111 0.010342 2.595475
0.554615 0.041839 0.036897 0.020015 0.001272 0.335003 0.010357 2.599573
0.554730 0.041928 0.036871 0.020010 0.001279 0.334809 0.010372 2.603601
0.554766 0.041970 0.036877 0.020026 0.001277 0.334697 0.010386 2.607677
0.554840 0.041955 0.036876 0.020064 0.001276 0.334589 0.010399 2.611792
0.554933 0.041937 0.036865 0.020097 0.001279 0.334475 0.010413 2.615897
0.555050 0.041891 0.036874 0.020102 0.001276 0.334378 0.010430 2.620050
0.555176 0.041816 0.036914 0.020107 0.001264 0.334271 0.010453 2.624175
0.555269 0.041820 0.036918 0.020116 0.001260 0.334149 0.010470 2.628298
0.555308 0.041910 0.036962 0.020119 0.001259 0.333963 0.010480 2.632397
0.555343 0.041910 0.037036 0.020108 0.001254 0.333854 0.010497 2.636494
0.555398 0.041904 0.037124 0.020171 0.001251 0.333646 0.010506 2.640631
0.555354 0.041991 0.037146 0.020148 0.001251 0.333589 0.010522 2.644693
0.555548 0.041978 0.037130 0.020196 0.001251 0.333361 0.010539 2.648802
0.555490 0.042064 0.037122 0.020144 0.001253 0.333372 0.010555 2.652907
0.555481 0.042066 0.037187 0.020161 0.001252 0.333283 0.010570 2.657057
0.555507 0.042152 0.037110 0.020195 0.001249 0.333200 0.010588 2.661120
0.555618 0.042062 0.037167 0.020200 0.001236 0.333114 0.010604 2.665293
0.555554 0.042120 0.037176 0.020165 0.001237 0.333128 0.010621 2.669454
0.555570 0.042158 0.037180 0.020147 0.001235 0.333072 0.010639 2.673538
0.555595 0.042217 0.037136 0.020144 0.001240 0.333015 0.010652 2.677658
0.555666 0.042264 0.037093 0.020141 0.001244 0.332925 0.010668 2.681755
0.555658 0.042246 0.037143 0.020209 0.001253 0.332807 0.010684 2.685906
0.555542 0.042306 0.037261 0.020180 0.001267 0.332744 0.010700 2.690082
0.555566 0.042198 0.037415 0.020236 0.001260 0.332614 0.010712 2.694339
0.555594 0.042196 0.037372 0.020233 0.001267 0.332615 0.010725 2.698430
0.555629 0.042275 0.037373 0.020241 0.001257 0.332486 0.010739 2.702530
0.555634 0.042272 0.037376 0.020210 0.001255 0.332492 0.010760 2.706635
0.555670 0.042259 0.037491 0.020228 0.001264 0.332311 0.010777 2.710794
0.555699 0.042290 0.037460 0.020157 0.001273 0.332329 0.010793 2.714868
0.555633 0.042268 0.037458 0.020168 0.001265 0.332395 0.010813 2.719057
0.555569 0.042310 0.037353 0.020162 0.001263 0.332514 0.010830 2.723158
0.555531 0.042315 0.037406 0.020155 0.001259 0.332485 0.010850 2.727274
0.555531 0.042367 0.037429 0.020145 0.001255 0.332404 0.010870 2.731431
0.555511 0.042387 0.037443 0.020119 0.001255 0.332402 0.010884 2.735548
0.555562 0.042389 0.037525 0.020146 0.001260 0.332220 0.010899 2.739729
0.555502 0.042466 0.037535 0.020108 0.001253 0.332219 0.010917 2.743846
0.555570 0.042416 0.037465 0.020148 0.001258 0.332211 0.010932 2.747997
0.555506 0.042405 0.037518 0.020160 0.001254 0.332212 0.010947 2.752151
0.555511 0.042422 0.037535 0.020179 0.001262 0.332132 0.010958 2.756290
0.555610 0.042476 0.037529 0.020169 0.001263 0.331978 0.010974 2.760350
0.555712 0.042461 0.037460 0.020227 0.001260 0.331894 0.010987 2.764466
0.555710 0.042384 0.037541 0.020310 0.001261 0.331793 0.011003 2.768693
0.555657 0.042412 0.037554 0.020318 0.001257 0.331782 0.011020 2.772856
0.555691 0.042421 0.037594 0.020344 0.001258 0.331659 0.011034 2.776979
0.555695 0.042346 0.037644 0.020373 0.001253 0.331642 0.011048 2.781180
0.555697 0.042379 0.037721 0.020333 0.001246 0.331559 0.011066 2.785294
0.555634 0.042379 0.037713 0.020309 0.001244 0.331645 0.011076 2.789404
0.555655 0.042418 0.037663 0.020325 0.001242 0.331608 0.011089 2.793514
0.555680 0.042346 0.037683 0.020342 0.001244 0.331603 0.011103 2.797685
0.555565 0.042420 0.037648 0.020338 0.001252 0.331662 0.011116 2.801806
0.555592 0.042248 0.037744 0.020385 0.001258 0.331644 0.011129 2.806085
0.555605 0.042217 0.037689 0.020455 0.001265 0.331628 0.011140 2.810223
0.555501 0.042273 0.037632 0.020420 0.001283 0.331737 0.011155 2.814328
0.555635 0.042198 0.037606 0.020426 0.001273 0.331690 0.011173 2.818449
0.555747 0.042176 0.037685 0.020427 0.001270 0.331503 0.011191 2.822594
0.555685 0.042086 0.037747 0.020431 0.001277 0.331568 0.011206 2.826795
0.555692 0.042144 0.037746 0.020382 0.001286 0.331530 0.011220 2.830917
0.555699 0.042193 0.037702 0.020364 0.001284 0.331523 0.011235 2.835039
0.555689 0.042156 0.037721 0.020359 0.001281 0.331542 0.011252 2.839203
0.555731 0.042103 0.037735 0.020363 0.001288 0.331510 0.011271 2.843343
0.555713 0.042151 0.037682 0.020318 0.001285 0.331564 0.011289 2.847453
0.555771 0.042186 0.037706 0.020256 0.001285 0.331490 0.011305 2.851541
0.555739 0.042222 0.037702 0.020279 0.001283 0.331459 0.011316 2.855682
0.555783 0.042029 0.037727 0.020305 0.001289 0.331533 0.011335 2.859895
0.555941 0.041939 0.037674 0.020312 0.001278 0.331503 0.011355 2.864013
0.555940 0.041910 0.037713 0.020315 0.001270 0.331484 0.011369 2.868189
0.556001 0.041908 0.037662 0.020323 0.001266 0.331458 0.011384 2.872296
0.555973 0.041946 0.037660 0.020328 0.001275 0.331421 0.011398 2.876418
0.556048 0.041959 0.037655 0.020322 0.001269 0.331332 0.011415 2.880556
0.556024 0.042021 0.037603 0.020321 0.001260 0.331341 0.011431 2.884619
0.556024 0.042042 0.037582 0.020350 0.001264 0.331292 0.011447 2.888761
0.556033 0.042006 0.037656 0.020323 0.001268 0.331253 0.011461 2.892956
0.556021 0.042102 0.037552 0.020285 0.001278 0.331287 0.011475 2.897015
0.556021 0.042039 0.037553 0.020332 0.001270 0.331295 0.011491 2.901219
0.556079 0.042013 0.037485 0.020370 0.001265 0.331282 0.011507 2.905348
0.556073 0.042078 0.037451 0.020362 0.001258 0.331251 0.011527 2.909407
0.556020 0.042109 0.037425 0.020344 0.001268 0.331291 0.011543 2.913525
0.556057 0.042015 0.037436 0.020393 0.001256 0.331282 0.011562 2.917680
0.556061 0.042052 0.037370 0.020317 0.001254 0.331373 0.011574 2.921741
0.556025 0.042115 0.037350 0.020248 0.001246 0.331432 0.011585 2.925831
0.556055 0.042076 0.037359 0.020262 0.001253 0.331396 0.011600 2.929976
0.556144 0.042029 0.037306 0.020255 0.001259 0.331390 0.011617 2.934054
0.556204 0.041922 0.037359 0.020261 0.001269 0.331358 0.011627 2.938189
0.556096 0.042004 0.037405 0.020135 0.001275 0.331444 0.011640 2.942211
0.556130 0.042109 0.037368 0.020153 0.001270 0.331313 0.011656 2.946268
0.556156 0.042029 0.037411 0.020192 0.001273 0.331270 0.011669 2.950437
0.556205 0.042024 0.037381 0.020191 0.001278 0.331237 0.011683 2.954530
0.556264 0.041984 0.037383 0.020195 0.001273 0.331202 0.011698 2.958681
0.556266 0.041899 0.037335 0.020189 0.001279 0.331322 0.011711 2.962810
0.556315 0.041853 0.037344 0.020242 0.001274 0.331246 0.011726 2.966961
0.556381 0.041864 0.037349 0.020221 0.001274 0.331166 0.011745 2.971031
0.556513 0.041735 0.037357 0.020244 0.001280 0.331114 0.011758 2.975205
0.556559 0.041810 0.037265 0.020226 0.001287 0.331075 0.011778 2.979220
0.556487 0.041785 0.037240 0.020237 0.001270 0.331178 0.011802 2.983327
0.556487 0.041818 0.037233 0.020225 0.001279 0.331143 0.011817 2.987461
0.556577 0.041828 0.037173 0.020176 0.001285 0.331134 0.011828 2.991500
0.556657 0.041835 0.037061 0.020179 0.001278 0.331146 0.011845 2.995590
0.556737 0.041863 0.037055 0.020127 0.001270 0.331085 0.011863 2.999671
0.556769 0.041927 0.037043 0.020174 0.001273 0.330940 0.011875 3.003732
0.556852 0.041879 0.037141 0.020187 0.001276 0.330772 0.011894 3.007836
0.557031 0.041817 0.037175 0.020108 0.001271 0.330688 0.011910 3.011903
0.557043 0.041785 0.037236 0.020116 0.001261 0.330630 0.011928 3.016030
0.557134 0.041780 0.037216 0.020111 0.001252 0.330564 0.011942 3.020134
0.557278 0.041651 0.037237 0.020143 0.001252 0.330481 0.011958 3.024269
0.557307 0.041662 0.037202 0.020151 0.001255 0.330452 0.011972 3.028337
0.557333 0.041706 0.037216 0.020161 0.001258 0.330340 0.011986 3.032420
0.557437 0.041734 0.037270 0.020131 0.001242 0.330178 0.012007 3.036459
0.557462 0.041804 0.037212 0.020100 0.001236 0.330165 0.012021 3.040500
0.557456 0.041895 0.037288 0.020026 0.001247 0.330051 0.012037 3.044556
0.557496 0.041874 0.037238 0.020089 0.001255 0.330001 0.012046 3.048611
0.557522 0.041872 0.037220 0.020109 0.001246 0.329968 0.012061 3.052717
0.557559 0.041868 0.037268 0.020112 0.001235 0.329880 0.012078 3.056838
0.557585 0.041911 0.037266 0.020089 0.001231 0.329823 0.012095 3.060898
0.557627 0.041942 0.037281 0.020117 0.001221 0.329699 0.012112 3.064980
0.557665 0.041964 0.037188 0.020170 0.001212 0.329671 0.012131 3.069081
0.557634 0.041948 0.037186 0.020156 0.001218 0.329714 0.012144 3.073219
0.557707 0.041963 0.037230 0.020150 0.001212 0.329579 0.012161 3.077331
0.557844 0.041919 0.037220 0.020148 0.001224 0.329470 0.012176 3.081376
0.557984 0.041937 0.037189 0.020116 0.001231 0.329352 0.012192 3.085384
0.558069 0.041931 0.037157 0.020104 0.001230 0.329298 0.012210 3.089473
0.557989 0.041888 0.037195 0.020135 0.001239 0.329331 0.012224 3.093623
0.558066 0.041806 0.037144 0.020100 0.001235 0.329415 0.012234 3.097720
0.558021 0.041884 0.037201 0.020089 0.001231 0.329325 0.012250 3.101824
0.558074 0.041970 0.037096 0.020060 0.001232 0.329303 0.012265 3.105833
0.558016 0.041999 0.037052 0.020113 0.001233 0.329309 0.012279 3.109942
0.557948 0.042075 0.037074 0.020070 0.001238 0.329299 0.012295 3.114049
0.558011 0.041938 0.037075 0.020047 0.001256 0.329365 0.012307 3.118258
0.558093 0.041835 0.037134 0.020076 0.001249 0.329288 0.012326 3.122412
0.558178 0.041696 0.037193 0.020078 0.001246 0.329270 0.012340 3.126568
0.558129 0.041692 0.037202 0.020113 0.001253 0.329260 0.012351 3.130685
0.558181 0.041590 0.037211 0.020160 0.001245 0.329246 0.012367 3.134803
0.558132 0.041565 0.037253 0.020211 0.001256 0.329205 0.012380 3.138914
0.558135 0.041599 0.037304 0.020174 0.001250 0.329141 0.012398 3.142978
0.558220 0.041530 0.037364 0.020151 0.001254 0.329068 0.012413 3.147045
0.558221 0.041490 0.037336 0.020128 0.001258 0.329139 0.012429 3.151111
0.558271 0.041388 0.037390 0.020130 0.001262 0.329115 0.012444 3.155275
0.558298 0.041437 0.037353 0.020074 0.001264 0.329116 0.012460 3.159303
0.558255 0.041446 0.037306 0.020098 0.001259 0.329158 0.012479 3.163364
0.558240 0.041503 0.037277 0.020049 0.001256 0.329183 0.012492 3.167436
0.558417 0.041410 0.037225 0.020059 0.001253 0.329130 0.012507 3.171522
0.558545 0.041409 0.037168 0.020076 0.001263 0.329018 0.012522 3.175537
0.558602 0.041383 0.037234 0.020082 0.001265 0.328901 0.012534 3.179661
0.558718 0.041452 0.037156 0.020097 0.001258 0.328768 0.012551 3.183676
0.558718 0.041468 0.037081 0.020129 0.001252 0.328781 0.012569 3.187744
0.558802 0.041488 0.037073 0.020138 0.001252 0.328660 0.012587 3.191776
0.558851 0.041541 0.037176 0.020137 0.001259 0.328435 0.012602 3.195877
0.558895 0.041524 0.037156 0.020118 0.001248 0.328440 0.012619 3.199940
0.559015 0.041555 0.037142 0.020106 0.001244 0.328302 0.012636 3.203942
0.558977 0.041570 0.037094 0.020083 0.001241 0.328380 0.012656 3.207997
0.558975 0.041577 0.037222 0.020046 0.001235 0.328272 0.012673 3.212108
0.558955 0.041635 0.037196 0.020039 0.001237 0.328245 0.012693 3.216152
0.559035 0.041629 0.037209 0.020048 0.001244 0.328124 0.012711 3.220268
0.558997 0.041709 0.037188 0.020025 0.001241 0.328117 0.012724 3.224294
0.558929 0.041819 0.037170 0.019965 0.001254 0.328125 0.012737 3.228294
0.558891 0.041824 0.037199 0.019944 0.001259 0.328133 0.012750 3.232364
0.558953 0.041864 0.037168 0.019932 0.001264 0.328058 0.012762 3.236431
0.558937 0.041839 0.037182 0.019918 0.001265 0.328082 0.012776 3.240566
0.558974 0.041814 0.037200 0.019950 0.001250 0.328015 0.012796 3.244689
0.559013 0.041827 0.037224 0.019930 0.001258 0.327931 0.012817 3.248808
0.558994 0.041843 0.037222 0.019968 0.001246 0.327892 0.012835 3.252899
0.558968 0.041896 0.037220 0.019943 0.001242 0.327880 0.012851 3.256993
0.559009 0.041877 0.037202 0.019964 0.001248 0.327835 0.012864 3.261122
0.558995 0.041842 0.037252 0.020012 0.001244 0.327777 0.012879 3.265190
0.558982 0.041923 0.037280 0.020011 0.001245 0.327663 0.012896 3.269267
0.558934 0.041986 0.037255 0.020046 0.001255 0.327615 0.012910 3.273363
0.558886 0.041986 0.037310 0.020062 0.001252 0.327578 0.012926 3.277471
0.558945 0.041937 0.037461 0.020056 0.001254 0.327405 0.012943 3.281642
0.558867 0.042015 0.037463 0.020027 0.001253 0.327412 0.012964 3.285757
0.558712 0.042107 0.037361 0.020032 0.001252 0.327554 0.012982 3.289823
0.558712 0.042078 0.037398 0.020013 0.001250 0.327553 0.012995 3.293941
0.558657 0.042049 0.037411 0.020039 0.001242 0.327595 0.013009 3.298057
0.558608 0.042000 0.037295 0.020064 0.001232 0.327774 0.013028 3.302198
0.558626 0.041977 0.037255 0.020085 0.001230 0.327783 0.013044 3.306257
0.558571 0.042045 0.037161 0.020122 0.001239 0.327805 0.013057 3.310349
0.558670 0.041993 0.037196 0.020176 0.001235 0.327658 0.013072 3.314492
0.558574 0.042019 0.037278 0.020133 0.001225 0.327681 0.013091 3.318613
0.558473 0.042162 0.037267 0.020092 0.001222 0.327682 0.013102 3.322656
0.558454 0.042235 0.037314 0.020073 0.001229 0.327580 0.013116 3.326751
0.558437 0.042167 0.037287 0.020083 0.001229 0.327666 0.013132 3.330912
0.558318 0.042178 0.037273 0.020117 0.001228 0.327737 0.013149 3.335055
0.558315 0.042152 0.037366 0.020082 0.001232 0.327691 0.013162 3.339235
0.558356 0.042055 0.037366 0.020052 0.001234 0.327762 0.013176 3.343369
0.558421 0.042007 0.037394 0.020052 0.001242 0.327690 0.013193 3.347471
0.558285 0.042115 0.037380 0.020051 0.001235 0.327725 0.013210 3.351520
0.558315 0.042088 0.037388 0.020061 0.001230 0.327695 0.013225 3.355608
0.558241 0.042108 0.037366 0.020083 0.001212 0.327747 0.013242 3.359689
0.558168 0.042075 0.037363 0.020144 0.001222 0.327773 0.013255 3.363873
0.558244 0.041996 0.037404 0.020150 0.001224 0.327709 0.013273 3.367958
0.558365 0.041864 0.037366 0.020117 0.001224 0.327781 0.013283 3.372014
0.558398 0.041832 0.037386 0.020090 0.001229 0.327765 0.013301 3.376092
0.558449 0.041828 0.037318 0.020117 0.001225 0.327747 0.013317 3.380159
0.558402 0.041867 0.037299 0.020186 0.001224 0.327694 0.013327 3.384246
0.558442 0.041900 0.037301 0.020210 0.001218 0.327585 0.013343 3.388279
0.558562 0.041803 0.037304 0.020250 0.001217 0.327506 0.013358 3.392383
0.558449 0.041858 0.037357 0.020252 0.001219 0.327493 0.013373 3.396533
0.558539 0.041832 0.037359 0.020200 0.001222 0.327461 0.013387 3.400617
0.558581 0.041810 0.037323 0.020215 0.001231 0.327435 0.013404 3.404727
0.558714 0.041704 0.037271 0.020231 0.001238 0.327422 0.013421 3.408870
0.558785 0.041614 0.037284 0.020227 0.001236 0.327420 0.013434 3.412991
0.558767 0.041614 0.037277 0.020205 0.001242 0.327442 0.013452 3.417090
0.558618 0.041676 0.037346 0.020185 0.001235 0.327473 0.013468 3.421159
0.558642 0.041652 0.037342 0.020200 0.001236 0.327447 0.013482 3.425230
0.558729 0.041498 0.037285 0.020262 0.001236 0.327490 0.013500 3.429381
0.558760 0.041527 0.037246 0.020310 0.001240 0.327401 0.013516 3.433427
0.558798 0.041561 0.037190 0.020261 0.001250 0.327412 0.013530 3.437486
0.558817 0.041470 0.037159 0.020271 0.001253 0.327489 0.013541 3.441583
0.558804 0.041489 0.037189 0.020269 0.001258 0.327438 0.013552 3.445673
0.558863 0.041416 0.037159 0.020285 0.001257 0.327454 0.013567 3.449764
0.558799 0.041454 0.037094 0.020318 0.001262 0.327493 0.013581 3.453830
0.558844 0.041453 0.037097 0.020276 0.001260 0.327476 0.013593 3.457888
0.558893 0.041462 0.037072 0.020305 0.001262 0.327400 0.013606 3.461920
0.558915 0.041559 0.037028 0.020279 0.001265 0.327331 0.013623 3.465949
0.558893 0.041561 0.036973 0.020275 0.001268 0.327391 0.013639 3.469985
0.559061 0.041472 0.036940 0.020252 0.001262 0.327357 0.013657 3.474033
0.558962 0.041424 0.036910 0.020262 0.001257 0.327511 0.013673 3.478100
0.559018 0.041472 0.036871 0.020230 0.001264 0.327458 0.013687 3.482131
0.558999 0.041492 0.036902 0.020222 0.001268 0.327414 0.013703 3.486206
0.559169 0.041469 0.036806 0.020214 0.001278 0.327347 0.013718 3.490221
0.559212 0.041517 0.036812 0.020204 0.001273 0.327251 0.013731 3.494265
0.559151 0.041525 0.036818 0.020292 0.001269 0.327194 0.013751 3.498369
0.559180 0.041535 0.036769 0.020306 0.001265 0.327177 0.013767 3.502437
0.559373 0.041450 0.036765 0.020300 0.001269 0.327061 0.013782 3.506525
0.559381 0.041364 0.036905 0.020286 0.001277 0.326991 0.013798 3.510667
0.559530 0.041361 0.036866 0.020214 0.001277 0.326943 0.013810 3.514668
0.559608 0.041395 0.036828 0.020173 0.001274 0.326899 0.013823 3.518673
0.559601 0.041547 0.036824 0.020130 0.001270 0.326791 0.013837 3.522611
0.559541 0.041653 0.036757 0.020101 0.001268 0.326831 0.013849 3.526583
0.559476 0.041631 0.036709 0.020154 0.001274 0.326894 0.013861 3.530707
0.559557 0.041579 0.036673 0.020118 0.001283 0.326914 0.013876 3.534772
0.559569 0.041680 0.036643 0.020091 0.001288 0.326838 0.013892 3.538741
0.559516 0.041682 0.036725 0.020009 0.001288 0.326875 0.013905 3.542865
0.559588 0.041621 0.036728 0.020038 0.001281 0.326827 0.013917 3.546981
0.559578 0.041598 0.036822 0.020021 0.001278 0.326770 0.013934 3.551112
0.559532 0.041597 0.036834 0.020053 0.001278 0.326757 0.013949 3.555229
0.559568 0.041603 0.036809 0.020070 0.001270 0.326716 0.013965 3.559288
0.559583 0.041628 0.036758 0.020097 0.001272 0.326680 0.013982 3.563349
0.559665 0.041681 0.036622 0.020131 0.001268 0.326634 0.013998 3.567321
0.559696 0.041693 0.036676 0.020057 0.001271 0.326598 0.014009 3.571396
0.559630 0.041625 0.036771 0.020108 0.001265 0.326576 0.014025 3.575584
0.559625 0.041628 0.036841 0.020080 0.001273 0.326514 0.014040 3.579667
0.559643 0.041553 0.036915 0.020057 0.001276 0.326502 0.014052 3.583753
0.559608 0.041590 0.036969 0.020080 0.001265 0.326422 0.014066 3.587812
0.559614 0.041551 0.037006 0.020067 0.001268 0.326415 0.014079 3.591929
0.559631 0.041596 0.036966 0.020070 0.001272 0.326375 0.014090 3.595963
0.559487 0.041630 0.037004 0.020113 0.001274 0.326385 0.014107 3.600081
0.559434 0.041580 0.037033 0.020140 0.001267 0.326419 0.014126 3.604215
0.559463 0.041556 0.037008 0.020136 0.001265 0.326434 0.014139 3.608277
0.559451 0.041609 0.036981 0.020162 0.001256 0.326388 0.014153 3.612346
0.559429 0.041660 0.036984 0.020171 0.001257 0.326329 0.014171 3.616376
0.559380 0.041754 0.036946 0.020169 0.001263 0.326302 0.014185 3.620399
0.559307 0.041857 0.036994 0.020170 0.001264 0.326212 0.014196 3.624467
0.559309 0.041868 0.036999 0.020185 0.001256 0.326172 0.014211 3.628570
0.559235 0.041899 0.036973 0.020151 0.001258 0.326259 0.014224 3.632627
0.559240 0.041901 0.036954 0.020102 0.001256 0.326304 0.014244 3.636721
0.559242 0.041855 0.037063 0.020078 0.001250 0.326249 0.014263 3.640904
0.559157 0.041898 0.037059 0.020101 0.001242 0.326260 0.014283 3.644991
0.559169 0.041950 0.037030 0.020073 0.001246 0.326240 0.014293 3.649026
0.559130 0.041873 0.037104 0.020040 0.001235 0.326307 0.014312 3.653182
0.559085 0.041893 0.037122 0.019997 0.001237 0.326340 0.014326 3.657253
0.559113 0.041910 0.037188 0.019931 0.001242 0.326277 0.014339 3.661314
0.559085 0.041889 0.037127 0.020004 0.001238 0.326301 0.014355 3.665401
0.559011 0.041888 0.037173 0.020025 0.001241 0.326291 0.014372 3.669538
0.558893 0.042001 0.037212 0.019999 0.001241 0.326267 0.014385 3.673590
0.558787 0.041969 0.037202 0.019997 0.001243 0.326403 0.014399 3.677726
0.558831 0.041954 0.037163 0.019963 0.001241 0.326432 0.014416 3.681795
0.558833 0.041997 0.037147 0.019978 0.001248 0.326365 0.014431 3.685833
0.558823 0.041926 0.037142 0.020028 0.001240 0.326395 0.014446 3.689967
0.558856 0.041876 0.037249 0.020045 0.001236 0.326271 0.014465 3.694137
0.558803 0.041951 0.037251 0.020053 0.001223 0.326232 0.014487 3.698181
0.558705 0.041898 0.037261 0.020101 0.001212 0.326320 0.014504 3.702340
0.558634 0.041995 0.037288 0.020115 0.001223 0.326228 0.014519 3.706395
0.558584 0.041942 0.037393 0.020124 0.001216 0.326210 0.014532 3.710515
0.558510 0.042012 0.037309 0.020156 0.001215 0.326253 0.014546 3.714585
0.558485 0.042011 0.037274 0.020142 0.001217 0.326308 0.014563 3.718677
0.558430 0.042060 0.037277 0.020161 0.001229 0.326268 0.014576 3.722762
0.558317 0.041955 0.037347 0.020213 0.001230 0.326343 0.014595 3.726991
0.558291 0.042026 0.037284 0.020195 0.001233 0.326365 0.014605 3.731034
0.558176 0.042070 0.037264 0.020188 0.001236 0.326449 0.014617 3.735168
0.558156 0.042065 0.037310 0.020178 0.001245 0.326412 0.014633 3.739278
0.558134 0.042082 0.037315 0.020190 0.001241 0.326389 0.014649 3.743356
0.558169 0.041942 0.037431 0.020185 0.001247 0.326364 0.014663 3.747571
0.558198 0.042010 0.037306 0.020219 0.001246 0.326344 0.014679 3.751619
0.558226 0.041985 0.037320 0.020290 0.001243 0.326238 0.014698 3.755753
0.558283 0.041943 0.037348 0.020259 0.001248 0.326206 0.014713 3.759843
0.558325 0.041885 0.037360 0.020273 0.001247 0.326183 0.014728 3.763948
0.558257 0.041857 0.037330 0.020253 0.001249 0.326310 0.014743 3.768083
0.558234 0.041970 0.037316 0.020151 0.001241 0.326332 0.014755 3.772082
0.558364 0.041932 0.037336 0.020079 0.001238 0.326281 0.014769 3.776171
0.558352 0.041878 0.037439 0.020041 0.001245 0.326261 0.014785 3.780344
0.558341 0.041865 0.037469 0.020039 0.001244 0.326244 0.014797 3.784452
0.558367 0.041838 0.037496 0.020005 0.001229 0.326254 0.014811 3.788555
0.558364 0.041861 0.037394 0.020055 0.001228 0.326274 0.014824 3.792637
0.558313 0.041860 0.037369 0.020104 0.001226 0.326283 0.014845 3.796755
0.558364 0.041823 0.037292 0.020099 0.001230 0.326327 0.014865 3.800754
0.558309 0.041836 0.037275 0.020067 0.001237 0.326397 0.014879 3.804816
0.558222 0.041842 0.037349 0.020071 0.001244 0.326379 0.014894 3.808938
0.558264 0.041788 0.037306 0.020078 0.001244 0.326405 0.014915 3.813016
0.558285 0.041821 0.037311 0.020047 0.001242 0.326359 0.014934 3.817080
0.558291 0.041775 0.037360 0.020065 0.001230 0.326325 0.014953 3.821185
0.558287 0.041683 0.037308 0.020151 0.001231 0.326371 0.014969 3.825338
0.558323 0.041680 0.037225 0.020191 0.001231 0.326372 0.014979 3.829408
0.558266 0.041683 0.037249 0.020150 0.001233 0.326428 0.014990 3.833528
0.558457 0.041581 0.037236 0.020116 0.001243 0.326360 0.015008 3.837629
0.558530 0.041546 0.037184 0.020127 0.001240 0.326351 0.015021 3.841706
0.558627 0.041381 0.037143 0.020142 0.001237 0.326434 0.015036 3.845833
0.558587 0.041481 0.037118 0.020100 0.001240 0.326425 0.015050 3.849851
0.558631 0.041382 0.037081 0.020119 0.001249 0.326474 0.015065 3.853973
0.558542 0.041444 0.037093 0.020071 0.001229 0.326538 0.015083 3.858019
0.558559 0.041393 0.037116 0.020073 0.001230 0.326532 0.015097 3.862131
0.558540 0.041442 0.037044 0.020050 0.001220 0.326593 0.015111 3.866195
0.558595 0.041399 0.037044 0.020034 0.001233 0.326571 0.015124 3.870255
0.558602 0.041400 0.037062 0.019996 0.001231 0.326565 0.015144 3.874331
0.558699 0.041405 0.037074 0.019976 0.001222 0.326463 0.015161 3.878335
0.558705 0.041330 0.037010 0.019973 0.001212 0.326593 0.015177 3.882435
0.558606 0.041356 0.036969 0.019945 0.001212 0.326719 0.015194 3.886499
0.558613 0.041297 0.036931 0.020002 0.001207 0.326736 0.015213 3.890579
0.558722 0.041328 0.036827 0.020056 0.001200 0.326638 0.015229 3.894597
0.558951 0.041219 0.036855 0.020058 0.001195 0.326477 0.015245 3.898665
0.558951 0.041214 0.036836 0.020083 0.001204 0.326451 0.015262 3.902710
0.558899 0.041261 0.036873 0.020008 0.001196 0.326492 0.015272 3.906742
