0.348897 0.063626 0.056049 0.032314 0.002206 0.490855 0.006052 1.598277
0.350945 0.061463 0.055964 0.032276 0.002187 0.491086 0.006079 1.604480
0.353614 0.059050 0.055832 0.032022 0.002180 0.491194 0.006106 1.610381
0.356807 0.056316 0.055511 0.031722 0.002190 0.491320 0.006135 1.616055
0.360105 0.053715 0.055098 0.031281 0.002179 0.491452 0.006168 1.621396
0.363714 0.050984 0.054552 0.030859 0.002174 0.491522 0.006196 1.626611
0.367545 0.048420 0.053855 0.030389 0.002176 0.491396 0.006220 1.631469
0.371480 0.045928 0.053092 0.029879 0.002157 0.491210 0.006253 1.636137
0.375496 0.043630 0.052233 0.029245 0.002138 0.490969 0.006289 1.640545
0.379812 0.041362 0.051277 0.028588 0.002121 0.490517 0.006323 1.644717
0.384098 0.039297 0.050240 0.027965 0.002120 0.489936 0.006344 1.648673
0.388509 0.037216 0.049203 0.027259 0.002113 0.489331 0.006369 1.652458
0.392941 0.035408 0.048098 0.026510 0.002104 0.488542 0.006398 1.656008
0.397345 0.033667 0.046991 0.025871 0.002069 0.487630 0.006426 1.659404
0.401755 0.032019 0.045850 0.025128 0.002057 0.486742 0.006449 1.662657
0.406143 0.030592 0.044647 0.024364 0.002036 0.485739 0.006481 1.665699
0.410670 0.029240 0.043393 0.023630 0.002002 0.484554 0.006512 1.668577
0.415231 0.027899 0.042149 0.022963 0.001982 0.483239 0.006538 1.671382
0.419778 0.026692 0.040998 0.022295 0.001953 0.481715 0.006569 1.674090
0.424328 0.025547 0.039833 0.021564 0.001940 0.480195 0.006594 1.676651
0.428914 0.024415 0.038640 0.020912 0.001918 0.478581 0.006620 1.679142
0.433654 0.023380 0.037477 0.020232 0.001893 0.476725 0.006641 1.681530
0.438283 0.022413 0.036261 0.019616 0.001872 0.474897 0.006659 1.683794
0.442920 0.021599 0.035062 0.018980 0.001849 0.472912 0.006679 1.685937
0.447620 0.020789 0.034003 0.018317 0.001831 0.470734 0.006706 1.688000
0.452312 0.019959 0.032903 0.017747 0.001813 0.468541 0.006725 1.690021
0.456888 0.019196 0.031948 0.017202 0.001780 0.466238 0.006748 1.691996
0.461443 0.018592 0.030859 0.016582 0.001748 0.464003 0.006774 1.693788
0.466014 0.017936 0.029976 0.016003 0.001738 0.461542 0.006791 1.695630
0.470701 0.017391 0.028944 0.015489 0.001717 0.458942 0.006816 1.697332
0.475205 0.016863 0.027992 0.015004 0.001687 0.456414 0.006835 1.698980
0.479879 0.016348 0.027105 0.014484 0.001649 0.453676 0.006860 1.700611
0.484416 0.015885 0.026270 0.014012 0.001619 0.450919 0.006880 1.702187
0.488916 0.015486 0.025451 0.013559 0.001588 0.448104 0.006897 1.703705
0.493406 0.015100 0.024634 0.013101 0.001569 0.445278 0.006914 1.705220
0.497888 0.014767 0.023791 0.012726 0.001542 0.442351 0.006935 1.706665
0.502315 0.014375 0.023012 0.012363 0.001505 0.439479 0.006951 1.708104
0.506651 0.014007 0.022363 0.011975 0.001484 0.436551 0.006970 1.709516
0.511047 0.013717 0.021645 0.011579 0.001460 0.433559 0.006992 1.710858
0.515369 0.013400 0.021020 0.011211 0.001428 0.430562 0.007011 1.712207
0.519721 0.013116 0.020354 0.010862 0.001400 0.427518 0.007029 1.713471
0.523999 0.012905 0.019751 0.010517 0.001372 0.424407 0.007050 1.714736
0.528275 0.012644 0.019178 0.010186 0.001344 0.421307 0.007067 1.716001
0.532509 0.012437 0.018563 0.009900 0.001324 0.418183 0.007085 1.717193
0.536725 0.012236 0.018054 0.009645 0.001304 0.414937 0.007099 1.718421
0.540894 0.011996 0.017534 0.009398 0.001270 0.411794 0.007115 1.719619
0.545060 0.011762 0.017062 0.009161 0.001248 0.408573 0.007133 1.720837
0.549227 0.011588 0.016549 0.008896 0.001209 0.405379 0.007152 1.721945
0.553362 0.011382 0.016109 0.008678 0.001193 0.402104 0.007171 1.723078
0.557445 0.011263 0.015690 0.008459 0.001170 0.398787 0.007186 1.724150
0.561526 0.011132 0.015229 0.008218 0.001150 0.395545 0.007200 1.725195
0.565552 0.010941 0.014876 0.008011 0.001118 0.392282 0.007219 1.726280
0.569467 0.010819 0.014544 0.007789 0.001103 0.389045 0.007234 1.727340
0.573380 0.010700 0.014153 0.007593 0.001083 0.385847 0.007245 1.728350
0.577277 0.010586 0.013811 0.007421 0.001067 0.382582 0.007258 1.729372
0.581075 0.010474 0.013438 0.007249 0.001048 0.379449 0.007267 1.730376
0.584867 0.010380 0.013119 0.007068 0.001029 0.376260 0.007277 1.731343
0.588753 0.010212 0.012827 0.006935 0.001005 0.372979 0.007290 1.732353
0.592479 0.010095 0.012578 0.006746 0.000985 0.369818 0.007300 1.733347
0.596132 0.010077 0.012280 0.006607 0.000966 0.366626 0.007313 1.734270
0.599788 0.009980 0.012055 0.006523 0.000946 0.363385 0.007323 1.735266
0.603379 0.009901 0.011828 0.006404 0.000926 0.360226 0.007335 1.736230
0.606902 0.009845 0.011614 0.006271 0.000902 0.357113 0.007352 1.737167
0.610430 0.009765 0.011427 0.006170 0.000886 0.353961 0.007360 1.738127
0.613881 0.009696 0.011219 0.006087 0.000874 0.350876 0.007367 1.739103
0.617333 0.009664 0.011016 0.006008 0.000861 0.347741 0.007378 1.740036
0.620794 0.009587 0.010799 0.005922 0.000841 0.344668 0.007390 1.740982
0.624212 0.009574 0.010627 0.005817 0.000833 0.341541 0.007397 1.741901
0.627619 0.009488 0.010485 0.005729 0.000821 0.338452 0.007406 1.742851
0.630926 0.009479 0.010309 0.005665 0.000797 0.335410 0.007416 1.743750
0.634209 0.009409 0.010178 0.005594 0.000768 0.332415 0.007428 1.744702
0.637483 0.009383 0.010043 0.005542 0.000750 0.329363 0.007438 1.745597
0.640760 0.009303 0.009961 0.005433 0.000733 0.326361 0.007448 1.746512
0.643996 0.009293 0.009794 0.005359 0.000726 0.323378 0.007454 1.747398
0.647169 0.009251 0.009687 0.005310 0.000713 0.320409 0.007461 1.748304
0.650345 0.009227 0.009552 0.005244 0.000701 0.317463 0.007469 1.749183
0.653380 0.009190 0.009447 0.005242 0.000687 0.314573 0.007481 1.750097
0.656435 0.009131 0.009368 0.005196 0.000670 0.311712 0.007489 1.751011
0.659423 0.009169 0.009306 0.005093 0.000659 0.308855 0.007496 1.751881
0.662407 0.009148 0.009233 0.005039 0.000649 0.306023 0.007501 1.752765
0.665376 0.009126 0.009181 0.004973 0.000629 0.303204 0.007511 1.753639
0.668206 0.009110 0.009097 0.004932 0.000619 0.300517 0.007519 1.754521
0.671071 0.009065 0.009025 0.004909 0.000604 0.297798 0.007528 1.755439
0.673970 0.009025 0.008990 0.004860 0.000596 0.295024 0.007534 1.756337
0.676797 0.008966 0.008938 0.004871 0.000577 0.292304 0.007546 1.757251
0.679501 0.008987 0.008901 0.004829 0.000569 0.289660 0.007553 1.758130
0.682184 0.008955 0.008869 0.004796 0.000559 0.287078 0.007560 1.759038
0.684885 0.008983 0.008769 0.004771 0.000544 0.284482 0.007567 1.759893
0.687616 0.008919 0.008707 0.004750 0.000526 0.281908 0.007574 1.760786
0.690213 0.008911 0.008631 0.004719 0.000520 0.279424 0.007581 1.761663
0.692811 0.008950 0.008573 0.004704 0.000517 0.276860 0.007586 1.762523
0.695344 0.008917 0.008578 0.004699 0.000506 0.274366 0.007590 1.763425
0.697842 0.008913 0.008528 0.004681 0.000501 0.271937 0.007598 1.764305
0.700352 0.008929 0.008521 0.004650 0.000491 0.269453 0.007604 1.765199
0.702851 0.008894 0.008492 0.004639 0.000484 0.267027 0.007612 1.766078
0.705275 0.008909 0.008421 0.004606 0.000468 0.264702 0.007619 1.766933
0.707605 0.008926 0.008386 0.004608 0.000461 0.262388 0.007625 1.767819
0.709938 0.008919 0.008364 0.004596 0.000454 0.260099 0.007630 1.768720
0.712206 0.008949 0.008348 0.004603 0.000443 0.257817 0.007635 1.769616
0.714526 0.008926 0.008323 0.004601 0.000441 0.255543 0.007640 1.770506
0.716829 0.008861 0.008319 0.004562 0.000436 0.253349 0.007644 1.771396
0.719100 0.008875 0.008295 0.004505 0.000432 0.251144 0.007648 1.772255
0.721223 0.008928 0.008331 0.004507 0.000429 0.248930 0.007653 1.773163
0.723386 0.008959 0.008259 0.004507 0.000419 0.246813 0.007658 1.774038
0.725543 0.009013 0.008263 0.004477 0.000408 0.244635 0.007663 1.774900
0.727672 0.009054 0.008250 0.004476 0.000403 0.242478 0.007668 1.775778
0.729787 0.009106 0.008216 0.004484 0.000393 0.240340 0.007674 1.776663
0.731795 0.009191 0.008174 0.004474 0.000386 0.238301 0.007679 1.777497
0.733776 0.009279 0.008170 0.004475 0.000381 0.236236 0.007683 1.778406
0.735807 0.009307 0.008153 0.004492 0.000377 0.234176 0.007688 1.779327
0.737738 0.009344 0.008165 0.004533 0.000371 0.232157 0.007692 1.780249
0.739662 0.009424 0.008158 0.004516 0.000374 0.230169 0.007697 1.781131
0.741556 0.009473 0.008165 0.004528 0.000369 0.228209 0.007701 1.782052
0.743379 0.009518 0.008193 0.004528 0.000365 0.226312 0.007704 1.782972
0.745304 0.009564 0.008230 0.004552 0.000363 0.224282 0.007706 1.783916
0.747119 0.009602 0.008264 0.004545 0.000363 0.222397 0.007710 1.784877
0.748960 0.009563 0.008292 0.004560 0.000361 0.220550 0.007714 1.785832
0.750679 0.009619 0.008284 0.004543 0.000357 0.218800 0.007718 1.786760
0.752439 0.009658 0.008292 0.004526 0.000356 0.217007 0.007723 1.787682
0.754085 0.009741 0.008318 0.004542 0.000349 0.215233 0.007732 1.788616
0.755727 0.009799 0.008313 0.004571 0.000347 0.213504 0.007737 1.789551
0.757401 0.009841 0.008347 0.004554 0.000342 0.211774 0.007741 1.790503
0.759006 0.009921 0.008363 0.004556 0.000334 0.210073 0.007746 1.791450
0.760618 0.010016 0.008312 0.004569 0.000336 0.208400 0.007750 1.792374
0.762210 0.010105 0.008331 0.004569 0.000340 0.206691 0.007754 1.793331
0.763721 0.010147 0.008366 0.004607 0.000331 0.205070 0.007760 1.794329
0.765209 0.010269 0.008399 0.004615 0.000329 0.203417 0.007763 1.795299
0.766695 0.010307 0.008473 0.004631 0.000330 0.201796 0.007767 1.796305
0.768167 0.010351 0.008533 0.004673 0.000328 0.200176 0.007773 1.797332
0.769578 0.010382 0.008571 0.004708 0.000325 0.198658 0.007778 1.798370
0.770906 0.010431 0.008610 0.004746 0.000322 0.197202 0.007784 1.799399
0.772340 0.010497 0.008646 0.004753 0.000323 0.195652 0.007790 1.800399
0.773648 0.010584 0.008659 0.004742 0.000322 0.194254 0.007793 1.801438
0.774966 0.010676 0.008710 0.004769 0.000320 0.192763 0.007796 1.802451
0.776276 0.010693 0.008779 0.004776 0.000316 0.191358 0.007800 1.803509
0.777563 0.010781 0.008817 0.004767 0.000314 0.189953 0.007805 1.804510
0.778860 0.010831 0.008879 0.004779 0.000313 0.188533 0.007808 1.805570
0.780080 0.010924 0.008888 0.004812 0.000312 0.187172 0.007813 1.806617
0.781254 0.010964 0.008981 0.004824 0.000315 0.185848 0.007815 1.807713
0.782390 0.011021 0.009030 0.004848 0.000321 0.184571 0.007819 1.808790
0.783555 0.011083 0.009047 0.004900 0.000321 0.183271 0.007823 1.809859
0.784635 0.011219 0.009068 0.004902 0.000322 0.182030 0.007825 1.810902
0.785718 0.011288 0.009134 0.004942 0.000320 0.180771 0.007827 1.811988
0.786773 0.011364 0.009246 0.004993 0.000324 0.179470 0.007830 1.813107
0.787760 0.011441 0.009327 0.005034 0.000320 0.178281 0.007836 1.814253
0.788688 0.011520 0.009430 0.005056 0.000322 0.177144 0.007841 1.815402
0.789656 0.011583 0.009487 0.005129 0.000322 0.175978 0.007845 1.816555
0.790624 0.011679 0.009550 0.005168 0.000322 0.174807 0.007849 1.817696
0.791579 0.011767 0.009605 0.005198 0.000318 0.173679 0.007854 1.818835
0.792527 0.011813 0.009702 0.005269 0.000315 0.172517 0.007858 1.820024
0.793410 0.011940 0.009783 0.005297 0.000311 0.171397 0.007863 1.821160
0.794261 0.012072 0.009816 0.005349 0.000308 0.170326 0.007867 1.822312
0.795172 0.012137 0.009871 0.005382 0.000309 0.169259 0.007871 1.823493
0.795945 0.012228 0.009949 0.005389 0.000313 0.168302 0.007875 1.824715
0.796792 0.012306 0.010004 0.005432 0.000313 0.167275 0.007879 1.825942
0.797525 0.012426 0.010093 0.005424 0.000312 0.166339 0.007882 1.827145
0.798226 0.012522 0.010180 0.005469 0.000310 0.165409 0.007885 1.828375
0.798955 0.012646 0.010306 0.005479 0.000312 0.164415 0.007888 1.829599
0.799617 0.012747 0.010384 0.005520 0.000310 0.163531 0.007890 1.830859
0.800263 0.012909 0.010417 0.005550 0.000304 0.162663 0.007895 1.832082
0.800978 0.013008 0.010467 0.005605 0.000307 0.161737 0.007898 1.833323
0.801629 0.013075 0.010540 0.005666 0.000307 0.160882 0.007901 1.834599
0.802227 0.013143 0.010632 0.005706 0.000306 0.160080 0.007907 1.835912
0.802760 0.013278 0.010739 0.005752 0.000310 0.159252 0.007909 1.837232
0.803347 0.013367 0.010809 0.005802 0.000319 0.158443 0.007913 1.838538
0.803880 0.013511 0.010933 0.005816 0.000319 0.157625 0.007916 1.839851
0.804409 0.013634 0.010961 0.005857 0.000315 0.156905 0.007919 1.841161
0.804938 0.013681 0.011027 0.005894 0.000317 0.156221 0.007922 1.842504
0.805383 0.013770 0.011162 0.005939 0.000320 0.155500 0.007927 1.843875
0.805870 0.013844 0.011248 0.006014 0.000317 0.154775 0.007932 1.845239
0.806319 0.013976 0.011325 0.006060 0.000312 0.154072 0.007937 1.846608
0.806702 0.014143 0.011375 0.006112 0.000317 0.153412 0.007940 1.847951
0.807120 0.014284 0.011459 0.006124 0.000323 0.152746 0.007944 1.849314
0.807538 0.014372 0.011535 0.006201 0.000323 0.152082 0.007950 1.850722
0.807818 0.014582 0.011632 0.006265 0.000324 0.151427 0.007952 1.852147
0.808215 0.014689 0.011669 0.006330 0.000326 0.150813 0.007957 1.853556
0.808513 0.014780 0.011751 0.006382 0.000331 0.150284 0.007960 1.855020
0.808834 0.014903 0.011865 0.006400 0.000338 0.149698 0.007963 1.856488
0.809138 0.014940 0.012003 0.006478 0.000337 0.149135 0.007969 1.858010
0.809380 0.015088 0.012077 0.006543 0.000341 0.148601 0.007971 1.859476
0.809646 0.015213 0.012196 0.006581 0.000346 0.148045 0.007972 1.860931
0.809814 0.015337 0.012316 0.006646 0.000347 0.147566 0.007976 1.862430
0.810064 0.015466 0.012398 0.006717 0.000348 0.147027 0.007982 1.863949
0.810241 0.015572 0.012479 0.006776 0.000353 0.146593 0.007985 1.865472
0.810468 0.015685 0.012582 0.006820 0.000351 0.146103 0.007991 1.866980
0.810647 0.015759 0.012711 0.006872 0.000357 0.145661 0.007995 1.868565
0.810822 0.015862 0.012816 0.006919 0.000360 0.145222 0.008000 1.870125
0.810982 0.015959 0.012898 0.006990 0.000358 0.144810 0.008005 1.871700
0.811088 0.016119 0.013003 0.007039 0.000360 0.144381 0.008010 1.873255
0.811185 0.016287 0.013091 0.007075 0.000352 0.143995 0.008014 1.874814
0.811229 0.016486 0.013144 0.007101 0.000356 0.143665 0.008018 1.876360
0.811319 0.016593 0.013238 0.007198 0.000357 0.143273 0.008023 1.877966
0.811409 0.016668 0.013362 0.007280 0.000361 0.142895 0.008026 1.879638
0.811429 0.016803 0.013441 0.007329 0.000371 0.142597 0.008030 1.881265
0.811442 0.016931 0.013526 0.007385 0.000376 0.142306 0.008035 1.882914
0.811470 0.017030 0.013652 0.007465 0.000377 0.141968 0.008039 1.884610
0.811424 0.017153 0.013768 0.007506 0.000381 0.141726 0.008043 1.886296
0.811351 0.017239 0.013912 0.007551 0.000380 0.141520 0.008048 1.887999
0.811288 0.017269 0.014051 0.007570 0.000382 0.141390 0.008050 1.889713
0.811319 0.017344 0.014155 0.007626 0.000387 0.141116 0.008055 1.891402
0.811176 0.017425 0.014273 0.007695 0.000385 0.140988 0.008058 1.893148
0.811214 0.017443 0.014367 0.007785 0.000387 0.140743 0.008062 1.894896
0.811157 0.017468 0.014464 0.007865 0.000392 0.140589 0.008066 1.896654
0.811090 0.017576 0.014572 0.007921 0.000395 0.140378 0.008068 1.898360
0.811002 0.017707 0.014632 0.007978 0.000399 0.140210 0.008073 1.900069
0.810952 0.017798 0.014664 0.008008 0.000397 0.140102 0.008078 1.901772
0.810954 0.017881 0.014743 0.008013 0.000408 0.139919 0.008083 1.903477
0.810790 0.017999 0.014797 0.008060 0.000417 0.139850 0.008088 1.905239
0.810678 0.018077 0.014878 0.008104 0.000414 0.139752 0.008098 1.907025
0.810603 0.018093 0.014979 0.008131 0.000412 0.139677 0.008105 1.908800
0.810533 0.018163 0.015035 0.008213 0.000415 0.139531 0.008109 1.910563
0.810462 0.018197 0.015144 0.008241 0.000425 0.139418 0.008113 1.912353
0.810394 0.018257 0.015224 0.008278 0.000429 0.139300 0.008118 1.914142
0.810259 0.018366 0.015248 0.008393 0.000433 0.139177 0.008124 1.915924
0.810099 0.018478 0.015354 0.008398 0.000433 0.139110 0.008128 1.917728
0.809933 0.018561 0.015438 0.008478 0.000431 0.139025 0.008133 1.919539
0.809763 0.018635 0.015568 0.008475 0.000430 0.138989 0.008138 1.921367
0.809589 0.018710 0.015662 0.008520 0.000434 0.138942 0.008142 1.923222
0.809446 0.018750 0.015727 0.008591 0.000440 0.138901 0.008146 1.925084
0.809192 0.018812 0.015790 0.008609 0.000445 0.139003 0.008150 1.926950
0.808988 0.018888 0.015828 0.008669 0.000453 0.139018 0.008155 1.928777
0.808833 0.018922 0.015854 0.008694 0.000464 0.139073 0.008158 1.930629
0.808596 0.018995 0.015895 0.008717 0.000465 0.139169 0.008162 1.932480
0.808395 0.019010 0.015967 0.008797 0.000470 0.139197 0.008165 1.934366
0.808152 0.019097 0.016041 0.008821 0.000470 0.139248 0.008171 1.936247
0.807982 0.019122 0.016113 0.008807 0.000467 0.139330 0.008179 1.938138
0.807771 0.019230 0.016205 0.008796 0.000470 0.139344 0.008186 1.939999
0.807555 0.019265 0.016285 0.008857 0.000474 0.139372 0.008192 1.941892
0.807415 0.019271 0.016339 0.008910 0.000478 0.139391 0.008197 1.943790
0.807240 0.019337 0.016403 0.008937 0.000473 0.139406 0.008205 1.945677
0.807052 0.019440 0.016473 0.008909 0.000476 0.139441 0.008210 1.947493
0.806904 0.019441 0.016522 0.008974 0.000475 0.139470 0.008215 1.949385
0.806612 0.019600 0.016555 0.008974 0.000478 0.139563 0.008220 1.951243
0.806404 0.019587 0.016625 0.008990 0.000482 0.139684 0.008227 1.953159
0.806178 0.019581 0.016707 0.009013 0.000486 0.139800 0.008234 1.955133
0.806016 0.019591 0.016768 0.009022 0.000490 0.139877 0.008237 1.957047
0.805819 0.019634 0.016795 0.009057 0.000485 0.139968 0.008242 1.958965
0.805700 0.019591 0.016867 0.009035 0.000485 0.140073 0.008249 1.960884
0.805475 0.019672 0.016890 0.009033 0.000489 0.140186 0.008254 1.962754
0.805315 0.019632 0.016928 0.009054 0.000493 0.140318 0.008260 1.964681
0.805130 0.019621 0.016972 0.009066 0.000494 0.140450 0.008266 1.966604
0.804985 0.019635 0.017028 0.009088 0.000500 0.140492 0.008272 1.968524
0.804881 0.019595 0.017113 0.009077 0.000498 0.140557 0.008279 1.970480
0.804804 0.019560 0.017151 0.009049 0.000496 0.140656 0.008284 1.972407
0.804545 0.019591 0.017161 0.009007 0.000499 0.140910 0.008287 1.974310
0.804455 0.019566 0.017197 0.009043 0.000505 0.140943 0.008292 1.976219
0.804338 0.019536 0.017223 0.009089 0.000508 0.141011 0.008297 1.978152
0.804140 0.019497 0.017297 0.009125 0.000508 0.141130 0.008303 1.980137
0.804033 0.019467 0.017317 0.009136 0.000510 0.141227 0.008309 1.982053
0.803887 0.019437 0.017364 0.009135 0.000510 0.141350 0.008315 1.984005
0.803757 0.019427 0.017338 0.009138 0.000505 0.141514 0.008322 1.985879
0.803557 0.019396 0.017349 0.009182 0.000504 0.141681 0.008328 1.987785
0.803461 0.019381 0.017387 0.009189 0.000508 0.141740 0.008334 1.989716
0.803231 0.019373 0.017389 0.009195 0.000514 0.141959 0.008340 1.991662
0.803095 0.019367 0.017329 0.009246 0.000516 0.142106 0.008342 1.993590
0.802930 0.019320 0.017343 0.009241 0.000521 0.142298 0.008348 1.995511
0.802822 0.019322 0.017332 0.009235 0.000525 0.142411 0.008353 1.997386
0.802772 0.019225 0.017396 0.009264 0.000531 0.142457 0.008356 1.999338
0.802706 0.019225 0.017388 0.009229 0.000528 0.142563 0.008361 2.001196
0.802617 0.019187 0.017426 0.009229 0.000537 0.142639 0.008365 2.003104
0.802486 0.019171 0.017422 0.009200 0.000534 0.142815 0.008374 2.005018
0.802425 0.019167 0.017392 0.009177 0.000533 0.142928 0.008380 2.006868
0.802292 0.019215 0.017385 0.009167 0.000540 0.143020 0.008382 2.008745
0.802298 0.019114 0.017366 0.009198 0.000541 0.143097 0.008386 2.010635
0.802196 0.019141 0.017392 0.009194 0.000535 0.143148 0.008395 2.012521
0.802107 0.019097 0.017388 0.009183 0.000534 0.143290 0.008400 2.014418
0.802054 0.019090 0.017354 0.009143 0.000540 0.143413 0.008405 2.016260
0.802052 0.019004 0.017359 0.009178 0.000538 0.143458 0.008412 2.018155
0.801937 0.019039 0.017338 0.009165 0.000530 0.143571 0.008421 2.020023
0.801929 0.018963 0.017306 0.009146 0.000538 0.143692 0.008427 2.021910
0.801878 0.019024 0.017268 0.009135 0.000542 0.143722 0.008432 2.023727
0.801882 0.019024 0.017232 0.009082 0.000546 0.143797 0.008438 2.025557
0.801869 0.018986 0.017186 0.009075 0.000548 0.143894 0.008444 2.027417
0.801843 0.018912 0.017168 0.009084 0.000547 0.143998 0.008449 2.029321
0.801902 0.018820 0.017136 0.009077 0.000548 0.144065 0.008454 2.031192
0.801922 0.018778 0.017117 0.009050 0.000539 0.144130 0.008464 2.033040
0.801881 0.018783 0.017085 0.009045 0.000548 0.144188 0.008469 2.034877
0.801919 0.018743 0.017105 0.009025 0.000548 0.144182 0.008477 2.036722
0.801852 0.018767 0.017084 0.009039 0.000544 0.144230 0.008485 2.038528
0.801847 0.018683 0.017081 0.009056 0.000539 0.144304 0.008490 2.040403
0.801831 0.018724 0.017033 0.009036 0.000535 0.144345 0.008498 2.042180
0.801801 0.018712 0.017063 0.009014 0.000536 0.144369 0.008504 2.044002
0.801835 0.018656 0.016998 0.008987 0.000546 0.144467 0.008512 2.045874
0.801797 0.018652 0.016994 0.009003 0.000535 0.144501 0.008519 2.047710
0.801829 0.018626 0.016908 0.008938 0.000536 0.144638 0.008525 2.049497
0.801922 0.018593 0.016873 0.008926 0.000540 0.144618 0.008529 2.051302
0.801866 0.018554 0.016914 0.008901 0.000539 0.144691 0.008535 2.053162
0.801927 0.018477 0.016894 0.008889 0.000539 0.144734 0.008540 2.055007
0.801954 0.018432 0.016933 0.008863 0.000542 0.144732 0.008545 2.056837
0.802044 0.018319 0.016917 0.008827 0.000546 0.144798 0.008550 2.058664
0.802057 0.018310 0.016942 0.008777 0.000551 0.144808 0.008556 2.060485
0.802091 0.018297 0.016900 0.008753 0.000556 0.144842 0.008561 2.062266
0.802033 0.018323 0.016818 0.008764 0.000560 0.144932 0.008571 2.064040
0.802013 0.018343 0.016749 0.008761 0.000560 0.144996 0.008578 2.065828
0.802036 0.018289 0.016748 0.008735 0.000552 0.145054 0.008587 2.067636
0.802037 0.018287 0.016682 0.008748 0.000553 0.145098 0.008595 2.069403
0.802133 0.018252 0.016596 0.008725 0.000547 0.145147 0.008601 2.071158
0.802249 0.018146 0.016579 0.008727 0.000558 0.145136 0.008606 2.072961
0.802347 0.018098 0.016537 0.008719 0.000558 0.145129 0.008611 2.074715
0.802464 0.018024 0.016479 0.008692 0.000556 0.145166 0.008618 2.076481
0.802534 0.017978 0.016479 0.008684 0.000557 0.145142 0.008627 2.078260
0.802597 0.017999 0.016419 0.008651 0.000560 0.145139 0.008634 2.080003
0.802734 0.017895 0.016415 0.008651 0.000556 0.145114 0.008637 2.081785
0.802765 0.017932 0.016337 0.008601 0.000552 0.145169 0.008644 2.083460
0.802859 0.017913 0.016320 0.008578 0.000550 0.145128 0.008652 2.085203
0.802993 0.017854 0.016330 0.008566 0.000554 0.145047 0.008658 2.086950
0.803120 0.017803 0.016294 0.008592 0.000563 0.144968 0.008662 2.088714
0.803249 0.017700 0.016296 0.008619 0.000562 0.144911 0.008665 2.090489
0.803360 0.017633 0.016283 0.008625 0.000548 0.144876 0.008677 2.092267
0.803451 0.017559 0.016234 0.008613 0.000548 0.144913 0.008683 2.094006
0.803549 0.017508 0.016215 0.008606 0.000557 0.144877 0.008688 2.095743
0.803726 0.017464 0.016187 0.008575 0.000559 0.144796 0.008694 2.097454
0.803888 0.017368 0.016150 0.008529 0.000564 0.144801 0.008700 2.099186
0.804084 0.017341 0.016142 0.008502 0.000554 0.144673 0.008707 2.100861
0.804217 0.017312 0.016095 0.008502 0.000550 0.144613 0.008712 2.102581
0.804302 0.017371 0.016069 0.008467 0.000550 0.144525 0.008715 2.104241
0.804512 0.017313 0.016021 0.008452 0.000553 0.144428 0.008721 2.105939
0.804676 0.017351 0.015937 0.008393 0.000550 0.144363 0.008731 2.107550
0.804835 0.017344 0.015893 0.008405 0.000547 0.144240 0.008737 2.109234
0.804967 0.017305 0.015845 0.008411 0.000553 0.144175 0.008743 2.110930
0.805205 0.017232 0.015867 0.008381 0.000554 0.144014 0.008748 2.112619
0.805354 0.017193 0.015846 0.008398 0.000555 0.143901 0.008754 2.114345
0.805462 0.017230 0.015799 0.008389 0.000551 0.143810 0.008758 2.116003
0.805690 0.017169 0.015804 0.008367 0.000551 0.143657 0.008764 2.117675
0.805810 0.017156 0.015796 0.008353 0.000551 0.143565 0.008769 2.119338
0.805981 0.017101 0.015746 0.008339 0.000555 0.143503 0.008776 2.121017
0.806158 0.017066 0.015669 0.008296 0.000551 0.143476 0.008785 2.122671
0.806301 0.017050 0.015616 0.008273 0.000553 0.143420 0.008788 2.124307
0.806362 0.017104 0.015541 0.008260 0.000554 0.143384 0.008796 2.125965
0.806579 0.017014 0.015567 0.008257 0.000550 0.143231 0.008801 2.127648
0.806732 0.017000 0.015532 0.008268 0.000553 0.143110 0.008805 2.129306
0.806845 0.016968 0.015537 0.008257 0.000550 0.143027 0.008816 2.130990
0.806960 0.016963 0.015515 0.008223 0.000552 0.142965 0.008822 2.132632
0.807071 0.016967 0.015510 0.008214 0.000548 0.142862 0.008828 2.134296
0.807209 0.017014 0.015459 0.008228 0.000540 0.142715 0.008834 2.135947
0.807346 0.017000 0.015432 0.008225 0.000537 0.142622 0.008838 2.137617
0.807540 0.016943 0.015406 0.008238 0.000537 0.142497 0.008842 2.139254
0.807731 0.016855 0.015404 0.008218 0.000530 0.142414 0.008849 2.140938
0.807900 0.016795 0.015443 0.008173 0.000526 0.142307 0.008856 2.142605
0.808056 0.016835 0.015436 0.008153 0.000519 0.142141 0.008861 2.144247
0.808192 0.016735 0.015485 0.008201 0.000515 0.142003 0.008868 2.145977
0.808316 0.016706 0.015459 0.008202 0.000522 0.141921 0.008875 2.147624
0.808392 0.016706 0.015466 0.008154 0.000523 0.141877 0.008881 2.149268
0.808498 0.016642 0.015472 0.008151 0.000529 0.141824 0.008884 2.150935
0.808631 0.016660 0.015410 0.008116 0.000525 0.141771 0.008888 2.152532
0.808794 0.016651 0.015420 0.008120 0.000524 0.141597 0.008894 2.154149
0.808967 0.016666 0.015338 0.008070 0.000515 0.141543 0.008901 2.155753
0.809109 0.016608 0.015403 0.008049 0.000517 0.141406 0.008907 2.157405
0.809291 0.016596 0.015323 0.008036 0.000517 0.141325 0.008911 2.159022
0.809408 0.016610 0.015293 0.007990 0.000518 0.141264 0.008917 2.160637
0.809486 0.016606 0.015256 0.007999 0.000516 0.141212 0.008925 2.162266
0.809709 0.016553 0.015256 0.007973 0.000515 0.141061 0.008931 2.163873
0.809890 0.016524 0.015283 0.007966 0.000512 0.140889 0.008937 2.165518
0.810083 0.016468 0.015264 0.007964 0.000512 0.140767 0.008941 2.167141
0.810245 0.016415 0.015227 0.007975 0.000503 0.140683 0.008952 2.168778
0.810406 0.016416 0.015206 0.008023 0.000507 0.140487 0.008955 2.170418
0.810519 0.016413 0.015203 0.008011 0.000507 0.140388 0.008959 2.172051
0.810637 0.016448 0.015159 0.007971 0.000509 0.140314 0.008963 2.173638
0.810849 0.016404 0.015112 0.007966 0.000509 0.140190 0.008970 2.175242
0.810993 0.016331 0.015093 0.007982 0.000498 0.140122 0.008980 2.176913
0.811205 0.016288 0.015078 0.007960 0.000498 0.139985 0.008985 2.178536
0.811383 0.016241 0.015057 0.007919 0.000499 0.139914 0.008988 2.180158
0.811598 0.016207 0.014998 0.007879 0.000499 0.139823 0.008997 2.181765
0.811783 0.016190 0.014972 0.007847 0.000499 0.139705 0.009004 2.183361
0.811858 0.016228 0.015000 0.007795 0.000498 0.139613 0.009009 2.184966
0.812019 0.016219 0.014986 0.007785 0.000501 0.139478 0.009012 2.186574
0.812209 0.016209 0.014919 0.007814 0.000501 0.139330 0.009019 2.188165
0.812253 0.016193 0.014950 0.007808 0.000502 0.139268 0.009027 2.189788
0.812380 0.016232 0.014918 0.007786 0.000502 0.139147 0.009036 2.191368
0.812510 0.016220 0.014873 0.007782 0.000498 0.139074 0.009043 2.192951
0.812724 0.016243 0.014866 0.007753 0.000498 0.138867 0.009050 2.194540
0.812853 0.016287 0.014823 0.007752 0.000483 0.138747 0.009055 2.196102
0.812962 0.016305 0.014794 0.007791 0.000483 0.138605 0.009061 2.197701
0.813096 0.016302 0.014785 0.007811 0.000482 0.138461 0.009065 2.199276
0.813203 0.016359 0.014720 0.007767 0.000480 0.138399 0.009071 2.200835
0.813360 0.016347 0.014737 0.007781 0.000483 0.138219 0.009073 2.202412
0.813523 0.016319 0.014723 0.007785 0.000485 0.138083 0.009082 2.204025
0.813648 0.016313 0.014707 0.007786 0.000484 0.137977 0.009086 2.205631
0.813771 0.016332 0.014661 0.007771 0.000493 0.137883 0.009091 2.207208
0.813927 0.016319 0.014652 0.007760 0.000493 0.137753 0.009096 2.208799
0.814037 0.016285 0.014613 0.007827 0.000492 0.137644 0.009102 2.210450
0.814122 0.016368 0.014608 0.007823 0.000488 0.137483 0.009109 2.212021
0.814261 0.016348 0.014610 0.007824 0.000490 0.137353 0.009114 2.213610
0.814448 0.016313 0.014663 0.007801 0.000491 0.137163 0.009120 2.215218
0.814570 0.016322 0.014603 0.007793 0.000492 0.137097 0.009124 2.216771
0.814745 0.016280 0.014612 0.007767 0.000496 0.136972 0.009128 2.218346
0.814792 0.016319 0.014560 0.007794 0.000494 0.136909 0.009132 2.219923
0.814910 0.016312 0.014581 0.007830 0.000499 0.136734 0.009134 2.221555
0.815064 0.016258 0.014628 0.007809 0.000502 0.136601 0.009138 2.223192
0.815275 0.016245 0.014609 0.007817 0.000493 0.136415 0.009147 2.224766
0.815378 0.016237 0.014622 0.007819 0.000488 0.136303 0.009153 2.226382
0.815424 0.016302 0.014560 0.007857 0.000484 0.136213 0.009160 2.227927
0.815487 0.016352 0.014490 0.007856 0.000487 0.136165 0.009164 2.229470
0.815612 0.016304 0.014502 0.007830 0.000493 0.136090 0.009170 2.231097
0.815714 0.016276 0.014535 0.007840 0.000486 0.135977 0.009172 2.232709
0.815806 0.016324 0.014557 0.007811 0.000479 0.135844 0.009180 2.234274
0.815873 0.016366 0.014570 0.007784 0.000479 0.135742 0.009185 2.235855
0.815947 0.016355 0.014597 0.007797 0.000482 0.135631 0.009192 2.237485
0.816009 0.016370 0.014578 0.007772 0.000481 0.135595 0.009194 2.239092
0.816158 0.016274 0.014600 0.007785 0.000482 0.135502 0.009199 2.240737
0.816260 0.016255 0.014611 0.007811 0.000483 0.135373 0.009207 2.242381
0.816248 0.016380 0.014578 0.007831 0.000483 0.135269 0.009212 2.243927
0.816272 0.016448 0.014593 0.007860 0.000483 0.135128 0.009219 2.245510
0.816418 0.016416 0.014595 0.007880 0.000479 0.134990 0.009223 2.247133
0.816509 0.016398 0.014636 0.007865 0.000478 0.134886 0.009228 2.248788
0.816587 0.016474 0.014637 0.007798 0.000475 0.134794 0.009234 2.250315
0.816580 0.016562 0.014604 0.007777 0.000475 0.134764 0.009239 2.251897
0.816673 0.016541 0.014629 0.007798 0.000474 0.134642 0.009244 2.253538
0.816765 0.016481 0.014622 0.007788 0.000475 0.134623 0.009247 2.255172
0.816810 0.016494 0.014655 0.007801 0.000469 0.134515 0.009257 2.256779
0.816866 0.016518 0.014706 0.007793 0.000463 0.134388 0.009267 2.258411
0.816885 0.016505 0.014725 0.007812 0.000460 0.134340 0.009274 2.260060
0.816999 0.016493 0.014688 0.007840 0.000453 0.134249 0.009279 2.261679
0.817041 0.016500 0.014688 0.007839 0.000449 0.134199 0.009285 2.263284
0.817030 0.016512 0.014682 0.007855 0.000452 0.134178 0.009291 2.264881
0.817105 0.016542 0.014670 0.007847 0.000445 0.134094 0.009298 2.266473
0.817082 0.016571 0.014649 0.007868 0.000443 0.134086 0.009302 2.268094
0.817144 0.016618 0.014616 0.007875 0.000439 0.134001 0.009308 2.269693
0.817218 0.016583 0.014651 0.007884 0.000449 0.133904 0.009312 2.271352
0.817273 0.016593 0.014678 0.007859 0.000448 0.133831 0.009318 2.272944
0.817362 0.016558 0.014666 0.007887 0.000452 0.133753 0.009322 2.274597
0.817339 0.016654 0.014677 0.007872 0.000446 0.133687 0.009326 2.276178
0.817402 0.016625 0.014735 0.007879 0.000450 0.133579 0.009331 2.277831
0.817503 0.016605 0.014744 0.007872 0.000445 0.133495 0.009338 2.279435
0.817523 0.016660 0.014739 0.007834 0.000439 0.133460 0.009345 2.281023
0.817536 0.016670 0.014674 0.007833 0.000440 0.133498 0.009350 2.282641
0.817606 0.016635 0.014683 0.007848 0.000435 0.133437 0.009357 2.284276
0.817615 0.016575 0.014701 0.007882 0.000437 0.133428 0.009362 2.285932
0.817623 0.016613 0.014706 0.007881 0.000439 0.133370 0.009367 2.287526
0.817636 0.016641 0.014674 0.007887 0.000434 0.133358 0.009371 2.289147
0.817626 0.016685 0.014627 0.007883 0.000440 0.133363 0.009375 2.290780
0.817640 0.016634 0.014720 0.007901 0.000434 0.133292 0.009379 2.292455
0.817591 0.016679 0.014762 0.007911 0.000437 0.133237 0.009383 2.294095
0.817643 0.016688 0.014750 0.007928 0.000434 0.133168 0.009391 2.295735
0.817658 0.016673 0.014785 0.007937 0.000438 0.133115 0.009394 2.297409
0.817558 0.016793 0.014788 0.007887 0.000438 0.133138 0.009398 2.299004
0.817537 0.016825 0.014796 0.007915 0.000431 0.133091 0.009404 2.300669
0.817617 0.016777 0.014834 0.007946 0.000430 0.132985 0.009410 2.302330
0.817614 0.016790 0.014869 0.007977 0.000433 0.132902 0.009414 2.303978
0.817675 0.016809 0.014901 0.007967 0.000427 0.132802 0.009420 2.305617
0.817635 0.016792 0.014970 0.007951 0.000429 0.132799 0.009424 2.307283
0.817690 0.016765 0.014994 0.007996 0.000424 0.132703 0.009428 2.308945
0.817772 0.016781 0.015025 0.007988 0.000421 0.132580 0.009434 2.310576
0.817779 0.016766 0.015057 0.008018 0.000427 0.132515 0.009437 2.312270
0.817774 0.016798 0.015072 0.008003 0.000434 0.132479 0.009440 2.313924
0.817718 0.016813 0.015023 0.008023 0.000435 0.132542 0.009445 2.315570
0.817713 0.016852 0.015047 0.008014 0.000435 0.132487 0.009451 2.317213
0.817696 0.016833 0.015103 0.008024 0.000438 0.132447 0.009459 2.318868
0.817689 0.016844 0.015094 0.007991 0.000440 0.132480 0.009463 2.320506
0.817736 0.016788 0.015098 0.007997 0.000444 0.132467 0.009470 2.322195
0.817661 0.016803 0.015086 0.008028 0.000436 0.132507 0.009479 2.323883
0.817647 0.016765 0.015069 0.008037 0.000441 0.132560 0.009482 2.325572
0.817641 0.016833 0.015021 0.008011 0.000440 0.132566 0.009487 2.327168
0.817663 0.016878 0.015053 0.007974 0.000435 0.132506 0.009492 2.328808
0.817681 0.016900 0.015000 0.007978 0.000433 0.132512 0.009497 2.330427
0.817595 0.017004 0.015043 0.007976 0.000431 0.132452 0.009499 2.332095
0.817600 0.016982 0.015037 0.007952 0.000432 0.132497 0.009502 2.333778
0.817569 0.016994 0.015054 0.007966 0.000434 0.132475 0.009508 2.335454
0.817540 0.017044 0.015066 0.007953 0.000434 0.132450 0.009514 2.337129
0.817528 0.017133 0.015052 0.007905 0.000440 0.132421 0.009521 2.338742
0.817506 0.017164 0.015004 0.007931 0.000448 0.132420 0.009527 2.340405
0.817472 0.017143 0.015049 0.007945 0.000446 0.132413 0.009532 2.342092
0.817456 0.017104 0.015044 0.007951 0.000455 0.132457 0.009534 2.343779
0.817478 0.017084 0.015054 0.007967 0.000458 0.132422 0.009538 2.345454
0.817467 0.017051 0.015102 0.008015 0.000457 0.132366 0.009542 2.347154
0.817498 0.016985 0.015129 0.008055 0.000453 0.132333 0.009549 2.348876
0.817493 0.016972 0.015140 0.008034 0.000454 0.132352 0.009555 2.350547
0.817475 0.016995 0.015137 0.008035 0.000449 0.132352 0.009559 2.352174
0.817510 0.017017 0.015118 0.008047 0.000445 0.132301 0.009563 2.353814
0.817436 0.017041 0.015153 0.008051 0.000445 0.132308 0.009567 2.355498
0.817311 0.017053 0.015138 0.008098 0.000441 0.132387 0.009572 2.357211
0.817298 0.016989 0.015187 0.008126 0.000437 0.132385 0.009578 2.358937
0.817235 0.017095 0.015185 0.008099 0.000434 0.132369 0.009583 2.360566
0.817193 0.017131 0.015145 0.008142 0.000434 0.132367 0.009588 2.362224
0.817107 0.017171 0.015144 0.008146 0.000429 0.132409 0.009595 2.363892
0.817082 0.017200 0.015166 0.008143 0.000431 0.132382 0.009598 2.365555
0.817077 0.017205 0.015138 0.008145 0.000434 0.132401 0.009601 2.367231
0.817045 0.017223 0.015168 0.008096 0.000428 0.132435 0.009605 2.368892
0.816963 0.017364 0.015095 0.008073 0.000428 0.132464 0.009612 2.370502
0.816972 0.017346 0.015089 0.008087 0.000433 0.132457 0.009616 2.372194
0.816877 0.017396 0.015103 0.008080 0.000427 0.132497 0.009620 2.373886
0.816809 0.017434 0.015127 0.008097 0.000438 0.132470 0.009625 2.375605
0.816739 0.017382 0.015202 0.008127 0.000437 0.132482 0.009632 2.377360
0.816682 0.017387 0.015216 0.008153 0.000433 0.132494 0.009635 2.379072
0.816686 0.017373 0.015251 0.008177 0.000436 0.132436 0.009641 2.380792
0.816588 0.017396 0.015218 0.008209 0.000432 0.132508 0.009648 2.382491
0.816530 0.017356 0.015293 0.008233 0.000435 0.132501 0.009653 2.384237
0.816565 0.017398 0.015290 0.008210 0.000438 0.132443 0.009656 2.385913
0.816551 0.017431 0.015291 0.008209 0.000443 0.132416 0.009659 2.387589
0.816478 0.017491 0.015282 0.008229 0.000445 0.132413 0.009663 2.389269
0.816488 0.017459 0.015332 0.008243 0.000446 0.132363 0.009668 2.390982
0.816497 0.017403 0.015377 0.008238 0.000458 0.132352 0.009674 2.392718
0.816458 0.017381 0.015440 0.008272 0.000460 0.132308 0.009683 2.394468
0.816381 0.017465 0.015464 0.008255 0.000459 0.132287 0.009690 2.396148
0.816372 0.017455 0.015447 0.008272 0.000469 0.132292 0.009694 2.397864
0.816178 0.017515 0.015516 0.008268 0.000472 0.132353 0.009698 2.399603
0.816144 0.017504 0.015483 0.008256 0.000478 0.132432 0.009703 2.401322
0.816071 0.017529 0.015508 0.008296 0.000473 0.132416 0.009708 2.403040
0.815953 0.017530 0.015557 0.008339 0.000473 0.132433 0.009715 2.404782
0.815849 0.017597 0.015565 0.008340 0.000471 0.132457 0.009721 2.406500
0.815723 0.017602 0.015609 0.008400 0.000463 0.132478 0.009726 2.408247
0.815638 0.017683 0.015596 0.008361 0.000461 0.132530 0.009732 2.409921
0.815496 0.017700 0.015640 0.008366 0.000462 0.132599 0.009737 2.411673
0.815388 0.017663 0.015716 0.008393 0.000465 0.132636 0.009740 2.413450
0.815360 0.017697 0.015707 0.008398 0.000466 0.132627 0.009746 2.415156
0.815223 0.017685 0.015756 0.008453 0.000470 0.132661 0.009750 2.416938
0.815175 0.017698 0.015767 0.008466 0.000470 0.132669 0.009755 2.418652
0.815130 0.017663 0.015788 0.008465 0.000464 0.132730 0.009759 2.420401
0.815087 0.017659 0.015766 0.008444 0.000466 0.132814 0.009764 2.422093
0.815050 0.017691 0.015734 0.008429 0.000469 0.132859 0.009769 2.423792
0.815028 0.017705 0.015700 0.008430 0.000467 0.132897 0.009773 2.425482
0.814974 0.017678 0.015730 0.008425 0.000465 0.132952 0.009777 2.427218
0.814884 0.017675 0.015706 0.008414 0.000470 0.133069 0.009782 2.428940
0.814757 0.017726 0.015706 0.008385 0.000465 0.133170 0.009791 2.430640
0.814668 0.017717 0.015746 0.008396 0.000473 0.133202 0.009798 2.432404
0.814651 0.017669 0.015754 0.008398 0.000480 0.133243 0.009804 2.434153
0.814566 0.017683 0.015790 0.008405 0.000480 0.133268 0.009808 2.435866
0.814477 0.017701 0.015755 0.008433 0.000480 0.133340 0.009815 2.437579
0.814462 0.017660 0.015766 0.008428 0.000479 0.133379 0.009826 2.439303
0.814430 0.017637 0.015756 0.008433 0.000486 0.133430 0.009829 2.441011
0.814402 0.017586 0.015713 0.008492 0.000482 0.133490 0.009837 2.442773
0.814371 0.017590 0.015760 0.008474 0.000482 0.133482 0.009842 2.444484
0.814346 0.017511 0.015804 0.008465 0.000491 0.133536 0.009848 2.446259
0.814358 0.017449 0.015770 0.008464 0.000492 0.133615 0.009852 2.447992
0.814292 0.017404 0.015808 0.008509 0.000492 0.133641 0.009855 2.449771
0.814249 0.017449 0.015711 0.008463 0.000490 0.133776 0.009862 2.451410
0.814247 0.017435 0.015734 0.008480 0.000490 0.133747 0.009869 2.453139
0.814169 0.017401 0.015718 0.008476 0.000497 0.133866 0.009874 2.454876
0.814215 0.017350 0.015658 0.008472 0.000498 0.133928 0.009877 2.456593
0.814237 0.017340 0.015617 0.008469 0.000504 0.133952 0.009881 2.458261
0.814285 0.017298 0.015605 0.008443 0.000501 0.133978 0.009890 2.459933
0.814283 0.017289 0.015603 0.008427 0.000495 0.134005 0.009897 2.461624
0.814251 0.017243 0.015611 0.008415 0.000500 0.134076 0.009904 2.463349
0.814211 0.017282 0.015629 0.008379 0.000502 0.134087 0.009909 2.465026
0.814223 0.017269 0.015643 0.008331 0.000499 0.134119 0.009918 2.466724
0.814210 0.017291 0.015647 0.008332 0.000494 0.134099 0.009927 2.468378
0.814228 0.017288 0.015695 0.008309 0.000494 0.134055 0.009930 2.470056
0.814201 0.017344 0.015711 0.008289 0.000497 0.134023 0.009936 2.471731
0.814189 0.017315 0.015700 0.008290 0.000495 0.134069 0.009942 2.473433
0.814201 0.017266 0.015697 0.008321 0.000496 0.134070 0.009947 2.475173
0.814188 0.017231 0.015683 0.008350 0.000505 0.134094 0.009949 2.476902
0.814195 0.017241 0.015670 0.008337 0.000508 0.134095 0.009954 2.478591
0.814192 0.017218 0.015602 0.008340 0.000514 0.134177 0.009958 2.480291
0.814165 0.017250 0.015556 0.008336 0.000509 0.134223 0.009961 2.481960
0.814226 0.017249 0.015523 0.008337 0.000513 0.134183 0.009969 2.483646
0.814256 0.017178 0.015531 0.008301 0.000502 0.134254 0.009977 2.485361
0.814289 0.017139 0.015502 0.008277 0.000500 0.134310 0.009983 2.487026
0.814236 0.017171 0.015548 0.008235 0.000494 0.134327 0.009989 2.488715
0.814176 0.017176 0.015565 0.008217 0.000483 0.134386 0.009996 2.490390
0.814194 0.017104 0.015586 0.008248 0.000481 0.134387 0.009999 2.492102
0.814170 0.017066 0.015567 0.008266 0.000487 0.134441 0.010003 2.493807
0.814165 0.016996 0.015563 0.008285 0.000484 0.134498 0.010010 2.495528
0.814287 0.016892 0.015583 0.008261 0.000485 0.134477 0.010016 2.497219
0.814307 0.016867 0.015552 0.008289 0.000484 0.134478 0.010023 2.498887
0.814307 0.016867 0.015472 0.008314 0.000487 0.134523 0.010031 2.500547
