0.329678 0.063413 0.057254 0.032636 0.002177 0.508648 0.006193 1.663426
0.331836 0.061477 0.057109 0.032489 0.002190 0.508682 0.006217 1.669515
0.334619 0.059050 0.056924 0.032309 0.002193 0.508666 0.006239 1.675464
0.337904 0.056479 0.056495 0.031951 0.002197 0.508705 0.006270 1.681101
0.341367 0.053796 0.056096 0.031526 0.002197 0.508722 0.006296 1.686532
0.345290 0.051082 0.055592 0.031043 0.002198 0.508473 0.006323 1.691700
0.349314 0.048502 0.054879 0.030531 0.002213 0.508216 0.006345 1.696589
0.353579 0.046068 0.054010 0.029977 0.002194 0.507798 0.006375 1.701209
0.357892 0.043646 0.053216 0.029350 0.002186 0.507310 0.006399 1.705653
0.362177 0.041505 0.052101 0.028726 0.002173 0.506891 0.006426 1.709815
0.366512 0.039465 0.051083 0.028005 0.002152 0.506321 0.006462 1.713775
0.371052 0.037584 0.049913 0.027275 0.002134 0.505552 0.006493 1.717482
0.375644 0.035762 0.048702 0.026614 0.002107 0.504651 0.006520 1.721073
0.380237 0.034073 0.047462 0.025856 0.002087 0.503737 0.006548 1.724467
0.384907 0.032522 0.046246 0.025163 0.002072 0.502510 0.006581 1.727669
0.389511 0.031029 0.045106 0.024378 0.002060 0.501305 0.006612 1.730783
0.394102 0.029681 0.043934 0.023598 0.002052 0.499996 0.006636 1.733724
0.398726 0.028363 0.042709 0.022967 0.002039 0.498537 0.006658 1.736614
0.403465 0.027187 0.041503 0.022298 0.002003 0.496859 0.006685 1.739322
0.408106 0.026058 0.040326 0.021573 0.001980 0.495247 0.006710 1.741927
0.412755 0.024966 0.039200 0.020911 0.001975 0.493457 0.006735 1.744453
0.417447 0.024009 0.038105 0.020240 0.001960 0.491479 0.006760 1.746866
0.422225 0.023153 0.036927 0.019594 0.001935 0.489381 0.006785 1.749120
0.426917 0.022296 0.035838 0.019021 0.001906 0.487207 0.006816 1.751362
0.431698 0.021521 0.034750 0.018372 0.001873 0.484942 0.006845 1.753471
0.436495 0.020707 0.033622 0.017739 0.001850 0.482715 0.006873 1.755559
0.441231 0.020014 0.032584 0.017122 0.001820 0.480333 0.006896 1.757567
0.445984 0.019342 0.031626 0.016543 0.001792 0.477792 0.006921 1.759517
0.450765 0.018703 0.030621 0.016004 0.001757 0.475204 0.006946 1.761423
0.455386 0.018159 0.029652 0.015467 0.001721 0.472645 0.006969 1.763235
0.460050 0.017675 0.028711 0.014945 0.001683 0.469939 0.006997 1.764956
0.464750 0.017209 0.027820 0.014486 0.001664 0.467054 0.007017 1.766672
0.469443 0.016715 0.026964 0.014012 0.001643 0.464187 0.007036 1.768344
0.473988 0.016313 0.026184 0.013574 0.001604 0.461282 0.007054 1.769955
0.478568 0.015892 0.025449 0.013145 0.001566 0.458303 0.007077 1.771566
0.483086 0.015588 0.024718 0.012706 0.001548 0.455258 0.007097 1.773058
0.487529 0.015267 0.023936 0.012357 0.001518 0.452272 0.007123 1.774570
0.492029 0.014895 0.023248 0.012004 0.001482 0.449199 0.007143 1.776092
0.496446 0.014574 0.022575 0.011684 0.001451 0.446105 0.007164 1.777552
0.500925 0.014315 0.021909 0.011311 0.001430 0.442933 0.007178 1.778934
0.505277 0.014069 0.021308 0.010981 0.001392 0.439777 0.007197 1.780355
0.509699 0.013792 0.020704 0.010655 0.001379 0.436562 0.007210 1.781721
0.514052 0.013498 0.020163 0.010346 0.001356 0.433359 0.007226 1.783106
0.518260 0.013338 0.019563 0.010048 0.001329 0.430224 0.007241 1.784388
0.522503 0.013134 0.019032 0.009789 0.001295 0.426988 0.007260 1.785697
0.526736 0.012900 0.018538 0.009530 0.001263 0.423754 0.007278 1.786977
0.530872 0.012680 0.018079 0.009308 0.001246 0.420518 0.007298 1.788266
0.535058 0.012539 0.017590 0.009071 0.001210 0.417218 0.007314 1.789501
0.539079 0.012411 0.017117 0.008857 0.001188 0.414019 0.007330 1.790713
0.543123 0.012241 0.016681 0.008648 0.001167 0.410793 0.007347 1.791939
0.547284 0.012104 0.016272 0.008463 0.001143 0.407373 0.007360 1.793128
0.551306 0.012005 0.015918 0.008228 0.001125 0.404045 0.007373 1.794274
0.555288 0.011887 0.015580 0.008066 0.001095 0.400695 0.007389 1.795444
0.559337 0.011788 0.015239 0.007899 0.001076 0.397261 0.007400 1.796591
0.563203 0.011732 0.014927 0.007699 0.001045 0.393982 0.007413 1.797732
0.567053 0.011652 0.014580 0.007592 0.001023 0.390678 0.007423 1.798891
0.570818 0.011623 0.014315 0.007441 0.001004 0.387368 0.007432 1.800006
0.574631 0.011585 0.013990 0.007297 0.000984 0.384065 0.007447 1.801110
0.578380 0.011483 0.013729 0.007132 0.000966 0.380850 0.007460 1.802255
0.582004 0.011398 0.013520 0.007034 0.000942 0.377629 0.007474 1.803395
0.585629 0.011365 0.013319 0.006913 0.000923 0.374362 0.007490 1.804506
0.589182 0.011355 0.013041 0.006822 0.000901 0.371200 0.007500 1.805590
0.592769 0.011299 0.012875 0.006714 0.000872 0.367955 0.007516 1.806695
0.596339 0.011237 0.012713 0.006639 0.000852 0.364694 0.007526 1.807811
0.599884 0.011141 0.012581 0.006594 0.000836 0.361426 0.007537 1.808938
0.603285 0.011137 0.012407 0.006441 0.000821 0.358360 0.007548 1.809988
0.606601 0.011131 0.012243 0.006394 0.000804 0.355272 0.007556 1.811114
0.609898 0.011122 0.012078 0.006295 0.000780 0.352259 0.007569 1.812196
0.613192 0.011166 0.011938 0.006201 0.000765 0.349160 0.007580 1.813282
0.616491 0.011161 0.011767 0.006145 0.000751 0.346095 0.007590 1.814374
0.619761 0.011159 0.011640 0.006058 0.000744 0.343038 0.007600 1.815476
0.622864 0.011133 0.011523 0.006004 0.000735 0.340136 0.007605 1.816594
0.625972 0.011109 0.011446 0.005960 0.000723 0.337177 0.007614 1.817711
0.629042 0.011148 0.011365 0.005899 0.000703 0.334218 0.007626 1.818796
0.632004 0.011229 0.011271 0.005869 0.000682 0.331308 0.007636 1.819861
0.634937 0.011215 0.011202 0.005845 0.000673 0.328487 0.007642 1.821002
0.637840 0.011288 0.011163 0.005821 0.000658 0.325577 0.007655 1.822135
0.640770 0.011331 0.011113 0.005789 0.000648 0.322686 0.007663 1.823246
0.643598 0.011361 0.011095 0.005789 0.000637 0.319849 0.007672 1.824403
0.646375 0.011472 0.011016 0.005735 0.000624 0.317095 0.007683 1.825485
0.649163 0.011553 0.010976 0.005718 0.000612 0.314286 0.007692 1.826599
0.651808 0.011635 0.010963 0.005702 0.000607 0.311585 0.007701 1.827762
0.654366 0.011772 0.010892 0.005700 0.000590 0.308972 0.007710 1.828873
0.656956 0.011811 0.010914 0.005689 0.000584 0.306329 0.007717 1.830058
0.659590 0.011863 0.010929 0.005708 0.000573 0.303609 0.007728 1.831250
0.662163 0.011936 0.010880 0.005736 0.000564 0.300986 0.007735 1.832409
0.664644 0.012001 0.010872 0.005737 0.000553 0.298451 0.007742 1.833566
0.667079 0.012115 0.010881 0.005734 0.000549 0.295895 0.007747 1.834741
0.669369 0.012192 0.010909 0.005748 0.000543 0.293489 0.007751 1.835935
0.671771 0.012214 0.010930 0.005804 0.000532 0.290990 0.007760 1.837198
0.674012 0.012298 0.010920 0.005814 0.000522 0.288666 0.007768 1.838399
0.676254 0.012399 0.010927 0.005824 0.000513 0.286311 0.007771 1.839606
0.678502 0.012546 0.010915 0.005809 0.000511 0.283940 0.007778 1.840801
0.680584 0.012713 0.010914 0.005836 0.000506 0.281663 0.007784 1.842029
0.682739 0.012822 0.010957 0.005845 0.000502 0.279345 0.007790 1.843288
0.684774 0.012956 0.010973 0.005889 0.000496 0.277118 0.007797 1.844539
0.686766 0.013096 0.011028 0.005888 0.000485 0.274934 0.007804 1.845805
0.688822 0.013135 0.011096 0.005960 0.000480 0.272697 0.007809 1.847151
0.690810 0.013252 0.011159 0.006002 0.000478 0.270483 0.007816 1.848494
0.692732 0.013385 0.011219 0.006003 0.000478 0.268360 0.007823 1.849775
0.694563 0.013530 0.011262 0.006051 0.000470 0.266298 0.007828 1.851082
0.696313 0.013699 0.011352 0.006046 0.000466 0.264289 0.007835 1.852428
0.698091 0.013822 0.011431 0.006074 0.000464 0.262276 0.007843 1.853795
0.699869 0.013936 0.011568 0.006106 0.000463 0.260209 0.007849 1.855182
0.701543 0.014097 0.011639 0.006125 0.000457 0.258280 0.007858 1.856558
0.703229 0.014203 0.011735 0.006165 0.000457 0.256348 0.007865 1.857965
0.704845 0.014342 0.011847 0.006195 0.000456 0.254447 0.007869 1.859390
0.706446 0.014474 0.011915 0.006252 0.000455 0.252586 0.007873 1.860815
0.707971 0.014658 0.011992 0.006288 0.000453 0.250757 0.007882 1.862233
0.709480 0.014831 0.012042 0.006314 0.000454 0.248990 0.007890 1.863665
0.710953 0.014989 0.012162 0.006345 0.000453 0.247200 0.007898 1.865129
0.712387 0.015156 0.012279 0.006390 0.000449 0.245438 0.007902 1.866619
0.713777 0.015264 0.012386 0.006445 0.000453 0.243767 0.007907 1.868142
0.715056 0.015484 0.012514 0.006499 0.000454 0.242085 0.007911 1.869666
0.716456 0.015619 0.012590 0.006569 0.000450 0.240400 0.007919 1.871153
0.717734 0.015816 0.012712 0.006628 0.000443 0.238743 0.007926 1.872665
0.718940 0.016005 0.012813 0.006704 0.000443 0.237166 0.007930 1.874226
0.720191 0.016117 0.012940 0.006736 0.000448 0.235632 0.007935 1.875780
0.721301 0.016340 0.013052 0.006837 0.000448 0.234080 0.007941 1.877338
0.722391 0.016505 0.013189 0.006905 0.000452 0.232609 0.007949 1.878967
0.723389 0.016706 0.013287 0.007009 0.000448 0.231207 0.007954 1.880615
0.724404 0.016862 0.013382 0.007057 0.000452 0.229885 0.007958 1.882245
0.725436 0.017084 0.013538 0.007085 0.000450 0.228444 0.007964 1.883882
0.726455 0.017243 0.013695 0.007158 0.000449 0.227033 0.007968 1.885601
0.727421 0.017453 0.013812 0.007179 0.000450 0.225711 0.007974 1.887266
0.728217 0.017716 0.013938 0.007267 0.000448 0.224435 0.007980 1.888964
0.729090 0.017901 0.014125 0.007336 0.000447 0.223118 0.007984 1.890738
0.729974 0.018043 0.014219 0.007417 0.000448 0.221909 0.007990 1.892481
0.730810 0.018204 0.014322 0.007554 0.000443 0.220669 0.007998 1.894274
0.731566 0.018377 0.014439 0.007599 0.000445 0.219571 0.008003 1.896085
0.732248 0.018662 0.014617 0.007676 0.000445 0.218345 0.008008 1.897872
0.732855 0.018910 0.014775 0.007728 0.000455 0.217264 0.008013 1.899686
0.733513 0.019082 0.014944 0.007835 0.000450 0.216158 0.008016 1.901563
0.734067 0.019286 0.015115 0.007950 0.000448 0.215110 0.008023 1.903443
0.734729 0.019459 0.015291 0.008013 0.000453 0.214029 0.008027 1.905335
0.735324 0.019570 0.015465 0.008143 0.000447 0.213017 0.008034 1.907293
0.735833 0.019761 0.015618 0.008196 0.000441 0.212110 0.008041 1.909231
0.736311 0.019956 0.015720 0.008283 0.000445 0.211242 0.008043 1.911161
0.736740 0.020111 0.015870 0.008376 0.000449 0.210405 0.008048 1.913123
0.737249 0.020216 0.016063 0.008487 0.000449 0.209483 0.008053 1.915141
0.737679 0.020375 0.016202 0.008575 0.000457 0.208652 0.008059 1.917154
0.738105 0.020532 0.016414 0.008675 0.000462 0.207746 0.008065 1.919195
0.738477 0.020707 0.016575 0.008747 0.000462 0.206962 0.008070 1.921248
0.738787 0.020915 0.016726 0.008798 0.000466 0.206232 0.008077 1.923277
0.739159 0.021074 0.016875 0.008879 0.000468 0.205464 0.008081 1.925327
0.739470 0.021282 0.016980 0.008972 0.000461 0.204747 0.008090 1.927369
0.739637 0.021568 0.017136 0.009049 0.000465 0.204051 0.008094 1.929410
0.739965 0.021634 0.017349 0.009125 0.000463 0.203362 0.008102 1.931583
0.740129 0.021781 0.017489 0.009229 0.000472 0.202793 0.008106 1.933707
0.740335 0.021924 0.017644 0.009301 0.000471 0.202213 0.008112 1.935857
0.740588 0.022047 0.017796 0.009397 0.000470 0.201582 0.008119 1.938024
0.740699 0.022227 0.017992 0.009434 0.000461 0.201064 0.008124 1.940208
0.740864 0.022364 0.018184 0.009463 0.000465 0.200531 0.008128 1.942388
0.741007 0.022504 0.018401 0.009494 0.000467 0.199992 0.008134 1.944605
0.741176 0.022622 0.018517 0.009599 0.000472 0.199475 0.008140 1.946847
0.741232 0.022797 0.018705 0.009669 0.000480 0.198971 0.008146 1.949079
0.741299 0.022930 0.018879 0.009752 0.000482 0.198504 0.008154 1.951358
0.741430 0.023099 0.018978 0.009793 0.000492 0.198048 0.008159 1.953571
0.741506 0.023213 0.019111 0.009885 0.000498 0.197623 0.008164 1.955871
0.741550 0.023293 0.019252 0.009961 0.000496 0.197276 0.008173 1.958158
0.741591 0.023363 0.019409 0.010023 0.000505 0.196931 0.008178 1.960512
0.741644 0.023502 0.019468 0.010067 0.000506 0.196627 0.008186 1.962753
0.741727 0.023622 0.019561 0.010130 0.000508 0.196263 0.008190 1.965040
0.741797 0.023666 0.019696 0.010206 0.000502 0.195936 0.008197 1.967385
0.741746 0.023733 0.019897 0.010270 0.000502 0.195650 0.008204 1.969739
0.741857 0.023740 0.020011 0.010345 0.000506 0.195331 0.008212 1.972103
0.741845 0.023818 0.020098 0.010379 0.000513 0.195130 0.008216 1.974467
0.741906 0.023914 0.020203 0.010451 0.000518 0.194786 0.008224 1.976797
0.741986 0.023933 0.020295 0.010507 0.000519 0.194531 0.008230 1.979164
0.742009 0.024034 0.020355 0.010586 0.000515 0.194266 0.008235 1.981491
0.741974 0.024032 0.020502 0.010626 0.000521 0.194107 0.008238 1.983870
0.742009 0.024016 0.020640 0.010636 0.000524 0.193930 0.008245 1.986263
0.741995 0.024074 0.020730 0.010668 0.000530 0.193751 0.008252 1.988610
0.741909 0.024213 0.020732 0.010724 0.000530 0.193634 0.008258 1.990926
0.741933 0.024239 0.020802 0.010771 0.000532 0.193462 0.008262 1.993296
0.741984 0.024239 0.020893 0.010747 0.000545 0.193327 0.008267 1.995649
0.741998 0.024182 0.021014 0.010811 0.000553 0.193170 0.008271 1.998057
0.742076 0.024192 0.021093 0.010844 0.000557 0.192959 0.008279 2.000406
0.742168 0.024230 0.021166 0.010842 0.000563 0.192747 0.008284 2.002769
0.742111 0.024234 0.021192 0.010923 0.000568 0.192679 0.008291 2.005165
0.742068 0.024287 0.021257 0.010953 0.000567 0.192571 0.008297 2.007541
0.742142 0.024239 0.021298 0.011034 0.000575 0.192406 0.008306 2.009925
0.742097 0.024274 0.021362 0.011026 0.000578 0.192355 0.008310 2.012309
0.742050 0.024216 0.021466 0.011057 0.000576 0.192314 0.008320 2.014734
0.742071 0.024244 0.021497 0.011042 0.000576 0.192243 0.008327 2.017106
0.742027 0.024263 0.021546 0.011034 0.000581 0.192214 0.008335 2.019473
0.742125 0.024186 0.021632 0.011068 0.000583 0.192065 0.008341 2.021897
0.742125 0.024277 0.021669 0.011012 0.000585 0.191986 0.008346 2.024215
0.742223 0.024185 0.021774 0.011032 0.000578 0.191852 0.008356 2.026639
0.742198 0.024199 0.021862 0.011012 0.000578 0.191787 0.008362 2.029025
0.742291 0.024184 0.021920 0.011037 0.000585 0.191615 0.008368 2.031405
0.742333 0.024120 0.021938 0.011041 0.000592 0.191601 0.008375 2.033815
0.742458 0.024010 0.021959 0.011091 0.000602 0.191500 0.008380 2.036229
0.742433 0.024114 0.021901 0.011060 0.000610 0.191496 0.008386 2.038499
0.742494 0.024055 0.021941 0.011071 0.000612 0.191431 0.008395 2.040881
0.742472 0.024096 0.021930 0.011081 0.000614 0.191406 0.008400 2.043263
0.742504 0.024122 0.021948 0.011044 0.000617 0.191356 0.008409 2.045598
0.742586 0.024036 0.022013 0.011009 0.000617 0.191320 0.008419 2.048009
0.742642 0.023979 0.021961 0.011076 0.000619 0.191291 0.008432 2.050385
0.742839 0.023866 0.021903 0.011048 0.000623 0.191281 0.008439 2.052676
0.742898 0.023811 0.021912 0.011055 0.000622 0.191254 0.008447 2.055038
0.743039 0.023658 0.022012 0.011113 0.000621 0.191104 0.008454 2.057445
0.743149 0.023680 0.021929 0.011095 0.000615 0.191070 0.008462 2.059747
0.743324 0.023639 0.021932 0.011084 0.000623 0.190931 0.008467 2.062035
0.743424 0.023643 0.021843 0.011063 0.000627 0.190927 0.008473 2.064305
0.743511 0.023650 0.021831 0.011071 0.000627 0.190830 0.008480 2.066630
0.743620 0.023519 0.021851 0.011046 0.000624 0.190848 0.008492 2.069002
0.743827 0.023425 0.021822 0.011062 0.000620 0.190742 0.008501 2.071328
0.743957 0.023399 0.021764 0.011052 0.000626 0.190696 0.008506 2.073597
0.744173 0.023357 0.021730 0.011041 0.000626 0.190559 0.008514 2.075877
0.744303 0.023335 0.021698 0.011015 0.000634 0.190493 0.008522 2.078154
0.744428 0.023332 0.021660 0.011000 0.000637 0.190417 0.008527 2.080437
0.744568 0.023282 0.021658 0.010985 0.000640 0.190332 0.008534 2.082714
0.744766 0.023138 0.021664 0.010964 0.000644 0.190285 0.008539 2.085067
0.744957 0.023043 0.021637 0.010954 0.000647 0.190214 0.008548 2.087345
0.745194 0.022982 0.021570 0.010896 0.000655 0.190147 0.008555 2.089574
0.745440 0.022923 0.021556 0.010854 0.000651 0.190013 0.008564 2.091813
0.745580 0.022890 0.021474 0.010830 0.000658 0.189997 0.008571 2.094041
0.745845 0.022797 0.021408 0.010833 0.000660 0.189877 0.008581 2.096256
0.746040 0.022722 0.021387 0.010797 0.000656 0.189809 0.008590 2.098469
0.746186 0.022648 0.021395 0.010759 0.000654 0.189760 0.008599 2.100738
0.746391 0.022618 0.021332 0.010734 0.000654 0.189664 0.008607 2.102940
0.746577 0.022586 0.021253 0.010722 0.000657 0.189588 0.008616 2.105147
0.746836 0.022568 0.021128 0.010644 0.000665 0.189537 0.008622 2.107312
0.747151 0.022425 0.021154 0.010597 0.000663 0.189377 0.008633 2.109544
0.747342 0.022417 0.021085 0.010625 0.000664 0.189224 0.008644 2.111736
0.747608 0.022371 0.021008 0.010629 0.000671 0.189064 0.008649 2.113923
0.747858 0.022232 0.020997 0.010612 0.000663 0.188979 0.008660 2.116182
0.748177 0.022141 0.020954 0.010599 0.000667 0.188791 0.008670 2.118348
0.748469 0.022102 0.020915 0.010535 0.000668 0.188635 0.008676 2.120483
0.748645 0.022066 0.020816 0.010553 0.000663 0.188570 0.008686 2.122661
0.749002 0.021893 0.020788 0.010560 0.000659 0.188403 0.008695 2.124867
0.749245 0.021893 0.020695 0.010471 0.000664 0.188333 0.008700 2.126963
0.749545 0.021796 0.020663 0.010512 0.000655 0.188119 0.008708 2.129128
0.749773 0.021754 0.020627 0.010502 0.000649 0.187977 0.008717 2.131281
0.750018 0.021683 0.020613 0.010485 0.000644 0.187834 0.008725 2.133436
0.750263 0.021619 0.020567 0.010501 0.000638 0.187675 0.008737 2.135589
0.750510 0.021600 0.020528 0.010463 0.000641 0.187515 0.008745 2.137697
0.750721 0.021515 0.020503 0.010494 0.000642 0.187371 0.008755 2.139888
0.751019 0.021508 0.020421 0.010452 0.000641 0.187200 0.008760 2.141985
0.751370 0.021360 0.020357 0.010412 0.000647 0.187089 0.008765 2.144124
0.751618 0.021300 0.020319 0.010403 0.000653 0.186939 0.008769 2.146242
0.751900 0.021281 0.020268 0.010366 0.000654 0.186754 0.008778 2.148321
0.752245 0.021206 0.020268 0.010338 0.000655 0.186501 0.008787 2.150410
0.752524 0.021189 0.020240 0.010318 0.000646 0.186286 0.008796 2.152496
0.752803 0.021194 0.020147 0.010277 0.000641 0.186135 0.008803 2.154558
0.753136 0.021141 0.020097 0.010255 0.000627 0.185930 0.008815 2.156619
0.753489 0.021066 0.020019 0.010233 0.000631 0.185742 0.008822 2.158697
0.753767 0.021113 0.019943 0.010165 0.000631 0.185552 0.008828 2.160692
0.754029 0.021109 0.019887 0.010122 0.000628 0.185388 0.008838 2.162721
0.754329 0.021054 0.019805 0.010131 0.000626 0.185213 0.008843 2.164805
0.754607 0.021011 0.019803 0.010088 0.000628 0.185012 0.008851 2.166854
0.754898 0.020918 0.019802 0.010035 0.000627 0.184862 0.008860 2.168918
0.755135 0.020904 0.019722 0.010033 0.000619 0.184720 0.008868 2.170988
0.755379 0.020948 0.019696 0.009957 0.000621 0.184523 0.008876 2.172995
0.755680 0.020917 0.019672 0.009922 0.000620 0.184305 0.008885 2.175041
0.755962 0.020969 0.019609 0.009869 0.000623 0.184076 0.008892 2.177031
0.756288 0.020951 0.019601 0.009802 0.000626 0.183832 0.008901 2.179079
0.756559 0.021009 0.019557 0.009808 0.000625 0.183534 0.008908 2.181087
0.756798 0.020924 0.019522 0.009785 0.000622 0.183435 0.008914 2.183188
0.757079 0.020882 0.019502 0.009751 0.000633 0.183235 0.008919 2.185227
0.757409 0.020770 0.019509 0.009759 0.000636 0.182990 0.008927 2.187324
0.757676 0.020779 0.019436 0.009754 0.000636 0.182789 0.008933 2.189361
0.757947 0.020720 0.019449 0.009743 0.000630 0.182570 0.008941 2.191453
0.758240 0.020680 0.019433 0.009734 0.000624 0.182338 0.008950 2.193480
0.758539 0.020610 0.019404 0.009761 0.000625 0.182105 0.008957 2.195546
0.758704 0.020634 0.019350 0.009764 0.000617 0.181964 0.008968 2.197571
0.758932 0.020605 0.019332 0.009733 0.000613 0.181804 0.008981 2.199630
0.759220 0.020581 0.019261 0.009678 0.000610 0.181661 0.008989 2.201616
0.759457 0.020594 0.019211 0.009667 0.000611 0.181466 0.008994 2.203611
0.759763 0.020629 0.019116 0.009657 0.000603 0.181227 0.009005 2.205583
0.760050 0.020594 0.019080 0.009653 0.000604 0.181006 0.009014 2.207610
0.760274 0.020591 0.019110 0.009613 0.000608 0.180786 0.009020 2.209619
0.760512 0.020596 0.019095 0.009572 0.000602 0.180594 0.009030 2.211593
0.760770 0.020556 0.019080 0.009576 0.000601 0.180383 0.009035 2.213629
0.761094 0.020452 0.019083 0.009590 0.000600 0.180139 0.009043 2.215663
0.761297 0.020482 0.019114 0.009583 0.000593 0.179880 0.009052 2.217672
0.761495 0.020443 0.019112 0.009642 0.000585 0.179661 0.009061 2.219701
0.761674 0.020432 0.019139 0.009617 0.000589 0.179481 0.009069 2.221783
0.761961 0.020484 0.019098 0.009574 0.000588 0.179218 0.009078 2.223740
0.762181 0.020499 0.019095 0.009505 0.000590 0.179044 0.009085 2.225751
0.762426 0.020490 0.019130 0.009491 0.000590 0.178782 0.009092 2.227774
0.762622 0.020501 0.019094 0.009508 0.000588 0.178590 0.009097 2.229772
0.762850 0.020497 0.019076 0.009532 0.000588 0.178354 0.009105 2.231809
0.763022 0.020523 0.019073 0.009535 0.000593 0.178145 0.009109 2.233822
0.763251 0.020523 0.019034 0.009536 0.000598 0.177943 0.009117 2.235829
0.763455 0.020489 0.018998 0.009528 0.000602 0.177803 0.009127 2.237858
0.763649 0.020462 0.018940 0.009562 0.000596 0.177658 0.009133 2.239862
0.763933 0.020419 0.018933 0.009581 0.000594 0.177400 0.009140 2.241879
0.764156 0.020393 0.018965 0.009602 0.000596 0.177144 0.009146 2.243928
0.764352 0.020421 0.018970 0.009616 0.000594 0.176897 0.009152 2.245955
0.764459 0.020536 0.018961 0.009600 0.000594 0.176691 0.009160 2.247931
0.764640 0.020525 0.018933 0.009597 0.000603 0.176538 0.009165 2.249987
0.764813 0.020508 0.018912 0.009603 0.000602 0.176389 0.009173 2.251997
0.765040 0.020515 0.018840 0.009578 0.000605 0.176241 0.009181 2.253985
0.765240 0.020504 0.018867 0.009585 0.000602 0.176011 0.009192 2.256007
0.765375 0.020545 0.018896 0.009595 0.000596 0.175795 0.009200 2.258000
0.765572 0.020579 0.018911 0.009531 0.000597 0.175606 0.009206 2.260004
0.765673 0.020672 0.018919 0.009527 0.000602 0.175394 0.009214 2.262019
0.765770 0.020716 0.018903 0.009566 0.000599 0.175226 0.009220 2.264044
0.765966 0.020718 0.018878 0.009521 0.000607 0.175083 0.009227 2.266075
0.766085 0.020651 0.018923 0.009589 0.000610 0.174908 0.009235 2.268159
0.766173 0.020676 0.018854 0.009560 0.000608 0.174884 0.009244 2.270162
0.766310 0.020669 0.018788 0.009609 0.000604 0.174769 0.009252 2.272199
0.766383 0.020794 0.018768 0.009586 0.000599 0.174607 0.009262 2.274174
0.766499 0.020796 0.018756 0.009583 0.000608 0.174489 0.009269 2.276244
0.766624 0.020845 0.018711 0.009606 0.000607 0.174329 0.009279 2.278219
0.766754 0.020911 0.018752 0.009590 0.000600 0.174105 0.009288 2.280260
0.766917 0.020919 0.018802 0.009602 0.000596 0.173869 0.009296 2.282287
0.766949 0.020973 0.018832 0.009630 0.000599 0.173714 0.009303 2.284348
0.767103 0.021013 0.018825 0.009603 0.000601 0.173547 0.009309 2.286340
0.767165 0.020993 0.018797 0.009654 0.000596 0.173481 0.009315 2.288388
0.767263 0.021027 0.018851 0.009640 0.000598 0.173301 0.009321 2.290438
0.767325 0.021059 0.018880 0.009650 0.000594 0.173161 0.009330 2.292509
0.767411 0.021105 0.018842 0.009666 0.000597 0.173039 0.009338 2.294522
0.767512 0.021139 0.018789 0.009698 0.000593 0.172922 0.009347 2.296556
0.767662 0.021095 0.018817 0.009708 0.000590 0.172774 0.009353 2.298625
0.767824 0.021068 0.018808 0.009749 0.000583 0.172607 0.009362 2.300695
0.767936 0.021041 0.018872 0.009720 0.000588 0.172475 0.009369 2.302757
0.768015 0.021012 0.018931 0.009700 0.000588 0.172378 0.009376 2.304848
0.768167 0.020967 0.018958 0.009744 0.000589 0.172192 0.009382 2.306930
0.768247 0.020980 0.018957 0.009725 0.000591 0.172109 0.009390 2.309014
0.768238 0.021045 0.018926 0.009739 0.000595 0.172063 0.009395 2.311056
0.768391 0.021101 0.018923 0.009740 0.000596 0.171844 0.009405 2.313099
0.768430 0.021087 0.018965 0.009729 0.000591 0.171784 0.009414 2.315158
0.768500 0.021107 0.019010 0.009715 0.000582 0.171665 0.009421 2.317232
0.768587 0.021130 0.019048 0.009734 0.000581 0.171493 0.009428 2.319281
0.768595 0.021149 0.019134 0.009764 0.000585 0.171338 0.009435 2.321381
0.768674 0.021153 0.019155 0.009757 0.000585 0.171237 0.009439 2.323450
0.768764 0.021212 0.019187 0.009719 0.000584 0.171085 0.009449 2.325502
0.768804 0.021212 0.019234 0.009741 0.000587 0.170969 0.009454 2.327621
0.768793 0.021266 0.019224 0.009762 0.000597 0.170898 0.009461 2.329691
0.768730 0.021362 0.019223 0.009743 0.000596 0.170877 0.009469 2.331753
0.768698 0.021510 0.019180 0.009689 0.000599 0.170846 0.009478 2.333760
0.768762 0.021532 0.019192 0.009707 0.000593 0.170729 0.009485 2.335833
0.768742 0.021540 0.019195 0.009758 0.000596 0.170677 0.009492 2.337967
0.768790 0.021578 0.019160 0.009800 0.000598 0.170575 0.009498 2.340045
0.768809 0.021554 0.019210 0.009860 0.000598 0.170462 0.009508 2.342177
0.768808 0.021607 0.019199 0.009904 0.000594 0.170372 0.009517 2.344267
0.768823 0.021654 0.019159 0.009932 0.000601 0.170307 0.009524 2.346347
0.768858 0.021695 0.019185 0.009905 0.000606 0.170217 0.009534 2.348435
0.768801 0.021704 0.019204 0.009885 0.000616 0.170250 0.009541 2.350571
0.768794 0.021693 0.019217 0.009901 0.000618 0.170232 0.009546 2.352726
0.768814 0.021711 0.019276 0.009936 0.000609 0.170099 0.009555 2.354850
0.768747 0.021716 0.019309 0.009930 0.000611 0.170125 0.009564 2.357015
0.768789 0.021757 0.019283 0.009909 0.000622 0.170067 0.009573 2.359082
0.768761 0.021764 0.019267 0.009944 0.000625 0.170062 0.009578 2.361228
0.768764 0.021781 0.019327 0.009881 0.000630 0.170035 0.009581 2.363326
0.768745 0.021743 0.019365 0.009905 0.000636 0.170017 0.009590 2.365476
0.768701 0.021821 0.019364 0.009898 0.000633 0.169984 0.009600 2.367560
0.768718 0.021785 0.019393 0.009898 0.000627 0.169970 0.009609 2.369705
0.768746 0.021768 0.019410 0.009888 0.000624 0.169948 0.009617 2.371791
0.768653 0.021779 0.019521 0.009888 0.000624 0.169913 0.009624 2.373970
0.768642 0.021757 0.019499 0.009928 0.000619 0.169926 0.009630 2.376092
0.768627 0.021789 0.019439 0.009971 0.000616 0.169924 0.009634 2.378206
0.768568 0.021722 0.019431 0.009999 0.000626 0.170013 0.009642 2.380407
0.768584 0.021661 0.019515 0.010031 0.000619 0.169942 0.009648 2.382579
0.768500 0.021652 0.019526 0.010041 0.000620 0.170005 0.009656 2.384715
0.768468 0.021672 0.019511 0.010039 0.000626 0.170021 0.009664 2.386848
0.768486 0.021686 0.019530 0.010046 0.000612 0.169970 0.009670 2.388961
0.768510 0.021597 0.019564 0.010061 0.000610 0.169982 0.009677 2.391127
0.768519 0.021587 0.019545 0.010086 0.000608 0.169970 0.009686 2.393279
0.768480 0.021528 0.019554 0.010146 0.000606 0.169997 0.009689 2.395484
0.768483 0.021514 0.019552 0.010136 0.000592 0.170026 0.009698 2.397616
0.768520 0.021521 0.019527 0.010129 0.000588 0.170011 0.009705 2.399723
0.768547 0.021606 0.019469 0.010085 0.000600 0.169986 0.009708 2.401760
0.768477 0.021690 0.019459 0.010049 0.000601 0.170009 0.009715 2.403832
0.768432 0.021704 0.019521 0.010014 0.000602 0.170007 0.009721 2.405959
0.768425 0.021681 0.019577 0.010023 0.000602 0.169964 0.009729 2.408094
0.768441 0.021676 0.019626 0.010044 0.000609 0.169870 0.009735 2.410226
0.768500 0.021625 0.019638 0.010019 0.000612 0.169862 0.009745 2.412363
0.768553 0.021474 0.019674 0.010046 0.000609 0.169891 0.009754 2.414526
0.768534 0.021510 0.019706 0.010016 0.000612 0.169859 0.009764 2.416637
0.768570 0.021481 0.019786 0.009980 0.000611 0.169801 0.009771 2.418785
0.768562 0.021504 0.019793 0.009959 0.000615 0.169790 0.009777 2.420886
0.768542 0.021457 0.019774 0.009975 0.000615 0.169852 0.009785 2.423045
0.768580 0.021441 0.019801 0.009999 0.000624 0.169765 0.009790 2.425182
0.768588 0.021468 0.019742 0.010001 0.000624 0.169776 0.009801 2.427257
0.768597 0.021552 0.019730 0.010018 0.000625 0.169669 0.009810 2.429315
0.768536 0.021596 0.019741 0.010037 0.000619 0.169653 0.009816 2.431452
0.768568 0.021597 0.019721 0.010045 0.000622 0.169625 0.009822 2.433540
0.768562 0.021649 0.019624 0.010044 0.000623 0.169672 0.009827 2.435610
0.768576 0.021617 0.019655 0.010037 0.000618 0.169664 0.009834 2.437747
0.768551 0.021627 0.019658 0.010043 0.000617 0.169665 0.009839 2.439908
0.768665 0.021589 0.019616 0.010071 0.000616 0.169598 0.009844 2.442020
0.768666 0.021534 0.019683 0.010059 0.000614 0.169589 0.009854 2.444180
0.768627 0.021598 0.019628 0.010049 0.000612 0.169624 0.009863 2.446266
0.768661 0.021676 0.019624 0.010052 0.000613 0.169504 0.009870 2.448344
0.768732 0.021675 0.019631 0.010013 0.000614 0.169458 0.009878 2.450436
0.768698 0.021657 0.019634 0.010007 0.000612 0.169509 0.009883 2.452573
0.768706 0.021703 0.019584 0.009999 0.000616 0.169503 0.009890 2.454653
0.768779 0.021651 0.019614 0.009986 0.000616 0.169457 0.009897 2.456798
0.768675 0.021791 0.019543 0.009950 0.000614 0.169521 0.009907 2.458839
0.768616 0.021830 0.019523 0.009941 0.000609 0.169566 0.009916 2.460940
0.768658 0.021822 0.019565 0.009962 0.000610 0.169459 0.009924 2.463066
0.768659 0.021814 0.019572 0.009933 0.000602 0.169487 0.009933 2.465182
0.768594 0.021765 0.019642 0.009929 0.000597 0.169534 0.009940 2.467363
0.768633 0.021707 0.019642 0.009966 0.000597 0.169505 0.009950 2.469547
0.768656 0.021720 0.019601 0.009911 0.000598 0.169557 0.009958 2.471606
0.768636 0.021712 0.019604 0.009933 0.000599 0.169550 0.009966 2.473744
0.768544 0.021744 0.019614 0.009984 0.000603 0.169538 0.009973 2.475901
0.768475 0.021723 0.019612 0.009953 0.000598 0.169658 0.009980 2.478058
0.768480 0.021750 0.019624 0.009937 0.000603 0.169619 0.009989 2.480165
0.768497 0.021713 0.019616 0.009927 0.000608 0.169647 0.009994 2.482324
0.768472 0.021737 0.019543 0.009961 0.000604 0.169680 0.010002 2.484412
0.768495 0.021723 0.019586 0.009963 0.000594 0.169627 0.010013 2.486519
0.768477 0.021773 0.019581 0.009945 0.000598 0.169607 0.010021 2.488611
0.768566 0.021720 0.019589 0.009955 0.000608 0.169534 0.010027 2.490744
0.768618 0.021649 0.019619 0.009975 0.000610 0.169494 0.010036 2.492884
0.768604 0.021656 0.019602 0.009986 0.000611 0.169499 0.010044 2.495031
0.768685 0.021604 0.019612 0.009995 0.000609 0.169445 0.010051 2.497127
0.768746 0.021603 0.019616 0.009992 0.000609 0.169374 0.010060 2.499239
0.768690 0.021577 0.019628 0.010018 0.000607 0.169415 0.010065 2.501364
0.768655 0.021629 0.019597 0.010003 0.000608 0.169431 0.010076 2.503468
0.768635 0.021630 0.019629 0.009998 0.000604 0.169418 0.010086 2.505598
0.768761 0.021524 0.019636 0.009978 0.000612 0.169397 0.010091 2.507712
0.768900 0.021509 0.019605 0.009972 0.000611 0.169303 0.010101 2.509798
0.768916 0.021559 0.019566 0.009959 0.000611 0.169278 0.010111 2.511870
0.768932 0.021554 0.019640 0.009975 0.000612 0.169170 0.010118 2.513972
0.768927 0.021505 0.019630 0.009961 0.000610 0.169244 0.010122 2.516109
0.769018 0.021381 0.019635 0.009999 0.000615 0.169224 0.010128 2.518262
0.768959 0.021375 0.019662 0.010009 0.000620 0.169242 0.010134 2.520370
0.768937 0.021379 0.019648 0.009993 0.000628 0.169277 0.010139 2.522459
0.769066 0.021314 0.019632 0.009988 0.000625 0.169227 0.010149 2.524592
0.769019 0.021400 0.019559 0.009970 0.000624 0.169273 0.010156 2.526656
0.769053 0.021418 0.019579 0.009972 0.000623 0.169194 0.010161 2.528722
0.769075 0.021424 0.019587 0.009971 0.000625 0.169152 0.010167 2.530832
0.769103 0.021416 0.019531 0.009948 0.000630 0.169201 0.010172 2.532902
0.769028 0.021481 0.019543 0.009884 0.000635 0.169252 0.010178 2.534981
0.769089 0.021449 0.019599 0.009902 0.000631 0.169143 0.010186 2.537111
0.769134 0.021416 0.019567 0.009886 0.000635 0.169170 0.010194 2.539204
0.769266 0.021352 0.019581 0.009852 0.000627 0.169119 0.010203 2.541305
0.769263 0.021359 0.019594 0.009842 0.000633 0.169099 0.010210 2.543417
0.769376 0.021256 0.019616 0.009844 0.000625 0.169065 0.010217 2.545531
0.769387 0.021237 0.019580 0.009842 0.000622 0.169105 0.010228 2.547639
0.769426 0.021256 0.019591 0.009893 0.000622 0.168978 0.010234 2.549708
0.769442 0.021262 0.019532 0.009900 0.000624 0.168998 0.010242 2.551785
0.769424 0.021260 0.019523 0.009939 0.000624 0.168981 0.010249 2.553911
0.769451 0.021190 0.019542 0.009934 0.000621 0.169006 0.010258 2.556030
0.769482 0.021261 0.019459 0.009919 0.000625 0.168993 0.010263 2.558023
0.769511 0.021288 0.019422 0.009894 0.000627 0.168994 0.010266 2.560060
0.769483 0.021331 0.019394 0.009892 0.000625 0.169000 0.010275 2.562119
0.769544 0.021250 0.019463 0.009884 0.000619 0.168961 0.010280 2.564273
0.769542 0.021223 0.019530 0.009892 0.000618 0.168906 0.010289 2.566416
0.769525 0.021280 0.019499 0.009845 0.000626 0.168925 0.010300 2.568482
0.769549 0.021311 0.019443 0.009846 0.000626 0.168919 0.010308 2.570544
0.769484 0.021371 0.019488 0.009829 0.000631 0.168883 0.010315 2.572619
0.769526 0.021273 0.019535 0.009833 0.000635 0.168878 0.010320 2.574774
0.769548 0.021258 0.019544 0.009843 0.000632 0.168846 0.010328 2.576878
0.769581 0.021270 0.019573 0.009825 0.000629 0.168789 0.010334 2.578963
0.769601 0.021257 0.019599 0.009809 0.000624 0.168769 0.010341 2.581039
0.769582 0.021199 0.019578 0.009869 0.000625 0.168801 0.010347 2.583171
0.769609 0.021225 0.019530 0.009892 0.000623 0.168767 0.010354 2.585223
0.769612 0.021296 0.019547 0.009838 0.000609 0.168735 0.010364 2.587264
0.769640 0.021310 0.019507 0.009816 0.000605 0.168751 0.010371 2.589334
0.769637 0.021364 0.019442 0.009854 0.000603 0.168721 0.010380 2.591393
0.769603 0.021452 0.019425 0.009834 0.000604 0.168695 0.010388 2.593453
0.769563 0.021468 0.019455 0.009870 0.000604 0.168647 0.010395 2.595576
0.769539 0.021427 0.019453 0.009868 0.000597 0.168713 0.010404 2.597712
0.769505 0.021414 0.019524 0.009858 0.000590 0.168696 0.010414 2.599817
0.769556 0.021422 0.019529 0.009796 0.000591 0.168681 0.010425 2.601889
0.769594 0.021388 0.019536 0.009794 0.000591 0.168665 0.010434 2.603985
0.769573 0.021341 0.019570 0.009808 0.000587 0.168683 0.010438 2.606135
0.769561 0.021365 0.019611 0.009763 0.000584 0.168667 0.010448 2.608205
0.769476 0.021481 0.019576 0.009772 0.000577 0.168661 0.010458 2.610270
0.769495 0.021445 0.019581 0.009801 0.000573 0.168639 0.010467 2.612371
0.769531 0.021370 0.019650 0.009803 0.000575 0.168599 0.010474 2.614494
0.769613 0.021337 0.019667 0.009798 0.000569 0.168537 0.010480 2.616572
0.769560 0.021322 0.019660 0.009780 0.000574 0.168620 0.010485 2.618673
0.769620 0.021246 0.019636 0.009767 0.000572 0.168668 0.010492 2.620798
0.769657 0.021244 0.019592 0.009759 0.000576 0.168675 0.010498 2.622857
0.769684 0.021291 0.019562 0.009726 0.000576 0.168656 0.010506 2.624929
0.769688 0.021250 0.019611 0.009744 0.000582 0.168614 0.010511 2.627022
0.769804 0.021139 0.019647 0.009770 0.000588 0.168535 0.010518 2.629154
0.769908 0.021156 0.019585 0.009775 0.000585 0.168466 0.010526 2.631207
0.769931 0.021149 0.019603 0.009789 0.000582 0.168415 0.010532 2.633299
0.769891 0.021166 0.019552 0.009791 0.000587 0.168473 0.010540 2.635383
0.769976 0.021167 0.019517 0.009795 0.000585 0.168412 0.010548 2.637436
0.769986 0.021194 0.019498 0.009773 0.000592 0.168401 0.010558 2.639502
0.770099 0.021201 0.019496 0.009748 0.000596 0.168298 0.010565 2.641535
0.770199 0.021156 0.019484 0.009798 0.000591 0.168200 0.010573 2.643626
0.770303 0.021058 0.019471 0.009784 0.000587 0.168216 0.010581 2.645709
0.770333 0.021074 0.019403 0.009849 0.000583 0.168166 0.010591 2.647758
0.770372 0.021066 0.019377 0.009805 0.000575 0.168206 0.010601 2.649829
0.770393 0.020994 0.019435 0.009779 0.000587 0.168207 0.010605 2.651931
0.770447 0.021044 0.019385 0.009759 0.000587 0.168168 0.010611 2.653959
0.770515 0.020967 0.019389 0.009790 0.000593 0.168125 0.010622 2.656042
0.770657 0.020938 0.019392 0.009782 0.000590 0.168011 0.010632 2.658086
0.770686 0.020900 0.019334 0.009808 0.000583 0.168050 0.010639 2.660154
0.770818 0.020902 0.019228 0.009803 0.000570 0.168031 0.010649 2.662151
0.770883 0.020925 0.019195 0.009800 0.000576 0.167967 0.010655 2.664198
0.771014 0.020852 0.019162 0.009782 0.000571 0.167956 0.010664 2.666244
0.771099 0.020846 0.019193 0.009775 0.000578 0.167836 0.010672 2.668290
0.771186 0.020825 0.019184 0.009746 0.000574 0.167807 0.010679 2.670310
0.771231 0.020778 0.019211 0.009730 0.000569 0.167795 0.010688 2.672377
0.771287 0.020764 0.019158 0.009713 0.000572 0.167811 0.010696 2.674393
0.771332 0.020797 0.019128 0.009653 0.000565 0.167821 0.010704 2.676396
0.771363 0.020825 0.019119 0.009639 0.000568 0.167776 0.010710 2.678445
0.771402 0.020853 0.019130 0.009638 0.000563 0.167699 0.010715 2.680478
0.771400 0.020931 0.019099 0.009580 0.000569 0.167700 0.010721 2.682495
0.771356 0.020981 0.019107 0.009565 0.000573 0.167693 0.010726 2.684539
0.771406 0.021027 0.019100 0.009596 0.000561 0.167576 0.010736 2.686558
0.771519 0.020968 0.019117 0.009605 0.000569 0.167484 0.010739 2.688621
0.771550 0.021031 0.019085 0.009620 0.000568 0.167398 0.010749 2.690639
0.771534 0.021051 0.019124 0.009629 0.000576 0.167331 0.010754 2.692670
0.771529 0.021045 0.019157 0.009650 0.000579 0.167281 0.010761 2.694753
0.771543 0.021116 0.019112 0.009661 0.000577 0.167226 0.010767 2.696761
0.771555 0.021070 0.019158 0.009656 0.000573 0.167215 0.010774 2.698854
0.771616 0.021066 0.019155 0.009660 0.000576 0.167146 0.010781 2.700883
0.771573 0.021069 0.019128 0.009633 0.000582 0.167228 0.010787 2.702943
0.771597 0.021059 0.019166 0.009622 0.000579 0.167183 0.010795 2.705014
0.771606 0.020976 0.019194 0.009641 0.000578 0.167203 0.010802 2.707147
0.771658 0.020909 0.019183 0.009689 0.000577 0.167171 0.010813 2.709227
0.771707 0.020840 0.019162 0.009701 0.000579 0.167192 0.010819 2.711315
0.771746 0.020854 0.019078 0.009693 0.000579 0.167226 0.010824 2.713318
0.771833 0.020847 0.019049 0.009712 0.000585 0.167144 0.010832 2.715333
0.771867 0.020855 0.019037 0.009716 0.000585 0.167104 0.010836 2.717373
0.771951 0.020826 0.019022 0.009727 0.000586 0.167045 0.010842 2.719442
0.771875 0.020958 0.018965 0.009697 0.000586 0.167069 0.010850 2.721455
0.771926 0.020990 0.018970 0.009714 0.000587 0.166958 0.010856 2.723499
0.771965 0.021043 0.018991 0.009712 0.000588 0.166836 0.010864 2.725519
0.771905 0.021066 0.019006 0.009729 0.000589 0.166834 0.010872 2.727612
0.771913 0.021067 0.018983 0.009751 0.000588 0.166819 0.010879 2.729674
0.771931 0.021152 0.018930 0.009678 0.000591 0.166835 0.010884 2.731674
0.771909 0.021120 0.019009 0.009694 0.000591 0.166783 0.010894 2.733782
0.771948 0.021086 0.019053 0.009678 0.000594 0.166739 0.010901 2.735859
0.772034 0.021087 0.019049 0.009711 0.000596 0.166617 0.010906 2.737916
0.772004 0.021190 0.019006 0.009719 0.000598 0.166569 0.010914 2.739910
0.772040 0.021212 0.018944 0.009717 0.000605 0.166567 0.010917 2.741927
0.772020 0.021271 0.018933 0.009735 0.000618 0.166504 0.010920 2.743949
0.772045 0.021249 0.019082 0.009702 0.000614 0.166380 0.010928 2.746071
0.772010 0.021285 0.019084 0.009711 0.000614 0.166364 0.010933 2.748143
0.771980 0.021269 0.019064 0.009768 0.000615 0.166367 0.010938 2.750241
0.771924 0.021278 0.019110 0.009787 0.000619 0.166339 0.010942 2.752333
0.771892 0.021307 0.019091 0.009804 0.000616 0.166343 0.010947 2.754395
0.771893 0.021287 0.019153 0.009819 0.000607 0.166284 0.010957 2.756493
0.771886 0.021255 0.019199 0.009826 0.000606 0.166265 0.010964 2.758581
0.771908 0.021250 0.019242 0.009846 0.000604 0.166181 0.010970 2.760660
0.771876 0.021255 0.019258 0.009847 0.000597 0.166190 0.010977 2.762727
0.771884 0.021331 0.019204 0.009855 0.000587 0.166154 0.010987 2.764773
0.771887 0.021279 0.019260 0.009856 0.000584 0.166138 0.010995 2.766898
0.771806 0.021323 0.019294 0.009852 0.000578 0.166144 0.011004 2.768990
0.771762 0.021275 0.019327 0.009851 0.000582 0.166193 0.011011 2.771130
0.771667 0.021394 0.019351 0.009843 0.000586 0.166142 0.011017 2.773172
0.771668 0.021373 0.019359 0.009778 0.000584 0.166211 0.011028 2.775263
0.771613 0.021292 0.019428 0.009836 0.000576 0.166216 0.011038 2.777441
0.771728 0.021222 0.019444 0.009812 0.000583 0.166169 0.011043 2.779535
0.771671 0.021239 0.019462 0.009826 0.000581 0.166168 0.011053 2.781655
0.771657 0.021164 0.019476 0.009855 0.000574 0.166215 0.011058 2.783812
0.771613 0.021213 0.019411 0.009880 0.000570 0.166245 0.011068 2.785906
0.771656 0.021225 0.019369 0.009888 0.000560 0.166229 0.011074 2.787974
0.771616 0.021202 0.019382 0.009864 0.000564 0.166293 0.011080 2.790082
0.771649 0.021239 0.019332 0.009844 0.000564 0.166286 0.011086 2.792120
0.771659 0.021274 0.019338 0.009819 0.000567 0.166251 0.011094 2.794203
0.771601 0.021265 0.019443 0.009794 0.000571 0.166225 0.011100 2.796329
