0.347834 0.063602 0.056633 0.032307 0.002075 0.491496 0.006053 1.599148
0.348947 0.062418 0.056548 0.032218 0.002074 0.491712 0.006082 1.605306
0.350472 0.060949 0.056362 0.032128 0.002088 0.491889 0.006111 1.611338
0.352274 0.059381 0.056182 0.031968 0.002088 0.491972 0.006135 1.617293
0.354255 0.057737 0.055799 0.031763 0.002097 0.492189 0.006161 1.623029
0.356353 0.056147 0.055455 0.031541 0.002098 0.492221 0.006184 1.628638
0.358584 0.054593 0.055075 0.031154 0.002110 0.492272 0.006212 1.634102
0.361057 0.053032 0.054556 0.030802 0.002118 0.492198 0.006239 1.639348
0.363648 0.051491 0.054033 0.030420 0.002109 0.492032 0.006267 1.644518
0.366208 0.050061 0.053412 0.030032 0.002112 0.491887 0.006287 1.649513
0.368704 0.048698 0.052817 0.029605 0.002106 0.491756 0.006314 1.654414
0.371277 0.047512 0.052039 0.029193 0.002111 0.491529 0.006338 1.659113
0.374059 0.046336 0.051256 0.028816 0.002102 0.491070 0.006361 1.663732
0.376813 0.045159 0.050483 0.028444 0.002094 0.490615 0.006391 1.668249
0.379611 0.044109 0.049750 0.027928 0.002097 0.490087 0.006419 1.672620
0.382462 0.043058 0.049051 0.027511 0.002066 0.489402 0.006451 1.676962
0.385213 0.042146 0.048228 0.027064 0.002060 0.488810 0.006479 1.681154
0.388012 0.041312 0.047337 0.026585 0.002059 0.488196 0.006500 1.685265
0.390934 0.040510 0.046569 0.026138 0.002036 0.487286 0.006526 1.689260
0.393902 0.039759 0.045841 0.025696 0.002015 0.486231 0.006555 1.693197
0.396776 0.039132 0.045073 0.025312 0.002018 0.485111 0.006578 1.697074
0.399652 0.038372 0.044357 0.024922 0.001992 0.484104 0.006601 1.700943
0.402693 0.037665 0.043668 0.024446 0.001991 0.482914 0.006622 1.704718
0.405659 0.037112 0.042925 0.024067 0.001973 0.481616 0.006649 1.708357
0.408615 0.036615 0.042193 0.023674 0.001955 0.480275 0.006674 1.711955
0.411617 0.036078 0.041431 0.023337 0.001936 0.478905 0.006695 1.715568
0.414697 0.035580 0.040730 0.022988 0.001922 0.477360 0.006723 1.719059
0.417682 0.035077 0.040027 0.022602 0.001908 0.475962 0.006743 1.722552
0.420689 0.034675 0.039364 0.022221 0.001889 0.474399 0.006764 1.725936
0.423657 0.034316 0.038700 0.021824 0.001867 0.472846 0.006790 1.729311
0.426628 0.033903 0.038175 0.021462 0.001851 0.471169 0.006812 1.732731
0.429557 0.033457 0.037663 0.021167 0.001840 0.469472 0.006844 1.736106
0.432454 0.033154 0.037068 0.020876 0.001826 0.467751 0.006870 1.739365
0.435214 0.032846 0.036550 0.020604 0.001794 0.466097 0.006895 1.742662
0.438115 0.032596 0.036041 0.020264 0.001775 0.464291 0.006918 1.745879
0.441010 0.032282 0.035542 0.020010 0.001749 0.462462 0.006944 1.749090
0.443912 0.031998 0.035056 0.019724 0.001716 0.460622 0.006972 1.752253
0.446807 0.031758 0.034510 0.019512 0.001688 0.458735 0.006992 1.755426
0.449652 0.031525 0.034118 0.019239 0.001674 0.456775 0.007018 1.758574
0.452475 0.031345 0.033722 0.019040 0.001639 0.454734 0.007044 1.761675
0.455209 0.031167 0.033321 0.018812 0.001639 0.452789 0.007062 1.764735
0.457989 0.030949 0.032990 0.018562 0.001623 0.450807 0.007079 1.767838
0.460682 0.030890 0.032590 0.018332 0.001611 0.448795 0.007100 1.770854
0.463205 0.030834 0.032207 0.018162 0.001577 0.446890 0.007127 1.773872
0.465694 0.030778 0.031881 0.017985 0.001567 0.444954 0.007142 1.776926
0.468326 0.030791 0.031532 0.017804 0.001546 0.442839 0.007164 1.779912
0.470978 0.030692 0.031243 0.017647 0.001530 0.440727 0.007181 1.782952
0.473585 0.030587 0.030951 0.017435 0.001510 0.438721 0.007210 1.785969
0.475966 0.030645 0.030668 0.017258 0.001487 0.436742 0.007234 1.788918
0.478471 0.030629 0.030458 0.017044 0.001474 0.434671 0.007253 1.791892
0.480909 0.030587 0.030264 0.016930 0.001457 0.432579 0.007275 1.794918
0.483226 0.030674 0.030018 0.016761 0.001433 0.430590 0.007298 1.797858
0.485461 0.030755 0.029752 0.016620 0.001412 0.428686 0.007316 1.800858
0.487767 0.030783 0.029520 0.016584 0.001395 0.426616 0.007337 1.803883
0.490044 0.030827 0.029330 0.016425 0.001385 0.424637 0.007352 1.806842
0.492245 0.030863 0.029206 0.016309 0.001379 0.422626 0.007372 1.809902
0.494485 0.030896 0.029060 0.016228 0.001360 0.420582 0.007390 1.812935
0.496770 0.030884 0.028860 0.016150 0.001341 0.418587 0.007409 1.815934
0.498845 0.030984 0.028760 0.016112 0.001323 0.416553 0.007425 1.818946
0.501018 0.031073 0.028632 0.016041 0.001296 0.414497 0.007444 1.821942
0.503216 0.031059 0.028550 0.015984 0.001279 0.412448 0.007464 1.824988
0.505377 0.031024 0.028508 0.015908 0.001271 0.410435 0.007477 1.828045
0.507345 0.031119 0.028454 0.015845 0.001255 0.408491 0.007490 1.831097
0.509286 0.031163 0.028445 0.015846 0.001240 0.406514 0.007507 1.834181
0.511262 0.031235 0.028382 0.015869 0.001232 0.404490 0.007530 1.837259
0.513185 0.031275 0.028326 0.015851 0.001207 0.402605 0.007551 1.840372
0.514953 0.031420 0.028211 0.015894 0.001200 0.400757 0.007566 1.843476
0.516828 0.031536 0.028163 0.015848 0.001195 0.398856 0.007577 1.846558
0.518693 0.031598 0.028203 0.015788 0.001192 0.396934 0.007592 1.849615
0.520374 0.031611 0.028206 0.015817 0.001179 0.395205 0.007610 1.852776
0.522151 0.031667 0.028212 0.015787 0.001173 0.393385 0.007626 1.855881
0.523913 0.031791 0.028197 0.015792 0.001163 0.391508 0.007638 1.858972
0.525528 0.031894 0.028180 0.015745 0.001139 0.389858 0.007656 1.862114
0.527065 0.032018 0.028158 0.015719 0.001129 0.388239 0.007671 1.865263
0.528734 0.032138 0.028148 0.015720 0.001110 0.386464 0.007688 1.868382
0.530177 0.032337 0.028142 0.015756 0.001108 0.384779 0.007701 1.871539
0.531728 0.032526 0.028178 0.015728 0.001100 0.383028 0.007711 1.874677
0.533183 0.032615 0.028173 0.015807 0.001094 0.381402 0.007727 1.877910
0.534550 0.032845 0.028225 0.015843 0.001094 0.379706 0.007739 1.881101
0.535866 0.032997 0.028306 0.015878 0.001087 0.378116 0.007750 1.884353
0.537149 0.033159 0.028359 0.015894 0.001091 0.376587 0.007761 1.887614
0.538488 0.033299 0.028397 0.015971 0.001086 0.374985 0.007772 1.890873
0.539869 0.033492 0.028434 0.016008 0.001083 0.373334 0.007779 1.894070
0.541044 0.033709 0.028479 0.016004 0.001069 0.371898 0.007797 1.897304
0.542198 0.033859 0.028499 0.016035 0.001069 0.370528 0.007812 1.900591
0.543320 0.034034 0.028583 0.016048 0.001076 0.369114 0.007825 1.903914
0.544269 0.034272 0.028662 0.016086 0.001068 0.367802 0.007841 1.907235
0.545341 0.034485 0.028740 0.016109 0.001065 0.366407 0.007852 1.910543
0.546456 0.034519 0.028922 0.016226 0.001063 0.364949 0.007866 1.914034
0.547405 0.034672 0.029136 0.016306 0.001044 0.363555 0.007881 1.917467
0.548294 0.034809 0.029215 0.016423 0.001037 0.362329 0.007892 1.920905
0.549203 0.035025 0.029305 0.016490 0.001040 0.361033 0.007905 1.924345
0.549937 0.035222 0.029371 0.016554 0.001034 0.359962 0.007920 1.927820
0.550774 0.035392 0.029509 0.016573 0.001041 0.358779 0.007933 1.931251
0.551598 0.035460 0.029666 0.016694 0.001027 0.357605 0.007950 1.934820
0.552335 0.035716 0.029789 0.016746 0.001016 0.356433 0.007964 1.938336
0.553099 0.035942 0.029895 0.016782 0.001006 0.355299 0.007978 1.941830
0.553760 0.036158 0.030006 0.016814 0.000995 0.354274 0.007992 1.945323
0.554505 0.036366 0.030071 0.016839 0.000984 0.353230 0.008004 1.948842
0.555233 0.036569 0.030205 0.016922 0.000980 0.352072 0.008018 1.952412
0.555828 0.036750 0.030353 0.016990 0.000970 0.351073 0.008035 1.956023
0.556384 0.036922 0.030505 0.017086 0.000971 0.350087 0.008045 1.959673
0.556916 0.037163 0.030631 0.017139 0.000959 0.349135 0.008056 1.963269
0.557402 0.037346 0.030822 0.017208 0.000946 0.348204 0.008072 1.966922
0.558081 0.037440 0.030989 0.017355 0.000943 0.347106 0.008086 1.970609
0.558520 0.037583 0.031121 0.017450 0.000942 0.346279 0.008105 1.974330
0.558928 0.037730 0.031284 0.017622 0.000953 0.345363 0.008120 1.978093
0.559342 0.037876 0.031404 0.017731 0.000952 0.344561 0.008132 1.981832
0.559756 0.038084 0.031573 0.017768 0.000960 0.343714 0.008146 1.985559
0.560013 0.038302 0.031718 0.017877 0.000966 0.342965 0.008158 1.989322
0.560346 0.038438 0.031923 0.017947 0.000961 0.342213 0.008172 1.993128
0.560633 0.038577 0.032070 0.017975 0.000962 0.341599 0.008186 1.996956
0.560979 0.038736 0.032215 0.018039 0.000953 0.340874 0.008203 2.000731
0.561271 0.038932 0.032427 0.018088 0.000957 0.340109 0.008216 2.004532
0.561614 0.039124 0.032499 0.018167 0.000966 0.339404 0.008224 2.008308
0.561862 0.039299 0.032620 0.018217 0.000960 0.338802 0.008240 2.012167
0.562147 0.039533 0.032716 0.018272 0.000960 0.338116 0.008255 2.015987
0.562267 0.039630 0.032855 0.018312 0.000964 0.337706 0.008266 2.019908
0.562433 0.039701 0.033022 0.018445 0.000967 0.337152 0.008279 2.023831
0.562546 0.039922 0.033152 0.018532 0.000969 0.336588 0.008290 2.027724
0.562751 0.040053 0.033314 0.018570 0.000972 0.336040 0.008300 2.031602
0.562966 0.040158 0.033450 0.018708 0.000970 0.335431 0.008319 2.035546
0.563035 0.040207 0.033657 0.018739 0.000982 0.335047 0.008333 2.039559
0.563161 0.040306 0.033746 0.018808 0.000977 0.334654 0.008348 2.043559
0.563183 0.040523 0.033873 0.018860 0.000977 0.334224 0.008360 2.047454
0.563238 0.040629 0.033969 0.018968 0.000968 0.333855 0.008373 2.051440
0.563316 0.040758 0.034138 0.019052 0.000981 0.333371 0.008384 2.055432
0.563380 0.040852 0.034176 0.019113 0.000986 0.333093 0.008399 2.059407
0.563493 0.040994 0.034221 0.019235 0.000986 0.332661 0.008411 2.063413
0.563593 0.040992 0.034379 0.019384 0.000981 0.332246 0.008426 2.067499
0.563783 0.041099 0.034478 0.019405 0.000983 0.331811 0.008442 2.071472
0.563830 0.041140 0.034567 0.019488 0.000988 0.331536 0.008452 2.075508
0.563868 0.041226 0.034647 0.019496 0.000999 0.331305 0.008459 2.079554
0.563869 0.041320 0.034790 0.019564 0.001002 0.330987 0.008467 2.083635
0.563912 0.041392 0.034944 0.019594 0.001001 0.330679 0.008478 2.087708
0.563876 0.041517 0.035018 0.019588 0.001014 0.330503 0.008485 2.091748
0.563828 0.041553 0.035197 0.019637 0.001016 0.330272 0.008495 2.095875
0.563963 0.041500 0.035278 0.019698 0.001037 0.330016 0.008508 2.099990
0.563984 0.041488 0.035363 0.019744 0.001049 0.329850 0.008521 2.104071
0.564074 0.041493 0.035486 0.019762 0.001050 0.329605 0.008530 2.108151
0.564072 0.041600 0.035639 0.019762 0.001050 0.329334 0.008545 2.112177
0.564131 0.041629 0.035712 0.019793 0.001058 0.329123 0.008554 2.116235
0.564065 0.041714 0.035760 0.019818 0.001060 0.329014 0.008568 2.120260
0.564075 0.041715 0.035806 0.019849 0.001061 0.328912 0.008582 2.124347
0.563987 0.041819 0.035903 0.019925 0.001052 0.328722 0.008593 2.128422
0.563991 0.041794 0.035951 0.019976 0.001059 0.328623 0.008607 2.132556
0.564020 0.041812 0.035977 0.020006 0.001072 0.328497 0.008616 2.136638
0.564011 0.041932 0.036016 0.020046 0.001068 0.328301 0.008627 2.140702
0.564011 0.041866 0.036060 0.020124 0.001073 0.328230 0.008637 2.144859
0.564022 0.041849 0.036097 0.020170 0.001079 0.328134 0.008648 2.148963
0.564081 0.041872 0.036072 0.020217 0.001084 0.328006 0.008668 2.153017
0.564041 0.041866 0.036165 0.020269 0.001083 0.327896 0.008679 2.157166
0.564055 0.041922 0.036141 0.020257 0.001085 0.327855 0.008685 2.161185
0.564089 0.041966 0.036141 0.020258 0.001099 0.327753 0.008694 2.165242
0.563969 0.042021 0.036171 0.020233 0.001100 0.327796 0.008709 2.169353
0.563887 0.042159 0.036243 0.020216 0.001100 0.327672 0.008723 2.173437
0.563801 0.042270 0.036314 0.020193 0.001098 0.327586 0.008738 2.177494
0.563665 0.042293 0.036405 0.020267 0.001101 0.327516 0.008753 2.181626
0.563695 0.042265 0.036430 0.020269 0.001106 0.327469 0.008767 2.185750
0.563590 0.042289 0.036488 0.020257 0.001110 0.327486 0.008781 2.189855
0.563737 0.042116 0.036563 0.020319 0.001115 0.327358 0.008792 2.194015
0.563779 0.042074 0.036558 0.020361 0.001128 0.327298 0.008802 2.198107
0.563695 0.042043 0.036653 0.020393 0.001131 0.327269 0.008816 2.202299
0.563772 0.041968 0.036709 0.020409 0.001131 0.327186 0.008827 2.206418
0.563649 0.042035 0.036772 0.020371 0.001140 0.327189 0.008844 2.210560
0.563729 0.041956 0.036767 0.020395 0.001147 0.327151 0.008856 2.214659
0.563790 0.041835 0.036787 0.020378 0.001156 0.327189 0.008867 2.218808
0.563890 0.041828 0.036726 0.020373 0.001156 0.327142 0.008885 2.222844
0.563966 0.041802 0.036772 0.020305 0.001155 0.327101 0.008898 2.226938
0.564089 0.041724 0.036785 0.020320 0.001152 0.327013 0.008916 2.231046
0.564138 0.041653 0.036765 0.020375 0.001150 0.326990 0.008929 2.235160
0.564248 0.041527 0.036801 0.020349 0.001157 0.326978 0.008941 2.239280
0.564228 0.041422 0.036799 0.020314 0.001148 0.327133 0.008956 2.243419
0.564241 0.041366 0.036729 0.020310 0.001146 0.327234 0.008974 2.247453
0.564393 0.041305 0.036754 0.020248 0.001145 0.327167 0.008990 2.251482
0.564498 0.041182 0.036774 0.020210 0.001162 0.327174 0.009001 2.255526
0.564587 0.041134 0.036693 0.020227 0.001159 0.327182 0.009017 2.259569
0.564690 0.041076 0.036725 0.020175 0.001161 0.327144 0.009031 2.263621
0.564793 0.041003 0.036727 0.020246 0.001168 0.327021 0.009041 2.267673
0.564823 0.040959 0.036759 0.020298 0.001164 0.326939 0.009059 2.271717
0.564832 0.040913 0.036757 0.020293 0.001174 0.326955 0.009075 2.275762
0.564920 0.040887 0.036696 0.020278 0.001170 0.326960 0.009089 2.279769
0.565181 0.040718 0.036613 0.020252 0.001165 0.326968 0.009105 2.283747
0.565292 0.040742 0.036528 0.020230 0.001164 0.326929 0.009117 2.287664
0.565309 0.040785 0.036445 0.020189 0.001164 0.326973 0.009136 2.291634
0.565433 0.040675 0.036388 0.020141 0.001164 0.327048 0.009151 2.295623
0.565600 0.040588 0.036380 0.020119 0.001165 0.326985 0.009163 2.299618
0.565745 0.040582 0.036337 0.020072 0.001170 0.326918 0.009177 2.303573
0.565906 0.040541 0.036322 0.020029 0.001173 0.326842 0.009187 2.307541
0.566170 0.040373 0.036325 0.020038 0.001173 0.326721 0.009199 2.311576
0.566312 0.040364 0.036286 0.020001 0.001189 0.326637 0.009212 2.315484
0.566503 0.040247 0.036279 0.019961 0.001183 0.326601 0.009228 2.319465
0.566642 0.040267 0.036168 0.019995 0.001172 0.326512 0.009244 2.323368
0.566709 0.040288 0.036089 0.019998 0.001152 0.326502 0.009263 2.327321
0.566905 0.040182 0.036039 0.019897 0.001152 0.326551 0.009276 2.331305
0.567196 0.040160 0.035956 0.019933 0.001157 0.326312 0.009286 2.335195
0.567463 0.040133 0.035782 0.019900 0.001150 0.326273 0.009300 2.339064
0.567584 0.040158 0.035697 0.019876 0.001150 0.326224 0.009312 2.342966
0.567796 0.040155 0.035653 0.019819 0.001167 0.326089 0.009322 2.346821
0.567913 0.040085 0.035683 0.019788 0.001170 0.326028 0.009333 2.350774
0.568109 0.039979 0.035591 0.019771 0.001176 0.326035 0.009340 2.354658
0.568305 0.039862 0.035583 0.019795 0.001176 0.325926 0.009354 2.358607
0.568528 0.039829 0.035565 0.019792 0.001161 0.325755 0.009369 2.362503
0.568820 0.039655 0.035627 0.019773 0.001169 0.325573 0.009384 2.366494
0.569007 0.039628 0.035633 0.019785 0.001163 0.325386 0.009399 2.370404
0.569183 0.039653 0.035538 0.019764 0.001163 0.325284 0.009414 2.374263
0.569445 0.039612 0.035506 0.019697 0.001156 0.325153 0.009431 2.378143
0.569707 0.039600 0.035455 0.019673 0.001161 0.324963 0.009441 2.382030
0.569876 0.039556 0.035474 0.019653 0.001163 0.324819 0.009458 2.385935
0.570072 0.039550 0.035494 0.019594 0.001153 0.324660 0.009476 2.389763
0.570271 0.039539 0.035418 0.019589 0.001163 0.324532 0.009489 2.393651
0.570470 0.039605 0.035294 0.019579 0.001159 0.324385 0.009507 2.397477
0.570674 0.039509 0.035299 0.019572 0.001171 0.324258 0.009518 2.401393
0.570815 0.039477 0.035201 0.019584 0.001180 0.324213 0.009531 2.405240
0.571041 0.039551 0.035144 0.019551 0.001183 0.323986 0.009544 2.409057
0.571095 0.039477 0.035211 0.019535 0.001201 0.323923 0.009558 2.413013
0.571371 0.039395 0.035127 0.019539 0.001201 0.323795 0.009573 2.416875
0.571593 0.039306 0.035141 0.019518 0.001208 0.323646 0.009589 2.420740
0.571776 0.039313 0.035111 0.019428 0.001204 0.323562 0.009608 2.424581
0.572004 0.039287 0.035147 0.019438 0.001194 0.323308 0.009622 2.428466
0.572267 0.039237 0.035208 0.019399 0.001190 0.323057 0.009643 2.432362
0.572440 0.039190 0.035207 0.019416 0.001183 0.322907 0.009656 2.436243
0.572652 0.039187 0.035186 0.019380 0.001174 0.322752 0.009670 2.440139
0.572862 0.039196 0.035157 0.019331 0.001170 0.322597 0.009687 2.443955
0.572999 0.039233 0.035193 0.019282 0.001176 0.322419 0.009699 2.447800
0.573246 0.039185 0.035144 0.019255 0.001180 0.322278 0.009713 2.451653
0.573561 0.039115 0.035134 0.019267 0.001174 0.322023 0.009727 2.455510
0.573727 0.039091 0.035134 0.019253 0.001181 0.321875 0.009738 2.459352
0.573899 0.039087 0.035067 0.019334 0.001181 0.321677 0.009755 2.463248
0.574160 0.039081 0.035023 0.019304 0.001189 0.321472 0.009770 2.467100
0.574219 0.039128 0.035041 0.019275 0.001182 0.321375 0.009781 2.470963
0.574386 0.039105 0.034976 0.019296 0.001191 0.321253 0.009795 2.474775
0.574532 0.039144 0.034884 0.019294 0.001190 0.321144 0.009812 2.478600
0.574815 0.039091 0.034855 0.019263 0.001191 0.320958 0.009826 2.482444
0.574963 0.039104 0.034773 0.019211 0.001194 0.320917 0.009837 2.486225
0.575103 0.039138 0.034740 0.019237 0.001195 0.320736 0.009851 2.490034
0.575336 0.039037 0.034810 0.019171 0.001203 0.320578 0.009865 2.493912
0.575457 0.039140 0.034789 0.019154 0.001208 0.320377 0.009875 2.497707
0.575620 0.039196 0.034736 0.019125 0.001203 0.320230 0.009890 2.501557
0.575813 0.039310 0.034716 0.019054 0.001197 0.320005 0.009906 2.505305
0.576011 0.039374 0.034651 0.019051 0.001181 0.319813 0.009919 2.509084
0.576184 0.039317 0.034632 0.019039 0.001183 0.319708 0.009937 2.512963
0.576292 0.039254 0.034634 0.019095 0.001173 0.319599 0.009952 2.516899
0.576444 0.039259 0.034557 0.019097 0.001163 0.319514 0.009966 2.520743
0.576553 0.039313 0.034610 0.019109 0.001148 0.319287 0.009981 2.524606
0.576709 0.039425 0.034546 0.019067 0.001147 0.319107 0.009999 2.528402
0.576892 0.039436 0.034603 0.019044 0.001144 0.318870 0.010011 2.532268
0.576973 0.039387 0.034609 0.019053 0.001144 0.318805 0.010028 2.536158
0.576991 0.039435 0.034604 0.019139 0.001135 0.318657 0.010039 2.540009
0.577059 0.039439 0.034614 0.019128 0.001124 0.318579 0.010058 2.543895
0.577042 0.039502 0.034539 0.019117 0.001116 0.318615 0.010068 2.547739
0.577197 0.039544 0.034593 0.019105 0.001109 0.318367 0.010085 2.551561
0.577301 0.039528 0.034700 0.019067 0.001120 0.318183 0.010100 2.555465
0.577469 0.039497 0.034802 0.019142 0.001116 0.317863 0.010111 2.559382
0.577568 0.039418 0.034860 0.019193 0.001109 0.317728 0.010125 2.563308
0.577638 0.039455 0.034801 0.019166 0.001108 0.317694 0.010138 2.567145
0.577786 0.039422 0.034808 0.019124 0.001107 0.317596 0.010159 2.571054
0.577852 0.039482 0.034737 0.019162 0.001108 0.317484 0.010174 2.574904
0.577904 0.039545 0.034783 0.019123 0.001109 0.317351 0.010186 2.578766
0.577999 0.039532 0.034805 0.019145 0.001107 0.317211 0.010202 2.582672
0.578168 0.039617 0.034769 0.019108 0.001113 0.317010 0.010215 2.586470
0.578155 0.039715 0.034757 0.019096 0.001121 0.316930 0.010228 2.590335
0.578265 0.039736 0.034773 0.019086 0.001126 0.316773 0.010240 2.594184
0.578349 0.039762 0.034791 0.019067 0.001122 0.316657 0.010252 2.598023
0.578445 0.039689 0.034833 0.019100 0.001118 0.316545 0.010268 2.601952
0.578527 0.039571 0.034900 0.019162 0.001107 0.316450 0.010284 2.605896
0.578502 0.039671 0.034905 0.019227 0.001106 0.316287 0.010302 2.609742
0.578488 0.039770 0.034866 0.019221 0.001117 0.316226 0.010312 2.613619
0.578570 0.039738 0.034965 0.019231 0.001109 0.316061 0.010325 2.617551
0.578576 0.039786 0.034995 0.019234 0.001106 0.315966 0.010337 2.621502
0.578521 0.039882 0.035033 0.019262 0.001098 0.315854 0.010349 2.625470
0.578535 0.039873 0.035031 0.019250 0.001084 0.315865 0.010362 2.629345
0.578471 0.039928 0.035020 0.019307 0.001086 0.315814 0.010375 2.633263
0.578449 0.039930 0.035012 0.019356 0.001087 0.315784 0.010383 2.637179
0.578326 0.040006 0.035043 0.019395 0.001098 0.315742 0.010391 2.641122
0.578301 0.040008 0.035060 0.019376 0.001093 0.315756 0.010406 2.645088
0.578406 0.039993 0.035045 0.019408 0.001098 0.315630 0.010419 2.648988
0.578391 0.039972 0.035063 0.019383 0.001101 0.315658 0.010432 2.652951
0.578342 0.040010 0.035105 0.019328 0.001104 0.315671 0.010442 2.656837
0.578271 0.040000 0.035156 0.019422 0.001110 0.315586 0.010455 2.660852
0.578391 0.039946 0.035130 0.019505 0.001106 0.315446 0.010475 2.664821
0.578372 0.040009 0.035074 0.019497 0.001107 0.315452 0.010488 2.668714
0.578436 0.039955 0.035114 0.019498 0.001108 0.315389 0.010500 2.672630
0.578407 0.039947 0.035181 0.019527 0.001110 0.315316 0.010512 2.676588
0.578438 0.039974 0.035203 0.019508 0.001106 0.315248 0.010522 2.680456
0.578407 0.040089 0.035229 0.019446 0.001107 0.315184 0.010537 2.684338
0.578436 0.040087 0.035208 0.019460 0.001107 0.315153 0.010549 2.688262
0.578441 0.040047 0.035225 0.019432 0.001107 0.315182 0.010566 2.692199
0.578427 0.039935 0.035246 0.019473 0.001105 0.315231 0.010582 2.696210
0.578477 0.039978 0.035318 0.019478 0.001105 0.315048 0.010596 2.700146
0.578402 0.040032 0.035321 0.019537 0.001107 0.315002 0.010602 2.704091
0.578350 0.040119 0.035290 0.019527 0.001105 0.314993 0.010616 2.707925
0.578304 0.040174 0.035284 0.019480 0.001114 0.315021 0.010625 2.711813
0.578398 0.040017 0.035449 0.019435 0.001113 0.314949 0.010640 2.715864
0.578431 0.040007 0.035569 0.019365 0.001111 0.314861 0.010657 2.719799
0.578402 0.039970 0.035552 0.019426 0.001114 0.314867 0.010670 2.723749
0.578511 0.040007 0.035514 0.019414 0.001124 0.314751 0.010679 2.727606
0.578508 0.040070 0.035581 0.019441 0.001125 0.314585 0.010690 2.731549
0.578608 0.039993 0.035585 0.019482 0.001126 0.314504 0.010703 2.735539
0.578648 0.040003 0.035558 0.019493 0.001120 0.314466 0.010712 2.739448
0.578569 0.040055 0.035561 0.019560 0.001120 0.314407 0.010728 2.743371
0.578557 0.040032 0.035582 0.019637 0.001119 0.314335 0.010740 2.747305
0.578480 0.040150 0.035518 0.019580 0.001115 0.314405 0.010753 2.751175
0.578445 0.040136 0.035532 0.019593 0.001102 0.314424 0.010768 2.755105
0.578555 0.040161 0.035456 0.019513 0.001100 0.314427 0.010788 2.758939
0.578483 0.040165 0.035445 0.019514 0.001097 0.314495 0.010802 2.762894
0.578374 0.040208 0.035441 0.019460 0.001098 0.314605 0.010814 2.766790
0.578394 0.040134 0.035528 0.019456 0.001106 0.314560 0.010823 2.770777
0.578387 0.040234 0.035538 0.019465 0.001106 0.314438 0.010832 2.774674
0.578240 0.040268 0.035556 0.019433 0.001108 0.314551 0.010844 2.778613
0.578330 0.040200 0.035626 0.019383 0.001112 0.314489 0.010862 2.782548
0.578290 0.040155 0.035654 0.019419 0.001118 0.314493 0.010871 2.786554
0.578096 0.040224 0.035664 0.019447 0.001118 0.314562 0.010888 2.790516
0.578106 0.040209 0.035617 0.019502 0.001115 0.314549 0.010903 2.794471
0.578052 0.040244 0.035606 0.019608 0.001111 0.314458 0.010922 2.798473
0.578040 0.040180 0.035720 0.019588 0.001115 0.314425 0.010932 2.802469
0.578167 0.040144 0.035622 0.019598 0.001110 0.314414 0.010945 2.806351
0.578149 0.040108 0.035607 0.019558 0.001108 0.314513 0.010958 2.810298
0.578238 0.040134 0.035518 0.019540 0.001105 0.314496 0.010969 2.814157
0.578303 0.040041 0.035402 0.019520 0.001107 0.314647 0.010979 2.818045
0.578266 0.040067 0.035473 0.019480 0.001103 0.314613 0.010997 2.821929
0.578231 0.040057 0.035444 0.019483 0.001103 0.314669 0.011012 2.825879
0.578299 0.039941 0.035447 0.019521 0.001102 0.314666 0.011023 2.829871
0.578339 0.039933 0.035412 0.019535 0.001096 0.314647 0.011041 2.833802
0.578357 0.039976 0.035469 0.019526 0.001094 0.314527 0.011050 2.837695
0.578392 0.039896 0.035475 0.019532 0.001092 0.314551 0.011062 2.841641
0.578459 0.039838 0.035495 0.019506 0.001089 0.314535 0.011079 2.845527
0.578536 0.039783 0.035504 0.019487 0.001078 0.314520 0.011092 2.849431
0.578502 0.039883 0.035430 0.019498 0.001080 0.314504 0.011103 2.853313
0.578560 0.039939 0.035381 0.019507 0.001079 0.314417 0.011117 2.857195
0.578618 0.039891 0.035382 0.019501 0.001080 0.314395 0.011133 2.861144
0.578641 0.039955 0.035365 0.019514 0.001084 0.314294 0.011146 2.865061
0.578530 0.039986 0.035433 0.019495 0.001098 0.314297 0.011161 2.868994
0.578599 0.039956 0.035478 0.019502 0.001092 0.314194 0.011180 2.872914
0.578601 0.039895 0.035456 0.019498 0.001098 0.314261 0.011193 2.876873
0.578587 0.039954 0.035360 0.019528 0.001107 0.314262 0.011203 2.880718
0.578622 0.039879 0.035343 0.019538 0.001106 0.314288 0.011224 2.884655
0.578662 0.039930 0.035259 0.019577 0.001104 0.314232 0.011237 2.888503
0.578626 0.039986 0.035263 0.019570 0.001110 0.314194 0.011251 2.892425
0.578820 0.039817 0.035348 0.019534 0.001107 0.314113 0.011260 2.896361
0.578808 0.039792 0.035375 0.019549 0.001105 0.314097 0.011276 2.900279
0.578792 0.039883 0.035353 0.019416 0.001099 0.314166 0.011292 2.904110
0.578816 0.039937 0.035341 0.019399 0.001098 0.314101 0.011309 2.907957
0.578762 0.040008 0.035374 0.019370 0.001101 0.314061 0.011323 2.911855
0.578812 0.039979 0.035336 0.019406 0.001100 0.314031 0.011337 2.915742
0.578813 0.039932 0.035397 0.019438 0.001089 0.313979 0.011353 2.919636
0.578912 0.039844 0.035383 0.019451 0.001089 0.313955 0.011366 2.923558
0.579041 0.039749 0.035440 0.019424 0.001111 0.313859 0.011376 2.927475
0.579122 0.039767 0.035385 0.019403 0.001113 0.313813 0.011396 2.931350
0.579190 0.039780 0.035380 0.019381 0.001119 0.313744 0.011406 2.935235
0.579193 0.039658 0.035371 0.019412 0.001123 0.313823 0.011421 2.939194
0.579261 0.039626 0.035329 0.019401 0.001107 0.313841 0.011435 2.943055
0.579350 0.039594 0.035314 0.019397 0.001107 0.313786 0.011453 2.946919
0.579459 0.039612 0.035268 0.019382 0.001109 0.313705 0.011466 2.950790
0.579495 0.039598 0.035209 0.019383 0.001099 0.313735 0.011481 2.954679
0.579606 0.039621 0.035062 0.019351 0.001106 0.313759 0.011496 2.958483
0.579640 0.039651 0.035076 0.019317 0.001116 0.313692 0.011507 2.962323
0.579582 0.039675 0.035155 0.019364 0.001118 0.313581 0.011525 2.966253
0.579583 0.039657 0.035109 0.019419 0.001120 0.313578 0.011535 2.970175
0.579669 0.039600 0.035087 0.019415 0.001132 0.313549 0.011550 2.974083
0.579634 0.039649 0.035033 0.019465 0.001138 0.313516 0.011565 2.977949
0.579663 0.039745 0.034984 0.019435 0.001137 0.313458 0.011579 2.981795
0.579806 0.039693 0.034947 0.019417 0.001137 0.313412 0.011588 2.985691
0.579824 0.039733 0.034872 0.019324 0.001152 0.313494 0.011601 2.989540
0.579926 0.039713 0.034818 0.019319 0.001137 0.313476 0.011613 2.993370
0.580064 0.039587 0.034848 0.019273 0.001142 0.313461 0.011625 2.997269
0.580079 0.039663 0.034853 0.019225 0.001141 0.313404 0.011636 3.001106
0.580052 0.039758 0.034821 0.019229 0.001132 0.313354 0.011656 3.004944
0.580140 0.039735 0.034824 0.019252 0.001123 0.313254 0.011674 3.008834
0.580152 0.039669 0.034846 0.019247 0.001122 0.313275 0.011688 3.012739
0.580119 0.039748 0.034917 0.019249 0.001117 0.313150 0.011701 3.016560
0.580224 0.039854 0.034889 0.019206 0.001110 0.313001 0.011718 3.020379
0.580423 0.039727 0.034866 0.019171 0.001118 0.312962 0.011733 3.024276
0.580546 0.039623 0.034929 0.019159 0.001113 0.312882 0.011749 3.028181
0.580543 0.039597 0.034939 0.019192 0.001106 0.312859 0.011765 3.032110
0.580528 0.039627 0.035026 0.019170 0.001105 0.312766 0.011777 3.035985
0.580580 0.039682 0.034976 0.019175 0.001115 0.312681 0.011791 3.039818
0.580627 0.039653 0.035027 0.019176 0.001116 0.312597 0.011803 3.043772
0.580703 0.039716 0.035010 0.019200 0.001114 0.312442 0.011815 3.047645
0.580690 0.039675 0.035043 0.019238 0.001107 0.312417 0.011830 3.051531
0.580708 0.039684 0.035028 0.019213 0.001102 0.312424 0.011841 3.055428
0.580711 0.039729 0.035001 0.019199 0.001096 0.312409 0.011855 3.059300
0.580717 0.039712 0.035033 0.019217 0.001108 0.312351 0.011864 3.063244
0.580787 0.039657 0.035062 0.019236 0.001109 0.312270 0.011879 3.067198
0.580862 0.039610 0.035053 0.019216 0.001113 0.312248 0.011897 3.071086
0.580794 0.039614 0.035076 0.019256 0.001119 0.312232 0.011909 3.075011
0.580788 0.039607 0.035057 0.019240 0.001125 0.312264 0.011920 3.078933
0.580850 0.039643 0.034972 0.019238 0.001123 0.312242 0.011933 3.082765
0.580887 0.039585 0.034985 0.019228 0.001124 0.312246 0.011945 3.086691
0.580951 0.039501 0.035095 0.019245 0.001119 0.312132 0.011958 3.090628
0.580828 0.039625 0.035154 0.019247 0.001127 0.312051 0.011967 3.094508
0.580905 0.039622 0.035198 0.019238 0.001142 0.311918 0.011977 3.098374
0.580936 0.039573 0.035155 0.019228 0.001140 0.311978 0.011991 3.102233
0.580933 0.039582 0.035180 0.019207 0.001136 0.311959 0.012004 3.106099
0.580902 0.039558 0.035265 0.019265 0.001130 0.311864 0.012018 3.110043
0.580830 0.039636 0.035208 0.019285 0.001118 0.311892 0.012031 3.113903
0.580818 0.039577 0.035190 0.019307 0.001117 0.311949 0.012044 3.117844
0.580789 0.039624 0.035182 0.019296 0.001118 0.311931 0.012060 3.121719
0.580717 0.039620 0.035230 0.019295 0.001112 0.311947 0.012079 3.125661
0.580647 0.039730 0.035103 0.019258 0.001105 0.312061 0.012097 3.129477
0.580778 0.039690 0.035111 0.019289 0.001108 0.311913 0.012111 3.133376
0.580802 0.039741 0.035143 0.019244 0.001114 0.311831 0.012126 3.137256
0.580778 0.039794 0.035234 0.019189 0.001112 0.311757 0.012137 3.141195
0.580766 0.039823 0.035225 0.019116 0.001104 0.311816 0.012150 3.145037
0.580676 0.039804 0.035211 0.019210 0.001105 0.311830 0.012163 3.148972
0.580662 0.039793 0.035178 0.019246 0.001102 0.311840 0.012178 3.152883
0.580733 0.039743 0.035171 0.019246 0.001102 0.311814 0.012192 3.156770
0.580630 0.039775 0.035236 0.019263 0.001090 0.311800 0.012205 3.160656
0.580607 0.039803 0.035184 0.019258 0.001091 0.311840 0.012219 3.164524
0.580639 0.039841 0.035252 0.019232 0.001095 0.311712 0.012228 3.168423
0.580594 0.039834 0.035208 0.019200 0.001089 0.311832 0.012242 3.172336
0.580570 0.039802 0.035262 0.019169 0.001097 0.311845 0.012254 3.176265
0.580515 0.039896 0.035244 0.019164 0.001087 0.311822 0.012271 3.180108
0.580446 0.039980 0.035252 0.019188 0.001096 0.311756 0.012283 3.184042
0.580469 0.039876 0.035259 0.019241 0.001094 0.311765 0.012297 3.187992
0.580338 0.039928 0.035253 0.019208 0.001114 0.311852 0.012308 3.191898
0.580416 0.039886 0.035153 0.019242 0.001114 0.311866 0.012322 3.195804
0.580435 0.039953 0.035150 0.019221 0.001106 0.311798 0.012336 3.199656
0.580362 0.039903 0.035312 0.019274 0.001104 0.311696 0.012349 3.203673
0.580400 0.039865 0.035264 0.019334 0.001109 0.311668 0.012359 3.207558
0.580422 0.039834 0.035289 0.019385 0.001110 0.311583 0.012376 3.211504
0.580418 0.039896 0.035245 0.019379 0.001102 0.311569 0.012389 3.215361
0.580335 0.039975 0.035299 0.019355 0.001097 0.311533 0.012406 3.219231
0.580363 0.039882 0.035384 0.019355 0.001095 0.311498 0.012422 3.223201
0.580375 0.039878 0.035326 0.019348 0.001090 0.311546 0.012437 3.227098
0.580353 0.039815 0.035382 0.019295 0.001089 0.311616 0.012452 3.231028
0.580357 0.039782 0.035385 0.019243 0.001089 0.311673 0.012470 3.234937
0.580444 0.039688 0.035418 0.019225 0.001090 0.311647 0.012487 3.238868
0.580359 0.039740 0.035360 0.019195 0.001091 0.311756 0.012499 3.242689
0.580516 0.039640 0.035348 0.019268 0.001098 0.311616 0.012512 3.246672
0.580486 0.039651 0.035331 0.019280 0.001089 0.311639 0.012524 3.250547
0.580442 0.039640 0.035346 0.019265 0.001102 0.311664 0.012541 3.254455
0.580476 0.039583 0.035372 0.019292 0.001111 0.311612 0.012554 3.258350
0.580577 0.039645 0.035295 0.019280 0.001096 0.311536 0.012573 3.262136
0.580590 0.039570 0.035283 0.019271 0.001092 0.311613 0.012582 3.266010
0.580607 0.039561 0.035207 0.019247 0.001099 0.311682 0.012596 3.269908
0.580543 0.039561 0.035212 0.019235 0.001092 0.311745 0.012610 3.273778
0.580621 0.039468 0.035256 0.019256 0.001090 0.311683 0.012625 3.277708
0.580629 0.039498 0.035163 0.019308 0.001086 0.311683 0.012634 3.281573
0.580767 0.039397 0.035180 0.019349 0.001081 0.311575 0.012650 3.285519
0.580813 0.039335 0.035183 0.019405 0.001073 0.311525 0.012666 3.289464
0.580831 0.039326 0.035226 0.019389 0.001075 0.311478 0.012676 3.293368
0.580897 0.039335 0.035131 0.019350 0.001070 0.311530 0.012686 3.297191
0.580897 0.039412 0.035106 0.019291 0.001066 0.311532 0.012696 3.301006
0.580940 0.039362 0.035089 0.019279 0.001065 0.311555 0.012711 3.304893
0.580961 0.039395 0.035061 0.019228 0.001063 0.311566 0.012726 3.308746
0.580962 0.039357 0.035061 0.019262 0.001069 0.311551 0.012739 3.312681
0.581077 0.039334 0.035090 0.019186 0.001079 0.311485 0.012750 3.316503
0.581016 0.039408 0.035037 0.019175 0.001071 0.311531 0.012763 3.320358
0.581055 0.039407 0.034984 0.019235 0.001067 0.311479 0.012775 3.324252
0.581099 0.039444 0.034986 0.019241 0.001070 0.311370 0.012791 3.328095
0.581122 0.039380 0.035000 0.019290 0.001068 0.311330 0.012809 3.332006
0.581146 0.039503 0.035044 0.019297 0.001077 0.311109 0.012824 3.335807
0.581168 0.039522 0.035064 0.019297 0.001077 0.311038 0.012835 3.339675
0.581160 0.039526 0.035131 0.019282 0.001077 0.310975 0.012849 3.343559
0.581161 0.039619 0.035089 0.019312 0.001077 0.310882 0.012859 3.347381
0.581171 0.039649 0.035054 0.019385 0.001078 0.310791 0.012874 3.351269
0.581118 0.039682 0.035168 0.019380 0.001074 0.310689 0.012888 3.355174
0.581011 0.039667 0.035186 0.019374 0.001074 0.310787 0.012900 3.359035
0.581042 0.039640 0.035175 0.019355 0.001073 0.310804 0.012910 3.362935
0.580961 0.039687 0.035101 0.019353 0.001081 0.310899 0.012918 3.366733
0.581042 0.039676 0.035122 0.019352 0.001079 0.310798 0.012931 3.370594
0.581015 0.039711 0.035099 0.019333 0.001078 0.310824 0.012942 3.374483
0.580999 0.039788 0.035104 0.019344 0.001095 0.310716 0.012954 3.378374
0.581011 0.039675 0.035096 0.019352 0.001098 0.310800 0.012969 3.382378
0.581064 0.039598 0.035075 0.019398 0.001095 0.310787 0.012984 3.386310
0.581001 0.039653 0.035039 0.019353 0.001091 0.310864 0.013000 3.390176
0.580971 0.039643 0.035047 0.019340 0.001090 0.310897 0.013013 3.394078
0.580941 0.039651 0.035007 0.019395 0.001091 0.310893 0.013022 3.397960
0.580881 0.039718 0.035049 0.019358 0.001098 0.310862 0.013035 3.401822
0.580916 0.039670 0.035050 0.019331 0.001097 0.310886 0.013050 3.405691
0.580840 0.039686 0.035055 0.019312 0.001089 0.310952 0.013066 3.409589
0.580859 0.039654 0.034996 0.019371 0.001095 0.310951 0.013074 3.413505
0.580843 0.039743 0.034924 0.019310 0.001095 0.310997 0.013089 3.417284
0.580830 0.039785 0.034888 0.019303 0.001094 0.310999 0.013101 3.421138
0.580885 0.039855 0.034823 0.019298 0.001096 0.310924 0.013119 3.424944
0.580794 0.039922 0.034825 0.019257 0.001103 0.310968 0.013132 3.428805
0.580733 0.039936 0.034915 0.019207 0.001096 0.310968 0.013144 3.432699
0.580711 0.039871 0.034932 0.019193 0.001095 0.311040 0.013157 3.436627
0.580721 0.039878 0.034937 0.019223 0.001095 0.310978 0.013167 3.440487
0.580785 0.039810 0.034957 0.019207 0.001091 0.310966 0.013184 3.444364
0.580739 0.039898 0.034900 0.019210 0.001088 0.310967 0.013199 3.448174
0.580757 0.039829 0.034956 0.019244 0.001085 0.310918 0.013211 3.452102
0.580718 0.039743 0.035013 0.019284 0.001085 0.310930 0.013227 3.456069
0.580869 0.039741 0.034965 0.019208 0.001090 0.310884 0.013243 3.459894
0.580712 0.039847 0.035011 0.019169 0.001091 0.310915 0.013256 3.463714
0.580671 0.039863 0.035031 0.019144 0.001079 0.310939 0.013273 3.467628
0.580698 0.039821 0.035048 0.019225 0.001079 0.310843 0.013285 3.471536
0.580651 0.039791 0.035072 0.019225 0.001080 0.310885 0.013297 3.475464
0.580624 0.039737 0.035078 0.019238 0.001071 0.310944 0.013310 3.479421
0.580569 0.039884 0.035076 0.019199 0.001066 0.310880 0.013326 3.483228
0.580656 0.039784 0.035123 0.019182 0.001067 0.310848 0.013340 3.487135
0.580643 0.039756 0.035088 0.019207 0.001064 0.310887 0.013355 3.490986
0.580618 0.039746 0.035110 0.019251 0.001070 0.310837 0.013368 3.494891
0.580628 0.039775 0.034952 0.019270 0.001068 0.310926 0.013381 3.498726
0.580655 0.039825 0.034990 0.019270 0.001076 0.310790 0.013395 3.502609
0.580758 0.039653 0.035045 0.019296 0.001076 0.310766 0.013407 3.506545
0.580782 0.039680 0.035061 0.019243 0.001075 0.310741 0.013418 3.510383
0.580833 0.039563 0.035066 0.019262 0.001082 0.310765 0.013431 3.514280
0.580899 0.039594 0.034997 0.019280 0.001090 0.310700 0.013440 3.518089
0.580960 0.039530 0.035022 0.019338 0.001086 0.310611 0.013453 3.522030
0.581008 0.039486 0.035034 0.019379 0.001089 0.310543 0.013462 3.525890
0.581069 0.039436 0.034986 0.019353 0.001079 0.310597 0.013480 3.529742
0.581073 0.039435 0.034975 0.019408 0.001076 0.310541 0.013493 3.533561
0.581104 0.039431 0.034950 0.019374 0.001077 0.310558 0.013506 3.537422
0.581171 0.039369 0.034920 0.019369 0.001074 0.310582 0.013515 3.541267
0.581305 0.039219 0.035005 0.019348 0.001080 0.310515 0.013530 3.545186
0.581367 0.039107 0.034980 0.019348 0.001078 0.310580 0.013541 3.549078
0.581529 0.039069 0.034903 0.019279 0.001083 0.310586 0.013552 3.552856
0.581583 0.039129 0.034904 0.019215 0.001078 0.310529 0.013563 3.556668
0.581712 0.039095 0.034882 0.019179 0.001083 0.310475 0.013575 3.560479
0.581637 0.039255 0.034839 0.019129 0.001102 0.310451 0.013587 3.564289
0.581555 0.039371 0.034836 0.019126 0.001103 0.310411 0.013598 3.568100
0.581504 0.039477 0.034832 0.019080 0.001101 0.310393 0.013613 3.571900
0.581527 0.039498 0.034818 0.019092 0.001102 0.310334 0.013629 3.575779
0.581457 0.039536 0.034849 0.019168 0.001108 0.310244 0.013638 3.579697
0.581524 0.039407 0.034911 0.019152 0.001107 0.310247 0.013652 3.583626
0.581553 0.039392 0.034876 0.019187 0.001106 0.310220 0.013666 3.587471
0.581549 0.039396 0.034785 0.019175 0.001104 0.310315 0.013676 3.591285
0.581604 0.039381 0.034884 0.019186 0.001113 0.310146 0.013686 3.595196
0.581573 0.039382 0.034944 0.019199 0.001103 0.310099 0.013700 3.599098
0.581585 0.039442 0.034889 0.019228 0.001092 0.310048 0.013716 3.602925
0.581604 0.039403 0.034907 0.019254 0.001099 0.310005 0.013728 3.606797
0.581541 0.039439 0.034886 0.019286 0.001097 0.310012 0.013740 3.610682
0.581525 0.039468 0.034822 0.019282 0.001099 0.310051 0.013753 3.614512
0.581471 0.039481 0.034845 0.019305 0.001106 0.310024 0.013767 3.618327
0.581431 0.039488 0.034915 0.019320 0.001099 0.309964 0.013783 3.622225
0.581558 0.039396 0.034955 0.019283 0.001099 0.309916 0.013794 3.626113
0.581624 0.039359 0.034950 0.019319 0.001102 0.309843 0.013803 3.629963
0.581524 0.039406 0.034955 0.019294 0.001104 0.309904 0.013813 3.633850
0.581491 0.039400 0.034939 0.019351 0.001099 0.309896 0.013824 3.637727
0.581588 0.039313 0.034996 0.019353 0.001103 0.309808 0.013840 3.641637
0.581687 0.039320 0.034939 0.019339 0.001118 0.309746 0.013850 3.645452
0.581677 0.039402 0.034847 0.019302 0.001116 0.309792 0.013863 3.649254
0.581673 0.039423 0.034807 0.019348 0.001118 0.309754 0.013877 3.653107
0.581522 0.039596 0.034782 0.019363 0.001117 0.309734 0.013886 3.656914
0.581438 0.039592 0.034821 0.019362 0.001107 0.309774 0.013906 3.660849
0.581335 0.039685 0.034871 0.019313 0.001109 0.309767 0.013921 3.664715
0.581314 0.039617 0.034942 0.019332 0.001108 0.309754 0.013932 3.668658
0.581401 0.039629 0.034951 0.019324 0.001104 0.309639 0.013952 3.672510
0.581456 0.039584 0.034955 0.019307 0.001101 0.309630 0.013967 3.676382
0.581497 0.039526 0.034972 0.019409 0.001100 0.309515 0.013982 3.680307
0.581466 0.039512 0.034925 0.019439 0.001092 0.309568 0.013998 3.684186
0.581434 0.039633 0.034810 0.019403 0.001089 0.309626 0.014006 3.687938
0.581454 0.039660 0.034790 0.019358 0.001088 0.309629 0.014021 3.691758
0.581411 0.039638 0.034840 0.019352 0.001085 0.309639 0.014035 3.695656
0.581512 0.039612 0.034841 0.019321 0.001079 0.309584 0.014052 3.699479
0.581564 0.039580 0.034808 0.019317 0.001073 0.309593 0.014066 3.703337
0.581569 0.039488 0.034837 0.019347 0.001074 0.309607 0.014079 3.707292
0.581590 0.039478 0.034879 0.019312 0.001076 0.309578 0.014087 3.711169
0.581556 0.039541 0.034842 0.019265 0.001090 0.309607 0.014100 3.715006
0.581549 0.039537 0.034797 0.019287 0.001084 0.309634 0.014112 3.718864
0.581570 0.039561 0.034854 0.019297 0.001088 0.309508 0.014121 3.722778
0.581612 0.039578 0.034915 0.019245 0.001094 0.309426 0.014131 3.726624
0.581571 0.039631 0.034922 0.019265 0.001092 0.309379 0.014142 3.730448
