0.338569 0.062986 0.056471 0.032716 0.002213 0.500714 0.006332 1.646488
0.340806 0.060985 0.056415 0.032477 0.002206 0.500747 0.006363 1.652599
0.343567 0.058646 0.056224 0.032184 0.002213 0.500776 0.006391 1.658448
0.346795 0.056044 0.055932 0.031843 0.002203 0.500764 0.006418 1.664084
0.350192 0.053424 0.055483 0.031440 0.002192 0.500826 0.006443 1.669460
0.353947 0.050853 0.054951 0.031006 0.002186 0.500580 0.006477 1.674544
0.357818 0.048418 0.054247 0.030421 0.002186 0.500401 0.006510 1.679357
0.361698 0.046036 0.053381 0.029825 0.002172 0.500352 0.006538 1.683989
0.365924 0.043679 0.052608 0.029173 0.002161 0.499886 0.006568 1.688434
0.370101 0.041417 0.051661 0.028590 0.002144 0.499487 0.006600 1.692698
0.374418 0.039264 0.050719 0.027898 0.002138 0.498937 0.006626 1.696724
0.378808 0.037267 0.049581 0.027326 0.002121 0.498245 0.006653 1.700531
0.383265 0.035437 0.048359 0.026632 0.002116 0.497516 0.006676 1.704114
0.387666 0.033808 0.047212 0.025888 0.002109 0.496617 0.006702 1.707491
0.392272 0.032200 0.046034 0.025132 0.002095 0.495541 0.006727 1.710726
0.396879 0.030795 0.044804 0.024399 0.002088 0.494284 0.006751 1.713734
0.401402 0.029433 0.043599 0.023631 0.002069 0.493086 0.006781 1.716690
0.406020 0.028164 0.042484 0.022862 0.002047 0.491613 0.006811 1.719518
0.410699 0.026874 0.041289 0.022174 0.002027 0.490099 0.006838 1.722286
0.415305 0.025791 0.040112 0.021505 0.001992 0.488427 0.006868 1.724869
0.419972 0.024777 0.038934 0.020886 0.001964 0.486573 0.006895 1.727299
0.424585 0.023882 0.037739 0.020186 0.001952 0.484737 0.006920 1.729649
0.429207 0.023005 0.036581 0.019519 0.001932 0.482817 0.006941 1.731930
0.433901 0.022116 0.035480 0.018894 0.001902 0.480743 0.006964 1.734179
0.438535 0.021279 0.034450 0.018311 0.001856 0.478578 0.006990 1.736357
0.443198 0.020543 0.033491 0.017735 0.001830 0.476191 0.007012 1.738435
0.447833 0.019849 0.032407 0.017172 0.001812 0.473893 0.007033 1.740438
0.452425 0.019208 0.031403 0.016583 0.001782 0.471542 0.007058 1.742359
0.456984 0.018616 0.030346 0.016043 0.001766 0.469167 0.007078 1.744194
0.461629 0.018008 0.029458 0.015471 0.001729 0.466598 0.007108 1.746037
0.466145 0.017455 0.028582 0.015002 0.001706 0.463983 0.007128 1.747831
0.470749 0.016988 0.027747 0.014528 0.001670 0.461168 0.007150 1.749532
0.475383 0.016534 0.026873 0.014059 0.001650 0.458328 0.007173 1.751198
0.479899 0.016136 0.026019 0.013600 0.001610 0.455540 0.007196 1.752775
0.484356 0.015786 0.025195 0.013132 0.001593 0.452727 0.007212 1.754308
0.488714 0.015497 0.024430 0.012719 0.001568 0.449845 0.007227 1.755833
0.493148 0.015140 0.023694 0.012374 0.001539 0.446856 0.007251 1.757363
0.497647 0.014872 0.022959 0.011994 0.001517 0.443746 0.007266 1.758806
0.501958 0.014548 0.022305 0.011672 0.001484 0.440742 0.007291 1.760284
0.506346 0.014319 0.021652 0.011310 0.001457 0.437612 0.007307 1.761660
0.510589 0.014079 0.021044 0.011000 0.001435 0.434532 0.007320 1.763045
0.514928 0.013839 0.020451 0.010662 0.001413 0.431370 0.007338 1.764417
0.519227 0.013674 0.019911 0.010366 0.001385 0.428078 0.007358 1.765737
0.523394 0.013414 0.019419 0.010095 0.001350 0.424953 0.007377 1.767095
0.527597 0.013242 0.018837 0.009848 0.001318 0.421763 0.007396 1.768356
0.531676 0.013077 0.018302 0.009605 0.001295 0.418637 0.007410 1.769627
0.535728 0.012863 0.017916 0.009369 0.001261 0.415436 0.007428 1.770982
0.539756 0.012725 0.017500 0.009134 0.001227 0.412215 0.007444 1.772229
0.543801 0.012614 0.017066 0.008896 0.001211 0.408957 0.007455 1.773429
0.547783 0.012516 0.016635 0.008662 0.001186 0.405747 0.007472 1.774630
0.551712 0.012362 0.016297 0.008454 0.001166 0.402522 0.007487 1.775878
0.555615 0.012232 0.015952 0.008308 0.001150 0.399246 0.007498 1.777074
0.559502 0.012061 0.015603 0.008144 0.001122 0.396055 0.007514 1.778304
0.563412 0.011988 0.015251 0.007958 0.001104 0.392759 0.007528 1.779441
0.567238 0.011900 0.014932 0.007816 0.001087 0.389482 0.007546 1.780617
0.571052 0.011806 0.014653 0.007675 0.001057 0.386199 0.007559 1.781796
0.574885 0.011700 0.014366 0.007524 0.001032 0.382921 0.007572 1.782944
0.578518 0.011693 0.014068 0.007383 0.001010 0.379741 0.007586 1.784059
0.582142 0.011656 0.013827 0.007274 0.000990 0.376515 0.007596 1.785195
0.585729 0.011644 0.013585 0.007141 0.000960 0.373331 0.007610 1.786303
0.589298 0.011564 0.013359 0.007023 0.000936 0.370194 0.007626 1.787467
0.592918 0.011517 0.013145 0.006931 0.000913 0.366940 0.007635 1.788585
0.596395 0.011493 0.012916 0.006838 0.000891 0.363821 0.007648 1.789693
0.599890 0.011457 0.012742 0.006732 0.000871 0.360649 0.007660 1.790820
0.603308 0.011365 0.012608 0.006636 0.000850 0.357559 0.007673 1.791985
0.606614 0.011325 0.012416 0.006529 0.000834 0.354594 0.007689 1.793102
0.609934 0.011295 0.012234 0.006428 0.000815 0.351592 0.007702 1.794190
0.613179 0.011258 0.012089 0.006391 0.000800 0.348570 0.007713 1.795332
0.616376 0.011309 0.011951 0.006306 0.000781 0.345553 0.007724 1.796412
0.619596 0.011269 0.011815 0.006227 0.000762 0.342597 0.007734 1.797535
0.622672 0.011287 0.011671 0.006181 0.000751 0.339693 0.007744 1.798645
0.625808 0.011322 0.011574 0.006087 0.000742 0.336714 0.007753 1.799740
0.628846 0.011358 0.011457 0.006037 0.000729 0.333811 0.007762 1.800836
0.631873 0.011412 0.011358 0.005975 0.000715 0.330894 0.007773 1.801921
0.634772 0.011477 0.011266 0.005908 0.000699 0.328098 0.007780 1.802995
0.637736 0.011445 0.011198 0.005899 0.000682 0.325249 0.007789 1.804140
0.640599 0.011499 0.011153 0.005828 0.000672 0.322454 0.007795 1.805249
0.643531 0.011530 0.011097 0.005800 0.000662 0.319577 0.007805 1.806381
0.646322 0.011534 0.011076 0.005796 0.000647 0.316814 0.007812 1.807546
0.649061 0.011523 0.010999 0.005793 0.000634 0.314171 0.007819 1.808718
0.651869 0.011492 0.010967 0.005793 0.000629 0.311427 0.007824 1.809896
0.654609 0.011570 0.010900 0.005773 0.000613 0.308703 0.007832 1.811000
0.657285 0.011641 0.010857 0.005753 0.000600 0.306026 0.007837 1.812147
0.659822 0.011681 0.010856 0.005790 0.000577 0.303426 0.007848 1.813318
0.662447 0.011723 0.010782 0.005798 0.000574 0.300821 0.007855 1.814460
0.665037 0.011816 0.010726 0.005755 0.000562 0.298238 0.007866 1.815574
0.667549 0.011824 0.010781 0.005755 0.000554 0.295662 0.007875 1.816768
0.669930 0.011907 0.010760 0.005713 0.000545 0.293264 0.007881 1.817923
0.672385 0.011954 0.010745 0.005702 0.000542 0.290780 0.007892 1.819101
0.674787 0.011973 0.010710 0.005705 0.000536 0.288390 0.007898 1.820275
0.677135 0.012023 0.010728 0.005711 0.000521 0.285972 0.007911 1.821472
0.679490 0.012014 0.010761 0.005746 0.000505 0.283564 0.007920 1.822684
0.681825 0.012087 0.010746 0.005731 0.000501 0.281185 0.007924 1.823851
0.684005 0.012218 0.010809 0.005723 0.000491 0.278823 0.007931 1.825046
0.686116 0.012354 0.010819 0.005690 0.000484 0.276599 0.007938 1.826228
0.688216 0.012521 0.010775 0.005678 0.000477 0.274387 0.007945 1.827416
0.690283 0.012642 0.010800 0.005738 0.000471 0.272116 0.007949 1.828643
0.692343 0.012698 0.010838 0.005774 0.000465 0.269927 0.007955 1.829902
0.694373 0.012793 0.010905 0.005815 0.000457 0.267692 0.007964 1.831182
0.696239 0.012908 0.010956 0.005822 0.000454 0.265653 0.007968 1.832456
0.698210 0.012978 0.010999 0.005847 0.000448 0.263542 0.007976 1.833752
0.700054 0.013100 0.011079 0.005923 0.000441 0.261423 0.007982 1.835081
0.701865 0.013260 0.011141 0.005918 0.000440 0.259391 0.007985 1.836353
0.703677 0.013410 0.011158 0.005922 0.000436 0.257405 0.007992 1.837648
0.705413 0.013546 0.011213 0.005934 0.000436 0.255462 0.007997 1.838951
0.707347 0.013561 0.011242 0.005992 0.000431 0.253425 0.008002 1.840329
0.708989 0.013710 0.011332 0.006006 0.000431 0.251526 0.008006 1.841683
0.710601 0.013852 0.011354 0.006074 0.000426 0.249684 0.008010 1.843020
0.712174 0.013960 0.011456 0.006134 0.000430 0.247831 0.008015 1.844437
0.713724 0.014082 0.011534 0.006200 0.000429 0.246011 0.008019 1.845827
0.715228 0.014245 0.011622 0.006217 0.000427 0.244234 0.008025 1.847192
0.716758 0.014344 0.011713 0.006278 0.000419 0.242458 0.008031 1.848638
0.718222 0.014490 0.011844 0.006315 0.000423 0.240671 0.008035 1.850061
0.719625 0.014688 0.011887 0.006336 0.000421 0.239006 0.008037 1.851439
0.720965 0.014849 0.011992 0.006404 0.000419 0.237328 0.008042 1.852922
0.722303 0.014986 0.012083 0.006453 0.000417 0.235709 0.008048 1.854391
0.723604 0.015154 0.012219 0.006474 0.000412 0.234083 0.008054 1.855884
0.724863 0.015323 0.012342 0.006559 0.000404 0.232450 0.008059 1.857375
0.726073 0.015416 0.012460 0.006609 0.000406 0.230975 0.008062 1.858929
0.727272 0.015644 0.012537 0.006667 0.000402 0.229415 0.008065 1.860419
0.728451 0.015804 0.012672 0.006704 0.000396 0.227898 0.008074 1.861958
0.729582 0.015956 0.012799 0.006743 0.000397 0.226440 0.008082 1.863520
0.730653 0.016145 0.012925 0.006843 0.000398 0.224947 0.008088 1.865099
0.731623 0.016313 0.013054 0.006919 0.000401 0.223596 0.008093 1.866728
0.732631 0.016515 0.013135 0.006972 0.000401 0.222249 0.008099 1.868295
0.733589 0.016682 0.013291 0.007048 0.000398 0.220889 0.008103 1.869915
0.734554 0.016843 0.013407 0.007109 0.000401 0.219581 0.008105 1.871583
0.735486 0.017066 0.013472 0.007175 0.000405 0.218290 0.008108 1.873193
0.736389 0.017222 0.013636 0.007221 0.000401 0.217019 0.008112 1.874878
0.737226 0.017352 0.013764 0.007295 0.000403 0.215845 0.008115 1.876611
0.737986 0.017566 0.013922 0.007367 0.000401 0.214639 0.008118 1.878320
0.738767 0.017809 0.014024 0.007473 0.000407 0.213399 0.008122 1.880026
0.739553 0.017978 0.014175 0.007604 0.000407 0.212157 0.008126 1.881805
0.740150 0.018161 0.014312 0.007680 0.000400 0.211167 0.008129 1.883607
0.740746 0.018390 0.014460 0.007730 0.000401 0.210139 0.008134 1.885393
0.741286 0.018627 0.014624 0.007793 0.000401 0.209129 0.008141 1.887197
0.741852 0.018806 0.014763 0.007853 0.000398 0.208181 0.008148 1.889035
0.742360 0.018985 0.014886 0.007961 0.000402 0.207252 0.008153 1.890892
0.742896 0.019190 0.015000 0.008042 0.000409 0.206307 0.008155 1.892744
0.743354 0.019406 0.015107 0.008186 0.000410 0.205380 0.008158 1.894636
0.743789 0.019578 0.015299 0.008261 0.000414 0.204496 0.008162 1.896563
0.744282 0.019746 0.015449 0.008331 0.000406 0.203618 0.008168 1.898491
0.744677 0.019911 0.015631 0.008401 0.000413 0.202795 0.008172 1.900437
0.745177 0.019995 0.015735 0.008479 0.000422 0.202018 0.008175 1.902380
0.745586 0.020110 0.015911 0.008573 0.000427 0.201215 0.008179 1.904380
0.745918 0.020258 0.016042 0.008657 0.000425 0.200512 0.008187 1.906393
0.746192 0.020480 0.016184 0.008722 0.000430 0.199802 0.008192 1.908371
0.746461 0.020702 0.016342 0.008809 0.000433 0.199058 0.008195 1.910371
0.746711 0.020866 0.016547 0.008848 0.000431 0.198396 0.008201 1.912418
0.746906 0.021037 0.016737 0.008973 0.000433 0.197707 0.008207 1.914492
0.747102 0.021280 0.016911 0.009004 0.000437 0.197053 0.008213 1.916509
0.747245 0.021423 0.017101 0.009081 0.000441 0.196491 0.008219 1.918617
0.747484 0.021522 0.017283 0.009120 0.000445 0.195920 0.008226 1.920767
0.747611 0.021705 0.017460 0.009200 0.000444 0.195349 0.008232 1.922877
0.747796 0.021856 0.017609 0.009314 0.000439 0.194750 0.008235 1.925020
0.747876 0.022039 0.017721 0.009391 0.000442 0.194291 0.008241 1.927163
0.747934 0.022182 0.017838 0.009451 0.000448 0.193902 0.008245 1.929338
0.748021 0.022341 0.017996 0.009551 0.000445 0.193398 0.008249 1.931545
0.748029 0.022451 0.018170 0.009641 0.000450 0.193005 0.008254 1.933777
0.748150 0.022547 0.018306 0.009746 0.000462 0.192532 0.008257 1.935990
0.748178 0.022632 0.018498 0.009802 0.000467 0.192160 0.008263 1.938222
0.748248 0.022729 0.018684 0.009826 0.000466 0.191779 0.008268 1.940456
0.748299 0.022912 0.018819 0.009843 0.000464 0.191386 0.008276 1.942632
0.748196 0.023058 0.018936 0.009882 0.000471 0.191177 0.008281 1.944895
0.748216 0.023190 0.019069 0.009951 0.000467 0.190819 0.008289 1.947136
0.748214 0.023372 0.019124 0.010004 0.000471 0.190522 0.008294 1.949348
0.748225 0.023412 0.019280 0.010094 0.000472 0.190217 0.008301 1.951669
0.748134 0.023547 0.019395 0.010185 0.000469 0.189962 0.008308 1.953978
0.748180 0.023553 0.019521 0.010240 0.000469 0.189725 0.008312 1.956306
0.748179 0.023599 0.019674 0.010297 0.000468 0.189465 0.008318 1.958637
0.748155 0.023725 0.019787 0.010332 0.000478 0.189200 0.008321 1.960933
0.748148 0.023744 0.019945 0.010393 0.000485 0.188958 0.008327 1.963297
0.748046 0.023805 0.019986 0.010433 0.000483 0.188912 0.008335 1.965626
0.748024 0.023790 0.020157 0.010514 0.000483 0.188691 0.008341 1.968035
0.747921 0.023939 0.020176 0.010560 0.000486 0.188572 0.008346 1.970347
0.747861 0.023982 0.020271 0.010591 0.000497 0.188449 0.008351 1.972697
0.747865 0.023953 0.020344 0.010726 0.000501 0.188258 0.008354 1.975082
0.747858 0.023970 0.020422 0.010799 0.000504 0.188087 0.008359 1.977481
0.747826 0.024045 0.020445 0.010827 0.000506 0.187989 0.008363 1.979780
0.747746 0.024086 0.020522 0.010844 0.000514 0.187921 0.008367 1.982125
0.747808 0.024118 0.020577 0.010840 0.000523 0.187763 0.008372 1.984436
0.747774 0.024046 0.020705 0.010901 0.000531 0.187663 0.008379 1.986879
0.747799 0.024017 0.020720 0.010940 0.000536 0.187603 0.008384 1.989209
0.747771 0.023988 0.020805 0.010952 0.000545 0.187549 0.008389 1.991579
0.747738 0.023960 0.020856 0.011006 0.000548 0.187494 0.008398 1.993963
0.747624 0.024006 0.020905 0.011017 0.000547 0.187498 0.008403 1.996330
0.747598 0.024075 0.020880 0.011065 0.000550 0.187423 0.008408 1.998674
0.747552 0.024135 0.020925 0.011083 0.000564 0.187327 0.008414 2.001009
0.747547 0.024087 0.020992 0.011073 0.000568 0.187309 0.008423 2.003394
0.747601 0.024023 0.021032 0.011119 0.000569 0.187227 0.008430 2.005757
0.747603 0.023996 0.021096 0.011112 0.000570 0.187190 0.008433 2.008126
0.747558 0.023990 0.021158 0.011130 0.000567 0.187157 0.008440 2.010506
0.747662 0.023984 0.021165 0.011164 0.000574 0.187010 0.008442 2.012830
0.747757 0.023888 0.021203 0.011179 0.000577 0.186949 0.008447 2.015206
0.747779 0.023853 0.021217 0.011156 0.000575 0.186965 0.008455 2.017515
0.747763 0.023828 0.021254 0.011155 0.000576 0.186959 0.008465 2.019863
0.747731 0.023848 0.021283 0.011214 0.000579 0.186871 0.008473 2.022221
0.747757 0.023795 0.021303 0.011236 0.000584 0.186844 0.008481 2.024558
0.747720 0.023820 0.021334 0.011194 0.000587 0.186858 0.008486 2.026918
0.747757 0.023782 0.021277 0.011175 0.000589 0.186930 0.008491 2.029242
0.747806 0.023791 0.021191 0.011154 0.000582 0.186980 0.008496 2.031520
0.747872 0.023740 0.021183 0.011155 0.000584 0.186961 0.008504 2.033826
0.747868 0.023790 0.021168 0.011181 0.000585 0.186897 0.008512 2.036115
0.747926 0.023708 0.021191 0.011202 0.000597 0.186862 0.008516 2.038491
0.748014 0.023724 0.021178 0.011194 0.000595 0.186770 0.008525 2.040754
0.748140 0.023593 0.021198 0.011234 0.000602 0.186702 0.008532 2.043109
0.748228 0.023491 0.021205 0.011218 0.000606 0.186713 0.008540 2.045416
0.748340 0.023445 0.021207 0.011185 0.000616 0.186663 0.008545 2.047718
0.748426 0.023337 0.021239 0.011186 0.000614 0.186647 0.008551 2.050034
0.748431 0.023351 0.021182 0.011198 0.000603 0.186674 0.008561 2.052297
0.748542 0.023348 0.021115 0.011171 0.000608 0.186651 0.008566 2.054554
0.748661 0.023290 0.021117 0.011128 0.000609 0.186624 0.008572 2.056835
0.748757 0.023207 0.021078 0.011135 0.000616 0.186629 0.008579 2.059116
0.748835 0.023144 0.021081 0.011121 0.000620 0.186611 0.008587 2.061398
0.748947 0.023129 0.021097 0.011099 0.000623 0.186510 0.008595 2.063660
0.748987 0.023152 0.021102 0.011089 0.000617 0.186448 0.008605 2.065890
0.749098 0.023081 0.021025 0.011106 0.000614 0.186464 0.008612 2.068168
0.749255 0.023008 0.021028 0.011071 0.000615 0.186405 0.008619 2.070414
0.749342 0.022963 0.020976 0.011037 0.000618 0.186439 0.008625 2.072667
0.749464 0.022917 0.020981 0.011008 0.000616 0.186379 0.008636 2.074932
0.749526 0.022844 0.020954 0.010984 0.000619 0.186430 0.008643 2.077209
0.749751 0.022733 0.020921 0.010957 0.000624 0.186364 0.008651 2.079437
0.749944 0.022600 0.020946 0.010956 0.000616 0.186276 0.008662 2.081699
0.750136 0.022590 0.020911 0.010939 0.000623 0.186136 0.008667 2.083898
0.750326 0.022519 0.020863 0.010911 0.000616 0.186086 0.008679 2.086112
0.750555 0.022399 0.020797 0.010908 0.000612 0.186044 0.008685 2.088328
0.750765 0.022373 0.020760 0.010860 0.000613 0.185938 0.008691 2.090498
0.750918 0.022310 0.020779 0.010840 0.000611 0.185845 0.008698 2.092737
0.751121 0.022196 0.020757 0.010852 0.000610 0.185760 0.008705 2.094973
0.751373 0.022128 0.020676 0.010807 0.000610 0.185693 0.008714 2.097163
0.751577 0.021985 0.020701 0.010829 0.000608 0.185580 0.008720 2.099389
0.751720 0.021935 0.020691 0.010770 0.000608 0.185548 0.008728 2.101577
0.751956 0.021770 0.020709 0.010762 0.000603 0.185468 0.008733 2.103800
0.752137 0.021767 0.020644 0.010739 0.000596 0.185374 0.008743 2.105911
0.752387 0.021731 0.020578 0.010709 0.000599 0.185250 0.008746 2.108051
0.752640 0.021694 0.020520 0.010659 0.000603 0.185130 0.008754 2.110188
0.752794 0.021638 0.020472 0.010614 0.000600 0.185120 0.008763 2.112364
0.753059 0.021595 0.020395 0.010586 0.000594 0.185000 0.008772 2.114437
0.753343 0.021490 0.020357 0.010568 0.000597 0.184869 0.008776 2.116588
0.753555 0.021364 0.020359 0.010572 0.000595 0.184772 0.008784 2.118774
0.753794 0.021343 0.020323 0.010527 0.000594 0.184626 0.008794 2.120886
0.754072 0.021333 0.020213 0.010516 0.000591 0.184476 0.008800 2.122968
0.754319 0.021269 0.020184 0.010463 0.000596 0.184362 0.008808 2.125060
0.754606 0.021225 0.020106 0.010459 0.000597 0.184195 0.008814 2.127148
0.754790 0.021217 0.020013 0.010393 0.000602 0.184166 0.008821 2.129229
0.755035 0.021188 0.019999 0.010357 0.000595 0.184000 0.008827 2.131313
0.755321 0.021095 0.019927 0.010340 0.000602 0.183882 0.008833 2.133387
0.755604 0.021151 0.019794 0.010303 0.000602 0.183707 0.008840 2.135375
0.755920 0.021110 0.019706 0.010280 0.000606 0.183534 0.008845 2.137415
0.756171 0.021000 0.019704 0.010284 0.000611 0.183379 0.008850 2.139494
0.756448 0.020925 0.019682 0.010279 0.000614 0.183195 0.008856 2.141601
0.756731 0.020912 0.019601 0.010208 0.000608 0.183073 0.008868 2.143590
0.757011 0.020891 0.019521 0.010196 0.000605 0.182903 0.008873 2.145621
0.757342 0.020874 0.019424 0.010177 0.000606 0.182700 0.008879 2.147649
0.757575 0.020910 0.019340 0.010158 0.000602 0.182527 0.008889 2.149650
0.757814 0.020833 0.019320 0.010148 0.000600 0.182390 0.008895 2.151740
0.758042 0.020750 0.019284 0.010156 0.000603 0.182264 0.008901 2.153815
0.758352 0.020695 0.019271 0.010093 0.000605 0.182079 0.008907 2.155849
0.758698 0.020608 0.019250 0.010100 0.000607 0.181826 0.008913 2.157895
0.759001 0.020537 0.019253 0.010080 0.000606 0.181603 0.008921 2.159923
0.759381 0.020489 0.019264 0.009983 0.000612 0.181346 0.008923 2.161925
0.759625 0.020534 0.019166 0.009977 0.000611 0.181157 0.008931 2.163903
0.759791 0.020569 0.019138 0.009954 0.000613 0.180997 0.008938 2.165899
0.760054 0.020582 0.019068 0.009940 0.000617 0.180796 0.008944 2.167884
0.760337 0.020563 0.018971 0.009912 0.000610 0.180659 0.008950 2.169880
0.760519 0.020525 0.018974 0.009892 0.000603 0.180530 0.008957 2.171910
0.760777 0.020531 0.018888 0.009854 0.000606 0.180383 0.008961 2.173886
0.761113 0.020442 0.018861 0.009822 0.000605 0.180191 0.008966 2.175898
0.761383 0.020402 0.018796 0.009827 0.000597 0.180020 0.008975 2.177909
0.761656 0.020360 0.018812 0.009826 0.000596 0.179767 0.008983 2.179891
0.761930 0.020302 0.018840 0.009777 0.000598 0.179565 0.008989 2.181945
0.762169 0.020268 0.018836 0.009795 0.000597 0.179337 0.008998 2.183973
0.762463 0.020173 0.018821 0.009778 0.000595 0.179161 0.009009 2.186008
0.762783 0.020114 0.018809 0.009743 0.000592 0.178942 0.009018 2.188002
0.763028 0.020223 0.018717 0.009724 0.000590 0.178689 0.009030 2.189913
0.763236 0.020261 0.018630 0.009716 0.000595 0.178528 0.009035 2.191892
0.763541 0.020195 0.018651 0.009709 0.000598 0.178261 0.009045 2.193905
0.763813 0.020169 0.018624 0.009680 0.000594 0.178068 0.009052 2.195898
0.764057 0.020164 0.018659 0.009661 0.000586 0.177814 0.009061 2.197881
0.764297 0.020219 0.018625 0.009613 0.000580 0.177598 0.009068 2.199839
0.764585 0.020154 0.018594 0.009626 0.000573 0.177395 0.009074 2.201839
0.764845 0.020135 0.018609 0.009581 0.000574 0.177179 0.009080 2.203804
0.765190 0.020094 0.018603 0.009579 0.000579 0.176869 0.009088 2.205781
0.765395 0.020148 0.018521 0.009586 0.000577 0.176680 0.009094 2.207728
0.765597 0.020172 0.018547 0.009581 0.000572 0.176430 0.009101 2.209723
0.765881 0.020204 0.018553 0.009523 0.000571 0.176159 0.009109 2.211654
0.766066 0.020237 0.018515 0.009541 0.000566 0.175961 0.009114 2.213618
0.766202 0.020319 0.018502 0.009491 0.000570 0.175799 0.009117 2.215564
0.766371 0.020365 0.018459 0.009507 0.000568 0.175608 0.009123 2.217533
0.766630 0.020317 0.018471 0.009515 0.000557 0.175378 0.009133 2.219554
0.766852 0.020272 0.018422 0.009532 0.000565 0.175218 0.009140 2.221555
0.767056 0.020254 0.018419 0.009502 0.000568 0.175054 0.009148 2.223543
0.767311 0.020221 0.018368 0.009524 0.000571 0.174851 0.009156 2.225514
0.767565 0.020164 0.018447 0.009469 0.000562 0.174633 0.009161 2.227524
0.767744 0.020144 0.018485 0.009454 0.000565 0.174446 0.009164 2.229552
0.767911 0.020160 0.018403 0.009404 0.000561 0.174387 0.009174 2.231505
0.768072 0.020202 0.018360 0.009397 0.000560 0.174231 0.009180 2.233458
0.768217 0.020251 0.018284 0.009389 0.000564 0.174111 0.009184 2.235407
0.768483 0.020216 0.018287 0.009372 0.000572 0.173882 0.009190 2.237403
0.768741 0.020185 0.018286 0.009372 0.000573 0.173649 0.009195 2.239378
0.768939 0.020154 0.018351 0.009370 0.000574 0.173409 0.009203 2.241400
0.769104 0.020203 0.018310 0.009380 0.000571 0.173224 0.009209 2.243352
0.769302 0.020217 0.018288 0.009391 0.000569 0.173017 0.009217 2.245314
0.769381 0.020258 0.018318 0.009372 0.000561 0.172889 0.009222 2.247311
0.769603 0.020218 0.018359 0.009423 0.000560 0.172608 0.009229 2.249334
0.769834 0.020194 0.018314 0.009418 0.000558 0.172448 0.009233 2.251301
0.770077 0.020195 0.018300 0.009436 0.000559 0.172195 0.009239 2.253269
0.770206 0.020216 0.018308 0.009450 0.000551 0.172024 0.009245 2.255267
0.770436 0.020142 0.018286 0.009476 0.000541 0.171867 0.009252 2.257273
0.770569 0.020157 0.018267 0.009492 0.000535 0.171722 0.009259 2.259255
0.770792 0.020115 0.018273 0.009465 0.000536 0.171554 0.009264 2.261217
0.770987 0.020127 0.018309 0.009446 0.000536 0.171324 0.009271 2.263206
0.771160 0.020118 0.018312 0.009446 0.000550 0.171139 0.009276 2.265204
0.771264 0.020136 0.018329 0.009430 0.000551 0.171009 0.009281 2.267159
0.771414 0.020156 0.018346 0.009424 0.000555 0.170817 0.009288 2.269165
0.771469 0.020218 0.018312 0.009421 0.000552 0.170733 0.009295 2.271133
0.771513 0.020264 0.018318 0.009431 0.000547 0.170627 0.009301 2.273121
0.771568 0.020294 0.018247 0.009415 0.000551 0.170617 0.009309 2.275075
0.771658 0.020264 0.018231 0.009420 0.000543 0.170566 0.009319 2.277098
0.771777 0.020328 0.018249 0.009438 0.000546 0.170339 0.009323 2.279092
0.771939 0.020329 0.018262 0.009428 0.000551 0.170162 0.009328 2.281102
0.772050 0.020369 0.018202 0.009443 0.000556 0.170048 0.009334 2.283071
0.772161 0.020413 0.018135 0.009407 0.000553 0.169989 0.009342 2.285026
0.772232 0.020421 0.018091 0.009473 0.000544 0.169889 0.009349 2.287062
0.772332 0.020462 0.018095 0.009495 0.000545 0.169718 0.009355 2.289041
0.772487 0.020425 0.018089 0.009534 0.000548 0.169557 0.009360 2.291063
0.772557 0.020474 0.018080 0.009515 0.000544 0.169467 0.009363 2.293025
0.772624 0.020444 0.018113 0.009519 0.000543 0.169391 0.009367 2.295044
0.772785 0.020410 0.018112 0.009513 0.000538 0.169265 0.009377 2.297021
0.772877 0.020482 0.018179 0.009415 0.000541 0.169122 0.009385 2.298997
0.772968 0.020489 0.018196 0.009423 0.000538 0.168996 0.009390 2.300997
0.773073 0.020438 0.018228 0.009467 0.000541 0.168855 0.009398 2.303070
0.773147 0.020475 0.018226 0.009487 0.000541 0.168720 0.009405 2.305065
0.773263 0.020428 0.018238 0.009511 0.000545 0.168605 0.009411 2.307108
0.773295 0.020511 0.018300 0.009501 0.000547 0.168428 0.009418 2.309121
0.773392 0.020497 0.018301 0.009543 0.000550 0.168293 0.009423 2.311151
0.773467 0.020531 0.018333 0.009521 0.000544 0.168172 0.009433 2.313124
0.773492 0.020611 0.018328 0.009494 0.000546 0.168090 0.009439 2.315101
0.773509 0.020668 0.018348 0.009539 0.000542 0.167948 0.009446 2.317122
0.773520 0.020705 0.018373 0.009547 0.000548 0.167858 0.009450 2.319146
0.773581 0.020642 0.018396 0.009640 0.000550 0.167735 0.009456 2.321233
0.773622 0.020698 0.018399 0.009659 0.000547 0.167617 0.009460 2.323242
0.773727 0.020644 0.018445 0.009654 0.000555 0.167511 0.009465 2.325261
0.773793 0.020667 0.018387 0.009599 0.000553 0.167531 0.009471 2.327243
0.773855 0.020806 0.018347 0.009552 0.000546 0.167414 0.009480 2.329171
0.773836 0.020882 0.018374 0.009517 0.000548 0.167359 0.009486 2.331181
0.773877 0.020913 0.018364 0.009599 0.000548 0.167204 0.009496 2.333230
0.773853 0.020969 0.018339 0.009625 0.000549 0.167167 0.009501 2.335258
0.773868 0.021010 0.018375 0.009656 0.000554 0.167032 0.009506 2.337307
0.773893 0.021024 0.018418 0.009678 0.000549 0.166925 0.009513 2.339387
0.773892 0.021069 0.018420 0.009682 0.000550 0.166870 0.009518 2.341444
0.773759 0.021145 0.018461 0.009655 0.000544 0.166911 0.009525 2.343493
0.773870 0.021106 0.018484 0.009701 0.000540 0.166767 0.009533 2.345573
0.773934 0.021120 0.018499 0.009701 0.000538 0.166670 0.009538 2.347630
0.774020 0.021110 0.018539 0.009689 0.000543 0.166558 0.009542 2.349696
0.774114 0.021074 0.018581 0.009683 0.000551 0.166449 0.009546 2.351769
0.774057 0.021084 0.018601 0.009769 0.000542 0.166395 0.009552 2.353862
0.774050 0.021170 0.018585 0.009753 0.000550 0.166334 0.009558 2.355894
0.774041 0.021169 0.018651 0.009754 0.000554 0.166269 0.009562 2.357963
0.774037 0.021189 0.018636 0.009801 0.000537 0.166232 0.009568 2.360039
0.774003 0.021182 0.018673 0.009815 0.000541 0.166212 0.009575 2.362123
0.774038 0.021154 0.018704 0.009830 0.000540 0.166154 0.009582 2.364201
0.774072 0.021194 0.018674 0.009855 0.000537 0.166081 0.009588 2.366264
0.774084 0.021225 0.018734 0.009847 0.000538 0.165978 0.009596 2.368327
0.774094 0.021278 0.018733 0.009836 0.000540 0.165916 0.009602 2.370376
0.774033 0.021341 0.018782 0.009892 0.000541 0.165803 0.009608 2.372458
0.773980 0.021368 0.018806 0.009922 0.000542 0.165764 0.009618 2.374528
0.773902 0.021416 0.018907 0.009922 0.000549 0.165680 0.009624 2.376645
0.773919 0.021371 0.018947 0.009923 0.000549 0.165661 0.009630 2.378751
0.774002 0.021333 0.018994 0.009957 0.000553 0.165528 0.009633 2.380853
0.774005 0.021349 0.018986 0.009960 0.000550 0.165515 0.009637 2.382910
0.774040 0.021336 0.019008 0.009914 0.000547 0.165514 0.009642 2.384960
0.774010 0.021393 0.019079 0.009921 0.000553 0.165397 0.009648 2.387013
0.773957 0.021435 0.019058 0.009931 0.000549 0.165419 0.009653 2.389057
0.773914 0.021486 0.019050 0.009925 0.000548 0.165417 0.009659 2.391156
0.773904 0.021461 0.019011 0.009963 0.000550 0.165442 0.009669 2.393274
0.773843 0.021372 0.019152 0.010011 0.000550 0.165396 0.009676 2.395465
0.773811 0.021353 0.019143 0.010018 0.000548 0.165447 0.009682 2.397555
0.773787 0.021335 0.019158 0.010023 0.000548 0.165462 0.009687 2.399612
0.773728 0.021324 0.019152 0.010021 0.000546 0.165534 0.009696 2.401702
0.773683 0.021348 0.019185 0.010024 0.000548 0.165511 0.009702 2.403779
0.773603 0.021340 0.019208 0.010026 0.000545 0.165570 0.009710 2.405889
0.773581 0.021358 0.019158 0.010023 0.000541 0.165623 0.009717 2.407951
0.773555 0.021325 0.019154 0.010062 0.000545 0.165639 0.009722 2.410051
0.773594 0.021237 0.019179 0.010117 0.000545 0.165601 0.009728 2.412175
0.773530 0.021240 0.019155 0.010140 0.000546 0.165656 0.009733 2.414265
0.773518 0.021212 0.019135 0.010142 0.000547 0.165708 0.009739 2.416370
0.773471 0.021236 0.019169 0.010124 0.000543 0.165708 0.009749 2.418434
0.773454 0.021242 0.019172 0.010112 0.000550 0.165716 0.009753 2.420538
0.773476 0.021187 0.019216 0.010151 0.000551 0.165660 0.009759 2.422664
0.773415 0.021203 0.019228 0.010132 0.000551 0.165707 0.009765 2.424745
0.773391 0.021282 0.019193 0.010122 0.000552 0.165690 0.009771 2.426793
0.773454 0.021242 0.019134 0.010091 0.000546 0.165753 0.009780 2.428852
0.773421 0.021292 0.019135 0.010073 0.000545 0.165749 0.009786 2.430899
0.773405 0.021255 0.019130 0.010044 0.000548 0.165826 0.009792 2.432985
0.773422 0.021235 0.019145 0.010062 0.000540 0.165796 0.009799 2.435078
0.773428 0.021229 0.019149 0.010020 0.000546 0.165821 0.009808 2.437135
0.773375 0.021209 0.019196 0.009987 0.000556 0.165866 0.009813 2.439249
0.773389 0.021157 0.019226 0.009963 0.000554 0.165891 0.009820 2.441355
0.773415 0.021155 0.019241 0.009955 0.000555 0.165848 0.009830 2.443430
0.773439 0.021229 0.019179 0.009907 0.000555 0.165854 0.009837 2.445439
0.773435 0.021203 0.019183 0.009920 0.000557 0.165864 0.009839 2.447521
0.773369 0.021267 0.019150 0.009891 0.000554 0.165927 0.009843 2.449560
0.773410 0.021302 0.019110 0.009850 0.000557 0.165923 0.009849 2.451623
0.773486 0.021280 0.019134 0.009881 0.000547 0.165813 0.009860 2.453713
0.773564 0.021242 0.019121 0.009889 0.000538 0.165776 0.009870 2.455784
0.773582 0.021256 0.019140 0.009880 0.000532 0.165734 0.009878 2.457846
0.773529 0.021324 0.019166 0.009892 0.000532 0.165669 0.009888 2.459867
0.773466 0.021351 0.019197 0.009875 0.000534 0.165683 0.009894 2.461950
0.773469 0.021295 0.019247 0.009932 0.000533 0.165623 0.009902 2.464054
0.773451 0.021334 0.019213 0.009936 0.000536 0.165625 0.009906 2.466129
0.773361 0.021337 0.019272 0.009939 0.000533 0.165645 0.009913 2.468249
0.773288 0.021446 0.019202 0.009937 0.000534 0.165673 0.009921 2.470272
0.773237 0.021397 0.019203 0.009976 0.000530 0.165731 0.009926 2.472415
0.773237 0.021357 0.019190 0.009998 0.000528 0.165758 0.009932 2.474501
0.773171 0.021345 0.019291 0.009986 0.000532 0.165736 0.009938 2.476616
0.773132 0.021390 0.019272 0.010007 0.000534 0.165721 0.009944 2.478686
0.773084 0.021370 0.019282 0.010038 0.000531 0.165743 0.009952 2.480817
0.773072 0.021379 0.019261 0.009967 0.000540 0.165824 0.009957 2.482878
0.773082 0.021340 0.019266 0.009985 0.000542 0.165826 0.009960 2.484971
0.773112 0.021357 0.019278 0.009914 0.000557 0.165817 0.009966 2.487035
0.773103 0.021297 0.019273 0.009959 0.000546 0.165850 0.009973 2.489168
0.773147 0.021256 0.019252 0.010001 0.000540 0.165822 0.009981 2.491245
0.773188 0.021183 0.019292 0.009994 0.000546 0.165810 0.009987 2.493359
0.773095 0.021229 0.019327 0.010024 0.000552 0.165780 0.009993 2.495468
0.773079 0.021229 0.019290 0.010027 0.000556 0.165820 0.010000 2.497577
0.773094 0.021269 0.019275 0.010047 0.000558 0.165751 0.010007 2.499667
0.773123 0.021270 0.019284 0.010021 0.000552 0.165735 0.010016 2.501736
0.773167 0.021305 0.019242 0.010025 0.000555 0.165686 0.010021 2.503755
0.773223 0.021257 0.019200 0.010058 0.000563 0.165671 0.010027 2.505837
0.773192 0.021234 0.019188 0.010081 0.000566 0.165708 0.010033 2.507949
0.773138 0.021215 0.019214 0.010115 0.000564 0.165715 0.010040 2.510029
0.773179 0.021197 0.019197 0.010084 0.000564 0.165733 0.010046 2.512097
0.773226 0.021150 0.019183 0.010109 0.000561 0.165721 0.010050 2.514199
0.773273 0.021176 0.019172 0.010043 0.000559 0.165721 0.010057 2.516208
0.773295 0.021092 0.019269 0.010010 0.000559 0.165715 0.010061 2.518298
0.773363 0.021061 0.019247 0.009946 0.000554 0.165761 0.010069 2.520373
0.773303 0.021095 0.019275 0.009913 0.000561 0.165779 0.010075 2.522415
0.773294 0.021131 0.019280 0.009937 0.000558 0.165723 0.010079 2.524478
0.773280 0.021151 0.019257 0.009927 0.000555 0.165747 0.010084 2.526539
0.773292 0.021127 0.019226 0.009912 0.000557 0.165795 0.010093 2.528610
0.773272 0.021106 0.019301 0.009966 0.000551 0.165704 0.010100 2.530723
0.773248 0.021103 0.019323 0.009956 0.000556 0.165706 0.010108 2.532807
0.773189 0.021123 0.019297 0.009921 0.000553 0.165802 0.010115 2.534886
0.773207 0.021121 0.019334 0.009945 0.000548 0.165722 0.010123 2.536962
0.773214 0.021158 0.019322 0.009940 0.000550 0.165689 0.010127 2.539021
0.773218 0.021213 0.019312 0.009929 0.000550 0.165645 0.010134 2.541075
0.773275 0.021149 0.019318 0.009931 0.000543 0.165646 0.010139 2.543166
0.773249 0.021143 0.019320 0.009947 0.000542 0.165655 0.010145 2.545223
0.773208 0.021169 0.019287 0.009950 0.000543 0.165692 0.010150 2.547284
0.773221 0.021146 0.019253 0.009936 0.000548 0.165740 0.010156 2.549361
0.773249 0.021146 0.019238 0.009936 0.000554 0.165715 0.010162 2.551424
0.773215 0.021186 0.019178 0.009918 0.000550 0.165785 0.010169 2.553501
0.773217 0.021175 0.019186 0.009897 0.000551 0.165800 0.010174 2.555600
0.773332 0.021068 0.019190 0.009933 0.000554 0.165740 0.010183 2.557694
0.773358 0.021097 0.019127 0.009892 0.000558 0.165777 0.010191 2.559742
0.773476 0.021110 0.019125 0.009890 0.000550 0.165650 0.010201 2.561787
0.773384 0.021195 0.019132 0.009888 0.000549 0.165647 0.010205 2.563850
0.773353 0.021174 0.019131 0.009908 0.000548 0.165675 0.010212 2.565944
0.773307 0.021191 0.019132 0.009923 0.000546 0.165687 0.010216 2.568015
0.773298 0.021243 0.019132 0.009892 0.000539 0.165672 0.010224 2.570037
0.773301 0.021249 0.019138 0.009902 0.000542 0.165638 0.010230 2.572150
0.773272 0.021292 0.019134 0.009895 0.000546 0.165623 0.010237 2.574220
0.773273 0.021332 0.019060 0.009884 0.000547 0.165659 0.010245 2.576250
0.773197 0.021363 0.019085 0.009897 0.000548 0.165660 0.010250 2.578336
0.773230 0.021395 0.019101 0.009897 0.000557 0.165562 0.010257 2.580371
0.773186 0.021404 0.019062 0.009912 0.000563 0.165612 0.010261 2.582447
0.773198 0.021365 0.019033 0.009881 0.000563 0.165694 0.010267 2.584512
0.773206 0.021302 0.019044 0.009854 0.000560 0.165759 0.010274 2.586627
0.773193 0.021256 0.019104 0.009851 0.000564 0.165751 0.010282 2.588733
0.773238 0.021237 0.019070 0.009843 0.000566 0.165754 0.010292 2.590787
0.773207 0.021254 0.019004 0.009829 0.000570 0.165836 0.010300 2.592844
0.773193 0.021258 0.019023 0.009839 0.000566 0.165814 0.010307 2.594921
0.773200 0.021233 0.019040 0.009810 0.000568 0.165835 0.010314 2.596999
0.773156 0.021203 0.019030 0.009840 0.000560 0.165888 0.010322 2.599091
0.773222 0.021158 0.019055 0.009811 0.000550 0.165877 0.010327 2.601147
0.773188 0.021184 0.019058 0.009818 0.000557 0.165864 0.010332 2.603210
0.773248 0.021103 0.019136 0.009850 0.000554 0.165772 0.010339 2.605330
0.773215 0.021148 0.019165 0.009819 0.000552 0.165756 0.010345 2.607385
0.773246 0.021068 0.019143 0.009884 0.000553 0.165753 0.010354 2.609516
0.773337 0.021058 0.019157 0.009857 0.000547 0.165681 0.010364 2.611592
0.773362 0.021093 0.019129 0.009860 0.000546 0.165639 0.010371 2.613628
0.773366 0.021101 0.019102 0.009874 0.000547 0.165629 0.010381 2.615700
0.773352 0.021109 0.019108 0.009834 0.000543 0.165667 0.010388 2.617739
0.773346 0.021072 0.019071 0.009893 0.000546 0.165680 0.010394 2.619835
0.773367 0.021068 0.019049 0.009926 0.000534 0.165654 0.010403 2.621918
0.773402 0.021098 0.019016 0.009936 0.000543 0.165597 0.010408 2.623941
0.773443 0.021046 0.019032 0.009943 0.000542 0.165579 0.010414 2.626034
0.773482 0.021008 0.019009 0.009954 0.000543 0.165583 0.010421 2.628105
0.773555 0.020944 0.019045 0.009925 0.000543 0.165562 0.010426 2.630174
0.773602 0.020901 0.019011 0.009929 0.000543 0.165583 0.010432 2.632230
0.773549 0.020915 0.019019 0.009924 0.000546 0.165612 0.010436 2.634288
0.773466 0.020914 0.019040 0.009935 0.000544 0.165658 0.010444 2.636377
0.773520 0.020862 0.019055 0.010003 0.000538 0.165571 0.010451 2.638438
0.773501 0.020912 0.019028 0.009991 0.000542 0.165570 0.010457 2.640462
0.773491 0.020910 0.019075 0.009980 0.000540 0.165542 0.010465 2.642535
0.773497 0.020952 0.019090 0.009934 0.000536 0.165520 0.010473 2.644561
0.773470 0.020931 0.019100 0.009953 0.000537 0.165530 0.010479 2.646647
0.773523 0.020898 0.019064 0.009957 0.000530 0.165540 0.010489 2.648696
0.773504 0.020886 0.019079 0.009928 0.000530 0.165579 0.010495 2.650786
0.773483 0.020940 0.019066 0.009929 0.000527 0.165553 0.010504 2.652832
0.773511 0.020966 0.019067 0.009896 0.000526 0.165521 0.010513 2.654867
0.773639 0.020943 0.019042 0.009936 0.000527 0.165394 0.010519 2.656912
0.773704 0.020893 0.019001 0.009898 0.000531 0.165447 0.010525 2.658957
0.773700 0.021012 0.018982 0.009845 0.000532 0.165398 0.010530 2.660915
0.773691 0.021035 0.019013 0.009832 0.000530 0.165364 0.010536 2.662953
0.773734 0.020939 0.019084 0.009816 0.000530 0.165357 0.010542 2.665051
0.773729 0.020936 0.019026 0.009829 0.000525 0.165410 0.010546 2.667113
0.773827 0.020896 0.019027 0.009809 0.000524 0.165364 0.010553 2.669128
0.773786 0.020965 0.018985 0.009820 0.000521 0.165365 0.010558 2.671151
0.773917 0.020928 0.018967 0.009798 0.000526 0.165300 0.010565 2.673152
0.773869 0.020929 0.019027 0.009773 0.000516 0.165314 0.010573 2.675259
0.773839 0.021013 0.018970 0.009758 0.000526 0.165316 0.010577 2.677231
0.773871 0.021022 0.018968 0.009699 0.000531 0.165326 0.010583 2.679261
0.773954 0.020943 0.018961 0.009720 0.000531 0.165303 0.010589 2.681345
0.774012 0.020914 0.018921 0.009748 0.000528 0.165281 0.010596 2.683394
0.774051 0.020900 0.018916 0.009749 0.000525 0.165258 0.010601 2.685434
0.774050 0.020888 0.018943 0.009785 0.000518 0.165209 0.010606 2.687509
0.774105 0.020833 0.019011 0.009783 0.000529 0.165127 0.010613 2.689598
0.774118 0.020863 0.018992 0.009768 0.000536 0.165108 0.010616 2.691615
0.774162 0.020763 0.019037 0.009781 0.000543 0.165091 0.010623 2.693719
0.774129 0.020818 0.019015 0.009781 0.000543 0.165083 0.010632 2.695740
0.774193 0.020739 0.018986 0.009776 0.000544 0.165125 0.010637 2.697778
0.774190 0.020748 0.018955 0.009757 0.000545 0.165164 0.010643 2.699824
0.774242 0.020731 0.018937 0.009775 0.000544 0.165123 0.010648 2.701845
0.774233 0.020827 0.018899 0.009771 0.000546 0.165071 0.010653 2.703849
0.774223 0.020880 0.018943 0.009737 0.000543 0.165014 0.010660 2.705879
0.774191 0.020877 0.018878 0.009724 0.000537 0.165127 0.010666 2.707909
0.774219 0.020901 0.018915 0.009720 0.000533 0.165040 0.010672 2.709932
0.774119 0.020947 0.018911 0.009741 0.000533 0.165072 0.010677 2.711984
0.774137 0.020918 0.018884 0.009756 0.000534 0.165088 0.010682 2.714029
0.774139 0.020935 0.018855 0.009788 0.000534 0.165061 0.010688 2.716074
0.774169 0.020903 0.018871 0.009790 0.000533 0.165040 0.010695 2.718164
0.774290 0.020776 0.018867 0.009854 0.000545 0.164969 0.010698 2.720270
0.774284 0.020780 0.018906 0.009839 0.000545 0.164941 0.010706 2.722300
0.774362 0.020675 0.018953 0.009870 0.000545 0.164883 0.010712 2.724388
0.774479 0.020678 0.018889 0.009830 0.000553 0.164854 0.010718 2.726376
0.774486 0.020616 0.018913 0.009802 0.000557 0.164905 0.010721 2.728467
0.774513 0.020668 0.018882 0.009747 0.000561 0.164903 0.010727 2.730461
0.774508 0.020718 0.018797 0.009752 0.000557 0.164933 0.010735 2.732461
0.774502 0.020820 0.018749 0.009729 0.000554 0.164902 0.010743 2.734435
0.774565 0.020793 0.018754 0.009733 0.000560 0.164846 0.010750 2.736465
0.774646 0.020773 0.018705 0.009746 0.000554 0.164818 0.010758 2.738494
0.774630 0.020645 0.018777 0.009717 0.000559 0.164904 0.010767 2.740607
0.774639 0.020643 0.018761 0.009711 0.000560 0.164911 0.010776 2.742604
0.774689 0.020631 0.018759 0.009731 0.000564 0.164846 0.010780 2.744603
0.774718 0.020669 0.018729 0.009738 0.000570 0.164791 0.010785 2.746582
0.774779 0.020646 0.018682 0.009737 0.000570 0.164793 0.010793 2.748586
0.774799 0.020656 0.018658 0.009706 0.000567 0.164814 0.010800 2.750624
0.774851 0.020648 0.018637 0.009706 0.000562 0.164789 0.010807 2.752629
0.774879 0.020690 0.018622 0.009685 0.000562 0.164748 0.010814 2.754633
0.774911 0.020650 0.018720 0.009717 0.000564 0.164619 0.010821 2.756724
0.774936 0.020694 0.018709 0.009655 0.000563 0.164614 0.010831 2.758676
0.774935 0.020702 0.018761 0.009650 0.000556 0.164556 0.010840 2.760700
0.775092 0.020628 0.018754 0.009686 0.000553 0.164443 0.010846 2.762737
