0.349636 0.063736 0.056474 0.032620 0.002110 0.489440 0.005984 1.597684
0.350941 0.062381 0.056472 0.032546 0.002115 0.489533 0.006013 1.603930
0.352627 0.060870 0.056268 0.032354 0.002110 0.489727 0.006043 1.609888
0.354421 0.059378 0.056039 0.032201 0.002105 0.489787 0.006070 1.615749
0.356370 0.057831 0.055684 0.032035 0.002095 0.489885 0.006099 1.621440
0.358615 0.056169 0.055391 0.031677 0.002088 0.489940 0.006122 1.627010
0.360976 0.054596 0.054903 0.031329 0.002090 0.489955 0.006150 1.632429
0.363328 0.053114 0.054396 0.030999 0.002103 0.489887 0.006173 1.637717
0.365766 0.051698 0.053830 0.030582 0.002100 0.489817 0.006208 1.642778
0.368399 0.050177 0.053200 0.030201 0.002093 0.489692 0.006240 1.647780
0.371031 0.048815 0.052603 0.029756 0.002089 0.489440 0.006266 1.652618
0.373699 0.047484 0.051941 0.029304 0.002092 0.489188 0.006295 1.657359
0.376472 0.046295 0.051214 0.028850 0.002069 0.488777 0.006324 1.661898
0.379276 0.045067 0.050472 0.028427 0.002058 0.488341 0.006359 1.666436
0.382244 0.043974 0.049750 0.027890 0.002063 0.487701 0.006379 1.670750
0.385163 0.043165 0.048885 0.027343 0.002053 0.486987 0.006404 1.674835
0.388039 0.042164 0.048139 0.026917 0.002032 0.486284 0.006426 1.679090
0.390864 0.041149 0.047400 0.026469 0.002012 0.485654 0.006451 1.683257
0.393786 0.040340 0.046497 0.026046 0.002001 0.484850 0.006480 1.687214
0.396801 0.039430 0.045760 0.025606 0.001963 0.483929 0.006511 1.691196
0.399871 0.038645 0.045069 0.025184 0.001948 0.482743 0.006540 1.695026
0.402717 0.037911 0.044333 0.024716 0.001940 0.481819 0.006563 1.698791
0.405613 0.037237 0.043554 0.024353 0.001933 0.480728 0.006583 1.702497
0.408687 0.036703 0.042741 0.023927 0.001915 0.479418 0.006609 1.706070
0.411796 0.036063 0.042020 0.023513 0.001896 0.478081 0.006631 1.709677
0.414865 0.035431 0.041308 0.023131 0.001884 0.476723 0.006660 1.713227
0.417860 0.035013 0.040615 0.022713 0.001867 0.475245 0.006687 1.716634
0.420953 0.034520 0.039900 0.022405 0.001837 0.473671 0.006713 1.720058
0.423955 0.034103 0.039222 0.022066 0.001821 0.472095 0.006738 1.723428
0.426965 0.033707 0.038462 0.021656 0.001800 0.470646 0.006764 1.726707
0.429982 0.033308 0.037833 0.021265 0.001773 0.469052 0.006787 1.729967
0.433000 0.032997 0.037179 0.020914 0.001763 0.467334 0.006812 1.733186
0.435913 0.032726 0.036567 0.020545 0.001749 0.465667 0.006832 1.736363
0.438843 0.032460 0.035955 0.020200 0.001727 0.463962 0.006852 1.739508
0.441881 0.032081 0.035534 0.019902 0.001707 0.462021 0.006873 1.742721
0.444717 0.031866 0.035043 0.019523 0.001689 0.460269 0.006892 1.745837
0.447641 0.031605 0.034557 0.019167 0.001682 0.458436 0.006913 1.748930
0.450347 0.031470 0.034044 0.018875 0.001667 0.456663 0.006935 1.751968
0.453227 0.031340 0.033590 0.018587 0.001656 0.454643 0.006957 1.755001
0.455964 0.031119 0.033213 0.018391 0.001646 0.452692 0.006973 1.758095
0.458867 0.030932 0.032856 0.018159 0.001627 0.450565 0.006994 1.761150
0.461720 0.030746 0.032439 0.017917 0.001606 0.448556 0.007016 1.764205
0.464516 0.030609 0.032075 0.017680 0.001594 0.446491 0.007034 1.767187
0.467212 0.030482 0.031666 0.017568 0.001571 0.444445 0.007056 1.770182
0.469859 0.030332 0.031284 0.017382 0.001551 0.442512 0.007080 1.773175
0.472581 0.030223 0.030997 0.017205 0.001527 0.440366 0.007101 1.776136
0.475233 0.030145 0.030755 0.016979 0.001514 0.438258 0.007118 1.779068
0.477734 0.030139 0.030489 0.016823 0.001484 0.436191 0.007140 1.782043
0.480373 0.030020 0.030211 0.016691 0.001458 0.434087 0.007160 1.785004
0.482957 0.029922 0.029982 0.016555 0.001445 0.431958 0.007181 1.787964
0.485424 0.029915 0.029755 0.016410 0.001415 0.429880 0.007202 1.790934
0.487891 0.029850 0.029501 0.016320 0.001402 0.427816 0.007221 1.793921
0.490274 0.029859 0.029365 0.016142 0.001396 0.425729 0.007235 1.796890
0.492751 0.029876 0.029187 0.016002 0.001369 0.423564 0.007251 1.799766
0.495055 0.029923 0.029099 0.015909 0.001362 0.421388 0.007265 1.802725
0.497398 0.030040 0.028907 0.015741 0.001354 0.419278 0.007282 1.805581
0.499549 0.030114 0.028790 0.015703 0.001342 0.417204 0.007298 1.808545
0.501711 0.030249 0.028622 0.015574 0.001320 0.415209 0.007316 1.811444
0.503930 0.030358 0.028487 0.015502 0.001304 0.413086 0.007333 1.814366
0.506043 0.030501 0.028286 0.015408 0.001294 0.411122 0.007346 1.817224
0.508077 0.030581 0.028174 0.015419 0.001277 0.409109 0.007364 1.820207
0.510135 0.030637 0.028097 0.015387 0.001277 0.407089 0.007376 1.823238
0.512085 0.030734 0.028006 0.015322 0.001274 0.405185 0.007395 1.826213
0.514053 0.030759 0.027976 0.015318 0.001261 0.403221 0.007413 1.829279
0.515860 0.030870 0.027957 0.015313 0.001257 0.401315 0.007427 1.832283
0.517764 0.030973 0.027938 0.015280 0.001235 0.399362 0.007449 1.835317
0.519684 0.031027 0.027848 0.015261 0.001228 0.397485 0.007467 1.838326
0.521426 0.031141 0.027841 0.015220 0.001214 0.395680 0.007479 1.841360
0.523222 0.031100 0.027954 0.015179 0.001194 0.393853 0.007498 1.844490
0.524981 0.031180 0.027911 0.015201 0.001176 0.392037 0.007515 1.847570
0.526675 0.031338 0.027861 0.015204 0.001162 0.390231 0.007529 1.850626
0.528315 0.031465 0.027810 0.015172 0.001161 0.388537 0.007541 1.853645
0.529942 0.031566 0.027807 0.015225 0.001154 0.386751 0.007555 1.856755
0.531510 0.031732 0.027748 0.015276 0.001151 0.385015 0.007569 1.859837
0.533099 0.031741 0.027784 0.015280 0.001146 0.383370 0.007581 1.862995
0.534693 0.031812 0.027831 0.015302 0.001126 0.381633 0.007603 1.866113
0.536165 0.031931 0.027839 0.015299 0.001115 0.380029 0.007622 1.869265
0.537612 0.032045 0.027888 0.015385 0.001109 0.378325 0.007637 1.872462
0.539011 0.032219 0.027953 0.015455 0.001105 0.376607 0.007651 1.875629
0.540446 0.032283 0.028008 0.015518 0.001091 0.374985 0.007670 1.878845
0.541913 0.032327 0.028067 0.015489 0.001092 0.373431 0.007682 1.882045
0.543190 0.032552 0.028065 0.015489 0.001086 0.371921 0.007698 1.885177
0.544566 0.032676 0.028164 0.015522 0.001085 0.370275 0.007712 1.888404
0.545808 0.032790 0.028313 0.015508 0.001084 0.368771 0.007727 1.891621
0.546992 0.032925 0.028392 0.015538 0.001078 0.367336 0.007739 1.894886
0.548135 0.033102 0.028462 0.015606 0.001071 0.365867 0.007757 1.898135
0.549178 0.033260 0.028504 0.015615 0.001060 0.364611 0.007773 1.901386
0.550249 0.033499 0.028541 0.015679 0.001058 0.363184 0.007790 1.904602
0.551465 0.033667 0.028575 0.015683 0.001062 0.361745 0.007803 1.907873
0.552553 0.033801 0.028654 0.015775 0.001049 0.360353 0.007816 1.911177
0.553497 0.033916 0.028740 0.015843 0.001045 0.359131 0.007828 1.914559
0.554497 0.034203 0.028779 0.015819 0.001056 0.357805 0.007841 1.917800
0.555452 0.034383 0.028897 0.015853 0.001059 0.356506 0.007849 1.921133
0.556490 0.034379 0.029035 0.015929 0.001056 0.355244 0.007866 1.924585
0.557346 0.034478 0.029163 0.016027 0.001064 0.354049 0.007874 1.928042
0.558218 0.034679 0.029263 0.016144 0.001050 0.352756 0.007889 1.931434
0.559026 0.034846 0.029443 0.016215 0.001055 0.351510 0.007904 1.934906
0.559796 0.035021 0.029588 0.016264 0.001056 0.350359 0.007915 1.938340
0.560460 0.035230 0.029724 0.016305 0.001052 0.349299 0.007929 1.941777
0.561212 0.035441 0.029842 0.016374 0.001039 0.348150 0.007943 1.945209
0.562015 0.035620 0.029958 0.016404 0.001049 0.347006 0.007949 1.948660
0.562739 0.035773 0.030039 0.016471 0.001047 0.345971 0.007960 1.952144
0.563338 0.036034 0.030081 0.016557 0.001049 0.344967 0.007975 1.955579
0.563875 0.036215 0.030288 0.016608 0.001060 0.343970 0.007985 1.959165
0.564328 0.036446 0.030460 0.016614 0.001068 0.343085 0.007999 1.962724
0.564790 0.036593 0.030646 0.016680 0.001063 0.342213 0.008015 1.966329
0.565286 0.036813 0.030831 0.016737 0.001063 0.341244 0.008027 1.969915
0.565745 0.036988 0.030971 0.016812 0.001059 0.340382 0.008043 1.973575
0.566191 0.037169 0.031055 0.016827 0.001071 0.339634 0.008054 1.977144
0.566455 0.037340 0.031228 0.016978 0.001073 0.338866 0.008062 1.980871
0.566867 0.037424 0.031385 0.017112 0.001077 0.338060 0.008076 1.984572
0.567270 0.037503 0.031594 0.017229 0.001075 0.337240 0.008089 1.988317
0.567567 0.037655 0.031728 0.017298 0.001083 0.336572 0.008096 1.991983
0.567844 0.037902 0.031850 0.017382 0.001079 0.335835 0.008110 1.995673
0.568203 0.037993 0.031990 0.017445 0.001077 0.335171 0.008122 1.999414
0.568438 0.038177 0.032148 0.017550 0.001077 0.334476 0.008135 2.003184
0.568719 0.038359 0.032224 0.017643 0.001085 0.333821 0.008148 2.006923
0.569016 0.038434 0.032355 0.017744 0.001080 0.333211 0.008162 2.010749
0.569291 0.038575 0.032434 0.017863 0.001082 0.332583 0.008173 2.014528
0.569529 0.038738 0.032482 0.017890 0.001090 0.332088 0.008185 2.018279
0.569675 0.038881 0.032560 0.017959 0.001087 0.331644 0.008194 2.022108
0.569973 0.038825 0.032734 0.018100 0.001104 0.331062 0.008203 2.025999
0.570193 0.038943 0.032886 0.018148 0.001101 0.330510 0.008218 2.029841
0.570486 0.039071 0.033026 0.018232 0.001093 0.329864 0.008231 2.033622
0.570781 0.039044 0.033240 0.018331 0.001082 0.329276 0.008244 2.037565
0.570940 0.039204 0.033335 0.018329 0.001082 0.328850 0.008259 2.041400
0.571144 0.039252 0.033401 0.018407 0.001085 0.328439 0.008272 2.045245
0.571186 0.039470 0.033448 0.018430 0.001087 0.328098 0.008282 2.049061
0.571354 0.039606 0.033544 0.018446 0.001093 0.327665 0.008294 2.052877
0.571541 0.039627 0.033628 0.018545 0.001096 0.327257 0.008307 2.056761
0.571766 0.039595 0.033732 0.018604 0.001103 0.326884 0.008317 2.060661
0.571853 0.039633 0.033839 0.018708 0.001106 0.326534 0.008329 2.064588
0.571956 0.039713 0.033899 0.018752 0.001104 0.326231 0.008346 2.068456
0.572163 0.039802 0.033968 0.018780 0.001118 0.325813 0.008357 2.072318
0.572181 0.039965 0.034084 0.018813 0.001117 0.325467 0.008372 2.076211
0.572301 0.039907 0.034245 0.018845 0.001123 0.325193 0.008386 2.080215
0.572367 0.039959 0.034284 0.018848 0.001130 0.325012 0.008400 2.084114
0.572454 0.039908 0.034426 0.018896 0.001137 0.324763 0.008416 2.088115
0.572536 0.039967 0.034408 0.018918 0.001144 0.324598 0.008428 2.092009
0.572493 0.039988 0.034444 0.018972 0.001137 0.324523 0.008443 2.095935
0.572577 0.040001 0.034511 0.018996 0.001137 0.324319 0.008458 2.099876
0.572701 0.040069 0.034569 0.019074 0.001136 0.323981 0.008471 2.103763
0.572788 0.040086 0.034635 0.019084 0.001141 0.323783 0.008482 2.107711
0.572799 0.040124 0.034682 0.019141 0.001133 0.323623 0.008498 2.111667
0.572728 0.040180 0.034756 0.019181 0.001131 0.323518 0.008507 2.115638
0.572874 0.040208 0.034717 0.019167 0.001130 0.323385 0.008519 2.119541
0.572992 0.040163 0.034707 0.019168 0.001124 0.323314 0.008532 2.123453
0.573110 0.040073 0.034846 0.019213 0.001124 0.323088 0.008547 2.127446
0.573225 0.040006 0.034986 0.019211 0.001142 0.322873 0.008556 2.131420
0.573335 0.039973 0.035127 0.019233 0.001144 0.322619 0.008570 2.135410
0.573362 0.040026 0.035209 0.019199 0.001144 0.322474 0.008588 2.139365
0.573363 0.040023 0.035343 0.019222 0.001153 0.322289 0.008606 2.143356
0.573443 0.039961 0.035462 0.019283 0.001161 0.322068 0.008620 2.147350
0.573597 0.039907 0.035458 0.019247 0.001167 0.321997 0.008629 2.151279
0.573698 0.039930 0.035368 0.019287 0.001170 0.321904 0.008643 2.155182
0.573877 0.039921 0.035373 0.019258 0.001170 0.321742 0.008660 2.159091
0.573952 0.039908 0.035433 0.019298 0.001178 0.321559 0.008672 2.163044
0.574047 0.039987 0.035420 0.019359 0.001183 0.321317 0.008687 2.166957
0.574102 0.040027 0.035485 0.019349 0.001188 0.321145 0.008703 2.170870
0.574104 0.040101 0.035459 0.019341 0.001199 0.321079 0.008717 2.174789
0.574137 0.040146 0.035501 0.019307 0.001186 0.320992 0.008732 2.178722
0.574223 0.040121 0.035515 0.019360 0.001191 0.320847 0.008744 2.182695
0.574188 0.040195 0.035564 0.019398 0.001177 0.320718 0.008760 2.186616
0.574200 0.040203 0.035618 0.019425 0.001176 0.320599 0.008780 2.190567
0.574133 0.040398 0.035576 0.019377 0.001171 0.320549 0.008795 2.194408
0.574130 0.040578 0.035579 0.019325 0.001173 0.320402 0.008812 2.198278
0.574127 0.040595 0.035679 0.019383 0.001170 0.320221 0.008825 2.202238
0.574162 0.040529 0.035696 0.019358 0.001173 0.320242 0.008839 2.206223
0.574123 0.040503 0.035714 0.019411 0.001178 0.320221 0.008849 2.210242
0.574068 0.040540 0.035817 0.019397 0.001168 0.320146 0.008864 2.214251
0.574174 0.040461 0.035848 0.019420 0.001177 0.320040 0.008879 2.218274
0.574135 0.040429 0.035847 0.019431 0.001161 0.320100 0.008896 2.222319
0.574200 0.040405 0.035925 0.019382 0.001178 0.319999 0.008911 2.226292
0.574307 0.040249 0.035958 0.019454 0.001182 0.319925 0.008924 2.230356
0.574399 0.040209 0.035959 0.019479 0.001190 0.319826 0.008938 2.234351
0.574299 0.040247 0.035950 0.019484 0.001192 0.319877 0.008951 2.238344
0.574374 0.040218 0.035930 0.019450 0.001205 0.319859 0.008963 2.242294
0.574485 0.040151 0.035884 0.019453 0.001199 0.319851 0.008977 2.246288
0.574557 0.040182 0.035894 0.019382 0.001197 0.319794 0.008994 2.250242
0.574577 0.040266 0.035879 0.019360 0.001192 0.319718 0.009008 2.254115
0.574630 0.040198 0.035933 0.019375 0.001200 0.319644 0.009021 2.258107
0.574709 0.040161 0.035920 0.019326 0.001194 0.319654 0.009036 2.262050
0.574725 0.040204 0.035919 0.019358 0.001200 0.319544 0.009049 2.265957
0.574790 0.040210 0.035950 0.019361 0.001192 0.319432 0.009064 2.269926
0.574890 0.040167 0.035854 0.019395 0.001186 0.319429 0.009080 2.273849
0.574902 0.040147 0.035913 0.019426 0.001200 0.319319 0.009091 2.277842
0.574959 0.040094 0.035902 0.019422 0.001191 0.319322 0.009110 2.281800
0.575146 0.040034 0.035840 0.019443 0.001197 0.319211 0.009128 2.285732
0.575310 0.039937 0.035835 0.019395 0.001188 0.319197 0.009139 2.289669
0.575529 0.039824 0.035827 0.019425 0.001197 0.319045 0.009153 2.293595
0.575574 0.039841 0.035769 0.019423 0.001207 0.319024 0.009161 2.297485
0.575718 0.039810 0.035701 0.019357 0.001201 0.319038 0.009173 2.301339
0.575925 0.039875 0.035565 0.019398 0.001196 0.318854 0.009186 2.305164
0.576021 0.039859 0.035476 0.019418 0.001193 0.318832 0.009200 2.309085
0.576187 0.039876 0.035539 0.019373 0.001198 0.318609 0.009219 2.312975
0.576267 0.039760 0.035589 0.019380 0.001199 0.318575 0.009230 2.316936
0.576336 0.039751 0.035508 0.019379 0.001197 0.318585 0.009245 2.320800
0.576525 0.039566 0.035464 0.019419 0.001201 0.318568 0.009257 2.324785
0.576528 0.039568 0.035454 0.019367 0.001195 0.318619 0.009270 2.328684
0.576621 0.039599 0.035488 0.019274 0.001202 0.318534 0.009281 2.332536
0.576703 0.039589 0.035418 0.019254 0.001196 0.318543 0.009297 2.336399
0.576853 0.039588 0.035396 0.019219 0.001189 0.318442 0.009312 2.340241
0.577074 0.039595 0.035320 0.019190 0.001188 0.318304 0.009329 2.344067
0.577235 0.039525 0.035307 0.019145 0.001190 0.318256 0.009342 2.347967
0.577358 0.039455 0.035277 0.019154 0.001197 0.318210 0.009350 2.351854
0.577527 0.039483 0.035246 0.019150 0.001194 0.318038 0.009362 2.355666
0.577654 0.039418 0.035323 0.019158 0.001189 0.317876 0.009381 2.359564
0.577770 0.039425 0.035339 0.019126 0.001189 0.317758 0.009394 2.363474
0.577944 0.039359 0.035411 0.019053 0.001192 0.317633 0.009408 2.367348
0.578207 0.039321 0.035347 0.019033 0.001191 0.317479 0.009422 2.371123
0.578426 0.039247 0.035372 0.019032 0.001186 0.317302 0.009436 2.374984
0.578661 0.039161 0.035353 0.019058 0.001187 0.317126 0.009454 2.378832
0.578769 0.039082 0.035300 0.019113 0.001186 0.317080 0.009470 2.382713
0.579052 0.038967 0.035304 0.019078 0.001180 0.316931 0.009487 2.386554
0.579183 0.038952 0.035257 0.019037 0.001178 0.316893 0.009502 2.390362
0.579323 0.038839 0.035332 0.019026 0.001180 0.316786 0.009514 2.394259
0.579485 0.038870 0.035314 0.019022 0.001178 0.316607 0.009526 2.398078
0.579565 0.038915 0.035236 0.018980 0.001178 0.316582 0.009546 2.401864
0.579691 0.038970 0.035161 0.018967 0.001186 0.316468 0.009558 2.405664
0.579889 0.038802 0.035087 0.018970 0.001176 0.316498 0.009577 2.409545
0.580048 0.038794 0.035101 0.018900 0.001165 0.316398 0.009594 2.413338
0.580202 0.038748 0.035075 0.018952 0.001161 0.316253 0.009610 2.417180
0.580458 0.038727 0.035069 0.018869 0.001160 0.316092 0.009626 2.420956
0.580578 0.038774 0.034953 0.018879 0.001165 0.316013 0.009639 2.424709
0.580731 0.038745 0.034929 0.018821 0.001166 0.315953 0.009655 2.428524
0.580939 0.038739 0.034909 0.018773 0.001174 0.315797 0.009669 2.432315
0.581106 0.038646 0.034912 0.018746 0.001182 0.315725 0.009684 2.436184
0.581308 0.038587 0.034925 0.018731 0.001191 0.315565 0.009695 2.440046
0.581603 0.038476 0.034879 0.018748 0.001180 0.315404 0.009710 2.443827
0.581742 0.038510 0.034821 0.018727 0.001165 0.315311 0.009724 2.447570
0.581882 0.038537 0.034779 0.018734 0.001159 0.315171 0.009739 2.451302
0.582093 0.038438 0.034754 0.018781 0.001157 0.315023 0.009753 2.455116
0.582287 0.038426 0.034724 0.018797 0.001155 0.314847 0.009765 2.458902
0.582479 0.038471 0.034607 0.018786 0.001164 0.314718 0.009775 2.462609
0.582490 0.038596 0.034602 0.018734 0.001154 0.314630 0.009794 2.466376
0.582640 0.038613 0.034620 0.018751 0.001151 0.314416 0.009809 2.470181
0.582813 0.038593 0.034616 0.018720 0.001152 0.314281 0.009827 2.473973
0.582919 0.038601 0.034635 0.018728 0.001159 0.314114 0.009845 2.477780
0.583017 0.038506 0.034624 0.018746 0.001171 0.314078 0.009858 2.481644
0.583106 0.038601 0.034616 0.018732 0.001172 0.313902 0.009872 2.485403
0.583327 0.038553 0.034528 0.018721 0.001172 0.313815 0.009884 2.489184
0.583460 0.038600 0.034524 0.018737 0.001156 0.313626 0.009897 2.492945
0.583592 0.038533 0.034509 0.018707 0.001155 0.313594 0.009910 2.496749
0.583731 0.038556 0.034492 0.018711 0.001161 0.313428 0.009920 2.500494
0.583913 0.038592 0.034515 0.018655 0.001162 0.313230 0.009933 2.504218
0.584101 0.038606 0.034507 0.018658 0.001166 0.313018 0.009944 2.507963
0.584251 0.038702 0.034439 0.018609 0.001155 0.312884 0.009961 2.511655
0.584374 0.038647 0.034490 0.018699 0.001148 0.312669 0.009975 2.515535
0.584399 0.038728 0.034464 0.018628 0.001146 0.312644 0.009990 2.519263
0.584470 0.038717 0.034489 0.018635 0.001139 0.312540 0.010010 2.523075
0.584590 0.038795 0.034476 0.018607 0.001131 0.312375 0.010025 2.526783
0.584627 0.038794 0.034527 0.018592 0.001127 0.312287 0.010046 2.530628
0.584740 0.038846 0.034513 0.018590 0.001137 0.312117 0.010057 2.534434
0.584936 0.038851 0.034479 0.018582 0.001137 0.311950 0.010065 2.538196
0.585017 0.038852 0.034406 0.018612 0.001146 0.311896 0.010073 2.541962
0.585122 0.038889 0.034372 0.018634 0.001149 0.311749 0.010086 2.545785
0.585197 0.038929 0.034396 0.018622 0.001144 0.311611 0.010102 2.549599
0.585214 0.038987 0.034476 0.018583 0.001153 0.311475 0.010113 2.553447
0.585236 0.039020 0.034527 0.018633 0.001150 0.311302 0.010131 2.557282
0.585343 0.039030 0.034564 0.018645 0.001150 0.311123 0.010144 2.561097
0.585375 0.039082 0.034507 0.018678 0.001146 0.311051 0.010162 2.564862
0.585473 0.039060 0.034535 0.018707 0.001157 0.310896 0.010173 2.568721
0.585562 0.039002 0.034660 0.018763 0.001147 0.310681 0.010186 2.572610
0.585549 0.039076 0.034659 0.018707 0.001147 0.310659 0.010204 2.576388
0.585622 0.039014 0.034698 0.018722 0.001138 0.310591 0.010216 2.580275
0.585553 0.039173 0.034673 0.018716 0.001137 0.310516 0.010232 2.584075
0.585580 0.039241 0.034642 0.018732 0.001134 0.310423 0.010249 2.587861
0.585696 0.039207 0.034605 0.018724 0.001132 0.310373 0.010263 2.591658
0.585778 0.039064 0.034643 0.018750 0.001127 0.310358 0.010281 2.595627
0.585774 0.039111 0.034628 0.018792 0.001121 0.310277 0.010298 2.599420
0.585819 0.039138 0.034653 0.018746 0.001125 0.310212 0.010307 2.603249
0.585900 0.039165 0.034642 0.018776 0.001122 0.310072 0.010323 2.607060
0.585949 0.039220 0.034691 0.018735 0.001122 0.309947 0.010335 2.610853
0.585883 0.039318 0.034689 0.018751 0.001115 0.309891 0.010353 2.614643
0.585847 0.039362 0.034693 0.018762 0.001127 0.309844 0.010364 2.618502
0.585964 0.039290 0.034756 0.018809 0.001128 0.309674 0.010379 2.622400
0.585882 0.039386 0.034748 0.018853 0.001137 0.309600 0.010394 2.626277
0.585871 0.039373 0.034737 0.018804 0.001141 0.309670 0.010405 2.630137
0.585913 0.039290 0.034696 0.018813 0.001147 0.309721 0.010420 2.634016
0.585816 0.039336 0.034718 0.018907 0.001128 0.309658 0.010437 2.637878
0.585860 0.039330 0.034751 0.018939 0.001133 0.309539 0.010448 2.641751
0.585800 0.039398 0.034808 0.018869 0.001137 0.309527 0.010462 2.645582
0.585778 0.039446 0.034849 0.018886 0.001139 0.309423 0.010479 2.649421
0.585816 0.039347 0.034888 0.018905 0.001145 0.309406 0.010492 2.653328
0.585831 0.039390 0.034915 0.018885 0.001141 0.309330 0.010508 2.657172
0.585683 0.039476 0.034874 0.018918 0.001144 0.309385 0.010520 2.661024
0.585687 0.039511 0.034804 0.018954 0.001146 0.309365 0.010533 2.664881
0.585718 0.039397 0.034836 0.018965 0.001163 0.309378 0.010543 2.668852
0.585880 0.039403 0.034883 0.018939 0.001167 0.309171 0.010557 2.672704
0.585867 0.039377 0.034870 0.018998 0.001157 0.309157 0.010574 2.676559
0.585925 0.039312 0.034918 0.018968 0.001141 0.309145 0.010591 2.680479
0.585952 0.039413 0.034933 0.018958 0.001137 0.308998 0.010609 2.684275
0.585930 0.039390 0.035018 0.018950 0.001145 0.308947 0.010621 2.688166
0.585904 0.039375 0.035070 0.018959 0.001152 0.308902 0.010637 2.692058
0.585869 0.039382 0.035049 0.018992 0.001155 0.308903 0.010651 2.695933
0.585733 0.039361 0.035097 0.019008 0.001163 0.308974 0.010665 2.699862
0.585780 0.039307 0.035079 0.019033 0.001159 0.308962 0.010679 2.703728
0.585739 0.039360 0.035047 0.019033 0.001154 0.308978 0.010690 2.707574
0.585829 0.039238 0.035018 0.019005 0.001155 0.309047 0.010707 2.711471
0.585804 0.039120 0.035100 0.019001 0.001167 0.309090 0.010719 2.715416
0.585888 0.039097 0.035018 0.019006 0.001166 0.309091 0.010733 2.719233
0.585832 0.039104 0.034969 0.019001 0.001170 0.309176 0.010749 2.723063
0.585908 0.039112 0.034895 0.018944 0.001170 0.309210 0.010760 2.726883
0.585950 0.039085 0.034947 0.018879 0.001173 0.309191 0.010776 2.730767
0.586043 0.039073 0.034909 0.018949 0.001166 0.309069 0.010792 2.734614
0.586117 0.039072 0.034898 0.018891 0.001160 0.309054 0.010807 2.738406
0.586140 0.039016 0.034923 0.018966 0.001167 0.308970 0.010819 2.742309
0.586222 0.039040 0.034861 0.018899 0.001174 0.308973 0.010831 2.746084
0.586282 0.039076 0.034836 0.018844 0.001165 0.308944 0.010853 2.749849
0.586322 0.039069 0.034879 0.018828 0.001165 0.308876 0.010862 2.753693
0.586329 0.039075 0.034824 0.018853 0.001171 0.308874 0.010875 2.757530
0.586358 0.039056 0.034882 0.018797 0.001183 0.308840 0.010886 2.761363
0.586468 0.038947 0.034848 0.018842 0.001177 0.308816 0.010902 2.765246
0.586627 0.038923 0.034832 0.018890 0.001174 0.308641 0.010913 2.769086
0.586830 0.038865 0.034810 0.018825 0.001169 0.308571 0.010929 2.772881
0.586766 0.038867 0.034831 0.018833 0.001171 0.308591 0.010941 2.776734
0.586795 0.038925 0.034730 0.018846 0.001168 0.308584 0.010954 2.780491
0.586871 0.038832 0.034702 0.018850 0.001160 0.308617 0.010969 2.784339
0.587028 0.038823 0.034685 0.018919 0.001160 0.308403 0.010983 2.788119
0.587126 0.038844 0.034666 0.018901 0.001170 0.308300 0.010994 2.791909
0.587115 0.038868 0.034744 0.018846 0.001172 0.308248 0.011007 2.795726
0.587103 0.038972 0.034733 0.018902 0.001170 0.308104 0.011017 2.799539
0.587173 0.038882 0.034738 0.018919 0.001175 0.308083 0.011031 2.803435
0.587151 0.038951 0.034725 0.018926 0.001169 0.308031 0.011047 2.807241
0.587165 0.038977 0.034728 0.018905 0.001162 0.308000 0.011063 2.811015
0.587243 0.039048 0.034608 0.018863 0.001152 0.308014 0.011072 2.814757
0.587234 0.039086 0.034589 0.018841 0.001151 0.308016 0.011083 2.818555
0.587296 0.039133 0.034575 0.018855 0.001145 0.307896 0.011099 2.822339
0.587400 0.039080 0.034616 0.018861 0.001143 0.307786 0.011114 2.826202
0.587504 0.039065 0.034628 0.018842 0.001137 0.307695 0.011131 2.829994
0.587642 0.039052 0.034634 0.018800 0.001132 0.307593 0.011147 2.833752
0.587782 0.038918 0.034709 0.018831 0.001118 0.307480 0.011162 2.837604
0.587794 0.038982 0.034572 0.018839 0.001128 0.307509 0.011175 2.841395
0.587910 0.038945 0.034539 0.018840 0.001115 0.307458 0.011193 2.845203
0.587903 0.038910 0.034506 0.018754 0.001135 0.307587 0.011205 2.848984
0.587812 0.038913 0.034543 0.018766 0.001128 0.307612 0.011224 2.852842
0.587853 0.038890 0.034551 0.018760 0.001136 0.307571 0.011239 2.856696
0.587913 0.038878 0.034589 0.018786 0.001141 0.307445 0.011248 2.860481
0.588079 0.038820 0.034586 0.018770 0.001145 0.307337 0.011262 2.864297
0.588051 0.038939 0.034590 0.018758 0.001140 0.307250 0.011272 2.868049
0.588065 0.038919 0.034573 0.018777 0.001147 0.307236 0.011284 2.871868
0.588123 0.038960 0.034577 0.018777 0.001150 0.307115 0.011299 2.875686
0.588063 0.038949 0.034655 0.018752 0.001149 0.307115 0.011317 2.879546
0.588131 0.039005 0.034602 0.018687 0.001145 0.307100 0.011330 2.883267
0.588233 0.038934 0.034551 0.018627 0.001145 0.307171 0.011341 2.887053
0.588241 0.038915 0.034586 0.018656 0.001142 0.307100 0.011360 2.890886
0.588265 0.038850 0.034610 0.018717 0.001138 0.307049 0.011372 2.894754
0.588311 0.038902 0.034609 0.018715 0.001142 0.306939 0.011382 2.898522
0.588412 0.038891 0.034582 0.018691 0.001149 0.306881 0.011394 2.902294
0.588445 0.038980 0.034590 0.018649 0.001156 0.306774 0.011406 2.906051
0.588370 0.039072 0.034534 0.018654 0.001146 0.306805 0.011419 2.909823
0.588386 0.039125 0.034485 0.018718 0.001139 0.306714 0.011433 2.913597
0.588400 0.039207 0.034470 0.018665 0.001143 0.306671 0.011444 2.917391
0.588510 0.039135 0.034537 0.018658 0.001144 0.306558 0.011458 2.921205
0.588497 0.039153 0.034586 0.018645 0.001140 0.306509 0.011471 2.925044
0.588488 0.039204 0.034580 0.018645 0.001147 0.306454 0.011482 2.928831
0.588411 0.039246 0.034610 0.018667 0.001145 0.306427 0.011494 2.932721
0.588352 0.039259 0.034668 0.018726 0.001142 0.306346 0.011507 2.936601
0.588263 0.039269 0.034714 0.018705 0.001150 0.306378 0.011520 2.940445
0.588257 0.039233 0.034738 0.018707 0.001154 0.306379 0.011533 2.944315
0.588196 0.039247 0.034735 0.018729 0.001162 0.306386 0.011546 2.948151
0.588207 0.039281 0.034773 0.018764 0.001163 0.306257 0.011555 2.951995
0.588104 0.039305 0.034739 0.018825 0.001167 0.306289 0.011571 2.955847
0.588290 0.039163 0.034807 0.018860 0.001166 0.306130 0.011583 2.959715
0.588371 0.039074 0.034844 0.018841 0.001159 0.306104 0.011607 2.963571
0.588313 0.039127 0.034867 0.018836 0.001155 0.306082 0.011622 2.967403
0.588304 0.039069 0.034915 0.018833 0.001162 0.306082 0.011635 2.971291
0.588406 0.039035 0.034815 0.018822 0.001158 0.306113 0.011651 2.975097
0.588374 0.039106 0.034739 0.018797 0.001157 0.306162 0.011666 2.978900
0.588414 0.038973 0.034887 0.018780 0.001161 0.306105 0.011680 2.982803
0.588476 0.038774 0.034913 0.018763 0.001165 0.306212 0.011696 2.986728
0.588466 0.038730 0.034909 0.018806 0.001154 0.306222 0.011714 2.990579
0.588396 0.038759 0.034892 0.018779 0.001146 0.306297 0.011731 2.994406
0.588355 0.038879 0.034840 0.018768 0.001139 0.306271 0.011746 2.998134
0.588370 0.038819 0.034821 0.018749 0.001146 0.306335 0.011761 3.002012
0.588386 0.038814 0.034850 0.018763 0.001150 0.306265 0.011772 3.005867
0.588455 0.038871 0.034785 0.018806 0.001149 0.306146 0.011789 3.009667
0.588512 0.038789 0.034822 0.018827 0.001160 0.306093 0.011798 3.013491
0.588422 0.038881 0.034830 0.018819 0.001149 0.306082 0.011817 3.017291
0.588526 0.038854 0.034804 0.018751 0.001151 0.306088 0.011827 3.021057
0.588510 0.038935 0.034782 0.018735 0.001153 0.306042 0.011843 3.024824
0.588571 0.039004 0.034731 0.018746 0.001152 0.305939 0.011856 3.028576
0.588519 0.039019 0.034745 0.018699 0.001148 0.305996 0.011874 3.032384
0.588422 0.038962 0.034807 0.018719 0.001151 0.306053 0.011887 3.036290
0.588398 0.038960 0.034841 0.018744 0.001151 0.306003 0.011901 3.040104
0.588446 0.039009 0.034802 0.018733 0.001146 0.305946 0.011918 3.043917
0.588320 0.039051 0.034802 0.018749 0.001149 0.306004 0.011928 3.047756
0.588258 0.039054 0.034779 0.018756 0.001143 0.306065 0.011944 3.051596
0.588286 0.038983 0.034789 0.018747 0.001134 0.306101 0.011960 3.055422
0.588303 0.038976 0.034835 0.018771 0.001136 0.306006 0.011973 3.059305
0.588248 0.039018 0.034903 0.018760 0.001138 0.305944 0.011989 3.063120
0.588232 0.039034 0.034893 0.018750 0.001134 0.305960 0.011998 3.066956
0.588189 0.039073 0.034999 0.018758 0.001127 0.305843 0.012012 3.070823
0.588142 0.039038 0.035051 0.018719 0.001120 0.305908 0.012022 3.074738
0.588233 0.038950 0.035015 0.018831 0.001120 0.305814 0.012036 3.078591
0.588202 0.038965 0.034992 0.018857 0.001117 0.305817 0.012050 3.082438
0.588252 0.038931 0.034938 0.018844 0.001132 0.305838 0.012066 3.086247
0.588185 0.038874 0.034977 0.018872 0.001149 0.305869 0.012075 3.090135
0.588195 0.038897 0.034984 0.018920 0.001155 0.305762 0.012088 3.093963
0.588189 0.038939 0.035046 0.018917 0.001151 0.305653 0.012105 3.097790
0.588091 0.038921 0.035064 0.018935 0.001153 0.305714 0.012122 3.101663
0.588146 0.038822 0.035100 0.018933 0.001152 0.305710 0.012137 3.105542
0.588100 0.038824 0.035056 0.018985 0.001140 0.305746 0.012149 3.109387
0.588012 0.038953 0.035024 0.018923 0.001130 0.305793 0.012164 3.113169
0.587978 0.038933 0.035032 0.018901 0.001137 0.305846 0.012173 3.117052
0.587987 0.038857 0.035047 0.018960 0.001133 0.305830 0.012187 3.120929
0.587921 0.038872 0.034969 0.019010 0.001134 0.305891 0.012202 3.124789
0.587898 0.038866 0.034969 0.018982 0.001138 0.305928 0.012219 3.128604
0.587886 0.038927 0.034929 0.018970 0.001140 0.305913 0.012236 3.132359
0.587870 0.038998 0.034869 0.018972 0.001140 0.305900 0.012250 3.136178
0.587960 0.039023 0.034809 0.018978 0.001131 0.305838 0.012262 3.139957
0.587966 0.039079 0.034829 0.018964 0.001136 0.305752 0.012273 3.143794
0.588042 0.039079 0.034803 0.018937 0.001133 0.305721 0.012284 3.147625
0.588029 0.039100 0.034825 0.018921 0.001124 0.305700 0.012301 3.151454
0.588041 0.039106 0.034840 0.018916 0.001123 0.305660 0.012313 3.155271
0.588162 0.039032 0.034810 0.018890 0.001125 0.305654 0.012327 3.159096
0.588141 0.039046 0.034788 0.018907 0.001130 0.305648 0.012340 3.162909
0.588199 0.038978 0.034746 0.018862 0.001117 0.305741 0.012358 3.166696
0.588159 0.039021 0.034785 0.018895 0.001113 0.305650 0.012378 3.170503
0.588167 0.038995 0.034875 0.018918 0.001116 0.305540 0.012390 3.174359
0.588200 0.039009 0.034828 0.018936 0.001118 0.305507 0.012402 3.178195
0.588178 0.038968 0.034839 0.018923 0.001122 0.305557 0.012413 3.182005
0.588154 0.038939 0.034808 0.018899 0.001130 0.305644 0.012425 3.185855
0.588167 0.038912 0.034812 0.018824 0.001129 0.305716 0.012440 3.189659
0.588178 0.038889 0.034810 0.018786 0.001120 0.305755 0.012461 3.193497
0.588188 0.038884 0.034760 0.018816 0.001119 0.305759 0.012475 3.197298
0.588265 0.038779 0.034843 0.018851 0.001131 0.305644 0.012488 3.201188
0.588310 0.038799 0.034822 0.018842 0.001127 0.305595 0.012507 3.204984
0.588257 0.038904 0.034804 0.018837 0.001136 0.305544 0.012518 3.208760
0.588302 0.038813 0.034905 0.018812 0.001131 0.305507 0.012531 3.212615
0.588262 0.038889 0.034840 0.018803 0.001131 0.305529 0.012545 3.216394
0.588284 0.038914 0.034793 0.018802 0.001130 0.305522 0.012556 3.220162
0.588309 0.038875 0.034771 0.018829 0.001118 0.305526 0.012572 3.224001
0.588366 0.038850 0.034731 0.018840 0.001116 0.305511 0.012587 3.227847
0.588290 0.038905 0.034692 0.018820 0.001108 0.305585 0.012600 3.231658
0.588330 0.038856 0.034696 0.018781 0.001109 0.305618 0.012611 3.235524
0.588279 0.038859 0.034701 0.018761 0.001099 0.305679 0.012621 3.239339
0.588290 0.038880 0.034666 0.018836 0.001108 0.305588 0.012632 3.243144
0.588345 0.038823 0.034654 0.018789 0.001103 0.305635 0.012652 3.246975
0.588363 0.038801 0.034666 0.018779 0.001101 0.305627 0.012664 3.250787
0.588418 0.038786 0.034616 0.018816 0.001092 0.305593 0.012681 3.254595
0.588423 0.038747 0.034622 0.018799 0.001089 0.305624 0.012697 3.258418
0.588516 0.038709 0.034620 0.018806 0.001094 0.305549 0.012708 3.262276
0.588538 0.038728 0.034677 0.018761 0.001096 0.305483 0.012717 3.266070
0.588617 0.038636 0.034729 0.018739 0.001105 0.305444 0.012730 3.269953
0.588566 0.038634 0.034782 0.018770 0.001101 0.305399 0.012748 3.273810
0.588598 0.038544 0.034836 0.018828 0.001098 0.305329 0.012767 3.277700
0.588595 0.038588 0.034860 0.018834 0.001097 0.305244 0.012783 3.281462
0.588603 0.038608 0.034812 0.018817 0.001108 0.305257 0.012795 3.285254
0.588611 0.038672 0.034782 0.018763 0.001112 0.305251 0.012809 3.289045
0.588554 0.038660 0.034810 0.018804 0.001120 0.305236 0.012817 3.292960
0.588621 0.038703 0.034675 0.018788 0.001136 0.305247 0.012830 3.296665
0.588728 0.038573 0.034677 0.018833 0.001136 0.305209 0.012842 3.300502
0.588771 0.038597 0.034658 0.018833 0.001133 0.305152 0.012857 3.304282
0.588859 0.038553 0.034631 0.018838 0.001128 0.305115 0.012876 3.308077
0.588855 0.038545 0.034688 0.018845 0.001129 0.305049 0.012887 3.311949
0.588926 0.038553 0.034701 0.018827 0.001130 0.304960 0.012902 3.315725
0.589036 0.038612 0.034582 0.018772 0.001136 0.304945 0.012916 3.319422
0.589088 0.038597 0.034467 0.018766 0.001142 0.305007 0.012933 3.323208
0.589183 0.038538 0.034479 0.018775 0.001140 0.304937 0.012948 3.327037
0.589264 0.038565 0.034416 0.018779 0.001130 0.304882 0.012965 3.330769
0.589323 0.038563 0.034422 0.018750 0.001128 0.304835 0.012979 3.334559
0.589432 0.038449 0.034453 0.018720 0.001130 0.304826 0.012990 3.338381
0.589507 0.038417 0.034433 0.018695 0.001133 0.304810 0.013005 3.342177
0.589600 0.038369 0.034435 0.018694 0.001135 0.304748 0.013020 3.345953
0.589475 0.038509 0.034398 0.018649 0.001143 0.304789 0.013038 3.349715
0.589549 0.038446 0.034464 0.018633 0.001146 0.304709 0.013052 3.353500
0.589612 0.038485 0.034442 0.018557 0.001143 0.304697 0.013065 3.357267
0.589569 0.038498 0.034416 0.018563 0.001139 0.304736 0.013079 3.361079
0.589563 0.038538 0.034380 0.018655 0.001137 0.304632 0.013095 3.364841
0.589650 0.038555 0.034309 0.018602 0.001129 0.304646 0.013109 3.368596
0.589708 0.038501 0.034332 0.018622 0.001138 0.304580 0.013121 3.372411
0.589732 0.038622 0.034263 0.018625 0.001129 0.304495 0.013135 3.376120
0.589760 0.038618 0.034259 0.018602 0.001126 0.304485 0.013149 3.379943
0.589897 0.038530 0.034299 0.018626 0.001128 0.304358 0.013161 3.383759
0.589895 0.038545 0.034329 0.018625 0.001129 0.304302 0.013174 3.387562
0.589848 0.038660 0.034290 0.018665 0.001125 0.304225 0.013188 3.391312
0.589795 0.038703 0.034236 0.018641 0.001114 0.304313 0.013200 3.395094
0.589780 0.038698 0.034316 0.018602 0.001113 0.304274 0.013218 3.398916
0.589693 0.038804 0.034382 0.018601 0.001111 0.304173 0.013235 3.402710
0.589715 0.038749 0.034375 0.018621 0.001105 0.304182 0.013252 3.406530
0.589638 0.038828 0.034390 0.018621 0.001111 0.304143 0.013269 3.410313
0.589475 0.038947 0.034352 0.018578 0.001107 0.304257 0.013284 3.414043
0.589478 0.038960 0.034384 0.018557 0.001109 0.304217 0.013296 3.417830
0.589453 0.038970 0.034439 0.018516 0.001119 0.304193 0.013311 3.421682
0.589421 0.038972 0.034495 0.018528 0.001121 0.304140 0.013323 3.425532
0.589385 0.039040 0.034466 0.018546 0.001108 0.304111 0.013343 3.429327
0.589287 0.039084 0.034477 0.018552 0.001111 0.304134 0.013358 3.433142
0.589214 0.039108 0.034502 0.018518 0.001115 0.304171 0.013373 3.436943
0.589261 0.039003 0.034661 0.018516 0.001116 0.304052 0.013391 3.440809
0.589117 0.038983 0.034702 0.018513 0.001109 0.304166 0.013410 3.444654
0.589171 0.038940 0.034694 0.018532 0.001108 0.304134 0.013421 3.448466
0.589135 0.039056 0.034651 0.018530 0.001111 0.304082 0.013434 3.452257
0.589075 0.039143 0.034575 0.018542 0.001130 0.304087 0.013446 3.456024
0.589058 0.039173 0.034598 0.018516 0.001129 0.304064 0.013461 3.459826
0.589070 0.039152 0.034618 0.018557 0.001134 0.303999 0.013472 3.463701
0.588915 0.039148 0.034709 0.018630 0.001134 0.303983 0.013482 3.467611
0.588855 0.039170 0.034743 0.018657 0.001134 0.303948 0.013494 3.471423
0.588895 0.039117 0.034719 0.018704 0.001140 0.303919 0.013506 3.475267
0.588924 0.039096 0.034781 0.018721 0.001144 0.303813 0.013522 3.479148
0.588831 0.039096 0.034839 0.018710 0.001158 0.303838 0.013529 3.483010
0.588753 0.039192 0.034782 0.018714 0.001156 0.303864 0.013538 3.486791
0.588662 0.039232 0.034749 0.018780 0.001143 0.303882 0.013551 3.490631
0.588490 0.039253 0.034793 0.018771 0.001139 0.303990 0.013562 3.494529
0.588513 0.039184 0.034772 0.018785 0.001140 0.304029 0.013576 3.498410
0.588536 0.039162 0.034780 0.018789 0.001135 0.304006 0.013591 3.502246
0.588417 0.039262 0.034670 0.018783 0.001127 0.304132 0.013609 3.506031
0.588311 0.039262 0.034757 0.018777 0.001116 0.304153 0.013625 3.509885
0.588266 0.039321 0.034722 0.018726 0.001120 0.304205 0.013640 3.513706
0.588371 0.039166 0.034747 0.018711 0.001125 0.304226 0.013652 3.517590
0.588352 0.039271 0.034782 0.018690 0.001124 0.304114 0.013668 3.521357
0.588383 0.039308 0.034759 0.018661 0.001122 0.304088 0.013681 3.525105
0.588428 0.039185 0.034791 0.018691 0.001120 0.304093 0.013693 3.528990
0.588400 0.039220 0.034805 0.018665 0.001122 0.304077 0.013709 3.532807
0.588306 0.039276 0.034817 0.018689 0.001123 0.304063 0.013725 3.536656
0.588289 0.039296 0.034881 0.018753 0.001127 0.303917 0.013737 3.540497
0.588201 0.039315 0.034949 0.018757 0.001129 0.303901 0.013749 3.544377
0.588180 0.039365 0.034899 0.018742 0.001133 0.303919 0.013761 3.548159
0.588186 0.039406 0.034866 0.018750 0.001128 0.303888 0.013778 3.551953
0.588089 0.039408 0.034863 0.018775 0.001141 0.303934 0.013789 3.555821
0.587939 0.039392 0.034905 0.018813 0.001134 0.304012 0.013805 3.559772
0.587900 0.039386 0.034935 0.018767 0.001141 0.304057 0.013816 3.563607
0.587920 0.039355 0.034914 0.018754 0.001137 0.304089 0.013831 3.567452
0.587893 0.039362 0.034868 0.018816 0.001138 0.304078 0.013843 3.571299
0.587734 0.039346 0.034911 0.018890 0.001128 0.304133 0.013858 3.575247
0.587690 0.039388 0.034883 0.018923 0.001123 0.304126 0.013868 3.579090
0.587622 0.039257 0.034871 0.018930 0.001133 0.304308 0.013879 3.583024
0.587625 0.039203 0.034917 0.018954 0.001117 0.304289 0.013895 3.586918
0.587580 0.039220 0.034959 0.018915 0.001122 0.304295 0.013910 3.590705
0.587530 0.039182 0.034987 0.018933 0.001117 0.304331 0.013920 3.594577
0.587508 0.039275 0.034992 0.018881 0.001123 0.304290 0.013932 3.598370
0.587508 0.039264 0.034936 0.018875 0.001118 0.304352 0.013947 3.602185
0.587430 0.039317 0.034875 0.018862 0.001115 0.304440 0.013963 3.605973
0.587330 0.039331 0.034931 0.018862 0.001114 0.304457 0.013976 3.609821
0.587316 0.039311 0.034917 0.018867 0.001114 0.304483 0.013993 3.613671
0.587313 0.039272 0.034911 0.018881 0.001114 0.304503 0.014006 3.617528
0.587305 0.039179 0.034944 0.018907 0.001110 0.304537 0.014019 3.621387
0.587320 0.039088 0.034958 0.018959 0.001120 0.304525 0.014031 3.625277
0.587279 0.039041 0.034976 0.018970 0.001125 0.304567 0.014042 3.629141
0.587356 0.039010 0.034915 0.018955 0.001128 0.304579 0.014057 3.632944
0.587327 0.039006 0.034895 0.018940 0.001109 0.304652 0.014070 3.636722
0.587355 0.038931 0.034880 0.018890 0.001107 0.304754 0.014085 3.640594
0.587375 0.038859 0.034856 0.018887 0.001102 0.304824 0.014097 3.644417
0.587457 0.038815 0.034821 0.018862 0.001102 0.304832 0.014110 3.648222
0.587477 0.038843 0.034744 0.018817 0.001107 0.304889 0.014123 3.652006
0.587416 0.038844 0.034694 0.018801 0.001111 0.305003 0.014132 3.655777
0.587497 0.038820 0.034690 0.018804 0.001102 0.304939 0.014148 3.659579
0.587547 0.038824 0.034609 0.018802 0.001097 0.304959 0.014161 3.663331
0.587620 0.038897 0.034624 0.018781 0.001092 0.304806 0.014179 3.667072
0.587690 0.038823 0.034599 0.018814 0.001101 0.304781 0.014191 3.670902
0.587701 0.038736 0.034538 0.018825 0.001107 0.304894 0.014200 3.674758
0.587754 0.038726 0.034539 0.018900 0.001103 0.304767 0.014211 3.678565
0.587786 0.038708 0.034543 0.018885 0.001107 0.304749 0.014223 3.682355
0.587802 0.038690 0.034514 0.018865 0.001100 0.304793 0.014237 3.686160
0.587892 0.038622 0.034434 0.018899 0.001108 0.304798 0.014247 3.689947
