0.341532 0.063408 0.056444 0.032693 0.002128 0.497626 0.006168 1.631917
0.342796 0.062149 0.056375 0.032524 0.002124 0.497836 0.006196 1.638098
0.344520 0.060695 0.056125 0.032316 0.002129 0.497993 0.006221 1.644073
0.346438 0.059101 0.055920 0.032139 0.002139 0.498011 0.006251 1.649993
0.348546 0.057482 0.055591 0.031852 0.002142 0.498113 0.006274 1.655717
0.350903 0.055829 0.055236 0.031511 0.002135 0.498079 0.006309 1.661248
0.353227 0.054268 0.054828 0.031190 0.002126 0.498028 0.006333 1.666633
0.355595 0.052708 0.054373 0.030782 0.002114 0.498065 0.006362 1.671910
0.358193 0.051204 0.053880 0.030437 0.002109 0.497787 0.006388 1.677055
0.360776 0.049858 0.053220 0.030029 0.002101 0.497603 0.006412 1.681980
0.363417 0.048430 0.052592 0.029607 0.002116 0.497402 0.006436 1.686853
0.366160 0.047187 0.051954 0.029129 0.002103 0.497002 0.006465 1.691542
0.369022 0.045958 0.051242 0.028696 0.002100 0.496486 0.006496 1.696208
0.371833 0.044898 0.050422 0.028243 0.002084 0.495998 0.006523 1.700636
0.374763 0.043881 0.049565 0.027821 0.002070 0.495348 0.006551 1.704969
0.377720 0.042833 0.048854 0.027326 0.002057 0.494635 0.006575 1.709231
0.380595 0.041923 0.048024 0.026949 0.002050 0.493859 0.006601 1.713431
0.383576 0.041065 0.047164 0.026516 0.002034 0.493017 0.006628 1.717490
0.386630 0.040217 0.046446 0.026056 0.002008 0.491981 0.006663 1.721500
0.389730 0.039396 0.045665 0.025639 0.002000 0.490879 0.006691 1.725422
0.392648 0.038661 0.044925 0.025177 0.001993 0.489881 0.006716 1.729260
0.395552 0.038123 0.044153 0.024681 0.001968 0.488782 0.006742 1.732982
0.398542 0.037410 0.043434 0.024211 0.001958 0.487679 0.006767 1.736749
0.401608 0.036877 0.042630 0.023824 0.001932 0.486337 0.006791 1.740366
0.404639 0.036371 0.041926 0.023429 0.001919 0.484897 0.006818 1.743935
0.407628 0.035846 0.041124 0.023044 0.001888 0.483624 0.006847 1.747480
0.410575 0.035411 0.040451 0.022674 0.001881 0.482139 0.006871 1.750943
0.413563 0.035034 0.039772 0.022313 0.001857 0.480563 0.006897 1.754349
0.416604 0.034616 0.039157 0.021977 0.001848 0.478882 0.006917 1.757746
0.419688 0.034201 0.038510 0.021665 0.001831 0.477165 0.006941 1.761093
0.422596 0.033897 0.037910 0.021330 0.001810 0.475492 0.006965 1.764426
0.425557 0.033537 0.037345 0.020987 0.001796 0.473790 0.006987 1.767749
0.428381 0.033357 0.036820 0.020680 0.001777 0.471975 0.007010 1.770971
0.431260 0.033136 0.036300 0.020327 0.001753 0.470187 0.007037 1.774181
0.434142 0.032901 0.035778 0.020044 0.001727 0.468346 0.007062 1.777411
0.437080 0.032605 0.035280 0.019775 0.001704 0.466474 0.007082 1.780634
0.439808 0.032392 0.034774 0.019513 0.001709 0.464708 0.007096 1.783812
0.442653 0.032226 0.034347 0.019253 0.001685 0.462716 0.007119 1.786946
0.445550 0.032036 0.033917 0.019017 0.001658 0.460681 0.007140 1.790084
0.448373 0.031844 0.033529 0.018809 0.001629 0.458652 0.007165 1.793260
0.451190 0.031664 0.033153 0.018607 0.001605 0.456591 0.007189 1.796395
0.453833 0.031636 0.032779 0.018455 0.001576 0.454507 0.007215 1.799488
0.456484 0.031616 0.032456 0.018263 0.001554 0.452391 0.007237 1.802553
0.459058 0.031561 0.032153 0.018099 0.001544 0.450330 0.007256 1.805642
0.461774 0.031441 0.031815 0.017892 0.001517 0.448288 0.007273 1.808718
0.464481 0.031311 0.031530 0.017725 0.001505 0.446155 0.007294 1.811815
0.466935 0.031265 0.031295 0.017560 0.001475 0.444156 0.007316 1.814916
0.469475 0.031243 0.030933 0.017392 0.001447 0.442173 0.007337 1.817930
0.471903 0.031170 0.030734 0.017271 0.001432 0.440133 0.007357 1.821029
0.474405 0.031220 0.030459 0.017115 0.001422 0.438003 0.007375 1.824035
0.476867 0.031148 0.030230 0.017010 0.001403 0.435952 0.007390 1.827125
0.479250 0.031216 0.030083 0.016860 0.001381 0.433802 0.007408 1.830149
0.481558 0.031306 0.029872 0.016769 0.001366 0.431701 0.007426 1.833194
0.483784 0.031343 0.029716 0.016592 0.001343 0.429775 0.007447 1.836289
0.485972 0.031389 0.029533 0.016524 0.001337 0.427779 0.007467 1.839387
0.488291 0.031362 0.029387 0.016504 0.001327 0.425643 0.007486 1.842481
0.490456 0.031459 0.029198 0.016460 0.001318 0.423608 0.007502 1.845542
0.492528 0.031582 0.029077 0.016357 0.001303 0.421633 0.007520 1.848575
0.494585 0.031742 0.029078 0.016271 0.001286 0.419497 0.007541 1.851641
0.496465 0.032011 0.028998 0.016177 0.001271 0.417522 0.007556 1.854682
0.498447 0.032163 0.028922 0.016153 0.001255 0.415485 0.007574 1.857787
0.500248 0.032379 0.028840 0.016099 0.001245 0.413599 0.007591 1.860903
0.502075 0.032551 0.028796 0.016059 0.001226 0.411684 0.007610 1.864027
0.503981 0.032632 0.028778 0.016029 0.001209 0.409743 0.007628 1.867164
0.505907 0.032767 0.028785 0.015981 0.001199 0.407723 0.007639 1.870313
0.507722 0.032910 0.028733 0.015971 0.001186 0.405823 0.007655 1.873514
0.509454 0.033038 0.028734 0.016001 0.001175 0.403933 0.007667 1.876719
0.511080 0.033181 0.028802 0.016019 0.001158 0.402079 0.007682 1.879996
0.512684 0.033411 0.028750 0.015964 0.001141 0.400349 0.007702 1.883181
0.514220 0.033556 0.028785 0.016021 0.001123 0.398580 0.007715 1.886478
0.515680 0.033775 0.028906 0.016052 0.001122 0.396733 0.007733 1.889776
0.517083 0.033975 0.028994 0.016102 0.001096 0.395007 0.007745 1.893122
0.518609 0.034069 0.029081 0.016201 0.001083 0.393200 0.007758 1.896461
0.519990 0.034173 0.029215 0.016228 0.001084 0.391538 0.007773 1.899850
0.521344 0.034307 0.029399 0.016281 0.001086 0.389797 0.007786 1.903273
0.522522 0.034475 0.029437 0.016364 0.001084 0.388322 0.007797 1.906719
0.523710 0.034667 0.029572 0.016352 0.001078 0.386809 0.007813 1.910110
0.524936 0.034929 0.029655 0.016336 0.001075 0.385235 0.007834 1.913452
0.526164 0.035172 0.029792 0.016354 0.001080 0.383594 0.007845 1.916854
0.527316 0.035273 0.029886 0.016435 0.001081 0.382151 0.007856 1.920369
0.528463 0.035502 0.029974 0.016522 0.001092 0.380583 0.007865 1.923840
0.529585 0.035743 0.030049 0.016587 0.001085 0.379076 0.007876 1.927270
0.530621 0.035948 0.030203 0.016670 0.001092 0.377578 0.007889 1.930795
0.531487 0.036199 0.030277 0.016774 0.001084 0.376278 0.007900 1.934329
0.532556 0.036269 0.030422 0.016877 0.001075 0.374891 0.007912 1.937992
0.533545 0.036477 0.030523 0.016960 0.001071 0.373500 0.007924 1.941543
0.534525 0.036672 0.030688 0.017008 0.001059 0.372113 0.007935 1.945121
0.535309 0.036975 0.030735 0.017083 0.001058 0.370893 0.007947 1.948662
0.536161 0.037184 0.030881 0.017182 0.001045 0.369586 0.007963 1.952274
0.536924 0.037413 0.030958 0.017232 0.001032 0.368468 0.007974 1.955889
0.537526 0.037708 0.031096 0.017314 0.001030 0.367343 0.007984 1.959531
0.538147 0.037880 0.031177 0.017419 0.001030 0.366351 0.007998 1.963252
0.538873 0.038012 0.031369 0.017535 0.001016 0.365180 0.008015 1.967024
0.539553 0.038152 0.031546 0.017625 0.001016 0.364084 0.008026 1.970769
0.540027 0.038437 0.031693 0.017704 0.001015 0.363086 0.008037 1.974487
0.540566 0.038667 0.031808 0.017767 0.001016 0.362122 0.008055 1.978216
0.541132 0.038715 0.032007 0.017857 0.001022 0.361201 0.008068 1.982027
0.541648 0.038937 0.032198 0.017953 0.001017 0.360167 0.008081 1.985806
0.542134 0.039121 0.032345 0.018067 0.001019 0.359223 0.008093 1.989653
0.542538 0.039332 0.032466 0.018096 0.001031 0.358433 0.008105 1.993482
0.542879 0.039573 0.032621 0.018123 0.001028 0.357662 0.008115 1.997300
0.543400 0.039732 0.032764 0.018157 0.001022 0.356795 0.008131 2.001114
0.543808 0.039881 0.032937 0.018286 0.001026 0.355917 0.008145 2.004992
0.544180 0.039984 0.033081 0.018305 0.001032 0.355263 0.008156 2.008892
0.544504 0.040197 0.033189 0.018409 0.001038 0.354491 0.008171 2.012784
0.544840 0.040376 0.033310 0.018481 0.001038 0.353769 0.008187 2.016683
0.545222 0.040478 0.033486 0.018630 0.001034 0.352948 0.008203 2.020667
0.545554 0.040533 0.033697 0.018741 0.001044 0.352216 0.008215 2.024700
0.545831 0.040678 0.033826 0.018856 0.001049 0.351533 0.008228 2.028683
0.546183 0.040730 0.033944 0.018982 0.001061 0.350858 0.008242 2.032683
0.546523 0.040701 0.034097 0.019089 0.001051 0.350288 0.008252 2.036731
0.546870 0.040695 0.034235 0.019202 0.001060 0.349677 0.008261 2.040759
0.547192 0.040697 0.034375 0.019278 0.001051 0.349131 0.008277 2.044773
0.547582 0.040722 0.034446 0.019348 0.001052 0.348561 0.008291 2.048801
0.547746 0.040933 0.034549 0.019401 0.001057 0.348014 0.008302 2.052775
0.548024 0.041105 0.034550 0.019418 0.001054 0.347535 0.008315 2.056703
0.548319 0.041147 0.034653 0.019453 0.001060 0.347044 0.008325 2.060703
0.548589 0.041106 0.034743 0.019483 0.001072 0.346673 0.008334 2.064745
0.548884 0.041145 0.034824 0.019508 0.001091 0.346203 0.008345 2.068742
0.549147 0.041106 0.034990 0.019614 0.001086 0.345700 0.008357 2.072859
0.549427 0.041128 0.035044 0.019652 0.001092 0.345288 0.008370 2.076872
0.549724 0.041119 0.035096 0.019639 0.001101 0.344942 0.008379 2.080883
0.549998 0.041086 0.035138 0.019737 0.001105 0.344544 0.008393 2.084963
0.550276 0.041097 0.035214 0.019747 0.001102 0.344150 0.008413 2.089022
0.550542 0.041101 0.035218 0.019757 0.001123 0.343831 0.008428 2.093063
0.550735 0.041145 0.035272 0.019790 0.001129 0.343493 0.008436 2.097071
0.550921 0.041176 0.035331 0.019808 0.001130 0.343186 0.008449 2.101176
0.551037 0.041191 0.035450 0.019872 0.001135 0.342861 0.008454 2.105320
0.551198 0.041297 0.035523 0.019940 0.001142 0.342435 0.008465 2.109393
0.551361 0.041366 0.035568 0.019972 0.001133 0.342119 0.008480 2.113414
0.551553 0.041427 0.035711 0.020001 0.001131 0.341684 0.008494 2.117485
0.551714 0.041524 0.035694 0.019992 0.001135 0.341437 0.008505 2.121541
0.551914 0.041559 0.035741 0.019999 0.001142 0.341126 0.008520 2.125582
0.552237 0.041563 0.035748 0.020047 0.001142 0.340727 0.008535 2.129650
0.552380 0.041719 0.035701 0.020196 0.001134 0.340321 0.008549 2.133643
0.552454 0.041769 0.035815 0.020242 0.001136 0.340020 0.008564 2.137745
0.552605 0.041748 0.035842 0.020290 0.001130 0.339805 0.008579 2.141827
0.552721 0.041771 0.035881 0.020338 0.001134 0.339558 0.008598 2.145956
0.552786 0.041802 0.035913 0.020377 0.001139 0.339373 0.008611 2.150070
0.552841 0.041949 0.035905 0.020465 0.001146 0.339066 0.008630 2.154110
0.552902 0.041976 0.035990 0.020471 0.001147 0.338875 0.008640 2.158227
0.552985 0.041956 0.036132 0.020420 0.001158 0.338693 0.008657 2.162335
0.553181 0.041966 0.036074 0.020419 0.001153 0.338536 0.008672 2.166386
0.553282 0.042088 0.036127 0.020450 0.001161 0.338208 0.008684 2.170441
0.553240 0.042118 0.036192 0.020553 0.001165 0.338038 0.008694 2.174622
0.553347 0.042076 0.036245 0.020529 0.001170 0.337925 0.008707 2.178812
0.553561 0.041950 0.036360 0.020546 0.001170 0.337689 0.008724 2.182986
0.553699 0.041861 0.036420 0.020543 0.001172 0.337568 0.008737 2.187087
0.553804 0.041852 0.036423 0.020546 0.001171 0.337453 0.008750 2.191143
0.553909 0.041941 0.036370 0.020520 0.001181 0.337315 0.008763 2.195174
0.554018 0.041885 0.036386 0.020531 0.001190 0.337209 0.008781 2.199318
0.554182 0.041835 0.036547 0.020449 0.001187 0.337006 0.008795 2.203488
0.554314 0.041735 0.036684 0.020467 0.001177 0.336807 0.008814 2.207644
0.554448 0.041698 0.036752 0.020471 0.001174 0.336626 0.008830 2.211740
0.554459 0.041660 0.036780 0.020502 0.001173 0.336589 0.008839 2.215916
0.554647 0.041620 0.036786 0.020458 0.001171 0.336467 0.008852 2.219962
0.554691 0.041635 0.036735 0.020441 0.001171 0.336456 0.008871 2.224010
0.554912 0.041504 0.036744 0.020466 0.001164 0.336320 0.008892 2.228139
0.554943 0.041546 0.036717 0.020438 0.001172 0.336276 0.008908 2.232168
0.555087 0.041499 0.036730 0.020386 0.001173 0.336200 0.008925 2.236262
0.555303 0.041468 0.036676 0.020359 0.001178 0.336076 0.008941 2.240252
0.555407 0.041525 0.036672 0.020372 0.001167 0.335905 0.008952 2.244299
0.555530 0.041522 0.036613 0.020323 0.001167 0.335880 0.008964 2.248367
0.555725 0.041538 0.036700 0.020374 0.001150 0.335532 0.008981 2.252417
0.555901 0.041457 0.036739 0.020307 0.001148 0.335455 0.008993 2.256547
0.556087 0.041447 0.036713 0.020319 0.001161 0.335267 0.009005 2.260613
0.556235 0.041398 0.036740 0.020357 0.001143 0.335110 0.009018 2.264715
0.556371 0.041280 0.036876 0.020373 0.001153 0.334917 0.009029 2.268849
0.556543 0.041215 0.036880 0.020354 0.001156 0.334809 0.009043 2.272946
0.556709 0.041145 0.036804 0.020288 0.001157 0.334845 0.009053 2.276974
0.556967 0.041142 0.036739 0.020235 0.001154 0.334701 0.009063 2.280936
0.557108 0.041137 0.036699 0.020206 0.001150 0.334624 0.009076 2.284964
0.557291 0.041124 0.036782 0.020205 0.001147 0.334359 0.009092 2.289023
0.557367 0.041188 0.036781 0.020210 0.001139 0.334208 0.009106 2.293039
0.557492 0.041188 0.036701 0.020274 0.001145 0.334082 0.009119 2.297070
0.557648 0.041202 0.036679 0.020248 0.001137 0.333950 0.009136 2.301104
0.557774 0.041242 0.036658 0.020227 0.001138 0.333810 0.009152 2.305118
0.557972 0.041118 0.036651 0.020310 0.001144 0.333640 0.009164 2.309211
0.558325 0.040989 0.036613 0.020319 0.001139 0.333436 0.009179 2.313203
0.558500 0.040988 0.036617 0.020281 0.001137 0.333284 0.009194 2.317219
0.558569 0.041025 0.036673 0.020241 0.001145 0.333139 0.009206 2.321273
0.558725 0.041000 0.036604 0.020243 0.001150 0.333059 0.009218 2.325308
0.558819 0.040963 0.036546 0.020212 0.001145 0.333083 0.009231 2.329323
0.559017 0.040997 0.036497 0.020268 0.001145 0.332837 0.009239 2.333334
0.559230 0.040938 0.036443 0.020240 0.001144 0.332749 0.009256 2.337361
0.559430 0.040846 0.036410 0.020250 0.001138 0.332652 0.009274 2.341379
0.559559 0.040833 0.036319 0.020235 0.001120 0.332646 0.009288 2.345325
0.559806 0.040673 0.036352 0.020181 0.001124 0.332556 0.009308 2.349351
0.560054 0.040656 0.036331 0.020149 0.001123 0.332364 0.009323 2.353313
0.560166 0.040709 0.036311 0.020136 0.001126 0.332211 0.009340 2.357289
0.560349 0.040655 0.036348 0.020060 0.001116 0.332112 0.009359 2.361293
0.560618 0.040649 0.036226 0.020093 0.001112 0.331931 0.009372 2.365234
0.560809 0.040653 0.036140 0.020084 0.001123 0.331804 0.009385 2.369153
0.561020 0.040574 0.036091 0.020070 0.001123 0.331724 0.009399 2.373131
0.561193 0.040545 0.036094 0.020033 0.001123 0.331592 0.009420 2.377140
0.561353 0.040601 0.036042 0.020026 0.001122 0.331424 0.009432 2.381074
0.561552 0.040416 0.036129 0.020046 0.001119 0.331291 0.009447 2.385155
0.561721 0.040469 0.036151 0.019967 0.001120 0.331114 0.009459 2.389123
0.561910 0.040486 0.036048 0.019967 0.001117 0.331003 0.009470 2.393066
0.562090 0.040479 0.036011 0.019957 0.001122 0.330858 0.009483 2.397009
0.562328 0.040404 0.036075 0.019908 0.001126 0.330665 0.009494 2.401025
0.562577 0.040309 0.036083 0.019952 0.001128 0.330443 0.009508 2.405006
0.562825 0.040222 0.036070 0.019999 0.001129 0.330235 0.009520 2.409004
0.562968 0.040202 0.036011 0.019981 0.001134 0.330177 0.009528 2.412966
0.563162 0.040135 0.035998 0.020015 0.001138 0.330009 0.009543 2.417003
0.563365 0.040053 0.036016 0.019918 0.001142 0.329950 0.009556 2.420963
0.563573 0.040112 0.035938 0.019916 0.001143 0.329745 0.009575 2.424838
0.563763 0.040094 0.035897 0.019875 0.001153 0.329632 0.009586 2.428747
0.563971 0.040129 0.035859 0.019843 0.001151 0.329438 0.009608 2.432654
0.564137 0.040134 0.035783 0.019862 0.001151 0.329311 0.009623 2.436565
0.564406 0.040092 0.035750 0.019787 0.001142 0.329189 0.009634 2.440491
0.564628 0.040077 0.035771 0.019758 0.001135 0.328983 0.009650 2.444416
0.564910 0.039907 0.035859 0.019752 0.001130 0.328779 0.009663 2.448447
0.565066 0.039802 0.035829 0.019774 0.001133 0.328718 0.009679 2.452388
0.565326 0.039788 0.035801 0.019731 0.001131 0.328534 0.009689 2.456265
0.565549 0.039818 0.035756 0.019673 0.001135 0.328367 0.009702 2.460146
0.565758 0.039818 0.035706 0.019672 0.001133 0.328196 0.009718 2.464051
0.565923 0.039888 0.035682 0.019634 0.001148 0.327998 0.009729 2.467923
0.565951 0.039930 0.035737 0.019590 0.001142 0.327902 0.009748 2.471823
0.566143 0.039903 0.035779 0.019577 0.001134 0.327702 0.009763 2.475764
0.566411 0.039891 0.035763 0.019549 0.001148 0.327464 0.009774 2.479679
0.566646 0.039870 0.035761 0.019578 0.001153 0.327207 0.009786 2.483619
0.566808 0.039924 0.035729 0.019528 0.001141 0.327068 0.009802 2.487478
0.566830 0.039991 0.035699 0.019558 0.001147 0.326963 0.009813 2.491437
0.566857 0.039987 0.035737 0.019547 0.001144 0.326898 0.009829 2.495446
0.567027 0.039966 0.035782 0.019568 0.001148 0.326667 0.009842 2.499388
0.567179 0.040004 0.035784 0.019565 0.001150 0.326464 0.009854 2.503311
0.567287 0.040072 0.035689 0.019576 0.001157 0.326355 0.009865 2.507250
0.567492 0.040090 0.035689 0.019534 0.001153 0.326164 0.009878 2.511159
0.567643 0.040068 0.035619 0.019563 0.001157 0.326057 0.009893 2.515130
0.567738 0.040061 0.035662 0.019619 0.001156 0.325853 0.009912 2.519104
0.567838 0.040025 0.035679 0.019703 0.001155 0.325675 0.009926 2.523080
0.568080 0.039881 0.035693 0.019659 0.001154 0.325590 0.009944 2.527060
0.568213 0.039949 0.035631 0.019630 0.001157 0.325465 0.009955 2.530944
0.568216 0.039986 0.035571 0.019629 0.001157 0.325476 0.009966 2.534867
0.568302 0.039957 0.035634 0.019640 0.001158 0.325331 0.009979 2.538838
0.568488 0.040027 0.035515 0.019660 0.001153 0.325167 0.009990 2.542658
0.568605 0.040054 0.035474 0.019620 0.001154 0.325092 0.010001 2.546530
0.568815 0.040021 0.035522 0.019600 0.001155 0.324875 0.010011 2.550445
0.568902 0.039995 0.035551 0.019621 0.001145 0.324759 0.010028 2.554390
0.569084 0.039850 0.035524 0.019704 0.001148 0.324653 0.010037 2.558373
0.569254 0.039828 0.035506 0.019675 0.001146 0.324540 0.010051 2.562308
0.569355 0.039850 0.035480 0.019638 0.001149 0.324468 0.010061 2.566205
0.569484 0.039895 0.035474 0.019654 0.001155 0.324269 0.010069 2.570125
0.569667 0.039843 0.035487 0.019725 0.001160 0.324037 0.010081 2.574066
0.569897 0.039878 0.035393 0.019763 0.001164 0.323812 0.010094 2.577900
0.569963 0.039891 0.035341 0.019711 0.001151 0.323835 0.010108 2.581769
0.569997 0.039982 0.035301 0.019748 0.001151 0.323697 0.010125 2.585689
0.570096 0.040011 0.035345 0.019668 0.001145 0.323599 0.010136 2.589603
0.570230 0.040070 0.035372 0.019635 0.001140 0.323401 0.010153 2.593519
0.570341 0.040099 0.035334 0.019593 0.001139 0.323327 0.010168 2.597433
0.570395 0.040084 0.035404 0.019587 0.001143 0.323209 0.010179 2.601396
0.570444 0.040129 0.035513 0.019626 0.001136 0.322960 0.010192 2.605383
0.570392 0.040189 0.035514 0.019553 0.001137 0.323010 0.010205 2.609336
0.570473 0.040210 0.035452 0.019534 0.001136 0.322978 0.010217 2.613205
0.570492 0.040381 0.035359 0.019478 0.001145 0.322913 0.010232 2.617020
0.570553 0.040377 0.035370 0.019479 0.001139 0.322837 0.010246 2.620954
0.570613 0.040418 0.035416 0.019511 0.001136 0.322643 0.010262 2.624895
0.570610 0.040519 0.035465 0.019488 0.001147 0.322497 0.010275 2.628805
0.570764 0.040429 0.035580 0.019518 0.001137 0.322280 0.010293 2.632848
0.570777 0.040451 0.035594 0.019557 0.001140 0.322175 0.010306 2.636821
0.570944 0.040366 0.035672 0.019567 0.001148 0.321987 0.010317 2.640805
0.570944 0.040428 0.035732 0.019577 0.001151 0.321838 0.010329 2.644772
0.570898 0.040432 0.035727 0.019584 0.001174 0.321847 0.010338 2.648795
0.571037 0.040402 0.035709 0.019600 0.001170 0.321731 0.010352 2.652777
0.571072 0.040430 0.035631 0.019576 0.001169 0.321758 0.010365 2.656705
0.570994 0.040521 0.035653 0.019521 0.001181 0.321751 0.010379 2.660631
0.570934 0.040489 0.035716 0.019544 0.001185 0.321736 0.010397 2.664682
0.571028 0.040448 0.035715 0.019544 0.001180 0.321678 0.010409 2.668651
0.571016 0.040502 0.035769 0.019510 0.001181 0.321599 0.010424 2.672614
0.571080 0.040563 0.035738 0.019508 0.001195 0.321480 0.010435 2.676555
0.571152 0.040581 0.035721 0.019548 0.001187 0.321363 0.010448 2.680485
0.571259 0.040613 0.035696 0.019593 0.001179 0.321196 0.010463 2.684458
0.571308 0.040516 0.035710 0.019625 0.001189 0.321178 0.010475 2.688480
0.571340 0.040619 0.035651 0.019662 0.001190 0.321050 0.010489 2.692416
0.571353 0.040588 0.035723 0.019685 0.001188 0.320964 0.010501 2.696406
0.571400 0.040532 0.035832 0.019674 0.001183 0.320861 0.010517 2.700443
0.571409 0.040603 0.035805 0.019648 0.001192 0.320817 0.010527 2.704371
0.571393 0.040638 0.035867 0.019620 0.001188 0.320761 0.010535 2.708323
0.571382 0.040704 0.035921 0.019621 0.001190 0.320635 0.010547 2.712324
0.571389 0.040696 0.035969 0.019654 0.001186 0.320545 0.010563 2.716307
0.571390 0.040735 0.035963 0.019613 0.001177 0.320544 0.010580 2.720308
0.571478 0.040663 0.036019 0.019583 0.001176 0.320490 0.010592 2.724299
0.571524 0.040668 0.036017 0.019585 0.001178 0.320420 0.010607 2.728284
0.571560 0.040664 0.036053 0.019624 0.001170 0.320305 0.010623 2.732281
0.571519 0.040653 0.036177 0.019598 0.001159 0.320255 0.010640 2.736331
0.571437 0.040702 0.036154 0.019562 0.001155 0.320334 0.010656 2.740316
0.571432 0.040682 0.036048 0.019640 0.001158 0.320369 0.010672 2.744322
0.571439 0.040684 0.036011 0.019648 0.001157 0.320377 0.010684 2.748290
0.571453 0.040735 0.035939 0.019669 0.001158 0.320351 0.010696 2.752244
0.571391 0.040708 0.035986 0.019661 0.001152 0.320395 0.010707 2.756264
0.571408 0.040645 0.036068 0.019662 0.001149 0.320345 0.010725 2.760282
0.571407 0.040667 0.036045 0.019724 0.001148 0.320275 0.010734 2.764274
0.571393 0.040709 0.036040 0.019723 0.001143 0.320245 0.010746 2.768246
0.571473 0.040623 0.036060 0.019794 0.001137 0.320156 0.010759 2.772280
0.571503 0.040611 0.036107 0.019837 0.001146 0.320023 0.010774 2.776316
0.571492 0.040618 0.036221 0.019814 0.001151 0.319915 0.010789 2.780310
0.571529 0.040579 0.036303 0.019821 0.001157 0.319806 0.010805 2.784318
0.571563 0.040577 0.036206 0.019837 0.001149 0.319849 0.010820 2.788263
0.571479 0.040625 0.036194 0.019793 0.001153 0.319925 0.010830 2.792246
0.571379 0.040763 0.036097 0.019837 0.001149 0.319932 0.010843 2.796159
0.571433 0.040719 0.036127 0.019902 0.001140 0.319823 0.010857 2.800184
0.571545 0.040611 0.036135 0.019867 0.001135 0.319840 0.010867 2.804228
0.571597 0.040532 0.036114 0.019901 0.001142 0.319834 0.010881 2.808252
0.571776 0.040483 0.036054 0.019822 0.001147 0.319824 0.010894 2.812178
0.571772 0.040488 0.036015 0.019823 0.001163 0.319830 0.010909 2.816145
0.571706 0.040518 0.036004 0.019846 0.001158 0.319845 0.010924 2.820118
0.571775 0.040518 0.035908 0.019884 0.001163 0.319815 0.010936 2.824094
0.571728 0.040591 0.035988 0.019832 0.001172 0.319738 0.010952 2.828057
0.571703 0.040651 0.036050 0.019812 0.001178 0.319637 0.010969 2.832015
0.571681 0.040674 0.036079 0.019790 0.001178 0.319616 0.010983 2.836020
0.571661 0.040626 0.036118 0.019780 0.001182 0.319637 0.010995 2.840082
0.571715 0.040673 0.036105 0.019735 0.001159 0.319600 0.011014 2.844014
0.571705 0.040753 0.036110 0.019739 0.001156 0.319509 0.011026 2.847936
0.571721 0.040766 0.036078 0.019702 0.001169 0.319527 0.011037 2.851901
0.571671 0.040834 0.035993 0.019712 0.001151 0.319583 0.011055 2.855829
0.571695 0.040783 0.035914 0.019717 0.001157 0.319663 0.011071 2.859804
0.571669 0.040788 0.035870 0.019742 0.001161 0.319687 0.011083 2.863784
0.571620 0.040782 0.035814 0.019764 0.001155 0.319764 0.011101 2.867765
0.571671 0.040713 0.035910 0.019760 0.001168 0.319663 0.011115 2.871826
0.571769 0.040611 0.035905 0.019739 0.001176 0.319668 0.011132 2.875834
0.571763 0.040589 0.035874 0.019769 0.001175 0.319681 0.011150 2.879810
0.571732 0.040606 0.035929 0.019776 0.001169 0.319621 0.011166 2.883804
0.571777 0.040616 0.035978 0.019690 0.001166 0.319591 0.011182 2.887801
0.571850 0.040596 0.035884 0.019665 0.001173 0.319630 0.011201 2.891733
0.571833 0.040647 0.035808 0.019643 0.001174 0.319680 0.011215 2.895671
0.571825 0.040607 0.035778 0.019637 0.001176 0.319747 0.011230 2.899668
0.571810 0.040678 0.035764 0.019608 0.001180 0.319716 0.011244 2.903579
0.571746 0.040708 0.035815 0.019634 0.001170 0.319670 0.011258 2.907568
0.571815 0.040733 0.035873 0.019633 0.001171 0.319501 0.011273 2.911515
0.571897 0.040722 0.035844 0.019658 0.001161 0.319431 0.011287 2.915453
0.572013 0.040681 0.035869 0.019671 0.001151 0.319310 0.011305 2.919422
0.572115 0.040525 0.035943 0.019730 0.001162 0.319208 0.011317 2.923503
0.572104 0.040565 0.035921 0.019762 0.001159 0.319156 0.011332 2.927473
0.572103 0.040489 0.035942 0.019782 0.001164 0.319176 0.011342 2.931495
0.572171 0.040399 0.036065 0.019855 0.001166 0.318987 0.011356 2.935522
0.572234 0.040338 0.036104 0.019896 0.001172 0.318888 0.011368 2.939547
0.572248 0.040334 0.036137 0.019894 0.001168 0.318831 0.011389 2.943542
0.572340 0.040233 0.036158 0.019903 0.001151 0.318809 0.011407 2.947560
0.572392 0.040150 0.036135 0.019872 0.001160 0.318873 0.011418 2.951525
0.572445 0.040172 0.036124 0.019811 0.001159 0.318857 0.011432 2.955454
0.572496 0.040165 0.036081 0.019830 0.001153 0.318828 0.011447 2.959399
0.572518 0.040185 0.036075 0.019806 0.001157 0.318801 0.011459 2.963322
0.572488 0.040254 0.036044 0.019765 0.001157 0.318821 0.011470 2.967231
0.572600 0.040228 0.036034 0.019740 0.001161 0.318753 0.011485 2.971172
0.572698 0.040257 0.035958 0.019662 0.001169 0.318758 0.011499 2.975077
0.572681 0.040264 0.035929 0.019675 0.001171 0.318767 0.011514 2.979042
0.572816 0.040290 0.035940 0.019709 0.001165 0.318550 0.011530 2.982970
0.572806 0.040341 0.035905 0.019622 0.001166 0.318618 0.011541 2.986903
0.572708 0.040397 0.035828 0.019616 0.001170 0.318720 0.011560 2.990824
0.572932 0.040336 0.035862 0.019623 0.001164 0.318507 0.011576 2.994790
0.572951 0.040312 0.035858 0.019636 0.001155 0.318495 0.011592 2.998787
0.572915 0.040408 0.035839 0.019605 0.001153 0.318475 0.011606 3.002706
0.572918 0.040369 0.035903 0.019629 0.001152 0.318407 0.011622 3.006724
0.572955 0.040424 0.035818 0.019657 0.001151 0.318356 0.011640 3.010676
0.572853 0.040500 0.035797 0.019748 0.001147 0.318304 0.011652 3.014604
0.572780 0.040472 0.035818 0.019742 0.001134 0.318386 0.011668 3.018618
0.572682 0.040516 0.035879 0.019760 0.001128 0.318354 0.011681 3.022595
0.572687 0.040531 0.035881 0.019786 0.001136 0.318288 0.011692 3.026550
0.572662 0.040597 0.035834 0.019783 0.001122 0.318293 0.011708 3.030494
0.572708 0.040645 0.035777 0.019747 0.001139 0.318262 0.011722 3.034407
0.572704 0.040643 0.035837 0.019734 0.001146 0.318199 0.011737 3.038419
0.572779 0.040579 0.035896 0.019789 0.001149 0.318056 0.011752 3.042465
0.572740 0.040575 0.035935 0.019696 0.001139 0.318150 0.011766 3.046463
0.572753 0.040562 0.035924 0.019683 0.001137 0.318163 0.011778 3.050405
0.572750 0.040579 0.035865 0.019675 0.001131 0.318204 0.011796 3.054354
0.572727 0.040588 0.035911 0.019681 0.001128 0.318158 0.011808 3.058358
0.572704 0.040610 0.035890 0.019684 0.001136 0.318157 0.011820 3.062322
0.572627 0.040665 0.035892 0.019685 0.001134 0.318168 0.011831 3.066308
0.572695 0.040701 0.035861 0.019666 0.001142 0.318092 0.011844 3.070236
0.572809 0.040659 0.035905 0.019706 0.001134 0.317926 0.011861 3.074244
0.572757 0.040754 0.035895 0.019684 0.001130 0.317904 0.011875 3.078159
0.572785 0.040677 0.035869 0.019778 0.001138 0.317867 0.011887 3.082189
0.572792 0.040775 0.035847 0.019734 0.001133 0.317816 0.011904 3.086100
0.572847 0.040748 0.035783 0.019727 0.001142 0.317835 0.011917 3.090036
0.572731 0.040839 0.035794 0.019640 0.001147 0.317920 0.011929 3.093974
0.572704 0.040880 0.035881 0.019659 0.001137 0.317801 0.011939 3.097948
0.572704 0.040908 0.035932 0.019682 0.001143 0.317678 0.011953 3.101917
0.572618 0.040827 0.035966 0.019765 0.001149 0.317709 0.011966 3.105985
0.572551 0.040834 0.035938 0.019800 0.001136 0.317760 0.011981 3.109975
0.572609 0.040727 0.035998 0.019809 0.001134 0.317726 0.011997 3.114009
0.572622 0.040790 0.035964 0.019776 0.001146 0.317692 0.012010 3.117950
0.572592 0.040749 0.035996 0.019866 0.001138 0.317636 0.012024 3.121952
0.572380 0.040922 0.035968 0.019899 0.001131 0.317663 0.012038 3.125884
0.572413 0.040881 0.035973 0.019939 0.001131 0.317609 0.012055 3.129877
0.572375 0.040916 0.035958 0.019951 0.001134 0.317597 0.012069 3.133929
0.572444 0.040823 0.036001 0.019972 0.001137 0.317544 0.012080 3.137973
0.572518 0.040766 0.036003 0.019911 0.001145 0.317564 0.012093 3.141962
0.572517 0.040755 0.036036 0.019941 0.001145 0.317499 0.012108 3.145990
0.572452 0.040709 0.036103 0.019875 0.001150 0.317592 0.012121 3.150012
0.572484 0.040690 0.036077 0.019845 0.001164 0.317610 0.012131 3.154006
0.572417 0.040762 0.036026 0.019831 0.001160 0.317659 0.012145 3.157925
0.572404 0.040804 0.036140 0.019796 0.001166 0.317532 0.012158 3.161893
0.572432 0.040827 0.036106 0.019751 0.001172 0.317546 0.012168 3.165893
0.572465 0.040814 0.036082 0.019770 0.001162 0.317526 0.012182 3.169887
0.572483 0.040829 0.036053 0.019710 0.001161 0.317570 0.012196 3.173885
0.572418 0.040813 0.036010 0.019737 0.001159 0.317656 0.012209 3.177861
0.572453 0.040818 0.036084 0.019728 0.001153 0.317542 0.012222 3.181855
0.572450 0.040802 0.036123 0.019710 0.001146 0.317534 0.012235 3.185857
0.572547 0.040711 0.036121 0.019677 0.001141 0.317553 0.012249 3.189839
0.572528 0.040676 0.036217 0.019736 0.001139 0.317442 0.012263 3.193858
0.572450 0.040736 0.036233 0.019718 0.001143 0.317445 0.012276 3.197851
0.572455 0.040673 0.036236 0.019747 0.001143 0.317457 0.012289 3.201881
0.572403 0.040549 0.036336 0.019824 0.001150 0.317434 0.012304 3.205972
0.572487 0.040437 0.036387 0.019828 0.001148 0.317400 0.012315 3.209992
0.572408 0.040588 0.036271 0.019786 0.001158 0.317463 0.012327 3.213906
0.572460 0.040535 0.036219 0.019824 0.001152 0.317468 0.012343 3.217920
0.572470 0.040510 0.036173 0.019860 0.001147 0.317487 0.012353 3.221924
0.572398 0.040473 0.036211 0.019909 0.001145 0.317495 0.012370 3.225994
0.572346 0.040525 0.036196 0.019866 0.001156 0.317529 0.012382 3.229975
0.572282 0.040601 0.036097 0.019839 0.001155 0.317630 0.012395 3.233922
0.572304 0.040612 0.036038 0.019873 0.001156 0.317610 0.012408 3.237894
0.572364 0.040562 0.036084 0.019874 0.001149 0.317546 0.012422 3.241886
0.572324 0.040555 0.036034 0.019860 0.001139 0.317651 0.012437 3.245855
0.572342 0.040515 0.035987 0.019851 0.001139 0.317717 0.012450 3.249825
0.572460 0.040409 0.035999 0.019769 0.001145 0.317757 0.012463 3.253784
0.572429 0.040404 0.035929 0.019768 0.001138 0.317854 0.012478 3.257753
0.572414 0.040464 0.035802 0.019782 0.001148 0.317897 0.012492 3.261669
0.572531 0.040412 0.035790 0.019757 0.001143 0.317862 0.012505 3.265635
0.572482 0.040469 0.035819 0.019797 0.001139 0.317777 0.012517 3.269607
0.572514 0.040521 0.035879 0.019798 0.001135 0.317621 0.012534 3.273560
0.572565 0.040486 0.035976 0.019758 0.001138 0.317528 0.012550 3.277526
0.572563 0.040510 0.035985 0.019737 0.001150 0.317491 0.012565 3.281467
0.572520 0.040525 0.035957 0.019715 0.001163 0.317539 0.012580 3.285441
0.572532 0.040450 0.035974 0.019752 0.001164 0.317538 0.012590 3.289423
0.572585 0.040434 0.035991 0.019798 0.001162 0.317431 0.012600 3.293407
0.572609 0.040488 0.035902 0.019761 0.001159 0.317469 0.012612 3.297320
0.572652 0.040520 0.035960 0.019724 0.001161 0.317359 0.012624 3.301240
0.572658 0.040422 0.036010 0.019724 0.001180 0.317369 0.012639 3.305293
0.572624 0.040378 0.035978 0.019744 0.001177 0.317448 0.012652 3.309315
0.572551 0.040394 0.035914 0.019810 0.001166 0.317498 0.012667 3.313326
0.572610 0.040441 0.035833 0.019816 0.001170 0.317449 0.012681 3.317265
0.572597 0.040427 0.035816 0.019799 0.001170 0.317498 0.012694 3.321282
0.572472 0.040476 0.035887 0.019792 0.001164 0.317499 0.012710 3.325325
0.572453 0.040556 0.035879 0.019775 0.001162 0.317449 0.012728 3.329303
0.572604 0.040418 0.035876 0.019800 0.001158 0.317404 0.012742 3.333323
0.572602 0.040453 0.035867 0.019763 0.001157 0.317401 0.012756 3.337241
0.572636 0.040296 0.035982 0.019767 0.001152 0.317398 0.012770 3.341313
0.572601 0.040275 0.036001 0.019763 0.001147 0.317424 0.012789 3.345311
0.572566 0.040404 0.035963 0.019721 0.001148 0.317398 0.012800 3.349233
0.572516 0.040562 0.035947 0.019671 0.001149 0.317344 0.012811 3.353114
0.572526 0.040624 0.035830 0.019687 0.001146 0.317363 0.012826 3.357055
0.572572 0.040659 0.035777 0.019686 0.001151 0.317316 0.012840 3.361004
0.572569 0.040563 0.035870 0.019667 0.001171 0.317313 0.012848 3.365016
0.572618 0.040533 0.035890 0.019709 0.001173 0.317218 0.012859 3.369055
0.572586 0.040599 0.035863 0.019727 0.001176 0.317174 0.012875 3.372982
0.572727 0.040531 0.035857 0.019783 0.001177 0.317037 0.012887 3.376971
0.572722 0.040536 0.035841 0.019779 0.001173 0.317046 0.012904 3.380952
0.572694 0.040487 0.035811 0.019782 0.001161 0.317142 0.012923 3.384921
0.572716 0.040444 0.035794 0.019840 0.001165 0.317103 0.012939 3.388923
0.572663 0.040449 0.035777 0.019822 0.001172 0.317165 0.012953 3.392919
0.572673 0.040472 0.035751 0.019758 0.001181 0.317199 0.012966 3.396828
0.572545 0.040528 0.035825 0.019702 0.001191 0.317232 0.012979 3.400797
0.572709 0.040437 0.035848 0.019716 0.001185 0.317107 0.013000 3.404762
0.572771 0.040431 0.035779 0.019662 0.001183 0.317158 0.013017 3.408662
0.572851 0.040383 0.035805 0.019660 0.001190 0.317080 0.013031 3.412612
0.572914 0.040296 0.035801 0.019702 0.001193 0.317050 0.013044 3.416619
0.572831 0.040415 0.035765 0.019680 0.001193 0.317058 0.013058 3.420547
0.572780 0.040508 0.035749 0.019665 0.001178 0.317043 0.013076 3.424438
0.572771 0.040507 0.035789 0.019641 0.001164 0.317032 0.013097 3.428411
0.572718 0.040525 0.035820 0.019647 0.001153 0.317028 0.013110 3.432415
0.572602 0.040560 0.035816 0.019630 0.001152 0.317116 0.013124 3.436397
0.572635 0.040549 0.035756 0.019631 0.001168 0.317129 0.013132 3.440367
0.572551 0.040647 0.035710 0.019624 0.001160 0.317162 0.013146 3.444309
0.572425 0.040605 0.035729 0.019627 0.001156 0.317296 0.013162 3.448312
0.572429 0.040638 0.035680 0.019622 0.001161 0.317296 0.013174 3.452256
0.572410 0.040674 0.035573 0.019606 0.001154 0.317394 0.013190 3.456187
0.572480 0.040602 0.035611 0.019573 0.001159 0.317368 0.013207 3.460163
0.572519 0.040598 0.035672 0.019590 0.001150 0.317246 0.013225 3.464144
0.572519 0.040708 0.035607 0.019584 0.001154 0.317189 0.013239 3.468031
0.572451 0.040763 0.035607 0.019556 0.001169 0.317205 0.013248 3.472003
0.572467 0.040735 0.035579 0.019551 0.001165 0.317237 0.013266 3.475942
0.572441 0.040716 0.035614 0.019588 0.001171 0.317198 0.013273 3.479955
0.572368 0.040735 0.035620 0.019630 0.001177 0.317183 0.013287 3.483932
0.572328 0.040759 0.035691 0.019576 0.001174 0.317174 0.013299 3.487891
0.572455 0.040662 0.035663 0.019662 0.001176 0.317076 0.013306 3.491902
0.572510 0.040666 0.035629 0.019703 0.001170 0.316999 0.013322 3.495839
0.572565 0.040601 0.035681 0.019739 0.001158 0.316917 0.013338 3.499829
0.572464 0.040606 0.035665 0.019709 0.001162 0.317041 0.013354 3.503802
0.572602 0.040542 0.035676 0.019688 0.001152 0.316966 0.013375 3.507727
0.572543 0.040464 0.035698 0.019706 0.001161 0.317040 0.013389 3.511733
0.572596 0.040362 0.035755 0.019726 0.001154 0.317004 0.013403 3.515763
0.572489 0.040381 0.035678 0.019733 0.001150 0.317149 0.013420 3.519710
0.572576 0.040340 0.035610 0.019702 0.001149 0.317189 0.013433 3.523635
0.572698 0.040194 0.035638 0.019678 0.001154 0.317199 0.013441 3.527612
0.572732 0.040175 0.035684 0.019632 0.001158 0.317165 0.013454 3.531557
0.572746 0.040204 0.035744 0.019582 0.001156 0.317105 0.013464 3.535460
0.572804 0.040214 0.035675 0.019591 0.001139 0.317099 0.013478 3.539344
0.572823 0.040186 0.035681 0.019613 0.001138 0.317067 0.013491 3.543345
0.572819 0.040151 0.035677 0.019632 0.001138 0.317076 0.013506 3.547276
0.572953 0.040135 0.035685 0.019637 0.001140 0.316929 0.013522 3.551197
0.572881 0.040257 0.035612 0.019614 0.001131 0.316968 0.013539 3.555084
0.572844 0.040251 0.035727 0.019605 0.001130 0.316891 0.013553 3.559059
0.572781 0.040281 0.035643 0.019582 0.001128 0.317016 0.013568 3.562992
0.572926 0.040262 0.035577 0.019579 0.001128 0.316945 0.013582 3.566895
0.572946 0.040330 0.035540 0.019527 0.001124 0.316931 0.013602 3.570823
0.572947 0.040348 0.035568 0.019477 0.001135 0.316915 0.013610 3.574720
0.572984 0.040301 0.035605 0.019491 0.001133 0.316859 0.013627 3.578677
0.573145 0.040204 0.035644 0.019529 0.001141 0.316697 0.013640 3.582630
0.573176 0.040251 0.035663 0.019471 0.001148 0.316635 0.013655 3.586529
0.573123 0.040303 0.035685 0.019456 0.001145 0.316614 0.013674 3.590478
0.573198 0.040287 0.035701 0.019479 0.001143 0.316505 0.013688 3.594425
0.573248 0.040257 0.035682 0.019425 0.001145 0.316540 0.013702 3.598319
0.573324 0.040228 0.035710 0.019433 0.001151 0.316441 0.013713 3.602251
0.573349 0.040176 0.035745 0.019438 0.001158 0.316405 0.013729 3.606186
0.573502 0.040059 0.035736 0.019476 0.001142 0.316341 0.013746 3.610186
0.573450 0.040051 0.035786 0.019462 0.001138 0.316350 0.013762 3.614150
0.573476 0.040015 0.035834 0.019452 0.001135 0.316313 0.013776 3.618106
0.573543 0.040093 0.035771 0.019478 0.001134 0.316190 0.013792 3.621950
0.573426 0.040151 0.035857 0.019422 0.001129 0.316207 0.013808 3.625903
0.573425 0.040087 0.035872 0.019471 0.001128 0.316196 0.013820 3.629919
0.573519 0.040018 0.035843 0.019468 0.001122 0.316191 0.013838 3.633862
0.573581 0.040010 0.035818 0.019460 0.001124 0.316153 0.013853 3.637806
0.573564 0.040007 0.035861 0.019449 0.001119 0.316135 0.013866 3.641784
0.573610 0.039966 0.035863 0.019393 0.001127 0.316164 0.013877 3.645696
0.573663 0.040042 0.035783 0.019430 0.001138 0.316054 0.013888 3.649556
0.573739 0.040102 0.035732 0.019417 0.001140 0.315968 0.013903 3.653407
0.573835 0.040086 0.035706 0.019381 0.001141 0.315935 0.013916 3.657323
0.573813 0.040061 0.035738 0.019367 0.001129 0.315957 0.013935 3.661291
0.573858 0.040146 0.035760 0.019324 0.001138 0.315823 0.013951 3.665146
0.573937 0.040124 0.035779 0.019322 0.001141 0.315737 0.013961 3.669115
0.573924 0.040114 0.035772 0.019342 0.001144 0.315731 0.013972 3.673089
0.574104 0.040042 0.035848 0.019322 0.001145 0.315557 0.013984 3.676983
0.574118 0.040052 0.035812 0.019370 0.001132 0.315520 0.013996 3.680896
0.574108 0.040005 0.035787 0.019443 0.001126 0.315521 0.014010 3.684904
0.574081 0.040134 0.035770 0.019450 0.001131 0.315413 0.014021 3.688807
0.574059 0.040232 0.035722 0.019412 0.001125 0.315418 0.014033 3.692661
0.574010 0.040324 0.035606 0.019441 0.001134 0.315439 0.014045 3.696607
0.573937 0.040349 0.035609 0.019499 0.001131 0.315414 0.014061 3.700548
0.573899 0.040390 0.035600 0.019504 0.001121 0.315415 0.014073 3.704513
0.573980 0.040396 0.035637 0.019529 0.001114 0.315259 0.014085 3.708429
0.573984 0.040389 0.035728 0.019567 0.001118 0.315115 0.014098 3.712406
0.574026 0.040452 0.035619 0.019505 0.001126 0.315160 0.014112 3.716291
0.573963 0.040503 0.035688 0.019487 0.001131 0.315107 0.014121 3.720253
0.573833 0.040570 0.035727 0.019502 0.001143 0.315097 0.014130 3.724206
0.573760 0.040571 0.035780 0.019468 0.001132 0.315142 0.014148 3.728173
0.573781 0.040639 0.035764 0.019470 0.001131 0.315056 0.014159 3.732094
0.573815 0.040593 0.035749 0.019469 0.001135 0.315066 0.014173 3.736043
0.573749 0.040679 0.035738 0.019495 0.001120 0.315030 0.014189 3.740007
0.573651 0.040633 0.035803 0.019547 0.001124 0.315046 0.014197 3.744037
0.573622 0.040646 0.035849 0.019553 0.001119 0.314998 0.014213 3.748053
0.573570 0.040658 0.035825 0.019526 0.001126 0.315071 0.014224 3.752008
0.573638 0.040654 0.035784 0.019577 0.001142 0.314969 0.014236 3.756023
0.573419 0.040770 0.035791 0.019581 0.001143 0.315053 0.014244 3.759961
0.573470 0.040706 0.035848 0.019598 0.001148 0.314971 0.014260 3.763991
0.573453 0.040746 0.035880 0.019633 0.001149 0.314866 0.014273 3.768013
0.573338 0.040665 0.035975 0.019688 0.001153 0.314896 0.014286 3.772073
0.573279 0.040609 0.036003 0.019695 0.001151 0.314962 0.014302 3.776120
0.573226 0.040581 0.035955 0.019683 0.001144 0.315096 0.014315 3.780122
0.573221 0.040681 0.035942 0.019673 0.001145 0.315012 0.014328 3.784018
0.573204 0.040664 0.035864 0.019686 0.001153 0.315092 0.014337 3.787977
0.573237 0.040621 0.035872 0.019642 0.001149 0.315128 0.014352 3.791916
0.573251 0.040597 0.035887 0.019647 0.001135 0.315116 0.014367 3.795884
0.573206 0.040640 0.035878 0.019619 0.001134 0.315142 0.014381 3.799841
0.573089 0.040704 0.035896 0.019671 0.001127 0.315118 0.014395 3.803805
