0.349504 0.063222 0.056090 0.032256 0.002230 0.490645 0.006053 1.598343
0.351951 0.060803 0.056047 0.032101 0.002228 0.490788 0.006081 1.604433
0.355407 0.057658 0.055894 0.031787 0.002220 0.490926 0.006108 1.610255
0.359355 0.054330 0.055645 0.031257 0.002224 0.491056 0.006134 1.615716
0.363571 0.051037 0.055139 0.030665 0.002216 0.491209 0.006164 1.620827
0.368107 0.047690 0.054413 0.030061 0.002208 0.491329 0.006192 1.625675
0.372904 0.044486 0.053750 0.029361 0.002187 0.491085 0.006226 1.630254
0.377712 0.041502 0.052721 0.028584 0.002163 0.491061 0.006258 1.634457
0.382684 0.038556 0.051678 0.027872 0.002146 0.490782 0.006283 1.638423
0.387924 0.035867 0.050445 0.027088 0.002130 0.490237 0.006309 1.642083
0.393125 0.033354 0.049184 0.026328 0.002118 0.489552 0.006339 1.645493
0.398505 0.030995 0.047866 0.025435 0.002124 0.488719 0.006357 1.648662
0.403856 0.028784 0.046502 0.024571 0.002098 0.487803 0.006384 1.651632
0.409199 0.026789 0.045134 0.023690 0.002092 0.486687 0.006409 1.654342
0.414543 0.024950 0.043685 0.022806 0.002077 0.485508 0.006431 1.656869
0.419992 0.023260 0.042229 0.021981 0.002044 0.484037 0.006456 1.659189
0.425477 0.021693 0.040768 0.021086 0.002017 0.482471 0.006488 1.661345
0.431043 0.020203 0.039341 0.020219 0.002000 0.480681 0.006515 1.663403
0.436550 0.018807 0.037887 0.019448 0.001970 0.478799 0.006539 1.665336
0.442003 0.017543 0.036406 0.018680 0.001946 0.476858 0.006564 1.667088
0.447507 0.016365 0.034974 0.017908 0.001925 0.474733 0.006589 1.668743
0.452853 0.015314 0.033657 0.017141 0.001884 0.472539 0.006612 1.670281
0.458313 0.014319 0.032369 0.016362 0.001837 0.470153 0.006646 1.671747
0.463725 0.013392 0.031075 0.015595 0.001801 0.467739 0.006672 1.673106
0.469101 0.012562 0.029773 0.014933 0.001768 0.465160 0.006702 1.674409
0.474511 0.011815 0.028493 0.014282 0.001740 0.462435 0.006723 1.675602
0.479925 0.011096 0.027296 0.013619 0.001704 0.459617 0.006744 1.676726
0.485324 0.010487 0.026132 0.012944 0.001670 0.456679 0.006763 1.677746
0.490666 0.009872 0.024954 0.012322 0.001635 0.453761 0.006789 1.678738
0.495896 0.009310 0.023909 0.011713 0.001602 0.450765 0.006806 1.679681
0.501129 0.008753 0.022825 0.011163 0.001571 0.447729 0.006829 1.680581
0.506280 0.008260 0.021784 0.010642 0.001534 0.444648 0.006850 1.681430
0.511466 0.007795 0.020837 0.010131 0.001504 0.441397 0.006871 1.682232
0.516578 0.007398 0.019875 0.009642 0.001481 0.438137 0.006889 1.682968
0.521679 0.006997 0.018958 0.009181 0.001455 0.434821 0.006909 1.683679
0.526772 0.006643 0.018014 0.008767 0.001414 0.431458 0.006933 1.684344
0.531780 0.006281 0.017254 0.008350 0.001380 0.428007 0.006948 1.685009
0.536874 0.005971 0.016465 0.007959 0.001346 0.424422 0.006964 1.685627
0.541800 0.005688 0.015695 0.007608 0.001313 0.420912 0.006983 1.686185
0.546824 0.005450 0.014980 0.007248 0.001280 0.417220 0.006998 1.686711
0.551756 0.005202 0.014290 0.006889 0.001253 0.413593 0.007017 1.687219
0.556733 0.004988 0.013651 0.006580 0.001221 0.409794 0.007033 1.687699
0.561666 0.004776 0.013042 0.006273 0.001191 0.406001 0.007052 1.688154
0.566508 0.004565 0.012461 0.005941 0.001158 0.402300 0.007067 1.688622
0.571286 0.004383 0.011887 0.005650 0.001135 0.398578 0.007081 1.689055
0.576020 0.004185 0.011347 0.005389 0.001115 0.394848 0.007096 1.689478
0.580754 0.004024 0.010809 0.005145 0.001085 0.391071 0.007112 1.689888
0.585443 0.003865 0.010326 0.004880 0.001049 0.387309 0.007128 1.690275
0.590117 0.003707 0.009850 0.004644 0.001026 0.383516 0.007141 1.690661
0.594702 0.003545 0.009401 0.004446 0.000999 0.379756 0.007152 1.691036
0.599201 0.003413 0.008997 0.004257 0.000972 0.375996 0.007163 1.691389
0.603756 0.003288 0.008602 0.004029 0.000936 0.372209 0.007179 1.691716
0.608177 0.003183 0.008201 0.003842 0.000900 0.368503 0.007196 1.692029
0.612623 0.003039 0.007866 0.003693 0.000871 0.364699 0.007210 1.692353
0.617006 0.002947 0.007510 0.003516 0.000850 0.360949 0.007223 1.692633
0.621267 0.002821 0.007210 0.003381 0.000823 0.357263 0.007235 1.692943
0.625560 0.002747 0.006882 0.003230 0.000805 0.353534 0.007245 1.693209
0.629851 0.002654 0.006583 0.003085 0.000784 0.349790 0.007253 1.693472
0.634032 0.002577 0.006288 0.002935 0.000755 0.346150 0.007263 1.693715
0.638148 0.002510 0.006035 0.002798 0.000737 0.342501 0.007270 1.693954
0.642303 0.002413 0.005776 0.002690 0.000719 0.338820 0.007281 1.694203
0.646350 0.002329 0.005511 0.002584 0.000701 0.335235 0.007290 1.694451
0.650358 0.002263 0.005294 0.002470 0.000681 0.331636 0.007298 1.694664
0.654311 0.002217 0.005080 0.002365 0.000661 0.328059 0.007308 1.694864
0.658221 0.002128 0.004881 0.002283 0.000637 0.324530 0.007320 1.695095
0.662051 0.002082 0.004678 0.002184 0.000620 0.321056 0.007329 1.695296
0.665858 0.002012 0.004494 0.002112 0.000603 0.317584 0.007337 1.695503
0.669712 0.001956 0.004320 0.002024 0.000574 0.314065 0.007350 1.695695
0.673472 0.001888 0.004177 0.001947 0.000557 0.310602 0.007359 1.695907
0.677225 0.001823 0.004001 0.001873 0.000544 0.307171 0.007363 1.696091
0.680850 0.001767 0.003860 0.001805 0.000525 0.303821 0.007372 1.696287
0.684568 0.001718 0.003704 0.001715 0.000507 0.300408 0.007381 1.696466
0.688202 0.001693 0.003552 0.001653 0.000490 0.297024 0.007386 1.696620
0.691772 0.001666 0.003410 0.001583 0.000480 0.293700 0.007390 1.696783
0.695213 0.001635 0.003275 0.001536 0.000469 0.290475 0.007398 1.696935
0.698762 0.001588 0.003147 0.001468 0.000453 0.287175 0.007406 1.697083
0.702258 0.001544 0.003042 0.001434 0.000435 0.283875 0.007414 1.697237
0.705689 0.001502 0.002940 0.001380 0.000424 0.280650 0.007416 1.697398
0.709079 0.001459 0.002825 0.001334 0.000403 0.277477 0.007423 1.697542
0.712447 0.001425 0.002721 0.001296 0.000389 0.274293 0.007429 1.697689
0.715761 0.001374 0.002638 0.001257 0.000374 0.271162 0.007435 1.697839
0.718985 0.001335 0.002535 0.001212 0.000366 0.268130 0.007439 1.697974
0.722183 0.001289 0.002458 0.001173 0.000359 0.265091 0.007446 1.698118
0.725379 0.001251 0.002370 0.001136 0.000350 0.262064 0.007451 1.698253
0.728512 0.001240 0.002285 0.001096 0.000333 0.259077 0.007458 1.698365
0.731686 0.001220 0.002208 0.001054 0.000323 0.256048 0.007462 1.698486
0.734776 0.001200 0.002138 0.001014 0.000310 0.253098 0.007465 1.698615
0.737880 0.001167 0.002068 0.000986 0.000302 0.250129 0.007470 1.698728
0.740791 0.001159 0.001995 0.000934 0.000297 0.247353 0.007473 1.698832
0.743774 0.001120 0.001942 0.000922 0.000290 0.244479 0.007475 1.698952
0.746772 0.001095 0.001877 0.000885 0.000286 0.241609 0.007478 1.699062
0.749749 0.001094 0.001812 0.000859 0.000278 0.238728 0.007481 1.699160
0.752595 0.001065 0.001757 0.000834 0.000267 0.235997 0.007486 1.699267
0.755465 0.001054 0.001714 0.000808 0.000260 0.233211 0.007489 1.699370
0.758251 0.001027 0.001665 0.000794 0.000253 0.230517 0.007493 1.699483
0.761102 0.001019 0.001618 0.000770 0.000247 0.227748 0.007497 1.699578
0.763856 0.000991 0.001563 0.000754 0.000239 0.225097 0.007500 1.699668
0.766554 0.000965 0.001516 0.000741 0.000230 0.222490 0.007505 1.699765
0.769243 0.000945 0.001471 0.000728 0.000224 0.219882 0.007509 1.699861
0.771916 0.000926 0.001431 0.000708 0.000218 0.217290 0.007512 1.699952
0.774563 0.000911 0.001392 0.000683 0.000210 0.214726 0.007516 1.700031
0.777155 0.000887 0.001368 0.000661 0.000205 0.212205 0.007518 1.700125
0.779713 0.000872 0.001340 0.000642 0.000201 0.209713 0.007520 1.700214
0.782217 0.000854 0.001320 0.000621 0.000194 0.207270 0.007524 1.700299
0.784771 0.000834 0.001288 0.000603 0.000189 0.204791 0.007527 1.700388
0.787298 0.000822 0.001257 0.000590 0.000185 0.202321 0.007529 1.700473
0.789721 0.000812 0.001211 0.000568 0.000177 0.199978 0.007533 1.700545
0.792176 0.000801 0.001170 0.000548 0.000172 0.197599 0.007534 1.700617
0.794512 0.000797 0.001138 0.000534 0.000168 0.195316 0.007536 1.700689
0.796838 0.000777 0.001101 0.000518 0.000159 0.193069 0.007539 1.700765
0.799180 0.000755 0.001072 0.000507 0.000153 0.190790 0.007543 1.700843
0.801526 0.000745 0.001048 0.000502 0.000147 0.188487 0.007545 1.700920
0.803808 0.000739 0.001037 0.000485 0.000143 0.186240 0.007549 1.700989
0.806075 0.000729 0.001012 0.000471 0.000139 0.184024 0.007550 1.701057
0.808257 0.000723 0.000988 0.000453 0.000134 0.181892 0.007555 1.701122
0.810458 0.000711 0.000943 0.000439 0.000131 0.179763 0.007556 1.701186
0.812570 0.000696 0.000929 0.000435 0.000128 0.177687 0.007556 1.701252
0.814756 0.000686 0.000905 0.000429 0.000126 0.175542 0.007557 1.701324
0.816853 0.000664 0.000897 0.000406 0.000122 0.173500 0.007559 1.701390
0.818981 0.000657 0.000870 0.000399 0.000123 0.171411 0.007560 1.701447
0.821106 0.000651 0.000858 0.000392 0.000120 0.169312 0.007561 1.701510
0.823180 0.000642 0.000842 0.000381 0.000114 0.167277 0.007564 1.701575
0.825215 0.000634 0.000821 0.000372 0.000113 0.165281 0.007565 1.701633
0.827179 0.000619 0.000803 0.000370 0.000110 0.163354 0.007566 1.701699
0.829135 0.000623 0.000776 0.000361 0.000103 0.161437 0.007566 1.701752
0.831132 0.000624 0.000749 0.000356 0.000099 0.159472 0.007568 1.701806
0.833055 0.000618 0.000737 0.000349 0.000097 0.157576 0.007568 1.701863
0.834973 0.000611 0.000723 0.000348 0.000094 0.155683 0.007570 1.701920
0.836828 0.000604 0.000715 0.000348 0.000089 0.153845 0.007572 1.701980
0.838641 0.000603 0.000699 0.000345 0.000085 0.152055 0.007572 1.702031
0.840476 0.000599 0.000684 0.000337 0.000082 0.150249 0.007573 1.702080
0.842287 0.000591 0.000688 0.000322 0.000082 0.148457 0.007574 1.702140
0.844081 0.000582 0.000675 0.000315 0.000081 0.146691 0.007576 1.702196
0.845825 0.000577 0.000664 0.000306 0.000078 0.144972 0.007578 1.702249
0.847517 0.000551 0.000663 0.000308 0.000076 0.143307 0.007578 1.702314
0.849220 0.000546 0.000652 0.000302 0.000076 0.141625 0.007579 1.702365
0.850881 0.000545 0.000641 0.000297 0.000075 0.139983 0.007579 1.702417
0.852560 0.000532 0.000639 0.000294 0.000075 0.138323 0.007579 1.702475
0.854198 0.000529 0.000629 0.000295 0.000071 0.136699 0.007580 1.702525
0.855843 0.000527 0.000622 0.000291 0.000069 0.135067 0.007581 1.702574
0.857455 0.000508 0.000616 0.000296 0.000067 0.133476 0.007582 1.702627
0.859054 0.000502 0.000604 0.000290 0.000066 0.131902 0.007583 1.702677
0.860628 0.000504 0.000586 0.000282 0.000064 0.130354 0.007584 1.702718
0.862194 0.000498 0.000569 0.000267 0.000063 0.128827 0.007585 1.702763
0.863749 0.000488 0.000566 0.000266 0.000060 0.127285 0.007587 1.702811
0.865260 0.000483 0.000562 0.000264 0.000061 0.125784 0.007587 1.702855
0.866775 0.000482 0.000555 0.000261 0.000058 0.124282 0.007588 1.702902
0.868258 0.000474 0.000539 0.000254 0.000057 0.122831 0.007588 1.702942
0.869683 0.000460 0.000542 0.000252 0.000054 0.121421 0.007589 1.702990
0.871087 0.000455 0.000541 0.000249 0.000053 0.120024 0.007592 1.703038
0.872462 0.000441 0.000537 0.000243 0.000051 0.118673 0.007593 1.703084
0.873875 0.000436 0.000522 0.000233 0.000050 0.117291 0.007594 1.703117
0.875214 0.000427 0.000513 0.000233 0.000047 0.115972 0.007595 1.703162
0.876575 0.000417 0.000506 0.000226 0.000045 0.114636 0.007595 1.703210
0.877878 0.000416 0.000504 0.000228 0.000043 0.113336 0.007596 1.703252
0.879191 0.000397 0.000503 0.000223 0.000044 0.112046 0.007596 1.703304
0.880462 0.000389 0.000500 0.000224 0.000043 0.110787 0.007597 1.703347
0.881706 0.000384 0.000495 0.000221 0.000040 0.109555 0.007599 1.703385
0.882954 0.000382 0.000493 0.000220 0.000040 0.108313 0.007599 1.703422
0.884175 0.000378 0.000486 0.000216 0.000039 0.107109 0.007599 1.703455
0.885362 0.000380 0.000477 0.000214 0.000039 0.105930 0.007600 1.703492
0.886497 0.000381 0.000467 0.000207 0.000037 0.104812 0.007600 1.703527
0.887587 0.000379 0.000460 0.000204 0.000036 0.103735 0.007600 1.703567
0.888713 0.000382 0.000452 0.000201 0.000035 0.102617 0.007601 1.703601
0.889776 0.000389 0.000441 0.000193 0.000034 0.101567 0.007601 1.703631
0.890860 0.000396 0.000429 0.000192 0.000033 0.100490 0.007601 1.703659
0.891891 0.000390 0.000418 0.000194 0.000034 0.099472 0.007602 1.703695
0.892930 0.000393 0.000414 0.000193 0.000034 0.098436 0.007602 1.703734
0.894007 0.000388 0.000406 0.000191 0.000033 0.097373 0.007602 1.703768
0.895064 0.000379 0.000407 0.000193 0.000033 0.096324 0.007602 1.703815
0.896069 0.000375 0.000405 0.000186 0.000033 0.095330 0.007603 1.703847
0.897014 0.000366 0.000405 0.000186 0.000031 0.094396 0.007603 1.703885
0.897980 0.000363 0.000400 0.000182 0.000029 0.093444 0.007603 1.703923
0.898945 0.000355 0.000391 0.000183 0.000028 0.092496 0.007603 1.703961
0.899848 0.000352 0.000380 0.000183 0.000027 0.091607 0.007604 1.703995
0.900761 0.000345 0.000374 0.000181 0.000025 0.090711 0.007604 1.704033
0.901655 0.000344 0.000367 0.000180 0.000025 0.089825 0.007604 1.704065
0.902538 0.000342 0.000364 0.000176 0.000024 0.088953 0.007604 1.704098
0.903379 0.000345 0.000361 0.000174 0.000024 0.088113 0.007604 1.704126
0.904277 0.000341 0.000359 0.000175 0.000024 0.087220 0.007605 1.704156
0.905075 0.000338 0.000358 0.000173 0.000023 0.086429 0.007605 1.704194
0.905886 0.000325 0.000358 0.000170 0.000024 0.085633 0.007605 1.704231
0.906713 0.000324 0.000354 0.000165 0.000021 0.084818 0.007605 1.704260
0.907518 0.000320 0.000345 0.000165 0.000021 0.084026 0.007605 1.704288
0.908297 0.000316 0.000338 0.000170 0.000020 0.083254 0.007606 1.704324
0.909016 0.000317 0.000335 0.000167 0.000018 0.082540 0.007607 1.704353
0.909756 0.000305 0.000336 0.000166 0.000017 0.081813 0.007608 1.704387
0.910477 0.000299 0.000333 0.000167 0.000017 0.081099 0.007608 1.704421
0.911205 0.000289 0.000335 0.000168 0.000017 0.080378 0.007608 1.704452
0.911904 0.000286 0.000338 0.000165 0.000017 0.079681 0.007609 1.704482
0.912621 0.000276 0.000333 0.000159 0.000018 0.078985 0.007609 1.704516
0.913305 0.000275 0.000333 0.000156 0.000018 0.078305 0.007609 1.704548
0.913956 0.000279 0.000321 0.000152 0.000017 0.077668 0.007609 1.704569
0.914624 0.000278 0.000311 0.000153 0.000015 0.077009 0.007610 1.704598
0.915218 0.000277 0.000301 0.000149 0.000014 0.076430 0.007611 1.704624
0.915857 0.000272 0.000301 0.000148 0.000014 0.075798 0.007611 1.704650
0.916448 0.000271 0.000298 0.000144 0.000014 0.075213 0.007611 1.704675
0.917019 0.000273 0.000297 0.000146 0.000014 0.074640 0.007611 1.704700
0.917600 0.000263 0.000296 0.000146 0.000014 0.074069 0.007612 1.704730
0.918184 0.000260 0.000305 0.000145 0.000013 0.073482 0.007612 1.704760
0.918765 0.000262 0.000297 0.000140 0.000013 0.072911 0.007612 1.704781
0.919328 0.000260 0.000290 0.000142 0.000013 0.072354 0.007612 1.704806
0.919858 0.000257 0.000290 0.000144 0.000013 0.071826 0.007612 1.704834
0.920395 0.000255 0.000292 0.000145 0.000013 0.071287 0.007613 1.704862
0.920908 0.000254 0.000288 0.000144 0.000013 0.070780 0.007613 1.704886
0.921409 0.000251 0.000288 0.000134 0.000013 0.070292 0.007613 1.704916
0.921900 0.000251 0.000285 0.000133 0.000013 0.069806 0.007613 1.704939
0.922357 0.000259 0.000282 0.000129 0.000013 0.069349 0.007613 1.704958
0.922808 0.000262 0.000284 0.000131 0.000012 0.068891 0.007614 1.704985
0.923255 0.000254 0.000285 0.000133 0.000012 0.068448 0.007614 1.705011
0.923718 0.000252 0.000277 0.000134 0.000012 0.067995 0.007614 1.705037
0.924153 0.000251 0.000269 0.000133 0.000013 0.067569 0.007614 1.705063
0.924602 0.000247 0.000266 0.000131 0.000013 0.067127 0.007614 1.705084
0.925035 0.000244 0.000258 0.000133 0.000013 0.066704 0.007614 1.705109
0.925463 0.000247 0.000258 0.000130 0.000013 0.066275 0.007614 1.705128
0.925837 0.000249 0.000262 0.000131 0.000013 0.065895 0.007614 1.705156
0.926253 0.000247 0.000265 0.000129 0.000012 0.065481 0.007614 1.705181
0.926636 0.000241 0.000267 0.000130 0.000011 0.065102 0.007615 1.705208
0.927033 0.000242 0.000265 0.000125 0.000011 0.064711 0.007615 1.705229
0.927415 0.000236 0.000261 0.000122 0.000010 0.064342 0.007615 1.705253
0.927758 0.000230 0.000257 0.000122 0.000010 0.064009 0.007615 1.705275
0.928115 0.000230 0.000253 0.000124 0.000010 0.063652 0.007615 1.705296
0.928453 0.000226 0.000256 0.000123 0.000009 0.063319 0.007616 1.705323
0.928814 0.000227 0.000254 0.000119 0.000009 0.062961 0.007616 1.705345
0.929110 0.000224 0.000256 0.000115 0.000010 0.062669 0.007616 1.705372
0.929449 0.000219 0.000255 0.000120 0.000010 0.062333 0.007616 1.705397
0.929776 0.000216 0.000255 0.000119 0.000009 0.062010 0.007616 1.705421
0.930070 0.000224 0.000253 0.000119 0.000009 0.061709 0.007616 1.705442
0.930372 0.000222 0.000248 0.000118 0.000009 0.061415 0.007616 1.705462
0.930659 0.000222 0.000230 0.000122 0.000009 0.061144 0.007616 1.705483
0.930960 0.000216 0.000235 0.000122 0.000009 0.060844 0.007616 1.705508
0.931243 0.000221 0.000228 0.000121 0.000009 0.060562 0.007616 1.705524
0.931507 0.000215 0.000227 0.000120 0.000009 0.060307 0.007616 1.705550
0.931777 0.000209 0.000224 0.000119 0.000007 0.060047 0.007617 1.705570
0.932025 0.000216 0.000219 0.000119 0.000007 0.059798 0.007617 1.705587
0.932297 0.000222 0.000211 0.000112 0.000007 0.059535 0.007617 1.705604
0.932553 0.000218 0.000212 0.000110 0.000007 0.059284 0.007617 1.705626
0.932802 0.000223 0.000209 0.000108 0.000007 0.059035 0.007617 1.705642
0.933066 0.000215 0.000210 0.000109 0.000007 0.058777 0.007617 1.705668
0.933319 0.000210 0.000204 0.000107 0.000007 0.058536 0.007617 1.705688
0.933575 0.000208 0.000202 0.000109 0.000007 0.058284 0.007617 1.705709
0.933803 0.000207 0.000197 0.000109 0.000007 0.058062 0.007617 1.705727
0.934047 0.000200 0.000200 0.000112 0.000007 0.057818 0.007617 1.705749
0.934258 0.000200 0.000196 0.000111 0.000005 0.057614 0.007617 1.705767
0.934470 0.000201 0.000193 0.000111 0.000005 0.057404 0.007617 1.705785
0.934674 0.000201 0.000192 0.000111 0.000004 0.057200 0.007618 1.705803
0.934889 0.000199 0.000191 0.000115 0.000004 0.056985 0.007618 1.705822
0.935097 0.000200 0.000193 0.000112 0.000005 0.056775 0.007618 1.705839
0.935298 0.000194 0.000187 0.000110 0.000007 0.056587 0.007618 1.705859
0.935495 0.000199 0.000186 0.000108 0.000006 0.056389 0.007618 1.705878
0.935672 0.000200 0.000182 0.000105 0.000006 0.056217 0.007618 1.705898
0.935845 0.000200 0.000181 0.000110 0.000006 0.056041 0.007618 1.705918
0.936017 0.000193 0.000184 0.000108 0.000006 0.055876 0.007618 1.705941
0.936203 0.000196 0.000178 0.000103 0.000006 0.055696 0.007618 1.705955
0.936376 0.000194 0.000176 0.000103 0.000006 0.055526 0.007618 1.705969
0.936552 0.000194 0.000175 0.000101 0.000006 0.055354 0.007618 1.705985
0.936705 0.000188 0.000179 0.000100 0.000006 0.055205 0.007619 1.706010
0.936869 0.000182 0.000181 0.000101 0.000005 0.055043 0.007619 1.706035
0.937017 0.000183 0.000180 0.000103 0.000005 0.054894 0.007619 1.706056
0.937154 0.000184 0.000178 0.000101 0.000006 0.054759 0.007619 1.706072
0.937289 0.000183 0.000181 0.000101 0.000006 0.054622 0.007619 1.706092
0.937413 0.000184 0.000177 0.000098 0.000006 0.054503 0.007619 1.706108
0.937554 0.000184 0.000179 0.000092 0.000005 0.054367 0.007619 1.706126
0.937693 0.000183 0.000175 0.000085 0.000005 0.054240 0.007619 1.706144
0.937824 0.000184 0.000179 0.000088 0.000005 0.054103 0.007619 1.706162
0.937945 0.000184 0.000178 0.000090 0.000005 0.053979 0.007619 1.706184
0.938065 0.000187 0.000179 0.000091 0.000005 0.053856 0.007619 1.706202
0.938179 0.000189 0.000179 0.000090 0.000005 0.053739 0.007619 1.706220
0.938291 0.000191 0.000183 0.000088 0.000005 0.053624 0.007619 1.706238
0.938419 0.000186 0.000187 0.000087 0.000005 0.053499 0.007619 1.706258
0.938535 0.000189 0.000184 0.000082 0.000005 0.053387 0.007619 1.706276
0.938651 0.000189 0.000183 0.000083 0.000005 0.053270 0.007619 1.706295
0.938756 0.000191 0.000183 0.000082 0.000005 0.053164 0.007619 1.706311
0.938854 0.000189 0.000181 0.000083 0.000005 0.053070 0.007619 1.706330
0.938958 0.000190 0.000180 0.000080 0.000005 0.052968 0.007619 1.706348
0.939063 0.000188 0.000183 0.000079 0.000005 0.052863 0.007619 1.706365
0.939165 0.000188 0.000185 0.000076 0.000004 0.052763 0.007620 1.706383
0.939254 0.000193 0.000185 0.000077 0.000005 0.052667 0.007620 1.706401
0.939367 0.000193 0.000180 0.000077 0.000005 0.052559 0.007620 1.706417
0.939471 0.000192 0.000186 0.000079 0.000005 0.052449 0.007620 1.706435
0.939564 0.000194 0.000182 0.000079 0.000004 0.052358 0.007620 1.706451
0.939647 0.000189 0.000185 0.000077 0.000005 0.052278 0.007620 1.706472
0.939745 0.000187 0.000186 0.000078 0.000005 0.052181 0.007620 1.706491
0.939827 0.000187 0.000185 0.000081 0.000005 0.052097 0.007620 1.706511
0.939908 0.000190 0.000182 0.000083 0.000005 0.052014 0.007620 1.706528
0.939977 0.000189 0.000184 0.000080 0.000005 0.051946 0.007620 1.706545
0.940051 0.000191 0.000180 0.000081 0.000005 0.051872 0.007620 1.706563
0.940135 0.000186 0.000177 0.000085 0.000005 0.051792 0.007620 1.706583
0.940215 0.000182 0.000176 0.000088 0.000005 0.051715 0.007620 1.706603
0.940281 0.000179 0.000177 0.000088 0.000006 0.051649 0.007620 1.706621
0.940361 0.000184 0.000178 0.000081 0.000007 0.051570 0.007620 1.706633
0.940432 0.000177 0.000174 0.000084 0.000007 0.051508 0.007620 1.706649
0.940495 0.000188 0.000176 0.000080 0.000007 0.051435 0.007620 1.706665
0.940562 0.000184 0.000178 0.000082 0.000006 0.051370 0.007620 1.706687
0.940632 0.000188 0.000175 0.000082 0.000005 0.051298 0.007620 1.706701
0.940698 0.000188 0.000174 0.000087 0.000005 0.051229 0.007620 1.706718
0.940765 0.000185 0.000177 0.000086 0.000005 0.051162 0.007620 1.706739
0.940830 0.000185 0.000176 0.000085 0.000005 0.051101 0.007620 1.706757
0.940896 0.000190 0.000173 0.000082 0.000006 0.051034 0.007620 1.706771
0.940953 0.000186 0.000173 0.000084 0.000006 0.050979 0.007620 1.706791
0.941023 0.000178 0.000174 0.000085 0.000006 0.050914 0.007620 1.706814
0.941075 0.000180 0.000178 0.000084 0.000006 0.050857 0.007620 1.706833
0.941138 0.000183 0.000174 0.000085 0.000007 0.050793 0.007620 1.706849
0.941200 0.000176 0.000176 0.000086 0.000006 0.050735 0.007620 1.706870
0.941276 0.000172 0.000173 0.000084 0.000006 0.050669 0.007620 1.706885
0.941334 0.000167 0.000176 0.000080 0.000007 0.050616 0.007620 1.706905
0.941385 0.000170 0.000169 0.000080 0.000007 0.050568 0.007620 1.706920
0.941425 0.000174 0.000166 0.000078 0.000007 0.050529 0.007620 1.706933
0.941483 0.000169 0.000167 0.000075 0.000007 0.050478 0.007620 1.706951
0.941548 0.000164 0.000163 0.000075 0.000007 0.050423 0.007620 1.706969
0.941598 0.000161 0.000159 0.000078 0.000007 0.050376 0.007620 1.706986
0.941652 0.000156 0.000160 0.000077 0.000006 0.050328 0.007620 1.707004
0.941690 0.000160 0.000162 0.000077 0.000005 0.050286 0.007620 1.707018
0.941738 0.000159 0.000160 0.000077 0.000005 0.050241 0.007620 1.707033
0.941774 0.000151 0.000165 0.000079 0.000005 0.050205 0.007620 1.707054
0.941816 0.000157 0.000164 0.000078 0.000005 0.050159 0.007620 1.707069
0.941861 0.000149 0.000162 0.000083 0.000005 0.050119 0.007620 1.707091
0.941898 0.000152 0.000162 0.000081 0.000005 0.050081 0.007620 1.707104
0.941956 0.000148 0.000158 0.000084 0.000006 0.050028 0.007620 1.707118
0.941987 0.000152 0.000151 0.000081 0.000006 0.050003 0.007620 1.707129
0.942026 0.000154 0.000148 0.000078 0.000006 0.049968 0.007620 1.707144
0.942064 0.000152 0.000148 0.000073 0.000005 0.049938 0.007620 1.707158
0.942110 0.000146 0.000154 0.000070 0.000005 0.049895 0.007620 1.707176
0.942151 0.000147 0.000153 0.000069 0.000005 0.049855 0.007620 1.707187
0.942184 0.000146 0.000155 0.000069 0.000005 0.049821 0.007620 1.707203
0.942222 0.000143 0.000155 0.000070 0.000004 0.049785 0.007620 1.707218
0.942267 0.000145 0.000154 0.000068 0.000004 0.049742 0.007620 1.707229
0.942301 0.000145 0.000153 0.000064 0.000004 0.049712 0.007620 1.707242
0.942335 0.000144 0.000150 0.000067 0.000004 0.049680 0.007620 1.707257
0.942368 0.000138 0.000151 0.000069 0.000004 0.049650 0.007620 1.707276
0.942406 0.000146 0.000145 0.000068 0.000005 0.049609 0.007620 1.707285
0.942442 0.000139 0.000147 0.000068 0.000005 0.049578 0.007620 1.707305
0.942477 0.000137 0.000140 0.000067 0.000005 0.049553 0.007620 1.707315
0.942514 0.000133 0.000142 0.000068 0.000005 0.049517 0.007620 1.707329
0.942556 0.000128 0.000143 0.000067 0.000005 0.049481 0.007620 1.707341
0.942593 0.000121 0.000138 0.000068 0.000005 0.049454 0.007620 1.707356
0.942639 0.000120 0.000135 0.000066 0.000006 0.049413 0.007620 1.707367
0.942672 0.000121 0.000133 0.000065 0.000006 0.049382 0.007620 1.707377
0.942710 0.000122 0.000128 0.000065 0.000006 0.049347 0.007620 1.707387
0.942741 0.000118 0.000127 0.000066 0.000005 0.049322 0.007620 1.707402
0.942781 0.000110 0.000131 0.000064 0.000005 0.049288 0.007620 1.707418
0.942813 0.000109 0.000131 0.000063 0.000004 0.049258 0.007620 1.707432
0.942844 0.000114 0.000125 0.000062 0.000004 0.049231 0.007620 1.707441
0.942873 0.000117 0.000126 0.000064 0.000004 0.049196 0.007620 1.707453
0.942910 0.000116 0.000122 0.000061 0.000003 0.049168 0.007620 1.707463
0.942943 0.000115 0.000122 0.000061 0.000003 0.049136 0.007620 1.707474
0.942973 0.000114 0.000119 0.000061 0.000003 0.049110 0.007620 1.707485
0.943005 0.000115 0.000113 0.000057 0.000003 0.049086 0.007620 1.707493
0.943037 0.000110 0.000117 0.000058 0.000002 0.049054 0.007621 1.707509
0.943066 0.000113 0.000114 0.000059 0.000003 0.049024 0.007621 1.707516
0.943099 0.000118 0.000114 0.000057 0.000002 0.048989 0.007621 1.707524
0.943127 0.000112 0.000116 0.000058 0.000002 0.048963 0.007621 1.707537
0.943151 0.000116 0.000115 0.000060 0.000002 0.048935 0.007621 1.707551
0.943186 0.000119 0.000107 0.000059 0.000002 0.048906 0.007621 1.707557
0.943215 0.000119 0.000106 0.000060 0.000001 0.048877 0.007621 1.707569
0.943248 0.000118 0.000103 0.000061 0.000001 0.048848 0.007621 1.707581
0.943276 0.000120 0.000102 0.000062 0.000001 0.048818 0.007621 1.707591
0.943308 0.000121 0.000097 0.000062 0.000002 0.048790 0.007621 1.707602
0.943337 0.000119 0.000099 0.000065 0.000002 0.048756 0.007621 1.707616
0.943370 0.000116 0.000104 0.000066 0.000003 0.048720 0.007621 1.707631
0.943395 0.000116 0.000108 0.000065 0.000003 0.048692 0.007621 1.707643
0.943416 0.000115 0.000108 0.000064 0.000003 0.048674 0.007621 1.707655
0.943444 0.000111 0.000109 0.000060 0.000003 0.048652 0.007621 1.707667
0.943474 0.000110 0.000109 0.000061 0.000003 0.048621 0.007621 1.707678
0.943505 0.000110 0.000112 0.000062 0.000004 0.048586 0.007621 1.707688
0.943533 0.000106 0.000115 0.000060 0.000004 0.048560 0.007621 1.707700
0.943556 0.000107 0.000116 0.000061 0.000004 0.048536 0.007621 1.707711
0.943577 0.000106 0.000115 0.000056 0.000004 0.048520 0.007621 1.707720
0.943599 0.000102 0.000113 0.000058 0.000004 0.048503 0.007621 1.707732
0.943620 0.000102 0.000115 0.000058 0.000005 0.048479 0.007621 1.707743
0.943635 0.000103 0.000116 0.000054 0.000005 0.048466 0.007621 1.707755
0.943660 0.000102 0.000113 0.000053 0.000005 0.048445 0.007621 1.707764
0.943680 0.000098 0.000114 0.000052 0.000005 0.048429 0.007621 1.707779
0.943693 0.000104 0.000115 0.000053 0.000005 0.048408 0.007621 1.707789
0.943717 0.000103 0.000111 0.000054 0.000004 0.048390 0.007621 1.707798
0.943744 0.000098 0.000110 0.000056 0.000004 0.048366 0.007621 1.707810
0.943768 0.000093 0.000111 0.000056 0.000004 0.048346 0.007621 1.707824
0.943789 0.000093 0.000111 0.000057 0.000004 0.048324 0.007621 1.707833
0.943813 0.000092 0.000108 0.000055 0.000004 0.048307 0.007621 1.707840
0.943837 0.000092 0.000104 0.000053 0.000004 0.048288 0.007621 1.707850
0.943856 0.000095 0.000101 0.000052 0.000004 0.048271 0.007621 1.707860
0.943883 0.000088 0.000097 0.000054 0.000004 0.048253 0.007621 1.707871
0.943903 0.000089 0.000098 0.000051 0.000003 0.048233 0.007622 1.707878
0.943923 0.000091 0.000099 0.000048 0.000003 0.048212 0.007622 1.707887
0.943941 0.000096 0.000097 0.000049 0.000003 0.048192 0.007622 1.707894
0.943959 0.000102 0.000091 0.000047 0.000003 0.048176 0.007622 1.707900
0.943975 0.000100 0.000095 0.000048 0.000003 0.048155 0.007622 1.707914
0.943997 0.000100 0.000098 0.000048 0.000003 0.048131 0.007622 1.707926
0.944005 0.000105 0.000095 0.000048 0.000003 0.048122 0.007622 1.707935
0.944024 0.000102 0.000097 0.000050 0.000003 0.048101 0.007622 1.707944
0.944037 0.000101 0.000098 0.000050 0.000003 0.048090 0.007622 1.707955
0.944057 0.000097 0.000099 0.000050 0.000003 0.048072 0.007622 1.707968
0.944071 0.000094 0.000101 0.000047 0.000004 0.048064 0.007622 1.707979
0.944086 0.000089 0.000097 0.000048 0.000004 0.048052 0.007622 1.707991
0.944094 0.000094 0.000097 0.000047 0.000004 0.048043 0.007622 1.707999
0.944109 0.000096 0.000094 0.000042 0.000004 0.048035 0.007622 1.708005
0.944125 0.000101 0.000092 0.000040 0.000003 0.048017 0.007622 1.708012
0.944134 0.000105 0.000092 0.000040 0.000003 0.048003 0.007622 1.708020
0.944140 0.000101 0.000097 0.000043 0.000003 0.047994 0.007622 1.708035
0.944153 0.000097 0.000096 0.000044 0.000003 0.047986 0.007622 1.708046
0.944165 0.000101 0.000097 0.000043 0.000003 0.047969 0.007622 1.708056
0.944178 0.000098 0.000098 0.000041 0.000003 0.047961 0.007622 1.708064
0.944191 0.000100 0.000095 0.000040 0.000003 0.047949 0.007622 1.708072
0.944197 0.000103 0.000097 0.000038 0.000003 0.047942 0.007622 1.708079
0.944209 0.000104 0.000097 0.000038 0.000003 0.047928 0.007622 1.708087
0.944217 0.000105 0.000097 0.000039 0.000003 0.047919 0.007622 1.708099
0.944229 0.000099 0.000095 0.000037 0.000003 0.047915 0.007622 1.708109
0.944243 0.000099 0.000095 0.000036 0.000003 0.047903 0.007622 1.708116
0.944251 0.000100 0.000096 0.000038 0.000003 0.047892 0.007622 1.708125
0.944261 0.000097 0.000099 0.000040 0.000003 0.047877 0.007622 1.708138
0.944271 0.000102 0.000095 0.000042 0.000003 0.047865 0.007622 1.708147
0.944282 0.000097 0.000101 0.000042 0.000003 0.047854 0.007622 1.708159
0.944291 0.000096 0.000099 0.000044 0.000003 0.047846 0.007622 1.708168
0.944299 0.000097 0.000099 0.000044 0.000003 0.047837 0.007622 1.708178
0.944309 0.000093 0.000098 0.000044 0.000003 0.047830 0.007622 1.708188
0.944317 0.000097 0.000096 0.000044 0.000003 0.047821 0.007622 1.708196
0.944328 0.000093 0.000095 0.000047 0.000003 0.047812 0.007622 1.708208
0.944333 0.000094 0.000093 0.000048 0.000003 0.047807 0.007622 1.708217
0.944336 0.000093 0.000092 0.000048 0.000003 0.047806 0.007622 1.708229
0.944346 0.000090 0.000096 0.000045 0.000003 0.047799 0.007622 1.708239
0.944348 0.000095 0.000098 0.000044 0.000003 0.047789 0.007622 1.708246
0.944358 0.000094 0.000099 0.000045 0.000003 0.047779 0.007622 1.708256
0.944365 0.000091 0.000098 0.000046 0.000003 0.047775 0.007622 1.708266
0.944371 0.000091 0.000099 0.000048 0.000003 0.047766 0.007622 1.708275
0.944373 0.000089 0.000099 0.000049 0.000003 0.047765 0.007622 1.708284
0.944380 0.000087 0.000097 0.000051 0.000003 0.047760 0.007622 1.708294
0.944386 0.000087 0.000101 0.000049 0.000003 0.047752 0.007622 1.708303
0.944394 0.000083 0.000102 0.000051 0.000003 0.047745 0.007622 1.708314
0.944396 0.000082 0.000104 0.000050 0.000004 0.047742 0.007622 1.708325
0.944405 0.000083 0.000100 0.000048 0.000004 0.047737 0.007622 1.708332
0.944416 0.000082 0.000095 0.000049 0.000004 0.047731 0.007622 1.708340
0.944428 0.000079 0.000096 0.000048 0.000004 0.047722 0.007622 1.708349
0.944435 0.000075 0.000095 0.000050 0.000004 0.047719 0.007622 1.708359
0.944440 0.000076 0.000093 0.000048 0.000004 0.047717 0.007622 1.708367
0.944443 0.000080 0.000092 0.000048 0.000004 0.047712 0.007622 1.708374
0.944444 0.000084 0.000089 0.000046 0.000004 0.047712 0.007622 1.708379
0.944448 0.000086 0.000089 0.000047 0.000005 0.047703 0.007622 1.708387
0.944458 0.000084 0.000090 0.000047 0.000005 0.047693 0.007622 1.708398
0.944461 0.000088 0.000089 0.000045 0.000005 0.047690 0.007622 1.708404
0.944465 0.000088 0.000087 0.000045 0.000005 0.047688 0.007622 1.708414
0.944472 0.000087 0.000085 0.000046 0.000005 0.047684 0.007622 1.708423
0.944475 0.000090 0.000084 0.000046 0.000005 0.047679 0.007622 1.708431
0.944478 0.000091 0.000085 0.000047 0.000005 0.047674 0.007622 1.708441
0.944491 0.000082 0.000086 0.000048 0.000005 0.047666 0.007622 1.708455
0.944495 0.000085 0.000087 0.000046 0.000005 0.047661 0.007622 1.708463
0.944503 0.000078 0.000091 0.000044 0.000005 0.047657 0.007622 1.708473
0.944506 0.000076 0.000092 0.000044 0.000004 0.047655 0.007622 1.708481
0.944517 0.000073 0.000088 0.000044 0.000004 0.047652 0.007622 1.708488
0.944524 0.000071 0.000083 0.000044 0.000004 0.047652 0.007622 1.708496
0.944529 0.000070 0.000085 0.000044 0.000004 0.047648 0.007622 1.708503
0.944531 0.000070 0.000084 0.000044 0.000003 0.047645 0.007622 1.708511
0.944539 0.000065 0.000086 0.000043 0.000003 0.047641 0.007622 1.708521
0.944544 0.000064 0.000086 0.000042 0.000003 0.047638 0.007622 1.708528
0.944550 0.000065 0.000084 0.000045 0.000003 0.047630 0.007622 1.708536
0.944560 0.000064 0.000084 0.000042 0.000003 0.047623 0.007622 1.708540
0.944566 0.000064 0.000081 0.000044 0.000004 0.047620 0.007622 1.708547
0.944570 0.000062 0.000083 0.000042 0.000004 0.047617 0.007622 1.708555
0.944578 0.000061 0.000083 0.000041 0.000004 0.047611 0.007622 1.708560
0.944584 0.000059 0.000084 0.000038 0.000004 0.047610 0.007622 1.708566
0.944586 0.000061 0.000084 0.000037 0.000004 0.047606 0.007622 1.708572
0.944594 0.000059 0.000081 0.000037 0.000004 0.047603 0.007622 1.708577
0.944603 0.000056 0.000080 0.000037 0.000004 0.047598 0.007622 1.708585
0.944612 0.000055 0.000074 0.000039 0.000004 0.047594 0.007622 1.708590
0.944615 0.000056 0.000075 0.000039 0.000004 0.047589 0.007622 1.708596
0.944620 0.000056 0.000073 0.000036 0.000004 0.047588 0.007622 1.708600
0.944627 0.000057 0.000072 0.000036 0.000004 0.047581 0.007622 1.708607
0.944631 0.000053 0.000074 0.000036 0.000004 0.047578 0.007622 1.708615
0.944644 0.000050 0.000074 0.000038 0.000004 0.047569 0.007622 1.708624
0.944655 0.000051 0.000072 0.000037 0.000004 0.047559 0.007622 1.708628
0.944663 0.000047 0.000071 0.000038 0.000004 0.047556 0.007622 1.708635
0.944664 0.000049 0.000070 0.000036 0.000004 0.047554 0.007622 1.708641
0.944671 0.000049 0.000066 0.000034 0.000004 0.047553 0.007622 1.708644
0.944680 0.000047 0.000063 0.000037 0.000004 0.047548 0.007622 1.708651
0.944686 0.000047 0.000063 0.000038 0.000004 0.047541 0.007622 1.708657
0.944690 0.000046 0.000060 0.000036 0.000004 0.047542 0.007622 1.708663
0.944700 0.000043 0.000059 0.000035 0.000004 0.047537 0.007622 1.708668
0.944709 0.000043 0.000058 0.000037 0.000004 0.047528 0.007622 1.708673
0.944713 0.000046 0.000054 0.000036 0.000004 0.047525 0.007622 1.708675
0.944719 0.000046 0.000053 0.000037 0.000004 0.047521 0.007622 1.708679
0.944724 0.000044 0.000053 0.000035 0.000004 0.047519 0.007622 1.708686
0.944734 0.000040 0.000054 0.000034 0.000004 0.047511 0.007622 1.708693
0.944738 0.000042 0.000051 0.000031 0.000004 0.047511 0.007622 1.708696
0.944746 0.000044 0.000049 0.000031 0.000004 0.047503 0.007622 1.708698
0.944749 0.000045 0.000048 0.000030 0.000004 0.047502 0.007622 1.708700
0.944762 0.000044 0.000047 0.000032 0.000003 0.047489 0.007623 1.708705
0.944769 0.000042 0.000050 0.000030 0.000003 0.047484 0.007623 1.708710
0.944775 0.000042 0.000051 0.000029 0.000002 0.047479 0.007623 1.708714
0.944778 0.000042 0.000053 0.000027 0.000002 0.047475 0.007623 1.708720
0.944790 0.000042 0.000051 0.000023 0.000002 0.047468 0.007623 1.708723
0.944800 0.000043 0.000051 0.000023 0.000002 0.047459 0.007623 1.708726
0.944805 0.000043 0.000053 0.000021 0.000002 0.047454 0.007623 1.708732
0.944811 0.000043 0.000053 0.000022 0.000002 0.047447 0.007623 1.708736
0.944820 0.000044 0.000052 0.000022 0.000001 0.047438 0.007623 1.708740
0.944824 0.000046 0.000051 0.000020 0.000001 0.047435 0.007623 1.708745
0.944831 0.000044 0.000052 0.000021 0.000001 0.047428 0.007623 1.708750
0.944839 0.000041 0.000049 0.000023 0.000001 0.047424 0.007623 1.708755
0.944845 0.000039 0.000048 0.000025 0.000001 0.047419 0.007623 1.708759
0.944850 0.000039 0.000047 0.000024 0.000000 0.047415 0.007623 1.708763
0.944856 0.000039 0.000045 0.000024 0.000000 0.047412 0.007623 1.708765
0.944862 0.000040 0.000044 0.000024 0.000000 0.047406 0.007623 1.708770
0.944870 0.000041 0.000044 0.000022 0.000001 0.047398 0.007623 1.708773
0.944877 0.000041 0.000045 0.000023 0.000001 0.047390 0.007623 1.708778
0.944880 0.000039 0.000046 0.000024 0.000001 0.047386 0.007623 1.708786
0.944884 0.000037 0.000045 0.000026 0.000001 0.047384 0.007623 1.708792
0.944889 0.000037 0.000044 0.000028 0.000001 0.047378 0.007623 1.708796
0.944893 0.000041 0.000042 0.000026 0.000001 0.047374 0.007623 1.708797
0.944899 0.000041 0.000044 0.000024 0.000001 0.047369 0.007623 1.708801
0.944902 0.000040 0.000044 0.000022 0.000001 0.047369 0.007623 1.708807
0.944905 0.000040 0.000045 0.000022 0.000001 0.047364 0.007623 1.708811
0.944911 0.000040 0.000044 0.000021 0.000001 0.047361 0.007623 1.708816
0.944916 0.000038 0.000043 0.000021 0.000001 0.047358 0.007623 1.708820
0.944918 0.000036 0.000041 0.000024 0.000001 0.047357 0.007623 1.708825
0.944923 0.000038 0.000039 0.000024 0.000001 0.047352 0.007623 1.708827
0.944931 0.000036 0.000040 0.000024 0.000001 0.047344 0.007623 1.708831
0.944935 0.000038 0.000038 0.000022 0.000001 0.047344 0.007623 1.708834
0.944938 0.000039 0.000038 0.000021 0.000001 0.047340 0.007623 1.708838
0.944937 0.000038 0.000039 0.000021 0.000001 0.047341 0.007623 1.708844
0.944940 0.000037 0.000040 0.000022 0.000001 0.047337 0.007623 1.708850
0.944944 0.000037 0.000039 0.000022 0.000001 0.047333 0.007623 1.708854
0.944942 0.000039 0.000040 0.000023 0.000001 0.047332 0.007623 1.708859
0.944941 0.000039 0.000042 0.000022 0.000001 0.047331 0.007623 1.708864
0.944943 0.000040 0.000041 0.000023 0.000002 0.047329 0.007623 1.708869
0.944945 0.000040 0.000042 0.000023 0.000001 0.047326 0.007623 1.708873
0.944948 0.000040 0.000042 0.000020 0.000001 0.047324 0.007623 1.708877
0.944949 0.000042 0.000042 0.000021 0.000001 0.047322 0.007623 1.708881
0.944952 0.000043 0.000041 0.000020 0.000001 0.047320 0.007623 1.708883
0.944954 0.000044 0.000038 0.000018 0.000001 0.047323 0.007623 1.708886
0.944956 0.000044 0.000038 0.000019 0.000001 0.047318 0.007623 1.708890
0.944958 0.000044 0.000038 0.000021 0.000001 0.047315 0.007623 1.708895
0.944962 0.000041 0.000039 0.000019 0.000001 0.047316 0.007623 1.708899
0.944964 0.000041 0.000040 0.000019 0.000001 0.047313 0.007623 1.708904
0.944966 0.000041 0.000039 0.000018 0.000001 0.047312 0.007623 1.708909
0.944970 0.000040 0.000039 0.000019 0.000001 0.047306 0.007623 1.708913
0.944972 0.000040 0.000040 0.000018 0.000001 0.047307 0.007623 1.708917
0.944973 0.000041 0.000041 0.000017 0.000001 0.047306 0.007623 1.708920
0.944974 0.000043 0.000038 0.000016 0.000001 0.047306 0.007623 1.708922
0.944975 0.000043 0.000039 0.000016 0.000001 0.047302 0.007623 1.708926
0.944974 0.000045 0.000040 0.000017 0.000001 0.047300 0.007623 1.708930
0.944977 0.000045 0.000038 0.000016 0.000001 0.047300 0.007623 1.708933
0.944983 0.000041 0.000042 0.000016 0.000001 0.047294 0.007623 1.708939
0.944986 0.000041 0.000042 0.000015 0.000001 0.047292 0.007623 1.708943
0.944987 0.000039 0.000040 0.000016 0.000002 0.047295 0.007623 1.708948
0.944987 0.000039 0.000041 0.000015 0.000000 0.047294 0.007624 1.708952
0.944989 0.000041 0.000040 0.000016 0.000000 0.047289 0.007624 1.708953
0.944992 0.000042 0.000041 0.000014 0.000000 0.047287 0.007624 1.708956
0.944994 0.000043 0.000037 0.000014 0.000000 0.047288 0.007624 1.708959
0.944994 0.000042 0.000039 0.000015 0.000000 0.047285 0.007624 1.708963
0.944994 0.000040 0.000040 0.000017 0.000000 0.047286 0.007624 1.708970
0.944996 0.000037 0.000041 0.000018 0.000000 0.047284 0.007624 1.708975
0.944995 0.000038 0.000043 0.000018 0.000000 0.047282 0.007624 1.708979
0.944999 0.000035 0.000041 0.000018 0.000000 0.047282 0.007624 1.708984
0.945009 0.000031 0.000041 0.000018 0.000000 0.047278 0.007624 1.708988
0.945012 0.000032 0.000038 0.000016 0.000000 0.047277 0.007624 1.708989
0.945014 0.000031 0.000040 0.000017 0.000000 0.047274 0.007624 1.708993
0.945019 0.000031 0.000039 0.000015 0.000001 0.047271 0.007624 1.708995
