0.328581 0.063996 0.057076 0.032593 0.002241 0.509322 0.006191 1.662629
0.329950 0.062836 0.056939 0.032485 0.002241 0.509327 0.006224 1.668764
0.331619 0.061466 0.056780 0.032293 0.002231 0.509359 0.006253 1.674764
0.333567 0.059892 0.056548 0.032190 0.002234 0.509283 0.006285 1.680700
0.335734 0.058317 0.056245 0.031857 0.002226 0.509305 0.006317 1.686479
0.338126 0.056625 0.055911 0.031583 0.002237 0.509183 0.006335 1.692157
0.340576 0.055073 0.055495 0.031278 0.002245 0.508970 0.006363 1.697644
0.343191 0.053469 0.054983 0.030934 0.002223 0.508807 0.006393 1.702949
0.345815 0.052049 0.054349 0.030629 0.002234 0.508507 0.006416 1.708113
0.348572 0.050599 0.053713 0.030300 0.002238 0.508134 0.006446 1.713198
0.351410 0.049200 0.053050 0.029871 0.002227 0.507770 0.006473 1.718131
0.354125 0.048060 0.052336 0.029384 0.002214 0.507376 0.006504 1.722849
0.357103 0.046863 0.051728 0.028957 0.002206 0.506611 0.006532 1.727501
0.359921 0.045735 0.050993 0.028460 0.002183 0.506153 0.006556 1.732016
0.362910 0.044706 0.050233 0.027997 0.002176 0.505394 0.006583 1.736448
0.365991 0.043712 0.049404 0.027592 0.002162 0.504530 0.006609 1.740747
0.368883 0.042844 0.048567 0.027136 0.002146 0.503786 0.006636 1.744966
0.371862 0.042043 0.047767 0.026698 0.002131 0.502833 0.006666 1.749091
0.374976 0.041226 0.047042 0.026191 0.002113 0.501758 0.006694 1.753145
0.378161 0.040399 0.046256 0.025768 0.002107 0.500593 0.006716 1.757211
0.381127 0.039679 0.045422 0.025395 0.002094 0.499542 0.006742 1.761140
0.384203 0.039080 0.044582 0.024991 0.002067 0.498310 0.006767 1.764938
0.387242 0.038397 0.043847 0.024578 0.002046 0.497095 0.006796 1.768753
0.390316 0.037758 0.043132 0.024199 0.002032 0.495746 0.006817 1.772542
0.393312 0.037232 0.042508 0.023781 0.002009 0.494312 0.006847 1.776258
0.396217 0.036899 0.041689 0.023418 0.001989 0.492916 0.006872 1.779839
0.399237 0.036383 0.041081 0.023104 0.001960 0.491332 0.006903 1.783462
0.402271 0.036003 0.040454 0.022789 0.001935 0.489618 0.006930 1.787036
0.405302 0.035556 0.039862 0.022482 0.001918 0.487927 0.006953 1.790573
0.408181 0.035221 0.039288 0.022211 0.001891 0.486231 0.006977 1.794091
0.411130 0.034898 0.038746 0.021892 0.001874 0.484456 0.007004 1.797515
0.414079 0.034519 0.038273 0.021566 0.001841 0.482688 0.007034 1.800998
0.416945 0.034246 0.037675 0.021211 0.001826 0.481044 0.007054 1.804361
0.419945 0.033964 0.037144 0.020901 0.001805 0.479163 0.007078 1.807691
0.422855 0.033673 0.036605 0.020569 0.001788 0.477410 0.007100 1.810990
0.425699 0.033472 0.036070 0.020308 0.001772 0.475553 0.007126 1.814271
0.428595 0.033292 0.035671 0.020093 0.001739 0.473459 0.007152 1.817584
0.431395 0.033078 0.035294 0.019878 0.001706 0.471472 0.007178 1.820880
0.434234 0.032947 0.034775 0.019607 0.001699 0.469539 0.007200 1.824090
0.437048 0.032865 0.034286 0.019399 0.001689 0.467498 0.007215 1.827254
0.439726 0.032863 0.033816 0.019162 0.001672 0.465529 0.007233 1.830430
0.442451 0.032636 0.033494 0.018954 0.001644 0.463560 0.007261 1.833685
0.445044 0.032626 0.033182 0.018722 0.001628 0.461511 0.007288 1.836851
0.447653 0.032638 0.032833 0.018524 0.001610 0.459434 0.007308 1.839984
0.450218 0.032648 0.032549 0.018373 0.001595 0.457294 0.007325 1.843175
0.452726 0.032691 0.032304 0.018178 0.001589 0.455168 0.007343 1.846361
0.455214 0.032666 0.032017 0.018100 0.001579 0.453060 0.007363 1.849612
0.457699 0.032557 0.031781 0.017960 0.001566 0.451055 0.007381 1.852831
0.460134 0.032481 0.031606 0.017852 0.001538 0.448988 0.007399 1.856109
0.462412 0.032641 0.031374 0.017745 0.001525 0.446885 0.007418 1.859248
0.464728 0.032717 0.031140 0.017649 0.001511 0.444817 0.007438 1.862446
0.466919 0.032901 0.030956 0.017577 0.001479 0.442709 0.007460 1.865632
0.469220 0.032847 0.030846 0.017485 0.001464 0.440660 0.007478 1.868918
0.471409 0.032943 0.030784 0.017417 0.001457 0.438494 0.007497 1.872177
0.473541 0.033025 0.030680 0.017309 0.001451 0.436478 0.007516 1.875407
0.475600 0.033146 0.030647 0.017191 0.001429 0.434450 0.007537 1.878652
0.477627 0.033288 0.030583 0.017144 0.001410 0.432396 0.007552 1.881891
0.479650 0.033478 0.030453 0.017085 0.001398 0.430370 0.007567 1.885078
0.481655 0.033613 0.030368 0.017076 0.001373 0.428331 0.007584 1.888382
0.483499 0.033653 0.030325 0.017022 0.001360 0.426539 0.007601 1.891705
0.485355 0.033841 0.030236 0.016964 0.001344 0.424638 0.007621 1.894986
0.487154 0.034119 0.030088 0.016918 0.001343 0.422743 0.007635 1.898192
0.488804 0.034304 0.030044 0.016919 0.001337 0.420942 0.007651 1.901534
0.490534 0.034460 0.029920 0.016950 0.001330 0.419136 0.007668 1.904919
0.492221 0.034681 0.029951 0.016877 0.001321 0.417268 0.007681 1.908283
0.493840 0.034788 0.030013 0.016963 0.001307 0.415393 0.007695 1.911743
0.495530 0.034990 0.030076 0.017004 0.001309 0.413383 0.007708 1.915113
0.497035 0.035194 0.030101 0.017026 0.001295 0.411625 0.007725 1.918582
0.498566 0.035360 0.030194 0.017061 0.001274 0.409797 0.007748 1.922050
0.499920 0.035496 0.030269 0.017090 0.001257 0.408202 0.007766 1.925548
0.501259 0.035776 0.030293 0.017133 0.001241 0.406516 0.007783 1.929007
0.502565 0.036038 0.030312 0.017141 0.001241 0.404904 0.007799 1.932471
0.503840 0.036269 0.030391 0.017218 0.001238 0.403233 0.007812 1.936040
0.505133 0.036443 0.030547 0.017260 0.001228 0.401560 0.007828 1.939607
0.506306 0.036658 0.030566 0.017361 0.001218 0.400045 0.007846 1.943206
0.507457 0.036910 0.030593 0.017375 0.001205 0.398602 0.007859 1.946751
0.508502 0.037190 0.030715 0.017406 0.001205 0.397110 0.007873 1.950345
0.509630 0.037371 0.030870 0.017492 0.001202 0.395548 0.007886 1.954030
0.510680 0.037677 0.030973 0.017545 0.001178 0.394045 0.007903 1.957655
0.511673 0.037885 0.031134 0.017622 0.001184 0.392584 0.007918 1.961364
0.512617 0.038156 0.031290 0.017655 0.001176 0.391172 0.007934 1.965054
0.513573 0.038372 0.031452 0.017733 0.001180 0.389742 0.007948 1.968748
0.514415 0.038546 0.031642 0.017876 0.001180 0.388380 0.007962 1.972540
0.515270 0.038766 0.031811 0.017976 0.001172 0.387031 0.007974 1.976336
0.516069 0.038907 0.032091 0.018089 0.001160 0.385695 0.007990 1.980206
0.516650 0.039201 0.032195 0.018183 0.001164 0.384603 0.008005 1.984078
0.517548 0.039346 0.032407 0.018271 0.001170 0.383241 0.008018 1.987925
0.518178 0.039646 0.032519 0.018412 0.001172 0.382040 0.008032 1.991768
0.518879 0.039833 0.032717 0.018509 0.001168 0.380848 0.008046 1.995633
0.519539 0.040033 0.032889 0.018584 0.001171 0.379724 0.008059 1.999584
0.520072 0.040302 0.033063 0.018661 0.001166 0.378660 0.008077 2.003491
0.520747 0.040495 0.033217 0.018714 0.001162 0.377569 0.008096 2.007400
0.521300 0.040584 0.033423 0.018803 0.001157 0.376624 0.008110 2.011432
0.521901 0.040739 0.033620 0.018851 0.001156 0.375606 0.008128 2.015430
0.522439 0.040837 0.033814 0.018958 0.001152 0.374659 0.008141 2.019435
0.522889 0.041117 0.033891 0.019085 0.001146 0.373714 0.008159 2.023378
0.523252 0.041355 0.034061 0.019164 0.001151 0.372848 0.008167 2.027378
0.523584 0.041539 0.034270 0.019245 0.001145 0.372033 0.008184 2.031458
0.523842 0.041870 0.034396 0.019315 0.001143 0.371236 0.008199 2.035504
0.524200 0.041941 0.034512 0.019465 0.001144 0.370527 0.008213 2.039701
0.524727 0.041920 0.034739 0.019546 0.001139 0.369704 0.008225 2.043863
0.525106 0.042078 0.034909 0.019616 0.001146 0.368913 0.008233 2.047956
0.525490 0.042211 0.034917 0.019738 0.001144 0.368248 0.008252 2.052052
0.525785 0.042324 0.035161 0.019852 0.001142 0.367468 0.008270 2.056193
0.526136 0.042467 0.035271 0.019881 0.001142 0.366819 0.008284 2.060310
0.526467 0.042518 0.035402 0.019945 0.001142 0.366231 0.008296 2.064485
0.526787 0.042543 0.035541 0.020029 0.001145 0.365644 0.008311 2.068668
0.527061 0.042705 0.035656 0.020065 0.001142 0.365038 0.008332 2.072810
0.527363 0.042832 0.035877 0.020079 0.001146 0.364359 0.008344 2.076962
0.527479 0.043053 0.035992 0.020091 0.001153 0.363878 0.008355 2.081109
0.527682 0.043250 0.036021 0.020164 0.001149 0.363366 0.008368 2.085246
0.527924 0.043353 0.036176 0.020255 0.001166 0.362747 0.008379 2.089433
0.528246 0.043414 0.036308 0.020362 0.001158 0.362117 0.008395 2.093666
0.528413 0.043421 0.036560 0.020453 0.001158 0.361584 0.008411 2.097947
0.528604 0.043501 0.036637 0.020583 0.001144 0.361107 0.008425 2.102204
0.528756 0.043579 0.036738 0.020592 0.001161 0.360737 0.008438 2.106456
0.528990 0.043553 0.036926 0.020659 0.001166 0.360253 0.008454 2.110806
0.529219 0.043629 0.037019 0.020707 0.001184 0.359776 0.008466 2.115087
0.529388 0.043654 0.037083 0.020718 0.001193 0.359478 0.008486 2.119347
0.529553 0.043663 0.037248 0.020800 0.001197 0.359040 0.008498 2.123692
0.529705 0.043693 0.037298 0.020859 0.001206 0.358727 0.008513 2.127974
0.529891 0.043671 0.037392 0.020913 0.001211 0.358400 0.008523 2.132259
0.530078 0.043626 0.037492 0.020988 0.001206 0.358074 0.008536 2.136598
0.530247 0.043622 0.037440 0.021040 0.001208 0.357895 0.008549 2.140898
0.530503 0.043622 0.037424 0.021083 0.001218 0.357588 0.008563 2.145188
0.530670 0.043725 0.037506 0.021141 0.001215 0.357163 0.008581 2.149398
0.530978 0.043715 0.037552 0.021117 0.001220 0.356821 0.008596 2.153622
0.531051 0.043773 0.037663 0.021160 0.001224 0.356516 0.008612 2.157910
0.531245 0.043687 0.037753 0.021207 0.001221 0.356258 0.008630 2.162229
0.531286 0.043755 0.037829 0.021268 0.001229 0.355988 0.008645 2.166547
0.531412 0.043826 0.037877 0.021303 0.001232 0.355687 0.008664 2.170809
0.531646 0.043796 0.037905 0.021326 0.001224 0.355424 0.008679 2.175132
0.531765 0.043844 0.037958 0.021339 0.001236 0.355167 0.008692 2.179417
0.531863 0.043933 0.038026 0.021366 0.001240 0.354860 0.008714 2.183640
0.532106 0.043888 0.038143 0.021368 0.001242 0.354523 0.008730 2.187962
0.532203 0.043882 0.038243 0.021386 0.001236 0.354305 0.008746 2.192255
0.532305 0.043869 0.038181 0.021400 0.001233 0.354253 0.008759 2.196563
0.532468 0.043897 0.038164 0.021343 0.001235 0.354119 0.008774 2.200776
0.532598 0.043870 0.038209 0.021351 0.001227 0.353950 0.008795 2.205099
0.532788 0.043817 0.038123 0.021395 0.001235 0.353835 0.008808 2.209337
0.532883 0.043759 0.038157 0.021438 0.001241 0.353701 0.008822 2.213655
0.532911 0.043765 0.038235 0.021376 0.001241 0.353637 0.008835 2.217956
0.533073 0.043734 0.038295 0.021382 0.001246 0.353418 0.008851 2.222238
0.533188 0.043612 0.038371 0.021349 0.001244 0.353366 0.008870 2.226574
0.533405 0.043526 0.038461 0.021265 0.001235 0.353223 0.008887 2.230837
0.533507 0.043558 0.038376 0.021311 0.001237 0.353105 0.008906 2.235065
0.533616 0.043509 0.038395 0.021316 0.001230 0.353011 0.008924 2.239391
0.533820 0.043438 0.038432 0.021314 0.001231 0.352831 0.008935 2.243690
0.534101 0.043358 0.038381 0.021376 0.001228 0.352604 0.008952 2.247976
0.534224 0.043460 0.038290 0.021372 0.001244 0.352447 0.008962 2.252146
0.534429 0.043443 0.038357 0.021375 0.001238 0.352174 0.008985 2.256385
0.534642 0.043412 0.038400 0.021287 0.001246 0.352011 0.009002 2.260608
0.534737 0.043486 0.038357 0.021268 0.001245 0.351889 0.009019 2.264812
0.534878 0.043534 0.038350 0.021246 0.001255 0.351705 0.009032 2.269061
0.535071 0.043474 0.038345 0.021200 0.001256 0.351610 0.009043 2.273272
0.535308 0.043338 0.038387 0.021182 0.001249 0.351479 0.009057 2.277558
0.535503 0.043264 0.038354 0.021207 0.001252 0.351345 0.009075 2.281820
0.535850 0.043114 0.038362 0.021184 0.001261 0.351141 0.009090 2.286043
0.536011 0.043208 0.038273 0.021120 0.001256 0.351023 0.009108 2.290160
0.536096 0.043175 0.038234 0.021132 0.001264 0.350977 0.009123 2.294384
0.536172 0.043145 0.038252 0.021160 0.001255 0.350880 0.009137 2.298636
0.536324 0.043119 0.038284 0.021148 0.001259 0.350717 0.009149 2.302887
0.536664 0.043004 0.038259 0.021143 0.001258 0.350504 0.009170 2.307113
0.536924 0.042892 0.038257 0.021184 0.001268 0.350299 0.009178 2.311337
0.537181 0.042857 0.038236 0.021153 0.001271 0.350112 0.009189 2.315525
0.537315 0.042828 0.038205 0.021133 0.001270 0.350045 0.009207 2.319745
0.537426 0.042835 0.038277 0.021031 0.001267 0.349941 0.009223 2.323936
0.537660 0.042766 0.038247 0.021000 0.001267 0.349824 0.009237 2.328134
0.537894 0.042665 0.038269 0.020970 0.001258 0.349696 0.009249 2.332352
0.538150 0.042724 0.038245 0.020845 0.001269 0.349505 0.009263 2.336469
0.538345 0.042655 0.038205 0.020854 0.001277 0.349388 0.009278 2.340683
0.538705 0.042577 0.038084 0.020902 0.001275 0.349166 0.009292 2.344829
0.538943 0.042498 0.038205 0.020841 0.001274 0.348932 0.009308 2.349060
0.539144 0.042510 0.038138 0.020806 0.001274 0.348802 0.009325 2.353195
0.539449 0.042338 0.038126 0.020800 0.001268 0.348679 0.009340 2.357412
0.539681 0.042278 0.038107 0.020820 0.001260 0.348497 0.009357 2.361581
0.539914 0.042264 0.038025 0.020813 0.001256 0.348355 0.009374 2.365710
0.540145 0.042181 0.037985 0.020854 0.001257 0.348190 0.009389 2.369881
0.540498 0.042021 0.037862 0.020831 0.001251 0.348129 0.009409 2.374006
0.540798 0.041969 0.037813 0.020778 0.001254 0.347966 0.009423 2.378097
0.541212 0.041833 0.037742 0.020753 0.001250 0.347774 0.009436 2.382167
0.541535 0.041822 0.037649 0.020784 0.001237 0.347521 0.009453 2.386248
0.541785 0.041917 0.037551 0.020788 0.001238 0.347249 0.009473 2.390273
0.541993 0.041888 0.037585 0.020744 0.001263 0.347039 0.009488 2.394411
0.542230 0.041856 0.037537 0.020736 0.001255 0.346882 0.009505 2.398522
0.542472 0.041769 0.037500 0.020753 0.001256 0.346732 0.009518 2.402667
0.542727 0.041698 0.037491 0.020786 0.001257 0.346506 0.009535 2.406801
0.543133 0.041614 0.037460 0.020797 0.001247 0.346196 0.009552 2.410893
0.543350 0.041568 0.037450 0.020761 0.001251 0.346055 0.009566 2.414987
0.543629 0.041577 0.037466 0.020699 0.001247 0.345798 0.009585 2.419040
0.543829 0.041681 0.037370 0.020692 0.001251 0.345575 0.009602 2.423065
0.544078 0.041570 0.037371 0.020707 0.001235 0.345419 0.009620 2.427183
0.544334 0.041598 0.037264 0.020710 0.001236 0.345225 0.009633 2.431238
0.544758 0.041544 0.037236 0.020652 0.001225 0.344935 0.009650 2.435313
0.545078 0.041422 0.037211 0.020636 0.001222 0.344769 0.009662 2.439401
0.545398 0.041376 0.037198 0.020547 0.001233 0.344572 0.009676 2.443474
0.545649 0.041439 0.037164 0.020617 0.001225 0.344214 0.009691 2.447518
0.545951 0.041383 0.037152 0.020566 0.001227 0.344021 0.009700 2.451574
0.546140 0.041364 0.037083 0.020570 0.001215 0.343914 0.009713 2.455639
0.546391 0.041275 0.037012 0.020583 0.001223 0.343785 0.009730 2.459717
0.546518 0.041437 0.036968 0.020578 0.001226 0.343531 0.009743 2.463736
0.546699 0.041484 0.036966 0.020541 0.001227 0.343327 0.009757 2.467795
0.546944 0.041490 0.036964 0.020531 0.001234 0.343065 0.009772 2.471894
0.547111 0.041442 0.037032 0.020521 0.001225 0.342884 0.009787 2.476000
0.547406 0.041516 0.036909 0.020497 0.001210 0.342662 0.009800 2.479957
0.547626 0.041569 0.036924 0.020492 0.001218 0.342355 0.009816 2.484059
0.547912 0.041537 0.036907 0.020510 0.001210 0.342093 0.009831 2.488128
0.548055 0.041566 0.036904 0.020512 0.001221 0.341899 0.009842 2.492195
0.548178 0.041584 0.036953 0.020514 0.001224 0.341693 0.009855 2.496329
0.548402 0.041672 0.036886 0.020472 0.001228 0.341475 0.009865 2.500366
0.548617 0.041635 0.036925 0.020441 0.001225 0.341275 0.009881 2.504470
0.548734 0.041665 0.036957 0.020438 0.001235 0.341077 0.009895 2.508604
0.548869 0.041746 0.036890 0.020477 0.001233 0.340870 0.009914 2.512697
0.548919 0.041905 0.036870 0.020449 0.001235 0.340691 0.009932 2.516722
0.549092 0.041939 0.036875 0.020444 0.001224 0.340478 0.009948 2.520777
0.549233 0.042107 0.036887 0.020415 0.001226 0.340168 0.009964 2.524800
0.549242 0.042183 0.036873 0.020480 0.001238 0.340009 0.009975 2.528920
0.549275 0.042287 0.036835 0.020496 0.001251 0.339868 0.009987 2.532989
0.549351 0.042333 0.036866 0.020451 0.001249 0.339743 0.010005 2.537103
0.549429 0.042395 0.036900 0.020523 0.001254 0.339476 0.010023 2.541227
0.549528 0.042416 0.036978 0.020537 0.001257 0.339241 0.010042 2.545411
0.549676 0.042357 0.037082 0.020575 0.001258 0.338997 0.010054 2.549568
0.549837 0.042353 0.037098 0.020579 0.001265 0.338801 0.010067 2.553736
0.549904 0.042368 0.037158 0.020587 0.001259 0.338642 0.010084 2.557896
0.550059 0.042468 0.037181 0.020559 0.001263 0.338374 0.010097 2.561936
0.550092 0.042534 0.037179 0.020554 0.001256 0.338268 0.010119 2.566053
0.550227 0.042584 0.037200 0.020530 0.001252 0.338071 0.010136 2.570145
0.550271 0.042564 0.037212 0.020521 0.001251 0.338035 0.010147 2.574326
0.550307 0.042516 0.037225 0.020594 0.001258 0.337940 0.010162 2.578591
0.550387 0.042428 0.037248 0.020736 0.001253 0.337770 0.010180 2.582855
0.550514 0.042347 0.037236 0.020775 0.001257 0.337680 0.010192 2.587040
0.550632 0.042420 0.037213 0.020742 0.001266 0.337525 0.010203 2.591108
0.550624 0.042460 0.037155 0.020737 0.001266 0.337539 0.010219 2.595313
0.550614 0.042587 0.037083 0.020691 0.001266 0.337526 0.010234 2.599410
0.550594 0.042612 0.037122 0.020709 0.001264 0.337453 0.010246 2.603566
0.550775 0.042542 0.037150 0.020771 0.001260 0.337241 0.010262 2.607726
0.550799 0.042548 0.037249 0.020764 0.001262 0.337102 0.010276 2.611909
0.550862 0.042598 0.037219 0.020729 0.001258 0.337039 0.010294 2.616068
0.550885 0.042667 0.037272 0.020713 0.001266 0.336887 0.010309 2.620204
0.550906 0.042653 0.037289 0.020743 0.001256 0.336829 0.010325 2.624395
0.550934 0.042585 0.037350 0.020745 0.001256 0.336794 0.010337 2.628586
0.550984 0.042563 0.037382 0.020775 0.001251 0.336698 0.010349 2.632727
0.551068 0.042551 0.037370 0.020810 0.001248 0.336590 0.010364 2.636900
0.551070 0.042602 0.037439 0.020789 0.001245 0.336477 0.010378 2.641056
0.551095 0.042497 0.037504 0.020774 0.001240 0.336495 0.010396 2.645290
0.550966 0.042649 0.037499 0.020784 0.001245 0.336444 0.010413 2.649409
0.550963 0.042709 0.037545 0.020829 0.001241 0.336285 0.010427 2.653565
0.551019 0.042675 0.037583 0.020823 0.001249 0.336211 0.010440 2.657740
0.551088 0.042633 0.037638 0.020838 0.001255 0.336099 0.010450 2.661958
0.551125 0.042614 0.037648 0.020829 0.001263 0.336057 0.010465 2.666163
0.551075 0.042612 0.037656 0.020897 0.001247 0.336027 0.010486 2.670380
0.550953 0.042698 0.037647 0.020903 0.001245 0.336052 0.010502 2.674583
0.551040 0.042727 0.037676 0.020927 0.001253 0.335867 0.010512 2.678762
0.550985 0.042791 0.037649 0.020926 0.001245 0.335879 0.010526 2.682895
0.551021 0.042741 0.037659 0.020908 0.001233 0.335897 0.010540 2.687086
0.551040 0.042634 0.037691 0.020929 0.001245 0.335911 0.010552 2.691369
0.551150 0.042500 0.037713 0.020926 0.001256 0.335890 0.010565 2.695577
0.551106 0.042560 0.037703 0.020915 0.001263 0.335875 0.010580 2.699729
0.551160 0.042505 0.037575 0.020955 0.001257 0.335952 0.010596 2.703877
0.551172 0.042489 0.037708 0.020855 0.001251 0.335915 0.010612 2.708060
0.551173 0.042573 0.037657 0.020817 0.001246 0.335909 0.010626 2.712190
0.551183 0.042617 0.037608 0.020772 0.001251 0.335927 0.010642 2.716329
0.551193 0.042611 0.037582 0.020803 0.001261 0.335893 0.010655 2.720512
0.551203 0.042602 0.037592 0.020745 0.001247 0.335941 0.010670 2.724700
0.551225 0.042637 0.037607 0.020687 0.001247 0.335917 0.010681 2.728811
0.551342 0.042590 0.037608 0.020665 0.001256 0.335846 0.010693 2.732956
0.551340 0.042570 0.037590 0.020666 0.001264 0.335866 0.010705 2.737117
0.551250 0.042588 0.037612 0.020716 0.001264 0.335850 0.010721 2.741308
0.551263 0.042520 0.037617 0.020746 0.001267 0.335851 0.010736 2.745469
0.551334 0.042506 0.037642 0.020763 0.001269 0.335733 0.010753 2.749599
0.551382 0.042407 0.037736 0.020728 0.001265 0.335714 0.010769 2.753837
0.551391 0.042333 0.037763 0.020777 0.001272 0.335685 0.010781 2.758066
0.551277 0.042389 0.037797 0.020763 0.001271 0.335709 0.010795 2.762244
0.551453 0.042288 0.037768 0.020768 0.001271 0.335644 0.010808 2.766434
0.551505 0.042262 0.037711 0.020799 0.001260 0.335636 0.010827 2.770561
0.551540 0.042213 0.037764 0.020746 0.001253 0.335641 0.010844 2.774727
0.551675 0.042215 0.037671 0.020719 0.001260 0.335600 0.010860 2.778812
0.551733 0.042208 0.037585 0.020787 0.001252 0.335556 0.010877 2.782943
0.551887 0.042160 0.037550 0.020760 0.001254 0.335497 0.010892 2.787111
0.552014 0.042129 0.037428 0.020814 0.001248 0.335454 0.010913 2.791243
0.552155 0.042090 0.037389 0.020840 0.001244 0.335353 0.010930 2.795368
0.552353 0.042056 0.037374 0.020774 0.001246 0.335251 0.010946 2.799456
0.552321 0.042118 0.037331 0.020775 0.001247 0.335247 0.010960 2.803581
0.552282 0.042141 0.037368 0.020775 0.001238 0.335220 0.010975 2.807679
0.552438 0.042075 0.037395 0.020786 0.001228 0.335084 0.010995 2.811821
0.552462 0.042125 0.037370 0.020705 0.001233 0.335101 0.011005 2.815888
0.552392 0.042290 0.037348 0.020674 0.001227 0.335047 0.011022 2.819963
0.552510 0.042273 0.037368 0.020679 0.001224 0.334910 0.011036 2.824080
0.552451 0.042302 0.037337 0.020706 0.001243 0.334908 0.011052 2.828225
0.552440 0.042354 0.037268 0.020669 0.001236 0.334962 0.011072 2.832326
0.552387 0.042421 0.037213 0.020590 0.001232 0.335070 0.011089 2.836450
0.552338 0.042540 0.037213 0.020624 0.001234 0.334948 0.011104 2.840597
0.552368 0.042569 0.037203 0.020589 0.001227 0.334925 0.011121 2.844732
0.552479 0.042479 0.037269 0.020586 0.001212 0.334834 0.011142 2.848952
0.552573 0.042366 0.037371 0.020592 0.001218 0.334728 0.011153 2.853209
0.552632 0.042282 0.037402 0.020619 0.001208 0.334685 0.011173 2.857402
0.552664 0.042296 0.037389 0.020630 0.001210 0.334626 0.011185 2.861526
0.552852 0.042253 0.037411 0.020621 0.001205 0.334460 0.011199 2.865660
0.552904 0.042263 0.037378 0.020609 0.001214 0.334418 0.011212 2.869782
0.553091 0.042195 0.037356 0.020605 0.001207 0.334320 0.011225 2.873925
0.553096 0.042103 0.037440 0.020622 0.001213 0.334290 0.011235 2.878084
0.553075 0.042213 0.037422 0.020689 0.001209 0.334140 0.011251 2.882193
0.553133 0.042218 0.037345 0.020680 0.001208 0.334147 0.011270 2.886301
0.553231 0.042230 0.037216 0.020708 0.001204 0.334135 0.011278 2.890400
0.553158 0.042235 0.037242 0.020689 0.001204 0.334177 0.011295 2.894537
0.553197 0.042176 0.037336 0.020676 0.001197 0.334103 0.011315 2.898732
0.553256 0.042132 0.037412 0.020571 0.001187 0.334113 0.011328 2.902898
0.553304 0.042124 0.037396 0.020560 0.001188 0.334083 0.011346 2.907019
0.553297 0.042136 0.037412 0.020566 0.001177 0.334050 0.011363 2.911160
0.553402 0.042124 0.037430 0.020572 0.001180 0.333916 0.011376 2.915258
0.553429 0.042150 0.037380 0.020587 0.001178 0.333887 0.011389 2.919385
0.553490 0.042116 0.037369 0.020592 0.001182 0.333850 0.011401 2.923528
0.553519 0.041951 0.037333 0.020678 0.001180 0.333924 0.011415 2.927736
0.553637 0.041920 0.037300 0.020659 0.001188 0.333868 0.011428 2.931837
0.553760 0.041832 0.037296 0.020614 0.001196 0.333859 0.011442 2.935975
0.553779 0.041952 0.037267 0.020553 0.001196 0.333797 0.011456 2.940021
0.553947 0.041971 0.037184 0.020539 0.001183 0.333703 0.011472 2.944058
0.554087 0.041968 0.037225 0.020445 0.001181 0.333607 0.011487 2.948119
0.554100 0.041997 0.037237 0.020411 0.001188 0.333571 0.011496 2.952205
0.554033 0.041997 0.037236 0.020473 0.001198 0.333555 0.011507 2.956338
0.554151 0.041914 0.037186 0.020443 0.001199 0.333586 0.011521 2.960443
0.554092 0.042040 0.037183 0.020442 0.001203 0.333505 0.011534 2.964530
0.554256 0.041995 0.037180 0.020428 0.001206 0.333388 0.011546 2.968648
0.554282 0.041915 0.037215 0.020463 0.001208 0.333358 0.011559 2.972821
0.554389 0.041895 0.037233 0.020411 0.001217 0.333281 0.011575 2.976914
0.554308 0.042030 0.037203 0.020402 0.001216 0.333251 0.011590 2.980967
0.554315 0.042019 0.037191 0.020442 0.001204 0.333226 0.011604 2.985116
0.554346 0.042003 0.037181 0.020522 0.001205 0.333118 0.011624 2.989273
0.554386 0.042023 0.037208 0.020485 0.001228 0.333034 0.011636 2.993362
0.554335 0.042038 0.037286 0.020494 0.001225 0.332972 0.011650 2.997521
0.554318 0.042040 0.037313 0.020518 0.001230 0.332919 0.011662 3.001681
0.554351 0.042078 0.037248 0.020559 0.001223 0.332868 0.011674 3.005791
0.554384 0.042035 0.037286 0.020582 0.001227 0.332800 0.011687 3.009955
0.554291 0.042141 0.037226 0.020573 0.001216 0.332850 0.011704 3.014053
0.554289 0.042170 0.037201 0.020599 0.001213 0.332805 0.011723 3.018206
0.554365 0.042086 0.037251 0.020613 0.001215 0.332733 0.011739 3.022362
0.554526 0.042070 0.037240 0.020553 0.001214 0.332640 0.011758 3.026426
0.554549 0.042164 0.037226 0.020579 0.001200 0.332509 0.011773 3.030523
0.554505 0.042162 0.037196 0.020589 0.001190 0.332570 0.011789 3.034703
0.554493 0.042193 0.037131 0.020570 0.001193 0.332619 0.011802 3.038838
0.554458 0.042234 0.037093 0.020579 0.001196 0.332627 0.011813 3.042945
0.554450 0.042282 0.037100 0.020615 0.001200 0.332522 0.011832 3.047074
0.554490 0.042372 0.037032 0.020561 0.001206 0.332493 0.011846 3.051117
0.554656 0.042354 0.036990 0.020531 0.001207 0.332396 0.011865 3.055220
0.554727 0.042300 0.037035 0.020477 0.001207 0.332377 0.011878 3.059367
0.554817 0.042281 0.037059 0.020497 0.001215 0.332239 0.011891 3.063475
0.554895 0.042225 0.037089 0.020558 0.001228 0.332102 0.011903 3.067672
0.554890 0.042192 0.037120 0.020555 0.001233 0.332093 0.011918 3.071858
0.554941 0.042154 0.037154 0.020606 0.001227 0.331987 0.011933 3.076008
0.555005 0.042054 0.037203 0.020594 0.001223 0.331974 0.011947 3.080214
0.555088 0.041937 0.037237 0.020643 0.001228 0.331906 0.011961 3.084399
0.555152 0.041884 0.037264 0.020612 0.001223 0.331882 0.011982 3.088571
0.555184 0.041943 0.037229 0.020607 0.001227 0.331814 0.011996 3.092669
0.555120 0.041950 0.037196 0.020649 0.001228 0.331849 0.012008 3.096817
0.555125 0.041997 0.037118 0.020623 0.001222 0.331889 0.012026 3.100862
0.555072 0.042006 0.037154 0.020606 0.001226 0.331895 0.012042 3.104994
0.554981 0.042155 0.037132 0.020580 0.001218 0.331869 0.012063 3.109079
0.554869 0.042263 0.037173 0.020512 0.001235 0.331871 0.012076 3.113156
0.554910 0.042278 0.037235 0.020395 0.001225 0.331860 0.012097 3.117279
0.554961 0.042248 0.037230 0.020418 0.001224 0.331812 0.012107 3.121382
0.554864 0.042342 0.037212 0.020452 0.001218 0.331792 0.012120 3.125481
0.554813 0.042430 0.037111 0.020459 0.001218 0.331832 0.012137 3.129557
0.554969 0.042293 0.037221 0.020469 0.001214 0.331680 0.012154 3.133772
0.554884 0.042336 0.037182 0.020484 0.001223 0.331725 0.012166 3.137887
0.554932 0.042324 0.037166 0.020544 0.001218 0.331634 0.012181 3.142046
0.554966 0.042242 0.037204 0.020596 0.001236 0.331564 0.012193 3.146273
0.554954 0.042291 0.037202 0.020567 0.001245 0.331535 0.012208 3.150393
0.554951 0.042340 0.037203 0.020577 0.001242 0.331466 0.012220 3.154504
0.554990 0.042425 0.037143 0.020568 0.001234 0.331405 0.012234 3.158536
0.554906 0.042388 0.037218 0.020614 0.001239 0.331387 0.012249 3.162794
0.554841 0.042446 0.037244 0.020630 0.001220 0.331353 0.012267 3.166948
0.554863 0.042434 0.037238 0.020621 0.001228 0.331331 0.012284 3.171095
0.554921 0.042347 0.037309 0.020613 0.001226 0.331286 0.012299 3.175238
0.555080 0.042277 0.037343 0.020583 0.001211 0.331188 0.012318 3.179368
0.555008 0.042344 0.037317 0.020600 0.001205 0.331190 0.012336 3.183527
0.554941 0.042505 0.037270 0.020567 0.001212 0.331156 0.012348 3.187588
0.554901 0.042531 0.037165 0.020608 0.001214 0.331219 0.012363 3.191705
0.554937 0.042464 0.037262 0.020622 0.001208 0.331126 0.012381 3.195939
0.554817 0.042568 0.037269 0.020604 0.001212 0.331135 0.012395 3.200066
0.554875 0.042607 0.037201 0.020587 0.001216 0.331102 0.012411 3.204165
0.554863 0.042572 0.037169 0.020591 0.001218 0.331158 0.012429 3.208303
0.554856 0.042533 0.037212 0.020521 0.001233 0.331210 0.012436 3.212450
0.554934 0.042532 0.037174 0.020531 0.001230 0.331151 0.012448 3.216576
0.554940 0.042504 0.037226 0.020598 0.001230 0.331042 0.012460 3.220712
0.555008 0.042468 0.037228 0.020592 0.001233 0.330998 0.012474 3.224860
0.554977 0.042546 0.037184 0.020538 0.001223 0.331038 0.012493 3.228959
0.555055 0.042478 0.037227 0.020584 0.001222 0.330927 0.012508 3.233126
0.554861 0.042581 0.037291 0.020595 0.001229 0.330922 0.012521 3.237280
0.554876 0.042537 0.037335 0.020635 0.001235 0.330843 0.012540 3.241497
0.554788 0.042513 0.037369 0.020681 0.001247 0.330850 0.012552 3.245736
0.554808 0.042484 0.037375 0.020632 0.001251 0.330882 0.012567 3.249890
0.554694 0.042424 0.037437 0.020665 0.001254 0.330944 0.012582 3.254118
0.554728 0.042449 0.037381 0.020673 0.001257 0.330916 0.012595 3.258234
0.554658 0.042522 0.037297 0.020668 0.001255 0.330987 0.012611 3.262369
0.554640 0.042643 0.037312 0.020660 0.001257 0.330860 0.012626 3.266412
0.554607 0.042586 0.037331 0.020661 0.001253 0.330918 0.012644 3.270598
0.554528 0.042537 0.037352 0.020689 0.001241 0.330993 0.012659 3.274795
0.554464 0.042546 0.037439 0.020759 0.001246 0.330871 0.012675 3.278987
0.554400 0.042554 0.037406 0.020750 0.001235 0.330965 0.012690 3.283207
0.554391 0.042558 0.037455 0.020708 0.001226 0.330955 0.012707 3.287299
0.554511 0.042497 0.037512 0.020673 0.001218 0.330866 0.012722 3.291481
0.554608 0.042498 0.037494 0.020640 0.001224 0.330798 0.012738 3.295580
0.554621 0.042461 0.037456 0.020615 0.001223 0.330867 0.012756 3.299741
0.554513 0.042589 0.037378 0.020619 0.001212 0.330916 0.012773 3.303820
0.554578 0.042483 0.037352 0.020586 0.001222 0.330992 0.012787 3.307968
0.554511 0.042508 0.037365 0.020589 0.001225 0.331002 0.012800 3.312112
0.554499 0.042497 0.037399 0.020524 0.001229 0.331036 0.012815 3.316265
0.554430 0.042523 0.037409 0.020507 0.001236 0.331069 0.012825 3.320393
0.554445 0.042467 0.037422 0.020522 0.001228 0.331078 0.012838 3.324577
0.554521 0.042395 0.037467 0.020553 0.001239 0.330976 0.012849 3.328787
0.554404 0.042382 0.037494 0.020514 0.001233 0.331106 0.012867 3.332967
0.554365 0.042392 0.037519 0.020538 0.001231 0.331070 0.012885 3.337128
0.554299 0.042354 0.037647 0.020509 0.001237 0.331057 0.012897 3.341361
0.554358 0.042248 0.037725 0.020481 0.001229 0.331044 0.012915 3.345529
0.554293 0.042179 0.037792 0.020522 0.001220 0.331063 0.012930 3.349758
0.554283 0.042213 0.037749 0.020491 0.001216 0.331098 0.012950 3.353894
0.554358 0.042285 0.037717 0.020459 0.001224 0.330995 0.012962 3.357962
0.554312 0.042315 0.037744 0.020449 0.001206 0.330991 0.012983 3.362092
0.554297 0.042322 0.037649 0.020440 0.001201 0.331095 0.012997 3.366163
0.554211 0.042334 0.037602 0.020485 0.001196 0.331161 0.013012 3.370294
0.553991 0.042424 0.037619 0.020450 0.001204 0.331286 0.013026 3.374456
0.554071 0.042368 0.037560 0.020499 0.001204 0.331258 0.013040 3.378591
0.554016 0.042387 0.037561 0.020500 0.001202 0.331282 0.013052 3.382748
0.554122 0.042317 0.037547 0.020488 0.001203 0.331261 0.013062 3.386904
0.554130 0.042330 0.037519 0.020478 0.001210 0.331260 0.013074 3.390995
0.554068 0.042340 0.037515 0.020515 0.001215 0.331260 0.013088 3.395134
0.554152 0.042414 0.037456 0.020528 0.001220 0.331129 0.013102 3.399195
0.554092 0.042443 0.037512 0.020526 0.001224 0.331081 0.013121 3.403347
0.554135 0.042379 0.037513 0.020551 0.001224 0.331062 0.013136 3.407515
0.554106 0.042329 0.037581 0.020582 0.001226 0.331031 0.013147 3.411686
0.554199 0.042309 0.037546 0.020592 0.001226 0.330965 0.013163 3.415836
0.554076 0.042381 0.037595 0.020602 0.001220 0.330956 0.013172 3.419987
0.554069 0.042372 0.037485 0.020637 0.001234 0.331017 0.013185 3.424117
0.554036 0.042331 0.037475 0.020620 0.001239 0.331098 0.013200 3.428304
0.554065 0.042204 0.037546 0.020617 0.001238 0.331112 0.013216 3.432499
0.554026 0.042165 0.037677 0.020583 0.001245 0.331073 0.013231 3.436721
0.554153 0.042045 0.037655 0.020616 0.001238 0.331045 0.013248 3.440881
0.554197 0.041985 0.037621 0.020663 0.001245 0.331028 0.013262 3.445032
0.554295 0.042002 0.037630 0.020647 0.001245 0.330910 0.013272 3.449078
0.554323 0.042117 0.037502 0.020586 0.001244 0.330941 0.013287 3.453079
0.554335 0.042087 0.037464 0.020610 0.001240 0.330966 0.013297 3.457220
0.554378 0.042088 0.037498 0.020564 0.001226 0.330933 0.013312 3.461294
0.554337 0.042154 0.037512 0.020557 0.001232 0.330884 0.013323 3.465404
0.554401 0.042153 0.037450 0.020564 0.001232 0.330861 0.013339 3.469512
0.554378 0.042121 0.037459 0.020534 0.001237 0.330917 0.013354 3.473687
0.554316 0.042161 0.037434 0.020470 0.001240 0.331013 0.013366 3.477732
0.554238 0.042232 0.037350 0.020509 0.001241 0.331053 0.013377 3.481857
0.554320 0.042228 0.037362 0.020467 0.001246 0.330982 0.013394 3.485957
0.554377 0.042132 0.037415 0.020490 0.001253 0.330924 0.013408 3.490126
0.554445 0.042104 0.037341 0.020468 0.001251 0.330968 0.013422 3.494223
0.554296 0.042158 0.037455 0.020455 0.001240 0.330953 0.013442 3.498350
0.554351 0.042139 0.037386 0.020470 0.001231 0.330967 0.013457 3.502458
0.554325 0.042098 0.037341 0.020481 0.001234 0.331048 0.013474 3.506600
0.554420 0.041984 0.037372 0.020501 0.001237 0.331001 0.013486 3.510783
0.554414 0.042082 0.037341 0.020468 0.001231 0.330960 0.013504 3.514812
0.554523 0.042011 0.037343 0.020505 0.001230 0.330875 0.013515 3.518959
0.554522 0.042078 0.037355 0.020449 0.001228 0.330838 0.013531 3.523046
0.554565 0.042077 0.037280 0.020504 0.001233 0.330796 0.013545 3.527132
0.554474 0.042139 0.037233 0.020500 0.001220 0.330871 0.013563 3.531202
0.554549 0.042131 0.037256 0.020515 0.001216 0.330753 0.013580 3.535291
0.554528 0.042150 0.037272 0.020535 0.001222 0.330698 0.013596 3.539435
0.554432 0.042181 0.037284 0.020517 0.001214 0.330761 0.013613 3.543509
0.554374 0.042186 0.037344 0.020542 0.001202 0.330727 0.013626 3.547647
0.554375 0.042262 0.037297 0.020487 0.001200 0.330740 0.013639 3.551716
0.554381 0.042220 0.037362 0.020448 0.001201 0.330742 0.013647 3.555885
0.554423 0.042188 0.037357 0.020497 0.001210 0.330665 0.013661 3.560016
0.554520 0.042121 0.037298 0.020526 0.001221 0.330642 0.013673 3.564176
0.554538 0.042036 0.037326 0.020545 0.001225 0.330646 0.013684 3.568406
0.554642 0.041885 0.037294 0.020570 0.001214 0.330695 0.013702 3.572564
0.554749 0.041864 0.037332 0.020559 0.001217 0.330555 0.013723 3.576672
0.554719 0.041811 0.037351 0.020518 0.001213 0.330648 0.013742 3.580795
0.554885 0.041845 0.037369 0.020493 0.001210 0.330441 0.013758 3.584839
0.554790 0.041932 0.037336 0.020455 0.001216 0.330504 0.013768 3.588930
0.554956 0.041793 0.037328 0.020507 0.001217 0.330416 0.013782 3.593055
0.555031 0.041796 0.037300 0.020477 0.001220 0.330379 0.013796 3.597150
0.555079 0.041794 0.037319 0.020458 0.001221 0.330320 0.013809 3.601230
0.555212 0.041820 0.037208 0.020428 0.001218 0.330289 0.013825 3.605281
0.555234 0.041860 0.037143 0.020428 0.001216 0.330278 0.013842 3.609355
0.555229 0.041825 0.037136 0.020481 0.001225 0.330251 0.013856 3.613511
0.555198 0.041914 0.037121 0.020480 0.001226 0.330191 0.013870 3.617637
0.555224 0.041846 0.037164 0.020437 0.001222 0.330223 0.013885 3.621825
0.555180 0.041950 0.037144 0.020374 0.001218 0.330235 0.013899 3.625872
0.555344 0.041917 0.037009 0.020361 0.001214 0.330243 0.013912 3.629939
0.555264 0.041899 0.037076 0.020420 0.001205 0.330210 0.013926 3.634066
0.555259 0.041904 0.037076 0.020425 0.001207 0.330189 0.013938 3.638167
0.555284 0.041915 0.037118 0.020488 0.001200 0.330043 0.013952 3.642338
0.555342 0.041819 0.037136 0.020552 0.001198 0.329986 0.013967 3.646502
0.555348 0.041811 0.037041 0.020610 0.001197 0.330014 0.013979 3.650644
0.555267 0.041924 0.037016 0.020549 0.001212 0.330042 0.013991 3.654655
0.555224 0.041874 0.037085 0.020475 0.001211 0.330130 0.014002 3.658798
0.555156 0.041942 0.037100 0.020531 0.001205 0.330048 0.014017 3.662914
0.555091 0.042015 0.037076 0.020509 0.001191 0.330082 0.014036 3.667024
0.555063 0.042080 0.037022 0.020493 0.001194 0.330097 0.014052 3.671100
0.554994 0.042042 0.037140 0.020568 0.001193 0.329992 0.014071 3.675289
0.555113 0.041981 0.037105 0.020583 0.001188 0.329945 0.014085 3.679377
0.555249 0.041994 0.037152 0.020611 0.001193 0.329706 0.014095 3.683504
0.555354 0.041970 0.037184 0.020533 0.001194 0.329654 0.014112 3.687614
0.555249 0.042018 0.037150 0.020568 0.001197 0.329696 0.014122 3.691721
0.555169 0.041996 0.037128 0.020560 0.001194 0.329817 0.014137 3.695846
0.555169 0.041902 0.037239 0.020579 0.001192 0.329767 0.014153 3.700062
0.555283 0.041933 0.037190 0.020589 0.001192 0.329645 0.014167 3.704136
0.555308 0.041980 0.037084 0.020550 0.001197 0.329699 0.014182 3.708173
0.555342 0.041927 0.037141 0.020543 0.001195 0.329656 0.014197 3.712355
0.555417 0.041862 0.037145 0.020577 0.001186 0.329603 0.014210 3.716457
0.555427 0.041820 0.037097 0.020535 0.001195 0.329703 0.014224 3.720514
0.555372 0.041812 0.037048 0.020621 0.001189 0.329724 0.014236 3.724624
0.555342 0.041856 0.036919 0.020614 0.001184 0.329834 0.014251 3.728674
0.555332 0.041956 0.036947 0.020575 0.001191 0.329735 0.014264 3.732740
0.555218 0.041992 0.036972 0.020577 0.001192 0.329768 0.014282 3.736861
0.555260 0.042035 0.036882 0.020583 0.001201 0.329740 0.014299 3.740905
0.555221 0.042040 0.036878 0.020576 0.001216 0.329759 0.014310 3.745018
0.555278 0.042063 0.036859 0.020548 0.001215 0.329720 0.014316 3.749079
0.555360 0.041998 0.036858 0.020577 0.001223 0.329652 0.014332 3.753203
0.555335 0.041974 0.036959 0.020615 0.001222 0.329546 0.014349 3.757359
0.555449 0.041880 0.036949 0.020628 0.001221 0.329509 0.014364 3.761483
0.555494 0.041900 0.036977 0.020565 0.001224 0.329462 0.014378 3.765544
0.555493 0.041911 0.036995 0.020545 0.001219 0.329442 0.014395 3.769673
0.555533 0.041875 0.036999 0.020547 0.001220 0.329417 0.014409 3.773835
0.555545 0.041811 0.037010 0.020548 0.001224 0.329436 0.014426 3.777976
0.555531 0.041863 0.036975 0.020574 0.001231 0.329385 0.014441 3.782060
0.555511 0.041919 0.037016 0.020476 0.001235 0.329386 0.014457 3.786107
0.555547 0.041786 0.037109 0.020452 0.001227 0.329404 0.014476 3.790336
0.555552 0.041748 0.037100 0.020446 0.001215 0.329446 0.014495 3.794467
0.555602 0.041774 0.036997 0.020514 0.001219 0.329387 0.014506 3.798556
0.555587 0.041809 0.037059 0.020509 0.001216 0.329296 0.014524 3.802680
0.555560 0.041898 0.037083 0.020486 0.001226 0.329209 0.014538 3.806748
0.555597 0.041942 0.037080 0.020515 0.001214 0.329097 0.014554 3.810803
0.555596 0.042027 0.037028 0.020542 0.001215 0.329026 0.014566 3.814881
0.555514 0.042089 0.036988 0.020532 0.001205 0.329089 0.014583 3.818962
0.555543 0.041980 0.036998 0.020628 0.001201 0.329053 0.014597 3.823174
0.555504 0.041950 0.037087 0.020628 0.001203 0.329016 0.014612 3.827296
0.555521 0.042008 0.037102 0.020594 0.001200 0.328948 0.014628 3.831378
0.555541 0.041967 0.037063 0.020663 0.001191 0.328935 0.014639 3.835514
0.555527 0.042096 0.037009 0.020626 0.001190 0.328897 0.014654 3.839573
0.555411 0.042159 0.037055 0.020609 0.001201 0.328895 0.014670 3.843698
0.555320 0.042151 0.037024 0.020645 0.001202 0.328974 0.014684 3.847840
0.555283 0.042167 0.037036 0.020633 0.001203 0.328981 0.014698 3.851955
0.555198 0.042173 0.036970 0.020649 0.001203 0.329092 0.014714 3.856056
0.555192 0.042225 0.036924 0.020616 0.001203 0.329111 0.014729 3.860058
0.555257 0.042218 0.036975 0.020615 0.001199 0.328991 0.014745 3.864144
0.555170 0.042253 0.036985 0.020651 0.001203 0.328979 0.014759 3.868246
0.555303 0.042218 0.037030 0.020659 0.001190 0.328826 0.014773 3.872365
0.555226 0.042276 0.036975 0.020678 0.001198 0.328863 0.014785 3.876465
0.555191 0.042268 0.037022 0.020683 0.001198 0.328841 0.014798 3.880620
0.555209 0.042248 0.037036 0.020665 0.001200 0.328829 0.014813 3.884733
0.555196 0.042340 0.037003 0.020658 0.001195 0.328779 0.014829 3.888763
0.555112 0.042359 0.037027 0.020626 0.001205 0.328833 0.014838 3.892896
0.555042 0.042430 0.037090 0.020624 0.001206 0.328755 0.014853 3.897079
0.555031 0.042340 0.037104 0.020592 0.001215 0.328858 0.014860 3.901258
0.554991 0.042228 0.037209 0.020625 0.001218 0.328853 0.014876 3.905475
0.555047 0.042225 0.037162 0.020622 0.001214 0.328839 0.014892 3.909595
0.554994 0.042176 0.037143 0.020644 0.001214 0.328925 0.014905 3.913788
0.554920 0.042338 0.037017 0.020643 0.001205 0.328958 0.014919 3.917788
0.555007 0.042228 0.037024 0.020659 0.001217 0.328932 0.014932 3.921920
0.555095 0.042058 0.037114 0.020714 0.001213 0.328861 0.014946 3.926101
