0.329144 0.063529 0.057061 0.032698 0.002230 0.509138 0.006201 1.662666
0.331380 0.061468 0.057054 0.032486 0.002225 0.509157 0.006231 1.668889
0.334161 0.059083 0.056790 0.032289 0.002214 0.509200 0.006262 1.674765
0.337640 0.056417 0.056440 0.031959 0.002208 0.509049 0.006286 1.680416
0.341292 0.053758 0.056077 0.031489 0.002213 0.508861 0.006312 1.685870
0.345174 0.051113 0.055502 0.031038 0.002207 0.508625 0.006342 1.691025
0.349330 0.048678 0.054778 0.030417 0.002200 0.508229 0.006368 1.695791
0.353474 0.046159 0.054076 0.029820 0.002185 0.507892 0.006395 1.700532
0.357832 0.043801 0.053156 0.029133 0.002183 0.507474 0.006420 1.704948
0.362143 0.041649 0.052189 0.028468 0.002186 0.506916 0.006449 1.709070
0.366496 0.039590 0.051170 0.027748 0.002143 0.506376 0.006478 1.713062
0.371060 0.037585 0.050115 0.027039 0.002123 0.505571 0.006508 1.716874
0.375658 0.035707 0.048994 0.026334 0.002103 0.504669 0.006535 1.720500
0.380208 0.034026 0.047769 0.025624 0.002081 0.503728 0.006564 1.723934
0.384907 0.032410 0.046522 0.024981 0.002072 0.502516 0.006592 1.727190
0.389702 0.030806 0.045270 0.024279 0.002061 0.501266 0.006616 1.730322
0.394382 0.029371 0.044045 0.023575 0.002051 0.499929 0.006647 1.733304
0.399006 0.028077 0.042761 0.022821 0.002027 0.498638 0.006670 1.736127
0.403700 0.026865 0.041488 0.022160 0.002013 0.497086 0.006688 1.738794
0.408387 0.025761 0.040338 0.021425 0.001991 0.495392 0.006705 1.741342
0.413180 0.024730 0.039087 0.020781 0.001964 0.493528 0.006730 1.743790
0.417985 0.023701 0.037946 0.020167 0.001945 0.491504 0.006753 1.746230
0.422654 0.022808 0.036770 0.019572 0.001929 0.489490 0.006777 1.748511
0.427358 0.021936 0.035708 0.018995 0.001897 0.487299 0.006807 1.750721
0.432142 0.021131 0.034671 0.018361 0.001882 0.484983 0.006830 1.752856
0.437036 0.020407 0.033507 0.017819 0.001849 0.482527 0.006854 1.754864
0.441882 0.019722 0.032425 0.017281 0.001815 0.479997 0.006879 1.756810
0.446581 0.019064 0.031392 0.016759 0.001791 0.477515 0.006899 1.758704
0.451273 0.018492 0.030342 0.016184 0.001763 0.475021 0.006925 1.760515
0.455829 0.017882 0.029423 0.015684 0.001730 0.472498 0.006953 1.762323
0.460440 0.017369 0.028467 0.015207 0.001696 0.469840 0.006981 1.764045
0.465105 0.016924 0.027569 0.014708 0.001679 0.467015 0.006999 1.765691
0.469751 0.016498 0.026612 0.014277 0.001642 0.464200 0.007019 1.767289
0.474409 0.016036 0.025813 0.013825 0.001622 0.461254 0.007043 1.768904
0.479017 0.015723 0.024955 0.013355 0.001587 0.458299 0.007064 1.770384
0.483505 0.015368 0.024209 0.012929 0.001558 0.455345 0.007087 1.771904
0.488058 0.015018 0.023475 0.012549 0.001518 0.452275 0.007106 1.773385
0.492567 0.014683 0.022750 0.012168 0.001496 0.449213 0.007124 1.774836
0.497018 0.014408 0.022090 0.011800 0.001482 0.446055 0.007147 1.776236
0.501395 0.014117 0.021469 0.011468 0.001457 0.442928 0.007166 1.777650
0.505855 0.013859 0.020790 0.011141 0.001437 0.439737 0.007181 1.778987
0.510322 0.013635 0.020168 0.010832 0.001406 0.436437 0.007201 1.780300
0.514665 0.013340 0.019619 0.010530 0.001379 0.433251 0.007216 1.781663
0.519018 0.013114 0.019130 0.010205 0.001341 0.429958 0.007234 1.782967
0.523303 0.012930 0.018635 0.009913 0.001308 0.426661 0.007250 1.784214
0.527571 0.012712 0.018145 0.009658 0.001274 0.423372 0.007270 1.785478
0.531849 0.012540 0.017626 0.009424 0.001247 0.420029 0.007286 1.786704
0.536052 0.012353 0.017152 0.009246 0.001206 0.416686 0.007305 1.787931
0.540194 0.012196 0.016695 0.009025 0.001182 0.413392 0.007315 1.789123
0.544364 0.012013 0.016366 0.008799 0.001170 0.409963 0.007326 1.790332
0.548459 0.011814 0.015980 0.008573 0.001144 0.406690 0.007343 1.791524
0.552472 0.011658 0.015647 0.008387 0.001122 0.403358 0.007358 1.792713
0.556354 0.011627 0.015210 0.008220 0.001105 0.400111 0.007373 1.793799
0.560383 0.011527 0.014860 0.008025 0.001080 0.396734 0.007390 1.794910
0.564314 0.011410 0.014526 0.007877 0.001055 0.393415 0.007405 1.796042
0.568222 0.011329 0.014212 0.007679 0.001039 0.390103 0.007416 1.797150
0.571974 0.011204 0.013968 0.007555 0.001022 0.386847 0.007430 1.798293
0.575789 0.011074 0.013711 0.007443 0.001004 0.383536 0.007444 1.799448
0.579606 0.010926 0.013414 0.007326 0.000986 0.380289 0.007454 1.800559
0.583303 0.010923 0.013136 0.007181 0.000956 0.377034 0.007469 1.801588
0.587008 0.010883 0.012874 0.007026 0.000945 0.373785 0.007479 1.802643
0.590666 0.010832 0.012617 0.006930 0.000927 0.370539 0.007490 1.803684
0.594364 0.010741 0.012391 0.006803 0.000902 0.367297 0.007503 1.804740
0.597909 0.010649 0.012218 0.006712 0.000890 0.364109 0.007513 1.805804
0.601407 0.010693 0.011973 0.006568 0.000879 0.360958 0.007522 1.806773
0.604971 0.010647 0.011777 0.006516 0.000861 0.357692 0.007536 1.807829
0.608362 0.010576 0.011650 0.006461 0.000843 0.354560 0.007549 1.808917
0.611798 0.010557 0.011473 0.006355 0.000822 0.351433 0.007562 1.809928
0.615176 0.010524 0.011325 0.006292 0.000807 0.348307 0.007570 1.810977
0.618506 0.010529 0.011186 0.006189 0.000799 0.345214 0.007578 1.811983
0.621858 0.010513 0.011098 0.006097 0.000778 0.342066 0.007591 1.813007
0.625021 0.010532 0.010970 0.006009 0.000764 0.339103 0.007602 1.814005
0.628310 0.010503 0.010846 0.005986 0.000746 0.335999 0.007612 1.815025
0.631402 0.010531 0.010722 0.005888 0.000730 0.333105 0.007622 1.816021
0.634485 0.010551 0.010606 0.005814 0.000718 0.330195 0.007633 1.817033
0.637617 0.010576 0.010496 0.005783 0.000705 0.327182 0.007643 1.818073
0.640610 0.010628 0.010415 0.005754 0.000692 0.324250 0.007651 1.819104
0.643522 0.010741 0.010330 0.005701 0.000681 0.321362 0.007663 1.820092
0.646426 0.010791 0.010251 0.005650 0.000670 0.318540 0.007672 1.821136
0.649278 0.010844 0.010207 0.005630 0.000661 0.315701 0.007679 1.822191
0.652083 0.010863 0.010196 0.005606 0.000642 0.312921 0.007690 1.823261
0.654833 0.010918 0.010106 0.005607 0.000625 0.310211 0.007700 1.824313
0.657584 0.010921 0.010093 0.005564 0.000614 0.307516 0.007709 1.825389
0.660309 0.010912 0.010052 0.005536 0.000608 0.304868 0.007715 1.826452
0.662948 0.010984 0.010013 0.005544 0.000597 0.302191 0.007724 1.827525
0.665583 0.011045 0.009959 0.005536 0.000583 0.299558 0.007736 1.828590
0.668106 0.011097 0.009942 0.005555 0.000565 0.296992 0.007744 1.829714
0.670602 0.011174 0.009939 0.005551 0.000551 0.294427 0.007756 1.830803
0.673162 0.011164 0.009963 0.005556 0.000552 0.291842 0.007762 1.831940
0.675599 0.011265 0.009964 0.005531 0.000543 0.289328 0.007770 1.833041
0.678014 0.011307 0.009974 0.005514 0.000529 0.286886 0.007777 1.834140
0.680447 0.011372 0.010004 0.005522 0.000521 0.284349 0.007784 1.835251
0.682747 0.011457 0.009991 0.005497 0.000514 0.282002 0.007792 1.836344
0.685007 0.011505 0.010026 0.005510 0.000502 0.279651 0.007799 1.837487
0.687203 0.011644 0.010037 0.005536 0.000498 0.277279 0.007802 1.838618
0.689484 0.011754 0.010022 0.005520 0.000491 0.274922 0.007807 1.839741
0.691693 0.011848 0.010048 0.005534 0.000484 0.272579 0.007815 1.840900
0.693814 0.011980 0.010102 0.005534 0.000476 0.270275 0.007819 1.842046
0.695894 0.012079 0.010144 0.005603 0.000468 0.267988 0.007825 1.843228
0.697966 0.012154 0.010170 0.005624 0.000459 0.265795 0.007832 1.844415
0.700006 0.012223 0.010202 0.005634 0.000449 0.263649 0.007837 1.845629
0.701871 0.012375 0.010252 0.005665 0.000437 0.261557 0.007844 1.846847
0.703809 0.012509 0.010329 0.005676 0.000434 0.259394 0.007850 1.848055
0.705715 0.012670 0.010394 0.005718 0.000433 0.257220 0.007852 1.849277
0.707517 0.012803 0.010449 0.005776 0.000431 0.255167 0.007857 1.850537
0.709316 0.012915 0.010531 0.005810 0.000422 0.253144 0.007863 1.851805
0.711027 0.013099 0.010549 0.005821 0.000422 0.251210 0.007871 1.853028
0.712715 0.013237 0.010648 0.005863 0.000423 0.249239 0.007876 1.854306
0.714365 0.013338 0.010730 0.005890 0.000420 0.247379 0.007879 1.855603
0.715967 0.013492 0.010804 0.005946 0.000420 0.245487 0.007884 1.856902
0.717442 0.013640 0.010865 0.005999 0.000420 0.243746 0.007888 1.858219
0.718979 0.013772 0.010951 0.006035 0.000420 0.241950 0.007893 1.859555
0.720504 0.013955 0.010998 0.006077 0.000416 0.240153 0.007897 1.860871
0.722004 0.014087 0.011125 0.006128 0.000409 0.238345 0.007903 1.862271
0.723355 0.014241 0.011203 0.006186 0.000409 0.236697 0.007908 1.863658
0.724804 0.014315 0.011298 0.006240 0.000408 0.235021 0.007914 1.865096
0.726213 0.014488 0.011409 0.006318 0.000400 0.233249 0.007923 1.866512
0.727484 0.014682 0.011486 0.006378 0.000401 0.231640 0.007928 1.867936
0.728824 0.014817 0.011567 0.006424 0.000398 0.230037 0.007934 1.869363
0.730004 0.014991 0.011723 0.006450 0.000404 0.228490 0.007939 1.870822
0.731227 0.015138 0.011795 0.006556 0.000400 0.226937 0.007947 1.872335
0.732403 0.015259 0.011931 0.006660 0.000400 0.225397 0.007950 1.873843
0.733620 0.015412 0.012027 0.006747 0.000401 0.223842 0.007954 1.875347
0.734689 0.015626 0.012179 0.006782 0.000400 0.222366 0.007959 1.876859
0.735686 0.015862 0.012303 0.006800 0.000394 0.220992 0.007964 1.878320
0.736710 0.016052 0.012468 0.006863 0.000396 0.219543 0.007969 1.879918
0.737712 0.016258 0.012580 0.006904 0.000399 0.218175 0.007973 1.881443
0.738604 0.016493 0.012695 0.006984 0.000397 0.216849 0.007977 1.883017
0.739586 0.016622 0.012859 0.007039 0.000399 0.215512 0.007983 1.884640
0.740412 0.016793 0.013010 0.007113 0.000402 0.214283 0.007987 1.886299
0.741243 0.017002 0.013159 0.007170 0.000406 0.213031 0.007990 1.887939
0.742020 0.017200 0.013282 0.007248 0.000408 0.211847 0.007994 1.889618
0.742906 0.017322 0.013430 0.007353 0.000409 0.210581 0.007999 1.891304
0.743614 0.017529 0.013556 0.007409 0.000412 0.209475 0.008005 1.892995
0.744342 0.017786 0.013699 0.007438 0.000410 0.208313 0.008011 1.894666
0.744981 0.017973 0.013848 0.007521 0.000407 0.207254 0.008017 1.896425
0.745635 0.018211 0.013976 0.007606 0.000414 0.206137 0.008021 1.898139
0.746236 0.018444 0.014154 0.007670 0.000411 0.205060 0.008026 1.899929
0.746820 0.018582 0.014266 0.007758 0.000410 0.204132 0.008031 1.901762
0.747386 0.018764 0.014436 0.007840 0.000417 0.203122 0.008035 1.903613
0.747839 0.018973 0.014583 0.007939 0.000416 0.202211 0.008039 1.905466
0.748393 0.019108 0.014756 0.008051 0.000419 0.201229 0.008044 1.907356
0.748868 0.019305 0.014917 0.008164 0.000419 0.200278 0.008048 1.909242
0.749236 0.019519 0.015039 0.008262 0.000421 0.199474 0.008049 1.911132
0.749685 0.019641 0.015188 0.008383 0.000423 0.198623 0.008056 1.913067
0.750046 0.019790 0.015268 0.008514 0.000422 0.197899 0.008061 1.914996
0.750389 0.019941 0.015480 0.008594 0.000424 0.197106 0.008065 1.916956
0.750749 0.020069 0.015571 0.008663 0.000430 0.196451 0.008069 1.918865
0.750999 0.020278 0.015659 0.008759 0.000431 0.195800 0.008075 1.920810
0.751376 0.020428 0.015792 0.008859 0.000427 0.195039 0.008082 1.922822
0.751683 0.020644 0.015908 0.008916 0.000434 0.194326 0.008090 1.924760
0.751886 0.020791 0.016089 0.009011 0.000436 0.193687 0.008100 1.926796
0.752034 0.021040 0.016245 0.009065 0.000435 0.193077 0.008103 1.928829
0.752130 0.021216 0.016411 0.009155 0.000441 0.192538 0.008109 1.930893
0.752336 0.021323 0.016596 0.009199 0.000451 0.191982 0.008116 1.932992
0.752523 0.021480 0.016687 0.009296 0.000456 0.191436 0.008123 1.935054
0.752665 0.021628 0.016773 0.009382 0.000459 0.190967 0.008127 1.937149
0.752756 0.021798 0.016935 0.009457 0.000467 0.190456 0.008132 1.939267
0.752854 0.021865 0.017140 0.009585 0.000471 0.189948 0.008137 1.941468
0.752905 0.021917 0.017356 0.009638 0.000479 0.189562 0.008143 1.943662
0.752957 0.022016 0.017547 0.009704 0.000488 0.189139 0.008148 1.945859
0.753017 0.022087 0.017653 0.009752 0.000497 0.188841 0.008154 1.948010
0.753088 0.022221 0.017773 0.009835 0.000505 0.188417 0.008161 1.950168
0.753074 0.022323 0.017928 0.009912 0.000516 0.188081 0.008165 1.952390
0.753163 0.022386 0.018022 0.009986 0.000524 0.187749 0.008171 1.954578
0.753354 0.022394 0.018171 0.010023 0.000532 0.187348 0.008180 1.956751
0.753353 0.022576 0.018309 0.010072 0.000535 0.186970 0.008187 1.958965
0.753387 0.022590 0.018502 0.010114 0.000544 0.186671 0.008193 1.961227
0.753453 0.022710 0.018600 0.010194 0.000548 0.186294 0.008203 1.963443
0.753398 0.022829 0.018635 0.010229 0.000551 0.186149 0.008209 1.965679
0.753457 0.022873 0.018804 0.010248 0.000559 0.185846 0.008215 1.967894
0.753397 0.022997 0.018919 0.010297 0.000564 0.185604 0.008222 1.970151
0.753393 0.023106 0.018992 0.010382 0.000568 0.185330 0.008228 1.972426
0.753439 0.023176 0.019141 0.010424 0.000572 0.185016 0.008233 1.974680
0.753409 0.023233 0.019230 0.010525 0.000572 0.184794 0.008238 1.976942
0.753353 0.023326 0.019389 0.010545 0.000574 0.184566 0.008249 1.979238
0.753190 0.023462 0.019453 0.010608 0.000572 0.184459 0.008256 1.981509
0.753155 0.023504 0.019528 0.010681 0.000573 0.184292 0.008268 1.983795
0.753055 0.023649 0.019587 0.010710 0.000576 0.184150 0.008274 1.986069
0.752933 0.023723 0.019669 0.010769 0.000576 0.184049 0.008282 1.988395
0.752920 0.023784 0.019820 0.010803 0.000577 0.183811 0.008286 1.990709
0.752897 0.023792 0.019946 0.010836 0.000572 0.183664 0.008294 1.993048
0.752772 0.023810 0.020059 0.010942 0.000568 0.183548 0.008302 1.995432
0.752690 0.023854 0.020143 0.011026 0.000579 0.183401 0.008307 1.997782
0.752546 0.023947 0.020180 0.011072 0.000582 0.183356 0.008318 2.000087
0.752456 0.023948 0.020328 0.011158 0.000578 0.183208 0.008324 2.002479
0.752347 0.023952 0.020407 0.011243 0.000580 0.183141 0.008329 2.004856
0.752234 0.024091 0.020487 0.011279 0.000580 0.182991 0.008337 2.007186
0.752204 0.024035 0.020576 0.011245 0.000587 0.183011 0.008343 2.009541
0.752103 0.024031 0.020641 0.011270 0.000584 0.183018 0.008353 2.011902
0.752075 0.024010 0.020701 0.011308 0.000588 0.182959 0.008359 2.014261
0.752002 0.023972 0.020750 0.011355 0.000599 0.182958 0.008365 2.016669
0.751865 0.023931 0.020812 0.011371 0.000605 0.183041 0.008376 2.019093
0.751809 0.024023 0.020835 0.011374 0.000605 0.182970 0.008384 2.021372
0.751734 0.023993 0.020897 0.011426 0.000610 0.182946 0.008394 2.023752
0.751677 0.023941 0.021005 0.011419 0.000614 0.182944 0.008400 2.026111
0.751663 0.023903 0.021044 0.011408 0.000617 0.182957 0.008410 2.028456
0.751701 0.023869 0.021072 0.011411 0.000617 0.182915 0.008415 2.030771
0.751613 0.023854 0.021152 0.011437 0.000609 0.182909 0.008425 2.033163
0.751601 0.023781 0.021216 0.011437 0.000615 0.182919 0.008432 2.035536
0.751572 0.023738 0.021237 0.011433 0.000617 0.182964 0.008440 2.037855
0.751536 0.023733 0.021240 0.011435 0.000620 0.182990 0.008446 2.040170
0.751650 0.023626 0.021213 0.011452 0.000625 0.182984 0.008450 2.042507
0.751634 0.023623 0.021142 0.011445 0.000622 0.183079 0.008455 2.044768
0.751773 0.023554 0.021100 0.011452 0.000619 0.183036 0.008466 2.047057
0.751821 0.023425 0.021138 0.011455 0.000626 0.183064 0.008471 2.049405
0.751922 0.023328 0.021157 0.011427 0.000632 0.183053 0.008482 2.051751
0.751999 0.023303 0.021097 0.011411 0.000637 0.183064 0.008490 2.054043
0.752005 0.023271 0.021082 0.011372 0.000645 0.183130 0.008496 2.056308
0.752086 0.023203 0.021067 0.011338 0.000647 0.183156 0.008504 2.058603
0.752196 0.023073 0.020971 0.011377 0.000650 0.183224 0.008510 2.060909
0.752298 0.023008 0.020929 0.011337 0.000654 0.183258 0.008516 2.063154
0.752462 0.022882 0.020859 0.011305 0.000656 0.183309 0.008528 2.065430
0.752618 0.022790 0.020859 0.011270 0.000664 0.183262 0.008537 2.067682
0.752751 0.022732 0.020863 0.011230 0.000659 0.183217 0.008547 2.069926
0.752888 0.022687 0.020855 0.011170 0.000663 0.183183 0.008555 2.072135
0.752988 0.022655 0.020862 0.011152 0.000665 0.183116 0.008563 2.074376
0.753096 0.022596 0.020797 0.011115 0.000663 0.183166 0.008568 2.076561
0.753198 0.022543 0.020731 0.011119 0.000658 0.183173 0.008578 2.078761
0.753419 0.022475 0.020689 0.011092 0.000653 0.183082 0.008592 2.080963
0.753500 0.022473 0.020599 0.011079 0.000661 0.183087 0.008602 2.083159
0.753692 0.022362 0.020545 0.011064 0.000662 0.183064 0.008610 2.085379
0.753836 0.022325 0.020478 0.011045 0.000659 0.183040 0.008617 2.087546
0.753965 0.022285 0.020466 0.011036 0.000666 0.182959 0.008622 2.089743
0.754134 0.022236 0.020407 0.011012 0.000657 0.182919 0.008634 2.091912
0.754314 0.022196 0.020369 0.010913 0.000660 0.182907 0.008640 2.094044
0.754521 0.022001 0.020372 0.010947 0.000667 0.182847 0.008646 2.096263
0.754714 0.021986 0.020268 0.010940 0.000661 0.182774 0.008658 2.098364
0.754884 0.021998 0.020180 0.010924 0.000664 0.182687 0.008663 2.100477
0.755155 0.021874 0.020146 0.010887 0.000657 0.182608 0.008673 2.102618
0.755444 0.021743 0.020122 0.010866 0.000656 0.182487 0.008683 2.104768
0.755800 0.021601 0.020059 0.010860 0.000650 0.182340 0.008690 2.106884
0.756140 0.021435 0.020050 0.010836 0.000652 0.182190 0.008698 2.109024
0.756350 0.021362 0.020009 0.010801 0.000645 0.182126 0.008706 2.111136
0.756570 0.021291 0.019965 0.010799 0.000651 0.182008 0.008717 2.113284
0.756786 0.021216 0.019932 0.010739 0.000654 0.181950 0.008723 2.115386
0.757097 0.021172 0.019865 0.010697 0.000651 0.181788 0.008731 2.117459
0.757396 0.021090 0.019785 0.010668 0.000646 0.181674 0.008741 2.119517
0.757580 0.021081 0.019719 0.010612 0.000649 0.181612 0.008749 2.121594
0.757781 0.021053 0.019662 0.010590 0.000648 0.181510 0.008757 2.123687
0.758037 0.020994 0.019585 0.010557 0.000650 0.181414 0.008765 2.125749
0.758374 0.020933 0.019507 0.010548 0.000650 0.181219 0.008770 2.127765
0.758566 0.020914 0.019422 0.010509 0.000656 0.181158 0.008776 2.129801
0.758816 0.020834 0.019364 0.010470 0.000646 0.181089 0.008781 2.131841
0.759102 0.020762 0.019333 0.010457 0.000653 0.180905 0.008788 2.133901
0.759330 0.020724 0.019239 0.010461 0.000651 0.180798 0.008796 2.135943
0.759674 0.020615 0.019147 0.010428 0.000654 0.180680 0.008801 2.137992
0.760003 0.020602 0.019056 0.010384 0.000654 0.180494 0.008808 2.139999
0.760304 0.020536 0.019050 0.010337 0.000655 0.180304 0.008814 2.142012
0.760615 0.020469 0.019017 0.010313 0.000655 0.180108 0.008824 2.144004
0.760848 0.020447 0.018960 0.010294 0.000648 0.179969 0.008835 2.146003
0.761277 0.020296 0.018912 0.010276 0.000644 0.179752 0.008843 2.148042
0.761648 0.020259 0.018844 0.010196 0.000642 0.179563 0.008849 2.150004
0.761951 0.020227 0.018838 0.010124 0.000637 0.179367 0.008856 2.151966
0.762230 0.020201 0.018803 0.010109 0.000642 0.179151 0.008864 2.153929
0.762521 0.020145 0.018774 0.010075 0.000629 0.178984 0.008872 2.155942
0.762868 0.020120 0.018703 0.010046 0.000632 0.178754 0.008878 2.157895
0.763017 0.020195 0.018621 0.010009 0.000626 0.178645 0.008888 2.159836
0.763328 0.020193 0.018585 0.009964 0.000620 0.178415 0.008896 2.161799
0.763520 0.020190 0.018588 0.009950 0.000618 0.178227 0.008907 2.163787
0.763786 0.020124 0.018532 0.009956 0.000626 0.178065 0.008912 2.165815
0.764026 0.020121 0.018525 0.009893 0.000624 0.177893 0.008918 2.167763
0.764338 0.020082 0.018503 0.009880 0.000620 0.177649 0.008927 2.169724
0.764548 0.020155 0.018421 0.009841 0.000626 0.177472 0.008937 2.171632
0.764803 0.020166 0.018357 0.009849 0.000627 0.177257 0.008940 2.173593
0.765072 0.020189 0.018323 0.009823 0.000636 0.177009 0.008947 2.175569
0.765335 0.020149 0.018324 0.009824 0.000637 0.176779 0.008953 2.177571
0.765620 0.020041 0.018292 0.009815 0.000625 0.176645 0.008962 2.179566
0.765969 0.019918 0.018238 0.009817 0.000623 0.176469 0.008965 2.181557
0.766312 0.019795 0.018199 0.009813 0.000627 0.176282 0.008972 2.183549
0.766658 0.019755 0.018166 0.009748 0.000624 0.176069 0.008981 2.185462
0.766975 0.019717 0.018116 0.009722 0.000630 0.175856 0.008984 2.187376
0.767263 0.019671 0.018046 0.009693 0.000634 0.175703 0.008990 2.189334
0.767575 0.019655 0.018014 0.009661 0.000633 0.175468 0.008995 2.191228
0.767838 0.019650 0.018016 0.009654 0.000629 0.175209 0.009004 2.193148
0.768106 0.019647 0.017967 0.009654 0.000636 0.174981 0.009010 2.195030
0.768419 0.019558 0.018022 0.009667 0.000629 0.174689 0.009017 2.197008
0.768772 0.019522 0.017992 0.009668 0.000627 0.174396 0.009024 2.198906
0.769088 0.019477 0.017953 0.009661 0.000626 0.174163 0.009033 2.200829
0.769334 0.019491 0.017901 0.009613 0.000625 0.173991 0.009044 2.202721
0.769670 0.019457 0.017865 0.009531 0.000624 0.173805 0.009050 2.204596
0.769892 0.019438 0.017863 0.009478 0.000618 0.173655 0.009056 2.206540
0.770066 0.019574 0.017820 0.009430 0.000620 0.173427 0.009064 2.208392
0.770296 0.019521 0.017864 0.009421 0.000618 0.173210 0.009070 2.210364
0.770520 0.019550 0.017831 0.009381 0.000619 0.173021 0.009077 2.212262
0.770762 0.019519 0.017811 0.009399 0.000616 0.172808 0.009086 2.214214
0.771006 0.019540 0.017807 0.009433 0.000609 0.172511 0.009095 2.216146
0.771282 0.019533 0.017702 0.009437 0.000613 0.172333 0.009100 2.218031
0.771513 0.019569 0.017662 0.009402 0.000607 0.172137 0.009112 2.219922
0.771724 0.019592 0.017676 0.009396 0.000605 0.171886 0.009121 2.221830
0.771943 0.019583 0.017664 0.009398 0.000605 0.171673 0.009134 2.223747
0.772212 0.019543 0.017668 0.009414 0.000602 0.171422 0.009139 2.225678
0.772456 0.019543 0.017619 0.009424 0.000606 0.171209 0.009144 2.227604
0.772679 0.019574 0.017543 0.009425 0.000605 0.171025 0.009150 2.229528
0.772863 0.019551 0.017587 0.009465 0.000605 0.170775 0.009154 2.231483
0.773090 0.019544 0.017577 0.009476 0.000603 0.170549 0.009160 2.233374
0.773348 0.019521 0.017600 0.009516 0.000600 0.170250 0.009166 2.235346
0.773494 0.019638 0.017569 0.009490 0.000602 0.170036 0.009173 2.237231
0.773753 0.019613 0.017567 0.009503 0.000601 0.169783 0.009180 2.239151
0.773877 0.019619 0.017552 0.009507 0.000604 0.169656 0.009187 2.241096
0.774037 0.019614 0.017552 0.009496 0.000614 0.169496 0.009193 2.243067
0.774176 0.019569 0.017629 0.009530 0.000607 0.169292 0.009199 2.245027
0.774328 0.019617 0.017591 0.009564 0.000609 0.169085 0.009206 2.246954
0.774543 0.019570 0.017560 0.009563 0.000607 0.168943 0.009215 2.248900
0.774715 0.019511 0.017559 0.009531 0.000598 0.168865 0.009221 2.250853
0.774912 0.019533 0.017517 0.009522 0.000593 0.168695 0.009228 2.252744
0.775049 0.019654 0.017451 0.009507 0.000593 0.168508 0.009238 2.254599
0.775217 0.019652 0.017415 0.009502 0.000596 0.168374 0.009244 2.256550
0.775371 0.019617 0.017491 0.009490 0.000595 0.168187 0.009249 2.258511
0.775539 0.019613 0.017526 0.009469 0.000601 0.167995 0.009258 2.260463
0.775724 0.019634 0.017554 0.009477 0.000608 0.167739 0.009263 2.262396
0.775843 0.019659 0.017516 0.009488 0.000602 0.167625 0.009269 2.264330
0.775999 0.019701 0.017460 0.009455 0.000606 0.167504 0.009275 2.266236
0.776129 0.019760 0.017507 0.009430 0.000606 0.167285 0.009283 2.268141
0.776217 0.019758 0.017554 0.009426 0.000600 0.167154 0.009292 2.270119
0.776299 0.019811 0.017592 0.009407 0.000589 0.167006 0.009297 2.272068
0.776433 0.019862 0.017581 0.009393 0.000593 0.166836 0.009302 2.273994
0.776630 0.019754 0.017567 0.009454 0.000593 0.166697 0.009305 2.275971
0.776748 0.019788 0.017596 0.009443 0.000602 0.166511 0.009313 2.277904
0.776878 0.019821 0.017593 0.009423 0.000606 0.166363 0.009318 2.279840
0.776989 0.019770 0.017659 0.009459 0.000604 0.166196 0.009324 2.281843
0.777146 0.019710 0.017704 0.009464 0.000605 0.166041 0.009332 2.283832
0.777288 0.019685 0.017728 0.009470 0.000606 0.165883 0.009342 2.285799
0.777335 0.019762 0.017720 0.009483 0.000597 0.165756 0.009347 2.287710
0.777435 0.019819 0.017674 0.009483 0.000595 0.165638 0.009355 2.289640
0.777609 0.019926 0.017662 0.009459 0.000590 0.165394 0.009360 2.291522
0.777737 0.019878 0.017724 0.009487 0.000592 0.165216 0.009367 2.293548
0.777853 0.019879 0.017778 0.009474 0.000587 0.165056 0.009374 2.295527
0.777823 0.019955 0.017765 0.009508 0.000591 0.164976 0.009381 2.297497
0.777907 0.019951 0.017774 0.009447 0.000592 0.164940 0.009388 2.299425
0.777964 0.020041 0.017709 0.009439 0.000595 0.164857 0.009395 2.301328
0.778041 0.020057 0.017732 0.009445 0.000592 0.164734 0.009400 2.303265
0.778171 0.020061 0.017705 0.009467 0.000594 0.164598 0.009406 2.305230
0.778238 0.020059 0.017718 0.009518 0.000591 0.164462 0.009414 2.307225
0.778257 0.020105 0.017711 0.009549 0.000582 0.164370 0.009426 2.309187
0.778321 0.020133 0.017727 0.009565 0.000591 0.164227 0.009436 2.311172
0.778409 0.020070 0.017750 0.009585 0.000586 0.164157 0.009444 2.313180
0.778494 0.020112 0.017761 0.009572 0.000587 0.164019 0.009454 2.315122
0.778574 0.020098 0.017809 0.009591 0.000582 0.163884 0.009463 2.317100
0.778640 0.020060 0.017843 0.009617 0.000577 0.163795 0.009467 2.319107
0.778669 0.020100 0.017891 0.009601 0.000570 0.163696 0.009474 2.321057
0.778715 0.020097 0.017882 0.009541 0.000583 0.163706 0.009477 2.323006
0.778757 0.020082 0.017896 0.009569 0.000581 0.163630 0.009485 2.324985
0.778762 0.020137 0.017891 0.009582 0.000580 0.163554 0.009492 2.326958
0.778918 0.020074 0.017912 0.009606 0.000576 0.163415 0.009498 2.328942
0.778898 0.020114 0.017910 0.009618 0.000579 0.163379 0.009504 2.330923
0.778993 0.020081 0.017966 0.009632 0.000579 0.163238 0.009511 2.332914
0.779003 0.020096 0.017984 0.009642 0.000576 0.163182 0.009518 2.334878
0.779062 0.020064 0.017960 0.009654 0.000580 0.163154 0.009525 2.336908
0.779054 0.020146 0.018011 0.009677 0.000590 0.162993 0.009529 2.338869
0.779081 0.020149 0.018061 0.009683 0.000590 0.162899 0.009537 2.340871
0.779167 0.020184 0.018067 0.009679 0.000599 0.162761 0.009543 2.342819
0.779151 0.020297 0.018036 0.009651 0.000600 0.162714 0.009550 2.344739
0.779156 0.020334 0.018070 0.009648 0.000605 0.162633 0.009556 2.346742
0.779151 0.020394 0.018065 0.009644 0.000606 0.162578 0.009562 2.348678
0.779131 0.020412 0.018113 0.009671 0.000605 0.162499 0.009570 2.350708
0.779183 0.020426 0.018165 0.009641 0.000608 0.162400 0.009578 2.352700
0.779140 0.020515 0.018204 0.009627 0.000609 0.162320 0.009585 2.354664
0.779046 0.020576 0.018240 0.009624 0.000616 0.162309 0.009589 2.356674
0.779049 0.020589 0.018245 0.009626 0.000610 0.162284 0.009597 2.358685
0.778953 0.020586 0.018272 0.009659 0.000604 0.162321 0.009605 2.360779
0.778843 0.020693 0.018219 0.009673 0.000611 0.162351 0.009610 2.362773
0.778726 0.020756 0.018235 0.009693 0.000616 0.162360 0.009614 2.364818
0.778706 0.020876 0.018264 0.009672 0.000611 0.162250 0.009621 2.366812
0.778715 0.020876 0.018327 0.009743 0.000609 0.162102 0.009628 2.368881
0.778587 0.020933 0.018383 0.009759 0.000600 0.162103 0.009636 2.370947
0.778474 0.020992 0.018412 0.009826 0.000600 0.162054 0.009641 2.373015
0.778483 0.020958 0.018388 0.009853 0.000592 0.162078 0.009649 2.375095
0.778414 0.021068 0.018374 0.009845 0.000591 0.162049 0.009658 2.377049
0.778433 0.021070 0.018440 0.009858 0.000591 0.161940 0.009666 2.379111
0.778350 0.021107 0.018422 0.009881 0.000590 0.161978 0.009673 2.381129
0.778254 0.021138 0.018506 0.009922 0.000589 0.161910 0.009681 2.383208
0.778235 0.021111 0.018503 0.009925 0.000595 0.161941 0.009690 2.385303
0.778171 0.021115 0.018533 0.009989 0.000604 0.161895 0.009694 2.387357
0.778101 0.021097 0.018536 0.010014 0.000610 0.161945 0.009699 2.389433
0.777988 0.021139 0.018553 0.009982 0.000619 0.162014 0.009704 2.391503
0.777928 0.021093 0.018514 0.010002 0.000620 0.162132 0.009711 2.393567
0.777900 0.021054 0.018514 0.010005 0.000623 0.162188 0.009716 2.395633
0.777872 0.021067 0.018569 0.009999 0.000622 0.162148 0.009723 2.397710
0.777793 0.021056 0.018676 0.010005 0.000623 0.162118 0.009730 2.399797
0.777730 0.021049 0.018681 0.010018 0.000620 0.162164 0.009737 2.401858
0.777750 0.020987 0.018696 0.010017 0.000615 0.162189 0.009747 2.403918
0.777775 0.020929 0.018717 0.010018 0.000613 0.162193 0.009755 2.405989
0.777711 0.020913 0.018700 0.010044 0.000614 0.162258 0.009760 2.408071
0.777751 0.020914 0.018642 0.010096 0.000608 0.162222 0.009768 2.410070
0.777791 0.020936 0.018603 0.010094 0.000607 0.162194 0.009775 2.412075
0.777801 0.020949 0.018616 0.010127 0.000607 0.162118 0.009782 2.414145
0.777825 0.020908 0.018617 0.010132 0.000608 0.162120 0.009791 2.416204
0.777788 0.020859 0.018674 0.010119 0.000608 0.162155 0.009798 2.418277
0.777784 0.020901 0.018690 0.010100 0.000603 0.162117 0.009806 2.420295
0.777744 0.020946 0.018720 0.010038 0.000605 0.162133 0.009814 2.422335
0.777709 0.021064 0.018672 0.010045 0.000598 0.162090 0.009821 2.424330
0.777668 0.021086 0.018682 0.010047 0.000596 0.162092 0.009829 2.426392
0.777567 0.021051 0.018730 0.010117 0.000601 0.162101 0.009834 2.428501
0.777479 0.021086 0.018689 0.010131 0.000592 0.162185 0.009838 2.430531
0.777505 0.021016 0.018651 0.010114 0.000589 0.162280 0.009844 2.432602
0.777437 0.020991 0.018707 0.010122 0.000596 0.162297 0.009851 2.434681
0.777413 0.020992 0.018676 0.010072 0.000590 0.162396 0.009860 2.436714
0.777402 0.020970 0.018686 0.010073 0.000588 0.162414 0.009867 2.438764
0.777308 0.021021 0.018709 0.010067 0.000585 0.162437 0.009874 2.440823
0.777317 0.020999 0.018770 0.010065 0.000589 0.162380 0.009880 2.442900
0.777256 0.021023 0.018750 0.010081 0.000596 0.162407 0.009887 2.444962
0.777273 0.021011 0.018720 0.010103 0.000599 0.162395 0.009899 2.447032
0.777283 0.020963 0.018721 0.010146 0.000591 0.162390 0.009907 2.449125
0.777208 0.020969 0.018715 0.010147 0.000591 0.162457 0.009915 2.451174
0.777258 0.020895 0.018729 0.010140 0.000588 0.162465 0.009926 2.453280
0.777249 0.020871 0.018697 0.010193 0.000589 0.162468 0.009933 2.455354
0.777249 0.020846 0.018691 0.010192 0.000594 0.162492 0.009938 2.457404
0.777178 0.020781 0.018732 0.010188 0.000593 0.162586 0.009943 2.459501
0.777245 0.020704 0.018752 0.010184 0.000591 0.162576 0.009950 2.461575
0.777255 0.020710 0.018730 0.010172 0.000599 0.162579 0.009956 2.463604
0.777216 0.020666 0.018708 0.010194 0.000592 0.162662 0.009963 2.465670
0.777285 0.020635 0.018675 0.010171 0.000589 0.162673 0.009972 2.467675
0.777324 0.020597 0.018721 0.010160 0.000590 0.162630 0.009979 2.469747
0.777366 0.020659 0.018743 0.010124 0.000592 0.162534 0.009983 2.471758
0.777335 0.020647 0.018724 0.010125 0.000600 0.162579 0.009990 2.473796
0.777407 0.020605 0.018678 0.010135 0.000609 0.162571 0.009995 2.475837
0.777408 0.020608 0.018644 0.010141 0.000605 0.162595 0.010000 2.477891
0.777386 0.020594 0.018674 0.010106 0.000597 0.162633 0.010011 2.479938
0.777444 0.020561 0.018691 0.010075 0.000592 0.162622 0.010016 2.481968
0.777486 0.020535 0.018691 0.010036 0.000591 0.162643 0.010019 2.483997
0.777451 0.020576 0.018666 0.010059 0.000592 0.162628 0.010029 2.486028
0.777497 0.020607 0.018645 0.010013 0.000599 0.162601 0.010038 2.488003
0.777457 0.020590 0.018654 0.010034 0.000602 0.162618 0.010045 2.490032
0.777508 0.020588 0.018632 0.010075 0.000603 0.162545 0.010051 2.492055
0.777561 0.020591 0.018601 0.010019 0.000608 0.162566 0.010055 2.494024
0.777608 0.020571 0.018593 0.009982 0.000612 0.162571 0.010064 2.496037
0.777622 0.020589 0.018564 0.010002 0.000607 0.162543 0.010074 2.498017
0.777678 0.020506 0.018609 0.010008 0.000604 0.162516 0.010081 2.500086
0.777639 0.020530 0.018599 0.009959 0.000604 0.162580 0.010089 2.502083
0.777678 0.020519 0.018599 0.009969 0.000599 0.162540 0.010097 2.504112
0.777696 0.020526 0.018570 0.009957 0.000600 0.162548 0.010104 2.506116
0.777678 0.020588 0.018551 0.009985 0.000601 0.162487 0.010111 2.508117
0.777752 0.020536 0.018525 0.009955 0.000590 0.162523 0.010119 2.510141
0.777809 0.020505 0.018552 0.009995 0.000586 0.162429 0.010124 2.512163
0.777905 0.020474 0.018497 0.009966 0.000585 0.162442 0.010131 2.514139
0.777913 0.020393 0.018522 0.009945 0.000584 0.162507 0.010136 2.516183
0.777983 0.020349 0.018535 0.009955 0.000588 0.162446 0.010144 2.518206
0.778019 0.020344 0.018492 0.009958 0.000590 0.162442 0.010156 2.520231
0.778089 0.020301 0.018463 0.009990 0.000591 0.162405 0.010162 2.522249
0.778070 0.020290 0.018481 0.009993 0.000587 0.162409 0.010171 2.524256
0.778038 0.020329 0.018442 0.009968 0.000595 0.162448 0.010180 2.526203
0.778152 0.020340 0.018445 0.009994 0.000601 0.162283 0.010185 2.528176
0.778191 0.020295 0.018432 0.009972 0.000599 0.162315 0.010196 2.530196
0.778264 0.020332 0.018380 0.009934 0.000601 0.162287 0.010204 2.532128
0.778311 0.020314 0.018386 0.009933 0.000603 0.162244 0.010210 2.534141
0.778414 0.020269 0.018347 0.009902 0.000599 0.162250 0.010220 2.536114
0.778470 0.020325 0.018317 0.009891 0.000598 0.162171 0.010228 2.538058
0.778542 0.020283 0.018342 0.009846 0.000608 0.162145 0.010235 2.540082
0.778590 0.020321 0.018340 0.009822 0.000607 0.162079 0.010242 2.542054
0.778641 0.020287 0.018365 0.009795 0.000613 0.162052 0.010247 2.544068
0.778672 0.020311 0.018342 0.009802 0.000618 0.162002 0.010254 2.546033
0.778752 0.020300 0.018326 0.009791 0.000617 0.161951 0.010264 2.547986
0.778745 0.020310 0.018317 0.009782 0.000616 0.161959 0.010273 2.549960
0.778736 0.020342 0.018336 0.009760 0.000616 0.161931 0.010280 2.551986
0.778807 0.020330 0.018264 0.009811 0.000622 0.161879 0.010287 2.553940
0.778797 0.020267 0.018337 0.009832 0.000613 0.161859 0.010295 2.555988
0.778852 0.020244 0.018320 0.009852 0.000614 0.161815 0.010303 2.557996
0.778822 0.020287 0.018277 0.009805 0.000610 0.161891 0.010308 2.559981
0.778827 0.020306 0.018220 0.009808 0.000608 0.161916 0.010314 2.561964
0.778829 0.020311 0.018221 0.009761 0.000620 0.161938 0.010321 2.563954
0.778924 0.020286 0.018240 0.009718 0.000619 0.161886 0.010327 2.565957
0.778941 0.020271 0.018264 0.009709 0.000618 0.161864 0.010333 2.567959
0.779012 0.020245 0.018252 0.009667 0.000621 0.161867 0.010336 2.569944
0.779061 0.020275 0.018214 0.009643 0.000616 0.161848 0.010343 2.571924
0.779096 0.020247 0.018265 0.009664 0.000616 0.161762 0.010350 2.573958
0.779030 0.020348 0.018218 0.009641 0.000621 0.161788 0.010356 2.575908
0.779061 0.020431 0.018251 0.009618 0.000614 0.161662 0.010363 2.577870
0.779131 0.020419 0.018287 0.009621 0.000613 0.161557 0.010372 2.579867
0.779070 0.020477 0.018290 0.009626 0.000613 0.161547 0.010378 2.581851
0.779062 0.020479 0.018328 0.009691 0.000612 0.161443 0.010385 2.583881
0.779081 0.020485 0.018295 0.009697 0.000604 0.161442 0.010396 2.585862
0.779090 0.020556 0.018272 0.009683 0.000605 0.161388 0.010406 2.587799
0.779081 0.020564 0.018288 0.009723 0.000607 0.161328 0.010411 2.589831
0.779016 0.020609 0.018277 0.009727 0.000610 0.161345 0.010417 2.591854
0.778961 0.020640 0.018270 0.009766 0.000611 0.161327 0.010425 2.593891
0.778945 0.020609 0.018287 0.009842 0.000608 0.161280 0.010429 2.595951
0.778926 0.020591 0.018305 0.009853 0.000605 0.161281 0.010439 2.597981
0.779030 0.020570 0.018354 0.009836 0.000607 0.161155 0.010447 2.599989
0.779107 0.020528 0.018300 0.009829 0.000603 0.161177 0.010456 2.601984
0.779084 0.020574 0.018263 0.009873 0.000600 0.161144 0.010463 2.603950
0.779040 0.020536 0.018261 0.009891 0.000595 0.161209 0.010469 2.606013
0.779066 0.020514 0.018222 0.009895 0.000598 0.161230 0.010476 2.608018
0.779047 0.020520 0.018253 0.009907 0.000599 0.161192 0.010483 2.610015
0.779041 0.020491 0.018237 0.009930 0.000602 0.161209 0.010490 2.612041
0.779070 0.020477 0.018237 0.009911 0.000603 0.161208 0.010495 2.614028
0.779138 0.020520 0.018212 0.009946 0.000606 0.161077 0.010502 2.615990
0.779217 0.020427 0.018247 0.009963 0.000603 0.161034 0.010510 2.618026
0.779251 0.020408 0.018245 0.009912 0.000606 0.161062 0.010516 2.620023
0.779190 0.020475 0.018233 0.009896 0.000597 0.161084 0.010525 2.622019
0.779127 0.020477 0.018257 0.009863 0.000601 0.161142 0.010532 2.624058
0.779146 0.020458 0.018252 0.009849 0.000599 0.161154 0.010542 2.626070
0.779133 0.020435 0.018272 0.009858 0.000596 0.161156 0.010550 2.628100
0.779194 0.020396 0.018313 0.009850 0.000595 0.161095 0.010557 2.630096
0.779241 0.020391 0.018238 0.009839 0.000602 0.161126 0.010564 2.632076
0.779311 0.020354 0.018246 0.009837 0.000612 0.161071 0.010569 2.634091
0.779260 0.020410 0.018202 0.009812 0.000612 0.161126 0.010577 2.636063
0.779284 0.020413 0.018208 0.009816 0.000613 0.161083 0.010584 2.638063
0.779282 0.020427 0.018192 0.009779 0.000606 0.161123 0.010591 2.640059
0.779311 0.020402 0.018284 0.009764 0.000615 0.161030 0.010596 2.642089
0.779309 0.020426 0.018270 0.009737 0.000612 0.161042 0.010605 2.644084
0.779377 0.020413 0.018327 0.009737 0.000605 0.160924 0.010617 2.646091
0.779422 0.020395 0.018366 0.009743 0.000605 0.160844 0.010626 2.648077
0.779467 0.020366 0.018382 0.009759 0.000612 0.160783 0.010632 2.650107
0.779403 0.020399 0.018373 0.009743 0.000617 0.160825 0.010641 2.652107
0.779423 0.020352 0.018367 0.009762 0.000624 0.160829 0.010643 2.654132
0.779504 0.020285 0.018396 0.009818 0.000622 0.160724 0.010650 2.656161
0.779480 0.020328 0.018363 0.009785 0.000620 0.160770 0.010655 2.658126
0.779519 0.020328 0.018314 0.009828 0.000627 0.160724 0.010660 2.660103
0.779539 0.020328 0.018286 0.009828 0.000627 0.160726 0.010666 2.662092
0.779525 0.020310 0.018366 0.009812 0.000623 0.160692 0.010673 2.664125
0.779511 0.020339 0.018409 0.009792 0.000628 0.160643 0.010680 2.666139
0.779516 0.020370 0.018359 0.009793 0.000631 0.160646 0.010686 2.668133
0.779540 0.020351 0.018368 0.009771 0.000631 0.160648 0.010691 2.670162
0.779531 0.020310 0.018421 0.009803 0.000629 0.160609 0.010698 2.672189
0.779513 0.020376 0.018331 0.009765 0.000627 0.160685 0.010705 2.674134
0.779514 0.020335 0.018351 0.009815 0.000626 0.160648 0.010712 2.676206
0.779579 0.020323 0.018341 0.009801 0.000616 0.160619 0.010721 2.678188
0.779629 0.020281 0.018289 0.009832 0.000612 0.160630 0.010727 2.680190
0.779605 0.020250 0.018282 0.009848 0.000618 0.160664 0.010734 2.682229
0.779579 0.020321 0.018282 0.009803 0.000623 0.160658 0.010736 2.684169
0.779597 0.020315 0.018267 0.009804 0.000620 0.160655 0.010742 2.686164
0.779604 0.020283 0.018305 0.009824 0.000619 0.160616 0.010750 2.688203
0.779538 0.020365 0.018271 0.009762 0.000611 0.160692 0.010760 2.690144
0.779647 0.020329 0.018295 0.009751 0.000606 0.160604 0.010768 2.692135
0.779647 0.020352 0.018308 0.009753 0.000606 0.160559 0.010775 2.694164
0.779672 0.020346 0.018278 0.009771 0.000612 0.160536 0.010785 2.696162
0.779650 0.020380 0.018237 0.009750 0.000616 0.160580 0.010788 2.698124
0.779558 0.020492 0.018227 0.009727 0.000620 0.160582 0.010794 2.700072
0.779658 0.020428 0.018242 0.009757 0.000618 0.160496 0.010802 2.702083
0.779651 0.020475 0.018169 0.009780 0.000614 0.160502 0.010809 2.704044
0.779633 0.020561 0.018131 0.009799 0.000628 0.160431 0.010817 2.706023
0.779666 0.020516 0.018181 0.009798 0.000619 0.160393 0.010827 2.708048
0.779657 0.020557 0.018143 0.009776 0.000618 0.160416 0.010834 2.710002
0.779608 0.020521 0.018186 0.009799 0.000617 0.160431 0.010839 2.712016
0.779629 0.020501 0.018234 0.009790 0.000612 0.160388 0.010847 2.714028
0.779631 0.020519 0.018226 0.009758 0.000609 0.160404 0.010854 2.716022
0.779541 0.020486 0.018293 0.009760 0.000605 0.160453 0.010863 2.718095
0.779500 0.020534 0.018302 0.009770 0.000601 0.160421 0.010873 2.720103
0.779495 0.020506 0.018320 0.009799 0.000602 0.160399 0.010880 2.722138
0.779472 0.020568 0.018285 0.009790 0.000604 0.160396 0.010886 2.724121
0.779414 0.020519 0.018280 0.009812 0.000600 0.160481 0.010894 2.726153
0.779458 0.020442 0.018332 0.009794 0.000609 0.160470 0.010896 2.728178
0.779398 0.020459 0.018374 0.009808 0.000604 0.160451 0.010906 2.730226
0.779406 0.020461 0.018374 0.009763 0.000597 0.160487 0.010913 2.732204
0.779420 0.020556 0.018371 0.009690 0.000598 0.160447 0.010918 2.734180
0.779306 0.020624 0.018376 0.009680 0.000594 0.160497 0.010924 2.736169
0.779302 0.020688 0.018334 0.009655 0.000598 0.160488 0.010934 2.738128
0.779316 0.020673 0.018324 0.009670 0.000590 0.160483 0.010944 2.740162
0.779414 0.020615 0.018341 0.009688 0.000588 0.160404 0.010951 2.742177
0.779423 0.020637 0.018308 0.009694 0.000592 0.160390 0.010956 2.744166
0.779397 0.020653 0.018312 0.009692 0.000599 0.160383 0.010964 2.746170
0.779337 0.020693 0.018338 0.009691 0.000605 0.160370 0.010967 2.748168
0.779328 0.020646 0.018374 0.009715 0.000603 0.160361 0.010974 2.750216
0.779399 0.020595 0.018405 0.009705 0.000597 0.160318 0.010981 2.752223
