0.339251 0.063046 0.056271 0.032318 0.002226 0.500635 0.006253 1.646151
0.342021 0.060445 0.056137 0.032190 0.002227 0.500696 0.006284 1.652275
0.345736 0.057277 0.055943 0.031840 0.002231 0.500657 0.006316 1.658097
0.349811 0.053894 0.055664 0.031412 0.002237 0.500645 0.006336 1.663666
0.354289 0.050529 0.055163 0.030886 0.002220 0.500549 0.006365 1.668847
0.359115 0.047287 0.054571 0.030212 0.002222 0.500202 0.006392 1.673690
0.364035 0.044084 0.053696 0.029528 0.002226 0.500014 0.006416 1.678238
0.369064 0.041154 0.052664 0.028740 0.002222 0.499714 0.006444 1.682366
0.374267 0.038287 0.051628 0.028031 0.002213 0.499098 0.006477 1.686303
0.379547 0.035638 0.050460 0.027146 0.002192 0.498514 0.006505 1.689918
0.384861 0.033156 0.049131 0.026260 0.002194 0.497872 0.006528 1.693263
0.390287 0.030841 0.047860 0.025338 0.002159 0.496954 0.006561 1.696392
0.395776 0.028707 0.046466 0.024483 0.002139 0.495837 0.006592 1.699330
0.401233 0.026679 0.045028 0.023602 0.002105 0.494735 0.006619 1.702068
0.406724 0.024791 0.043647 0.022722 0.002083 0.493385 0.006648 1.704614
0.412285 0.023060 0.042217 0.021865 0.002042 0.491845 0.006684 1.706974
0.417939 0.021511 0.040756 0.021015 0.002026 0.490046 0.006708 1.709142
0.423568 0.019992 0.039340 0.020139 0.002003 0.488223 0.006735 1.711206
0.429138 0.018607 0.037892 0.019304 0.001992 0.486314 0.006753 1.713104
0.434779 0.017338 0.036505 0.018528 0.001955 0.484117 0.006778 1.714886
0.440378 0.016208 0.035079 0.017728 0.001921 0.481882 0.006805 1.716505
0.446014 0.015133 0.033648 0.016972 0.001900 0.479512 0.006823 1.718047
0.451459 0.014207 0.032268 0.016220 0.001865 0.477132 0.006849 1.719457
0.456931 0.013300 0.030993 0.015473 0.001838 0.474587 0.006877 1.720831
0.462474 0.012481 0.029691 0.014755 0.001819 0.471875 0.006904 1.722070
0.467966 0.011659 0.028458 0.014050 0.001787 0.469154 0.006926 1.723301
0.473467 0.010965 0.027284 0.013409 0.001746 0.466178 0.006950 1.724399
0.478830 0.010326 0.026114 0.012813 0.001712 0.463234 0.006971 1.725436
0.484229 0.009749 0.024874 0.012194 0.001669 0.460289 0.006996 1.726387
0.489598 0.009207 0.023805 0.011603 0.001637 0.457133 0.007017 1.727291
0.494943 0.008649 0.022765 0.011094 0.001605 0.453907 0.007037 1.728209
0.500222 0.008148 0.021799 0.010576 0.001575 0.450622 0.007058 1.729052
0.505494 0.007725 0.020845 0.010083 0.001539 0.447238 0.007077 1.729822
0.510785 0.007315 0.019866 0.009595 0.001503 0.443845 0.007090 1.730579
0.515973 0.006954 0.018981 0.009154 0.001461 0.440366 0.007112 1.731269
0.521109 0.006594 0.018141 0.008712 0.001437 0.436878 0.007128 1.731941
0.526297 0.006238 0.017350 0.008306 0.001410 0.433256 0.007143 1.732601
0.531360 0.005932 0.016567 0.007927 0.001376 0.429680 0.007159 1.733207
0.536424 0.005661 0.015835 0.007550 0.001349 0.426011 0.007171 1.733765
0.541417 0.005372 0.015126 0.007200 0.001325 0.422376 0.007184 1.734323
0.546486 0.005119 0.014440 0.006862 0.001286 0.418604 0.007203 1.734841
0.551457 0.004897 0.013765 0.006525 0.001260 0.414881 0.007215 1.735319
0.556341 0.004666 0.013149 0.006208 0.001235 0.411172 0.007232 1.735797
0.561219 0.004481 0.012575 0.005907 0.001208 0.407365 0.007246 1.736243
0.566137 0.004294 0.011982 0.005651 0.001178 0.403500 0.007259 1.736673
0.570937 0.004135 0.011420 0.005397 0.001145 0.399692 0.007274 1.737084
0.575671 0.003957 0.010898 0.005162 0.001113 0.395907 0.007293 1.737498
0.580429 0.003784 0.010437 0.004930 0.001087 0.392027 0.007306 1.737898
0.585166 0.003644 0.009963 0.004688 0.001054 0.388165 0.007322 1.738270
0.589752 0.003520 0.009470 0.004496 0.001024 0.384401 0.007338 1.738627
0.594378 0.003385 0.009032 0.004300 0.000995 0.380562 0.007349 1.738964
0.598967 0.003255 0.008633 0.004080 0.000967 0.376737 0.007360 1.739292
0.603364 0.003146 0.008234 0.003899 0.000934 0.373047 0.007376 1.739595
0.607776 0.003021 0.007894 0.003712 0.000911 0.369302 0.007384 1.739915
0.612207 0.002907 0.007552 0.003542 0.000886 0.365511 0.007396 1.740208
0.616585 0.002825 0.007250 0.003385 0.000855 0.361692 0.007409 1.740484
0.620851 0.002714 0.006936 0.003225 0.000829 0.358021 0.007423 1.740768
0.625168 0.002632 0.006622 0.003088 0.000803 0.354253 0.007435 1.741030
0.629421 0.002534 0.006315 0.002960 0.000784 0.350540 0.007447 1.741288
0.633592 0.002447 0.006043 0.002837 0.000760 0.346862 0.007460 1.741531
0.637760 0.002357 0.005819 0.002696 0.000736 0.343165 0.007469 1.741783
0.641913 0.002287 0.005557 0.002585 0.000717 0.339465 0.007478 1.742014
0.645966 0.002207 0.005296 0.002487 0.000696 0.335858 0.007492 1.742239
0.649990 0.002146 0.005079 0.002395 0.000674 0.332217 0.007500 1.742450
0.653970 0.002081 0.004847 0.002284 0.000658 0.328649 0.007512 1.742669
0.657990 0.002009 0.004649 0.002196 0.000639 0.324996 0.007521 1.742873
0.661945 0.001953 0.004450 0.002089 0.000618 0.321414 0.007532 1.743075
0.665925 0.001880 0.004283 0.002000 0.000595 0.317780 0.007540 1.743272
0.669729 0.001839 0.004117 0.001922 0.000577 0.314269 0.007547 1.743472
0.673508 0.001790 0.003962 0.001858 0.000553 0.310774 0.007554 1.743656
0.677153 0.001750 0.003809 0.001772 0.000532 0.307422 0.007563 1.743833
0.680887 0.001692 0.003662 0.001691 0.000518 0.303980 0.007571 1.744009
0.684554 0.001675 0.003517 0.001617 0.000506 0.300555 0.007577 1.744155
0.688209 0.001629 0.003369 0.001536 0.000495 0.297181 0.007582 1.744307
0.691811 0.001574 0.003257 0.001460 0.000477 0.293836 0.007588 1.744475
0.695319 0.001539 0.003148 0.001420 0.000453 0.290525 0.007597 1.744641
0.698794 0.001506 0.003030 0.001382 0.000445 0.287245 0.007600 1.744786
0.702298 0.001471 0.002924 0.001333 0.000430 0.283939 0.007606 1.744933
0.705796 0.001428 0.002824 0.001285 0.000413 0.280641 0.007612 1.745077
0.709175 0.001396 0.002734 0.001222 0.000399 0.277455 0.007620 1.745214
0.712353 0.001384 0.002620 0.001176 0.000389 0.274455 0.007624 1.745348
0.715759 0.001361 0.002530 0.001116 0.000382 0.271224 0.007629 1.745472
0.718988 0.001322 0.002441 0.001082 0.000369 0.268166 0.007633 1.745615
0.722302 0.001287 0.002355 0.001043 0.000358 0.265019 0.007637 1.745752
0.725595 0.001268 0.002265 0.001000 0.000345 0.261888 0.007639 1.745869
0.728782 0.001243 0.002181 0.000972 0.000332 0.258848 0.007643 1.745987
0.731922 0.001237 0.002085 0.000942 0.000321 0.255845 0.007650 1.746092
0.735012 0.001216 0.002001 0.000909 0.000312 0.252899 0.007653 1.746202
0.738091 0.001216 0.001937 0.000878 0.000301 0.249921 0.007657 1.746301
0.741139 0.001190 0.001886 0.000856 0.000295 0.246976 0.007660 1.746420
0.744110 0.001170 0.001828 0.000836 0.000282 0.244112 0.007663 1.746533
0.747102 0.001140 0.001777 0.000823 0.000274 0.241219 0.007667 1.746658
0.750028 0.001116 0.001727 0.000793 0.000266 0.238402 0.007670 1.746760
0.752887 0.001104 0.001666 0.000760 0.000258 0.235651 0.007675 1.746863
0.755748 0.001079 0.001619 0.000735 0.000253 0.232887 0.007678 1.746970
0.758545 0.001046 0.001588 0.000723 0.000246 0.230171 0.007682 1.747086
0.761380 0.001024 0.001545 0.000703 0.000237 0.227424 0.007687 1.747184
0.764103 0.001010 0.001512 0.000684 0.000233 0.224768 0.007690 1.747279
0.766837 0.000990 0.001477 0.000669 0.000225 0.222109 0.007694 1.747373
0.769567 0.000966 0.001435 0.000647 0.000215 0.219473 0.007699 1.747468
0.772186 0.000954 0.001405 0.000626 0.000202 0.216926 0.007703 1.747565
0.774842 0.000935 0.001374 0.000601 0.000198 0.214346 0.007705 1.747655
0.777436 0.000920 0.001338 0.000584 0.000193 0.211823 0.007707 1.747741
0.779927 0.000908 0.001315 0.000575 0.000183 0.209381 0.007710 1.747836
0.782474 0.000886 0.001287 0.000562 0.000181 0.206899 0.007712 1.747920
0.785002 0.000886 0.001251 0.000558 0.000173 0.204415 0.007717 1.748001
0.787472 0.000874 0.001225 0.000544 0.000168 0.201998 0.007720 1.748085
0.789888 0.000858 0.001187 0.000543 0.000164 0.199639 0.007720 1.748184
0.792313 0.000854 0.001155 0.000539 0.000161 0.197258 0.007720 1.748261
0.794734 0.000846 0.001126 0.000522 0.000156 0.194896 0.007722 1.748332
0.797081 0.000827 0.001102 0.000516 0.000148 0.192600 0.007726 1.748420
0.799378 0.000813 0.001079 0.000507 0.000140 0.190358 0.007728 1.748502
0.801656 0.000803 0.001059 0.000500 0.000136 0.188118 0.007728 1.748581
0.803922 0.000785 0.001028 0.000501 0.000129 0.185902 0.007732 1.748663
0.806191 0.000770 0.001015 0.000492 0.000127 0.183673 0.007733 1.748740
0.808397 0.000762 0.000997 0.000481 0.000121 0.181506 0.007736 1.748817
0.810625 0.000743 0.000982 0.000466 0.000117 0.179329 0.007739 1.748897
0.812750 0.000737 0.000949 0.000461 0.000116 0.177248 0.007740 1.748974
0.814913 0.000709 0.000935 0.000451 0.000113 0.175139 0.007740 1.749051
0.817058 0.000707 0.000914 0.000434 0.000111 0.173034 0.007742 1.749110
0.819170 0.000703 0.000893 0.000429 0.000104 0.170956 0.007745 1.749174
0.821188 0.000695 0.000879 0.000419 0.000103 0.168969 0.007745 1.749245
0.823215 0.000680 0.000874 0.000406 0.000100 0.166976 0.007748 1.749320
0.825226 0.000663 0.000855 0.000404 0.000098 0.165007 0.007749 1.749391
0.827205 0.000655 0.000829 0.000401 0.000094 0.163065 0.007750 1.749456
0.829166 0.000653 0.000818 0.000393 0.000090 0.161129 0.007752 1.749518
0.831135 0.000635 0.000807 0.000393 0.000086 0.159189 0.007754 1.749588
0.833071 0.000633 0.000795 0.000381 0.000082 0.157283 0.007755 1.749647
0.835034 0.000627 0.000780 0.000372 0.000078 0.155353 0.007756 1.749707
0.836935 0.000621 0.000754 0.000373 0.000076 0.153483 0.007757 1.749772
0.838770 0.000632 0.000749 0.000363 0.000074 0.151654 0.007758 1.749829
0.840572 0.000624 0.000740 0.000356 0.000071 0.149877 0.007760 1.749890
0.842340 0.000606 0.000732 0.000346 0.000068 0.148146 0.007761 1.749955
0.844155 0.000594 0.000721 0.000341 0.000066 0.146361 0.007763 1.750010
0.845904 0.000586 0.000702 0.000332 0.000067 0.144647 0.007764 1.750062
0.847665 0.000583 0.000685 0.000330 0.000063 0.142909 0.007765 1.750115
0.849403 0.000580 0.000681 0.000325 0.000065 0.141181 0.007766 1.750176
0.851095 0.000597 0.000661 0.000316 0.000062 0.139504 0.007766 1.750218
0.852757 0.000594 0.000650 0.000315 0.000060 0.137857 0.007766 1.750275
0.854424 0.000586 0.000646 0.000304 0.000059 0.136215 0.007767 1.750331
0.856074 0.000581 0.000635 0.000294 0.000058 0.134591 0.007768 1.750388
0.857660 0.000569 0.000620 0.000290 0.000056 0.133037 0.007768 1.750445
0.859219 0.000571 0.000620 0.000290 0.000056 0.131477 0.007768 1.750503
0.860774 0.000568 0.000616 0.000290 0.000054 0.129930 0.007769 1.750561
0.862304 0.000565 0.000620 0.000286 0.000052 0.128405 0.007769 1.750625
0.863869 0.000555 0.000622 0.000285 0.000049 0.126851 0.007769 1.750687
0.865351 0.000548 0.000608 0.000277 0.000048 0.125399 0.007770 1.750734
0.866856 0.000548 0.000591 0.000274 0.000047 0.123914 0.007770 1.750779
0.868270 0.000553 0.000594 0.000265 0.000045 0.122502 0.007771 1.750831
0.869730 0.000553 0.000589 0.000269 0.000044 0.121043 0.007772 1.750884
0.871142 0.000545 0.000584 0.000270 0.000042 0.119645 0.007773 1.750938
0.872537 0.000537 0.000582 0.000271 0.000042 0.118258 0.007773 1.750998
0.873874 0.000530 0.000575 0.000269 0.000042 0.116937 0.007774 1.751050
0.875159 0.000528 0.000573 0.000264 0.000042 0.115660 0.007774 1.751107
0.876481 0.000526 0.000556 0.000266 0.000042 0.114356 0.007774 1.751159
0.877796 0.000517 0.000565 0.000263 0.000040 0.113045 0.007775 1.751211
0.879058 0.000513 0.000558 0.000256 0.000038 0.111802 0.007775 1.751260
0.880278 0.000518 0.000555 0.000254 0.000038 0.110583 0.007775 1.751313
0.881501 0.000519 0.000538 0.000252 0.000039 0.109377 0.007775 1.751362
0.882703 0.000514 0.000537 0.000252 0.000039 0.108181 0.007775 1.751412
0.883911 0.000513 0.000533 0.000245 0.000037 0.106987 0.007775 1.751456
0.885095 0.000513 0.000531 0.000243 0.000035 0.105808 0.007776 1.751507
0.886237 0.000517 0.000528 0.000238 0.000034 0.104670 0.007777 1.751552
0.887370 0.000510 0.000530 0.000238 0.000033 0.103542 0.007778 1.751603
0.888465 0.000516 0.000516 0.000240 0.000033 0.102454 0.007778 1.751646
0.889533 0.000495 0.000523 0.000247 0.000034 0.101392 0.007778 1.751709
0.890611 0.000496 0.000520 0.000246 0.000032 0.100317 0.007778 1.751763
0.891648 0.000506 0.000514 0.000241 0.000034 0.099279 0.007778 1.751806
0.892667 0.000498 0.000512 0.000240 0.000033 0.098272 0.007778 1.751861
0.893673 0.000507 0.000492 0.000241 0.000031 0.097279 0.007779 1.751897
0.894685 0.000517 0.000485 0.000244 0.000031 0.096259 0.007779 1.751944
0.895671 0.000519 0.000502 0.000235 0.000030 0.095264 0.007780 1.751999
0.896687 0.000517 0.000502 0.000231 0.000029 0.094255 0.007781 1.752043
0.897634 0.000507 0.000506 0.000232 0.000029 0.093310 0.007781 1.752101
0.898574 0.000506 0.000506 0.000231 0.000028 0.092373 0.007782 1.752149
0.899464 0.000506 0.000496 0.000228 0.000028 0.091496 0.007783 1.752191
0.900337 0.000493 0.000499 0.000235 0.000028 0.090624 0.007783 1.752256
0.901218 0.000480 0.000504 0.000238 0.000027 0.089750 0.007784 1.752311
0.902072 0.000468 0.000511 0.000241 0.000027 0.088897 0.007784 1.752367
0.902902 0.000470 0.000511 0.000243 0.000027 0.088065 0.007784 1.752422
0.903706 0.000473 0.000503 0.000245 0.000026 0.087263 0.007784 1.752470
0.904528 0.000465 0.000497 0.000248 0.000026 0.086452 0.007785 1.752520
0.905355 0.000473 0.000480 0.000241 0.000024 0.085641 0.007786 1.752558
0.906150 0.000470 0.000472 0.000238 0.000024 0.084860 0.007786 1.752603
0.906938 0.000473 0.000471 0.000233 0.000025 0.084073 0.007787 1.752645
0.907724 0.000476 0.000467 0.000230 0.000023 0.083293 0.007787 1.752686
0.908489 0.000470 0.000468 0.000231 0.000023 0.082531 0.007787 1.752738
0.909272 0.000471 0.000464 0.000221 0.000024 0.081761 0.007787 1.752776
0.909969 0.000466 0.000459 0.000226 0.000023 0.081069 0.007788 1.752826
0.910657 0.000471 0.000449 0.000231 0.000022 0.080381 0.007788 1.752868
0.911392 0.000467 0.000452 0.000233 0.000022 0.079646 0.007789 1.752917
0.912081 0.000467 0.000456 0.000232 0.000021 0.078953 0.007789 1.752965
0.912767 0.000471 0.000460 0.000229 0.000020 0.078264 0.007790 1.753011
0.913484 0.000476 0.000448 0.000235 0.000019 0.077549 0.007790 1.753056
0.914167 0.000464 0.000448 0.000240 0.000019 0.076873 0.007790 1.753108
0.914841 0.000472 0.000445 0.000231 0.000017 0.076205 0.007790 1.753151
0.915498 0.000462 0.000459 0.000231 0.000017 0.075543 0.007790 1.753208
0.916130 0.000460 0.000462 0.000226 0.000016 0.074914 0.007791 1.753257
0.916788 0.000457 0.000461 0.000226 0.000015 0.074262 0.007792 1.753299
0.917394 0.000455 0.000463 0.000226 0.000014 0.073658 0.007792 1.753344
0.917985 0.000459 0.000459 0.000220 0.000015 0.073071 0.007792 1.753383
0.918578 0.000467 0.000452 0.000216 0.000016 0.072480 0.007792 1.753426
0.919165 0.000461 0.000446 0.000216 0.000015 0.071905 0.007792 1.753471
0.919726 0.000454 0.000442 0.000217 0.000015 0.071354 0.007793 1.753514
0.920277 0.000450 0.000438 0.000224 0.000014 0.070804 0.007793 1.753561
0.920841 0.000444 0.000442 0.000225 0.000014 0.070240 0.007794 1.753610
0.921378 0.000445 0.000448 0.000224 0.000014 0.069699 0.007794 1.753656
0.921886 0.000448 0.000450 0.000225 0.000012 0.069184 0.007795 1.753705
0.922394 0.000461 0.000444 0.000218 0.000012 0.068675 0.007795 1.753745
0.922889 0.000467 0.000435 0.000222 0.000012 0.068181 0.007795 1.753786
0.923414 0.000453 0.000441 0.000222 0.000012 0.067663 0.007796 1.753838
0.923908 0.000451 0.000437 0.000226 0.000012 0.067169 0.007796 1.753881
0.924394 0.000441 0.000440 0.000224 0.000013 0.066694 0.007796 1.753931
0.924867 0.000440 0.000441 0.000225 0.000015 0.066216 0.007796 1.753973
0.925329 0.000438 0.000441 0.000231 0.000013 0.065752 0.007797 1.754020
0.925777 0.000446 0.000432 0.000231 0.000014 0.065303 0.007797 1.754061
0.926234 0.000449 0.000431 0.000223 0.000015 0.064852 0.007797 1.754106
0.926656 0.000448 0.000434 0.000220 0.000015 0.064431 0.007797 1.754151
0.927061 0.000450 0.000435 0.000207 0.000014 0.064035 0.007797 1.754193
0.927497 0.000445 0.000434 0.000204 0.000014 0.063609 0.007798 1.754240
0.927903 0.000448 0.000428 0.000203 0.000014 0.063207 0.007798 1.754284
0.928324 0.000437 0.000428 0.000203 0.000012 0.062798 0.007798 1.754328
0.928708 0.000434 0.000434 0.000199 0.000013 0.062413 0.007799 1.754377
0.929118 0.000439 0.000437 0.000193 0.000013 0.062002 0.007799 1.754419
0.929478 0.000447 0.000433 0.000189 0.000011 0.061642 0.007799 1.754456
0.929868 0.000455 0.000432 0.000190 0.000011 0.061244 0.007799 1.754492
0.930241 0.000459 0.000429 0.000189 0.000012 0.060872 0.007799 1.754532
0.930605 0.000463 0.000432 0.000185 0.000012 0.060504 0.007799 1.754574
0.930958 0.000468 0.000429 0.000180 0.000012 0.060154 0.007799 1.754617
0.931288 0.000473 0.000419 0.000178 0.000012 0.059832 0.007799 1.754655
0.931642 0.000465 0.000420 0.000176 0.000012 0.059485 0.007800 1.754703
0.931951 0.000464 0.000416 0.000175 0.000011 0.059182 0.007800 1.754747
0.932245 0.000465 0.000414 0.000179 0.000012 0.058885 0.007800 1.754793
0.932552 0.000465 0.000412 0.000182 0.000013 0.058576 0.007800 1.754838
0.932861 0.000466 0.000412 0.000186 0.000013 0.058261 0.007800 1.754881
0.933178 0.000464 0.000420 0.000185 0.000014 0.057940 0.007800 1.754929
0.933476 0.000467 0.000421 0.000182 0.000012 0.057642 0.007801 1.754970
0.933777 0.000474 0.000417 0.000176 0.000013 0.057343 0.007801 1.755010
0.934063 0.000470 0.000412 0.000183 0.000014 0.057055 0.007802 1.755058
0.934358 0.000453 0.000417 0.000185 0.000013 0.056772 0.007802 1.755104
0.934643 0.000456 0.000421 0.000186 0.000014 0.056479 0.007802 1.755148
0.934914 0.000453 0.000419 0.000188 0.000015 0.056210 0.007802 1.755198
0.935182 0.000448 0.000417 0.000185 0.000015 0.055952 0.007802 1.755233
0.935434 0.000447 0.000417 0.000191 0.000015 0.055694 0.007802 1.755280
0.935682 0.000442 0.000417 0.000196 0.000016 0.055446 0.007802 1.755321
0.935917 0.000439 0.000415 0.000201 0.000016 0.055211 0.007802 1.755368
0.936147 0.000445 0.000416 0.000199 0.000015 0.054977 0.007802 1.755407
0.936386 0.000438 0.000415 0.000199 0.000014 0.054747 0.007802 1.755450
0.936613 0.000434 0.000411 0.000199 0.000013 0.054528 0.007802 1.755493
0.936839 0.000444 0.000411 0.000202 0.000012 0.054290 0.007803 1.755529
0.937061 0.000440 0.000412 0.000203 0.000011 0.054071 0.007803 1.755575
0.937288 0.000441 0.000410 0.000200 0.000010 0.053849 0.007803 1.755612
0.937507 0.000449 0.000402 0.000201 0.000010 0.053628 0.007803 1.755651
0.937705 0.000450 0.000405 0.000203 0.000010 0.053426 0.007803 1.755693
0.937884 0.000459 0.000409 0.000198 0.000011 0.053237 0.007803 1.755734
0.938083 0.000463 0.000406 0.000200 0.000011 0.053035 0.007803 1.755773
0.938292 0.000459 0.000408 0.000204 0.000011 0.052824 0.007803 1.755819
0.938460 0.000463 0.000408 0.000202 0.000012 0.052653 0.007803 1.755863
0.938639 0.000446 0.000411 0.000206 0.000012 0.052484 0.007803 1.755917
0.938848 0.000444 0.000412 0.000204 0.000012 0.052277 0.007804 1.755957
0.939034 0.000450 0.000415 0.000207 0.000012 0.052079 0.007804 1.755998
0.939214 0.000460 0.000409 0.000205 0.000013 0.051894 0.007804 1.756039
0.939382 0.000448 0.000422 0.000210 0.000013 0.051721 0.007805 1.756092
0.939540 0.000453 0.000424 0.000208 0.000012 0.051558 0.007805 1.756129
0.939710 0.000444 0.000423 0.000209 0.000012 0.051396 0.007806 1.756176
0.939865 0.000443 0.000417 0.000210 0.000013 0.051246 0.007806 1.756221
0.940035 0.000445 0.000424 0.000208 0.000014 0.051068 0.007806 1.756265
0.940190 0.000454 0.000417 0.000205 0.000014 0.050913 0.007806 1.756304
0.940352 0.000442 0.000424 0.000206 0.000014 0.050756 0.007806 1.756351
0.940474 0.000455 0.000426 0.000199 0.000015 0.050625 0.007806 1.756390
0.940616 0.000461 0.000429 0.000198 0.000015 0.050473 0.007806 1.756432
0.940736 0.000461 0.000425 0.000198 0.000015 0.050356 0.007807 1.756479
0.940856 0.000464 0.000426 0.000198 0.000015 0.050234 0.007807 1.756520
0.941007 0.000457 0.000425 0.000201 0.000014 0.050088 0.007808 1.756569
0.941147 0.000453 0.000430 0.000202 0.000012 0.049948 0.007808 1.756615
0.941283 0.000452 0.000425 0.000206 0.000012 0.049813 0.007808 1.756661
0.941415 0.000453 0.000423 0.000210 0.000012 0.049679 0.007808 1.756706
0.941543 0.000456 0.000418 0.000211 0.000012 0.049553 0.007808 1.756748
0.941668 0.000458 0.000422 0.000214 0.000012 0.049417 0.007808 1.756790
0.941802 0.000464 0.000417 0.000212 0.000011 0.049287 0.007808 1.756826
0.941900 0.000466 0.000421 0.000214 0.000012 0.049179 0.007808 1.756874
0.942008 0.000459 0.000427 0.000210 0.000011 0.049077 0.007808 1.756923
0.942125 0.000453 0.000432 0.000211 0.000011 0.048961 0.007808 1.756969
0.942252 0.000449 0.000434 0.000211 0.000011 0.048836 0.007808 1.757016
0.942363 0.000447 0.000429 0.000208 0.000010 0.048735 0.007808 1.757060
0.942482 0.000447 0.000423 0.000211 0.000011 0.048618 0.007808 1.757104
0.942599 0.000434 0.000435 0.000218 0.000011 0.048495 0.007808 1.757161
0.942705 0.000439 0.000438 0.000214 0.000011 0.048385 0.007809 1.757205
0.942815 0.000438 0.000428 0.000205 0.000011 0.048295 0.007809 1.757240
0.942924 0.000428 0.000425 0.000200 0.000010 0.048204 0.007809 1.757288
0.943041 0.000426 0.000419 0.000200 0.000011 0.048095 0.007809 1.757332
0.943138 0.000425 0.000419 0.000196 0.000011 0.048002 0.007809 1.757374
0.943232 0.000429 0.000414 0.000202 0.000010 0.047904 0.007810 1.757416
0.943328 0.000443 0.000412 0.000198 0.000010 0.047799 0.007810 1.757453
0.943424 0.000448 0.000411 0.000200 0.000011 0.047696 0.007810 1.757496
0.943512 0.000436 0.000421 0.000195 0.000011 0.047616 0.007810 1.757550
0.943610 0.000439 0.000417 0.000195 0.000012 0.047517 0.007810 1.757590
0.943693 0.000436 0.000416 0.000196 0.000011 0.047437 0.007811 1.757637
0.943781 0.000443 0.000421 0.000194 0.000011 0.047339 0.007811 1.757680
0.943846 0.000452 0.000415 0.000194 0.000011 0.047272 0.007811 1.757722
0.943932 0.000449 0.000419 0.000202 0.000011 0.047179 0.007811 1.757772
0.944019 0.000456 0.000423 0.000197 0.000011 0.047085 0.007811 1.757811
0.944110 0.000458 0.000416 0.000200 0.000011 0.046994 0.007811 1.757856
0.944192 0.000464 0.000417 0.000197 0.000011 0.046908 0.007811 1.757894
0.944260 0.000476 0.000405 0.000197 0.000010 0.046840 0.007811 1.757936
0.944344 0.000479 0.000399 0.000200 0.000010 0.046759 0.007811 1.757978
0.944430 0.000477 0.000405 0.000193 0.000010 0.046676 0.007811 1.758021
0.944514 0.000465 0.000408 0.000198 0.000010 0.046594 0.007811 1.758070
0.944589 0.000466 0.000411 0.000196 0.000010 0.046517 0.007811 1.758118
0.944670 0.000468 0.000420 0.000199 0.000011 0.046423 0.007811 1.758165
0.944749 0.000447 0.000429 0.000200 0.000011 0.046353 0.007811 1.758227
0.944801 0.000457 0.000428 0.000199 0.000011 0.046292 0.007811 1.758267
0.944866 0.000469 0.000429 0.000199 0.000012 0.046216 0.007811 1.758308
0.944939 0.000468 0.000432 0.000199 0.000012 0.046139 0.007811 1.758353
0.944988 0.000475 0.000431 0.000200 0.000013 0.046081 0.007811 1.758394
0.945044 0.000473 0.000441 0.000202 0.000012 0.046015 0.007812 1.758445
0.945101 0.000478 0.000431 0.000202 0.000013 0.045963 0.007812 1.758485
0.945161 0.000469 0.000431 0.000205 0.000013 0.045908 0.007813 1.758533
0.945218 0.000480 0.000431 0.000209 0.000013 0.045836 0.007813 1.758579
0.945264 0.000485 0.000438 0.000209 0.000011 0.045779 0.007813 1.758628
0.945309 0.000483 0.000441 0.000212 0.000010 0.045732 0.007813 1.758681
0.945356 0.000474 0.000444 0.000213 0.000010 0.045690 0.007813 1.758731
0.945413 0.000478 0.000442 0.000209 0.000010 0.045634 0.007813 1.758777
0.945475 0.000472 0.000442 0.000211 0.000010 0.045576 0.007813 1.758823
0.945519 0.000479 0.000436 0.000207 0.000010 0.045536 0.007813 1.758870
0.945551 0.000486 0.000440 0.000209 0.000011 0.045490 0.007813 1.758917
0.945605 0.000491 0.000438 0.000201 0.000010 0.045440 0.007814 1.758961
0.945657 0.000495 0.000439 0.000202 0.000010 0.045383 0.007814 1.759005
0.945694 0.000496 0.000444 0.000201 0.000010 0.045341 0.007814 1.759055
0.945736 0.000506 0.000440 0.000204 0.000011 0.045288 0.007814 1.759101
0.945775 0.000519 0.000432 0.000203 0.000011 0.045246 0.007814 1.759145
0.945820 0.000516 0.000439 0.000213 0.000010 0.045187 0.007815 1.759197
0.945862 0.000524 0.000444 0.000212 0.000010 0.045131 0.007815 1.759246
0.945889 0.000528 0.000451 0.000220 0.000010 0.045086 0.007815 1.759303
0.945947 0.000528 0.000453 0.000218 0.000010 0.045029 0.007815 1.759349
0.945975 0.000528 0.000464 0.000221 0.000010 0.044987 0.007815 1.759404
0.946007 0.000537 0.000461 0.000221 0.000010 0.044950 0.007815 1.759452
0.946049 0.000535 0.000469 0.000222 0.000010 0.044898 0.007816 1.759508
0.946083 0.000542 0.000465 0.000227 0.000010 0.044858 0.007816 1.759559
0.946108 0.000548 0.000470 0.000220 0.000009 0.044829 0.007817 1.759612
0.946144 0.000551 0.000469 0.000218 0.000009 0.044794 0.007817 1.759666
0.946176 0.000553 0.000476 0.000226 0.000008 0.044744 0.007817 1.759720
0.946202 0.000551 0.000479 0.000237 0.000009 0.044705 0.007817 1.759780
0.946238 0.000562 0.000478 0.000233 0.000010 0.044661 0.007817 1.759826
0.946257 0.000565 0.000476 0.000232 0.000009 0.044643 0.007817 1.759879
0.946288 0.000572 0.000477 0.000232 0.000010 0.044605 0.007817 1.759926
0.946317 0.000573 0.000466 0.000233 0.000010 0.044583 0.007817 1.759979
0.946346 0.000566 0.000477 0.000239 0.000010 0.044543 0.007817 1.760041
0.946386 0.000564 0.000486 0.000239 0.000012 0.044494 0.007817 1.760098
0.946405 0.000561 0.000491 0.000243 0.000013 0.044470 0.007817 1.760157
0.946419 0.000569 0.000496 0.000249 0.000013 0.044437 0.007817 1.760214
0.946436 0.000578 0.000492 0.000250 0.000012 0.044413 0.007817 1.760265
0.946467 0.000578 0.000489 0.000247 0.000012 0.044389 0.007817 1.760317
0.946495 0.000569 0.000490 0.000247 0.000012 0.044368 0.007817 1.760377
0.946519 0.000556 0.000499 0.000246 0.000012 0.044351 0.007817 1.760440
0.946534 0.000555 0.000502 0.000254 0.000011 0.044327 0.007817 1.760505
0.946561 0.000558 0.000501 0.000255 0.000012 0.044296 0.007817 1.760565
0.946584 0.000551 0.000509 0.000252 0.000011 0.044276 0.007818 1.760623
0.946592 0.000559 0.000506 0.000246 0.000011 0.044268 0.007818 1.760672
0.946608 0.000565 0.000496 0.000241 0.000011 0.044260 0.007818 1.760725
0.946629 0.000559 0.000491 0.000245 0.000011 0.044248 0.007818 1.760788
0.946654 0.000557 0.000501 0.000239 0.000012 0.044218 0.007819 1.760846
0.946680 0.000552 0.000505 0.000238 0.000012 0.044195 0.007819 1.760903
0.946698 0.000558 0.000501 0.000239 0.000012 0.044173 0.007819 1.760951
0.946713 0.000556 0.000508 0.000238 0.000012 0.044154 0.007819 1.761004
0.946727 0.000554 0.000520 0.000236 0.000013 0.044131 0.007819 1.761063
0.946732 0.000548 0.000524 0.000243 0.000013 0.044120 0.007819 1.761128
0.946738 0.000562 0.000520 0.000243 0.000012 0.044105 0.007820 1.761182
0.946749 0.000564 0.000518 0.000243 0.000012 0.044093 0.007820 1.761240
0.946764 0.000573 0.000519 0.000239 0.000013 0.044072 0.007820 1.761297
0.946789 0.000577 0.000511 0.000238 0.000014 0.044051 0.007820 1.761347
0.946800 0.000583 0.000510 0.000237 0.000013 0.044036 0.007820 1.761405
0.946803 0.000580 0.000512 0.000241 0.000013 0.044030 0.007820 1.761465
0.946816 0.000579 0.000502 0.000248 0.000013 0.044020 0.007821 1.761524
0.946829 0.000575 0.000505 0.000250 0.000013 0.044007 0.007821 1.761580
0.946853 0.000562 0.000508 0.000256 0.000012 0.043986 0.007822 1.761642
0.946866 0.000572 0.000505 0.000256 0.000012 0.043967 0.007822 1.761693
0.946875 0.000574 0.000503 0.000257 0.000012 0.043956 0.007822 1.761747
0.946896 0.000571 0.000514 0.000249 0.000012 0.043937 0.007822 1.761803
0.946917 0.000572 0.000520 0.000248 0.000013 0.043907 0.007822 1.761862
0.946927 0.000569 0.000524 0.000248 0.000013 0.043898 0.007822 1.761921
0.946941 0.000576 0.000518 0.000248 0.000013 0.043880 0.007822 1.761973
0.946956 0.000579 0.000520 0.000253 0.000013 0.043858 0.007822 1.762031
0.946970 0.000576 0.000521 0.000258 0.000014 0.043838 0.007822 1.762091
0.946974 0.000581 0.000528 0.000257 0.000014 0.043823 0.007822 1.762147
0.946974 0.000585 0.000525 0.000251 0.000015 0.043827 0.007822 1.762202
0.946976 0.000592 0.000527 0.000251 0.000015 0.043816 0.007822 1.762259
0.946965 0.000591 0.000529 0.000253 0.000015 0.043824 0.007822 1.762320
0.946976 0.000585 0.000535 0.000254 0.000015 0.043812 0.007823 1.762380
0.946981 0.000593 0.000538 0.000254 0.000016 0.043796 0.007823 1.762437
0.946999 0.000579 0.000537 0.000259 0.000016 0.043786 0.007823 1.762498
0.947002 0.000578 0.000541 0.000258 0.000016 0.043781 0.007823 1.762555
0.947013 0.000582 0.000541 0.000251 0.000017 0.043772 0.007823 1.762605
0.947039 0.000576 0.000533 0.000251 0.000017 0.043760 0.007823 1.762659
0.947052 0.000579 0.000528 0.000250 0.000017 0.043750 0.007823 1.762713
0.947049 0.000575 0.000537 0.000249 0.000016 0.043751 0.007823 1.762782
0.947047 0.000581 0.000541 0.000242 0.000016 0.043749 0.007823 1.762836
0.947061 0.000596 0.000528 0.000234 0.000017 0.043740 0.007823 1.762877
0.947060 0.000604 0.000530 0.000235 0.000018 0.043730 0.007824 1.762934
0.947052 0.000606 0.000531 0.000234 0.000017 0.043737 0.007824 1.762992
0.947048 0.000601 0.000529 0.000241 0.000018 0.043739 0.007824 1.763055
0.947066 0.000580 0.000533 0.000247 0.000017 0.043732 0.007824 1.763117
0.947067 0.000580 0.000534 0.000251 0.000017 0.043726 0.007824 1.763180
0.947068 0.000571 0.000543 0.000247 0.000017 0.043728 0.007824 1.763245
0.947068 0.000575 0.000536 0.000242 0.000017 0.043738 0.007825 1.763295
0.947077 0.000578 0.000535 0.000243 0.000015 0.043724 0.007826 1.763351
0.947095 0.000559 0.000540 0.000239 0.000014 0.043724 0.007826 1.763413
0.947107 0.000556 0.000543 0.000237 0.000016 0.043714 0.007826 1.763475
0.947124 0.000559 0.000538 0.000239 0.000016 0.043697 0.007826 1.763522
0.947134 0.000556 0.000544 0.000243 0.000016 0.043682 0.007826 1.763582
0.947159 0.000543 0.000550 0.000235 0.000016 0.043670 0.007827 1.763643
0.947166 0.000543 0.000542 0.000234 0.000016 0.043671 0.007828 1.763693
0.947185 0.000542 0.000549 0.000236 0.000015 0.043644 0.007828 1.763743
0.947198 0.000545 0.000553 0.000232 0.000014 0.043630 0.007828 1.763795
0.947197 0.000549 0.000557 0.000225 0.000013 0.043629 0.007828 1.763852
0.947194 0.000555 0.000557 0.000225 0.000014 0.043626 0.007828 1.763911
0.947193 0.000566 0.000559 0.000223 0.000014 0.043616 0.007828 1.763964
0.947200 0.000561 0.000558 0.000223 0.000013 0.043615 0.007829 1.764022
0.947201 0.000565 0.000557 0.000223 0.000013 0.043612 0.007829 1.764079
0.947204 0.000568 0.000547 0.000226 0.000014 0.043613 0.007829 1.764132
0.947218 0.000564 0.000553 0.000234 0.000014 0.043589 0.007829 1.764194
0.947241 0.000555 0.000547 0.000234 0.000014 0.043579 0.007829 1.764248
0.947259 0.000557 0.000548 0.000233 0.000014 0.043559 0.007829 1.764297
0.947276 0.000564 0.000540 0.000236 0.000015 0.043540 0.007829 1.764342
0.947291 0.000558 0.000530 0.000241 0.000015 0.043536 0.007829 1.764395
0.947312 0.000558 0.000522 0.000238 0.000017 0.043524 0.007829 1.764445
0.947322 0.000559 0.000521 0.000239 0.000016 0.043514 0.007829 1.764496
0.947348 0.000545 0.000524 0.000241 0.000017 0.043495 0.007829 1.764548
0.947338 0.000557 0.000517 0.000232 0.000017 0.043509 0.007829 1.764593
0.947340 0.000550 0.000530 0.000226 0.000019 0.043505 0.007829 1.764658
0.947339 0.000558 0.000523 0.000225 0.000018 0.043506 0.007829 1.764708
0.947345 0.000555 0.000527 0.000232 0.000018 0.043492 0.007830 1.764766
0.947350 0.000558 0.000520 0.000230 0.000019 0.043493 0.007830 1.764820
0.947335 0.000559 0.000525 0.000238 0.000018 0.043494 0.007830 1.764881
0.947335 0.000560 0.000524 0.000241 0.000018 0.043490 0.007830 1.764939
0.947347 0.000554 0.000523 0.000240 0.000018 0.043486 0.007830 1.764991
0.947358 0.000541 0.000530 0.000243 0.000017 0.043480 0.007831 1.765056
0.947343 0.000560 0.000534 0.000239 0.000017 0.043475 0.007831 1.765105
0.947342 0.000563 0.000535 0.000240 0.000017 0.043471 0.007831 1.765167
0.947348 0.000560 0.000533 0.000246 0.000017 0.043465 0.007831 1.765221
0.947357 0.000571 0.000526 0.000239 0.000017 0.043459 0.007831 1.765267
0.947370 0.000575 0.000518 0.000242 0.000017 0.043446 0.007831 1.765316
0.947378 0.000585 0.000517 0.000240 0.000017 0.043430 0.007831 1.765364
0.947372 0.000586 0.000507 0.000241 0.000018 0.043443 0.007831 1.765421
0.947359 0.000601 0.000505 0.000239 0.000018 0.043447 0.007831 1.765476
0.947370 0.000595 0.000512 0.000238 0.000018 0.043435 0.007831 1.765535
0.947360 0.000610 0.000504 0.000240 0.000017 0.043437 0.007831 1.765586
0.947364 0.000598 0.000513 0.000249 0.000017 0.043427 0.007831 1.765655
0.947364 0.000595 0.000523 0.000252 0.000017 0.043419 0.007831 1.765715
0.947360 0.000598 0.000527 0.000247 0.000017 0.043419 0.007832 1.765771
0.947360 0.000586 0.000534 0.000254 0.000015 0.043418 0.007832 1.765837
0.947364 0.000578 0.000537 0.000258 0.000016 0.043414 0.007832 1.765895
0.947378 0.000582 0.000536 0.000262 0.000016 0.043394 0.007832 1.765948
0.947380 0.000577 0.000549 0.000264 0.000015 0.043383 0.007832 1.766009
0.947377 0.000581 0.000553 0.000269 0.000015 0.043373 0.007832 1.766065
0.947372 0.000581 0.000554 0.000265 0.000014 0.043381 0.007833 1.766119
0.947380 0.000586 0.000551 0.000267 0.000015 0.043367 0.007833 1.766171
0.947377 0.000592 0.000545 0.000269 0.000015 0.043367 0.007833 1.766224
0.947375 0.000596 0.000550 0.000268 0.000016 0.043362 0.007833 1.766283
0.947370 0.000590 0.000545 0.000275 0.000016 0.043371 0.007833 1.766350
0.947377 0.000594 0.000532 0.000273 0.000016 0.043374 0.007834 1.766403
0.947378 0.000588 0.000534 0.000272 0.000016 0.043377 0.007834 1.766463
0.947385 0.000572 0.000543 0.000275 0.000016 0.043374 0.007834 1.766527
0.947394 0.000562 0.000546 0.000275 0.000016 0.043372 0.007835 1.766592
0.947392 0.000571 0.000544 0.000272 0.000016 0.043369 0.007836 1.766643
0.947384 0.000576 0.000534 0.000270 0.000014 0.043385 0.007836 1.766700
0.947386 0.000577 0.000529 0.000268 0.000015 0.043388 0.007836 1.766756
0.947383 0.000571 0.000532 0.000271 0.000016 0.043390 0.007836 1.766823
0.947400 0.000557 0.000538 0.000267 0.000016 0.043385 0.007836 1.766878
0.947417 0.000549 0.000532 0.000267 0.000016 0.043382 0.007836 1.766930
0.947420 0.000538 0.000522 0.000262 0.000017 0.043404 0.007836 1.766985
0.947404 0.000548 0.000518 0.000259 0.000018 0.043416 0.007836 1.767036
0.947400 0.000550 0.000519 0.000261 0.000017 0.043416 0.007836 1.767088
0.947413 0.000545 0.000517 0.000252 0.000017 0.043419 0.007836 1.767143
0.947422 0.000551 0.000513 0.000254 0.000018 0.043405 0.007836 1.767196
0.947419 0.000549 0.000530 0.000258 0.000019 0.043388 0.007836 1.767257
0.947422 0.000551 0.000521 0.000256 0.000019 0.043394 0.007837 1.767308
0.947426 0.000549 0.000524 0.000246 0.000019 0.043398 0.007837 1.767363
0.947427 0.000545 0.000527 0.000244 0.000020 0.043400 0.007837 1.767418
0.947429 0.000539 0.000526 0.000241 0.000020 0.043407 0.007837 1.767474
0.947436 0.000533 0.000526 0.000233 0.000019 0.043415 0.007838 1.767527
0.947441 0.000531 0.000522 0.000235 0.000019 0.043415 0.007838 1.767579
0.947443 0.000533 0.000516 0.000238 0.000019 0.043413 0.007838 1.767630
0.947437 0.000529 0.000516 0.000245 0.000018 0.043416 0.007838 1.767689
0.947441 0.000535 0.000511 0.000247 0.000019 0.043409 0.007838 1.767736
0.947454 0.000533 0.000503 0.000243 0.000020 0.043407 0.007838 1.767787
0.947457 0.000545 0.000494 0.000240 0.000018 0.043406 0.007839 1.767833
0.947470 0.000537 0.000499 0.000238 0.000017 0.043398 0.007839 1.767888
0.947473 0.000531 0.000505 0.000240 0.000017 0.043395 0.007840 1.767943
0.947488 0.000519 0.000496 0.000243 0.000017 0.043396 0.007840 1.768000
0.947485 0.000518 0.000493 0.000244 0.000016 0.043402 0.007840 1.768060
0.947497 0.000513 0.000491 0.000250 0.000016 0.043391 0.007840 1.768112
0.947500 0.000515 0.000488 0.000246 0.000017 0.043394 0.007840 1.768165
0.947505 0.000526 0.000490 0.000243 0.000018 0.043376 0.007840 1.768210
0.947509 0.000526 0.000490 0.000239 0.000018 0.043378 0.007840 1.768262
0.947511 0.000527 0.000487 0.000242 0.000017 0.043375 0.007841 1.768315
0.947521 0.000521 0.000486 0.000240 0.000018 0.043373 0.007841 1.768365
0.947508 0.000540 0.000494 0.000232 0.000018 0.043367 0.007841 1.768413
0.947499 0.000544 0.000504 0.000232 0.000018 0.043363 0.007841 1.768470
0.947500 0.000543 0.000499 0.000232 0.000017 0.043368 0.007841 1.768521
0.947507 0.000550 0.000487 0.000231 0.000017 0.043368 0.007841 1.768568
0.947517 0.000543 0.000489 0.000226 0.000018 0.043367 0.007841 1.768616
0.947504 0.000550 0.000487 0.000226 0.000017 0.043374 0.007841 1.768667
0.947503 0.000547 0.000490 0.000230 0.000018 0.043370 0.007841 1.768723
0.947508 0.000545 0.000486 0.000232 0.000016 0.043372 0.007841 1.768772
0.947504 0.000551 0.000488 0.000231 0.000016 0.043369 0.007841 1.768823
0.947508 0.000548 0.000492 0.000229 0.000016 0.043366 0.007841 1.768873
0.947507 0.000541 0.000493 0.000233 0.000017 0.043367 0.007841 1.768928
0.947501 0.000552 0.000498 0.000232 0.000016 0.043360 0.007841 1.768978
0.947503 0.000552 0.000502 0.000231 0.000015 0.043354 0.007841 1.769030
0.947503 0.000551 0.000502 0.000232 0.000015 0.043356 0.007841 1.769085
0.947500 0.000548 0.000503 0.000234 0.000013 0.043360 0.007842 1.769145
0.947501 0.000531 0.000509 0.000230 0.000014 0.043371 0.007842 1.769204
0.947505 0.000531 0.000514 0.000229 0.000014 0.043365 0.007842 1.769259
0.947505 0.000528 0.000513 0.000229 0.000014 0.043368 0.007843 1.769313
0.947510 0.000532 0.000515 0.000229 0.000014 0.043356 0.007843 1.769365
0.947513 0.000534 0.000510 0.000229 0.000014 0.043356 0.007843 1.769417
0.947505 0.000540 0.000507 0.000227 0.000013 0.043364 0.007843 1.769466
0.947521 0.000536 0.000504 0.000228 0.000013 0.043354 0.007843 1.769516
0.947535 0.000533 0.000499 0.000229 0.000014 0.043347 0.007843 1.769567
0.947548 0.000535 0.000492 0.000232 0.000014 0.043336 0.007843 1.769617
0.947559 0.000541 0.000478 0.000226 0.000014 0.043338 0.007843 1.769657
0.947558 0.000548 0.000477 0.000228 0.000014 0.043329 0.007843 1.769707
0.947550 0.000548 0.000483 0.000228 0.000014 0.043331 0.007844 1.769762
0.947553 0.000539 0.000492 0.000227 0.000014 0.043330 0.007844 1.769824
0.947562 0.000534 0.000494 0.000227 0.000013 0.043323 0.007844 1.769876
0.947582 0.000525 0.000496 0.000222 0.000014 0.043316 0.007844 1.769930
0.947588 0.000525 0.000499 0.000222 0.000016 0.043305 0.007844 1.769983
0.947592 0.000529 0.000496 0.000217 0.000016 0.043306 0.007844 1.770030
0.947589 0.000530 0.000490 0.000211 0.000016 0.043319 0.007844 1.770080
0.947599 0.000518 0.000494 0.000217 0.000016 0.043310 0.007844 1.770144
0.947600 0.000527 0.000495 0.000215 0.000015 0.043302 0.007845 1.770193
0.947610 0.000528 0.000488 0.000219 0.000014 0.043296 0.007845 1.770248
0.947610 0.000526 0.000490 0.000225 0.000014 0.043290 0.007845 1.770303
0.947614 0.000532 0.000486 0.000226 0.000013 0.043282 0.007846 1.770346
0.947628 0.000520 0.000492 0.000224 0.000014 0.043275 0.007846 1.770403
0.947625 0.000534 0.000488 0.000225 0.000014 0.043268 0.007846 1.770449
0.947631 0.000517 0.000498 0.000229 0.000015 0.043263 0.007846 1.770515
0.947629 0.000517 0.000503 0.000228 0.000015 0.043261 0.007846 1.770564
0.947632 0.000511 0.000512 0.000226 0.000015 0.043256 0.007847 1.770620
0.947626 0.000531 0.000504 0.000225 0.000014 0.043251 0.007847 1.770658
0.947626 0.000539 0.000505 0.000221 0.000014 0.043246 0.007847 1.770709
0.947627 0.000533 0.000510 0.000223 0.000016 0.043244 0.007847 1.770761
0.947633 0.000526 0.000503 0.000234 0.000016 0.043241 0.007847 1.770817
0.947634 0.000524 0.000505 0.000227 0.000016 0.043246 0.007847 1.770869
0.947641 0.000525 0.000508 0.000229 0.000014 0.043234 0.007848 1.770917
0.947626 0.000545 0.000506 0.000226 0.000014 0.043235 0.007848 1.770963
0.947633 0.000544 0.000508 0.000227 0.000014 0.043227 0.007848 1.771019
0.947632 0.000540 0.000511 0.000228 0.000013 0.043227 0.007848 1.771077
0.947636 0.000532 0.000510 0.000228 0.000013 0.043233 0.007848 1.771130
0.947639 0.000535 0.000506 0.000232 0.000014 0.043226 0.007848 1.771182
0.947650 0.000531 0.000499 0.000235 0.000013 0.043222 0.007849 1.771238
0.947646 0.000529 0.000504 0.000237 0.000012 0.043224 0.007849 1.771294
0.947657 0.000534 0.000500 0.000231 0.000013 0.043216 0.007849 1.771341
0.947660 0.000526 0.000501 0.000235 0.000013 0.043216 0.007849 1.771402
