0.338954 0.062818 0.056482 0.032559 0.002207 0.500642 0.006338 1.646408
0.341648 0.060397 0.056407 0.032410 0.002204 0.500567 0.006368 1.652427
0.345226 0.057338 0.056172 0.032054 0.002217 0.500603 0.006389 1.658201
0.349361 0.054058 0.055833 0.031557 0.002212 0.500556 0.006423 1.663689
0.353827 0.050714 0.055373 0.031040 0.002205 0.500388 0.006451 1.668888
0.358521 0.047456 0.054723 0.030385 0.002205 0.500226 0.006485 1.673705
0.363353 0.044229 0.053904 0.029736 0.002188 0.500077 0.006514 1.678263
0.368565 0.041293 0.052927 0.028919 0.002189 0.499562 0.006545 1.682418
0.373790 0.038449 0.051954 0.028102 0.002179 0.498951 0.006575 1.686365
0.379044 0.035836 0.050795 0.027231 0.002173 0.498321 0.006599 1.689982
0.384484 0.033336 0.049586 0.026347 0.002155 0.497465 0.006628 1.693357
0.389835 0.031070 0.048253 0.025474 0.002144 0.496568 0.006656 1.696471
0.395227 0.028910 0.046904 0.024602 0.002115 0.495550 0.006693 1.699420
0.400660 0.026928 0.045485 0.023707 0.002100 0.494402 0.006719 1.702149
0.406051 0.024992 0.044136 0.022824 0.002082 0.493169 0.006747 1.704795
0.411603 0.023245 0.042622 0.022000 0.002065 0.491695 0.006769 1.707194
0.417129 0.021562 0.041233 0.021188 0.002059 0.490038 0.006790 1.709487
0.422644 0.020084 0.039817 0.020378 0.002040 0.488217 0.006819 1.711592
0.428217 0.018740 0.038336 0.019527 0.002009 0.486328 0.006843 1.713479
0.433660 0.017529 0.036851 0.018687 0.001986 0.484419 0.006868 1.715235
0.439166 0.016355 0.035438 0.017918 0.001957 0.482273 0.006893 1.716917
0.444672 0.015275 0.034062 0.017102 0.001913 0.480059 0.006918 1.718494
0.450182 0.014310 0.032702 0.016353 0.001888 0.477624 0.006941 1.719935
0.455630 0.013446 0.031325 0.015617 0.001862 0.475149 0.006972 1.721261
0.461145 0.012617 0.029949 0.014933 0.001826 0.472538 0.006994 1.722520
0.466709 0.011855 0.028703 0.014295 0.001790 0.469625 0.007024 1.723707
0.472240 0.011137 0.027463 0.013627 0.001756 0.466729 0.007048 1.724836
0.477606 0.010454 0.026290 0.013041 0.001710 0.463830 0.007070 1.725927
0.483050 0.009857 0.025174 0.012435 0.001673 0.460725 0.007088 1.726929
0.488414 0.009317 0.024060 0.011848 0.001630 0.457624 0.007109 1.727856
0.493649 0.008830 0.023003 0.011303 0.001601 0.454488 0.007128 1.728737
0.498970 0.008387 0.021955 0.010791 0.001575 0.451177 0.007146 1.729560
0.504201 0.007938 0.020944 0.010307 0.001550 0.447897 0.007164 1.730362
0.509461 0.007525 0.019982 0.009824 0.001515 0.444511 0.007182 1.731120
0.514593 0.007146 0.019073 0.009348 0.001476 0.441159 0.007206 1.731825
0.519748 0.006767 0.018225 0.008895 0.001443 0.437698 0.007225 1.732515
0.524910 0.006442 0.017371 0.008475 0.001407 0.434146 0.007250 1.733149
0.530140 0.006130 0.016567 0.008079 0.001377 0.430442 0.007266 1.733756
0.535172 0.005826 0.015822 0.007708 0.001347 0.426845 0.007282 1.734359
0.540239 0.005558 0.015067 0.007345 0.001308 0.423184 0.007299 1.734924
0.545276 0.005259 0.014446 0.007016 0.001268 0.419420 0.007314 1.735498
0.550164 0.005040 0.013782 0.006698 0.001239 0.415746 0.007332 1.735999
0.555091 0.004828 0.013160 0.006392 0.001196 0.411984 0.007349 1.736481
0.559982 0.004609 0.012553 0.006109 0.001166 0.408216 0.007366 1.736941
0.564841 0.004434 0.011959 0.005823 0.001128 0.404432 0.007384 1.737370
0.569672 0.004265 0.011411 0.005546 0.001099 0.400607 0.007400 1.737794
0.574399 0.004102 0.010912 0.005262 0.001075 0.396839 0.007410 1.738186
0.579085 0.003948 0.010405 0.005017 0.001045 0.393075 0.007424 1.738574
0.583772 0.003760 0.009979 0.004796 0.001020 0.389238 0.007435 1.738971
0.588416 0.003624 0.009483 0.004599 0.000983 0.385450 0.007446 1.739326
0.593075 0.003469 0.009067 0.004374 0.000958 0.381601 0.007457 1.739689
0.597647 0.003354 0.008655 0.004143 0.000917 0.377807 0.007477 1.739997
0.602046 0.003216 0.008298 0.003976 0.000899 0.374080 0.007486 1.740334
0.606479 0.003098 0.007918 0.003797 0.000877 0.370333 0.007497 1.740645
0.610962 0.002995 0.007550 0.003636 0.000849 0.366500 0.007509 1.740949
0.615304 0.002903 0.007213 0.003490 0.000831 0.362744 0.007516 1.741241
0.619663 0.002837 0.006894 0.003337 0.000806 0.358935 0.007529 1.741510
0.624018 0.002735 0.006621 0.003177 0.000788 0.355125 0.007538 1.741783
0.628325 0.002634 0.006341 0.003044 0.000768 0.351338 0.007550 1.742046
0.632573 0.002541 0.006097 0.002914 0.000747 0.347571 0.007559 1.742304
0.636723 0.002454 0.005859 0.002801 0.000722 0.343874 0.007568 1.742545
0.640830 0.002395 0.005617 0.002671 0.000698 0.340209 0.007581 1.742765
0.644953 0.002323 0.005383 0.002567 0.000681 0.336505 0.007589 1.742996
0.648974 0.002257 0.005155 0.002457 0.000662 0.332899 0.007597 1.743220
0.652935 0.002204 0.004942 0.002355 0.000642 0.329318 0.007604 1.743429
0.656890 0.002148 0.004729 0.002252 0.000621 0.325750 0.007612 1.743631
0.660774 0.002089 0.004548 0.002158 0.000604 0.322208 0.007620 1.743834
0.664647 0.002023 0.004376 0.002088 0.000586 0.318653 0.007627 1.744035
0.668462 0.001995 0.004192 0.001987 0.000567 0.315163 0.007635 1.744218
0.672261 0.001925 0.004037 0.001907 0.000554 0.311672 0.007644 1.744422
0.675998 0.001882 0.003879 0.001834 0.000539 0.308215 0.007654 1.744602
0.679680 0.001822 0.003711 0.001780 0.000522 0.304822 0.007663 1.744785
0.683307 0.001774 0.003579 0.001723 0.000499 0.301445 0.007672 1.744969
0.686974 0.001746 0.003430 0.001653 0.000485 0.298035 0.007679 1.745135
0.690614 0.001722 0.003322 0.001590 0.000473 0.294594 0.007686 1.745302
0.694144 0.001666 0.003212 0.001535 0.000462 0.291289 0.007693 1.745481
0.697628 0.001625 0.003089 0.001488 0.000448 0.288021 0.007701 1.745651
0.701144 0.001592 0.002970 0.001434 0.000437 0.284716 0.007707 1.745815
0.704531 0.001545 0.002863 0.001405 0.000424 0.281520 0.007712 1.745976
0.707869 0.001491 0.002765 0.001360 0.000414 0.278386 0.007715 1.746137
0.711180 0.001455 0.002659 0.001314 0.000398 0.275270 0.007724 1.746289
0.714467 0.001438 0.002548 0.001268 0.000386 0.272162 0.007731 1.746419
0.717704 0.001419 0.002442 0.001226 0.000372 0.269102 0.007736 1.746547
0.720951 0.001405 0.002351 0.001188 0.000365 0.266001 0.007740 1.746679
0.724171 0.001376 0.002274 0.001156 0.000357 0.262927 0.007740 1.746814
0.727357 0.001347 0.002204 0.001122 0.000346 0.259877 0.007747 1.746949
0.730512 0.001318 0.002162 0.001083 0.000335 0.256840 0.007752 1.747088
0.733682 0.001273 0.002083 0.001041 0.000322 0.253842 0.007758 1.747218
0.736756 0.001236 0.002039 0.001015 0.000316 0.250879 0.007761 1.747356
0.739814 0.001213 0.001966 0.000977 0.000304 0.247962 0.007765 1.747471
0.742839 0.001188 0.001906 0.000950 0.000292 0.245056 0.007770 1.747577
0.745711 0.001158 0.001861 0.000919 0.000281 0.242295 0.007775 1.747694
0.748570 0.001134 0.001790 0.000893 0.000273 0.239562 0.007779 1.747810
0.751481 0.001116 0.001741 0.000863 0.000266 0.236750 0.007783 1.747915
0.754388 0.001117 0.001665 0.000829 0.000257 0.233959 0.007786 1.748002
0.757198 0.001091 0.001630 0.000813 0.000248 0.231231 0.007790 1.748117
0.760027 0.001066 0.001597 0.000791 0.000239 0.228490 0.007791 1.748224
0.762749 0.001058 0.001560 0.000759 0.000236 0.225846 0.007793 1.748313
0.765529 0.001033 0.001502 0.000744 0.000225 0.223171 0.007797 1.748415
0.768221 0.001007 0.001461 0.000714 0.000219 0.220578 0.007801 1.748516
0.770950 0.000984 0.001421 0.000692 0.000214 0.217938 0.007802 1.748608
0.773623 0.000962 0.001378 0.000677 0.000208 0.215346 0.007807 1.748709
0.776273 0.000941 0.001335 0.000669 0.000203 0.212772 0.007809 1.748801
0.778837 0.000924 0.001302 0.000647 0.000197 0.210281 0.007813 1.748896
0.781452 0.000907 0.001267 0.000629 0.000186 0.207742 0.007818 1.748983
0.783920 0.000910 0.001215 0.000620 0.000176 0.205335 0.007824 1.749063
0.786416 0.000890 0.001185 0.000607 0.000169 0.202906 0.007827 1.749148
0.788859 0.000872 0.001171 0.000588 0.000163 0.200516 0.007830 1.749244
0.791285 0.000853 0.001145 0.000573 0.000156 0.198157 0.007832 1.749334
0.793592 0.000840 0.001122 0.000567 0.000151 0.195895 0.007834 1.749425
0.795941 0.000819 0.001104 0.000556 0.000147 0.193598 0.007836 1.749513
0.798291 0.000796 0.001066 0.000544 0.000143 0.191322 0.007838 1.749593
0.800637 0.000784 0.001052 0.000533 0.000137 0.189016 0.007840 1.749669
0.802970 0.000772 0.001031 0.000530 0.000134 0.186721 0.007843 1.749745
0.805222 0.000770 0.001010 0.000521 0.000134 0.184499 0.007844 1.749815
0.807421 0.000750 0.000993 0.000502 0.000129 0.182358 0.007846 1.749898
0.809624 0.000736 0.000978 0.000488 0.000125 0.180202 0.007847 1.749971
0.811825 0.000719 0.000952 0.000475 0.000123 0.178058 0.007848 1.750047
0.814020 0.000702 0.000928 0.000465 0.000119 0.175915 0.007850 1.750122
0.816178 0.000703 0.000900 0.000450 0.000115 0.173802 0.007852 1.750183
0.818294 0.000695 0.000879 0.000457 0.000113 0.171708 0.007853 1.750259
0.820323 0.000699 0.000851 0.000450 0.000112 0.169712 0.007855 1.750324
0.822362 0.000698 0.000844 0.000440 0.000107 0.167691 0.007857 1.750394
0.824365 0.000688 0.000820 0.000442 0.000102 0.165724 0.007859 1.750460
0.826414 0.000665 0.000809 0.000434 0.000099 0.163717 0.007861 1.750530
0.828390 0.000662 0.000797 0.000431 0.000097 0.161761 0.007864 1.750590
0.830241 0.000667 0.000771 0.000420 0.000093 0.159944 0.007866 1.750648
0.832181 0.000656 0.000764 0.000413 0.000092 0.158026 0.007867 1.750715
0.834135 0.000651 0.000757 0.000399 0.000087 0.156104 0.007868 1.750783
0.835963 0.000634 0.000750 0.000394 0.000087 0.154303 0.007869 1.750852
0.837801 0.000633 0.000739 0.000382 0.000085 0.152489 0.007871 1.750915
0.839638 0.000641 0.000731 0.000364 0.000081 0.150671 0.007874 1.750972
0.841484 0.000643 0.000722 0.000352 0.000080 0.148844 0.007875 1.751026
0.843248 0.000629 0.000706 0.000348 0.000079 0.147115 0.007875 1.751091
0.845020 0.000617 0.000699 0.000342 0.000077 0.145368 0.007877 1.751150
0.846764 0.000621 0.000682 0.000333 0.000075 0.143647 0.007878 1.751199
0.848433 0.000610 0.000682 0.000330 0.000072 0.141994 0.007880 1.751267
0.850151 0.000614 0.000670 0.000328 0.000072 0.140285 0.007880 1.751319
0.851823 0.000617 0.000665 0.000323 0.000071 0.138620 0.007881 1.751379
0.853483 0.000614 0.000658 0.000327 0.000072 0.136965 0.007881 1.751444
0.855168 0.000615 0.000655 0.000327 0.000069 0.135283 0.007883 1.751507
0.856788 0.000609 0.000640 0.000325 0.000067 0.133688 0.007883 1.751563
0.858352 0.000609 0.000639 0.000324 0.000063 0.132129 0.007884 1.751624
0.859846 0.000607 0.000634 0.000320 0.000062 0.130645 0.007886 1.751682
0.861387 0.000598 0.000628 0.000316 0.000061 0.129123 0.007887 1.751743
0.862905 0.000590 0.000616 0.000312 0.000059 0.127631 0.007887 1.751801
0.864374 0.000572 0.000613 0.000310 0.000058 0.126185 0.007889 1.751867
0.865835 0.000555 0.000617 0.000303 0.000056 0.124744 0.007890 1.751928
0.867226 0.000550 0.000611 0.000298 0.000053 0.123370 0.007891 1.751980
0.868641 0.000554 0.000606 0.000296 0.000049 0.121963 0.007892 1.752028
0.870041 0.000552 0.000590 0.000294 0.000047 0.120584 0.007892 1.752084
0.871429 0.000552 0.000577 0.000284 0.000044 0.119220 0.007894 1.752131
0.872851 0.000546 0.000579 0.000281 0.000044 0.117805 0.007895 1.752187
0.874216 0.000560 0.000576 0.000275 0.000044 0.116435 0.007895 1.752233
0.875576 0.000554 0.000576 0.000272 0.000043 0.115084 0.007896 1.752287
0.876870 0.000530 0.000583 0.000274 0.000042 0.113806 0.007896 1.752354
0.878162 0.000534 0.000572 0.000267 0.000040 0.112529 0.007897 1.752403
0.879433 0.000534 0.000566 0.000267 0.000039 0.111265 0.007897 1.752452
0.880642 0.000535 0.000569 0.000267 0.000038 0.110052 0.007898 1.752506
0.881828 0.000535 0.000574 0.000269 0.000038 0.108859 0.007898 1.752561
0.883032 0.000529 0.000576 0.000271 0.000037 0.107657 0.007899 1.752618
0.884257 0.000526 0.000570 0.000274 0.000037 0.106439 0.007899 1.752670
0.885504 0.000519 0.000557 0.000270 0.000036 0.105215 0.007899 1.752720
0.886649 0.000510 0.000556 0.000263 0.000035 0.104088 0.007900 1.752774
0.887801 0.000503 0.000560 0.000262 0.000033 0.102941 0.007900 1.752829
0.888895 0.000499 0.000557 0.000264 0.000032 0.101854 0.007900 1.752879
0.890030 0.000500 0.000548 0.000258 0.000031 0.100733 0.007901 1.752932
0.891106 0.000483 0.000549 0.000268 0.000028 0.099665 0.007902 1.752994
0.892223 0.000491 0.000532 0.000265 0.000028 0.098560 0.007902 1.753038
0.893284 0.000488 0.000536 0.000261 0.000028 0.097501 0.007902 1.753090
0.894336 0.000491 0.000521 0.000261 0.000028 0.096463 0.007902 1.753135
0.895332 0.000491 0.000509 0.000257 0.000026 0.095484 0.007902 1.753179
0.896331 0.000479 0.000495 0.000261 0.000025 0.094508 0.007903 1.753230
0.897326 0.000477 0.000491 0.000257 0.000026 0.093521 0.007903 1.753281
0.898313 0.000474 0.000483 0.000254 0.000025 0.092549 0.007903 1.753325
0.899270 0.000473 0.000471 0.000252 0.000025 0.091605 0.007903 1.753373
0.900198 0.000469 0.000479 0.000249 0.000025 0.090677 0.007903 1.753423
0.901080 0.000469 0.000479 0.000247 0.000025 0.089796 0.007903 1.753466
0.901951 0.000475 0.000473 0.000241 0.000025 0.088933 0.007903 1.753511
0.902819 0.000478 0.000469 0.000248 0.000025 0.088058 0.007903 1.753562
0.903655 0.000472 0.000467 0.000242 0.000024 0.087236 0.007903 1.753613
0.904465 0.000482 0.000462 0.000244 0.000024 0.086420 0.007903 1.753659
0.905304 0.000481 0.000467 0.000241 0.000024 0.085580 0.007904 1.753712
0.906109 0.000478 0.000470 0.000234 0.000024 0.084780 0.007905 1.753761
0.906873 0.000465 0.000468 0.000239 0.000023 0.084027 0.007905 1.753823
0.907682 0.000466 0.000467 0.000234 0.000023 0.083223 0.007905 1.753867
0.908440 0.000470 0.000459 0.000234 0.000023 0.082469 0.007905 1.753910
0.909186 0.000460 0.000461 0.000236 0.000022 0.081729 0.007906 1.753964
0.909942 0.000459 0.000455 0.000238 0.000021 0.080979 0.007906 1.754013
0.910653 0.000461 0.000460 0.000235 0.000021 0.080264 0.007906 1.754065
0.911339 0.000472 0.000461 0.000229 0.000021 0.079572 0.007906 1.754102
0.912023 0.000478 0.000458 0.000230 0.000021 0.078884 0.007906 1.754145
0.912679 0.000475 0.000454 0.000227 0.000021 0.078238 0.007906 1.754195
0.913327 0.000464 0.000457 0.000226 0.000020 0.077600 0.007907 1.754244
0.914002 0.000470 0.000448 0.000220 0.000020 0.076933 0.007908 1.754285
0.914663 0.000471 0.000441 0.000220 0.000021 0.076277 0.007908 1.754326
0.915284 0.000464 0.000432 0.000221 0.000019 0.075672 0.007909 1.754374
0.915897 0.000463 0.000428 0.000223 0.000018 0.075062 0.007910 1.754415
0.916500 0.000464 0.000424 0.000217 0.000017 0.074469 0.007910 1.754454
0.917083 0.000470 0.000419 0.000213 0.000016 0.073888 0.007911 1.754490
0.917636 0.000468 0.000417 0.000211 0.000016 0.073341 0.007911 1.754539
0.918215 0.000467 0.000406 0.000211 0.000017 0.072773 0.007911 1.754582
0.918795 0.000470 0.000406 0.000214 0.000016 0.072187 0.007912 1.754626
0.919328 0.000478 0.000402 0.000215 0.000015 0.071651 0.007912 1.754668
0.919878 0.000475 0.000406 0.000217 0.000014 0.071098 0.007912 1.754715
0.920406 0.000464 0.000413 0.000218 0.000014 0.070573 0.007912 1.754763
0.920911 0.000458 0.000415 0.000215 0.000014 0.070076 0.007912 1.754810
0.921399 0.000458 0.000419 0.000212 0.000014 0.069586 0.007912 1.754858
0.921949 0.000446 0.000423 0.000212 0.000013 0.069045 0.007912 1.754905
0.922424 0.000439 0.000432 0.000212 0.000013 0.068569 0.007913 1.754955
0.922915 0.000442 0.000436 0.000212 0.000012 0.068071 0.007913 1.755001
0.923365 0.000451 0.000437 0.000210 0.000012 0.067612 0.007913 1.755045
0.923820 0.000461 0.000431 0.000208 0.000012 0.067156 0.007913 1.755085
0.924270 0.000455 0.000428 0.000209 0.000012 0.066715 0.007913 1.755134
0.924698 0.000458 0.000428 0.000215 0.000011 0.066279 0.007913 1.755180
0.925126 0.000453 0.000429 0.000216 0.000011 0.065853 0.007914 1.755226
0.925538 0.000460 0.000423 0.000219 0.000010 0.065438 0.007914 1.755264
0.925930 0.000466 0.000423 0.000208 0.000010 0.065050 0.007914 1.755305
0.926309 0.000462 0.000424 0.000208 0.000010 0.064672 0.007914 1.755352
0.926708 0.000460 0.000425 0.000212 0.000010 0.064271 0.007914 1.755397
0.927067 0.000452 0.000432 0.000209 0.000011 0.063916 0.007914 1.755449
0.927455 0.000449 0.000432 0.000215 0.000010 0.063525 0.007914 1.755494
0.927824 0.000449 0.000430 0.000209 0.000010 0.063163 0.007914 1.755535
0.928183 0.000457 0.000431 0.000210 0.000010 0.062795 0.007914 1.755573
0.928505 0.000471 0.000423 0.000212 0.000010 0.062466 0.007914 1.755615
0.928839 0.000485 0.000426 0.000216 0.000009 0.062110 0.007914 1.755657
0.929186 0.000481 0.000429 0.000218 0.000009 0.061764 0.007914 1.755706
0.929504 0.000473 0.000435 0.000220 0.000010 0.061444 0.007914 1.755767
0.929787 0.000478 0.000435 0.000219 0.000010 0.061157 0.007914 1.755813
0.930091 0.000496 0.000433 0.000214 0.000010 0.060842 0.007914 1.755850
0.930401 0.000496 0.000438 0.000216 0.000010 0.060525 0.007914 1.755899
0.930685 0.000493 0.000442 0.000216 0.000012 0.060239 0.007914 1.755945
0.930959 0.000493 0.000443 0.000211 0.000012 0.059967 0.007914 1.756003
0.931231 0.000497 0.000447 0.000207 0.000012 0.059692 0.007914 1.756053
0.931486 0.000491 0.000454 0.000208 0.000012 0.059436 0.007914 1.756102
0.931755 0.000494 0.000458 0.000204 0.000013 0.059162 0.007914 1.756147
0.932013 0.000489 0.000457 0.000209 0.000012 0.058906 0.007914 1.756195
0.932245 0.000498 0.000460 0.000208 0.000012 0.058664 0.007914 1.756240
0.932505 0.000496 0.000457 0.000212 0.000013 0.058404 0.007914 1.756289
0.932739 0.000506 0.000458 0.000209 0.000013 0.058161 0.007915 1.756336
0.932979 0.000514 0.000458 0.000216 0.000012 0.057906 0.007915 1.756385
0.933251 0.000507 0.000458 0.000217 0.000012 0.057641 0.007915 1.756438
0.933475 0.000497 0.000462 0.000215 0.000013 0.057424 0.007915 1.756493
0.933688 0.000502 0.000451 0.000221 0.000012 0.057212 0.007915 1.756543
0.933916 0.000512 0.000450 0.000219 0.000012 0.056976 0.007916 1.756587
0.934122 0.000524 0.000454 0.000215 0.000012 0.056758 0.007916 1.756635
0.934351 0.000521 0.000452 0.000221 0.000012 0.056527 0.007916 1.756693
0.934559 0.000521 0.000461 0.000222 0.000011 0.056311 0.007917 1.756746
0.934772 0.000528 0.000468 0.000226 0.000011 0.056079 0.007917 1.756798
0.934998 0.000524 0.000470 0.000229 0.000011 0.055851 0.007917 1.756849
0.935221 0.000527 0.000458 0.000226 0.000012 0.055640 0.007917 1.756892
0.935416 0.000525 0.000456 0.000235 0.000011 0.055441 0.007917 1.756946
0.935611 0.000526 0.000450 0.000235 0.000011 0.055250 0.007917 1.756995
0.935797 0.000532 0.000452 0.000233 0.000010 0.055059 0.007917 1.757042
0.935971 0.000533 0.000465 0.000231 0.000011 0.054872 0.007917 1.757099
0.936129 0.000532 0.000477 0.000234 0.000012 0.054700 0.007917 1.757154
0.936282 0.000532 0.000470 0.000230 0.000012 0.054558 0.007917 1.757202
0.936442 0.000544 0.000470 0.000235 0.000012 0.054380 0.007917 1.757256
0.936588 0.000552 0.000468 0.000234 0.000011 0.054231 0.007918 1.757308
0.936734 0.000563 0.000467 0.000235 0.000013 0.054069 0.007919 1.757356
0.936903 0.000564 0.000469 0.000234 0.000013 0.053899 0.007919 1.757409
0.937046 0.000562 0.000464 0.000234 0.000013 0.053763 0.007919 1.757470
0.937214 0.000564 0.000470 0.000229 0.000012 0.053593 0.007919 1.757517
0.937367 0.000556 0.000481 0.000229 0.000012 0.053437 0.007919 1.757573
0.937510 0.000554 0.000487 0.000232 0.000012 0.053285 0.007919 1.757628
0.937664 0.000541 0.000492 0.000234 0.000012 0.053137 0.007919 1.757687
0.937800 0.000558 0.000489 0.000230 0.000013 0.052990 0.007919 1.757736
0.937916 0.000562 0.000485 0.000231 0.000013 0.052873 0.007919 1.757789
0.938054 0.000557 0.000480 0.000238 0.000013 0.052739 0.007919 1.757850
0.938194 0.000551 0.000486 0.000242 0.000012 0.052595 0.007920 1.757913
0.938315 0.000559 0.000490 0.000240 0.000012 0.052463 0.007920 1.757966
0.938447 0.000564 0.000487 0.000237 0.000013 0.052333 0.007920 1.758021
0.938572 0.000558 0.000497 0.000242 0.000013 0.052196 0.007920 1.758081
0.938704 0.000558 0.000498 0.000238 0.000013 0.052068 0.007920 1.758137
0.938792 0.000556 0.000497 0.000242 0.000012 0.051981 0.007921 1.758193
0.938906 0.000572 0.000488 0.000249 0.000012 0.051851 0.007921 1.758241
0.939019 0.000570 0.000487 0.000249 0.000012 0.051740 0.007921 1.758294
0.939119 0.000573 0.000482 0.000249 0.000012 0.051643 0.007922 1.758344
0.939217 0.000585 0.000482 0.000246 0.000012 0.051537 0.007922 1.758394
0.939327 0.000598 0.000483 0.000246 0.000013 0.051413 0.007922 1.758448
0.939422 0.000607 0.000491 0.000238 0.000013 0.051308 0.007922 1.758500
0.939535 0.000607 0.000483 0.000244 0.000011 0.051199 0.007922 1.758551
0.939652 0.000615 0.000484 0.000239 0.000011 0.051077 0.007922 1.758607
0.939762 0.000604 0.000490 0.000238 0.000011 0.050973 0.007923 1.758672
0.939868 0.000600 0.000499 0.000243 0.000011 0.050857 0.007923 1.758738
0.939960 0.000597 0.000505 0.000241 0.000012 0.050762 0.007923 1.758802
0.940059 0.000591 0.000511 0.000245 0.000011 0.050661 0.007924 1.758858
0.940154 0.000585 0.000508 0.000246 0.000011 0.050573 0.007924 1.758920
0.940256 0.000584 0.000504 0.000251 0.000012 0.050470 0.007924 1.758978
0.940347 0.000591 0.000512 0.000250 0.000012 0.050364 0.007924 1.759035
0.940453 0.000596 0.000516 0.000254 0.000011 0.050246 0.007924 1.759091
0.940551 0.000597 0.000519 0.000250 0.000011 0.050150 0.007924 1.759146
0.940614 0.000616 0.000527 0.000254 0.000012 0.050054 0.007924 1.759207
0.940702 0.000628 0.000526 0.000257 0.000011 0.049952 0.007925 1.759259
0.940783 0.000630 0.000533 0.000261 0.000011 0.049857 0.007925 1.759322
0.940864 0.000633 0.000540 0.000261 0.000010 0.049768 0.007925 1.759383
0.940951 0.000639 0.000535 0.000258 0.000010 0.049681 0.007925 1.759434
0.941027 0.000625 0.000544 0.000260 0.000012 0.049606 0.007925 1.759500
0.941107 0.000630 0.000545 0.000263 0.000013 0.049518 0.007925 1.759556
0.941197 0.000625 0.000550 0.000261 0.000012 0.049428 0.007926 1.759616
0.941254 0.000623 0.000551 0.000267 0.000013 0.049366 0.007926 1.759682
0.941325 0.000634 0.000551 0.000268 0.000013 0.049283 0.007926 1.759737
0.941389 0.000630 0.000565 0.000275 0.000012 0.049203 0.007926 1.759809
0.941458 0.000629 0.000563 0.000276 0.000012 0.049137 0.007926 1.759867
0.941538 0.000624 0.000563 0.000277 0.000011 0.049062 0.007926 1.759926
0.941609 0.000624 0.000565 0.000276 0.000012 0.048988 0.007926 1.759982
0.941662 0.000625 0.000568 0.000281 0.000012 0.048925 0.007926 1.760046
0.941723 0.000632 0.000571 0.000277 0.000012 0.048859 0.007926 1.760110
0.941795 0.000633 0.000578 0.000275 0.000012 0.048782 0.007926 1.760174
0.941855 0.000619 0.000584 0.000279 0.000013 0.048724 0.007926 1.760248
0.941911 0.000607 0.000583 0.000285 0.000013 0.048674 0.007926 1.760320
0.941950 0.000631 0.000563 0.000287 0.000014 0.048629 0.007926 1.760370
0.942006 0.000633 0.000564 0.000284 0.000014 0.048572 0.007926 1.760431
0.942066 0.000633 0.000562 0.000282 0.000014 0.048516 0.007926 1.760494
0.942138 0.000623 0.000557 0.000288 0.000013 0.048455 0.007926 1.760562
0.942214 0.000625 0.000556 0.000289 0.000014 0.048376 0.007926 1.760622
0.942287 0.000614 0.000559 0.000295 0.000013 0.048305 0.007927 1.760690
0.942353 0.000599 0.000555 0.000304 0.000013 0.048249 0.007927 1.760758
0.942404 0.000591 0.000552 0.000299 0.000012 0.048216 0.007928 1.760817
0.942452 0.000595 0.000546 0.000294 0.000012 0.048173 0.007928 1.760873
0.942504 0.000588 0.000553 0.000286 0.000013 0.048129 0.007928 1.760935
0.942565 0.000580 0.000554 0.000286 0.000014 0.048074 0.007928 1.760999
0.942642 0.000567 0.000558 0.000287 0.000015 0.048003 0.007928 1.761060
0.942708 0.000556 0.000563 0.000295 0.000014 0.047936 0.007928 1.761121
0.942755 0.000560 0.000563 0.000290 0.000014 0.047891 0.007929 1.761175
0.942823 0.000550 0.000555 0.000289 0.000015 0.047839 0.007929 1.761231
0.942876 0.000553 0.000557 0.000293 0.000013 0.047779 0.007929 1.761285
0.942911 0.000553 0.000556 0.000295 0.000014 0.047743 0.007929 1.761347
0.942961 0.000553 0.000548 0.000291 0.000015 0.047704 0.007929 1.761399
0.943013 0.000551 0.000538 0.000296 0.000015 0.047658 0.007929 1.761452
0.943060 0.000551 0.000535 0.000292 0.000015 0.047619 0.007929 1.761505
0.943098 0.000554 0.000532 0.000289 0.000015 0.047583 0.007929 1.761559
0.943149 0.000547 0.000539 0.000288 0.000014 0.047534 0.007929 1.761619
0.943202 0.000558 0.000538 0.000280 0.000014 0.047479 0.007929 1.761667
0.943257 0.000567 0.000538 0.000273 0.000015 0.047421 0.007929 1.761719
0.943316 0.000566 0.000529 0.000275 0.000015 0.047371 0.007929 1.761768
0.943366 0.000572 0.000523 0.000274 0.000015 0.047320 0.007929 1.761820
0.943415 0.000567 0.000521 0.000273 0.000015 0.047282 0.007929 1.761878
0.943463 0.000579 0.000516 0.000268 0.000015 0.047231 0.007929 1.761926
0.943501 0.000567 0.000528 0.000274 0.000015 0.047186 0.007929 1.761995
0.943531 0.000572 0.000531 0.000279 0.000015 0.047145 0.007929 1.762055
0.943576 0.000559 0.000529 0.000282 0.000015 0.047110 0.007930 1.762116
0.943633 0.000554 0.000530 0.000277 0.000015 0.047061 0.007930 1.762170
0.943665 0.000551 0.000533 0.000274 0.000015 0.047032 0.007930 1.762230
0.943699 0.000559 0.000530 0.000274 0.000015 0.046993 0.007930 1.762279
0.943717 0.000556 0.000543 0.000270 0.000015 0.046970 0.007930 1.762343
0.943762 0.000549 0.000553 0.000275 0.000015 0.046917 0.007931 1.762403
0.943799 0.000551 0.000546 0.000270 0.000016 0.046887 0.007931 1.762458
0.943843 0.000544 0.000548 0.000268 0.000017 0.046850 0.007931 1.762517
0.943873 0.000555 0.000542 0.000264 0.000017 0.046818 0.007931 1.762569
0.943931 0.000548 0.000533 0.000262 0.000017 0.046778 0.007932 1.762623
0.943971 0.000558 0.000530 0.000253 0.000016 0.046740 0.007932 1.762671
0.944021 0.000564 0.000528 0.000252 0.000016 0.046687 0.007932 1.762720
0.944042 0.000566 0.000532 0.000256 0.000016 0.046656 0.007932 1.762777
0.944075 0.000567 0.000528 0.000257 0.000016 0.046626 0.007933 1.762832
0.944107 0.000570 0.000521 0.000252 0.000016 0.046601 0.007934 1.762883
0.944148 0.000558 0.000524 0.000250 0.000016 0.046570 0.007934 1.762943
0.944169 0.000563 0.000523 0.000247 0.000016 0.046547 0.007934 1.762997
0.944197 0.000562 0.000510 0.000246 0.000016 0.046535 0.007935 1.763046
0.944222 0.000571 0.000508 0.000252 0.000014 0.046497 0.007935 1.763102
0.944244 0.000577 0.000500 0.000252 0.000014 0.046479 0.007935 1.763150
0.944276 0.000583 0.000501 0.000257 0.000014 0.046435 0.007936 1.763207
0.944290 0.000594 0.000508 0.000250 0.000014 0.046409 0.007936 1.763265
0.944331 0.000584 0.000515 0.000252 0.000016 0.046367 0.007936 1.763331
0.944363 0.000572 0.000517 0.000261 0.000017 0.046334 0.007936 1.763394
0.944386 0.000580 0.000519 0.000253 0.000016 0.046309 0.007936 1.763446
0.944417 0.000584 0.000525 0.000254 0.000016 0.046268 0.007936 1.763501
0.944431 0.000589 0.000522 0.000257 0.000016 0.046249 0.007936 1.763556
0.944454 0.000579 0.000527 0.000264 0.000016 0.046225 0.007936 1.763623
0.944480 0.000587 0.000525 0.000265 0.000015 0.046192 0.007936 1.763676
0.944517 0.000582 0.000529 0.000272 0.000014 0.046150 0.007936 1.763732
0.944536 0.000581 0.000529 0.000277 0.000014 0.046126 0.007937 1.763789
0.944557 0.000588 0.000520 0.000275 0.000015 0.046109 0.007937 1.763845
0.944585 0.000584 0.000526 0.000267 0.000014 0.046086 0.007937 1.763898
0.944611 0.000585 0.000533 0.000271 0.000014 0.046048 0.007938 1.763953
0.944627 0.000593 0.000531 0.000267 0.000014 0.046031 0.007938 1.764004
0.944643 0.000577 0.000542 0.000272 0.000014 0.046015 0.007938 1.764075
0.944661 0.000587 0.000534 0.000276 0.000013 0.045993 0.007938 1.764130
0.944680 0.000586 0.000537 0.000273 0.000012 0.045974 0.007938 1.764192
0.944722 0.000584 0.000533 0.000267 0.000012 0.045945 0.007939 1.764243
0.944733 0.000587 0.000534 0.000264 0.000012 0.045931 0.007939 1.764302
0.944750 0.000576 0.000539 0.000273 0.000012 0.045911 0.007940 1.764369
0.944780 0.000572 0.000537 0.000283 0.000012 0.045877 0.007940 1.764427
0.944813 0.000572 0.000539 0.000277 0.000012 0.045849 0.007940 1.764481
0.944823 0.000582 0.000537 0.000269 0.000012 0.045838 0.007940 1.764533
0.944819 0.000594 0.000539 0.000268 0.000012 0.045829 0.007940 1.764586
0.944840 0.000580 0.000538 0.000268 0.000012 0.045822 0.007940 1.764649
0.944877 0.000583 0.000533 0.000262 0.000011 0.045795 0.007941 1.764696
0.944907 0.000577 0.000529 0.000267 0.000012 0.045768 0.007941 1.764752
0.944914 0.000574 0.000529 0.000267 0.000012 0.045764 0.007941 1.764806
0.944938 0.000572 0.000533 0.000271 0.000012 0.045734 0.007941 1.764861
0.944942 0.000574 0.000527 0.000270 0.000014 0.045731 0.007941 1.764918
0.944958 0.000575 0.000528 0.000270 0.000014 0.045715 0.007941 1.764976
0.944977 0.000561 0.000539 0.000268 0.000016 0.045699 0.007941 1.765038
0.944991 0.000563 0.000538 0.000265 0.000015 0.045686 0.007941 1.765087
0.945004 0.000555 0.000536 0.000266 0.000016 0.045682 0.007941 1.765148
0.945013 0.000558 0.000528 0.000270 0.000016 0.045674 0.007941 1.765200
0.945036 0.000554 0.000531 0.000267 0.000015 0.045655 0.007942 1.765254
0.945048 0.000554 0.000531 0.000272 0.000014 0.045640 0.007942 1.765309
0.945063 0.000565 0.000527 0.000273 0.000014 0.045616 0.007942 1.765357
0.945088 0.000559 0.000528 0.000269 0.000015 0.045599 0.007942 1.765413
0.945098 0.000564 0.000529 0.000272 0.000015 0.045580 0.007943 1.765463
0.945117 0.000564 0.000527 0.000272 0.000015 0.045563 0.007943 1.765523
0.945131 0.000576 0.000525 0.000271 0.000016 0.045540 0.007943 1.765570
0.945147 0.000583 0.000514 0.000269 0.000016 0.045528 0.007943 1.765621
0.945159 0.000573 0.000526 0.000276 0.000016 0.045508 0.007943 1.765692
0.945182 0.000566 0.000537 0.000271 0.000016 0.045485 0.007943 1.765749
0.945199 0.000567 0.000537 0.000267 0.000017 0.045471 0.007943 1.765807
0.945206 0.000578 0.000533 0.000269 0.000017 0.045455 0.007943 1.765860
0.945217 0.000579 0.000530 0.000272 0.000016 0.045442 0.007944 1.765919
0.945231 0.000579 0.000528 0.000275 0.000016 0.045428 0.007944 1.765975
0.945240 0.000585 0.000518 0.000282 0.000015 0.045415 0.007944 1.766028
0.945260 0.000575 0.000515 0.000286 0.000014 0.045407 0.007944 1.766092
0.945284 0.000576 0.000522 0.000282 0.000014 0.045378 0.007944 1.766146
0.945310 0.000568 0.000523 0.000281 0.000014 0.045360 0.007944 1.766203
0.945312 0.000570 0.000531 0.000279 0.000013 0.045351 0.007944 1.766263
0.945323 0.000573 0.000533 0.000282 0.000013 0.045333 0.007945 1.766323
0.945335 0.000573 0.000537 0.000278 0.000012 0.045321 0.007945 1.766381
0.945347 0.000571 0.000541 0.000278 0.000012 0.045307 0.007945 1.766436
0.945355 0.000575 0.000541 0.000279 0.000012 0.045295 0.007945 1.766492
0.945363 0.000585 0.000539 0.000274 0.000012 0.045284 0.007945 1.766538
0.945382 0.000579 0.000544 0.000275 0.000012 0.045264 0.007945 1.766594
0.945381 0.000594 0.000535 0.000278 0.000012 0.045255 0.007945 1.766644
0.945390 0.000594 0.000530 0.000281 0.000013 0.045249 0.007945 1.766699
0.945404 0.000592 0.000537 0.000278 0.000013 0.045232 0.007945 1.766758
0.945413 0.000599 0.000540 0.000273 0.000013 0.045216 0.007945 1.766813
0.945437 0.000584 0.000549 0.000273 0.000013 0.045199 0.007945 1.766875
0.945445 0.000586 0.000536 0.000266 0.000013 0.045208 0.007946 1.766928
0.945448 0.000589 0.000532 0.000262 0.000013 0.045211 0.007946 1.766983
0.945457 0.000585 0.000530 0.000258 0.000012 0.045213 0.007946 1.767038
0.945477 0.000580 0.000537 0.000257 0.000012 0.045192 0.007946 1.767097
0.945486 0.000588 0.000528 0.000258 0.000012 0.045183 0.007946 1.767148
0.945501 0.000580 0.000523 0.000257 0.000013 0.045181 0.007946 1.767208
0.945510 0.000564 0.000529 0.000258 0.000013 0.045180 0.007946 1.767274
0.945522 0.000563 0.000534 0.000256 0.000013 0.045165 0.007946 1.767331
0.945521 0.000566 0.000527 0.000257 0.000012 0.045170 0.007946 1.767383
0.945529 0.000578 0.000518 0.000253 0.000012 0.045165 0.007947 1.767425
0.945543 0.000583 0.000512 0.000247 0.000011 0.045158 0.007947 1.767470
0.945550 0.000590 0.000506 0.000246 0.000011 0.045151 0.007947 1.767523
0.945551 0.000581 0.000522 0.000254 0.000013 0.045132 0.007947 1.767590
0.945555 0.000583 0.000524 0.000257 0.000012 0.045122 0.007947 1.767646
0.945557 0.000591 0.000512 0.000260 0.000012 0.045122 0.007947 1.767697
0.945578 0.000586 0.000505 0.000256 0.000012 0.045118 0.007947 1.767746
0.945575 0.000575 0.000510 0.000260 0.000011 0.045122 0.007947 1.767812
0.945583 0.000568 0.000512 0.000259 0.000011 0.045121 0.007947 1.767869
0.945587 0.000566 0.000522 0.000262 0.000010 0.045105 0.007947 1.767928
0.945580 0.000574 0.000518 0.000257 0.000010 0.045113 0.007947 1.767975
0.945593 0.000565 0.000521 0.000261 0.000012 0.045101 0.007947 1.768038
0.945590 0.000579 0.000517 0.000263 0.000012 0.045091 0.007947 1.768091
0.945586 0.000581 0.000514 0.000264 0.000012 0.045097 0.007947 1.768149
0.945590 0.000591 0.000506 0.000256 0.000012 0.045098 0.007948 1.768196
0.945598 0.000600 0.000500 0.000255 0.000011 0.045088 0.007948 1.768250
0.945590 0.000590 0.000506 0.000255 0.000011 0.045100 0.007949 1.768314
0.945598 0.000589 0.000503 0.000255 0.000011 0.045095 0.007949 1.768371
0.945609 0.000586 0.000503 0.000255 0.000011 0.045088 0.007949 1.768426
0.945612 0.000592 0.000507 0.000252 0.000011 0.045075 0.007950 1.768481
0.945622 0.000595 0.000504 0.000254 0.000011 0.045064 0.007950 1.768533
0.945630 0.000582 0.000512 0.000254 0.000011 0.045061 0.007950 1.768601
0.945636 0.000567 0.000519 0.000260 0.000013 0.045055 0.007950 1.768670
0.945641 0.000567 0.000515 0.000257 0.000013 0.045058 0.007950 1.768726
0.945633 0.000566 0.000526 0.000255 0.000013 0.045058 0.007950 1.768786
0.945634 0.000563 0.000521 0.000252 0.000014 0.045066 0.007950 1.768840
0.945648 0.000557 0.000527 0.000246 0.000013 0.045059 0.007951 1.768897
0.945641 0.000558 0.000520 0.000251 0.000013 0.045066 0.007951 1.768952
0.945654 0.000554 0.000523 0.000251 0.000013 0.045053 0.007951 1.769002
0.945659 0.000555 0.000522 0.000253 0.000014 0.045046 0.007951 1.769060
0.945667 0.000558 0.000521 0.000252 0.000014 0.045035 0.007952 1.769114
0.945673 0.000549 0.000517 0.000258 0.000016 0.045037 0.007952 1.769176
0.945688 0.000549 0.000514 0.000251 0.000016 0.045031 0.007952 1.769226
0.945687 0.000557 0.000510 0.000249 0.000016 0.045031 0.007952 1.769277
0.945701 0.000552 0.000511 0.000254 0.000016 0.045015 0.007952 1.769334
0.945713 0.000548 0.000514 0.000246 0.000016 0.045012 0.007952 1.769385
0.945714 0.000537 0.000527 0.000247 0.000016 0.045007 0.007952 1.769453
0.945716 0.000534 0.000524 0.000254 0.000015 0.045006 0.007952 1.769507
0.945719 0.000541 0.000520 0.000252 0.000014 0.045003 0.007952 1.769556
0.945708 0.000547 0.000521 0.000244 0.000015 0.045012 0.007952 1.769608
0.945719 0.000544 0.000517 0.000243 0.000015 0.045012 0.007952 1.769662
0.945714 0.000552 0.000520 0.000246 0.000013 0.045004 0.007952 1.769720
0.945726 0.000553 0.000506 0.000247 0.000013 0.045003 0.007952 1.769770
0.945739 0.000548 0.000508 0.000245 0.000012 0.044996 0.007953 1.769820
0.945742 0.000556 0.000511 0.000246 0.000011 0.044982 0.007953 1.769875
0.945743 0.000559 0.000513 0.000246 0.000011 0.044975 0.007953 1.769930
0.945749 0.000555 0.000511 0.000244 0.000012 0.044975 0.007953 1.769986
0.945764 0.000543 0.000509 0.000249 0.000011 0.044971 0.007953 1.770041
0.945756 0.000552 0.000503 0.000253 0.000012 0.044971 0.007953 1.770095
0.945760 0.000554 0.000501 0.000254 0.000012 0.044966 0.007953 1.770147
0.945759 0.000561 0.000496 0.000260 0.000012 0.044958 0.007953 1.770197
0.945759 0.000560 0.000506 0.000262 0.000013 0.044947 0.007953 1.770258
0.945764 0.000557 0.000509 0.000261 0.000012 0.044944 0.007953 1.770315
0.945758 0.000558 0.000516 0.000263 0.000013 0.044939 0.007953 1.770375
0.945769 0.000552 0.000513 0.000267 0.000014 0.044931 0.007953 1.770437
0.945773 0.000557 0.000505 0.000266 0.000013 0.044934 0.007953 1.770483
0.945774 0.000551 0.000511 0.000270 0.000014 0.044928 0.007954 1.770545
0.945783 0.000552 0.000509 0.000269 0.000015 0.044917 0.007954 1.770593
0.945776 0.000557 0.000511 0.000262 0.000017 0.044924 0.007954 1.770645
0.945779 0.000559 0.000504 0.000255 0.000017 0.044933 0.007954 1.770693
0.945783 0.000552 0.000508 0.000258 0.000017 0.044929 0.007954 1.770759
0.945790 0.000551 0.000508 0.000254 0.000017 0.044926 0.007954 1.770816
0.945792 0.000562 0.000499 0.000248 0.000019 0.044925 0.007954 1.770863
0.945794 0.000566 0.000498 0.000253 0.000019 0.044917 0.007954 1.770918
0.945801 0.000557 0.000504 0.000252 0.000019 0.044912 0.007955 1.770980
0.945809 0.000547 0.000501 0.000255 0.000018 0.044914 0.007955 1.771035
0.945807 0.000548 0.000504 0.000246 0.000016 0.044924 0.007956 1.771090
0.945800 0.000557 0.000503 0.000244 0.000016 0.044924 0.007956 1.771141
0.945795 0.000562 0.000499 0.000254 0.000016 0.044917 0.007957 1.771199
0.945806 0.000547 0.000519 0.000256 0.000015 0.044899 0.007957 1.771271
0.945807 0.000543 0.000512 0.000256 0.000015 0.044910 0.007957 1.771327
0.945809 0.000537 0.000520 0.000257 0.000015 0.044905 0.007957 1.771388
0.945804 0.000536 0.000521 0.000255 0.000015 0.044912 0.007957 1.771446
0.945793 0.000551 0.000513 0.000247 0.000016 0.044922 0.007957 1.771494
0.945798 0.000543 0.000517 0.000249 0.000017 0.044919 0.007958 1.771551
0.945802 0.000552 0.000510 0.000249 0.000016 0.044913 0.007958 1.771601
0.945790 0.000577 0.000503 0.000244 0.000016 0.044913 0.007958 1.771644
0.945785 0.000585 0.000507 0.000242 0.000016 0.044907 0.007958 1.771696
0.945756 0.000607 0.000502 0.000244 0.000016 0.044916 0.007958 1.771751
0.945762 0.000608 0.000513 0.000246 0.000017 0.044897 0.007958 1.771813
0.945763 0.000614 0.000512 0.000244 0.000017 0.044892 0.007959 1.771868
0.945761 0.000599 0.000517 0.000248 0.000017 0.044899 0.007959 1.771939
0.945769 0.000591 0.000521 0.000251 0.000016 0.044893 0.007959 1.772000
0.945765 0.000589 0.000524 0.000258 0.000016 0.044889 0.007960 1.772061
0.945758 0.000594 0.000530 0.000252 0.000015 0.044892 0.007960 1.772115
0.945763 0.000586 0.000519 0.000257 0.000014 0.044901 0.007960 1.772172
0.945753 0.000591 0.000527 0.000261 0.000014 0.044894 0.007960 1.772232
0.945735 0.000605 0.000516 0.000265 0.000013 0.044906 0.007960 1.772285
0.945733 0.000607 0.000517 0.000263 0.000013 0.044907 0.007961 1.772342
0.945740 0.000613 0.000516 0.000254 0.000014 0.044902 0.007961 1.772388
0.945748 0.000610 0.000526 0.000246 0.000014 0.044896 0.007961 1.772444
0.945749 0.000599 0.000533 0.000249 0.000014 0.044895 0.007961 1.772506
0.945740 0.000599 0.000538 0.000252 0.000013 0.044896 0.007963 1.772571
0.945741 0.000602 0.000540 0.000246 0.000013 0.044895 0.007963 1.772620
0.945748 0.000589 0.000543 0.000255 0.000012 0.044891 0.007963 1.772688
0.945755 0.000589 0.000534 0.000257 0.000014 0.044889 0.007963 1.772740
0.945753 0.000580 0.000532 0.000258 0.000013 0.044901 0.007964 1.772807
0.945748 0.000588 0.000531 0.000254 0.000013 0.044902 0.007964 1.772859
0.945740 0.000590 0.000533 0.000260 0.000013 0.044900 0.007964 1.772917
0.945740 0.000586 0.000541 0.000260 0.000013 0.044897 0.007964 1.772981
0.945743 0.000584 0.000542 0.000257 0.000013 0.044897 0.007964 1.773035
0.945748 0.000585 0.000548 0.000259 0.000013 0.044883 0.007965 1.773096
0.945754 0.000577 0.000558 0.000266 0.000014 0.044866 0.007965 1.773163
0.945752 0.000579 0.000554 0.000268 0.000014 0.044869 0.007965 1.773223
0.945748 0.000583 0.000549 0.000271 0.000014 0.044869 0.007965 1.773278
0.945733 0.000583 0.000548 0.000271 0.000014 0.044886 0.007965 1.773338
0.945749 0.000568 0.000550 0.000266 0.000014 0.044887 0.007965 1.773400
0.945744 0.000577 0.000543 0.000265 0.000014 0.044891 0.007965 1.773453
0.945741 0.000580 0.000536 0.000266 0.000014 0.044899 0.007965 1.773509
0.945759 0.000584 0.000524 0.000268 0.000013 0.044887 0.007966 1.773557
0.945747 0.000577 0.000538 0.000274 0.000014 0.044885 0.007966 1.773624
0.945748 0.000580 0.000537 0.000265 0.000013 0.044892 0.007966 1.773676
0.945743 0.000588 0.000538 0.000264 0.000013 0.044889 0.007967 1.773732
0.945735 0.000596 0.000526 0.000261 0.000014 0.044901 0.007967 1.773783
0.945743 0.000587 0.000522 0.000268 0.000013 0.044900 0.007967 1.773842
0.945732 0.000579 0.000523 0.000266 0.000014 0.044919 0.007967 1.773909
0.945746 0.000578 0.000522 0.000263 0.000014 0.044911 0.007967 1.773958
0.945750 0.000569 0.000526 0.000254 0.000014 0.044920 0.007967 1.774013
0.945744 0.000572 0.000532 0.000255 0.000014 0.044916 0.007967 1.774069
