0.341817 0.062935 0.056547 0.032556 0.002137 0.497907 0.006102 1.629810
0.344478 0.060456 0.056488 0.032315 0.002139 0.497999 0.006126 1.635868
0.348077 0.057344 0.056347 0.031840 0.002135 0.498109 0.006147 1.641667
0.352024 0.054065 0.056029 0.031358 0.002143 0.498209 0.006171 1.647139
0.356454 0.050606 0.055591 0.030798 0.002147 0.498208 0.006196 1.652393
0.361071 0.047314 0.054981 0.030231 0.002150 0.498030 0.006224 1.657202
0.365887 0.044243 0.054094 0.029498 0.002135 0.497885 0.006258 1.661638
0.370899 0.041273 0.053135 0.028733 0.002135 0.497551 0.006274 1.665815
0.376172 0.038373 0.052008 0.027990 0.002113 0.497042 0.006303 1.669753
0.381428 0.035711 0.050855 0.027180 0.002104 0.496392 0.006330 1.673397
0.386788 0.033221 0.049529 0.026270 0.002091 0.495743 0.006358 1.676741
0.392198 0.030811 0.048222 0.025436 0.002087 0.494861 0.006385 1.679937
0.397561 0.028660 0.046875 0.024497 0.002069 0.493928 0.006409 1.682832
0.403012 0.026576 0.045544 0.023551 0.002046 0.492837 0.006434 1.685582
0.408524 0.024750 0.044066 0.022687 0.002021 0.491485 0.006465 1.688087
0.414007 0.023065 0.042555 0.021844 0.002003 0.490038 0.006488 1.690415
0.419496 0.021494 0.041124 0.020977 0.001994 0.488398 0.006518 1.692616
0.425057 0.019932 0.039722 0.020155 0.001974 0.486615 0.006545 1.694725
0.430566 0.018593 0.038221 0.019328 0.001954 0.484770 0.006567 1.696594
0.436136 0.017332 0.036770 0.018533 0.001933 0.482704 0.006590 1.698362
0.441672 0.016208 0.035383 0.017720 0.001904 0.480499 0.006613 1.700010
0.447205 0.015125 0.033982 0.016927 0.001886 0.478242 0.006633 1.701576
0.452597 0.014164 0.032591 0.016202 0.001856 0.475933 0.006658 1.703007
0.458075 0.013295 0.031203 0.015507 0.001828 0.473414 0.006678 1.704333
0.463554 0.012426 0.029971 0.014825 0.001785 0.470733 0.006707 1.705657
0.469009 0.011658 0.028727 0.014134 0.001749 0.467991 0.006732 1.706859
0.474485 0.010959 0.027497 0.013491 0.001735 0.465075 0.006759 1.707962
0.479904 0.010287 0.026333 0.012843 0.001714 0.462141 0.006779 1.709020
0.485265 0.009692 0.025127 0.012227 0.001675 0.459209 0.006805 1.710011
0.490537 0.009177 0.023960 0.011628 0.001628 0.456234 0.006835 1.710928
0.495910 0.008671 0.022881 0.011085 0.001594 0.453008 0.006852 1.711801
0.501255 0.008179 0.021855 0.010546 0.001568 0.449726 0.006871 1.712625
0.506505 0.007772 0.020819 0.010041 0.001532 0.446440 0.006892 1.713378
0.511789 0.007377 0.019847 0.009551 0.001500 0.443027 0.006910 1.714091
0.516960 0.006959 0.018965 0.009100 0.001464 0.439623 0.006929 1.714823
0.522179 0.006611 0.018117 0.008655 0.001436 0.436056 0.006946 1.715485
0.527346 0.006267 0.017288 0.008289 0.001409 0.432444 0.006958 1.716134
0.532468 0.005968 0.016523 0.007894 0.001382 0.428789 0.006976 1.716739
0.537398 0.005686 0.015791 0.007499 0.001354 0.425282 0.006992 1.717307
0.542518 0.005430 0.015060 0.007126 0.001323 0.421534 0.007010 1.717837
0.547432 0.005185 0.014374 0.006768 0.001296 0.417919 0.007028 1.718347
0.552351 0.004959 0.013745 0.006444 0.001273 0.414189 0.007042 1.718836
0.557138 0.004741 0.013130 0.006123 0.001240 0.410569 0.007059 1.719320
0.562022 0.004539 0.012519 0.005828 0.001205 0.406812 0.007075 1.719770
0.566919 0.004344 0.011950 0.005557 0.001171 0.402970 0.007089 1.720219
0.571582 0.004159 0.011434 0.005279 0.001142 0.399298 0.007106 1.720646
0.576388 0.004002 0.010875 0.005053 0.001113 0.395450 0.007120 1.721030
0.581118 0.003837 0.010382 0.004817 0.001090 0.391626 0.007131 1.721420
0.585782 0.003690 0.009900 0.004567 0.001052 0.387864 0.007146 1.721787
0.590353 0.003523 0.009455 0.004387 0.001018 0.384101 0.007163 1.722170
0.594922 0.003403 0.009006 0.004164 0.000997 0.380336 0.007172 1.722503
0.599456 0.003279 0.008589 0.003961 0.000971 0.376560 0.007185 1.722821
0.603959 0.003174 0.008207 0.003755 0.000935 0.372773 0.007197 1.723113
0.608446 0.003069 0.007823 0.003598 0.000903 0.368953 0.007209 1.723416
0.612822 0.002966 0.007494 0.003444 0.000874 0.365173 0.007226 1.723707
0.617242 0.002870 0.007155 0.003272 0.000848 0.361373 0.007240 1.723986
0.621522 0.002776 0.006872 0.003148 0.000821 0.357609 0.007253 1.724268
0.625718 0.002701 0.006584 0.003004 0.000795 0.353932 0.007267 1.724519
0.629934 0.002629 0.006296 0.002881 0.000767 0.350218 0.007276 1.724769
0.634110 0.002548 0.006032 0.002761 0.000737 0.346529 0.007283 1.725028
0.638217 0.002469 0.005771 0.002641 0.000713 0.342897 0.007291 1.725268
0.642257 0.002403 0.005525 0.002525 0.000696 0.339298 0.007297 1.725500
0.646231 0.002336 0.005296 0.002406 0.000669 0.335761 0.007302 1.725733
0.650225 0.002248 0.005084 0.002313 0.000650 0.332172 0.007310 1.725973
0.654220 0.002173 0.004867 0.002212 0.000627 0.328579 0.007321 1.726192
0.658180 0.002116 0.004665 0.002123 0.000607 0.324978 0.007331 1.726408
0.662021 0.002060 0.004469 0.002036 0.000592 0.321485 0.007338 1.726616
0.665864 0.002000 0.004310 0.001947 0.000570 0.317963 0.007347 1.726830
0.669657 0.001940 0.004122 0.001869 0.000556 0.314501 0.007355 1.727015
0.673334 0.001880 0.003954 0.001790 0.000547 0.311133 0.007363 1.727215
0.677032 0.001828 0.003802 0.001722 0.000523 0.307717 0.007377 1.727408
0.680706 0.001790 0.003652 0.001637 0.000508 0.304324 0.007383 1.727574
0.684364 0.001744 0.003495 0.001588 0.000495 0.300924 0.007391 1.727753
0.688000 0.001705 0.003353 0.001531 0.000479 0.297534 0.007400 1.727930
0.691601 0.001676 0.003228 0.001472 0.000466 0.294154 0.007405 1.728091
0.695121 0.001635 0.003113 0.001418 0.000452 0.290852 0.007411 1.728250
0.698632 0.001592 0.003004 0.001363 0.000441 0.287553 0.007416 1.728400
0.702127 0.001549 0.002882 0.001309 0.000424 0.284287 0.007422 1.728547
0.705540 0.001503 0.002786 0.001262 0.000414 0.281072 0.007425 1.728699
0.708989 0.001461 0.002692 0.001213 0.000399 0.277816 0.007432 1.728841
0.712352 0.001424 0.002587 0.001152 0.000387 0.274663 0.007437 1.728971
0.715681 0.001385 0.002506 0.001121 0.000376 0.271490 0.007443 1.729118
0.718916 0.001363 0.002433 0.001077 0.000364 0.268400 0.007448 1.729252
0.722096 0.001331 0.002354 0.001053 0.000347 0.265365 0.007455 1.729389
0.725257 0.001297 0.002278 0.001019 0.000340 0.262353 0.007458 1.729520
0.728415 0.001270 0.002205 0.000982 0.000327 0.259339 0.007463 1.729651
0.731506 0.001252 0.002144 0.000956 0.000320 0.256358 0.007466 1.729777
0.734625 0.001215 0.002074 0.000926 0.000304 0.253384 0.007472 1.729897
0.737652 0.001197 0.002009 0.000901 0.000293 0.250472 0.007477 1.730009
0.740703 0.001169 0.001939 0.000865 0.000287 0.247560 0.007478 1.730121
0.743659 0.001158 0.001881 0.000828 0.000278 0.244716 0.007482 1.730229
0.746646 0.001122 0.001827 0.000816 0.000270 0.241836 0.007485 1.730353
0.749584 0.001102 0.001759 0.000801 0.000259 0.239008 0.007489 1.730464
0.752459 0.001083 0.001699 0.000768 0.000251 0.236247 0.007493 1.730563
0.755343 0.001048 0.001640 0.000753 0.000242 0.233478 0.007497 1.730678
0.758170 0.001028 0.001598 0.000730 0.000236 0.230740 0.007500 1.730781
0.760968 0.001005 0.001551 0.000708 0.000228 0.228037 0.007504 1.730880
0.763800 0.000991 0.001515 0.000683 0.000222 0.225282 0.007507 1.730972
0.766510 0.000987 0.001457 0.000666 0.000215 0.222656 0.007510 1.731051
0.769255 0.000978 0.001420 0.000645 0.000207 0.219984 0.007513 1.731140
0.771896 0.000957 0.001383 0.000627 0.000202 0.217420 0.007516 1.731229
0.774623 0.000941 0.001340 0.000616 0.000194 0.214767 0.007520 1.731323
0.777167 0.000922 0.001310 0.000598 0.000188 0.212291 0.007525 1.731413
0.779784 0.000905 0.001275 0.000591 0.000176 0.209738 0.007530 1.731498
0.782349 0.000892 0.001250 0.000579 0.000171 0.207227 0.007532 1.731585
0.784889 0.000865 0.001222 0.000569 0.000164 0.204758 0.007534 1.731679
0.787311 0.000873 0.001194 0.000558 0.000157 0.202374 0.007534 1.731751
0.789704 0.000866 0.001167 0.000551 0.000154 0.200023 0.007536 1.731826
0.792140 0.000853 0.001141 0.000540 0.000148 0.197640 0.007538 1.731910
0.794485 0.000839 0.001116 0.000522 0.000141 0.195356 0.007542 1.731993
0.796848 0.000831 0.001087 0.000515 0.000138 0.193038 0.007544 1.732074
0.799163 0.000813 0.001065 0.000501 0.000138 0.190775 0.007545 1.732157
0.801525 0.000792 0.001042 0.000491 0.000134 0.188470 0.007547 1.732240
0.803835 0.000782 0.001024 0.000477 0.000128 0.186206 0.007548 1.732313
0.806143 0.000762 0.001010 0.000466 0.000123 0.183947 0.007551 1.732397
0.808362 0.000744 0.000991 0.000463 0.000122 0.181769 0.007551 1.732480
0.810542 0.000723 0.000958 0.000460 0.000118 0.179648 0.007552 1.732556
0.812688 0.000710 0.000934 0.000446 0.000114 0.177556 0.007554 1.732625
0.814799 0.000703 0.000909 0.000435 0.000107 0.175489 0.007558 1.732690
0.816887 0.000692 0.000888 0.000418 0.000103 0.173452 0.007561 1.732759
0.818924 0.000671 0.000871 0.000413 0.000101 0.171459 0.007561 1.732832
0.820971 0.000663 0.000851 0.000406 0.000100 0.169447 0.007563 1.732896
0.822978 0.000664 0.000851 0.000397 0.000099 0.167448 0.007564 1.732957
0.824934 0.000670 0.000834 0.000393 0.000097 0.165509 0.007564 1.733018
0.826967 0.000667 0.000816 0.000385 0.000094 0.163506 0.007566 1.733076
0.828968 0.000655 0.000802 0.000369 0.000093 0.161548 0.007567 1.733141
0.830951 0.000645 0.000777 0.000356 0.000090 0.159612 0.007569 1.733205
0.832804 0.000650 0.000760 0.000341 0.000088 0.157788 0.007570 1.733260
0.834748 0.000638 0.000751 0.000337 0.000084 0.155870 0.007572 1.733323
0.836660 0.000626 0.000740 0.000335 0.000081 0.153984 0.007574 1.733387
0.838474 0.000613 0.000729 0.000330 0.000080 0.152198 0.007576 1.733448
0.840334 0.000601 0.000716 0.000330 0.000076 0.150367 0.007577 1.733510
0.842135 0.000585 0.000714 0.000323 0.000073 0.148591 0.007579 1.733569
0.843917 0.000577 0.000703 0.000315 0.000071 0.146836 0.007581 1.733626
0.845641 0.000569 0.000691 0.000310 0.000067 0.145138 0.007583 1.733680
0.847377 0.000560 0.000678 0.000304 0.000063 0.143432 0.007587 1.733733
0.849134 0.000547 0.000662 0.000303 0.000062 0.141705 0.007588 1.733787
0.850821 0.000553 0.000645 0.000298 0.000062 0.140031 0.007589 1.733834
0.852524 0.000536 0.000636 0.000296 0.000059 0.138358 0.007590 1.733887
0.854224 0.000538 0.000625 0.000287 0.000056 0.136678 0.007591 1.733934
0.855857 0.000536 0.000612 0.000274 0.000055 0.135074 0.007592 1.733981
0.857445 0.000527 0.000607 0.000282 0.000052 0.133496 0.007592 1.734032
0.859030 0.000519 0.000598 0.000285 0.000050 0.131927 0.007593 1.734087
0.860591 0.000518 0.000590 0.000275 0.000050 0.130383 0.007593 1.734140
0.862141 0.000512 0.000588 0.000269 0.000049 0.128848 0.007593 1.734190
0.863639 0.000513 0.000579 0.000262 0.000048 0.127366 0.007594 1.734233
0.865103 0.000509 0.000580 0.000266 0.000047 0.125900 0.007595 1.734294
0.866557 0.000502 0.000568 0.000267 0.000045 0.124467 0.007595 1.734344
0.867981 0.000500 0.000561 0.000256 0.000045 0.123063 0.007595 1.734389
0.869418 0.000485 0.000558 0.000261 0.000045 0.121640 0.007595 1.734443
0.870805 0.000492 0.000541 0.000253 0.000044 0.120270 0.007596 1.734483
0.872204 0.000486 0.000535 0.000249 0.000043 0.118887 0.007597 1.734531
0.873600 0.000480 0.000538 0.000244 0.000042 0.117499 0.007597 1.734580
0.874972 0.000474 0.000529 0.000240 0.000043 0.116146 0.007597 1.734623
0.876278 0.000467 0.000518 0.000235 0.000044 0.114861 0.007598 1.734670
0.877563 0.000467 0.000512 0.000231 0.000042 0.113588 0.007598 1.734714
0.878808 0.000462 0.000493 0.000234 0.000041 0.112364 0.007599 1.734758
0.880052 0.000455 0.000498 0.000226 0.000039 0.111130 0.007600 1.734806
0.881327 0.000448 0.000490 0.000227 0.000038 0.109871 0.007600 1.734847
0.882582 0.000441 0.000487 0.000229 0.000037 0.108626 0.007600 1.734896
0.883782 0.000439 0.000472 0.000231 0.000036 0.107439 0.007601 1.734937
0.884975 0.000440 0.000476 0.000228 0.000036 0.106244 0.007601 1.734985
0.886125 0.000430 0.000461 0.000221 0.000034 0.105128 0.007601 1.735027
0.887243 0.000445 0.000451 0.000217 0.000033 0.104011 0.007601 1.735054
0.888356 0.000445 0.000445 0.000209 0.000031 0.102913 0.007601 1.735085
0.889441 0.000444 0.000440 0.000209 0.000030 0.101836 0.007602 1.735126
0.890450 0.000444 0.000443 0.000208 0.000029 0.100826 0.007602 1.735168
0.891544 0.000432 0.000437 0.000203 0.000031 0.099751 0.007602 1.735212
0.892614 0.000420 0.000435 0.000206 0.000031 0.098691 0.007602 1.735257
0.893677 0.000415 0.000430 0.000206 0.000029 0.097640 0.007603 1.735298
0.894639 0.000415 0.000417 0.000210 0.000028 0.096687 0.007604 1.735341
0.895672 0.000408 0.000418 0.000201 0.000028 0.095669 0.007604 1.735381
0.896717 0.000403 0.000415 0.000191 0.000026 0.094643 0.007605 1.735418
0.897675 0.000397 0.000410 0.000192 0.000025 0.093695 0.007606 1.735463
0.898651 0.000397 0.000413 0.000190 0.000022 0.092721 0.007606 1.735498
0.899591 0.000394 0.000403 0.000190 0.000022 0.091793 0.007607 1.735537
0.900458 0.000400 0.000403 0.000184 0.000021 0.090927 0.007607 1.735572
0.901330 0.000406 0.000386 0.000181 0.000020 0.090068 0.007608 1.735602
0.902207 0.000401 0.000389 0.000179 0.000021 0.089195 0.007608 1.735643
0.903116 0.000386 0.000392 0.000178 0.000020 0.088298 0.007608 1.735691
0.903968 0.000383 0.000398 0.000169 0.000021 0.087453 0.007608 1.735729
0.904825 0.000381 0.000392 0.000177 0.000021 0.086595 0.007608 1.735773
0.905626 0.000382 0.000379 0.000176 0.000020 0.085808 0.007609 1.735810
0.906408 0.000387 0.000376 0.000174 0.000020 0.085027 0.007609 1.735840
0.907172 0.000387 0.000375 0.000169 0.000019 0.084269 0.007609 1.735878
0.907890 0.000390 0.000370 0.000167 0.000018 0.083555 0.007610 1.735914
0.908629 0.000378 0.000371 0.000166 0.000018 0.082828 0.007610 1.735958
0.909359 0.000377 0.000367 0.000163 0.000017 0.082106 0.007610 1.735993
0.910048 0.000368 0.000365 0.000162 0.000017 0.081430 0.007610 1.736032
0.910732 0.000370 0.000360 0.000162 0.000018 0.080747 0.007610 1.736066
0.911404 0.000369 0.000359 0.000167 0.000018 0.080074 0.007610 1.736101
0.912079 0.000374 0.000354 0.000164 0.000018 0.079401 0.007610 1.736138
0.912778 0.000384 0.000346 0.000166 0.000018 0.078698 0.007610 1.736169
0.913432 0.000373 0.000353 0.000170 0.000018 0.078044 0.007610 1.736212
0.914045 0.000370 0.000356 0.000171 0.000017 0.077431 0.007610 1.736251
0.914639 0.000375 0.000354 0.000167 0.000017 0.076838 0.007610 1.736291
0.915202 0.000370 0.000350 0.000166 0.000016 0.076285 0.007610 1.736333
0.915788 0.000370 0.000351 0.000167 0.000013 0.075700 0.007612 1.736372
0.916369 0.000372 0.000347 0.000161 0.000012 0.075126 0.007612 1.736400
0.916954 0.000382 0.000343 0.000156 0.000012 0.074541 0.007613 1.736430
0.917526 0.000384 0.000341 0.000154 0.000012 0.073971 0.007613 1.736466
0.918071 0.000379 0.000345 0.000153 0.000012 0.073428 0.007613 1.736509
0.918589 0.000385 0.000340 0.000157 0.000012 0.072906 0.007613 1.736540
0.919123 0.000384 0.000344 0.000159 0.000012 0.072366 0.007614 1.736576
0.919630 0.000374 0.000342 0.000163 0.000011 0.071867 0.007614 1.736615
0.920154 0.000365 0.000338 0.000160 0.000010 0.071360 0.007614 1.736654
0.920636 0.000372 0.000337 0.000157 0.000011 0.070875 0.007614 1.736686
0.921110 0.000386 0.000331 0.000158 0.000010 0.070392 0.007614 1.736716
0.921536 0.000370 0.000341 0.000162 0.000010 0.069968 0.007614 1.736766
0.921970 0.000369 0.000339 0.000160 0.000010 0.069538 0.007614 1.736801
0.922415 0.000364 0.000343 0.000159 0.000010 0.069095 0.007615 1.736836
0.922828 0.000371 0.000342 0.000151 0.000012 0.068682 0.007615 1.736869
0.923258 0.000370 0.000344 0.000148 0.000012 0.068254 0.007615 1.736904
0.923662 0.000377 0.000345 0.000147 0.000012 0.067842 0.007615 1.736940
0.924071 0.000389 0.000340 0.000149 0.000012 0.067424 0.007615 1.736971
0.924446 0.000397 0.000344 0.000151 0.000012 0.067036 0.007615 1.737010
0.924869 0.000386 0.000345 0.000154 0.000013 0.066619 0.007616 1.737046
0.925239 0.000374 0.000352 0.000157 0.000012 0.066249 0.007616 1.737094
0.925624 0.000376 0.000343 0.000155 0.000013 0.065873 0.007617 1.737121
0.926008 0.000367 0.000346 0.000160 0.000013 0.065489 0.007617 1.737161
0.926372 0.000372 0.000348 0.000159 0.000013 0.065120 0.007617 1.737192
0.926730 0.000373 0.000347 0.000155 0.000013 0.064767 0.007617 1.737228
0.927067 0.000382 0.000341 0.000156 0.000013 0.064424 0.007617 1.737260
0.927401 0.000390 0.000343 0.000156 0.000014 0.064079 0.007617 1.737294
0.927752 0.000392 0.000340 0.000152 0.000014 0.063732 0.007617 1.737329
0.928102 0.000387 0.000337 0.000152 0.000013 0.063391 0.007617 1.737367
0.928434 0.000381 0.000341 0.000153 0.000013 0.063061 0.007618 1.737406
0.928744 0.000383 0.000348 0.000154 0.000012 0.062741 0.007618 1.737446
0.929051 0.000373 0.000351 0.000157 0.000012 0.062438 0.007618 1.737491
0.929389 0.000380 0.000349 0.000156 0.000012 0.062096 0.007618 1.737515
0.929708 0.000382 0.000346 0.000160 0.000011 0.061775 0.007619 1.737548
0.929994 0.000379 0.000350 0.000159 0.000011 0.061489 0.007619 1.737588
0.930284 0.000376 0.000352 0.000159 0.000012 0.061199 0.007619 1.737626
0.930563 0.000380 0.000343 0.000158 0.000012 0.060925 0.007619 1.737657
0.930843 0.000378 0.000331 0.000161 0.000012 0.060657 0.007619 1.737693
0.931099 0.000378 0.000332 0.000154 0.000012 0.060406 0.007619 1.737726
0.931335 0.000386 0.000332 0.000152 0.000013 0.060163 0.007619 1.737761
0.931577 0.000386 0.000329 0.000151 0.000012 0.059927 0.007619 1.737798
0.931828 0.000388 0.000332 0.000152 0.000011 0.059670 0.007620 1.737834
0.932048 0.000386 0.000332 0.000153 0.000011 0.059451 0.007620 1.737866
0.932253 0.000391 0.000336 0.000156 0.000010 0.059234 0.007620 1.737900
0.932460 0.000394 0.000336 0.000159 0.000009 0.059022 0.007621 1.737936
0.932671 0.000395 0.000337 0.000161 0.000008 0.058807 0.007621 1.737972
0.932874 0.000395 0.000330 0.000163 0.000008 0.058611 0.007621 1.738008
0.933081 0.000394 0.000332 0.000165 0.000008 0.058400 0.007621 1.738048
0.933288 0.000399 0.000336 0.000163 0.000007 0.058187 0.007621 1.738081
0.933493 0.000390 0.000338 0.000170 0.000007 0.057981 0.007621 1.738119
0.933684 0.000388 0.000336 0.000170 0.000007 0.057795 0.007621 1.738155
0.933867 0.000387 0.000342 0.000165 0.000007 0.057611 0.007621 1.738195
0.934067 0.000390 0.000331 0.000165 0.000007 0.057419 0.007621 1.738227
0.934254 0.000383 0.000334 0.000164 0.000007 0.057237 0.007622 1.738268
0.934448 0.000386 0.000326 0.000162 0.000009 0.057048 0.007622 1.738300
0.934619 0.000377 0.000341 0.000164 0.000008 0.056870 0.007622 1.738344
0.934796 0.000383 0.000338 0.000171 0.000009 0.056682 0.007622 1.738377
0.934969 0.000379 0.000344 0.000175 0.000010 0.056503 0.007622 1.738419
0.935125 0.000392 0.000344 0.000170 0.000010 0.056337 0.007622 1.738452
0.935294 0.000401 0.000341 0.000168 0.000010 0.056166 0.007622 1.738487
0.935456 0.000398 0.000341 0.000165 0.000011 0.056008 0.007622 1.738524
0.935614 0.000403 0.000347 0.000161 0.000010 0.055843 0.007622 1.738557
0.935776 0.000407 0.000342 0.000162 0.000010 0.055681 0.007622 1.738592
0.935947 0.000395 0.000350 0.000159 0.000010 0.055518 0.007623 1.738636
0.936096 0.000392 0.000350 0.000163 0.000009 0.055367 0.007623 1.738681
0.936252 0.000391 0.000347 0.000159 0.000009 0.055220 0.007623 1.738717
0.936404 0.000388 0.000340 0.000161 0.000010 0.055075 0.007623 1.738752
0.936539 0.000386 0.000343 0.000162 0.000010 0.054938 0.007623 1.738791
0.936686 0.000390 0.000346 0.000161 0.000010 0.054784 0.007623 1.738824
0.936829 0.000391 0.000351 0.000159 0.000011 0.054638 0.007623 1.738859
0.936981 0.000383 0.000351 0.000155 0.000011 0.054497 0.007623 1.738896
0.937118 0.000375 0.000352 0.000161 0.000012 0.054361 0.007623 1.738939
0.937247 0.000378 0.000353 0.000165 0.000012 0.054224 0.007623 1.738979
0.937391 0.000373 0.000352 0.000165 0.000011 0.054087 0.007623 1.739012
0.937504 0.000383 0.000352 0.000165 0.000010 0.053963 0.007624 1.739047
0.937632 0.000395 0.000350 0.000163 0.000008 0.053828 0.007625 1.739078
0.937765 0.000376 0.000359 0.000165 0.000008 0.053704 0.007625 1.739123
0.937875 0.000381 0.000353 0.000164 0.000008 0.053596 0.007625 1.739158
0.938006 0.000374 0.000359 0.000161 0.000008 0.053468 0.007625 1.739196
0.938111 0.000381 0.000354 0.000162 0.000007 0.053359 0.007625 1.739232
0.938235 0.000383 0.000355 0.000165 0.000007 0.053232 0.007625 1.739271
0.938343 0.000380 0.000355 0.000166 0.000007 0.053126 0.007625 1.739308
0.938461 0.000373 0.000364 0.000170 0.000008 0.053001 0.007625 1.739351
0.938572 0.000374 0.000359 0.000168 0.000008 0.052896 0.007625 1.739392
0.938678 0.000374 0.000356 0.000171 0.000007 0.052789 0.007626 1.739432
0.938768 0.000380 0.000356 0.000167 0.000008 0.052697 0.007626 1.739467
0.938892 0.000366 0.000367 0.000163 0.000008 0.052578 0.007626 1.739512
0.938995 0.000360 0.000373 0.000165 0.000010 0.052472 0.007626 1.739556
0.939082 0.000369 0.000368 0.000160 0.000009 0.052388 0.007626 1.739588
0.939194 0.000366 0.000368 0.000168 0.000010 0.052270 0.007626 1.739627
0.939285 0.000375 0.000364 0.000167 0.000010 0.052174 0.007626 1.739656
0.939368 0.000381 0.000357 0.000165 0.000010 0.052093 0.007626 1.739685
0.939468 0.000376 0.000350 0.000167 0.000010 0.052004 0.007626 1.739723
0.939556 0.000377 0.000355 0.000165 0.000010 0.051912 0.007626 1.739762
0.939637 0.000384 0.000356 0.000156 0.000011 0.051830 0.007626 1.739798
0.939720 0.000389 0.000359 0.000154 0.000010 0.051741 0.007627 1.739832
0.939799 0.000387 0.000360 0.000150 0.000010 0.051667 0.007627 1.739868
0.939862 0.000388 0.000365 0.000155 0.000010 0.051594 0.007627 1.739911
0.939903 0.000401 0.000361 0.000153 0.000011 0.051545 0.007627 1.739947
0.939972 0.000414 0.000358 0.000155 0.000012 0.051463 0.007627 1.739983
0.940032 0.000422 0.000360 0.000153 0.000012 0.051394 0.007627 1.740021
0.940104 0.000414 0.000359 0.000154 0.000012 0.051330 0.007627 1.740063
0.940168 0.000420 0.000358 0.000153 0.000012 0.051262 0.007627 1.740101
0.940242 0.000415 0.000365 0.000157 0.000013 0.051182 0.007627 1.740144
0.940295 0.000409 0.000370 0.000161 0.000013 0.051125 0.007627 1.740193
0.940357 0.000417 0.000362 0.000164 0.000012 0.051062 0.007627 1.740228
0.940406 0.000423 0.000360 0.000165 0.000011 0.051009 0.007627 1.740264
0.940462 0.000430 0.000366 0.000167 0.000010 0.050939 0.007627 1.740305
0.940511 0.000442 0.000364 0.000163 0.000010 0.050884 0.007627 1.740337
0.940569 0.000439 0.000371 0.000161 0.000011 0.050824 0.007627 1.740379
0.940637 0.000439 0.000385 0.000167 0.000011 0.050735 0.007627 1.740425
0.940680 0.000444 0.000377 0.000169 0.000013 0.050691 0.007627 1.740465
0.940740 0.000449 0.000378 0.000169 0.000013 0.050625 0.007627 1.740506
0.940797 0.000441 0.000377 0.000169 0.000013 0.050576 0.007627 1.740550
0.940854 0.000445 0.000371 0.000172 0.000013 0.050519 0.007627 1.740591
0.940901 0.000441 0.000375 0.000174 0.000015 0.050467 0.007627 1.740639
0.940961 0.000424 0.000382 0.000170 0.000015 0.050421 0.007628 1.740686
0.941009 0.000434 0.000383 0.000171 0.000015 0.050359 0.007628 1.740718
0.941046 0.000431 0.000388 0.000172 0.000014 0.050321 0.007628 1.740762
0.941092 0.000435 0.000390 0.000171 0.000015 0.050268 0.007628 1.740805
0.941140 0.000427 0.000393 0.000174 0.000013 0.050223 0.007629 1.740857
0.941205 0.000426 0.000391 0.000175 0.000013 0.050160 0.007629 1.740897
0.941240 0.000443 0.000388 0.000177 0.000013 0.050110 0.007629 1.740930
0.941268 0.000452 0.000393 0.000179 0.000013 0.050068 0.007629 1.740971
0.941320 0.000441 0.000402 0.000179 0.000013 0.050017 0.007629 1.741019
0.941347 0.000451 0.000399 0.000179 0.000013 0.049983 0.007629 1.741063
0.941390 0.000454 0.000391 0.000175 0.000013 0.049947 0.007630 1.741104
0.941432 0.000456 0.000391 0.000172 0.000013 0.049907 0.007630 1.741150
0.941471 0.000457 0.000398 0.000174 0.000013 0.049857 0.007630 1.741194
0.941498 0.000459 0.000402 0.000171 0.000013 0.049828 0.007630 1.741240
0.941538 0.000458 0.000411 0.000170 0.000013 0.049782 0.007630 1.741286
0.941572 0.000458 0.000410 0.000172 0.000013 0.049747 0.007630 1.741330
0.941611 0.000457 0.000405 0.000173 0.000012 0.049712 0.007631 1.741369
0.941644 0.000454 0.000403 0.000169 0.000013 0.049689 0.007631 1.741413
0.941681 0.000447 0.000402 0.000173 0.000012 0.049656 0.007631 1.741458
0.941712 0.000460 0.000387 0.000171 0.000011 0.049627 0.007632 1.741491
0.941761 0.000456 0.000384 0.000170 0.000012 0.049587 0.007632 1.741533
0.941784 0.000460 0.000383 0.000171 0.000012 0.049560 0.007632 1.741577
0.941812 0.000459 0.000379 0.000179 0.000013 0.049526 0.007632 1.741625
0.941835 0.000455 0.000394 0.000179 0.000013 0.049493 0.007632 1.741675
0.941864 0.000455 0.000394 0.000184 0.000013 0.049458 0.007632 1.741718
0.941891 0.000443 0.000404 0.000193 0.000014 0.049425 0.007632 1.741773
0.941921 0.000446 0.000406 0.000194 0.000014 0.049387 0.007632 1.741814
0.941942 0.000451 0.000412 0.000192 0.000014 0.049357 0.007632 1.741856
0.941975 0.000450 0.000423 0.000191 0.000014 0.049315 0.007632 1.741904
0.941981 0.000467 0.000418 0.000181 0.000014 0.049307 0.007633 1.741939
0.942013 0.000469 0.000416 0.000182 0.000015 0.049274 0.007633 1.741982
0.942046 0.000462 0.000413 0.000185 0.000014 0.049248 0.007634 1.742028
0.942066 0.000461 0.000405 0.000191 0.000013 0.049231 0.007635 1.742072
0.942077 0.000466 0.000403 0.000191 0.000013 0.049216 0.007635 1.742122
0.942081 0.000468 0.000407 0.000188 0.000013 0.049210 0.007635 1.742172
0.942106 0.000462 0.000406 0.000192 0.000013 0.049188 0.007635 1.742219
0.942142 0.000462 0.000397 0.000190 0.000012 0.049163 0.007635 1.742259
0.942172 0.000460 0.000398 0.000187 0.000012 0.049138 0.007635 1.742299
0.942199 0.000449 0.000400 0.000191 0.000011 0.049115 0.007636 1.742347
0.942221 0.000443 0.000402 0.000200 0.000010 0.049089 0.007636 1.742396
0.942250 0.000454 0.000390 0.000198 0.000009 0.049064 0.007636 1.742431
0.942279 0.000453 0.000389 0.000197 0.000009 0.049038 0.007637 1.742473
0.942308 0.000448 0.000392 0.000198 0.000010 0.049009 0.007637 1.742519
0.942343 0.000445 0.000390 0.000195 0.000010 0.048981 0.007637 1.742561
0.942363 0.000447 0.000395 0.000197 0.000010 0.048952 0.007637 1.742601
0.942390 0.000433 0.000397 0.000194 0.000010 0.048940 0.007637 1.742649
0.942419 0.000434 0.000393 0.000188 0.000011 0.048919 0.007637 1.742688
0.942443 0.000430 0.000393 0.000189 0.000011 0.048898 0.007637 1.742731
0.942460 0.000436 0.000397 0.000193 0.000012 0.048867 0.007637 1.742774
0.942472 0.000437 0.000396 0.000190 0.000012 0.048856 0.007637 1.742817
0.942508 0.000438 0.000398 0.000191 0.000011 0.048818 0.007637 1.742853
0.942541 0.000426 0.000397 0.000197 0.000011 0.048791 0.007637 1.742900
0.942555 0.000428 0.000404 0.000196 0.000012 0.048769 0.007637 1.742944
0.942581 0.000427 0.000395 0.000195 0.000013 0.048752 0.007637 1.742981
0.942600 0.000432 0.000396 0.000191 0.000013 0.048734 0.007637 1.743017
0.942634 0.000428 0.000397 0.000186 0.000013 0.048706 0.007637 1.743055
0.942647 0.000434 0.000398 0.000185 0.000014 0.048686 0.007637 1.743092
0.942659 0.000428 0.000403 0.000179 0.000014 0.048681 0.007637 1.743138
0.942685 0.000423 0.000406 0.000182 0.000013 0.048655 0.007637 1.743181
0.942696 0.000428 0.000408 0.000178 0.000013 0.048641 0.007637 1.743216
0.942723 0.000420 0.000402 0.000177 0.000013 0.048627 0.007638 1.743257
0.942742 0.000415 0.000405 0.000178 0.000012 0.048612 0.007638 1.743300
0.942762 0.000413 0.000409 0.000173 0.000012 0.048595 0.007638 1.743344
0.942786 0.000427 0.000407 0.000175 0.000012 0.048558 0.007638 1.743379
0.942801 0.000417 0.000403 0.000173 0.000012 0.048557 0.007638 1.743422
0.942814 0.000410 0.000408 0.000175 0.000013 0.048544 0.007638 1.743470
0.942835 0.000413 0.000402 0.000178 0.000012 0.048522 0.007639 1.743507
0.942849 0.000413 0.000409 0.000176 0.000012 0.048503 0.007639 1.743556
0.942863 0.000414 0.000417 0.000180 0.000012 0.048475 0.007639 1.743603
0.942870 0.000418 0.000420 0.000178 0.000012 0.048464 0.007639 1.743646
0.942882 0.000421 0.000414 0.000184 0.000012 0.048449 0.007639 1.743686
0.942899 0.000419 0.000412 0.000186 0.000011 0.048435 0.007639 1.743727
0.942912 0.000416 0.000414 0.000187 0.000011 0.048422 0.007639 1.743770
0.942933 0.000413 0.000420 0.000186 0.000011 0.048398 0.007639 1.743812
0.942947 0.000408 0.000421 0.000197 0.000011 0.048379 0.007639 1.743860
0.942977 0.000408 0.000421 0.000199 0.000011 0.048346 0.007639 1.743898
0.942981 0.000414 0.000419 0.000197 0.000012 0.048338 0.007639 1.743940
0.943007 0.000417 0.000416 0.000192 0.000011 0.048318 0.007640 1.743978
0.943014 0.000415 0.000414 0.000198 0.000011 0.048309 0.007640 1.744024
0.943029 0.000411 0.000419 0.000198 0.000011 0.048293 0.007640 1.744070
0.943052 0.000401 0.000419 0.000199 0.000010 0.048280 0.007640 1.744107
0.943073 0.000401 0.000409 0.000198 0.000010 0.048269 0.007640 1.744144
0.943100 0.000400 0.000417 0.000186 0.000010 0.048248 0.007640 1.744179
0.943120 0.000398 0.000416 0.000182 0.000010 0.048233 0.007641 1.744222
0.943135 0.000402 0.000416 0.000182 0.000011 0.048213 0.007641 1.744262
0.943148 0.000410 0.000394 0.000183 0.000010 0.048215 0.007642 1.744294
0.943167 0.000405 0.000386 0.000184 0.000010 0.048206 0.007643 1.744337
0.943189 0.000399 0.000379 0.000191 0.000010 0.048190 0.007643 1.744379
0.943208 0.000401 0.000377 0.000187 0.000011 0.048175 0.007643 1.744419
0.943220 0.000405 0.000373 0.000188 0.000011 0.048160 0.007643 1.744460
0.943235 0.000404 0.000367 0.000185 0.000011 0.048156 0.007643 1.744493
0.943256 0.000398 0.000374 0.000186 0.000010 0.048134 0.007643 1.744540
0.943266 0.000392 0.000374 0.000184 0.000010 0.048132 0.007644 1.744581
0.943285 0.000385 0.000366 0.000186 0.000011 0.048124 0.007644 1.744622
0.943297 0.000391 0.000360 0.000183 0.000010 0.048115 0.007644 1.744654
0.943308 0.000383 0.000357 0.000184 0.000010 0.048116 0.007644 1.744701
0.943317 0.000392 0.000353 0.000181 0.000009 0.048104 0.007644 1.744735
0.943329 0.000399 0.000351 0.000178 0.000009 0.048091 0.007644 1.744769
0.943351 0.000396 0.000348 0.000177 0.000009 0.048075 0.007645 1.744804
0.943370 0.000388 0.000349 0.000177 0.000009 0.048063 0.007645 1.744846
0.943382 0.000390 0.000355 0.000177 0.000009 0.048043 0.007645 1.744885
0.943391 0.000387 0.000357 0.000175 0.000009 0.048037 0.007645 1.744922
0.943406 0.000384 0.000356 0.000175 0.000009 0.048026 0.007645 1.744961
0.943423 0.000375 0.000361 0.000177 0.000009 0.048012 0.007645 1.745004
0.943439 0.000372 0.000362 0.000169 0.000010 0.048004 0.007645 1.745038
0.943463 0.000362 0.000363 0.000173 0.000011 0.047985 0.007645 1.745079
0.943470 0.000377 0.000355 0.000176 0.000011 0.047966 0.007645 1.745113
0.943488 0.000373 0.000362 0.000172 0.000011 0.047950 0.007645 1.745152
0.943504 0.000370 0.000365 0.000172 0.000011 0.047933 0.007646 1.745189
0.943529 0.000362 0.000364 0.000173 0.000011 0.047916 0.007646 1.745225
0.943546 0.000351 0.000375 0.000173 0.000010 0.047901 0.007646 1.745271
0.943567 0.000353 0.000373 0.000171 0.000009 0.047883 0.007646 1.745308
0.943579 0.000354 0.000368 0.000173 0.000009 0.047871 0.007646 1.745344
0.943582 0.000370 0.000360 0.000171 0.000009 0.047862 0.007646 1.745373
0.943592 0.000368 0.000367 0.000172 0.000009 0.047847 0.007647 1.745414
0.943604 0.000367 0.000374 0.000174 0.000009 0.047826 0.007647 1.745452
0.943610 0.000378 0.000365 0.000167 0.000009 0.047824 0.007647 1.745481
0.943615 0.000379 0.000369 0.000170 0.000009 0.047812 0.007647 1.745520
0.943628 0.000371 0.000366 0.000169 0.000009 0.047811 0.007647 1.745559
0.943634 0.000367 0.000364 0.000170 0.000009 0.047809 0.007647 1.745598
0.943638 0.000373 0.000370 0.000170 0.000010 0.047794 0.007647 1.745635
0.943655 0.000380 0.000361 0.000170 0.000010 0.047779 0.007647 1.745662
0.943675 0.000376 0.000354 0.000170 0.000009 0.047770 0.007648 1.745697
0.943683 0.000377 0.000351 0.000172 0.000010 0.047761 0.007648 1.745732
0.943706 0.000380 0.000345 0.000166 0.000010 0.047747 0.007648 1.745764
0.943721 0.000372 0.000342 0.000172 0.000011 0.047735 0.007648 1.745802
0.943739 0.000372 0.000340 0.000174 0.000012 0.047717 0.007648 1.745832
0.943753 0.000368 0.000343 0.000171 0.000012 0.047705 0.007649 1.745869
0.943764 0.000359 0.000349 0.000174 0.000012 0.047694 0.007649 1.745909
0.943778 0.000371 0.000340 0.000168 0.000012 0.047683 0.007649 1.745936
0.943788 0.000372 0.000335 0.000168 0.000013 0.047676 0.007649 1.745968
0.943793 0.000370 0.000336 0.000164 0.000012 0.047676 0.007649 1.746003
0.943799 0.000366 0.000338 0.000168 0.000012 0.047668 0.007649 1.746040
0.943803 0.000370 0.000339 0.000170 0.000012 0.047658 0.007649 1.746074
0.943818 0.000371 0.000335 0.000168 0.000011 0.047648 0.007649 1.746111
0.943831 0.000370 0.000336 0.000165 0.000010 0.047639 0.007649 1.746142
0.943834 0.000371 0.000340 0.000163 0.000010 0.047634 0.007649 1.746180
0.943849 0.000367 0.000341 0.000162 0.000010 0.047622 0.007649 1.746214
0.943862 0.000368 0.000338 0.000156 0.000011 0.047616 0.007649 1.746243
0.943871 0.000369 0.000333 0.000158 0.000011 0.047610 0.007649 1.746277
0.943890 0.000360 0.000334 0.000161 0.000011 0.047597 0.007649 1.746319
0.943906 0.000357 0.000336 0.000160 0.000010 0.047582 0.007650 1.746355
0.943912 0.000350 0.000340 0.000161 0.000010 0.047578 0.007650 1.746398
0.943921 0.000347 0.000344 0.000160 0.000009 0.047570 0.007650 1.746436
0.943927 0.000352 0.000338 0.000163 0.000010 0.047560 0.007650 1.746463
0.943937 0.000348 0.000340 0.000169 0.000010 0.047547 0.007650 1.746500
0.943951 0.000345 0.000340 0.000170 0.000011 0.047534 0.007650 1.746539
0.943952 0.000348 0.000343 0.000166 0.000013 0.047528 0.007650 1.746573
0.943958 0.000348 0.000344 0.000168 0.000014 0.047518 0.007650 1.746608
0.943966 0.000343 0.000342 0.000171 0.000013 0.047515 0.007651 1.746646
0.943972 0.000354 0.000334 0.000162 0.000013 0.047514 0.007651 1.746675
0.943988 0.000340 0.000339 0.000160 0.000013 0.047510 0.007651 1.746712
0.943999 0.000343 0.000337 0.000160 0.000013 0.047496 0.007651 1.746742
0.944007 0.000344 0.000332 0.000157 0.000013 0.047495 0.007651 1.746774
0.944013 0.000342 0.000331 0.000153 0.000014 0.047496 0.007651 1.746811
0.944031 0.000332 0.000333 0.000153 0.000013 0.047487 0.007652 1.746841
0.944030 0.000336 0.000330 0.000151 0.000012 0.047490 0.007652 1.746879
0.944041 0.000335 0.000327 0.000151 0.000012 0.047483 0.007652 1.746909
0.944054 0.000340 0.000326 0.000151 0.000011 0.047466 0.007652 1.746937
0.944062 0.000340 0.000326 0.000145 0.000012 0.047463 0.007652 1.746971
0.944070 0.000342 0.000323 0.000141 0.000011 0.047461 0.007652 1.746999
0.944081 0.000337 0.000324 0.000148 0.000011 0.047447 0.007652 1.747033
0.944090 0.000341 0.000317 0.000142 0.000011 0.047447 0.007652 1.747062
0.944102 0.000342 0.000307 0.000143 0.000010 0.047444 0.007653 1.747093
0.944110 0.000337 0.000314 0.000150 0.000011 0.047427 0.007653 1.747131
0.944122 0.000338 0.000314 0.000145 0.000011 0.047419 0.007653 1.747162
0.944130 0.000344 0.000311 0.000146 0.000010 0.047407 0.007653 1.747191
0.944144 0.000340 0.000313 0.000153 0.000010 0.047387 0.007653 1.747228
0.944149 0.000342 0.000308 0.000156 0.000011 0.047381 0.007653 1.747261
0.944150 0.000341 0.000313 0.000153 0.000011 0.047379 0.007654 1.747296
0.944155 0.000345 0.000324 0.000152 0.000011 0.047359 0.007654 1.747331
0.944164 0.000339 0.000322 0.000157 0.000011 0.047354 0.007654 1.747365
0.944175 0.000339 0.000318 0.000156 0.000012 0.047348 0.007654 1.747400
0.944184 0.000341 0.000315 0.000154 0.000013 0.047341 0.007654 1.747429
0.944184 0.000350 0.000314 0.000158 0.000012 0.047329 0.007655 1.747461
0.944185 0.000347 0.000315 0.000162 0.000012 0.047326 0.007655 1.747500
0.944193 0.000339 0.000320 0.000164 0.000011 0.047320 0.007655 1.747538
0.944204 0.000331 0.000328 0.000159 0.000012 0.047312 0.007655 1.747571
0.944209 0.000331 0.000330 0.000152 0.000011 0.047313 0.007655 1.747605
0.944222 0.000323 0.000328 0.000155 0.000012 0.047305 0.007655 1.747642
0.944238 0.000319 0.000330 0.000150 0.000012 0.047297 0.007656 1.747674
0.944243 0.000316 0.000329 0.000156 0.000011 0.047290 0.007656 1.747708
0.944235 0.000321 0.000328 0.000153 0.000011 0.047297 0.007656 1.747738
0.944243 0.000326 0.000329 0.000151 0.000012 0.047285 0.007656 1.747768
0.944256 0.000321 0.000330 0.000151 0.000012 0.047273 0.007656 1.747802
0.944269 0.000318 0.000326 0.000151 0.000012 0.047268 0.007656 1.747832
0.944279 0.000311 0.000331 0.000149 0.000012 0.047263 0.007657 1.747865
0.944274 0.000321 0.000332 0.000152 0.000012 0.047253 0.007657 1.747898
0.944284 0.000319 0.000334 0.000147 0.000013 0.047246 0.007657 1.747928
0.944282 0.000326 0.000335 0.000145 0.000012 0.047243 0.007657 1.747956
0.944281 0.000330 0.000331 0.000138 0.000013 0.047250 0.007657 1.747984
0.944290 0.000331 0.000328 0.000132 0.000014 0.047248 0.007658 1.748012
0.944295 0.000339 0.000320 0.000134 0.000013 0.047241 0.007658 1.748040
0.944303 0.000335 0.000320 0.000135 0.000013 0.047236 0.007658 1.748075
0.944314 0.000330 0.000321 0.000134 0.000013 0.047231 0.007658 1.748111
0.944315 0.000334 0.000309 0.000136 0.000013 0.047236 0.007658 1.748143
0.944327 0.000331 0.000306 0.000139 0.000012 0.047227 0.007659 1.748178
0.944334 0.000332 0.000312 0.000137 0.000012 0.047214 0.007659 1.748214
0.944335 0.000328 0.000319 0.000141 0.000011 0.047207 0.007659 1.748253
0.944341 0.000330 0.000316 0.000140 0.000011 0.047204 0.007659 1.748284
0.944350 0.000333 0.000313 0.000140 0.000011 0.047195 0.007659 1.748309
0.944353 0.000335 0.000321 0.000138 0.000012 0.047182 0.007659 1.748347
0.944367 0.000333 0.000314 0.000140 0.000012 0.047173 0.007660 1.748379
0.944375 0.000334 0.000316 0.000138 0.000012 0.047166 0.007660 1.748415
0.944378 0.000337 0.000314 0.000137 0.000011 0.047165 0.007660 1.748447
0.944379 0.000332 0.000319 0.000137 0.000011 0.047164 0.007660 1.748486
0.944383 0.000331 0.000322 0.000141 0.000011 0.047154 0.007660 1.748523
0.944390 0.000332 0.000320 0.000137 0.000011 0.047152 0.007660 1.748552
0.944396 0.000337 0.000309 0.000134 0.000011 0.047152 0.007660 1.748578
0.944406 0.000341 0.000309 0.000135 0.000011 0.047139 0.007660 1.748609
0.944402 0.000342 0.000313 0.000135 0.000011 0.047137 0.007660 1.748640
0.944404 0.000341 0.000317 0.000138 0.000011 0.047129 0.007660 1.748676
0.944411 0.000345 0.000320 0.000139 0.000011 0.047115 0.007661 1.748709
0.944411 0.000344 0.000319 0.000141 0.000010 0.047115 0.007661 1.748742
0.944417 0.000340 0.000318 0.000151 0.000010 0.047104 0.007661 1.748778
0.944425 0.000330 0.000324 0.000146 0.000010 0.047103 0.007661 1.748813
0.944428 0.000327 0.000325 0.000147 0.000011 0.047101 0.007661 1.748846
0.944428 0.000332 0.000329 0.000143 0.000011 0.047097 0.007662 1.748876
0.944426 0.000334 0.000317 0.000146 0.000009 0.047107 0.007662 1.748909
0.944432 0.000344 0.000313 0.000144 0.000009 0.047096 0.007662 1.748936
0.944426 0.000353 0.000310 0.000139 0.000008 0.047102 0.007663 1.748965
0.944433 0.000353 0.000307 0.000141 0.000008 0.047095 0.007663 1.748991
0.944440 0.000357 0.000305 0.000144 0.000009 0.047082 0.007663 1.749021
0.944448 0.000349 0.000308 0.000144 0.000008 0.047081 0.007664 1.749059
0.944452 0.000353 0.000310 0.000144 0.000008 0.047071 0.007664 1.749086
0.944457 0.000358 0.000311 0.000143 0.000008 0.047060 0.007664 1.749118
0.944451 0.000361 0.000318 0.000144 0.000008 0.047056 0.007664 1.749155
0.944460 0.000361 0.000318 0.000148 0.000007 0.047043 0.007665 1.749188
0.944467 0.000359 0.000319 0.000145 0.000008 0.047038 0.007665 1.749223
0.944468 0.000357 0.000321 0.000141 0.000008 0.047040 0.007665 1.749259
0.944473 0.000347 0.000321 0.000143 0.000008 0.047044 0.007665 1.749295
0.944468 0.000353 0.000319 0.000147 0.000008 0.047043 0.007665 1.749328
0.944480 0.000350 0.000316 0.000148 0.000008 0.047034 0.007665 1.749359
0.944477 0.000350 0.000314 0.000145 0.000008 0.047042 0.007665 1.749394
0.944484 0.000346 0.000317 0.000147 0.000007 0.047034 0.007665 1.749428
0.944487 0.000345 0.000313 0.000148 0.000007 0.047036 0.007665 1.749460
0.944483 0.000343 0.000316 0.000146 0.000007 0.047041 0.007665 1.749496
0.944480 0.000344 0.000311 0.000151 0.000007 0.047042 0.007665 1.749533
0.944491 0.000343 0.000315 0.000151 0.000006 0.047030 0.007665 1.749562
0.944494 0.000339 0.000318 0.000157 0.000007 0.047022 0.007665 1.749602
0.944501 0.000330 0.000326 0.000156 0.000008 0.047015 0.007665 1.749640
0.944505 0.000328 0.000322 0.000155 0.000007 0.047018 0.007665 1.749674
