0.350021 0.063429 0.056357 0.032418 0.002098 0.489690 0.005987 1.597475
0.352618 0.060834 0.056512 0.032175 0.002095 0.489751 0.006016 1.603667
0.355909 0.057738 0.056273 0.031860 0.002092 0.490084 0.006044 1.609493
0.359854 0.054405 0.055912 0.031396 0.002089 0.490274 0.006069 1.614953
0.364261 0.051021 0.055490 0.030784 0.002084 0.490265 0.006096 1.620117
0.368768 0.047758 0.054805 0.030191 0.002069 0.490285 0.006124 1.624909
0.373531 0.044574 0.053994 0.029460 0.002065 0.490220 0.006158 1.629432
0.378449 0.041527 0.053105 0.028769 0.002060 0.489907 0.006182 1.633653
0.383463 0.038578 0.052014 0.028032 0.002057 0.489647 0.006212 1.637640
0.388543 0.035894 0.050919 0.027142 0.002052 0.489210 0.006240 1.641289
0.393702 0.033398 0.049667 0.026290 0.002040 0.488633 0.006269 1.644668
0.399041 0.031044 0.048409 0.025443 0.002029 0.487740 0.006294 1.647843
0.404421 0.028902 0.047095 0.024522 0.002015 0.486722 0.006324 1.650746
0.409739 0.026871 0.045688 0.023641 0.001992 0.485719 0.006351 1.653488
0.415180 0.025014 0.044254 0.022774 0.001974 0.484427 0.006378 1.656021
0.420478 0.023308 0.042826 0.021898 0.001965 0.483123 0.006403 1.658374
0.425858 0.021687 0.041316 0.021001 0.001947 0.481770 0.006421 1.660597
0.431313 0.020206 0.039817 0.020218 0.001924 0.480077 0.006445 1.662667
0.436802 0.018870 0.038360 0.019351 0.001905 0.478243 0.006469 1.664573
0.442233 0.017615 0.036952 0.018592 0.001882 0.476231 0.006495 1.666381
0.447677 0.016524 0.035487 0.017768 0.001863 0.474163 0.006519 1.667995
0.452987 0.015488 0.033993 0.017015 0.001846 0.472128 0.006543 1.669527
0.458364 0.014512 0.032600 0.016312 0.001814 0.469830 0.006568 1.671008
0.463820 0.013588 0.031281 0.015598 0.001777 0.467346 0.006592 1.672374
0.469252 0.012747 0.030085 0.014901 0.001748 0.464653 0.006614 1.673646
0.474604 0.011983 0.028807 0.014198 0.001720 0.462053 0.006635 1.674847
0.480038 0.011236 0.027578 0.013536 0.001688 0.459265 0.006659 1.675999
0.485335 0.010576 0.026402 0.012929 0.001665 0.456413 0.006680 1.677045
0.490542 0.009932 0.025305 0.012310 0.001640 0.453573 0.006699 1.678056
0.495862 0.009355 0.024148 0.011732 0.001600 0.450584 0.006719 1.678998
0.501055 0.008843 0.023097 0.011159 0.001566 0.447538 0.006742 1.679887
0.506311 0.008374 0.022014 0.010644 0.001536 0.444360 0.006763 1.680717
0.511483 0.007923 0.021035 0.010133 0.001511 0.441133 0.006782 1.681515
0.516602 0.007513 0.020079 0.009663 0.001484 0.437864 0.006795 1.682271
0.521726 0.007125 0.019198 0.009254 0.001441 0.434437 0.006818 1.682964
0.526730 0.006750 0.018304 0.008843 0.001405 0.431131 0.006836 1.683628
0.531745 0.006416 0.017494 0.008389 0.001374 0.427727 0.006855 1.684270
0.536738 0.006100 0.016699 0.007987 0.001347 0.424256 0.006872 1.684882
0.541758 0.005831 0.015939 0.007618 0.001311 0.420653 0.006891 1.685459
0.546669 0.005559 0.015216 0.007252 0.001274 0.417123 0.006906 1.686016
0.551523 0.005267 0.014495 0.006923 0.001246 0.413625 0.006920 1.686563
0.556451 0.005025 0.013823 0.006604 0.001216 0.409943 0.006938 1.687061
0.561252 0.004845 0.013210 0.006287 0.001174 0.406271 0.006960 1.687537
0.566046 0.004614 0.012610 0.006001 0.001148 0.402606 0.006976 1.688013
0.570820 0.004393 0.012076 0.005742 0.001119 0.398863 0.006989 1.688488
0.575503 0.004222 0.011521 0.005447 0.001089 0.395217 0.007002 1.688895
0.580088 0.004055 0.011024 0.005210 0.001063 0.391540 0.007019 1.689304
0.584797 0.003886 0.010485 0.004969 0.001035 0.387797 0.007031 1.689693
0.589386 0.003748 0.010024 0.004724 0.001007 0.384061 0.007049 1.690048
0.593956 0.003589 0.009596 0.004508 0.000980 0.380312 0.007060 1.690426
0.598605 0.003453 0.009183 0.004283 0.000954 0.376447 0.007076 1.690769
0.603142 0.003325 0.008780 0.004093 0.000925 0.372646 0.007089 1.691106
0.607607 0.003239 0.008391 0.003901 0.000903 0.368861 0.007098 1.691411
0.612087 0.003091 0.008014 0.003744 0.000874 0.365076 0.007114 1.691739
0.616500 0.002980 0.007675 0.003576 0.000843 0.361301 0.007125 1.692035
0.620705 0.002901 0.007316 0.003399 0.000825 0.357720 0.007134 1.692315
0.624982 0.002807 0.007002 0.003228 0.000799 0.354035 0.007146 1.692592
0.629255 0.002723 0.006694 0.003092 0.000771 0.350308 0.007157 1.692862
0.633418 0.002655 0.006417 0.002936 0.000752 0.346653 0.007168 1.693106
0.637554 0.002585 0.006149 0.002809 0.000729 0.342995 0.007179 1.693361
0.641617 0.002507 0.005930 0.002676 0.000704 0.339378 0.007189 1.693616
0.645827 0.002418 0.005666 0.002534 0.000684 0.335675 0.007198 1.693854
0.649858 0.002375 0.005417 0.002439 0.000667 0.332040 0.007205 1.694073
0.653834 0.002290 0.005168 0.002326 0.000648 0.328519 0.007215 1.694294
0.657782 0.002216 0.004944 0.002223 0.000631 0.324980 0.007224 1.694512
0.661695 0.002145 0.004760 0.002118 0.000615 0.321437 0.007230 1.694726
0.665443 0.002070 0.004574 0.002025 0.000600 0.318050 0.007239 1.694946
0.669243 0.002006 0.004407 0.001953 0.000578 0.314563 0.007249 1.695146
0.672985 0.001967 0.004239 0.001887 0.000557 0.311107 0.007259 1.695348
0.676776 0.001909 0.004094 0.001819 0.000539 0.307595 0.007267 1.695546
0.680533 0.001856 0.003910 0.001747 0.000523 0.304157 0.007273 1.695718
0.684220 0.001825 0.003770 0.001678 0.000507 0.300717 0.007282 1.695879
0.687807 0.001771 0.003639 0.001626 0.000492 0.297377 0.007288 1.696060
0.691405 0.001723 0.003482 0.001582 0.000475 0.294038 0.007295 1.696225
0.694896 0.001673 0.003340 0.001530 0.000456 0.290801 0.007306 1.696398
0.698396 0.001639 0.003209 0.001470 0.000444 0.287531 0.007311 1.696557
0.701931 0.001583 0.003101 0.001424 0.000432 0.284214 0.007315 1.696718
0.705357 0.001548 0.002994 0.001379 0.000415 0.280985 0.007322 1.696873
0.708745 0.001522 0.002891 0.001312 0.000401 0.277801 0.007329 1.697014
0.712058 0.001497 0.002788 0.001257 0.000392 0.274676 0.007333 1.697153
0.715393 0.001475 0.002708 0.001208 0.000370 0.271503 0.007344 1.697296
0.718625 0.001440 0.002613 0.001174 0.000353 0.268447 0.007349 1.697448
0.721848 0.001415 0.002528 0.001123 0.000345 0.265390 0.007352 1.697576
0.725115 0.001382 0.002443 0.001079 0.000335 0.262287 0.007360 1.697718
0.728256 0.001343 0.002364 0.001031 0.000328 0.259316 0.007362 1.697851
0.731349 0.001310 0.002280 0.001000 0.000318 0.256376 0.007367 1.697988
0.734408 0.001281 0.002194 0.000959 0.000308 0.253478 0.007373 1.698110
0.737441 0.001244 0.002130 0.000935 0.000301 0.250574 0.007377 1.698239
0.740518 0.001222 0.002067 0.000901 0.000293 0.247618 0.007380 1.698350
0.743479 0.001190 0.002008 0.000874 0.000285 0.244780 0.007384 1.698471
0.746481 0.001167 0.001937 0.000834 0.000280 0.241913 0.007389 1.698578
0.749391 0.001147 0.001887 0.000808 0.000274 0.239104 0.007391 1.698689
0.752282 0.001135 0.001817 0.000799 0.000266 0.236308 0.007393 1.698794
0.755140 0.001109 0.001761 0.000779 0.000252 0.233558 0.007402 1.698900
0.758013 0.001080 0.001718 0.000763 0.000247 0.230776 0.007403 1.699018
0.760752 0.001062 0.001649 0.000742 0.000237 0.228153 0.007408 1.699110
0.763489 0.001035 0.001595 0.000724 0.000234 0.225516 0.007409 1.699215
0.766158 0.000999 0.001560 0.000703 0.000224 0.222943 0.007413 1.699319
0.768849 0.000996 0.001506 0.000675 0.000220 0.220340 0.007417 1.699404
0.771560 0.000988 0.001448 0.000663 0.000214 0.217709 0.007420 1.699488
0.774172 0.000957 0.001423 0.000648 0.000205 0.215172 0.007423 1.699591
0.776791 0.000937 0.001382 0.000636 0.000196 0.212631 0.007428 1.699687
0.779291 0.000917 0.001355 0.000621 0.000191 0.210197 0.007430 1.699782
0.781860 0.000902 0.001329 0.000603 0.000189 0.207688 0.007430 1.699869
0.784392 0.000887 0.001292 0.000594 0.000182 0.205222 0.007433 1.699956
0.786903 0.000886 0.001263 0.000579 0.000177 0.202758 0.007435 1.700033
0.789410 0.000852 0.001230 0.000569 0.000172 0.200333 0.007436 1.700125
0.791851 0.000844 0.001196 0.000548 0.000167 0.197955 0.007438 1.700200
0.794281 0.000814 0.001171 0.000545 0.000160 0.195588 0.007442 1.700290
0.796622 0.000793 0.001144 0.000530 0.000154 0.193315 0.007443 1.700375
0.799038 0.000785 0.001115 0.000516 0.000146 0.190954 0.007446 1.700451
0.801346 0.000778 0.001091 0.000506 0.000142 0.188689 0.007447 1.700527
0.803606 0.000769 0.001058 0.000489 0.000137 0.186493 0.007449 1.700592
0.805855 0.000750 0.001033 0.000478 0.000134 0.184301 0.007450 1.700668
0.808059 0.000733 0.001008 0.000464 0.000133 0.182151 0.007452 1.700741
0.810226 0.000712 0.000985 0.000458 0.000128 0.180037 0.007453 1.700818
0.812406 0.000710 0.000944 0.000442 0.000126 0.177917 0.007456 1.700876
0.814476 0.000697 0.000923 0.000429 0.000122 0.175896 0.007457 1.700938
0.816584 0.000678 0.000903 0.000423 0.000115 0.173838 0.007460 1.701010
0.818716 0.000667 0.000879 0.000414 0.000111 0.171749 0.007463 1.701071
0.820751 0.000673 0.000859 0.000407 0.000108 0.169737 0.007466 1.701129
0.822763 0.000668 0.000854 0.000392 0.000105 0.167751 0.007467 1.701196
0.824741 0.000655 0.000832 0.000386 0.000103 0.165817 0.007467 1.701263
0.826779 0.000638 0.000821 0.000381 0.000100 0.163812 0.007469 1.701334
0.828807 0.000625 0.000815 0.000375 0.000098 0.161810 0.007469 1.701402
0.830786 0.000606 0.000798 0.000366 0.000093 0.159877 0.007473 1.701464
0.832776 0.000586 0.000794 0.000360 0.000092 0.157919 0.007474 1.701531
0.834668 0.000566 0.000781 0.000352 0.000089 0.156070 0.007476 1.701588
0.836503 0.000575 0.000761 0.000347 0.000084 0.154254 0.007476 1.701646
0.838393 0.000570 0.000757 0.000348 0.000080 0.152374 0.007479 1.701709
0.840233 0.000566 0.000731 0.000345 0.000079 0.150568 0.007479 1.701758
0.842035 0.000562 0.000709 0.000338 0.000075 0.148801 0.007481 1.701808
0.843804 0.000557 0.000702 0.000328 0.000074 0.147054 0.007481 1.701865
0.845574 0.000547 0.000687 0.000321 0.000073 0.145317 0.007481 1.701925
0.847321 0.000551 0.000671 0.000312 0.000071 0.143592 0.007482 1.701977
0.849081 0.000537 0.000657 0.000300 0.000066 0.141875 0.007484 1.702036
0.850795 0.000524 0.000641 0.000292 0.000064 0.140200 0.007486 1.702084
0.852494 0.000528 0.000620 0.000285 0.000062 0.138524 0.007488 1.702130
0.854173 0.000528 0.000605 0.000282 0.000059 0.136864 0.007490 1.702177
0.855845 0.000511 0.000600 0.000275 0.000056 0.135222 0.007492 1.702229
0.857493 0.000507 0.000586 0.000264 0.000053 0.133605 0.007493 1.702272
0.859049 0.000505 0.000574 0.000262 0.000052 0.132066 0.007494 1.702323
0.860670 0.000491 0.000568 0.000260 0.000050 0.130466 0.007495 1.702374
0.862249 0.000482 0.000558 0.000260 0.000048 0.128908 0.007495 1.702421
0.863801 0.000467 0.000559 0.000252 0.000046 0.127380 0.007496 1.702472
0.865347 0.000462 0.000549 0.000247 0.000045 0.125856 0.007496 1.702511
0.866785 0.000457 0.000545 0.000242 0.000043 0.124431 0.007498 1.702551
0.868219 0.000440 0.000537 0.000244 0.000042 0.123021 0.007498 1.702603
0.869682 0.000426 0.000535 0.000240 0.000043 0.121577 0.007499 1.702649
0.871153 0.000422 0.000518 0.000233 0.000042 0.120133 0.007500 1.702687
0.872550 0.000421 0.000508 0.000234 0.000040 0.118747 0.007501 1.702725
0.873972 0.000415 0.000504 0.000238 0.000039 0.117332 0.007502 1.702768
0.875357 0.000403 0.000495 0.000235 0.000039 0.115970 0.007503 1.702807
0.876755 0.000399 0.000472 0.000231 0.000038 0.114604 0.007504 1.702848
0.878055 0.000404 0.000466 0.000232 0.000037 0.113304 0.007504 1.702885
0.879353 0.000409 0.000461 0.000229 0.000037 0.112009 0.007504 1.702920
0.880653 0.000401 0.000455 0.000223 0.000037 0.110727 0.007505 1.702959
0.881883 0.000404 0.000444 0.000215 0.000035 0.109515 0.007506 1.702991
0.883155 0.000404 0.000434 0.000209 0.000034 0.108260 0.007506 1.703026
0.884359 0.000393 0.000436 0.000207 0.000033 0.107067 0.007506 1.703070
0.885542 0.000391 0.000434 0.000203 0.000033 0.105891 0.007507 1.703108
0.886755 0.000381 0.000429 0.000194 0.000032 0.104702 0.007508 1.703146
0.887946 0.000376 0.000425 0.000190 0.000031 0.103523 0.007509 1.703184
0.889110 0.000366 0.000422 0.000189 0.000028 0.102376 0.007510 1.703223
0.890235 0.000354 0.000419 0.000184 0.000027 0.101273 0.007510 1.703264
0.891315 0.000352 0.000417 0.000183 0.000026 0.100197 0.007510 1.703299
0.892394 0.000349 0.000409 0.000176 0.000027 0.099134 0.007511 1.703330
0.893492 0.000343 0.000403 0.000179 0.000026 0.098046 0.007511 1.703366
0.894585 0.000337 0.000393 0.000179 0.000027 0.096970 0.007511 1.703394
0.895623 0.000331 0.000389 0.000179 0.000026 0.095941 0.007512 1.703435
0.896673 0.000337 0.000381 0.000176 0.000026 0.094896 0.007512 1.703468
0.897686 0.000333 0.000378 0.000175 0.000025 0.093890 0.007513 1.703503
0.898692 0.000332 0.000360 0.000171 0.000025 0.092907 0.007513 1.703531
0.899636 0.000323 0.000358 0.000172 0.000022 0.091976 0.007514 1.703570
0.900562 0.000310 0.000358 0.000170 0.000021 0.091065 0.007515 1.703605
0.901516 0.000310 0.000352 0.000169 0.000020 0.090118 0.007515 1.703633
0.902487 0.000304 0.000342 0.000168 0.000019 0.089163 0.007516 1.703663
0.903437 0.000297 0.000335 0.000170 0.000020 0.088226 0.007516 1.703696
0.904299 0.000289 0.000332 0.000169 0.000020 0.087374 0.007517 1.703726
0.905176 0.000289 0.000327 0.000167 0.000020 0.086505 0.007517 1.703755
0.906033 0.000288 0.000320 0.000171 0.000020 0.085652 0.007517 1.703787
0.906891 0.000281 0.000322 0.000171 0.000019 0.084799 0.007517 1.703819
0.907717 0.000281 0.000323 0.000172 0.000018 0.083972 0.007517 1.703849
0.908592 0.000281 0.000325 0.000165 0.000018 0.083102 0.007517 1.703873
0.909388 0.000280 0.000317 0.000160 0.000018 0.082321 0.007517 1.703900
0.910174 0.000277 0.000314 0.000154 0.000019 0.081545 0.007517 1.703928
0.910937 0.000274 0.000312 0.000159 0.000018 0.080782 0.007518 1.703959
0.911691 0.000279 0.000317 0.000158 0.000018 0.080019 0.007518 1.703987
0.912442 0.000281 0.000311 0.000157 0.000018 0.079274 0.007519 1.704008
0.913176 0.000283 0.000314 0.000154 0.000017 0.078536 0.007519 1.704037
0.913910 0.000266 0.000320 0.000155 0.000018 0.077812 0.007519 1.704075
0.914630 0.000267 0.000314 0.000149 0.000018 0.077102 0.007519 1.704101
0.915336 0.000258 0.000316 0.000150 0.000018 0.076403 0.007519 1.704133
0.915998 0.000263 0.000313 0.000142 0.000017 0.075749 0.007519 1.704154
0.916682 0.000257 0.000311 0.000142 0.000016 0.075073 0.007519 1.704186
0.917326 0.000254 0.000298 0.000142 0.000015 0.074446 0.007520 1.704208
0.917971 0.000260 0.000298 0.000140 0.000014 0.073798 0.007520 1.704229
0.918601 0.000262 0.000293 0.000133 0.000014 0.073177 0.007520 1.704250
0.919216 0.000252 0.000289 0.000139 0.000014 0.072570 0.007520 1.704282
0.919801 0.000247 0.000287 0.000134 0.000014 0.071997 0.007520 1.704312
0.920365 0.000257 0.000278 0.000129 0.000014 0.071436 0.007520 1.704333
0.920923 0.000258 0.000276 0.000126 0.000014 0.070884 0.007520 1.704360
0.921488 0.000246 0.000275 0.000121 0.000014 0.070338 0.007520 1.704388
0.922049 0.000249 0.000275 0.000115 0.000014 0.069780 0.007520 1.704411
0.922562 0.000254 0.000271 0.000115 0.000014 0.069266 0.007520 1.704435
0.923076 0.000259 0.000267 0.000113 0.000014 0.068752 0.007520 1.704456
0.923589 0.000253 0.000264 0.000114 0.000013 0.068248 0.007520 1.704484
0.924050 0.000241 0.000260 0.000116 0.000014 0.067799 0.007520 1.704511
0.924516 0.000234 0.000261 0.000115 0.000014 0.067341 0.007520 1.704535
0.924966 0.000238 0.000262 0.000113 0.000013 0.066889 0.007520 1.704558
0.925435 0.000245 0.000252 0.000113 0.000013 0.066422 0.007520 1.704577
0.925869 0.000242 0.000254 0.000110 0.000011 0.065994 0.007521 1.704605
0.926310 0.000238 0.000254 0.000107 0.000012 0.065558 0.007521 1.704630
0.926751 0.000239 0.000249 0.000105 0.000012 0.065124 0.007521 1.704649
0.927193 0.000231 0.000246 0.000108 0.000012 0.064690 0.007521 1.704673
0.927609 0.000231 0.000246 0.000108 0.000012 0.064275 0.007521 1.704692
0.928034 0.000232 0.000250 0.000104 0.000012 0.063848 0.007521 1.704715
0.928406 0.000232 0.000245 0.000102 0.000012 0.063483 0.007521 1.704734
0.928798 0.000232 0.000239 0.000097 0.000012 0.063101 0.007522 1.704748
0.929170 0.000232 0.000238 0.000097 0.000012 0.062729 0.007522 1.704767
0.929521 0.000233 0.000234 0.000099 0.000012 0.062379 0.007522 1.704790
0.929860 0.000233 0.000230 0.000097 0.000012 0.062046 0.007522 1.704809
0.930208 0.000234 0.000223 0.000099 0.000012 0.061702 0.007522 1.704829
0.930541 0.000228 0.000226 0.000104 0.000011 0.061368 0.007522 1.704856
0.930886 0.000224 0.000223 0.000107 0.000010 0.061029 0.007522 1.704876
0.931214 0.000216 0.000228 0.000107 0.000010 0.060704 0.007522 1.704901
0.931574 0.000217 0.000227 0.000102 0.000011 0.060347 0.007522 1.704919
0.931881 0.000218 0.000229 0.000102 0.000011 0.060038 0.007522 1.704937
0.932206 0.000213 0.000230 0.000098 0.000011 0.059721 0.007522 1.704958
0.932491 0.000216 0.000228 0.000099 0.000010 0.059433 0.007522 1.704977
0.932839 0.000215 0.000228 0.000094 0.000010 0.059093 0.007522 1.704996
0.933129 0.000218 0.000227 0.000093 0.000010 0.058801 0.007522 1.705016
0.933391 0.000210 0.000224 0.000098 0.000010 0.058545 0.007522 1.705041
0.933678 0.000208 0.000220 0.000098 0.000010 0.058265 0.007522 1.705060
0.933938 0.000207 0.000217 0.000096 0.000010 0.058011 0.007522 1.705079
0.934225 0.000197 0.000214 0.000094 0.000010 0.057739 0.007523 1.705103
0.934477 0.000195 0.000213 0.000094 0.000010 0.057489 0.007523 1.705125
0.934735 0.000200 0.000205 0.000089 0.000009 0.057240 0.007523 1.705140
0.934978 0.000196 0.000201 0.000088 0.000009 0.057006 0.007523 1.705159
0.935220 0.000200 0.000197 0.000091 0.000009 0.056761 0.007523 1.705175
0.935480 0.000194 0.000195 0.000090 0.000008 0.056510 0.007523 1.705195
0.935738 0.000190 0.000190 0.000091 0.000008 0.056260 0.007523 1.705213
0.936007 0.000188 0.000186 0.000092 0.000007 0.055998 0.007523 1.705231
0.936231 0.000198 0.000181 0.000089 0.000007 0.055772 0.007523 1.705242
0.936480 0.000196 0.000177 0.000088 0.000007 0.055530 0.007523 1.705257
0.936709 0.000197 0.000178 0.000087 0.000007 0.055300 0.007523 1.705275
0.936958 0.000194 0.000180 0.000084 0.000007 0.055054 0.007523 1.705294
0.937168 0.000196 0.000177 0.000085 0.000007 0.054845 0.007523 1.705311
0.937377 0.000201 0.000178 0.000084 0.000007 0.054631 0.007524 1.705329
0.937602 0.000196 0.000176 0.000086 0.000007 0.054410 0.007524 1.705349
0.937829 0.000194 0.000181 0.000083 0.000006 0.054183 0.007524 1.705373
0.938018 0.000188 0.000185 0.000084 0.000006 0.053994 0.007524 1.705393
0.938214 0.000193 0.000180 0.000082 0.000007 0.053800 0.007524 1.705408
0.938404 0.000192 0.000179 0.000083 0.000006 0.053612 0.007524 1.705429
0.938566 0.000194 0.000177 0.000083 0.000006 0.053450 0.007524 1.705445
0.938725 0.000194 0.000174 0.000077 0.000006 0.053300 0.007524 1.705465
0.938884 0.000191 0.000175 0.000078 0.000006 0.053143 0.007524 1.705485
0.939046 0.000180 0.000183 0.000079 0.000006 0.052982 0.007524 1.705510
0.939227 0.000179 0.000177 0.000079 0.000006 0.052808 0.007524 1.705525
0.939394 0.000181 0.000182 0.000078 0.000006 0.052634 0.007524 1.705542
0.939571 0.000176 0.000179 0.000077 0.000008 0.052467 0.007524 1.705561
0.939740 0.000182 0.000177 0.000073 0.000008 0.052298 0.007524 1.705572
0.939900 0.000183 0.000180 0.000075 0.000007 0.052132 0.007524 1.705592
0.940060 0.000184 0.000175 0.000076 0.000007 0.051973 0.007524 1.705609
0.940203 0.000186 0.000170 0.000074 0.000007 0.051834 0.007525 1.705621
0.940352 0.000182 0.000173 0.000075 0.000006 0.051686 0.007525 1.705639
0.940507 0.000178 0.000176 0.000076 0.000006 0.051532 0.007525 1.705659
0.940649 0.000173 0.000174 0.000078 0.000006 0.051396 0.007525 1.705678
0.940781 0.000167 0.000175 0.000078 0.000005 0.051269 0.007526 1.705701
0.940899 0.000163 0.000175 0.000076 0.000005 0.051157 0.007526 1.705718
0.941019 0.000165 0.000172 0.000072 0.000005 0.051041 0.007526 1.705735
0.941143 0.000168 0.000171 0.000071 0.000005 0.050917 0.007526 1.705750
0.941274 0.000169 0.000164 0.000071 0.000006 0.050791 0.007526 1.705760
0.941399 0.000171 0.000165 0.000073 0.000006 0.050662 0.007526 1.705772
0.941515 0.000170 0.000167 0.000073 0.000006 0.050545 0.007526 1.705789
0.941643 0.000174 0.000167 0.000074 0.000005 0.050412 0.007526 1.705803
0.941764 0.000168 0.000168 0.000072 0.000005 0.050297 0.007526 1.705822
0.941876 0.000165 0.000170 0.000072 0.000006 0.050184 0.007526 1.705843
0.941969 0.000163 0.000171 0.000070 0.000005 0.050096 0.007526 1.705860
0.942082 0.000164 0.000167 0.000069 0.000005 0.049987 0.007526 1.705872
0.942183 0.000158 0.000171 0.000067 0.000006 0.049890 0.007526 1.705889
0.942292 0.000164 0.000171 0.000066 0.000006 0.049776 0.007526 1.705899
0.942396 0.000163 0.000166 0.000066 0.000006 0.049677 0.007526 1.705914
0.942505 0.000158 0.000167 0.000066 0.000005 0.049573 0.007526 1.705932
0.942600 0.000152 0.000167 0.000067 0.000005 0.049483 0.007526 1.705951
0.942683 0.000153 0.000168 0.000064 0.000005 0.049401 0.007526 1.705965
0.942772 0.000151 0.000164 0.000067 0.000005 0.049315 0.007527 1.705980
0.942856 0.000150 0.000165 0.000068 0.000004 0.049230 0.007527 1.705996
0.942938 0.000149 0.000165 0.000068 0.000004 0.049149 0.007527 1.706013
0.943031 0.000148 0.000164 0.000064 0.000004 0.049062 0.007527 1.706028
0.943130 0.000142 0.000164 0.000062 0.000004 0.048971 0.007527 1.706045
0.943211 0.000144 0.000163 0.000061 0.000004 0.048890 0.007527 1.706055
0.943292 0.000145 0.000159 0.000062 0.000004 0.048811 0.007528 1.706069
0.943371 0.000147 0.000158 0.000063 0.000003 0.048732 0.007528 1.706084
0.943445 0.000151 0.000160 0.000064 0.000002 0.048651 0.007528 1.706101
0.943534 0.000151 0.000160 0.000065 0.000002 0.048562 0.007528 1.706119
0.943603 0.000148 0.000159 0.000064 0.000002 0.048497 0.007528 1.706132
0.943690 0.000147 0.000157 0.000063 0.000002 0.048413 0.007528 1.706144
0.943759 0.000146 0.000157 0.000065 0.000002 0.048345 0.007528 1.706159
0.943821 0.000154 0.000151 0.000065 0.000001 0.048279 0.007528 1.706170
0.943889 0.000155 0.000152 0.000066 0.000001 0.048210 0.007528 1.706184
0.943959 0.000158 0.000150 0.000066 0.000001 0.048140 0.007528 1.706195
0.944022 0.000159 0.000154 0.000064 0.000001 0.048073 0.007528 1.706211
0.944081 0.000162 0.000158 0.000060 0.000001 0.048011 0.007528 1.706225
0.944155 0.000152 0.000160 0.000063 0.000001 0.047942 0.007528 1.706247
0.944215 0.000153 0.000158 0.000065 0.000001 0.047881 0.007528 1.706263
0.944285 0.000149 0.000157 0.000067 0.000001 0.047814 0.007528 1.706279
0.944331 0.000149 0.000155 0.000066 0.000001 0.047771 0.007528 1.706293
0.944392 0.000151 0.000144 0.000067 0.000001 0.047717 0.007528 1.706304
0.944453 0.000154 0.000141 0.000064 0.000002 0.047658 0.007528 1.706314
0.944503 0.000154 0.000148 0.000061 0.000001 0.047604 0.007528 1.706330
0.944555 0.000152 0.000145 0.000061 0.000002 0.047558 0.007528 1.706345
0.944603 0.000155 0.000143 0.000062 0.000002 0.047507 0.007528 1.706358
0.944657 0.000156 0.000150 0.000059 0.000002 0.047448 0.007528 1.706372
0.944709 0.000155 0.000149 0.000060 0.000002 0.047397 0.007528 1.706388
0.944761 0.000150 0.000151 0.000062 0.000003 0.047345 0.007528 1.706408
0.944813 0.000151 0.000149 0.000063 0.000003 0.047294 0.007528 1.706423
0.944847 0.000152 0.000152 0.000063 0.000003 0.047256 0.007528 1.706440
0.944903 0.000156 0.000149 0.000063 0.000002 0.047199 0.007528 1.706451
0.944963 0.000156 0.000151 0.000062 0.000002 0.047138 0.007528 1.706463
0.945013 0.000155 0.000151 0.000058 0.000003 0.047092 0.007528 1.706475
0.945050 0.000154 0.000151 0.000059 0.000003 0.047056 0.007528 1.706492
0.945088 0.000151 0.000148 0.000061 0.000002 0.047022 0.007528 1.706508
0.945125 0.000159 0.000146 0.000062 0.000002 0.046979 0.007528 1.706519
0.945179 0.000149 0.000150 0.000064 0.000002 0.046928 0.007528 1.706538
0.945217 0.000148 0.000151 0.000062 0.000003 0.046891 0.007528 1.706553
0.945250 0.000152 0.000146 0.000061 0.000003 0.046860 0.007528 1.706565
0.945285 0.000149 0.000147 0.000064 0.000003 0.046825 0.007528 1.706581
0.945332 0.000145 0.000142 0.000066 0.000003 0.046784 0.007528 1.706595
0.945368 0.000146 0.000146 0.000062 0.000003 0.046748 0.007528 1.706610
0.945399 0.000144 0.000145 0.000063 0.000003 0.046717 0.007528 1.706623
0.945436 0.000143 0.000144 0.000065 0.000003 0.046681 0.007528 1.706637
0.945470 0.000139 0.000147 0.000068 0.000003 0.046645 0.007528 1.706652
0.945509 0.000138 0.000148 0.000063 0.000003 0.046611 0.007528 1.706665
0.945538 0.000137 0.000148 0.000063 0.000003 0.046582 0.007528 1.706681
0.945580 0.000135 0.000143 0.000067 0.000003 0.046543 0.007528 1.706694
0.945615 0.000135 0.000142 0.000068 0.000003 0.046509 0.007528 1.706706
0.945649 0.000131 0.000138 0.000066 0.000003 0.046485 0.007528 1.706719
0.945688 0.000133 0.000132 0.000064 0.000002 0.046453 0.007528 1.706726
0.945723 0.000136 0.000126 0.000060 0.000002 0.046426 0.007528 1.706733
0.945750 0.000134 0.000124 0.000061 0.000002 0.046403 0.007528 1.706748
0.945788 0.000130 0.000124 0.000061 0.000003 0.046366 0.007528 1.706761
0.945813 0.000132 0.000120 0.000059 0.000004 0.046345 0.007528 1.706771
0.945843 0.000130 0.000121 0.000061 0.000004 0.046314 0.007528 1.706785
0.945874 0.000131 0.000120 0.000063 0.000003 0.046282 0.007528 1.706798
0.945901 0.000132 0.000120 0.000062 0.000003 0.046254 0.007528 1.706808
0.945939 0.000128 0.000122 0.000061 0.000003 0.046218 0.007528 1.706823
0.945965 0.000127 0.000123 0.000064 0.000004 0.046189 0.007528 1.706837
0.945990 0.000123 0.000124 0.000062 0.000004 0.046170 0.007528 1.706851
0.946014 0.000127 0.000123 0.000063 0.000004 0.046141 0.007528 1.706862
0.946034 0.000125 0.000124 0.000063 0.000004 0.046121 0.007528 1.706876
0.946064 0.000120 0.000127 0.000062 0.000005 0.046094 0.007528 1.706890
0.946093 0.000121 0.000123 0.000058 0.000005 0.046071 0.007528 1.706899
0.946119 0.000127 0.000124 0.000057 0.000004 0.046041 0.007528 1.706909
0.946144 0.000127 0.000123 0.000057 0.000005 0.046016 0.007528 1.706920
0.946169 0.000125 0.000123 0.000057 0.000005 0.045994 0.007528 1.706931
0.946195 0.000124 0.000121 0.000054 0.000004 0.045973 0.007528 1.706940
0.946209 0.000122 0.000127 0.000057 0.000004 0.045953 0.007528 1.706956
0.946235 0.000124 0.000126 0.000056 0.000005 0.045927 0.007528 1.706967
0.946251 0.000123 0.000130 0.000055 0.000005 0.045908 0.007528 1.706981
0.946268 0.000131 0.000126 0.000051 0.000005 0.045891 0.007528 1.706989
0.946292 0.000131 0.000127 0.000049 0.000006 0.045868 0.007528 1.707001
0.946313 0.000131 0.000128 0.000052 0.000006 0.045843 0.007528 1.707014
0.946325 0.000137 0.000131 0.000049 0.000007 0.045824 0.007528 1.707026
0.946340 0.000138 0.000130 0.000050 0.000006 0.045809 0.007528 1.707039
0.946347 0.000132 0.000133 0.000053 0.000006 0.045801 0.007528 1.707057
0.946365 0.000133 0.000134 0.000052 0.000006 0.045782 0.007528 1.707069
0.946383 0.000136 0.000128 0.000051 0.000006 0.045769 0.007528 1.707077
0.946400 0.000137 0.000123 0.000054 0.000007 0.045752 0.007528 1.707092
0.946416 0.000134 0.000126 0.000053 0.000006 0.045738 0.007528 1.707104
0.946424 0.000132 0.000134 0.000052 0.000006 0.045725 0.007528 1.707123
0.946445 0.000128 0.000133 0.000054 0.000006 0.045705 0.007528 1.707137
0.946460 0.000128 0.000134 0.000056 0.000006 0.045688 0.007528 1.707149
0.946473 0.000127 0.000131 0.000059 0.000006 0.045676 0.007528 1.707162
0.946480 0.000129 0.000131 0.000057 0.000005 0.045669 0.007528 1.707174
0.946497 0.000131 0.000126 0.000058 0.000006 0.045654 0.007528 1.707185
0.946506 0.000132 0.000124 0.000057 0.000006 0.045647 0.007528 1.707196
0.946513 0.000137 0.000124 0.000055 0.000005 0.045638 0.007529 1.707205
0.946526 0.000137 0.000125 0.000057 0.000005 0.045621 0.007529 1.707220
0.946538 0.000132 0.000125 0.000061 0.000005 0.045611 0.007529 1.707236
0.946552 0.000126 0.000122 0.000060 0.000005 0.045607 0.007529 1.707252
0.946569 0.000123 0.000125 0.000061 0.000005 0.045589 0.007529 1.707265
0.946585 0.000125 0.000125 0.000060 0.000005 0.045573 0.007529 1.707275
0.946603 0.000124 0.000124 0.000060 0.000005 0.045557 0.007529 1.707285
0.946615 0.000128 0.000119 0.000062 0.000005 0.045543 0.007529 1.707295
0.946623 0.000126 0.000114 0.000065 0.000004 0.045540 0.007529 1.707308
0.946633 0.000123 0.000114 0.000065 0.000004 0.045532 0.007529 1.707323
0.946642 0.000129 0.000107 0.000063 0.000004 0.045526 0.007529 1.707332
0.946652 0.000127 0.000107 0.000064 0.000004 0.045515 0.007529 1.707344
0.946666 0.000125 0.000108 0.000063 0.000005 0.045504 0.007529 1.707359
0.946683 0.000120 0.000108 0.000062 0.000005 0.045494 0.007529 1.707372
0.946690 0.000117 0.000108 0.000060 0.000005 0.045491 0.007529 1.707385
0.946709 0.000120 0.000109 0.000060 0.000005 0.045469 0.007529 1.707393
0.946722 0.000118 0.000113 0.000058 0.000005 0.045454 0.007529 1.707407
0.946734 0.000121 0.000109 0.000056 0.000005 0.045445 0.007529 1.707415
0.946746 0.000116 0.000112 0.000056 0.000005 0.045436 0.007529 1.707428
0.946752 0.000120 0.000113 0.000057 0.000005 0.045425 0.007529 1.707439
0.946763 0.000120 0.000113 0.000059 0.000006 0.045412 0.007529 1.707450
0.946777 0.000121 0.000112 0.000056 0.000005 0.045400 0.007529 1.707460
0.946790 0.000121 0.000110 0.000056 0.000005 0.045390 0.007529 1.707471
0.946802 0.000113 0.000110 0.000055 0.000005 0.045387 0.007529 1.707487
0.946807 0.000117 0.000109 0.000053 0.000004 0.045381 0.007529 1.707495
0.946811 0.000116 0.000113 0.000053 0.000004 0.045375 0.007529 1.707510
0.946825 0.000118 0.000109 0.000050 0.000004 0.045365 0.007529 1.707517
0.946832 0.000115 0.000109 0.000049 0.000004 0.045364 0.007529 1.707530
0.946835 0.000119 0.000108 0.000049 0.000004 0.045357 0.007529 1.707542
0.946849 0.000114 0.000109 0.000047 0.000004 0.045349 0.007529 1.707556
0.946855 0.000114 0.000112 0.000045 0.000005 0.045341 0.007529 1.707567
0.946867 0.000112 0.000111 0.000046 0.000005 0.045330 0.007529 1.707578
0.946875 0.000109 0.000110 0.000049 0.000004 0.045324 0.007529 1.707594
0.946890 0.000103 0.000117 0.000047 0.000004 0.045311 0.007529 1.707608
0.946900 0.000101 0.000113 0.000047 0.000004 0.045305 0.007529 1.707617
0.946903 0.000102 0.000114 0.000046 0.000004 0.045302 0.007529 1.707627
0.946912 0.000102 0.000114 0.000045 0.000004 0.045294 0.007529 1.707636
0.946921 0.000097 0.000116 0.000048 0.000004 0.045285 0.007529 1.707648
0.946925 0.000102 0.000115 0.000049 0.000004 0.045276 0.007530 1.707657
0.946937 0.000102 0.000112 0.000047 0.000004 0.045268 0.007530 1.707665
0.946948 0.000097 0.000112 0.000048 0.000004 0.045262 0.007530 1.707678
0.946956 0.000096 0.000112 0.000049 0.000003 0.045253 0.007530 1.707689
0.946962 0.000097 0.000108 0.000047 0.000003 0.045253 0.007530 1.707698
0.946966 0.000095 0.000105 0.000051 0.000003 0.045250 0.007530 1.707708
0.946973 0.000099 0.000101 0.000050 0.000003 0.045244 0.007530 1.707714
0.946978 0.000100 0.000098 0.000047 0.000003 0.045244 0.007530 1.707724
0.946988 0.000102 0.000097 0.000048 0.000003 0.045232 0.007530 1.707733
0.946993 0.000104 0.000093 0.000047 0.000003 0.045231 0.007530 1.707741
0.947001 0.000099 0.000097 0.000048 0.000003 0.045223 0.007530 1.707753
0.947010 0.000101 0.000094 0.000046 0.000003 0.045217 0.007530 1.707760
0.947014 0.000104 0.000090 0.000045 0.000004 0.045215 0.007530 1.707769
0.947017 0.000104 0.000091 0.000047 0.000004 0.045209 0.007530 1.707779
0.947022 0.000108 0.000091 0.000048 0.000004 0.045198 0.007530 1.707787
0.947029 0.000107 0.000091 0.000051 0.000004 0.045190 0.007530 1.707798
0.947039 0.000107 0.000089 0.000051 0.000004 0.045181 0.007530 1.707806
0.947046 0.000106 0.000092 0.000053 0.000004 0.045172 0.007530 1.707820
0.947052 0.000103 0.000094 0.000053 0.000003 0.045166 0.007530 1.707831
0.947052 0.000107 0.000096 0.000053 0.000003 0.045160 0.007530 1.707839
0.947055 0.000105 0.000099 0.000054 0.000003 0.045155 0.007530 1.707852
0.947060 0.000107 0.000098 0.000054 0.000003 0.045149 0.007530 1.707860
0.947062 0.000107 0.000097 0.000053 0.000003 0.045148 0.007530 1.707869
0.947065 0.000107 0.000094 0.000053 0.000003 0.045148 0.007530 1.707880
0.947070 0.000111 0.000094 0.000049 0.000003 0.045144 0.007530 1.707887
0.947071 0.000111 0.000093 0.000050 0.000003 0.045142 0.007530 1.707897
0.947077 0.000109 0.000095 0.000051 0.000003 0.045136 0.007530 1.707907
0.947076 0.000112 0.000095 0.000047 0.000003 0.045137 0.007530 1.707916
0.947077 0.000112 0.000094 0.000047 0.000003 0.045138 0.007530 1.707927
0.947082 0.000111 0.000095 0.000044 0.000004 0.045135 0.007530 1.707940
0.947088 0.000112 0.000093 0.000041 0.000004 0.045132 0.007530 1.707949
0.947098 0.000109 0.000095 0.000041 0.000005 0.045123 0.007530 1.707961
0.947101 0.000109 0.000096 0.000040 0.000005 0.045120 0.007530 1.707970
0.947103 0.000111 0.000094 0.000040 0.000005 0.045118 0.007530 1.707980
0.947114 0.000105 0.000096 0.000044 0.000004 0.045107 0.007530 1.707991
0.947121 0.000102 0.000094 0.000044 0.000005 0.045105 0.007530 1.708000
0.947119 0.000104 0.000096 0.000044 0.000004 0.045102 0.007530 1.708012
0.947126 0.000100 0.000098 0.000043 0.000005 0.045098 0.007530 1.708024
0.947128 0.000101 0.000098 0.000044 0.000005 0.045093 0.007530 1.708035
0.947134 0.000098 0.000094 0.000044 0.000005 0.045095 0.007530 1.708045
0.947144 0.000097 0.000091 0.000040 0.000005 0.045093 0.007530 1.708052
0.947146 0.000092 0.000094 0.000039 0.000004 0.045095 0.007530 1.708064
0.947149 0.000093 0.000091 0.000041 0.000003 0.045091 0.007531 1.708071
0.947155 0.000096 0.000088 0.000039 0.000003 0.045087 0.007531 1.708077
0.947159 0.000097 0.000088 0.000037 0.000003 0.045084 0.007531 1.708085
0.947164 0.000096 0.000087 0.000039 0.000003 0.045080 0.007531 1.708094
0.947168 0.000094 0.000090 0.000040 0.000003 0.045074 0.007531 1.708104
0.947173 0.000093 0.000089 0.000038 0.000004 0.045073 0.007531 1.708112
0.947176 0.000094 0.000088 0.000037 0.000004 0.045072 0.007531 1.708120
0.947180 0.000088 0.000092 0.000038 0.000004 0.045067 0.007531 1.708131
0.947179 0.000091 0.000090 0.000035 0.000004 0.045070 0.007531 1.708138
0.947185 0.000087 0.000095 0.000033 0.000003 0.045066 0.007531 1.708150
0.947192 0.000086 0.000093 0.000032 0.000003 0.045063 0.007531 1.708157
0.947191 0.000089 0.000092 0.000034 0.000003 0.045059 0.007531 1.708164
0.947196 0.000092 0.000091 0.000032 0.000003 0.045055 0.007531 1.708169
0.947202 0.000092 0.000092 0.000032 0.000003 0.045048 0.007531 1.708177
0.947200 0.000096 0.000090 0.000032 0.000003 0.045049 0.007531 1.708183
0.947207 0.000097 0.000087 0.000033 0.000003 0.045042 0.007531 1.708192
0.947210 0.000096 0.000087 0.000032 0.000003 0.045041 0.007531 1.708201
0.947213 0.000090 0.000087 0.000033 0.000003 0.045043 0.007531 1.708214
0.947213 0.000088 0.000091 0.000032 0.000003 0.045043 0.007531 1.708224
0.947213 0.000092 0.000090 0.000034 0.000003 0.045038 0.007531 1.708231
0.947213 0.000088 0.000088 0.000036 0.000003 0.045042 0.007531 1.708244
0.947214 0.000086 0.000091 0.000036 0.000003 0.045040 0.007531 1.708254
0.947213 0.000089 0.000089 0.000039 0.000003 0.045038 0.007531 1.708264
0.947210 0.000087 0.000089 0.000040 0.000002 0.045042 0.007531 1.708274
0.947213 0.000090 0.000083 0.000037 0.000002 0.045043 0.007531 1.708279
0.947216 0.000084 0.000085 0.000039 0.000003 0.045042 0.007531 1.708291
0.947223 0.000085 0.000083 0.000037 0.000003 0.045039 0.007531 1.708297
0.947228 0.000080 0.000082 0.000037 0.000003 0.045039 0.007531 1.708308
0.947232 0.000081 0.000082 0.000037 0.000002 0.045036 0.007531 1.708317
0.947240 0.000078 0.000082 0.000036 0.000003 0.045031 0.007531 1.708327
0.947245 0.000076 0.000082 0.000036 0.000003 0.045027 0.007532 1.708335
0.947250 0.000073 0.000082 0.000037 0.000003 0.045023 0.007532 1.708343
0.947256 0.000070 0.000079 0.000035 0.000003 0.045026 0.007532 1.708351
0.947254 0.000068 0.000084 0.000033 0.000003 0.045026 0.007532 1.708362
0.947260 0.000069 0.000084 0.000031 0.000003 0.045022 0.007532 1.708368
0.947261 0.000070 0.000086 0.000032 0.000003 0.045017 0.007532 1.708377
0.947265 0.000067 0.000084 0.000034 0.000003 0.045016 0.007532 1.708386
0.947271 0.000064 0.000081 0.000035 0.000003 0.045015 0.007532 1.708394
0.947272 0.000067 0.000079 0.000034 0.000003 0.045013 0.007532 1.708398
0.947280 0.000067 0.000080 0.000034 0.000002 0.045006 0.007532 1.708406
0.947283 0.000068 0.000075 0.000032 0.000002 0.045009 0.007532 1.708410
0.947285 0.000068 0.000075 0.000032 0.000002 0.045006 0.007532 1.708418
0.947286 0.000069 0.000072 0.000034 0.000002 0.045005 0.007532 1.708425
0.947290 0.000070 0.000073 0.000034 0.000002 0.045000 0.007532 1.708431
0.947298 0.000070 0.000070 0.000035 0.000003 0.044994 0.007532 1.708437
0.947300 0.000073 0.000067 0.000034 0.000002 0.044993 0.007532 1.708441
0.947300 0.000072 0.000069 0.000036 0.000002 0.044990 0.007532 1.708450
0.947305 0.000067 0.000073 0.000038 0.000002 0.044985 0.007532 1.708460
0.947306 0.000067 0.000074 0.000037 0.000002 0.044985 0.007532 1.708467
0.947313 0.000068 0.000071 0.000035 0.000002 0.044980 0.007532 1.708473
0.947319 0.000067 0.000071 0.000032 0.000002 0.044979 0.007532 1.708479
0.947321 0.000070 0.000066 0.000031 0.000002 0.044978 0.007532 1.708484
0.947320 0.000071 0.000069 0.000031 0.000002 0.044977 0.007532 1.708494
0.947317 0.000074 0.000071 0.000030 0.000002 0.044975 0.007532 1.708501
0.947323 0.000070 0.000071 0.000032 0.000002 0.044971 0.007532 1.708508
0.947326 0.000070 0.000070 0.000034 0.000002 0.044967 0.007532 1.708516
0.947325 0.000072 0.000068 0.000033 0.000002 0.044969 0.007532 1.708522
0.947329 0.000075 0.000066 0.000033 0.000002 0.044965 0.007532 1.708525
0.947335 0.000074 0.000063 0.000034 0.000002 0.044962 0.007532 1.708531
0.947336 0.000071 0.000064 0.000033 0.000002 0.044963 0.007532 1.708539
0.947341 0.000070 0.000063 0.000033 0.000002 0.044961 0.007532 1.708545
0.947342 0.000068 0.000062 0.000035 0.000002 0.044960 0.007532 1.708552
0.947347 0.000066 0.000060 0.000034 0.000002 0.044960 0.007532 1.708559
0.947353 0.000066 0.000060 0.000031 0.000002 0.044958 0.007532 1.708563
0.947357 0.000065 0.000059 0.000033 0.000002 0.044953 0.007532 1.708569
0.947365 0.000065 0.000058 0.000031 0.000002 0.044948 0.007532 1.708574
0.947369 0.000064 0.000056 0.000031 0.000001 0.044947 0.007532 1.708579
0.947374 0.000064 0.000055 0.000032 0.000001 0.044942 0.007532 1.708584
0.947382 0.000059 0.000056 0.000031 0.000001 0.044938 0.007532 1.708591
0.947387 0.000058 0.000057 0.000030 0.000002 0.044936 0.007532 1.708597
0.947392 0.000055 0.000054 0.000031 0.000002 0.044935 0.007532 1.708603
0.947399 0.000052 0.000055 0.000031 0.000002 0.044929 0.007532 1.708609
0.947402 0.000052 0.000055 0.000030 0.000001 0.044928 0.007532 1.708615
0.947403 0.000049 0.000054 0.000030 0.000001 0.044931 0.007532 1.708620
0.947409 0.000048 0.000053 0.000031 0.000001 0.044926 0.007532 1.708625
0.947412 0.000051 0.000052 0.000030 0.000001 0.044921 0.007532 1.708628
0.947413 0.000051 0.000053 0.000030 0.000001 0.044918 0.007532 1.708635
0.947415 0.000050 0.000055 0.000028 0.000001 0.044919 0.007532 1.708641
0.947415 0.000052 0.000054 0.000026 0.000000 0.044921 0.007533 1.708644
0.947418 0.000051 0.000051 0.000027 0.000000 0.044921 0.007533 1.708649
0.947420 0.000053 0.000051 0.000024 0.000001 0.044920 0.007533 1.708653
0.947425 0.000051 0.000051 0.000025 0.000001 0.044915 0.007533 1.708659
0.947426 0.000053 0.000048 0.000023 0.000001 0.044917 0.007533 1.708661
0.947430 0.000052 0.000046 0.000024 0.000001 0.044916 0.007533 1.708665
0.947438 0.000050 0.000048 0.000025 0.000001 0.044905 0.007533 1.708671
0.947437 0.000051 0.000047 0.000024 0.000000 0.044908 0.007533 1.708676
0.947440 0.000051 0.000049 0.000024 0.000000 0.044903 0.007533 1.708681
0.947441 0.000050 0.000048 0.000024 0.000000 0.044905 0.007533 1.708686
0.947443 0.000048 0.000048 0.000024 0.000000 0.044904 0.007533 1.708692
0.947446 0.000048 0.000046 0.000024 0.000000 0.044904 0.007533 1.708697
0.947446 0.000048 0.000048 0.000025 0.000000 0.044901 0.007533 1.708703
0.947450 0.000051 0.000048 0.000022 0.000000 0.044896 0.007533 1.708705
0.947449 0.000054 0.000046 0.000021 0.000000 0.044898 0.007533 1.708708
0.947449 0.000054 0.000046 0.000023 0.000000 0.044896 0.007533 1.708714
0.947453 0.000054 0.000044 0.000021 0.000001 0.044895 0.007533 1.708717
0.947453 0.000053 0.000045 0.000021 0.000001 0.044895 0.007533 1.708722
0.947457 0.000051 0.000044 0.000022 0.000001 0.044892 0.007533 1.708726
0.947461 0.000048 0.000046 0.000023 0.000000 0.044889 0.007533 1.708733
