0.349988 0.063006 0.055701 0.032325 0.002115 0.490831 0.006033 1.597533
0.352124 0.060945 0.055730 0.032130 0.002105 0.490910 0.006055 1.603634
0.354915 0.058473 0.055615 0.031823 0.002132 0.490962 0.006080 1.609487
0.358001 0.055920 0.055291 0.031465 0.002129 0.491084 0.006111 1.615070
0.361470 0.053218 0.054912 0.031064 0.002128 0.491071 0.006137 1.620416
0.365037 0.050677 0.054291 0.030622 0.002140 0.491070 0.006163 1.625483
0.368918 0.048142 0.053521 0.030093 0.002154 0.490987 0.006186 1.630313
0.372953 0.045720 0.052820 0.029519 0.002142 0.490633 0.006212 1.634914
0.377086 0.043399 0.051902 0.028889 0.002145 0.490338 0.006241 1.639251
0.381274 0.041241 0.050963 0.028193 0.002133 0.489927 0.006269 1.643362
0.385594 0.039203 0.049944 0.027540 0.002107 0.489311 0.006301 1.647239
0.389955 0.037268 0.048902 0.026887 0.002097 0.488556 0.006335 1.650993
0.394200 0.035465 0.047764 0.026224 0.002080 0.487903 0.006363 1.654553
0.398606 0.033738 0.046618 0.025565 0.002058 0.487024 0.006390 1.657960
0.403116 0.032167 0.045514 0.024841 0.002026 0.485923 0.006414 1.661183
0.407485 0.030700 0.044340 0.024139 0.002005 0.484886 0.006444 1.664300
0.411966 0.029290 0.043146 0.023415 0.001991 0.483720 0.006471 1.667220
0.416390 0.027978 0.042034 0.022716 0.001965 0.482421 0.006498 1.670074
0.420947 0.026790 0.040904 0.022043 0.001940 0.480851 0.006525 1.672742
0.425544 0.025668 0.039694 0.021304 0.001930 0.479317 0.006542 1.675288
0.430148 0.024696 0.038561 0.020579 0.001915 0.477530 0.006571 1.677681
0.434672 0.023683 0.037446 0.019919 0.001895 0.475794 0.006590 1.680045
0.439217 0.022719 0.036423 0.019242 0.001886 0.473903 0.006609 1.682390
0.443718 0.021860 0.035356 0.018636 0.001859 0.471939 0.006631 1.684595
0.448292 0.021089 0.034191 0.018063 0.001823 0.469883 0.006660 1.686667
0.452914 0.020311 0.033175 0.017482 0.001798 0.467636 0.006684 1.688713
0.457472 0.019622 0.032071 0.016892 0.001771 0.465470 0.006703 1.690633
0.462014 0.018947 0.031061 0.016381 0.001740 0.463132 0.006724 1.692557
0.466451 0.018341 0.030083 0.015859 0.001705 0.460814 0.006747 1.694387
0.470960 0.017796 0.029129 0.015313 0.001676 0.458358 0.006768 1.696108
0.475481 0.017289 0.028203 0.014775 0.001648 0.455811 0.006795 1.697784
0.479954 0.016852 0.027310 0.014244 0.001628 0.453197 0.006815 1.699380
0.484476 0.016330 0.026517 0.013797 0.001614 0.450433 0.006833 1.701044
0.488939 0.015913 0.025684 0.013337 0.001580 0.447687 0.006859 1.702591
0.493433 0.015549 0.024854 0.012900 0.001550 0.444834 0.006880 1.704113
0.497920 0.015108 0.024122 0.012538 0.001525 0.441883 0.006904 1.705651
0.502239 0.014735 0.023414 0.012199 0.001494 0.438994 0.006923 1.707149
0.506673 0.014433 0.022622 0.011827 0.001461 0.436037 0.006947 1.708528
0.510955 0.014109 0.021902 0.011470 0.001422 0.433178 0.006965 1.709887
0.515206 0.013731 0.021226 0.011144 0.001397 0.430311 0.006984 1.711299
0.519438 0.013455 0.020612 0.010774 0.001368 0.427347 0.007006 1.712618
0.523763 0.013158 0.019995 0.010473 0.001348 0.424242 0.007021 1.713960
0.527990 0.012898 0.019421 0.010166 0.001317 0.421164 0.007045 1.715223
0.532286 0.012715 0.018843 0.009860 0.001293 0.417938 0.007065 1.716415
0.536543 0.012479 0.018301 0.009585 0.001251 0.414754 0.007087 1.717627
0.540823 0.012248 0.017791 0.009311 0.001220 0.411501 0.007107 1.718830
0.545023 0.012033 0.017299 0.009013 0.001188 0.408318 0.007128 1.719998
0.549039 0.011879 0.016832 0.008790 0.001162 0.405150 0.007148 1.721151
0.553098 0.011743 0.016415 0.008537 0.001128 0.401911 0.007167 1.722279
0.557138 0.011540 0.015997 0.008315 0.001101 0.398728 0.007184 1.723398
0.561206 0.011350 0.015593 0.008143 0.001072 0.395435 0.007200 1.724535
0.565188 0.011147 0.015214 0.007974 0.001045 0.392217 0.007215 1.725669
0.569069 0.011037 0.014878 0.007754 0.001029 0.389009 0.007223 1.726721
0.572977 0.010889 0.014588 0.007573 0.001008 0.385730 0.007235 1.727809
0.576872 0.010778 0.014236 0.007383 0.000981 0.382504 0.007247 1.728838
0.580715 0.010682 0.013914 0.007199 0.000959 0.379269 0.007262 1.729873
0.584468 0.010550 0.013617 0.007037 0.000936 0.376120 0.007273 1.730913
0.588199 0.010415 0.013396 0.006886 0.000913 0.372908 0.007283 1.731983
0.591815 0.010333 0.013165 0.006748 0.000896 0.369748 0.007295 1.733029
0.595530 0.010243 0.012867 0.006600 0.000879 0.366570 0.007309 1.734034
0.599101 0.010160 0.012676 0.006473 0.000866 0.363404 0.007319 1.735069
0.602676 0.010121 0.012426 0.006357 0.000841 0.360251 0.007330 1.736030
0.606211 0.010034 0.012223 0.006229 0.000819 0.357143 0.007342 1.737010
0.609697 0.009992 0.011985 0.006126 0.000793 0.354050 0.007357 1.738005
0.613228 0.009912 0.011776 0.006031 0.000780 0.350906 0.007367 1.738988
0.616734 0.009853 0.011552 0.005929 0.000764 0.347793 0.007374 1.739952
0.620193 0.009747 0.011391 0.005821 0.000750 0.344714 0.007384 1.740935
0.623570 0.009690 0.011188 0.005741 0.000737 0.341681 0.007394 1.741893
0.626986 0.009658 0.011042 0.005655 0.000723 0.338531 0.007405 1.742841
0.630324 0.009633 0.010842 0.005544 0.000708 0.335537 0.007414 1.743772
0.633654 0.009624 0.010694 0.005456 0.000697 0.332455 0.007421 1.744688
0.636841 0.009616 0.010584 0.005375 0.000685 0.329470 0.007431 1.745632
0.639997 0.009598 0.010465 0.005281 0.000678 0.326545 0.007435 1.746560
0.643171 0.009534 0.010312 0.005243 0.000667 0.323629 0.007446 1.747510
0.646280 0.009463 0.010199 0.005197 0.000647 0.320760 0.007455 1.748484
0.649337 0.009462 0.010084 0.005148 0.000636 0.317869 0.007464 1.749400
0.652330 0.009528 0.009943 0.005122 0.000618 0.314986 0.007474 1.750292
0.655316 0.009487 0.009855 0.005065 0.000607 0.312188 0.007483 1.751226
0.658186 0.009455 0.009768 0.005046 0.000589 0.309466 0.007490 1.752175
0.661250 0.009415 0.009668 0.005003 0.000577 0.306591 0.007497 1.753102
0.664143 0.009393 0.009575 0.004941 0.000571 0.303877 0.007501 1.754012
0.666992 0.009365 0.009473 0.004940 0.000570 0.301154 0.007507 1.754950
0.669775 0.009371 0.009402 0.004901 0.000563 0.298477 0.007510 1.755882
0.672596 0.009383 0.009301 0.004849 0.000555 0.295800 0.007516 1.756777
0.675303 0.009388 0.009249 0.004808 0.000547 0.293183 0.007523 1.757693
0.677933 0.009414 0.009229 0.004783 0.000534 0.290577 0.007529 1.758614
0.680604 0.009441 0.009142 0.004728 0.000524 0.288025 0.007537 1.759512
0.683227 0.009501 0.009058 0.004723 0.000512 0.285438 0.007542 1.760402
0.685866 0.009473 0.009007 0.004701 0.000499 0.282906 0.007549 1.761332
0.688409 0.009503 0.008990 0.004684 0.000489 0.280368 0.007557 1.762264
0.690911 0.009513 0.008970 0.004678 0.000489 0.277880 0.007561 1.763201
0.693409 0.009519 0.008918 0.004653 0.000477 0.275458 0.007566 1.764125
0.695883 0.009547 0.008869 0.004602 0.000471 0.273059 0.007569 1.765029
0.698345 0.009535 0.008825 0.004603 0.000456 0.270664 0.007573 1.765954
0.700738 0.009601 0.008789 0.004600 0.000444 0.268246 0.007581 1.766854
0.703189 0.009606 0.008773 0.004608 0.000431 0.265805 0.007588 1.767793
0.705598 0.009581 0.008756 0.004623 0.000427 0.263423 0.007592 1.768753
0.707972 0.009555 0.008808 0.004625 0.000417 0.261024 0.007598 1.769705
0.710255 0.009569 0.008805 0.004612 0.000423 0.258734 0.007603 1.770647
0.712500 0.009563 0.008776 0.004609 0.000418 0.256526 0.007609 1.771612
0.714686 0.009660 0.008772 0.004552 0.000412 0.254307 0.007612 1.772508
0.716831 0.009722 0.008762 0.004559 0.000413 0.252099 0.007614 1.773437
0.719050 0.009713 0.008820 0.004553 0.000409 0.249836 0.007620 1.774398
0.721196 0.009730 0.008843 0.004564 0.000404 0.247638 0.007626 1.775389
0.723231 0.009775 0.008880 0.004570 0.000398 0.245516 0.007631 1.776370
0.725331 0.009864 0.008867 0.004544 0.000390 0.243367 0.007638 1.777281
0.727340 0.009908 0.008877 0.004553 0.000388 0.241292 0.007643 1.778272
0.729360 0.009935 0.008860 0.004564 0.000386 0.239249 0.007647 1.779235
0.731285 0.010009 0.008797 0.004552 0.000382 0.237323 0.007653 1.780161
0.733246 0.010064 0.008786 0.004557 0.000379 0.235313 0.007658 1.781143
0.735197 0.010124 0.008773 0.004570 0.000379 0.233297 0.007661 1.782133
0.737039 0.010121 0.008867 0.004602 0.000378 0.231328 0.007666 1.783182
0.738826 0.010237 0.008864 0.004605 0.000375 0.229422 0.007671 1.784146
0.740599 0.010339 0.008915 0.004614 0.000371 0.227487 0.007676 1.785164
0.742324 0.010390 0.008936 0.004637 0.000364 0.225666 0.007683 1.786176
0.744007 0.010421 0.008922 0.004672 0.000366 0.223927 0.007686 1.787218
0.745680 0.010457 0.008933 0.004714 0.000359 0.222168 0.007691 1.788262
0.747304 0.010542 0.008965 0.004721 0.000350 0.220422 0.007698 1.789281
0.748964 0.010592 0.009022 0.004734 0.000352 0.218633 0.007702 1.790330
0.750643 0.010635 0.009047 0.004758 0.000346 0.216865 0.007707 1.791346
0.752181 0.010773 0.009068 0.004741 0.000353 0.215173 0.007711 1.792363
0.753726 0.010814 0.009160 0.004766 0.000348 0.213470 0.007716 1.793449
0.755255 0.010858 0.009182 0.004794 0.000343 0.211848 0.007720 1.794522
0.756693 0.010932 0.009259 0.004804 0.000338 0.210248 0.007726 1.795625
0.758154 0.010983 0.009282 0.004829 0.000333 0.208692 0.007729 1.796717
0.759614 0.011061 0.009307 0.004863 0.000331 0.207091 0.007733 1.797792
0.760994 0.011146 0.009350 0.004883 0.000328 0.205563 0.007738 1.798869
0.762355 0.011241 0.009383 0.004921 0.000327 0.204032 0.007741 1.799960
0.763714 0.011317 0.009416 0.004944 0.000326 0.202536 0.007745 1.801067
0.765030 0.011445 0.009467 0.004930 0.000328 0.201054 0.007748 1.802165
0.766336 0.011584 0.009515 0.004939 0.000325 0.199548 0.007752 1.803248
0.767594 0.011694 0.009563 0.004975 0.000324 0.198093 0.007756 1.804375
0.768827 0.011765 0.009640 0.004988 0.000323 0.196696 0.007761 1.805498
0.770065 0.011858 0.009706 0.005023 0.000318 0.195263 0.007767 1.806627
0.771244 0.011894 0.009803 0.005073 0.000318 0.193896 0.007773 1.807827
0.772395 0.011987 0.009879 0.005094 0.000312 0.192557 0.007777 1.808999
0.773475 0.012034 0.009991 0.005142 0.000305 0.191273 0.007781 1.810215
0.774625 0.012159 0.010061 0.005175 0.000307 0.189892 0.007783 1.811396
0.775696 0.012282 0.010159 0.005232 0.000305 0.188540 0.007787 1.812588
0.776798 0.012411 0.010230 0.005245 0.000300 0.187225 0.007793 1.813763
0.777783 0.012553 0.010322 0.005286 0.000306 0.185955 0.007795 1.815003
0.778739 0.012683 0.010407 0.005324 0.000303 0.184744 0.007800 1.816228
0.779723 0.012808 0.010471 0.005322 0.000307 0.183566 0.007803 1.817453
0.780604 0.012882 0.010571 0.005376 0.000307 0.182452 0.007807 1.818744
0.781457 0.012974 0.010666 0.005421 0.000307 0.181364 0.007811 1.820023
0.782357 0.013077 0.010743 0.005456 0.000315 0.180237 0.007814 1.821291
0.783224 0.013247 0.010802 0.005507 0.000310 0.179091 0.007818 1.822543
0.784058 0.013362 0.010911 0.005560 0.000311 0.177976 0.007822 1.823845
0.784838 0.013482 0.010998 0.005625 0.000318 0.176914 0.007826 1.825165
0.785629 0.013555 0.011056 0.005678 0.000323 0.175929 0.007831 1.826500
0.786432 0.013671 0.011141 0.005700 0.000317 0.174902 0.007837 1.827828
0.787249 0.013699 0.011203 0.005760 0.000324 0.173926 0.007841 1.829224
0.787892 0.013828 0.011326 0.005836 0.000331 0.172944 0.007844 1.830578
0.788587 0.013908 0.011440 0.005888 0.000329 0.171998 0.007849 1.831967
0.789291 0.014086 0.011442 0.005951 0.000334 0.171044 0.007851 1.833300
0.789919 0.014250 0.011530 0.005970 0.000329 0.170144 0.007858 1.834668
0.790531 0.014289 0.011678 0.006029 0.000334 0.169280 0.007859 1.836125
0.791073 0.014501 0.011751 0.006072 0.000337 0.168403 0.007863 1.837484
0.791625 0.014627 0.011852 0.006103 0.000337 0.167589 0.007869 1.838914
0.792139 0.014797 0.011907 0.006141 0.000338 0.166804 0.007873 1.840343
0.792603 0.014926 0.012017 0.006204 0.000336 0.166037 0.007877 1.841785
0.793069 0.014972 0.012089 0.006301 0.000337 0.165350 0.007882 1.843261
0.793592 0.015133 0.012149 0.006320 0.000333 0.164587 0.007886 1.844686
0.794018 0.015243 0.012263 0.006355 0.000332 0.163898 0.007892 1.846179
0.794486 0.015326 0.012394 0.006411 0.000329 0.163158 0.007897 1.847679
0.794882 0.015429 0.012507 0.006491 0.000330 0.162461 0.007900 1.849218
0.795311 0.015538 0.012623 0.006537 0.000339 0.161747 0.007904 1.850740
0.795639 0.015645 0.012725 0.006606 0.000343 0.161135 0.007906 1.852333
0.795975 0.015792 0.012795 0.006640 0.000342 0.160547 0.007910 1.853840
0.796349 0.015817 0.012871 0.006717 0.000346 0.159987 0.007913 1.855410
0.796649 0.015928 0.012971 0.006733 0.000355 0.159447 0.007916 1.856972
0.796965 0.016066 0.013053 0.006778 0.000345 0.158871 0.007921 1.858503
0.797299 0.016185 0.013208 0.006826 0.000348 0.158210 0.007924 1.860095
0.797606 0.016264 0.013303 0.006903 0.000352 0.157644 0.007928 1.861704
0.797946 0.016332 0.013391 0.006934 0.000356 0.157108 0.007934 1.863292
0.798155 0.016477 0.013495 0.006966 0.000357 0.156614 0.007936 1.864876
0.798352 0.016638 0.013550 0.007032 0.000357 0.156131 0.007940 1.866477
0.798582 0.016728 0.013638 0.007084 0.000353 0.155673 0.007944 1.868122
0.798778 0.016884 0.013682 0.007141 0.000353 0.155214 0.007948 1.869730
0.798990 0.016965 0.013831 0.007197 0.000355 0.154713 0.007951 1.871403
0.799111 0.017095 0.013975 0.007239 0.000362 0.154265 0.007954 1.873073
0.799303 0.017187 0.014061 0.007299 0.000369 0.153822 0.007959 1.874742
0.799340 0.017344 0.014185 0.007364 0.000371 0.153432 0.007964 1.876432
0.799473 0.017430 0.014296 0.007394 0.000376 0.153063 0.007968 1.878144
0.799607 0.017545 0.014378 0.007462 0.000378 0.152656 0.007975 1.879832
0.799703 0.017650 0.014536 0.007505 0.000376 0.152253 0.007979 1.881583
0.799735 0.017756 0.014644 0.007555 0.000380 0.151948 0.007983 1.883346
0.799787 0.017896 0.014709 0.007641 0.000383 0.151599 0.007985 1.885068
0.799822 0.017989 0.014798 0.007722 0.000381 0.151299 0.007990 1.886814
0.799746 0.018088 0.014963 0.007798 0.000384 0.151025 0.007996 1.888636
0.799741 0.018182 0.015055 0.007863 0.000389 0.150774 0.007998 1.890404
0.799759 0.018281 0.015126 0.007895 0.000390 0.150547 0.008004 1.892182
0.799782 0.018353 0.015227 0.007940 0.000391 0.150298 0.008010 1.893984
0.799696 0.018492 0.015343 0.007995 0.000387 0.150072 0.008015 1.895803
0.799636 0.018591 0.015454 0.007991 0.000386 0.149922 0.008020 1.897607
0.799627 0.018660 0.015555 0.008031 0.000383 0.149717 0.008028 1.899417
0.799586 0.018771 0.015600 0.008083 0.000386 0.149539 0.008036 1.901237
0.799569 0.018815 0.015719 0.008160 0.000382 0.149314 0.008042 1.903125
0.799520 0.018912 0.015800 0.008173 0.000385 0.149164 0.008046 1.904946
0.799398 0.019025 0.015899 0.008209 0.000389 0.149030 0.008052 1.906795
0.799371 0.019128 0.015975 0.008257 0.000383 0.148829 0.008057 1.908674
0.799273 0.019204 0.016046 0.008346 0.000380 0.148687 0.008064 1.910568
0.799163 0.019384 0.016078 0.008333 0.000381 0.148594 0.008069 1.912380
0.798985 0.019454 0.016199 0.008386 0.000386 0.148518 0.008072 1.914285
0.798822 0.019508 0.016269 0.008481 0.000394 0.148450 0.008075 1.916195
0.798736 0.019487 0.016433 0.008511 0.000391 0.148362 0.008080 1.918116
0.798630 0.019522 0.016546 0.008547 0.000405 0.148271 0.008081 1.920050
0.798451 0.019596 0.016577 0.008591 0.000412 0.148286 0.008088 1.921950
0.798373 0.019619 0.016656 0.008643 0.000414 0.148202 0.008094 1.923891
0.798246 0.019696 0.016734 0.008671 0.000410 0.148147 0.008097 1.925792
0.798064 0.019739 0.016851 0.008704 0.000420 0.148123 0.008100 1.927724
0.797938 0.019750 0.016988 0.008710 0.000417 0.148093 0.008104 1.929686
0.797838 0.019765 0.017030 0.008796 0.000423 0.148039 0.008110 1.931633
0.797729 0.019838 0.017103 0.008790 0.000426 0.147998 0.008117 1.933540
0.797629 0.019796 0.017196 0.008835 0.000429 0.147992 0.008122 1.935531
0.797464 0.019865 0.017228 0.008869 0.000430 0.148016 0.008128 1.937488
0.797370 0.019900 0.017306 0.008885 0.000435 0.147973 0.008132 1.939479
0.797187 0.019924 0.017353 0.008946 0.000434 0.148020 0.008137 1.941442
0.797052 0.020039 0.017308 0.009005 0.000441 0.148014 0.008142 1.943367
0.796826 0.020080 0.017388 0.009013 0.000442 0.148104 0.008147 1.945339
0.796615 0.020174 0.017466 0.009054 0.000438 0.148104 0.008150 1.947289
0.796359 0.020287 0.017527 0.009073 0.000438 0.148161 0.008156 1.949243
0.796196 0.020298 0.017566 0.009117 0.000447 0.148215 0.008162 1.951280
0.795974 0.020355 0.017632 0.009169 0.000442 0.148257 0.008171 1.953271
0.795870 0.020407 0.017687 0.009151 0.000456 0.148253 0.008176 1.955221
0.795750 0.020378 0.017759 0.009170 0.000466 0.148298 0.008178 1.957256
0.795606 0.020389 0.017774 0.009212 0.000478 0.148362 0.008181 1.959250
0.795488 0.020315 0.017879 0.009246 0.000487 0.148401 0.008184 1.961305
0.795332 0.020359 0.017921 0.009219 0.000483 0.148497 0.008191 1.963290
0.795141 0.020446 0.017971 0.009257 0.000484 0.148507 0.008195 1.965256
0.795040 0.020465 0.018034 0.009263 0.000483 0.148518 0.008198 1.967253
0.794852 0.020475 0.018045 0.009286 0.000486 0.148654 0.008203 1.969246
0.794732 0.020415 0.018078 0.009321 0.000488 0.148755 0.008210 1.971266
0.794481 0.020467 0.018162 0.009305 0.000487 0.148882 0.008217 1.973287
0.794280 0.020415 0.018196 0.009326 0.000493 0.149066 0.008223 1.975314
0.794121 0.020422 0.018246 0.009351 0.000499 0.149133 0.008227 1.977316
0.793957 0.020447 0.018255 0.009370 0.000494 0.149242 0.008235 1.979294
0.793865 0.020408 0.018226 0.009351 0.000497 0.149413 0.008241 1.981315
0.793728 0.020409 0.018274 0.009353 0.000498 0.149491 0.008247 1.983314
0.793505 0.020491 0.018280 0.009369 0.000502 0.149600 0.008253 1.985300
0.793431 0.020450 0.018320 0.009371 0.000500 0.149670 0.008257 1.987284
0.793280 0.020482 0.018388 0.009383 0.000498 0.149710 0.008261 1.989276
0.793114 0.020470 0.018374 0.009385 0.000498 0.149891 0.008268 1.991260
0.792987 0.020420 0.018435 0.009409 0.000499 0.149980 0.008271 1.993346
0.792795 0.020420 0.018470 0.009409 0.000504 0.150127 0.008275 1.995349
0.792618 0.020437 0.018461 0.009419 0.000507 0.150274 0.008284 1.997365
0.792590 0.020368 0.018443 0.009414 0.000509 0.150386 0.008289 1.999341
0.792524 0.020335 0.018500 0.009412 0.000517 0.150416 0.008296 2.001344
0.792405 0.020363 0.018507 0.009380 0.000523 0.150522 0.008303 2.003318
0.792295 0.020338 0.018523 0.009420 0.000523 0.150590 0.008311 2.005318
0.792164 0.020338 0.018525 0.009419 0.000520 0.150717 0.008317 2.007287
0.792071 0.020319 0.018499 0.009443 0.000519 0.150824 0.008325 2.009287
0.792024 0.020219 0.018563 0.009473 0.000519 0.150873 0.008330 2.011311
0.791981 0.020144 0.018572 0.009480 0.000523 0.150966 0.008335 2.013321
0.791930 0.020156 0.018537 0.009440 0.000526 0.151071 0.008341 2.015251
0.791891 0.020131 0.018479 0.009430 0.000537 0.151188 0.008346 2.017198
0.791818 0.020147 0.018515 0.009382 0.000546 0.151241 0.008351 2.019163
0.791797 0.020137 0.018452 0.009372 0.000549 0.151338 0.008356 2.021111
0.791812 0.020076 0.018391 0.009362 0.000547 0.151448 0.008364 2.023078
0.791810 0.020036 0.018381 0.009354 0.000550 0.151499 0.008371 2.025015
0.791829 0.019970 0.018325 0.009345 0.000551 0.151603 0.008377 2.026980
0.791741 0.019974 0.018272 0.009355 0.000555 0.151720 0.008383 2.028945
0.791758 0.019869 0.018259 0.009379 0.000560 0.151784 0.008390 2.030908
0.791784 0.019785 0.018283 0.009334 0.000559 0.151860 0.008395 2.032875
0.791785 0.019740 0.018208 0.009329 0.000558 0.151979 0.008402 2.034816
0.791851 0.019686 0.018206 0.009343 0.000554 0.151954 0.008406 2.036762
0.791855 0.019617 0.018224 0.009333 0.000562 0.151997 0.008412 2.038722
0.791894 0.019584 0.018116 0.009349 0.000557 0.152083 0.008419 2.040629
0.791867 0.019620 0.018039 0.009323 0.000554 0.152171 0.008428 2.042526
0.791844 0.019554 0.018040 0.009333 0.000551 0.152244 0.008435 2.044466
0.791929 0.019524 0.017981 0.009288 0.000560 0.152277 0.008440 2.046346
0.791915 0.019528 0.017994 0.009259 0.000557 0.152299 0.008449 2.048235
0.791937 0.019457 0.017956 0.009258 0.000559 0.152375 0.008459 2.050146
0.791992 0.019362 0.017948 0.009237 0.000551 0.152441 0.008470 2.052076
0.792023 0.019330 0.017874 0.009257 0.000552 0.152488 0.008477 2.053977
0.792050 0.019298 0.017865 0.009197 0.000554 0.152552 0.008484 2.055855
0.792186 0.019263 0.017813 0.009178 0.000555 0.152515 0.008492 2.057697
0.792199 0.019268 0.017782 0.009111 0.000552 0.152591 0.008498 2.059547
0.792196 0.019239 0.017784 0.009085 0.000549 0.152645 0.008503 2.061434
0.792257 0.019169 0.017805 0.009103 0.000547 0.152611 0.008508 2.063352
0.792357 0.019118 0.017794 0.009040 0.000548 0.152631 0.008512 2.065227
0.792429 0.019134 0.017741 0.009023 0.000542 0.152610 0.008521 2.067076
0.792571 0.019079 0.017643 0.009013 0.000540 0.152627 0.008527 2.068929
0.792620 0.019058 0.017613 0.008998 0.000538 0.152642 0.008533 2.070768
0.792674 0.019017 0.017599 0.008987 0.000532 0.152650 0.008540 2.072649
0.792842 0.018926 0.017587 0.008976 0.000531 0.152595 0.008544 2.074528
0.792944 0.018852 0.017581 0.008946 0.000532 0.152596 0.008550 2.076385
0.793073 0.018758 0.017583 0.008931 0.000535 0.152566 0.008556 2.078261
0.793311 0.018654 0.017525 0.008899 0.000537 0.152511 0.008562 2.080073
0.793356 0.018596 0.017490 0.008895 0.000537 0.152558 0.008569 2.081936
0.793522 0.018532 0.017457 0.008862 0.000540 0.152514 0.008573 2.083751
0.793683 0.018461 0.017451 0.008825 0.000537 0.152463 0.008580 2.085592
0.793816 0.018449 0.017436 0.008809 0.000533 0.152372 0.008585 2.087400
0.793947 0.018485 0.017377 0.008770 0.000527 0.152303 0.008590 2.089150
0.794064 0.018511 0.017304 0.008724 0.000525 0.152277 0.008595 2.090906
0.794263 0.018393 0.017310 0.008714 0.000522 0.152193 0.008603 2.092750
0.794319 0.018391 0.017336 0.008641 0.000521 0.152182 0.008609 2.094533
0.794446 0.018315 0.017355 0.008605 0.000517 0.152147 0.008617 2.096373
0.794664 0.018243 0.017309 0.008602 0.000517 0.152042 0.008622 2.098130
0.794755 0.018234 0.017241 0.008560 0.000523 0.152061 0.008626 2.099886
0.794893 0.018209 0.017234 0.008505 0.000521 0.152005 0.008631 2.101680
0.795100 0.018069 0.017234 0.008497 0.000520 0.151941 0.008638 2.103502
0.795306 0.017987 0.017195 0.008493 0.000518 0.151852 0.008649 2.105277
0.795517 0.017889 0.017199 0.008491 0.000520 0.151728 0.008654 2.107097
0.795705 0.017878 0.017097 0.008481 0.000521 0.151656 0.008663 2.108857
0.795875 0.017854 0.017032 0.008431 0.000518 0.151622 0.008669 2.110591
0.796084 0.017840 0.016951 0.008421 0.000512 0.151517 0.008674 2.112319
0.796260 0.017846 0.016888 0.008415 0.000510 0.151405 0.008677 2.114056
0.796418 0.017792 0.016909 0.008389 0.000516 0.151293 0.008682 2.115829
0.796683 0.017715 0.016868 0.008361 0.000511 0.151171 0.008689 2.117564
0.796931 0.017651 0.016814 0.008345 0.000510 0.151053 0.008697 2.119310
0.797066 0.017669 0.016744 0.008373 0.000505 0.150941 0.008702 2.121056
0.797204 0.017685 0.016717 0.008319 0.000498 0.150869 0.008708 2.122761
0.797376 0.017634 0.016627 0.008333 0.000504 0.150816 0.008712 2.124488
0.797578 0.017624 0.016576 0.008300 0.000496 0.150706 0.008720 2.126188
0.797798 0.017588 0.016558 0.008289 0.000500 0.150542 0.008725 2.127913
0.797985 0.017534 0.016586 0.008245 0.000496 0.150423 0.008731 2.129673
0.798176 0.017490 0.016573 0.008237 0.000492 0.150293 0.008739 2.131399
0.798314 0.017463 0.016536 0.008203 0.000498 0.150245 0.008743 2.133132
0.798508 0.017436 0.016489 0.008183 0.000495 0.150138 0.008750 2.134841
0.798738 0.017421 0.016451 0.008162 0.000492 0.149981 0.008755 2.136545
0.798922 0.017387 0.016454 0.008163 0.000505 0.149809 0.008759 2.138294
0.799061 0.017411 0.016448 0.008163 0.000501 0.149649 0.008766 2.140006
0.799195 0.017405 0.016430 0.008181 0.000503 0.149514 0.008774 2.141729
0.799350 0.017473 0.016370 0.008142 0.000505 0.149380 0.008781 2.143385
0.799609 0.017404 0.016384 0.008136 0.000497 0.149185 0.008785 2.145112
0.799693 0.017451 0.016324 0.008111 0.000493 0.149137 0.008790 2.146813
0.799906 0.017472 0.016243 0.008097 0.000492 0.148996 0.008795 2.148450
0.800071 0.017443 0.016291 0.008121 0.000489 0.148784 0.008802 2.150203
0.800162 0.017471 0.016188 0.008149 0.000484 0.148735 0.008811 2.151925
0.800266 0.017524 0.016212 0.008070 0.000480 0.148633 0.008815 2.153597
0.800481 0.017508 0.016204 0.008043 0.000476 0.148466 0.008821 2.155294
0.800652 0.017476 0.016214 0.008050 0.000477 0.148303 0.008827 2.157037
0.800693 0.017465 0.016288 0.008029 0.000473 0.148219 0.008832 2.158775
0.800864 0.017449 0.016271 0.008045 0.000469 0.148064 0.008837 2.160503
0.800928 0.017498 0.016233 0.008065 0.000466 0.147967 0.008842 2.162214
0.801098 0.017494 0.016178 0.008118 0.000467 0.147795 0.008849 2.163902
0.801180 0.017519 0.016164 0.008117 0.000465 0.147697 0.008856 2.165593
0.801226 0.017534 0.016162 0.008143 0.000462 0.147612 0.008861 2.167330
0.801355 0.017482 0.016150 0.008108 0.000463 0.147578 0.008865 2.169050
0.801465 0.017474 0.016167 0.008098 0.000461 0.147467 0.008869 2.170793
0.801668 0.017386 0.016177 0.008128 0.000461 0.147303 0.008876 2.172523
0.801772 0.017481 0.016111 0.008104 0.000452 0.147199 0.008880 2.174183
0.801944 0.017457 0.016097 0.008091 0.000454 0.147072 0.008885 2.175876
0.802113 0.017436 0.016111 0.008042 0.000456 0.146952 0.008889 2.177603
0.802270 0.017402 0.016087 0.008076 0.000452 0.146818 0.008895 2.179309
0.802369 0.017376 0.016109 0.008080 0.000458 0.146706 0.008900 2.181013
0.802544 0.017321 0.016098 0.008050 0.000448 0.146633 0.008905 2.182730
0.802633 0.017306 0.016048 0.008035 0.000452 0.146612 0.008913 2.184437
0.802790 0.017256 0.016028 0.008017 0.000456 0.146533 0.008919 2.186145
0.802918 0.017267 0.016003 0.008008 0.000460 0.146419 0.008925 2.187819
0.803050 0.017344 0.015995 0.007985 0.000469 0.146225 0.008932 2.189501
0.803187 0.017386 0.016001 0.007961 0.000473 0.146056 0.008937 2.191176
0.803371 0.017355 0.016023 0.007909 0.000476 0.145924 0.008942 2.192875
0.803458 0.017337 0.015997 0.007927 0.000473 0.145860 0.008949 2.194588
0.803620 0.017297 0.015973 0.007955 0.000461 0.145741 0.008954 2.196313
0.803770 0.017251 0.015938 0.007988 0.000456 0.145635 0.008961 2.197996
0.803868 0.017281 0.015950 0.007984 0.000463 0.145488 0.008965 2.199689
0.804012 0.017271 0.015908 0.007977 0.000456 0.145404 0.008970 2.201371
0.804145 0.017283 0.015871 0.007974 0.000455 0.145297 0.008975 2.203036
0.804235 0.017289 0.015877 0.007989 0.000449 0.145179 0.008981 2.204693
0.804298 0.017317 0.015872 0.007939 0.000449 0.145136 0.008988 2.206354
0.804356 0.017365 0.015895 0.007904 0.000462 0.145026 0.008992 2.208024
0.804483 0.017382 0.015878 0.007903 0.000457 0.144900 0.008997 2.209723
0.804579 0.017371 0.015848 0.007948 0.000459 0.144794 0.009000 2.211439
0.804766 0.017302 0.015889 0.007935 0.000467 0.144637 0.009004 2.213154
0.804961 0.017206 0.015918 0.007925 0.000467 0.144512 0.009011 2.214882
0.805121 0.017187 0.015913 0.007956 0.000464 0.144343 0.009016 2.216570
0.805228 0.017204 0.015891 0.007961 0.000467 0.144227 0.009021 2.218242
0.805374 0.017232 0.015874 0.007920 0.000460 0.144112 0.009028 2.219879
0.805510 0.017217 0.015823 0.007928 0.000455 0.144028 0.009039 2.221560
0.805638 0.017149 0.015797 0.007923 0.000456 0.143993 0.009043 2.223251
0.805812 0.017088 0.015813 0.007926 0.000456 0.143857 0.009047 2.224959
0.805943 0.017131 0.015729 0.007925 0.000450 0.143765 0.009056 2.226600
0.806060 0.017134 0.015669 0.007940 0.000452 0.143684 0.009062 2.228279
0.806254 0.017063 0.015683 0.007926 0.000452 0.143556 0.009067 2.229977
0.806426 0.017046 0.015617 0.007937 0.000461 0.143441 0.009072 2.231660
0.806520 0.017055 0.015574 0.007908 0.000469 0.143399 0.009074 2.233325
0.806654 0.016993 0.015561 0.007943 0.000477 0.143291 0.009081 2.235039
0.806830 0.016973 0.015590 0.007888 0.000481 0.143152 0.009085 2.236700
0.806963 0.016889 0.015614 0.007860 0.000487 0.143099 0.009089 2.238405
0.807039 0.016925 0.015574 0.007895 0.000481 0.142992 0.009094 2.240059
0.807161 0.016964 0.015601 0.007855 0.000488 0.142829 0.009101 2.241702
0.807277 0.017045 0.015585 0.007842 0.000487 0.142656 0.009108 2.243327
0.807380 0.017064 0.015542 0.007864 0.000489 0.142546 0.009115 2.244989
0.807500 0.017032 0.015531 0.007863 0.000485 0.142469 0.009120 2.246669
0.807588 0.017084 0.015506 0.007829 0.000487 0.142379 0.009126 2.248309
0.807658 0.017116 0.015545 0.007850 0.000492 0.142210 0.009129 2.249977
0.807745 0.017101 0.015598 0.007824 0.000492 0.142103 0.009138 2.251655
0.807813 0.017088 0.015625 0.007863 0.000489 0.141978 0.009144 2.253377
0.807910 0.017078 0.015588 0.007835 0.000487 0.141948 0.009153 2.255038
0.807925 0.017178 0.015561 0.007819 0.000490 0.141867 0.009160 2.256718
0.808031 0.017187 0.015597 0.007801 0.000486 0.141732 0.009166 2.258378
0.808123 0.017244 0.015587 0.007816 0.000490 0.141570 0.009171 2.260037
0.808124 0.017265 0.015635 0.007813 0.000490 0.141496 0.009177 2.261742
0.808241 0.017196 0.015668 0.007817 0.000487 0.141409 0.009182 2.263464
0.808273 0.017189 0.015693 0.007821 0.000486 0.141350 0.009186 2.265155
0.808286 0.017195 0.015759 0.007826 0.000482 0.141257 0.009195 2.266889
0.808318 0.017224 0.015815 0.007798 0.000486 0.141159 0.009199 2.268584
0.808440 0.017251 0.015818 0.007803 0.000491 0.140993 0.009204 2.270290
0.808506 0.017219 0.015818 0.007869 0.000492 0.140888 0.009208 2.272034
0.808554 0.017250 0.015786 0.007895 0.000483 0.140817 0.009215 2.273734
0.808624 0.017291 0.015805 0.007890 0.000485 0.140689 0.009217 2.275416
0.808659 0.017223 0.015851 0.007911 0.000486 0.140646 0.009224 2.277168
0.808746 0.017232 0.015817 0.007922 0.000482 0.140572 0.009230 2.278856
0.808699 0.017373 0.015805 0.007921 0.000488 0.140481 0.009235 2.280501
0.808684 0.017396 0.015796 0.007929 0.000482 0.140473 0.009241 2.282195
0.808751 0.017417 0.015815 0.007942 0.000482 0.140347 0.009245 2.283869
0.808785 0.017390 0.015820 0.007944 0.000478 0.140333 0.009249 2.285597
0.808843 0.017288 0.015870 0.008012 0.000476 0.140254 0.009257 2.287379
0.808888 0.017276 0.015879 0.008000 0.000476 0.140220 0.009261 2.289088
0.808896 0.017295 0.015851 0.007989 0.000474 0.140229 0.009266 2.290765
0.808924 0.017322 0.015885 0.007973 0.000479 0.140146 0.009271 2.292460
0.808969 0.017275 0.015919 0.008012 0.000477 0.140068 0.009279 2.294176
0.808982 0.017364 0.015891 0.007934 0.000480 0.140066 0.009283 2.295816
0.809001 0.017425 0.015897 0.007924 0.000486 0.139982 0.009285 2.297485
0.809042 0.017399 0.015861 0.007962 0.000484 0.139962 0.009290 2.299226
0.809056 0.017411 0.015886 0.007997 0.000479 0.139878 0.009293 2.300931
0.809078 0.017351 0.015950 0.008048 0.000480 0.139794 0.009299 2.302715
0.809105 0.017414 0.015880 0.008092 0.000468 0.139739 0.009302 2.304420
0.809070 0.017438 0.015859 0.008107 0.000465 0.139751 0.009310 2.306123
0.809050 0.017524 0.015917 0.008118 0.000462 0.139615 0.009314 2.307840
0.809171 0.017466 0.015943 0.008122 0.000467 0.139513 0.009318 2.309618
0.809163 0.017560 0.015893 0.008115 0.000470 0.139476 0.009323 2.311270
0.809133 0.017621 0.015953 0.008093 0.000467 0.139406 0.009328 2.312984
0.809148 0.017632 0.016016 0.008099 0.000463 0.139311 0.009333 2.314753
0.809136 0.017667 0.016010 0.008089 0.000464 0.139298 0.009337 2.316463
0.809119 0.017708 0.016024 0.008047 0.000466 0.139289 0.009346 2.318182
0.809105 0.017742 0.016028 0.008061 0.000469 0.139241 0.009353 2.319924
0.809093 0.017737 0.016055 0.008075 0.000463 0.139217 0.009360 2.321671
0.809076 0.017761 0.016059 0.008099 0.000464 0.139175 0.009365 2.323403
0.809167 0.017749 0.016071 0.008092 0.000459 0.139091 0.009371 2.325120
0.809167 0.017750 0.016060 0.008082 0.000469 0.139098 0.009374 2.326833
0.809180 0.017732 0.016052 0.008113 0.000472 0.139070 0.009380 2.328580
0.809190 0.017730 0.016030 0.008083 0.000481 0.139104 0.009383 2.330297
0.809220 0.017744 0.016059 0.008084 0.000487 0.139020 0.009387 2.331996
0.809207 0.017739 0.016098 0.008098 0.000488 0.138978 0.009393 2.333729
0.809198 0.017742 0.016079 0.008118 0.000483 0.138978 0.009402 2.335464
0.809202 0.017698 0.016079 0.008114 0.000476 0.139023 0.009410 2.337234
0.809119 0.017771 0.016069 0.008061 0.000480 0.139085 0.009416 2.338927
0.809111 0.017787 0.016048 0.008106 0.000484 0.139045 0.009419 2.340673
0.809117 0.017829 0.016001 0.008102 0.000482 0.139046 0.009423 2.342396
0.809049 0.017844 0.016067 0.008097 0.000480 0.139035 0.009428 2.344178
0.809052 0.017930 0.016066 0.008060 0.000485 0.138977 0.009431 2.345898
0.808998 0.017952 0.016041 0.008111 0.000483 0.138981 0.009435 2.347653
0.809026 0.017925 0.016069 0.008101 0.000478 0.138961 0.009440 2.349394
0.809016 0.017910 0.016062 0.008123 0.000470 0.138971 0.009448 2.351170
0.808981 0.017989 0.016072 0.008151 0.000467 0.138888 0.009454 2.352889
0.808961 0.017972 0.016084 0.008151 0.000464 0.138908 0.009461 2.354654
0.809025 0.017915 0.016127 0.008190 0.000473 0.138806 0.009464 2.356420
0.808972 0.017959 0.016139 0.008207 0.000477 0.138776 0.009470 2.358156
0.808950 0.018008 0.016177 0.008159 0.000486 0.138744 0.009476 2.359898
0.808877 0.018047 0.016151 0.008143 0.000481 0.138818 0.009482 2.361640
0.808810 0.017988 0.016184 0.008149 0.000479 0.138899 0.009489 2.363433
0.808851 0.017888 0.016216 0.008169 0.000478 0.138902 0.009494 2.365248
0.808811 0.017904 0.016220 0.008196 0.000475 0.138894 0.009501 2.366984
0.808760 0.017948 0.016213 0.008185 0.000471 0.138918 0.009507 2.368747
0.808742 0.017923 0.016181 0.008212 0.000469 0.138963 0.009510 2.370499
0.808744 0.017926 0.016198 0.008241 0.000469 0.138906 0.009518 2.372277
0.808784 0.017906 0.016220 0.008238 0.000474 0.138854 0.009524 2.374035
0.808695 0.017946 0.016243 0.008212 0.000476 0.138899 0.009530 2.375793
0.808613 0.017923 0.016322 0.008223 0.000477 0.138907 0.009536 2.377596
0.808568 0.017973 0.016339 0.008189 0.000480 0.138910 0.009541 2.379310
0.808582 0.017911 0.016415 0.008218 0.000474 0.138851 0.009549 2.381129
0.808599 0.017903 0.016481 0.008208 0.000477 0.138780 0.009553 2.382884
0.808550 0.017906 0.016474 0.008189 0.000482 0.138841 0.009559 2.384635
0.808511 0.017914 0.016469 0.008190 0.000474 0.138880 0.009564 2.386389
0.808497 0.017910 0.016478 0.008240 0.000474 0.138831 0.009570 2.388145
0.808483 0.017903 0.016470 0.008236 0.000482 0.138851 0.009576 2.389890
0.808497 0.017916 0.016443 0.008253 0.000483 0.138826 0.009582 2.391640
0.808519 0.017894 0.016392 0.008249 0.000478 0.138881 0.009588 2.393360
0.808468 0.017919 0.016343 0.008247 0.000469 0.138960 0.009595 2.395096
0.808396 0.017960 0.016386 0.008211 0.000463 0.138984 0.009601 2.396868
0.808270 0.017959 0.016403 0.008218 0.000472 0.139073 0.009606 2.398688
0.808269 0.017972 0.016385 0.008179 0.000472 0.139110 0.009613 2.400444
0.808239 0.017965 0.016395 0.008173 0.000472 0.139135 0.009619 2.402192
0.808251 0.017907 0.016352 0.008231 0.000474 0.139159 0.009625 2.403997
0.808270 0.017868 0.016349 0.008207 0.000477 0.139197 0.009633 2.405758
0.808284 0.017846 0.016370 0.008187 0.000468 0.139206 0.009639 2.407525
0.808293 0.017850 0.016376 0.008160 0.000461 0.139215 0.009646 2.409280
0.808270 0.017876 0.016380 0.008170 0.000456 0.139197 0.009652 2.411021
0.808348 0.017823 0.016324 0.008202 0.000458 0.139188 0.009657 2.412745
0.808291 0.017859 0.016311 0.008213 0.000457 0.139207 0.009663 2.414492
0.808309 0.017823 0.016291 0.008203 0.000459 0.139249 0.009668 2.416231
0.808283 0.017827 0.016268 0.008193 0.000462 0.139291 0.009675 2.417966
0.808316 0.017819 0.016291 0.008193 0.000458 0.139241 0.009683 2.419718
0.808297 0.017816 0.016311 0.008212 0.000459 0.139218 0.009687 2.421488
0.808299 0.017804 0.016307 0.008215 0.000455 0.139223 0.009698 2.423245
0.808292 0.017737 0.016313 0.008205 0.000454 0.139294 0.009704 2.424999
0.808270 0.017823 0.016284 0.008225 0.000455 0.139237 0.009707 2.426700
0.808303 0.017788 0.016243 0.008241 0.000457 0.139257 0.009711 2.428437
0.808292 0.017790 0.016243 0.008208 0.000464 0.139289 0.009715 2.430147
0.808284 0.017793 0.016185 0.008217 0.000467 0.139332 0.009721 2.431880
0.808300 0.017779 0.016162 0.008236 0.000467 0.139329 0.009727 2.433620
0.808320 0.017804 0.016158 0.008220 0.000468 0.139300 0.009730 2.435357
0.808416 0.017730 0.016138 0.008238 0.000474 0.139269 0.009735 2.437115
0.808321 0.017810 0.016155 0.008194 0.000484 0.139294 0.009741 2.438834
0.808331 0.017780 0.016158 0.008184 0.000485 0.139315 0.009748 2.440599
0.808302 0.017799 0.016215 0.008224 0.000479 0.139228 0.009753 2.442352
0.808301 0.017739 0.016234 0.008242 0.000474 0.139253 0.009757 2.444135
0.808284 0.017729 0.016266 0.008224 0.000476 0.139260 0.009762 2.445881
0.808302 0.017722 0.016226 0.008208 0.000476 0.139297 0.009770 2.447583
0.808304 0.017716 0.016298 0.008175 0.000479 0.139253 0.009777 2.449328
0.808340 0.017694 0.016293 0.008177 0.000481 0.139235 0.009780 2.451080
0.808342 0.017704 0.016270 0.008113 0.000475 0.139308 0.009789 2.452794
0.808355 0.017719 0.016247 0.008094 0.000470 0.139319 0.009797 2.454494
0.808310 0.017717 0.016210 0.008098 0.000471 0.139393 0.009802 2.456217
0.808318 0.017677 0.016218 0.008102 0.000474 0.139405 0.009807 2.457975
0.808271 0.017629 0.016235 0.008114 0.000472 0.139465 0.009813 2.459737
0.808313 0.017626 0.016265 0.008089 0.000469 0.139419 0.009819 2.461461
0.808362 0.017578 0.016235 0.008099 0.000476 0.139425 0.009824 2.463166
0.808447 0.017554 0.016235 0.008138 0.000482 0.139318 0.009828 2.464900
0.808474 0.017556 0.016202 0.008128 0.000482 0.139326 0.009833 2.466593
0.808512 0.017569 0.016209 0.008099 0.000487 0.139286 0.009840 2.468320
0.808503 0.017597 0.016190 0.008101 0.000486 0.139280 0.009843 2.470032
0.808526 0.017578 0.016160 0.008093 0.000485 0.139311 0.009847 2.471739
0.808540 0.017592 0.016156 0.008079 0.000488 0.139294 0.009851 2.473447
0.808521 0.017632 0.016129 0.008079 0.000493 0.139288 0.009859 2.475144
0.808472 0.017676 0.016142 0.008069 0.000490 0.139287 0.009863 2.476888
0.808507 0.017668 0.016131 0.008094 0.000489 0.139243 0.009866 2.478633
0.808545 0.017633 0.016164 0.008082 0.000483 0.139222 0.009872 2.480372
0.808577 0.017607 0.016156 0.008098 0.000486 0.139200 0.009876 2.482094
0.808534 0.017596 0.016166 0.008083 0.000482 0.139258 0.009883 2.483833
0.808647 0.017573 0.016137 0.008075 0.000483 0.139196 0.009888 2.485544
0.808670 0.017612 0.016122 0.008090 0.000482 0.139129 0.009896 2.487254
0.808725 0.017612 0.016100 0.008053 0.000479 0.139128 0.009904 2.488933
0.808704 0.017645 0.016087 0.008027 0.000480 0.139147 0.009909 2.490632
0.808692 0.017549 0.016095 0.008086 0.000476 0.139188 0.009913 2.492444
0.808681 0.017574 0.016098 0.008107 0.000477 0.139144 0.009918 2.494168
0.808684 0.017564 0.016088 0.008089 0.000481 0.139169 0.009925 2.495891
0.808695 0.017543 0.016119 0.008071 0.000478 0.139163 0.009932 2.497615
0.808702 0.017556 0.016121 0.008061 0.000477 0.139144 0.009940 2.499334
0.808759 0.017520 0.016094 0.008078 0.000473 0.139133 0.009943 2.501056
0.808786 0.017547 0.016045 0.008077 0.000470 0.139120 0.009955 2.502740
0.808766 0.017540 0.016017 0.008096 0.000470 0.139150 0.009963 2.504455
0.808752 0.017572 0.016002 0.008075 0.000467 0.139163 0.009969 2.506150
0.808727 0.017577 0.016047 0.008075 0.000471 0.139131 0.009973 2.507882
0.808715 0.017639 0.016059 0.008073 0.000469 0.139066 0.009980 2.509579
0.808721 0.017653 0.016085 0.008073 0.000462 0.139018 0.009989 2.511294
0.808722 0.017717 0.016084 0.008049 0.000463 0.138969 0.009997 2.513005
0.808693 0.017719 0.016081 0.008062 0.000469 0.138974 0.010004 2.514767
0.808717 0.017708 0.016035 0.008060 0.000462 0.139008 0.010010 2.516504
0.808714 0.017714 0.016072 0.008072 0.000463 0.138951 0.010014 2.518270
0.808723 0.017661 0.016058 0.008075 0.000467 0.138999 0.010018 2.520004
0.808748 0.017677 0.016046 0.008086 0.000470 0.138951 0.010022 2.521707
0.808743 0.017692 0.016024 0.008095 0.000470 0.138948 0.010027 2.523445
0.808740 0.017685 0.016021 0.008138 0.000465 0.138917 0.010033 2.525175
0.808701 0.017760 0.016002 0.008097 0.000468 0.138936 0.010037 2.526865
0.808634 0.017873 0.015996 0.008085 0.000468 0.138901 0.010044 2.528542
0.808605 0.017868 0.016032 0.008086 0.000476 0.138884 0.010048 2.530306
0.808534 0.017895 0.016018 0.008097 0.000478 0.138925 0.010053 2.532056
0.808533 0.017867 0.016044 0.008122 0.000475 0.138898 0.010061 2.533830
0.808554 0.017867 0.015992 0.008164 0.000479 0.138878 0.010066 2.535552
0.808570 0.017803 0.016033 0.008199 0.000480 0.138841 0.010073 2.537329
0.808619 0.017782 0.016079 0.008203 0.000486 0.138752 0.010079 2.539102
