0.348737 0.063738 0.056142 0.032315 0.002204 0.490810 0.006054 1.598424
0.349987 0.062473 0.056242 0.032157 0.002202 0.490857 0.006083 1.604666
0.351496 0.060879 0.056122 0.032077 0.002199 0.491119 0.006107 1.610799
0.353382 0.059215 0.055977 0.031907 0.002190 0.491191 0.006138 1.616728
0.355470 0.057565 0.055654 0.031628 0.002198 0.491325 0.006162 1.622440
0.357508 0.055989 0.055282 0.031312 0.002197 0.491523 0.006190 1.628053
0.359703 0.054455 0.054828 0.030962 0.002208 0.491634 0.006211 1.633441
0.362202 0.052927 0.054327 0.030638 0.002205 0.491459 0.006244 1.638683
0.364683 0.051405 0.053847 0.030283 0.002199 0.491312 0.006271 1.643822
0.367173 0.050067 0.053215 0.029965 0.002193 0.491086 0.006301 1.648784
0.369787 0.048782 0.052522 0.029527 0.002188 0.490864 0.006330 1.653619
0.372401 0.047505 0.051885 0.029103 0.002185 0.490562 0.006359 1.658408
0.375194 0.046343 0.051064 0.028679 0.002173 0.490166 0.006382 1.662909
0.377966 0.045162 0.050422 0.028168 0.002147 0.489721 0.006414 1.667442
0.380730 0.044145 0.049680 0.027708 0.002142 0.489150 0.006445 1.671838
0.383465 0.043192 0.048878 0.027239 0.002139 0.488622 0.006464 1.676088
0.386185 0.042263 0.048142 0.026739 0.002120 0.488056 0.006495 1.680295
0.389101 0.041433 0.047247 0.026328 0.002095 0.487270 0.006527 1.684327
0.392104 0.040579 0.046479 0.025921 0.002081 0.486286 0.006551 1.688312
0.395037 0.039767 0.045706 0.025538 0.002054 0.485316 0.006582 1.692278
0.397989 0.038962 0.044965 0.025121 0.002026 0.484325 0.006613 1.696180
0.400965 0.038227 0.044180 0.024684 0.002020 0.483290 0.006635 1.699949
0.403785 0.037627 0.043501 0.024240 0.002012 0.482174 0.006660 1.703701
0.406726 0.037000 0.042868 0.023886 0.002001 0.480842 0.006678 1.707447
0.409621 0.036399 0.042076 0.023441 0.001990 0.479767 0.006706 1.711028
0.412513 0.035988 0.041318 0.023029 0.001985 0.478433 0.006735 1.714488
0.415476 0.035458 0.040721 0.022635 0.001974 0.476980 0.006756 1.717993
0.418439 0.035000 0.039999 0.022264 0.001946 0.475573 0.006780 1.721434
0.421518 0.034465 0.039380 0.021916 0.001933 0.473986 0.006801 1.724885
0.424496 0.034064 0.038668 0.021601 0.001911 0.472435 0.006826 1.728269
0.427435 0.033695 0.038056 0.021234 0.001898 0.470839 0.006844 1.731580
0.430468 0.033254 0.037560 0.020920 0.001878 0.469053 0.006867 1.734935
0.433477 0.032918 0.036991 0.020604 0.001860 0.467262 0.006889 1.738163
0.436349 0.032723 0.036430 0.020285 0.001849 0.465450 0.006914 1.741341
0.439177 0.032476 0.035858 0.020065 0.001839 0.463647 0.006938 1.744509
0.442084 0.032285 0.035340 0.019763 0.001816 0.461757 0.006955 1.747615
0.444954 0.032078 0.034827 0.019433 0.001797 0.459931 0.006981 1.750736
0.447765 0.031850 0.034343 0.019221 0.001767 0.458048 0.007005 1.753897
0.450570 0.031639 0.033872 0.018945 0.001742 0.456206 0.007027 1.757001
0.453358 0.031424 0.033404 0.018727 0.001723 0.454316 0.007048 1.760090
0.456232 0.031298 0.033010 0.018505 0.001691 0.452186 0.007078 1.763111
0.459012 0.031164 0.032678 0.018281 0.001680 0.450091 0.007095 1.766172
0.461839 0.030965 0.032321 0.018088 0.001656 0.448017 0.007114 1.769254
0.464563 0.030753 0.032050 0.017906 0.001615 0.445975 0.007139 1.772369
0.467267 0.030607 0.031753 0.017760 0.001596 0.443854 0.007164 1.775402
0.469885 0.030497 0.031390 0.017567 0.001582 0.441898 0.007181 1.778382
0.472507 0.030403 0.031075 0.017444 0.001564 0.439804 0.007203 1.781372
0.475102 0.030332 0.030727 0.017358 0.001546 0.437714 0.007220 1.784346
0.477654 0.030220 0.030523 0.017195 0.001529 0.435644 0.007235 1.787382
0.480177 0.030126 0.030236 0.017073 0.001501 0.433632 0.007257 1.790410
0.482654 0.030183 0.029874 0.016927 0.001488 0.431599 0.007276 1.793276
0.485138 0.030013 0.029677 0.016755 0.001468 0.429651 0.007298 1.796282
0.487444 0.030126 0.029396 0.016691 0.001443 0.427581 0.007319 1.799171
0.489749 0.030115 0.029176 0.016610 0.001429 0.425585 0.007337 1.802139
0.492083 0.030053 0.028980 0.016524 0.001405 0.423598 0.007357 1.805111
0.494397 0.030078 0.028844 0.016428 0.001394 0.421484 0.007375 1.808062
0.496788 0.030072 0.028602 0.016343 0.001386 0.419417 0.007391 1.810990
0.499041 0.030182 0.028408 0.016226 0.001373 0.417365 0.007404 1.813912
0.501235 0.030176 0.028234 0.016158 0.001353 0.415426 0.007417 1.816875
0.503375 0.030190 0.028075 0.016079 0.001331 0.413512 0.007437 1.819857
0.505577 0.030212 0.027973 0.015995 0.001315 0.411475 0.007455 1.822821
0.507778 0.030258 0.027864 0.015859 0.001305 0.409464 0.007472 1.825773
0.509862 0.030268 0.027769 0.015785 0.001299 0.407529 0.007488 1.828769
0.511988 0.030257 0.027661 0.015699 0.001289 0.405602 0.007503 1.831752
0.513978 0.030332 0.027585 0.015642 0.001280 0.403666 0.007517 1.834724
0.515933 0.030444 0.027506 0.015598 0.001269 0.401715 0.007535 1.837658
0.517972 0.030495 0.027460 0.015585 0.001253 0.399684 0.007551 1.840643
0.519964 0.030593 0.027385 0.015508 0.001254 0.397730 0.007567 1.843619
0.521786 0.030734 0.027281 0.015475 0.001226 0.395914 0.007585 1.846593
0.523610 0.030836 0.027317 0.015389 0.001208 0.394041 0.007599 1.849576
0.525458 0.031020 0.027297 0.015339 0.001199 0.392073 0.007613 1.852529
0.527132 0.031200 0.027357 0.015282 0.001185 0.390217 0.007628 1.855571
0.528781 0.031316 0.027389 0.015297 0.001174 0.388394 0.007650 1.858622
0.530410 0.031429 0.027393 0.015325 0.001157 0.386623 0.007663 1.861699
0.532130 0.031453 0.027405 0.015397 0.001151 0.384789 0.007675 1.864817
0.533708 0.031556 0.027499 0.015413 0.001144 0.382987 0.007692 1.867945
0.535185 0.031755 0.027552 0.015413 0.001133 0.381253 0.007708 1.871003
0.536648 0.031948 0.027490 0.015456 0.001126 0.379614 0.007719 1.874091
0.538120 0.032177 0.027533 0.015442 0.001116 0.377882 0.007731 1.877183
0.539509 0.032380 0.027607 0.015421 0.001111 0.376230 0.007742 1.880335
0.540827 0.032580 0.027688 0.015489 0.001107 0.374554 0.007757 1.883529
0.542149 0.032712 0.027715 0.015533 0.001097 0.373027 0.007770 1.886697
0.543331 0.032921 0.027776 0.015620 0.001091 0.371480 0.007782 1.889973
0.544635 0.033111 0.027828 0.015648 0.001085 0.369900 0.007795 1.893133
0.545808 0.033228 0.027882 0.015723 0.001073 0.368475 0.007812 1.896390
0.547003 0.033416 0.027999 0.015716 0.001069 0.366972 0.007826 1.899657
0.548065 0.033648 0.028090 0.015790 0.001068 0.365504 0.007835 1.902892
0.549057 0.033784 0.028276 0.015841 0.001057 0.364139 0.007848 1.906240
0.550064 0.034085 0.028427 0.015867 0.001047 0.362649 0.007861 1.909522
0.551090 0.034230 0.028516 0.015906 0.001043 0.361339 0.007876 1.912883
0.552110 0.034268 0.028651 0.016037 0.001047 0.360001 0.007886 1.916319
0.553066 0.034445 0.028743 0.016122 0.001052 0.358670 0.007902 1.919715
0.553876 0.034682 0.028857 0.016145 0.001042 0.357484 0.007914 1.923098
0.554685 0.034806 0.029003 0.016260 0.001041 0.356281 0.007925 1.926557
0.555505 0.035031 0.029057 0.016353 0.001026 0.355086 0.007942 1.929940
0.556422 0.035121 0.029235 0.016421 0.001031 0.353822 0.007947 1.933424
0.557157 0.035324 0.029407 0.016533 0.001023 0.352593 0.007964 1.936934
0.557900 0.035534 0.029514 0.016612 0.001012 0.351450 0.007977 1.940417
0.558575 0.035664 0.029608 0.016651 0.001003 0.350511 0.007989 1.943923
0.559364 0.035741 0.029727 0.016758 0.001005 0.349397 0.008007 1.947465
0.560038 0.035924 0.029825 0.016842 0.001003 0.348349 0.008019 1.950983
0.560601 0.036210 0.029866 0.016831 0.001003 0.347456 0.008033 1.954426
0.561188 0.036344 0.029965 0.016882 0.001010 0.346568 0.008043 1.957980
0.561774 0.036480 0.030095 0.016914 0.001012 0.345672 0.008053 1.961585
0.562489 0.036598 0.030203 0.017003 0.001007 0.344639 0.008062 1.965170
0.562974 0.036836 0.030237 0.017118 0.000999 0.343765 0.008071 1.968751
0.563445 0.037047 0.030398 0.017203 0.000996 0.342829 0.008082 1.972329
0.564013 0.037164 0.030595 0.017226 0.001003 0.341904 0.008096 1.975953
0.564398 0.037389 0.030749 0.017302 0.001001 0.341053 0.008108 1.979606
0.564866 0.037576 0.030826 0.017335 0.001001 0.340270 0.008124 1.983217
0.565240 0.037829 0.030959 0.017387 0.001005 0.339446 0.008134 1.986859
0.565612 0.038014 0.031141 0.017475 0.000995 0.338616 0.008148 1.990572
0.565933 0.038261 0.031334 0.017592 0.000992 0.337724 0.008164 1.994286
0.566321 0.038317 0.031485 0.017697 0.000985 0.337016 0.008179 1.998081
0.566530 0.038530 0.031658 0.017733 0.000992 0.336367 0.008190 2.001840
0.566781 0.038687 0.031859 0.017778 0.000991 0.335701 0.008201 2.005670
0.566875 0.038930 0.032007 0.017865 0.000979 0.335126 0.008216 2.009439
0.567026 0.039154 0.032176 0.017891 0.000994 0.334533 0.008226 2.013230
0.567285 0.039218 0.032365 0.017985 0.000989 0.333924 0.008236 2.017076
0.567457 0.039377 0.032520 0.018128 0.001000 0.333271 0.008248 2.020949
0.567594 0.039490 0.032683 0.018243 0.001005 0.332726 0.008258 2.024835
0.567706 0.039635 0.032865 0.018304 0.001018 0.332204 0.008268 2.028711
0.567821 0.039709 0.033076 0.018425 0.001014 0.331673 0.008282 2.032646
0.567934 0.039857 0.033226 0.018495 0.001018 0.331177 0.008293 2.036511
0.568016 0.039952 0.033371 0.018599 0.001023 0.330740 0.008299 2.040476
0.568079 0.040151 0.033449 0.018709 0.001017 0.330280 0.008314 2.044347
0.568109 0.040213 0.033511 0.018781 0.001023 0.330041 0.008323 2.048301
0.568251 0.040349 0.033587 0.018846 0.001025 0.329606 0.008335 2.052171
0.568293 0.040402 0.033668 0.018928 0.001027 0.329336 0.008346 2.056125
0.568445 0.040446 0.033789 0.018988 0.001031 0.328943 0.008359 2.060074
0.568560 0.040564 0.033806 0.019140 0.001042 0.328519 0.008371 2.064009
0.568606 0.040656 0.033962 0.019219 0.001045 0.328130 0.008383 2.068031
0.568638 0.040679 0.034147 0.019215 0.001063 0.327864 0.008394 2.072062
0.568735 0.040711 0.034280 0.019253 0.001059 0.327552 0.008411 2.076056
0.568736 0.040839 0.034396 0.019365 0.001065 0.327177 0.008423 2.080076
0.568756 0.041015 0.034474 0.019428 0.001066 0.326826 0.008435 2.083995
0.568692 0.041177 0.034598 0.019411 0.001065 0.326610 0.008448 2.088002
0.568551 0.041334 0.034721 0.019455 0.001075 0.326402 0.008462 2.092040
0.568505 0.041425 0.034817 0.019548 0.001068 0.326163 0.008475 2.096079
0.568555 0.041428 0.034877 0.019622 0.001069 0.325962 0.008487 2.100092
0.568594 0.041443 0.035018 0.019718 0.001076 0.325651 0.008500 2.104207
0.568560 0.041484 0.035067 0.019767 0.001085 0.325525 0.008513 2.108249
0.568518 0.041454 0.035207 0.019819 0.001096 0.325377 0.008530 2.112352
0.568451 0.041524 0.035261 0.019835 0.001108 0.325284 0.008538 2.116375
0.568482 0.041600 0.035329 0.019846 0.001099 0.325092 0.008552 2.120414
0.568500 0.041468 0.035531 0.019860 0.001104 0.324976 0.008562 2.124566
0.568477 0.041525 0.035627 0.019947 0.001095 0.324749 0.008581 2.128645
0.568494 0.041437 0.035759 0.019960 0.001095 0.324659 0.008597 2.132776
0.568516 0.041419 0.035824 0.019952 0.001099 0.324580 0.008611 2.136811
0.568470 0.041473 0.035782 0.020016 0.001115 0.324523 0.008622 2.140858
0.568482 0.041448 0.035847 0.020029 0.001109 0.324448 0.008637 2.144938
0.568369 0.041529 0.035920 0.020062 0.001110 0.324361 0.008648 2.149028
0.568393 0.041568 0.035952 0.020030 0.001111 0.324284 0.008663 2.153026
0.568335 0.041543 0.036055 0.020127 0.001105 0.324156 0.008680 2.157138
0.568384 0.041498 0.036023 0.020195 0.001100 0.324111 0.008688 2.161243
0.568361 0.041533 0.036068 0.020136 0.001094 0.324105 0.008704 2.165297
0.568448 0.041501 0.036113 0.020109 0.001106 0.324014 0.008710 2.169319
0.568451 0.041544 0.036160 0.020080 0.001110 0.323931 0.008723 2.173319
0.568397 0.041630 0.036230 0.020067 0.001122 0.323818 0.008737 2.177359
0.568369 0.041566 0.036215 0.020120 0.001114 0.323865 0.008752 2.181455
0.568358 0.041513 0.036317 0.020123 0.001104 0.323822 0.008764 2.185527
0.568309 0.041585 0.036257 0.020141 0.001101 0.323829 0.008779 2.189529
0.568393 0.041496 0.036353 0.020084 0.001092 0.323789 0.008793 2.193630
0.568364 0.041448 0.036364 0.020097 0.001104 0.323816 0.008807 2.197725
0.568488 0.041445 0.036316 0.020090 0.001115 0.323726 0.008820 2.201722
0.568494 0.041446 0.036305 0.020130 0.001109 0.323680 0.008835 2.205743
0.568534 0.041264 0.036403 0.020153 0.001112 0.323689 0.008846 2.209893
0.568455 0.041263 0.036384 0.020098 0.001113 0.323829 0.008859 2.213956
0.568484 0.041266 0.036346 0.020050 0.001115 0.323868 0.008871 2.217939
0.568512 0.041250 0.036336 0.020023 0.001113 0.323883 0.008885 2.221929
0.568625 0.041241 0.036226 0.020104 0.001124 0.323783 0.008896 2.225947
0.568676 0.041155 0.036234 0.020084 0.001143 0.323798 0.008910 2.230000
0.568733 0.041098 0.036302 0.020082 0.001137 0.323723 0.008926 2.234105
0.568856 0.041055 0.036253 0.020106 0.001135 0.323653 0.008941 2.238143
0.568980 0.040955 0.036344 0.020106 0.001135 0.323530 0.008951 2.242217
0.569125 0.040902 0.036383 0.020056 0.001152 0.323419 0.008964 2.246215
0.569136 0.040914 0.036374 0.020050 0.001153 0.323392 0.008982 2.250214
0.569351 0.040835 0.036362 0.020046 0.001160 0.323253 0.008994 2.254204
0.569478 0.040748 0.036332 0.020021 0.001154 0.323258 0.009010 2.258222
0.569514 0.040786 0.036307 0.020003 0.001166 0.323201 0.009022 2.262224
0.569602 0.040749 0.036243 0.020048 0.001175 0.323152 0.009031 2.266241
0.569654 0.040778 0.036167 0.020063 0.001159 0.323128 0.009050 2.270183
0.569724 0.040688 0.036154 0.020063 0.001174 0.323134 0.009063 2.274233
0.569882 0.040657 0.036121 0.020043 0.001170 0.323048 0.009080 2.278175
0.570031 0.040628 0.036055 0.020023 0.001169 0.323000 0.009097 2.282094
0.570167 0.040543 0.036051 0.019977 0.001177 0.322978 0.009109 2.286091
0.570135 0.040532 0.036043 0.019958 0.001192 0.323023 0.009118 2.290080
0.570262 0.040451 0.036075 0.019928 0.001189 0.322961 0.009135 2.294114
0.570478 0.040335 0.036107 0.019980 0.001193 0.322757 0.009150 2.298139
0.570680 0.040258 0.036046 0.020006 0.001184 0.322654 0.009171 2.302096
0.570780 0.040193 0.036039 0.019956 0.001191 0.322659 0.009181 2.306032
0.570935 0.040082 0.036027 0.019992 0.001202 0.322567 0.009196 2.310014
0.571166 0.039948 0.035961 0.019956 0.001199 0.322562 0.009208 2.313941
0.571113 0.039999 0.035940 0.019956 0.001194 0.322575 0.009223 2.317879
0.571296 0.039851 0.035862 0.019945 0.001196 0.322606 0.009243 2.321878
0.571437 0.039823 0.035761 0.019873 0.001203 0.322646 0.009257 2.325772
0.571671 0.039763 0.035744 0.019871 0.001212 0.322466 0.009273 2.329668
0.571823 0.039825 0.035685 0.019818 0.001206 0.322360 0.009284 2.333500
0.572044 0.039797 0.035664 0.019750 0.001207 0.322241 0.009297 2.337373
0.572292 0.039735 0.035614 0.019698 0.001203 0.322150 0.009309 2.341243
0.572483 0.039651 0.035533 0.019775 0.001195 0.322037 0.009326 2.345178
0.572637 0.039603 0.035534 0.019743 0.001201 0.321942 0.009340 2.349075
0.572827 0.039573 0.035455 0.019775 0.001198 0.321816 0.009356 2.352957
0.572921 0.039548 0.035467 0.019752 0.001199 0.321739 0.009373 2.356864
0.573059 0.039576 0.035440 0.019732 0.001194 0.321614 0.009385 2.360726
0.573228 0.039535 0.035395 0.019708 0.001189 0.321544 0.009402 2.364584
0.573374 0.039420 0.035387 0.019731 0.001202 0.321468 0.009418 2.368515
0.573592 0.039387 0.035287 0.019687 0.001204 0.321410 0.009434 2.372348
0.573737 0.039358 0.035314 0.019665 0.001208 0.321272 0.009445 2.376209
0.573872 0.039287 0.035312 0.019645 0.001214 0.321209 0.009461 2.380126
0.574147 0.039264 0.035223 0.019585 0.001215 0.321092 0.009474 2.383922
0.574247 0.039348 0.035142 0.019547 0.001214 0.321013 0.009489 2.387755
0.574457 0.039264 0.035161 0.019525 0.001215 0.320870 0.009507 2.391656
0.574561 0.039262 0.035121 0.019522 0.001210 0.320805 0.009519 2.395506
0.574735 0.039190 0.035153 0.019568 0.001218 0.320604 0.009531 2.399434
0.574924 0.039218 0.035076 0.019516 0.001224 0.320497 0.009546 2.403196
0.575114 0.039182 0.035176 0.019497 0.001221 0.320252 0.009559 2.407093
0.575340 0.039232 0.035069 0.019434 0.001216 0.320135 0.009573 2.410888
0.575378 0.039236 0.035089 0.019445 0.001210 0.320055 0.009587 2.414762
0.575602 0.039310 0.035078 0.019415 0.001207 0.319791 0.009598 2.418548
0.575815 0.039145 0.035079 0.019456 0.001194 0.319695 0.009617 2.422473
0.575987 0.039157 0.035032 0.019446 0.001187 0.319555 0.009636 2.426277
0.576066 0.039119 0.035049 0.019475 0.001187 0.319456 0.009648 2.430186
0.576223 0.039050 0.035039 0.019463 0.001178 0.319384 0.009663 2.434075
0.576455 0.039018 0.035029 0.019439 0.001179 0.319205 0.009675 2.437913
0.576681 0.039100 0.034959 0.019373 0.001183 0.319014 0.009690 2.441687
0.576881 0.039068 0.034950 0.019289 0.001182 0.318926 0.009705 2.445493
0.576981 0.039102 0.034885 0.019233 0.001181 0.318897 0.009721 2.449330
0.577186 0.039153 0.034858 0.019206 0.001183 0.318684 0.009730 2.453088
0.577187 0.039130 0.034920 0.019176 0.001177 0.318666 0.009744 2.456996
0.577267 0.039161 0.034827 0.019191 0.001164 0.318632 0.009759 2.460802
0.577482 0.039159 0.034775 0.019171 0.001149 0.318489 0.009773 2.464581
0.577638 0.039207 0.034805 0.019153 0.001144 0.318271 0.009784 2.468407
0.577791 0.039256 0.034767 0.019104 0.001143 0.318142 0.009797 2.472211
0.577858 0.039345 0.034712 0.019088 0.001141 0.318047 0.009809 2.476000
0.577947 0.039362 0.034657 0.019104 0.001136 0.317965 0.009828 2.479841
0.578088 0.039271 0.034702 0.019186 0.001140 0.317774 0.009839 2.483733
0.578227 0.039188 0.034787 0.019162 0.001141 0.317639 0.009856 2.487666
0.578411 0.039152 0.034769 0.019193 0.001146 0.317458 0.009870 2.491509
0.578528 0.039166 0.034671 0.019197 0.001151 0.317403 0.009883 2.495332
0.578716 0.039195 0.034643 0.019209 0.001152 0.317190 0.009894 2.499148
0.578866 0.039133 0.034642 0.019243 0.001138 0.317069 0.009909 2.503027
0.579152 0.039100 0.034642 0.019205 0.001140 0.316838 0.009922 2.506837
0.579297 0.039082 0.034653 0.019205 0.001146 0.316680 0.009937 2.510708
0.579383 0.039071 0.034604 0.019209 0.001146 0.316638 0.009950 2.514520
0.579352 0.039100 0.034619 0.019172 0.001147 0.316647 0.009963 2.518324
0.579530 0.039081 0.034662 0.019134 0.001147 0.316470 0.009976 2.522142
0.579765 0.038949 0.034662 0.019179 0.001138 0.316316 0.009990 2.526072
0.579878 0.039027 0.034564 0.019128 0.001145 0.316258 0.010000 2.529801
0.580059 0.039049 0.034439 0.019088 0.001145 0.316203 0.010017 2.533562
0.580194 0.039015 0.034422 0.019112 0.001141 0.316084 0.010032 2.537354
0.580457 0.038913 0.034442 0.019122 0.001135 0.315885 0.010046 2.541201
0.580580 0.039014 0.034393 0.019061 0.001131 0.315761 0.010060 2.544942
0.580693 0.038966 0.034412 0.019022 0.001136 0.315699 0.010072 2.548753
0.580958 0.038892 0.034378 0.019020 0.001131 0.315531 0.010090 2.552607
0.580993 0.038877 0.034511 0.019042 0.001145 0.315333 0.010098 2.556471
0.581055 0.038937 0.034549 0.018985 0.001141 0.315220 0.010112 2.560289
0.581247 0.038779 0.034598 0.019008 0.001142 0.315106 0.010121 2.564176
0.581416 0.038738 0.034564 0.019023 0.001135 0.314987 0.010136 2.567998
0.581576 0.038825 0.034517 0.018999 0.001123 0.314806 0.010154 2.571748
0.581636 0.038861 0.034494 0.018984 0.001123 0.314733 0.010170 2.575553
0.581803 0.038825 0.034516 0.018993 0.001126 0.314555 0.010182 2.579379
0.581945 0.038805 0.034534 0.019011 0.001120 0.314391 0.010194 2.583198
0.581934 0.038937 0.034445 0.018991 0.001119 0.314366 0.010208 2.586955
0.581995 0.038962 0.034522 0.019003 0.001121 0.314172 0.010225 2.590813
0.582025 0.038858 0.034701 0.019009 0.001112 0.314054 0.010240 2.594785
0.581986 0.038978 0.034606 0.018998 0.001092 0.314083 0.010257 2.598573
0.582158 0.038972 0.034588 0.018944 0.001098 0.313968 0.010272 2.602366
0.582192 0.039025 0.034656 0.018965 0.001118 0.313759 0.010285 2.606211
0.582233 0.039061 0.034678 0.018886 0.001114 0.313727 0.010300 2.610034
0.582313 0.039068 0.034660 0.018912 0.001114 0.313622 0.010313 2.613856
0.582440 0.039039 0.034626 0.018938 0.001121 0.313510 0.010327 2.617693
0.582547 0.039062 0.034577 0.018884 0.001122 0.313470 0.010339 2.621485
0.582633 0.038988 0.034585 0.018901 0.001120 0.313420 0.010354 2.625386
0.582734 0.038973 0.034593 0.018864 0.001108 0.313361 0.010369 2.629209
0.582778 0.038993 0.034662 0.018868 0.001099 0.313217 0.010383 2.633054
0.582848 0.039061 0.034577 0.018887 0.001085 0.313144 0.010398 2.636814
0.583002 0.039007 0.034554 0.018895 0.001084 0.313048 0.010411 2.640629
0.583066 0.039017 0.034490 0.018926 0.001088 0.312990 0.010424 2.644450
0.583106 0.038984 0.034513 0.018922 0.001089 0.312945 0.010441 2.648318
0.583156 0.038960 0.034513 0.018922 0.001093 0.312903 0.010453 2.652207
0.583201 0.039065 0.034398 0.018984 0.001091 0.312790 0.010471 2.655980
0.583399 0.039128 0.034352 0.018961 0.001095 0.312584 0.010483 2.659762
0.583456 0.039115 0.034366 0.018966 0.001091 0.312506 0.010499 2.663597
0.583425 0.039166 0.034307 0.018989 0.001091 0.312504 0.010518 2.667471
0.583526 0.039180 0.034250 0.018981 0.001094 0.312438 0.010532 2.671315
0.583682 0.039114 0.034296 0.019031 0.001084 0.312247 0.010545 2.675191
0.583835 0.039058 0.034251 0.019107 0.001089 0.312106 0.010555 2.679030
0.583926 0.039161 0.034226 0.019100 0.001089 0.311935 0.010565 2.682758
0.584104 0.039111 0.034257 0.019091 0.001086 0.311772 0.010579 2.686585
0.584202 0.039008 0.034360 0.019087 0.001087 0.311664 0.010592 2.690463
0.584203 0.039027 0.034292 0.019110 0.001088 0.311676 0.010604 2.694297
0.584203 0.039109 0.034283 0.019103 0.001093 0.311592 0.010617 2.698084
0.584288 0.039081 0.034265 0.019097 0.001090 0.311548 0.010631 2.701917
0.584361 0.039081 0.034260 0.019031 0.001084 0.311536 0.010647 2.705707
0.584302 0.039168 0.034300 0.019021 0.001088 0.311462 0.010659 2.709522
0.584384 0.039216 0.034309 0.018997 0.001092 0.311332 0.010671 2.713356
0.584522 0.039121 0.034354 0.019015 0.001089 0.311214 0.010684 2.717214
0.584550 0.039196 0.034375 0.018979 0.001085 0.311119 0.010695 2.721023
0.584546 0.039303 0.034336 0.018968 0.001092 0.311046 0.010708 2.724806
0.584386 0.039371 0.034356 0.019001 0.001104 0.311063 0.010720 2.728653
0.584405 0.039364 0.034480 0.019025 0.001109 0.310888 0.010731 2.732529
0.584469 0.039321 0.034573 0.019079 0.001100 0.310717 0.010742 2.736454
0.584468 0.039314 0.034598 0.019127 0.001103 0.310634 0.010756 2.740346
0.584477 0.039352 0.034636 0.019092 0.001092 0.310580 0.010771 2.744229
0.584411 0.039563 0.034556 0.019090 0.001096 0.310500 0.010783 2.747997
0.584381 0.039603 0.034532 0.019114 0.001096 0.310473 0.010801 2.751851
0.584327 0.039589 0.034585 0.019171 0.001089 0.310428 0.010813 2.755778
0.584204 0.039559 0.034609 0.019214 0.001085 0.310505 0.010825 2.759710
0.584207 0.039477 0.034592 0.019259 0.001085 0.310542 0.010837 2.763624
0.584294 0.039414 0.034628 0.019301 0.001083 0.310432 0.010849 2.767562
0.584235 0.039443 0.034655 0.019325 0.001095 0.310391 0.010857 2.771434
0.584348 0.039356 0.034656 0.019306 0.001087 0.310374 0.010875 2.775338
0.584391 0.039306 0.034661 0.019329 0.001091 0.310335 0.010888 2.779235
0.584358 0.039404 0.034584 0.019280 0.001100 0.310371 0.010902 2.783035
0.584498 0.039360 0.034607 0.019220 0.001103 0.310294 0.010919 2.786875
0.584507 0.039360 0.034625 0.019167 0.001095 0.310319 0.010928 2.790740
0.584512 0.039318 0.034668 0.019179 0.001107 0.310281 0.010934 2.794616
0.584460 0.039368 0.034771 0.019138 0.001108 0.310207 0.010947 2.798493
0.584483 0.039354 0.034763 0.019151 0.001109 0.310176 0.010963 2.802347
0.584587 0.039234 0.034775 0.019134 0.001111 0.310177 0.010981 2.806208
0.584698 0.039244 0.034788 0.019160 0.001113 0.310003 0.010995 2.810018
0.584752 0.039313 0.034702 0.019157 0.001115 0.309955 0.011007 2.813834
0.584805 0.039347 0.034645 0.019141 0.001112 0.309931 0.011020 2.817672
0.584756 0.039412 0.034598 0.019189 0.001114 0.309895 0.011036 2.821518
0.584854 0.039381 0.034605 0.019190 0.001126 0.309795 0.011049 2.825366
0.584856 0.039423 0.034641 0.019176 0.001126 0.309713 0.011064 2.829191
0.584785 0.039330 0.034684 0.019224 0.001138 0.309762 0.011077 2.833123
0.584815 0.039241 0.034714 0.019302 0.001154 0.309685 0.011088 2.837037
0.584748 0.039263 0.034743 0.019290 0.001161 0.309694 0.011101 2.840914
0.584754 0.039272 0.034698 0.019345 0.001165 0.309652 0.011115 2.844746
0.584728 0.039372 0.034665 0.019290 0.001157 0.309656 0.011132 2.848565
0.584759 0.039420 0.034610 0.019249 0.001161 0.309660 0.011141 2.852378
0.584770 0.039374 0.034623 0.019258 0.001170 0.309654 0.011151 2.856240
0.584765 0.039442 0.034619 0.019187 0.001160 0.309668 0.011161 2.860021
0.584699 0.039504 0.034656 0.019169 0.001159 0.309639 0.011174 2.863856
0.584661 0.039463 0.034732 0.019178 0.001167 0.309611 0.011187 2.867796
0.584606 0.039458 0.034764 0.019182 0.001174 0.309615 0.011201 2.871657
0.584498 0.039655 0.034753 0.019156 0.001173 0.309552 0.011213 2.875437
0.584476 0.039576 0.034799 0.019220 0.001175 0.309527 0.011227 2.879342
0.584560 0.039517 0.034865 0.019204 0.001171 0.309437 0.011246 2.883228
0.584567 0.039639 0.034771 0.019158 0.001169 0.309435 0.011260 2.886989
0.584488 0.039666 0.034822 0.019159 0.001163 0.309428 0.011275 2.890869
0.584488 0.039680 0.034769 0.019182 0.001168 0.309424 0.011290 2.894726
0.584436 0.039676 0.034768 0.019260 0.001168 0.309387 0.011305 2.898659
0.584415 0.039727 0.034755 0.019288 0.001166 0.309329 0.011320 2.902502
0.584444 0.039600 0.034895 0.019304 0.001165 0.309259 0.011334 2.906463
0.584356 0.039675 0.034932 0.019369 0.001156 0.309166 0.011348 2.910375
0.584348 0.039632 0.034922 0.019424 0.001154 0.309156 0.011366 2.914300
0.584376 0.039580 0.034898 0.019420 0.001162 0.309186 0.011378 2.918177
0.584320 0.039627 0.034850 0.019427 0.001168 0.309222 0.011385 2.922038
0.584270 0.039637 0.034860 0.019428 0.001173 0.309231 0.011401 2.925909
0.584270 0.039591 0.034874 0.019469 0.001177 0.309206 0.011412 2.929826
0.584260 0.039528 0.034898 0.019509 0.001173 0.309203 0.011429 2.933770
0.584191 0.039409 0.034900 0.019544 0.001186 0.309331 0.011439 2.937710
0.584237 0.039393 0.034922 0.019497 0.001184 0.309312 0.011453 2.941576
0.584288 0.039344 0.034985 0.019454 0.001182 0.309278 0.011469 2.945460
0.584222 0.039405 0.034982 0.019461 0.001187 0.309263 0.011482 2.949340
0.584177 0.039574 0.034971 0.019412 0.001185 0.309187 0.011493 2.953119
0.584259 0.039561 0.034915 0.019420 0.001190 0.309149 0.011505 2.956915
0.584067 0.039691 0.034911 0.019422 0.001188 0.309203 0.011520 2.960774
0.584153 0.039581 0.034891 0.019496 0.001177 0.309169 0.011534 2.964715
0.584153 0.039505 0.034915 0.019461 0.001185 0.309238 0.011545 2.968641
0.584144 0.039538 0.034933 0.019463 0.001170 0.309193 0.011559 2.972505
0.584254 0.039413 0.034985 0.019471 0.001162 0.309141 0.011574 2.976439
0.584248 0.039382 0.034995 0.019481 0.001162 0.309145 0.011587 2.980328
0.584217 0.039383 0.035018 0.019452 0.001169 0.309158 0.011604 2.984240
0.584232 0.039406 0.035050 0.019390 0.001157 0.309149 0.011617 2.988100
0.584269 0.039397 0.034959 0.019447 0.001146 0.309150 0.011633 2.991952
0.584324 0.039377 0.034949 0.019457 0.001142 0.309105 0.011646 2.995824
0.584433 0.039378 0.034938 0.019482 0.001137 0.308969 0.011664 2.999634
0.584366 0.039383 0.035000 0.019461 0.001140 0.308972 0.011679 3.003537
0.584295 0.039356 0.035036 0.019437 0.001139 0.309049 0.011688 3.007462
0.584365 0.039278 0.035014 0.019367 0.001142 0.309133 0.011701 3.011328
0.584329 0.039235 0.035039 0.019354 0.001143 0.309190 0.011712 3.015246
0.584326 0.039251 0.035077 0.019237 0.001149 0.309235 0.011723 3.019098
0.584250 0.039265 0.035044 0.019255 0.001154 0.309297 0.011735 3.022969
0.584238 0.039241 0.035004 0.019256 0.001150 0.309353 0.011758 3.026849
0.584280 0.039188 0.034966 0.019313 0.001143 0.309342 0.011770 3.030712
0.584434 0.039097 0.034955 0.019323 0.001141 0.309268 0.011784 3.034535
0.584376 0.039132 0.034906 0.019322 0.001138 0.309331 0.011796 3.038381
0.584413 0.039159 0.034911 0.019311 0.001124 0.309272 0.011810 3.042211
0.584408 0.039091 0.034929 0.019285 0.001123 0.309345 0.011820 3.046091
0.584381 0.039160 0.034948 0.019238 0.001125 0.309316 0.011832 3.049899
0.584347 0.039239 0.034894 0.019284 0.001116 0.309270 0.011851 3.053702
0.584351 0.039230 0.034910 0.019250 0.001113 0.309282 0.011865 3.057572
0.584364 0.039260 0.034972 0.019257 0.001110 0.309163 0.011876 3.061422
0.584346 0.039266 0.034897 0.019239 0.001119 0.309245 0.011889 3.065235
0.584361 0.039271 0.034897 0.019245 0.001118 0.309208 0.011900 3.069060
0.584446 0.039289 0.034814 0.019176 0.001121 0.309244 0.011910 3.072854
0.584404 0.039335 0.034824 0.019136 0.001115 0.309262 0.011924 3.076672
0.584410 0.039357 0.034748 0.019116 0.001105 0.309330 0.011935 3.080465
0.584465 0.039394 0.034721 0.019067 0.001095 0.309304 0.011954 3.084264
0.584443 0.039502 0.034695 0.019015 0.001108 0.309276 0.011961 3.088049
0.584458 0.039505 0.034670 0.019069 0.001101 0.309222 0.011975 3.091864
0.584409 0.039560 0.034674 0.019055 0.001107 0.309202 0.011993 3.095702
0.584389 0.039569 0.034714 0.019069 0.001108 0.309145 0.012007 3.099549
0.584414 0.039549 0.034701 0.019022 0.001104 0.309188 0.012022 3.103390
0.584380 0.039524 0.034690 0.019033 0.001109 0.309229 0.012034 3.107265
0.584309 0.039550 0.034665 0.019042 0.001107 0.309281 0.012046 3.111138
0.584316 0.039444 0.034669 0.019070 0.001103 0.309339 0.012060 3.115049
0.584271 0.039542 0.034709 0.019083 0.001104 0.309220 0.012071 3.118901
0.584292 0.039474 0.034699 0.019167 0.001097 0.309186 0.012085 3.122827
0.584250 0.039484 0.034714 0.019185 0.001104 0.309163 0.012099 3.126719
0.584228 0.039486 0.034671 0.019181 0.001101 0.309219 0.012116 3.130569
0.584280 0.039482 0.034645 0.019218 0.001099 0.309152 0.012124 3.134368
0.584313 0.039406 0.034688 0.019235 0.001101 0.309119 0.012139 3.138273
0.584255 0.039404 0.034604 0.019268 0.001104 0.309214 0.012152 3.142119
0.584219 0.039357 0.034599 0.019293 0.001107 0.309263 0.012162 3.145999
0.584278 0.039286 0.034729 0.019267 0.001113 0.309155 0.012173 3.149919
0.584273 0.039323 0.034744 0.019242 0.001106 0.309122 0.012189 3.153734
0.584276 0.039270 0.034779 0.019238 0.001105 0.309127 0.012204 3.157605
0.584221 0.039248 0.034766 0.019139 0.001117 0.309296 0.012213 3.161428
0.584243 0.039180 0.034736 0.019151 0.001107 0.309354 0.012229 3.165296
0.584378 0.039163 0.034738 0.019071 0.001111 0.309299 0.012240 3.169118
0.584487 0.039108 0.034724 0.019064 0.001100 0.309265 0.012252 3.172948
0.584416 0.039115 0.034763 0.019140 0.001091 0.309208 0.012267 3.176828
0.584415 0.039007 0.034849 0.019188 0.001095 0.309168 0.012278 3.180708
0.584387 0.039015 0.034881 0.019130 0.001093 0.309205 0.012290 3.184534
0.584185 0.039144 0.034842 0.019137 0.001085 0.309303 0.012304 3.188318
0.584224 0.039158 0.034831 0.019150 0.001074 0.309241 0.012322 3.192171
0.584190 0.039232 0.034784 0.019157 0.001077 0.309228 0.012334 3.195959
0.584205 0.039173 0.034741 0.019180 0.001085 0.309266 0.012351 3.199794
0.584321 0.039023 0.034818 0.019190 0.001084 0.309203 0.012360 3.203717
0.584383 0.038978 0.034865 0.019135 0.001099 0.309168 0.012373 3.207574
0.584429 0.038959 0.034900 0.019091 0.001102 0.309137 0.012384 3.211477
0.584415 0.039018 0.034864 0.019058 0.001108 0.309138 0.012399 3.215306
0.584372 0.039079 0.034847 0.019022 0.001107 0.309164 0.012410 3.219124
0.584288 0.039075 0.034863 0.019006 0.001109 0.309236 0.012423 3.222945
0.584106 0.039135 0.034899 0.019046 0.001098 0.309276 0.012442 3.226809
0.584026 0.039172 0.034865 0.019080 0.001100 0.309300 0.012457 3.230639
0.584074 0.039067 0.034922 0.019080 0.001105 0.309284 0.012469 3.234550
0.584098 0.039136 0.034966 0.019058 0.001111 0.309154 0.012476 3.238347
0.584080 0.039131 0.034973 0.019075 0.001115 0.309134 0.012492 3.242220
0.584039 0.039208 0.034910 0.019066 0.001124 0.309151 0.012504 3.246029
0.583980 0.039229 0.034827 0.019093 0.001120 0.309234 0.012518 3.249863
0.583975 0.039184 0.034835 0.019129 0.001115 0.309231 0.012530 3.253762
0.584056 0.039107 0.034820 0.019168 0.001110 0.309193 0.012547 3.257649
0.584167 0.039029 0.034826 0.019162 0.001102 0.309150 0.012563 3.261505
0.584224 0.039123 0.034798 0.019044 0.001110 0.309126 0.012575 3.265219
0.584301 0.039102 0.034719 0.019059 0.001111 0.309118 0.012591 3.269067
0.584300 0.039001 0.034699 0.019151 0.001112 0.309131 0.012606 3.272983
0.584281 0.039014 0.034725 0.019123 0.001116 0.309126 0.012616 3.276839
0.584323 0.038941 0.034809 0.019153 0.001113 0.309034 0.012627 3.280750
0.584330 0.039023 0.034758 0.019166 0.001113 0.308967 0.012641 3.284562
0.584392 0.039010 0.034660 0.019214 0.001109 0.308959 0.012655 3.288390
0.584396 0.039073 0.034659 0.019189 0.001114 0.308908 0.012663 3.292211
0.584386 0.039159 0.034669 0.019106 0.001112 0.308897 0.012671 3.295981
0.584274 0.039169 0.034713 0.019135 0.001110 0.308914 0.012684 3.299883
0.584255 0.039117 0.034780 0.019145 0.001103 0.308898 0.012701 3.303773
0.584218 0.039136 0.034754 0.019168 0.001109 0.308903 0.012713 3.307590
0.584257 0.039012 0.034795 0.019165 0.001103 0.308945 0.012724 3.311485
0.584324 0.038930 0.034871 0.019155 0.001106 0.308876 0.012738 3.315368
0.584329 0.038970 0.034810 0.019148 0.001112 0.308876 0.012755 3.319164
0.584218 0.039014 0.034774 0.019107 0.001117 0.309000 0.012769 3.323019
0.584172 0.039087 0.034733 0.019113 0.001105 0.309005 0.012785 3.326855
0.584158 0.039121 0.034751 0.019122 0.001109 0.308942 0.012798 3.330696
0.584135 0.039078 0.034756 0.019132 0.001112 0.308979 0.012809 3.334572
0.584116 0.039100 0.034757 0.019076 0.001103 0.309028 0.012820 3.338391
0.584175 0.039147 0.034684 0.019038 0.001096 0.309027 0.012834 3.342167
0.584228 0.039204 0.034681 0.019002 0.001087 0.308950 0.012849 3.346012
0.584236 0.039336 0.034625 0.018957 0.001092 0.308897 0.012858 3.349741
0.584259 0.039372 0.034642 0.018936 0.001100 0.308823 0.012867 3.353548
0.584145 0.039508 0.034679 0.018925 0.001092 0.308774 0.012879 3.357358
0.584215 0.039386 0.034767 0.018950 0.001089 0.308704 0.012889 3.361285
0.584125 0.039419 0.034834 0.018961 0.001091 0.308669 0.012902 3.365179
0.584132 0.039377 0.034823 0.018947 0.001092 0.308718 0.012911 3.369076
0.584189 0.039271 0.034802 0.018986 0.001089 0.308737 0.012926 3.372992
0.584125 0.039183 0.034902 0.018996 0.001096 0.308761 0.012938 3.376904
0.584176 0.039160 0.034957 0.019011 0.001091 0.308656 0.012950 3.380795
0.584240 0.039143 0.034946 0.019020 0.001102 0.308589 0.012959 3.384616
0.584240 0.039185 0.034918 0.019056 0.001107 0.308524 0.012970 3.388425
0.584273 0.039073 0.034999 0.019036 0.001104 0.308533 0.012982 3.392337
0.584327 0.039031 0.034906 0.019060 0.001105 0.308577 0.012994 3.396185
0.584324 0.039062 0.034835 0.019092 0.001106 0.308579 0.013002 3.400011
0.584383 0.039114 0.034833 0.019033 0.001099 0.308522 0.013017 3.403795
0.584379 0.039123 0.034864 0.019006 0.001098 0.308495 0.013035 3.407660
0.584466 0.039082 0.034927 0.018966 0.001087 0.308422 0.013050 3.411465
0.584533 0.039074 0.034902 0.018997 0.001083 0.308349 0.013062 3.415322
0.584510 0.039217 0.034880 0.018950 0.001090 0.308282 0.013072 3.419106
0.584518 0.039214 0.034910 0.018946 0.001091 0.308235 0.013086 3.422996
0.584590 0.039188 0.034896 0.018990 0.001093 0.308145 0.013098 3.426839
0.584554 0.039160 0.034960 0.019009 0.001087 0.308115 0.013115 3.430718
0.584504 0.039224 0.034904 0.018999 0.001085 0.308153 0.013131 3.434513
0.584541 0.039210 0.034899 0.018982 0.001079 0.308139 0.013151 3.438361
0.584452 0.039245 0.034847 0.019050 0.001083 0.308160 0.013163 3.442235
0.584394 0.039292 0.034779 0.019069 0.001079 0.308214 0.013175 3.446060
0.584369 0.039384 0.034837 0.019052 0.001075 0.308098 0.013186 3.449880
0.584298 0.039453 0.034841 0.019047 0.001085 0.308077 0.013200 3.453676
0.584359 0.039404 0.034881 0.019062 0.001077 0.308001 0.013216 3.457570
0.584330 0.039484 0.034855 0.019015 0.001085 0.308007 0.013224 3.461340
0.584387 0.039414 0.034808 0.019054 0.001087 0.308013 0.013238 3.465177
0.584478 0.039396 0.034810 0.019082 0.001095 0.307885 0.013253 3.469053
0.584501 0.039399 0.034818 0.019063 0.001091 0.307861 0.013268 3.472910
0.584450 0.039314 0.034815 0.019092 0.001099 0.307952 0.013278 3.476826
0.584606 0.039227 0.034882 0.019060 0.001095 0.307839 0.013292 3.480695
0.584541 0.039160 0.034900 0.019067 0.001091 0.307933 0.013308 3.484594
0.584593 0.039094 0.034891 0.019083 0.001087 0.307927 0.013325 3.488456
0.584616 0.039132 0.034768 0.019037 0.001097 0.308015 0.013335 3.492181
0.584686 0.039107 0.034820 0.018977 0.001094 0.307962 0.013353 3.496024
0.584681 0.039102 0.034793 0.018961 0.001094 0.308003 0.013367 3.499831
0.584690 0.039094 0.034790 0.019011 0.001079 0.307956 0.013380 3.503715
0.584632 0.039086 0.034800 0.019071 0.001083 0.307937 0.013393 3.507624
0.584597 0.039066 0.034746 0.019147 0.001078 0.307958 0.013409 3.511521
0.584623 0.039105 0.034763 0.019103 0.001074 0.307910 0.013422 3.515367
0.584588 0.039170 0.034689 0.019097 0.001070 0.307953 0.013432 3.519167
0.584583 0.039229 0.034712 0.019133 0.001078 0.307823 0.013443 3.522999
0.584588 0.039273 0.034644 0.019141 0.001078 0.307821 0.013455 3.526787
0.584634 0.039254 0.034665 0.019167 0.001070 0.307740 0.013469 3.530621
0.584552 0.039202 0.034661 0.019259 0.001070 0.307776 0.013480 3.534533
0.584583 0.039165 0.034704 0.019259 0.001066 0.307729 0.013494 3.538409
0.584617 0.039174 0.034662 0.019184 0.001073 0.307784 0.013507 3.542210
0.584654 0.039165 0.034578 0.019163 0.001073 0.307845 0.013522 3.546049
0.584592 0.039208 0.034595 0.019180 0.001067 0.307825 0.013533 3.549888
0.584547 0.039285 0.034557 0.019128 0.001070 0.307864 0.013548 3.553713
0.584555 0.039310 0.034530 0.019166 0.001076 0.307804 0.013558 3.557570
0.584654 0.039220 0.034559 0.019183 0.001072 0.307742 0.013571 3.561446
0.584586 0.039335 0.034553 0.019120 0.001068 0.307754 0.013583 3.565252
0.584647 0.039300 0.034550 0.019149 0.001065 0.307695 0.013594 3.569090
0.584734 0.039283 0.034560 0.019175 0.001076 0.307568 0.013605 3.572981
0.584613 0.039262 0.034494 0.019202 0.001080 0.307729 0.013620 3.576829
0.584717 0.039181 0.034571 0.019186 0.001074 0.307636 0.013636 3.580682
0.584709 0.039184 0.034604 0.019119 0.001070 0.307662 0.013652 3.584553
0.584655 0.039225 0.034534 0.019143 0.001075 0.307706 0.013662 3.588349
0.584720 0.039212 0.034513 0.019127 0.001077 0.307677 0.013674 3.592151
0.584747 0.039125 0.034509 0.019128 0.001079 0.307727 0.013685 3.596076
0.584713 0.039206 0.034541 0.019119 0.001085 0.307640 0.013695 3.599875
0.584766 0.039202 0.034558 0.019084 0.001084 0.307597 0.013709 3.603700
0.584786 0.039223 0.034493 0.019145 0.001086 0.307544 0.013722 3.607515
0.584775 0.039240 0.034465 0.019188 0.001086 0.307511 0.013735 3.611378
0.584837 0.039234 0.034455 0.019146 0.001092 0.307486 0.013749 3.615190
0.584881 0.039192 0.034466 0.019158 0.001079 0.307459 0.013764 3.619070
0.584841 0.039238 0.034410 0.019169 0.001084 0.307480 0.013778 3.622871
0.584799 0.039235 0.034400 0.019220 0.001087 0.307466 0.013794 3.626741
0.584815 0.039237 0.034384 0.019187 0.001092 0.307478 0.013807 3.630568
0.584845 0.039109 0.034526 0.019187 0.001089 0.307421 0.013823 3.634527
0.584746 0.039240 0.034517 0.019166 0.001097 0.307400 0.013833 3.638340
0.584676 0.039215 0.034647 0.019100 0.001097 0.307421 0.013845 3.642209
0.584526 0.039210 0.034618 0.019098 0.001090 0.307597 0.013861 3.646067
0.584462 0.039202 0.034614 0.019098 0.001088 0.307666 0.013871 3.649934
0.584566 0.039174 0.034605 0.019107 0.001092 0.307576 0.013881 3.653742
0.584566 0.039093 0.034640 0.019135 0.001096 0.307579 0.013890 3.657651
0.584579 0.039013 0.034634 0.019149 0.001101 0.307621 0.013902 3.661512
0.584559 0.039077 0.034540 0.019134 0.001116 0.307660 0.013913 3.665329
0.584635 0.039020 0.034557 0.019110 0.001112 0.307643 0.013924 3.669146
0.584648 0.039049 0.034578 0.019085 0.001123 0.307585 0.013932 3.672995
0.584665 0.038943 0.034637 0.019107 0.001126 0.307576 0.013946 3.676930
0.584761 0.038887 0.034635 0.019088 0.001133 0.307537 0.013960 3.680758
0.584787 0.038885 0.034662 0.019067 0.001129 0.307497 0.013973 3.684538
0.584824 0.038881 0.034653 0.019023 0.001131 0.307502 0.013987 3.688343
0.584940 0.038869 0.034669 0.018988 0.001133 0.307403 0.013999 3.692141
0.585139 0.038831 0.034552 0.018991 0.001145 0.307333 0.014008 3.695912
0.585127 0.038802 0.034582 0.018937 0.001145 0.307385 0.014022 3.699754
0.585138 0.038858 0.034496 0.018868 0.001146 0.307457 0.014036 3.703527
0.585186 0.038846 0.034488 0.018882 0.001144 0.307404 0.014051 3.707308
