0.327617 0.064338 0.057262 0.033031 0.002166 0.509399 0.006187 1.663478
0.328905 0.063211 0.057200 0.032896 0.002158 0.509412 0.006217 1.669699
0.330692 0.061682 0.057011 0.032759 0.002139 0.509469 0.006248 1.675801
0.332771 0.059996 0.056788 0.032568 0.002130 0.509470 0.006277 1.681804
0.335032 0.058369 0.056551 0.032270 0.002119 0.509346 0.006313 1.687591
0.337438 0.056715 0.056252 0.031902 0.002123 0.509230 0.006340 1.693267
0.340008 0.055055 0.055751 0.031642 0.002113 0.509065 0.006367 1.698704
0.342520 0.053473 0.055301 0.031223 0.002124 0.508961 0.006398 1.704095
0.345304 0.051975 0.054762 0.030848 0.002106 0.508575 0.006430 1.709210
0.348076 0.050580 0.054037 0.030369 0.002121 0.508354 0.006464 1.714180
0.350953 0.049250 0.053384 0.029917 0.002118 0.507886 0.006493 1.719041
0.353749 0.048027 0.052689 0.029428 0.002130 0.507464 0.006512 1.723760
0.356778 0.046832 0.051939 0.028919 0.002108 0.506883 0.006541 1.728316
0.359685 0.045750 0.051134 0.028423 0.002113 0.506325 0.006570 1.732826
0.362694 0.044674 0.050332 0.027954 0.002105 0.505651 0.006590 1.737218
0.365665 0.043688 0.049560 0.027448 0.002106 0.504917 0.006616 1.741494
0.368636 0.042681 0.048798 0.027042 0.002092 0.504108 0.006642 1.745810
0.371630 0.041817 0.048034 0.026598 0.002088 0.503170 0.006663 1.749940
0.374649 0.040961 0.047288 0.026130 0.002080 0.502196 0.006695 1.754034
0.377672 0.040245 0.046543 0.025733 0.002045 0.501025 0.006738 1.757979
0.380857 0.039491 0.045847 0.025288 0.002036 0.499714 0.006768 1.761849
0.383802 0.038859 0.045020 0.024847 0.002010 0.498663 0.006799 1.765685
0.386867 0.038129 0.044368 0.024424 0.002000 0.497387 0.006825 1.769546
0.389868 0.037536 0.043649 0.024007 0.001995 0.496094 0.006851 1.773268
0.392989 0.036946 0.042826 0.023583 0.001973 0.494808 0.006875 1.776936
0.396043 0.036522 0.042064 0.023125 0.001935 0.493406 0.006905 1.780461
0.399123 0.036133 0.041364 0.022735 0.001926 0.491789 0.006931 1.784019
0.402212 0.035661 0.040696 0.022371 0.001909 0.490202 0.006949 1.787572
0.405280 0.035194 0.040051 0.022041 0.001895 0.488566 0.006972 1.791045
0.408376 0.034764 0.039426 0.021701 0.001879 0.486855 0.007000 1.794496
0.411446 0.034406 0.038803 0.021412 0.001862 0.485042 0.007029 1.797907
0.414494 0.034108 0.038198 0.021099 0.001839 0.483209 0.007052 1.801249
0.417366 0.033908 0.037589 0.020812 0.001816 0.481432 0.007077 1.804564
0.420304 0.033654 0.037060 0.020509 0.001784 0.479587 0.007102 1.807891
0.423237 0.033450 0.036567 0.020194 0.001755 0.477669 0.007128 1.811151
0.426156 0.033224 0.036023 0.019929 0.001738 0.475782 0.007149 1.814414
0.429075 0.032986 0.035585 0.019712 0.001709 0.473763 0.007170 1.817722
0.431949 0.032835 0.035035 0.019519 0.001689 0.471774 0.007200 1.820935
0.434869 0.032588 0.034686 0.019257 0.001663 0.469716 0.007222 1.824178
0.437691 0.032460 0.034166 0.019004 0.001655 0.467780 0.007244 1.827343
0.440629 0.032334 0.033884 0.018792 0.001631 0.465469 0.007262 1.830514
0.443461 0.032269 0.033470 0.018577 0.001602 0.463334 0.007287 1.833679
0.446162 0.032298 0.033093 0.018327 0.001585 0.461232 0.007305 1.836774
0.448890 0.032255 0.032765 0.018066 0.001573 0.459126 0.007325 1.839942
0.451470 0.032206 0.032466 0.017841 0.001551 0.457121 0.007344 1.843096
0.454031 0.032168 0.032193 0.017668 0.001536 0.455039 0.007366 1.846247
0.456524 0.032114 0.031958 0.017532 0.001504 0.452979 0.007389 1.849434
0.458997 0.032111 0.031795 0.017385 0.001496 0.450808 0.007408 1.852582
0.461451 0.032247 0.031538 0.017255 0.001479 0.448603 0.007426 1.855673
0.463818 0.032275 0.031361 0.017150 0.001470 0.446483 0.007443 1.858855
0.466074 0.032494 0.031142 0.017044 0.001457 0.444327 0.007461 1.861956
0.468289 0.032578 0.030893 0.017007 0.001434 0.442321 0.007477 1.865143
0.470566 0.032628 0.030770 0.016890 0.001416 0.440231 0.007499 1.868374
0.472794 0.032717 0.030595 0.016850 0.001393 0.438128 0.007523 1.871548
0.474927 0.032829 0.030463 0.016793 0.001386 0.436062 0.007540 1.874726
0.477077 0.032823 0.030374 0.016800 0.001383 0.433988 0.007555 1.878000
0.479197 0.033014 0.030224 0.016714 0.001369 0.431909 0.007574 1.881146
0.481229 0.033228 0.030122 0.016693 0.001354 0.429782 0.007592 1.884359
0.483182 0.033414 0.030065 0.016646 0.001344 0.427738 0.007611 1.887572
0.485180 0.033476 0.030039 0.016641 0.001334 0.425701 0.007628 1.890878
0.487002 0.033621 0.029980 0.016628 0.001316 0.423810 0.007644 1.894144
0.488868 0.033780 0.029960 0.016579 0.001308 0.421844 0.007662 1.897433
0.490692 0.033863 0.029993 0.016523 0.001294 0.419952 0.007683 1.900780
0.492451 0.034059 0.029980 0.016488 0.001284 0.418036 0.007702 1.904078
0.494124 0.034281 0.029921 0.016438 0.001281 0.416237 0.007719 1.907336
0.495729 0.034469 0.029971 0.016492 0.001278 0.414322 0.007740 1.910752
0.497282 0.034631 0.030039 0.016511 0.001275 0.412509 0.007752 1.914128
0.498787 0.034813 0.030120 0.016495 0.001256 0.410761 0.007768 1.917490
0.500263 0.035148 0.030228 0.016441 0.001242 0.408894 0.007784 1.920866
0.501862 0.035341 0.030267 0.016432 0.001243 0.407056 0.007799 1.924250
0.503212 0.035563 0.030433 0.016493 0.001238 0.405246 0.007815 1.927740
0.504504 0.035829 0.030415 0.016570 0.001236 0.403613 0.007833 1.931218
0.505846 0.036070 0.030484 0.016659 0.001227 0.401867 0.007848 1.934715
0.507211 0.036169 0.030608 0.016731 0.001217 0.400200 0.007864 1.938271
0.508451 0.036397 0.030651 0.016783 0.001202 0.398636 0.007880 1.941798
0.509599 0.036683 0.030765 0.016857 0.001203 0.397004 0.007890 1.945319
0.510740 0.036905 0.030846 0.016906 0.001214 0.395486 0.007904 1.948901
0.511833 0.037060 0.030962 0.017031 0.001211 0.393986 0.007918 1.952601
0.512764 0.037403 0.031021 0.017097 0.001211 0.392571 0.007932 1.956173
0.513863 0.037623 0.031070 0.017143 0.001207 0.391148 0.007947 1.959752
0.514920 0.037845 0.031189 0.017249 0.001213 0.389618 0.007965 1.963432
0.515975 0.038016 0.031316 0.017356 0.001203 0.388155 0.007980 1.967134
0.516945 0.038190 0.031532 0.017423 0.001200 0.386715 0.007995 1.970890
0.517753 0.038414 0.031727 0.017497 0.001195 0.385406 0.008009 1.974660
0.518556 0.038668 0.031879 0.017581 0.001182 0.384106 0.008029 1.978386
0.519368 0.038981 0.031983 0.017660 0.001184 0.382783 0.008042 1.982157
0.520033 0.039191 0.032189 0.017800 0.001171 0.381556 0.008061 1.986005
0.520732 0.039434 0.032410 0.017853 0.001171 0.380326 0.008075 1.989869
0.521386 0.039533 0.032656 0.018017 0.001170 0.379151 0.008089 1.993816
0.522075 0.039681 0.032862 0.018124 0.001173 0.377983 0.008102 1.997762
0.522606 0.039991 0.033033 0.018192 0.001173 0.376882 0.008123 2.001648
0.523210 0.040182 0.033193 0.018259 0.001168 0.375852 0.008137 2.005594
0.523845 0.040327 0.033355 0.018380 0.001157 0.374783 0.008154 2.009505
0.524401 0.040439 0.033509 0.018477 0.001152 0.373855 0.008168 2.013478
0.524913 0.040692 0.033645 0.018597 0.001153 0.372824 0.008176 2.017441
0.525316 0.040896 0.033843 0.018687 0.001143 0.371921 0.008194 2.021408
0.525767 0.041100 0.034004 0.018786 0.001141 0.370995 0.008208 2.025412
0.526163 0.041311 0.034234 0.018878 0.001146 0.370049 0.008221 2.029452
0.526492 0.041475 0.034349 0.019003 0.001152 0.369289 0.008239 2.033520
0.526892 0.041623 0.034545 0.019092 0.001148 0.368446 0.008254 2.037631
0.527310 0.041641 0.034731 0.019155 0.001149 0.367747 0.008267 2.041793
0.527683 0.041809 0.034972 0.019212 0.001145 0.366895 0.008283 2.045899
0.528104 0.041995 0.035139 0.019287 0.001146 0.366030 0.008299 2.050015
0.528477 0.042015 0.035356 0.019360 0.001137 0.365342 0.008314 2.054189
0.528862 0.041998 0.035559 0.019514 0.001140 0.364602 0.008326 2.058393
0.529045 0.042268 0.035663 0.019538 0.001144 0.364003 0.008338 2.062462
0.529321 0.042437 0.035813 0.019572 0.001144 0.363360 0.008352 2.066575
0.529574 0.042581 0.036011 0.019636 0.001137 0.362695 0.008367 2.070771
0.529824 0.042690 0.036123 0.019699 0.001150 0.362132 0.008382 2.074955
0.530052 0.042803 0.036232 0.019776 0.001151 0.361591 0.008396 2.079126
0.530164 0.042982 0.036301 0.019853 0.001151 0.361138 0.008411 2.083287
0.530336 0.043109 0.036390 0.019897 0.001153 0.360689 0.008427 2.087471
0.530517 0.043275 0.036463 0.019973 0.001150 0.360177 0.008446 2.091624
0.530784 0.043303 0.036588 0.020012 0.001155 0.359700 0.008458 2.095825
0.530970 0.043322 0.036712 0.020105 0.001147 0.359267 0.008478 2.100074
0.531154 0.043241 0.036904 0.020222 0.001147 0.358839 0.008493 2.104421
0.531286 0.043290 0.037113 0.020261 0.001150 0.358389 0.008510 2.108701
0.531491 0.043334 0.037264 0.020336 0.001155 0.357897 0.008522 2.112976
0.531696 0.043358 0.037357 0.020375 0.001165 0.357516 0.008534 2.117236
0.531851 0.043286 0.037549 0.020434 0.001161 0.357171 0.008548 2.121580
0.532118 0.043316 0.037600 0.020473 0.001158 0.356768 0.008567 2.125755
0.532258 0.043346 0.037652 0.020541 0.001159 0.356460 0.008585 2.130067
0.532462 0.043331 0.037725 0.020538 0.001156 0.356184 0.008602 2.134329
0.532489 0.043401 0.037827 0.020601 0.001162 0.355904 0.008616 2.138589
0.532618 0.043383 0.037882 0.020671 0.001166 0.355652 0.008629 2.142889
0.532812 0.043415 0.037941 0.020688 0.001162 0.355340 0.008642 2.147159
0.532920 0.043452 0.037940 0.020793 0.001166 0.355070 0.008659 2.151433
0.533059 0.043487 0.038017 0.020830 0.001174 0.354764 0.008670 2.155694
0.533040 0.043646 0.038019 0.020813 0.001175 0.354625 0.008683 2.159911
0.533255 0.043559 0.038057 0.020824 0.001180 0.354427 0.008698 2.164203
0.533408 0.043565 0.038035 0.020851 0.001179 0.354242 0.008720 2.168461
0.533619 0.043524 0.038075 0.020879 0.001178 0.353993 0.008732 2.172732
0.533704 0.043598 0.037967 0.020931 0.001181 0.353876 0.008743 2.176963
0.533794 0.043574 0.037976 0.020966 0.001194 0.353741 0.008753 2.181241
0.534119 0.043397 0.038062 0.020992 0.001185 0.353476 0.008769 2.185606
0.534306 0.043464 0.038085 0.020952 0.001190 0.353222 0.008781 2.189799
0.534530 0.043394 0.038096 0.020978 0.001206 0.353004 0.008792 2.194040
0.534568 0.043487 0.038095 0.021026 0.001209 0.352809 0.008808 2.198265
0.534757 0.043402 0.038111 0.021034 0.001203 0.352669 0.008824 2.202535
0.535031 0.043289 0.038110 0.021078 0.001203 0.352451 0.008838 2.206810
0.535303 0.043230 0.038221 0.021071 0.001198 0.352121 0.008856 2.211057
0.535601 0.043176 0.038213 0.021045 0.001206 0.351886 0.008873 2.215270
0.535777 0.043156 0.038239 0.021055 0.001214 0.351679 0.008882 2.219507
0.535896 0.043208 0.038177 0.021058 0.001223 0.351539 0.008898 2.223664
0.536083 0.043174 0.038179 0.021055 0.001230 0.351369 0.008911 2.227933
0.536299 0.043046 0.038263 0.021110 0.001226 0.351130 0.008927 2.232257
0.536464 0.043030 0.038391 0.021080 0.001231 0.350864 0.008941 2.236498
0.536685 0.043024 0.038379 0.021035 0.001236 0.350688 0.008953 2.240719
0.536895 0.042989 0.038366 0.021002 0.001233 0.350548 0.008969 2.244925
0.537174 0.042916 0.038390 0.020993 0.001239 0.350308 0.008981 2.249186
0.537394 0.042940 0.038372 0.020893 0.001230 0.350180 0.008992 2.253327
0.537627 0.042888 0.038361 0.020890 0.001225 0.349998 0.009011 2.257547
0.537652 0.043035 0.038316 0.020815 0.001227 0.349931 0.009024 2.261682
0.537861 0.042899 0.038467 0.020814 0.001231 0.349691 0.009038 2.265996
0.538110 0.042812 0.038454 0.020821 0.001234 0.349521 0.009048 2.270178
0.538385 0.042795 0.038375 0.020818 0.001232 0.349335 0.009061 2.274327
0.538536 0.042713 0.038394 0.020838 0.001231 0.349212 0.009076 2.278577
0.538696 0.042700 0.038409 0.020766 0.001244 0.349094 0.009093 2.282760
0.538947 0.042668 0.038368 0.020796 0.001241 0.348868 0.009113 2.286955
0.539153 0.042622 0.038320 0.020822 0.001238 0.348719 0.009127 2.291141
0.539398 0.042594 0.038266 0.020778 0.001246 0.348579 0.009139 2.295263
0.539708 0.042454 0.038219 0.020763 0.001252 0.348448 0.009157 2.299493
0.539952 0.042399 0.038089 0.020812 0.001256 0.348319 0.009175 2.303628
0.540207 0.042338 0.038127 0.020757 0.001257 0.348126 0.009187 2.307753
0.540465 0.042291 0.038085 0.020714 0.001256 0.347988 0.009202 2.311911
0.540759 0.042289 0.038114 0.020696 0.001244 0.347679 0.009219 2.316040
0.541042 0.042240 0.038038 0.020668 0.001259 0.347528 0.009226 2.320165
0.541366 0.042227 0.037969 0.020638 0.001260 0.347296 0.009245 2.324247
0.541566 0.042096 0.038034 0.020640 0.001260 0.347146 0.009258 2.328489
0.541810 0.042110 0.038005 0.020562 0.001257 0.346985 0.009272 2.332574
0.542007 0.042070 0.037996 0.020554 0.001254 0.346835 0.009286 2.336736
0.542254 0.042019 0.037918 0.020537 0.001242 0.346725 0.009306 2.340843
0.542542 0.041986 0.037849 0.020548 0.001232 0.346523 0.009321 2.344923
0.542695 0.041998 0.037866 0.020532 0.001237 0.346335 0.009336 2.349006
0.542986 0.042009 0.037839 0.020537 0.001231 0.346041 0.009356 2.353107
0.543226 0.042007 0.037828 0.020535 0.001238 0.345801 0.009366 2.357253
0.543573 0.041978 0.037814 0.020496 0.001230 0.345529 0.009380 2.361340
0.543727 0.041981 0.037794 0.020467 0.001232 0.345402 0.009398 2.365451
0.544031 0.041919 0.037795 0.020503 0.001228 0.345114 0.009411 2.369559
0.544276 0.041851 0.037726 0.020442 0.001234 0.345042 0.009428 2.373667
0.544512 0.041815 0.037725 0.020436 0.001249 0.344826 0.009438 2.377761
0.544726 0.041827 0.037753 0.020408 0.001264 0.344571 0.009451 2.381856
0.544946 0.041838 0.037711 0.020380 0.001269 0.344391 0.009464 2.385964
0.545250 0.041787 0.037665 0.020389 0.001270 0.344160 0.009480 2.390080
0.545412 0.041891 0.037648 0.020316 0.001272 0.343965 0.009497 2.394128
0.545522 0.041813 0.037699 0.020347 0.001277 0.343828 0.009514 2.398309
0.545643 0.041789 0.037746 0.020323 0.001274 0.343696 0.009530 2.402441
0.545807 0.041786 0.037675 0.020320 0.001274 0.343595 0.009544 2.406544
0.546030 0.041770 0.037626 0.020264 0.001265 0.343486 0.009561 2.410606
0.546317 0.041799 0.037493 0.020284 0.001275 0.343260 0.009573 2.414677
0.546728 0.041653 0.037532 0.020251 0.001279 0.342968 0.009588 2.418798
0.546897 0.041616 0.037514 0.020278 0.001280 0.342815 0.009601 2.422867
0.547141 0.041478 0.037573 0.020278 0.001270 0.342644 0.009617 2.427068
0.547307 0.041488 0.037486 0.020334 0.001286 0.342467 0.009631 2.431139
0.547414 0.041487 0.037541 0.020299 0.001281 0.342330 0.009649 2.435285
0.547733 0.041417 0.037497 0.020266 0.001277 0.342147 0.009663 2.439343
0.547973 0.041362 0.037523 0.020240 0.001279 0.341946 0.009677 2.443412
0.548230 0.041430 0.037465 0.020232 0.001279 0.341665 0.009699 2.447425
0.548333 0.041389 0.037452 0.020228 0.001281 0.341600 0.009716 2.451567
0.548548 0.041416 0.037429 0.020173 0.001279 0.341427 0.009729 2.455578
0.548756 0.041356 0.037271 0.020176 0.001269 0.341426 0.009746 2.459679
0.549043 0.041390 0.037137 0.020160 0.001265 0.341242 0.009763 2.463686
0.549282 0.041410 0.037050 0.020134 0.001248 0.341090 0.009786 2.467725
0.549600 0.041346 0.037088 0.020090 0.001246 0.340830 0.009801 2.471772
0.549782 0.041368 0.037032 0.020091 0.001239 0.340671 0.009817 2.475845
0.550000 0.041367 0.036973 0.020075 0.001242 0.340516 0.009828 2.479855
0.550145 0.041397 0.036933 0.020101 0.001233 0.340347 0.009843 2.483924
0.550395 0.041435 0.036925 0.020093 0.001245 0.340052 0.009856 2.487892
0.550560 0.041484 0.036897 0.020099 0.001246 0.339848 0.009867 2.491942
0.550733 0.041451 0.036888 0.020077 0.001246 0.339722 0.009883 2.496014
0.550866 0.041473 0.036940 0.020029 0.001241 0.339558 0.009894 2.500110
0.551109 0.041291 0.037005 0.020026 0.001237 0.339427 0.009905 2.504259
0.551263 0.041397 0.036935 0.020060 0.001239 0.339182 0.009925 2.508250
0.551357 0.041440 0.036885 0.020034 0.001247 0.339100 0.009938 2.512343
0.551515 0.041443 0.036865 0.020036 0.001237 0.338944 0.009959 2.516461
0.551708 0.041514 0.036838 0.020094 0.001227 0.338644 0.009976 2.520482
0.551850 0.041586 0.036838 0.020067 0.001224 0.338440 0.009996 2.524487
0.552041 0.041614 0.036812 0.020016 0.001237 0.338279 0.010004 2.528499
0.552113 0.041698 0.036747 0.019994 0.001227 0.338200 0.010021 2.532528
0.552206 0.041605 0.036881 0.019974 0.001216 0.338083 0.010037 2.536689
0.552361 0.041605 0.036868 0.019981 0.001209 0.337922 0.010055 2.540750
0.552498 0.041549 0.036849 0.019996 0.001212 0.337830 0.010067 2.544876
0.552718 0.041504 0.036860 0.019942 0.001215 0.337679 0.010082 2.548947
0.552857 0.041483 0.036890 0.019917 0.001217 0.337540 0.010096 2.553013
0.553032 0.041497 0.036838 0.019898 0.001219 0.337409 0.010108 2.557059
0.553162 0.041474 0.036729 0.019927 0.001227 0.337356 0.010125 2.561162
0.553169 0.041580 0.036772 0.019926 0.001226 0.337187 0.010141 2.565228
0.553249 0.041597 0.036757 0.019946 0.001225 0.337065 0.010162 2.569294
0.553400 0.041686 0.036673 0.019934 0.001221 0.336913 0.010174 2.573313
0.553530 0.041760 0.036722 0.019933 0.001216 0.336651 0.010188 2.577366
0.553620 0.041717 0.036857 0.019923 0.001224 0.336458 0.010202 2.581525
0.553747 0.041713 0.036862 0.019952 0.001221 0.336289 0.010216 2.585552
0.553766 0.041728 0.036935 0.019966 0.001233 0.336144 0.010229 2.589673
0.553925 0.041712 0.036991 0.019972 0.001243 0.335913 0.010245 2.593741
0.554003 0.041728 0.037038 0.019931 0.001252 0.335787 0.010262 2.597825
0.554024 0.041772 0.037055 0.019954 0.001249 0.335673 0.010273 2.601886
0.554007 0.041790 0.037068 0.020002 0.001253 0.335588 0.010292 2.606032
0.554160 0.041795 0.037054 0.019950 0.001269 0.335466 0.010308 2.610080
0.554212 0.041807 0.037095 0.020001 0.001266 0.335297 0.010323 2.614198
0.554442 0.041700 0.037133 0.020027 0.001274 0.335082 0.010342 2.618310
0.554542 0.041716 0.037045 0.020047 0.001273 0.335023 0.010355 2.622366
0.554671 0.041628 0.037149 0.020053 0.001272 0.334854 0.010375 2.626518
0.554688 0.041655 0.037092 0.020055 0.001276 0.334846 0.010387 2.630583
0.554752 0.041660 0.037174 0.020110 0.001275 0.334629 0.010400 2.634703
0.554766 0.041710 0.037167 0.020137 0.001293 0.334517 0.010411 2.638776
0.554828 0.041726 0.037133 0.020233 0.001285 0.334367 0.010427 2.642871
0.554922 0.041656 0.037123 0.020236 0.001280 0.334344 0.010440 2.647022
0.555067 0.041721 0.037065 0.020206 0.001283 0.334206 0.010454 2.651013
0.555084 0.041830 0.037076 0.020157 0.001286 0.334100 0.010468 2.655053
0.555094 0.041796 0.037090 0.020144 0.001274 0.334119 0.010482 2.659147
0.555203 0.041674 0.037195 0.020096 0.001277 0.334056 0.010500 2.663313
0.555250 0.041723 0.037175 0.020074 0.001276 0.333992 0.010511 2.667384
0.555369 0.041718 0.037146 0.020064 0.001267 0.333908 0.010529 2.671426
0.555488 0.041666 0.037174 0.020063 0.001262 0.333797 0.010549 2.675542
0.555478 0.041800 0.037142 0.020088 0.001265 0.333663 0.010565 2.679553
0.555603 0.041681 0.037129 0.020169 0.001266 0.333572 0.010579 2.683718
0.555703 0.041639 0.037104 0.020171 0.001263 0.333529 0.010592 2.687781
0.555663 0.041651 0.037194 0.020143 0.001271 0.333469 0.010608 2.691886
0.555743 0.041733 0.037115 0.020120 0.001269 0.333397 0.010623 2.695908
0.555837 0.041654 0.037121 0.020147 0.001270 0.333333 0.010639 2.700032
0.555930 0.041621 0.037190 0.020077 0.001264 0.333263 0.010655 2.704083
0.556128 0.041586 0.037096 0.020135 0.001258 0.333121 0.010675 2.708165
0.556153 0.041586 0.037049 0.020138 0.001266 0.333118 0.010690 2.712235
0.556156 0.041702 0.037038 0.020115 0.001269 0.333013 0.010709 2.716264
0.556217 0.041797 0.036953 0.020120 0.001266 0.332918 0.010729 2.720299
0.556261 0.041861 0.036978 0.020135 0.001267 0.332754 0.010744 2.724379
0.556343 0.041844 0.037060 0.020061 0.001262 0.332668 0.010760 2.728457
0.556360 0.041864 0.037142 0.020025 0.001261 0.332569 0.010778 2.732577
0.556422 0.041875 0.037141 0.019974 0.001258 0.332532 0.010798 2.736675
0.556494 0.041919 0.037136 0.019995 0.001265 0.332382 0.010809 2.740712
0.556452 0.041992 0.037112 0.020020 0.001261 0.332337 0.010827 2.744779
0.556504 0.041998 0.037050 0.020051 0.001260 0.332297 0.010839 2.748925
0.556587 0.042016 0.037104 0.020021 0.001268 0.332154 0.010851 2.753020
0.556642 0.041922 0.037203 0.020026 0.001261 0.332072 0.010873 2.757167
0.556627 0.042064 0.037186 0.020003 0.001251 0.331976 0.010893 2.761185
0.556550 0.042159 0.037210 0.019972 0.001255 0.331950 0.010903 2.765250
0.556496 0.042184 0.037190 0.020047 0.001248 0.331916 0.010918 2.769411
0.556508 0.042179 0.037219 0.020052 0.001243 0.331867 0.010933 2.773539
0.556503 0.042121 0.037265 0.020063 0.001243 0.331858 0.010948 2.777727
0.556520 0.042151 0.037283 0.020104 0.001249 0.331730 0.010964 2.781860
0.556590 0.042155 0.037329 0.020066 0.001251 0.331625 0.010984 2.785977
0.556514 0.042195 0.037428 0.020164 0.001249 0.331450 0.011000 2.790168
0.556384 0.042232 0.037485 0.020183 0.001255 0.331448 0.011013 2.794347
0.556512 0.042165 0.037527 0.020194 0.001240 0.331329 0.011033 2.798502
0.556406 0.042215 0.037618 0.020246 0.001244 0.331218 0.011051 2.802650
0.556368 0.042206 0.037643 0.020338 0.001229 0.331151 0.011066 2.806797
0.556434 0.042193 0.037613 0.020287 0.001231 0.331162 0.011081 2.810878
0.556520 0.042162 0.037579 0.020302 0.001235 0.331106 0.011097 2.815016
0.556519 0.042151 0.037607 0.020341 0.001233 0.331039 0.011111 2.819127
0.556603 0.042158 0.037522 0.020302 0.001233 0.331056 0.011127 2.823181
0.556584 0.042179 0.037560 0.020302 0.001227 0.331010 0.011140 2.827324
0.556669 0.042083 0.037567 0.020308 0.001238 0.330982 0.011153 2.831480
0.556639 0.042132 0.037482 0.020374 0.001234 0.330971 0.011169 2.835610
0.556606 0.042131 0.037490 0.020367 0.001236 0.330983 0.011186 2.839733
0.556575 0.042124 0.037517 0.020324 0.001244 0.331018 0.011197 2.843861
0.556542 0.042085 0.037621 0.020311 0.001241 0.330987 0.011213 2.848059
0.556560 0.042190 0.037522 0.020331 0.001243 0.330925 0.011229 2.852129
0.556442 0.042215 0.037518 0.020314 0.001241 0.331028 0.011243 2.856275
0.556499 0.042006 0.037642 0.020326 0.001251 0.331020 0.011256 2.860525
0.556495 0.042091 0.037578 0.020375 0.001251 0.330934 0.011277 2.864616
0.556436 0.042119 0.037562 0.020370 0.001236 0.330984 0.011294 2.868763
0.556407 0.042236 0.037488 0.020335 0.001245 0.330983 0.011305 2.872820
0.556366 0.042221 0.037456 0.020328 0.001247 0.331063 0.011319 2.876955
0.556431 0.042138 0.037538 0.020356 0.001241 0.330963 0.011332 2.881158
0.556508 0.042082 0.037636 0.020306 0.001246 0.330874 0.011348 2.885308
0.556515 0.042106 0.037740 0.020263 0.001251 0.330763 0.011363 2.889451
0.556674 0.042013 0.037783 0.020272 0.001247 0.330634 0.011378 2.893638
0.556760 0.041976 0.037781 0.020264 0.001248 0.330580 0.011391 2.897779
0.556848 0.041965 0.037845 0.020232 0.001252 0.330455 0.011402 2.901931
0.556929 0.041863 0.037873 0.020280 0.001253 0.330388 0.011416 2.906055
0.556892 0.041899 0.037777 0.020252 0.001246 0.330496 0.011436 2.910143
0.556980 0.041799 0.037774 0.020209 0.001258 0.330530 0.011450 2.914275
0.557023 0.041822 0.037689 0.020195 0.001243 0.330563 0.011466 2.918324
0.557057 0.041922 0.037694 0.020161 0.001232 0.330457 0.011479 2.922391
0.557109 0.041994 0.037757 0.020140 0.001234 0.330276 0.011491 2.926474
0.557188 0.041925 0.037757 0.020164 0.001233 0.330224 0.011510 2.930657
0.557141 0.041954 0.037736 0.020107 0.001237 0.330301 0.011524 2.934753
0.557216 0.041904 0.037658 0.020189 0.001226 0.330264 0.011543 2.938938
0.557262 0.041846 0.037648 0.020141 0.001230 0.330318 0.011556 2.943084
0.557159 0.041963 0.037542 0.020212 0.001230 0.330324 0.011571 2.947174
0.557097 0.042026 0.037462 0.020288 0.001229 0.330310 0.011587 2.951278
0.557250 0.041931 0.037382 0.020322 0.001227 0.330283 0.011606 2.955422
0.557378 0.041924 0.037427 0.020288 0.001222 0.330137 0.011624 2.959505
0.557383 0.041978 0.037419 0.020200 0.001232 0.330149 0.011639 2.963579
0.557382 0.041928 0.037368 0.020229 0.001241 0.330199 0.011653 2.967689
0.557348 0.042019 0.037348 0.020222 0.001243 0.330150 0.011670 2.971727
0.557344 0.041911 0.037410 0.020225 0.001250 0.330174 0.011688 2.975905
0.557442 0.041834 0.037426 0.020271 0.001263 0.330060 0.011703 2.980002
0.557483 0.041910 0.037369 0.020247 0.001262 0.330008 0.011720 2.984003
0.557620 0.041835 0.037375 0.020263 0.001268 0.329904 0.011736 2.988142
0.557648 0.041782 0.037409 0.020207 0.001266 0.329943 0.011746 2.992257
0.557745 0.041662 0.037482 0.020208 0.001259 0.329879 0.011765 2.996402
0.557891 0.041632 0.037480 0.020184 0.001250 0.329782 0.011781 3.000457
0.557937 0.041661 0.037431 0.020191 0.001241 0.329742 0.011797 3.004493
0.557977 0.041648 0.037419 0.020178 0.001238 0.329728 0.011813 3.008568
0.557947 0.041688 0.037395 0.020287 0.001230 0.329628 0.011826 3.012631
0.557924 0.041618 0.037409 0.020327 0.001228 0.329657 0.011837 3.016738
0.557959 0.041573 0.037397 0.020361 0.001229 0.329628 0.011853 3.020838
0.557995 0.041576 0.037400 0.020327 0.001239 0.329597 0.011865 3.024920
0.558091 0.041561 0.037281 0.020249 0.001237 0.329704 0.011879 3.028977
0.558091 0.041573 0.037285 0.020239 0.001238 0.329679 0.011894 3.033072
0.558098 0.041626 0.037260 0.020245 0.001242 0.329616 0.011914 3.037131
0.558039 0.041633 0.037279 0.020261 0.001252 0.329610 0.011927 3.041234
0.558058 0.041642 0.037359 0.020280 0.001241 0.329479 0.011942 3.045349
0.558016 0.041724 0.037405 0.020246 0.001242 0.329408 0.011960 3.049410
0.558078 0.041805 0.037338 0.020217 0.001245 0.329343 0.011974 3.053413
0.558059 0.041737 0.037371 0.020175 0.001244 0.329423 0.011991 3.057539
0.558148 0.041720 0.037368 0.020127 0.001245 0.329387 0.012005 3.061631
0.558258 0.041703 0.037350 0.020175 0.001256 0.329239 0.012017 3.065676
0.558269 0.041735 0.037328 0.020152 0.001244 0.329238 0.012035 3.069745
0.558322 0.041827 0.037269 0.020105 0.001242 0.329180 0.012056 3.073749
0.558350 0.041797 0.037241 0.020089 0.001235 0.329219 0.012069 3.077865
0.558431 0.041817 0.037185 0.020093 0.001232 0.329162 0.012080 3.081924
0.558536 0.041726 0.037116 0.020119 0.001248 0.329160 0.012095 3.086032
0.558490 0.041750 0.037172 0.020141 0.001236 0.329105 0.012106 3.090171
0.558539 0.041750 0.037235 0.020102 0.001228 0.329027 0.012119 3.094232
0.558466 0.041843 0.037227 0.020090 0.001224 0.329019 0.012130 3.098318
0.558361 0.041973 0.037198 0.020074 0.001233 0.329015 0.012145 3.102366
0.558390 0.041938 0.037242 0.020052 0.001234 0.328985 0.012160 3.106486
0.558383 0.041883 0.037263 0.020149 0.001240 0.328907 0.012174 3.110644
0.558400 0.041880 0.037284 0.020143 0.001237 0.328865 0.012190 3.114754
0.558342 0.041830 0.037293 0.020147 0.001248 0.328938 0.012202 3.118897
0.558280 0.041825 0.037294 0.020137 0.001245 0.329002 0.012218 3.123053
0.558361 0.041815 0.037242 0.020157 0.001244 0.328950 0.012231 3.127158
0.558407 0.041791 0.037366 0.020210 0.001248 0.328730 0.012247 3.131281
0.558436 0.041857 0.037304 0.020102 0.001261 0.328780 0.012260 3.135305
0.558427 0.041939 0.037365 0.020084 0.001258 0.328649 0.012278 3.139409
0.558464 0.041993 0.037346 0.020105 0.001263 0.328535 0.012294 3.143495
0.558382 0.042171 0.037376 0.020036 0.001262 0.328467 0.012307 3.147533
0.558343 0.042151 0.037359 0.020066 0.001256 0.328500 0.012324 3.151704
0.558406 0.042114 0.037373 0.020031 0.001246 0.328493 0.012336 3.155796
0.558348 0.042157 0.037381 0.020015 0.001245 0.328507 0.012348 3.159895
0.558300 0.042129 0.037381 0.020008 0.001247 0.328575 0.012361 3.164029
0.558334 0.042010 0.037449 0.020065 0.001233 0.328536 0.012374 3.168222
0.558435 0.041923 0.037392 0.020159 0.001231 0.328475 0.012386 3.172389
0.558549 0.041779 0.037425 0.020197 0.001227 0.328422 0.012401 3.176548
0.558500 0.041774 0.037373 0.020219 0.001231 0.328486 0.012417 3.180670
0.558601 0.041748 0.037381 0.020219 0.001239 0.328385 0.012427 3.184787
0.558515 0.041758 0.037372 0.020262 0.001237 0.328413 0.012442 3.188908
0.558602 0.041740 0.037307 0.020289 0.001242 0.328356 0.012463 3.193003
0.558616 0.041758 0.037367 0.020271 0.001227 0.328280 0.012481 3.197095
0.558586 0.041753 0.037335 0.020216 0.001226 0.328389 0.012495 3.201176
0.558511 0.041725 0.037345 0.020297 0.001235 0.328381 0.012507 3.205320
0.558500 0.041657 0.037358 0.020266 0.001238 0.328463 0.012517 3.209408
0.558479 0.041672 0.037300 0.020298 0.001232 0.328483 0.012534 3.213486
0.558498 0.041765 0.037309 0.020200 0.001230 0.328451 0.012547 3.217465
0.558471 0.041708 0.037326 0.020231 0.001230 0.328475 0.012559 3.221604
0.558481 0.041787 0.037239 0.020201 0.001222 0.328495 0.012574 3.225684
0.558463 0.041749 0.037252 0.020219 0.001220 0.328507 0.012591 3.229799
0.558424 0.041676 0.037325 0.020233 0.001223 0.328512 0.012607 3.233983
0.558503 0.041639 0.037291 0.020214 0.001230 0.328507 0.012616 3.238037
0.558558 0.041695 0.037257 0.020227 0.001217 0.328412 0.012632 3.242059
0.558481 0.041707 0.037180 0.020228 0.001223 0.328537 0.012644 3.246148
0.558553 0.041723 0.037122 0.020206 0.001225 0.328508 0.012663 3.250205
0.558492 0.041849 0.037073 0.020198 0.001222 0.328484 0.012682 3.254241
0.558536 0.041835 0.037100 0.020185 0.001215 0.328431 0.012699 3.258331
0.558587 0.041872 0.037042 0.020193 0.001225 0.328370 0.012712 3.262378
0.558609 0.041834 0.037058 0.020202 0.001223 0.328348 0.012728 3.266544
0.558675 0.041880 0.037097 0.020168 0.001223 0.328215 0.012742 3.270588
0.558699 0.041888 0.037061 0.020175 0.001225 0.328197 0.012754 3.274643
0.558642 0.041918 0.037091 0.020210 0.001222 0.328146 0.012772 3.278729
0.558531 0.041975 0.037045 0.020236 0.001214 0.328209 0.012790 3.282802
0.558543 0.041900 0.037038 0.020245 0.001201 0.328266 0.012808 3.286921
0.558473 0.041958 0.037113 0.020252 0.001192 0.328191 0.012821 3.291033
0.558377 0.041939 0.037111 0.020244 0.001179 0.328309 0.012841 3.295169
0.558362 0.041951 0.037091 0.020261 0.001184 0.328300 0.012852 3.299269
0.558416 0.041987 0.037108 0.020209 0.001187 0.328222 0.012871 3.303358
0.558378 0.041962 0.037075 0.020217 0.001195 0.328288 0.012885 3.307524
0.558442 0.041891 0.037047 0.020162 0.001206 0.328354 0.012897 3.311636
0.558352 0.041945 0.037068 0.020117 0.001196 0.328408 0.012916 3.315691
0.558341 0.041861 0.037100 0.020140 0.001178 0.328444 0.012936 3.319865
0.558430 0.041806 0.037038 0.020099 0.001192 0.328489 0.012946 3.323960
0.558429 0.041854 0.037074 0.020042 0.001204 0.328438 0.012960 3.328017
0.558418 0.041811 0.037068 0.019995 0.001196 0.328530 0.012982 3.332133
0.558405 0.041780 0.037017 0.020000 0.001198 0.328601 0.012999 3.336240
0.558455 0.041755 0.037019 0.020078 0.001201 0.328479 0.013015 3.340333
0.558517 0.041799 0.037028 0.020094 0.001205 0.328327 0.013029 3.344387
0.558505 0.041774 0.037064 0.020163 0.001204 0.328246 0.013044 3.348515
0.558523 0.041760 0.037061 0.020153 0.001208 0.328238 0.013059 3.352639
0.558533 0.041783 0.037104 0.020187 0.001211 0.328111 0.013071 3.356745
0.558445 0.041850 0.037123 0.020172 0.001227 0.328096 0.013086 3.360831
0.558547 0.041788 0.037098 0.020174 0.001217 0.328070 0.013106 3.364942
0.558527 0.041864 0.037062 0.020122 0.001215 0.328092 0.013118 3.368991
0.558520 0.041891 0.037102 0.020120 0.001223 0.328011 0.013133 3.373096
0.558343 0.042028 0.036988 0.020173 0.001211 0.328108 0.013150 3.377169
0.558339 0.041993 0.037023 0.020151 0.001220 0.328107 0.013167 3.381268
0.558454 0.041965 0.037038 0.020187 0.001202 0.327966 0.013189 3.385389
0.558473 0.042015 0.037033 0.020144 0.001202 0.327927 0.013205 3.389447
0.558466 0.042024 0.037053 0.020191 0.001197 0.327844 0.013225 3.393588
0.558431 0.042074 0.036942 0.020246 0.001189 0.327872 0.013246 3.397659
0.558366 0.042068 0.036995 0.020262 0.001183 0.327865 0.013260 3.401766
0.558298 0.042144 0.036991 0.020191 0.001184 0.327919 0.013272 3.405831
0.558383 0.042025 0.037056 0.020172 0.001179 0.327897 0.013286 3.410005
0.558459 0.042049 0.037030 0.020175 0.001187 0.327799 0.013302 3.414093
0.558411 0.042095 0.037084 0.020164 0.001190 0.327738 0.013318 3.418175
0.558402 0.042063 0.037098 0.020170 0.001191 0.327748 0.013329 3.422271
0.558331 0.042043 0.037179 0.020191 0.001185 0.327729 0.013342 3.426396
0.558350 0.041925 0.037288 0.020217 0.001183 0.327680 0.013356 3.430581
0.558318 0.041894 0.037393 0.020182 0.001194 0.327655 0.013365 3.434705
0.558350 0.041846 0.037359 0.020180 0.001199 0.327685 0.013381 3.438814
0.558264 0.041888 0.037419 0.020127 0.001196 0.327711 0.013394 3.442932
0.558369 0.041828 0.037377 0.020146 0.001197 0.327678 0.013405 3.447077
0.558368 0.041929 0.037279 0.020122 0.001202 0.327680 0.013419 3.451112
0.558457 0.041931 0.037284 0.020070 0.001201 0.327626 0.013432 3.455159
0.558391 0.041929 0.037223 0.020068 0.001197 0.327742 0.013450 3.459284
0.558344 0.041885 0.037245 0.020082 0.001194 0.327784 0.013467 3.463398
0.558380 0.041787 0.037245 0.020108 0.001192 0.327804 0.013483 3.467563
0.558424 0.041807 0.037242 0.020132 0.001192 0.327709 0.013495 3.471628
0.558460 0.041709 0.037352 0.020099 0.001204 0.327669 0.013507 3.475781
0.558432 0.041683 0.037312 0.020134 0.001210 0.327712 0.013517 3.479871
0.558492 0.041687 0.037348 0.020089 0.001216 0.327641 0.013528 3.483906
0.558375 0.041769 0.037295 0.020043 0.001219 0.327753 0.013547 3.487995
0.558340 0.041832 0.037232 0.020055 0.001223 0.327757 0.013563 3.492038
0.558300 0.041884 0.037307 0.020030 0.001223 0.327677 0.013580 3.496142
0.558229 0.041971 0.037231 0.020022 0.001227 0.327727 0.013592 3.500171
0.558227 0.041988 0.037187 0.020042 0.001231 0.327719 0.013606 3.504291
0.558275 0.041906 0.037208 0.020095 0.001234 0.327664 0.013619 3.508401
0.558290 0.041889 0.037179 0.020159 0.001236 0.327611 0.013636 3.512495
0.558237 0.041852 0.037241 0.020147 0.001236 0.327636 0.013650 3.516613
0.558252 0.041872 0.037169 0.020184 0.001225 0.327629 0.013669 3.520671
0.558252 0.041845 0.037188 0.020203 0.001223 0.327604 0.013684 3.524814
0.558252 0.041770 0.037216 0.020207 0.001232 0.327628 0.013696 3.528944
0.558079 0.041868 0.037251 0.020195 0.001230 0.327667 0.013711 3.533023
0.558065 0.041901 0.037241 0.020126 0.001231 0.327713 0.013723 3.537104
0.558125 0.041849 0.037321 0.020133 0.001232 0.327599 0.013742 3.541247
0.558041 0.041891 0.037306 0.020110 0.001230 0.327664 0.013758 3.545306
0.558066 0.042029 0.037288 0.020030 0.001229 0.327587 0.013772 3.549300
0.558039 0.041988 0.037356 0.020035 0.001235 0.327562 0.013786 3.553460
0.558172 0.041892 0.037378 0.020085 0.001224 0.327443 0.013806 3.557624
0.558003 0.041920 0.037371 0.020125 0.001218 0.327537 0.013827 3.561747
0.558009 0.041956 0.037424 0.020088 0.001222 0.327458 0.013843 3.565780
0.558084 0.041884 0.037483 0.020042 0.001235 0.327414 0.013858 3.569895
0.558041 0.041875 0.037472 0.020025 0.001247 0.327468 0.013870 3.574025
0.558139 0.041770 0.037466 0.020066 0.001246 0.327426 0.013886 3.578152
0.558253 0.041696 0.037442 0.020106 0.001241 0.327364 0.013898 3.582250
0.558227 0.041697 0.037419 0.020099 0.001241 0.327406 0.013910 3.586315
0.558334 0.041646 0.037374 0.020069 0.001224 0.327423 0.013929 3.590379
0.558393 0.041666 0.037296 0.020018 0.001219 0.327462 0.013946 3.594389
0.558399 0.041673 0.037352 0.020006 0.001210 0.327402 0.013958 3.598464
0.558464 0.041655 0.037308 0.019966 0.001198 0.327436 0.013974 3.602540
0.558579 0.041580 0.037324 0.019988 0.001189 0.327351 0.013988 3.606641
0.558584 0.041520 0.037352 0.020030 0.001177 0.327329 0.014009 3.610775
0.558591 0.041495 0.037326 0.020085 0.001180 0.327300 0.014023 3.614857
0.558654 0.041491 0.037211 0.020055 0.001173 0.327377 0.014039 3.618910
0.558619 0.041573 0.037167 0.020049 0.001179 0.327358 0.014055 3.622956
0.558674 0.041545 0.037214 0.019988 0.001187 0.327323 0.014068 3.627018
0.558640 0.041626 0.037225 0.019976 0.001197 0.327255 0.014081 3.631095
0.558513 0.041721 0.037230 0.019966 0.001206 0.327271 0.014093 3.635155
0.558403 0.041779 0.037164 0.019999 0.001200 0.327342 0.014112 3.639230
0.558326 0.041787 0.037185 0.020005 0.001204 0.327365 0.014128 3.643299
0.558248 0.041753 0.037186 0.020027 0.001193 0.327449 0.014144 3.647466
0.558349 0.041623 0.037232 0.020050 0.001194 0.327392 0.014160 3.651610
0.558373 0.041578 0.037160 0.020083 0.001192 0.327438 0.014177 3.655727
0.558472 0.041516 0.037204 0.020077 0.001187 0.327351 0.014192 3.659831
0.558393 0.041472 0.037273 0.020122 0.001193 0.327337 0.014209 3.663968
0.558431 0.041359 0.037294 0.020119 0.001197 0.327381 0.014220 3.668096
0.558468 0.041399 0.037286 0.020097 0.001196 0.327323 0.014232 3.672116
0.558538 0.041341 0.037244 0.020158 0.001191 0.327281 0.014249 3.676188
0.558539 0.041383 0.037235 0.020151 0.001194 0.327234 0.014264 3.680236
0.558503 0.041436 0.037174 0.020169 0.001190 0.327246 0.014283 3.684304
0.558562 0.041422 0.037145 0.020176 0.001190 0.327205 0.014301 3.688344
0.558659 0.041398 0.037184 0.020179 0.001197 0.327070 0.014313 3.692432
0.558611 0.041544 0.037122 0.020125 0.001198 0.327074 0.014327 3.696445
0.558625 0.041675 0.037033 0.020178 0.001190 0.326961 0.014338 3.700461
0.558692 0.041673 0.037044 0.020107 0.001189 0.326944 0.014353 3.704481
0.558780 0.041641 0.036993 0.020149 0.001192 0.326875 0.014371 3.708573
0.558817 0.041612 0.036969 0.020120 0.001200 0.326896 0.014386 3.712636
0.558741 0.041650 0.036972 0.020108 0.001203 0.326928 0.014398 3.716709
0.558829 0.041627 0.036954 0.020090 0.001214 0.326876 0.014409 3.720773
0.558784 0.041617 0.036950 0.020146 0.001207 0.326874 0.014422 3.724873
0.558726 0.041613 0.037022 0.020167 0.001194 0.326836 0.014443 3.729009
0.558640 0.041662 0.036974 0.020134 0.001206 0.326930 0.014455 3.733082
0.558702 0.041626 0.037029 0.020135 0.001206 0.326830 0.014472 3.737178
0.558547 0.041698 0.037035 0.020109 0.001210 0.326911 0.014491 3.741270
0.558703 0.041612 0.037061 0.020127 0.001210 0.326780 0.014506 3.745392
0.558695 0.041526 0.037082 0.020176 0.001204 0.326798 0.014520 3.749537
0.558700 0.041461 0.037024 0.020250 0.001200 0.326834 0.014532 3.753629
0.558744 0.041432 0.037017 0.020273 0.001198 0.326786 0.014549 3.757714
0.558829 0.041310 0.037008 0.020247 0.001195 0.326843 0.014566 3.761795
0.558704 0.041349 0.037110 0.020229 0.001202 0.326824 0.014582 3.765891
0.558755 0.041315 0.037079 0.020198 0.001202 0.326853 0.014598 3.769945
0.558812 0.041359 0.037053 0.020157 0.001204 0.326800 0.014615 3.773967
0.558899 0.041324 0.036992 0.020176 0.001215 0.326767 0.014626 3.778033
0.559003 0.041210 0.036960 0.020169 0.001215 0.326802 0.014642 3.782147
0.559026 0.041274 0.036951 0.020181 0.001220 0.326694 0.014654 3.786165
0.559053 0.041336 0.036941 0.020116 0.001215 0.326671 0.014670 3.790196
0.559041 0.041329 0.036885 0.020147 0.001216 0.326697 0.014687 3.794250
0.559026 0.041302 0.036917 0.020124 0.001230 0.326703 0.014698 3.798362
0.558987 0.041351 0.036852 0.020156 0.001239 0.326706 0.014710 3.802405
0.558915 0.041374 0.036839 0.020102 0.001241 0.326805 0.014725 3.806457
0.559003 0.041368 0.036801 0.020110 0.001239 0.326738 0.014743 3.810498
0.558994 0.041388 0.036830 0.020109 0.001242 0.326681 0.014756 3.814545
0.559086 0.041380 0.036871 0.020113 0.001243 0.326533 0.014774 3.818598
0.559150 0.041306 0.036867 0.020051 0.001237 0.326598 0.014791 3.822685
0.559157 0.041331 0.036820 0.020061 0.001228 0.326595 0.014807 3.826728
0.559063 0.041420 0.036758 0.020138 0.001226 0.326575 0.014819 3.830770
0.559068 0.041425 0.036802 0.020103 0.001237 0.326533 0.014833 3.834801
0.559053 0.041419 0.036824 0.020093 0.001231 0.326530 0.014850 3.838878
0.559013 0.041528 0.036873 0.020062 0.001225 0.326435 0.014864 3.842895
0.559054 0.041497 0.036819 0.020108 0.001228 0.326414 0.014879 3.846932
0.559068 0.041524 0.036806 0.020111 0.001227 0.326370 0.014895 3.850972
0.559089 0.041593 0.036799 0.020041 0.001224 0.326344 0.014909 3.854987
0.559110 0.041534 0.036906 0.020059 0.001220 0.326242 0.014929 3.859127
0.559113 0.041570 0.036907 0.020057 0.001227 0.326179 0.014947 3.863175
0.559106 0.041543 0.036909 0.020073 0.001231 0.326175 0.014962 3.867255
0.559079 0.041485 0.036956 0.020094 0.001238 0.326169 0.014978 3.871406
0.558981 0.041576 0.037034 0.020144 0.001234 0.326035 0.014998 3.875437
0.558896 0.041563 0.037099 0.020100 0.001232 0.326096 0.015015 3.879531
0.558793 0.041606 0.037100 0.020067 0.001223 0.326180 0.015032 3.883593
0.558778 0.041561 0.037152 0.020071 0.001225 0.326168 0.015046 3.887709
0.558706 0.041556 0.037202 0.020047 0.001220 0.326206 0.015064 3.891819
0.558699 0.041547 0.037213 0.020086 0.001212 0.326161 0.015082 3.895956
0.558643 0.041736 0.037078 0.020006 0.001214 0.326230 0.015095 3.899942
0.558646 0.041708 0.037132 0.020025 0.001213 0.326168 0.015110 3.904085
0.558603 0.041794 0.037085 0.020033 0.001210 0.326152 0.015123 3.908133
