0.339567 0.062966 0.055715 0.032399 0.002260 0.500853 0.006241 1.645466
0.341588 0.060982 0.055765 0.032251 0.002239 0.500908 0.006268 1.651615
0.344474 0.058560 0.055610 0.031980 0.002240 0.500845 0.006292 1.657493
0.347707 0.055941 0.055336 0.031632 0.002228 0.500832 0.006326 1.663176
0.351270 0.053364 0.054908 0.031178 0.002232 0.500699 0.006351 1.668501
0.355053 0.050680 0.054445 0.030706 0.002234 0.500510 0.006371 1.673636
0.359078 0.048075 0.053863 0.030124 0.002224 0.500238 0.006399 1.678543
0.363122 0.045687 0.052996 0.029549 0.002211 0.500016 0.006421 1.683062
0.367295 0.043325 0.052139 0.028939 0.002195 0.499659 0.006448 1.687465
0.371634 0.041080 0.051359 0.028268 0.002189 0.498990 0.006480 1.691664
0.375969 0.039017 0.050381 0.027587 0.002180 0.498357 0.006508 1.695629
0.380492 0.037091 0.049249 0.026849 0.002166 0.497617 0.006537 1.699298
0.384938 0.035274 0.048069 0.026167 0.002155 0.496830 0.006567 1.702824
0.389517 0.033513 0.046825 0.025491 0.002146 0.495918 0.006591 1.706236
0.393949 0.031950 0.045633 0.024817 0.002121 0.494911 0.006619 1.709452
0.398506 0.030444 0.044387 0.024161 0.002089 0.493760 0.006653 1.712525
0.403264 0.029111 0.043152 0.023426 0.002073 0.492297 0.006676 1.715387
0.407971 0.027740 0.041967 0.022757 0.002043 0.490819 0.006703 1.718237
0.412693 0.026509 0.040754 0.022082 0.002021 0.489210 0.006729 1.720900
0.417350 0.025393 0.039533 0.021370 0.001998 0.487602 0.006755 1.723436
0.422005 0.024351 0.038326 0.020716 0.001959 0.485858 0.006784 1.725869
0.426755 0.023331 0.037213 0.020016 0.001925 0.483946 0.006814 1.728213
0.431492 0.022398 0.036083 0.019368 0.001906 0.481913 0.006839 1.730469
0.436137 0.021631 0.034946 0.018743 0.001886 0.479802 0.006856 1.732568
0.440730 0.020820 0.033906 0.018163 0.001853 0.477645 0.006884 1.734666
0.445416 0.020123 0.032784 0.017547 0.001832 0.475393 0.006904 1.736614
0.450149 0.019441 0.031819 0.016991 0.001820 0.472855 0.006926 1.738582
0.454764 0.018770 0.030872 0.016452 0.001787 0.470402 0.006951 1.740478
0.459433 0.018157 0.029854 0.015972 0.001775 0.467837 0.006971 1.742304
0.464021 0.017584 0.028853 0.015432 0.001753 0.465366 0.006991 1.744070
0.468727 0.017033 0.027976 0.014898 0.001719 0.462633 0.007015 1.745801
0.473313 0.016514 0.027036 0.014418 0.001692 0.459993 0.007033 1.747462
0.477831 0.016115 0.026090 0.013978 0.001662 0.457267 0.007056 1.749019
0.482366 0.015745 0.025242 0.013519 0.001633 0.454419 0.007076 1.750546
0.486887 0.015378 0.024440 0.013130 0.001612 0.451456 0.007097 1.752077
0.491412 0.015012 0.023706 0.012727 0.001585 0.448441 0.007117 1.753546
0.495889 0.014687 0.023001 0.012300 0.001554 0.445426 0.007143 1.754986
0.500400 0.014332 0.022337 0.011925 0.001527 0.442314 0.007162 1.756443
0.504926 0.013969 0.021733 0.011601 0.001494 0.439096 0.007181 1.757875
0.509434 0.013616 0.021123 0.011287 0.001474 0.435868 0.007197 1.759276
0.513838 0.013381 0.020485 0.010976 0.001448 0.432651 0.007222 1.760589
0.518183 0.013116 0.019856 0.010642 0.001426 0.429538 0.007240 1.761882
0.522498 0.012866 0.019271 0.010345 0.001399 0.426360 0.007262 1.763155
0.526790 0.012595 0.018728 0.010042 0.001376 0.423188 0.007282 1.764421
0.531048 0.012443 0.018155 0.009785 0.001342 0.419933 0.007295 1.765601
0.535190 0.012271 0.017697 0.009539 0.001322 0.416675 0.007307 1.766819
0.539437 0.012041 0.017244 0.009271 0.001305 0.413383 0.007320 1.768010
0.543609 0.011866 0.016795 0.009018 0.001279 0.410096 0.007337 1.769191
0.547725 0.011737 0.016346 0.008756 0.001254 0.406824 0.007358 1.770344
0.551902 0.011601 0.015959 0.008530 0.001246 0.403392 0.007370 1.771463
0.555924 0.011492 0.015584 0.008321 0.001220 0.400076 0.007384 1.772570
0.559942 0.011309 0.015238 0.008132 0.001188 0.396791 0.007400 1.773684
0.563967 0.011167 0.014835 0.007948 0.001157 0.393513 0.007412 1.774756
0.567864 0.011032 0.014482 0.007771 0.001130 0.390293 0.007428 1.775841
0.571702 0.010950 0.014117 0.007599 0.001110 0.387081 0.007441 1.776881
0.575575 0.010858 0.013814 0.007397 0.001089 0.383813 0.007454 1.777935
0.579365 0.010784 0.013482 0.007245 0.001067 0.380591 0.007466 1.778959
0.583101 0.010676 0.013214 0.007139 0.001046 0.377346 0.007478 1.780049
0.586961 0.010566 0.012929 0.006998 0.001020 0.374034 0.007494 1.781095
0.590593 0.010520 0.012642 0.006886 0.001002 0.370854 0.007504 1.782115
0.594160 0.010469 0.012444 0.006740 0.000981 0.367688 0.007519 1.783140
0.597804 0.010450 0.012182 0.006629 0.000957 0.364444 0.007534 1.784121
0.601365 0.010397 0.012008 0.006508 0.000935 0.361236 0.007551 1.785147
0.604901 0.010326 0.011808 0.006430 0.000913 0.358059 0.007564 1.786204
0.608397 0.010260 0.011622 0.006339 0.000890 0.354917 0.007576 1.787219
0.611846 0.010235 0.011413 0.006269 0.000865 0.351786 0.007588 1.788207
0.615256 0.010260 0.011229 0.006169 0.000838 0.348643 0.007605 1.789178
0.618590 0.010186 0.011121 0.006076 0.000825 0.345586 0.007616 1.790208
0.621908 0.010157 0.010950 0.006026 0.000809 0.342524 0.007626 1.791191
0.625234 0.010136 0.010837 0.005920 0.000786 0.339448 0.007640 1.792157
0.628495 0.010120 0.010707 0.005867 0.000765 0.336394 0.007652 1.793154
0.631727 0.010074 0.010594 0.005823 0.000750 0.333375 0.007659 1.794158
0.634896 0.010131 0.010464 0.005756 0.000737 0.330348 0.007667 1.795116
0.638027 0.010110 0.010385 0.005686 0.000728 0.327389 0.007675 1.796107
0.641114 0.010099 0.010270 0.005654 0.000712 0.324467 0.007684 1.797113
0.644172 0.010110 0.010217 0.005572 0.000697 0.321541 0.007692 1.798110
0.647103 0.010140 0.010109 0.005519 0.000687 0.318741 0.007700 1.799077
0.650059 0.010201 0.009985 0.005462 0.000678 0.315906 0.007709 1.800034
0.653016 0.010235 0.009905 0.005407 0.000667 0.313053 0.007717 1.801003
0.655913 0.010312 0.009830 0.005372 0.000660 0.310190 0.007725 1.801992
0.658663 0.010361 0.009816 0.005336 0.000645 0.307447 0.007733 1.802978
0.661486 0.010323 0.009783 0.005317 0.000638 0.304711 0.007743 1.804039
0.664246 0.010366 0.009720 0.005305 0.000627 0.301986 0.007751 1.805045
0.666947 0.010335 0.009707 0.005293 0.000614 0.299344 0.007760 1.806110
0.669564 0.010392 0.009676 0.005277 0.000602 0.296722 0.007768 1.807134
0.672229 0.010454 0.009649 0.005264 0.000591 0.294041 0.007773 1.808152
0.674786 0.010514 0.009614 0.005263 0.000578 0.291466 0.007779 1.809184
0.677359 0.010553 0.009592 0.005232 0.000564 0.288912 0.007787 1.810217
0.679868 0.010614 0.009531 0.005223 0.000556 0.286411 0.007797 1.811240
0.682341 0.010644 0.009536 0.005246 0.000544 0.283886 0.007803 1.812326
0.684773 0.010682 0.009550 0.005275 0.000538 0.281373 0.007808 1.813396
0.687150 0.010797 0.009502 0.005245 0.000532 0.278958 0.007815 1.814390
0.689485 0.010873 0.009530 0.005271 0.000524 0.276495 0.007821 1.815463
0.691790 0.010929 0.009539 0.005269 0.000521 0.274126 0.007826 1.816521
0.694016 0.010973 0.009562 0.005287 0.000515 0.271812 0.007834 1.817612
0.696188 0.011011 0.009573 0.005318 0.000506 0.269566 0.007838 1.818690
0.698274 0.011095 0.009578 0.005301 0.000500 0.267408 0.007846 1.819748
0.700353 0.011238 0.009581 0.005310 0.000494 0.265174 0.007851 1.820836
0.702412 0.011328 0.009637 0.005342 0.000486 0.262938 0.007856 1.821958
0.704487 0.011411 0.009660 0.005334 0.000474 0.260768 0.007866 1.823091
0.706415 0.011522 0.009655 0.005387 0.000467 0.258685 0.007870 1.824223
0.708402 0.011629 0.009709 0.005396 0.000462 0.256528 0.007874 1.825350
0.710315 0.011768 0.009729 0.005435 0.000459 0.254414 0.007879 1.826508
0.712166 0.011851 0.009849 0.005450 0.000461 0.252338 0.007884 1.827680
0.713995 0.011971 0.009917 0.005470 0.000450 0.250308 0.007890 1.828853
0.715793 0.012012 0.010012 0.005505 0.000448 0.248330 0.007900 1.830079
0.717551 0.012150 0.010026 0.005511 0.000442 0.246414 0.007907 1.831262
0.719375 0.012256 0.010114 0.005529 0.000440 0.244372 0.007914 1.832462
0.721086 0.012357 0.010182 0.005584 0.000432 0.242439 0.007920 1.833710
0.722679 0.012530 0.010210 0.005599 0.000425 0.240633 0.007924 1.834908
0.724321 0.012714 0.010256 0.005632 0.000422 0.238723 0.007930 1.836109
0.725931 0.012842 0.010338 0.005666 0.000422 0.236867 0.007934 1.837366
0.727513 0.012999 0.010390 0.005698 0.000414 0.235047 0.007940 1.838609
0.728936 0.013152 0.010469 0.005765 0.000413 0.233319 0.007946 1.839901
0.730521 0.013206 0.010564 0.005823 0.000404 0.231533 0.007950 1.841226
0.732020 0.013291 0.010684 0.005870 0.000402 0.229778 0.007954 1.842543
0.733466 0.013482 0.010763 0.005920 0.000399 0.228011 0.007959 1.843825
0.734690 0.013633 0.010886 0.005980 0.000405 0.226443 0.007963 1.845205
0.736023 0.013757 0.010936 0.006030 0.000401 0.224886 0.007966 1.846545
0.737337 0.013905 0.011041 0.006074 0.000397 0.223275 0.007970 1.847900
0.738607 0.014026 0.011111 0.006111 0.000398 0.221773 0.007973 1.849276
0.739849 0.014218 0.011164 0.006144 0.000399 0.220248 0.007977 1.850626
0.740993 0.014371 0.011275 0.006237 0.000394 0.218749 0.007981 1.852041
0.742086 0.014570 0.011347 0.006280 0.000391 0.217341 0.007985 1.853448
0.743201 0.014705 0.011491 0.006370 0.000389 0.215857 0.007987 1.854907
0.744299 0.014894 0.011577 0.006420 0.000392 0.214428 0.007990 1.856327
0.745382 0.015061 0.011659 0.006462 0.000385 0.213056 0.007995 1.857799
0.746420 0.015210 0.011793 0.006537 0.000383 0.211658 0.007999 1.859288
0.747354 0.015329 0.011926 0.006565 0.000380 0.210444 0.008003 1.860813
0.748322 0.015537 0.012000 0.006580 0.000383 0.209169 0.008009 1.862271
0.749222 0.015644 0.012134 0.006656 0.000384 0.207943 0.008017 1.863817
0.750181 0.015797 0.012279 0.006745 0.000381 0.206596 0.008020 1.865354
0.750915 0.016050 0.012367 0.006783 0.000384 0.205475 0.008025 1.866857
0.751778 0.016166 0.012504 0.006878 0.000390 0.204257 0.008027 1.868466
0.752686 0.016375 0.012589 0.006937 0.000398 0.202985 0.008030 1.869991
0.753381 0.016594 0.012678 0.006993 0.000400 0.201917 0.008037 1.871576
0.754099 0.016779 0.012798 0.007067 0.000407 0.200809 0.008041 1.873191
0.754759 0.016943 0.012916 0.007137 0.000402 0.199799 0.008045 1.874819
0.755395 0.017085 0.013053 0.007233 0.000399 0.198784 0.008050 1.876500
0.756032 0.017228 0.013242 0.007293 0.000401 0.197751 0.008053 1.878200
0.756680 0.017351 0.013381 0.007392 0.000405 0.196733 0.008058 1.879898
0.757317 0.017435 0.013471 0.007474 0.000409 0.195833 0.008062 1.881607
0.757916 0.017618 0.013628 0.007536 0.000410 0.194827 0.008066 1.883298
0.758506 0.017792 0.013755 0.007607 0.000414 0.193856 0.008071 1.885000
0.759021 0.017944 0.013909 0.007671 0.000414 0.192966 0.008074 1.886770
0.759598 0.018054 0.014058 0.007723 0.000415 0.192072 0.008080 1.888537
0.760029 0.018211 0.014198 0.007832 0.000420 0.191227 0.008083 1.890346
0.760483 0.018326 0.014362 0.007916 0.000423 0.190402 0.008089 1.892148
0.760920 0.018445 0.014482 0.007959 0.000429 0.189670 0.008094 1.893960
0.761340 0.018568 0.014651 0.008009 0.000424 0.188908 0.008099 1.895804
0.761696 0.018750 0.014749 0.008067 0.000422 0.188212 0.008105 1.897603
0.762118 0.018785 0.014957 0.008146 0.000432 0.187454 0.008109 1.899526
0.762513 0.018955 0.015085 0.008225 0.000433 0.186677 0.008113 1.901379
0.762805 0.019036 0.015237 0.008286 0.000432 0.186086 0.008118 1.903310
0.763091 0.019241 0.015334 0.008387 0.000427 0.185396 0.008123 1.905163
0.763438 0.019375 0.015445 0.008477 0.000432 0.184705 0.008128 1.907050
0.763736 0.019453 0.015619 0.008499 0.000451 0.184113 0.008129 1.908978
0.764038 0.019616 0.015745 0.008526 0.000457 0.183483 0.008134 1.910843
0.764292 0.019781 0.015809 0.008538 0.000463 0.182977 0.008140 1.912713
0.764549 0.019884 0.015891 0.008606 0.000469 0.182454 0.008146 1.914642
0.764688 0.020047 0.016024 0.008633 0.000472 0.181984 0.008152 1.916576
0.764889 0.020162 0.016135 0.008708 0.000470 0.181475 0.008160 1.918566
0.764976 0.020351 0.016262 0.008823 0.000467 0.180958 0.008163 1.920533
0.765131 0.020411 0.016425 0.008942 0.000472 0.180451 0.008169 1.922571
0.765300 0.020404 0.016596 0.009011 0.000476 0.180042 0.008172 1.924636
0.765393 0.020545 0.016699 0.009080 0.000470 0.179635 0.008178 1.926630
0.765477 0.020593 0.016872 0.009126 0.000466 0.179282 0.008184 1.928712
0.765546 0.020769 0.016969 0.009170 0.000470 0.178885 0.008192 1.930687
0.765593 0.020916 0.016976 0.009244 0.000466 0.178607 0.008198 1.932710
0.765637 0.021038 0.017033 0.009278 0.000469 0.178340 0.008204 1.934746
0.765652 0.021081 0.017191 0.009348 0.000471 0.178050 0.008207 1.936870
0.765717 0.021261 0.017292 0.009393 0.000468 0.177655 0.008215 1.938892
0.765703 0.021331 0.017414 0.009463 0.000472 0.177394 0.008223 1.941007
0.765885 0.021323 0.017554 0.009545 0.000476 0.176989 0.008229 1.943109
0.765919 0.021418 0.017706 0.009582 0.000480 0.176659 0.008236 1.945210
0.765850 0.021569 0.017806 0.009647 0.000486 0.176403 0.008240 1.947331
0.765936 0.021570 0.017903 0.009679 0.000492 0.176173 0.008248 1.949443
0.766029 0.021552 0.017953 0.009725 0.000491 0.175998 0.008253 1.951557
0.766056 0.021662 0.017984 0.009787 0.000495 0.175759 0.008259 1.953649
0.765983 0.021764 0.018130 0.009829 0.000496 0.175534 0.008264 1.955783
0.765986 0.021848 0.018223 0.009849 0.000496 0.175325 0.008273 1.957920
0.766024 0.021780 0.018366 0.009910 0.000501 0.175138 0.008281 1.960123
0.765943 0.021888 0.018434 0.009958 0.000506 0.174986 0.008285 1.962243
0.765875 0.022016 0.018534 0.009987 0.000506 0.174791 0.008292 1.964368
0.765846 0.022048 0.018608 0.010053 0.000504 0.174644 0.008298 1.966557
0.765824 0.022082 0.018717 0.010058 0.000514 0.174499 0.008306 1.968747
0.765720 0.022186 0.018781 0.010073 0.000514 0.174413 0.008314 1.970890
0.765736 0.022248 0.018841 0.010063 0.000517 0.174277 0.008318 1.973029
0.765719 0.022314 0.018835 0.010095 0.000522 0.174193 0.008322 1.975160
0.765773 0.022264 0.018935 0.010119 0.000528 0.174054 0.008327 1.977370
0.765722 0.022353 0.018943 0.010145 0.000531 0.173976 0.008332 1.979507
0.765654 0.022352 0.019068 0.010187 0.000532 0.173870 0.008338 1.981736
0.765590 0.022343 0.019117 0.010198 0.000544 0.173868 0.008341 1.983903
0.765482 0.022398 0.019140 0.010228 0.000546 0.173861 0.008347 1.986082
0.765494 0.022397 0.019201 0.010307 0.000551 0.173695 0.008355 1.988284
0.765470 0.022468 0.019197 0.010351 0.000548 0.173609 0.008359 1.990456
0.765406 0.022428 0.019312 0.010404 0.000549 0.173535 0.008368 1.992712
0.765359 0.022446 0.019329 0.010390 0.000555 0.173549 0.008373 1.994877
0.765376 0.022425 0.019352 0.010408 0.000556 0.173505 0.008378 1.997048
0.765393 0.022356 0.019422 0.010460 0.000562 0.173424 0.008384 1.999305
0.765263 0.022371 0.019400 0.010516 0.000563 0.173495 0.008392 2.001521
0.765307 0.022375 0.019426 0.010573 0.000564 0.173359 0.008397 2.003717
0.765284 0.022351 0.019459 0.010602 0.000565 0.173337 0.008404 2.005935
0.765201 0.022349 0.019467 0.010619 0.000571 0.173383 0.008411 2.008137
0.765254 0.022362 0.019541 0.010566 0.000571 0.173287 0.008420 2.010310
0.765241 0.022362 0.019598 0.010560 0.000571 0.173242 0.008427 2.012493
0.765227 0.022367 0.019551 0.010633 0.000565 0.173226 0.008432 2.014686
0.765228 0.022300 0.019569 0.010670 0.000565 0.173232 0.008436 2.016896
0.765190 0.022257 0.019687 0.010712 0.000568 0.173147 0.008440 2.019128
0.765113 0.022323 0.019662 0.010674 0.000563 0.173218 0.008447 2.021275
0.765108 0.022327 0.019697 0.010686 0.000574 0.173155 0.008453 2.023451
0.765131 0.022275 0.019728 0.010709 0.000579 0.173117 0.008461 2.025624
0.765241 0.022200 0.019736 0.010684 0.000577 0.173094 0.008470 2.027825
0.765265 0.022199 0.019729 0.010674 0.000569 0.173087 0.008478 2.029997
0.765260 0.022172 0.019746 0.010711 0.000569 0.173060 0.008483 2.032199
0.765274 0.022127 0.019737 0.010696 0.000565 0.173111 0.008491 2.034392
0.765265 0.022171 0.019728 0.010657 0.000569 0.173115 0.008495 2.036513
0.765217 0.022153 0.019718 0.010648 0.000574 0.173190 0.008501 2.038687
0.765316 0.022133 0.019744 0.010605 0.000573 0.173123 0.008507 2.040828
0.765377 0.022036 0.019759 0.010611 0.000580 0.173125 0.008512 2.042984
0.765439 0.021937 0.019760 0.010620 0.000583 0.173143 0.008518 2.045176
0.765414 0.021872 0.019809 0.010650 0.000585 0.173149 0.008522 2.047375
0.765466 0.021823 0.019746 0.010649 0.000584 0.173207 0.008526 2.049474
0.765514 0.021818 0.019659 0.010625 0.000588 0.173261 0.008535 2.051592
0.765563 0.021810 0.019593 0.010637 0.000592 0.173264 0.008542 2.053720
0.765617 0.021762 0.019577 0.010624 0.000591 0.173280 0.008550 2.055832
0.765697 0.021689 0.019580 0.010631 0.000592 0.173258 0.008553 2.057969
0.765781 0.021578 0.019637 0.010638 0.000596 0.173209 0.008561 2.060126
0.765957 0.021533 0.019575 0.010624 0.000591 0.173151 0.008570 2.062212
0.766131 0.021428 0.019522 0.010605 0.000596 0.173144 0.008575 2.064334
0.766228 0.021369 0.019502 0.010556 0.000597 0.173167 0.008582 2.066457
0.766391 0.021273 0.019499 0.010563 0.000599 0.173083 0.008593 2.068609
0.766509 0.021236 0.019433 0.010520 0.000600 0.173105 0.008599 2.070682
0.766617 0.021234 0.019444 0.010436 0.000611 0.173053 0.008605 2.072714
0.766709 0.021209 0.019358 0.010494 0.000608 0.173010 0.008614 2.074788
0.766852 0.021204 0.019280 0.010485 0.000609 0.172950 0.008621 2.076827
0.766914 0.021214 0.019238 0.010427 0.000604 0.172973 0.008631 2.078893
0.767018 0.021230 0.019199 0.010402 0.000605 0.172909 0.008637 2.080922
0.767117 0.021211 0.019195 0.010397 0.000617 0.172822 0.008642 2.083024
0.767314 0.021147 0.019172 0.010375 0.000622 0.172722 0.008647 2.085085
0.767476 0.021022 0.019220 0.010386 0.000619 0.172618 0.008659 2.087227
0.767619 0.020979 0.019157 0.010300 0.000619 0.172660 0.008666 2.089261
0.767759 0.020935 0.019179 0.010317 0.000618 0.172519 0.008674 2.091346
0.767876 0.020917 0.019103 0.010330 0.000610 0.172479 0.008685 2.093400
0.768039 0.020852 0.019095 0.010289 0.000610 0.172424 0.008690 2.095457
0.768190 0.020736 0.019038 0.010292 0.000615 0.172431 0.008698 2.097550
0.768423 0.020654 0.019002 0.010265 0.000611 0.172342 0.008703 2.099583
0.768601 0.020611 0.018991 0.010248 0.000612 0.172227 0.008710 2.101604
0.768739 0.020588 0.018915 0.010218 0.000608 0.172216 0.008716 2.103593
0.769027 0.020507 0.018850 0.010175 0.000619 0.172099 0.008724 2.105576
0.769237 0.020429 0.018788 0.010117 0.000617 0.172078 0.008734 2.107569
0.769435 0.020417 0.018755 0.010075 0.000620 0.171960 0.008740 2.109528
0.769639 0.020437 0.018652 0.010058 0.000620 0.171847 0.008747 2.111463
0.769889 0.020378 0.018652 0.010002 0.000624 0.171701 0.008755 2.113442
0.770000 0.020333 0.018702 0.009998 0.000630 0.171574 0.008763 2.115497
0.770251 0.020354 0.018599 0.009960 0.000635 0.171434 0.008768 2.117447
0.770535 0.020273 0.018545 0.009915 0.000641 0.171320 0.008774 2.119401
0.770727 0.020258 0.018547 0.009859 0.000643 0.171188 0.008779 2.121365
0.770995 0.020233 0.018479 0.009827 0.000643 0.171040 0.008783 2.123331
0.771303 0.020130 0.018443 0.009815 0.000636 0.170878 0.008795 2.125305
0.771519 0.020043 0.018439 0.009842 0.000628 0.170730 0.008800 2.127327
0.771755 0.019977 0.018379 0.009837 0.000630 0.170615 0.008806 2.129289
0.771946 0.019926 0.018343 0.009839 0.000630 0.170503 0.008812 2.131261
0.772101 0.019912 0.018260 0.009831 0.000619 0.170455 0.008821 2.133209
0.772327 0.019895 0.018197 0.009773 0.000628 0.170352 0.008826 2.135146
0.772568 0.019824 0.018220 0.009742 0.000635 0.170179 0.008831 2.137093
0.772804 0.019685 0.018211 0.009692 0.000631 0.170138 0.008839 2.139069
0.773066 0.019614 0.018111 0.009679 0.000629 0.170055 0.008846 2.140980
0.773287 0.019603 0.018076 0.009624 0.000623 0.169932 0.008854 2.142878
0.773577 0.019569 0.017982 0.009598 0.000613 0.169791 0.008869 2.144747
0.773826 0.019567 0.017934 0.009556 0.000606 0.169636 0.008876 2.146634
0.773978 0.019500 0.017878 0.009595 0.000603 0.169562 0.008883 2.148578
0.774257 0.019477 0.017792 0.009556 0.000603 0.169422 0.008892 2.150452
0.774478 0.019456 0.017778 0.009508 0.000611 0.169274 0.008897 2.152361
0.774731 0.019463 0.017742 0.009434 0.000613 0.169114 0.008903 2.154214
0.774977 0.019369 0.017714 0.009480 0.000613 0.168935 0.008912 2.156184
0.775239 0.019324 0.017668 0.009467 0.000608 0.168772 0.008922 2.158090
0.775505 0.019275 0.017686 0.009442 0.000602 0.168561 0.008929 2.159967
0.775815 0.019197 0.017627 0.009474 0.000601 0.168349 0.008938 2.161879
0.776015 0.019252 0.017586 0.009427 0.000603 0.168173 0.008944 2.163719
0.776291 0.019191 0.017604 0.009431 0.000608 0.167929 0.008948 2.165642
0.776554 0.019118 0.017608 0.009414 0.000608 0.167743 0.008956 2.167554
0.776778 0.019068 0.017622 0.009386 0.000607 0.167576 0.008963 2.169411
0.777029 0.019019 0.017562 0.009351 0.000603 0.167467 0.008969 2.171263
0.777231 0.019033 0.017553 0.009365 0.000601 0.167242 0.008977 2.173141
0.777477 0.019011 0.017534 0.009332 0.000593 0.167068 0.008984 2.175004
0.777733 0.018971 0.017488 0.009355 0.000592 0.166869 0.008993 2.176867
0.778040 0.018933 0.017415 0.009328 0.000587 0.166697 0.009001 2.178715
0.778241 0.018924 0.017397 0.009333 0.000589 0.166509 0.009009 2.180579
0.778415 0.018887 0.017385 0.009335 0.000584 0.166378 0.009017 2.182492
0.778688 0.018905 0.017375 0.009281 0.000580 0.166147 0.009024 2.184308
0.778926 0.018917 0.017334 0.009267 0.000585 0.165940 0.009030 2.186161
0.779302 0.018793 0.017313 0.009291 0.000589 0.165678 0.009033 2.188019
0.779587 0.018754 0.017317 0.009258 0.000583 0.165460 0.009042 2.189865
0.779791 0.018741 0.017277 0.009251 0.000588 0.165307 0.009047 2.191713
0.780024 0.018734 0.017153 0.009222 0.000586 0.165229 0.009053 2.193558
0.780302 0.018753 0.017120 0.009171 0.000586 0.165008 0.009060 2.195371
0.780544 0.018745 0.017065 0.009144 0.000579 0.164853 0.009071 2.197205
0.780766 0.018720 0.017062 0.009184 0.000578 0.164610 0.009081 2.199047
0.780966 0.018741 0.017028 0.009162 0.000575 0.164439 0.009089 2.200885
0.781214 0.018738 0.016994 0.009173 0.000571 0.164213 0.009097 2.202738
0.781387 0.018770 0.016980 0.009120 0.000573 0.164066 0.009105 2.204569
0.781503 0.018828 0.016955 0.009119 0.000576 0.163910 0.009110 2.206435
0.781633 0.018900 0.016927 0.009156 0.000574 0.163693 0.009117 2.208253
0.781819 0.018919 0.016935 0.009131 0.000572 0.163499 0.009125 2.210098
0.781873 0.019017 0.016953 0.009103 0.000580 0.163342 0.009132 2.211917
0.782034 0.019098 0.016955 0.009116 0.000581 0.163080 0.009137 2.213750
0.782226 0.019029 0.016981 0.009147 0.000573 0.162903 0.009143 2.215643
0.782384 0.018997 0.016973 0.009158 0.000566 0.162771 0.009153 2.217517
0.782526 0.018964 0.016989 0.009155 0.000574 0.162634 0.009158 2.219422
0.782733 0.018943 0.016973 0.009184 0.000563 0.162438 0.009167 2.221277
0.782879 0.018981 0.017000 0.009133 0.000563 0.162269 0.009175 2.223126
0.782974 0.019091 0.016961 0.009114 0.000566 0.162111 0.009184 2.224928
0.783176 0.019093 0.016930 0.009126 0.000570 0.161915 0.009191 2.226797
0.783330 0.019160 0.016929 0.009122 0.000560 0.161701 0.009199 2.228653
0.783462 0.019108 0.016973 0.009108 0.000562 0.161580 0.009207 2.230564
0.783551 0.019161 0.016919 0.009075 0.000561 0.161522 0.009212 2.232418
0.783723 0.019094 0.016953 0.009065 0.000560 0.161387 0.009219 2.234345
0.783918 0.019080 0.016947 0.009100 0.000556 0.161175 0.009225 2.236212
0.784048 0.019106 0.016973 0.009088 0.000551 0.161000 0.009234 2.238058
0.784233 0.019077 0.016910 0.009112 0.000550 0.160877 0.009241 2.239898
0.784337 0.019140 0.016899 0.009130 0.000546 0.160700 0.009248 2.241740
0.784541 0.019059 0.016930 0.009155 0.000548 0.160515 0.009252 2.243658
0.784629 0.019144 0.016868 0.009154 0.000558 0.160390 0.009258 2.245482
0.784771 0.019079 0.016873 0.009188 0.000559 0.160268 0.009263 2.247398
0.784850 0.019125 0.016879 0.009193 0.000561 0.160124 0.009268 2.249240
0.784943 0.019160 0.016882 0.009184 0.000556 0.159999 0.009276 2.251116
0.785092 0.019186 0.016868 0.009177 0.000556 0.159840 0.009282 2.252988
0.785134 0.019222 0.016884 0.009187 0.000558 0.159729 0.009287 2.254871
0.785292 0.019201 0.016878 0.009185 0.000557 0.159589 0.009297 2.256737
0.785480 0.019133 0.016856 0.009206 0.000554 0.159469 0.009303 2.258634
0.785542 0.019153 0.016853 0.009176 0.000555 0.159412 0.009311 2.260478
0.785639 0.019165 0.016910 0.009174 0.000554 0.159243 0.009316 2.262351
0.785727 0.019178 0.016939 0.009161 0.000559 0.159115 0.009321 2.264248
0.785896 0.019104 0.016940 0.009195 0.000556 0.158982 0.009327 2.266202
0.786025 0.019047 0.016997 0.009174 0.000561 0.158861 0.009335 2.268091
0.786165 0.019006 0.016993 0.009161 0.000557 0.158776 0.009343 2.269968
0.786224 0.019070 0.016986 0.009172 0.000554 0.158641 0.009353 2.271851
0.786318 0.019076 0.016955 0.009176 0.000558 0.158557 0.009361 2.273725
0.786444 0.019096 0.016921 0.009196 0.000559 0.158417 0.009367 2.275591
0.786528 0.019069 0.016956 0.009209 0.000557 0.158312 0.009370 2.277501
0.786551 0.019169 0.016944 0.009169 0.000557 0.158234 0.009377 2.279343
0.786706 0.019118 0.016963 0.009154 0.000557 0.158122 0.009381 2.281229
0.786853 0.019131 0.016951 0.009118 0.000556 0.158003 0.009389 2.283087
0.786960 0.019105 0.016975 0.009099 0.000558 0.157910 0.009394 2.284984
0.787087 0.019132 0.016986 0.009133 0.000556 0.157704 0.009402 2.286847
0.787205 0.019153 0.016993 0.009134 0.000556 0.157553 0.009407 2.288708
0.787300 0.019147 0.017027 0.009119 0.000556 0.157438 0.009414 2.290582
0.787408 0.019099 0.017060 0.009140 0.000556 0.157317 0.009421 2.292486
0.787554 0.019022 0.017049 0.009194 0.000549 0.157205 0.009427 2.294395
0.787744 0.019012 0.017027 0.009195 0.000543 0.157045 0.009435 2.296257
0.787880 0.019013 0.017009 0.009181 0.000542 0.156935 0.009441 2.298120
0.787924 0.019069 0.016967 0.009137 0.000543 0.156913 0.009447 2.299955
0.787994 0.019101 0.016963 0.009132 0.000541 0.156816 0.009453 2.301807
0.787958 0.019213 0.016988 0.009127 0.000539 0.156717 0.009460 2.303663
0.788042 0.019092 0.017057 0.009157 0.000550 0.156636 0.009466 2.305634
0.788063 0.019190 0.017065 0.009116 0.000554 0.156542 0.009471 2.307483
0.788078 0.019257 0.017051 0.009102 0.000550 0.156483 0.009480 2.309337
0.788099 0.019314 0.017054 0.009124 0.000544 0.156374 0.009490 2.311235
0.788158 0.019368 0.017104 0.009116 0.000543 0.156212 0.009499 2.313130
0.788147 0.019421 0.017143 0.009112 0.000544 0.156126 0.009506 2.315017
0.788238 0.019378 0.017187 0.009160 0.000546 0.155980 0.009511 2.316973
0.788350 0.019410 0.017149 0.009172 0.000546 0.155857 0.009516 2.318825
0.788296 0.019438 0.017171 0.009203 0.000544 0.155822 0.009526 2.320751
0.788297 0.019438 0.017184 0.009176 0.000546 0.155828 0.009532 2.322639
0.788303 0.019514 0.017160 0.009143 0.000537 0.155803 0.009540 2.324498
0.788338 0.019539 0.017179 0.009129 0.000536 0.155733 0.009547 2.326418
0.788340 0.019578 0.017201 0.009086 0.000533 0.155710 0.009553 2.328301
0.788399 0.019500 0.017285 0.009159 0.000538 0.155563 0.009557 2.330295
0.788396 0.019478 0.017325 0.009159 0.000546 0.155534 0.009563 2.332257
0.788469 0.019487 0.017323 0.009187 0.000546 0.155420 0.009569 2.334185
0.788500 0.019503 0.017291 0.009197 0.000551 0.155386 0.009572 2.336100
0.788465 0.019539 0.017334 0.009239 0.000549 0.155295 0.009580 2.338065
0.788460 0.019528 0.017402 0.009240 0.000553 0.155236 0.009582 2.339989
0.788389 0.019604 0.017403 0.009291 0.000547 0.155177 0.009590 2.341912
0.788392 0.019680 0.017389 0.009284 0.000551 0.155110 0.009596 2.343764
0.788394 0.019633 0.017420 0.009293 0.000556 0.155103 0.009602 2.345706
0.788370 0.019694 0.017348 0.009305 0.000555 0.155121 0.009608 2.347621
0.788309 0.019739 0.017385 0.009326 0.000552 0.155077 0.009613 2.349550
0.788240 0.019806 0.017440 0.009316 0.000553 0.155026 0.009618 2.351482
0.788240 0.019807 0.017476 0.009326 0.000561 0.154964 0.009626 2.353413
0.788326 0.019726 0.017510 0.009320 0.000565 0.154920 0.009633 2.355374
0.788303 0.019732 0.017531 0.009308 0.000569 0.154920 0.009638 2.357340
0.788278 0.019765 0.017531 0.009298 0.000562 0.154916 0.009650 2.359259
0.788269 0.019746 0.017567 0.009306 0.000566 0.154891 0.009655 2.361212
0.788282 0.019752 0.017566 0.009356 0.000565 0.154813 0.009665 2.363176
0.788213 0.019780 0.017592 0.009350 0.000565 0.154829 0.009672 2.365108
0.788167 0.019856 0.017613 0.009283 0.000573 0.154831 0.009678 2.367040
0.788172 0.019875 0.017610 0.009278 0.000580 0.154801 0.009684 2.368972
0.788057 0.019929 0.017635 0.009291 0.000574 0.154823 0.009691 2.370922
0.788075 0.019950 0.017579 0.009296 0.000567 0.154834 0.009699 2.372837
0.788096 0.019979 0.017596 0.009265 0.000569 0.154790 0.009705 2.374734
0.788009 0.020058 0.017645 0.009294 0.000570 0.154713 0.009712 2.376676
0.787950 0.020079 0.017606 0.009275 0.000569 0.154803 0.009717 2.378625
0.787957 0.020033 0.017667 0.009299 0.000563 0.154760 0.009722 2.380618
0.787891 0.019970 0.017718 0.009328 0.000556 0.154805 0.009732 2.382619
0.787777 0.019940 0.017749 0.009388 0.000560 0.154843 0.009741 2.384636
0.787780 0.019908 0.017713 0.009402 0.000563 0.154883 0.009750 2.386601
0.787703 0.019898 0.017741 0.009381 0.000561 0.154959 0.009757 2.388583
0.787682 0.019896 0.017772 0.009412 0.000567 0.154912 0.009760 2.390541
0.787705 0.019907 0.017715 0.009411 0.000572 0.154924 0.009766 2.392475
0.787709 0.019916 0.017709 0.009406 0.000573 0.154917 0.009771 2.394409
0.787620 0.019959 0.017747 0.009397 0.000578 0.154922 0.009778 2.396352
0.787568 0.020024 0.017727 0.009357 0.000584 0.154957 0.009783 2.398284
0.787513 0.020010 0.017759 0.009371 0.000590 0.154969 0.009790 2.400291
0.787393 0.020058 0.017726 0.009376 0.000583 0.155066 0.009799 2.402237
0.787404 0.020018 0.017748 0.009434 0.000592 0.155000 0.009804 2.404234
0.787381 0.020014 0.017733 0.009418 0.000589 0.155055 0.009811 2.406187
0.787381 0.020016 0.017715 0.009457 0.000580 0.155037 0.009816 2.408130
0.787341 0.020093 0.017711 0.009458 0.000578 0.154999 0.009822 2.410065
0.787388 0.020062 0.017743 0.009493 0.000572 0.154915 0.009827 2.412041
0.787354 0.020095 0.017799 0.009453 0.000568 0.154893 0.009837 2.414000
0.787338 0.020047 0.017854 0.009474 0.000570 0.154874 0.009844 2.416006
0.787274 0.020118 0.017847 0.009488 0.000565 0.154854 0.009853 2.417943
0.787209 0.020101 0.017803 0.009505 0.000565 0.154957 0.009859 2.419915
0.787225 0.020092 0.017855 0.009526 0.000561 0.154878 0.009864 2.421892
0.787163 0.020085 0.017897 0.009480 0.000560 0.154945 0.009871 2.423867
0.787192 0.019963 0.017951 0.009481 0.000564 0.154975 0.009875 2.425869
0.787186 0.019993 0.017982 0.009468 0.000565 0.154925 0.009882 2.427835
0.787176 0.019967 0.017918 0.009533 0.000560 0.154956 0.009890 2.429818
0.787078 0.019957 0.017949 0.009584 0.000560 0.154976 0.009896 2.431800
0.787078 0.019985 0.017961 0.009584 0.000568 0.154922 0.009901 2.433749
0.786993 0.020048 0.017891 0.009571 0.000568 0.155021 0.009907 2.435681
0.787005 0.019994 0.017889 0.009607 0.000566 0.155021 0.009917 2.437696
0.786975 0.019949 0.017910 0.009593 0.000570 0.155079 0.009924 2.439727
0.787027 0.019914 0.017929 0.009606 0.000559 0.155031 0.009932 2.441691
0.786900 0.019953 0.017948 0.009599 0.000558 0.155101 0.009941 2.443644
0.786861 0.019997 0.017880 0.009593 0.000554 0.155168 0.009947 2.445582
0.786887 0.020013 0.017859 0.009565 0.000552 0.155171 0.009953 2.447481
0.786876 0.019913 0.017896 0.009573 0.000552 0.155232 0.009959 2.449466
0.786860 0.019910 0.017944 0.009545 0.000554 0.155224 0.009965 2.451445
0.786799 0.019923 0.017949 0.009517 0.000559 0.155281 0.009971 2.453399
0.786783 0.019923 0.017919 0.009516 0.000554 0.155323 0.009982 2.455364
0.786805 0.019884 0.017950 0.009470 0.000542 0.155355 0.009993 2.457328
0.786814 0.019903 0.017950 0.009440 0.000553 0.155342 0.009998 2.459285
0.786831 0.019851 0.017951 0.009431 0.000559 0.155375 0.010002 2.461258
0.786789 0.019844 0.017944 0.009470 0.000560 0.155386 0.010007 2.463215
0.786733 0.019855 0.017885 0.009445 0.000563 0.155506 0.010013 2.465139
0.786773 0.019845 0.017940 0.009470 0.000569 0.155384 0.010019 2.467091
0.786788 0.019901 0.017873 0.009466 0.000572 0.155374 0.010027 2.468970
0.786845 0.019849 0.017867 0.009496 0.000574 0.155337 0.010032 2.470932
0.786857 0.019786 0.017935 0.009509 0.000576 0.155298 0.010040 2.472936
0.786841 0.019781 0.017872 0.009532 0.000572 0.155357 0.010046 2.474856
0.786877 0.019700 0.017923 0.009515 0.000577 0.155356 0.010053 2.476820
0.786812 0.019778 0.017849 0.009567 0.000574 0.155363 0.010059 2.478746
0.786823 0.019785 0.017863 0.009564 0.000569 0.155334 0.010063 2.480732
0.786875 0.019748 0.017911 0.009546 0.000568 0.155282 0.010070 2.482707
0.786838 0.019720 0.017878 0.009520 0.000568 0.155403 0.010075 2.484657
0.786810 0.019665 0.017945 0.009492 0.000566 0.155439 0.010084 2.486648
0.786768 0.019682 0.017925 0.009475 0.000567 0.155493 0.010090 2.488581
0.786809 0.019681 0.017876 0.009437 0.000566 0.155537 0.010095 2.490480
0.786791 0.019672 0.017861 0.009460 0.000567 0.155548 0.010102 2.492422
0.786750 0.019666 0.017863 0.009471 0.000570 0.155570 0.010110 2.494407
0.786718 0.019713 0.017830 0.009469 0.000573 0.155580 0.010118 2.496341
0.786691 0.019756 0.017734 0.009508 0.000570 0.155618 0.010124 2.498263
0.786739 0.019702 0.017667 0.009493 0.000568 0.155699 0.010132 2.500202
0.786740 0.019761 0.017634 0.009516 0.000566 0.155642 0.010142 2.502102
0.786838 0.019714 0.017698 0.009497 0.000564 0.155541 0.010148 2.504065
0.786821 0.019765 0.017679 0.009488 0.000564 0.155528 0.010156 2.506001
0.786836 0.019769 0.017670 0.009504 0.000565 0.155494 0.010162 2.507933
0.786859 0.019685 0.017710 0.009532 0.000563 0.155484 0.010168 2.509934
0.786925 0.019652 0.017723 0.009502 0.000561 0.155461 0.010176 2.511864
0.786924 0.019665 0.017765 0.009480 0.000564 0.155420 0.010182 2.513785
0.786995 0.019699 0.017755 0.009476 0.000571 0.155317 0.010187 2.515659
0.786954 0.019741 0.017728 0.009465 0.000577 0.155345 0.010191 2.517620
0.787020 0.019687 0.017784 0.009453 0.000573 0.155286 0.010196 2.519578
0.787057 0.019764 0.017722 0.009428 0.000575 0.155249 0.010204 2.521428
0.787046 0.019852 0.017639 0.009390 0.000576 0.155289 0.010208 2.523279
0.787068 0.019827 0.017566 0.009435 0.000575 0.155314 0.010215 2.525201
0.787102 0.019781 0.017602 0.009429 0.000569 0.155295 0.010222 2.527149
0.787118 0.019832 0.017551 0.009455 0.000574 0.155241 0.010230 2.529062
0.787127 0.019798 0.017617 0.009437 0.000569 0.155217 0.010235 2.530983
0.787109 0.019816 0.017649 0.009404 0.000575 0.155205 0.010242 2.532902
0.787101 0.019878 0.017635 0.009400 0.000582 0.155153 0.010252 2.534824
0.787146 0.019801 0.017667 0.009409 0.000587 0.155133 0.010257 2.536795
0.787076 0.019783 0.017601 0.009471 0.000589 0.155216 0.010264 2.538780
0.787100 0.019749 0.017600 0.009456 0.000582 0.155242 0.010271 2.540695
0.787111 0.019682 0.017636 0.009463 0.000581 0.155246 0.010280 2.542679
0.787105 0.019746 0.017640 0.009420 0.000583 0.155218 0.010288 2.544564
0.787196 0.019754 0.017597 0.009427 0.000585 0.155149 0.010292 2.546503
0.787222 0.019770 0.017588 0.009402 0.000582 0.155140 0.010298 2.548410
0.787297 0.019721 0.017611 0.009427 0.000577 0.155060 0.010308 2.550343
0.787301 0.019671 0.017616 0.009480 0.000578 0.155039 0.010316 2.552351
0.787345 0.019680 0.017597 0.009487 0.000578 0.154994 0.010321 2.554279
0.787403 0.019668 0.017531 0.009491 0.000581 0.154998 0.010328 2.556186
0.787433 0.019633 0.017576 0.009482 0.000588 0.154956 0.010331 2.558136
0.787408 0.019647 0.017601 0.009465 0.000591 0.154950 0.010337 2.560053
0.787434 0.019634 0.017615 0.009432 0.000593 0.154947 0.010344 2.561953
0.787445 0.019610 0.017614 0.009420 0.000585 0.154969 0.010356 2.563874
0.787510 0.019609 0.017614 0.009415 0.000583 0.154907 0.010362 2.565772
0.787532 0.019569 0.017618 0.009426 0.000587 0.154902 0.010367 2.567713
0.787556 0.019517 0.017646 0.009398 0.000585 0.154926 0.010374 2.569667
0.787594 0.019489 0.017668 0.009407 0.000587 0.154877 0.010379 2.571592
0.787592 0.019548 0.017649 0.009384 0.000587 0.154855 0.010385 2.573455
0.787561 0.019555 0.017631 0.009357 0.000590 0.154917 0.010390 2.575368
0.787610 0.019496 0.017596 0.009328 0.000584 0.154993 0.010395 2.577284
0.787637 0.019527 0.017570 0.009285 0.000588 0.154991 0.010402 2.579179
0.787712 0.019470 0.017565 0.009248 0.000587 0.155006 0.010413 2.581092
0.787687 0.019490 0.017545 0.009259 0.000588 0.155009 0.010422 2.582998
0.787731 0.019465 0.017554 0.009262 0.000589 0.154973 0.010426 2.584906
0.787853 0.019389 0.017556 0.009251 0.000589 0.154930 0.010433 2.586812
0.787924 0.019364 0.017501 0.009224 0.000583 0.154964 0.010442 2.588701
0.787948 0.019362 0.017419 0.009244 0.000588 0.154991 0.010449 2.590596
0.787934 0.019388 0.017436 0.009219 0.000583 0.154985 0.010457 2.592508
0.787976 0.019402 0.017452 0.009225 0.000584 0.154897 0.010465 2.594455
0.788014 0.019381 0.017462 0.009240 0.000581 0.154852 0.010469 2.596372
0.788079 0.019354 0.017447 0.009232 0.000573 0.154838 0.010478 2.598272
0.788182 0.019240 0.017468 0.009302 0.000575 0.154747 0.010487 2.600263
0.788238 0.019280 0.017464 0.009285 0.000572 0.154667 0.010494 2.602121
0.788259 0.019351 0.017418 0.009260 0.000573 0.154639 0.010500 2.603976
0.788364 0.019334 0.017390 0.009265 0.000569 0.154573 0.010505 2.605855
0.788400 0.019290 0.017387 0.009274 0.000569 0.154566 0.010514 2.607771
0.788477 0.019300 0.017384 0.009253 0.000567 0.154498 0.010520 2.609668
0.788484 0.019325 0.017377 0.009244 0.000563 0.154484 0.010524 2.611556
0.788535 0.019287 0.017454 0.009280 0.000563 0.154352 0.010529 2.613511
0.788548 0.019329 0.017412 0.009251 0.000567 0.154354 0.010540 2.615356
0.788522 0.019312 0.017427 0.009232 0.000571 0.154390 0.010546 2.617265
0.788512 0.019268 0.017450 0.009239 0.000563 0.154414 0.010554 2.619206
0.788597 0.019249 0.017364 0.009275 0.000555 0.154398 0.010561 2.621075
0.788644 0.019296 0.017319 0.009303 0.000556 0.154314 0.010568 2.622927
0.788654 0.019326 0.017270 0.009319 0.000556 0.154302 0.010573 2.624822
0.788656 0.019363 0.017258 0.009306 0.000555 0.154282 0.010579 2.626703
0.788689 0.019319 0.017232 0.009315 0.000557 0.154301 0.010586 2.628637
0.788680 0.019285 0.017252 0.009328 0.000544 0.154317 0.010594 2.630549
0.788746 0.019250 0.017247 0.009278 0.000540 0.154337 0.010601 2.632411
0.788846 0.019253 0.017260 0.009255 0.000539 0.154240 0.010607 2.634270
0.788951 0.019195 0.017300 0.009217 0.000541 0.154181 0.010614 2.636150
0.789032 0.019223 0.017303 0.009219 0.000542 0.154060 0.010621 2.638008
0.789042 0.019297 0.017272 0.009175 0.000537 0.154048 0.010628 2.639860
0.789019 0.019360 0.017302 0.009187 0.000537 0.153961 0.010633 2.641739
0.789037 0.019308 0.017283 0.009189 0.000536 0.154008 0.010639 2.643663
0.789063 0.019250 0.017305 0.009257 0.000541 0.153940 0.010645 2.645627
0.789095 0.019343 0.017287 0.009278 0.000535 0.153811 0.010652 2.647474
0.789145 0.019342 0.017262 0.009293 0.000534 0.153765 0.010659 2.649362
0.789183 0.019306 0.017309 0.009270 0.000532 0.153735 0.010665 2.651282
0.789212 0.019316 0.017329 0.009296 0.000534 0.153642 0.010672 2.653178
0.789235 0.019328 0.017292 0.009314 0.000543 0.153611 0.010677 2.655087
0.789275 0.019348 0.017319 0.009275 0.000544 0.153553 0.010685 2.656965
0.789243 0.019347 0.017350 0.009279 0.000542 0.153548 0.010692 2.658876
0.789332 0.019319 0.017326 0.009304 0.000547 0.153470 0.010701 2.660767
0.789284 0.019366 0.017295 0.009305 0.000546 0.153496 0.010707 2.662687
0.789298 0.019362 0.017339 0.009294 0.000545 0.153451 0.010712 2.664563
0.789310 0.019427 0.017222 0.009283 0.000543 0.153500 0.010716 2.666401
0.789383 0.019396 0.017204 0.009290 0.000543 0.153461 0.010723 2.668318
0.789371 0.019417 0.017189 0.009288 0.000545 0.153459 0.010732 2.670176
0.789313 0.019405 0.017220 0.009292 0.000554 0.153479 0.010737 2.672126
0.789317 0.019375 0.017224 0.009320 0.000551 0.153469 0.010744 2.674042
0.789311 0.019355 0.017192 0.009304 0.000556 0.153528 0.010755 2.675931
0.789290 0.019399 0.017140 0.009313 0.000555 0.153544 0.010759 2.677816
0.789316 0.019375 0.017169 0.009362 0.000555 0.153457 0.010766 2.679749
0.789304 0.019388 0.017223 0.009353 0.000549 0.153409 0.010775 2.681660
0.789283 0.019440 0.017167 0.009335 0.000547 0.153448 0.010781 2.683523
0.789312 0.019454 0.017202 0.009330 0.000547 0.153367 0.010787 2.685418
0.789343 0.019456 0.017200 0.009312 0.000545 0.153352 0.010793 2.687329
0.789350 0.019533 0.017170 0.009314 0.000552 0.153284 0.010797 2.689170
