0.348021 0.063527 0.056565 0.032189 0.002100 0.491554 0.006045 1.599032
0.350037 0.061577 0.056541 0.032093 0.002108 0.491575 0.006070 1.605170
0.352785 0.059165 0.056340 0.031853 0.002107 0.491649 0.006100 1.611076
0.355779 0.056576 0.056052 0.031578 0.002122 0.491768 0.006124 1.616777
0.359125 0.053911 0.055687 0.031217 0.002116 0.491788 0.006157 1.622209
0.362789 0.051290 0.055108 0.030730 0.002116 0.491782 0.006184 1.627316
0.366466 0.048840 0.054361 0.030205 0.002124 0.491793 0.006211 1.632173
0.370442 0.046318 0.053628 0.029689 0.002124 0.491565 0.006236 1.636870
0.374404 0.043974 0.052764 0.029050 0.002122 0.491425 0.006262 1.641330
0.378631 0.041747 0.051857 0.028315 0.002125 0.491035 0.006290 1.645573
0.382805 0.039707 0.050788 0.027638 0.002119 0.490627 0.006316 1.649552
0.387119 0.037716 0.049620 0.026974 0.002100 0.490131 0.006340 1.653343
0.391420 0.035946 0.048483 0.026242 0.002087 0.489455 0.006368 1.656895
0.395852 0.034246 0.047400 0.025512 0.002083 0.488516 0.006390 1.660326
0.400262 0.032574 0.046272 0.024866 0.002061 0.487549 0.006416 1.663667
0.404650 0.031139 0.045152 0.024137 0.002049 0.486428 0.006445 1.666772
0.409131 0.029684 0.044017 0.023505 0.002037 0.485153 0.006473 1.669788
0.413761 0.028358 0.042834 0.022813 0.002018 0.483717 0.006497 1.672631
0.418306 0.027189 0.041650 0.022129 0.001996 0.482204 0.006526 1.675329
0.422862 0.025993 0.040523 0.021451 0.001976 0.480641 0.006553 1.677987
0.427495 0.024982 0.039270 0.020795 0.001966 0.478916 0.006576 1.680437
0.431960 0.023999 0.037976 0.020205 0.001936 0.477321 0.006603 1.682849
0.436590 0.023086 0.036971 0.019579 0.001914 0.475232 0.006628 1.685195
0.441015 0.022292 0.035822 0.018902 0.001881 0.473427 0.006660 1.687388
0.445580 0.021490 0.034768 0.018245 0.001858 0.471378 0.006680 1.689567
0.450163 0.020721 0.033692 0.017680 0.001815 0.469219 0.006710 1.691640
0.454767 0.019991 0.032669 0.017158 0.001789 0.466892 0.006733 1.693685
0.459362 0.019322 0.031680 0.016613 0.001760 0.464506 0.006758 1.695635
0.463823 0.018721 0.030632 0.016054 0.001736 0.462251 0.006784 1.697490
0.468312 0.018114 0.029664 0.015573 0.001707 0.459824 0.006806 1.699322
0.472740 0.017584 0.028801 0.015105 0.001681 0.457260 0.006831 1.701076
0.477282 0.017087 0.027920 0.014572 0.001648 0.454636 0.006855 1.702786
0.481777 0.016629 0.027042 0.014111 0.001612 0.451951 0.006878 1.704459
0.486236 0.016192 0.026223 0.013654 0.001585 0.449210 0.006899 1.706080
0.490625 0.015756 0.025445 0.013285 0.001558 0.446412 0.006918 1.707695
0.495065 0.015392 0.024572 0.012876 0.001531 0.443626 0.006938 1.709218
0.499361 0.015016 0.023859 0.012500 0.001493 0.440807 0.006962 1.710753
0.503840 0.014646 0.023147 0.012110 0.001459 0.437814 0.006984 1.712221
0.508247 0.014376 0.022433 0.011773 0.001433 0.434738 0.007000 1.713608
0.512494 0.014131 0.021768 0.011432 0.001412 0.431746 0.007017 1.715009
0.516690 0.013887 0.021132 0.011083 0.001386 0.428788 0.007035 1.716378
0.520873 0.013621 0.020539 0.010786 0.001358 0.425771 0.007053 1.717722
0.525128 0.013425 0.019921 0.010473 0.001330 0.422655 0.007068 1.719007
0.529296 0.013135 0.019374 0.010227 0.001311 0.419576 0.007082 1.720344
0.533461 0.012894 0.018836 0.009926 0.001279 0.416506 0.007097 1.721636
0.537659 0.012672 0.018350 0.009686 0.001251 0.413269 0.007114 1.722907
0.541751 0.012463 0.017872 0.009433 0.001233 0.410119 0.007130 1.724164
0.545890 0.012327 0.017364 0.009166 0.001204 0.406903 0.007146 1.725352
0.549979 0.012178 0.016891 0.008915 0.001185 0.403688 0.007165 1.726560
0.553947 0.011989 0.016489 0.008742 0.001159 0.400494 0.007180 1.727773
0.557945 0.011857 0.016064 0.008548 0.001133 0.397261 0.007191 1.728937
0.561910 0.011698 0.015669 0.008356 0.001114 0.394047 0.007206 1.730085
0.565864 0.011574 0.015355 0.008193 0.001089 0.390709 0.007217 1.731262
0.569764 0.011473 0.014950 0.007997 0.001065 0.387520 0.007233 1.732350
0.573637 0.011318 0.014621 0.007788 0.001038 0.384348 0.007250 1.733468
0.577371 0.011200 0.014341 0.007604 0.001019 0.381204 0.007263 1.734572
0.581178 0.011067 0.014062 0.007443 0.000989 0.377982 0.007279 1.735677
0.584959 0.010964 0.013775 0.007272 0.000970 0.374768 0.007293 1.736738
0.588605 0.010862 0.013496 0.007148 0.000946 0.371637 0.007305 1.737822
0.592208 0.010763 0.013260 0.007028 0.000933 0.368489 0.007320 1.738906
0.595856 0.010658 0.012969 0.006890 0.000914 0.365379 0.007336 1.739924
0.599486 0.010596 0.012715 0.006754 0.000897 0.362205 0.007348 1.740926
0.603095 0.010569 0.012487 0.006616 0.000871 0.359004 0.007360 1.741951
0.606578 0.010478 0.012312 0.006503 0.000848 0.355908 0.007374 1.743011
0.610070 0.010426 0.012106 0.006371 0.000825 0.352817 0.007385 1.744017
0.613535 0.010325 0.011943 0.006289 0.000812 0.349703 0.007393 1.745072
0.616882 0.010316 0.011772 0.006204 0.000787 0.346629 0.007410 1.746083
0.620319 0.010297 0.011554 0.006151 0.000771 0.343488 0.007419 1.747063
0.623652 0.010238 0.011398 0.006048 0.000754 0.340482 0.007430 1.748072
0.626954 0.010155 0.011257 0.005983 0.000740 0.337474 0.007438 1.749089
0.630248 0.010159 0.011117 0.005872 0.000720 0.334437 0.007448 1.750061
0.633492 0.010121 0.011007 0.005783 0.000708 0.331433 0.007457 1.751054
0.636660 0.010104 0.010846 0.005700 0.000694 0.328529 0.007468 1.752005
0.639713 0.010103 0.010701 0.005629 0.000675 0.325703 0.007476 1.752989
0.642815 0.010085 0.010589 0.005577 0.000655 0.322791 0.007488 1.753971
0.645759 0.010069 0.010476 0.005546 0.000641 0.320012 0.007498 1.754956
0.648821 0.010020 0.010352 0.005513 0.000629 0.317159 0.007506 1.755941
0.651876 0.010011 0.010230 0.005463 0.000621 0.314284 0.007515 1.756892
0.654850 0.009944 0.010189 0.005387 0.000609 0.311502 0.007520 1.757903
0.657780 0.009984 0.010082 0.005347 0.000589 0.308689 0.007530 1.758842
0.660644 0.009987 0.010018 0.005299 0.000579 0.305934 0.007539 1.759845
0.663475 0.009952 0.009962 0.005241 0.000566 0.303259 0.007547 1.760849
0.666229 0.009988 0.009879 0.005183 0.000561 0.300608 0.007553 1.761808
0.669043 0.009962 0.009824 0.005168 0.000553 0.297893 0.007558 1.762786
0.671760 0.009962 0.009746 0.005141 0.000538 0.295288 0.007565 1.763753
0.674390 0.009964 0.009686 0.005124 0.000529 0.292734 0.007573 1.764742
0.677019 0.009979 0.009640 0.005090 0.000520 0.290175 0.007578 1.765700
0.679636 0.009994 0.009561 0.005079 0.000511 0.287634 0.007586 1.766682
0.682305 0.009991 0.009469 0.005026 0.000505 0.285113 0.007592 1.767618
0.684891 0.009978 0.009472 0.005021 0.000493 0.282549 0.007597 1.768652
0.687469 0.009997 0.009428 0.005004 0.000479 0.280020 0.007604 1.769614
0.689945 0.009986 0.009410 0.005025 0.000463 0.277558 0.007614 1.770610
0.692311 0.010038 0.009423 0.005033 0.000457 0.275118 0.007621 1.771613
0.694747 0.010087 0.009420 0.005000 0.000448 0.272670 0.007628 1.772596
0.697117 0.010108 0.009403 0.005017 0.000442 0.270281 0.007633 1.773594
0.699499 0.010133 0.009352 0.004996 0.000435 0.267945 0.007640 1.774587
0.701754 0.010163 0.009351 0.004968 0.000428 0.265690 0.007645 1.775592
0.703962 0.010247 0.009340 0.004941 0.000423 0.263434 0.007652 1.776580
0.706175 0.010248 0.009349 0.004950 0.000421 0.261202 0.007657 1.777598
0.708318 0.010326 0.009342 0.004937 0.000412 0.259002 0.007663 1.778586
0.710510 0.010365 0.009329 0.004909 0.000410 0.256810 0.007667 1.779602
0.712637 0.010375 0.009339 0.004939 0.000405 0.254635 0.007671 1.780650
0.714743 0.010388 0.009290 0.004941 0.000400 0.252565 0.007673 1.781663
0.716774 0.010446 0.009321 0.004916 0.000397 0.250467 0.007678 1.782687
0.718788 0.010569 0.009298 0.004909 0.000394 0.248360 0.007682 1.783671
0.720733 0.010607 0.009266 0.004917 0.000390 0.246402 0.007685 1.784704
0.722688 0.010681 0.009266 0.004910 0.000382 0.244382 0.007691 1.785713
0.724649 0.010693 0.009308 0.004934 0.000383 0.242338 0.007695 1.786809
0.726625 0.010755 0.009337 0.004987 0.000378 0.240221 0.007697 1.787869
0.728517 0.010812 0.009356 0.004980 0.000376 0.238258 0.007703 1.788924
0.730392 0.010865 0.009369 0.004977 0.000363 0.236324 0.007709 1.789957
0.732208 0.010898 0.009353 0.005026 0.000360 0.234439 0.007717 1.791057
0.734102 0.010924 0.009433 0.005002 0.000359 0.232457 0.007724 1.792121
0.735892 0.010969 0.009468 0.005032 0.000359 0.230553 0.007727 1.793202
0.737632 0.011028 0.009498 0.005036 0.000355 0.228719 0.007731 1.794271
0.739301 0.011099 0.009486 0.005046 0.000354 0.226979 0.007735 1.795338
0.740940 0.011199 0.009519 0.005057 0.000355 0.225191 0.007739 1.796411
0.742575 0.011279 0.009550 0.005095 0.000351 0.223404 0.007744 1.797542
0.744202 0.011299 0.009608 0.005136 0.000348 0.221661 0.007747 1.798677
0.745732 0.011371 0.009673 0.005172 0.000341 0.219960 0.007752 1.799821
0.747325 0.011447 0.009771 0.005195 0.000331 0.218174 0.007759 1.800951
0.748848 0.011545 0.009804 0.005209 0.000335 0.216499 0.007760 1.802063
0.750273 0.011728 0.009808 0.005196 0.000334 0.214895 0.007766 1.803146
0.751689 0.011758 0.009881 0.005230 0.000333 0.213340 0.007770 1.804345
0.753129 0.011859 0.009921 0.005246 0.000329 0.211739 0.007777 1.805507
0.754515 0.011942 0.009974 0.005288 0.000329 0.210172 0.007782 1.806674
0.755907 0.011988 0.010059 0.005322 0.000327 0.208612 0.007784 1.807853
0.757242 0.012041 0.010126 0.005342 0.000321 0.207141 0.007789 1.809045
0.758572 0.012113 0.010136 0.005349 0.000320 0.205717 0.007794 1.810230
0.759834 0.012232 0.010203 0.005397 0.000322 0.204217 0.007796 1.811437
0.761028 0.012359 0.010255 0.005461 0.000322 0.202775 0.007799 1.812652
0.762270 0.012435 0.010334 0.005510 0.000317 0.201331 0.007803 1.813882
0.763519 0.012537 0.010426 0.005524 0.000318 0.199869 0.007808 1.815115
0.764674 0.012603 0.010477 0.005567 0.000319 0.198547 0.007813 1.816353
0.765765 0.012691 0.010576 0.005621 0.000322 0.197207 0.007818 1.817627
0.766875 0.012752 0.010641 0.005667 0.000315 0.195930 0.007822 1.818899
0.767934 0.012871 0.010725 0.005693 0.000321 0.194633 0.007824 1.820179
0.768939 0.013018 0.010812 0.005729 0.000324 0.193353 0.007826 1.821451
0.769911 0.013148 0.010868 0.005773 0.000323 0.192149 0.007829 1.822731
0.770894 0.013326 0.010904 0.005847 0.000323 0.190874 0.007832 1.824004
0.771806 0.013513 0.010909 0.005919 0.000319 0.189698 0.007836 1.825305
0.772695 0.013572 0.011012 0.005948 0.000319 0.188614 0.007840 1.826661
0.773577 0.013763 0.011066 0.005994 0.000321 0.187438 0.007842 1.827964
0.774521 0.013871 0.011136 0.006054 0.000323 0.186251 0.007846 1.829305
0.775399 0.013968 0.011255 0.006110 0.000324 0.185096 0.007850 1.830699
0.776270 0.014078 0.011369 0.006103 0.000327 0.184001 0.007853 1.832073
0.777008 0.014227 0.011434 0.006121 0.000329 0.183023 0.007857 1.833454
0.777773 0.014348 0.011527 0.006169 0.000332 0.181988 0.007862 1.834847
0.778529 0.014483 0.011629 0.006228 0.000333 0.180932 0.007866 1.836246
0.779257 0.014569 0.011713 0.006271 0.000325 0.179995 0.007870 1.837662
0.779929 0.014688 0.011789 0.006297 0.000329 0.179095 0.007873 1.839084
0.780633 0.014791 0.011850 0.006352 0.000332 0.178165 0.007877 1.840520
0.781207 0.014889 0.011966 0.006407 0.000331 0.177316 0.007883 1.842021
0.781868 0.014990 0.012068 0.006462 0.000331 0.176396 0.007885 1.843478
0.782535 0.015086 0.012177 0.006487 0.000337 0.175490 0.007888 1.844953
0.783058 0.015262 0.012256 0.006512 0.000339 0.174677 0.007895 1.846444
0.783697 0.015371 0.012375 0.006569 0.000335 0.173753 0.007899 1.847946
0.784196 0.015517 0.012497 0.006640 0.000342 0.172904 0.007905 1.849469
0.784689 0.015664 0.012590 0.006727 0.000338 0.172084 0.007910 1.851013
0.785099 0.015813 0.012649 0.006773 0.000337 0.171418 0.007913 1.852555
0.785606 0.015922 0.012730 0.006816 0.000337 0.170670 0.007919 1.854102
0.786013 0.015979 0.012860 0.006871 0.000337 0.170018 0.007923 1.855688
0.786490 0.016081 0.012957 0.006925 0.000332 0.169288 0.007927 1.857279
0.786943 0.016131 0.013023 0.006982 0.000332 0.168657 0.007932 1.858884
0.787379 0.016187 0.013139 0.007015 0.000333 0.168012 0.007937 1.860502
0.787839 0.016275 0.013236 0.007074 0.000336 0.167299 0.007941 1.862063
0.788276 0.016354 0.013347 0.007106 0.000338 0.166632 0.007947 1.863678
0.788628 0.016467 0.013471 0.007152 0.000339 0.165993 0.007949 1.865290
0.788875 0.016594 0.013587 0.007198 0.000344 0.165450 0.007951 1.866924
0.789227 0.016713 0.013663 0.007251 0.000344 0.164848 0.007954 1.868551
0.789516 0.016789 0.013730 0.007329 0.000349 0.164327 0.007960 1.870221
0.789768 0.016919 0.013798 0.007342 0.000361 0.163849 0.007964 1.871854
0.790070 0.017012 0.013855 0.007401 0.000369 0.163326 0.007967 1.873552
0.790285 0.017191 0.013886 0.007486 0.000369 0.162814 0.007971 1.875183
0.790552 0.017292 0.013992 0.007525 0.000373 0.162293 0.007975 1.876832
0.790787 0.017379 0.014122 0.007589 0.000376 0.161767 0.007980 1.878572
0.790995 0.017512 0.014253 0.007607 0.000377 0.161273 0.007983 1.880272
0.791123 0.017612 0.014370 0.007648 0.000379 0.160880 0.007987 1.881992
0.791299 0.017789 0.014474 0.007707 0.000384 0.160357 0.007990 1.883697
0.791436 0.017955 0.014580 0.007763 0.000387 0.159883 0.007996 1.885431
0.791531 0.018081 0.014652 0.007834 0.000388 0.159516 0.007999 1.887188
0.791603 0.018195 0.014802 0.007871 0.000386 0.159141 0.008002 1.888991
0.791641 0.018350 0.014912 0.007921 0.000392 0.158777 0.008007 1.890789
0.791783 0.018399 0.015026 0.007963 0.000401 0.158420 0.008008 1.892583
0.791878 0.018494 0.015100 0.007995 0.000403 0.158116 0.008014 1.894373
0.791911 0.018608 0.015228 0.008068 0.000403 0.157762 0.008020 1.896202
0.791956 0.018659 0.015325 0.008109 0.000405 0.157523 0.008023 1.898034
0.791987 0.018768 0.015434 0.008144 0.000414 0.157224 0.008028 1.899864
0.791967 0.018893 0.015471 0.008186 0.000411 0.157038 0.008033 1.901685
0.791880 0.018970 0.015637 0.008218 0.000420 0.156836 0.008038 1.903561
0.791828 0.019097 0.015767 0.008265 0.000415 0.156587 0.008042 1.905441
0.791801 0.019214 0.015889 0.008286 0.000416 0.156348 0.008047 1.907308
0.791770 0.019281 0.016022 0.008342 0.000413 0.156122 0.008049 1.909227
0.791693 0.019335 0.016098 0.008400 0.000411 0.156010 0.008053 1.911129
0.791661 0.019417 0.016186 0.008490 0.000416 0.155775 0.008055 1.913048
0.791577 0.019528 0.016257 0.008518 0.000423 0.155639 0.008059 1.914941
0.791563 0.019568 0.016339 0.008598 0.000427 0.155441 0.008064 1.916884
0.791550 0.019566 0.016438 0.008628 0.000436 0.155316 0.008067 1.918847
0.791511 0.019629 0.016530 0.008721 0.000438 0.155101 0.008071 1.920835
0.791434 0.019714 0.016637 0.008761 0.000438 0.154939 0.008076 1.922780
0.791363 0.019824 0.016717 0.008811 0.000441 0.154761 0.008082 1.924717
0.791294 0.019916 0.016788 0.008832 0.000442 0.154642 0.008086 1.926619
0.791245 0.019978 0.016881 0.008818 0.000438 0.154546 0.008095 1.928559
0.791168 0.020097 0.016923 0.008836 0.000444 0.154429 0.008103 1.930500
0.790985 0.020172 0.016970 0.008902 0.000451 0.154412 0.008109 1.932498
0.790837 0.020214 0.017024 0.008988 0.000449 0.154374 0.008114 1.934532
0.790788 0.020231 0.017113 0.009008 0.000451 0.154292 0.008117 1.936517
0.790730 0.020283 0.017209 0.009046 0.000452 0.154156 0.008124 1.938449
0.790611 0.020295 0.017304 0.009095 0.000456 0.154110 0.008129 1.940500
0.790520 0.020343 0.017399 0.009132 0.000460 0.154012 0.008134 1.942492
0.790347 0.020395 0.017448 0.009184 0.000453 0.154035 0.008141 1.944477
0.790253 0.020364 0.017530 0.009233 0.000464 0.154008 0.008147 1.946515
0.790134 0.020419 0.017617 0.009246 0.000463 0.153969 0.008153 1.948526
0.789970 0.020512 0.017598 0.009308 0.000464 0.153989 0.008159 1.950504
0.789799 0.020622 0.017618 0.009346 0.000464 0.153985 0.008166 1.952488
0.789701 0.020637 0.017683 0.009349 0.000472 0.153988 0.008170 1.954517
0.789525 0.020734 0.017728 0.009361 0.000478 0.153999 0.008174 1.956543
0.789385 0.020720 0.017791 0.009451 0.000476 0.153999 0.008180 1.958635
0.789209 0.020711 0.017926 0.009510 0.000474 0.153983 0.008186 1.960701
0.789068 0.020783 0.017916 0.009518 0.000478 0.154050 0.008189 1.962707
0.788957 0.020866 0.017950 0.009532 0.000480 0.154022 0.008195 1.964689
0.788805 0.020914 0.018041 0.009543 0.000479 0.154020 0.008199 1.966759
0.788645 0.020904 0.018113 0.009555 0.000480 0.154100 0.008204 1.968870
0.788473 0.020987 0.018168 0.009543 0.000484 0.154134 0.008210 1.970908
0.788253 0.021012 0.018261 0.009604 0.000482 0.154175 0.008214 1.973006
0.788105 0.021027 0.018321 0.009646 0.000481 0.154199 0.008221 1.975075
0.787931 0.021030 0.018356 0.009667 0.000486 0.154305 0.008226 1.977156
0.787757 0.021028 0.018395 0.009716 0.000492 0.154382 0.008230 1.979238
0.787685 0.020974 0.018460 0.009720 0.000494 0.154431 0.008237 1.981324
0.787550 0.020997 0.018507 0.009732 0.000500 0.154475 0.008240 1.983386
0.787416 0.021001 0.018552 0.009714 0.000506 0.154566 0.008246 1.985439
0.787337 0.020964 0.018636 0.009691 0.000502 0.154616 0.008253 1.987506
0.787239 0.020975 0.018653 0.009647 0.000504 0.154720 0.008261 1.989528
0.787137 0.020934 0.018717 0.009663 0.000500 0.154781 0.008268 1.991619
0.787022 0.020937 0.018721 0.009684 0.000504 0.154858 0.008274 1.993654
0.787004 0.020865 0.018757 0.009695 0.000505 0.154895 0.008278 1.995726
0.786841 0.020914 0.018757 0.009713 0.000504 0.154987 0.008284 1.997758
0.786755 0.020866 0.018744 0.009757 0.000504 0.155090 0.008286 1.999821
0.786684 0.020810 0.018812 0.009762 0.000508 0.155134 0.008291 2.001881
0.786684 0.020799 0.018742 0.009717 0.000512 0.155248 0.008297 2.003855
0.786485 0.020863 0.018721 0.009736 0.000511 0.155381 0.008303 2.005857
0.786409 0.020807 0.018720 0.009711 0.000523 0.155522 0.008308 2.007900
0.786402 0.020751 0.018688 0.009742 0.000527 0.155575 0.008315 2.009927
0.786350 0.020719 0.018722 0.009770 0.000523 0.155596 0.008321 2.011990
0.786260 0.020724 0.018707 0.009732 0.000527 0.155722 0.008327 2.013994
0.786176 0.020748 0.018690 0.009719 0.000534 0.155800 0.008332 2.016042
0.786153 0.020729 0.018698 0.009742 0.000538 0.155801 0.008338 2.018047
0.786024 0.020706 0.018816 0.009778 0.000546 0.155788 0.008341 2.020131
0.785994 0.020581 0.018833 0.009815 0.000541 0.155889 0.008347 2.022236
0.785949 0.020578 0.018802 0.009774 0.000540 0.156001 0.008355 2.024227
0.785811 0.020618 0.018779 0.009747 0.000540 0.156141 0.008363 2.026208
0.785737 0.020570 0.018838 0.009696 0.000547 0.156245 0.008367 2.028241
0.785625 0.020613 0.018827 0.009687 0.000543 0.156332 0.008373 2.030245
0.785558 0.020611 0.018795 0.009688 0.000544 0.156426 0.008377 2.032240
0.785557 0.020561 0.018723 0.009701 0.000543 0.156534 0.008382 2.034244
0.785616 0.020449 0.018700 0.009691 0.000541 0.156616 0.008388 2.036280
0.785585 0.020396 0.018699 0.009659 0.000539 0.156729 0.008393 2.038319
0.785529 0.020342 0.018762 0.009651 0.000538 0.156780 0.008398 2.040367
0.785476 0.020319 0.018696 0.009637 0.000534 0.156931 0.008407 2.042373
0.785509 0.020255 0.018681 0.009662 0.000535 0.156946 0.008411 2.044358
0.785632 0.020184 0.018659 0.009645 0.000532 0.156932 0.008417 2.046341
0.785632 0.020228 0.018598 0.009653 0.000528 0.156936 0.008425 2.048292
0.785652 0.020185 0.018613 0.009638 0.000530 0.156950 0.008433 2.050294
0.785668 0.020117 0.018620 0.009609 0.000523 0.157020 0.008441 2.052269
0.785802 0.020106 0.018562 0.009552 0.000528 0.157003 0.008447 2.054174
0.785710 0.020154 0.018481 0.009523 0.000529 0.157152 0.008452 2.056119
0.785790 0.020118 0.018441 0.009532 0.000538 0.157123 0.008456 2.058084
0.785756 0.020115 0.018411 0.009548 0.000536 0.157170 0.008465 2.060044
0.785752 0.020120 0.018394 0.009487 0.000539 0.157235 0.008474 2.061989
0.785773 0.020112 0.018363 0.009513 0.000534 0.157226 0.008479 2.063936
0.785750 0.020139 0.018340 0.009479 0.000538 0.157268 0.008486 2.065888
0.785890 0.020028 0.018329 0.009515 0.000542 0.157208 0.008489 2.067859
0.785968 0.020017 0.018359 0.009502 0.000536 0.157120 0.008498 2.069804
0.785948 0.019988 0.018366 0.009487 0.000534 0.157172 0.008505 2.071807
0.786042 0.019875 0.018342 0.009453 0.000537 0.157239 0.008512 2.073788
0.786090 0.019903 0.018298 0.009390 0.000532 0.157269 0.008519 2.075671
0.786113 0.019938 0.018199 0.009409 0.000529 0.157284 0.008527 2.077586
0.786141 0.019886 0.018175 0.009467 0.000536 0.157262 0.008533 2.079541
0.786232 0.019823 0.018149 0.009453 0.000538 0.157269 0.008537 2.081490
0.786391 0.019723 0.018106 0.009482 0.000548 0.157209 0.008541 2.083428
0.786465 0.019695 0.018046 0.009455 0.000545 0.157244 0.008549 2.085316
0.786540 0.019718 0.018061 0.009395 0.000547 0.157184 0.008555 2.087214
0.786668 0.019676 0.018031 0.009371 0.000547 0.157147 0.008560 2.089153
0.786741 0.019638 0.018010 0.009381 0.000544 0.157119 0.008567 2.091074
0.786778 0.019460 0.018053 0.009468 0.000548 0.157121 0.008572 2.093128
0.786902 0.019474 0.018005 0.009404 0.000555 0.157081 0.008577 2.094976
0.786967 0.019513 0.017976 0.009410 0.000550 0.157002 0.008583 2.096834
0.787110 0.019381 0.017970 0.009391 0.000548 0.157013 0.008588 2.098781
0.787227 0.019304 0.017941 0.009346 0.000547 0.157043 0.008591 2.100709
0.787414 0.019222 0.017929 0.009298 0.000545 0.156996 0.008596 2.102605
0.787565 0.019159 0.017898 0.009297 0.000544 0.156934 0.008602 2.104512
0.787711 0.019091 0.017868 0.009263 0.000538 0.156920 0.008609 2.106400
0.787726 0.019158 0.017782 0.009244 0.000536 0.156941 0.008614 2.108254
0.787837 0.019108 0.017831 0.009189 0.000538 0.156877 0.008620 2.110168
0.787945 0.019128 0.017759 0.009148 0.000530 0.156861 0.008630 2.111984
0.788105 0.019020 0.017730 0.009165 0.000528 0.156812 0.008639 2.113889
0.788274 0.018965 0.017703 0.009147 0.000525 0.156745 0.008643 2.115733
0.788519 0.018876 0.017643 0.009162 0.000522 0.156630 0.008648 2.117582
0.788651 0.018839 0.017601 0.009124 0.000513 0.156617 0.008655 2.119445
0.788789 0.018806 0.017544 0.009137 0.000510 0.156553 0.008662 2.121314
0.788927 0.018730 0.017562 0.009074 0.000509 0.156531 0.008667 2.123185
0.789142 0.018720 0.017456 0.009034 0.000508 0.156468 0.008673 2.124956
0.789320 0.018701 0.017423 0.008986 0.000501 0.156390 0.008679 2.126759
0.789437 0.018716 0.017359 0.008957 0.000502 0.156344 0.008684 2.128574
0.789515 0.018704 0.017368 0.008935 0.000494 0.156293 0.008691 2.130449
0.789683 0.018672 0.017322 0.008937 0.000497 0.156194 0.008696 2.132295
0.789829 0.018570 0.017300 0.008944 0.000503 0.156152 0.008703 2.134158
0.790045 0.018572 0.017281 0.008918 0.000503 0.155971 0.008708 2.135953
0.790237 0.018546 0.017272 0.008908 0.000510 0.155815 0.008712 2.137760
0.790442 0.018515 0.017235 0.008905 0.000515 0.155672 0.008717 2.139564
0.790639 0.018514 0.017202 0.008798 0.000512 0.155612 0.008723 2.141343
0.790774 0.018565 0.017167 0.008754 0.000516 0.155497 0.008727 2.143111
0.790883 0.018519 0.017224 0.008788 0.000518 0.155335 0.008734 2.145020
0.791050 0.018476 0.017193 0.008781 0.000517 0.155248 0.008736 2.146824
0.791193 0.018468 0.017135 0.008763 0.000514 0.155183 0.008743 2.148612
0.791299 0.018508 0.017097 0.008751 0.000510 0.155088 0.008747 2.150386
0.791426 0.018553 0.017019 0.008743 0.000507 0.154999 0.008753 2.152184
0.791626 0.018474 0.017014 0.008741 0.000506 0.154882 0.008759 2.154017
0.791770 0.018566 0.016935 0.008698 0.000495 0.154769 0.008768 2.155737
0.791850 0.018591 0.016881 0.008697 0.000499 0.154706 0.008775 2.157566
0.791916 0.018518 0.016956 0.008663 0.000501 0.154667 0.008778 2.159439
0.792120 0.018482 0.016940 0.008658 0.000502 0.154513 0.008785 2.161222
0.792307 0.018444 0.016955 0.008622 0.000502 0.154382 0.008789 2.163039
0.792494 0.018464 0.016922 0.008597 0.000501 0.154224 0.008797 2.164824
0.792646 0.018483 0.016900 0.008580 0.000509 0.154082 0.008799 2.166601
0.792880 0.018388 0.016947 0.008599 0.000511 0.153867 0.008808 2.168455
0.792955 0.018432 0.016943 0.008568 0.000516 0.153774 0.008813 2.170255
0.793119 0.018435 0.016946 0.008565 0.000507 0.153608 0.008821 2.172063
0.793228 0.018440 0.016940 0.008565 0.000510 0.153489 0.008827 2.173856
0.793347 0.018408 0.016880 0.008549 0.000510 0.153475 0.008832 2.175645
0.793493 0.018426 0.016845 0.008548 0.000510 0.153340 0.008838 2.177426
0.793628 0.018422 0.016841 0.008570 0.000511 0.153185 0.008843 2.179225
0.793735 0.018450 0.016816 0.008528 0.000507 0.153114 0.008851 2.181014
0.793946 0.018359 0.016787 0.008554 0.000506 0.152989 0.008859 2.182845
0.794074 0.018369 0.016731 0.008594 0.000507 0.152857 0.008868 2.184620
0.794180 0.018398 0.016704 0.008601 0.000505 0.152738 0.008874 2.186393
0.794289 0.018404 0.016684 0.008619 0.000510 0.152618 0.008877 2.188170
0.794453 0.018360 0.016666 0.008585 0.000505 0.152544 0.008888 2.189985
0.794576 0.018419 0.016606 0.008577 0.000495 0.152432 0.008897 2.191712
0.794673 0.018482 0.016560 0.008563 0.000490 0.152330 0.008904 2.193454
0.794809 0.018426 0.016568 0.008580 0.000490 0.152218 0.008909 2.195281
0.794987 0.018362 0.016529 0.008576 0.000481 0.152150 0.008915 2.197091
0.795130 0.018333 0.016515 0.008628 0.000482 0.151992 0.008919 2.198900
0.795272 0.018340 0.016513 0.008595 0.000478 0.151876 0.008925 2.200660
0.795346 0.018309 0.016518 0.008574 0.000482 0.151838 0.008933 2.202465
0.795478 0.018308 0.016524 0.008530 0.000487 0.151736 0.008938 2.204228
0.795551 0.018286 0.016546 0.008566 0.000487 0.151623 0.008942 2.206056
0.795667 0.018334 0.016517 0.008558 0.000492 0.151485 0.008948 2.207803
0.795770 0.018294 0.016543 0.008564 0.000491 0.151384 0.008955 2.209653
0.795844 0.018265 0.016572 0.008565 0.000488 0.151305 0.008961 2.211462
0.795958 0.018212 0.016582 0.008601 0.000478 0.151204 0.008966 2.213305
0.795978 0.018264 0.016581 0.008612 0.000470 0.151122 0.008973 2.215097
0.796046 0.018263 0.016562 0.008636 0.000470 0.151045 0.008980 2.216884
0.796077 0.018267 0.016561 0.008635 0.000477 0.151000 0.008984 2.218673
0.796199 0.018224 0.016508 0.008657 0.000477 0.150948 0.008987 2.220459
0.796295 0.018231 0.016520 0.008642 0.000481 0.150841 0.008991 2.222234
0.796433 0.018187 0.016492 0.008633 0.000474 0.150780 0.009001 2.224026
0.796554 0.018194 0.016466 0.008566 0.000472 0.150742 0.009006 2.225791
0.796638 0.018267 0.016431 0.008527 0.000480 0.150647 0.009010 2.227509
0.796796 0.018237 0.016448 0.008564 0.000475 0.150462 0.009020 2.229313
0.796914 0.018222 0.016471 0.008582 0.000475 0.150313 0.009025 2.231115
0.797020 0.018144 0.016534 0.008564 0.000474 0.150236 0.009030 2.232941
0.797144 0.018120 0.016559 0.008528 0.000469 0.150145 0.009035 2.234723
0.797213 0.018097 0.016562 0.008579 0.000459 0.150049 0.009042 2.236533
0.797387 0.018079 0.016575 0.008574 0.000469 0.149870 0.009047 2.238274
0.797416 0.018118 0.016635 0.008543 0.000468 0.149767 0.009053 2.240073
0.797501 0.018161 0.016623 0.008572 0.000456 0.149629 0.009058 2.241848
0.797602 0.018118 0.016625 0.008587 0.000460 0.149544 0.009064 2.243673
0.797608 0.018195 0.016590 0.008582 0.000457 0.149495 0.009073 2.245416
0.797665 0.018238 0.016582 0.008591 0.000453 0.149392 0.009079 2.247190
0.797724 0.018261 0.016539 0.008598 0.000461 0.149336 0.009081 2.248982
0.797738 0.018295 0.016483 0.008614 0.000457 0.149323 0.009089 2.250758
0.797862 0.018293 0.016503 0.008552 0.000460 0.149235 0.009096 2.252523
0.797917 0.018354 0.016480 0.008538 0.000458 0.149152 0.009103 2.254281
0.798079 0.018246 0.016546 0.008533 0.000461 0.149024 0.009111 2.256118
0.798112 0.018301 0.016526 0.008490 0.000464 0.148988 0.009118 2.257887
0.798159 0.018315 0.016521 0.008457 0.000462 0.148963 0.009123 2.259699
0.798215 0.018309 0.016458 0.008482 0.000464 0.148943 0.009129 2.261500
0.798315 0.018342 0.016444 0.008486 0.000468 0.148810 0.009136 2.263268
0.798363 0.018335 0.016427 0.008512 0.000466 0.148757 0.009141 2.265061
0.798445 0.018290 0.016434 0.008504 0.000466 0.148716 0.009145 2.266859
0.798525 0.018323 0.016489 0.008538 0.000456 0.148518 0.009154 2.268619
0.798612 0.018326 0.016521 0.008512 0.000460 0.148413 0.009158 2.270421
0.798691 0.018316 0.016516 0.008520 0.000457 0.148335 0.009164 2.272214
0.798829 0.018292 0.016504 0.008504 0.000450 0.148252 0.009170 2.273996
0.798868 0.018335 0.016482 0.008494 0.000451 0.148195 0.009177 2.275742
0.798956 0.018247 0.016497 0.008502 0.000454 0.148162 0.009182 2.277576
0.799049 0.018209 0.016541 0.008486 0.000462 0.148064 0.009189 2.279419
0.799214 0.018193 0.016520 0.008474 0.000464 0.147944 0.009191 2.281190
0.799311 0.018139 0.016575 0.008466 0.000460 0.147850 0.009199 2.283003
0.799396 0.018149 0.016560 0.008430 0.000462 0.147800 0.009205 2.284759
0.799422 0.018166 0.016568 0.008435 0.000466 0.147735 0.009209 2.286552
0.799514 0.018117 0.016563 0.008432 0.000460 0.147699 0.009215 2.288322
0.799635 0.018002 0.016510 0.008474 0.000455 0.147701 0.009223 2.290147
0.799701 0.017965 0.016477 0.008477 0.000461 0.147692 0.009227 2.291945
0.799790 0.017956 0.016442 0.008487 0.000462 0.147628 0.009234 2.293701
0.799876 0.017970 0.016445 0.008502 0.000461 0.147508 0.009238 2.295472
0.799975 0.017964 0.016447 0.008505 0.000462 0.147402 0.009246 2.297260
0.800021 0.017940 0.016438 0.008489 0.000464 0.147398 0.009250 2.299052
0.800040 0.017909 0.016451 0.008530 0.000460 0.147357 0.009254 2.300865
0.800106 0.017880 0.016466 0.008531 0.000464 0.147293 0.009261 2.302660
0.800180 0.017911 0.016480 0.008471 0.000465 0.147225 0.009267 2.304414
0.800243 0.017957 0.016463 0.008425 0.000467 0.147172 0.009274 2.306154
0.800338 0.017942 0.016419 0.008456 0.000468 0.147097 0.009280 2.307919
0.800454 0.017960 0.016381 0.008438 0.000477 0.147005 0.009286 2.309649
0.800542 0.017930 0.016340 0.008445 0.000480 0.146976 0.009288 2.311452
0.800618 0.017916 0.016314 0.008454 0.000476 0.146925 0.009297 2.313243
0.800730 0.017862 0.016334 0.008456 0.000480 0.146840 0.009299 2.315043
0.800753 0.017913 0.016332 0.008446 0.000480 0.146772 0.009305 2.316790
0.800791 0.017972 0.016345 0.008420 0.000476 0.146686 0.009311 2.318510
0.800874 0.017994 0.016331 0.008446 0.000471 0.146568 0.009317 2.320274
0.801000 0.017988 0.016387 0.008465 0.000474 0.146364 0.009323 2.322054
0.801064 0.017970 0.016341 0.008451 0.000475 0.146372 0.009328 2.323805
0.801094 0.018050 0.016324 0.008427 0.000480 0.146293 0.009333 2.325560
0.801168 0.018069 0.016326 0.008415 0.000479 0.146203 0.009339 2.327330
0.801279 0.018062 0.016297 0.008424 0.000475 0.146117 0.009346 2.329120
0.801264 0.018099 0.016359 0.008455 0.000468 0.146005 0.009352 2.330916
0.801278 0.018140 0.016359 0.008487 0.000467 0.145911 0.009358 2.332681
0.801332 0.018116 0.016374 0.008499 0.000478 0.145843 0.009360 2.334477
0.801372 0.018195 0.016319 0.008458 0.000493 0.145800 0.009363 2.336219
0.801460 0.018239 0.016275 0.008477 0.000484 0.145692 0.009373 2.337948
0.801529 0.018201 0.016301 0.008470 0.000485 0.145637 0.009378 2.339767
0.801551 0.018171 0.016290 0.008516 0.000482 0.145610 0.009381 2.341590
0.801611 0.018154 0.016323 0.008508 0.000481 0.145539 0.009386 2.343367
0.801627 0.018196 0.016345 0.008530 0.000487 0.145422 0.009392 2.345166
0.801683 0.018160 0.016363 0.008572 0.000493 0.145335 0.009396 2.346984
0.801724 0.018121 0.016363 0.008558 0.000489 0.145343 0.009401 2.348780
0.801747 0.018153 0.016351 0.008530 0.000492 0.145321 0.009406 2.350534
0.801733 0.018200 0.016329 0.008528 0.000483 0.145318 0.009411 2.352287
0.801766 0.018160 0.016381 0.008530 0.000483 0.145264 0.009417 2.354101
0.801792 0.018194 0.016354 0.008561 0.000482 0.145193 0.009424 2.355862
0.801802 0.018219 0.016359 0.008547 0.000480 0.145165 0.009428 2.357639
0.801869 0.018227 0.016413 0.008510 0.000480 0.145066 0.009435 2.359424
0.801941 0.018254 0.016398 0.008501 0.000487 0.144982 0.009438 2.361178
0.801955 0.018333 0.016399 0.008463 0.000489 0.144917 0.009445 2.362914
0.801900 0.018330 0.016456 0.008497 0.000490 0.144877 0.009450 2.364760
0.801901 0.018349 0.016464 0.008502 0.000481 0.144849 0.009454 2.366542
0.801901 0.018313 0.016502 0.008488 0.000470 0.144863 0.009464 2.368361
0.801891 0.018417 0.016430 0.008489 0.000465 0.144839 0.009470 2.370101
0.801947 0.018417 0.016410 0.008517 0.000455 0.144777 0.009477 2.371885
0.801946 0.018443 0.016436 0.008521 0.000454 0.144717 0.009482 2.373692
0.801944 0.018382 0.016446 0.008523 0.000450 0.144768 0.009488 2.375525
0.801921 0.018418 0.016452 0.008533 0.000447 0.144731 0.009496 2.377305
0.801944 0.018347 0.016508 0.008555 0.000452 0.144693 0.009501 2.379171
0.801916 0.018371 0.016528 0.008557 0.000447 0.144675 0.009507 2.380968
0.801901 0.018340 0.016590 0.008569 0.000452 0.144639 0.009510 2.382828
0.801861 0.018401 0.016584 0.008563 0.000454 0.144623 0.009515 2.384620
0.801933 0.018359 0.016640 0.008581 0.000464 0.144503 0.009520 2.386470
0.801982 0.018318 0.016676 0.008595 0.000464 0.144441 0.009525 2.388283
0.801952 0.018293 0.016703 0.008614 0.000466 0.144442 0.009529 2.390133
0.802001 0.018268 0.016669 0.008615 0.000461 0.144452 0.009534 2.391905
0.802043 0.018300 0.016602 0.008619 0.000465 0.144432 0.009537 2.393625
0.802063 0.018278 0.016625 0.008646 0.000465 0.144382 0.009541 2.395464
0.802052 0.018253 0.016684 0.008673 0.000470 0.144323 0.009546 2.397311
0.801983 0.018322 0.016685 0.008655 0.000471 0.144330 0.009553 2.399094
0.801955 0.018335 0.016654 0.008671 0.000470 0.144357 0.009558 2.400901
0.801922 0.018346 0.016670 0.008657 0.000474 0.144368 0.009563 2.402722
0.801913 0.018347 0.016611 0.008628 0.000473 0.144461 0.009567 2.404486
0.801939 0.018330 0.016607 0.008593 0.000476 0.144484 0.009572 2.406284
0.801887 0.018349 0.016618 0.008592 0.000473 0.144502 0.009581 2.408072
0.801857 0.018360 0.016669 0.008587 0.000471 0.144470 0.009587 2.409909
0.801869 0.018392 0.016630 0.008604 0.000469 0.144445 0.009594 2.411707
0.801805 0.018464 0.016612 0.008584 0.000475 0.144463 0.009598 2.413503
0.801801 0.018461 0.016623 0.008635 0.000479 0.144396 0.009604 2.415329
0.801683 0.018551 0.016629 0.008614 0.000475 0.144439 0.009609 2.417130
0.801702 0.018552 0.016635 0.008588 0.000476 0.144437 0.009613 2.418933
0.801676 0.018588 0.016579 0.008619 0.000474 0.144448 0.009617 2.420735
0.801653 0.018609 0.016631 0.008613 0.000471 0.144401 0.009623 2.422541
0.801657 0.018615 0.016593 0.008608 0.000476 0.144426 0.009626 2.424357
0.801630 0.018577 0.016599 0.008668 0.000479 0.144412 0.009635 2.426223
0.801574 0.018579 0.016619 0.008658 0.000478 0.144451 0.009640 2.428031
0.801532 0.018623 0.016668 0.008660 0.000472 0.144401 0.009644 2.429823
0.801484 0.018598 0.016694 0.008646 0.000466 0.144459 0.009653 2.431660
0.801356 0.018688 0.016644 0.008636 0.000468 0.144550 0.009659 2.433461
0.801301 0.018722 0.016671 0.008620 0.000469 0.144553 0.009665 2.435265
0.801303 0.018637 0.016730 0.008615 0.000473 0.144573 0.009670 2.437125
0.801291 0.018693 0.016713 0.008596 0.000472 0.144557 0.009677 2.438939
0.801324 0.018656 0.016734 0.008584 0.000473 0.144546 0.009684 2.440761
0.801232 0.018736 0.016726 0.008599 0.000475 0.144545 0.009690 2.442541
0.801274 0.018696 0.016740 0.008621 0.000477 0.144496 0.009696 2.444403
0.801262 0.018708 0.016732 0.008636 0.000477 0.144486 0.009700 2.446236
0.801189 0.018772 0.016710 0.008655 0.000476 0.144495 0.009703 2.448014
0.801165 0.018720 0.016766 0.008676 0.000479 0.144485 0.009710 2.449890
0.801160 0.018732 0.016774 0.008660 0.000487 0.144473 0.009715 2.451716
0.801154 0.018671 0.016812 0.008680 0.000486 0.144477 0.009718 2.453593
0.801130 0.018640 0.016831 0.008698 0.000487 0.144490 0.009723 2.455447
0.801065 0.018662 0.016798 0.008688 0.000490 0.144568 0.009730 2.457265
0.801055 0.018660 0.016796 0.008698 0.000492 0.144565 0.009735 2.459102
0.801041 0.018624 0.016832 0.008704 0.000494 0.144565 0.009742 2.460948
0.800974 0.018629 0.016825 0.008735 0.000495 0.144595 0.009746 2.462770
0.800947 0.018585 0.016782 0.008752 0.000499 0.144682 0.009753 2.464611
0.800999 0.018499 0.016795 0.008766 0.000500 0.144684 0.009758 2.466478
0.800949 0.018529 0.016805 0.008747 0.000497 0.144711 0.009764 2.468307
0.800905 0.018578 0.016734 0.008744 0.000502 0.144767 0.009771 2.470105
0.800913 0.018625 0.016723 0.008746 0.000506 0.144710 0.009777 2.471914
0.800874 0.018646 0.016701 0.008725 0.000504 0.144765 0.009784 2.473726
0.800839 0.018698 0.016717 0.008693 0.000499 0.144763 0.009791 2.475556
0.800898 0.018642 0.016706 0.008695 0.000504 0.144761 0.009795 2.477404
0.800869 0.018646 0.016649 0.008713 0.000501 0.144820 0.009802 2.479246
0.800883 0.018574 0.016651 0.008720 0.000496 0.144866 0.009810 2.481103
0.800868 0.018553 0.016628 0.008738 0.000498 0.144900 0.009815 2.482938
0.800841 0.018548 0.016678 0.008745 0.000494 0.144876 0.009819 2.484793
0.800792 0.018535 0.016721 0.008726 0.000503 0.144900 0.009823 2.486650
0.800677 0.018593 0.016766 0.008720 0.000509 0.144906 0.009829 2.488489
0.800692 0.018579 0.016754 0.008764 0.000504 0.144875 0.009833 2.490310
0.800604 0.018635 0.016721 0.008763 0.000500 0.144937 0.009840 2.492103
0.800588 0.018708 0.016709 0.008800 0.000502 0.144848 0.009844 2.493901
0.800544 0.018718 0.016703 0.008795 0.000501 0.144887 0.009851 2.495724
0.800495 0.018757 0.016743 0.008746 0.000503 0.144899 0.009857 2.497549
0.800451 0.018777 0.016731 0.008767 0.000501 0.144911 0.009860 2.499382
0.800459 0.018748 0.016757 0.008775 0.000503 0.144895 0.009862 2.501256
0.800543 0.018706 0.016720 0.008798 0.000499 0.144865 0.009868 2.503064
0.800528 0.018756 0.016698 0.008808 0.000497 0.144841 0.009873 2.504867
0.800480 0.018756 0.016731 0.008807 0.000496 0.144851 0.009878 2.506698
0.800507 0.018819 0.016750 0.008747 0.000492 0.144799 0.009886 2.508473
0.800511 0.018769 0.016805 0.008749 0.000491 0.144784 0.009892 2.510341
0.800448 0.018815 0.016804 0.008779 0.000491 0.144766 0.009896 2.512180
0.800273 0.018864 0.016862 0.008776 0.000491 0.144830 0.009903 2.514018
0.800188 0.018837 0.016916 0.008796 0.000500 0.144857 0.009907 2.515898
0.800101 0.018891 0.016892 0.008782 0.000502 0.144919 0.009912 2.517719
0.800109 0.018884 0.016892 0.008766 0.000501 0.144929 0.009919 2.519561
0.800102 0.018880 0.016926 0.008777 0.000502 0.144890 0.009924 2.521398
0.800060 0.018817 0.016923 0.008815 0.000497 0.144960 0.009929 2.523317
0.799966 0.018867 0.016912 0.008791 0.000493 0.145038 0.009933 2.525148
0.799933 0.018877 0.016908 0.008774 0.000493 0.145076 0.009940 2.526959
0.799907 0.018891 0.016942 0.008805 0.000490 0.145020 0.009946 2.528808
0.799836 0.018861 0.016955 0.008873 0.000490 0.145036 0.009948 2.530703
0.799765 0.018836 0.016957 0.008908 0.000487 0.145093 0.009954 2.532591
0.799778 0.018863 0.016882 0.008887 0.000484 0.145144 0.009961 2.534385
0.799773 0.018909 0.016866 0.008868 0.000483 0.145135 0.009968 2.536201
0.799711 0.018941 0.016802 0.008845 0.000487 0.145243 0.009970 2.538023
0.799754 0.018955 0.016786 0.008844 0.000484 0.145200 0.009977 2.539838
0.799770 0.018956 0.016780 0.008842 0.000482 0.145186 0.009983 2.541686
0.799748 0.018916 0.016849 0.008842 0.000483 0.145172 0.009989 2.543588
0.799703 0.018919 0.016841 0.008843 0.000480 0.145219 0.009997 2.545396
0.799647 0.018917 0.016941 0.008800 0.000478 0.145215 0.010003 2.547261
0.799590 0.018900 0.016968 0.008813 0.000482 0.145238 0.010008 2.549124
0.799562 0.018927 0.016940 0.008793 0.000482 0.145282 0.010015 2.550926
0.799557 0.018866 0.016976 0.008776 0.000478 0.145327 0.010019 2.552788
0.799542 0.018849 0.016973 0.008775 0.000487 0.145352 0.010023 2.554596
0.799510 0.018865 0.016923 0.008804 0.000477 0.145391 0.010030 2.556420
0.799448 0.018857 0.016903 0.008806 0.000476 0.145475 0.010036 2.558288
0.799455 0.018885 0.016914 0.008848 0.000477 0.145381 0.010040 2.560146
0.799380 0.018869 0.016932 0.008875 0.000471 0.145426 0.010047 2.561999
0.799331 0.018822 0.016929 0.008904 0.000469 0.145492 0.010053 2.563864
0.799367 0.018764 0.016897 0.008891 0.000465 0.145558 0.010058 2.565724
0.799405 0.018753 0.016876 0.008872 0.000468 0.145562 0.010064 2.567526
0.799492 0.018712 0.016951 0.008841 0.000469 0.145466 0.010070 2.569361
0.799471 0.018632 0.016966 0.008847 0.000477 0.145532 0.010075 2.571236
0.799493 0.018613 0.016927 0.008890 0.000471 0.145525 0.010081 2.573046
0.799464 0.018653 0.016857 0.008944 0.000478 0.145520 0.010086 2.574852
0.799537 0.018644 0.016836 0.008978 0.000478 0.145436 0.010090 2.576662
0.799572 0.018611 0.016852 0.008915 0.000492 0.145462 0.010096 2.578490
0.799629 0.018583 0.016857 0.008917 0.000489 0.145422 0.010103 2.580314
0.799624 0.018471 0.016908 0.008887 0.000491 0.145511 0.010107 2.582173
