0.349571 0.063313 0.055848 0.032357 0.002122 0.490760 0.006029 1.597669
0.350781 0.061931 0.055939 0.032340 0.002138 0.490822 0.006050 1.603967
0.352392 0.060400 0.055936 0.032205 0.002147 0.490844 0.006076 1.610011
0.354438 0.058716 0.055728 0.031977 0.002149 0.490890 0.006102 1.615856
0.356559 0.057101 0.055475 0.031679 0.002149 0.490913 0.006125 1.621514
0.358720 0.055516 0.054998 0.031369 0.002159 0.491089 0.006149 1.627018
0.361158 0.053955 0.054539 0.031035 0.002164 0.490974 0.006175 1.632338
0.363596 0.052506 0.053986 0.030718 0.002176 0.490820 0.006200 1.637537
0.366224 0.050992 0.053384 0.030346 0.002159 0.490666 0.006230 1.642593
0.368769 0.049642 0.052698 0.029976 0.002161 0.490497 0.006257 1.647464
0.371536 0.048311 0.051999 0.029545 0.002151 0.490179 0.006279 1.652198
0.374283 0.046995 0.051359 0.029104 0.002150 0.489800 0.006309 1.656854
0.376937 0.045808 0.050724 0.028574 0.002149 0.489474 0.006336 1.661380
0.379848 0.044693 0.049985 0.028071 0.002141 0.488901 0.006361 1.665803
0.382640 0.043592 0.049312 0.027631 0.002133 0.488310 0.006383 1.670173
0.385524 0.042567 0.048543 0.027205 0.002117 0.487629 0.006415 1.674391
0.388357 0.041730 0.047739 0.026709 0.002112 0.486918 0.006434 1.678447
0.391251 0.040790 0.047005 0.026241 0.002102 0.486154 0.006459 1.682493
0.394231 0.039894 0.046200 0.025841 0.002083 0.485262 0.006488 1.686465
0.397303 0.039006 0.045454 0.025389 0.002071 0.484258 0.006519 1.690376
0.400312 0.038201 0.044763 0.024956 0.002058 0.483169 0.006540 1.694251
0.403334 0.037559 0.043975 0.024491 0.002064 0.482012 0.006563 1.697945
0.406313 0.036873 0.043303 0.024085 0.002047 0.480786 0.006594 1.701666
0.409232 0.036287 0.042489 0.023664 0.002035 0.479671 0.006620 1.705268
0.412184 0.035682 0.041821 0.023299 0.002021 0.478349 0.006643 1.708874
0.415151 0.035252 0.041129 0.022918 0.001988 0.476892 0.006669 1.712377
0.418215 0.034752 0.040419 0.022492 0.001962 0.475464 0.006696 1.715805
0.421233 0.034401 0.039730 0.022071 0.001959 0.473891 0.006717 1.719094
0.424268 0.033926 0.039057 0.021703 0.001929 0.472372 0.006744 1.722460
0.427320 0.033509 0.038426 0.021335 0.001909 0.470733 0.006768 1.725774
0.430259 0.033146 0.037804 0.020981 0.001897 0.469123 0.006789 1.729045
0.433189 0.032792 0.037162 0.020643 0.001862 0.467536 0.006816 1.732308
0.436093 0.032483 0.036562 0.020326 0.001823 0.465863 0.006850 1.735495
0.439089 0.032189 0.035938 0.020012 0.001795 0.464101 0.006876 1.738646
0.442001 0.031934 0.035428 0.019766 0.001769 0.462201 0.006900 1.741798
0.444820 0.031690 0.034944 0.019439 0.001749 0.460438 0.006920 1.744933
0.447658 0.031490 0.034434 0.019174 0.001724 0.458576 0.006944 1.748018
0.450400 0.031279 0.033869 0.018954 0.001710 0.456821 0.006967 1.751069
0.453257 0.031046 0.033441 0.018668 0.001705 0.454901 0.006982 1.754123
0.455942 0.030866 0.033099 0.018370 0.001693 0.453026 0.007004 1.757185
0.458883 0.030617 0.032667 0.018146 0.001682 0.450977 0.007028 1.760240
0.461611 0.030434 0.032308 0.017941 0.001664 0.448993 0.007049 1.763312
0.464368 0.030256 0.031911 0.017755 0.001644 0.446993 0.007073 1.766339
0.467181 0.030106 0.031466 0.017586 0.001622 0.444947 0.007093 1.769265
0.469860 0.029951 0.031113 0.017429 0.001616 0.442918 0.007111 1.772246
0.472490 0.029936 0.030731 0.017206 0.001602 0.440903 0.007133 1.775131
0.475116 0.029888 0.030453 0.016988 0.001583 0.438815 0.007157 1.778059
0.477802 0.029792 0.030143 0.016818 0.001557 0.436715 0.007174 1.780987
0.480301 0.029691 0.029925 0.016661 0.001530 0.434700 0.007194 1.783968
0.483020 0.029450 0.029712 0.016565 0.001508 0.432533 0.007213 1.786968
0.485540 0.029425 0.029489 0.016414 0.001484 0.430412 0.007236 1.789844
0.487990 0.029502 0.029212 0.016255 0.001454 0.428323 0.007265 1.792696
0.490435 0.029542 0.028997 0.016121 0.001431 0.426192 0.007282 1.795599
0.492852 0.029625 0.028852 0.016011 0.001412 0.423947 0.007302 1.798479
0.495160 0.029626 0.028655 0.015957 0.001389 0.421896 0.007316 1.801429
0.497606 0.029646 0.028455 0.015877 0.001365 0.419713 0.007338 1.804291
0.499923 0.029674 0.028248 0.015818 0.001338 0.417646 0.007354 1.807225
0.502281 0.029694 0.028083 0.015725 0.001316 0.415530 0.007371 1.810170
0.504553 0.029797 0.027970 0.015658 0.001303 0.413334 0.007385 1.813030
0.506589 0.029927 0.027804 0.015648 0.001284 0.411348 0.007402 1.815928
0.508722 0.029976 0.027700 0.015630 0.001276 0.409281 0.007416 1.818868
0.510773 0.030010 0.027602 0.015560 0.001265 0.407359 0.007431 1.821822
0.512846 0.030020 0.027525 0.015513 0.001257 0.405396 0.007443 1.824816
0.514914 0.030041 0.027502 0.015466 0.001245 0.403373 0.007461 1.827790
0.516915 0.030177 0.027457 0.015397 0.001234 0.401343 0.007476 1.830763
0.518866 0.030189 0.027434 0.015350 0.001224 0.399450 0.007487 1.833772
0.520811 0.030188 0.027383 0.015307 0.001219 0.397593 0.007499 1.836803
0.522759 0.030255 0.027383 0.015328 0.001205 0.395553 0.007518 1.839825
0.524537 0.030391 0.027366 0.015303 0.001191 0.393671 0.007541 1.842835
0.526398 0.030570 0.027288 0.015257 0.001184 0.391750 0.007555 1.845773
0.528130 0.030682 0.027309 0.015176 0.001169 0.389966 0.007569 1.848779
0.529781 0.030839 0.027315 0.015134 0.001163 0.388184 0.007584 1.851763
0.531484 0.030929 0.027407 0.015128 0.001153 0.386300 0.007598 1.854824
0.533107 0.031101 0.027322 0.015176 0.001129 0.384548 0.007617 1.857820
0.534724 0.031267 0.027334 0.015109 0.001126 0.382811 0.007630 1.860839
0.536308 0.031430 0.027400 0.015108 0.001101 0.381008 0.007645 1.863912
0.537793 0.031569 0.027427 0.015108 0.001093 0.379353 0.007658 1.867025
0.539315 0.031706 0.027456 0.015115 0.001090 0.377648 0.007669 1.870119
0.540770 0.031777 0.027533 0.015123 0.001086 0.376025 0.007685 1.873280
0.542084 0.031951 0.027549 0.015192 0.001079 0.374446 0.007700 1.876465
0.543596 0.032051 0.027576 0.015213 0.001069 0.372782 0.007712 1.879572
0.544910 0.032224 0.027591 0.015225 0.001072 0.371258 0.007721 1.882706
0.546244 0.032372 0.027689 0.015195 0.001071 0.369696 0.007734 1.885854
0.547431 0.032629 0.027734 0.015260 0.001067 0.368134 0.007745 1.889034
0.548567 0.032910 0.027710 0.015287 0.001077 0.366695 0.007754 1.892137
0.549758 0.033117 0.027831 0.015335 0.001068 0.365124 0.007767 1.895329
0.550963 0.033213 0.027931 0.015420 0.001054 0.363632 0.007787 1.898600
0.552037 0.033491 0.027990 0.015472 0.001049 0.362165 0.007798 1.901816
0.553101 0.033656 0.028152 0.015546 0.001035 0.360697 0.007814 1.905165
0.553998 0.033866 0.028294 0.015597 0.001040 0.359381 0.007824 1.908518
0.554976 0.034027 0.028476 0.015668 0.001032 0.357982 0.007839 1.911882
0.555871 0.034277 0.028576 0.015703 0.001032 0.356691 0.007850 1.915189
0.556742 0.034475 0.028724 0.015802 0.001027 0.355366 0.007863 1.918584
0.557605 0.034601 0.028834 0.015884 0.001035 0.354166 0.007876 1.921962
0.558398 0.034782 0.028973 0.015953 0.001042 0.352961 0.007890 1.925376
0.559219 0.034918 0.029102 0.016048 0.001042 0.351767 0.007904 1.928823
0.559999 0.035136 0.029205 0.016077 0.001046 0.350619 0.007917 1.932264
0.560691 0.035374 0.029349 0.016157 0.001032 0.349465 0.007933 1.935735
0.561315 0.035662 0.029486 0.016250 0.001040 0.348303 0.007945 1.939251
0.561985 0.035871 0.029648 0.016287 0.001039 0.347207 0.007963 1.942743
0.562493 0.036097 0.029832 0.016386 0.001042 0.346172 0.007978 1.946273
0.563048 0.036255 0.029946 0.016486 0.001041 0.345234 0.007991 1.949855
0.563714 0.036311 0.030116 0.016579 0.001046 0.344233 0.008001 1.953449
0.564326 0.036470 0.030237 0.016682 0.001053 0.343213 0.008019 1.957012
0.564830 0.036599 0.030331 0.016745 0.001054 0.342404 0.008037 1.960582
0.565326 0.036758 0.030459 0.016864 0.001047 0.341491 0.008056 1.964197
0.565897 0.036862 0.030624 0.016977 0.001042 0.340529 0.008069 1.967815
0.566392 0.036993 0.030753 0.017035 0.001025 0.339717 0.008085 1.971418
0.566798 0.037196 0.030894 0.017070 0.001015 0.338928 0.008101 1.975064
0.567252 0.037302 0.031051 0.017201 0.001008 0.338077 0.008109 1.978773
0.567614 0.037465 0.031198 0.017271 0.001017 0.337313 0.008123 1.982471
0.567947 0.037539 0.031426 0.017348 0.001019 0.336589 0.008133 1.986232
0.568349 0.037709 0.031514 0.017451 0.001009 0.335821 0.008145 1.989870
0.568695 0.037842 0.031724 0.017494 0.001015 0.335070 0.008162 1.993623
0.569025 0.037973 0.031919 0.017608 0.001016 0.334286 0.008174 1.997379
0.569355 0.038137 0.031968 0.017704 0.001007 0.333639 0.008190 2.001075
0.569500 0.038290 0.032174 0.017838 0.000993 0.332999 0.008207 2.004874
0.569739 0.038513 0.032360 0.017848 0.000998 0.332320 0.008222 2.008637
0.569926 0.038649 0.032560 0.018017 0.001004 0.331605 0.008238 2.012491
0.570153 0.038857 0.032688 0.018054 0.001008 0.330995 0.008247 2.016236
0.570383 0.039003 0.032830 0.018091 0.001007 0.330426 0.008261 2.020047
0.570576 0.039101 0.033019 0.018116 0.001005 0.329911 0.008272 2.023934
0.570724 0.039334 0.033114 0.018137 0.001012 0.329396 0.008284 2.027715
0.570961 0.039481 0.033200 0.018153 0.001013 0.328895 0.008297 2.031527
0.571117 0.039609 0.033303 0.018224 0.001002 0.328436 0.008311 2.035373
0.571307 0.039686 0.033420 0.018275 0.001005 0.327986 0.008320 2.039236
0.571403 0.039805 0.033539 0.018327 0.001015 0.327580 0.008330 2.043116
0.571494 0.039901 0.033621 0.018422 0.001025 0.327195 0.008341 2.047045
0.571528 0.040088 0.033679 0.018450 0.001034 0.326869 0.008353 2.050874
0.571643 0.040122 0.033799 0.018497 0.001044 0.326527 0.008368 2.054807
0.571653 0.040301 0.033861 0.018585 0.001031 0.326184 0.008386 2.058697
0.571751 0.040338 0.034034 0.018631 0.001033 0.325810 0.008404 2.062669
0.571739 0.040545 0.034149 0.018653 0.001047 0.325457 0.008410 2.066609
0.571603 0.040681 0.034298 0.018691 0.001050 0.325256 0.008421 2.070609
0.571596 0.040701 0.034468 0.018707 0.001056 0.325040 0.008433 2.074679
0.571734 0.040610 0.034607 0.018866 0.001058 0.324679 0.008446 2.078766
0.571694 0.040693 0.034703 0.018934 0.001062 0.324457 0.008456 2.082745
0.571642 0.040725 0.034893 0.019000 0.001063 0.324209 0.008469 2.086775
0.571658 0.040807 0.035026 0.018994 0.001068 0.323965 0.008483 2.090749
0.571576 0.041012 0.035131 0.019045 0.001069 0.323672 0.008494 2.094691
0.571548 0.041102 0.035225 0.019074 0.001072 0.323472 0.008507 2.098655
0.571389 0.041193 0.035336 0.019107 0.001069 0.323379 0.008528 2.102703
0.571325 0.041218 0.035413 0.019188 0.001074 0.323244 0.008539 2.106774
0.571361 0.041226 0.035484 0.019178 0.001084 0.323119 0.008549 2.110781
0.571301 0.041248 0.035570 0.019265 0.001080 0.322972 0.008563 2.114854
0.571256 0.041355 0.035561 0.019323 0.001083 0.322848 0.008574 2.118861
0.571145 0.041366 0.035629 0.019310 0.001080 0.322883 0.008587 2.122918
0.571081 0.041480 0.035662 0.019290 0.001087 0.322799 0.008603 2.126901
0.571106 0.041496 0.035753 0.019359 0.001089 0.322585 0.008614 2.130970
0.571017 0.041443 0.035890 0.019470 0.001086 0.322468 0.008628 2.135102
0.570880 0.041502 0.036003 0.019490 0.001092 0.322394 0.008639 2.139200
0.570838 0.041427 0.036086 0.019571 0.001095 0.322330 0.008653 2.143324
0.570861 0.041339 0.036126 0.019634 0.001089 0.322289 0.008661 2.147409
0.571000 0.041225 0.036212 0.019611 0.001099 0.322180 0.008674 2.151482
0.570976 0.041168 0.036264 0.019638 0.001093 0.322176 0.008686 2.155513
0.570918 0.041208 0.036320 0.019649 0.001094 0.322112 0.008699 2.159579
0.571014 0.041220 0.036292 0.019678 0.001100 0.321985 0.008711 2.163586
0.571010 0.041195 0.036231 0.019725 0.001118 0.321998 0.008724 2.167604
0.570906 0.041187 0.036266 0.019806 0.001131 0.321969 0.008736 2.171679
0.570843 0.041198 0.036310 0.019856 0.001138 0.321907 0.008748 2.175737
0.570785 0.041281 0.036290 0.019807 0.001152 0.321921 0.008764 2.179752
0.570875 0.041161 0.036321 0.019830 0.001162 0.321873 0.008778 2.183806
0.570757 0.041202 0.036325 0.019901 0.001157 0.321864 0.008793 2.187866
0.570830 0.041154 0.036310 0.019869 0.001166 0.321870 0.008802 2.191886
0.570884 0.041118 0.036325 0.019852 0.001173 0.321834 0.008814 2.195939
0.570987 0.041003 0.036358 0.019861 0.001179 0.321785 0.008827 2.200032
0.570972 0.041027 0.036325 0.019839 0.001183 0.321808 0.008845 2.204009
0.570897 0.040978 0.036381 0.019855 0.001194 0.321838 0.008857 2.208064
0.570806 0.041001 0.036429 0.019863 0.001188 0.321843 0.008869 2.212103
0.570948 0.040901 0.036434 0.019879 0.001185 0.321767 0.008887 2.216151
0.570970 0.040840 0.036465 0.019892 0.001189 0.321749 0.008897 2.220186
0.571056 0.040681 0.036544 0.019908 0.001185 0.321713 0.008913 2.224250
0.571163 0.040612 0.036562 0.019923 0.001185 0.321632 0.008922 2.228217
0.571274 0.040599 0.036420 0.019900 0.001190 0.321682 0.008936 2.232158
0.571360 0.040615 0.036319 0.019834 0.001197 0.321728 0.008946 2.236080
0.571537 0.040518 0.036285 0.019837 0.001194 0.321663 0.008965 2.240067
0.571634 0.040383 0.036264 0.019857 0.001202 0.321684 0.008977 2.244097
0.571632 0.040356 0.036284 0.019836 0.001204 0.321698 0.008989 2.248081
0.571763 0.040326 0.036226 0.019682 0.001203 0.321798 0.009003 2.251957
0.571896 0.040247 0.036232 0.019675 0.001201 0.321733 0.009016 2.255919
0.572042 0.040168 0.036302 0.019653 0.001203 0.321602 0.009031 2.259901
0.572266 0.040088 0.036271 0.019624 0.001198 0.321504 0.009049 2.263791
0.572325 0.040082 0.036242 0.019610 0.001198 0.321479 0.009062 2.267739
0.572572 0.040017 0.036115 0.019557 0.001206 0.321462 0.009071 2.271616
0.572767 0.039925 0.036085 0.019584 0.001207 0.321346 0.009088 2.275572
0.572935 0.039933 0.036115 0.019538 0.001211 0.321166 0.009102 2.279473
0.573206 0.039768 0.036108 0.019526 0.001207 0.321067 0.009119 2.283415
0.573334 0.039642 0.036068 0.019572 0.001207 0.321044 0.009133 2.287381
0.573380 0.039591 0.036018 0.019494 0.001204 0.321166 0.009146 2.291247
0.573625 0.039528 0.035942 0.019443 0.001201 0.321096 0.009164 2.295121
0.573951 0.039453 0.035878 0.019405 0.001207 0.320934 0.009174 2.298975
0.574206 0.039334 0.035867 0.019416 0.001208 0.320781 0.009188 2.302887
0.574361 0.039362 0.035859 0.019395 0.001205 0.320618 0.009201 2.306735
0.574531 0.039290 0.035853 0.019397 0.001208 0.320505 0.009217 2.310660
0.574648 0.039300 0.035817 0.019325 0.001204 0.320474 0.009232 2.314458
0.574824 0.039361 0.035747 0.019257 0.001200 0.320363 0.009247 2.318235
0.575015 0.039243 0.035693 0.019259 0.001198 0.320330 0.009261 2.322131
0.575231 0.039179 0.035721 0.019151 0.001209 0.320231 0.009276 2.326009
0.575355 0.039195 0.035682 0.019134 0.001210 0.320131 0.009293 2.329877
0.575583 0.039162 0.035600 0.019145 0.001208 0.319996 0.009306 2.333677
0.575886 0.039028 0.035616 0.019140 0.001210 0.319802 0.009320 2.337589
0.575974 0.039040 0.035507 0.019138 0.001216 0.319793 0.009333 2.341411
0.576153 0.039031 0.035399 0.019120 0.001210 0.319738 0.009350 2.345269
0.576298 0.039061 0.035287 0.019123 0.001194 0.319673 0.009366 2.349044
0.576539 0.038930 0.035359 0.019108 0.001187 0.319494 0.009385 2.352924
0.576785 0.038814 0.035300 0.019151 0.001193 0.319356 0.009402 2.356804
0.576964 0.038791 0.035304 0.019093 0.001205 0.319230 0.009414 2.360610
0.577214 0.038630 0.035354 0.019051 0.001206 0.319115 0.009429 2.364505
0.577487 0.038593 0.035232 0.019025 0.001217 0.319007 0.009440 2.368330
0.577727 0.038570 0.035190 0.019035 0.001226 0.318801 0.009451 2.372111
0.577875 0.038679 0.035086 0.019015 0.001210 0.318663 0.009472 2.375854
0.578032 0.038630 0.035086 0.018982 0.001198 0.318590 0.009481 2.379642
0.578256 0.038536 0.035187 0.018898 0.001194 0.318431 0.009497 2.383480
0.578480 0.038433 0.035113 0.018907 0.001187 0.318361 0.009519 2.387321
0.578675 0.038586 0.034987 0.018869 0.001191 0.318163 0.009529 2.390995
0.578859 0.038650 0.034913 0.018879 0.001188 0.317963 0.009550 2.394733
0.579094 0.038704 0.034854 0.018768 0.001180 0.317829 0.009571 2.398441
0.579204 0.038819 0.034749 0.018712 0.001169 0.317759 0.009588 2.402176
0.579400 0.038841 0.034655 0.018623 0.001172 0.317706 0.009602 2.405896
0.579509 0.038869 0.034618 0.018648 0.001174 0.317570 0.009614 2.409708
0.579667 0.038844 0.034689 0.018673 0.001165 0.317334 0.009629 2.413524
0.579889 0.038828 0.034616 0.018662 0.001170 0.317194 0.009640 2.417345
0.580063 0.038822 0.034584 0.018660 0.001168 0.317051 0.009652 2.421112
0.580159 0.038799 0.034589 0.018705 0.001161 0.316923 0.009666 2.424943
0.580288 0.038761 0.034650 0.018739 0.001166 0.316718 0.009679 2.428784
0.580487 0.038647 0.034653 0.018749 0.001166 0.316605 0.009693 2.432640
0.580726 0.038591 0.034616 0.018769 0.001169 0.316423 0.009707 2.436433
0.580952 0.038533 0.034603 0.018696 0.001172 0.316321 0.009724 2.440169
0.581064 0.038537 0.034584 0.018674 0.001175 0.316225 0.009741 2.443968
0.581179 0.038507 0.034557 0.018664 0.001179 0.316163 0.009751 2.447751
0.581335 0.038435 0.034555 0.018645 0.001177 0.316090 0.009764 2.451565
0.581575 0.038331 0.034548 0.018647 0.001167 0.315948 0.009783 2.455414
0.581621 0.038429 0.034510 0.018623 0.001166 0.315850 0.009801 2.459169
0.581665 0.038498 0.034515 0.018595 0.001176 0.315742 0.009810 2.462899
0.581874 0.038370 0.034548 0.018666 0.001165 0.315553 0.009824 2.466725
0.581997 0.038441 0.034426 0.018711 0.001170 0.315420 0.009836 2.470477
0.582168 0.038317 0.034477 0.018701 0.001172 0.315314 0.009851 2.474319
0.582190 0.038398 0.034377 0.018702 0.001168 0.315296 0.009869 2.478020
0.582452 0.038360 0.034395 0.018718 0.001159 0.315028 0.009888 2.481784
0.582642 0.038321 0.034433 0.018748 0.001156 0.314800 0.009900 2.485573
0.582804 0.038319 0.034474 0.018723 0.001159 0.314609 0.009914 2.489376
0.582905 0.038375 0.034417 0.018739 0.001153 0.314486 0.009926 2.493088
0.583051 0.038403 0.034394 0.018758 0.001155 0.314299 0.009939 2.496845
0.583154 0.038404 0.034468 0.018772 0.001164 0.314083 0.009955 2.500686
0.583354 0.038355 0.034424 0.018812 0.001153 0.313928 0.009975 2.504483
0.583521 0.038288 0.034485 0.018754 0.001164 0.313802 0.009988 2.508313
0.583668 0.038251 0.034529 0.018797 0.001176 0.313578 0.010003 2.512131
0.583830 0.038266 0.034429 0.018843 0.001175 0.313438 0.010021 2.515915
0.584092 0.038182 0.034429 0.018819 0.001179 0.313265 0.010034 2.519681
0.584280 0.038183 0.034359 0.018738 0.001175 0.313215 0.010051 2.523384
0.584422 0.038321 0.034298 0.018712 0.001177 0.313007 0.010064 2.527044
0.584587 0.038404 0.034240 0.018603 0.001180 0.312911 0.010078 2.530738
0.584731 0.038386 0.034204 0.018647 0.001174 0.312763 0.010096 2.534523
0.584809 0.038439 0.034260 0.018627 0.001189 0.312570 0.010106 2.538303
0.584942 0.038385 0.034304 0.018635 0.001188 0.312425 0.010120 2.542121
0.585055 0.038432 0.034292 0.018624 0.001197 0.312269 0.010131 2.545881
0.585089 0.038594 0.034350 0.018626 0.001193 0.312006 0.010143 2.549642
0.585175 0.038617 0.034390 0.018662 0.001180 0.311816 0.010160 2.553424
0.585139 0.038771 0.034448 0.018621 0.001179 0.311669 0.010173 2.557158
0.585197 0.038714 0.034435 0.018607 0.001173 0.311686 0.010189 2.561019
0.585223 0.038822 0.034444 0.018574 0.001175 0.311553 0.010210 2.564788
0.585302 0.038806 0.034459 0.018599 0.001176 0.311435 0.010224 2.568626
0.585419 0.038829 0.034516 0.018572 0.001173 0.311257 0.010237 2.572428
0.585543 0.038824 0.034501 0.018559 0.001164 0.311161 0.010249 2.576199
0.585558 0.038880 0.034514 0.018620 0.001153 0.311011 0.010264 2.580020
0.585626 0.038873 0.034477 0.018694 0.001151 0.310900 0.010279 2.583826
0.585805 0.038775 0.034505 0.018677 0.001148 0.310797 0.010292 2.587659
0.585828 0.038911 0.034430 0.018624 0.001149 0.310752 0.010306 2.591389
0.585792 0.038931 0.034441 0.018695 0.001139 0.310682 0.010321 2.595296
0.585866 0.038918 0.034500 0.018719 0.001139 0.310529 0.010330 2.599116
0.585974 0.038977 0.034549 0.018707 0.001137 0.310314 0.010342 2.602913
0.585982 0.039094 0.034490 0.018702 0.001140 0.310237 0.010356 2.606669
0.586115 0.038991 0.034551 0.018789 0.001138 0.310044 0.010373 2.610550
0.586172 0.039022 0.034641 0.018772 0.001138 0.309866 0.010388 2.614372
0.586229 0.038972 0.034715 0.018748 0.001143 0.309795 0.010398 2.618264
0.586131 0.038970 0.034689 0.018853 0.001132 0.309811 0.010414 2.622135
0.586090 0.038991 0.034783 0.018830 0.001130 0.309749 0.010427 2.625987
0.586174 0.038918 0.034763 0.018872 0.001142 0.309692 0.010439 2.629852
0.586206 0.038936 0.034763 0.018878 0.001137 0.309628 0.010451 2.633660
0.586245 0.039013 0.034739 0.018859 0.001132 0.309546 0.010465 2.637463
0.586297 0.039020 0.034669 0.018806 0.001133 0.309597 0.010477 2.641290
0.586413 0.038978 0.034719 0.018884 0.001129 0.309384 0.010493 2.645153
0.586319 0.039052 0.034648 0.018954 0.001128 0.309390 0.010509 2.648991
0.586394 0.038943 0.034650 0.018967 0.001123 0.309401 0.010522 2.652877
0.586366 0.039027 0.034723 0.018969 0.001116 0.309259 0.010540 2.656708
0.586452 0.039055 0.034723 0.018954 0.001122 0.309139 0.010555 2.660510
0.586530 0.038952 0.034863 0.018949 0.001111 0.309024 0.010571 2.664443
0.586541 0.038907 0.034871 0.018927 0.001102 0.309064 0.010587 2.668280
0.586618 0.038989 0.034815 0.018828 0.001110 0.309039 0.010602 2.672019
0.586711 0.039002 0.034845 0.018809 0.001109 0.308908 0.010617 2.675809
0.586664 0.039070 0.034849 0.018832 0.001101 0.308850 0.010634 2.679627
0.586695 0.039101 0.034822 0.018856 0.001093 0.308785 0.010648 2.683447
0.586766 0.039052 0.034839 0.018902 0.001095 0.308685 0.010661 2.687329
0.586736 0.039045 0.034815 0.018844 0.001091 0.308796 0.010674 2.691180
0.586773 0.039077 0.034747 0.018823 0.001097 0.308797 0.010685 2.694985
0.586839 0.038987 0.034749 0.018890 0.001099 0.308735 0.010700 2.698844
0.586841 0.039142 0.034723 0.018899 0.001093 0.308588 0.010714 2.702637
0.586887 0.039085 0.034712 0.018920 0.001101 0.308572 0.010723 2.706506
0.586892 0.039104 0.034707 0.018932 0.001106 0.308523 0.010736 2.710276
0.586805 0.039122 0.034765 0.018897 0.001112 0.308550 0.010749 2.714108
0.586830 0.039133 0.034744 0.018832 0.001127 0.308570 0.010764 2.717921
0.586835 0.039141 0.034794 0.018852 0.001113 0.308487 0.010778 2.721790
0.586845 0.039144 0.034727 0.018889 0.001119 0.308488 0.010791 2.725602
0.586833 0.039187 0.034680 0.018838 0.001114 0.308542 0.010807 2.729410
0.586790 0.039247 0.034673 0.018802 0.001115 0.308557 0.010816 2.733204
0.586741 0.039194 0.034801 0.018805 0.001116 0.308512 0.010830 2.737147
0.586797 0.039202 0.034783 0.018817 0.001114 0.308435 0.010852 2.740946
0.586822 0.039208 0.034738 0.018790 0.001113 0.308466 0.010862 2.744791
0.586755 0.039332 0.034755 0.018737 0.001119 0.308429 0.010873 2.748626
0.586792 0.039304 0.034764 0.018755 0.001123 0.308378 0.010886 2.752508
0.586858 0.039317 0.034758 0.018799 0.001128 0.308243 0.010897 2.756308
0.586879 0.039312 0.034712 0.018800 0.001117 0.308265 0.010914 2.760147
0.586951 0.039238 0.034781 0.018845 0.001120 0.308138 0.010927 2.764058
0.586949 0.039247 0.034758 0.018839 0.001118 0.308146 0.010943 2.767873
0.586902 0.039253 0.034766 0.018839 0.001122 0.308158 0.010961 2.771744
0.586892 0.039258 0.034773 0.018948 0.001134 0.308029 0.010969 2.775645
0.586849 0.039207 0.034706 0.018972 0.001140 0.308145 0.010981 2.779526
0.586861 0.039246 0.034786 0.018930 0.001136 0.308046 0.010995 2.783321
0.586801 0.039294 0.034800 0.018931 0.001143 0.308020 0.011011 2.787167
0.586869 0.039329 0.034901 0.018910 0.001147 0.307824 0.011020 2.790986
0.586853 0.039355 0.034959 0.018906 0.001151 0.307743 0.011034 2.794841
0.586886 0.039380 0.034908 0.018946 0.001154 0.307676 0.011049 2.798649
0.586918 0.039343 0.034918 0.018963 0.001155 0.307640 0.011064 2.802495
0.586946 0.039356 0.034960 0.018903 0.001162 0.307600 0.011074 2.806284
0.587046 0.039228 0.034955 0.018911 0.001154 0.307615 0.011089 2.810229
0.587089 0.039249 0.034954 0.018860 0.001153 0.307590 0.011106 2.814032
0.587116 0.039269 0.034948 0.018856 0.001147 0.307537 0.011126 2.817866
0.587186 0.039292 0.034884 0.018908 0.001152 0.307441 0.011137 2.821694
0.587245 0.039247 0.034845 0.018931 0.001153 0.307428 0.011152 2.825545
0.587221 0.039206 0.034897 0.018951 0.001171 0.307389 0.011167 2.829468
0.587222 0.039171 0.034873 0.018961 0.001168 0.307423 0.011182 2.833304
0.587233 0.039214 0.034874 0.018947 0.001168 0.307365 0.011200 2.837098
0.587120 0.039274 0.034909 0.018959 0.001160 0.307362 0.011216 2.840932
0.587205 0.039248 0.034893 0.018984 0.001169 0.307268 0.011233 2.844773
0.587191 0.039232 0.034786 0.019016 0.001173 0.307357 0.011247 2.848645
0.587219 0.039238 0.034665 0.019043 0.001180 0.307395 0.011260 2.852453
0.587307 0.039189 0.034633 0.019109 0.001185 0.307305 0.011272 2.856300
0.587373 0.039133 0.034590 0.019128 0.001183 0.307312 0.011282 2.860146
0.587327 0.039159 0.034600 0.019089 0.001177 0.307348 0.011301 2.863963
0.587345 0.039107 0.034659 0.019070 0.001177 0.307323 0.011319 2.867845
0.587459 0.039082 0.034632 0.019083 0.001179 0.307233 0.011332 2.871641
0.587401 0.039174 0.034634 0.019051 0.001180 0.307214 0.011346 2.875428
0.587384 0.039172 0.034692 0.019043 0.001178 0.307173 0.011360 2.879275
0.587329 0.039244 0.034665 0.019050 0.001177 0.307164 0.011371 2.883062
0.587278 0.039235 0.034680 0.019054 0.001186 0.307183 0.011383 2.886921
0.587311 0.039232 0.034778 0.018979 0.001183 0.307123 0.011395 2.890782
0.587187 0.039308 0.034730 0.018914 0.001198 0.307259 0.011404 2.894570
0.587236 0.039268 0.034768 0.018943 0.001199 0.307165 0.011422 2.898445
0.587183 0.039163 0.034780 0.018977 0.001191 0.307268 0.011437 2.902363
0.587193 0.039242 0.034725 0.018929 0.001204 0.307259 0.011449 2.906134
0.587207 0.039103 0.034690 0.018994 0.001199 0.307340 0.011466 2.910058
0.587174 0.039121 0.034771 0.018978 0.001201 0.307272 0.011483 2.913903
0.587136 0.039105 0.034791 0.018967 0.001196 0.307310 0.011497 2.917724
0.587149 0.039164 0.034777 0.019003 0.001195 0.307204 0.011511 2.921476
0.587106 0.039092 0.034826 0.019010 0.001200 0.307243 0.011523 2.925392
0.587158 0.038966 0.034881 0.019040 0.001205 0.307220 0.011531 2.929279
0.587217 0.038945 0.034922 0.019026 0.001209 0.307135 0.011546 2.933135
0.587145 0.039033 0.034896 0.018970 0.001209 0.307186 0.011561 2.936898
0.587308 0.038987 0.034926 0.018937 0.001212 0.307054 0.011577 2.940732
0.587378 0.038903 0.034847 0.018920 0.001215 0.307144 0.011592 2.944610
0.587441 0.038904 0.034796 0.018922 0.001205 0.307125 0.011607 2.948414
0.587411 0.038986 0.034796 0.018919 0.001201 0.307060 0.011626 2.952188
0.587423 0.038924 0.034836 0.018895 0.001203 0.307079 0.011639 2.956074
0.587436 0.038932 0.034776 0.018863 0.001206 0.307141 0.011647 2.959892
0.587545 0.038851 0.034819 0.018850 0.001206 0.307068 0.011661 2.963770
0.587606 0.038850 0.034767 0.018832 0.001205 0.307067 0.011672 2.967546
0.587704 0.038835 0.034700 0.018784 0.001207 0.307083 0.011688 2.971312
0.587780 0.038803 0.034708 0.018753 0.001210 0.307044 0.011703 2.975116
0.587822 0.038809 0.034662 0.018768 0.001205 0.307018 0.011717 2.978932
0.587838 0.038805 0.034680 0.018790 0.001195 0.306956 0.011735 2.982743
0.587846 0.038891 0.034687 0.018738 0.001194 0.306898 0.011746 2.986489
0.587842 0.038944 0.034708 0.018782 0.001198 0.306765 0.011761 2.990344
0.587929 0.038907 0.034729 0.018746 0.001193 0.306719 0.011777 2.994132
0.587947 0.038932 0.034663 0.018815 0.001194 0.306655 0.011792 2.997973
0.587999 0.038849 0.034634 0.018832 0.001202 0.306681 0.011803 3.001827
0.587953 0.038833 0.034662 0.018814 0.001194 0.306726 0.011817 3.005664
0.587942 0.038814 0.034640 0.018847 0.001198 0.306732 0.011828 3.009477
0.587854 0.038908 0.034604 0.018817 0.001198 0.306781 0.011839 3.013255
0.587918 0.038963 0.034519 0.018779 0.001200 0.306769 0.011852 3.017008
0.587969 0.038966 0.034513 0.018782 0.001188 0.306711 0.011871 3.020776
0.587996 0.038920 0.034518 0.018794 0.001188 0.306703 0.011882 3.024597
0.588123 0.038865 0.034527 0.018710 0.001191 0.306681 0.011904 3.028393
0.588190 0.038836 0.034456 0.018702 0.001197 0.306702 0.011916 3.032182
0.588301 0.038883 0.034440 0.018697 0.001194 0.306557 0.011928 3.035919
0.588287 0.038888 0.034401 0.018705 0.001189 0.306589 0.011942 3.039735
0.588305 0.038894 0.034398 0.018736 0.001186 0.306524 0.011958 3.043551
0.588230 0.038993 0.034452 0.018677 0.001183 0.306488 0.011977 3.047334
0.588265 0.039061 0.034471 0.018657 0.001179 0.306374 0.011994 3.051131
0.588222 0.039078 0.034475 0.018672 0.001185 0.306362 0.012006 3.054939
0.588235 0.039066 0.034497 0.018672 0.001180 0.306328 0.012022 3.058756
0.588300 0.038913 0.034588 0.018776 0.001165 0.306218 0.012041 3.062663
0.588326 0.038928 0.034588 0.018812 0.001161 0.306122 0.012061 3.066491
0.588312 0.038831 0.034655 0.018842 0.001165 0.306119 0.012074 3.070357
0.588282 0.038865 0.034650 0.018817 0.001167 0.306133 0.012087 3.074150
0.588270 0.038842 0.034643 0.018794 0.001167 0.306183 0.012102 3.077975
0.588267 0.038865 0.034739 0.018797 0.001168 0.306049 0.012115 3.081826
0.588262 0.038911 0.034720 0.018800 0.001162 0.306016 0.012129 3.085594
0.588248 0.038986 0.034718 0.018745 0.001164 0.305997 0.012142 3.089336
0.588383 0.038969 0.034756 0.018746 0.001158 0.305836 0.012153 3.093143
0.588470 0.038991 0.034726 0.018675 0.001157 0.305813 0.012167 3.096954
0.588519 0.038970 0.034701 0.018686 0.001143 0.305802 0.012180 3.100744
0.588521 0.038989 0.034711 0.018630 0.001141 0.305811 0.012195 3.104526
0.588472 0.039020 0.034732 0.018681 0.001141 0.305747 0.012208 3.108353
0.588436 0.039005 0.034824 0.018696 0.001146 0.305672 0.012222 3.112202
0.588367 0.039050 0.034814 0.018646 0.001138 0.305751 0.012235 3.115993
0.588355 0.039061 0.034825 0.018694 0.001130 0.305685 0.012251 3.119815
0.588372 0.039166 0.034797 0.018697 0.001126 0.305573 0.012268 3.123567
0.588489 0.039086 0.034760 0.018705 0.001122 0.305552 0.012285 3.127420
0.588508 0.039098 0.034736 0.018783 0.001110 0.305464 0.012301 3.131277
0.588405 0.039188 0.034672 0.018826 0.001106 0.305485 0.012318 3.135096
0.588432 0.039101 0.034701 0.018862 0.001113 0.305456 0.012335 3.138970
0.588455 0.039051 0.034763 0.018909 0.001113 0.305362 0.012347 3.142851
0.588521 0.038991 0.034760 0.018913 0.001131 0.305326 0.012357 3.146731
0.588513 0.038970 0.034635 0.018931 0.001137 0.305442 0.012373 3.150556
0.588558 0.038989 0.034697 0.018953 0.001133 0.305283 0.012387 3.154350
0.588486 0.039033 0.034678 0.019035 0.001131 0.305238 0.012400 3.158199
0.588403 0.039108 0.034702 0.019037 0.001125 0.305212 0.012414 3.162026
0.588385 0.039140 0.034714 0.018997 0.001127 0.305210 0.012429 3.165876
0.588267 0.039209 0.034646 0.018947 0.001118 0.305368 0.012446 3.169676
0.588257 0.039132 0.034699 0.018939 0.001119 0.305395 0.012458 3.173568
0.588201 0.039136 0.034654 0.018943 0.001121 0.305471 0.012473 3.177366
0.588255 0.038988 0.034702 0.018963 0.001118 0.305487 0.012488 3.181237
0.588198 0.039025 0.034688 0.018981 0.001128 0.305484 0.012497 3.185059
0.588135 0.039094 0.034734 0.018918 0.001125 0.305484 0.012510 3.188894
0.588097 0.039206 0.034727 0.018884 0.001125 0.305439 0.012523 3.192628
0.588139 0.039093 0.034755 0.018949 0.001127 0.305399 0.012538 3.196499
0.588123 0.039078 0.034716 0.018970 0.001131 0.305430 0.012551 3.200330
0.588021 0.039095 0.034723 0.018954 0.001134 0.305511 0.012562 3.204197
0.587991 0.039090 0.034798 0.018973 0.001134 0.305439 0.012575 3.208093
0.587929 0.039036 0.034794 0.018977 0.001135 0.305544 0.012585 3.212006
0.587998 0.038979 0.034909 0.018916 0.001138 0.305462 0.012598 3.215829
0.587985 0.038925 0.035001 0.018908 0.001141 0.305430 0.012610 3.219710
0.587985 0.038966 0.034976 0.018928 0.001140 0.305385 0.012619 3.223477
0.588001 0.038990 0.034983 0.018892 0.001143 0.305363 0.012628 3.227259
0.588024 0.039046 0.034908 0.018853 0.001145 0.305381 0.012643 3.231016
0.588024 0.038969 0.034949 0.018834 0.001150 0.305416 0.012658 3.234871
0.588026 0.038942 0.035009 0.018876 0.001145 0.305329 0.012673 3.238751
0.588010 0.039009 0.035008 0.018825 0.001151 0.305315 0.012684 3.242566
0.587950 0.038942 0.035045 0.018874 0.001150 0.305346 0.012694 3.246478
0.587984 0.038931 0.034962 0.018898 0.001146 0.305369 0.012709 3.250269
0.587986 0.038937 0.034911 0.018866 0.001161 0.305417 0.012722 3.254060
0.588092 0.038862 0.034840 0.018819 0.001161 0.305489 0.012738 3.257882
0.588101 0.038850 0.034826 0.018852 0.001175 0.305447 0.012749 3.261730
0.588104 0.038842 0.034850 0.018792 0.001172 0.305474 0.012765 3.265529
0.588043 0.038947 0.034716 0.018761 0.001171 0.305583 0.012780 3.269273
0.588091 0.038915 0.034744 0.018828 0.001165 0.305464 0.012795 3.273166
0.588243 0.038793 0.034722 0.018847 0.001152 0.305435 0.012810 3.277035
0.588235 0.038822 0.034713 0.018890 0.001156 0.305359 0.012824 3.280876
0.588059 0.038943 0.034644 0.018889 0.001154 0.305470 0.012841 3.284639
0.588140 0.038969 0.034702 0.018907 0.001170 0.305260 0.012853 3.288403
0.588128 0.038965 0.034683 0.018942 0.001171 0.305241 0.012870 3.292246
0.588099 0.038854 0.034718 0.018946 0.001181 0.305316 0.012885 3.296142
0.588170 0.038844 0.034682 0.019014 0.001171 0.305219 0.012901 3.299961
0.588123 0.038980 0.034590 0.019024 0.001177 0.305193 0.012913 3.303672
0.588092 0.039133 0.034476 0.018946 0.001177 0.305242 0.012934 3.307397
0.588098 0.039076 0.034481 0.018916 0.001167 0.305313 0.012948 3.311244
0.588034 0.039097 0.034476 0.018877 0.001167 0.305388 0.012961 3.315084
0.588107 0.038955 0.034534 0.018859 0.001172 0.305393 0.012979 3.318961
0.588098 0.038954 0.034484 0.018811 0.001169 0.305493 0.012991 3.322769
0.588050 0.038902 0.034490 0.018834 0.001161 0.305560 0.013004 3.326593
0.587985 0.039013 0.034383 0.018805 0.001149 0.305643 0.013023 3.330309
0.587988 0.038952 0.034458 0.018767 0.001146 0.305649 0.013039 3.334176
0.587990 0.038963 0.034352 0.018759 0.001148 0.305735 0.013053 3.337914
0.588105 0.038871 0.034422 0.018752 0.001143 0.305637 0.013069 3.341733
0.588201 0.038734 0.034489 0.018737 0.001143 0.305611 0.013086 3.345607
0.588271 0.038739 0.034547 0.018735 0.001142 0.305464 0.013103 3.349448
0.588344 0.038838 0.034495 0.018725 0.001133 0.305343 0.013121 3.353183
0.588270 0.038921 0.034493 0.018730 0.001137 0.305317 0.013133 3.356994
0.588392 0.038813 0.034546 0.018759 0.001130 0.305211 0.013148 3.360838
0.588373 0.038742 0.034598 0.018820 0.001127 0.305181 0.013159 3.364766
0.588426 0.038736 0.034604 0.018798 0.001124 0.305136 0.013177 3.368558
0.588460 0.038787 0.034580 0.018762 0.001139 0.305085 0.013187 3.372313
0.588430 0.038783 0.034637 0.018790 0.001134 0.305027 0.013199 3.376166
0.588428 0.038788 0.034648 0.018799 0.001143 0.304983 0.013212 3.379952
0.588358 0.038872 0.034582 0.018778 0.001157 0.305030 0.013224 3.383729
0.588547 0.038736 0.034695 0.018756 0.001153 0.304872 0.013240 3.387595
0.588487 0.038783 0.034679 0.018749 0.001144 0.304904 0.013255 3.391404
0.588430 0.038806 0.034671 0.018757 0.001146 0.304923 0.013267 3.395236
0.588446 0.038798 0.034532 0.018800 0.001144 0.304999 0.013281 3.399019
0.588347 0.038883 0.034526 0.018845 0.001150 0.304956 0.013293 3.402881
0.588353 0.038872 0.034530 0.018788 0.001153 0.305000 0.013305 3.406687
0.588408 0.038834 0.034529 0.018846 0.001142 0.304920 0.013320 3.410544
0.588437 0.038779 0.034533 0.018855 0.001152 0.304913 0.013333 3.414438
0.588504 0.038879 0.034447 0.018823 0.001150 0.304847 0.013349 3.418105
0.588424 0.038888 0.034487 0.018802 0.001158 0.304878 0.013363 3.421955
0.588416 0.038886 0.034519 0.018822 0.001154 0.304824 0.013379 3.425784
0.588337 0.038939 0.034506 0.018871 0.001164 0.304790 0.013393 3.429592
0.588435 0.038914 0.034465 0.018909 0.001169 0.304702 0.013407 3.433380
0.588426 0.038938 0.034450 0.018926 0.001172 0.304669 0.013420 3.437213
0.588449 0.038967 0.034500 0.018891 0.001160 0.304593 0.013438 3.441036
0.588461 0.038945 0.034567 0.018890 0.001173 0.304512 0.013453 3.444869
0.588395 0.038900 0.034584 0.018918 0.001158 0.304578 0.013469 3.448747
0.588370 0.038936 0.034577 0.018970 0.001150 0.304518 0.013479 3.452580
0.588264 0.038901 0.034630 0.019026 0.001154 0.304534 0.013492 3.456466
0.588290 0.038842 0.034684 0.019056 0.001152 0.304470 0.013508 3.460319
0.588280 0.038762 0.034676 0.019111 0.001148 0.304498 0.013525 3.464190
0.588310 0.038745 0.034628 0.019113 0.001135 0.304520 0.013550 3.467973
0.588313 0.038771 0.034613 0.019037 0.001129 0.304574 0.013562 3.471745
0.588277 0.038800 0.034570 0.019103 0.001126 0.304550 0.013574 3.475554
0.588307 0.038879 0.034452 0.019065 0.001127 0.304584 0.013587 3.479286
0.588235 0.038987 0.034434 0.019051 0.001128 0.304566 0.013600 3.483061
0.588179 0.038963 0.034462 0.019023 0.001129 0.304630 0.013614 3.486942
0.588209 0.038933 0.034535 0.019039 0.001138 0.304520 0.013625 3.490809
0.588159 0.038901 0.034642 0.019046 0.001133 0.304475 0.013645 3.494687
0.588062 0.038889 0.034659 0.019026 0.001131 0.304574 0.013658 3.498509
0.588009 0.038953 0.034656 0.019027 0.001132 0.304548 0.013676 3.502348
0.588009 0.038915 0.034623 0.019013 0.001131 0.304623 0.013686 3.506180
0.588004 0.038902 0.034702 0.018993 0.001140 0.304560 0.013699 3.510022
0.587925 0.038963 0.034787 0.019029 0.001142 0.304444 0.013710 3.513907
0.587813 0.038927 0.034797 0.019065 0.001143 0.304528 0.013727 3.517833
0.587816 0.038905 0.034804 0.019067 0.001142 0.304525 0.013740 3.521671
0.587827 0.038821 0.034804 0.019101 0.001150 0.304544 0.013754 3.525497
0.587700 0.038952 0.034780 0.019045 0.001130 0.304621 0.013774 3.529212
0.587704 0.038961 0.034861 0.019013 0.001140 0.304536 0.013784 3.533028
0.587680 0.038960 0.034817 0.018996 0.001135 0.304613 0.013798 3.536911
0.587634 0.039005 0.034786 0.018997 0.001147 0.304616 0.013814 3.540748
0.587602 0.039014 0.034913 0.018919 0.001158 0.304569 0.013826 3.544627
0.587566 0.039011 0.034975 0.018919 0.001145 0.304542 0.013843 3.548492
0.587597 0.038975 0.034932 0.018882 0.001152 0.304607 0.013856 3.552318
0.587599 0.039016 0.034875 0.018874 0.001162 0.304602 0.013872 3.556124
0.587563 0.038990 0.034819 0.018897 0.001161 0.304689 0.013881 3.559893
0.587554 0.038965 0.034811 0.018899 0.001147 0.304726 0.013898 3.563706
0.587515 0.038985 0.034737 0.018944 0.001148 0.304761 0.013910 3.567531
0.587492 0.039032 0.034655 0.018896 0.001156 0.304851 0.013919 3.571289
0.587551 0.039015 0.034663 0.018896 0.001158 0.304786 0.013932 3.575127
0.587386 0.039049 0.034676 0.018901 0.001158 0.304886 0.013945 3.578946
0.587451 0.039013 0.034657 0.018948 0.001167 0.304805 0.013959 3.582725
0.587468 0.039017 0.034603 0.018974 0.001172 0.304797 0.013969 3.586545
0.587412 0.039024 0.034609 0.018977 0.001174 0.304822 0.013984 3.590384
0.587402 0.039015 0.034575 0.018957 0.001168 0.304884 0.014000 3.594223
0.587405 0.039086 0.034506 0.018898 0.001163 0.304929 0.014013 3.597983
0.587312 0.039150 0.034560 0.018821 0.001150 0.304973 0.014035 3.601782
0.587271 0.039210 0.034571 0.018826 0.001152 0.304919 0.014051 3.605587
0.587257 0.039153 0.034548 0.018866 0.001147 0.304965 0.014064 3.609485
0.587306 0.039068 0.034571 0.018872 0.001151 0.304955 0.014077 3.613338
0.587277 0.039093 0.034624 0.018814 0.001147 0.304951 0.014094 3.617175
0.587393 0.039092 0.034607 0.018844 0.001140 0.304815 0.014109 3.620995
0.587407 0.039045 0.034701 0.018846 0.001128 0.304751 0.014122 3.624862
0.587300 0.039098 0.034629 0.018857 0.001140 0.304845 0.014132 3.628672
0.587259 0.039130 0.034646 0.018815 0.001135 0.304872 0.014145 3.632487
0.587399 0.039033 0.034688 0.018871 0.001128 0.304721 0.014161 3.636318
0.587316 0.039045 0.034761 0.018852 0.001137 0.304716 0.014173 3.640172
0.587316 0.039048 0.034730 0.018841 0.001133 0.304751 0.014182 3.643974
0.587209 0.039129 0.034666 0.018847 0.001131 0.304824 0.014196 3.647801
0.587315 0.039032 0.034700 0.018776 0.001136 0.304835 0.014208 3.651602
0.587344 0.039018 0.034677 0.018742 0.001138 0.304861 0.014221 3.655456
0.587322 0.038959 0.034689 0.018743 0.001139 0.304916 0.014234 3.659290
0.587258 0.038987 0.034689 0.018696 0.001131 0.304990 0.014249 3.663145
0.587230 0.039057 0.034634 0.018672 0.001121 0.305021 0.014267 3.666925
0.587281 0.038905 0.034636 0.018666 0.001120 0.305116 0.014277 3.670785
0.587334 0.038928 0.034611 0.018609 0.001122 0.305106 0.014290 3.674578
0.587371 0.038962 0.034630 0.018633 0.001123 0.304980 0.014301 3.678321
0.587411 0.038955 0.034613 0.018643 0.001122 0.304940 0.014316 3.682109
0.587387 0.039003 0.034619 0.018616 0.001111 0.304933 0.014333 3.685887
0.587391 0.038904 0.034687 0.018686 0.001110 0.304875 0.014347 3.689791
