0.329454 0.063423 0.056974 0.032662 0.002226 0.509065 0.006195 1.662552
0.332289 0.060973 0.056830 0.032480 0.002225 0.508983 0.006221 1.668613
0.335875 0.057879 0.056580 0.032197 0.002234 0.508987 0.006249 1.674459
0.339966 0.054646 0.056262 0.031643 0.002222 0.508975 0.006285 1.679923
0.344389 0.051264 0.055786 0.031061 0.002208 0.508975 0.006317 1.685138
0.349322 0.047972 0.055020 0.030476 0.002202 0.508666 0.006343 1.689984
0.354390 0.044844 0.054130 0.029685 0.002204 0.508376 0.006371 1.694433
0.359453 0.041860 0.053164 0.028913 0.002198 0.508016 0.006396 1.698662
0.364877 0.038948 0.052068 0.028083 0.002173 0.507421 0.006430 1.702644
0.370260 0.036261 0.050913 0.027228 0.002149 0.506728 0.006460 1.706316
0.375717 0.033754 0.049722 0.026380 0.002152 0.505798 0.006478 1.709753
0.381195 0.031394 0.048437 0.025509 0.002146 0.504815 0.006504 1.712971
0.386871 0.029133 0.047162 0.024670 0.002125 0.503506 0.006533 1.716003
0.392410 0.027100 0.045813 0.023813 0.002118 0.502185 0.006561 1.718763
0.397969 0.025176 0.044369 0.022914 0.002105 0.500884 0.006584 1.721378
0.403541 0.023416 0.042947 0.021996 0.002101 0.499388 0.006610 1.723786
0.409155 0.021815 0.041508 0.021107 0.002068 0.497708 0.006640 1.725998
0.414765 0.020333 0.040100 0.020245 0.002044 0.495852 0.006661 1.728061
0.420399 0.019026 0.038528 0.019469 0.002017 0.493877 0.006683 1.729957
0.426095 0.017763 0.037080 0.018620 0.001997 0.491736 0.006711 1.731762
0.431699 0.016592 0.035675 0.017836 0.001951 0.489506 0.006741 1.733463
0.437240 0.015547 0.034219 0.016980 0.001930 0.487320 0.006764 1.734991
0.442850 0.014551 0.032869 0.016279 0.001895 0.484762 0.006794 1.736474
0.448466 0.013621 0.031522 0.015520 0.001875 0.482185 0.006812 1.737858
0.453994 0.012784 0.030200 0.014859 0.001857 0.479474 0.006831 1.739153
0.459547 0.011992 0.028927 0.014251 0.001809 0.476617 0.006858 1.740375
0.465108 0.011293 0.027713 0.013567 0.001760 0.473674 0.006884 1.741487
0.470565 0.010611 0.026522 0.012963 0.001713 0.470715 0.006912 1.742577
0.476003 0.009973 0.025379 0.012391 0.001679 0.467642 0.006933 1.743615
0.481409 0.009385 0.024292 0.011823 0.001645 0.464492 0.006955 1.744578
0.486818 0.008833 0.023262 0.011285 0.001609 0.461213 0.006982 1.745497
0.492304 0.008356 0.022200 0.010740 0.001582 0.457813 0.007006 1.746326
0.497674 0.007888 0.021243 0.010249 0.001543 0.454377 0.007026 1.747134
0.502964 0.007435 0.020332 0.009804 0.001505 0.450919 0.007043 1.747927
0.508304 0.007060 0.019403 0.009334 0.001477 0.447360 0.007062 1.748638
0.513450 0.006719 0.018564 0.008904 0.001445 0.443839 0.007080 1.749315
0.518714 0.006377 0.017699 0.008492 0.001415 0.440206 0.007098 1.749968
0.523839 0.006040 0.016908 0.008067 0.001379 0.436652 0.007116 1.750603
0.528948 0.005775 0.016109 0.007666 0.001345 0.433023 0.007133 1.751168
0.534053 0.005496 0.015392 0.007298 0.001312 0.429299 0.007151 1.751730
0.539081 0.005227 0.014719 0.006938 0.001277 0.425591 0.007169 1.752263
0.544144 0.005012 0.014008 0.006593 0.001259 0.421804 0.007180 1.752740
0.549160 0.004801 0.013369 0.006262 0.001229 0.417982 0.007196 1.753219
0.554054 0.004598 0.012729 0.005933 0.001206 0.414272 0.007209 1.753677
0.559006 0.004417 0.012099 0.005655 0.001173 0.410423 0.007227 1.754109
0.563868 0.004241 0.011567 0.005397 0.001138 0.406544 0.007244 1.754528
0.568674 0.004078 0.011049 0.005153 0.001107 0.402682 0.007258 1.754930
0.573395 0.003915 0.010581 0.004921 0.001074 0.398842 0.007273 1.755320
0.578133 0.003754 0.010086 0.004705 0.001045 0.394991 0.007286 1.755699
0.582815 0.003603 0.009647 0.004479 0.001016 0.391146 0.007295 1.756082
0.587481 0.003487 0.009207 0.004264 0.000987 0.387269 0.007305 1.756416
0.592082 0.003369 0.008788 0.004051 0.000958 0.383431 0.007323 1.756736
0.596694 0.003239 0.008444 0.003870 0.000936 0.379481 0.007334 1.757069
0.601193 0.003135 0.008074 0.003682 0.000911 0.375661 0.007345 1.757366
0.605597 0.003002 0.007713 0.003496 0.000884 0.371952 0.007357 1.757680
0.610017 0.002904 0.007359 0.003317 0.000860 0.368175 0.007369 1.757956
0.614416 0.002796 0.007039 0.003173 0.000834 0.364362 0.007380 1.758243
0.618698 0.002712 0.006766 0.003018 0.000814 0.360600 0.007392 1.758519
0.623024 0.002621 0.006464 0.002881 0.000785 0.356822 0.007403 1.758776
0.627222 0.002549 0.006213 0.002753 0.000755 0.353093 0.007415 1.759024
0.631470 0.002468 0.005931 0.002635 0.000732 0.349340 0.007425 1.759265
0.635607 0.002384 0.005680 0.002521 0.000705 0.345671 0.007432 1.759499
0.639738 0.002297 0.005473 0.002406 0.000679 0.341967 0.007442 1.759738
0.643817 0.002236 0.005242 0.002329 0.000656 0.338270 0.007451 1.759959
0.647915 0.002183 0.005011 0.002234 0.000648 0.334555 0.007454 1.760171
0.651929 0.002127 0.004797 0.002153 0.000628 0.330901 0.007466 1.760385
0.655892 0.002056 0.004584 0.002056 0.000612 0.327325 0.007476 1.760592
0.659804 0.002017 0.004396 0.001959 0.000592 0.323746 0.007486 1.760780
0.663687 0.001957 0.004226 0.001889 0.000578 0.320173 0.007491 1.760982
0.667454 0.001913 0.004056 0.001811 0.000564 0.316707 0.007495 1.761169
0.671242 0.001860 0.003905 0.001739 0.000546 0.313208 0.007501 1.761352
0.675012 0.001816 0.003766 0.001677 0.000524 0.309697 0.007509 1.761528
0.678657 0.001779 0.003632 0.001619 0.000505 0.306292 0.007515 1.761702
0.682386 0.001731 0.003485 0.001562 0.000488 0.302830 0.007519 1.761877
0.686050 0.001714 0.003361 0.001491 0.000471 0.299387 0.007527 1.762044
0.689678 0.001665 0.003234 0.001432 0.000459 0.296001 0.007533 1.762204
0.693231 0.001627 0.003110 0.001395 0.000440 0.292658 0.007542 1.762368
0.696761 0.001596 0.002993 0.001365 0.000425 0.289315 0.007546 1.762524
0.700273 0.001567 0.002887 0.001315 0.000412 0.285995 0.007552 1.762675
0.703731 0.001528 0.002780 0.001266 0.000399 0.282739 0.007558 1.762825
0.707156 0.001481 0.002695 0.001227 0.000390 0.279490 0.007563 1.762986
0.710497 0.001438 0.002591 0.001184 0.000383 0.276342 0.007566 1.763130
0.713766 0.001383 0.002533 0.001155 0.000372 0.273220 0.007571 1.763283
0.717020 0.001337 0.002459 0.001111 0.000362 0.270136 0.007576 1.763432
0.720276 0.001328 0.002365 0.001071 0.000353 0.267028 0.007581 1.763559
0.723474 0.001301 0.002285 0.001039 0.000343 0.263973 0.007587 1.763687
0.726652 0.001278 0.002205 0.000995 0.000333 0.260945 0.007591 1.763813
0.729812 0.001244 0.002143 0.000963 0.000327 0.257917 0.007595 1.763942
0.732965 0.001224 0.002081 0.000936 0.000319 0.254877 0.007599 1.764061
0.736109 0.001192 0.002015 0.000906 0.000306 0.251870 0.007604 1.764188
0.739070 0.001189 0.001936 0.000878 0.000296 0.249024 0.007609 1.764286
0.742031 0.001181 0.001880 0.000854 0.000287 0.246154 0.007614 1.764404
0.744893 0.001171 0.001836 0.000827 0.000276 0.243380 0.007618 1.764516
0.747827 0.001162 0.001764 0.000810 0.000264 0.240551 0.007623 1.764634
0.750700 0.001136 0.001722 0.000781 0.000257 0.237778 0.007627 1.764744
0.753538 0.001114 0.001690 0.000763 0.000250 0.235018 0.007629 1.764859
0.756318 0.001089 0.001659 0.000751 0.000243 0.232308 0.007632 1.764973
0.759186 0.001081 0.001608 0.000729 0.000237 0.229525 0.007635 1.765068
0.761917 0.001086 0.001573 0.000704 0.000231 0.226855 0.007636 1.765162
0.764615 0.001053 0.001523 0.000698 0.000221 0.224251 0.007640 1.765280
0.767335 0.001022 0.001495 0.000683 0.000220 0.221605 0.007641 1.765395
0.769983 0.001014 0.001459 0.000670 0.000213 0.219019 0.007643 1.765495
0.772637 0.001018 0.001432 0.000657 0.000207 0.216404 0.007645 1.765594
0.775184 0.001009 0.001402 0.000645 0.000203 0.213911 0.007647 1.765695
0.777781 0.000980 0.001384 0.000635 0.000195 0.211376 0.007651 1.765802
0.780261 0.000987 0.001342 0.000620 0.000186 0.208952 0.007653 1.765890
0.782794 0.000966 0.001308 0.000610 0.000183 0.206484 0.007655 1.765992
0.785252 0.000963 0.001277 0.000588 0.000178 0.204086 0.007656 1.766080
0.787697 0.000963 0.001242 0.000574 0.000174 0.201694 0.007658 1.766164
0.790107 0.000943 0.001217 0.000571 0.000166 0.199335 0.007661 1.766258
0.792511 0.000935 0.001193 0.000553 0.000156 0.196989 0.007665 1.766353
0.794850 0.000919 0.001168 0.000542 0.000151 0.194705 0.007666 1.766444
0.797189 0.000908 0.001161 0.000526 0.000145 0.192403 0.007668 1.766539
0.799466 0.000898 0.001129 0.000508 0.000139 0.190190 0.007670 1.766624
0.801687 0.000887 0.001112 0.000508 0.000133 0.188001 0.007672 1.766722
0.803975 0.000873 0.001088 0.000493 0.000131 0.185768 0.007673 1.766805
0.806234 0.000870 0.001053 0.000476 0.000128 0.183566 0.007675 1.766882
0.808513 0.000865 0.001027 0.000466 0.000126 0.181327 0.007677 1.766966
0.810719 0.000845 0.001012 0.000462 0.000121 0.179162 0.007680 1.767054
0.812784 0.000822 0.000986 0.000453 0.000118 0.177156 0.007681 1.767142
0.814976 0.000795 0.000961 0.000447 0.000117 0.175022 0.007682 1.767224
0.817100 0.000790 0.000944 0.000439 0.000115 0.172929 0.007684 1.767302
0.819134 0.000771 0.000930 0.000432 0.000113 0.170935 0.007685 1.767380
0.821168 0.000763 0.000906 0.000426 0.000109 0.168941 0.007687 1.767445
0.823230 0.000752 0.000891 0.000408 0.000106 0.166925 0.007689 1.767519
0.825236 0.000739 0.000877 0.000403 0.000099 0.164955 0.007691 1.767599
0.827258 0.000732 0.000869 0.000390 0.000099 0.162962 0.007691 1.767678
0.829273 0.000715 0.000872 0.000388 0.000096 0.160966 0.007691 1.767759
0.831147 0.000710 0.000851 0.000387 0.000094 0.159118 0.007692 1.767827
0.833035 0.000710 0.000826 0.000380 0.000089 0.157267 0.007693 1.767894
0.834952 0.000692 0.000827 0.000380 0.000087 0.155367 0.007695 1.767976
0.836871 0.000687 0.000808 0.000378 0.000084 0.153476 0.007697 1.768043
0.838705 0.000676 0.000797 0.000373 0.000083 0.151669 0.007697 1.768113
0.840483 0.000681 0.000772 0.000363 0.000080 0.149923 0.007699 1.768175
0.842266 0.000685 0.000761 0.000363 0.000077 0.148149 0.007700 1.768240
0.844007 0.000683 0.000757 0.000360 0.000075 0.146417 0.007702 1.768313
0.845730 0.000676 0.000747 0.000354 0.000074 0.144718 0.007702 1.768377
0.847459 0.000669 0.000743 0.000349 0.000071 0.143008 0.007703 1.768443
0.849234 0.000653 0.000744 0.000339 0.000070 0.141256 0.007704 1.768512
0.850878 0.000642 0.000735 0.000341 0.000069 0.139630 0.007705 1.768579
0.852555 0.000636 0.000726 0.000336 0.000067 0.137974 0.007705 1.768640
0.854186 0.000635 0.000713 0.000339 0.000065 0.136358 0.007706 1.768700
0.855787 0.000630 0.000705 0.000342 0.000062 0.134768 0.007708 1.768768
0.857423 0.000631 0.000698 0.000331 0.000062 0.133148 0.007708 1.768819
0.858988 0.000622 0.000699 0.000331 0.000060 0.131591 0.007709 1.768886
0.860530 0.000632 0.000676 0.000330 0.000059 0.130063 0.007710 1.768931
0.862046 0.000623 0.000674 0.000327 0.000055 0.128563 0.007712 1.768993
0.863567 0.000624 0.000660 0.000325 0.000055 0.127057 0.007712 1.769053
0.865098 0.000616 0.000650 0.000326 0.000054 0.125543 0.007714 1.769116
0.866617 0.000614 0.000641 0.000331 0.000053 0.124031 0.007714 1.769175
0.868067 0.000610 0.000639 0.000323 0.000054 0.122594 0.007714 1.769234
0.869577 0.000603 0.000623 0.000312 0.000051 0.121119 0.007716 1.769287
0.871065 0.000599 0.000617 0.000312 0.000051 0.119641 0.007716 1.769345
0.872582 0.000593 0.000607 0.000302 0.000051 0.118150 0.007716 1.769398
0.873979 0.000598 0.000600 0.000303 0.000049 0.116756 0.007717 1.769455
0.875381 0.000604 0.000587 0.000300 0.000046 0.115366 0.007718 1.769508
0.876770 0.000596 0.000589 0.000297 0.000045 0.113986 0.007718 1.769569
0.878103 0.000591 0.000588 0.000304 0.000045 0.112653 0.007719 1.769631
0.879464 0.000590 0.000597 0.000298 0.000042 0.111290 0.007720 1.769688
0.880727 0.000585 0.000602 0.000299 0.000041 0.110026 0.007721 1.769751
0.882038 0.000590 0.000599 0.000290 0.000041 0.108723 0.007721 1.769802
0.883285 0.000591 0.000604 0.000287 0.000039 0.107474 0.007721 1.769863
0.884545 0.000589 0.000596 0.000287 0.000038 0.106226 0.007722 1.769917
0.885765 0.000587 0.000591 0.000293 0.000037 0.105007 0.007722 1.769974
0.887009 0.000588 0.000588 0.000288 0.000039 0.103766 0.007723 1.770030
0.888225 0.000581 0.000586 0.000286 0.000036 0.102563 0.007724 1.770089
0.889350 0.000581 0.000587 0.000279 0.000037 0.101443 0.007724 1.770149
0.890510 0.000593 0.000594 0.000271 0.000038 0.100271 0.007724 1.770202
0.891631 0.000578 0.000599 0.000269 0.000037 0.099161 0.007726 1.770271
0.892793 0.000576 0.000591 0.000271 0.000035 0.098008 0.007727 1.770324
0.893869 0.000571 0.000585 0.000270 0.000034 0.096945 0.007727 1.770380
0.894915 0.000579 0.000574 0.000269 0.000034 0.095903 0.007727 1.770429
0.895953 0.000590 0.000565 0.000263 0.000033 0.094868 0.007727 1.770479
0.897038 0.000594 0.000557 0.000262 0.000031 0.093791 0.007728 1.770532
0.898041 0.000582 0.000558 0.000267 0.000030 0.092794 0.007728 1.770598
0.899031 0.000575 0.000556 0.000269 0.000031 0.091811 0.007728 1.770662
0.900026 0.000584 0.000547 0.000261 0.000031 0.090824 0.007728 1.770710
0.901004 0.000578 0.000553 0.000260 0.000030 0.089847 0.007728 1.770774
0.902009 0.000585 0.000548 0.000266 0.000029 0.088835 0.007728 1.770828
0.903003 0.000578 0.000544 0.000267 0.000031 0.087849 0.007728 1.770882
0.903950 0.000567 0.000548 0.000266 0.000031 0.086910 0.007728 1.770943
0.904893 0.000559 0.000545 0.000263 0.000030 0.085981 0.007729 1.770999
0.905794 0.000559 0.000552 0.000264 0.000029 0.085073 0.007730 1.771063
0.906639 0.000550 0.000556 0.000260 0.000028 0.084237 0.007730 1.771125
0.907514 0.000532 0.000561 0.000264 0.000028 0.083370 0.007731 1.771185
0.908322 0.000538 0.000564 0.000264 0.000026 0.082556 0.007732 1.771236
0.909128 0.000549 0.000551 0.000264 0.000025 0.081752 0.007732 1.771283
0.909935 0.000550 0.000552 0.000258 0.000025 0.080948 0.007733 1.771335
0.910741 0.000545 0.000552 0.000258 0.000025 0.080148 0.007733 1.771392
0.911521 0.000545 0.000552 0.000252 0.000026 0.079372 0.007734 1.771441
0.912294 0.000557 0.000547 0.000251 0.000024 0.078593 0.007734 1.771489
0.913016 0.000571 0.000545 0.000251 0.000023 0.077859 0.007735 1.771541
0.913782 0.000570 0.000542 0.000249 0.000024 0.077099 0.007735 1.771595
0.914509 0.000577 0.000538 0.000255 0.000024 0.076363 0.007735 1.771650
0.915256 0.000578 0.000546 0.000253 0.000024 0.075609 0.007735 1.771710
0.915975 0.000586 0.000547 0.000253 0.000024 0.074881 0.007736 1.771764
0.916701 0.000589 0.000541 0.000249 0.000022 0.074163 0.007736 1.771822
0.917369 0.000594 0.000544 0.000242 0.000022 0.073494 0.007736 1.771878
0.918036 0.000602 0.000543 0.000245 0.000022 0.072816 0.007736 1.771942
0.918693 0.000598 0.000544 0.000243 0.000022 0.072164 0.007736 1.772000
0.919347 0.000588 0.000550 0.000251 0.000021 0.071507 0.007737 1.772068
0.920002 0.000587 0.000557 0.000255 0.000021 0.070842 0.007737 1.772133
0.920622 0.000584 0.000567 0.000251 0.000021 0.070218 0.007737 1.772196
0.921196 0.000599 0.000558 0.000249 0.000022 0.069639 0.007737 1.772244
0.921813 0.000599 0.000550 0.000251 0.000022 0.069027 0.007738 1.772297
0.922401 0.000589 0.000561 0.000256 0.000022 0.068434 0.007738 1.772365
0.922961 0.000595 0.000562 0.000255 0.000022 0.067867 0.007739 1.772424
0.923544 0.000609 0.000547 0.000258 0.000022 0.067281 0.007739 1.772478
0.924062 0.000612 0.000556 0.000252 0.000022 0.066759 0.007739 1.772540
0.924581 0.000631 0.000554 0.000252 0.000021 0.066222 0.007739 1.772594
0.925091 0.000633 0.000555 0.000256 0.000021 0.065706 0.007739 1.772656
0.925591 0.000634 0.000559 0.000254 0.000021 0.065202 0.007739 1.772718
0.926106 0.000636 0.000562 0.000254 0.000020 0.064683 0.007739 1.772778
0.926607 0.000640 0.000576 0.000252 0.000019 0.064166 0.007740 1.772846
0.927097 0.000632 0.000581 0.000256 0.000020 0.063675 0.007740 1.772911
0.927597 0.000643 0.000581 0.000250 0.000020 0.063168 0.007740 1.772967
0.928079 0.000650 0.000574 0.000250 0.000018 0.062687 0.007741 1.773023
0.928533 0.000653 0.000568 0.000251 0.000018 0.062237 0.007741 1.773080
0.928999 0.000651 0.000572 0.000248 0.000018 0.061772 0.007741 1.773139
0.929444 0.000648 0.000579 0.000250 0.000019 0.061320 0.007741 1.773202
0.929889 0.000634 0.000583 0.000253 0.000020 0.060880 0.007742 1.773268
0.930353 0.000633 0.000582 0.000255 0.000020 0.060417 0.007742 1.773329
0.930780 0.000634 0.000580 0.000257 0.000020 0.059988 0.007742 1.773387
0.931196 0.000627 0.000572 0.000255 0.000019 0.059590 0.007742 1.773446
0.931588 0.000627 0.000561 0.000261 0.000019 0.059202 0.007742 1.773504
0.931997 0.000635 0.000561 0.000263 0.000019 0.058784 0.007742 1.773566
0.932386 0.000634 0.000562 0.000262 0.000019 0.058395 0.007742 1.773626
0.932762 0.000636 0.000563 0.000261 0.000020 0.058017 0.007742 1.773684
0.933137 0.000637 0.000555 0.000271 0.000020 0.057637 0.007743 1.773745
0.933516 0.000626 0.000559 0.000276 0.000019 0.057261 0.007744 1.773805
0.933877 0.000625 0.000564 0.000272 0.000019 0.056899 0.007744 1.773866
0.934241 0.000621 0.000568 0.000276 0.000019 0.056532 0.007744 1.773928
0.934573 0.000618 0.000571 0.000277 0.000019 0.056199 0.007744 1.773999
0.934922 0.000612 0.000568 0.000285 0.000017 0.055852 0.007744 1.774061
0.935269 0.000610 0.000566 0.000282 0.000018 0.055512 0.007744 1.774122
0.935588 0.000610 0.000565 0.000280 0.000017 0.055197 0.007744 1.774181
0.935909 0.000607 0.000560 0.000276 0.000016 0.054888 0.007744 1.774242
0.936217 0.000602 0.000571 0.000273 0.000017 0.054577 0.007744 1.774306
0.936534 0.000608 0.000570 0.000271 0.000017 0.054258 0.007745 1.774359
0.936853 0.000598 0.000574 0.000279 0.000017 0.053935 0.007745 1.774423
0.937181 0.000587 0.000578 0.000272 0.000017 0.053621 0.007745 1.774487
0.937476 0.000582 0.000583 0.000269 0.000017 0.053328 0.007746 1.774542
0.937781 0.000576 0.000584 0.000273 0.000018 0.053022 0.007746 1.774608
0.938056 0.000576 0.000578 0.000263 0.000017 0.052764 0.007746 1.774661
0.938363 0.000578 0.000577 0.000260 0.000017 0.052460 0.007746 1.774716
0.938637 0.000573 0.000581 0.000256 0.000017 0.052190 0.007746 1.774775
0.938900 0.000576 0.000582 0.000262 0.000016 0.051919 0.007747 1.774837
0.939168 0.000583 0.000568 0.000259 0.000019 0.051658 0.007747 1.774889
0.939411 0.000594 0.000568 0.000261 0.000019 0.051401 0.007747 1.774944
0.939687 0.000581 0.000573 0.000266 0.000019 0.051127 0.007747 1.775011
0.939943 0.000598 0.000565 0.000268 0.000019 0.050860 0.007748 1.775057
0.940203 0.000597 0.000567 0.000268 0.000019 0.050598 0.007749 1.775117
0.940434 0.000599 0.000568 0.000266 0.000018 0.050367 0.007749 1.775175
0.940647 0.000618 0.000570 0.000262 0.000018 0.050136 0.007749 1.775230
0.940879 0.000623 0.000572 0.000261 0.000018 0.049899 0.007749 1.775286
0.941089 0.000618 0.000575 0.000264 0.000018 0.049687 0.007749 1.775348
0.941294 0.000614 0.000570 0.000269 0.000019 0.049485 0.007749 1.775413
0.941504 0.000617 0.000562 0.000274 0.000019 0.049275 0.007749 1.775470
0.941711 0.000628 0.000572 0.000269 0.000018 0.049053 0.007750 1.775526
0.941902 0.000638 0.000566 0.000266 0.000018 0.048862 0.007750 1.775581
0.942095 0.000630 0.000571 0.000265 0.000018 0.048671 0.007750 1.775646
0.942273 0.000634 0.000568 0.000270 0.000018 0.048488 0.007750 1.775706
0.942462 0.000625 0.000575 0.000270 0.000019 0.048300 0.007750 1.775777
0.942657 0.000623 0.000579 0.000272 0.000018 0.048102 0.007750 1.775839
0.942874 0.000619 0.000573 0.000274 0.000019 0.047890 0.007750 1.775895
0.943061 0.000630 0.000568 0.000276 0.000019 0.047696 0.007750 1.775951
0.943252 0.000623 0.000569 0.000281 0.000019 0.047507 0.007750 1.776015
0.943453 0.000617 0.000572 0.000282 0.000019 0.047308 0.007750 1.776080
0.943614 0.000604 0.000578 0.000292 0.000016 0.047145 0.007751 1.776152
0.943810 0.000599 0.000571 0.000295 0.000016 0.046958 0.007752 1.776207
0.943974 0.000612 0.000558 0.000294 0.000016 0.046794 0.007752 1.776258
0.944167 0.000603 0.000551 0.000293 0.000016 0.046618 0.007752 1.776317
0.944331 0.000612 0.000564 0.000289 0.000016 0.046437 0.007753 1.776380
0.944474 0.000623 0.000562 0.000286 0.000016 0.046288 0.007753 1.776436
0.944622 0.000637 0.000563 0.000292 0.000016 0.046118 0.007753 1.776500
0.944772 0.000640 0.000566 0.000291 0.000016 0.045963 0.007753 1.776555
0.944914 0.000645 0.000563 0.000294 0.000017 0.045816 0.007753 1.776617
0.945060 0.000649 0.000578 0.000289 0.000019 0.045651 0.007754 1.776687
0.945225 0.000640 0.000578 0.000286 0.000018 0.045500 0.007754 1.776750
0.945357 0.000644 0.000581 0.000285 0.000017 0.045363 0.007754 1.776811
0.945511 0.000639 0.000595 0.000291 0.000018 0.045191 0.007754 1.776887
0.945629 0.000652 0.000599 0.000289 0.000018 0.045059 0.007754 1.776947
0.945770 0.000659 0.000591 0.000289 0.000018 0.044917 0.007755 1.777005
0.945903 0.000659 0.000590 0.000289 0.000019 0.044785 0.007756 1.777070
0.946019 0.000667 0.000589 0.000292 0.000017 0.044660 0.007756 1.777136
0.946152 0.000673 0.000586 0.000295 0.000018 0.044520 0.007756 1.777202
0.946274 0.000666 0.000589 0.000294 0.000018 0.044402 0.007757 1.777274
0.946389 0.000680 0.000582 0.000284 0.000019 0.044289 0.007757 1.777327
0.946511 0.000678 0.000586 0.000281 0.000018 0.044168 0.007757 1.777398
0.946633 0.000681 0.000592 0.000295 0.000019 0.044023 0.007757 1.777471
0.946745 0.000680 0.000594 0.000298 0.000018 0.043906 0.007759 1.777538
0.946859 0.000691 0.000589 0.000301 0.000018 0.043784 0.007759 1.777593
0.946963 0.000691 0.000587 0.000302 0.000018 0.043680 0.007760 1.777659
0.947070 0.000713 0.000583 0.000298 0.000018 0.043560 0.007760 1.777713
0.947188 0.000702 0.000591 0.000298 0.000017 0.043444 0.007761 1.777786
0.947283 0.000704 0.000599 0.000304 0.000016 0.043332 0.007762 1.777857
0.947360 0.000714 0.000607 0.000297 0.000016 0.043245 0.007762 1.777925
0.947455 0.000696 0.000617 0.000301 0.000016 0.043152 0.007762 1.778007
0.947545 0.000700 0.000619 0.000303 0.000016 0.043056 0.007762 1.778075
0.947624 0.000704 0.000624 0.000302 0.000016 0.042968 0.007762 1.778141
0.947709 0.000701 0.000628 0.000306 0.000016 0.042879 0.007762 1.778210
0.947815 0.000697 0.000630 0.000298 0.000018 0.042779 0.007762 1.778280
0.947903 0.000705 0.000626 0.000311 0.000018 0.042673 0.007762 1.778345
0.947985 0.000713 0.000618 0.000312 0.000019 0.042591 0.007762 1.778409
0.948053 0.000701 0.000629 0.000317 0.000019 0.042520 0.007762 1.778492
0.948118 0.000707 0.000623 0.000317 0.000018 0.042456 0.007762 1.778556
0.948192 0.000706 0.000625 0.000314 0.000016 0.042383 0.007763 1.778628
0.948275 0.000708 0.000633 0.000318 0.000016 0.042288 0.007763 1.778696
0.948354 0.000707 0.000631 0.000318 0.000016 0.042212 0.007763 1.778763
0.948439 0.000718 0.000630 0.000318 0.000017 0.042116 0.007763 1.778829
0.948513 0.000714 0.000624 0.000322 0.000017 0.042047 0.007763 1.778898
0.948589 0.000712 0.000622 0.000323 0.000017 0.041972 0.007763 1.778969
0.948664 0.000697 0.000638 0.000333 0.000019 0.041887 0.007763 1.779053
0.948724 0.000696 0.000635 0.000338 0.000018 0.041826 0.007763 1.779124
0.948788 0.000695 0.000639 0.000332 0.000020 0.041763 0.007763 1.779192
0.948852 0.000702 0.000644 0.000329 0.000020 0.041689 0.007764 1.779263
0.948923 0.000707 0.000648 0.000327 0.000019 0.041610 0.007764 1.779328
0.948987 0.000714 0.000645 0.000336 0.000021 0.041535 0.007764 1.779399
0.949045 0.000710 0.000645 0.000332 0.000021 0.041484 0.007764 1.779469
0.949108 0.000722 0.000650 0.000332 0.000020 0.041403 0.007764 1.779537
0.949176 0.000723 0.000648 0.000332 0.000019 0.041337 0.007765 1.779605
0.949236 0.000726 0.000644 0.000333 0.000019 0.041279 0.007765 1.779672
0.949288 0.000742 0.000648 0.000331 0.000018 0.041206 0.007765 1.779740
0.949352 0.000735 0.000660 0.000329 0.000018 0.041140 0.007766 1.779822
0.949422 0.000733 0.000664 0.000329 0.000017 0.041069 0.007766 1.779892
0.949474 0.000741 0.000667 0.000329 0.000018 0.041004 0.007766 1.779966
0.949545 0.000739 0.000667 0.000324 0.000019 0.040940 0.007767 1.780033
0.949608 0.000746 0.000655 0.000322 0.000019 0.040883 0.007767 1.780098
0.949654 0.000759 0.000659 0.000315 0.000019 0.040828 0.007767 1.780164
0.949707 0.000765 0.000671 0.000315 0.000018 0.040758 0.007767 1.780244
0.949741 0.000760 0.000686 0.000326 0.000017 0.040703 0.007767 1.780332
0.949773 0.000779 0.000683 0.000324 0.000018 0.040656 0.007767 1.780399
0.949821 0.000770 0.000699 0.000322 0.000017 0.040603 0.007767 1.780479
0.949872 0.000764 0.000706 0.000316 0.000017 0.040558 0.007767 1.780553
0.949934 0.000751 0.000714 0.000314 0.000017 0.040504 0.007767 1.780633
0.949980 0.000763 0.000704 0.000313 0.000018 0.040456 0.007767 1.780697
0.950030 0.000761 0.000697 0.000321 0.000018 0.040406 0.007767 1.780770
0.950082 0.000755 0.000703 0.000317 0.000020 0.040357 0.007767 1.780844
0.950123 0.000763 0.000696 0.000311 0.000020 0.040319 0.007768 1.780913
0.950155 0.000774 0.000688 0.000308 0.000020 0.040287 0.007768 1.780979
0.950209 0.000778 0.000687 0.000309 0.000020 0.040229 0.007768 1.781056
0.950252 0.000774 0.000688 0.000315 0.000020 0.040184 0.007769 1.781136
0.950291 0.000770 0.000696 0.000321 0.000019 0.040134 0.007770 1.781217
0.950340 0.000777 0.000692 0.000317 0.000020 0.040086 0.007770 1.781284
0.950371 0.000780 0.000688 0.000317 0.000020 0.040054 0.007770 1.781356
0.950413 0.000767 0.000702 0.000322 0.000022 0.040005 0.007770 1.781442
0.950437 0.000771 0.000717 0.000319 0.000022 0.039965 0.007770 1.781519
0.950463 0.000776 0.000706 0.000321 0.000022 0.039943 0.007771 1.781591
0.950506 0.000765 0.000721 0.000324 0.000022 0.039893 0.007771 1.781673
0.950548 0.000765 0.000728 0.000319 0.000022 0.039846 0.007771 1.781754
0.950581 0.000756 0.000731 0.000314 0.000022 0.039824 0.007772 1.781834
0.950620 0.000760 0.000732 0.000314 0.000022 0.039781 0.007772 1.781913
0.950653 0.000767 0.000736 0.000309 0.000022 0.039742 0.007772 1.781993
0.950694 0.000765 0.000742 0.000313 0.000023 0.039692 0.007773 1.782068
0.950739 0.000760 0.000737 0.000323 0.000024 0.039645 0.007773 1.782145
0.950762 0.000766 0.000737 0.000329 0.000025 0.039611 0.007773 1.782223
0.950798 0.000767 0.000729 0.000337 0.000026 0.039571 0.007773 1.782292
0.950817 0.000771 0.000723 0.000333 0.000026 0.039558 0.007773 1.782360
0.950821 0.000778 0.000719 0.000337 0.000025 0.039547 0.007773 1.782440
0.950850 0.000775 0.000727 0.000342 0.000024 0.039509 0.007774 1.782522
0.950881 0.000789 0.000711 0.000341 0.000025 0.039481 0.007774 1.782584
0.950895 0.000794 0.000704 0.000352 0.000024 0.039458 0.007775 1.782662
0.950907 0.000799 0.000706 0.000358 0.000023 0.039433 0.007775 1.782743
0.950910 0.000814 0.000715 0.000349 0.000021 0.039416 0.007776 1.782816
0.950941 0.000811 0.000715 0.000352 0.000022 0.039385 0.007776 1.782898
0.950951 0.000823 0.000706 0.000360 0.000022 0.039363 0.007776 1.782980
0.950967 0.000837 0.000709 0.000361 0.000021 0.039331 0.007776 1.783053
0.950974 0.000842 0.000711 0.000350 0.000021 0.039326 0.007776 1.783133
0.950988 0.000844 0.000722 0.000350 0.000020 0.039298 0.007777 1.783223
0.951008 0.000842 0.000727 0.000343 0.000019 0.039284 0.007777 1.783303
0.951024 0.000842 0.000732 0.000346 0.000019 0.039258 0.007778 1.783389
0.951058 0.000843 0.000732 0.000349 0.000021 0.039219 0.007778 1.783473
0.951073 0.000833 0.000736 0.000368 0.000021 0.039192 0.007778 1.783567
0.951091 0.000831 0.000737 0.000372 0.000021 0.039170 0.007778 1.783653
0.951114 0.000820 0.000744 0.000380 0.000020 0.039144 0.007779 1.783745
0.951127 0.000827 0.000744 0.000382 0.000020 0.039121 0.007779 1.783825
0.951142 0.000822 0.000752 0.000390 0.000020 0.039095 0.007779 1.783910
0.951152 0.000826 0.000754 0.000381 0.000022 0.039087 0.007779 1.783990
0.951162 0.000811 0.000767 0.000385 0.000021 0.039076 0.007779 1.784081
0.951184 0.000803 0.000779 0.000387 0.000022 0.039045 0.007780 1.784167
0.951193 0.000812 0.000779 0.000387 0.000022 0.039028 0.007780 1.784248
0.951199 0.000828 0.000774 0.000384 0.000023 0.039013 0.007780 1.784320
0.951220 0.000827 0.000780 0.000385 0.000023 0.038986 0.007780 1.784407
0.951239 0.000829 0.000786 0.000387 0.000026 0.038954 0.007780 1.784495
0.951276 0.000805 0.000789 0.000391 0.000026 0.038936 0.007780 1.784586
0.951303 0.000796 0.000799 0.000386 0.000025 0.038912 0.007780 1.784673
0.951316 0.000807 0.000794 0.000380 0.000024 0.038899 0.007780 1.784747
0.951336 0.000818 0.000790 0.000379 0.000022 0.038874 0.007781 1.784820
0.951366 0.000816 0.000779 0.000383 0.000021 0.038855 0.007781 1.784898
0.951396 0.000817 0.000774 0.000387 0.000021 0.038823 0.007781 1.784980
0.951403 0.000822 0.000771 0.000389 0.000022 0.038813 0.007781 1.785058
0.951407 0.000825 0.000770 0.000387 0.000022 0.038808 0.007781 1.785140
0.951420 0.000840 0.000758 0.000389 0.000022 0.038789 0.007782 1.785215
0.951421 0.000846 0.000756 0.000379 0.000023 0.038793 0.007783 1.785293
0.951424 0.000850 0.000764 0.000378 0.000023 0.038779 0.007783 1.785377
0.951434 0.000838 0.000777 0.000378 0.000022 0.038768 0.007784 1.785469
0.951432 0.000844 0.000778 0.000380 0.000022 0.038759 0.007784 1.785555
0.951442 0.000837 0.000785 0.000385 0.000023 0.038745 0.007784 1.785635
0.951464 0.000829 0.000787 0.000377 0.000023 0.038735 0.007784 1.785720
0.951465 0.000830 0.000795 0.000374 0.000024 0.038729 0.007784 1.785804
0.951471 0.000823 0.000804 0.000376 0.000023 0.038718 0.007785 1.785892
0.951476 0.000826 0.000807 0.000379 0.000022 0.038704 0.007785 1.785976
0.951490 0.000817 0.000812 0.000373 0.000022 0.038699 0.007786 1.786062
0.951512 0.000824 0.000799 0.000369 0.000023 0.038687 0.007786 1.786131
0.951529 0.000827 0.000789 0.000365 0.000023 0.038681 0.007786 1.786202
0.951534 0.000824 0.000789 0.000368 0.000023 0.038676 0.007786 1.786287
0.951554 0.000826 0.000780 0.000368 0.000023 0.038663 0.007787 1.786355
0.951573 0.000841 0.000777 0.000368 0.000022 0.038633 0.007787 1.786427
0.951592 0.000842 0.000775 0.000367 0.000023 0.038613 0.007787 1.786507
0.951596 0.000840 0.000783 0.000365 0.000024 0.038604 0.007787 1.786594
0.951593 0.000845 0.000786 0.000367 0.000023 0.038600 0.007788 1.786671
0.951601 0.000828 0.000790 0.000369 0.000022 0.038603 0.007789 1.786762
0.951614 0.000816 0.000791 0.000362 0.000021 0.038607 0.007789 1.786853
0.951619 0.000830 0.000782 0.000363 0.000021 0.038597 0.007789 1.786933
0.951625 0.000816 0.000792 0.000369 0.000021 0.038588 0.007789 1.787025
0.951616 0.000819 0.000794 0.000362 0.000022 0.038598 0.007789 1.787111
0.951631 0.000812 0.000801 0.000371 0.000022 0.038574 0.007790 1.787193
0.951659 0.000803 0.000799 0.000375 0.000023 0.038552 0.007790 1.787279
0.951680 0.000803 0.000780 0.000368 0.000023 0.038556 0.007791 1.787352
0.951710 0.000802 0.000761 0.000360 0.000023 0.038554 0.007791 1.787422
0.951730 0.000793 0.000754 0.000368 0.000022 0.038542 0.007791 1.787502
0.951753 0.000796 0.000751 0.000368 0.000023 0.038518 0.007792 1.787576
0.951749 0.000805 0.000766 0.000369 0.000023 0.038496 0.007792 1.787658
0.951758 0.000805 0.000770 0.000363 0.000024 0.038488 0.007792 1.787734
0.951760 0.000821 0.000758 0.000362 0.000025 0.038482 0.007792 1.787802
0.951768 0.000819 0.000750 0.000360 0.000025 0.038487 0.007792 1.787882
0.951775 0.000821 0.000756 0.000357 0.000025 0.038475 0.007792 1.787958
0.951772 0.000824 0.000751 0.000358 0.000023 0.038479 0.007793 1.788041
0.951787 0.000801 0.000766 0.000358 0.000024 0.038472 0.007793 1.788133
0.951798 0.000791 0.000771 0.000360 0.000025 0.038462 0.007793 1.788216
0.951797 0.000791 0.000773 0.000360 0.000025 0.038460 0.007794 1.788298
0.951807 0.000790 0.000773 0.000363 0.000025 0.038448 0.007794 1.788379
0.951812 0.000797 0.000760 0.000369 0.000025 0.038444 0.007794 1.788450
0.951809 0.000805 0.000752 0.000372 0.000027 0.038441 0.007794 1.788524
0.951814 0.000809 0.000740 0.000368 0.000027 0.038448 0.007794 1.788593
0.951824 0.000811 0.000749 0.000360 0.000025 0.038436 0.007795 1.788667
0.951839 0.000799 0.000748 0.000364 0.000024 0.038431 0.007795 1.788745
0.951844 0.000800 0.000750 0.000368 0.000025 0.038418 0.007795 1.788825
0.951859 0.000787 0.000751 0.000368 0.000024 0.038416 0.007796 1.788907
0.951858 0.000793 0.000753 0.000371 0.000025 0.038405 0.007796 1.788984
0.951866 0.000802 0.000746 0.000364 0.000026 0.038400 0.007796 1.789056
0.951876 0.000792 0.000752 0.000366 0.000026 0.038393 0.007796 1.789145
0.951870 0.000795 0.000752 0.000362 0.000026 0.038399 0.007796 1.789225
0.951885 0.000791 0.000750 0.000360 0.000027 0.038392 0.007796 1.789305
0.951891 0.000791 0.000746 0.000365 0.000027 0.038384 0.007796 1.789380
0.951899 0.000790 0.000747 0.000361 0.000027 0.038381 0.007796 1.789455
0.951918 0.000777 0.000761 0.000358 0.000027 0.038363 0.007796 1.789537
0.951934 0.000768 0.000771 0.000352 0.000029 0.038351 0.007796 1.789621
0.951950 0.000768 0.000754 0.000357 0.000029 0.038348 0.007796 1.789696
0.951960 0.000770 0.000747 0.000352 0.000029 0.038346 0.007797 1.789767
0.951989 0.000752 0.000737 0.000362 0.000028 0.038335 0.007797 1.789845
0.951993 0.000756 0.000733 0.000354 0.000029 0.038339 0.007797 1.789914
0.952013 0.000753 0.000735 0.000349 0.000027 0.038327 0.007797 1.789985
0.952017 0.000752 0.000731 0.000347 0.000027 0.038330 0.007797 1.790060
0.952037 0.000749 0.000726 0.000353 0.000026 0.038311 0.007797 1.790136
0.952051 0.000755 0.000726 0.000356 0.000027 0.038288 0.007798 1.790206
0.952033 0.000757 0.000730 0.000353 0.000027 0.038302 0.007798 1.790290
0.952033 0.000760 0.000741 0.000356 0.000027 0.038284 0.007798 1.790373
0.952044 0.000760 0.000742 0.000347 0.000028 0.038280 0.007799 1.790445
0.952048 0.000763 0.000732 0.000345 0.000027 0.038287 0.007799 1.790519
0.952051 0.000761 0.000732 0.000345 0.000027 0.038286 0.007799 1.790597
0.952055 0.000753 0.000727 0.000342 0.000026 0.038298 0.007799 1.790674
0.952061 0.000745 0.000724 0.000350 0.000027 0.038294 0.007800 1.790757
0.952075 0.000735 0.000734 0.000351 0.000025 0.038280 0.007800 1.790839
0.952086 0.000751 0.000726 0.000348 0.000022 0.038268 0.007800 1.790901
0.952091 0.000735 0.000734 0.000352 0.000022 0.038266 0.007800 1.790989
0.952109 0.000718 0.000736 0.000353 0.000023 0.038260 0.007800 1.791070
0.952110 0.000729 0.000737 0.000346 0.000025 0.038253 0.007801 1.791136
0.952118 0.000741 0.000733 0.000347 0.000025 0.038236 0.007801 1.791205
0.952128 0.000752 0.000726 0.000346 0.000024 0.038224 0.007801 1.791275
0.952111 0.000782 0.000717 0.000340 0.000024 0.038225 0.007802 1.791343
0.952114 0.000781 0.000723 0.000342 0.000022 0.038216 0.007802 1.791417
0.952105 0.000795 0.000722 0.000345 0.000024 0.038208 0.007802 1.791490
0.952103 0.000798 0.000721 0.000348 0.000024 0.038205 0.007802 1.791567
0.952107 0.000797 0.000722 0.000342 0.000024 0.038206 0.007802 1.791645
0.952126 0.000782 0.000732 0.000340 0.000025 0.038194 0.007802 1.791731
0.952118 0.000787 0.000734 0.000351 0.000026 0.038182 0.007802 1.791807
0.952119 0.000796 0.000725 0.000349 0.000026 0.038183 0.007802 1.791876
0.952124 0.000790 0.000721 0.000352 0.000027 0.038185 0.007802 1.791956
0.952128 0.000793 0.000718 0.000347 0.000027 0.038185 0.007802 1.792029
0.952138 0.000784 0.000714 0.000344 0.000027 0.038190 0.007803 1.792110
0.952139 0.000782 0.000719 0.000345 0.000027 0.038186 0.007803 1.792189
0.952146 0.000781 0.000725 0.000347 0.000027 0.038170 0.007804 1.792270
0.952157 0.000770 0.000715 0.000362 0.000027 0.038165 0.007804 1.792350
0.952153 0.000777 0.000719 0.000362 0.000026 0.038159 0.007804 1.792430
0.952151 0.000787 0.000719 0.000364 0.000025 0.038149 0.007804 1.792504
0.952160 0.000785 0.000725 0.000361 0.000025 0.038140 0.007804 1.792582
0.952180 0.000781 0.000724 0.000354 0.000024 0.038133 0.007804 1.792655
0.952204 0.000774 0.000721 0.000357 0.000024 0.038117 0.007804 1.792733
0.952203 0.000790 0.000718 0.000351 0.000023 0.038111 0.007805 1.792806
0.952200 0.000794 0.000726 0.000345 0.000021 0.038110 0.007805 1.792882
0.952206 0.000790 0.000724 0.000348 0.000021 0.038105 0.007805 1.792959
0.952213 0.000784 0.000730 0.000348 0.000021 0.038100 0.007805 1.793036
0.952217 0.000776 0.000723 0.000355 0.000019 0.038104 0.007806 1.793118
0.952217 0.000774 0.000727 0.000361 0.000019 0.038094 0.007806 1.793198
0.952221 0.000779 0.000721 0.000363 0.000018 0.038092 0.007806 1.793270
0.952229 0.000791 0.000715 0.000355 0.000017 0.038087 0.007806 1.793341
0.952229 0.000786 0.000713 0.000360 0.000018 0.038089 0.007806 1.793424
0.952245 0.000777 0.000709 0.000357 0.000018 0.038087 0.007806 1.793503
0.952246 0.000782 0.000700 0.000352 0.000018 0.038095 0.007806 1.793576
0.952236 0.000773 0.000703 0.000358 0.000017 0.038108 0.007806 1.793656
0.952230 0.000774 0.000699 0.000362 0.000015 0.038113 0.007808 1.793736
0.952229 0.000774 0.000707 0.000357 0.000016 0.038109 0.007808 1.793815
0.952242 0.000769 0.000707 0.000357 0.000014 0.038104 0.007808 1.793886
0.952230 0.000781 0.000704 0.000351 0.000014 0.038112 0.007808 1.793955
0.952229 0.000768 0.000718 0.000347 0.000014 0.038115 0.007808 1.794037
0.952238 0.000780 0.000710 0.000349 0.000016 0.038098 0.007808 1.794107
0.952249 0.000792 0.000701 0.000334 0.000016 0.038099 0.007808 1.794170
0.952251 0.000787 0.000702 0.000332 0.000014 0.038105 0.007808 1.794247
0.952254 0.000790 0.000700 0.000333 0.000015 0.038101 0.007808 1.794324
0.952247 0.000782 0.000703 0.000331 0.000017 0.038111 0.007808 1.794405
0.952246 0.000779 0.000703 0.000329 0.000018 0.038117 0.007808 1.794483
0.952235 0.000794 0.000707 0.000326 0.000017 0.038111 0.007809 1.794553
0.952250 0.000788 0.000696 0.000326 0.000018 0.038113 0.007809 1.794630
0.952257 0.000783 0.000707 0.000323 0.000017 0.038104 0.007810 1.794708
0.952265 0.000782 0.000712 0.000320 0.000019 0.038093 0.007810 1.794784
0.952286 0.000761 0.000723 0.000321 0.000020 0.038080 0.007810 1.794867
0.952281 0.000756 0.000717 0.000332 0.000019 0.038086 0.007810 1.794950
0.952283 0.000754 0.000710 0.000335 0.000019 0.038090 0.007810 1.795026
0.952283 0.000757 0.000701 0.000336 0.000019 0.038093 0.007810 1.795095
0.952280 0.000760 0.000716 0.000338 0.000020 0.038076 0.007811 1.795171
0.952288 0.000761 0.000708 0.000332 0.000020 0.038079 0.007811 1.795239
0.952296 0.000763 0.000708 0.000326 0.000021 0.038076 0.007811 1.795306
0.952312 0.000753 0.000715 0.000330 0.000020 0.038061 0.007811 1.795380
0.952327 0.000755 0.000708 0.000331 0.000021 0.038049 0.007811 1.795451
0.952333 0.000745 0.000712 0.000327 0.000022 0.038051 0.007811 1.795527
0.952349 0.000744 0.000712 0.000325 0.000020 0.038038 0.007812 1.795599
0.952361 0.000732 0.000722 0.000328 0.000019 0.038027 0.007812 1.795681
0.952369 0.000730 0.000724 0.000329 0.000020 0.038018 0.007812 1.795755
0.952373 0.000738 0.000727 0.000325 0.000020 0.038006 0.007812 1.795823
0.952385 0.000732 0.000715 0.000327 0.000022 0.038008 0.007812 1.795900
0.952379 0.000743 0.000706 0.000322 0.000022 0.038016 0.007812 1.795960
0.952376 0.000746 0.000711 0.000315 0.000022 0.038018 0.007813 1.796027
0.952380 0.000744 0.000719 0.000310 0.000023 0.038012 0.007813 1.796104
0.952383 0.000740 0.000722 0.000313 0.000023 0.038009 0.007813 1.796178
0.952370 0.000742 0.000713 0.000320 0.000022 0.038021 0.007813 1.796253
0.952381 0.000735 0.000715 0.000323 0.000022 0.038011 0.007814 1.796335
0.952384 0.000731 0.000715 0.000325 0.000022 0.038010 0.007814 1.796411
0.952400 0.000723 0.000717 0.000324 0.000022 0.038000 0.007814 1.796488
0.952413 0.000717 0.000711 0.000322 0.000022 0.038002 0.007814 1.796562
0.952428 0.000717 0.000705 0.000320 0.000022 0.037994 0.007814 1.796624
0.952448 0.000704 0.000701 0.000323 0.000021 0.037989 0.007815 1.796693
0.952443 0.000706 0.000703 0.000330 0.000020 0.037983 0.007815 1.796768
0.952447 0.000705 0.000708 0.000324 0.000020 0.037981 0.007815 1.796840
0.952442 0.000716 0.000707 0.000314 0.000020 0.037985 0.007816 1.796910
0.952444 0.000715 0.000697 0.000319 0.000020 0.037990 0.007816 1.796983
0.952451 0.000700 0.000699 0.000323 0.000019 0.037992 0.007816 1.797066
0.952461 0.000704 0.000694 0.000317 0.000019 0.037989 0.007816 1.797132
0.952473 0.000690 0.000699 0.000320 0.000019 0.037984 0.007816 1.797211
0.952476 0.000686 0.000695 0.000313 0.000018 0.037996 0.007816 1.797276
0.952486 0.000684 0.000695 0.000310 0.000019 0.037990 0.007816 1.797340
0.952505 0.000674 0.000690 0.000312 0.000018 0.037984 0.007817 1.797410
0.952504 0.000683 0.000683 0.000306 0.000019 0.037988 0.007817 1.797473
0.952514 0.000685 0.000679 0.000304 0.000018 0.037982 0.007817 1.797534
0.952517 0.000691 0.000689 0.000298 0.000017 0.037971 0.007818 1.797600
