0.348689 0.063124 0.056518 0.032429 0.002072 0.491140 0.006029 1.599259
0.351214 0.060593 0.056509 0.032296 0.002069 0.491268 0.006053 1.605373
0.354583 0.057618 0.056292 0.031958 0.002066 0.491400 0.006084 1.611098
0.358620 0.054307 0.055978 0.031535 0.002075 0.491383 0.006102 1.616602
0.363110 0.050957 0.055482 0.030929 0.002070 0.491324 0.006128 1.621722
0.367663 0.047704 0.054807 0.030371 0.002088 0.491219 0.006148 1.626562
0.372421 0.044565 0.053969 0.029645 0.002088 0.491135 0.006179 1.631047
0.377412 0.041572 0.053016 0.028904 0.002088 0.490801 0.006208 1.635306
0.382411 0.038755 0.051870 0.028126 0.002102 0.490500 0.006236 1.639250
0.387555 0.036113 0.050750 0.027241 0.002099 0.489977 0.006264 1.642909
0.392788 0.033673 0.049491 0.026406 0.002085 0.489267 0.006290 1.646289
0.398015 0.031370 0.048092 0.025565 0.002075 0.488565 0.006319 1.649456
0.403305 0.029278 0.046737 0.024653 0.002051 0.487631 0.006346 1.652358
0.408588 0.027264 0.045400 0.023758 0.002050 0.486572 0.006368 1.655119
0.414030 0.025494 0.043939 0.022843 0.002011 0.485281 0.006401 1.657600
0.419546 0.023788 0.042442 0.021951 0.001990 0.483862 0.006423 1.660011
0.424864 0.022238 0.041028 0.021073 0.001989 0.482363 0.006443 1.662255
0.430228 0.020789 0.039636 0.020216 0.001961 0.480707 0.006462 1.664342
0.435586 0.019366 0.038247 0.019413 0.001941 0.478962 0.006485 1.666369
0.440943 0.018131 0.036834 0.018591 0.001915 0.477079 0.006507 1.668198
0.446390 0.016963 0.035471 0.017759 0.001891 0.475002 0.006524 1.669913
0.451883 0.015876 0.034106 0.017019 0.001867 0.472699 0.006549 1.671521
0.457244 0.014865 0.032781 0.016293 0.001831 0.470409 0.006576 1.673059
0.462621 0.013939 0.031462 0.015582 0.001815 0.467984 0.006598 1.674474
0.467934 0.013110 0.030195 0.014939 0.001781 0.465419 0.006622 1.675795
0.473329 0.012296 0.028977 0.014275 0.001755 0.462734 0.006634 1.677055
0.478513 0.011598 0.027795 0.013617 0.001719 0.460099 0.006660 1.678236
0.483860 0.010929 0.026626 0.013001 0.001682 0.457223 0.006679 1.679348
0.489212 0.010343 0.025492 0.012450 0.001652 0.454149 0.006701 1.680375
0.494503 0.009813 0.024403 0.011893 0.001619 0.451048 0.006722 1.681344
0.499718 0.009240 0.023350 0.011380 0.001577 0.447994 0.006741 1.682311
0.504847 0.008738 0.022298 0.010828 0.001558 0.444975 0.006758 1.683190
0.510005 0.008278 0.021363 0.010326 0.001523 0.441728 0.006778 1.684036
0.515088 0.007827 0.020443 0.009894 0.001482 0.438471 0.006796 1.684882
0.520198 0.007452 0.019560 0.009421 0.001447 0.435107 0.006815 1.685623
0.525243 0.007086 0.018731 0.008989 0.001419 0.431693 0.006838 1.686350
0.530371 0.006752 0.017866 0.008583 0.001388 0.428184 0.006856 1.687042
0.535257 0.006436 0.017063 0.008186 0.001355 0.424830 0.006873 1.687696
0.540138 0.006175 0.016299 0.007788 0.001333 0.421377 0.006890 1.688278
0.545087 0.005900 0.015576 0.007427 0.001307 0.417798 0.006906 1.688867
0.550044 0.005658 0.014868 0.007083 0.001274 0.414152 0.006920 1.689421
0.554859 0.005418 0.014176 0.006715 0.001248 0.410652 0.006932 1.689967
0.559696 0.005211 0.013543 0.006396 0.001207 0.407000 0.006947 1.690478
0.564481 0.004992 0.012903 0.006096 0.001180 0.403390 0.006958 1.690973
0.569233 0.004776 0.012350 0.005818 0.001144 0.399704 0.006975 1.691474
0.573982 0.004624 0.011810 0.005521 0.001118 0.395954 0.006991 1.691908
0.578688 0.004441 0.011261 0.005288 0.001095 0.392225 0.007003 1.692353
0.583305 0.004255 0.010770 0.005055 0.001070 0.388529 0.007016 1.692797
0.587917 0.004098 0.010270 0.004815 0.001042 0.384827 0.007033 1.693196
0.592415 0.003970 0.009796 0.004594 0.001004 0.381173 0.007048 1.693574
0.596942 0.003861 0.009362 0.004364 0.000971 0.377436 0.007065 1.693937
0.601444 0.003688 0.009021 0.004166 0.000944 0.373661 0.007077 1.694323
0.605976 0.003560 0.008620 0.003970 0.000911 0.369871 0.007091 1.694675
0.610385 0.003413 0.008258 0.003806 0.000885 0.366150 0.007103 1.695037
0.614720 0.003334 0.007901 0.003613 0.000858 0.362458 0.007116 1.695344
0.618974 0.003200 0.007587 0.003470 0.000835 0.358807 0.007127 1.695686
0.623232 0.003114 0.007256 0.003316 0.000815 0.355130 0.007138 1.695978
0.627496 0.003033 0.006966 0.003158 0.000781 0.351418 0.007148 1.696274
0.631643 0.002932 0.006674 0.003038 0.000760 0.347793 0.007160 1.696565
0.635832 0.002844 0.006391 0.002920 0.000738 0.344107 0.007169 1.696844
0.639929 0.002764 0.006132 0.002800 0.000719 0.340479 0.007178 1.697117
0.643975 0.002705 0.005902 0.002682 0.000709 0.336842 0.007184 1.697358
0.647866 0.002642 0.005679 0.002575 0.000688 0.333355 0.007195 1.697622
0.651844 0.002569 0.005463 0.002476 0.000663 0.329781 0.007204 1.697879
0.655834 0.002480 0.005236 0.002375 0.000643 0.326219 0.007213 1.698134
0.659697 0.002427 0.005041 0.002290 0.000622 0.322697 0.007227 1.698372
0.663581 0.002364 0.004861 0.002191 0.000599 0.319168 0.007236 1.698596
0.667386 0.002279 0.004695 0.002104 0.000585 0.315711 0.007242 1.698840
0.671103 0.002240 0.004509 0.002022 0.000566 0.312310 0.007250 1.699054
0.674777 0.002205 0.004337 0.001950 0.000556 0.308918 0.007257 1.699249
0.678434 0.002130 0.004205 0.001895 0.000537 0.305535 0.007265 1.699491
0.682038 0.002085 0.004048 0.001845 0.000520 0.302195 0.007271 1.699698
0.685593 0.002009 0.003896 0.001796 0.000506 0.298924 0.007277 1.699917
0.689128 0.001992 0.003750 0.001732 0.000488 0.295626 0.007285 1.700096
0.692678 0.001945 0.003624 0.001669 0.000474 0.292318 0.007292 1.700283
0.696205 0.001907 0.003493 0.001610 0.000464 0.289026 0.007297 1.700475
0.699640 0.001851 0.003386 0.001555 0.000453 0.285815 0.007301 1.700666
0.703110 0.001812 0.003279 0.001504 0.000440 0.282549 0.007307 1.700847
0.706438 0.001781 0.003174 0.001447 0.000423 0.279424 0.007313 1.701027
0.709801 0.001755 0.003058 0.001412 0.000409 0.276245 0.007320 1.701195
0.713049 0.001719 0.002986 0.001346 0.000400 0.273175 0.007325 1.701355
0.716333 0.001697 0.002871 0.001288 0.000392 0.270091 0.007329 1.701504
0.719562 0.001659 0.002778 0.001251 0.000380 0.267036 0.007334 1.701663
0.722802 0.001618 0.002675 0.001205 0.000368 0.263993 0.007338 1.701816
0.725978 0.001577 0.002592 0.001168 0.000351 0.260987 0.007348 1.701972
0.729092 0.001546 0.002513 0.001130 0.000337 0.258031 0.007351 1.702125
0.732240 0.001501 0.002439 0.001101 0.000328 0.255034 0.007357 1.702281
0.735291 0.001462 0.002360 0.001078 0.000319 0.252130 0.007362 1.702430
0.738309 0.001439 0.002278 0.001036 0.000306 0.249266 0.007368 1.702564
0.741265 0.001397 0.002219 0.001007 0.000301 0.246441 0.007370 1.702716
0.744193 0.001393 0.002155 0.000962 0.000294 0.243632 0.007372 1.702844
0.747174 0.001365 0.002086 0.000939 0.000287 0.240774 0.007376 1.702985
0.750059 0.001333 0.002032 0.000923 0.000279 0.237996 0.007379 1.703119
0.752981 0.001329 0.001974 0.000892 0.000273 0.235172 0.007381 1.703232
0.755826 0.001319 0.001922 0.000863 0.000266 0.232422 0.007383 1.703358
0.758582 0.001309 0.001871 0.000831 0.000258 0.229762 0.007387 1.703481
0.761307 0.001279 0.001836 0.000809 0.000253 0.227126 0.007390 1.703611
0.764042 0.001259 0.001787 0.000790 0.000249 0.224480 0.007393 1.703731
0.766686 0.001245 0.001747 0.000777 0.000241 0.221908 0.007396 1.703845
0.769347 0.001230 0.001709 0.000759 0.000230 0.219325 0.007400 1.703963
0.771937 0.001205 0.001668 0.000746 0.000222 0.216818 0.007405 1.704089
0.774535 0.001178 0.001617 0.000725 0.000214 0.214323 0.007409 1.704207
0.777103 0.001156 0.001568 0.000719 0.000208 0.211836 0.007411 1.704324
0.779686 0.001122 0.001531 0.000705 0.000202 0.209338 0.007416 1.704441
0.782165 0.001102 0.001508 0.000695 0.000195 0.206916 0.007420 1.704552
0.784654 0.001074 0.001488 0.000684 0.000191 0.204486 0.007422 1.704672
0.787122 0.001054 0.001464 0.000675 0.000183 0.202076 0.007426 1.704782
0.789576 0.001022 0.001438 0.000665 0.000177 0.199695 0.007428 1.704893
0.792028 0.001005 0.001402 0.000647 0.000169 0.197320 0.007430 1.704992
0.794320 0.001003 0.001371 0.000635 0.000164 0.195074 0.007433 1.705087
0.796630 0.000986 0.001346 0.000622 0.000158 0.192821 0.007436 1.705188
0.798935 0.000970 0.001314 0.000609 0.000153 0.190580 0.007438 1.705289
0.801261 0.000951 0.001292 0.000598 0.000144 0.188312 0.007442 1.705394
0.803474 0.000940 0.001262 0.000591 0.000143 0.186146 0.007444 1.705491
0.805688 0.000924 0.001233 0.000580 0.000139 0.183991 0.007445 1.705581
0.807894 0.000897 0.001207 0.000576 0.000134 0.181845 0.007448 1.705686
0.810039 0.000887 0.001184 0.000567 0.000127 0.179748 0.007449 1.705772
0.812218 0.000875 0.001165 0.000550 0.000123 0.177618 0.007451 1.705852
0.814335 0.000883 0.001119 0.000539 0.000117 0.175551 0.007456 1.705921
0.816401 0.000885 0.001096 0.000522 0.000110 0.173529 0.007458 1.705996
0.818480 0.000867 0.001079 0.000514 0.000106 0.171495 0.007459 1.706083
0.820502 0.000855 0.001079 0.000513 0.000101 0.169490 0.007460 1.706185
0.822592 0.000838 0.001071 0.000499 0.000097 0.167441 0.007461 1.706268
0.824629 0.000814 0.001069 0.000490 0.000096 0.165441 0.007462 1.706364
0.826612 0.000826 0.001049 0.000478 0.000092 0.163479 0.007465 1.706442
0.828540 0.000825 0.001033 0.000463 0.000090 0.161584 0.007465 1.706515
0.830449 0.000820 0.001024 0.000460 0.000086 0.159692 0.007468 1.706601
0.832353 0.000812 0.001013 0.000451 0.000083 0.157819 0.007468 1.706688
0.834252 0.000802 0.000996 0.000443 0.000083 0.155956 0.007470 1.706763
0.836107 0.000781 0.000990 0.000435 0.000078 0.154137 0.007472 1.706847
0.837993 0.000773 0.000970 0.000429 0.000075 0.152286 0.007473 1.706920
0.839819 0.000769 0.000946 0.000427 0.000074 0.150492 0.007474 1.706996
0.841646 0.000755 0.000937 0.000420 0.000072 0.148695 0.007474 1.707072
0.843360 0.000745 0.000925 0.000424 0.000070 0.147000 0.007475 1.707156
0.845097 0.000730 0.000905 0.000412 0.000070 0.145310 0.007475 1.707232
0.846809 0.000720 0.000904 0.000403 0.000068 0.143620 0.007476 1.707304
0.848467 0.000706 0.000885 0.000402 0.000067 0.141998 0.007476 1.707379
0.850098 0.000709 0.000873 0.000393 0.000063 0.140385 0.007478 1.707445
0.851771 0.000701 0.000856 0.000381 0.000061 0.138750 0.007480 1.707513
0.853422 0.000709 0.000849 0.000376 0.000057 0.137109 0.007480 1.707581
0.855009 0.000705 0.000849 0.000371 0.000054 0.135533 0.007481 1.707657
0.856621 0.000693 0.000826 0.000364 0.000052 0.133964 0.007481 1.707722
0.858196 0.000683 0.000810 0.000357 0.000050 0.132424 0.007481 1.707789
0.859730 0.000684 0.000783 0.000352 0.000050 0.130920 0.007481 1.707853
0.861256 0.000661 0.000784 0.000346 0.000049 0.129421 0.007483 1.707932
0.862780 0.000646 0.000779 0.000352 0.000048 0.127911 0.007484 1.708012
0.864303 0.000635 0.000767 0.000351 0.000046 0.126415 0.007484 1.708084
0.865801 0.000630 0.000748 0.000340 0.000045 0.124951 0.007485 1.708139
0.867255 0.000620 0.000744 0.000335 0.000044 0.123516 0.007487 1.708199
0.868700 0.000615 0.000726 0.000335 0.000042 0.122095 0.007488 1.708255
0.870090 0.000605 0.000717 0.000329 0.000041 0.120730 0.007488 1.708313
0.871468 0.000602 0.000704 0.000328 0.000042 0.119369 0.007488 1.708367
0.872868 0.000587 0.000696 0.000323 0.000040 0.117997 0.007489 1.708428
0.874239 0.000590 0.000675 0.000317 0.000041 0.116649 0.007490 1.708480
0.875622 0.000589 0.000658 0.000311 0.000039 0.115291 0.007491 1.708536
0.876886 0.000570 0.000653 0.000313 0.000038 0.114048 0.007492 1.708603
0.878163 0.000574 0.000645 0.000304 0.000038 0.112783 0.007492 1.708653
0.879456 0.000578 0.000643 0.000299 0.000037 0.111494 0.007493 1.708706
0.880753 0.000562 0.000640 0.000299 0.000037 0.110216 0.007494 1.708766
0.881973 0.000546 0.000632 0.000298 0.000036 0.109022 0.007494 1.708830
0.883216 0.000542 0.000623 0.000288 0.000036 0.107801 0.007495 1.708877
0.884425 0.000533 0.000629 0.000286 0.000035 0.106600 0.007495 1.708931
0.885614 0.000519 0.000635 0.000278 0.000036 0.105424 0.007495 1.708992
0.886794 0.000520 0.000616 0.000279 0.000035 0.104260 0.007495 1.709035
0.887975 0.000518 0.000607 0.000282 0.000034 0.103090 0.007495 1.709087
0.889121 0.000512 0.000606 0.000287 0.000034 0.101945 0.007496 1.709141
0.890319 0.000512 0.000598 0.000282 0.000034 0.100758 0.007496 1.709189
0.891415 0.000517 0.000597 0.000275 0.000034 0.099666 0.007496 1.709240
0.892540 0.000511 0.000587 0.000274 0.000035 0.098557 0.007496 1.709290
0.893644 0.000509 0.000570 0.000267 0.000035 0.097478 0.007497 1.709330
0.894682 0.000491 0.000567 0.000272 0.000034 0.096457 0.007497 1.709385
0.895757 0.000498 0.000558 0.000266 0.000031 0.095393 0.007498 1.709434
0.896771 0.000495 0.000554 0.000259 0.000031 0.094391 0.007499 1.709488
0.897755 0.000501 0.000545 0.000254 0.000032 0.093415 0.007499 1.709534
0.898748 0.000502 0.000537 0.000253 0.000032 0.092429 0.007499 1.709581
0.899733 0.000504 0.000534 0.000252 0.000031 0.091446 0.007500 1.709628
0.900663 0.000494 0.000531 0.000247 0.000030 0.090533 0.007502 1.709677
0.901632 0.000498 0.000518 0.000248 0.000030 0.089573 0.007502 1.709717
0.902558 0.000492 0.000517 0.000252 0.000029 0.088652 0.007502 1.709766
0.903445 0.000487 0.000510 0.000242 0.000030 0.087785 0.007502 1.709810
0.904390 0.000478 0.000504 0.000239 0.000030 0.086857 0.007502 1.709855
0.905275 0.000482 0.000499 0.000234 0.000030 0.085978 0.007502 1.709901
0.906160 0.000480 0.000496 0.000235 0.000029 0.085098 0.007502 1.709951
0.907029 0.000477 0.000493 0.000223 0.000029 0.084248 0.007502 1.709996
0.907883 0.000479 0.000493 0.000215 0.000028 0.083400 0.007503 1.710036
0.908730 0.000472 0.000498 0.000210 0.000028 0.082561 0.007503 1.710082
0.909531 0.000468 0.000493 0.000207 0.000027 0.081771 0.007503 1.710131
0.910317 0.000477 0.000481 0.000201 0.000027 0.080993 0.007504 1.710171
0.911107 0.000471 0.000474 0.000199 0.000025 0.080221 0.007504 1.710212
0.911838 0.000476 0.000471 0.000200 0.000026 0.079486 0.007505 1.710252
0.912583 0.000472 0.000481 0.000205 0.000025 0.078730 0.007505 1.710309
0.913337 0.000469 0.000471 0.000206 0.000024 0.077988 0.007505 1.710352
0.914066 0.000477 0.000473 0.000200 0.000024 0.077254 0.007505 1.710394
0.914790 0.000473 0.000471 0.000199 0.000022 0.076538 0.007507 1.710440
0.915474 0.000462 0.000477 0.000204 0.000022 0.075854 0.007507 1.710494
0.916156 0.000464 0.000476 0.000204 0.000022 0.075170 0.007507 1.710534
0.916867 0.000458 0.000466 0.000205 0.000023 0.074474 0.007507 1.710580
0.917514 0.000455 0.000455 0.000210 0.000023 0.073836 0.007507 1.710625
0.918182 0.000456 0.000447 0.000210 0.000022 0.073176 0.007508 1.710663
0.918893 0.000449 0.000449 0.000210 0.000022 0.072469 0.007508 1.710713
0.919582 0.000446 0.000442 0.000215 0.000022 0.071785 0.007508 1.710755
0.920236 0.000443 0.000433 0.000214 0.000022 0.071145 0.007508 1.710792
0.920815 0.000456 0.000426 0.000210 0.000023 0.070563 0.007508 1.710825
0.921441 0.000454 0.000423 0.000208 0.000023 0.069943 0.007509 1.710868
0.922056 0.000448 0.000416 0.000214 0.000023 0.069334 0.007509 1.710911
0.922664 0.000441 0.000416 0.000217 0.000022 0.068732 0.007509 1.710958
0.923267 0.000445 0.000411 0.000214 0.000021 0.068133 0.007509 1.710998
0.923822 0.000447 0.000414 0.000218 0.000021 0.067568 0.007509 1.711041
0.924374 0.000448 0.000407 0.000212 0.000021 0.067027 0.007509 1.711076
0.924947 0.000448 0.000412 0.000212 0.000019 0.066453 0.007509 1.711121
0.925506 0.000442 0.000416 0.000213 0.000019 0.065894 0.007509 1.711171
0.926042 0.000440 0.000406 0.000214 0.000019 0.065368 0.007509 1.711216
0.926602 0.000429 0.000408 0.000213 0.000019 0.064819 0.007510 1.711262
0.927130 0.000411 0.000407 0.000207 0.000020 0.064315 0.007511 1.711306
0.927637 0.000410 0.000406 0.000209 0.000019 0.063808 0.007511 1.711347
0.928145 0.000406 0.000404 0.000205 0.000019 0.063309 0.007511 1.711388
0.928615 0.000404 0.000410 0.000192 0.000020 0.062847 0.007511 1.711430
0.929080 0.000395 0.000412 0.000185 0.000019 0.062396 0.007511 1.711473
0.929556 0.000400 0.000401 0.000182 0.000019 0.061929 0.007512 1.711507
0.930020 0.000402 0.000402 0.000183 0.000018 0.061464 0.007512 1.711548
0.930473 0.000399 0.000399 0.000182 0.000018 0.061017 0.007513 1.711588
0.930895 0.000394 0.000390 0.000180 0.000018 0.060610 0.007513 1.711626
0.931325 0.000399 0.000384 0.000175 0.000018 0.060186 0.007513 1.711661
0.931751 0.000395 0.000390 0.000179 0.000017 0.059755 0.007514 1.711702
0.932173 0.000398 0.000386 0.000180 0.000019 0.059331 0.007514 1.711735
0.932580 0.000399 0.000378 0.000182 0.000019 0.058928 0.007514 1.711771
0.932983 0.000397 0.000380 0.000181 0.000018 0.058527 0.007514 1.711809
0.933366 0.000394 0.000383 0.000182 0.000017 0.058143 0.007514 1.711850
0.933733 0.000399 0.000384 0.000180 0.000017 0.057771 0.007515 1.711886
0.934126 0.000386 0.000386 0.000183 0.000018 0.057387 0.007515 1.711932
0.934491 0.000380 0.000395 0.000173 0.000016 0.057029 0.007516 1.711974
0.934859 0.000385 0.000387 0.000172 0.000016 0.056664 0.007516 1.712008
0.935224 0.000386 0.000384 0.000171 0.000015 0.056302 0.007517 1.712040
0.935590 0.000390 0.000380 0.000169 0.000015 0.055939 0.007517 1.712074
0.935949 0.000385 0.000386 0.000169 0.000015 0.055578 0.007517 1.712117
0.936291 0.000369 0.000391 0.000169 0.000016 0.055247 0.007517 1.712160
0.936624 0.000374 0.000393 0.000160 0.000015 0.054915 0.007517 1.712195
0.936953 0.000373 0.000396 0.000161 0.000016 0.054583 0.007518 1.712243
0.937275 0.000379 0.000387 0.000162 0.000015 0.054264 0.007518 1.712275
0.937602 0.000375 0.000388 0.000165 0.000015 0.053936 0.007518 1.712315
0.937916 0.000372 0.000386 0.000164 0.000016 0.053628 0.007518 1.712351
0.938227 0.000367 0.000388 0.000162 0.000016 0.053321 0.007518 1.712386
0.938556 0.000374 0.000386 0.000164 0.000014 0.052986 0.007519 1.712421
0.938863 0.000365 0.000383 0.000166 0.000014 0.052690 0.007520 1.712458
0.939152 0.000367 0.000375 0.000166 0.000014 0.052405 0.007520 1.712493
0.939454 0.000364 0.000374 0.000162 0.000014 0.052111 0.007520 1.712529
0.939727 0.000370 0.000366 0.000165 0.000015 0.051835 0.007520 1.712566
0.939980 0.000372 0.000365 0.000166 0.000015 0.051582 0.007520 1.712600
0.940251 0.000370 0.000366 0.000161 0.000015 0.051315 0.007521 1.712634
0.940504 0.000365 0.000369 0.000162 0.000015 0.051065 0.007521 1.712667
0.940767 0.000371 0.000366 0.000156 0.000014 0.050805 0.007521 1.712702
0.941030 0.000368 0.000364 0.000157 0.000013 0.050546 0.007522 1.712735
0.941283 0.000370 0.000363 0.000159 0.000013 0.050291 0.007522 1.712768
0.941536 0.000372 0.000362 0.000157 0.000012 0.050039 0.007522 1.712800
0.941777 0.000373 0.000360 0.000154 0.000012 0.049802 0.007523 1.712831
0.942013 0.000376 0.000350 0.000155 0.000012 0.049571 0.007523 1.712863
0.942257 0.000369 0.000348 0.000161 0.000012 0.049330 0.007523 1.712900
0.942488 0.000367 0.000345 0.000162 0.000012 0.049103 0.007523 1.712938
0.942735 0.000357 0.000353 0.000165 0.000012 0.048854 0.007523 1.712982
0.942938 0.000351 0.000355 0.000163 0.000012 0.048656 0.007523 1.713019
0.943159 0.000343 0.000352 0.000163 0.000012 0.048447 0.007523 1.713055
0.943380 0.000343 0.000354 0.000157 0.000012 0.048230 0.007523 1.713087
0.943587 0.000334 0.000355 0.000156 0.000012 0.048034 0.007523 1.713125
0.943792 0.000334 0.000354 0.000154 0.000011 0.047832 0.007524 1.713160
0.943980 0.000334 0.000353 0.000147 0.000011 0.047651 0.007524 1.713192
0.944169 0.000325 0.000354 0.000144 0.000011 0.047473 0.007524 1.713228
0.944374 0.000323 0.000351 0.000146 0.000011 0.047271 0.007524 1.713265
0.944572 0.000315 0.000355 0.000143 0.000012 0.047080 0.007524 1.713302
0.944763 0.000305 0.000354 0.000146 0.000011 0.046896 0.007525 1.713342
0.944940 0.000308 0.000355 0.000144 0.000011 0.046718 0.007525 1.713372
0.945124 0.000310 0.000353 0.000147 0.000010 0.046531 0.007525 1.713402
0.945312 0.000307 0.000355 0.000149 0.000010 0.046341 0.007526 1.713438
0.945491 0.000310 0.000346 0.000143 0.000010 0.046174 0.007526 1.713465
0.945651 0.000309 0.000342 0.000139 0.000010 0.046023 0.007526 1.713497
0.945819 0.000302 0.000339 0.000142 0.000010 0.045862 0.007526 1.713527
0.945983 0.000309 0.000338 0.000137 0.000009 0.045698 0.007526 1.713552
0.946140 0.000315 0.000331 0.000137 0.000010 0.045541 0.007526 1.713577
0.946290 0.000315 0.000327 0.000138 0.000009 0.045395 0.007527 1.713611
0.946469 0.000314 0.000325 0.000132 0.000009 0.045223 0.007527 1.713639
0.946624 0.000310 0.000322 0.000132 0.000009 0.045076 0.007527 1.713670
0.946755 0.000310 0.000319 0.000136 0.000009 0.044944 0.007527 1.713701
0.946877 0.000313 0.000315 0.000136 0.000008 0.044824 0.007528 1.713734
0.947021 0.000312 0.000309 0.000134 0.000009 0.044687 0.007528 1.713762
0.947177 0.000316 0.000305 0.000130 0.000009 0.044536 0.007528 1.713788
0.947309 0.000321 0.000309 0.000125 0.000009 0.044398 0.007528 1.713818
0.947433 0.000316 0.000312 0.000129 0.000010 0.044273 0.007528 1.713853
0.947555 0.000315 0.000309 0.000131 0.000010 0.044153 0.007528 1.713885
0.947673 0.000315 0.000306 0.000129 0.000011 0.044039 0.007528 1.713911
0.947796 0.000306 0.000318 0.000132 0.000011 0.043909 0.007528 1.713950
0.947901 0.000312 0.000307 0.000130 0.000010 0.043810 0.007528 1.713973
0.948025 0.000305 0.000315 0.000130 0.000010 0.043687 0.007528 1.714006
0.948134 0.000299 0.000305 0.000130 0.000011 0.043592 0.007528 1.714036
0.948261 0.000293 0.000308 0.000131 0.000011 0.043467 0.007528 1.714070
0.948372 0.000297 0.000305 0.000133 0.000011 0.043354 0.007528 1.714098
0.948488 0.000302 0.000308 0.000137 0.000011 0.043227 0.007528 1.714129
0.948591 0.000305 0.000314 0.000133 0.000011 0.043118 0.007528 1.714159
0.948696 0.000307 0.000310 0.000130 0.000011 0.043018 0.007528 1.714187
0.948812 0.000307 0.000312 0.000133 0.000011 0.042898 0.007528 1.714215
0.948915 0.000304 0.000313 0.000134 0.000011 0.042796 0.007528 1.714249
0.949016 0.000306 0.000312 0.000132 0.000010 0.042696 0.007528 1.714277
0.949118 0.000305 0.000313 0.000131 0.000011 0.042594 0.007528 1.714310
0.949222 0.000300 0.000307 0.000131 0.000011 0.042501 0.007528 1.714337
0.949331 0.000306 0.000303 0.000128 0.000012 0.042393 0.007528 1.714359
0.949410 0.000302 0.000311 0.000126 0.000011 0.042312 0.007529 1.714395
0.949491 0.000308 0.000302 0.000124 0.000010 0.042236 0.007529 1.714419
0.949577 0.000309 0.000297 0.000123 0.000010 0.042156 0.007529 1.714445
0.949657 0.000304 0.000301 0.000123 0.000011 0.042075 0.007529 1.714479
0.949748 0.000305 0.000301 0.000124 0.000011 0.041983 0.007529 1.714508
0.949824 0.000313 0.000297 0.000124 0.000010 0.041902 0.007530 1.714534
0.949904 0.000311 0.000299 0.000125 0.000009 0.041821 0.007530 1.714565
0.949991 0.000313 0.000298 0.000122 0.000009 0.041737 0.007530 1.714592
0.950071 0.000307 0.000296 0.000122 0.000009 0.041666 0.007530 1.714624
0.950155 0.000306 0.000288 0.000123 0.000010 0.041588 0.007530 1.714654
0.950214 0.000317 0.000289 0.000124 0.000010 0.041517 0.007530 1.714682
0.950285 0.000312 0.000295 0.000125 0.000009 0.041444 0.007530 1.714717
0.950351 0.000314 0.000302 0.000124 0.000010 0.041369 0.007530 1.714748
0.950423 0.000316 0.000298 0.000123 0.000010 0.041300 0.007531 1.714774
0.950495 0.000316 0.000295 0.000124 0.000011 0.041228 0.007531 1.714803
0.950575 0.000308 0.000292 0.000130 0.000011 0.041154 0.007531 1.714837
0.950645 0.000306 0.000291 0.000127 0.000011 0.041089 0.007532 1.714864
0.950699 0.000306 0.000292 0.000131 0.000011 0.041030 0.007532 1.714899
0.950767 0.000309 0.000292 0.000131 0.000010 0.040959 0.007532 1.714924
0.950828 0.000301 0.000293 0.000134 0.000010 0.040902 0.007533 1.714959
0.950892 0.000304 0.000288 0.000138 0.000010 0.040836 0.007533 1.714986
0.950957 0.000298 0.000288 0.000135 0.000010 0.040780 0.007533 1.715016
0.951013 0.000294 0.000286 0.000134 0.000009 0.040731 0.007533 1.715045
0.951072 0.000292 0.000287 0.000136 0.000008 0.040671 0.007534 1.715075
0.951126 0.000291 0.000288 0.000135 0.000009 0.040617 0.007534 1.715109
0.951194 0.000291 0.000283 0.000135 0.000009 0.040554 0.007534 1.715133
0.951242 0.000295 0.000281 0.000136 0.000009 0.040503 0.007534 1.715159
0.951290 0.000299 0.000278 0.000136 0.000009 0.040455 0.007534 1.715185
0.951348 0.000296 0.000283 0.000135 0.000010 0.040395 0.007534 1.715214
0.951417 0.000282 0.000284 0.000140 0.000011 0.040332 0.007534 1.715253
0.951470 0.000286 0.000282 0.000136 0.000011 0.040281 0.007534 1.715280
0.951517 0.000291 0.000279 0.000133 0.000011 0.040235 0.007534 1.715304
0.951571 0.000286 0.000278 0.000135 0.000011 0.040184 0.007535 1.715336
0.951624 0.000288 0.000277 0.000133 0.000010 0.040132 0.007536 1.715362
0.951681 0.000289 0.000272 0.000131 0.000010 0.040082 0.007536 1.715387
0.951733 0.000297 0.000265 0.000130 0.000010 0.040028 0.007536 1.715411
0.951785 0.000300 0.000261 0.000126 0.000010 0.039982 0.007536 1.715435
0.951827 0.000307 0.000269 0.000122 0.000009 0.039929 0.007537 1.715462
0.951870 0.000311 0.000273 0.000121 0.000010 0.039878 0.007537 1.715494
0.951909 0.000310 0.000275 0.000125 0.000010 0.039835 0.007537 1.715525
0.951963 0.000302 0.000273 0.000124 0.000011 0.039790 0.007537 1.715559
0.951994 0.000296 0.000280 0.000124 0.000011 0.039758 0.007537 1.715595
0.952040 0.000298 0.000280 0.000126 0.000010 0.039709 0.007537 1.715619
0.952094 0.000290 0.000279 0.000131 0.000010 0.039660 0.007537 1.715651
0.952135 0.000296 0.000278 0.000130 0.000010 0.039614 0.007537 1.715678
0.952171 0.000295 0.000276 0.000136 0.000010 0.039575 0.007537 1.715712
0.952212 0.000293 0.000275 0.000138 0.000010 0.039535 0.007537 1.715741
0.952257 0.000298 0.000274 0.000136 0.000010 0.039488 0.007537 1.715765
0.952301 0.000294 0.000273 0.000136 0.000011 0.039448 0.007537 1.715792
0.952347 0.000291 0.000269 0.000132 0.000011 0.039413 0.007537 1.715821
0.952382 0.000288 0.000270 0.000134 0.000011 0.039379 0.007537 1.715850
0.952414 0.000293 0.000267 0.000134 0.000011 0.039345 0.007537 1.715875
0.952453 0.000291 0.000269 0.000132 0.000011 0.039308 0.007537 1.715905
0.952480 0.000294 0.000267 0.000141 0.000012 0.039269 0.007537 1.715939
0.952515 0.000292 0.000267 0.000145 0.000013 0.039231 0.007537 1.715969
0.952541 0.000300 0.000261 0.000143 0.000012 0.039206 0.007538 1.715990
0.952574 0.000310 0.000259 0.000140 0.000011 0.039168 0.007538 1.716015
0.952616 0.000302 0.000265 0.000141 0.000011 0.039128 0.007538 1.716047
0.952643 0.000307 0.000267 0.000137 0.000012 0.039096 0.007538 1.716074
0.952673 0.000316 0.000266 0.000137 0.000012 0.039059 0.007538 1.716098
0.952694 0.000309 0.000264 0.000142 0.000012 0.039043 0.007538 1.716132
0.952734 0.000298 0.000262 0.000144 0.000010 0.039014 0.007538 1.716164
0.952758 0.000296 0.000265 0.000145 0.000010 0.038988 0.007538 1.716196
0.952778 0.000295 0.000265 0.000144 0.000010 0.038969 0.007539 1.716229
0.952798 0.000289 0.000266 0.000147 0.000010 0.038951 0.007539 1.716263
0.952834 0.000285 0.000270 0.000141 0.000010 0.038922 0.007539 1.716291
0.952859 0.000294 0.000271 0.000135 0.000011 0.038891 0.007539 1.716316
0.952885 0.000300 0.000264 0.000133 0.000011 0.038868 0.007539 1.716340
0.952920 0.000298 0.000262 0.000130 0.000012 0.038839 0.007539 1.716368
0.952951 0.000295 0.000266 0.000131 0.000011 0.038807 0.007539 1.716400
0.952983 0.000284 0.000273 0.000130 0.000012 0.038778 0.007539 1.716432
0.953009 0.000287 0.000273 0.000131 0.000012 0.038748 0.007539 1.716458
0.953024 0.000293 0.000276 0.000133 0.000013 0.038723 0.007539 1.716487
0.953034 0.000297 0.000280 0.000133 0.000013 0.038704 0.007539 1.716515
0.953065 0.000296 0.000287 0.000127 0.000013 0.038672 0.007539 1.716543
0.953081 0.000299 0.000281 0.000129 0.000014 0.038657 0.007539 1.716566
0.953097 0.000293 0.000285 0.000130 0.000014 0.038642 0.007539 1.716598
0.953122 0.000298 0.000285 0.000129 0.000016 0.038611 0.007539 1.716623
0.953135 0.000299 0.000279 0.000131 0.000015 0.038601 0.007540 1.716651
0.953146 0.000300 0.000287 0.000132 0.000014 0.038581 0.007540 1.716684
0.953162 0.000309 0.000279 0.000125 0.000014 0.038571 0.007540 1.716703
0.953182 0.000307 0.000278 0.000125 0.000014 0.038554 0.007541 1.716732
0.953197 0.000311 0.000275 0.000125 0.000014 0.038537 0.007541 1.716758
0.953223 0.000314 0.000271 0.000118 0.000016 0.038519 0.007541 1.716785
0.953234 0.000312 0.000276 0.000117 0.000015 0.038506 0.007541 1.716821
0.953246 0.000309 0.000285 0.000112 0.000015 0.038492 0.007541 1.716854
0.953254 0.000306 0.000287 0.000112 0.000015 0.038485 0.007541 1.716885
0.953269 0.000307 0.000290 0.000115 0.000015 0.038464 0.007541 1.716912
0.953286 0.000307 0.000291 0.000119 0.000014 0.038442 0.007542 1.716943
0.953306 0.000306 0.000292 0.000121 0.000014 0.038420 0.007542 1.716969
0.953314 0.000308 0.000289 0.000126 0.000013 0.038408 0.007542 1.717004
0.953326 0.000315 0.000293 0.000123 0.000011 0.038389 0.007543 1.717034
0.953345 0.000320 0.000280 0.000121 0.000011 0.038379 0.007543 1.717052
0.953365 0.000318 0.000274 0.000121 0.000010 0.038369 0.007544 1.717080
0.953381 0.000312 0.000274 0.000120 0.000010 0.038359 0.007544 1.717113
0.953391 0.000314 0.000273 0.000118 0.000011 0.038350 0.007544 1.717143
0.953408 0.000310 0.000273 0.000117 0.000010 0.038337 0.007544 1.717175
0.953423 0.000308 0.000275 0.000119 0.000011 0.038321 0.007544 1.717202
0.953431 0.000309 0.000277 0.000125 0.000010 0.038305 0.007544 1.717238
0.953442 0.000310 0.000279 0.000124 0.000010 0.038291 0.007544 1.717263
0.953454 0.000311 0.000282 0.000121 0.000010 0.038278 0.007544 1.717295
0.953469 0.000314 0.000281 0.000131 0.000010 0.038252 0.007544 1.717327
0.953481 0.000307 0.000282 0.000126 0.000010 0.038250 0.007544 1.717356
0.953502 0.000305 0.000278 0.000126 0.000010 0.038235 0.007544 1.717382
0.953518 0.000305 0.000280 0.000126 0.000010 0.038217 0.007544 1.717413
0.953538 0.000296 0.000287 0.000126 0.000010 0.038200 0.007544 1.717446
0.953561 0.000300 0.000275 0.000129 0.000010 0.038182 0.007544 1.717469
0.953573 0.000297 0.000273 0.000128 0.000010 0.038175 0.007544 1.717500
0.953589 0.000298 0.000269 0.000128 0.000010 0.038162 0.007544 1.717526
0.953592 0.000302 0.000267 0.000131 0.000010 0.038155 0.007544 1.717555
0.953598 0.000307 0.000267 0.000132 0.000010 0.038142 0.007544 1.717582
0.953613 0.000303 0.000271 0.000130 0.000010 0.038129 0.007544 1.717613
0.953631 0.000294 0.000277 0.000131 0.000010 0.038113 0.007544 1.717646
0.953650 0.000286 0.000277 0.000123 0.000010 0.038110 0.007544 1.717677
0.953661 0.000289 0.000282 0.000120 0.000011 0.038093 0.007544 1.717706
0.953658 0.000299 0.000278 0.000120 0.000012 0.038091 0.007544 1.717733
0.953684 0.000294 0.000283 0.000124 0.000012 0.038060 0.007544 1.717763
0.953694 0.000297 0.000284 0.000123 0.000012 0.038047 0.007544 1.717793
0.953700 0.000296 0.000285 0.000123 0.000011 0.038041 0.007544 1.717824
0.953709 0.000298 0.000284 0.000125 0.000011 0.038029 0.007544 1.717847
0.953723 0.000300 0.000283 0.000121 0.000011 0.038018 0.007545 1.717872
0.953726 0.000300 0.000284 0.000120 0.000010 0.038016 0.007545 1.717901
0.953734 0.000297 0.000282 0.000118 0.000009 0.038014 0.007545 1.717931
0.953742 0.000294 0.000281 0.000121 0.000009 0.038007 0.007545 1.717959
0.953758 0.000288 0.000280 0.000118 0.000010 0.038001 0.007545 1.717985
0.953773 0.000293 0.000281 0.000115 0.000010 0.037984 0.007545 1.718009
0.953790 0.000288 0.000284 0.000119 0.000010 0.037965 0.007545 1.718040
0.953807 0.000283 0.000276 0.000124 0.000010 0.037956 0.007545 1.718071
0.953822 0.000272 0.000278 0.000125 0.000010 0.037948 0.007545 1.718107
0.953830 0.000271 0.000276 0.000125 0.000009 0.037943 0.007546 1.718135
0.953834 0.000274 0.000275 0.000128 0.000010 0.037934 0.007546 1.718159
0.953843 0.000270 0.000267 0.000131 0.000010 0.037931 0.007547 1.718189
0.953846 0.000274 0.000259 0.000129 0.000009 0.037935 0.007548 1.718212
0.953848 0.000272 0.000257 0.000131 0.000008 0.037937 0.007548 1.718240
0.953860 0.000273 0.000255 0.000125 0.000009 0.037931 0.007548 1.718262
0.953863 0.000266 0.000258 0.000125 0.000009 0.037932 0.007548 1.718297
0.953871 0.000264 0.000260 0.000126 0.000009 0.037922 0.007548 1.718328
0.953872 0.000264 0.000263 0.000127 0.000009 0.037917 0.007548 1.718360
0.953880 0.000258 0.000267 0.000124 0.000009 0.037915 0.007548 1.718394
0.953888 0.000259 0.000259 0.000121 0.000008 0.037916 0.007549 1.718418
0.953898 0.000268 0.000246 0.000117 0.000008 0.037914 0.007549 1.718435
0.953911 0.000264 0.000246 0.000116 0.000008 0.037906 0.007549 1.718460
0.953929 0.000261 0.000244 0.000116 0.000008 0.037893 0.007549 1.718486
0.953937 0.000261 0.000245 0.000118 0.000008 0.037883 0.007549 1.718509
0.953957 0.000261 0.000242 0.000113 0.000008 0.037871 0.007549 1.718530
0.953970 0.000258 0.000245 0.000117 0.000008 0.037855 0.007549 1.718556
0.953982 0.000257 0.000247 0.000116 0.000008 0.037842 0.007549 1.718580
0.953996 0.000246 0.000252 0.000120 0.000007 0.037829 0.007549 1.718612
0.954004 0.000247 0.000249 0.000119 0.000007 0.037825 0.007549 1.718637
0.954015 0.000244 0.000246 0.000122 0.000008 0.037816 0.007549 1.718664
0.954015 0.000251 0.000242 0.000119 0.000007 0.037817 0.007549 1.718683
0.954027 0.000246 0.000237 0.000121 0.000007 0.037814 0.007549 1.718711
0.954032 0.000248 0.000236 0.000121 0.000007 0.037807 0.007549 1.718736
0.954034 0.000251 0.000238 0.000120 0.000007 0.037801 0.007549 1.718762
0.954043 0.000259 0.000230 0.000121 0.000007 0.037790 0.007549 1.718781
0.954050 0.000264 0.000228 0.000120 0.000008 0.037782 0.007549 1.718805
0.954052 0.000259 0.000238 0.000121 0.000008 0.037773 0.007549 1.718839
0.954059 0.000260 0.000237 0.000120 0.000007 0.037768 0.007549 1.718865
0.954065 0.000251 0.000241 0.000125 0.000007 0.037761 0.007549 1.718896
0.954072 0.000259 0.000237 0.000119 0.000007 0.037756 0.007550 1.718912
0.954072 0.000266 0.000238 0.000113 0.000007 0.037754 0.007550 1.718932
0.954076 0.000267 0.000238 0.000115 0.000007 0.037748 0.007550 1.718955
0.954073 0.000271 0.000244 0.000114 0.000007 0.037740 0.007550 1.718986
0.954076 0.000275 0.000246 0.000110 0.000008 0.037735 0.007550 1.719008
0.954074 0.000278 0.000252 0.000110 0.000009 0.037727 0.007550 1.719035
0.954088 0.000280 0.000249 0.000112 0.000009 0.037711 0.007550 1.719062
0.954102 0.000269 0.000260 0.000112 0.000008 0.037699 0.007550 1.719093
0.954100 0.000272 0.000258 0.000110 0.000008 0.037702 0.007550 1.719120
0.954101 0.000272 0.000254 0.000110 0.000009 0.037705 0.007550 1.719146
0.954106 0.000271 0.000252 0.000109 0.000009 0.037703 0.007550 1.719171
0.954113 0.000258 0.000253 0.000114 0.000010 0.037703 0.007550 1.719206
0.954119 0.000255 0.000254 0.000110 0.000009 0.037704 0.007550 1.719231
0.954123 0.000250 0.000255 0.000113 0.000008 0.037700 0.007552 1.719257
0.954131 0.000251 0.000254 0.000116 0.000008 0.037690 0.007552 1.719280
0.954138 0.000251 0.000247 0.000111 0.000008 0.037694 0.007552 1.719300
0.954149 0.000250 0.000244 0.000110 0.000008 0.037688 0.007552 1.719322
0.954160 0.000240 0.000244 0.000108 0.000009 0.037689 0.007552 1.719349
0.954171 0.000237 0.000239 0.000104 0.000009 0.037688 0.007552 1.719371
0.954183 0.000231 0.000244 0.000107 0.000009 0.037675 0.007552 1.719400
0.954199 0.000225 0.000245 0.000107 0.000010 0.037663 0.007552 1.719424
0.954194 0.000227 0.000245 0.000107 0.000010 0.037665 0.007552 1.719448
0.954198 0.000230 0.000239 0.000108 0.000009 0.037665 0.007552 1.719469
0.954208 0.000230 0.000240 0.000103 0.000008 0.037660 0.007552 1.719490
0.954215 0.000230 0.000234 0.000104 0.000008 0.037657 0.007552 1.719512
0.954225 0.000224 0.000237 0.000101 0.000007 0.037655 0.007552 1.719535
0.954235 0.000231 0.000233 0.000098 0.000007 0.037644 0.007552 1.719553
0.954232 0.000236 0.000231 0.000100 0.000008 0.037641 0.007552 1.719576
0.954234 0.000237 0.000231 0.000097 0.000008 0.037641 0.007552 1.719601
0.954251 0.000231 0.000233 0.000095 0.000008 0.037630 0.007552 1.719624
0.954265 0.000223 0.000230 0.000095 0.000007 0.037628 0.007553 1.719648
0.954272 0.000214 0.000235 0.000097 0.000007 0.037623 0.007553 1.719675
0.954276 0.000208 0.000236 0.000100 0.000006 0.037621 0.007553 1.719701
0.954285 0.000202 0.000240 0.000099 0.000006 0.037614 0.007553 1.719726
0.954301 0.000195 0.000241 0.000098 0.000007 0.037605 0.007553 1.719748
0.954311 0.000193 0.000238 0.000101 0.000007 0.037597 0.007553 1.719769
0.954324 0.000189 0.000233 0.000098 0.000007 0.037596 0.007553 1.719787
0.954328 0.000194 0.000230 0.000097 0.000006 0.037594 0.007553 1.719803
0.954333 0.000201 0.000223 0.000094 0.000005 0.037591 0.007553 1.719820
0.954346 0.000197 0.000219 0.000095 0.000005 0.037585 0.007553 1.719840
0.954356 0.000195 0.000217 0.000100 0.000004 0.037576 0.007553 1.719860
0.954356 0.000205 0.000215 0.000101 0.000004 0.037565 0.007553 1.719877
0.954365 0.000204 0.000212 0.000101 0.000004 0.037560 0.007553 1.719894
0.954380 0.000199 0.000206 0.000101 0.000005 0.037556 0.007553 1.719915
0.954392 0.000196 0.000208 0.000099 0.000005 0.037547 0.007553 1.719936
0.954395 0.000203 0.000204 0.000099 0.000005 0.037540 0.007553 1.719951
0.954398 0.000211 0.000199 0.000097 0.000005 0.037537 0.007553 1.719963
0.954413 0.000204 0.000202 0.000100 0.000005 0.037523 0.007553 1.719988
0.954421 0.000201 0.000203 0.000097 0.000005 0.037520 0.007553 1.720009
0.954424 0.000203 0.000204 0.000095 0.000005 0.037516 0.007553 1.720031
0.954436 0.000198 0.000198 0.000095 0.000004 0.037516 0.007554 1.720053
0.954441 0.000192 0.000195 0.000096 0.000005 0.037518 0.007554 1.720076
0.954455 0.000191 0.000197 0.000094 0.000005 0.037505 0.007554 1.720095
0.954456 0.000197 0.000196 0.000092 0.000005 0.037500 0.007554 1.720112
0.954465 0.000195 0.000192 0.000088 0.000004 0.037500 0.007555 1.720130
0.954475 0.000187 0.000196 0.000086 0.000004 0.037498 0.007555 1.720158
0.954485 0.000186 0.000187 0.000087 0.000004 0.037497 0.007555 1.720173
0.954484 0.000186 0.000190 0.000084 0.000004 0.037497 0.007555 1.720192
0.954493 0.000191 0.000180 0.000083 0.000004 0.037494 0.007556 1.720205
0.954497 0.000198 0.000174 0.000083 0.000004 0.037488 0.007556 1.720219
0.954504 0.000193 0.000178 0.000085 0.000003 0.037481 0.007556 1.720241
0.954507 0.000191 0.000181 0.000086 0.000003 0.037477 0.007556 1.720261
0.954512 0.000190 0.000179 0.000089 0.000003 0.037472 0.007556 1.720277
0.954517 0.000190 0.000181 0.000087 0.000004 0.037464 0.007556 1.720296
0.954528 0.000196 0.000180 0.000086 0.000005 0.037450 0.007556 1.720312
0.954526 0.000199 0.000176 0.000087 0.000004 0.037452 0.007556 1.720329
0.954531 0.000200 0.000170 0.000085 0.000004 0.037455 0.007556 1.720343
0.954535 0.000199 0.000170 0.000083 0.000003 0.037454 0.007556 1.720360
0.954535 0.000197 0.000175 0.000076 0.000003 0.037458 0.007556 1.720379
0.954540 0.000192 0.000180 0.000077 0.000003 0.037451 0.007556 1.720400
0.954545 0.000193 0.000177 0.000074 0.000003 0.037451 0.007556 1.720419
0.954553 0.000189 0.000181 0.000074 0.000003 0.037444 0.007556 1.720440
0.954560 0.000183 0.000179 0.000075 0.000003 0.037444 0.007556 1.720460
0.954565 0.000185 0.000182 0.000074 0.000003 0.037435 0.007556 1.720477
0.954579 0.000188 0.000184 0.000070 0.000004 0.037418 0.007556 1.720491
0.954589 0.000189 0.000180 0.000071 0.000004 0.037411 0.007556 1.720509
0.954592 0.000198 0.000178 0.000069 0.000004 0.037402 0.007556 1.720522
0.954602 0.000194 0.000178 0.000069 0.000004 0.037397 0.007556 1.720541
0.954606 0.000193 0.000184 0.000071 0.000004 0.037385 0.007556 1.720561
0.954617 0.000186 0.000181 0.000073 0.000005 0.037382 0.007556 1.720581
0.954627 0.000184 0.000175 0.000074 0.000005 0.037379 0.007556 1.720598
0.954623 0.000186 0.000181 0.000070 0.000005 0.037378 0.007556 1.720616
0.954618 0.000191 0.000178 0.000072 0.000004 0.037382 0.007556 1.720635
0.954623 0.000185 0.000183 0.000073 0.000003 0.037377 0.007557 1.720657
0.954627 0.000186 0.000183 0.000071 0.000003 0.037374 0.007557 1.720671
0.954628 0.000189 0.000179 0.000072 0.000003 0.037373 0.007557 1.720686
0.954624 0.000188 0.000184 0.000074 0.000002 0.037370 0.007557 1.720709
0.954625 0.000188 0.000181 0.000073 0.000002 0.037375 0.007557 1.720730
0.954629 0.000191 0.000182 0.000075 0.000003 0.037363 0.007557 1.720746
0.954631 0.000190 0.000186 0.000076 0.000003 0.037357 0.007557 1.720768
0.954633 0.000195 0.000186 0.000077 0.000003 0.037350 0.007557 1.720784
0.954640 0.000190 0.000190 0.000076 0.000003 0.037343 0.007557 1.720804
0.954638 0.000189 0.000191 0.000078 0.000002 0.037344 0.007558 1.720826
