0.341974 0.062926 0.056231 0.032038 0.002158 0.498412 0.006262 1.631174
0.343050 0.061907 0.056129 0.031998 0.002157 0.498470 0.006289 1.637317
0.344436 0.060739 0.055918 0.031863 0.002145 0.498583 0.006316 1.643244
0.346133 0.059346 0.055749 0.031736 0.002158 0.498542 0.006337 1.649145
0.348144 0.057945 0.055370 0.031556 0.002141 0.498474 0.006370 1.654833
0.350237 0.056428 0.055094 0.031314 0.002158 0.498376 0.006393 1.660504
0.352521 0.054839 0.054776 0.031036 0.002164 0.498242 0.006423 1.665998
0.354818 0.053406 0.054272 0.030698 0.002163 0.498187 0.006455 1.671298
0.357352 0.052049 0.053703 0.030314 0.002164 0.497933 0.006486 1.676420
0.359792 0.050825 0.053103 0.029981 0.002167 0.497625 0.006508 1.681446
0.362282 0.049806 0.052426 0.029579 0.002159 0.497211 0.006539 1.686261
0.364647 0.048756 0.051855 0.029098 0.002149 0.496930 0.006564 1.691046
0.367213 0.047730 0.051297 0.028699 0.002141 0.496327 0.006592 1.695740
0.369874 0.046714 0.050625 0.028276 0.002127 0.495768 0.006616 1.700385
0.372529 0.045702 0.049971 0.027881 0.002109 0.495159 0.006648 1.704927
0.375217 0.044849 0.049356 0.027447 0.002090 0.494367 0.006674 1.709299
0.377898 0.043958 0.048629 0.027008 0.002069 0.493738 0.006701 1.713649
0.380625 0.043202 0.047924 0.026557 0.002050 0.492912 0.006729 1.717858
0.383297 0.042461 0.047211 0.026218 0.002051 0.492015 0.006748 1.722048
0.385971 0.041776 0.046536 0.025878 0.002045 0.491022 0.006771 1.726236
0.388626 0.041254 0.045871 0.025446 0.002043 0.489974 0.006787 1.730250
0.391384 0.040671 0.045207 0.025035 0.002035 0.488856 0.006812 1.734241
0.393999 0.040230 0.044528 0.024614 0.002022 0.487767 0.006841 1.738143
0.396718 0.039789 0.043870 0.024198 0.001998 0.486559 0.006869 1.742008
0.399415 0.039324 0.043308 0.023853 0.001986 0.485221 0.006892 1.745922
0.402044 0.038884 0.042664 0.023502 0.001981 0.484007 0.006917 1.749781
0.404634 0.038407 0.042170 0.023222 0.001966 0.482658 0.006944 1.753651
0.407436 0.037868 0.041563 0.022961 0.001955 0.481247 0.006971 1.757448
0.410084 0.037556 0.040893 0.022574 0.001940 0.479956 0.006999 1.761068
0.412671 0.037137 0.040385 0.022304 0.001922 0.478560 0.007023 1.764800
0.415373 0.036768 0.039872 0.022007 0.001917 0.477024 0.007039 1.768432
0.417959 0.036607 0.039300 0.021723 0.001904 0.475442 0.007065 1.771966
0.420511 0.036418 0.038778 0.021469 0.001895 0.473838 0.007090 1.775531
0.423165 0.036103 0.038325 0.021211 0.001884 0.472192 0.007120 1.779146
0.425784 0.035882 0.037882 0.020952 0.001868 0.470488 0.007144 1.782671
0.428368 0.035694 0.037452 0.020668 0.001852 0.468797 0.007169 1.786163
0.431029 0.035453 0.036958 0.020473 0.001830 0.467065 0.007193 1.789657
0.433524 0.035393 0.036553 0.020224 0.001824 0.465268 0.007213 1.793052
0.435881 0.035339 0.036210 0.020014 0.001812 0.463506 0.007240 1.796535
0.438258 0.035282 0.035831 0.019751 0.001782 0.461833 0.007263 1.799957
0.440730 0.035228 0.035467 0.019606 0.001761 0.459923 0.007285 1.803361
0.443080 0.035118 0.035167 0.019467 0.001745 0.458122 0.007303 1.806831
0.445422 0.035041 0.034864 0.019261 0.001734 0.456356 0.007323 1.810286
0.447754 0.035022 0.034601 0.019139 0.001718 0.454428 0.007338 1.813710
0.449955 0.034912 0.034449 0.018958 0.001694 0.452675 0.007356 1.817162
0.452179 0.034906 0.034188 0.018860 0.001678 0.450810 0.007379 1.820585
0.454369 0.034930 0.033929 0.018742 0.001663 0.448966 0.007400 1.823965
0.456467 0.034999 0.033716 0.018579 0.001644 0.447176 0.007419 1.827379
0.458707 0.034985 0.033506 0.018505 0.001629 0.445225 0.007442 1.830819
0.460883 0.035043 0.033181 0.018401 0.001602 0.443420 0.007469 1.834182
0.462978 0.035062 0.033069 0.018305 0.001580 0.441514 0.007491 1.837608
0.465013 0.035157 0.032890 0.018252 0.001564 0.439613 0.007512 1.841036
0.467016 0.035075 0.032755 0.018206 0.001557 0.437862 0.007530 1.844547
0.468998 0.035090 0.032655 0.018153 0.001533 0.436022 0.007550 1.848045
0.470980 0.035236 0.032483 0.018110 0.001508 0.434111 0.007572 1.851473
0.472816 0.035300 0.032302 0.018019 0.001495 0.432476 0.007591 1.854905
0.474634 0.035442 0.032178 0.017961 0.001493 0.430686 0.007606 1.858331
0.476429 0.035528 0.032184 0.017887 0.001475 0.428871 0.007625 1.861842
0.478174 0.035637 0.032076 0.017869 0.001463 0.427141 0.007641 1.865332
0.479785 0.035846 0.031962 0.017863 0.001452 0.425431 0.007661 1.868803
0.481452 0.035904 0.031935 0.017855 0.001438 0.423737 0.007679 1.872326
0.483212 0.035993 0.031912 0.017819 0.001423 0.421944 0.007698 1.875847
0.484767 0.036099 0.031917 0.017886 0.001420 0.420195 0.007716 1.879393
0.486452 0.036123 0.031940 0.017875 0.001410 0.418468 0.007731 1.882984
0.488066 0.036209 0.031955 0.017892 0.001395 0.416734 0.007749 1.886570
0.489553 0.036344 0.031970 0.017864 0.001394 0.415109 0.007766 1.890158
0.490902 0.036524 0.032074 0.017886 0.001386 0.413440 0.007786 1.893763
0.492243 0.036623 0.032156 0.017822 0.001379 0.411970 0.007806 1.897367
0.493619 0.036735 0.032252 0.017787 0.001366 0.410417 0.007823 1.900989
0.494903 0.036915 0.032278 0.017791 0.001366 0.408909 0.007839 1.904626
0.496096 0.037136 0.032331 0.017810 0.001356 0.407416 0.007855 1.908256
0.497374 0.037282 0.032323 0.017860 0.001350 0.405937 0.007874 1.911918
0.498547 0.037537 0.032351 0.017937 0.001345 0.404393 0.007891 1.915591
0.499744 0.037703 0.032342 0.017997 0.001341 0.402970 0.007903 1.919283
0.500837 0.037893 0.032447 0.018016 0.001350 0.401536 0.007922 1.923004
0.501865 0.038155 0.032459 0.017997 0.001353 0.400235 0.007938 1.926649
0.502891 0.038372 0.032553 0.018041 0.001351 0.398837 0.007955 1.930340
0.503920 0.038583 0.032562 0.018144 0.001341 0.397479 0.007972 1.934118
0.504876 0.038706 0.032688 0.018198 0.001329 0.396202 0.008000 1.937990
0.505733 0.038933 0.032774 0.018210 0.001325 0.395006 0.008018 1.941773
0.506721 0.039032 0.032919 0.018326 0.001322 0.393647 0.008035 1.945661
0.507521 0.039269 0.032990 0.018399 0.001329 0.392445 0.008048 1.949452
0.508421 0.039539 0.033047 0.018442 0.001324 0.391163 0.008064 1.953255
0.509244 0.039632 0.033130 0.018523 0.001328 0.390067 0.008077 1.957186
0.510011 0.039781 0.033289 0.018630 0.001311 0.388884 0.008093 1.961117
0.510864 0.039942 0.033429 0.018714 0.001304 0.387634 0.008111 1.965044
0.511593 0.040065 0.033564 0.018757 0.001300 0.386595 0.008126 1.968962
0.512293 0.040167 0.033718 0.018863 0.001297 0.385514 0.008147 1.972956
0.512906 0.040409 0.033869 0.018923 0.001299 0.384432 0.008162 1.976880
0.513554 0.040516 0.034055 0.018979 0.001306 0.383410 0.008181 1.980912
0.514169 0.040777 0.034180 0.019040 0.001302 0.382334 0.008198 1.984869
0.514893 0.040838 0.034338 0.019141 0.001288 0.381284 0.008219 1.988917
0.515355 0.041121 0.034498 0.019255 0.001284 0.380255 0.008232 1.992899
0.515934 0.041226 0.034582 0.019322 0.001275 0.379409 0.008252 1.996971
0.516456 0.041326 0.034812 0.019377 0.001282 0.378478 0.008270 2.001058
0.516991 0.041396 0.034974 0.019454 0.001281 0.377613 0.008292 2.005184
0.517507 0.041547 0.035032 0.019539 0.001269 0.376789 0.008316 2.009257
0.517942 0.041871 0.035157 0.019546 0.001266 0.375883 0.008334 2.013245
0.518277 0.042095 0.035259 0.019593 0.001276 0.375147 0.008352 2.017344
0.518755 0.042317 0.035375 0.019634 0.001272 0.374274 0.008372 2.021427
0.519094 0.042589 0.035470 0.019636 0.001275 0.373547 0.008389 2.025574
0.519519 0.042792 0.035596 0.019673 0.001256 0.372754 0.008409 2.029685
0.519768 0.042926 0.035744 0.019829 0.001258 0.372052 0.008423 2.033900
0.520103 0.043091 0.035893 0.019886 0.001264 0.371327 0.008437 2.038075
0.520382 0.043362 0.036068 0.019891 0.001267 0.370576 0.008452 2.042238
0.520681 0.043447 0.036260 0.020006 0.001256 0.369879 0.008470 2.046525
0.520996 0.043499 0.036365 0.020145 0.001258 0.369250 0.008487 2.050785
0.521204 0.043638 0.036519 0.020204 0.001263 0.368668 0.008503 2.055064
0.521364 0.043781 0.036671 0.020250 0.001262 0.368151 0.008521 2.059332
0.521427 0.043976 0.036713 0.020305 0.001251 0.367789 0.008539 2.063542
0.521550 0.044109 0.036842 0.020351 0.001255 0.367335 0.008558 2.067833
0.521757 0.044176 0.037029 0.020401 0.001254 0.366802 0.008583 2.072124
0.521841 0.044342 0.037144 0.020505 0.001249 0.366321 0.008598 2.076444
0.521980 0.044452 0.037327 0.020655 0.001250 0.365726 0.008610 2.080800
0.522111 0.044596 0.037431 0.020688 0.001264 0.365285 0.008625 2.085147
0.522140 0.044639 0.037628 0.020787 0.001270 0.364896 0.008640 2.089577
0.522306 0.044646 0.037791 0.020821 0.001264 0.364513 0.008659 2.093992
0.522300 0.044756 0.037910 0.020910 0.001270 0.364180 0.008674 2.098340
0.522501 0.044689 0.038008 0.021028 0.001267 0.363813 0.008694 2.102777
0.522717 0.044606 0.038163 0.021103 0.001256 0.363437 0.008718 2.107214
0.522763 0.044694 0.038218 0.021105 0.001258 0.363225 0.008737 2.111616
0.522890 0.044789 0.038219 0.021160 0.001266 0.362924 0.008753 2.115978
0.522995 0.044877 0.038298 0.021190 0.001272 0.362604 0.008766 2.120349
0.523016 0.044911 0.038418 0.021256 0.001278 0.362341 0.008781 2.124783
0.523076 0.044920 0.038618 0.021290 0.001293 0.362005 0.008798 2.129276
0.523265 0.044938 0.038701 0.021358 0.001283 0.361637 0.008818 2.133690
0.523415 0.044930 0.038810 0.021385 0.001295 0.361331 0.008835 2.138114
0.523541 0.044990 0.038890 0.021375 0.001294 0.361058 0.008852 2.142495
0.523559 0.045029 0.038943 0.021422 0.001289 0.360884 0.008874 2.146880
0.523647 0.044990 0.039033 0.021509 0.001283 0.360643 0.008895 2.151292
0.523784 0.044969 0.039110 0.021528 0.001290 0.360407 0.008912 2.155704
0.523881 0.045041 0.039132 0.021560 0.001301 0.360159 0.008927 2.160076
0.523976 0.044943 0.039292 0.021632 0.001304 0.359911 0.008944 2.164554
0.524075 0.044920 0.039389 0.021681 0.001311 0.359664 0.008960 2.169011
0.524163 0.044888 0.039371 0.021736 0.001313 0.359554 0.008975 2.173501
0.524214 0.044901 0.039354 0.021720 0.001311 0.359512 0.008988 2.177866
0.524365 0.044846 0.039353 0.021739 0.001313 0.359380 0.009005 2.182299
0.524568 0.044816 0.039418 0.021776 0.001315 0.359087 0.009021 2.186695
0.524663 0.044742 0.039483 0.021793 0.001329 0.358955 0.009036 2.191126
0.524813 0.044606 0.039424 0.021834 0.001333 0.358939 0.009052 2.195548
0.524885 0.044618 0.039394 0.021857 0.001333 0.358843 0.009070 2.199950
0.525024 0.044526 0.039322 0.021873 0.001332 0.358841 0.009084 2.204347
0.525235 0.044464 0.039314 0.021905 0.001323 0.358654 0.009105 2.208749
0.525315 0.044499 0.039332 0.021918 0.001311 0.358502 0.009123 2.213141
0.525375 0.044552 0.039312 0.021810 0.001322 0.358491 0.009140 2.217442
0.525384 0.044552 0.039273 0.021854 0.001316 0.358466 0.009155 2.221832
0.525563 0.044421 0.039401 0.021882 0.001311 0.358248 0.009176 2.226273
0.525806 0.044281 0.039337 0.021858 0.001314 0.358211 0.009192 2.230695
0.525979 0.044269 0.039423 0.021811 0.001323 0.357985 0.009211 2.235071
0.526112 0.044209 0.039387 0.021785 0.001330 0.357956 0.009223 2.239427
0.526283 0.044230 0.039390 0.021782 0.001327 0.357746 0.009242 2.243749
0.526490 0.044286 0.039290 0.021772 0.001341 0.357567 0.009254 2.247966
0.526576 0.044231 0.039318 0.021733 0.001334 0.357537 0.009271 2.252345
0.526753 0.044199 0.039264 0.021726 0.001338 0.357435 0.009286 2.256699
0.526930 0.044174 0.039222 0.021711 0.001354 0.357310 0.009300 2.261034
0.527076 0.044054 0.039176 0.021693 0.001359 0.357327 0.009317 2.265403
0.527343 0.043820 0.039136 0.021671 0.001365 0.357331 0.009335 2.269742
0.527650 0.043674 0.039190 0.021648 0.001361 0.357130 0.009348 2.274093
0.527822 0.043765 0.039107 0.021570 0.001367 0.357003 0.009366 2.278318
0.528042 0.043723 0.039128 0.021522 0.001370 0.356826 0.009389 2.282631
0.528340 0.043554 0.039127 0.021507 0.001368 0.356702 0.009403 2.286968
0.528616 0.043602 0.038967 0.021472 0.001372 0.356555 0.009416 2.291148
0.528900 0.043479 0.038877 0.021427 0.001374 0.356513 0.009431 2.295432
0.529204 0.043374 0.038902 0.021365 0.001385 0.356326 0.009446 2.299708
0.529467 0.043382 0.038837 0.021361 0.001396 0.356098 0.009459 2.303929
0.529666 0.043331 0.038766 0.021352 0.001395 0.356016 0.009476 2.308184
0.529967 0.043333 0.038743 0.021317 0.001384 0.355763 0.009493 2.312392
0.530128 0.043378 0.038728 0.021283 0.001372 0.355597 0.009515 2.316621
0.530410 0.043330 0.038627 0.021281 0.001362 0.355457 0.009534 2.320875
0.530689 0.043243 0.038604 0.021314 0.001375 0.355222 0.009552 2.325138
0.530939 0.043112 0.038705 0.021332 0.001364 0.354980 0.009569 2.329456
0.531128 0.042985 0.038749 0.021300 0.001367 0.354886 0.009584 2.333739
0.531132 0.043130 0.038697 0.021266 0.001357 0.354819 0.009599 2.337936
0.531340 0.043083 0.038658 0.021237 0.001347 0.354718 0.009618 2.342156
0.531638 0.043057 0.038571 0.021193 0.001361 0.354544 0.009638 2.346381
0.531846 0.042959 0.038570 0.021201 0.001363 0.354407 0.009654 2.350652
0.532127 0.042829 0.038645 0.021175 0.001375 0.354181 0.009668 2.354929
0.532268 0.042862 0.038601 0.021131 0.001374 0.354074 0.009688 2.359089
0.532588 0.042825 0.038638 0.021088 0.001364 0.353793 0.009704 2.363287
0.532846 0.042812 0.038560 0.021089 0.001361 0.353609 0.009724 2.367504
0.533023 0.042894 0.038488 0.021024 0.001373 0.353459 0.009741 2.371658
0.533213 0.042901 0.038449 0.021018 0.001373 0.353290 0.009756 2.375863
0.533467 0.042876 0.038459 0.020997 0.001373 0.353055 0.009774 2.380111
0.533713 0.042877 0.038433 0.021011 0.001373 0.352801 0.009792 2.384272
0.533961 0.042838 0.038325 0.020994 0.001379 0.352693 0.009811 2.388474
0.534041 0.042878 0.038408 0.020946 0.001368 0.352529 0.009831 2.392680
0.534263 0.042874 0.038445 0.020921 0.001362 0.352285 0.009851 2.396914
0.534515 0.042813 0.038393 0.020886 0.001366 0.352163 0.009865 2.401120
0.534753 0.042805 0.038396 0.020820 0.001360 0.351983 0.009884 2.405332
0.534961 0.042813 0.038357 0.020741 0.001365 0.351863 0.009899 2.409470
0.535074 0.042875 0.038332 0.020720 0.001350 0.351732 0.009917 2.413674
0.535318 0.042869 0.038305 0.020748 0.001348 0.351475 0.009939 2.417879
0.535502 0.042895 0.038291 0.020769 0.001343 0.351240 0.009961 2.422072
0.535728 0.042820 0.038356 0.020773 0.001344 0.351002 0.009977 2.426387
0.535869 0.042890 0.038233 0.020733 0.001343 0.350930 0.010002 2.430527
0.536128 0.042857 0.038235 0.020734 0.001347 0.350678 0.010021 2.434774
0.536237 0.042863 0.038153 0.020783 0.001339 0.350589 0.010036 2.438987
0.536420 0.042859 0.038089 0.020869 0.001329 0.350379 0.010056 2.443209
0.536715 0.042819 0.038102 0.020875 0.001331 0.350083 0.010074 2.447395
0.537004 0.042714 0.038092 0.020893 0.001331 0.349872 0.010094 2.451580
0.537185 0.042735 0.038060 0.020844 0.001335 0.349730 0.010111 2.455775
0.537489 0.042602 0.038246 0.020837 0.001332 0.349364 0.010131 2.460025
0.537520 0.042636 0.038256 0.020865 0.001336 0.349242 0.010145 2.464279
0.537601 0.042766 0.038211 0.020841 0.001340 0.349081 0.010159 2.468447
0.537803 0.042814 0.038102 0.020837 0.001333 0.348940 0.010171 2.472595
0.537783 0.042849 0.038160 0.020874 0.001329 0.348819 0.010187 2.476845
0.537886 0.042892 0.038086 0.020875 0.001335 0.348729 0.010198 2.481035
0.538094 0.042850 0.038074 0.020882 0.001339 0.348553 0.010210 2.485248
0.538203 0.042823 0.038139 0.020913 0.001327 0.348358 0.010238 2.489484
0.538467 0.042773 0.038138 0.020916 0.001332 0.348119 0.010255 2.493658
0.538644 0.042833 0.038075 0.020881 0.001330 0.347964 0.010272 2.497820
0.538852 0.042831 0.038065 0.020896 0.001331 0.347735 0.010289 2.502036
0.538973 0.042868 0.037982 0.020927 0.001314 0.347627 0.010308 2.506220
0.539044 0.042891 0.038019 0.020947 0.001329 0.347443 0.010327 2.510467
0.538966 0.042993 0.037903 0.020905 0.001331 0.347559 0.010343 2.514626
0.539135 0.042999 0.037915 0.020861 0.001344 0.347389 0.010357 2.518850
0.539256 0.043033 0.037988 0.020863 0.001348 0.347141 0.010372 2.523041
0.539335 0.043046 0.038070 0.020806 0.001342 0.347010 0.010391 2.527296
0.539373 0.043083 0.038137 0.020785 0.001342 0.346874 0.010405 2.531539
0.539437 0.043054 0.038147 0.020768 0.001346 0.346828 0.010420 2.535783
0.539544 0.043044 0.038192 0.020743 0.001331 0.346708 0.010439 2.540023
0.539668 0.043075 0.038181 0.020787 0.001322 0.346511 0.010456 2.544246
0.539758 0.043026 0.038282 0.020818 0.001319 0.346329 0.010469 2.548541
0.539788 0.043109 0.038265 0.020816 0.001321 0.346217 0.010485 2.552729
0.539810 0.043125 0.038274 0.020812 0.001313 0.346163 0.010504 2.557006
0.539871 0.043090 0.038385 0.020772 0.001317 0.346047 0.010519 2.561251
0.539892 0.043166 0.038380 0.020796 0.001311 0.345919 0.010535 2.565475
0.540069 0.043143 0.038377 0.020802 0.001316 0.345748 0.010545 2.569673
0.540140 0.043130 0.038389 0.020786 0.001316 0.345681 0.010558 2.573898
0.540162 0.043157 0.038485 0.020804 0.001313 0.345501 0.010577 2.578209
0.540239 0.043172 0.038445 0.020837 0.001304 0.345407 0.010596 2.582460
0.540348 0.043187 0.038438 0.020810 0.001301 0.345300 0.010616 2.586665
0.540442 0.043213 0.038469 0.020750 0.001305 0.345188 0.010634 2.590901
0.540560 0.043168 0.038399 0.020784 0.001307 0.345132 0.010650 2.595156
0.540583 0.043316 0.038386 0.020771 0.001303 0.344981 0.010661 2.599320
0.540685 0.043287 0.038408 0.020766 0.001298 0.344873 0.010684 2.603561
0.540834 0.043178 0.038442 0.020746 0.001294 0.344802 0.010703 2.607855
0.540981 0.043148 0.038443 0.020796 0.001296 0.344617 0.010719 2.612143
0.540951 0.043264 0.038429 0.020708 0.001298 0.344608 0.010743 2.616333
0.540999 0.043326 0.038408 0.020726 0.001303 0.344477 0.010761 2.620562
0.541063 0.043247 0.038494 0.020746 0.001319 0.344358 0.010773 2.624911
0.541158 0.043108 0.038539 0.020747 0.001313 0.344344 0.010791 2.629247
0.541158 0.043125 0.038562 0.020766 0.001303 0.344278 0.010808 2.633504
0.541257 0.043064 0.038489 0.020730 0.001307 0.344328 0.010826 2.637722
0.541342 0.043091 0.038549 0.020669 0.001313 0.344195 0.010841 2.641961
0.541369 0.043093 0.038587 0.020663 0.001307 0.344123 0.010859 2.646199
0.541495 0.043118 0.038526 0.020660 0.001305 0.344016 0.010881 2.650389
0.541662 0.043089 0.038526 0.020706 0.001312 0.343808 0.010898 2.654628
0.541829 0.043126 0.038524 0.020691 0.001299 0.343612 0.010919 2.658821
0.541849 0.043149 0.038383 0.020735 0.001297 0.343651 0.010936 2.663014
0.541911 0.043155 0.038401 0.020709 0.001296 0.343579 0.010948 2.667252
0.541950 0.043164 0.038414 0.020717 0.001302 0.343491 0.010962 2.671511
0.541839 0.043190 0.038407 0.020715 0.001307 0.343566 0.010975 2.675778
0.541962 0.043131 0.038325 0.020750 0.001319 0.343526 0.010987 2.679982
0.541915 0.043204 0.038277 0.020747 0.001308 0.343545 0.011004 2.684160
0.541993 0.043216 0.038272 0.020762 0.001297 0.343438 0.011023 2.688366
0.542039 0.043327 0.038215 0.020720 0.001293 0.343367 0.011039 2.692546
0.542052 0.043247 0.038273 0.020801 0.001298 0.343276 0.011054 2.696834
0.542195 0.043215 0.038258 0.020831 0.001311 0.343122 0.011069 2.701044
0.542224 0.043233 0.038284 0.020891 0.001312 0.342973 0.011084 2.705314
0.542257 0.043214 0.038211 0.020936 0.001311 0.342969 0.011102 2.709586
0.542280 0.043183 0.038226 0.020965 0.001313 0.342919 0.011115 2.713849
0.542296 0.043164 0.038248 0.020989 0.001319 0.342855 0.011130 2.718139
0.542441 0.043140 0.038294 0.020942 0.001323 0.342717 0.011144 2.722363
0.542534 0.043156 0.038261 0.020921 0.001325 0.342645 0.011159 2.726564
0.542554 0.043147 0.038223 0.020906 0.001327 0.342671 0.011171 2.730786
0.542556 0.043217 0.038190 0.020861 0.001322 0.342670 0.011184 2.734972
0.542655 0.043225 0.038126 0.020931 0.001329 0.342532 0.011202 2.739150
0.542642 0.043301 0.038077 0.020897 0.001335 0.342530 0.011219 2.743348
0.542696 0.043295 0.038055 0.020934 0.001327 0.342449 0.011242 2.747591
0.542603 0.043477 0.037956 0.020941 0.001326 0.342433 0.011264 2.751720
0.542545 0.043457 0.038046 0.020952 0.001330 0.342385 0.011285 2.756012
0.542642 0.043460 0.038021 0.020920 0.001320 0.342333 0.011305 2.760244
0.542682 0.043427 0.038056 0.020989 0.001333 0.342194 0.011320 2.764551
0.542640 0.043408 0.038204 0.020988 0.001324 0.342099 0.011338 2.768885
0.542693 0.043397 0.038201 0.021033 0.001319 0.341999 0.011358 2.773145
0.542694 0.043326 0.038273 0.021024 0.001326 0.341982 0.011375 2.777463
0.542790 0.043308 0.038314 0.020906 0.001325 0.341962 0.011395 2.781660
0.542899 0.043208 0.038372 0.020954 0.001313 0.341839 0.011415 2.785930
0.542915 0.043186 0.038445 0.020967 0.001316 0.341740 0.011431 2.790234
0.543052 0.043078 0.038496 0.021034 0.001315 0.341577 0.011448 2.794531
0.543118 0.043215 0.038402 0.020907 0.001323 0.341567 0.011470 2.798625
0.543176 0.043167 0.038388 0.020938 0.001317 0.341526 0.011488 2.802889
0.543130 0.043226 0.038390 0.020860 0.001325 0.341565 0.011505 2.807068
0.543158 0.043161 0.038442 0.020918 0.001329 0.341471 0.011521 2.811313
0.543212 0.043188 0.038462 0.020903 0.001331 0.341367 0.011536 2.815491
0.543315 0.043225 0.038463 0.020812 0.001337 0.341296 0.011553 2.819649
0.543282 0.043265 0.038399 0.020901 0.001343 0.341241 0.011568 2.823894
0.543319 0.043270 0.038423 0.020932 0.001339 0.341129 0.011587 2.828136
0.543306 0.043314 0.038447 0.020930 0.001335 0.341067 0.011602 2.832371
0.543247 0.043300 0.038505 0.020936 0.001336 0.341060 0.011617 2.836670
0.543204 0.043391 0.038412 0.020917 0.001344 0.341103 0.011630 2.840845
0.543187 0.043498 0.038409 0.020869 0.001341 0.341050 0.011645 2.845021
0.543298 0.043386 0.038409 0.020843 0.001356 0.341046 0.011662 2.849248
0.543216 0.043356 0.038376 0.020905 0.001356 0.341108 0.011683 2.853549
0.543329 0.043278 0.038410 0.020882 0.001349 0.341053 0.011699 2.857794
0.543267 0.043350 0.038321 0.020858 0.001344 0.341145 0.011715 2.861975
0.543412 0.043177 0.038481 0.020901 0.001342 0.340959 0.011728 2.866336
0.543537 0.043116 0.038482 0.020843 0.001332 0.340945 0.011746 2.870545
0.543544 0.043108 0.038548 0.020867 0.001324 0.340846 0.011763 2.874833
0.543555 0.043090 0.038593 0.020862 0.001327 0.340794 0.011778 2.879086
0.543496 0.043094 0.038640 0.020866 0.001320 0.340787 0.011798 2.883328
0.543647 0.043031 0.038565 0.020901 0.001323 0.340716 0.011817 2.887576
0.543682 0.043062 0.038472 0.020920 0.001329 0.340697 0.011837 2.891783
0.543715 0.043065 0.038425 0.020929 0.001334 0.340680 0.011851 2.895994
0.543684 0.043038 0.038466 0.020957 0.001344 0.340647 0.011864 2.900255
0.543592 0.043132 0.038362 0.021005 0.001349 0.340681 0.011880 2.904483
0.543534 0.043228 0.038353 0.020982 0.001350 0.340660 0.011893 2.908661
0.543562 0.043246 0.038298 0.021021 0.001357 0.340608 0.011909 2.912892
0.543618 0.043232 0.038299 0.021051 0.001356 0.340518 0.011927 2.917165
0.543744 0.043114 0.038286 0.021041 0.001349 0.340528 0.011937 2.921447
0.543701 0.043124 0.038259 0.021086 0.001336 0.340537 0.011958 2.925703
0.543747 0.043149 0.038206 0.021058 0.001335 0.340527 0.011978 2.929892
0.543851 0.043118 0.038244 0.021087 0.001335 0.340372 0.011994 2.934124
0.543767 0.043243 0.038217 0.021073 0.001327 0.340363 0.012009 2.938305
0.543708 0.043324 0.038177 0.021091 0.001329 0.340347 0.012026 2.942483
0.543711 0.043234 0.038294 0.021110 0.001331 0.340280 0.012042 2.946837
0.543687 0.043244 0.038265 0.021115 0.001348 0.340284 0.012057 2.951115
0.543658 0.043288 0.038299 0.021107 0.001348 0.340231 0.012069 2.955344
0.543712 0.043215 0.038327 0.021128 0.001355 0.340180 0.012084 2.959624
0.543709 0.043149 0.038333 0.021127 0.001356 0.340226 0.012101 2.963863
0.543704 0.043184 0.038309 0.021128 0.001358 0.340200 0.012116 2.968079
0.543772 0.043188 0.038361 0.021083 0.001357 0.340103 0.012135 2.972290
0.543883 0.043125 0.038338 0.021072 0.001352 0.340076 0.012154 2.976526
0.543981 0.043078 0.038320 0.021002 0.001355 0.340089 0.012175 2.980794
0.544068 0.043059 0.038289 0.020989 0.001351 0.340050 0.012194 2.985030
0.544042 0.043004 0.038275 0.020926 0.001345 0.340197 0.012211 2.989239
0.543960 0.043077 0.038291 0.020965 0.001337 0.340144 0.012227 2.993479
0.544005 0.043052 0.038304 0.020944 0.001337 0.340110 0.012246 2.997713
0.544025 0.043076 0.038296 0.020941 0.001343 0.340058 0.012260 3.001939
0.544112 0.043041 0.038301 0.020943 0.001342 0.339986 0.012274 3.006118
0.544108 0.042998 0.038356 0.020920 0.001336 0.339993 0.012288 3.010368
0.544099 0.042995 0.038357 0.020886 0.001338 0.340023 0.012302 3.014578
0.544218 0.042931 0.038442 0.020898 0.001340 0.339850 0.012321 3.018824
0.544189 0.043045 0.038437 0.020823 0.001350 0.339822 0.012333 3.022987
0.544213 0.043086 0.038376 0.020835 0.001348 0.339790 0.012352 3.027186
0.544310 0.042983 0.038366 0.020843 0.001358 0.339772 0.012368 3.031444
0.544487 0.042899 0.038411 0.020790 0.001356 0.339673 0.012385 3.035667
0.544519 0.042984 0.038373 0.020763 0.001369 0.339593 0.012399 3.039857
0.544589 0.042978 0.038347 0.020727 0.001372 0.339572 0.012414 3.044041
0.544625 0.042933 0.038370 0.020699 0.001367 0.339578 0.012428 3.048275
0.544601 0.042961 0.038384 0.020633 0.001377 0.339603 0.012441 3.052494
0.544487 0.042997 0.038347 0.020660 0.001382 0.339664 0.012461 3.056692
0.544367 0.043077 0.038390 0.020742 0.001366 0.339578 0.012480 3.060938
0.544281 0.043091 0.038378 0.020789 0.001364 0.339600 0.012497 3.065198
0.544143 0.043109 0.038385 0.020761 0.001369 0.339722 0.012513 3.069456
0.544219 0.043121 0.038300 0.020766 0.001362 0.339705 0.012528 3.073619
0.544216 0.043167 0.038251 0.020839 0.001356 0.339629 0.012542 3.077866
0.544250 0.043148 0.038263 0.020832 0.001344 0.339597 0.012565 3.082125
0.544204 0.043238 0.038222 0.020791 0.001339 0.339622 0.012584 3.086268
0.544238 0.043172 0.038239 0.020759 0.001347 0.339647 0.012598 3.090527
0.544223 0.043170 0.038260 0.020799 0.001347 0.339587 0.012614 3.094762
0.544127 0.043264 0.038274 0.020800 0.001338 0.339565 0.012631 3.098991
0.544184 0.043182 0.038327 0.020783 0.001331 0.339545 0.012649 3.103260
0.544265 0.043139 0.038270 0.020769 0.001326 0.339565 0.012666 3.107489
0.544266 0.043240 0.038274 0.020777 0.001318 0.339446 0.012679 3.111690
0.544250 0.043179 0.038340 0.020826 0.001307 0.339400 0.012698 3.115987
0.544182 0.043224 0.038396 0.020805 0.001322 0.339353 0.012716 3.120258
0.544062 0.043242 0.038359 0.020805 0.001328 0.339472 0.012733 3.124472
0.544118 0.043182 0.038348 0.020841 0.001322 0.339434 0.012754 3.128700
0.544193 0.043214 0.038360 0.020794 0.001326 0.339343 0.012771 3.132870
0.544196 0.043160 0.038406 0.020774 0.001329 0.339345 0.012790 3.137154
0.544239 0.043028 0.038536 0.020774 0.001332 0.339283 0.012807 3.141481
0.544298 0.043104 0.038495 0.020764 0.001332 0.339184 0.012823 3.145614
0.544280 0.043112 0.038585 0.020716 0.001335 0.339132 0.012842 3.149885
0.544350 0.043053 0.038622 0.020780 0.001336 0.338999 0.012859 3.154176
0.544364 0.043071 0.038676 0.020805 0.001336 0.338875 0.012872 3.158447
0.544397 0.043057 0.038596 0.020804 0.001352 0.338910 0.012884 3.162653
0.544408 0.043090 0.038590 0.020792 0.001344 0.338875 0.012902 3.166868
0.544435 0.043076 0.038589 0.020787 0.001351 0.338842 0.012920 3.171108
0.544476 0.043216 0.038452 0.020753 0.001348 0.338823 0.012932 3.175228
0.544441 0.043259 0.038438 0.020772 0.001362 0.338782 0.012945 3.179474
0.544374 0.043233 0.038435 0.020773 0.001352 0.338870 0.012963 3.183737
0.544395 0.043123 0.038450 0.020802 0.001348 0.338900 0.012980 3.188049
0.544411 0.043185 0.038466 0.020746 0.001346 0.338848 0.012999 3.192265
0.544427 0.043152 0.038525 0.020754 0.001344 0.338779 0.013018 3.196556
0.544466 0.043162 0.038496 0.020703 0.001348 0.338790 0.013037 3.200754
0.544465 0.043183 0.038413 0.020715 0.001339 0.338834 0.013051 3.204959
0.544491 0.043207 0.038461 0.020755 0.001330 0.338689 0.013067 3.209202
0.544545 0.043214 0.038430 0.020761 0.001318 0.338651 0.013081 3.213465
0.544504 0.043192 0.038468 0.020776 0.001313 0.338643 0.013103 3.217745
0.544498 0.043186 0.038454 0.020729 0.001319 0.338698 0.013117 3.221997
0.544371 0.043229 0.038454 0.020767 0.001311 0.338737 0.013132 3.226249
0.544395 0.043182 0.038478 0.020748 0.001310 0.338740 0.013147 3.230488
0.544435 0.043152 0.038480 0.020725 0.001321 0.338718 0.013169 3.234732
0.544421 0.043198 0.038458 0.020736 0.001307 0.338692 0.013188 3.238944
0.544479 0.043024 0.038573 0.020795 0.001309 0.338618 0.013201 3.243326
0.544434 0.043059 0.038594 0.020790 0.001299 0.338606 0.013219 3.247569
0.544426 0.043147 0.038525 0.020743 0.001304 0.338627 0.013230 3.251715
0.544462 0.043130 0.038486 0.020736 0.001301 0.338639 0.013246 3.255923
0.544454 0.043136 0.038468 0.020774 0.001299 0.338601 0.013268 3.260141
0.544477 0.043113 0.038477 0.020822 0.001299 0.338529 0.013284 3.264375
0.544447 0.043019 0.038468 0.020857 0.001297 0.338610 0.013302 3.268673
0.544450 0.043013 0.038504 0.020824 0.001296 0.338595 0.013320 3.272902
0.544468 0.042936 0.038507 0.020917 0.001297 0.338539 0.013336 3.277186
0.544535 0.042992 0.038476 0.020913 0.001290 0.338440 0.013353 3.281318
0.544499 0.043025 0.038490 0.020978 0.001291 0.338349 0.013368 3.285586
0.544488 0.042940 0.038436 0.021056 0.001287 0.338412 0.013382 3.289859
0.544447 0.043001 0.038419 0.021002 0.001295 0.338438 0.013398 3.294056
0.544491 0.042987 0.038413 0.020964 0.001307 0.338423 0.013414 3.298272
0.544429 0.043071 0.038380 0.020973 0.001309 0.338405 0.013434 3.302477
0.544558 0.043043 0.038348 0.020943 0.001312 0.338345 0.013450 3.306680
0.544547 0.042973 0.038479 0.020861 0.001336 0.338338 0.013466 3.310967
0.544434 0.043112 0.038479 0.020806 0.001336 0.338350 0.013483 3.315166
0.544446 0.043083 0.038450 0.020813 0.001334 0.338370 0.013502 3.319394
0.544520 0.043049 0.038432 0.020822 0.001332 0.338326 0.013521 3.323586
0.544501 0.043047 0.038468 0.020797 0.001328 0.338326 0.013533 3.327871
0.544644 0.042974 0.038413 0.020776 0.001326 0.338323 0.013545 3.332074
0.544647 0.042940 0.038363 0.020745 0.001320 0.338422 0.013565 3.336255
0.544643 0.042919 0.038386 0.020751 0.001317 0.338406 0.013579 3.340477
0.544652 0.042941 0.038415 0.020754 0.001316 0.338326 0.013597 3.344703
0.544760 0.042940 0.038438 0.020750 0.001316 0.338184 0.013612 3.348927
0.544781 0.043057 0.038439 0.020655 0.001314 0.338124 0.013630 3.353047
0.544880 0.042959 0.038501 0.020709 0.001323 0.337983 0.013646 3.357321
0.544961 0.042990 0.038479 0.020672 0.001321 0.337919 0.013659 3.361501
0.544938 0.043086 0.038393 0.020672 0.001322 0.337916 0.013674 3.365692
0.544937 0.043042 0.038399 0.020635 0.001324 0.337975 0.013688 3.369917
0.545010 0.042983 0.038417 0.020634 0.001328 0.337923 0.013705 3.374174
0.545045 0.042970 0.038404 0.020628 0.001332 0.337899 0.013723 3.378371
0.545086 0.042924 0.038472 0.020630 0.001325 0.337825 0.013738 3.382626
0.545025 0.042972 0.038551 0.020668 0.001337 0.337693 0.013754 3.386877
0.544975 0.043078 0.038471 0.020682 0.001340 0.337683 0.013772 3.391064
0.544891 0.043086 0.038415 0.020760 0.001354 0.337708 0.013785 3.395299
0.544839 0.043120 0.038401 0.020725 0.001350 0.337761 0.013805 3.399479
0.544808 0.043172 0.038397 0.020701 0.001344 0.337757 0.013820 3.403688
0.544943 0.043064 0.038314 0.020742 0.001338 0.337760 0.013840 3.407905
0.544958 0.043069 0.038284 0.020796 0.001338 0.337700 0.013856 3.412129
0.544943 0.043082 0.038250 0.020758 0.001341 0.337755 0.013872 3.416371
0.544950 0.043111 0.038189 0.020815 0.001342 0.337705 0.013889 3.420597
0.544978 0.043070 0.038156 0.020857 0.001338 0.337694 0.013907 3.424841
0.544938 0.043002 0.038216 0.020872 0.001330 0.337714 0.013927 3.429163
0.544963 0.043069 0.038111 0.020864 0.001324 0.337726 0.013943 3.433307
0.544970 0.043123 0.038067 0.020846 0.001325 0.337715 0.013954 3.437472
0.545081 0.042999 0.038029 0.020924 0.001328 0.337670 0.013970 3.441792
0.545069 0.043004 0.037955 0.021005 0.001337 0.337644 0.013985 3.446021
0.545083 0.042987 0.037873 0.020979 0.001348 0.337733 0.013998 3.450191
0.545219 0.042988 0.037894 0.020955 0.001350 0.337576 0.014018 3.454381
0.545190 0.043027 0.037919 0.020988 0.001367 0.337478 0.014031 3.458568
0.545214 0.043006 0.037916 0.020981 0.001364 0.337469 0.014051 3.462738
0.545294 0.042926 0.037937 0.020985 0.001368 0.337427 0.014063 3.466934
0.545310 0.042924 0.037919 0.020990 0.001359 0.337423 0.014074 3.471148
0.545196 0.042966 0.037991 0.020927 0.001354 0.337470 0.014096 3.475389
0.545098 0.043066 0.037957 0.020955 0.001352 0.337459 0.014113 3.479609
0.545060 0.043104 0.037899 0.020938 0.001340 0.337531 0.014127 3.483848
0.545023 0.043178 0.037929 0.020948 0.001344 0.337430 0.014148 3.488043
0.545058 0.043086 0.038003 0.020930 0.001341 0.337418 0.014163 3.492295
0.545048 0.043079 0.038057 0.020864 0.001326 0.337449 0.014179 3.496551
0.545067 0.043025 0.038070 0.020911 0.001333 0.337402 0.014193 3.500800
0.545080 0.042933 0.038044 0.020968 0.001316 0.337447 0.014212 3.505057
0.545131 0.042833 0.038153 0.020948 0.001309 0.337396 0.014232 3.509343
0.545099 0.042824 0.038173 0.020929 0.001314 0.337413 0.014247 3.513537
0.545186 0.042921 0.038032 0.020896 0.001306 0.337397 0.014262 3.517643
0.545207 0.042835 0.037991 0.020972 0.001305 0.337411 0.014278 3.521912
0.545099 0.042928 0.037972 0.020978 0.001300 0.337423 0.014300 3.526107
0.545046 0.042914 0.038003 0.020966 0.001300 0.337454 0.014317 3.530387
0.545013 0.042869 0.037909 0.021048 0.001302 0.337525 0.014335 3.534659
0.545069 0.042867 0.037937 0.021001 0.001306 0.337476 0.014344 3.538879
0.545076 0.042818 0.038011 0.020953 0.001301 0.337471 0.014369 3.543127
0.545062 0.042780 0.038123 0.020909 0.001302 0.337441 0.014384 3.547402
0.545048 0.042773 0.038121 0.020854 0.001299 0.337502 0.014403 3.551653
0.544920 0.042802 0.038069 0.020860 0.001302 0.337631 0.014416 3.555863
0.544941 0.042823 0.038056 0.020863 0.001300 0.337586 0.014432 3.560059
0.544969 0.042708 0.038085 0.020872 0.001303 0.337612 0.014452 3.564331
0.545031 0.042677 0.038109 0.020899 0.001299 0.337519 0.014467 3.568581
0.545015 0.042701 0.038025 0.020905 0.001296 0.337574 0.014484 3.572755
0.545094 0.042668 0.037946 0.020889 0.001296 0.337604 0.014502 3.576973
0.545165 0.042677 0.037908 0.020864 0.001295 0.337573 0.014520 3.581153
0.545097 0.042710 0.037829 0.020832 0.001296 0.337703 0.014533 3.585302
0.545133 0.042643 0.037940 0.020809 0.001303 0.337625 0.014548 3.589578
0.545137 0.042657 0.037961 0.020870 0.001302 0.337513 0.014561 3.593823
0.545155 0.042646 0.037962 0.020852 0.001315 0.337497 0.014573 3.598046
0.545179 0.042505 0.038059 0.020875 0.001318 0.337474 0.014590 3.602331
0.545275 0.042461 0.038008 0.020901 0.001327 0.337420 0.014609 3.606565
0.545244 0.042461 0.037991 0.020855 0.001326 0.337500 0.014622 3.610760
0.545426 0.042429 0.037953 0.020844 0.001324 0.337385 0.014640 3.614919
0.545407 0.042575 0.037925 0.020802 0.001327 0.337313 0.014652 3.619029
0.545362 0.042569 0.037901 0.020840 0.001315 0.337342 0.014671 3.623259
0.545264 0.042652 0.037829 0.020842 0.001306 0.337422 0.014687 3.627436
0.545246 0.042653 0.037803 0.020888 0.001300 0.337407 0.014703 3.631619
0.545330 0.042630 0.037776 0.020896 0.001311 0.337342 0.014715 3.635766
0.545309 0.042609 0.037787 0.020923 0.001294 0.337340 0.014737 3.639978
0.545374 0.042568 0.037820 0.020869 0.001290 0.337329 0.014750 3.644180
0.545527 0.042501 0.037789 0.020858 0.001292 0.337268 0.014766 3.648364
0.545640 0.042563 0.037739 0.020832 0.001289 0.337153 0.014785 3.652481
0.545624 0.042595 0.037744 0.020840 0.001283 0.337116 0.014799 3.656667
0.545674 0.042664 0.037800 0.020791 0.001282 0.336974 0.014814 3.660859
0.545683 0.042687 0.037790 0.020771 0.001287 0.336954 0.014828 3.665071
0.545714 0.042715 0.037771 0.020785 0.001276 0.336890 0.014850 3.669278
0.545761 0.042719 0.037730 0.020817 0.001264 0.336840 0.014869 3.673438
0.545829 0.042778 0.037711 0.020836 0.001273 0.336686 0.014886 3.677584
0.545828 0.042890 0.037692 0.020821 0.001280 0.336582 0.014906 3.681714
0.545871 0.042875 0.037658 0.020779 0.001278 0.336615 0.014924 3.685872
0.545906 0.042795 0.037734 0.020765 0.001284 0.336574 0.014941 3.690148
0.545861 0.042809 0.037788 0.020732 0.001284 0.336571 0.014955 3.694391
0.545811 0.042837 0.037872 0.020761 0.001282 0.336468 0.014969 3.698593
0.545775 0.042880 0.037855 0.020775 0.001282 0.336446 0.014987 3.702741
0.545805 0.042887 0.037834 0.020795 0.001280 0.336399 0.015001 3.706931
0.545843 0.042919 0.037846 0.020806 0.001274 0.336299 0.015014 3.711159
0.545950 0.042836 0.037910 0.020795 0.001267 0.336211 0.015032 3.715380
0.545867 0.042884 0.037928 0.020787 0.001271 0.336215 0.015048 3.719573
0.545918 0.042806 0.038042 0.020767 0.001267 0.336134 0.015066 3.723827
0.545873 0.042863 0.038025 0.020731 0.001264 0.336165 0.015079 3.728010
0.545870 0.042938 0.038080 0.020699 0.001266 0.336049 0.015098 3.732191
0.545998 0.042992 0.037959 0.020662 0.001264 0.336004 0.015120 3.736321
0.545948 0.042997 0.037991 0.020616 0.001268 0.336048 0.015132 3.740532
0.545968 0.042943 0.038103 0.020630 0.001270 0.335937 0.015149 3.744820
0.545915 0.043057 0.038157 0.020546 0.001273 0.335888 0.015164 3.748992
0.545975 0.043076 0.038149 0.020512 0.001273 0.335835 0.015181 3.753178
0.545799 0.043155 0.038111 0.020548 0.001282 0.335911 0.015194 3.757436
0.545824 0.043153 0.038165 0.020550 0.001266 0.335824 0.015216 3.761681
0.545732 0.043268 0.038160 0.020497 0.001266 0.335845 0.015232 3.765836
0.545679 0.043231 0.038230 0.020534 0.001265 0.335813 0.015249 3.770098
0.545536 0.043265 0.038253 0.020598 0.001272 0.335816 0.015259 3.774358
0.545329 0.043358 0.038240 0.020600 0.001276 0.335926 0.015272 3.778559
0.545331 0.043275 0.038373 0.020565 0.001276 0.335889 0.015291 3.782827
0.545194 0.043283 0.038398 0.020638 0.001278 0.335903 0.015306 3.787151
0.545170 0.043356 0.038384 0.020708 0.001289 0.335774 0.015320 3.791346
0.545045 0.043361 0.038483 0.020708 0.001294 0.335775 0.015333 3.795607
0.544934 0.043365 0.038550 0.020724 0.001290 0.335788 0.015350 3.799909
0.544820 0.043485 0.038572 0.020713 0.001279 0.335761 0.015370 3.804119
0.544734 0.043421 0.038611 0.020779 0.001283 0.335786 0.015386 3.808401
0.544755 0.043329 0.038558 0.020804 0.001280 0.335875 0.015399 3.812633
0.544653 0.043356 0.038613 0.020788 0.001295 0.335887 0.015408 3.816864
0.544600 0.043348 0.038570 0.020763 0.001299 0.335994 0.015426 3.821093
0.544546 0.043303 0.038505 0.020798 0.001293 0.336114 0.015443 3.825341
0.544619 0.043146 0.038648 0.020813 0.001300 0.336016 0.015458 3.829672
0.544541 0.043223 0.038619 0.020824 0.001300 0.336018 0.015475 3.833884
0.544633 0.043201 0.038635 0.020838 0.001289 0.335911 0.015494 3.838086
0.544538 0.043300 0.038640 0.020806 0.001283 0.335925 0.015509 3.842294
0.544447 0.043310 0.038687 0.020783 0.001293 0.335951 0.015528 3.846555
0.544387 0.043273 0.038681 0.020819 0.001285 0.336009 0.015547 3.850814
0.544333 0.043314 0.038733 0.020784 0.001290 0.335987 0.015558 3.855034
0.544304 0.043274 0.038783 0.020825 0.001298 0.335942 0.015574 3.859268
0.544213 0.043412 0.038673 0.020809 0.001302 0.336003 0.015588 3.863410
0.544355 0.043353 0.038700 0.020769 0.001300 0.335916 0.015607 3.867631
0.544342 0.043344 0.038702 0.020834 0.001299 0.335852 0.015628 3.871951
0.544296 0.043294 0.038720 0.020826 0.001306 0.335918 0.015640 3.876225
0.544184 0.043343 0.038671 0.020839 0.001301 0.336004 0.015657 3.880446
0.544055 0.043311 0.038675 0.020842 0.001305 0.336144 0.015668 3.884703
0.543974 0.043298 0.038711 0.020830 0.001299 0.336202 0.015686 3.888983
0.544002 0.043251 0.038666 0.020830 0.001306 0.336240 0.015704 3.893206
0.543982 0.043315 0.038579 0.020836 0.001305 0.336254 0.015729 3.897419
0.543860 0.043424 0.038499 0.020793 0.001307 0.336376 0.015742 3.901559
0.543725 0.043424 0.038504 0.020765 0.001293 0.336529 0.015760 3.905827
0.543611 0.043456 0.038407 0.020769 0.001289 0.336688 0.015779 3.910042
0.543604 0.043424 0.038379 0.020841 0.001275 0.336680 0.015797 3.914265
0.543590 0.043443 0.038352 0.020849 0.001285 0.336668 0.015814 3.918502
0.543616 0.043466 0.038334 0.020821 0.001287 0.336647 0.015829 3.922731
0.543568 0.043510 0.038282 0.020827 0.001293 0.336677 0.015843 3.926992
0.543593 0.043322 0.038355 0.020917 0.001300 0.336655 0.015858 3.931335
0.543598 0.043287 0.038397 0.020928 0.001304 0.336614 0.015872 3.935591
0.543562 0.043292 0.038471 0.020941 0.001305 0.336544 0.015886 3.939879
0.543613 0.043215 0.038420 0.020928 0.001295 0.336627 0.015902 3.944098
0.543642 0.043098 0.038517 0.020900 0.001300 0.336623 0.015919 3.948369
0.543617 0.042983 0.038548 0.020924 0.001298 0.336694 0.015935 3.952676
