0.330556 0.062973 0.056718 0.032420 0.002176 0.508816 0.006341 1.660234
0.333255 0.060582 0.056598 0.032131 0.002174 0.508891 0.006370 1.666265
0.336875 0.057573 0.056493 0.031816 0.002164 0.508679 0.006399 1.672059
0.340984 0.054314 0.056137 0.031383 0.002167 0.508594 0.006421 1.677557
0.345442 0.050990 0.055692 0.030919 0.002144 0.508351 0.006463 1.682749
0.350135 0.047832 0.054995 0.030270 0.002147 0.508126 0.006495 1.687593
0.355129 0.044710 0.054182 0.029501 0.002143 0.507810 0.006527 1.692115
0.360301 0.041698 0.053245 0.028756 0.002134 0.507308 0.006558 1.696354
0.365467 0.038850 0.052200 0.027958 0.002126 0.506814 0.006585 1.700356
0.370744 0.036174 0.051114 0.027103 0.002120 0.506127 0.006618 1.704087
0.376149 0.033722 0.049865 0.026256 0.002107 0.505257 0.006643 1.707499
0.381670 0.031432 0.048521 0.025378 0.002082 0.504239 0.006678 1.710643
0.387109 0.029293 0.047205 0.024469 0.002069 0.503144 0.006710 1.713616
0.392618 0.027307 0.045778 0.023578 0.002060 0.501918 0.006741 1.716400
0.398100 0.025543 0.044292 0.022711 0.002016 0.500565 0.006772 1.718958
0.403786 0.023792 0.042965 0.021828 0.001995 0.498838 0.006797 1.721389
0.409286 0.022232 0.041478 0.020946 0.001961 0.497279 0.006818 1.723629
0.414865 0.020797 0.040049 0.020096 0.001935 0.495416 0.006843 1.725723
0.420391 0.019515 0.038570 0.019258 0.001910 0.493480 0.006876 1.727642
0.426016 0.018237 0.037188 0.018451 0.001886 0.491318 0.006903 1.729473
0.431542 0.017150 0.035756 0.017691 0.001876 0.489058 0.006928 1.731159
0.437091 0.016064 0.034404 0.016960 0.001844 0.486683 0.006957 1.732798
0.442673 0.015048 0.033087 0.016247 0.001812 0.484151 0.006980 1.734333
0.448198 0.014143 0.031767 0.015515 0.001772 0.481600 0.007006 1.735743
0.453746 0.013322 0.030523 0.014845 0.001750 0.478790 0.007025 1.737083
0.459286 0.012554 0.029282 0.014162 0.001722 0.475943 0.007051 1.738343
0.464742 0.011837 0.028096 0.013523 0.001683 0.473044 0.007078 1.739559
0.470136 0.011220 0.026865 0.012939 0.001653 0.470088 0.007100 1.740640
0.475603 0.010568 0.025769 0.012364 0.001623 0.466959 0.007116 1.741712
0.480925 0.010026 0.024656 0.011789 0.001600 0.463867 0.007138 1.742690
0.486177 0.009478 0.023580 0.011258 0.001567 0.460782 0.007158 1.743663
0.491572 0.009020 0.022561 0.010732 0.001540 0.457398 0.007178 1.744530
0.496914 0.008530 0.021677 0.010239 0.001514 0.453933 0.007194 1.745400
0.502195 0.008102 0.020761 0.009774 0.001478 0.450478 0.007212 1.746229
0.507478 0.007682 0.019864 0.009387 0.001451 0.446906 0.007232 1.747020
0.512665 0.007305 0.018992 0.008905 0.001425 0.443462 0.007247 1.747745
0.517901 0.006946 0.018149 0.008511 0.001393 0.439837 0.007264 1.748468
0.523187 0.006596 0.017323 0.008151 0.001359 0.436099 0.007284 1.749144
0.528232 0.006329 0.016556 0.007743 0.001322 0.432515 0.007302 1.749764
0.533274 0.006031 0.015797 0.007396 0.001295 0.428885 0.007320 1.750388
0.538261 0.005743 0.015114 0.007067 0.001269 0.425211 0.007335 1.750990
0.543254 0.005521 0.014449 0.006732 0.001231 0.421460 0.007353 1.751535
0.548233 0.005293 0.013860 0.006403 0.001200 0.417641 0.007370 1.752075
0.553088 0.005094 0.013226 0.006132 0.001169 0.413902 0.007389 1.752562
0.557971 0.004861 0.012665 0.005864 0.001132 0.410102 0.007406 1.753076
0.562836 0.004671 0.012127 0.005604 0.001096 0.406241 0.007426 1.753553
0.567473 0.004518 0.011594 0.005331 0.001062 0.402580 0.007442 1.753993
0.572226 0.004360 0.011098 0.005085 0.001024 0.398750 0.007457 1.754426
0.576974 0.004188 0.010601 0.004880 0.000993 0.394896 0.007468 1.754853
0.581548 0.004070 0.010123 0.004656 0.000966 0.391157 0.007481 1.755241
0.586236 0.003948 0.009670 0.004453 0.000940 0.387262 0.007491 1.755618
0.590767 0.003815 0.009212 0.004255 0.000919 0.383529 0.007502 1.756001
0.595283 0.003697 0.008838 0.004084 0.000896 0.379689 0.007513 1.756368
0.599775 0.003562 0.008504 0.003918 0.000865 0.375851 0.007525 1.756755
0.604289 0.003460 0.008141 0.003763 0.000849 0.371963 0.007535 1.757097
0.608670 0.003373 0.007790 0.003585 0.000822 0.368216 0.007546 1.757435
0.613053 0.003271 0.007477 0.003432 0.000795 0.364416 0.007556 1.757765
0.617394 0.003185 0.007174 0.003288 0.000772 0.360619 0.007568 1.758065
0.621726 0.003108 0.006915 0.003169 0.000754 0.356753 0.007577 1.758369
0.625989 0.003004 0.006629 0.003048 0.000737 0.353008 0.007585 1.758686
0.630123 0.002946 0.006369 0.002912 0.000721 0.349337 0.007592 1.758965
0.634306 0.002867 0.006098 0.002783 0.000701 0.345645 0.007600 1.759242
0.638396 0.002829 0.005859 0.002684 0.000683 0.341944 0.007606 1.759494
0.642457 0.002772 0.005610 0.002584 0.000661 0.338301 0.007616 1.759753
0.646385 0.002677 0.005408 0.002500 0.000638 0.334764 0.007628 1.760035
0.650335 0.002607 0.005209 0.002411 0.000618 0.331182 0.007639 1.760296
0.654228 0.002583 0.005016 0.002324 0.000596 0.327605 0.007649 1.760529
0.658130 0.002510 0.004829 0.002242 0.000573 0.324057 0.007659 1.760800
0.661993 0.002460 0.004655 0.002165 0.000557 0.320504 0.007668 1.761042
0.665836 0.002389 0.004468 0.002077 0.000541 0.317015 0.007675 1.761277
0.669594 0.002332 0.004320 0.002000 0.000526 0.313546 0.007682 1.761524
0.673367 0.002282 0.004172 0.001933 0.000509 0.310048 0.007689 1.761750
0.677123 0.002248 0.004020 0.001850 0.000499 0.306565 0.007695 1.761960
0.680694 0.002211 0.003891 0.001794 0.000486 0.303224 0.007701 1.762167
0.684262 0.002175 0.003754 0.001745 0.000469 0.299888 0.007708 1.762376
0.687823 0.002139 0.003639 0.001692 0.000454 0.296537 0.007715 1.762578
0.691355 0.002079 0.003508 0.001667 0.000438 0.293228 0.007724 1.762807
0.694834 0.002058 0.003387 0.001618 0.000428 0.289948 0.007727 1.762998
0.698282 0.002030 0.003305 0.001567 0.000416 0.286666 0.007734 1.763190
0.701624 0.001984 0.003212 0.001515 0.000404 0.283523 0.007739 1.763388
0.704979 0.001929 0.003130 0.001467 0.000396 0.280355 0.007745 1.763582
0.708343 0.001898 0.003039 0.001422 0.000389 0.277161 0.007749 1.763782
0.711610 0.001869 0.002958 0.001382 0.000380 0.274049 0.007752 1.763970
0.714930 0.001839 0.002887 0.001345 0.000368 0.270873 0.007758 1.764152
0.718124 0.001813 0.002807 0.001311 0.000355 0.267827 0.007764 1.764326
0.721288 0.001773 0.002736 0.001281 0.000342 0.264812 0.007769 1.764499
0.724410 0.001749 0.002668 0.001241 0.000332 0.261829 0.007773 1.764675
0.727570 0.001710 0.002621 0.001200 0.000324 0.258799 0.007777 1.764855
0.730669 0.001677 0.002555 0.001169 0.000308 0.255839 0.007783 1.765029
0.733749 0.001630 0.002493 0.001143 0.000304 0.252895 0.007786 1.765198
0.736802 0.001622 0.002418 0.001106 0.000298 0.249965 0.007789 1.765354
0.739715 0.001597 0.002356 0.001061 0.000290 0.247187 0.007793 1.765509
0.742705 0.001544 0.002300 0.001048 0.000282 0.244326 0.007796 1.765687
0.745584 0.001543 0.002224 0.001030 0.000272 0.241549 0.007800 1.765823
0.748441 0.001531 0.002179 0.001017 0.000265 0.238763 0.007803 1.765977
0.751289 0.001531 0.002113 0.000993 0.000255 0.236013 0.007806 1.766117
0.754164 0.001489 0.002086 0.000987 0.000248 0.233215 0.007810 1.766276
0.757006 0.001470 0.002019 0.000965 0.000243 0.230485 0.007812 1.766427
0.759730 0.001471 0.001940 0.000951 0.000237 0.227856 0.007815 1.766561
0.762440 0.001441 0.001895 0.000927 0.000228 0.225252 0.007817 1.766716
0.765158 0.001419 0.001860 0.000906 0.000221 0.222616 0.007821 1.766858
0.767813 0.001402 0.001819 0.000889 0.000217 0.220037 0.007823 1.766998
0.770327 0.001382 0.001787 0.000870 0.000210 0.217600 0.007825 1.767133
0.772966 0.001345 0.001761 0.000855 0.000203 0.215043 0.007828 1.767277
0.775460 0.001312 0.001724 0.000837 0.000198 0.212638 0.007831 1.767420
0.778030 0.001297 0.001693 0.000813 0.000192 0.210141 0.007834 1.767544
0.780475 0.001292 0.001647 0.000793 0.000187 0.207769 0.007837 1.767673
0.782953 0.001270 0.001600 0.000768 0.000183 0.205385 0.007841 1.767799
0.785446 0.001279 0.001576 0.000749 0.000179 0.202929 0.007843 1.767919
0.787805 0.001277 0.001543 0.000735 0.000174 0.200620 0.007846 1.768049
0.790199 0.001249 0.001522 0.000729 0.000170 0.198283 0.007848 1.768184
0.792570 0.001245 0.001505 0.000710 0.000164 0.195955 0.007851 1.768305
0.794866 0.001243 0.001487 0.000705 0.000159 0.193686 0.007854 1.768434
0.797179 0.001241 0.001454 0.000688 0.000156 0.191426 0.007856 1.768545
0.799429 0.001223 0.001433 0.000691 0.000151 0.189216 0.007858 1.768671
0.801643 0.001212 0.001406 0.000681 0.000145 0.187053 0.007860 1.768800
0.803837 0.001196 0.001391 0.000667 0.000141 0.184904 0.007863 1.768931
0.806073 0.001176 0.001374 0.000664 0.000137 0.182710 0.007866 1.769054
0.808268 0.001171 0.001370 0.000640 0.000132 0.180550 0.007870 1.769177
0.810408 0.001157 0.001343 0.000647 0.000128 0.178446 0.007871 1.769294
0.812538 0.001152 0.001319 0.000642 0.000123 0.176352 0.007873 1.769408
0.814610 0.001150 0.001320 0.000633 0.000120 0.174291 0.007875 1.769529
0.816694 0.001135 0.001306 0.000628 0.000118 0.172240 0.007878 1.769646
0.818726 0.001126 0.001286 0.000612 0.000118 0.170253 0.007879 1.769757
0.820712 0.001122 0.001263 0.000601 0.000112 0.168309 0.007881 1.769862
0.822705 0.001132 0.001244 0.000590 0.000108 0.166337 0.007883 1.769968
0.824627 0.001130 0.001209 0.000586 0.000104 0.164457 0.007885 1.770069
0.826560 0.001133 0.001200 0.000583 0.000103 0.162535 0.007886 1.770182
0.828448 0.001127 0.001175 0.000568 0.000100 0.160695 0.007887 1.770285
0.830386 0.001145 0.001166 0.000558 0.000095 0.158761 0.007889 1.770379
0.832235 0.001139 0.001157 0.000557 0.000091 0.156931 0.007890 1.770502
0.834116 0.001138 0.001142 0.000552 0.000089 0.155071 0.007891 1.770607
0.835939 0.001127 0.001139 0.000550 0.000085 0.153268 0.007894 1.770729
0.837735 0.001106 0.001132 0.000542 0.000083 0.151507 0.007895 1.770846
0.839518 0.001117 0.001119 0.000536 0.000082 0.149733 0.007896 1.770946
0.841259 0.001107 0.001126 0.000537 0.000079 0.147995 0.007897 1.771057
0.842982 0.001108 0.001123 0.000530 0.000076 0.146284 0.007897 1.771173
0.844685 0.001120 0.001114 0.000517 0.000073 0.144592 0.007900 1.771271
0.846353 0.001100 0.001114 0.000518 0.000067 0.142946 0.007903 1.771387
0.848029 0.001109 0.001099 0.000512 0.000065 0.141282 0.007904 1.771491
0.849663 0.001104 0.001100 0.000510 0.000062 0.139655 0.007906 1.771601
0.851290 0.001112 0.001108 0.000504 0.000061 0.138019 0.007907 1.771710
0.852892 0.001112 0.001116 0.000506 0.000060 0.136406 0.007908 1.771826
0.854391 0.001114 0.001131 0.000502 0.000058 0.134896 0.007909 1.771942
0.855944 0.001102 0.001131 0.000509 0.000055 0.133349 0.007911 1.772060
0.857474 0.001096 0.001134 0.000512 0.000053 0.131819 0.007912 1.772181
0.858958 0.001086 0.001134 0.000518 0.000054 0.130337 0.007912 1.772298
0.860414 0.001094 0.001135 0.000512 0.000053 0.128878 0.007913 1.772404
0.861921 0.001095 0.001125 0.000508 0.000051 0.127387 0.007914 1.772512
0.863343 0.001100 0.001116 0.000506 0.000049 0.125972 0.007915 1.772628
0.864824 0.001074 0.001112 0.000507 0.000047 0.124521 0.007915 1.772744
0.866291 0.001078 0.001103 0.000507 0.000047 0.123059 0.007915 1.772848
0.867715 0.001094 0.001078 0.000504 0.000045 0.121649 0.007915 1.772945
0.869054 0.001102 0.001071 0.000506 0.000044 0.120310 0.007915 1.773056
0.870464 0.001101 0.001075 0.000504 0.000044 0.118898 0.007915 1.773158
0.871808 0.001101 0.001068 0.000496 0.000044 0.117566 0.007916 1.773260
0.873135 0.001105 0.001067 0.000496 0.000044 0.116236 0.007917 1.773373
0.874431 0.001123 0.001071 0.000479 0.000044 0.114935 0.007918 1.773479
0.875694 0.001124 0.001071 0.000488 0.000045 0.113659 0.007919 1.773593
0.876998 0.001141 0.001055 0.000487 0.000044 0.112355 0.007920 1.773682
0.878241 0.001133 0.001060 0.000484 0.000044 0.111117 0.007921 1.773794
0.879487 0.001140 0.001059 0.000480 0.000043 0.109867 0.007923 1.773898
0.880692 0.001150 0.001058 0.000476 0.000042 0.108660 0.007923 1.773999
0.881871 0.001157 0.001064 0.000475 0.000042 0.107469 0.007923 1.774112
0.883003 0.001150 0.001062 0.000478 0.000043 0.106342 0.007923 1.774236
0.884153 0.001144 0.001073 0.000489 0.000041 0.105177 0.007923 1.774357
0.885335 0.001141 0.001087 0.000489 0.000042 0.103982 0.007924 1.774475
0.886495 0.001153 0.001080 0.000484 0.000043 0.102822 0.007924 1.774584
0.887638 0.001146 0.001082 0.000491 0.000042 0.101677 0.007925 1.774705
0.888681 0.001157 0.001079 0.000489 0.000040 0.100629 0.007925 1.774813
0.889786 0.001169 0.001072 0.000495 0.000040 0.099514 0.007925 1.774920
0.890836 0.001164 0.001074 0.000495 0.000040 0.098465 0.007926 1.775046
0.891919 0.001156 0.001094 0.000486 0.000038 0.097383 0.007926 1.775166
0.893020 0.001166 0.001106 0.000486 0.000039 0.096257 0.007926 1.775288
0.894027 0.001144 0.001112 0.000489 0.000039 0.095263 0.007927 1.775416
0.895069 0.001160 0.001105 0.000491 0.000038 0.094209 0.007928 1.775523
0.896079 0.001172 0.001102 0.000487 0.000037 0.093195 0.007928 1.775637
0.897076 0.001170 0.001105 0.000489 0.000036 0.092196 0.007929 1.775756
0.898067 0.001200 0.001102 0.000489 0.000036 0.091176 0.007930 1.775859
0.899008 0.001200 0.001098 0.000492 0.000037 0.090236 0.007930 1.775975
0.899968 0.001208 0.001088 0.000492 0.000038 0.089277 0.007930 1.776079
0.900899 0.001220 0.001085 0.000493 0.000038 0.088336 0.007930 1.776194
0.901766 0.001229 0.001101 0.000491 0.000040 0.087444 0.007930 1.776311
0.902675 0.001236 0.001095 0.000494 0.000039 0.086530 0.007931 1.776427
0.903554 0.001236 0.001096 0.000503 0.000039 0.085642 0.007932 1.776554
0.904417 0.001238 0.001095 0.000501 0.000039 0.084779 0.007932 1.776673
0.905242 0.001247 0.001099 0.000500 0.000037 0.083943 0.007933 1.776788
0.906095 0.001253 0.001096 0.000506 0.000037 0.083080 0.007933 1.776909
0.906905 0.001256 0.001097 0.000512 0.000037 0.082259 0.007935 1.777034
0.907689 0.001284 0.001119 0.000504 0.000038 0.081432 0.007935 1.777148
0.908485 0.001289 0.001129 0.000511 0.000036 0.080614 0.007935 1.777279
0.909240 0.001293 0.001134 0.000520 0.000036 0.079841 0.007936 1.777410
0.910000 0.001295 0.001137 0.000528 0.000034 0.079071 0.007936 1.777536
0.910785 0.001320 0.001137 0.000525 0.000033 0.078264 0.007937 1.777645
0.911519 0.001330 0.001117 0.000527 0.000032 0.077537 0.007937 1.777760
0.912281 0.001327 0.001144 0.000527 0.000033 0.076751 0.007937 1.777894
0.913021 0.001319 0.001137 0.000534 0.000034 0.076019 0.007937 1.778024
0.913722 0.001317 0.001139 0.000537 0.000034 0.075314 0.007937 1.778158
0.914401 0.001324 0.001148 0.000531 0.000034 0.074624 0.007937 1.778286
0.915105 0.001329 0.001167 0.000516 0.000036 0.073910 0.007937 1.778416
0.915771 0.001339 0.001176 0.000519 0.000036 0.073222 0.007937 1.778553
0.916475 0.001358 0.001168 0.000521 0.000037 0.072504 0.007938 1.778675
0.917142 0.001362 0.001172 0.000534 0.000035 0.071816 0.007939 1.778807
0.917767 0.001367 0.001184 0.000533 0.000035 0.071175 0.007939 1.778946
0.918439 0.001351 0.001190 0.000533 0.000034 0.070511 0.007941 1.779081
0.919120 0.001344 0.001202 0.000532 0.000037 0.069825 0.007941 1.779215
0.919743 0.001345 0.001202 0.000538 0.000037 0.069194 0.007941 1.779346
0.920341 0.001351 0.001204 0.000543 0.000037 0.068583 0.007941 1.779474
0.920915 0.001361 0.001217 0.000540 0.000034 0.067990 0.007944 1.779608
0.921536 0.001362 0.001223 0.000553 0.000036 0.067347 0.007944 1.779744
0.922108 0.001377 0.001217 0.000546 0.000036 0.066771 0.007944 1.779869
0.922652 0.001393 0.001235 0.000553 0.000035 0.066188 0.007945 1.780010
0.923199 0.001420 0.001248 0.000550 0.000035 0.065603 0.007945 1.780147
0.923762 0.001421 0.001249 0.000545 0.000037 0.065041 0.007945 1.780281
0.924291 0.001440 0.001244 0.000555 0.000037 0.064488 0.007945 1.780418
0.924851 0.001449 0.001258 0.000570 0.000036 0.063890 0.007945 1.780555
0.925400 0.001448 0.001263 0.000579 0.000037 0.063327 0.007946 1.780707
0.925948 0.001452 0.001262 0.000578 0.000038 0.062777 0.007946 1.780840
0.926440 0.001431 0.001276 0.000589 0.000038 0.062281 0.007946 1.780988
0.926935 0.001447 0.001288 0.000596 0.000036 0.061751 0.007947 1.781129
0.927395 0.001449 0.001293 0.000604 0.000031 0.061280 0.007949 1.781275
0.927832 0.001478 0.001300 0.000608 0.000032 0.060801 0.007950 1.781416
0.928310 0.001488 0.001315 0.000611 0.000035 0.060292 0.007950 1.781562
0.928730 0.001509 0.001325 0.000615 0.000033 0.059838 0.007951 1.781707
0.929184 0.001505 0.001339 0.000628 0.000030 0.059363 0.007952 1.781871
0.929622 0.001504 0.001351 0.000620 0.000029 0.058921 0.007953 1.782023
0.930055 0.001515 0.001356 0.000636 0.000029 0.058456 0.007953 1.782175
0.930512 0.001521 0.001349 0.000644 0.000029 0.057992 0.007954 1.782323
0.930956 0.001523 0.001365 0.000648 0.000028 0.057524 0.007955 1.782480
0.931377 0.001533 0.001372 0.000659 0.000029 0.057076 0.007955 1.782632
0.931777 0.001555 0.001386 0.000662 0.000032 0.056635 0.007955 1.782789
0.932172 0.001575 0.001395 0.000666 0.000033 0.056204 0.007955 1.782938
0.932561 0.001582 0.001395 0.000671 0.000033 0.055802 0.007955 1.783096
0.932959 0.001583 0.001394 0.000683 0.000032 0.055394 0.007955 1.783261
0.933319 0.001604 0.001407 0.000679 0.000036 0.055000 0.007955 1.783422
0.933670 0.001627 0.001405 0.000682 0.000038 0.054624 0.007955 1.783579
0.934024 0.001644 0.001412 0.000670 0.000039 0.054255 0.007956 1.783726
0.934396 0.001655 0.001426 0.000675 0.000039 0.053854 0.007956 1.783885
0.934754 0.001658 0.001454 0.000672 0.000039 0.053467 0.007956 1.784057
0.935081 0.001680 0.001463 0.000681 0.000038 0.053102 0.007956 1.784219
0.935418 0.001702 0.001475 0.000683 0.000040 0.052727 0.007956 1.784383
0.935722 0.001741 0.001478 0.000678 0.000040 0.052385 0.007956 1.784526
0.936025 0.001738 0.001497 0.000696 0.000043 0.052046 0.007956 1.784709
0.936344 0.001747 0.001509 0.000717 0.000041 0.051684 0.007956 1.784880
0.936635 0.001764 0.001510 0.000724 0.000044 0.051365 0.007957 1.785051
0.936959 0.001765 0.001510 0.000726 0.000044 0.051039 0.007957 1.785217
0.937244 0.001767 0.001520 0.000739 0.000044 0.050729 0.007957 1.785390
0.937527 0.001785 0.001551 0.000739 0.000046 0.050394 0.007957 1.785565
0.937807 0.001779 0.001563 0.000749 0.000047 0.050098 0.007958 1.785756
0.938090 0.001802 0.001552 0.000756 0.000048 0.049793 0.007959 1.785931
0.938323 0.001800 0.001568 0.000766 0.000047 0.049536 0.007960 1.786127
0.938579 0.001814 0.001575 0.000771 0.000048 0.049253 0.007960 1.786311
0.938887 0.001815 0.001570 0.000776 0.000047 0.048944 0.007961 1.786478
0.939117 0.001827 0.001576 0.000779 0.000045 0.048692 0.007962 1.786658
0.939359 0.001813 0.001596 0.000798 0.000044 0.048427 0.007963 1.786859
0.939606 0.001804 0.001600 0.000801 0.000044 0.048182 0.007963 1.787053
0.939851 0.001823 0.001610 0.000815 0.000045 0.047892 0.007963 1.787237
0.940080 0.001825 0.001614 0.000803 0.000045 0.047667 0.007965 1.787413
0.940337 0.001852 0.001605 0.000793 0.000044 0.047404 0.007965 1.787580
0.940585 0.001840 0.001620 0.000791 0.000044 0.047154 0.007966 1.787778
0.940805 0.001866 0.001626 0.000784 0.000045 0.046909 0.007966 1.787958
0.940979 0.001903 0.001636 0.000786 0.000044 0.046685 0.007966 1.788140
0.941182 0.001913 0.001638 0.000797 0.000044 0.046460 0.007966 1.788330
0.941385 0.001911 0.001651 0.000798 0.000044 0.046244 0.007967 1.788523
0.941598 0.001930 0.001661 0.000805 0.000044 0.045994 0.007967 1.788701
0.941801 0.001933 0.001685 0.000816 0.000041 0.045756 0.007968 1.788903
0.941983 0.001941 0.001709 0.000802 0.000040 0.045559 0.007968 1.789105
0.942139 0.001975 0.001722 0.000804 0.000041 0.045350 0.007968 1.789298
0.942335 0.001991 0.001714 0.000798 0.000041 0.045152 0.007969 1.789484
0.942472 0.002022 0.001745 0.000811 0.000040 0.044941 0.007969 1.789680
0.942642 0.002038 0.001740 0.000821 0.000040 0.044749 0.007969 1.789875
0.942806 0.002041 0.001754 0.000826 0.000040 0.044563 0.007970 1.790083
0.942962 0.002033 0.001790 0.000842 0.000040 0.044364 0.007970 1.790303
0.943113 0.002030 0.001798 0.000860 0.000040 0.044187 0.007972 1.790509
0.943248 0.002048 0.001806 0.000862 0.000041 0.044023 0.007973 1.790710
0.943404 0.002069 0.001800 0.000863 0.000041 0.043851 0.007973 1.790893
0.943541 0.002069 0.001836 0.000871 0.000041 0.043670 0.007973 1.791123
0.943636 0.002105 0.001832 0.000872 0.000040 0.043541 0.007973 1.791316
0.943776 0.002103 0.001866 0.000879 0.000039 0.043362 0.007975 1.791543
0.943878 0.002140 0.001873 0.000885 0.000039 0.043211 0.007975 1.791740
0.943975 0.002148 0.001896 0.000887 0.000041 0.043079 0.007975 1.791955
0.944078 0.002164 0.001885 0.000904 0.000041 0.042953 0.007976 1.792176
0.944212 0.002186 0.001888 0.000902 0.000040 0.042796 0.007976 1.792382
0.944332 0.002184 0.001898 0.000917 0.000041 0.042652 0.007977 1.792597
0.944433 0.002219 0.001890 0.000921 0.000043 0.042517 0.007977 1.792796
0.944550 0.002221 0.001905 0.000925 0.000044 0.042378 0.007978 1.793016
0.944663 0.002243 0.001898 0.000929 0.000046 0.042244 0.007978 1.793218
0.944759 0.002249 0.001897 0.000939 0.000048 0.042130 0.007978 1.793436
0.944848 0.002280 0.001901 0.000933 0.000047 0.042011 0.007981 1.793645
0.944909 0.002290 0.001915 0.000927 0.000047 0.041930 0.007982 1.793877
0.945029 0.002306 0.001919 0.000936 0.000048 0.041782 0.007982 1.794084
0.945140 0.002293 0.001933 0.000950 0.000048 0.041654 0.007983 1.794310
0.945233 0.002288 0.001960 0.000940 0.000048 0.041548 0.007984 1.794529
0.945307 0.002323 0.001961 0.000942 0.000048 0.041434 0.007985 1.794736
0.945392 0.002333 0.001975 0.000952 0.000047 0.041315 0.007986 1.794977
0.945495 0.002334 0.001993 0.000965 0.000046 0.041180 0.007987 1.795205
0.945573 0.002339 0.002009 0.000979 0.000045 0.041068 0.007988 1.795444
0.945639 0.002339 0.002022 0.000972 0.000044 0.040997 0.007989 1.795674
0.945709 0.002362 0.002050 0.000978 0.000045 0.040868 0.007989 1.795901
0.945773 0.002365 0.002061 0.000986 0.000043 0.040783 0.007990 1.796143
0.945849 0.002375 0.002075 0.000987 0.000045 0.040678 0.007991 1.796366
0.945925 0.002388 0.002052 0.000991 0.000047 0.040607 0.007991 1.796596
0.945976 0.002416 0.002068 0.000987 0.000047 0.040515 0.007992 1.796825
0.946033 0.002421 0.002083 0.000990 0.000046 0.040435 0.007992 1.797070
0.946112 0.002424 0.002086 0.001006 0.000046 0.040334 0.007992 1.797306
0.946162 0.002442 0.002092 0.001009 0.000048 0.040254 0.007992 1.797534
0.946240 0.002435 0.002104 0.001022 0.000049 0.040157 0.007992 1.797780
0.946299 0.002432 0.002113 0.001031 0.000048 0.040085 0.007992 1.798028
0.946343 0.002440 0.002126 0.001035 0.000049 0.040014 0.007994 1.798256
0.946425 0.002443 0.002139 0.001032 0.000050 0.039917 0.007994 1.798490
0.946473 0.002448 0.002140 0.001043 0.000049 0.039853 0.007994 1.798738
0.946505 0.002482 0.002137 0.001052 0.000050 0.039779 0.007994 1.798961
0.946532 0.002489 0.002158 0.001068 0.000050 0.039707 0.007995 1.799234
0.946581 0.002495 0.002153 0.001069 0.000052 0.039655 0.007996 1.799472
0.946610 0.002515 0.002132 0.001078 0.000050 0.039619 0.007997 1.799703
0.946650 0.002520 0.002146 0.001081 0.000052 0.039554 0.007997 1.799951
0.946693 0.002540 0.002166 0.001079 0.000051 0.039472 0.007999 1.800199
0.946713 0.002561 0.002183 0.001065 0.000053 0.039425 0.008000 1.800443
0.946746 0.002575 0.002175 0.001066 0.000055 0.039384 0.008000 1.800675
0.946785 0.002596 0.002181 0.001062 0.000054 0.039321 0.008001 1.800917
0.946788 0.002599 0.002215 0.001071 0.000055 0.039272 0.008001 1.801177
0.946809 0.002598 0.002232 0.001070 0.000057 0.039232 0.008002 1.801441
0.946876 0.002573 0.002259 0.001068 0.000059 0.039162 0.008003 1.801706
0.946894 0.002580 0.002270 0.001065 0.000058 0.039129 0.008003 1.801956
0.946921 0.002602 0.002259 0.001084 0.000060 0.039070 0.008003 1.802194
0.946907 0.002625 0.002300 0.001099 0.000061 0.039005 0.008004 1.802457
0.946926 0.002644 0.002326 0.001100 0.000062 0.038938 0.008004 1.802715
0.946930 0.002675 0.002328 0.001105 0.000061 0.038896 0.008006 1.802969
0.946951 0.002656 0.002354 0.001115 0.000062 0.038855 0.008007 1.803249
0.946929 0.002713 0.002351 0.001126 0.000064 0.038810 0.008007 1.803508
0.946928 0.002717 0.002371 0.001142 0.000065 0.038770 0.008008 1.803775
0.946914 0.002718 0.002397 0.001129 0.000066 0.038768 0.008009 1.804045
0.946905 0.002743 0.002420 0.001128 0.000065 0.038730 0.008011 1.804309
0.946915 0.002758 0.002432 0.001136 0.000065 0.038682 0.008012 1.804581
0.946902 0.002754 0.002459 0.001153 0.000064 0.038656 0.008012 1.804870
0.946911 0.002741 0.002471 0.001163 0.000064 0.038638 0.008013 1.805154
0.946898 0.002760 0.002494 0.001164 0.000063 0.038606 0.008015 1.805419
0.946911 0.002774 0.002503 0.001167 0.000066 0.038564 0.008015 1.805684
0.946918 0.002802 0.002492 0.001167 0.000066 0.038540 0.008015 1.805937
0.946901 0.002798 0.002533 0.001173 0.000067 0.038514 0.008015 1.806235
0.946889 0.002808 0.002541 0.001180 0.000066 0.038501 0.008016 1.806516
0.946880 0.002778 0.002569 0.001182 0.000064 0.038509 0.008017 1.806822
0.946890 0.002787 0.002561 0.001191 0.000062 0.038490 0.008019 1.807096
0.946880 0.002784 0.002556 0.001201 0.000062 0.038499 0.008020 1.807375
0.946854 0.002797 0.002568 0.001210 0.000061 0.038489 0.008020 1.807663
0.946815 0.002814 0.002589 0.001217 0.000063 0.038481 0.008021 1.807948
0.946816 0.002793 0.002603 0.001212 0.000063 0.038491 0.008022 1.808237
0.946804 0.002788 0.002610 0.001223 0.000063 0.038490 0.008022 1.808514
0.946811 0.002799 0.002617 0.001218 0.000065 0.038467 0.008023 1.808779
0.946790 0.002808 0.002621 0.001208 0.000066 0.038483 0.008024 1.809068
0.946755 0.002818 0.002638 0.001215 0.000066 0.038484 0.008024 1.809359
0.946734 0.002844 0.002648 0.001212 0.000067 0.038470 0.008025 1.809631
0.946732 0.002875 0.002639 0.001215 0.000065 0.038450 0.008026 1.809887
0.946707 0.002896 0.002648 0.001205 0.000063 0.038452 0.008028 1.810171
0.946707 0.002883 0.002650 0.001223 0.000063 0.038446 0.008029 1.810474
0.946690 0.002928 0.002631 0.001235 0.000062 0.038422 0.008030 1.810729
0.946673 0.002925 0.002658 0.001227 0.000058 0.038428 0.008031 1.811028
0.946635 0.002964 0.002664 0.001218 0.000057 0.038430 0.008032 1.811299
0.946606 0.002989 0.002680 0.001221 0.000060 0.038411 0.008033 1.811591
0.946591 0.002968 0.002706 0.001228 0.000061 0.038412 0.008034 1.811903
0.946566 0.003001 0.002686 0.001231 0.000059 0.038422 0.008035 1.812182
0.946537 0.003008 0.002693 0.001227 0.000063 0.038439 0.008035 1.812479
0.946513 0.003015 0.002707 0.001245 0.000065 0.038420 0.008035 1.812782
0.946498 0.002998 0.002712 0.001254 0.000063 0.038439 0.008037 1.813077
0.946480 0.002994 0.002727 0.001263 0.000066 0.038431 0.008038 1.813375
0.946462 0.003014 0.002736 0.001255 0.000068 0.038428 0.008039 1.813656
0.946432 0.003034 0.002727 0.001261 0.000070 0.038437 0.008039 1.813948
0.946431 0.003051 0.002711 0.001251 0.000067 0.038449 0.008040 1.814235
0.946395 0.003057 0.002723 0.001260 0.000068 0.038456 0.008042 1.814542
0.946352 0.003067 0.002742 0.001267 0.000069 0.038464 0.008042 1.814840
0.946310 0.003098 0.002755 0.001282 0.000070 0.038443 0.008042 1.815146
0.946279 0.003077 0.002778 0.001290 0.000071 0.038462 0.008044 1.815474
0.946222 0.003086 0.002773 0.001308 0.000073 0.038493 0.008045 1.815786
0.946187 0.003083 0.002791 0.001306 0.000074 0.038513 0.008046 1.816094
0.946160 0.003079 0.002801 0.001307 0.000073 0.038535 0.008046 1.816394
0.946113 0.003075 0.002797 0.001313 0.000072 0.038582 0.008047 1.816698
0.946091 0.003063 0.002797 0.001318 0.000074 0.038610 0.008047 1.817017
0.946064 0.003065 0.002823 0.001342 0.000074 0.038585 0.008049 1.817328
0.946060 0.003042 0.002863 0.001337 0.000072 0.038577 0.008049 1.817638
0.946045 0.003039 0.002852 0.001352 0.000072 0.038590 0.008050 1.817943
0.945999 0.003064 0.002850 0.001365 0.000071 0.038599 0.008051 1.818237
0.945973 0.003054 0.002857 0.001375 0.000072 0.038618 0.008052 1.818543
0.945942 0.003073 0.002847 0.001379 0.000073 0.038633 0.008053 1.818827
0.945928 0.003066 0.002858 0.001386 0.000072 0.038637 0.008054 1.819145
0.945897 0.003076 0.002840 0.001387 0.000070 0.038675 0.008054 1.819434
0.945893 0.003070 0.002846 0.001381 0.000071 0.038685 0.008055 1.819742
0.945852 0.003076 0.002866 0.001371 0.000071 0.038709 0.008055 1.820045
0.945808 0.003077 0.002871 0.001379 0.000070 0.038740 0.008056 1.820364
0.945787 0.003088 0.002857 0.001368 0.000072 0.038774 0.008056 1.820649
0.945761 0.003119 0.002842 0.001367 0.000074 0.038779 0.008057 1.820944
0.945759 0.003140 0.002831 0.001359 0.000073 0.038780 0.008059 1.821232
0.945739 0.003165 0.002808 0.001340 0.000077 0.038812 0.008059 1.821515
0.945711 0.003135 0.002844 0.001341 0.000076 0.038832 0.008061 1.821849
0.945694 0.003106 0.002869 0.001351 0.000078 0.038839 0.008062 1.822177
0.945667 0.003129 0.002858 0.001353 0.000077 0.038855 0.008063 1.822466
0.945644 0.003103 0.002849 0.001352 0.000075 0.038913 0.008063 1.822789
0.945617 0.003098 0.002853 0.001349 0.000076 0.038943 0.008065 1.823101
0.945608 0.003118 0.002839 0.001335 0.000078 0.038958 0.008065 1.823386
0.945591 0.003137 0.002820 0.001334 0.000077 0.038977 0.008065 1.823670
0.945574 0.003133 0.002809 0.001339 0.000078 0.039002 0.008066 1.823972
0.945577 0.003111 0.002814 0.001339 0.000078 0.039013 0.008067 1.824269
0.945568 0.003105 0.002805 0.001334 0.000076 0.039044 0.008068 1.824566
0.945544 0.003115 0.002801 0.001328 0.000078 0.039067 0.008068 1.824857
0.945508 0.003096 0.002795 0.001337 0.000079 0.039116 0.008070 1.825168
0.945470 0.003123 0.002804 0.001341 0.000077 0.039113 0.008071 1.825470
0.945475 0.003079 0.002840 0.001350 0.000080 0.039105 0.008072 1.825798
0.945481 0.003065 0.002828 0.001350 0.000080 0.039124 0.008073 1.826098
0.945467 0.003060 0.002842 0.001351 0.000080 0.039126 0.008074 1.826409
0.945455 0.003065 0.002854 0.001339 0.000081 0.039131 0.008074 1.826709
0.945459 0.003074 0.002839 0.001341 0.000081 0.039130 0.008076 1.826997
0.945447 0.003074 0.002841 0.001346 0.000079 0.039135 0.008078 1.827287
0.945429 0.003054 0.002859 0.001358 0.000078 0.039142 0.008081 1.827612
0.945415 0.003064 0.002848 0.001363 0.000079 0.039149 0.008082 1.827914
0.945396 0.003044 0.002862 0.001385 0.000077 0.039154 0.008083 1.828227
0.945356 0.003073 0.002883 0.001390 0.000075 0.039139 0.008083 1.828531
0.945322 0.003080 0.002905 0.001370 0.000073 0.039167 0.008084 1.828831
0.945298 0.003095 0.002893 0.001370 0.000075 0.039186 0.008084 1.829117
0.945274 0.003087 0.002905 0.001370 0.000074 0.039205 0.008085 1.829421
0.945269 0.003089 0.002904 0.001371 0.000073 0.039208 0.008086 1.829717
0.945227 0.003127 0.002885 0.001370 0.000072 0.039230 0.008089 1.829992
0.945211 0.003110 0.002893 0.001381 0.000073 0.039244 0.008089 1.830316
0.945228 0.003093 0.002916 0.001392 0.000074 0.039208 0.008089 1.830632
0.945223 0.003083 0.002914 0.001392 0.000072 0.039226 0.008089 1.830931
0.945178 0.003139 0.002874 0.001382 0.000072 0.039263 0.008091 1.831198
0.945186 0.003133 0.002859 0.001380 0.000072 0.039278 0.008093 1.831496
0.945142 0.003164 0.002847 0.001378 0.000075 0.039301 0.008093 1.831794
0.945117 0.003155 0.002855 0.001391 0.000073 0.039316 0.008094 1.832113
0.945090 0.003173 0.002854 0.001381 0.000073 0.039335 0.008095 1.832408
0.945075 0.003164 0.002881 0.001380 0.000075 0.039331 0.008095 1.832721
0.945029 0.003158 0.002894 0.001372 0.000074 0.039377 0.008095 1.833038
0.945007 0.003158 0.002892 0.001368 0.000075 0.039404 0.008096 1.833349
0.945005 0.003180 0.002901 0.001360 0.000076 0.039381 0.008097 1.833644
0.944968 0.003175 0.002920 0.001371 0.000074 0.039394 0.008098 1.833965
0.944927 0.003174 0.002932 0.001391 0.000076 0.039402 0.008099 1.834294
0.944899 0.003189 0.002942 0.001393 0.000077 0.039401 0.008100 1.834606
0.944872 0.003190 0.002942 0.001381 0.000080 0.039434 0.008100 1.834907
0.944858 0.003188 0.002944 0.001372 0.000083 0.039455 0.008101 1.835207
0.944838 0.003181 0.002950 0.001383 0.000084 0.039462 0.008103 1.835520
0.944804 0.003179 0.002937 0.001377 0.000082 0.039518 0.008103 1.835825
0.944820 0.003155 0.002952 0.001374 0.000084 0.039510 0.008104 1.836136
0.944793 0.003149 0.002982 0.001362 0.000085 0.039524 0.008105 1.836456
0.944761 0.003135 0.002988 0.001361 0.000086 0.039564 0.008105 1.836776
0.944739 0.003131 0.002987 0.001355 0.000086 0.039597 0.008105 1.837083
0.944749 0.003110 0.002979 0.001373 0.000085 0.039598 0.008106 1.837397
0.944745 0.003106 0.002970 0.001377 0.000083 0.039612 0.008107 1.837704
0.944724 0.003115 0.002959 0.001360 0.000085 0.039650 0.008108 1.837998
0.944712 0.003128 0.002965 0.001370 0.000086 0.039632 0.008108 1.838298
0.944715 0.003118 0.002952 0.001371 0.000086 0.039649 0.008109 1.838610
0.944687 0.003143 0.002918 0.001364 0.000086 0.039692 0.008111 1.838908
0.944685 0.003163 0.002916 0.001349 0.000085 0.039691 0.008111 1.839196
0.944675 0.003160 0.002922 0.001339 0.000084 0.039708 0.008112 1.839506
0.944650 0.003137 0.002940 0.001352 0.000083 0.039726 0.008113 1.839837
0.944646 0.003130 0.002963 0.001346 0.000083 0.039718 0.008114 1.840157
0.944641 0.003127 0.002969 0.001343 0.000083 0.039723 0.008115 1.840467
0.944643 0.003138 0.002960 0.001343 0.000083 0.039717 0.008116 1.840761
0.944610 0.003145 0.002978 0.001331 0.000081 0.039737 0.008118 1.841066
0.944577 0.003155 0.002966 0.001354 0.000080 0.039749 0.008120 1.841378
0.944552 0.003171 0.002944 0.001368 0.000079 0.039765 0.008121 1.841677
0.944554 0.003154 0.002959 0.001364 0.000080 0.039766 0.008121 1.841989
0.944539 0.003171 0.002944 0.001354 0.000079 0.039791 0.008122 1.842272
0.944496 0.003187 0.002960 0.001347 0.000079 0.039808 0.008123 1.842592
0.944475 0.003183 0.002965 0.001349 0.000080 0.039824 0.008124 1.842912
0.944488 0.003191 0.002962 0.001353 0.000080 0.039801 0.008126 1.843212
0.944481 0.003173 0.002979 0.001357 0.000079 0.039804 0.008127 1.843529
0.944472 0.003171 0.002966 0.001353 0.000080 0.039830 0.008128 1.843855
0.944438 0.003173 0.002958 0.001375 0.000078 0.039848 0.008129 1.844175
0.944391 0.003197 0.002956 0.001366 0.000079 0.039882 0.008129 1.844481
0.944374 0.003174 0.002946 0.001383 0.000076 0.039916 0.008131 1.844790
0.944377 0.003160 0.002942 0.001381 0.000077 0.039932 0.008132 1.845089
0.944337 0.003173 0.002933 0.001364 0.000078 0.039982 0.008133 1.845382
0.944313 0.003188 0.002938 0.001357 0.000076 0.039995 0.008134 1.845684
0.944302 0.003169 0.002939 0.001361 0.000079 0.040016 0.008134 1.846002
0.944302 0.003159 0.002957 0.001365 0.000079 0.040003 0.008134 1.846310
0.944288 0.003167 0.002939 0.001360 0.000078 0.040033 0.008136 1.846620
0.944283 0.003154 0.002948 0.001350 0.000076 0.040051 0.008138 1.846935
0.944275 0.003162 0.002953 0.001339 0.000077 0.040056 0.008139 1.847234
0.944257 0.003171 0.002936 0.001349 0.000077 0.040071 0.008139 1.847518
0.944227 0.003175 0.002935 0.001354 0.000076 0.040094 0.008140 1.847815
0.944233 0.003175 0.002920 0.001335 0.000077 0.040118 0.008141 1.848116
0.944240 0.003161 0.002905 0.001338 0.000079 0.040137 0.008141 1.848427
0.944268 0.003135 0.002907 0.001352 0.000079 0.040118 0.008142 1.848733
0.944232 0.003133 0.002914 0.001378 0.000078 0.040124 0.008142 1.849053
0.944240 0.003109 0.002898 0.001382 0.000077 0.040150 0.008143 1.849357
0.944230 0.003099 0.002901 0.001390 0.000077 0.040159 0.008144 1.849679
0.944237 0.003104 0.002900 0.001383 0.000074 0.040157 0.008145 1.849983
0.944235 0.003094 0.002884 0.001367 0.000076 0.040197 0.008147 1.850270
0.944245 0.003095 0.002871 0.001343 0.000078 0.040222 0.008147 1.850556
0.944238 0.003109 0.002837 0.001331 0.000080 0.040258 0.008147 1.850849
0.944222 0.003129 0.002843 0.001322 0.000081 0.040255 0.008148 1.851138
0.944218 0.003138 0.002823 0.001335 0.000079 0.040259 0.008149 1.851431
0.944219 0.003135 0.002818 0.001336 0.000077 0.040264 0.008150 1.851728
0.944199 0.003137 0.002812 0.001349 0.000077 0.040275 0.008150 1.852030
0.944198 0.003104 0.002835 0.001338 0.000081 0.040292 0.008152 1.852355
0.944214 0.003086 0.002855 0.001340 0.000080 0.040272 0.008153 1.852675
0.944218 0.003076 0.002845 0.001348 0.000079 0.040279 0.008154 1.852986
0.944219 0.003069 0.002863 0.001354 0.000076 0.040263 0.008155 1.853283
0.944222 0.003057 0.002865 0.001368 0.000075 0.040256 0.008156 1.853590
0.944208 0.003071 0.002874 0.001358 0.000074 0.040255 0.008159 1.853882
0.944214 0.003068 0.002871 0.001347 0.000075 0.040264 0.008160 1.854179
0.944218 0.003071 0.002881 0.001345 0.000074 0.040249 0.008161 1.854467
0.944238 0.003050 0.002872 0.001353 0.000075 0.040250 0.008162 1.854768
0.944234 0.003049 0.002877 0.001352 0.000076 0.040250 0.008162 1.855052
0.944198 0.003068 0.002898 0.001358 0.000077 0.040238 0.008163 1.855364
0.944215 0.003055 0.002911 0.001351 0.000079 0.040225 0.008163 1.855660
0.944226 0.003064 0.002903 0.001341 0.000084 0.040218 0.008163 1.855958
0.944254 0.003050 0.002895 0.001344 0.000082 0.040211 0.008165 1.856265
0.944289 0.003033 0.002909 0.001343 0.000080 0.040180 0.008165 1.856569
0.944266 0.003070 0.002921 0.001317 0.000080 0.040182 0.008166 1.856847
0.944280 0.003053 0.002900 0.001327 0.000077 0.040196 0.008167 1.857140
0.944270 0.003048 0.002891 0.001349 0.000078 0.040196 0.008168 1.857453
0.944268 0.003038 0.002892 0.001345 0.000078 0.040210 0.008170 1.857757
0.944266 0.003025 0.002876 0.001360 0.000080 0.040221 0.008171 1.858070
0.944305 0.003021 0.002866 0.001338 0.000080 0.040218 0.008172 1.858350
0.944331 0.003023 0.002844 0.001338 0.000080 0.040211 0.008173 1.858629
0.944332 0.003001 0.002840 0.001344 0.000081 0.040229 0.008174 1.858944
0.944350 0.002985 0.002845 0.001339 0.000080 0.040226 0.008175 1.859242
0.944354 0.002971 0.002839 0.001358 0.000077 0.040226 0.008175 1.859538
0.944324 0.002980 0.002846 0.001358 0.000078 0.040240 0.008175 1.859829
0.944343 0.002955 0.002842 0.001359 0.000078 0.040247 0.008177 1.860126
0.944343 0.002969 0.002838 0.001362 0.000073 0.040236 0.008178 1.860408
0.944345 0.002972 0.002843 0.001348 0.000074 0.040239 0.008179 1.860706
0.944353 0.002975 0.002827 0.001357 0.000073 0.040234 0.008180 1.860998
0.944379 0.002960 0.002837 0.001363 0.000072 0.040208 0.008181 1.861293
0.944399 0.002943 0.002829 0.001374 0.000069 0.040205 0.008182 1.861589
0.944435 0.002925 0.002821 0.001375 0.000068 0.040194 0.008183 1.861873
0.944425 0.002942 0.002809 0.001362 0.000068 0.040211 0.008184 1.862150
0.944447 0.002915 0.002822 0.001353 0.000069 0.040211 0.008184 1.862448
0.944433 0.002947 0.002818 0.001338 0.000069 0.040211 0.008184 1.862720
0.944444 0.002957 0.002812 0.001326 0.000069 0.040208 0.008185 1.863009
0.944457 0.002956 0.002806 0.001329 0.000069 0.040197 0.008186 1.863305
0.944437 0.002952 0.002832 0.001326 0.000071 0.040195 0.008186 1.863614
0.944459 0.002942 0.002823 0.001337 0.000071 0.040180 0.008187 1.863910
0.944465 0.002956 0.002816 0.001336 0.000070 0.040170 0.008187 1.864195
0.944438 0.002971 0.002805 0.001340 0.000071 0.040187 0.008189 1.864481
0.944456 0.002959 0.002811 0.001330 0.000073 0.040181 0.008190 1.864784
0.944438 0.002970 0.002803 0.001333 0.000072 0.040195 0.008190 1.865068
0.944441 0.002978 0.002809 0.001332 0.000074 0.040174 0.008191 1.865357
0.944440 0.002995 0.002808 0.001319 0.000074 0.040171 0.008193 1.865638
0.944429 0.003018 0.002799 0.001315 0.000071 0.040173 0.008195 1.865926
0.944439 0.003011 0.002798 0.001329 0.000070 0.040157 0.008195 1.866224
0.944436 0.003010 0.002794 0.001318 0.000072 0.040175 0.008196 1.866522
0.944436 0.002995 0.002793 0.001325 0.000069 0.040185 0.008197 1.866827
0.944436 0.002989 0.002799 0.001325 0.000070 0.040184 0.008198 1.867123
0.944456 0.002990 0.002805 0.001322 0.000070 0.040159 0.008199 1.867405
0.944496 0.002974 0.002778 0.001329 0.000071 0.040152 0.008200 1.867702
0.944478 0.003003 0.002764 0.001326 0.000072 0.040157 0.008201 1.867980
0.944484 0.003006 0.002760 0.001334 0.000072 0.040142 0.008202 1.868275
0.944475 0.002991 0.002777 0.001321 0.000073 0.040161 0.008202 1.868578
0.944468 0.002996 0.002763 0.001315 0.000073 0.040180 0.008203 1.868871
0.944462 0.002986 0.002764 0.001309 0.000076 0.040200 0.008204 1.869169
0.944461 0.002979 0.002780 0.001302 0.000079 0.040194 0.008204 1.869466
0.944450 0.002980 0.002765 0.001314 0.000080 0.040206 0.008205 1.869759
0.944407 0.002983 0.002784 0.001318 0.000082 0.040222 0.008205 1.870060
0.944404 0.002995 0.002776 0.001318 0.000084 0.040215 0.008207 1.870345
0.944423 0.002963 0.002795 0.001310 0.000085 0.040216 0.008208 1.870643
