0.348026 0.063897 0.056352 0.032547 0.002070 0.491082 0.006027 1.599122
0.349014 0.062826 0.056276 0.032541 0.002067 0.491225 0.006052 1.605347
0.350499 0.061372 0.056192 0.032416 0.002084 0.491366 0.006071 1.611493
0.352201 0.059970 0.055981 0.032178 0.002099 0.491478 0.006094 1.617354
0.354146 0.058369 0.055834 0.031972 0.002098 0.491457 0.006124 1.623248
0.355962 0.056950 0.055480 0.031682 0.002102 0.491672 0.006151 1.628907
0.358176 0.055503 0.055111 0.031369 0.002110 0.491554 0.006179 1.634365
0.360392 0.054068 0.054713 0.031009 0.002114 0.491499 0.006205 1.639745
0.362780 0.052717 0.054099 0.030650 0.002113 0.491410 0.006232 1.644931
0.365180 0.051432 0.053550 0.030268 0.002116 0.491202 0.006252 1.650000
0.367555 0.050147 0.052932 0.029933 0.002105 0.491046 0.006283 1.655016
0.369950 0.048934 0.052361 0.029517 0.002098 0.490830 0.006311 1.659901
0.372724 0.047645 0.051784 0.029134 0.002099 0.490275 0.006339 1.664738
0.375265 0.046632 0.051117 0.028756 0.002076 0.489790 0.006364 1.669387
0.377934 0.045657 0.050384 0.028327 0.002069 0.489237 0.006393 1.673909
0.380580 0.044712 0.049601 0.027816 0.002077 0.488794 0.006421 1.678325
0.383204 0.043847 0.048879 0.027355 0.002077 0.488198 0.006440 1.682667
0.385878 0.042995 0.048175 0.026972 0.002066 0.487450 0.006465 1.686915
0.388459 0.042225 0.047534 0.026469 0.002048 0.486775 0.006491 1.691081
0.391096 0.041507 0.046807 0.025995 0.002049 0.486029 0.006517 1.695193
0.393851 0.040822 0.046134 0.025591 0.002041 0.485019 0.006541 1.699226
0.396488 0.040329 0.045387 0.025159 0.002028 0.484042 0.006567 1.703088
0.399026 0.039764 0.044753 0.024737 0.002021 0.483104 0.006593 1.707025
0.401649 0.039235 0.044132 0.024378 0.002003 0.481981 0.006623 1.710951
0.404237 0.038845 0.043381 0.023976 0.001990 0.480932 0.006640 1.714660
0.406922 0.038385 0.042771 0.023602 0.001962 0.479686 0.006671 1.718452
0.409786 0.037736 0.042244 0.023273 0.001934 0.478329 0.006698 1.722308
0.412567 0.037293 0.041619 0.022884 0.001906 0.477007 0.006725 1.725973
0.415269 0.036865 0.041064 0.022553 0.001887 0.475611 0.006750 1.729635
0.417851 0.036580 0.040410 0.022187 0.001873 0.474324 0.006775 1.733191
0.420649 0.036255 0.039797 0.021921 0.001851 0.472728 0.006799 1.736705
0.423338 0.036000 0.039219 0.021646 0.001840 0.471128 0.006830 1.740232
0.425920 0.035824 0.038706 0.021333 0.001821 0.469546 0.006850 1.743694
0.428491 0.035485 0.038230 0.021048 0.001817 0.468057 0.006873 1.747238
0.431062 0.035340 0.037770 0.020691 0.001802 0.466440 0.006896 1.750625
0.433650 0.035055 0.037401 0.020444 0.001781 0.464756 0.006914 1.754111
0.436138 0.034839 0.036999 0.020214 0.001764 0.463112 0.006935 1.757584
0.438847 0.034579 0.036642 0.019985 0.001749 0.461244 0.006954 1.761017
0.441376 0.034432 0.036306 0.019809 0.001722 0.459374 0.006981 1.764455
0.443846 0.034284 0.035860 0.019598 0.001706 0.457703 0.007004 1.767874
0.446192 0.034254 0.035434 0.019406 0.001683 0.456004 0.007028 1.771197
0.448635 0.034065 0.035094 0.019202 0.001661 0.454288 0.007054 1.774560
0.451006 0.034027 0.034791 0.019040 0.001632 0.452428 0.007076 1.777868
0.453402 0.034001 0.034430 0.018907 0.001615 0.450549 0.007096 1.781156
0.455932 0.033860 0.034156 0.018726 0.001589 0.448622 0.007116 1.784485
0.458188 0.033872 0.033857 0.018518 0.001587 0.446845 0.007133 1.787763
0.460415 0.033879 0.033539 0.018387 0.001579 0.445047 0.007153 1.791028
0.462747 0.033849 0.033248 0.018274 0.001550 0.443156 0.007175 1.794330
0.465011 0.033974 0.032957 0.018089 0.001531 0.441244 0.007194 1.797579
0.467246 0.033869 0.032822 0.017970 0.001512 0.439368 0.007214 1.800953
0.469469 0.033779 0.032644 0.017872 0.001485 0.437515 0.007235 1.804307
0.471605 0.033845 0.032436 0.017780 0.001488 0.435600 0.007248 1.807572
0.473639 0.033912 0.032270 0.017724 0.001464 0.433717 0.007275 1.810897
0.475563 0.034000 0.032143 0.017641 0.001455 0.431903 0.007295 1.814233
0.477444 0.034003 0.031993 0.017634 0.001437 0.430175 0.007313 1.817597
0.479479 0.034009 0.031882 0.017544 0.001433 0.428328 0.007326 1.820977
0.481543 0.033940 0.031719 0.017504 0.001426 0.426523 0.007345 1.824343
0.483430 0.033981 0.031570 0.017439 0.001419 0.424795 0.007366 1.827699
0.485328 0.034015 0.031494 0.017371 0.001403 0.423004 0.007386 1.831048
0.487183 0.034037 0.031437 0.017321 0.001399 0.421215 0.007408 1.834456
0.489008 0.034106 0.031396 0.017292 0.001392 0.419380 0.007428 1.837819
0.490685 0.034278 0.031323 0.017207 0.001384 0.417677 0.007447 1.841151
0.492380 0.034452 0.031217 0.017129 0.001376 0.415983 0.007462 1.844453
0.494116 0.034564 0.031133 0.017068 0.001361 0.414271 0.007487 1.847810
0.495745 0.034713 0.031053 0.017044 0.001351 0.412595 0.007501 1.851141
0.497383 0.034790 0.031033 0.017043 0.001337 0.410899 0.007516 1.854575
0.499005 0.034837 0.030999 0.017123 0.001323 0.409182 0.007531 1.858024
0.500533 0.035142 0.030965 0.017086 0.001317 0.407410 0.007549 1.861331
0.502106 0.035246 0.030944 0.017097 0.001308 0.405732 0.007567 1.864751
0.503585 0.035401 0.030933 0.017160 0.001294 0.404046 0.007582 1.868221
0.504987 0.035577 0.031010 0.017140 0.001287 0.402403 0.007597 1.871660
0.506428 0.035596 0.031008 0.017216 0.001279 0.400857 0.007615 1.875180
0.507879 0.035677 0.031009 0.017242 0.001278 0.399282 0.007632 1.878707
0.509297 0.035741 0.031091 0.017261 0.001283 0.397684 0.007645 1.882261
0.510628 0.035905 0.031092 0.017281 0.001271 0.396160 0.007663 1.885767
0.512117 0.035984 0.031136 0.017300 0.001263 0.394522 0.007679 1.889284
0.513414 0.036119 0.031187 0.017340 0.001252 0.392990 0.007698 1.892829
0.514663 0.036215 0.031226 0.017385 0.001246 0.391550 0.007715 1.896370
0.515791 0.036397 0.031290 0.017349 0.001240 0.390203 0.007731 1.899888
0.516835 0.036609 0.031315 0.017365 0.001238 0.388889 0.007748 1.903475
0.517940 0.036777 0.031393 0.017416 0.001232 0.387474 0.007769 1.907067
0.519099 0.036802 0.031520 0.017453 0.001219 0.386121 0.007787 1.910723
0.520126 0.037066 0.031559 0.017520 0.001217 0.384712 0.007800 1.914267
0.521040 0.037327 0.031606 0.017560 0.001227 0.383431 0.007810 1.917865
0.522048 0.037484 0.031717 0.017607 0.001215 0.382102 0.007828 1.921524
0.522961 0.037671 0.031827 0.017636 0.001213 0.380847 0.007845 1.925195
0.523834 0.037825 0.031889 0.017754 0.001210 0.379629 0.007859 1.928932
0.524709 0.038047 0.032028 0.017793 0.001215 0.378336 0.007874 1.932653
0.525526 0.038246 0.032129 0.017916 0.001209 0.377090 0.007885 1.936411
0.526350 0.038358 0.032238 0.017907 0.001218 0.376033 0.007897 1.940156
0.527111 0.038477 0.032352 0.018088 0.001212 0.374847 0.007913 1.943986
0.527863 0.038633 0.032534 0.018161 0.001214 0.373667 0.007928 1.947798
0.528561 0.038893 0.032582 0.018174 0.001206 0.372636 0.007948 1.951525
0.529323 0.038978 0.032721 0.018218 0.001201 0.371593 0.007966 1.955359
0.529883 0.039157 0.032866 0.018259 0.001203 0.370653 0.007980 1.959219
0.530458 0.039287 0.033081 0.018332 0.001197 0.369647 0.007998 1.963112
0.531115 0.039433 0.033199 0.018342 0.001194 0.368699 0.008018 1.966946
0.531658 0.039600 0.033378 0.018385 0.001191 0.367760 0.008029 1.970853
0.532199 0.039823 0.033463 0.018430 0.001184 0.366854 0.008046 1.974684
0.532680 0.040089 0.033596 0.018460 0.001186 0.365930 0.008060 1.978542
0.533107 0.040391 0.033678 0.018547 0.001187 0.365015 0.008074 1.982420
0.533500 0.040547 0.033841 0.018642 0.001187 0.364192 0.008093 1.986389
0.533980 0.040750 0.034042 0.018649 0.001187 0.363282 0.008109 1.990354
0.534330 0.040959 0.034251 0.018749 0.001188 0.362403 0.008120 1.994327
0.534676 0.041102 0.034394 0.018816 0.001192 0.361683 0.008136 1.998391
0.534959 0.041219 0.034611 0.018924 0.001197 0.360943 0.008147 2.002473
0.535179 0.041369 0.034776 0.019042 0.001189 0.360280 0.008167 2.006582
0.535439 0.041541 0.034946 0.019120 0.001182 0.359589 0.008183 2.010641
0.535705 0.041711 0.035095 0.019130 0.001192 0.358968 0.008200 2.014694
0.536031 0.041785 0.035225 0.019203 0.001190 0.358352 0.008213 2.018778
0.536355 0.041829 0.035389 0.019301 0.001194 0.357708 0.008226 2.022933
0.536601 0.041984 0.035476 0.019349 0.001189 0.357161 0.008239 2.027017
0.536747 0.042058 0.035625 0.019482 0.001192 0.356642 0.008254 2.031213
0.536908 0.042192 0.035718 0.019611 0.001194 0.356107 0.008270 2.035347
0.537117 0.042347 0.035785 0.019667 0.001196 0.355601 0.008287 2.039463
0.537298 0.042429 0.035896 0.019738 0.001194 0.355144 0.008301 2.043676
0.537473 0.042498 0.036034 0.019830 0.001209 0.354644 0.008314 2.047862
0.537690 0.042582 0.036177 0.019863 0.001203 0.354151 0.008335 2.051995
0.537805 0.042744 0.036276 0.019969 0.001205 0.353650 0.008350 2.056152
0.537891 0.042837 0.036388 0.019943 0.001206 0.353372 0.008364 2.060345
0.538014 0.042926 0.036478 0.020050 0.001197 0.352952 0.008383 2.064589
0.538197 0.042883 0.036614 0.020086 0.001206 0.352621 0.008395 2.068832
0.538352 0.042899 0.036707 0.020208 0.001207 0.352214 0.008413 2.073102
0.538454 0.043001 0.036817 0.020243 0.001204 0.351849 0.008432 2.077292
0.538635 0.043007 0.036928 0.020346 0.001204 0.351434 0.008446 2.081586
0.538747 0.043148 0.037022 0.020298 0.001215 0.351111 0.008459 2.085757
0.538775 0.043189 0.037102 0.020327 0.001215 0.350914 0.008480 2.090008
0.538829 0.043333 0.037167 0.020418 0.001215 0.350542 0.008495 2.094230
0.538938 0.043419 0.037280 0.020438 0.001229 0.350187 0.008509 2.098462
0.539107 0.043544 0.037352 0.020483 0.001236 0.349753 0.008526 2.102670
0.538996 0.043773 0.037411 0.020504 0.001234 0.349536 0.008545 2.106915
0.538872 0.043917 0.037455 0.020550 0.001237 0.349406 0.008563 2.111192
0.538945 0.043865 0.037512 0.020670 0.001237 0.349195 0.008576 2.115502
0.539002 0.043877 0.037557 0.020702 0.001235 0.349031 0.008596 2.119814
0.539015 0.043962 0.037625 0.020680 0.001232 0.348872 0.008614 2.124054
0.538962 0.043986 0.037695 0.020772 0.001241 0.348713 0.008629 2.128394
0.538970 0.043997 0.037770 0.020820 0.001236 0.348561 0.008646 2.132754
0.538904 0.044064 0.037814 0.020897 0.001249 0.348409 0.008662 2.137036
0.538973 0.044068 0.037844 0.020936 0.001246 0.348252 0.008681 2.141343
0.539013 0.044075 0.037918 0.020987 0.001259 0.348051 0.008697 2.145644
0.538972 0.044156 0.037966 0.020997 0.001242 0.347953 0.008713 2.149941
0.538943 0.044268 0.038029 0.021005 0.001249 0.347778 0.008728 2.154218
0.538972 0.044308 0.038094 0.021042 0.001256 0.347584 0.008743 2.158528
0.539016 0.044256 0.038250 0.021057 0.001260 0.347403 0.008757 2.162861
0.539064 0.044159 0.038283 0.021038 0.001264 0.347418 0.008774 2.167225
0.539018 0.044160 0.038340 0.021012 0.001264 0.347415 0.008789 2.171560
0.539031 0.044250 0.038419 0.021048 0.001252 0.347193 0.008807 2.175876
0.539089 0.044275 0.038418 0.021035 0.001258 0.347102 0.008823 2.180145
0.539187 0.044262 0.038443 0.021078 0.001268 0.346927 0.008837 2.184458
0.539221 0.044262 0.038494 0.021074 0.001267 0.346828 0.008853 2.188779
0.539281 0.044193 0.038613 0.021089 0.001272 0.346685 0.008869 2.193148
0.539421 0.044094 0.038665 0.021103 0.001283 0.346548 0.008887 2.197479
0.539365 0.044112 0.038706 0.021138 0.001289 0.346483 0.008906 2.201835
0.539280 0.044107 0.038783 0.021164 0.001297 0.346451 0.008917 2.206211
0.539211 0.044114 0.038852 0.021172 0.001298 0.346421 0.008934 2.210564
0.539285 0.044082 0.038818 0.021219 0.001299 0.346350 0.008948 2.214846
0.539362 0.044012 0.038913 0.021229 0.001300 0.346218 0.008965 2.219262
0.539430 0.044036 0.038965 0.021156 0.001284 0.346146 0.008982 2.223542
0.539466 0.043950 0.038948 0.021160 0.001288 0.346187 0.009001 2.227884
0.539585 0.043894 0.038889 0.021219 0.001297 0.346105 0.009012 2.232193
0.539527 0.043971 0.038934 0.021233 0.001304 0.346008 0.009025 2.236505
0.539475 0.044068 0.038999 0.021225 0.001300 0.345887 0.009045 2.240768
0.539515 0.043867 0.039069 0.021295 0.001303 0.345885 0.009066 2.245189
0.539519 0.043909 0.038990 0.021303 0.001298 0.345896 0.009085 2.249450
0.539561 0.043992 0.038904 0.021325 0.001305 0.345811 0.009102 2.253640
0.539597 0.043923 0.038994 0.021361 0.001310 0.345693 0.009122 2.257987
0.539783 0.043823 0.038973 0.021327 0.001322 0.345636 0.009137 2.262286
0.539920 0.043674 0.038992 0.021272 0.001330 0.345656 0.009155 2.266592
0.540007 0.043637 0.038988 0.021236 0.001334 0.345626 0.009172 2.270874
0.540050 0.043565 0.039023 0.021175 0.001347 0.345656 0.009184 2.275195
0.540200 0.043466 0.038992 0.021180 0.001348 0.345611 0.009203 2.279506
0.540282 0.043412 0.038910 0.021163 0.001361 0.345654 0.009219 2.283752
0.540350 0.043322 0.038910 0.021124 0.001353 0.345707 0.009234 2.288026
0.540467 0.043351 0.038827 0.021158 0.001352 0.345596 0.009250 2.292213
0.540469 0.043377 0.038764 0.021139 0.001342 0.345637 0.009271 2.296437
0.540750 0.043284 0.038710 0.021122 0.001343 0.345501 0.009291 2.300634
0.540799 0.043275 0.038683 0.021085 0.001353 0.345501 0.009305 2.304881
0.541006 0.043225 0.038622 0.021044 0.001357 0.345425 0.009322 2.309085
0.541048 0.043125 0.038705 0.021057 0.001367 0.345361 0.009338 2.313415
0.541210 0.043063 0.038655 0.021088 0.001373 0.345259 0.009353 2.317672
0.541310 0.042982 0.038644 0.021097 0.001374 0.345225 0.009370 2.321934
0.541436 0.043053 0.038606 0.021047 0.001369 0.345100 0.009390 2.326065
0.541632 0.043057 0.038610 0.021019 0.001358 0.344916 0.009409 2.330273
0.541843 0.042993 0.038548 0.020914 0.001366 0.344911 0.009425 2.334428
0.542096 0.042813 0.038561 0.020933 0.001369 0.344784 0.009443 2.338684
0.542343 0.042690 0.038546 0.020923 0.001370 0.344673 0.009455 2.342902
0.542408 0.042748 0.038440 0.020895 0.001366 0.344670 0.009474 2.347053
0.542475 0.042642 0.038531 0.020852 0.001368 0.344642 0.009490 2.351340
0.542682 0.042506 0.038545 0.020868 0.001350 0.344538 0.009510 2.355561
0.542811 0.042405 0.038471 0.020860 0.001343 0.344584 0.009527 2.359805
0.543012 0.042235 0.038409 0.020861 0.001343 0.344598 0.009543 2.364048
0.543306 0.042153 0.038315 0.020854 0.001340 0.344469 0.009563 2.368180
0.543487 0.042142 0.038321 0.020808 0.001341 0.344320 0.009582 2.372332
0.543638 0.042115 0.038324 0.020821 0.001331 0.344175 0.009597 2.376532
0.543858 0.042047 0.038247 0.020798 0.001330 0.344108 0.009613 2.380696
0.544091 0.042034 0.038122 0.020755 0.001332 0.344039 0.009626 2.384805
0.544495 0.041916 0.038039 0.020732 0.001337 0.343842 0.009638 2.388927
0.544693 0.041968 0.037927 0.020731 0.001331 0.343691 0.009659 2.393003
0.544814 0.041986 0.037870 0.020636 0.001333 0.343683 0.009678 2.397112
0.544970 0.042046 0.037858 0.020570 0.001336 0.343527 0.009693 2.401183
0.545167 0.042026 0.037833 0.020535 0.001347 0.343386 0.009706 2.405307
0.545342 0.042060 0.037808 0.020533 0.001346 0.343193 0.009718 2.409424
0.545673 0.042020 0.037762 0.020491 0.001333 0.342982 0.009737 2.413464
0.545950 0.041904 0.037782 0.020503 0.001332 0.342778 0.009752 2.417637
0.546082 0.041932 0.037737 0.020460 0.001339 0.342685 0.009765 2.421724
0.546193 0.041914 0.037766 0.020416 0.001332 0.342599 0.009781 2.425862
0.546365 0.041928 0.037731 0.020383 0.001322 0.342465 0.009807 2.429942
0.546607 0.041849 0.037712 0.020372 0.001323 0.342313 0.009825 2.434056
0.546724 0.041840 0.037721 0.020362 0.001322 0.342193 0.009839 2.438188
0.546879 0.041797 0.037735 0.020324 0.001336 0.342077 0.009853 2.442326
0.547076 0.041669 0.037760 0.020388 0.001338 0.341902 0.009867 2.446474
0.547164 0.041772 0.037656 0.020422 0.001341 0.341762 0.009883 2.450519
0.547405 0.041748 0.037577 0.020400 0.001349 0.341621 0.009901 2.454594
0.547635 0.041691 0.037569 0.020360 0.001346 0.341486 0.009913 2.458700
0.547911 0.041619 0.037528 0.020408 0.001331 0.341273 0.009930 2.462803
0.548058 0.041596 0.037503 0.020346 0.001324 0.341225 0.009949 2.466872
0.548281 0.041571 0.037461 0.020341 0.001324 0.341062 0.009960 2.470932
0.548467 0.041612 0.037516 0.020363 0.001330 0.340741 0.009972 2.475003
0.548670 0.041606 0.037457 0.020380 0.001328 0.340570 0.009990 2.479066
0.548885 0.041561 0.037437 0.020290 0.001347 0.340475 0.010006 2.483171
0.549072 0.041577 0.037456 0.020268 0.001342 0.340262 0.010023 2.487248
0.549331 0.041553 0.037405 0.020243 0.001336 0.340093 0.010038 2.491303
0.549442 0.041536 0.037373 0.020243 0.001338 0.340012 0.010056 2.495409
0.549644 0.041506 0.037393 0.020244 0.001339 0.339801 0.010073 2.499516
0.549832 0.041504 0.037320 0.020207 0.001334 0.339710 0.010091 2.503538
0.550049 0.041479 0.037302 0.020260 0.001333 0.339470 0.010107 2.507665
0.550183 0.041571 0.037242 0.020228 0.001344 0.339312 0.010120 2.511712
0.550329 0.041488 0.037201 0.020204 0.001342 0.339293 0.010144 2.515807
0.550507 0.041404 0.037193 0.020232 0.001340 0.339164 0.010162 2.519924
0.550648 0.041493 0.037124 0.020186 0.001343 0.339026 0.010179 2.523930
0.550843 0.041533 0.037069 0.020126 0.001338 0.338894 0.010198 2.527989
0.550926 0.041525 0.037163 0.020163 0.001335 0.338679 0.010209 2.532130
0.551040 0.041455 0.037103 0.020186 0.001337 0.338656 0.010224 2.536261
0.551220 0.041511 0.037105 0.020188 0.001331 0.338404 0.010239 2.540318
0.551416 0.041431 0.037170 0.020162 0.001316 0.338245 0.010262 2.544448
0.551589 0.041412 0.037161 0.020118 0.001319 0.338121 0.010279 2.548528
0.551734 0.041431 0.037084 0.020102 0.001309 0.338039 0.010300 2.552568
0.552041 0.041315 0.037146 0.020156 0.001310 0.337716 0.010316 2.556676
0.552199 0.041359 0.037147 0.020125 0.001310 0.337529 0.010332 2.560699
0.552335 0.041437 0.037086 0.020099 0.001311 0.337383 0.010348 2.564747
0.552412 0.041406 0.037063 0.020118 0.001311 0.337327 0.010364 2.568844
0.552471 0.041459 0.036995 0.020128 0.001320 0.337248 0.010379 2.572903
0.552529 0.041534 0.036992 0.020161 0.001318 0.337075 0.010393 2.576986
0.552540 0.041533 0.037066 0.020157 0.001322 0.336980 0.010403 2.581066
0.552692 0.041611 0.037042 0.020141 0.001317 0.336780 0.010417 2.585056
0.552796 0.041543 0.037057 0.020136 0.001311 0.336721 0.010436 2.589221
0.552998 0.041410 0.037133 0.020148 0.001304 0.336553 0.010455 2.593404
0.553067 0.041415 0.037121 0.020157 0.001294 0.336479 0.010467 2.597463
0.553195 0.041436 0.037106 0.020138 0.001289 0.336355 0.010482 2.601551
0.553368 0.041384 0.037097 0.020189 0.001283 0.336181 0.010498 2.605656
0.553444 0.041386 0.037145 0.020226 0.001293 0.335991 0.010516 2.609755
0.553584 0.041440 0.037045 0.020236 0.001291 0.335874 0.010531 2.613771
0.553499 0.041687 0.036976 0.020188 0.001279 0.335825 0.010546 2.617738
0.553650 0.041796 0.036963 0.020184 0.001279 0.335565 0.010563 2.621795
0.553665 0.041818 0.036970 0.020194 0.001278 0.335494 0.010581 2.625881
0.553789 0.041814 0.036956 0.020187 0.001278 0.335379 0.010598 2.629973
0.553818 0.041798 0.036991 0.020197 0.001280 0.335294 0.010621 2.634123
0.553971 0.041828 0.037002 0.020209 0.001284 0.335070 0.010636 2.638198
0.554073 0.041808 0.037002 0.020254 0.001279 0.334931 0.010654 2.642360
0.554192 0.041727 0.037060 0.020233 0.001280 0.334841 0.010669 2.646502
0.554195 0.041856 0.036998 0.020149 0.001292 0.334828 0.010682 2.650584
0.554156 0.041904 0.036981 0.020154 0.001287 0.334819 0.010698 2.654690
0.554182 0.041882 0.036954 0.020191 0.001288 0.334792 0.010712 2.658821
0.554253 0.041842 0.037045 0.020185 0.001288 0.334663 0.010726 2.662963
0.554279 0.041799 0.037097 0.020225 0.001273 0.334582 0.010746 2.667110
0.554382 0.041806 0.037060 0.020214 0.001270 0.334509 0.010761 2.671215
0.554432 0.041852 0.037082 0.020141 0.001275 0.334440 0.010779 2.675302
0.554402 0.041918 0.037058 0.020142 0.001273 0.334413 0.010795 2.679382
0.554472 0.041911 0.037048 0.020132 0.001272 0.334352 0.010814 2.683505
0.554512 0.041894 0.037061 0.020127 0.001279 0.334298 0.010829 2.687641
0.554586 0.041901 0.037041 0.020160 0.001284 0.334185 0.010842 2.691710
0.554556 0.041953 0.037032 0.020136 0.001272 0.334191 0.010861 2.695777
0.554679 0.042017 0.037041 0.020120 0.001284 0.333985 0.010876 2.699826
0.554732 0.042080 0.037074 0.020111 0.001290 0.333819 0.010894 2.703931
0.554750 0.042166 0.037092 0.020124 0.001295 0.333662 0.010913 2.707993
0.554872 0.042130 0.037057 0.020127 0.001284 0.333605 0.010926 2.712082
0.554986 0.042195 0.037025 0.020085 0.001286 0.333479 0.010945 2.716099
0.554915 0.042326 0.037049 0.020172 0.001282 0.333297 0.010960 2.720221
0.554826 0.042382 0.037049 0.020176 0.001281 0.333309 0.010976 2.724341
0.554765 0.042366 0.037168 0.020224 0.001285 0.333200 0.010991 2.728531
0.554732 0.042457 0.037229 0.020294 0.001296 0.332986 0.011007 2.732718
0.554773 0.042448 0.037271 0.020379 0.001288 0.332813 0.011028 2.736883
0.554671 0.042532 0.037319 0.020381 0.001286 0.332764 0.011046 2.741036
0.554736 0.042482 0.037398 0.020419 0.001293 0.332610 0.011062 2.745203
0.554761 0.042553 0.037326 0.020325 0.001288 0.332671 0.011076 2.749241
0.554705 0.042572 0.037379 0.020282 0.001297 0.332672 0.011092 2.753403
0.554642 0.042568 0.037411 0.020328 0.001311 0.332639 0.011103 2.757661
0.554725 0.042496 0.037412 0.020392 0.001308 0.332545 0.011123 2.761811
0.554788 0.042505 0.037378 0.020364 0.001300 0.332523 0.011142 2.765913
0.554703 0.042592 0.037380 0.020365 0.001300 0.332499 0.011161 2.770051
0.554709 0.042550 0.037424 0.020418 0.001298 0.332421 0.011180 2.774252
0.554713 0.042588 0.037477 0.020418 0.001309 0.332302 0.011193 2.778382
0.554681 0.042693 0.037418 0.020424 0.001309 0.332263 0.011211 2.782451
0.554547 0.042778 0.037522 0.020449 0.001313 0.332168 0.011222 2.786662
0.554456 0.042762 0.037512 0.020515 0.001312 0.332204 0.011240 2.790870
0.554404 0.042795 0.037576 0.020450 0.001326 0.332198 0.011252 2.795051
0.554397 0.042692 0.037678 0.020484 0.001324 0.332152 0.011272 2.799288
0.554306 0.042895 0.037620 0.020409 0.001326 0.332159 0.011287 2.803357
0.554259 0.042858 0.037726 0.020444 0.001317 0.332095 0.011302 2.807575
0.554133 0.042913 0.037660 0.020490 0.001319 0.332169 0.011317 2.811757
0.554170 0.042938 0.037593 0.020492 0.001324 0.332152 0.011331 2.815906
0.554221 0.042869 0.037693 0.020504 0.001332 0.332036 0.011344 2.820111
0.554241 0.042867 0.037696 0.020542 0.001328 0.331966 0.011361 2.824276
0.554238 0.042777 0.037734 0.020580 0.001326 0.331966 0.011377 2.828534
0.554211 0.042694 0.037813 0.020617 0.001334 0.331938 0.011393 2.832783
0.554236 0.042670 0.037834 0.020622 0.001343 0.331884 0.011410 2.836984
0.554236 0.042656 0.037819 0.020583 0.001359 0.331927 0.011421 2.841142
0.554152 0.042742 0.037889 0.020547 0.001354 0.331883 0.011433 2.845292
0.554187 0.042686 0.037956 0.020566 0.001347 0.331806 0.011452 2.849492
0.554204 0.042717 0.038007 0.020515 0.001357 0.331731 0.011469 2.853634
0.554206 0.042603 0.038064 0.020581 0.001365 0.331701 0.011480 2.857911
0.554119 0.042768 0.038009 0.020562 0.001361 0.331688 0.011492 2.862049
0.554058 0.042785 0.038085 0.020508 0.001352 0.331699 0.011512 2.866196
0.553949 0.042825 0.037991 0.020537 0.001348 0.331814 0.011536 2.870337
0.553960 0.042724 0.037972 0.020608 0.001342 0.331843 0.011551 2.874556
0.554127 0.042575 0.037948 0.020641 0.001344 0.331794 0.011571 2.878800
0.554121 0.042585 0.037995 0.020660 0.001349 0.331701 0.011589 2.882976
0.554043 0.042683 0.037963 0.020604 0.001348 0.331753 0.011606 2.887046
0.554018 0.042654 0.037936 0.020546 0.001344 0.331882 0.011621 2.891166
0.553949 0.042618 0.037987 0.020582 0.001350 0.331877 0.011637 2.895387
0.553863 0.042572 0.038066 0.020553 0.001337 0.331951 0.011660 2.899617
0.553817 0.042598 0.038029 0.020559 0.001340 0.331983 0.011674 2.903711
0.553803 0.042640 0.037969 0.020540 0.001351 0.332005 0.011692 2.907846
0.553833 0.042577 0.038041 0.020568 0.001344 0.331924 0.011713 2.912090
0.553870 0.042521 0.038058 0.020552 0.001343 0.331927 0.011730 2.916249
0.553912 0.042456 0.038139 0.020482 0.001353 0.331909 0.011749 2.920438
0.553885 0.042443 0.038087 0.020538 0.001355 0.331930 0.011762 2.924670
0.553864 0.042447 0.038042 0.020527 0.001352 0.331990 0.011778 2.928829
0.553786 0.042545 0.037957 0.020452 0.001348 0.332116 0.011797 2.932951
0.553872 0.042515 0.037900 0.020394 0.001346 0.332156 0.011817 2.937086
0.553948 0.042493 0.037893 0.020392 0.001349 0.332094 0.011833 2.941280
0.553865 0.042589 0.037827 0.020406 0.001345 0.332118 0.011850 2.945413
0.553960 0.042588 0.037857 0.020402 0.001342 0.331983 0.011869 2.949548
0.553899 0.042619 0.037875 0.020398 0.001327 0.331995 0.011887 2.953692
0.553917 0.042533 0.037960 0.020445 0.001315 0.331922 0.011907 2.957919
0.553978 0.042508 0.037951 0.020450 0.001316 0.331869 0.011929 2.962088
0.553986 0.042417 0.037953 0.020454 0.001310 0.331931 0.011950 2.966327
0.553825 0.042612 0.037947 0.020451 0.001306 0.331888 0.011972 2.970437
0.553802 0.042551 0.038016 0.020471 0.001298 0.331872 0.011991 2.974685
0.553646 0.042601 0.038012 0.020463 0.001303 0.331970 0.012005 2.978852
0.553514 0.042648 0.038062 0.020498 0.001297 0.331960 0.012022 2.983064
0.553426 0.042679 0.038042 0.020522 0.001286 0.332010 0.012035 2.987207
0.553378 0.042699 0.038094 0.020471 0.001291 0.332013 0.012053 2.991377
0.553247 0.042698 0.038108 0.020503 0.001290 0.332086 0.012067 2.995593
0.553167 0.042750 0.038125 0.020499 0.001296 0.332081 0.012083 2.999749
0.553080 0.042771 0.038061 0.020524 0.001295 0.332167 0.012102 3.003918
0.553099 0.042763 0.037997 0.020534 0.001294 0.332197 0.012117 3.008093
0.553082 0.042739 0.037980 0.020585 0.001284 0.332188 0.012141 3.012269
0.553072 0.042742 0.037980 0.020590 0.001287 0.332174 0.012156 3.016419
0.553095 0.042752 0.037954 0.020526 0.001288 0.332217 0.012169 3.020594
0.553110 0.042705 0.037952 0.020498 0.001304 0.332246 0.012186 3.024821
0.553177 0.042586 0.038074 0.020573 0.001307 0.332076 0.012208 3.029123
0.553259 0.042440 0.038186 0.020620 0.001309 0.331960 0.012226 3.033392
0.553233 0.042391 0.038251 0.020631 0.001297 0.331947 0.012250 3.037596
0.553301 0.042374 0.038312 0.020611 0.001293 0.331844 0.012264 3.041770
0.553299 0.042397 0.038223 0.020624 0.001304 0.331878 0.012275 3.045909
0.553167 0.042397 0.038281 0.020595 0.001298 0.331972 0.012290 3.050096
0.553183 0.042348 0.038263 0.020547 0.001292 0.332057 0.012310 3.054292
0.553164 0.042431 0.038187 0.020510 0.001285 0.332095 0.012327 3.058436
0.553187 0.042442 0.038082 0.020603 0.001283 0.332060 0.012343 3.062565
0.553207 0.042406 0.038116 0.020645 0.001280 0.331987 0.012360 3.066755
0.553181 0.042379 0.038032 0.020656 0.001273 0.332103 0.012377 3.070921
0.553124 0.042383 0.037973 0.020617 0.001274 0.332229 0.012400 3.075048
0.553080 0.042353 0.037870 0.020623 0.001268 0.332391 0.012415 3.079183
0.553150 0.042291 0.037834 0.020657 0.001273 0.332366 0.012430 3.083347
0.553157 0.042349 0.037793 0.020624 0.001271 0.332361 0.012446 3.087459
0.553156 0.042312 0.037753 0.020614 0.001268 0.332430 0.012468 3.091580
0.553076 0.042359 0.037718 0.020609 0.001265 0.332489 0.012484 3.095684
0.553212 0.042291 0.037771 0.020609 0.001256 0.332352 0.012508 3.099856
0.553299 0.042260 0.037694 0.020557 0.001262 0.332408 0.012522 3.103928
0.553361 0.042289 0.037810 0.020498 0.001272 0.332233 0.012536 3.108020
0.553342 0.042322 0.037739 0.020528 0.001269 0.332245 0.012555 3.112172
0.553400 0.042225 0.037770 0.020565 0.001265 0.332200 0.012574 3.116333
0.553440 0.042181 0.037819 0.020537 0.001274 0.332166 0.012585 3.120508
0.553582 0.042043 0.037813 0.020563 0.001278 0.332126 0.012594 3.124719
0.553739 0.041977 0.037744 0.020557 0.001276 0.332093 0.012615 3.128824
0.553836 0.041935 0.037647 0.020612 0.001281 0.332058 0.012631 3.132934
0.553906 0.041906 0.037593 0.020576 0.001283 0.332090 0.012647 3.137029
0.553959 0.041802 0.037649 0.020530 0.001277 0.332119 0.012664 3.141214
0.554135 0.041670 0.037612 0.020546 0.001273 0.332082 0.012683 3.145325
0.554227 0.041739 0.037530 0.020518 0.001271 0.332017 0.012698 3.149356
0.554282 0.041711 0.037560 0.020516 0.001273 0.331943 0.012715 3.153464
0.554413 0.041686 0.037485 0.020531 0.001283 0.331874 0.012729 3.157560
0.554562 0.041548 0.037498 0.020460 0.001281 0.331902 0.012749 3.161690
0.554551 0.041630 0.037416 0.020507 0.001279 0.331852 0.012764 3.165799
0.554681 0.041531 0.037303 0.020478 0.001275 0.331955 0.012776 3.169876
0.554707 0.041512 0.037263 0.020490 0.001284 0.331956 0.012790 3.173971
0.554866 0.041482 0.037229 0.020465 0.001284 0.331871 0.012805 3.178011
0.554868 0.041583 0.037234 0.020460 0.001279 0.331752 0.012824 3.182083
0.555042 0.041594 0.037187 0.020409 0.001277 0.331651 0.012840 3.186097
0.555182 0.041537 0.037208 0.020432 0.001291 0.331491 0.012860 3.190188
0.555322 0.041392 0.037215 0.020475 0.001295 0.331424 0.012878 3.194362
0.555402 0.041452 0.037179 0.020397 0.001314 0.331366 0.012891 3.198409
0.555521 0.041411 0.037256 0.020345 0.001311 0.331251 0.012906 3.202503
0.555621 0.041245 0.037251 0.020378 0.001298 0.331282 0.012926 3.206669
0.555585 0.041285 0.037157 0.020370 0.001287 0.331372 0.012944 3.210754
0.555779 0.041201 0.037072 0.020380 0.001292 0.331316 0.012960 3.214886
0.556023 0.041060 0.037067 0.020376 0.001298 0.331203 0.012973 3.218988
0.556211 0.041115 0.036982 0.020329 0.001302 0.331073 0.012990 3.222969
0.556234 0.041148 0.036883 0.020290 0.001293 0.331147 0.013006 3.226997
0.556363 0.041170 0.036798 0.020216 0.001292 0.331137 0.013024 3.230979
0.556485 0.041181 0.036804 0.020153 0.001287 0.331049 0.013042 3.235083
0.556512 0.041205 0.036684 0.020145 0.001279 0.331109 0.013067 3.239085
0.556551 0.041162 0.036726 0.020189 0.001281 0.331009 0.013082 3.243217
0.556584 0.041119 0.036728 0.020134 0.001293 0.331047 0.013096 3.247332
0.556566 0.041232 0.036768 0.020125 0.001299 0.330902 0.013110 3.251385
0.556561 0.041288 0.036818 0.020109 0.001301 0.330799 0.013125 3.255464
0.556620 0.041347 0.036889 0.020091 0.001309 0.330609 0.013135 3.259523
0.556657 0.041441 0.036890 0.020038 0.001309 0.330512 0.013152 3.263545
0.556684 0.041419 0.036918 0.020069 0.001305 0.330433 0.013171 3.267626
0.556757 0.041452 0.036937 0.020031 0.001308 0.330321 0.013193 3.271673
0.556833 0.041466 0.036957 0.020024 0.001318 0.330195 0.013207 3.275709
0.556824 0.041479 0.036944 0.020028 0.001321 0.330182 0.013221 3.279808
0.556900 0.041433 0.036991 0.020019 0.001317 0.330099 0.013241 3.283921
0.556913 0.041543 0.036958 0.019993 0.001307 0.330027 0.013260 3.287973
0.556971 0.041664 0.036900 0.019990 0.001308 0.329891 0.013276 3.291976
0.556987 0.041690 0.036909 0.020036 0.001306 0.329782 0.013291 3.296102
0.557106 0.041645 0.036851 0.020030 0.001302 0.329760 0.013307 3.300214
0.557040 0.041728 0.036761 0.020029 0.001311 0.329806 0.013324 3.304282
0.556972 0.041820 0.036812 0.020039 0.001309 0.329702 0.013346 3.308366
0.556992 0.041817 0.036760 0.020119 0.001306 0.329645 0.013359 3.312474
0.557154 0.041836 0.036790 0.020112 0.001320 0.329416 0.013372 3.316550
0.557146 0.041875 0.036746 0.020125 0.001320 0.329397 0.013391 3.320571
0.557119 0.041883 0.036773 0.020160 0.001329 0.329332 0.013404 3.324720
0.557169 0.041936 0.036755 0.020116 0.001327 0.329282 0.013416 3.328756
0.557161 0.042030 0.036716 0.020152 0.001324 0.329185 0.013434 3.332818
0.557205 0.041932 0.036865 0.020191 0.001323 0.329036 0.013448 3.337001
0.557225 0.041968 0.036907 0.020174 0.001316 0.328946 0.013465 3.341098
0.557178 0.041976 0.036922 0.020153 0.001312 0.328977 0.013484 3.345206
0.557314 0.041918 0.036931 0.020104 0.001321 0.328913 0.013499 3.349324
0.557300 0.041847 0.037015 0.020150 0.001324 0.328847 0.013516 3.353526
0.557249 0.041944 0.036933 0.020233 0.001319 0.328787 0.013534 3.357643
0.557174 0.042017 0.036890 0.020191 0.001314 0.328864 0.013550 3.361676
0.557196 0.042002 0.036882 0.020195 0.001317 0.328837 0.013572 3.365772
0.557353 0.041913 0.036892 0.020174 0.001312 0.328763 0.013594 3.369891
0.557360 0.041880 0.036845 0.020244 0.001309 0.328752 0.013610 3.374036
0.557385 0.041815 0.036918 0.020276 0.001309 0.328670 0.013628 3.378194
0.557271 0.041905 0.036981 0.020261 0.001312 0.328628 0.013642 3.382261
0.557307 0.041864 0.037047 0.020310 0.001307 0.328509 0.013656 3.386416
0.557230 0.041948 0.036987 0.020284 0.001312 0.328567 0.013672 3.390515
0.557317 0.041917 0.037047 0.020240 0.001306 0.328487 0.013685 3.394644
0.557251 0.041979 0.037031 0.020273 0.001303 0.328461 0.013702 3.398763
0.557288 0.041913 0.037024 0.020325 0.001308 0.328424 0.013716 3.402919
0.557304 0.041850 0.037054 0.020360 0.001314 0.328385 0.013732 3.407092
0.557325 0.041750 0.037202 0.020371 0.001310 0.328287 0.013755 3.411274
0.557204 0.041879 0.037151 0.020390 0.001313 0.328289 0.013773 3.415353
0.557184 0.041749 0.037198 0.020417 0.001309 0.328353 0.013789 3.419549
0.557093 0.041828 0.037141 0.020444 0.001311 0.328376 0.013808 3.423662
0.557023 0.041940 0.037124 0.020476 0.001311 0.328306 0.013821 3.427725
0.556986 0.041974 0.037129 0.020509 0.001323 0.328243 0.013837 3.431839
0.557035 0.041852 0.037209 0.020497 0.001330 0.328224 0.013854 3.436006
0.557034 0.041854 0.037160 0.020444 0.001334 0.328303 0.013870 3.440114
0.556911 0.041869 0.037179 0.020451 0.001347 0.328354 0.013889 3.444273
0.556917 0.041946 0.037175 0.020449 0.001344 0.328266 0.013903 3.448317
0.556872 0.041959 0.037235 0.020488 0.001346 0.328182 0.013917 3.452464
0.556873 0.041999 0.037215 0.020504 0.001368 0.328106 0.013935 3.456565
0.556832 0.041947 0.037229 0.020532 0.001371 0.328139 0.013948 3.460734
0.556826 0.041928 0.037271 0.020533 0.001365 0.328111 0.013967 3.464849
0.556822 0.041911 0.037235 0.020520 0.001352 0.328175 0.013986 3.468943
0.556792 0.042031 0.037239 0.020452 0.001356 0.328134 0.013997 3.472955
0.556877 0.041951 0.037278 0.020432 0.001358 0.328091 0.014014 3.477117
0.556964 0.041892 0.037330 0.020382 0.001352 0.328054 0.014025 3.481246
0.556896 0.041980 0.037305 0.020386 0.001348 0.328049 0.014035 3.485340
0.556835 0.041975 0.037241 0.020445 0.001354 0.328098 0.014052 3.489473
0.556699 0.042119 0.037206 0.020393 0.001366 0.328151 0.014066 3.493529
0.556652 0.042095 0.037142 0.020400 0.001376 0.328253 0.014083 3.497700
0.556581 0.042167 0.037115 0.020421 0.001371 0.328244 0.014102 3.501779
0.556497 0.042141 0.037110 0.020433 0.001377 0.328320 0.014123 3.505944
0.556630 0.042076 0.037054 0.020394 0.001372 0.328336 0.014139 3.510026
0.556575 0.042181 0.037020 0.020352 0.001373 0.328340 0.014159 3.514118
0.556544 0.042227 0.037106 0.020333 0.001377 0.328240 0.014174 3.518212
0.556599 0.042184 0.037165 0.020333 0.001373 0.328158 0.014189 3.522367
0.556586 0.042234 0.037103 0.020309 0.001378 0.328184 0.014205 3.526412
0.556654 0.042115 0.037162 0.020326 0.001376 0.328147 0.014221 3.530609
0.556628 0.042112 0.037110 0.020343 0.001368 0.328201 0.014238 3.534719
0.556574 0.042258 0.037080 0.020320 0.001366 0.328151 0.014251 3.538754
0.556513 0.042334 0.037064 0.020301 0.001374 0.328148 0.014268 3.542845
0.556424 0.042279 0.037120 0.020363 0.001363 0.328168 0.014283 3.547050
0.556532 0.042241 0.037140 0.020309 0.001370 0.328101 0.014306 3.551151
0.556526 0.042235 0.037132 0.020365 0.001380 0.328040 0.014322 3.555278
0.556568 0.042247 0.037114 0.020330 0.001370 0.328026 0.014345 3.559388
0.556642 0.042126 0.037151 0.020364 0.001368 0.327989 0.014361 3.563554
0.556640 0.042122 0.037174 0.020351 0.001365 0.327971 0.014376 3.567686
0.556586 0.042024 0.037212 0.020380 0.001361 0.328044 0.014393 3.571868
0.556585 0.042066 0.037167 0.020310 0.001360 0.328103 0.014409 3.575930
0.556570 0.042059 0.037218 0.020308 0.001350 0.328064 0.014432 3.580059
0.556534 0.042090 0.037170 0.020334 0.001347 0.328077 0.014448 3.584166
0.556571 0.041947 0.037254 0.020394 0.001345 0.328022 0.014467 3.588416
0.556586 0.042031 0.037227 0.020355 0.001344 0.327975 0.014483 3.592447
0.556634 0.041979 0.037201 0.020314 0.001350 0.328028 0.014494 3.596548
0.556709 0.041879 0.037213 0.020289 0.001340 0.328056 0.014514 3.600669
0.556547 0.041982 0.037254 0.020293 0.001326 0.328068 0.014531 3.604734
0.556496 0.042073 0.037192 0.020280 0.001327 0.328086 0.014546 3.608806
0.556601 0.041991 0.037099 0.020288 0.001330 0.328129 0.014562 3.612914
0.556591 0.041923 0.037223 0.020343 0.001326 0.328014 0.014581 3.617152
0.556616 0.041852 0.037216 0.020381 0.001329 0.328007 0.014599 3.621289
0.556599 0.041910 0.037168 0.020392 0.001328 0.327992 0.014612 3.625374
0.556609 0.041854 0.037204 0.020380 0.001339 0.327987 0.014628 3.629506
0.556535 0.041948 0.037119 0.020393 0.001326 0.328028 0.014651 3.633581
0.556422 0.041982 0.037087 0.020409 0.001329 0.328104 0.014668 3.637678
0.556444 0.041943 0.037142 0.020363 0.001335 0.328090 0.014683 3.641819
0.556467 0.041947 0.037109 0.020389 0.001333 0.328057 0.014699 3.645923
0.556321 0.041953 0.037149 0.020394 0.001321 0.328145 0.014718 3.650105
0.556243 0.041926 0.037183 0.020416 0.001313 0.328185 0.014735 3.654265
0.556210 0.041949 0.037183 0.020412 0.001318 0.328173 0.014755 3.658348
0.556243 0.042035 0.037140 0.020394 0.001321 0.328095 0.014772 3.662363
0.556344 0.041930 0.037146 0.020400 0.001323 0.328065 0.014792 3.666470
0.556205 0.042004 0.037114 0.020433 0.001306 0.328130 0.014810 3.670607
0.556183 0.041964 0.037066 0.020435 0.001298 0.328231 0.014824 3.674684
0.556244 0.041887 0.037076 0.020505 0.001299 0.328146 0.014842 3.678832
0.556279 0.041831 0.037105 0.020522 0.001301 0.328098 0.014863 3.682954
0.556243 0.041902 0.037131 0.020548 0.001304 0.327995 0.014877 3.687056
0.556269 0.041873 0.037151 0.020555 0.001307 0.327950 0.014895 3.691170
0.556303 0.041908 0.037174 0.020500 0.001309 0.327898 0.014907 3.695232
0.556173 0.041991 0.037174 0.020460 0.001305 0.327976 0.014923 3.699330
0.556177 0.041976 0.037152 0.020422 0.001303 0.328035 0.014936 3.703462
0.556163 0.041960 0.037149 0.020422 0.001294 0.328060 0.014952 3.707577
0.556182 0.041973 0.037154 0.020475 0.001296 0.327956 0.014965 3.711736
0.556110 0.042084 0.037127 0.020489 0.001283 0.327920 0.014986 3.715801
0.556113 0.042127 0.037205 0.020435 0.001286 0.327832 0.015002 3.719898
0.556104 0.042119 0.037297 0.020392 0.001289 0.327784 0.015016 3.724040
0.556065 0.042126 0.037287 0.020461 0.001297 0.327732 0.015034 3.728142
0.555968 0.042200 0.037295 0.020385 0.001295 0.327809 0.015048 3.732215
0.555971 0.042122 0.037366 0.020368 0.001284 0.327822 0.015068 3.736391
0.555829 0.042074 0.037398 0.020412 0.001279 0.327925 0.015083 3.740559
0.555823 0.042061 0.037371 0.020440 0.001283 0.327923 0.015099 3.744695
0.555740 0.041992 0.037437 0.020430 0.001283 0.328002 0.015115 3.748870
0.555704 0.041986 0.037496 0.020470 0.001295 0.327923 0.015127 3.752986
0.555707 0.041957 0.037407 0.020493 0.001290 0.328000 0.015147 3.757095
0.555722 0.041906 0.037383 0.020505 0.001290 0.328035 0.015159 3.761269
0.555670 0.041990 0.037273 0.020499 0.001293 0.328100 0.015175 3.765334
0.555657 0.042010 0.037263 0.020434 0.001298 0.328149 0.015190 3.769409
0.555569 0.042076 0.037248 0.020437 0.001308 0.328160 0.015202 3.773500
0.555496 0.042165 0.037181 0.020400 0.001311 0.328230 0.015217 3.777573
0.555581 0.042060 0.037283 0.020385 0.001318 0.328142 0.015232 3.781750
0.555519 0.041971 0.037227 0.020410 0.001327 0.328297 0.015249 3.785887
0.555488 0.041885 0.037253 0.020400 0.001324 0.328385 0.015265 3.790056
0.555347 0.041940 0.037351 0.020374 0.001324 0.328387 0.015278 3.794181
0.555441 0.041883 0.037298 0.020404 0.001312 0.328367 0.015294 3.798311
0.555395 0.042083 0.037236 0.020334 0.001316 0.328329 0.015306 3.802327
0.555359 0.042076 0.037170 0.020349 0.001321 0.328405 0.015322 3.806435
0.555462 0.042055 0.037160 0.020329 0.001310 0.328345 0.015338 3.810510
0.555553 0.041971 0.037250 0.020333 0.001296 0.328242 0.015354 3.814648
0.555492 0.041957 0.037253 0.020352 0.001293 0.328282 0.015371 3.818765
0.555528 0.041916 0.037254 0.020326 0.001292 0.328301 0.015383 3.822898
0.555590 0.041946 0.037230 0.020245 0.001295 0.328291 0.015401 3.826887
0.555651 0.041953 0.037170 0.020230 0.001291 0.328286 0.015418 3.830911
0.555704 0.041915 0.037193 0.020306 0.001285 0.328162 0.015435 3.835011
0.555604 0.041865 0.037184 0.020359 0.001275 0.328263 0.015450 3.839187
0.555758 0.041724 0.037181 0.020343 0.001273 0.328253 0.015469 3.843351
0.555765 0.041678 0.037118 0.020311 0.001255 0.328383 0.015490 3.847458
0.555836 0.041603 0.037183 0.020330 0.001267 0.328277 0.015504 3.851589
0.555866 0.041707 0.037172 0.020273 0.001272 0.328186 0.015524 3.855615
0.555790 0.041731 0.037159 0.020266 0.001267 0.328248 0.015539 3.859749
0.555704 0.041743 0.037149 0.020270 0.001275 0.328307 0.015552 3.863929
