0.342493 0.062601 0.056004 0.032082 0.002160 0.498394 0.006266 1.631027
0.344542 0.060709 0.055935 0.031903 0.002158 0.498460 0.006292 1.637043
0.347188 0.058427 0.055785 0.031638 0.002145 0.498499 0.006319 1.642864
0.350268 0.055941 0.055461 0.031333 0.002152 0.498502 0.006343 1.648464
0.353633 0.053449 0.054941 0.030979 0.002138 0.498489 0.006370 1.653808
0.357105 0.051027 0.054319 0.030432 0.002133 0.498582 0.006402 1.658856
0.360925 0.048499 0.053714 0.029860 0.002114 0.498463 0.006425 1.663817
0.364837 0.046197 0.052823 0.029331 0.002110 0.498252 0.006450 1.668421
0.368967 0.043867 0.052103 0.028788 0.002098 0.497696 0.006482 1.672892
0.373174 0.041774 0.051200 0.028110 0.002100 0.497132 0.006510 1.677089
0.377309 0.039833 0.050234 0.027472 0.002091 0.496529 0.006532 1.681074
0.381478 0.038031 0.049217 0.026806 0.002069 0.495835 0.006563 1.684880
0.385857 0.036355 0.048113 0.026066 0.002055 0.494968 0.006585 1.688505
0.390210 0.034625 0.047045 0.025351 0.002043 0.494115 0.006611 1.692023
0.394519 0.033020 0.045849 0.024699 0.002023 0.493251 0.006638 1.695389
0.398918 0.031579 0.044727 0.024059 0.002012 0.492038 0.006668 1.698569
0.403316 0.030286 0.043597 0.023336 0.002003 0.490768 0.006694 1.701557
0.407796 0.029067 0.042398 0.022665 0.001989 0.489371 0.006715 1.704436
0.412295 0.027837 0.041243 0.022007 0.001968 0.487912 0.006738 1.707273
0.416734 0.026732 0.040117 0.021364 0.001956 0.486338 0.006757 1.709961
0.421319 0.025662 0.039041 0.020757 0.001938 0.484504 0.006779 1.712601
0.425926 0.024734 0.037935 0.020118 0.001930 0.482555 0.006801 1.715068
0.430408 0.023824 0.036833 0.019523 0.001904 0.480679 0.006830 1.717494
0.434988 0.022987 0.035781 0.018883 0.001880 0.478630 0.006853 1.719780
0.439455 0.022270 0.034672 0.018277 0.001847 0.476604 0.006876 1.721944
0.443915 0.021633 0.033613 0.017694 0.001829 0.474419 0.006898 1.724089
0.448448 0.020926 0.032661 0.017204 0.001805 0.472035 0.006921 1.726217
0.453036 0.020215 0.031779 0.016674 0.001779 0.469575 0.006942 1.728291
0.457431 0.019590 0.030858 0.016177 0.001743 0.467240 0.006962 1.730301
0.461733 0.019057 0.029884 0.015676 0.001709 0.464952 0.006989 1.732230
0.466059 0.018585 0.028981 0.015180 0.001679 0.462512 0.007005 1.734082
0.470457 0.018104 0.028184 0.014764 0.001650 0.459815 0.007026 1.735918
0.474859 0.017640 0.027415 0.014288 0.001617 0.457129 0.007051 1.737724
0.479035 0.017327 0.026590 0.013883 0.001588 0.454500 0.007075 1.739454
0.483457 0.016975 0.025773 0.013466 0.001560 0.451674 0.007096 1.741104
0.487876 0.016644 0.025027 0.013100 0.001545 0.448692 0.007116 1.742757
0.492181 0.016344 0.024436 0.012734 0.001511 0.445653 0.007141 1.744389
0.496408 0.016104 0.023755 0.012343 0.001474 0.442752 0.007164 1.745953
0.500697 0.015772 0.023136 0.012004 0.001445 0.439758 0.007189 1.747539
0.504805 0.015540 0.022474 0.011675 0.001420 0.436874 0.007212 1.749086
0.508954 0.015396 0.021855 0.011370 0.001400 0.433796 0.007229 1.750535
0.513057 0.015184 0.021319 0.011080 0.001366 0.430748 0.007247 1.752023
0.517206 0.014970 0.020823 0.010802 0.001345 0.427594 0.007262 1.753500
0.521297 0.014774 0.020303 0.010579 0.001331 0.424444 0.007274 1.754945
0.525322 0.014594 0.019876 0.010330 0.001312 0.421279 0.007288 1.756402
0.529433 0.014400 0.019412 0.010059 0.001288 0.418103 0.007307 1.757801
0.533349 0.014208 0.018990 0.009850 0.001243 0.415029 0.007330 1.759210
0.537314 0.014083 0.018570 0.009585 0.001216 0.411889 0.007345 1.760574
0.541197 0.013944 0.018114 0.009402 0.001204 0.408785 0.007356 1.761943
0.545031 0.013816 0.017716 0.009147 0.001179 0.405742 0.007371 1.763267
0.548776 0.013737 0.017321 0.008938 0.001156 0.402687 0.007385 1.764581
0.552567 0.013648 0.016994 0.008765 0.001131 0.399497 0.007399 1.765894
0.556267 0.013531 0.016703 0.008591 0.001108 0.396385 0.007414 1.767221
0.559995 0.013491 0.016340 0.008433 0.001092 0.393223 0.007426 1.768491
0.563584 0.013453 0.016022 0.008280 0.001073 0.390144 0.007443 1.769787
0.567224 0.013310 0.015790 0.008132 0.001045 0.387043 0.007456 1.771138
0.570765 0.013246 0.015557 0.007997 0.001031 0.383935 0.007470 1.772436
0.574393 0.013156 0.015295 0.007867 0.001009 0.380798 0.007482 1.773726
0.577860 0.013080 0.015074 0.007767 0.000984 0.377744 0.007493 1.775033
0.581298 0.013050 0.014842 0.007660 0.000972 0.374675 0.007504 1.776317
0.584705 0.012990 0.014637 0.007577 0.000959 0.371614 0.007518 1.777614
0.588071 0.012981 0.014431 0.007476 0.000944 0.368569 0.007528 1.778879
0.591427 0.012939 0.014259 0.007371 0.000923 0.365543 0.007538 1.780141
0.594691 0.012915 0.014100 0.007305 0.000906 0.362534 0.007549 1.781411
0.597981 0.012838 0.013978 0.007252 0.000893 0.359500 0.007559 1.782693
0.601192 0.012847 0.013794 0.007183 0.000881 0.356535 0.007568 1.783924
0.604345 0.012824 0.013693 0.007077 0.000864 0.353615 0.007582 1.785207
0.607483 0.012837 0.013497 0.007013 0.000849 0.350729 0.007592 1.786443
0.610522 0.012915 0.013324 0.006972 0.000839 0.347826 0.007602 1.787652
0.613543 0.012900 0.013209 0.006886 0.000832 0.345018 0.007611 1.788917
0.616509 0.012988 0.013086 0.006825 0.000810 0.342151 0.007631 1.790128
0.619593 0.012967 0.013015 0.006771 0.000792 0.339223 0.007639 1.791397
0.622476 0.012960 0.012953 0.006719 0.000783 0.336462 0.007647 1.792682
0.625358 0.012998 0.012914 0.006695 0.000761 0.333615 0.007662 1.793949
0.628263 0.012980 0.012867 0.006678 0.000741 0.330801 0.007671 1.795287
0.631061 0.013018 0.012737 0.006619 0.000738 0.328147 0.007681 1.796547
0.633799 0.013087 0.012615 0.006610 0.000728 0.325474 0.007688 1.797807
0.636527 0.013136 0.012537 0.006592 0.000713 0.322793 0.007702 1.799067
0.639198 0.013148 0.012491 0.006591 0.000695 0.320159 0.007718 1.800374
0.641918 0.013183 0.012395 0.006554 0.000679 0.317541 0.007731 1.801622
0.644458 0.013265 0.012374 0.006520 0.000660 0.314982 0.007742 1.802908
0.647090 0.013303 0.012363 0.006480 0.000648 0.312363 0.007752 1.804210
0.649685 0.013358 0.012343 0.006454 0.000627 0.309772 0.007762 1.805503
0.652174 0.013439 0.012334 0.006444 0.000615 0.307220 0.007774 1.806810
0.654583 0.013477 0.012349 0.006476 0.000606 0.304727 0.007782 1.808174
0.656860 0.013565 0.012384 0.006472 0.000605 0.302323 0.007791 1.809511
0.659179 0.013647 0.012368 0.006481 0.000599 0.299926 0.007800 1.810863
0.661548 0.013772 0.012351 0.006451 0.000593 0.297473 0.007811 1.812177
0.663758 0.013890 0.012326 0.006509 0.000585 0.295112 0.007820 1.813511
0.665918 0.013997 0.012321 0.006514 0.000570 0.292852 0.007828 1.814879
0.668127 0.014078 0.012337 0.006545 0.000562 0.290514 0.007836 1.816249
0.670331 0.014199 0.012378 0.006529 0.000553 0.288164 0.007845 1.817613
0.672415 0.014290 0.012441 0.006548 0.000552 0.285901 0.007853 1.819026
0.674476 0.014416 0.012465 0.006568 0.000543 0.283673 0.007858 1.820414
0.676571 0.014486 0.012541 0.006563 0.000537 0.281439 0.007863 1.821837
0.678499 0.014567 0.012613 0.006611 0.000535 0.279308 0.007867 1.823299
0.680397 0.014661 0.012640 0.006624 0.000528 0.277278 0.007872 1.824743
0.682242 0.014789 0.012659 0.006625 0.000525 0.275278 0.007882 1.826151
0.684100 0.014914 0.012682 0.006691 0.000517 0.273206 0.007890 1.827610
0.685839 0.015061 0.012718 0.006707 0.000516 0.271262 0.007898 1.829079
0.687577 0.015290 0.012735 0.006762 0.000503 0.269225 0.007907 1.830532
0.689187 0.015434 0.012768 0.006829 0.000498 0.267366 0.007918 1.832065
0.690931 0.015530 0.012817 0.006847 0.000493 0.265459 0.007924 1.833552
0.692588 0.015635 0.012915 0.006903 0.000494 0.263536 0.007928 1.835107
0.694169 0.015798 0.012966 0.006920 0.000498 0.261715 0.007934 1.836602
0.695748 0.015908 0.013045 0.006974 0.000499 0.259885 0.007941 1.838183
0.697327 0.016098 0.013174 0.007002 0.000493 0.257957 0.007947 1.839719
0.698807 0.016184 0.013270 0.007021 0.000481 0.256281 0.007956 1.841321
0.700177 0.016340 0.013352 0.007068 0.000477 0.254622 0.007964 1.842896
0.701519 0.016509 0.013482 0.007116 0.000468 0.252934 0.007972 1.844519
0.702953 0.016642 0.013618 0.007163 0.000468 0.251184 0.007975 1.846144
0.704188 0.016815 0.013691 0.007201 0.000469 0.249656 0.007980 1.847796
0.705548 0.017010 0.013814 0.007266 0.000457 0.247917 0.007988 1.849456
0.706858 0.017165 0.013893 0.007327 0.000456 0.246309 0.007993 1.851125
0.708064 0.017370 0.014001 0.007355 0.000450 0.244761 0.007999 1.852752
0.709193 0.017595 0.014077 0.007418 0.000451 0.243261 0.008005 1.854423
0.710337 0.017747 0.014153 0.007499 0.000451 0.241803 0.008011 1.856140
0.711466 0.017896 0.014314 0.007562 0.000457 0.240290 0.008016 1.857901
0.712506 0.018061 0.014434 0.007600 0.000457 0.238920 0.008022 1.859664
0.713613 0.018150 0.014588 0.007627 0.000458 0.237537 0.008026 1.861469
0.714587 0.018342 0.014744 0.007655 0.000458 0.236179 0.008035 1.863236
0.715593 0.018458 0.014867 0.007763 0.000458 0.234822 0.008040 1.865092
0.716513 0.018668 0.014951 0.007824 0.000455 0.233543 0.008046 1.866903
0.717441 0.018857 0.015088 0.007862 0.000459 0.232241 0.008053 1.868741
0.718275 0.019061 0.015170 0.007946 0.000461 0.231032 0.008057 1.870596
0.719080 0.019273 0.015313 0.008022 0.000468 0.229784 0.008061 1.872455
0.719895 0.019394 0.015463 0.008078 0.000470 0.228634 0.008067 1.874329
0.720657 0.019589 0.015575 0.008143 0.000474 0.227488 0.008075 1.876215
0.721396 0.019752 0.015713 0.008203 0.000481 0.226370 0.008085 1.878144
0.722074 0.020003 0.015832 0.008273 0.000478 0.225248 0.008092 1.880016
0.722745 0.020243 0.015956 0.008371 0.000483 0.224103 0.008099 1.881953
0.723355 0.020466 0.016123 0.008467 0.000486 0.222998 0.008107 1.883948
0.723925 0.020647 0.016290 0.008518 0.000490 0.222016 0.008114 1.885965
0.724523 0.020820 0.016429 0.008609 0.000490 0.221011 0.008118 1.888022
0.725108 0.021015 0.016562 0.008694 0.000487 0.220011 0.008123 1.890043
0.725711 0.021151 0.016755 0.008762 0.000495 0.218996 0.008131 1.892086
0.726157 0.021354 0.016914 0.008833 0.000502 0.218105 0.008137 1.894171
0.726665 0.021468 0.017096 0.008943 0.000507 0.217181 0.008142 1.896303
0.727070 0.021635 0.017293 0.009059 0.000506 0.216286 0.008152 1.898434
0.727459 0.021757 0.017482 0.009142 0.000514 0.215490 0.008157 1.900620
0.727871 0.021928 0.017689 0.009179 0.000517 0.214654 0.008163 1.902744
0.728228 0.022029 0.017854 0.009293 0.000514 0.213908 0.008172 1.904928
0.728485 0.022235 0.017986 0.009360 0.000523 0.213231 0.008180 1.907104
0.728727 0.022372 0.018178 0.009450 0.000527 0.212558 0.008187 1.909349
0.729041 0.022504 0.018351 0.009514 0.000532 0.211865 0.008194 1.911586
0.729249 0.022635 0.018518 0.009594 0.000529 0.211274 0.008201 1.913839
0.729469 0.022714 0.018741 0.009660 0.000533 0.210674 0.008209 1.916103
0.729723 0.022917 0.018843 0.009720 0.000538 0.210041 0.008216 1.918306
0.729915 0.023153 0.018912 0.009750 0.000539 0.209510 0.008222 1.920510
0.730108 0.023283 0.019039 0.009819 0.000540 0.208987 0.008225 1.922783
0.730211 0.023408 0.019275 0.009909 0.000541 0.208425 0.008232 1.925108
0.730409 0.023584 0.019412 0.009993 0.000547 0.207817 0.008238 1.927346
0.730488 0.023758 0.019547 0.010094 0.000549 0.207319 0.008245 1.929656
0.730580 0.023902 0.019641 0.010140 0.000547 0.206938 0.008253 1.931934
0.730754 0.024004 0.019858 0.010158 0.000558 0.206411 0.008258 1.934291
0.730799 0.024086 0.020042 0.010266 0.000564 0.205978 0.008266 1.936698
0.730893 0.024171 0.020169 0.010318 0.000567 0.205609 0.008272 1.939113
0.730960 0.024329 0.020240 0.010390 0.000564 0.205238 0.008280 1.941474
0.731028 0.024472 0.020319 0.010453 0.000567 0.204871 0.008289 1.943813
0.731136 0.024527 0.020484 0.010540 0.000567 0.204450 0.008296 1.946218
0.731149 0.024690 0.020550 0.010612 0.000576 0.204124 0.008299 1.948624
0.731180 0.024805 0.020628 0.010693 0.000579 0.203811 0.008306 1.951031
0.731270 0.024892 0.020711 0.010783 0.000580 0.203447 0.008316 1.953440
0.731233 0.024980 0.020797 0.010865 0.000588 0.203212 0.008325 1.955878
0.731291 0.025052 0.020896 0.010891 0.000589 0.202948 0.008333 1.958275
0.731268 0.025047 0.021031 0.011003 0.000600 0.202714 0.008337 1.960793
0.731261 0.025144 0.021159 0.011020 0.000602 0.202465 0.008349 1.963220
0.731280 0.025122 0.021330 0.011098 0.000609 0.202204 0.008357 1.965751
0.731206 0.025172 0.021447 0.011155 0.000617 0.202041 0.008362 1.968243
0.731248 0.025178 0.021521 0.011201 0.000633 0.201847 0.008372 1.970763
0.731201 0.025237 0.021573 0.011263 0.000633 0.201711 0.008382 1.973233
0.731087 0.025336 0.021647 0.011352 0.000626 0.201560 0.008391 1.975725
0.731077 0.025341 0.021713 0.011404 0.000628 0.201438 0.008399 1.978200
0.731069 0.025412 0.021815 0.011419 0.000626 0.201249 0.008410 1.980663
0.731037 0.025518 0.021993 0.011407 0.000629 0.200999 0.008418 1.983157
0.731020 0.025554 0.022068 0.011449 0.000633 0.200852 0.008424 1.985647
0.730954 0.025668 0.022149 0.011411 0.000642 0.200747 0.008429 1.988103
0.730924 0.025719 0.022197 0.011450 0.000648 0.200627 0.008435 1.990653
0.730954 0.025730 0.022297 0.011463 0.000650 0.200460 0.008445 1.993179
0.730932 0.025733 0.022416 0.011505 0.000659 0.200299 0.008456 1.995728
0.730889 0.025802 0.022482 0.011514 0.000669 0.200184 0.008460 1.998247
0.730788 0.025829 0.022580 0.011599 0.000674 0.200062 0.008468 2.000803
0.730791 0.025825 0.022602 0.011588 0.000671 0.200043 0.008479 2.003321
0.730768 0.025881 0.022639 0.011599 0.000676 0.199950 0.008485 2.005815
0.730735 0.025839 0.022731 0.011645 0.000678 0.199881 0.008493 2.008385
0.730741 0.025809 0.022745 0.011634 0.000677 0.199892 0.008501 2.010937
0.730740 0.025722 0.022774 0.011709 0.000681 0.199861 0.008513 2.013502
0.730691 0.025639 0.022870 0.011775 0.000688 0.199818 0.008519 2.016084
0.730752 0.025628 0.022839 0.011771 0.000690 0.199792 0.008529 2.018562
0.730741 0.025669 0.022899 0.011720 0.000687 0.199744 0.008540 2.021045
0.730794 0.025603 0.022945 0.011743 0.000686 0.199681 0.008548 2.023587
0.730857 0.025523 0.022983 0.011753 0.000690 0.199639 0.008556 2.026087
0.730816 0.025581 0.022934 0.011775 0.000682 0.199643 0.008568 2.028560
0.730797 0.025598 0.022961 0.011768 0.000678 0.199615 0.008582 2.031034
0.730850 0.025454 0.023032 0.011764 0.000681 0.199628 0.008591 2.033632
0.730748 0.025513 0.023018 0.011756 0.000681 0.199683 0.008602 2.036087
0.730672 0.025552 0.023009 0.011730 0.000684 0.199742 0.008611 2.038541
0.730729 0.025535 0.023083 0.011685 0.000688 0.199662 0.008619 2.041017
0.730782 0.025532 0.023092 0.011660 0.000685 0.199622 0.008628 2.043453
0.730831 0.025455 0.023086 0.011695 0.000669 0.199622 0.008642 2.045974
0.730845 0.025356 0.023077 0.011693 0.000673 0.199704 0.008653 2.048493
0.730904 0.025333 0.023085 0.011647 0.000677 0.199695 0.008660 2.050947
0.731029 0.025285 0.023064 0.011654 0.000679 0.199621 0.008668 2.053399
0.731049 0.025259 0.022971 0.011670 0.000681 0.199695 0.008674 2.055841
0.731162 0.025230 0.023029 0.011656 0.000676 0.199563 0.008685 2.058295
0.731368 0.025155 0.023014 0.011669 0.000681 0.199420 0.008694 2.060781
0.731366 0.025190 0.022942 0.011619 0.000697 0.199484 0.008703 2.063202
0.731486 0.025117 0.022947 0.011604 0.000695 0.199438 0.008713 2.065675
0.731619 0.025041 0.022886 0.011591 0.000697 0.199448 0.008720 2.068110
0.731770 0.024925 0.022942 0.011529 0.000698 0.199407 0.008730 2.070565
0.731993 0.024725 0.022949 0.011533 0.000708 0.199354 0.008738 2.073092
0.732161 0.024542 0.023026 0.011550 0.000699 0.199272 0.008751 2.075585
0.732238 0.024502 0.023011 0.011540 0.000712 0.199237 0.008760 2.077974
0.732360 0.024430 0.022983 0.011556 0.000707 0.199195 0.008769 2.080370
0.732548 0.024364 0.022887 0.011565 0.000710 0.199149 0.008779 2.082778
0.732604 0.024286 0.022917 0.011549 0.000703 0.199155 0.008786 2.085243
0.732673 0.024358 0.022870 0.011507 0.000704 0.199093 0.008795 2.087582
0.732765 0.024298 0.022806 0.011537 0.000707 0.199087 0.008802 2.089972
0.732997 0.024252 0.022826 0.011492 0.000700 0.198923 0.008812 2.092326
0.733157 0.024161 0.022813 0.011454 0.000711 0.198887 0.008819 2.094737
0.733319 0.024076 0.022820 0.011426 0.000711 0.198818 0.008830 2.097155
0.733480 0.024062 0.022758 0.011385 0.000708 0.198768 0.008838 2.099483
0.733642 0.024029 0.022708 0.011352 0.000715 0.198712 0.008844 2.101816
0.733850 0.023864 0.022730 0.011348 0.000719 0.198639 0.008851 2.104254
0.734112 0.023783 0.022670 0.011269 0.000728 0.198582 0.008857 2.106595
0.734309 0.023751 0.022607 0.011241 0.000726 0.198503 0.008864 2.108939
0.734432 0.023805 0.022523 0.011223 0.000729 0.198413 0.008875 2.111229
0.734649 0.023773 0.022459 0.011206 0.000718 0.198310 0.008886 2.113522
0.734903 0.023672 0.022436 0.011228 0.000733 0.198136 0.008893 2.115910
0.735051 0.023640 0.022347 0.011225 0.000730 0.198105 0.008902 2.118251
0.735257 0.023580 0.022303 0.011205 0.000729 0.198015 0.008911 2.120580
0.735458 0.023549 0.022217 0.011201 0.000723 0.197931 0.008921 2.122871
0.735738 0.023449 0.022148 0.011180 0.000735 0.197823 0.008927 2.125177
0.736003 0.023339 0.022069 0.011164 0.000736 0.197756 0.008933 2.127499
0.736202 0.023283 0.022041 0.011141 0.000730 0.197662 0.008941 2.129793
0.736434 0.023166 0.022022 0.011145 0.000727 0.197555 0.008951 2.132106
0.736725 0.023094 0.022001 0.011162 0.000726 0.197333 0.008960 2.134406
0.737017 0.022994 0.021971 0.011148 0.000725 0.197179 0.008966 2.136714
0.737281 0.022975 0.021875 0.011100 0.000714 0.197079 0.008977 2.138955
0.737546 0.022943 0.021780 0.011062 0.000717 0.196968 0.008984 2.141193
0.737754 0.022952 0.021741 0.011056 0.000715 0.196788 0.008994 2.143426
0.737992 0.022938 0.021678 0.011005 0.000719 0.196665 0.009003 2.145658
0.738268 0.022868 0.021631 0.010989 0.000709 0.196524 0.009011 2.147942
0.738573 0.022831 0.021585 0.010937 0.000718 0.196338 0.009019 2.150151
0.738846 0.022718 0.021550 0.010910 0.000714 0.196231 0.009032 2.152436
0.739083 0.022689 0.021449 0.010883 0.000706 0.196150 0.009040 2.154640
0.739342 0.022595 0.021404 0.010915 0.000696 0.196000 0.009048 2.156889
0.739635 0.022606 0.021319 0.010855 0.000700 0.195830 0.009056 2.159089
0.739921 0.022613 0.021218 0.010841 0.000693 0.195650 0.009065 2.161294
0.740297 0.022539 0.021179 0.010798 0.000696 0.195419 0.009072 2.163526
0.740577 0.022532 0.021158 0.010800 0.000699 0.195155 0.009080 2.165726
0.740826 0.022520 0.021130 0.010771 0.000690 0.194973 0.009089 2.167947
0.741104 0.022569 0.021069 0.010700 0.000678 0.194780 0.009101 2.170098
0.741353 0.022571 0.021000 0.010699 0.000672 0.194597 0.009108 2.172285
0.741536 0.022535 0.020991 0.010663 0.000672 0.194486 0.009118 2.174503
0.741775 0.022563 0.020932 0.010660 0.000670 0.194274 0.009128 2.176717
0.742021 0.022501 0.020908 0.010646 0.000669 0.194118 0.009138 2.178964
0.742304 0.022484 0.020850 0.010601 0.000666 0.193948 0.009147 2.181131
0.742521 0.022438 0.020795 0.010616 0.000660 0.193818 0.009153 2.183355
0.742789 0.022374 0.020758 0.010608 0.000669 0.193638 0.009165 2.185560
0.743078 0.022363 0.020653 0.010611 0.000661 0.193460 0.009174 2.187719
0.743360 0.022283 0.020638 0.010653 0.000660 0.193224 0.009182 2.189925
0.743679 0.022242 0.020602 0.010587 0.000660 0.193036 0.009192 2.192093
0.743932 0.022248 0.020569 0.010609 0.000652 0.192787 0.009204 2.194279
0.744154 0.022280 0.020467 0.010601 0.000650 0.192635 0.009213 2.196424
0.744407 0.022219 0.020444 0.010576 0.000649 0.192487 0.009217 2.198608
0.744618 0.022248 0.020421 0.010509 0.000645 0.192335 0.009225 2.200748
0.744885 0.022212 0.020413 0.010531 0.000651 0.192076 0.009233 2.202947
0.745152 0.022169 0.020354 0.010500 0.000649 0.191936 0.009241 2.205109
0.745399 0.022224 0.020242 0.010484 0.000658 0.191748 0.009247 2.207218
0.745730 0.022178 0.020222 0.010453 0.000663 0.191500 0.009255 2.209369
0.746106 0.022161 0.020186 0.010410 0.000670 0.191207 0.009262 2.211500
0.746366 0.022146 0.020183 0.010364 0.000671 0.191003 0.009269 2.213650
0.746558 0.022194 0.020137 0.010356 0.000669 0.190810 0.009277 2.215773
0.746772 0.022154 0.020145 0.010374 0.000664 0.190607 0.009285 2.217946
0.747106 0.022055 0.020152 0.010349 0.000661 0.190385 0.009293 2.220131
0.747346 0.022035 0.020070 0.010360 0.000659 0.190230 0.009303 2.222299
0.747552 0.021982 0.020067 0.010331 0.000668 0.190092 0.009308 2.224459
0.747835 0.021953 0.020072 0.010307 0.000664 0.189851 0.009318 2.226624
0.748017 0.021983 0.020108 0.010295 0.000664 0.189613 0.009322 2.228759
0.748191 0.021968 0.020044 0.010274 0.000665 0.189531 0.009328 2.230920
0.748380 0.022024 0.020013 0.010266 0.000666 0.189315 0.009336 2.233042
0.748646 0.021963 0.020002 0.010279 0.000656 0.189110 0.009344 2.235231
0.748773 0.022061 0.019950 0.010274 0.000655 0.188935 0.009354 2.237332
0.748951 0.022110 0.019937 0.010244 0.000650 0.188749 0.009360 2.239455
0.749162 0.022076 0.019965 0.010262 0.000643 0.188524 0.009367 2.241622
0.749402 0.022065 0.020008 0.010270 0.000640 0.188237 0.009379 2.243817
0.749613 0.022072 0.019958 0.010254 0.000644 0.188070 0.009389 2.245951
0.749862 0.022070 0.019976 0.010259 0.000651 0.187788 0.009395 2.248100
0.750029 0.022059 0.019989 0.010282 0.000637 0.187601 0.009403 2.250293
0.750219 0.022053 0.020035 0.010271 0.000631 0.187379 0.009414 2.252435
0.750389 0.022006 0.020073 0.010255 0.000627 0.187227 0.009423 2.254639
0.750563 0.022049 0.020039 0.010214 0.000627 0.187077 0.009431 2.256764
0.750842 0.022006 0.020015 0.010168 0.000634 0.186900 0.009436 2.258913
0.751043 0.022038 0.019986 0.010193 0.000640 0.186662 0.009439 2.261032
0.751197 0.022006 0.020086 0.010193 0.000643 0.186429 0.009446 2.263224
0.751372 0.021963 0.020107 0.010202 0.000648 0.186256 0.009452 2.265403
0.751522 0.021974 0.020109 0.010213 0.000643 0.186080 0.009461 2.267571
0.751660 0.022023 0.020043 0.010205 0.000639 0.185961 0.009469 2.269675
0.751896 0.022067 0.019960 0.010216 0.000635 0.185748 0.009479 2.271781
0.752052 0.022071 0.019945 0.010190 0.000639 0.185616 0.009486 2.273922
0.752192 0.022080 0.020000 0.010205 0.000640 0.185389 0.009494 2.276090
0.752332 0.022084 0.019998 0.010221 0.000639 0.185227 0.009500 2.278281
0.752361 0.022178 0.020045 0.010212 0.000630 0.185064 0.009511 2.280426
0.752432 0.022317 0.020051 0.010157 0.000630 0.184897 0.009516 2.282526
0.752589 0.022292 0.020067 0.010166 0.000630 0.184733 0.009525 2.284709
0.752665 0.022363 0.020025 0.010225 0.000626 0.184563 0.009533 2.286878
0.752749 0.022313 0.020041 0.010236 0.000624 0.184498 0.009540 2.289125
0.752821 0.022334 0.020009 0.010267 0.000627 0.184393 0.009549 2.291314
0.752856 0.022346 0.020029 0.010305 0.000624 0.184285 0.009555 2.293525
0.752976 0.022443 0.019976 0.010320 0.000621 0.184103 0.009563 2.295650
0.753134 0.022422 0.020035 0.010316 0.000627 0.183895 0.009571 2.297865
0.753239 0.022423 0.020121 0.010314 0.000623 0.183704 0.009577 2.300047
0.753494 0.022409 0.020129 0.010289 0.000630 0.183464 0.009586 2.302235
0.753532 0.022431 0.020167 0.010327 0.000629 0.183318 0.009597 2.304427
0.753604 0.022423 0.020124 0.010357 0.000628 0.183255 0.009609 2.306627
0.753602 0.022463 0.020190 0.010403 0.000638 0.183090 0.009615 2.308858
0.753676 0.022440 0.020214 0.010400 0.000637 0.183009 0.009624 2.311050
0.753725 0.022405 0.020249 0.010420 0.000646 0.182921 0.009633 2.313276
0.753759 0.022400 0.020332 0.010400 0.000643 0.182826 0.009640 2.315495
0.753781 0.022397 0.020371 0.010343 0.000649 0.182813 0.009648 2.317718
0.753804 0.022438 0.020348 0.010360 0.000640 0.182753 0.009656 2.319898
0.753882 0.022393 0.020350 0.010361 0.000641 0.182707 0.009664 2.322125
0.754013 0.022469 0.020337 0.010363 0.000636 0.182509 0.009674 2.324260
0.754078 0.022463 0.020363 0.010395 0.000637 0.182385 0.009679 2.326462
0.754058 0.022521 0.020330 0.010428 0.000636 0.182341 0.009686 2.328644
0.754127 0.022511 0.020349 0.010441 0.000634 0.182245 0.009693 2.330815
0.754138 0.022533 0.020382 0.010463 0.000639 0.182149 0.009697 2.333011
0.754301 0.022450 0.020453 0.010457 0.000643 0.181993 0.009704 2.335232
0.754344 0.022448 0.020415 0.010505 0.000643 0.181936 0.009711 2.337431
0.754379 0.022508 0.020360 0.010509 0.000653 0.181873 0.009719 2.339593
0.754433 0.022538 0.020408 0.010493 0.000648 0.181749 0.009732 2.341797
0.754428 0.022555 0.020385 0.010450 0.000643 0.181799 0.009741 2.344000
0.754539 0.022513 0.020441 0.010444 0.000639 0.181675 0.009749 2.346245
0.754564 0.022587 0.020416 0.010401 0.000637 0.181639 0.009756 2.348422
0.754570 0.022587 0.020483 0.010444 0.000638 0.181516 0.009763 2.350681
0.754615 0.022615 0.020513 0.010425 0.000638 0.181425 0.009770 2.352892
0.754591 0.022618 0.020609 0.010452 0.000641 0.181310 0.009778 2.355175
0.754616 0.022679 0.020622 0.010451 0.000641 0.181203 0.009788 2.357362
0.754645 0.022641 0.020643 0.010468 0.000633 0.181175 0.009796 2.359627
0.754727 0.022669 0.020632 0.010469 0.000630 0.181073 0.009801 2.361838
0.754747 0.022721 0.020601 0.010461 0.000617 0.181044 0.009810 2.364047
0.754856 0.022727 0.020599 0.010447 0.000615 0.180941 0.009815 2.366255
0.754868 0.022761 0.020596 0.010439 0.000616 0.180896 0.009824 2.368459
0.754844 0.022787 0.020631 0.010434 0.000616 0.180855 0.009833 2.370722
0.754865 0.022800 0.020644 0.010430 0.000617 0.180807 0.009838 2.372959
0.754884 0.022821 0.020639 0.010438 0.000620 0.180751 0.009847 2.375188
0.754829 0.022907 0.020589 0.010431 0.000619 0.180770 0.009856 2.377375
0.754872 0.022878 0.020628 0.010450 0.000612 0.180695 0.009867 2.379631
0.754865 0.022791 0.020747 0.010437 0.000613 0.180672 0.009875 2.381920
0.754799 0.022872 0.020768 0.010431 0.000610 0.180639 0.009882 2.384137
0.754695 0.022951 0.020832 0.010422 0.000617 0.180595 0.009888 2.386369
0.754624 0.023050 0.020790 0.010476 0.000618 0.180544 0.009896 2.388614
0.754722 0.023068 0.020800 0.010491 0.000616 0.180399 0.009904 2.390832
0.754665 0.023177 0.020745 0.010468 0.000615 0.180418 0.009912 2.393034
0.754620 0.023172 0.020744 0.010469 0.000609 0.180467 0.009920 2.395292
0.754633 0.023095 0.020785 0.010490 0.000611 0.180455 0.009930 2.397594
0.754619 0.023057 0.020813 0.010498 0.000619 0.180460 0.009935 2.399880
0.754630 0.023087 0.020865 0.010430 0.000627 0.180421 0.009942 2.402099
0.754643 0.023168 0.020896 0.010399 0.000625 0.180317 0.009953 2.404322
0.754652 0.023101 0.020897 0.010461 0.000627 0.180301 0.009961 2.406643
0.754685 0.023157 0.020874 0.010483 0.000617 0.180213 0.009971 2.408870
0.754575 0.023258 0.020824 0.010508 0.000617 0.180240 0.009977 2.411108
0.754569 0.023214 0.020871 0.010526 0.000622 0.180215 0.009982 2.413425
0.754593 0.023097 0.020901 0.010592 0.000625 0.180200 0.009992 2.415758
0.754689 0.023015 0.020981 0.010565 0.000620 0.180130 0.010000 2.418055
0.754706 0.023077 0.020941 0.010549 0.000618 0.180099 0.010009 2.420253
0.754697 0.023074 0.020928 0.010528 0.000624 0.180132 0.010017 2.422509
0.754625 0.023126 0.021014 0.010559 0.000618 0.180034 0.010024 2.424761
0.754646 0.023105 0.020997 0.010586 0.000625 0.180009 0.010031 2.427069
0.754551 0.023128 0.020972 0.010640 0.000632 0.180040 0.010037 2.429358
0.754555 0.023164 0.021029 0.010625 0.000635 0.179945 0.010048 2.431633
0.754462 0.023196 0.021096 0.010610 0.000633 0.179948 0.010056 2.433916
0.754335 0.023275 0.021102 0.010593 0.000631 0.180000 0.010065 2.436209
0.754226 0.023325 0.021076 0.010580 0.000636 0.180083 0.010074 2.438472
0.754271 0.023386 0.021042 0.010610 0.000642 0.179969 0.010080 2.440706
0.754285 0.023424 0.021042 0.010619 0.000644 0.179897 0.010089 2.442986
0.754271 0.023451 0.021022 0.010602 0.000649 0.179910 0.010097 2.445235
0.754220 0.023418 0.021021 0.010656 0.000646 0.179934 0.010106 2.447528
0.754203 0.023387 0.021044 0.010648 0.000653 0.179951 0.010115 2.449812
0.754216 0.023262 0.021083 0.010672 0.000650 0.179992 0.010126 2.452167
0.754179 0.023299 0.021136 0.010665 0.000656 0.179930 0.010135 2.454443
0.754165 0.023260 0.021190 0.010683 0.000657 0.179904 0.010141 2.456747
0.754150 0.023262 0.021190 0.010673 0.000652 0.179922 0.010152 2.459027
0.754063 0.023274 0.021229 0.010668 0.000651 0.179955 0.010159 2.461283
0.754104 0.023251 0.021240 0.010642 0.000663 0.179934 0.010166 2.463533
0.754064 0.023294 0.021256 0.010670 0.000656 0.179883 0.010178 2.465811
0.754020 0.023324 0.021232 0.010669 0.000662 0.179909 0.010185 2.468076
0.753969 0.023282 0.021187 0.010680 0.000663 0.180028 0.010191 2.470368
0.753935 0.023212 0.021253 0.010736 0.000658 0.180007 0.010199 2.472704
0.753945 0.023187 0.021231 0.010789 0.000664 0.179979 0.010206 2.474991
0.753946 0.023172 0.021230 0.010799 0.000667 0.179970 0.010216 2.477241
0.753869 0.023231 0.021247 0.010761 0.000669 0.180000 0.010223 2.479494
0.753933 0.023194 0.021163 0.010772 0.000668 0.180038 0.010233 2.481741
0.753935 0.023177 0.021143 0.010780 0.000667 0.180056 0.010241 2.484025
0.753857 0.023139 0.021156 0.010823 0.000660 0.180116 0.010249 2.486342
0.753874 0.023114 0.021159 0.010851 0.000655 0.180091 0.010258 2.488600
0.753883 0.023061 0.021158 0.010889 0.000658 0.180084 0.010268 2.490881
0.753909 0.023060 0.021056 0.010886 0.000663 0.180149 0.010276 2.493120
0.753953 0.022985 0.021078 0.010896 0.000662 0.180144 0.010284 2.495430
0.754015 0.022953 0.021149 0.010832 0.000660 0.180098 0.010293 2.497707
0.754082 0.022959 0.021098 0.010791 0.000659 0.180113 0.010300 2.499941
0.754143 0.022895 0.021087 0.010800 0.000653 0.180114 0.010308 2.502191
0.754158 0.022932 0.021091 0.010763 0.000654 0.180087 0.010317 2.504417
0.754143 0.022901 0.021099 0.010775 0.000653 0.180107 0.010322 2.506710
0.754129 0.022891 0.021101 0.010771 0.000656 0.180124 0.010329 2.508968
0.754126 0.022870 0.021084 0.010793 0.000655 0.180134 0.010338 2.511211
0.754129 0.022833 0.021124 0.010766 0.000655 0.180147 0.010347 2.513486
0.754197 0.022857 0.021092 0.010755 0.000659 0.180085 0.010357 2.515716
0.754207 0.022817 0.021101 0.010696 0.000659 0.180154 0.010366 2.517957
0.754240 0.022786 0.021036 0.010720 0.000664 0.180184 0.010371 2.520221
0.754236 0.022760 0.021012 0.010693 0.000666 0.180253 0.010380 2.522460
0.754308 0.022686 0.021019 0.010686 0.000665 0.180251 0.010386 2.524712
0.754261 0.022739 0.020989 0.010634 0.000653 0.180328 0.010397 2.526913
0.754322 0.022722 0.020945 0.010614 0.000652 0.180339 0.010406 2.529133
0.754379 0.022682 0.020925 0.010616 0.000643 0.180342 0.010414 2.531362
0.754342 0.022677 0.020946 0.010597 0.000650 0.180369 0.010420 2.533629
0.754354 0.022830 0.020875 0.010586 0.000657 0.180273 0.010426 2.535775
0.754358 0.022812 0.020915 0.010568 0.000666 0.180249 0.010433 2.538041
0.754359 0.022754 0.020910 0.010606 0.000666 0.180266 0.010440 2.540332
0.754333 0.022808 0.020908 0.010611 0.000665 0.180225 0.010449 2.542532
0.754370 0.022772 0.020911 0.010589 0.000662 0.180238 0.010458 2.544778
0.754435 0.022795 0.020865 0.010584 0.000650 0.180203 0.010470 2.546971
0.754412 0.022826 0.020829 0.010611 0.000643 0.180202 0.010478 2.549212
0.754479 0.022836 0.020825 0.010641 0.000645 0.180087 0.010487 2.551439
0.754452 0.022837 0.020822 0.010650 0.000643 0.180100 0.010498 2.553713
0.754421 0.022846 0.020810 0.010654 0.000641 0.180124 0.010504 2.555949
0.754402 0.022890 0.020799 0.010612 0.000637 0.180147 0.010513 2.558149
0.754482 0.022856 0.020798 0.010629 0.000640 0.180074 0.010522 2.560378
0.754555 0.022834 0.020777 0.010638 0.000644 0.180027 0.010527 2.562594
0.754503 0.022871 0.020782 0.010600 0.000636 0.180074 0.010535 2.564790
0.754522 0.022841 0.020800 0.010611 0.000631 0.180054 0.010541 2.567084
0.754549 0.022836 0.020752 0.010617 0.000625 0.180072 0.010549 2.569339
0.754578 0.022805 0.020789 0.010638 0.000621 0.180011 0.010558 2.571588
0.754631 0.022814 0.020723 0.010642 0.000619 0.180004 0.010566 2.573788
0.754659 0.022822 0.020727 0.010637 0.000615 0.179966 0.010574 2.575997
0.754697 0.022829 0.020753 0.010600 0.000619 0.179923 0.010580 2.578179
0.754656 0.022802 0.020777 0.010566 0.000618 0.179992 0.010590 2.580428
0.754600 0.022864 0.020729 0.010512 0.000625 0.180077 0.010594 2.582623
0.754622 0.022846 0.020736 0.010499 0.000631 0.180069 0.010597 2.584847
0.754735 0.022768 0.020752 0.010521 0.000640 0.179979 0.010606 2.587142
0.754743 0.022781 0.020771 0.010536 0.000642 0.179916 0.010611 2.589350
0.754746 0.022756 0.020722 0.010560 0.000641 0.179954 0.010621 2.591579
0.754739 0.022785 0.020675 0.010569 0.000635 0.179968 0.010631 2.593805
0.754708 0.022783 0.020654 0.010563 0.000630 0.180025 0.010637 2.596049
0.754754 0.022817 0.020688 0.010552 0.000635 0.179910 0.010645 2.598315
0.754836 0.022714 0.020710 0.010588 0.000640 0.179859 0.010655 2.600588
0.754878 0.022651 0.020690 0.010619 0.000634 0.179862 0.010666 2.602845
0.754932 0.022646 0.020666 0.010597 0.000634 0.179854 0.010672 2.605054
0.754946 0.022698 0.020673 0.010536 0.000637 0.179829 0.010681 2.607272
0.754989 0.022683 0.020745 0.010510 0.000634 0.179752 0.010688 2.609507
0.755031 0.022761 0.020669 0.010516 0.000624 0.179698 0.010701 2.611683
0.754922 0.022835 0.020692 0.010468 0.000626 0.179747 0.010710 2.613911
0.754994 0.022793 0.020745 0.010447 0.000624 0.179676 0.010721 2.616158
0.755010 0.022763 0.020752 0.010413 0.000619 0.179716 0.010729 2.618393
0.755084 0.022749 0.020789 0.010410 0.000623 0.179609 0.010738 2.620607
0.755095 0.022735 0.020813 0.010383 0.000622 0.179609 0.010744 2.622853
0.755045 0.022764 0.020771 0.010341 0.000620 0.179707 0.010753 2.625066
0.755080 0.022733 0.020777 0.010342 0.000624 0.179684 0.010761 2.627310
0.755095 0.022750 0.020789 0.010385 0.000618 0.179596 0.010767 2.629545
0.755078 0.022813 0.020727 0.010351 0.000616 0.179643 0.010773 2.631697
0.755108 0.022808 0.020767 0.010392 0.000615 0.179529 0.010782 2.633933
0.755180 0.022768 0.020769 0.010377 0.000620 0.179500 0.010787 2.636180
0.755183 0.022774 0.020736 0.010394 0.000623 0.179493 0.010797 2.638400
0.755187 0.022839 0.020693 0.010390 0.000622 0.179464 0.010805 2.640590
0.755149 0.022803 0.020726 0.010444 0.000611 0.179457 0.010812 2.642876
0.755094 0.022838 0.020703 0.010454 0.000607 0.179486 0.010819 2.645130
0.755080 0.022876 0.020710 0.010478 0.000608 0.179424 0.010824 2.647363
0.755138 0.022827 0.020699 0.010506 0.000611 0.179390 0.010831 2.649621
0.755136 0.022834 0.020691 0.010499 0.000611 0.179392 0.010838 2.651864
0.755081 0.022870 0.020745 0.010459 0.000617 0.179379 0.010848 2.654122
0.754983 0.022919 0.020760 0.010471 0.000623 0.179389 0.010857 2.656398
0.754978 0.022889 0.020824 0.010450 0.000617 0.179378 0.010864 2.658672
0.755015 0.022874 0.020865 0.010447 0.000626 0.179305 0.010870 2.660935
0.755042 0.022885 0.020874 0.010487 0.000627 0.179205 0.010880 2.663170
0.755004 0.022884 0.020867 0.010474 0.000624 0.179256 0.010890 2.665444
0.754994 0.022892 0.020911 0.010495 0.000622 0.179186 0.010899 2.667705
0.754962 0.022824 0.020967 0.010546 0.000623 0.179171 0.010907 2.670014
0.754931 0.022925 0.020990 0.010532 0.000625 0.179081 0.010916 2.672206
0.754859 0.022909 0.020982 0.010559 0.000627 0.179141 0.010924 2.674511
0.754816 0.022969 0.020954 0.010506 0.000627 0.179198 0.010931 2.676717
0.754800 0.022964 0.020966 0.010458 0.000625 0.179244 0.010943 2.678948
0.754874 0.022992 0.020955 0.010455 0.000622 0.179150 0.010953 2.681180
0.754809 0.022995 0.020944 0.010489 0.000626 0.179177 0.010961 2.683433
0.754812 0.023014 0.020930 0.010492 0.000624 0.179165 0.010965 2.685662
0.754818 0.023053 0.020936 0.010502 0.000628 0.179093 0.010969 2.687910
0.754793 0.023057 0.020904 0.010522 0.000614 0.179129 0.010982 2.690148
0.754813 0.023044 0.020908 0.010497 0.000607 0.179138 0.010993 2.692426
0.754843 0.023087 0.020939 0.010514 0.000604 0.179011 0.011002 2.694624
0.754765 0.023096 0.020939 0.010512 0.000599 0.179079 0.011010 2.696875
0.754725 0.023075 0.020924 0.010570 0.000592 0.179095 0.011020 2.699167
0.754722 0.023090 0.020917 0.010559 0.000600 0.179089 0.011025 2.701404
0.754727 0.023121 0.020873 0.010533 0.000595 0.179118 0.011031 2.703620
0.754740 0.023112 0.020908 0.010556 0.000593 0.179053 0.011037 2.705893
0.754698 0.023130 0.020897 0.010525 0.000597 0.179109 0.011044 2.708114
0.754558 0.023170 0.020944 0.010565 0.000604 0.179108 0.011051 2.710379
0.754537 0.023193 0.020968 0.010554 0.000605 0.179086 0.011059 2.712621
0.754393 0.023270 0.020987 0.010541 0.000613 0.179129 0.011067 2.714886
0.754446 0.023190 0.020993 0.010547 0.000610 0.179138 0.011075 2.717154
0.754307 0.023171 0.021006 0.010597 0.000617 0.179223 0.011079 2.719460
0.754305 0.023133 0.021016 0.010597 0.000614 0.179249 0.011087 2.721724
0.754271 0.023052 0.021043 0.010646 0.000617 0.179278 0.011094 2.724048
0.754400 0.022966 0.021063 0.010632 0.000626 0.179210 0.011103 2.726311
0.754388 0.022907 0.021053 0.010635 0.000641 0.179269 0.011107 2.728587
0.754326 0.022949 0.020996 0.010660 0.000644 0.179310 0.011115 2.730807
0.754281 0.022893 0.021049 0.010632 0.000651 0.179369 0.011125 2.733129
0.754272 0.022802 0.021118 0.010666 0.000645 0.179367 0.011130 2.735456
0.754314 0.022819 0.021086 0.010652 0.000643 0.179351 0.011137 2.737658
0.754323 0.022813 0.021087 0.010643 0.000646 0.179342 0.011147 2.739888
0.754360 0.022809 0.021049 0.010608 0.000640 0.179376 0.011160 2.742101
0.754424 0.022839 0.020979 0.010563 0.000630 0.179397 0.011168 2.744264
0.754441 0.022801 0.020924 0.010580 0.000642 0.179439 0.011174 2.746547
0.754415 0.022823 0.020891 0.010600 0.000640 0.179450 0.011181 2.748783
0.754442 0.022798 0.020892 0.010607 0.000635 0.179438 0.011188 2.751018
0.754462 0.022806 0.020860 0.010569 0.000641 0.179468 0.011194 2.753256
0.754441 0.022795 0.020895 0.010570 0.000639 0.179460 0.011201 2.755509
0.754535 0.022756 0.020889 0.010600 0.000641 0.179372 0.011208 2.757754
0.754500 0.022783 0.020879 0.010608 0.000645 0.179370 0.011215 2.759983
0.754446 0.022788 0.020840 0.010652 0.000646 0.179407 0.011222 2.762226
0.754483 0.022766 0.020803 0.010705 0.000640 0.179373 0.011230 2.764447
0.754549 0.022760 0.020792 0.010739 0.000643 0.179280 0.011236 2.766683
0.754478 0.022880 0.020677 0.010747 0.000648 0.179329 0.011241 2.768871
0.754499 0.022835 0.020635 0.010746 0.000647 0.179391 0.011247 2.771086
0.754517 0.022824 0.020655 0.010743 0.000657 0.179352 0.011252 2.773350
0.754517 0.022740 0.020676 0.010751 0.000659 0.179399 0.011258 2.775636
0.754504 0.022747 0.020661 0.010776 0.000664 0.179385 0.011264 2.777870
0.754521 0.022649 0.020732 0.010801 0.000671 0.179355 0.011272 2.780168
0.754565 0.022642 0.020751 0.010743 0.000674 0.179345 0.011281 2.782372
0.754623 0.022589 0.020789 0.010733 0.000670 0.179309 0.011288 2.784616
0.754578 0.022621 0.020798 0.010748 0.000667 0.179293 0.011295 2.786835
0.754646 0.022628 0.020827 0.010723 0.000666 0.179205 0.011304 2.789043
0.754709 0.022687 0.020810 0.010709 0.000666 0.179109 0.011311 2.791217
0.754766 0.022655 0.020770 0.010658 0.000664 0.179171 0.011317 2.793459
0.754860 0.022648 0.020791 0.010672 0.000658 0.179047 0.011325 2.795691
0.754928 0.022666 0.020778 0.010658 0.000661 0.178978 0.011333 2.797892
0.754882 0.022722 0.020773 0.010664 0.000662 0.178956 0.011341 2.800103
0.754886 0.022693 0.020717 0.010663 0.000663 0.179033 0.011346 2.802336
0.754946 0.022676 0.020733 0.010648 0.000663 0.178978 0.011357 2.804544
0.755045 0.022602 0.020715 0.010622 0.000662 0.178991 0.011364 2.806776
0.755106 0.022594 0.020660 0.010555 0.000664 0.179052 0.011369 2.808965
0.755146 0.022604 0.020596 0.010569 0.000655 0.179052 0.011378 2.811145
0.755183 0.022646 0.020583 0.010588 0.000658 0.178957 0.011386 2.813367
0.755184 0.022661 0.020558 0.010576 0.000662 0.178966 0.011395 2.815553
0.755221 0.022623 0.020596 0.010576 0.000667 0.178914 0.011404 2.817759
0.755223 0.022582 0.020595 0.010598 0.000665 0.178923 0.011415 2.820014
0.755229 0.022608 0.020542 0.010593 0.000663 0.178939 0.011427 2.822199
0.755333 0.022571 0.020510 0.010596 0.000659 0.178894 0.011437 2.824380
0.755277 0.022569 0.020506 0.010601 0.000658 0.178945 0.011445 2.826613
0.755312 0.022544 0.020486 0.010598 0.000661 0.178948 0.011452 2.828846
0.755317 0.022569 0.020505 0.010578 0.000657 0.178913 0.011463 2.831041
0.755300 0.022654 0.020485 0.010585 0.000660 0.178847 0.011470 2.833206
0.755399 0.022661 0.020481 0.010538 0.000660 0.178786 0.011476 2.835369
0.755381 0.022656 0.020514 0.010549 0.000663 0.178757 0.011481 2.837595
0.755486 0.022652 0.020547 0.010570 0.000660 0.178594 0.011492 2.839822
0.755486 0.022627 0.020535 0.010593 0.000651 0.178605 0.011503 2.842064
