0.338810 0.063191 0.055983 0.032511 0.002260 0.500949 0.006295 1.644002
0.340828 0.061246 0.055981 0.032331 0.002253 0.501040 0.006322 1.650182
0.343497 0.058850 0.055946 0.032044 0.002258 0.501054 0.006351 1.656164
0.346606 0.056568 0.055590 0.031677 0.002246 0.500936 0.006378 1.661675
0.349934 0.054029 0.055237 0.031294 0.002229 0.500872 0.006404 1.667107
0.353606 0.051381 0.054803 0.030881 0.002224 0.500668 0.006437 1.672395
0.357378 0.049052 0.054045 0.030297 0.002225 0.500541 0.006463 1.677208
0.361294 0.046726 0.053326 0.029794 0.002210 0.500156 0.006495 1.681865
0.365278 0.044479 0.052488 0.029217 0.002211 0.499806 0.006522 1.686325
0.369401 0.042388 0.051559 0.028569 0.002204 0.499333 0.006547 1.690532
0.373619 0.040419 0.050507 0.027919 0.002182 0.498775 0.006580 1.694560
0.377838 0.038420 0.049529 0.027304 0.002169 0.498134 0.006607 1.698520
0.382080 0.036625 0.048370 0.026695 0.002161 0.497438 0.006632 1.702233
0.386441 0.034944 0.047344 0.026042 0.002148 0.496426 0.006654 1.705755
0.390907 0.033465 0.046178 0.025274 0.002131 0.495365 0.006680 1.709041
0.395385 0.031945 0.045035 0.024617 0.002102 0.494213 0.006703 1.712267
0.399891 0.030632 0.043885 0.023884 0.002097 0.492882 0.006729 1.715290
0.404319 0.029422 0.042706 0.023157 0.002084 0.491554 0.006757 1.718226
0.408866 0.028202 0.041510 0.022497 0.002058 0.490081 0.006786 1.721107
0.413379 0.027185 0.040389 0.021796 0.002039 0.488394 0.006819 1.723801
0.417967 0.026134 0.039343 0.021145 0.001998 0.486569 0.006845 1.726440
0.422487 0.025213 0.038298 0.020486 0.001988 0.484660 0.006868 1.728977
0.426971 0.024373 0.037215 0.019915 0.001956 0.482677 0.006893 1.731401
0.431517 0.023527 0.036178 0.019319 0.001935 0.480608 0.006918 1.733784
0.436061 0.022776 0.035110 0.018748 0.001897 0.478464 0.006944 1.736026
0.440635 0.022045 0.034078 0.018144 0.001868 0.476265 0.006966 1.738216
0.445157 0.021325 0.033125 0.017590 0.001846 0.473969 0.006988 1.740389
0.449700 0.020644 0.032136 0.017040 0.001812 0.471651 0.007016 1.742502
0.454204 0.020019 0.031198 0.016540 0.001785 0.469212 0.007043 1.744536
0.458567 0.019531 0.030361 0.016048 0.001761 0.466669 0.007063 1.746481
0.462953 0.019144 0.029468 0.015556 0.001728 0.464061 0.007089 1.748324
0.467311 0.018725 0.028632 0.015110 0.001700 0.461414 0.007109 1.750159
0.471694 0.018279 0.027831 0.014650 0.001676 0.458739 0.007130 1.751985
0.475995 0.017909 0.027052 0.014217 0.001660 0.456021 0.007147 1.753738
0.480371 0.017504 0.026306 0.013808 0.001636 0.453206 0.007170 1.755476
0.484747 0.017122 0.025603 0.013448 0.001610 0.450276 0.007194 1.757204
0.489082 0.016744 0.024911 0.013097 0.001584 0.447370 0.007213 1.758908
0.493401 0.016392 0.024255 0.012722 0.001562 0.444437 0.007230 1.760537
0.497681 0.016117 0.023600 0.012373 0.001539 0.441440 0.007251 1.762123
0.501822 0.015941 0.022954 0.012038 0.001513 0.438461 0.007272 1.763644
0.505914 0.015743 0.022338 0.011705 0.001467 0.435539 0.007293 1.765158
0.510013 0.015521 0.021795 0.011395 0.001435 0.432531 0.007312 1.766676
0.514094 0.015343 0.021218 0.011098 0.001408 0.429512 0.007328 1.768172
0.518164 0.015135 0.020678 0.010860 0.001381 0.426436 0.007347 1.769680
0.522065 0.014988 0.020204 0.010566 0.001350 0.423465 0.007363 1.771128
0.526051 0.014798 0.019726 0.010313 0.001324 0.420409 0.007381 1.772588
0.530000 0.014720 0.019252 0.010072 0.001306 0.417253 0.007397 1.773975
0.533803 0.014593 0.018857 0.009862 0.001272 0.414197 0.007417 1.775403
0.537661 0.014484 0.018455 0.009656 0.001249 0.411062 0.007434 1.776837
0.541520 0.014382 0.018071 0.009463 0.001234 0.407882 0.007449 1.778241
0.545339 0.014290 0.017720 0.009275 0.001215 0.404694 0.007467 1.779643
0.549020 0.014186 0.017355 0.009082 0.001186 0.401688 0.007483 1.781059
0.552825 0.014054 0.017048 0.008924 0.001167 0.398482 0.007499 1.782458
0.556534 0.013954 0.016687 0.008758 0.001141 0.395414 0.007512 1.783814
0.560150 0.013885 0.016386 0.008630 0.001116 0.392305 0.007528 1.785190
0.563682 0.013872 0.016098 0.008473 0.001095 0.389242 0.007539 1.786507
0.567292 0.013766 0.015918 0.008305 0.001069 0.386094 0.007556 1.787898
0.570738 0.013660 0.015699 0.008181 0.001035 0.383114 0.007574 1.789302
0.574314 0.013574 0.015481 0.008068 0.001020 0.379954 0.007590 1.790648
0.577717 0.013578 0.015251 0.007955 0.001001 0.376895 0.007602 1.791967
0.581127 0.013571 0.015069 0.007851 0.000995 0.373775 0.007613 1.793288
0.584410 0.013537 0.014848 0.007768 0.000971 0.370838 0.007628 1.794622
0.587700 0.013544 0.014648 0.007689 0.000957 0.367823 0.007639 1.795947
0.590953 0.013494 0.014504 0.007634 0.000937 0.364825 0.007653 1.797313
0.594067 0.013559 0.014365 0.007592 0.000918 0.361831 0.007668 1.798656
0.597278 0.013603 0.014187 0.007509 0.000901 0.358839 0.007682 1.799964
0.600406 0.013634 0.014056 0.007437 0.000887 0.355888 0.007694 1.801262
0.603481 0.013613 0.013909 0.007364 0.000871 0.353060 0.007702 1.802615
0.606540 0.013654 0.013744 0.007319 0.000856 0.350174 0.007714 1.803926
0.609406 0.013692 0.013637 0.007242 0.000834 0.347461 0.007727 1.805256
0.612385 0.013719 0.013528 0.007181 0.000817 0.344633 0.007736 1.806597
0.615347 0.013770 0.013404 0.007170 0.000805 0.341762 0.007743 1.807924
0.618142 0.013877 0.013305 0.007111 0.000797 0.339016 0.007751 1.809254
0.620913 0.013889 0.013270 0.007079 0.000788 0.336301 0.007761 1.810638
0.623704 0.013886 0.013237 0.007056 0.000781 0.333568 0.007769 1.812023
0.626468 0.013970 0.013127 0.007012 0.000769 0.330875 0.007780 1.813372
0.629219 0.013969 0.013127 0.006995 0.000753 0.328147 0.007790 1.814757
0.631879 0.014105 0.013054 0.006926 0.000746 0.325493 0.007797 1.816071
0.634459 0.014207 0.013032 0.006965 0.000742 0.322792 0.007805 1.817466
0.636931 0.014235 0.013051 0.006932 0.000732 0.320307 0.007813 1.818890
0.639468 0.014339 0.013036 0.006912 0.000715 0.317706 0.007823 1.820257
0.641896 0.014457 0.013033 0.006872 0.000707 0.315204 0.007834 1.821671
0.644212 0.014572 0.013030 0.006888 0.000688 0.312768 0.007843 1.823095
0.646604 0.014694 0.013054 0.006856 0.000676 0.310262 0.007854 1.824515
0.648944 0.014716 0.013090 0.006862 0.000671 0.307855 0.007863 1.826001
0.651164 0.014866 0.013128 0.006881 0.000659 0.305432 0.007870 1.827432
0.653360 0.014965 0.013139 0.006917 0.000655 0.303084 0.007881 1.828901
0.655525 0.015120 0.013180 0.006906 0.000652 0.300728 0.007889 1.830355
0.657656 0.015253 0.013217 0.006896 0.000640 0.298441 0.007898 1.831826
0.659812 0.015339 0.013261 0.006917 0.000622 0.296142 0.007907 1.833334
0.661809 0.015433 0.013316 0.006929 0.000615 0.293983 0.007915 1.834878
0.663795 0.015494 0.013435 0.006967 0.000607 0.291783 0.007921 1.836447
0.665952 0.015592 0.013494 0.006989 0.000605 0.289438 0.007930 1.837966
0.667824 0.015657 0.013594 0.007023 0.000600 0.287362 0.007940 1.839552
0.669745 0.015848 0.013626 0.007012 0.000595 0.285227 0.007948 1.841035
0.671615 0.016005 0.013642 0.007055 0.000594 0.283137 0.007955 1.842579
0.673506 0.016101 0.013703 0.007134 0.000591 0.281005 0.007961 1.844178
0.675233 0.016284 0.013765 0.007164 0.000584 0.279001 0.007968 1.845751
0.676932 0.016495 0.013763 0.007219 0.000581 0.277034 0.007977 1.847337
0.678566 0.016657 0.013874 0.007296 0.000574 0.275049 0.007984 1.848968
0.680122 0.016867 0.013941 0.007326 0.000567 0.273184 0.007994 1.850613
0.681708 0.017010 0.014041 0.007363 0.000570 0.271304 0.008004 1.852272
0.683267 0.017165 0.014135 0.007422 0.000563 0.269435 0.008014 1.853962
0.684744 0.017354 0.014235 0.007450 0.000558 0.267639 0.008021 1.855620
0.686182 0.017561 0.014321 0.007500 0.000556 0.265850 0.008031 1.857314
0.687706 0.017662 0.014406 0.007554 0.000559 0.264076 0.008038 1.859014
0.689184 0.017830 0.014491 0.007610 0.000553 0.262288 0.008044 1.860741
0.690470 0.018012 0.014598 0.007694 0.000551 0.260625 0.008051 1.862505
0.691849 0.018147 0.014689 0.007780 0.000556 0.258922 0.008058 1.864317
0.693102 0.018333 0.014770 0.007833 0.000550 0.257349 0.008065 1.866078
0.694320 0.018499 0.014872 0.007941 0.000548 0.255748 0.008072 1.867896
0.695509 0.018670 0.014949 0.008024 0.000549 0.254222 0.008077 1.869708
0.696703 0.018875 0.015110 0.008073 0.000543 0.252611 0.008085 1.871536
0.697833 0.019100 0.015234 0.008089 0.000541 0.251110 0.008092 1.873342
0.698883 0.019274 0.015328 0.008157 0.000541 0.249717 0.008100 1.875234
0.699908 0.019492 0.015461 0.008252 0.000539 0.248240 0.008109 1.877133
0.701005 0.019592 0.015612 0.008300 0.000537 0.246837 0.008118 1.879071
0.701924 0.019813 0.015697 0.008351 0.000541 0.245549 0.008126 1.880971
0.702937 0.020031 0.015844 0.008396 0.000541 0.244122 0.008129 1.882879
0.703806 0.020185 0.016024 0.008452 0.000534 0.242862 0.008138 1.884878
0.704669 0.020338 0.016258 0.008530 0.000540 0.241521 0.008144 1.886911
0.705583 0.020484 0.016351 0.008621 0.000535 0.240274 0.008151 1.888894
0.706344 0.020634 0.016533 0.008684 0.000530 0.239116 0.008160 1.890941
0.707082 0.020776 0.016714 0.008774 0.000539 0.237952 0.008163 1.893014
0.707864 0.020953 0.016811 0.008836 0.000534 0.236829 0.008173 1.895000
0.708663 0.021079 0.016952 0.008905 0.000536 0.235688 0.008177 1.897113
0.709390 0.021227 0.017065 0.008933 0.000535 0.234668 0.008182 1.899198
0.709979 0.021395 0.017200 0.008989 0.000544 0.233708 0.008186 1.901338
0.710650 0.021576 0.017349 0.009087 0.000541 0.232601 0.008196 1.903444
0.711161 0.021816 0.017533 0.009111 0.000539 0.231639 0.008201 1.905572
0.711679 0.022062 0.017648 0.009128 0.000532 0.230744 0.008207 1.907668
0.712183 0.022305 0.017791 0.009188 0.000538 0.229782 0.008214 1.909809
0.712598 0.022521 0.018005 0.009289 0.000537 0.228833 0.008217 1.912023
0.712994 0.022677 0.018166 0.009403 0.000532 0.228001 0.008227 1.914291
0.713465 0.022786 0.018333 0.009467 0.000538 0.227182 0.008231 1.916559
0.713845 0.022953 0.018502 0.009567 0.000543 0.226354 0.008237 1.918835
0.714276 0.023173 0.018581 0.009610 0.000544 0.225570 0.008246 1.921004
0.714682 0.023311 0.018762 0.009752 0.000544 0.224697 0.008253 1.923281
0.715133 0.023403 0.018980 0.009876 0.000550 0.223799 0.008258 1.925630
0.715472 0.023529 0.019176 0.009942 0.000559 0.223057 0.008264 1.927980
0.715791 0.023678 0.019331 0.010012 0.000565 0.222354 0.008269 1.930275
0.716041 0.023889 0.019445 0.010089 0.000573 0.221689 0.008275 1.932607
0.716299 0.024010 0.019581 0.010182 0.000573 0.221073 0.008283 1.935005
0.716603 0.024116 0.019766 0.010264 0.000579 0.220383 0.008289 1.937370
0.716923 0.024233 0.019954 0.010276 0.000585 0.219735 0.008294 1.939728
0.717142 0.024429 0.020079 0.010271 0.000595 0.219186 0.008299 1.942055
0.717457 0.024515 0.020198 0.010386 0.000602 0.218538 0.008305 1.944460
0.717663 0.024598 0.020379 0.010424 0.000607 0.218019 0.008312 1.946857
0.717745 0.024718 0.020519 0.010514 0.000611 0.217574 0.008319 1.949321
0.717933 0.024852 0.020616 0.010584 0.000615 0.217071 0.008328 1.951760
0.718095 0.025000 0.020670 0.010638 0.000619 0.216644 0.008334 1.954153
0.718303 0.025093 0.020751 0.010748 0.000622 0.216143 0.008340 1.956623
0.718456 0.025214 0.020899 0.010781 0.000625 0.215678 0.008347 1.959096
0.718563 0.025314 0.021079 0.010850 0.000624 0.215212 0.008358 1.961589
0.718742 0.025374 0.021233 0.010935 0.000627 0.214726 0.008364 1.964074
0.718888 0.025375 0.021298 0.011013 0.000636 0.214419 0.008371 1.966605
0.719031 0.025470 0.021386 0.011031 0.000638 0.214064 0.008381 1.969045
0.719075 0.025583 0.021519 0.011078 0.000653 0.213704 0.008389 1.971546
0.719083 0.025643 0.021676 0.011196 0.000645 0.213361 0.008397 1.974105
0.719229 0.025712 0.021715 0.011241 0.000644 0.213053 0.008408 1.976556
0.719420 0.025706 0.021885 0.011290 0.000644 0.212640 0.008416 1.979072
0.719579 0.025732 0.021886 0.011382 0.000650 0.212352 0.008421 1.981588
0.719612 0.025860 0.021954 0.011411 0.000655 0.212080 0.008428 1.984094
0.719706 0.025863 0.022154 0.011437 0.000655 0.211750 0.008434 1.986655
0.719861 0.025921 0.022203 0.011454 0.000664 0.211456 0.008440 1.989173
0.719957 0.025933 0.022311 0.011508 0.000670 0.211169 0.008452 1.991723
0.720026 0.026020 0.022426 0.011517 0.000667 0.210885 0.008460 1.994245
0.719973 0.026101 0.022565 0.011501 0.000666 0.210724 0.008470 1.996805
0.720039 0.026110 0.022630 0.011562 0.000663 0.210518 0.008477 1.999392
0.720019 0.026103 0.022790 0.011589 0.000664 0.210348 0.008487 2.002005
0.719990 0.026166 0.022854 0.011605 0.000665 0.210226 0.008495 2.004561
0.720057 0.026216 0.022906 0.011665 0.000661 0.209993 0.008503 2.007099
0.720042 0.026320 0.022956 0.011724 0.000666 0.209781 0.008512 2.009633
0.720122 0.026318 0.023009 0.011738 0.000665 0.209626 0.008522 2.012186
0.720130 0.026335 0.023020 0.011793 0.000657 0.209533 0.008532 2.014775
0.720209 0.026332 0.023026 0.011808 0.000662 0.209423 0.008541 2.017322
0.720226 0.026276 0.023116 0.011849 0.000668 0.209314 0.008550 2.019957
0.720307 0.026296 0.023180 0.011889 0.000658 0.209112 0.008558 2.022524
0.720399 0.026284 0.023218 0.011909 0.000660 0.208966 0.008565 2.025065
0.720410 0.026259 0.023304 0.011934 0.000657 0.208863 0.008573 2.027665
0.720531 0.026205 0.023294 0.012000 0.000648 0.208739 0.008583 2.030275
0.720632 0.026141 0.023324 0.011962 0.000655 0.208694 0.008591 2.032873
0.720681 0.026251 0.023290 0.011976 0.000657 0.208548 0.008598 2.035350
0.720834 0.026257 0.023304 0.011979 0.000655 0.208362 0.008610 2.037879
0.720904 0.026136 0.023346 0.011938 0.000656 0.208403 0.008617 2.040456
0.720950 0.026049 0.023412 0.011950 0.000667 0.208349 0.008622 2.043089
0.720998 0.026076 0.023396 0.011923 0.000669 0.208305 0.008635 2.045613
0.720969 0.026000 0.023409 0.011957 0.000674 0.208348 0.008644 2.048257
0.721152 0.025874 0.023475 0.011942 0.000678 0.208229 0.008650 2.050835
0.721292 0.025814 0.023461 0.011883 0.000676 0.208215 0.008660 2.053383
0.721383 0.025797 0.023479 0.011879 0.000680 0.208117 0.008667 2.055883
0.721487 0.025769 0.023487 0.011903 0.000689 0.207993 0.008673 2.058426
0.721575 0.025786 0.023450 0.011894 0.000686 0.207927 0.008682 2.060934
0.721652 0.025708 0.023501 0.011943 0.000696 0.207810 0.008690 2.063525
0.721800 0.025657 0.023480 0.011931 0.000696 0.207739 0.008698 2.066026
0.722079 0.025534 0.023488 0.011929 0.000697 0.207568 0.008705 2.068535
0.722261 0.025444 0.023589 0.011896 0.000706 0.207391 0.008714 2.071068
0.722454 0.025414 0.023540 0.011863 0.000710 0.207297 0.008724 2.073543
0.722554 0.025386 0.023563 0.011900 0.000712 0.207154 0.008731 2.076012
0.722743 0.025276 0.023522 0.011898 0.000706 0.207114 0.008739 2.078535
0.722927 0.025244 0.023460 0.011892 0.000705 0.207025 0.008747 2.080965
0.723154 0.025219 0.023410 0.011892 0.000707 0.206864 0.008754 2.083403
0.723478 0.025036 0.023390 0.011906 0.000713 0.206712 0.008765 2.085920
0.723666 0.024936 0.023345 0.011916 0.000719 0.206645 0.008773 2.088405
0.723859 0.024913 0.023223 0.011875 0.000720 0.206633 0.008778 2.090834
0.723992 0.024913 0.023119 0.011853 0.000721 0.206614 0.008788 2.093231
0.724262 0.024848 0.023033 0.011811 0.000724 0.206525 0.008797 2.095652
0.724447 0.024849 0.023009 0.011768 0.000730 0.206392 0.008805 2.098064
0.724760 0.024737 0.022996 0.011729 0.000712 0.206250 0.008815 2.100510
0.724880 0.024691 0.022971 0.011682 0.000721 0.206234 0.008823 2.102971
0.725109 0.024636 0.022941 0.011674 0.000720 0.206093 0.008828 2.105397
0.725350 0.024587 0.022903 0.011601 0.000729 0.205992 0.008838 2.107819
0.725625 0.024447 0.022898 0.011595 0.000728 0.205859 0.008847 2.110245
0.725831 0.024417 0.022849 0.011596 0.000716 0.205732 0.008859 2.112625
0.726126 0.024356 0.022793 0.011586 0.000715 0.205554 0.008870 2.114994
0.726361 0.024351 0.022721 0.011597 0.000713 0.205378 0.008878 2.117354
0.726604 0.024247 0.022683 0.011590 0.000718 0.205268 0.008889 2.119776
0.726889 0.024207 0.022594 0.011548 0.000722 0.205143 0.008897 2.122139
0.727177 0.024203 0.022512 0.011534 0.000731 0.204937 0.008907 2.124497
0.727477 0.024204 0.022419 0.011544 0.000722 0.204714 0.008921 2.126798
0.727712 0.024185 0.022375 0.011514 0.000721 0.204565 0.008928 2.129163
0.728032 0.024088 0.022311 0.011543 0.000720 0.204369 0.008937 2.131545
0.728330 0.024049 0.022297 0.011514 0.000718 0.204148 0.008944 2.133886
0.728594 0.023978 0.022205 0.011509 0.000728 0.204037 0.008949 2.136237
0.728873 0.023929 0.022188 0.011434 0.000732 0.203884 0.008959 2.138558
0.729223 0.023874 0.022150 0.011391 0.000724 0.203671 0.008968 2.140851
0.729441 0.023797 0.022115 0.011393 0.000730 0.203544 0.008980 2.143221
0.729688 0.023780 0.022047 0.011345 0.000729 0.203420 0.008992 2.145550
0.729873 0.023685 0.022017 0.011320 0.000718 0.203385 0.009003 2.147914
0.730137 0.023651 0.022015 0.011214 0.000717 0.203255 0.009012 2.150211
0.730395 0.023578 0.022033 0.011230 0.000719 0.203022 0.009022 2.152571
0.730716 0.023524 0.021967 0.011184 0.000708 0.202868 0.009033 2.154866
0.731061 0.023504 0.021908 0.011175 0.000706 0.202602 0.009044 2.157145
0.731358 0.023412 0.021900 0.011158 0.000710 0.202413 0.009051 2.159481
0.731615 0.023384 0.021895 0.011123 0.000708 0.202218 0.009058 2.161755
0.731871 0.023415 0.021821 0.011081 0.000714 0.202033 0.009066 2.163945
0.732163 0.023330 0.021673 0.011105 0.000711 0.201943 0.009074 2.166249
0.732423 0.023249 0.021626 0.011110 0.000705 0.201806 0.009082 2.168558
0.732706 0.023190 0.021616 0.011097 0.000707 0.201593 0.009091 2.170838
0.732970 0.023164 0.021616 0.011077 0.000713 0.201359 0.009101 2.173106
0.733195 0.023076 0.021664 0.011027 0.000717 0.201213 0.009107 2.175446
0.733473 0.023093 0.021586 0.011037 0.000708 0.200986 0.009118 2.177694
0.733760 0.023122 0.021499 0.011021 0.000708 0.200764 0.009126 2.179886
0.734028 0.023139 0.021438 0.010991 0.000702 0.200566 0.009135 2.182150
0.734230 0.023155 0.021400 0.010937 0.000703 0.200432 0.009143 2.184408
0.734519 0.023091 0.021361 0.010949 0.000701 0.200230 0.009150 2.186693
0.734882 0.023043 0.021288 0.010959 0.000700 0.199970 0.009159 2.188916
0.735175 0.023046 0.021241 0.010914 0.000691 0.199760 0.009172 2.191142
0.735516 0.023092 0.021218 0.010887 0.000686 0.199420 0.009183 2.193338
0.735778 0.023032 0.021241 0.010880 0.000688 0.199190 0.009189 2.195608
0.735964 0.022990 0.021240 0.010872 0.000688 0.199049 0.009197 2.197920
0.736263 0.022901 0.021213 0.010872 0.000692 0.198851 0.009209 2.200194
0.736669 0.022811 0.021207 0.010854 0.000693 0.198550 0.009217 2.202429
0.736885 0.022848 0.021147 0.010852 0.000695 0.198345 0.009228 2.204664
0.737135 0.022806 0.021164 0.010841 0.000692 0.198126 0.009237 2.206951
0.737436 0.022804 0.021169 0.010840 0.000686 0.197822 0.009243 2.209181
0.737756 0.022709 0.021139 0.010839 0.000686 0.197618 0.009255 2.211450
0.738010 0.022633 0.021114 0.010830 0.000688 0.197460 0.009265 2.213723
0.738273 0.022673 0.021042 0.010777 0.000688 0.197272 0.009275 2.215911
0.738478 0.022706 0.020996 0.010734 0.000691 0.197113 0.009282 2.218130
0.738781 0.022650 0.020963 0.010711 0.000689 0.196914 0.009293 2.220373
0.738970 0.022666 0.020940 0.010676 0.000690 0.196758 0.009299 2.222625
0.739261 0.022651 0.020851 0.010651 0.000691 0.196589 0.009306 2.224835
0.739526 0.022550 0.020928 0.010689 0.000685 0.196307 0.009317 2.227121
0.739770 0.022521 0.020892 0.010686 0.000685 0.196118 0.009327 2.229346
0.740017 0.022515 0.020881 0.010688 0.000688 0.195871 0.009339 2.231551
0.740295 0.022537 0.020788 0.010669 0.000689 0.195675 0.009348 2.233744
0.740540 0.022502 0.020734 0.010657 0.000696 0.195517 0.009355 2.235960
0.740811 0.022490 0.020694 0.010645 0.000709 0.195288 0.009362 2.238166
0.741175 0.022445 0.020682 0.010604 0.000702 0.195019 0.009373 2.240360
0.741363 0.022412 0.020647 0.010618 0.000704 0.194876 0.009380 2.242593
0.741660 0.022417 0.020611 0.010580 0.000695 0.194647 0.009391 2.244771
0.741840 0.022481 0.020609 0.010562 0.000690 0.194419 0.009399 2.246981
0.742036 0.022544 0.020597 0.010505 0.000688 0.194226 0.009406 2.249153
0.742196 0.022574 0.020619 0.010496 0.000687 0.194013 0.009416 2.251383
0.742387 0.022627 0.020576 0.010510 0.000684 0.193792 0.009424 2.253609
0.742496 0.022646 0.020573 0.010524 0.000684 0.193647 0.009432 2.255867
0.742670 0.022633 0.020614 0.010574 0.000691 0.193379 0.009440 2.258147
0.742794 0.022673 0.020593 0.010584 0.000695 0.193214 0.009447 2.260359
0.742917 0.022748 0.020627 0.010561 0.000690 0.193001 0.009456 2.262559
0.743080 0.022800 0.020646 0.010577 0.000690 0.192745 0.009464 2.264796
0.743223 0.022808 0.020630 0.010585 0.000689 0.192595 0.009472 2.267028
0.743402 0.022787 0.020656 0.010571 0.000686 0.192416 0.009483 2.269287
0.743568 0.022772 0.020728 0.010590 0.000681 0.192170 0.009491 2.271576
0.743644 0.022771 0.020741 0.010652 0.000679 0.192014 0.009499 2.273914
0.743836 0.022837 0.020743 0.010617 0.000684 0.191778 0.009505 2.276123
0.744011 0.022872 0.020663 0.010591 0.000694 0.191658 0.009512 2.278305
0.744168 0.022911 0.020661 0.010559 0.000697 0.191484 0.009522 2.280535
0.744296 0.022916 0.020661 0.010603 0.000700 0.191296 0.009529 2.282808
0.744427 0.022965 0.020678 0.010596 0.000693 0.191103 0.009539 2.285030
0.744558 0.022949 0.020694 0.010589 0.000685 0.190979 0.009547 2.287331
0.744627 0.022977 0.020744 0.010611 0.000687 0.190799 0.009556 2.289569
0.744792 0.022981 0.020729 0.010634 0.000682 0.190616 0.009568 2.291841
0.744887 0.023003 0.020743 0.010656 0.000681 0.190456 0.009575 2.294099
0.744994 0.022983 0.020790 0.010625 0.000680 0.190344 0.009584 2.296360
0.745104 0.023021 0.020804 0.010599 0.000674 0.190201 0.009597 2.298586
0.745198 0.023038 0.020805 0.010611 0.000668 0.190077 0.009603 2.300835
0.745355 0.023111 0.020748 0.010643 0.000666 0.189869 0.009610 2.303036
0.745514 0.023086 0.020805 0.010649 0.000673 0.189655 0.009618 2.305344
0.745583 0.023117 0.020812 0.010677 0.000666 0.189514 0.009630 2.307608
0.745719 0.023111 0.020820 0.010666 0.000667 0.189379 0.009638 2.309887
0.745714 0.023101 0.020829 0.010663 0.000672 0.189374 0.009646 2.312197
0.745749 0.023157 0.020807 0.010671 0.000675 0.189289 0.009653 2.314466
0.745859 0.023205 0.020827 0.010637 0.000674 0.189138 0.009661 2.316715
0.745898 0.023238 0.020828 0.010688 0.000673 0.189005 0.009669 2.319024
0.745970 0.023292 0.020825 0.010714 0.000666 0.188855 0.009678 2.321303
0.745982 0.023268 0.020874 0.010768 0.000654 0.188767 0.009689 2.323607
0.745967 0.023347 0.020864 0.010767 0.000654 0.188703 0.009698 2.325874
0.745999 0.023425 0.020829 0.010721 0.000655 0.188667 0.009706 2.328112
0.746052 0.023442 0.020835 0.010712 0.000656 0.188589 0.009714 2.330407
0.746162 0.023483 0.020828 0.010735 0.000647 0.188422 0.009723 2.332669
0.746220 0.023494 0.020866 0.010722 0.000652 0.188315 0.009733 2.334941
0.746262 0.023547 0.020879 0.010694 0.000651 0.188228 0.009739 2.337204
0.746246 0.023547 0.020967 0.010736 0.000644 0.188113 0.009748 2.339528
0.746230 0.023577 0.021039 0.010768 0.000643 0.187989 0.009754 2.341844
0.746287 0.023585 0.021021 0.010803 0.000642 0.187902 0.009760 2.344118
0.746304 0.023646 0.021012 0.010820 0.000638 0.187813 0.009768 2.346388
0.746311 0.023727 0.020984 0.010823 0.000636 0.187739 0.009782 2.348671
0.746253 0.023788 0.021002 0.010864 0.000640 0.187663 0.009790 2.350998
0.746256 0.023748 0.021133 0.010903 0.000640 0.187524 0.009797 2.353387
0.746272 0.023758 0.021110 0.010909 0.000641 0.187506 0.009805 2.355689
0.746279 0.023711 0.021132 0.010937 0.000639 0.187487 0.009816 2.358038
0.746247 0.023740 0.021161 0.010907 0.000641 0.187478 0.009826 2.360355
0.746277 0.023730 0.021205 0.010924 0.000638 0.187391 0.009836 2.362703
0.746314 0.023720 0.021276 0.010933 0.000641 0.187273 0.009845 2.365045
0.746257 0.023810 0.021285 0.010892 0.000644 0.187261 0.009852 2.367338
0.746347 0.023741 0.021357 0.010907 0.000640 0.187148 0.009860 2.369683
0.746440 0.023720 0.021356 0.010886 0.000636 0.187094 0.009869 2.371983
0.746368 0.023810 0.021335 0.010832 0.000632 0.187144 0.009880 2.374269
0.746321 0.023846 0.021354 0.010805 0.000636 0.187150 0.009889 2.376552
0.746336 0.023894 0.021337 0.010867 0.000643 0.187029 0.009895 2.378875
0.746355 0.023922 0.021317 0.010827 0.000652 0.187024 0.009904 2.381192
0.746305 0.023945 0.021322 0.010841 0.000655 0.187022 0.009911 2.383526
0.746318 0.023849 0.021436 0.010870 0.000667 0.186943 0.009918 2.385910
0.746372 0.023753 0.021470 0.010897 0.000671 0.186909 0.009928 2.388283
0.746372 0.023707 0.021492 0.010905 0.000674 0.186915 0.009934 2.390639
0.746295 0.023668 0.021529 0.010925 0.000670 0.186968 0.009945 2.393021
0.746386 0.023599 0.021504 0.010925 0.000672 0.186961 0.009954 2.395372
0.746396 0.023591 0.021530 0.010922 0.000670 0.186929 0.009962 2.397713
0.746322 0.023604 0.021523 0.010934 0.000668 0.186979 0.009971 2.400094
0.746417 0.023613 0.021522 0.010922 0.000668 0.186882 0.009976 2.402387
0.746373 0.023655 0.021497 0.010897 0.000665 0.186930 0.009983 2.404652
0.746443 0.023658 0.021446 0.010888 0.000665 0.186907 0.009993 2.406916
0.746460 0.023765 0.021440 0.010865 0.000663 0.186803 0.010003 2.409193
0.746416 0.023822 0.021459 0.010865 0.000665 0.186762 0.010011 2.411509
0.746467 0.023757 0.021465 0.010860 0.000661 0.186773 0.010017 2.413868
0.746560 0.023670 0.021487 0.010847 0.000664 0.186750 0.010023 2.416224
0.746651 0.023639 0.021520 0.010860 0.000662 0.186637 0.010030 2.418554
0.746647 0.023591 0.021528 0.010898 0.000662 0.186634 0.010039 2.420909
0.746730 0.023561 0.021534 0.010924 0.000670 0.186533 0.010047 2.423248
0.746804 0.023503 0.021526 0.010934 0.000678 0.186501 0.010055 2.425574
0.746850 0.023509 0.021465 0.010881 0.000679 0.186555 0.010063 2.427859
0.746838 0.023499 0.021453 0.010895 0.000675 0.186566 0.010074 2.430203
0.746858 0.023555 0.021424 0.010911 0.000675 0.186494 0.010084 2.432466
0.746877 0.023678 0.021397 0.010902 0.000682 0.186377 0.010088 2.434696
0.746813 0.023690 0.021382 0.010887 0.000685 0.186446 0.010098 2.437005
0.746820 0.023718 0.021401 0.010841 0.000684 0.186428 0.010109 2.439304
0.746803 0.023701 0.021390 0.010853 0.000682 0.186454 0.010118 2.441649
0.746733 0.023769 0.021375 0.010858 0.000675 0.186463 0.010129 2.443928
0.746814 0.023786 0.021331 0.010867 0.000674 0.186391 0.010138 2.446220
0.746867 0.023746 0.021310 0.010912 0.000680 0.186339 0.010146 2.448540
0.746793 0.023826 0.021304 0.010892 0.000684 0.186348 0.010154 2.450863
0.746775 0.023804 0.021330 0.010880 0.000686 0.186366 0.010159 2.453187
0.746780 0.023768 0.021351 0.010937 0.000690 0.186309 0.010165 2.455549
0.746793 0.023741 0.021319 0.010980 0.000692 0.186303 0.010172 2.457906
0.746793 0.023789 0.021262 0.010971 0.000698 0.186307 0.010179 2.460164
0.746821 0.023747 0.021312 0.010989 0.000715 0.186231 0.010186 2.462519
0.746926 0.023615 0.021317 0.011028 0.000715 0.186202 0.010197 2.464887
0.746960 0.023590 0.021358 0.011016 0.000715 0.186155 0.010206 2.467234
0.746955 0.023524 0.021368 0.010968 0.000715 0.186257 0.010214 2.469550
0.746938 0.023525 0.021335 0.010977 0.000716 0.186288 0.010222 2.471848
0.747025 0.023510 0.021308 0.010976 0.000709 0.186238 0.010234 2.474111
0.747079 0.023464 0.021342 0.010982 0.000705 0.186182 0.010245 2.476437
0.747160 0.023381 0.021352 0.010969 0.000709 0.186174 0.010254 2.478778
0.747210 0.023409 0.021336 0.010938 0.000705 0.186140 0.010263 2.481031
0.747216 0.023396 0.021362 0.010894 0.000709 0.186153 0.010271 2.483355
0.747221 0.023386 0.021341 0.010878 0.000706 0.186186 0.010281 2.485662
0.747224 0.023343 0.021370 0.010870 0.000701 0.186201 0.010291 2.487989
0.747224 0.023357 0.021318 0.010895 0.000700 0.186205 0.010300 2.490278
0.747243 0.023386 0.021271 0.010914 0.000701 0.186181 0.010304 2.492539
0.747327 0.023320 0.021280 0.010943 0.000692 0.186125 0.010314 2.494842
0.747276 0.023344 0.021317 0.010879 0.000690 0.186173 0.010323 2.497131
0.747292 0.023351 0.021320 0.010876 0.000685 0.186142 0.010334 2.499440
0.747366 0.023351 0.021310 0.010842 0.000679 0.186109 0.010343 2.501741
0.747300 0.023432 0.021305 0.010837 0.000679 0.186096 0.010349 2.504026
0.747304 0.023452 0.021327 0.010816 0.000674 0.186069 0.010359 2.506312
0.747281 0.023458 0.021373 0.010856 0.000667 0.185995 0.010370 2.508642
0.747237 0.023449 0.021425 0.010864 0.000664 0.185983 0.010379 2.510984
0.747233 0.023375 0.021403 0.010883 0.000668 0.186052 0.010388 2.513323
0.747189 0.023343 0.021437 0.010922 0.000672 0.186041 0.010396 2.515666
0.747176 0.023299 0.021461 0.010979 0.000668 0.186015 0.010403 2.518019
0.747164 0.023364 0.021444 0.010977 0.000668 0.185972 0.010410 2.520306
0.747214 0.023348 0.021439 0.010952 0.000673 0.185955 0.010420 2.522601
0.747311 0.023284 0.021431 0.010997 0.000675 0.185874 0.010429 2.524896
0.747377 0.023240 0.021433 0.010989 0.000676 0.185849 0.010436 2.527219
0.747407 0.023307 0.021398 0.010952 0.000667 0.185823 0.010446 2.529438
0.747505 0.023309 0.021371 0.010954 0.000662 0.185748 0.010452 2.531719
0.747560 0.023314 0.021340 0.010969 0.000661 0.185694 0.010462 2.534015
0.747589 0.023338 0.021303 0.010976 0.000657 0.185669 0.010470 2.536310
0.747568 0.023362 0.021379 0.010969 0.000657 0.185587 0.010477 2.538651
0.747566 0.023364 0.021403 0.010986 0.000653 0.185542 0.010485 2.540984
0.747524 0.023368 0.021429 0.010979 0.000650 0.185555 0.010495 2.543292
0.747538 0.023435 0.021381 0.010937 0.000659 0.185548 0.010503 2.545529
0.747535 0.023425 0.021360 0.010920 0.000666 0.185580 0.010514 2.547855
0.747544 0.023457 0.021335 0.010898 0.000663 0.185580 0.010523 2.550117
0.747588 0.023352 0.021366 0.010910 0.000662 0.185592 0.010530 2.552488
0.747590 0.023416 0.021329 0.010879 0.000661 0.185590 0.010534 2.554763
0.747571 0.023411 0.021363 0.010900 0.000669 0.185546 0.010540 2.557097
0.747682 0.023312 0.021408 0.010919 0.000667 0.185462 0.010550 2.559421
0.747700 0.023321 0.021324 0.010980 0.000658 0.185455 0.010561 2.561721
0.747710 0.023285 0.021313 0.010961 0.000660 0.185504 0.010567 2.564027
0.747716 0.023283 0.021320 0.010963 0.000667 0.185478 0.010573 2.566320
0.747712 0.023292 0.021300 0.010918 0.000668 0.185528 0.010582 2.568604
0.747820 0.023212 0.021279 0.010916 0.000673 0.185512 0.010588 2.570920
0.747823 0.023195 0.021315 0.010906 0.000667 0.185497 0.010596 2.573230
0.747908 0.023187 0.021291 0.010878 0.000658 0.185468 0.010611 2.575493
0.747952 0.023126 0.021336 0.010922 0.000670 0.185377 0.010617 2.577837
0.747983 0.023145 0.021324 0.010918 0.000674 0.185332 0.010625 2.580143
0.748073 0.023102 0.021269 0.010921 0.000673 0.185329 0.010634 2.582434
0.748127 0.023100 0.021267 0.010932 0.000669 0.185261 0.010643 2.584724
0.748096 0.023183 0.021221 0.010922 0.000673 0.185251 0.010655 2.586964
0.748137 0.023258 0.021219 0.010910 0.000672 0.185137 0.010668 2.589208
0.748150 0.023249 0.021210 0.010889 0.000665 0.185158 0.010679 2.591484
0.748295 0.023159 0.021244 0.010897 0.000667 0.185054 0.010682 2.593794
0.748412 0.023123 0.021287 0.010854 0.000667 0.184969 0.010689 2.596067
0.748380 0.023212 0.021335 0.010790 0.000667 0.184918 0.010701 2.598288
0.748371 0.023165 0.021368 0.010792 0.000674 0.184922 0.010708 2.600593
0.748363 0.023183 0.021374 0.010794 0.000681 0.184889 0.010716 2.602918
0.748496 0.023175 0.021357 0.010772 0.000683 0.184794 0.010722 2.605169
0.748533 0.023233 0.021360 0.010725 0.000684 0.184736 0.010728 2.607375
0.748612 0.023204 0.021393 0.010755 0.000690 0.184612 0.010735 2.609654
0.748694 0.023194 0.021449 0.010708 0.000693 0.184520 0.010742 2.611946
0.748661 0.023280 0.021392 0.010669 0.000699 0.184552 0.010749 2.614187
0.748677 0.023275 0.021392 0.010676 0.000687 0.184536 0.010758 2.616468
0.748685 0.023298 0.021407 0.010667 0.000687 0.184493 0.010765 2.618779
0.748571 0.023344 0.021401 0.010682 0.000680 0.184553 0.010771 2.621089
0.748659 0.023290 0.021398 0.010740 0.000690 0.184445 0.010779 2.623418
0.748693 0.023325 0.021344 0.010712 0.000692 0.184448 0.010786 2.625662
0.748669 0.023414 0.021359 0.010696 0.000686 0.184383 0.010794 2.627907
0.748620 0.023438 0.021370 0.010697 0.000684 0.184390 0.010802 2.630169
0.748608 0.023489 0.021411 0.010684 0.000683 0.184319 0.010806 2.632454
0.748657 0.023463 0.021367 0.010693 0.000680 0.184326 0.010815 2.634758
0.748666 0.023485 0.021305 0.010702 0.000686 0.184332 0.010822 2.637024
0.748704 0.023492 0.021333 0.010731 0.000671 0.184234 0.010836 2.639324
0.748633 0.023493 0.021363 0.010770 0.000671 0.184228 0.010843 2.641680
0.748615 0.023542 0.021350 0.010761 0.000677 0.184204 0.010851 2.643957
0.748733 0.023480 0.021369 0.010779 0.000671 0.184109 0.010859 2.646287
0.748776 0.023483 0.021351 0.010728 0.000667 0.184127 0.010868 2.648564
0.748757 0.023479 0.021405 0.010705 0.000666 0.184112 0.010875 2.650850
0.748754 0.023526 0.021355 0.010755 0.000665 0.184065 0.010881 2.653132
0.748791 0.023498 0.021435 0.010791 0.000660 0.183939 0.010886 2.655494
0.748723 0.023547 0.021447 0.010771 0.000653 0.183963 0.010896 2.657782
0.748765 0.023575 0.021465 0.010778 0.000665 0.183848 0.010903 2.660071
0.748730 0.023572 0.021531 0.010777 0.000665 0.183813 0.010911 2.662413
0.748690 0.023533 0.021526 0.010780 0.000660 0.183894 0.010917 2.664756
0.748722 0.023553 0.021481 0.010759 0.000668 0.183892 0.010925 2.667036
0.748729 0.023511 0.021488 0.010785 0.000661 0.183890 0.010936 2.669370
0.748706 0.023509 0.021495 0.010795 0.000670 0.183885 0.010940 2.671663
0.748670 0.023547 0.021473 0.010799 0.000667 0.183897 0.010947 2.673958
0.748555 0.023643 0.021484 0.010836 0.000659 0.183869 0.010954 2.676239
0.748586 0.023518 0.021517 0.010874 0.000659 0.183884 0.010961 2.678632
0.748526 0.023560 0.021562 0.010883 0.000653 0.183845 0.010971 2.680915
0.748471 0.023613 0.021570 0.010902 0.000649 0.183812 0.010983 2.683231
0.748444 0.023599 0.021560 0.010890 0.000652 0.183866 0.010991 2.685560
0.748320 0.023583 0.021639 0.010880 0.000663 0.183916 0.010998 2.687924
0.748274 0.023562 0.021649 0.010911 0.000658 0.183937 0.011008 2.690224
0.748216 0.023627 0.021656 0.010870 0.000652 0.183962 0.011018 2.692506
0.748166 0.023648 0.021671 0.010864 0.000660 0.183965 0.011027 2.694856
0.748212 0.023581 0.021677 0.010914 0.000664 0.183920 0.011033 2.697200
0.748226 0.023533 0.021642 0.010896 0.000654 0.184005 0.011043 2.699518
0.748215 0.023549 0.021644 0.010870 0.000654 0.184017 0.011051 2.701819
0.748237 0.023549 0.021657 0.010895 0.000661 0.183945 0.011056 2.704116
0.748206 0.023537 0.021624 0.010917 0.000661 0.183991 0.011063 2.706419
0.748275 0.023444 0.021660 0.010923 0.000661 0.183963 0.011075 2.708784
0.748312 0.023459 0.021633 0.010907 0.000663 0.183947 0.011079 2.711092
0.748270 0.023463 0.021633 0.010879 0.000659 0.184006 0.011088 2.713414
0.748124 0.023515 0.021680 0.010896 0.000662 0.184024 0.011098 2.715741
0.748131 0.023471 0.021627 0.010930 0.000667 0.184065 0.011109 2.718056
0.748191 0.023440 0.021572 0.010942 0.000669 0.184071 0.011116 2.720338
0.748204 0.023459 0.021536 0.010923 0.000668 0.184085 0.011125 2.722599
0.748238 0.023373 0.021530 0.010918 0.000662 0.184149 0.011130 2.724938
0.748201 0.023380 0.021493 0.010961 0.000664 0.184166 0.011135 2.727231
0.748150 0.023435 0.021432 0.010934 0.000674 0.184233 0.011142 2.729464
0.748150 0.023456 0.021379 0.010911 0.000672 0.184280 0.011153 2.731747
0.748113 0.023448 0.021367 0.010886 0.000680 0.184344 0.011160 2.734034
0.748125 0.023479 0.021336 0.010825 0.000687 0.184378 0.011169 2.736304
0.748193 0.023426 0.021367 0.010855 0.000680 0.184300 0.011180 2.738639
0.748227 0.023414 0.021379 0.010806 0.000685 0.184303 0.011187 2.740939
0.748274 0.023458 0.021389 0.010763 0.000684 0.184235 0.011196 2.743192
0.748325 0.023356 0.021481 0.010736 0.000681 0.184213 0.011206 2.745536
0.748357 0.023331 0.021480 0.010728 0.000689 0.184201 0.011214 2.747822
0.748391 0.023361 0.021422 0.010708 0.000696 0.184201 0.011221 2.750046
0.748343 0.023354 0.021463 0.010693 0.000700 0.184216 0.011232 2.752351
0.748456 0.023290 0.021488 0.010712 0.000692 0.184123 0.011240 2.754655
0.748411 0.023314 0.021552 0.010741 0.000681 0.184051 0.011250 2.756980
0.748485 0.023241 0.021515 0.010735 0.000680 0.184084 0.011261 2.759308
0.748500 0.023218 0.021496 0.010677 0.000684 0.184158 0.011269 2.761595
0.748604 0.023198 0.021426 0.010710 0.000684 0.184102 0.011278 2.763863
0.748641 0.023152 0.021396 0.010767 0.000687 0.184073 0.011286 2.766167
0.748615 0.023238 0.021341 0.010739 0.000680 0.184092 0.011295 2.768436
0.748571 0.023245 0.021321 0.010765 0.000678 0.184115 0.011304 2.770707
0.748537 0.023236 0.021298 0.010757 0.000674 0.184185 0.011313 2.773001
0.748559 0.023277 0.021264 0.010782 0.000674 0.184122 0.011323 2.775274
0.748555 0.023298 0.021266 0.010751 0.000669 0.184131 0.011331 2.777533
0.748626 0.023268 0.021276 0.010769 0.000670 0.184054 0.011338 2.779817
0.748689 0.023285 0.021316 0.010774 0.000667 0.183923 0.011347 2.782095
0.748774 0.023279 0.021283 0.010789 0.000664 0.183855 0.011356 2.784343
0.748817 0.023298 0.021221 0.010775 0.000668 0.183859 0.011362 2.786550
0.748837 0.023338 0.021243 0.010754 0.000677 0.183779 0.011372 2.788826
0.748860 0.023341 0.021192 0.010781 0.000676 0.183765 0.011384 2.791112
0.748885 0.023378 0.021153 0.010777 0.000667 0.183748 0.011392 2.793373
0.748881 0.023425 0.021165 0.010775 0.000669 0.183683 0.011402 2.795636
0.748857 0.023410 0.021215 0.010826 0.000667 0.183617 0.011409 2.797960
0.748796 0.023407 0.021286 0.010831 0.000665 0.183599 0.011416 2.800295
0.748854 0.023402 0.021335 0.010840 0.000659 0.183484 0.011426 2.802585
0.748834 0.023427 0.021310 0.010824 0.000662 0.183512 0.011432 2.804856
0.748892 0.023457 0.021287 0.010779 0.000658 0.183485 0.011442 2.807119
0.748807 0.023507 0.021229 0.010800 0.000657 0.183553 0.011447 2.809403
0.748815 0.023539 0.021262 0.010788 0.000658 0.183484 0.011454 2.811671
0.748798 0.023547 0.021219 0.010789 0.000650 0.183530 0.011467 2.813952
0.748776 0.023614 0.021179 0.010787 0.000653 0.183517 0.011474 2.816219
0.748773 0.023566 0.021240 0.010818 0.000651 0.183469 0.011482 2.818558
0.748769 0.023484 0.021286 0.010823 0.000653 0.183497 0.011489 2.820887
0.748735 0.023497 0.021263 0.010869 0.000659 0.183481 0.011496 2.823191
0.748781 0.023441 0.021259 0.010888 0.000646 0.183477 0.011508 2.825520
0.748796 0.023396 0.021258 0.010922 0.000648 0.183461 0.011519 2.827849
0.748874 0.023300 0.021288 0.010945 0.000647 0.183421 0.011526 2.830191
0.748839 0.023327 0.021258 0.010926 0.000649 0.183465 0.011536 2.832478
0.748860 0.023306 0.021263 0.010940 0.000648 0.183440 0.011542 2.834768
0.748899 0.023343 0.021290 0.010901 0.000653 0.183366 0.011549 2.837068
0.748879 0.023387 0.021317 0.010860 0.000651 0.183345 0.011561 2.839308
0.748815 0.023442 0.021299 0.010860 0.000644 0.183374 0.011568 2.841598
0.748778 0.023453 0.021238 0.010832 0.000649 0.183472 0.011578 2.843905
0.748715 0.023517 0.021203 0.010808 0.000643 0.183526 0.011589 2.846159
0.748723 0.023480 0.021263 0.010831 0.000653 0.183457 0.011594 2.848504
0.748743 0.023490 0.021324 0.010817 0.000647 0.183376 0.011602 2.850783
0.748844 0.023474 0.021290 0.010805 0.000650 0.183329 0.011608 2.853026
0.748807 0.023476 0.021287 0.010808 0.000650 0.183356 0.011615 2.855347
0.748770 0.023491 0.021311 0.010797 0.000654 0.183354 0.011622 2.857640
0.748762 0.023518 0.021332 0.010768 0.000656 0.183334 0.011631 2.859961
0.748804 0.023468 0.021344 0.010802 0.000656 0.183287 0.011638 2.862283
0.748857 0.023448 0.021328 0.010839 0.000658 0.183225 0.011646 2.864594
0.748822 0.023460 0.021260 0.010842 0.000662 0.183301 0.011654 2.866888
0.748792 0.023482 0.021285 0.010857 0.000663 0.183261 0.011661 2.869210
0.748717 0.023471 0.021335 0.010836 0.000668 0.183302 0.011671 2.871528
0.748670 0.023495 0.021379 0.010847 0.000680 0.183251 0.011678 2.873842
0.748671 0.023465 0.021378 0.010839 0.000681 0.183279 0.011687 2.876102
0.748714 0.023406 0.021400 0.010844 0.000680 0.183264 0.011694 2.878408
0.748792 0.023343 0.021383 0.010882 0.000674 0.183226 0.011701 2.880755
0.748768 0.023319 0.021397 0.010896 0.000675 0.183238 0.011707 2.883047
0.748796 0.023330 0.021396 0.010842 0.000678 0.183243 0.011716 2.885284
0.748833 0.023329 0.021379 0.010855 0.000679 0.183198 0.011727 2.887565
0.748831 0.023282 0.021407 0.010893 0.000687 0.183167 0.011734 2.889924
0.748804 0.023315 0.021405 0.010858 0.000690 0.183187 0.011741 2.892195
0.748793 0.023350 0.021372 0.010826 0.000684 0.183224 0.011751 2.894487
