0.329928 0.063586 0.056709 0.032647 0.002160 0.508627 0.006343 1.660331
0.331213 0.062479 0.056478 0.032527 0.002172 0.508760 0.006371 1.666473
0.332881 0.061184 0.056391 0.032376 0.002165 0.508600 0.006403 1.672513
0.334698 0.059680 0.056216 0.032239 0.002159 0.508579 0.006430 1.678521
0.336658 0.058294 0.055923 0.031949 0.002165 0.508548 0.006462 1.684244
0.339036 0.056795 0.055509 0.031652 0.002177 0.508342 0.006489 1.689840
0.341416 0.055450 0.055084 0.031229 0.002169 0.508133 0.006521 1.695207
0.343930 0.053967 0.054708 0.030983 0.002171 0.507696 0.006547 1.700634
0.346239 0.052690 0.054245 0.030527 0.002170 0.507552 0.006577 1.705879
0.348879 0.051437 0.053603 0.030138 0.002175 0.507163 0.006605 1.710940
0.351550 0.050261 0.052970 0.029746 0.002177 0.506663 0.006632 1.715873
0.354058 0.049156 0.052363 0.029340 0.002163 0.506253 0.006668 1.720771
0.356703 0.048028 0.051791 0.028942 0.002156 0.505681 0.006698 1.725626
0.359148 0.047065 0.051244 0.028528 0.002153 0.505137 0.006726 1.730322
0.361803 0.046194 0.050495 0.028077 0.002137 0.504540 0.006755 1.734851
0.364454 0.045309 0.049831 0.027678 0.002121 0.503825 0.006784 1.739365
0.367035 0.044532 0.049290 0.027207 0.002108 0.503016 0.006814 1.743763
0.369685 0.043810 0.048547 0.026759 0.002098 0.502260 0.006840 1.748053
0.372404 0.043093 0.047852 0.026317 0.002080 0.501387 0.006868 1.752278
0.375165 0.042472 0.047244 0.025866 0.002075 0.500284 0.006895 1.756449
0.377806 0.041874 0.046642 0.025442 0.002065 0.499251 0.006920 1.760605
0.380567 0.041252 0.045969 0.025092 0.002044 0.498123 0.006952 1.764695
0.383289 0.040785 0.045317 0.024798 0.002028 0.496804 0.006979 1.768699
0.386021 0.040290 0.044669 0.024411 0.002014 0.495585 0.007009 1.772649
0.388863 0.039818 0.044061 0.024064 0.001993 0.494171 0.007029 1.776554
0.391610 0.039379 0.043485 0.023649 0.001989 0.492832 0.007055 1.780445
0.394378 0.038954 0.042885 0.023378 0.001978 0.491345 0.007080 1.784295
0.397180 0.038553 0.042292 0.023027 0.001959 0.489882 0.007106 1.788080
0.399769 0.038148 0.041737 0.022683 0.001939 0.488593 0.007131 1.791868
0.402452 0.037809 0.041254 0.022419 0.001920 0.486990 0.007154 1.795628
0.405067 0.037572 0.040731 0.022108 0.001907 0.485433 0.007181 1.799335
0.407648 0.037390 0.040232 0.021864 0.001887 0.483774 0.007206 1.803003
0.410256 0.037064 0.039852 0.021699 0.001865 0.482034 0.007230 1.806761
0.412855 0.036858 0.039415 0.021501 0.001840 0.480269 0.007261 1.810426
0.415368 0.036730 0.038861 0.021220 0.001826 0.478712 0.007282 1.814008
0.417925 0.036609 0.038419 0.020997 0.001806 0.476934 0.007309 1.817588
0.420439 0.036471 0.038057 0.020716 0.001792 0.475190 0.007334 1.821158
0.422785 0.036418 0.037624 0.020493 0.001772 0.473549 0.007360 1.824709
0.425246 0.036314 0.037298 0.020348 0.001755 0.471658 0.007382 1.828269
0.427645 0.036280 0.036918 0.020150 0.001748 0.469856 0.007404 1.831788
0.430058 0.036189 0.036514 0.020009 0.001748 0.468050 0.007433 1.835362
0.432315 0.036274 0.036143 0.019864 0.001710 0.466238 0.007458 1.838827
0.434603 0.036292 0.035863 0.019622 0.001702 0.464437 0.007482 1.842315
0.436864 0.036345 0.035606 0.019458 0.001698 0.462529 0.007500 1.845866
0.438944 0.036331 0.035297 0.019286 0.001693 0.460931 0.007518 1.849440
0.441190 0.036256 0.035071 0.019248 0.001674 0.459018 0.007543 1.853013
0.443365 0.036213 0.034902 0.019175 0.001666 0.457117 0.007562 1.856599
0.445493 0.036243 0.034619 0.019120 0.001641 0.455298 0.007587 1.860120
0.447469 0.036432 0.034473 0.018979 0.001634 0.453409 0.007604 1.863629
0.449344 0.036510 0.034307 0.018964 0.001619 0.451630 0.007625 1.867240
0.451407 0.036502 0.034138 0.018944 0.001608 0.449753 0.007648 1.870840
0.453372 0.036546 0.034052 0.018837 0.001599 0.447923 0.007670 1.874458
0.455199 0.036688 0.033980 0.018754 0.001593 0.446096 0.007690 1.878035
0.457170 0.036722 0.033861 0.018681 0.001578 0.444280 0.007709 1.881598
0.458970 0.036711 0.033791 0.018654 0.001571 0.442573 0.007730 1.885315
0.460721 0.036962 0.033691 0.018573 0.001545 0.440756 0.007752 1.888851
0.462477 0.037070 0.033604 0.018520 0.001536 0.439023 0.007770 1.892488
0.464154 0.037126 0.033523 0.018576 0.001528 0.437301 0.007793 1.896163
0.465791 0.037248 0.033536 0.018537 0.001507 0.435568 0.007814 1.899824
0.467592 0.037267 0.033565 0.018473 0.001489 0.433775 0.007838 1.903504
0.469168 0.037504 0.033507 0.018424 0.001476 0.432066 0.007857 1.907124
0.470813 0.037637 0.033482 0.018342 0.001472 0.430383 0.007872 1.910752
0.472386 0.037703 0.033517 0.018424 0.001460 0.428618 0.007891 1.914514
0.473820 0.037946 0.033526 0.018442 0.001443 0.426916 0.007908 1.918213
0.475320 0.038072 0.033563 0.018444 0.001440 0.425230 0.007930 1.921988
0.476615 0.038357 0.033488 0.018444 0.001417 0.423728 0.007951 1.925676
0.477970 0.038481 0.033530 0.018431 0.001407 0.422211 0.007968 1.929457
0.479241 0.038652 0.033510 0.018482 0.001398 0.420724 0.007993 1.933247
0.480495 0.038853 0.033534 0.018518 0.001394 0.419197 0.008009 1.937039
0.481761 0.039009 0.033607 0.018534 0.001384 0.417681 0.008025 1.940829
0.482899 0.039252 0.033749 0.018580 0.001374 0.416102 0.008044 1.944654
0.484021 0.039484 0.033810 0.018594 0.001362 0.414666 0.008062 1.948457
0.485217 0.039690 0.033891 0.018664 0.001359 0.413104 0.008074 1.952326
0.486275 0.039919 0.033938 0.018751 0.001349 0.411678 0.008091 1.956186
0.487201 0.040198 0.034079 0.018811 0.001346 0.410261 0.008105 1.960096
0.488107 0.040466 0.034136 0.018812 0.001346 0.409014 0.008120 1.963992
0.489009 0.040789 0.034233 0.018860 0.001344 0.407630 0.008135 1.967916
0.489898 0.040976 0.034433 0.019003 0.001340 0.406199 0.008151 1.971958
0.490777 0.041153 0.034546 0.019057 0.001341 0.404960 0.008166 1.975949
0.491491 0.041354 0.034662 0.019127 0.001332 0.403849 0.008185 1.979974
0.492323 0.041577 0.034763 0.019137 0.001323 0.402672 0.008205 1.984014
0.493061 0.041644 0.034935 0.019264 0.001323 0.401553 0.008220 1.988155
0.493748 0.041801 0.035110 0.019417 0.001314 0.400375 0.008235 1.992300
0.494508 0.042042 0.035286 0.019381 0.001313 0.399220 0.008251 1.996356
0.495225 0.042254 0.035398 0.019404 0.001319 0.398134 0.008266 2.000455
0.495888 0.042477 0.035511 0.019441 0.001314 0.397084 0.008285 2.004534
0.496433 0.042683 0.035657 0.019560 0.001307 0.396058 0.008303 2.008687
0.497135 0.042866 0.035783 0.019638 0.001307 0.394958 0.008314 2.012831
0.497694 0.042889 0.035972 0.019802 0.001298 0.394009 0.008337 2.017168
0.498133 0.043149 0.036109 0.019885 0.001288 0.393078 0.008358 2.021379
0.498683 0.043286 0.036329 0.019943 0.001290 0.392101 0.008370 2.025628
0.499092 0.043564 0.036365 0.019999 0.001290 0.391304 0.008386 2.029807
0.499534 0.043782 0.036540 0.020120 0.001277 0.390344 0.008402 2.034072
0.499899 0.043922 0.036746 0.020202 0.001295 0.389516 0.008421 2.038371
0.500302 0.044112 0.036936 0.020257 0.001295 0.388665 0.008433 2.042663
0.500584 0.044324 0.037070 0.020353 0.001295 0.387926 0.008450 2.046965
0.500962 0.044488 0.037180 0.020462 0.001283 0.387158 0.008466 2.051255
0.501307 0.044641 0.037346 0.020523 0.001285 0.386420 0.008478 2.055567
0.501467 0.044941 0.037518 0.020649 0.001282 0.385644 0.008499 2.059896
0.501612 0.045101 0.037613 0.020734 0.001293 0.385136 0.008512 2.064302
0.501824 0.045226 0.037761 0.020888 0.001294 0.384478 0.008530 2.068772
0.502049 0.045271 0.037969 0.020963 0.001288 0.383912 0.008549 2.073248
0.502336 0.045349 0.038094 0.021079 0.001274 0.383308 0.008560 2.077682
0.502571 0.045441 0.038288 0.021141 0.001274 0.382709 0.008574 2.082147
0.502797 0.045528 0.038455 0.021208 0.001289 0.382134 0.008589 2.086617
0.503024 0.045556 0.038599 0.021278 0.001283 0.381656 0.008604 2.091097
0.503255 0.045688 0.038689 0.021285 0.001300 0.381166 0.008616 2.095479
0.503473 0.045855 0.038830 0.021312 0.001302 0.380595 0.008633 2.099878
0.503632 0.045960 0.038939 0.021404 0.001290 0.380121 0.008654 2.104338
0.503866 0.046112 0.039020 0.021453 0.001284 0.379595 0.008671 2.108771
0.504178 0.046142 0.039050 0.021492 0.001286 0.379165 0.008687 2.113236
0.504301 0.046280 0.039175 0.021558 0.001288 0.378694 0.008705 2.117692
0.504391 0.046303 0.039318 0.021638 0.001293 0.378339 0.008718 2.122206
0.504583 0.046309 0.039457 0.021710 0.001295 0.377915 0.008732 2.126736
0.504759 0.046279 0.039617 0.021802 0.001296 0.377500 0.008746 2.131349
0.504990 0.046200 0.039760 0.021861 0.001321 0.377114 0.008755 2.135953
0.504966 0.046274 0.039896 0.021868 0.001327 0.376895 0.008775 2.140542
0.505227 0.046168 0.040034 0.021906 0.001328 0.376546 0.008792 2.145162
0.505317 0.046243 0.039954 0.021995 0.001331 0.376348 0.008811 2.149667
0.505419 0.046346 0.039985 0.022022 0.001328 0.376075 0.008824 2.154148
0.505641 0.046276 0.040071 0.022002 0.001334 0.375838 0.008838 2.158699
0.505818 0.046220 0.040190 0.022086 0.001337 0.375493 0.008857 2.163273
0.505965 0.046301 0.040246 0.022076 0.001332 0.375205 0.008875 2.167717
0.506073 0.046348 0.040298 0.022039 0.001331 0.375017 0.008894 2.172223
0.506387 0.046207 0.040294 0.022028 0.001346 0.374831 0.008907 2.176743
0.506563 0.046147 0.040295 0.022087 0.001346 0.374637 0.008924 2.181301
0.506719 0.046138 0.040340 0.022080 0.001350 0.374434 0.008939 2.185841
0.507029 0.046022 0.040407 0.022113 0.001351 0.374123 0.008955 2.190359
0.507155 0.046034 0.040413 0.022148 0.001355 0.373919 0.008976 2.194908
0.507338 0.045945 0.040437 0.022224 0.001353 0.373708 0.008996 2.199494
0.507517 0.045909 0.040377 0.022171 0.001358 0.373657 0.009012 2.203978
0.507766 0.045840 0.040288 0.022203 0.001358 0.373518 0.009028 2.208519
0.507840 0.045864 0.040286 0.022141 0.001354 0.373467 0.009048 2.213019
0.508088 0.045834 0.040255 0.022091 0.001351 0.373313 0.009068 2.217497
0.508216 0.045914 0.040252 0.022077 0.001361 0.373095 0.009085 2.221882
0.508468 0.045832 0.040267 0.022128 0.001364 0.372837 0.009103 2.226433
0.508681 0.045781 0.040274 0.022103 0.001372 0.372665 0.009124 2.230903
0.508822 0.045584 0.040435 0.022177 0.001380 0.372461 0.009141 2.235538
0.509026 0.045548 0.040393 0.022217 0.001382 0.372275 0.009159 2.240038
0.509188 0.045485 0.040339 0.022229 0.001398 0.372184 0.009177 2.244530
0.509465 0.045417 0.040351 0.022278 0.001392 0.371901 0.009199 2.248999
0.509899 0.045157 0.040417 0.022249 0.001400 0.371658 0.009220 2.253512
0.510135 0.045073 0.040382 0.022237 0.001410 0.371521 0.009242 2.258006
0.510410 0.045030 0.040392 0.022257 0.001412 0.371244 0.009255 2.262428
0.510696 0.045033 0.040350 0.022179 0.001409 0.371058 0.009277 2.266781
0.510936 0.045048 0.040334 0.022151 0.001416 0.370817 0.009298 2.271160
0.511226 0.044989 0.040406 0.022079 0.001417 0.370567 0.009316 2.275602
0.511403 0.045013 0.040340 0.022064 0.001420 0.370426 0.009334 2.279976
0.511657 0.045006 0.040320 0.022069 0.001415 0.370182 0.009352 2.284384
0.511884 0.045027 0.040285 0.022006 0.001419 0.370007 0.009371 2.288788
0.512132 0.045034 0.040192 0.022023 0.001415 0.369812 0.009393 2.293166
0.512411 0.045007 0.040165 0.022041 0.001418 0.369548 0.009409 2.297593
0.512627 0.044959 0.040161 0.022063 0.001411 0.369350 0.009429 2.302013
0.512931 0.044935 0.040165 0.022032 0.001410 0.369081 0.009446 2.306402
0.513220 0.044830 0.040204 0.022002 0.001415 0.368868 0.009463 2.310821
0.513457 0.044734 0.040151 0.021969 0.001420 0.368790 0.009480 2.315259
0.513798 0.044720 0.040063 0.021935 0.001438 0.368553 0.009494 2.319631
0.514027 0.044677 0.040063 0.021891 0.001440 0.368394 0.009510 2.324005
0.514325 0.044629 0.040019 0.021894 0.001423 0.368181 0.009530 2.328379
0.514490 0.044736 0.039880 0.021822 0.001426 0.368091 0.009554 2.332684
0.514871 0.044600 0.039811 0.021787 0.001416 0.367939 0.009578 2.337081
0.515240 0.044520 0.039764 0.021787 0.001413 0.367682 0.009595 2.341427
0.515420 0.044577 0.039773 0.021772 0.001414 0.367436 0.009609 2.345782
0.515596 0.044576 0.039753 0.021701 0.001420 0.367331 0.009625 2.350140
0.515944 0.044403 0.039845 0.021732 0.001406 0.367026 0.009645 2.354580
0.516132 0.044361 0.039834 0.021725 0.001408 0.366880 0.009660 2.358968
0.516330 0.044341 0.039796 0.021726 0.001403 0.366729 0.009675 2.363370
0.516539 0.044382 0.039758 0.021660 0.001399 0.366573 0.009690 2.367699
0.516846 0.044404 0.039689 0.021596 0.001387 0.366368 0.009710 2.371966
0.517168 0.044343 0.039641 0.021597 0.001382 0.366136 0.009733 2.376326
0.517362 0.044331 0.039716 0.021605 0.001393 0.365845 0.009748 2.380683
0.517571 0.044283 0.039756 0.021588 0.001402 0.365637 0.009763 2.385070
0.517735 0.044340 0.039667 0.021581 0.001408 0.365489 0.009782 2.389412
0.518005 0.044189 0.039781 0.021566 0.001406 0.365255 0.009799 2.393865
0.518223 0.044144 0.039765 0.021588 0.001398 0.365066 0.009818 2.398228
0.518413 0.044203 0.039717 0.021561 0.001400 0.364871 0.009836 2.402548
0.518661 0.044243 0.039614 0.021570 0.001398 0.364657 0.009859 2.406879
0.518908 0.044261 0.039591 0.021568 0.001410 0.364392 0.009870 2.411171
0.519138 0.044219 0.039592 0.021549 0.001403 0.364214 0.009885 2.415524
0.519332 0.044142 0.039647 0.021479 0.001399 0.364100 0.009901 2.419865
0.519600 0.044134 0.039613 0.021496 0.001406 0.363835 0.009916 2.424196
0.519930 0.044190 0.039610 0.021453 0.001400 0.363480 0.009937 2.428497
0.520200 0.044188 0.039625 0.021463 0.001406 0.363165 0.009955 2.432826
0.520446 0.044185 0.039552 0.021507 0.001413 0.362927 0.009970 2.437117
0.520627 0.044261 0.039536 0.021488 0.001403 0.362694 0.009990 2.441442
0.520834 0.044311 0.039533 0.021457 0.001409 0.362449 0.010008 2.445786
0.521056 0.044346 0.039488 0.021475 0.001409 0.362203 0.010024 2.450069
0.521200 0.044393 0.039463 0.021417 0.001406 0.362078 0.010043 2.454398
0.521451 0.044307 0.039405 0.021517 0.001391 0.361862 0.010068 2.458772
0.521630 0.044311 0.039492 0.021534 0.001395 0.361554 0.010085 2.463135
0.521740 0.044291 0.039459 0.021578 0.001394 0.361434 0.010105 2.467500
0.521920 0.044366 0.039441 0.021603 0.001390 0.361155 0.010125 2.471804
0.521956 0.044443 0.039430 0.021512 0.001389 0.361130 0.010140 2.476113
0.522142 0.044385 0.039399 0.021578 0.001378 0.360958 0.010161 2.480500
0.522305 0.044308 0.039502 0.021617 0.001376 0.360715 0.010178 2.484893
0.522525 0.044311 0.039510 0.021592 0.001376 0.360492 0.010194 2.489214
0.522632 0.044323 0.039490 0.021605 0.001368 0.360369 0.010214 2.493529
0.522798 0.044362 0.039511 0.021540 0.001367 0.360189 0.010233 2.497845
0.522924 0.044298 0.039560 0.021506 0.001366 0.360099 0.010249 2.502284
0.523074 0.044325 0.039530 0.021494 0.001366 0.359947 0.010265 2.506609
0.523094 0.044365 0.039478 0.021473 0.001365 0.359947 0.010279 2.510953
0.523093 0.044534 0.039497 0.021428 0.001363 0.359793 0.010294 2.515262
0.523118 0.044521 0.039520 0.021426 0.001380 0.359729 0.010307 2.519682
0.523302 0.044450 0.039610 0.021405 0.001377 0.359532 0.010324 2.524103
0.523439 0.044454 0.039577 0.021403 0.001381 0.359406 0.010342 2.528494
0.523458 0.044550 0.039635 0.021320 0.001387 0.359291 0.010359 2.532821
0.523728 0.044424 0.039601 0.021383 0.001371 0.359112 0.010381 2.537248
0.523816 0.044367 0.039573 0.021469 0.001381 0.359001 0.010393 2.541659
0.523913 0.044304 0.039597 0.021502 0.001387 0.358888 0.010409 2.546053
0.524122 0.044367 0.039591 0.021495 0.001377 0.358620 0.010428 2.550382
0.524243 0.044439 0.039555 0.021454 0.001390 0.358480 0.010440 2.554657
0.524300 0.044492 0.039566 0.021496 0.001403 0.358287 0.010457 2.559022
0.524256 0.044586 0.039573 0.021484 0.001403 0.358226 0.010472 2.563376
0.524432 0.044637 0.039527 0.021537 0.001396 0.357981 0.010490 2.567706
0.524536 0.044666 0.039502 0.021527 0.001396 0.357873 0.010501 2.572056
0.524624 0.044660 0.039618 0.021494 0.001388 0.357698 0.010520 2.576442
0.524666 0.044615 0.039656 0.021506 0.001381 0.357633 0.010542 2.580855
0.524787 0.044664 0.039679 0.021482 0.001380 0.357448 0.010562 2.585271
0.524908 0.044710 0.039700 0.021502 0.001386 0.357217 0.010579 2.589612
0.524937 0.044704 0.039697 0.021517 0.001383 0.357167 0.010594 2.594013
0.525102 0.044687 0.039830 0.021487 0.001388 0.356895 0.010612 2.598448
0.525120 0.044662 0.039894 0.021482 0.001379 0.356834 0.010628 2.602888
0.525281 0.044666 0.039803 0.021470 0.001388 0.356747 0.010645 2.607236
0.525307 0.044766 0.039831 0.021428 0.001393 0.356616 0.010659 2.611585
0.525362 0.044798 0.039790 0.021487 0.001403 0.356483 0.010678 2.615963
0.525465 0.044779 0.039827 0.021528 0.001400 0.356304 0.010696 2.620386
0.525546 0.044822 0.039809 0.021550 0.001392 0.356170 0.010711 2.624762
0.525616 0.044824 0.039774 0.021602 0.001394 0.356057 0.010732 2.629163
0.525700 0.044768 0.039924 0.021583 0.001404 0.355874 0.010747 2.633598
0.525737 0.044783 0.039955 0.021555 0.001402 0.355807 0.010762 2.638042
0.525883 0.044779 0.039892 0.021538 0.001406 0.355721 0.010782 2.642379
0.525939 0.044760 0.039930 0.021503 0.001405 0.355664 0.010799 2.646788
0.526015 0.044775 0.039986 0.021493 0.001392 0.355520 0.010819 2.651187
0.526082 0.044697 0.039980 0.021504 0.001391 0.355509 0.010836 2.655615
0.526173 0.044649 0.040040 0.021575 0.001390 0.355316 0.010859 2.660065
0.526171 0.044680 0.040005 0.021559 0.001392 0.355318 0.010876 2.664427
0.526160 0.044729 0.039978 0.021594 0.001397 0.355248 0.010893 2.668869
0.526068 0.044840 0.040055 0.021653 0.001384 0.355088 0.010913 2.673285
0.526175 0.044963 0.040019 0.021619 0.001376 0.354917 0.010931 2.677564
0.526233 0.044983 0.040100 0.021580 0.001375 0.354778 0.010951 2.681958
0.526247 0.044973 0.040130 0.021597 0.001374 0.354714 0.010964 2.686374
0.526300 0.044925 0.040197 0.021612 0.001383 0.354604 0.010980 2.690807
0.526265 0.045031 0.040151 0.021567 0.001392 0.354602 0.010994 2.695162
0.526238 0.045045 0.040085 0.021629 0.001395 0.354598 0.011010 2.699563
0.526345 0.045000 0.040131 0.021617 0.001396 0.354484 0.011026 2.703997
0.526430 0.044994 0.040107 0.021598 0.001391 0.354435 0.011044 2.708401
0.526486 0.044912 0.040109 0.021610 0.001394 0.354426 0.011063 2.712870
0.526526 0.044951 0.040061 0.021705 0.001394 0.354282 0.011082 2.717272
0.526447 0.045035 0.039983 0.021697 0.001386 0.354350 0.011102 2.721632
0.526535 0.044948 0.039991 0.021731 0.001390 0.354284 0.011121 2.726046
0.526511 0.044951 0.040062 0.021693 0.001397 0.354247 0.011139 2.730480
0.526532 0.045044 0.040033 0.021662 0.001388 0.354187 0.011153 2.734827
0.526595 0.044993 0.039995 0.021639 0.001392 0.354216 0.011170 2.739216
0.526743 0.044903 0.039990 0.021636 0.001396 0.354143 0.011187 2.743642
0.526856 0.044856 0.040079 0.021665 0.001391 0.353946 0.011207 2.748064
0.526861 0.044842 0.040055 0.021639 0.001394 0.353981 0.011227 2.752448
0.526873 0.044865 0.040057 0.021607 0.001392 0.353957 0.011248 2.756828
0.526836 0.044872 0.040091 0.021614 0.001389 0.353933 0.011266 2.761266
0.526808 0.044806 0.040126 0.021629 0.001383 0.353968 0.011280 2.765658
0.526836 0.044769 0.040090 0.021636 0.001384 0.353987 0.011299 2.770038
0.526813 0.044818 0.040019 0.021701 0.001400 0.353932 0.011317 2.774462
0.526858 0.044812 0.039996 0.021643 0.001402 0.353951 0.011337 2.778793
0.526718 0.044801 0.040028 0.021664 0.001393 0.354043 0.011353 2.783180
0.526868 0.044809 0.039990 0.021688 0.001402 0.353875 0.011368 2.787516
0.526857 0.044813 0.039974 0.021694 0.001400 0.353876 0.011385 2.791899
0.526822 0.044788 0.039905 0.021741 0.001392 0.353948 0.011404 2.796306
0.526911 0.044773 0.039907 0.021758 0.001387 0.353840 0.011424 2.800702
0.527024 0.044693 0.039928 0.021778 0.001386 0.353746 0.011445 2.805130
0.527045 0.044575 0.039981 0.021796 0.001381 0.353763 0.011460 2.809577
0.527214 0.044532 0.039938 0.021768 0.001375 0.353694 0.011479 2.813925
0.527316 0.044446 0.039991 0.021700 0.001378 0.353673 0.011495 2.818302
0.527437 0.044498 0.039896 0.021637 0.001386 0.353630 0.011517 2.822583
0.527551 0.044422 0.039853 0.021632 0.001393 0.353615 0.011534 2.826929
0.527648 0.044413 0.039872 0.021576 0.001395 0.353546 0.011551 2.831271
0.527756 0.044312 0.039877 0.021609 0.001400 0.353482 0.011565 2.835711
0.527865 0.044248 0.039837 0.021564 0.001394 0.353506 0.011585 2.840080
0.527916 0.044328 0.039787 0.021485 0.001388 0.353492 0.011604 2.844342
0.528116 0.044301 0.039726 0.021441 0.001396 0.353400 0.011619 2.848672
0.528226 0.044226 0.039682 0.021449 0.001388 0.353389 0.011640 2.853027
0.528370 0.044324 0.039586 0.021348 0.001390 0.353324 0.011660 2.857204
0.528512 0.044298 0.039570 0.021364 0.001388 0.353186 0.011683 2.861549
0.528594 0.044330 0.039436 0.021332 0.001390 0.353218 0.011700 2.865802
0.528860 0.044207 0.039416 0.021366 0.001382 0.353049 0.011721 2.870203
0.528879 0.044190 0.039370 0.021402 0.001374 0.353049 0.011738 2.874539
0.528922 0.044185 0.039338 0.021426 0.001377 0.352999 0.011754 2.878914
0.529069 0.044218 0.039384 0.021420 0.001363 0.352769 0.011777 2.883239
0.529186 0.044156 0.039391 0.021426 0.001358 0.352684 0.011798 2.887607
0.529287 0.044124 0.039355 0.021454 0.001359 0.352606 0.011814 2.891981
0.529302 0.044111 0.039383 0.021448 0.001359 0.352567 0.011831 2.896333
0.529410 0.044162 0.039368 0.021399 0.001349 0.352464 0.011848 2.900634
0.529418 0.044210 0.039342 0.021403 0.001355 0.352408 0.011865 2.904948
0.529456 0.044126 0.039356 0.021427 0.001353 0.352401 0.011883 2.909388
0.529515 0.044119 0.039282 0.021400 0.001362 0.352425 0.011897 2.913679
0.529656 0.044141 0.039303 0.021409 0.001365 0.352213 0.011912 2.917961
0.529633 0.044111 0.039381 0.021411 0.001365 0.352174 0.011924 2.922361
0.529628 0.044087 0.039455 0.021432 0.001371 0.352089 0.011939 2.926712
0.529710 0.044037 0.039533 0.021368 0.001377 0.352021 0.011955 2.931042
0.529671 0.044157 0.039518 0.021267 0.001371 0.352047 0.011970 2.935314
0.529776 0.044231 0.039424 0.021231 0.001363 0.351982 0.011993 2.939565
0.529889 0.044213 0.039459 0.021258 0.001356 0.351818 0.012009 2.943910
0.529971 0.044270 0.039428 0.021272 0.001364 0.351670 0.012025 2.948220
0.530025 0.044267 0.039442 0.021228 0.001363 0.351639 0.012036 2.952581
0.529999 0.044313 0.039364 0.021245 0.001368 0.351656 0.012056 2.956925
0.529915 0.044429 0.039388 0.021276 0.001366 0.351554 0.012072 2.961259
0.529998 0.044432 0.039391 0.021207 0.001364 0.351518 0.012089 2.965588
0.530050 0.044443 0.039428 0.021232 0.001369 0.351376 0.012102 2.969933
0.530018 0.044545 0.039437 0.021252 0.001373 0.351259 0.012117 2.974214
0.530047 0.044580 0.039413 0.021295 0.001370 0.351161 0.012137 2.978564
0.529982 0.044662 0.039458 0.021338 0.001365 0.351038 0.012157 2.982948
0.530042 0.044653 0.039403 0.021410 0.001361 0.350956 0.012175 2.987311
0.530013 0.044606 0.039482 0.021435 0.001364 0.350911 0.012189 2.991766
0.530029 0.044595 0.039511 0.021437 0.001357 0.350860 0.012211 2.996132
0.530011 0.044579 0.039514 0.021491 0.001358 0.350826 0.012222 3.000570
0.530115 0.044538 0.039597 0.021430 0.001359 0.350722 0.012240 3.004902
0.530195 0.044581 0.039682 0.021401 0.001375 0.350510 0.012256 3.009219
0.530153 0.044543 0.039686 0.021431 0.001376 0.350534 0.012277 3.013629
0.530224 0.044602 0.039629 0.021422 0.001377 0.350455 0.012291 3.017928
0.530195 0.044588 0.039625 0.021459 0.001384 0.350436 0.012314 3.022297
0.530066 0.044569 0.039673 0.021481 0.001369 0.350508 0.012333 3.026719
0.530089 0.044520 0.039692 0.021473 0.001373 0.350507 0.012347 3.031141
0.530220 0.044552 0.039638 0.021479 0.001366 0.350378 0.012366 3.035459
0.530127 0.044570 0.039692 0.021459 0.001363 0.350407 0.012382 3.039827
0.530029 0.044760 0.039625 0.021439 0.001357 0.350393 0.012397 3.044123
0.529953 0.044726 0.039619 0.021506 0.001360 0.350421 0.012414 3.048510
0.529949 0.044667 0.039581 0.021486 0.001371 0.350516 0.012430 3.052899
0.530079 0.044555 0.039491 0.021493 0.001365 0.350566 0.012452 3.057270
0.530025 0.044498 0.039531 0.021534 0.001364 0.350576 0.012471 3.061666
0.530012 0.044539 0.039465 0.021484 0.001367 0.350647 0.012485 3.065977
0.530124 0.044490 0.039475 0.021511 0.001356 0.350538 0.012506 3.070328
0.530149 0.044432 0.039563 0.021482 0.001349 0.350502 0.012523 3.074726
0.530106 0.044382 0.039567 0.021474 0.001343 0.350586 0.012542 3.079110
0.530099 0.044433 0.039505 0.021478 0.001345 0.350582 0.012557 3.083420
0.530032 0.044491 0.039576 0.021451 0.001359 0.350521 0.012570 3.087802
0.529993 0.044516 0.039579 0.021452 0.001354 0.350516 0.012590 3.092167
0.530091 0.044516 0.039562 0.021468 0.001349 0.350405 0.012608 3.096532
0.530164 0.044418 0.039636 0.021544 0.001350 0.350262 0.012625 3.100943
0.530212 0.044355 0.039584 0.021635 0.001355 0.350222 0.012638 3.105334
0.530245 0.044328 0.039608 0.021591 0.001346 0.350226 0.012657 3.109691
0.530402 0.044334 0.039548 0.021604 0.001351 0.350086 0.012674 3.113985
0.530403 0.044421 0.039531 0.021579 0.001346 0.350031 0.012688 3.118313
0.530520 0.044406 0.039551 0.021556 0.001355 0.349906 0.012705 3.122634
0.530607 0.044468 0.039514 0.021457 0.001366 0.349874 0.012715 3.126913
0.530521 0.044497 0.039566 0.021472 0.001349 0.349860 0.012734 3.131305
0.530541 0.044477 0.039436 0.021505 0.001338 0.349948 0.012754 3.135648
0.530508 0.044457 0.039433 0.021583 0.001343 0.349905 0.012771 3.140030
0.530498 0.044501 0.039405 0.021585 0.001338 0.349883 0.012790 3.144342
0.530462 0.044545 0.039461 0.021541 0.001341 0.349848 0.012803 3.148723
0.530480 0.044602 0.039485 0.021505 0.001349 0.349762 0.012817 3.153021
0.530666 0.044470 0.039499 0.021492 0.001353 0.349686 0.012833 3.157416
0.530627 0.044472 0.039531 0.021423 0.001361 0.349735 0.012852 3.161759
0.530625 0.044486 0.039532 0.021414 0.001368 0.349707 0.012867 3.166084
0.530651 0.044448 0.039622 0.021431 0.001362 0.349603 0.012883 3.170508
0.530559 0.044568 0.039529 0.021469 0.001356 0.349618 0.012902 3.174817
0.530570 0.044485 0.039576 0.021575 0.001348 0.349526 0.012920 3.179247
0.530649 0.044487 0.039581 0.021525 0.001343 0.349478 0.012937 3.183529
0.530575 0.044540 0.039606 0.021547 0.001340 0.349436 0.012956 3.187936
0.530501 0.044629 0.039589 0.021542 0.001340 0.349423 0.012977 3.192243
0.530380 0.044633 0.039694 0.021528 0.001340 0.349431 0.012994 3.196676
0.530400 0.044569 0.039680 0.021589 0.001344 0.349406 0.013013 3.201120
0.530459 0.044539 0.039760 0.021599 0.001359 0.349258 0.013025 3.205502
0.530453 0.044669 0.039728 0.021552 0.001359 0.349200 0.013040 3.209799
0.530484 0.044669 0.039679 0.021554 0.001363 0.349196 0.013055 3.214104
0.530512 0.044543 0.039736 0.021557 0.001362 0.349221 0.013071 3.218511
0.530473 0.044548 0.039689 0.021569 0.001352 0.349278 0.013092 3.222912
0.530503 0.044554 0.039670 0.021566 0.001353 0.349249 0.013106 3.227263
0.530429 0.044478 0.039768 0.021601 0.001353 0.349243 0.013128 3.231705
0.530366 0.044505 0.039752 0.021641 0.001346 0.349243 0.013146 3.236060
0.530332 0.044450 0.039747 0.021696 0.001362 0.349251 0.013163 3.240462
0.530295 0.044484 0.039750 0.021722 0.001374 0.349199 0.013176 3.244850
0.530251 0.044592 0.039796 0.021652 0.001374 0.349142 0.013194 3.249227
0.530153 0.044661 0.039796 0.021601 0.001370 0.349205 0.013214 3.253606
0.530122 0.044635 0.039797 0.021613 0.001372 0.349229 0.013231 3.258013
0.530157 0.044650 0.039803 0.021656 0.001366 0.349115 0.013252 3.262369
0.530106 0.044752 0.039736 0.021583 0.001368 0.349184 0.013271 3.266666
0.530050 0.044725 0.039821 0.021519 0.001373 0.349221 0.013291 3.271104
0.529946 0.044819 0.039869 0.021442 0.001364 0.349254 0.013307 3.275468
0.529922 0.044875 0.039883 0.021454 0.001370 0.349173 0.013324 3.279872
0.529829 0.044912 0.039851 0.021443 0.001372 0.349252 0.013341 3.284245
0.529942 0.044816 0.039905 0.021381 0.001368 0.349227 0.013361 3.288657
0.529920 0.044787 0.039882 0.021345 0.001378 0.349307 0.013381 3.293029
0.529840 0.044807 0.039943 0.021373 0.001376 0.349264 0.013398 3.297449
0.529779 0.044817 0.039991 0.021388 0.001381 0.349228 0.013416 3.301836
0.529806 0.044789 0.040024 0.021371 0.001391 0.349188 0.013432 3.306250
0.529770 0.044771 0.039949 0.021451 0.001386 0.349227 0.013446 3.310596
0.529754 0.044824 0.039867 0.021475 0.001395 0.349225 0.013462 3.314957
0.529673 0.044907 0.039852 0.021422 0.001401 0.349264 0.013480 3.319282
0.529712 0.044875 0.039905 0.021476 0.001399 0.349137 0.013495 3.323693
0.529748 0.044954 0.039750 0.021478 0.001396 0.349165 0.013510 3.328004
0.529666 0.044961 0.039831 0.021473 0.001401 0.349144 0.013524 3.332421
0.529501 0.045103 0.039857 0.021430 0.001403 0.349168 0.013538 3.336780
0.529402 0.045112 0.039840 0.021489 0.001425 0.349178 0.013553 3.341214
0.529315 0.045155 0.039796 0.021487 0.001426 0.349245 0.013576 3.345593
0.529325 0.045074 0.039777 0.021492 0.001417 0.349321 0.013594 3.350005
0.529310 0.044927 0.039845 0.021532 0.001423 0.349352 0.013610 3.354480
0.529336 0.044838 0.039771 0.021582 0.001425 0.349423 0.013625 3.358830
0.529278 0.044865 0.039793 0.021559 0.001421 0.349443 0.013641 3.363211
0.529384 0.044797 0.039869 0.021626 0.001431 0.349239 0.013655 3.367632
0.529273 0.044880 0.039793 0.021660 0.001430 0.349291 0.013674 3.371966
0.529262 0.044843 0.039790 0.021714 0.001436 0.349263 0.013692 3.376358
0.529210 0.044811 0.039826 0.021722 0.001438 0.349283 0.013708 3.380782
0.529230 0.044774 0.039829 0.021752 0.001445 0.349244 0.013726 3.385165
0.529224 0.044835 0.039851 0.021734 0.001447 0.349165 0.013745 3.389554
0.529176 0.044853 0.039878 0.021693 0.001456 0.349180 0.013766 3.393951
0.529230 0.044781 0.039843 0.021690 0.001465 0.349215 0.013777 3.398361
0.529187 0.044844 0.039782 0.021675 0.001456 0.349257 0.013799 3.402688
0.529244 0.044741 0.039847 0.021653 0.001453 0.349245 0.013818 3.407065
0.529350 0.044734 0.039848 0.021614 0.001443 0.349174 0.013837 3.411426
0.529411 0.044736 0.039808 0.021561 0.001446 0.349182 0.013857 3.415738
0.529430 0.044741 0.039823 0.021627 0.001458 0.349044 0.013878 3.420128
0.529392 0.044661 0.039878 0.021585 0.001454 0.349137 0.013893 3.424591
0.529403 0.044644 0.039929 0.021589 0.001450 0.349075 0.013910 3.428995
0.529428 0.044654 0.039846 0.021586 0.001452 0.349109 0.013925 3.433290
0.529525 0.044543 0.039888 0.021592 0.001446 0.349061 0.013945 3.437682
0.529503 0.044505 0.039904 0.021597 0.001450 0.349076 0.013964 3.442070
0.529513 0.044463 0.039848 0.021628 0.001439 0.349126 0.013984 3.446432
0.529539 0.044508 0.039829 0.021546 0.001431 0.349136 0.014011 3.450712
0.529392 0.044612 0.039802 0.021551 0.001413 0.349195 0.014035 3.455055
0.529357 0.044604 0.039852 0.021554 0.001413 0.349169 0.014052 3.459501
0.529282 0.044694 0.039883 0.021529 0.001407 0.349138 0.014068 3.463828
0.529315 0.044711 0.039830 0.021554 0.001399 0.349108 0.014084 3.468195
0.529331 0.044744 0.039747 0.021542 0.001406 0.349130 0.014100 3.472580
0.529286 0.044753 0.039741 0.021569 0.001397 0.349134 0.014119 3.476947
0.529213 0.044674 0.039810 0.021572 0.001381 0.349214 0.014136 3.481402
0.529161 0.044686 0.039838 0.021613 0.001378 0.349175 0.014150 3.485817
0.529090 0.044786 0.039812 0.021595 0.001375 0.349177 0.014165 3.490157
0.529177 0.044683 0.039734 0.021669 0.001365 0.349189 0.014184 3.494565
0.529155 0.044780 0.039675 0.021566 0.001380 0.349244 0.014200 3.498850
0.529165 0.044628 0.039763 0.021547 0.001382 0.349296 0.014219 3.503342
0.529281 0.044457 0.039883 0.021516 0.001384 0.349247 0.014233 3.507820
0.529295 0.044459 0.039806 0.021500 0.001393 0.349298 0.014251 3.512135
0.529353 0.044392 0.039776 0.021516 0.001405 0.349292 0.014267 3.516544
0.529331 0.044360 0.039767 0.021500 0.001414 0.349346 0.014282 3.520912
0.529370 0.044348 0.039755 0.021501 0.001417 0.349313 0.014297 3.525288
0.529415 0.044335 0.039655 0.021498 0.001404 0.349374 0.014319 3.529625
0.529552 0.044310 0.039716 0.021436 0.001416 0.349240 0.014331 3.533952
0.529563 0.044267 0.039775 0.021440 0.001405 0.349202 0.014350 3.538349
0.529695 0.044216 0.039717 0.021438 0.001398 0.349166 0.014369 3.542692
0.529746 0.044197 0.039715 0.021388 0.001400 0.349168 0.014386 3.547019
0.529696 0.044094 0.039793 0.021384 0.001394 0.349230 0.014408 3.551433
0.529624 0.044194 0.039716 0.021400 0.001394 0.349241 0.014430 3.555706
0.529520 0.044243 0.039704 0.021454 0.001387 0.349246 0.014446 3.560022
0.529552 0.044159 0.039762 0.021491 0.001403 0.349173 0.014459 3.564453
0.529644 0.044188 0.039669 0.021489 0.001392 0.349146 0.014474 3.568769
0.529683 0.044116 0.039693 0.021527 0.001387 0.349103 0.014490 3.573152
0.529822 0.044140 0.039601 0.021492 0.001397 0.349041 0.014507 3.577425
0.529840 0.044191 0.039534 0.021502 0.001379 0.349025 0.014530 3.581729
0.529932 0.044000 0.039650 0.021588 0.001376 0.348905 0.014549 3.586223
0.529939 0.044002 0.039646 0.021582 0.001387 0.348880 0.014565 3.590580
0.530056 0.044071 0.039619 0.021516 0.001395 0.348760 0.014583 3.594806
0.530234 0.044061 0.039579 0.021508 0.001388 0.348628 0.014603 3.599106
0.530272 0.043939 0.039602 0.021545 0.001389 0.348636 0.014618 3.603529
0.530371 0.043910 0.039629 0.021546 0.001386 0.348524 0.014632 3.607879
0.530352 0.043886 0.039606 0.021535 0.001382 0.348587 0.014650 3.612216
0.530493 0.043841 0.039559 0.021451 0.001376 0.348610 0.014671 3.616486
0.530463 0.043872 0.039541 0.021413 0.001379 0.348645 0.014687 3.620786
0.530464 0.043877 0.039542 0.021433 0.001381 0.348598 0.014705 3.625127
0.530466 0.043999 0.039427 0.021442 0.001371 0.348570 0.014723 3.629354
0.530490 0.043976 0.039492 0.021486 0.001365 0.348448 0.014743 3.633761
0.530722 0.043960 0.039443 0.021479 0.001373 0.348267 0.014755 3.638064
0.530744 0.044097 0.039320 0.021455 0.001370 0.348243 0.014771 3.642327
0.530924 0.044007 0.039294 0.021419 0.001356 0.348207 0.014793 3.646648
0.530973 0.043997 0.039340 0.021334 0.001337 0.348208 0.014812 3.650971
0.530988 0.044091 0.039300 0.021308 0.001342 0.348146 0.014826 3.655277
0.531047 0.044045 0.039303 0.021328 0.001341 0.348094 0.014841 3.659603
0.531127 0.043945 0.039321 0.021333 0.001350 0.348067 0.014858 3.663998
0.531010 0.044070 0.039322 0.021345 0.001350 0.348023 0.014879 3.668293
0.530976 0.044168 0.039323 0.021314 0.001349 0.347975 0.014894 3.672591
0.530949 0.044234 0.039199 0.021341 0.001339 0.348024 0.014913 3.676898
0.530891 0.044310 0.039214 0.021310 0.001341 0.348002 0.014932 3.681191
0.530865 0.044201 0.039247 0.021307 0.001350 0.348082 0.014947 3.685624
0.530894 0.044248 0.039251 0.021264 0.001359 0.348022 0.014963 3.689943
0.530896 0.044192 0.039215 0.021339 0.001371 0.348011 0.014977 3.694328
0.530902 0.044316 0.039211 0.021296 0.001369 0.347913 0.014994 3.698623
0.531007 0.044298 0.039205 0.021239 0.001378 0.347864 0.015009 3.702914
0.531010 0.044247 0.039268 0.021292 0.001371 0.347786 0.015025 3.707302
0.530986 0.044281 0.039234 0.021313 0.001376 0.347773 0.015036 3.711652
0.530970 0.044285 0.039310 0.021268 0.001371 0.347740 0.015057 3.716010
0.530974 0.044343 0.039317 0.021263 0.001384 0.347643 0.015077 3.720281
0.530983 0.044382 0.039302 0.021259 0.001382 0.347598 0.015095 3.724598
0.531017 0.044311 0.039376 0.021288 0.001378 0.347517 0.015111 3.728980
0.530984 0.044342 0.039426 0.021300 0.001379 0.347444 0.015125 3.733333
0.530942 0.044345 0.039427 0.021327 0.001380 0.347434 0.015146 3.737684
0.530957 0.044326 0.039400 0.021333 0.001380 0.347441 0.015164 3.742042
0.530963 0.044326 0.039407 0.021344 0.001377 0.347398 0.015184 3.746358
0.531073 0.044328 0.039450 0.021334 0.001374 0.347235 0.015205 3.750670
0.530910 0.044461 0.039432 0.021343 0.001375 0.347251 0.015228 3.754951
0.530916 0.044407 0.039508 0.021419 0.001367 0.347137 0.015245 3.759324
0.531022 0.044372 0.039515 0.021415 0.001372 0.347047 0.015257 3.763670
0.530932 0.044390 0.039490 0.021438 0.001371 0.347110 0.015268 3.768043
0.530907 0.044339 0.039418 0.021466 0.001377 0.347207 0.015287 3.772410
0.530865 0.044363 0.039431 0.021419 0.001365 0.347252 0.015304 3.776737
0.530843 0.044333 0.039452 0.021407 0.001375 0.347273 0.015318 3.781129
0.530774 0.044404 0.039469 0.021375 0.001372 0.347273 0.015332 3.785453
0.530644 0.044480 0.039511 0.021354 0.001385 0.347282 0.015345 3.789802
0.530638 0.044496 0.039543 0.021324 0.001373 0.347265 0.015361 3.794129
0.530708 0.044480 0.039509 0.021343 0.001371 0.347211 0.015378 3.798467
0.530645 0.044454 0.039542 0.021334 0.001374 0.347259 0.015393 3.802844
0.530732 0.044347 0.039600 0.021344 0.001370 0.347201 0.015408 3.807208
0.530728 0.044413 0.039600 0.021309 0.001376 0.347148 0.015426 3.811488
0.530772 0.044330 0.039599 0.021388 0.001363 0.347100 0.015448 3.815916
0.530657 0.044426 0.039549 0.021399 0.001364 0.347139 0.015466 3.820285
0.530685 0.044503 0.039520 0.021338 0.001365 0.347106 0.015484 3.824550
0.530746 0.044494 0.039481 0.021346 0.001353 0.347074 0.015505 3.828880
0.530698 0.044534 0.039520 0.021398 0.001353 0.346979 0.015520 3.833245
0.530663 0.044524 0.039534 0.021438 0.001340 0.346966 0.015536 3.837645
0.530734 0.044436 0.039459 0.021430 0.001343 0.347045 0.015552 3.841981
0.530692 0.044416 0.039455 0.021515 0.001349 0.347007 0.015567 3.846371
0.530700 0.044434 0.039487 0.021418 0.001356 0.347025 0.015581 3.850682
0.530637 0.044428 0.039530 0.021370 0.001357 0.347076 0.015601 3.855042
0.530525 0.044480 0.039554 0.021347 0.001344 0.347129 0.015623 3.859401
0.530524 0.044423 0.039585 0.021411 0.001337 0.347075 0.015645 3.863800
0.530556 0.044395 0.039532 0.021414 0.001354 0.347089 0.015661 3.868160
0.530500 0.044397 0.039473 0.021459 0.001354 0.347137 0.015680 3.872525
0.530467 0.044414 0.039462 0.021465 0.001356 0.347138 0.015699 3.876850
0.530391 0.044474 0.039440 0.021524 0.001353 0.347099 0.015718 3.881201
0.530391 0.044494 0.039425 0.021531 0.001356 0.347063 0.015741 3.885489
0.530343 0.044431 0.039491 0.021522 0.001363 0.347094 0.015757 3.889881
0.530259 0.044443 0.039516 0.021575 0.001363 0.347070 0.015774 3.894277
0.530196 0.044494 0.039474 0.021559 0.001358 0.347124 0.015795 3.898599
0.530199 0.044459 0.039472 0.021602 0.001350 0.347108 0.015809 3.902957
0.530146 0.044466 0.039461 0.021652 0.001357 0.347095 0.015823 3.907347
0.530141 0.044515 0.039519 0.021578 0.001359 0.347048 0.015838 3.911645
0.530086 0.044513 0.039535 0.021544 0.001360 0.347107 0.015856 3.916064
0.530066 0.044642 0.039504 0.021501 0.001348 0.347066 0.015874 3.920372
0.529997 0.044711 0.039472 0.021481 0.001348 0.347098 0.015893 3.924679
0.530020 0.044696 0.039517 0.021413 0.001345 0.347096 0.015913 3.929060
0.530035 0.044631 0.039510 0.021434 0.001344 0.347117 0.015929 3.933433
0.529924 0.044536 0.039578 0.021516 0.001355 0.347151 0.015940 3.937879
0.529790 0.044590 0.039504 0.021548 0.001347 0.347263 0.015958 3.942235
0.529781 0.044577 0.039433 0.021577 0.001351 0.347308 0.015974 3.946565
0.529919 0.044491 0.039407 0.021600 0.001358 0.347235 0.015988 3.950907
0.530047 0.044405 0.039379 0.021640 0.001362 0.347159 0.016008 3.955262
0.530089 0.044309 0.039395 0.021625 0.001365 0.347192 0.016026 3.959636
0.530093 0.044304 0.039339 0.021597 0.001360 0.347259 0.016047 3.963930
0.530091 0.044246 0.039400 0.021607 0.001365 0.347224 0.016066 3.968319
0.530135 0.044256 0.039469 0.021565 0.001365 0.347129 0.016081 3.972669
0.530128 0.044218 0.039513 0.021520 0.001358 0.347162 0.016101 3.977027
0.530107 0.044169 0.039589 0.021520 0.001357 0.347142 0.016116 3.981439
0.530058 0.044166 0.039574 0.021537 0.001371 0.347160 0.016133 3.985769
0.530007 0.044241 0.039577 0.021533 0.001364 0.347127 0.016151 3.990105
0.529936 0.044327 0.039527 0.021513 0.001373 0.347159 0.016166 3.994413
0.529972 0.044367 0.039520 0.021503 0.001385 0.347072 0.016180 3.998738
0.529897 0.044348 0.039529 0.021437 0.001386 0.347202 0.016200 4.003120
0.529897 0.044375 0.039494 0.021411 0.001386 0.347216 0.016222 4.007484
0.529789 0.044331 0.039527 0.021368 0.001380 0.347365 0.016240 4.011861
0.529851 0.044317 0.039558 0.021399 0.001380 0.347239 0.016257 4.016203
0.529885 0.044310 0.039569 0.021410 0.001381 0.347172 0.016273 4.020534
0.529832 0.044405 0.039545 0.021348 0.001382 0.347201 0.016287 4.024823
0.529846 0.044445 0.039598 0.021370 0.001384 0.347057 0.016300 4.029169
0.529703 0.044554 0.039589 0.021404 0.001391 0.347045 0.016314 4.033522
0.529689 0.044556 0.039591 0.021335 0.001388 0.347111 0.016330 4.037918
0.529653 0.044513 0.039614 0.021343 0.001386 0.347147 0.016344 4.042317
0.529653 0.044482 0.039658 0.021295 0.001367 0.347176 0.016369 4.046672
0.529636 0.044557 0.039594 0.021299 0.001362 0.347172 0.016379 4.050995
0.529625 0.044548 0.039633 0.021241 0.001350 0.347205 0.016397 4.055374
