0.342700 0.062260 0.056140 0.032016 0.002159 0.498464 0.006259 1.631154
0.345370 0.059753 0.056120 0.031856 0.002153 0.498460 0.006287 1.637192
0.348843 0.056798 0.055848 0.031517 0.002112 0.498561 0.006320 1.642896
0.352821 0.053628 0.055544 0.031126 0.002121 0.498410 0.006350 1.648357
0.357157 0.050410 0.054975 0.030555 0.002119 0.498404 0.006380 1.653421
0.361905 0.047174 0.054391 0.029984 0.002100 0.498034 0.006411 1.658245
0.366819 0.044067 0.053569 0.029235 0.002090 0.497776 0.006444 1.662733
0.371843 0.041080 0.052633 0.028558 0.002086 0.497327 0.006474 1.666962
0.377004 0.038302 0.051512 0.027771 0.002068 0.496837 0.006506 1.670839
0.382245 0.035661 0.050396 0.026937 0.002058 0.496167 0.006536 1.674473
0.387513 0.033172 0.049180 0.026090 0.002049 0.495430 0.006567 1.677877
0.392789 0.030929 0.047774 0.025204 0.002031 0.494680 0.006594 1.680978
0.398249 0.028758 0.046569 0.024311 0.002019 0.493476 0.006618 1.683976
0.403622 0.026771 0.045254 0.023467 0.002001 0.492241 0.006643 1.686739
0.409131 0.024962 0.043870 0.022573 0.001995 0.490802 0.006668 1.689251
0.414526 0.023301 0.042375 0.021709 0.001964 0.489432 0.006694 1.691606
0.419870 0.021800 0.040878 0.020771 0.001943 0.488019 0.006716 1.693777
0.425384 0.020403 0.039502 0.019914 0.001915 0.486144 0.006740 1.695817
0.430841 0.019064 0.038086 0.019138 0.001895 0.484213 0.006763 1.697749
0.436269 0.017821 0.036706 0.018310 0.001862 0.482242 0.006791 1.699569
0.441686 0.016679 0.035337 0.017491 0.001836 0.480155 0.006816 1.701251
0.447144 0.015585 0.034040 0.016719 0.001803 0.477872 0.006837 1.702864
0.452545 0.014670 0.032649 0.015968 0.001770 0.475532 0.006865 1.704305
0.457964 0.013796 0.031378 0.015275 0.001749 0.472952 0.006885 1.705696
0.463420 0.013013 0.030115 0.014565 0.001726 0.470252 0.006908 1.706970
0.468723 0.012248 0.028887 0.013938 0.001700 0.467573 0.006931 1.708205
0.474062 0.011585 0.027603 0.013309 0.001675 0.464812 0.006954 1.709352
0.479505 0.010897 0.026433 0.012709 0.001651 0.461830 0.006975 1.710461
0.484869 0.010287 0.025388 0.012134 0.001633 0.458697 0.006993 1.711504
0.490156 0.009740 0.024266 0.011587 0.001603 0.455638 0.007010 1.712479
0.495422 0.009221 0.023227 0.011085 0.001556 0.452459 0.007031 1.713405
0.500662 0.008709 0.022223 0.010586 0.001529 0.449245 0.007048 1.714303
0.505851 0.008236 0.021298 0.010088 0.001498 0.445958 0.007072 1.715141
0.511062 0.007811 0.020334 0.009640 0.001464 0.442598 0.007092 1.715927
0.516169 0.007422 0.019444 0.009180 0.001434 0.439244 0.007108 1.716659
0.521205 0.007051 0.018597 0.008766 0.001412 0.435844 0.007125 1.717382
0.526213 0.006717 0.017750 0.008358 0.001374 0.432441 0.007146 1.718060
0.531148 0.006406 0.016913 0.007977 0.001355 0.429040 0.007161 1.718708
0.536196 0.006096 0.016191 0.007612 0.001322 0.425403 0.007181 1.719354
0.541087 0.005856 0.015425 0.007255 0.001288 0.421892 0.007197 1.719924
0.546030 0.005625 0.014710 0.006898 0.001255 0.418270 0.007212 1.720468
0.550936 0.005402 0.014090 0.006598 0.001218 0.414526 0.007230 1.721016
0.555733 0.005158 0.013432 0.006270 0.001189 0.410973 0.007244 1.721544
0.560594 0.004987 0.012785 0.005974 0.001155 0.407246 0.007258 1.722012
0.565346 0.004774 0.012223 0.005704 0.001115 0.403563 0.007275 1.722488
0.570152 0.004556 0.011703 0.005436 0.001096 0.399770 0.007287 1.722963
0.574880 0.004380 0.011224 0.005236 0.001077 0.395910 0.007295 1.723413
0.579559 0.004207 0.010700 0.004970 0.001050 0.392204 0.007312 1.723842
0.584105 0.004056 0.010233 0.004753 0.001023 0.388506 0.007325 1.724248
0.588711 0.003928 0.009768 0.004546 0.000990 0.384719 0.007339 1.724621
0.593204 0.003787 0.009354 0.004327 0.000968 0.381009 0.007352 1.725008
0.597707 0.003674 0.008953 0.004130 0.000938 0.377234 0.007365 1.725356
0.602217 0.003529 0.008596 0.003963 0.000911 0.373404 0.007381 1.725728
0.606609 0.003427 0.008263 0.003779 0.000878 0.369652 0.007392 1.726065
0.610928 0.003314 0.007897 0.003620 0.000856 0.365982 0.007404 1.726395
0.615224 0.003212 0.007570 0.003486 0.000836 0.362258 0.007415 1.726725
0.619540 0.003104 0.007276 0.003352 0.000812 0.358490 0.007427 1.727035
0.623757 0.003032 0.006964 0.003209 0.000784 0.354819 0.007435 1.727332
0.627916 0.002976 0.006670 0.003062 0.000765 0.351166 0.007447 1.727613
0.632061 0.002898 0.006372 0.002948 0.000747 0.347516 0.007459 1.727902
0.636168 0.002844 0.006095 0.002807 0.000722 0.343896 0.007468 1.728166
0.640216 0.002779 0.005863 0.002700 0.000700 0.340262 0.007479 1.728441
0.644296 0.002692 0.005651 0.002571 0.000680 0.336620 0.007490 1.728715
0.648300 0.002633 0.005459 0.002471 0.000661 0.332977 0.007499 1.728975
0.652241 0.002578 0.005241 0.002402 0.000640 0.329385 0.007512 1.729215
0.656154 0.002502 0.005043 0.002305 0.000622 0.325855 0.007521 1.729465
0.660100 0.002419 0.004847 0.002209 0.000597 0.322299 0.007530 1.729719
0.663911 0.002391 0.004652 0.002125 0.000576 0.318807 0.007539 1.729946
0.667753 0.002331 0.004487 0.002057 0.000554 0.315272 0.007547 1.730171
0.671481 0.002292 0.004338 0.001972 0.000538 0.311827 0.007552 1.730386
0.675097 0.002261 0.004183 0.001895 0.000523 0.308482 0.007560 1.730601
0.678802 0.002195 0.004040 0.001850 0.000499 0.305044 0.007572 1.730826
0.682418 0.002127 0.003902 0.001784 0.000488 0.301705 0.007577 1.731045
0.685953 0.002091 0.003760 0.001723 0.000475 0.298418 0.007581 1.731245
0.689318 0.002089 0.003648 0.001663 0.000459 0.295238 0.007586 1.731436
0.692805 0.002052 0.003526 0.001616 0.000444 0.291964 0.007594 1.731629
0.696258 0.002000 0.003421 0.001569 0.000426 0.288724 0.007601 1.731835
0.699690 0.001964 0.003311 0.001525 0.000413 0.285491 0.007607 1.732025
0.703036 0.001919 0.003182 0.001471 0.000402 0.282378 0.007613 1.732200
0.706351 0.001902 0.003069 0.001417 0.000387 0.279258 0.007617 1.732368
0.709631 0.001869 0.002987 0.001381 0.000379 0.276132 0.007622 1.732556
0.712928 0.001853 0.002901 0.001335 0.000365 0.272992 0.007627 1.732741
0.716117 0.001795 0.002826 0.001298 0.000353 0.269979 0.007632 1.732938
0.719319 0.001775 0.002756 0.001265 0.000342 0.266909 0.007634 1.733110
0.722493 0.001737 0.002701 0.001235 0.000331 0.263864 0.007641 1.733286
0.725700 0.001712 0.002623 0.001206 0.000319 0.260794 0.007647 1.733457
0.728883 0.001679 0.002543 0.001158 0.000314 0.257774 0.007649 1.733618
0.731923 0.001666 0.002459 0.001128 0.000304 0.254866 0.007656 1.733762
0.734987 0.001631 0.002388 0.001103 0.000297 0.251935 0.007659 1.733920
0.737986 0.001613 0.002319 0.001088 0.000295 0.249037 0.007662 1.734074
0.740942 0.001577 0.002288 0.001075 0.000287 0.246166 0.007665 1.734248
0.743868 0.001561 0.002234 0.001062 0.000283 0.243325 0.007668 1.734396
0.746780 0.001536 0.002188 0.001029 0.000272 0.240524 0.007672 1.734539
0.749653 0.001497 0.002139 0.001020 0.000264 0.237751 0.007677 1.734691
0.752434 0.001494 0.002082 0.000979 0.000257 0.235078 0.007678 1.734825
0.755291 0.001477 0.002034 0.000958 0.000250 0.232311 0.007680 1.734964
0.758053 0.001443 0.001997 0.000948 0.000244 0.229632 0.007684 1.735115
0.760789 0.001433 0.001931 0.000932 0.000240 0.226989 0.007686 1.735247
0.763449 0.001424 0.001897 0.000916 0.000232 0.224392 0.007691 1.735385
0.766063 0.001405 0.001868 0.000885 0.000225 0.221862 0.007693 1.735524
0.768691 0.001383 0.001823 0.000863 0.000213 0.219332 0.007695 1.735661
0.771313 0.001368 0.001789 0.000834 0.000210 0.216789 0.007698 1.735789
0.773841 0.001363 0.001767 0.000812 0.000201 0.214312 0.007703 1.735922
0.776413 0.001331 0.001734 0.000797 0.000196 0.211824 0.007706 1.736069
0.778957 0.001320 0.001683 0.000775 0.000189 0.209368 0.007708 1.736194
0.781452 0.001289 0.001667 0.000757 0.000184 0.206939 0.007711 1.736327
0.783900 0.001299 0.001641 0.000743 0.000183 0.204523 0.007712 1.736445
0.786352 0.001282 0.001605 0.000732 0.000177 0.202137 0.007714 1.736575
0.788788 0.001263 0.001581 0.000716 0.000167 0.199768 0.007718 1.736698
0.791187 0.001244 0.001566 0.000705 0.000160 0.197416 0.007722 1.736824
0.793567 0.001236 0.001550 0.000685 0.000155 0.195083 0.007724 1.736944
0.795879 0.001233 0.001515 0.000674 0.000151 0.192824 0.007725 1.737057
0.798195 0.001225 0.001483 0.000668 0.000148 0.190554 0.007727 1.737182
0.800451 0.001196 0.001476 0.000659 0.000146 0.188343 0.007730 1.737318
0.802676 0.001194 0.001454 0.000648 0.000141 0.186156 0.007732 1.737431
0.804879 0.001204 0.001418 0.000623 0.000139 0.184004 0.007734 1.737532
0.807087 0.001187 0.001389 0.000621 0.000134 0.181848 0.007735 1.737651
0.809300 0.001162 0.001372 0.000626 0.000129 0.179673 0.007739 1.737774
0.811375 0.001165 0.001345 0.000613 0.000128 0.177635 0.007740 1.737874
0.813530 0.001160 0.001340 0.000600 0.000125 0.175504 0.007742 1.737985
0.815657 0.001156 0.001318 0.000593 0.000123 0.173411 0.007743 1.738099
0.817713 0.001134 0.001316 0.000594 0.000120 0.171379 0.007745 1.738224
0.819688 0.001121 0.001286 0.000591 0.000114 0.169453 0.007748 1.738338
0.821682 0.001128 0.001261 0.000583 0.000112 0.167485 0.007750 1.738448
0.823634 0.001116 0.001258 0.000578 0.000112 0.165552 0.007750 1.738561
0.825625 0.001104 0.001243 0.000574 0.000109 0.163594 0.007752 1.738662
0.827583 0.001094 0.001241 0.000577 0.000102 0.161649 0.007755 1.738777
0.829487 0.001098 0.001215 0.000574 0.000100 0.159771 0.007756 1.738877
0.831422 0.001076 0.001200 0.000567 0.000097 0.157883 0.007756 1.738994
0.833313 0.001050 0.001190 0.000568 0.000093 0.156031 0.007757 1.739108
0.835177 0.001044 0.001178 0.000560 0.000091 0.154192 0.007758 1.739209
0.836995 0.001026 0.001166 0.000551 0.000086 0.152417 0.007760 1.739317
0.838844 0.001024 0.001141 0.000558 0.000083 0.150591 0.007761 1.739412
0.840670 0.001010 0.001136 0.000552 0.000080 0.148791 0.007762 1.739518
0.842397 0.001025 0.001131 0.000537 0.000082 0.147067 0.007762 1.739608
0.844126 0.001033 0.001111 0.000526 0.000078 0.145360 0.007766 1.739694
0.845886 0.001025 0.001108 0.000528 0.000078 0.143609 0.007767 1.739796
0.847652 0.001020 0.001099 0.000528 0.000075 0.141859 0.007768 1.739898
0.849260 0.001017 0.001091 0.000523 0.000075 0.140266 0.007769 1.739997
0.850916 0.000996 0.001080 0.000526 0.000072 0.138639 0.007771 1.740104
0.852561 0.000992 0.001077 0.000522 0.000073 0.137005 0.007771 1.740201
0.854160 0.000992 0.001068 0.000517 0.000068 0.135422 0.007772 1.740298
0.855799 0.000997 0.001054 0.000514 0.000065 0.133799 0.007773 1.740390
0.857328 0.000994 0.001048 0.000515 0.000064 0.132280 0.007773 1.740490
0.858900 0.000988 0.001048 0.000511 0.000062 0.130718 0.007774 1.740596
0.860439 0.000966 0.001040 0.000513 0.000062 0.129206 0.007776 1.740697
0.861967 0.000962 0.001026 0.000513 0.000061 0.127696 0.007776 1.740790
0.863478 0.000960 0.001019 0.000504 0.000060 0.126203 0.007777 1.740883
0.864974 0.000963 0.001013 0.000502 0.000060 0.124712 0.007777 1.740981
0.866463 0.000960 0.001001 0.000503 0.000057 0.123238 0.007778 1.741073
0.867957 0.000961 0.000977 0.000507 0.000057 0.121763 0.007778 1.741157
0.869392 0.000965 0.000965 0.000502 0.000056 0.120342 0.007779 1.741248
0.870747 0.000970 0.000965 0.000490 0.000057 0.118992 0.007780 1.741336
0.872116 0.000975 0.000959 0.000484 0.000057 0.117629 0.007781 1.741420
0.873472 0.000958 0.000962 0.000479 0.000058 0.116291 0.007781 1.741517
0.874773 0.000950 0.000968 0.000482 0.000055 0.114991 0.007782 1.741619
0.876114 0.000945 0.000962 0.000488 0.000052 0.113654 0.007783 1.741711
0.877512 0.000951 0.000964 0.000480 0.000050 0.112259 0.007784 1.741797
0.878792 0.000940 0.000974 0.000485 0.000051 0.110973 0.007784 1.741898
0.880078 0.000939 0.000971 0.000484 0.000051 0.109693 0.007784 1.741999
0.881362 0.000926 0.000969 0.000479 0.000052 0.108428 0.007785 1.742101
0.882597 0.000938 0.000953 0.000477 0.000052 0.107199 0.007785 1.742184
0.883870 0.000925 0.000948 0.000466 0.000051 0.105955 0.007786 1.742276
0.885159 0.000942 0.000940 0.000446 0.000048 0.104678 0.007787 1.742356
0.886407 0.000939 0.000934 0.000445 0.000049 0.103440 0.007787 1.742451
0.887606 0.000942 0.000930 0.000453 0.000049 0.102233 0.007787 1.742540
0.888762 0.000939 0.000927 0.000445 0.000047 0.101092 0.007788 1.742628
0.889947 0.000942 0.000916 0.000435 0.000048 0.099924 0.007789 1.742713
0.891077 0.000943 0.000915 0.000435 0.000046 0.098794 0.007791 1.742801
0.892199 0.000943 0.000910 0.000431 0.000044 0.097683 0.007791 1.742892
0.893283 0.000943 0.000896 0.000429 0.000044 0.096616 0.007791 1.742975
0.894440 0.000936 0.000890 0.000425 0.000045 0.095474 0.007791 1.743065
0.895558 0.000938 0.000882 0.000418 0.000044 0.094369 0.007791 1.743146
0.896572 0.000955 0.000875 0.000416 0.000044 0.093347 0.007791 1.743231
0.897614 0.000944 0.000883 0.000425 0.000041 0.092301 0.007792 1.743336
0.898653 0.000952 0.000881 0.000416 0.000040 0.091266 0.007794 1.743426
0.899678 0.000957 0.000880 0.000416 0.000040 0.090236 0.007794 1.743515
0.900660 0.000954 0.000885 0.000416 0.000040 0.089251 0.007794 1.743621
0.901648 0.000954 0.000874 0.000406 0.000042 0.088283 0.007794 1.743707
0.902625 0.000939 0.000885 0.000398 0.000043 0.087317 0.007794 1.743803
0.903590 0.000933 0.000892 0.000397 0.000042 0.086352 0.007795 1.743892
0.904520 0.000935 0.000887 0.000400 0.000042 0.085422 0.007795 1.743987
0.905429 0.000946 0.000885 0.000407 0.000040 0.084498 0.007796 1.744080
0.906337 0.000951 0.000882 0.000408 0.000040 0.083588 0.007796 1.744171
0.907227 0.000961 0.000885 0.000414 0.000038 0.082678 0.007798 1.744264
0.908088 0.000965 0.000895 0.000414 0.000038 0.081802 0.007799 1.744365
0.908932 0.000976 0.000886 0.000415 0.000038 0.080954 0.007799 1.744461
0.909770 0.000985 0.000886 0.000419 0.000037 0.080103 0.007800 1.744553
0.910612 0.000987 0.000896 0.000413 0.000037 0.079256 0.007800 1.744650
0.911457 0.000981 0.000896 0.000408 0.000036 0.078423 0.007801 1.744750
0.912327 0.000970 0.000896 0.000406 0.000037 0.077565 0.007801 1.744846
0.913132 0.000953 0.000901 0.000397 0.000037 0.076779 0.007801 1.744950
0.913958 0.000948 0.000899 0.000398 0.000038 0.075959 0.007801 1.745048
0.914764 0.000938 0.000902 0.000404 0.000038 0.075154 0.007802 1.745150
0.915514 0.000945 0.000886 0.000398 0.000036 0.074418 0.007803 1.745234
0.916265 0.000947 0.000896 0.000408 0.000037 0.073646 0.007803 1.745331
0.917036 0.000942 0.000895 0.000398 0.000037 0.072888 0.007803 1.745422
0.917745 0.000952 0.000892 0.000395 0.000037 0.072177 0.007804 1.745515
0.918458 0.000946 0.000898 0.000400 0.000038 0.071457 0.007804 1.745618
0.919163 0.000942 0.000884 0.000399 0.000037 0.070771 0.007804 1.745712
0.919823 0.000953 0.000885 0.000400 0.000038 0.070098 0.007804 1.745802
0.920515 0.000966 0.000887 0.000400 0.000037 0.069390 0.007805 1.745898
0.921201 0.000969 0.000889 0.000410 0.000037 0.068690 0.007805 1.745987
0.921899 0.000973 0.000885 0.000411 0.000037 0.067990 0.007805 1.746073
0.922581 0.000970 0.000881 0.000417 0.000036 0.067310 0.007805 1.746171
0.923232 0.000961 0.000893 0.000413 0.000037 0.066660 0.007805 1.746276
0.923874 0.000980 0.000882 0.000411 0.000038 0.066012 0.007805 1.746360
0.924473 0.000990 0.000886 0.000400 0.000038 0.065408 0.007806 1.746450
0.925132 0.000996 0.000884 0.000402 0.000038 0.064743 0.007807 1.746544
0.925720 0.001010 0.000880 0.000415 0.000039 0.064129 0.007807 1.746640
0.926324 0.000991 0.000894 0.000413 0.000036 0.063536 0.007807 1.746747
0.926918 0.000977 0.000898 0.000416 0.000035 0.062948 0.007808 1.746851
0.927519 0.000976 0.000899 0.000415 0.000035 0.062349 0.007808 1.746946
0.928092 0.000985 0.000898 0.000416 0.000035 0.061765 0.007809 1.747042
0.928657 0.000977 0.000909 0.000418 0.000034 0.061194 0.007809 1.747146
0.929225 0.000968 0.000919 0.000421 0.000033 0.060625 0.007810 1.747241
0.929783 0.000967 0.000916 0.000425 0.000032 0.060067 0.007810 1.747337
0.930309 0.000976 0.000911 0.000423 0.000031 0.059539 0.007811 1.747426
0.930834 0.000981 0.000910 0.000429 0.000033 0.059004 0.007811 1.747524
0.931388 0.000976 0.000901 0.000434 0.000032 0.058459 0.007811 1.747616
0.931892 0.000981 0.000902 0.000429 0.000033 0.057950 0.007811 1.747711
0.932410 0.000970 0.000914 0.000436 0.000031 0.057425 0.007813 1.747813
0.932915 0.000967 0.000910 0.000436 0.000032 0.056926 0.007813 1.747903
0.933396 0.000979 0.000923 0.000432 0.000031 0.056425 0.007814 1.747997
0.933869 0.000995 0.000918 0.000440 0.000032 0.055933 0.007815 1.748088
0.934342 0.000995 0.000917 0.000433 0.000031 0.055467 0.007815 1.748184
0.934824 0.001006 0.000915 0.000434 0.000032 0.054975 0.007815 1.748273
0.935300 0.001014 0.000913 0.000438 0.000033 0.054489 0.007815 1.748368
0.935770 0.001019 0.000914 0.000440 0.000031 0.054011 0.007816 1.748463
0.936223 0.001019 0.000902 0.000436 0.000031 0.053574 0.007816 1.748555
0.936657 0.001027 0.000924 0.000427 0.000031 0.053118 0.007816 1.748653
0.937073 0.001032 0.000926 0.000424 0.000033 0.052697 0.007816 1.748747
0.937466 0.001037 0.000930 0.000429 0.000033 0.052288 0.007817 1.748845
0.937867 0.001050 0.000937 0.000430 0.000032 0.051867 0.007817 1.748950
0.938290 0.001048 0.000942 0.000432 0.000032 0.051439 0.007817 1.749059
0.938667 0.001056 0.000950 0.000430 0.000032 0.051049 0.007818 1.749164
0.939100 0.001042 0.000956 0.000434 0.000034 0.050617 0.007818 1.749280
0.939455 0.001056 0.000955 0.000439 0.000034 0.050244 0.007819 1.749377
0.939835 0.001050 0.000964 0.000429 0.000033 0.049869 0.007820 1.749475
0.940221 0.001065 0.000956 0.000425 0.000034 0.049480 0.007820 1.749567
0.940583 0.001066 0.000955 0.000426 0.000034 0.049115 0.007820 1.749670
0.940949 0.001089 0.000940 0.000431 0.000034 0.048737 0.007820 1.749764
0.941314 0.001090 0.000952 0.000432 0.000034 0.048359 0.007820 1.749866
0.941660 0.001079 0.000965 0.000434 0.000032 0.048009 0.007821 1.749979
0.941996 0.001081 0.000967 0.000445 0.000034 0.047655 0.007822 1.750089
0.942319 0.001071 0.000974 0.000453 0.000034 0.047328 0.007822 1.750204
0.942634 0.001078 0.000972 0.000455 0.000035 0.047004 0.007822 1.750310
0.942961 0.001071 0.000963 0.000464 0.000034 0.046686 0.007822 1.750414
0.943280 0.001057 0.000965 0.000463 0.000033 0.046382 0.007822 1.750527
0.943584 0.001066 0.000942 0.000466 0.000033 0.046087 0.007824 1.750621
0.943895 0.001044 0.000941 0.000467 0.000032 0.045797 0.007825 1.750728
0.944228 0.001047 0.000922 0.000470 0.000033 0.045475 0.007825 1.750825
0.944524 0.001047 0.000929 0.000479 0.000033 0.045163 0.007825 1.750933
0.944845 0.001051 0.000931 0.000472 0.000031 0.044845 0.007826 1.751032
0.945129 0.001058 0.000928 0.000468 0.000031 0.044560 0.007826 1.751125
0.945416 0.001060 0.000929 0.000472 0.000032 0.044268 0.007826 1.751227
0.945707 0.001057 0.000930 0.000477 0.000032 0.043973 0.007826 1.751331
0.945989 0.001068 0.000941 0.000481 0.000031 0.043665 0.007826 1.751433
0.946259 0.001083 0.000941 0.000472 0.000031 0.043388 0.007826 1.751527
0.946519 0.001108 0.000947 0.000469 0.000030 0.043102 0.007826 1.751631
0.946792 0.001097 0.000948 0.000478 0.000031 0.042829 0.007827 1.751740
0.947051 0.001112 0.000954 0.000470 0.000030 0.042554 0.007829 1.751848
0.947301 0.001122 0.000950 0.000465 0.000030 0.042305 0.007829 1.751952
0.947544 0.001119 0.000941 0.000465 0.000029 0.042072 0.007830 1.752056
0.947775 0.001111 0.000954 0.000474 0.000028 0.041829 0.007830 1.752178
0.948000 0.001119 0.000969 0.000472 0.000030 0.041580 0.007830 1.752292
0.948227 0.001119 0.000962 0.000474 0.000030 0.041358 0.007831 1.752399
0.948452 0.001114 0.000968 0.000482 0.000030 0.041123 0.007831 1.752519
0.948661 0.001125 0.000976 0.000486 0.000032 0.040890 0.007832 1.752631
0.948894 0.001135 0.000969 0.000486 0.000032 0.040654 0.007832 1.752735
0.949104 0.001124 0.000979 0.000486 0.000032 0.040444 0.007833 1.752851
0.949332 0.001144 0.000977 0.000486 0.000032 0.040197 0.007833 1.752946
0.949524 0.001152 0.000989 0.000490 0.000030 0.039982 0.007833 1.753060
0.949731 0.001161 0.001004 0.000484 0.000032 0.039756 0.007833 1.753175
0.949933 0.001183 0.001001 0.000485 0.000034 0.039532 0.007833 1.753283
0.950143 0.001188 0.001004 0.000486 0.000033 0.039313 0.007834 1.753392
0.950342 0.001183 0.001015 0.000483 0.000034 0.039110 0.007834 1.753510
0.950520 0.001188 0.001025 0.000493 0.000034 0.038907 0.007834 1.753623
0.950720 0.001172 0.001030 0.000501 0.000033 0.038710 0.007835 1.753739
0.950935 0.001161 0.001047 0.000493 0.000032 0.038498 0.007835 1.753853
0.951096 0.001179 0.001047 0.000490 0.000034 0.038320 0.007835 1.753959
0.951285 0.001186 0.001046 0.000493 0.000034 0.038123 0.007835 1.754064
0.951470 0.001183 0.001062 0.000497 0.000033 0.037919 0.007837 1.754189
0.951637 0.001177 0.001081 0.000491 0.000035 0.037743 0.007837 1.754318
0.951811 0.001176 0.001077 0.000489 0.000037 0.037575 0.007837 1.754434
0.951952 0.001188 0.001081 0.000494 0.000037 0.037412 0.007837 1.754550
0.952139 0.001201 0.001075 0.000482 0.000037 0.037230 0.007837 1.754659
0.952304 0.001215 0.001085 0.000480 0.000036 0.037042 0.007837 1.754776
0.952462 0.001237 0.001077 0.000481 0.000035 0.036870 0.007838 1.754886
0.952582 0.001265 0.001073 0.000489 0.000034 0.036719 0.007839 1.754999
0.952706 0.001265 0.001077 0.000504 0.000034 0.036576 0.007839 1.755122
0.952868 0.001266 0.001082 0.000509 0.000034 0.036401 0.007840 1.755248
0.952997 0.001289 0.001104 0.000502 0.000034 0.036234 0.007840 1.755373
0.953127 0.001294 0.001118 0.000494 0.000033 0.036094 0.007840 1.755496
0.953234 0.001292 0.001136 0.000498 0.000034 0.035966 0.007841 1.755630
0.953359 0.001301 0.001136 0.000499 0.000033 0.035832 0.007841 1.755747
0.953478 0.001300 0.001139 0.000507 0.000033 0.035704 0.007841 1.755875
0.953610 0.001298 0.001142 0.000518 0.000031 0.035558 0.007842 1.756002
0.953757 0.001310 0.001132 0.000520 0.000032 0.035407 0.007842 1.756107
0.953896 0.001306 0.001133 0.000518 0.000032 0.035274 0.007842 1.756238
0.954043 0.001310 0.001136 0.000514 0.000032 0.035123 0.007842 1.756357
0.954164 0.001301 0.001163 0.000521 0.000032 0.034977 0.007843 1.756499
0.954261 0.001307 0.001180 0.000523 0.000031 0.034855 0.007843 1.756643
0.954368 0.001317 0.001171 0.000532 0.000030 0.034739 0.007843 1.756774
0.954479 0.001325 0.001177 0.000536 0.000028 0.034613 0.007844 1.756911
0.954616 0.001320 0.001174 0.000545 0.000028 0.034473 0.007844 1.757048
0.954705 0.001336 0.001167 0.000559 0.000028 0.034362 0.007844 1.757177
0.954813 0.001342 0.001163 0.000563 0.000029 0.034246 0.007844 1.757300
0.954909 0.001378 0.001160 0.000561 0.000029 0.034120 0.007844 1.757409
0.955006 0.001384 0.001169 0.000559 0.000028 0.034010 0.007844 1.757539
0.955098 0.001379 0.001179 0.000561 0.000028 0.033910 0.007845 1.757675
0.955196 0.001391 0.001172 0.000571 0.000025 0.033798 0.007846 1.757802
0.955267 0.001402 0.001184 0.000565 0.000028 0.033709 0.007846 1.757938
0.955348 0.001393 0.001199 0.000566 0.000030 0.033620 0.007846 1.758080
0.955429 0.001409 0.001191 0.000575 0.000030 0.033519 0.007847 1.758214
0.955504 0.001432 0.001204 0.000574 0.000031 0.033409 0.007847 1.758349
0.955580 0.001440 0.001234 0.000577 0.000033 0.033288 0.007847 1.758493
0.955658 0.001455 0.001239 0.000582 0.000034 0.033187 0.007847 1.758627
0.955727 0.001466 0.001244 0.000579 0.000034 0.033102 0.007847 1.758759
0.955815 0.001469 0.001242 0.000586 0.000035 0.033007 0.007848 1.758897
0.955890 0.001477 0.001247 0.000595 0.000035 0.032909 0.007848 1.759036
0.955947 0.001476 0.001261 0.000593 0.000035 0.032840 0.007849 1.759171
0.956001 0.001483 0.001278 0.000607 0.000034 0.032748 0.007849 1.759319
0.956066 0.001489 0.001280 0.000612 0.000034 0.032671 0.007849 1.759469
0.956146 0.001462 0.001290 0.000628 0.000036 0.032588 0.007849 1.759629
0.956196 0.001471 0.001276 0.000635 0.000036 0.032536 0.007850 1.759770
0.956282 0.001451 0.001294 0.000645 0.000034 0.032445 0.007851 1.759920
0.956351 0.001456 0.001304 0.000644 0.000034 0.032360 0.007852 1.760060
0.956421 0.001451 0.001307 0.000633 0.000036 0.032299 0.007852 1.760188
0.956503 0.001448 0.001304 0.000636 0.000036 0.032222 0.007852 1.760330
0.956554 0.001452 0.001293 0.000637 0.000037 0.032175 0.007852 1.760468
0.956610 0.001466 0.001305 0.000622 0.000037 0.032108 0.007853 1.760605
0.956662 0.001469 0.001306 0.000631 0.000036 0.032044 0.007853 1.760741
0.956722 0.001454 0.001309 0.000638 0.000034 0.031990 0.007853 1.760890
0.956790 0.001450 0.001302 0.000632 0.000034 0.031940 0.007854 1.761025
0.956854 0.001453 0.001296 0.000636 0.000034 0.031871 0.007856 1.761155
0.956920 0.001466 0.001297 0.000624 0.000036 0.031802 0.007856 1.761286
0.956991 0.001445 0.001299 0.000633 0.000035 0.031741 0.007856 1.761439
0.957064 0.001454 0.001284 0.000632 0.000033 0.031677 0.007857 1.761566
0.957113 0.001432 0.001302 0.000636 0.000033 0.031628 0.007857 1.761723
0.957173 0.001418 0.001303 0.000629 0.000032 0.031586 0.007857 1.761859
0.957219 0.001419 0.001310 0.000636 0.000034 0.031523 0.007857 1.762003
0.957256 0.001427 0.001312 0.000638 0.000034 0.031474 0.007858 1.762147
0.957318 0.001413 0.001305 0.000651 0.000032 0.031421 0.007860 1.762288
0.957366 0.001407 0.001308 0.000652 0.000033 0.031375 0.007860 1.762427
0.957428 0.001399 0.001306 0.000659 0.000034 0.031315 0.007860 1.762571
0.957453 0.001406 0.001300 0.000660 0.000034 0.031286 0.007861 1.762704
0.957503 0.001409 0.001293 0.000663 0.000033 0.031238 0.007861 1.762843
0.957533 0.001417 0.001285 0.000666 0.000034 0.031204 0.007861 1.762977
0.957546 0.001440 0.001293 0.000664 0.000032 0.031163 0.007862 1.763116
0.957592 0.001432 0.001315 0.000644 0.000035 0.031120 0.007862 1.763258
0.957624 0.001429 0.001324 0.000645 0.000034 0.031082 0.007863 1.763398
0.957651 0.001433 0.001325 0.000643 0.000036 0.031048 0.007864 1.763545
0.957698 0.001430 0.001332 0.000637 0.000036 0.031003 0.007865 1.763684
0.957720 0.001422 0.001362 0.000623 0.000036 0.030971 0.007866 1.763837
0.957726 0.001444 0.001362 0.000621 0.000035 0.030947 0.007866 1.763976
0.957781 0.001430 0.001361 0.000635 0.000036 0.030891 0.007866 1.764121
0.957780 0.001462 0.001349 0.000629 0.000036 0.030878 0.007866 1.764252
0.957818 0.001462 0.001340 0.000629 0.000036 0.030849 0.007866 1.764399
0.957868 0.001460 0.001341 0.000619 0.000036 0.030809 0.007866 1.764542
0.957902 0.001446 0.001347 0.000621 0.000038 0.030780 0.007866 1.764692
0.957948 0.001433 0.001357 0.000618 0.000039 0.030738 0.007867 1.764836
0.957979 0.001444 0.001339 0.000616 0.000038 0.030717 0.007867 1.764964
0.958014 0.001435 0.001345 0.000617 0.000038 0.030684 0.007868 1.765109
0.958038 0.001447 0.001348 0.000605 0.000039 0.030656 0.007868 1.765248
0.958055 0.001463 0.001338 0.000616 0.000039 0.030623 0.007868 1.765384
0.958091 0.001433 0.001354 0.000624 0.000038 0.030593 0.007868 1.765551
0.958112 0.001447 0.001352 0.000626 0.000037 0.030556 0.007869 1.765683
0.958105 0.001475 0.001348 0.000638 0.000039 0.030529 0.007869 1.765823
0.958135 0.001479 0.001361 0.000635 0.000039 0.030482 0.007869 1.765968
0.958156 0.001473 0.001365 0.000633 0.000038 0.030466 0.007869 1.766115
0.958173 0.001481 0.001359 0.000642 0.000040 0.030436 0.007869 1.766257
0.958182 0.001496 0.001362 0.000637 0.000040 0.030414 0.007869 1.766401
0.958218 0.001487 0.001362 0.000643 0.000039 0.030382 0.007869 1.766554
0.958226 0.001500 0.001368 0.000638 0.000039 0.030360 0.007869 1.766693
0.958257 0.001498 0.001355 0.000642 0.000040 0.030339 0.007870 1.766832
0.958283 0.001489 0.001361 0.000647 0.000042 0.030308 0.007870 1.766989
0.958312 0.001485 0.001373 0.000648 0.000042 0.030271 0.007870 1.767131
0.958318 0.001505 0.001382 0.000651 0.000043 0.030229 0.007871 1.767275
0.958339 0.001494 0.001381 0.000670 0.000043 0.030204 0.007871 1.767430
0.958354 0.001509 0.001387 0.000662 0.000046 0.030173 0.007871 1.767576
0.958383 0.001506 0.001367 0.000669 0.000047 0.030156 0.007872 1.767716
0.958405 0.001507 0.001374 0.000656 0.000049 0.030136 0.007872 1.767858
0.958425 0.001500 0.001371 0.000664 0.000049 0.030119 0.007872 1.768006
0.958453 0.001502 0.001382 0.000666 0.000049 0.030076 0.007872 1.768149
0.958459 0.001515 0.001373 0.000670 0.000048 0.030062 0.007872 1.768291
0.958447 0.001532 0.001363 0.000668 0.000048 0.030069 0.007872 1.768441
0.958463 0.001519 0.001381 0.000661 0.000047 0.030057 0.007873 1.768605
0.958496 0.001520 0.001377 0.000656 0.000048 0.030030 0.007874 1.768746
0.958505 0.001504 0.001400 0.000660 0.000048 0.030010 0.007874 1.768907
0.958532 0.001506 0.001390 0.000667 0.000049 0.029982 0.007874 1.769049
0.958534 0.001520 0.001376 0.000672 0.000046 0.029978 0.007874 1.769193
0.958559 0.001511 0.001378 0.000671 0.000046 0.029959 0.007876 1.769336
0.958576 0.001492 0.001391 0.000674 0.000044 0.029945 0.007877 1.769506
0.958585 0.001517 0.001379 0.000675 0.000043 0.029923 0.007877 1.769634
0.958597 0.001524 0.001379 0.000660 0.000043 0.029918 0.007879 1.769775
0.958631 0.001521 0.001376 0.000646 0.000044 0.029904 0.007879 1.769919
0.958630 0.001541 0.001376 0.000637 0.000044 0.029893 0.007879 1.770062
0.958654 0.001515 0.001385 0.000642 0.000044 0.029880 0.007880 1.770229
0.958653 0.001520 0.001381 0.000652 0.000045 0.029868 0.007880 1.770385
0.958656 0.001529 0.001375 0.000654 0.000045 0.029859 0.007881 1.770537
0.958662 0.001536 0.001370 0.000654 0.000043 0.029854 0.007881 1.770682
0.958659 0.001571 0.001372 0.000648 0.000043 0.029825 0.007881 1.770814
0.958667 0.001580 0.001379 0.000646 0.000044 0.029803 0.007881 1.770958
0.958657 0.001590 0.001391 0.000656 0.000047 0.029778 0.007881 1.771122
0.958678 0.001582 0.001394 0.000656 0.000049 0.029758 0.007881 1.771272
0.958658 0.001594 0.001394 0.000666 0.000049 0.029757 0.007883 1.771424
0.958644 0.001604 0.001399 0.000678 0.000048 0.029743 0.007883 1.771579
0.958638 0.001603 0.001390 0.000700 0.000048 0.029734 0.007884 1.771747
0.958626 0.001635 0.001390 0.000701 0.000048 0.029717 0.007885 1.771885
0.958635 0.001628 0.001380 0.000702 0.000046 0.029723 0.007886 1.772049
0.958647 0.001616 0.001376 0.000724 0.000044 0.029707 0.007886 1.772210
0.958656 0.001624 0.001379 0.000716 0.000045 0.029694 0.007887 1.772360
0.958633 0.001630 0.001388 0.000721 0.000046 0.029695 0.007887 1.772522
0.958608 0.001638 0.001380 0.000731 0.000046 0.029708 0.007887 1.772684
0.958598 0.001637 0.001396 0.000736 0.000044 0.029702 0.007888 1.772851
0.958603 0.001635 0.001405 0.000735 0.000044 0.029690 0.007889 1.773010
0.958600 0.001634 0.001399 0.000732 0.000044 0.029701 0.007889 1.773170
0.958619 0.001633 0.001390 0.000735 0.000044 0.029689 0.007891 1.773322
0.958629 0.001601 0.001400 0.000746 0.000044 0.029690 0.007891 1.773497
0.958639 0.001596 0.001374 0.000754 0.000045 0.029701 0.007891 1.773652
0.958636 0.001594 0.001391 0.000745 0.000044 0.029699 0.007893 1.773809
0.958653 0.001577 0.001394 0.000738 0.000043 0.029702 0.007893 1.773961
0.958662 0.001574 0.001392 0.000726 0.000043 0.029711 0.007893 1.774116
0.958635 0.001586 0.001398 0.000737 0.000043 0.029707 0.007893 1.774267
0.958654 0.001575 0.001411 0.000735 0.000042 0.029688 0.007895 1.774431
0.958662 0.001581 0.001409 0.000738 0.000042 0.029673 0.007896 1.774579
0.958686 0.001552 0.001426 0.000741 0.000041 0.029657 0.007896 1.774750
0.958672 0.001555 0.001445 0.000740 0.000041 0.029651 0.007896 1.774912
0.958676 0.001553 0.001453 0.000726 0.000040 0.029655 0.007896 1.775060
0.958690 0.001562 0.001452 0.000717 0.000040 0.029642 0.007898 1.775193
0.958699 0.001556 0.001449 0.000711 0.000040 0.029647 0.007898 1.775345
0.958679 0.001562 0.001449 0.000714 0.000038 0.029660 0.007898 1.775505
0.958665 0.001561 0.001444 0.000713 0.000036 0.029681 0.007900 1.775664
0.958676 0.001551 0.001441 0.000709 0.000036 0.029686 0.007900 1.775815
0.958670 0.001542 0.001452 0.000711 0.000036 0.029689 0.007901 1.775989
0.958670 0.001529 0.001462 0.000712 0.000035 0.029690 0.007902 1.776153
0.958653 0.001565 0.001448 0.000710 0.000035 0.029687 0.007902 1.776285
0.958635 0.001570 0.001441 0.000710 0.000035 0.029707 0.007902 1.776444
0.958608 0.001576 0.001443 0.000710 0.000035 0.029724 0.007903 1.776606
0.958615 0.001590 0.001440 0.000707 0.000036 0.029708 0.007903 1.776755
0.958618 0.001600 0.001440 0.000700 0.000036 0.029703 0.007904 1.776906
0.958602 0.001637 0.001430 0.000695 0.000037 0.029697 0.007904 1.777046
0.958612 0.001642 0.001428 0.000698 0.000037 0.029680 0.007904 1.777198
0.958604 0.001638 0.001429 0.000709 0.000038 0.029679 0.007904 1.777362
0.958602 0.001656 0.001425 0.000713 0.000035 0.029665 0.007906 1.777510
0.958589 0.001671 0.001444 0.000708 0.000036 0.029647 0.007906 1.777676
0.958587 0.001654 0.001451 0.000710 0.000036 0.029656 0.007907 1.777842
0.958576 0.001672 0.001463 0.000707 0.000036 0.029641 0.007907 1.777996
0.958566 0.001668 0.001472 0.000717 0.000036 0.029636 0.007907 1.778157
0.958568 0.001665 0.001483 0.000724 0.000035 0.029617 0.007908 1.778330
0.958588 0.001665 0.001478 0.000717 0.000038 0.029607 0.007908 1.778479
0.958596 0.001651 0.001500 0.000712 0.000039 0.029596 0.007908 1.778649
0.958598 0.001649 0.001507 0.000711 0.000044 0.029585 0.007908 1.778810
0.958589 0.001660 0.001488 0.000710 0.000044 0.029601 0.007908 1.778957
0.958568 0.001659 0.001497 0.000713 0.000045 0.029608 0.007909 1.779125
0.958550 0.001660 0.001490 0.000718 0.000045 0.029626 0.007910 1.779283
0.958531 0.001669 0.001485 0.000720 0.000046 0.029640 0.007910 1.779440
0.958520 0.001655 0.001497 0.000715 0.000047 0.029655 0.007910 1.779616
0.958498 0.001657 0.001500 0.000704 0.000048 0.029681 0.007911 1.779771
0.958504 0.001662 0.001501 0.000704 0.000048 0.029668 0.007912 1.779921
0.958497 0.001674 0.001503 0.000708 0.000047 0.029659 0.007912 1.780077
0.958478 0.001691 0.001494 0.000705 0.000047 0.029673 0.007913 1.780228
0.958450 0.001716 0.001506 0.000689 0.000047 0.029678 0.007915 1.780387
0.958444 0.001703 0.001528 0.000696 0.000044 0.029669 0.007916 1.780565
0.958422 0.001720 0.001534 0.000702 0.000042 0.029663 0.007917 1.780723
0.958399 0.001725 0.001533 0.000700 0.000041 0.029685 0.007918 1.780881
0.958374 0.001744 0.001530 0.000704 0.000042 0.029688 0.007918 1.781048
0.958364 0.001735 0.001536 0.000716 0.000042 0.029688 0.007918 1.781223
0.958364 0.001715 0.001534 0.000720 0.000043 0.029706 0.007918 1.781389
0.958342 0.001707 0.001539 0.000723 0.000043 0.029727 0.007919 1.781569
0.958313 0.001687 0.001561 0.000739 0.000045 0.029736 0.007919 1.781759
0.958283 0.001691 0.001563 0.000744 0.000042 0.029756 0.007919 1.781924
0.958268 0.001702 0.001563 0.000743 0.000041 0.029762 0.007920 1.782087
0.958272 0.001670 0.001563 0.000751 0.000040 0.029783 0.007921 1.782266
0.958255 0.001682 0.001562 0.000754 0.000043 0.029781 0.007921 1.782422
0.958243 0.001682 0.001573 0.000756 0.000043 0.029781 0.007922 1.782591
0.958248 0.001671 0.001550 0.000756 0.000045 0.029808 0.007922 1.782756
0.958252 0.001663 0.001531 0.000758 0.000045 0.029829 0.007922 1.782913
0.958281 0.001660 0.001509 0.000741 0.000045 0.029841 0.007922 1.783056
0.958271 0.001637 0.001522 0.000730 0.000046 0.029872 0.007923 1.783240
0.958267 0.001623 0.001525 0.000726 0.000043 0.029892 0.007924 1.783412
0.958273 0.001616 0.001521 0.000722 0.000044 0.029899 0.007924 1.783575
0.958247 0.001618 0.001517 0.000721 0.000043 0.029928 0.007925 1.783732
0.958265 0.001617 0.001522 0.000712 0.000042 0.029917 0.007926 1.783890
0.958270 0.001614 0.001516 0.000715 0.000042 0.029917 0.007927 1.784040
0.958254 0.001608 0.001519 0.000729 0.000041 0.029923 0.007927 1.784206
0.958277 0.001608 0.001509 0.000723 0.000040 0.029915 0.007928 1.784361
0.958257 0.001627 0.001511 0.000731 0.000040 0.029906 0.007928 1.784515
0.958259 0.001633 0.001478 0.000728 0.000042 0.029932 0.007928 1.784654
0.958238 0.001612 0.001495 0.000737 0.000042 0.029948 0.007929 1.784826
0.958254 0.001590 0.001520 0.000740 0.000042 0.029925 0.007929 1.784995
0.958264 0.001579 0.001518 0.000738 0.000042 0.029929 0.007930 1.785159
0.958249 0.001587 0.001545 0.000723 0.000043 0.029922 0.007931 1.785321
0.958255 0.001587 0.001541 0.000717 0.000042 0.029926 0.007931 1.785475
0.958251 0.001583 0.001535 0.000707 0.000043 0.029950 0.007931 1.785634
0.958257 0.001578 0.001537 0.000699 0.000043 0.029956 0.007932 1.785790
0.958220 0.001586 0.001548 0.000700 0.000043 0.029972 0.007932 1.785962
0.958208 0.001595 0.001554 0.000711 0.000040 0.029958 0.007933 1.786128
0.958201 0.001612 0.001548 0.000709 0.000041 0.029956 0.007933 1.786270
0.958197 0.001608 0.001541 0.000701 0.000040 0.029978 0.007934 1.786432
0.958179 0.001617 0.001538 0.000709 0.000041 0.029981 0.007935 1.786593
0.958179 0.001607 0.001541 0.000712 0.000039 0.029986 0.007935 1.786752
0.958166 0.001622 0.001539 0.000718 0.000039 0.029981 0.007936 1.786907
0.958167 0.001612 0.001551 0.000717 0.000039 0.029980 0.007936 1.787074
0.958162 0.001617 0.001557 0.000716 0.000040 0.029972 0.007936 1.787238
0.958181 0.001605 0.001554 0.000705 0.000042 0.029977 0.007936 1.787397
0.958168 0.001591 0.001559 0.000713 0.000042 0.029991 0.007936 1.787571
0.958158 0.001598 0.001556 0.000722 0.000044 0.029986 0.007937 1.787725
0.958152 0.001602 0.001560 0.000728 0.000045 0.029976 0.007937 1.787888
0.958135 0.001595 0.001569 0.000725 0.000045 0.029993 0.007937 1.788062
0.958118 0.001622 0.001553 0.000720 0.000046 0.030002 0.007937 1.788207
0.958108 0.001618 0.001546 0.000711 0.000044 0.030035 0.007938 1.788367
0.958094 0.001626 0.001546 0.000715 0.000047 0.030033 0.007938 1.788529
0.958082 0.001632 0.001554 0.000715 0.000048 0.030030 0.007939 1.788690
0.958080 0.001633 0.001561 0.000709 0.000047 0.030031 0.007939 1.788849
0.958083 0.001624 0.001551 0.000708 0.000047 0.030047 0.007939 1.789016
0.958080 0.001622 0.001560 0.000692 0.000051 0.030056 0.007939 1.789180
0.958077 0.001621 0.001561 0.000688 0.000052 0.030060 0.007939 1.789342
0.958069 0.001633 0.001545 0.000683 0.000051 0.030078 0.007940 1.789497
0.958073 0.001638 0.001538 0.000682 0.000048 0.030081 0.007940 1.789650
0.958072 0.001635 0.001552 0.000694 0.000047 0.030060 0.007940 1.789819
0.958083 0.001629 0.001556 0.000694 0.000047 0.030051 0.007941 1.789978
0.958088 0.001626 0.001552 0.000688 0.000048 0.030057 0.007941 1.790139
0.958099 0.001612 0.001556 0.000688 0.000049 0.030054 0.007942 1.790300
0.958095 0.001612 0.001535 0.000687 0.000050 0.030079 0.007943 1.790452
0.958087 0.001605 0.001540 0.000694 0.000050 0.030082 0.007943 1.790613
0.958085 0.001607 0.001539 0.000691 0.000050 0.030085 0.007943 1.790768
0.958068 0.001610 0.001528 0.000687 0.000049 0.030113 0.007944 1.790921
0.958059 0.001613 0.001520 0.000687 0.000049 0.030126 0.007944 1.791081
0.958047 0.001623 0.001521 0.000685 0.000046 0.030133 0.007945 1.791238
0.958038 0.001614 0.001527 0.000681 0.000048 0.030146 0.007945 1.791407
0.958031 0.001629 0.001526 0.000688 0.000046 0.030135 0.007946 1.791560
0.958009 0.001620 0.001528 0.000682 0.000045 0.030169 0.007947 1.791730
0.958010 0.001631 0.001520 0.000692 0.000044 0.030155 0.007948 1.791885
0.958024 0.001615 0.001515 0.000702 0.000044 0.030151 0.007948 1.792046
0.958037 0.001609 0.001522 0.000697 0.000042 0.030144 0.007950 1.792204
0.958020 0.001590 0.001512 0.000698 0.000041 0.030189 0.007950 1.792380
0.957996 0.001608 0.001503 0.000696 0.000038 0.030207 0.007953 1.792535
0.957970 0.001626 0.001492 0.000690 0.000038 0.030232 0.007953 1.792682
0.957975 0.001625 0.001484 0.000689 0.000037 0.030236 0.007954 1.792829
0.957987 0.001605 0.001495 0.000697 0.000039 0.030224 0.007954 1.792998
0.957975 0.001604 0.001502 0.000696 0.000040 0.030231 0.007954 1.793164
0.957995 0.001588 0.001502 0.000688 0.000037 0.030235 0.007956 1.793318
0.957980 0.001605 0.001501 0.000697 0.000034 0.030226 0.007957 1.793472
0.957973 0.001606 0.001486 0.000697 0.000034 0.030247 0.007957 1.793632
0.957965 0.001615 0.001471 0.000694 0.000038 0.030261 0.007957 1.793788
0.957981 0.001603 0.001489 0.000700 0.000036 0.030232 0.007959 1.793957
0.957982 0.001579 0.001504 0.000709 0.000037 0.030230 0.007959 1.794134
0.957981 0.001586 0.001504 0.000720 0.000035 0.030213 0.007959 1.794292
0.957978 0.001578 0.001515 0.000725 0.000032 0.030213 0.007959 1.794453
0.957989 0.001563 0.001524 0.000727 0.000032 0.030205 0.007960 1.794613
0.957956 0.001586 0.001523 0.000725 0.000029 0.030221 0.007960 1.794764
0.957969 0.001576 0.001524 0.000728 0.000030 0.030212 0.007961 1.794926
0.957966 0.001578 0.001519 0.000727 0.000033 0.030216 0.007961 1.795085
