0.339244 0.063047 0.055896 0.032503 0.002282 0.500740 0.006288 1.643886
0.341831 0.060623 0.055850 0.032255 0.002283 0.500845 0.006312 1.649911
0.345248 0.057637 0.055742 0.031907 0.002291 0.500838 0.006338 1.655697
0.349224 0.054380 0.055460 0.031467 0.002291 0.500813 0.006366 1.661182
0.353649 0.051070 0.054977 0.030988 0.002285 0.500632 0.006398 1.666326
0.358350 0.047840 0.054314 0.030354 0.002290 0.500433 0.006420 1.671168
0.363109 0.044728 0.053459 0.029646 0.002287 0.500319 0.006453 1.675711
0.368135 0.041665 0.052598 0.029008 0.002275 0.499835 0.006485 1.680010
0.373279 0.038801 0.051653 0.028180 0.002249 0.499321 0.006518 1.683979
0.378469 0.036171 0.050459 0.027363 0.002238 0.498751 0.006548 1.687679
0.383726 0.033679 0.049243 0.026557 0.002218 0.498003 0.006573 1.691122
0.389165 0.031374 0.047971 0.025723 0.002200 0.496967 0.006601 1.694336
0.394603 0.029290 0.046556 0.024840 0.002177 0.495905 0.006628 1.697263
0.400070 0.027321 0.045229 0.023905 0.002158 0.494667 0.006650 1.700014
0.405489 0.025472 0.043819 0.023009 0.002138 0.493396 0.006677 1.702621
0.410988 0.023678 0.042460 0.022146 0.002117 0.491905 0.006706 1.705100
0.416480 0.022095 0.041091 0.021315 0.002101 0.490185 0.006733 1.707350
0.421953 0.020602 0.039660 0.020485 0.002087 0.488458 0.006756 1.709475
0.427399 0.019248 0.038243 0.019587 0.002055 0.486686 0.006784 1.711443
0.432867 0.018054 0.036831 0.018721 0.002021 0.484695 0.006811 1.713215
0.438389 0.016916 0.035465 0.017910 0.001995 0.482490 0.006836 1.714913
0.443849 0.015864 0.034097 0.017147 0.001956 0.480220 0.006868 1.716525
0.449308 0.014911 0.032710 0.016372 0.001920 0.477884 0.006894 1.718031
0.454781 0.014017 0.031373 0.015694 0.001897 0.475320 0.006918 1.719430
0.460240 0.013171 0.030092 0.015002 0.001861 0.472695 0.006939 1.720772
0.465732 0.012340 0.028886 0.014333 0.001822 0.469922 0.006964 1.722052
0.471099 0.011679 0.027670 0.013688 0.001794 0.467084 0.006985 1.723206
0.476437 0.011000 0.026554 0.013024 0.001750 0.464227 0.007009 1.724325
0.481778 0.010344 0.025445 0.012453 0.001719 0.461237 0.007024 1.725406
0.487124 0.009783 0.024361 0.011872 0.001695 0.458120 0.007045 1.726405
0.492432 0.009273 0.023314 0.011282 0.001655 0.454967 0.007076 1.727321
0.497791 0.008770 0.022304 0.010721 0.001627 0.451695 0.007093 1.728228
0.502997 0.008343 0.021337 0.010237 0.001589 0.448379 0.007119 1.729055
0.508188 0.007937 0.020362 0.009747 0.001553 0.445074 0.007141 1.729832
0.513402 0.007576 0.019437 0.009261 0.001515 0.441643 0.007166 1.730565
0.518545 0.007214 0.018560 0.008812 0.001486 0.438203 0.007181 1.731268
0.523577 0.006857 0.017754 0.008397 0.001450 0.434764 0.007202 1.731979
0.528612 0.006587 0.016929 0.007962 0.001398 0.431286 0.007226 1.732614
0.533646 0.006273 0.016198 0.007628 0.001366 0.427643 0.007246 1.733268
0.538657 0.005991 0.015481 0.007226 0.001343 0.424043 0.007260 1.733876
0.543708 0.005738 0.014789 0.006868 0.001313 0.420308 0.007277 1.734455
0.548631 0.005475 0.014146 0.006533 0.001279 0.416644 0.007293 1.735031
0.553481 0.005307 0.013470 0.006226 0.001242 0.412966 0.007309 1.735528
0.558506 0.005102 0.012851 0.005958 0.001204 0.409059 0.007322 1.736011
0.563376 0.004928 0.012314 0.005709 0.001171 0.405166 0.007336 1.736502
0.568118 0.004721 0.011772 0.005450 0.001143 0.401444 0.007352 1.736988
0.572927 0.004563 0.011262 0.005214 0.001106 0.397560 0.007369 1.737421
0.577674 0.004365 0.010800 0.004972 0.001066 0.393741 0.007383 1.737883
0.582331 0.004177 0.010361 0.004762 0.001036 0.389934 0.007399 1.738321
0.586892 0.004047 0.009925 0.004550 0.001008 0.386161 0.007416 1.738719
0.591414 0.003910 0.009519 0.004363 0.000981 0.382382 0.007431 1.739121
0.595971 0.003797 0.009120 0.004149 0.000952 0.378566 0.007446 1.739496
0.600483 0.003622 0.008780 0.003959 0.000918 0.374780 0.007458 1.739894
0.604926 0.003482 0.008396 0.003792 0.000888 0.371044 0.007473 1.740256
0.609353 0.003377 0.008022 0.003634 0.000860 0.367270 0.007484 1.740602
0.613744 0.003313 0.007672 0.003498 0.000834 0.363444 0.007495 1.740903
0.618024 0.003228 0.007350 0.003339 0.000823 0.359736 0.007502 1.741214
0.622301 0.003139 0.007017 0.003204 0.000797 0.356029 0.007512 1.741517
0.626499 0.003065 0.006714 0.003065 0.000775 0.352359 0.007523 1.741809
0.630689 0.002994 0.006433 0.002939 0.000753 0.348660 0.007533 1.742092
0.634812 0.002923 0.006179 0.002828 0.000733 0.344981 0.007543 1.742379
0.638920 0.002838 0.005951 0.002713 0.000719 0.341307 0.007552 1.742660
0.643021 0.002764 0.005720 0.002594 0.000701 0.337640 0.007559 1.742937
0.647066 0.002718 0.005473 0.002497 0.000679 0.333996 0.007570 1.743184
0.650978 0.002658 0.005269 0.002393 0.000662 0.330464 0.007576 1.743441
0.654866 0.002607 0.005096 0.002302 0.000648 0.326901 0.007582 1.743699
0.658780 0.002523 0.004932 0.002200 0.000632 0.323345 0.007589 1.743959
0.662648 0.002468 0.004755 0.002112 0.000612 0.319805 0.007600 1.744198
0.666404 0.002406 0.004581 0.002047 0.000588 0.316362 0.007611 1.744445
0.670150 0.002351 0.004418 0.001978 0.000574 0.312913 0.007618 1.744683
0.673853 0.002305 0.004243 0.001911 0.000561 0.309502 0.007627 1.744924
0.677578 0.002256 0.004078 0.001858 0.000550 0.306047 0.007634 1.745151
0.681198 0.002206 0.003927 0.001794 0.000533 0.302701 0.007643 1.745362
0.684777 0.002169 0.003776 0.001730 0.000520 0.299378 0.007651 1.745564
0.688366 0.002102 0.003640 0.001669 0.000499 0.296066 0.007660 1.745795
0.691887 0.002061 0.003507 0.001624 0.000487 0.292769 0.007666 1.746007
0.695383 0.002015 0.003386 0.001578 0.000467 0.289495 0.007676 1.746203
0.698820 0.001969 0.003289 0.001516 0.000443 0.286279 0.007685 1.746403
0.702198 0.001917 0.003198 0.001472 0.000427 0.283097 0.007692 1.746614
0.705469 0.001885 0.003086 0.001431 0.000411 0.280021 0.007698 1.746789
0.708801 0.001871 0.003006 0.001388 0.000397 0.276833 0.007705 1.746965
0.712133 0.001829 0.002917 0.001329 0.000387 0.273694 0.007712 1.747149
0.715352 0.001790 0.002828 0.001296 0.000373 0.270642 0.007720 1.747331
0.718553 0.001767 0.002757 0.001264 0.000354 0.267577 0.007729 1.747500
0.721804 0.001729 0.002695 0.001234 0.000347 0.264460 0.007732 1.747678
0.724954 0.001708 0.002615 0.001196 0.000339 0.261455 0.007735 1.747838
0.728074 0.001662 0.002554 0.001174 0.000330 0.258467 0.007740 1.748013
0.731165 0.001644 0.002487 0.001138 0.000322 0.255502 0.007743 1.748174
0.734320 0.001605 0.002433 0.001111 0.000312 0.252477 0.007745 1.748340
0.737204 0.001569 0.002388 0.001079 0.000304 0.249706 0.007751 1.748506
0.740146 0.001562 0.002334 0.001047 0.000296 0.246864 0.007754 1.748666
0.743063 0.001536 0.002250 0.001042 0.000288 0.244065 0.007757 1.748827
0.746042 0.001506 0.002178 0.001027 0.000286 0.241202 0.007760 1.748973
0.748938 0.001481 0.002135 0.001003 0.000285 0.238396 0.007763 1.749121
0.751782 0.001447 0.002073 0.001003 0.000275 0.235652 0.007768 1.749270
0.754587 0.001421 0.002018 0.000977 0.000266 0.232961 0.007772 1.749408
0.757369 0.001392 0.001988 0.000969 0.000255 0.230250 0.007777 1.749552
0.760077 0.001369 0.001936 0.000942 0.000247 0.227649 0.007780 1.749686
0.762790 0.001345 0.001891 0.000918 0.000241 0.225030 0.007785 1.749835
0.765468 0.001328 0.001829 0.000900 0.000231 0.222454 0.007790 1.749955
0.768096 0.001317 0.001770 0.000873 0.000225 0.219927 0.007793 1.750060
0.770757 0.001284 0.001730 0.000872 0.000220 0.217341 0.007795 1.750205
0.773423 0.001252 0.001700 0.000845 0.000208 0.214771 0.007801 1.750334
0.775931 0.001265 0.001649 0.000826 0.000206 0.212321 0.007803 1.750451
0.778494 0.001245 0.001608 0.000813 0.000199 0.209837 0.007805 1.750576
0.780934 0.001240 0.001584 0.000802 0.000192 0.207439 0.007809 1.750706
0.783424 0.001208 0.001569 0.000789 0.000183 0.205016 0.007811 1.750840
0.785860 0.001211 0.001529 0.000772 0.000178 0.202636 0.007814 1.750953
0.788300 0.001202 0.001506 0.000760 0.000172 0.200242 0.007817 1.751075
0.790676 0.001190 0.001482 0.000750 0.000170 0.197913 0.007820 1.751203
0.793055 0.001165 0.001464 0.000728 0.000163 0.195602 0.007824 1.751324
0.795369 0.001171 0.001433 0.000704 0.000159 0.193339 0.007825 1.751438
0.797706 0.001156 0.001399 0.000691 0.000155 0.191067 0.007827 1.751551
0.800008 0.001150 0.001370 0.000675 0.000153 0.188817 0.007828 1.751655
0.802274 0.001139 0.001345 0.000662 0.000150 0.186600 0.007830 1.751770
0.804476 0.001122 0.001327 0.000644 0.000144 0.184455 0.007832 1.751876
0.806700 0.001117 0.001307 0.000629 0.000135 0.182278 0.007835 1.751979
0.808843 0.001099 0.001285 0.000617 0.000132 0.180187 0.007836 1.752091
0.811030 0.001085 0.001261 0.000613 0.000128 0.178044 0.007839 1.752196
0.813132 0.001093 0.001240 0.000593 0.000126 0.175977 0.007840 1.752295
0.815244 0.001070 0.001219 0.000583 0.000120 0.173920 0.007843 1.752406
0.817294 0.001065 0.001206 0.000576 0.000119 0.171897 0.007844 1.752515
0.819364 0.001053 0.001184 0.000567 0.000116 0.169872 0.007845 1.752622
0.821414 0.001058 0.001167 0.000561 0.000111 0.167841 0.007847 1.752719
0.823431 0.001060 0.001159 0.000557 0.000110 0.165836 0.007848 1.752823
0.825432 0.001047 0.001147 0.000547 0.000107 0.163871 0.007849 1.752931
0.827345 0.001046 0.001136 0.000540 0.000108 0.161976 0.007850 1.753037
0.829220 0.001038 0.001131 0.000537 0.000107 0.160117 0.007850 1.753143
0.831061 0.001044 0.001107 0.000536 0.000103 0.158298 0.007851 1.753236
0.832897 0.001026 0.001099 0.000531 0.000099 0.156495 0.007853 1.753336
0.834752 0.001017 0.001097 0.000533 0.000098 0.154649 0.007854 1.753449
0.836601 0.001021 0.001092 0.000513 0.000097 0.152823 0.007855 1.753536
0.838401 0.001024 0.001098 0.000509 0.000094 0.151018 0.007856 1.753641
0.840201 0.001005 0.001082 0.000514 0.000090 0.149250 0.007859 1.753742
0.841976 0.001006 0.001076 0.000508 0.000088 0.147487 0.007859 1.753842
0.843662 0.001012 0.001064 0.000501 0.000082 0.145817 0.007861 1.753931
0.845373 0.001005 0.001046 0.000495 0.000081 0.144140 0.007861 1.754021
0.847069 0.001001 0.001037 0.000491 0.000079 0.142462 0.007861 1.754117
0.848740 0.001010 0.001031 0.000487 0.000079 0.140791 0.007863 1.754215
0.850421 0.000999 0.001017 0.000488 0.000078 0.139133 0.007865 1.754318
0.852071 0.000997 0.001004 0.000487 0.000077 0.137500 0.007865 1.754416
0.853697 0.000996 0.001002 0.000480 0.000077 0.135884 0.007865 1.754510
0.855325 0.000986 0.001004 0.000487 0.000075 0.134257 0.007867 1.754617
0.856872 0.000981 0.001007 0.000486 0.000074 0.132712 0.007869 1.754708
0.858361 0.000982 0.001004 0.000482 0.000071 0.131230 0.007870 1.754808
0.859875 0.000979 0.001005 0.000476 0.000069 0.129724 0.007873 1.754905
0.861396 0.000977 0.000994 0.000469 0.000067 0.128222 0.007873 1.754998
0.862883 0.000980 0.000977 0.000466 0.000064 0.126755 0.007875 1.755097
0.864316 0.000980 0.000979 0.000461 0.000064 0.125325 0.007875 1.755202
0.865707 0.000982 0.000977 0.000460 0.000065 0.123934 0.007876 1.755311
0.867126 0.000976 0.000975 0.000460 0.000063 0.122524 0.007877 1.755416
0.868589 0.000981 0.000970 0.000454 0.000061 0.121067 0.007879 1.755502
0.869959 0.001002 0.000955 0.000449 0.000060 0.119695 0.007879 1.755584
0.871318 0.000996 0.000956 0.000446 0.000060 0.118346 0.007879 1.755685
0.872718 0.000996 0.000952 0.000439 0.000057 0.116959 0.007880 1.755778
0.874056 0.000998 0.000950 0.000439 0.000056 0.115622 0.007880 1.755874
0.875397 0.000981 0.000941 0.000437 0.000056 0.114308 0.007881 1.755974
0.876714 0.000978 0.000943 0.000434 0.000056 0.112995 0.007881 1.756070
0.877960 0.000982 0.000937 0.000439 0.000055 0.111746 0.007882 1.756162
0.879271 0.000972 0.000947 0.000449 0.000052 0.110425 0.007883 1.756270
0.880496 0.000972 0.000948 0.000448 0.000052 0.109202 0.007883 1.756369
0.881732 0.000974 0.000935 0.000443 0.000049 0.107984 0.007884 1.756461
0.882888 0.000982 0.000929 0.000440 0.000048 0.106829 0.007885 1.756557
0.884122 0.000961 0.000933 0.000434 0.000049 0.105616 0.007886 1.756661
0.885295 0.000959 0.000926 0.000432 0.000048 0.104454 0.007886 1.756758
0.886462 0.000934 0.000925 0.000440 0.000048 0.103305 0.007886 1.756864
0.887620 0.000932 0.000918 0.000436 0.000046 0.102161 0.007888 1.756952
0.888757 0.000954 0.000918 0.000438 0.000043 0.101000 0.007890 1.757038
0.889859 0.000958 0.000919 0.000436 0.000042 0.099897 0.007890 1.757136
0.890930 0.000966 0.000910 0.000432 0.000042 0.098830 0.007891 1.757227
0.892039 0.000975 0.000906 0.000438 0.000039 0.097710 0.007892 1.757320
0.893116 0.000961 0.000917 0.000429 0.000038 0.096646 0.007893 1.757415
0.894163 0.000954 0.000929 0.000422 0.000038 0.095601 0.007893 1.757514
0.895199 0.000954 0.000920 0.000419 0.000040 0.094575 0.007894 1.757613
0.896225 0.000937 0.000930 0.000422 0.000037 0.093555 0.007895 1.757715
0.897257 0.000934 0.000936 0.000416 0.000037 0.092527 0.007895 1.757808
0.898254 0.000943 0.000932 0.000413 0.000039 0.091526 0.007895 1.757896
0.899275 0.000932 0.000931 0.000414 0.000038 0.090516 0.007895 1.757998
0.900243 0.000932 0.000939 0.000411 0.000041 0.089541 0.007895 1.758093
0.901172 0.000934 0.000927 0.000411 0.000040 0.088622 0.007895 1.758186
0.902067 0.000940 0.000920 0.000409 0.000039 0.087731 0.007896 1.758271
0.902977 0.000951 0.000915 0.000414 0.000038 0.086809 0.007896 1.758365
0.903899 0.000958 0.000910 0.000421 0.000037 0.085880 0.007896 1.758453
0.904791 0.000979 0.000898 0.000425 0.000037 0.084975 0.007897 1.758539
0.905671 0.000966 0.000899 0.000424 0.000038 0.084107 0.007897 1.758641
0.906517 0.000969 0.000897 0.000418 0.000038 0.083264 0.007898 1.758730
0.907365 0.000963 0.000899 0.000421 0.000038 0.082417 0.007898 1.758825
0.908207 0.000972 0.000904 0.000428 0.000036 0.081555 0.007899 1.758920
0.909021 0.000988 0.000907 0.000419 0.000039 0.080727 0.007899 1.759011
0.909824 0.000991 0.000906 0.000427 0.000037 0.079916 0.007900 1.759109
0.910619 0.000989 0.000908 0.000433 0.000038 0.079116 0.007900 1.759220
0.911406 0.000985 0.000909 0.000434 0.000037 0.078329 0.007901 1.759312
0.912169 0.000996 0.000911 0.000426 0.000038 0.077560 0.007901 1.759404
0.912888 0.000981 0.000910 0.000421 0.000038 0.076862 0.007901 1.759507
0.913621 0.000975 0.000924 0.000414 0.000039 0.076128 0.007901 1.759608
0.914378 0.000980 0.000918 0.000416 0.000038 0.075370 0.007901 1.759703
0.915082 0.000981 0.000921 0.000416 0.000038 0.074663 0.007901 1.759806
0.915795 0.000991 0.000937 0.000420 0.000039 0.073918 0.007901 1.759909
0.916481 0.001010 0.000939 0.000431 0.000038 0.073202 0.007901 1.760003
0.917137 0.001020 0.000930 0.000426 0.000035 0.072551 0.007901 1.760099
0.917792 0.001019 0.000936 0.000418 0.000035 0.071900 0.007902 1.760199
0.918439 0.001015 0.000934 0.000419 0.000036 0.071255 0.007902 1.760299
0.919074 0.001028 0.000938 0.000417 0.000036 0.070604 0.007902 1.760398
0.919697 0.001045 0.000942 0.000416 0.000035 0.069964 0.007903 1.760490
0.920296 0.001051 0.000948 0.000415 0.000034 0.069353 0.007904 1.760590
0.920915 0.001056 0.000949 0.000422 0.000034 0.068719 0.007905 1.760698
0.921537 0.001063 0.000953 0.000424 0.000033 0.068085 0.007905 1.760804
0.922148 0.001062 0.000965 0.000427 0.000033 0.067461 0.007906 1.760917
0.922750 0.001055 0.000971 0.000438 0.000032 0.066848 0.007906 1.761023
0.923336 0.001076 0.000968 0.000437 0.000032 0.066245 0.007906 1.761125
0.923903 0.001100 0.000972 0.000441 0.000033 0.065645 0.007906 1.761223
0.924451 0.001101 0.000972 0.000437 0.000033 0.065100 0.007907 1.761329
0.924963 0.001105 0.000983 0.000437 0.000031 0.064574 0.007908 1.761441
0.925520 0.001117 0.000986 0.000439 0.000032 0.063999 0.007908 1.761543
0.926046 0.001104 0.000994 0.000458 0.000034 0.063457 0.007909 1.761676
0.926542 0.001119 0.001006 0.000470 0.000033 0.062923 0.007909 1.761786
0.927050 0.001132 0.001012 0.000467 0.000033 0.062399 0.007909 1.761901
0.927520 0.001147 0.001014 0.000469 0.000034 0.061908 0.007909 1.762010
0.928037 0.001164 0.001007 0.000463 0.000036 0.061386 0.007909 1.762118
0.928519 0.001154 0.001019 0.000471 0.000036 0.060892 0.007910 1.762238
0.929006 0.001155 0.001020 0.000475 0.000036 0.060398 0.007911 1.762351
0.929480 0.001165 0.001026 0.000468 0.000035 0.059916 0.007911 1.762465
0.929947 0.001163 0.001033 0.000469 0.000035 0.059442 0.007911 1.762578
0.930387 0.001171 0.001043 0.000472 0.000035 0.058980 0.007912 1.762688
0.930825 0.001183 0.001037 0.000469 0.000034 0.058540 0.007912 1.762797
0.931260 0.001182 0.001036 0.000471 0.000032 0.058106 0.007914 1.762919
0.931646 0.001196 0.001037 0.000475 0.000032 0.057701 0.007914 1.763037
0.932048 0.001209 0.001039 0.000473 0.000032 0.057285 0.007914 1.763145
0.932456 0.001231 0.001026 0.000478 0.000030 0.056864 0.007916 1.763257
0.932865 0.001222 0.001039 0.000483 0.000030 0.056446 0.007916 1.763385
0.933233 0.001223 0.001055 0.000497 0.000028 0.056048 0.007917 1.763510
0.933610 0.001213 0.001070 0.000494 0.000028 0.055668 0.007917 1.763633
0.933991 0.001196 0.001085 0.000505 0.000028 0.055279 0.007917 1.763769
0.934353 0.001209 0.001094 0.000511 0.000030 0.054887 0.007917 1.763888
0.934694 0.001228 0.001085 0.000523 0.000029 0.054524 0.007918 1.764007
0.935059 0.001233 0.001085 0.000513 0.000029 0.054164 0.007918 1.764123
0.935393 0.001242 0.001081 0.000513 0.000029 0.053825 0.007919 1.764245
0.935728 0.001258 0.001087 0.000521 0.000030 0.053459 0.007919 1.764369
0.936083 0.001246 0.001092 0.000526 0.000029 0.053104 0.007919 1.764500
0.936434 0.001240 0.001095 0.000533 0.000031 0.052747 0.007919 1.764632
0.936768 0.001235 0.001099 0.000529 0.000031 0.052418 0.007921 1.764757
0.937095 0.001239 0.001097 0.000532 0.000032 0.052084 0.007921 1.764875
0.937414 0.001234 0.001115 0.000545 0.000033 0.051738 0.007921 1.765009
0.937722 0.001246 0.001111 0.000547 0.000033 0.051419 0.007922 1.765126
0.938018 0.001251 0.001116 0.000552 0.000032 0.051109 0.007922 1.765256
0.938297 0.001275 0.001123 0.000548 0.000032 0.050804 0.007922 1.765379
0.938576 0.001281 0.001135 0.000544 0.000031 0.050511 0.007922 1.765503
0.938878 0.001274 0.001141 0.000554 0.000030 0.050202 0.007923 1.765637
0.939166 0.001278 0.001141 0.000555 0.000029 0.049907 0.007923 1.765768
0.939457 0.001296 0.001147 0.000549 0.000029 0.049599 0.007925 1.765890
0.939725 0.001321 0.001137 0.000550 0.000030 0.049312 0.007925 1.766009
0.939982 0.001330 0.001147 0.000555 0.000032 0.049032 0.007925 1.766139
0.940252 0.001350 0.001136 0.000547 0.000032 0.048758 0.007926 1.766260
0.940472 0.001364 0.001138 0.000550 0.000033 0.048518 0.007926 1.766393
0.940707 0.001375 0.001138 0.000560 0.000034 0.048260 0.007927 1.766524
0.940954 0.001393 0.001143 0.000568 0.000034 0.047982 0.007927 1.766653
0.941207 0.001420 0.001147 0.000565 0.000034 0.047700 0.007927 1.766773
0.941455 0.001415 0.001149 0.000570 0.000033 0.047451 0.007928 1.766911
0.941692 0.001416 0.001152 0.000576 0.000034 0.047202 0.007928 1.767048
0.941929 0.001399 0.001174 0.000581 0.000035 0.046954 0.007928 1.767195
0.942128 0.001407 0.001173 0.000577 0.000033 0.046752 0.007930 1.767333
0.942375 0.001380 0.001190 0.000595 0.000034 0.046496 0.007930 1.767492
0.942576 0.001400 0.001192 0.000593 0.000034 0.046275 0.007931 1.767620
0.942780 0.001407 0.001200 0.000592 0.000034 0.046057 0.007931 1.767761
0.942990 0.001413 0.001204 0.000595 0.000033 0.045834 0.007932 1.767896
0.943200 0.001417 0.001220 0.000599 0.000032 0.045599 0.007934 1.768036
0.943413 0.001424 0.001226 0.000599 0.000033 0.045371 0.007934 1.768175
0.943601 0.001432 0.001238 0.000594 0.000034 0.045168 0.007934 1.768309
0.943770 0.001458 0.001234 0.000591 0.000035 0.044980 0.007934 1.768440
0.943959 0.001466 0.001232 0.000601 0.000034 0.044775 0.007934 1.768582
0.944135 0.001475 0.001245 0.000598 0.000034 0.044578 0.007935 1.768726
0.944307 0.001498 0.001251 0.000595 0.000035 0.044379 0.007935 1.768861
0.944502 0.001498 0.001279 0.000606 0.000036 0.044144 0.007935 1.769013
0.944668 0.001504 0.001267 0.000610 0.000035 0.043981 0.007936 1.769156
0.944846 0.001506 0.001272 0.000619 0.000035 0.043787 0.007936 1.769299
0.944992 0.001520 0.001275 0.000616 0.000035 0.043628 0.007936 1.769439
0.945194 0.001521 0.001307 0.000617 0.000035 0.043391 0.007936 1.769595
0.945353 0.001519 0.001321 0.000619 0.000034 0.043216 0.007937 1.769748
0.945497 0.001536 0.001332 0.000615 0.000034 0.043049 0.007938 1.769898
0.945670 0.001536 0.001339 0.000622 0.000035 0.042861 0.007938 1.770052
0.945823 0.001553 0.001344 0.000635 0.000038 0.042670 0.007938 1.770196
0.945954 0.001560 0.001356 0.000643 0.000037 0.042512 0.007939 1.770346
0.946071 0.001584 0.001353 0.000643 0.000038 0.042372 0.007940 1.770492
0.946220 0.001569 0.001373 0.000651 0.000037 0.042212 0.007940 1.770663
0.946356 0.001587 0.001376 0.000652 0.000040 0.042051 0.007940 1.770811
0.946488 0.001607 0.001369 0.000655 0.000040 0.041900 0.007940 1.770951
0.946606 0.001634 0.001379 0.000658 0.000041 0.041741 0.007940 1.771106
0.946749 0.001647 0.001385 0.000667 0.000041 0.041571 0.007940 1.771268
0.946876 0.001645 0.001399 0.000675 0.000041 0.041426 0.007940 1.771435
0.947009 0.001654 0.001398 0.000678 0.000042 0.041279 0.007940 1.771590
0.947143 0.001663 0.001406 0.000673 0.000043 0.041132 0.007940 1.771758
0.947249 0.001679 0.001409 0.000670 0.000043 0.041008 0.007942 1.771918
0.947375 0.001678 0.001427 0.000681 0.000042 0.040855 0.007943 1.772085
0.947486 0.001677 0.001442 0.000683 0.000043 0.040726 0.007943 1.772249
0.947554 0.001718 0.001471 0.000675 0.000043 0.040596 0.007943 1.772408
0.947634 0.001749 0.001467 0.000678 0.000045 0.040483 0.007943 1.772565
0.947743 0.001747 0.001480 0.000681 0.000046 0.040359 0.007944 1.772744
0.947821 0.001765 0.001485 0.000675 0.000048 0.040261 0.007944 1.772906
0.947883 0.001783 0.001494 0.000676 0.000047 0.040172 0.007945 1.773075
0.947978 0.001800 0.001519 0.000664 0.000048 0.040046 0.007945 1.773233
0.948069 0.001825 0.001523 0.000670 0.000049 0.039920 0.007945 1.773398
0.948133 0.001842 0.001535 0.000678 0.000048 0.039818 0.007946 1.773577
0.948234 0.001846 0.001549 0.000680 0.000048 0.039695 0.007948 1.773759
0.948308 0.001868 0.001570 0.000680 0.000046 0.039579 0.007950 1.773934
0.948356 0.001884 0.001582 0.000693 0.000044 0.039492 0.007950 1.774123
0.948421 0.001881 0.001611 0.000698 0.000044 0.039396 0.007950 1.774320
0.948449 0.001894 0.001632 0.000722 0.000043 0.039309 0.007951 1.774526
0.948511 0.001909 0.001657 0.000724 0.000044 0.039204 0.007951 1.774726
0.948570 0.001916 0.001659 0.000743 0.000044 0.039116 0.007951 1.774917
0.948604 0.001939 0.001678 0.000743 0.000045 0.039040 0.007952 1.775122
0.948655 0.001941 0.001675 0.000754 0.000044 0.038980 0.007952 1.775318
0.948700 0.001951 0.001704 0.000753 0.000043 0.038898 0.007952 1.775513
0.948747 0.001953 0.001718 0.000769 0.000042 0.038818 0.007954 1.775703
0.948812 0.001949 0.001725 0.000768 0.000041 0.038750 0.007954 1.775903
0.948856 0.001981 0.001698 0.000777 0.000041 0.038693 0.007954 1.776070
0.948889 0.001987 0.001724 0.000775 0.000041 0.038629 0.007955 1.776264
0.948925 0.001994 0.001732 0.000781 0.000040 0.038571 0.007957 1.776462
0.948947 0.002018 0.001731 0.000790 0.000040 0.038515 0.007958 1.776660
0.948974 0.002032 0.001732 0.000804 0.000041 0.038460 0.007958 1.776856
0.949018 0.002048 0.001733 0.000807 0.000041 0.038396 0.007958 1.777038
0.949036 0.002041 0.001758 0.000804 0.000041 0.038364 0.007958 1.777250
0.949051 0.002060 0.001752 0.000811 0.000041 0.038329 0.007958 1.777451
0.949090 0.002079 0.001766 0.000822 0.000041 0.038244 0.007958 1.777651
0.949108 0.002096 0.001769 0.000828 0.000041 0.038200 0.007959 1.777841
0.949123 0.002118 0.001769 0.000823 0.000041 0.038168 0.007959 1.778028
0.949138 0.002107 0.001788 0.000850 0.000042 0.038115 0.007960 1.778249
0.949145 0.002135 0.001794 0.000859 0.000042 0.038065 0.007960 1.778457
0.949158 0.002154 0.001815 0.000854 0.000042 0.038016 0.007961 1.778651
0.949148 0.002186 0.001831 0.000846 0.000041 0.037988 0.007962 1.778855
0.949165 0.002171 0.001857 0.000852 0.000042 0.037952 0.007962 1.779073
0.949182 0.002174 0.001870 0.000866 0.000045 0.037901 0.007962 1.779298
0.949174 0.002202 0.001878 0.000855 0.000047 0.037881 0.007962 1.779504
0.949167 0.002201 0.001901 0.000863 0.000049 0.037858 0.007962 1.779727
0.949169 0.002217 0.001917 0.000868 0.000049 0.037818 0.007963 1.779939
0.949204 0.002214 0.001913 0.000849 0.000049 0.037808 0.007964 1.780154
0.949207 0.002238 0.001908 0.000860 0.000049 0.037775 0.007965 1.780366
0.949198 0.002240 0.001919 0.000874 0.000052 0.037753 0.007965 1.780587
0.949192 0.002279 0.001928 0.000873 0.000051 0.037712 0.007966 1.780791
0.949190 0.002263 0.001952 0.000885 0.000050 0.037692 0.007966 1.781033
0.949215 0.002273 0.001964 0.000886 0.000048 0.037646 0.007967 1.781238
0.949210 0.002278 0.001983 0.000900 0.000045 0.037617 0.007968 1.781463
0.949183 0.002292 0.001994 0.000894 0.000045 0.037624 0.007968 1.781691
0.949199 0.002308 0.002005 0.000890 0.000048 0.037581 0.007968 1.781903
0.949194 0.002306 0.002050 0.000890 0.000047 0.037546 0.007968 1.782140
0.949203 0.002266 0.002080 0.000904 0.000047 0.037532 0.007968 1.782394
0.949200 0.002274 0.002084 0.000911 0.000048 0.037514 0.007969 1.782623
0.949175 0.002296 0.002086 0.000911 0.000047 0.037515 0.007969 1.782846
0.949133 0.002338 0.002079 0.000910 0.000048 0.037523 0.007969 1.783068
0.949119 0.002366 0.002075 0.000913 0.000047 0.037510 0.007970 1.783275
0.949082 0.002385 0.002084 0.000905 0.000046 0.037527 0.007971 1.783495
0.949072 0.002389 0.002103 0.000924 0.000048 0.037494 0.007971 1.783733
0.949056 0.002389 0.002119 0.000931 0.000046 0.037487 0.007972 1.783976
0.949042 0.002380 0.002151 0.000944 0.000046 0.037465 0.007972 1.784215
0.949012 0.002416 0.002130 0.000949 0.000048 0.037472 0.007973 1.784429
0.948992 0.002388 0.002150 0.000971 0.000048 0.037478 0.007973 1.784691
0.948970 0.002402 0.002178 0.000975 0.000048 0.037454 0.007973 1.784930
0.948935 0.002404 0.002172 0.000988 0.000047 0.037480 0.007975 1.785173
0.948926 0.002418 0.002157 0.001012 0.000047 0.037466 0.007975 1.785398
0.948897 0.002431 0.002148 0.001018 0.000047 0.037484 0.007976 1.785637
0.948891 0.002454 0.002132 0.001020 0.000048 0.037479 0.007976 1.785846
0.948885 0.002444 0.002130 0.001030 0.000048 0.037486 0.007976 1.786087
0.948843 0.002448 0.002144 0.001035 0.000048 0.037506 0.007977 1.786333
0.948810 0.002455 0.002160 0.001034 0.000048 0.037516 0.007977 1.786575
0.948770 0.002466 0.002169 0.001039 0.000047 0.037532 0.007978 1.786821
0.948742 0.002492 0.002178 0.001040 0.000050 0.037521 0.007978 1.787055
0.948740 0.002507 0.002151 0.001041 0.000051 0.037532 0.007979 1.787286
0.948688 0.002529 0.002160 0.001052 0.000050 0.037542 0.007979 1.787530
0.948667 0.002548 0.002160 0.001041 0.000052 0.037552 0.007980 1.787768
0.948645 0.002566 0.002170 0.001056 0.000050 0.037533 0.007980 1.788013
0.948603 0.002584 0.002181 0.001069 0.000050 0.037531 0.007982 1.788262
0.948568 0.002584 0.002214 0.001074 0.000052 0.037524 0.007983 1.788533
0.948569 0.002581 0.002209 0.001074 0.000053 0.037529 0.007983 1.788773
0.948531 0.002580 0.002221 0.001083 0.000053 0.037549 0.007984 1.789031
0.948501 0.002579 0.002236 0.001069 0.000051 0.037579 0.007986 1.789288
0.948452 0.002578 0.002244 0.001073 0.000050 0.037616 0.007986 1.789555
0.948445 0.002566 0.002288 0.001081 0.000055 0.037578 0.007986 1.789818
0.948434 0.002547 0.002298 0.001088 0.000058 0.037589 0.007987 1.790082
0.948415 0.002530 0.002311 0.001104 0.000058 0.037597 0.007987 1.790346
0.948400 0.002527 0.002308 0.001114 0.000055 0.037608 0.007988 1.790597
0.948373 0.002521 0.002305 0.001113 0.000054 0.037644 0.007989 1.790848
0.948351 0.002534 0.002300 0.001106 0.000055 0.037665 0.007990 1.791089
0.948337 0.002514 0.002298 0.001122 0.000056 0.037682 0.007991 1.791357
0.948295 0.002526 0.002295 0.001117 0.000058 0.037718 0.007992 1.791593
0.948280 0.002520 0.002279 0.001108 0.000059 0.037763 0.007992 1.791848
0.948247 0.002521 0.002283 0.001105 0.000060 0.037792 0.007992 1.792092
0.948223 0.002535 0.002304 0.001102 0.000060 0.037783 0.007994 1.792337
0.948184 0.002545 0.002310 0.001101 0.000061 0.037805 0.007994 1.792589
0.948162 0.002535 0.002323 0.001113 0.000059 0.037813 0.007995 1.792852
0.948144 0.002528 0.002320 0.001129 0.000059 0.037825 0.007995 1.793100
0.948117 0.002512 0.002325 0.001138 0.000060 0.037852 0.007997 1.793362
0.948090 0.002508 0.002335 0.001151 0.000059 0.037860 0.007997 1.793616
0.948061 0.002517 0.002334 0.001153 0.000058 0.037878 0.007998 1.793866
0.948043 0.002512 0.002338 0.001150 0.000057 0.037901 0.007999 1.794119
0.948011 0.002511 0.002341 0.001154 0.000053 0.037930 0.008000 1.794381
0.947989 0.002530 0.002344 0.001140 0.000053 0.037944 0.008001 1.794618
0.947967 0.002535 0.002333 0.001125 0.000055 0.037985 0.008001 1.794864
0.947941 0.002542 0.002342 0.001116 0.000058 0.037998 0.008002 1.795120
0.947914 0.002555 0.002353 0.001116 0.000061 0.037999 0.008003 1.795363
0.947882 0.002541 0.002359 0.001136 0.000059 0.038021 0.008003 1.795629
0.947870 0.002528 0.002361 0.001144 0.000057 0.038036 0.008004 1.795897
0.947843 0.002521 0.002371 0.001142 0.000058 0.038060 0.008005 1.796150
0.947833 0.002533 0.002359 0.001133 0.000060 0.038077 0.008005 1.796381
0.947799 0.002511 0.002360 0.001137 0.000060 0.038127 0.008007 1.796642
0.947791 0.002509 0.002366 0.001137 0.000063 0.038128 0.008007 1.796893
0.947754 0.002539 0.002378 0.001124 0.000064 0.038131 0.008008 1.797137
0.947729 0.002530 0.002358 0.001123 0.000067 0.038185 0.008009 1.797388
0.947721 0.002514 0.002374 0.001119 0.000065 0.038198 0.008010 1.797645
0.947715 0.002504 0.002366 0.001107 0.000064 0.038233 0.008011 1.797902
0.947699 0.002491 0.002369 0.001099 0.000065 0.038264 0.008013 1.798161
0.947683 0.002488 0.002365 0.001108 0.000066 0.038277 0.008014 1.798408
0.947652 0.002502 0.002365 0.001096 0.000067 0.038305 0.008014 1.798642
0.947625 0.002510 0.002368 0.001090 0.000066 0.038326 0.008015 1.798895
0.947619 0.002519 0.002357 0.001085 0.000067 0.038337 0.008015 1.799135
0.947601 0.002533 0.002357 0.001079 0.000065 0.038349 0.008016 1.799376
0.947602 0.002524 0.002380 0.001073 0.000063 0.038341 0.008017 1.799635
0.947584 0.002522 0.002361 0.001079 0.000061 0.038374 0.008019 1.799887
0.947568 0.002523 0.002372 0.001070 0.000061 0.038386 0.008019 1.800139
0.947550 0.002542 0.002366 0.001068 0.000062 0.038392 0.008019 1.800378
0.947514 0.002574 0.002362 0.001084 0.000065 0.038383 0.008019 1.800625
0.947501 0.002535 0.002372 0.001093 0.000066 0.038414 0.008020 1.800891
0.947485 0.002533 0.002364 0.001102 0.000068 0.038429 0.008020 1.801137
0.947502 0.002537 0.002367 0.001098 0.000066 0.038409 0.008021 1.801375
0.947473 0.002532 0.002367 0.001088 0.000068 0.038451 0.008021 1.801635
0.947476 0.002531 0.002367 0.001086 0.000069 0.038450 0.008022 1.801878
0.947484 0.002545 0.002363 0.001073 0.000070 0.038443 0.008022 1.802113
0.947447 0.002561 0.002346 0.001092 0.000068 0.038462 0.008023 1.802374
0.947441 0.002557 0.002338 0.001089 0.000073 0.038478 0.008023 1.802622
0.947442 0.002552 0.002337 0.001087 0.000074 0.038485 0.008023 1.802874
0.947438 0.002548 0.002349 0.001087 0.000072 0.038482 0.008026 1.803132
0.947425 0.002554 0.002351 0.001073 0.000073 0.038498 0.008026 1.803373
0.947389 0.002566 0.002351 0.001074 0.000071 0.038521 0.008028 1.803624
0.947360 0.002583 0.002347 0.001080 0.000071 0.038531 0.008028 1.803868
0.947337 0.002600 0.002345 0.001079 0.000069 0.038539 0.008030 1.804102
0.947334 0.002600 0.002339 0.001085 0.000071 0.038541 0.008030 1.804359
0.947333 0.002577 0.002345 0.001095 0.000072 0.038548 0.008031 1.804626
0.947323 0.002579 0.002353 0.001114 0.000072 0.038528 0.008031 1.804878
0.947298 0.002587 0.002350 0.001101 0.000072 0.038561 0.008031 1.805122
0.947288 0.002583 0.002359 0.001112 0.000072 0.038555 0.008032 1.805383
0.947289 0.002581 0.002365 0.001119 0.000071 0.038543 0.008033 1.805637
0.947283 0.002581 0.002367 0.001113 0.000069 0.038553 0.008034 1.805886
0.947276 0.002545 0.002376 0.001124 0.000071 0.038573 0.008035 1.806157
0.947253 0.002563 0.002361 0.001122 0.000068 0.038597 0.008036 1.806399
0.947272 0.002572 0.002358 0.001112 0.000065 0.038582 0.008038 1.806634
0.947265 0.002551 0.002336 0.001132 0.000066 0.038612 0.008038 1.806892
0.947237 0.002574 0.002319 0.001133 0.000064 0.038631 0.008042 1.807124
0.947209 0.002575 0.002353 0.001121 0.000062 0.038636 0.008044 1.807383
0.947201 0.002562 0.002357 0.001116 0.000063 0.038658 0.008044 1.807632
0.947186 0.002559 0.002376 0.001109 0.000063 0.038664 0.008044 1.807884
0.947178 0.002551 0.002379 0.001114 0.000064 0.038670 0.008045 1.808137
0.947173 0.002555 0.002372 0.001105 0.000065 0.038685 0.008046 1.808373
0.947125 0.002580 0.002355 0.001097 0.000066 0.038729 0.008047 1.808620
0.947095 0.002598 0.002365 0.001090 0.000068 0.038737 0.008048 1.808863
0.947060 0.002605 0.002362 0.001079 0.000069 0.038777 0.008048 1.809112
0.947026 0.002644 0.002365 0.001075 0.000070 0.038772 0.008049 1.809347
0.947001 0.002609 0.002401 0.001087 0.000069 0.038783 0.008050 1.809637
0.946998 0.002606 0.002407 0.001099 0.000071 0.038770 0.008050 1.809893
0.946981 0.002604 0.002402 0.001109 0.000071 0.038782 0.008052 1.810158
0.946947 0.002601 0.002395 0.001107 0.000068 0.038830 0.008053 1.810423
0.946954 0.002582 0.002373 0.001114 0.000066 0.038857 0.008054 1.810676
0.946964 0.002587 0.002356 0.001113 0.000068 0.038858 0.008054 1.810924
0.946955 0.002573 0.002350 0.001119 0.000067 0.038881 0.008056 1.811173
0.946958 0.002573 0.002332 0.001129 0.000067 0.038884 0.008057 1.811418
0.946943 0.002595 0.002322 0.001126 0.000065 0.038890 0.008059 1.811659
0.946943 0.002578 0.002342 0.001134 0.000065 0.038879 0.008060 1.811918
0.946940 0.002560 0.002369 0.001129 0.000067 0.038874 0.008060 1.812183
0.946934 0.002534 0.002389 0.001116 0.000065 0.038902 0.008061 1.812452
0.946932 0.002520 0.002382 0.001124 0.000064 0.038918 0.008061 1.812707
0.946957 0.002500 0.002376 0.001128 0.000062 0.038915 0.008061 1.812958
0.946960 0.002506 0.002377 0.001122 0.000061 0.038913 0.008062 1.813194
0.946958 0.002508 0.002349 0.001117 0.000060 0.038945 0.008063 1.813423
0.946968 0.002499 0.002355 0.001112 0.000059 0.038944 0.008064 1.813671
0.946952 0.002518 0.002343 0.001114 0.000061 0.038949 0.008064 1.813909
0.946947 0.002487 0.002367 0.001113 0.000064 0.038957 0.008065 1.814171
0.946977 0.002485 0.002376 0.001107 0.000066 0.038925 0.008065 1.814403
0.946956 0.002479 0.002385 0.001115 0.000066 0.038933 0.008065 1.814659
0.946950 0.002486 0.002394 0.001112 0.000064 0.038929 0.008065 1.814902
0.946968 0.002465 0.002397 0.001116 0.000063 0.038926 0.008067 1.815148
0.946935 0.002458 0.002427 0.001111 0.000063 0.038938 0.008068 1.815408
0.946919 0.002469 0.002393 0.001107 0.000064 0.038980 0.008068 1.815640
0.946920 0.002477 0.002385 0.001108 0.000064 0.038979 0.008068 1.815880
0.946898 0.002479 0.002358 0.001123 0.000061 0.039010 0.008070 1.816122
0.946913 0.002485 0.002348 0.001115 0.000062 0.039008 0.008070 1.816344
0.946912 0.002499 0.002328 0.001096 0.000063 0.039034 0.008070 1.816575
0.946894 0.002499 0.002341 0.001091 0.000064 0.039041 0.008071 1.816831
0.946880 0.002496 0.002339 0.001095 0.000062 0.039057 0.008072 1.817082
0.946874 0.002460 0.002348 0.001108 0.000062 0.039076 0.008073 1.817346
0.946857 0.002457 0.002351 0.001112 0.000063 0.039088 0.008073 1.817603
0.946850 0.002467 0.002345 0.001089 0.000065 0.039112 0.008073 1.817827
0.946849 0.002448 0.002335 0.001096 0.000066 0.039134 0.008073 1.818078
0.946849 0.002429 0.002345 0.001102 0.000065 0.039136 0.008074 1.818334
0.946866 0.002443 0.002347 0.001092 0.000064 0.039113 0.008075 1.818568
0.946877 0.002432 0.002358 0.001099 0.000062 0.039095 0.008076 1.818811
0.946858 0.002437 0.002360 0.001105 0.000061 0.039103 0.008077 1.819055
0.946856 0.002435 0.002352 0.001107 0.000061 0.039113 0.008078 1.819293
0.946860 0.002426 0.002349 0.001108 0.000062 0.039117 0.008078 1.819535
0.946846 0.002435 0.002341 0.001098 0.000062 0.039140 0.008078 1.819783
0.946848 0.002433 0.002369 0.001090 0.000062 0.039118 0.008080 1.820031
0.946876 0.002416 0.002363 0.001090 0.000066 0.039109 0.008080 1.820270
0.946890 0.002393 0.002367 0.001092 0.000068 0.039109 0.008080 1.820526
0.946877 0.002393 0.002363 0.001090 0.000066 0.039129 0.008082 1.820770
0.946882 0.002401 0.002362 0.001080 0.000066 0.039125 0.008083 1.820999
0.946880 0.002399 0.002355 0.001083 0.000065 0.039134 0.008084 1.821233
0.946870 0.002412 0.002348 0.001074 0.000068 0.039144 0.008085 1.821462
0.946875 0.002413 0.002344 0.001072 0.000068 0.039140 0.008087 1.821698
0.946857 0.002418 0.002339 0.001064 0.000068 0.039164 0.008089 1.821939
0.946889 0.002385 0.002327 0.001065 0.000069 0.039177 0.008090 1.822186
0.946891 0.002385 0.002350 0.001071 0.000071 0.039142 0.008090 1.822426
0.946910 0.002382 0.002330 0.001068 0.000072 0.039149 0.008091 1.822661
0.946926 0.002369 0.002323 0.001061 0.000071 0.039159 0.008092 1.822887
0.946935 0.002368 0.002316 0.001080 0.000071 0.039138 0.008092 1.823129
0.946925 0.002383 0.002302 0.001061 0.000070 0.039167 0.008093 1.823354
0.946930 0.002369 0.002290 0.001052 0.000071 0.039196 0.008094 1.823590
0.946934 0.002356 0.002307 0.001042 0.000071 0.039195 0.008095 1.823832
0.946960 0.002346 0.002309 0.001046 0.000072 0.039172 0.008095 1.824078
0.946980 0.002331 0.002284 0.001045 0.000071 0.039195 0.008096 1.824315
0.947017 0.002339 0.002281 0.001038 0.000071 0.039158 0.008096 1.824527
0.947041 0.002332 0.002279 0.001036 0.000069 0.039146 0.008098 1.824758
0.947011 0.002341 0.002300 0.001041 0.000066 0.039142 0.008099 1.824995
0.947020 0.002358 0.002278 0.001032 0.000064 0.039149 0.008099 1.825206
0.947033 0.002391 0.002246 0.001019 0.000065 0.039147 0.008099 1.825414
0.947018 0.002383 0.002254 0.001028 0.000068 0.039151 0.008099 1.825657
0.947032 0.002372 0.002244 0.001022 0.000065 0.039166 0.008100 1.825894
0.947043 0.002369 0.002227 0.001020 0.000065 0.039174 0.008101 1.826116
0.947051 0.002364 0.002239 0.001020 0.000068 0.039156 0.008101 1.826351
0.947067 0.002365 0.002235 0.001023 0.000067 0.039142 0.008101 1.826583
0.947076 0.002376 0.002226 0.001014 0.000069 0.039138 0.008102 1.826803
0.947080 0.002368 0.002234 0.001016 0.000070 0.039131 0.008102 1.827041
0.947115 0.002344 0.002229 0.001021 0.000069 0.039120 0.008102 1.827277
0.947134 0.002360 0.002231 0.001027 0.000068 0.039077 0.008103 1.827502
0.947131 0.002387 0.002211 0.001030 0.000069 0.039069 0.008103 1.827713
0.947133 0.002387 0.002214 0.001022 0.000073 0.039067 0.008104 1.827945
0.947156 0.002348 0.002203 0.001032 0.000074 0.039085 0.008104 1.828193
0.947174 0.002342 0.002211 0.001037 0.000071 0.039060 0.008106 1.828435
0.947192 0.002328 0.002214 0.001038 0.000071 0.039050 0.008106 1.828671
0.947217 0.002326 0.002206 0.001035 0.000072 0.039038 0.008107 1.828892
0.947204 0.002339 0.002218 0.001044 0.000072 0.039015 0.008108 1.829127
0.947243 0.002320 0.002224 0.001030 0.000072 0.039002 0.008110 1.829366
0.947274 0.002323 0.002218 0.001037 0.000072 0.038966 0.008110 1.829592
0.947290 0.002308 0.002193 0.001047 0.000070 0.038978 0.008113 1.829818
0.947313 0.002304 0.002192 0.001027 0.000071 0.038981 0.008114 1.830039
0.947348 0.002279 0.002190 0.001041 0.000069 0.038956 0.008116 1.830271
0.947381 0.002276 0.002173 0.001032 0.000072 0.038950 0.008116 1.830484
0.947384 0.002265 0.002188 0.001020 0.000070 0.038956 0.008118 1.830708
0.947400 0.002233 0.002192 0.001025 0.000070 0.038961 0.008118 1.830944
0.947426 0.002222 0.002177 0.001027 0.000068 0.038960 0.008119 1.831166
0.947436 0.002198 0.002194 0.001026 0.000069 0.038958 0.008119 1.831406
0.947447 0.002216 0.002161 0.001026 0.000069 0.038962 0.008120 1.831616
0.947473 0.002215 0.002150 0.001014 0.000068 0.038960 0.008120 1.831824
0.947493 0.002231 0.002141 0.001003 0.000070 0.038941 0.008121 1.832032
0.947538 0.002226 0.002144 0.001005 0.000069 0.038898 0.008121 1.832237
0.947557 0.002228 0.002141 0.001000 0.000069 0.038884 0.008121 1.832462
0.947576 0.002215 0.002143 0.000999 0.000067 0.038878 0.008123 1.832691
0.947595 0.002221 0.002144 0.001001 0.000068 0.038849 0.008123 1.832912
0.947614 0.002216 0.002151 0.000983 0.000068 0.038844 0.008125 1.833126
0.947611 0.002215 0.002145 0.000995 0.000066 0.038841 0.008126 1.833358
