0.330224 0.063295 0.056688 0.032482 0.002167 0.508803 0.006340 1.660239
0.332273 0.061521 0.056702 0.032358 0.002158 0.508617 0.006369 1.666323
0.334990 0.059253 0.056574 0.032101 0.002148 0.508538 0.006395 1.672255
0.338129 0.056759 0.056182 0.031777 0.002143 0.508588 0.006422 1.677955
0.341638 0.054205 0.055808 0.031357 0.002148 0.508392 0.006452 1.683395
0.345407 0.051599 0.055316 0.030897 0.002152 0.508150 0.006480 1.688603
0.349318 0.049187 0.054627 0.030302 0.002149 0.507910 0.006507 1.693484
0.353277 0.046859 0.053948 0.029750 0.002134 0.507498 0.006536 1.698151
0.357355 0.044653 0.053204 0.029087 0.002131 0.507004 0.006565 1.702612
0.361575 0.042550 0.052279 0.028427 0.002129 0.506442 0.006598 1.706874
0.365905 0.040572 0.051320 0.027733 0.002131 0.505714 0.006625 1.710944
0.370218 0.038671 0.050312 0.027085 0.002114 0.504945 0.006656 1.714828
0.374572 0.036772 0.049292 0.026502 0.002092 0.504084 0.006686 1.718648
0.379078 0.035128 0.048155 0.025824 0.002081 0.503020 0.006715 1.722131
0.383515 0.033630 0.046885 0.025110 0.002065 0.502052 0.006742 1.725433
0.387998 0.032187 0.045702 0.024466 0.002057 0.500831 0.006761 1.728686
0.392377 0.030789 0.044544 0.023839 0.002025 0.499643 0.006783 1.731800
0.396874 0.029567 0.043389 0.023157 0.001990 0.498215 0.006808 1.734711
0.401373 0.028380 0.042242 0.022406 0.001967 0.496795 0.006838 1.737582
0.405949 0.027342 0.041112 0.021756 0.001966 0.495017 0.006859 1.740296
0.410468 0.026381 0.039980 0.021072 0.001943 0.493272 0.006884 1.742912
0.415002 0.025439 0.038899 0.020479 0.001930 0.491342 0.006909 1.745457
0.419538 0.024595 0.037792 0.019852 0.001913 0.489374 0.006935 1.747896
0.424067 0.023782 0.036694 0.019248 0.001887 0.487361 0.006962 1.750295
0.428666 0.023005 0.035673 0.018678 0.001856 0.485135 0.006989 1.752609
0.433170 0.022271 0.034735 0.018105 0.001841 0.482864 0.007013 1.754869
0.437619 0.021564 0.033725 0.017549 0.001804 0.480701 0.007037 1.757016
0.442121 0.021036 0.032707 0.017008 0.001781 0.478284 0.007062 1.759060
0.446607 0.020448 0.031762 0.016543 0.001759 0.475793 0.007087 1.761134
0.451102 0.019918 0.030891 0.016050 0.001747 0.473184 0.007108 1.763136
0.455589 0.019442 0.029947 0.015578 0.001728 0.470576 0.007139 1.765017
0.460122 0.018970 0.029043 0.015089 0.001712 0.467903 0.007162 1.766873
0.464591 0.018546 0.028197 0.014656 0.001681 0.465141 0.007188 1.768703
0.468978 0.018220 0.027422 0.014218 0.001641 0.462311 0.007210 1.770505
0.473292 0.017893 0.026655 0.013802 0.001613 0.459513 0.007232 1.772261
0.477601 0.017587 0.025870 0.013432 0.001590 0.456667 0.007251 1.773959
0.481901 0.017273 0.025165 0.013052 0.001572 0.453763 0.007274 1.775644
0.486153 0.016993 0.024542 0.012700 0.001538 0.450776 0.007298 1.777340
0.490425 0.016683 0.023882 0.012344 0.001505 0.447841 0.007320 1.779002
0.494681 0.016456 0.023241 0.012043 0.001483 0.444760 0.007335 1.780610
0.498809 0.016249 0.022628 0.011749 0.001462 0.441750 0.007353 1.782192
0.502905 0.015984 0.022072 0.011477 0.001433 0.438754 0.007375 1.783806
0.507068 0.015747 0.021532 0.011165 0.001402 0.435686 0.007400 1.785344
0.511140 0.015547 0.021014 0.010939 0.001384 0.432559 0.007417 1.786879
0.515220 0.015343 0.020610 0.010674 0.001348 0.429368 0.007437 1.788415
0.519180 0.015185 0.020118 0.010418 0.001323 0.426325 0.007452 1.789906
0.523102 0.015017 0.019676 0.010145 0.001291 0.423298 0.007471 1.791414
0.527035 0.014853 0.019242 0.009955 0.001258 0.420163 0.007493 1.792894
0.530855 0.014749 0.018847 0.009746 0.001234 0.417055 0.007513 1.794328
0.534747 0.014636 0.018466 0.009548 0.001218 0.413861 0.007525 1.795764
0.538685 0.014467 0.018046 0.009393 0.001192 0.410673 0.007543 1.797216
0.542505 0.014446 0.017682 0.009175 0.001167 0.407467 0.007559 1.798609
0.546300 0.014320 0.017385 0.009044 0.001138 0.404239 0.007575 1.800027
0.550072 0.014227 0.017071 0.008874 0.001117 0.401050 0.007591 1.801441
0.553735 0.014198 0.016797 0.008676 0.001102 0.397884 0.007608 1.802797
0.557429 0.014113 0.016563 0.008491 0.001077 0.394700 0.007627 1.804193
0.561011 0.014064 0.016262 0.008354 0.001053 0.391619 0.007638 1.805565
0.564459 0.014011 0.016004 0.008232 0.001045 0.388600 0.007650 1.806935
0.567948 0.013981 0.015752 0.008103 0.001028 0.385525 0.007663 1.808295
0.571310 0.013990 0.015505 0.008011 0.001009 0.382500 0.007674 1.809652
0.574709 0.013913 0.015332 0.007955 0.000999 0.379409 0.007684 1.811058
0.578082 0.013828 0.015157 0.007866 0.000968 0.376401 0.007697 1.812461
0.581375 0.013852 0.014927 0.007818 0.000951 0.373367 0.007709 1.813795
0.584724 0.013846 0.014768 0.007747 0.000937 0.370256 0.007723 1.815140
0.587878 0.013917 0.014611 0.007656 0.000922 0.367281 0.007735 1.816490
0.590972 0.013942 0.014465 0.007569 0.000910 0.364398 0.007744 1.817870
0.594122 0.013963 0.014351 0.007496 0.000891 0.361422 0.007756 1.819206
0.597229 0.013956 0.014229 0.007410 0.000874 0.358533 0.007769 1.820585
0.600424 0.013993 0.014059 0.007334 0.000859 0.355552 0.007779 1.821943
0.603413 0.014005 0.013975 0.007285 0.000844 0.352684 0.007792 1.823330
0.606441 0.014000 0.013898 0.007237 0.000829 0.349795 0.007802 1.824719
0.609280 0.014119 0.013833 0.007184 0.000805 0.346962 0.007816 1.826072
0.612066 0.014165 0.013744 0.007135 0.000796 0.344268 0.007826 1.827459
0.614888 0.014238 0.013684 0.007087 0.000787 0.341478 0.007838 1.828845
0.617665 0.014342 0.013603 0.007065 0.000777 0.338697 0.007852 1.830214
0.620452 0.014412 0.013517 0.007070 0.000760 0.335927 0.007862 1.831640
0.623068 0.014501 0.013447 0.007068 0.000747 0.333300 0.007870 1.833052
0.625620 0.014624 0.013434 0.007102 0.000727 0.330611 0.007882 1.834477
0.628136 0.014736 0.013483 0.007139 0.000714 0.327899 0.007893 1.835962
0.630728 0.014768 0.013479 0.007151 0.000713 0.325259 0.007903 1.837419
0.633383 0.014816 0.013433 0.007151 0.000699 0.322607 0.007912 1.838867
0.635842 0.014909 0.013456 0.007133 0.000689 0.320050 0.007921 1.840346
0.638308 0.014989 0.013487 0.007135 0.000682 0.317467 0.007931 1.841825
0.640670 0.015062 0.013566 0.007116 0.000682 0.314965 0.007939 1.843352
0.642998 0.015196 0.013542 0.007125 0.000671 0.312520 0.007948 1.844822
0.645289 0.015241 0.013580 0.007142 0.000664 0.310127 0.007957 1.846384
0.647501 0.015443 0.013531 0.007107 0.000646 0.307804 0.007968 1.847838
0.649667 0.015566 0.013527 0.007117 0.000638 0.305506 0.007979 1.849358
0.651805 0.015678 0.013616 0.007121 0.000630 0.303160 0.007989 1.850886
0.653836 0.015811 0.013650 0.007121 0.000629 0.300959 0.007995 1.852463
0.655856 0.015998 0.013700 0.007134 0.000624 0.298682 0.008006 1.853988
0.657970 0.016110 0.013726 0.007175 0.000616 0.296388 0.008014 1.855549
0.659818 0.016297 0.013841 0.007192 0.000608 0.294220 0.008024 1.857136
0.661698 0.016459 0.013915 0.007230 0.000605 0.292063 0.008031 1.858763
0.663637 0.016635 0.013985 0.007270 0.000596 0.289837 0.008041 1.860365
0.665384 0.016828 0.014072 0.007306 0.000594 0.287767 0.008049 1.861974
0.667119 0.017019 0.014178 0.007384 0.000589 0.285652 0.008059 1.863638
0.668912 0.017203 0.014268 0.007441 0.000590 0.283522 0.008065 1.865325
0.670408 0.017435 0.014355 0.007489 0.000584 0.281658 0.008070 1.867024
0.672005 0.017662 0.014438 0.007512 0.000578 0.279725 0.008079 1.868710
0.673583 0.017850 0.014504 0.007609 0.000580 0.277789 0.008085 1.870447
0.675024 0.018031 0.014607 0.007704 0.000572 0.275971 0.008091 1.872262
0.676531 0.018143 0.014781 0.007769 0.000562 0.274112 0.008101 1.874083
0.677933 0.018361 0.014916 0.007825 0.000558 0.272300 0.008108 1.875872
0.679321 0.018636 0.014994 0.007854 0.000559 0.270518 0.008119 1.877607
0.680640 0.018879 0.015120 0.007917 0.000558 0.268758 0.008127 1.879432
0.681882 0.019064 0.015266 0.007989 0.000556 0.267111 0.008133 1.881291
0.683118 0.019200 0.015424 0.008090 0.000555 0.265474 0.008139 1.883203
0.684444 0.019404 0.015539 0.008150 0.000555 0.263763 0.008145 1.885066
0.685616 0.019633 0.015651 0.008197 0.000551 0.262201 0.008151 1.886942
0.686743 0.019877 0.015749 0.008255 0.000554 0.260659 0.008163 1.888841
0.687817 0.020066 0.015895 0.008365 0.000557 0.259130 0.008171 1.890795
0.688866 0.020299 0.016023 0.008462 0.000548 0.257625 0.008179 1.892749
0.689925 0.020433 0.016227 0.008546 0.000540 0.256140 0.008189 1.894771
0.690874 0.020628 0.016405 0.008649 0.000547 0.254702 0.008195 1.896814
0.691928 0.020708 0.016543 0.008758 0.000545 0.253315 0.008203 1.898887
0.692755 0.020937 0.016661 0.008817 0.000551 0.252073 0.008208 1.900918
0.693670 0.021120 0.016836 0.008896 0.000553 0.250714 0.008213 1.902994
0.694524 0.021259 0.017061 0.008974 0.000557 0.249405 0.008220 1.905104
0.695285 0.021462 0.017233 0.009052 0.000556 0.248186 0.008226 1.907214
0.696025 0.021636 0.017417 0.009158 0.000559 0.246973 0.008233 1.909351
0.696796 0.021750 0.017585 0.009270 0.000562 0.245798 0.008241 1.911564
0.697596 0.021912 0.017723 0.009338 0.000557 0.244624 0.008249 1.913713
0.698258 0.022148 0.017887 0.009481 0.000551 0.243417 0.008258 1.915892
0.698859 0.022364 0.018063 0.009505 0.000553 0.242392 0.008264 1.918056
0.699402 0.022590 0.018205 0.009563 0.000554 0.241414 0.008272 1.920243
0.699959 0.022836 0.018355 0.009613 0.000561 0.240395 0.008282 1.922485
0.700504 0.022995 0.018502 0.009757 0.000558 0.239397 0.008289 1.924809
0.700952 0.023261 0.018617 0.009843 0.000557 0.238475 0.008295 1.927044
0.701480 0.023423 0.018791 0.009910 0.000556 0.237538 0.008304 1.929318
0.701950 0.023573 0.018931 0.009980 0.000573 0.236682 0.008311 1.931619
0.702464 0.023715 0.019125 0.010093 0.000569 0.235714 0.008320 1.933951
0.702920 0.023819 0.019258 0.010153 0.000565 0.234957 0.008328 1.936272
0.703276 0.023986 0.019381 0.010257 0.000567 0.234200 0.008334 1.938637
0.703596 0.024241 0.019516 0.010325 0.000568 0.233413 0.008341 1.940994
0.703981 0.024363 0.019687 0.010374 0.000569 0.232675 0.008351 1.943365
0.704437 0.024442 0.019918 0.010479 0.000563 0.231800 0.008362 1.945798
0.704755 0.024648 0.020083 0.010564 0.000563 0.231017 0.008371 1.948191
0.705024 0.024838 0.020186 0.010626 0.000567 0.230382 0.008378 1.950580
0.705300 0.024959 0.020320 0.010715 0.000565 0.229753 0.008388 1.953042
0.705520 0.025097 0.020449 0.010753 0.000570 0.229216 0.008395 1.955481
0.705865 0.025168 0.020601 0.010851 0.000580 0.228532 0.008402 1.957959
0.706124 0.025235 0.020722 0.010921 0.000580 0.228011 0.008408 1.960472
0.706289 0.025427 0.020841 0.011008 0.000568 0.227445 0.008421 1.962954
0.706545 0.025445 0.021006 0.011088 0.000574 0.226913 0.008430 1.965508
0.706756 0.025537 0.021116 0.011178 0.000570 0.226403 0.008441 1.968012
0.706958 0.025680 0.021258 0.011199 0.000579 0.225879 0.008447 1.970492
0.707170 0.025760 0.021379 0.011293 0.000580 0.225367 0.008452 1.973003
0.707377 0.025913 0.021451 0.011316 0.000588 0.224897 0.008458 1.975490
0.707599 0.025957 0.021581 0.011387 0.000593 0.224417 0.008466 1.978032
0.707769 0.026042 0.021762 0.011474 0.000597 0.223883 0.008474 1.980606
0.707940 0.026162 0.021866 0.011485 0.000602 0.223463 0.008482 1.983121
0.708033 0.026218 0.021973 0.011535 0.000607 0.223142 0.008491 1.985699
0.708032 0.026369 0.022084 0.011587 0.000605 0.222824 0.008498 1.988287
0.708201 0.026390 0.022240 0.011648 0.000612 0.222402 0.008508 1.990919
0.708293 0.026535 0.022324 0.011678 0.000619 0.222035 0.008517 1.993452
0.708422 0.026603 0.022423 0.011726 0.000620 0.221682 0.008524 1.996029
0.708558 0.026633 0.022526 0.011773 0.000624 0.221352 0.008534 1.998635
0.708652 0.026666 0.022673 0.011878 0.000622 0.220968 0.008541 2.001277
0.708778 0.026653 0.022757 0.011948 0.000616 0.220699 0.008550 2.003946
0.708909 0.026644 0.022902 0.012005 0.000620 0.220358 0.008561 2.006613
0.708968 0.026650 0.022999 0.012039 0.000626 0.220149 0.008569 2.009268
0.709088 0.026699 0.023087 0.012023 0.000628 0.219899 0.008576 2.011875
0.709205 0.026718 0.023171 0.012038 0.000632 0.219651 0.008585 2.014486
0.709180 0.026888 0.023227 0.012039 0.000631 0.219443 0.008592 2.017030
0.709169 0.026952 0.023276 0.012039 0.000641 0.219320 0.008603 2.019654
0.709291 0.026952 0.023387 0.012036 0.000643 0.219081 0.008610 2.022317
0.709332 0.026976 0.023450 0.012078 0.000636 0.218904 0.008625 2.024946
0.709377 0.026926 0.023511 0.012123 0.000640 0.218790 0.008633 2.027634
0.709442 0.026965 0.023508 0.012159 0.000646 0.218639 0.008640 2.030259
0.709524 0.026987 0.023563 0.012216 0.000654 0.218409 0.008646 2.032892
0.709592 0.027036 0.023603 0.012258 0.000651 0.218207 0.008653 2.035492
0.709751 0.027021 0.023632 0.012269 0.000648 0.218018 0.008660 2.038097
0.709853 0.026935 0.023750 0.012278 0.000645 0.217869 0.008671 2.040778
0.709961 0.026909 0.023773 0.012277 0.000648 0.217750 0.008682 2.043393
0.710003 0.026903 0.023778 0.012313 0.000649 0.217663 0.008692 2.046044
0.710058 0.026913 0.023810 0.012336 0.000659 0.217524 0.008701 2.048675
0.710176 0.026893 0.023811 0.012332 0.000668 0.217413 0.008708 2.051268
0.710292 0.026906 0.023763 0.012365 0.000672 0.217285 0.008718 2.053829
0.710350 0.026848 0.023849 0.012390 0.000679 0.217161 0.008723 2.056496
0.710469 0.026874 0.023866 0.012314 0.000683 0.217060 0.008734 2.059091
0.710572 0.026819 0.023979 0.012353 0.000691 0.216841 0.008743 2.061775
0.710676 0.026826 0.023961 0.012393 0.000693 0.216701 0.008750 2.064375
0.710784 0.026806 0.023931 0.012363 0.000691 0.216667 0.008758 2.066985
0.710917 0.026734 0.023961 0.012369 0.000681 0.216572 0.008766 2.069624
0.710972 0.026657 0.024002 0.012368 0.000691 0.216539 0.008772 2.072287
0.711032 0.026652 0.023993 0.012396 0.000685 0.216461 0.008781 2.074890
0.711242 0.026625 0.024024 0.012373 0.000688 0.216257 0.008791 2.077470
0.711427 0.026601 0.023974 0.012356 0.000690 0.216150 0.008800 2.080032
0.711563 0.026534 0.023966 0.012394 0.000697 0.216036 0.008811 2.082670
0.711761 0.026443 0.023955 0.012401 0.000699 0.215923 0.008819 2.085276
0.711958 0.026358 0.023942 0.012400 0.000705 0.215809 0.008829 2.087849
0.712138 0.026301 0.023936 0.012327 0.000718 0.215743 0.008837 2.090410
0.712269 0.026291 0.023925 0.012307 0.000709 0.215650 0.008848 2.092959
0.712406 0.026292 0.023876 0.012264 0.000714 0.215591 0.008856 2.095517
0.712646 0.026134 0.023894 0.012281 0.000722 0.215454 0.008868 2.098126
0.712833 0.026009 0.023951 0.012268 0.000731 0.215331 0.008876 2.100726
0.712990 0.025950 0.024000 0.012233 0.000733 0.215211 0.008883 2.103297
0.713197 0.025881 0.023969 0.012279 0.000732 0.215052 0.008892 2.105844
0.713454 0.025801 0.023982 0.012260 0.000727 0.214874 0.008902 2.108391
0.713680 0.025787 0.023937 0.012250 0.000735 0.214701 0.008910 2.110879
0.713914 0.025728 0.023920 0.012230 0.000731 0.214558 0.008919 2.113385
0.714127 0.025681 0.023883 0.012181 0.000737 0.214466 0.008925 2.115891
0.714320 0.025612 0.023909 0.012150 0.000741 0.214333 0.008935 2.118444
0.714495 0.025594 0.023809 0.012115 0.000731 0.214309 0.008948 2.120928
0.714725 0.025511 0.023866 0.012053 0.000742 0.214148 0.008954 2.123477
0.714907 0.025588 0.023766 0.011964 0.000750 0.214065 0.008960 2.125900
0.715139 0.025575 0.023696 0.012003 0.000739 0.213875 0.008973 2.128417
0.715518 0.025438 0.023660 0.011913 0.000740 0.213748 0.008983 2.130887
0.715795 0.025399 0.023581 0.011884 0.000736 0.213616 0.008991 2.133329
0.715939 0.025412 0.023516 0.011823 0.000738 0.213574 0.008999 2.135755
0.716171 0.025381 0.023489 0.011805 0.000735 0.213411 0.009008 2.138221
0.716407 0.025341 0.023446 0.011801 0.000730 0.213257 0.009019 2.140689
0.716587 0.025268 0.023468 0.011806 0.000728 0.213113 0.009029 2.143221
0.716888 0.025115 0.023419 0.011825 0.000723 0.212987 0.009042 2.145690
0.717176 0.025051 0.023357 0.011802 0.000729 0.212836 0.009049 2.148126
0.717438 0.024948 0.023319 0.011806 0.000731 0.212701 0.009057 2.150633
0.717677 0.024969 0.023278 0.011760 0.000727 0.212526 0.009064 2.153061
0.717956 0.024933 0.023209 0.011736 0.000725 0.212370 0.009072 2.155518
0.718213 0.024886 0.023169 0.011722 0.000724 0.212208 0.009079 2.157923
0.718453 0.024768 0.023134 0.011698 0.000722 0.212137 0.009089 2.160411
0.718741 0.024715 0.023056 0.011664 0.000724 0.212004 0.009098 2.162812
0.719032 0.024697 0.022968 0.011609 0.000724 0.211863 0.009107 2.165167
0.719357 0.024583 0.022898 0.011630 0.000719 0.211700 0.009113 2.167605
0.719625 0.024550 0.022899 0.011589 0.000719 0.211498 0.009121 2.170029
0.719974 0.024481 0.022925 0.011592 0.000713 0.211184 0.009131 2.172454
0.720285 0.024414 0.022796 0.011578 0.000716 0.211072 0.009139 2.174815
0.720641 0.024373 0.022736 0.011535 0.000713 0.210855 0.009148 2.177180
0.720820 0.024337 0.022708 0.011494 0.000719 0.210764 0.009157 2.179621
0.721145 0.024298 0.022668 0.011478 0.000716 0.210529 0.009166 2.181974
0.721408 0.024265 0.022581 0.011478 0.000715 0.210381 0.009172 2.184385
0.721807 0.024152 0.022517 0.011446 0.000709 0.210189 0.009181 2.186771
0.722059 0.024189 0.022460 0.011410 0.000710 0.209983 0.009189 2.189113
0.722472 0.024087 0.022431 0.011422 0.000713 0.209679 0.009196 2.191512
0.722755 0.024058 0.022386 0.011392 0.000710 0.209494 0.009207 2.193876
0.723122 0.024037 0.022333 0.011356 0.000715 0.209223 0.009215 2.196192
0.723413 0.023964 0.022259 0.011305 0.000715 0.209125 0.009218 2.198562
0.723630 0.024013 0.022207 0.011297 0.000713 0.208912 0.009230 2.200891
0.723854 0.023981 0.022184 0.011306 0.000720 0.208718 0.009238 2.203254
0.724067 0.023947 0.022211 0.011307 0.000728 0.208493 0.009247 2.205628
0.724329 0.023863 0.022212 0.011256 0.000729 0.208356 0.009256 2.208011
0.724569 0.023860 0.022255 0.011239 0.000727 0.208088 0.009264 2.210397
0.724851 0.023848 0.022197 0.011228 0.000728 0.207878 0.009271 2.212706
0.725134 0.023777 0.022222 0.011241 0.000727 0.207615 0.009285 2.215110
0.725385 0.023835 0.022158 0.011232 0.000729 0.207366 0.009295 2.217400
0.725665 0.023835 0.022101 0.011216 0.000722 0.207154 0.009308 2.219717
0.725928 0.023860 0.022040 0.011130 0.000718 0.207003 0.009321 2.222004
0.726224 0.023803 0.022022 0.011119 0.000719 0.206783 0.009331 2.224347
0.726468 0.023820 0.021980 0.011085 0.000705 0.206600 0.009342 2.226654
0.726815 0.023846 0.021956 0.011046 0.000697 0.206287 0.009354 2.228924
0.727040 0.023819 0.021919 0.011064 0.000699 0.206095 0.009364 2.231280
0.727226 0.023820 0.021927 0.011025 0.000702 0.205926 0.009373 2.233610
0.727527 0.023852 0.021845 0.011035 0.000705 0.205652 0.009385 2.235904
0.727799 0.023773 0.021845 0.011053 0.000708 0.205431 0.009392 2.238261
0.728071 0.023818 0.021869 0.010965 0.000703 0.205172 0.009402 2.240564
0.728355 0.023791 0.021841 0.010987 0.000710 0.204908 0.009409 2.242897
0.728614 0.023732 0.021866 0.010979 0.000703 0.204689 0.009418 2.245266
0.728893 0.023724 0.021890 0.010958 0.000703 0.204406 0.009426 2.247587
0.729015 0.023765 0.021909 0.010971 0.000698 0.204207 0.009435 2.249942
0.729391 0.023698 0.021940 0.010999 0.000699 0.203829 0.009444 2.252291
0.729519 0.023768 0.021883 0.011033 0.000699 0.203648 0.009452 2.254617
0.729627 0.023825 0.021844 0.011013 0.000701 0.203528 0.009461 2.256950
0.729829 0.023863 0.021771 0.011028 0.000703 0.203336 0.009471 2.259253
0.730081 0.023855 0.021773 0.011016 0.000692 0.203105 0.009477 2.261581
0.730306 0.023847 0.021735 0.010998 0.000693 0.202941 0.009481 2.263911
0.730564 0.023795 0.021710 0.011007 0.000698 0.202738 0.009488 2.266268
0.730670 0.023872 0.021703 0.011031 0.000694 0.202535 0.009496 2.268580
0.730741 0.023913 0.021641 0.011030 0.000683 0.202484 0.009509 2.270898
0.731020 0.023834 0.021633 0.011023 0.000684 0.202288 0.009518 2.273282
0.731194 0.023798 0.021622 0.011036 0.000685 0.202138 0.009527 2.275626
0.731467 0.023687 0.021633 0.011015 0.000693 0.201972 0.009534 2.277950
0.731648 0.023746 0.021613 0.011023 0.000695 0.201733 0.009542 2.280262
0.731827 0.023674 0.021622 0.011091 0.000697 0.201537 0.009552 2.282643
0.732008 0.023678 0.021655 0.011114 0.000696 0.201287 0.009563 2.284995
0.732194 0.023640 0.021700 0.011123 0.000699 0.201074 0.009570 2.287374
0.732448 0.023603 0.021672 0.011126 0.000703 0.200871 0.009579 2.289706
0.732574 0.023660 0.021651 0.011153 0.000701 0.200677 0.009586 2.291993
0.732761 0.023609 0.021666 0.011145 0.000703 0.200522 0.009595 2.294381
0.732983 0.023587 0.021682 0.011133 0.000703 0.200308 0.009605 2.296705
0.733201 0.023565 0.021663 0.011133 0.000706 0.200119 0.009613 2.299018
0.733494 0.023486 0.021613 0.011128 0.000710 0.199950 0.009620 2.301317
0.733735 0.023464 0.021563 0.011102 0.000714 0.199791 0.009631 2.303598
0.733953 0.023531 0.021562 0.011078 0.000705 0.199530 0.009641 2.305870
0.734138 0.023510 0.021506 0.011127 0.000700 0.199367 0.009653 2.308184
0.734200 0.023549 0.021492 0.011114 0.000697 0.199285 0.009664 2.310482
0.734395 0.023526 0.021507 0.011085 0.000697 0.199119 0.009671 2.312812
0.734576 0.023604 0.021511 0.011094 0.000696 0.198838 0.009681 2.315089
0.734700 0.023612 0.021448 0.011093 0.000692 0.198767 0.009689 2.317367
0.734837 0.023668 0.021419 0.011096 0.000690 0.198595 0.009697 2.319637
0.734994 0.023674 0.021419 0.011084 0.000697 0.198429 0.009704 2.321932
0.735093 0.023724 0.021452 0.011079 0.000694 0.198243 0.009715 2.324260
0.735114 0.023730 0.021424 0.011084 0.000692 0.198232 0.009725 2.326609
0.735283 0.023791 0.021398 0.011052 0.000687 0.198056 0.009734 2.328914
0.735373 0.023854 0.021384 0.011060 0.000681 0.197905 0.009745 2.331231
0.735513 0.023833 0.021372 0.011072 0.000681 0.197775 0.009755 2.333582
0.735644 0.023798 0.021429 0.011070 0.000679 0.197616 0.009763 2.335963
0.735731 0.023874 0.021443 0.011054 0.000681 0.197446 0.009771 2.338238
0.735833 0.023912 0.021436 0.011045 0.000674 0.197316 0.009785 2.340557
0.735886 0.023920 0.021477 0.011069 0.000673 0.197185 0.009791 2.342941
0.735991 0.023968 0.021479 0.011054 0.000674 0.197035 0.009800 2.345243
0.736059 0.024016 0.021498 0.011103 0.000677 0.196841 0.009805 2.347573
0.736185 0.024019 0.021503 0.011082 0.000682 0.196719 0.009812 2.349920
0.736242 0.024018 0.021527 0.011054 0.000686 0.196654 0.009819 2.352291
0.736280 0.024078 0.021572 0.011032 0.000692 0.196522 0.009825 2.354594
0.736431 0.024086 0.021592 0.011053 0.000697 0.196307 0.009835 2.356946
0.736566 0.024059 0.021675 0.011070 0.000701 0.196087 0.009844 2.359341
0.736640 0.023975 0.021692 0.011124 0.000696 0.196024 0.009850 2.361758
0.736802 0.023921 0.021663 0.011081 0.000698 0.195974 0.009860 2.364099
0.736977 0.023922 0.021665 0.011070 0.000697 0.195802 0.009866 2.366416
0.737010 0.023941 0.021698 0.011068 0.000696 0.195714 0.009874 2.368779
0.737074 0.023896 0.021661 0.011101 0.000694 0.195690 0.009884 2.371152
0.737088 0.023928 0.021633 0.011107 0.000691 0.195662 0.009891 2.373522
0.737114 0.023902 0.021715 0.011114 0.000690 0.195564 0.009900 2.375904
0.737163 0.023937 0.021732 0.011091 0.000693 0.195478 0.009906 2.378260
0.737212 0.023995 0.021706 0.011099 0.000703 0.195374 0.009912 2.380599
0.737305 0.024037 0.021709 0.011122 0.000698 0.195211 0.009919 2.382945
0.737363 0.024132 0.021674 0.011114 0.000701 0.195087 0.009930 2.385228
0.737439 0.024154 0.021683 0.011123 0.000695 0.194965 0.009940 2.387569
0.737530 0.024175 0.021691 0.011125 0.000704 0.194828 0.009948 2.389928
0.737594 0.024184 0.021703 0.011134 0.000710 0.194719 0.009957 2.392286
0.737676 0.024206 0.021710 0.011162 0.000717 0.194565 0.009964 2.394648
0.737701 0.024295 0.021714 0.011165 0.000710 0.194440 0.009976 2.397003
0.737722 0.024260 0.021807 0.011194 0.000713 0.194319 0.009985 2.399434
0.737677 0.024309 0.021867 0.011194 0.000711 0.194248 0.009993 2.401801
0.737666 0.024367 0.021868 0.011204 0.000711 0.194182 0.010002 2.404175
0.737635 0.024410 0.021888 0.011205 0.000706 0.194149 0.010008 2.406567
0.737648 0.024416 0.021873 0.011198 0.000716 0.194135 0.010014 2.408937
0.737716 0.024412 0.021882 0.011127 0.000707 0.194134 0.010023 2.411310
0.737855 0.024337 0.021952 0.011130 0.000701 0.193992 0.010033 2.413719
0.737999 0.024379 0.021951 0.011106 0.000705 0.193821 0.010038 2.416030
0.738015 0.024385 0.021997 0.011144 0.000702 0.193710 0.010047 2.418439
0.738013 0.024396 0.021994 0.011166 0.000703 0.193675 0.010054 2.420842
0.737925 0.024401 0.022085 0.011171 0.000704 0.193651 0.010064 2.423308
0.737946 0.024367 0.022155 0.011166 0.000698 0.193592 0.010076 2.425715
0.737895 0.024437 0.022165 0.011199 0.000689 0.193529 0.010086 2.428109
0.737834 0.024443 0.022165 0.011224 0.000691 0.193549 0.010094 2.430474
0.737811 0.024420 0.022215 0.011242 0.000689 0.193520 0.010103 2.432891
0.737774 0.024502 0.022187 0.011217 0.000680 0.193528 0.010113 2.435244
0.737812 0.024515 0.022224 0.011167 0.000682 0.193481 0.010120 2.437636
0.737839 0.024457 0.022213 0.011200 0.000683 0.193483 0.010126 2.440088
0.737815 0.024471 0.022207 0.011217 0.000688 0.193471 0.010132 2.442486
0.737862 0.024389 0.022254 0.011261 0.000681 0.193410 0.010143 2.444933
0.737937 0.024441 0.022240 0.011272 0.000693 0.193271 0.010146 2.447288
0.737907 0.024393 0.022302 0.011341 0.000690 0.193211 0.010156 2.449760
0.737887 0.024434 0.022224 0.011340 0.000691 0.193255 0.010170 2.452132
0.737898 0.024426 0.022215 0.011388 0.000691 0.193204 0.010179 2.454515
0.737888 0.024471 0.022188 0.011376 0.000684 0.193204 0.010190 2.456877
0.737926 0.024417 0.022188 0.011365 0.000681 0.193224 0.010200 2.459290
0.737996 0.024406 0.022203 0.011381 0.000687 0.193124 0.010205 2.461679
0.737948 0.024464 0.022221 0.011363 0.000691 0.193104 0.010210 2.464044
0.737902 0.024496 0.022206 0.011341 0.000688 0.193151 0.010217 2.466408
0.737966 0.024480 0.022208 0.011313 0.000687 0.193121 0.010226 2.468815
0.737995 0.024442 0.022244 0.011311 0.000690 0.193086 0.010232 2.471264
0.738039 0.024486 0.022231 0.011289 0.000682 0.193034 0.010240 2.473620
0.738120 0.024444 0.022191 0.011290 0.000687 0.193022 0.010247 2.476003
0.738163 0.024431 0.022194 0.011313 0.000686 0.192957 0.010256 2.478407
0.738247 0.024401 0.022229 0.011287 0.000683 0.192889 0.010264 2.480809
0.738287 0.024399 0.022175 0.011281 0.000691 0.192899 0.010268 2.483184
0.738290 0.024338 0.022224 0.011299 0.000695 0.192877 0.010277 2.485615
0.738322 0.024341 0.022225 0.011313 0.000695 0.192818 0.010286 2.487978
0.738338 0.024381 0.022226 0.011314 0.000693 0.192754 0.010294 2.490343
0.738338 0.024387 0.022223 0.011318 0.000697 0.192738 0.010299 2.492737
0.738271 0.024408 0.022236 0.011270 0.000696 0.192811 0.010308 2.495163
0.738247 0.024426 0.022271 0.011287 0.000693 0.192757 0.010318 2.497552
0.738208 0.024457 0.022324 0.011315 0.000696 0.192676 0.010325 2.499972
0.738176 0.024583 0.022290 0.011276 0.000701 0.192644 0.010330 2.502275
0.738195 0.024544 0.022281 0.011322 0.000693 0.192626 0.010339 2.504689
0.738282 0.024490 0.022297 0.011350 0.000691 0.192543 0.010348 2.507132
0.738256 0.024503 0.022297 0.011363 0.000695 0.192528 0.010359 2.509561
0.738234 0.024468 0.022324 0.011417 0.000695 0.192495 0.010368 2.512009
0.738317 0.024437 0.022308 0.011374 0.000695 0.192489 0.010380 2.514384
0.738437 0.024297 0.022289 0.011397 0.000691 0.192495 0.010393 2.516819
0.738498 0.024277 0.022297 0.011432 0.000691 0.192404 0.010401 2.519254
0.738537 0.024326 0.022281 0.011390 0.000691 0.192366 0.010409 2.521596
0.738505 0.024346 0.022268 0.011392 0.000696 0.192378 0.010415 2.523978
0.738514 0.024457 0.022260 0.011378 0.000702 0.192267 0.010422 2.526301
0.738557 0.024479 0.022250 0.011362 0.000701 0.192222 0.010428 2.528664
0.738538 0.024452 0.022259 0.011383 0.000695 0.192236 0.010436 2.531099
0.738516 0.024415 0.022286 0.011373 0.000692 0.192271 0.010447 2.533517
0.738456 0.024431 0.022305 0.011325 0.000700 0.192331 0.010452 2.535926
0.738409 0.024478 0.022301 0.011286 0.000704 0.192361 0.010461 2.538302
0.738360 0.024513 0.022280 0.011271 0.000702 0.192400 0.010473 2.540673
0.738377 0.024534 0.022321 0.011273 0.000704 0.192311 0.010480 2.543089
0.738396 0.024491 0.022314 0.011250 0.000707 0.192352 0.010489 2.545490
0.738396 0.024448 0.022330 0.011272 0.000710 0.192343 0.010501 2.547925
0.738403 0.024512 0.022292 0.011278 0.000709 0.192300 0.010506 2.550283
0.738380 0.024510 0.022285 0.011296 0.000710 0.192309 0.010510 2.552678
0.738277 0.024548 0.022298 0.011327 0.000717 0.192314 0.010518 2.555138
0.738390 0.024558 0.022265 0.011307 0.000716 0.192239 0.010525 2.557496
0.738319 0.024563 0.022279 0.011336 0.000719 0.192250 0.010534 2.559899
0.738345 0.024526 0.022334 0.011340 0.000721 0.192189 0.010546 2.562351
0.738328 0.024527 0.022266 0.011351 0.000719 0.192252 0.010556 2.564740
0.738235 0.024554 0.022276 0.011384 0.000706 0.192276 0.010569 2.567143
0.738331 0.024583 0.022276 0.011379 0.000713 0.192141 0.010578 2.569545
0.738368 0.024525 0.022330 0.011435 0.000715 0.192040 0.010586 2.572021
0.738369 0.024475 0.022394 0.011430 0.000707 0.192028 0.010597 2.574461
0.738401 0.024495 0.022326 0.011407 0.000708 0.192058 0.010605 2.576841
0.738422 0.024490 0.022353 0.011405 0.000706 0.192011 0.010613 2.579221
0.738437 0.024460 0.022409 0.011372 0.000702 0.191997 0.010623 2.581624
0.738330 0.024535 0.022346 0.011388 0.000699 0.192070 0.010632 2.584015
0.738364 0.024526 0.022367 0.011373 0.000701 0.192027 0.010640 2.586421
0.738320 0.024535 0.022377 0.011365 0.000704 0.192054 0.010646 2.588864
0.738348 0.024573 0.022395 0.011342 0.000706 0.191981 0.010655 2.591231
0.738371 0.024522 0.022423 0.011384 0.000699 0.191933 0.010667 2.593661
0.738401 0.024476 0.022437 0.011370 0.000700 0.191942 0.010674 2.596068
0.738413 0.024423 0.022442 0.011399 0.000709 0.191934 0.010681 2.598490
0.738328 0.024537 0.022431 0.011356 0.000706 0.191951 0.010691 2.600825
0.738230 0.024606 0.022427 0.011395 0.000714 0.191932 0.010696 2.603237
0.738228 0.024648 0.022368 0.011414 0.000713 0.191926 0.010703 2.605609
0.738154 0.024675 0.022338 0.011411 0.000707 0.192002 0.010713 2.608032
0.738202 0.024670 0.022356 0.011410 0.000711 0.191932 0.010720 2.610432
0.738157 0.024683 0.022357 0.011359 0.000712 0.192005 0.010727 2.612816
0.738177 0.024652 0.022343 0.011395 0.000724 0.191973 0.010735 2.615276
0.738130 0.024651 0.022353 0.011348 0.000728 0.192048 0.010742 2.617686
0.738083 0.024593 0.022391 0.011420 0.000721 0.192037 0.010755 2.620141
0.738081 0.024530 0.022424 0.011412 0.000717 0.192070 0.010765 2.622591
0.738025 0.024561 0.022335 0.011413 0.000723 0.192168 0.010774 2.625004
0.738093 0.024506 0.022335 0.011435 0.000732 0.192119 0.010781 2.627411
0.738220 0.024472 0.022319 0.011436 0.000728 0.192034 0.010790 2.629804
0.738217 0.024499 0.022224 0.011386 0.000729 0.192145 0.010798 2.632162
0.738250 0.024475 0.022254 0.011392 0.000725 0.192094 0.010810 2.634564
0.738196 0.024466 0.022219 0.011375 0.000732 0.192197 0.010816 2.636951
0.738120 0.024485 0.022198 0.011369 0.000735 0.192262 0.010830 2.639401
0.738165 0.024399 0.022256 0.011425 0.000731 0.192187 0.010838 2.641872
0.738211 0.024435 0.022219 0.011385 0.000743 0.192159 0.010848 2.644234
0.738210 0.024399 0.022212 0.011404 0.000741 0.192181 0.010853 2.646627
0.738198 0.024441 0.022195 0.011378 0.000751 0.192175 0.010863 2.648979
0.738210 0.024362 0.022250 0.011402 0.000761 0.192141 0.010874 2.651464
0.738191 0.024473 0.022235 0.011391 0.000757 0.192072 0.010881 2.653794
0.738185 0.024399 0.022260 0.011372 0.000760 0.192138 0.010887 2.656230
0.738224 0.024343 0.022240 0.011358 0.000761 0.192183 0.010893 2.658646
0.738202 0.024306 0.022288 0.011352 0.000756 0.192195 0.010903 2.661088
0.738232 0.024364 0.022247 0.011274 0.000751 0.192216 0.010917 2.663457
0.738153 0.024486 0.022197 0.011206 0.000746 0.192290 0.010923 2.665760
0.738155 0.024478 0.022273 0.011212 0.000750 0.192202 0.010930 2.668204
0.738173 0.024450 0.022291 0.011213 0.000757 0.192179 0.010937 2.670588
0.738184 0.024443 0.022269 0.011221 0.000750 0.192180 0.010953 2.672985
0.738137 0.024386 0.022282 0.011261 0.000753 0.192218 0.010964 2.675458
0.738252 0.024313 0.022271 0.011233 0.000757 0.192204 0.010971 2.677822
0.738310 0.024244 0.022298 0.011248 0.000756 0.192167 0.010977 2.680239
0.738282 0.024274 0.022315 0.011198 0.000753 0.192190 0.010988 2.682586
0.738310 0.024220 0.022320 0.011233 0.000747 0.192172 0.010999 2.685003
0.738348 0.024182 0.022351 0.011227 0.000746 0.192139 0.011007 2.687406
0.738476 0.024118 0.022364 0.011234 0.000738 0.192052 0.011017 2.689799
0.738574 0.024077 0.022373 0.011221 0.000729 0.191998 0.011029 2.692164
0.738667 0.024131 0.022358 0.011181 0.000722 0.191905 0.011036 2.694477
0.738716 0.024241 0.022291 0.011190 0.000726 0.191790 0.011045 2.696792
0.738715 0.024303 0.022339 0.011194 0.000722 0.191675 0.011052 2.699138
0.738816 0.024200 0.022395 0.011217 0.000735 0.191580 0.011056 2.701561
0.738919 0.024157 0.022320 0.011259 0.000733 0.191546 0.011066 2.703933
0.739050 0.024100 0.022286 0.011260 0.000728 0.191503 0.011074 2.706306
0.738992 0.024210 0.022249 0.011199 0.000721 0.191543 0.011085 2.708601
0.739009 0.024258 0.022232 0.011202 0.000722 0.191482 0.011096 2.710927
0.739097 0.024184 0.022243 0.011207 0.000722 0.191444 0.011103 2.713327
0.739145 0.024147 0.022262 0.011189 0.000718 0.191427 0.011113 2.715697
0.739233 0.024169 0.022190 0.011192 0.000718 0.191374 0.011123 2.718019
0.739271 0.024215 0.022126 0.011190 0.000728 0.191338 0.011132 2.720325
0.739279 0.024192 0.022153 0.011223 0.000726 0.191289 0.011139 2.722759
0.739215 0.024259 0.022148 0.011165 0.000721 0.191342 0.011150 2.725089
0.739318 0.024202 0.022158 0.011169 0.000727 0.191268 0.011158 2.727477
0.739379 0.024196 0.022162 0.011184 0.000719 0.191193 0.011167 2.729849
0.739393 0.024181 0.022187 0.011185 0.000711 0.191165 0.011179 2.732228
0.739473 0.024266 0.022123 0.011171 0.000708 0.191071 0.011189 2.734507
0.739539 0.024273 0.022108 0.011127 0.000708 0.191047 0.011198 2.736854
0.739486 0.024313 0.022108 0.011136 0.000713 0.191039 0.011207 2.739216
0.739509 0.024404 0.022082 0.011123 0.000714 0.190951 0.011218 2.741561
0.739432 0.024429 0.022062 0.011164 0.000719 0.190968 0.011226 2.743971
0.739515 0.024330 0.022091 0.011189 0.000723 0.190917 0.011236 2.746403
0.739561 0.024311 0.022131 0.011180 0.000721 0.190851 0.011245 2.748782
0.739589 0.024307 0.022117 0.011149 0.000714 0.190867 0.011257 2.751110
0.739511 0.024387 0.022130 0.011203 0.000704 0.190798 0.011267 2.753480
0.739569 0.024377 0.022159 0.011176 0.000699 0.190746 0.011275 2.755818
0.739530 0.024373 0.022180 0.011186 0.000696 0.190752 0.011283 2.758220
0.739505 0.024458 0.022193 0.011172 0.000697 0.190684 0.011292 2.760568
0.739552 0.024510 0.022164 0.011172 0.000700 0.190605 0.011299 2.762873
0.739629 0.024448 0.022172 0.011182 0.000705 0.190556 0.011309 2.765289
0.739636 0.024371 0.022227 0.011198 0.000705 0.190547 0.011316 2.767711
0.739594 0.024398 0.022253 0.011171 0.000700 0.190555 0.011329 2.770126
0.739550 0.024472 0.022205 0.011181 0.000699 0.190555 0.011338 2.772464
0.739571 0.024420 0.022212 0.011219 0.000693 0.190539 0.011346 2.774906
0.739591 0.024388 0.022231 0.011241 0.000693 0.190498 0.011358 2.777302
0.739574 0.024416 0.022189 0.011209 0.000683 0.190561 0.011368 2.779690
0.739549 0.024445 0.022195 0.011221 0.000686 0.190531 0.011375 2.782086
0.739577 0.024450 0.022172 0.011225 0.000700 0.190492 0.011383 2.784478
0.739533 0.024493 0.022131 0.011190 0.000698 0.190563 0.011392 2.786817
0.739504 0.024520 0.022141 0.011197 0.000696 0.190544 0.011398 2.789181
0.739497 0.024514 0.022129 0.011198 0.000697 0.190558 0.011408 2.791591
0.739496 0.024504 0.022143 0.011240 0.000692 0.190509 0.011417 2.793958
0.739396 0.024526 0.022201 0.011206 0.000694 0.190549 0.011428 2.796362
0.739346 0.024563 0.022183 0.011178 0.000705 0.190588 0.011436 2.798730
0.739288 0.024660 0.022129 0.011152 0.000697 0.190632 0.011444 2.801118
0.739238 0.024704 0.022106 0.011169 0.000707 0.190623 0.011453 2.803520
0.739162 0.024688 0.022152 0.011153 0.000703 0.190681 0.011461 2.805937
0.739195 0.024688 0.022198 0.011155 0.000696 0.190599 0.011469 2.808306
0.739212 0.024643 0.022177 0.011182 0.000693 0.190615 0.011479 2.810689
0.739170 0.024714 0.022159 0.011162 0.000697 0.190608 0.011490 2.813039
0.739166 0.024710 0.022168 0.011220 0.000703 0.190533 0.011498 2.815422
0.739052 0.024740 0.022177 0.011239 0.000702 0.190584 0.011506 2.817831
0.739084 0.024693 0.022227 0.011281 0.000705 0.190500 0.011511 2.820277
0.739170 0.024540 0.022315 0.011279 0.000704 0.190472 0.011520 2.822770
0.739177 0.024547 0.022297 0.011319 0.000696 0.190434 0.011532 2.825171
0.739163 0.024517 0.022285 0.011325 0.000691 0.190476 0.011542 2.827574
0.739041 0.024663 0.022260 0.011296 0.000685 0.190505 0.011551 2.829914
0.739061 0.024635 0.022290 0.011275 0.000681 0.190498 0.011559 2.832323
0.738985 0.024681 0.022293 0.011303 0.000690 0.190482 0.011565 2.834726
0.738949 0.024601 0.022312 0.011368 0.000691 0.190505 0.011574 2.837181
0.738875 0.024614 0.022373 0.011343 0.000707 0.190509 0.011581 2.839607
0.738789 0.024634 0.022416 0.011349 0.000701 0.190520 0.011590 2.841991
0.738692 0.024690 0.022401 0.011300 0.000700 0.190620 0.011598 2.844382
0.738714 0.024646 0.022427 0.011292 0.000700 0.190613 0.011609 2.846818
0.738663 0.024610 0.022508 0.011361 0.000704 0.190536 0.011617 2.849318
0.738669 0.024579 0.022522 0.011310 0.000706 0.190589 0.011626 2.851715
0.738642 0.024505 0.022575 0.011319 0.000701 0.190622 0.011635 2.854168
0.738682 0.024447 0.022573 0.011297 0.000701 0.190657 0.011643 2.856599
0.738703 0.024437 0.022539 0.011273 0.000713 0.190686 0.011650 2.858972
0.738646 0.024508 0.022539 0.011230 0.000714 0.190705 0.011658 2.861341
0.738659 0.024504 0.022555 0.011200 0.000701 0.190709 0.011673 2.863721
0.738609 0.024489 0.022558 0.011224 0.000698 0.190738 0.011684 2.866100
0.738613 0.024506 0.022543 0.011216 0.000696 0.190737 0.011691 2.868465
0.738627 0.024427 0.022545 0.011242 0.000690 0.190773 0.011697 2.870902
0.738684 0.024337 0.022515 0.011243 0.000695 0.190822 0.011704 2.873298
0.738718 0.024290 0.022485 0.011275 0.000689 0.190831 0.011712 2.875702
0.738651 0.024372 0.022441 0.011232 0.000682 0.190898 0.011724 2.878050
0.738641 0.024406 0.022432 0.011293 0.000682 0.190813 0.011733 2.880423
0.738682 0.024374 0.022385 0.011297 0.000679 0.190841 0.011743 2.882788
0.738653 0.024414 0.022406 0.011295 0.000680 0.190800 0.011753 2.885165
0.738678 0.024387 0.022391 0.011265 0.000684 0.190836 0.011760 2.887544
0.738680 0.024379 0.022349 0.011262 0.000695 0.190868 0.011768 2.889908
0.738598 0.024391 0.022379 0.011268 0.000692 0.190894 0.011778 2.892314
0.738579 0.024387 0.022409 0.011279 0.000692 0.190863 0.011791 2.894726
0.738539 0.024411 0.022450 0.011311 0.000687 0.190805 0.011798 2.897121
0.738548 0.024381 0.022421 0.011296 0.000697 0.190850 0.011807 2.899505
0.738557 0.024381 0.022347 0.011279 0.000698 0.190925 0.011815 2.901886
0.738498 0.024425 0.022329 0.011242 0.000702 0.190976 0.011827 2.904246
0.738526 0.024437 0.022281 0.011202 0.000699 0.191018 0.011837 2.906578
0.738488 0.024445 0.022294 0.011216 0.000696 0.191017 0.011844 2.908955
0.738438 0.024447 0.022311 0.011255 0.000695 0.191001 0.011853 2.911362
0.738443 0.024486 0.022215 0.011243 0.000697 0.191058 0.011859 2.913708
0.738480 0.024418 0.022288 0.011300 0.000697 0.190949 0.011868 2.916154
0.738535 0.024321 0.022361 0.011291 0.000699 0.190918 0.011875 2.918573
0.738579 0.024302 0.022312 0.011275 0.000697 0.190950 0.011884 2.920941
0.738632 0.024299 0.022289 0.011259 0.000699 0.190929 0.011894 2.923285
0.738705 0.024276 0.022274 0.011215 0.000702 0.190925 0.011901 2.925660
0.738704 0.024261 0.022322 0.011228 0.000700 0.190871 0.011912 2.928034
0.738724 0.024236 0.022343 0.011262 0.000698 0.190819 0.011919 2.930444
0.738743 0.024251 0.022289 0.011270 0.000698 0.190819 0.011931 2.932786
0.738819 0.024256 0.022268 0.011237 0.000701 0.190780 0.011940 2.935142
0.738894 0.024236 0.022251 0.011222 0.000702 0.190745 0.011949 2.937493
0.738899 0.024219 0.022237 0.011210 0.000696 0.190778 0.011962 2.939865
0.738900 0.024127 0.022302 0.011278 0.000690 0.190727 0.011975 2.942332
0.738897 0.024133 0.022243 0.011281 0.000685 0.190777 0.011985 2.944677
0.738918 0.024073 0.022308 0.011248 0.000691 0.190770 0.011992 2.947084
0.738878 0.024117 0.022292 0.011264 0.000688 0.190758 0.012003 2.949458
0.738857 0.024145 0.022304 0.011216 0.000690 0.190775 0.012012 2.951818
0.738842 0.024229 0.022263 0.011183 0.000693 0.190773 0.012018 2.954137
