0.999826 0.000126 0.000034 0.000014 0.000000 0.000000 0.000000
0.999728 0.000203 0.000024 0.000004 0.000000 0.000041 0.000000
0.999432 0.000488 0.000047 0.000007 0.000000 0.000026 0.000000
0.998826 0.001036 0.000090 0.000018 0.000000 0.000030 0.000000
0.998187 0.001564 0.000158 0.000056 0.000000 0.000035 0.000000
0.997011 0.002420 0.000360 0.000151 0.000000 0.000057 0.000000
0.995252 0.003857 0.000584 0.000225 0.000000 0.000081 0.000000
0.992206 0.006331 0.000866 0.000435 0.000000 0.000162 0.000000
0.987890 0.009680 0.001379 0.000704 0.000000 0.000347 0.000000
0.983126 0.013389 0.001901 0.001066 0.000000 0.000517 0.000000
0.975843 0.019200 0.002661 0.001432 0.000000 0.000864 0.000000
0.967168 0.025931 0.003819 0.001895 0.000000 0.001186 0.000000
0.956323 0.034178 0.005203 0.002597 0.000000 0.001699 0.000000
0.941728 0.044995 0.007232 0.003681 0.000000 0.002364 0.000000
0.926072 0.056830 0.009375 0.004703 0.000000 0.003018 0.000000
0.908439 0.069586 0.012008 0.006088 0.000002 0.003877 0.000000
0.889523 0.082747 0.015093 0.007627 0.000016 0.004993 0.000000
0.869844 0.095965 0.018379 0.009485 0.000018 0.006309 0.000000
0.848283 0.109754 0.022350 0.011565 0.000025 0.008023 0.000000
0.827951 0.122314 0.026103 0.013750 0.000019 0.009863 0.000000
0.805199 0.135744 0.030549 0.016231 0.000030 0.012247 0.000000
0.784560 0.147475 0.034780 0.018628 0.000044 0.014514 0.000000
0.762605 0.158403 0.040029 0.021509 0.000062 0.017392 0.000000
0.741783 0.168449 0.045068 0.024126 0.000074 0.020501 0.000000
0.720298 0.177976 0.050542 0.026918 0.000092 0.024174 0.000000
0.701558 0.185773 0.055379 0.029420 0.000108 0.027761 0.000000
0.677851 0.195199 0.061678 0.032675 0.000126 0.032470 0.000002
0.657300 0.201898 0.067405 0.035609 0.000143 0.037643 0.000002
0.636793 0.207667 0.073119 0.038834 0.000172 0.043413 0.000002
0.617884 0.211567 0.078857 0.041775 0.000210 0.049706 0.000002
0.601817 0.214692 0.083824 0.044262 0.000232 0.055171 0.000002
0.582938 0.217026 0.089840 0.047355 0.000256 0.062582 0.000003
0.566477 0.218089 0.094998 0.050051 0.000284 0.070098 0.000004
0.549530 0.218548 0.100654 0.052913 0.000310 0.078042 0.000004
0.533335 0.218765 0.105610 0.055379 0.000338 0.086566 0.000007
0.519270 0.217995 0.109584 0.057392 0.000368 0.095384 0.000007
0.503071 0.217282 0.114303 0.059874 0.000384 0.105078 0.000007
0.490375 0.214819 0.118197 0.061916 0.000413 0.114274 0.000006
0.477218 0.211564 0.122284 0.064111 0.000441 0.124374 0.000007
0.465369 0.207987 0.125493 0.065881 0.000467 0.134793 0.000009
0.453604 0.204471 0.128576 0.067610 0.000499 0.145230 0.000010
0.443203 0.199477 0.131473 0.069180 0.000537 0.156117 0.000013
0.433443 0.195068 0.133676 0.070326 0.000584 0.166889 0.000014
0.423529 0.190872 0.135473 0.071462 0.000628 0.178020 0.000016
0.415097 0.186489 0.137138 0.072249 0.000662 0.188346 0.000019
0.405912 0.181015 0.138512 0.073000 0.000679 0.200862 0.000021
0.397222 0.176586 0.139727 0.073669 0.000681 0.212092 0.000024
0.388304 0.171186 0.140734 0.074374 0.000691 0.224686 0.000025
0.380756 0.166084 0.141584 0.074864 0.000707 0.235979 0.000027
0.373758 0.159746 0.141571 0.075151 0.000736 0.249011 0.000027
0.367942 0.153764 0.141632 0.075313 0.000771 0.260550 0.000028
0.362498 0.147093 0.141271 0.075123 0.000793 0.273188 0.000035
0.358566 0.141035 0.140360 0.074266 0.000802 0.284928 0.000042
0.354554 0.135408 0.139241 0.073807 0.000812 0.296131 0.000047
0.351302 0.129407 0.137834 0.073007 0.000837 0.307561 0.000052
0.349013 0.123866 0.135776 0.072047 0.000860 0.318381 0.000057
0.347982 0.118928 0.133724 0.071143 0.000870 0.327291 0.000063
0.346990 0.113214 0.131152 0.069903 0.000887 0.337787 0.000066
0.348064 0.107849 0.128454 0.068578 0.000911 0.346078 0.000066
0.348513 0.102582 0.125636 0.067058 0.000931 0.355212 0.000069
0.348693 0.098456 0.122741 0.065668 0.000944 0.363424 0.000073
0.349544 0.095255 0.120095 0.064411 0.000979 0.369642 0.000075
0.350376 0.091724 0.117038 0.062857 0.000987 0.376940 0.000079
0.352828 0.088754 0.113544 0.061037 0.000984 0.382769 0.000085
0.353759 0.086352 0.110770 0.059428 0.000997 0.388607 0.000088
0.353381 0.084027 0.108422 0.058328 0.001005 0.394749 0.000088
0.353861 0.081446 0.105653 0.056798 0.001033 0.401121 0.000088
0.357633 0.079427 0.102533 0.055169 0.001029 0.404118 0.000091
0.358022 0.076721 0.100178 0.053861 0.001033 0.410092 0.000094
0.360015 0.074537 0.097251 0.052418 0.001033 0.414648 0.000098
0.361609 0.072656 0.094841 0.051048 0.001045 0.418697 0.000104
0.364733 0.070994 0.092222 0.049528 0.001046 0.421372 0.000105
0.366754 0.069323 0.089707 0.048206 0.001051 0.424846 0.000113
0.368641 0.068686 0.087786 0.047274 0.001041 0.426457 0.000114
0.371340 0.068422 0.085602 0.046158 0.001029 0.427330 0.000120
0.372365 0.067521 0.083215 0.044949 0.001021 0.430804 0.000126
0.372213 0.066485 0.081422 0.044106 0.001019 0.434628 0.000126
0.372426 0.065288 0.079537 0.043057 0.001017 0.438546 0.000130
0.372661 0.064836 0.078089 0.042211 0.000997 0.441072 0.000133
0.372892 0.063176 0.076448 0.041275 0.001005 0.445064 0.000139
0.373313 0.062605 0.075142 0.040552 0.000998 0.447248 0.000142
0.374398 0.061172 0.073092 0.039483 0.000983 0.450723 0.000149
0.374912 0.060319 0.072009 0.038809 0.000967 0.452829 0.000154
0.376308 0.059490 0.070767 0.038209 0.000934 0.454135 0.000156
0.377476 0.057747 0.069276 0.037435 0.000908 0.456999 0.000159
0.378961 0.056445 0.067966 0.036762 0.000900 0.458805 0.000162
0.380294 0.054838 0.066599 0.035939 0.000899 0.461267 0.000164
0.381550 0.053856 0.065424 0.035160 0.000894 0.462954 0.000162
0.383218 0.052483 0.064214 0.034450 0.000884 0.464588 0.000163
0.385354 0.051310 0.062809 0.033553 0.000896 0.465911 0.000168
0.387039 0.050804 0.061980 0.032915 0.000886 0.466207 0.000170
0.388919 0.049710 0.060392 0.032063 0.000879 0.467862 0.000175
0.390906 0.048566 0.058993 0.031352 0.000873 0.469130 0.000181
0.392622 0.047738 0.058070 0.030806 0.000864 0.469715 0.000185
0.394666 0.046592 0.056798 0.030153 0.000854 0.470748 0.000189
0.397393 0.045703 0.055198 0.029372 0.000841 0.471300 0.000193
0.398950 0.045248 0.054482 0.029067 0.000828 0.471232 0.000194
0.401132 0.044478 0.053329 0.028394 0.000795 0.471674 0.000198
0.404135 0.043333 0.051710 0.027470 0.000785 0.472363 0.000205
0.405889 0.043208 0.051287 0.027286 0.000769 0.471355 0.000206
0.408145 0.042842 0.050242 0.026744 0.000774 0.471044 0.000210
0.409436 0.042986 0.050112 0.026671 0.000764 0.469825 0.000205
0.411935 0.042554 0.048946 0.025973 0.000776 0.469608 0.000207
0.414283 0.042060 0.047625 0.025439 0.000775 0.469603 0.000215
0.416787 0.041747 0.046676 0.024881 0.000762 0.468926 0.000220
0.418331 0.041495 0.046164 0.024541 0.000744 0.468506 0.000219
0.420624 0.041323 0.045411 0.024132 0.000720 0.467561 0.000229
0.422473 0.041334 0.044894 0.023727 0.000719 0.466626 0.000228
0.424173 0.041432 0.044279 0.023388 0.000730 0.465769 0.000229
0.426546 0.041293 0.043529 0.022943 0.000732 0.464725 0.000231
0.428247 0.041144 0.043044 0.022810 0.000725 0.463796 0.000234
0.429924 0.041084 0.042697 0.022756 0.000724 0.462574 0.000241
0.431626 0.041297 0.042413 0.022572 0.000710 0.461139 0.000243
0.433991 0.041093 0.041711 0.022204 0.000694 0.460061 0.000246
0.435639 0.041187 0.041559 0.021965 0.000691 0.458712 0.000247
0.437227 0.041148 0.041372 0.021800 0.000685 0.457518 0.000249
0.438935 0.041255 0.041115 0.021621 0.000682 0.456141 0.000250
0.440689 0.041353 0.040820 0.021556 0.000673 0.454652 0.000257
0.442264 0.041555 0.040417 0.021326 0.000665 0.453516 0.000256
0.443854 0.041677 0.040126 0.021209 0.000651 0.452221 0.000262
0.445219 0.041608 0.039961 0.021182 0.000628 0.451139 0.000263
0.446284 0.041957 0.040056 0.021105 0.000615 0.449713 0.000271
0.448038 0.042046 0.039784 0.020973 0.000606 0.448281 0.000270
0.449620 0.041957 0.039749 0.020931 0.000606 0.446863 0.000273
0.452466 0.041433 0.039413 0.020616 0.000588 0.445203 0.000281
0.454390 0.040660 0.039405 0.020617 0.000572 0.444077 0.000279
0.457505 0.039755 0.039243 0.020273 0.000572 0.442371 0.000281
0.460437 0.038676 0.039164 0.019969 0.000563 0.440908 0.000284
0.463321 0.037442 0.038932 0.019772 0.000561 0.439686 0.000286
0.466595 0.036150 0.038603 0.019475 0.000564 0.438326 0.000288
0.469844 0.034973 0.038387 0.019167 0.000570 0.436762 0.000298
0.473492 0.033540 0.037841 0.018745 0.000552 0.435531 0.000297
0.477341 0.032233 0.037333 0.018329 0.000545 0.433917 0.000301
0.480658 0.030917 0.036804 0.018019 0.000530 0.432771 0.000301
0.484034 0.029711 0.036381 0.017603 0.000520 0.431450 0.000301
0.487755 0.028550 0.035808 0.017221 0.000510 0.429855 0.000302
0.491682 0.027343 0.035000 0.016841 0.000512 0.428313 0.000309
0.495686 0.026366 0.034466 0.016550 0.000509 0.426111 0.000312
0.499581 0.025300 0.033654 0.016158 0.000497 0.424500 0.000311
0.503590 0.024475 0.032831 0.015693 0.000502 0.422593 0.000316
0.507443 0.023696 0.032146 0.015257 0.000497 0.420641 0.000321
0.511141 0.022762 0.031392 0.014935 0.000494 0.418958 0.000318
0.515509 0.021876 0.030844 0.014590 0.000491 0.416367 0.000322
0.519211 0.021115 0.030092 0.014173 0.000469 0.414610 0.000329
0.523434 0.020436 0.029345 0.013822 0.000455 0.412179 0.000329
0.527352 0.019752 0.028723 0.013418 0.000439 0.409995 0.000322
0.531246 0.019193 0.027997 0.012954 0.000434 0.407847 0.000329
0.535220 0.018566 0.027267 0.012620 0.000425 0.405572 0.000330
0.538731 0.017946 0.026592 0.012275 0.000423 0.403705 0.000329
0.542942 0.017437 0.025983 0.011946 0.000414 0.400949 0.000329
0.546908 0.017017 0.025241 0.011637 0.000414 0.398449 0.000332
0.550941 0.016609 0.024557 0.011287 0.000408 0.395867 0.000331
0.554401 0.016188 0.023975 0.011014 0.000398 0.393688 0.000336
0.558307 0.015813 0.023417 0.010717 0.000397 0.391021 0.000328
0.562035 0.015318 0.022874 0.010434 0.000386 0.388623 0.000331
0.565596 0.014972 0.022379 0.010093 0.000382 0.386245 0.000333
0.569611 0.014595 0.021889 0.009715 0.000384 0.383468 0.000337
0.573091 0.014329 0.021385 0.009484 0.000383 0.380988 0.000340
0.576807 0.014013 0.020871 0.009321 0.000381 0.378270 0.000337
0.580415 0.013660 0.020385 0.009092 0.000375 0.375735 0.000339
0.584227 0.013365 0.019965 0.008846 0.000362 0.372894 0.000341
0.587551 0.013107 0.019537 0.008615 0.000352 0.370497 0.000340
0.591347 0.012868 0.019043 0.008433 0.000343 0.367620 0.000346
0.594879 0.012693 0.018627 0.008199 0.000339 0.364917 0.000346
0.598575 0.012484 0.018180 0.008004 0.000338 0.362070 0.000349
0.601783 0.012306 0.017781 0.007874 0.000330 0.359563 0.000362
0.605217 0.012129 0.017394 0.007659 0.000316 0.356926 0.000359
0.608434 0.011962 0.017014 0.007454 0.000307 0.354468 0.000361
0.612135 0.011907 0.016569 0.007260 0.000296 0.351469 0.000363
0.615312 0.011851 0.016201 0.007165 0.000296 0.348817 0.000359
0.618518 0.011861 0.015782 0.006991 0.000281 0.346204 0.000362
0.621795 0.011777 0.015510 0.006867 0.000267 0.343414 0.000370
0.624871 0.011620 0.015256 0.006738 0.000262 0.340884 0.000369
0.628404 0.011628 0.014910 0.006623 0.000259 0.337811 0.000365
0.631522 0.011440 0.014611 0.006573 0.000255 0.335240 0.000359
0.634718 0.011337 0.014328 0.006487 0.000250 0.332515 0.000364
0.637770 0.011213 0.014143 0.006371 0.000240 0.329895 0.000367
0.640895 0.011173 0.013952 0.006300 0.000236 0.327079 0.000364
0.643734 0.011199 0.013726 0.006177 0.000238 0.324558 0.000367
0.646711 0.011190 0.013574 0.006081 0.000234 0.321839 0.000371
0.649437 0.011274 0.013371 0.005985 0.000233 0.319322 0.000379
0.652527 0.011178 0.013225 0.005936 0.000229 0.316537 0.000369
0.655187 0.011171 0.013131 0.005834 0.000235 0.314064 0.000378
0.658189 0.011163 0.013045 0.005689 0.000223 0.311308 0.000383
0.660835 0.011202 0.012887 0.005664 0.000212 0.308818 0.000382
0.663832 0.011126 0.012720 0.005659 0.000207 0.306076 0.000380
0.666369 0.011205 0.012570 0.005628 0.000204 0.303646 0.000378
0.668826 0.011310 0.012436 0.005548 0.000201 0.301296 0.000383
0.671640 0.011316 0.012264 0.005423 0.000189 0.298790 0.000379
0.674049 0.011376 0.012101 0.005353 0.000185 0.296555 0.000380
0.676752 0.011418 0.012054 0.005341 0.000182 0.293870 0.000383
0.679075 0.011471 0.012005 0.005319 0.000174 0.291578 0.000378
0.681694 0.011585 0.011946 0.005245 0.000168 0.288978 0.000384
0.684078 0.011589 0.011909 0.005228 0.000164 0.286644 0.000389
0.686170 0.011727 0.011827 0.005224 0.000156 0.284507 0.000389
0.688756 0.011748 0.011690 0.005199 0.000144 0.282078 0.000385
0.690862 0.011796 0.011664 0.005252 0.000138 0.279900 0.000389
0.693380 0.011851 0.011591 0.005191 0.000137 0.277465 0.000386
0.695648 0.011964 0.011609 0.005179 0.000132 0.275084 0.000385
0.697738 0.012011 0.011662 0.005133 0.000124 0.272943 0.000388
0.699630 0.012158 0.011619 0.005173 0.000128 0.270905 0.000388
0.702023 0.012158 0.011634 0.005167 0.000127 0.268512 0.000380
0.703846 0.012283 0.011655 0.005283 0.000129 0.266417 0.000386
0.705818 0.012394 0.011610 0.005348 0.000130 0.264318 0.000382
0.707813 0.012536 0.011642 0.005315 0.000131 0.262179 0.000385
0.709716 0.012634 0.011665 0.005374 0.000127 0.260095 0.000390
0.711518 0.012641 0.011719 0.005368 0.000135 0.258230 0.000389
0.713408 0.012765 0.011730 0.005371 0.000137 0.256201 0.000388
0.715390 0.012866 0.011775 0.005375 0.000131 0.254076 0.000388
0.717022 0.013060 0.011831 0.005338 0.000132 0.252222 0.000394
0.718862 0.013094 0.011754 0.005360 0.000129 0.250406 0.000394
0.720347 0.013223 0.011793 0.005408 0.000124 0.248717 0.000389
0.722345 0.013307 0.011760 0.005451 0.000119 0.246627 0.000390
0.724095 0.013375 0.011824 0.005493 0.000123 0.244700 0.000390
0.725847 0.013474 0.011894 0.005478 0.000123 0.242793 0.000390
0.727393 0.013601 0.012037 0.005540 0.000121 0.240920 0.000388
0.728991 0.013748 0.012141 0.005520 0.000119 0.239084 0.000396
0.730509 0.013786 0.012144 0.005567 0.000126 0.237471 0.000397
0.732228 0.013833 0.012220 0.005595 0.000126 0.235601 0.000397
0.733346 0.013984 0.012344 0.005675 0.000122 0.234131 0.000397
0.734851 0.014342 0.012368 0.005656 0.000126 0.232265 0.000393
0.736535 0.014353 0.012323 0.005678 0.000125 0.230595 0.000392
0.738048 0.014381 0.012451 0.005704 0.000120 0.228902 0.000394
0.739206 0.014551 0.012635 0.005789 0.000122 0.227306 0.000390
0.740534 0.014540 0.012745 0.005827 0.000120 0.225829 0.000404
0.741510 0.014785 0.012840 0.005922 0.000126 0.224414 0.000404
0.742829 0.014813 0.012817 0.006000 0.000120 0.223019 0.000402
0.743879 0.014937 0.012905 0.006094 0.000118 0.221669 0.000397
0.744966 0.014988 0.013067 0.006141 0.000112 0.220322 0.000403
0.746283 0.015026 0.013137 0.006155 0.000115 0.218884 0.000400
0.747734 0.015128 0.013178 0.006125 0.000120 0.217312 0.000402
0.749128 0.015149 0.013300 0.006200 0.000120 0.215700 0.000402
0.750060 0.015345 0.013375 0.006250 0.000119 0.214449 0.000402
0.751228 0.015526 0.013376 0.006292 0.000114 0.213063 0.000400
0.752041 0.015814 0.013505 0.006319 0.000112 0.211811 0.000397
0.753417 0.015642 0.013561 0.006396 0.000107 0.210480 0.000397
0.754342 0.015772 0.013669 0.006394 0.000114 0.209306 0.000403
0.755089 0.015913 0.013824 0.006462 0.000117 0.208200 0.000395
0.756032 0.015900 0.013916 0.006516 0.000122 0.207112 0.000402
0.756943 0.016155 0.013904 0.006569 0.000126 0.205905 0.000398
0.757873 0.016231 0.013991 0.006636 0.000126 0.204742 0.000402
0.758520 0.016470 0.014125 0.006699 0.000125 0.203659 0.000403
0.759528 0.016514 0.014094 0.006714 0.000130 0.202614 0.000404
0.760247 0.016623 0.014147 0.006679 0.000130 0.201767 0.000407
0.761408 0.016721 0.014227 0.006719 0.000125 0.200401 0.000398
0.762178 0.016751 0.014354 0.006758 0.000124 0.199430 0.000406
0.763123 0.016709 0.014411 0.006796 0.000120 0.198436 0.000405
0.763591 0.016966 0.014656 0.006803 0.000118 0.197456 0.000410
0.764265 0.017116 0.014807 0.006826 0.000123 0.196454 0.000409
0.765272 0.017206 0.014772 0.006803 0.000123 0.195417 0.000407
0.765724 0.017338 0.014920 0.006883 0.000119 0.194607 0.000410
0.766561 0.017434 0.015040 0.006924 0.000123 0.193502 0.000416
0.766983 0.017766 0.015071 0.006959 0.000129 0.192683 0.000408
0.767231 0.017941 0.015168 0.007010 0.000131 0.192104 0.000414
0.768146 0.018041 0.015242 0.007047 0.000133 0.190977 0.000414
0.768583 0.018199 0.015409 0.007173 0.000132 0.190090 0.000413
0.769006 0.018200 0.015500 0.007196 0.000132 0.189556 0.000410
0.769489 0.018324 0.015517 0.007288 0.000134 0.188832 0.000417
0.770130 0.018394 0.015572 0.007293 0.000135 0.188060 0.000416
0.770336 0.018611 0.015703 0.007304 0.000138 0.187492 0.000417
0.770998 0.018526 0.015633 0.007331 0.000141 0.186953 0.000419
0.771706 0.018612 0.015788 0.007343 0.000138 0.185995 0.000418
0.772255 0.018633 0.015916 0.007393 0.000138 0.185243 0.000422
0.772661 0.018592 0.016106 0.007431 0.000144 0.184645 0.000420
0.773097 0.018668 0.016210 0.007555 0.000155 0.183894 0.000421
0.773851 0.018567 0.016314 0.007608 0.000146 0.183089 0.000426
0.774004 0.018682 0.016462 0.007672 0.000146 0.182610 0.000425
0.774751 0.018625 0.016554 0.007716 0.000146 0.181782 0.000425
0.774923 0.018664 0.016711 0.007824 0.000144 0.181319 0.000415
0.775720 0.018763 0.016635 0.007813 0.000134 0.180513 0.000423
0.775561 0.018954 0.016809 0.007851 0.000135 0.180272 0.000418
0.776246 0.018863 0.016828 0.007874 0.000137 0.179620 0.000432
0.776862 0.018737 0.016839 0.007878 0.000131 0.179120 0.000433
0.776995 0.018783 0.016920 0.007860 0.000130 0.178880 0.000432
0.777307 0.018868 0.017061 0.007902 0.000135 0.178300 0.000427
0.777629 0.018863 0.017056 0.007908 0.000127 0.177981 0.000436
0.778213 0.018821 0.017063 0.007937 0.000132 0.177399 0.000435
0.778683 0.018891 0.017074 0.007996 0.000135 0.176791 0.000429
0.778545 0.019023 0.017217 0.008089 0.000141 0.176555 0.000430
0.779028 0.019087 0.017099 0.008014 0.000142 0.176196 0.000435
0.779264 0.019071 0.017187 0.008095 0.000154 0.175788 0.000440
0.779902 0.019002 0.017153 0.008114 0.000162 0.175230 0.000437
0.779971 0.019082 0.017256 0.008184 0.000160 0.174910 0.000437
0.780485 0.019117 0.017291 0.008214 0.000164 0.174294 0.000433
0.780528 0.019134 0.017322 0.008172 0.000167 0.174242 0.000435
0.780838 0.019355 0.017433 0.008155 0.000170 0.173611 0.000438
0.781204 0.019345 0.017465 0.008154 0.000171 0.173222 0.000439
0.781396 0.019313 0.017451 0.008127 0.000166 0.173108 0.000439
0.781294 0.019435 0.017607 0.008141 0.000159 0.172922 0.000443
0.781746 0.019365 0.017542 0.008126 0.000161 0.172611 0.000449
0.781753 0.019438 0.017591 0.008178 0.000158 0.172436 0.000446
0.782152 0.019579 0.017550 0.008141 0.000163 0.171966 0.000448
0.782470 0.019695 0.017504 0.008129 0.000164 0.171596 0.000442
0.782573 0.019702 0.017600 0.008174 0.000168 0.171340 0.000443
0.783144 0.019602 0.017668 0.008219 0.000174 0.170744 0.000449
0.783257 0.019610 0.017729 0.008243 0.000174 0.170543 0.000444
0.783459 0.019540 0.017824 0.008235 0.000178 0.170314 0.000450
0.783625 0.019616 0.017848 0.008225 0.000183 0.170046 0.000458
0.784173 0.019583 0.017904 0.008246 0.000173 0.169469 0.000452
0.871815 0.011488 0.010551 0.004879 0.000105 0.100895 0.000267
