0.338527 0.063738 0.055885 0.032531 0.002266 0.500764 0.006288 1.643856
0.339646 0.062658 0.055833 0.032410 0.002271 0.500869 0.006313 1.649991
0.341194 0.061305 0.055804 0.032271 0.002266 0.500818 0.006341 1.656088
0.343014 0.059808 0.055698 0.032070 0.002272 0.500772 0.006366 1.662090
0.344850 0.058421 0.055463 0.031810 0.002271 0.500792 0.006393 1.667823
0.346901 0.056985 0.055156 0.031581 0.002265 0.500689 0.006423 1.673514
0.349083 0.055588 0.054780 0.031284 0.002252 0.500563 0.006451 1.678985
0.351389 0.054056 0.054426 0.031015 0.002244 0.500386 0.006484 1.684421
0.353753 0.052657 0.053944 0.030664 0.002218 0.500249 0.006515 1.689677
0.356104 0.051377 0.053471 0.030321 0.002196 0.499983 0.006547 1.694822
0.358710 0.050096 0.052790 0.029903 0.002191 0.499735 0.006574 1.699799
0.361217 0.048950 0.052188 0.029449 0.002188 0.499406 0.006601 1.704646
0.363818 0.047902 0.051499 0.029071 0.002171 0.498908 0.006632 1.709356
0.366498 0.046793 0.050834 0.028679 0.002155 0.498380 0.006661 1.714044
0.369181 0.045777 0.050114 0.028233 0.002151 0.497856 0.006689 1.718612
0.371926 0.044935 0.049415 0.027775 0.002125 0.497107 0.006717 1.722997
0.374565 0.044069 0.048641 0.027361 0.002110 0.496512 0.006743 1.727395
0.377234 0.043328 0.047930 0.026953 0.002097 0.495689 0.006769 1.731630
0.379964 0.042521 0.047396 0.026476 0.002088 0.494762 0.006795 1.735865
0.382704 0.041805 0.046710 0.026058 0.002074 0.493829 0.006822 1.740047
0.385395 0.041243 0.045998 0.025659 0.002070 0.492787 0.006848 1.744057
0.388055 0.040681 0.045282 0.025306 0.002047 0.491749 0.006879 1.748025
0.390750 0.040271 0.044682 0.024904 0.002026 0.490459 0.006907 1.751952
0.393486 0.039772 0.044063 0.024529 0.002030 0.489191 0.006929 1.755851
0.396188 0.039261 0.043421 0.024164 0.002008 0.488004 0.006955 1.759695
0.398903 0.038802 0.042750 0.023774 0.001992 0.486794 0.006985 1.763510
0.401586 0.038534 0.042093 0.023411 0.001996 0.485368 0.007012 1.767187
0.404207 0.038145 0.041595 0.023102 0.001972 0.483936 0.007043 1.770939
0.406842 0.037739 0.041048 0.022825 0.001945 0.482531 0.007071 1.774712
0.409440 0.037524 0.040458 0.022432 0.001923 0.481127 0.007097 1.778288
0.412106 0.037136 0.039907 0.022162 0.001910 0.479658 0.007121 1.781996
0.414736 0.036854 0.039470 0.021934 0.001896 0.477966 0.007145 1.785670
0.417214 0.036624 0.039008 0.021624 0.001880 0.476477 0.007173 1.789284
0.419687 0.036461 0.038594 0.021403 0.001867 0.474795 0.007193 1.792910
0.422227 0.036248 0.038186 0.021099 0.001852 0.473169 0.007219 1.796485
0.424824 0.036005 0.037826 0.020873 0.001818 0.471413 0.007242 1.800059
0.427356 0.035781 0.037519 0.020654 0.001809 0.469616 0.007265 1.803649
0.429815 0.035719 0.037056 0.020432 0.001802 0.467889 0.007288 1.807121
0.432184 0.035592 0.036655 0.020216 0.001789 0.466252 0.007311 1.810624
0.434624 0.035476 0.036264 0.019967 0.001756 0.464576 0.007339 1.814112
0.437035 0.035380 0.035867 0.019734 0.001740 0.462882 0.007363 1.817529
0.439376 0.035336 0.035491 0.019626 0.001719 0.461062 0.007389 1.821024
0.441647 0.035282 0.035178 0.019410 0.001711 0.459359 0.007414 1.824489
0.443933 0.035242 0.034917 0.019243 0.001677 0.457546 0.007443 1.827958
0.446189 0.035211 0.034707 0.019088 0.001667 0.455678 0.007461 1.831440
0.448324 0.035247 0.034432 0.018938 0.001651 0.453922 0.007487 1.834854
0.450564 0.035207 0.034206 0.018811 0.001643 0.452063 0.007507 1.838348
0.452718 0.035151 0.033977 0.018782 0.001628 0.450219 0.007526 1.841842
0.454990 0.035145 0.033760 0.018697 0.001614 0.448247 0.007547 1.845305
0.457114 0.035151 0.033613 0.018649 0.001594 0.446307 0.007572 1.848780
0.459156 0.035247 0.033424 0.018506 0.001573 0.444499 0.007594 1.852181
0.461043 0.035351 0.033251 0.018372 0.001558 0.442815 0.007611 1.855640
0.463027 0.035412 0.033157 0.018311 0.001546 0.440916 0.007633 1.859175
0.464992 0.035472 0.032997 0.018296 0.001529 0.439061 0.007653 1.862673
0.466836 0.035544 0.032898 0.018273 0.001507 0.437264 0.007678 1.866212
0.468574 0.035661 0.032826 0.018210 0.001493 0.435538 0.007699 1.869703
0.470352 0.035829 0.032689 0.018148 0.001477 0.433782 0.007724 1.873200
0.472081 0.035920 0.032633 0.018120 0.001465 0.432035 0.007745 1.876749
0.474014 0.035940 0.032592 0.018099 0.001454 0.430139 0.007763 1.880270
0.475681 0.036129 0.032470 0.018132 0.001444 0.428362 0.007782 1.883769
0.477281 0.036302 0.032428 0.018110 0.001436 0.426645 0.007798 1.887317
0.479004 0.036418 0.032404 0.018126 0.001423 0.424803 0.007821 1.890888
0.480552 0.036644 0.032362 0.018081 0.001412 0.423111 0.007837 1.894400
0.481873 0.036888 0.032403 0.018014 0.001392 0.421568 0.007862 1.897989
0.483466 0.037059 0.032395 0.017975 0.001374 0.419848 0.007883 1.901526
0.484990 0.037213 0.032380 0.017957 0.001365 0.418198 0.007898 1.905102
0.486442 0.037385 0.032323 0.017982 0.001369 0.416587 0.007912 1.908740
0.487800 0.037571 0.032359 0.017993 0.001360 0.414988 0.007929 1.912392
0.489117 0.037802 0.032354 0.017977 0.001364 0.413443 0.007943 1.916043
0.490275 0.037988 0.032456 0.018062 0.001360 0.411897 0.007962 1.919830
0.491468 0.038156 0.032483 0.018099 0.001358 0.410456 0.007980 1.923555
0.492703 0.038286 0.032514 0.018171 0.001354 0.408973 0.007998 1.927277
0.493796 0.038502 0.032671 0.018141 0.001348 0.407531 0.008012 1.931030
0.494821 0.038678 0.032865 0.018200 0.001331 0.406073 0.008034 1.934867
0.495953 0.038923 0.032877 0.018266 0.001333 0.404599 0.008051 1.938612
0.497087 0.039037 0.033008 0.018341 0.001331 0.403130 0.008067 1.942451
0.498150 0.039162 0.033065 0.018420 0.001329 0.401790 0.008085 1.946253
0.499080 0.039309 0.033253 0.018494 0.001322 0.400442 0.008101 1.950168
0.500034 0.039553 0.033347 0.018471 0.001325 0.399157 0.008112 1.953954
0.500888 0.039793 0.033444 0.018477 0.001318 0.397954 0.008128 1.957826
0.501781 0.039970 0.033580 0.018482 0.001309 0.396731 0.008147 1.961730
0.502643 0.040141 0.033675 0.018571 0.001302 0.395508 0.008160 1.965638
0.503449 0.040320 0.033882 0.018638 0.001297 0.394235 0.008179 1.969627
0.504213 0.040536 0.034012 0.018699 0.001283 0.393060 0.008198 1.973547
0.504857 0.040852 0.034130 0.018741 0.001288 0.391917 0.008215 1.977478
0.505601 0.041011 0.034238 0.018805 0.001291 0.390828 0.008226 1.981464
0.506219 0.041190 0.034413 0.018929 0.001281 0.389726 0.008243 1.985516
0.506867 0.041317 0.034534 0.019045 0.001292 0.388686 0.008259 1.989629
0.507391 0.041521 0.034665 0.019097 0.001283 0.387764 0.008278 1.993688
0.508092 0.041631 0.034842 0.019177 0.001288 0.386678 0.008291 1.997767
0.508565 0.041780 0.034983 0.019304 0.001282 0.385771 0.008315 2.001920
0.509175 0.041897 0.035113 0.019368 0.001282 0.384831 0.008334 2.006030
0.509811 0.042006 0.035259 0.019426 0.001277 0.383870 0.008350 2.010109
0.510288 0.042136 0.035371 0.019533 0.001284 0.383017 0.008371 2.014204
0.510719 0.042305 0.035546 0.019678 0.001291 0.382082 0.008380 2.018376
0.511253 0.042403 0.035740 0.019755 0.001295 0.381157 0.008397 2.022559
0.511671 0.042502 0.035876 0.019855 0.001294 0.380386 0.008415 2.026803
0.512108 0.042714 0.035983 0.019828 0.001299 0.379637 0.008431 2.030949
0.512507 0.042887 0.036160 0.019860 0.001292 0.378848 0.008446 2.035169
0.512870 0.043102 0.036277 0.019891 0.001289 0.378107 0.008463 2.039309
0.513178 0.043261 0.036407 0.019942 0.001285 0.377449 0.008478 2.043500
0.513531 0.043331 0.036602 0.019991 0.001290 0.376758 0.008498 2.047788
0.513905 0.043458 0.036681 0.020046 0.001283 0.376112 0.008516 2.051998
0.514257 0.043657 0.036763 0.020120 0.001271 0.375399 0.008533 2.056227
0.514409 0.043894 0.036829 0.020219 0.001287 0.374815 0.008548 2.060493
0.514633 0.043993 0.036984 0.020323 0.001283 0.374221 0.008564 2.064770
0.514814 0.044137 0.037190 0.020385 0.001297 0.373598 0.008579 2.069141
0.515015 0.044244 0.037368 0.020455 0.001293 0.373029 0.008595 2.073484
0.515247 0.044391 0.037491 0.020512 0.001300 0.372444 0.008614 2.077774
0.515499 0.044463 0.037635 0.020579 0.001302 0.371894 0.008628 2.082117
0.515664 0.044639 0.037767 0.020614 0.001305 0.371368 0.008643 2.086445
0.515786 0.044757 0.037898 0.020681 0.001307 0.370909 0.008662 2.090809
0.515991 0.044802 0.038046 0.020709 0.001316 0.370457 0.008678 2.095230
0.516173 0.044844 0.038161 0.020785 0.001323 0.370019 0.008695 2.099650
0.516279 0.044938 0.038274 0.020856 0.001329 0.369612 0.008713 2.104051
0.516546 0.044858 0.038489 0.020914 0.001346 0.369123 0.008725 2.108517
0.516696 0.044946 0.038520 0.020945 0.001342 0.368806 0.008745 2.112899
0.516897 0.044981 0.038654 0.021015 0.001329 0.368359 0.008765 2.117315
0.517124 0.045024 0.038659 0.021065 0.001325 0.368015 0.008788 2.121663
0.517346 0.045057 0.038700 0.021096 0.001324 0.367673 0.008804 2.126037
0.517623 0.045001 0.038789 0.021153 0.001326 0.367288 0.008819 2.130452
0.517863 0.045068 0.038906 0.021178 0.001342 0.366810 0.008835 2.134810
0.517985 0.045210 0.038874 0.021218 0.001341 0.366524 0.008848 2.139139
0.518077 0.045277 0.038957 0.021212 0.001345 0.366267 0.008864 2.143578
0.518127 0.045296 0.039057 0.021267 0.001344 0.366023 0.008887 2.148041
0.518268 0.045356 0.039174 0.021339 0.001344 0.365609 0.008910 2.152485
0.518412 0.045431 0.039236 0.021334 0.001357 0.365306 0.008924 2.156863
0.518494 0.045386 0.039393 0.021356 0.001364 0.365068 0.008941 2.161380
0.518614 0.045345 0.039462 0.021395 0.001369 0.364860 0.008954 2.165822
0.518753 0.045383 0.039483 0.021432 0.001365 0.364613 0.008972 2.170215
0.518666 0.045503 0.039470 0.021490 0.001365 0.364516 0.008991 2.174596
0.518695 0.045556 0.039548 0.021543 0.001365 0.364286 0.009008 2.179037
0.518828 0.045562 0.039521 0.021621 0.001370 0.364079 0.009019 2.183495
0.519056 0.045586 0.039590 0.021615 0.001367 0.363748 0.009038 2.187893
0.519119 0.045527 0.039736 0.021696 0.001373 0.363497 0.009051 2.192436
0.519214 0.045524 0.039800 0.021723 0.001379 0.363294 0.009067 2.196913
0.519384 0.045464 0.039799 0.021749 0.001394 0.363122 0.009089 2.201352
0.519509 0.045380 0.039855 0.021739 0.001388 0.363027 0.009102 2.205813
0.519584 0.045343 0.039830 0.021807 0.001391 0.362929 0.009116 2.210270
0.519709 0.045275 0.039825 0.021882 0.001374 0.362802 0.009134 2.214718
0.519926 0.045210 0.039886 0.021891 0.001387 0.362548 0.009153 2.219181
0.520022 0.045152 0.039931 0.021861 0.001394 0.362475 0.009165 2.223629
0.520099 0.045222 0.039880 0.021907 0.001379 0.362327 0.009186 2.228024
0.520232 0.045168 0.039960 0.021933 0.001369 0.362134 0.009205 2.232457
0.520425 0.045046 0.039952 0.021932 0.001371 0.362059 0.009216 2.236876
0.520457 0.044928 0.039981 0.021971 0.001372 0.362057 0.009235 2.241334
0.520589 0.044937 0.039963 0.021938 0.001380 0.361941 0.009252 2.245675
0.520744 0.044832 0.039951 0.021964 0.001372 0.361863 0.009274 2.250108
0.520871 0.044803 0.040050 0.021867 0.001376 0.361741 0.009292 2.254534
0.521065 0.044729 0.040013 0.021818 0.001379 0.361685 0.009311 2.258853
0.521318 0.044657 0.039934 0.021821 0.001376 0.361563 0.009330 2.263265
0.521483 0.044653 0.039942 0.021802 0.001378 0.361398 0.009345 2.267609
0.521497 0.044664 0.039975 0.021805 0.001371 0.361324 0.009365 2.272009
0.521641 0.044676 0.039956 0.021746 0.001373 0.361228 0.009381 2.276355
0.521819 0.044648 0.039958 0.021818 0.001375 0.360983 0.009399 2.280725
0.521980 0.044594 0.039939 0.021806 0.001390 0.360877 0.009414 2.285099
0.522372 0.044393 0.039901 0.021859 0.001385 0.360655 0.009435 2.289489
0.522540 0.044434 0.039885 0.021794 0.001380 0.360513 0.009455 2.293834
0.522949 0.044345 0.039874 0.021784 0.001387 0.360194 0.009469 2.298183
0.523056 0.044372 0.039935 0.021704 0.001408 0.360041 0.009484 2.302538
0.523290 0.044337 0.039912 0.021717 0.001392 0.359852 0.009500 2.306912
0.523489 0.044343 0.039837 0.021710 0.001383 0.359712 0.009527 2.311194
0.523683 0.044277 0.039729 0.021675 0.001392 0.359706 0.009539 2.315516
0.523866 0.044224 0.039683 0.021689 0.001387 0.359593 0.009558 2.319848
0.523990 0.044221 0.039641 0.021654 0.001388 0.359530 0.009574 2.324229
0.524266 0.044095 0.039698 0.021633 0.001397 0.359324 0.009588 2.328584
0.524513 0.044016 0.039712 0.021615 0.001382 0.359157 0.009606 2.332923
0.524805 0.043901 0.039644 0.021575 0.001373 0.359079 0.009624 2.337233
0.525117 0.043750 0.039628 0.021591 0.001387 0.358889 0.009639 2.341578
0.525439 0.043712 0.039519 0.021573 0.001389 0.358710 0.009658 2.345830
0.525554 0.043750 0.039470 0.021570 0.001396 0.358588 0.009674 2.350096
0.525759 0.043805 0.039380 0.021526 0.001407 0.358432 0.009690 2.354304
0.525838 0.043781 0.039377 0.021537 0.001409 0.358348 0.009711 2.358614
0.526069 0.043708 0.039346 0.021572 0.001390 0.358182 0.009734 2.362936
0.526339 0.043681 0.039329 0.021520 0.001386 0.357994 0.009751 2.367202
0.526606 0.043608 0.039342 0.021526 0.001382 0.357765 0.009772 2.371502
0.526851 0.043524 0.039360 0.021496 0.001385 0.357592 0.009793 2.375802
0.527066 0.043491 0.039350 0.021415 0.001371 0.357496 0.009811 2.380123
0.527253 0.043435 0.039383 0.021348 0.001382 0.357376 0.009824 2.384450
0.527463 0.043389 0.039371 0.021363 0.001386 0.357189 0.009841 2.388744
0.527667 0.043322 0.039262 0.021287 0.001388 0.357217 0.009857 2.393011
0.527878 0.043267 0.039187 0.021278 0.001392 0.357127 0.009871 2.397243
0.528102 0.043292 0.039140 0.021226 0.001390 0.356962 0.009889 2.401489
0.528250 0.043296 0.039026 0.021203 0.001402 0.356919 0.009904 2.405699
0.528512 0.043186 0.039037 0.021259 0.001402 0.356683 0.009922 2.409995
0.528806 0.043132 0.039030 0.021203 0.001387 0.356499 0.009944 2.414228
0.528954 0.043192 0.038962 0.021204 0.001389 0.356336 0.009964 2.418390
0.529169 0.043157 0.038924 0.021161 0.001393 0.356212 0.009985 2.422665
0.529468 0.043102 0.038888 0.021145 0.001388 0.356008 0.010002 2.426887
0.529773 0.043031 0.038796 0.021132 0.001378 0.355871 0.010019 2.431086
0.529971 0.043130 0.038725 0.021068 0.001379 0.355694 0.010034 2.435270
0.530230 0.043077 0.038662 0.021109 0.001369 0.355502 0.010051 2.439506
0.530332 0.043067 0.038708 0.021120 0.001370 0.355332 0.010071 2.443771
0.530573 0.043056 0.038760 0.021061 0.001372 0.355094 0.010086 2.448001
0.530788 0.043089 0.038658 0.020992 0.001371 0.354999 0.010104 2.452164
0.530937 0.043203 0.038562 0.020980 0.001365 0.354836 0.010118 2.456344
0.530969 0.043250 0.038609 0.020959 0.001369 0.354710 0.010133 2.460608
0.531229 0.043320 0.038520 0.020958 0.001364 0.354460 0.010150 2.464778
0.531390 0.043298 0.038563 0.021014 0.001356 0.354214 0.010167 2.469080
0.531480 0.043373 0.038534 0.021001 0.001349 0.354077 0.010186 2.473301
0.531692 0.043396 0.038523 0.021047 0.001350 0.353793 0.010201 2.477504
0.531985 0.043347 0.038403 0.021006 0.001341 0.353696 0.010223 2.481684
0.532209 0.043319 0.038436 0.020952 0.001350 0.353491 0.010241 2.485916
0.532436 0.043416 0.038342 0.020914 0.001365 0.353270 0.010256 2.490062
0.532567 0.043561 0.038229 0.020873 0.001372 0.353125 0.010273 2.494246
0.532690 0.043568 0.038335 0.020922 0.001362 0.352833 0.010291 2.498572
0.532822 0.043604 0.038381 0.020977 0.001356 0.352548 0.010313 2.502869
0.533014 0.043613 0.038344 0.021036 0.001364 0.352296 0.010333 2.507127
0.533322 0.043559 0.038316 0.021055 0.001371 0.352029 0.010349 2.511346
0.533588 0.043506 0.038325 0.021024 0.001363 0.351828 0.010367 2.515634
0.533733 0.043425 0.038433 0.020997 0.001368 0.351658 0.010384 2.519982
0.533836 0.043474 0.038461 0.020987 0.001362 0.351478 0.010402 2.524221
0.534019 0.043542 0.038415 0.021034 0.001358 0.351211 0.010420 2.528441
0.534294 0.043627 0.038414 0.021018 0.001351 0.350857 0.010439 2.532600
0.534294 0.043710 0.038413 0.020996 0.001361 0.350771 0.010455 2.536874
0.534450 0.043639 0.038440 0.021029 0.001355 0.350616 0.010472 2.541218
0.534434 0.043709 0.038329 0.021063 0.001343 0.350632 0.010491 2.545444
0.534442 0.043711 0.038363 0.021090 0.001350 0.350538 0.010506 2.549711
0.534485 0.043707 0.038290 0.021100 0.001348 0.350548 0.010523 2.553971
0.534739 0.043594 0.038331 0.021154 0.001348 0.350285 0.010549 2.558269
0.534844 0.043543 0.038385 0.021133 0.001348 0.350184 0.010563 2.562523
0.535114 0.043544 0.038323 0.021053 0.001349 0.350039 0.010576 2.566678
0.535318 0.043461 0.038305 0.021046 0.001365 0.349916 0.010589 2.570923
0.535452 0.043495 0.038322 0.021080 0.001366 0.349679 0.010604 2.575203
0.535614 0.043490 0.038390 0.021161 0.001365 0.349355 0.010626 2.579495
0.535726 0.043521 0.038374 0.021175 0.001369 0.349197 0.010640 2.583728
0.535873 0.043542 0.038342 0.021164 0.001372 0.349052 0.010654 2.587939
0.535999 0.043583 0.038352 0.021136 0.001371 0.348887 0.010672 2.592148
0.535976 0.043648 0.038377 0.021165 0.001359 0.348787 0.010689 2.596415
0.536041 0.043712 0.038358 0.021132 0.001358 0.348688 0.010711 2.600681
0.536179 0.043815 0.038397 0.021089 0.001371 0.348423 0.010727 2.604884
0.536185 0.043778 0.038412 0.021108 0.001365 0.348410 0.010741 2.609214
0.536306 0.043835 0.038420 0.021041 0.001370 0.348273 0.010754 2.613429
0.536346 0.043799 0.038505 0.021062 0.001356 0.348155 0.010776 2.617756
0.536292 0.043886 0.038688 0.021032 0.001360 0.347950 0.010794 2.622060
0.536272 0.043944 0.038663 0.021027 0.001357 0.347930 0.010808 2.626332
0.536267 0.043955 0.038730 0.021073 0.001360 0.347794 0.010822 2.630675
0.536311 0.043942 0.038713 0.021038 0.001365 0.347797 0.010835 2.634963
0.536432 0.043945 0.038823 0.021057 0.001368 0.347524 0.010853 2.639218
0.536536 0.044044 0.038771 0.021056 0.001361 0.347362 0.010871 2.643407
0.536664 0.043989 0.038734 0.021134 0.001354 0.347238 0.010888 2.647709
0.536635 0.044004 0.038783 0.021115 0.001352 0.347208 0.010904 2.652042
0.536508 0.044082 0.038803 0.021136 0.001349 0.347199 0.010923 2.656403
0.536480 0.044171 0.038917 0.021113 0.001345 0.347033 0.010939 2.660705
0.536460 0.044175 0.038921 0.021079 0.001340 0.347067 0.010958 2.665036
0.536441 0.044175 0.038855 0.021146 0.001330 0.347078 0.010976 2.669333
0.536542 0.044170 0.038907 0.021127 0.001325 0.346938 0.010992 2.673652
0.536574 0.044044 0.038922 0.021106 0.001325 0.347018 0.011011 2.678038
0.536545 0.044151 0.038896 0.021031 0.001326 0.347025 0.011025 2.682270
0.536681 0.044039 0.038946 0.021052 0.001323 0.346920 0.011040 2.686654
0.536610 0.044176 0.038909 0.021005 0.001321 0.346921 0.011058 2.690899
0.536627 0.044151 0.038937 0.021050 0.001332 0.346831 0.011072 2.695264
0.536629 0.044122 0.038964 0.021087 0.001340 0.346772 0.011085 2.699602
0.536636 0.044131 0.038994 0.021120 0.001341 0.346674 0.011107 2.703961
0.536539 0.044091 0.039044 0.021178 0.001342 0.346683 0.011124 2.708379
0.536562 0.044046 0.038990 0.021216 0.001341 0.346702 0.011143 2.712714
0.536582 0.044041 0.039030 0.021174 0.001344 0.346673 0.011156 2.717037
0.536585 0.044046 0.039026 0.021145 0.001345 0.346681 0.011173 2.721318
0.536633 0.043979 0.039108 0.021125 0.001339 0.346626 0.011190 2.725640
0.536534 0.044003 0.039142 0.021161 0.001328 0.346618 0.011215 2.729993
0.536588 0.043935 0.039184 0.021143 0.001338 0.346581 0.011231 2.734332
0.536582 0.043916 0.039152 0.021156 0.001339 0.346603 0.011251 2.738650
0.536657 0.044002 0.039160 0.021137 0.001345 0.346431 0.011268 2.742882
0.536699 0.043957 0.039169 0.021151 0.001341 0.346398 0.011286 2.747206
0.536824 0.043984 0.039097 0.021118 0.001341 0.346328 0.011309 2.751423
0.536797 0.044061 0.039012 0.021132 0.001342 0.346331 0.011326 2.755690
0.536830 0.044041 0.039007 0.021216 0.001342 0.346223 0.011343 2.760022
0.536853 0.044031 0.039027 0.021182 0.001342 0.346207 0.011359 2.764336
0.536951 0.043969 0.039014 0.021226 0.001336 0.346125 0.011379 2.768675
0.537033 0.043942 0.038996 0.021228 0.001324 0.346083 0.011395 2.772965
0.537093 0.043902 0.038990 0.021204 0.001320 0.346079 0.011413 2.777278
0.537043 0.044007 0.039005 0.021193 0.001323 0.346002 0.011427 2.781566
0.536953 0.044018 0.038998 0.021213 0.001323 0.346051 0.011445 2.785948
0.536970 0.044054 0.039065 0.021171 0.001318 0.345961 0.011460 2.790278
0.536876 0.044111 0.039072 0.021212 0.001319 0.345935 0.011475 2.794589
0.536905 0.044138 0.039135 0.021276 0.001321 0.345730 0.011494 2.798911
0.536913 0.044182 0.039120 0.021285 0.001306 0.345680 0.011514 2.803180
0.536916 0.044177 0.039205 0.021282 0.001309 0.345580 0.011531 2.807517
0.536766 0.044285 0.039174 0.021251 0.001302 0.345673 0.011549 2.811799
0.536782 0.044152 0.039217 0.021315 0.001300 0.345673 0.011561 2.816215
0.536732 0.044326 0.039185 0.021283 0.001300 0.345600 0.011576 2.820426
0.536773 0.044133 0.039266 0.021297 0.001289 0.345645 0.011597 2.824840
0.536748 0.044070 0.039237 0.021265 0.001294 0.345774 0.011612 2.829186
0.536794 0.044042 0.039212 0.021279 0.001294 0.345754 0.011625 2.833491
0.536779 0.044077 0.039175 0.021327 0.001306 0.345695 0.011642 2.837807
0.536758 0.044073 0.039159 0.021302 0.001311 0.345742 0.011656 2.842099
0.536803 0.044080 0.039135 0.021256 0.001313 0.345741 0.011673 2.846357
0.536824 0.044024 0.039129 0.021253 0.001311 0.345762 0.011697 2.850672
0.536856 0.043947 0.039164 0.021270 0.001315 0.345732 0.011717 2.855044
0.537008 0.043797 0.039257 0.021239 0.001307 0.345660 0.011733 2.859436
0.536958 0.043735 0.039252 0.021323 0.001301 0.345677 0.011755 2.863788
0.536926 0.043762 0.039244 0.021255 0.001313 0.345729 0.011771 2.868083
0.537010 0.043709 0.039258 0.021197 0.001324 0.345716 0.011787 2.872383
0.537082 0.043772 0.039239 0.021254 0.001334 0.345515 0.011804 2.876617
0.536978 0.043873 0.039170 0.021246 0.001342 0.345572 0.011820 2.880851
0.536902 0.043832 0.039271 0.021336 0.001341 0.345477 0.011842 2.885284
0.536886 0.043775 0.039162 0.021366 0.001350 0.345599 0.011861 2.889636
0.536986 0.043714 0.039094 0.021362 0.001354 0.345610 0.011881 2.893926
0.537034 0.043670 0.039095 0.021311 0.001340 0.345651 0.011901 2.898220
0.536957 0.043651 0.039072 0.021286 0.001333 0.345784 0.011917 2.902584
0.537084 0.043565 0.039080 0.021279 0.001337 0.345725 0.011932 2.906871
0.537192 0.043509 0.039087 0.021284 0.001329 0.345650 0.011950 2.911187
0.537276 0.043540 0.039036 0.021277 0.001336 0.345570 0.011964 2.915428
0.537122 0.043688 0.038980 0.021240 0.001347 0.345641 0.011982 2.919636
0.537233 0.043626 0.039055 0.021188 0.001341 0.345558 0.011999 2.923919
0.537254 0.043631 0.039047 0.021186 0.001347 0.345520 0.012016 2.928208
0.537224 0.043638 0.039101 0.021244 0.001328 0.345427 0.012039 2.932532
0.537274 0.043627 0.039107 0.021227 0.001328 0.345381 0.012055 2.936787
0.537207 0.043684 0.039098 0.021207 0.001323 0.345409 0.012072 2.941050
0.537116 0.043727 0.039090 0.021171 0.001318 0.345483 0.012094 2.945351
0.537171 0.043792 0.039062 0.021140 0.001335 0.345390 0.012111 2.949597
0.537222 0.043801 0.039003 0.021089 0.001338 0.345423 0.012125 2.953841
0.537189 0.043818 0.038962 0.021091 0.001338 0.345463 0.012140 2.958134
0.537114 0.043878 0.039001 0.021061 0.001338 0.345451 0.012156 2.962434
0.537131 0.043810 0.039047 0.021109 0.001335 0.345399 0.012169 2.966804
0.537194 0.043703 0.039017 0.021145 0.001337 0.345418 0.012185 2.971118
0.537254 0.043782 0.038987 0.021140 0.001341 0.345298 0.012197 2.975327
0.537258 0.043752 0.039061 0.021169 0.001346 0.345202 0.012213 2.979653
0.537290 0.043750 0.039045 0.021111 0.001338 0.345234 0.012234 2.983883
0.537413 0.043789 0.039000 0.021083 0.001340 0.345126 0.012249 2.988122
0.537471 0.043719 0.039080 0.021039 0.001333 0.345092 0.012265 2.992428
0.537534 0.043668 0.039028 0.021052 0.001320 0.345114 0.012284 2.996717
0.537541 0.043722 0.039061 0.021075 0.001312 0.344986 0.012303 3.000975
0.537571 0.043790 0.039039 0.020986 0.001307 0.344985 0.012322 3.005145
0.537586 0.043740 0.039006 0.020993 0.001294 0.345039 0.012340 3.009434
0.537600 0.043832 0.038919 0.021027 0.001292 0.344970 0.012360 3.013651
0.537481 0.043919 0.038870 0.021035 0.001289 0.345032 0.012375 3.017940
0.537561 0.043862 0.038921 0.021038 0.001295 0.344935 0.012388 3.022236
0.537525 0.043861 0.038942 0.021014 0.001294 0.344959 0.012405 3.026529
0.537546 0.043854 0.038895 0.021013 0.001296 0.344974 0.012423 3.030825
0.537523 0.043914 0.038845 0.021008 0.001301 0.344967 0.012442 3.035134
0.537527 0.043836 0.038905 0.021005 0.001308 0.344960 0.012458 3.039452
0.537603 0.043744 0.038827 0.021029 0.001307 0.345012 0.012477 3.043721
0.537623 0.043733 0.038789 0.021054 0.001304 0.344999 0.012499 3.047974
0.537653 0.043730 0.038746 0.021090 0.001308 0.344960 0.012514 3.052194
0.537674 0.043621 0.038734 0.021169 0.001303 0.344967 0.012532 3.056568
0.537756 0.043507 0.038787 0.021132 0.001300 0.344972 0.012547 3.060880
0.537824 0.043562 0.038786 0.021179 0.001301 0.344786 0.012562 3.065098
0.537874 0.043573 0.038805 0.021212 0.001311 0.344647 0.012579 3.069404
0.537911 0.043604 0.038720 0.021206 0.001306 0.344649 0.012602 3.073647
0.537972 0.043617 0.038720 0.021189 0.001303 0.344579 0.012620 3.077881
0.538102 0.043526 0.038702 0.021216 0.001307 0.344516 0.012633 3.082179
0.538173 0.043530 0.038641 0.021242 0.001300 0.344461 0.012653 3.086407
0.538136 0.043563 0.038661 0.021248 0.001298 0.344424 0.012671 3.090680
0.538168 0.043490 0.038660 0.021258 0.001300 0.344436 0.012687 3.094966
0.538145 0.043491 0.038632 0.021248 0.001301 0.344476 0.012708 3.099211
0.538202 0.043522 0.038570 0.021210 0.001297 0.344476 0.012724 3.103409
0.538192 0.043449 0.038648 0.021223 0.001293 0.344458 0.012739 3.107702
0.538231 0.043481 0.038585 0.021205 0.001294 0.344448 0.012758 3.111936
0.538311 0.043489 0.038542 0.021130 0.001311 0.344449 0.012768 3.116179
0.538386 0.043502 0.038573 0.021135 0.001309 0.344309 0.012786 3.120444
0.538486 0.043431 0.038603 0.021122 0.001314 0.344246 0.012798 3.124730
0.538655 0.043308 0.038682 0.021026 0.001302 0.344211 0.012816 3.129022
0.538751 0.043212 0.038701 0.021073 0.001300 0.344126 0.012837 3.133311
0.538818 0.043122 0.038746 0.021004 0.001309 0.344147 0.012855 3.137575
0.538876 0.043223 0.038642 0.021005 0.001309 0.344070 0.012875 3.141732
0.538936 0.043167 0.038683 0.021006 0.001316 0.344002 0.012889 3.145997
0.539019 0.043127 0.038675 0.020956 0.001305 0.344008 0.012909 3.150239
0.539111 0.043066 0.038618 0.020989 0.001304 0.343990 0.012924 3.154499
0.539152 0.043095 0.038580 0.020927 0.001303 0.344000 0.012944 3.158690
0.539345 0.042997 0.038583 0.020937 0.001309 0.343874 0.012956 3.162918
0.539532 0.042996 0.038565 0.020914 0.001315 0.343709 0.012971 3.167122
0.539574 0.043020 0.038537 0.020881 0.001310 0.343686 0.012992 3.171307
0.539636 0.043028 0.038545 0.020879 0.001318 0.343587 0.013006 3.175521
0.539648 0.043050 0.038478 0.020874 0.001331 0.343599 0.013020 3.179731
0.539744 0.043010 0.038517 0.020872 0.001342 0.343479 0.013036 3.183927
0.539714 0.043116 0.038495 0.020857 0.001346 0.343423 0.013050 3.188128
0.539719 0.043139 0.038501 0.020905 0.001351 0.343322 0.013063 3.192362
0.539779 0.043229 0.038391 0.020961 0.001336 0.343222 0.013083 3.196525
0.539792 0.043234 0.038455 0.020957 0.001325 0.343133 0.013104 3.200794
0.539849 0.043204 0.038507 0.020832 0.001330 0.343162 0.013117 3.205055
0.539829 0.043257 0.038554 0.020813 0.001337 0.343077 0.013134 3.209314
0.539930 0.043234 0.038502 0.020848 0.001328 0.343006 0.013152 3.213561
0.539973 0.043252 0.038473 0.020873 0.001319 0.342941 0.013169 3.217779
0.539975 0.043390 0.038405 0.020889 0.001329 0.342830 0.013183 3.221980
0.540079 0.043418 0.038363 0.020868 0.001322 0.342754 0.013197 3.226164
0.540118 0.043393 0.038348 0.020907 0.001325 0.342699 0.013210 3.230439
0.540174 0.043495 0.038328 0.020832 0.001316 0.342625 0.013230 3.234575
0.540190 0.043532 0.038386 0.020748 0.001308 0.342588 0.013248 3.238820
0.540137 0.043579 0.038405 0.020777 0.001302 0.342538 0.013262 3.243104
0.540241 0.043585 0.038368 0.020780 0.001299 0.342442 0.013284 3.247302
0.540384 0.043518 0.038410 0.020773 0.001293 0.342320 0.013302 3.251591
0.540339 0.043592 0.038421 0.020767 0.001293 0.342268 0.013321 3.255841
0.540317 0.043651 0.038466 0.020763 0.001296 0.342168 0.013340 3.260131
0.540279 0.043723 0.038397 0.020809 0.001293 0.342142 0.013358 3.264379
0.540298 0.043771 0.038447 0.020842 0.001292 0.341977 0.013373 3.268615
0.540126 0.043927 0.038431 0.020828 0.001291 0.342009 0.013388 3.272860
0.540187 0.043864 0.038564 0.020822 0.001303 0.341859 0.013401 3.277166
0.540135 0.043795 0.038587 0.020874 0.001302 0.341890 0.013417 3.281495
0.540093 0.043786 0.038550 0.020918 0.001309 0.341910 0.013435 3.285717
0.540143 0.043709 0.038603 0.020928 0.001321 0.341846 0.013450 3.290015
0.540106 0.043712 0.038583 0.020975 0.001322 0.341839 0.013464 3.294303
0.540139 0.043769 0.038573 0.020937 0.001324 0.341778 0.013480 3.298531
0.540057 0.043780 0.038612 0.020949 0.001334 0.341774 0.013493 3.302869
0.540030 0.043685 0.038604 0.020934 0.001325 0.341913 0.013510 3.307205
0.540051 0.043649 0.038642 0.020948 0.001328 0.341856 0.013526 3.311466
0.540062 0.043608 0.038674 0.021008 0.001335 0.341770 0.013542 3.315759
0.540159 0.043546 0.038678 0.021055 0.001338 0.341668 0.013557 3.320032
0.540144 0.043484 0.038755 0.021128 0.001337 0.341577 0.013576 3.324394
0.540199 0.043473 0.038705 0.021128 0.001337 0.341567 0.013591 3.328569
0.540126 0.043492 0.038709 0.021086 0.001347 0.341636 0.013604 3.332851
0.540040 0.043504 0.038753 0.021119 0.001336 0.341618 0.013629 3.337188
0.540062 0.043483 0.038721 0.021138 0.001323 0.341626 0.013648 3.341444
0.540120 0.043437 0.038666 0.021133 0.001326 0.341658 0.013662 3.345737
0.540113 0.043473 0.038656 0.021115 0.001319 0.341643 0.013683 3.349965
0.540081 0.043485 0.038647 0.021158 0.001324 0.341611 0.013696 3.354241
0.540080 0.043580 0.038605 0.021138 0.001317 0.341570 0.013711 3.358481
0.539973 0.043620 0.038698 0.021111 0.001312 0.341557 0.013728 3.362764
0.539906 0.043642 0.038718 0.021035 0.001306 0.341649 0.013745 3.367025
0.539938 0.043553 0.038748 0.021099 0.001309 0.341593 0.013759 3.371340
0.539872 0.043595 0.038770 0.021051 0.001319 0.341616 0.013777 3.375600
0.539869 0.043608 0.038757 0.021015 0.001333 0.341625 0.013792 3.379843
0.539814 0.043599 0.038735 0.021025 0.001334 0.341685 0.013808 3.384114
0.539697 0.043556 0.038794 0.021016 0.001337 0.341780 0.013821 3.388448
0.539677 0.043481 0.038820 0.021046 0.001332 0.341812 0.013833 3.392766
0.539829 0.043415 0.038777 0.021056 0.001337 0.341731 0.013856 3.397038
0.539804 0.043425 0.038766 0.021060 0.001332 0.341745 0.013868 3.401250
0.539785 0.043539 0.038653 0.021028 0.001326 0.341781 0.013890 3.405402
0.539845 0.043457 0.038671 0.021019 0.001330 0.341773 0.013905 3.409742
0.539741 0.043427 0.038672 0.021036 0.001344 0.341858 0.013921 3.414062
0.539647 0.043508 0.038729 0.020978 0.001336 0.341865 0.013938 3.418293
0.539732 0.043494 0.038625 0.020968 0.001328 0.341900 0.013953 3.422527
0.539879 0.043438 0.038507 0.021053 0.001341 0.341815 0.013968 3.426779
0.539961 0.043481 0.038527 0.021030 0.001354 0.341665 0.013981 3.430949
0.539962 0.043524 0.038552 0.021083 0.001358 0.341525 0.013997 3.435236
0.539932 0.043556 0.038630 0.021032 0.001365 0.341470 0.014015 3.439501
0.539915 0.043570 0.038688 0.021007 0.001369 0.341423 0.014029 3.443747
0.539953 0.043500 0.038735 0.020992 0.001357 0.341417 0.014047 3.448024
0.539870 0.043482 0.038781 0.021008 0.001344 0.341450 0.014066 3.452355
0.539899 0.043536 0.038789 0.020982 0.001341 0.341369 0.014085 3.456570
0.539962 0.043438 0.038850 0.020940 0.001342 0.341373 0.014095 3.460847
0.539968 0.043448 0.038814 0.020943 0.001334 0.341380 0.014113 3.465107
0.540047 0.043398 0.038747 0.020999 0.001341 0.341342 0.014126 3.469345
0.539940 0.043550 0.038705 0.021021 0.001347 0.341296 0.014141 3.473581
0.539928 0.043513 0.038698 0.021062 0.001353 0.341291 0.014155 3.477851
0.539932 0.043524 0.038679 0.021046 0.001359 0.341292 0.014168 3.482105
0.540005 0.043512 0.038574 0.021064 0.001367 0.341297 0.014181 3.486311
0.539952 0.043436 0.038609 0.021077 0.001365 0.341363 0.014197 3.490624
0.539944 0.043504 0.038557 0.021003 0.001378 0.341403 0.014210 3.494808
0.539998 0.043430 0.038665 0.021018 0.001379 0.341283 0.014228 3.499123
0.540006 0.043417 0.038727 0.021037 0.001365 0.341199 0.014249 3.503392
0.539987 0.043534 0.038675 0.021025 0.001366 0.341148 0.014265 3.507558
0.540005 0.043564 0.038712 0.020953 0.001360 0.341118 0.014287 3.511769
0.539971 0.043536 0.038750 0.020982 0.001349 0.341103 0.014309 3.516049
0.539937 0.043600 0.038745 0.020989 0.001347 0.341055 0.014326 3.520313
0.539890 0.043609 0.038773 0.020997 0.001346 0.341042 0.014345 3.524572
0.540043 0.043542 0.038730 0.021012 0.001351 0.340960 0.014363 3.528866
0.540073 0.043584 0.038670 0.021008 0.001353 0.340928 0.014383 3.533083
0.540074 0.043599 0.038767 0.020977 0.001345 0.340840 0.014398 3.537356
0.540139 0.043549 0.038730 0.020986 0.001339 0.340840 0.014415 3.541640
0.540093 0.043648 0.038781 0.020979 0.001349 0.340721 0.014430 3.545917
0.540220 0.043641 0.038771 0.021011 0.001349 0.340560 0.014448 3.550169
0.540290 0.043621 0.038762 0.020984 0.001349 0.340526 0.014469 3.554411
0.540271 0.043654 0.038763 0.021006 0.001349 0.340465 0.014491 3.558698
0.540238 0.043655 0.038796 0.020974 0.001357 0.340471 0.014509 3.562942
0.540038 0.043691 0.038743 0.021034 0.001356 0.340615 0.014524 3.567294
0.539962 0.043722 0.038719 0.021015 0.001350 0.340689 0.014544 3.571546
0.539958 0.043721 0.038774 0.021008 0.001350 0.340626 0.014564 3.575813
0.539961 0.043717 0.038779 0.020994 0.001343 0.340626 0.014581 3.580092
0.539862 0.043726 0.038773 0.020976 0.001341 0.340712 0.014610 3.584360
0.539890 0.043687 0.038816 0.020966 0.001335 0.340681 0.014624 3.588651
0.539849 0.043632 0.038820 0.021030 0.001325 0.340702 0.014642 3.593017
0.539820 0.043635 0.038795 0.021091 0.001327 0.340673 0.014660 3.597323
0.539720 0.043772 0.038742 0.021059 0.001325 0.340705 0.014677 3.601541
0.539650 0.043840 0.038779 0.021068 0.001328 0.340644 0.014692 3.605808
0.539531 0.043885 0.038760 0.021100 0.001336 0.340679 0.014709 3.610106
0.539468 0.043840 0.038833 0.021112 0.001332 0.340690 0.014727 3.614439
0.539417 0.043781 0.038880 0.021112 0.001329 0.340740 0.014741 3.618780
0.539430 0.043798 0.038859 0.021130 0.001329 0.340696 0.014758 3.623059
0.539261 0.043916 0.038897 0.021113 0.001322 0.340713 0.014778 3.627306
0.539269 0.043801 0.038908 0.021160 0.001320 0.340747 0.014795 3.631644
0.539220 0.043801 0.038909 0.021173 0.001316 0.340772 0.014810 3.635960
0.539126 0.043834 0.038925 0.021101 0.001336 0.340851 0.014828 3.640248
0.538932 0.043883 0.038972 0.021057 0.001353 0.340960 0.014843 3.644549
0.538881 0.044000 0.038888 0.021058 0.001354 0.340958 0.014860 3.648734
0.538849 0.044105 0.038835 0.020990 0.001356 0.340984 0.014881 3.652903
0.538757 0.044118 0.038811 0.020982 0.001346 0.341084 0.014902 3.657193
0.538729 0.044035 0.038858 0.020977 0.001354 0.341130 0.014918 3.661531
0.538702 0.044008 0.038801 0.020941 0.001345 0.341267 0.014936 3.665807
0.538613 0.044011 0.038860 0.020967 0.001354 0.341243 0.014951 3.670138
0.538695 0.043943 0.038971 0.020940 0.001337 0.341145 0.014969 3.674449
0.538669 0.043841 0.039067 0.020991 0.001342 0.341109 0.014982 3.678861
0.538651 0.043816 0.039105 0.021057 0.001335 0.341034 0.015002 3.683158
0.538588 0.043672 0.039236 0.021100 0.001326 0.341059 0.015018 3.687541
0.538554 0.043616 0.039246 0.021057 0.001333 0.341160 0.015035 3.691842
0.538643 0.043507 0.039219 0.021050 0.001346 0.341189 0.015047 3.696135
0.538622 0.043565 0.039196 0.021057 0.001355 0.341144 0.015061 3.700378
0.538669 0.043494 0.039182 0.021092 0.001359 0.341130 0.015075 3.704684
0.538623 0.043613 0.039060 0.021036 0.001355 0.341219 0.015094 3.708851
0.538550 0.043625 0.039043 0.021017 0.001359 0.341298 0.015108 3.713129
0.538520 0.043673 0.038998 0.021004 0.001357 0.341321 0.015128 3.717342
0.538604 0.043677 0.039041 0.020965 0.001353 0.341216 0.015144 3.721633
0.538639 0.043663 0.039048 0.020917 0.001350 0.341222 0.015161 3.725910
0.538490 0.043695 0.039018 0.020927 0.001346 0.341346 0.015177 3.730190
0.538522 0.043634 0.039011 0.020943 0.001347 0.341346 0.015196 3.734463
0.538470 0.043544 0.039054 0.020985 0.001331 0.341403 0.015212 3.738791
0.538400 0.043624 0.039017 0.021026 0.001337 0.341371 0.015226 3.743066
0.538463 0.043619 0.038982 0.021074 0.001338 0.341287 0.015238 3.747371
0.538343 0.043674 0.038942 0.021029 0.001345 0.341413 0.015254 3.751604
0.538342 0.043673 0.038903 0.020996 0.001360 0.341458 0.015267 3.755869
0.538313 0.043585 0.038906 0.021039 0.001355 0.341521 0.015280 3.760186
0.538431 0.043469 0.038897 0.021025 0.001347 0.341538 0.015294 3.764474
0.538557 0.043359 0.038917 0.021038 0.001346 0.341470 0.015313 3.768798
0.538578 0.043396 0.038901 0.020976 0.001349 0.341475 0.015325 3.772981
0.538562 0.043443 0.038850 0.020980 0.001350 0.341467 0.015348 3.777186
0.538729 0.043416 0.038832 0.020942 0.001346 0.341366 0.015370 3.781435
0.538737 0.043329 0.038877 0.021032 0.001345 0.341301 0.015380 3.785750
0.538721 0.043393 0.038744 0.021032 0.001347 0.341360 0.015403 3.789913
0.538732 0.043313 0.038820 0.020975 0.001335 0.341408 0.015418 3.794232
0.538830 0.043255 0.038789 0.020952 0.001349 0.341387 0.015439 3.798484
0.538881 0.043229 0.038789 0.020940 0.001341 0.341364 0.015455 3.802763
0.538923 0.043166 0.038785 0.020924 0.001355 0.341381 0.015466 3.807034
0.538853 0.043295 0.038685 0.020931 0.001351 0.341404 0.015481 3.811195
0.538850 0.043339 0.038621 0.020942 0.001351 0.341403 0.015494 3.815425
0.538941 0.043276 0.038559 0.020931 0.001341 0.341440 0.015512 3.819651
0.538846 0.043354 0.038544 0.020978 0.001339 0.341412 0.015527 3.823868
0.538878 0.043337 0.038498 0.021008 0.001331 0.341405 0.015543 3.828138
0.538960 0.043318 0.038504 0.021044 0.001329 0.341287 0.015558 3.832395
0.538979 0.043267 0.038544 0.021020 0.001326 0.341291 0.015573 3.836698
0.539005 0.043166 0.038552 0.021027 0.001327 0.341332 0.015590 3.841024
0.539099 0.043150 0.038489 0.020946 0.001334 0.341374 0.015608 3.845233
0.539209 0.043082 0.038468 0.020997 0.001341 0.341279 0.015624 3.849451
0.539209 0.043088 0.038472 0.020961 0.001352 0.341281 0.015636 3.853714
0.539333 0.043012 0.038542 0.020887 0.001341 0.341229 0.015654 3.857947
0.539345 0.042923 0.038503 0.020961 0.001339 0.341258 0.015671 3.862218
0.539357 0.042934 0.038567 0.020933 0.001343 0.341177 0.015688 3.866464
0.539376 0.042969 0.038602 0.020876 0.001336 0.341135 0.015705 3.870683
0.539472 0.042957 0.038558 0.020887 0.001344 0.341061 0.015721 3.874893
0.539401 0.043026 0.038576 0.020856 0.001346 0.341053 0.015742 3.879107
0.539421 0.042948 0.038602 0.020957 0.001348 0.340969 0.015755 3.883430
0.539468 0.042966 0.038639 0.020896 0.001346 0.340912 0.015773 3.887618
0.539451 0.042994 0.038571 0.020889 0.001350 0.340960 0.015784 3.891825
0.539438 0.043064 0.038590 0.020867 0.001346 0.340892 0.015803 3.895987
0.539491 0.043012 0.038614 0.020832 0.001346 0.340888 0.015818 3.900205
0.539559 0.042943 0.038549 0.020819 0.001355 0.340942 0.015833 3.904449
0.539534 0.042989 0.038481 0.020805 0.001341 0.340997 0.015852 3.908619
0.539530 0.042977 0.038438 0.020861 0.001351 0.340975 0.015869 3.912866
0.539482 0.043062 0.038368 0.020783 0.001346 0.341073 0.015886 3.917019
0.539448 0.043018 0.038353 0.020828 0.001343 0.341107 0.015902 3.921262
0.539494 0.042972 0.038385 0.020821 0.001348 0.341061 0.015919 3.925505
0.539627 0.042966 0.038367 0.020795 0.001348 0.340962 0.015935 3.929692
0.539741 0.042926 0.038366 0.020766 0.001359 0.340891 0.015952 3.933909
0.539746 0.042915 0.038284 0.020777 0.001365 0.340947 0.015966 3.938127
0.539874 0.042758 0.038341 0.020776 0.001364 0.340903 0.015983 3.942401
0.539895 0.042744 0.038345 0.020808 0.001351 0.340855 0.016002 3.946600
0.539994 0.042691 0.038348 0.020814 0.001367 0.340766 0.016021 3.950797
0.539931 0.042828 0.038319 0.020742 0.001371 0.340773 0.016036 3.954945
0.539991 0.042755 0.038377 0.020749 0.001368 0.340708 0.016051 3.959244
0.540083 0.042736 0.038411 0.020675 0.001368 0.340662 0.016066 3.963462
0.540129 0.042690 0.038435 0.020708 0.001371 0.340590 0.016078 3.967698
0.540200 0.042663 0.038405 0.020667 0.001368 0.340600 0.016098 3.971890
0.540147 0.042700 0.038389 0.020656 0.001367 0.340632 0.016111 3.976123
0.540200 0.042701 0.038361 0.020682 0.001352 0.340571 0.016134 3.980301
0.540229 0.042750 0.038260 0.020665 0.001358 0.340590 0.016148 3.984454
0.540251 0.042857 0.038249 0.020689 0.001351 0.340432 0.016171 3.988632
