0.348422 0.063410 0.056406 0.032469 0.002077 0.491189 0.006027 1.599195
0.350334 0.061478 0.056342 0.032369 0.002088 0.491344 0.006046 1.605377
0.353075 0.059047 0.056177 0.032189 0.002085 0.491350 0.006077 1.611265
0.356003 0.056581 0.055864 0.031836 0.002085 0.491523 0.006109 1.616887
0.359244 0.054028 0.055462 0.031405 0.002085 0.491637 0.006138 1.622319
0.362802 0.051469 0.054898 0.030997 0.002105 0.491577 0.006153 1.627507
0.366610 0.049005 0.054211 0.030457 0.002103 0.491434 0.006179 1.632406
0.370318 0.046655 0.053442 0.029920 0.002094 0.491362 0.006208 1.637073
0.374105 0.044514 0.052604 0.029278 0.002081 0.491182 0.006235 1.641500
0.378047 0.042444 0.051630 0.028648 0.002059 0.490908 0.006264 1.645672
0.382157 0.040427 0.050681 0.027971 0.002043 0.490427 0.006295 1.649733
0.386282 0.038490 0.049608 0.027297 0.002030 0.489970 0.006323 1.653615
0.390503 0.036682 0.048451 0.026669 0.002031 0.489318 0.006347 1.657307
0.394776 0.035039 0.047333 0.026068 0.002020 0.488386 0.006377 1.660837
0.399036 0.033421 0.046183 0.025364 0.002014 0.487580 0.006404 1.664210
0.403275 0.031901 0.045097 0.024671 0.001997 0.486624 0.006434 1.667470
0.407679 0.030526 0.043923 0.024017 0.001993 0.485411 0.006451 1.670549
0.412083 0.029258 0.042752 0.023288 0.001983 0.484159 0.006477 1.673500
0.416375 0.028078 0.041582 0.022622 0.001965 0.482881 0.006498 1.676298
0.420829 0.026927 0.040480 0.021966 0.001960 0.481322 0.006516 1.678995
0.425417 0.025855 0.039376 0.021271 0.001933 0.479604 0.006544 1.681631
0.429738 0.024956 0.038254 0.020628 0.001918 0.477938 0.006567 1.684110
0.434159 0.024118 0.037087 0.019959 0.001895 0.476197 0.006586 1.686473
0.438638 0.023270 0.035911 0.019354 0.001887 0.474330 0.006611 1.688817
0.443127 0.022528 0.034822 0.018745 0.001876 0.472268 0.006633 1.690993
0.447588 0.021922 0.033714 0.018093 0.001851 0.470176 0.006656 1.693063
0.452052 0.021164 0.032717 0.017515 0.001823 0.468053 0.006675 1.695196
0.456540 0.020499 0.031809 0.016935 0.001797 0.465717 0.006703 1.697235
0.461033 0.019900 0.030881 0.016434 0.001781 0.463246 0.006724 1.699222
0.465338 0.019360 0.029995 0.015911 0.001755 0.460891 0.006750 1.701150
0.469807 0.018742 0.029192 0.015475 0.001737 0.458280 0.006768 1.703068
0.474162 0.018268 0.028370 0.014993 0.001695 0.455723 0.006789 1.704908
0.478470 0.017825 0.027566 0.014509 0.001665 0.453154 0.006811 1.706662
0.482890 0.017411 0.026787 0.014089 0.001631 0.450357 0.006833 1.708396
0.487185 0.017082 0.025994 0.013570 0.001609 0.447706 0.006853 1.710026
0.491533 0.016702 0.025324 0.013166 0.001591 0.444816 0.006870 1.711676
0.495750 0.016338 0.024611 0.012777 0.001564 0.442070 0.006890 1.713308
0.500018 0.016012 0.023916 0.012381 0.001537 0.439230 0.006906 1.714880
0.504325 0.015699 0.023308 0.012033 0.001505 0.436204 0.006926 1.716444
0.508450 0.015438 0.022688 0.011689 0.001484 0.433308 0.006943 1.717958
0.512623 0.015147 0.022092 0.011403 0.001458 0.430318 0.006960 1.719484
0.516628 0.014965 0.021516 0.011057 0.001424 0.427429 0.006982 1.720924
0.520736 0.014664 0.020977 0.010761 0.001387 0.424469 0.007006 1.722416
0.524757 0.014424 0.020476 0.010503 0.001360 0.421454 0.007026 1.723876
0.528800 0.014189 0.019969 0.010244 0.001334 0.418422 0.007043 1.725278
0.532836 0.014007 0.019499 0.009966 0.001306 0.415326 0.007060 1.726673
0.536767 0.013812 0.019012 0.009739 0.001279 0.412314 0.007078 1.728067
0.540684 0.013652 0.018552 0.009493 0.001247 0.409276 0.007096 1.729417
0.544702 0.013440 0.018154 0.009257 0.001215 0.406123 0.007111 1.730755
0.548518 0.013285 0.017829 0.009034 0.001182 0.403022 0.007131 1.732094
0.552355 0.013179 0.017388 0.008832 0.001151 0.399946 0.007148 1.733370
0.556175 0.013035 0.017019 0.008643 0.001127 0.396834 0.007168 1.734666
0.560050 0.012896 0.016687 0.008443 0.001108 0.393636 0.007180 1.735948
0.563762 0.012810 0.016332 0.008273 0.001084 0.390542 0.007197 1.737183
0.567447 0.012706 0.016036 0.008143 0.001069 0.387391 0.007208 1.738465
0.571086 0.012613 0.015731 0.008012 0.001047 0.384291 0.007221 1.739721
0.574744 0.012536 0.015441 0.007881 0.001023 0.381136 0.007238 1.740939
0.578307 0.012565 0.015094 0.007766 0.000999 0.378014 0.007255 1.742145
0.581963 0.012471 0.014854 0.007613 0.000981 0.374853 0.007266 1.743378
0.585595 0.012381 0.014604 0.007498 0.000958 0.371684 0.007280 1.744595
0.589051 0.012251 0.014388 0.007377 0.000938 0.368702 0.007293 1.745839
0.592539 0.012198 0.014167 0.007291 0.000916 0.365585 0.007305 1.747042
0.596001 0.012156 0.013918 0.007216 0.000900 0.362494 0.007315 1.748227
0.599473 0.012074 0.013688 0.007099 0.000882 0.359455 0.007329 1.749397
0.602818 0.011995 0.013518 0.007020 0.000863 0.356446 0.007340 1.750592
0.606186 0.011970 0.013357 0.006942 0.000854 0.353341 0.007351 1.751748
0.609475 0.011908 0.013191 0.006877 0.000834 0.350351 0.007363 1.752906
0.612758 0.011857 0.013044 0.006816 0.000812 0.347340 0.007374 1.754094
0.615735 0.011856 0.012912 0.006714 0.000800 0.344596 0.007386 1.755280
0.618926 0.011862 0.012738 0.006628 0.000779 0.341673 0.007394 1.756424
0.622124 0.011869 0.012589 0.006560 0.000766 0.338684 0.007407 1.757555
0.625094 0.011896 0.012447 0.006464 0.000750 0.335933 0.007416 1.758672
0.628088 0.011932 0.012320 0.006404 0.000733 0.333098 0.007425 1.759806
0.631086 0.011913 0.012214 0.006310 0.000722 0.330323 0.007432 1.760952
0.633976 0.011951 0.012156 0.006268 0.000707 0.327500 0.007442 1.762134
0.636904 0.011868 0.012097 0.006241 0.000696 0.324743 0.007451 1.763363
0.639673 0.011884 0.012033 0.006217 0.000686 0.322046 0.007462 1.764544
0.642561 0.011852 0.011947 0.006172 0.000677 0.319320 0.007471 1.765706
0.645448 0.011836 0.011895 0.006121 0.000671 0.316549 0.007480 1.766849
0.648239 0.011866 0.011784 0.006064 0.000657 0.313903 0.007488 1.767988
0.651095 0.011867 0.011720 0.006012 0.000644 0.311160 0.007503 1.769128
0.653832 0.011864 0.011651 0.005954 0.000632 0.308557 0.007511 1.770285
0.656513 0.011856 0.011529 0.005908 0.000629 0.306046 0.007519 1.771430
0.659099 0.011841 0.011519 0.005894 0.000621 0.303503 0.007524 1.772621
0.661705 0.011898 0.011458 0.005896 0.000613 0.300900 0.007529 1.773794
0.664227 0.011937 0.011416 0.005864 0.000606 0.298413 0.007537 1.774982
0.666751 0.011992 0.011347 0.005853 0.000600 0.295913 0.007544 1.776153
0.669203 0.011959 0.011373 0.005844 0.000588 0.293483 0.007551 1.777375
0.671574 0.012006 0.011344 0.005809 0.000581 0.291124 0.007561 1.778544
0.673954 0.012074 0.011297 0.005799 0.000575 0.288739 0.007564 1.779742
0.676293 0.012167 0.011252 0.005787 0.000562 0.286367 0.007572 1.780886
0.678542 0.012203 0.011271 0.005778 0.000555 0.284070 0.007580 1.782122
0.680860 0.012218 0.011272 0.005775 0.000543 0.281742 0.007589 1.783340
0.683118 0.012252 0.011217 0.005778 0.000537 0.279504 0.007594 1.784552
0.685354 0.012348 0.011153 0.005774 0.000528 0.277246 0.007597 1.785761
0.687518 0.012388 0.011157 0.005775 0.000526 0.275034 0.007603 1.787008
0.689639 0.012510 0.011160 0.005759 0.000519 0.272803 0.007610 1.788215
0.691748 0.012634 0.011166 0.005732 0.000508 0.270594 0.007617 1.789405
0.693748 0.012732 0.011169 0.005758 0.000507 0.268463 0.007624 1.790619
0.695683 0.012849 0.011212 0.005771 0.000494 0.266361 0.007631 1.791840
0.697589 0.012933 0.011264 0.005792 0.000495 0.264291 0.007637 1.793096
0.699493 0.013038 0.011280 0.005813 0.000493 0.262241 0.007643 1.794355
0.701441 0.013107 0.011327 0.005852 0.000494 0.260132 0.007647 1.795648
0.703368 0.013219 0.011355 0.005878 0.000489 0.258038 0.007653 1.796936
0.705195 0.013275 0.011423 0.005877 0.000485 0.256085 0.007660 1.798258
0.706994 0.013391 0.011455 0.005850 0.000480 0.254166 0.007665 1.799528
0.708765 0.013521 0.011461 0.005839 0.000477 0.252267 0.007669 1.800809
0.710554 0.013587 0.011538 0.005860 0.000473 0.250314 0.007674 1.802161
0.712248 0.013684 0.011558 0.005877 0.000473 0.248478 0.007683 1.803476
0.713979 0.013790 0.011605 0.005911 0.000471 0.246553 0.007690 1.804804
0.715560 0.013891 0.011637 0.005934 0.000466 0.244815 0.007696 1.806155
0.717162 0.013927 0.011728 0.005978 0.000457 0.243045 0.007705 1.807550
0.718729 0.014025 0.011814 0.006027 0.000451 0.241243 0.007710 1.808939
0.720221 0.014156 0.011894 0.006060 0.000446 0.239506 0.007716 1.810352
0.721705 0.014210 0.012010 0.006078 0.000453 0.237825 0.007720 1.811757
0.723047 0.014378 0.012079 0.006125 0.000448 0.236195 0.007728 1.813150
0.724473 0.014470 0.012155 0.006169 0.000438 0.234561 0.007733 1.814562
0.725828 0.014686 0.012161 0.006215 0.000443 0.232927 0.007739 1.815939
0.727167 0.014803 0.012250 0.006292 0.000435 0.231309 0.007744 1.817397
0.728527 0.014902 0.012326 0.006328 0.000434 0.229732 0.007751 1.818856
0.729802 0.015004 0.012422 0.006381 0.000435 0.228198 0.007757 1.820314
0.730990 0.015145 0.012475 0.006441 0.000435 0.226754 0.007760 1.821793
0.732140 0.015260 0.012573 0.006498 0.000433 0.225329 0.007767 1.823316
0.733347 0.015362 0.012662 0.006539 0.000430 0.223886 0.007774 1.824799
0.734472 0.015467 0.012763 0.006581 0.000427 0.222509 0.007780 1.826354
0.735619 0.015639 0.012823 0.006629 0.000426 0.221079 0.007785 1.827871
0.736747 0.015747 0.012902 0.006691 0.000423 0.219698 0.007791 1.829424
0.737853 0.015904 0.013009 0.006717 0.000428 0.218294 0.007796 1.830953
0.738888 0.016034 0.013066 0.006785 0.000432 0.216995 0.007799 1.832517
0.739968 0.016115 0.013167 0.006836 0.000436 0.215674 0.007803 1.834085
0.740921 0.016258 0.013275 0.006917 0.000432 0.214388 0.007809 1.835706
0.741871 0.016412 0.013350 0.006931 0.000433 0.213190 0.007813 1.837290
0.742849 0.016497 0.013463 0.006990 0.000441 0.211941 0.007818 1.838915
0.743752 0.016657 0.013541 0.007061 0.000443 0.210720 0.007825 1.840515
0.744626 0.016848 0.013601 0.007122 0.000439 0.209532 0.007832 1.842132
0.745431 0.016977 0.013705 0.007181 0.000440 0.208427 0.007838 1.843769
0.746225 0.017197 0.013743 0.007225 0.000440 0.207326 0.007843 1.845367
0.746967 0.017335 0.013909 0.007282 0.000432 0.206222 0.007853 1.847074
0.747679 0.017445 0.014042 0.007358 0.000434 0.205184 0.007858 1.848829
0.748436 0.017607 0.014111 0.007425 0.000435 0.204121 0.007864 1.850488
0.749088 0.017738 0.014253 0.007462 0.000437 0.203152 0.007870 1.852206
0.749714 0.017924 0.014392 0.007493 0.000436 0.202163 0.007878 1.853939
0.750337 0.018023 0.014548 0.007531 0.000439 0.201240 0.007882 1.855715
0.751034 0.018136 0.014631 0.007591 0.000438 0.200281 0.007889 1.857448
0.751626 0.018328 0.014732 0.007615 0.000440 0.199363 0.007895 1.859177
0.752184 0.018428 0.014901 0.007715 0.000444 0.198428 0.007901 1.860999
0.752718 0.018582 0.014977 0.007793 0.000451 0.197575 0.007905 1.862768
0.753226 0.018724 0.015108 0.007840 0.000447 0.196746 0.007910 1.864614
0.753623 0.018897 0.015272 0.007952 0.000447 0.195896 0.007914 1.866482
0.754103 0.019074 0.015344 0.008038 0.000447 0.195076 0.007919 1.868313
0.754559 0.019226 0.015459 0.008077 0.000448 0.194307 0.007926 1.870163
0.754916 0.019370 0.015613 0.008186 0.000452 0.193533 0.007931 1.872061
0.755325 0.019530 0.015742 0.008257 0.000451 0.192759 0.007936 1.873935
0.755598 0.019750 0.015842 0.008325 0.000456 0.192091 0.007938 1.875804
0.755942 0.019903 0.015965 0.008405 0.000456 0.191382 0.007947 1.877739
0.756171 0.020074 0.016032 0.008474 0.000454 0.190843 0.007952 1.879684
0.756428 0.020234 0.016149 0.008530 0.000451 0.190250 0.007959 1.881658
0.756670 0.020372 0.016362 0.008563 0.000459 0.189611 0.007963 1.883656
0.756916 0.020432 0.016556 0.008625 0.000456 0.189048 0.007968 1.885711
0.757067 0.020579 0.016647 0.008686 0.000461 0.188591 0.007972 1.887712
0.757376 0.020705 0.016787 0.008769 0.000459 0.187927 0.007977 1.889716
0.757539 0.020817 0.016892 0.008859 0.000466 0.187444 0.007984 1.891745
0.757713 0.021027 0.017007 0.008897 0.000467 0.186900 0.007990 1.893720
0.757837 0.021154 0.017127 0.008973 0.000466 0.186447 0.007998 1.895772
0.757963 0.021206 0.017309 0.009081 0.000466 0.185971 0.008005 1.897867
0.758093 0.021268 0.017484 0.009152 0.000482 0.185513 0.008010 1.900027
0.758194 0.021402 0.017631 0.009247 0.000479 0.185029 0.008018 1.902148
0.758358 0.021514 0.017726 0.009322 0.000482 0.184573 0.008026 1.904242
0.758407 0.021667 0.017873 0.009410 0.000481 0.184133 0.008029 1.906351
0.758468 0.021783 0.017999 0.009462 0.000494 0.183757 0.008037 1.908490
0.758587 0.021800 0.018154 0.009517 0.000504 0.183393 0.008045 1.910698
0.758596 0.021902 0.018313 0.009592 0.000513 0.183037 0.008049 1.912881
0.758675 0.022021 0.018379 0.009630 0.000512 0.182729 0.008055 1.914990
0.758744 0.022121 0.018500 0.009672 0.000508 0.182392 0.008064 1.917145
0.758792 0.022212 0.018614 0.009742 0.000513 0.182059 0.008069 1.919330
0.758777 0.022308 0.018719 0.009774 0.000509 0.181838 0.008075 1.921490
0.758701 0.022440 0.018852 0.009845 0.000518 0.181564 0.008080 1.923693
0.758567 0.022583 0.018953 0.009834 0.000525 0.181450 0.008088 1.925862
0.758463 0.022704 0.019010 0.009876 0.000522 0.181330 0.008095 1.928064
0.758339 0.022754 0.019136 0.009942 0.000522 0.181206 0.008101 1.930341
0.758266 0.022893 0.019214 0.009951 0.000527 0.181040 0.008109 1.932546
0.758171 0.022959 0.019316 0.009982 0.000526 0.180932 0.008116 1.934821
0.758095 0.023029 0.019410 0.010004 0.000529 0.180810 0.008123 1.937060
0.758072 0.023121 0.019459 0.010021 0.000534 0.180665 0.008127 1.939266
0.758014 0.023125 0.019563 0.010079 0.000533 0.180553 0.008135 1.941556
0.757972 0.023215 0.019650 0.010142 0.000538 0.180344 0.008141 1.943770
0.757814 0.023285 0.019745 0.010189 0.000547 0.180273 0.008148 1.946080
0.757793 0.023307 0.019823 0.010226 0.000558 0.180139 0.008155 1.948342
0.757649 0.023380 0.019875 0.010229 0.000558 0.180150 0.008160 1.950609
0.757603 0.023444 0.019988 0.010263 0.000564 0.179978 0.008163 1.952871
0.757464 0.023504 0.020049 0.010318 0.000563 0.179931 0.008170 1.955185
0.757311 0.023621 0.020162 0.010349 0.000569 0.179814 0.008175 1.957457
0.757240 0.023584 0.020251 0.010417 0.000564 0.179760 0.008185 1.959837
0.757108 0.023631 0.020327 0.010445 0.000565 0.179734 0.008190 1.962159
0.756994 0.023677 0.020495 0.010477 0.000562 0.179598 0.008199 1.964500
0.756965 0.023645 0.020568 0.010521 0.000561 0.179535 0.008206 1.966826
0.756871 0.023701 0.020597 0.010526 0.000558 0.179534 0.008213 1.969134
0.756758 0.023744 0.020596 0.010555 0.000577 0.179552 0.008218 1.971411
0.756682 0.023723 0.020676 0.010605 0.000589 0.179499 0.008226 1.973746
0.756651 0.023707 0.020739 0.010589 0.000593 0.179487 0.008235 1.976068
0.756541 0.023702 0.020788 0.010620 0.000599 0.179509 0.008242 1.978398
0.756455 0.023717 0.020860 0.010612 0.000603 0.179508 0.008247 1.980684
0.756290 0.023747 0.020942 0.010590 0.000608 0.179570 0.008254 1.983032
0.756171 0.023714 0.021012 0.010593 0.000617 0.179634 0.008260 1.985392
0.756086 0.023693 0.021086 0.010596 0.000616 0.179658 0.008266 1.987743
0.755974 0.023714 0.021132 0.010629 0.000614 0.179661 0.008277 1.990087
0.755822 0.023768 0.021094 0.010655 0.000623 0.179756 0.008284 1.992394
0.755709 0.023700 0.021180 0.010720 0.000622 0.179778 0.008292 1.994816
0.755589 0.023739 0.021211 0.010722 0.000627 0.179812 0.008302 1.997133
0.755476 0.023693 0.021279 0.010778 0.000629 0.179838 0.008307 1.999517
0.755395 0.023686 0.021317 0.010813 0.000630 0.179847 0.008314 2.001869
0.755348 0.023666 0.021307 0.010806 0.000626 0.179925 0.008323 2.004217
0.755313 0.023648 0.021298 0.010832 0.000620 0.179960 0.008331 2.006547
0.755266 0.023618 0.021319 0.010814 0.000621 0.180024 0.008340 2.008865
0.755216 0.023577 0.021373 0.010806 0.000626 0.180055 0.008347 2.011192
0.755224 0.023516 0.021389 0.010818 0.000644 0.180056 0.008353 2.013486
0.755133 0.023486 0.021447 0.010817 0.000646 0.180111 0.008362 2.015829
0.755128 0.023471 0.021393 0.010827 0.000657 0.180158 0.008367 2.018128
0.755019 0.023528 0.021329 0.010856 0.000666 0.180230 0.008374 2.020422
0.754976 0.023477 0.021332 0.010876 0.000667 0.180290 0.008383 2.022762
0.754902 0.023508 0.021308 0.010889 0.000663 0.180339 0.008392 2.025050
0.754914 0.023493 0.021288 0.010874 0.000666 0.180369 0.008397 2.027336
0.754876 0.023532 0.021262 0.010851 0.000665 0.180403 0.008410 2.029589
0.754795 0.023486 0.021309 0.010848 0.000670 0.180476 0.008417 2.031931
0.754717 0.023384 0.021360 0.010898 0.000671 0.180547 0.008424 2.034312
0.754555 0.023469 0.021339 0.010866 0.000675 0.180667 0.008429 2.036571
0.754520 0.023450 0.021264 0.010835 0.000676 0.180817 0.008439 2.038867
0.754545 0.023274 0.021324 0.010835 0.000676 0.180900 0.008446 2.041214
0.754560 0.023221 0.021306 0.010875 0.000675 0.180910 0.008455 2.043518
0.754635 0.023229 0.021262 0.010824 0.000671 0.180915 0.008464 2.045737
0.754635 0.023214 0.021243 0.010791 0.000674 0.180971 0.008473 2.048000
0.754578 0.023270 0.021200 0.010738 0.000675 0.181059 0.008481 2.050207
0.754594 0.023208 0.021164 0.010725 0.000675 0.181148 0.008487 2.052501
0.754639 0.023174 0.021166 0.010676 0.000676 0.181176 0.008494 2.054745
0.754646 0.023160 0.021157 0.010660 0.000668 0.181208 0.008502 2.057008
0.754688 0.023152 0.021134 0.010640 0.000668 0.181210 0.008508 2.059254
0.754774 0.023068 0.021090 0.010654 0.000667 0.181229 0.008519 2.061547
0.754850 0.022928 0.021049 0.010724 0.000665 0.181254 0.008530 2.063877
0.754859 0.022933 0.021011 0.010687 0.000661 0.181310 0.008540 2.066106
0.754862 0.022915 0.020977 0.010648 0.000659 0.181391 0.008548 2.068345
0.754942 0.022812 0.020982 0.010637 0.000672 0.181403 0.008555 2.070608
0.755018 0.022773 0.020996 0.010634 0.000672 0.181344 0.008564 2.072847
0.755108 0.022733 0.020955 0.010607 0.000666 0.181355 0.008577 2.075030
0.755253 0.022658 0.020937 0.010671 0.000669 0.181229 0.008583 2.077302
0.755289 0.022644 0.020885 0.010620 0.000668 0.181304 0.008589 2.079489
0.755354 0.022565 0.020894 0.010640 0.000666 0.181284 0.008596 2.081720
0.755451 0.022528 0.020905 0.010613 0.000665 0.181232 0.008604 2.083922
0.755608 0.022431 0.020828 0.010607 0.000660 0.181253 0.008615 2.086105
0.755721 0.022426 0.020809 0.010590 0.000661 0.181170 0.008624 2.088274
0.755912 0.022336 0.020781 0.010594 0.000658 0.181088 0.008631 2.090494
0.756007 0.022301 0.020682 0.010595 0.000664 0.181110 0.008641 2.092672
0.756197 0.022217 0.020657 0.010577 0.000661 0.181042 0.008649 2.094847
0.756279 0.022192 0.020646 0.010539 0.000665 0.181027 0.008653 2.097023
0.756382 0.022132 0.020573 0.010542 0.000666 0.181046 0.008661 2.099229
0.756593 0.021966 0.020584 0.010517 0.000666 0.181005 0.008669 2.101466
0.756636 0.021923 0.020552 0.010543 0.000665 0.181003 0.008678 2.103670
0.756791 0.021915 0.020516 0.010495 0.000662 0.180934 0.008685 2.105825
0.757092 0.021796 0.020424 0.010480 0.000651 0.180860 0.008697 2.107984
0.757272 0.021800 0.020362 0.010431 0.000642 0.180790 0.008704 2.110085
0.757391 0.021796 0.020316 0.010381 0.000644 0.180757 0.008714 2.112220
0.757530 0.021694 0.020338 0.010308 0.000649 0.180762 0.008719 2.114393
0.757684 0.021727 0.020262 0.010263 0.000650 0.180685 0.008729 2.116471
0.757824 0.021712 0.020196 0.010264 0.000646 0.180625 0.008733 2.118599
0.757995 0.021728 0.020201 0.010203 0.000650 0.180484 0.008739 2.120714
0.758160 0.021676 0.020165 0.010191 0.000647 0.180409 0.008750 2.122842
0.758300 0.021723 0.020082 0.010134 0.000647 0.180355 0.008758 2.124909
0.758478 0.021650 0.020079 0.010157 0.000651 0.180221 0.008764 2.127053
0.758708 0.021591 0.020090 0.010122 0.000654 0.180061 0.008774 2.129162
0.758887 0.021594 0.020062 0.010049 0.000662 0.179965 0.008781 2.131239
0.759144 0.021525 0.020035 0.010037 0.000663 0.179804 0.008791 2.133368
0.759263 0.021502 0.020067 0.010022 0.000661 0.179684 0.008800 2.135465
0.759447 0.021480 0.020069 0.010004 0.000657 0.179534 0.008809 2.137533
0.759705 0.021351 0.020037 0.010013 0.000658 0.179419 0.008817 2.139680
0.759828 0.021354 0.019979 0.009978 0.000658 0.179376 0.008827 2.141738
0.760019 0.021237 0.019953 0.010005 0.000645 0.179302 0.008839 2.143885
0.760211 0.021289 0.019951 0.009936 0.000646 0.179119 0.008847 2.145925
0.760490 0.021239 0.019907 0.009903 0.000638 0.178967 0.008856 2.148000
0.760672 0.021262 0.019819 0.009907 0.000639 0.178841 0.008862 2.150005
0.760959 0.021208 0.019777 0.009879 0.000641 0.178667 0.008870 2.152044
0.761183 0.021143 0.019721 0.009866 0.000644 0.178571 0.008873 2.154116
0.761369 0.021112 0.019688 0.009841 0.000643 0.178469 0.008879 2.156188
0.761519 0.021172 0.019718 0.009812 0.000637 0.178255 0.008887 2.158200
0.761798 0.021095 0.019657 0.009813 0.000643 0.178098 0.008897 2.160265
0.761943 0.021051 0.019642 0.009801 0.000639 0.178019 0.008905 2.162335
0.762233 0.020930 0.019574 0.009866 0.000646 0.177843 0.008910 2.164418
0.762414 0.020885 0.019550 0.009850 0.000646 0.177739 0.008916 2.166472
0.762527 0.020859 0.019530 0.009843 0.000649 0.177665 0.008927 2.168518
0.762678 0.020857 0.019494 0.009807 0.000640 0.177586 0.008938 2.170568
0.762875 0.020823 0.019492 0.009787 0.000639 0.177438 0.008946 2.172621
0.763007 0.020796 0.019478 0.009802 0.000638 0.177327 0.008951 2.174665
0.763228 0.020785 0.019368 0.009825 0.000634 0.177200 0.008960 2.176676
0.763394 0.020754 0.019345 0.009822 0.000628 0.177088 0.008968 2.178725
0.763549 0.020725 0.019320 0.009829 0.000625 0.176974 0.008977 2.180769
0.763710 0.020689 0.019307 0.009828 0.000622 0.176855 0.008988 2.182818
0.763898 0.020637 0.019261 0.009852 0.000622 0.176731 0.008998 2.184887
0.764064 0.020569 0.019274 0.009826 0.000622 0.176639 0.009005 2.186946
0.764347 0.020514 0.019234 0.009823 0.000626 0.176442 0.009014 2.188978
0.764526 0.020478 0.019210 0.009780 0.000623 0.176357 0.009025 2.190980
0.764752 0.020450 0.019169 0.009717 0.000621 0.176255 0.009035 2.192956
0.764950 0.020451 0.019139 0.009693 0.000613 0.176111 0.009043 2.194937
0.765188 0.020436 0.019106 0.009639 0.000611 0.175973 0.009048 2.196903
0.765387 0.020442 0.019047 0.009604 0.000610 0.175854 0.009057 2.198884
0.765694 0.020388 0.019030 0.009587 0.000605 0.175633 0.009064 2.200877
0.765866 0.020397 0.019015 0.009568 0.000604 0.175481 0.009070 2.202867
0.766087 0.020369 0.018994 0.009509 0.000603 0.175356 0.009080 2.204852
0.766243 0.020431 0.018904 0.009505 0.000612 0.175221 0.009084 2.206809
0.766441 0.020415 0.018875 0.009470 0.000611 0.175097 0.009092 2.208778
0.766639 0.020324 0.018917 0.009459 0.000613 0.174952 0.009098 2.210826
0.766925 0.020228 0.018904 0.009457 0.000610 0.174773 0.009102 2.212853
0.767127 0.020266 0.018789 0.009451 0.000611 0.174651 0.009106 2.214773
0.767300 0.020235 0.018737 0.009476 0.000609 0.174533 0.009109 2.216800
0.767593 0.020235 0.018679 0.009526 0.000606 0.174243 0.009117 2.218748
0.767765 0.020268 0.018659 0.009450 0.000608 0.174129 0.009121 2.220694
0.767992 0.020206 0.018620 0.009440 0.000613 0.174004 0.009125 2.222691
0.768211 0.020162 0.018620 0.009385 0.000617 0.173876 0.009130 2.224695
0.768427 0.020078 0.018605 0.009414 0.000614 0.173724 0.009137 2.226709
0.768605 0.020089 0.018576 0.009425 0.000606 0.173555 0.009144 2.228684
0.768772 0.020100 0.018592 0.009402 0.000606 0.173379 0.009151 2.230659
0.768976 0.020136 0.018542 0.009435 0.000608 0.173148 0.009156 2.232601
0.769219 0.020082 0.018563 0.009389 0.000613 0.172971 0.009162 2.234592
0.769374 0.020105 0.018536 0.009379 0.000610 0.172829 0.009167 2.236562
0.769437 0.020142 0.018525 0.009367 0.000612 0.172745 0.009173 2.238527
0.769630 0.020139 0.018561 0.009380 0.000612 0.172497 0.009180 2.240538
0.769798 0.020168 0.018521 0.009387 0.000614 0.172325 0.009188 2.242518
0.770025 0.020108 0.018519 0.009431 0.000626 0.172098 0.009194 2.244500
0.770251 0.020086 0.018463 0.009463 0.000625 0.171911 0.009201 2.246454
0.770421 0.020097 0.018439 0.009436 0.000623 0.171776 0.009209 2.248422
0.770535 0.020123 0.018424 0.009423 0.000614 0.171662 0.009221 2.250394
0.770636 0.020178 0.018395 0.009404 0.000618 0.171545 0.009227 2.252393
0.770847 0.020162 0.018398 0.009424 0.000621 0.171315 0.009234 2.254401
0.771038 0.020120 0.018330 0.009437 0.000621 0.171209 0.009245 2.256393
0.771161 0.020160 0.018307 0.009439 0.000623 0.171065 0.009247 2.258366
0.771338 0.020137 0.018277 0.009449 0.000621 0.170922 0.009256 2.260358
0.771504 0.020174 0.018226 0.009449 0.000621 0.170764 0.009263 2.262341
0.771658 0.020210 0.018222 0.009436 0.000628 0.170577 0.009270 2.264301
0.771760 0.020252 0.018302 0.009406 0.000630 0.170371 0.009278 2.266296
0.771928 0.020217 0.018328 0.009398 0.000625 0.170219 0.009286 2.268284
0.772059 0.020276 0.018284 0.009393 0.000620 0.170072 0.009296 2.270225
0.772182 0.020288 0.018248 0.009402 0.000631 0.169948 0.009301 2.272208
0.772371 0.020304 0.018195 0.009425 0.000638 0.169758 0.009309 2.274168
0.772458 0.020369 0.018179 0.009424 0.000633 0.169620 0.009318 2.276113
0.772587 0.020331 0.018227 0.009423 0.000634 0.169475 0.009325 2.278141
0.772626 0.020341 0.018242 0.009437 0.000636 0.169385 0.009333 2.280143
0.772784 0.020247 0.018308 0.009440 0.000640 0.169244 0.009337 2.282183
0.772975 0.020171 0.018391 0.009428 0.000643 0.169049 0.009344 2.284209
0.773060 0.020210 0.018339 0.009415 0.000636 0.168987 0.009354 2.286173
0.773131 0.020236 0.018394 0.009400 0.000631 0.168849 0.009361 2.288178
0.773233 0.020305 0.018444 0.009412 0.000626 0.168610 0.009370 2.290138
0.773352 0.020321 0.018395 0.009390 0.000632 0.168533 0.009378 2.292139
0.773377 0.020395 0.018411 0.009408 0.000629 0.168395 0.009385 2.294147
0.773543 0.020382 0.018425 0.009396 0.000634 0.168230 0.009391 2.296134
0.773629 0.020396 0.018463 0.009410 0.000632 0.168074 0.009397 2.298146
0.773728 0.020373 0.018448 0.009455 0.000635 0.167956 0.009405 2.300163
0.773848 0.020384 0.018397 0.009460 0.000628 0.167863 0.009420 2.302132
0.773986 0.020448 0.018373 0.009417 0.000629 0.167718 0.009428 2.304079
0.774072 0.020517 0.018348 0.009378 0.000624 0.167627 0.009434 2.306011
0.774157 0.020544 0.018415 0.009373 0.000613 0.167455 0.009444 2.307998
0.774304 0.020479 0.018465 0.009367 0.000611 0.167321 0.009453 2.310049
0.774370 0.020515 0.018478 0.009377 0.000607 0.167191 0.009463 2.312051
0.774392 0.020543 0.018521 0.009369 0.000610 0.167098 0.009467 2.314074
0.774436 0.020521 0.018571 0.009352 0.000610 0.167041 0.009470 2.316101
0.774506 0.020531 0.018567 0.009390 0.000605 0.166927 0.009475 2.318135
0.774618 0.020493 0.018583 0.009397 0.000610 0.166815 0.009484 2.320162
0.774639 0.020523 0.018589 0.009408 0.000604 0.166744 0.009494 2.322166
0.774660 0.020565 0.018615 0.009417 0.000601 0.166642 0.009501 2.324172
0.774755 0.020570 0.018620 0.009416 0.000593 0.166539 0.009508 2.326210
0.774836 0.020523 0.018651 0.009417 0.000593 0.166465 0.009514 2.328232
0.774957 0.020533 0.018623 0.009439 0.000590 0.166339 0.009520 2.330223
0.774970 0.020616 0.018573 0.009446 0.000596 0.166269 0.009530 2.332227
0.774989 0.020697 0.018588 0.009456 0.000596 0.166136 0.009538 2.334238
0.775043 0.020646 0.018580 0.009492 0.000594 0.166102 0.009544 2.336295
0.775047 0.020688 0.018655 0.009509 0.000596 0.165953 0.009552 2.338325
0.775046 0.020728 0.018575 0.009496 0.000598 0.166000 0.009558 2.340330
0.775079 0.020738 0.018570 0.009502 0.000601 0.165943 0.009567 2.342364
0.775145 0.020651 0.018670 0.009531 0.000597 0.165834 0.009573 2.344438
0.775168 0.020670 0.018624 0.009577 0.000599 0.165781 0.009580 2.346470
0.775253 0.020677 0.018658 0.009599 0.000594 0.165630 0.009589 2.348513
0.775287 0.020698 0.018622 0.009582 0.000599 0.165617 0.009596 2.350501
0.775274 0.020723 0.018649 0.009560 0.000595 0.165593 0.009604 2.352509
0.775288 0.020764 0.018679 0.009535 0.000599 0.165524 0.009612 2.354565
0.775445 0.020705 0.018624 0.009549 0.000589 0.165467 0.009622 2.356581
0.775429 0.020769 0.018642 0.009570 0.000588 0.165371 0.009632 2.358614
0.775481 0.020739 0.018697 0.009556 0.000591 0.165295 0.009641 2.360665
0.775535 0.020788 0.018653 0.009547 0.000587 0.165242 0.009649 2.362650
0.775585 0.020817 0.018626 0.009553 0.000578 0.165182 0.009659 2.364673
0.775603 0.020763 0.018658 0.009539 0.000582 0.165189 0.009665 2.366744
0.775577 0.020753 0.018721 0.009555 0.000582 0.165141 0.009673 2.368833
0.775508 0.020808 0.018737 0.009600 0.000579 0.165086 0.009682 2.370868
0.775556 0.020803 0.018756 0.009577 0.000581 0.165039 0.009688 2.372925
0.775597 0.020854 0.018724 0.009560 0.000583 0.164986 0.009696 2.374922
0.775556 0.020917 0.018685 0.009540 0.000582 0.165020 0.009701 2.376896
0.775549 0.020940 0.018756 0.009536 0.000579 0.164932 0.009709 2.378918
0.775541 0.020932 0.018840 0.009554 0.000585 0.164836 0.009712 2.380986
0.775525 0.020914 0.018876 0.009573 0.000592 0.164801 0.009719 2.383040
0.775496 0.020937 0.018870 0.009599 0.000591 0.164781 0.009727 2.385070
0.775510 0.020951 0.018834 0.009605 0.000589 0.164774 0.009737 2.387077
0.775509 0.020968 0.018873 0.009607 0.000591 0.164710 0.009743 2.389162
0.775522 0.020977 0.018891 0.009584 0.000588 0.164688 0.009751 2.391188
0.775517 0.020956 0.018958 0.009624 0.000584 0.164603 0.009758 2.393307
0.775484 0.020960 0.018939 0.009661 0.000578 0.164615 0.009765 2.395361
0.775521 0.020940 0.018901 0.009701 0.000586 0.164582 0.009769 2.397410
0.775494 0.020958 0.018922 0.009723 0.000587 0.164544 0.009774 2.399501
0.775581 0.020972 0.018878 0.009712 0.000591 0.164487 0.009781 2.401499
0.775574 0.021011 0.018852 0.009689 0.000589 0.164497 0.009788 2.403529
0.775621 0.020934 0.018878 0.009696 0.000587 0.164491 0.009794 2.405598
0.775598 0.020920 0.018861 0.009706 0.000576 0.164539 0.009801 2.407649
0.775611 0.020938 0.018876 0.009663 0.000575 0.164527 0.009809 2.409666
0.775670 0.020929 0.018940 0.009669 0.000583 0.164395 0.009815 2.411741
0.775651 0.020960 0.018932 0.009643 0.000584 0.164404 0.009826 2.413785
0.775671 0.020954 0.018923 0.009637 0.000580 0.164406 0.009830 2.415877
0.775633 0.020940 0.019063 0.009612 0.000580 0.164336 0.009836 2.417983
0.775627 0.020961 0.019124 0.009622 0.000585 0.164240 0.009843 2.420079
0.775597 0.021014 0.019076 0.009643 0.000582 0.164239 0.009851 2.422087
0.775589 0.020997 0.019111 0.009613 0.000584 0.164248 0.009858 2.424160
0.775626 0.020968 0.019146 0.009625 0.000579 0.164191 0.009866 2.426244
0.775638 0.020938 0.019160 0.009630 0.000578 0.164187 0.009870 2.428314
0.775573 0.020942 0.019145 0.009669 0.000582 0.164214 0.009875 2.430387
0.775570 0.020967 0.019117 0.009708 0.000579 0.164178 0.009882 2.432447
0.775574 0.020995 0.019086 0.009672 0.000584 0.164199 0.009890 2.434494
0.775541 0.021049 0.019040 0.009680 0.000580 0.164212 0.009896 2.436501
0.775515 0.021043 0.019072 0.009717 0.000579 0.164169 0.009904 2.438581
0.775491 0.021059 0.019073 0.009704 0.000576 0.164183 0.009915 2.440625
0.775515 0.020983 0.019128 0.009702 0.000576 0.164174 0.009922 2.442739
0.775511 0.020989 0.019126 0.009712 0.000571 0.164167 0.009924 2.444775
0.775490 0.021021 0.019131 0.009718 0.000567 0.164143 0.009931 2.446849
0.775399 0.021037 0.019166 0.009715 0.000569 0.164177 0.009938 2.448930
0.775480 0.020972 0.019160 0.009721 0.000570 0.164153 0.009945 2.450995
0.775534 0.020845 0.019206 0.009696 0.000575 0.164195 0.009950 2.453118
0.775557 0.020832 0.019153 0.009693 0.000578 0.164230 0.009958 2.455133
0.775546 0.020892 0.019133 0.009652 0.000579 0.164237 0.009963 2.457124
0.775526 0.020856 0.019154 0.009669 0.000580 0.164245 0.009970 2.459199
0.775523 0.020864 0.019147 0.009696 0.000580 0.164212 0.009978 2.461271
0.775447 0.020905 0.019139 0.009688 0.000580 0.164256 0.009985 2.463332
0.775366 0.020977 0.019129 0.009716 0.000577 0.164244 0.009993 2.465412
0.775329 0.021017 0.019133 0.009739 0.000579 0.164206 0.009998 2.467476
0.775262 0.021095 0.019114 0.009726 0.000583 0.164217 0.010004 2.469515
0.775254 0.021129 0.019084 0.009689 0.000585 0.164250 0.010011 2.471558
0.775228 0.021105 0.019148 0.009699 0.000591 0.164214 0.010017 2.473658
0.775238 0.021077 0.019201 0.009702 0.000602 0.164160 0.010022 2.475769
0.775242 0.021111 0.019147 0.009671 0.000599 0.164200 0.010030 2.477777
0.775158 0.021115 0.019165 0.009657 0.000601 0.164263 0.010043 2.479847
0.775151 0.021065 0.019215 0.009649 0.000600 0.164268 0.010053 2.481961
0.775144 0.021058 0.019204 0.009661 0.000603 0.164273 0.010059 2.484035
0.775116 0.021099 0.019154 0.009653 0.000604 0.164310 0.010066 2.486061
0.775080 0.021111 0.019155 0.009674 0.000596 0.164309 0.010076 2.488130
0.775034 0.021150 0.019114 0.009695 0.000596 0.164328 0.010084 2.490168
0.775002 0.021169 0.019153 0.009707 0.000599 0.164278 0.010092 2.492233
0.774935 0.021214 0.019129 0.009661 0.000597 0.164365 0.010100 2.494269
0.774901 0.021219 0.019155 0.009697 0.000597 0.164327 0.010104 2.496343
0.774848 0.021285 0.019163 0.009685 0.000604 0.164306 0.010108 2.498376
0.774823 0.021283 0.019171 0.009675 0.000601 0.164332 0.010116 2.500458
0.774811 0.021265 0.019147 0.009677 0.000597 0.164378 0.010125 2.502534
0.774771 0.021265 0.019147 0.009691 0.000593 0.164400 0.010134 2.504595
0.774687 0.021319 0.019115 0.009651 0.000595 0.164493 0.010140 2.506669
0.774619 0.021359 0.019122 0.009653 0.000597 0.164504 0.010147 2.508735
0.774616 0.021318 0.019172 0.009683 0.000595 0.164464 0.010152 2.510866
0.774632 0.021287 0.019185 0.009668 0.000600 0.164471 0.010158 2.512936
0.774629 0.021263 0.019186 0.009690 0.000602 0.164468 0.010162 2.515023
0.774678 0.021269 0.019206 0.009675 0.000608 0.164398 0.010167 2.517066
0.774631 0.021277 0.019231 0.009683 0.000604 0.164403 0.010172 2.519151
0.774628 0.021293 0.019207 0.009694 0.000610 0.164392 0.010178 2.521221
0.774601 0.021312 0.019227 0.009692 0.000611 0.164372 0.010186 2.523307
0.774609 0.021290 0.019211 0.009741 0.000614 0.164344 0.010192 2.525423
0.774516 0.021287 0.019283 0.009762 0.000616 0.164338 0.010199 2.527529
0.774533 0.021254 0.019276 0.009774 0.000616 0.164341 0.010206 2.529627
0.774570 0.021148 0.019354 0.009793 0.000612 0.164306 0.010217 2.531735
0.774641 0.021107 0.019388 0.009786 0.000615 0.164241 0.010223 2.533824
0.774655 0.021095 0.019343 0.009791 0.000614 0.164274 0.010228 2.535879
0.774625 0.021106 0.019332 0.009785 0.000604 0.164312 0.010237 2.537967
0.774601 0.021073 0.019328 0.009786 0.000599 0.164370 0.010243 2.540050
0.774612 0.021068 0.019288 0.009815 0.000601 0.164370 0.010247 2.542105
0.774635 0.021027 0.019300 0.009768 0.000605 0.164410 0.010255 2.544159
0.774672 0.021065 0.019308 0.009721 0.000599 0.164375 0.010261 2.546191
0.774617 0.021139 0.019269 0.009721 0.000609 0.164376 0.010270 2.548236
0.774539 0.021208 0.019256 0.009765 0.000602 0.164350 0.010279 2.550276
0.774550 0.021218 0.019270 0.009803 0.000592 0.164281 0.010287 2.552362
0.774524 0.021274 0.019192 0.009832 0.000587 0.164294 0.010297 2.554413
0.774472 0.021348 0.019176 0.009822 0.000588 0.164290 0.010307 2.556442
0.774492 0.021310 0.019170 0.009824 0.000590 0.164300 0.010316 2.558530
0.774538 0.021230 0.019210 0.009812 0.000592 0.164294 0.010325 2.560640
0.774515 0.021208 0.019160 0.009782 0.000595 0.164407 0.010333 2.562731
0.774542 0.021144 0.019237 0.009786 0.000592 0.164362 0.010338 2.564843
0.774490 0.021167 0.019198 0.009829 0.000603 0.164370 0.010344 2.566931
0.774522 0.021118 0.019212 0.009830 0.000600 0.164367 0.010350 2.569015
0.774582 0.021121 0.019254 0.009836 0.000595 0.164252 0.010360 2.571075
0.774542 0.021099 0.019237 0.009865 0.000594 0.164297 0.010366 2.573160
0.774517 0.021125 0.019232 0.009838 0.000600 0.164315 0.010373 2.575198
0.774506 0.021136 0.019218 0.009851 0.000600 0.164308 0.010381 2.577245
0.774475 0.021242 0.019215 0.009786 0.000598 0.164297 0.010389 2.579233
0.774534 0.021167 0.019225 0.009773 0.000606 0.164300 0.010395 2.581344
0.774463 0.021154 0.019217 0.009789 0.000605 0.164372 0.010402 2.583441
0.774427 0.021129 0.019202 0.009778 0.000605 0.164454 0.010406 2.585509
0.774402 0.021180 0.019196 0.009754 0.000595 0.164460 0.010411 2.587527
0.774372 0.021199 0.019159 0.009756 0.000591 0.164506 0.010418 2.589568
0.774412 0.021159 0.019200 0.009770 0.000587 0.164447 0.010425 2.591674
0.774402 0.021199 0.019203 0.009741 0.000587 0.164435 0.010434 2.593732
0.774389 0.021277 0.019203 0.009733 0.000588 0.164370 0.010440 2.595771
0.774292 0.021320 0.019201 0.009749 0.000575 0.164414 0.010449 2.597851
0.774283 0.021336 0.019169 0.009767 0.000565 0.164424 0.010456 2.599891
0.774275 0.021276 0.019200 0.009793 0.000569 0.164426 0.010462 2.602007
0.774203 0.021337 0.019202 0.009775 0.000574 0.164441 0.010469 2.604079
0.774163 0.021356 0.019165 0.009799 0.000575 0.164466 0.010478 2.606162
0.774081 0.021372 0.019188 0.009794 0.000571 0.164510 0.010485 2.608259
0.774058 0.021363 0.019204 0.009827 0.000573 0.164480 0.010495 2.610319
0.774005 0.021427 0.019186 0.009832 0.000572 0.164477 0.010501 2.612389
0.773979 0.021371 0.019227 0.009837 0.000568 0.164510 0.010509 2.614499
0.773908 0.021360 0.019224 0.009867 0.000574 0.164550 0.010517 2.616602
0.773813 0.021357 0.019268 0.009851 0.000582 0.164606 0.010523 2.618701
0.773840 0.021337 0.019234 0.009867 0.000581 0.164609 0.010532 2.620795
0.773847 0.021337 0.019241 0.009838 0.000579 0.164618 0.010542 2.622836
0.773846 0.021394 0.019163 0.009827 0.000577 0.164648 0.010546 2.624864
0.773806 0.021456 0.019102 0.009856 0.000585 0.164643 0.010552 2.626926
0.773714 0.021476 0.019141 0.009812 0.000586 0.164711 0.010559 2.629022
0.773618 0.021433 0.019201 0.009842 0.000592 0.164746 0.010569 2.631162
0.773628 0.021420 0.019176 0.009847 0.000591 0.164758 0.010580 2.633236
0.773550 0.021455 0.019214 0.009868 0.000592 0.164736 0.010586 2.635339
0.773581 0.021373 0.019294 0.009876 0.000587 0.164697 0.010593 2.637457
0.773506 0.021403 0.019290 0.009862 0.000579 0.164761 0.010600 2.639547
0.773595 0.021335 0.019313 0.009812 0.000581 0.164754 0.010610 2.641625
0.773571 0.021294 0.019290 0.009830 0.000579 0.164818 0.010619 2.643717
0.773500 0.021290 0.019279 0.009828 0.000576 0.164901 0.010628 2.645802
0.773409 0.021405 0.019267 0.009838 0.000581 0.164867 0.010633 2.647842
0.773516 0.021346 0.019261 0.009798 0.000583 0.164854 0.010643 2.649927
0.773426 0.021403 0.019290 0.009803 0.000584 0.164845 0.010650 2.651976
0.773434 0.021354 0.019298 0.009827 0.000582 0.164852 0.010655 2.654078
0.773453 0.021296 0.019308 0.009834 0.000580 0.164865 0.010662 2.656165
0.773372 0.021268 0.019314 0.009861 0.000584 0.164931 0.010671 2.658295
0.773310 0.021225 0.019335 0.009843 0.000585 0.165024 0.010677 2.660438
0.773219 0.021226 0.019402 0.009818 0.000595 0.165058 0.010683 2.662561
0.773217 0.021199 0.019365 0.009829 0.000586 0.165115 0.010690 2.664636
0.773203 0.021233 0.019334 0.009843 0.000589 0.165102 0.010696 2.666721
0.773228 0.021191 0.019365 0.009834 0.000593 0.165089 0.010701 2.668832
0.773315 0.021157 0.019286 0.009847 0.000599 0.165089 0.010709 2.670913
0.773273 0.021169 0.019331 0.009804 0.000600 0.165107 0.010716 2.672980
0.773322 0.021156 0.019295 0.009806 0.000597 0.165100 0.010725 2.675031
0.773385 0.021148 0.019325 0.009782 0.000600 0.165028 0.010732 2.677087
0.773285 0.021175 0.019317 0.009853 0.000599 0.165033 0.010738 2.679184
0.773264 0.021209 0.019340 0.009820 0.000602 0.165021 0.010745 2.681259
0.773325 0.021143 0.019308 0.009854 0.000603 0.165014 0.010753 2.683340
0.773310 0.021174 0.019304 0.009805 0.000602 0.165047 0.010758 2.685364
0.773288 0.021195 0.019277 0.009812 0.000601 0.165061 0.010767 2.687412
0.773268 0.021160 0.019308 0.009805 0.000594 0.165091 0.010776 2.689518
0.773247 0.021157 0.019344 0.009787 0.000593 0.165090 0.010783 2.691599
0.773288 0.021134 0.019325 0.009811 0.000586 0.165063 0.010793 2.693696
0.773251 0.021115 0.019365 0.009786 0.000581 0.165103 0.010799 2.695781
0.773242 0.021126 0.019325 0.009809 0.000572 0.165117 0.010809 2.697803
0.773315 0.021098 0.019315 0.009824 0.000568 0.165062 0.010818 2.699858
0.773272 0.021076 0.019322 0.009858 0.000567 0.165079 0.010826 2.701974
0.773211 0.021080 0.019377 0.009874 0.000566 0.165058 0.010834 2.704103
0.773235 0.021096 0.019367 0.009844 0.000574 0.165043 0.010841 2.706144
0.773249 0.021017 0.019324 0.009868 0.000579 0.165115 0.010849 2.708241
0.773297 0.020965 0.019329 0.009907 0.000574 0.165076 0.010854 2.710358
0.773222 0.021039 0.019342 0.009855 0.000577 0.165104 0.010860 2.712380
0.773242 0.021045 0.019352 0.009836 0.000577 0.165081 0.010867 2.714413
0.773316 0.021115 0.019274 0.009795 0.000580 0.165047 0.010874 2.716399
