0.973572 0.025832 0.000381 0.000205 0.000000 0.000010 0.000000
0.948742 0.049964 0.000822 0.000450 0.000000 0.000022 0.000000
0.941821 0.056704 0.000943 0.000507 0.000000 0.000024 0.000000
0.934487 0.063792 0.001101 0.000590 0.000000 0.000030 0.000000
0.925990 0.072028 0.001258 0.000692 0.000000 0.000033 0.000000
0.916510 0.081192 0.001446 0.000815 0.000000 0.000036 0.000000
0.907930 0.089435 0.001665 0.000924 0.000000 0.000045 0.000000
0.897758 0.099270 0.001856 0.001066 0.000000 0.000050 0.000000
0.885825 0.110779 0.002126 0.001213 0.000000 0.000057 0.000000
0.875387 0.120840 0.002381 0.001327 0.000000 0.000065 0.000000
0.863034 0.132783 0.002636 0.001473 0.000000 0.000074 0.000000
0.850428 0.144928 0.002930 0.001629 0.000000 0.000085 0.000000
0.838271 0.156625 0.003223 0.001788 0.000001 0.000091 0.000000
0.823878 0.170435 0.003604 0.001983 0.000001 0.000098 0.000000
0.808979 0.184726 0.004004 0.002179 0.000003 0.000110 0.000000
0.793641 0.199429 0.004409 0.002391 0.000003 0.000127 0.000000
0.779469 0.212993 0.004761 0.002632 0.000004 0.000143 0.000000
0.765141 0.226676 0.005158 0.002861 0.000003 0.000161 0.000000
0.748954 0.242120 0.005618 0.003129 0.000004 0.000175 0.000000
0.733650 0.256712 0.006035 0.003397 0.000005 0.000201 0.000000
0.720062 0.269590 0.006466 0.003655 0.000005 0.000221 0.000000
0.703633 0.285163 0.006993 0.003964 0.000005 0.000242 0.000000
0.689000 0.299008 0.007492 0.004230 0.000006 0.000264 0.000000
0.675148 0.312051 0.007979 0.004528 0.000006 0.000287 0.000000
0.659796 0.326507 0.008516 0.004867 0.000007 0.000307 0.000000
0.644688 0.340749 0.009043 0.005181 0.000006 0.000332 0.000000
0.631365 0.353146 0.009603 0.005520 0.000008 0.000359 0.000000
0.615843 0.367652 0.010208 0.005896 0.000008 0.000393 0.000000
0.602058 0.380452 0.010807 0.006244 0.000009 0.000430 0.000000
0.589535 0.392002 0.011416 0.006579 0.000010 0.000459 0.000000
0.572899 0.407356 0.012204 0.007020 0.000010 0.000510 0.000000
0.561981 0.417295 0.012808 0.007361 0.000011 0.000543 0.000000
0.548130 0.429975 0.013536 0.007762 0.000011 0.000585 0.000000
0.534331 0.442568 0.014282 0.008177 0.000012 0.000629 0.000000
0.523929 0.451903 0.014909 0.008559 0.000014 0.000685 0.000000
0.511408 0.463227 0.015641 0.008973 0.000014 0.000737 0.000000
0.499384 0.473980 0.016408 0.009423 0.000015 0.000792 0.000000
0.487810 0.484252 0.017217 0.009856 0.000015 0.000850 0.000000
0.475504 0.495244 0.018006 0.010322 0.000016 0.000909 0.000000
0.464242 0.505060 0.018874 0.010837 0.000015 0.000972 0.000000
0.455100 0.513064 0.019561 0.011217 0.000016 0.001043 0.000000
0.444782 0.521884 0.020490 0.011716 0.000018 0.001111 0.000000
0.434293 0.531110 0.021259 0.012131 0.000019 0.001189 0.000000
0.423631 0.540212 0.022172 0.012698 0.000021 0.001265 0.000000
0.414658 0.547806 0.022995 0.013185 0.000022 0.001335 0.000000
0.404631 0.556268 0.023941 0.013722 0.000023 0.001414 0.000000
0.394295 0.564881 0.025002 0.014292 0.000024 0.001506 0.000000
0.386662 0.571071 0.025861 0.014797 0.000025 0.001585 0.000000
0.377650 0.578459 0.026831 0.015359 0.000025 0.001676 0.000000
0.369981 0.584534 0.027811 0.015899 0.000026 0.001749 0.000000
0.361505 0.591398 0.028774 0.016444 0.000024 0.001855 0.000000
0.351722 0.599231 0.029962 0.017101 0.000027 0.001956 0.000000
0.346070 0.603368 0.030892 0.017585 0.000027 0.002059 0.000000
0.338698 0.608787 0.032070 0.018237 0.000029 0.002179 0.000000
0.331642 0.614001 0.033164 0.018864 0.000030 0.002299 0.000000
0.320522 0.622823 0.034482 0.019690 0.000032 0.002452 0.000000
0.318301 0.624024 0.035097 0.019993 0.000035 0.002550 0.000000
0.310633 0.629261 0.036562 0.020797 0.000033 0.002714 0.000000
0.306621 0.631708 0.037471 0.021347 0.000036 0.002817 0.000000
0.297583 0.638387 0.038863 0.022142 0.000036 0.002989 0.000000
0.292723 0.641331 0.039962 0.022793 0.000037 0.003154 0.000000
0.285834 0.645972 0.041269 0.023557 0.000039 0.003329 0.000000
0.282561 0.647717 0.042157 0.024089 0.000041 0.003436 0.000000
0.277930 0.650401 0.043280 0.024729 0.000043 0.003617 0.000000
0.272039 0.654418 0.044370 0.025369 0.000046 0.003758 0.000000
0.266056 0.658031 0.045726 0.026181 0.000048 0.003958 0.000000
0.260181 0.661525 0.047122 0.026967 0.000050 0.004155 0.000000
0.254637 0.664600 0.048559 0.027776 0.000052 0.004377 0.000000
0.248150 0.668830 0.049939 0.028475 0.000055 0.004551 0.000000
0.246940 0.668219 0.050925 0.029070 0.000060 0.004786 0.000000
0.238739 0.673841 0.052411 0.029930 0.000061 0.005017 0.000001
0.232382 0.677439 0.054012 0.030825 0.000063 0.005279 0.000001
0.229382 0.678660 0.054986 0.031432 0.000066 0.005473 0.000001
0.223439 0.682045 0.056505 0.032211 0.000069 0.005731 0.000001
0.221815 0.681888 0.057535 0.032767 0.000072 0.005922 0.000001
0.214989 0.685505 0.059352 0.033850 0.000075 0.006228 0.000001
0.210328 0.687617 0.060836 0.034640 0.000080 0.006497 0.000001
0.207939 0.688217 0.061894 0.035175 0.000082 0.006691 0.000001
0.202899 0.690220 0.063588 0.036203 0.000085 0.007004 0.000001
0.200226 0.690614 0.064906 0.036906 0.000090 0.007258 0.000001
0.197256 0.691879 0.065854 0.037453 0.000096 0.007462 0.000001
0.190800 0.695117 0.067752 0.038400 0.000098 0.007833 0.000001
0.187899 0.695600 0.068986 0.039289 0.000101 0.008125 0.000000
0.184483 0.696325 0.070450 0.040175 0.000107 0.008460 0.000001
0.181145 0.697013 0.072019 0.040977 0.000111 0.008735 0.000001
0.177837 0.697971 0.073363 0.041672 0.000117 0.009039 0.000001
0.175947 0.697476 0.074658 0.042449 0.000120 0.009350 0.000000
0.170544 0.699623 0.076534 0.043494 0.000126 0.009679 0.000000
0.170338 0.697902 0.077590 0.044011 0.000124 0.010035 0.000001
0.167187 0.698450 0.078986 0.044881 0.000133 0.010362 0.000001
0.163854 0.699696 0.080232 0.045446 0.000134 0.010638 0.000000
0.161217 0.698834 0.082073 0.046552 0.000144 0.011179 0.000001
0.156706 0.700359 0.083771 0.047504 0.000141 0.011520 0.000000
0.155580 0.699479 0.084773 0.048189 0.000149 0.011829 0.000000
0.154261 0.698647 0.085930 0.048759 0.000156 0.012247 0.000000
0.150571 0.698766 0.087977 0.049860 0.000157 0.012669 0.000000
0.146822 0.699774 0.089399 0.050714 0.000170 0.013120 0.000001
0.143706 0.700416 0.090761 0.051439 0.000176 0.013502 0.000000
0.142170 0.699141 0.092277 0.052299 0.000181 0.013931 0.000001
0.140159 0.699563 0.093073 0.052818 0.000185 0.014201 0.000001
0.136236 0.699082 0.095538 0.054109 0.000192 0.014842 0.000000
0.139264 0.695175 0.095772 0.054459 0.000191 0.015137 0.000001
0.132491 0.697351 0.098372 0.055837 0.000209 0.015740 0.000001
0.129162 0.698240 0.099581 0.056638 0.000220 0.016158 0.000001
0.133068 0.692861 0.100446 0.056855 0.000220 0.016549 0.000001
0.126585 0.696179 0.102200 0.057870 0.000230 0.016935 0.000001
0.126494 0.693214 0.103782 0.058772 0.000236 0.017501 0.000001
0.126313 0.691174 0.104780 0.059548 0.000231 0.017952 0.000001
0.123151 0.691403 0.106401 0.060354 0.000244 0.018445 0.000001
0.122260 0.690157 0.107544 0.060961 0.000253 0.018823 0.000001
0.122100 0.687766 0.108755 0.061746 0.000256 0.019376 0.000001
0.120413 0.687238 0.109980 0.062366 0.000262 0.019739 0.000001
0.115275 0.688633 0.111929 0.063527 0.000267 0.020368 0.000001
0.116542 0.684599 0.113406 0.064243 0.000278 0.020931 0.000001
0.115165 0.684747 0.113955 0.064647 0.000276 0.021210 0.000001
0.112138 0.684510 0.115685 0.065518 0.000287 0.021862 0.000001
0.109780 0.684190 0.117052 0.066321 0.000295 0.022361 0.000001
0.109829 0.682016 0.118168 0.066886 0.000301 0.022798 0.000002
0.107016 0.680607 0.120479 0.068010 0.000313 0.023573 0.000001
0.105940 0.680175 0.121136 0.068488 0.000313 0.023947 0.000001
0.101200 0.680696 0.123349 0.069794 0.000324 0.024635 0.000001
0.098352 0.680975 0.124777 0.070438 0.000335 0.025120 0.000001
0.102941 0.676615 0.124441 0.070345 0.000334 0.025324 0.000001
0.100066 0.675189 0.126651 0.071490 0.000348 0.026255 0.000001
0.093852 0.676743 0.129195 0.072809 0.000360 0.027040 0.000001
0.093790 0.675192 0.129856 0.073438 0.000361 0.027362 0.000002
0.092071 0.673085 0.131762 0.074468 0.000376 0.028236 0.000001
0.090317 0.672201 0.133164 0.075141 0.000376 0.028800 0.000001
0.087866 0.671935 0.134457 0.075936 0.000387 0.029418 0.000001
0.089154 0.670964 0.134031 0.075863 0.000391 0.029595 0.000001
0.085166 0.670559 0.136514 0.077030 0.000392 0.030339 0.000001
0.081735 0.670891 0.138043 0.077929 0.000403 0.030998 0.000001
0.082102 0.668444 0.138896 0.078520 0.000418 0.031618 0.000001
0.078419 0.667413 0.141349 0.079879 0.000422 0.032517 0.000002
0.076651 0.666760 0.142452 0.080615 0.000436 0.033086 0.000001
0.074126 0.666645 0.143859 0.081201 0.000442 0.033725 0.000001
0.073272 0.664979 0.144905 0.081972 0.000447 0.034423 0.000001
0.068840 0.664159 0.147680 0.083418 0.000466 0.035436 0.000001
0.069257 0.661019 0.148813 0.084256 0.000477 0.036178 0.000001
0.067991 0.660757 0.149518 0.084605 0.000487 0.036640 0.000001
0.068852 0.657653 0.150669 0.085049 0.000493 0.037282 0.000002
0.064512 0.657101 0.152994 0.086511 0.000503 0.038377 0.000001
0.061450 0.657610 0.154291 0.087259 0.000505 0.038883 0.000002
0.062518 0.655043 0.154920 0.087522 0.000505 0.039489 0.000002
0.061300 0.652199 0.156881 0.088609 0.000534 0.040475 0.000003
0.058589 0.650720 0.158962 0.089707 0.000544 0.041476 0.000002
0.056255 0.650434 0.160177 0.090572 0.000542 0.042019 0.000002
0.056980 0.647442 0.161171 0.091064 0.000560 0.042780 0.000002
0.059262 0.645392 0.161028 0.090852 0.000570 0.042893 0.000003
0.058556 0.642579 0.162508 0.091873 0.000581 0.043901 0.000003
0.058212 0.641619 0.163104 0.092161 0.000569 0.044331 0.000003
0.057314 0.639218 0.164605 0.093086 0.000589 0.045184 0.000004
0.057310 0.636770 0.165724 0.093654 0.000591 0.045947 0.000004
0.055726 0.635547 0.167005 0.094360 0.000607 0.046750 0.000004
0.051585 0.634482 0.169450 0.095919 0.000612 0.047947 0.000004
0.050012 0.633095 0.170930 0.096450 0.000635 0.048874 0.000004
0.051312 0.630966 0.171075 0.096881 0.000651 0.049111 0.000004
0.049534 0.627746 0.173426 0.098009 0.000653 0.050627 0.000005
0.050813 0.626443 0.173246 0.097999 0.000663 0.050831 0.000005
0.045894 0.625267 0.176230 0.099572 0.000670 0.052363 0.000004
0.047365 0.624933 0.175462 0.099304 0.000667 0.052263 0.000006
0.044718 0.623120 0.177505 0.100450 0.000692 0.053508 0.000006
0.044874 0.620970 0.178401 0.100889 0.000696 0.054164 0.000006
0.041414 0.619238 0.180785 0.102327 0.000721 0.055510 0.000005
0.042855 0.617745 0.180764 0.102145 0.000710 0.055776 0.000005
0.039108 0.616884 0.182741 0.103555 0.000736 0.056970 0.000005
0.038989 0.616203 0.183036 0.103595 0.000748 0.057423 0.000005
0.036137 0.613007 0.185839 0.105258 0.000756 0.058997 0.000006
0.035200 0.611534 0.186771 0.105905 0.000758 0.059826 0.000006
0.035478 0.610272 0.187231 0.105968 0.000771 0.060275 0.000006
0.033757 0.608959 0.188602 0.106716 0.000778 0.061181 0.000006
0.032872 0.607156 0.189936 0.107167 0.000790 0.062072 0.000006
0.032821 0.604557 0.190758 0.108044 0.000797 0.063017 0.000007
0.030591 0.603888 0.192222 0.108683 0.000807 0.063801 0.000008
0.031687 0.600441 0.193133 0.109168 0.000819 0.064746 0.000007
0.031183 0.598247 0.194165 0.109868 0.000832 0.065699 0.000007
0.029724 0.595223 0.196334 0.111036 0.000852 0.066823 0.000008
0.031722 0.592388 0.196457 0.110956 0.000848 0.067621 0.000008
0.029504 0.591261 0.197908 0.111856 0.000863 0.068599 0.000009
0.029566 0.589859 0.198461 0.112168 0.000869 0.069068 0.000009
0.030899 0.585839 0.199494 0.112884 0.000896 0.069980 0.000009
0.028721 0.583955 0.201239 0.113785 0.000905 0.071388 0.000008
0.029372 0.582962 0.201222 0.113786 0.000903 0.071746 0.000008
0.029459 0.580302 0.202221 0.114311 0.000907 0.072792 0.000008
0.028538 0.578202 0.203521 0.115112 0.000923 0.073697 0.000007
0.028291 0.576810 0.204133 0.115403 0.000936 0.074416 0.000010
0.027693 0.574494 0.205127 0.116144 0.000956 0.075577 0.000009
0.029155 0.571895 0.205617 0.116134 0.000949 0.076241 0.000009
0.030086 0.569185 0.206171 0.116599 0.000959 0.076991 0.000010
0.028749 0.566794 0.207828 0.117320 0.000994 0.078306 0.000010
0.031717 0.565922 0.206564 0.116825 0.000984 0.077980 0.000009
0.028541 0.563603 0.208937 0.118026 0.001009 0.079873 0.000010
0.029439 0.561688 0.209083 0.118312 0.001007 0.080463 0.000008
0.027792 0.559365 0.210922 0.119233 0.001017 0.081660 0.000011
0.028049 0.557722 0.211114 0.119498 0.001020 0.082585 0.000012
0.028573 0.555844 0.211554 0.119756 0.001022 0.083239 0.000011
0.028079 0.554560 0.212184 0.120090 0.001048 0.084026 0.000013
0.029011 0.551716 0.212739 0.120509 0.001063 0.084952 0.000010
0.027372 0.549737 0.214394 0.121228 0.001073 0.086185 0.000011
0.030622 0.546568 0.214139 0.120998 0.001070 0.086591 0.000011
0.030857 0.545028 0.214442 0.121257 0.001093 0.087313 0.000012
0.031454 0.542203 0.215115 0.121802 0.001096 0.088319 0.000011
0.033609 0.538119 0.215825 0.121830 0.001104 0.089503 0.000010
0.033158 0.538029 0.215968 0.122054 0.001104 0.089675 0.000012
0.031828 0.537152 0.216739 0.122621 0.001126 0.090523 0.000011
0.033551 0.533083 0.217366 0.123091 0.001133 0.091765 0.000011
0.033788 0.532591 0.217300 0.123014 0.001148 0.092146 0.000013
0.034353 0.529953 0.218109 0.123251 0.001167 0.093158 0.000010
0.034987 0.527905 0.218541 0.123478 0.001161 0.093916 0.000012
0.037325 0.525776 0.218043 0.123300 0.001160 0.094384 0.000012
0.037789 0.521734 0.219439 0.123930 0.001172 0.095924 0.000012
0.035929 0.522343 0.219858 0.124234 0.001193 0.096430 0.000013
0.035836 0.519859 0.220828 0.124786 0.001201 0.097478 0.000012
0.034087 0.518876 0.221733 0.125402 0.001227 0.098662 0.000013
0.034588 0.517420 0.221921 0.125538 0.001224 0.099296 0.000014
0.031057 0.516328 0.223882 0.126619 0.001261 0.100839 0.000013
0.033691 0.515800 0.222802 0.125897 0.001225 0.100572 0.000013
0.030854 0.512924 0.225020 0.127126 0.001276 0.102787 0.000014
0.031804 0.512659 0.224602 0.126842 0.001265 0.102815 0.000013
0.029674 0.510477 0.226229 0.127762 0.001285 0.104559 0.000013
0.030336 0.509368 0.226030 0.127816 0.001309 0.105128 0.000014
0.028966 0.508069 0.227142 0.128275 0.001306 0.106227 0.000015
0.027687 0.506154 0.228141 0.128895 0.001350 0.107760 0.000013
0.027241 0.505303 0.228387 0.129169 0.001353 0.108531 0.000016
0.025314 0.503805 0.229896 0.129882 0.001366 0.109722 0.000015
0.024129 0.502147 0.231083 0.130315 0.001378 0.110932 0.000015
0.024734 0.502340 0.230682 0.130022 0.001374 0.110833 0.000016
0.025128 0.498864 0.231331 0.130613 0.001399 0.112648 0.000016
0.023731 0.499590 0.231623 0.130760 0.001411 0.112870 0.000014
0.022563 0.496807 0.233121 0.131723 0.001397 0.114375 0.000015
0.021972 0.495146 0.233958 0.132015 0.001421 0.115475 0.000014
0.020630 0.492771 0.235275 0.132803 0.001455 0.117049 0.000016
0.020623 0.492049 0.235261 0.132887 0.001454 0.117711 0.000016
0.019852 0.489513 0.236565 0.133504 0.001472 0.119078 0.000016
0.019041 0.487557 0.237460 0.134052 0.001488 0.120386 0.000016
0.019222 0.486701 0.237534 0.134106 0.001493 0.120929 0.000015
0.017906 0.484218 0.239110 0.134873 0.001491 0.122385 0.000017
0.017290 0.482129 0.239918 0.135522 0.001518 0.123608 0.000015
0.017369 0.480037 0.240624 0.135726 0.001525 0.124702 0.000017
0.017006 0.478610 0.240888 0.136183 0.001548 0.125747 0.000019
0.016999 0.476925 0.241376 0.136338 0.001555 0.126790 0.000018
0.016438 0.475255 0.241965 0.136769 0.001566 0.127990 0.000017
0.016391 0.473106 0.242762 0.137108 0.001587 0.129027 0.000018
0.016891 0.474360 0.241637 0.136630 0.001581 0.128882 0.000019
0.016078 0.470702 0.243321 0.137422 0.001612 0.130846 0.000020
0.016006 0.469746 0.243511 0.137602 0.001615 0.131501 0.000019
0.015517 0.466085 0.244927 0.138351 0.001642 0.133460 0.000017
0.015407 0.464520 0.245595 0.138513 0.001664 0.134280 0.000021
0.015204 0.463014 0.245886 0.138900 0.001680 0.135295 0.000021
0.015026 0.460614 0.246651 0.139301 0.001676 0.136716 0.000017
0.014904 0.459150 0.247039 0.139482 0.001684 0.137720 0.000021
0.014979 0.457248 0.247664 0.139514 0.001704 0.138870 0.000022
0.015035 0.456766 0.247487 0.139525 0.001701 0.139464 0.000022
0.014721 0.454719 0.248337 0.140003 0.001718 0.140479 0.000023
0.014715 0.453483 0.248491 0.140248 0.001719 0.141320 0.000024
0.014729 0.452442 0.248583 0.140196 0.001731 0.142296 0.000024
0.014417 0.448775 0.249732 0.141086 0.001735 0.144230 0.000024
0.014275 0.447818 0.250102 0.141268 0.001762 0.144751 0.000023
0.014114 0.445934 0.250683 0.141488 0.001776 0.145982 0.000023
0.014311 0.445216 0.250729 0.141308 0.001784 0.146627 0.000024
0.014236 0.443446 0.250937 0.141983 0.001790 0.147585 0.000023
0.014099 0.440825 0.251724 0.142211 0.001812 0.149306 0.000022
0.014081 0.439558 0.252202 0.142284 0.001838 0.150011 0.000025
0.014004 0.438897 0.252212 0.142424 0.001834 0.150605 0.000025
0.014034 0.435703 0.252967 0.142685 0.001845 0.152742 0.000024
0.013867 0.435180 0.253082 0.142902 0.001858 0.153085 0.000026
0.013941 0.433518 0.253475 0.143087 0.001863 0.154089 0.000026
0.013808 0.431389 0.254163 0.143442 0.001880 0.155290 0.000027
0.013957 0.430572 0.254148 0.143442 0.001892 0.155963 0.000026
0.013843 0.429244 0.254278 0.143584 0.001907 0.157116 0.000029
0.013643 0.426135 0.255503 0.144027 0.001912 0.158752 0.000028
0.013617 0.425565 0.255306 0.144140 0.001940 0.159406 0.000026
0.013530 0.423422 0.255851 0.144493 0.001934 0.160743 0.000028
0.013536 0.422006 0.256157 0.144513 0.001959 0.161803 0.000026
0.013533 0.421521 0.256281 0.144570 0.001940 0.162127 0.000027
0.013474 0.418040 0.257368 0.145062 0.001986 0.164044 0.000027
0.013480 0.417156 0.257206 0.145208 0.001988 0.164933 0.000028
0.013461 0.415664 0.257403 0.145293 0.002017 0.166130 0.000032
0.013274 0.412847 0.258278 0.145671 0.002035 0.167862 0.000032
0.013461 0.413396 0.257849 0.145550 0.002053 0.167658 0.000032
0.013410 0.411688 0.258251 0.145599 0.002049 0.168973 0.000030
0.013289 0.410160 0.258650 0.145837 0.002076 0.169957 0.000031
0.013311 0.408320 0.258873 0.146151 0.002071 0.171245 0.000029
0.013213 0.406191 0.259482 0.146474 0.002103 0.172506 0.000032
0.013154 0.405904 0.259398 0.146196 0.002083 0.173230 0.000034
0.013108 0.403912 0.260120 0.146492 0.002104 0.174231 0.000034
0.013102 0.401902 0.260323 0.146802 0.002120 0.175718 0.000033
0.013274 0.400685 0.260409 0.146795 0.002122 0.176683 0.000031
0.013005 0.399232 0.260853 0.147279 0.002151 0.177448 0.000031
0.013056 0.397250 0.261236 0.147360 0.002156 0.178908 0.000034
0.012922 0.395787 0.261508 0.147717 0.002177 0.179855 0.000034
0.013051 0.394679 0.261568 0.147523 0.002198 0.180950 0.000030
0.012984 0.392885 0.261971 0.147711 0.002202 0.182215 0.000031
0.013071 0.391992 0.261870 0.147696 0.002208 0.183131 0.000032
0.013278 0.390364 0.261908 0.147999 0.002204 0.184212 0.000033
0.019023 0.387233 0.260414 0.147071 0.002194 0.184032 0.000033
0.018394 0.385974 0.260886 0.147132 0.002217 0.185363 0.000035
0.018297 0.384290 0.261181 0.147523 0.002255 0.186420 0.000035
0.019067 0.383363 0.260835 0.147287 0.002259 0.187155 0.000034
0.018613 0.382238 0.261236 0.147545 0.002274 0.188057 0.000036
0.019838 0.380523 0.260958 0.147333 0.002286 0.189025 0.000038
0.018975 0.380073 0.261447 0.147395 0.002274 0.189800 0.000037
0.018124 0.378582 0.261801 0.147749 0.002316 0.191395 0.000034
0.018355 0.377122 0.261948 0.147839 0.002291 0.192407 0.000039
0.020336 0.375830 0.261262 0.147485 0.002316 0.192732 0.000039
0.018939 0.374576 0.261731 0.147834 0.002338 0.194546 0.000036
0.018897 0.373329 0.262014 0.147846 0.002351 0.195528 0.000037
0.018361 0.373456 0.261953 0.147735 0.002344 0.196112 0.000039
0.017700 0.371559 0.262541 0.148122 0.002382 0.197657 0.000040
0.017334 0.370137 0.262800 0.148171 0.002375 0.199142 0.000041
0.017539 0.369348 0.262651 0.148367 0.002378 0.199676 0.000041
0.016670 0.368426 0.262985 0.148530 0.002377 0.200974 0.000038
0.016642 0.367587 0.262803 0.148655 0.002387 0.201885 0.000041
0.016264 0.364893 0.263649 0.148963 0.002408 0.203779 0.000044
0.015769 0.364340 0.263827 0.148854 0.002436 0.204734 0.000040
0.015168 0.364122 0.264324 0.148962 0.002423 0.204958 0.000042
0.015238 0.362420 0.264264 0.149341 0.002438 0.206255 0.000044
0.015182 0.360727 0.264367 0.149296 0.002469 0.207914 0.000045
0.015032 0.359478 0.264679 0.149332 0.002493 0.208943 0.000044
0.014508 0.357901 0.265023 0.149753 0.002488 0.210283 0.000044
0.013946 0.356509 0.265563 0.150029 0.002501 0.211407 0.000046
0.014153 0.355992 0.265349 0.149993 0.002519 0.211946 0.000048
0.014059 0.354779 0.265251 0.149821 0.002563 0.213482 0.000044
0.013592 0.352130 0.266121 0.150253 0.002559 0.215300 0.000045
0.013784 0.351378 0.265766 0.150315 0.002573 0.216136 0.000048
0.013435 0.349236 0.266547 0.150487 0.002584 0.217665 0.000046
0.013496 0.349372 0.266237 0.150421 0.002570 0.217860 0.000045
0.013607 0.348917 0.266302 0.150344 0.002574 0.218209 0.000046
0.013618 0.346555 0.266570 0.150296 0.002607 0.220308 0.000045
0.013519 0.346114 0.266300 0.150756 0.002654 0.220614 0.000045
0.013278 0.344085 0.266869 0.150760 0.002641 0.222319 0.000047
0.013339 0.342727 0.266933 0.150810 0.002649 0.223497 0.000045
0.013309 0.340744 0.267203 0.150922 0.002684 0.225087 0.000052
0.013350 0.340140 0.267040 0.150871 0.002684 0.225866 0.000049
0.013250 0.340002 0.266967 0.150782 0.002702 0.226245 0.000052
0.013079 0.337679 0.267414 0.151091 0.002714 0.227977 0.000045
0.012938 0.336359 0.267738 0.151181 0.002742 0.228990 0.000052
0.012980 0.335639 0.267660 0.151126 0.002712 0.229833 0.000050
0.013019 0.334552 0.267669 0.151054 0.002740 0.230914 0.000052
0.012867 0.332297 0.268144 0.151280 0.002755 0.232602 0.000054
0.013065 0.332291 0.267593 0.151273 0.002742 0.232982 0.000053
0.012997 0.330470 0.267839 0.151347 0.002752 0.234541 0.000054
0.012957 0.328788 0.268085 0.151496 0.002780 0.235837 0.000058
0.012909 0.326952 0.268277 0.151537 0.002806 0.237461 0.000059
0.012905 0.327082 0.268202 0.151440 0.002781 0.237535 0.000055
0.012936 0.326546 0.268252 0.151405 0.002803 0.238001 0.000057
0.012856 0.324490 0.268447 0.151634 0.002830 0.239685 0.000058
0.012988 0.324159 0.268089 0.151681 0.002843 0.240180 0.000060
0.012796 0.321983 0.268389 0.151610 0.002857 0.242307 0.000058
0.012905 0.320789 0.268433 0.151621 0.002861 0.243334 0.000058
0.012779 0.318911 0.269000 0.151885 0.002866 0.244498 0.000061
0.012784 0.319202 0.268397 0.151729 0.002850 0.244976 0.000063
0.012740 0.316918 0.268868 0.151816 0.002887 0.246707 0.000063
0.012882 0.316646 0.268483 0.151791 0.002922 0.247213 0.000062
0.013071 0.315654 0.268510 0.151665 0.002950 0.248086 0.000064
0.013030 0.315098 0.268304 0.151413 0.002926 0.249163 0.000066
0.012957 0.312898 0.268766 0.151795 0.002955 0.250566 0.000064
0.012897 0.311119 0.269125 0.151743 0.002978 0.252075 0.000063
0.012961 0.309968 0.268953 0.151769 0.002987 0.253297 0.000065
0.012948 0.309725 0.268816 0.151937 0.002951 0.253560 0.000063
0.013011 0.308471 0.268874 0.151897 0.002979 0.254706 0.000062
0.012968 0.307262 0.268786 0.151794 0.003016 0.256106 0.000068
0.012929 0.306071 0.268928 0.151625 0.003028 0.257352 0.000068
0.012970 0.304804 0.268739 0.151881 0.003026 0.258519 0.000061
0.013085 0.303799 0.268812 0.151888 0.003069 0.259281 0.000066
0.012956 0.303204 0.268879 0.151958 0.003073 0.259867 0.000063
0.013032 0.301699 0.268824 0.151835 0.003068 0.261471 0.000071
0.012917 0.299923 0.269081 0.152120 0.003058 0.262831 0.000070
0.012999 0.299460 0.268738 0.151966 0.003055 0.263718 0.000064
0.013060 0.298452 0.269021 0.151850 0.003080 0.264463 0.000073
0.012974 0.298238 0.268715 0.151801 0.003086 0.265119 0.000068
0.013104 0.296938 0.268923 0.151779 0.003131 0.266056 0.000069
0.013129 0.295665 0.268673 0.151706 0.003123 0.267636 0.000068
0.012903 0.294648 0.268755 0.151972 0.003116 0.268535 0.000071
0.013329 0.293157 0.268498 0.151786 0.003144 0.270017 0.000070
0.013018 0.292511 0.268489 0.151662 0.003124 0.271123 0.000074
0.013209 0.290969 0.268632 0.151756 0.003142 0.272220 0.000072
0.013146 0.291039 0.268404 0.151583 0.003159 0.272597 0.000071
0.013287 0.289835 0.268202 0.151586 0.003164 0.273852 0.000074
0.013255 0.288310 0.268429 0.151643 0.003205 0.275081 0.000077
0.013040 0.287494 0.268596 0.151684 0.003207 0.275905 0.000074
0.013069 0.286365 0.268203 0.151500 0.003224 0.277562 0.000077
0.013261 0.286148 0.268308 0.151550 0.003216 0.277442 0.000075
0.013328 0.284543 0.268215 0.151611 0.003249 0.278975 0.000079
0.013231 0.283408 0.268200 0.151597 0.003235 0.280249 0.000078
0.013156 0.281618 0.268106 0.151593 0.003246 0.282204 0.000077
0.013267 0.281477 0.268196 0.151416 0.003264 0.282301 0.000078
0.013260 0.280555 0.268112 0.151162 0.003293 0.283538 0.000080
0.013280 0.279240 0.267896 0.151488 0.003282 0.284734 0.000080
0.013315 0.278664 0.267680 0.151394 0.003263 0.285608 0.000076
0.013309 0.277011 0.267994 0.151209 0.003269 0.287127 0.000081
0.013353 0.277248 0.267649 0.151183 0.003307 0.287182 0.000076
0.013237 0.275775 0.267503 0.151261 0.003274 0.288870 0.000080
0.013356 0.274512 0.267724 0.151168 0.003328 0.289832 0.000080
0.013543 0.273558 0.267616 0.151288 0.003335 0.290577 0.000083
0.013348 0.271900 0.267569 0.151340 0.003355 0.292405 0.000082
0.013400 0.271532 0.267437 0.150998 0.003361 0.293186 0.000085
0.013524 0.271234 0.267288 0.150902 0.003415 0.293558 0.000080
0.013466 0.269777 0.267340 0.151043 0.003398 0.294894 0.000082
0.013474 0.268777 0.267087 0.150961 0.003392 0.296221 0.000088
0.013451 0.267807 0.266983 0.151022 0.003372 0.297275 0.000090
0.013470 0.267396 0.267032 0.150666 0.003402 0.297947 0.000087
0.013581 0.266091 0.266792 0.150642 0.003453 0.299355 0.000086
0.013436 0.265682 0.266648 0.150585 0.003447 0.300112 0.000090
0.013603 0.264422 0.266721 0.150684 0.003439 0.301044 0.000088
0.014610 0.262969 0.266289 0.150326 0.003479 0.302238 0.000089
0.019957 0.261959 0.264636 0.149189 0.003440 0.300732 0.000088
0.020027 0.261346 0.264425 0.149231 0.003440 0.301441 0.000091
0.022030 0.261102 0.263207 0.148698 0.003422 0.301452 0.000090
0.021744 0.259687 0.263139 0.148631 0.003426 0.303280 0.000094
0.021904 0.259164 0.263003 0.148592 0.003429 0.303821 0.000088
0.020719 0.258207 0.263416 0.148804 0.003475 0.305291 0.000088
0.022634 0.257218 0.262250 0.148436 0.003468 0.305904 0.000090
0.021150 0.257773 0.262520 0.148392 0.003498 0.306575 0.000092
0.021477 0.256846 0.261949 0.148313 0.003515 0.307805 0.000095
0.020379 0.256174 0.262784 0.148402 0.003518 0.308650 0.000093
0.020923 0.256336 0.262087 0.148125 0.003572 0.308870 0.000087
0.019550 0.255521 0.262327 0.148234 0.003532 0.310745 0.000091
0.019423 0.254590 0.262269 0.148334 0.003584 0.311709 0.000090
0.017428 0.253340 0.263004 0.148548 0.003588 0.314002 0.000091
0.018226 0.253123 0.262442 0.148165 0.003600 0.314349 0.000095
0.017562 0.251554 0.262484 0.148330 0.003586 0.316386 0.000098
0.017586 0.252253 0.262490 0.148124 0.003584 0.315870 0.000093
0.017235 0.250742 0.262356 0.148124 0.003628 0.317821 0.000093
0.016812 0.249664 0.262441 0.148173 0.003662 0.319148 0.000100
0.016925 0.248896 0.262235 0.148123 0.003653 0.320068 0.000100
0.016578 0.248337 0.262423 0.147953 0.003655 0.320953 0.000099
0.015830 0.246735 0.262761 0.148510 0.003629 0.322439 0.000096
0.016204 0.246762 0.262140 0.148117 0.003675 0.323002 0.000100
0.016253 0.246168 0.261878 0.147932 0.003683 0.323985 0.000100
0.016104 0.245162 0.262134 0.147909 0.003710 0.324873 0.000108
0.015300 0.243712 0.262098 0.148207 0.003706 0.326872 0.000105
0.015169 0.242730 0.262327 0.148055 0.003735 0.327883 0.000101
0.015079 0.241914 0.262254 0.148256 0.003712 0.328677 0.000108
0.015267 0.241042 0.262054 0.147833 0.003737 0.329956 0.000111
0.015145 0.240016 0.261837 0.147756 0.003747 0.331390 0.000109
0.014886 0.239129 0.262019 0.147881 0.003744 0.332230 0.000110
0.015010 0.239555 0.261601 0.147758 0.003768 0.332210 0.000099
0.015037 0.237682 0.261570 0.147619 0.003769 0.334216 0.000106
0.014866 0.236484 0.261487 0.147705 0.003818 0.335536 0.000105
0.015255 0.237216 0.260788 0.147265 0.003779 0.335580 0.000116
0.015034 0.235567 0.261022 0.147488 0.003813 0.336968 0.000108
0.015160 0.235293 0.260528 0.147051 0.003831 0.338022 0.000115
0.014847 0.233451 0.260716 0.147300 0.003860 0.339717 0.000108
0.015144 0.234075 0.260596 0.146957 0.003851 0.339264 0.000113
0.015066 0.233205 0.260117 0.146932 0.003795 0.340771 0.000113
0.014905 0.231653 0.260088 0.146968 0.003875 0.342399 0.000112
0.015024 0.231541 0.259905 0.146923 0.003861 0.342632 0.000115
0.015025 0.229706 0.260209 0.146654 0.003923 0.344371 0.000113
0.014956 0.229377 0.259646 0.146619 0.003929 0.345360 0.000112
0.014980 0.229184 0.259399 0.146483 0.003895 0.345942 0.000117
0.014847 0.228265 0.259742 0.146625 0.003931 0.346474 0.000116
0.014812 0.226889 0.259469 0.146579 0.003924 0.348211 0.000117
0.014934 0.226746 0.258982 0.146429 0.003927 0.348867 0.000114
0.015148 0.226219 0.258867 0.146119 0.003929 0.349599 0.000120
0.014911 0.224173 0.258568 0.146248 0.003940 0.352041 0.000119
0.015038 0.224547 0.258406 0.145798 0.003947 0.352148 0.000118
0.014804 0.223029 0.258381 0.145955 0.003993 0.353722 0.000116
0.014921 0.222476 0.258227 0.145679 0.003991 0.354589 0.000117
0.014927 0.222540 0.258069 0.145636 0.003972 0.354733 0.000122
0.015155 0.221380 0.257781 0.145472 0.003979 0.356117 0.000116
0.015009 0.220871 0.257490 0.145492 0.003984 0.357036 0.000119
0.015041 0.220108 0.257516 0.145491 0.003987 0.357736 0.000121
0.015196 0.219038 0.257436 0.145291 0.004011 0.358911 0.000117
0.015076 0.218991 0.257162 0.145108 0.003999 0.359547 0.000117
0.015276 0.217610 0.256999 0.145122 0.004023 0.360847 0.000122
0.015115 0.217636 0.257038 0.145136 0.004012 0.360937 0.000126
0.015267 0.216069 0.256557 0.144885 0.004044 0.363054 0.000126
0.015263 0.214644 0.256237 0.144627 0.004043 0.365057 0.000129
0.015316 0.215053 0.256160 0.144806 0.004030 0.364516 0.000119
0.015337 0.214331 0.255856 0.144675 0.004088 0.365585 0.000129
0.015240 0.212507 0.256035 0.144587 0.004068 0.367435 0.000128
0.015240 0.211922 0.255676 0.144450 0.004070 0.368512 0.000131
0.015278 0.212533 0.255549 0.144488 0.004115 0.367914 0.000123
0.015325 0.211626 0.255409 0.144466 0.004060 0.368980 0.000132
0.015318 0.210341 0.255049 0.144244 0.004159 0.370757 0.000132
0.015450 0.209894 0.255026 0.144059 0.004115 0.371331 0.000125
0.015534 0.210260 0.254661 0.143852 0.004129 0.371427 0.000137
0.015481 0.209306 0.254399 0.143586 0.004105 0.372990 0.000134
0.015613 0.207501 0.253986 0.143468 0.004140 0.375161 0.000130
0.015467 0.207274 0.254213 0.143657 0.004152 0.375102 0.000134
0.015588 0.207058 0.253822 0.143609 0.004158 0.375630 0.000135
0.015614 0.206175 0.253675 0.143419 0.004148 0.376834 0.000134
0.015641 0.205603 0.253462 0.143348 0.004169 0.377642 0.000134
0.015813 0.204251 0.253303 0.143313 0.004209 0.378977 0.000136
0.015760 0.204491 0.253181 0.142938 0.004202 0.379298 0.000130
0.015691 0.203630 0.252887 0.142796 0.004213 0.380649 0.000134
0.015552 0.203539 0.252874 0.142667 0.004192 0.381042 0.000134
0.015787 0.201661 0.252292 0.142734 0.004246 0.383155 0.000126
0.015630 0.201795 0.252466 0.142753 0.004213 0.383010 0.000133
0.015826 0.200194 0.251978 0.142369 0.004255 0.385240 0.000139
0.015861 0.200350 0.251824 0.142297 0.004234 0.385299 0.000136
0.015874 0.198737 0.251605 0.142474 0.004258 0.386912 0.000140
0.015895 0.199824 0.251439 0.142015 0.004242 0.386451 0.000134
0.015849 0.198260 0.250955 0.142136 0.004321 0.388338 0.000142
0.016120 0.198452 0.250360 0.141583 0.004286 0.389062 0.000136
0.015991 0.197944 0.250505 0.141742 0.004302 0.389372 0.000144
0.015879 0.196877 0.250421 0.141855 0.004247 0.390571 0.000149
0.016034 0.195705 0.250040 0.141336 0.004328 0.392412 0.000144
0.016097 0.195036 0.249944 0.141257 0.004299 0.393222 0.000146
0.016165 0.194748 0.249433 0.141020 0.004317 0.394174 0.000142
0.016226 0.194766 0.249461 0.140825 0.004318 0.394266 0.000139
0.016188 0.193992 0.249216 0.140853 0.004333 0.395280 0.000138
0.016184 0.192303 0.248971 0.140663 0.004339 0.397393 0.000146
0.016217 0.191875 0.248660 0.140667 0.004369 0.398068 0.000144
0.016465 0.190973 0.248462 0.140519 0.004352 0.399077 0.000152
0.016431 0.191860 0.248733 0.140408 0.004365 0.398052 0.000151
0.016417 0.191183 0.248165 0.140273 0.004396 0.399413 0.000152
0.016414 0.190123 0.247748 0.140140 0.004406 0.401019 0.000150
0.016433 0.188977 0.247758 0.139922 0.004368 0.402390 0.000151
0.016446 0.188928 0.247452 0.139867 0.004396 0.402756 0.000155
0.016346 0.188536 0.247132 0.139823 0.004385 0.403624 0.000153
0.016555 0.188071 0.246869 0.139548 0.004398 0.404407 0.000152
0.016523 0.186636 0.246632 0.139519 0.004404 0.406133 0.000153
0.016563 0.187032 0.246805 0.139278 0.004424 0.405746 0.000152
0.016675 0.185671 0.246178 0.139196 0.004411 0.407715 0.000154
0.016622 0.185363 0.246387 0.139041 0.004424 0.408010 0.000152
0.016827 0.185089 0.245491 0.138816 0.004464 0.409159 0.000155
0.016797 0.184434 0.245708 0.138780 0.004446 0.409676 0.000160
0.016685 0.184661 0.245623 0.138635 0.004445 0.409797 0.000154
0.016686 0.183705 0.245241 0.138524 0.004464 0.411223 0.000157
0.016743 0.182781 0.245036 0.138363 0.004500 0.412414 0.000163
0.016839 0.182740 0.244738 0.138237 0.004504 0.412775 0.000167
0.016980 0.181311 0.244404 0.137809 0.004545 0.414800 0.000151
0.016813 0.180781 0.244346 0.138085 0.004495 0.415322 0.000159
0.017051 0.180253 0.243978 0.137698 0.004526 0.416331 0.000163
0.017093 0.179986 0.243862 0.137734 0.004469 0.416695 0.000161
0.017048 0.179303 0.243695 0.137642 0.004486 0.417658 0.000168
0.017046 0.178979 0.243389 0.137429 0.004495 0.418499 0.000163
0.017059 0.178592 0.243278 0.137392 0.004488 0.419022 0.000168
0.017010 0.178263 0.242684 0.137255 0.004530 0.420095 0.000163
0.016972 0.177833 0.242669 0.137126 0.004555 0.420677 0.000169
0.017154 0.177008 0.242261 0.137057 0.004543 0.421810 0.000167
0.017128 0.175877 0.242089 0.136748 0.004605 0.423382 0.000172
0.017309 0.176301 0.242042 0.136469 0.004566 0.423149 0.000164
0.017227 0.175826 0.241465 0.136593 0.004575 0.424141 0.000172
0.017415 0.175512 0.241130 0.136423 0.004575 0.424771 0.000173
0.017395 0.174935 0.240876 0.136269 0.004538 0.425817 0.000168
0.017405 0.173452 0.240701 0.135896 0.004631 0.427739 0.000176
0.017390 0.173533 0.240311 0.135985 0.004630 0.427973 0.000178
0.017369 0.173035 0.240086 0.135867 0.004631 0.428840 0.000173
0.017503 0.171616 0.239666 0.135659 0.004675 0.430705 0.000176
0.017608 0.171897 0.240038 0.135559 0.004639 0.430090 0.000169
0.017564 0.171207 0.239554 0.135277 0.004661 0.431557 0.000180
0.017725 0.171228 0.239046 0.134999 0.004674 0.432156 0.000172
0.017549 0.169734 0.238676 0.135034 0.004706 0.434121 0.000180
0.017648 0.170523 0.238548 0.134888 0.004660 0.433555 0.000177
0.017719 0.169820 0.238530 0.134700 0.004663 0.434383 0.000184
0.017739 0.169192 0.237857 0.134659 0.004647 0.435728 0.000177
0.017859 0.168174 0.237561 0.134443 0.004700 0.437089 0.000176
0.017975 0.167734 0.237335 0.134350 0.004753 0.437672 0.000180
0.017831 0.167501 0.237276 0.134264 0.004677 0.438265 0.000186
0.017918 0.167002 0.237293 0.133905 0.004741 0.438965 0.000176
0.018009 0.166603 0.236689 0.133832 0.004706 0.439983 0.000178
0.017992 0.166316 0.236558 0.133573 0.004743 0.440632 0.000187
0.018158 0.166000 0.236557 0.133700 0.004753 0.440645 0.000187
0.018170 0.166084 0.235831 0.133555 0.004723 0.441457 0.000180
0.018225 0.165326 0.235796 0.133133 0.004758 0.442579 0.000182
0.018343 0.164622 0.235502 0.133187 0.004762 0.443397 0.000187
0.018293 0.163779 0.235333 0.132947 0.004801 0.444661 0.000186
0.018486 0.163409 0.234759 0.132812 0.004805 0.445547 0.000183
0.018149 0.163209 0.234609 0.132810 0.004795 0.446247 0.000181
0.018518 0.162786 0.234118 0.132570 0.004788 0.447033 0.000187
0.018420 0.162793 0.233989 0.132457 0.004806 0.447349 0.000186
0.018414 0.161328 0.233629 0.132056 0.004805 0.449579 0.000188
0.018547 0.161306 0.233334 0.132196 0.004842 0.449589 0.000187
0.018490 0.160962 0.233225 0.132035 0.004827 0.450265 0.000196
0.018427 0.160430 0.232774 0.131930 0.004839 0.451402 0.000198
0.018552 0.160315 0.232692 0.131882 0.004831 0.451536 0.000193
0.018567 0.160346 0.232557 0.131657 0.004819 0.451866 0.000188
0.018599 0.159122 0.232382 0.131430 0.004798 0.453482 0.000186
0.018655 0.158839 0.232093 0.131094 0.004898 0.454235 0.000188
0.018714 0.158203 0.231728 0.130894 0.004847 0.455414 0.000199
0.018651 0.158214 0.231503 0.130848 0.004899 0.455692 0.000193
0.018687 0.157290 0.231179 0.130536 0.004829 0.457280 0.000199
0.018749 0.156512 0.231076 0.130377 0.004854 0.458232 0.000201
0.018945 0.156964 0.230774 0.130444 0.004875 0.457799 0.000199
0.018953 0.155879 0.230087 0.130076 0.004902 0.459912 0.000192
0.019084 0.155609 0.230135 0.130179 0.004889 0.459903 0.000201
0.019126 0.156405 0.229955 0.129761 0.004863 0.459692 0.000198
0.018962 0.154585 0.229459 0.129775 0.004909 0.462109 0.000201
0.018921 0.154185 0.229681 0.129524 0.004915 0.462577 0.000196
0.019185 0.154452 0.229345 0.129149 0.004886 0.462775 0.000208
0.019131 0.153777 0.228649 0.129205 0.004936 0.464105 0.000196
0.019193 0.153699 0.228651 0.129130 0.004892 0.464226 0.000209
0.019237 0.152929 0.228373 0.128923 0.004966 0.465361 0.000210
0.019430 0.152438 0.227930 0.128804 0.004912 0.466279 0.000206
0.019421 0.152649 0.227691 0.128722 0.004964 0.466345 0.000209
0.019268 0.151784 0.227815 0.128436 0.004949 0.467537 0.000210
0.019488 0.151956 0.227420 0.128361 0.004926 0.467637 0.000211
0.019302 0.151759 0.227086 0.128361 0.004891 0.468390 0.000212
0.019340 0.150788 0.226692 0.127915 0.004940 0.470112 0.000213
0.019378 0.150213 0.226364 0.127930 0.004976 0.470927 0.000211
0.019525 0.150157 0.226239 0.127701 0.004976 0.471185 0.000217
0.019479 0.149364 0.225806 0.127468 0.004986 0.472688 0.000208
0.019726 0.149113 0.225532 0.127562 0.004963 0.472889 0.000214
0.019602 0.148750 0.225477 0.127324 0.005008 0.473615 0.000223
0.019670 0.148922 0.224864 0.126975 0.004999 0.474354 0.000217
0.019811 0.148087 0.224573 0.127079 0.005002 0.475229 0.000218
0.019845 0.147558 0.224714 0.126690 0.005005 0.475969 0.000219
0.019987 0.147030 0.224238 0.126548 0.004975 0.477003 0.000219
0.019876 0.146901 0.223934 0.126527 0.005020 0.477520 0.000222
0.019875 0.146059 0.223681 0.126213 0.004997 0.478950 0.000225
0.019892 0.145954 0.223694 0.126215 0.005001 0.479022 0.000222
0.020073 0.145373 0.223100 0.125802 0.005068 0.480361 0.000222
0.020059 0.145229 0.223175 0.125830 0.005040 0.480443 0.000223
0.020093 0.144584 0.222711 0.125545 0.005075 0.481766 0.000225
0.020161 0.144484 0.222268 0.125463 0.005043 0.482347 0.000234
0.020464 0.144300 0.221930 0.125324 0.005025 0.482731 0.000225
0.020170 0.143481 0.221634 0.125237 0.005075 0.484169 0.000234
0.020241 0.143707 0.221667 0.125164 0.005035 0.483950 0.000236
0.020274 0.143476 0.221498 0.124814 0.005091 0.484610 0.000237
0.020379 0.142799 0.220818 0.124649 0.005096 0.486030 0.000229
0.020375 0.142563 0.220838 0.124401 0.005110 0.486478 0.000235
0.020489 0.141984 0.220376 0.124481 0.005111 0.487315 0.000245
0.020366 0.142005 0.220366 0.124124 0.005099 0.487798 0.000243
0.020378 0.141545 0.220117 0.123862 0.005094 0.488762 0.000243
0.020511 0.140892 0.219978 0.123961 0.005089 0.489341 0.000228
0.020636 0.140473 0.219787 0.123712 0.005119 0.490040 0.000233
0.020617 0.140182 0.218859 0.123755 0.005120 0.491232 0.000234
0.020755 0.140209 0.218752 0.123489 0.005151 0.491411 0.000234
0.020719 0.139388 0.218425 0.123275 0.005142 0.492808 0.000244
0.020894 0.139134 0.218119 0.122885 0.005125 0.493596 0.000246
0.020805 0.138679 0.218177 0.123208 0.005114 0.493778 0.000240
0.020915 0.138671 0.217627 0.122956 0.005142 0.494444 0.000245
0.021174 0.138233 0.217301 0.122691 0.005175 0.495187 0.000238
0.021007 0.137763 0.217107 0.122378 0.005167 0.496333 0.000245
0.020972 0.137696 0.216918 0.122610 0.005144 0.496413 0.000246
0.021077 0.137702 0.216662 0.122198 0.005135 0.496983 0.000243
0.021023 0.136585 0.216513 0.122021 0.005184 0.498419 0.000254
0.021238 0.136132 0.215761 0.121770 0.005225 0.499620 0.000254
0.021153 0.136134 0.215753 0.121706 0.005190 0.499820 0.000245
0.021196 0.135898 0.215389 0.121589 0.005210 0.500475 0.000243
0.021219 0.136199 0.215321 0.121509 0.005215 0.500286 0.000252
