0.964135 0.035056 0.000524 0.000276 0.000000 0.000009 0.000000
0.928649 0.069678 0.001066 0.000584 0.000000 0.000023 0.000000
0.919352 0.078714 0.001245 0.000661 0.000000 0.000028 0.000000
0.909477 0.088342 0.001403 0.000748 0.000000 0.000030 0.000000
0.898720 0.098803 0.001589 0.000854 0.000000 0.000034 0.000000
0.885811 0.111333 0.001834 0.000985 0.000000 0.000036 0.000000
0.871021 0.125681 0.002101 0.001152 0.000000 0.000045 0.000000
0.859893 0.136458 0.002321 0.001278 0.000000 0.000050 0.000000
0.845432 0.150470 0.002581 0.001460 0.000000 0.000057 0.000000
0.832239 0.163158 0.002894 0.001640 0.000000 0.000070 0.000000
0.814250 0.180509 0.003247 0.001902 0.000000 0.000092 0.000000
0.800634 0.193619 0.003556 0.002095 0.000000 0.000096 0.000000
0.786120 0.207540 0.003924 0.002303 0.000001 0.000112 0.000000
0.770174 0.222858 0.004331 0.002511 0.000002 0.000124 0.000000
0.754263 0.238074 0.004796 0.002725 0.000002 0.000140 0.000000
0.739948 0.251734 0.005221 0.002942 0.000002 0.000154 0.000000
0.723329 0.267611 0.005687 0.003202 0.000002 0.000169 0.000000
0.708078 0.282106 0.006162 0.003456 0.000003 0.000196 0.000000
0.691307 0.298054 0.006652 0.003773 0.000004 0.000211 0.000000
0.676459 0.312079 0.007163 0.004068 0.000004 0.000226 0.000000
0.660944 0.326768 0.007665 0.004371 0.000005 0.000248 0.000000
0.646710 0.340188 0.008189 0.004642 0.000005 0.000266 0.000000
0.630778 0.355095 0.008802 0.005022 0.000004 0.000298 0.000000
0.616278 0.368659 0.009386 0.005349 0.000004 0.000324 0.000000
0.602906 0.381041 0.009998 0.005696 0.000005 0.000355 0.000000
0.588187 0.394773 0.010611 0.006036 0.000006 0.000388 0.000000
0.574508 0.407375 0.011288 0.006403 0.000006 0.000419 0.000000
0.560654 0.420067 0.011976 0.006834 0.000006 0.000463 0.000000
0.547046 0.432592 0.012638 0.007214 0.000008 0.000503 0.000000
0.534395 0.444085 0.013343 0.007623 0.000008 0.000546 0.000000
0.521688 0.455608 0.014049 0.008055 0.000009 0.000591 0.000000
0.507884 0.468144 0.014839 0.008481 0.000009 0.000642 0.000000
0.495751 0.478989 0.015607 0.008945 0.000011 0.000697 0.000000
0.483833 0.489697 0.016336 0.009379 0.000010 0.000746 0.000000
0.471283 0.500770 0.017241 0.009900 0.000012 0.000795 0.000000
0.460278 0.510428 0.018036 0.010386 0.000012 0.000859 0.000000
0.449132 0.520280 0.018834 0.010838 0.000013 0.000903 0.000000
0.438862 0.529081 0.019696 0.011370 0.000014 0.000978 0.000000
0.426732 0.539494 0.020754 0.011951 0.000016 0.001053 0.000000
0.417816 0.547044 0.021599 0.012390 0.000016 0.001135 0.000000
0.407518 0.555748 0.022549 0.012952 0.000018 0.001215 0.000000
0.399197 0.562614 0.023414 0.013461 0.000019 0.001295 0.000000
0.390049 0.570085 0.024423 0.014045 0.000019 0.001379 0.000000
0.381461 0.576994 0.025452 0.014601 0.000020 0.001471 0.000000
0.372704 0.584185 0.026401 0.015155 0.000021 0.001535 0.000000
0.362039 0.592739 0.027654 0.015874 0.000020 0.001674 0.000000
0.357443 0.596004 0.028495 0.016291 0.000022 0.001746 0.000000
0.347404 0.603985 0.029720 0.016997 0.000022 0.001872 0.000000
0.338608 0.611022 0.030825 0.017545 0.000025 0.001975 0.000000
0.331681 0.616169 0.031870 0.018156 0.000026 0.002098 0.000000
0.325011 0.621143 0.032860 0.018752 0.000027 0.002206 0.000000
0.317538 0.626501 0.034107 0.019470 0.000028 0.002355 0.000000
0.306004 0.635544 0.035596 0.020324 0.000030 0.002502 0.000000
0.301293 0.638546 0.036551 0.020941 0.000033 0.002635 0.000000
0.292525 0.644867 0.038001 0.021769 0.000035 0.002804 0.000000
0.287194 0.648209 0.039209 0.022391 0.000036 0.002960 0.000000
0.279922 0.653533 0.040307 0.023100 0.000037 0.003100 0.000000
0.272580 0.658453 0.041752 0.023878 0.000038 0.003300 0.000000
0.267563 0.661374 0.043022 0.024518 0.000042 0.003481 0.000000
0.264635 0.662635 0.044037 0.025043 0.000042 0.003609 0.000000
0.260293 0.664541 0.045463 0.025839 0.000045 0.003820 0.000000
0.251922 0.670595 0.046754 0.026679 0.000045 0.004005 0.000000
0.253226 0.668007 0.047498 0.027094 0.000049 0.004127 0.000000
0.244455 0.673927 0.049244 0.027971 0.000051 0.004351 0.000000
0.238887 0.676711 0.050812 0.028927 0.000054 0.004608 0.000000
0.239500 0.674554 0.051698 0.029415 0.000055 0.004778 0.000000
0.232351 0.679054 0.053221 0.030287 0.000058 0.005028 0.000000
0.230159 0.679412 0.054283 0.030866 0.000060 0.005219 0.000000
0.227366 0.679927 0.055572 0.031615 0.000063 0.005456 0.000000
0.226475 0.679111 0.056580 0.032124 0.000065 0.005644 0.000000
0.221797 0.680660 0.058345 0.033140 0.000069 0.005989 0.000000
0.219450 0.681436 0.059262 0.033640 0.000069 0.006144 0.000000
0.217015 0.681429 0.060612 0.034452 0.000074 0.006418 0.000000
0.212716 0.682912 0.062212 0.035380 0.000077 0.006704 0.000000
0.213236 0.680947 0.063042 0.035805 0.000080 0.006889 0.000000
0.208937 0.682876 0.064363 0.036593 0.000082 0.007149 0.000000
0.206198 0.683254 0.065649 0.037342 0.000087 0.007469 0.000000
0.206125 0.681022 0.066878 0.038106 0.000087 0.007781 0.000000
0.206127 0.679574 0.067656 0.038579 0.000092 0.007971 0.000000
0.205227 0.678603 0.068704 0.039178 0.000095 0.008193 0.000000
0.198255 0.682028 0.070712 0.040294 0.000100 0.008611 0.000000
0.194132 0.683894 0.071983 0.040992 0.000106 0.008893 0.000000
0.195863 0.681024 0.072574 0.041345 0.000107 0.009087 0.000000
0.194581 0.680257 0.073719 0.041939 0.000113 0.009390 0.000000
0.190596 0.681578 0.075109 0.042827 0.000112 0.009777 0.000000
0.188140 0.682084 0.076208 0.043410 0.000119 0.010038 0.000000
0.182119 0.684792 0.078010 0.044499 0.000123 0.010456 0.000000
0.177941 0.685859 0.079788 0.045410 0.000132 0.010871 0.000000
0.174537 0.687462 0.080701 0.046049 0.000134 0.011116 0.000000
0.174962 0.685246 0.081713 0.046552 0.000133 0.011393 0.000000
0.172391 0.684697 0.083393 0.047544 0.000134 0.011841 0.000000
0.168166 0.687217 0.084305 0.048093 0.000145 0.012074 0.000000
0.164452 0.687656 0.086062 0.049097 0.000145 0.012588 0.000000
0.156855 0.691461 0.088233 0.050235 0.000152 0.013064 0.000000
0.152652 0.693267 0.089548 0.050951 0.000153 0.013427 0.000001
0.145708 0.695725 0.091982 0.052356 0.000161 0.014066 0.000001
0.145956 0.694476 0.092453 0.052671 0.000167 0.014276 0.000001
0.142937 0.694762 0.093921 0.053511 0.000167 0.014702 0.000000
0.134873 0.698166 0.096507 0.054950 0.000174 0.015329 0.000001
0.133223 0.698190 0.097355 0.055395 0.000179 0.015657 0.000001
0.125950 0.700492 0.100107 0.056874 0.000193 0.016384 0.000001
0.121168 0.702548 0.101538 0.057745 0.000198 0.016803 0.000001
0.115797 0.704190 0.103535 0.058887 0.000209 0.017381 0.000001
0.112095 0.702997 0.106189 0.060316 0.000211 0.018190 0.000001
0.108809 0.704649 0.107024 0.060850 0.000217 0.018451 0.000001
0.104483 0.704807 0.109242 0.062106 0.000224 0.019137 0.000001
0.101843 0.704337 0.110933 0.062966 0.000232 0.019688 0.000001
0.102236 0.702426 0.111611 0.063483 0.000241 0.020003 0.000000
0.097651 0.703023 0.113717 0.064630 0.000250 0.020727 0.000001
0.095929 0.701130 0.115555 0.065816 0.000256 0.021314 0.000001
0.096325 0.698812 0.116637 0.066224 0.000260 0.021741 0.000001
0.092064 0.698042 0.119336 0.067686 0.000277 0.022595 0.000001
0.093674 0.696231 0.119312 0.067727 0.000277 0.022779 0.000001
0.090187 0.695211 0.121713 0.069123 0.000289 0.023476 0.000001
0.090129 0.692129 0.123379 0.069925 0.000287 0.024150 0.000001
0.089378 0.690147 0.124642 0.070772 0.000304 0.024756 0.000000
0.090492 0.686744 0.125764 0.071449 0.000295 0.025256 0.000001
0.088901 0.685163 0.127347 0.072348 0.000312 0.025928 0.000001
0.090197 0.681858 0.128456 0.072840 0.000308 0.026341 0.000000
0.088588 0.680965 0.129598 0.073613 0.000317 0.026918 0.000001
0.088168 0.679355 0.130614 0.074063 0.000334 0.027466 0.000001
0.083971 0.677691 0.133646 0.075763 0.000334 0.028593 0.000001
0.088646 0.674671 0.132596 0.075260 0.000341 0.028485 0.000001
0.082830 0.674382 0.135693 0.077057 0.000359 0.029678 0.000001
0.082476 0.673114 0.136486 0.077464 0.000364 0.030095 0.000001
0.078722 0.673768 0.137983 0.078352 0.000371 0.030803 0.000001
0.079844 0.670819 0.138802 0.078874 0.000381 0.031279 0.000002
0.077166 0.669714 0.140785 0.079928 0.000386 0.032018 0.000003
0.074916 0.670098 0.141652 0.080449 0.000393 0.032491 0.000003
0.073949 0.668729 0.142763 0.081054 0.000404 0.033100 0.000002
0.072262 0.666522 0.144726 0.082117 0.000417 0.033953 0.000003
0.070225 0.666289 0.145780 0.082740 0.000426 0.034538 0.000002
0.070622 0.664477 0.146501 0.082989 0.000428 0.034981 0.000002
0.065471 0.664210 0.149094 0.084682 0.000445 0.036097 0.000002
0.065183 0.663411 0.149597 0.084895 0.000455 0.036458 0.000002
0.064169 0.660632 0.151196 0.086003 0.000459 0.037540 0.000002
0.062021 0.660021 0.152617 0.086762 0.000466 0.038111 0.000002
0.061731 0.657552 0.153928 0.087510 0.000463 0.038814 0.000002
0.059804 0.657312 0.154942 0.088000 0.000480 0.039461 0.000002
0.058064 0.654919 0.157043 0.089043 0.000488 0.040441 0.000002
0.054018 0.654513 0.159108 0.090482 0.000497 0.041380 0.000003
0.053358 0.652844 0.160222 0.091010 0.000508 0.042057 0.000002
0.054397 0.649836 0.161029 0.091402 0.000519 0.042813 0.000002
0.054567 0.647321 0.162089 0.092053 0.000529 0.043438 0.000002
0.053383 0.646192 0.163174 0.092631 0.000534 0.044083 0.000003
0.049670 0.645616 0.165313 0.093692 0.000551 0.045155 0.000002
0.049738 0.643146 0.166382 0.094343 0.000557 0.045831 0.000003
0.048078 0.641044 0.168024 0.095446 0.000564 0.046842 0.000002
0.049102 0.639350 0.168289 0.095523 0.000576 0.047157 0.000003
0.045554 0.638081 0.170458 0.096873 0.000597 0.048433 0.000004
0.050317 0.633208 0.170323 0.096849 0.000597 0.048701 0.000004
0.046757 0.633288 0.172070 0.097571 0.000601 0.049710 0.000004
0.046453 0.630966 0.173390 0.098129 0.000619 0.050440 0.000004
0.046387 0.629547 0.174004 0.098647 0.000620 0.050791 0.000003
0.046031 0.626162 0.175528 0.099563 0.000644 0.052070 0.000003
0.046503 0.624353 0.176091 0.099793 0.000633 0.052624 0.000004
0.046564 0.623320 0.176468 0.100034 0.000639 0.052971 0.000004
0.047040 0.619319 0.178016 0.100927 0.000649 0.054046 0.000004
0.043942 0.618561 0.179937 0.101827 0.000671 0.055059 0.000003
0.045315 0.614740 0.180931 0.102446 0.000673 0.055892 0.000004
0.044764 0.614051 0.181159 0.102882 0.000680 0.056460 0.000004
0.044521 0.612156 0.182032 0.103381 0.000692 0.057214 0.000004
0.043616 0.609377 0.183814 0.104204 0.000699 0.058286 0.000004
0.042704 0.608166 0.184655 0.104637 0.000710 0.059125 0.000004
0.039708 0.607165 0.186500 0.105691 0.000728 0.060203 0.000005
0.040890 0.605128 0.186622 0.105869 0.000741 0.060744 0.000005
0.040258 0.604127 0.187363 0.106228 0.000727 0.061291 0.000005
0.035945 0.601784 0.190259 0.108077 0.000758 0.063171 0.000006
0.036026 0.600035 0.190981 0.108393 0.000767 0.063793 0.000005
0.035729 0.598979 0.191565 0.108567 0.000753 0.064402 0.000006
0.036494 0.598024 0.191409 0.108654 0.000792 0.064622 0.000005
0.035017 0.595248 0.193276 0.109724 0.000798 0.065933 0.000004
0.032125 0.594152 0.195098 0.110789 0.000805 0.067025 0.000006
0.031623 0.591919 0.196210 0.111275 0.000817 0.068149 0.000006
0.032244 0.590777 0.196271 0.111283 0.000832 0.068587 0.000007
0.029605 0.589797 0.198016 0.112143 0.000826 0.069605 0.000007
0.029072 0.587469 0.199081 0.112887 0.000862 0.070622 0.000007
0.029600 0.586435 0.199215 0.112908 0.000859 0.070977 0.000007
0.027506 0.583797 0.201125 0.114199 0.000879 0.072488 0.000007
0.027050 0.582143 0.201931 0.114596 0.000872 0.073401 0.000007
0.026269 0.580222 0.203316 0.115151 0.000885 0.074149 0.000007
0.025154 0.577126 0.204857 0.116327 0.000896 0.075633 0.000007
0.025215 0.576088 0.205177 0.116383 0.000908 0.076222 0.000008
0.024350 0.573757 0.206573 0.117025 0.000908 0.077378 0.000009
0.023719 0.572272 0.207331 0.117503 0.000935 0.078232 0.000008
0.023239 0.570427 0.208166 0.118030 0.000935 0.079195 0.000007
0.023303 0.569324 0.208443 0.118293 0.000953 0.079676 0.000008
0.022694 0.566847 0.209746 0.118957 0.000971 0.080778 0.000007
0.021999 0.564135 0.211103 0.119559 0.000990 0.082206 0.000008
0.024133 0.561227 0.211399 0.119637 0.000983 0.082613 0.000008
0.025471 0.558010 0.211776 0.120093 0.000995 0.083647 0.000008
0.026979 0.555400 0.212291 0.120295 0.001005 0.084021 0.000008
0.034900 0.549447 0.210919 0.119495 0.001009 0.084221 0.000008
0.034101 0.547468 0.211999 0.120194 0.001024 0.085206 0.000008
0.037815 0.543847 0.211647 0.120117 0.001020 0.085544 0.000010
0.037090 0.541945 0.212649 0.120647 0.001035 0.086624 0.000010
0.033866 0.542172 0.213872 0.121261 0.001049 0.087771 0.000009
0.036288 0.538554 0.214099 0.121478 0.001067 0.088504 0.000011
0.036263 0.535593 0.215138 0.122095 0.001074 0.089826 0.000012
0.035556 0.535274 0.215462 0.122269 0.001072 0.090356 0.000011
0.036892 0.533835 0.215318 0.122191 0.001071 0.090683 0.000010
0.035889 0.531344 0.216614 0.122769 0.001095 0.092278 0.000010
0.035366 0.530566 0.217009 0.123055 0.001096 0.092896 0.000011
0.036136 0.528534 0.217348 0.123181 0.001101 0.093690 0.000010
0.035293 0.527523 0.217975 0.123554 0.001128 0.094515 0.000012
0.031044 0.527094 0.219864 0.124646 0.001126 0.096218 0.000009
0.031995 0.525767 0.219834 0.124548 0.001129 0.096715 0.000012
0.031002 0.523505 0.221084 0.125243 0.001145 0.098009 0.000013
0.028868 0.523185 0.221926 0.125817 0.001167 0.099026 0.000011
0.027964 0.521298 0.223119 0.126396 0.001197 0.100014 0.000012
0.027467 0.520785 0.223228 0.126655 0.001202 0.100654 0.000010
0.025582 0.520167 0.224357 0.127137 0.001193 0.101553 0.000011
0.024654 0.517223 0.225796 0.128068 0.001217 0.103029 0.000012
0.024427 0.515652 0.226285 0.128093 0.001230 0.104303 0.000010
0.022893 0.513315 0.227754 0.129126 0.001243 0.105658 0.000012
0.022906 0.513887 0.227286 0.128918 0.001258 0.105732 0.000012
0.022248 0.511053 0.228495 0.129546 0.001271 0.107376 0.000012
0.021195 0.509380 0.229676 0.130097 0.001282 0.108357 0.000014
0.020668 0.507412 0.230465 0.130565 0.001302 0.109574 0.000014
0.020164 0.504960 0.231561 0.131169 0.001316 0.110818 0.000011
0.020101 0.504068 0.231890 0.131249 0.001327 0.111352 0.000013
0.019869 0.502962 0.232313 0.131510 0.001320 0.112011 0.000014
0.024989 0.497353 0.231910 0.131287 0.001327 0.113120 0.000014
0.025295 0.497918 0.231468 0.131036 0.001327 0.112942 0.000014
0.023832 0.494067 0.233278 0.132175 0.001354 0.115278 0.000015
0.022456 0.493892 0.233843 0.132553 0.001377 0.115866 0.000014
0.023548 0.491090 0.234455 0.132610 0.001372 0.116912 0.000013
0.024508 0.488950 0.234564 0.132853 0.001398 0.117711 0.000016
0.023968 0.487951 0.234943 0.132907 0.001413 0.118805 0.000013
0.022928 0.486473 0.235735 0.133667 0.001419 0.119763 0.000014
0.022884 0.484980 0.236245 0.133704 0.001436 0.120736 0.000016
0.024248 0.481903 0.236713 0.133936 0.001437 0.121748 0.000016
0.022655 0.481280 0.237430 0.134318 0.001471 0.122829 0.000016
0.022838 0.478944 0.238145 0.134663 0.001474 0.123921 0.000015
0.020135 0.478496 0.239232 0.135328 0.001475 0.125319 0.000015
0.022254 0.475706 0.238934 0.135464 0.001490 0.126133 0.000018
0.021710 0.475112 0.239266 0.135343 0.001476 0.127079 0.000015
0.020006 0.472662 0.240833 0.136176 0.001525 0.128780 0.000016
0.020268 0.472077 0.240717 0.136427 0.001536 0.128958 0.000017
0.019593 0.470031 0.241572 0.136674 0.001532 0.130578 0.000019
0.018828 0.468886 0.242274 0.137073 0.001560 0.131362 0.000018
0.018927 0.467184 0.242838 0.137182 0.001576 0.132273 0.000019
0.019113 0.465760 0.242813 0.137411 0.001574 0.133310 0.000019
0.017980 0.463875 0.243876 0.137986 0.001607 0.134656 0.000020
0.018157 0.463401 0.243881 0.137855 0.001590 0.135096 0.000020
0.016961 0.459454 0.245603 0.138779 0.001635 0.137545 0.000021
0.016854 0.458896 0.245567 0.139155 0.001642 0.137866 0.000020
0.016621 0.457707 0.245831 0.139337 0.001630 0.138852 0.000023
0.016356 0.455923 0.246325 0.139799 0.001637 0.139940 0.000020
0.016572 0.454468 0.246856 0.139552 0.001659 0.140871 0.000022
0.016328 0.451820 0.247538 0.140150 0.001681 0.142461 0.000022
0.016155 0.451487 0.247684 0.140164 0.001682 0.142803 0.000023
0.015921 0.448794 0.248642 0.140562 0.001705 0.144352 0.000023
0.015446 0.447991 0.248926 0.140856 0.001699 0.145058 0.000023
0.015411 0.445240 0.249741 0.141164 0.001748 0.146675 0.000022
0.015211 0.443007 0.250237 0.141614 0.001754 0.148152 0.000025
0.015097 0.442446 0.250425 0.141641 0.001769 0.148598 0.000025
0.014917 0.440827 0.250936 0.142041 0.001768 0.149486 0.000025
0.015036 0.438932 0.251118 0.142340 0.001790 0.150762 0.000023
0.015047 0.436486 0.251688 0.142488 0.001825 0.152442 0.000024
0.014767 0.435780 0.251947 0.142631 0.001806 0.153043 0.000026
0.014622 0.432864 0.252722 0.143109 0.001859 0.154799 0.000025
0.014577 0.432812 0.252584 0.143041 0.001809 0.155150 0.000027
0.018843 0.429765 0.251904 0.142425 0.001847 0.155189 0.000026
0.021204 0.425967 0.251917 0.142591 0.001853 0.156442 0.000027
0.021164 0.423508 0.252588 0.142949 0.001863 0.157901 0.000027
0.018930 0.423514 0.253161 0.143325 0.001893 0.159152 0.000026
0.021439 0.421528 0.252694 0.143064 0.001903 0.159341 0.000031
0.019859 0.422100 0.252940 0.143212 0.001888 0.159973 0.000029
0.024948 0.417176 0.252315 0.142878 0.001908 0.160748 0.000026
0.032837 0.414357 0.249755 0.141481 0.001874 0.159667 0.000028
0.034601 0.412631 0.249168 0.141043 0.001920 0.160608 0.000029
0.031942 0.411303 0.250682 0.141833 0.001929 0.162281 0.000031
0.034542 0.411013 0.249399 0.141209 0.001934 0.161873 0.000030
0.033047 0.410520 0.250053 0.141264 0.001952 0.163134 0.000031
0.034670 0.409010 0.249423 0.141236 0.001919 0.163712 0.000031
0.032309 0.408384 0.250306 0.141737 0.001940 0.165293 0.000031
0.031360 0.407608 0.250717 0.142015 0.001982 0.166284 0.000032
0.031585 0.407313 0.250448 0.141664 0.001958 0.166997 0.000035
0.030013 0.407039 0.250978 0.142087 0.001984 0.167863 0.000035
0.026830 0.406326 0.252262 0.142867 0.002010 0.169667 0.000038
0.028818 0.404012 0.251782 0.142625 0.002014 0.170713 0.000037
0.026274 0.402913 0.253054 0.143418 0.002038 0.172267 0.000036
0.026402 0.402792 0.252797 0.143195 0.002045 0.172732 0.000037
0.023123 0.400830 0.254650 0.144072 0.002069 0.175219 0.000037
0.022516 0.401169 0.254522 0.144101 0.002065 0.175589 0.000038
0.022849 0.400964 0.254353 0.143994 0.002079 0.175721 0.000040
0.021005 0.398152 0.255807 0.144692 0.002093 0.178212 0.000039
0.020898 0.397802 0.255902 0.144586 0.002104 0.178670 0.000040
0.020277 0.395232 0.256585 0.145023 0.002158 0.180687 0.000038
0.019349 0.394686 0.256840 0.145257 0.002134 0.181692 0.000042
0.019335 0.393608 0.256746 0.145291 0.002156 0.182822 0.000042
0.018049 0.391810 0.257686 0.146008 0.002192 0.184213 0.000042
0.017972 0.390971 0.257774 0.145833 0.002206 0.185200 0.000043
0.022822 0.388410 0.256561 0.145118 0.002185 0.184862 0.000042
0.021075 0.385931 0.258012 0.145780 0.002236 0.186923 0.000043
0.022720 0.384492 0.257569 0.145554 0.002215 0.187408 0.000042
0.022502 0.383040 0.257877 0.145675 0.002228 0.188638 0.000041
0.023580 0.382409 0.257408 0.145382 0.002248 0.188929 0.000044
0.026061 0.378845 0.256910 0.145584 0.002245 0.190316 0.000038
0.027325 0.377354 0.257143 0.145135 0.002218 0.190781 0.000044
0.027929 0.376171 0.256639 0.145214 0.002265 0.191735 0.000047
0.028074 0.374394 0.257006 0.145252 0.002277 0.192954 0.000043
0.027131 0.374175 0.257534 0.145434 0.002284 0.193398 0.000044
0.027430 0.373146 0.257041 0.145588 0.002282 0.194471 0.000042
0.026561 0.371384 0.257974 0.145873 0.002295 0.195868 0.000045
0.028979 0.371317 0.256532 0.144958 0.002292 0.195874 0.000048
0.025808 0.371474 0.257299 0.145754 0.002329 0.197290 0.000046
0.024227 0.369103 0.258457 0.146297 0.002308 0.199561 0.000048
0.025963 0.368699 0.257747 0.145770 0.002361 0.199413 0.000047
0.025581 0.369022 0.257618 0.145785 0.002327 0.199622 0.000044
0.022007 0.365264 0.260021 0.146989 0.002379 0.203291 0.000050
0.021949 0.366128 0.259380 0.146729 0.002362 0.203399 0.000052
0.021570 0.365391 0.259349 0.146653 0.002399 0.204587 0.000051
0.021811 0.363635 0.259398 0.146793 0.002385 0.205928 0.000049
0.020525 0.362977 0.260179 0.147170 0.002405 0.206695 0.000049
0.020034 0.362640 0.260102 0.147007 0.002401 0.207769 0.000048
0.017497 0.359290 0.261930 0.148054 0.002463 0.210713 0.000053
0.018676 0.357791 0.261674 0.147909 0.002470 0.211429 0.000051
0.018028 0.358453 0.261602 0.147854 0.002470 0.211542 0.000050
0.017465 0.356597 0.261984 0.148162 0.002483 0.213256 0.000053
0.016713 0.354684 0.262492 0.148692 0.002509 0.214859 0.000051
0.016543 0.353470 0.262876 0.148693 0.002500 0.215865 0.000053
0.016072 0.353913 0.262531 0.148577 0.002522 0.216332 0.000054
0.016103 0.351460 0.262941 0.148587 0.002509 0.218348 0.000053
0.015264 0.350098 0.263865 0.149284 0.002555 0.218876 0.000058
0.014419 0.347468 0.264560 0.149625 0.002537 0.221336 0.000056
0.015395 0.347711 0.263687 0.149287 0.002576 0.221293 0.000052
0.015058 0.345546 0.264319 0.149587 0.002587 0.222848 0.000055
0.014830 0.345990 0.264174 0.149270 0.002565 0.223113 0.000058
0.014612 0.343127 0.264684 0.149818 0.002613 0.225089 0.000058
0.014457 0.340661 0.265133 0.149963 0.002619 0.227107 0.000061
0.014421 0.341330 0.264870 0.149672 0.002625 0.227026 0.000055
0.014350 0.339149 0.265263 0.149769 0.002621 0.228792 0.000056
0.014311 0.338257 0.265205 0.149896 0.002650 0.229623 0.000058
0.014102 0.337552 0.265164 0.149938 0.002669 0.230517 0.000059
0.013891 0.334801 0.265930 0.150168 0.002702 0.232449 0.000059
0.013799 0.333647 0.265979 0.150037 0.002684 0.233794 0.000060
0.013880 0.333004 0.265955 0.150187 0.002695 0.234217 0.000062
0.013407 0.330781 0.266525 0.150394 0.002721 0.236113 0.000060
0.013930 0.330802 0.265815 0.150099 0.002736 0.236554 0.000064
0.013528 0.328394 0.266388 0.150374 0.002762 0.238495 0.000059
0.013836 0.327755 0.266160 0.150355 0.002773 0.239058 0.000063
0.013715 0.325799 0.266602 0.150729 0.002753 0.240337 0.000066
0.013569 0.324936 0.266819 0.150645 0.002786 0.241179 0.000065
0.013402 0.323731 0.266710 0.150742 0.002789 0.242558 0.000068
0.013544 0.323548 0.266499 0.150512 0.002781 0.243049 0.000067
0.013393 0.321338 0.267001 0.150871 0.002815 0.244514 0.000067
0.013601 0.320799 0.266518 0.150561 0.002841 0.245616 0.000063
0.013307 0.319473 0.266803 0.151011 0.002826 0.246512 0.000067
0.013504 0.318725 0.266927 0.150702 0.002850 0.247226 0.000066
0.013563 0.316501 0.267072 0.150999 0.002864 0.248931 0.000071
0.013372 0.315897 0.267069 0.150871 0.002860 0.249856 0.000074
0.013365 0.314891 0.266919 0.150877 0.002924 0.250954 0.000070
0.013689 0.314463 0.266602 0.150806 0.002900 0.251470 0.000070
0.013410 0.313057 0.267104 0.150696 0.002918 0.252742 0.000073
0.013281 0.310879 0.267530 0.151081 0.002938 0.254219 0.000072
0.013426 0.310974 0.267055 0.150863 0.002906 0.254701 0.000076
0.013285 0.308488 0.267320 0.151147 0.002961 0.256722 0.000077
0.013320 0.308405 0.267325 0.151031 0.002939 0.256906 0.000075
0.013253 0.306732 0.267617 0.150922 0.002989 0.258411 0.000076
0.013460 0.306348 0.267177 0.150808 0.002965 0.259165 0.000077
0.013277 0.304783 0.267545 0.151065 0.003013 0.260244 0.000073
0.013283 0.302764 0.267604 0.151141 0.003029 0.262104 0.000074
0.013254 0.302709 0.267284 0.150988 0.003033 0.262654 0.000079
0.013289 0.301454 0.267509 0.151077 0.003054 0.263543 0.000075
0.013197 0.299724 0.267251 0.151065 0.003065 0.265625 0.000073
0.013376 0.300628 0.267011 0.150607 0.003062 0.265234 0.000082
0.013345 0.299185 0.266811 0.150957 0.003101 0.266523 0.000076
0.013282 0.296762 0.267447 0.150956 0.003086 0.268390 0.000078
0.013291 0.296455 0.267236 0.150877 0.003091 0.268975 0.000076
0.013310 0.295495 0.266983 0.150724 0.003120 0.270291 0.000078
0.013216 0.294280 0.267270 0.151055 0.003104 0.270994 0.000082
0.013225 0.294530 0.267254 0.150747 0.003099 0.271070 0.000075
0.013295 0.291924 0.267378 0.151073 0.003140 0.273109 0.000082
0.013406 0.291927 0.266723 0.150834 0.003138 0.273892 0.000079
0.013340 0.289530 0.267366 0.150934 0.003156 0.275593 0.000081
0.013430 0.289998 0.266679 0.150755 0.003202 0.275849 0.000086
0.013452 0.288409 0.266737 0.150904 0.003167 0.277247 0.000083
0.013341 0.287167 0.266898 0.150836 0.003213 0.278464 0.000082
0.013372 0.284703 0.267266 0.150946 0.003191 0.280441 0.000081
0.013414 0.284783 0.267035 0.150977 0.003201 0.280510 0.000080
0.013411 0.284194 0.266992 0.150916 0.003192 0.281213 0.000082
0.013407 0.282555 0.267006 0.150799 0.003227 0.282926 0.000081
0.013528 0.281411 0.266790 0.150739 0.003234 0.284216 0.000082
0.013425 0.280640 0.267062 0.150548 0.003251 0.284984 0.000090
0.013427 0.279965 0.266774 0.150598 0.003257 0.285896 0.000084
0.013476 0.279700 0.266395 0.150536 0.003254 0.286553 0.000086
0.013466 0.278556 0.266618 0.150398 0.003302 0.287574 0.000086
0.013526 0.277584 0.266201 0.150617 0.003273 0.288711 0.000087
0.013487 0.275204 0.266745 0.150603 0.003306 0.290568 0.000088
0.013555 0.274674 0.266535 0.150569 0.003300 0.291283 0.000084
0.013537 0.274328 0.266321 0.150543 0.003337 0.291847 0.000087
0.013583 0.273572 0.266225 0.150417 0.003322 0.292789 0.000092
0.013666 0.273454 0.265961 0.150379 0.003344 0.293105 0.000091
0.013427 0.271425 0.266167 0.150499 0.003379 0.295021 0.000083
0.013649 0.270228 0.266229 0.150241 0.003384 0.296180 0.000089
0.013699 0.271102 0.265675 0.150127 0.003346 0.295964 0.000087
0.013741 0.269303 0.265500 0.150279 0.003417 0.297673 0.000087
0.013647 0.267289 0.265806 0.150244 0.003391 0.299533 0.000091
0.013758 0.266873 0.265591 0.149989 0.003403 0.300296 0.000090
0.013651 0.266451 0.265426 0.150043 0.003418 0.300920 0.000091
0.013745 0.264533 0.265633 0.150005 0.003461 0.302529 0.000094
0.013753 0.264293 0.265392 0.149777 0.003429 0.303260 0.000097
0.013808 0.263105 0.265370 0.150141 0.003454 0.304024 0.000098
0.013693 0.262515 0.265103 0.149778 0.003482 0.305338 0.000092
0.013755 0.261532 0.265163 0.149822 0.003472 0.306161 0.000095
0.013888 0.260141 0.265035 0.149576 0.003497 0.307766 0.000097
0.013883 0.258930 0.265221 0.149925 0.003474 0.308470 0.000097
0.013910 0.258552 0.265069 0.149624 0.003529 0.309217 0.000100
0.013902 0.257537 0.264618 0.149564 0.003563 0.310718 0.000098
0.013752 0.257061 0.264628 0.149469 0.003501 0.311496 0.000092
0.013887 0.256828 0.264414 0.149462 0.003553 0.311752 0.000102
0.013937 0.255539 0.264423 0.149629 0.003556 0.312816 0.000100
0.013900 0.254254 0.264424 0.149394 0.003575 0.314351 0.000102
0.013930 0.252927 0.264303 0.149171 0.003593 0.315978 0.000097
0.013918 0.253432 0.263992 0.149213 0.003602 0.315744 0.000100
0.014058 0.251800 0.264005 0.149204 0.003596 0.317236 0.000100
0.014072 0.250870 0.263864 0.148909 0.003586 0.318596 0.000103
0.014020 0.250009 0.263741 0.148862 0.003602 0.319665 0.000102
0.014013 0.248350 0.263874 0.148927 0.003607 0.321126 0.000103
0.014044 0.247376 0.263580 0.148856 0.003633 0.322405 0.000106
0.014096 0.247742 0.263385 0.148975 0.003625 0.322068 0.000108
0.014119 0.246204 0.263277 0.148703 0.003637 0.323951 0.000109
0.014251 0.246112 0.262850 0.148617 0.003660 0.324408 0.000103
0.014224 0.244858 0.263020 0.148599 0.003617 0.325574 0.000109
0.014265 0.245009 0.262540 0.148258 0.003677 0.326145 0.000107
0.014180 0.242604 0.262758 0.148605 0.003657 0.328083 0.000113
0.014282 0.242787 0.262280 0.148311 0.003681 0.328548 0.000111
0.014247 0.241539 0.262508 0.148258 0.003703 0.329632 0.000114
0.014230 0.241759 0.262021 0.148343 0.003692 0.329846 0.000110
0.014232 0.240806 0.262093 0.148096 0.003729 0.330923 0.000121
0.014291 0.239730 0.261862 0.147946 0.003738 0.332319 0.000114
0.014372 0.238137 0.261836 0.147927 0.003736 0.333879 0.000113
0.014262 0.238293 0.261767 0.147832 0.003749 0.333984 0.000112
0.014339 0.236197 0.261660 0.147802 0.003774 0.336116 0.000113
0.014406 0.236377 0.261254 0.147589 0.003793 0.336464 0.000117
0.014409 0.234880 0.261403 0.147531 0.003799 0.337867 0.000111
0.014334 0.234472 0.261261 0.147599 0.003843 0.338379 0.000112
0.014382 0.233989 0.260993 0.147383 0.003823 0.339317 0.000114
0.014377 0.232839 0.260771 0.147438 0.003836 0.340629 0.000110
0.014502 0.232460 0.260193 0.147305 0.003826 0.341595 0.000119
0.014479 0.231712 0.260589 0.147370 0.003787 0.341952 0.000111
0.014404 0.230505 0.260417 0.147056 0.003848 0.343654 0.000115
0.014484 0.230136 0.260023 0.147038 0.003847 0.344352 0.000119
0.014849 0.229267 0.259751 0.146805 0.003861 0.345353 0.000114
0.014719 0.229008 0.259894 0.146902 0.003856 0.345500 0.000120
0.014798 0.228438 0.259403 0.146756 0.003856 0.346634 0.000115
0.014680 0.227488 0.259543 0.146719 0.003857 0.347592 0.000121
0.014572 0.226777 0.259237 0.146649 0.003861 0.348786 0.000118
0.014756 0.225611 0.259010 0.146419 0.003884 0.350204 0.000115
0.014636 0.224698 0.259082 0.146347 0.003898 0.351218 0.000121
0.014800 0.224864 0.258611 0.146208 0.003909 0.351483 0.000123
0.014730 0.224040 0.258521 0.146109 0.003978 0.352494 0.000128
0.014761 0.222740 0.258316 0.145882 0.003985 0.354187 0.000128
0.015029 0.221189 0.258166 0.146028 0.003949 0.355517 0.000123
0.014853 0.222075 0.257977 0.145751 0.003951 0.355270 0.000124
0.014886 0.219951 0.258043 0.145703 0.003975 0.357316 0.000126
0.014932 0.220114 0.257574 0.145680 0.003958 0.357616 0.000126
0.014892 0.218948 0.257542 0.145578 0.003968 0.358949 0.000123
0.015013 0.218390 0.256974 0.145479 0.004016 0.360003 0.000125
0.015061 0.217887 0.256904 0.145463 0.003995 0.360559 0.000131
0.015093 0.216923 0.257064 0.145130 0.004012 0.361641 0.000136
0.015089 0.216238 0.256807 0.145157 0.004016 0.362567 0.000125
0.015116 0.215208 0.256519 0.144852 0.004035 0.364136 0.000135
0.015245 0.214812 0.256245 0.145108 0.004054 0.364409 0.000128
0.014985 0.215291 0.256115 0.144904 0.004020 0.364556 0.000129
0.015313 0.214509 0.256033 0.144752 0.004039 0.365222 0.000131
0.015355 0.212779 0.255414 0.144438 0.004077 0.367802 0.000133
0.015134 0.213124 0.255465 0.144464 0.004083 0.367603 0.000128
0.015414 0.211373 0.255073 0.144289 0.004101 0.369624 0.000127
0.015354 0.210619 0.255475 0.144291 0.004091 0.370037 0.000134
0.015345 0.209708 0.254919 0.144237 0.004098 0.371557 0.000137
0.015408 0.209625 0.254752 0.143969 0.004108 0.372008 0.000130
0.015499 0.208738 0.254504 0.143826 0.004129 0.373169 0.000136
0.015359 0.208178 0.254204 0.143638 0.004136 0.374349 0.000136
0.015385 0.206835 0.253966 0.143575 0.004142 0.375959 0.000138
0.015482 0.206922 0.253927 0.143570 0.004109 0.375852 0.000137
0.015364 0.205502 0.253521 0.143307 0.004193 0.377979 0.000133
0.015532 0.205638 0.253660 0.143253 0.004154 0.377622 0.000141
0.015526 0.205715 0.253410 0.143054 0.004148 0.378005 0.000142
0.015546 0.204156 0.252877 0.142956 0.004165 0.380161 0.000138
0.015609 0.203887 0.253100 0.143073 0.004157 0.380033 0.000141
0.015768 0.202489 0.252475 0.142519 0.004173 0.382435 0.000139
0.015774 0.202482 0.252335 0.142747 0.004233 0.382287 0.000142
0.015736 0.202525 0.252341 0.142478 0.004189 0.382589 0.000142
0.015835 0.200626 0.251900 0.142361 0.004244 0.384889 0.000144
0.015826 0.199772 0.251530 0.142153 0.004228 0.386350 0.000140
0.015819 0.200196 0.251259 0.142100 0.004250 0.386230 0.000147
0.015835 0.198530 0.251312 0.141854 0.004236 0.388087 0.000145
0.016000 0.199104 0.250813 0.141563 0.004272 0.388098 0.000150
0.015932 0.198172 0.250850 0.141637 0.004267 0.388994 0.000148
0.016047 0.197745 0.250699 0.141684 0.004234 0.389440 0.000151
0.015990 0.196600 0.250170 0.141406 0.004238 0.391453 0.000143
0.016035 0.196283 0.250201 0.141217 0.004286 0.391837 0.000141
0.016263 0.196002 0.249778 0.141180 0.004304 0.392328 0.000146
0.016154 0.194747 0.249678 0.140992 0.004334 0.393941 0.000154
0.016281 0.194547 0.249300 0.140972 0.004325 0.394430 0.000146
0.016086 0.193992 0.249198 0.140713 0.004331 0.395526 0.000155
0.016182 0.193533 0.249011 0.140904 0.004352 0.395869 0.000150
0.016327 0.192453 0.248494 0.140445 0.004397 0.397733 0.000151
0.016157 0.192018 0.248517 0.140455 0.004345 0.398356 0.000152
0.016390 0.191883 0.248092 0.140365 0.004335 0.398782 0.000153
0.016432 0.189974 0.247842 0.140161 0.004362 0.401072 0.000157
0.016464 0.190417 0.248101 0.140124 0.004369 0.400370 0.000155
0.016445 0.189345 0.247531 0.139803 0.004417 0.402301 0.000159
0.016556 0.189269 0.247381 0.139831 0.004398 0.402406 0.000160
0.016542 0.188180 0.246948 0.139468 0.004400 0.404306 0.000156
0.016424 0.188432 0.246927 0.139656 0.004383 0.404016 0.000163
0.016628 0.187641 0.246590 0.139294 0.004433 0.405256 0.000159
0.016711 0.187293 0.246575 0.139029 0.004405 0.405830 0.000156
0.016562 0.186751 0.246396 0.139170 0.004423 0.406552 0.000146
0.016723 0.185883 0.245862 0.138990 0.004388 0.407994 0.000160
0.016693 0.185161 0.245534 0.138900 0.004452 0.409101 0.000159
0.016840 0.184458 0.245415 0.138525 0.004505 0.410092 0.000164
0.016768 0.184367 0.245080 0.138711 0.004430 0.410490 0.000154
0.016849 0.183367 0.245164 0.138393 0.004481 0.411586 0.000160
0.016885 0.183621 0.244627 0.138198 0.004491 0.412014 0.000165
0.016993 0.182406 0.244419 0.138242 0.004508 0.413266 0.000167
0.016752 0.181834 0.244004 0.138020 0.004494 0.414741 0.000157
0.017048 0.182353 0.243992 0.137768 0.004476 0.414201 0.000163
0.017003 0.181016 0.243580 0.137673 0.004525 0.416045 0.000158
0.017052 0.180250 0.243360 0.137528 0.004535 0.417110 0.000166
0.017022 0.179980 0.243275 0.137314 0.004556 0.417691 0.000163
0.017092 0.178829 0.242709 0.137235 0.004556 0.419414 0.000165
0.017108 0.179240 0.242913 0.137221 0.004547 0.418803 0.000168
0.017227 0.178496 0.242725 0.136888 0.004554 0.419941 0.000170
0.017299 0.178238 0.242417 0.136856 0.004580 0.420436 0.000175
0.017225 0.177207 0.242203 0.136663 0.004553 0.421980 0.000169
0.017171 0.177199 0.242146 0.136789 0.004579 0.421944 0.000170
0.017328 0.176269 0.241441 0.136531 0.004601 0.423660 0.000170
0.017335 0.175067 0.241444 0.136239 0.004585 0.425157 0.000173
0.017389 0.174549 0.240880 0.135997 0.004664 0.426353 0.000169
0.017354 0.174208 0.241195 0.136047 0.004596 0.426433 0.000166
0.017396 0.174133 0.240697 0.135840 0.004615 0.427148 0.000172
0.017443 0.173588 0.240665 0.135732 0.004615 0.427778 0.000179
0.017592 0.172854 0.240161 0.135439 0.004657 0.429124 0.000174
0.017587 0.172654 0.240048 0.135620 0.004696 0.429221 0.000173
0.017426 0.172104 0.239707 0.135498 0.004699 0.430391 0.000176
0.017661 0.171275 0.239522 0.135019 0.004670 0.431681 0.000173
0.017546 0.171366 0.239356 0.135235 0.004715 0.431609 0.000173
0.017717 0.170145 0.238874 0.134670 0.004731 0.433688 0.000175
0.017832 0.169426 0.238507 0.134660 0.004723 0.434678 0.000174
0.017718 0.169311 0.238567 0.134704 0.004675 0.434847 0.000179
0.017757 0.168944 0.237999 0.134528 0.004748 0.435851 0.000173
0.017818 0.169089 0.237735 0.134363 0.004697 0.436124 0.000174
0.017916 0.168231 0.237684 0.134105 0.004700 0.437187 0.000177
0.017782 0.167955 0.237563 0.134100 0.004713 0.437701 0.000186
0.018115 0.166739 0.237074 0.133952 0.004770 0.439166 0.000184
0.018077 0.166635 0.236663 0.133722 0.004778 0.439941 0.000182
0.017976 0.166113 0.236734 0.133525 0.004766 0.440703 0.000183
0.018025 0.166202 0.236440 0.133386 0.004748 0.441009 0.000191
0.018122 0.165041 0.236161 0.133392 0.004752 0.442343 0.000188
0.018161 0.165364 0.235789 0.133372 0.004756 0.442369 0.000188
0.018255 0.164653 0.235524 0.133249 0.004730 0.443404 0.000185
0.018406 0.163756 0.235239 0.132945 0.004785 0.444676 0.000193
0.018153 0.163501 0.234893 0.132673 0.004834 0.445756 0.000190
0.018252 0.163061 0.234730 0.132560 0.004801 0.446400 0.000196
0.018257 0.162568 0.234699 0.132539 0.004831 0.446920 0.000185
0.018319 0.162411 0.234266 0.132325 0.004831 0.447666 0.000183
0.018350 0.161656 0.233674 0.132176 0.004832 0.449123 0.000189
0.018453 0.161594 0.233458 0.132151 0.004844 0.449309 0.000191
0.018510 0.161181 0.233397 0.131954 0.004857 0.449899 0.000201
0.018450 0.161009 0.233206 0.131699 0.004797 0.450643 0.000196
0.018657 0.160074 0.232815 0.131573 0.004840 0.451851 0.000190
0.018783 0.159877 0.232691 0.131562 0.004826 0.452064 0.000196
0.018495 0.158767 0.232310 0.131208 0.004884 0.454143 0.000192
0.018560 0.159301 0.232141 0.131203 0.004825 0.453778 0.000191
0.018697 0.158753 0.231864 0.131009 0.004850 0.454627 0.000202
0.018563 0.158081 0.231832 0.130767 0.004860 0.455697 0.000200
0.018673 0.158260 0.231429 0.130971 0.004848 0.455621 0.000198
0.018952 0.156383 0.230820 0.130449 0.004887 0.458308 0.000201
0.018962 0.156917 0.230836 0.130411 0.004899 0.457771 0.000203
0.018908 0.156023 0.230469 0.130322 0.004901 0.459181 0.000197
0.019039 0.155706 0.230170 0.130091 0.004882 0.459902 0.000209
0.019011 0.154893 0.229904 0.129775 0.004904 0.461301 0.000213
0.019029 0.155033 0.229576 0.129804 0.004920 0.461438 0.000201
0.019106 0.155020 0.229615 0.129480 0.004916 0.461658 0.000206
0.018977 0.154482 0.229248 0.129526 0.004952 0.462607 0.000209
0.019124 0.153670 0.229040 0.129364 0.004956 0.463638 0.000208
0.019332 0.153256 0.228240 0.129257 0.004933 0.464770 0.000212
0.019245 0.152948 0.228744 0.128919 0.004934 0.465001 0.000210
0.019282 0.152746 0.228368 0.128788 0.004963 0.465635 0.000217
0.019599 0.151622 0.227728 0.128644 0.004961 0.467233 0.000212
0.019426 0.152104 0.227628 0.128699 0.004971 0.466954 0.000217
0.019400 0.151575 0.227279 0.128399 0.004949 0.468178 0.000221
0.019419 0.151125 0.227182 0.128424 0.004939 0.468697 0.000215
0.019594 0.150923 0.226781 0.128206 0.004977 0.469301 0.000219
0.019421 0.150061 0.226533 0.127843 0.004956 0.470965 0.000220
0.019472 0.149832 0.226451 0.127707 0.004977 0.471339 0.000221
0.019576 0.150014 0.226055 0.127758 0.004975 0.471395 0.000228
0.019789 0.149482 0.225670 0.127553 0.004974 0.472311 0.000221
0.019695 0.148578 0.225391 0.127297 0.005021 0.473793 0.000225
0.019713 0.148401 0.224948 0.126938 0.005006 0.474766 0.000228
0.019698 0.147703 0.224724 0.126973 0.005002 0.475669 0.000231
0.019790 0.147696 0.224387 0.126834 0.005021 0.476052 0.000221
0.019806 0.147899 0.224536 0.126790 0.005013 0.475730 0.000225
0.019963 0.146465 0.223950 0.126378 0.004993 0.478013 0.000237
0.020000 0.146188 0.223645 0.126264 0.005033 0.478640 0.000231
0.020022 0.146048 0.223560 0.126204 0.005037 0.478898 0.000232
0.020004 0.145881 0.223284 0.126109 0.005071 0.479419 0.000234
0.020187 0.145248 0.222805 0.125670 0.005066 0.480795 0.000230
0.020202 0.144709 0.222584 0.125515 0.005079 0.481672 0.000239
0.020205 0.144871 0.222459 0.125544 0.005038 0.481647 0.000237
0.020399 0.143649 0.222111 0.125094 0.005073 0.483425 0.000249
0.020363 0.143753 0.222014 0.125308 0.005072 0.483249 0.000241
0.020130 0.143892 0.221655 0.125216 0.005122 0.483744 0.000242
0.020291 0.142963 0.221267 0.124943 0.005091 0.485206 0.000239
0.020170 0.143003 0.221128 0.125127 0.005072 0.485256 0.000244
0.020454 0.141527 0.220406 0.124307 0.005093 0.487968 0.000245
0.020478 0.142258 0.220561 0.124724 0.005110 0.486625 0.000244
0.020642 0.141778 0.220180 0.124408 0.005118 0.487622 0.000252
0.020590 0.141268 0.219638 0.124153 0.005108 0.488991 0.000251
0.020746 0.140628 0.219262 0.124160 0.005124 0.489836 0.000244
0.020577 0.140595 0.219405 0.123984 0.005129 0.490063 0.000247
0.020448 0.140549 0.219246 0.123630 0.005105 0.490771 0.000250
0.020572 0.140063 0.218972 0.123352 0.005100 0.491692 0.000250
0.020720 0.140495 0.218715 0.123539 0.005069 0.491207 0.000255
0.020671 0.138709 0.217745 0.123108 0.005126 0.494399 0.000242
0.020944 0.138629 0.217807 0.123225 0.005160 0.493983 0.000251
0.021020 0.138656 0.217736 0.122882 0.005107 0.494344 0.000255
0.021101 0.138043 0.217189 0.122969 0.005131 0.495318 0.000249
0.021024 0.137831 0.217086 0.122656 0.005141 0.496006 0.000257
0.021089 0.137665 0.216721 0.122568 0.005159 0.496541 0.000257
0.021079 0.137181 0.216751 0.122671 0.005157 0.496903 0.000259
0.021101 0.136983 0.216114 0.122399 0.005113 0.498036 0.000255
0.021101 0.136263 0.215815 0.122154 0.005157 0.499257 0.000252
0.021282 0.136232 0.215969 0.122069 0.005179 0.499014 0.000255
0.021383 0.136038 0.215309 0.121670 0.005191 0.500150 0.000259
0.021441 0.135253 0.215050 0.121290 0.005167 0.501536 0.000262
0.021505 0.135429 0.214876 0.121590 0.005234 0.501106 0.000260
0.021441 0.134830 0.214578 0.121332 0.005176 0.502381 0.000261
0.021530 0.134409 0.214175 0.121052 0.005235 0.503352 0.000247
0.021624 0.134008 0.213985 0.120982 0.005181 0.503961 0.000259
