0.999252 0.000470 0.000188 0.000083 0.000000 0.000007 0.000000
0.999145 0.000448 0.000102 0.000027 0.000000 0.000277 0.000000
0.998768 0.000769 0.000180 0.000059 0.000000 0.000224 0.000000
0.998488 0.000938 0.000236 0.000083 0.000000 0.000255 0.000000
0.998176 0.001150 0.000246 0.000105 0.000001 0.000323 0.000000
0.997855 0.001360 0.000305 0.000144 0.000000 0.000335 0.000000
0.997491 0.001611 0.000366 0.000167 0.000000 0.000366 0.000000
0.996799 0.002153 0.000447 0.000209 0.000000 0.000392 0.000000
0.995813 0.002872 0.000598 0.000261 0.000000 0.000455 0.000000
0.994657 0.003708 0.000786 0.000350 0.000000 0.000499 0.000000
0.993532 0.004412 0.001053 0.000433 0.000000 0.000570 0.000000
0.992090 0.005370 0.001320 0.000561 0.000000 0.000659 0.000000
0.989894 0.006856 0.001721 0.000721 0.000000 0.000807 0.000000
0.987943 0.008076 0.002091 0.000929 0.000000 0.000960 0.000000
0.984884 0.009997 0.002701 0.001239 0.000002 0.001177 0.000000
0.981583 0.012148 0.003260 0.001534 0.000006 0.001468 0.000000
0.978328 0.014111 0.003962 0.001844 0.000007 0.001747 0.000000
0.974313 0.016584 0.004723 0.002246 0.000010 0.002123 0.000000
0.969405 0.019557 0.005499 0.002729 0.000010 0.002800 0.000000
0.965468 0.021989 0.006097 0.003079 0.000011 0.003356 0.000000
0.959835 0.025266 0.007118 0.003704 0.000011 0.004066 0.000000
0.954101 0.028578 0.008177 0.004314 0.000014 0.004816 0.000000
0.948289 0.031793 0.009429 0.004912 0.000014 0.005563 0.000000
0.941301 0.035575 0.011012 0.005650 0.000021 0.006442 0.000000
0.933736 0.039908 0.012435 0.006362 0.000021 0.007538 0.000000
0.927414 0.043214 0.013749 0.007092 0.000021 0.008511 0.000000
0.918428 0.048100 0.015602 0.007943 0.000027 0.009900 0.000000
0.909154 0.053118 0.017448 0.008840 0.000029 0.011411 0.000000
0.900694 0.057263 0.019241 0.009719 0.000037 0.013046 0.000000
0.891592 0.061685 0.021344 0.010697 0.000043 0.014640 0.000000
0.881138 0.066436 0.023577 0.012016 0.000054 0.016779 0.000000
0.872275 0.070423 0.025447 0.013071 0.000062 0.018722 0.000000
0.862605 0.074588 0.027584 0.014267 0.000065 0.020891 0.000000
0.851421 0.079290 0.030041 0.015650 0.000069 0.023529 0.000000
0.841780 0.083347 0.032054 0.016701 0.000077 0.026040 0.000000
0.830072 0.087801 0.034943 0.018076 0.000080 0.029026 0.000001
0.819203 0.091918 0.037513 0.019390 0.000086 0.031888 0.000002
0.808268 0.095693 0.040060 0.020817 0.000096 0.035065 0.000002
0.798161 0.099018 0.042435 0.022061 0.000108 0.038214 0.000002
0.787021 0.102240 0.045195 0.023653 0.000123 0.041764 0.000004
0.777792 0.104404 0.047680 0.024833 0.000137 0.045151 0.000003
0.765989 0.107143 0.050753 0.026421 0.000158 0.049531 0.000004
0.756256 0.109123 0.053116 0.027607 0.000175 0.053719 0.000005
0.746624 0.111028 0.055533 0.028818 0.000184 0.057809 0.000005
0.737148 0.112546 0.057820 0.029981 0.000190 0.062310 0.000005
0.728155 0.114343 0.059878 0.031159 0.000191 0.066268 0.000006
0.718032 0.115487 0.062300 0.032437 0.000213 0.071523 0.000008
0.709855 0.116190 0.064427 0.033441 0.000222 0.075859 0.000007
0.698971 0.117290 0.066964 0.034790 0.000245 0.081734 0.000007
0.691301 0.117971 0.068486 0.035587 0.000264 0.086383 0.000008
0.682693 0.118533 0.070294 0.036411 0.000287 0.091773 0.000008
0.674246 0.117947 0.072271 0.037540 0.000304 0.097685 0.000007
0.668447 0.117507 0.073499 0.038245 0.000322 0.101971 0.000009
0.660138 0.116923 0.075569 0.039158 0.000321 0.107878 0.000013
0.652958 0.116370 0.076785 0.039969 0.000333 0.113569 0.000016
0.645481 0.115639 0.078224 0.040630 0.000343 0.119665 0.000018
0.639347 0.115080 0.079347 0.041206 0.000365 0.124635 0.000019
0.631169 0.114370 0.080873 0.041904 0.000387 0.131278 0.000020
0.626616 0.113389 0.081595 0.042154 0.000401 0.135826 0.000019
0.620024 0.111933 0.082527 0.042600 0.000412 0.142483 0.000022
0.614958 0.110667 0.082993 0.042885 0.000431 0.148043 0.000023
0.609375 0.109212 0.083502 0.043387 0.000456 0.154042 0.000025
0.603876 0.107433 0.084034 0.043891 0.000457 0.160282 0.000028
0.598677 0.105808 0.084443 0.044227 0.000474 0.166344 0.000028
0.593789 0.103882 0.084569 0.044281 0.000493 0.172959 0.000028
0.590238 0.102111 0.084714 0.044318 0.000508 0.178081 0.000029
0.586408 0.100143 0.084837 0.044401 0.000521 0.183663 0.000027
0.582627 0.098138 0.084676 0.044351 0.000526 0.189655 0.000029
0.578923 0.096824 0.084348 0.044360 0.000527 0.194989 0.000029
0.574735 0.094739 0.084331 0.044489 0.000549 0.201130 0.000027
0.573190 0.092718 0.083588 0.044129 0.000560 0.205784 0.000031
0.569397 0.091212 0.083245 0.043804 0.000582 0.211728 0.000033
0.567534 0.089635 0.082964 0.043461 0.000583 0.215789 0.000035
0.563060 0.087508 0.082848 0.043284 0.000612 0.222652 0.000036
0.561549 0.086017 0.082259 0.042955 0.000612 0.226569 0.000039
0.559805 0.084101 0.081118 0.042543 0.000608 0.231781 0.000044
0.558351 0.082534 0.080410 0.042146 0.000612 0.235903 0.000045
0.555975 0.080855 0.079734 0.041920 0.000622 0.240847 0.000047
0.555169 0.079205 0.078812 0.041550 0.000616 0.244593 0.000055
0.553175 0.077673 0.078088 0.041064 0.000634 0.249306 0.000059
0.551562 0.076164 0.077628 0.040800 0.000653 0.253132 0.000060
0.550640 0.074754 0.076771 0.040358 0.000660 0.256760 0.000057
0.548197 0.073074 0.076092 0.040078 0.000648 0.261848 0.000063
0.548308 0.071277 0.075217 0.039465 0.000651 0.265021 0.000061
0.546722 0.069718 0.074243 0.038911 0.000648 0.269691 0.000066
0.546895 0.068307 0.073099 0.038451 0.000649 0.272529 0.000070
0.546388 0.067001 0.072110 0.038018 0.000655 0.275757 0.000071
0.545208 0.065758 0.071108 0.037489 0.000649 0.279715 0.000074
0.544792 0.064406 0.069936 0.036940 0.000667 0.283182 0.000076
0.544433 0.063137 0.068686 0.036403 0.000665 0.286596 0.000081
0.543903 0.062099 0.067724 0.036031 0.000654 0.289505 0.000084
0.543938 0.060632 0.066687 0.035534 0.000660 0.292467 0.000082
0.544111 0.059324 0.065566 0.034968 0.000666 0.295280 0.000084
0.543406 0.058332 0.064820 0.034461 0.000678 0.298217 0.000085
0.544560 0.057316 0.063989 0.033997 0.000677 0.299364 0.000097
0.545444 0.055968 0.062587 0.033238 0.000678 0.301985 0.000101
0.543946 0.054681 0.061827 0.032876 0.000683 0.305886 0.000102
0.544863 0.053680 0.060892 0.032403 0.000696 0.307356 0.000109
0.545390 0.052373 0.059720 0.031817 0.000689 0.309901 0.000111
0.546563 0.051415 0.058659 0.031435 0.000672 0.311143 0.000112
0.546622 0.050659 0.057626 0.030887 0.000670 0.313421 0.000115
0.548045 0.049701 0.056532 0.030296 0.000669 0.314637 0.000120
0.548226 0.049033 0.055902 0.029815 0.000644 0.316264 0.000116
0.547514 0.047641 0.054922 0.029075 0.000659 0.320068 0.000120
0.549101 0.046913 0.054078 0.028551 0.000666 0.320569 0.000123
0.550468 0.046054 0.053300 0.028194 0.000668 0.321193 0.000123
0.551597 0.045032 0.052351 0.027627 0.000650 0.322624 0.000120
0.552384 0.044085 0.051225 0.027107 0.000653 0.324415 0.000130
0.554291 0.043991 0.050522 0.026755 0.000661 0.323645 0.000135
0.555745 0.042964 0.049371 0.026183 0.000657 0.324950 0.000130
0.556096 0.042242 0.048492 0.025779 0.000633 0.326627 0.000131
0.557310 0.041327 0.047710 0.025293 0.000648 0.327578 0.000133
0.558468 0.040895 0.047230 0.025006 0.000638 0.327626 0.000137
0.558925 0.039972 0.046111 0.024328 0.000632 0.329895 0.000137
0.559934 0.039565 0.045298 0.024013 0.000646 0.330413 0.000130
0.562280 0.039050 0.044779 0.023776 0.000634 0.329337 0.000144
0.563506 0.038077 0.043905 0.023320 0.000643 0.330409 0.000141
0.564453 0.037464 0.042916 0.022886 0.000621 0.331516 0.000143
0.565607 0.036788 0.042313 0.022501 0.000611 0.332029 0.000151
0.567492 0.036780 0.041484 0.022042 0.000590 0.331466 0.000146
0.568589 0.035815 0.040614 0.021569 0.000581 0.332674 0.000157
0.569264 0.036008 0.040682 0.021574 0.000554 0.331766 0.000152
0.571116 0.034978 0.039613 0.021038 0.000559 0.332540 0.000156
0.573114 0.034266 0.038937 0.020587 0.000560 0.332380 0.000155
0.575407 0.033402 0.038509 0.020212 0.000570 0.331742 0.000159
0.577861 0.032435 0.037837 0.019652 0.000561 0.331491 0.000164
0.581317 0.030808 0.036968 0.018952 0.000574 0.331214 0.000167
0.584422 0.029716 0.036423 0.018458 0.000565 0.330250 0.000166
0.586412 0.028084 0.035969 0.017998 0.000567 0.330801 0.000170
0.590278 0.026419 0.035068 0.017335 0.000544 0.330186 0.000170
0.594566 0.025123 0.034493 0.016887 0.000543 0.328213 0.000174
0.597454 0.023601 0.033771 0.016288 0.000539 0.328176 0.000173
0.601340 0.022380 0.033046 0.015733 0.000542 0.326782 0.000177
0.605829 0.020787 0.031888 0.015050 0.000544 0.325726 0.000177
0.608882 0.019617 0.031262 0.014640 0.000525 0.324894 0.000180
0.612781 0.018426 0.030213 0.014075 0.000525 0.323809 0.000172
0.617518 0.017372 0.029339 0.013530 0.000516 0.321546 0.000180
0.620942 0.016205 0.028386 0.012976 0.000512 0.320803 0.000177
0.625580 0.015096 0.027318 0.012302 0.000505 0.319009 0.000190
0.629370 0.014159 0.026599 0.011926 0.000502 0.317256 0.000188
0.633514 0.013287 0.025586 0.011365 0.000486 0.315572 0.000189
0.637957 0.012544 0.024581 0.010922 0.000480 0.313323 0.000193
0.640832 0.011717 0.023951 0.010581 0.000455 0.312276 0.000189
0.646447 0.010872 0.022798 0.009959 0.000457 0.309273 0.000194
0.648774 0.010122 0.022191 0.009641 0.000426 0.308650 0.000195
0.653609 0.009372 0.021278 0.009170 0.000416 0.305962 0.000193
0.657709 0.008769 0.020505 0.008715 0.000417 0.303687 0.000199
0.662406 0.008096 0.019332 0.008250 0.000402 0.301312 0.000201
0.666197 0.007589 0.018694 0.007864 0.000402 0.299053 0.000200
0.671155 0.007084 0.017806 0.007433 0.000384 0.295939 0.000199
0.673873 0.006661 0.017037 0.007117 0.000380 0.294732 0.000200
0.678969 0.006114 0.016258 0.006766 0.000361 0.291333 0.000199
0.683404 0.005719 0.015482 0.006411 0.000350 0.288423 0.000212
0.686303 0.005332 0.014719 0.006107 0.000342 0.286994 0.000203
0.692399 0.004844 0.013751 0.005691 0.000313 0.282799 0.000204
0.694248 0.004640 0.013389 0.005518 0.000324 0.281675 0.000206
0.697867 0.004398 0.012928 0.005289 0.000307 0.279004 0.000207
0.702481 0.004097 0.012254 0.004956 0.000303 0.275697 0.000212
0.706857 0.003812 0.011468 0.004628 0.000294 0.272723 0.000218
0.710497 0.003607 0.010979 0.004428 0.000279 0.269999 0.000211
0.713744 0.003364 0.010489 0.004212 0.000280 0.267702 0.000209
0.718292 0.003096 0.009748 0.003891 0.000255 0.264508 0.000210
0.721140 0.002865 0.009419 0.003712 0.000258 0.262392 0.000214
0.726634 0.002673 0.008804 0.003448 0.000240 0.257989 0.000211
0.729467 0.002536 0.008516 0.003318 0.000240 0.255713 0.000211
0.733630 0.002380 0.008181 0.003167 0.000231 0.252201 0.000209
0.737930 0.002209 0.007616 0.002992 0.000219 0.248815 0.000218
0.740714 0.002059 0.007193 0.002863 0.000203 0.246749 0.000220
0.743786 0.001961 0.006833 0.002683 0.000199 0.244329 0.000210
0.748144 0.001820 0.006423 0.002575 0.000178 0.240651 0.000210
0.750832 0.001681 0.006139 0.002443 0.000179 0.238520 0.000205
0.754892 0.001665 0.005923 0.002352 0.000171 0.234781 0.000216
0.757472 0.001502 0.005665 0.002183 0.000162 0.232802 0.000214
0.762214 0.001381 0.005283 0.002060 0.000155 0.228698 0.000209
0.765693 0.001319 0.005055 0.001933 0.000152 0.225645 0.000202
0.768333 0.001248 0.004815 0.001817 0.000151 0.223423 0.000213
0.771638 0.001195 0.004580 0.001711 0.000136 0.220519 0.000222
0.773634 0.001112 0.004324 0.001651 0.000137 0.218933 0.000210
0.777336 0.001048 0.004059 0.001582 0.000127 0.215647 0.000202
0.781312 0.000974 0.003870 0.001479 0.000133 0.212014 0.000217
0.782378 0.000943 0.003747 0.001411 0.000141 0.211170 0.000210
0.787305 0.000858 0.003464 0.001315 0.000120 0.206722 0.000218
0.789600 0.000845 0.003281 0.001228 0.000118 0.204720 0.000207
0.793465 0.000783 0.003046 0.001176 0.000116 0.201192 0.000222
0.796523 0.000752 0.002918 0.001100 0.000113 0.198383 0.000211
0.798667 0.000691 0.002722 0.001022 0.000116 0.196569 0.000214
0.802074 0.000673 0.002561 0.000948 0.000109 0.193413 0.000223
0.806563 0.000626 0.002414 0.000901 0.000096 0.189184 0.000216
0.807852 0.000589 0.002272 0.000861 0.000105 0.188117 0.000205
0.810680 0.000553 0.002172 0.000799 0.000101 0.185487 0.000208
0.813957 0.000501 0.002043 0.000759 0.000107 0.182413 0.000221
0.816861 0.000453 0.001967 0.000711 0.000088 0.179710 0.000210
0.818583 0.000452 0.001854 0.000687 0.000081 0.178129 0.000213
0.822372 0.000416 0.001723 0.000637 0.000076 0.174564 0.000213
0.824218 0.000417 0.001612 0.000615 0.000080 0.172847 0.000211
0.826234 0.000379 0.001541 0.000576 0.000069 0.170990 0.000211
0.830103 0.000406 0.001447 0.000563 0.000076 0.167190 0.000214
0.830862 0.000361 0.001383 0.000525 0.000066 0.166615 0.000187
0.835336 0.000339 0.001298 0.000512 0.000062 0.162261 0.000192
0.835841 0.000341 0.001252 0.000485 0.000063 0.161822 0.000196
0.838691 0.000328 0.001145 0.000440 0.000064 0.159122 0.000210
0.842261 0.000315 0.001031 0.000430 0.000060 0.155690 0.000213
0.843972 0.000280 0.001021 0.000391 0.000055 0.154062 0.000220
0.846258 0.000279 0.000996 0.000393 0.000057 0.151815 0.000202
0.849056 0.000263 0.000945 0.000374 0.000054 0.149107 0.000200
0.850266 0.000283 0.000910 0.000342 0.000055 0.147936 0.000209
0.853910 0.000258 0.000855 0.000348 0.000060 0.144364 0.000205
0.855694 0.000230 0.000786 0.000307 0.000048 0.142734 0.000201
0.859432 0.000228 0.000724 0.000292 0.000054 0.139075 0.000195
0.860663 0.000222 0.000683 0.000286 0.000051 0.137892 0.000202
0.863554 0.000207 0.000657 0.000280 0.000044 0.135076 0.000182
0.865549 0.000206 0.000640 0.000261 0.000046 0.133098 0.000200
0.867679 0.000181 0.000602 0.000245 0.000042 0.131044 0.000207
0.868614 0.000194 0.000612 0.000235 0.000045 0.130109 0.000191
0.871402 0.000170 0.000565 0.000227 0.000038 0.127415 0.000183
0.872905 0.000179 0.000518 0.000227 0.000042 0.125924 0.000205
0.875442 0.000153 0.000518 0.000211 0.000038 0.123440 0.000197
0.877640 0.000146 0.000494 0.000202 0.000045 0.121254 0.000219
0.880661 0.000136 0.000454 0.000200 0.000044 0.118317 0.000188
0.883093 0.000148 0.000445 0.000192 0.000041 0.115895 0.000185
0.883921 0.000145 0.000419 0.000206 0.000036 0.115092 0.000182
0.885993 0.000160 0.000403 0.000183 0.000035 0.113051 0.000175
0.887428 0.000138 0.000367 0.000191 0.000035 0.111637 0.000203
0.889563 0.000117 0.000350 0.000175 0.000035 0.109572 0.000188
0.892451 0.000117 0.000327 0.000170 0.000030 0.106744 0.000161
0.892998 0.000111 0.000322 0.000157 0.000035 0.106189 0.000188
0.895120 0.000115 0.000319 0.000157 0.000030 0.104068 0.000192
0.896518 0.000117 0.000311 0.000162 0.000038 0.102665 0.000189
0.898732 0.000126 0.000297 0.000147 0.000029 0.100494 0.000175
0.901152 0.000112 0.000279 0.000139 0.000026 0.098121 0.000171
0.901444 0.000109 0.000289 0.000126 0.000027 0.097811 0.000194
0.903655 0.000110 0.000275 0.000118 0.000028 0.095641 0.000173
0.905688 0.000105 0.000247 0.000110 0.000030 0.093631 0.000188
0.908640 0.000102 0.000236 0.000102 0.000026 0.090716 0.000177
0.909008 0.000090 0.000241 0.000097 0.000026 0.090344 0.000193
0.911115 0.000077 0.000234 0.000097 0.000025 0.088280 0.000173
0.913245 0.000081 0.000224 0.000090 0.000025 0.086164 0.000171
0.913637 0.000088 0.000204 0.000089 0.000025 0.085784 0.000172
0.914671 0.000074 0.000217 0.000083 0.000021 0.084759 0.000174
0.916908 0.000085 0.000189 0.000083 0.000021 0.082563 0.000151
0.917525 0.000063 0.000191 0.000066 0.000021 0.081989 0.000144
0.918040 0.000057 0.000181 0.000073 0.000021 0.081469 0.000159
0.919530 0.000064 0.000181 0.000081 0.000021 0.079971 0.000152
0.920469 0.000062 0.000185 0.000057 0.000022 0.079033 0.000172
0.921563 0.000048 0.000165 0.000069 0.000020 0.077993 0.000142
0.922950 0.000056 0.000156 0.000067 0.000020 0.076607 0.000145
0.924480 0.000058 0.000130 0.000065 0.000015 0.075107 0.000145
0.925600 0.000062 0.000116 0.000054 0.000015 0.074001 0.000150
0.924707 0.000049 0.000140 0.000060 0.000012 0.074888 0.000143
0.925046 0.000071 0.000132 0.000065 0.000013 0.074516 0.000156
0.926495 0.000044 0.000121 0.000045 0.000014 0.073134 0.000149
0.927661 0.000049 0.000108 0.000044 0.000013 0.071984 0.000141
0.927759 0.000044 0.000104 0.000038 0.000021 0.071890 0.000145
0.928024 0.000057 0.000114 0.000049 0.000015 0.071607 0.000136
0.929657 0.000052 0.000084 0.000043 0.000018 0.070010 0.000136
0.929286 0.000047 0.000100 0.000037 0.000018 0.070376 0.000136
0.930086 0.000044 0.000092 0.000042 0.000018 0.069596 0.000121
0.931171 0.000035 0.000080 0.000031 0.000017 0.068533 0.000134
0.930994 0.000039 0.000092 0.000041 0.000013 0.068684 0.000137
0.931185 0.000031 0.000091 0.000036 0.000015 0.068501 0.000141
0.932278 0.000035 0.000083 0.000027 0.000015 0.067425 0.000137
0.932553 0.000029 0.000078 0.000021 0.000015 0.067168 0.000138
0.932849 0.000022 0.000079 0.000026 0.000007 0.066877 0.000140
0.933524 0.000025 0.000068 0.000018 0.000013 0.066212 0.000139
0.933901 0.000023 0.000063 0.000018 0.000008 0.065862 0.000125
0.934468 0.000024 0.000055 0.000018 0.000012 0.065290 0.000134
0.934732 0.000016 0.000054 0.000018 0.000008 0.065036 0.000137
0.934891 0.000014 0.000044 0.000024 0.000006 0.064883 0.000138
0.934718 0.000016 0.000057 0.000021 0.000007 0.065051 0.000130
0.934837 0.000015 0.000064 0.000022 0.000005 0.064928 0.000129
0.935257 0.000017 0.000059 0.000020 0.000007 0.064509 0.000132
0.935539 0.000011 0.000048 0.000013 0.000004 0.064257 0.000128
0.935830 0.000015 0.000047 0.000015 0.000005 0.063962 0.000125
0.936063 0.000013 0.000036 0.000007 0.000004 0.063751 0.000126
0.935759 0.000012 0.000044 0.000015 0.000008 0.064035 0.000128
0.935963 0.000008 0.000034 0.000005 0.000006 0.063852 0.000130
0.936032 0.000010 0.000034 0.000007 0.000005 0.063785 0.000126
0.936435 0.000005 0.000025 0.000005 0.000004 0.063401 0.000125
0.936575 0.000005 0.000024 0.000010 0.000006 0.063253 0.000127
0.936533 0.000004 0.000023 0.000008 0.000004 0.063302 0.000125
0.936348 0.000013 0.000030 0.000010 0.000005 0.063470 0.000125
0.936818 0.000008 0.000018 0.000006 0.000004 0.063019 0.000127
0.936741 0.000011 0.000019 0.000006 0.000002 0.063095 0.000125
0.936846 0.000008 0.000015 0.000005 0.000002 0.062998 0.000126
0.936730 0.000011 0.000022 0.000010 0.000004 0.063098 0.000125
0.936623 0.000005 0.000021 0.000008 0.000006 0.063206 0.000130
0.936981 0.000004 0.000020 0.000004 0.000002 0.062864 0.000125
0.937017 0.000005 0.000014 0.000004 0.000002 0.062832 0.000126
0.937025 0.000004 0.000013 0.000004 0.000002 0.062823 0.000129
0.937053 0.000003 0.000012 0.000002 0.000002 0.062799 0.000128
0.937069 0.000004 0.000013 0.000001 0.000002 0.062785 0.000126
0.937152 0.000004 0.000009 0.000002 0.000002 0.062704 0.000127
0.937163 0.000003 0.000009 0.000004 0.000002 0.062692 0.000126
0.937129 0.000009 0.000015 0.000002 0.000001 0.062720 0.000125
0.937187 0.000006 0.000012 0.000001 0.000001 0.062668 0.000126
0.937192 0.000007 0.000012 0.000001 0.000001 0.062661 0.000126
0.937231 0.000003 0.000009 0.000002 0.000001 0.062628 0.000126
0.937251 0.000004 0.000011 0.000003 0.000001 0.062605 0.000125
0.937261 0.000004 0.000012 0.000002 0.000001 0.062595 0.000126
0.937220 0.000002 0.000006 0.000001 0.000000 0.062644 0.000126
