0.999257 0.000457 0.000190 0.000091 0.000000 0.000006 0.000000
0.999158 0.000421 0.000111 0.000031 0.000000 0.000279 0.000000
0.998808 0.000704 0.000190 0.000066 0.000000 0.000231 0.000000
0.998467 0.000944 0.000237 0.000088 0.000001 0.000263 0.000000
0.998180 0.001117 0.000240 0.000120 0.000002 0.000342 0.000000
0.997731 0.001460 0.000306 0.000161 0.000002 0.000340 0.000000
0.997355 0.001692 0.000403 0.000173 0.000003 0.000373 0.000000
0.996554 0.002308 0.000506 0.000226 0.000002 0.000404 0.000000
0.995373 0.003193 0.000710 0.000291 0.000001 0.000431 0.000000
0.994421 0.003862 0.000870 0.000355 0.000001 0.000491 0.000000
0.992479 0.005258 0.001197 0.000476 0.000001 0.000589 0.000000
0.991139 0.006120 0.001460 0.000616 0.000001 0.000665 0.000000
0.988700 0.007663 0.001989 0.000813 0.000001 0.000834 0.000000
0.986078 0.009312 0.002545 0.001059 0.000000 0.001006 0.000000
0.983316 0.011115 0.003023 0.001291 0.000001 0.001252 0.000000
0.980011 0.013195 0.003559 0.001631 0.000006 0.001599 0.000000
0.975421 0.016191 0.004358 0.002045 0.000005 0.001980 0.000000
0.971179 0.018743 0.005247 0.002432 0.000008 0.002390 0.000000
0.967477 0.020864 0.005923 0.002866 0.000007 0.002863 0.000000
0.961854 0.024159 0.007012 0.003397 0.000008 0.003571 0.000000
0.955613 0.027797 0.008195 0.004034 0.000007 0.004353 0.000000
0.949643 0.031166 0.009360 0.004624 0.000009 0.005198 0.000000
0.942599 0.035071 0.010853 0.005341 0.000013 0.006123 0.000000
0.935620 0.038750 0.012408 0.006021 0.000020 0.007181 0.000000
0.927761 0.043099 0.013964 0.006799 0.000020 0.008357 0.000000
0.920918 0.046748 0.015233 0.007543 0.000014 0.009545 0.000000
0.912310 0.051323 0.016975 0.008460 0.000016 0.010915 0.000000
0.901718 0.056657 0.019088 0.009669 0.000028 0.012840 0.000000
0.893564 0.060639 0.020831 0.010489 0.000038 0.014439 0.000000
0.884901 0.064634 0.022774 0.011439 0.000043 0.016208 0.000000
0.874465 0.069552 0.025067 0.012626 0.000049 0.018241 0.000000
0.865354 0.073529 0.027030 0.013785 0.000063 0.020239 0.000000
0.854419 0.077956 0.029504 0.015246 0.000067 0.022808 0.000000
0.843261 0.082395 0.032089 0.016593 0.000075 0.025587 0.000000
0.834206 0.085708 0.034173 0.017745 0.000081 0.028087 0.000000
0.825128 0.088639 0.036545 0.018953 0.000094 0.030640 0.000001
0.812620 0.093222 0.039672 0.020291 0.000106 0.034088 0.000002
0.803407 0.095909 0.041911 0.021512 0.000118 0.037140 0.000002
0.793033 0.099022 0.044295 0.022915 0.000124 0.040606 0.000004
0.783435 0.101731 0.046657 0.024191 0.000139 0.043843 0.000004
0.772973 0.104261 0.049346 0.025551 0.000154 0.047710 0.000004
0.763448 0.106156 0.051865 0.026862 0.000170 0.051495 0.000004
0.753966 0.107915 0.054104 0.028102 0.000187 0.055722 0.000003
0.745157 0.109686 0.056213 0.029252 0.000186 0.059502 0.000004
0.736303 0.111098 0.058239 0.030379 0.000191 0.063785 0.000005
0.726890 0.112763 0.060371 0.031601 0.000191 0.068177 0.000006
0.717472 0.114008 0.062506 0.032838 0.000207 0.072962 0.000007
0.710737 0.114209 0.064224 0.033656 0.000224 0.076945 0.000006
0.700633 0.114635 0.066580 0.035088 0.000250 0.082807 0.000006
0.694857 0.114865 0.067733 0.035635 0.000262 0.086642 0.000006
0.685126 0.115694 0.069798 0.036762 0.000282 0.092331 0.000006
0.677841 0.115273 0.071405 0.037648 0.000309 0.097518 0.000006
0.671231 0.115087 0.072805 0.038305 0.000328 0.102237 0.000006
0.662884 0.114988 0.074660 0.039194 0.000336 0.107930 0.000008
0.656931 0.114407 0.075699 0.039663 0.000364 0.112928 0.000008
0.648638 0.114093 0.077303 0.040354 0.000381 0.119221 0.000010
0.642048 0.113218 0.078774 0.040912 0.000394 0.124642 0.000012
0.635248 0.112528 0.079749 0.041532 0.000405 0.130524 0.000014
0.630302 0.111735 0.080319 0.041937 0.000412 0.135280 0.000015
0.624557 0.110382 0.081150 0.042628 0.000420 0.140843 0.000020
0.619132 0.108928 0.081945 0.043002 0.000427 0.146543 0.000022
0.613411 0.107908 0.082569 0.043342 0.000439 0.152307 0.000024
0.608866 0.106519 0.082967 0.043579 0.000440 0.157603 0.000025
0.603156 0.105316 0.083470 0.043996 0.000461 0.163575 0.000024
0.597861 0.103122 0.083719 0.044133 0.000477 0.170664 0.000025
0.594381 0.101937 0.083803 0.044150 0.000503 0.175201 0.000026
0.589995 0.100080 0.083845 0.044133 0.000508 0.181415 0.000024
0.586075 0.098530 0.083793 0.043930 0.000519 0.187126 0.000027
0.583193 0.096855 0.083645 0.043902 0.000533 0.191843 0.000028
0.578959 0.094890 0.083575 0.044027 0.000556 0.197964 0.000029
0.576524 0.093107 0.083142 0.043841 0.000571 0.202784 0.000032
0.574143 0.091337 0.082672 0.043580 0.000581 0.207653 0.000034
0.570014 0.089581 0.082549 0.043580 0.000599 0.213642 0.000035
0.568381 0.087540 0.081938 0.043277 0.000615 0.218213 0.000037
0.565407 0.086235 0.081781 0.043075 0.000625 0.222840 0.000038
0.561295 0.084228 0.081250 0.042806 0.000628 0.229748 0.000045
0.560890 0.082434 0.080220 0.042297 0.000640 0.233472 0.000047
0.559342 0.080871 0.079471 0.042016 0.000654 0.237597 0.000050
0.557840 0.079420 0.078552 0.041524 0.000674 0.241937 0.000052
0.556820 0.078026 0.077549 0.040930 0.000681 0.245938 0.000055
0.555548 0.076395 0.076687 0.040574 0.000680 0.250062 0.000054
0.553555 0.074908 0.076024 0.040182 0.000683 0.254592 0.000057
0.552865 0.073058 0.074928 0.039695 0.000677 0.258717 0.000060
0.551598 0.071838 0.074221 0.039352 0.000674 0.262254 0.000063
0.551038 0.070353 0.073203 0.039035 0.000675 0.265630 0.000066
0.551224 0.068950 0.071993 0.038352 0.000676 0.268735 0.000070
0.549683 0.067869 0.071519 0.038028 0.000672 0.272158 0.000071
0.549962 0.066448 0.070167 0.037140 0.000684 0.275523 0.000076
0.550032 0.065424 0.069070 0.036773 0.000687 0.277937 0.000078
0.548621 0.063828 0.067885 0.036313 0.000683 0.282588 0.000083
0.549253 0.063205 0.066963 0.035854 0.000684 0.283956 0.000084
0.549100 0.061965 0.066045 0.035286 0.000681 0.286839 0.000083
0.548408 0.060503 0.065172 0.034741 0.000696 0.290395 0.000084
0.548771 0.059326 0.064192 0.033986 0.000716 0.292918 0.000090
0.548200 0.058620 0.063734 0.033774 0.000723 0.294853 0.000096
0.548952 0.057077 0.062358 0.033049 0.000705 0.297763 0.000097
0.549167 0.056000 0.061321 0.032599 0.000717 0.300098 0.000097
0.549559 0.055217 0.060800 0.032323 0.000723 0.301278 0.000100
0.549098 0.053971 0.059953 0.031925 0.000730 0.304222 0.000101
0.550693 0.052989 0.059016 0.031305 0.000721 0.305169 0.000108
0.551235 0.052053 0.057689 0.030769 0.000706 0.307440 0.000109
0.551173 0.051063 0.056890 0.030319 0.000706 0.309736 0.000112
0.551829 0.050304 0.056194 0.029925 0.000703 0.310938 0.000107
0.552106 0.049096 0.055231 0.029285 0.000718 0.313454 0.000110
0.553731 0.048907 0.054689 0.029086 0.000715 0.312762 0.000110
0.554209 0.047428 0.053575 0.028518 0.000705 0.315454 0.000112
0.555588 0.047215 0.053124 0.028268 0.000700 0.314990 0.000115
0.556214 0.046260 0.052061 0.027600 0.000692 0.317053 0.000120
0.556517 0.045379 0.051134 0.027058 0.000704 0.319080 0.000129
0.556720 0.044817 0.050503 0.026756 0.000690 0.320388 0.000126
0.558589 0.044319 0.049440 0.026335 0.000690 0.320498 0.000129
0.558794 0.043557 0.048553 0.025883 0.000669 0.322416 0.000129
0.559307 0.042885 0.048079 0.025569 0.000660 0.323365 0.000134
0.560673 0.042417 0.047198 0.025212 0.000645 0.323727 0.000129
0.561381 0.042299 0.046768 0.024924 0.000676 0.323826 0.000127
0.562672 0.041489 0.046108 0.024537 0.000670 0.324391 0.000133
0.563757 0.041111 0.045459 0.024124 0.000673 0.324736 0.000140
0.564258 0.039720 0.044401 0.023608 0.000672 0.327200 0.000142
0.565049 0.039293 0.043835 0.023253 0.000673 0.327751 0.000147
0.566040 0.039137 0.043348 0.023030 0.000665 0.327635 0.000146
0.567386 0.038392 0.042336 0.022562 0.000644 0.328528 0.000153
0.568531 0.037602 0.041466 0.022114 0.000638 0.329492 0.000155
0.570026 0.036880 0.040850 0.021814 0.000621 0.329648 0.000160
0.571876 0.036180 0.040372 0.021511 0.000610 0.329287 0.000164
0.574303 0.034797 0.039837 0.020980 0.000614 0.329300 0.000169
0.576830 0.033003 0.038987 0.020336 0.000609 0.330066 0.000169
0.580011 0.031865 0.038421 0.019792 0.000603 0.329136 0.000172
0.583642 0.030464 0.037682 0.019189 0.000592 0.328260 0.000171
0.586355 0.029215 0.037167 0.018697 0.000590 0.327798 0.000179
0.589783 0.027365 0.036203 0.018107 0.000567 0.327785 0.000189
0.593364 0.025776 0.035455 0.017407 0.000561 0.327254 0.000184
0.596576 0.024304 0.034704 0.016888 0.000555 0.326789 0.000183
0.600957 0.023019 0.033921 0.016312 0.000535 0.325067 0.000188
0.605140 0.021263 0.033071 0.015585 0.000501 0.324249 0.000190
0.608257 0.019978 0.032348 0.014947 0.000518 0.323765 0.000188
0.611749 0.018761 0.031540 0.014361 0.000518 0.322887 0.000183
0.616290 0.017361 0.030593 0.013644 0.000509 0.321420 0.000183
0.620545 0.016339 0.029542 0.012881 0.000502 0.320005 0.000185
0.625601 0.015165 0.028519 0.012328 0.000501 0.317698 0.000188
0.630090 0.013925 0.027415 0.011683 0.000486 0.316212 0.000191
0.632879 0.013155 0.026863 0.011349 0.000476 0.315088 0.000190
0.637679 0.012239 0.025766 0.010725 0.000464 0.312939 0.000187
0.642117 0.011335 0.024996 0.010223 0.000457 0.310673 0.000199
0.646919 0.010499 0.023829 0.009650 0.000444 0.308460 0.000198
0.650406 0.009802 0.022917 0.009115 0.000424 0.307136 0.000200
0.655344 0.009119 0.022162 0.008821 0.000419 0.303943 0.000192
0.659043 0.008502 0.021252 0.008299 0.000412 0.302290 0.000201
0.664361 0.007778 0.020183 0.007675 0.000411 0.299386 0.000204
0.667418 0.007301 0.019451 0.007349 0.000385 0.297894 0.000202
0.672034 0.006665 0.018421 0.006928 0.000390 0.295359 0.000203
0.676190 0.006215 0.017673 0.006566 0.000382 0.292773 0.000202
0.681144 0.005736 0.016527 0.006070 0.000354 0.289965 0.000204
0.684777 0.005421 0.015883 0.005775 0.000347 0.287588 0.000210
0.687650 0.004987 0.015172 0.005505 0.000346 0.286129 0.000211
0.692710 0.004597 0.014283 0.005215 0.000338 0.282644 0.000213
0.696602 0.004303 0.013673 0.004913 0.000332 0.279965 0.000211
0.702099 0.003989 0.012815 0.004605 0.000331 0.275953 0.000208
0.705091 0.003654 0.012199 0.004363 0.000313 0.274173 0.000207
0.709458 0.003345 0.011582 0.004098 0.000305 0.270995 0.000217
0.712673 0.003190 0.011021 0.003891 0.000311 0.268706 0.000208
0.717590 0.002942 0.010380 0.003635 0.000299 0.264941 0.000213
0.721805 0.002693 0.009761 0.003363 0.000282 0.261891 0.000205
0.725075 0.002499 0.009246 0.003183 0.000288 0.259497 0.000211
0.729309 0.002300 0.008691 0.002995 0.000273 0.256226 0.000206
0.732006 0.002166 0.008315 0.002832 0.000258 0.254208 0.000215
0.737264 0.001973 0.007857 0.002611 0.000257 0.249824 0.000215
0.739862 0.001816 0.007445 0.002424 0.000251 0.247991 0.000211
0.744549 0.001620 0.007000 0.002300 0.000236 0.244086 0.000209
0.747267 0.001541 0.006658 0.002213 0.000236 0.241870 0.000215
0.751924 0.001430 0.006250 0.002044 0.000226 0.237921 0.000205
0.754674 0.001308 0.005941 0.001919 0.000231 0.235721 0.000205
0.757570 0.001204 0.005657 0.001856 0.000231 0.233262 0.000220
0.762098 0.001111 0.005319 0.001708 0.000209 0.229342 0.000213
0.764582 0.001038 0.005027 0.001629 0.000197 0.227315 0.000213
0.768578 0.000931 0.004669 0.001483 0.000185 0.223926 0.000228
0.772948 0.000855 0.004443 0.001397 0.000189 0.219955 0.000213
0.774568 0.000793 0.004225 0.001322 0.000179 0.218698 0.000216
0.779568 0.000723 0.003939 0.001241 0.000161 0.214143 0.000224
0.781440 0.000649 0.003683 0.001148 0.000151 0.212697 0.000231
0.784024 0.000587 0.003485 0.001075 0.000154 0.210462 0.000214
0.788495 0.000556 0.003387 0.000972 0.000149 0.206225 0.000216
0.791958 0.000487 0.003111 0.000951 0.000141 0.203145 0.000208
0.794349 0.000483 0.002926 0.000872 0.000127 0.201036 0.000208
0.798028 0.000429 0.002743 0.000782 0.000136 0.197669 0.000213
0.799526 0.000409 0.002603 0.000736 0.000132 0.196363 0.000231
0.803344 0.000369 0.002428 0.000689 0.000128 0.192817 0.000226
0.807112 0.000325 0.002266 0.000646 0.000111 0.189325 0.000215
0.808245 0.000306 0.002145 0.000625 0.000114 0.188350 0.000215
0.812932 0.000265 0.001973 0.000548 0.000105 0.183966 0.000211
0.814009 0.000248 0.001825 0.000526 0.000107 0.183061 0.000224
0.817172 0.000237 0.001729 0.000479 0.000099 0.180074 0.000212
0.820050 0.000239 0.001614 0.000442 0.000110 0.177333 0.000212
0.823839 0.000185 0.001532 0.000420 0.000093 0.173716 0.000215
0.825158 0.000182 0.001433 0.000388 0.000094 0.172525 0.000221
0.828179 0.000159 0.001374 0.000352 0.000087 0.169622 0.000226
0.831421 0.000153 0.001268 0.000336 0.000087 0.166525 0.000210
0.833029 0.000145 0.001230 0.000322 0.000089 0.164959 0.000225
0.835559 0.000135 0.001141 0.000316 0.000071 0.162567 0.000210
0.839079 0.000125 0.001026 0.000305 0.000082 0.159168 0.000216
0.841563 0.000111 0.000987 0.000279 0.000076 0.156762 0.000222
0.843348 0.000114 0.000938 0.000263 0.000071 0.155046 0.000220
0.846209 0.000095 0.000877 0.000248 0.000079 0.152275 0.000217
0.849129 0.000087 0.000805 0.000243 0.000076 0.149441 0.000219
0.850048 0.000086 0.000764 0.000222 0.000064 0.148613 0.000204
0.852663 0.000075 0.000725 0.000221 0.000065 0.146046 0.000205
0.856775 0.000070 0.000692 0.000211 0.000064 0.141987 0.000201
0.859496 0.000067 0.000621 0.000194 0.000066 0.139354 0.000202
0.860940 0.000060 0.000616 0.000186 0.000061 0.137927 0.000209
0.865614 0.000056 0.000574 0.000167 0.000049 0.133344 0.000196
0.864715 0.000051 0.000536 0.000168 0.000054 0.134263 0.000213
0.867288 0.000050 0.000510 0.000167 0.000047 0.131728 0.000212
0.868588 0.000045 0.000491 0.000162 0.000043 0.130450 0.000221
0.872812 0.000046 0.000474 0.000152 0.000045 0.126277 0.000193
0.873687 0.000050 0.000440 0.000145 0.000044 0.125422 0.000211
0.878621 0.000041 0.000401 0.000142 0.000040 0.120559 0.000197
0.879717 0.000035 0.000418 0.000134 0.000047 0.119451 0.000199
0.882743 0.000047 0.000367 0.000119 0.000046 0.116484 0.000193
0.883594 0.000031 0.000352 0.000109 0.000048 0.115669 0.000196
0.885237 0.000032 0.000357 0.000117 0.000040 0.114005 0.000212
0.887352 0.000028 0.000336 0.000102 0.000044 0.111918 0.000220
0.892068 0.000020 0.000323 0.000092 0.000040 0.107271 0.000187
0.890835 0.000022 0.000319 0.000106 0.000049 0.108467 0.000202
0.893718 0.000022 0.000300 0.000098 0.000039 0.105635 0.000188
0.895447 0.000018 0.000269 0.000091 0.000041 0.103938 0.000195
0.896727 0.000021 0.000260 0.000084 0.000027 0.102688 0.000193
0.899324 0.000018 0.000243 0.000085 0.000033 0.100104 0.000192
0.898701 0.000015 0.000238 0.000080 0.000037 0.100755 0.000175
0.902726 0.000020 0.000218 0.000057 0.000028 0.096768 0.000182
0.904577 0.000014 0.000204 0.000067 0.000029 0.094926 0.000183
0.907689 0.000018 0.000196 0.000053 0.000022 0.091845 0.000176
0.908471 0.000012 0.000189 0.000061 0.000024 0.091074 0.000169
0.909459 0.000008 0.000184 0.000052 0.000025 0.090090 0.000182
0.911750 0.000008 0.000162 0.000060 0.000025 0.087818 0.000177
0.913410 0.000007 0.000156 0.000061 0.000025 0.086172 0.000169
0.915866 0.000006 0.000135 0.000050 0.000018 0.083767 0.000158
0.915644 0.000010 0.000140 0.000041 0.000017 0.083974 0.000174
0.917664 0.000012 0.000131 0.000032 0.000017 0.081991 0.000152
0.919453 0.000008 0.000114 0.000034 0.000020 0.080208 0.000163
0.920318 0.000009 0.000104 0.000034 0.000017 0.079364 0.000154
0.920861 0.000004 0.000103 0.000031 0.000023 0.078814 0.000163
0.921609 0.000008 0.000098 0.000032 0.000024 0.078080 0.000150
0.922175 0.000006 0.000109 0.000019 0.000016 0.077516 0.000160
0.923722 0.000004 0.000095 0.000022 0.000013 0.075987 0.000158
0.924104 0.000008 0.000084 0.000024 0.000014 0.075619 0.000146
0.925629 0.000012 0.000087 0.000012 0.000010 0.074119 0.000132
0.924944 0.000009 0.000073 0.000019 0.000019 0.074781 0.000154
0.926508 0.000009 0.000062 0.000019 0.000013 0.073248 0.000141
0.926899 0.000007 0.000061 0.000016 0.000019 0.072857 0.000140
0.927870 0.000006 0.000055 0.000012 0.000015 0.071896 0.000146
0.928654 0.000009 0.000053 0.000011 0.000017 0.071120 0.000138
0.929416 0.000007 0.000045 0.000013 0.000010 0.070369 0.000140
0.929000 0.000011 0.000045 0.000011 0.000013 0.070776 0.000144
0.930224 0.000005 0.000037 0.000011 0.000013 0.069570 0.000139
0.930327 0.000006 0.000036 0.000009 0.000013 0.069475 0.000134
0.930440 0.000003 0.000040 0.000011 0.000008 0.069356 0.000142
0.931055 0.000001 0.000040 0.000006 0.000008 0.068755 0.000133
0.931197 0.000003 0.000037 0.000006 0.000010 0.068613 0.000132
0.931207 0.000003 0.000031 0.000010 0.000010 0.068602 0.000136
0.930965 0.000001 0.000026 0.000012 0.000011 0.068845 0.000142
0.931442 0.000001 0.000030 0.000008 0.000008 0.068373 0.000138
0.931665 0.000002 0.000025 0.000008 0.000013 0.068148 0.000140
0.932232 0.000001 0.000018 0.000007 0.000010 0.067604 0.000128
0.932759 0.000001 0.000014 0.000004 0.000010 0.067087 0.000126
0.932411 0.000002 0.000024 0.000006 0.000007 0.067416 0.000134
0.932639 0.000001 0.000016 0.000005 0.000011 0.067199 0.000129
0.932281 0.000002 0.000025 0.000005 0.000008 0.067550 0.000130
0.932484 0.000002 0.000024 0.000006 0.000004 0.067348 0.000132
0.932717 0.000001 0.000022 0.000004 0.000004 0.067121 0.000131
0.932797 0.000000 0.000019 0.000004 0.000005 0.067046 0.000130
0.933022 0.000000 0.000012 0.000002 0.000005 0.066832 0.000128
0.933127 0.000000 0.000010 0.000006 0.000004 0.066727 0.000126
0.932876 0.000000 0.000013 0.000005 0.000006 0.066970 0.000130
0.933102 0.000000 0.000009 0.000004 0.000005 0.066751 0.000129
0.932947 0.000000 0.000010 0.000002 0.000009 0.066902 0.000129
0.932879 0.000000 0.000014 0.000001 0.000006 0.066966 0.000134
0.933118 0.000000 0.000008 0.000004 0.000004 0.066737 0.000129
0.933243 0.000000 0.000010 0.000001 0.000005 0.066614 0.000127
0.933202 0.000000 0.000010 0.000002 0.000004 0.066654 0.000129
0.933342 0.000000 0.000007 0.000002 0.000004 0.066519 0.000126
0.933336 0.000000 0.000006 0.000002 0.000005 0.066526 0.000126
0.933362 0.000000 0.000008 0.000001 0.000004 0.066499 0.000126
0.933409 0.000000 0.000010 0.000001 0.000003 0.066449 0.000129
0.933353 0.000000 0.000009 0.000002 0.000004 0.066506 0.000126
0.933414 0.000000 0.000007 0.000001 0.000002 0.066446 0.000130
0.933431 0.000000 0.000007 0.000001 0.000003 0.066428 0.000129
0.933436 0.000000 0.000006 0.000002 0.000001 0.066424 0.000132
0.933584 0.000000 0.000004 0.000001 0.000001 0.066284 0.000127
0.933590 0.000000 0.000004 0.000001 0.000001 0.066278 0.000126
0.933605 0.000000 0.000005 0.000003 0.000002 0.066256 0.000128
0.933599 0.000000 0.000003 0.000001 0.000002 0.066270 0.000126
0.933624 0.000000 0.000004 0.000000 0.000002 0.066245 0.000125
0.933593 0.000000 0.000002 0.000000 0.000003 0.066276 0.000125
0.933603 0.000000 0.000002 0.000000 0.000002 0.066267 0.000125
0.933607 0.000000 0.000001 0.000000 0.000001 0.066265 0.000126
0.933607 0.000000 0.000003 0.000000 0.000001 0.066264 0.000125
0.933622 0.000000 0.000001 0.000000 0.000001 0.066252 0.000126
0.933614 0.000000 0.000002 0.000000 0.000001 0.066258 0.000125
0.933608 0.000000 0.000001 0.000000 0.000000 0.066266 0.000126
0.933608 0.000000 0.000001 0.000000 0.000000 0.066265 0.000126
0.933609 0.000000 0.000001 0.000000 0.000000 0.066264 0.000126
