0.999254 0.000466 0.000191 0.000085 0.000000 0.000003 0.000000
0.999133 0.000461 0.000107 0.000026 0.000001 0.000272 0.000000
0.998764 0.000773 0.000181 0.000055 0.000000 0.000228 0.000000
0.998417 0.001014 0.000224 0.000083 0.000001 0.000261 0.000000
0.998156 0.001167 0.000242 0.000110 0.000001 0.000325 0.000000
0.997594 0.001588 0.000337 0.000152 0.000001 0.000329 0.000000
0.997093 0.001932 0.000408 0.000191 0.000002 0.000375 0.000000
0.996440 0.002392 0.000501 0.000226 0.000001 0.000441 0.000000
0.995251 0.003266 0.000689 0.000316 0.000000 0.000478 0.000000
0.994325 0.003878 0.000882 0.000388 0.000000 0.000526 0.000000
0.992719 0.005033 0.001174 0.000489 0.000000 0.000584 0.000001
0.990839 0.006322 0.001441 0.000656 0.000002 0.000740 0.000000
0.988375 0.007903 0.001944 0.000830 0.000002 0.000946 0.000000
0.986230 0.009159 0.002406 0.001094 0.000004 0.001107 0.000000
0.983415 0.010905 0.003015 0.001316 0.000005 0.001343 0.000000
0.980704 0.012532 0.003546 0.001585 0.000008 0.001624 0.000000
0.976532 0.015175 0.004318 0.001960 0.000010 0.002005 0.000000
0.971191 0.018489 0.005376 0.002402 0.000011 0.002531 0.000000
0.967652 0.020568 0.006017 0.002746 0.000013 0.003004 0.000000
0.962756 0.023484 0.006833 0.003257 0.000013 0.003657 0.000000
0.956097 0.027366 0.008118 0.003995 0.000015 0.004409 0.000000
0.949415 0.031269 0.009408 0.004695 0.000017 0.005196 0.000000
0.942587 0.035200 0.010734 0.005384 0.000020 0.006076 0.000000
0.934988 0.039401 0.012280 0.006136 0.000021 0.007175 0.000000
0.928192 0.043163 0.013619 0.006757 0.000027 0.008242 0.000000
0.921094 0.046728 0.015161 0.007573 0.000028 0.009416 0.000000
0.912148 0.051472 0.016914 0.008532 0.000023 0.010911 0.000000
0.901682 0.056908 0.019075 0.009658 0.000032 0.012645 0.000000
0.893227 0.061121 0.020772 0.010623 0.000039 0.014218 0.000000
0.882976 0.066085 0.022950 0.011718 0.000049 0.016223 0.000000
0.873323 0.070259 0.025086 0.012893 0.000066 0.018373 0.000000
0.862794 0.074715 0.027421 0.014425 0.000074 0.020570 0.000000
0.853305 0.078509 0.029682 0.015660 0.000077 0.022767 0.000000
0.842129 0.083124 0.032225 0.016996 0.000085 0.025441 0.000000
0.833781 0.086157 0.034314 0.017965 0.000094 0.027689 0.000000
0.823703 0.089559 0.036901 0.019306 0.000104 0.030426 0.000001
0.812200 0.093393 0.039775 0.020740 0.000114 0.033775 0.000002
0.802888 0.096118 0.042113 0.021908 0.000113 0.036857 0.000002
0.793279 0.099187 0.044375 0.023026 0.000120 0.040011 0.000003
0.782959 0.101735 0.047036 0.024446 0.000133 0.043688 0.000003
0.774464 0.103508 0.049240 0.025429 0.000147 0.047208 0.000003
0.764836 0.105376 0.051748 0.026683 0.000170 0.051184 0.000003
0.756613 0.107065 0.053547 0.027521 0.000193 0.055058 0.000003
0.748869 0.108461 0.055290 0.028546 0.000207 0.058625 0.000002
0.739433 0.109538 0.057562 0.029905 0.000216 0.063343 0.000003
0.731903 0.110745 0.059222 0.030797 0.000221 0.067105 0.000007
0.721339 0.112125 0.061619 0.032206 0.000233 0.072468 0.000009
0.714979 0.112631 0.063149 0.032940 0.000250 0.076042 0.000009
0.706247 0.113390 0.065042 0.034009 0.000265 0.081040 0.000008
0.698483 0.114075 0.066635 0.034818 0.000279 0.085701 0.000010
0.691359 0.114205 0.068196 0.035526 0.000291 0.090411 0.000012
0.684558 0.113784 0.069547 0.036261 0.000302 0.095537 0.000011
0.675749 0.113950 0.071506 0.037224 0.000327 0.101230 0.000013
0.671140 0.113466 0.072479 0.037668 0.000340 0.104894 0.000014
0.664432 0.113017 0.073823 0.038373 0.000354 0.109987 0.000014
0.657587 0.112450 0.075084 0.039070 0.000373 0.115422 0.000015
0.650586 0.112236 0.076358 0.039675 0.000386 0.120741 0.000017
0.644684 0.111496 0.077356 0.040304 0.000393 0.125746 0.000022
0.638591 0.110838 0.078267 0.040827 0.000408 0.131047 0.000021
0.632963 0.109850 0.079105 0.041319 0.000415 0.136323 0.000025
0.627429 0.108485 0.079623 0.041828 0.000428 0.142181 0.000025
0.623124 0.107929 0.080041 0.042003 0.000438 0.146438 0.000027
0.617130 0.106324 0.080621 0.042532 0.000445 0.152921 0.000028
0.613490 0.105090 0.080912 0.042814 0.000455 0.157213 0.000028
0.608489 0.103512 0.081374 0.043100 0.000465 0.163031 0.000030
0.605375 0.102046 0.081419 0.042950 0.000480 0.167699 0.000030
0.599584 0.100625 0.081902 0.043239 0.000499 0.174122 0.000029
0.596275 0.099263 0.081891 0.043178 0.000514 0.178849 0.000030
0.592203 0.098017 0.081885 0.043198 0.000514 0.184147 0.000036
0.588290 0.096147 0.081837 0.043070 0.000537 0.190083 0.000036
0.585546 0.094913 0.081802 0.042993 0.000544 0.194163 0.000039
0.581750 0.093855 0.081594 0.042918 0.000548 0.199293 0.000042
0.579530 0.092350 0.081016 0.042655 0.000555 0.203848 0.000046
0.575939 0.090815 0.080792 0.042452 0.000567 0.209386 0.000049
0.572336 0.089653 0.080765 0.042428 0.000578 0.214191 0.000050
0.569106 0.087904 0.080477 0.042200 0.000585 0.219675 0.000053
0.566397 0.086572 0.080141 0.042131 0.000599 0.224107 0.000054
0.564018 0.085168 0.079839 0.041905 0.000618 0.228397 0.000056
0.560444 0.083145 0.079320 0.041546 0.000626 0.234859 0.000059
0.558497 0.082099 0.078871 0.041207 0.000628 0.238637 0.000061
0.557215 0.080846 0.078291 0.040984 0.000655 0.241946 0.000063
0.555149 0.079421 0.077780 0.040797 0.000654 0.246133 0.000065
0.552676 0.077447 0.077090 0.040450 0.000659 0.251606 0.000072
0.551661 0.076107 0.076535 0.040052 0.000661 0.254917 0.000067
0.549782 0.074409 0.075512 0.039616 0.000660 0.259948 0.000073
0.548812 0.073266 0.074845 0.039253 0.000668 0.263084 0.000072
0.546363 0.071874 0.074310 0.039173 0.000671 0.267538 0.000071
0.545034 0.070404 0.073468 0.038627 0.000679 0.271715 0.000073
0.545077 0.068879 0.072300 0.038065 0.000680 0.274922 0.000077
0.543690 0.066489 0.070977 0.037415 0.000686 0.280656 0.000088
0.543207 0.065769 0.070453 0.037095 0.000687 0.282698 0.000091
0.542898 0.064172 0.069270 0.036423 0.000678 0.286469 0.000090
0.542376 0.062463 0.068280 0.035982 0.000692 0.290117 0.000090
0.541220 0.061115 0.067388 0.035486 0.000704 0.293996 0.000090
0.541441 0.060310 0.066554 0.035114 0.000706 0.295775 0.000100
0.541503 0.058626 0.065293 0.034308 0.000718 0.299451 0.000101
0.541081 0.056980 0.064159 0.033804 0.000723 0.303147 0.000107
0.541877 0.055764 0.063210 0.033298 0.000728 0.305014 0.000109
0.541481 0.054650 0.062408 0.032774 0.000736 0.307841 0.000111
0.542142 0.053410 0.061371 0.032322 0.000725 0.309917 0.000113
0.542339 0.052376 0.060285 0.031900 0.000721 0.312266 0.000113
0.543238 0.051101 0.059056 0.031281 0.000715 0.314492 0.000117
0.544388 0.050388 0.058052 0.030613 0.000706 0.315737 0.000117
0.543763 0.049026 0.057058 0.030006 0.000706 0.319323 0.000119
0.543915 0.048234 0.056014 0.029625 0.000720 0.321366 0.000125
0.545418 0.047563 0.055145 0.029222 0.000706 0.321818 0.000128
0.546277 0.046454 0.054333 0.028755 0.000693 0.323360 0.000128
0.547797 0.045510 0.052820 0.028057 0.000698 0.324985 0.000132
0.548425 0.045074 0.052105 0.027703 0.000696 0.325857 0.000139
0.549346 0.043767 0.050941 0.027027 0.000684 0.328099 0.000135
0.550425 0.043057 0.050273 0.026657 0.000665 0.328787 0.000136
0.551198 0.042137 0.049409 0.026156 0.000646 0.330319 0.000136
0.552502 0.041656 0.048456 0.025580 0.000634 0.331033 0.000139
0.553725 0.040954 0.047638 0.025098 0.000623 0.331824 0.000139
0.554779 0.040387 0.046713 0.024563 0.000641 0.332777 0.000140
0.556240 0.039685 0.045990 0.024243 0.000621 0.333079 0.000142
0.557428 0.038610 0.045059 0.023838 0.000620 0.334302 0.000143
0.558255 0.037617 0.044066 0.023278 0.000610 0.336030 0.000145
0.560135 0.037322 0.043559 0.023033 0.000603 0.335196 0.000151
0.561555 0.036680 0.042652 0.022488 0.000603 0.335874 0.000147
0.562647 0.036245 0.042136 0.022084 0.000591 0.336140 0.000157
0.564392 0.035734 0.041617 0.021691 0.000590 0.335820 0.000156
0.565919 0.035050 0.040765 0.021310 0.000584 0.336212 0.000160
0.567498 0.034227 0.040154 0.020916 0.000582 0.336459 0.000163
0.569771 0.033419 0.039699 0.020534 0.000582 0.335822 0.000172
0.572343 0.031749 0.038704 0.020031 0.000565 0.336440 0.000167
0.575566 0.030756 0.038073 0.019585 0.000562 0.335277 0.000182
0.578503 0.029590 0.037320 0.019066 0.000549 0.334797 0.000175
0.580840 0.028031 0.036638 0.018451 0.000557 0.335305 0.000178
0.584913 0.026799 0.035665 0.017917 0.000543 0.333979 0.000184
0.588123 0.025588 0.035337 0.017471 0.000534 0.332764 0.000183
0.591466 0.024256 0.034556 0.016999 0.000514 0.332028 0.000181
0.594663 0.022857 0.033599 0.016534 0.000513 0.331654 0.000179
0.599894 0.021500 0.032456 0.015780 0.000507 0.329681 0.000181
0.602414 0.020372 0.031693 0.015186 0.000510 0.329640 0.000186
0.607019 0.019104 0.030537 0.014604 0.000498 0.328054 0.000184
0.610150 0.018174 0.029776 0.014172 0.000495 0.327046 0.000188
0.614168 0.017085 0.028704 0.013624 0.000490 0.325742 0.000187
0.618666 0.015962 0.027590 0.012970 0.000469 0.324148 0.000195
0.622578 0.015276 0.027038 0.012592 0.000471 0.321847 0.000197
0.626618 0.014327 0.025813 0.011970 0.000461 0.320619 0.000193
0.629746 0.013612 0.025224 0.011534 0.000457 0.319235 0.000192
0.634633 0.012805 0.024112 0.011005 0.000432 0.316814 0.000201
0.637955 0.012167 0.023521 0.010659 0.000448 0.315055 0.000195
0.642569 0.011367 0.022468 0.010111 0.000441 0.312849 0.000196
0.645580 0.010771 0.021760 0.009709 0.000442 0.311538 0.000199
0.650019 0.010042 0.020890 0.009223 0.000436 0.309192 0.000198
0.654425 0.009367 0.020133 0.008739 0.000421 0.306716 0.000197
0.658559 0.008858 0.019331 0.008388 0.000410 0.304250 0.000205
0.661525 0.008408 0.018482 0.007937 0.000403 0.303042 0.000203
0.666724 0.007919 0.017663 0.007610 0.000392 0.299488 0.000204
0.670389 0.007501 0.016786 0.007247 0.000380 0.297490 0.000207
0.673919 0.007184 0.016285 0.007068 0.000384 0.294964 0.000196
0.677859 0.006734 0.015593 0.006681 0.000378 0.292558 0.000197
0.681545 0.006365 0.015000 0.006466 0.000372 0.290051 0.000201
0.685289 0.006035 0.014373 0.006155 0.000369 0.287566 0.000213
0.690291 0.005620 0.013533 0.005839 0.000351 0.284147 0.000219
0.692801 0.005425 0.013063 0.005606 0.000353 0.282547 0.000205
0.697119 0.005111 0.012324 0.005233 0.000346 0.279648 0.000219
0.700537 0.004844 0.011925 0.005054 0.000326 0.277090 0.000224
0.704751 0.004512 0.011274 0.004726 0.000334 0.274190 0.000215
0.708689 0.004311 0.010945 0.004589 0.000311 0.270936 0.000219
0.712281 0.004056 0.010402 0.004296 0.000317 0.268431 0.000218
0.716382 0.003894 0.009965 0.004089 0.000300 0.265160 0.000211
0.720096 0.003673 0.009375 0.003877 0.000287 0.262479 0.000212
0.723824 0.003419 0.008992 0.003696 0.000292 0.259556 0.000220
0.727851 0.003226 0.008735 0.003574 0.000294 0.256109 0.000211
0.730313 0.003010 0.008369 0.003436 0.000266 0.254388 0.000218
0.734813 0.002829 0.007964 0.003238 0.000265 0.250673 0.000218
0.738523 0.002634 0.007456 0.003050 0.000249 0.247877 0.000211
0.739907 0.002566 0.007212 0.002925 0.000243 0.246930 0.000218
0.744246 0.002448 0.006866 0.002823 0.000230 0.243171 0.000216
0.747638 0.002294 0.006512 0.002650 0.000225 0.240461 0.000219
0.751534 0.002202 0.006192 0.002561 0.000212 0.237082 0.000218
0.754622 0.002114 0.005981 0.002467 0.000209 0.234386 0.000221
0.758047 0.002022 0.005661 0.002300 0.000212 0.231541 0.000217
0.760836 0.001892 0.005360 0.002162 0.000199 0.229326 0.000226
0.765473 0.001787 0.005010 0.002044 0.000188 0.225280 0.000216
0.767883 0.001699 0.004874 0.001986 0.000192 0.223148 0.000217
0.771261 0.001596 0.004610 0.001892 0.000176 0.220243 0.000221
0.774243 0.001521 0.004270 0.001804 0.000168 0.217776 0.000218
0.777377 0.001475 0.004193 0.001718 0.000169 0.214850 0.000218
0.780043 0.001415 0.003963 0.001666 0.000154 0.212533 0.000225
0.784756 0.001326 0.003771 0.001558 0.000152 0.208208 0.000229
0.786696 0.001268 0.003645 0.001526 0.000154 0.206489 0.000221
0.790294 0.001154 0.003376 0.001402 0.000145 0.203406 0.000223
0.792830 0.001151 0.003272 0.001369 0.000146 0.201006 0.000226
0.795866 0.001079 0.003042 0.001324 0.000123 0.198337 0.000230
0.798007 0.001029 0.002951 0.001230 0.000123 0.196433 0.000228
0.801862 0.000972 0.002798 0.001195 0.000119 0.192822 0.000232
0.804141 0.000903 0.002597 0.001141 0.000111 0.190884 0.000224
0.807163 0.000880 0.002521 0.001071 0.000118 0.188016 0.000231
0.809861 0.000820 0.002373 0.001028 0.000120 0.185566 0.000232
0.813370 0.000764 0.002215 0.000979 0.000106 0.182348 0.000218
0.814497 0.000766 0.002129 0.000928 0.000106 0.181341 0.000233
0.817826 0.000697 0.001993 0.000880 0.000106 0.178279 0.000219
0.819687 0.000672 0.001957 0.000840 0.000094 0.176516 0.000234
0.823393 0.000664 0.001808 0.000811 0.000086 0.173008 0.000231
0.825437 0.000647 0.001750 0.000769 0.000076 0.171103 0.000218
0.828609 0.000585 0.001692 0.000753 0.000076 0.168059 0.000228
0.830687 0.000559 0.001588 0.000734 0.000077 0.166134 0.000221
0.833217 0.000549 0.001511 0.000674 0.000066 0.163761 0.000222
0.833762 0.000549 0.001480 0.000635 0.000067 0.163284 0.000223
0.837341 0.000494 0.001333 0.000596 0.000067 0.159949 0.000220
0.839518 0.000476 0.001322 0.000587 0.000063 0.157821 0.000214
0.843078 0.000463 0.001261 0.000550 0.000057 0.154376 0.000215
0.844859 0.000425 0.001196 0.000537 0.000063 0.152704 0.000215
0.846992 0.000410 0.001154 0.000499 0.000055 0.150674 0.000216
0.848608 0.000413 0.001084 0.000517 0.000057 0.149105 0.000216
0.852353 0.000377 0.000995 0.000449 0.000051 0.145560 0.000215
0.854732 0.000378 0.000962 0.000444 0.000059 0.143205 0.000220
0.856303 0.000328 0.000916 0.000433 0.000050 0.141738 0.000230
0.859030 0.000344 0.000861 0.000431 0.000057 0.139058 0.000219
0.861500 0.000365 0.000846 0.000405 0.000049 0.136612 0.000223
0.862728 0.000322 0.000770 0.000362 0.000044 0.135554 0.000219
0.864836 0.000323 0.000750 0.000360 0.000049 0.133448 0.000234
0.868500 0.000313 0.000727 0.000373 0.000043 0.129818 0.000225
0.869824 0.000303 0.000694 0.000336 0.000049 0.128598 0.000197
0.870113 0.000293 0.000665 0.000330 0.000047 0.128335 0.000217
0.872807 0.000279 0.000653 0.000321 0.000048 0.125688 0.000204
0.874676 0.000261 0.000624 0.000314 0.000040 0.123877 0.000208
0.876825 0.000262 0.000588 0.000314 0.000036 0.121768 0.000207
0.878166 0.000223 0.000571 0.000282 0.000037 0.120522 0.000200
0.881198 0.000240 0.000572 0.000267 0.000033 0.117476 0.000214
0.883682 0.000226 0.000532 0.000263 0.000040 0.115054 0.000204
0.886411 0.000231 0.000494 0.000256 0.000037 0.112369 0.000202
0.886879 0.000214 0.000505 0.000255 0.000034 0.111906 0.000207
0.888760 0.000203 0.000477 0.000244 0.000028 0.110091 0.000197
0.890830 0.000224 0.000460 0.000225 0.000031 0.108028 0.000201
0.893066 0.000208 0.000465 0.000226 0.000028 0.105793 0.000214
0.894464 0.000211 0.000424 0.000233 0.000034 0.104426 0.000207
0.896222 0.000203 0.000437 0.000232 0.000031 0.102680 0.000196
0.898921 0.000196 0.000434 0.000200 0.000033 0.100027 0.000188
0.901825 0.000197 0.000385 0.000194 0.000028 0.097181 0.000190
0.902480 0.000183 0.000372 0.000178 0.000023 0.096579 0.000184
0.905666 0.000173 0.000362 0.000186 0.000024 0.093395 0.000195
0.905605 0.000186 0.000353 0.000173 0.000018 0.093480 0.000185
0.907318 0.000161 0.000340 0.000160 0.000021 0.091807 0.000191
0.908198 0.000196 0.000371 0.000169 0.000020 0.090854 0.000192
0.908886 0.000180 0.000347 0.000165 0.000015 0.090226 0.000181
0.911972 0.000136 0.000317 0.000153 0.000020 0.087210 0.000190
0.912111 0.000158 0.000313 0.000150 0.000016 0.087071 0.000181
0.913399 0.000153 0.000308 0.000154 0.000013 0.085792 0.000182
0.914154 0.000153 0.000333 0.000166 0.000019 0.084982 0.000193
0.915502 0.000135 0.000319 0.000141 0.000016 0.083708 0.000179
0.917107 0.000121 0.000271 0.000137 0.000017 0.082173 0.000174
0.918401 0.000135 0.000289 0.000137 0.000017 0.080839 0.000183
0.919863 0.000122 0.000260 0.000148 0.000016 0.079409 0.000183
0.921332 0.000128 0.000250 0.000130 0.000020 0.077954 0.000186
0.922425 0.000126 0.000213 0.000118 0.000015 0.076911 0.000192
0.922072 0.000126 0.000232 0.000121 0.000015 0.077261 0.000173
0.924656 0.000120 0.000201 0.000099 0.000015 0.074736 0.000173
0.925446 0.000129 0.000209 0.000095 0.000014 0.073943 0.000164
0.926457 0.000115 0.000222 0.000089 0.000019 0.072936 0.000162
0.927695 0.000109 0.000191 0.000073 0.000015 0.071764 0.000153
0.928762 0.000113 0.000182 0.000080 0.000015 0.070689 0.000158
0.928692 0.000140 0.000195 0.000077 0.000016 0.070715 0.000165
0.929596 0.000098 0.000182 0.000079 0.000019 0.069869 0.000157
0.929781 0.000098 0.000188 0.000083 0.000015 0.069669 0.000167
0.931416 0.000111 0.000171 0.000067 0.000016 0.068052 0.000167
0.930728 0.000103 0.000156 0.000075 0.000014 0.068761 0.000163
0.932902 0.000099 0.000146 0.000065 0.000013 0.066614 0.000160
0.932642 0.000072 0.000159 0.000067 0.000013 0.066889 0.000156
0.932198 0.000112 0.000185 0.000085 0.000012 0.067248 0.000159
0.933482 0.000098 0.000171 0.000068 0.000008 0.066002 0.000171
0.934845 0.000098 0.000151 0.000067 0.000010 0.064668 0.000160
0.934518 0.000072 0.000148 0.000063 0.000009 0.065033 0.000158
0.935144 0.000067 0.000126 0.000061 0.000009 0.064430 0.000162
0.935152 0.000095 0.000160 0.000073 0.000011 0.064338 0.000172
0.936284 0.000059 0.000123 0.000056 0.000008 0.063312 0.000158
0.936799 0.000048 0.000105 0.000056 0.000011 0.062820 0.000162
0.936184 0.000077 0.000143 0.000061 0.000012 0.063371 0.000152
0.937192 0.000053 0.000109 0.000057 0.000009 0.062414 0.000165
0.937192 0.000064 0.000103 0.000049 0.000009 0.062430 0.000153
0.937235 0.000084 0.000130 0.000050 0.000009 0.062344 0.000148
0.938051 0.000069 0.000116 0.000042 0.000010 0.061561 0.000151
0.938246 0.000045 0.000083 0.000028 0.000009 0.061436 0.000155
0.938446 0.000055 0.000091 0.000034 0.000008 0.061214 0.000152
0.938197 0.000081 0.000104 0.000049 0.000008 0.061403 0.000157
0.938843 0.000061 0.000083 0.000025 0.000007 0.060834 0.000147
0.938774 0.000084 0.000122 0.000031 0.000008 0.060825 0.000157
0.939420 0.000042 0.000082 0.000023 0.000005 0.060280 0.000148
0.939183 0.000066 0.000088 0.000025 0.000004 0.060479 0.000156
0.939397 0.000079 0.000101 0.000025 0.000006 0.060248 0.000144
0.939514 0.000054 0.000077 0.000019 0.000006 0.060183 0.000147
0.939579 0.000040 0.000071 0.000019 0.000005 0.060139 0.000148
0.940024 0.000043 0.000065 0.000022 0.000004 0.059698 0.000145
0.939917 0.000039 0.000070 0.000023 0.000006 0.059788 0.000157
0.940163 0.000041 0.000069 0.000019 0.000003 0.059556 0.000150
0.940197 0.000042 0.000069 0.000019 0.000003 0.059523 0.000147
0.940221 0.000058 0.000073 0.000029 0.000002 0.059473 0.000145
0.940269 0.000031 0.000050 0.000028 0.000002 0.059473 0.000147
0.940342 0.000026 0.000044 0.000021 0.000003 0.059418 0.000145
0.940373 0.000032 0.000049 0.000025 0.000001 0.059375 0.000144
0.940498 0.000037 0.000055 0.000022 0.000001 0.059239 0.000147
0.940631 0.000032 0.000056 0.000026 0.000001 0.059106 0.000148
0.940849 0.000022 0.000041 0.000019 0.000003 0.058926 0.000140
0.940810 0.000021 0.000042 0.000017 0.000001 0.058965 0.000144
0.940736 0.000028 0.000062 0.000035 0.000001 0.058993 0.000146
0.941002 0.000008 0.000020 0.000008 0.000001 0.058821 0.000139
