0.999248 0.000476 0.000190 0.000083 0.000000 0.000003 0.000000
0.999137 0.000458 0.000103 0.000029 0.000000 0.000273 0.000000
0.998738 0.000794 0.000189 0.000060 0.000001 0.000218 0.000000
0.998463 0.000947 0.000248 0.000087 0.000001 0.000253 0.000000
0.998200 0.001101 0.000259 0.000117 0.000001 0.000322 0.000000
0.997744 0.001421 0.000337 0.000159 0.000001 0.000338 0.000000
0.997379 0.001640 0.000419 0.000190 0.000002 0.000370 0.000000
0.996705 0.002130 0.000519 0.000225 0.000001 0.000419 0.000000
0.995752 0.002849 0.000667 0.000286 0.000001 0.000444 0.000000
0.994680 0.003614 0.000844 0.000372 0.000001 0.000489 0.000000
0.993527 0.004370 0.001076 0.000459 0.000001 0.000568 0.000000
0.992094 0.005290 0.001343 0.000612 0.000000 0.000661 0.000000
0.990321 0.006422 0.001727 0.000728 0.000000 0.000801 0.000000
0.988095 0.007893 0.002100 0.000958 0.000001 0.000953 0.000000
0.985286 0.009759 0.002625 0.001168 0.000002 0.001160 0.000000
0.982151 0.011809 0.003195 0.001436 0.000007 0.001402 0.000000
0.978727 0.014076 0.003809 0.001695 0.000007 0.001687 0.000000
0.973806 0.017191 0.004707 0.002122 0.000011 0.002163 0.000000
0.970659 0.019062 0.005232 0.002526 0.000008 0.002513 0.000000
0.966088 0.021732 0.006025 0.003087 0.000009 0.003058 0.000000
0.960115 0.025268 0.007201 0.003684 0.000011 0.003721 0.000000
0.953023 0.029459 0.008498 0.004396 0.000018 0.004606 0.000000
0.946721 0.033111 0.009690 0.004950 0.000018 0.005511 0.000000
0.940564 0.036357 0.011021 0.005651 0.000016 0.006390 0.000000
0.932771 0.040653 0.012527 0.006478 0.000024 0.007546 0.000000
0.925230 0.044599 0.014145 0.007261 0.000023 0.008742 0.000000
0.917439 0.048818 0.015718 0.008022 0.000027 0.009975 0.000000
0.907591 0.053906 0.017779 0.009133 0.000041 0.011551 0.000000
0.898462 0.058410 0.019830 0.010130 0.000041 0.013128 0.000000
0.889057 0.063030 0.021921 0.011093 0.000045 0.014854 0.000000
0.878173 0.068174 0.024236 0.012344 0.000051 0.017022 0.000000
0.869012 0.072149 0.026281 0.013453 0.000059 0.019046 0.000000
0.858726 0.076394 0.028664 0.014698 0.000062 0.021456 0.000000
0.848883 0.080450 0.030741 0.015856 0.000068 0.024002 0.000000
0.838053 0.084823 0.033396 0.016989 0.000072 0.026668 0.000000
0.828566 0.088170 0.035780 0.018212 0.000075 0.029194 0.000001
0.816865 0.092438 0.038566 0.019591 0.000081 0.032456 0.000002
0.806518 0.095658 0.041020 0.021049 0.000086 0.035668 0.000002
0.797213 0.098507 0.043163 0.022248 0.000088 0.038778 0.000004
0.787044 0.101583 0.045534 0.023658 0.000098 0.042078 0.000004
0.777070 0.104084 0.048162 0.024835 0.000121 0.045722 0.000005
0.766260 0.106451 0.050980 0.026264 0.000135 0.049904 0.000005
0.756308 0.108662 0.053161 0.027513 0.000146 0.054206 0.000004
0.748692 0.109900 0.055103 0.028587 0.000157 0.057556 0.000005
0.739156 0.111594 0.057274 0.029829 0.000181 0.061959 0.000007
0.730268 0.112925 0.059394 0.031095 0.000192 0.066119 0.000007
0.720772 0.113966 0.061644 0.032336 0.000199 0.071076 0.000008
0.712803 0.114925 0.063563 0.033339 0.000212 0.075149 0.000008
0.702853 0.115686 0.065872 0.034618 0.000234 0.080728 0.000008
0.695821 0.116192 0.067298 0.035396 0.000257 0.085028 0.000008
0.687513 0.116516 0.069274 0.036257 0.000280 0.090150 0.000010
0.679176 0.116316 0.071051 0.037247 0.000298 0.095902 0.000010
0.672743 0.115839 0.072390 0.037824 0.000312 0.100879 0.000012
0.663973 0.115848 0.074424 0.038747 0.000329 0.106664 0.000015
0.658098 0.115295 0.075295 0.039344 0.000349 0.111605 0.000015
0.650157 0.115131 0.076759 0.039993 0.000359 0.117583 0.000018
0.643416 0.114586 0.078034 0.040612 0.000366 0.122966 0.000019
0.636540 0.114025 0.079243 0.041213 0.000377 0.128582 0.000019
0.631139 0.112886 0.080119 0.041671 0.000382 0.133786 0.000018
0.624414 0.111846 0.081154 0.042285 0.000386 0.139893 0.000022
0.619063 0.110685 0.081743 0.042752 0.000407 0.145323 0.000026
0.614079 0.109318 0.082418 0.043192 0.000419 0.150547 0.000026
0.607656 0.107561 0.083002 0.043648 0.000416 0.157690 0.000027
0.601809 0.106123 0.083809 0.044228 0.000435 0.163569 0.000026
0.598439 0.104293 0.083955 0.044300 0.000448 0.168538 0.000027
0.593955 0.102627 0.084231 0.044363 0.000485 0.174312 0.000026
0.589016 0.101049 0.084407 0.044397 0.000492 0.180611 0.000029
0.584985 0.099660 0.084323 0.044296 0.000500 0.186207 0.000028
0.581866 0.097936 0.084118 0.044229 0.000504 0.191318 0.000029
0.577513 0.095991 0.084136 0.044278 0.000525 0.197527 0.000029
0.574468 0.094135 0.083872 0.044246 0.000547 0.202703 0.000029
0.571309 0.092365 0.083278 0.044104 0.000560 0.208353 0.000031
0.569180 0.090863 0.083047 0.043986 0.000584 0.212308 0.000033
0.565792 0.088508 0.082607 0.043693 0.000612 0.218752 0.000035
0.563414 0.086796 0.082133 0.043387 0.000630 0.223604 0.000037
0.560050 0.085227 0.081900 0.043158 0.000628 0.228998 0.000038
0.558144 0.083654 0.081157 0.042873 0.000650 0.233483 0.000039
0.557123 0.081839 0.079983 0.042466 0.000669 0.237880 0.000041
0.554626 0.080141 0.079564 0.042286 0.000689 0.242648 0.000046
0.553296 0.078491 0.078755 0.041823 0.000696 0.246888 0.000050
0.551387 0.076689 0.078003 0.041480 0.000709 0.251680 0.000052
0.549649 0.075509 0.077162 0.041108 0.000710 0.255810 0.000052
0.547942 0.073673 0.076513 0.040530 0.000731 0.260555 0.000057
0.547582 0.072048 0.075461 0.039890 0.000730 0.264233 0.000056
0.546415 0.070934 0.074560 0.039461 0.000728 0.267843 0.000058
0.544648 0.069031 0.073659 0.038973 0.000740 0.272889 0.000062
0.543994 0.067841 0.072563 0.038456 0.000727 0.276354 0.000066
0.543673 0.066314 0.071200 0.037765 0.000725 0.280253 0.000070
0.543004 0.065484 0.070380 0.037613 0.000717 0.282728 0.000074
0.542195 0.063798 0.069241 0.037183 0.000702 0.286800 0.000082
0.542189 0.062676 0.068228 0.036558 0.000694 0.289571 0.000083
0.542052 0.061275 0.067191 0.035952 0.000696 0.292750 0.000083
0.540953 0.059920 0.066269 0.035423 0.000702 0.296649 0.000084
0.540906 0.059007 0.065554 0.034860 0.000707 0.298880 0.000087
0.540874 0.057910 0.064618 0.034362 0.000703 0.301434 0.000098
0.541120 0.056496 0.063191 0.033592 0.000713 0.304788 0.000101
0.540805 0.055476 0.062217 0.033315 0.000712 0.307374 0.000101
0.541743 0.054717 0.061338 0.032863 0.000715 0.308521 0.000104
0.540949 0.053660 0.060692 0.032597 0.000717 0.311279 0.000106
0.542208 0.052209 0.059362 0.031940 0.000697 0.313477 0.000108
0.542813 0.051103 0.058352 0.031425 0.000690 0.315509 0.000108
0.544023 0.050168 0.057414 0.030902 0.000682 0.316697 0.000114
0.544733 0.049131 0.056406 0.030247 0.000667 0.318703 0.000113
0.544266 0.047463 0.055335 0.029402 0.000675 0.322741 0.000117
0.546260 0.046968 0.054265 0.028965 0.000682 0.322739 0.000121
0.547219 0.045977 0.053509 0.028490 0.000680 0.324006 0.000119
0.548524 0.044899 0.052580 0.027837 0.000667 0.325372 0.000121
0.549480 0.043997 0.051689 0.027235 0.000672 0.326800 0.000127
0.550116 0.043188 0.050829 0.026584 0.000678 0.328468 0.000136
0.551554 0.042482 0.050013 0.026056 0.000675 0.329087 0.000132
0.552625 0.041433 0.048929 0.025628 0.000657 0.330587 0.000140
0.554387 0.040965 0.048119 0.025135 0.000650 0.330604 0.000141
0.555378 0.040389 0.047486 0.024756 0.000638 0.331212 0.000142
0.555997 0.039310 0.046298 0.024213 0.000628 0.333405 0.000150
0.557399 0.039426 0.045677 0.023926 0.000629 0.332796 0.000146
0.558624 0.038530 0.044944 0.023490 0.000625 0.333633 0.000154
0.560490 0.037851 0.044110 0.023080 0.000622 0.333697 0.000149
0.561594 0.037593 0.043456 0.022771 0.000602 0.333827 0.000156
0.562786 0.036676 0.042496 0.022172 0.000594 0.335113 0.000164
0.563381 0.036510 0.042123 0.021985 0.000594 0.335250 0.000157
0.565877 0.035979 0.041262 0.021488 0.000582 0.334647 0.000166
0.566367 0.035280 0.040702 0.021242 0.000569 0.335670 0.000170
0.568347 0.034767 0.039806 0.020868 0.000544 0.335497 0.000171
0.570340 0.034084 0.039130 0.020553 0.000540 0.335182 0.000171
0.572550 0.033061 0.038523 0.020060 0.000550 0.335077 0.000179
0.574867 0.031939 0.037986 0.019680 0.000530 0.334812 0.000184
0.577988 0.030585 0.037109 0.019173 0.000541 0.334418 0.000185
0.580825 0.029597 0.036518 0.018743 0.000535 0.333600 0.000182
0.583592 0.028069 0.035672 0.018108 0.000522 0.333844 0.000193
0.586992 0.026544 0.034841 0.017547 0.000529 0.333356 0.000191
0.590400 0.025595 0.034318 0.017099 0.000527 0.331874 0.000187
0.593857 0.024529 0.033673 0.016551 0.000520 0.330680 0.000190
0.596567 0.023346 0.033245 0.016280 0.000519 0.329850 0.000193
0.600690 0.022007 0.032260 0.015479 0.000507 0.328869 0.000187
0.603941 0.020853 0.031338 0.014966 0.000500 0.328204 0.000198
0.607563 0.019716 0.030418 0.014394 0.000503 0.327216 0.000190
0.612421 0.018645 0.029515 0.013708 0.000481 0.325033 0.000196
0.615078 0.017837 0.028955 0.013355 0.000479 0.324098 0.000197
0.618920 0.016774 0.027832 0.012796 0.000460 0.323020 0.000199
0.622678 0.016063 0.026952 0.012380 0.000448 0.321270 0.000209
0.626747 0.015224 0.025864 0.011898 0.000448 0.319613 0.000207
0.630301 0.014350 0.025225 0.011595 0.000434 0.317894 0.000201
0.634626 0.013714 0.024529 0.011132 0.000439 0.315344 0.000216
0.637786 0.013006 0.023743 0.010686 0.000414 0.314164 0.000201
0.642489 0.012177 0.022682 0.010135 0.000406 0.311901 0.000211
0.645394 0.011693 0.022085 0.009840 0.000403 0.310369 0.000216
0.649977 0.011062 0.021217 0.009417 0.000392 0.307725 0.000209
0.653806 0.010410 0.020387 0.008953 0.000408 0.305824 0.000213
0.658067 0.009906 0.019755 0.008599 0.000397 0.303058 0.000217
0.661627 0.009361 0.018846 0.008242 0.000373 0.301328 0.000223
0.665104 0.008835 0.018241 0.007853 0.000379 0.299372 0.000216
0.668883 0.008384 0.017463 0.007507 0.000364 0.297188 0.000213
0.672940 0.008052 0.016813 0.007289 0.000350 0.294349 0.000208
0.676930 0.007682 0.016124 0.006931 0.000336 0.291778 0.000219
0.679792 0.007435 0.015577 0.006651 0.000326 0.290008 0.000212
0.683761 0.007091 0.014931 0.006364 0.000332 0.287293 0.000227
0.686998 0.006761 0.014374 0.006092 0.000321 0.285228 0.000228
0.690935 0.006351 0.013696 0.005801 0.000310 0.282681 0.000227
0.694651 0.006166 0.013340 0.005689 0.000305 0.279628 0.000219
0.698173 0.005928 0.012722 0.005362 0.000282 0.277314 0.000218
0.702530 0.005634 0.012038 0.005118 0.000264 0.274194 0.000223
0.705827 0.005360 0.011495 0.004933 0.000262 0.271899 0.000223
0.710165 0.005146 0.011004 0.004700 0.000237 0.268535 0.000213
0.713064 0.004971 0.010512 0.004510 0.000238 0.266477 0.000229
0.716569 0.004796 0.010089 0.004377 0.000221 0.263731 0.000217
0.719849 0.004606 0.009809 0.004203 0.000223 0.261092 0.000219
0.723340 0.004401 0.009324 0.004023 0.000215 0.258471 0.000226
0.728223 0.004164 0.009045 0.003907 0.000206 0.254235 0.000220
0.730215 0.004074 0.008716 0.003815 0.000202 0.252754 0.000224
0.733882 0.003824 0.008260 0.003515 0.000187 0.250110 0.000223
0.736872 0.003759 0.007996 0.003446 0.000183 0.247524 0.000221
0.740438 0.003616 0.007651 0.003322 0.000173 0.244578 0.000222
0.743735 0.003444 0.007381 0.003209 0.000165 0.241846 0.000220
0.746149 0.003353 0.007088 0.003092 0.000166 0.239916 0.000235
0.750276 0.003198 0.006736 0.002891 0.000150 0.236519 0.000229
0.753166 0.003128 0.006407 0.002794 0.000149 0.234134 0.000222
0.756548 0.003008 0.006222 0.002675 0.000144 0.231161 0.000241
0.759456 0.002829 0.005928 0.002594 0.000150 0.228813 0.000230
0.763138 0.002730 0.005745 0.002506 0.000143 0.225505 0.000233
0.766991 0.002625 0.005464 0.002363 0.000140 0.222184 0.000233
0.768839 0.002628 0.005356 0.002304 0.000135 0.220507 0.000230
0.771612 0.002627 0.005080 0.002213 0.000130 0.218111 0.000227
0.774528 0.002561 0.005018 0.002126 0.000135 0.215410 0.000223
0.777560 0.002450 0.004687 0.002015 0.000131 0.212927 0.000230
0.781474 0.002396 0.004583 0.001961 0.000119 0.209236 0.000231
0.783819 0.002323 0.004319 0.001869 0.000120 0.207331 0.000219
0.786278 0.002235 0.004162 0.001781 0.000120 0.205196 0.000229
0.789874 0.002162 0.004026 0.001720 0.000112 0.201876 0.000230
0.791045 0.002087 0.003866 0.001664 0.000110 0.200998 0.000230
0.795248 0.002032 0.003757 0.001611 0.000101 0.197023 0.000227
0.797309 0.002031 0.003709 0.001567 0.000100 0.195059 0.000225
0.800751 0.001912 0.003423 0.001490 0.000094 0.192097 0.000234
0.802538 0.001925 0.003415 0.001450 0.000095 0.190355 0.000223
0.805349 0.001899 0.003330 0.001429 0.000091 0.187670 0.000232
0.807565 0.001880 0.003130 0.001393 0.000090 0.185707 0.000234
0.810104 0.001852 0.002984 0.001329 0.000087 0.183419 0.000225
0.812657 0.001731 0.002956 0.001314 0.000086 0.181032 0.000225
0.815299 0.001674 0.002798 0.001264 0.000087 0.178646 0.000231
0.816820 0.001704 0.002740 0.001225 0.000079 0.177202 0.000230
0.820996 0.001651 0.002516 0.001159 0.000079 0.173373 0.000226
0.822007 0.001602 0.002550 0.001176 0.000072 0.172387 0.000207
0.825304 0.001536 0.002503 0.001109 0.000067 0.169258 0.000223
0.826537 0.001522 0.002425 0.001092 0.000076 0.168131 0.000217
0.829031 0.001521 0.002370 0.001064 0.000069 0.165721 0.000223
0.831188 0.001549 0.002315 0.001017 0.000064 0.163639 0.000228
0.834662 0.001501 0.002203 0.000973 0.000064 0.160371 0.000225
0.835795 0.001500 0.002178 0.000950 0.000071 0.159278 0.000228
0.838760 0.001441 0.002049 0.000939 0.000059 0.156515 0.000238
0.840030 0.001452 0.002097 0.000908 0.000059 0.155230 0.000224
0.842173 0.001454 0.002063 0.000879 0.000056 0.153145 0.000229
0.845500 0.001396 0.001975 0.000835 0.000065 0.150008 0.000222
0.847530 0.001356 0.001912 0.000829 0.000055 0.148105 0.000212
0.848897 0.001353 0.001925 0.000809 0.000057 0.146709 0.000250
0.850658 0.001282 0.001815 0.000753 0.000053 0.145206 0.000232
0.853671 0.001254 0.001742 0.000762 0.000042 0.142301 0.000227
0.856397 0.001218 0.001691 0.000756 0.000051 0.139677 0.000211
0.857045 0.001263 0.001706 0.000776 0.000052 0.138944 0.000214
0.858313 0.001235 0.001678 0.000734 0.000051 0.137772 0.000217
0.860990 0.001152 0.001577 0.000731 0.000052 0.135261 0.000237
0.862748 0.001191 0.001588 0.000729 0.000048 0.133484 0.000212
0.864090 0.001182 0.001560 0.000708 0.000046 0.132201 0.000213
0.866771 0.001093 0.001447 0.000721 0.000044 0.129690 0.000233
0.868860 0.001076 0.001400 0.000651 0.000037 0.127757 0.000218
0.871329 0.001107 0.001410 0.000690 0.000039 0.125213 0.000213
0.871751 0.001071 0.001428 0.000696 0.000039 0.124803 0.000212
0.874035 0.001066 0.001410 0.000659 0.000038 0.122570 0.000221
0.875521 0.000975 0.001383 0.000668 0.000041 0.121198 0.000214
0.877255 0.000965 0.001410 0.000641 0.000036 0.119477 0.000216
0.880466 0.000946 0.001336 0.000577 0.000037 0.116414 0.000223
0.881431 0.000951 0.001364 0.000540 0.000041 0.115449 0.000224
0.883341 0.000916 0.001306 0.000562 0.000035 0.113621 0.000219
0.883295 0.000987 0.001348 0.000567 0.000035 0.113564 0.000204
0.884946 0.000903 0.001282 0.000548 0.000041 0.112058 0.000222
0.888117 0.000884 0.001239 0.000527 0.000037 0.108975 0.000220
0.889842 0.000888 0.001210 0.000538 0.000035 0.107269 0.000218
0.892202 0.000801 0.001101 0.000508 0.000032 0.105139 0.000217
0.890427 0.000934 0.001226 0.000552 0.000034 0.106618 0.000208
0.894807 0.000838 0.001086 0.000494 0.000037 0.102530 0.000209
0.895175 0.000892 0.001120 0.000501 0.000033 0.102070 0.000209
0.895741 0.000882 0.001100 0.000483 0.000033 0.101549 0.000212
0.897057 0.000929 0.001102 0.000486 0.000029 0.100202 0.000196
0.898547 0.000942 0.001117 0.000508 0.000030 0.098641 0.000215
0.901820 0.000883 0.001035 0.000494 0.000031 0.095541 0.000195
0.901198 0.000933 0.001077 0.000473 0.000027 0.096078 0.000214
0.903039 0.000948 0.001012 0.000460 0.000031 0.094324 0.000186
0.906170 0.000938 0.001022 0.000437 0.000032 0.091207 0.000194
0.906363 0.000983 0.001028 0.000428 0.000031 0.090975 0.000192
0.907156 0.000992 0.000993 0.000430 0.000034 0.090186 0.000209
0.909868 0.001022 0.001008 0.000416 0.000033 0.087445 0.000209
0.909217 0.000941 0.000917 0.000409 0.000036 0.088278 0.000201
0.911623 0.000918 0.000936 0.000416 0.000029 0.085877 0.000202
0.912125 0.001004 0.000956 0.000428 0.000025 0.085264 0.000198
0.913276 0.001013 0.000934 0.000440 0.000025 0.084118 0.000195
0.913438 0.001079 0.000961 0.000463 0.000024 0.083839 0.000196
0.914943 0.000988 0.000913 0.000437 0.000023 0.082494 0.000203
0.915942 0.000961 0.000920 0.000428 0.000019 0.081539 0.000191
0.917127 0.000905 0.000942 0.000427 0.000018 0.080370 0.000210
0.919516 0.000897 0.000871 0.000439 0.000024 0.078054 0.000198
0.920030 0.000974 0.000897 0.000435 0.000023 0.077456 0.000185
0.920666 0.000940 0.000931 0.000440 0.000018 0.076805 0.000200
0.922183 0.000954 0.000908 0.000434 0.000012 0.075331 0.000178
0.923627 0.000920 0.000888 0.000415 0.000014 0.073947 0.000190
0.923713 0.000953 0.000919 0.000444 0.000013 0.073766 0.000191
0.923588 0.001077 0.000928 0.000475 0.000013 0.073732 0.000186
0.924882 0.001008 0.000917 0.000439 0.000014 0.072541 0.000197
0.925262 0.001013 0.000996 0.000488 0.000009 0.072038 0.000195
0.927145 0.000992 0.000909 0.000420 0.000008 0.070337 0.000190
0.926111 0.001041 0.000921 0.000481 0.000011 0.071228 0.000207
0.927726 0.001018 0.000889 0.000405 0.000014 0.069763 0.000185
0.928005 0.001054 0.000900 0.000404 0.000014 0.069425 0.000197
0.929445 0.001036 0.000916 0.000437 0.000010 0.067978 0.000178
0.931005 0.000926 0.000854 0.000396 0.000015 0.066615 0.000188
0.931338 0.000967 0.000849 0.000412 0.000013 0.066231 0.000190
0.930996 0.000958 0.000863 0.000431 0.000009 0.066573 0.000171
0.932191 0.001087 0.000908 0.000402 0.000013 0.065220 0.000180
0.932875 0.000984 0.000843 0.000416 0.000010 0.064695 0.000177
0.933605 0.001026 0.000903 0.000427 0.000009 0.063846 0.000185
0.934601 0.000955 0.000873 0.000442 0.000009 0.062929 0.000191
0.936115 0.000890 0.000830 0.000421 0.000013 0.061547 0.000184
0.935903 0.000937 0.000851 0.000383 0.000014 0.061729 0.000185
0.936659 0.001004 0.000887 0.000415 0.000012 0.060853 0.000169
0.937116 0.000969 0.000835 0.000406 0.000010 0.060490 0.000174
0.938204 0.000940 0.000864 0.000399 0.000014 0.059412 0.000168
0.938859 0.000912 0.000826 0.000378 0.000015 0.058839 0.000170
0.938744 0.000952 0.000822 0.000356 0.000011 0.058943 0.000174
0.939882 0.000924 0.000925 0.000392 0.000014 0.057700 0.000163
0.940195 0.000866 0.000875 0.000358 0.000016 0.057529 0.000161
0.941273 0.000893 0.000786 0.000330 0.000015 0.056541 0.000164
0.940108 0.000978 0.000870 0.000366 0.000016 0.057488 0.000175
0.940446 0.001031 0.000895 0.000370 0.000011 0.057075 0.000173
0.941178 0.000943 0.000873 0.000378 0.000012 0.056434 0.000181
0.941909 0.000971 0.000853 0.000378 0.000013 0.055715 0.000160
0.941035 0.001042 0.000951 0.000413 0.000013 0.056376 0.000170
0.941376 0.001035 0.000954 0.000442 0.000015 0.055995 0.000183
0.942264 0.001042 0.000947 0.000407 0.000014 0.055149 0.000177
0.942608 0.001017 0.000982 0.000434 0.000012 0.054785 0.000163
0.942695 0.001134 0.001048 0.000435 0.000008 0.054508 0.000172
0.942911 0.001044 0.000994 0.000444 0.000010 0.054428 0.000170
0.943826 0.000959 0.000919 0.000440 0.000008 0.053681 0.000165
0.952164 0.000291 0.000301 0.000148 0.000004 0.046958 0.000135
