0.999239 0.000487 0.000186 0.000084 0.000000 0.000005 0.000000
0.999147 0.000446 0.000100 0.000023 0.000000 0.000284 0.000000
0.998742 0.000791 0.000190 0.000050 0.000001 0.000226 0.000000
0.998420 0.001006 0.000233 0.000085 0.000001 0.000255 0.000000
0.998143 0.001180 0.000255 0.000092 0.000002 0.000327 0.000000
0.997745 0.001432 0.000332 0.000145 0.000001 0.000346 0.000000
0.997179 0.001868 0.000399 0.000168 0.000003 0.000383 0.000000
0.996428 0.002412 0.000539 0.000191 0.000001 0.000428 0.000000
0.995417 0.003151 0.000708 0.000279 0.000001 0.000444 0.000000
0.994187 0.003992 0.000951 0.000379 0.000000 0.000491 0.000000
0.992617 0.005011 0.001292 0.000487 0.000000 0.000592 0.000000
0.990442 0.006487 0.001716 0.000627 0.000001 0.000728 0.000000
0.987832 0.008264 0.002138 0.000828 0.000001 0.000938 0.000000
0.985840 0.009549 0.002519 0.001002 0.000001 0.001089 0.000000
0.982423 0.011870 0.003111 0.001309 0.000002 0.001285 0.000000
0.978983 0.013977 0.003718 0.001682 0.000007 0.001634 0.000000
0.974694 0.016614 0.004541 0.002093 0.000009 0.002048 0.000000
0.970684 0.019047 0.005192 0.002546 0.000012 0.002520 0.000000
0.966005 0.021743 0.006099 0.003004 0.000013 0.003136 0.000000
0.960321 0.025094 0.007097 0.003602 0.000012 0.003873 0.000000
0.954272 0.028612 0.008326 0.004220 0.000019 0.004551 0.000000
0.947060 0.032704 0.009734 0.004962 0.000017 0.005523 0.000000
0.940513 0.036443 0.010946 0.005617 0.000018 0.006464 0.000000
0.933793 0.039912 0.012498 0.006313 0.000021 0.007463 0.000000
0.926232 0.044011 0.014036 0.007111 0.000023 0.008587 0.000000
0.919696 0.047367 0.015329 0.007838 0.000022 0.009748 0.000000
0.911010 0.051798 0.017270 0.008706 0.000024 0.011192 0.000000
0.899716 0.057640 0.019572 0.009939 0.000032 0.013102 0.000000
0.890941 0.061647 0.021428 0.011082 0.000034 0.014869 0.000000
0.882398 0.065681 0.023340 0.012004 0.000041 0.016537 0.000000
0.871653 0.070587 0.025735 0.013235 0.000047 0.018743 0.000001
0.863063 0.074405 0.027629 0.014210 0.000057 0.020634 0.000001
0.852562 0.078774 0.030011 0.015564 0.000056 0.023032 0.000001
0.841975 0.083214 0.032461 0.016703 0.000061 0.025585 0.000001
0.832519 0.086583 0.034772 0.017861 0.000070 0.028194 0.000001
0.821680 0.090398 0.037490 0.019265 0.000079 0.031085 0.000003
0.810118 0.094347 0.040408 0.020729 0.000091 0.034303 0.000003
0.800056 0.097143 0.042871 0.022078 0.000102 0.037745 0.000004
0.788529 0.100674 0.045605 0.023591 0.000107 0.041487 0.000007
0.779841 0.102959 0.047695 0.024780 0.000114 0.044604 0.000008
0.770495 0.105054 0.050115 0.025888 0.000133 0.048308 0.000007
0.759995 0.107128 0.052829 0.027198 0.000150 0.052693 0.000007
0.749896 0.109167 0.055425 0.028368 0.000160 0.056977 0.000007
0.741909 0.110389 0.057475 0.029409 0.000174 0.060637 0.000007
0.733592 0.111491 0.059347 0.030379 0.000195 0.064990 0.000006
0.724555 0.112865 0.061448 0.031511 0.000203 0.069412 0.000006
0.716204 0.113618 0.063410 0.032607 0.000218 0.073935 0.000008
0.709390 0.113904 0.065016 0.033482 0.000238 0.077962 0.000008
0.699272 0.114735 0.067245 0.034825 0.000263 0.083652 0.000007
0.692651 0.114686 0.068526 0.035620 0.000295 0.088214 0.000009
0.685852 0.115142 0.070045 0.036164 0.000305 0.092478 0.000013
0.676694 0.114770 0.072003 0.037432 0.000332 0.098755 0.000014
0.671267 0.114159 0.073160 0.038090 0.000347 0.102963 0.000016
0.663985 0.113641 0.074595 0.038932 0.000359 0.108470 0.000019
0.659134 0.113122 0.075201 0.039339 0.000372 0.112813 0.000019
0.652094 0.112663 0.076332 0.039720 0.000393 0.118776 0.000022
0.647939 0.112012 0.077059 0.039931 0.000406 0.122632 0.000023
0.640163 0.111368 0.078492 0.040632 0.000415 0.128907 0.000023
0.636239 0.110675 0.078895 0.040881 0.000436 0.132852 0.000021
0.630800 0.109600 0.079445 0.041423 0.000441 0.138266 0.000025
0.625544 0.108256 0.080021 0.041761 0.000456 0.143936 0.000026
0.620196 0.107610 0.080644 0.042214 0.000469 0.148840 0.000028
0.614354 0.106689 0.081102 0.042638 0.000468 0.154720 0.000030
0.609905 0.104940 0.081609 0.042960 0.000472 0.160086 0.000029
0.604770 0.103447 0.081945 0.043018 0.000486 0.166304 0.000031
0.601293 0.102093 0.081924 0.043069 0.000516 0.171076 0.000030
0.598470 0.100912 0.081779 0.042992 0.000518 0.175297 0.000031
0.594063 0.099186 0.081920 0.043046 0.000528 0.181223 0.000035
0.590238 0.098005 0.081875 0.043113 0.000545 0.186187 0.000037
0.586549 0.096855 0.082031 0.043224 0.000567 0.190735 0.000039
0.584512 0.095162 0.081497 0.042906 0.000567 0.195316 0.000039
0.579451 0.094035 0.081478 0.043020 0.000579 0.201394 0.000043
0.576869 0.092225 0.081096 0.042984 0.000605 0.206173 0.000048
0.573568 0.090919 0.081046 0.042930 0.000619 0.210868 0.000050
0.569815 0.089074 0.080667 0.042705 0.000627 0.217058 0.000053
0.567164 0.087249 0.080254 0.042516 0.000646 0.222113 0.000057
0.566533 0.086100 0.079610 0.042126 0.000648 0.224927 0.000055
0.564226 0.084752 0.078960 0.042003 0.000647 0.229354 0.000057
0.561754 0.083381 0.078287 0.041614 0.000656 0.234247 0.000061
0.560134 0.081596 0.077803 0.041272 0.000663 0.238468 0.000064
0.559084 0.080055 0.077166 0.041005 0.000661 0.241963 0.000066
0.557004 0.078471 0.076713 0.040638 0.000666 0.246443 0.000065
0.554138 0.076672 0.075995 0.040294 0.000673 0.252160 0.000068
0.552614 0.075030 0.075296 0.039839 0.000678 0.256477 0.000066
0.552459 0.073336 0.074019 0.039505 0.000684 0.259925 0.000071
0.552153 0.071891 0.073067 0.038861 0.000665 0.263289 0.000074
0.550818 0.070492 0.072406 0.038560 0.000679 0.266969 0.000076
0.549275 0.069275 0.071753 0.038130 0.000697 0.270791 0.000079
0.549174 0.068215 0.070464 0.037495 0.000701 0.273874 0.000078
0.548666 0.066835 0.069571 0.037216 0.000718 0.276911 0.000083
0.547446 0.065962 0.068939 0.036878 0.000713 0.279976 0.000087
0.547245 0.064791 0.067915 0.036289 0.000716 0.282960 0.000084
0.545976 0.063075 0.067133 0.035771 0.000723 0.287234 0.000088
0.545244 0.062189 0.066412 0.035331 0.000725 0.290005 0.000094
0.545382 0.061281 0.065759 0.034912 0.000719 0.291846 0.000100
0.545150 0.059919 0.064836 0.034373 0.000724 0.294894 0.000103
0.543566 0.058374 0.063793 0.033852 0.000723 0.299587 0.000105
0.543737 0.057384 0.062961 0.033363 0.000722 0.301723 0.000109
0.543257 0.056423 0.062370 0.032922 0.000730 0.304188 0.000110
0.543483 0.055256 0.061243 0.032337 0.000716 0.306849 0.000116
0.543501 0.053899 0.060091 0.031749 0.000714 0.309928 0.000116
0.544887 0.053224 0.059273 0.031409 0.000716 0.310371 0.000121
0.545105 0.051748 0.058320 0.030764 0.000702 0.313240 0.000121
0.544326 0.050004 0.057134 0.030118 0.000704 0.317591 0.000123
0.545284 0.049414 0.056486 0.029687 0.000717 0.318288 0.000124
0.546079 0.048017 0.055521 0.029111 0.000706 0.320438 0.000128
0.546797 0.047146 0.054799 0.028850 0.000701 0.321580 0.000128
0.547798 0.046075 0.053569 0.028227 0.000703 0.323491 0.000137
0.548778 0.045161 0.052681 0.027727 0.000702 0.324805 0.000146
0.549029 0.044501 0.052216 0.027407 0.000699 0.326005 0.000142
0.551186 0.043288 0.050795 0.026676 0.000683 0.327227 0.000145
0.551675 0.042585 0.049895 0.026224 0.000677 0.328799 0.000145
0.552630 0.041856 0.049229 0.025931 0.000669 0.329539 0.000146
0.553812 0.041047 0.048212 0.025414 0.000644 0.330724 0.000148
0.554475 0.040122 0.047313 0.024833 0.000655 0.332454 0.000149
0.555675 0.039445 0.046522 0.024472 0.000657 0.333077 0.000151
0.557593 0.038717 0.045471 0.023932 0.000654 0.333482 0.000151
0.559132 0.038145 0.044482 0.023567 0.000649 0.333866 0.000159
0.559966 0.037164 0.043577 0.023114 0.000635 0.335385 0.000159
0.561107 0.037063 0.042984 0.022910 0.000643 0.335135 0.000158
0.562088 0.036808 0.042357 0.022466 0.000624 0.335492 0.000165
0.563760 0.036241 0.041478 0.021922 0.000631 0.335800 0.000168
0.565423 0.035302 0.040424 0.021456 0.000600 0.336623 0.000173
0.567099 0.034643 0.039716 0.021054 0.000605 0.336708 0.000175
0.569637 0.033775 0.039238 0.020624 0.000600 0.335942 0.000184
0.572507 0.032169 0.038324 0.020067 0.000590 0.336159 0.000183
0.575818 0.031080 0.037752 0.019521 0.000587 0.335054 0.000188
0.577902 0.029690 0.037138 0.019064 0.000579 0.335439 0.000188
0.581463 0.028219 0.036343 0.018596 0.000576 0.334609 0.000194
0.584826 0.026934 0.035478 0.018133 0.000568 0.333869 0.000194
0.588236 0.025793 0.035012 0.017653 0.000561 0.332546 0.000198
0.592052 0.024566 0.033948 0.017156 0.000552 0.331525 0.000201
0.596409 0.023273 0.033092 0.016487 0.000536 0.330000 0.000202
0.599384 0.022021 0.032456 0.016066 0.000528 0.329340 0.000204
0.602089 0.021008 0.031831 0.015539 0.000527 0.328800 0.000205
0.606545 0.019658 0.030398 0.014905 0.000519 0.327771 0.000205
0.609228 0.018782 0.029737 0.014463 0.000505 0.327077 0.000209
0.614157 0.017716 0.028725 0.013883 0.000490 0.324823 0.000207
0.617699 0.016671 0.027787 0.013417 0.000487 0.323730 0.000208
0.621293 0.015855 0.027193 0.012933 0.000455 0.322052 0.000219
0.625602 0.014829 0.026123 0.012373 0.000468 0.320385 0.000220
0.630242 0.013943 0.025167 0.011855 0.000461 0.318115 0.000217
0.634225 0.013200 0.024420 0.011492 0.000448 0.315998 0.000216
0.637718 0.012344 0.023516 0.010948 0.000441 0.314815 0.000219
0.641153 0.011636 0.022866 0.010589 0.000435 0.313103 0.000217
0.645971 0.010877 0.021958 0.010059 0.000436 0.310489 0.000210
0.649932 0.010326 0.021050 0.009617 0.000421 0.308434 0.000220
0.654326 0.009754 0.020270 0.009231 0.000425 0.305781 0.000214
0.657638 0.009188 0.019481 0.008889 0.000428 0.304161 0.000216
0.662591 0.008511 0.018463 0.008312 0.000415 0.301483 0.000226
0.666066 0.008113 0.017818 0.008037 0.000405 0.299342 0.000218
0.670650 0.007540 0.017002 0.007533 0.000410 0.296640 0.000226
0.674609 0.007218 0.016392 0.007168 0.000361 0.294037 0.000215
0.677000 0.006815 0.015712 0.006951 0.000369 0.292926 0.000227
0.681560 0.006454 0.015158 0.006619 0.000361 0.289622 0.000226
0.685511 0.006098 0.014424 0.006353 0.000359 0.287033 0.000221
0.690343 0.005797 0.013813 0.006068 0.000353 0.283391 0.000235
0.692553 0.005484 0.013356 0.005806 0.000352 0.282219 0.000229
0.696721 0.005201 0.012765 0.005535 0.000341 0.279202 0.000235
0.701181 0.004922 0.012237 0.005293 0.000331 0.275806 0.000231
0.704662 0.004710 0.011561 0.005060 0.000322 0.273455 0.000229
0.708720 0.004427 0.010924 0.004747 0.000304 0.270657 0.000222
0.712917 0.004198 0.010441 0.004560 0.000288 0.267367 0.000228
0.715535 0.004049 0.010072 0.004368 0.000277 0.265469 0.000231
0.718983 0.003833 0.009556 0.004106 0.000292 0.262995 0.000235
0.724159 0.003638 0.009171 0.003929 0.000260 0.258614 0.000228
0.725924 0.003456 0.008758 0.003803 0.000258 0.257567 0.000233
0.730932 0.003237 0.008245 0.003561 0.000250 0.253544 0.000231
0.734901 0.003088 0.007924 0.003387 0.000248 0.250212 0.000241
0.737703 0.002947 0.007572 0.003301 0.000234 0.248006 0.000237
0.741398 0.002733 0.007170 0.003181 0.000231 0.245056 0.000232
0.744846 0.002566 0.006826 0.003008 0.000232 0.242283 0.000239
0.748348 0.002440 0.006558 0.002859 0.000223 0.239326 0.000245
0.751928 0.002279 0.006126 0.002782 0.000218 0.236427 0.000241
0.755374 0.002196 0.005941 0.002668 0.000214 0.233370 0.000237
0.758355 0.002079 0.005781 0.002522 0.000200 0.230819 0.000244
0.762729 0.001927 0.005372 0.002381 0.000196 0.227155 0.000240
0.764048 0.001955 0.005197 0.002355 0.000195 0.226018 0.000231
0.768299 0.001774 0.004980 0.002215 0.000184 0.222310 0.000240
0.771321 0.001716 0.004760 0.002045 0.000186 0.219745 0.000226
0.774639 0.001656 0.004560 0.002028 0.000178 0.216696 0.000243
0.777055 0.001585 0.004327 0.001916 0.000168 0.214703 0.000246
0.780146 0.001526 0.004095 0.001852 0.000180 0.211964 0.000238
0.782805 0.001417 0.003911 0.001763 0.000173 0.209684 0.000248
0.786714 0.001356 0.003742 0.001654 0.000162 0.206134 0.000238
0.789809 0.001367 0.003569 0.001572 0.000157 0.203291 0.000235
0.792425 0.001258 0.003382 0.001530 0.000161 0.200995 0.000249
0.796042 0.001200 0.003246 0.001428 0.000158 0.197692 0.000235
0.799477 0.001155 0.003065 0.001371 0.000155 0.194553 0.000225
0.801002 0.001086 0.002916 0.001313 0.000145 0.193311 0.000227
0.803776 0.001096 0.002863 0.001287 0.000138 0.190600 0.000240
0.807753 0.001064 0.002733 0.001226 0.000132 0.186857 0.000234
0.808850 0.000998 0.002642 0.001179 0.000129 0.185967 0.000234
0.811998 0.000874 0.002387 0.001107 0.000123 0.183274 0.000236
0.815644 0.000882 0.002315 0.001047 0.000124 0.179761 0.000226
0.817058 0.000876 0.002239 0.001003 0.000136 0.178461 0.000227
0.820526 0.000822 0.002116 0.000959 0.000120 0.175229 0.000229
0.821625 0.000800 0.002027 0.000940 0.000107 0.174275 0.000226
0.825388 0.000800 0.001905 0.000868 0.000114 0.170703 0.000221
0.827613 0.000746 0.001811 0.000826 0.000107 0.168660 0.000236
0.829760 0.000763 0.001710 0.000836 0.000105 0.166586 0.000241
0.832999 0.000730 0.001686 0.000807 0.000109 0.163435 0.000234
0.834584 0.000659 0.001614 0.000760 0.000103 0.162046 0.000234
0.837079 0.000693 0.001566 0.000725 0.000104 0.159614 0.000219
0.841696 0.000661 0.001490 0.000723 0.000093 0.155111 0.000226
0.842162 0.000696 0.001435 0.000717 0.000090 0.154678 0.000222
0.844957 0.000621 0.001370 0.000648 0.000090 0.152088 0.000227
0.847155 0.000537 0.001274 0.000604 0.000089 0.150111 0.000230
0.849841 0.000550 0.001255 0.000564 0.000074 0.147499 0.000218
0.850846 0.000563 0.001219 0.000583 0.000078 0.146481 0.000230
0.853953 0.000527 0.001098 0.000556 0.000070 0.143561 0.000236
0.855635 0.000534 0.001108 0.000553 0.000072 0.141883 0.000215
0.858951 0.000506 0.001013 0.000501 0.000065 0.138745 0.000219
0.860015 0.000503 0.001002 0.000514 0.000055 0.137686 0.000225
0.860801 0.000493 0.001001 0.000492 0.000060 0.136935 0.000218
0.864701 0.000527 0.000966 0.000467 0.000054 0.133055 0.000231
0.866434 0.000497 0.000882 0.000446 0.000059 0.131455 0.000227
0.869349 0.000475 0.000870 0.000436 0.000048 0.128599 0.000224
0.870354 0.000451 0.000844 0.000421 0.000057 0.127645 0.000228
0.872869 0.000454 0.000808 0.000374 0.000049 0.125226 0.000220
0.874142 0.000429 0.000823 0.000382 0.000045 0.123953 0.000228
0.877345 0.000429 0.000776 0.000365 0.000044 0.120825 0.000217
0.878650 0.000391 0.000720 0.000366 0.000046 0.119608 0.000217
0.879720 0.000408 0.000728 0.000368 0.000048 0.118511 0.000217
0.883086 0.000360 0.000644 0.000309 0.000046 0.115354 0.000201
0.885228 0.000346 0.000669 0.000315 0.000042 0.113188 0.000212
0.886282 0.000319 0.000644 0.000306 0.000044 0.112187 0.000218
0.888926 0.000294 0.000599 0.000306 0.000046 0.109616 0.000213
0.889252 0.000311 0.000646 0.000298 0.000041 0.109240 0.000213
0.892028 0.000320 0.000577 0.000288 0.000045 0.106520 0.000221
0.892975 0.000299 0.000543 0.000283 0.000035 0.105664 0.000203
0.894929 0.000307 0.000570 0.000283 0.000031 0.103673 0.000206
0.897461 0.000274 0.000551 0.000256 0.000036 0.101218 0.000204
0.898907 0.000264 0.000524 0.000256 0.000037 0.099811 0.000202
0.900100 0.000241 0.000505 0.000223 0.000036 0.098688 0.000206
0.901377 0.000227 0.000459 0.000216 0.000036 0.097486 0.000200
0.904905 0.000250 0.000435 0.000229 0.000034 0.093943 0.000204
0.904631 0.000235 0.000472 0.000219 0.000040 0.094186 0.000217
0.906865 0.000234 0.000419 0.000198 0.000035 0.092046 0.000203
0.907171 0.000267 0.000458 0.000207 0.000028 0.091658 0.000211
0.912134 0.000213 0.000408 0.000185 0.000029 0.086836 0.000195
0.910666 0.000246 0.000405 0.000178 0.000029 0.088275 0.000200
0.911014 0.000210 0.000411 0.000162 0.000035 0.087976 0.000193
0.914469 0.000218 0.000403 0.000168 0.000031 0.084536 0.000175
0.915866 0.000233 0.000374 0.000170 0.000026 0.083139 0.000192
0.915824 0.000245 0.000406 0.000171 0.000027 0.083134 0.000193
0.918367 0.000183 0.000346 0.000161 0.000030 0.080721 0.000190
0.920161 0.000186 0.000316 0.000140 0.000024 0.078994 0.000179
0.921041 0.000265 0.000330 0.000150 0.000021 0.078008 0.000185
0.921631 0.000205 0.000324 0.000130 0.000022 0.077501 0.000187
0.922064 0.000189 0.000337 0.000120 0.000017 0.077092 0.000181
0.921252 0.000234 0.000325 0.000146 0.000018 0.077846 0.000179
0.924053 0.000180 0.000254 0.000125 0.000017 0.075196 0.000174
0.924469 0.000192 0.000276 0.000129 0.000018 0.074741 0.000175
0.927422 0.000208 0.000255 0.000117 0.000017 0.071795 0.000187
0.927778 0.000208 0.000273 0.000119 0.000012 0.071437 0.000174
0.928545 0.000190 0.000241 0.000115 0.000015 0.070714 0.000179
0.928760 0.000211 0.000248 0.000121 0.000016 0.070464 0.000181
0.928779 0.000165 0.000229 0.000112 0.000012 0.070532 0.000170
0.929980 0.000181 0.000228 0.000129 0.000015 0.069293 0.000174
0.930850 0.000169 0.000224 0.000114 0.000014 0.068449 0.000180
0.932837 0.000178 0.000205 0.000111 0.000009 0.066491 0.000168
0.931752 0.000176 0.000226 0.000126 0.000010 0.067538 0.000172
0.933311 0.000189 0.000248 0.000119 0.000014 0.065956 0.000163
0.934369 0.000147 0.000237 0.000112 0.000016 0.064953 0.000164
0.933344 0.000164 0.000241 0.000121 0.000014 0.065942 0.000173
0.933958 0.000156 0.000207 0.000112 0.000008 0.065395 0.000164
0.936044 0.000156 0.000211 0.000096 0.000005 0.063337 0.000151
0.936408 0.000175 0.000199 0.000100 0.000005 0.062959 0.000154
0.937170 0.000120 0.000183 0.000102 0.000004 0.062261 0.000161
0.936771 0.000159 0.000190 0.000100 0.000002 0.062622 0.000156
0.937885 0.000118 0.000170 0.000090 0.000002 0.061575 0.000159
0.937427 0.000193 0.000199 0.000108 0.000003 0.061914 0.000155
0.937974 0.000173 0.000189 0.000104 0.000003 0.061386 0.000172
0.939708 0.000208 0.000174 0.000091 0.000001 0.059669 0.000149
0.939344 0.000144 0.000181 0.000098 0.000003 0.060061 0.000168
0.939213 0.000226 0.000218 0.000131 0.000003 0.060050 0.000159
0.939818 0.000158 0.000173 0.000089 0.000002 0.059603 0.000157
0.940023 0.000177 0.000184 0.000105 0.000001 0.059360 0.000150
0.940792 0.000139 0.000139 0.000085 0.000002 0.058695 0.000147
0.941126 0.000187 0.000159 0.000118 0.000002 0.058261 0.000147
0.941340 0.000161 0.000146 0.000091 0.000002 0.058101 0.000160
0.941039 0.000185 0.000156 0.000111 0.000001 0.058357 0.000151
0.941580 0.000181 0.000168 0.000094 0.000002 0.057828 0.000147
0.941818 0.000143 0.000170 0.000108 0.000001 0.057602 0.000158
0.941622 0.000117 0.000154 0.000088 0.000001 0.057862 0.000157
0.941717 0.000143 0.000183 0.000090 0.000001 0.057717 0.000149
0.942161 0.000169 0.000197 0.000103 0.000001 0.057224 0.000144
0.942759 0.000099 0.000117 0.000057 0.000002 0.056816 0.000148
0.942951 0.000097 0.000116 0.000057 0.000002 0.056629 0.000148
0.942730 0.000143 0.000142 0.000072 0.000001 0.056760 0.000153
0.943422 0.000081 0.000094 0.000056 0.000001 0.056199 0.000148
0.943038 0.000139 0.000136 0.000070 0.000001 0.056472 0.000144
0.943039 0.000144 0.000171 0.000077 0.000001 0.056420 0.000148
0.943278 0.000125 0.000143 0.000071 0.000001 0.056237 0.000146
0.943717 0.000134 0.000145 0.000061 0.000001 0.055798 0.000145
0.943512 0.000109 0.000140 0.000058 0.000002 0.056035 0.000144
0.943997 0.000083 0.000109 0.000051 0.000001 0.055608 0.000151
0.943882 0.000111 0.000148 0.000068 0.000001 0.055647 0.000144
0.944983 0.000025 0.000037 0.000016 0.000001 0.054801 0.000138
