0.999259 0.000456 0.000190 0.000089 0.000000 0.000006 0.000000
0.999145 0.000449 0.000098 0.000023 0.000000 0.000284 0.000000
0.998778 0.000769 0.000172 0.000049 0.000000 0.000233 0.000000
0.998478 0.000964 0.000224 0.000076 0.000001 0.000257 0.000000
0.998193 0.001152 0.000251 0.000095 0.000001 0.000308 0.000000
0.997738 0.001473 0.000338 0.000135 0.000001 0.000316 0.000000
0.997121 0.001936 0.000431 0.000166 0.000002 0.000345 0.000000
0.996519 0.002357 0.000521 0.000220 0.000001 0.000382 0.000000
0.995549 0.003091 0.000651 0.000276 0.000000 0.000432 0.000000
0.994287 0.004025 0.000845 0.000367 0.000000 0.000476 0.000000
0.992659 0.005137 0.001178 0.000462 0.000000 0.000564 0.000000
0.990470 0.006597 0.001552 0.000685 0.000000 0.000696 0.000000
0.988338 0.007956 0.001957 0.000874 0.000000 0.000876 0.000000
0.986047 0.009429 0.002329 0.001136 0.000000 0.001059 0.000000
0.982200 0.011871 0.003061 0.001496 0.000002 0.001371 0.000000
0.978898 0.013900 0.003676 0.001803 0.000006 0.001718 0.000000
0.975558 0.015832 0.004431 0.002192 0.000004 0.001984 0.000000
0.970451 0.019039 0.005354 0.002584 0.000005 0.002567 0.000000
0.966396 0.021393 0.006035 0.003022 0.000006 0.003149 0.000000
0.961394 0.024350 0.006883 0.003526 0.000008 0.003838 0.000000
0.955770 0.027632 0.008029 0.004061 0.000006 0.004502 0.000000
0.947823 0.032226 0.009531 0.004861 0.000012 0.005546 0.000000
0.941662 0.035855 0.010741 0.005401 0.000019 0.006322 0.000000
0.934167 0.039809 0.012395 0.006193 0.000018 0.007419 0.000000
0.927242 0.043561 0.013792 0.006882 0.000023 0.008500 0.000000
0.919541 0.047494 0.015487 0.007718 0.000023 0.009736 0.000000
0.911599 0.051498 0.017266 0.008534 0.000029 0.011073 0.000000
0.902396 0.056230 0.019061 0.009620 0.000038 0.012654 0.000000
0.892274 0.061092 0.021224 0.010822 0.000041 0.014547 0.000000
0.883650 0.065121 0.023198 0.011634 0.000048 0.016349 0.000000
0.872790 0.070046 0.025478 0.012857 0.000064 0.018765 0.000000
0.865172 0.073347 0.027086 0.013826 0.000069 0.020499 0.000002
0.854852 0.077675 0.029407 0.015147 0.000071 0.022846 0.000002
0.843591 0.082451 0.031772 0.016441 0.000079 0.025663 0.000002
0.833175 0.086383 0.034220 0.017662 0.000086 0.028472 0.000002
0.823982 0.089436 0.036607 0.018781 0.000096 0.031094 0.000003
0.813527 0.092821 0.039371 0.020042 0.000107 0.034129 0.000004
0.803888 0.095899 0.041593 0.021185 0.000115 0.037318 0.000003
0.793967 0.098981 0.043961 0.022394 0.000127 0.040567 0.000004
0.783098 0.102251 0.046574 0.023769 0.000140 0.044164 0.000004
0.772723 0.104959 0.049227 0.025029 0.000153 0.047905 0.000003
0.762959 0.107067 0.051672 0.026390 0.000160 0.051747 0.000006
0.753752 0.108560 0.053980 0.027634 0.000175 0.055893 0.000005
0.746227 0.109759 0.055800 0.028756 0.000171 0.059282 0.000005
0.736291 0.111548 0.058166 0.029989 0.000183 0.063817 0.000005
0.726925 0.113055 0.060432 0.031154 0.000191 0.068237 0.000007
0.718025 0.114144 0.062319 0.032345 0.000207 0.072952 0.000008
0.710641 0.114864 0.064173 0.033248 0.000219 0.076846 0.000008
0.700092 0.115737 0.066668 0.034514 0.000246 0.082735 0.000008
0.692315 0.116441 0.068340 0.035419 0.000257 0.087218 0.000010
0.683762 0.116876 0.070123 0.036396 0.000277 0.092556 0.000010
0.676295 0.116601 0.071719 0.037383 0.000298 0.097691 0.000012
0.668318 0.116482 0.073485 0.038296 0.000326 0.103079 0.000015
0.661181 0.116062 0.075021 0.039112 0.000342 0.108264 0.000018
0.654640 0.115596 0.076028 0.039740 0.000359 0.113618 0.000018
0.647974 0.114657 0.077375 0.040356 0.000371 0.119248 0.000018
0.640705 0.114109 0.078747 0.041102 0.000385 0.124931 0.000020
0.633730 0.113503 0.079825 0.041699 0.000401 0.130821 0.000021
0.628467 0.112372 0.080790 0.042080 0.000414 0.135857 0.000020
0.620933 0.111330 0.081807 0.042694 0.000420 0.142794 0.000023
0.616421 0.110067 0.082345 0.043001 0.000436 0.147706 0.000024
0.610838 0.108973 0.082987 0.043517 0.000460 0.153197 0.000028
0.604768 0.107270 0.083547 0.043957 0.000470 0.159961 0.000028
0.598965 0.105843 0.084252 0.044360 0.000491 0.166061 0.000029
0.594592 0.104276 0.084541 0.044502 0.000507 0.171554 0.000028
0.590925 0.102580 0.084705 0.044343 0.000528 0.176889 0.000031
0.585414 0.100964 0.085013 0.044519 0.000536 0.183523 0.000031
0.581343 0.099529 0.085083 0.044511 0.000559 0.188941 0.000034
0.577337 0.098200 0.085212 0.044596 0.000562 0.194056 0.000037
0.572147 0.095979 0.085277 0.044596 0.000588 0.201372 0.000041
0.569538 0.094217 0.085014 0.044424 0.000602 0.206164 0.000040
0.566454 0.092573 0.084549 0.044124 0.000624 0.211635 0.000042
0.563479 0.090439 0.083978 0.043971 0.000637 0.217451 0.000045
0.560571 0.088208 0.083593 0.043646 0.000648 0.223285 0.000049
0.557731 0.086581 0.083405 0.043455 0.000658 0.228119 0.000052
0.555387 0.084259 0.082526 0.043012 0.000649 0.234113 0.000055
0.553578 0.082910 0.081831 0.042546 0.000660 0.238420 0.000056
0.551700 0.081005 0.081100 0.042219 0.000679 0.243241 0.000055
0.550119 0.078913 0.080217 0.041713 0.000683 0.248295 0.000061
0.549157 0.077283 0.079353 0.041200 0.000695 0.252245 0.000068
0.547467 0.075527 0.078437 0.040945 0.000694 0.256863 0.000068
0.547198 0.074198 0.077433 0.040511 0.000697 0.259899 0.000064
0.544229 0.072004 0.076663 0.040068 0.000704 0.266264 0.000068
0.544407 0.070240 0.075472 0.039433 0.000699 0.269681 0.000069
0.545273 0.069083 0.074336 0.038812 0.000693 0.271732 0.000070
0.543729 0.067231 0.073221 0.038201 0.000699 0.276847 0.000073
0.543717 0.065685 0.072109 0.037782 0.000688 0.279947 0.000072
0.543430 0.064267 0.071043 0.037247 0.000698 0.283236 0.000079
0.543747 0.063290 0.070013 0.036841 0.000689 0.285340 0.000080
0.543363 0.061652 0.068654 0.036345 0.000694 0.289207 0.000086
0.543875 0.060657 0.067864 0.035766 0.000679 0.291073 0.000086
0.543155 0.059242 0.066715 0.035208 0.000687 0.294906 0.000087
0.544290 0.058023 0.065464 0.034569 0.000688 0.296877 0.000090
0.544557 0.056711 0.064328 0.033892 0.000697 0.299723 0.000093
0.544385 0.055866 0.063475 0.033480 0.000697 0.301997 0.000101
0.545785 0.054638 0.061912 0.032748 0.000693 0.304124 0.000100
0.545066 0.054155 0.061035 0.032494 0.000695 0.306452 0.000103
0.546509 0.053122 0.059937 0.031893 0.000689 0.307742 0.000108
0.545745 0.052100 0.059212 0.031350 0.000685 0.310802 0.000106
0.546402 0.051155 0.057994 0.030825 0.000683 0.312834 0.000107
0.547569 0.050222 0.056734 0.030253 0.000667 0.314443 0.000113
0.548157 0.049782 0.055840 0.029738 0.000676 0.315690 0.000116
0.548552 0.048902 0.055115 0.029218 0.000667 0.317435 0.000112
0.548033 0.047541 0.054115 0.028506 0.000671 0.321018 0.000116
0.548659 0.046989 0.053409 0.028100 0.000678 0.322048 0.000116
0.550500 0.046604 0.052639 0.027638 0.000674 0.321824 0.000121
0.551096 0.045911 0.052037 0.027303 0.000652 0.322877 0.000124
0.551221 0.044602 0.050772 0.026642 0.000648 0.325983 0.000133
0.551758 0.044107 0.050010 0.026227 0.000641 0.327114 0.000143
0.553045 0.043404 0.049108 0.025976 0.000641 0.327691 0.000136
0.554194 0.042879 0.048502 0.025710 0.000629 0.327951 0.000136
0.555195 0.042027 0.047737 0.025248 0.000624 0.329032 0.000137
0.556199 0.041625 0.047318 0.024978 0.000627 0.329116 0.000137
0.557137 0.040579 0.046378 0.024611 0.000624 0.330528 0.000142
0.558716 0.039885 0.045248 0.024067 0.000626 0.331316 0.000143
0.560197 0.039471 0.044867 0.023897 0.000626 0.330798 0.000144
0.561316 0.038359 0.043961 0.023265 0.000629 0.332324 0.000146
0.562455 0.037538 0.043094 0.022879 0.000633 0.333254 0.000148
0.564404 0.037200 0.042773 0.022584 0.000616 0.332270 0.000153
0.565703 0.036658 0.041937 0.022139 0.000610 0.332799 0.000153
0.567333 0.035798 0.040992 0.021566 0.000609 0.333544 0.000158
0.568705 0.035748 0.040790 0.021380 0.000598 0.332622 0.000156
0.570404 0.034863 0.039818 0.020892 0.000582 0.333278 0.000162
0.572187 0.033927 0.039164 0.020514 0.000576 0.333470 0.000163
0.574185 0.032986 0.038769 0.020079 0.000578 0.333235 0.000168
0.577620 0.031684 0.038161 0.019661 0.000561 0.332149 0.000165
0.580244 0.030190 0.037350 0.019091 0.000564 0.332387 0.000173
0.583484 0.028997 0.036683 0.018690 0.000554 0.331421 0.000171
0.586425 0.027612 0.035939 0.018155 0.000561 0.331133 0.000176
0.589584 0.026208 0.035303 0.017594 0.000537 0.330593 0.000181
0.593099 0.025008 0.034849 0.017093 0.000533 0.329242 0.000176
0.596811 0.023503 0.033648 0.016375 0.000507 0.328972 0.000184
0.599973 0.022339 0.033114 0.015920 0.000509 0.327961 0.000184
0.604707 0.021067 0.032341 0.015341 0.000505 0.325856 0.000184
0.607877 0.019721 0.031249 0.014791 0.000490 0.325679 0.000192
0.611694 0.018776 0.030389 0.014370 0.000470 0.324105 0.000195
0.615913 0.017653 0.029399 0.013877 0.000464 0.322490 0.000204
0.619501 0.016529 0.028500 0.013267 0.000444 0.321565 0.000193
0.623956 0.015567 0.027485 0.012719 0.000448 0.319624 0.000200
0.627541 0.014728 0.026684 0.012193 0.000433 0.318227 0.000194
0.631760 0.013742 0.025725 0.011754 0.000437 0.316385 0.000196
0.635034 0.013022 0.024881 0.011223 0.000429 0.315202 0.000210
0.639331 0.012271 0.024113 0.010755 0.000419 0.312906 0.000205
0.643267 0.011523 0.023011 0.010260 0.000395 0.311333 0.000211
0.647550 0.010911 0.022304 0.009902 0.000385 0.308738 0.000211
0.651638 0.010246 0.021405 0.009334 0.000385 0.306780 0.000213
0.656245 0.009570 0.020429 0.008851 0.000370 0.304325 0.000210
0.659536 0.009058 0.019730 0.008531 0.000381 0.302553 0.000211
0.664339 0.008448 0.018867 0.008110 0.000352 0.299668 0.000216
0.668250 0.007957 0.017912 0.007682 0.000342 0.297640 0.000216
0.671831 0.007559 0.017261 0.007359 0.000346 0.295430 0.000214
0.675635 0.007149 0.016554 0.007019 0.000325 0.293103 0.000215
0.680246 0.006714 0.015824 0.006563 0.000338 0.290091 0.000224
0.683976 0.006321 0.015279 0.006315 0.000325 0.287561 0.000222
0.686731 0.005958 0.014671 0.006033 0.000325 0.286067 0.000214
0.692257 0.005515 0.013844 0.005704 0.000311 0.282150 0.000219
0.695187 0.005226 0.013236 0.005467 0.000293 0.280373 0.000219
0.699157 0.004948 0.012666 0.005222 0.000291 0.277497 0.000220
0.703256 0.004583 0.012134 0.004964 0.000278 0.274557 0.000227
0.706015 0.004332 0.011628 0.004688 0.000277 0.272825 0.000236
0.710743 0.004135 0.011028 0.004434 0.000257 0.269172 0.000230
0.714761 0.003808 0.010499 0.004222 0.000234 0.266261 0.000215
0.717892 0.003565 0.010062 0.004075 0.000243 0.263937 0.000226
0.722844 0.003409 0.009502 0.003862 0.000241 0.259919 0.000222
0.725552 0.003186 0.009229 0.003716 0.000245 0.257856 0.000216
0.728846 0.002965 0.008745 0.003530 0.000232 0.255455 0.000229
0.732592 0.002824 0.008371 0.003330 0.000220 0.252435 0.000229
0.736658 0.002661 0.007871 0.003220 0.000223 0.249143 0.000225
0.741019 0.002531 0.007524 0.003016 0.000207 0.245476 0.000228
0.744601 0.002403 0.007241 0.002884 0.000209 0.242431 0.000231
0.747419 0.002280 0.006827 0.002663 0.000197 0.240384 0.000230
0.750248 0.002128 0.006480 0.002541 0.000206 0.238163 0.000235
0.753637 0.002013 0.006238 0.002404 0.000180 0.235306 0.000221
0.757971 0.001858 0.005890 0.002234 0.000184 0.231632 0.000231
0.760608 0.001807 0.005542 0.002181 0.000184 0.229448 0.000230
0.764079 0.001752 0.005220 0.002060 0.000172 0.226490 0.000227
0.768012 0.001648 0.005003 0.001945 0.000178 0.222979 0.000235
0.770346 0.001541 0.004727 0.001848 0.000173 0.221126 0.000239
0.773820 0.001456 0.004503 0.001763 0.000148 0.218080 0.000231
0.777327 0.001423 0.004334 0.001668 0.000154 0.214864 0.000231
0.780537 0.001286 0.004066 0.001565 0.000144 0.212166 0.000236
0.784055 0.001238 0.003872 0.001508 0.000145 0.208956 0.000226
0.785390 0.001194 0.003738 0.001440 0.000141 0.207865 0.000231
0.789627 0.001093 0.003496 0.001359 0.000135 0.204041 0.000248
0.793289 0.001005 0.003233 0.001288 0.000125 0.200811 0.000249
0.796155 0.000984 0.003115 0.001219 0.000132 0.198167 0.000229
0.798916 0.000907 0.003013 0.001180 0.000124 0.195627 0.000233
0.800505 0.000897 0.002872 0.001108 0.000125 0.194259 0.000235
0.804791 0.000851 0.002654 0.001064 0.000109 0.190304 0.000227
0.807831 0.000815 0.002536 0.000978 0.000112 0.187506 0.000223
0.808882 0.000790 0.002483 0.000946 0.000106 0.186560 0.000233
0.813256 0.000753 0.002314 0.000883 0.000100 0.182461 0.000232
0.815303 0.000729 0.002162 0.000833 0.000099 0.180648 0.000226
0.816249 0.000708 0.002094 0.000825 0.000094 0.179795 0.000235
0.821461 0.000626 0.001929 0.000766 0.000095 0.174890 0.000233
0.822605 0.000614 0.001882 0.000738 0.000088 0.173852 0.000221
0.826564 0.000572 0.001732 0.000723 0.000081 0.170106 0.000221
0.828310 0.000578 0.001676 0.000678 0.000082 0.168439 0.000237
0.829823 0.000550 0.001613 0.000672 0.000072 0.167048 0.000223
0.833553 0.000518 0.001523 0.000636 0.000073 0.163469 0.000228
0.834126 0.000482 0.001410 0.000618 0.000065 0.163081 0.000219
0.837991 0.000461 0.001378 0.000594 0.000062 0.159283 0.000231
0.841287 0.000448 0.001314 0.000535 0.000066 0.156112 0.000237
0.842720 0.000407 0.001305 0.000515 0.000061 0.154764 0.000229
0.844670 0.000420 0.001247 0.000491 0.000053 0.152892 0.000229
0.848056 0.000384 0.001184 0.000481 0.000048 0.149620 0.000227
0.849560 0.000372 0.001129 0.000463 0.000046 0.148197 0.000234
0.852070 0.000357 0.001096 0.000426 0.000057 0.145773 0.000222
0.853815 0.000327 0.001010 0.000417 0.000044 0.144165 0.000222
0.855282 0.000346 0.000979 0.000396 0.000046 0.142724 0.000227
0.858035 0.000321 0.000920 0.000366 0.000044 0.140076 0.000237
0.861136 0.000319 0.000871 0.000336 0.000047 0.137066 0.000226
0.862677 0.000314 0.000811 0.000349 0.000046 0.135584 0.000219
0.866271 0.000271 0.000757 0.000326 0.000042 0.132104 0.000229
0.867636 0.000266 0.000762 0.000316 0.000044 0.130751 0.000226
0.870353 0.000272 0.000719 0.000299 0.000038 0.128105 0.000215
0.870672 0.000246 0.000686 0.000308 0.000036 0.127839 0.000213
0.873710 0.000269 0.000661 0.000284 0.000036 0.124831 0.000209
0.876648 0.000243 0.000590 0.000272 0.000035 0.121989 0.000223
0.877759 0.000248 0.000621 0.000278 0.000032 0.120848 0.000215
0.879286 0.000238 0.000590 0.000269 0.000037 0.119357 0.000224
0.881687 0.000222 0.000569 0.000261 0.000036 0.117007 0.000218
0.883769 0.000204 0.000545 0.000254 0.000035 0.114972 0.000222
0.885515 0.000198 0.000522 0.000247 0.000031 0.113269 0.000218
0.887728 0.000174 0.000506 0.000212 0.000038 0.111124 0.000218
0.888306 0.000201 0.000520 0.000219 0.000038 0.110501 0.000215
0.890880 0.000203 0.000497 0.000205 0.000035 0.107960 0.000219
0.892895 0.000201 0.000465 0.000172 0.000036 0.106019 0.000212
0.895289 0.000176 0.000433 0.000179 0.000036 0.103668 0.000218
0.898229 0.000207 0.000423 0.000171 0.000026 0.100733 0.000210
0.900394 0.000216 0.000402 0.000167 0.000025 0.098588 0.000208
0.900303 0.000179 0.000387 0.000172 0.000019 0.098738 0.000202
0.902733 0.000199 0.000382 0.000157 0.000022 0.096310 0.000199
0.905095 0.000174 0.000364 0.000150 0.000023 0.093995 0.000199
0.906740 0.000183 0.000351 0.000156 0.000018 0.092363 0.000190
0.907779 0.000182 0.000344 0.000163 0.000018 0.091316 0.000199
0.907622 0.000167 0.000354 0.000141 0.000023 0.091489 0.000205
0.909549 0.000169 0.000337 0.000140 0.000022 0.089581 0.000201
0.913073 0.000149 0.000316 0.000114 0.000023 0.086134 0.000192
0.915441 0.000140 0.000299 0.000138 0.000018 0.083769 0.000195
0.914627 0.000155 0.000313 0.000132 0.000016 0.084567 0.000189
0.916458 0.000129 0.000276 0.000121 0.000016 0.082812 0.000189
0.918165 0.000116 0.000263 0.000110 0.000016 0.081131 0.000199
0.918874 0.000114 0.000268 0.000112 0.000012 0.080420 0.000200
0.920924 0.000115 0.000245 0.000119 0.000012 0.078394 0.000191
0.921680 0.000122 0.000235 0.000111 0.000011 0.077665 0.000176
0.922015 0.000110 0.000241 0.000115 0.000016 0.077310 0.000193
0.924178 0.000103 0.000239 0.000101 0.000012 0.075190 0.000176
0.925619 0.000077 0.000204 0.000095 0.000012 0.073820 0.000173
0.925675 0.000084 0.000198 0.000102 0.000013 0.073754 0.000174
0.925561 0.000088 0.000191 0.000095 0.000009 0.073877 0.000180
0.926957 0.000077 0.000172 0.000092 0.000016 0.072511 0.000175
0.927904 0.000067 0.000183 0.000103 0.000010 0.071564 0.000168
0.929770 0.000063 0.000148 0.000091 0.000010 0.069748 0.000170
0.929834 0.000051 0.000137 0.000098 0.000013 0.069691 0.000176
0.929635 0.000061 0.000157 0.000093 0.000013 0.069872 0.000170
0.931857 0.000049 0.000129 0.000082 0.000014 0.067717 0.000152
0.932280 0.000051 0.000133 0.000070 0.000008 0.067289 0.000168
0.932146 0.000051 0.000145 0.000068 0.000011 0.067407 0.000172
0.932685 0.000039 0.000119 0.000076 0.000009 0.066923 0.000151
0.934555 0.000039 0.000102 0.000060 0.000009 0.065076 0.000159
0.934684 0.000043 0.000114 0.000055 0.000008 0.064944 0.000152
0.935379 0.000052 0.000105 0.000046 0.000012 0.064254 0.000152
0.935644 0.000050 0.000105 0.000058 0.000007 0.063991 0.000145
0.936009 0.000052 0.000093 0.000050 0.000005 0.063639 0.000152
0.936258 0.000030 0.000094 0.000048 0.000005 0.063413 0.000152
0.936521 0.000038 0.000097 0.000045 0.000008 0.063138 0.000153
0.937395 0.000037 0.000090 0.000043 0.000011 0.062279 0.000145
0.937012 0.000041 0.000097 0.000039 0.000008 0.062655 0.000149
0.938959 0.000033 0.000058 0.000031 0.000009 0.060764 0.000147
0.938476 0.000037 0.000061 0.000035 0.000008 0.061245 0.000137
0.938710 0.000032 0.000078 0.000031 0.000006 0.060998 0.000146
0.939666 0.000025 0.000051 0.000029 0.000003 0.060083 0.000142
0.939325 0.000030 0.000057 0.000029 0.000005 0.060416 0.000138
0.939671 0.000025 0.000059 0.000025 0.000007 0.060072 0.000140
0.940132 0.000032 0.000046 0.000022 0.000007 0.059621 0.000139
0.940035 0.000038 0.000050 0.000025 0.000004 0.059708 0.000140
0.940329 0.000032 0.000043 0.000027 0.000006 0.059420 0.000143
0.940197 0.000033 0.000053 0.000025 0.000006 0.059539 0.000147
0.941176 0.000022 0.000036 0.000021 0.000006 0.058598 0.000140
0.940997 0.000021 0.000045 0.000019 0.000005 0.058780 0.000133
0.941078 0.000025 0.000054 0.000018 0.000003 0.058690 0.000132
0.941359 0.000020 0.000033 0.000022 0.000002 0.058424 0.000141
0.941224 0.000026 0.000033 0.000015 0.000003 0.058554 0.000145
0.941798 0.000018 0.000033 0.000016 0.000004 0.057992 0.000140
0.941613 0.000012 0.000036 0.000014 0.000004 0.058179 0.000143
0.941429 0.000011 0.000043 0.000027 0.000003 0.058340 0.000147
0.941744 0.000016 0.000049 0.000018 0.000002 0.058026 0.000144
0.942015 0.000008 0.000040 0.000017 0.000002 0.057775 0.000142
0.941909 0.000012 0.000049 0.000014 0.000001 0.057873 0.000141
0.941984 0.000015 0.000036 0.000010 0.000002 0.057817 0.000137
0.942149 0.000016 0.000031 0.000008 0.000001 0.057657 0.000139
0.942186 0.000017 0.000042 0.000009 0.000001 0.057610 0.000135
0.942293 0.000008 0.000028 0.000008 0.000002 0.057527 0.000135
0.942400 0.000005 0.000021 0.000007 0.000001 0.057428 0.000138
0.942457 0.000006 0.000023 0.000007 0.000000 0.057372 0.000135
0.942330 0.000007 0.000029 0.000009 0.000000 0.057489 0.000137
0.942445 0.000008 0.000026 0.000007 0.000000 0.057376 0.000138
0.942514 0.000005 0.000016 0.000007 0.000000 0.057319 0.000139
0.942704 0.000002 0.000005 0.000002 0.000000 0.057152 0.000136
