0.999246 0.000476 0.000186 0.000087 0.000000 0.000006 0.000000
0.999148 0.000441 0.000104 0.000026 0.000000 0.000280 0.000000
0.998799 0.000729 0.000186 0.000055 0.000000 0.000231 0.000000
0.998427 0.001000 0.000226 0.000092 0.000001 0.000254 0.000000
0.998170 0.001136 0.000259 0.000110 0.000001 0.000324 0.000000
0.997707 0.001472 0.000342 0.000140 0.000001 0.000338 0.000000
0.997159 0.001881 0.000403 0.000187 0.000002 0.000368 0.000000
0.996255 0.002572 0.000528 0.000229 0.000001 0.000416 0.000000
0.995161 0.003351 0.000731 0.000321 0.000000 0.000436 0.000000
0.993960 0.004224 0.000897 0.000422 0.000000 0.000497 0.000000
0.992024 0.005566 0.001282 0.000504 0.000001 0.000623 0.000000
0.990223 0.006861 0.001533 0.000649 0.000001 0.000734 0.000000
0.987745 0.008454 0.002038 0.000867 0.000001 0.000895 0.000000
0.984658 0.010492 0.002569 0.001168 0.000001 0.001112 0.000000
0.981497 0.012517 0.003118 0.001438 0.000002 0.001429 0.000000
0.978628 0.014148 0.003800 0.001728 0.000002 0.001695 0.000000
0.974424 0.016651 0.004674 0.002142 0.000001 0.002108 0.000000
0.969347 0.019857 0.005555 0.002583 0.000001 0.002657 0.000000
0.965700 0.021843 0.006270 0.003032 0.000002 0.003153 0.000000
0.960954 0.024575 0.007093 0.003581 0.000002 0.003795 0.000000
0.954327 0.028478 0.008355 0.004191 0.000003 0.004645 0.000000
0.947372 0.032403 0.009677 0.004928 0.000006 0.005614 0.000000
0.940576 0.036206 0.011043 0.005531 0.000009 0.006635 0.000000
0.934010 0.039725 0.012521 0.006095 0.000009 0.007640 0.000000
0.926806 0.043544 0.013949 0.006824 0.000011 0.008867 0.000000
0.919231 0.047539 0.015519 0.007605 0.000015 0.010091 0.000000
0.910899 0.051813 0.017264 0.008559 0.000022 0.011443 0.000000
0.901273 0.056674 0.019229 0.009706 0.000037 0.013081 0.000000
0.892048 0.061126 0.021116 0.010756 0.000042 0.014912 0.000000
0.883046 0.065442 0.023134 0.011663 0.000056 0.016660 0.000000
0.872975 0.069966 0.025394 0.012861 0.000067 0.018737 0.000000
0.863793 0.073833 0.027434 0.014143 0.000072 0.020725 0.000000
0.853928 0.077784 0.029608 0.015482 0.000072 0.023125 0.000000
0.843066 0.082111 0.032169 0.016655 0.000088 0.025909 0.000001
0.835098 0.085052 0.033955 0.017581 0.000101 0.028209 0.000003
0.824670 0.088811 0.036580 0.018876 0.000109 0.030950 0.000003
0.813632 0.092599 0.039410 0.020114 0.000113 0.034128 0.000004
0.801677 0.096474 0.042399 0.021571 0.000121 0.037752 0.000006
0.792807 0.099081 0.044709 0.022599 0.000126 0.040671 0.000007
0.783614 0.101651 0.046889 0.023866 0.000145 0.043829 0.000006
0.772232 0.104616 0.049724 0.025222 0.000160 0.048042 0.000006
0.761954 0.106897 0.052325 0.026572 0.000175 0.052070 0.000007
0.752165 0.109089 0.054479 0.027738 0.000187 0.056335 0.000007
0.745324 0.110330 0.056146 0.028645 0.000204 0.059346 0.000006
0.734595 0.112016 0.058739 0.030090 0.000221 0.064332 0.000007
0.725819 0.113474 0.060795 0.031262 0.000237 0.068404 0.000009
0.716673 0.114376 0.062917 0.032577 0.000249 0.073196 0.000012
0.708147 0.115390 0.065023 0.033549 0.000271 0.077607 0.000013
0.698362 0.116063 0.067199 0.034933 0.000295 0.083135 0.000013
0.691039 0.116626 0.068725 0.035740 0.000302 0.087554 0.000014
0.682161 0.117021 0.070401 0.036684 0.000321 0.093398 0.000015
0.673814 0.116929 0.072131 0.037769 0.000333 0.099008 0.000015
0.666377 0.116504 0.073773 0.038676 0.000351 0.104303 0.000016
0.658504 0.116493 0.075288 0.039450 0.000360 0.109883 0.000021
0.651822 0.115585 0.076545 0.040053 0.000378 0.115594 0.000022
0.644770 0.115038 0.077762 0.040751 0.000391 0.121264 0.000024
0.637998 0.114319 0.078904 0.041300 0.000399 0.127054 0.000027
0.631506 0.113268 0.079986 0.041952 0.000406 0.132851 0.000031
0.626212 0.112250 0.080600 0.042399 0.000410 0.138098 0.000031
0.619895 0.111045 0.081549 0.042900 0.000414 0.144163 0.000033
0.616069 0.109048 0.081763 0.043079 0.000443 0.149564 0.000034
0.611220 0.107988 0.082437 0.043420 0.000454 0.154443 0.000036
0.605384 0.106424 0.082853 0.043773 0.000462 0.161067 0.000037
0.599307 0.105106 0.083517 0.044263 0.000480 0.167287 0.000040
0.594554 0.102928 0.083814 0.044303 0.000485 0.173875 0.000042
0.591342 0.101117 0.083942 0.044389 0.000517 0.178651 0.000043
0.587939 0.098993 0.083869 0.044458 0.000523 0.184175 0.000044
0.584062 0.097595 0.083750 0.044283 0.000538 0.189724 0.000048
0.579954 0.096009 0.083797 0.044295 0.000556 0.195336 0.000053
0.577192 0.094386 0.083451 0.044079 0.000576 0.200264 0.000052
0.575029 0.092692 0.082724 0.043677 0.000590 0.205237 0.000051
0.571902 0.091284 0.082275 0.043564 0.000599 0.210323 0.000052
0.569478 0.089607 0.081878 0.043254 0.000609 0.215119 0.000056
0.566783 0.087446 0.081541 0.043006 0.000620 0.220545 0.000059
0.565037 0.085831 0.080977 0.042631 0.000632 0.224834 0.000058
0.562485 0.083754 0.080422 0.042621 0.000641 0.230017 0.000061
0.560549 0.081930 0.079477 0.042127 0.000655 0.235201 0.000063
0.560393 0.080752 0.078573 0.041788 0.000651 0.237780 0.000064
0.557111 0.078854 0.077978 0.041465 0.000655 0.243868 0.000069
0.557663 0.077541 0.077194 0.040815 0.000671 0.246045 0.000072
0.556702 0.076001 0.076343 0.040492 0.000697 0.249694 0.000071
0.555988 0.074548 0.075428 0.039874 0.000695 0.253397 0.000070
0.553296 0.073131 0.074851 0.039514 0.000686 0.258448 0.000074
0.553013 0.071682 0.073783 0.038891 0.000674 0.261881 0.000075
0.552506 0.070710 0.072864 0.038373 0.000683 0.264785 0.000079
0.552299 0.069471 0.071837 0.037818 0.000675 0.267821 0.000080
0.550238 0.067794 0.071083 0.037586 0.000679 0.272535 0.000084
0.550200 0.066465 0.069907 0.036958 0.000688 0.275698 0.000085
0.549903 0.065814 0.068937 0.036498 0.000679 0.278077 0.000092
0.549744 0.064785 0.068129 0.036176 0.000670 0.280401 0.000095
0.548061 0.063823 0.067518 0.035900 0.000667 0.283931 0.000100
0.547975 0.062806 0.066497 0.035296 0.000657 0.286671 0.000099
0.546910 0.061487 0.065518 0.034860 0.000655 0.290468 0.000101
0.546596 0.060580 0.064754 0.034408 0.000671 0.292887 0.000104
0.546065 0.059633 0.064076 0.034194 0.000670 0.295247 0.000114
0.545943 0.058333 0.062909 0.033540 0.000674 0.298482 0.000119
0.545318 0.057263 0.062119 0.033259 0.000676 0.301247 0.000118
0.545450 0.055847 0.061398 0.032786 0.000681 0.303712 0.000125
0.544955 0.054512 0.060582 0.032114 0.000685 0.307027 0.000124
0.545421 0.053986 0.059806 0.031708 0.000696 0.308253 0.000129
0.545795 0.052794 0.058781 0.031195 0.000681 0.310624 0.000131
0.545892 0.052147 0.058081 0.030743 0.000676 0.312327 0.000134
0.546296 0.050982 0.057015 0.030107 0.000661 0.314809 0.000128
0.545911 0.049828 0.056139 0.029458 0.000674 0.317858 0.000132
0.546817 0.048994 0.055174 0.029099 0.000677 0.319103 0.000137
0.547464 0.048279 0.054904 0.028966 0.000688 0.319565 0.000135
0.548153 0.046185 0.053419 0.028271 0.000676 0.323159 0.000136
0.549224 0.045424 0.052440 0.027774 0.000681 0.324315 0.000142
0.550095 0.044733 0.051594 0.027310 0.000683 0.325434 0.000151
0.551065 0.043706 0.050666 0.026842 0.000683 0.326890 0.000148
0.552316 0.042915 0.049789 0.026400 0.000667 0.327768 0.000145
0.553110 0.042071 0.048927 0.025884 0.000670 0.329190 0.000148
0.553844 0.041664 0.048450 0.025612 0.000665 0.329617 0.000149
0.555218 0.040568 0.047295 0.024892 0.000641 0.331237 0.000149
0.556220 0.040076 0.046600 0.024549 0.000660 0.331748 0.000147
0.557457 0.039234 0.045814 0.024124 0.000650 0.332571 0.000152
0.559114 0.038274 0.044778 0.023555 0.000653 0.333480 0.000145
0.560019 0.037529 0.044111 0.023098 0.000650 0.334442 0.000152
0.561203 0.037053 0.043820 0.022847 0.000652 0.334265 0.000160
0.562583 0.036430 0.042858 0.022439 0.000650 0.334880 0.000161
0.564484 0.035534 0.041977 0.021899 0.000626 0.335317 0.000164
0.565716 0.034992 0.041489 0.021635 0.000618 0.335379 0.000171
0.567298 0.034359 0.040535 0.021282 0.000600 0.335749 0.000176
0.569547 0.033457 0.039710 0.020808 0.000592 0.335712 0.000173
0.572237 0.032442 0.038982 0.020341 0.000577 0.335231 0.000188
0.575027 0.031052 0.038351 0.019914 0.000577 0.334896 0.000183
0.578219 0.029843 0.037459 0.019252 0.000578 0.334467 0.000182
0.580917 0.028523 0.036871 0.018798 0.000567 0.334141 0.000184
0.584452 0.027026 0.035862 0.018168 0.000562 0.333744 0.000186
0.588062 0.025598 0.035031 0.017663 0.000544 0.332918 0.000185
0.591477 0.024316 0.034263 0.017065 0.000549 0.332144 0.000186
0.595261 0.022946 0.033502 0.016558 0.000526 0.331014 0.000194
0.599553 0.021528 0.032649 0.015880 0.000524 0.329675 0.000190
0.603965 0.020067 0.031757 0.015418 0.000516 0.328091 0.000186
0.606808 0.019024 0.030900 0.014950 0.000513 0.327612 0.000193
0.611451 0.017858 0.029760 0.014237 0.000512 0.325991 0.000192
0.614620 0.016793 0.029056 0.013764 0.000492 0.325082 0.000194
0.619122 0.015680 0.028141 0.013060 0.000473 0.323323 0.000199
0.623912 0.014600 0.026960 0.012515 0.000456 0.321355 0.000203
0.626760 0.013821 0.026365 0.012082 0.000475 0.320296 0.000201
0.632007 0.012864 0.025263 0.011547 0.000462 0.317658 0.000201
0.636324 0.011983 0.024209 0.011050 0.000452 0.315776 0.000205
0.640056 0.011152 0.023426 0.010553 0.000433 0.314178 0.000202
0.644381 0.010501 0.022491 0.010043 0.000415 0.311956 0.000213
0.648769 0.009855 0.021630 0.009606 0.000383 0.309548 0.000210
0.652765 0.009207 0.020995 0.009177 0.000381 0.307266 0.000209
0.657207 0.008480 0.019952 0.008658 0.000373 0.305114 0.000215
0.662048 0.007920 0.019216 0.008253 0.000353 0.302002 0.000208
0.665975 0.007487 0.018276 0.007854 0.000364 0.299827 0.000218
0.670216 0.006938 0.017450 0.007490 0.000338 0.297347 0.000219
0.674047 0.006505 0.016729 0.007238 0.000329 0.294936 0.000215
0.678160 0.006025 0.015968 0.006853 0.000316 0.292457 0.000220
0.683357 0.005582 0.015032 0.006401 0.000323 0.289086 0.000220
0.686112 0.005250 0.014506 0.006178 0.000309 0.287425 0.000220
0.690537 0.004899 0.013781 0.005924 0.000298 0.284341 0.000221
0.694306 0.004611 0.013091 0.005569 0.000292 0.281912 0.000219
0.699348 0.004301 0.012507 0.005281 0.000293 0.278050 0.000221
0.702336 0.004009 0.011890 0.005061 0.000297 0.276178 0.000229
0.706767 0.003697 0.011359 0.004711 0.000279 0.272959 0.000228
0.709264 0.003440 0.010804 0.004455 0.000272 0.271545 0.000220
0.714930 0.003279 0.010293 0.004152 0.000270 0.266844 0.000232
0.717654 0.003072 0.009803 0.003930 0.000252 0.265058 0.000231
0.722883 0.002823 0.009129 0.003680 0.000251 0.261002 0.000232
0.725912 0.002662 0.008819 0.003542 0.000246 0.258601 0.000218
0.729587 0.002459 0.008343 0.003382 0.000227 0.255779 0.000222
0.733197 0.002278 0.008001 0.003220 0.000232 0.252844 0.000228
0.737552 0.002179 0.007606 0.003063 0.000220 0.249158 0.000223
0.741117 0.002012 0.007091 0.002909 0.000209 0.246437 0.000225
0.744439 0.001919 0.006758 0.002745 0.000191 0.243727 0.000220
0.748358 0.001765 0.006376 0.002585 0.000188 0.240497 0.000231
0.750928 0.001647 0.006127 0.002446 0.000179 0.238454 0.000219
0.754158 0.001531 0.005770 0.002322 0.000159 0.235829 0.000231
0.757716 0.001398 0.005485 0.002156 0.000148 0.232875 0.000222
0.761779 0.001319 0.005135 0.002014 0.000149 0.229381 0.000224
0.764973 0.001229 0.004835 0.001899 0.000149 0.226691 0.000225
0.769052 0.001125 0.004536 0.001756 0.000140 0.223161 0.000230
0.771558 0.001092 0.004365 0.001707 0.000141 0.220904 0.000233
0.774497 0.001040 0.004177 0.001590 0.000137 0.218337 0.000222
0.778600 0.000955 0.003885 0.001520 0.000130 0.214681 0.000230
0.780866 0.000908 0.003668 0.001453 0.000119 0.212747 0.000238
0.784420 0.000867 0.003449 0.001365 0.000115 0.209562 0.000223
0.787435 0.000816 0.003216 0.001294 0.000109 0.206903 0.000227
0.790789 0.000747 0.003032 0.001198 0.000115 0.203881 0.000238
0.793696 0.000731 0.002865 0.001119 0.000110 0.201240 0.000239
0.797086 0.000696 0.002717 0.001066 0.000098 0.198102 0.000235
0.799668 0.000621 0.002600 0.001014 0.000097 0.195766 0.000234
0.802580 0.000605 0.002440 0.000961 0.000099 0.193087 0.000229
0.806062 0.000579 0.002257 0.000909 0.000095 0.189860 0.000238
0.809339 0.000543 0.002133 0.000873 0.000098 0.186791 0.000223
0.811198 0.000525 0.002035 0.000812 0.000093 0.185105 0.000233
0.813673 0.000494 0.001943 0.000775 0.000082 0.182799 0.000233
0.817479 0.000462 0.001875 0.000719 0.000082 0.179158 0.000226
0.819312 0.000418 0.001725 0.000681 0.000081 0.177558 0.000225
0.822653 0.000422 0.001686 0.000653 0.000083 0.174283 0.000220
0.822969 0.000386 0.001647 0.000606 0.000078 0.174088 0.000227
0.827646 0.000352 0.001504 0.000587 0.000069 0.169622 0.000220
0.831670 0.000357 0.001405 0.000561 0.000080 0.165716 0.000211
0.831882 0.000330 0.001323 0.000509 0.000071 0.165649 0.000236
0.833865 0.000325 0.001273 0.000497 0.000070 0.163747 0.000222
0.837656 0.000322 0.001206 0.000455 0.000076 0.160066 0.000219
0.839821 0.000309 0.001163 0.000424 0.000064 0.158004 0.000215
0.841075 0.000298 0.001093 0.000409 0.000058 0.156840 0.000227
0.845637 0.000296 0.001014 0.000372 0.000063 0.152387 0.000230
0.847542 0.000238 0.000943 0.000336 0.000050 0.150678 0.000212
0.849897 0.000225 0.000918 0.000334 0.000056 0.148344 0.000225
0.851885 0.000213 0.000884 0.000334 0.000057 0.146409 0.000217
0.854301 0.000218 0.000848 0.000319 0.000049 0.144047 0.000218
0.858034 0.000212 0.000792 0.000303 0.000054 0.140389 0.000216
0.860069 0.000207 0.000736 0.000265 0.000047 0.138470 0.000206
0.860839 0.000175 0.000706 0.000263 0.000050 0.137749 0.000218
0.863144 0.000185 0.000667 0.000252 0.000049 0.135508 0.000194
0.865795 0.000185 0.000616 0.000231 0.000044 0.132929 0.000201
0.868911 0.000183 0.000604 0.000231 0.000041 0.129830 0.000199
0.869924 0.000166 0.000575 0.000218 0.000042 0.128865 0.000210
0.872272 0.000168 0.000537 0.000212 0.000040 0.126556 0.000215
0.874254 0.000163 0.000548 0.000186 0.000036 0.124591 0.000222
0.876684 0.000152 0.000501 0.000194 0.000040 0.122221 0.000207
0.878074 0.000154 0.000479 0.000189 0.000031 0.120874 0.000200
0.880524 0.000142 0.000461 0.000178 0.000032 0.118461 0.000201
0.882620 0.000163 0.000463 0.000186 0.000028 0.116316 0.000223
0.886006 0.000132 0.000416 0.000175 0.000031 0.113037 0.000203
0.887579 0.000150 0.000441 0.000162 0.000031 0.111425 0.000212
0.889745 0.000140 0.000400 0.000154 0.000026 0.109334 0.000200
0.892404 0.000137 0.000381 0.000150 0.000031 0.106692 0.000204
0.893459 0.000126 0.000378 0.000144 0.000027 0.105652 0.000214
0.897390 0.000108 0.000354 0.000151 0.000024 0.101775 0.000198
0.895942 0.000104 0.000349 0.000157 0.000025 0.103227 0.000196
0.899445 0.000095 0.000335 0.000147 0.000021 0.099759 0.000197
0.900470 0.000103 0.000331 0.000146 0.000021 0.098725 0.000204
0.902791 0.000106 0.000314 0.000145 0.000021 0.096418 0.000204
0.905125 0.000088 0.000293 0.000129 0.000024 0.094150 0.000189
0.904828 0.000093 0.000286 0.000132 0.000017 0.094438 0.000205
0.906800 0.000097 0.000257 0.000123 0.000020 0.092504 0.000199
0.909228 0.000096 0.000245 0.000114 0.000020 0.090090 0.000208
0.909104 0.000078 0.000244 0.000107 0.000018 0.090262 0.000187
0.911763 0.000083 0.000223 0.000108 0.000024 0.087602 0.000195
0.914348 0.000070 0.000213 0.000090 0.000015 0.085065 0.000199
0.914211 0.000084 0.000207 0.000105 0.000010 0.085185 0.000197
0.916916 0.000077 0.000196 0.000093 0.000013 0.082526 0.000179
0.917666 0.000072 0.000171 0.000084 0.000014 0.081808 0.000185
0.919960 0.000062 0.000170 0.000077 0.000016 0.079548 0.000167
0.920556 0.000055 0.000160 0.000079 0.000006 0.078968 0.000174
0.921158 0.000048 0.000155 0.000077 0.000012 0.078369 0.000182
0.923166 0.000051 0.000149 0.000065 0.000011 0.076395 0.000162
0.923210 0.000047 0.000137 0.000068 0.000008 0.076371 0.000159
0.924782 0.000047 0.000142 0.000063 0.000008 0.074795 0.000162
0.924435 0.000038 0.000137 0.000072 0.000010 0.075145 0.000163
0.926726 0.000032 0.000125 0.000054 0.000008 0.072887 0.000169
0.928044 0.000052 0.000123 0.000055 0.000006 0.071561 0.000160
0.928591 0.000046 0.000109 0.000053 0.000009 0.071038 0.000154
0.929442 0.000048 0.000122 0.000056 0.000006 0.070166 0.000161
0.929993 0.000042 0.000105 0.000054 0.000008 0.069641 0.000156
0.929016 0.000035 0.000088 0.000055 0.000013 0.070641 0.000152
0.931311 0.000042 0.000085 0.000041 0.000009 0.068355 0.000156
0.931179 0.000042 0.000079 0.000046 0.000010 0.068489 0.000156
0.931186 0.000041 0.000072 0.000046 0.000012 0.068491 0.000153
0.933244 0.000033 0.000062 0.000031 0.000008 0.066470 0.000152
0.932253 0.000026 0.000063 0.000037 0.000011 0.067457 0.000153
0.932869 0.000037 0.000065 0.000033 0.000008 0.066837 0.000150
0.932884 0.000027 0.000057 0.000042 0.000010 0.066832 0.000149
0.934143 0.000037 0.000044 0.000045 0.000008 0.065577 0.000146
0.934784 0.000030 0.000048 0.000031 0.000005 0.064954 0.000149
0.934591 0.000025 0.000055 0.000028 0.000007 0.065150 0.000143
0.935308 0.000026 0.000058 0.000025 0.000003 0.064435 0.000145
0.935724 0.000021 0.000046 0.000026 0.000005 0.064038 0.000140
0.935639 0.000021 0.000051 0.000023 0.000006 0.064116 0.000143
0.936072 0.000014 0.000041 0.000023 0.000005 0.063708 0.000137
0.936053 0.000015 0.000045 0.000026 0.000005 0.063718 0.000138
0.935678 0.000020 0.000049 0.000026 0.000007 0.064080 0.000140
0.936048 0.000021 0.000037 0.000028 0.000005 0.063723 0.000138
0.936375 0.000013 0.000027 0.000023 0.000009 0.063416 0.000137
0.936511 0.000016 0.000038 0.000016 0.000007 0.063271 0.000142
0.936967 0.000019 0.000028 0.000016 0.000011 0.062820 0.000139
0.936924 0.000020 0.000039 0.000020 0.000007 0.062848 0.000142
0.937280 0.000009 0.000035 0.000015 0.000006 0.062510 0.000145
0.937312 0.000012 0.000033 0.000012 0.000004 0.062487 0.000139
0.937377 0.000015 0.000041 0.000016 0.000005 0.062403 0.000143
0.937372 0.000009 0.000029 0.000014 0.000006 0.062429 0.000141
0.937527 0.000010 0.000028 0.000015 0.000004 0.062277 0.000138
0.937594 0.000010 0.000025 0.000014 0.000005 0.062207 0.000145
0.937792 0.000014 0.000026 0.000009 0.000005 0.062014 0.000140
0.937887 0.000022 0.000025 0.000009 0.000009 0.061904 0.000144
0.938049 0.000017 0.000024 0.000010 0.000004 0.061756 0.000140
0.938163 0.000009 0.000013 0.000007 0.000004 0.061669 0.000136
0.938272 0.000012 0.000019 0.000008 0.000002 0.061548 0.000138
0.938377 0.000009 0.000020 0.000010 0.000002 0.061442 0.000140
0.938342 0.000018 0.000017 0.000010 0.000002 0.061473 0.000138
0.938344 0.000017 0.000017 0.000014 0.000002 0.061470 0.000136
0.938436 0.000011 0.000013 0.000008 0.000002 0.061394 0.000136
0.938318 0.000016 0.000021 0.000009 0.000002 0.061498 0.000136
0.938393 0.000013 0.000018 0.000007 0.000002 0.061431 0.000136
0.938501 0.000012 0.000014 0.000006 0.000005 0.061324 0.000138
0.938396 0.000012 0.000015 0.000002 0.000008 0.061430 0.000137
0.938542 0.000007 0.000011 0.000001 0.000003 0.061297 0.000138
0.938509 0.000009 0.000010 0.000004 0.000003 0.061330 0.000136
0.938573 0.000007 0.000015 0.000001 0.000004 0.061263 0.000137
0.938552 0.000008 0.000012 0.000001 0.000003 0.061286 0.000138
0.938503 0.000013 0.000015 0.000003 0.000004 0.061328 0.000135
0.938562 0.000005 0.000007 0.000001 0.000004 0.061284 0.000137
0.938566 0.000003 0.000003 0.000001 0.000001 0.061291 0.000134
