0.999238 0.000487 0.000183 0.000088 0.000000 0.000003 0.000000
0.999135 0.000451 0.000108 0.000027 0.000001 0.000278 0.000000
0.998780 0.000749 0.000179 0.000054 0.000001 0.000237 0.000000
0.998393 0.001015 0.000239 0.000087 0.000000 0.000267 0.000000
0.998085 0.001186 0.000278 0.000102 0.000001 0.000348 0.000000
0.997685 0.001463 0.000345 0.000125 0.000001 0.000380 0.000000
0.997238 0.001790 0.000411 0.000159 0.000001 0.000401 0.000000
0.996479 0.002354 0.000508 0.000198 0.000000 0.000462 0.000000
0.995359 0.003228 0.000652 0.000273 0.000000 0.000489 0.000000
0.994158 0.004041 0.000891 0.000364 0.000000 0.000546 0.000000
0.992524 0.005137 0.001263 0.000460 0.000000 0.000616 0.000000
0.990830 0.006279 0.001516 0.000625 0.000000 0.000750 0.000000
0.988665 0.007700 0.001939 0.000778 0.000000 0.000918 0.000000
0.985866 0.009554 0.002416 0.001023 0.000000 0.001140 0.000000
0.982835 0.011519 0.002951 0.001282 0.000003 0.001410 0.000000
0.979510 0.013497 0.003649 0.001641 0.000009 0.001694 0.000000
0.976394 0.015452 0.004230 0.001955 0.000008 0.001961 0.000000
0.971086 0.018822 0.005230 0.002363 0.000013 0.002486 0.000000
0.966145 0.021853 0.006066 0.002880 0.000013 0.003043 0.000000
0.962163 0.024193 0.006694 0.003368 0.000012 0.003570 0.000000
0.955780 0.027950 0.007941 0.004065 0.000011 0.004253 0.000000
0.949813 0.031206 0.009206 0.004708 0.000017 0.005050 0.000000
0.941730 0.035774 0.010819 0.005497 0.000020 0.006162 0.000000
0.935994 0.038830 0.012097 0.006034 0.000020 0.007025 0.000000
0.927349 0.043669 0.013799 0.006868 0.000023 0.008292 0.000000
0.920338 0.047512 0.015119 0.007636 0.000026 0.009370 0.000000
0.911393 0.052266 0.016860 0.008600 0.000030 0.010851 0.000000
0.901208 0.057514 0.018977 0.009728 0.000043 0.012531 0.000000
0.893644 0.060920 0.020661 0.010602 0.000050 0.014123 0.000000
0.884401 0.065340 0.022684 0.011625 0.000052 0.015897 0.000000
0.873159 0.070344 0.025154 0.012966 0.000058 0.018319 0.000000
0.864430 0.073926 0.027156 0.014108 0.000069 0.020311 0.000000
0.854240 0.077912 0.029651 0.015363 0.000073 0.022760 0.000001
0.844076 0.082121 0.032022 0.016455 0.000085 0.025240 0.000002
0.834324 0.085700 0.034469 0.017642 0.000089 0.027773 0.000003
0.824946 0.088997 0.036696 0.018789 0.000091 0.030476 0.000005
0.813608 0.093018 0.039466 0.020169 0.000090 0.033644 0.000006
0.802147 0.096921 0.042085 0.021677 0.000099 0.037065 0.000006
0.792383 0.099949 0.044454 0.022951 0.000105 0.040153 0.000006
0.781656 0.103141 0.047054 0.024399 0.000111 0.043633 0.000006
0.772119 0.105427 0.049514 0.025622 0.000132 0.047180 0.000006
0.761346 0.107756 0.052308 0.027040 0.000151 0.051393 0.000006
0.752675 0.109347 0.054337 0.028122 0.000168 0.055344 0.000007
0.742750 0.111330 0.056853 0.029470 0.000194 0.059396 0.000007
0.733539 0.112627 0.059048 0.030649 0.000204 0.063925 0.000007
0.724957 0.113811 0.061186 0.031764 0.000216 0.068057 0.000009
0.714097 0.115219 0.063861 0.033177 0.000229 0.073404 0.000012
0.706706 0.115750 0.065649 0.034028 0.000246 0.077610 0.000012
0.697552 0.116348 0.067661 0.035224 0.000257 0.082947 0.000011
0.689046 0.116841 0.069534 0.036351 0.000278 0.087941 0.000011
0.680214 0.117319 0.071390 0.037265 0.000290 0.093510 0.000011
0.673050 0.116599 0.072881 0.038223 0.000304 0.098930 0.000012
0.665512 0.116324 0.074238 0.039081 0.000336 0.104495 0.000014
0.658240 0.116007 0.075682 0.039868 0.000340 0.109846 0.000017
0.652129 0.115091 0.076953 0.040374 0.000355 0.115080 0.000018
0.645956 0.114155 0.077990 0.040914 0.000369 0.120597 0.000019
0.638201 0.113749 0.079422 0.041604 0.000374 0.126632 0.000020
0.631931 0.112766 0.080255 0.042188 0.000386 0.132454 0.000021
0.626455 0.111843 0.080880 0.042544 0.000390 0.137868 0.000020
0.619658 0.110697 0.081965 0.043129 0.000402 0.144125 0.000024
0.614938 0.109071 0.082538 0.043450 0.000427 0.149552 0.000025
0.610036 0.107513 0.082952 0.043762 0.000431 0.155281 0.000025
0.605172 0.105973 0.083356 0.044035 0.000428 0.161010 0.000026
0.600164 0.104566 0.083800 0.044412 0.000447 0.166585 0.000025
0.594891 0.102362 0.084128 0.044556 0.000463 0.173575 0.000026
0.591549 0.100717 0.084310 0.044491 0.000490 0.178417 0.000026
0.586612 0.098837 0.084425 0.044579 0.000500 0.185020 0.000027
0.583502 0.097224 0.083969 0.044380 0.000511 0.190388 0.000027
0.580564 0.095636 0.083778 0.044334 0.000525 0.195135 0.000028
0.575882 0.093370 0.083746 0.044359 0.000551 0.202064 0.000027
0.574966 0.091604 0.082972 0.043905 0.000565 0.205958 0.000029
0.570724 0.089944 0.082873 0.043711 0.000584 0.212132 0.000033
0.568915 0.088050 0.082428 0.043440 0.000590 0.216541 0.000035
0.566754 0.086090 0.081864 0.043134 0.000619 0.221502 0.000037
0.564393 0.084354 0.081257 0.042626 0.000641 0.226692 0.000037
0.563682 0.083004 0.080506 0.042081 0.000626 0.230060 0.000040
0.562301 0.080973 0.079572 0.041562 0.000649 0.234901 0.000042
0.559429 0.079615 0.079018 0.041333 0.000653 0.239909 0.000043
0.558436 0.077761 0.077995 0.040794 0.000664 0.244300 0.000050
0.558706 0.076333 0.077118 0.040273 0.000663 0.246856 0.000051
0.556605 0.074742 0.076249 0.039949 0.000676 0.251727 0.000052
0.556093 0.073332 0.075194 0.039470 0.000690 0.255169 0.000052
0.554996 0.071968 0.074302 0.038982 0.000700 0.258993 0.000058
0.554844 0.070869 0.073334 0.038458 0.000682 0.261754 0.000059
0.555270 0.069728 0.072115 0.037983 0.000683 0.264161 0.000060
0.553832 0.068327 0.071165 0.037592 0.000682 0.268336 0.000065
0.553829 0.067171 0.070115 0.037027 0.000685 0.271110 0.000064
0.553078 0.066199 0.069219 0.036525 0.000685 0.274227 0.000067
0.553175 0.065269 0.068130 0.036056 0.000687 0.276616 0.000067
0.552420 0.063845 0.067099 0.035700 0.000689 0.280174 0.000072
0.553490 0.063163 0.066162 0.035225 0.000686 0.281195 0.000079
0.553334 0.061906 0.065267 0.034671 0.000686 0.284060 0.000077
0.552399 0.061001 0.064547 0.034236 0.000685 0.287048 0.000083
0.551116 0.059946 0.063914 0.033787 0.000694 0.290458 0.000085
0.551683 0.058994 0.063024 0.033400 0.000683 0.292125 0.000092
0.552063 0.058229 0.062190 0.032788 0.000689 0.293948 0.000094
0.551102 0.057462 0.061394 0.032538 0.000689 0.296718 0.000098
0.550617 0.056351 0.060750 0.032113 0.000696 0.299374 0.000099
0.550637 0.055328 0.059958 0.031687 0.000686 0.301601 0.000102
0.551734 0.054682 0.059143 0.031356 0.000681 0.302301 0.000103
0.551329 0.053585 0.058142 0.030827 0.000674 0.305337 0.000106
0.551292 0.052651 0.057410 0.030271 0.000660 0.307608 0.000108
0.551767 0.052076 0.056882 0.030035 0.000655 0.308477 0.000108
0.550241 0.050451 0.055818 0.029378 0.000661 0.313340 0.000110
0.551821 0.050345 0.055178 0.029046 0.000662 0.312837 0.000112
0.551219 0.049283 0.054617 0.028709 0.000673 0.315392 0.000107
0.552023 0.048201 0.053724 0.028250 0.000657 0.317033 0.000112
0.552452 0.047269 0.052900 0.027858 0.000651 0.318753 0.000117
0.553180 0.046762 0.051991 0.027493 0.000644 0.319807 0.000121
0.553588 0.045626 0.051100 0.026951 0.000637 0.321976 0.000121
0.554791 0.044959 0.050277 0.026595 0.000630 0.322627 0.000121
0.554855 0.044047 0.049503 0.026160 0.000617 0.324690 0.000128
0.556031 0.043169 0.048871 0.025725 0.000623 0.325455 0.000126
0.556568 0.042545 0.048176 0.025366 0.000608 0.326608 0.000129
0.557440 0.041823 0.047305 0.024802 0.000614 0.327892 0.000125
0.558819 0.041222 0.046700 0.024389 0.000626 0.328119 0.000124
0.559867 0.040348 0.045936 0.023978 0.000641 0.329107 0.000125
0.561362 0.039245 0.045145 0.023578 0.000632 0.329908 0.000131
0.562618 0.038571 0.044636 0.023298 0.000634 0.330109 0.000133
0.563897 0.038082 0.043748 0.022798 0.000626 0.330715 0.000134
0.565466 0.037068 0.042722 0.022278 0.000613 0.331710 0.000143
0.566680 0.036206 0.041926 0.021894 0.000601 0.332548 0.000144
0.568601 0.035604 0.041429 0.021654 0.000584 0.331975 0.000152
0.570932 0.034660 0.040386 0.021203 0.000577 0.332094 0.000148
0.572770 0.034052 0.040137 0.021008 0.000568 0.331304 0.000160
0.575742 0.032565 0.039026 0.020304 0.000561 0.331648 0.000155
0.578742 0.031214 0.038296 0.019710 0.000563 0.331315 0.000161
0.581345 0.029810 0.037865 0.019324 0.000567 0.330931 0.000158
0.584787 0.028328 0.037006 0.018716 0.000560 0.330439 0.000163
0.588571 0.026655 0.036022 0.018018 0.000537 0.330026 0.000171
0.591533 0.025603 0.035614 0.017587 0.000541 0.328953 0.000168
0.595577 0.023947 0.034605 0.016869 0.000531 0.328299 0.000172
0.599217 0.022651 0.033570 0.016288 0.000512 0.327589 0.000175
0.603821 0.021304 0.032740 0.015792 0.000502 0.325666 0.000175
0.606967 0.020052 0.031820 0.015149 0.000505 0.325334 0.000173
0.611565 0.018638 0.030395 0.014281 0.000505 0.324436 0.000180
0.615334 0.017646 0.029710 0.013807 0.000507 0.322819 0.000178
0.619432 0.016606 0.028968 0.013231 0.000504 0.321079 0.000179
0.623896 0.015705 0.027919 0.012691 0.000486 0.319117 0.000186
0.627934 0.014741 0.027044 0.012254 0.000480 0.317366 0.000180
0.631849 0.013807 0.026042 0.011687 0.000478 0.315952 0.000184
0.636048 0.012914 0.024828 0.011149 0.000473 0.314404 0.000184
0.639542 0.012035 0.024198 0.010653 0.000457 0.312927 0.000188
0.644741 0.011221 0.023271 0.010057 0.000450 0.310072 0.000187
0.647636 0.010621 0.022213 0.009656 0.000454 0.309229 0.000191
0.651846 0.009908 0.021563 0.009236 0.000429 0.306830 0.000189
0.655673 0.009157 0.020603 0.008755 0.000426 0.305203 0.000182
0.662098 0.008455 0.019608 0.008309 0.000415 0.300931 0.000183
0.665366 0.007887 0.018928 0.007951 0.000417 0.299267 0.000185
0.668624 0.007458 0.018281 0.007722 0.000409 0.297316 0.000189
0.673309 0.006893 0.017244 0.007243 0.000404 0.294719 0.000187
0.677727 0.006415 0.016307 0.006886 0.000377 0.292094 0.000195
0.683357 0.006024 0.015716 0.006553 0.000374 0.287784 0.000192
0.686095 0.005549 0.015030 0.006279 0.000347 0.286499 0.000202
0.688805 0.005251 0.014414 0.006043 0.000329 0.284964 0.000194
0.693185 0.004905 0.013639 0.005682 0.000318 0.282071 0.000200
0.696932 0.004648 0.013009 0.005398 0.000305 0.279509 0.000200
0.700798 0.004355 0.012477 0.005178 0.000301 0.276690 0.000199
0.705559 0.004019 0.011711 0.004839 0.000294 0.273369 0.000209
0.709115 0.003738 0.011126 0.004667 0.000267 0.270880 0.000207
0.713779 0.003426 0.010498 0.004337 0.000277 0.267479 0.000204
0.716843 0.003194 0.010148 0.004208 0.000268 0.265129 0.000211
0.721109 0.002996 0.009549 0.003978 0.000257 0.261906 0.000205
0.724442 0.002848 0.009109 0.003749 0.000254 0.259386 0.000212
0.728768 0.002612 0.008587 0.003594 0.000245 0.255983 0.000211
0.732946 0.002414 0.008184 0.003347 0.000237 0.252676 0.000196
0.735843 0.002243 0.007730 0.003212 0.000222 0.250547 0.000203
0.740218 0.002088 0.007329 0.003017 0.000235 0.246918 0.000195
0.744156 0.001983 0.006870 0.002867 0.000223 0.243689 0.000213
0.747082 0.001861 0.006669 0.002753 0.000218 0.241213 0.000205
0.749850 0.001769 0.006291 0.002560 0.000207 0.239121 0.000202
0.753196 0.001627 0.005953 0.002430 0.000201 0.236383 0.000210
0.758731 0.001498 0.005606 0.002291 0.000197 0.231473 0.000204
0.760139 0.001397 0.005301 0.002123 0.000188 0.230647 0.000205
0.765268 0.001300 0.005036 0.001974 0.000180 0.226036 0.000206
0.767023 0.001273 0.004790 0.001889 0.000184 0.224634 0.000208
0.769874 0.001146 0.004443 0.001772 0.000175 0.222388 0.000203
0.774794 0.001083 0.004196 0.001639 0.000163 0.217914 0.000210
0.777533 0.001005 0.004004 0.001558 0.000160 0.215523 0.000217
0.780692 0.000971 0.003845 0.001497 0.000161 0.212613 0.000220
0.783960 0.000917 0.003506 0.001379 0.000148 0.209875 0.000214
0.786983 0.000889 0.003345 0.001321 0.000135 0.207125 0.000202
0.789132 0.000853 0.003204 0.001238 0.000129 0.205233 0.000211
0.792577 0.000805 0.003047 0.001153 0.000135 0.202069 0.000215
0.795837 0.000757 0.002914 0.001077 0.000132 0.199066 0.000217
0.798609 0.000681 0.002701 0.001029 0.000125 0.196651 0.000204
0.802615 0.000662 0.002581 0.000976 0.000118 0.192838 0.000210
0.804299 0.000651 0.002487 0.000930 0.000111 0.191318 0.000205
0.807374 0.000583 0.002286 0.000873 0.000115 0.188564 0.000205
0.809340 0.000577 0.002166 0.000864 0.000101 0.186733 0.000219
0.812460 0.000561 0.002056 0.000770 0.000112 0.183822 0.000218
0.815681 0.000523 0.001901 0.000733 0.000111 0.180845 0.000207
0.817876 0.000534 0.001859 0.000709 0.000103 0.178699 0.000219
0.821096 0.000489 0.001740 0.000689 0.000101 0.175681 0.000202
0.823246 0.000453 0.001627 0.000651 0.000100 0.173727 0.000196
0.826076 0.000447 0.001586 0.000599 0.000102 0.170973 0.000217
0.828547 0.000425 0.001479 0.000582 0.000097 0.168651 0.000219
0.831948 0.000399 0.001389 0.000545 0.000094 0.165411 0.000213
0.833527 0.000369 0.001348 0.000529 0.000086 0.163937 0.000204
0.836355 0.000344 0.001233 0.000490 0.000092 0.161283 0.000203
0.839026 0.000354 0.001185 0.000477 0.000078 0.158686 0.000194
0.842482 0.000339 0.001154 0.000454 0.000075 0.155307 0.000189
0.844741 0.000304 0.001091 0.000428 0.000067 0.153166 0.000203
0.845485 0.000295 0.001049 0.000413 0.000075 0.152494 0.000189
0.849188 0.000292 0.000973 0.000380 0.000068 0.148896 0.000203
0.851845 0.000286 0.000933 0.000362 0.000066 0.146320 0.000188
0.853412 0.000275 0.000895 0.000350 0.000064 0.144801 0.000203
0.855219 0.000238 0.000838 0.000330 0.000064 0.143108 0.000202
0.858742 0.000235 0.000819 0.000301 0.000058 0.139644 0.000202
0.859695 0.000234 0.000769 0.000315 0.000062 0.138734 0.000192
0.864402 0.000227 0.000730 0.000281 0.000058 0.134101 0.000201
0.864330 0.000222 0.000680 0.000257 0.000057 0.134251 0.000203
0.865868 0.000238 0.000659 0.000261 0.000056 0.132730 0.000189
0.869900 0.000228 0.000584 0.000237 0.000057 0.128795 0.000198
0.871430 0.000232 0.000598 0.000230 0.000056 0.127254 0.000200
0.873446 0.000220 0.000574 0.000225 0.000054 0.125293 0.000189
0.876363 0.000199 0.000544 0.000219 0.000047 0.122430 0.000199
0.878829 0.000151 0.000527 0.000208 0.000034 0.120079 0.000172
0.881575 0.000164 0.000494 0.000199 0.000041 0.117355 0.000171
0.882578 0.000165 0.000468 0.000204 0.000038 0.116345 0.000203
0.884062 0.000157 0.000469 0.000200 0.000036 0.114897 0.000180
0.885740 0.000147 0.000448 0.000191 0.000036 0.113266 0.000172
0.886673 0.000133 0.000417 0.000176 0.000040 0.112384 0.000179
0.891086 0.000134 0.000386 0.000161 0.000038 0.108030 0.000165
0.892870 0.000119 0.000368 0.000161 0.000039 0.106263 0.000180
0.896003 0.000133 0.000381 0.000152 0.000029 0.103119 0.000182
0.896233 0.000113 0.000341 0.000136 0.000035 0.102969 0.000173
0.898456 0.000110 0.000307 0.000139 0.000035 0.100783 0.000170
0.899091 0.000095 0.000318 0.000124 0.000030 0.100165 0.000178
0.901728 0.000102 0.000281 0.000124 0.000025 0.097562 0.000179
0.902764 0.000095 0.000291 0.000123 0.000025 0.096526 0.000176
0.905725 0.000090 0.000268 0.000125 0.000025 0.093611 0.000157
0.906452 0.000099 0.000285 0.000118 0.000030 0.092845 0.000171
0.907169 0.000107 0.000269 0.000104 0.000030 0.092160 0.000162
0.909410 0.000109 0.000234 0.000094 0.000024 0.089957 0.000172
0.911715 0.000104 0.000236 0.000081 0.000023 0.087669 0.000171
0.911438 0.000098 0.000225 0.000085 0.000024 0.087963 0.000167
0.915380 0.000087 0.000211 0.000068 0.000019 0.084079 0.000156
0.916856 0.000089 0.000207 0.000073 0.000019 0.082595 0.000161
0.916454 0.000080 0.000199 0.000071 0.000015 0.083020 0.000161
0.918073 0.000082 0.000191 0.000079 0.000014 0.081400 0.000161
0.919145 0.000067 0.000187 0.000070 0.000013 0.080355 0.000162
0.918029 0.000092 0.000185 0.000076 0.000012 0.081457 0.000149
0.921187 0.000063 0.000166 0.000071 0.000012 0.078365 0.000136
0.923217 0.000045 0.000156 0.000056 0.000012 0.076373 0.000140
0.923652 0.000065 0.000152 0.000057 0.000012 0.075922 0.000142
0.923322 0.000069 0.000150 0.000061 0.000010 0.076253 0.000135
0.925653 0.000049 0.000130 0.000051 0.000010 0.073963 0.000144
0.925998 0.000049 0.000125 0.000049 0.000012 0.073624 0.000142
0.926252 0.000050 0.000116 0.000048 0.000014 0.073383 0.000137
0.926570 0.000066 0.000123 0.000053 0.000010 0.073037 0.000142
0.927309 0.000054 0.000117 0.000051 0.000008 0.072322 0.000140
0.928890 0.000037 0.000098 0.000043 0.000015 0.070774 0.000142
0.929866 0.000043 0.000090 0.000049 0.000007 0.069805 0.000141
0.929825 0.000040 0.000101 0.000046 0.000013 0.069835 0.000140
0.930507 0.000045 0.000085 0.000049 0.000007 0.069168 0.000139
0.931306 0.000038 0.000081 0.000038 0.000012 0.068378 0.000147
0.931961 0.000031 0.000071 0.000042 0.000008 0.067747 0.000140
0.931912 0.000030 0.000074 0.000044 0.000006 0.067790 0.000143
0.931946 0.000024 0.000086 0.000032 0.000009 0.067759 0.000144
0.933318 0.000025 0.000062 0.000030 0.000007 0.066417 0.000142
0.933980 0.000027 0.000061 0.000026 0.000006 0.065758 0.000142
0.933905 0.000023 0.000065 0.000023 0.000004 0.065846 0.000135
0.934812 0.000018 0.000062 0.000026 0.000003 0.064947 0.000132
0.934939 0.000018 0.000056 0.000021 0.000009 0.064824 0.000133
0.935469 0.000014 0.000052 0.000019 0.000003 0.064316 0.000127
0.935900 0.000012 0.000042 0.000024 0.000003 0.063886 0.000131
0.935764 0.000015 0.000047 0.000022 0.000003 0.064013 0.000136
0.936136 0.000016 0.000034 0.000023 0.000004 0.063657 0.000130
0.936283 0.000018 0.000036 0.000021 0.000002 0.063505 0.000134
0.936577 0.000019 0.000042 0.000014 0.000002 0.063215 0.000130
0.936690 0.000017 0.000031 0.000016 0.000003 0.063120 0.000124
0.937046 0.000015 0.000021 0.000021 0.000005 0.062766 0.000128
0.936907 0.000015 0.000030 0.000016 0.000003 0.062895 0.000133
0.937124 0.000010 0.000032 0.000019 0.000001 0.062683 0.000130
0.937417 0.000015 0.000026 0.000015 0.000004 0.062396 0.000127
0.937407 0.000012 0.000025 0.000027 0.000001 0.062400 0.000129
0.938072 0.000005 0.000016 0.000016 0.000001 0.061766 0.000124
0.937958 0.000005 0.000022 0.000016 0.000001 0.061874 0.000124
0.937697 0.000006 0.000025 0.000020 0.000001 0.062115 0.000134
0.938133 0.000013 0.000023 0.000011 0.000003 0.061698 0.000119
0.937843 0.000018 0.000021 0.000015 0.000002 0.061971 0.000129
0.938283 0.000009 0.000019 0.000010 0.000002 0.061549 0.000127
0.938273 0.000008 0.000019 0.000013 0.000001 0.061557 0.000130
0.938380 0.000010 0.000014 0.000011 0.000001 0.061454 0.000130
0.938314 0.000007 0.000012 0.000013 0.000002 0.061524 0.000128
0.938377 0.000007 0.000014 0.000012 0.000003 0.061459 0.000128
0.938569 0.000007 0.000017 0.000011 0.000001 0.061269 0.000125
0.938546 0.000008 0.000013 0.000010 0.000002 0.061292 0.000128
0.938597 0.000013 0.000017 0.000012 0.000002 0.061238 0.000121
0.938619 0.000009 0.000014 0.000008 0.000001 0.061225 0.000125
0.938595 0.000005 0.000016 0.000011 0.000000 0.061252 0.000121
0.938687 0.000007 0.000011 0.000009 0.000000 0.061163 0.000122
0.938806 0.000009 0.000011 0.000007 0.000000 0.061043 0.000125
0.938708 0.000008 0.000012 0.000011 0.000000 0.061142 0.000120
0.938769 0.000011 0.000010 0.000013 0.000000 0.061077 0.000120
0.938816 0.000007 0.000007 0.000005 0.000000 0.061044 0.000121
0.938814 0.000012 0.000012 0.000004 0.000000 0.061033 0.000123
0.938877 0.000012 0.000012 0.000004 0.000000 0.060974 0.000121
0.938876 0.000003 0.000004 0.000002 0.000000 0.060993 0.000122
