0.999243 0.000485 0.000185 0.000084 0.000000 0.000003 0.000000
0.999139 0.000454 0.000103 0.000027 0.000000 0.000276 0.000000
0.998758 0.000771 0.000187 0.000061 0.000001 0.000222 0.000000
0.998363 0.001057 0.000236 0.000089 0.000001 0.000254 0.000000
0.998080 0.001237 0.000251 0.000106 0.000001 0.000325 0.000000
0.997606 0.001551 0.000363 0.000155 0.000001 0.000324 0.000000
0.997003 0.001996 0.000437 0.000193 0.000002 0.000368 0.000000
0.996074 0.002679 0.000585 0.000241 0.000001 0.000420 0.000000
0.994929 0.003538 0.000749 0.000319 0.000000 0.000465 0.000000
0.993780 0.004237 0.001009 0.000439 0.000000 0.000535 0.000000
0.992055 0.005438 0.001340 0.000548 0.000000 0.000619 0.000000
0.990013 0.006705 0.001719 0.000774 0.000000 0.000789 0.000000
0.987693 0.008249 0.002126 0.000935 0.000000 0.000996 0.000000
0.985263 0.009853 0.002487 0.001166 0.000000 0.001231 0.000000
0.982145 0.011878 0.003028 0.001444 0.000002 0.001503 0.000000
0.978364 0.014268 0.003740 0.001782 0.000006 0.001839 0.000000
0.975221 0.016089 0.004447 0.002095 0.000008 0.002141 0.000000
0.970260 0.019121 0.005384 0.002551 0.000010 0.002674 0.000000
0.966505 0.021241 0.006066 0.002972 0.000008 0.003207 0.000000
0.960792 0.024737 0.007000 0.003560 0.000014 0.003897 0.000000
0.954319 0.028504 0.008299 0.004208 0.000012 0.004657 0.000000
0.947804 0.032144 0.009563 0.004918 0.000015 0.005556 0.000000
0.942187 0.035381 0.010622 0.005474 0.000021 0.006315 0.000000
0.934425 0.039545 0.012218 0.006409 0.000027 0.007375 0.000000
0.927801 0.043021 0.013625 0.007048 0.000031 0.008474 0.000000
0.919937 0.047240 0.015134 0.007901 0.000033 0.009754 0.000000
0.911677 0.051568 0.016895 0.008669 0.000037 0.011154 0.000000
0.900958 0.057064 0.019256 0.009766 0.000052 0.012905 0.000000
0.893531 0.060557 0.020759 0.010699 0.000059 0.014395 0.000000
0.882954 0.065592 0.023040 0.011761 0.000071 0.016581 0.000000
0.873958 0.069506 0.024991 0.012919 0.000070 0.018556 0.000000
0.866059 0.072921 0.026777 0.013919 0.000078 0.020248 0.000000
0.854985 0.077436 0.029313 0.015284 0.000083 0.022899 0.000000
0.844831 0.081629 0.031589 0.016354 0.000093 0.025505 0.000000
0.835185 0.085173 0.034007 0.017521 0.000102 0.028012 0.000000
0.825225 0.088486 0.036564 0.018892 0.000106 0.030726 0.000001
0.814335 0.092390 0.039315 0.020166 0.000109 0.033682 0.000002
0.805763 0.095071 0.041288 0.021241 0.000113 0.036522 0.000002
0.794707 0.098446 0.043892 0.022741 0.000128 0.040083 0.000004
0.785389 0.101093 0.046094 0.024077 0.000145 0.043198 0.000004
0.774027 0.103843 0.049082 0.025529 0.000168 0.047345 0.000004
0.764006 0.106083 0.051608 0.026844 0.000178 0.051276 0.000005
0.756480 0.107598 0.053522 0.027633 0.000177 0.054584 0.000006
0.746723 0.109625 0.055974 0.028852 0.000189 0.058631 0.000007
0.737797 0.110868 0.058171 0.029885 0.000199 0.063072 0.000008
0.728262 0.112742 0.060321 0.030958 0.000208 0.067500 0.000008
0.718243 0.114071 0.062584 0.032261 0.000229 0.072602 0.000010
0.711385 0.114355 0.064448 0.033018 0.000243 0.076542 0.000010
0.701665 0.115011 0.066699 0.034200 0.000260 0.082156 0.000009
0.695597 0.115004 0.068049 0.034916 0.000276 0.086149 0.000009
0.686333 0.115790 0.069993 0.036021 0.000306 0.091549 0.000009
0.678580 0.115196 0.071562 0.036960 0.000314 0.097378 0.000009
0.671108 0.115533 0.073004 0.037848 0.000334 0.102162 0.000011
0.664166 0.115008 0.074503 0.038724 0.000348 0.107236 0.000015
0.657906 0.114345 0.075617 0.039344 0.000377 0.112395 0.000016
0.650460 0.113713 0.076965 0.040010 0.000379 0.118454 0.000019
0.643852 0.113531 0.078023 0.040687 0.000389 0.123499 0.000020
0.637472 0.112736 0.079032 0.041175 0.000402 0.129163 0.000020
0.632773 0.112074 0.079732 0.041552 0.000409 0.133441 0.000019
0.626096 0.110931 0.080735 0.042016 0.000413 0.139788 0.000021
0.620441 0.109725 0.081290 0.042450 0.000429 0.145642 0.000022
0.615912 0.108389 0.081777 0.042862 0.000443 0.150595 0.000022
0.609434 0.106798 0.082593 0.043416 0.000455 0.157281 0.000023
0.605086 0.105425 0.082960 0.043662 0.000471 0.162372 0.000024
0.599399 0.103727 0.083287 0.043889 0.000481 0.169191 0.000026
0.595110 0.102334 0.083628 0.043929 0.000506 0.174466 0.000028
0.592075 0.100993 0.083769 0.043859 0.000508 0.178769 0.000028
0.587503 0.099229 0.083727 0.043858 0.000517 0.185136 0.000029
0.583965 0.097533 0.083692 0.044021 0.000524 0.190233 0.000032
0.579582 0.095882 0.083800 0.044053 0.000536 0.196116 0.000031
0.577534 0.094186 0.083150 0.043666 0.000539 0.200891 0.000034
0.573790 0.092787 0.082981 0.043450 0.000559 0.206396 0.000037
0.571696 0.090790 0.082349 0.043185 0.000566 0.211378 0.000036
0.568679 0.088767 0.082180 0.042970 0.000581 0.216784 0.000038
0.565192 0.086906 0.081973 0.042860 0.000596 0.222432 0.000039
0.563034 0.085131 0.081489 0.042559 0.000602 0.227139 0.000046
0.561006 0.083817 0.080681 0.042018 0.000611 0.231819 0.000047
0.559238 0.082382 0.080095 0.041837 0.000624 0.235774 0.000049
0.556989 0.080768 0.079139 0.041477 0.000639 0.240933 0.000055
0.555115 0.079116 0.078428 0.041164 0.000667 0.245453 0.000057
0.553568 0.077268 0.077741 0.041034 0.000671 0.249655 0.000061
0.552508 0.076137 0.076830 0.040650 0.000695 0.253124 0.000056
0.550376 0.074229 0.076078 0.040294 0.000698 0.258265 0.000060
0.550120 0.073054 0.075179 0.039842 0.000710 0.261036 0.000058
0.549594 0.071552 0.073879 0.039373 0.000706 0.264833 0.000063
0.548062 0.070392 0.073102 0.038947 0.000710 0.268723 0.000064
0.546510 0.068483 0.072060 0.038499 0.000713 0.273671 0.000066
0.545257 0.066852 0.071075 0.037954 0.000716 0.278079 0.000068
0.546647 0.066586 0.070186 0.037500 0.000714 0.278294 0.000073
0.545043 0.065118 0.069357 0.037014 0.000719 0.282667 0.000083
0.544677 0.064010 0.068396 0.036452 0.000720 0.285660 0.000085
0.544414 0.062744 0.067447 0.035788 0.000730 0.288794 0.000083
0.543695 0.061142 0.066636 0.035353 0.000732 0.292357 0.000086
0.544147 0.060425 0.065914 0.035024 0.000744 0.293659 0.000088
0.542999 0.058971 0.064981 0.034655 0.000734 0.297567 0.000093
0.544164 0.057851 0.063809 0.033931 0.000732 0.299420 0.000093
0.543506 0.056653 0.063007 0.033694 0.000734 0.302309 0.000097
0.544635 0.055198 0.061877 0.033111 0.000734 0.304345 0.000100
0.544266 0.053762 0.061044 0.032646 0.000732 0.307449 0.000101
0.545368 0.052868 0.060307 0.032071 0.000728 0.308555 0.000102
0.545879 0.051642 0.059131 0.031525 0.000714 0.311003 0.000107
0.546505 0.050976 0.058324 0.031248 0.000713 0.312121 0.000113
0.547220 0.050035 0.057145 0.030637 0.000698 0.314161 0.000103
0.548423 0.048720 0.055952 0.029850 0.000709 0.316239 0.000107
0.547935 0.047700 0.055213 0.029374 0.000710 0.318953 0.000114
0.549462 0.047282 0.054407 0.029053 0.000709 0.318976 0.000112
0.550945 0.046477 0.053335 0.028476 0.000685 0.319968 0.000114
0.551776 0.045859 0.052351 0.027899 0.000697 0.321296 0.000124
0.552462 0.045204 0.051490 0.027343 0.000702 0.322669 0.000129
0.553508 0.044687 0.050707 0.026888 0.000700 0.323385 0.000125
0.554811 0.043640 0.049697 0.026439 0.000685 0.324603 0.000126
0.555450 0.042762 0.048684 0.025894 0.000670 0.326411 0.000130
0.556792 0.042808 0.048354 0.025656 0.000670 0.325587 0.000133
0.557085 0.041767 0.047488 0.025193 0.000647 0.327686 0.000134
0.558081 0.041063 0.046505 0.024661 0.000663 0.328895 0.000132
0.560183 0.040646 0.046000 0.024366 0.000653 0.328016 0.000136
0.560749 0.039889 0.045306 0.023971 0.000661 0.329288 0.000136
0.561203 0.038699 0.044273 0.023312 0.000655 0.331717 0.000142
0.562608 0.038537 0.043891 0.023101 0.000644 0.331077 0.000143
0.563391 0.038198 0.043312 0.022821 0.000647 0.331485 0.000146
0.565462 0.037015 0.041902 0.022041 0.000640 0.332780 0.000159
0.565881 0.036866 0.041832 0.021966 0.000646 0.332653 0.000155
0.567731 0.036317 0.040887 0.021391 0.000620 0.332896 0.000159
0.569415 0.035527 0.040465 0.021158 0.000615 0.332659 0.000161
0.572034 0.034302 0.039648 0.020552 0.000614 0.332684 0.000167
0.573679 0.032836 0.038996 0.020232 0.000586 0.333502 0.000169
0.577854 0.031788 0.038253 0.019542 0.000584 0.331804 0.000174
0.580310 0.030378 0.037493 0.019028 0.000580 0.332039 0.000172
0.583482 0.028735 0.036774 0.018585 0.000584 0.331663 0.000176
0.587167 0.027116 0.035822 0.018010 0.000565 0.331144 0.000176
0.590250 0.025966 0.035307 0.017520 0.000558 0.330226 0.000174
0.593568 0.024606 0.034643 0.016981 0.000552 0.329470 0.000179
0.597733 0.023374 0.033753 0.016373 0.000539 0.328044 0.000185
0.601293 0.021957 0.032855 0.015713 0.000524 0.327472 0.000188
0.604437 0.020685 0.032100 0.015221 0.000528 0.326842 0.000187
0.608271 0.019504 0.031209 0.014643 0.000511 0.325676 0.000187
0.612071 0.018341 0.030339 0.014075 0.000519 0.324463 0.000192
0.616354 0.017293 0.029334 0.013434 0.000514 0.322878 0.000193
0.619772 0.016269 0.028334 0.013020 0.000505 0.321906 0.000193
0.624224 0.015084 0.027170 0.012361 0.000494 0.320475 0.000192
0.628211 0.014349 0.026572 0.011937 0.000490 0.318247 0.000194
0.632132 0.013408 0.025492 0.011465 0.000481 0.316819 0.000203
0.636155 0.012654 0.024619 0.010929 0.000463 0.314978 0.000201
0.640888 0.011749 0.023543 0.010419 0.000463 0.312729 0.000209
0.644551 0.011054 0.022803 0.010044 0.000453 0.310886 0.000209
0.648168 0.010437 0.022113 0.009682 0.000435 0.308959 0.000206
0.652595 0.009738 0.021242 0.009338 0.000427 0.306441 0.000218
0.657284 0.009177 0.020400 0.008892 0.000411 0.303625 0.000212
0.661016 0.008495 0.019481 0.008412 0.000401 0.301990 0.000205
0.666144 0.007933 0.018684 0.008015 0.000392 0.298614 0.000218
0.669794 0.007468 0.017862 0.007682 0.000374 0.296598 0.000221
0.673012 0.007083 0.017071 0.007295 0.000361 0.294961 0.000217
0.677343 0.006622 0.016215 0.006919 0.000356 0.292324 0.000222
0.680545 0.006285 0.015715 0.006624 0.000358 0.290242 0.000232
0.685429 0.005826 0.014965 0.006318 0.000344 0.286892 0.000224
0.688656 0.005471 0.014256 0.006059 0.000342 0.284981 0.000235
0.693031 0.005130 0.013668 0.005682 0.000330 0.281926 0.000233
0.696456 0.004817 0.013034 0.005501 0.000331 0.279633 0.000229
0.700475 0.004551 0.012343 0.005180 0.000312 0.276911 0.000229
0.704865 0.004260 0.011720 0.004860 0.000306 0.273762 0.000227
0.708539 0.004036 0.011180 0.004611 0.000293 0.271105 0.000237
0.711602 0.003874 0.010695 0.004405 0.000281 0.268918 0.000225
0.715954 0.003668 0.010239 0.004175 0.000268 0.265468 0.000228
0.720642 0.003381 0.009751 0.003942 0.000253 0.261802 0.000228
0.723034 0.003117 0.009213 0.003794 0.000249 0.260360 0.000233
0.726562 0.002944 0.008788 0.003613 0.000237 0.257631 0.000226
0.730623 0.002817 0.008356 0.003399 0.000237 0.254335 0.000233
0.735330 0.002606 0.007921 0.003166 0.000226 0.250521 0.000230
0.737864 0.002479 0.007499 0.003062 0.000221 0.248636 0.000238
0.741911 0.002357 0.007116 0.002886 0.000210 0.245284 0.000237
0.744953 0.002186 0.006849 0.002767 0.000198 0.242818 0.000229
0.747701 0.002059 0.006492 0.002602 0.000203 0.240710 0.000232
0.751980 0.001910 0.006086 0.002434 0.000206 0.237150 0.000234
0.755012 0.001870 0.005878 0.002382 0.000201 0.234431 0.000227
0.758714 0.001772 0.005597 0.002245 0.000181 0.231256 0.000234
0.762477 0.001669 0.005230 0.002068 0.000185 0.228141 0.000230
0.765104 0.001547 0.004951 0.001959 0.000181 0.226014 0.000243
0.768127 0.001472 0.004789 0.001848 0.000184 0.223338 0.000243
0.771207 0.001376 0.004546 0.001767 0.000164 0.220701 0.000239
0.774910 0.001328 0.004259 0.001722 0.000145 0.217404 0.000233
0.778639 0.001231 0.004020 0.001576 0.000153 0.214139 0.000241
0.782554 0.001127 0.003800 0.001511 0.000148 0.210623 0.000238
0.784105 0.001105 0.003619 0.001413 0.000156 0.209360 0.000243
0.787888 0.001023 0.003456 0.001360 0.000151 0.205884 0.000238
0.791268 0.000944 0.003186 0.001266 0.000122 0.202983 0.000230
0.794176 0.000919 0.003088 0.001234 0.000129 0.200225 0.000229
0.797470 0.000830 0.002845 0.001132 0.000126 0.197351 0.000246
0.799089 0.000812 0.002762 0.001106 0.000124 0.195875 0.000233
0.801800 0.000760 0.002674 0.001066 0.000120 0.193352 0.000230
0.804463 0.000750 0.002525 0.000989 0.000121 0.190924 0.000228
0.808719 0.000700 0.002351 0.000915 0.000113 0.186969 0.000233
0.810767 0.000662 0.002195 0.000868 0.000116 0.185167 0.000226
0.813232 0.000665 0.002181 0.000822 0.000111 0.182755 0.000234
0.815497 0.000626 0.001978 0.000759 0.000102 0.180801 0.000237
0.819681 0.000592 0.001856 0.000713 0.000109 0.176793 0.000256
0.821974 0.000578 0.001822 0.000704 0.000108 0.174592 0.000221
0.823421 0.000544 0.001727 0.000697 0.000105 0.173267 0.000239
0.826373 0.000528 0.001628 0.000648 0.000100 0.170481 0.000241
0.829430 0.000488 0.001543 0.000630 0.000090 0.167583 0.000237
0.830973 0.000503 0.001492 0.000604 0.000082 0.166106 0.000241
0.834690 0.000479 0.001373 0.000597 0.000088 0.162556 0.000219
0.836798 0.000459 0.001321 0.000552 0.000078 0.160556 0.000237
0.838594 0.000443 0.001252 0.000531 0.000073 0.158871 0.000237
0.841246 0.000425 0.001188 0.000505 0.000072 0.156333 0.000231
0.842820 0.000435 0.001184 0.000511 0.000069 0.154760 0.000220
0.845633 0.000391 0.001092 0.000481 0.000066 0.152108 0.000229
0.848269 0.000365 0.001026 0.000466 0.000076 0.149583 0.000215
0.849114 0.000370 0.000996 0.000471 0.000069 0.148751 0.000230
0.853206 0.000345 0.000935 0.000433 0.000063 0.144794 0.000223
0.856294 0.000313 0.000901 0.000401 0.000064 0.141775 0.000251
0.857950 0.000306 0.000902 0.000384 0.000065 0.140166 0.000228
0.859229 0.000300 0.000818 0.000406 0.000062 0.138950 0.000235
0.860504 0.000283 0.000757 0.000383 0.000058 0.137791 0.000223
0.863755 0.000285 0.000753 0.000382 0.000058 0.134548 0.000219
0.864057 0.000288 0.000730 0.000345 0.000046 0.134311 0.000222
0.867868 0.000243 0.000674 0.000303 0.000049 0.130617 0.000246
0.870671 0.000230 0.000631 0.000305 0.000046 0.127904 0.000214
0.872271 0.000227 0.000635 0.000304 0.000040 0.126303 0.000220
0.873551 0.000232 0.000609 0.000292 0.000036 0.125058 0.000223
0.875656 0.000215 0.000608 0.000283 0.000034 0.122991 0.000212
0.877525 0.000227 0.000568 0.000278 0.000030 0.121140 0.000233
0.879750 0.000252 0.000535 0.000259 0.000035 0.118951 0.000218
0.883080 0.000221 0.000498 0.000268 0.000035 0.115686 0.000213
0.884032 0.000206 0.000481 0.000266 0.000032 0.114763 0.000220
0.888207 0.000205 0.000469 0.000239 0.000032 0.110638 0.000210
0.888400 0.000217 0.000428 0.000235 0.000029 0.110474 0.000217
0.890594 0.000192 0.000419 0.000230 0.000028 0.108337 0.000200
0.892675 0.000207 0.000398 0.000193 0.000028 0.106278 0.000222
0.894689 0.000207 0.000403 0.000211 0.000029 0.104255 0.000206
0.896410 0.000171 0.000407 0.000181 0.000024 0.102612 0.000195
0.897971 0.000184 0.000394 0.000186 0.000021 0.101043 0.000201
0.900051 0.000166 0.000356 0.000182 0.000029 0.099010 0.000207
0.902120 0.000182 0.000318 0.000186 0.000026 0.096988 0.000180
0.902940 0.000161 0.000351 0.000176 0.000022 0.096158 0.000192
0.904008 0.000163 0.000343 0.000184 0.000017 0.095080 0.000205
0.905525 0.000155 0.000339 0.000155 0.000024 0.093604 0.000198
0.908817 0.000157 0.000299 0.000156 0.000023 0.090355 0.000193
0.910063 0.000148 0.000283 0.000140 0.000021 0.089156 0.000189
0.911029 0.000136 0.000281 0.000139 0.000019 0.088209 0.000187
0.910875 0.000139 0.000257 0.000147 0.000024 0.088380 0.000179
0.915048 0.000135 0.000248 0.000124 0.000020 0.084244 0.000181
0.915251 0.000115 0.000238 0.000124 0.000024 0.084066 0.000181
0.916205 0.000140 0.000246 0.000112 0.000018 0.083104 0.000174
0.917442 0.000127 0.000249 0.000104 0.000020 0.081891 0.000167
0.918544 0.000123 0.000211 0.000113 0.000024 0.080801 0.000184
0.918927 0.000136 0.000235 0.000101 0.000022 0.080403 0.000176
0.920052 0.000090 0.000191 0.000107 0.000021 0.079342 0.000197
0.922016 0.000103 0.000192 0.000104 0.000020 0.077390 0.000175
0.923251 0.000106 0.000193 0.000090 0.000019 0.076177 0.000163
0.924368 0.000108 0.000188 0.000078 0.000020 0.075082 0.000157
0.926361 0.000080 0.000155 0.000083 0.000019 0.073128 0.000174
0.926099 0.000092 0.000171 0.000084 0.000021 0.073369 0.000163
0.926157 0.000081 0.000163 0.000082 0.000024 0.073331 0.000162
0.928068 0.000076 0.000131 0.000078 0.000015 0.071461 0.000171
0.929286 0.000089 0.000138 0.000070 0.000018 0.070244 0.000156
0.929222 0.000071 0.000140 0.000064 0.000017 0.070324 0.000162
0.929046 0.000068 0.000148 0.000081 0.000013 0.070472 0.000172
0.930072 0.000067 0.000134 0.000053 0.000015 0.069484 0.000174
0.930930 0.000067 0.000143 0.000062 0.000012 0.068617 0.000170
0.932325 0.000059 0.000127 0.000047 0.000012 0.067268 0.000163
0.933021 0.000057 0.000113 0.000051 0.000010 0.066572 0.000176
0.932245 0.000071 0.000130 0.000045 0.000011 0.067333 0.000166
0.934119 0.000060 0.000103 0.000042 0.000010 0.065506 0.000160
0.934447 0.000061 0.000087 0.000040 0.000011 0.065188 0.000165
0.934658 0.000049 0.000089 0.000038 0.000009 0.064998 0.000158
0.935189 0.000053 0.000089 0.000036 0.000008 0.064472 0.000155
0.935135 0.000051 0.000097 0.000035 0.000005 0.064527 0.000149
0.936203 0.000051 0.000073 0.000031 0.000006 0.063477 0.000158
0.936576 0.000039 0.000084 0.000033 0.000008 0.063107 0.000153
0.936422 0.000029 0.000074 0.000031 0.000006 0.063272 0.000166
0.936061 0.000032 0.000084 0.000029 0.000005 0.063631 0.000158
0.935947 0.000046 0.000108 0.000035 0.000005 0.063701 0.000157
0.936866 0.000038 0.000091 0.000029 0.000004 0.062819 0.000151
0.937257 0.000030 0.000073 0.000030 0.000006 0.062448 0.000157
0.937650 0.000032 0.000073 0.000033 0.000004 0.062054 0.000154
0.938152 0.000019 0.000078 0.000030 0.000003 0.061568 0.000150
0.938169 0.000020 0.000064 0.000030 0.000005 0.061561 0.000151
0.938083 0.000031 0.000067 0.000028 0.000006 0.061635 0.000149
0.938768 0.000021 0.000055 0.000028 0.000003 0.060974 0.000152
0.938583 0.000029 0.000061 0.000037 0.000003 0.061139 0.000147
0.938524 0.000024 0.000069 0.000032 0.000006 0.061184 0.000160
0.939194 0.000016 0.000039 0.000026 0.000006 0.060568 0.000152
0.939300 0.000015 0.000046 0.000025 0.000003 0.060461 0.000150
0.938782 0.000019 0.000053 0.000022 0.000007 0.060965 0.000153
0.939504 0.000027 0.000049 0.000019 0.000002 0.060245 0.000153
0.939339 0.000020 0.000038 0.000020 0.000002 0.060429 0.000152
0.939720 0.000025 0.000038 0.000016 0.000002 0.060052 0.000147
0.939912 0.000021 0.000032 0.000013 0.000003 0.059876 0.000143
0.939834 0.000022 0.000044 0.000013 0.000002 0.059939 0.000146
0.940311 0.000010 0.000035 0.000010 0.000002 0.059487 0.000145
0.939997 0.000010 0.000030 0.000008 0.000001 0.059806 0.000148
0.940344 0.000010 0.000033 0.000013 0.000003 0.059454 0.000144
0.940236 0.000023 0.000036 0.000007 0.000004 0.059550 0.000144
0.940407 0.000012 0.000022 0.000006 0.000002 0.059405 0.000145
0.940272 0.000025 0.000035 0.000004 0.000003 0.059517 0.000145
0.940435 0.000019 0.000026 0.000007 0.000004 0.059362 0.000148
0.940461 0.000022 0.000027 0.000002 0.000002 0.059344 0.000142
0.940619 0.000021 0.000024 0.000004 0.000002 0.059187 0.000143
0.940691 0.000013 0.000021 0.000001 0.000002 0.059127 0.000145
0.940814 0.000007 0.000009 0.000001 0.000001 0.059028 0.000140
