0.999243 0.000482 0.000186 0.000083 0.000000 0.000006 0.000000
0.999135 0.000456 0.000105 0.000027 0.000001 0.000276 0.000000
0.998735 0.000795 0.000180 0.000064 0.000000 0.000226 0.000000
0.998480 0.000934 0.000239 0.000088 0.000000 0.000258 0.000000
0.998223 0.001081 0.000254 0.000114 0.000002 0.000327 0.000000
0.997654 0.001504 0.000356 0.000150 0.000002 0.000334 0.000000
0.997194 0.001799 0.000429 0.000198 0.000001 0.000379 0.000000
0.996605 0.002242 0.000511 0.000214 0.000001 0.000427 0.000000
0.995646 0.002938 0.000687 0.000276 0.000003 0.000450 0.000000
0.994298 0.003914 0.000904 0.000382 0.000002 0.000500 0.000000
0.992612 0.005124 0.001170 0.000501 0.000004 0.000590 0.000000
0.990747 0.006440 0.001439 0.000644 0.000003 0.000727 0.000000
0.988325 0.007985 0.001956 0.000828 0.000002 0.000903 0.000000
0.986095 0.009415 0.002320 0.001094 0.000003 0.001073 0.000000
0.983038 0.011349 0.002901 0.001347 0.000008 0.001356 0.000000
0.979331 0.013671 0.003617 0.001712 0.000007 0.001659 0.000003
0.976365 0.015388 0.004323 0.001949 0.000009 0.001965 0.000002
0.970975 0.018833 0.005371 0.002327 0.000010 0.002482 0.000003
0.965950 0.021806 0.006285 0.002834 0.000016 0.003107 0.000002
0.961291 0.024561 0.007057 0.003390 0.000014 0.003684 0.000003
0.955541 0.027909 0.008099 0.004062 0.000010 0.004377 0.000003
0.949350 0.031404 0.009323 0.004752 0.000013 0.005155 0.000004
0.943231 0.034784 0.010460 0.005407 0.000012 0.006103 0.000003
0.936291 0.038496 0.011908 0.006146 0.000017 0.007139 0.000003
0.928876 0.042604 0.013422 0.006876 0.000017 0.008201 0.000004
0.921537 0.046493 0.014893 0.007643 0.000021 0.009410 0.000003
0.913296 0.050726 0.016644 0.008491 0.000028 0.010814 0.000003
0.904593 0.055198 0.018507 0.009427 0.000039 0.012235 0.000003
0.895181 0.059985 0.020415 0.010370 0.000046 0.014001 0.000003
0.886695 0.064064 0.022274 0.011230 0.000048 0.015687 0.000002
0.876980 0.068630 0.024491 0.012319 0.000052 0.017525 0.000002
0.867960 0.072481 0.026527 0.013480 0.000062 0.019485 0.000005
0.858157 0.076295 0.028874 0.014756 0.000069 0.021844 0.000005
0.847060 0.080840 0.031489 0.016125 0.000073 0.024408 0.000005
0.838963 0.083668 0.033533 0.017171 0.000083 0.026577 0.000004
0.828451 0.087538 0.036047 0.018529 0.000092 0.029337 0.000005
0.817591 0.091590 0.038673 0.019747 0.000092 0.032300 0.000006
0.808211 0.094781 0.040908 0.020939 0.000099 0.035059 0.000005
0.797697 0.098147 0.043395 0.022215 0.000109 0.038431 0.000006
0.787607 0.101315 0.045809 0.023541 0.000114 0.041606 0.000007
0.777730 0.104023 0.048354 0.024646 0.000127 0.045113 0.000007
0.765882 0.106633 0.051491 0.026259 0.000136 0.049592 0.000006
0.757371 0.108373 0.053396 0.027301 0.000155 0.053399 0.000006
0.747448 0.110654 0.055579 0.028673 0.000163 0.057478 0.000006
0.738281 0.112039 0.057928 0.029819 0.000175 0.061752 0.000006
0.728543 0.113985 0.060109 0.031051 0.000184 0.066122 0.000008
0.717942 0.115140 0.062564 0.032436 0.000209 0.071698 0.000011
0.709748 0.116208 0.064469 0.033369 0.000226 0.075970 0.000011
0.701066 0.116604 0.066567 0.034385 0.000257 0.081111 0.000009
0.693032 0.117306 0.068380 0.035304 0.000274 0.085693 0.000012
0.684537 0.117965 0.070107 0.036210 0.000292 0.090877 0.000013
0.676988 0.117526 0.071799 0.037195 0.000304 0.096175 0.000013
0.669565 0.117306 0.073315 0.038081 0.000329 0.101390 0.000015
0.661629 0.117165 0.075014 0.038981 0.000342 0.106852 0.000017
0.653878 0.116616 0.076416 0.039805 0.000351 0.112915 0.000018
0.646956 0.115910 0.077750 0.040599 0.000356 0.118410 0.000020
0.639370 0.115072 0.079399 0.041268 0.000373 0.124498 0.000021
0.632288 0.114131 0.080447 0.041963 0.000383 0.130768 0.000020
0.627113 0.113228 0.081119 0.042499 0.000397 0.135622 0.000021
0.620038 0.111972 0.082290 0.043221 0.000404 0.142053 0.000022
0.615582 0.110182 0.082653 0.043685 0.000420 0.147454 0.000023
0.611245 0.108774 0.082857 0.043860 0.000440 0.152801 0.000023
0.604929 0.107315 0.083496 0.044246 0.000448 0.159542 0.000025
0.599666 0.105758 0.083859 0.044691 0.000470 0.165529 0.000027
0.595210 0.103701 0.084087 0.044765 0.000481 0.171728 0.000028
0.590530 0.102043 0.084338 0.044942 0.000514 0.177606 0.000027
0.586167 0.100288 0.084524 0.044930 0.000526 0.183538 0.000027
0.582789 0.098764 0.084233 0.044738 0.000551 0.188898 0.000026
0.579092 0.097397 0.084163 0.044641 0.000571 0.194107 0.000028
0.575681 0.095432 0.084133 0.044634 0.000575 0.199515 0.000029
0.573267 0.093225 0.083635 0.044283 0.000580 0.204981 0.000029
0.569345 0.091485 0.083354 0.044037 0.000592 0.211154 0.000033
0.568004 0.089797 0.082746 0.043674 0.000595 0.215145 0.000038
0.565139 0.087960 0.082437 0.043580 0.000618 0.220226 0.000040
0.562282 0.085886 0.082020 0.043231 0.000632 0.225909 0.000040
0.560599 0.084092 0.081145 0.042650 0.000631 0.230838 0.000046
0.559044 0.082596 0.080432 0.042211 0.000656 0.235014 0.000046
0.557665 0.081488 0.079871 0.042013 0.000676 0.238242 0.000045
0.555132 0.079561 0.078862 0.041689 0.000683 0.244023 0.000050
0.552851 0.077808 0.078110 0.041285 0.000698 0.249195 0.000053
0.551196 0.076418 0.077569 0.041088 0.000707 0.252968 0.000054
0.550551 0.075141 0.076581 0.040627 0.000701 0.256345 0.000054
0.548384 0.073676 0.075776 0.040284 0.000706 0.261118 0.000056
0.547491 0.071821 0.074837 0.039651 0.000711 0.265436 0.000055
0.547019 0.070474 0.073499 0.039073 0.000704 0.269175 0.000057
0.545849 0.069363 0.072751 0.038702 0.000716 0.272558 0.000061
0.545150 0.068067 0.071874 0.038286 0.000728 0.275835 0.000060
0.543722 0.066685 0.070705 0.037858 0.000735 0.280231 0.000063
0.543439 0.065410 0.069880 0.037430 0.000745 0.283029 0.000067
0.542824 0.063913 0.069008 0.036930 0.000745 0.286507 0.000072
0.542643 0.063230 0.068313 0.036546 0.000739 0.288458 0.000072
0.541775 0.061599 0.067322 0.035969 0.000752 0.292508 0.000075
0.541540 0.060274 0.066449 0.035375 0.000753 0.295532 0.000078
0.540879 0.058844 0.065524 0.034751 0.000769 0.299153 0.000080
0.541121 0.057756 0.064701 0.034202 0.000753 0.301379 0.000087
0.541900 0.056622 0.063710 0.033593 0.000748 0.303334 0.000093
0.541626 0.055079 0.062714 0.033086 0.000745 0.306657 0.000093
0.541939 0.054361 0.062039 0.032583 0.000744 0.308236 0.000099
0.541112 0.052859 0.061032 0.032044 0.000756 0.312097 0.000099
0.542979 0.051721 0.059653 0.031368 0.000758 0.313419 0.000103
0.542856 0.050479 0.058838 0.030817 0.000750 0.316157 0.000104
0.544120 0.049436 0.057909 0.030302 0.000751 0.317375 0.000107
0.544536 0.048433 0.056835 0.029727 0.000749 0.319614 0.000106
0.544316 0.047032 0.055648 0.029078 0.000750 0.323068 0.000107
0.545507 0.046643 0.054885 0.028662 0.000765 0.323425 0.000113
0.546709 0.045755 0.054076 0.028287 0.000765 0.324294 0.000114
0.547466 0.044388 0.052946 0.027706 0.000756 0.326622 0.000116
0.548854 0.043736 0.051775 0.027079 0.000743 0.327691 0.000122
0.549696 0.043095 0.050912 0.026581 0.000735 0.328851 0.000130
0.551527 0.042068 0.049679 0.025819 0.000719 0.330058 0.000130
0.552925 0.041638 0.049005 0.025561 0.000706 0.330033 0.000132
0.554613 0.040825 0.047967 0.024936 0.000698 0.330828 0.000133
0.554796 0.040117 0.047414 0.024640 0.000698 0.332203 0.000134
0.556806 0.039411 0.046323 0.024173 0.000675 0.332476 0.000136
0.556969 0.039016 0.045545 0.023786 0.000684 0.333861 0.000139
0.559037 0.038111 0.044655 0.023423 0.000677 0.333952 0.000145
0.560095 0.037907 0.044143 0.023044 0.000668 0.333995 0.000148
0.561211 0.036944 0.042955 0.022582 0.000666 0.335491 0.000151
0.562906 0.036737 0.042345 0.022301 0.000656 0.334901 0.000155
0.564089 0.036428 0.041639 0.021947 0.000651 0.335090 0.000157
0.565871 0.035867 0.040991 0.021529 0.000625 0.334957 0.000160
0.567219 0.035137 0.040186 0.021111 0.000627 0.335556 0.000163
0.569233 0.034822 0.039699 0.020830 0.000624 0.334625 0.000166
0.570922 0.033848 0.039118 0.020512 0.000623 0.334816 0.000162
0.573107 0.032977 0.038570 0.020069 0.000635 0.334477 0.000166
0.574857 0.031998 0.037997 0.019883 0.000620 0.334476 0.000169
0.578305 0.031282 0.037101 0.019295 0.000614 0.333229 0.000173
0.580599 0.030219 0.036588 0.018971 0.000606 0.332848 0.000169
0.582731 0.028999 0.035948 0.018546 0.000590 0.333013 0.000173
0.586482 0.027590 0.034910 0.017983 0.000575 0.332283 0.000177
0.589223 0.026721 0.034415 0.017584 0.000578 0.331299 0.000180
0.592336 0.025671 0.033659 0.017044 0.000560 0.330548 0.000183
0.595486 0.024728 0.033256 0.016674 0.000561 0.329110 0.000185
0.598824 0.023538 0.032340 0.016154 0.000534 0.328425 0.000184
0.601925 0.022504 0.031535 0.015590 0.000531 0.327723 0.000192
0.604666 0.021587 0.030842 0.015160 0.000542 0.327019 0.000184
0.608362 0.020701 0.029903 0.014584 0.000523 0.325735 0.000191
0.612186 0.019653 0.028793 0.013976 0.000525 0.324673 0.000194
0.614274 0.018931 0.028384 0.013685 0.000514 0.324018 0.000195
0.619452 0.017949 0.027380 0.013202 0.000503 0.321325 0.000190
0.622733 0.017176 0.026639 0.012758 0.000487 0.320007 0.000200
0.626481 0.016495 0.026058 0.012293 0.000478 0.318000 0.000195
0.629154 0.015829 0.025617 0.011989 0.000480 0.316731 0.000200
0.632975 0.015070 0.024642 0.011433 0.000472 0.315205 0.000203
0.636627 0.014379 0.023853 0.011031 0.000464 0.313446 0.000199
0.640654 0.013805 0.023101 0.010526 0.000459 0.311252 0.000203
0.644072 0.013180 0.022198 0.010198 0.000441 0.309711 0.000201
0.647946 0.012790 0.021480 0.009829 0.000417 0.307330 0.000208
0.651355 0.012263 0.020766 0.009405 0.000414 0.305588 0.000209
0.655306 0.011867 0.020236 0.009053 0.000412 0.302918 0.000208
0.658939 0.011657 0.019643 0.008678 0.000403 0.300476 0.000203
0.661827 0.011101 0.018941 0.008395 0.000385 0.299137 0.000214
0.664883 0.010737 0.018513 0.008200 0.000367 0.297080 0.000219
0.668539 0.010336 0.017901 0.007901 0.000365 0.294750 0.000209
0.671956 0.009934 0.017071 0.007558 0.000367 0.292899 0.000215
0.674583 0.009679 0.016709 0.007412 0.000364 0.291031 0.000223
0.679346 0.009248 0.016158 0.007093 0.000355 0.287584 0.000215
0.681803 0.008969 0.015579 0.006794 0.000346 0.286283 0.000225
0.686458 0.008516 0.014964 0.006465 0.000338 0.283048 0.000211
0.689796 0.008201 0.014577 0.006376 0.000319 0.280523 0.000207
0.692883 0.007925 0.013962 0.006092 0.000321 0.278603 0.000213
0.695577 0.007864 0.013707 0.005934 0.000307 0.276393 0.000219
0.699035 0.007566 0.013232 0.005763 0.000307 0.273885 0.000211
0.702201 0.007294 0.012771 0.005568 0.000302 0.271642 0.000222
0.707033 0.006918 0.012169 0.005344 0.000286 0.268028 0.000222
0.710281 0.006804 0.011821 0.005199 0.000274 0.265400 0.000221
0.712542 0.006698 0.011448 0.004969 0.000271 0.263856 0.000216
0.715534 0.006549 0.011019 0.004804 0.000257 0.261620 0.000217
0.719220 0.006317 0.010595 0.004637 0.000248 0.258770 0.000212
0.722381 0.006213 0.010457 0.004486 0.000242 0.255998 0.000223
0.725104 0.006076 0.010110 0.004367 0.000230 0.253891 0.000223
0.728138 0.005803 0.009702 0.004227 0.000223 0.251684 0.000222
0.731137 0.005739 0.009353 0.004096 0.000237 0.249222 0.000218
0.734617 0.005631 0.009088 0.003959 0.000225 0.246260 0.000220
0.737353 0.005515 0.008732 0.003797 0.000211 0.244174 0.000218
0.741556 0.005348 0.008460 0.003642 0.000207 0.240567 0.000220
0.743073 0.005261 0.008300 0.003550 0.000206 0.239380 0.000229
0.746413 0.005209 0.008068 0.003458 0.000195 0.236425 0.000231
0.750012 0.005078 0.007861 0.003394 0.000193 0.233237 0.000225
0.751093 0.005078 0.007787 0.003314 0.000192 0.232308 0.000229
0.754850 0.004879 0.007364 0.003168 0.000188 0.229316 0.000235
0.758041 0.004874 0.007120 0.003072 0.000187 0.226480 0.000225
0.760698 0.004749 0.006959 0.002940 0.000172 0.224241 0.000241
0.763825 0.004651 0.006723 0.002864 0.000174 0.221524 0.000240
0.765963 0.004603 0.006652 0.002781 0.000174 0.219597 0.000231
0.768954 0.004551 0.006358 0.002696 0.000174 0.217033 0.000233
0.770684 0.004452 0.006272 0.002681 0.000175 0.215510 0.000227
0.774026 0.004396 0.006059 0.002649 0.000162 0.212468 0.000239
0.776093 0.004311 0.006095 0.002589 0.000156 0.210527 0.000229
0.778779 0.004192 0.005909 0.002564 0.000150 0.208173 0.000233
0.781068 0.004166 0.005786 0.002430 0.000158 0.206157 0.000235
0.785008 0.004141 0.005625 0.002392 0.000150 0.202457 0.000226
0.786720 0.004078 0.005478 0.002318 0.000150 0.201012 0.000243
0.788974 0.004099 0.005359 0.002307 0.000133 0.198897 0.000231
0.790367 0.004083 0.005335 0.002261 0.000132 0.197583 0.000240
0.793958 0.004006 0.005249 0.002175 0.000128 0.194247 0.000238
0.795469 0.003933 0.005091 0.002176 0.000130 0.192964 0.000236
0.798149 0.003936 0.005014 0.002136 0.000124 0.190412 0.000229
0.801333 0.003827 0.004958 0.002096 0.000122 0.187427 0.000238
0.803088 0.003900 0.004848 0.002082 0.000119 0.185725 0.000238
0.804769 0.003844 0.004746 0.002050 0.000116 0.184237 0.000238
0.807582 0.003788 0.004569 0.001965 0.000111 0.181759 0.000227
0.808277 0.003857 0.004570 0.001957 0.000100 0.180995 0.000243
0.811208 0.003891 0.004506 0.001906 0.000095 0.178161 0.000234
0.813824 0.003774 0.004371 0.001921 0.000101 0.175773 0.000237
0.815342 0.003733 0.004337 0.001836 0.000089 0.174423 0.000241
0.818300 0.003686 0.004215 0.001760 0.000084 0.171727 0.000228
0.820276 0.003672 0.004241 0.001767 0.000082 0.169729 0.000233
0.821513 0.003665 0.004210 0.001755 0.000087 0.168532 0.000237
0.823209 0.003750 0.004204 0.001739 0.000088 0.166772 0.000237
0.825757 0.003703 0.004202 0.001731 0.000082 0.164289 0.000236
0.827753 0.003516 0.004077 0.001693 0.000081 0.162644 0.000235
0.830810 0.003555 0.004003 0.001706 0.000080 0.159606 0.000241
0.831450 0.003587 0.003945 0.001730 0.000079 0.158977 0.000231
0.833303 0.003621 0.003919 0.001735 0.000077 0.157108 0.000236
0.834098 0.003739 0.003862 0.001748 0.000072 0.156238 0.000243
0.836664 0.003555 0.003716 0.001651 0.000068 0.154103 0.000243
0.839036 0.003577 0.003695 0.001640 0.000064 0.151747 0.000241
0.840484 0.003680 0.003743 0.001631 0.000060 0.150167 0.000235
0.841045 0.003565 0.003780 0.001644 0.000065 0.149665 0.000236
0.843492 0.003597 0.003761 0.001602 0.000061 0.147242 0.000245
0.845241 0.003571 0.003684 0.001585 0.000064 0.145620 0.000235
0.847454 0.003513 0.003607 0.001605 0.000062 0.143520 0.000239
0.848224 0.003504 0.003636 0.001597 0.000065 0.142731 0.000242
0.849888 0.003492 0.003616 0.001613 0.000064 0.141087 0.000240
0.851757 0.003437 0.003568 0.001590 0.000071 0.139341 0.000237
0.853928 0.003485 0.003561 0.001563 0.000069 0.137153 0.000242
0.854228 0.003569 0.003680 0.001592 0.000062 0.136639 0.000230
0.856450 0.003475 0.003565 0.001558 0.000060 0.134660 0.000233
0.857992 0.003515 0.003633 0.001626 0.000061 0.132938 0.000235
0.858964 0.003510 0.003540 0.001591 0.000062 0.132100 0.000235
0.860927 0.003500 0.003483 0.001558 0.000060 0.130240 0.000233
0.861984 0.003500 0.003511 0.001546 0.000059 0.129163 0.000237
0.862337 0.003612 0.003648 0.001534 0.000052 0.128590 0.000227
0.865096 0.003653 0.003631 0.001576 0.000054 0.125754 0.000237
0.865408 0.003654 0.003646 0.001556 0.000051 0.125453 0.000232
0.867606 0.003700 0.003636 0.001553 0.000048 0.123218 0.000240
0.868516 0.003606 0.003622 0.001525 0.000051 0.122454 0.000226
0.870967 0.003586 0.003505 0.001482 0.000052 0.120183 0.000224
0.871175 0.003614 0.003545 0.001489 0.000056 0.119889 0.000233
0.872109 0.003905 0.003755 0.001545 0.000049 0.118403 0.000232
0.873914 0.003875 0.003658 0.001523 0.000052 0.116743 0.000236
0.875373 0.003722 0.003626 0.001519 0.000052 0.115472 0.000236
0.875420 0.003850 0.003758 0.001542 0.000050 0.115137 0.000243
0.877707 0.003716 0.003597 0.001482 0.000045 0.113217 0.000237
0.877919 0.003991 0.003784 0.001549 0.000051 0.112466 0.000240
0.879197 0.004153 0.003821 0.001550 0.000046 0.111001 0.000232
0.878617 0.004099 0.003717 0.001526 0.000050 0.111758 0.000234
0.880193 0.004121 0.003659 0.001469 0.000049 0.110275 0.000233
0.882484 0.004149 0.003789 0.001508 0.000045 0.107787 0.000238
0.883256 0.004105 0.003707 0.001547 0.000053 0.107093 0.000239
0.883876 0.004309 0.003963 0.001650 0.000056 0.105919 0.000228
0.885435 0.004073 0.003833 0.001611 0.000054 0.104758 0.000236
0.885753 0.004246 0.003887 0.001639 0.000049 0.104205 0.000222
0.887129 0.004181 0.003915 0.001662 0.000051 0.102837 0.000225
0.888025 0.004188 0.003832 0.001684 0.000048 0.101987 0.000237
0.889053 0.004283 0.003903 0.001696 0.000049 0.100789 0.000227
0.889026 0.004409 0.004009 0.001756 0.000047 0.100518 0.000234
0.890405 0.004288 0.003901 0.001712 0.000050 0.099408 0.000236
0.891240 0.004378 0.004124 0.001765 0.000043 0.098217 0.000233
0.892707 0.004327 0.003935 0.001721 0.000042 0.097027 0.000241
0.891349 0.004485 0.004032 0.001783 0.000044 0.098064 0.000243
0.893153 0.004514 0.004024 0.001793 0.000052 0.096213 0.000252
0.894854 0.004527 0.003981 0.001730 0.000043 0.094636 0.000229
0.895422 0.004506 0.004020 0.001769 0.000049 0.093999 0.000233
0.894967 0.004746 0.004110 0.001802 0.000049 0.094092 0.000235
0.895823 0.004736 0.004064 0.001832 0.000052 0.093250 0.000244
0.897759 0.004589 0.004078 0.001805 0.000048 0.091481 0.000241
0.897571 0.004772 0.004163 0.001837 0.000048 0.091363 0.000245
0.898439 0.004741 0.004234 0.001833 0.000053 0.090458 0.000242
0.898779 0.004638 0.004153 0.001846 0.000050 0.090294 0.000240
0.899066 0.004886 0.004312 0.001922 0.000050 0.089532 0.000231
0.899645 0.004848 0.004389 0.002007 0.000044 0.088832 0.000235
0.899371 0.004910 0.004401 0.002028 0.000045 0.089002 0.000244
0.901377 0.004889 0.004351 0.001987 0.000050 0.087110 0.000236
0.900997 0.004869 0.004448 0.002019 0.000052 0.087385 0.000229
0.902489 0.004844 0.004380 0.001931 0.000056 0.086056 0.000242
0.902704 0.004939 0.004353 0.001966 0.000059 0.085730 0.000249
0.903339 0.005054 0.004519 0.001963 0.000057 0.084810 0.000258
0.903835 0.005137 0.004524 0.001941 0.000059 0.084260 0.000244
0.904137 0.005213 0.004565 0.001953 0.000059 0.083818 0.000256
0.905398 0.004996 0.004470 0.001948 0.000057 0.082883 0.000249
0.904664 0.005382 0.004763 0.002036 0.000055 0.082850 0.000251
0.905170 0.005383 0.004896 0.002032 0.000052 0.082211 0.000257
0.906100 0.005415 0.004736 0.001984 0.000047 0.081479 0.000239
0.907238 0.005410 0.004670 0.001989 0.000058 0.080377 0.000258
0.906843 0.005601 0.004980 0.002035 0.000054 0.080246 0.000240
0.907566 0.005532 0.004897 0.002024 0.000056 0.079681 0.000245
0.907234 0.005726 0.005017 0.002082 0.000063 0.079625 0.000252
0.907636 0.005771 0.005120 0.002095 0.000054 0.079091 0.000233
0.908465 0.005654 0.004972 0.002093 0.000060 0.078518 0.000239
0.908146 0.005798 0.005174 0.002135 0.000059 0.078444 0.000244
0.907588 0.005954 0.005356 0.002215 0.000056 0.078586 0.000245
0.909152 0.005911 0.005238 0.002162 0.000045 0.077266 0.000226
0.909478 0.005904 0.005173 0.002147 0.000049 0.077009 0.000239
0.909211 0.006039 0.005358 0.002256 0.000050 0.076844 0.000242
0.909168 0.006207 0.005438 0.002321 0.000055 0.076563 0.000247
0.909915 0.006167 0.005409 0.002268 0.000047 0.075958 0.000235
0.910458 0.005984 0.005326 0.002308 0.000049 0.075642 0.000233
0.950747 0.002159 0.001954 0.000852 0.000019 0.044125 0.000145
