0.999245 0.000478 0.000186 0.000085 0.000000 0.000006 0.000000
0.999123 0.000474 0.000101 0.000025 0.000000 0.000277 0.000000
0.998688 0.000855 0.000180 0.000055 0.000000 0.000222 0.000000
0.998353 0.001055 0.000241 0.000091 0.000001 0.000260 0.000000
0.998102 0.001212 0.000253 0.000107 0.000002 0.000324 0.000000
0.997585 0.001602 0.000332 0.000153 0.000001 0.000327 0.000000
0.997008 0.001991 0.000441 0.000207 0.000002 0.000351 0.000000
0.996248 0.002579 0.000509 0.000264 0.000001 0.000399 0.000000
0.995110 0.003396 0.000693 0.000351 0.000000 0.000450 0.000000
0.994082 0.004083 0.000887 0.000441 0.000000 0.000508 0.000000
0.991910 0.005599 0.001296 0.000601 0.000000 0.000594 0.000000
0.990493 0.006514 0.001550 0.000733 0.000000 0.000711 0.000000
0.987505 0.008537 0.001999 0.001001 0.000000 0.000958 0.000000
0.985044 0.010152 0.002421 0.001235 0.000000 0.001148 0.000000
0.981568 0.012401 0.003093 0.001510 0.000003 0.001425 0.000000
0.978130 0.014492 0.003776 0.001870 0.000009 0.001723 0.000000
0.974389 0.016612 0.004631 0.002265 0.000010 0.002093 0.000000
0.969525 0.019547 0.005539 0.002702 0.000013 0.002674 0.000000
0.964746 0.022317 0.006411 0.003196 0.000013 0.003317 0.000000
0.960470 0.024780 0.007174 0.003690 0.000015 0.003871 0.000000
0.954136 0.028448 0.008386 0.004339 0.000022 0.004669 0.000000
0.947334 0.032393 0.009695 0.004990 0.000027 0.005561 0.000000
0.940267 0.036288 0.011174 0.005638 0.000032 0.006601 0.000000
0.933698 0.039750 0.012545 0.006318 0.000033 0.007656 0.000000
0.925761 0.043951 0.014239 0.007160 0.000037 0.008852 0.000000
0.920466 0.046553 0.015318 0.007862 0.000035 0.009766 0.000000
0.911140 0.051452 0.017300 0.008799 0.000047 0.011261 0.000000
0.901337 0.056440 0.019391 0.009864 0.000060 0.012909 0.000000
0.892362 0.060660 0.021356 0.010888 0.000058 0.014676 0.000001
0.883341 0.065039 0.023202 0.011849 0.000062 0.016501 0.000007
0.872431 0.070134 0.025428 0.013090 0.000068 0.018844 0.000006
0.864688 0.073606 0.026941 0.014088 0.000071 0.020600 0.000006
0.853931 0.078023 0.029328 0.015572 0.000077 0.023064 0.000005
0.843663 0.082040 0.031839 0.016745 0.000077 0.025631 0.000005
0.833758 0.085660 0.034196 0.017941 0.000085 0.028355 0.000005
0.824494 0.088686 0.036615 0.019045 0.000093 0.031060 0.000006
0.813582 0.092622 0.039284 0.020219 0.000104 0.034181 0.000009
0.803812 0.095921 0.041588 0.021396 0.000110 0.037163 0.000008
0.793295 0.099116 0.044210 0.022792 0.000130 0.040449 0.000008
0.784054 0.101877 0.046395 0.023986 0.000142 0.043539 0.000008
0.773708 0.104407 0.049089 0.025294 0.000161 0.047335 0.000008
0.763593 0.106485 0.051805 0.026690 0.000171 0.051248 0.000009
0.754935 0.108131 0.053887 0.027741 0.000181 0.055117 0.000008
0.745456 0.110010 0.056244 0.028857 0.000184 0.059240 0.000008
0.736561 0.111705 0.058363 0.029924 0.000192 0.063247 0.000008
0.726920 0.113313 0.060605 0.031157 0.000204 0.067792 0.000009
0.716498 0.114788 0.063007 0.032564 0.000224 0.072907 0.000011
0.708895 0.115535 0.064934 0.033508 0.000246 0.076873 0.000011
0.699180 0.116328 0.067057 0.034684 0.000270 0.082471 0.000010
0.691710 0.116970 0.068508 0.035559 0.000294 0.086947 0.000011
0.682115 0.117897 0.070559 0.036573 0.000302 0.092543 0.000012
0.674622 0.117534 0.072413 0.037404 0.000324 0.097692 0.000012
0.667263 0.116926 0.074090 0.038227 0.000335 0.103145 0.000014
0.658880 0.116948 0.076044 0.039172 0.000337 0.108600 0.000019
0.651507 0.116281 0.077200 0.039917 0.000363 0.114715 0.000018
0.646051 0.115482 0.078144 0.040466 0.000365 0.119474 0.000019
0.638291 0.115009 0.079567 0.041280 0.000375 0.125459 0.000019
0.631641 0.114100 0.080572 0.041961 0.000391 0.131317 0.000018
0.626409 0.113169 0.081249 0.042334 0.000405 0.136415 0.000019
0.618431 0.112242 0.082604 0.042999 0.000409 0.143294 0.000021
0.613243 0.110450 0.083106 0.043416 0.000432 0.149332 0.000021
0.608855 0.109256 0.083576 0.043663 0.000447 0.154183 0.000021
0.604449 0.107656 0.083801 0.043764 0.000446 0.159865 0.000019
0.598312 0.106061 0.084490 0.044227 0.000468 0.166423 0.000020
0.593164 0.103953 0.084738 0.044368 0.000494 0.173262 0.000021
0.589333 0.102263 0.084919 0.044366 0.000535 0.178560 0.000023
0.586172 0.100239 0.084839 0.044371 0.000536 0.183821 0.000023
0.582744 0.098082 0.084654 0.044204 0.000548 0.189744 0.000024
0.580414 0.096633 0.084315 0.044121 0.000545 0.193942 0.000030
0.576025 0.094488 0.084144 0.044233 0.000565 0.200515 0.000030
0.575074 0.092506 0.083448 0.043818 0.000577 0.204548 0.000029
0.571728 0.090823 0.083071 0.043533 0.000584 0.210229 0.000032
0.569937 0.088903 0.082573 0.043186 0.000585 0.214782 0.000035
0.566861 0.086993 0.082320 0.042878 0.000618 0.220290 0.000041
0.565006 0.085639 0.081620 0.042456 0.000630 0.224608 0.000040
0.562320 0.083545 0.080856 0.042157 0.000633 0.230445 0.000045
0.560681 0.082466 0.080352 0.041781 0.000633 0.234041 0.000046
0.559497 0.081195 0.079508 0.041449 0.000637 0.237666 0.000048
0.557779 0.079842 0.078676 0.041082 0.000645 0.241920 0.000055
0.555552 0.078404 0.078171 0.040743 0.000654 0.246420 0.000055
0.554845 0.076707 0.077364 0.040433 0.000667 0.249929 0.000055
0.552378 0.075300 0.076737 0.040123 0.000671 0.254736 0.000054
0.551461 0.073776 0.075771 0.039662 0.000667 0.258606 0.000058
0.550777 0.072292 0.074660 0.039128 0.000657 0.262427 0.000059
0.550132 0.071284 0.073718 0.038701 0.000667 0.265435 0.000062
0.549190 0.069790 0.072818 0.038252 0.000672 0.269217 0.000061
0.548123 0.068142 0.071710 0.037771 0.000684 0.273507 0.000063
0.547656 0.067320 0.070782 0.037218 0.000685 0.276272 0.000067
0.546527 0.065918 0.069789 0.036792 0.000696 0.280208 0.000071
0.546301 0.064860 0.068885 0.036410 0.000703 0.282764 0.000077
0.545333 0.064413 0.068347 0.036164 0.000701 0.284965 0.000077
0.545311 0.062609 0.067023 0.035408 0.000704 0.288869 0.000076
0.544486 0.061378 0.066399 0.035010 0.000717 0.291935 0.000075
0.543902 0.060824 0.065751 0.034651 0.000724 0.294069 0.000079
0.543128 0.059400 0.064644 0.033971 0.000728 0.298042 0.000088
0.543464 0.058193 0.063395 0.033359 0.000712 0.300786 0.000091
0.542979 0.056837 0.062669 0.033053 0.000693 0.303675 0.000094
0.542755 0.055821 0.062074 0.032676 0.000699 0.305876 0.000099
0.542430 0.054671 0.061305 0.032212 0.000697 0.308587 0.000098
0.543417 0.053630 0.060079 0.031631 0.000691 0.310448 0.000103
0.543442 0.052143 0.058921 0.030974 0.000684 0.313731 0.000106
0.543878 0.051098 0.058018 0.030454 0.000673 0.315769 0.000109
0.545268 0.050486 0.057283 0.029971 0.000662 0.316227 0.000102
0.544721 0.049029 0.056262 0.029324 0.000677 0.319880 0.000107
0.545760 0.048286 0.055460 0.028837 0.000677 0.320873 0.000106
0.545901 0.046907 0.054557 0.028470 0.000672 0.323388 0.000106
0.547605 0.046148 0.053813 0.028111 0.000682 0.323533 0.000107
0.548042 0.045053 0.052800 0.027694 0.000667 0.325627 0.000117
0.549087 0.044342 0.051813 0.027214 0.000663 0.326758 0.000122
0.549788 0.043581 0.051100 0.026807 0.000654 0.327950 0.000121
0.551508 0.042531 0.049757 0.026147 0.000656 0.329282 0.000119
0.551716 0.042154 0.049237 0.025860 0.000649 0.330264 0.000120
0.553661 0.041135 0.048343 0.025280 0.000644 0.330811 0.000125
0.554100 0.040394 0.047522 0.024847 0.000639 0.332375 0.000123
0.555469 0.039568 0.046448 0.024328 0.000660 0.333402 0.000125
0.556856 0.039047 0.045860 0.023895 0.000662 0.333553 0.000127
0.558404 0.038396 0.045022 0.023423 0.000668 0.333959 0.000128
0.559602 0.037386 0.043981 0.022928 0.000660 0.335312 0.000131
0.561034 0.037071 0.043371 0.022569 0.000654 0.335164 0.000138
0.562245 0.036569 0.042646 0.022184 0.000659 0.335562 0.000135
0.563640 0.036102 0.042096 0.021913 0.000641 0.335470 0.000138
0.565232 0.035309 0.041251 0.021504 0.000619 0.335939 0.000146
0.567080 0.034585 0.040198 0.020978 0.000602 0.336413 0.000145
0.568616 0.033801 0.039516 0.020681 0.000580 0.336659 0.000145
0.571813 0.032747 0.038637 0.020038 0.000578 0.336028 0.000159
0.574250 0.031574 0.038148 0.019791 0.000552 0.335531 0.000153
0.577231 0.030420 0.037223 0.019191 0.000567 0.335211 0.000156
0.580556 0.029170 0.036651 0.018765 0.000548 0.334154 0.000156
0.582965 0.027829 0.036099 0.018240 0.000567 0.334137 0.000164
0.587065 0.026223 0.035113 0.017632 0.000551 0.333250 0.000166
0.590929 0.024835 0.034366 0.017037 0.000551 0.332118 0.000165
0.594523 0.023451 0.033625 0.016518 0.000541 0.331172 0.000169
0.598133 0.022056 0.032751 0.015869 0.000524 0.330499 0.000168
0.602572 0.020825 0.031914 0.015233 0.000532 0.328754 0.000169
0.605830 0.019496 0.030878 0.014650 0.000516 0.328460 0.000171
0.609304 0.018376 0.030195 0.014134 0.000522 0.327304 0.000163
0.614259 0.017110 0.028902 0.013498 0.000503 0.325551 0.000177
0.617868 0.016242 0.028157 0.013120 0.000491 0.323949 0.000173
0.622078 0.015126 0.026902 0.012469 0.000481 0.322763 0.000180
0.626332 0.014241 0.026103 0.011938 0.000478 0.320724 0.000183
0.630577 0.013447 0.025439 0.011544 0.000490 0.318320 0.000182
0.634219 0.012454 0.024366 0.010936 0.000478 0.317365 0.000181
0.638802 0.011471 0.023315 0.010403 0.000462 0.315359 0.000187
0.643460 0.010826 0.022474 0.009975 0.000443 0.312631 0.000189
0.646950 0.010125 0.021753 0.009575 0.000435 0.310972 0.000190
0.651293 0.009381 0.020830 0.009078 0.000425 0.308799 0.000196
0.655197 0.008909 0.020133 0.008696 0.000424 0.306452 0.000188
0.659626 0.008319 0.019311 0.008285 0.000422 0.303849 0.000187
0.664267 0.007660 0.018315 0.007903 0.000406 0.301251 0.000196
0.668030 0.007179 0.017539 0.007495 0.000400 0.299162 0.000196
0.672983 0.006749 0.016920 0.007161 0.000388 0.295592 0.000206
0.676313 0.006317 0.015984 0.006866 0.000381 0.293939 0.000201
0.680759 0.005906 0.015301 0.006439 0.000365 0.291032 0.000198
0.685469 0.005407 0.014507 0.006067 0.000347 0.287993 0.000210
0.689337 0.005132 0.014014 0.005734 0.000348 0.285235 0.000199
0.692827 0.004819 0.013412 0.005454 0.000347 0.282935 0.000206
0.696608 0.004465 0.012842 0.005208 0.000341 0.280324 0.000212
0.701049 0.004135 0.012151 0.004960 0.000317 0.277180 0.000208
0.704292 0.003899 0.011692 0.004615 0.000306 0.274980 0.000216
0.708464 0.003597 0.010985 0.004396 0.000288 0.272049 0.000220
0.712915 0.003403 0.010414 0.004194 0.000294 0.268573 0.000208
0.716091 0.003199 0.010095 0.004021 0.000300 0.266087 0.000207
0.721392 0.002979 0.009410 0.003699 0.000269 0.262031 0.000220
0.724060 0.002767 0.009041 0.003573 0.000279 0.260058 0.000223
0.727353 0.002632 0.008524 0.003388 0.000262 0.257629 0.000212
0.731179 0.002484 0.008031 0.003214 0.000253 0.254619 0.000221
0.734765 0.002323 0.007689 0.003088 0.000239 0.251674 0.000221
0.739064 0.002190 0.007324 0.002874 0.000241 0.248078 0.000228
0.742038 0.002070 0.006879 0.002644 0.000223 0.245923 0.000223
0.745632 0.001916 0.006450 0.002530 0.000236 0.243013 0.000223
0.749689 0.001771 0.006098 0.002425 0.000218 0.239573 0.000227
0.752927 0.001672 0.005875 0.002294 0.000227 0.236782 0.000223
0.756675 0.001583 0.005551 0.002173 0.000207 0.233589 0.000223
0.759578 0.001461 0.005299 0.002107 0.000208 0.231115 0.000231
0.763687 0.001400 0.004985 0.001975 0.000197 0.227534 0.000223
0.766922 0.001293 0.004683 0.001846 0.000189 0.224836 0.000231
0.769543 0.001245 0.004422 0.001757 0.000185 0.222616 0.000232
0.773237 0.001142 0.004159 0.001644 0.000190 0.219402 0.000226
0.776118 0.001067 0.003920 0.001553 0.000172 0.216940 0.000230
0.778764 0.000988 0.003712 0.001473 0.000174 0.214661 0.000227
0.781841 0.000940 0.003503 0.001396 0.000162 0.211935 0.000224
0.785675 0.000888 0.003396 0.001303 0.000168 0.208347 0.000223
0.788331 0.000840 0.003226 0.001278 0.000168 0.205923 0.000233
0.790786 0.000794 0.003061 0.001222 0.000165 0.203742 0.000230
0.793589 0.000745 0.002884 0.001112 0.000160 0.201283 0.000227
0.797791 0.000726 0.002706 0.001063 0.000147 0.197338 0.000229
0.800079 0.000711 0.002533 0.001004 0.000149 0.195302 0.000222
0.803346 0.000626 0.002335 0.000934 0.000146 0.192386 0.000227
0.805648 0.000598 0.002225 0.000857 0.000134 0.190322 0.000215
0.807530 0.000581 0.002095 0.000841 0.000139 0.188593 0.000221
0.811306 0.000530 0.002006 0.000792 0.000137 0.185004 0.000224
0.813563 0.000502 0.001900 0.000762 0.000130 0.182922 0.000221
0.816730 0.000471 0.001782 0.000722 0.000129 0.179945 0.000221
0.819387 0.000459 0.001667 0.000694 0.000130 0.177436 0.000228
0.820869 0.000399 0.001599 0.000655 0.000125 0.176134 0.000219
0.824541 0.000402 0.001498 0.000621 0.000117 0.172610 0.000210
0.827557 0.000388 0.001391 0.000605 0.000121 0.169726 0.000212
0.829760 0.000354 0.001292 0.000580 0.000116 0.167683 0.000214
0.831306 0.000368 0.001271 0.000533 0.000117 0.166181 0.000224
0.834688 0.000339 0.001193 0.000501 0.000113 0.162942 0.000223
0.837254 0.000333 0.001145 0.000479 0.000101 0.160478 0.000210
0.839310 0.000299 0.001029 0.000477 0.000093 0.158571 0.000222
0.842625 0.000288 0.000984 0.000441 0.000086 0.155352 0.000224
0.844971 0.000310 0.000960 0.000427 0.000079 0.153041 0.000212
0.845662 0.000284 0.000929 0.000420 0.000082 0.152415 0.000208
0.849249 0.000286 0.000871 0.000381 0.000080 0.148925 0.000209
0.852814 0.000234 0.000787 0.000362 0.000073 0.145517 0.000213
0.853719 0.000242 0.000767 0.000338 0.000078 0.144640 0.000215
0.856077 0.000221 0.000749 0.000335 0.000078 0.142337 0.000203
0.857248 0.000223 0.000739 0.000319 0.000071 0.141185 0.000216
0.861053 0.000205 0.000674 0.000284 0.000067 0.137513 0.000205
0.863754 0.000195 0.000645 0.000266 0.000068 0.134863 0.000209
0.864725 0.000175 0.000647 0.000266 0.000069 0.133891 0.000227
0.869349 0.000175 0.000599 0.000250 0.000054 0.129365 0.000208
0.871151 0.000154 0.000558 0.000239 0.000053 0.127633 0.000211
0.871449 0.000156 0.000570 0.000248 0.000062 0.127324 0.000192
0.875237 0.000153 0.000525 0.000224 0.000062 0.123602 0.000197
0.877056 0.000150 0.000514 0.000223 0.000058 0.121793 0.000205
0.878137 0.000142 0.000471 0.000217 0.000064 0.120768 0.000202
0.880669 0.000136 0.000460 0.000187 0.000051 0.118292 0.000203
0.882549 0.000102 0.000428 0.000199 0.000054 0.116472 0.000197
0.886882 0.000117 0.000430 0.000191 0.000047 0.112140 0.000193
0.887376 0.000088 0.000383 0.000199 0.000050 0.111694 0.000210
0.889751 0.000097 0.000388 0.000183 0.000051 0.109327 0.000204
0.890567 0.000093 0.000379 0.000184 0.000044 0.108540 0.000194
0.892685 0.000079 0.000362 0.000157 0.000035 0.106476 0.000206
0.895831 0.000076 0.000328 0.000138 0.000038 0.103392 0.000196
0.896584 0.000086 0.000322 0.000159 0.000039 0.102619 0.000191
0.899918 0.000063 0.000297 0.000142 0.000035 0.099349 0.000196
0.900842 0.000071 0.000272 0.000134 0.000033 0.098447 0.000202
0.902820 0.000060 0.000273 0.000127 0.000032 0.096496 0.000192
0.905417 0.000063 0.000250 0.000127 0.000033 0.093923 0.000188
0.907457 0.000061 0.000265 0.000106 0.000032 0.091899 0.000182
0.907308 0.000059 0.000265 0.000111 0.000029 0.092041 0.000186
0.907958 0.000053 0.000249 0.000093 0.000031 0.091429 0.000187
0.909791 0.000045 0.000235 0.000099 0.000032 0.089614 0.000184
0.910423 0.000044 0.000222 0.000086 0.000038 0.089009 0.000178
0.913675 0.000043 0.000195 0.000080 0.000027 0.085806 0.000174
0.914245 0.000042 0.000182 0.000084 0.000037 0.085236 0.000175
0.914499 0.000044 0.000206 0.000079 0.000036 0.084948 0.000189
0.917160 0.000035 0.000175 0.000057 0.000038 0.082363 0.000173
0.916964 0.000033 0.000176 0.000064 0.000036 0.082561 0.000166
0.919586 0.000035 0.000157 0.000050 0.000029 0.079972 0.000171
0.921532 0.000037 0.000143 0.000049 0.000031 0.078046 0.000162
0.921223 0.000043 0.000143 0.000052 0.000026 0.078348 0.000164
0.922605 0.000038 0.000136 0.000050 0.000030 0.076980 0.000161
0.922648 0.000037 0.000136 0.000050 0.000031 0.076933 0.000164
0.925101 0.000040 0.000116 0.000052 0.000028 0.074506 0.000157
0.925537 0.000031 0.000106 0.000044 0.000023 0.074103 0.000156
0.926644 0.000026 0.000100 0.000046 0.000016 0.073013 0.000154
0.926142 0.000035 0.000100 0.000049 0.000018 0.073501 0.000156
0.928204 0.000036 0.000091 0.000046 0.000020 0.071455 0.000149
0.928486 0.000022 0.000094 0.000040 0.000017 0.071202 0.000140
0.928221 0.000027 0.000091 0.000049 0.000018 0.071443 0.000150
0.928087 0.000021 0.000090 0.000048 0.000022 0.071562 0.000169
0.929557 0.000016 0.000081 0.000048 0.000016 0.070125 0.000157
0.930919 0.000023 0.000070 0.000048 0.000013 0.068781 0.000145
0.932413 0.000016 0.000056 0.000045 0.000008 0.067325 0.000137
0.931531 0.000019 0.000052 0.000042 0.000016 0.068190 0.000149
0.933019 0.000027 0.000044 0.000034 0.000011 0.066724 0.000141
0.933668 0.000007 0.000033 0.000031 0.000009 0.066121 0.000132
0.933743 0.000008 0.000037 0.000029 0.000011 0.066036 0.000135
0.933354 0.000026 0.000041 0.000030 0.000007 0.066407 0.000137
0.933376 0.000025 0.000035 0.000031 0.000009 0.066390 0.000134
0.933899 0.000029 0.000026 0.000024 0.000011 0.065878 0.000133
0.933378 0.000020 0.000033 0.000027 0.000011 0.066394 0.000137
0.933894 0.000030 0.000031 0.000025 0.000009 0.065871 0.000141
0.934476 0.000026 0.000026 0.000031 0.000010 0.065291 0.000139
0.934875 0.000010 0.000026 0.000025 0.000006 0.064926 0.000132
0.934790 0.000028 0.000028 0.000026 0.000005 0.064986 0.000137
0.934876 0.000016 0.000026 0.000026 0.000004 0.064914 0.000140
0.935676 0.000016 0.000017 0.000014 0.000005 0.064134 0.000137
0.935377 0.000021 0.000023 0.000015 0.000004 0.064420 0.000139
0.935484 0.000015 0.000026 0.000016 0.000004 0.064319 0.000136
0.935619 0.000007 0.000020 0.000015 0.000007 0.064199 0.000135
0.935759 0.000007 0.000023 0.000011 0.000003 0.064063 0.000135
0.935520 0.000010 0.000026 0.000013 0.000006 0.064285 0.000139
0.935964 0.000005 0.000016 0.000011 0.000002 0.063866 0.000135
0.935974 0.000008 0.000020 0.000009 0.000002 0.063852 0.000135
0.936297 0.000005 0.000008 0.000007 0.000005 0.063546 0.000132
0.936115 0.000016 0.000018 0.000014 0.000005 0.063697 0.000134
0.936440 0.000012 0.000015 0.000009 0.000003 0.063391 0.000131
0.936192 0.000018 0.000024 0.000014 0.000003 0.063615 0.000133
0.936464 0.000007 0.000015 0.000008 0.000004 0.063368 0.000134
0.936508 0.000008 0.000009 0.000011 0.000003 0.063327 0.000134
0.936516 0.000008 0.000008 0.000012 0.000004 0.063316 0.000135
0.936470 0.000012 0.000016 0.000014 0.000004 0.063352 0.000132
0.936639 0.000008 0.000007 0.000016 0.000002 0.063197 0.000130
0.936640 0.000010 0.000009 0.000010 0.000002 0.063197 0.000133
0.936689 0.000012 0.000015 0.000010 0.000004 0.063138 0.000133
0.936711 0.000013 0.000018 0.000016 0.000002 0.063107 0.000135
0.936750 0.000006 0.000009 0.000010 0.000003 0.063091 0.000132
0.936751 0.000004 0.000007 0.000007 0.000002 0.063097 0.000131
0.936747 0.000009 0.000016 0.000012 0.000002 0.063082 0.000131
0.936764 0.000005 0.000017 0.000008 0.000002 0.063069 0.000134
0.936849 0.000011 0.000017 0.000013 0.000001 0.062976 0.000133
0.936814 0.000015 0.000016 0.000008 0.000001 0.063013 0.000133
0.936855 0.000007 0.000008 0.000012 0.000001 0.062984 0.000134
0.936898 0.000006 0.000007 0.000014 0.000001 0.062938 0.000135
0.936851 0.000003 0.000004 0.000004 0.000001 0.063008 0.000129
