0.999247 0.000479 0.000181 0.000086 0.000000 0.000006 0.000000
0.999128 0.000471 0.000100 0.000025 0.000000 0.000275 0.000000
0.998740 0.000804 0.000177 0.000058 0.000000 0.000221 0.000000
0.998356 0.001063 0.000245 0.000085 0.000001 0.000251 0.000000
0.998088 0.001213 0.000269 0.000117 0.000002 0.000312 0.000000
0.997662 0.001506 0.000342 0.000158 0.000001 0.000331 0.000000
0.997107 0.001911 0.000434 0.000198 0.000002 0.000348 0.000000
0.996397 0.002434 0.000512 0.000249 0.000001 0.000407 0.000000
0.994993 0.003491 0.000742 0.000330 0.000000 0.000444 0.000000
0.993683 0.004447 0.000928 0.000424 0.000000 0.000518 0.000000
0.991914 0.005683 0.001260 0.000541 0.000000 0.000601 0.000000
0.989927 0.006990 0.001596 0.000734 0.000000 0.000752 0.000000
0.987740 0.008333 0.002069 0.000934 0.000000 0.000924 0.000000
0.984347 0.010565 0.002664 0.001215 0.000000 0.001209 0.000000
0.981608 0.012287 0.003190 0.001435 0.000002 0.001477 0.000000
0.978112 0.014560 0.003829 0.001716 0.000012 0.001771 0.000000
0.973782 0.017253 0.004611 0.002194 0.000015 0.002146 0.000000
0.969383 0.019852 0.005393 0.002683 0.000016 0.002672 0.000000
0.965247 0.022199 0.006194 0.003164 0.000013 0.003183 0.000000
0.959701 0.025466 0.007169 0.003728 0.000015 0.003920 0.000000
0.953025 0.029388 0.008564 0.004403 0.000017 0.004603 0.000000
0.946501 0.033022 0.009744 0.005152 0.000023 0.005557 0.000000
0.940141 0.036610 0.010971 0.005742 0.000023 0.006513 0.000000
0.932833 0.040639 0.012600 0.006359 0.000023 0.007547 0.000000
0.925601 0.044675 0.013939 0.007140 0.000025 0.008620 0.000000
0.918421 0.048411 0.015383 0.007983 0.000028 0.009774 0.000000
0.909530 0.052902 0.017388 0.008848 0.000029 0.011303 0.000000
0.899032 0.058171 0.019634 0.010049 0.000029 0.013084 0.000000
0.891425 0.061831 0.021156 0.010922 0.000034 0.014632 0.000000
0.882117 0.066172 0.023259 0.011906 0.000036 0.016509 0.000000
0.871415 0.070905 0.025551 0.013274 0.000045 0.018810 0.000000
0.862118 0.074823 0.027658 0.014466 0.000056 0.020879 0.000000
0.852554 0.078520 0.029996 0.015727 0.000062 0.023142 0.000000
0.841662 0.082789 0.032451 0.017079 0.000070 0.025950 0.000000
0.832713 0.086233 0.034514 0.018077 0.000090 0.028373 0.000000
0.823162 0.089504 0.037005 0.019110 0.000088 0.031130 0.000001
0.811699 0.093723 0.039758 0.020388 0.000100 0.034331 0.000002
0.801716 0.096611 0.042250 0.021646 0.000108 0.037668 0.000002
0.790928 0.099838 0.044880 0.023042 0.000114 0.041194 0.000004
0.782124 0.102238 0.047045 0.024143 0.000130 0.044315 0.000004
0.771392 0.104862 0.049885 0.025422 0.000148 0.048288 0.000004
0.761056 0.107282 0.052597 0.026752 0.000155 0.052153 0.000005
0.751790 0.108865 0.054840 0.027986 0.000168 0.056345 0.000006
0.742285 0.110510 0.057229 0.029206 0.000176 0.060589 0.000006
0.734074 0.111868 0.058962 0.030225 0.000186 0.064679 0.000006
0.724704 0.113446 0.060917 0.031507 0.000204 0.069215 0.000007
0.714994 0.114511 0.063291 0.032878 0.000226 0.074091 0.000009
0.707149 0.115279 0.065143 0.033764 0.000237 0.078419 0.000009
0.698752 0.115838 0.067003 0.034789 0.000256 0.083352 0.000010
0.690639 0.116511 0.068652 0.035672 0.000268 0.088247 0.000010
0.680966 0.117211 0.070696 0.036819 0.000288 0.094010 0.000010
0.673603 0.116689 0.072306 0.037864 0.000309 0.099216 0.000013
0.665883 0.116476 0.073832 0.038764 0.000327 0.104702 0.000014
0.658423 0.115889 0.075619 0.039687 0.000333 0.110031 0.000018
0.651549 0.115281 0.076834 0.040393 0.000345 0.115579 0.000019
0.644679 0.114548 0.078054 0.040890 0.000364 0.121446 0.000019
0.638627 0.113904 0.079152 0.041346 0.000373 0.126578 0.000020
0.631386 0.113080 0.080224 0.041989 0.000391 0.132908 0.000021
0.626500 0.112333 0.080793 0.042455 0.000389 0.137509 0.000022
0.619744 0.110992 0.081835 0.043073 0.000393 0.143940 0.000023
0.613608 0.109510 0.082644 0.043487 0.000422 0.150305 0.000025
0.608768 0.108279 0.083148 0.043813 0.000429 0.155538 0.000024
0.602653 0.106534 0.083687 0.044231 0.000426 0.162443 0.000025
0.598794 0.104593 0.084093 0.044436 0.000437 0.167623 0.000025
0.593693 0.102818 0.084354 0.044629 0.000442 0.174039 0.000026
0.590739 0.101258 0.084403 0.044615 0.000461 0.178498 0.000026
0.585433 0.099293 0.084763 0.044823 0.000473 0.185189 0.000026
0.581357 0.097333 0.084631 0.044686 0.000493 0.191472 0.000028
0.579054 0.096249 0.084222 0.044451 0.000498 0.195496 0.000029
0.575480 0.094065 0.083881 0.044401 0.000530 0.201612 0.000031
0.572489 0.092468 0.083601 0.044258 0.000541 0.206613 0.000030
0.568369 0.090713 0.083307 0.044129 0.000555 0.212896 0.000033
0.566160 0.088901 0.082764 0.043898 0.000569 0.217672 0.000035
0.563974 0.086843 0.082299 0.043568 0.000585 0.222694 0.000037
0.562335 0.085188 0.081681 0.043190 0.000599 0.226968 0.000039
0.559894 0.083120 0.080892 0.042635 0.000610 0.232807 0.000041
0.559187 0.081838 0.079969 0.041949 0.000614 0.236400 0.000042
0.556804 0.079841 0.079244 0.041632 0.000634 0.241802 0.000043
0.555728 0.078446 0.078249 0.041227 0.000642 0.245662 0.000046
0.555198 0.077331 0.077425 0.040695 0.000646 0.248654 0.000050
0.553213 0.075527 0.076413 0.040270 0.000654 0.253874 0.000050
0.552205 0.074204 0.075745 0.039831 0.000652 0.257311 0.000051
0.550195 0.072674 0.075187 0.039376 0.000661 0.261849 0.000060
0.549899 0.070873 0.074195 0.038807 0.000657 0.265512 0.000058
0.548421 0.069662 0.073413 0.038504 0.000669 0.269272 0.000061
0.548582 0.068154 0.072156 0.037937 0.000657 0.272449 0.000065
0.547895 0.067038 0.071365 0.037495 0.000645 0.275495 0.000068
0.547046 0.065914 0.070423 0.036916 0.000663 0.278968 0.000069
0.546741 0.064825 0.069469 0.036465 0.000660 0.281767 0.000073
0.546585 0.063919 0.068527 0.036135 0.000662 0.284090 0.000082
0.546105 0.062868 0.067544 0.035599 0.000661 0.287138 0.000083
0.546100 0.061626 0.066640 0.035074 0.000666 0.289813 0.000082
0.544858 0.060016 0.065760 0.034477 0.000677 0.294128 0.000084
0.545287 0.059845 0.065428 0.034112 0.000695 0.294545 0.000088
0.544630 0.058154 0.064348 0.033461 0.000695 0.298618 0.000095
0.545842 0.057119 0.062978 0.032891 0.000687 0.300388 0.000096
0.544612 0.055768 0.061972 0.032504 0.000680 0.304367 0.000098
0.545417 0.055191 0.061313 0.032223 0.000678 0.305073 0.000105
0.544472 0.053816 0.060421 0.031692 0.000687 0.308803 0.000109
0.545550 0.052714 0.059390 0.031294 0.000672 0.310273 0.000106
0.546797 0.051765 0.058138 0.030793 0.000673 0.311723 0.000111
0.546645 0.050876 0.057459 0.030320 0.000671 0.313918 0.000111
0.547088 0.050053 0.056670 0.029846 0.000654 0.315578 0.000110
0.546831 0.048900 0.055649 0.029067 0.000664 0.318778 0.000111
0.547580 0.048442 0.054767 0.028701 0.000664 0.319733 0.000113
0.548450 0.047189 0.053956 0.028286 0.000665 0.321339 0.000116
0.549470 0.046222 0.053161 0.027829 0.000653 0.322548 0.000118
0.550530 0.045309 0.052254 0.027296 0.000646 0.323843 0.000121
0.551394 0.044841 0.051467 0.026828 0.000639 0.324702 0.000128
0.552658 0.043640 0.050197 0.026354 0.000639 0.326386 0.000126
0.553412 0.042924 0.049421 0.026004 0.000629 0.327485 0.000125
0.554356 0.042275 0.048733 0.025645 0.000621 0.328242 0.000128
0.554973 0.041541 0.048285 0.025287 0.000613 0.329174 0.000127
0.555844 0.040812 0.047417 0.024757 0.000614 0.330430 0.000127
0.556754 0.040191 0.046521 0.024178 0.000627 0.331597 0.000131
0.557903 0.039496 0.045881 0.023866 0.000625 0.332095 0.000134
0.559165 0.039001 0.044859 0.023426 0.000623 0.332793 0.000133
0.560137 0.038138 0.043873 0.022884 0.000622 0.334209 0.000137
0.560897 0.037742 0.043443 0.022763 0.000603 0.334407 0.000144
0.562749 0.037548 0.042685 0.022448 0.000594 0.333831 0.000145
0.564035 0.036462 0.041760 0.021956 0.000577 0.335056 0.000153
0.565400 0.036238 0.041288 0.021753 0.000574 0.334593 0.000154
0.566553 0.035473 0.040510 0.021368 0.000564 0.335368 0.000163
0.568321 0.034651 0.039887 0.021116 0.000553 0.335315 0.000157
0.571054 0.033548 0.039225 0.020620 0.000555 0.334834 0.000163
0.573733 0.031895 0.038514 0.020074 0.000559 0.335058 0.000167
0.577566 0.030603 0.037745 0.019449 0.000566 0.333900 0.000171
0.580382 0.029332 0.037346 0.019121 0.000556 0.333091 0.000170
0.583120 0.027850 0.036648 0.018476 0.000549 0.333179 0.000178
0.586610 0.026260 0.035635 0.017852 0.000539 0.332926 0.000178
0.590802 0.024970 0.034992 0.017306 0.000557 0.331195 0.000179
0.594420 0.023575 0.034326 0.016805 0.000553 0.330144 0.000177
0.598430 0.022171 0.033066 0.016059 0.000539 0.329551 0.000183
0.601729 0.020848 0.032360 0.015565 0.000548 0.328768 0.000183
0.605282 0.019693 0.031264 0.014933 0.000532 0.328113 0.000184
0.609258 0.018510 0.030362 0.014392 0.000537 0.326761 0.000180
0.613791 0.017285 0.029111 0.013693 0.000520 0.325417 0.000183
0.617502 0.016303 0.028525 0.013222 0.000510 0.323756 0.000182
0.621361 0.015283 0.027543 0.012674 0.000498 0.322454 0.000186
0.626283 0.014216 0.026469 0.012048 0.000497 0.320293 0.000195
0.629527 0.013566 0.025776 0.011755 0.000480 0.318707 0.000189
0.634674 0.012534 0.024525 0.010989 0.000473 0.316611 0.000193
0.638685 0.011877 0.023910 0.010649 0.000474 0.314209 0.000194
0.642739 0.011027 0.022937 0.010153 0.000441 0.312501 0.000201
0.646577 0.010264 0.022134 0.009778 0.000443 0.310604 0.000199
0.650645 0.009648 0.021271 0.009342 0.000428 0.308470 0.000197
0.654972 0.008994 0.020307 0.008814 0.000429 0.306280 0.000204
0.659729 0.008342 0.019399 0.008337 0.000423 0.303565 0.000204
0.663266 0.007809 0.018649 0.007983 0.000424 0.301666 0.000203
0.667696 0.007322 0.017957 0.007606 0.000411 0.298808 0.000201
0.672283 0.006767 0.016868 0.007044 0.000387 0.296447 0.000205
0.675632 0.006454 0.016339 0.006806 0.000371 0.294196 0.000202
0.679254 0.006045 0.015584 0.006468 0.000366 0.292076 0.000207
0.684574 0.005576 0.014782 0.006009 0.000339 0.288517 0.000205
0.688570 0.005269 0.014292 0.005806 0.000341 0.285513 0.000210
0.691945 0.004926 0.013568 0.005517 0.000329 0.283505 0.000210
0.696031 0.004668 0.012988 0.005207 0.000333 0.280563 0.000209
0.700424 0.004310 0.012259 0.004938 0.000324 0.277543 0.000203
0.703636 0.004028 0.011882 0.004729 0.000330 0.275186 0.000209
0.707573 0.003733 0.011167 0.004466 0.000311 0.272531 0.000219
0.711306 0.003496 0.010584 0.004171 0.000302 0.269932 0.000209
0.717241 0.003236 0.009963 0.003945 0.000289 0.265112 0.000213
0.719902 0.003021 0.009483 0.003752 0.000273 0.263365 0.000204
0.723591 0.002823 0.009073 0.003569 0.000278 0.260452 0.000214
0.727160 0.002655 0.008712 0.003422 0.000270 0.257562 0.000219
0.730549 0.002444 0.008141 0.003208 0.000266 0.255178 0.000213
0.734292 0.002314 0.007857 0.003049 0.000253 0.252028 0.000207
0.739192 0.002129 0.007352 0.002888 0.000243 0.247984 0.000212
0.741330 0.002041 0.007045 0.002745 0.000245 0.246381 0.000212
0.744309 0.001919 0.006709 0.002539 0.000215 0.244099 0.000210
0.749049 0.001771 0.006307 0.002415 0.000215 0.240022 0.000220
0.752296 0.001659 0.005914 0.002222 0.000216 0.237490 0.000204
0.755618 0.001560 0.005611 0.002090 0.000207 0.234704 0.000210
0.759787 0.001408 0.005250 0.002029 0.000189 0.231125 0.000211
0.762692 0.001381 0.005005 0.001863 0.000182 0.228660 0.000217
0.765784 0.001250 0.004664 0.001729 0.000187 0.226178 0.000208
0.768306 0.001221 0.004587 0.001685 0.000184 0.223807 0.000210
0.771818 0.001145 0.004279 0.001575 0.000176 0.220789 0.000218
0.775525 0.001050 0.003999 0.001469 0.000180 0.217561 0.000216
0.780317 0.000971 0.003705 0.001362 0.000165 0.213254 0.000227
0.782192 0.000927 0.003504 0.001292 0.000152 0.211720 0.000212
0.785308 0.000854 0.003331 0.001255 0.000151 0.208883 0.000219
0.789151 0.000821 0.003120 0.001168 0.000142 0.205385 0.000213
0.791571 0.000779 0.002981 0.001092 0.000133 0.203223 0.000221
0.794614 0.000728 0.002822 0.001042 0.000127 0.200451 0.000217
0.797935 0.000691 0.002634 0.000971 0.000124 0.197427 0.000218
0.799781 0.000667 0.002489 0.000944 0.000123 0.195776 0.000219
0.802265 0.000631 0.002358 0.000906 0.000112 0.193498 0.000230
0.806057 0.000594 0.002250 0.000835 0.000104 0.189958 0.000203
0.809288 0.000562 0.002111 0.000782 0.000108 0.186933 0.000217
0.811139 0.000534 0.001968 0.000726 0.000102 0.185315 0.000216
0.813770 0.000521 0.001911 0.000686 0.000113 0.182783 0.000217
0.817262 0.000446 0.001781 0.000654 0.000109 0.179538 0.000210
0.819994 0.000420 0.001632 0.000610 0.000103 0.177017 0.000224
0.823507 0.000390 0.001528 0.000573 0.000093 0.173702 0.000207
0.824515 0.000373 0.001493 0.000569 0.000098 0.172744 0.000207
0.825955 0.000371 0.001422 0.000530 0.000103 0.171390 0.000229
0.829365 0.000367 0.001380 0.000510 0.000101 0.168065 0.000211
0.832866 0.000348 0.001293 0.000467 0.000087 0.164730 0.000209
0.834802 0.000319 0.001236 0.000461 0.000085 0.162885 0.000211
0.837758 0.000319 0.001158 0.000475 0.000090 0.159984 0.000215
0.840918 0.000295 0.001074 0.000419 0.000072 0.157013 0.000209
0.843829 0.000270 0.000993 0.000384 0.000068 0.154248 0.000208
0.844032 0.000245 0.000944 0.000377 0.000073 0.154113 0.000216
0.845888 0.000248 0.000910 0.000367 0.000069 0.152306 0.000211
0.850098 0.000250 0.000865 0.000325 0.000064 0.148204 0.000193
0.851449 0.000234 0.000849 0.000328 0.000060 0.146872 0.000208
0.853930 0.000204 0.000805 0.000307 0.000057 0.144476 0.000219
0.856118 0.000200 0.000763 0.000289 0.000067 0.142352 0.000210
0.860738 0.000183 0.000720 0.000264 0.000054 0.137835 0.000206
0.862746 0.000174 0.000702 0.000258 0.000054 0.135856 0.000210
0.864006 0.000171 0.000663 0.000249 0.000061 0.134644 0.000206
0.866113 0.000154 0.000641 0.000241 0.000055 0.132593 0.000203
0.868400 0.000138 0.000621 0.000240 0.000054 0.130339 0.000208
0.870192 0.000142 0.000609 0.000225 0.000049 0.128566 0.000218
0.871939 0.000144 0.000575 0.000223 0.000048 0.126841 0.000230
0.874769 0.000138 0.000542 0.000211 0.000040 0.124094 0.000206
0.877449 0.000126 0.000545 0.000182 0.000044 0.121460 0.000195
0.880763 0.000125 0.000502 0.000177 0.000039 0.118200 0.000195
0.882655 0.000117 0.000454 0.000177 0.000036 0.116364 0.000196
0.884063 0.000107 0.000433 0.000172 0.000040 0.114991 0.000195
0.884229 0.000113 0.000404 0.000163 0.000032 0.114860 0.000199
0.888727 0.000104 0.000384 0.000142 0.000037 0.110400 0.000206
0.888419 0.000084 0.000362 0.000159 0.000033 0.110752 0.000190
0.891865 0.000094 0.000367 0.000133 0.000037 0.107290 0.000214
0.894034 0.000086 0.000348 0.000114 0.000034 0.105189 0.000194
0.896183 0.000076 0.000339 0.000102 0.000024 0.103089 0.000188
0.898449 0.000066 0.000333 0.000108 0.000028 0.100838 0.000179
0.899045 0.000075 0.000308 0.000108 0.000032 0.100234 0.000199
0.903331 0.000068 0.000290 0.000099 0.000026 0.095988 0.000198
0.902090 0.000073 0.000276 0.000121 0.000026 0.097226 0.000188
0.905931 0.000068 0.000259 0.000097 0.000031 0.093426 0.000188
0.905385 0.000053 0.000260 0.000099 0.000028 0.093995 0.000179
0.908272 0.000044 0.000234 0.000092 0.000029 0.091148 0.000182
0.909248 0.000056 0.000213 0.000093 0.000028 0.090185 0.000177
0.910587 0.000057 0.000210 0.000097 0.000025 0.088840 0.000185
0.911615 0.000050 0.000203 0.000084 0.000024 0.087855 0.000169
0.913840 0.000056 0.000188 0.000071 0.000025 0.085642 0.000177
0.914526 0.000051 0.000177 0.000074 0.000031 0.084980 0.000161
0.916530 0.000052 0.000162 0.000063 0.000026 0.082982 0.000185
0.918913 0.000044 0.000143 0.000063 0.000026 0.080644 0.000168
0.919183 0.000038 0.000128 0.000063 0.000023 0.080394 0.000171
0.920058 0.000045 0.000130 0.000063 0.000021 0.079519 0.000165
0.921695 0.000043 0.000126 0.000061 0.000018 0.077910 0.000147
0.921820 0.000039 0.000113 0.000054 0.000023 0.077800 0.000150
0.923498 0.000035 0.000118 0.000047 0.000019 0.076124 0.000159
0.923731 0.000038 0.000120 0.000064 0.000023 0.075865 0.000158
0.925600 0.000035 0.000112 0.000051 0.000012 0.074047 0.000143
0.924191 0.000030 0.000125 0.000056 0.000016 0.075429 0.000152
0.926389 0.000026 0.000098 0.000050 0.000013 0.073278 0.000145
0.927027 0.000031 0.000091 0.000039 0.000014 0.072657 0.000141
0.927241 0.000034 0.000087 0.000051 0.000014 0.072432 0.000142
0.928220 0.000029 0.000074 0.000039 0.000018 0.071471 0.000148
0.928820 0.000031 0.000062 0.000031 0.000021 0.070891 0.000145
0.929220 0.000029 0.000072 0.000033 0.000015 0.070487 0.000144
0.929654 0.000025 0.000059 0.000038 0.000012 0.070068 0.000143
0.930382 0.000028 0.000050 0.000037 0.000009 0.069362 0.000132
0.930238 0.000018 0.000053 0.000044 0.000006 0.069498 0.000143
0.930520 0.000023 0.000060 0.000030 0.000010 0.069214 0.000143
0.931793 0.000016 0.000045 0.000029 0.000006 0.067972 0.000139
0.931483 0.000012 0.000048 0.000026 0.000008 0.068286 0.000137
0.931903 0.000011 0.000044 0.000030 0.000005 0.067867 0.000140
0.932089 0.000013 0.000042 0.000028 0.000005 0.067691 0.000132
0.932283 0.000011 0.000042 0.000022 0.000007 0.067496 0.000138
0.932567 0.000009 0.000046 0.000022 0.000006 0.067213 0.000137
0.932157 0.000013 0.000037 0.000029 0.000006 0.067630 0.000128
0.932893 0.000010 0.000031 0.000020 0.000006 0.066908 0.000131
0.932930 0.000012 0.000037 0.000022 0.000006 0.066855 0.000138
0.933274 0.000012 0.000026 0.000017 0.000006 0.066526 0.000139
0.933484 0.000012 0.000033 0.000020 0.000009 0.066305 0.000137
0.933809 0.000006 0.000032 0.000013 0.000004 0.066001 0.000136
0.933797 0.000006 0.000028 0.000014 0.000005 0.066014 0.000136
0.933817 0.000007 0.000036 0.000017 0.000003 0.065984 0.000136
0.933939 0.000002 0.000028 0.000013 0.000003 0.065878 0.000136
0.934077 0.000002 0.000021 0.000011 0.000004 0.065755 0.000130
0.934302 0.000003 0.000024 0.000002 0.000005 0.065523 0.000141
0.934496 0.000002 0.000017 0.000005 0.000002 0.065346 0.000131
0.934402 0.000002 0.000023 0.000005 0.000004 0.065431 0.000132
0.934530 0.000010 0.000023 0.000004 0.000004 0.065295 0.000135
0.934532 0.000011 0.000023 0.000005 0.000003 0.065292 0.000134
0.934623 0.000005 0.000014 0.000007 0.000004 0.065210 0.000137
0.934797 0.000006 0.000012 0.000004 0.000002 0.065040 0.000138
0.934655 0.000005 0.000010 0.000008 0.000002 0.065183 0.000136
0.934862 0.000004 0.000007 0.000006 0.000003 0.064987 0.000130
0.934871 0.000010 0.000007 0.000007 0.000002 0.064971 0.000132
0.934938 0.000011 0.000006 0.000008 0.000002 0.064905 0.000129
0.934929 0.000010 0.000006 0.000004 0.000002 0.064916 0.000132
0.934973 0.000007 0.000008 0.000005 0.000004 0.064872 0.000132
0.935048 0.000012 0.000004 0.000004 0.000004 0.064797 0.000132
0.935056 0.000010 0.000005 0.000007 0.000002 0.064786 0.000134
0.935046 0.000004 0.000007 0.000005 0.000003 0.064800 0.000136
0.935058 0.000005 0.000005 0.000003 0.000004 0.064791 0.000135
0.935079 0.000010 0.000003 0.000005 0.000004 0.064767 0.000131
0.935108 0.000008 0.000002 0.000005 0.000006 0.064741 0.000130
0.935133 0.000014 0.000005 0.000005 0.000003 0.064708 0.000132
0.935097 0.000007 0.000004 0.000002 0.000004 0.064753 0.000133
0.935155 0.000008 0.000004 0.000004 0.000005 0.064693 0.000131
0.935150 0.000007 0.000005 0.000002 0.000003 0.064702 0.000130
0.935208 0.000010 0.000009 0.000002 0.000004 0.064633 0.000135
0.935063 0.000005 0.000003 0.000001 0.000001 0.064797 0.000130
