0.999256 0.000462 0.000193 0.000085 0.000000 0.000005 0.000000
0.999142 0.000450 0.000102 0.000025 0.000000 0.000280 0.000000
0.998741 0.000792 0.000186 0.000056 0.000000 0.000224 0.000000
0.998324 0.001098 0.000240 0.000087 0.000001 0.000250 0.000000
0.998032 0.001282 0.000273 0.000101 0.000001 0.000311 0.000000
0.997621 0.001568 0.000342 0.000140 0.000001 0.000328 0.000000
0.996889 0.002092 0.000475 0.000186 0.000002 0.000355 0.000000
0.996187 0.002583 0.000558 0.000245 0.000001 0.000426 0.000000
0.995012 0.003492 0.000721 0.000313 0.000000 0.000462 0.000000
0.993496 0.004579 0.001001 0.000414 0.000000 0.000509 0.000000
0.991896 0.005689 0.001309 0.000525 0.000000 0.000580 0.000000
0.989662 0.007154 0.001727 0.000737 0.000000 0.000720 0.000000
0.987651 0.008362 0.002189 0.000892 0.000000 0.000907 0.000000
0.984880 0.010173 0.002648 0.001180 0.000000 0.001119 0.000000
0.981395 0.012475 0.003321 0.001423 0.000001 0.001385 0.000000
0.977868 0.014703 0.003971 0.001738 0.000005 0.001714 0.000000
0.972917 0.017779 0.004859 0.002239 0.000005 0.002202 0.000000
0.968383 0.020513 0.005649 0.002686 0.000008 0.002761 0.000000
0.963705 0.023146 0.006577 0.003226 0.000009 0.003337 0.000000
0.958766 0.025972 0.007601 0.003766 0.000015 0.003881 0.000000
0.950906 0.030425 0.009080 0.004579 0.000021 0.004988 0.000000
0.945239 0.033612 0.010078 0.005242 0.000027 0.005802 0.000000
0.938239 0.037504 0.011530 0.005882 0.000025 0.006821 0.000000
0.930892 0.041506 0.013018 0.006610 0.000033 0.007942 0.000000
0.922273 0.046107 0.014714 0.007611 0.000040 0.009255 0.000000
0.915380 0.049480 0.016140 0.008473 0.000036 0.010492 0.000000
0.907918 0.053276 0.017813 0.009257 0.000040 0.011697 0.000000
0.897552 0.058391 0.020077 0.010385 0.000053 0.013542 0.000000
0.889290 0.062368 0.021788 0.011350 0.000060 0.015145 0.000000
0.878723 0.067244 0.024102 0.012481 0.000071 0.017379 0.000000
0.868743 0.071700 0.026257 0.013603 0.000081 0.019616 0.000000
0.860385 0.075130 0.028089 0.014696 0.000089 0.021610 0.000000
0.851011 0.078628 0.030399 0.015878 0.000092 0.023992 0.000000
0.839779 0.083343 0.032965 0.017082 0.000094 0.026737 0.000000
0.830605 0.086524 0.035227 0.018338 0.000101 0.029204 0.000000
0.822154 0.089244 0.037499 0.019490 0.000106 0.031506 0.000001
0.810928 0.092731 0.040373 0.020906 0.000114 0.034947 0.000002
0.802108 0.095382 0.042493 0.021913 0.000126 0.037977 0.000002
0.792805 0.098040 0.044749 0.022964 0.000139 0.041300 0.000002
0.783398 0.100560 0.047088 0.024183 0.000159 0.044610 0.000002
0.774340 0.102748 0.049516 0.025234 0.000160 0.048000 0.000002
0.763379 0.105388 0.052183 0.026656 0.000175 0.052216 0.000002
0.754048 0.107136 0.054427 0.027870 0.000193 0.056324 0.000002
0.745457 0.108521 0.056335 0.029078 0.000198 0.060410 0.000001
0.738300 0.109659 0.057923 0.029855 0.000204 0.064056 0.000003
0.728842 0.111261 0.060089 0.031049 0.000210 0.068545 0.000004
0.720509 0.111865 0.062134 0.032110 0.000233 0.073142 0.000006
0.713838 0.112415 0.063744 0.032736 0.000243 0.077018 0.000006
0.703770 0.113550 0.065983 0.033921 0.000270 0.082500 0.000006
0.697163 0.113969 0.067457 0.034704 0.000284 0.086414 0.000008
0.688723 0.114206 0.069398 0.035680 0.000300 0.091684 0.000007
0.681025 0.113937 0.071010 0.036649 0.000323 0.097048 0.000009
0.673895 0.114667 0.072156 0.037339 0.000338 0.101593 0.000011
0.667205 0.114339 0.073418 0.038054 0.000349 0.106619 0.000015
0.660449 0.114041 0.074575 0.038656 0.000374 0.111891 0.000014
0.653548 0.113518 0.075855 0.039371 0.000380 0.117316 0.000013
0.647415 0.113046 0.076971 0.039950 0.000378 0.122226 0.000013
0.640587 0.112814 0.078015 0.040522 0.000389 0.127659 0.000014
0.635003 0.112298 0.078711 0.040942 0.000390 0.132643 0.000013
0.628264 0.111441 0.079730 0.041464 0.000401 0.138685 0.000015
0.621916 0.110262 0.080635 0.042005 0.000427 0.144737 0.000017
0.616251 0.109418 0.081548 0.042410 0.000463 0.149892 0.000018
0.610525 0.108207 0.082139 0.042912 0.000464 0.155734 0.000019
0.606077 0.107027 0.082515 0.043142 0.000477 0.160741 0.000021
0.599949 0.105419 0.083214 0.043458 0.000507 0.167432 0.000020
0.595921 0.104166 0.083562 0.043539 0.000529 0.172260 0.000023
0.590921 0.102407 0.084024 0.043679 0.000547 0.178398 0.000023
0.585946 0.101054 0.084150 0.043616 0.000552 0.184657 0.000024
0.582117 0.099695 0.084158 0.043740 0.000560 0.189703 0.000027
0.578066 0.097650 0.084105 0.043826 0.000568 0.195757 0.000028
0.574811 0.095548 0.083938 0.043827 0.000582 0.201265 0.000029
0.571730 0.093957 0.083500 0.043714 0.000593 0.206473 0.000033
0.568532 0.092135 0.083187 0.043639 0.000606 0.211864 0.000035
0.565533 0.090262 0.082944 0.043452 0.000625 0.217147 0.000037
0.562719 0.088705 0.082592 0.043247 0.000631 0.222066 0.000040
0.560827 0.086291 0.081755 0.042906 0.000640 0.227540 0.000041
0.558817 0.084788 0.081273 0.042680 0.000653 0.231749 0.000041
0.557195 0.083024 0.080469 0.042353 0.000665 0.236248 0.000045
0.555262 0.081119 0.079730 0.041902 0.000665 0.241266 0.000056
0.553452 0.079496 0.079271 0.041670 0.000682 0.245374 0.000054
0.551766 0.077489 0.078250 0.041359 0.000706 0.250370 0.000060
0.550697 0.075935 0.077388 0.040784 0.000701 0.254434 0.000061
0.549027 0.074008 0.076449 0.040373 0.000715 0.259363 0.000066
0.548656 0.072548 0.075525 0.039738 0.000707 0.262762 0.000064
0.547593 0.070801 0.074443 0.039320 0.000712 0.267062 0.000070
0.547568 0.069610 0.073432 0.038866 0.000707 0.269749 0.000068
0.545688 0.068096 0.072558 0.038459 0.000721 0.274407 0.000070
0.545833 0.066920 0.071414 0.037835 0.000714 0.277211 0.000074
0.545936 0.065833 0.070288 0.037355 0.000713 0.279795 0.000080
0.544860 0.064427 0.069213 0.036853 0.000705 0.283858 0.000085
0.545069 0.063745 0.068329 0.036413 0.000705 0.285651 0.000089
0.544757 0.062367 0.067334 0.035915 0.000715 0.288823 0.000089
0.543503 0.060815 0.066414 0.035374 0.000736 0.293066 0.000091
0.542672 0.059865 0.065635 0.034900 0.000742 0.296091 0.000095
0.543055 0.058897 0.064802 0.034425 0.000733 0.297989 0.000099
0.543621 0.057588 0.063610 0.033764 0.000730 0.300582 0.000104
0.542278 0.056293 0.062862 0.033345 0.000730 0.304383 0.000109
0.542749 0.055391 0.061992 0.032787 0.000738 0.306230 0.000112
0.542152 0.054501 0.061179 0.032369 0.000722 0.308963 0.000115
0.542554 0.053368 0.060153 0.031889 0.000719 0.311203 0.000114
0.543463 0.052268 0.058933 0.031368 0.000712 0.313143 0.000114
0.543600 0.051172 0.058041 0.030848 0.000715 0.315503 0.000120
0.544740 0.050394 0.057160 0.030261 0.000685 0.316644 0.000117
0.544393 0.048881 0.056189 0.029707 0.000707 0.320001 0.000122
0.545322 0.048079 0.055274 0.029281 0.000708 0.321215 0.000122
0.545854 0.047179 0.054604 0.028996 0.000706 0.322542 0.000119
0.547900 0.046017 0.053625 0.028544 0.000697 0.323102 0.000116
0.548080 0.045153 0.052684 0.028035 0.000702 0.325218 0.000128
0.548778 0.044367 0.051872 0.027671 0.000702 0.326475 0.000135
0.550200 0.043414 0.050872 0.027059 0.000716 0.327611 0.000129
0.551615 0.042742 0.049977 0.026657 0.000714 0.328163 0.000132
0.553140 0.041565 0.048588 0.025804 0.000693 0.330073 0.000136
0.554058 0.041475 0.048384 0.025586 0.000687 0.329673 0.000137
0.554948 0.040749 0.047516 0.025215 0.000675 0.330756 0.000141
0.556223 0.040145 0.046725 0.024707 0.000687 0.331375 0.000138
0.557308 0.039372 0.046085 0.024257 0.000679 0.332157 0.000142
0.558689 0.038790 0.045331 0.023743 0.000678 0.332630 0.000139
0.559406 0.037937 0.044307 0.023304 0.000671 0.334228 0.000147
0.560692 0.037356 0.043501 0.023012 0.000665 0.334625 0.000149
0.561954 0.037157 0.042917 0.022627 0.000658 0.334539 0.000149
0.564418 0.036534 0.041904 0.022175 0.000641 0.334172 0.000156
0.565563 0.035620 0.041172 0.021678 0.000627 0.335182 0.000157
0.565861 0.035331 0.040736 0.021473 0.000629 0.335808 0.000161
0.568346 0.034586 0.039791 0.020919 0.000622 0.335579 0.000158
0.571132 0.033491 0.039194 0.020445 0.000621 0.334957 0.000160
0.573480 0.032261 0.038454 0.020047 0.000616 0.334977 0.000164
0.576657 0.030949 0.037687 0.019429 0.000627 0.334491 0.000162
0.579121 0.029765 0.037366 0.019039 0.000626 0.333918 0.000165
0.582412 0.028189 0.036535 0.018465 0.000609 0.333623 0.000167
0.585423 0.026600 0.035635 0.017900 0.000616 0.333652 0.000174
0.589518 0.025341 0.034985 0.017391 0.000618 0.331977 0.000171
0.593479 0.023805 0.034217 0.016808 0.000607 0.330908 0.000175
0.596972 0.022474 0.033121 0.016223 0.000593 0.330440 0.000176
0.600558 0.021330 0.032440 0.015734 0.000586 0.329169 0.000182
0.604345 0.020057 0.031378 0.015033 0.000564 0.328448 0.000175
0.609044 0.018593 0.030227 0.014390 0.000559 0.327004 0.000182
0.612435 0.017469 0.029470 0.013810 0.000544 0.326084 0.000186
0.616862 0.016433 0.028768 0.013350 0.000535 0.323867 0.000185
0.620438 0.015307 0.027618 0.012682 0.000525 0.323242 0.000189
0.623660 0.014400 0.026908 0.012305 0.000513 0.322024 0.000189
0.629195 0.013453 0.025809 0.011676 0.000495 0.319180 0.000192
0.632610 0.012648 0.025231 0.011310 0.000508 0.317497 0.000196
0.636767 0.011675 0.024387 0.010800 0.000494 0.315683 0.000194
0.641375 0.010884 0.023210 0.010156 0.000482 0.313699 0.000194
0.645390 0.010159 0.022264 0.009726 0.000476 0.311791 0.000195
0.649130 0.009589 0.021522 0.009285 0.000460 0.309820 0.000194
0.653649 0.008851 0.020479 0.008856 0.000458 0.307510 0.000197
0.657921 0.008242 0.019755 0.008451 0.000452 0.304982 0.000197
0.663101 0.007644 0.018722 0.007940 0.000423 0.301971 0.000198
0.665376 0.007161 0.018025 0.007657 0.000419 0.301153 0.000208
0.670958 0.006712 0.017147 0.007291 0.000408 0.297277 0.000208
0.674336 0.006246 0.016332 0.006972 0.000400 0.295507 0.000206
0.678800 0.005817 0.015580 0.006504 0.000396 0.292705 0.000198
0.682050 0.005443 0.015171 0.006303 0.000363 0.290465 0.000204
0.686805 0.005025 0.014362 0.005900 0.000348 0.287350 0.000210
0.690857 0.004654 0.013753 0.005576 0.000342 0.284606 0.000213
0.694878 0.004303 0.013156 0.005319 0.000333 0.281797 0.000215
0.699059 0.004057 0.012510 0.005044 0.000334 0.278780 0.000217
0.701612 0.003733 0.011934 0.004776 0.000321 0.277410 0.000213
0.705906 0.003538 0.011402 0.004576 0.000326 0.274040 0.000213
0.710585 0.003342 0.010578 0.004303 0.000303 0.270676 0.000214
0.714080 0.003095 0.010220 0.004108 0.000297 0.267987 0.000213
0.717518 0.002879 0.009605 0.003849 0.000277 0.265651 0.000220
0.722444 0.002703 0.009049 0.003673 0.000268 0.261643 0.000220
0.725445 0.002545 0.008667 0.003471 0.000267 0.259385 0.000220
0.729374 0.002349 0.008224 0.003266 0.000254 0.256316 0.000217
0.732761 0.002212 0.007685 0.003100 0.000269 0.253742 0.000231
0.736555 0.002088 0.007307 0.002886 0.000256 0.250683 0.000226
0.740128 0.002010 0.007125 0.002744 0.000243 0.247522 0.000227
0.743484 0.001851 0.006692 0.002603 0.000231 0.244905 0.000234
0.747280 0.001682 0.006352 0.002454 0.000223 0.241784 0.000226
0.751564 0.001589 0.005933 0.002298 0.000223 0.238163 0.000231
0.754489 0.001508 0.005709 0.002199 0.000220 0.235652 0.000224
0.758136 0.001393 0.005335 0.002043 0.000212 0.232658 0.000224
0.760581 0.001319 0.005053 0.001960 0.000200 0.230660 0.000226
0.764823 0.001260 0.004817 0.001878 0.000209 0.226792 0.000222
0.767733 0.001181 0.004530 0.001735 0.000191 0.224414 0.000216
0.770264 0.001105 0.004264 0.001591 0.000186 0.222363 0.000227
0.775343 0.000994 0.003992 0.001543 0.000180 0.217727 0.000221
0.779050 0.000906 0.003798 0.001466 0.000173 0.214382 0.000225
0.779312 0.000921 0.003597 0.001370 0.000161 0.214403 0.000236
0.783660 0.000831 0.003417 0.001294 0.000166 0.210404 0.000228
0.787535 0.000796 0.003193 0.001210 0.000141 0.206900 0.000224
0.788977 0.000756 0.003089 0.001206 0.000158 0.205579 0.000235
0.793746 0.000702 0.002872 0.001085 0.000138 0.201231 0.000226
0.794862 0.000664 0.002660 0.001047 0.000129 0.200406 0.000232
0.798496 0.000630 0.002596 0.000980 0.000126 0.196948 0.000223
0.801579 0.000547 0.002370 0.000923 0.000133 0.194210 0.000238
0.804515 0.000524 0.002268 0.000897 0.000126 0.191439 0.000231
0.807749 0.000516 0.002162 0.000855 0.000123 0.188362 0.000233
0.811050 0.000486 0.002060 0.000800 0.000118 0.185263 0.000222
0.813171 0.000479 0.001960 0.000749 0.000114 0.183303 0.000224
0.815879 0.000404 0.001864 0.000708 0.000109 0.180805 0.000230
0.819485 0.000388 0.001760 0.000668 0.000112 0.177355 0.000232
0.821320 0.000368 0.001646 0.000621 0.000104 0.175708 0.000233
0.823520 0.000329 0.001540 0.000593 0.000097 0.173693 0.000229
0.826436 0.000325 0.001430 0.000537 0.000093 0.170948 0.000231
0.829478 0.000306 0.001338 0.000538 0.000089 0.168013 0.000238
0.831540 0.000299 0.001332 0.000523 0.000085 0.165997 0.000225
0.833495 0.000285 0.001225 0.000474 0.000085 0.164207 0.000230
0.836439 0.000274 0.001126 0.000450 0.000084 0.161391 0.000236
0.839104 0.000265 0.001067 0.000445 0.000077 0.158814 0.000227
0.842188 0.000252 0.001013 0.000427 0.000074 0.155812 0.000234
0.842624 0.000240 0.000960 0.000403 0.000073 0.155461 0.000239
0.846618 0.000228 0.000877 0.000387 0.000069 0.151590 0.000231
0.849773 0.000235 0.000852 0.000378 0.000074 0.148458 0.000228
0.851089 0.000203 0.000780 0.000350 0.000072 0.147289 0.000217
0.852326 0.000208 0.000764 0.000329 0.000066 0.146079 0.000226
0.854842 0.000201 0.000751 0.000309 0.000068 0.143622 0.000206
0.856781 0.000210 0.000709 0.000294 0.000067 0.141711 0.000228
0.861102 0.000177 0.000644 0.000269 0.000066 0.137520 0.000223
0.864018 0.000194 0.000633 0.000262 0.000068 0.134607 0.000217
0.863086 0.000190 0.000631 0.000259 0.000064 0.135562 0.000208
0.866847 0.000167 0.000563 0.000230 0.000065 0.131908 0.000220
0.866859 0.000189 0.000580 0.000236 0.000064 0.131846 0.000225
0.869872 0.000157 0.000538 0.000234 0.000058 0.128926 0.000215
0.872937 0.000159 0.000523 0.000210 0.000044 0.125920 0.000208
0.876341 0.000143 0.000514 0.000201 0.000055 0.122526 0.000220
0.877777 0.000144 0.000485 0.000210 0.000052 0.121119 0.000213
0.880487 0.000126 0.000459 0.000188 0.000053 0.118479 0.000209
0.881702 0.000136 0.000461 0.000194 0.000044 0.117251 0.000211
0.883990 0.000124 0.000424 0.000187 0.000050 0.115014 0.000210
0.885724 0.000118 0.000406 0.000173 0.000045 0.113327 0.000207
0.889093 0.000114 0.000372 0.000168 0.000049 0.110005 0.000199
0.890395 0.000107 0.000360 0.000153 0.000056 0.108745 0.000186
0.893821 0.000094 0.000328 0.000151 0.000043 0.105383 0.000181
0.892972 0.000104 0.000350 0.000161 0.000050 0.106149 0.000214
0.897273 0.000098 0.000343 0.000161 0.000048 0.101891 0.000186
0.898447 0.000099 0.000333 0.000151 0.000046 0.100737 0.000187
0.899044 0.000085 0.000339 0.000140 0.000049 0.100140 0.000203
0.900890 0.000090 0.000301 0.000123 0.000048 0.098345 0.000203
0.903059 0.000081 0.000282 0.000137 0.000045 0.096207 0.000189
0.904093 0.000085 0.000263 0.000117 0.000043 0.095202 0.000196
0.904897 0.000080 0.000262 0.000125 0.000042 0.094397 0.000197
0.907859 0.000089 0.000251 0.000113 0.000037 0.091462 0.000188
0.908898 0.000078 0.000236 0.000114 0.000043 0.090443 0.000188
0.911162 0.000072 0.000199 0.000108 0.000046 0.088219 0.000193
0.913339 0.000068 0.000186 0.000110 0.000035 0.086072 0.000191
0.913668 0.000079 0.000192 0.000105 0.000039 0.085736 0.000181
0.914847 0.000071 0.000188 0.000101 0.000037 0.084576 0.000178
0.915642 0.000061 0.000169 0.000091 0.000047 0.083807 0.000183
0.916746 0.000075 0.000169 0.000085 0.000037 0.082711 0.000178
0.918299 0.000053 0.000158 0.000082 0.000036 0.081200 0.000173
0.919030 0.000075 0.000157 0.000069 0.000036 0.080459 0.000174
0.920081 0.000077 0.000152 0.000068 0.000033 0.079417 0.000171
0.921500 0.000056 0.000133 0.000058 0.000031 0.078032 0.000190
0.921495 0.000063 0.000126 0.000059 0.000033 0.078041 0.000184
0.923211 0.000053 0.000131 0.000064 0.000025 0.076343 0.000173
0.924387 0.000058 0.000131 0.000059 0.000021 0.075177 0.000165
0.926167 0.000039 0.000112 0.000062 0.000027 0.073432 0.000162
0.926859 0.000035 0.000109 0.000052 0.000020 0.072762 0.000162
0.926949 0.000033 0.000099 0.000060 0.000024 0.072662 0.000172
0.927791 0.000028 0.000093 0.000057 0.000022 0.071834 0.000174
0.927807 0.000025 0.000092 0.000058 0.000023 0.071841 0.000155
0.928082 0.000035 0.000094 0.000053 0.000019 0.071543 0.000173
0.928869 0.000028 0.000077 0.000056 0.000025 0.070785 0.000161
0.929216 0.000027 0.000076 0.000050 0.000022 0.070438 0.000171
0.930191 0.000027 0.000083 0.000038 0.000022 0.069476 0.000164
0.930280 0.000023 0.000088 0.000040 0.000016 0.069383 0.000169
0.931763 0.000017 0.000064 0.000036 0.000011 0.067958 0.000152
0.931747 0.000023 0.000077 0.000040 0.000010 0.067950 0.000152
0.932415 0.000015 0.000063 0.000024 0.000012 0.067322 0.000148
0.932635 0.000012 0.000061 0.000031 0.000010 0.067102 0.000149
0.932883 0.000018 0.000053 0.000031 0.000011 0.066858 0.000146
0.933309 0.000010 0.000056 0.000029 0.000007 0.066441 0.000149
0.933554 0.000015 0.000051 0.000024 0.000007 0.066205 0.000145
0.933785 0.000009 0.000047 0.000023 0.000007 0.065979 0.000150
0.934281 0.000007 0.000042 0.000019 0.000008 0.065491 0.000152
0.934396 0.000007 0.000042 0.000024 0.000009 0.065374 0.000148
0.934310 0.000009 0.000041 0.000021 0.000005 0.065456 0.000157
0.934789 0.000010 0.000034 0.000020 0.000004 0.064997 0.000147
0.934963 0.000015 0.000027 0.000020 0.000006 0.064819 0.000150
0.935044 0.000014 0.000027 0.000016 0.000004 0.064752 0.000143
0.935209 0.000015 0.000024 0.000022 0.000002 0.064585 0.000143
0.935645 0.000006 0.000021 0.000014 0.000003 0.064171 0.000140
0.935635 0.000006 0.000024 0.000011 0.000004 0.064179 0.000141
0.935762 0.000012 0.000024 0.000011 0.000004 0.064044 0.000143
0.935887 0.000008 0.000018 0.000009 0.000003 0.063935 0.000141
0.935856 0.000005 0.000019 0.000010 0.000002 0.063969 0.000139
0.935863 0.000004 0.000021 0.000010 0.000002 0.063958 0.000141
0.935858 0.000001 0.000017 0.000011 0.000002 0.063970 0.000141
0.935974 0.000004 0.000016 0.000010 0.000004 0.063850 0.000143
0.936181 0.000002 0.000012 0.000009 0.000003 0.063652 0.000141
0.936286 0.000005 0.000015 0.000006 0.000002 0.063548 0.000139
0.936208 0.000005 0.000013 0.000007 0.000003 0.063623 0.000141
0.936357 0.000005 0.000011 0.000008 0.000001 0.063478 0.000140
0.936298 0.000001 0.000010 0.000006 0.000003 0.063541 0.000141
0.936379 0.000002 0.000009 0.000007 0.000001 0.063462 0.000141
0.936407 0.000002 0.000008 0.000007 0.000001 0.063433 0.000143
0.936367 0.000002 0.000009 0.000005 0.000002 0.063474 0.000140
0.936371 0.000001 0.000005 0.000008 0.000003 0.063469 0.000142
0.936460 0.000001 0.000004 0.000006 0.000001 0.063387 0.000141
0.936430 0.000001 0.000004 0.000004 0.000003 0.063415 0.000142
0.936441 0.000001 0.000004 0.000004 0.000001 0.063406 0.000142
0.936495 0.000001 0.000004 0.000004 0.000001 0.063353 0.000142
0.936511 0.000003 0.000002 0.000004 0.000001 0.063337 0.000141
0.936508 0.000004 0.000002 0.000004 0.000002 0.063338 0.000142
0.936505 0.000001 0.000003 0.000004 0.000002 0.063341 0.000143
0.936529 0.000001 0.000002 0.000004 0.000002 0.063321 0.000142
0.936484 0.000001 0.000001 0.000001 0.000001 0.063370 0.000142
