0.999241 0.000486 0.000184 0.000085 0.000000 0.000003 0.000000
0.999140 0.000449 0.000105 0.000027 0.000000 0.000279 0.000000
0.998722 0.000811 0.000174 0.000062 0.000001 0.000230 0.000000
0.998380 0.001035 0.000233 0.000091 0.000000 0.000261 0.000000
0.998121 0.001187 0.000249 0.000100 0.000001 0.000342 0.000000
0.997663 0.001530 0.000332 0.000127 0.000002 0.000346 0.000000
0.997193 0.001811 0.000417 0.000190 0.000001 0.000388 0.000000
0.996606 0.002219 0.000501 0.000238 0.000001 0.000434 0.000000
0.995485 0.003079 0.000669 0.000307 0.000002 0.000457 0.000000
0.994409 0.003824 0.000827 0.000413 0.000002 0.000525 0.000000
0.992843 0.004876 0.001134 0.000559 0.000004 0.000584 0.000000
0.991351 0.005844 0.001394 0.000703 0.000003 0.000705 0.000000
0.989338 0.007084 0.001848 0.000837 0.000002 0.000890 0.000000
0.986956 0.008554 0.002281 0.001100 0.000003 0.001107 0.000000
0.984225 0.010351 0.002770 0.001316 0.000007 0.001331 0.000000
0.981092 0.012302 0.003414 0.001605 0.000007 0.001578 0.000003
0.977659 0.014419 0.004080 0.001974 0.000006 0.001860 0.000002
0.972471 0.017702 0.004961 0.002405 0.000009 0.002450 0.000003
0.969186 0.019577 0.005549 0.002806 0.000008 0.002872 0.000002
0.964443 0.022410 0.006421 0.003220 0.000008 0.003495 0.000003
0.958522 0.026033 0.007491 0.003821 0.000008 0.004122 0.000003
0.952181 0.029539 0.008661 0.004571 0.000016 0.005029 0.000004
0.945889 0.033138 0.009977 0.005173 0.000020 0.005799 0.000003
0.939486 0.036683 0.011291 0.005808 0.000018 0.006712 0.000003
0.930855 0.041470 0.012981 0.006712 0.000025 0.007953 0.000004
0.924591 0.044828 0.014261 0.007388 0.000027 0.008902 0.000003
0.915595 0.049606 0.016145 0.008275 0.000032 0.010343 0.000003
0.906092 0.054562 0.018143 0.009284 0.000044 0.011871 0.000003
0.897180 0.059056 0.019911 0.010284 0.000045 0.013520 0.000003
0.887578 0.063916 0.021964 0.011153 0.000052 0.015335 0.000002
0.877222 0.068728 0.024084 0.012383 0.000057 0.017524 0.000002
0.867906 0.072821 0.026128 0.013543 0.000062 0.019537 0.000003
0.857704 0.077013 0.028592 0.014823 0.000062 0.021803 0.000002
0.845886 0.081831 0.031394 0.016242 0.000070 0.024575 0.000003
0.836557 0.085211 0.033637 0.017443 0.000078 0.027072 0.000002
0.825940 0.088887 0.036237 0.018810 0.000076 0.030047 0.000003
0.815264 0.092386 0.038834 0.020209 0.000078 0.033226 0.000004
0.804406 0.096191 0.041394 0.021528 0.000080 0.036397 0.000003
0.796104 0.098270 0.043496 0.022646 0.000097 0.039384 0.000004
0.786182 0.101155 0.045778 0.024054 0.000108 0.042718 0.000004
0.774963 0.104221 0.048704 0.025482 0.000123 0.046503 0.000004
0.763989 0.106494 0.051641 0.027041 0.000148 0.050683 0.000004
0.754820 0.108209 0.053946 0.028047 0.000155 0.054821 0.000003
0.747566 0.108998 0.055901 0.029064 0.000174 0.058293 0.000003
0.739102 0.110045 0.057890 0.030051 0.000183 0.062725 0.000003
0.729249 0.112259 0.059948 0.031224 0.000196 0.067118 0.000005
0.720638 0.113293 0.061878 0.032377 0.000218 0.071590 0.000007
0.712514 0.113930 0.063799 0.033237 0.000232 0.076282 0.000007
0.703492 0.114707 0.065786 0.034315 0.000263 0.081430 0.000007
0.694844 0.115526 0.067625 0.035408 0.000276 0.086312 0.000008
0.686918 0.115771 0.069287 0.036193 0.000294 0.091529 0.000008
0.680093 0.115237 0.070625 0.037061 0.000313 0.096662 0.000009
0.672405 0.115148 0.072337 0.037947 0.000331 0.101820 0.000012
0.665311 0.115187 0.073703 0.038714 0.000340 0.106730 0.000016
0.658034 0.114656 0.075040 0.039532 0.000350 0.112372 0.000016
0.652620 0.113968 0.076004 0.039856 0.000359 0.117176 0.000018
0.645171 0.113683 0.077558 0.040593 0.000372 0.122604 0.000020
0.638441 0.112997 0.078626 0.041185 0.000384 0.128346 0.000020
0.633306 0.112161 0.079267 0.041629 0.000391 0.133224 0.000021
0.625853 0.111203 0.080575 0.042340 0.000409 0.139597 0.000023
0.621915 0.109806 0.080883 0.042688 0.000432 0.144250 0.000025
0.615502 0.108749 0.081745 0.043152 0.000457 0.150366 0.000028
0.611626 0.107176 0.082019 0.043339 0.000453 0.155357 0.000029
0.604880 0.105595 0.082875 0.043823 0.000479 0.162320 0.000028
0.601086 0.103263 0.082991 0.043791 0.000496 0.168345 0.000029
0.597385 0.102092 0.083347 0.043813 0.000524 0.172812 0.000027
0.593240 0.100325 0.083445 0.043905 0.000540 0.178517 0.000028
0.588513 0.099137 0.083418 0.043893 0.000543 0.184464 0.000030
0.586617 0.097678 0.083040 0.043717 0.000549 0.188368 0.000032
0.581907 0.095721 0.083229 0.043814 0.000544 0.194752 0.000033
0.578444 0.093545 0.082909 0.043654 0.000558 0.200856 0.000033
0.576686 0.092211 0.082381 0.043403 0.000579 0.204703 0.000038
0.573233 0.090503 0.082276 0.043416 0.000608 0.209925 0.000038
0.571066 0.088799 0.082096 0.043120 0.000620 0.214260 0.000038
0.567904 0.086548 0.081762 0.042890 0.000635 0.220223 0.000039
0.565028 0.085164 0.081299 0.042540 0.000628 0.225297 0.000044
0.564279 0.083502 0.080395 0.042035 0.000649 0.229095 0.000045
0.562977 0.081852 0.079647 0.041695 0.000660 0.233123 0.000046
0.560776 0.080196 0.078787 0.041300 0.000667 0.238224 0.000050
0.558745 0.078897 0.078311 0.040986 0.000669 0.242339 0.000053
0.558058 0.077663 0.077316 0.040613 0.000679 0.245618 0.000053
0.556253 0.076345 0.076438 0.040176 0.000692 0.250044 0.000052
0.554643 0.074811 0.075657 0.039793 0.000697 0.254343 0.000055
0.554399 0.073530 0.074872 0.039114 0.000701 0.257326 0.000059
0.553704 0.072063 0.073921 0.038690 0.000702 0.260860 0.000060
0.551827 0.070351 0.072746 0.038179 0.000703 0.266133 0.000061
0.552192 0.069507 0.072083 0.037993 0.000697 0.267465 0.000063
0.550076 0.068085 0.071200 0.037449 0.000713 0.272414 0.000063
0.550079 0.067109 0.070003 0.036971 0.000707 0.275065 0.000065
0.549366 0.065669 0.069008 0.036524 0.000711 0.278652 0.000070
0.549688 0.064807 0.068098 0.035900 0.000725 0.280709 0.000074
0.548714 0.063472 0.067211 0.035415 0.000721 0.284395 0.000072
0.548018 0.062027 0.066431 0.034999 0.000738 0.287710 0.000077
0.548221 0.061060 0.065364 0.034448 0.000738 0.290085 0.000084
0.547715 0.060255 0.064777 0.034074 0.000737 0.292353 0.000089
0.548001 0.059008 0.063557 0.033404 0.000737 0.295205 0.000088
0.546752 0.057531 0.062505 0.033160 0.000740 0.299220 0.000091
0.547287 0.056796 0.061984 0.032872 0.000740 0.300229 0.000091
0.546281 0.055339 0.061168 0.032316 0.000739 0.304063 0.000093
0.547017 0.054722 0.060293 0.031810 0.000732 0.305329 0.000097
0.547615 0.053376 0.058997 0.031257 0.000718 0.307938 0.000099
0.547258 0.052515 0.058372 0.030846 0.000718 0.310188 0.000103
0.548593 0.052033 0.057637 0.030371 0.000701 0.310566 0.000100
0.547986 0.050386 0.056487 0.029696 0.000718 0.314621 0.000106
0.548873 0.049460 0.055609 0.029297 0.000715 0.315938 0.000108
0.549923 0.048114 0.054839 0.028900 0.000714 0.317404 0.000107
0.550612 0.047069 0.054151 0.028533 0.000697 0.318832 0.000106
0.551610 0.046244 0.053231 0.028028 0.000693 0.320075 0.000119
0.552060 0.045381 0.052177 0.027433 0.000686 0.322139 0.000123
0.552864 0.044806 0.051494 0.027154 0.000680 0.322883 0.000118
0.553500 0.043948 0.050508 0.026677 0.000665 0.324584 0.000118
0.554558 0.043147 0.049680 0.026147 0.000655 0.325689 0.000124
0.555509 0.042494 0.049057 0.025763 0.000644 0.326406 0.000128
0.556020 0.042214 0.048557 0.025641 0.000651 0.326792 0.000126
0.556803 0.041207 0.047414 0.024966 0.000664 0.328822 0.000125
0.558076 0.040396 0.046584 0.024425 0.000656 0.329735 0.000128
0.559637 0.039891 0.045930 0.024005 0.000684 0.329730 0.000122
0.560417 0.038735 0.044905 0.023483 0.000665 0.331661 0.000133
0.561425 0.038220 0.044431 0.023183 0.000668 0.331939 0.000134
0.562283 0.037968 0.043985 0.022971 0.000661 0.331999 0.000133
0.564436 0.037010 0.042744 0.022435 0.000645 0.332593 0.000138
0.565804 0.036453 0.042237 0.022233 0.000631 0.332501 0.000140
0.567155 0.035607 0.041260 0.021827 0.000607 0.333394 0.000150
0.569106 0.034710 0.040373 0.021337 0.000603 0.333724 0.000146
0.571525 0.033477 0.039770 0.021013 0.000600 0.333463 0.000153
0.574149 0.031890 0.039043 0.020360 0.000593 0.333811 0.000155
0.577814 0.030653 0.038351 0.019866 0.000582 0.332580 0.000152
0.580533 0.029170 0.037720 0.019228 0.000580 0.332615 0.000155
0.583813 0.027689 0.036912 0.018791 0.000563 0.332073 0.000159
0.587294 0.026037 0.036121 0.018181 0.000559 0.331641 0.000166
0.591686 0.024529 0.034977 0.017415 0.000564 0.330670 0.000159
0.594728 0.023615 0.034740 0.017147 0.000554 0.329054 0.000162
0.598468 0.022168 0.033522 0.016368 0.000537 0.328774 0.000163
0.601962 0.020859 0.032912 0.015869 0.000532 0.327698 0.000168
0.606892 0.019611 0.031564 0.015129 0.000522 0.326111 0.000170
0.610378 0.018282 0.030713 0.014527 0.000534 0.325395 0.000170
0.614252 0.017082 0.029763 0.014017 0.000506 0.324206 0.000174
0.618888 0.016121 0.028827 0.013466 0.000506 0.322019 0.000173
0.622842 0.014937 0.027429 0.012740 0.000500 0.321375 0.000178
0.627160 0.013987 0.026546 0.012244 0.000499 0.319392 0.000172
0.631438 0.013376 0.025963 0.011860 0.000486 0.316700 0.000178
0.635345 0.012450 0.025052 0.011414 0.000481 0.315076 0.000181
0.639663 0.011438 0.023802 0.010684 0.000466 0.313764 0.000183
0.644144 0.010870 0.023136 0.010347 0.000454 0.310872 0.000177
0.647325 0.010191 0.022300 0.009840 0.000467 0.309693 0.000184
0.651450 0.009462 0.021332 0.009392 0.000451 0.307729 0.000185
0.656549 0.008795 0.020290 0.008929 0.000444 0.304810 0.000182
0.660483 0.008332 0.019631 0.008538 0.000442 0.302392 0.000183
0.664199 0.007820 0.018748 0.008151 0.000432 0.300465 0.000184
0.668594 0.007302 0.017917 0.007636 0.000432 0.297939 0.000180
0.672868 0.006770 0.017089 0.007278 0.000416 0.295391 0.000188
0.677207 0.006304 0.016322 0.006923 0.000407 0.292655 0.000183
0.681679 0.005870 0.015426 0.006501 0.000407 0.289935 0.000182
0.685126 0.005549 0.014792 0.006169 0.000392 0.287783 0.000189
0.689717 0.005142 0.014056 0.005817 0.000362 0.284719 0.000187
0.692450 0.004794 0.013451 0.005533 0.000351 0.283234 0.000187
0.698368 0.004439 0.012711 0.005265 0.000347 0.278684 0.000186
0.700356 0.004171 0.012153 0.005017 0.000349 0.277750 0.000205
0.705789 0.003875 0.011618 0.004764 0.000338 0.273422 0.000195
0.709173 0.003618 0.011164 0.004458 0.000318 0.271068 0.000201
0.712894 0.003374 0.010441 0.004241 0.000315 0.268527 0.000209
0.717130 0.003078 0.009874 0.003994 0.000308 0.265422 0.000194
0.720438 0.002858 0.009415 0.003773 0.000299 0.263009 0.000210
0.725504 0.002680 0.008831 0.003519 0.000279 0.258986 0.000200
0.728274 0.002506 0.008567 0.003411 0.000277 0.256758 0.000207
0.732054 0.002343 0.008167 0.003178 0.000268 0.253795 0.000195
0.736782 0.002175 0.007695 0.003096 0.000265 0.249783 0.000204
0.740160 0.002079 0.007298 0.002907 0.000261 0.247101 0.000195
0.744157 0.002000 0.007024 0.002774 0.000251 0.243590 0.000204
0.747042 0.001801 0.006525 0.002584 0.000225 0.241619 0.000203
0.751143 0.001715 0.006222 0.002450 0.000230 0.238038 0.000202
0.753763 0.001561 0.005927 0.002282 0.000212 0.236054 0.000202
0.755975 0.001527 0.005675 0.002192 0.000210 0.234221 0.000201
0.760739 0.001366 0.005286 0.002026 0.000203 0.230165 0.000216
0.762538 0.001297 0.005098 0.001993 0.000196 0.228663 0.000215
0.767087 0.001221 0.004764 0.001906 0.000178 0.224636 0.000208
0.771648 0.001118 0.004462 0.001771 0.000170 0.220627 0.000203
0.774624 0.001079 0.004256 0.001665 0.000161 0.217998 0.000218
0.777718 0.001015 0.004034 0.001597 0.000164 0.215256 0.000215
0.780374 0.000967 0.003890 0.001518 0.000154 0.212899 0.000199
0.783220 0.000888 0.003653 0.001423 0.000144 0.210461 0.000210
0.785978 0.000854 0.003491 0.001338 0.000152 0.207973 0.000212
0.789038 0.000822 0.003320 0.001268 0.000139 0.205208 0.000204
0.792260 0.000733 0.003027 0.001188 0.000138 0.202439 0.000215
0.797000 0.000705 0.002852 0.001080 0.000133 0.198024 0.000206
0.799365 0.000674 0.002737 0.001047 0.000129 0.195832 0.000216
0.802939 0.000617 0.002588 0.000989 0.000123 0.192532 0.000213
0.804645 0.000588 0.002418 0.000937 0.000123 0.191069 0.000220
0.806925 0.000559 0.002293 0.000889 0.000119 0.188999 0.000215
0.809705 0.000538 0.002156 0.000839 0.000111 0.186430 0.000221
0.813337 0.000496 0.002093 0.000795 0.000111 0.182964 0.000205
0.816040 0.000465 0.001937 0.000758 0.000099 0.180484 0.000217
0.819471 0.000440 0.001827 0.000726 0.000095 0.177236 0.000206
0.821759 0.000418 0.001703 0.000673 0.000092 0.175146 0.000208
0.824914 0.000412 0.001686 0.000624 0.000087 0.172064 0.000213
0.827150 0.000382 0.001546 0.000596 0.000094 0.170015 0.000217
0.828966 0.000350 0.001477 0.000564 0.000087 0.168342 0.000215
0.830771 0.000326 0.001434 0.000545 0.000076 0.166635 0.000212
0.834649 0.000339 0.001366 0.000507 0.000083 0.162837 0.000219
0.837715 0.000316 0.001261 0.000511 0.000071 0.159923 0.000203
0.839850 0.000287 0.001187 0.000425 0.000075 0.157953 0.000222
0.843054 0.000283 0.001133 0.000458 0.000064 0.154795 0.000212
0.845034 0.000285 0.001051 0.000451 0.000065 0.152912 0.000203
0.848655 0.000248 0.000988 0.000420 0.000057 0.149412 0.000220
0.848589 0.000260 0.000999 0.000412 0.000066 0.149472 0.000201
0.851879 0.000256 0.000928 0.000387 0.000060 0.146273 0.000217
0.853850 0.000234 0.000905 0.000361 0.000055 0.144378 0.000216
0.856859 0.000227 0.000829 0.000345 0.000056 0.141476 0.000207
0.858631 0.000225 0.000788 0.000317 0.000051 0.139801 0.000187
0.859719 0.000199 0.000770 0.000313 0.000057 0.138744 0.000198
0.862515 0.000181 0.000720 0.000287 0.000059 0.136044 0.000196
0.864788 0.000182 0.000705 0.000295 0.000054 0.133781 0.000195
0.866548 0.000175 0.000684 0.000269 0.000055 0.132064 0.000206
0.869050 0.000186 0.000647 0.000241 0.000054 0.129625 0.000197
0.872200 0.000174 0.000629 0.000254 0.000049 0.126494 0.000199
0.872999 0.000185 0.000599 0.000247 0.000046 0.125736 0.000187
0.876830 0.000181 0.000561 0.000219 0.000053 0.121974 0.000182
0.878149 0.000166 0.000505 0.000226 0.000050 0.120712 0.000193
0.881372 0.000175 0.000503 0.000213 0.000043 0.117502 0.000192
0.882571 0.000157 0.000490 0.000181 0.000043 0.116378 0.000180
0.884894 0.000159 0.000469 0.000185 0.000047 0.114062 0.000183
0.887505 0.000133 0.000420 0.000172 0.000044 0.111535 0.000190
0.887002 0.000122 0.000436 0.000165 0.000051 0.112048 0.000176
0.890134 0.000129 0.000422 0.000156 0.000041 0.108947 0.000171
0.893253 0.000102 0.000404 0.000137 0.000048 0.105888 0.000168
0.894164 0.000115 0.000411 0.000125 0.000046 0.104961 0.000178
0.897608 0.000099 0.000372 0.000130 0.000042 0.101575 0.000175
0.899443 0.000091 0.000364 0.000128 0.000038 0.099760 0.000177
0.901983 0.000089 0.000328 0.000104 0.000038 0.097267 0.000192
0.902086 0.000089 0.000323 0.000107 0.000035 0.097181 0.000179
0.905563 0.000081 0.000328 0.000103 0.000033 0.093708 0.000184
0.905542 0.000081 0.000307 0.000102 0.000042 0.093753 0.000173
0.908029 0.000073 0.000287 0.000096 0.000038 0.091318 0.000159
0.909114 0.000068 0.000271 0.000108 0.000031 0.090241 0.000166
0.911313 0.000065 0.000254 0.000099 0.000029 0.088073 0.000166
0.912866 0.000059 0.000236 0.000095 0.000035 0.086547 0.000163
0.912696 0.000057 0.000228 0.000096 0.000030 0.086729 0.000165
0.915416 0.000050 0.000205 0.000093 0.000025 0.084059 0.000153
0.917428 0.000051 0.000206 0.000085 0.000020 0.082054 0.000155
0.919202 0.000053 0.000188 0.000074 0.000023 0.080311 0.000148
0.920195 0.000059 0.000183 0.000068 0.000016 0.079327 0.000152
0.920085 0.000055 0.000183 0.000068 0.000018 0.079434 0.000157
0.922864 0.000046 0.000162 0.000063 0.000017 0.076700 0.000147
0.922698 0.000047 0.000160 0.000065 0.000019 0.076860 0.000151
0.924569 0.000044 0.000148 0.000050 0.000021 0.075030 0.000139
0.924057 0.000038 0.000154 0.000048 0.000019 0.075544 0.000138
0.925560 0.000047 0.000132 0.000049 0.000016 0.074056 0.000140
0.927356 0.000043 0.000120 0.000036 0.000021 0.072278 0.000145
0.927739 0.000044 0.000116 0.000044 0.000014 0.071902 0.000141
0.927750 0.000039 0.000119 0.000041 0.000016 0.071898 0.000137
0.928689 0.000040 0.000114 0.000041 0.000018 0.070946 0.000152
0.929614 0.000031 0.000097 0.000043 0.000016 0.070065 0.000133
0.929496 0.000028 0.000102 0.000030 0.000018 0.070176 0.000151
0.930156 0.000034 0.000089 0.000045 0.000009 0.069519 0.000148
0.931671 0.000031 0.000080 0.000033 0.000011 0.068025 0.000148
0.931360 0.000024 0.000080 0.000029 0.000014 0.068350 0.000143
0.931607 0.000030 0.000104 0.000024 0.000011 0.068085 0.000139
0.933130 0.000028 0.000082 0.000023 0.000009 0.066587 0.000142
0.933970 0.000034 0.000064 0.000017 0.000012 0.065768 0.000135
0.934714 0.000025 0.000065 0.000019 0.000007 0.065038 0.000133
0.934373 0.000024 0.000072 0.000022 0.000009 0.065363 0.000137
0.934773 0.000025 0.000070 0.000016 0.000007 0.064979 0.000131
0.934693 0.000018 0.000075 0.000016 0.000007 0.065058 0.000133
0.934771 0.000014 0.000081 0.000011 0.000007 0.064975 0.000142
0.935712 0.000015 0.000072 0.000015 0.000007 0.064053 0.000126
0.936009 0.000015 0.000054 0.000016 0.000004 0.063767 0.000135
0.936199 0.000014 0.000056 0.000013 0.000004 0.063589 0.000125
0.936465 0.000013 0.000054 0.000016 0.000004 0.063323 0.000125
0.936666 0.000017 0.000053 0.000016 0.000005 0.063118 0.000125
0.937304 0.000015 0.000040 0.000013 0.000005 0.062500 0.000123
0.937153 0.000020 0.000043 0.000013 0.000005 0.062642 0.000125
0.937585 0.000016 0.000034 0.000013 0.000006 0.062223 0.000123
0.937957 0.000011 0.000035 0.000011 0.000004 0.061856 0.000127
0.937515 0.000011 0.000041 0.000011 0.000005 0.062294 0.000123
0.937117 0.000018 0.000047 0.000013 0.000002 0.062678 0.000124
0.937976 0.000015 0.000043 0.000009 0.000002 0.061827 0.000128
0.937774 0.000004 0.000032 0.000014 0.000008 0.062037 0.000130
0.938183 0.000005 0.000031 0.000011 0.000003 0.061642 0.000125
0.938226 0.000003 0.000022 0.000014 0.000003 0.061603 0.000128
0.938264 0.000004 0.000021 0.000014 0.000004 0.061570 0.000123
0.938273 0.000005 0.000027 0.000011 0.000004 0.061549 0.000131
0.938534 0.000004 0.000018 0.000015 0.000004 0.061297 0.000127
0.938584 0.000007 0.000017 0.000011 0.000004 0.061252 0.000125
0.938767 0.000005 0.000017 0.000008 0.000003 0.061082 0.000118
0.938777 0.000010 0.000020 0.000007 0.000003 0.061056 0.000127
0.938849 0.000005 0.000018 0.000008 0.000006 0.060985 0.000128
0.939119 0.000002 0.000010 0.000007 0.000004 0.060736 0.000123
0.939013 0.000004 0.000012 0.000006 0.000005 0.060834 0.000126
0.939138 0.000005 0.000010 0.000005 0.000003 0.060708 0.000131
0.939271 0.000002 0.000007 0.000005 0.000003 0.060589 0.000122
0.939238 0.000007 0.000016 0.000005 0.000004 0.060600 0.000131
0.939321 0.000008 0.000010 0.000004 0.000003 0.060528 0.000126
0.939298 0.000005 0.000008 0.000006 0.000002 0.060556 0.000125
0.939361 0.000005 0.000005 0.000004 0.000002 0.060499 0.000123
0.939447 0.000003 0.000003 0.000003 0.000002 0.060419 0.000122
0.939464 0.000004 0.000004 0.000004 0.000002 0.060400 0.000122
0.939476 0.000007 0.000003 0.000005 0.000002 0.060381 0.000126
0.939508 0.000005 0.000003 0.000004 0.000002 0.060354 0.000123
0.939472 0.000005 0.000004 0.000007 0.000004 0.060385 0.000123
0.939483 0.000002 0.000001 0.000002 0.000001 0.060393 0.000119
