0.999245 0.000475 0.000187 0.000088 0.000000 0.000006 0.000000
0.999150 0.000435 0.000108 0.000028 0.000001 0.000278 0.000000
0.998727 0.000805 0.000186 0.000056 0.000000 0.000225 0.000000
0.998376 0.001049 0.000235 0.000084 0.000001 0.000254 0.000000
0.998086 0.001209 0.000276 0.000091 0.000002 0.000336 0.000000
0.997622 0.001557 0.000352 0.000134 0.000001 0.000335 0.000000
0.997019 0.001998 0.000434 0.000170 0.000002 0.000377 0.000000
0.996328 0.002472 0.000549 0.000214 0.000001 0.000437 0.000000
0.995318 0.003203 0.000713 0.000305 0.000000 0.000461 0.000000
0.993782 0.004291 0.000973 0.000421 0.000000 0.000532 0.000000
0.992332 0.005323 0.001251 0.000493 0.000001 0.000601 0.000000
0.990224 0.006750 0.001632 0.000645 0.000002 0.000747 0.000000
0.987886 0.008182 0.002100 0.000869 0.000002 0.000961 0.000000
0.985281 0.009824 0.002626 0.001135 0.000009 0.001124 0.000000
0.982137 0.011866 0.003257 0.001382 0.000012 0.001344 0.000000
0.978245 0.014332 0.003889 0.001769 0.000015 0.001751 0.000000
0.974702 0.016481 0.004543 0.002137 0.000016 0.002122 0.000000
0.969612 0.019719 0.005477 0.002542 0.000020 0.002631 0.000000
0.965063 0.022531 0.006259 0.003005 0.000019 0.003122 0.000000
0.959960 0.025429 0.007154 0.003655 0.000020 0.003782 0.000000
0.953414 0.029151 0.008541 0.004334 0.000021 0.004539 0.000000
0.946382 0.033213 0.009853 0.005033 0.000019 0.005500 0.000000
0.940621 0.036476 0.010905 0.005708 0.000024 0.006266 0.000000
0.932135 0.041050 0.012710 0.006594 0.000028 0.007482 0.000000
0.924130 0.045325 0.014286 0.007500 0.000029 0.008730 0.000000
0.919017 0.047820 0.015341 0.008032 0.000033 0.009758 0.000000
0.909157 0.052851 0.017422 0.009063 0.000030 0.011478 0.000000
0.900726 0.057156 0.019146 0.009989 0.000037 0.012946 0.000000
0.891649 0.061592 0.021052 0.010985 0.000035 0.014687 0.000000
0.881853 0.066038 0.023435 0.012028 0.000053 0.016593 0.000000
0.872627 0.070074 0.025546 0.013119 0.000061 0.018573 0.000000
0.863809 0.073705 0.027543 0.014259 0.000071 0.020613 0.000000
0.852829 0.078337 0.029994 0.015669 0.000087 0.023084 0.000000
0.842362 0.082644 0.032261 0.016859 0.000094 0.025781 0.000000
0.833536 0.085960 0.034370 0.017928 0.000101 0.028105 0.000001
0.823130 0.089507 0.037010 0.019221 0.000104 0.031026 0.000003
0.813130 0.093055 0.039443 0.020387 0.000107 0.033876 0.000003
0.803053 0.096295 0.041795 0.021707 0.000111 0.037037 0.000003
0.792057 0.099540 0.044637 0.023076 0.000122 0.040563 0.000004
0.783973 0.101911 0.046434 0.024211 0.000137 0.043329 0.000005
0.773794 0.104336 0.048991 0.025648 0.000148 0.047077 0.000006
0.763003 0.106882 0.051593 0.027114 0.000156 0.051246 0.000006
0.754681 0.108211 0.053690 0.027997 0.000167 0.055249 0.000006
0.746155 0.109578 0.055953 0.029173 0.000184 0.058952 0.000004
0.736839 0.110986 0.058219 0.030329 0.000205 0.063417 0.000005
0.728883 0.112262 0.059979 0.031221 0.000220 0.067429 0.000005
0.719187 0.113530 0.062328 0.032459 0.000242 0.072247 0.000007
0.711351 0.114182 0.064086 0.033424 0.000249 0.076700 0.000008
0.702467 0.114558 0.066307 0.034467 0.000278 0.081917 0.000007
0.694571 0.115050 0.068079 0.035415 0.000292 0.086584 0.000009
0.686902 0.115642 0.069675 0.036164 0.000310 0.091297 0.000008
0.679822 0.114831 0.071315 0.037010 0.000332 0.096681 0.000009
0.672449 0.114707 0.072768 0.037677 0.000347 0.102039 0.000012
0.664993 0.114847 0.074299 0.038445 0.000349 0.107051 0.000016
0.658734 0.114150 0.075270 0.039050 0.000377 0.112402 0.000017
0.652905 0.113658 0.076191 0.039597 0.000399 0.117230 0.000019
0.644561 0.113446 0.077859 0.040513 0.000409 0.123193 0.000019
0.638324 0.112653 0.078728 0.041121 0.000410 0.128745 0.000020
0.633642 0.111880 0.079244 0.041488 0.000414 0.133312 0.000020
0.626614 0.110943 0.080302 0.042223 0.000421 0.139477 0.000021
0.620554 0.109525 0.081041 0.042665 0.000442 0.145750 0.000022
0.615730 0.108455 0.081849 0.042971 0.000455 0.150517 0.000023
0.610188 0.107073 0.082352 0.043311 0.000450 0.156602 0.000024
0.605590 0.105505 0.082609 0.043477 0.000465 0.162331 0.000022
0.600698 0.103821 0.082996 0.043631 0.000488 0.168341 0.000024
0.598028 0.102165 0.083160 0.043604 0.000517 0.172501 0.000026
0.594001 0.100299 0.083355 0.043577 0.000533 0.178210 0.000025
0.588206 0.098901 0.083771 0.043783 0.000537 0.184775 0.000027
0.585131 0.097473 0.083600 0.043685 0.000550 0.189531 0.000031
0.580885 0.095849 0.083610 0.043633 0.000575 0.195415 0.000033
0.578653 0.094013 0.083124 0.043371 0.000583 0.200225 0.000032
0.574959 0.092331 0.082768 0.043128 0.000603 0.206177 0.000034
0.572957 0.090914 0.082235 0.043014 0.000618 0.210228 0.000034
0.569920 0.089143 0.082085 0.042855 0.000641 0.215319 0.000037
0.567817 0.087493 0.081433 0.042635 0.000647 0.219939 0.000036
0.566254 0.085972 0.080756 0.042211 0.000634 0.224133 0.000040
0.563675 0.084489 0.080333 0.041824 0.000664 0.228975 0.000039
0.560698 0.083214 0.079883 0.041574 0.000684 0.233907 0.000040
0.558386 0.081340 0.078987 0.041310 0.000682 0.239247 0.000048
0.559107 0.080586 0.078106 0.040869 0.000690 0.240595 0.000048
0.555657 0.078632 0.077674 0.040660 0.000708 0.246622 0.000048
0.553918 0.077093 0.077119 0.040288 0.000717 0.250819 0.000046
0.552419 0.075642 0.076377 0.039898 0.000720 0.254894 0.000049
0.551070 0.073871 0.075634 0.039485 0.000714 0.259177 0.000049
0.550059 0.072320 0.074641 0.039085 0.000707 0.263134 0.000054
0.549307 0.071194 0.073881 0.038626 0.000701 0.266234 0.000057
0.548010 0.069822 0.073038 0.038239 0.000700 0.270132 0.000059
0.546819 0.068393 0.071958 0.037589 0.000705 0.274477 0.000060
0.546856 0.067289 0.070978 0.037092 0.000717 0.277002 0.000066
0.546480 0.065923 0.069913 0.036730 0.000718 0.280164 0.000072
0.546139 0.064762 0.068978 0.036296 0.000716 0.283035 0.000073
0.545967 0.063371 0.067910 0.035665 0.000724 0.286289 0.000074
0.545659 0.061846 0.066984 0.035112 0.000721 0.289600 0.000078
0.544887 0.060968 0.066330 0.034665 0.000732 0.292339 0.000078
0.544713 0.059738 0.065516 0.034469 0.000727 0.294754 0.000085
0.544802 0.058558 0.064528 0.033869 0.000725 0.297433 0.000085
0.544732 0.057094 0.063380 0.033323 0.000710 0.300673 0.000088
0.545080 0.056400 0.062684 0.032957 0.000728 0.302056 0.000095
0.544977 0.055199 0.061756 0.032379 0.000734 0.304859 0.000095
0.545459 0.054567 0.060873 0.031893 0.000735 0.306375 0.000099
0.545412 0.052886 0.059471 0.031321 0.000721 0.310087 0.000101
0.545790 0.052312 0.058784 0.030947 0.000712 0.311349 0.000106
0.546404 0.051205 0.057607 0.030325 0.000705 0.313649 0.000105
0.546437 0.050275 0.056704 0.029771 0.000711 0.315996 0.000106
0.546805 0.049736 0.056184 0.029337 0.000711 0.317113 0.000113
0.547869 0.048264 0.055057 0.028793 0.000711 0.319191 0.000115
0.548653 0.047283 0.054275 0.028462 0.000704 0.320512 0.000112
0.550175 0.047076 0.053317 0.027978 0.000701 0.320633 0.000121
0.550757 0.046124 0.052142 0.027368 0.000704 0.322773 0.000131
0.551158 0.044640 0.051071 0.026882 0.000696 0.325425 0.000128
0.552263 0.044420 0.050476 0.026655 0.000685 0.325372 0.000130
0.553392 0.043306 0.049367 0.026004 0.000666 0.327130 0.000133
0.554424 0.042584 0.048863 0.025600 0.000650 0.327744 0.000134
0.555486 0.042089 0.048209 0.025272 0.000647 0.328159 0.000136
0.556163 0.041025 0.046957 0.024625 0.000662 0.330436 0.000133
0.557695 0.040856 0.046552 0.024470 0.000655 0.329636 0.000135
0.559202 0.039936 0.045584 0.023948 0.000678 0.330521 0.000131
0.560584 0.038620 0.044273 0.023202 0.000665 0.332518 0.000138
0.561547 0.038364 0.043955 0.023115 0.000664 0.332213 0.000142
0.562829 0.038100 0.043379 0.022735 0.000663 0.332151 0.000144
0.563903 0.037290 0.042630 0.022286 0.000650 0.333090 0.000150
0.565023 0.036871 0.042181 0.021989 0.000634 0.333151 0.000151
0.566935 0.036114 0.041117 0.021546 0.000628 0.333498 0.000162
0.568573 0.035139 0.040449 0.021272 0.000622 0.333784 0.000161
0.571192 0.033766 0.039804 0.020832 0.000611 0.333624 0.000171
0.573650 0.032383 0.039084 0.020387 0.000603 0.333723 0.000170
0.576924 0.031270 0.038471 0.019889 0.000614 0.332662 0.000170
0.580228 0.029772 0.037788 0.019398 0.000601 0.332038 0.000176
0.582520 0.028279 0.037085 0.018780 0.000602 0.332562 0.000173
0.585802 0.026794 0.036322 0.018172 0.000570 0.332165 0.000175
0.590134 0.025438 0.035275 0.017528 0.000573 0.330873 0.000178
0.593606 0.023921 0.034570 0.016990 0.000559 0.330174 0.000181
0.597821 0.022700 0.033502 0.016289 0.000556 0.328946 0.000185
0.601238 0.021236 0.032737 0.015735 0.000553 0.328316 0.000186
0.604817 0.020051 0.031739 0.015012 0.000539 0.327656 0.000186
0.609017 0.018729 0.030812 0.014512 0.000529 0.326209 0.000192
0.613119 0.017504 0.029881 0.013911 0.000531 0.324853 0.000200
0.616853 0.016464 0.028933 0.013241 0.000515 0.323801 0.000193
0.620585 0.015370 0.027885 0.012623 0.000521 0.322818 0.000197
0.624870 0.014348 0.026838 0.012147 0.000506 0.321098 0.000194
0.629845 0.013435 0.025875 0.011633 0.000481 0.318527 0.000204
0.634268 0.012599 0.024988 0.011241 0.000495 0.316211 0.000198
0.638140 0.011771 0.024167 0.010703 0.000470 0.314551 0.000198
0.642235 0.011003 0.023276 0.010244 0.000469 0.312574 0.000199
0.645950 0.010341 0.022461 0.009751 0.000452 0.310832 0.000214
0.650365 0.009645 0.021425 0.009263 0.000430 0.308672 0.000201
0.654681 0.008972 0.020651 0.008899 0.000443 0.306147 0.000207
0.658785 0.008442 0.019707 0.008413 0.000420 0.304028 0.000205
0.664639 0.007707 0.018597 0.007847 0.000410 0.300591 0.000209
0.667496 0.007235 0.018039 0.007626 0.000407 0.298988 0.000209
0.673114 0.006632 0.017109 0.007182 0.000388 0.295363 0.000211
0.676006 0.006249 0.016563 0.006872 0.000384 0.293712 0.000214
0.680414 0.005811 0.015787 0.006498 0.000378 0.290901 0.000210
0.684570 0.005419 0.015039 0.006120 0.000378 0.288264 0.000210
0.687672 0.005144 0.014388 0.005837 0.000362 0.286385 0.000212
0.692371 0.004758 0.013576 0.005548 0.000369 0.283171 0.000207
0.696229 0.004350 0.012951 0.005408 0.000361 0.280486 0.000216
0.699822 0.004228 0.012360 0.005100 0.000349 0.277924 0.000218
0.704160 0.003917 0.011762 0.004811 0.000332 0.274799 0.000220
0.708862 0.003640 0.011154 0.004552 0.000324 0.271253 0.000216
0.711859 0.003420 0.010637 0.004286 0.000299 0.269275 0.000224
0.715751 0.003138 0.010070 0.004026 0.000301 0.266496 0.000219
0.720553 0.002943 0.009639 0.003845 0.000279 0.262529 0.000212
0.724645 0.002721 0.009038 0.003630 0.000260 0.259473 0.000235
0.728016 0.002580 0.008682 0.003440 0.000264 0.256785 0.000232
0.730713 0.002417 0.008284 0.003314 0.000249 0.254792 0.000231
0.734843 0.002213 0.007825 0.003089 0.000248 0.251545 0.000237
0.738961 0.002098 0.007444 0.002932 0.000252 0.248097 0.000215
0.742589 0.001932 0.007046 0.002777 0.000240 0.245195 0.000222
0.745400 0.001811 0.006640 0.002566 0.000220 0.243136 0.000226
0.749494 0.001716 0.006352 0.002442 0.000206 0.239556 0.000233
0.753481 0.001625 0.005965 0.002311 0.000194 0.236190 0.000235
0.755881 0.001496 0.005695 0.002219 0.000189 0.234296 0.000224
0.759512 0.001404 0.005388 0.002082 0.000182 0.231202 0.000230
0.761643 0.001291 0.005117 0.001969 0.000175 0.229574 0.000231
0.766668 0.001190 0.004800 0.001820 0.000164 0.225139 0.000218
0.770183 0.001124 0.004561 0.001718 0.000157 0.222027 0.000229
0.773490 0.001042 0.004227 0.001612 0.000151 0.219242 0.000235
0.776083 0.000980 0.004048 0.001484 0.000151 0.217019 0.000235
0.779205 0.000930 0.003828 0.001410 0.000164 0.214243 0.000220
0.782645 0.000948 0.003681 0.001342 0.000147 0.211014 0.000224
0.785392 0.000840 0.003466 0.001256 0.000153 0.208672 0.000223
0.787926 0.000798 0.003287 0.001209 0.000136 0.206403 0.000241
0.790917 0.000730 0.003087 0.001151 0.000129 0.203743 0.000244
0.795152 0.000708 0.002899 0.001078 0.000124 0.199804 0.000235
0.797523 0.000624 0.002700 0.001025 0.000120 0.197763 0.000246
0.800514 0.000611 0.002618 0.000944 0.000120 0.194965 0.000228
0.804380 0.000567 0.002441 0.000894 0.000110 0.191391 0.000217
0.806751 0.000535 0.002281 0.000848 0.000105 0.189244 0.000235
0.809303 0.000499 0.002111 0.000801 0.000104 0.186955 0.000228
0.811458 0.000486 0.002028 0.000771 0.000099 0.184935 0.000223
0.814355 0.000482 0.001929 0.000718 0.000092 0.182191 0.000233
0.817204 0.000460 0.001834 0.000676 0.000089 0.179508 0.000229
0.820242 0.000398 0.001734 0.000626 0.000086 0.176682 0.000233
0.823389 0.000395 0.001579 0.000592 0.000084 0.173726 0.000236
0.825688 0.000360 0.001540 0.000600 0.000085 0.171506 0.000221
0.829303 0.000334 0.001426 0.000547 0.000077 0.168095 0.000218
0.830076 0.000320 0.001362 0.000522 0.000074 0.167417 0.000229
0.833369 0.000314 0.001303 0.000493 0.000065 0.164226 0.000231
0.835528 0.000300 0.001277 0.000472 0.000069 0.162140 0.000214
0.838352 0.000260 0.001187 0.000455 0.000066 0.159452 0.000228
0.839412 0.000260 0.001133 0.000437 0.000060 0.158474 0.000224
0.843179 0.000256 0.001062 0.000391 0.000063 0.154835 0.000215
0.843539 0.000263 0.001016 0.000396 0.000064 0.154512 0.000210
0.848176 0.000262 0.000946 0.000357 0.000053 0.149978 0.000229
0.850455 0.000232 0.000876 0.000344 0.000059 0.147810 0.000224
0.852561 0.000239 0.000824 0.000323 0.000055 0.145774 0.000224
0.854854 0.000212 0.000828 0.000318 0.000051 0.143506 0.000231
0.857517 0.000212 0.000759 0.000301 0.000053 0.140947 0.000210
0.859612 0.000170 0.000749 0.000293 0.000047 0.138919 0.000209
0.861460 0.000183 0.000716 0.000264 0.000048 0.137108 0.000222
0.862785 0.000166 0.000682 0.000257 0.000047 0.135849 0.000214
0.864706 0.000162 0.000664 0.000253 0.000051 0.133940 0.000225
0.868911 0.000154 0.000620 0.000235 0.000041 0.129830 0.000209
0.870727 0.000149 0.000582 0.000244 0.000043 0.128026 0.000229
0.872763 0.000125 0.000574 0.000208 0.000036 0.126072 0.000223
0.875518 0.000116 0.000541 0.000218 0.000036 0.123355 0.000216
0.878796 0.000109 0.000513 0.000199 0.000039 0.120142 0.000202
0.878768 0.000117 0.000497 0.000176 0.000044 0.120190 0.000207
0.880854 0.000121 0.000494 0.000185 0.000034 0.118115 0.000198
0.883256 0.000121 0.000432 0.000169 0.000038 0.115762 0.000222
0.886534 0.000113 0.000418 0.000166 0.000037 0.112529 0.000203
0.888185 0.000120 0.000417 0.000152 0.000035 0.110887 0.000204
0.891769 0.000106 0.000380 0.000148 0.000033 0.107351 0.000212
0.893365 0.000104 0.000354 0.000133 0.000034 0.105819 0.000190
0.894086 0.000093 0.000352 0.000133 0.000036 0.105103 0.000198
0.895941 0.000098 0.000331 0.000150 0.000031 0.103246 0.000203
0.896862 0.000106 0.000336 0.000122 0.000030 0.102347 0.000197
0.900590 0.000089 0.000318 0.000111 0.000032 0.098667 0.000193
0.902561 0.000075 0.000293 0.000110 0.000028 0.096727 0.000206
0.904291 0.000082 0.000291 0.000108 0.000029 0.095022 0.000177
0.904739 0.000085 0.000295 0.000105 0.000022 0.094579 0.000176
0.906691 0.000082 0.000296 0.000103 0.000021 0.092633 0.000174
0.908972 0.000074 0.000280 0.000078 0.000028 0.090390 0.000178
0.908678 0.000075 0.000263 0.000101 0.000022 0.090682 0.000179
0.909323 0.000068 0.000277 0.000086 0.000017 0.090039 0.000189
0.910739 0.000076 0.000257 0.000087 0.000021 0.088645 0.000176
0.914290 0.000069 0.000218 0.000075 0.000017 0.085163 0.000168
0.914553 0.000072 0.000223 0.000085 0.000014 0.084885 0.000167
0.917638 0.000062 0.000202 0.000068 0.000019 0.081844 0.000167
0.918111 0.000063 0.000202 0.000071 0.000017 0.081384 0.000152
0.918465 0.000076 0.000190 0.000067 0.000018 0.081033 0.000150
0.919516 0.000059 0.000200 0.000059 0.000014 0.079977 0.000175
0.920434 0.000055 0.000214 0.000057 0.000009 0.079058 0.000172
0.921873 0.000050 0.000184 0.000061 0.000010 0.077661 0.000161
0.923495 0.000044 0.000156 0.000059 0.000008 0.076082 0.000157
0.925263 0.000030 0.000150 0.000048 0.000012 0.074347 0.000151
0.925165 0.000036 0.000139 0.000056 0.000012 0.074435 0.000156
0.926561 0.000044 0.000123 0.000052 0.000007 0.073063 0.000151
0.926029 0.000036 0.000143 0.000051 0.000010 0.073585 0.000146
0.926149 0.000037 0.000145 0.000046 0.000008 0.073453 0.000163
0.928059 0.000051 0.000121 0.000044 0.000010 0.071559 0.000156
0.928148 0.000044 0.000122 0.000045 0.000006 0.071485 0.000149
0.927703 0.000059 0.000123 0.000042 0.000006 0.071907 0.000161
0.930048 0.000043 0.000095 0.000046 0.000004 0.069622 0.000143
0.930541 0.000029 0.000084 0.000039 0.000008 0.069148 0.000151
0.930313 0.000042 0.000089 0.000046 0.000008 0.069351 0.000151
0.931438 0.000046 0.000087 0.000039 0.000008 0.068232 0.000149
0.931677 0.000055 0.000087 0.000039 0.000008 0.067991 0.000143
0.932344 0.000041 0.000084 0.000032 0.000005 0.067351 0.000143
0.932507 0.000050 0.000090 0.000035 0.000005 0.067167 0.000146
0.932640 0.000043 0.000090 0.000024 0.000006 0.067052 0.000146
0.933188 0.000040 0.000103 0.000032 0.000005 0.066493 0.000139
0.933479 0.000028 0.000086 0.000031 0.000008 0.066225 0.000144
0.933641 0.000037 0.000083 0.000033 0.000006 0.066060 0.000141
0.934144 0.000042 0.000086 0.000024 0.000004 0.065560 0.000139
0.934029 0.000034 0.000080 0.000027 0.000005 0.065682 0.000143
0.934572 0.000042 0.000080 0.000031 0.000002 0.065129 0.000144
0.934279 0.000036 0.000081 0.000035 0.000004 0.065427 0.000137
0.935058 0.000028 0.000065 0.000021 0.000003 0.064686 0.000138
0.935307 0.000033 0.000060 0.000022 0.000005 0.064438 0.000136
0.935722 0.000025 0.000049 0.000016 0.000004 0.064052 0.000131
0.935426 0.000034 0.000065 0.000016 0.000003 0.064316 0.000140
0.935639 0.000028 0.000063 0.000020 0.000003 0.064111 0.000136
0.936282 0.000018 0.000042 0.000013 0.000004 0.063507 0.000135
0.936057 0.000028 0.000054 0.000014 0.000004 0.063704 0.000140
0.936371 0.000017 0.000031 0.000015 0.000004 0.063426 0.000135
0.936565 0.000024 0.000039 0.000013 0.000005 0.063218 0.000137
0.936683 0.000024 0.000032 0.000017 0.000003 0.063109 0.000132
0.936593 0.000025 0.000046 0.000017 0.000002 0.063187 0.000130
0.936687 0.000021 0.000037 0.000018 0.000003 0.063101 0.000133
0.936831 0.000018 0.000030 0.000015 0.000003 0.062966 0.000136
0.936675 0.000027 0.000049 0.000019 0.000004 0.063092 0.000133
0.936921 0.000019 0.000034 0.000014 0.000001 0.062875 0.000135
0.937136 0.000019 0.000028 0.000006 0.000002 0.062675 0.000134
0.937322 0.000019 0.000022 0.000011 0.000001 0.062493 0.000132
0.937326 0.000008 0.000023 0.000008 0.000002 0.062494 0.000139
0.937182 0.000020 0.000032 0.000009 0.000002 0.062621 0.000134
0.937339 0.000013 0.000019 0.000011 0.000001 0.062482 0.000135
0.937187 0.000011 0.000027 0.000011 0.000003 0.062627 0.000133
0.937382 0.000017 0.000023 0.000012 0.000001 0.062434 0.000131
0.937477 0.000008 0.000014 0.000007 0.000001 0.062356 0.000137
0.937498 0.000018 0.000021 0.000006 0.000001 0.062324 0.000132
0.937538 0.000015 0.000018 0.000011 0.000001 0.062285 0.000132
0.937558 0.000010 0.000012 0.000008 0.000002 0.062278 0.000132
0.937635 0.000015 0.000019 0.000004 0.000000 0.062194 0.000134
0.937791 0.000013 0.000015 0.000004 0.000000 0.062047 0.000131
0.937655 0.000016 0.000015 0.000002 0.000000 0.062180 0.000132
0.937688 0.000014 0.000008 0.000002 0.000000 0.062156 0.000132
0.937724 0.000004 0.000004 0.000002 0.000000 0.062131 0.000133
