0.999266 0.000444 0.000194 0.000090 0.000000 0.000006 0.000000
0.999168 0.000414 0.000105 0.000024 0.000001 0.000289 0.000000
0.998800 0.000729 0.000185 0.000050 0.000000 0.000236 0.000000
0.998517 0.000911 0.000233 0.000070 0.000000 0.000270 0.000000
0.998253 0.001082 0.000240 0.000088 0.000001 0.000335 0.000000
0.997844 0.001349 0.000335 0.000130 0.000002 0.000341 0.000000
0.997424 0.001648 0.000383 0.000164 0.000001 0.000380 0.000000
0.996793 0.002112 0.000467 0.000204 0.000001 0.000423 0.000000
0.995773 0.002909 0.000607 0.000280 0.000002 0.000428 0.000000
0.994838 0.003505 0.000787 0.000385 0.000002 0.000483 0.000000
0.993020 0.004830 0.001052 0.000505 0.000004 0.000589 0.000000
0.991591 0.005743 0.001364 0.000631 0.000003 0.000669 0.000000
0.989294 0.007302 0.001730 0.000792 0.000002 0.000880 0.000000
0.986958 0.008843 0.002159 0.000985 0.000002 0.001053 0.000000
0.983428 0.011156 0.002877 0.001244 0.000007 0.001289 0.000000
0.980584 0.012883 0.003422 0.001542 0.000005 0.001561 0.000003
0.977104 0.015016 0.004082 0.001956 0.000004 0.001835 0.000002
0.971457 0.018597 0.005069 0.002480 0.000010 0.002383 0.000003
0.967384 0.021036 0.005718 0.002946 0.000008 0.002907 0.000002
0.962955 0.023650 0.006539 0.003458 0.000010 0.003385 0.000003
0.956106 0.027769 0.007825 0.004134 0.000014 0.004149 0.000003
0.950047 0.031164 0.009001 0.004818 0.000022 0.004944 0.000004
0.941757 0.035994 0.010561 0.005619 0.000026 0.006041 0.000003
0.935917 0.039151 0.011828 0.006187 0.000024 0.006891 0.000003
0.927381 0.043844 0.013563 0.006948 0.000024 0.008237 0.000004
0.920875 0.047317 0.014916 0.007616 0.000026 0.009247 0.000003
0.911920 0.051989 0.016752 0.008600 0.000030 0.010707 0.000003
0.900906 0.057578 0.019242 0.009781 0.000038 0.012451 0.000003
0.892092 0.061715 0.021245 0.010784 0.000053 0.014108 0.000003
0.881841 0.066591 0.023474 0.011846 0.000057 0.016188 0.000002
0.872715 0.070660 0.025281 0.012981 0.000061 0.018299 0.000002
0.863610 0.074507 0.027298 0.014212 0.000069 0.020302 0.000003
0.853079 0.078616 0.029803 0.015606 0.000071 0.022823 0.000002
0.841915 0.083263 0.032384 0.016861 0.000082 0.025493 0.000003
0.833190 0.086455 0.034644 0.017833 0.000085 0.027790 0.000002
0.822325 0.090248 0.037439 0.019142 0.000091 0.030752 0.000004
0.810754 0.094191 0.040380 0.020566 0.000102 0.033999 0.000008
0.800596 0.097317 0.042749 0.021922 0.000101 0.037305 0.000009
0.790431 0.100073 0.045230 0.023267 0.000114 0.040874 0.000011
0.780439 0.102939 0.047680 0.024548 0.000119 0.044264 0.000011
0.770625 0.105300 0.050283 0.025728 0.000132 0.047922 0.000010
0.761167 0.107439 0.052668 0.026880 0.000156 0.051680 0.000009
0.751177 0.109456 0.054982 0.028172 0.000179 0.056025 0.000008
0.743118 0.110893 0.056926 0.029264 0.000189 0.059601 0.000009
0.734366 0.112010 0.058985 0.030379 0.000208 0.064044 0.000008
0.725287 0.113321 0.061238 0.031544 0.000213 0.068387 0.000010
0.715964 0.114072 0.063604 0.032774 0.000229 0.073345 0.000012
0.708320 0.114857 0.065580 0.033574 0.000254 0.077403 0.000011
0.697997 0.115707 0.067940 0.034837 0.000273 0.083237 0.000010
0.690570 0.116452 0.069431 0.035520 0.000290 0.087726 0.000011
0.681548 0.116555 0.071288 0.036481 0.000308 0.093809 0.000011
0.674870 0.116138 0.072733 0.037249 0.000328 0.098671 0.000011
0.667607 0.115557 0.074167 0.038150 0.000344 0.104162 0.000013
0.660283 0.115701 0.075464 0.038741 0.000355 0.109439 0.000017
0.653452 0.114753 0.076635 0.039422 0.000373 0.115344 0.000021
0.646842 0.114531 0.077833 0.040039 0.000380 0.120354 0.000021
0.640224 0.113989 0.079003 0.040703 0.000400 0.125659 0.000022
0.633136 0.113295 0.080246 0.041370 0.000411 0.131517 0.000024
0.627677 0.112257 0.081039 0.041846 0.000416 0.136740 0.000024
0.621167 0.111043 0.082013 0.042406 0.000430 0.142916 0.000026
0.615545 0.109439 0.082576 0.042864 0.000447 0.149101 0.000029
0.611970 0.108197 0.082840 0.043010 0.000445 0.153510 0.000027
0.605827 0.106670 0.083249 0.043443 0.000447 0.160336 0.000029
0.600439 0.105272 0.083722 0.043805 0.000463 0.166272 0.000028
0.596529 0.102868 0.083719 0.043880 0.000470 0.172504 0.000030
0.593337 0.101534 0.083757 0.043987 0.000495 0.176858 0.000032
0.588819 0.099886 0.083898 0.044146 0.000506 0.182710 0.000034
0.584850 0.098150 0.083988 0.044000 0.000523 0.188451 0.000036
0.581706 0.096882 0.083880 0.043989 0.000534 0.192971 0.000038
0.577031 0.094526 0.083769 0.044261 0.000573 0.199801 0.000039
0.575187 0.092821 0.083082 0.043915 0.000585 0.204371 0.000040
0.572347 0.090914 0.082686 0.043665 0.000604 0.209741 0.000044
0.569014 0.089261 0.082474 0.043554 0.000619 0.215033 0.000045
0.567198 0.087476 0.081785 0.043286 0.000630 0.219578 0.000047
0.565811 0.086010 0.081228 0.042919 0.000639 0.223344 0.000049
0.561637 0.083726 0.080747 0.042508 0.000655 0.230674 0.000053
0.561103 0.082337 0.079815 0.041923 0.000664 0.234104 0.000054
0.560802 0.081537 0.079221 0.041493 0.000678 0.236217 0.000052
0.558283 0.079911 0.078610 0.041144 0.000685 0.241305 0.000062
0.555854 0.078267 0.078083 0.040684 0.000694 0.246355 0.000063
0.554997 0.076416 0.077213 0.040271 0.000704 0.250334 0.000064
0.554131 0.075308 0.076798 0.039988 0.000713 0.252999 0.000064
0.551383 0.073373 0.075991 0.039680 0.000726 0.258780 0.000067
0.550959 0.071800 0.075114 0.039121 0.000725 0.262217 0.000065
0.550816 0.070686 0.073913 0.038599 0.000725 0.265191 0.000069
0.549804 0.069496 0.072775 0.038078 0.000731 0.269042 0.000075
0.548798 0.067815 0.071802 0.037679 0.000720 0.273117 0.000069
0.548167 0.066687 0.070977 0.037413 0.000721 0.275961 0.000073
0.548491 0.065282 0.069566 0.036784 0.000724 0.279076 0.000077
0.547638 0.063708 0.068764 0.036377 0.000714 0.282716 0.000083
0.547540 0.062826 0.067969 0.036053 0.000719 0.284810 0.000083
0.547378 0.061449 0.066963 0.035511 0.000720 0.287896 0.000082
0.546634 0.060069 0.065966 0.035034 0.000734 0.291478 0.000085
0.546791 0.059218 0.064963 0.034534 0.000737 0.293669 0.000089
0.545882 0.057780 0.064128 0.034069 0.000736 0.297306 0.000098
0.546535 0.056790 0.062931 0.033455 0.000734 0.299451 0.000103
0.546454 0.055600 0.062030 0.032964 0.000729 0.302118 0.000104
0.546748 0.054534 0.061140 0.032406 0.000735 0.304329 0.000107
0.547287 0.053469 0.060287 0.031954 0.000738 0.306156 0.000110
0.547859 0.052642 0.059148 0.031379 0.000723 0.308133 0.000116
0.548449 0.051331 0.057835 0.030706 0.000720 0.310850 0.000111
0.548134 0.050417 0.057071 0.030367 0.000715 0.313178 0.000117
0.550525 0.050076 0.056278 0.029986 0.000702 0.312321 0.000112
0.549503 0.048017 0.054987 0.029239 0.000695 0.317445 0.000113
0.551107 0.047236 0.054078 0.028824 0.000697 0.317939 0.000119
0.551934 0.046474 0.053290 0.028463 0.000708 0.319013 0.000118
0.553979 0.046018 0.052518 0.028032 0.000679 0.318655 0.000119
0.554469 0.044925 0.051297 0.027406 0.000674 0.321100 0.000129
0.555097 0.044524 0.050602 0.026959 0.000668 0.322008 0.000141
0.556102 0.043814 0.049742 0.026364 0.000670 0.323177 0.000131
0.557218 0.043063 0.048848 0.026012 0.000661 0.324066 0.000132
0.558193 0.042593 0.048190 0.025559 0.000651 0.324677 0.000137
0.559314 0.041890 0.047459 0.025056 0.000642 0.325499 0.000140
0.560783 0.041056 0.046280 0.024501 0.000639 0.326600 0.000141
0.560801 0.040200 0.045636 0.024106 0.000643 0.328474 0.000139
0.562090 0.039909 0.045334 0.023959 0.000617 0.327942 0.000149
0.564109 0.039263 0.044378 0.023418 0.000617 0.328071 0.000143
0.565064 0.038718 0.043634 0.023048 0.000616 0.328771 0.000148
0.566009 0.037993 0.042908 0.022650 0.000614 0.329673 0.000152
0.566797 0.037626 0.042157 0.022287 0.000609 0.330373 0.000152
0.568544 0.036932 0.041333 0.021774 0.000596 0.330661 0.000160
0.569509 0.036559 0.041012 0.021529 0.000594 0.330636 0.000160
0.571529 0.035885 0.040051 0.021129 0.000579 0.330666 0.000162
0.573218 0.035181 0.039525 0.020810 0.000577 0.330533 0.000156
0.575264 0.034225 0.038929 0.020439 0.000573 0.330409 0.000162
0.577640 0.033018 0.038153 0.019912 0.000575 0.330536 0.000165
0.580416 0.031745 0.037297 0.019248 0.000567 0.330554 0.000172
0.582797 0.030694 0.036734 0.018801 0.000550 0.330253 0.000172
0.585678 0.029605 0.036434 0.018411 0.000546 0.329148 0.000178
0.588051 0.028477 0.035746 0.017922 0.000549 0.329079 0.000176
0.590814 0.027377 0.035001 0.017482 0.000529 0.328616 0.000180
0.594338 0.026259 0.034226 0.016904 0.000531 0.327562 0.000180
0.597835 0.025155 0.033546 0.016313 0.000516 0.326454 0.000182
0.600800 0.024084 0.032715 0.015706 0.000528 0.325993 0.000173
0.604128 0.023036 0.031930 0.015209 0.000502 0.325011 0.000184
0.607021 0.021983 0.031374 0.014857 0.000503 0.324079 0.000183
0.611053 0.021103 0.030517 0.014400 0.000492 0.322245 0.000190
0.615165 0.019873 0.029501 0.013785 0.000496 0.320995 0.000184
0.617931 0.019305 0.028887 0.013335 0.000476 0.319874 0.000191
0.620663 0.018329 0.028209 0.013024 0.000458 0.319126 0.000191
0.624986 0.017486 0.027341 0.012596 0.000464 0.316936 0.000192
0.627866 0.016864 0.026608 0.012138 0.000454 0.315879 0.000190
0.632103 0.016091 0.025814 0.011680 0.000444 0.313678 0.000190
0.634865 0.015440 0.024932 0.011336 0.000431 0.312804 0.000192
0.638411 0.014736 0.024032 0.010845 0.000444 0.311336 0.000197
0.642889 0.014125 0.023284 0.010472 0.000434 0.308599 0.000198
0.646422 0.013514 0.022554 0.010013 0.000425 0.306879 0.000194
0.650140 0.012974 0.022070 0.009713 0.000409 0.304489 0.000203
0.653776 0.012405 0.021180 0.009404 0.000395 0.302641 0.000200
0.656988 0.011909 0.020668 0.009121 0.000393 0.300716 0.000204
0.661115 0.011386 0.019765 0.008780 0.000392 0.298357 0.000205
0.664569 0.010959 0.019124 0.008422 0.000374 0.296344 0.000207
0.668279 0.010433 0.018516 0.008135 0.000373 0.294060 0.000204
0.670831 0.010030 0.018116 0.007897 0.000371 0.292546 0.000209
0.675439 0.009672 0.017367 0.007443 0.000373 0.289501 0.000206
0.677767 0.009213 0.016693 0.007154 0.000369 0.288598 0.000206
0.681849 0.009046 0.016122 0.006908 0.000363 0.285503 0.000209
0.685766 0.008639 0.015427 0.006548 0.000341 0.283063 0.000216
0.688828 0.008393 0.015002 0.006346 0.000332 0.280886 0.000213
0.693418 0.008084 0.014389 0.006151 0.000337 0.277409 0.000211
0.696758 0.007847 0.013862 0.005956 0.000328 0.275024 0.000224
0.699594 0.007594 0.013359 0.005687 0.000314 0.273236 0.000215
0.702600 0.007400 0.012882 0.005510 0.000315 0.271086 0.000207
0.705848 0.007134 0.012515 0.005307 0.000315 0.268656 0.000224
0.709072 0.006995 0.012230 0.005096 0.000305 0.266080 0.000222
0.713044 0.006740 0.011531 0.004856 0.000296 0.263304 0.000229
0.714982 0.006650 0.011387 0.004765 0.000292 0.261698 0.000225
0.719286 0.006354 0.010917 0.004628 0.000286 0.258308 0.000220
0.723347 0.006163 0.010500 0.004455 0.000272 0.255033 0.000230
0.725856 0.006049 0.010248 0.004355 0.000275 0.252993 0.000224
0.728504 0.005886 0.009819 0.004285 0.000255 0.251028 0.000223
0.731186 0.005739 0.009711 0.004198 0.000248 0.248694 0.000225
0.734707 0.005554 0.009204 0.004060 0.000232 0.246000 0.000243
0.738267 0.005415 0.008963 0.003918 0.000225 0.242985 0.000227
0.740123 0.005336 0.008649 0.003789 0.000235 0.241633 0.000235
0.743524 0.005223 0.008416 0.003735 0.000234 0.238627 0.000241
0.746732 0.005123 0.008152 0.003635 0.000220 0.235904 0.000234
0.749753 0.005105 0.007840 0.003457 0.000211 0.233407 0.000227
0.752809 0.005014 0.007550 0.003387 0.000203 0.230808 0.000230
0.754518 0.004861 0.007290 0.003286 0.000181 0.229628 0.000237
0.759067 0.004737 0.006988 0.003109 0.000173 0.225685 0.000240
0.761096 0.004691 0.006852 0.003119 0.000189 0.223817 0.000237
0.763151 0.004617 0.006785 0.002998 0.000186 0.222032 0.000230
0.766547 0.004531 0.006512 0.002892 0.000182 0.219101 0.000235
0.768986 0.004394 0.006329 0.002847 0.000184 0.217023 0.000237
0.771526 0.004395 0.006183 0.002780 0.000175 0.214710 0.000230
0.773692 0.004340 0.006055 0.002697 0.000163 0.212822 0.000232
0.776921 0.004309 0.005910 0.002669 0.000157 0.209798 0.000236
0.779245 0.004153 0.005694 0.002613 0.000158 0.207906 0.000230
0.782027 0.004168 0.005579 0.002550 0.000171 0.205273 0.000233
0.785111 0.004097 0.005424 0.002455 0.000156 0.202530 0.000226
0.786421 0.004090 0.005245 0.002401 0.000149 0.201458 0.000235
0.789975 0.004024 0.005089 0.002407 0.000146 0.198124 0.000235
0.792037 0.004052 0.005011 0.002392 0.000142 0.196129 0.000237
0.794911 0.003968 0.004934 0.002296 0.000131 0.193517 0.000242
0.796450 0.003864 0.004846 0.002271 0.000132 0.192204 0.000234
0.799621 0.003804 0.004755 0.002206 0.000121 0.189265 0.000227
0.801525 0.003740 0.004599 0.002143 0.000126 0.187644 0.000223
0.803181 0.003722 0.004619 0.002070 0.000117 0.186060 0.000230
0.806465 0.003713 0.004556 0.002041 0.000122 0.182862 0.000242
0.808654 0.003736 0.004415 0.001995 0.000127 0.180840 0.000232
0.810443 0.003692 0.004309 0.002023 0.000115 0.179181 0.000238
0.812384 0.003686 0.004246 0.001982 0.000112 0.177347 0.000243
0.815020 0.003673 0.004207 0.001953 0.000117 0.174782 0.000247
0.816844 0.003737 0.004158 0.001964 0.000115 0.172948 0.000233
0.818415 0.003727 0.004139 0.001875 0.000112 0.171498 0.000234
0.820281 0.003725 0.004042 0.001868 0.000104 0.169745 0.000236
0.822793 0.003693 0.004043 0.001869 0.000112 0.167259 0.000231
0.824245 0.003716 0.003935 0.001821 0.000109 0.165929 0.000246
0.825631 0.003694 0.003894 0.001840 0.000113 0.164591 0.000238
0.828705 0.003623 0.003924 0.001823 0.000104 0.161576 0.000246
0.829882 0.003470 0.003809 0.001782 0.000106 0.160706 0.000245
0.832971 0.003440 0.003693 0.001769 0.000098 0.157793 0.000236
0.833833 0.003493 0.003830 0.001727 0.000090 0.156792 0.000235
0.835341 0.003496 0.003746 0.001710 0.000093 0.155362 0.000251
0.837586 0.003516 0.003789 0.001683 0.000091 0.153095 0.000239
0.839302 0.003540 0.003748 0.001637 0.000086 0.151439 0.000247
0.841664 0.003532 0.003658 0.001625 0.000097 0.149190 0.000234
0.842339 0.003559 0.003742 0.001610 0.000081 0.148426 0.000243
0.843674 0.003658 0.003651 0.001615 0.000086 0.147067 0.000249
0.845679 0.003551 0.003640 0.001599 0.000077 0.145198 0.000256
0.848794 0.003473 0.003578 0.001549 0.000080 0.142287 0.000239
0.850424 0.003531 0.003617 0.001596 0.000074 0.140513 0.000246
0.850314 0.003600 0.003694 0.001573 0.000072 0.140512 0.000235
0.851949 0.003648 0.003660 0.001619 0.000066 0.138830 0.000228
0.853310 0.003629 0.003615 0.001668 0.000067 0.137468 0.000243
0.855825 0.003580 0.003548 0.001621 0.000067 0.135126 0.000235
0.856404 0.003658 0.003572 0.001663 0.000073 0.134377 0.000252
0.857436 0.003742 0.003719 0.001705 0.000062 0.133090 0.000245
0.860637 0.003629 0.003520 0.001662 0.000064 0.130241 0.000245
0.859347 0.003719 0.003548 0.001689 0.000063 0.131378 0.000256
0.862385 0.003771 0.003578 0.001695 0.000071 0.128258 0.000244
0.863346 0.003724 0.003571 0.001644 0.000060 0.127418 0.000237
0.864007 0.003852 0.003605 0.001695 0.000063 0.126535 0.000242
0.866346 0.003932 0.003593 0.001689 0.000066 0.124123 0.000250
0.867273 0.003924 0.003638 0.001638 0.000058 0.123228 0.000241
0.868945 0.003900 0.003635 0.001659 0.000061 0.121548 0.000252
0.869605 0.003952 0.003598 0.001700 0.000053 0.120841 0.000252
0.870485 0.003946 0.003698 0.001649 0.000060 0.119904 0.000260
0.872705 0.003956 0.003642 0.001634 0.000055 0.117747 0.000261
0.872802 0.004032 0.003789 0.001666 0.000054 0.117396 0.000261
0.873462 0.003933 0.003741 0.001683 0.000060 0.116856 0.000264
0.875465 0.003932 0.003755 0.001705 0.000053 0.114853 0.000238
0.876207 0.003890 0.003740 0.001700 0.000047 0.114164 0.000253
0.878298 0.003911 0.003757 0.001747 0.000051 0.111975 0.000260
0.878703 0.004122 0.003833 0.001705 0.000051 0.111329 0.000256
0.879374 0.004195 0.003849 0.001672 0.000054 0.110585 0.000271
0.880054 0.004218 0.003972 0.001671 0.000043 0.109787 0.000255
0.880712 0.004450 0.004002 0.001647 0.000042 0.108891 0.000257
0.883318 0.004349 0.003875 0.001607 0.000042 0.106566 0.000242
0.882947 0.004544 0.003981 0.001700 0.000047 0.106535 0.000246
0.884175 0.004573 0.003907 0.001700 0.000045 0.105357 0.000245
0.886110 0.004562 0.003864 0.001689 0.000046 0.103478 0.000251
0.885945 0.004812 0.004006 0.001753 0.000039 0.103179 0.000266
0.886423 0.004624 0.004018 0.001793 0.000053 0.102842 0.000247
0.888236 0.004711 0.003905 0.001802 0.000050 0.101031 0.000265
0.888464 0.004820 0.004081 0.001882 0.000045 0.100456 0.000253
0.888446 0.004890 0.004076 0.001910 0.000047 0.100365 0.000266
0.889155 0.005057 0.004214 0.001973 0.000049 0.099292 0.000259
0.891027 0.004931 0.004218 0.001962 0.000045 0.097571 0.000245
0.892422 0.004834 0.004134 0.001903 0.000051 0.096396 0.000261
0.892169 0.004919 0.004197 0.001951 0.000045 0.096467 0.000253
0.894392 0.004792 0.004110 0.001878 0.000045 0.094531 0.000251
0.893564 0.005009 0.004207 0.001914 0.000039 0.094991 0.000276
0.895121 0.004986 0.004110 0.001930 0.000037 0.093550 0.000265
0.895441 0.005166 0.004288 0.001947 0.000048 0.092861 0.000249
0.895193 0.005173 0.004386 0.001962 0.000053 0.092966 0.000268
0.896834 0.005119 0.004270 0.001966 0.000048 0.091507 0.000257
0.897840 0.005082 0.004257 0.001994 0.000047 0.090514 0.000266
0.898230 0.005166 0.004247 0.002008 0.000048 0.090028 0.000272
0.897510 0.005272 0.004435 0.002032 0.000050 0.090431 0.000270
0.899061 0.005291 0.004409 0.002057 0.000052 0.088873 0.000258
0.899212 0.005341 0.004479 0.002110 0.000051 0.088542 0.000265
0.900244 0.005231 0.004419 0.002122 0.000050 0.087666 0.000269
0.901569 0.005177 0.004354 0.002101 0.000049 0.086480 0.000271
0.901309 0.005393 0.004493 0.002151 0.000051 0.086342 0.000261
0.902050 0.005553 0.004480 0.002180 0.000043 0.085423 0.000272
0.901047 0.005581 0.004541 0.002252 0.000052 0.086246 0.000281
0.902971 0.005556 0.004480 0.002247 0.000048 0.084434 0.000265
0.903477 0.005418 0.004488 0.002256 0.000047 0.084051 0.000264
0.903387 0.005606 0.004649 0.002254 0.000043 0.083795 0.000266
0.903581 0.005702 0.004707 0.002276 0.000048 0.083411 0.000275
0.903846 0.005799 0.004765 0.002312 0.000045 0.082963 0.000271
0.903072 0.005930 0.005016 0.002384 0.000048 0.083269 0.000281
0.905611 0.005717 0.004771 0.002291 0.000058 0.081283 0.000268
0.904490 0.005889 0.004983 0.002445 0.000059 0.081862 0.000273
0.905553 0.005972 0.004954 0.002422 0.000052 0.080772 0.000275
0.906181 0.005905 0.004938 0.002435 0.000053 0.080201 0.000287
0.906328 0.005878 0.005029 0.002466 0.000055 0.079982 0.000262
0.907871 0.005870 0.004878 0.002445 0.000047 0.078623 0.000265
0.908549 0.005935 0.005042 0.002508 0.000057 0.077630 0.000280
0.906830 0.006163 0.005205 0.002498 0.000060 0.078951 0.000293
0.908488 0.006094 0.005027 0.002436 0.000060 0.077610 0.000283
0.907939 0.006291 0.005121 0.002485 0.000066 0.077826 0.000272
0.908163 0.006370 0.005209 0.002541 0.000060 0.077373 0.000284
0.908722 0.006230 0.005097 0.002528 0.000055 0.077082 0.000286
0.909248 0.006314 0.005165 0.002523 0.000047 0.076422 0.000282
0.909081 0.006338 0.005367 0.002553 0.000049 0.076335 0.000277
0.909513 0.006434 0.005320 0.002576 0.000047 0.075824 0.000287
0.952855 0.002258 0.001878 0.000937 0.000020 0.041913 0.000139
