0.999237 0.000498 0.000182 0.000080 0.000000 0.000003 0.000000
0.999138 0.000465 0.000093 0.000029 0.000000 0.000275 0.000000
0.998758 0.000790 0.000171 0.000056 0.000000 0.000225 0.000000
0.998452 0.000986 0.000229 0.000078 0.000000 0.000256 0.000000
0.998136 0.001182 0.000254 0.000101 0.000001 0.000327 0.000000
0.997684 0.001494 0.000342 0.000147 0.000000 0.000333 0.000000
0.997257 0.001784 0.000426 0.000162 0.000000 0.000370 0.000000
0.996315 0.002547 0.000533 0.000201 0.000000 0.000405 0.000000
0.995396 0.003248 0.000677 0.000239 0.000000 0.000441 0.000000
0.994051 0.004142 0.000972 0.000355 0.000000 0.000481 0.000000
0.992235 0.005318 0.001370 0.000497 0.000000 0.000581 0.000000
0.990466 0.006464 0.001683 0.000677 0.000000 0.000710 0.000000
0.988794 0.007544 0.002028 0.000776 0.000000 0.000858 0.000000
0.985760 0.009488 0.002612 0.001095 0.000000 0.001045 0.000000
0.982678 0.011549 0.003102 0.001363 0.000001 0.001307 0.000000
0.978978 0.013880 0.003777 0.001693 0.000005 0.001667 0.000000
0.975320 0.016161 0.004481 0.002058 0.000005 0.001975 0.000000
0.970845 0.018961 0.005288 0.002427 0.000009 0.002469 0.000000
0.966254 0.021775 0.006003 0.002917 0.000013 0.003037 0.000000
0.960706 0.024906 0.007078 0.003564 0.000015 0.003731 0.000000
0.955406 0.027874 0.008112 0.004237 0.000013 0.004359 0.000000
0.948416 0.031875 0.009484 0.004956 0.000022 0.005248 0.000000
0.942165 0.035545 0.010726 0.005445 0.000024 0.006094 0.000000
0.934566 0.039783 0.012283 0.006151 0.000032 0.007183 0.000003
0.927772 0.043513 0.013591 0.006848 0.000031 0.008242 0.000003
0.919966 0.047902 0.015025 0.007609 0.000026 0.009469 0.000002
0.910635 0.052640 0.017129 0.008574 0.000030 0.010990 0.000003
0.901228 0.057507 0.019058 0.009550 0.000038 0.012617 0.000003
0.891974 0.061860 0.021000 0.010562 0.000038 0.014564 0.000002
0.882960 0.065970 0.023094 0.011560 0.000043 0.016370 0.000002
0.873131 0.070558 0.025136 0.012770 0.000048 0.018355 0.000002
0.863942 0.074347 0.027332 0.013917 0.000057 0.020404 0.000002
0.853892 0.078394 0.029774 0.015203 0.000060 0.022676 0.000002
0.841806 0.083307 0.032472 0.016709 0.000065 0.025640 0.000002
0.833201 0.086311 0.034643 0.017711 0.000071 0.028061 0.000002
0.823392 0.089945 0.037127 0.018921 0.000076 0.030536 0.000003
0.811682 0.094078 0.040020 0.020401 0.000087 0.033729 0.000004
0.800490 0.097550 0.042755 0.021887 0.000098 0.037217 0.000004
0.790657 0.100474 0.044941 0.023180 0.000103 0.040641 0.000005
0.780688 0.103243 0.047257 0.024519 0.000114 0.044174 0.000005
0.770520 0.105734 0.049857 0.025653 0.000121 0.048110 0.000005
0.759862 0.108188 0.052485 0.027133 0.000136 0.052192 0.000004
0.750439 0.110173 0.054849 0.028278 0.000158 0.056099 0.000004
0.740044 0.112049 0.057371 0.029715 0.000174 0.060642 0.000004
0.730865 0.113555 0.059581 0.030852 0.000184 0.064961 0.000004
0.722075 0.114720 0.061688 0.031920 0.000194 0.069400 0.000005
0.711972 0.115893 0.063951 0.033198 0.000212 0.074769 0.000005
0.704067 0.116466 0.065904 0.034114 0.000226 0.079219 0.000005
0.693920 0.117048 0.068300 0.035297 0.000248 0.085182 0.000005
0.686712 0.117472 0.069743 0.036205 0.000257 0.089606 0.000005
0.677851 0.117466 0.071742 0.037272 0.000286 0.095378 0.000005
0.670462 0.116706 0.073271 0.038155 0.000310 0.101089 0.000006
0.663819 0.116373 0.074537 0.038838 0.000323 0.106097 0.000011
0.656556 0.116089 0.075941 0.039638 0.000334 0.111429 0.000014
0.650027 0.115184 0.076885 0.040306 0.000348 0.117236 0.000014
0.643328 0.114438 0.078073 0.040839 0.000364 0.122944 0.000014
0.636164 0.113916 0.079299 0.041607 0.000382 0.128617 0.000015
0.630016 0.112802 0.080210 0.042195 0.000397 0.134364 0.000016
0.625306 0.111759 0.080691 0.042560 0.000407 0.139258 0.000019
0.617747 0.110552 0.081735 0.043212 0.000423 0.146311 0.000019
0.612928 0.108663 0.082352 0.043532 0.000442 0.152062 0.000021
0.607244 0.107271 0.083100 0.043954 0.000461 0.157947 0.000023
0.603548 0.105443 0.083164 0.043948 0.000469 0.163405 0.000024
0.598930 0.103916 0.083495 0.044261 0.000502 0.168871 0.000024
0.594408 0.102038 0.083723 0.044263 0.000525 0.175020 0.000024
0.590858 0.100366 0.083731 0.044369 0.000541 0.180110 0.000025
0.587301 0.098576 0.083572 0.044250 0.000568 0.185707 0.000025
0.583762 0.097094 0.083407 0.044105 0.000584 0.191024 0.000024
0.580082 0.095293 0.083414 0.044183 0.000594 0.196408 0.000026
0.577118 0.092949 0.083076 0.044056 0.000607 0.202167 0.000028
0.574489 0.091208 0.082880 0.043636 0.000630 0.207126 0.000031
0.571453 0.089857 0.082475 0.043310 0.000634 0.212237 0.000033
0.569625 0.088610 0.081931 0.043052 0.000640 0.216108 0.000035
0.566557 0.086444 0.081335 0.042663 0.000657 0.222305 0.000039
0.565021 0.085241 0.080810 0.042461 0.000677 0.225752 0.000039
0.561680 0.083033 0.080031 0.042132 0.000680 0.232399 0.000046
0.561123 0.081731 0.079387 0.041736 0.000695 0.235285 0.000043
0.559524 0.080620 0.078575 0.041448 0.000716 0.239073 0.000045
0.557606 0.078732 0.077859 0.041046 0.000723 0.243982 0.000052
0.557194 0.077238 0.076910 0.040524 0.000733 0.247341 0.000060
0.555432 0.075412 0.076219 0.040037 0.000739 0.252097 0.000063
0.554128 0.073868 0.075499 0.039794 0.000733 0.255914 0.000063
0.552200 0.072348 0.074804 0.039411 0.000724 0.260447 0.000067
0.553138 0.071060 0.073688 0.038784 0.000710 0.262553 0.000068
0.552349 0.069918 0.072820 0.038371 0.000713 0.265759 0.000069
0.550988 0.067937 0.071805 0.037723 0.000718 0.270757 0.000073
0.550515 0.066984 0.070983 0.037333 0.000702 0.273410 0.000073
0.549949 0.066116 0.069983 0.036851 0.000712 0.276316 0.000072
0.549197 0.064952 0.068665 0.036273 0.000714 0.280120 0.000079
0.548262 0.064009 0.067877 0.035841 0.000715 0.283211 0.000085
0.548270 0.062859 0.066671 0.035240 0.000708 0.286163 0.000089
0.548381 0.061792 0.065934 0.034797 0.000706 0.288303 0.000086
0.547049 0.060609 0.065222 0.034275 0.000711 0.292042 0.000091
0.547193 0.059747 0.064188 0.033562 0.000721 0.294499 0.000090
0.546449 0.058564 0.063607 0.033264 0.000724 0.297291 0.000101
0.547449 0.057713 0.062385 0.032538 0.000715 0.299094 0.000106
0.546277 0.056428 0.061565 0.032344 0.000698 0.302580 0.000108
0.546956 0.055656 0.060970 0.032074 0.000706 0.303529 0.000108
0.547004 0.054249 0.060145 0.031552 0.000707 0.306235 0.000108
0.546711 0.053152 0.059317 0.031205 0.000715 0.308789 0.000111
0.547802 0.052439 0.058156 0.030625 0.000718 0.310147 0.000115
0.547768 0.051697 0.057388 0.030360 0.000712 0.311960 0.000114
0.547792 0.050666 0.056662 0.029905 0.000701 0.314156 0.000118
0.547494 0.049131 0.055597 0.029319 0.000717 0.317622 0.000121
0.547866 0.048243 0.054716 0.028858 0.000714 0.319478 0.000124
0.548714 0.047159 0.054004 0.028491 0.000717 0.320784 0.000130
0.550078 0.045907 0.053217 0.028109 0.000691 0.321868 0.000130
0.551085 0.045445 0.052317 0.027592 0.000689 0.322730 0.000142
0.551449 0.044579 0.051244 0.027099 0.000698 0.324784 0.000147
0.552047 0.044076 0.050594 0.026722 0.000674 0.325747 0.000141
0.553378 0.043078 0.049471 0.026249 0.000672 0.327007 0.000144
0.553813 0.042182 0.048727 0.025821 0.000662 0.328643 0.000151
0.555007 0.041478 0.048100 0.025457 0.000662 0.329142 0.000154
0.556184 0.041055 0.047382 0.025131 0.000647 0.329448 0.000153
0.556743 0.039886 0.046470 0.024566 0.000663 0.331519 0.000153
0.558018 0.039072 0.045530 0.024156 0.000666 0.332404 0.000153
0.559368 0.038495 0.044825 0.023792 0.000682 0.332680 0.000157
0.560581 0.037660 0.044034 0.023351 0.000669 0.333543 0.000162
0.561672 0.037092 0.043548 0.022999 0.000660 0.333864 0.000166
0.562871 0.036723 0.042817 0.022608 0.000652 0.334161 0.000168
0.564374 0.036236 0.042016 0.022216 0.000640 0.334348 0.000172
0.565820 0.035400 0.041182 0.021726 0.000627 0.335072 0.000174
0.567365 0.034841 0.040344 0.021230 0.000618 0.335428 0.000175
0.568297 0.034566 0.039793 0.020981 0.000614 0.335569 0.000179
0.570549 0.033813 0.038821 0.020522 0.000611 0.335501 0.000183
0.571490 0.033483 0.038337 0.020207 0.000605 0.335694 0.000184
0.573427 0.033050 0.037424 0.019894 0.000608 0.335412 0.000186
0.574644 0.032966 0.036979 0.019513 0.000597 0.335112 0.000189
0.576032 0.032640 0.036381 0.019285 0.000587 0.334883 0.000192
0.578118 0.032106 0.035697 0.018936 0.000584 0.334364 0.000195
0.578928 0.031969 0.035342 0.018697 0.000578 0.334290 0.000196
0.580528 0.031610 0.034914 0.018402 0.000563 0.333789 0.000195
0.581847 0.031547 0.034596 0.018191 0.000568 0.333046 0.000206
0.583752 0.030990 0.033870 0.017795 0.000562 0.332830 0.000202
0.585523 0.030767 0.033381 0.017429 0.000554 0.332149 0.000197
0.587130 0.030575 0.032840 0.017191 0.000542 0.331514 0.000207
0.588553 0.030516 0.032432 0.016955 0.000537 0.330796 0.000212
0.590189 0.030619 0.032204 0.016672 0.000532 0.329570 0.000214
0.591315 0.030412 0.031936 0.016685 0.000542 0.328896 0.000214
0.592773 0.030298 0.031294 0.016473 0.000523 0.328420 0.000218
0.593848 0.030144 0.031118 0.016382 0.000510 0.327783 0.000215
0.594959 0.029947 0.030833 0.016137 0.000524 0.327381 0.000219
0.597133 0.029818 0.030393 0.015989 0.000519 0.325927 0.000222
0.598280 0.029870 0.029988 0.015777 0.000514 0.325350 0.000221
0.599120 0.029908 0.029786 0.015726 0.000505 0.324728 0.000226
0.600600 0.029657 0.029511 0.015509 0.000483 0.324011 0.000228
0.601492 0.029663 0.029453 0.015390 0.000495 0.323277 0.000230
0.602614 0.029611 0.029210 0.015235 0.000487 0.322614 0.000229
0.603714 0.029602 0.028994 0.015188 0.000472 0.321801 0.000229
0.605862 0.029551 0.028694 0.014869 0.000479 0.320309 0.000236
0.606579 0.029805 0.028580 0.014806 0.000477 0.319520 0.000233
0.607556 0.029697 0.028262 0.014677 0.000472 0.319107 0.000229
0.608718 0.029601 0.028093 0.014710 0.000468 0.318173 0.000236
0.610777 0.029522 0.027670 0.014594 0.000444 0.316752 0.000239
0.611477 0.029562 0.027587 0.014581 0.000436 0.316118 0.000239
0.611914 0.029804 0.027535 0.014653 0.000431 0.315425 0.000237
0.613865 0.029660 0.027209 0.014549 0.000423 0.314054 0.000240
0.614690 0.029855 0.027202 0.014576 0.000417 0.313022 0.000238
0.615688 0.029929 0.027223 0.014473 0.000398 0.312050 0.000239
0.616562 0.030034 0.027299 0.014432 0.000399 0.311041 0.000233
0.617482 0.030067 0.027259 0.014419 0.000392 0.310145 0.000236
0.618129 0.030327 0.027113 0.014385 0.000399 0.309408 0.000239
0.619273 0.030345 0.027000 0.014335 0.000389 0.308414 0.000245
0.620491 0.030369 0.026869 0.014354 0.000384 0.307286 0.000248
0.620901 0.030566 0.026863 0.014458 0.000367 0.306597 0.000249
0.621676 0.030926 0.026966 0.014394 0.000363 0.305431 0.000244
0.622646 0.031006 0.026846 0.014387 0.000355 0.304518 0.000242
0.623185 0.031286 0.026919 0.014315 0.000363 0.303682 0.000249
0.623580 0.031500 0.027012 0.014316 0.000345 0.302992 0.000257
0.624336 0.031551 0.026861 0.014292 0.000352 0.302353 0.000254
0.625582 0.031616 0.026872 0.014347 0.000350 0.300986 0.000247
0.626060 0.031626 0.027144 0.014360 0.000365 0.300185 0.000260
0.625900 0.031748 0.027268 0.014439 0.000366 0.300019 0.000260
0.627364 0.031863 0.027162 0.014397 0.000366 0.298591 0.000257
0.627227 0.032075 0.027315 0.014523 0.000370 0.298236 0.000253
0.628456 0.032187 0.027188 0.014515 0.000354 0.297037 0.000263
0.628187 0.032548 0.027598 0.014678 0.000359 0.296357 0.000273
0.628885 0.032701 0.027553 0.014618 0.000353 0.295625 0.000265
0.629125 0.032951 0.027686 0.014630 0.000353 0.294993 0.000261
0.629242 0.033227 0.027876 0.014652 0.000364 0.294368 0.000270
0.629677 0.033500 0.028008 0.014716 0.000351 0.293481 0.000266
0.629788 0.033587 0.028162 0.014835 0.000348 0.293015 0.000265
0.630213 0.033777 0.028243 0.014901 0.000335 0.292267 0.000265
0.629822 0.033997 0.028331 0.015008 0.000328 0.292249 0.000266
0.630728 0.034075 0.028160 0.015025 0.000335 0.291408 0.000269
0.630553 0.034389 0.028320 0.015088 0.000338 0.291046 0.000265
0.630432 0.034662 0.028424 0.015182 0.000340 0.290685 0.000275
0.630536 0.034665 0.028498 0.015330 0.000334 0.290364 0.000273
0.631148 0.034779 0.028614 0.015356 0.000340 0.289484 0.000278
0.630995 0.035030 0.028918 0.015415 0.000345 0.289025 0.000273
0.631229 0.035351 0.029015 0.015437 0.000342 0.288344 0.000283
0.631381 0.035454 0.029254 0.015537 0.000353 0.287736 0.000284
0.630820 0.035701 0.029519 0.015708 0.000354 0.287616 0.000281
0.631438 0.035633 0.029596 0.015745 0.000341 0.286965 0.000283
0.631074 0.035653 0.029689 0.015936 0.000339 0.287011 0.000297
0.631768 0.035699 0.029880 0.016087 0.000354 0.285922 0.000290
0.631724 0.035864 0.029925 0.016158 0.000354 0.285686 0.000288
0.631739 0.035944 0.030008 0.016227 0.000358 0.285435 0.000288
0.631525 0.036275 0.030268 0.016300 0.000357 0.284986 0.000288
0.631548 0.036389 0.030485 0.016302 0.000365 0.284617 0.000295
0.631137 0.036516 0.030696 0.016450 0.000373 0.284528 0.000301
0.630796 0.036659 0.030895 0.016475 0.000370 0.284509 0.000296
0.631305 0.036813 0.030885 0.016496 0.000366 0.283837 0.000298
0.631104 0.036893 0.030930 0.016478 0.000370 0.283934 0.000292
0.630988 0.037057 0.031153 0.016601 0.000363 0.283543 0.000296
0.630579 0.037154 0.031315 0.016706 0.000364 0.283586 0.000296
0.630235 0.037197 0.031278 0.016680 0.000368 0.283941 0.000300
0.630432 0.037336 0.031514 0.016753 0.000361 0.283307 0.000296
0.630290 0.037524 0.031671 0.016814 0.000365 0.283034 0.000302
0.629847 0.037512 0.031848 0.016899 0.000359 0.283230 0.000305
0.629413 0.037709 0.032114 0.016994 0.000357 0.283105 0.000309
0.629223 0.037916 0.032141 0.017045 0.000346 0.283021 0.000308
0.629485 0.037934 0.032165 0.017144 0.000332 0.282626 0.000313
0.628718 0.038217 0.032230 0.017212 0.000336 0.282976 0.000311
0.628455 0.038268 0.032289 0.017229 0.000335 0.283106 0.000320
0.628088 0.038382 0.032671 0.017389 0.000336 0.282819 0.000314
0.627888 0.038498 0.032780 0.017437 0.000333 0.282748 0.000316
0.627458 0.038704 0.032898 0.017465 0.000342 0.282817 0.000317
0.627560 0.038794 0.032979 0.017469 0.000336 0.282539 0.000323
0.627426 0.038709 0.032953 0.017486 0.000340 0.282765 0.000320
0.626701 0.038869 0.033056 0.017579 0.000336 0.283145 0.000314
0.626388 0.038952 0.033131 0.017501 0.000345 0.283361 0.000321
0.626403 0.038944 0.033040 0.017554 0.000352 0.283385 0.000323
0.626070 0.039150 0.033249 0.017566 0.000351 0.283291 0.000322
0.625667 0.039213 0.033380 0.017676 0.000359 0.283382 0.000324
0.624975 0.039311 0.033567 0.017711 0.000356 0.283748 0.000332
0.625246 0.039218 0.033603 0.017717 0.000352 0.283538 0.000326
0.624402 0.039278 0.033827 0.017862 0.000369 0.283935 0.000328
0.624482 0.039289 0.033795 0.017904 0.000361 0.283840 0.000329
0.624190 0.039509 0.033870 0.017974 0.000380 0.283744 0.000333
0.623565 0.039725 0.034031 0.018110 0.000387 0.283848 0.000333
0.623016 0.039539 0.034067 0.018085 0.000374 0.284585 0.000334
0.623217 0.039551 0.034160 0.018184 0.000382 0.284165 0.000341
0.623021 0.039446 0.034283 0.018273 0.000379 0.284264 0.000333
0.623216 0.039405 0.034133 0.018183 0.000381 0.284342 0.000341
0.622524 0.039515 0.034150 0.018298 0.000383 0.284789 0.000340
0.622312 0.039414 0.034300 0.018367 0.000370 0.284899 0.000339
0.621710 0.039366 0.034357 0.018434 0.000387 0.285396 0.000350
0.621632 0.039621 0.034348 0.018430 0.000397 0.285224 0.000349
0.621442 0.039636 0.034388 0.018411 0.000401 0.285372 0.000351
0.621554 0.039565 0.034429 0.018362 0.000387 0.285360 0.000343
0.621169 0.039432 0.034542 0.018296 0.000380 0.285838 0.000343
0.620990 0.039582 0.034675 0.018375 0.000386 0.285645 0.000346
0.620725 0.039448 0.034701 0.018400 0.000395 0.285988 0.000343
0.620879 0.039400 0.034503 0.018466 0.000394 0.286017 0.000342
0.620688 0.039256 0.034587 0.018397 0.000388 0.286344 0.000340
0.620148 0.039166 0.034572 0.018371 0.000392 0.287002 0.000349
0.620589 0.039162 0.034549 0.018308 0.000400 0.286649 0.000344
0.620516 0.039112 0.034543 0.018263 0.000393 0.286822 0.000352
0.620297 0.039078 0.034653 0.018266 0.000392 0.286965 0.000348
0.620300 0.039085 0.034515 0.018236 0.000397 0.287115 0.000351
0.620135 0.039106 0.034464 0.018367 0.000388 0.287194 0.000346
0.620560 0.038751 0.034551 0.018454 0.000392 0.286942 0.000351
0.619979 0.038728 0.034595 0.018506 0.000381 0.287454 0.000358
0.620304 0.038554 0.034682 0.018419 0.000374 0.287306 0.000361
0.619829 0.038524 0.034657 0.018506 0.000372 0.287745 0.000367
0.619754 0.038344 0.034675 0.018504 0.000374 0.287992 0.000358
0.619943 0.038281 0.034618 0.018356 0.000376 0.288064 0.000362
0.619788 0.038139 0.034632 0.018383 0.000372 0.288327 0.000360
0.620047 0.038272 0.034555 0.018329 0.000386 0.288046 0.000365
0.619886 0.038177 0.034529 0.018239 0.000381 0.288420 0.000368
0.620048 0.038248 0.034385 0.018142 0.000382 0.288425 0.000371
0.619382 0.038253 0.034447 0.018045 0.000381 0.289124 0.000370
0.619548 0.038267 0.034422 0.018148 0.000382 0.288858 0.000375
0.619962 0.038203 0.034337 0.018132 0.000376 0.288612 0.000379
0.620105 0.038040 0.034255 0.018092 0.000371 0.288761 0.000374
0.620231 0.037887 0.034169 0.018161 0.000380 0.288798 0.000373
0.620225 0.038069 0.034199 0.018130 0.000381 0.288622 0.000375
0.620077 0.037912 0.034166 0.018133 0.000380 0.288955 0.000377
0.619904 0.037967 0.034137 0.018127 0.000369 0.289119 0.000376
0.620107 0.037771 0.034053 0.018165 0.000379 0.289143 0.000383
0.620268 0.037826 0.033977 0.018106 0.000382 0.289061 0.000381
0.620198 0.037896 0.033981 0.018106 0.000372 0.289069 0.000378
0.620214 0.038020 0.033918 0.018040 0.000363 0.289064 0.000382
0.620178 0.037927 0.033841 0.017998 0.000381 0.289280 0.000394
0.620612 0.037936 0.033918 0.017954 0.000375 0.288811 0.000394
0.620646 0.037773 0.033864 0.018008 0.000380 0.288930 0.000399
0.620355 0.037627 0.033846 0.018000 0.000379 0.289403 0.000390
0.620216 0.037761 0.033765 0.017754 0.000375 0.289739 0.000390
0.620784 0.037806 0.033719 0.017739 0.000376 0.289186 0.000390
0.620265 0.037770 0.033756 0.017674 0.000378 0.289756 0.000400
0.620176 0.037803 0.033729 0.017711 0.000382 0.289793 0.000406
0.620356 0.037766 0.033561 0.017776 0.000378 0.289757 0.000406
0.620323 0.037565 0.033624 0.017764 0.000379 0.289944 0.000400
0.620625 0.037605 0.033738 0.017854 0.000387 0.289390 0.000402
0.620654 0.037432 0.033545 0.017805 0.000401 0.289754 0.000409
0.620698 0.037312 0.033627 0.017760 0.000394 0.289805 0.000404
0.621151 0.037288 0.033594 0.017746 0.000395 0.289413 0.000413
0.621000 0.037358 0.033556 0.017725 0.000411 0.289539 0.000411
0.620992 0.037357 0.033519 0.017693 0.000410 0.289611 0.000418
0.621111 0.037340 0.033541 0.017709 0.000393 0.289493 0.000412
0.621403 0.037454 0.033432 0.017615 0.000405 0.289279 0.000412
0.621352 0.037263 0.033289 0.017669 0.000392 0.289614 0.000421
0.621724 0.037244 0.033550 0.017633 0.000398 0.289030 0.000421
0.621763 0.037284 0.033534 0.017721 0.000402 0.288879 0.000417
0.621578 0.037402 0.033621 0.017713 0.000390 0.288875 0.000421
0.621720 0.037385 0.033559 0.017713 0.000385 0.288818 0.000420
0.621811 0.037318 0.033629 0.017755 0.000382 0.288674 0.000432
0.621816 0.037255 0.033599 0.017765 0.000385 0.288757 0.000423
0.809603 0.018413 0.016665 0.008838 0.000196 0.146066 0.000218
