0.999261 0.000582 0.000117 0.000040 0.000000 0.000000 0.000000
0.998997 0.000757 0.000116 0.000036 0.000000 0.000094 0.000000
0.998737 0.000949 0.000148 0.000045 0.000000 0.000121 0.000000
0.998468 0.001160 0.000170 0.000072 0.000000 0.000130 0.000000
0.998213 0.001352 0.000206 0.000081 0.000000 0.000148 0.000000
0.997976 0.001500 0.000251 0.000099 0.000000 0.000175 0.000000
0.997712 0.001684 0.000323 0.000103 0.000000 0.000179 0.000000
0.997433 0.001895 0.000345 0.000143 0.000000 0.000183 0.000000
0.997165 0.002092 0.000385 0.000166 0.000000 0.000192 0.000000
0.996878 0.002325 0.000403 0.000193 0.000000 0.000201 0.000000
0.996587 0.002571 0.000417 0.000211 0.000000 0.000214 0.000000
0.996309 0.002777 0.000471 0.000229 0.000000 0.000214 0.000000
0.996054 0.002952 0.000524 0.000242 0.000000 0.000228 0.000000
0.995812 0.003108 0.000565 0.000264 0.000000 0.000250 0.000000
0.995548 0.003311 0.000586 0.000282 0.000000 0.000273 0.000000
0.995301 0.003495 0.000613 0.000278 0.000000 0.000313 0.000000
0.995055 0.003674 0.000627 0.000296 0.000000 0.000348 0.000000
0.994787 0.003883 0.000649 0.000310 0.000000 0.000371 0.000000
0.994536 0.004085 0.000663 0.000314 0.000004 0.000398 0.000000
0.994272 0.004278 0.000707 0.000328 0.000004 0.000411 0.000000
0.994012 0.004484 0.000721 0.000350 0.000004 0.000429 0.000000
0.993734 0.004712 0.000765 0.000350 0.000004 0.000433 0.000000
0.993443 0.004950 0.000796 0.000368 0.000004 0.000438 0.000000
0.993179 0.005138 0.000837 0.000395 0.000004 0.000447 0.000000
0.992915 0.005321 0.000877 0.000431 0.000004 0.000452 0.000000
0.992638 0.005549 0.000904 0.000449 0.000009 0.000452 0.000000
0.992352 0.005781 0.000926 0.000471 0.000009 0.000461 0.000000
0.992057 0.006036 0.000949 0.000476 0.000009 0.000474 0.000000
0.991792 0.006237 0.000980 0.000485 0.000013 0.000492 0.000000
0.991537 0.006412 0.001016 0.000516 0.000013 0.000505 0.000000
0.991255 0.006640 0.001034 0.000538 0.000013 0.000519 0.000000
0.991008 0.006812 0.001052 0.000569 0.000013 0.000545 0.000000
0.990717 0.007053 0.001084 0.000578 0.000013 0.000554 0.000000
0.990417 0.007308 0.001119 0.000583 0.000013 0.000559 0.000000
0.990180 0.007460 0.001160 0.000601 0.000018 0.000581 0.000000
0.989876 0.007720 0.001187 0.000619 0.000018 0.000581 0.000000
0.989584 0.007975 0.001209 0.000628 0.000018 0.000585 0.000000
0.989280 0.008235 0.001236 0.000646 0.000018 0.000585 0.000000
0.988998 0.008454 0.001281 0.000659 0.000018 0.000590 0.000000
0.988725 0.008656 0.001321 0.000686 0.000018 0.000594 0.000000
0.988461 0.008840 0.001370 0.000713 0.000018 0.000599 0.000000
0.988192 0.009041 0.001405 0.000731 0.000018 0.000612 0.000000
0.987932 0.009225 0.001441 0.000758 0.000018 0.000626 0.000000
0.987663 0.009417 0.001495 0.000776 0.000018 0.000630 0.000000
0.987359 0.009677 0.001526 0.000789 0.000018 0.000630 0.000000
0.987104 0.009847 0.001580 0.000812 0.000018 0.000639 0.000000
0.986839 0.010053 0.001602 0.000839 0.000018 0.000648 0.000000
0.986567 0.010263 0.001647 0.000843 0.000022 0.000657 0.000000
0.986293 0.010474 0.001679 0.000861 0.000022 0.000671 0.000000
0.985993 0.010729 0.001701 0.000879 0.000022 0.000675 0.000000
0.985761 0.010850 0.001786 0.000901 0.000022 0.000680 0.000000
0.985474 0.011083 0.001804 0.000928 0.000022 0.000689 0.000000
0.985201 0.011289 0.001831 0.000959 0.000022 0.000698 0.000000
0.984924 0.011499 0.001867 0.000986 0.000022 0.000702 0.000000
0.984655 0.011704 0.001885 0.001014 0.000022 0.000720 0.000000
0.984409 0.011878 0.001921 0.001018 0.000022 0.000752 0.000000
0.984150 0.012071 0.001943 0.001058 0.000022 0.000756 0.000000
0.983881 0.012272 0.001979 0.001076 0.000022 0.000770 0.000000
0.983639 0.012416 0.002050 0.001094 0.000022 0.000778 0.000000
0.983366 0.012639 0.002064 0.001103 0.000022 0.000805 0.000000
0.983098 0.012840 0.002091 0.001130 0.000022 0.000819 0.000000
0.982816 0.013059 0.002122 0.001157 0.000022 0.000823 0.000000
0.982547 0.013257 0.002140 0.001202 0.000022 0.000832 0.000000
0.982288 0.013453 0.002158 0.001224 0.000018 0.000859 0.000000
0.982050 0.013587 0.002217 0.001260 0.000018 0.000868 0.000000
0.981782 0.013798 0.002230 0.001282 0.000018 0.000890 0.000000
0.981473 0.014075 0.002248 0.001287 0.000018 0.000899 0.000000
0.981218 0.014262 0.002275 0.001318 0.000018 0.000908 0.000000
0.980949 0.014473 0.002294 0.001336 0.000018 0.000930 0.000000
0.980685 0.014675 0.002338 0.001349 0.000018 0.000935 0.000000
0.980416 0.014881 0.002374 0.001358 0.000018 0.000953 0.000000
0.980157 0.015064 0.002414 0.001381 0.000018 0.000966 0.000000
0.979915 0.015221 0.002441 0.001417 0.000018 0.000988 0.000000
0.979682 0.015359 0.002482 0.001448 0.000018 0.001011 0.000000
0.979400 0.015583 0.002517 0.001462 0.000018 0.001020 0.000000
0.979136 0.015780 0.002544 0.001484 0.000018 0.001038 0.000000
0.978868 0.015995 0.002557 0.001497 0.000018 0.001065 0.000000
0.978617 0.016165 0.002602 0.001516 0.000018 0.001082 0.000000
0.978371 0.016312 0.002674 0.001538 0.000018 0.001087 0.000000
0.978120 0.016486 0.002715 0.001552 0.000018 0.001109 0.000000
0.977843 0.016710 0.002750 0.001569 0.000018 0.001109 0.000000
0.977587 0.016885 0.002786 0.001601 0.000018 0.001123 0.000000
0.977287 0.017145 0.002817 0.001601 0.000018 0.001132 0.000000
0.977032 0.017325 0.002857 0.001618 0.000018 0.001150 0.000000
0.976754 0.017541 0.002893 0.001636 0.000018 0.001159 0.000000
0.976481 0.017742 0.002938 0.001659 0.000018 0.001163 0.000000
0.976208 0.017956 0.002951 0.001685 0.000018 0.001181 0.000000
0.975913 0.018202 0.002969 0.001712 0.000018 0.001186 0.000000
0.975658 0.018372 0.003036 0.001721 0.000018 0.001195 0.000000
0.975385 0.018587 0.003054 0.001744 0.000018 0.001212 0.000000
0.975116 0.018802 0.003063 0.001762 0.000018 0.001239 0.000000
0.974857 0.018971 0.003121 0.001794 0.000018 0.001239 0.000000
0.974574 0.019205 0.003148 0.001798 0.000018 0.001257 0.000000
0.974310 0.019398 0.003175 0.001829 0.000018 0.001271 0.000000
0.974019 0.019635 0.003215 0.001838 0.000018 0.001275 0.000000
0.973750 0.019841 0.003242 0.001856 0.000018 0.001293 0.000000
0.973481 0.020052 0.003282 0.001851 0.000018 0.001316 0.000000
0.973204 0.020267 0.003318 0.001869 0.000018 0.001324 0.000000
0.972940 0.020451 0.003354 0.001910 0.000018 0.001329 0.000000
0.972675 0.020634 0.003394 0.001945 0.000018 0.001333 0.000000
0.972424 0.020814 0.003430 0.001954 0.000018 0.001360 0.000000
0.972160 0.021006 0.003466 0.001977 0.000018 0.001374 0.000000
0.971878 0.021230 0.003501 0.001990 0.000018 0.001383 0.000000
0.971583 0.021476 0.003537 0.001999 0.000018 0.001387 0.000000
0.971314 0.021673 0.003577 0.002022 0.000018 0.001396 0.000000
0.971041 0.021888 0.003599 0.002040 0.000018 0.001414 0.000000
0.970759 0.022112 0.003639 0.002049 0.000018 0.001423 0.000000
0.970504 0.022291 0.003652 0.002094 0.000018 0.001441 0.000000
0.970258 0.022439 0.003697 0.002143 0.000018 0.001446 0.000000
0.969994 0.022626 0.003751 0.002157 0.000018 0.001454 0.000000
0.969734 0.022815 0.003800 0.002161 0.000018 0.001472 0.000000
0.969505 0.022967 0.003831 0.002179 0.000018 0.001499 0.000000
0.969236 0.023164 0.003858 0.002215 0.000018 0.001508 0.000000
0.968977 0.023347 0.003899 0.002238 0.000018 0.001521 0.000000
0.968695 0.023566 0.003935 0.002260 0.000018 0.001526 0.000000
0.968418 0.023781 0.003975 0.002273 0.000018 0.001535 0.000000
0.968118 0.024046 0.003993 0.002278 0.000018 0.001549 0.000000
0.967854 0.024229 0.004037 0.002309 0.000018 0.001553 0.000000
0.967590 0.024421 0.004064 0.002341 0.000018 0.001566 0.000000
0.967299 0.024676 0.004069 0.002350 0.000018 0.001589 0.000000
0.967035 0.024891 0.004078 0.002372 0.000018 0.001607 0.000000
0.966757 0.025115 0.004096 0.002390 0.000018 0.001625 0.000000
0.966497 0.025298 0.004141 0.002408 0.000018 0.001638 0.000000
0.966224 0.025505 0.004163 0.002443 0.000018 0.001647 0.000000
0.965947 0.025710 0.004212 0.002466 0.000018 0.001647 0.000000
0.965674 0.025907 0.004253 0.002502 0.000018 0.001647 0.000000
0.965432 0.026069 0.004275 0.002551 0.000018 0.001656 0.000000
0.965186 0.026225 0.004315 0.002587 0.000018 0.001669 0.000000
0.964926 0.026408 0.004351 0.002614 0.000018 0.001683 0.000000
0.964649 0.026613 0.004400 0.002637 0.000018 0.001683 0.000000
0.964371 0.026824 0.004441 0.002659 0.000018 0.001687 0.000000
0.964089 0.027039 0.004485 0.002681 0.000018 0.001687 0.000000
0.963812 0.027263 0.004503 0.002699 0.000018 0.001705 0.000000
0.963556 0.027437 0.004548 0.002722 0.000018 0.001719 0.000000
0.963288 0.027648 0.004575 0.002735 0.000013 0.001741 0.000000
0.963019 0.027859 0.004611 0.002753 0.000013 0.001746 0.000000
0.962723 0.028100 0.004656 0.002762 0.000013 0.001746 0.000000
0.962464 0.028275 0.004696 0.002802 0.000013 0.001750 0.000000
0.962186 0.028498 0.004723 0.002811 0.000013 0.001768 0.000000
0.961940 0.028659 0.004772 0.002829 0.000013 0.001786 0.000000
0.961676 0.028857 0.004804 0.002847 0.000013 0.001804 0.000000
0.961398 0.029067 0.004826 0.002887 0.000013 0.001808 0.000000
0.961121 0.029286 0.004848 0.002910 0.000013 0.001822 0.000000
0.960875 0.029438 0.004902 0.002941 0.000013 0.001831 0.000000
0.960606 0.029649 0.004933 0.002945 0.000013 0.001853 0.000000
0.960386 0.029752 0.005005 0.002976 0.000013 0.001867 0.000000
0.960122 0.029936 0.005059 0.002999 0.000013 0.001871 0.000000
0.959863 0.030124 0.005090 0.003021 0.000013 0.001889 0.000000
0.959594 0.030321 0.005140 0.003034 0.000013 0.001898 0.000000
0.959330 0.030522 0.005162 0.003052 0.000013 0.001920 0.000000
0.959115 0.030639 0.005211 0.003083 0.000013 0.001938 0.000000
0.958851 0.030849 0.005234 0.003101 0.000013 0.001952 0.000000
0.958568 0.031078 0.005243 0.003132 0.000013 0.001965 0.000000
0.958277 0.031324 0.005256 0.003151 0.000013 0.001978 0.000000
0.958013 0.031534 0.005261 0.003168 0.000013 0.002010 0.000000
0.957767 0.031686 0.005324 0.003191 0.000013 0.002019 0.000000
0.957530 0.031843 0.005359 0.003204 0.000013 0.002050 0.000000
0.957270 0.032035 0.005390 0.003218 0.000013 0.002073 0.000000
0.956998 0.032249 0.005426 0.003223 0.000013 0.002091 0.000000
0.956734 0.032446 0.005462 0.003254 0.000013 0.002091 0.000000
0.956474 0.032621 0.005525 0.003272 0.000013 0.002095 0.000000
0.956196 0.032844 0.005534 0.003299 0.000013 0.002113 0.000000
0.955973 0.032961 0.005587 0.003336 0.000013 0.002131 0.000000
0.955731 0.033113 0.005654 0.003340 0.000013 0.002149 0.000000
0.955462 0.033301 0.005712 0.003362 0.000013 0.002149 0.000000
0.955184 0.033516 0.005762 0.003367 0.000013 0.002158 0.000000
0.954920 0.033705 0.005811 0.003385 0.000013 0.002166 0.000000
0.954647 0.033910 0.005855 0.003399 0.000013 0.002175 0.000000
0.954392 0.034103 0.005887 0.003417 0.000013 0.002189 0.000000
0.954128 0.034295 0.005927 0.003434 0.000013 0.002202 0.000000
0.953891 0.034434 0.005972 0.003475 0.000013 0.002216 0.000000
0.953631 0.034626 0.006025 0.003484 0.000013 0.002220 0.000000
0.953331 0.034881 0.006061 0.003488 0.000013 0.002225 0.000000
0.953085 0.035055 0.006079 0.003511 0.000013 0.002256 0.000000
0.952821 0.035238 0.006119 0.003547 0.000013 0.002261 0.000000
0.952552 0.035436 0.006146 0.003583 0.000013 0.002270 0.000000
0.952275 0.035651 0.006186 0.003596 0.000013 0.002279 0.000000
0.952015 0.035830 0.006240 0.003614 0.000013 0.002288 0.000000
0.951764 0.035991 0.006290 0.003645 0.000013 0.002296 0.000000
0.951460 0.036255 0.006303 0.003668 0.000013 0.002301 0.000000
0.951196 0.036448 0.006339 0.003690 0.000013 0.002314 0.000000
0.950944 0.036641 0.006361 0.003721 0.000013 0.002319 0.000000
0.950662 0.036869 0.006397 0.003725 0.000013 0.002333 0.000000
0.950380 0.037098 0.006424 0.003739 0.000013 0.002346 0.000000
0.950107 0.037304 0.006451 0.003770 0.000013 0.002355 0.000000
0.949847 0.037483 0.006495 0.003797 0.000013 0.002364 0.000000
0.949583 0.037681 0.006535 0.003805 0.000013 0.002382 0.000000
0.949314 0.037882 0.006580 0.003815 0.000013 0.002395 0.000000
0.949019 0.038128 0.006607 0.003833 0.000013 0.002400 0.000000
0.948750 0.038334 0.006629 0.003855 0.000013 0.002418 0.000000
0.948482 0.038549 0.006652 0.003860 0.000013 0.002445 0.000000
0.948222 0.038737 0.006687 0.003877 0.000013 0.002463 0.000000
0.947963 0.038920 0.006723 0.003904 0.000013 0.002476 0.000000
0.947681 0.039162 0.006741 0.003918 0.000013 0.002485 0.000000
0.947416 0.039346 0.006808 0.003927 0.000013 0.002490 0.000000
0.947134 0.039570 0.006853 0.003931 0.000013 0.002499 0.000000
0.946861 0.039780 0.006893 0.003940 0.000013 0.002512 0.000000
0.946579 0.040013 0.006915 0.003949 0.000013 0.002530 0.000000
0.946301 0.040233 0.006956 0.003953 0.000013 0.002544 0.000000
0.946033 0.040440 0.006978 0.003975 0.000013 0.002562 0.000000
0.945768 0.040628 0.007013 0.004007 0.000013 0.002571 0.000000
0.945478 0.040869 0.007049 0.004011 0.000013 0.002580 0.000000
0.945209 0.041066 0.007094 0.004029 0.000013 0.002588 0.000000
0.944940 0.041268 0.007126 0.004051 0.000013 0.002602 0.000000
0.944690 0.041437 0.007171 0.004069 0.000018 0.002615 0.000000
0.944438 0.041613 0.007211 0.004082 0.000018 0.002638 0.000000
0.944174 0.041801 0.007260 0.004100 0.000018 0.002647 0.000000
0.943919 0.041966 0.007305 0.004141 0.000018 0.002651 0.000000
0.943623 0.042213 0.007332 0.004158 0.000018 0.002656 0.000000
0.943350 0.042419 0.007372 0.004176 0.000018 0.002665 0.000000
0.943113 0.042567 0.007421 0.004194 0.000022 0.002683 0.000000
0.942849 0.042755 0.007480 0.004203 0.000022 0.002691 0.000000
0.942558 0.042996 0.007498 0.004225 0.000022 0.002700 0.000000
0.942316 0.043153 0.007556 0.004230 0.000022 0.002723 0.000000
0.942042 0.043374 0.007573 0.004243 0.000022 0.002745 0.000000
0.941814 0.043508 0.007600 0.004283 0.000022 0.002772 0.000000
0.941564 0.043687 0.007631 0.004297 0.000022 0.002799 0.000000
0.941304 0.043875 0.007658 0.004324 0.000022 0.002817 0.000000
0.941004 0.044134 0.007676 0.004337 0.000022 0.002826 0.000000
0.940763 0.044273 0.007730 0.004382 0.000022 0.002831 0.000000
0.940480 0.044501 0.007752 0.004400 0.000022 0.002844 0.000000
0.940208 0.044702 0.007806 0.004414 0.000022 0.002849 0.000000
0.939944 0.044890 0.007837 0.004449 0.000022 0.002858 0.000000
0.939675 0.045082 0.007868 0.004490 0.000022 0.002862 0.000000
0.939371 0.045347 0.007886 0.004508 0.000022 0.002867 0.000000
0.939125 0.045516 0.007918 0.004525 0.000022 0.002894 0.000000
0.938865 0.045709 0.007926 0.004561 0.000022 0.002916 0.000000
0.938569 0.045964 0.007949 0.004566 0.000022 0.002930 0.000000
0.938328 0.046111 0.008016 0.004579 0.000022 0.002943 0.000000
0.938046 0.046344 0.008029 0.004597 0.000022 0.002961 0.000000
0.937804 0.046501 0.008070 0.004619 0.000022 0.002984 0.000000
0.937522 0.046734 0.008105 0.004615 0.000022 0.003002 0.000000
0.937280 0.046900 0.008136 0.004628 0.000022 0.003033 0.000000
0.936999 0.047127 0.008159 0.004646 0.000022 0.003047 0.000000
0.936744 0.047311 0.008208 0.004664 0.000022 0.003051 0.000000
0.936488 0.047499 0.008257 0.004673 0.000022 0.003060 0.000000
0.936247 0.047669 0.008298 0.004686 0.000022 0.003079 0.000000
0.936005 0.047816 0.008360 0.004704 0.000022 0.003092 0.000000
0.935736 0.048017 0.008387 0.004731 0.000022 0.003105 0.000000
0.935481 0.048184 0.008441 0.004762 0.000022 0.003110 0.000000
0.935248 0.048309 0.008495 0.004807 0.000022 0.003119 0.000000
0.934988 0.048497 0.008535 0.004821 0.000022 0.003136 0.000000
0.934729 0.048672 0.008575 0.004861 0.000022 0.003141 0.000000
0.934455 0.048883 0.008598 0.004888 0.000022 0.003154 0.000000
0.934195 0.049067 0.008656 0.004910 0.000022 0.003150 0.000000
0.933940 0.049233 0.008718 0.004933 0.000022 0.003154 0.000000
0.933649 0.049470 0.008741 0.004959 0.000022 0.003159 0.000000
0.933380 0.049694 0.008759 0.004968 0.000022 0.003177 0.000000
0.933116 0.049891 0.008781 0.004995 0.000022 0.003195 0.000000
0.932847 0.050080 0.008826 0.005031 0.000022 0.003195 0.000000
0.932551 0.050326 0.008848 0.005053 0.000022 0.003199 0.000000
0.932287 0.050505 0.008880 0.005107 0.000022 0.003199 0.000000
0.932005 0.050729 0.008920 0.005116 0.000022 0.003208 0.000000
0.931728 0.050948 0.008947 0.005133 0.000022 0.003222 0.000000
0.931468 0.051123 0.009023 0.005138 0.000022 0.003226 0.000000
0.931200 0.051333 0.009041 0.005156 0.000022 0.003249 0.000000
0.930926 0.051535 0.009081 0.005183 0.000022 0.003253 0.000000
0.930662 0.051732 0.009126 0.005205 0.000022 0.003253 0.000000
0.930363 0.051987 0.009148 0.005223 0.000022 0.003258 0.000000
0.930098 0.052188 0.009184 0.005245 0.000022 0.003262 0.000000
0.929857 0.052327 0.009237 0.005290 0.000022 0.003267 0.000000
0.929593 0.052514 0.009305 0.005290 0.000022 0.003276 0.000000
0.929324 0.052707 0.009345 0.005322 0.000022 0.003280 0.000000
0.929069 0.052904 0.009367 0.005340 0.000022 0.003298 0.000000
0.928804 0.053097 0.009390 0.005376 0.000022 0.003311 0.000000
0.928536 0.053298 0.009412 0.005407 0.000022 0.003325 0.000000
0.927561 0.054168 0.009467 0.005442 0.000026 0.003335 0.000000
0.927515 0.054137 0.009488 0.005479 0.000026 0.003355 0.000000
0.927195 0.054417 0.009509 0.005479 0.000030 0.003368 0.000000
0.927190 0.054366 0.009521 0.005490 0.000031 0.003402 0.000000
0.926937 0.054526 0.009552 0.005539 0.000031 0.003415 0.000000
0.926172 0.055129 0.009641 0.005603 0.000030 0.003426 0.000000
0.926139 0.055102 0.009666 0.005628 0.000030 0.003434 0.000000
0.926153 0.055023 0.009711 0.005636 0.000031 0.003447 0.000000
0.924709 0.056277 0.009836 0.005711 0.000030 0.003437 0.000000
0.925275 0.055717 0.009815 0.005702 0.000030 0.003461 0.000000
0.924375 0.056456 0.009919 0.005749 0.000030 0.003471 0.000000
0.923715 0.057009 0.009976 0.005770 0.000030 0.003501 0.000000
0.924678 0.056158 0.009878 0.005742 0.000031 0.003513 0.000000
0.922066 0.058368 0.010181 0.005798 0.000029 0.003559 0.000000
0.922282 0.058123 0.010161 0.005829 0.000029 0.003576 0.000000
0.923370 0.057203 0.010020 0.005798 0.000030 0.003579 0.000000
0.922311 0.058050 0.010171 0.005835 0.000030 0.003603 0.000000
0.922382 0.057954 0.010151 0.005870 0.000030 0.003613 0.000000
0.921235 0.058895 0.010268 0.005939 0.000030 0.003632 0.000000
0.920901 0.059115 0.010307 0.005986 0.000030 0.003662 0.000000
0.922376 0.057837 0.010153 0.005918 0.000031 0.003686 0.000000
0.921002 0.058801 0.010460 0.006038 0.000029 0.003670 0.000000
0.921919 0.058071 0.010318 0.005977 0.000030 0.003685 0.000000
0.921341 0.058579 0.010327 0.006012 0.000030 0.003711 0.000000
0.920331 0.059423 0.010412 0.006056 0.000030 0.003747 0.000000
0.921495 0.058435 0.010306 0.005987 0.000035 0.003741 0.000000
0.919676 0.059821 0.010604 0.006122 0.000034 0.003744 0.000000
0.918671 0.060607 0.010748 0.006184 0.000033 0.003757 0.000000
0.919127 0.060337 0.010577 0.006121 0.000034 0.003804 0.000000
0.919370 0.060068 0.010599 0.006108 0.000035 0.003820 0.000000
0.916828 0.062142 0.010919 0.006230 0.000033 0.003847 0.000000
0.919875 0.059582 0.010574 0.006085 0.000035 0.003848 0.000000
0.916503 0.062293 0.010998 0.006301 0.000033 0.003872 0.000000
0.918553 0.060548 0.010796 0.006200 0.000035 0.003868 0.000000
0.916544 0.062026 0.011183 0.006373 0.000033 0.003841 0.000000
0.915243 0.063207 0.011250 0.006359 0.000033 0.003908 0.000000
0.916161 0.062475 0.011122 0.006304 0.000034 0.003905 0.000000
0.915473 0.063099 0.011143 0.006308 0.000034 0.003943 0.000000
0.916933 0.061871 0.010962 0.006274 0.000035 0.003925 0.000000
0.913851 0.064200 0.011495 0.006482 0.000033 0.003940 0.000000
0.915816 0.062567 0.011249 0.006387 0.000034 0.003947 0.000000
0.912132 0.065636 0.011663 0.006534 0.000032 0.004004 0.000000
0.914310 0.063816 0.011436 0.006428 0.000033 0.003976 0.000000
0.911385 0.066055 0.011878 0.006608 0.000032 0.004043 0.000000
0.911723 0.065672 0.011907 0.006605 0.000032 0.004061 0.000000
0.912656 0.064965 0.011753 0.006556 0.000033 0.004038 0.000000
0.911410 0.065600 0.012239 0.006702 0.000031 0.004019 0.000000
0.911241 0.065757 0.012212 0.006693 0.000032 0.004064 0.000000
0.911854 0.065496 0.011916 0.006598 0.000037 0.004097 0.000000
0.911159 0.066073 0.011977 0.006624 0.000037 0.004129 0.000000
0.909847 0.066921 0.012262 0.006771 0.000036 0.004163 0.000000
0.910867 0.066150 0.012067 0.006718 0.000037 0.004160 0.000000
0.910850 0.066180 0.012059 0.006708 0.000038 0.004165 0.000000
0.909670 0.066933 0.012340 0.006843 0.000037 0.004177 0.000000
0.908185 0.068159 0.012497 0.006898 0.000036 0.004224 0.000000
0.908281 0.068215 0.012387 0.006847 0.000037 0.004234 0.000000
0.909008 0.067514 0.012378 0.006845 0.000037 0.004217 0.000000
0.907996 0.068438 0.012384 0.006879 0.000037 0.004266 0.000000
0.907396 0.068820 0.012483 0.006986 0.000037 0.004278 0.000000
0.905803 0.069871 0.012830 0.007154 0.000036 0.004305 0.000000
0.907308 0.068651 0.012666 0.007056 0.000037 0.004282 0.000000
0.906293 0.069264 0.012953 0.007157 0.000036 0.004297 0.000000
0.903898 0.071382 0.013101 0.007232 0.000036 0.004351 0.000000
0.906609 0.069111 0.012824 0.007090 0.000037 0.004329 0.000000
0.904680 0.070591 0.013117 0.007196 0.000037 0.004379 0.000000
0.904925 0.070401 0.013030 0.007198 0.000037 0.004409 0.000000
0.903947 0.070970 0.013281 0.007339 0.000036 0.004427 0.000000
0.902931 0.071652 0.013449 0.007464 0.000036 0.004468 0.000000
0.905237 0.069977 0.013041 0.007280 0.000037 0.004428 0.000000
0.902425 0.072286 0.013363 0.007393 0.000037 0.004495 0.000000
0.900832 0.073290 0.013692 0.007577 0.000036 0.004573 0.000000
0.901479 0.072444 0.013836 0.007664 0.000036 0.004541 0.000000
0.899708 0.073802 0.014017 0.007786 0.000035 0.004652 0.000000
0.900291 0.073412 0.013900 0.007697 0.000036 0.004665 0.000000
0.899901 0.073914 0.013775 0.007655 0.000036 0.004719 0.000000
0.893900 0.078672 0.014459 0.008008 0.000034 0.004928 0.000000
0.898494 0.074975 0.013984 0.007738 0.000035 0.004774 0.000000
0.896541 0.076799 0.013999 0.007798 0.000035 0.004828 0.000000
0.898183 0.075415 0.013860 0.007821 0.000034 0.004686 0.000000
0.889981 0.081558 0.015000 0.008386 0.000032 0.005043 0.000000
0.899911 0.074126 0.013655 0.007596 0.000035 0.004677 0.000000
0.895709 0.076775 0.014479 0.008081 0.000034 0.004922 0.000000
0.899977 0.073611 0.013816 0.007744 0.000037 0.004815 0.000000
0.890162 0.080839 0.015366 0.008472 0.000033 0.005127 0.000000
0.887223 0.083097 0.015715 0.008780 0.000031 0.005153 0.000000
0.894337 0.077979 0.014628 0.008092 0.000035 0.004929 0.000000
0.895841 0.077188 0.014052 0.008126 0.000035 0.004757 0.000000
0.889362 0.081253 0.015527 0.008721 0.000033 0.005105 0.000000
0.889171 0.081787 0.015321 0.008645 0.000033 0.005043 0.000000
0.893251 0.078578 0.014866 0.008331 0.000034 0.004940 0.000000
0.895078 0.077418 0.014434 0.008108 0.000040 0.004923 0.000000
0.888061 0.082540 0.015523 0.008745 0.000051 0.005081 0.000000
0.887467 0.082629 0.015824 0.008781 0.000059 0.005240 0.000000
0.887893 0.082178 0.015893 0.008754 0.000059 0.005224 0.000000
0.887889 0.082074 0.016036 0.008654 0.000045 0.005302 0.000000
0.884036 0.085174 0.016369 0.008986 0.000043 0.005393 0.000000
0.884762 0.084852 0.015991 0.009076 0.000044 0.005275 0.000000
0.886334 0.083569 0.015901 0.008840 0.000048 0.005308 0.000000
0.884100 0.084999 0.016228 0.009148 0.000049 0.005477 0.000000
0.884634 0.084881 0.015935 0.009076 0.000056 0.005417 0.000000
0.890491 0.080567 0.015135 0.008537 0.000036 0.005234 0.000000
0.887443 0.082860 0.015551 0.008873 0.000034 0.005239 0.000000
0.884500 0.084745 0.016028 0.009196 0.000033 0.005498 0.000000
0.881561 0.086649 0.016542 0.009651 0.000032 0.005565 0.000000
0.884267 0.084956 0.016273 0.009084 0.000032 0.005387 0.000000
0.879147 0.088823 0.016761 0.009595 0.000030 0.005643 0.000000
0.880363 0.087866 0.016668 0.009562 0.000031 0.005509 0.000000
0.878426 0.089386 0.016912 0.009768 0.000031 0.005478 0.000000
0.881679 0.086476 0.016704 0.009558 0.000033 0.005550 0.000000
0.876061 0.090939 0.017342 0.010041 0.000030 0.005587 0.000000
0.888422 0.081832 0.015466 0.008787 0.000035 0.005459 0.000000
0.879047 0.088537 0.017053 0.009625 0.000032 0.005706 0.000000
0.880599 0.087474 0.016617 0.009624 0.000032 0.005654 0.000000
0.869876 0.095133 0.018419 0.010382 0.000028 0.006162 0.000000
0.875684 0.091142 0.017337 0.009919 0.000026 0.005891 0.000000
0.871127 0.093868 0.018328 0.010359 0.000027 0.006290 0.000000
0.862452 0.099614 0.019997 0.010952 0.000025 0.006961 0.000000
0.871206 0.093902 0.018284 0.010154 0.000027 0.006426 0.000000
0.872798 0.093259 0.017594 0.010146 0.000026 0.006177 0.000000
0.870018 0.094773 0.018168 0.010667 0.000026 0.006347 0.000000
0.868720 0.095835 0.018709 0.010153 0.000026 0.006557 0.000000
0.867893 0.096164 0.018661 0.010762 0.000026 0.006494 0.000000
0.872767 0.092639 0.017847 0.010508 0.000028 0.006211 0.000000
0.863875 0.099084 0.019073 0.011237 0.000025 0.006706 0.000000
0.864704 0.098567 0.019230 0.010730 0.000026 0.006745 0.000000
0.861294 0.100398 0.019962 0.011287 0.000026 0.007033 0.000000
0.865089 0.098301 0.019194 0.010747 0.000025 0.006644 0.000000
0.864363 0.098339 0.019400 0.011048 0.000035 0.006816 0.000000
0.860129 0.101762 0.019833 0.011284 0.000038 0.006954 0.000000
0.863669 0.099426 0.019323 0.010806 0.000056 0.006720 0.000000
0.858243 0.102627 0.020429 0.011657 0.000042 0.007001 0.000000
0.859777 0.102156 0.019738 0.011425 0.000046 0.006858 0.000000
0.859646 0.101759 0.020069 0.011509 0.000051 0.006966 0.000000
0.856041 0.104004 0.020840 0.011856 0.000038 0.007220 0.000000
0.851759 0.106882 0.021659 0.012196 0.000041 0.007463 0.000000
0.857197 0.102820 0.020789 0.011983 0.000051 0.007160 0.000000
0.857710 0.103301 0.020453 0.011596 0.000036 0.006904 0.000000
0.860383 0.101376 0.019902 0.011551 0.000038 0.006750 0.000000
0.853104 0.105937 0.021453 0.012056 0.000042 0.007407 0.000000
0.848641 0.108948 0.021836 0.012936 0.000047 0.007592 0.000000
0.861506 0.099885 0.019902 0.011779 0.000043 0.006885 0.000000
0.849289 0.108304 0.022185 0.012530 0.000058 0.007633 0.000000
0.851215 0.107075 0.021580 0.012617 0.000061 0.007452 0.000000
0.846018 0.110737 0.022369 0.013131 0.000072 0.007673 0.000000
0.840379 0.113913 0.023781 0.013558 0.000053 0.008315 0.000000
0.850935 0.106586 0.021856 0.012693 0.000057 0.007874 0.000000
0.847975 0.109191 0.022105 0.012800 0.000050 0.007879 0.000000
0.849634 0.107980 0.022129 0.012544 0.000057 0.007655 0.000000
0.843875 0.111397 0.023170 0.013288 0.000054 0.008217 0.000000
0.836542 0.116681 0.024227 0.013957 0.000062 0.008531 0.000000
0.845279 0.110764 0.022784 0.013048 0.000049 0.008076 0.000000
0.841648 0.113111 0.023392 0.013375 0.000051 0.008423 0.000000
0.840726 0.113766 0.023331 0.013828 0.000070 0.008279 0.000000
0.835516 0.116757 0.024400 0.014494 0.000083 0.008749 0.000000
0.835148 0.117419 0.024531 0.014074 0.000058 0.008770 0.000000
0.834963 0.118020 0.024219 0.014233 0.000061 0.008503 0.000000
0.840062 0.114393 0.023559 0.013549 0.000052 0.008385 0.000000
0.845590 0.110867 0.022402 0.012882 0.000047 0.008212 0.000000
0.829149 0.120837 0.025457 0.015129 0.000082 0.009346 0.000000
0.839547 0.114219 0.023592 0.013721 0.000051 0.008870 0.000000
0.832733 0.118781 0.024598 0.014693 0.000063 0.009133 0.000000
0.833156 0.119093 0.024242 0.014446 0.000054 0.009008 0.000000
0.835664 0.117218 0.023767 0.014157 0.000067 0.009127 0.000000
0.832819 0.118456 0.024828 0.014438 0.000067 0.009392 0.000000
0.834970 0.116533 0.024774 0.014333 0.000043 0.009347 0.000000
0.829125 0.121078 0.025394 0.014747 0.000035 0.009621 0.000000
0.829619 0.120644 0.025230 0.014796 0.000048 0.009662 0.000000
0.822165 0.125612 0.026597 0.015438 0.000046 0.010142 0.000000
0.834572 0.117973 0.024102 0.014136 0.000042 0.009176 0.000000
0.828448 0.121003 0.025543 0.015013 0.000057 0.009935 0.000000
0.834825 0.117561 0.024206 0.014142 0.000055 0.009210 0.000000
0.821265 0.126256 0.026269 0.015824 0.000060 0.010326 0.000000
0.819776 0.126911 0.026795 0.016127 0.000070 0.010321 0.000000
0.818282 0.127278 0.027537 0.016140 0.000070 0.010694 0.000000
0.826833 0.121986 0.025767 0.015191 0.000079 0.010144 0.000000
0.824504 0.123758 0.026119 0.015359 0.000076 0.010183 0.000000
0.821829 0.125423 0.026864 0.015498 0.000079 0.010306 0.000000
0.817072 0.128275 0.027540 0.016493 0.000094 0.010526 0.000000
0.815606 0.128955 0.028264 0.016079 0.000084 0.011012 0.000000
0.824982 0.123264 0.026213 0.015208 0.000087 0.010245 0.000000
0.821599 0.125989 0.026748 0.015500 0.000091 0.010072 0.000000
0.815044 0.129322 0.028130 0.016489 0.000103 0.010912 0.000000
0.813294 0.131619 0.027726 0.016541 0.000069 0.010751 0.000000
0.822982 0.124853 0.026332 0.015242 0.000082 0.010510 0.000000
0.809402 0.133343 0.028666 0.017042 0.000085 0.011462 0.000000
0.818545 0.126245 0.028204 0.015885 0.000091 0.011030 0.000000
0.803025 0.136290 0.030959 0.017317 0.000107 0.012302 0.000000
0.803886 0.136879 0.029675 0.017694 0.000095 0.011770 0.000000
0.808423 0.134105 0.029362 0.016913 0.000114 0.011084 0.000000
0.807238 0.134602 0.029572 0.017087 0.000127 0.011375 0.000000
0.806998 0.134049 0.030094 0.017069 0.000134 0.011656 0.000000
0.813858 0.131060 0.027668 0.016478 0.000099 0.010837 0.000000
0.800746 0.138303 0.030720 0.017823 0.000069 0.012339 0.000000
0.799047 0.140430 0.030343 0.017922 0.000105 0.012153 0.000000
0.793915 0.143487 0.031325 0.018683 0.000102 0.012487 0.000000
0.800036 0.137959 0.031059 0.018134 0.000088 0.012725 0.000000
0.811302 0.132504 0.028599 0.016195 0.000109 0.011291 0.000000
0.804027 0.135425 0.030293 0.017720 0.000133 0.012402 0.000000
0.794585 0.142072 0.031420 0.019084 0.000130 0.012710 0.000000
0.792286 0.143117 0.032330 0.018728 0.000114 0.013424 0.000000
0.804744 0.135756 0.029943 0.017183 0.000104 0.012270 0.000000
0.796671 0.141997 0.030894 0.018093 0.000116 0.012229 0.000000
0.798082 0.140495 0.030589 0.018211 0.000105 0.012517 0.000000
0.807874 0.134864 0.028597 0.016838 0.000100 0.011728 0.000000
0.798476 0.140179 0.030714 0.017999 0.000139 0.012493 0.000000
0.794922 0.142138 0.031439 0.018307 0.000135 0.013060 0.000000
0.791223 0.144928 0.032033 0.018673 0.000146 0.012998 0.000000
0.794336 0.142519 0.031616 0.018444 0.000148 0.012937 0.000000
0.791267 0.143898 0.032333 0.018977 0.000134 0.013390 0.000000
0.790866 0.145364 0.031584 0.018865 0.000112 0.013209 0.000000
0.783118 0.149019 0.033777 0.019619 0.000128 0.014340 0.000000
0.790642 0.145010 0.032048 0.018907 0.000096 0.013297 0.000000
0.782315 0.149653 0.034107 0.019424 0.000116 0.014385 0.000000
0.788608 0.145760 0.032508 0.019176 0.000148 0.013800 0.000000
0.783186 0.148665 0.033484 0.020009 0.000131 0.014527 0.000000
0.775702 0.154014 0.034922 0.020450 0.000133 0.014778 0.000000
0.782612 0.149130 0.034004 0.019584 0.000125 0.014545 0.000000
0.777034 0.152143 0.035012 0.020848 0.000176 0.014787 0.000000
0.785373 0.147872 0.032981 0.019660 0.000155 0.013959 0.000000
0.779282 0.151390 0.034671 0.020075 0.000163 0.014419 0.000000
0.769737 0.156566 0.036790 0.021322 0.000170 0.015414 0.000000
0.776549 0.152650 0.035030 0.020781 0.000150 0.014841 0.000000
0.768076 0.157647 0.036610 0.021959 0.000134 0.015573 0.000000
0.779270 0.151338 0.034254 0.020472 0.000133 0.014532 0.000000
0.775035 0.153419 0.035545 0.020911 0.000116 0.014975 0.000000
0.770007 0.155985 0.036643 0.021395 0.000123 0.015847 0.000000
0.777015 0.151749 0.035324 0.020479 0.000122 0.015312 0.000000
0.777076 0.152275 0.034899 0.020693 0.000105 0.014952 0.000000
0.776634 0.153221 0.034541 0.020584 0.000120 0.014901 0.000000
0.775481 0.153582 0.034883 0.021031 0.000128 0.014896 0.000000
0.769977 0.155857 0.036629 0.021562 0.000114 0.015861 0.000000
0.769734 0.156127 0.036656 0.021700 0.000116 0.015666 0.000000
0.757388 0.162809 0.039239 0.023405 0.000129 0.017030 0.000000
0.773317 0.153964 0.035974 0.021275 0.000145 0.015325 0.000000
0.775999 0.152947 0.035260 0.020836 0.000150 0.014808 0.000000
0.756253 0.164061 0.039501 0.023135 0.000140 0.016910 0.000000
0.760943 0.161458 0.038315 0.022886 0.000112 0.016285 0.000000
0.758458 0.162439 0.039325 0.022920 0.000130 0.016727 0.000000
0.760232 0.161362 0.038417 0.023219 0.000116 0.016654 0.000000
0.768949 0.157928 0.035902 0.021647 0.000119 0.015456 0.000000
0.763285 0.159447 0.038025 0.022439 0.000118 0.016686 0.000000
0.758127 0.162657 0.039097 0.022924 0.000114 0.017081 0.000000
0.754155 0.165378 0.040143 0.023011 0.000131 0.017182 0.000000
0.760434 0.162785 0.037943 0.022289 0.000132 0.016417 0.000000
0.756344 0.164667 0.039015 0.022909 0.000127 0.016938 0.000000
0.756807 0.164849 0.038755 0.022556 0.000131 0.016902 0.000000
0.759258 0.162798 0.038646 0.022427 0.000153 0.016718 0.000000
0.761424 0.161778 0.037933 0.022249 0.000150 0.016466 0.000000
0.750926 0.166980 0.040562 0.023574 0.000122 0.017836 0.000000
0.758595 0.163198 0.038547 0.022815 0.000163 0.016683 0.000000
0.758497 0.162744 0.038649 0.022676 0.000137 0.017296 0.000000
0.743443 0.171326 0.041710 0.024636 0.000126 0.018758 0.000000
0.746766 0.169548 0.040926 0.024510 0.000133 0.018116 0.000000
0.751023 0.166757 0.040421 0.023892 0.000136 0.017771 0.000000
0.749759 0.167211 0.040733 0.023936 0.000113 0.018247 0.000000
0.734535 0.175938 0.044285 0.025170 0.000146 0.019925 0.000000
0.750547 0.168045 0.039885 0.023777 0.000123 0.017622 0.000000
0.753901 0.164242 0.040282 0.024120 0.000153 0.017303 0.000000
0.733783 0.176685 0.044006 0.025861 0.000159 0.019506 0.000000
0.746371 0.168843 0.041935 0.024345 0.000149 0.018357 0.000000
0.742045 0.172285 0.042220 0.025113 0.000138 0.018199 0.000000
0.745117 0.170661 0.041406 0.024464 0.000123 0.018229 0.000000
0.741511 0.172915 0.042129 0.024731 0.000135 0.018578 0.000000
0.735758 0.173714 0.044245 0.026093 0.000121 0.020069 0.000000
0.737439 0.173871 0.043604 0.025602 0.000123 0.019362 0.000000
0.742554 0.170364 0.042642 0.025259 0.000144 0.019038 0.000000
0.734945 0.174650 0.044479 0.025868 0.000136 0.019922 0.000000
0.748212 0.168457 0.041457 0.023978 0.000152 0.017743 0.000000
0.738236 0.173342 0.043858 0.025217 0.000156 0.019190 0.000000
0.737788 0.174742 0.043179 0.025425 0.000172 0.018694 0.000000
0.731296 0.177294 0.045047 0.026358 0.000145 0.019860 0.000000
0.734899 0.176000 0.043726 0.026098 0.000181 0.019096 0.000000
0.735566 0.175078 0.044141 0.025603 0.000160 0.019452 0.000000
0.724722 0.180504 0.046566 0.027002 0.000160 0.021046 0.000000
0.737500 0.174166 0.043854 0.025189 0.000187 0.019105 0.000000
0.722762 0.182086 0.046870 0.027134 0.000197 0.020952 0.000000
0.735367 0.175370 0.044217 0.025801 0.000184 0.019062 0.000000
0.727088 0.178548 0.046456 0.026810 0.000186 0.020911 0.000000
0.721943 0.182369 0.046952 0.027204 0.000195 0.021337 0.000000
0.712735 0.186586 0.049382 0.028646 0.000207 0.022444 0.000000
0.715407 0.184797 0.048888 0.028409 0.000207 0.022291 0.000000
0.718577 0.183541 0.047952 0.027953 0.000221 0.021756 0.000000
0.717164 0.184556 0.048502 0.027531 0.000209 0.022037 0.000000
0.715998 0.184791 0.049070 0.027802 0.000219 0.022119 0.000000
0.713736 0.185576 0.049510 0.028499 0.000225 0.022453 0.000000
0.714599 0.185474 0.049277 0.028187 0.000222 0.022242 0.000000
0.711437 0.187457 0.049858 0.028469 0.000223 0.022555 0.000000
0.705786 0.190309 0.050859 0.029059 0.000226 0.023761 0.000000
0.715878 0.185610 0.048562 0.027516 0.000227 0.022207 0.000000
0.702915 0.190945 0.052097 0.029783 0.000239 0.024022 0.000000
0.707416 0.189889 0.049960 0.029307 0.000223 0.023204 0.000000
0.703260 0.191487 0.051309 0.029973 0.000238 0.023733 0.000000
0.714648 0.186029 0.048880 0.028467 0.000223 0.021753 0.000000
0.698094 0.194805 0.052362 0.030603 0.000246 0.023890 0.000000
0.699822 0.193096 0.052553 0.030288 0.000242 0.023999 0.000000
0.697096 0.194584 0.052866 0.030631 0.000213 0.024611 0.000000
0.703047 0.190625 0.051913 0.030041 0.000237 0.024136 0.000000
0.698294 0.193372 0.052606 0.030881 0.000248 0.024599 0.000000
0.699366 0.192387 0.053095 0.030356 0.000219 0.024576 0.000000
0.701215 0.191858 0.052344 0.030195 0.000212 0.024176 0.000000
0.696382 0.194514 0.053568 0.030653 0.000241 0.024641 0.000000
0.689949 0.197576 0.054907 0.032011 0.000250 0.025307 0.000000
0.691648 0.197401 0.054116 0.031343 0.000257 0.025236 0.000000
0.695942 0.193639 0.053730 0.031070 0.000247 0.025371 0.000000
0.683634 0.199907 0.056401 0.032928 0.000285 0.026846 0.000000
0.690013 0.197297 0.054887 0.031817 0.000249 0.025736 0.000000
0.701667 0.191465 0.052615 0.030129 0.000233 0.023892 0.000000
0.693259 0.196171 0.053458 0.031663 0.000263 0.025185 0.000000
0.686282 0.199976 0.055419 0.032213 0.000256 0.025854 0.000000
0.684452 0.200096 0.056008 0.032629 0.000228 0.026587 0.000000
0.682294 0.202936 0.055888 0.032605 0.000267 0.026009 0.000000
0.684374 0.200322 0.055789 0.032394 0.000253 0.026868 0.000000
0.681023 0.202173 0.056635 0.032892 0.000301 0.026977 0.000000
0.676333 0.203276 0.057954 0.033740 0.000298 0.028398 0.000000
0.682839 0.199994 0.056712 0.032880 0.000264 0.027311 0.000000
0.677346 0.204600 0.057485 0.033112 0.000267 0.027191 0.000000
0.674999 0.205575 0.057555 0.033651 0.000258 0.027963 0.000000
0.678677 0.203765 0.057064 0.033035 0.000289 0.027171 0.000000
0.672764 0.206250 0.058054 0.034054 0.000306 0.028572 0.000000
0.672518 0.206199 0.058780 0.033536 0.000320 0.028647 0.000000
0.675071 0.204807 0.058023 0.033526 0.000286 0.028287 0.000000
0.665582 0.209316 0.060033 0.035071 0.000299 0.029700 0.000000
0.674069 0.205073 0.058229 0.033964 0.000275 0.028390 0.000000
0.663998 0.209039 0.060979 0.035427 0.000296 0.030262 0.000000
0.662390 0.211974 0.060322 0.035536 0.000287 0.029490 0.000000
0.663260 0.209750 0.060999 0.035221 0.000296 0.030474 0.000000
0.668150 0.207899 0.059456 0.034734 0.000248 0.029513 0.000000
0.657861 0.212416 0.062342 0.036049 0.000314 0.031018 0.000000
0.659660 0.211882 0.061223 0.035875 0.000286 0.031074 0.000000
0.667175 0.207893 0.059946 0.034617 0.000325 0.030044 0.000000
0.666736 0.208891 0.059935 0.034623 0.000286 0.029529 0.000000
0.672080 0.205915 0.058899 0.034088 0.000273 0.028745 0.000000
0.661599 0.210457 0.061378 0.035379 0.000297 0.030889 0.000000
0.661970 0.210325 0.061410 0.035031 0.000296 0.030968 0.000000
0.663437 0.210133 0.060645 0.035184 0.000287 0.030313 0.000000
0.660155 0.212336 0.060932 0.035583 0.000291 0.030703 0.000000
0.662463 0.210142 0.060847 0.035266 0.000272 0.031010 0.000000
0.654881 0.213984 0.062855 0.036254 0.000296 0.031731 0.000000
0.656747 0.213551 0.062352 0.035825 0.000318 0.031207 0.000000
0.650751 0.216351 0.063395 0.037023 0.000309 0.032171 0.000000
0.652496 0.215623 0.063304 0.036438 0.000339 0.031800 0.000000
0.650416 0.214294 0.064312 0.037239 0.000338 0.033403 0.000000
0.658051 0.212653 0.061888 0.035713 0.000290 0.031405 0.000000
0.646352 0.218262 0.064615 0.037291 0.000342 0.033138 0.000000
0.653247 0.214248 0.063189 0.036629 0.000296 0.032392 0.000000
0.650073 0.216204 0.064020 0.036573 0.000325 0.032805 0.000000
0.653649 0.213396 0.063194 0.036507 0.000290 0.032964 0.000000
0.651694 0.216126 0.063181 0.036517 0.000319 0.032163 0.000000
0.655433 0.213412 0.062802 0.035795 0.000292 0.032266 0.000000
0.645454 0.217195 0.065136 0.037618 0.000292 0.034304 0.000000
0.649878 0.216526 0.064120 0.036888 0.000345 0.032244 0.000000
0.646818 0.215656 0.064821 0.038074 0.000326 0.034305 0.000000
0.640977 0.221414 0.065507 0.037908 0.000348 0.033846 0.000000
0.647220 0.217958 0.064099 0.037356 0.000327 0.033041 0.000000
0.637684 0.221459 0.066288 0.038643 0.000347 0.035578 0.000000
0.640527 0.221436 0.065262 0.038078 0.000355 0.034343 0.000000
0.637691 0.221928 0.066481 0.038259 0.000369 0.035272 0.000000
0.625563 0.226279 0.069507 0.040483 0.000348 0.037821 0.000000
0.640917 0.222328 0.065345 0.037555 0.000349 0.033506 0.000000
0.626868 0.227532 0.068719 0.040020 0.000358 0.036503 0.000000
0.622513 0.228388 0.070127 0.040717 0.000376 0.037880 0.000000
0.635484 0.222726 0.066855 0.039192 0.000410 0.035334 0.000000
0.628743 0.226602 0.068078 0.039713 0.000356 0.036508 0.000000
0.617755 0.229519 0.071538 0.041441 0.000379 0.039368 0.000000
0.623042 0.226443 0.070275 0.040983 0.000344 0.038912 0.000000
0.626696 0.227740 0.068615 0.039909 0.000371 0.036668 0.000000
0.621946 0.228156 0.070392 0.040939 0.000381 0.038186 0.000000
0.615741 0.229951 0.072205 0.041977 0.000387 0.039740 0.000000
