0.999765 0.000191 0.000033 0.000011 0.000000 0.000000 0.000000
0.999700 0.000223 0.000031 0.000007 0.000000 0.000040 0.000000
0.999589 0.000318 0.000050 0.000014 0.000000 0.000029 0.000000
0.999501 0.000385 0.000063 0.000017 0.000000 0.000034 0.000000
0.999419 0.000442 0.000074 0.000021 0.000000 0.000044 0.000000
0.999323 0.000521 0.000086 0.000026 0.000000 0.000044 0.000000
0.999236 0.000586 0.000098 0.000031 0.000000 0.000048 0.000000
0.999148 0.000652 0.000112 0.000036 0.000000 0.000051 0.000000
0.999065 0.000713 0.000124 0.000041 0.000000 0.000057 0.000000
0.998975 0.000782 0.000136 0.000047 0.000000 0.000060 0.000000
0.998893 0.000841 0.000150 0.000052 0.000000 0.000064 0.000000
0.998802 0.000912 0.000161 0.000057 0.000000 0.000068 0.000000
0.998710 0.000986 0.000172 0.000060 0.000000 0.000072 0.000000
0.998626 0.001044 0.000189 0.000063 0.000000 0.000077 0.000000
0.998543 0.001101 0.000206 0.000070 0.000000 0.000081 0.000000
0.998459 0.001162 0.000216 0.000076 0.000000 0.000087 0.000000
0.998371 0.001229 0.000229 0.000081 0.000000 0.000090 0.000000
0.998280 0.001299 0.000240 0.000087 0.000000 0.000093 0.000000
0.998194 0.001364 0.000252 0.000092 0.000000 0.000099 0.000000
0.998106 0.001429 0.000266 0.000096 0.000000 0.000103 0.000000
0.998024 0.001484 0.000284 0.000101 0.000000 0.000106 0.000000
0.997937 0.001551 0.000294 0.000105 0.000000 0.000113 0.000000
0.997849 0.001619 0.000305 0.000110 0.000000 0.000117 0.000000
0.997760 0.001688 0.000313 0.000118 0.000000 0.000122 0.000000
0.997675 0.001751 0.000325 0.000124 0.000000 0.000126 0.000000
0.997587 0.001817 0.000337 0.000130 0.000000 0.000129 0.000000
0.997503 0.001875 0.000352 0.000137 0.000000 0.000133 0.000000
0.997415 0.001940 0.000365 0.000145 0.000000 0.000135 0.000000
0.997326 0.002013 0.000373 0.000149 0.000000 0.000140 0.000000
0.997239 0.002079 0.000380 0.000155 0.000000 0.000147 0.000000
0.997155 0.002138 0.000394 0.000163 0.000000 0.000151 0.000000
0.997067 0.002206 0.000402 0.000169 0.000000 0.000156 0.000000
0.996981 0.002268 0.000418 0.000175 0.000000 0.000158 0.000000
0.996895 0.002330 0.000432 0.000181 0.000000 0.000162 0.000000
0.996808 0.002393 0.000444 0.000191 0.000000 0.000165 0.000000
0.996724 0.002453 0.000458 0.000196 0.000000 0.000169 0.000000
0.996636 0.002519 0.000472 0.000199 0.000000 0.000173 0.000000
0.996549 0.002584 0.000485 0.000205 0.000000 0.000176 0.000000
0.996462 0.002651 0.000495 0.000211 0.000000 0.000181 0.000000
0.996378 0.002711 0.000509 0.000215 0.000000 0.000187 0.000000
0.996293 0.002774 0.000522 0.000221 0.000000 0.000190 0.000000
0.996202 0.002848 0.000531 0.000225 0.000000 0.000194 0.000000
0.996115 0.002914 0.000544 0.000229 0.000000 0.000198 0.000000
0.996029 0.002978 0.000556 0.000234 0.000000 0.000203 0.000000
0.995943 0.003040 0.000571 0.000239 0.000000 0.000207 0.000000
0.995857 0.003104 0.000584 0.000242 0.000000 0.000213 0.000000
0.995767 0.003174 0.000595 0.000248 0.000000 0.000216 0.000000
0.995682 0.003235 0.000612 0.000252 0.000000 0.000218 0.000000
0.995596 0.003298 0.000625 0.000257 0.000000 0.000224 0.000000
0.995507 0.003367 0.000635 0.000263 0.000000 0.000228 0.000000
0.995423 0.003427 0.000648 0.000269 0.000000 0.000233 0.000000
0.995337 0.003492 0.000659 0.000272 0.000000 0.000240 0.000000
0.995244 0.003566 0.000670 0.000277 0.000000 0.000242 0.000000
0.995155 0.003635 0.000683 0.000281 0.000000 0.000245 0.000000
0.995068 0.003698 0.000697 0.000286 0.000000 0.000250 0.000000
0.994978 0.003769 0.000706 0.000292 0.000000 0.000254 0.000000
0.994892 0.003834 0.000719 0.000295 0.000000 0.000260 0.000000
0.994803 0.003905 0.000728 0.000299 0.000000 0.000264 0.000000
0.994718 0.003968 0.000738 0.000306 0.000000 0.000270 0.000000
0.994636 0.004023 0.000756 0.000312 0.000000 0.000273 0.000000
0.994552 0.004082 0.000772 0.000315 0.000000 0.000278 0.000000
0.994465 0.004150 0.000778 0.000320 0.000000 0.000287 0.000000
0.994378 0.004215 0.000791 0.000325 0.000000 0.000291 0.000000
0.994291 0.004282 0.000802 0.000328 0.000000 0.000296 0.000000
0.994205 0.004349 0.000812 0.000335 0.000000 0.000299 0.000000
0.994119 0.004412 0.000826 0.000339 0.000000 0.000304 0.000000
0.994034 0.004474 0.000839 0.000344 0.000000 0.000308 0.000000
0.993951 0.004534 0.000852 0.000349 0.000000 0.000314 0.000000
0.993867 0.004593 0.000866 0.000354 0.000000 0.000320 0.000000
0.993778 0.004660 0.000878 0.000359 0.000000 0.000324 0.000000
0.993696 0.004717 0.000891 0.000367 0.000000 0.000329 0.000000
0.993609 0.004780 0.000905 0.000374 0.000000 0.000332 0.000000
0.993525 0.004840 0.000919 0.000380 0.000000 0.000336 0.000000
0.993438 0.004905 0.000931 0.000386 0.000000 0.000340 0.000000
0.993352 0.004970 0.000942 0.000390 0.000000 0.000346 0.000000
0.993267 0.005032 0.000951 0.000397 0.000000 0.000352 0.000000
0.993181 0.005097 0.000964 0.000402 0.000000 0.000357 0.000000
0.993095 0.005158 0.000977 0.000410 0.000000 0.000360 0.000000
0.993012 0.005215 0.000994 0.000414 0.000000 0.000365 0.000000
0.992924 0.005280 0.001009 0.000418 0.000000 0.000368 0.000000
0.992837 0.005347 0.001021 0.000424 0.000000 0.000372 0.000000
0.992752 0.005409 0.001032 0.000429 0.000000 0.000378 0.000000
0.992669 0.005468 0.001045 0.000434 0.000000 0.000384 0.000000
0.992586 0.005526 0.001059 0.000439 0.000000 0.000390 0.000000
0.992504 0.005587 0.001067 0.000444 0.000000 0.000398 0.000000
0.992415 0.005655 0.001078 0.000449 0.000000 0.000402 0.000000
0.992332 0.005714 0.001089 0.000453 0.000000 0.000410 0.000000
0.992248 0.005774 0.001101 0.000460 0.000000 0.000416 0.000000
0.992161 0.005839 0.001114 0.000468 0.000001 0.000418 0.000000
0.992071 0.005909 0.001125 0.000474 0.000001 0.000421 0.000000
0.991984 0.005975 0.001134 0.000479 0.000001 0.000428 0.000000
0.991898 0.006040 0.001146 0.000482 0.000001 0.000433 0.000000
0.991811 0.006105 0.001160 0.000487 0.000001 0.000437 0.000000
0.991723 0.006173 0.001171 0.000489 0.000001 0.000443 0.000000
0.991639 0.006233 0.001185 0.000494 0.000001 0.000448 0.000000
0.991556 0.006293 0.001196 0.000503 0.000001 0.000452 0.000000
0.991469 0.006359 0.001205 0.000507 0.000001 0.000458 0.000000
0.991383 0.006422 0.001221 0.000511 0.000001 0.000462 0.000000
0.991298 0.006487 0.001234 0.000512 0.000001 0.000468 0.000000
0.991212 0.006551 0.001247 0.000515 0.000001 0.000474 0.000000
0.991128 0.006611 0.001258 0.000523 0.000001 0.000479 0.000000
0.991044 0.006673 0.001267 0.000531 0.000001 0.000485 0.000000
0.990956 0.006739 0.001281 0.000536 0.000001 0.000488 0.000000
0.990869 0.006803 0.001293 0.000543 0.000001 0.000491 0.000000
0.990783 0.006866 0.001309 0.000547 0.000001 0.000494 0.000000
0.990694 0.006934 0.001320 0.000554 0.000001 0.000497 0.000000
0.990608 0.006998 0.001333 0.000557 0.000001 0.000503 0.000000
0.990524 0.007057 0.001346 0.000563 0.000001 0.000508 0.000000
0.990437 0.007125 0.001357 0.000568 0.000001 0.000513 0.000000
0.990351 0.007190 0.001367 0.000571 0.000001 0.000519 0.000000
0.990267 0.007252 0.001377 0.000580 0.000001 0.000524 0.000000
0.990184 0.007311 0.001390 0.000585 0.000001 0.000529 0.000000
0.990095 0.007377 0.001404 0.000590 0.000001 0.000532 0.000000
0.990009 0.007442 0.001416 0.000594 0.000001 0.000538 0.000000
0.989925 0.007500 0.001430 0.000601 0.000001 0.000542 0.000000
0.989837 0.007566 0.001443 0.000606 0.000001 0.000546 0.000000
0.989755 0.007624 0.001458 0.000613 0.000001 0.000550 0.000000
0.989669 0.007688 0.001468 0.000621 0.000001 0.000554 0.000000
0.989584 0.007750 0.001483 0.000624 0.000001 0.000558 0.000000
0.989491 0.007824 0.001493 0.000630 0.000001 0.000561 0.000000
0.989411 0.007875 0.001512 0.000636 0.000001 0.000565 0.000000
0.989325 0.007934 0.001531 0.000642 0.000001 0.000567 0.000000
0.989239 0.007998 0.001544 0.000646 0.000001 0.000572 0.000000
0.989153 0.008061 0.001557 0.000652 0.000001 0.000576 0.000000
0.989070 0.008119 0.001572 0.000656 0.000001 0.000581 0.000000
0.988986 0.008179 0.001589 0.000662 0.000001 0.000583 0.000000
0.988897 0.008248 0.001601 0.000667 0.000001 0.000586 0.000000
0.988814 0.008306 0.001615 0.000674 0.000001 0.000591 0.000000
0.988728 0.008369 0.001626 0.000681 0.000001 0.000596 0.000000
0.988643 0.008434 0.001636 0.000685 0.000001 0.000601 0.000000
0.988558 0.008496 0.001648 0.000690 0.000001 0.000606 0.000000
0.988476 0.008552 0.001663 0.000697 0.000001 0.000611 0.000000
0.988393 0.008609 0.001680 0.000702 0.000001 0.000615 0.000000
0.988310 0.008667 0.001695 0.000708 0.000001 0.000620 0.000000
0.988228 0.008722 0.001707 0.000716 0.000001 0.000626 0.000000
0.988141 0.008787 0.001722 0.000721 0.000001 0.000629 0.000000
0.988051 0.008858 0.001731 0.000726 0.000001 0.000633 0.000000
0.987964 0.008923 0.001742 0.000733 0.000001 0.000638 0.000000
0.987877 0.008990 0.001755 0.000736 0.000001 0.000642 0.000000
0.987789 0.009057 0.001765 0.000743 0.000001 0.000645 0.000000
0.987702 0.009121 0.001779 0.000749 0.000001 0.000648 0.000000
0.987619 0.009176 0.001796 0.000757 0.000001 0.000651 0.000000
0.987538 0.009230 0.001811 0.000762 0.000001 0.000657 0.000000
0.987458 0.009283 0.001826 0.000773 0.000001 0.000661 0.000000
0.987373 0.009346 0.001837 0.000777 0.000001 0.000666 0.000000
0.987287 0.009409 0.001851 0.000782 0.000001 0.000670 0.000000
0.987199 0.009474 0.001862 0.000790 0.000001 0.000673 0.000000
0.987115 0.009538 0.001873 0.000794 0.000001 0.000679 0.000000
0.987028 0.009601 0.001890 0.000798 0.000001 0.000682 0.000000
0.986939 0.009668 0.001903 0.000802 0.000001 0.000687 0.000000
0.986851 0.009735 0.001915 0.000809 0.000001 0.000689 0.000000
0.986768 0.009793 0.001928 0.000816 0.000001 0.000694 0.000000
0.986686 0.009850 0.001941 0.000822 0.000001 0.000700 0.000000
0.986598 0.009916 0.001953 0.000827 0.000001 0.000704 0.000000
0.986511 0.009982 0.001968 0.000830 0.000001 0.000707 0.000000
0.986423 0.010050 0.001979 0.000836 0.000001 0.000711 0.000000
0.986337 0.010113 0.001991 0.000843 0.000001 0.000715 0.000000
0.986248 0.010179 0.002006 0.000847 0.000001 0.000718 0.000000
0.986162 0.010241 0.002021 0.000853 0.000001 0.000722 0.000000
0.986073 0.010308 0.002036 0.000858 0.000001 0.000724 0.000000
0.985986 0.010376 0.002045 0.000862 0.000001 0.000730 0.000000
0.985898 0.010443 0.002057 0.000866 0.000001 0.000734 0.000000
0.985809 0.010511 0.002071 0.000870 0.000001 0.000738 0.000000
0.985722 0.010575 0.002082 0.000878 0.000001 0.000742 0.000000
0.985634 0.010641 0.002095 0.000883 0.000001 0.000745 0.000000
0.985550 0.010702 0.002108 0.000889 0.000001 0.000750 0.000000
0.985463 0.010769 0.002120 0.000894 0.000001 0.000753 0.000000
0.985375 0.010837 0.002132 0.000898 0.000001 0.000758 0.000000
0.985294 0.010891 0.002143 0.000905 0.000001 0.000765 0.000000
0.985208 0.010956 0.002157 0.000910 0.000001 0.000768 0.000000
0.985126 0.011011 0.002171 0.000918 0.000001 0.000773 0.000000
0.985038 0.011080 0.002179 0.000923 0.000001 0.000779 0.000000
0.984956 0.011136 0.002197 0.000927 0.000001 0.000783 0.000000
0.984867 0.011203 0.002210 0.000933 0.000001 0.000786 0.000000
0.984780 0.011268 0.002219 0.000940 0.000001 0.000791 0.000000
0.984698 0.011327 0.002231 0.000947 0.000001 0.000797 0.000000
0.984609 0.011393 0.002245 0.000951 0.000001 0.000800 0.000000
0.984521 0.011462 0.002257 0.000955 0.000001 0.000805 0.000000
0.984437 0.011521 0.002269 0.000961 0.000001 0.000811 0.000000
0.984351 0.011585 0.002283 0.000965 0.000001 0.000815 0.000000
0.984267 0.011645 0.002299 0.000969 0.000001 0.000820 0.000000
0.984181 0.011708 0.002311 0.000975 0.000001 0.000824 0.000000
0.984094 0.011775 0.002324 0.000978 0.000001 0.000827 0.000000
0.984009 0.011837 0.002334 0.000984 0.000001 0.000834 0.000000
0.983923 0.011901 0.002346 0.000989 0.000001 0.000839 0.000000
0.983836 0.011968 0.002358 0.000992 0.000001 0.000845 0.000000
0.983749 0.012034 0.002369 0.000997 0.000001 0.000850 0.000000
0.983663 0.012096 0.002384 0.001003 0.000001 0.000852 0.000000
0.983576 0.012162 0.002395 0.001009 0.000001 0.000857 0.000000
0.983488 0.012229 0.002410 0.001010 0.000001 0.000862 0.000000
0.983402 0.012292 0.002425 0.001014 0.000001 0.000865 0.000000
0.983313 0.012361 0.002436 0.001019 0.000001 0.000870 0.000000
0.983225 0.012430 0.002445 0.001024 0.000001 0.000875 0.000000
0.983138 0.012493 0.002459 0.001031 0.000001 0.000878 0.000000
0.983054 0.012550 0.002476 0.001035 0.000001 0.000883 0.000000
0.982966 0.012620 0.002487 0.001039 0.000001 0.000886 0.000000
0.982879 0.012685 0.002501 0.001043 0.000001 0.000891 0.000000
0.982795 0.012743 0.002517 0.001050 0.000001 0.000893 0.000000
0.982714 0.012798 0.002532 0.001057 0.000001 0.000898 0.000000
0.982627 0.012862 0.002547 0.001061 0.000001 0.000902 0.000000
0.982540 0.012925 0.002560 0.001068 0.000001 0.000905 0.000000
0.982455 0.012987 0.002573 0.001074 0.000001 0.000910 0.000000
0.982367 0.013053 0.002586 0.001079 0.000001 0.000914 0.000000
0.982279 0.013121 0.002598 0.001080 0.000001 0.000920 0.000000
0.982195 0.013181 0.002611 0.001089 0.000001 0.000923 0.000000
0.982107 0.013246 0.002623 0.001095 0.000001 0.000928 0.000000
0.982024 0.013304 0.002637 0.001099 0.000001 0.000934 0.000000
0.981943 0.013362 0.002650 0.001104 0.000001 0.000940 0.000000
0.981853 0.013433 0.002659 0.001106 0.000001 0.000946 0.000000
0.981768 0.013494 0.002674 0.001112 0.000001 0.000951 0.000000
0.981681 0.013558 0.002688 0.001118 0.000001 0.000953 0.000000
0.981591 0.013629 0.002701 0.001122 0.000001 0.000956 0.000000
0.981505 0.013690 0.002714 0.001128 0.000001 0.000961 0.000000
0.981416 0.013761 0.002725 0.001131 0.000001 0.000965 0.000000
0.981333 0.013821 0.002738 0.001137 0.000001 0.000970 0.000000
0.981241 0.013896 0.002749 0.001140 0.000001 0.000973 0.000000
0.981153 0.013961 0.002761 0.001147 0.000001 0.000976 0.000000
0.981064 0.014030 0.002773 0.001151 0.000001 0.000980 0.000000
0.980978 0.014093 0.002785 0.001158 0.000001 0.000984 0.000000
0.980893 0.014156 0.002796 0.001163 0.000001 0.000990 0.000000
0.980810 0.014214 0.002810 0.001169 0.000001 0.000995 0.000000
0.980724 0.014279 0.002822 0.001173 0.000002 0.001001 0.000000
0.980644 0.014332 0.002841 0.001177 0.000002 0.001005 0.000000
0.980556 0.014398 0.002852 0.001184 0.000002 0.001008 0.000000
0.980471 0.014459 0.002863 0.001192 0.000002 0.001014 0.000000
0.980384 0.014524 0.002872 0.001200 0.000002 0.001018 0.000000
0.980298 0.014587 0.002883 0.001208 0.000002 0.001022 0.000000
0.980213 0.014648 0.002900 0.001211 0.000002 0.001027 0.000000
0.980127 0.014711 0.002913 0.001215 0.000002 0.001032 0.000000
0.980041 0.014775 0.002925 0.001221 0.000002 0.001037 0.000000
0.979954 0.014840 0.002939 0.001225 0.000002 0.001040 0.000000
0.979864 0.014909 0.002953 0.001229 0.000002 0.001043 0.000000
0.979782 0.014967 0.002966 0.001234 0.000002 0.001049 0.000000
0.979698 0.015028 0.002977 0.001242 0.000002 0.001054 0.000000
0.979609 0.015096 0.002987 0.001249 0.000002 0.001057 0.000000
0.979525 0.015157 0.003001 0.001252 0.000002 0.001063 0.000000
0.979437 0.015224 0.003012 0.001258 0.000002 0.001067 0.000000
0.979354 0.015284 0.003025 0.001262 0.000002 0.001073 0.000000
0.979266 0.015351 0.003038 0.001266 0.000002 0.001077 0.000000
0.979177 0.015421 0.003049 0.001271 0.000002 0.001081 0.000000
0.979091 0.015484 0.003061 0.001275 0.000002 0.001087 0.000000
0.979003 0.015553 0.003070 0.001279 0.000002 0.001093 0.000000
0.978918 0.015613 0.003085 0.001286 0.000002 0.001097 0.000000
0.978830 0.015681 0.003095 0.001289 0.000002 0.001103 0.000000
0.978749 0.015735 0.003109 0.001297 0.000002 0.001108 0.000000
0.978661 0.015801 0.003122 0.001301 0.000002 0.001113 0.000000
0.978572 0.015871 0.003132 0.001308 0.000002 0.001116 0.000000
0.978487 0.015931 0.003145 0.001314 0.000002 0.001121 0.000000
0.978403 0.015990 0.003159 0.001320 0.000002 0.001126 0.000000
0.978312 0.016061 0.003170 0.001326 0.000002 0.001128 0.000000
0.978231 0.016115 0.003185 0.001334 0.000002 0.001134 0.000000
0.978149 0.016172 0.003200 0.001338 0.000002 0.001139 0.000000
0.978061 0.016238 0.003212 0.001343 0.000002 0.001143 0.000000
0.977980 0.016294 0.003228 0.001349 0.000002 0.001147 0.000000
0.977892 0.016363 0.003237 0.001353 0.000002 0.001153 0.000000
0.977807 0.016426 0.003250 0.001357 0.000002 0.001158 0.000000
0.977721 0.016492 0.003260 0.001363 0.000002 0.001162 0.000000
0.977633 0.016558 0.003273 0.001368 0.000002 0.001166 0.000000
0.977547 0.016620 0.003287 0.001373 0.000002 0.001170 0.000000
0.977462 0.016682 0.003302 0.001376 0.000002 0.001175 0.000000
0.977372 0.016752 0.003315 0.001380 0.000002 0.001179 0.000000
0.977288 0.016813 0.003329 0.001384 0.000002 0.001183 0.000000
0.977201 0.016880 0.003340 0.001389 0.000002 0.001188 0.000000
0.977119 0.016936 0.003353 0.001398 0.000002 0.001192 0.000000
0.977026 0.017012 0.003364 0.001401 0.000002 0.001195 0.000000
0.976941 0.017075 0.003375 0.001406 0.000002 0.001201 0.000000
0.976860 0.017130 0.003387 0.001413 0.000002 0.001208 0.000000
0.976776 0.017187 0.003404 0.001419 0.000002 0.001212 0.000000
0.976690 0.017250 0.003419 0.001423 0.000002 0.001215 0.000000
0.976605 0.017311 0.003436 0.001427 0.000002 0.001218 0.000000
0.976519 0.017375 0.003445 0.001435 0.000002 0.001224 0.000000
0.976437 0.017432 0.003458 0.001441 0.000002 0.001230 0.000000
0.976350 0.017501 0.003465 0.001445 0.000002 0.001236 0.000000
0.976261 0.017569 0.003478 0.001449 0.000002 0.001240 0.000000
0.976175 0.017634 0.003489 0.001454 0.000002 0.001246 0.000000
0.976091 0.017693 0.003502 0.001460 0.000002 0.001251 0.000000
0.976004 0.017756 0.003517 0.001466 0.000002 0.001255 0.000000
0.975923 0.017809 0.003535 0.001472 0.000002 0.001259 0.000000
0.975838 0.017870 0.003550 0.001477 0.000002 0.001264 0.000000
0.975750 0.017937 0.003562 0.001481 0.000002 0.001268 0.000000
0.975663 0.018001 0.003577 0.001484 0.000002 0.001272 0.000000
0.975580 0.018059 0.003590 0.001491 0.000002 0.001278 0.000000
0.975494 0.018125 0.003601 0.001493 0.000002 0.001284 0.000000
0.975406 0.018191 0.003615 0.001498 0.000002 0.001288 0.000000
0.975321 0.018253 0.003628 0.001503 0.000002 0.001293 0.000000
0.975233 0.018321 0.003639 0.001508 0.000002 0.001296 0.000000
0.975148 0.018382 0.003653 0.001514 0.000002 0.001301 0.000000
0.975065 0.018440 0.003664 0.001523 0.000002 0.001305 0.000000
0.974970 0.018511 0.003676 0.001528 0.000002 0.001313 0.000000
0.974872 0.018583 0.003688 0.001537 0.000002 0.001318 0.000000
0.974773 0.018657 0.003702 0.001544 0.000002 0.001322 0.000000
0.974724 0.018694 0.003711 0.001543 0.000002 0.001325 0.000000
0.974578 0.018811 0.003722 0.001553 0.000002 0.001333 0.000000
0.974516 0.018857 0.003736 0.001554 0.000002 0.001335 0.000000
0.974393 0.018955 0.003748 0.001560 0.000002 0.001342 0.000000
0.974352 0.018981 0.003763 0.001560 0.000002 0.001342 0.000000
0.974199 0.019100 0.003774 0.001574 0.000002 0.001350 0.000000
0.974158 0.019128 0.003786 0.001573 0.000003 0.001351 0.000000
0.974074 0.019194 0.003799 0.001575 0.000003 0.001355 0.000000
0.973960 0.019278 0.003819 0.001583 0.000003 0.001358 0.000000
0.973899 0.019318 0.003823 0.001591 0.000003 0.001367 0.000000
0.973695 0.019474 0.003852 0.001604 0.000003 0.001371 0.000000
0.973732 0.019440 0.003853 0.001601 0.000003 0.001372 0.000000
0.973525 0.019604 0.003882 0.001610 0.000003 0.001378 0.000000
0.973427 0.019678 0.003897 0.001614 0.000003 0.001382 0.000000
0.973349 0.019729 0.003909 0.001621 0.000003 0.001390 0.000000
0.973219 0.019836 0.003919 0.001626 0.000003 0.001397 0.000000
0.973047 0.019972 0.003935 0.001633 0.000003 0.001409 0.000000
0.973036 0.019962 0.003954 0.001636 0.000003 0.001409 0.000000
0.972858 0.020098 0.003988 0.001643 0.000003 0.001412 0.000000
0.972901 0.020066 0.003971 0.001642 0.000003 0.001418 0.000000
0.972732 0.020185 0.004005 0.001655 0.000003 0.001420 0.000000
0.972499 0.020397 0.004029 0.001654 0.000003 0.001417 0.000000
0.972551 0.020311 0.004044 0.001664 0.000003 0.001427 0.000000
0.972574 0.020311 0.004028 0.001662 0.000003 0.001423 0.000000
0.972395 0.020443 0.004055 0.001667 0.000003 0.001437 0.000000
0.972174 0.020612 0.004085 0.001677 0.000003 0.001450 0.000000
0.972038 0.020699 0.004119 0.001688 0.000003 0.001453 0.000000
0.971907 0.020826 0.004112 0.001695 0.000003 0.001458 0.000000
0.971765 0.020915 0.004165 0.001690 0.000003 0.001462 0.000000
0.971950 0.020765 0.004139 0.001686 0.000003 0.001458 0.000000
0.971417 0.021200 0.004203 0.001711 0.000003 0.001466 0.000000
0.971762 0.020908 0.004156 0.001705 0.000003 0.001467 0.000000
0.971403 0.021188 0.004215 0.001717 0.000003 0.001474 0.000000
0.971153 0.021383 0.004256 0.001725 0.000003 0.001480 0.000000
0.971102 0.021407 0.004259 0.001737 0.000003 0.001491 0.000000
0.971069 0.021431 0.004267 0.001738 0.000003 0.001491 0.000000
0.971093 0.021396 0.004270 0.001740 0.000003 0.001497 0.000000
0.971034 0.021428 0.004278 0.001754 0.000003 0.001504 0.000000
0.970894 0.021526 0.004300 0.001764 0.000003 0.001513 0.000000
0.970471 0.021851 0.004377 0.001778 0.000003 0.001521 0.000000
0.970594 0.021768 0.004354 0.001768 0.000003 0.001512 0.000000
0.970267 0.022018 0.004386 0.001810 0.000003 0.001517 0.000000
0.970307 0.021984 0.004390 0.001792 0.000003 0.001524 0.000000
0.970382 0.021907 0.004385 0.001790 0.000003 0.001533 0.000000
0.970007 0.022203 0.004444 0.001814 0.000003 0.001530 0.000000
0.969935 0.022225 0.004465 0.001820 0.000003 0.001552 0.000000
0.969709 0.022404 0.004497 0.001830 0.000003 0.001557 0.000000
0.969822 0.022312 0.004478 0.001830 0.000003 0.001556 0.000000
0.969615 0.022468 0.004509 0.001845 0.000003 0.001560 0.000000
0.969799 0.022332 0.004480 0.001821 0.000003 0.001565 0.000000
0.969457 0.022585 0.004536 0.001846 0.000003 0.001574 0.000000
0.968990 0.022936 0.004603 0.001864 0.000003 0.001604 0.000000
0.969300 0.022679 0.004561 0.001856 0.000003 0.001600 0.000000
0.969563 0.022487 0.004523 0.001843 0.000003 0.001581 0.000000
0.968848 0.023023 0.004632 0.001878 0.000003 0.001617 0.000000
0.968655 0.023165 0.004655 0.001896 0.000004 0.001625 0.000000
0.968681 0.023138 0.004639 0.001913 0.000005 0.001622 0.000000
0.968036 0.023617 0.004751 0.001941 0.000004 0.001650 0.000000
0.968687 0.023124 0.004659 0.001901 0.000005 0.001625 0.000000
0.968411 0.023333 0.004702 0.001917 0.000004 0.001633 0.000000
0.967741 0.023822 0.004803 0.001968 0.000004 0.001662 0.000000
0.968053 0.023610 0.004758 0.001932 0.000005 0.001643 0.000000
0.967618 0.023913 0.004826 0.001966 0.000004 0.001674 0.000000
0.967337 0.024154 0.004852 0.001979 0.000005 0.001673 0.000000
0.967264 0.024211 0.004862 0.001984 0.000004 0.001676 0.000000
0.966872 0.024481 0.004944 0.002008 0.000004 0.001691 0.000000
0.967446 0.024049 0.004843 0.001966 0.000004 0.001691 0.000000
0.967697 0.023879 0.004808 0.001944 0.000005 0.001667 0.000000
0.966801 0.024539 0.004968 0.001992 0.000005 0.001696 0.000000
0.966375 0.024842 0.005026 0.002040 0.000005 0.001713 0.000000
0.965978 0.025118 0.005093 0.002054 0.000007 0.001749 0.000000
0.965721 0.025306 0.005114 0.002080 0.000008 0.001771 0.000000
0.966134 0.025004 0.005057 0.002063 0.000005 0.001737 0.000000
0.966291 0.024890 0.005021 0.002039 0.000005 0.001754 0.000000
0.965923 0.025156 0.005069 0.002065 0.000007 0.001780 0.000000
0.965784 0.025272 0.005092 0.002079 0.000007 0.001766 0.000000
0.966283 0.024914 0.004996 0.002043 0.000005 0.001759 0.000000
0.965627 0.025386 0.005104 0.002089 0.000004 0.001789 0.000000
0.964863 0.025973 0.005183 0.002143 0.000006 0.001832 0.000000
0.965857 0.025230 0.005060 0.002065 0.000006 0.001782 0.000000
0.964571 0.026180 0.005261 0.002153 0.000006 0.001830 0.000000
0.964282 0.026447 0.005298 0.002163 0.000006 0.001803 0.000000
0.963923 0.026731 0.005324 0.002168 0.000005 0.001849 0.000000
0.963915 0.026725 0.005339 0.002171 0.000006 0.001844 0.000000
0.964236 0.026487 0.005273 0.002166 0.000005 0.001833 0.000000
0.962795 0.027495 0.005530 0.002261 0.000005 0.001914 0.000000
0.962914 0.027438 0.005490 0.002242 0.000006 0.001911 0.000000
0.962197 0.027996 0.005612 0.002279 0.000006 0.001910 0.000000
0.962551 0.027705 0.005584 0.002247 0.000006 0.001908 0.000000
0.962050 0.028058 0.005664 0.002284 0.000005 0.001939 0.000000
0.961555 0.028361 0.005733 0.002336 0.000007 0.002008 0.000000
0.961666 0.028349 0.005734 0.002293 0.000007 0.001951 0.000000
0.961350 0.028540 0.005762 0.002347 0.000008 0.001994 0.000000
0.960563 0.029137 0.005846 0.002415 0.000008 0.002032 0.000000
0.961215 0.028654 0.005764 0.002363 0.000006 0.001998 0.000000
0.960818 0.028904 0.005871 0.002397 0.000006 0.002004 0.000000
0.961652 0.028297 0.005744 0.002330 0.000006 0.001971 0.000000
0.960592 0.029070 0.005876 0.002416 0.000007 0.002039 0.000000
0.960454 0.029150 0.005909 0.002433 0.000009 0.002044 0.000000
0.959572 0.029824 0.006079 0.002455 0.000007 0.002062 0.000000
0.959677 0.029763 0.006025 0.002457 0.000007 0.002071 0.000000
0.960392 0.029245 0.005909 0.002407 0.000007 0.002039 0.000000
0.958536 0.030565 0.006252 0.002518 0.000008 0.002121 0.000000
0.958586 0.030515 0.006226 0.002547 0.000007 0.002118 0.000000
0.956936 0.031717 0.006470 0.002643 0.000008 0.002227 0.000000
0.959038 0.030215 0.006146 0.002494 0.000006 0.002101 0.000000
0.958519 0.030606 0.006201 0.002527 0.000008 0.002138 0.000000
0.957416 0.031424 0.006380 0.002576 0.000007 0.002197 0.000000
0.957831 0.031100 0.006293 0.002562 0.000009 0.002205 0.000000
0.956987 0.031689 0.006433 0.002639 0.000007 0.002245 0.000000
0.956352 0.032193 0.006540 0.002684 0.000007 0.002223 0.000000
0.956566 0.031968 0.006537 0.002675 0.000008 0.002246 0.000000
0.956104 0.032300 0.006601 0.002732 0.000008 0.002255 0.000000
0.955370 0.032851 0.006702 0.002781 0.000006 0.002290 0.000000
0.954998 0.033108 0.006731 0.002837 0.000007 0.002320 0.000000
0.954334 0.033618 0.006775 0.002855 0.000008 0.002411 0.000000
0.955123 0.033031 0.006701 0.002811 0.000007 0.002328 0.000000
0.954386 0.033600 0.006821 0.002824 0.000007 0.002362 0.000000
0.953539 0.034178 0.006938 0.002930 0.000008 0.002407 0.000000
0.952948 0.034529 0.007057 0.002969 0.000006 0.002490 0.000000
0.953703 0.034056 0.006921 0.002868 0.000007 0.002444 0.000000
0.953845 0.033973 0.006905 0.002859 0.000006 0.002413 0.000000
0.951378 0.035763 0.007258 0.003026 0.000007 0.002568 0.000000
0.951303 0.035838 0.007266 0.003014 0.000008 0.002572 0.000000
0.951399 0.035821 0.007228 0.003007 0.000008 0.002538 0.000000
0.951952 0.035298 0.007243 0.002989 0.000006 0.002511 0.000000
0.952139 0.035248 0.007148 0.002973 0.000006 0.002485 0.000000
0.951210 0.035866 0.007342 0.003048 0.000008 0.002525 0.000000
0.950740 0.036219 0.007426 0.003072 0.000006 0.002537 0.000000
0.949180 0.037386 0.007588 0.003210 0.000008 0.002629 0.000000
0.950279 0.036568 0.007471 0.003118 0.000005 0.002559 0.000000
0.949121 0.037445 0.007669 0.003163 0.000007 0.002596 0.000000
0.948552 0.037803 0.007756 0.003233 0.000007 0.002649 0.000000
0.948244 0.038105 0.007766 0.003193 0.000007 0.002683 0.000000
0.947192 0.038828 0.007951 0.003298 0.000008 0.002723 0.000000
0.946661 0.039242 0.008031 0.003304 0.000008 0.002754 0.000000
0.947723 0.038432 0.007898 0.003242 0.000007 0.002697 0.000000
0.944886 0.040479 0.008342 0.003424 0.000009 0.002860 0.000000
0.945288 0.040265 0.008219 0.003374 0.000006 0.002847 0.000000
0.945129 0.040365 0.008282 0.003362 0.000008 0.002855 0.000000
0.943653 0.041421 0.008478 0.003506 0.000007 0.002935 0.000000
0.943487 0.041506 0.008529 0.003498 0.000009 0.002971 0.000000
0.944829 0.040546 0.008322 0.003411 0.000008 0.002884 0.000000
0.942740 0.041990 0.008692 0.003552 0.000007 0.003019 0.000000
0.942995 0.041864 0.008605 0.003544 0.000009 0.002982 0.000000
0.941749 0.042744 0.008809 0.003647 0.000006 0.003045 0.000000
0.941407 0.043011 0.008821 0.003672 0.000008 0.003081 0.000000
0.941398 0.043035 0.008812 0.003672 0.000007 0.003077 0.000000
0.940584 0.043569 0.008982 0.003700 0.000006 0.003160 0.000000
0.940074 0.043886 0.009052 0.003795 0.000008 0.003184 0.000000
0.939740 0.044257 0.009094 0.003721 0.000008 0.003181 0.000000
0.940118 0.043961 0.008996 0.003741 0.000008 0.003177 0.000000
0.939719 0.044345 0.009064 0.003714 0.000008 0.003150 0.000000
0.939070 0.044715 0.009201 0.003806 0.000007 0.003202 0.000000
0.938032 0.045464 0.009361 0.003850 0.000010 0.003283 0.000000
0.937937 0.045575 0.009315 0.003854 0.000011 0.003308 0.000000
0.937888 0.045514 0.009436 0.003878 0.000011 0.003273 0.000000
0.937411 0.045868 0.009533 0.003882 0.000009 0.003298 0.000000
0.936630 0.046449 0.009591 0.003940 0.000009 0.003380 0.000000
0.937299 0.046014 0.009517 0.003872 0.000010 0.003288 0.000000
0.934385 0.048125 0.009939 0.004082 0.000010 0.003459 0.000000
0.933810 0.048507 0.010088 0.004141 0.000009 0.003446 0.000000
0.933668 0.048593 0.010113 0.004141 0.000011 0.003473 0.000000
0.933777 0.048498 0.010076 0.004181 0.000008 0.003459 0.000000
0.932765 0.049280 0.010228 0.004184 0.000010 0.003533 0.000000
0.932420 0.049437 0.010300 0.004245 0.000009 0.003588 0.000000
0.931881 0.049923 0.010385 0.004213 0.000013 0.003585 0.000000
0.931298 0.050401 0.010420 0.004254 0.000014 0.003613 0.000000
0.931062 0.050539 0.010453 0.004289 0.000015 0.003642 0.000000
0.929580 0.051537 0.010772 0.004365 0.000012 0.003735 0.000000
0.928292 0.052530 0.010877 0.004441 0.000014 0.003845 0.000000
0.928178 0.052633 0.010930 0.004442 0.000013 0.003805 0.000000
0.930598 0.050816 0.010624 0.004276 0.000011 0.003675 0.000000
0.926460 0.053735 0.011237 0.004601 0.000014 0.003952 0.000000
0.927742 0.052835 0.011051 0.004501 0.000013 0.003858 0.000000
0.927219 0.053232 0.011112 0.004519 0.000012 0.003905 0.000000
0.926124 0.053955 0.011359 0.004624 0.000012 0.003926 0.000000
0.923706 0.055686 0.011732 0.004774 0.000013 0.004090 0.000000
0.924002 0.055544 0.011679 0.004684 0.000016 0.004076 0.000000
0.924204 0.055330 0.011624 0.004710 0.000011 0.004120 0.000000
0.925235 0.054639 0.011501 0.004619 0.000012 0.003995 0.000000
0.923615 0.055822 0.011706 0.004746 0.000012 0.004099 0.000000
0.921640 0.057169 0.012087 0.004879 0.000014 0.004211 0.000000
0.921574 0.057164 0.012103 0.004909 0.000012 0.004239 0.000000
0.920975 0.057586 0.012226 0.004934 0.000014 0.004266 0.000000
0.918769 0.059224 0.012509 0.005079 0.000013 0.004405 0.000000
0.919891 0.058318 0.012415 0.004994 0.000013 0.004370 0.000000
0.921762 0.057051 0.012097 0.004865 0.000014 0.004212 0.000000
0.917868 0.059855 0.012693 0.005150 0.000013 0.004422 0.000000
0.917399 0.060002 0.012818 0.005218 0.000014 0.004549 0.000000
0.917245 0.060330 0.012774 0.005163 0.000014 0.004474 0.000000
0.917041 0.060258 0.012884 0.005261 0.000014 0.004542 0.000000
0.916522 0.060785 0.012910 0.005252 0.000015 0.004517 0.000000
0.914495 0.062171 0.013226 0.005386 0.000016 0.004706 0.000000
0.914342 0.062224 0.013315 0.005409 0.000017 0.004693 0.000000
0.913205 0.063011 0.013471 0.005510 0.000017 0.004787 0.000000
0.912345 0.063678 0.013602 0.005522 0.000015 0.004837 0.000000
0.910948 0.064619 0.013821 0.005632 0.000017 0.004962 0.000000
0.909700 0.065510 0.014047 0.005707 0.000017 0.005019 0.000000
0.909090 0.065938 0.014127 0.005798 0.000017 0.005031 0.000000
0.909247 0.065887 0.014111 0.005717 0.000018 0.005020 0.000000
0.907947 0.066732 0.014338 0.005835 0.000019 0.005127 0.000000
0.907391 0.067158 0.014399 0.005860 0.000018 0.005173 0.000000
0.906384 0.067802 0.014607 0.005942 0.000021 0.005244 0.000000
0.906318 0.067896 0.014628 0.005912 0.000022 0.005224 0.000000
0.905001 0.068758 0.014877 0.006032 0.000022 0.005310 0.000000
0.904460 0.069185 0.014937 0.006040 0.000022 0.005357 0.000000
0.903084 0.070067 0.015205 0.006188 0.000022 0.005432 0.000000
0.903373 0.069826 0.015169 0.006179 0.000020 0.005433 0.000000
0.903047 0.070081 0.015163 0.006232 0.000021 0.005456 0.000000
0.902500 0.070463 0.015283 0.006244 0.000022 0.005487 0.000000
0.902600 0.070321 0.015378 0.006254 0.000018 0.005428 0.000000
0.901641 0.070994 0.015519 0.006295 0.000023 0.005527 0.000000
0.899772 0.072324 0.015798 0.006410 0.000020 0.005676 0.000000
0.899313 0.072629 0.015938 0.006440 0.000022 0.005657 0.000000
0.898174 0.073287 0.016173 0.006552 0.000023 0.005791 0.000000
0.896986 0.074207 0.016334 0.006605 0.000021 0.005846 0.000000
0.896196 0.074774 0.016432 0.006684 0.000022 0.005892 0.000000
0.896119 0.074825 0.016479 0.006682 0.000019 0.005876 0.000000
0.895168 0.075478 0.016635 0.006742 0.000020 0.005957 0.000000
0.892255 0.077416 0.017168 0.006966 0.000022 0.006172 0.000000
0.893519 0.076695 0.016874 0.006812 0.000021 0.006078 0.000000
0.893278 0.076745 0.016976 0.006885 0.000023 0.006093 0.000000
0.890263 0.078814 0.017489 0.007113 0.000020 0.006301 0.000000
0.890609 0.078602 0.017397 0.007099 0.000021 0.006271 0.000000
0.890712 0.078507 0.017405 0.007077 0.000020 0.006279 0.000000
0.891230 0.078089 0.017342 0.007028 0.000022 0.006290 0.000000
0.888292 0.080274 0.017830 0.007184 0.000025 0.006395 0.000000
0.889793 0.079146 0.017581 0.007116 0.000023 0.006340 0.000000
0.887755 0.080550 0.017893 0.007284 0.000022 0.006495 0.000000
0.885918 0.081847 0.018232 0.007439 0.000019 0.006545 0.000000
0.884954 0.082475 0.018372 0.007511 0.000022 0.006666 0.000000
0.884441 0.082822 0.018503 0.007539 0.000020 0.006675 0.000000
0.883468 0.083599 0.018563 0.007578 0.000024 0.006768 0.000000
0.880826 0.085406 0.019085 0.007705 0.000026 0.006952 0.000000
0.880816 0.085323 0.019148 0.007758 0.000023 0.006932 0.000000
0.880452 0.085466 0.019231 0.007823 0.000022 0.007006 0.000000
0.879522 0.086103 0.019356 0.007896 0.000023 0.007101 0.000000
0.878724 0.086700 0.019557 0.007886 0.000024 0.007108 0.000000
0.876152 0.088418 0.019951 0.008107 0.000023 0.007348 0.000000
0.877524 0.087546 0.019681 0.008009 0.000024 0.007216 0.000000
0.875589 0.088983 0.019989 0.008128 0.000025 0.007286 0.000000
0.874931 0.089377 0.020133 0.008170 0.000025 0.007365 0.000000
0.873693 0.090182 0.020319 0.008268 0.000022 0.007516 0.000000
0.870720 0.092186 0.020860 0.008500 0.000024 0.007710 0.000000
0.872259 0.091142 0.020600 0.008377 0.000024 0.007599 0.000000
0.871064 0.091951 0.020846 0.008443 0.000024 0.007672 0.000000
0.870631 0.092180 0.020931 0.008491 0.000024 0.007742 0.000000
0.869885 0.092681 0.021048 0.008570 0.000025 0.007790 0.000000
0.867723 0.094071 0.021487 0.008693 0.000025 0.008002 0.000000
0.867667 0.094097 0.021434 0.008734 0.000024 0.008044 0.000000
0.867525 0.094259 0.021473 0.008735 0.000025 0.007983 0.000000
0.865643 0.095494 0.021835 0.008866 0.000028 0.008135 0.000000
0.866352 0.094984 0.021688 0.008828 0.000027 0.008122 0.000000
0.862099 0.098027 0.022368 0.009110 0.000027 0.008369 0.000000
0.859838 0.099376 0.022830 0.009302 0.000026 0.008629 0.000000
0.861353 0.098421 0.022531 0.009181 0.000026 0.008488 0.000000
0.860409 0.099024 0.022754 0.009237 0.000027 0.008549 0.000000
0.860657 0.098940 0.022664 0.009217 0.000028 0.008494 0.000000
0.861033 0.098664 0.022603 0.009224 0.000025 0.008452 0.000000
0.858998 0.099954 0.022994 0.009350 0.000028 0.008676 0.000000
0.857804 0.100757 0.023239 0.009429 0.000028 0.008743 0.000000
0.857367 0.101071 0.023290 0.009459 0.000026 0.008786 0.000000
0.854102 0.103241 0.023900 0.009719 0.000026 0.009012 0.000000
0.853630 0.103464 0.024014 0.009753 0.000027 0.009112 0.000000
0.853131 0.103832 0.024130 0.009797 0.000030 0.009081 0.000000
0.849809 0.106120 0.024708 0.010013 0.000028 0.009322 0.000000
0.848361 0.107085 0.024941 0.010149 0.000029 0.009436 0.000000
0.851964 0.104599 0.024340 0.009888 0.000029 0.009180 0.000000
0.850613 0.105567 0.024547 0.009979 0.000027 0.009267 0.000000
0.848240 0.107009 0.025062 0.010153 0.000028 0.009508 0.000000
0.847286 0.107835 0.025166 0.010197 0.000026 0.009490 0.000000
0.845648 0.108704 0.025566 0.010334 0.000029 0.009718 0.000000
0.846644 0.108161 0.025348 0.010279 0.000030 0.009538 0.000000
0.843016 0.110520 0.026025 0.010537 0.000030 0.009871 0.000000
0.841682 0.111442 0.026277 0.010630 0.000029 0.009940 0.000000
0.842193 0.111010 0.026213 0.010611 0.000031 0.009942 0.000000
0.841007 0.111805 0.026405 0.010738 0.000031 0.010014 0.000000
0.839518 0.112708 0.026685 0.010852 0.000032 0.010204 0.000000
0.837463 0.114150 0.027030 0.010973 0.000033 0.010351 0.000000
0.834757 0.115791 0.027591 0.011206 0.000032 0.010623 0.000000
0.837860 0.113747 0.027063 0.010960 0.000032 0.010338 0.000000
0.835886 0.115029 0.027450 0.011119 0.000034 0.010482 0.000000
0.838053 0.113535 0.027039 0.010982 0.000031 0.010360 0.000000
0.832779 0.117086 0.028006 0.011394 0.000032 0.010704 0.000000
0.831919 0.117558 0.028233 0.011472 0.000032 0.010786 0.000000
0.832619 0.117074 0.028126 0.011392 0.000033 0.010756 0.000000
0.828929 0.119497 0.028692 0.011712 0.000034 0.011135 0.000000
0.828571 0.119779 0.028858 0.011708 0.000032 0.011052 0.000000
0.829805 0.118895 0.028617 0.011637 0.000035 0.011010 0.000000
0.827349 0.120534 0.029055 0.011828 0.000034 0.011201 0.000000
0.828045 0.120198 0.028888 0.011699 0.000034 0.011135 0.000000
0.826464 0.121082 0.029201 0.011882 0.000035 0.011335 0.000000
0.825040 0.121962 0.029467 0.012034 0.000035 0.011462 0.000000
0.822672 0.123474 0.029980 0.012178 0.000036 0.011660 0.000000
0.823033 0.123228 0.029924 0.012154 0.000038 0.011623 0.000000
0.821838 0.124070 0.030132 0.012236 0.000040 0.011684 0.000000
0.821149 0.124294 0.030350 0.012324 0.000037 0.011845 0.000000
0.818967 0.125703 0.030776 0.012524 0.000038 0.011990 0.000000
0.818883 0.125761 0.030792 0.012498 0.000037 0.012029 0.000000
0.818377 0.126013 0.030912 0.012625 0.000037 0.012037 0.000000
0.816618 0.127143 0.031279 0.012732 0.000038 0.012190 0.000000
0.816014 0.127450 0.031397 0.012812 0.000037 0.012289 0.000000
0.814637 0.128375 0.031600 0.012896 0.000040 0.012452 0.000000
0.812627 0.129690 0.031997 0.013037 0.000041 0.012609 0.000000
0.812184 0.129921 0.032163 0.013066 0.000040 0.012628 0.000000
0.814225 0.128607 0.031745 0.012918 0.000041 0.012463 0.000000
0.811836 0.130098 0.032264 0.013061 0.000040 0.012702 0.000000
0.809506 0.131533 0.032750 0.013261 0.000044 0.012905 0.000000
0.810283 0.130990 0.032618 0.013200 0.000044 0.012865 0.000000
0.805679 0.133857 0.033577 0.013574 0.000042 0.013270 0.000000
0.808368 0.132236 0.033001 0.013302 0.000042 0.013052 0.000000
0.805731 0.133979 0.033469 0.013524 0.000041 0.013256 0.000001
0.803417 0.135399 0.033984 0.013685 0.000043 0.013472 0.000001
0.802233 0.136034 0.034280 0.013817 0.000044 0.013592 0.000001
0.802225 0.136202 0.034170 0.013814 0.000048 0.013540 0.000001
0.797257 0.139133 0.035183 0.014281 0.000048 0.014098 0.000001
0.802022 0.136286 0.034227 0.013840 0.000043 0.013581 0.000001
0.797639 0.138978 0.035097 0.014190 0.000048 0.014048 0.000001
0.794261 0.141044 0.035747 0.014505 0.000045 0.014398 0.000001
0.796361 0.139801 0.035346 0.014254 0.000045 0.014194 0.000001
0.792612 0.142315 0.036008 0.014558 0.000045 0.014462 0.000001
0.794283 0.141041 0.035757 0.014455 0.000047 0.014417 0.000000
0.790233 0.143653 0.036514 0.014755 0.000047 0.014797 0.000001
0.791696 0.142553 0.036284 0.014722 0.000053 0.014691 0.000001
0.790009 0.143594 0.036607 0.014853 0.000050 0.014886 0.000001
0.787941 0.144964 0.037036 0.014982 0.000051 0.015027 0.000001
0.786905 0.145546 0.037250 0.015100 0.000050 0.015148 0.000001
0.788423 0.144652 0.036907 0.014995 0.000049 0.014974 0.000001
0.787232 0.145428 0.037155 0.015033 0.000053 0.015098 0.000001
0.786483 0.145776 0.037377 0.015092 0.000053 0.015219 0.000001
0.782775 0.148161 0.038077 0.015428 0.000052 0.015508 0.000001
0.783058 0.148098 0.037982 0.015394 0.000055 0.015413 0.000001
0.779620 0.150116 0.038725 0.015666 0.000053 0.015819 0.000001
0.781130 0.149137 0.038441 0.015544 0.000053 0.015694 0.000001
0.778860 0.150468 0.038906 0.015778 0.000054 0.015933 0.000001
0.776020 0.152162 0.039543 0.016045 0.000055 0.016173 0.000001
0.774809 0.153063 0.039733 0.016098 0.000054 0.016242 0.000001
0.774450 0.153175 0.039835 0.016130 0.000057 0.016352 0.000001
0.773441 0.153669 0.040099 0.016254 0.000057 0.016480 0.000001
0.770283 0.155781 0.040662 0.016523 0.000056 0.016696 0.000001
0.773158 0.154022 0.040066 0.016240 0.000059 0.016455 0.000001
0.772396 0.154317 0.040285 0.016357 0.000059 0.016586 0.000001
