0.593861 0.191625 0.070348 0.038655 0.000926 0.104573 0.000013
0.756479 0.227173 0.007725 0.004429 0.000031 0.004162 0.000000
0.491793 0.478566 0.018036 0.010204 0.000016 0.001384 0.000000
0.296446 0.634358 0.041592 0.023512 0.000051 0.004040 0.000001
0.178990 0.691495 0.075757 0.042917 0.000139 0.010701 0.000001
0.115103 0.687568 0.111858 0.063465 0.000275 0.021730 0.000002
0.056272 0.668525 0.150881 0.085603 0.000463 0.038253 0.000004
0.040765 0.617259 0.181060 0.102714 0.000697 0.057499 0.000006
0.040003 0.565638 0.201783 0.114459 0.000934 0.077174 0.000009
0.023416 0.525108 0.222810 0.126366 0.001216 0.101073 0.000012
0.014205 0.480487 0.240193 0.136328 0.001529 0.127244 0.000014
0.016668 0.437082 0.250206 0.142065 0.001791 0.152167 0.000021
0.011192 0.401520 0.258929 0.147123 0.002093 0.179116 0.000028
0.013668 0.365154 0.263590 0.149642 0.002374 0.205537 0.000036
0.014147 0.336649 0.264913 0.150361 0.002636 0.231249 0.000045
0.009588 0.308070 0.267695 0.151901 0.002948 0.259745 0.000053
0.009867 0.281350 0.267277 0.151774 0.003229 0.286432 0.000072
0.016234 0.258310 0.263057 0.149343 0.003439 0.309526 0.000091
0.014061 0.241741 0.259449 0.147255 0.003666 0.333722 0.000107
0.011066 0.221592 0.257145 0.145942 0.003903 0.360227 0.000125
0.018169 0.204113 0.250245 0.142104 0.004078 0.381146 0.000145
0.016871 0.194176 0.244151 0.138430 0.004278 0.401930 0.000163
0.013106 0.178426 0.240191 0.136186 0.004525 0.427383 0.000183
0.013461 0.165201 0.234287 0.132834 0.004681 0.449335 0.000201
0.014254 0.154275 0.227850 0.129076 0.004856 0.469468 0.000220
0.015183 0.144459 0.221300 0.125254 0.004980 0.488582 0.000241
0.016103 0.135971 0.214528 0.121512 0.005121 0.506496 0.000268
0.017090 0.128292 0.207680 0.117542 0.005234 0.523865 0.000295
0.018217 0.121382 0.200961 0.113609 0.005327 0.540192 0.000313
0.019367 0.115660 0.194156 0.109873 0.005405 0.555207 0.000333
0.020400 0.110411 0.187598 0.106211 0.005458 0.569566 0.000356
0.021709 0.105947 0.181031 0.102547 0.005515 0.582874 0.000378
0.023098 0.101817 0.174755 0.098848 0.005569 0.595512 0.000402
0.024397 0.098289 0.168720 0.095524 0.005593 0.607049 0.000429
0.025719 0.095180 0.162831 0.092134 0.005616 0.618070 0.000449
0.027084 0.092390 0.157370 0.088901 0.005614 0.628169 0.000472
0.028423 0.090090 0.152204 0.085711 0.005605 0.637468 0.000498
0.029847 0.087859 0.147032 0.082719 0.005625 0.646395 0.000522
0.031260 0.086161 0.142072 0.079910 0.005586 0.654472 0.000538
0.032729 0.084616 0.137408 0.077156 0.005550 0.661978 0.000564
0.034059 0.083438 0.133166 0.074633 0.005503 0.668612 0.000590
0.035491 0.082469 0.128799 0.072219 0.005487 0.674925 0.000610
0.036912 0.081613 0.124883 0.070125 0.005464 0.680374 0.000629
0.038392 0.080897 0.121064 0.068090 0.005442 0.685462 0.000653
0.039644 0.080376 0.117542 0.066195 0.005400 0.690172 0.000671
0.041018 0.080009 0.114199 0.064297 0.005366 0.694411 0.000700
0.042365 0.079611 0.111043 0.062524 0.005329 0.698416 0.000713
0.043717 0.079205 0.108129 0.060949 0.005282 0.701988 0.000730
0.045026 0.079004 0.105517 0.059505 0.005223 0.704965 0.000759
0.046299 0.078860 0.102886 0.058047 0.005164 0.707965 0.000779
0.047554 0.078783 0.100509 0.056726 0.005091 0.710541 0.000796
0.048770 0.078762 0.098442 0.055606 0.005013 0.712587 0.000820
0.050114 0.078731 0.096314 0.054536 0.004939 0.714526 0.000841
0.051354 0.078846 0.094351 0.053604 0.004862 0.716112 0.000871
0.052540 0.078960 0.092605 0.052615 0.004805 0.717580 0.000895
0.053658 0.079143 0.090894 0.051515 0.004754 0.719118 0.000918
0.054672 0.079353 0.089438 0.050726 0.004700 0.720170 0.000942
0.055763 0.079508 0.087983 0.049933 0.004634 0.721221 0.000958
0.056692 0.079799 0.086677 0.049144 0.004568 0.722130 0.000990
0.057708 0.080112 0.085519 0.048488 0.004526 0.722641 0.001006
0.058669 0.080388 0.084365 0.047969 0.004471 0.723112 0.001025
0.059594 0.080675 0.083298 0.047381 0.004390 0.723617 0.001045
0.060479 0.081028 0.082216 0.046886 0.004322 0.724004 0.001065
0.061356 0.081397 0.081450 0.046418 0.004271 0.724028 0.001079
0.062195 0.081754 0.080718 0.045903 0.004216 0.724111 0.001103
0.062937 0.082110 0.080041 0.045521 0.004143 0.724124 0.001123
0.063685 0.082367 0.079482 0.045092 0.004094 0.724133 0.001146
0.064290 0.082647 0.078990 0.044841 0.004024 0.724034 0.001174
0.064867 0.083040 0.078553 0.044654 0.003981 0.723720 0.001184
0.065555 0.083245 0.078174 0.044411 0.003928 0.723485 0.001202
0.066146 0.083511 0.077759 0.044272 0.003893 0.723206 0.001212
0.066692 0.083794 0.077323 0.043984 0.003843 0.723124 0.001240
0.067243 0.084043 0.077165 0.043720 0.003805 0.722770 0.001253
0.067781 0.084268 0.076952 0.043529 0.003745 0.722456 0.001269
0.068194 0.084623 0.076661 0.043353 0.003693 0.722195 0.001280
0.068755 0.084800 0.076440 0.043194 0.003650 0.721867 0.001294
0.069233 0.085005 0.076363 0.043100 0.003589 0.721397 0.001312
0.069730 0.085132 0.076226 0.043013 0.003566 0.721009 0.001322
0.070135 0.085351 0.076194 0.043029 0.003515 0.720449 0.001328
0.070596 0.085559 0.076174 0.042950 0.003454 0.719922 0.001345
0.070840 0.085767 0.076140 0.043013 0.003413 0.719459 0.001368
0.071154 0.086073 0.076250 0.042941 0.003398 0.718808 0.001376
0.071580 0.086376 0.076127 0.042897 0.003365 0.718265 0.001391
0.071732 0.086740 0.075907 0.042911 0.003344 0.717958 0.001407
0.071969 0.087023 0.075850 0.042912 0.003318 0.717500 0.001428
0.072084 0.087412 0.075795 0.042934 0.003282 0.717057 0.001437
0.072213 0.087709 0.075792 0.043002 0.003243 0.716588 0.001454
0.072372 0.088043 0.075814 0.042859 0.003211 0.716229 0.001471
0.072627 0.088135 0.075833 0.042894 0.003194 0.715834 0.001483
0.072919 0.088250 0.075925 0.042956 0.003194 0.715266 0.001490
0.073153 0.088359 0.076032 0.043037 0.003171 0.714739 0.001509
0.073481 0.088516 0.076043 0.043061 0.003138 0.714241 0.001519
0.073773 0.088675 0.076184 0.043069 0.003110 0.713647 0.001543
0.074015 0.088935 0.076232 0.043074 0.003087 0.713102 0.001554
0.074080 0.089132 0.076309 0.043133 0.003084 0.712692 0.001571
0.074022 0.089372 0.076524 0.043221 0.003079 0.712200 0.001582
0.074090 0.089466 0.076589 0.043300 0.003053 0.711902 0.001600
0.074293 0.089672 0.076598 0.043355 0.003057 0.711423 0.001602
0.074275 0.089757 0.076677 0.043422 0.003047 0.711202 0.001619
0.074372 0.089909 0.076595 0.043454 0.003011 0.711027 0.001632
0.074511 0.090036 0.076686 0.043502 0.002994 0.710624 0.001646
0.074562 0.090095 0.076780 0.043510 0.002989 0.710400 0.001663
0.074556 0.090247 0.076898 0.043588 0.002963 0.710067 0.001682
0.074663 0.090188 0.077049 0.043638 0.002951 0.709812 0.001698
0.074605 0.090200 0.077180 0.043639 0.002952 0.709713 0.001711
0.075010 0.090055 0.077136 0.043785 0.002931 0.709359 0.001724
0.075098 0.089870 0.077317 0.043876 0.002919 0.709187 0.001734
0.075149 0.089867 0.077443 0.043928 0.002911 0.708959 0.001743
0.075258 0.089756 0.077632 0.044097 0.002893 0.708600 0.001764
0.075368 0.089714 0.077685 0.044076 0.002882 0.708496 0.001780
0.075360 0.089866 0.077773 0.044108 0.002893 0.708215 0.001785
0.075343 0.090100 0.077882 0.044094 0.002881 0.707907 0.001793
0.075300 0.090289 0.077941 0.044056 0.002888 0.707715 0.001810
0.075320 0.090251 0.077979 0.044064 0.002868 0.707688 0.001829
0.075390 0.090119 0.078058 0.044075 0.002861 0.707658 0.001838
0.075389 0.089990 0.078259 0.044084 0.002838 0.707595 0.001845
0.075598 0.089849 0.078382 0.044094 0.002842 0.707374 0.001861
0.075750 0.089862 0.078378 0.044047 0.002824 0.707267 0.001871
0.075931 0.089915 0.078345 0.044070 0.002813 0.707039 0.001888
0.075854 0.090052 0.078362 0.044065 0.002823 0.706955 0.001889
0.075949 0.089998 0.078545 0.044121 0.002786 0.706698 0.001902
0.076070 0.090008 0.078587 0.044179 0.002784 0.706448 0.001923
0.077124 0.089140 0.078567 0.044176 0.002792 0.706277 0.001924
0.081662 0.084775 0.078547 0.043932 0.002803 0.706339 0.001941
0.087825 0.079493 0.078157 0.043558 0.002779 0.706226 0.001962
0.094618 0.074143 0.077690 0.042956 0.002773 0.705852 0.001967
0.101673 0.069125 0.076811 0.042139 0.002755 0.705506 0.001991
0.108802 0.064344 0.075742 0.041218 0.002755 0.705138 0.002000
0.115758 0.060094 0.074406 0.040210 0.002750 0.704757 0.002025
0.122835 0.056159 0.073008 0.039138 0.002731 0.704096 0.002033
0.129857 0.052634 0.071515 0.038122 0.002711 0.703121 0.002041
0.136889 0.049389 0.069985 0.036953 0.002675 0.702061 0.002048
0.143693 0.046543 0.068290 0.035709 0.002659 0.701043 0.002063
0.150310 0.044189 0.066569 0.034593 0.002640 0.699624 0.002077
0.157146 0.041934 0.064815 0.033424 0.002625 0.697982 0.002074
0.163971 0.039958 0.063103 0.032298 0.002597 0.695986 0.002088
0.170891 0.038115 0.061453 0.031067 0.002583 0.693790 0.002101
0.177636 0.036583 0.059815 0.029947 0.002554 0.691348 0.002116
0.184190 0.035200 0.058188 0.028792 0.002513 0.688991 0.002124
0.190712 0.033980 0.056448 0.027595 0.002489 0.686643 0.002134
0.197208 0.032893 0.054927 0.026552 0.002447 0.683834 0.002140
0.203604 0.031857 0.053341 0.025537 0.002404 0.681094 0.002163
0.209806 0.030969 0.051942 0.024586 0.002367 0.678160 0.002169
0.216107 0.030113 0.050558 0.023616 0.002337 0.675099 0.002169
0.222329 0.029420 0.049167 0.022683 0.002304 0.671922 0.002176
0.228807 0.028836 0.047704 0.021785 0.002271 0.668400 0.002197
0.234925 0.028196 0.046451 0.020921 0.002233 0.665087 0.002188
0.241235 0.027599 0.045128 0.020160 0.002186 0.661484 0.002208
0.247237 0.027117 0.043932 0.019327 0.002140 0.658036 0.002211
0.253395 0.026680 0.042693 0.018518 0.002109 0.654384 0.002221
0.259339 0.026177 0.041711 0.017868 0.002073 0.650612 0.002220
0.265389 0.025699 0.040713 0.017235 0.002044 0.646683 0.002238
0.271325 0.025379 0.039739 0.016651 0.002003 0.642654 0.002249
0.277352 0.024985 0.038865 0.016060 0.001953 0.638526 0.002259
0.283155 0.024685 0.038047 0.015444 0.001910 0.634499 0.002258
0.289219 0.024370 0.037169 0.014929 0.001882 0.630150 0.002280
0.294881 0.024165 0.036355 0.014397 0.001804 0.626109 0.002288
0.300551 0.023944 0.035579 0.013953 0.001781 0.621889 0.002303
0.305975 0.023720 0.034790 0.013481 0.001746 0.617981 0.002307
0.311863 0.023415 0.034088 0.013053 0.001701 0.613580 0.002300
0.317320 0.023151 0.033485 0.012655 0.001660 0.609405 0.002324
0.323008 0.023019 0.032921 0.012286 0.001613 0.604823 0.002331
0.328214 0.022985 0.032276 0.011872 0.001576 0.600732 0.002344
0.333829 0.022878 0.031546 0.011577 0.001528 0.596312 0.002331
0.339398 0.022739 0.031119 0.011233 0.001497 0.591669 0.002346
0.344463 0.022692 0.030676 0.010970 0.001466 0.587364 0.002368
0.349868 0.022693 0.030159 0.010674 0.001418 0.582826 0.002361
0.354686 0.022616 0.029752 0.010405 0.001389 0.578782 0.002370
0.359696 0.022588 0.029294 0.010157 0.001369 0.574521 0.002375
0.365001 0.022560 0.028847 0.009963 0.001326 0.569921 0.002381
0.370011 0.022613 0.028414 0.009792 0.001311 0.565466 0.002393
0.375066 0.022533 0.027996 0.009568 0.001286 0.561165 0.002385
0.379930 0.022444 0.027732 0.009392 0.001263 0.556846 0.002393
0.384874 0.022297 0.027406 0.009211 0.001232 0.552591 0.002389
0.389680 0.022301 0.027142 0.009100 0.001193 0.548174 0.002411
0.394292 0.022316 0.026873 0.008977 0.001165 0.543964 0.002413
0.398897 0.022414 0.026550 0.008804 0.001144 0.539769 0.002424
0.403481 0.022485 0.026315 0.008681 0.001108 0.535500 0.002430
0.407758 0.022532 0.026170 0.008570 0.001099 0.531430 0.002441
0.412272 0.022554 0.025976 0.008438 0.001082 0.527237 0.002441
0.416739 0.022564 0.025748 0.008362 0.001056 0.523092 0.002439
0.421136 0.022667 0.025614 0.008278 0.001042 0.518827 0.002436
0.425280 0.022834 0.025474 0.008250 0.001018 0.514703 0.002440
0.429346 0.022869 0.025296 0.008222 0.001005 0.510813 0.002449
0.433576 0.022971 0.025240 0.008089 0.000981 0.506688 0.002456
0.437427 0.023097 0.025124 0.007981 0.000967 0.502931 0.002472
0.441247 0.023230 0.025045 0.007942 0.000939 0.499131 0.002466
0.445206 0.023350 0.024945 0.007871 0.000933 0.495227 0.002469
0.448833 0.023608 0.024946 0.007866 0.000899 0.491387 0.002462
0.452742 0.023685 0.024854 0.007821 0.000899 0.487522 0.002477
0.456312 0.023905 0.024815 0.007815 0.000863 0.483795 0.002494
0.459584 0.024160 0.024905 0.007808 0.000856 0.480210 0.002476
0.463106 0.024394 0.024736 0.007770 0.000837 0.476675 0.002483
0.466498 0.024587 0.024885 0.007840 0.000817 0.472883 0.002491
0.469905 0.024767 0.024888 0.007823 0.000798 0.469336 0.002484
0.473050 0.025036 0.024938 0.007860 0.000782 0.465839 0.002496
0.476184 0.025216 0.024968 0.007895 0.000770 0.462473 0.002494
0.479343 0.025410 0.024990 0.007894 0.000743 0.459114 0.002507
0.482436 0.025727 0.025116 0.007905 0.000737 0.455570 0.002510
0.485500 0.026060 0.025158 0.007847 0.000739 0.452186 0.002510
0.488429 0.026256 0.025314 0.007881 0.000722 0.448878 0.002519
0.490827 0.026505 0.025617 0.007942 0.000710 0.445874 0.002525
0.493828 0.026772 0.025686 0.007953 0.000698 0.442532 0.002531
0.496542 0.026886 0.025826 0.007948 0.000692 0.439563 0.002543
0.498936 0.027253 0.026017 0.008009 0.000671 0.436591 0.002523
0.501370 0.027490 0.026168 0.008037 0.000675 0.433725 0.002534
0.503768 0.027876 0.026350 0.008134 0.000659 0.430668 0.002545
0.506278 0.028133 0.026519 0.008177 0.000658 0.427690 0.002544
0.508593 0.028453 0.026688 0.008226 0.000640 0.424839 0.002561
0.510622 0.028808 0.026911 0.008316 0.000647 0.422148 0.002548
0.512723 0.029172 0.027111 0.008358 0.000637 0.419444 0.002555
0.514785 0.029584 0.027278 0.008421 0.000639 0.416737 0.002556
0.516642 0.029949 0.027573 0.008424 0.000640 0.414203 0.002569
0.518320 0.030096 0.027891 0.008478 0.000629 0.412029 0.002557
0.520872 0.030294 0.028171 0.008490 0.000633 0.408967 0.002572
0.523227 0.030649 0.028350 0.008539 0.000618 0.406046 0.002572
0.524629 0.031050 0.028659 0.008568 0.000615 0.403929 0.002551
0.526378 0.031341 0.028892 0.008647 0.000612 0.401554 0.002576
0.528577 0.031725 0.028993 0.008636 0.000597 0.398899 0.002573
0.529751 0.032095 0.029336 0.008750 0.000598 0.396900 0.002569
0.531380 0.032538 0.029738 0.008805 0.000597 0.394375 0.002567
0.532593 0.032829 0.030117 0.008892 0.000594 0.392389 0.002586
0.534598 0.033026 0.030224 0.008964 0.000597 0.390013 0.002577
0.535765 0.033373 0.030494 0.009107 0.000593 0.388086 0.002583
0.537195 0.033807 0.030795 0.009246 0.000593 0.385780 0.002584
0.538300 0.034066 0.031137 0.009313 0.000593 0.384001 0.002590
0.539510 0.034448 0.031442 0.009400 0.000603 0.382017 0.002580
0.541081 0.034824 0.031678 0.009482 0.000601 0.379745 0.002591
0.541731 0.035330 0.032116 0.009588 0.000587 0.378057 0.002591
0.542925 0.035346 0.032482 0.009667 0.000591 0.376408 0.002582
0.544261 0.035531 0.032688 0.009716 0.000585 0.374627 0.002592
0.545415 0.035721 0.033007 0.009807 0.000584 0.372874 0.002593
0.546228 0.035962 0.033198 0.009846 0.000578 0.371596 0.002592
0.546942 0.036282 0.033625 0.009939 0.000585 0.370018 0.002608
0.547855 0.036465 0.033999 0.010040 0.000584 0.368446 0.002611
0.549242 0.036623 0.034140 0.010071 0.000585 0.366734 0.002606
0.549967 0.036937 0.034387 0.010186 0.000582 0.365334 0.002608
0.550911 0.037181 0.034733 0.010290 0.000589 0.363680 0.002616
0.551299 0.037341 0.035021 0.010444 0.000585 0.362689 0.002621
0.552379 0.037493 0.035353 0.010448 0.000582 0.361124 0.002621
0.553352 0.037656 0.035572 0.010440 0.000586 0.359777 0.002617
0.553788 0.037815 0.035926 0.010499 0.000600 0.358742 0.002630
0.554547 0.037938 0.036201 0.010594 0.000590 0.357519 0.002613
0.554911 0.038078 0.036506 0.010675 0.000606 0.356603 0.002619
0.556201 0.038187 0.036633 0.010715 0.000607 0.355026 0.002630
0.556915 0.038397 0.036718 0.010792 0.000612 0.353929 0.002637
0.556875 0.038700 0.037110 0.010908 0.000622 0.353165 0.002620
0.557712 0.038796 0.037287 0.010992 0.000631 0.351944 0.002639
0.558490 0.038929 0.037470 0.010995 0.000629 0.350852 0.002634
0.558509 0.039143 0.037784 0.011079 0.000638 0.350199 0.002648
0.559235 0.039316 0.037954 0.011083 0.000646 0.349102 0.002663
0.559586 0.039332 0.038263 0.011195 0.000658 0.348315 0.002650
0.560194 0.039451 0.038420 0.011225 0.000658 0.347408 0.002643
0.560680 0.039557 0.038485 0.011289 0.000648 0.346665 0.002676
0.561364 0.039571 0.038725 0.011341 0.000648 0.345706 0.002645
0.562160 0.039621 0.038818 0.011386 0.000650 0.344708 0.002656
0.562538 0.039656 0.039058 0.011389 0.000638 0.344060 0.002661
0.562842 0.039612 0.039273 0.011466 0.000643 0.343494 0.002671
0.563496 0.039543 0.039451 0.011533 0.000641 0.342656 0.002681
0.564128 0.039616 0.039555 0.011578 0.000648 0.341799 0.002676
0.564113 0.039790 0.039803 0.011591 0.000649 0.341382 0.002670
0.564800 0.039820 0.039755 0.011614 0.000651 0.340681 0.002678
0.565064 0.039861 0.039802 0.011631 0.000655 0.340306 0.002683
0.565220 0.040021 0.039969 0.011636 0.000649 0.339822 0.002683
0.565490 0.040025 0.040180 0.011680 0.000636 0.339305 0.002684
0.566073 0.040046 0.040253 0.011746 0.000638 0.338567 0.002677
0.566489 0.040151 0.040219 0.011781 0.000643 0.338029 0.002688
0.566994 0.040168 0.040239 0.011827 0.000645 0.337443 0.002684
0.567320 0.040353 0.040332 0.011872 0.000646 0.336773 0.002703
0.567497 0.040387 0.040552 0.011893 0.000649 0.336327 0.002695
0.567922 0.040348 0.040700 0.011874 0.000657 0.335798 0.002702
0.568415 0.040329 0.040818 0.011877 0.000663 0.335182 0.002716
0.568442 0.040436 0.041060 0.011843 0.000660 0.334859 0.002700
0.568952 0.040437 0.041202 0.011883 0.000658 0.334155 0.002714
0.569136 0.040469 0.041243 0.011880 0.000663 0.333903 0.002707
0.569471 0.040393 0.041309 0.011891 0.000667 0.333559 0.002709
0.569834 0.040319 0.041397 0.011881 0.000674 0.333182 0.002711
0.569816 0.040416 0.041513 0.011890 0.000672 0.332980 0.002713
0.570739 0.040429 0.041571 0.011909 0.000667 0.331960 0.002725
0.570886 0.040437 0.041694 0.011954 0.000667 0.331619 0.002742
0.570896 0.040428 0.041765 0.012025 0.000654 0.331498 0.002735
0.571442 0.040479 0.041815 0.011968 0.000659 0.330901 0.002737
0.571855 0.040481 0.041846 0.011916 0.000655 0.330500 0.002748
0.572036 0.040477 0.041987 0.011914 0.000644 0.330207 0.002734
0.571838 0.040609 0.042077 0.011907 0.000660 0.330167 0.002742
0.572508 0.040585 0.041941 0.011920 0.000657 0.329655 0.002734
0.572880 0.040535 0.042060 0.011948 0.000655 0.329168 0.002755
0.572967 0.040468 0.042157 0.011974 0.000658 0.329017 0.002759
0.573035 0.040433 0.042246 0.011950 0.000666 0.328916 0.002754
0.574035 0.040319 0.042183 0.011941 0.000673 0.328099 0.002749
0.573820 0.040439 0.042338 0.011999 0.000658 0.327982 0.002764
0.574299 0.040437 0.042413 0.011946 0.000660 0.327484 0.002761
0.574257 0.040537 0.042501 0.011971 0.000665 0.327294 0.002774
0.574637 0.040371 0.042546 0.011965 0.000679 0.327035 0.002766
0.574803 0.040553 0.042698 0.011994 0.000672 0.326503 0.002776
0.575259 0.040544 0.042532 0.011957 0.000671 0.326269 0.002769
0.575322 0.040520 0.042560 0.011913 0.000681 0.326229 0.002775
0.575371 0.040472 0.042724 0.011971 0.000678 0.326007 0.002776
0.575988 0.040327 0.042547 0.011936 0.000680 0.325741 0.002782
0.576105 0.040270 0.042645 0.011945 0.000678 0.325580 0.002776
0.576269 0.040244 0.042754 0.011928 0.000694 0.325332 0.002780
0.576881 0.040107 0.042698 0.011960 0.000690 0.324870 0.002794
0.576948 0.040004 0.042680 0.012001 0.000686 0.324891 0.002789
0.577219 0.039979 0.042734 0.011978 0.000693 0.324604 0.002794
0.577742 0.039941 0.042566 0.011873 0.000690 0.324393 0.002796
0.577747 0.039961 0.042576 0.011882 0.000684 0.324345 0.002805
0.577977 0.039800 0.042633 0.011882 0.000686 0.324220 0.002801
0.578198 0.039819 0.042497 0.011912 0.000688 0.324082 0.002803
0.578681 0.039761 0.042400 0.011907 0.000679 0.323767 0.002805
0.578560 0.039787 0.042439 0.011912 0.000687 0.323808 0.002807
0.579184 0.039674 0.042356 0.011946 0.000686 0.323345 0.002808
0.579610 0.039608 0.042346 0.011924 0.000687 0.322994 0.002831
0.579640 0.039581 0.042314 0.011925 0.000690 0.323027 0.002824
0.579763 0.039530 0.042354 0.011901 0.000689 0.322937 0.002826
0.580287 0.039384 0.042316 0.011905 0.000700 0.322582 0.002826
0.580532 0.039342 0.042203 0.011894 0.000709 0.322487 0.002834
0.581236 0.039396 0.041984 0.011912 0.000702 0.321936 0.002834
0.581309 0.039227 0.042017 0.011870 0.000700 0.322034 0.002843
0.582004 0.039171 0.041899 0.011851 0.000704 0.321519 0.002850
0.582290 0.039045 0.041877 0.011862 0.000711 0.321378 0.002835
0.582454 0.038951 0.041926 0.011889 0.000712 0.321212 0.002856
0.582835 0.038864 0.041834 0.011907 0.000710 0.321004 0.002846
0.583085 0.038896 0.041850 0.011913 0.000713 0.320690 0.002853
0.583778 0.038893 0.041725 0.011866 0.000722 0.320148 0.002867
0.583753 0.038911 0.041733 0.011917 0.000722 0.320101 0.002863
0.584151 0.038806 0.041707 0.011844 0.000719 0.319916 0.002858
0.584492 0.038770 0.041683 0.011816 0.000722 0.319646 0.002871
0.584859 0.038757 0.041627 0.011798 0.000714 0.319381 0.002865
0.585185 0.038746 0.041542 0.011772 0.000716 0.319171 0.002869
0.585585 0.038765 0.041586 0.011665 0.000718 0.318807 0.002873
0.585679 0.038756 0.041546 0.011659 0.000736 0.318748 0.002876
0.585801 0.038872 0.041537 0.011645 0.000730 0.318529 0.002886
0.586812 0.038901 0.041406 0.011664 0.000719 0.317625 0.002872
0.586602 0.038802 0.041478 0.011680 0.000724 0.317822 0.002892
0.587117 0.038659 0.041369 0.011566 0.000717 0.317687 0.002886
0.587144 0.038839 0.041363 0.011601 0.000721 0.317441 0.002891
0.587367 0.038987 0.041254 0.011618 0.000712 0.317173 0.002888
0.587323 0.038969 0.041437 0.011625 0.000715 0.317051 0.002880
0.587763 0.038897 0.041352 0.011595 0.000713 0.316785 0.002894
0.588046 0.038830 0.041278 0.011586 0.000715 0.316659 0.002885
0.588047 0.039007 0.041317 0.011601 0.000710 0.316426 0.002892
0.588162 0.038874 0.041305 0.011563 0.000729 0.316461 0.002906
0.588680 0.038829 0.041272 0.011551 0.000724 0.316044 0.002901
0.588602 0.039000 0.041393 0.011588 0.000722 0.315784 0.002911
0.588727 0.039064 0.041367 0.011578 0.000716 0.315639 0.002910
0.589376 0.039005 0.041317 0.011555 0.000725 0.315103 0.002918
0.589735 0.038922 0.041167 0.011570 0.000728 0.314969 0.002909
0.589604 0.039180 0.041294 0.011550 0.000723 0.314726 0.002922
0.589975 0.039150 0.041240 0.011525 0.000715 0.314465 0.002931
0.590067 0.039347 0.041180 0.011515 0.000705 0.314272 0.002915
0.589931 0.039343 0.041187 0.011551 0.000703 0.314379 0.002906
0.590467 0.039192 0.041193 0.011631 0.000704 0.313896 0.002917
0.590697 0.039280 0.041095 0.011603 0.000712 0.313688 0.002926
0.590789 0.039185 0.041065 0.011633 0.000712 0.313692 0.002924
0.591165 0.039183 0.040998 0.011680 0.000698 0.313350 0.002926
0.591487 0.039097 0.040853 0.011610 0.000710 0.313293 0.002951
0.591523 0.039021 0.041000 0.011663 0.000716 0.313133 0.002944
0.592245 0.038865 0.040926 0.011626 0.000711 0.312685 0.002943
0.592237 0.038931 0.040912 0.011629 0.000723 0.312630 0.002938
0.592168 0.038940 0.040996 0.011608 0.000719 0.312630 0.002939
0.592367 0.038971 0.041039 0.011581 0.000706 0.312380 0.002956
0.592646 0.038983 0.041007 0.011613 0.000702 0.312101 0.002948
0.592756 0.039068 0.041051 0.011586 0.000697 0.311891 0.002952
0.593095 0.039060 0.040972 0.011588 0.000685 0.311644 0.002956
0.593590 0.039020 0.040926 0.011550 0.000683 0.311260 0.002971
0.593528 0.039140 0.040915 0.011504 0.000676 0.311272 0.002966
0.593176 0.039222 0.040972 0.011550 0.000665 0.311450 0.002965
0.593573 0.039320 0.040967 0.011528 0.000673 0.310974 0.002964
0.593700 0.039229 0.040965 0.011508 0.000669 0.310959 0.002970
0.593872 0.039228 0.041037 0.011535 0.000671 0.310678 0.002978
0.593966 0.039256 0.041064 0.011531 0.000669 0.310547 0.002967
0.594599 0.039110 0.040960 0.011566 0.000674 0.310106 0.002985
0.594024 0.039352 0.041046 0.011593 0.000681 0.310310 0.002994
0.594372 0.039253 0.040809 0.011534 0.000688 0.310340 0.003005
0.594712 0.039240 0.041004 0.011587 0.000683 0.309782 0.002992
0.594656 0.039321 0.040954 0.011623 0.000683 0.309775 0.002988
0.594946 0.039339 0.041037 0.011644 0.000684 0.309355 0.002997
0.594933 0.039406 0.041044 0.011603 0.000685 0.309335 0.002994
0.595162 0.039309 0.041071 0.011641 0.000677 0.309143 0.002996
0.595282 0.039254 0.041177 0.011597 0.000681 0.309022 0.002987
0.595981 0.039170 0.041109 0.011573 0.000670 0.308496 0.003000
0.595522 0.039336 0.041186 0.011591 0.000680 0.308673 0.003012
0.595710 0.039413 0.041136 0.011605 0.000687 0.308433 0.003015
0.595595 0.039413 0.041172 0.011585 0.000673 0.308543 0.003019
0.596196 0.039277 0.041105 0.011554 0.000666 0.308180 0.003022
0.596089 0.039444 0.041169 0.011570 0.000666 0.308056 0.003006
0.596179 0.039442 0.041169 0.011600 0.000664 0.307927 0.003020
0.595562 0.039719 0.041344 0.011679 0.000669 0.308015 0.003012
0.596311 0.039530 0.041192 0.011646 0.000666 0.307634 0.003020
0.596432 0.039697 0.041251 0.011724 0.000656 0.307215 0.003026
0.596165 0.039691 0.041209 0.011727 0.000656 0.307515 0.003038
0.595867 0.039861 0.041375 0.011723 0.000651 0.307484 0.003039
0.596428 0.039726 0.041294 0.011760 0.000643 0.307102 0.003047
0.596432 0.039726 0.041353 0.011766 0.000644 0.307043 0.003036
0.596553 0.039769 0.041281 0.011783 0.000640 0.306928 0.003045
0.596204 0.039906 0.041408 0.011786 0.000643 0.306993 0.003059
0.596681 0.039694 0.041418 0.011768 0.000642 0.306734 0.003062
0.596659 0.039609 0.041443 0.011805 0.000644 0.306786 0.003054
0.596735 0.039495 0.041545 0.011784 0.000646 0.306738 0.003058
0.596557 0.039568 0.041661 0.011792 0.000637 0.306717 0.003067
0.596954 0.039551 0.041647 0.011781 0.000636 0.306355 0.003077
0.596784 0.039517 0.041678 0.011771 0.000633 0.306540 0.003078
0.597422 0.039363 0.041491 0.011746 0.000628 0.306273 0.003076
0.597070 0.039328 0.041714 0.011751 0.000644 0.306411 0.003082
0.597569 0.039328 0.041675 0.011718 0.000638 0.305985 0.003087
0.597326 0.039295 0.041569 0.011767 0.000645 0.306311 0.003088
0.597527 0.039251 0.041675 0.011809 0.000652 0.305983 0.003103
0.597524 0.039229 0.041615 0.011812 0.000639 0.306082 0.003100
0.597613 0.039255 0.041569 0.011823 0.000637 0.306016 0.003088
0.597203 0.039242 0.041652 0.011868 0.000633 0.306296 0.003105
0.597648 0.039253 0.041688 0.011838 0.000630 0.305819 0.003125
0.597968 0.039207 0.041564 0.011808 0.000633 0.305708 0.003113
0.597909 0.039378 0.041531 0.011794 0.000637 0.305623 0.003129
0.597959 0.039335 0.041567 0.011732 0.000637 0.305646 0.003123
0.597852 0.039312 0.041685 0.011717 0.000643 0.305676 0.003115
0.598047 0.039256 0.041754 0.011677 0.000648 0.305491 0.003125
0.598481 0.039194 0.041579 0.011678 0.000652 0.305280 0.003137
0.597816 0.039358 0.041641 0.011765 0.000656 0.305622 0.003142
0.598257 0.039378 0.041583 0.011744 0.000665 0.305251 0.003123
0.598251 0.039342 0.041599 0.011739 0.000671 0.305259 0.003140
0.598133 0.039435 0.041657 0.011719 0.000675 0.305248 0.003132
0.598096 0.039547 0.041616 0.011735 0.000670 0.305196 0.003140
0.598248 0.039626 0.041525 0.011670 0.000672 0.305117 0.003142
0.597942 0.039684 0.041551 0.011709 0.000662 0.305293 0.003160
0.597959 0.039686 0.041622 0.011684 0.000659 0.305247 0.003143
0.598344 0.039554 0.041617 0.011699 0.000654 0.304979 0.003153
0.598048 0.039672 0.041682 0.011758 0.000651 0.305025 0.003165
0.598409 0.039556 0.041675 0.011755 0.000652 0.304789 0.003164
0.598630 0.039592 0.041701 0.011766 0.000659 0.304481 0.003171
0.598292 0.039656 0.041571 0.011781 0.000655 0.304863 0.003181
0.598820 0.039593 0.041645 0.011743 0.000670 0.304349 0.003180
0.598084 0.039735 0.041712 0.011769 0.000667 0.304853 0.003181
0.598129 0.039692 0.041780 0.011755 0.000664 0.304802 0.003177
0.598554 0.039575 0.041744 0.011738 0.000665 0.304535 0.003189
0.598370 0.039561 0.041711 0.011790 0.000665 0.304717 0.003187
0.598434 0.039472 0.041698 0.011743 0.000667 0.304786 0.003200
0.598673 0.039641 0.041698 0.011742 0.000681 0.304379 0.003185
0.598590 0.039485 0.041783 0.011704 0.000679 0.304559 0.003201
0.598424 0.039609 0.041643 0.011646 0.000682 0.304812 0.003184
0.598532 0.039736 0.041678 0.011676 0.000681 0.304510 0.003188
0.598649 0.039626 0.041864 0.011657 0.000681 0.304317 0.003206
0.598716 0.039674 0.041851 0.011659 0.000672 0.304229 0.003198
0.598660 0.039651 0.041902 0.011679 0.000680 0.304221 0.003207
0.598656 0.039556 0.041895 0.011702 0.000691 0.304278 0.003221
0.598797 0.039701 0.041860 0.011664 0.000681 0.304078 0.003220
0.598734 0.039730 0.041853 0.011642 0.000680 0.304141 0.003220
0.598820 0.039750 0.041785 0.011623 0.000674 0.304125 0.003223
0.598976 0.039576 0.041835 0.011642 0.000673 0.304078 0.003219
0.598691 0.039629 0.041961 0.011639 0.000669 0.304183 0.003229
0.599268 0.039665 0.041811 0.011613 0.000675 0.303724 0.003245
0.598666 0.039800 0.041816 0.011652 0.000669 0.304165 0.003233
0.599096 0.039767 0.041700 0.011620 0.000670 0.303913 0.003233
0.599016 0.039770 0.041707 0.011654 0.000688 0.303936 0.003230
0.598665 0.039804 0.041776 0.011683 0.000696 0.304120 0.003256
0.598799 0.039834 0.041738 0.011745 0.000707 0.303923 0.003254
0.599011 0.039741 0.041791 0.011755 0.000699 0.303738 0.003265
0.598905 0.039867 0.041787 0.011808 0.000689 0.303665 0.003279
0.599120 0.039847 0.041885 0.011820 0.000690 0.303367 0.003271
0.598941 0.039731 0.041936 0.011814 0.000710 0.303603 0.003265
0.599355 0.039557 0.041990 0.011754 0.000704 0.303377 0.003263
0.599265 0.039689 0.041993 0.011765 0.000710 0.303318 0.003260
0.599577 0.039594 0.042030 0.011785 0.000705 0.303022 0.003287
0.599313 0.039625 0.042011 0.011848 0.000712 0.303222 0.003269
0.599284 0.039784 0.042010 0.011813 0.000715 0.303107 0.003287
0.599300 0.039717 0.041898 0.011829 0.000726 0.303246 0.003284
0.599117 0.039812 0.041971 0.011846 0.000738 0.303248 0.003267
0.599315 0.039860 0.042003 0.011797 0.000737 0.302993 0.003295
0.599590 0.039789 0.042034 0.011708 0.000734 0.302859 0.003286
0.599500 0.039695 0.041935 0.011693 0.000731 0.303161 0.003285
0.599488 0.039695 0.041818 0.011688 0.000731 0.303292 0.003289
0.599309 0.039862 0.041775 0.011663 0.000726 0.303374 0.003290
0.599027 0.039922 0.041771 0.011664 0.000734 0.303571 0.003312
0.599027 0.040034 0.041884 0.011691 0.000738 0.303320 0.003305
0.599439 0.040046 0.041880 0.011687 0.000736 0.302910 0.003301
0.598900 0.040200 0.041962 0.011769 0.000724 0.303132 0.003313
0.598564 0.040354 0.041955 0.011786 0.000728 0.303308 0.003306
0.598997 0.040369 0.041933 0.011788 0.000715 0.302901 0.003298
0.599003 0.040230 0.041934 0.011811 0.000711 0.303020 0.003290
0.598847 0.040264 0.041971 0.011800 0.000698 0.303114 0.003306
0.598864 0.040207 0.042002 0.011819 0.000704 0.303080 0.003324
0.599158 0.040121 0.041972 0.011784 0.000714 0.302941 0.003309
0.599204 0.040154 0.042110 0.011844 0.000719 0.302647 0.003323
0.598732 0.040274 0.042221 0.011824 0.000709 0.302913 0.003327
0.598486 0.040279 0.042228 0.011843 0.000720 0.303117 0.003326
0.598701 0.040256 0.042152 0.011781 0.000712 0.303078 0.003319
0.598968 0.040314 0.042092 0.011820 0.000704 0.302764 0.003338
0.598599 0.040248 0.042103 0.011786 0.000719 0.303212 0.003333
0.598563 0.040307 0.042173 0.011857 0.000716 0.303050 0.003334
0.598807 0.040204 0.042121 0.011849 0.000729 0.302932 0.003357
0.598799 0.040209 0.042113 0.011885 0.000726 0.302929 0.003340
0.598795 0.040205 0.041946 0.011852 0.000727 0.303122 0.003354
0.598703 0.040226 0.042090 0.011842 0.000727 0.303042 0.003370
0.598826 0.040157 0.042002 0.011881 0.000736 0.303034 0.003364
0.598685 0.040271 0.042070 0.011886 0.000736 0.302990 0.003363
0.598788 0.040347 0.041991 0.011848 0.000736 0.302942 0.003349
0.598260 0.040383 0.042084 0.011825 0.000735 0.303339 0.003375
0.598633 0.040267 0.042079 0.011833 0.000732 0.303093 0.003363
0.598544 0.040246 0.042222 0.011852 0.000723 0.303041 0.003371
0.598794 0.040120 0.042257 0.011809 0.000710 0.302939 0.003371
0.598794 0.040022 0.042324 0.011829 0.000717 0.302945 0.003369
0.598450 0.040020 0.042345 0.011902 0.000721 0.303190 0.003372
0.598497 0.040009 0.042379 0.011916 0.000716 0.303099 0.003383
0.598798 0.039937 0.042307 0.011879 0.000706 0.302985 0.003389
0.598346 0.040064 0.042345 0.011887 0.000703 0.303276 0.003379
0.598024 0.040092 0.042354 0.011937 0.000708 0.303492 0.003393
0.598180 0.039993 0.042313 0.011912 0.000707 0.303508 0.003388
0.598440 0.040068 0.042219 0.011929 0.000712 0.303241 0.003392
0.598334 0.039960 0.042255 0.011952 0.000713 0.303379 0.003408
0.598413 0.039935 0.042199 0.011915 0.000728 0.303411 0.003398
0.598336 0.039812 0.042105 0.011859 0.000741 0.303745 0.003403
0.598406 0.039811 0.042143 0.011865 0.000733 0.303629 0.003413
0.598355 0.039858 0.042068 0.011848 0.000735 0.303717 0.003419
0.598383 0.039860 0.041997 0.011830 0.000729 0.303797 0.003403
0.598654 0.039842 0.041929 0.011875 0.000729 0.303550 0.003421
0.598500 0.039750 0.042001 0.011841 0.000734 0.303742 0.003432
0.598619 0.039728 0.041897 0.011859 0.000745 0.303726 0.003426
0.598764 0.039662 0.041917 0.011788 0.000752 0.303692 0.003425
0.598774 0.039714 0.041914 0.011771 0.000743 0.303653 0.003431
0.598904 0.039580 0.041991 0.011762 0.000731 0.303590 0.003443
0.598767 0.039649 0.042089 0.011773 0.000722 0.303580 0.003419
0.598810 0.039488 0.042049 0.011792 0.000716 0.303699 0.003445
0.598895 0.039335 0.042126 0.011738 0.000711 0.303756 0.003438
0.598878 0.039237 0.042124 0.011695 0.000712 0.303900 0.003455
0.598880 0.039310 0.042052 0.011682 0.000720 0.303916 0.003440
0.599074 0.039327 0.041977 0.011674 0.000718 0.303786 0.003445
0.598555 0.039395 0.042029 0.011693 0.000728 0.304154 0.003447
0.599362 0.039322 0.041916 0.011647 0.000726 0.303565 0.003462
0.599288 0.039299 0.041811 0.011667 0.000733 0.303719 0.003482
0.598819 0.039271 0.041909 0.011724 0.000728 0.304075 0.003474
0.599141 0.039298 0.041806 0.011679 0.000729 0.303878 0.003469
0.599663 0.039355 0.041622 0.011635 0.000723 0.303520 0.003483
0.599469 0.039308 0.041666 0.011662 0.000732 0.303685 0.003478
0.599215 0.039359 0.041505 0.011682 0.000728 0.304036 0.003475
0.599498 0.039389 0.041424 0.011655 0.000741 0.303804 0.003489
0.599601 0.039416 0.041337 0.011623 0.000732 0.303787 0.003503
0.599287 0.039440 0.041426 0.011640 0.000735 0.303970 0.003502
0.599744 0.039419 0.041456 0.011625 0.000740 0.303525 0.003492
0.599622 0.039406 0.041333 0.011637 0.000727 0.303767 0.003509
0.600115 0.039341 0.041180 0.011634 0.000730 0.303497 0.003503
0.599863 0.039438 0.041283 0.011646 0.000716 0.303548 0.003506
0.599725 0.039495 0.041241 0.011645 0.000709 0.303676 0.003509
0.599651 0.039474 0.041385 0.011708 0.000710 0.303558 0.003514
0.599830 0.039419 0.041307 0.011674 0.000704 0.303555 0.003513
0.600275 0.039379 0.041177 0.011644 0.000708 0.303303 0.003514
0.599871 0.039496 0.041273 0.011642 0.000714 0.303481 0.003523
0.599981 0.039528 0.041313 0.011687 0.000717 0.303261 0.003513
0.600491 0.039561 0.041349 0.011637 0.000712 0.302740 0.003509
0.600282 0.039638 0.041389 0.011654 0.000725 0.302780 0.003532
0.600277 0.039699 0.041430 0.011631 0.000713 0.302729 0.003520
0.600151 0.039739 0.041616 0.011633 0.000706 0.302643 0.003512
0.599982 0.039764 0.041717 0.011661 0.000700 0.302649 0.003527
0.600219 0.039708 0.041702 0.011702 0.000704 0.302432 0.003534
0.600009 0.039655 0.041729 0.011673 0.000702 0.302678 0.003553
0.600390 0.039602 0.041714 0.011665 0.000700 0.302385 0.003544
0.600312 0.039661 0.041766 0.011647 0.000703 0.302359 0.003551
0.600439 0.039616 0.041777 0.011646 0.000696 0.302275 0.003552
0.600448 0.039613 0.041863 0.011680 0.000704 0.302135 0.003556
0.600839 0.039401 0.041665 0.011700 0.000699 0.302143 0.003553
0.600201 0.039585 0.041784 0.011769 0.000684 0.302410 0.003568
0.600607 0.039587 0.041698 0.011755 0.000690 0.302107 0.003556
0.600312 0.039681 0.041776 0.011824 0.000689 0.302156 0.003562
0.600298 0.039768 0.041841 0.011820 0.000692 0.302015 0.003566
0.600623 0.039629 0.041779 0.011838 0.000684 0.301886 0.003561
0.600548 0.039544 0.041750 0.011796 0.000682 0.302111 0.003569
0.600121 0.039721 0.041777 0.011796 0.000679 0.302331 0.003575
0.600206 0.039579 0.041729 0.011789 0.000687 0.302425 0.003585
0.600555 0.039541 0.041597 0.011742 0.000690 0.302293 0.003582
0.600274 0.039617 0.041727 0.011771 0.000687 0.302333 0.003590
0.600427 0.039531 0.041716 0.011764 0.000686 0.302291 0.003585
0.600362 0.039555 0.041685 0.011780 0.000692 0.302339 0.003587
0.600633 0.039500 0.041653 0.011793 0.000686 0.302144 0.003591
0.600598 0.039383 0.041701 0.011772 0.000695 0.302265 0.003587
0.601075 0.039385 0.041573 0.011740 0.000694 0.301928 0.003605
0.600554 0.039352 0.041684 0.011797 0.000710 0.302317 0.003585
0.600517 0.039458 0.041765 0.011796 0.000701 0.302170 0.003593
0.600761 0.039515 0.041576 0.011740 0.000708 0.302103 0.003595
0.600727 0.039586 0.041527 0.011735 0.000716 0.302101 0.003609
0.600681 0.039709 0.041613 0.011740 0.000713 0.301925 0.003621
0.600490 0.039786 0.041544 0.011696 0.000711 0.302162 0.003613
0.600194 0.039787 0.041587 0.011744 0.000717 0.302372 0.003599
0.600521 0.039808 0.041521 0.011720 0.000704 0.302107 0.003619
0.600338 0.039890 0.041665 0.011708 0.000713 0.302076 0.003611
0.600160 0.039796 0.041671 0.011684 0.000711 0.302349 0.003628
0.600329 0.039716 0.041678 0.011711 0.000718 0.302228 0.003620
0.600295 0.039737 0.041680 0.011682 0.000716 0.302279 0.003613
0.600434 0.039846 0.041605 0.011682 0.000712 0.302103 0.003617
0.601079 0.039702 0.041480 0.011731 0.000704 0.301674 0.003631
0.600551 0.039740 0.041428 0.011747 0.000701 0.302201 0.003631
0.600665 0.039543 0.041538 0.011749 0.000704 0.302158 0.003643
0.600916 0.039543 0.041429 0.011694 0.000693 0.302081 0.003643
0.600540 0.039529 0.041604 0.011684 0.000695 0.302295 0.003653
0.600702 0.039494 0.041595 0.011688 0.000697 0.302183 0.003641
0.600569 0.039493 0.041534 0.011742 0.000694 0.302317 0.003650
0.601122 0.039399 0.041393 0.011657 0.000697 0.302079 0.003653
0.600618 0.039450 0.041563 0.011649 0.000690 0.302370 0.003660
0.600681 0.039356 0.041463 0.011664 0.000689 0.302471 0.003675
0.601200 0.039463 0.041508 0.011590 0.000673 0.301904 0.003662
0.601172 0.039456 0.041423 0.011594 0.000660 0.302036 0.003658
0.601013 0.039436 0.041436 0.011567 0.000666 0.302212 0.003669
0.601364 0.039445 0.041423 0.011521 0.000661 0.301918 0.003669
0.601365 0.039399 0.041447 0.011490 0.000677 0.301934 0.003687
0.601284 0.039296 0.041503 0.011568 0.000668 0.302015 0.003666
0.601069 0.039205 0.041487 0.011615 0.000668 0.302284 0.003674
0.601321 0.039283 0.041449 0.011617 0.000672 0.301991 0.003668
0.601336 0.039280 0.041487 0.011619 0.000672 0.301932 0.003674
0.601595 0.039225 0.041475 0.011586 0.000671 0.301772 0.003676
0.601372 0.039152 0.041365 0.011599 0.000662 0.302146 0.003703
0.601569 0.039121 0.041414 0.011616 0.000667 0.301915 0.003699
0.601747 0.039070 0.041430 0.011625 0.000672 0.301769 0.003687
0.601978 0.039069 0.041334 0.011596 0.000677 0.301658 0.003688
0.601714 0.039157 0.041459 0.011564 0.000673 0.301732 0.003701
0.601845 0.039195 0.041472 0.011566 0.000675 0.301548 0.003699
0.602103 0.039133 0.041453 0.011601 0.000669 0.301333 0.003708
0.602193 0.039174 0.041420 0.011565 0.000662 0.301268 0.003718
0.602104 0.039224 0.041361 0.011592 0.000656 0.301368 0.003694
0.602302 0.039204 0.041285 0.011596 0.000660 0.301244 0.003709
0.602297 0.039315 0.041214 0.011619 0.000669 0.301185 0.003701
0.601816 0.039364 0.041326 0.011642 0.000671 0.301456 0.003725
0.602314 0.039282 0.041276 0.011619 0.000665 0.301116 0.003728
0.602427 0.039155 0.041306 0.011610 0.000671 0.301124 0.003707
0.602532 0.039170 0.041306 0.011585 0.000671 0.301028 0.003707
0.602484 0.039280 0.041385 0.011529 0.000672 0.300925 0.003726
0.602337 0.039255 0.041373 0.011520 0.000661 0.301139 0.003715
0.602396 0.039206 0.041421 0.011487 0.000665 0.301101 0.003724
0.602284 0.039368 0.041574 0.011556 0.000667 0.300829 0.003722
0.602283 0.039249 0.041556 0.011503 0.000668 0.301019 0.003722
0.602052 0.039279 0.041649 0.011517 0.000671 0.301096 0.003737
0.602549 0.039232 0.041553 0.011529 0.000678 0.300731 0.003728
0.602240 0.039248 0.041598 0.011547 0.000664 0.300981 0.003722
0.602799 0.039128 0.041325 0.011582 0.000663 0.300789 0.003713
0.601998 0.039412 0.041513 0.011640 0.000677 0.301017 0.003743
0.602615 0.039334 0.041335 0.011609 0.000657 0.300704 0.003746
0.602103 0.039395 0.041503 0.011663 0.000652 0.300926 0.003758
0.602463 0.039454 0.041463 0.011691 0.000659 0.300531 0.003739
