0.786902 0.118308 0.029371 0.017133 0.000370 0.047915 0.000000
0.691784 0.294188 0.008065 0.004672 0.000011 0.001280 0.000000
0.413667 0.551134 0.021430 0.012334 0.000014 0.001421 0.000000
0.233429 0.682289 0.050354 0.028793 0.000051 0.005082 0.000001
0.140179 0.708611 0.087754 0.049985 0.000144 0.013326 0.000001
0.069490 0.701836 0.128700 0.073089 0.000294 0.026588 0.000001
0.041218 0.655095 0.165244 0.093750 0.000493 0.044199 0.000002
0.027454 0.606186 0.192594 0.109263 0.000699 0.063798 0.000005
0.019482 0.553857 0.216283 0.122641 0.000959 0.086769 0.000008
0.017323 0.505915 0.233011 0.132124 0.001221 0.110394 0.000012
0.030567 0.459849 0.239913 0.136055 0.001469 0.132132 0.000017
0.025250 0.426146 0.248848 0.141128 0.001711 0.156891 0.000025
0.010792 0.392948 0.260146 0.147559 0.002007 0.186515 0.000032
0.007954 0.356569 0.266519 0.151359 0.002281 0.215277 0.000042
0.007806 0.325581 0.268820 0.152682 0.002553 0.242506 0.000053
0.007905 0.297801 0.269241 0.152804 0.002811 0.269374 0.000063
0.014062 0.272203 0.266113 0.150981 0.003053 0.293514 0.000073
0.014000 0.255279 0.261650 0.148619 0.003264 0.317104 0.000084
0.009449 0.233481 0.260170 0.147890 0.003520 0.345394 0.000097
0.009634 0.215106 0.255625 0.145341 0.003734 0.370449 0.000111
0.010158 0.198657 0.250267 0.142415 0.003930 0.394451 0.000122
0.010896 0.184377 0.244463 0.139174 0.004112 0.416842 0.000136
0.011745 0.171473 0.238158 0.135624 0.004254 0.438593 0.000154
0.012598 0.159951 0.231728 0.131873 0.004364 0.459313 0.000173
0.013376 0.149917 0.225044 0.128006 0.004473 0.478995 0.000188
0.014373 0.140851 0.218216 0.124091 0.004605 0.497660 0.000204
0.015362 0.132889 0.211256 0.120271 0.004713 0.515289 0.000220
0.016345 0.125918 0.204440 0.116343 0.004804 0.531907 0.000244
0.017362 0.119569 0.197878 0.112484 0.004868 0.547573 0.000267
0.018444 0.113985 0.191423 0.108771 0.004944 0.562146 0.000289
0.019604 0.108878 0.185155 0.104987 0.004998 0.576067 0.000311
0.020777 0.104510 0.178776 0.101572 0.005045 0.588992 0.000328
0.021995 0.100627 0.172543 0.098064 0.005046 0.601380 0.000345
0.023203 0.097316 0.166574 0.094747 0.005071 0.612728 0.000360
0.024395 0.094430 0.160916 0.091485 0.005072 0.623316 0.000385
0.025605 0.091933 0.155425 0.088265 0.005073 0.633300 0.000400
0.026908 0.089788 0.150067 0.085151 0.005064 0.642597 0.000426
0.028371 0.087844 0.145077 0.082274 0.005042 0.650941 0.000450
0.029614 0.086116 0.140507 0.079559 0.005022 0.658710 0.000473
0.030933 0.084855 0.135869 0.076974 0.004989 0.665893 0.000488
0.032052 0.083724 0.131638 0.074652 0.004962 0.672464 0.000508
0.033361 0.082750 0.127537 0.072246 0.004958 0.678623 0.000525
0.034730 0.081740 0.123844 0.070097 0.004941 0.684107 0.000541
0.036104 0.081107 0.120092 0.067992 0.004895 0.689250 0.000561
0.037409 0.080637 0.116754 0.066078 0.004857 0.693682 0.000584
0.038681 0.080291 0.113675 0.064251 0.004820 0.697684 0.000599
0.039919 0.080097 0.110539 0.062387 0.004782 0.701655 0.000621
0.041212 0.079850 0.107649 0.060856 0.004711 0.705083 0.000639
0.042381 0.079747 0.104964 0.059377 0.004654 0.708222 0.000654
0.043581 0.079716 0.102436 0.058058 0.004582 0.710955 0.000672
0.044692 0.079680 0.100120 0.056775 0.004524 0.713522 0.000688
0.045753 0.079729 0.098184 0.055639 0.004451 0.715540 0.000705
0.046802 0.079829 0.096169 0.054586 0.004386 0.717506 0.000722
0.047779 0.079950 0.094212 0.053516 0.004332 0.719474 0.000738
0.048805 0.080071 0.092606 0.052539 0.004275 0.720947 0.000757
0.049863 0.080374 0.091051 0.051709 0.004199 0.722029 0.000774
0.050773 0.080739 0.089419 0.050946 0.004149 0.723184 0.000789
0.051638 0.081163 0.088065 0.050224 0.004092 0.724015 0.000802
0.052455 0.081461 0.086937 0.049494 0.004047 0.724792 0.000814
0.053194 0.081803 0.085968 0.048855 0.003997 0.725349 0.000834
0.054019 0.082053 0.084962 0.048262 0.003973 0.725874 0.000857
0.054782 0.082490 0.083993 0.047742 0.003917 0.726206 0.000870
0.055424 0.083014 0.083249 0.047258 0.003863 0.726303 0.000890
0.055894 0.083369 0.082485 0.046823 0.003801 0.726725 0.000904
0.056694 0.083531 0.081877 0.046502 0.003730 0.726744 0.000923
0.057310 0.083878 0.081235 0.046172 0.003700 0.726762 0.000944
0.057887 0.084294 0.080763 0.045834 0.003634 0.726629 0.000959
0.058485 0.084417 0.080260 0.045550 0.003600 0.726706 0.000981
0.059071 0.084755 0.079865 0.045298 0.003571 0.726446 0.000994
0.059447 0.085128 0.079510 0.045094 0.003539 0.726280 0.001002
0.059939 0.085466 0.079132 0.044863 0.003487 0.726089 0.001023
0.060399 0.085682 0.078792 0.044621 0.003447 0.726023 0.001036
0.060758 0.086039 0.078540 0.044453 0.003395 0.725766 0.001049
0.061228 0.086318 0.078302 0.044220 0.003376 0.725496 0.001060
0.061759 0.086302 0.078204 0.044099 0.003327 0.725237 0.001073
0.062138 0.086426 0.077940 0.044040 0.003303 0.725073 0.001080
0.062599 0.086654 0.077664 0.043904 0.003286 0.724794 0.001099
0.062968 0.086910 0.077528 0.043725 0.003266 0.724489 0.001114
0.063372 0.087038 0.077438 0.043726 0.003239 0.724056 0.001131
0.063785 0.087086 0.077394 0.043712 0.003207 0.723674 0.001142
0.064166 0.087322 0.077222 0.043655 0.003187 0.723290 0.001157
0.064372 0.087433 0.077160 0.043633 0.003162 0.723069 0.001172
0.064765 0.087634 0.077095 0.043660 0.003146 0.722518 0.001183
0.065044 0.087921 0.077024 0.043661 0.003116 0.722042 0.001193
0.065183 0.088246 0.076898 0.043710 0.003071 0.721690 0.001203
0.065575 0.088480 0.076749 0.043660 0.003044 0.721278 0.001215
0.065616 0.088901 0.076662 0.043573 0.003018 0.721008 0.001223
0.065781 0.089113 0.076770 0.043628 0.002987 0.720487 0.001234
0.065855 0.089250 0.076911 0.043630 0.002966 0.720142 0.001247
0.066042 0.089315 0.077000 0.043649 0.002949 0.719784 0.001262
0.066285 0.089376 0.077119 0.043626 0.002937 0.719373 0.001286
0.066430 0.089780 0.077010 0.043630 0.002916 0.718939 0.001295
0.066509 0.090005 0.077010 0.043691 0.002896 0.718586 0.001304
0.066793 0.090039 0.077039 0.043713 0.002880 0.718218 0.001318
0.066724 0.090108 0.077228 0.043820 0.002855 0.717938 0.001328
0.066857 0.090129 0.077285 0.043810 0.002840 0.717743 0.001336
0.066985 0.090026 0.077494 0.043893 0.002833 0.717421 0.001347
0.067019 0.090124 0.077668 0.043978 0.002820 0.717037 0.001355
0.067163 0.090066 0.077734 0.044106 0.002813 0.716747 0.001371
0.067317 0.090059 0.077728 0.044177 0.002797 0.716539 0.001384
0.067305 0.090232 0.077817 0.044170 0.002801 0.716282 0.001393
0.067373 0.090289 0.077825 0.044269 0.002780 0.716056 0.001408
0.067327 0.090393 0.077954 0.044327 0.002751 0.715824 0.001425
0.067552 0.090399 0.078013 0.044331 0.002736 0.715527 0.001441
0.067700 0.090550 0.077882 0.044258 0.002746 0.715411 0.001452
0.067617 0.090747 0.078050 0.044247 0.002748 0.715128 0.001463
0.067709 0.090830 0.078106 0.044354 0.002720 0.714816 0.001465
0.067723 0.090842 0.078193 0.044463 0.002702 0.714609 0.001469
0.067598 0.090944 0.078211 0.044465 0.002695 0.714605 0.001481
0.067570 0.090962 0.078372 0.044446 0.002693 0.714464 0.001493
0.067745 0.090940 0.078444 0.044352 0.002694 0.714323 0.001502
0.067969 0.090918 0.078494 0.044360 0.002681 0.714060 0.001518
0.068054 0.090974 0.078406 0.044342 0.002666 0.714032 0.001525
0.068115 0.090982 0.078442 0.044338 0.002683 0.713903 0.001538
0.068031 0.090998 0.078598 0.044375 0.002691 0.713766 0.001541
0.068141 0.091033 0.078585 0.044393 0.002699 0.713598 0.001550
0.068231 0.091182 0.078583 0.044364 0.002697 0.713382 0.001561
0.068244 0.091209 0.078591 0.044544 0.002678 0.713171 0.001561
0.068112 0.091304 0.078653 0.044467 0.002665 0.713228 0.001571
0.068008 0.091553 0.078699 0.044477 0.002673 0.713010 0.001580
0.067990 0.091658 0.078642 0.044531 0.002677 0.712913 0.001588
0.068054 0.091647 0.078643 0.044582 0.002695 0.712772 0.001608
0.068100 0.091781 0.078681 0.044578 0.002682 0.712559 0.001619
0.068114 0.091871 0.078768 0.044698 0.002674 0.712252 0.001624
0.068109 0.091932 0.078812 0.044757 0.002664 0.712079 0.001648
0.067884 0.092086 0.078863 0.044836 0.002681 0.712005 0.001645
0.067847 0.091983 0.078980 0.044866 0.002673 0.711992 0.001659
0.067827 0.092026 0.079010 0.044844 0.002672 0.711951 0.001669
0.067876 0.091927 0.078999 0.044855 0.002664 0.711996 0.001684
0.067977 0.091727 0.078952 0.044815 0.002667 0.712169 0.001692
0.067907 0.091715 0.078995 0.044885 0.002656 0.712142 0.001700
0.067855 0.091640 0.079078 0.045000 0.002654 0.712071 0.001702
0.067872 0.091529 0.078930 0.045083 0.002648 0.712227 0.001710
0.067945 0.091424 0.079003 0.045104 0.002623 0.712165 0.001736
0.068097 0.091324 0.078981 0.045093 0.002638 0.712119 0.001747
0.068188 0.091315 0.079039 0.045095 0.002663 0.711945 0.001754
0.068375 0.091310 0.078990 0.045121 0.002687 0.711753 0.001763
0.068345 0.091415 0.079040 0.045082 0.002686 0.711660 0.001771
0.068484 0.091496 0.079023 0.045026 0.002691 0.711496 0.001784
0.068335 0.091580 0.079249 0.045095 0.002698 0.711251 0.001792
0.068279 0.091667 0.079219 0.045088 0.002703 0.711252 0.001792
0.068294 0.091557 0.079279 0.045073 0.002680 0.711307 0.001810
0.068336 0.091489 0.079225 0.045111 0.002678 0.711344 0.001817
0.068319 0.091555 0.079123 0.045104 0.002678 0.711396 0.001825
0.068489 0.091561 0.079206 0.045078 0.002687 0.711149 0.001831
0.068523 0.091587 0.079221 0.045103 0.002681 0.711038 0.001847
0.068462 0.091383 0.079282 0.045218 0.002697 0.711097 0.001859
0.068366 0.091275 0.079338 0.045240 0.002711 0.711201 0.001869
0.068493 0.091287 0.079410 0.045249 0.002722 0.710962 0.001876
0.068491 0.091354 0.079435 0.045100 0.002720 0.710997 0.001903
0.068369 0.091332 0.079589 0.045031 0.002713 0.711061 0.001904
0.068468 0.091232 0.079555 0.044906 0.002737 0.711185 0.001916
0.068516 0.091176 0.079656 0.044889 0.002734 0.711104 0.001925
0.068432 0.091186 0.079530 0.044885 0.002747 0.711280 0.001941
0.068543 0.091136 0.079489 0.044927 0.002724 0.711234 0.001947
0.068627 0.091115 0.079505 0.044910 0.002713 0.711167 0.001962
0.068833 0.091030 0.079539 0.044931 0.002703 0.710997 0.001967
0.068944 0.091018 0.079447 0.045001 0.002694 0.710907 0.001989
0.069119 0.090994 0.079251 0.044995 0.002670 0.710979 0.001991
0.069199 0.091021 0.079315 0.044993 0.002656 0.710803 0.002013
0.069199 0.091083 0.079445 0.044864 0.002640 0.710742 0.002027
0.069127 0.091146 0.079378 0.044970 0.002638 0.710707 0.002034
0.069046 0.091066 0.079537 0.044946 0.002630 0.710725 0.002050
0.068972 0.091139 0.079623 0.044930 0.002630 0.710653 0.002054
0.069090 0.091087 0.079497 0.044923 0.002630 0.710699 0.002074
0.069146 0.091217 0.079592 0.044832 0.002607 0.710526 0.002080
0.069003 0.091341 0.079749 0.044817 0.002602 0.710387 0.002101
0.068950 0.091415 0.079765 0.044804 0.002619 0.710336 0.002111
0.068841 0.091470 0.079654 0.044790 0.002634 0.710485 0.002125
0.068810 0.091576 0.079588 0.044762 0.002645 0.710489 0.002130
0.068855 0.091432 0.079633 0.044722 0.002635 0.710576 0.002148
0.068977 0.091373 0.079517 0.044781 0.002628 0.710571 0.002152
0.069011 0.091322 0.079485 0.044778 0.002610 0.710637 0.002157
0.068991 0.091332 0.079588 0.044784 0.002601 0.710541 0.002164
0.069048 0.091246 0.079561 0.044743 0.002599 0.710621 0.002183
0.069172 0.091369 0.079468 0.044757 0.002594 0.710447 0.002193
0.069251 0.091365 0.079342 0.044869 0.002594 0.710372 0.002207
0.069101 0.091564 0.079230 0.044857 0.002595 0.710440 0.002214
0.069042 0.091681 0.079208 0.044825 0.002618 0.710395 0.002231
0.069012 0.091622 0.079139 0.044862 0.002624 0.710508 0.002232
0.069067 0.091691 0.079149 0.044838 0.002620 0.710384 0.002252
0.068930 0.091773 0.079241 0.044769 0.002626 0.710406 0.002255
0.069056 0.091690 0.079298 0.044830 0.002614 0.710242 0.002271
0.068991 0.091773 0.079203 0.044853 0.002617 0.710289 0.002274
0.068931 0.091519 0.079225 0.044899 0.002606 0.710528 0.002290
0.068887 0.091484 0.079304 0.044900 0.002594 0.710531 0.002299
0.069062 0.091300 0.079447 0.044835 0.002595 0.710455 0.002306
0.069052 0.091166 0.079529 0.044816 0.002588 0.710535 0.002314
0.069067 0.091076 0.079644 0.044833 0.002585 0.710468 0.002326
0.069190 0.090957 0.079601 0.044836 0.002569 0.710508 0.002339
0.069345 0.090743 0.079626 0.044877 0.002581 0.710475 0.002353
0.069349 0.090795 0.079485 0.044940 0.002586 0.710485 0.002361
0.069441 0.090883 0.079269 0.044877 0.002587 0.710573 0.002370
0.069331 0.091076 0.079158 0.044847 0.002590 0.710622 0.002376
0.069500 0.091214 0.079034 0.044858 0.002590 0.710424 0.002379
0.069365 0.091296 0.079164 0.044914 0.002586 0.710273 0.002402
0.069321 0.091244 0.079243 0.044980 0.002578 0.710219 0.002415
0.069507 0.091135 0.079270 0.044991 0.002564 0.710121 0.002413
0.069486 0.091241 0.079159 0.045042 0.002572 0.710071 0.002429
0.069446 0.091169 0.079251 0.045060 0.002570 0.710069 0.002434
0.069360 0.091209 0.079170 0.044990 0.002587 0.710241 0.002444
0.069301 0.091434 0.079090 0.044915 0.002599 0.710202 0.002459
0.069131 0.091485 0.079166 0.044874 0.002597 0.710285 0.002463
0.069206 0.091299 0.079305 0.044891 0.002602 0.710221 0.002477
0.069324 0.091167 0.079477 0.044897 0.002595 0.710042 0.002497
0.069387 0.091029 0.079573 0.044955 0.002594 0.709960 0.002501
0.069402 0.090980 0.079637 0.044928 0.002579 0.709966 0.002508
0.069289 0.090885 0.079659 0.045080 0.002563 0.709997 0.002527
0.069267 0.090851 0.079611 0.045192 0.002561 0.709986 0.002532
0.069296 0.090938 0.079511 0.045164 0.002574 0.709966 0.002551
0.069296 0.090895 0.079569 0.045185 0.002573 0.709923 0.002559
0.069464 0.090842 0.079586 0.045143 0.002575 0.709818 0.002571
0.069470 0.090770 0.079525 0.045118 0.002566 0.709971 0.002580
0.069548 0.090717 0.079551 0.045026 0.002567 0.710002 0.002590
0.069583 0.090830 0.079503 0.045006 0.002575 0.709910 0.002593
0.069446 0.091002 0.079469 0.044974 0.002563 0.709944 0.002604
0.069463 0.090967 0.079452 0.045006 0.002567 0.709933 0.002612
0.069290 0.090929 0.079530 0.044962 0.002584 0.710081 0.002624
0.069442 0.090825 0.079507 0.044981 0.002572 0.710042 0.002631
0.069274 0.090843 0.079555 0.045084 0.002573 0.710021 0.002652
0.069452 0.090706 0.079524 0.045089 0.002570 0.710001 0.002658
0.069583 0.090746 0.079487 0.045132 0.002584 0.709813 0.002655
0.069625 0.090789 0.079403 0.045113 0.002597 0.709802 0.002671
0.069703 0.090878 0.079375 0.045154 0.002599 0.709603 0.002687
0.069700 0.090873 0.079450 0.045069 0.002590 0.709606 0.002712
0.069665 0.091155 0.079203 0.045031 0.002590 0.709635 0.002721
0.069645 0.091073 0.079314 0.045024 0.002597 0.709635 0.002712
0.069581 0.091159 0.079312 0.045003 0.002599 0.709612 0.002734
0.069547 0.091158 0.079322 0.045050 0.002607 0.709566 0.002750
0.069772 0.090958 0.079171 0.045092 0.002597 0.709647 0.002763
0.069748 0.091163 0.079173 0.045043 0.002608 0.709490 0.002776
0.069784 0.091086 0.079195 0.045016 0.002607 0.709523 0.002788
0.069743 0.091076 0.079189 0.045032 0.002608 0.709550 0.002802
0.069745 0.091154 0.079297 0.045007 0.002606 0.709394 0.002797
0.069673 0.091031 0.079471 0.045041 0.002609 0.709359 0.002816
0.069580 0.091023 0.079517 0.044996 0.002609 0.709440 0.002835
0.069554 0.091033 0.079447 0.045045 0.002591 0.709494 0.002837
0.069461 0.091104 0.079437 0.045111 0.002581 0.709454 0.002852
0.069251 0.091484 0.079505 0.045017 0.002596 0.709290 0.002859
0.069256 0.091563 0.079458 0.045073 0.002589 0.709196 0.002867
0.069187 0.091442 0.079480 0.045198 0.002585 0.709242 0.002866
0.069298 0.091462 0.079435 0.045216 0.002602 0.709109 0.002878
0.069252 0.091477 0.079433 0.045135 0.002625 0.709185 0.002894
0.069176 0.091632 0.079490 0.045061 0.002620 0.709127 0.002893
0.069170 0.091636 0.079454 0.045007 0.002615 0.709211 0.002907
0.069196 0.091599 0.079504 0.044977 0.002611 0.709195 0.002919
0.069169 0.091672 0.079541 0.044979 0.002623 0.709087 0.002930
0.069116 0.091646 0.079602 0.045019 0.002638 0.709049 0.002931
0.069014 0.091691 0.079640 0.044994 0.002649 0.709052 0.002960
0.068907 0.091726 0.079513 0.045009 0.002629 0.709252 0.002965
0.069109 0.091575 0.079384 0.044990 0.002632 0.709336 0.002975
0.069148 0.091460 0.079580 0.044983 0.002632 0.709215 0.002982
0.069084 0.091460 0.079694 0.045061 0.002652 0.709057 0.002992
0.069092 0.091371 0.079637 0.045091 0.002651 0.709156 0.003001
0.069162 0.091412 0.079470 0.044995 0.002634 0.709327 0.003001
0.069297 0.091329 0.079334 0.044999 0.002638 0.709379 0.003025
0.069261 0.091342 0.079429 0.045001 0.002647 0.709296 0.003022
0.069333 0.091307 0.079573 0.044947 0.002647 0.709146 0.003047
0.069362 0.091249 0.079731 0.044949 0.002630 0.709038 0.003040
0.069279 0.091190 0.079823 0.044940 0.002632 0.709084 0.003053
0.069229 0.091192 0.079782 0.044975 0.002619 0.709149 0.003055
0.069266 0.091196 0.079696 0.044952 0.002623 0.709206 0.003061
0.069300 0.091118 0.079735 0.044985 0.002611 0.709169 0.003081
0.069228 0.091158 0.079796 0.045021 0.002590 0.709123 0.003085
0.069233 0.091097 0.079739 0.045064 0.002591 0.709181 0.003095
0.069212 0.090965 0.079862 0.044996 0.002578 0.709281 0.003106
0.069331 0.091024 0.079786 0.044934 0.002572 0.709234 0.003120
0.069372 0.091008 0.079640 0.044860 0.002551 0.709438 0.003132
0.069216 0.091118 0.079609 0.044966 0.002547 0.709395 0.003148
0.069258 0.091084 0.079565 0.044951 0.002543 0.709441 0.003157
0.069302 0.091104 0.079591 0.044884 0.002545 0.709402 0.003172
0.069419 0.090945 0.079590 0.045008 0.002563 0.709295 0.003181
0.069500 0.090907 0.079605 0.044961 0.002559 0.709281 0.003187
0.069555 0.090758 0.079680 0.045092 0.002558 0.709155 0.003202
0.069553 0.090778 0.079626 0.045174 0.002586 0.709071 0.003213
0.069526 0.090688 0.079573 0.045114 0.002594 0.709284 0.003221
0.069615 0.090761 0.079419 0.044981 0.002597 0.709396 0.003230
0.069637 0.090885 0.079305 0.045002 0.002609 0.709311 0.003251
0.069677 0.090977 0.079238 0.044913 0.002616 0.709328 0.003252
0.069652 0.091060 0.079172 0.044913 0.002618 0.709324 0.003261
0.069698 0.091075 0.079168 0.044903 0.002611 0.709264 0.003281
0.069615 0.091093 0.079128 0.044890 0.002594 0.709405 0.003275
0.069572 0.091075 0.079233 0.044916 0.002597 0.709328 0.003279
0.069528 0.091083 0.079234 0.044913 0.002586 0.709346 0.003310
0.069454 0.091158 0.079309 0.044949 0.002605 0.709215 0.003310
0.069360 0.091284 0.079429 0.044987 0.002617 0.709001 0.003323
0.069241 0.091341 0.079426 0.044939 0.002609 0.709111 0.003334
0.069174 0.091469 0.079399 0.044881 0.002608 0.709134 0.003337
0.069209 0.091445 0.079409 0.044776 0.002595 0.709211 0.003355
0.069106 0.091515 0.079394 0.044703 0.002579 0.709346 0.003358
0.069198 0.091531 0.079313 0.044707 0.002588 0.709291 0.003371
0.069129 0.091471 0.079189 0.044764 0.002593 0.709472 0.003380
0.069241 0.091364 0.079083 0.044855 0.002585 0.709490 0.003382
0.069401 0.091326 0.078994 0.044917 0.002578 0.709388 0.003395
0.069543 0.091240 0.078964 0.045043 0.002575 0.709226 0.003408
0.069532 0.091182 0.078982 0.045078 0.002572 0.709238 0.003416
0.069502 0.091116 0.079030 0.045131 0.002562 0.709232 0.003427
0.069525 0.091106 0.079073 0.045070 0.002554 0.709238 0.003434
0.069554 0.091073 0.078963 0.044975 0.002567 0.709426 0.003443
0.069478 0.091137 0.079007 0.044987 0.002554 0.709384 0.003453
0.069469 0.091156 0.078999 0.044925 0.002557 0.709437 0.003457
0.069584 0.091229 0.078814 0.044912 0.002565 0.709418 0.003479
0.069534 0.091327 0.078811 0.044915 0.002578 0.709345 0.003489
0.069565 0.091146 0.078941 0.044796 0.002587 0.709477 0.003488
0.069580 0.090996 0.079150 0.044773 0.002612 0.709382 0.003508
0.069703 0.090999 0.079209 0.044711 0.002625 0.709243 0.003511
0.069629 0.091002 0.079118 0.044786 0.002608 0.709344 0.003513
0.069855 0.090876 0.079061 0.044837 0.002618 0.709233 0.003522
0.069915 0.090845 0.078987 0.044819 0.002614 0.709279 0.003541
0.069927 0.090929 0.079119 0.044706 0.002626 0.709146 0.003548
0.069883 0.090988 0.079077 0.044720 0.002607 0.709163 0.003562
0.069835 0.091089 0.079075 0.044626 0.002616 0.709190 0.003568
0.069874 0.091072 0.079146 0.044660 0.002608 0.709063 0.003577
0.069761 0.091057 0.079324 0.044650 0.002599 0.709020 0.003588
0.069679 0.090980 0.079378 0.044686 0.002593 0.709089 0.003595
0.069676 0.091071 0.079411 0.044671 0.002634 0.708926 0.003612
0.069680 0.091030 0.079307 0.044717 0.002636 0.709016 0.003615
0.069770 0.091088 0.079026 0.044740 0.002636 0.709115 0.003625
0.069787 0.091012 0.079031 0.044783 0.002635 0.709115 0.003638
0.069724 0.090953 0.079104 0.044802 0.002649 0.709130 0.003639
0.069854 0.090781 0.079162 0.044816 0.002627 0.709094 0.003666
0.069862 0.090791 0.079156 0.044851 0.002635 0.709025 0.003679
0.069762 0.090850 0.079188 0.044796 0.002635 0.709097 0.003673
0.069691 0.090825 0.079110 0.044801 0.002633 0.709249 0.003690
0.069681 0.090792 0.079175 0.044851 0.002618 0.709185 0.003698
0.069687 0.090814 0.079112 0.044672 0.002625 0.709383 0.003708
0.069738 0.090831 0.079244 0.044691 0.002639 0.709139 0.003718
0.069718 0.090831 0.079210 0.044687 0.002638 0.709181 0.003733
0.069656 0.090749 0.079258 0.044773 0.002615 0.709204 0.003744
0.069655 0.090719 0.079209 0.044712 0.002602 0.709350 0.003754
0.069508 0.090935 0.079149 0.044647 0.002601 0.709396 0.003764
0.069532 0.090805 0.079064 0.044802 0.002579 0.709452 0.003766
0.069463 0.091025 0.078909 0.044821 0.002576 0.709421 0.003784
0.069359 0.091089 0.078969 0.044878 0.002575 0.709346 0.003784
0.069245 0.091073 0.079060 0.044882 0.002581 0.709360 0.003799
0.069350 0.091057 0.078989 0.044885 0.002580 0.709327 0.003813
0.069476 0.091030 0.078966 0.044949 0.002574 0.709181 0.003825
0.069524 0.091027 0.079058 0.044971 0.002552 0.709033 0.003834
0.069283 0.091238 0.078999 0.044954 0.002547 0.709136 0.003842
0.069291 0.091264 0.078893 0.045062 0.002557 0.709089 0.003845
0.069207 0.091235 0.079121 0.045065 0.002545 0.708969 0.003859
0.069194 0.091182 0.079167 0.045038 0.002543 0.709022 0.003853
0.069119 0.091271 0.079084 0.044973 0.002545 0.709132 0.003876
0.069286 0.091233 0.079178 0.044899 0.002522 0.709001 0.003882
0.069212 0.091254 0.079227 0.044910 0.002529 0.708977 0.003891
0.069026 0.091290 0.079281 0.044890 0.002536 0.709072 0.003905
0.069074 0.091217 0.079370 0.044811 0.002530 0.709098 0.003900
0.069020 0.091299 0.079236 0.044814 0.002527 0.709194 0.003911
0.069063 0.091347 0.079127 0.044806 0.002517 0.709209 0.003932
0.069048 0.091416 0.079052 0.044856 0.002512 0.709171 0.003945
0.069066 0.091399 0.078919 0.044898 0.002510 0.709266 0.003941
0.068994 0.091477 0.078906 0.044979 0.002504 0.709174 0.003965
0.069039 0.091427 0.079033 0.044864 0.002495 0.709168 0.003974
0.069044 0.091411 0.078992 0.044815 0.002502 0.709260 0.003976
0.069205 0.091472 0.079012 0.044837 0.002493 0.708993 0.003987
0.069173 0.091658 0.079041 0.044747 0.002490 0.708881 0.004010
0.069230 0.091690 0.079287 0.044765 0.002503 0.708515 0.004009
0.068919 0.091702 0.079420 0.044757 0.002505 0.708675 0.004022
0.068869 0.091730 0.079475 0.044831 0.002523 0.708554 0.004019
0.068875 0.091638 0.079566 0.044765 0.002519 0.708602 0.004037
0.068967 0.091518 0.079582 0.044822 0.002522 0.708547 0.004042
0.069014 0.091373 0.079532 0.044860 0.002515 0.708651 0.004055
0.069056 0.091336 0.079557 0.044907 0.002500 0.708581 0.004064
0.069007 0.091368 0.079586 0.044891 0.002499 0.708578 0.004071
0.069132 0.091269 0.079454 0.045012 0.002482 0.708566 0.004084
0.069063 0.091255 0.079480 0.044985 0.002505 0.708630 0.004082
0.069056 0.091249 0.079512 0.045007 0.002517 0.708559 0.004100
0.069096 0.091208 0.079485 0.045020 0.002511 0.708569 0.004110
0.069141 0.091193 0.079382 0.045033 0.002473 0.708658 0.004119
0.069236 0.091183 0.079320 0.045005 0.002490 0.708626 0.004141
0.069259 0.091273 0.079154 0.044908 0.002492 0.708788 0.004125
0.069274 0.091043 0.079278 0.044924 0.002488 0.708838 0.004155
0.069244 0.091121 0.079307 0.044924 0.002493 0.708745 0.004166
0.069135 0.091184 0.079295 0.044914 0.002516 0.708778 0.004178
0.069190 0.091188 0.079259 0.044940 0.002513 0.708732 0.004179
0.069159 0.091297 0.079352 0.044835 0.002534 0.708630 0.004193
0.069188 0.091338 0.079466 0.044720 0.002550 0.708539 0.004199
0.069144 0.091253 0.079455 0.044757 0.002576 0.708604 0.004211
0.069184 0.091287 0.079382 0.044810 0.002570 0.708546 0.004220
0.069274 0.091359 0.079373 0.044787 0.002585 0.708388 0.004234
0.069094 0.091597 0.079386 0.044810 0.002590 0.708284 0.004239
0.069025 0.091608 0.079217 0.044805 0.002566 0.708525 0.004253
0.068994 0.091372 0.079223 0.044813 0.002566 0.708777 0.004255
0.068931 0.091353 0.079034 0.044818 0.002570 0.709019 0.004274
0.068957 0.091276 0.079064 0.044874 0.002580 0.708966 0.004282
0.069059 0.091060 0.079119 0.044867 0.002581 0.709036 0.004278
0.069085 0.090993 0.079107 0.044917 0.002576 0.709022 0.004300
0.069300 0.090887 0.079265 0.044894 0.002584 0.708754 0.004317
0.069225 0.090828 0.079233 0.044901 0.002611 0.708889 0.004314
0.069203 0.090784 0.079177 0.044906 0.002618 0.708986 0.004326
0.069455 0.090605 0.079245 0.045035 0.002617 0.708686 0.004358
0.069481 0.090643 0.079242 0.045024 0.002613 0.708646 0.004351
0.069518 0.090608 0.079213 0.044999 0.002599 0.708693 0.004370
0.069433 0.090611 0.079256 0.045003 0.002594 0.708727 0.004375
0.069569 0.090513 0.079380 0.045013 0.002578 0.708555 0.004391
0.069623 0.090435 0.079378 0.045029 0.002590 0.708553 0.004391
0.069638 0.090620 0.079372 0.044887 0.002595 0.708490 0.004398
0.069740 0.090725 0.079375 0.044932 0.002592 0.708222 0.004413
0.069620 0.090880 0.079353 0.044829 0.002589 0.708316 0.004413
0.069474 0.091059 0.079401 0.044787 0.002587 0.708267 0.004424
0.069431 0.090974 0.079361 0.044892 0.002572 0.708323 0.004446
0.069397 0.090963 0.079375 0.044979 0.002574 0.708243 0.004469
0.069412 0.090951 0.079408 0.044934 0.002568 0.708263 0.004463
0.069362 0.091056 0.079484 0.044928 0.002576 0.708114 0.004480
0.069223 0.091248 0.079429 0.044903 0.002575 0.708136 0.004486
0.069136 0.091209 0.079421 0.044926 0.002575 0.708234 0.004498
0.069074 0.091317 0.079351 0.044914 0.002570 0.708250 0.004523
0.069085 0.091183 0.079441 0.044897 0.002580 0.708294 0.004519
0.069044 0.091034 0.079493 0.044982 0.002586 0.708330 0.004530
0.069110 0.090897 0.079561 0.045009 0.002578 0.708290 0.004556
0.069108 0.090843 0.079692 0.044965 0.002564 0.708266 0.004563
0.069054 0.090768 0.079608 0.045045 0.002549 0.708419 0.004556
0.069127 0.090644 0.079538 0.045162 0.002554 0.708401 0.004573
0.069248 0.090607 0.079484 0.045180 0.002561 0.708342 0.004577
0.069324 0.090702 0.079514 0.045025 0.002551 0.708276 0.004607
0.069150 0.090708 0.079407 0.045088 0.002554 0.708487 0.004606
0.069112 0.090658 0.079367 0.044986 0.002544 0.708723 0.004610
0.069194 0.090544 0.079406 0.044883 0.002550 0.708800 0.004623
0.069281 0.090616 0.079410 0.044885 0.002554 0.708626 0.004628
0.069362 0.090670 0.079473 0.044850 0.002549 0.708451 0.004645
0.069393 0.090555 0.079478 0.044935 0.002550 0.708440 0.004648
0.069593 0.090414 0.079436 0.044863 0.002555 0.708468 0.004671
0.069539 0.090556 0.079332 0.044936 0.002544 0.708400 0.004693
0.069620 0.090588 0.079199 0.044939 0.002535 0.708431 0.004689
0.069701 0.090672 0.079160 0.044912 0.002557 0.708300 0.004697
0.069618 0.090822 0.079117 0.044872 0.002554 0.708310 0.004706
0.069568 0.090883 0.079082 0.044928 0.002533 0.708284 0.004721
0.069509 0.091018 0.079143 0.044853 0.002535 0.708216 0.004726
0.069536 0.091009 0.079214 0.044859 0.002542 0.708112 0.004728
0.069555 0.090945 0.079276 0.044865 0.002534 0.708085 0.004740
0.069572 0.090816 0.079347 0.044898 0.002544 0.708077 0.004747
0.069628 0.090920 0.079290 0.044874 0.002526 0.708001 0.004761
0.069619 0.091165 0.079165 0.044870 0.002518 0.707887 0.004776
0.069412 0.091313 0.079132 0.044843 0.002524 0.707984 0.004791
0.069245 0.091404 0.079187 0.044826 0.002515 0.708024 0.004801
0.069182 0.091278 0.079312 0.044860 0.002518 0.708035 0.004815
0.069195 0.091155 0.079306 0.044958 0.002527 0.708037 0.004822
0.069212 0.091088 0.079389 0.045032 0.002526 0.707914 0.004839
0.069206 0.090874 0.079402 0.045165 0.002547 0.707959 0.004847
0.069102 0.090899 0.079387 0.045140 0.002562 0.708070 0.004839
0.069148 0.090902 0.079261 0.045162 0.002553 0.708109 0.004866
0.069083 0.090912 0.079168 0.045138 0.002559 0.708259 0.004880
0.069085 0.091026 0.079268 0.045181 0.002541 0.708011 0.004887
0.069118 0.090928 0.079197 0.045129 0.002526 0.708202 0.004900
0.069174 0.090857 0.079226 0.045088 0.002552 0.708199 0.004904
0.069243 0.090898 0.079265 0.045046 0.002548 0.708099 0.004901
0.069176 0.090912 0.079290 0.045091 0.002546 0.708061 0.004924
0.069142 0.090869 0.079310 0.045170 0.002546 0.708032 0.004932
0.069232 0.090842 0.079215 0.045134 0.002550 0.708081 0.004946
0.069283 0.090759 0.079219 0.045113 0.002534 0.708137 0.004955
0.069161 0.090719 0.079271 0.045152 0.002533 0.708198 0.004967
0.069286 0.090582 0.079195 0.045142 0.002541 0.708284 0.004970
0.069396 0.090624 0.079125 0.045230 0.002535 0.708105 0.004985
0.069355 0.090778 0.079045 0.045116 0.002554 0.708157 0.004994
0.069286 0.090821 0.079164 0.045192 0.002553 0.707990 0.004995
0.069239 0.090905 0.079369 0.045153 0.002533 0.707796 0.005005
0.069204 0.090952 0.079397 0.045140 0.002536 0.707754 0.005018
0.069244 0.090971 0.079375 0.045065 0.002542 0.707761 0.005042
0.069279 0.090984 0.079347 0.044984 0.002568 0.707789 0.005049
0.069156 0.091021 0.079327 0.044969 0.002574 0.707889 0.005064
0.069056 0.091085 0.079396 0.044942 0.002567 0.707877 0.005077
0.069221 0.090967 0.079452 0.044987 0.002558 0.707744 0.005073
0.069429 0.090706 0.079444 0.044974 0.002543 0.707808 0.005096
0.069327 0.090734 0.079320 0.045016 0.002552 0.707952 0.005100
0.069258 0.090818 0.079266 0.045103 0.002553 0.707888 0.005115
0.069286 0.090718 0.079231 0.045112 0.002538 0.708001 0.005115
0.069289 0.090745 0.079193 0.045123 0.002539 0.707980 0.005132
0.069446 0.090569 0.079136 0.045095 0.002536 0.708072 0.005147
0.069508 0.090497 0.079143 0.045110 0.002534 0.708066 0.005142
0.069512 0.090570 0.079025 0.045076 0.002528 0.708136 0.005153
0.069407 0.090408 0.079175 0.045096 0.002518 0.708214 0.005182
0.069473 0.090467 0.079147 0.045106 0.002540 0.708070 0.005198
0.069446 0.090549 0.079142 0.045075 0.002548 0.708041 0.005199
0.069597 0.090528 0.078971 0.045040 0.002557 0.708090 0.005217
0.069505 0.090681 0.078857 0.044942 0.002569 0.708218 0.005227
0.069563 0.090763 0.078779 0.045001 0.002550 0.708103 0.005241
0.069602 0.090857 0.078801 0.044897 0.002530 0.708073 0.005241
0.069606 0.090870 0.078842 0.044824 0.002527 0.708073 0.005258
0.069583 0.090996 0.078895 0.044759 0.002509 0.707998 0.005261
0.069542 0.091050 0.078858 0.044759 0.002511 0.707999 0.005281
0.069580 0.091080 0.078932 0.044776 0.002526 0.707823 0.005283
0.069578 0.091150 0.079017 0.044733 0.002511 0.707725 0.005286
0.069525 0.091099 0.079067 0.044743 0.002509 0.707755 0.005302
0.069292 0.091292 0.079099 0.044720 0.002524 0.707748 0.005326
0.069277 0.091234 0.079072 0.044797 0.002519 0.707776 0.005325
0.069183 0.091027 0.079141 0.044904 0.002525 0.707896 0.005325
0.069212 0.091078 0.079131 0.044905 0.002513 0.707825 0.005335
0.069298 0.091060 0.079238 0.044849 0.002504 0.707696 0.005354
0.069257 0.091041 0.079268 0.045027 0.002494 0.707536 0.005376
0.069365 0.090875 0.079360 0.045067 0.002511 0.707450 0.005372
0.069386 0.091060 0.079265 0.045052 0.002513 0.707338 0.005386
0.069341 0.091209 0.079319 0.045046 0.002521 0.707172 0.005392
0.069291 0.091100 0.079425 0.045064 0.002517 0.707194 0.005408
0.069423 0.091119 0.079294 0.044969 0.002518 0.707258 0.005420
0.069461 0.091141 0.079265 0.045062 0.002523 0.707132 0.005416
0.069246 0.091249 0.079215 0.045038 0.002516 0.707299 0.005437
0.069290 0.091109 0.079162 0.044988 0.002534 0.707478 0.005440
0.069238 0.091021 0.079202 0.044873 0.002541 0.707686 0.005439
0.069258 0.090882 0.079244 0.044831 0.002531 0.707795 0.005459
0.069303 0.090814 0.079354 0.044766 0.002528 0.707763 0.005472
0.069293 0.090820 0.079329 0.044768 0.002544 0.707767 0.005479
0.069265 0.090838 0.079327 0.044750 0.002522 0.707821 0.005477
0.069433 0.090632 0.079388 0.044760 0.002523 0.707768 0.005497
0.069612 0.090393 0.079352 0.044811 0.002527 0.707816 0.005490
0.069632 0.090348 0.079275 0.044805 0.002531 0.707905 0.005505
0.069610 0.090373 0.079326 0.044721 0.002525 0.707926 0.005519
0.069661 0.090403 0.079316 0.044697 0.002540 0.707855 0.005528
0.069627 0.090516 0.079311 0.044685 0.002550 0.707776 0.005535
0.069693 0.090536 0.079204 0.044693 0.002546 0.707771 0.005556
0.069749 0.090521 0.079335 0.044703 0.002556 0.707583 0.005554
0.069779 0.090528 0.079373 0.044713 0.002551 0.707468 0.005588
0.069545 0.090703 0.079459 0.044676 0.002552 0.707482 0.005584
0.069683 0.090426 0.079380 0.044786 0.002542 0.707588 0.005595
0.069583 0.090400 0.079439 0.044843 0.002540 0.707571 0.005624
0.069705 0.090516 0.079396 0.044788 0.002545 0.707436 0.005614
0.069708 0.090538 0.079288 0.044641 0.002561 0.707636 0.005628
0.069593 0.090584 0.079178 0.044635 0.002563 0.707811 0.005636
0.069633 0.090563 0.079223 0.044732 0.002574 0.707633 0.005643
0.069510 0.090608 0.079192 0.044651 0.002586 0.707788 0.005666
0.069342 0.090647 0.079336 0.044677 0.002588 0.707737 0.005674
0.069353 0.090616 0.079298 0.044690 0.002584 0.707784 0.005675
0.069359 0.090718 0.079325 0.044583 0.002559 0.707773 0.005683
0.069386 0.090596 0.079311 0.044637 0.002574 0.707807 0.005691
0.069453 0.090516 0.079323 0.044689 0.002579 0.707740 0.005701
0.069278 0.090532 0.079511 0.044686 0.002566 0.707715 0.005712
0.069342 0.090465 0.079470 0.044681 0.002572 0.707764 0.005706
0.069289 0.090350 0.079531 0.044668 0.002585 0.707851 0.005726
0.069189 0.090395 0.079435 0.044683 0.002565 0.707983 0.005749
0.069302 0.090475 0.079375 0.044574 0.002567 0.707966 0.005741
0.069415 0.090390 0.079276 0.044602 0.002590 0.707962 0.005764
0.069519 0.090457 0.079291 0.044541 0.002595 0.707833 0.005764
0.069665 0.090288 0.079388 0.044480 0.002601 0.707791 0.005787
0.069778 0.090248 0.079473 0.044422 0.002589 0.707685 0.005805
0.069802 0.090262 0.079389 0.044535 0.002587 0.707625 0.005799
0.069745 0.090274 0.079454 0.044525 0.002586 0.707597 0.005820
0.069780 0.090390 0.079394 0.044567 0.002595 0.707446 0.005828
0.070002 0.090261 0.079345 0.044576 0.002586 0.707383 0.005847
0.069816 0.090517 0.079253 0.044579 0.002594 0.707388 0.005853
0.069627 0.090657 0.079147 0.044660 0.002583 0.707449 0.005876
0.069615 0.090575 0.079000 0.044650 0.002585 0.707702 0.005874
0.069729 0.090623 0.078874 0.044585 0.002596 0.707693 0.005901
0.069678 0.090664 0.078880 0.044627 0.002585 0.707664 0.005903
0.069853 0.090575 0.078865 0.044570 0.002600 0.707617 0.005922
0.069918 0.090721 0.078782 0.044669 0.002612 0.707384 0.005915
0.069862 0.090822 0.078742 0.044721 0.002595 0.707342 0.005916
0.069841 0.090937 0.078750 0.044638 0.002614 0.707290 0.005930
0.069907 0.091025 0.078634 0.044564 0.002596 0.707330 0.005944
0.069944 0.090947 0.078693 0.044635 0.002600 0.707220 0.005960
0.069851 0.091095 0.078813 0.044684 0.002596 0.706989 0.005974
0.069754 0.091125 0.078946 0.044700 0.002605 0.706901 0.005969
0.069769 0.091141 0.078968 0.044721 0.002602 0.706809 0.005990
0.069686 0.091060 0.079163 0.044781 0.002589 0.706727 0.005993
0.069613 0.091067 0.079149 0.044873 0.002596 0.706711 0.005991
0.069643 0.091122 0.079126 0.044886 0.002579 0.706649 0.005995
0.069572 0.091153 0.079104 0.044770 0.002577 0.706817 0.006006
0.069580 0.091185 0.079104 0.044795 0.002583 0.706733 0.006020
0.069501 0.091051 0.079139 0.044862 0.002568 0.706844 0.006036
0.069622 0.090915 0.079261 0.044906 0.002580 0.706689 0.006026
0.069520 0.090850 0.079280 0.044915 0.002577 0.706821 0.006036
0.069552 0.090890 0.079194 0.044897 0.002579 0.706833 0.006055
0.069634 0.090756 0.079171 0.044927 0.002584 0.706875 0.006054
0.069639 0.090771 0.079137 0.045034 0.002561 0.706778 0.006078
0.069645 0.090919 0.079095 0.045015 0.002581 0.706659 0.006085
0.069570 0.090925 0.079027 0.045072 0.002579 0.706738 0.006089
0.069586 0.090981 0.079093 0.045025 0.002567 0.706635 0.006112
0.069527 0.091037 0.079052 0.044941 0.002560 0.706759 0.006124
0.069757 0.090871 0.078940 0.044942 0.002576 0.706779 0.006134
0.069623 0.091005 0.078930 0.044852 0.002601 0.706859 0.006130
0.069684 0.090966 0.078982 0.044756 0.002589 0.706884 0.006138
0.069684 0.090821 0.079163 0.044857 0.002593 0.706731 0.006151
0.069739 0.090669 0.079267 0.044935 0.002601 0.706631 0.006159
0.069785 0.090707 0.079186 0.044893 0.002589 0.706666 0.006174
0.069698 0.090923 0.079098 0.044865 0.002577 0.706637 0.006202
0.069640 0.091025 0.079088 0.044914 0.002588 0.706551 0.006194
0.069549 0.091113 0.079225 0.044896 0.002583 0.706420 0.006215
0.069536 0.091039 0.079186 0.044891 0.002594 0.706526 0.006229
0.069541 0.090998 0.079127 0.044882 0.002597 0.706620 0.006234
0.069470 0.090930 0.079269 0.044831 0.002596 0.706657 0.006247
0.069464 0.090712 0.079337 0.045085 0.002589 0.706551 0.006262
0.069428 0.090666 0.079310 0.044980 0.002625 0.706735 0.006257
0.069539 0.090492 0.079259 0.045013 0.002611 0.706822 0.006266
0.069602 0.090438 0.079217 0.044981 0.002607 0.706874 0.006283
0.069491 0.090451 0.079169 0.044962 0.002595 0.707042 0.006290
0.069488 0.090487 0.079039 0.044965 0.002609 0.707119 0.006293
0.069528 0.090447 0.078955 0.044962 0.002592 0.707193 0.006323
0.069577 0.090280 0.078908 0.044898 0.002595 0.707434 0.006309
0.069649 0.090273 0.078893 0.044816 0.002599 0.707434 0.006336
0.069601 0.090428 0.078904 0.044821 0.002598 0.707296 0.006353
0.069663 0.090530 0.078811 0.044846 0.002589 0.707220 0.006341
0.069651 0.090336 0.078852 0.044906 0.002564 0.707322 0.006367
0.069534 0.090265 0.078959 0.044948 0.002571 0.707351 0.006371
0.069564 0.090239 0.079006 0.044823 0.002592 0.707407 0.006370
0.069603 0.090323 0.079031 0.044784 0.002614 0.707266 0.006379
0.069624 0.090285 0.079006 0.044661 0.002614 0.707419 0.006391
0.069749 0.090210 0.079029 0.044686 0.002609 0.707320 0.006396
0.069926 0.090032 0.079002 0.044661 0.002606 0.707364 0.006409
0.070077 0.090113 0.079019 0.044559 0.002598 0.707210 0.006423
0.070016 0.090211 0.079136 0.044575 0.002589 0.707027 0.006445
0.069887 0.090315 0.079122 0.044610 0.002573 0.707051 0.006442
0.069908 0.090286 0.079023 0.044682 0.002558 0.707081 0.006462
0.069832 0.090424 0.079046 0.044691 0.002560 0.706985 0.006462
0.069815 0.090558 0.079160 0.044704 0.002560 0.706725 0.006478
0.069690 0.090662 0.079128 0.044779 0.002553 0.706702 0.006485
0.069613 0.090725 0.079096 0.044916 0.002527 0.706632 0.006490
0.069712 0.090547 0.079058 0.044996 0.002523 0.706666 0.006499
0.069623 0.090732 0.079026 0.044919 0.002523 0.706670 0.006507
0.069687 0.090678 0.078991 0.044861 0.002525 0.706737 0.006522
0.069603 0.090837 0.079000 0.044821 0.002542 0.706677 0.006520
0.069523 0.091035 0.078960 0.044670 0.002536 0.706729 0.006548
0.069601 0.091088 0.078904 0.044642 0.002540 0.706674 0.006551
0.069496 0.091088 0.078835 0.044793 0.002542 0.706672 0.006573
0.069539 0.090911 0.078766 0.044883 0.002534 0.706772 0.006595
0.069353 0.091086 0.078788 0.044817 0.002540 0.706828 0.006588
0.069434 0.091001 0.078987 0.044734 0.002543 0.706699 0.006602
0.069469 0.090911 0.079020 0.044641 0.002559 0.706804 0.006596
0.069457 0.091014 0.079052 0.044600 0.002557 0.706684 0.006636
0.069489 0.091074 0.078948 0.044623 0.002543 0.706692 0.006630
0.069591 0.090955 0.078985 0.044714 0.002545 0.706568 0.006642
0.069575 0.091060 0.079065 0.044673 0.002533 0.706438 0.006656
0.069418 0.090995 0.079150 0.044716 0.002532 0.706513 0.006676
0.069537 0.090843 0.079172 0.044667 0.002535 0.706564 0.006683
0.069533 0.090699 0.079192 0.044724 0.002551 0.706607 0.006695
0.069635 0.090651 0.079240 0.044810 0.002536 0.706421 0.006707
0.069595 0.090692 0.079283 0.044893 0.002536 0.706293 0.006708
0.069523 0.090770 0.079291 0.044885 0.002535 0.706276 0.006720
0.069511 0.090769 0.079245 0.044902 0.002550 0.706291 0.006732
0.069631 0.090767 0.079289 0.044902 0.002534 0.706132 0.006745
0.069613 0.090786 0.079287 0.044877 0.002531 0.706156 0.006750
0.069489 0.090854 0.079264 0.044903 0.002529 0.706193 0.006768
0.069565 0.090737 0.079341 0.044980 0.002532 0.706061 0.006784
0.069674 0.090735 0.079212 0.044918 0.002524 0.706149 0.006787
0.069514 0.090705 0.079338 0.044933 0.002526 0.706182 0.006802
0.069591 0.090548 0.079310 0.044919 0.002509 0.706323 0.006800
0.069651 0.090477 0.079345 0.044890 0.002526 0.706302 0.006809
