0.696531 0.145229 0.043640 0.025755 0.000621 0.088213 0.000012
0.691528 0.294306 0.008114 0.004668 0.000011 0.001373 0.000001
0.416770 0.548188 0.021267 0.012259 0.000013 0.001502 0.000000
0.238835 0.678060 0.049506 0.028438 0.000055 0.005105 0.000001
0.140106 0.709626 0.086893 0.049855 0.000150 0.013369 0.000001
0.062966 0.706168 0.129473 0.074044 0.000313 0.027033 0.000002
0.041134 0.654498 0.165042 0.094207 0.000519 0.044597 0.000003
0.026167 0.606717 0.192400 0.109742 0.000728 0.064241 0.000006
0.012841 0.556323 0.217973 0.124146 0.000984 0.087724 0.000010
0.015722 0.504369 0.234000 0.133299 0.001247 0.111350 0.000013
0.030556 0.458751 0.239940 0.136569 0.001499 0.132669 0.000016
0.025296 0.425261 0.248702 0.141534 0.001742 0.157440 0.000025
0.010882 0.392209 0.259862 0.147795 0.002042 0.187179 0.000031
0.008057 0.355937 0.266194 0.151507 0.002308 0.215956 0.000041
0.007918 0.325210 0.268373 0.152767 0.002566 0.243114 0.000052
0.008000 0.297417 0.268865 0.152801 0.002807 0.270047 0.000064
0.014246 0.271769 0.265691 0.150918 0.003042 0.294257 0.000077
0.018822 0.254220 0.259914 0.147662 0.003236 0.316058 0.000089
0.016259 0.237145 0.256384 0.145804 0.003459 0.340849 0.000101
0.010280 0.217408 0.254473 0.144730 0.003705 0.369288 0.000116
0.010390 0.200133 0.249725 0.142056 0.003916 0.393651 0.000128
0.011038 0.185361 0.244194 0.138964 0.004115 0.416186 0.000141
0.011827 0.172416 0.238058 0.135424 0.004252 0.437864 0.000158
0.012709 0.160817 0.231671 0.131716 0.004371 0.458537 0.000177
0.013543 0.150546 0.225113 0.127941 0.004480 0.478183 0.000194
0.014509 0.141644 0.218376 0.124012 0.004613 0.496635 0.000211
0.015451 0.133534 0.211520 0.120104 0.004722 0.514439 0.000229
0.016454 0.126474 0.204711 0.116203 0.004810 0.531097 0.000250
0.017417 0.120246 0.198220 0.112399 0.004882 0.546561 0.000275
0.018499 0.114569 0.191763 0.108628 0.004952 0.561295 0.000293
0.019651 0.109425 0.185396 0.104954 0.005030 0.575231 0.000314
0.020813 0.104956 0.179017 0.101501 0.005067 0.588312 0.000334
0.021951 0.101001 0.172883 0.097984 0.005072 0.600757 0.000352
0.023195 0.097584 0.166889 0.094664 0.005112 0.612188 0.000368
0.024380 0.094572 0.161289 0.091368 0.005096 0.622904 0.000391
0.025580 0.092024 0.155858 0.088171 0.005092 0.632866 0.000408
0.026860 0.089817 0.150542 0.085036 0.005088 0.642224 0.000434
0.028287 0.087795 0.145476 0.082163 0.005078 0.650745 0.000456
0.029643 0.086035 0.140837 0.079432 0.005057 0.658517 0.000479
0.030962 0.084774 0.136224 0.076803 0.005028 0.665718 0.000493
0.032141 0.083684 0.131978 0.074414 0.005001 0.672266 0.000515
0.033494 0.082671 0.127784 0.071988 0.004995 0.678533 0.000536
0.034823 0.081713 0.124022 0.069847 0.004968 0.684073 0.000554
0.036181 0.081059 0.120180 0.067738 0.004908 0.689356 0.000578
0.037485 0.080567 0.116800 0.065844 0.004859 0.693848 0.000596
0.038732 0.080206 0.113613 0.064069 0.004837 0.697931 0.000612
0.039959 0.079898 0.110518 0.062308 0.004793 0.701885 0.000638
0.041261 0.079661 0.107675 0.060772 0.004714 0.705261 0.000656
0.042408 0.079628 0.104921 0.059234 0.004657 0.708479 0.000672
0.043634 0.079637 0.102386 0.057894 0.004568 0.711194 0.000687
0.044756 0.079587 0.100078 0.056656 0.004513 0.713704 0.000706
0.045793 0.079676 0.098095 0.055505 0.004441 0.715770 0.000720
0.046882 0.079809 0.096046 0.054453 0.004378 0.717695 0.000737
0.047889 0.080003 0.094068 0.053460 0.004318 0.719508 0.000754
0.048871 0.079997 0.092503 0.052493 0.004260 0.721101 0.000776
0.049895 0.080320 0.090939 0.051560 0.004184 0.722312 0.000791
0.050823 0.080612 0.089375 0.050825 0.004129 0.723431 0.000805
0.051664 0.081075 0.088032 0.050115 0.004074 0.724219 0.000820
0.052512 0.081309 0.086917 0.049416 0.004017 0.724998 0.000832
0.053309 0.081635 0.085908 0.048776 0.003968 0.725553 0.000851
0.054083 0.081956 0.084937 0.048164 0.003933 0.726054 0.000872
0.054864 0.082393 0.083917 0.047653 0.003869 0.726421 0.000883
0.055510 0.082922 0.083149 0.047185 0.003817 0.726512 0.000906
0.056007 0.083304 0.082344 0.046742 0.003748 0.726933 0.000923
0.056820 0.083543 0.081753 0.046440 0.003686 0.726808 0.000951
0.057428 0.083870 0.081176 0.046135 0.003656 0.726766 0.000969
0.058040 0.084276 0.080694 0.045791 0.003586 0.726629 0.000983
0.058612 0.084409 0.080203 0.045542 0.003551 0.726677 0.001005
0.059221 0.084666 0.079818 0.045302 0.003528 0.726448 0.001017
0.059650 0.085050 0.079508 0.045076 0.003489 0.726200 0.001026
0.060136 0.085432 0.079162 0.044903 0.003444 0.725876 0.001047
0.060586 0.085766 0.078796 0.044699 0.003420 0.725672 0.001062
0.060884 0.086201 0.078583 0.044526 0.003375 0.725357 0.001074
0.061386 0.086495 0.078330 0.044313 0.003348 0.725044 0.001085
0.061843 0.086422 0.078236 0.044202 0.003305 0.724893 0.001099
0.062180 0.086619 0.077997 0.044098 0.003290 0.724716 0.001100
0.062674 0.086807 0.077729 0.043937 0.003266 0.724465 0.001123
0.063048 0.087125 0.077620 0.043782 0.003233 0.724057 0.001136
0.063375 0.087295 0.077561 0.043786 0.003197 0.723635 0.001151
0.063722 0.087408 0.077418 0.043767 0.003173 0.723350 0.001163
0.064095 0.087617 0.077277 0.043708 0.003155 0.722975 0.001174
0.064364 0.087679 0.077259 0.043684 0.003132 0.722697 0.001185
0.064803 0.087767 0.077224 0.043711 0.003120 0.722178 0.001199
0.064976 0.088104 0.077159 0.043743 0.003100 0.721714 0.001204
0.065126 0.088400 0.077021 0.043760 0.003072 0.721404 0.001216
0.065479 0.088652 0.076928 0.043655 0.003042 0.721015 0.001230
0.065529 0.089008 0.076857 0.043605 0.003026 0.720737 0.001238
0.065632 0.089238 0.076954 0.043639 0.002994 0.720293 0.001250
0.065754 0.089314 0.077116 0.043625 0.002956 0.719969 0.001266
0.065932 0.089563 0.077102 0.043577 0.002946 0.719597 0.001282
0.066195 0.089558 0.077245 0.043641 0.002932 0.719124 0.001306
0.066393 0.089945 0.077190 0.043670 0.002917 0.718568 0.001318
0.066431 0.090159 0.077246 0.043697 0.002905 0.718238 0.001324
0.066655 0.090208 0.077275 0.043705 0.002889 0.717929 0.001339
0.066574 0.090288 0.077441 0.043774 0.002875 0.717696 0.001351
0.066713 0.090292 0.077485 0.043768 0.002859 0.717528 0.001356
0.066904 0.090162 0.077657 0.043859 0.002853 0.717193 0.001371
0.066876 0.090367 0.077808 0.043957 0.002843 0.716770 0.001378
0.066975 0.090232 0.077902 0.044096 0.002840 0.716562 0.001393
0.067142 0.090168 0.077905 0.044206 0.002820 0.716353 0.001406
0.067201 0.090337 0.077981 0.044151 0.002819 0.716097 0.001414
0.067289 0.090381 0.077992 0.044214 0.002801 0.715897 0.001426
0.067262 0.090491 0.078081 0.044245 0.002779 0.715696 0.001446
0.067358 0.090556 0.078205 0.044273 0.002759 0.715387 0.001462
0.067481 0.090611 0.078087 0.044299 0.002760 0.715292 0.001470
0.067489 0.090784 0.078248 0.044283 0.002760 0.714949 0.001486
0.067589 0.090785 0.078227 0.044382 0.002732 0.714799 0.001485
0.067666 0.090801 0.078275 0.044463 0.002718 0.714586 0.001492
0.067566 0.090893 0.078318 0.044503 0.002724 0.714499 0.001498
0.067504 0.090824 0.078530 0.044536 0.002726 0.714368 0.001511
0.067652 0.090841 0.078639 0.044414 0.002722 0.714209 0.001522
0.067891 0.090775 0.078667 0.044418 0.002713 0.714000 0.001535
0.068048 0.090740 0.078597 0.044366 0.002697 0.714010 0.001543
0.068125 0.090881 0.078605 0.044338 0.002702 0.713790 0.001559
0.068060 0.090899 0.078757 0.044354 0.002703 0.713665 0.001563
0.068175 0.090913 0.078732 0.044403 0.002710 0.713490 0.001577
0.068222 0.091031 0.078732 0.044398 0.002704 0.713325 0.001589
0.068222 0.091066 0.078712 0.044513 0.002694 0.713204 0.001589
0.068175 0.091128 0.078753 0.044456 0.002678 0.713205 0.001604
0.068166 0.091417 0.078738 0.044399 0.002684 0.712985 0.001610
0.068045 0.091564 0.078744 0.044441 0.002698 0.712893 0.001616
0.068102 0.091572 0.078768 0.044575 0.002706 0.712640 0.001638
0.069342 0.090594 0.078787 0.044564 0.002710 0.712354 0.001649
0.073787 0.086291 0.078913 0.044308 0.002719 0.712332 0.001650
0.080009 0.080825 0.078669 0.043917 0.002700 0.712210 0.001670
0.086972 0.075234 0.078039 0.043280 0.002700 0.712096 0.001678
0.093985 0.070114 0.077264 0.042584 0.002691 0.711676 0.001686
0.100995 0.065340 0.076299 0.041686 0.002676 0.711301 0.001702
0.108046 0.060966 0.075092 0.040725 0.002655 0.710813 0.001704
0.115120 0.057063 0.073709 0.039683 0.002634 0.710065 0.001727
0.122236 0.053445 0.072121 0.038587 0.002604 0.709275 0.001734
0.129158 0.050228 0.070630 0.037471 0.002589 0.708176 0.001748
0.136073 0.047474 0.068974 0.036305 0.002579 0.706840 0.001755
0.143087 0.044857 0.067314 0.035109 0.002545 0.705310 0.001778
0.149646 0.042716 0.065551 0.033877 0.002529 0.703902 0.001778
0.156417 0.040744 0.063814 0.032653 0.002517 0.702067 0.001789
0.163266 0.038876 0.062084 0.031425 0.002499 0.700059 0.001792
0.169794 0.037196 0.060434 0.030277 0.002454 0.698033 0.001813
0.176321 0.035809 0.058793 0.029136 0.002422 0.695695 0.001825
0.182794 0.034553 0.057114 0.028037 0.002384 0.693276 0.001842
0.189361 0.033290 0.055576 0.026920 0.002359 0.690646 0.001848
0.195767 0.032254 0.054062 0.025897 0.002333 0.687837 0.001850
0.202165 0.031280 0.052725 0.024879 0.002302 0.684780 0.001868
0.208391 0.030436 0.051232 0.023877 0.002261 0.681931 0.001872
0.214749 0.029683 0.049750 0.022956 0.002214 0.678780 0.001868
0.221041 0.029010 0.048431 0.022097 0.002165 0.675371 0.001884
0.227278 0.028355 0.047137 0.021311 0.002141 0.671888 0.001891
0.233525 0.027852 0.045874 0.020422 0.002093 0.668338 0.001895
0.239741 0.027301 0.044707 0.019588 0.002059 0.664702 0.001903
0.245892 0.026965 0.043548 0.018819 0.001991 0.660877 0.001907
0.252104 0.026566 0.042454 0.018125 0.001970 0.656852 0.001929
0.258006 0.026170 0.041425 0.017427 0.001927 0.653124 0.001921
0.264115 0.025884 0.040480 0.016838 0.001882 0.648861 0.001940
0.270030 0.025621 0.039526 0.016189 0.001858 0.644819 0.001957
0.275959 0.025338 0.038716 0.015690 0.001807 0.640533 0.001956
0.281526 0.025135 0.037884 0.015153 0.001758 0.636589 0.001955
0.287177 0.025005 0.036989 0.014653 0.001723 0.632470 0.001983
0.292954 0.024779 0.036256 0.014148 0.001687 0.628186 0.001990
0.298534 0.024628 0.035440 0.013743 0.001653 0.623999 0.002003
0.304183 0.024572 0.034602 0.013324 0.001619 0.619694 0.002006
0.309677 0.024489 0.033930 0.012920 0.001585 0.615385 0.002014
0.314861 0.024319 0.033434 0.012596 0.001542 0.611228 0.002021
0.320262 0.024287 0.032934 0.012228 0.001507 0.606746 0.002036
0.325447 0.024282 0.032370 0.011909 0.001475 0.602486 0.002032
0.330619 0.024273 0.031814 0.011589 0.001443 0.598226 0.002035
0.336084 0.024200 0.031286 0.011371 0.001402 0.593620 0.002038
0.340717 0.024199 0.030792 0.011124 0.001370 0.589747 0.002051
0.345747 0.024161 0.030395 0.010795 0.001352 0.585486 0.002064
0.350661 0.024198 0.029953 0.010574 0.001324 0.581224 0.002067
0.355797 0.024240 0.029525 0.010410 0.001308 0.576663 0.002057
0.360464 0.024299 0.029256 0.010191 0.001293 0.572439 0.002059
0.365169 0.024348 0.028965 0.010000 0.001252 0.568197 0.002069
0.369934 0.024425 0.028645 0.009838 0.001233 0.563849 0.002076
0.374333 0.024594 0.028403 0.009684 0.001202 0.559701 0.002083
0.378720 0.024641 0.028202 0.009579 0.001190 0.555579 0.002089
0.383389 0.024700 0.028025 0.009482 0.001161 0.551168 0.002076
0.387491 0.024862 0.027871 0.009355 0.001131 0.547194 0.002096
0.391950 0.025013 0.027630 0.009258 0.001102 0.542942 0.002106
0.396141 0.025220 0.027425 0.009224 0.001083 0.538812 0.002095
0.400446 0.025298 0.027385 0.009128 0.001054 0.534594 0.002094
0.404433 0.025286 0.027325 0.009071 0.001031 0.530752 0.002101
0.408379 0.025518 0.027248 0.008984 0.001019 0.526725 0.002127
0.412309 0.025743 0.027184 0.008919 0.000984 0.522737 0.002124
0.416140 0.025956 0.027202 0.008851 0.000961 0.518769 0.002121
0.420039 0.026120 0.027213 0.008821 0.000943 0.514737 0.002128
0.423411 0.026521 0.027234 0.008789 0.000921 0.510988 0.002135
0.427003 0.026778 0.027183 0.008711 0.000905 0.507267 0.002153
0.430400 0.027233 0.027217 0.008697 0.000891 0.503429 0.002134
0.433417 0.027511 0.027360 0.008690 0.000871 0.499998 0.002153
0.436989 0.027705 0.027428 0.008682 0.000850 0.496202 0.002143
0.440111 0.027855 0.027610 0.008732 0.000840 0.492702 0.002150
0.443176 0.028252 0.027756 0.008740 0.000829 0.489089 0.002157
0.446314 0.028554 0.027923 0.008710 0.000821 0.485527 0.002151
0.449454 0.028856 0.028134 0.008723 0.000805 0.481862 0.002167
0.452314 0.029138 0.028208 0.008744 0.000799 0.478631 0.002166
0.455035 0.029473 0.028454 0.008738 0.000796 0.475328 0.002174
0.457811 0.029910 0.028727 0.008731 0.000790 0.471866 0.002164
0.460206 0.030427 0.028960 0.008769 0.000780 0.468693 0.002164
0.462863 0.030739 0.029003 0.008844 0.000781 0.465591 0.002178
0.465382 0.031137 0.029153 0.008847 0.000769 0.462525 0.002187
0.467857 0.031407 0.029266 0.008964 0.000772 0.459576 0.002158
0.469975 0.031767 0.029593 0.009070 0.000763 0.456662 0.002170
0.472490 0.032106 0.029800 0.009169 0.000765 0.453465 0.002206
0.474768 0.032362 0.029993 0.009246 0.000760 0.450677 0.002192
0.476756 0.032714 0.030248 0.009315 0.000755 0.448015 0.002197
0.478809 0.033066 0.030540 0.009375 0.000745 0.445255 0.002209
0.481220 0.033235 0.030762 0.009442 0.000738 0.442392 0.002211
0.482942 0.033486 0.031105 0.009537 0.000734 0.439985 0.002212
0.484825 0.033772 0.031449 0.009681 0.000719 0.437333 0.002220
0.486978 0.034096 0.031757 0.009696 0.000697 0.434547 0.002228
0.488797 0.034355 0.031978 0.009734 0.000689 0.432217 0.002231
0.490589 0.034765 0.032148 0.009805 0.000682 0.429788 0.002223
0.492260 0.035229 0.032439 0.009837 0.000680 0.427316 0.002239
0.494063 0.035490 0.032636 0.009882 0.000679 0.425017 0.002233
0.495523 0.035781 0.032986 0.010025 0.000675 0.422782 0.002229
0.497185 0.036086 0.033089 0.010101 0.000657 0.420637 0.002245
0.498852 0.036376 0.033378 0.010134 0.000666 0.418360 0.002233
0.500279 0.036717 0.033717 0.010245 0.000666 0.416147 0.002229
0.501735 0.037011 0.033893 0.010341 0.000659 0.414121 0.002240
0.503155 0.037380 0.034118 0.010418 0.000651 0.412026 0.002253
0.504201 0.037704 0.034636 0.010459 0.000662 0.410081 0.002258
0.505726 0.037863 0.034902 0.010557 0.000656 0.408048 0.002248
0.507119 0.038134 0.035296 0.010688 0.000671 0.405845 0.002247
0.508140 0.038378 0.035507 0.010706 0.000653 0.404359 0.002257
0.509048 0.038647 0.035865 0.010809 0.000648 0.402723 0.002261
0.510168 0.038899 0.036032 0.010859 0.000642 0.401143 0.002257
0.511385 0.039135 0.036279 0.010897 0.000636 0.399395 0.002273
0.512426 0.039264 0.036606 0.010973 0.000633 0.397844 0.002255
0.513301 0.039587 0.036912 0.011049 0.000642 0.396235 0.002274
0.514722 0.039727 0.037124 0.011092 0.000631 0.394436 0.002268
0.515684 0.039846 0.037455 0.011150 0.000628 0.392968 0.002269
0.516570 0.040065 0.037745 0.011246 0.000632 0.391485 0.002256
0.517499 0.040332 0.038048 0.011370 0.000629 0.389836 0.002286
0.518832 0.040306 0.038233 0.011484 0.000616 0.388244 0.002284
0.519328 0.040422 0.038599 0.011568 0.000627 0.387175 0.002281
0.519974 0.040612 0.038911 0.011619 0.000630 0.385972 0.002282
0.520857 0.040672 0.039038 0.011665 0.000636 0.384845 0.002286
0.521436 0.040888 0.039462 0.011692 0.000643 0.383589 0.002290
0.522285 0.041001 0.039728 0.011768 0.000631 0.382287 0.002301
0.522968 0.040954 0.040073 0.011829 0.000627 0.381250 0.002298
0.523928 0.040984 0.040201 0.011825 0.000642 0.380122 0.002299
0.524628 0.040930 0.040477 0.011865 0.000627 0.379170 0.002303
0.524942 0.040988 0.040856 0.011956 0.000630 0.378306 0.002322
0.525559 0.041217 0.041045 0.012031 0.000642 0.377190 0.002316
0.526756 0.041216 0.040982 0.012032 0.000643 0.376049 0.002321
0.527232 0.041366 0.041257 0.012037 0.000644 0.375141 0.002324
0.528149 0.041482 0.041341 0.012018 0.000657 0.374029 0.002325
0.528507 0.041614 0.041572 0.012098 0.000663 0.373228 0.002320
0.529006 0.041672 0.041747 0.012092 0.000670 0.372481 0.002331
0.529698 0.041789 0.041818 0.012112 0.000681 0.371579 0.002323
0.530190 0.041773 0.042013 0.012124 0.000689 0.370884 0.002327
0.530664 0.041831 0.042163 0.012195 0.000689 0.370127 0.002332
0.531405 0.041793 0.042386 0.012286 0.000681 0.369123 0.002326
0.531884 0.041796 0.042566 0.012326 0.000686 0.368406 0.002335
0.532435 0.041856 0.042589 0.012276 0.000681 0.367820 0.002343
0.533098 0.041948 0.042640 0.012315 0.000689 0.366959 0.002351
0.533510 0.041890 0.042748 0.012357 0.000681 0.366466 0.002347
0.534248 0.041914 0.042744 0.012378 0.000678 0.365693 0.002345
0.534547 0.042038 0.042927 0.012426 0.000676 0.365026 0.002360
0.535025 0.042025 0.043030 0.012455 0.000668 0.364439 0.002358
0.535444 0.042132 0.043207 0.012417 0.000671 0.363779 0.002350
0.535897 0.042113 0.043261 0.012399 0.000672 0.363303 0.002356
0.536496 0.042118 0.043323 0.012424 0.000670 0.362612 0.002357
0.536922 0.042169 0.043427 0.012423 0.000673 0.362024 0.002363
0.537765 0.041929 0.043452 0.012436 0.000668 0.361373 0.002376
0.538435 0.041881 0.043530 0.012411 0.000667 0.360712 0.002363
0.538629 0.041886 0.043684 0.012410 0.000663 0.360354 0.002374
0.539237 0.041988 0.043778 0.012394 0.000668 0.359577 0.002358
0.539532 0.042007 0.043755 0.012426 0.000696 0.359206 0.002378
0.539906 0.041991 0.043767 0.012456 0.000690 0.358827 0.002365
0.540400 0.042051 0.043807 0.012469 0.000704 0.358198 0.002370
0.541204 0.042020 0.043891 0.012496 0.000698 0.357317 0.002374
0.541342 0.042010 0.044080 0.012518 0.000702 0.356958 0.002390
0.541697 0.042036 0.044116 0.012524 0.000707 0.356532 0.002388
0.542267 0.042048 0.044102 0.012554 0.000708 0.355928 0.002392
0.542325 0.041965 0.044239 0.012609 0.000702 0.355768 0.002392
0.543126 0.041933 0.044142 0.012553 0.000692 0.355161 0.002393
0.543509 0.041890 0.044165 0.012600 0.000702 0.354727 0.002407
0.543620 0.041938 0.044231 0.012627 0.000713 0.354474 0.002396
0.543917 0.041985 0.044265 0.012607 0.000709 0.354119 0.002398
0.544442 0.042127 0.044214 0.012600 0.000707 0.353507 0.002403
0.544990 0.042039 0.044268 0.012618 0.000708 0.352969 0.002408
0.545421 0.041976 0.044172 0.012577 0.000704 0.352741 0.002410
0.545952 0.041940 0.044143 0.012558 0.000710 0.352270 0.002426
0.546402 0.041845 0.044125 0.012565 0.000709 0.351933 0.002420
0.547221 0.041787 0.044084 0.012625 0.000706 0.351169 0.002408
0.547031 0.041876 0.044211 0.012633 0.000710 0.351131 0.002407
0.547359 0.041861 0.044180 0.012574 0.000711 0.350895 0.002421
0.547769 0.041855 0.044163 0.012542 0.000711 0.350532 0.002428
0.548184 0.041912 0.044142 0.012498 0.000717 0.350111 0.002436
0.548609 0.041895 0.044161 0.012445 0.000722 0.349734 0.002433
0.548960 0.041923 0.044124 0.012443 0.000728 0.349385 0.002438
0.549036 0.042048 0.044164 0.012444 0.000724 0.349143 0.002442
0.549567 0.041997 0.044161 0.012457 0.000728 0.348642 0.002448
0.550099 0.041852 0.044031 0.012528 0.000730 0.348318 0.002442
0.550215 0.041930 0.044143 0.012567 0.000738 0.347962 0.002445
0.550786 0.041813 0.044089 0.012563 0.000739 0.347575 0.002437
0.551043 0.041889 0.044133 0.012584 0.000745 0.347150 0.002456
0.551188 0.041913 0.044237 0.012567 0.000746 0.346878 0.002471
0.551617 0.041856 0.044073 0.012556 0.000755 0.346676 0.002466
0.552065 0.041789 0.044083 0.012584 0.000754 0.346256 0.002470
0.552301 0.041839 0.044154 0.012620 0.000743 0.345878 0.002464
0.552710 0.041660 0.044212 0.012586 0.000733 0.345630 0.002468
0.552990 0.041701 0.044163 0.012580 0.000729 0.345357 0.002479
0.553421 0.041760 0.044105 0.012555 0.000723 0.344957 0.002479
0.553583 0.041622 0.044260 0.012573 0.000721 0.344761 0.002480
0.553838 0.041596 0.044223 0.012581 0.000732 0.344542 0.002487
0.554319 0.041618 0.044240 0.012579 0.000728 0.344027 0.002488
0.554808 0.041625 0.044126 0.012590 0.000724 0.343619 0.002508
0.554715 0.041826 0.044216 0.012577 0.000715 0.343453 0.002498
0.555259 0.041826 0.044111 0.012572 0.000723 0.343005 0.002504
0.555728 0.041843 0.044003 0.012466 0.000718 0.342741 0.002501
0.555925 0.041915 0.043987 0.012435 0.000721 0.342518 0.002499
0.555839 0.041925 0.043996 0.012432 0.000710 0.342591 0.002507
0.556317 0.041970 0.044153 0.012370 0.000720 0.341954 0.002515
0.556247 0.042128 0.044148 0.012394 0.000735 0.341826 0.002522
0.556556 0.042067 0.044010 0.012396 0.000725 0.341730 0.002517
0.556969 0.042192 0.044212 0.012443 0.000719 0.340963 0.002502
0.557262 0.042116 0.044223 0.012432 0.000714 0.340729 0.002522
0.557080 0.042352 0.044268 0.012484 0.000720 0.340571 0.002526
0.557401 0.042342 0.044263 0.012519 0.000726 0.340227 0.002522
0.558055 0.042265 0.044147 0.012502 0.000720 0.339787 0.002524
0.557789 0.042233 0.044380 0.012480 0.000714 0.339875 0.002529
0.558095 0.042215 0.044312 0.012450 0.000711 0.339682 0.002534
0.558727 0.042358 0.044199 0.012474 0.000720 0.339000 0.002522
0.558595 0.042446 0.044335 0.012487 0.000714 0.338885 0.002538
0.558478 0.042489 0.044427 0.012519 0.000723 0.338819 0.002545
0.558826 0.042590 0.044396 0.012442 0.000731 0.338484 0.002532
0.559259 0.042558 0.044320 0.012501 0.000726 0.338094 0.002542
0.559015 0.042681 0.044391 0.012489 0.000719 0.338163 0.002542
0.559050 0.042644 0.044519 0.012496 0.000726 0.338018 0.002547
0.559122 0.042607 0.044592 0.012507 0.000719 0.337908 0.002545
0.559422 0.042630 0.044493 0.012552 0.000718 0.337632 0.002554
0.559193 0.042593 0.044587 0.012569 0.000720 0.337787 0.002551
0.559666 0.042598 0.044572 0.012575 0.000722 0.337306 0.002562
0.559901 0.042540 0.044537 0.012622 0.000718 0.337116 0.002567
0.559785 0.042450 0.044540 0.012591 0.000727 0.337327 0.002580
0.560173 0.042453 0.044609 0.012616 0.000712 0.336861 0.002576
0.560129 0.042410 0.044633 0.012577 0.000713 0.336950 0.002588
0.560259 0.042538 0.044704 0.012567 0.000720 0.336640 0.002572
0.560343 0.042412 0.044761 0.012573 0.000715 0.336613 0.002582
0.560696 0.042513 0.044803 0.012541 0.000717 0.336143 0.002587
0.560658 0.042545 0.044729 0.012540 0.000710 0.336227 0.002591
0.560685 0.042586 0.044776 0.012540 0.000707 0.336116 0.002589
0.560953 0.042522 0.044783 0.012550 0.000710 0.335887 0.002594
0.561326 0.042484 0.044656 0.012560 0.000711 0.335664 0.002599
0.560668 0.042640 0.044825 0.012634 0.000713 0.335923 0.002598
0.561224 0.042587 0.044824 0.012521 0.000706 0.335525 0.002613
0.561597 0.042590 0.044775 0.012535 0.000709 0.335191 0.002602
0.561747 0.042458 0.044803 0.012513 0.000705 0.335171 0.002603
0.561844 0.042334 0.044808 0.012575 0.000702 0.335126 0.002611
0.561799 0.042386 0.044811 0.012565 0.000719 0.335111 0.002609
0.562112 0.042297 0.044806 0.012503 0.000721 0.334944 0.002617
0.562240 0.042292 0.044886 0.012472 0.000731 0.334756 0.002622
0.562292 0.042295 0.044857 0.012534 0.000740 0.334664 0.002618
0.562336 0.042383 0.044919 0.012573 0.000729 0.334430 0.002630
0.562189 0.042324 0.044866 0.012593 0.000730 0.334668 0.002629
0.562495 0.042361 0.044849 0.012577 0.000729 0.334364 0.002625
0.562461 0.042361 0.044773 0.012555 0.000714 0.334503 0.002632
0.562581 0.042212 0.044802 0.012585 0.000712 0.334481 0.002627
0.562831 0.042343 0.044706 0.012557 0.000713 0.334212 0.002638
0.562851 0.042485 0.044629 0.012595 0.000722 0.334077 0.002640
0.563466 0.042352 0.044688 0.012570 0.000725 0.333558 0.002642
0.563389 0.042419 0.044578 0.012547 0.000726 0.333705 0.002636
0.563224 0.042467 0.044525 0.012617 0.000730 0.333787 0.002650
0.563268 0.042458 0.044636 0.012528 0.000730 0.333726 0.002654
0.563495 0.042539 0.044550 0.012526 0.000732 0.333509 0.002650
0.563487 0.042561 0.044564 0.012528 0.000724 0.333496 0.002641
0.563431 0.042627 0.044663 0.012568 0.000729 0.333323 0.002660
0.563272 0.042719 0.044722 0.012579 0.000734 0.333320 0.002655
0.563655 0.042601 0.044753 0.012617 0.000750 0.332961 0.002664
0.563767 0.042600 0.044755 0.012541 0.000728 0.332944 0.002665
0.563845 0.042600 0.044802 0.012498 0.000736 0.332868 0.002651
0.563822 0.042577 0.044863 0.012540 0.000731 0.332812 0.002655
0.564191 0.042566 0.044823 0.012542 0.000728 0.332475 0.002676
0.564549 0.042330 0.044908 0.012547 0.000727 0.332262 0.002678
0.563898 0.042471 0.045051 0.012612 0.000720 0.332575 0.002673
0.564253 0.042345 0.044995 0.012620 0.000722 0.332390 0.002675
0.564706 0.042318 0.044847 0.012627 0.000721 0.332099 0.002682
0.564865 0.042333 0.044696 0.012603 0.000716 0.332106 0.002682
0.564795 0.042442 0.044644 0.012590 0.000710 0.332135 0.002683
0.565383 0.042305 0.044669 0.012636 0.000709 0.331605 0.002693
0.565487 0.042287 0.044703 0.012587 0.000715 0.331526 0.002695
0.565794 0.042298 0.044553 0.012612 0.000693 0.331362 0.002688
0.565553 0.042200 0.044659 0.012595 0.000704 0.331590 0.002699
0.566062 0.042188 0.044531 0.012606 0.000702 0.331216 0.002694
0.565712 0.042231 0.044587 0.012643 0.000707 0.331403 0.002716
0.566129 0.042227 0.044563 0.012655 0.000710 0.331002 0.002714
0.566371 0.042103 0.044602 0.012583 0.000708 0.330925 0.002708
0.566392 0.042147 0.044703 0.012535 0.000718 0.330799 0.002706
0.566522 0.042103 0.044716 0.012479 0.000714 0.330748 0.002718
0.566379 0.042118 0.044737 0.012540 0.000713 0.330790 0.002723
0.566579 0.042142 0.044754 0.012498 0.000712 0.330597 0.002719
0.566828 0.042181 0.044704 0.012498 0.000702 0.330347 0.002741
0.566280 0.042420 0.044846 0.012468 0.000711 0.330536 0.002738
0.566909 0.042293 0.044623 0.012472 0.000698 0.330275 0.002729
0.566826 0.042286 0.044639 0.012484 0.000699 0.330328 0.002738
0.566695 0.042405 0.044770 0.012489 0.000704 0.330206 0.002731
0.566851 0.042272 0.044711 0.012512 0.000698 0.330229 0.002728
0.567376 0.042263 0.044762 0.012506 0.000704 0.329646 0.002742
0.567016 0.042229 0.044929 0.012583 0.000720 0.329790 0.002733
0.567205 0.042163 0.044896 0.012620 0.000717 0.329640 0.002760
0.567635 0.042206 0.044794 0.012583 0.000718 0.329322 0.002744
0.567593 0.042156 0.044808 0.012600 0.000719 0.329364 0.002760
0.567567 0.042097 0.044919 0.012609 0.000726 0.329343 0.002739
0.567865 0.041969 0.044910 0.012557 0.000735 0.329205 0.002759
0.567793 0.042190 0.045023 0.012576 0.000740 0.328926 0.002753
0.567945 0.042106 0.044873 0.012496 0.000743 0.329077 0.002759
0.567852 0.042187 0.044742 0.012489 0.000743 0.329220 0.002766
0.568234 0.042269 0.044648 0.012458 0.000737 0.328877 0.002777
0.568131 0.042170 0.044516 0.012548 0.000735 0.329118 0.002782
0.568206 0.042174 0.044569 0.012468 0.000740 0.329055 0.002788
0.568063 0.042359 0.044641 0.012395 0.000735 0.329031 0.002777
0.568085 0.042354 0.044762 0.012395 0.000736 0.328891 0.002778
0.568496 0.042200 0.044635 0.012357 0.000740 0.328789 0.002784
0.567974 0.042372 0.044623 0.012377 0.000752 0.329128 0.002774
0.568309 0.042328 0.044565 0.012399 0.000764 0.328858 0.002777
0.568229 0.042475 0.044586 0.012327 0.000756 0.328837 0.002792
0.568857 0.042328 0.044397 0.012359 0.000750 0.328513 0.002796
0.568787 0.042334 0.044427 0.012416 0.000759 0.328492 0.002785
0.568833 0.042358 0.044452 0.012406 0.000749 0.328407 0.002794
0.568733 0.042441 0.044500 0.012424 0.000754 0.328355 0.002792
0.568393 0.042512 0.044507 0.012485 0.000759 0.328557 0.002788
0.568504 0.042553 0.044497 0.012538 0.000761 0.328346 0.002800
0.568654 0.042458 0.044538 0.012521 0.000747 0.328277 0.002804
0.568846 0.042536 0.044617 0.012490 0.000742 0.327967 0.002802
0.568755 0.042549 0.044501 0.012499 0.000743 0.328151 0.002802
0.568984 0.042558 0.044330 0.012477 0.000749 0.328087 0.002816
0.569118 0.042444 0.044429 0.012469 0.000739 0.327987 0.002814
0.569296 0.042368 0.044568 0.012468 0.000747 0.327743 0.002810
0.569278 0.042393 0.044491 0.012488 0.000750 0.327796 0.002805
0.569321 0.042313 0.044441 0.012429 0.000745 0.327938 0.002813
0.569248 0.042495 0.044318 0.012461 0.000744 0.327919 0.002814
0.569081 0.042607 0.044385 0.012516 0.000747 0.327840 0.002824
0.569220 0.042570 0.044370 0.012516 0.000745 0.327754 0.002826
0.569491 0.042613 0.044326 0.012501 0.000737 0.327515 0.002817
0.569346 0.042693 0.044354 0.012514 0.000737 0.327522 0.002834
0.569269 0.042617 0.044457 0.012575 0.000733 0.327502 0.002847
0.569325 0.042668 0.044487 0.012607 0.000730 0.327340 0.002843
0.569274 0.042687 0.044486 0.012631 0.000734 0.327343 0.002844
0.569148 0.042639 0.044522 0.012707 0.000732 0.327401 0.002851
0.569148 0.042659 0.044565 0.012686 0.000733 0.327343 0.002866
0.569370 0.042486 0.044507 0.012675 0.000729 0.327375 0.002858
0.569471 0.042456 0.044528 0.012665 0.000721 0.327307 0.002853
0.569395 0.042520 0.044620 0.012582 0.000733 0.327298 0.002852
0.569598 0.042458 0.044514 0.012557 0.000727 0.327283 0.002863
0.569498 0.042515 0.044605 0.012587 0.000732 0.327184 0.002878
0.569577 0.042581 0.044712 0.012585 0.000721 0.326947 0.002876
0.569542 0.042498 0.044769 0.012610 0.000712 0.327003 0.002867
0.569649 0.042300 0.044717 0.012639 0.000700 0.327113 0.002881
0.569744 0.042242 0.044770 0.012586 0.000706 0.327078 0.002874
0.569635 0.042322 0.044771 0.012634 0.000715 0.327045 0.002878
0.569516 0.042312 0.044854 0.012592 0.000718 0.327132 0.002876
0.570008 0.042040 0.044714 0.012614 0.000714 0.327023 0.002887
0.569865 0.042205 0.044763 0.012573 0.000720 0.326990 0.002884
0.570161 0.042123 0.044602 0.012551 0.000719 0.326948 0.002895
0.570088 0.042173 0.044594 0.012560 0.000715 0.326982 0.002888
0.569812 0.042140 0.044657 0.012596 0.000719 0.327168 0.002907
0.570428 0.042037 0.044643 0.012517 0.000710 0.326761 0.002905
0.570388 0.042142 0.044723 0.012477 0.000716 0.326653 0.002901
0.570528 0.041958 0.044699 0.012518 0.000702 0.326686 0.002908
0.570756 0.041867 0.044641 0.012550 0.000705 0.326570 0.002911
0.570541 0.041835 0.044561 0.012544 0.000715 0.326891 0.002913
0.570842 0.041766 0.044533 0.012472 0.000725 0.326747 0.002915
0.571094 0.041740 0.044466 0.012383 0.000718 0.326684 0.002913
0.570994 0.041876 0.044628 0.012415 0.000709 0.326460 0.002920
0.570882 0.041855 0.044660 0.012419 0.000712 0.326552 0.002920
0.571041 0.041876 0.044637 0.012371 0.000707 0.326439 0.002930
0.571329 0.042002 0.044545 0.012353 0.000709 0.326125 0.002937
0.571161 0.042035 0.044552 0.012406 0.000701 0.326209 0.002936
0.571403 0.041902 0.044555 0.012416 0.000709 0.326082 0.002932
0.571585 0.041951 0.044574 0.012373 0.000698 0.325873 0.002945
0.571144 0.041936 0.044641 0.012356 0.000701 0.326285 0.002937
0.571609 0.041892 0.044668 0.012372 0.000694 0.325820 0.002946
0.571684 0.041868 0.044694 0.012397 0.000692 0.325718 0.002947
0.571667 0.041823 0.044855 0.012451 0.000692 0.325544 0.002967
0.571599 0.041816 0.044788 0.012418 0.000693 0.325727 0.002958
0.571584 0.041875 0.044777 0.012417 0.000704 0.325690 0.002952
0.571371 0.041944 0.044627 0.012451 0.000704 0.325943 0.002960
0.571112 0.042044 0.044702 0.012535 0.000702 0.325953 0.002952
0.571481 0.041906 0.044620 0.012509 0.000706 0.325814 0.002965
0.571378 0.041988 0.044652 0.012500 0.000694 0.325831 0.002957
0.571493 0.041972 0.044593 0.012528 0.000707 0.325735 0.002971
0.571152 0.042050 0.044612 0.012504 0.000709 0.326011 0.002962
0.571246 0.041997 0.044593 0.012439 0.000709 0.326035 0.002981
0.571365 0.042048 0.044574 0.012482 0.000703 0.325848 0.002980
0.571469 0.042058 0.044528 0.012492 0.000705 0.325764 0.002985
0.571719 0.041990 0.044371 0.012484 0.000707 0.325736 0.002992
0.571468 0.042070 0.044381 0.012496 0.000708 0.325883 0.002994
0.571261 0.042177 0.044368 0.012461 0.000700 0.326032 0.003001
0.571481 0.042218 0.044365 0.012467 0.000704 0.325752 0.003013
0.571531 0.042246 0.044352 0.012402 0.000702 0.325762 0.003005
0.571671 0.042294 0.044339 0.012425 0.000707 0.325560 0.003004
0.571378 0.042441 0.044339 0.012402 0.000711 0.325714 0.003014
0.571483 0.042353 0.044399 0.012422 0.000731 0.325592 0.003018
0.571575 0.042559 0.044380 0.012428 0.000731 0.325288 0.003039
0.571491 0.042528 0.044266 0.012415 0.000739 0.325525 0.003035
0.571452 0.042510 0.044210 0.012434 0.000734 0.325626 0.003034
0.571276 0.042597 0.044224 0.012435 0.000746 0.325693 0.003030
0.571299 0.042584 0.044351 0.012438 0.000722 0.325570 0.003036
0.571459 0.042468 0.044377 0.012426 0.000730 0.325498 0.003042
0.571592 0.042502 0.044218 0.012464 0.000727 0.325441 0.003056
0.571298 0.042464 0.044275 0.012540 0.000728 0.325660 0.003036
0.571079 0.042582 0.044231 0.012565 0.000734 0.325756 0.003053
0.571454 0.042561 0.044120 0.012567 0.000735 0.325515 0.003047
0.571846 0.042470 0.044217 0.012612 0.000719 0.325085 0.003050
0.571502 0.042547 0.044228 0.012614 0.000723 0.325331 0.003055
0.571570 0.042403 0.044365 0.012613 0.000722 0.325278 0.003049
0.571955 0.042324 0.044313 0.012544 0.000720 0.325080 0.003065
0.571503 0.042250 0.044357 0.012504 0.000724 0.325599 0.003063
0.571569 0.042234 0.044345 0.012465 0.000713 0.325613 0.003062
0.571845 0.042211 0.044350 0.012459 0.000714 0.325357 0.003063
0.571900 0.042142 0.044413 0.012403 0.000720 0.325350 0.003072
0.571860 0.042217 0.044368 0.012396 0.000717 0.325370 0.003072
0.572014 0.042259 0.044397 0.012442 0.000712 0.325090 0.003087
0.571835 0.042179 0.044440 0.012420 0.000710 0.325342 0.003074
0.572051 0.042234 0.044434 0.012379 0.000725 0.325085 0.003092
0.572243 0.042276 0.044361 0.012429 0.000726 0.324868 0.003097
0.572053 0.042208 0.044454 0.012419 0.000729 0.325033 0.003105
0.572014 0.042239 0.044507 0.012425 0.000721 0.324983 0.003111
0.572239 0.042144 0.044534 0.012441 0.000721 0.324819 0.003103
0.572021 0.042001 0.044624 0.012391 0.000711 0.325138 0.003114
0.572366 0.041937 0.044563 0.012369 0.000702 0.324955 0.003109
0.572129 0.041968 0.044660 0.012415 0.000708 0.325002 0.003119
0.572097 0.042041 0.044633 0.012407 0.000709 0.324989 0.003125
0.572099 0.042111 0.044665 0.012413 0.000708 0.324882 0.003123
0.572009 0.042164 0.044706 0.012405 0.000708 0.324878 0.003129
0.572056 0.042224 0.044806 0.012378 0.000708 0.324691 0.003138
0.571990 0.042158 0.044783 0.012399 0.000714 0.324825 0.003131
0.572363 0.042189 0.044658 0.012392 0.000730 0.324534 0.003135
0.572501 0.042204 0.044511 0.012352 0.000717 0.324579 0.003136
0.571908 0.042304 0.044613 0.012450 0.000712 0.324870 0.003143
0.571976 0.042338 0.044532 0.012429 0.000708 0.324873 0.003143
0.572341 0.042338 0.044276 0.012452 0.000701 0.324747 0.003145
0.571857 0.042426 0.044443 0.012467 0.000702 0.324960 0.003146
0.572286 0.042389 0.044430 0.012402 0.000703 0.324638 0.003152
0.571951 0.042548 0.044517 0.012422 0.000698 0.324720 0.003144
0.571729 0.042578 0.044403 0.012434 0.000700 0.324999 0.003158
0.571733 0.042614 0.044526 0.012478 0.000702 0.324787 0.003161
0.572025 0.042619 0.044546 0.012468 0.000695 0.324505 0.003142
0.571545 0.042653 0.044730 0.012500 0.000697 0.324717 0.003158
0.571784 0.042534 0.044760 0.012477 0.000689 0.324587 0.003168
0.571659 0.042407 0.044769 0.012539 0.000696 0.324764 0.003166
0.571946 0.042352 0.044753 0.012504 0.000692 0.324595 0.003157
0.571736 0.042491 0.044890 0.012518 0.000707 0.324477 0.003180
0.571588 0.042418 0.044952 0.012455 0.000699 0.324704 0.003184
0.571710 0.042401 0.044936 0.012449 0.000710 0.324620 0.003174
0.572099 0.042268 0.044821 0.012403 0.000708 0.324530 0.003169
0.571679 0.042399 0.045009 0.012529 0.000717 0.324484 0.003184
0.571692 0.042522 0.045011 0.012536 0.000719 0.324338 0.003182
0.571643 0.042554 0.044999 0.012512 0.000725 0.324386 0.003182
0.571886 0.042600 0.044815 0.012529 0.000716 0.324266 0.003189
0.571447 0.042678 0.044965 0.012526 0.000724 0.324457 0.003203
0.571737 0.042628 0.044957 0.012461 0.000722 0.324297 0.003198
0.571567 0.042655 0.044854 0.012482 0.000733 0.324500 0.003209
0.571681 0.042660 0.044856 0.012467 0.000737 0.324385 0.003212
0.571662 0.042619 0.044999 0.012440 0.000738 0.324328 0.003214
0.571487 0.042715 0.044971 0.012391 0.000747 0.324477 0.003212
0.571269 0.042560 0.044998 0.012450 0.000747 0.324749 0.003226
0.571299 0.042607 0.044975 0.012510 0.000732 0.324663 0.003214
0.571899 0.042479 0.044855 0.012484 0.000731 0.324326 0.003226
0.571862 0.042490 0.044828 0.012488 0.000731 0.324381 0.003220
0.572061 0.042587 0.044783 0.012480 0.000740 0.324125 0.003224
0.571551 0.042586 0.044990 0.012490 0.000734 0.324427 0.003223
0.571559 0.042509 0.045076 0.012485 0.000736 0.324400 0.003235
0.571530 0.042356 0.045130 0.012497 0.000737 0.324509 0.003241
0.571711 0.042417 0.045211 0.012519 0.000744 0.324168 0.003230
0.571837 0.042295 0.045161 0.012496 0.000744 0.324243 0.003223
0.571925 0.042399 0.045038 0.012549 0.000751 0.324113 0.003226
0.571477 0.042506 0.045021 0.012479 0.000761 0.324508 0.003248
0.571463 0.042584 0.045122 0.012439 0.000759 0.324403 0.003230
0.571872 0.042462 0.045086 0.012449 0.000751 0.324140 0.003240
0.571769 0.042321 0.045147 0.012507 0.000750 0.324267 0.003240
0.571715 0.042245 0.045184 0.012474 0.000758 0.324372 0.003252
0.571938 0.042220 0.045127 0.012550 0.000753 0.324149 0.003263
0.571936 0.042206 0.045159 0.012512 0.000755 0.324176 0.003257
0.571926 0.042106 0.045140 0.012522 0.000754 0.324307 0.003245
0.571920 0.042092 0.045189 0.012503 0.000753 0.324279 0.003265
0.571832 0.042120 0.045285 0.012480 0.000756 0.324258 0.003269
0.571880 0.042208 0.045217 0.012525 0.000759 0.324151 0.003259
0.571573 0.042267 0.045158 0.012575 0.000759 0.324409 0.003259
0.571641 0.042336 0.045158 0.012587 0.000750 0.324271 0.003257
0.571642 0.042471 0.045113 0.012568 0.000755 0.324185 0.003267
0.571390 0.042487 0.045199 0.012632 0.000746 0.324263 0.003283
0.571494 0.042299 0.045128 0.012641 0.000747 0.324425 0.003267
0.571656 0.042277 0.045075 0.012588 0.000745 0.324375 0.003284
0.571909 0.042338 0.045040 0.012592 0.000752 0.324094 0.003275
0.571626 0.042336 0.045146 0.012650 0.000748 0.324219 0.003276
0.571569 0.042380 0.045095 0.012618 0.000754 0.324304 0.003280
0.571907 0.042306 0.045135 0.012568 0.000735 0.324062 0.003287
0.571801 0.042228 0.045131 0.012565 0.000744 0.324240 0.003291
0.571453 0.042219 0.045087 0.012577 0.000744 0.324620 0.003300
0.571369 0.042246 0.045211 0.012566 0.000732 0.324575 0.003301
0.571634 0.042223 0.045102 0.012554 0.000740 0.324466 0.003282
0.571692 0.042220 0.045078 0.012540 0.000742 0.324424 0.003304
0.572107 0.042090 0.045010 0.012527 0.000741 0.324239 0.003288
0.571718 0.042198 0.045022 0.012536 0.000741 0.324473 0.003312
0.571851 0.042130 0.045039 0.012515 0.000733 0.324408 0.003322
0.572316 0.042004 0.044950 0.012450 0.000734 0.324224 0.003322
0.571965 0.042110 0.044941 0.012494 0.000737 0.324438 0.003315
0.571877 0.042290 0.044858 0.012492 0.000741 0.324420 0.003322
0.571905 0.042211 0.044921 0.012476 0.000734 0.324425 0.003329
0.572066 0.042090 0.044902 0.012444 0.000736 0.324416 0.003346
0.572386 0.042117 0.044741 0.012407 0.000734 0.324284 0.003332
0.571996 0.042276 0.044710 0.012388 0.000733 0.324557 0.003340
0.571518 0.042404 0.044825 0.012406 0.000738 0.324768 0.003340
0.571800 0.042369 0.044770 0.012390 0.000731 0.324599 0.003341
0.572143 0.042282 0.044653 0.012321 0.000726 0.324519 0.003356
0.571942 0.042240 0.044724 0.012359 0.000724 0.324652 0.003359
0.572276 0.042194 0.044772 0.012335 0.000709 0.324354 0.003359
0.572293 0.042140 0.044742 0.012328 0.000702 0.324429 0.003366
0.572155 0.042102 0.044773 0.012320 0.000706 0.324579 0.003366
0.572344 0.042165 0.044668 0.012324 0.000704 0.324422 0.003373
0.572136 0.042224 0.044624 0.012335 0.000701 0.324616 0.003363
0.571967 0.042373 0.044756 0.012430 0.000691 0.324425 0.003358
0.571838 0.042299 0.044592 0.012469 0.000694 0.324727 0.003380
0.572373 0.042155 0.044563 0.012453 0.000692 0.324394 0.003369
0.572377 0.042237 0.044522 0.012426 0.000704 0.324358 0.003376
0.572430 0.042254 0.044496 0.012448 0.000701 0.324299 0.003372
0.572699 0.042222 0.044372 0.012444 0.000693 0.324186 0.003384
0.572564 0.042300 0.044508 0.012450 0.000687 0.324099 0.003393
0.572914 0.042302 0.044471 0.012352 0.000693 0.323884 0.003385
0.572479 0.042394 0.044571 0.012392 0.000691 0.324078 0.003395
0.572813 0.042398 0.044654 0.012440 0.000679 0.323632 0.003384
0.572791 0.042206 0.044588 0.012447 0.000676 0.323889 0.003403
0.572149 0.042246 0.044751 0.012369 0.000684 0.324403 0.003398
0.572679 0.042104 0.044756 0.012330 0.000677 0.324059 0.003395
0.572589 0.042208 0.044800 0.012312 0.000678 0.324015 0.003398
0.572496 0.042309 0.044725 0.012332 0.000672 0.324052 0.003414
0.572422 0.042344 0.044764 0.012352 0.000674 0.324042 0.003403
0.572303 0.042323 0.044811 0.012381 0.000670 0.324094 0.003417
0.572177 0.042348 0.044897 0.012325 0.000678 0.324170 0.003405
0.572466 0.042261 0.044718 0.012290 0.000678 0.324164 0.003423
0.572546 0.042291 0.044576 0.012317 0.000683 0.324174 0.003413
