0.596705 0.227894 0.065470 0.037686 0.000839 0.071395 0.000011
0.704908 0.272821 0.010296 0.005897 0.000067 0.006009 0.000002
0.441481 0.523709 0.021071 0.011871 0.000020 0.001847 0.000000
0.277215 0.644353 0.046510 0.026410 0.000069 0.005443 0.000001
0.179906 0.683443 0.079000 0.044827 0.000158 0.012665 0.000001
0.101239 0.688353 0.118131 0.067023 0.000307 0.024945 0.000002
0.060527 0.655699 0.154306 0.087543 0.000501 0.041419 0.000004
0.059738 0.599471 0.179192 0.101711 0.000728 0.059152 0.000008
0.044200 0.561276 0.200277 0.113894 0.000969 0.079373 0.000012
0.023383 0.519795 0.223817 0.127353 0.001304 0.104332 0.000016
0.020014 0.473339 0.239239 0.136021 0.001615 0.129749 0.000023
0.020800 0.434537 0.248091 0.140911 0.001917 0.153718 0.000026
0.010583 0.398196 0.259281 0.147247 0.002257 0.182403 0.000033
0.009141 0.362520 0.265374 0.150383 0.002567 0.209972 0.000043
0.008850 0.331536 0.268141 0.151852 0.002851 0.236721 0.000050
0.008911 0.303286 0.268971 0.152096 0.003129 0.263546 0.000061
0.009097 0.277730 0.268262 0.151599 0.003418 0.289818 0.000075
0.009388 0.254929 0.265728 0.150134 0.003683 0.316049 0.000089
0.009846 0.234967 0.262337 0.147994 0.003923 0.340829 0.000104
0.010447 0.216407 0.257788 0.145240 0.004159 0.365841 0.000118
0.010996 0.200223 0.252866 0.142436 0.004384 0.388961 0.000134
0.011662 0.185697 0.247087 0.139093 0.004558 0.411754 0.000149
0.012401 0.172543 0.240756 0.135566 0.004713 0.433854 0.000167
0.013241 0.160861 0.234223 0.132021 0.004871 0.454596 0.000187
0.014205 0.150516 0.227556 0.128137 0.004991 0.474386 0.000208
0.015322 0.141142 0.220576 0.124242 0.005105 0.493383 0.000231
0.016311 0.133187 0.213560 0.120281 0.005222 0.511184 0.000255
0.017347 0.126060 0.206685 0.116388 0.005324 0.527926 0.000270
0.018379 0.119663 0.200051 0.112461 0.005439 0.543716 0.000291
0.019564 0.114006 0.193210 0.108699 0.005489 0.558717 0.000314
0.020690 0.108996 0.186554 0.104958 0.005555 0.572905 0.000342
0.021845 0.104710 0.180155 0.101464 0.005634 0.585833 0.000359
0.023075 0.100938 0.174012 0.097984 0.005666 0.597945 0.000382
0.024350 0.097438 0.167992 0.094412 0.005697 0.609703 0.000409
0.025547 0.094397 0.162210 0.091174 0.005716 0.620523 0.000432
0.027048 0.091733 0.156521 0.087953 0.005742 0.630546 0.000456
0.028485 0.089297 0.151156 0.084940 0.005719 0.639918 0.000484
0.030017 0.087302 0.146013 0.082037 0.005696 0.648431 0.000503
0.031521 0.085709 0.141148 0.079280 0.005692 0.656124 0.000526
0.032929 0.084327 0.136552 0.076628 0.005698 0.663322 0.000544
0.034261 0.083149 0.132081 0.074137 0.005688 0.670109 0.000575
0.035661 0.082232 0.127909 0.071845 0.005632 0.676123 0.000598
0.037136 0.081419 0.123921 0.069568 0.005606 0.681726 0.000624
0.038469 0.080679 0.120317 0.067558 0.005553 0.686768 0.000655
0.039794 0.080247 0.116928 0.065512 0.005497 0.691346 0.000675
0.041124 0.079818 0.113546 0.063694 0.005419 0.695698 0.000700
0.042439 0.079521 0.110358 0.062025 0.005386 0.699546 0.000725
0.043691 0.079425 0.107462 0.060356 0.005334 0.702985 0.000747
0.045065 0.079128 0.104766 0.058986 0.005279 0.706010 0.000766
0.046319 0.078981 0.102355 0.057624 0.005221 0.708715 0.000784
0.047668 0.078822 0.099822 0.056334 0.005125 0.711417 0.000812
0.048928 0.078879 0.097751 0.055148 0.005075 0.713392 0.000828
0.050085 0.078842 0.095793 0.054012 0.004995 0.715425 0.000847
0.051460 0.078804 0.093890 0.052971 0.004931 0.717071 0.000873
0.052578 0.078878 0.092183 0.052068 0.004874 0.718529 0.000892
0.053539 0.078994 0.090552 0.051244 0.004808 0.719943 0.000919
0.054719 0.079067 0.089058 0.050440 0.004733 0.721038 0.000944
0.055758 0.079278 0.087685 0.049587 0.004649 0.722074 0.000969
0.056761 0.079559 0.086577 0.048866 0.004589 0.722660 0.000988
0.057814 0.079785 0.085501 0.048185 0.004541 0.723173 0.001000
0.058767 0.080038 0.084433 0.047648 0.004499 0.723589 0.001026
0.059599 0.080260 0.083429 0.047207 0.004447 0.724018 0.001039
0.060605 0.080669 0.082517 0.046723 0.004366 0.724060 0.001060
0.061364 0.081099 0.081636 0.046320 0.004285 0.724214 0.001083
0.062166 0.081496 0.080971 0.045836 0.004238 0.724187 0.001106
0.062934 0.081943 0.080285 0.045480 0.004183 0.724046 0.001129
0.063755 0.082249 0.079620 0.045114 0.004138 0.723980 0.001144
0.064328 0.082686 0.079095 0.044770 0.004067 0.723900 0.001154
0.064893 0.083054 0.078629 0.044462 0.004025 0.723770 0.001169
0.065472 0.083470 0.078213 0.044263 0.003952 0.723449 0.001180
0.066142 0.083653 0.077826 0.044096 0.003922 0.723168 0.001192
0.066557 0.084158 0.077547 0.043890 0.003871 0.722757 0.001218
0.067092 0.084393 0.077353 0.043743 0.003834 0.722358 0.001228
0.067543 0.084672 0.077183 0.043620 0.003779 0.721953 0.001250
0.067973 0.085067 0.076951 0.043523 0.003731 0.721485 0.001269
0.068347 0.085286 0.076931 0.043397 0.003702 0.721062 0.001273
0.068744 0.085552 0.076744 0.043320 0.003662 0.720685 0.001293
0.069209 0.085793 0.076471 0.043247 0.003642 0.720328 0.001310
0.069703 0.085968 0.076419 0.043126 0.003595 0.719861 0.001328
0.070115 0.086105 0.076324 0.043103 0.003570 0.719431 0.001352
0.070331 0.086579 0.076227 0.043010 0.003546 0.718935 0.001372
0.070722 0.086883 0.076329 0.042945 0.003506 0.718232 0.001385
0.071025 0.087136 0.076333 0.042948 0.003483 0.717678 0.001397
0.071255 0.087306 0.076368 0.042875 0.003483 0.717297 0.001417
0.071550 0.087501 0.076398 0.042947 0.003446 0.716723 0.001435
0.071879 0.087641 0.076397 0.042954 0.003427 0.716249 0.001452
0.072166 0.087857 0.076281 0.042981 0.003411 0.715848 0.001456
0.072275 0.087998 0.076369 0.042929 0.003382 0.715582 0.001465
0.072715 0.088083 0.076322 0.042876 0.003356 0.715164 0.001484
0.072873 0.088288 0.076237 0.042925 0.003339 0.714846 0.001491
0.073097 0.088477 0.076185 0.042982 0.003322 0.714427 0.001510
0.073123 0.088689 0.076194 0.043004 0.003314 0.714158 0.001517
0.073341 0.088758 0.076338 0.043048 0.003277 0.713710 0.001529
0.073623 0.088711 0.076418 0.043126 0.003261 0.713316 0.001546
0.073865 0.088744 0.076508 0.043213 0.003231 0.712879 0.001560
0.073931 0.088935 0.076671 0.043338 0.003184 0.712366 0.001574
0.074062 0.088933 0.076635 0.043381 0.003151 0.712260 0.001578
0.074269 0.089080 0.076722 0.043447 0.003134 0.711749 0.001599
0.074402 0.089123 0.076857 0.043500 0.003114 0.711388 0.001616
0.074518 0.089121 0.076811 0.043549 0.003094 0.711276 0.001631
0.074752 0.089187 0.076838 0.043634 0.003087 0.710855 0.001647
0.074950 0.089310 0.076808 0.043709 0.003052 0.710504 0.001667
0.074968 0.089465 0.076787 0.043716 0.003040 0.710342 0.001683
0.075040 0.089551 0.076816 0.043709 0.003026 0.710160 0.001697
0.075155 0.089676 0.076810 0.043752 0.003017 0.709878 0.001712
0.075259 0.089666 0.076750 0.043879 0.003012 0.709715 0.001718
0.075506 0.089722 0.076754 0.043913 0.002978 0.709399 0.001729
0.075649 0.089727 0.076883 0.043862 0.002969 0.709158 0.001752
0.075628 0.089792 0.077014 0.044008 0.002974 0.708825 0.001758
0.075736 0.089788 0.077076 0.043966 0.002965 0.708697 0.001774
0.075830 0.089909 0.077122 0.043969 0.002961 0.708426 0.001783
0.075871 0.090071 0.077070 0.044016 0.002958 0.708220 0.001794
0.075893 0.090109 0.077046 0.044149 0.002954 0.708046 0.001803
0.075838 0.090344 0.077092 0.044203 0.002950 0.707756 0.001818
0.075787 0.090521 0.077264 0.044256 0.002956 0.707389 0.001826
0.075688 0.090651 0.077376 0.044121 0.002943 0.707396 0.001825
0.075749 0.090790 0.077466 0.044143 0.002922 0.707091 0.001840
0.075720 0.090957 0.077394 0.044263 0.002905 0.706902 0.001858
0.075873 0.090847 0.077429 0.044327 0.002907 0.706747 0.001871
0.075855 0.090776 0.077558 0.044318 0.002910 0.706705 0.001878
0.075841 0.090786 0.077645 0.044377 0.002905 0.706547 0.001899
0.075802 0.090751 0.077630 0.044414 0.002888 0.706614 0.001901
0.076766 0.089661 0.077689 0.044397 0.002875 0.706698 0.001913
0.081347 0.085316 0.077768 0.044232 0.002870 0.706538 0.001928
0.087584 0.079889 0.077504 0.043771 0.002838 0.706473 0.001941
0.094120 0.074385 0.077063 0.043185 0.002842 0.706450 0.001955
0.101088 0.069305 0.076144 0.042425 0.002827 0.706252 0.001959
0.108185 0.064492 0.075142 0.041593 0.002806 0.705814 0.001969
0.115232 0.060152 0.073992 0.040579 0.002795 0.705266 0.001984
0.122238 0.056332 0.072608 0.039563 0.002783 0.704480 0.001995
0.129324 0.052795 0.071068 0.038444 0.002773 0.703591 0.002006
0.136439 0.049532 0.069547 0.037182 0.002742 0.702539 0.002018
0.143449 0.046669 0.068049 0.036009 0.002731 0.701058 0.002036
0.150155 0.044273 0.066309 0.034760 0.002731 0.699719 0.002052
0.156919 0.042052 0.064520 0.033487 0.002700 0.698267 0.002055
0.163622 0.040059 0.062738 0.032354 0.002679 0.696479 0.002069
0.170410 0.038215 0.061078 0.031067 0.002653 0.694484 0.002093
0.176961 0.036727 0.059404 0.029892 0.002628 0.692305 0.002083
0.183622 0.035308 0.057704 0.028770 0.002597 0.689896 0.002102
0.190113 0.034022 0.056141 0.027657 0.002561 0.687391 0.002115
0.196578 0.032886 0.054519 0.026589 0.002533 0.684777 0.002119
0.202930 0.031835 0.053073 0.025543 0.002488 0.681991 0.002139
0.209344 0.030911 0.051623 0.024546 0.002450 0.678981 0.002145
0.215735 0.030147 0.050149 0.023600 0.002409 0.675809 0.002152
0.222088 0.029385 0.048833 0.022648 0.002372 0.672511 0.002163
0.228321 0.028740 0.047504 0.021780 0.002341 0.669127 0.002188
0.234377 0.028152 0.046213 0.020924 0.002293 0.665844 0.002197
0.240561 0.027533 0.045006 0.020131 0.002266 0.662296 0.002207
0.246755 0.027055 0.043671 0.019418 0.002216 0.658672 0.002213
0.252675 0.026584 0.042674 0.018756 0.002161 0.654927 0.002223
0.258955 0.026127 0.041591 0.017987 0.002123 0.650979 0.002238
0.265034 0.025785 0.040578 0.017344 0.002086 0.646923 0.002251
0.271203 0.025413 0.039515 0.016710 0.002037 0.642865 0.002257
0.276912 0.025119 0.038614 0.016133 0.001993 0.638972 0.002257
0.282822 0.024851 0.037791 0.015529 0.001958 0.634776 0.002273
0.288567 0.024627 0.036977 0.014942 0.001921 0.630684 0.002282
0.294313 0.024329 0.036254 0.014494 0.001877 0.626450 0.002283
0.299989 0.024183 0.035375 0.014036 0.001853 0.622264 0.002300
0.305670 0.024020 0.034666 0.013585 0.001834 0.617921 0.002304
0.311461 0.023871 0.034004 0.013147 0.001787 0.613414 0.002316
0.316994 0.023587 0.033371 0.012783 0.001756 0.609193 0.002317
0.322354 0.023401 0.032790 0.012345 0.001712 0.605075 0.002322
0.327794 0.023310 0.032172 0.011975 0.001668 0.600747 0.002335
0.333247 0.023180 0.031652 0.011676 0.001651 0.596270 0.002323
0.338373 0.023067 0.031184 0.011401 0.001613 0.592005 0.002358
0.343472 0.023005 0.030725 0.011116 0.001562 0.587773 0.002348
0.348769 0.023010 0.030264 0.010847 0.001528 0.583224 0.002357
0.354099 0.022987 0.029738 0.010620 0.001507 0.578689 0.002361
0.359004 0.022920 0.029382 0.010337 0.001479 0.574509 0.002368
0.364102 0.022847 0.029021 0.010099 0.001444 0.570107 0.002381
0.368778 0.022894 0.028772 0.009942 0.001395 0.565832 0.002388
0.373840 0.022841 0.028432 0.009723 0.001362 0.561407 0.002394
0.378178 0.023051 0.028148 0.009603 0.001313 0.557303 0.002404
0.383081 0.023023 0.027840 0.009428 0.001288 0.552931 0.002408
0.388033 0.023079 0.027580 0.009274 0.001265 0.548354 0.002415
0.392592 0.023184 0.027384 0.009142 0.001238 0.544045 0.002416
0.396889 0.023250 0.027196 0.008987 0.001199 0.540055 0.002423
0.401274 0.023367 0.026983 0.008854 0.001191 0.535893 0.002438
0.405340 0.023580 0.026761 0.008706 0.001163 0.532013 0.002437
0.409561 0.023706 0.026581 0.008655 0.001131 0.527922 0.002443
0.413709 0.023764 0.026496 0.008560 0.001116 0.523894 0.002461
0.417785 0.023912 0.026352 0.008514 0.001087 0.519893 0.002458
0.421936 0.024002 0.026224 0.008448 0.001060 0.515872 0.002458
0.425899 0.024040 0.026086 0.008415 0.001039 0.512051 0.002470
0.429870 0.024184 0.025988 0.008338 0.001026 0.508118 0.002476
0.433528 0.024402 0.025855 0.008258 0.001003 0.504474 0.002479
0.437152 0.024712 0.025865 0.008238 0.000983 0.500558 0.002492
0.440803 0.024899 0.025757 0.008201 0.000962 0.496899 0.002479
0.444489 0.025096 0.025829 0.008226 0.000939 0.492917 0.002503
0.448120 0.025258 0.025736 0.008178 0.000928 0.489269 0.002511
0.451610 0.025586 0.025770 0.008105 0.000921 0.485521 0.002487
0.454870 0.025807 0.025857 0.008103 0.000901 0.481945 0.002516
0.458224 0.025942 0.025881 0.008082 0.000886 0.478473 0.002511
0.461341 0.026109 0.026042 0.008067 0.000869 0.475058 0.002514
0.464592 0.026299 0.026081 0.008147 0.000845 0.471490 0.002545
0.467462 0.026715 0.026246 0.008204 0.000833 0.468002 0.002538
0.470495 0.026948 0.026356 0.008212 0.000814 0.464643 0.002533
0.473541 0.027199 0.026364 0.008170 0.000784 0.461406 0.002535
0.476176 0.027554 0.026446 0.008220 0.000771 0.458297 0.002536
0.478949 0.027704 0.026558 0.008252 0.000756 0.455222 0.002558
0.481173 0.028170 0.026860 0.008318 0.000736 0.452194 0.002549
0.484147 0.028415 0.026999 0.008369 0.000731 0.448783 0.002555
0.486638 0.028730 0.027157 0.008367 0.000720 0.445827 0.002561
0.489102 0.028974 0.027279 0.008419 0.000716 0.442959 0.002552
0.491904 0.029142 0.027375 0.008452 0.000705 0.439869 0.002553
0.494461 0.029432 0.027619 0.008450 0.000708 0.436762 0.002568
0.496622 0.029736 0.027827 0.008499 0.000699 0.434046 0.002570
0.498923 0.030050 0.028006 0.008578 0.000695 0.431185 0.002563
0.501238 0.030297 0.028319 0.008646 0.000694 0.428236 0.002571
0.503374 0.030557 0.028464 0.008714 0.000679 0.425642 0.002571
0.505485 0.030993 0.028632 0.008738 0.000670 0.422900 0.002583
0.507206 0.031390 0.028999 0.008790 0.000677 0.420362 0.002577
0.509377 0.031676 0.029138 0.008829 0.000669 0.417724 0.002587
0.510752 0.032057 0.029467 0.008955 0.000655 0.415526 0.002587
0.512629 0.032263 0.029697 0.008996 0.000651 0.413160 0.002603
0.514622 0.032546 0.029978 0.009043 0.000645 0.410580 0.002586
0.516048 0.032775 0.030356 0.009194 0.000633 0.408386 0.002609
0.517753 0.033067 0.030589 0.009213 0.000633 0.406146 0.002599
0.519374 0.033466 0.030874 0.009302 0.000633 0.403733 0.002617
0.521391 0.033723 0.031044 0.009353 0.000625 0.401261 0.002605
0.522450 0.034230 0.031417 0.009449 0.000626 0.399228 0.002601
0.523966 0.034502 0.031603 0.009536 0.000622 0.397160 0.002612
0.525572 0.034748 0.031844 0.009638 0.000609 0.394984 0.002605
0.526650 0.035051 0.032155 0.009713 0.000610 0.393203 0.002618
0.527825 0.035358 0.032523 0.009788 0.000604 0.391281 0.002621
0.529181 0.035606 0.032775 0.009832 0.000609 0.389377 0.002619
0.530513 0.035839 0.033102 0.009962 0.000610 0.387352 0.002621
0.531555 0.035986 0.033562 0.010047 0.000614 0.385603 0.002632
0.532620 0.036336 0.033729 0.010057 0.000616 0.384024 0.002618
0.534105 0.036658 0.033971 0.010132 0.000616 0.381888 0.002629
0.534834 0.036952 0.034309 0.010188 0.000624 0.380472 0.002620
0.535970 0.037188 0.034604 0.010297 0.000611 0.378691 0.002639
0.536921 0.037291 0.034987 0.010347 0.000606 0.377208 0.002639
0.538079 0.037454 0.035201 0.010432 0.000619 0.375579 0.002635
0.538949 0.037650 0.035511 0.010480 0.000621 0.374153 0.002636
0.539859 0.037842 0.035781 0.010548 0.000619 0.372707 0.002644
0.540463 0.037919 0.036109 0.010627 0.000622 0.371623 0.002638
0.541616 0.038076 0.036303 0.010583 0.000624 0.370155 0.002643
0.542470 0.038150 0.036497 0.010706 0.000630 0.368910 0.002636
0.543307 0.038344 0.036760 0.010731 0.000639 0.367564 0.002655
0.544233 0.038549 0.036969 0.010820 0.000635 0.366135 0.002659
0.544774 0.038799 0.037311 0.010886 0.000617 0.364964 0.002649
0.545620 0.039121 0.037525 0.010891 0.000617 0.363552 0.002675
0.545950 0.039324 0.037830 0.011019 0.000625 0.362590 0.002663
0.546558 0.039378 0.038083 0.011058 0.000613 0.361636 0.002674
0.546874 0.039541 0.038290 0.011172 0.000618 0.360840 0.002665
0.547733 0.039674 0.038513 0.011272 0.000621 0.359506 0.002681
0.548097 0.039824 0.038704 0.011329 0.000620 0.358747 0.002679
0.548724 0.039884 0.039035 0.011408 0.000622 0.357647 0.002680
0.549460 0.040020 0.039193 0.011435 0.000640 0.356577 0.002676
0.549913 0.040094 0.039382 0.011471 0.000640 0.355813 0.002687
0.550122 0.040245 0.039669 0.011522 0.000648 0.355103 0.002691
0.550579 0.040384 0.039736 0.011536 0.000639 0.354445 0.002681
0.551194 0.040446 0.039896 0.011633 0.000645 0.353498 0.002689
0.551770 0.040451 0.039968 0.011643 0.000643 0.352823 0.002701
0.552263 0.040510 0.040077 0.011739 0.000653 0.352060 0.002697
0.552756 0.040501 0.040370 0.011822 0.000641 0.351210 0.002699
0.553403 0.040417 0.040499 0.011851 0.000645 0.350505 0.002681
0.553847 0.040616 0.040506 0.011764 0.000649 0.349921 0.002698
0.554612 0.040601 0.040632 0.011759 0.000652 0.349040 0.002705
0.555067 0.040624 0.040917 0.011803 0.000640 0.348256 0.002693
0.555093 0.040610 0.041134 0.011794 0.000644 0.348021 0.002704
0.555780 0.040587 0.041335 0.011818 0.000652 0.347118 0.002709
0.556100 0.040682 0.041508 0.011868 0.000645 0.346490 0.002708
0.556417 0.040778 0.041662 0.011906 0.000653 0.345859 0.002725
0.556826 0.040826 0.041690 0.011929 0.000649 0.345361 0.002719
0.557556 0.040731 0.041583 0.011822 0.000643 0.344953 0.002712
0.558068 0.040695 0.041700 0.011843 0.000659 0.344317 0.002718
0.558304 0.040727 0.041828 0.011891 0.000665 0.343868 0.002716
0.558631 0.040604 0.041903 0.011961 0.000669 0.343496 0.002735
0.559373 0.040491 0.042020 0.011930 0.000675 0.342774 0.002737
0.559763 0.040336 0.042096 0.011975 0.000683 0.342414 0.002734
0.560328 0.040262 0.042154 0.011985 0.000687 0.341838 0.002746
0.560686 0.040189 0.042184 0.011981 0.000687 0.341531 0.002742
0.561215 0.040259 0.042115 0.011915 0.000686 0.341064 0.002746
0.561974 0.040282 0.042080 0.011921 0.000683 0.340305 0.002755
0.562019 0.040313 0.042129 0.011937 0.000681 0.340181 0.002741
0.562617 0.040265 0.042053 0.011918 0.000688 0.339698 0.002761
0.562986 0.040276 0.042003 0.011933 0.000676 0.339368 0.002759
0.563108 0.040349 0.042096 0.012023 0.000683 0.338972 0.002769
0.563695 0.040257 0.041971 0.012032 0.000693 0.338575 0.002776
0.564596 0.040271 0.041952 0.011985 0.000691 0.337741 0.002764
0.564441 0.040311 0.041968 0.011954 0.000694 0.337850 0.002782
0.564743 0.040428 0.042099 0.011955 0.000699 0.337312 0.002765
0.565177 0.040156 0.042212 0.011947 0.000693 0.337032 0.002783
0.565739 0.040152 0.042234 0.011922 0.000704 0.336470 0.002779
0.566094 0.040134 0.042250 0.011965 0.000691 0.336079 0.002787
0.566376 0.040174 0.042316 0.011975 0.000698 0.335681 0.002780
0.566543 0.040287 0.042350 0.012027 0.000690 0.335319 0.002784
0.567351 0.040015 0.042273 0.012027 0.000685 0.334863 0.002786
0.567766 0.040178 0.042194 0.011985 0.000685 0.334390 0.002802
0.568311 0.039940 0.042150 0.011981 0.000688 0.334129 0.002803
0.568560 0.039961 0.042219 0.011944 0.000693 0.333831 0.002792
0.568909 0.039979 0.042398 0.011896 0.000684 0.333346 0.002788
0.569396 0.039911 0.042189 0.011883 0.000694 0.333125 0.002802
0.569559 0.039903 0.042408 0.011882 0.000687 0.332765 0.002797
0.570080 0.040007 0.042361 0.011889 0.000689 0.332178 0.002797
0.570260 0.040035 0.042259 0.011901 0.000678 0.332062 0.002806
0.570922 0.040091 0.042180 0.011887 0.000673 0.331434 0.002813
0.570750 0.040249 0.042221 0.011893 0.000667 0.331409 0.002811
0.571026 0.040352 0.042195 0.011900 0.000664 0.331038 0.002824
0.571483 0.040238 0.042177 0.011928 0.000664 0.330691 0.002819
0.571525 0.040129 0.042301 0.011930 0.000668 0.330624 0.002822
0.571736 0.040222 0.042287 0.011895 0.000671 0.330355 0.002835
0.572695 0.040115 0.042202 0.011849 0.000665 0.329640 0.002834
0.572640 0.040055 0.042297 0.011855 0.000655 0.329665 0.002832
0.572805 0.040139 0.042302 0.011858 0.000664 0.329393 0.002838
0.573239 0.040134 0.042342 0.011823 0.000665 0.328965 0.002832
0.573455 0.040080 0.042479 0.011855 0.000663 0.328624 0.002843
0.573413 0.040030 0.042460 0.011863 0.000658 0.328726 0.002850
0.573999 0.040071 0.042485 0.011878 0.000665 0.328060 0.002842
0.574236 0.040010 0.042496 0.011959 0.000661 0.327780 0.002859
0.574237 0.040013 0.042453 0.011941 0.000667 0.327843 0.002846
0.574585 0.040010 0.042492 0.011954 0.000668 0.327436 0.002856
0.575069 0.039971 0.042400 0.011958 0.000680 0.327054 0.002868
0.575545 0.040008 0.042305 0.011937 0.000669 0.326678 0.002857
0.575604 0.040013 0.042372 0.011889 0.000670 0.326589 0.002863
0.575780 0.040005 0.042420 0.011890 0.000676 0.326365 0.002864
0.576332 0.039897 0.042325 0.011913 0.000676 0.325996 0.002860
0.576332 0.040066 0.042381 0.011922 0.000667 0.325763 0.002869
0.576526 0.040108 0.042344 0.011889 0.000669 0.325583 0.002881
0.576810 0.040241 0.042296 0.011809 0.000666 0.325297 0.002882
0.576869 0.040287 0.042381 0.011791 0.000666 0.325114 0.002891
0.577661 0.040278 0.042149 0.011808 0.000660 0.324553 0.002892
0.578029 0.040218 0.042193 0.011807 0.000678 0.324177 0.002898
0.578035 0.040276 0.042288 0.011831 0.000683 0.324001 0.002886
0.578252 0.040410 0.042271 0.011794 0.000665 0.323722 0.002886
0.578354 0.040412 0.042342 0.011826 0.000674 0.323492 0.002901
0.578512 0.040324 0.042240 0.011761 0.000666 0.323612 0.002884
0.578931 0.040257 0.042328 0.011790 0.000656 0.323155 0.002884
0.578984 0.040264 0.042308 0.011780 0.000651 0.323107 0.002905
0.579451 0.040245 0.042289 0.011766 0.000670 0.322680 0.002899
0.579592 0.040179 0.042399 0.011757 0.000673 0.322489 0.002911
0.579732 0.040271 0.042306 0.011807 0.000675 0.322291 0.002919
0.579628 0.040339 0.042373 0.011797 0.000668 0.322287 0.002908
0.580104 0.040228 0.042322 0.011847 0.000665 0.321919 0.002916
0.580139 0.040164 0.042325 0.011824 0.000667 0.321960 0.002922
0.580339 0.040088 0.042420 0.011837 0.000664 0.321733 0.002919
0.580651 0.040008 0.042295 0.011857 0.000669 0.321598 0.002923
0.580721 0.040188 0.042253 0.011883 0.000668 0.321378 0.002909
0.580564 0.040145 0.042250 0.011930 0.000666 0.321522 0.002923
0.581294 0.040098 0.042136 0.011928 0.000673 0.320950 0.002921
0.581337 0.040117 0.042194 0.011873 0.000689 0.320866 0.002924
0.581074 0.040160 0.042308 0.011933 0.000690 0.320903 0.002932
0.581750 0.040040 0.042124 0.011869 0.000695 0.320584 0.002937
0.581776 0.040251 0.042085 0.011796 0.000682 0.320480 0.002930
0.582215 0.040196 0.042047 0.011826 0.000689 0.320081 0.002946
0.582526 0.040043 0.041992 0.011801 0.000688 0.320001 0.002949
0.582071 0.040200 0.042096 0.011838 0.000696 0.320160 0.002938
0.582175 0.040169 0.042006 0.011904 0.000696 0.320098 0.002952
0.582477 0.040143 0.042018 0.011900 0.000702 0.319806 0.002955
0.583068 0.040231 0.042022 0.011898 0.000695 0.319121 0.002965
0.583271 0.040112 0.042085 0.011840 0.000688 0.319039 0.002966
0.583273 0.040271 0.042173 0.011811 0.000687 0.318824 0.002961
0.583476 0.040178 0.042327 0.011803 0.000691 0.318555 0.002970
0.583427 0.040126 0.042332 0.011795 0.000694 0.318635 0.002991
0.583457 0.040312 0.042300 0.011813 0.000694 0.318441 0.002983
0.583455 0.040395 0.042353 0.011876 0.000687 0.318261 0.002974
0.583520 0.040471 0.042435 0.011920 0.000687 0.317998 0.002969
0.583939 0.040421 0.042380 0.011865 0.000683 0.317725 0.002987
0.583660 0.040534 0.042438 0.011908 0.000686 0.317778 0.002997
0.584027 0.040342 0.042387 0.011890 0.000692 0.317673 0.002990
0.583946 0.040354 0.042409 0.011932 0.000696 0.317665 0.002999
0.583925 0.040524 0.042485 0.011897 0.000686 0.317498 0.002985
0.584322 0.040486 0.042483 0.011827 0.000693 0.317188 0.003000
0.584083 0.040464 0.042587 0.011825 0.000675 0.317372 0.002995
0.584086 0.040460 0.042683 0.011802 0.000681 0.317290 0.002997
0.584468 0.040363 0.042577 0.011773 0.000685 0.317135 0.002998
0.584492 0.040418 0.042699 0.011756 0.000694 0.316938 0.003004
0.584385 0.040493 0.042757 0.011781 0.000700 0.316865 0.003019
0.584781 0.040374 0.042615 0.011824 0.000695 0.316711 0.003001
0.585033 0.040401 0.042636 0.011838 0.000693 0.316389 0.003010
0.585100 0.040368 0.042582 0.011884 0.000699 0.316353 0.003014
0.585018 0.040411 0.042609 0.011912 0.000694 0.316347 0.003009
0.585199 0.040410 0.042654 0.011900 0.000698 0.316128 0.003011
0.585471 0.040115 0.042726 0.011937 0.000712 0.316017 0.003023
0.585449 0.040209 0.042645 0.011935 0.000706 0.316027 0.003028
0.585632 0.040224 0.042640 0.011919 0.000708 0.315840 0.003036
0.585793 0.040384 0.042550 0.011943 0.000715 0.315582 0.003034
0.585759 0.040317 0.042564 0.011977 0.000712 0.315642 0.003028
0.585888 0.040331 0.042540 0.011978 0.000704 0.315518 0.003041
0.585883 0.040373 0.042541 0.012028 0.000707 0.315445 0.003023
0.586197 0.040339 0.042458 0.011974 0.000702 0.315276 0.003054
0.586179 0.040407 0.042474 0.011985 0.000715 0.315218 0.003022
0.586108 0.040407 0.042603 0.011960 0.000712 0.315164 0.003048
0.586738 0.040179 0.042505 0.011931 0.000701 0.314897 0.003049
0.586314 0.040302 0.042542 0.011953 0.000721 0.315130 0.003038
0.586470 0.040226 0.042435 0.011912 0.000726 0.315172 0.003059
0.586605 0.040312 0.042361 0.011893 0.000717 0.315050 0.003062
0.586560 0.040435 0.042402 0.011940 0.000721 0.314882 0.003059
0.586442 0.040441 0.042442 0.011912 0.000720 0.314979 0.003065
0.586719 0.040381 0.042444 0.011911 0.000722 0.314766 0.003057
0.586885 0.040387 0.042470 0.011935 0.000721 0.314532 0.003070
0.586696 0.040404 0.042472 0.011933 0.000721 0.314694 0.003080
0.587175 0.040233 0.042418 0.011956 0.000712 0.314440 0.003066
0.587297 0.040314 0.042554 0.011992 0.000709 0.314045 0.003090
0.587402 0.040289 0.042542 0.011989 0.000721 0.313970 0.003087
0.587389 0.040308 0.042536 0.011939 0.000713 0.314016 0.003098
0.587350 0.040430 0.042471 0.011936 0.000713 0.313999 0.003100
0.587351 0.040525 0.042559 0.011956 0.000711 0.313792 0.003106
0.587639 0.040384 0.042506 0.011958 0.000696 0.313708 0.003109
0.587650 0.040339 0.042484 0.011994 0.000703 0.313719 0.003111
0.587696 0.040372 0.042553 0.012036 0.000714 0.313516 0.003114
0.587674 0.040463 0.042527 0.012001 0.000712 0.313502 0.003121
0.587685 0.040554 0.042455 0.011970 0.000711 0.313499 0.003126
0.587565 0.040709 0.042470 0.011920 0.000714 0.313505 0.003117
0.587669 0.040695 0.042543 0.011883 0.000711 0.313372 0.003126
0.588033 0.040599 0.042533 0.011884 0.000700 0.313115 0.003135
0.588195 0.040498 0.042507 0.011938 0.000706 0.313032 0.003123
0.588018 0.040457 0.042643 0.011975 0.000707 0.313068 0.003132
0.588069 0.040422 0.042625 0.011931 0.000706 0.313114 0.003133
0.588167 0.040316 0.042589 0.011959 0.000709 0.313123 0.003138
0.588219 0.040324 0.042722 0.011960 0.000702 0.312936 0.003137
0.588090 0.040346 0.042705 0.011920 0.000710 0.313084 0.003145
0.588275 0.040370 0.042764 0.011877 0.000717 0.312847 0.003150
0.588684 0.040422 0.042628 0.011895 0.000709 0.312514 0.003147
0.588607 0.040433 0.042569 0.011937 0.000702 0.312595 0.003156
0.588782 0.040459 0.042563 0.011933 0.000704 0.312408 0.003151
0.588992 0.040423 0.042471 0.011926 0.000701 0.312329 0.003157
0.589028 0.040414 0.042432 0.011902 0.000709 0.312360 0.003157
0.589016 0.040386 0.042569 0.011863 0.000706 0.312296 0.003164
0.588944 0.040454 0.042611 0.011879 0.000709 0.312239 0.003166
0.589491 0.040459 0.042624 0.011894 0.000697 0.311665 0.003169
0.589251 0.040399 0.042637 0.011898 0.000704 0.311941 0.003170
0.589132 0.040534 0.042645 0.011886 0.000705 0.311944 0.003154
0.589151 0.040421 0.042685 0.011885 0.000698 0.311991 0.003170
0.588996 0.040408 0.042738 0.011878 0.000699 0.312095 0.003186
0.589261 0.040415 0.042744 0.011886 0.000696 0.311821 0.003177
0.588931 0.040338 0.042912 0.011859 0.000688 0.312092 0.003181
0.589583 0.040347 0.042709 0.011787 0.000700 0.311686 0.003189
0.589330 0.040503 0.042736 0.011788 0.000710 0.311762 0.003172
0.589445 0.040455 0.042631 0.011725 0.000710 0.311860 0.003174
0.589336 0.040531 0.042812 0.011754 0.000707 0.311680 0.003181
0.589451 0.040510 0.042834 0.011792 0.000716 0.311504 0.003194
0.589631 0.040552 0.042670 0.011725 0.000708 0.311511 0.003203
0.589253 0.040716 0.042801 0.011785 0.000717 0.311524 0.003204
0.588821 0.040848 0.042887 0.011875 0.000721 0.311639 0.003209
0.589037 0.040700 0.042865 0.011849 0.000720 0.311624 0.003205
0.589169 0.040863 0.042919 0.011821 0.000729 0.311293 0.003205
0.588870 0.040870 0.042881 0.011835 0.000732 0.311616 0.003195
0.588853 0.040825 0.042841 0.011833 0.000734 0.311688 0.003225
0.589163 0.040858 0.042868 0.011868 0.000734 0.311304 0.003204
0.588727 0.040928 0.042961 0.011895 0.000735 0.311520 0.003234
0.589049 0.040777 0.043013 0.011886 0.000729 0.311319 0.003226
0.589014 0.040835 0.042999 0.011923 0.000730 0.311279 0.003221
0.588639 0.040871 0.042994 0.011962 0.000734 0.311563 0.003237
0.588824 0.040907 0.042911 0.011968 0.000728 0.311433 0.003229
0.588772 0.040879 0.042874 0.011981 0.000730 0.311528 0.003236
0.588861 0.040773 0.042881 0.012025 0.000728 0.311490 0.003241
0.589170 0.040795 0.042957 0.012062 0.000728 0.311053 0.003235
0.589431 0.040712 0.042869 0.012106 0.000727 0.310927 0.003227
0.589273 0.040673 0.042802 0.012074 0.000730 0.311218 0.003231
0.589097 0.040771 0.042938 0.012054 0.000728 0.311171 0.003242
0.588825 0.040801 0.042872 0.012105 0.000737 0.311405 0.003255
0.589150 0.040745 0.042796 0.012078 0.000728 0.311241 0.003263
0.589173 0.040681 0.042776 0.012110 0.000727 0.311272 0.003261
0.589234 0.040614 0.042711 0.012081 0.000730 0.311372 0.003257
0.589228 0.040719 0.042765 0.012082 0.000733 0.311203 0.003270
0.589055 0.040744 0.042853 0.012109 0.000722 0.311243 0.003273
0.589438 0.040687 0.042860 0.012135 0.000735 0.310893 0.003253
0.589400 0.040602 0.042919 0.012095 0.000726 0.310973 0.003286
0.589367 0.040544 0.042872 0.012103 0.000714 0.311136 0.003264
0.589466 0.040450 0.042887 0.012095 0.000722 0.311108 0.003272
0.589496 0.040384 0.042870 0.012050 0.000718 0.311199 0.003283
0.589281 0.040444 0.042875 0.012102 0.000717 0.311308 0.003274
0.589605 0.040359 0.042897 0.012095 0.000709 0.311034 0.003301
0.589604 0.040249 0.042891 0.012122 0.000713 0.311139 0.003282
0.589756 0.040224 0.042805 0.012121 0.000720 0.311087 0.003287
0.590232 0.040039 0.042727 0.012079 0.000728 0.310903 0.003292
0.590113 0.040074 0.042725 0.012020 0.000724 0.311037 0.003307
0.590226 0.040101 0.042719 0.011990 0.000720 0.310943 0.003302
0.590236 0.039951 0.042752 0.011906 0.000717 0.311132 0.003306
0.590262 0.039943 0.042710 0.011856 0.000717 0.311211 0.003300
0.590225 0.040113 0.042715 0.011863 0.000720 0.311055 0.003309
0.590454 0.040058 0.042574 0.011904 0.000714 0.310995 0.003300
0.590379 0.040012 0.042519 0.011954 0.000713 0.311109 0.003315
0.590914 0.039969 0.042601 0.011957 0.000713 0.310524 0.003322
0.590779 0.040014 0.042572 0.011984 0.000708 0.310622 0.003320
0.590951 0.040046 0.042661 0.011968 0.000705 0.310350 0.003319
0.591070 0.039949 0.042631 0.011935 0.000707 0.310379 0.003328
0.590672 0.040135 0.042492 0.011950 0.000708 0.310712 0.003330
0.590824 0.040293 0.042521 0.011916 0.000715 0.310397 0.003332
0.590917 0.040358 0.042376 0.011931 0.000712 0.310366 0.003339
0.591226 0.040242 0.042334 0.011929 0.000698 0.310227 0.003344
0.591142 0.040383 0.042380 0.011941 0.000692 0.310104 0.003358
0.590607 0.040461 0.042444 0.011964 0.000695 0.310485 0.003344
0.591227 0.040338 0.042291 0.011968 0.000703 0.310131 0.003342
0.591054 0.040567 0.042328 0.011937 0.000702 0.310069 0.003344
0.590881 0.040528 0.042356 0.011965 0.000710 0.310216 0.003344
0.591053 0.040553 0.042326 0.011949 0.000702 0.310044 0.003373
0.591010 0.040611 0.042381 0.011943 0.000706 0.309979 0.003371
0.591014 0.040672 0.042372 0.011887 0.000706 0.309977 0.003373
0.590938 0.040728 0.042395 0.011892 0.000712 0.309945 0.003390
0.591282 0.040679 0.042385 0.011884 0.000712 0.309677 0.003381
0.591413 0.040722 0.042458 0.011882 0.000706 0.309437 0.003383
0.591197 0.040660 0.042571 0.011981 0.000702 0.309501 0.003387
0.591350 0.040620 0.042603 0.012020 0.000691 0.309314 0.003401
0.590753 0.040725 0.042655 0.012030 0.000698 0.309746 0.003394
0.591016 0.040753 0.042607 0.012035 0.000714 0.309480 0.003395
0.590958 0.040663 0.042716 0.012028 0.000715 0.309515 0.003406
0.591114 0.040542 0.042778 0.012025 0.000719 0.309424 0.003398
0.591101 0.040531 0.042747 0.011987 0.000727 0.309474 0.003432
0.590896 0.040577 0.042814 0.012024 0.000719 0.309571 0.003399
0.590950 0.040572 0.042713 0.012015 0.000725 0.309606 0.003419
0.591073 0.040488 0.042758 0.011999 0.000721 0.309541 0.003419
0.591054 0.040485 0.042852 0.012034 0.000720 0.309441 0.003414
0.591235 0.040498 0.042728 0.012008 0.000727 0.309390 0.003414
0.591139 0.040650 0.042800 0.011989 0.000727 0.309276 0.003419
0.591149 0.040583 0.042795 0.011964 0.000722 0.309347 0.003439
0.591298 0.040564 0.042798 0.012021 0.000737 0.309137 0.003445
0.591122 0.040726 0.042774 0.012049 0.000730 0.309168 0.003432
0.590716 0.040775 0.042814 0.012074 0.000735 0.309453 0.003432
0.590861 0.040828 0.042788 0.012106 0.000731 0.309252 0.003434
0.591173 0.040531 0.042790 0.012102 0.000732 0.309223 0.003448
0.591093 0.040482 0.042815 0.012069 0.000724 0.309360 0.003457
0.591199 0.040477 0.042818 0.012076 0.000733 0.309264 0.003433
0.591323 0.040452 0.042767 0.012064 0.000723 0.309227 0.003445
0.590991 0.040540 0.042757 0.012037 0.000718 0.309498 0.003458
0.591106 0.040438 0.042727 0.011986 0.000734 0.309564 0.003444
0.591023 0.040267 0.042875 0.012045 0.000731 0.309605 0.003454
0.591608 0.040105 0.042778 0.012008 0.000714 0.309324 0.003463
0.591343 0.040069 0.042847 0.011964 0.000724 0.309590 0.003464
0.591374 0.040110 0.042891 0.011977 0.000725 0.309472 0.003451
0.591835 0.039975 0.042830 0.012002 0.000736 0.309165 0.003457
0.591391 0.039934 0.042975 0.011957 0.000746 0.309545 0.003452
0.591875 0.039896 0.042871 0.011941 0.000726 0.309224 0.003466
0.591588 0.039916 0.042994 0.011952 0.000715 0.309363 0.003472
0.591851 0.040026 0.042704 0.011878 0.000721 0.309366 0.003453
0.591802 0.040052 0.042802 0.011930 0.000721 0.309230 0.003463
0.591679 0.040138 0.042654 0.011943 0.000710 0.309402 0.003473
0.591513 0.040143 0.042703 0.011999 0.000720 0.309444 0.003477
0.591693 0.040314 0.042586 0.012016 0.000719 0.309201 0.003471
0.591687 0.040305 0.042456 0.011974 0.000708 0.309386 0.003484
0.591798 0.040468 0.042411 0.011970 0.000714 0.309159 0.003480
0.591829 0.040438 0.042386 0.011967 0.000716 0.309181 0.003484
0.591483 0.040439 0.042509 0.011995 0.000707 0.309379 0.003488
0.591943 0.040276 0.042454 0.011968 0.000723 0.309156 0.003480
0.592090 0.040278 0.042584 0.012005 0.000721 0.308839 0.003484
0.592123 0.040240 0.042478 0.012028 0.000716 0.308919 0.003495
0.592281 0.040183 0.042326 0.011989 0.000713 0.309012 0.003496
0.592081 0.040394 0.042359 0.012012 0.000713 0.308940 0.003501
0.592058 0.040213 0.042415 0.011976 0.000709 0.309121 0.003508
0.592074 0.040376 0.042372 0.012003 0.000701 0.308953 0.003520
0.591951 0.040472 0.042414 0.012013 0.000699 0.308921 0.003530
0.592240 0.040426 0.042340 0.011972 0.000700 0.308804 0.003517
0.591846 0.040219 0.042389 0.012041 0.000694 0.309302 0.003508
0.592033 0.040199 0.042372 0.012040 0.000700 0.309150 0.003506
0.592314 0.040242 0.042392 0.012013 0.000707 0.308799 0.003534
0.592441 0.040256 0.042333 0.012011 0.000704 0.308733 0.003523
0.592179 0.040323 0.042425 0.011939 0.000699 0.308900 0.003536
0.592243 0.040357 0.042487 0.011958 0.000703 0.308720 0.003532
0.591946 0.040331 0.042543 0.011907 0.000704 0.309027 0.003542
0.592157 0.040361 0.042474 0.011958 0.000703 0.308798 0.003549
0.591720 0.040441 0.042588 0.011948 0.000696 0.309063 0.003543
0.591870 0.040461 0.042550 0.011908 0.000696 0.308968 0.003549
0.591814 0.040457 0.042592 0.011918 0.000693 0.308992 0.003534
0.592008 0.040391 0.042592 0.011944 0.000689 0.308836 0.003540
0.591656 0.040418 0.042606 0.011940 0.000694 0.309126 0.003560
0.591927 0.040363 0.042553 0.011869 0.000683 0.309039 0.003566
0.591549 0.040504 0.042656 0.011916 0.000685 0.309143 0.003547
0.591918 0.040359 0.042587 0.011932 0.000683 0.308976 0.003544
0.591624 0.040381 0.042687 0.011990 0.000692 0.309061 0.003565
0.591974 0.040293 0.042776 0.011975 0.000679 0.308740 0.003563
0.591860 0.040362 0.042759 0.011916 0.000687 0.308857 0.003559
0.591734 0.040340 0.042843 0.011926 0.000689 0.308887 0.003582
0.591680 0.040348 0.042937 0.011889 0.000694 0.308888 0.003563
0.591787 0.040477 0.042808 0.011983 0.000692 0.308680 0.003573
0.591784 0.040475 0.042867 0.011973 0.000699 0.308629 0.003572
0.591529 0.040595 0.042836 0.011965 0.000697 0.308792 0.003587
0.591546 0.040567 0.042836 0.011988 0.000696 0.308795 0.003572
0.591346 0.040629 0.042755 0.011994 0.000701 0.309004 0.003570
0.591745 0.040449 0.042762 0.011989 0.000688 0.308790 0.003578
0.591393 0.040401 0.042819 0.012004 0.000691 0.309111 0.003581
0.591267 0.040526 0.042931 0.011961 0.000694 0.309023 0.003597
0.591567 0.040469 0.042832 0.011991 0.000699 0.308847 0.003595
0.591660 0.040432 0.042792 0.012005 0.000692 0.308824 0.003595
0.591454 0.040462 0.042808 0.011950 0.000689 0.309038 0.003599
0.592014 0.040406 0.042811 0.011896 0.000676 0.308607 0.003590
0.591629 0.040462 0.042802 0.011984 0.000681 0.308839 0.003603
0.591712 0.040455 0.042931 0.011972 0.000676 0.308660 0.003594
0.591410 0.040483 0.042872 0.012002 0.000682 0.308967 0.003585
0.591580 0.040373 0.043001 0.012027 0.000687 0.308738 0.003595
0.591948 0.040322 0.042944 0.012001 0.000698 0.308470 0.003616
0.592083 0.040282 0.042885 0.012016 0.000696 0.308421 0.003616
0.591835 0.040412 0.042943 0.011987 0.000707 0.308523 0.003592
0.591831 0.040470 0.042867 0.011936 0.000689 0.308585 0.003622
0.591580 0.040550 0.042902 0.011903 0.000688 0.308770 0.003606
0.591915 0.040611 0.042820 0.011831 0.000694 0.308520 0.003609
0.591960 0.040674 0.042813 0.011838 0.000694 0.308396 0.003624
0.591993 0.040672 0.042766 0.011838 0.000698 0.308423 0.003611
0.591724 0.040705 0.042826 0.011853 0.000702 0.308577 0.003613
0.591723 0.040661 0.042790 0.011927 0.000700 0.308569 0.003630
0.591532 0.040622 0.042880 0.011910 0.000704 0.308730 0.003622
0.591679 0.040631 0.042828 0.011965 0.000699 0.308578 0.003621
0.591618 0.040631 0.042867 0.011985 0.000692 0.308569 0.003637
0.591852 0.040648 0.042863 0.011963 0.000692 0.308343 0.003638
0.591545 0.040696 0.043017 0.011982 0.000691 0.308436 0.003634
0.591821 0.040553 0.042970 0.011960 0.000697 0.308370 0.003630
0.591692 0.040550 0.042973 0.011935 0.000697 0.308509 0.003644
0.591820 0.040590 0.042957 0.011931 0.000704 0.308349 0.003649
0.591650 0.040521 0.043030 0.011929 0.000701 0.308522 0.003647
0.591743 0.040567 0.042922 0.011933 0.000691 0.308490 0.003654
0.591641 0.040641 0.043024 0.011997 0.000703 0.308346 0.003649
0.591894 0.040513 0.042882 0.011999 0.000702 0.308344 0.003665
0.591995 0.040624 0.042903 0.012017 0.000705 0.308097 0.003659
0.591830 0.040611 0.042838 0.012044 0.000703 0.308309 0.003665
0.591680 0.040612 0.042859 0.012019 0.000680 0.308471 0.003677
0.592042 0.040680 0.042749 0.012003 0.000687 0.308178 0.003662
0.591594 0.040633 0.042724 0.012018 0.000680 0.308677 0.003675
0.591768 0.040640 0.042790 0.012000 0.000679 0.308441 0.003682
0.592179 0.040647 0.042755 0.011992 0.000687 0.308050 0.003691
0.591804 0.040729 0.042671 0.011976 0.000690 0.308438 0.003691
0.591558 0.040774 0.042793 0.012003 0.000692 0.308499 0.003681
0.591583 0.040861 0.042650 0.012009 0.000703 0.308484 0.003710
0.591593 0.040901 0.042689 0.012071 0.000703 0.308337 0.003707
0.591462 0.040752 0.042659 0.012077 0.000703 0.308630 0.003717
0.591368 0.040872 0.042722 0.012119 0.000697 0.308520 0.003702
0.591856 0.040728 0.042608 0.012131 0.000699 0.308251 0.003727
0.591988 0.040636 0.042790 0.012099 0.000695 0.308075 0.003717
0.592200 0.040537 0.042723 0.012048 0.000703 0.308063 0.003727
0.591703 0.040520 0.042787 0.012043 0.000695 0.308521 0.003730
0.592095 0.040516 0.042721 0.011961 0.000689 0.308278 0.003740
0.591949 0.040556 0.042765 0.011924 0.000694 0.308384 0.003727
0.591804 0.040589 0.042892 0.011923 0.000694 0.308360 0.003738
0.591730 0.040660 0.042832 0.011878 0.000692 0.308480 0.003728
0.591601 0.040527 0.042871 0.011893 0.000703 0.308674 0.003731
0.591900 0.040522 0.042884 0.011852 0.000704 0.308396 0.003742
0.592416 0.040399 0.042760 0.011861 0.000699 0.308115 0.003749
0.592056 0.040339 0.042750 0.011827 0.000704 0.308565 0.003759
0.592100 0.040363 0.042764 0.011808 0.000695 0.308523 0.003747
0.592059 0.040379 0.042705 0.011823 0.000703 0.308581 0.003750
0.592240 0.040257 0.042700 0.011806 0.000707 0.308529 0.003760
0.592854 0.040154 0.042601 0.011776 0.000707 0.308152 0.003756
0.592451 0.040272 0.042625 0.011815 0.000712 0.308356 0.003769
