0.964556 0.034636 0.000520 0.000277 0.000000 0.000010 0.000000
0.929773 0.068559 0.001059 0.000586 0.000000 0.000022 0.000000
0.920400 0.077673 0.001237 0.000664 0.000000 0.000026 0.000000
0.910796 0.087041 0.001384 0.000750 0.000000 0.000029 0.000000
0.900168 0.097379 0.001572 0.000850 0.000000 0.000031 0.000000
0.887130 0.110046 0.001808 0.000982 0.000000 0.000034 0.000000
0.872830 0.123919 0.002068 0.001143 0.000000 0.000041 0.000000
0.861869 0.134529 0.002284 0.001272 0.000000 0.000046 0.000000
0.847493 0.148474 0.002528 0.001451 0.000000 0.000053 0.000000
0.834066 0.161403 0.002839 0.001626 0.000000 0.000066 0.000000
0.816632 0.178222 0.003189 0.001870 0.000000 0.000087 0.000000
0.802813 0.191499 0.003535 0.002062 0.000000 0.000092 0.000000
0.788510 0.205212 0.003901 0.002270 0.000001 0.000106 0.000000
0.772824 0.220289 0.004295 0.002475 0.000002 0.000115 0.000000
0.757055 0.235384 0.004748 0.002679 0.000002 0.000132 0.000000
0.742657 0.249118 0.005177 0.002900 0.000002 0.000146 0.000000
0.726200 0.264849 0.005630 0.003155 0.000002 0.000163 0.000000
0.710438 0.279873 0.006083 0.003415 0.000003 0.000189 0.000000
0.694040 0.295443 0.006582 0.003724 0.000004 0.000207 0.000000
0.679449 0.309223 0.007083 0.004015 0.000004 0.000225 0.000000
0.663703 0.324139 0.007591 0.004313 0.000005 0.000249 0.000000
0.649779 0.337271 0.008103 0.004576 0.000004 0.000266 0.000000
0.633416 0.352595 0.008735 0.004950 0.000004 0.000301 0.000000
0.619347 0.365765 0.009302 0.005258 0.000004 0.000325 0.000000
0.605376 0.378724 0.009927 0.005613 0.000004 0.000356 0.000000
0.590904 0.392198 0.010536 0.005967 0.000006 0.000390 0.000000
0.577329 0.404722 0.011201 0.006322 0.000006 0.000421 0.000000
0.563026 0.417864 0.011883 0.006760 0.000006 0.000462 0.000000
0.549192 0.430589 0.012556 0.007154 0.000008 0.000501 0.000000
0.536510 0.442124 0.013268 0.007548 0.000008 0.000542 0.000000
0.524630 0.452902 0.013922 0.007952 0.000009 0.000585 0.000000
0.510718 0.465548 0.014719 0.008368 0.000010 0.000637 0.000000
0.497773 0.477159 0.015513 0.008851 0.000011 0.000693 0.000000
0.486906 0.486902 0.016191 0.009256 0.000010 0.000735 0.000000
0.473835 0.498452 0.017120 0.009795 0.000011 0.000787 0.000000
0.462885 0.508047 0.017927 0.010278 0.000012 0.000851 0.000000
0.450672 0.518884 0.018762 0.010765 0.000013 0.000904 0.000000
0.440434 0.527674 0.019609 0.011292 0.000014 0.000977 0.000000
0.429418 0.537090 0.020587 0.011845 0.000015 0.001044 0.000000
0.420289 0.544867 0.021430 0.012280 0.000016 0.001118 0.000000
0.408583 0.554884 0.022447 0.012866 0.000018 0.001203 0.000000
0.399637 0.562370 0.023305 0.013390 0.000018 0.001280 0.000000
0.391888 0.568605 0.024209 0.013925 0.000018 0.001355 0.000000
0.381903 0.576794 0.025311 0.014517 0.000018 0.001457 0.000000
0.372088 0.584904 0.026356 0.015103 0.000019 0.001530 0.000000
0.362621 0.592421 0.027493 0.015784 0.000019 0.001662 0.000000
0.357468 0.596183 0.028354 0.016244 0.000021 0.001729 0.000000
0.348224 0.603471 0.029518 0.016921 0.000022 0.001845 0.000000
0.338528 0.611304 0.030684 0.017511 0.000025 0.001949 0.000000
0.331908 0.616148 0.031712 0.018135 0.000025 0.002073 0.000000
0.326597 0.619815 0.032683 0.018698 0.000027 0.002180 0.000000
0.318328 0.625957 0.033931 0.019429 0.000028 0.002327 0.000000
0.308402 0.633438 0.035396 0.020267 0.000029 0.002468 0.000000
0.303169 0.637020 0.036342 0.020843 0.000032 0.002594 0.000000
0.294470 0.643308 0.037774 0.021655 0.000034 0.002759 0.000000
0.289297 0.646542 0.038953 0.022250 0.000036 0.002922 0.000000
0.281472 0.652221 0.040209 0.023004 0.000036 0.003059 0.000000
0.274006 0.657286 0.041616 0.023788 0.000037 0.003267 0.000000
0.270782 0.658842 0.042649 0.024270 0.000040 0.003417 0.000000
0.265069 0.662379 0.043964 0.024978 0.000042 0.003569 0.000000
0.261476 0.663853 0.045194 0.025671 0.000046 0.003760 0.000000
0.253545 0.669445 0.046494 0.026515 0.000045 0.003955 0.000000
0.252526 0.668929 0.047372 0.027032 0.000049 0.004092 0.000000
0.244330 0.674264 0.049127 0.027903 0.000051 0.004324 0.000000
0.237705 0.678159 0.050674 0.028839 0.000055 0.004569 0.000000
0.237136 0.677144 0.051599 0.029331 0.000054 0.004736 0.000000
0.231500 0.680115 0.053115 0.030213 0.000058 0.004998 0.000000
0.226605 0.682846 0.054365 0.030917 0.000060 0.005207 0.000000
0.221248 0.685558 0.055860 0.031811 0.000064 0.005458 0.000000
0.220445 0.684628 0.056887 0.032328 0.000066 0.005646 0.000000
0.213813 0.688000 0.058765 0.033365 0.000070 0.005987 0.000001
0.211919 0.688196 0.059722 0.033925 0.000072 0.006166 0.000001
0.210674 0.687392 0.060866 0.034600 0.000076 0.006393 0.000001
0.202120 0.691959 0.063162 0.035902 0.000080 0.006776 0.000001
0.201549 0.690968 0.064047 0.036383 0.000082 0.006971 0.000001
0.197058 0.692834 0.065518 0.037260 0.000085 0.007244 0.000001
0.195269 0.692473 0.066669 0.037944 0.000090 0.007554 0.000001
0.193249 0.691819 0.068185 0.038780 0.000091 0.007875 0.000001
0.191687 0.691480 0.069204 0.039423 0.000097 0.008108 0.000000
0.190027 0.690998 0.070422 0.040081 0.000100 0.008371 0.000001
0.183276 0.694408 0.072286 0.041185 0.000104 0.008741 0.000001
0.178535 0.696359 0.073870 0.042054 0.000110 0.009071 0.000001
0.178283 0.695028 0.074713 0.042531 0.000113 0.009330 0.000001
0.177852 0.693416 0.075850 0.043146 0.000119 0.009615 0.000001
0.174495 0.694062 0.077285 0.044046 0.000119 0.009992 0.000000
0.170192 0.695751 0.078741 0.044865 0.000126 0.010325 0.000001
0.163778 0.698592 0.080678 0.046022 0.000132 0.010797 0.000001
0.161487 0.698136 0.082222 0.046827 0.000139 0.011188 0.000001
0.156340 0.700583 0.083658 0.047747 0.000143 0.011530 0.000000
0.158672 0.696939 0.084380 0.048080 0.000140 0.011789 0.000001
0.155225 0.696874 0.086300 0.049215 0.000140 0.012245 0.000001
0.151674 0.698783 0.087188 0.049723 0.000151 0.012480 0.000001
0.147787 0.699082 0.089093 0.050854 0.000153 0.013031 0.000001
0.140885 0.702334 0.091139 0.051966 0.000161 0.013515 0.000001
0.136694 0.703629 0.092729 0.052833 0.000161 0.013953 0.000001
0.133788 0.703350 0.094406 0.053807 0.000169 0.014480 0.000001
0.133955 0.701860 0.095038 0.054233 0.000175 0.014737 0.000001
0.130603 0.701718 0.096915 0.055348 0.000177 0.015239 0.000001
0.124507 0.703967 0.099039 0.056495 0.000183 0.015808 0.000001
0.124208 0.702543 0.099910 0.056990 0.000188 0.016161 0.000001
0.118860 0.703543 0.102305 0.058248 0.000200 0.016843 0.000001
0.114349 0.705307 0.103818 0.059079 0.000207 0.017239 0.000001
0.111534 0.705056 0.105381 0.060050 0.000219 0.017759 0.000001
0.109052 0.702765 0.107941 0.061456 0.000222 0.018563 0.000001
0.105832 0.703922 0.109038 0.062079 0.000229 0.018899 0.000001
0.102352 0.703784 0.110932 0.063169 0.000234 0.019528 0.000001
0.101472 0.701836 0.112440 0.063931 0.000244 0.020075 0.000001
0.103789 0.698430 0.112904 0.064318 0.000253 0.020306 0.000001
0.099940 0.698809 0.114700 0.065268 0.000262 0.021021 0.000001
0.098786 0.696996 0.116197 0.066250 0.000267 0.021503 0.000001
0.098691 0.694920 0.117391 0.066721 0.000271 0.022005 0.000001
0.095816 0.693535 0.119648 0.067994 0.000286 0.022720 0.000001
0.096402 0.692259 0.119923 0.068144 0.000284 0.022987 0.000001
0.095778 0.689205 0.121848 0.069297 0.000296 0.023575 0.000001
0.095301 0.686634 0.123426 0.070057 0.000294 0.024286 0.000001
0.093175 0.685228 0.125187 0.071120 0.000311 0.024978 0.000001
0.096374 0.681032 0.125572 0.071409 0.000301 0.025311 0.000001
0.094653 0.679994 0.126945 0.072170 0.000316 0.025920 0.000001
0.096046 0.676464 0.128057 0.072743 0.000314 0.026373 0.000001
0.094556 0.675703 0.129057 0.073455 0.000325 0.026903 0.000001
0.093827 0.674207 0.130182 0.073978 0.000340 0.027465 0.000001
0.088975 0.673747 0.132961 0.075498 0.000340 0.028477 0.000001
0.092487 0.671419 0.132157 0.075124 0.000347 0.028465 0.000001
0.086624 0.671012 0.135342 0.076972 0.000360 0.029688 0.000002
0.086832 0.669921 0.135790 0.077140 0.000365 0.029951 0.000002
0.082849 0.671004 0.137167 0.077947 0.000374 0.030657 0.000002
0.082859 0.668348 0.138485 0.078680 0.000384 0.031242 0.000002
0.080008 0.667782 0.140256 0.079640 0.000388 0.031922 0.000003
0.076800 0.669357 0.141039 0.080109 0.000396 0.032296 0.000003
0.074649 0.667934 0.142796 0.081044 0.000410 0.033165 0.000002
0.072459 0.666399 0.144624 0.082090 0.000421 0.034005 0.000003
0.070386 0.666096 0.145765 0.082754 0.000429 0.034566 0.000002
0.070052 0.665239 0.146406 0.082941 0.000430 0.034931 0.000003
0.065811 0.664263 0.148972 0.084508 0.000445 0.035998 0.000003
0.063581 0.664132 0.150052 0.085172 0.000459 0.036601 0.000002
0.062561 0.662325 0.151234 0.085949 0.000462 0.037467 0.000002
0.060568 0.661259 0.152782 0.086815 0.000472 0.038102 0.000003
0.058938 0.658902 0.154773 0.087912 0.000470 0.039002 0.000003
0.057348 0.658544 0.155640 0.088335 0.000485 0.039646 0.000003
0.055661 0.655979 0.157816 0.089430 0.000495 0.040616 0.000003
0.051506 0.655640 0.159913 0.090876 0.000504 0.041558 0.000003
0.050765 0.654217 0.160887 0.091438 0.000512 0.042179 0.000002
0.051730 0.650760 0.162072 0.091857 0.000527 0.043051 0.000003
0.052402 0.648379 0.162740 0.092447 0.000534 0.043494 0.000003
0.051238 0.647450 0.163756 0.092910 0.000539 0.044104 0.000004
0.047786 0.645942 0.166188 0.094181 0.000563 0.045336 0.000004
0.048197 0.643777 0.166944 0.094627 0.000571 0.045882 0.000003
0.046803 0.641466 0.168603 0.095680 0.000570 0.046874 0.000003
0.047373 0.639789 0.169074 0.095913 0.000584 0.047263 0.000004
0.043249 0.638783 0.171440 0.097366 0.000605 0.048552 0.000004
0.045287 0.635189 0.171976 0.097777 0.000611 0.049156 0.000005
0.043407 0.634395 0.173287 0.098289 0.000613 0.050004 0.000005
0.041867 0.632421 0.175099 0.099070 0.000635 0.050903 0.000004
0.040971 0.631302 0.175995 0.099757 0.000638 0.051334 0.000004
0.040889 0.628422 0.177139 0.100485 0.000655 0.052405 0.000004
0.041795 0.626057 0.177741 0.100712 0.000652 0.053040 0.000005
0.041420 0.625065 0.178389 0.100988 0.000650 0.053482 0.000005
0.041535 0.622263 0.179418 0.101717 0.000663 0.054400 0.000005
0.039342 0.620460 0.181406 0.102654 0.000679 0.055455 0.000004
0.038736 0.617416 0.183057 0.103607 0.000694 0.056486 0.000004
0.038424 0.616045 0.183522 0.104155 0.000697 0.057151 0.000005
0.038508 0.614403 0.184077 0.104498 0.000706 0.057804 0.000005
0.037274 0.611748 0.185987 0.105400 0.000717 0.058869 0.000005
0.036266 0.610461 0.186915 0.105873 0.000725 0.059756 0.000005
0.033877 0.609348 0.188505 0.106793 0.000747 0.060723 0.000006
0.035863 0.606220 0.188740 0.107024 0.000753 0.061394 0.000006
0.035324 0.605220 0.189366 0.107408 0.000746 0.061931 0.000006
0.031531 0.602483 0.192287 0.109160 0.000778 0.063755 0.000007
0.032455 0.600764 0.192507 0.109233 0.000785 0.064250 0.000006
0.031619 0.599281 0.193548 0.109672 0.000773 0.065099 0.000007
0.033565 0.598135 0.192942 0.109453 0.000808 0.065091 0.000006
0.031806 0.595198 0.194980 0.110684 0.000809 0.066517 0.000005
0.028986 0.593903 0.196924 0.111732 0.000816 0.067632 0.000007
0.029070 0.591368 0.197858 0.112157 0.000824 0.068714 0.000008
0.029822 0.590461 0.197783 0.112006 0.000847 0.069072 0.000009
0.027567 0.589383 0.199294 0.112868 0.000840 0.070039 0.000008
0.027031 0.587426 0.200249 0.113500 0.000867 0.070918 0.000008
0.027020 0.585075 0.201271 0.113998 0.000871 0.071755 0.000009
0.026105 0.583048 0.202281 0.114808 0.000891 0.072859 0.000008
0.025558 0.581217 0.203226 0.115260 0.000887 0.073843 0.000009
0.024827 0.579304 0.204598 0.115807 0.000896 0.074559 0.000008
0.023927 0.576689 0.205845 0.116744 0.000903 0.075883 0.000009
0.023604 0.574891 0.206699 0.117072 0.000922 0.076802 0.000009
0.022920 0.572704 0.207979 0.117653 0.000922 0.077812 0.000011
0.022589 0.571474 0.208469 0.117915 0.000945 0.078599 0.000009
0.022318 0.569329 0.209285 0.118562 0.000946 0.079552 0.000008
0.022523 0.568798 0.209207 0.118660 0.000966 0.079837 0.000009
0.021571 0.565382 0.211083 0.119634 0.000979 0.081344 0.000008
0.021117 0.562792 0.212276 0.120073 0.000999 0.082734 0.000010
0.020862 0.561804 0.212849 0.120380 0.000989 0.083106 0.000010
0.020653 0.559368 0.213696 0.120983 0.001001 0.084290 0.000009
0.023716 0.555780 0.213836 0.121042 0.001018 0.084598 0.000009
0.027949 0.551847 0.213363 0.120710 0.001016 0.085106 0.000009
0.028424 0.548617 0.214311 0.121405 0.001030 0.086203 0.000009
0.031732 0.545243 0.214119 0.121372 0.001039 0.086484 0.000011
0.031885 0.542757 0.214882 0.121785 0.001051 0.087629 0.000012
0.029137 0.543013 0.215893 0.122291 0.001067 0.088588 0.000011
0.030215 0.540515 0.216266 0.122549 0.001076 0.089366 0.000014
0.030135 0.537321 0.217383 0.123299 0.001096 0.090751 0.000015
0.029021 0.536646 0.218089 0.123606 0.001090 0.091533 0.000013
0.031704 0.534912 0.217506 0.123208 0.001083 0.091574 0.000012
0.030135 0.532635 0.218924 0.123924 0.001119 0.093252 0.000012
0.028809 0.531546 0.219892 0.124540 0.001119 0.094081 0.000013
0.030673 0.528925 0.219938 0.124542 0.001117 0.094793 0.000012
0.030343 0.527199 0.220640 0.124887 0.001149 0.095769 0.000013
0.026597 0.526173 0.222462 0.126080 0.001144 0.097530 0.000012
0.027547 0.525425 0.222229 0.125845 0.001146 0.097795 0.000013
0.026787 0.523003 0.223407 0.126545 0.001166 0.099078 0.000014
0.024766 0.522327 0.224472 0.127012 0.001190 0.100220 0.000013
0.024431 0.520191 0.225425 0.127576 0.001215 0.101147 0.000015
0.023075 0.519862 0.225925 0.128046 0.001221 0.101858 0.000013
0.023058 0.518573 0.226369 0.128198 0.001205 0.102585 0.000013
0.021893 0.516166 0.227735 0.129059 0.001241 0.103893 0.000014
0.021916 0.514538 0.228077 0.129009 0.001242 0.105207 0.000012
0.021076 0.511829 0.229396 0.129948 0.001257 0.106479 0.000014
0.020934 0.512154 0.229133 0.129825 0.001272 0.106668 0.000014
0.020621 0.509462 0.230142 0.130292 0.001282 0.108188 0.000013
0.019611 0.507494 0.231296 0.130918 0.001301 0.109364 0.000015
0.019465 0.506194 0.231665 0.131193 0.001308 0.110160 0.000015
0.018837 0.503333 0.232991 0.131845 0.001332 0.111649 0.000013
0.018535 0.501994 0.233578 0.132147 0.001339 0.112392 0.000015
0.018466 0.501028 0.233913 0.132314 0.001337 0.112928 0.000015
0.023923 0.495952 0.233236 0.131850 0.001337 0.113684 0.000016
0.024107 0.496175 0.232920 0.131796 0.001334 0.113652 0.000015
0.022845 0.492547 0.234477 0.132825 0.001356 0.115935 0.000015
0.021865 0.492441 0.234841 0.133029 0.001378 0.116430 0.000016
0.022969 0.489677 0.235483 0.133066 0.001375 0.117415 0.000014
0.023837 0.487044 0.235763 0.133530 0.001404 0.118404 0.000017
0.023337 0.486431 0.235945 0.133507 0.001410 0.119355 0.000015
0.022316 0.484838 0.236797 0.134237 0.001425 0.120371 0.000016
0.021965 0.482872 0.237615 0.134424 0.001439 0.121667 0.000018
0.023742 0.480718 0.237526 0.134364 0.001444 0.122189 0.000017
0.022004 0.479428 0.238589 0.134881 0.001477 0.123603 0.000018
0.022296 0.477437 0.239086 0.135134 0.001474 0.124557 0.000016
0.019764 0.477102 0.240063 0.135770 0.001475 0.125810 0.000016
0.021915 0.474591 0.239723 0.135775 0.001492 0.126485 0.000020
0.021115 0.473071 0.240442 0.135968 0.001484 0.127902 0.000017
0.019617 0.471292 0.241665 0.136629 0.001526 0.129254 0.000017
0.019900 0.470426 0.241573 0.136900 0.001545 0.129637 0.000019
0.019185 0.468650 0.242469 0.137063 0.001532 0.131081 0.000020
0.018600 0.467480 0.243039 0.137481 0.001562 0.131819 0.000019
0.018605 0.465831 0.243667 0.137558 0.001574 0.132745 0.000020
0.018904 0.464622 0.243441 0.137693 0.001576 0.133745 0.000020
0.017768 0.462725 0.244489 0.138242 0.001601 0.135155 0.000020
0.017773 0.461235 0.244874 0.138463 0.001592 0.136042 0.000021
0.016654 0.458171 0.246303 0.139207 0.001629 0.138013 0.000022
0.016644 0.457305 0.246362 0.139462 0.001646 0.138558 0.000021
0.016270 0.456236 0.246606 0.139687 0.001636 0.139540 0.000025
0.016273 0.454501 0.246997 0.140027 0.001635 0.140546 0.000021
0.016281 0.452648 0.247685 0.139924 0.001667 0.141773 0.000023
0.015994 0.450234 0.248366 0.140461 0.001686 0.143237 0.000022
0.015988 0.450494 0.248211 0.140298 0.001673 0.143314 0.000023
0.015753 0.447712 0.249188 0.140797 0.001705 0.144823 0.000023
0.015197 0.446249 0.249693 0.141260 0.001710 0.145867 0.000023
0.015270 0.444198 0.250288 0.141362 0.001736 0.147125 0.000023
0.015076 0.442227 0.250687 0.141741 0.001746 0.148497 0.000025
0.014974 0.441074 0.251021 0.141895 0.001760 0.149252 0.000025
0.014749 0.439604 0.251472 0.142254 0.001762 0.150133 0.000026
0.014849 0.437761 0.251779 0.142593 0.001781 0.151212 0.000024
0.014854 0.435417 0.252328 0.142654 0.001810 0.152911 0.000025
0.014628 0.434739 0.252484 0.142825 0.001796 0.153501 0.000027
0.014492 0.431358 0.253472 0.143371 0.001850 0.155430 0.000026
0.014428 0.431486 0.253218 0.143246 0.001805 0.155790 0.000027
0.018650 0.428302 0.252576 0.142668 0.001849 0.155929 0.000027
0.021130 0.425177 0.252426 0.142627 0.001856 0.156756 0.000028
0.021061 0.422574 0.253079 0.143118 0.001848 0.158295 0.000027
0.018798 0.422354 0.253593 0.143507 0.001894 0.159827 0.000028
0.021261 0.420114 0.253357 0.143326 0.001901 0.160009 0.000031
0.019794 0.420372 0.253587 0.143474 0.001885 0.160859 0.000028
0.020035 0.418167 0.254162 0.143744 0.001907 0.161960 0.000025
0.026512 0.415164 0.252180 0.142731 0.001889 0.161497 0.000027
0.028771 0.413148 0.251510 0.142247 0.001926 0.162370 0.000029
0.024424 0.412166 0.253595 0.143439 0.001933 0.164413 0.000030
0.027737 0.411480 0.252128 0.142749 0.001938 0.163937 0.000031
0.026899 0.410269 0.252758 0.142821 0.001958 0.165265 0.000030
0.026616 0.408902 0.252919 0.143100 0.001924 0.166509 0.000031
0.025177 0.408082 0.253532 0.143480 0.001954 0.167745 0.000031
0.025132 0.407362 0.253560 0.143455 0.001997 0.168464 0.000031
0.024912 0.406342 0.253737 0.143474 0.001977 0.169524 0.000033
0.024547 0.405586 0.253994 0.143591 0.002002 0.170245 0.000035
0.022047 0.405012 0.254914 0.144224 0.002020 0.171746 0.000038
0.023710 0.402759 0.254561 0.144112 0.002027 0.172795 0.000036
0.021790 0.401445 0.255731 0.144774 0.002052 0.174174 0.000034
0.022091 0.400473 0.255697 0.144658 0.002060 0.174984 0.000037
0.020349 0.398769 0.256734 0.145111 0.002082 0.176919 0.000037
0.019101 0.399074 0.256954 0.145387 0.002075 0.177373 0.000036
0.019206 0.397854 0.257143 0.145418 0.002095 0.178244 0.000040
0.017697 0.395588 0.258209 0.146044 0.002104 0.180320 0.000037
0.017975 0.395177 0.258282 0.145854 0.002114 0.180559 0.000039
0.017660 0.392260 0.258871 0.146306 0.002159 0.182705 0.000039
0.017348 0.392010 0.258713 0.146285 0.002138 0.183466 0.000041
0.017388 0.390467 0.258777 0.146417 0.002165 0.184743 0.000042
0.016549 0.389129 0.259387 0.146896 0.002191 0.185806 0.000042
0.016380 0.388553 0.259545 0.146731 0.002204 0.186545 0.000042
0.021369 0.385335 0.258482 0.146053 0.002188 0.186531 0.000042
0.020132 0.383154 0.259450 0.146570 0.002234 0.188417 0.000044
0.021907 0.381331 0.259026 0.146375 0.002232 0.189087 0.000044
0.021513 0.380184 0.259445 0.146503 0.002229 0.190086 0.000040
0.022767 0.379383 0.258837 0.146169 0.002254 0.190547 0.000043
0.025572 0.376870 0.257918 0.146132 0.002241 0.191228 0.000039
0.026751 0.374747 0.258240 0.145841 0.002233 0.192144 0.000045
0.027471 0.374053 0.257748 0.145767 0.002272 0.192643 0.000046
0.027711 0.371687 0.258152 0.145868 0.002292 0.194248 0.000042
0.026859 0.371767 0.258564 0.145985 0.002278 0.194501 0.000046
0.027156 0.370797 0.258106 0.146054 0.002281 0.195564 0.000042
0.026423 0.369337 0.258902 0.146253 0.002296 0.196744 0.000045
0.028987 0.369398 0.257321 0.145271 0.002303 0.196673 0.000048
0.025508 0.368556 0.258589 0.146324 0.002332 0.198643 0.000047
0.023795 0.366634 0.259547 0.146920 0.002302 0.200753 0.000048
0.025629 0.366040 0.258863 0.146344 0.002366 0.200708 0.000049
0.025255 0.366723 0.258588 0.146261 0.002326 0.200802 0.000046
0.021757 0.363537 0.260784 0.147301 0.002372 0.204199 0.000050
0.021803 0.363762 0.260275 0.147154 0.002368 0.204585 0.000052
0.021426 0.363146 0.260215 0.147067 0.002397 0.205699 0.000051
0.021722 0.361207 0.260363 0.147201 0.002385 0.207073 0.000049
0.020485 0.361224 0.260735 0.147457 0.002403 0.207647 0.000048
0.019873 0.360239 0.260950 0.147436 0.002399 0.209055 0.000049
0.017493 0.357728 0.262479 0.148279 0.002460 0.211508 0.000053
0.018466 0.355723 0.262533 0.148250 0.002464 0.212513 0.000052
0.017847 0.356580 0.262428 0.148166 0.002472 0.212457 0.000050
0.017458 0.354843 0.262451 0.148477 0.002472 0.214245 0.000053
0.016723 0.352743 0.263082 0.148945 0.002501 0.215954 0.000052
0.016520 0.351669 0.263296 0.149009 0.002493 0.216960 0.000053
0.016001 0.351496 0.263225 0.148980 0.002511 0.217733 0.000053
0.016128 0.349741 0.263542 0.148797 0.002500 0.219239 0.000054
0.015285 0.348132 0.264468 0.149484 0.002559 0.220016 0.000057
0.014365 0.345924 0.265085 0.149884 0.002533 0.222153 0.000055
0.015361 0.345703 0.264280 0.149572 0.002574 0.222456 0.000054
0.015051 0.343910 0.264866 0.149811 0.002579 0.223727 0.000056
0.014793 0.343477 0.264916 0.149679 0.002569 0.224508 0.000058
0.014547 0.341182 0.265327 0.150228 0.002596 0.226062 0.000058
0.014465 0.339039 0.265690 0.150175 0.002620 0.227950 0.000061
0.014421 0.339070 0.265384 0.150075 0.002614 0.228380 0.000056
0.014460 0.338055 0.265606 0.149872 0.002617 0.229332 0.000057
0.014428 0.336649 0.265621 0.150075 0.002651 0.230518 0.000059
0.014107 0.335590 0.265703 0.150311 0.002665 0.231565 0.000059
0.013952 0.332809 0.266521 0.150506 0.002691 0.233460 0.000060
0.013782 0.332422 0.266491 0.150187 0.002681 0.234376 0.000061
0.013898 0.331677 0.266492 0.150449 0.002690 0.234731 0.000063
0.013489 0.328968 0.267058 0.150668 0.002722 0.237034 0.000061
0.013949 0.328679 0.266328 0.150481 0.002737 0.237762 0.000064
0.013590 0.327111 0.266732 0.150599 0.002770 0.239138 0.000060
0.013862 0.326254 0.266654 0.150511 0.002776 0.239878 0.000064
0.013789 0.324425 0.266987 0.150851 0.002749 0.241133 0.000065
0.013625 0.323982 0.266982 0.150820 0.002791 0.241738 0.000063
0.013453 0.322312 0.267200 0.150951 0.002785 0.243233 0.000067
0.013543 0.321485 0.267160 0.150784 0.002788 0.244176 0.000064
0.013477 0.320042 0.267335 0.150986 0.002820 0.245275 0.000066
0.013624 0.319342 0.266877 0.150880 0.002844 0.246369 0.000064
0.013355 0.317797 0.267354 0.151271 0.002813 0.247341 0.000069
0.013571 0.317068 0.267441 0.150935 0.002856 0.248064 0.000064
0.013724 0.315351 0.267343 0.151138 0.002869 0.249506 0.000069
0.013421 0.314023 0.267578 0.151150 0.002868 0.250889 0.000072
0.013391 0.313443 0.267348 0.151069 0.002924 0.251758 0.000068
0.013796 0.312917 0.266961 0.150995 0.002904 0.252361 0.000068
0.013512 0.311401 0.267355 0.150957 0.002921 0.253783 0.000071
0.013378 0.309094 0.267975 0.151272 0.002955 0.255256 0.000071
0.013480 0.308967 0.267576 0.151207 0.002909 0.255789 0.000073
0.013368 0.307025 0.267759 0.151338 0.002964 0.257471 0.000075
0.013403 0.307004 0.267730 0.151088 0.002944 0.257759 0.000073
0.013353 0.304192 0.268245 0.151238 0.003000 0.259896 0.000075
0.013640 0.305200 0.267433 0.150877 0.002973 0.259802 0.000074
0.013373 0.303212 0.267902 0.151226 0.003011 0.261203 0.000074
0.013402 0.301752 0.267808 0.151169 0.003032 0.262764 0.000072
0.013363 0.300762 0.267783 0.151198 0.003046 0.263774 0.000074
0.013438 0.300130 0.267762 0.151244 0.003067 0.264284 0.000074
0.013280 0.298321 0.267685 0.151245 0.003068 0.266330 0.000071
0.013473 0.299069 0.267323 0.150736 0.003076 0.266244 0.000079
0.013468 0.297790 0.267113 0.151066 0.003117 0.267370 0.000076
0.013336 0.295176 0.267885 0.151070 0.003097 0.269358 0.000078
0.013412 0.294863 0.267632 0.150985 0.003101 0.269933 0.000074
0.013400 0.294128 0.267357 0.150798 0.003133 0.271110 0.000074
0.013342 0.293160 0.267523 0.151157 0.003115 0.271622 0.000081
0.013338 0.292633 0.267635 0.150872 0.003115 0.272333 0.000074
0.013454 0.290979 0.267600 0.151066 0.003150 0.273673 0.000080
0.013521 0.290295 0.267088 0.150977 0.003155 0.274887 0.000077
0.013526 0.288348 0.267640 0.151010 0.003159 0.276238 0.000078
0.013594 0.288724 0.266922 0.150795 0.003213 0.276667 0.000084
0.013588 0.287021 0.267025 0.151045 0.003190 0.278051 0.000079
0.013406 0.285515 0.267407 0.150955 0.003222 0.279420 0.000076
0.013494 0.283585 0.267578 0.151031 0.003202 0.281032 0.000078
0.013565 0.283101 0.267328 0.151066 0.003206 0.281658 0.000076
0.013479 0.282473 0.267300 0.151111 0.003220 0.282338 0.000079
0.013552 0.281039 0.267296 0.150933 0.003236 0.283864 0.000079
0.013590 0.280417 0.267038 0.150859 0.003240 0.284776 0.000080
0.013528 0.279136 0.267394 0.150663 0.003267 0.285923 0.000087
0.013530 0.278262 0.267134 0.150740 0.003258 0.286996 0.000080
0.013580 0.277595 0.266904 0.150652 0.003285 0.287901 0.000083
0.013610 0.277325 0.266950 0.150476 0.003311 0.288245 0.000082
0.013668 0.276294 0.266461 0.150622 0.003284 0.289588 0.000084
0.013593 0.274362 0.267018 0.150682 0.003305 0.290956 0.000084
0.013642 0.274014 0.266740 0.150630 0.003303 0.291588 0.000082
0.013675 0.272956 0.266736 0.150562 0.003320 0.292667 0.000084
0.013641 0.271941 0.266664 0.150358 0.003334 0.293972 0.000089
0.013784 0.272224 0.266164 0.150498 0.003340 0.293900 0.000089
0.013557 0.270565 0.266411 0.150488 0.003381 0.295519 0.000080
0.013724 0.269027 0.266491 0.150293 0.003387 0.296989 0.000088
0.013827 0.269346 0.265976 0.150220 0.003354 0.297192 0.000083
0.013816 0.267760 0.265884 0.150334 0.003415 0.298706 0.000085
0.013775 0.265810 0.266070 0.150274 0.003407 0.300575 0.000089
0.013895 0.265700 0.265843 0.150025 0.003419 0.301029 0.000088
0.013805 0.265343 0.265603 0.150071 0.003426 0.301663 0.000088
0.013884 0.263581 0.265854 0.149978 0.003457 0.303155 0.000092
0.013918 0.262795 0.265496 0.149843 0.003446 0.304408 0.000095
0.013943 0.262077 0.265633 0.150019 0.003448 0.304786 0.000095
0.013895 0.261315 0.265228 0.149866 0.003483 0.306125 0.000088
0.013875 0.260058 0.265419 0.149750 0.003495 0.307311 0.000092
0.014020 0.258934 0.265200 0.149537 0.003520 0.308694 0.000095
0.014061 0.257805 0.265349 0.149879 0.003501 0.309314 0.000092
0.014083 0.257187 0.265172 0.149603 0.003543 0.310317 0.000095
0.014010 0.256770 0.264729 0.149458 0.003557 0.311382 0.000094
0.013911 0.255764 0.264840 0.149328 0.003518 0.312550 0.000089
0.014037 0.255772 0.264622 0.149432 0.003560 0.312481 0.000097
0.014045 0.254436 0.264697 0.149504 0.003561 0.313661 0.000097
0.014085 0.253218 0.264618 0.149334 0.003578 0.315068 0.000099
0.014094 0.251977 0.264442 0.149109 0.003597 0.316683 0.000097
0.014064 0.252495 0.264207 0.149083 0.003602 0.316453 0.000096
0.014214 0.250142 0.264144 0.149175 0.003617 0.318612 0.000096
0.014165 0.249277 0.264261 0.148851 0.003587 0.319759 0.000101
0.014217 0.248913 0.263916 0.148935 0.003616 0.320303 0.000100
0.014187 0.247241 0.264035 0.148858 0.003619 0.321961 0.000099
0.014210 0.246552 0.263752 0.148719 0.003637 0.323027 0.000103
0.014301 0.247048 0.263569 0.148889 0.003649 0.322440 0.000105
0.014293 0.245311 0.263444 0.148670 0.003664 0.324514 0.000104
0.014404 0.244857 0.262981 0.148586 0.003680 0.325392 0.000100
0.014355 0.243488 0.263191 0.148619 0.003643 0.326598 0.000105
0.014427 0.243813 0.262659 0.148228 0.003704 0.327065 0.000104
0.014358 0.241466 0.262901 0.148473 0.003684 0.329009 0.000109
0.014394 0.241770 0.262532 0.148239 0.003716 0.329245 0.000105
0.014362 0.240598 0.262645 0.148172 0.003726 0.330389 0.000110
0.014430 0.240354 0.262186 0.148270 0.003711 0.330940 0.000108
0.014398 0.239701 0.262287 0.148015 0.003746 0.331738 0.000114
0.014424 0.238642 0.261905 0.147907 0.003786 0.333228 0.000109
0.014528 0.237095 0.261962 0.147891 0.003760 0.334657 0.000108
0.014512 0.237308 0.261795 0.147873 0.003773 0.334631 0.000108
0.014620 0.235216 0.261748 0.147558 0.003791 0.336958 0.000109
0.014552 0.235301 0.261448 0.147608 0.003800 0.337181 0.000111
0.014593 0.233707 0.261569 0.147511 0.003802 0.338711 0.000108
0.014502 0.233150 0.261362 0.147537 0.003846 0.339496 0.000107
0.014618 0.233073 0.261179 0.147350 0.003828 0.339842 0.000110
0.014618 0.231552 0.260871 0.147327 0.003872 0.341649 0.000111
0.014693 0.231334 0.260420 0.147262 0.003844 0.342335 0.000113
0.014690 0.230559 0.260685 0.147309 0.003808 0.342844 0.000105
0.014663 0.229381 0.260485 0.146975 0.003859 0.344526 0.000112
0.014746 0.229479 0.260116 0.146919 0.003844 0.344784 0.000112
0.015042 0.228029 0.259919 0.146740 0.003857 0.346304 0.000109
0.014920 0.227706 0.259979 0.146825 0.003866 0.346589 0.000115
0.015009 0.227176 0.259496 0.146678 0.003865 0.347664 0.000111
0.014897 0.226246 0.259605 0.146661 0.003879 0.348595 0.000117
0.014855 0.225304 0.259218 0.146586 0.003893 0.350028 0.000116
0.014899 0.224906 0.259096 0.146333 0.003895 0.350761 0.000111
0.014903 0.223730 0.259096 0.146346 0.003925 0.351883 0.000117
0.015021 0.223794 0.258615 0.146089 0.003932 0.352430 0.000120
0.014915 0.223114 0.258510 0.146092 0.003983 0.353262 0.000124
0.014936 0.221854 0.258466 0.145848 0.003984 0.354791 0.000122
0.015190 0.220425 0.258204 0.145921 0.003984 0.356158 0.000119
0.015101 0.221086 0.258029 0.145564 0.003968 0.356134 0.000119
0.014999 0.219306 0.258202 0.145589 0.003995 0.357788 0.000122
0.015143 0.219380 0.257657 0.145601 0.003983 0.358115 0.000121
0.015056 0.217749 0.257572 0.145540 0.003989 0.359972 0.000122
0.015228 0.217542 0.256968 0.145366 0.004034 0.360738 0.000124
0.015230 0.216656 0.257055 0.145282 0.004022 0.361628 0.000127
0.015298 0.216129 0.257127 0.145014 0.004036 0.362264 0.000133
0.015290 0.215477 0.256883 0.145043 0.004037 0.363150 0.000121
0.015264 0.214469 0.256517 0.144725 0.004051 0.364842 0.000131
0.015430 0.213991 0.256119 0.144891 0.004068 0.365375 0.000126
0.015181 0.214606 0.256102 0.144665 0.004054 0.365266 0.000126
0.015492 0.213478 0.255989 0.144603 0.004061 0.366252 0.000126
0.015499 0.211942 0.255507 0.144272 0.004094 0.368561 0.000125
0.015317 0.212288 0.255508 0.144315 0.004122 0.368325 0.000125
0.015519 0.210486 0.255129 0.144197 0.004127 0.370422 0.000120
0.015540 0.209842 0.255454 0.144186 0.004109 0.370742 0.000128
0.015514 0.208916 0.254919 0.144021 0.004120 0.372378 0.000132
0.015512 0.208896 0.254794 0.143753 0.004124 0.372795 0.000126
0.015697 0.207783 0.254512 0.143702 0.004164 0.374010 0.000132
0.015515 0.207347 0.254304 0.143481 0.004148 0.375072 0.000133
0.015512 0.206005 0.254057 0.143367 0.004177 0.376748 0.000134
0.015647 0.205995 0.253949 0.143376 0.004128 0.376769 0.000134
0.015549 0.204793 0.253702 0.143122 0.004211 0.378497 0.000125
0.015701 0.204785 0.253731 0.143071 0.004177 0.378400 0.000136
0.015722 0.204618 0.253386 0.142973 0.004169 0.378993 0.000139
0.015714 0.203717 0.252974 0.142790 0.004181 0.380490 0.000133
0.015803 0.202989 0.253103 0.143027 0.004194 0.380748 0.000136
0.015954 0.201959 0.252445 0.142477 0.004196 0.382834 0.000136
0.015989 0.201707 0.252313 0.142532 0.004251 0.383071 0.000137
0.015915 0.201717 0.252271 0.142331 0.004192 0.383439 0.000135
0.015988 0.199845 0.251871 0.142310 0.004269 0.385577 0.000139
0.016056 0.199261 0.251510 0.142013 0.004257 0.386766 0.000138
0.016048 0.199095 0.251198 0.141863 0.004277 0.387376 0.000143
0.016020 0.197576 0.251387 0.141620 0.004272 0.388986 0.000138
0.016195 0.198095 0.250779 0.141445 0.004306 0.389034 0.000144
0.016160 0.196954 0.250871 0.141501 0.004279 0.390094 0.000141
0.016324 0.196650 0.250610 0.141575 0.004255 0.390442 0.000145
0.016177 0.195754 0.250178 0.141309 0.004273 0.392171 0.000137
0.016205 0.195345 0.250228 0.141067 0.004305 0.392713 0.000136
0.016387 0.195128 0.249892 0.141047 0.004310 0.393097 0.000139
0.016314 0.193688 0.249686 0.140852 0.004355 0.394959 0.000147
0.016524 0.193935 0.249241 0.140878 0.004331 0.394950 0.000142
0.016277 0.193147 0.249255 0.140672 0.004362 0.396137 0.000149
0.016377 0.192597 0.248955 0.140697 0.004378 0.396855 0.000142
0.016491 0.191786 0.248541 0.140351 0.004409 0.398279 0.000143
0.016316 0.191360 0.248513 0.140252 0.004365 0.399050 0.000144
0.016672 0.190579 0.247987 0.140240 0.004355 0.400021 0.000147
0.016588 0.189373 0.247844 0.140006 0.004391 0.401650 0.000148
0.016606 0.189669 0.248105 0.140008 0.004393 0.401071 0.000149
0.016608 0.188646 0.247595 0.139636 0.004445 0.402915 0.000154
0.016799 0.188786 0.247381 0.139647 0.004425 0.402812 0.000149
0.016663 0.187694 0.246992 0.139320 0.004416 0.404769 0.000147
0.016600 0.187355 0.246830 0.139460 0.004413 0.405190 0.000152
0.016712 0.187037 0.246530 0.139178 0.004446 0.405947 0.000152
0.016861 0.186298 0.246480 0.138794 0.004428 0.406988 0.000151
0.016785 0.186129 0.246408 0.138881 0.004446 0.407212 0.000139
0.016886 0.185037 0.245893 0.138706 0.004430 0.408893 0.000155
0.016924 0.184146 0.245384 0.138711 0.004495 0.410187 0.000152
0.017116 0.183679 0.245379 0.138310 0.004518 0.410844 0.000155
0.017036 0.183414 0.245032 0.138512 0.004469 0.411388 0.000149
0.017044 0.182665 0.245037 0.138282 0.004494 0.412326 0.000152
0.017074 0.182698 0.244470 0.138153 0.004515 0.412932 0.000158
0.017284 0.181380 0.244253 0.138058 0.004539 0.414326 0.000160
0.016897 0.181281 0.243988 0.137888 0.004522 0.415272 0.000151
0.017232 0.181313 0.243821 0.137714 0.004507 0.415254 0.000158
0.017203 0.180056 0.243455 0.137575 0.004553 0.417004 0.000153
0.017271 0.179818 0.243338 0.137329 0.004557 0.417529 0.000158
0.017146 0.179706 0.243280 0.137197 0.004561 0.417950 0.000159
0.017280 0.178191 0.242759 0.137090 0.004560 0.419964 0.000156
0.017330 0.178361 0.242786 0.137029 0.004556 0.419777 0.000160
0.017508 0.178015 0.242594 0.136723 0.004563 0.420434 0.000163
0.017436 0.177594 0.242399 0.136765 0.004604 0.421034 0.000168
0.017395 0.176498 0.242105 0.136531 0.004570 0.422735 0.000165
0.017300 0.176335 0.241937 0.136527 0.004593 0.423149 0.000160
0.017516 0.175671 0.241346 0.136399 0.004630 0.424274 0.000163
0.017505 0.174360 0.241436 0.136046 0.004606 0.425883 0.000164
0.017546 0.174075 0.240785 0.135839 0.004675 0.426916 0.000164
0.017508 0.173574 0.241040 0.135841 0.004602 0.427276 0.000159
0.017560 0.173488 0.240631 0.135588 0.004622 0.427944 0.000166
0.017624 0.172972 0.240481 0.135556 0.004626 0.428563 0.000177
0.017833 0.172324 0.240049 0.135293 0.004663 0.429670 0.000169
0.017816 0.171734 0.239839 0.135372 0.004701 0.430370 0.000168
0.017607 0.171570 0.239689 0.135281 0.004707 0.430978 0.000168
0.017800 0.170819 0.239468 0.134770 0.004690 0.432286 0.000167
0.017765 0.170494 0.239251 0.134928 0.004732 0.432660 0.000170
0.017919 0.169489 0.238798 0.134501 0.004744 0.434378 0.000170
0.018066 0.168894 0.238560 0.134478 0.004726 0.435109 0.000167
0.017924 0.168788 0.238449 0.134461 0.004689 0.435514 0.000175
0.018010 0.168389 0.237848 0.134208 0.004764 0.436613 0.000167
0.018038 0.168524 0.237658 0.134177 0.004708 0.436724 0.000170
0.018090 0.167448 0.237586 0.133855 0.004719 0.438132 0.000171
0.017987 0.167462 0.237543 0.133946 0.004739 0.438143 0.000181
0.018303 0.166257 0.237226 0.133652 0.004781 0.439604 0.000177
0.018227 0.166214 0.236746 0.133488 0.004798 0.440347 0.000180
0.018233 0.165493 0.236666 0.133307 0.004786 0.441338 0.000177
0.018277 0.165426 0.236248 0.133201 0.004770 0.441893 0.000185
0.018361 0.164516 0.236178 0.133124 0.004754 0.442886 0.000180
0.018424 0.164870 0.235764 0.133131 0.004775 0.442853 0.000182
0.018423 0.163972 0.235499 0.132893 0.004753 0.444280 0.000181
0.018607 0.163476 0.235147 0.132702 0.004798 0.445084 0.000186
0.018351 0.162925 0.234844 0.132421 0.004844 0.446426 0.000189
0.018497 0.162366 0.234631 0.132223 0.004809 0.447282 0.000191
0.018507 0.162129 0.234648 0.132287 0.004846 0.447401 0.000181
0.018571 0.161294 0.234045 0.131972 0.004848 0.449090 0.000180
0.018510 0.161119 0.233816 0.131947 0.004856 0.449565 0.000187
0.018726 0.160776 0.233420 0.131850 0.004865 0.450175 0.000188
0.018783 0.160508 0.233406 0.131599 0.004860 0.450648 0.000196
0.018702 0.160378 0.233195 0.131439 0.004817 0.451278 0.000190
0.018843 0.159616 0.232709 0.131356 0.004867 0.452422 0.000186
0.018981 0.159278 0.232588 0.131293 0.004848 0.452821 0.000192
0.018742 0.158314 0.232334 0.131033 0.004910 0.454477 0.000190
0.018830 0.158570 0.232044 0.130894 0.004861 0.454615 0.000185
0.018913 0.158212 0.231791 0.130777 0.004882 0.455227 0.000197
0.018766 0.157526 0.231828 0.130498 0.004887 0.456303 0.000191
0.018905 0.157440 0.231273 0.130646 0.004881 0.456660 0.000194
0.019221 0.155752 0.230793 0.130170 0.004929 0.458944 0.000193
0.019226 0.156109 0.230706 0.130108 0.004926 0.458732 0.000193
0.019174 0.155311 0.230437 0.130061 0.004946 0.459877 0.000193
0.019267 0.155059 0.230064 0.129805 0.004906 0.460695 0.000204
0.019306 0.154420 0.229889 0.129564 0.004919 0.461696 0.000206
0.019191 0.154604 0.229587 0.129591 0.004932 0.461894 0.000201
0.019349 0.154444 0.229641 0.129348 0.004945 0.462073 0.000201
0.019245 0.153811 0.229161 0.129285 0.004970 0.463324 0.000203
0.019342 0.152985 0.228895 0.129078 0.004970 0.464529 0.000200
0.019573 0.152672 0.228190 0.128986 0.004964 0.465409 0.000206
0.019483 0.152375 0.228607 0.128658 0.004951 0.465723 0.000203
0.019522 0.152051 0.228263 0.128565 0.004985 0.466405 0.000208
0.019714 0.150911 0.227713 0.128377 0.004983 0.468098 0.000204
0.019635 0.151538 0.227536 0.128385 0.004979 0.467717 0.000209
0.019624 0.150858 0.227172 0.128093 0.004972 0.469072 0.000209
0.019604 0.150769 0.227048 0.128137 0.004979 0.469256 0.000208
0.019848 0.150273 0.226617 0.127927 0.004999 0.470125 0.000211
0.019641 0.149540 0.226384 0.127572 0.004979 0.471672 0.000211
0.019687 0.149222 0.226250 0.127507 0.004994 0.472127 0.000212
0.019852 0.149453 0.225936 0.127491 0.005014 0.472034 0.000221
0.020037 0.148586 0.225544 0.127255 0.004998 0.473366 0.000214
0.019955 0.147921 0.225149 0.127019 0.005063 0.474679 0.000214
0.019933 0.147843 0.224837 0.126755 0.005028 0.475382 0.000222
0.019975 0.147264 0.224656 0.126724 0.005027 0.476130 0.000224
0.020003 0.147045 0.224397 0.126551 0.005046 0.476744 0.000213
0.020030 0.147020 0.224285 0.126439 0.005046 0.476968 0.000212
0.020206 0.145970 0.223849 0.126048 0.005014 0.478685 0.000228
0.020223 0.145719 0.223401 0.126010 0.005058 0.479368 0.000221
0.020266 0.145469 0.223395 0.126055 0.005083 0.479509 0.000222
0.020206 0.145237 0.223135 0.125853 0.005099 0.480242 0.000228
0.020358 0.144801 0.222897 0.125506 0.005090 0.481129 0.000220
0.020408 0.144331 0.222469 0.125331 0.005108 0.482125 0.000228
0.020542 0.144371 0.222239 0.125331 0.005074 0.482214 0.000229
0.020628 0.143142 0.221927 0.124866 0.005087 0.484114 0.000237
0.020639 0.143214 0.221849 0.125086 0.005099 0.483880 0.000233
0.020349 0.143438 0.221527 0.125022 0.005137 0.484289 0.000237
0.020499 0.142650 0.221123 0.124696 0.005127 0.485676 0.000229
0.020438 0.142372 0.220913 0.124784 0.005086 0.486170 0.000237
0.020714 0.141236 0.220303 0.124048 0.005138 0.488325 0.000236
0.020660 0.141746 0.220416 0.124529 0.005134 0.487277 0.000238
0.020864 0.141171 0.219986 0.124128 0.005148 0.488461 0.000243
0.020797 0.140862 0.219589 0.123897 0.005124 0.489487 0.000244
0.020978 0.140204 0.219148 0.123921 0.005159 0.490354 0.000237
0.020727 0.140137 0.219299 0.123728 0.005158 0.490709 0.000243
0.020746 0.139992 0.219061 0.123370 0.005138 0.491453 0.000241
0.020792 0.139886 0.218811 0.123083 0.005133 0.492051 0.000243
0.020927 0.139830 0.218438 0.123245 0.005091 0.492223 0.000246
0.020899 0.138414 0.217581 0.122909 0.005154 0.494805 0.000238
0.021115 0.138268 0.217661 0.122893 0.005186 0.494636 0.000241
0.021301 0.138300 0.217558 0.122713 0.005153 0.494726 0.000248
0.021293 0.137500 0.216978 0.122709 0.005159 0.496117 0.000245
0.021266 0.137476 0.216883 0.122453 0.005173 0.496499 0.000250
0.021299 0.137106 0.216641 0.122227 0.005188 0.497284 0.000254
0.021327 0.136624 0.216538 0.122383 0.005194 0.497682 0.000254
0.021334 0.136810 0.216049 0.122303 0.005143 0.498111 0.000250
0.021329 0.135881 0.215785 0.121921 0.005193 0.499642 0.000248
0.021507 0.135740 0.215922 0.121815 0.005204 0.499561 0.000252
0.021552 0.135626 0.215230 0.121467 0.005206 0.500671 0.000249
0.021678 0.134790 0.214905 0.121070 0.005208 0.502091 0.000258
0.021746 0.134942 0.214736 0.121357 0.005272 0.501693 0.000255
0.021644 0.134333 0.214438 0.121143 0.005211 0.502973 0.000257
0.021815 0.133809 0.213998 0.120744 0.005260 0.504130 0.000243
0.021845 0.133644 0.213769 0.120785 0.005225 0.504482 0.000252
