0.960877 0.038265 0.000547 0.000304 0.000000 0.000007 0.000000
0.922555 0.075652 0.001124 0.000646 0.000000 0.000023 0.000000
0.912572 0.085327 0.001327 0.000748 0.000000 0.000025 0.000000
0.901163 0.096428 0.001511 0.000863 0.000000 0.000035 0.000000
0.888655 0.108615 0.001693 0.000995 0.000000 0.000042 0.000000
0.874849 0.122014 0.001964 0.001125 0.000000 0.000047 0.000000
0.861251 0.135202 0.002214 0.001282 0.000000 0.000052 0.000000
0.846484 0.149512 0.002474 0.001473 0.000000 0.000056 0.000000
0.830485 0.165019 0.002790 0.001642 0.000000 0.000063 0.000000
0.813589 0.181316 0.003168 0.001846 0.000000 0.000081 0.000000
0.797502 0.196855 0.003541 0.002012 0.000001 0.000089 0.000000
0.777841 0.215819 0.003982 0.002253 0.000000 0.000106 0.000000
0.762396 0.230685 0.004340 0.002461 0.000001 0.000117 0.000000
0.745452 0.246949 0.004782 0.002685 0.000001 0.000132 0.000000
0.725632 0.265945 0.005284 0.002989 0.000001 0.000149 0.000000
0.708932 0.281916 0.005729 0.003259 0.000002 0.000162 0.000000
0.691149 0.298905 0.006231 0.003531 0.000002 0.000181 0.000000
0.673410 0.315778 0.006773 0.003828 0.000002 0.000209 0.000000
0.656590 0.331707 0.007323 0.004143 0.000003 0.000235 0.000000
0.638824 0.348541 0.007878 0.004492 0.000003 0.000261 0.000000
0.622207 0.364163 0.008502 0.004836 0.000004 0.000289 0.000000
0.604466 0.380885 0.009129 0.005193 0.000004 0.000322 0.000000
0.589871 0.394506 0.009745 0.005522 0.000004 0.000352 0.000000
0.573646 0.409676 0.010376 0.005918 0.000004 0.000381 0.000000
0.558058 0.424149 0.011076 0.006305 0.000004 0.000408 0.000000
0.544579 0.436520 0.011798 0.006656 0.000004 0.000443 0.000000
0.528695 0.451153 0.012579 0.007076 0.000005 0.000492 0.000000
0.517650 0.461187 0.013190 0.007442 0.000005 0.000526 0.000000
0.503604 0.473948 0.013964 0.007916 0.000005 0.000564 0.000000
0.488183 0.487932 0.014863 0.008407 0.000005 0.000610 0.000000
0.478838 0.496176 0.015543 0.008791 0.000005 0.000647 0.000000
0.466051 0.507577 0.016394 0.009274 0.000006 0.000697 0.000000
0.455030 0.517286 0.017195 0.009735 0.000005 0.000749 0.000000
0.446911 0.524278 0.017917 0.010102 0.000007 0.000787 0.000000
0.435131 0.534576 0.018790 0.010644 0.000007 0.000851 0.000000
0.426414 0.542026 0.019560 0.011089 0.000007 0.000903 0.000000
0.414620 0.552305 0.020482 0.011610 0.000008 0.000975 0.000000
0.407054 0.558367 0.021364 0.012169 0.000008 0.001038 0.000000
0.399666 0.564522 0.022101 0.012606 0.000008 0.001097 0.000000
0.389675 0.572864 0.023122 0.013151 0.000009 0.001179 0.000000
0.380844 0.580220 0.023988 0.013680 0.000011 0.001257 0.000000
0.372671 0.586864 0.024914 0.014195 0.000012 0.001344 0.000000
0.368195 0.589996 0.025698 0.014655 0.000015 0.001441 0.000000
0.360585 0.596039 0.026613 0.015207 0.000015 0.001541 0.000000
0.351091 0.603646 0.027725 0.015879 0.000016 0.001644 0.000000
0.342839 0.610189 0.028778 0.016425 0.000016 0.001753 0.000000
0.337479 0.614295 0.029518 0.016843 0.000018 0.001847 0.000000
0.330617 0.619345 0.030569 0.017492 0.000020 0.001957 0.000000
0.321451 0.626563 0.031692 0.018199 0.000022 0.002072 0.000000
0.313984 0.631995 0.032892 0.018904 0.000022 0.002204 0.000000
0.306809 0.637161 0.034100 0.019579 0.000023 0.002327 0.000000
0.302081 0.640566 0.034872 0.020018 0.000025 0.002438 0.000000
0.294237 0.646158 0.036245 0.020748 0.000029 0.002583 0.000000
0.289194 0.649537 0.037206 0.021335 0.000034 0.002695 0.000000
0.279902 0.656369 0.038679 0.022138 0.000035 0.002878 0.000000
0.272917 0.661125 0.039936 0.022942 0.000035 0.003045 0.000000
0.266073 0.665654 0.041299 0.023721 0.000038 0.003214 0.000000
0.262529 0.667371 0.042337 0.024324 0.000044 0.003394 0.000000
0.255969 0.671407 0.043807 0.025175 0.000045 0.003596 0.000000
0.251232 0.674185 0.045012 0.025782 0.000049 0.003740 0.000000
0.242291 0.680251 0.046634 0.026805 0.000052 0.003968 0.000000
0.242538 0.678524 0.047493 0.027266 0.000053 0.004127 0.000000
0.236610 0.682075 0.048890 0.028032 0.000057 0.004336 0.000000
0.232549 0.683922 0.050143 0.028768 0.000056 0.004563 0.000000
0.225099 0.688497 0.051822 0.029719 0.000061 0.004802 0.000000
0.224035 0.687827 0.052846 0.030263 0.000064 0.004965 0.000000
0.221265 0.688702 0.053953 0.030876 0.000066 0.005137 0.000000
0.214961 0.692083 0.055611 0.031851 0.000068 0.005425 0.000000
0.211931 0.692523 0.057070 0.032712 0.000072 0.005691 0.000001
0.205757 0.696263 0.058416 0.033554 0.000076 0.005934 0.000000
0.201983 0.697688 0.059768 0.034296 0.000081 0.006184 0.000000
0.195316 0.701494 0.061333 0.035248 0.000082 0.006527 0.000000
0.188793 0.704464 0.063405 0.036382 0.000084 0.006871 0.000000
0.186564 0.704374 0.064705 0.037109 0.000089 0.007159 0.000000
0.181008 0.707048 0.066411 0.038004 0.000091 0.007438 0.000000
0.178382 0.707989 0.067295 0.038586 0.000096 0.007651 0.000000
0.171257 0.711502 0.069362 0.039704 0.000100 0.008074 0.000000
0.170687 0.710025 0.070541 0.040321 0.000104 0.008321 0.000001
0.164824 0.712867 0.072243 0.041299 0.000110 0.008656 0.000000
0.161752 0.712985 0.073901 0.042214 0.000113 0.009034 0.000001
0.155875 0.715521 0.075823 0.043250 0.000116 0.009414 0.000001
0.153240 0.715487 0.077230 0.044163 0.000118 0.009760 0.000001
0.152612 0.713424 0.078772 0.044931 0.000129 0.010131 0.000001
0.145242 0.717369 0.080718 0.046071 0.000126 0.010472 0.000001
0.142381 0.717515 0.082256 0.046845 0.000133 0.010869 0.000001
0.136540 0.718550 0.084989 0.048298 0.000143 0.011479 0.000001
0.137681 0.716379 0.085503 0.048630 0.000148 0.011657 0.000001
0.132598 0.718842 0.086883 0.049530 0.000152 0.011993 0.000001
0.132309 0.716517 0.088366 0.050234 0.000160 0.012413 0.000001
0.126322 0.718292 0.090752 0.051555 0.000172 0.012905 0.000001
0.127142 0.715948 0.091510 0.052000 0.000169 0.013230 0.000001
0.122953 0.716371 0.093502 0.053220 0.000187 0.013766 0.000001
0.123628 0.713431 0.094626 0.053957 0.000187 0.014170 0.000001
0.118194 0.715634 0.096520 0.054879 0.000189 0.014581 0.000001
0.114625 0.716318 0.098021 0.055847 0.000195 0.014992 0.000001
0.111401 0.715270 0.100376 0.057116 0.000202 0.015634 0.000001
0.109667 0.714447 0.101632 0.057942 0.000216 0.016095 0.000001
0.108783 0.713332 0.102741 0.058443 0.000216 0.016483 0.000002
0.105380 0.714022 0.104165 0.059275 0.000219 0.016938 0.000002
0.100516 0.714263 0.106650 0.060709 0.000224 0.017637 0.000002
0.098492 0.713118 0.108346 0.061610 0.000236 0.018197 0.000001
0.097496 0.712070 0.109363 0.062241 0.000238 0.018590 0.000001
0.093053 0.712657 0.111520 0.063402 0.000233 0.019134 0.000002
0.092060 0.709958 0.113369 0.064471 0.000249 0.019891 0.000001
0.088910 0.709876 0.115176 0.065350 0.000255 0.020432 0.000001
0.088204 0.708388 0.116186 0.066050 0.000255 0.020916 0.000002
0.083453 0.710186 0.117777 0.066968 0.000260 0.021356 0.000001
0.084187 0.706600 0.119117 0.067886 0.000266 0.021944 0.000002
0.077114 0.708007 0.122174 0.069528 0.000280 0.022895 0.000001
0.079014 0.706379 0.121920 0.069440 0.000282 0.022963 0.000002
0.076010 0.705535 0.123900 0.070474 0.000293 0.023786 0.000002
0.072175 0.705443 0.126023 0.071645 0.000295 0.024417 0.000002
0.070727 0.703994 0.127535 0.072400 0.000303 0.025039 0.000002
0.066188 0.703762 0.130114 0.073798 0.000320 0.025817 0.000002
0.063199 0.703556 0.131747 0.074785 0.000316 0.026394 0.000003
0.061172 0.701506 0.133692 0.076041 0.000331 0.027255 0.000003
0.060307 0.700151 0.134849 0.076570 0.000329 0.027792 0.000002
0.059609 0.698582 0.136009 0.077191 0.000337 0.028270 0.000003
0.056898 0.696770 0.138236 0.078636 0.000355 0.029101 0.000003
0.055068 0.696849 0.139040 0.079110 0.000362 0.029567 0.000003
0.050609 0.697006 0.141267 0.080388 0.000361 0.030366 0.000003
0.048989 0.694394 0.143322 0.081503 0.000381 0.031407 0.000004
0.051279 0.690593 0.144032 0.081889 0.000379 0.031824 0.000003
0.051477 0.688565 0.144795 0.082438 0.000395 0.032328 0.000003
0.049813 0.686650 0.146662 0.083506 0.000398 0.032969 0.000003
0.047041 0.685879 0.148258 0.084570 0.000411 0.033838 0.000003
0.045311 0.684531 0.149922 0.085325 0.000423 0.034486 0.000002
0.048572 0.679346 0.150748 0.085831 0.000421 0.035078 0.000004
0.050489 0.675987 0.151472 0.086037 0.000427 0.035584 0.000003
0.050162 0.671737 0.153599 0.087344 0.000436 0.036718 0.000004
0.054331 0.668486 0.153097 0.086955 0.000434 0.036695 0.000002
0.054646 0.663220 0.155390 0.088376 0.000455 0.037910 0.000003
0.054940 0.662041 0.155791 0.088592 0.000461 0.038173 0.000003
0.058145 0.657518 0.156264 0.088812 0.000470 0.038788 0.000003
0.057634 0.654867 0.157696 0.089796 0.000473 0.039530 0.000003
0.060727 0.651479 0.157783 0.089765 0.000471 0.039772 0.000003
0.056772 0.651203 0.159734 0.090947 0.000494 0.040847 0.000003
0.056077 0.649996 0.160509 0.091452 0.000483 0.041480 0.000003
0.056306 0.647312 0.161763 0.091919 0.000497 0.042200 0.000003
0.055338 0.645443 0.162992 0.092645 0.000515 0.043063 0.000004
0.053676 0.645071 0.164046 0.093146 0.000514 0.043545 0.000003
0.055121 0.641719 0.164864 0.093558 0.000526 0.044208 0.000004
0.054943 0.639556 0.165756 0.094178 0.000545 0.045017 0.000004
0.051165 0.640992 0.166936 0.094811 0.000551 0.045540 0.000005
0.050577 0.639669 0.167708 0.095307 0.000549 0.046185 0.000004
0.045007 0.639763 0.170462 0.096784 0.000557 0.047423 0.000004
0.045939 0.637746 0.170729 0.097080 0.000583 0.047920 0.000004
0.042904 0.636225 0.173043 0.098154 0.000578 0.049091 0.000004
0.040253 0.635202 0.174610 0.099277 0.000580 0.050073 0.000004
0.039857 0.634875 0.174826 0.099460 0.000594 0.050384 0.000004
0.037070 0.632733 0.177099 0.100681 0.000613 0.051799 0.000004
0.036919 0.631419 0.177783 0.100926 0.000610 0.052339 0.000004
0.034658 0.631979 0.178735 0.101389 0.000622 0.052612 0.000005
0.037083 0.626931 0.179692 0.102025 0.000635 0.053630 0.000005
0.033878 0.624507 0.182342 0.103567 0.000646 0.055053 0.000005
0.032804 0.623983 0.182982 0.103897 0.000655 0.055675 0.000004
0.032306 0.621460 0.184242 0.104718 0.000660 0.056608 0.000006
0.030437 0.620780 0.185262 0.105500 0.000674 0.057342 0.000005
0.031308 0.617371 0.186280 0.105997 0.000684 0.058354 0.000006
0.029440 0.615288 0.188097 0.107059 0.000689 0.059421 0.000006
0.028624 0.613186 0.189528 0.107756 0.000697 0.060204 0.000006
0.029335 0.609555 0.190624 0.108320 0.000711 0.061450 0.000005
0.028787 0.608380 0.191356 0.108760 0.000717 0.061993 0.000007
0.027323 0.607933 0.192214 0.109189 0.000724 0.062613 0.000005
0.027837 0.604304 0.193482 0.109917 0.000754 0.063701 0.000006
0.028230 0.602831 0.193743 0.110259 0.000766 0.064166 0.000005
0.029161 0.598052 0.195521 0.110910 0.000769 0.065581 0.000006
0.032107 0.593989 0.195661 0.111297 0.000761 0.066180 0.000006
0.031689 0.594205 0.195701 0.111212 0.000787 0.066400 0.000006
0.030408 0.590578 0.198003 0.112370 0.000798 0.067837 0.000005
0.033588 0.588362 0.197184 0.112030 0.000794 0.068036 0.000006
0.032907 0.585153 0.198784 0.113086 0.000797 0.069265 0.000008
0.031278 0.584074 0.200066 0.113659 0.000818 0.070097 0.000008
0.032359 0.581546 0.200503 0.113968 0.000816 0.070801 0.000008
0.033470 0.579664 0.200604 0.114074 0.000834 0.071345 0.000009
0.032927 0.576762 0.201937 0.114933 0.000834 0.072599 0.000009
0.033363 0.575248 0.202295 0.115010 0.000832 0.073243 0.000010
0.031353 0.573888 0.203759 0.115834 0.000863 0.074294 0.000009
0.032869 0.572196 0.203627 0.115773 0.000862 0.074664 0.000009
0.030683 0.570629 0.205141 0.116754 0.000869 0.075917 0.000008
0.029923 0.569865 0.205675 0.116896 0.000890 0.076743 0.000009
0.028817 0.567618 0.207027 0.117795 0.000904 0.077830 0.000009
0.028157 0.566282 0.207662 0.118181 0.000918 0.078790 0.000010
0.027266 0.566624 0.207862 0.118252 0.000908 0.079079 0.000009
0.026809 0.563225 0.209416 0.119135 0.000927 0.080476 0.000012
0.025982 0.561741 0.210337 0.119584 0.000933 0.081412 0.000011
0.023285 0.560423 0.211960 0.120636 0.000951 0.082733 0.000010
0.022343 0.557778 0.213419 0.121364 0.000965 0.084121 0.000011
0.022011 0.556763 0.213812 0.121730 0.000977 0.084696 0.000012
0.020559 0.554856 0.215268 0.122555 0.000978 0.085773 0.000011
0.020650 0.552564 0.215778 0.123117 0.001003 0.086877 0.000011
0.019860 0.550682 0.216850 0.123641 0.001008 0.087949 0.000012
0.019862 0.549537 0.217369 0.123723 0.001019 0.088479 0.000012
0.019157 0.547629 0.218286 0.124216 0.001033 0.089668 0.000011
0.018237 0.543724 0.220314 0.125317 0.001050 0.091344 0.000014
0.018065 0.544609 0.219735 0.125093 0.001042 0.091444 0.000012
0.017794 0.540940 0.221426 0.125898 0.001071 0.092860 0.000011
0.017323 0.539901 0.221891 0.126236 0.001076 0.093561 0.000012
0.017177 0.538234 0.222501 0.126560 0.001073 0.094444 0.000012
0.016901 0.535880 0.223592 0.126941 0.001084 0.095588 0.000014
0.016353 0.533493 0.224831 0.127610 0.001116 0.096581 0.000015
0.015797 0.530978 0.225870 0.128331 0.001122 0.097889 0.000013
0.015771 0.528809 0.226620 0.128674 0.001129 0.098986 0.000012
0.015995 0.527998 0.226572 0.128760 0.001145 0.099516 0.000014
0.015633 0.526486 0.227410 0.129127 0.001136 0.100194 0.000015
0.015521 0.523654 0.228369 0.129808 0.001165 0.101466 0.000016
0.015127 0.521383 0.229333 0.130337 0.001158 0.102649 0.000013
0.015215 0.519661 0.230003 0.130479 0.001184 0.103446 0.000013
0.014763 0.517172 0.230848 0.131201 0.001217 0.104786 0.000013
0.014747 0.515975 0.231289 0.131364 0.001218 0.105393 0.000014
0.014640 0.513983 0.232003 0.131791 0.001231 0.106338 0.000014
0.014653 0.511479 0.232860 0.132218 0.001251 0.107524 0.000014
0.014432 0.509686 0.233656 0.132483 0.001250 0.108479 0.000014
0.014311 0.507227 0.234319 0.133223 0.001275 0.109631 0.000014
0.014484 0.506742 0.234287 0.133082 0.001274 0.110117 0.000014
0.014349 0.505212 0.234823 0.133565 0.001263 0.110773 0.000014
0.014229 0.502155 0.236069 0.133919 0.001283 0.112331 0.000015
0.015030 0.499246 0.236442 0.134255 0.001314 0.113696 0.000016
0.018963 0.496572 0.235702 0.133816 0.001306 0.113626 0.000016
0.019280 0.493599 0.236415 0.134253 0.001317 0.115122 0.000014
0.019527 0.492602 0.236499 0.134359 0.001337 0.115661 0.000014
0.019952 0.489954 0.237145 0.134709 0.001355 0.116869 0.000016
0.020135 0.489245 0.237142 0.134833 0.001364 0.117266 0.000016
0.020854 0.486404 0.237735 0.135079 0.001380 0.118531 0.000016
0.020489 0.484999 0.238403 0.135270 0.001381 0.119440 0.000017
0.020593 0.483219 0.238803 0.135561 0.001370 0.120436 0.000017
0.018993 0.482407 0.239727 0.135930 0.001388 0.121537 0.000019
0.019261 0.480328 0.239828 0.136318 0.001415 0.122831 0.000018
0.020240 0.478792 0.239828 0.136332 0.001411 0.123381 0.000017
0.018924 0.476923 0.240992 0.136885 0.001432 0.124828 0.000016
0.017909 0.476149 0.241435 0.137328 0.001449 0.125713 0.000015
0.019054 0.474849 0.241169 0.137181 0.001457 0.126272 0.000018
0.018747 0.472917 0.241851 0.137610 0.001463 0.127393 0.000020
0.016924 0.471740 0.242896 0.138094 0.001495 0.128833 0.000018
0.016411 0.470826 0.243518 0.138158 0.001492 0.129578 0.000017
0.015947 0.468969 0.244072 0.138719 0.001505 0.130771 0.000017
0.015984 0.466641 0.244746 0.139058 0.001517 0.132035 0.000018
0.015191 0.465662 0.245252 0.139362 0.001521 0.132996 0.000016
0.014615 0.463842 0.246288 0.139499 0.001546 0.134192 0.000017
0.015268 0.462102 0.246091 0.139798 0.001535 0.135188 0.000018
0.015433 0.460553 0.246451 0.140073 0.001570 0.135903 0.000017
0.014749 0.458915 0.247250 0.140286 0.001556 0.137225 0.000018
0.013622 0.456189 0.248531 0.141013 0.001601 0.139026 0.000019
0.014152 0.455719 0.248347 0.140847 0.001575 0.139340 0.000019
0.013661 0.452888 0.249284 0.141502 0.001610 0.141035 0.000020
0.014150 0.452551 0.248813 0.141382 0.001646 0.141437 0.000021
0.013522 0.450123 0.249886 0.141912 0.001655 0.142879 0.000023
0.013439 0.449071 0.250367 0.141847 0.001649 0.143606 0.000022
0.013267 0.447211 0.250884 0.142287 0.001662 0.144668 0.000020
0.013247 0.444799 0.251278 0.142719 0.001666 0.146271 0.000019
0.013062 0.443249 0.251849 0.142908 0.001691 0.147223 0.000019
0.013013 0.441775 0.251883 0.143248 0.001700 0.148358 0.000022
0.012988 0.439766 0.252615 0.143390 0.001714 0.149507 0.000019
0.012799 0.437981 0.252982 0.143672 0.001724 0.150822 0.000022
0.012737 0.437236 0.253249 0.143828 0.001711 0.151217 0.000023
0.012845 0.435865 0.253314 0.144078 0.001746 0.152128 0.000024
0.012782 0.433417 0.254028 0.144344 0.001762 0.153643 0.000023
0.012976 0.432961 0.253911 0.144224 0.001740 0.154167 0.000021
0.012540 0.430518 0.254963 0.144550 0.001772 0.155636 0.000021
0.012515 0.429070 0.255109 0.144881 0.001788 0.156614 0.000023
0.012435 0.427537 0.255503 0.145023 0.001802 0.157676 0.000023
0.016439 0.424084 0.254819 0.144575 0.001813 0.158247 0.000023
0.017920 0.421830 0.254824 0.144640 0.001822 0.158940 0.000024
0.018019 0.420887 0.254659 0.144883 0.001828 0.159700 0.000023
0.016940 0.419152 0.255647 0.145112 0.001840 0.161287 0.000021
0.019620 0.418412 0.254749 0.144372 0.001832 0.160990 0.000025
0.020896 0.414659 0.255229 0.144783 0.001878 0.162530 0.000025
0.020890 0.413907 0.255217 0.144974 0.001857 0.163129 0.000025
0.026171 0.411131 0.253878 0.143921 0.001869 0.163003 0.000027
0.024220 0.410286 0.254617 0.144510 0.001888 0.164453 0.000024
0.026211 0.407973 0.254202 0.144370 0.001888 0.165328 0.000027
0.024327 0.408616 0.254653 0.144507 0.001907 0.165965 0.000026
0.022862 0.407210 0.255548 0.144977 0.001907 0.167470 0.000026
0.023645 0.405847 0.255274 0.144989 0.001905 0.168315 0.000027
0.023130 0.404229 0.255736 0.145227 0.001947 0.169705 0.000027
0.023586 0.403237 0.255595 0.145104 0.001951 0.170500 0.000027
0.024889 0.402385 0.254971 0.144828 0.001939 0.170961 0.000028
0.023899 0.401306 0.255530 0.145005 0.001950 0.172281 0.000028
0.022054 0.401166 0.256131 0.145430 0.001957 0.173234 0.000029
0.022745 0.400586 0.255513 0.145189 0.001984 0.173953 0.000030
0.020505 0.398862 0.256888 0.145934 0.001975 0.175807 0.000030
0.020203 0.398347 0.257013 0.145859 0.002000 0.176549 0.000028
0.019090 0.397067 0.257601 0.146135 0.001993 0.178083 0.000031
0.018736 0.395738 0.257898 0.146516 0.001993 0.179087 0.000031
0.017522 0.395124 0.258199 0.146695 0.002023 0.180408 0.000029
0.017994 0.393979 0.258283 0.146494 0.002011 0.181206 0.000032
0.016887 0.392361 0.259100 0.147055 0.002046 0.182519 0.000031
0.015627 0.391254 0.259919 0.147390 0.002049 0.183731 0.000029
0.014959 0.388817 0.260644 0.147853 0.002052 0.185644 0.000031
0.015281 0.387588 0.260845 0.147805 0.002093 0.186355 0.000032
0.014452 0.386387 0.261171 0.148179 0.002085 0.187691 0.000035
0.013950 0.382864 0.262259 0.148806 0.002113 0.189974 0.000034
0.013863 0.383181 0.262120 0.148551 0.002129 0.190123 0.000033
0.013684 0.381887 0.262187 0.148795 0.002139 0.191273 0.000034
0.013528 0.380769 0.262667 0.148890 0.002143 0.191968 0.000035
0.013492 0.379488 0.262724 0.148989 0.002141 0.193130 0.000036
0.013212 0.376944 0.263297 0.149299 0.002168 0.195043 0.000037
0.013068 0.375430 0.263484 0.149371 0.002153 0.196459 0.000034
0.012913 0.374281 0.263683 0.149681 0.002162 0.197244 0.000035
0.012418 0.373218 0.264208 0.149847 0.002186 0.198084 0.000039
0.012472 0.371697 0.264447 0.150125 0.002195 0.199023 0.000040
0.012401 0.369326 0.264942 0.150287 0.002214 0.200794 0.000037
0.012456 0.369323 0.264444 0.150173 0.002230 0.201334 0.000039
0.012383 0.367208 0.265045 0.150273 0.002210 0.202841 0.000039
0.012451 0.367216 0.264659 0.150220 0.002249 0.203166 0.000039
0.016952 0.363717 0.263806 0.149641 0.002218 0.203624 0.000041
0.019257 0.362303 0.262923 0.149186 0.002251 0.204038 0.000041
0.017310 0.361090 0.264183 0.149699 0.002226 0.205449 0.000042
0.020274 0.358854 0.263317 0.149329 0.002239 0.205950 0.000037
0.019559 0.357653 0.263157 0.149525 0.002280 0.207785 0.000041
0.021105 0.356015 0.262982 0.149339 0.002301 0.208220 0.000038
0.019778 0.354099 0.264036 0.149860 0.002275 0.209912 0.000040
0.017815 0.355583 0.264105 0.149829 0.002283 0.210345 0.000041
0.019203 0.353483 0.263594 0.149850 0.002326 0.211503 0.000040
0.018080 0.352123 0.264455 0.149989 0.002325 0.212985 0.000043
0.020831 0.352123 0.262888 0.149403 0.002297 0.212415 0.000042
0.018074 0.350065 0.264228 0.150235 0.002338 0.215017 0.000042
0.018718 0.349821 0.263818 0.150041 0.002346 0.215214 0.000042
0.016296 0.348385 0.265003 0.150556 0.002339 0.217375 0.000047
0.018307 0.348638 0.263874 0.149588 0.002367 0.217185 0.000042
0.015753 0.345864 0.265614 0.150505 0.002377 0.219841 0.000047
0.014572 0.343959 0.266096 0.151220 0.002405 0.221706 0.000043
0.015616 0.344515 0.265292 0.150562 0.002404 0.221566 0.000045
0.014271 0.341935 0.266589 0.151384 0.002439 0.223338 0.000044
0.015277 0.342405 0.265660 0.150651 0.002406 0.223554 0.000046
0.014403 0.339797 0.266370 0.151263 0.002454 0.225668 0.000046
0.014088 0.339468 0.266469 0.151204 0.002436 0.226291 0.000045
0.014628 0.338886 0.266254 0.151164 0.002441 0.226583 0.000044
0.013795 0.336690 0.266459 0.151510 0.002482 0.229020 0.000045
0.013367 0.335131 0.266998 0.151844 0.002466 0.230148 0.000046
0.012848 0.333983 0.267409 0.151892 0.002528 0.231294 0.000047
0.012769 0.332069 0.267706 0.151932 0.002518 0.232960 0.000046
0.013119 0.332304 0.267128 0.151731 0.002498 0.233173 0.000046
0.012764 0.330808 0.267590 0.151791 0.002536 0.234466 0.000044
0.013044 0.331030 0.266883 0.151754 0.002511 0.234729 0.000049
0.012361 0.327677 0.267936 0.152252 0.002579 0.237149 0.000046
0.012493 0.326835 0.267992 0.152085 0.002588 0.237955 0.000053
0.012450 0.326415 0.267986 0.152031 0.002557 0.238512 0.000049
0.012201 0.324336 0.268195 0.152390 0.002569 0.240259 0.000050
0.012328 0.323799 0.268148 0.152344 0.002580 0.240753 0.000049
0.012424 0.321947 0.268144 0.152365 0.002582 0.242488 0.000050
0.012338 0.321029 0.268340 0.152246 0.002632 0.243364 0.000051
0.012230 0.319856 0.268440 0.152561 0.002633 0.244233 0.000047
0.012129 0.317660 0.268704 0.152767 0.002624 0.246065 0.000051
0.012315 0.317516 0.268490 0.152529 0.002625 0.246470 0.000056
0.012273 0.316671 0.268286 0.152381 0.002643 0.247698 0.000049
0.011993 0.313745 0.269028 0.152830 0.002667 0.249687 0.000051
0.012096 0.314878 0.268239 0.152492 0.002662 0.249579 0.000052
0.012210 0.312402 0.268844 0.152786 0.002691 0.251009 0.000057
0.012116 0.311345 0.268704 0.152715 0.002701 0.252363 0.000057
0.012246 0.309865 0.268812 0.152474 0.002715 0.253830 0.000059
0.012169 0.310491 0.268420 0.152569 0.002738 0.253559 0.000054
0.012202 0.308968 0.268525 0.152564 0.002734 0.254950 0.000057
0.012210 0.307754 0.268453 0.152752 0.002719 0.256059 0.000054
0.012173 0.306145 0.268967 0.152478 0.002742 0.257437 0.000058
0.012184 0.305148 0.268666 0.152583 0.002779 0.258586 0.000054
0.012177 0.304165 0.268735 0.152601 0.002773 0.259493 0.000056
0.012149 0.303699 0.268665 0.152351 0.002767 0.260309 0.000060
0.012127 0.301770 0.268817 0.152495 0.002792 0.261943 0.000057
0.012109 0.300133 0.268727 0.152385 0.002810 0.263778 0.000058
0.011992 0.299058 0.269009 0.152767 0.002817 0.264299 0.000060
0.012151 0.298056 0.268915 0.152771 0.002829 0.265224 0.000054
0.012063 0.296873 0.268750 0.152631 0.002856 0.266770 0.000058
0.012161 0.296765 0.268925 0.152408 0.002832 0.266849 0.000060
0.012072 0.295230 0.268943 0.152598 0.002872 0.268224 0.000061
0.012067 0.293460 0.268997 0.152588 0.002865 0.269961 0.000061
0.012180 0.293117 0.268954 0.152602 0.002882 0.270203 0.000062
0.012234 0.291909 0.268569 0.152615 0.002887 0.271725 0.000062
0.012156 0.290966 0.268473 0.152417 0.002903 0.273022 0.000063
0.012243 0.290983 0.268719 0.152451 0.002892 0.272649 0.000063
0.012342 0.289842 0.268430 0.152404 0.002905 0.274014 0.000062
0.012295 0.287673 0.268562 0.152469 0.002941 0.275997 0.000062
0.012314 0.287089 0.268524 0.152274 0.002939 0.276794 0.000066
0.012286 0.286340 0.268391 0.152493 0.002956 0.277475 0.000058
0.012237 0.285764 0.268316 0.152300 0.002988 0.278329 0.000067
0.012320 0.284687 0.268366 0.152119 0.002967 0.279476 0.000065
0.012200 0.282218 0.268333 0.152556 0.003002 0.281626 0.000065
0.012404 0.281865 0.268274 0.152077 0.003007 0.282310 0.000064
0.012372 0.280154 0.268058 0.152193 0.003024 0.284134 0.000066
0.012385 0.279069 0.268125 0.152237 0.003062 0.285058 0.000064
0.012449 0.279637 0.267789 0.152031 0.003025 0.284998 0.000072
0.012394 0.278032 0.268073 0.152196 0.003039 0.286200 0.000066
0.012445 0.277400 0.267800 0.152041 0.003045 0.287201 0.000067
0.012424 0.275802 0.268020 0.151958 0.003078 0.288648 0.000071
0.012353 0.273944 0.267738 0.152167 0.003090 0.290636 0.000071
0.012443 0.274333 0.267583 0.151844 0.003097 0.290626 0.000074
0.012507 0.273025 0.267644 0.151885 0.003082 0.291785 0.000072
0.012530 0.272548 0.267449 0.152119 0.003112 0.292170 0.000072
0.012614 0.271543 0.267443 0.151794 0.003124 0.293406 0.000076
0.012567 0.271411 0.267390 0.151618 0.003091 0.293849 0.000074
0.012556 0.269946 0.267266 0.151843 0.003129 0.295185 0.000074
0.012619 0.269678 0.267046 0.151427 0.003147 0.296013 0.000071
0.012717 0.267514 0.267240 0.151460 0.003168 0.297824 0.000077
0.012616 0.266476 0.267092 0.151756 0.003213 0.298771 0.000076
0.012746 0.265041 0.267197 0.151535 0.003170 0.300235 0.000076
0.012688 0.264133 0.266978 0.151416 0.003169 0.301545 0.000071
0.012766 0.264291 0.266791 0.151309 0.003173 0.301591 0.000079
0.012796 0.263901 0.266827 0.151296 0.003166 0.301937 0.000076
0.012770 0.262012 0.266589 0.151434 0.003211 0.303903 0.000082
0.012932 0.261264 0.266438 0.151311 0.003219 0.304755 0.000081
0.012789 0.260085 0.266561 0.151214 0.003222 0.306051 0.000078
0.012818 0.259563 0.266083 0.151104 0.003228 0.307125 0.000079
0.012839 0.259219 0.266292 0.151153 0.003251 0.307164 0.000083
0.012848 0.257912 0.266239 0.151021 0.003245 0.308657 0.000078
0.012912 0.257252 0.266111 0.150803 0.003263 0.309581 0.000078
0.012911 0.255806 0.265882 0.150845 0.003325 0.311153 0.000079
0.012875 0.255116 0.265931 0.150678 0.003285 0.312033 0.000082
0.012800 0.254007 0.265889 0.150800 0.003272 0.313146 0.000088
0.013029 0.253372 0.265316 0.150822 0.003351 0.314029 0.000081
0.012994 0.253083 0.265575 0.150525 0.003325 0.314417 0.000081
0.013022 0.251801 0.265207 0.150476 0.003342 0.316071 0.000080
0.013064 0.250630 0.265297 0.150464 0.003321 0.317137 0.000087
0.012996 0.250052 0.265054 0.150254 0.003349 0.318210 0.000084
0.013151 0.249080 0.265002 0.150205 0.003385 0.319090 0.000087
0.013227 0.247658 0.264717 0.150151 0.003372 0.320788 0.000087
0.013196 0.247083 0.264573 0.150186 0.003414 0.321459 0.000089
0.013220 0.246145 0.264582 0.150225 0.003409 0.322334 0.000085
0.013199 0.245411 0.264669 0.150240 0.003366 0.323027 0.000089
0.013218 0.245001 0.264338 0.149631 0.003440 0.324281 0.000090
0.013263 0.243830 0.264246 0.149886 0.003423 0.325259 0.000093
0.013277 0.243361 0.263987 0.149809 0.003404 0.326067 0.000095
0.013222 0.242958 0.263842 0.149520 0.003428 0.326936 0.000094
0.013230 0.241347 0.263403 0.149643 0.003443 0.328839 0.000094
0.013179 0.241006 0.263534 0.149504 0.003431 0.329256 0.000090
0.013264 0.239562 0.263450 0.149326 0.003469 0.330827 0.000101
0.013352 0.239495 0.262994 0.149338 0.003476 0.331254 0.000091
0.013340 0.238413 0.262897 0.149124 0.003485 0.332645 0.000096
0.013406 0.237484 0.262647 0.149059 0.003460 0.333851 0.000092
0.013283 0.237424 0.262629 0.148950 0.003460 0.334157 0.000097
0.013532 0.235977 0.262438 0.148769 0.003499 0.335686 0.000099
0.013330 0.235496 0.262517 0.148933 0.003509 0.336120 0.000094
0.013442 0.234429 0.262257 0.148855 0.003518 0.337399 0.000101
0.013528 0.233500 0.262179 0.148759 0.003541 0.338393 0.000099
0.013589 0.232562 0.261921 0.148552 0.003526 0.339753 0.000098
0.013559 0.232685 0.261684 0.148658 0.003541 0.339775 0.000097
0.013645 0.232154 0.261680 0.148276 0.003568 0.340575 0.000102
0.013549 0.230589 0.261433 0.148454 0.003564 0.342304 0.000106
0.013624 0.230068 0.261271 0.148314 0.003566 0.343053 0.000104
0.013664 0.228448 0.261076 0.148302 0.003568 0.344838 0.000103
0.013749 0.227240 0.260708 0.148067 0.003579 0.346554 0.000103
0.013673 0.228557 0.260544 0.147849 0.003608 0.345661 0.000107
0.013747 0.226985 0.260632 0.147882 0.003595 0.347050 0.000109
0.013688 0.226520 0.260175 0.148054 0.003608 0.347847 0.000107
0.013626 0.226006 0.260019 0.147716 0.003615 0.348915 0.000104
0.013798 0.224939 0.259716 0.147624 0.003623 0.350192 0.000109
0.013867 0.224055 0.259714 0.147692 0.003644 0.350928 0.000101
0.013814 0.223193 0.259637 0.147328 0.003679 0.352246 0.000104
0.013952 0.222917 0.259375 0.147170 0.003616 0.352863 0.000108
0.013898 0.222366 0.259223 0.147244 0.003647 0.353514 0.000108
0.013921 0.222009 0.258895 0.147114 0.003678 0.354275 0.000108
0.014066 0.220458 0.258955 0.146897 0.003684 0.355833 0.000107
0.013916 0.219962 0.258546 0.147073 0.003703 0.356692 0.000108
0.013996 0.218647 0.258578 0.146908 0.003760 0.357999 0.000113
0.014066 0.218247 0.258265 0.146786 0.003729 0.358794 0.000113
0.014117 0.217606 0.258109 0.146672 0.003725 0.359655 0.000116
0.014207 0.217527 0.257913 0.146434 0.003733 0.360079 0.000107
0.014282 0.216818 0.257525 0.146286 0.003749 0.361221 0.000119
0.014138 0.216724 0.257419 0.146300 0.003729 0.361573 0.000118
0.014295 0.214808 0.257153 0.146102 0.003755 0.363780 0.000107
0.014326 0.213848 0.256750 0.146072 0.003775 0.365113 0.000115
0.014326 0.213767 0.256792 0.145957 0.003803 0.365241 0.000114
0.014398 0.212813 0.256598 0.145607 0.003802 0.366669 0.000112
0.014305 0.212915 0.256415 0.145674 0.003816 0.366761 0.000113
0.014310 0.211693 0.256063 0.145766 0.003814 0.368232 0.000122
0.014392 0.210839 0.255713 0.145594 0.003814 0.369530 0.000118
0.014532 0.210676 0.255842 0.145466 0.003832 0.369532 0.000121
0.014504 0.209787 0.255658 0.145255 0.003859 0.370817 0.000120
0.014597 0.209359 0.255421 0.145210 0.003836 0.371456 0.000122
0.014570 0.207951 0.255261 0.144984 0.003877 0.373237 0.000120
0.014416 0.207631 0.255167 0.144950 0.003854 0.373867 0.000115
0.014567 0.206754 0.255001 0.144947 0.003888 0.374725 0.000119
0.014520 0.206274 0.254998 0.144562 0.003860 0.375663 0.000123
0.014762 0.206231 0.254432 0.144507 0.003881 0.376066 0.000121
0.014695 0.204841 0.254282 0.144345 0.003910 0.377806 0.000120
0.014627 0.204961 0.254304 0.144204 0.003888 0.377890 0.000125
0.014790 0.203274 0.253723 0.144078 0.003917 0.380098 0.000119
0.014694 0.203510 0.253591 0.144094 0.003898 0.380095 0.000118
0.014810 0.203645 0.253197 0.143773 0.003912 0.380542 0.000120
0.014595 0.202442 0.253171 0.143692 0.003940 0.382041 0.000119
0.014916 0.200915 0.252604 0.143599 0.003996 0.383843 0.000127
0.014893 0.200676 0.252587 0.143455 0.003968 0.384300 0.000120
0.014946 0.199752 0.252554 0.143274 0.003925 0.385422 0.000126
0.014886 0.199447 0.252313 0.143485 0.003961 0.385786 0.000122
0.014895 0.198819 0.252284 0.143115 0.003968 0.386796 0.000123
0.014873 0.198419 0.251882 0.142997 0.003953 0.387756 0.000120
0.014853 0.197798 0.251378 0.142636 0.004001 0.389209 0.000126
0.015040 0.197522 0.251426 0.142637 0.003989 0.389254 0.000132
0.014977 0.196473 0.251218 0.142295 0.004004 0.390903 0.000130
0.015080 0.195670 0.251049 0.142383 0.003996 0.391693 0.000129
0.014937 0.194929 0.250803 0.142168 0.004036 0.393000 0.000127
0.015184 0.194479 0.250750 0.142133 0.004017 0.393302 0.000134
0.015147 0.193973 0.250221 0.141894 0.004010 0.394622 0.000132
0.015088 0.193961 0.250255 0.141655 0.004003 0.394907 0.000131
0.015205 0.192902 0.249763 0.141631 0.004036 0.396333 0.000130
0.015155 0.191778 0.249638 0.141435 0.004044 0.397813 0.000137
0.015210 0.191778 0.249265 0.141293 0.004061 0.398255 0.000138
0.015235 0.191557 0.248719 0.141407 0.004063 0.398884 0.000136
0.015209 0.190714 0.248938 0.141172 0.004066 0.399769 0.000132
0.015374 0.189643 0.248483 0.141048 0.004065 0.401251 0.000136
0.015447 0.189102 0.248257 0.140756 0.004072 0.402232 0.000136
0.015400 0.188893 0.248209 0.140606 0.004087 0.402663 0.000141
0.015452 0.187909 0.247841 0.140564 0.004129 0.403965 0.000140
0.015517 0.187138 0.247609 0.140221 0.004097 0.405275 0.000144
0.015684 0.187062 0.247059 0.140285 0.004106 0.405668 0.000137
0.015538 0.186621 0.247155 0.140177 0.004123 0.406244 0.000142
0.015613 0.185950 0.246933 0.140076 0.004117 0.407172 0.000138
0.015674 0.185638 0.246402 0.140010 0.004118 0.408014 0.000144
0.015613 0.184672 0.246019 0.139840 0.004134 0.409576 0.000147
0.015676 0.184332 0.246114 0.139543 0.004130 0.410060 0.000145
0.015664 0.183360 0.245659 0.139428 0.004127 0.411608 0.000153
0.015741 0.183241 0.245498 0.139323 0.004158 0.411893 0.000145
0.015932 0.182269 0.245612 0.139112 0.004154 0.412781 0.000140
0.016050 0.182203 0.245049 0.139160 0.004151 0.413233 0.000154
0.015845 0.182173 0.244895 0.138887 0.004187 0.413864 0.000149
0.016032 0.180922 0.244564 0.138664 0.004145 0.415524 0.000148
0.016118 0.180585 0.244110 0.138554 0.004204 0.416287 0.000142
0.016091 0.180128 0.244195 0.138405 0.004212 0.416816 0.000153
0.016028 0.179746 0.244220 0.138382 0.004183 0.417290 0.000151
0.016219 0.178596 0.243895 0.138297 0.004243 0.418601 0.000149
0.016011 0.178510 0.243323 0.138175 0.004183 0.419647 0.000151
0.016343 0.178200 0.243182 0.137987 0.004195 0.419940 0.000154
0.015997 0.177813 0.243294 0.137904 0.004197 0.420641 0.000155
0.016132 0.176865 0.242699 0.137570 0.004206 0.422370 0.000158
0.016247 0.176095 0.242682 0.137499 0.004165 0.423161 0.000152
0.016182 0.175897 0.242120 0.137303 0.004221 0.424118 0.000159
0.016350 0.175639 0.242202 0.137028 0.004205 0.424420 0.000157
0.016300 0.174176 0.241754 0.136814 0.004222 0.426574 0.000161
0.016276 0.174939 0.241489 0.137151 0.004250 0.425738 0.000158
0.016540 0.173931 0.241327 0.136795 0.004238 0.427010 0.000160
0.016463 0.173091 0.240877 0.136494 0.004263 0.428651 0.000162
0.016584 0.173355 0.240638 0.136630 0.004285 0.428346 0.000161
0.016569 0.172248 0.240124 0.136317 0.004265 0.430313 0.000164
0.016490 0.171986 0.240441 0.136307 0.004262 0.430354 0.000160
0.016761 0.171708 0.239860 0.136140 0.004279 0.431092 0.000160
0.016755 0.170726 0.239629 0.135955 0.004313 0.432462 0.000161
0.016640 0.170411 0.239377 0.135719 0.004259 0.433430 0.000164
0.016679 0.169943 0.239191 0.135792 0.004308 0.433924 0.000164
0.016860 0.168978 0.238837 0.135361 0.004331 0.435459 0.000175
0.016607 0.169047 0.238868 0.135442 0.004280 0.435590 0.000167
0.016662 0.168974 0.238751 0.135413 0.004285 0.435752 0.000163
0.016761 0.167543 0.238186 0.135250 0.004314 0.437782 0.000164
0.016862 0.167353 0.238003 0.134905 0.004313 0.438398 0.000166
0.016949 0.167198 0.237683 0.135014 0.004360 0.438620 0.000176
0.016876 0.167262 0.237547 0.134926 0.004319 0.438894 0.000175
0.016930 0.165855 0.237250 0.134521 0.004368 0.440900 0.000176
0.017070 0.165408 0.236861 0.134313 0.004321 0.441850 0.000178
0.017092 0.165156 0.236464 0.133991 0.004353 0.442773 0.000170
0.017057 0.164537 0.236555 0.133999 0.004343 0.443337 0.000172
0.017133 0.164137 0.236216 0.133839 0.004350 0.444148 0.000176
0.017196 0.163525 0.235896 0.133591 0.004369 0.445243 0.000181
0.017209 0.163387 0.235447 0.133575 0.004388 0.445812 0.000182
0.017363 0.163236 0.235317 0.133385 0.004332 0.446186 0.000181
0.017208 0.162046 0.235098 0.133123 0.004404 0.447940 0.000181
0.017389 0.161672 0.234944 0.132995 0.004411 0.448414 0.000176
0.017247 0.161782 0.234780 0.132879 0.004375 0.448764 0.000172
0.017378 0.161382 0.234501 0.132961 0.004373 0.449223 0.000182
0.017544 0.160413 0.233909 0.132666 0.004410 0.450872 0.000186
0.017443 0.161025 0.233904 0.132427 0.004409 0.450611 0.000181
0.017583 0.159604 0.233600 0.132153 0.004401 0.452478 0.000182
0.017664 0.159581 0.233701 0.132187 0.004386 0.452299 0.000182
0.017676 0.158778 0.232911 0.132031 0.004410 0.454008 0.000185
0.017685 0.158842 0.232911 0.131809 0.004440 0.454133 0.000180
0.017624 0.158222 0.232483 0.131654 0.004439 0.455399 0.000179
0.017655 0.157536 0.232091 0.131407 0.004431 0.456692 0.000189
0.017846 0.157500 0.232021 0.131367 0.004443 0.456638 0.000185
0.017713 0.157021 0.231414 0.131233 0.004435 0.458001 0.000183
0.017827 0.156282 0.231467 0.130822 0.004489 0.458920 0.000194
0.017865 0.156068 0.231055 0.130712 0.004477 0.459640 0.000183
0.017911 0.155814 0.230732 0.130616 0.004473 0.460262 0.000192
0.017786 0.155659 0.230798 0.130768 0.004461 0.460340 0.000189
0.017694 0.154526 0.230239 0.130469 0.004474 0.462407 0.000189
0.018012 0.154752 0.230164 0.130133 0.004497 0.462247 0.000195
0.017881 0.154258 0.230021 0.130060 0.004459 0.463118 0.000202
0.017909 0.154197 0.229906 0.129879 0.004489 0.463421 0.000198
0.017902 0.153140 0.229325 0.129809 0.004471 0.465155 0.000197
0.018085 0.153219 0.228977 0.129516 0.004514 0.465497 0.000192
0.018242 0.151881 0.228535 0.129337 0.004483 0.467320 0.000201
0.018167 0.151940 0.228607 0.129200 0.004481 0.467405 0.000199
0.018201 0.151676 0.227915 0.128935 0.004577 0.468497 0.000199
0.018277 0.150985 0.227781 0.129188 0.004489 0.469077 0.000204
0.018344 0.150753 0.227667 0.128904 0.004512 0.469615 0.000205
0.018323 0.150475 0.227359 0.128832 0.004520 0.470288 0.000202
0.018338 0.149916 0.227142 0.128459 0.004563 0.471384 0.000197
0.018328 0.150120 0.227040 0.128394 0.004588 0.471323 0.000207
0.018416 0.149697 0.226657 0.128385 0.004547 0.472093 0.000206
0.018557 0.148270 0.226249 0.127830 0.004555 0.474333 0.000205
0.018455 0.149125 0.226371 0.127908 0.004545 0.473392 0.000204
0.018569 0.148586 0.226108 0.127807 0.004548 0.474176 0.000206
0.018752 0.147399 0.225602 0.127770 0.004530 0.475738 0.000210
0.018671 0.147421 0.225463 0.127699 0.004614 0.475926 0.000208
0.018756 0.147271 0.224968 0.127267 0.004598 0.476932 0.000208
0.018711 0.146831 0.225198 0.127050 0.004575 0.477424 0.000211
0.018717 0.146490 0.224849 0.126989 0.004577 0.478169 0.000208
0.018727 0.146662 0.224446 0.127037 0.004585 0.478335 0.000208
0.018775 0.145749 0.224000 0.126595 0.004616 0.480054 0.000212
0.018768 0.145310 0.224025 0.126233 0.004598 0.480848 0.000217
0.018653 0.145110 0.223625 0.126258 0.004576 0.481566 0.000211
0.018878 0.144841 0.222842 0.126125 0.004597 0.482501 0.000216
0.018886 0.143727 0.222630 0.125839 0.004592 0.484117 0.000209
0.019159 0.144015 0.222548 0.125757 0.004613 0.483690 0.000218
0.019014 0.143279 0.222660 0.125756 0.004602 0.484471 0.000218
0.019040 0.143605 0.222190 0.125371 0.004607 0.484967 0.000220
0.019193 0.142604 0.221873 0.125425 0.004649 0.486041 0.000215
0.019281 0.142903 0.221361 0.125386 0.004641 0.486214 0.000214
0.019139 0.141748 0.220982 0.124926 0.004621 0.488369 0.000215
0.019161 0.141483 0.221053 0.124679 0.004638 0.488764 0.000222
0.019152 0.141876 0.220841 0.124884 0.004618 0.488411 0.000217
0.019258 0.141445 0.220603 0.124685 0.004612 0.489175 0.000222
0.019499 0.140529 0.219943 0.124147 0.004642 0.491017 0.000223
0.019375 0.140206 0.219506 0.124201 0.004648 0.491843 0.000222
0.019500 0.140167 0.219593 0.124097 0.004669 0.491749 0.000225
0.019465 0.139691 0.219459 0.123960 0.004659 0.492543 0.000223
0.019624 0.139054 0.218720 0.123741 0.004671 0.493965 0.000224
0.019683 0.138768 0.218566 0.123766 0.004637 0.494352 0.000228
0.019533 0.138145 0.218224 0.123587 0.004730 0.495561 0.000219
0.019681 0.138620 0.218165 0.123152 0.004669 0.495491 0.000222
0.019749 0.137860 0.217781 0.122697 0.004701 0.496971 0.000241
0.019845 0.137617 0.217983 0.123106 0.004665 0.496554 0.000230
0.019845 0.137264 0.217456 0.122888 0.004705 0.497608 0.000234
0.019737 0.137234 0.217105 0.122786 0.004679 0.498230 0.000231
0.019902 0.136585 0.217028 0.122520 0.004687 0.499033 0.000245
0.020001 0.136092 0.216304 0.121999 0.004704 0.500675 0.000226
0.019986 0.135895 0.216431 0.122164 0.004706 0.500590 0.000228
0.019841 0.136015 0.216069 0.122209 0.004715 0.500922 0.000228
0.020105 0.134993 0.215576 0.121708 0.004709 0.502672 0.000238
0.020039 0.134733 0.215294 0.121697 0.004733 0.503271 0.000232
0.020178 0.134143 0.215052 0.121588 0.004778 0.504036 0.000225
0.020147 0.134376 0.215135 0.121569 0.004726 0.503822 0.000225
0.020317 0.134117 0.214536 0.121362 0.004735 0.504695 0.000239
0.020174 0.133608 0.214247 0.120878 0.004739 0.506108 0.000246
0.020364 0.133350 0.214251 0.120752 0.004767 0.506282 0.000234
0.020303 0.133278 0.213737 0.120886 0.004753 0.506807 0.000236
0.020375 0.132701 0.213579 0.120540 0.004797 0.507772 0.000235
0.020575 0.132219 0.213082 0.120279 0.004766 0.508834 0.000245
