0.961455 0.037723 0.000515 0.000299 0.000000 0.000007 0.000000
0.923625 0.074639 0.001081 0.000631 0.000000 0.000024 0.000000
0.913406 0.084528 0.001296 0.000742 0.000000 0.000028 0.000000
0.901873 0.095755 0.001474 0.000859 0.000000 0.000038 0.000000
0.889174 0.108135 0.001659 0.000988 0.000000 0.000044 0.000000
0.875703 0.121208 0.001920 0.001120 0.000000 0.000048 0.000000
0.862070 0.134427 0.002175 0.001276 0.000000 0.000052 0.000000
0.847247 0.148778 0.002451 0.001467 0.000000 0.000057 0.000000
0.831060 0.164461 0.002775 0.001639 0.000000 0.000064 0.000000
0.813778 0.181127 0.003166 0.001846 0.000000 0.000082 0.000000
0.797767 0.196585 0.003540 0.002016 0.000000 0.000091 0.000000
0.778243 0.215413 0.003984 0.002252 0.000000 0.000107 0.000000
0.762669 0.230406 0.004339 0.002467 0.000001 0.000118 0.000000
0.745538 0.246845 0.004783 0.002702 0.000001 0.000132 0.000000
0.725817 0.265746 0.005288 0.003000 0.000001 0.000148 0.000000
0.708832 0.281996 0.005743 0.003267 0.000002 0.000160 0.000000
0.690902 0.299135 0.006244 0.003539 0.000002 0.000179 0.000000
0.672663 0.316492 0.006795 0.003844 0.000002 0.000204 0.000000
0.655418 0.332840 0.007357 0.004153 0.000003 0.000229 0.000000
0.637537 0.349789 0.007917 0.004499 0.000003 0.000254 0.000000
0.620516 0.365797 0.008552 0.004848 0.000004 0.000282 0.000000
0.602734 0.382530 0.009203 0.005213 0.000004 0.000316 0.000000
0.588300 0.395993 0.009811 0.005548 0.000004 0.000343 0.000000
0.571579 0.411645 0.010453 0.005948 0.000005 0.000371 0.000000
0.555704 0.426383 0.011161 0.006346 0.000004 0.000401 0.000000
0.542109 0.438845 0.011894 0.006713 0.000005 0.000434 0.000000
0.526545 0.453169 0.012666 0.007132 0.000006 0.000483 0.000000
0.514929 0.463714 0.013312 0.007522 0.000006 0.000518 0.000000
0.500793 0.476527 0.014102 0.008013 0.000006 0.000558 0.000000
0.486537 0.489421 0.014957 0.008475 0.000006 0.000603 0.000000
0.475937 0.498827 0.015680 0.008906 0.000006 0.000643 0.000000
0.463958 0.509470 0.016499 0.009372 0.000007 0.000695 0.000000
0.452806 0.519270 0.017328 0.009844 0.000006 0.000746 0.000000
0.444811 0.526135 0.018049 0.010210 0.000007 0.000788 0.000000
0.433756 0.535741 0.018898 0.010747 0.000008 0.000850 0.000000
0.425560 0.542741 0.019623 0.011167 0.000008 0.000900 0.000000
0.413953 0.552804 0.020562 0.011697 0.000008 0.000976 0.000000
0.406068 0.559160 0.021472 0.012254 0.000009 0.001038 0.000000
0.397905 0.565992 0.022267 0.012724 0.000009 0.001102 0.000000
0.389421 0.572963 0.023210 0.013217 0.000009 0.001181 0.000000
0.380111 0.580755 0.024104 0.013758 0.000011 0.001261 0.000000
0.370780 0.588464 0.025085 0.014304 0.000013 0.001354 0.000000
0.366927 0.591023 0.025847 0.014746 0.000015 0.001442 0.000000
0.359156 0.597185 0.026794 0.015313 0.000015 0.001538 0.000000
0.350280 0.604256 0.027856 0.015955 0.000016 0.001637 0.000000
0.341448 0.611291 0.028949 0.016549 0.000017 0.001747 0.000000
0.335878 0.615595 0.029695 0.016970 0.000018 0.001843 0.000000
0.329564 0.620141 0.030728 0.017596 0.000020 0.001950 0.000000
0.320427 0.627252 0.031899 0.018321 0.000022 0.002079 0.000000
0.313490 0.632249 0.033043 0.018991 0.000022 0.002205 0.000000
0.307089 0.636721 0.034199 0.019639 0.000024 0.002328 0.000000
0.301612 0.640694 0.035072 0.020142 0.000026 0.002454 0.000000
0.293932 0.646150 0.036401 0.020879 0.000031 0.002607 0.000000
0.289689 0.648925 0.037246 0.021403 0.000035 0.002702 0.000000
0.279535 0.656447 0.038834 0.022257 0.000036 0.002891 0.000000
0.273225 0.660672 0.040015 0.022994 0.000036 0.003057 0.000000
0.265945 0.665559 0.041429 0.023800 0.000040 0.003228 0.000000
0.263414 0.666576 0.042271 0.024312 0.000045 0.003383 0.000000
0.255972 0.671334 0.043843 0.025207 0.000047 0.003597 0.000000
0.251352 0.673976 0.045050 0.025829 0.000050 0.003743 0.000000
0.242197 0.680188 0.046711 0.026873 0.000053 0.003977 0.000000
0.242612 0.678364 0.047527 0.027312 0.000056 0.004130 0.000000
0.236146 0.682333 0.048986 0.028133 0.000059 0.004343 0.000000
0.230650 0.685476 0.050321 0.028912 0.000058 0.004584 0.000000
0.223914 0.689415 0.051955 0.029843 0.000064 0.004809 0.000000
0.222307 0.689275 0.052973 0.030391 0.000067 0.004986 0.000000
0.220644 0.689253 0.053949 0.030939 0.000069 0.005146 0.000000
0.214390 0.692454 0.055687 0.031961 0.000071 0.005437 0.000000
0.210310 0.693739 0.057274 0.032881 0.000076 0.005719 0.000001
0.204777 0.696879 0.058604 0.033708 0.000078 0.005953 0.000000
0.201122 0.698331 0.059847 0.034425 0.000084 0.006192 0.000000
0.194819 0.701719 0.061444 0.035399 0.000082 0.006536 0.000000
0.188700 0.704483 0.063420 0.036455 0.000084 0.006857 0.000000
0.186579 0.704287 0.064709 0.037199 0.000089 0.007137 0.000000
0.180348 0.707446 0.066515 0.038151 0.000092 0.007448 0.000000
0.176927 0.708902 0.067561 0.038837 0.000096 0.007677 0.000000
0.170993 0.711664 0.069381 0.039812 0.000099 0.008051 0.000000
0.170478 0.709929 0.070664 0.040489 0.000104 0.008334 0.000001
0.164324 0.713072 0.072369 0.041457 0.000109 0.008669 0.000000
0.161717 0.712878 0.073942 0.042320 0.000112 0.009030 0.000001
0.155662 0.715449 0.075969 0.043386 0.000115 0.009419 0.000001
0.152423 0.715809 0.077484 0.044382 0.000117 0.009785 0.000001
0.154137 0.711848 0.078757 0.044996 0.000128 0.010133 0.000001
0.145848 0.716498 0.080814 0.046220 0.000125 0.010494 0.000001
0.142730 0.716684 0.082456 0.047080 0.000131 0.010918 0.000001
0.137736 0.717136 0.085053 0.048437 0.000141 0.011496 0.000001
0.140055 0.714282 0.085279 0.048609 0.000144 0.011629 0.000001
0.134271 0.717249 0.086774 0.049567 0.000150 0.011987 0.000001
0.133612 0.715214 0.088327 0.050268 0.000160 0.012418 0.000001
0.128833 0.716187 0.090462 0.051481 0.000171 0.012866 0.000001
0.128818 0.714555 0.091258 0.051985 0.000169 0.013214 0.000001
0.124774 0.715016 0.093184 0.053113 0.000183 0.013729 0.000001
0.125185 0.712151 0.094399 0.053936 0.000184 0.014144 0.000001
0.119416 0.714683 0.096294 0.054848 0.000186 0.014571 0.000001
0.115523 0.715539 0.097855 0.055871 0.000192 0.015018 0.000001
0.112030 0.714699 0.100260 0.057154 0.000198 0.015658 0.000001
0.110478 0.713570 0.101593 0.058018 0.000216 0.016123 0.000001
0.109862 0.712702 0.102436 0.058347 0.000211 0.016440 0.000002
0.105044 0.714052 0.104272 0.059423 0.000215 0.016993 0.000002
0.100853 0.713981 0.106544 0.060753 0.000223 0.017645 0.000002
0.099238 0.712778 0.108026 0.061563 0.000233 0.018161 0.000001
0.097118 0.712271 0.109368 0.062390 0.000237 0.018614 0.000001
0.093229 0.712505 0.111442 0.063448 0.000232 0.019143 0.000002
0.091574 0.710543 0.113247 0.064505 0.000244 0.019885 0.000001
0.087228 0.711351 0.115232 0.065489 0.000253 0.020445 0.000001
0.086075 0.710054 0.116387 0.066261 0.000255 0.020966 0.000002
0.081816 0.711547 0.117858 0.067135 0.000258 0.021385 0.000001
0.081161 0.708707 0.119577 0.068219 0.000265 0.022070 0.000002
0.074956 0.709625 0.122450 0.069737 0.000279 0.022952 0.000001
0.075970 0.708443 0.122446 0.069778 0.000282 0.023078 0.000002
0.072149 0.708222 0.124527 0.070896 0.000294 0.023911 0.000002
0.068083 0.708334 0.126685 0.072075 0.000297 0.024524 0.000002
0.066061 0.707123 0.128335 0.072941 0.000304 0.025234 0.000002
0.061208 0.707276 0.130868 0.074356 0.000320 0.025970 0.000002
0.059100 0.706221 0.132475 0.075324 0.000318 0.026560 0.000003
0.055518 0.705158 0.134751 0.076725 0.000338 0.027507 0.000003
0.054568 0.703869 0.135915 0.077272 0.000335 0.028037 0.000002
0.053544 0.702477 0.137153 0.077936 0.000344 0.028543 0.000003
0.051198 0.700347 0.139329 0.079360 0.000363 0.029400 0.000003
0.050013 0.699963 0.140055 0.079748 0.000368 0.029850 0.000003
0.045925 0.699382 0.142465 0.081148 0.000367 0.030710 0.000003
0.044501 0.696833 0.144389 0.082195 0.000388 0.031690 0.000004
0.046486 0.693210 0.145187 0.082604 0.000388 0.032123 0.000003
0.046478 0.691000 0.146125 0.083289 0.000404 0.032702 0.000003
0.045191 0.688674 0.147994 0.084379 0.000406 0.033353 0.000003
0.043001 0.687747 0.149388 0.085300 0.000419 0.034142 0.000003
0.042867 0.685551 0.150627 0.085862 0.000428 0.034663 0.000002
0.045841 0.680028 0.151789 0.086499 0.000429 0.035410 0.000004
0.047963 0.676618 0.152440 0.086674 0.000434 0.035868 0.000003
0.046760 0.673316 0.154525 0.087964 0.000440 0.036991 0.000004
0.049507 0.670591 0.154494 0.087875 0.000441 0.037090 0.000002
0.049570 0.665559 0.156826 0.089238 0.000462 0.038344 0.000003
0.050149 0.664343 0.157070 0.089459 0.000471 0.038505 0.000003
0.053296 0.660097 0.157441 0.089580 0.000477 0.039105 0.000003
0.052359 0.657291 0.159165 0.090766 0.000480 0.039936 0.000004
0.054683 0.653839 0.159649 0.090968 0.000478 0.040380 0.000003
0.050456 0.654286 0.161414 0.092020 0.000499 0.041322 0.000003
0.050656 0.652323 0.162101 0.092469 0.000494 0.041953 0.000003
0.050305 0.650648 0.163115 0.092848 0.000501 0.042580 0.000003
0.048617 0.648173 0.165010 0.093967 0.000523 0.043708 0.000004
0.048260 0.647633 0.165492 0.094127 0.000521 0.043963 0.000003
0.048190 0.644755 0.166787 0.094878 0.000532 0.044854 0.000004
0.047896 0.642571 0.167820 0.095502 0.000557 0.045649 0.000005
0.045947 0.643277 0.168388 0.095833 0.000556 0.045994 0.000005
0.044112 0.641721 0.169921 0.096779 0.000562 0.046901 0.000004
0.039699 0.641530 0.172216 0.097983 0.000563 0.048004 0.000004
0.040939 0.639117 0.172501 0.098329 0.000590 0.048518 0.000004
0.038154 0.637405 0.174772 0.099414 0.000587 0.049664 0.000004
0.036097 0.635925 0.176307 0.100444 0.000590 0.050632 0.000004
0.036336 0.635235 0.176359 0.100515 0.000604 0.050947 0.000004
0.033381 0.632931 0.178739 0.101887 0.000624 0.052434 0.000004
0.033933 0.631646 0.179132 0.101866 0.000622 0.052797 0.000004
0.031565 0.631663 0.180354 0.102564 0.000634 0.053216 0.000005
0.033892 0.626770 0.181312 0.103172 0.000647 0.054203 0.000005
0.031127 0.624010 0.183885 0.104648 0.000659 0.055665 0.000005
0.030610 0.623503 0.184263 0.104784 0.000669 0.056166 0.000004
0.030510 0.621165 0.185264 0.105426 0.000671 0.056957 0.000005
0.028345 0.620265 0.186563 0.106334 0.000691 0.057797 0.000005
0.029577 0.616742 0.187373 0.106809 0.000702 0.058791 0.000006
0.027997 0.614568 0.189101 0.107767 0.000701 0.059860 0.000005
0.027380 0.612620 0.190354 0.108371 0.000707 0.060562 0.000006
0.028060 0.608827 0.191515 0.109021 0.000722 0.061849 0.000006
0.027622 0.607589 0.192234 0.109432 0.000730 0.062386 0.000007
0.026206 0.607264 0.193020 0.109802 0.000736 0.062968 0.000005
0.026858 0.603628 0.194194 0.110542 0.000768 0.064004 0.000006
0.027018 0.601523 0.194810 0.111102 0.000778 0.064763 0.000006
0.028208 0.597412 0.196125 0.111535 0.000776 0.065937 0.000006
0.031384 0.593568 0.196103 0.111742 0.000766 0.066430 0.000006
0.030757 0.593137 0.196537 0.111883 0.000797 0.066884 0.000006
0.029682 0.590208 0.198376 0.112851 0.000800 0.068076 0.000005
0.032767 0.587860 0.197715 0.112499 0.000798 0.068355 0.000006
0.032107 0.584432 0.199435 0.113569 0.000803 0.069645 0.000008
0.030535 0.583818 0.200489 0.114026 0.000816 0.070307 0.000009
0.031534 0.580902 0.201083 0.114505 0.000815 0.071154 0.000008
0.032786 0.579220 0.201030 0.114472 0.000841 0.071642 0.000010
0.032305 0.576537 0.202213 0.115266 0.000840 0.072829 0.000009
0.032675 0.574686 0.202790 0.115459 0.000836 0.073544 0.000010
0.030804 0.573334 0.204191 0.116230 0.000872 0.074560 0.000009
0.032214 0.571586 0.204136 0.116205 0.000868 0.074981 0.000009
0.029990 0.569735 0.205808 0.117295 0.000874 0.076290 0.000008
0.029184 0.569308 0.206190 0.117354 0.000895 0.077059 0.000009
0.028200 0.567533 0.207263 0.118116 0.000902 0.077977 0.000009
0.027475 0.565709 0.208113 0.118655 0.000920 0.079117 0.000011
0.026597 0.566029 0.208423 0.118625 0.000914 0.079403 0.000010
0.026124 0.562547 0.209961 0.119550 0.000936 0.080870 0.000012
0.025442 0.561549 0.210583 0.119894 0.000936 0.081585 0.000011
0.022686 0.559898 0.212409 0.121010 0.000957 0.083029 0.000011
0.021722 0.557221 0.213858 0.121765 0.000975 0.084447 0.000012
0.021506 0.556468 0.214110 0.122016 0.000986 0.084900 0.000012
0.019997 0.554277 0.215696 0.122983 0.000984 0.086051 0.000012
0.020015 0.551728 0.216347 0.123591 0.001012 0.087295 0.000013
0.019253 0.549976 0.217428 0.124039 0.001016 0.088274 0.000013
0.019273 0.548785 0.217898 0.124123 0.001028 0.088880 0.000013
0.018621 0.547347 0.218612 0.124512 0.001032 0.089863 0.000013
0.017689 0.543438 0.220628 0.125645 0.001056 0.091528 0.000015
0.017538 0.544219 0.220068 0.125437 0.001052 0.091673 0.000013
0.017285 0.540476 0.221796 0.126203 0.001078 0.093150 0.000012
0.016814 0.539783 0.222147 0.126502 0.001080 0.093662 0.000013
0.016588 0.537538 0.223030 0.126945 0.001083 0.094804 0.000013
0.016334 0.535279 0.224031 0.127326 0.001093 0.095923 0.000015
0.015873 0.533249 0.225110 0.127883 0.001123 0.096746 0.000015
0.015290 0.530833 0.226089 0.128573 0.001126 0.098075 0.000014
0.015226 0.528354 0.227009 0.128983 0.001135 0.099281 0.000013
0.015407 0.527181 0.227095 0.129162 0.001160 0.099981 0.000015
0.015085 0.526161 0.227704 0.129423 0.001148 0.100465 0.000015
0.015005 0.523305 0.228673 0.130105 0.001171 0.101724 0.000018
0.014630 0.521157 0.229519 0.130604 0.001160 0.102916 0.000015
0.014655 0.519082 0.230408 0.130822 0.001189 0.103829 0.000014
0.014195 0.516238 0.231445 0.131618 0.001224 0.105265 0.000014
0.014265 0.515694 0.231545 0.131609 0.001225 0.105646 0.000015
0.014121 0.513723 0.232294 0.132053 0.001236 0.106558 0.000014
0.014183 0.511188 0.233117 0.132465 0.001261 0.107769 0.000016
0.013951 0.509643 0.233878 0.132659 0.001253 0.108603 0.000014
0.013801 0.506841 0.234661 0.133465 0.001280 0.109936 0.000015
0.013984 0.506269 0.234636 0.133381 0.001278 0.110436 0.000016
0.013872 0.504891 0.235034 0.133874 0.001270 0.111043 0.000015
0.013721 0.501746 0.236367 0.134183 0.001289 0.112678 0.000016
0.014520 0.498902 0.236690 0.134520 0.001321 0.114029 0.000018
0.018516 0.496113 0.236005 0.134050 0.001307 0.113991 0.000017
0.018731 0.492927 0.236882 0.134555 0.001327 0.115563 0.000014
0.018983 0.492109 0.236863 0.134651 0.001339 0.116041 0.000014
0.019480 0.489583 0.237417 0.134970 0.001358 0.117175 0.000017
0.019619 0.488900 0.237421 0.135080 0.001364 0.117600 0.000016
0.020411 0.486226 0.237926 0.135342 0.001382 0.118696 0.000017
0.019985 0.484557 0.238750 0.135511 0.001385 0.119794 0.000018
0.020023 0.482737 0.239173 0.135797 0.001371 0.120881 0.000018
0.018365 0.482069 0.240016 0.136193 0.001391 0.121946 0.000020
0.018757 0.480145 0.240049 0.136562 0.001420 0.123049 0.000019
0.019680 0.478256 0.240208 0.136575 0.001425 0.123839 0.000018
0.018453 0.476505 0.241250 0.137137 0.001434 0.125204 0.000017
0.017380 0.475683 0.241747 0.137616 0.001459 0.126099 0.000017
0.018610 0.474650 0.241342 0.137406 0.001465 0.126509 0.000019
0.018216 0.472751 0.242042 0.137786 0.001467 0.127717 0.000021
0.016405 0.471345 0.243154 0.138327 0.001502 0.129248 0.000019
0.015903 0.470563 0.243733 0.138360 0.001496 0.129927 0.000018
0.015468 0.468413 0.244361 0.139012 0.001513 0.131214 0.000018
0.015437 0.466169 0.245071 0.139303 0.001528 0.132472 0.000019
0.014703 0.465384 0.245442 0.139627 0.001528 0.133299 0.000017
0.014102 0.463503 0.246487 0.139758 0.001549 0.134584 0.000019
0.014770 0.461610 0.246412 0.140037 0.001544 0.135609 0.000019
0.014891 0.460135 0.246734 0.140330 0.001578 0.136315 0.000018
0.014243 0.458361 0.247603 0.140546 0.001557 0.137670 0.000020
0.013081 0.455866 0.248891 0.141240 0.001605 0.139298 0.000019
0.013653 0.455305 0.248622 0.141140 0.001582 0.139678 0.000020
0.013169 0.452701 0.249559 0.141662 0.001613 0.141276 0.000021
0.013686 0.452090 0.249094 0.141619 0.001650 0.141838 0.000023
0.013001 0.449563 0.250252 0.142200 0.001664 0.143296 0.000024
0.012971 0.448621 0.250664 0.142099 0.001659 0.143964 0.000022
0.012788 0.446907 0.251101 0.142531 0.001660 0.144992 0.000021
0.012713 0.444101 0.251678 0.142999 0.001675 0.146815 0.000020
0.012577 0.442910 0.252097 0.143108 0.001693 0.147596 0.000020
0.012553 0.441745 0.252032 0.143423 0.001709 0.148515 0.000023
0.012520 0.439667 0.252778 0.143535 0.001721 0.149759 0.000020
0.012291 0.437919 0.253163 0.143858 0.001718 0.151028 0.000023
0.012199 0.436957 0.253516 0.144053 0.001728 0.151523 0.000024
0.012296 0.435069 0.253789 0.144333 0.001758 0.152730 0.000025
0.012239 0.433018 0.254264 0.144560 0.001773 0.154122 0.000024
0.012455 0.432905 0.254151 0.144312 0.001755 0.154400 0.000021
0.012059 0.430409 0.255093 0.144708 0.001777 0.155933 0.000021
0.012013 0.428611 0.255403 0.145055 0.001797 0.157097 0.000024
0.011957 0.427165 0.255792 0.145207 0.001810 0.158044 0.000024
0.015941 0.423846 0.255066 0.144705 0.001821 0.158598 0.000023
0.017381 0.421298 0.255164 0.144836 0.001828 0.159468 0.000025
0.017545 0.420542 0.254902 0.145064 0.001832 0.160090 0.000024
0.016440 0.419051 0.255834 0.145274 0.001844 0.161535 0.000023
0.019036 0.417736 0.255166 0.144640 0.001844 0.161552 0.000027
0.020399 0.414503 0.255503 0.144890 0.001882 0.162798 0.000025
0.020343 0.413324 0.255561 0.145187 0.001863 0.163697 0.000025
0.025751 0.410859 0.254129 0.144044 0.001873 0.163317 0.000027
0.023673 0.410209 0.254830 0.144659 0.001894 0.164710 0.000025
0.025807 0.407611 0.254516 0.144483 0.001890 0.165666 0.000028
0.023940 0.408197 0.254915 0.144627 0.001909 0.166386 0.000027
0.022302 0.407079 0.255844 0.145118 0.001906 0.167724 0.000027
0.023155 0.405470 0.255547 0.145167 0.001911 0.168722 0.000028
0.022598 0.403779 0.256072 0.145397 0.001951 0.170175 0.000028
0.022952 0.402940 0.255919 0.145299 0.001961 0.170902 0.000028
0.024343 0.402233 0.255196 0.144974 0.001953 0.171273 0.000029
0.023338 0.400981 0.255850 0.145144 0.001953 0.172705 0.000030
0.021637 0.400774 0.256451 0.145601 0.001963 0.173545 0.000029
0.022322 0.400152 0.255751 0.145366 0.001990 0.174389 0.000030
0.020051 0.398515 0.257122 0.146107 0.001981 0.176195 0.000030
0.019719 0.397901 0.257305 0.146060 0.002010 0.176976 0.000028
0.018554 0.396749 0.257887 0.146303 0.002005 0.178472 0.000032
0.018188 0.395294 0.258239 0.146697 0.002002 0.179548 0.000032
0.016992 0.394605 0.258508 0.146922 0.002031 0.180913 0.000029
0.017469 0.393313 0.258672 0.146694 0.002024 0.181795 0.000033
0.016422 0.392039 0.259381 0.147212 0.002049 0.182864 0.000033
0.015158 0.390514 0.260319 0.147585 0.002058 0.184337 0.000030
0.014444 0.388636 0.260950 0.148001 0.002055 0.185883 0.000031
0.014829 0.387260 0.261116 0.147974 0.002094 0.186694 0.000033
0.013936 0.386029 0.261468 0.148370 0.002093 0.188069 0.000035
0.013408 0.382698 0.262565 0.148944 0.002125 0.190227 0.000034
0.013367 0.382850 0.262410 0.148698 0.002138 0.190504 0.000033
0.013199 0.381387 0.262508 0.148943 0.002151 0.191776 0.000034
0.012992 0.380391 0.262966 0.149100 0.002152 0.192363 0.000036
0.013013 0.379309 0.262934 0.149133 0.002154 0.193421 0.000036
0.012711 0.376771 0.263530 0.149422 0.002169 0.195360 0.000037
0.012567 0.375096 0.263806 0.149498 0.002164 0.196834 0.000035
0.012427 0.374051 0.263934 0.149805 0.002167 0.197581 0.000036
0.011899 0.372895 0.264506 0.149970 0.002194 0.198497 0.000039
0.011995 0.371139 0.264796 0.150229 0.002199 0.199601 0.000040
0.011894 0.369047 0.265190 0.150412 0.002217 0.201203 0.000037
0.011956 0.368849 0.264707 0.150380 0.002240 0.201828 0.000040
0.011871 0.366797 0.265322 0.150456 0.002223 0.203292 0.000040
0.011978 0.366870 0.264949 0.150392 0.002255 0.203517 0.000040
0.011883 0.364438 0.265494 0.150681 0.002234 0.205230 0.000041
0.012039 0.363453 0.265334 0.150628 0.002274 0.206229 0.000043
0.011772 0.361940 0.266066 0.150783 0.002244 0.207152 0.000044
0.011604 0.360084 0.266352 0.150989 0.002267 0.208665 0.000039
0.011689 0.358558 0.266052 0.151130 0.002300 0.210229 0.000042
0.011552 0.357200 0.266455 0.151304 0.002328 0.211119 0.000041
0.011145 0.354751 0.267353 0.151689 0.002311 0.212710 0.000042
0.011596 0.355881 0.266584 0.151168 0.002307 0.212422 0.000043
0.011552 0.353537 0.266722 0.151609 0.002347 0.214190 0.000042
0.011337 0.351703 0.267292 0.151613 0.002360 0.215652 0.000044
0.011743 0.351218 0.266933 0.151714 0.002339 0.216010 0.000043
0.011430 0.348942 0.267389 0.151925 0.002368 0.217901 0.000044
0.011445 0.347986 0.267426 0.152121 0.002373 0.218605 0.000044
0.011395 0.347117 0.267566 0.152002 0.002368 0.219505 0.000048
0.011459 0.346161 0.267671 0.151696 0.002405 0.220564 0.000045
0.011337 0.343673 0.268173 0.152027 0.002400 0.222340 0.000049
0.011355 0.342259 0.268053 0.152369 0.002430 0.223488 0.000045
0.011377 0.341894 0.267945 0.152164 0.002425 0.224147 0.000048
0.011392 0.339982 0.268474 0.152440 0.002453 0.225213 0.000046
0.011464 0.339274 0.268347 0.152139 0.002440 0.226288 0.000049
0.011453 0.337275 0.268524 0.152466 0.002471 0.227763 0.000049
0.011336 0.336505 0.268649 0.152372 0.002464 0.228628 0.000046
0.011372 0.335175 0.268889 0.152679 0.002477 0.229363 0.000046
0.011396 0.333509 0.268553 0.152599 0.002512 0.231383 0.000047
0.011369 0.332375 0.268807 0.152844 0.002485 0.232072 0.000048
0.011418 0.332002 0.268715 0.152563 0.002534 0.232720 0.000049
0.011401 0.330049 0.268957 0.152714 0.002521 0.234309 0.000048
0.011387 0.329407 0.268875 0.152670 0.002517 0.235096 0.000049
0.011396 0.328326 0.269054 0.152586 0.002546 0.236045 0.000046
0.011399 0.327854 0.268672 0.152775 0.002535 0.236715 0.000050
0.011348 0.325594 0.269069 0.152820 0.002595 0.238524 0.000049
0.011433 0.324505 0.269113 0.152746 0.002598 0.239550 0.000056
0.011454 0.324230 0.269154 0.152705 0.002567 0.239839 0.000051
0.011468 0.322807 0.269037 0.152776 0.002583 0.241277 0.000052
0.011503 0.322034 0.269123 0.152846 0.002596 0.241847 0.000050
0.011510 0.319778 0.269228 0.152962 0.002595 0.243874 0.000052
0.011425 0.318944 0.269424 0.152875 0.002644 0.244636 0.000052
0.011418 0.317983 0.269363 0.153056 0.002650 0.245481 0.000049
0.011422 0.316055 0.269538 0.153151 0.002631 0.247151 0.000052
0.011517 0.315619 0.269428 0.152997 0.002631 0.247751 0.000056
0.011597 0.315106 0.269029 0.152838 0.002645 0.248735 0.000051
0.011460 0.312606 0.269539 0.153118 0.002679 0.250544 0.000053
0.011491 0.313344 0.268894 0.152852 0.002663 0.250702 0.000053
0.011597 0.311055 0.269393 0.153093 0.002705 0.252096 0.000060
0.011520 0.309876 0.269345 0.153076 0.002712 0.253412 0.000059
0.011547 0.307966 0.269623 0.153018 0.002721 0.255063 0.000060
0.011523 0.308786 0.269155 0.152940 0.002742 0.254799 0.000056
0.011596 0.307398 0.269218 0.152947 0.002736 0.256047 0.000059
0.011613 0.305915 0.269248 0.153227 0.002730 0.257211 0.000055
0.011521 0.304081 0.269840 0.152988 0.002753 0.258756 0.000061
0.011628 0.303838 0.269249 0.152914 0.002795 0.259520 0.000057
0.011566 0.302462 0.269368 0.153023 0.002783 0.260738 0.000058
0.011622 0.302350 0.269219 0.152729 0.002772 0.261245 0.000063
0.011651 0.300450 0.269328 0.152792 0.002797 0.262922 0.000061
0.011590 0.298340 0.269384 0.152817 0.002822 0.264986 0.000060
0.011568 0.298053 0.269419 0.153084 0.002818 0.264998 0.000061
0.011674 0.296837 0.269423 0.153035 0.002838 0.266137 0.000057
0.011606 0.295716 0.269145 0.152963 0.002853 0.267658 0.000059
0.011709 0.295526 0.269314 0.152650 0.002844 0.267895 0.000062
0.011656 0.294433 0.269216 0.152781 0.002878 0.268975 0.000062
0.011663 0.293113 0.269180 0.152749 0.002859 0.270371 0.000064
0.011695 0.291864 0.269480 0.152870 0.002887 0.271140 0.000064
0.011788 0.290919 0.269015 0.152835 0.002888 0.272492 0.000064
0.011745 0.289965 0.268929 0.152585 0.002916 0.273796 0.000064
0.011817 0.290033 0.269106 0.152726 0.002892 0.273361 0.000066
0.011892 0.288625 0.268910 0.152655 0.002900 0.274952 0.000065
0.011836 0.286633 0.268975 0.152690 0.002935 0.276867 0.000065
0.011824 0.285294 0.269087 0.152585 0.002937 0.278204 0.000070
0.011904 0.285806 0.268624 0.152589 0.002957 0.278060 0.000060
0.011790 0.284267 0.268861 0.152573 0.002996 0.279444 0.000069
0.011888 0.283567 0.268765 0.152315 0.002963 0.280436 0.000067
0.011812 0.281756 0.268500 0.152620 0.003001 0.282243 0.000068
0.011926 0.280909 0.268657 0.152192 0.003014 0.283236 0.000066
0.011913 0.278974 0.268477 0.152335 0.003030 0.285201 0.000069
0.011996 0.278727 0.268307 0.152315 0.003060 0.285530 0.000066
0.012035 0.279013 0.268024 0.152153 0.003022 0.285680 0.000074
0.011976 0.276656 0.268488 0.152378 0.003049 0.287383 0.000070
0.012005 0.276382 0.268189 0.152254 0.003037 0.288065 0.000069
0.012026 0.274807 0.268337 0.152143 0.003067 0.289547 0.000073
0.011946 0.273298 0.267961 0.152327 0.003083 0.291311 0.000074
0.012046 0.273299 0.267862 0.151980 0.003091 0.291646 0.000076
0.012118 0.272324 0.267913 0.151962 0.003068 0.292544 0.000071
0.012092 0.271682 0.267742 0.152269 0.003106 0.293034 0.000075
0.012212 0.270686 0.267704 0.151892 0.003120 0.294308 0.000078
0.012133 0.270147 0.267841 0.151789 0.003090 0.294927 0.000075
0.012145 0.268937 0.267505 0.151999 0.003114 0.296222 0.000077
0.012180 0.268277 0.267469 0.151650 0.003145 0.297205 0.000074
0.012346 0.266916 0.267417 0.151494 0.003155 0.298594 0.000078
0.012217 0.265888 0.267237 0.151850 0.003198 0.299530 0.000078
0.012308 0.264063 0.267432 0.151653 0.003160 0.301307 0.000077
0.012307 0.263210 0.267183 0.151558 0.003167 0.302499 0.000076
0.012358 0.263562 0.267045 0.151429 0.003164 0.302361 0.000081
0.012374 0.263114 0.267036 0.151398 0.003146 0.302855 0.000078
0.012361 0.261056 0.266866 0.151609 0.003189 0.304837 0.000083
0.012489 0.260013 0.266843 0.151454 0.003210 0.305909 0.000082
0.012353 0.258913 0.266840 0.151379 0.003225 0.307212 0.000079
0.012363 0.258168 0.266386 0.151304 0.003216 0.308483 0.000080
0.012413 0.258284 0.266495 0.151331 0.003242 0.308151 0.000084
0.012423 0.256834 0.266572 0.151218 0.003235 0.309639 0.000079
0.012501 0.256599 0.266228 0.150910 0.003255 0.310427 0.000081
0.012475 0.254914 0.266134 0.151096 0.003316 0.311985 0.000080
0.012415 0.254255 0.266104 0.150829 0.003274 0.313039 0.000084
0.012413 0.253127 0.266064 0.150867 0.003277 0.314164 0.000088
0.012641 0.252700 0.265453 0.150911 0.003340 0.314872 0.000083
0.012541 0.252440 0.265808 0.150655 0.003319 0.315154 0.000083
0.012577 0.251067 0.265485 0.150621 0.003326 0.316842 0.000082
0.012628 0.249743 0.265557 0.150617 0.003315 0.318051 0.000088
0.012598 0.249561 0.265198 0.150352 0.003341 0.318865 0.000085
0.012711 0.248397 0.265182 0.150299 0.003379 0.319943 0.000090
0.012806 0.247077 0.264900 0.150267 0.003360 0.321503 0.000088
0.012782 0.246065 0.264845 0.150313 0.003399 0.322503 0.000093
0.012813 0.245345 0.264729 0.150416 0.003394 0.323215 0.000088
0.012780 0.244755 0.264840 0.150284 0.003364 0.323886 0.000091
0.012826 0.244609 0.264469 0.149711 0.003427 0.324866 0.000092
0.012844 0.243218 0.264363 0.149905 0.003413 0.326161 0.000095
0.012842 0.242363 0.264217 0.149908 0.003404 0.327173 0.000095
0.012847 0.242217 0.263959 0.149566 0.003410 0.327905 0.000096
0.012853 0.240720 0.263532 0.149738 0.003432 0.329630 0.000095
0.012778 0.240600 0.263578 0.149585 0.003432 0.329936 0.000090
0.012837 0.239146 0.263498 0.149383 0.003457 0.331577 0.000102
0.012954 0.238670 0.263153 0.149437 0.003471 0.332222 0.000092
0.012925 0.237996 0.262981 0.149197 0.003472 0.333330 0.000098
0.013013 0.237121 0.262677 0.149162 0.003443 0.334490 0.000094
0.012847 0.236516 0.262811 0.149062 0.003443 0.335224 0.000098
0.013112 0.235306 0.262492 0.148943 0.003486 0.336560 0.000102
0.012969 0.235038 0.262498 0.149016 0.003492 0.336892 0.000095
0.013055 0.233923 0.262335 0.148907 0.003509 0.338169 0.000102
0.013125 0.233015 0.262259 0.148856 0.003530 0.339115 0.000100
0.013173 0.232094 0.261972 0.148631 0.003518 0.340510 0.000102
0.013196 0.232103 0.261741 0.148715 0.003527 0.340617 0.000101
0.013231 0.231326 0.261768 0.148318 0.003565 0.341688 0.000104
0.013189 0.230228 0.261418 0.148479 0.003546 0.343031 0.000109
0.013229 0.229372 0.261336 0.148433 0.003562 0.343961 0.000108
0.013280 0.228003 0.261147 0.148335 0.003552 0.345579 0.000105
0.013309 0.227041 0.260780 0.148091 0.003575 0.347099 0.000105
0.013259 0.227815 0.260641 0.147925 0.003602 0.346648 0.000109
0.013343 0.226737 0.260653 0.147904 0.003593 0.347659 0.000110
0.013267 0.225755 0.260213 0.148094 0.003600 0.348961 0.000110
0.013241 0.225612 0.260077 0.147740 0.003601 0.349621 0.000108
0.013398 0.223958 0.259837 0.147645 0.003620 0.351433 0.000110
0.013411 0.223491 0.259710 0.147723 0.003639 0.351923 0.000103
0.013386 0.222950 0.259552 0.147297 0.003671 0.353037 0.000107
0.013547 0.222098 0.259430 0.147202 0.003615 0.353997 0.000111
0.013513 0.221543 0.259268 0.147307 0.003647 0.354613 0.000109
0.013513 0.221216 0.258909 0.147103 0.003677 0.355471 0.000111
0.013690 0.220021 0.258944 0.146955 0.003657 0.356623 0.000110
0.013499 0.219589 0.258457 0.147050 0.003699 0.357597 0.000109
0.013582 0.218268 0.258526 0.146903 0.003752 0.358854 0.000115
0.013660 0.217723 0.258276 0.146802 0.003720 0.359704 0.000114
0.013749 0.216527 0.258153 0.146663 0.003731 0.361055 0.000121
0.013779 0.216859 0.257979 0.146487 0.003722 0.361066 0.000109
0.013878 0.216162 0.257638 0.146305 0.003735 0.362166 0.000118
0.013779 0.216131 0.257367 0.146289 0.003711 0.362602 0.000121
0.013922 0.214381 0.257052 0.146052 0.003741 0.364740 0.000112
0.013927 0.213390 0.256713 0.146004 0.003761 0.366088 0.000117
0.013904 0.213106 0.256778 0.145959 0.003796 0.366339 0.000117
0.013989 0.212526 0.256506 0.145557 0.003800 0.367508 0.000114
0.013924 0.211621 0.256449 0.145721 0.003816 0.368350 0.000118
0.013892 0.211184 0.256069 0.145721 0.003808 0.369201 0.000124
0.014037 0.210326 0.255680 0.145630 0.003794 0.370414 0.000120
0.014112 0.210153 0.255807 0.145455 0.003823 0.370528 0.000122
0.014082 0.209207 0.255625 0.145269 0.003841 0.371851 0.000124
0.014198 0.208566 0.255423 0.145230 0.003835 0.372626 0.000123
0.014184 0.207584 0.255240 0.145010 0.003854 0.374005 0.000123
0.014057 0.207002 0.255091 0.144993 0.003831 0.374909 0.000117
0.014158 0.206772 0.254867 0.144943 0.003861 0.375278 0.000120
0.014173 0.205467 0.254876 0.144579 0.003859 0.376920 0.000126
0.014326 0.205470 0.254369 0.144509 0.003865 0.377337 0.000123
0.014308 0.204592 0.254200 0.144357 0.003881 0.378540 0.000123
0.014300 0.204543 0.254176 0.144247 0.003873 0.378735 0.000127
0.014402 0.202968 0.253513 0.144055 0.003904 0.381036 0.000121
0.014310 0.202878 0.253502 0.144075 0.003890 0.381225 0.000121
0.014413 0.202917 0.253206 0.143797 0.003898 0.381644 0.000126
0.014229 0.202154 0.253073 0.143743 0.003931 0.382751 0.000120
0.014502 0.200468 0.252601 0.143573 0.003981 0.384748 0.000128
0.014506 0.200323 0.252567 0.143476 0.003937 0.385070 0.000121
0.014540 0.199553 0.252412 0.143311 0.003914 0.386143 0.000128
0.014453 0.198854 0.252221 0.143446 0.003952 0.386948 0.000125
0.014525 0.198632 0.252186 0.143134 0.003961 0.387438 0.000125
0.014476 0.198087 0.251750 0.142968 0.003939 0.388658 0.000122
0.014493 0.197318 0.251351 0.142646 0.003985 0.390081 0.000127
0.014657 0.196925 0.251400 0.142600 0.003972 0.390312 0.000135
0.014667 0.195850 0.251140 0.142285 0.004010 0.391915 0.000132
0.014696 0.195453 0.250947 0.142359 0.003987 0.392426 0.000132
0.014577 0.194390 0.250732 0.142128 0.004019 0.394023 0.000130
0.014815 0.194079 0.250608 0.142176 0.003996 0.394189 0.000137
0.014809 0.193163 0.250193 0.141945 0.003997 0.395757 0.000136
0.014727 0.193356 0.250192 0.141677 0.004007 0.395907 0.000134
0.014856 0.192299 0.249727 0.141690 0.004027 0.397268 0.000133
0.014782 0.191423 0.249610 0.141513 0.004024 0.398506 0.000141
0.014816 0.191326 0.249204 0.141320 0.004043 0.399152 0.000140
0.014847 0.191003 0.248689 0.141401 0.004038 0.399885 0.000138
0.014833 0.190322 0.248851 0.141196 0.004042 0.400620 0.000136
0.014986 0.189265 0.248449 0.141020 0.004048 0.402094 0.000137
0.015047 0.188746 0.248151 0.140772 0.004071 0.403077 0.000136
0.015034 0.188512 0.248221 0.140637 0.004066 0.403385 0.000144
0.015096 0.187452 0.247846 0.140580 0.004116 0.404767 0.000143
0.015124 0.186744 0.247691 0.140177 0.004087 0.406030 0.000147
0.015297 0.186497 0.246956 0.140332 0.004103 0.406674 0.000141
0.015188 0.186289 0.247105 0.140168 0.004121 0.406986 0.000143
0.015219 0.185252 0.246928 0.140017 0.004098 0.408345 0.000140
0.015307 0.184953 0.246397 0.139994 0.004101 0.409101 0.000148
0.015246 0.184044 0.245964 0.139814 0.004132 0.410653 0.000147
0.015291 0.183742 0.246100 0.139550 0.004124 0.411047 0.000146
0.015268 0.182905 0.245664 0.139406 0.004117 0.412484 0.000157
0.015373 0.182665 0.245495 0.139342 0.004156 0.412820 0.000149
0.015569 0.181521 0.245626 0.139032 0.004152 0.413956 0.000143
0.015658 0.181554 0.245010 0.139107 0.004156 0.414359 0.000157
0.015493 0.181436 0.244883 0.138880 0.004193 0.414964 0.000152
0.015628 0.180353 0.244553 0.138643 0.004137 0.416535 0.000151
0.015712 0.180121 0.244118 0.138548 0.004191 0.417168 0.000142
0.015671 0.179666 0.244207 0.138341 0.004206 0.417753 0.000156
0.015618 0.179410 0.244225 0.138395 0.004169 0.418031 0.000152
0.015776 0.178205 0.243838 0.138235 0.004250 0.419545 0.000152
0.015608 0.178058 0.243235 0.138081 0.004188 0.420676 0.000154
0.015900 0.177734 0.243141 0.137961 0.004203 0.420902 0.000158
0.015612 0.177180 0.243275 0.137818 0.004195 0.421761 0.000159
0.015728 0.176560 0.242684 0.137491 0.004206 0.423171 0.000161
0.015800 0.175896 0.242627 0.137424 0.004147 0.423952 0.000154
0.015795 0.175665 0.242062 0.137209 0.004205 0.424901 0.000164
0.015908 0.175209 0.242105 0.136934 0.004213 0.425472 0.000158
0.015890 0.173906 0.241742 0.136708 0.004205 0.427386 0.000162
0.015868 0.174508 0.241439 0.137098 0.004245 0.426683 0.000159
0.016095 0.173571 0.241205 0.136672 0.004243 0.428051 0.000162
0.016044 0.172757 0.240816 0.136476 0.004257 0.429485 0.000165
0.016202 0.172792 0.240574 0.136600 0.004271 0.429400 0.000161
0.016115 0.172009 0.240096 0.136285 0.004247 0.431083 0.000165
0.016084 0.171423 0.240370 0.136162 0.004256 0.431543 0.000162
0.016349 0.171269 0.239833 0.136071 0.004267 0.432049 0.000162
0.016349 0.170305 0.239635 0.135934 0.004310 0.433304 0.000163
0.016204 0.169906 0.239370 0.135701 0.004245 0.434408 0.000166
0.016304 0.169464 0.239168 0.135723 0.004295 0.434880 0.000168
0.016390 0.168629 0.238920 0.135377 0.004310 0.436198 0.000177
0.016158 0.168864 0.238956 0.135415 0.004266 0.436175 0.000166
0.016268 0.168352 0.238719 0.135376 0.004275 0.436845 0.000165
0.016347 0.167339 0.238116 0.135152 0.004308 0.438572 0.000166
0.016401 0.166997 0.238021 0.134833 0.004313 0.439267 0.000168
0.016503 0.166638 0.237659 0.134930 0.004367 0.439728 0.000177
0.016454 0.166564 0.237572 0.134840 0.004312 0.440079 0.000178
0.016498 0.165766 0.237198 0.134545 0.004355 0.441462 0.000177
0.016585 0.165188 0.236875 0.134337 0.004303 0.442535 0.000178
0.016596 0.164486 0.236401 0.133944 0.004355 0.444047 0.000172
0.016658 0.164082 0.236484 0.133945 0.004328 0.444328 0.000175
0.016686 0.163846 0.236191 0.133812 0.004351 0.444936 0.000178
0.016736 0.163296 0.235810 0.133528 0.004356 0.446091 0.000183
0.016762 0.162965 0.235431 0.133505 0.004384 0.446770 0.000182
0.016941 0.162838 0.235242 0.133310 0.004309 0.447173 0.000187
0.016727 0.161754 0.235094 0.133059 0.004396 0.448788 0.000182
0.016980 0.161151 0.234867 0.132791 0.004410 0.449622 0.000180
0.016808 0.161253 0.234723 0.132790 0.004380 0.449873 0.000174
0.016959 0.161041 0.234412 0.132875 0.004368 0.450161 0.000184
0.017028 0.160134 0.233827 0.132590 0.004404 0.451829 0.000188
0.017009 0.160276 0.233816 0.132291 0.004396 0.452027 0.000184
0.017124 0.159257 0.233573 0.132068 0.004408 0.453388 0.000182
0.017248 0.159181 0.233644 0.132176 0.004380 0.453183 0.000186
0.017270 0.157920 0.232816 0.131935 0.004405 0.455465 0.000188
0.017217 0.158337 0.232824 0.131664 0.004430 0.455346 0.000183
0.017197 0.157803 0.232396 0.131543 0.004435 0.456443 0.000183
0.017180 0.157061 0.231978 0.131309 0.004421 0.457860 0.000191
0.017337 0.157322 0.231988 0.131341 0.004438 0.457390 0.000185
0.017292 0.156604 0.231305 0.131125 0.004423 0.459066 0.000185
0.017365 0.155932 0.231393 0.130747 0.004468 0.459899 0.000196
0.017391 0.155780 0.231060 0.130700 0.004460 0.460422 0.000187
0.017412 0.155253 0.230655 0.130547 0.004461 0.461475 0.000195
0.017343 0.154992 0.230654 0.130658 0.004454 0.461708 0.000192
0.017226 0.154279 0.230081 0.130408 0.004458 0.463356 0.000192
0.017544 0.154299 0.230047 0.130070 0.004497 0.463348 0.000196
0.017441 0.153630 0.229936 0.129956 0.004451 0.464383 0.000203
0.017462 0.153562 0.229780 0.129733 0.004473 0.464791 0.000199
0.017427 0.152950 0.229266 0.129734 0.004448 0.465975 0.000200
0.017625 0.152822 0.228905 0.129455 0.004498 0.466501 0.000194
0.017790 0.151771 0.228527 0.129310 0.004461 0.467940 0.000202
0.017712 0.151602 0.228513 0.129133 0.004461 0.468378 0.000200
0.017758 0.151410 0.227850 0.128887 0.004557 0.469338 0.000200
0.017788 0.150990 0.227785 0.129156 0.004462 0.469613 0.000205
0.017857 0.150360 0.227578 0.128841 0.004496 0.470662 0.000206
0.017867 0.150025 0.227244 0.128723 0.004507 0.471429 0.000204
0.017874 0.149623 0.226995 0.128444 0.004544 0.472320 0.000199
0.017872 0.149698 0.227011 0.128329 0.004560 0.472323 0.000208
0.017968 0.149182 0.226489 0.128334 0.004532 0.473285 0.000209
0.018066 0.147941 0.226153 0.127777 0.004546 0.475307 0.000209
0.017998 0.148596 0.226258 0.127851 0.004531 0.474560 0.000205
0.018118 0.147998 0.225973 0.127741 0.004526 0.475434 0.000209
0.018239 0.147188 0.225473 0.127694 0.004511 0.476683 0.000211
0.018210 0.146915 0.225371 0.127583 0.004603 0.477107 0.000211
0.018300 0.146747 0.224893 0.127167 0.004582 0.478103 0.000208
0.018239 0.146299 0.225008 0.126951 0.004569 0.478720 0.000213
0.018307 0.146140 0.224719 0.126877 0.004572 0.479173 0.000211
0.018244 0.146265 0.224282 0.126932 0.004563 0.479503 0.000210
0.018328 0.145446 0.223864 0.126525 0.004595 0.481028 0.000214
0.018371 0.144824 0.223867 0.126153 0.004597 0.481971 0.000217
0.018237 0.144591 0.223494 0.126186 0.004563 0.482716 0.000213
0.018385 0.144369 0.222644 0.126016 0.004579 0.483787 0.000220
0.018388 0.143433 0.222500 0.125819 0.004595 0.485054 0.000211
0.018705 0.143541 0.222479 0.125730 0.004602 0.484725 0.000217
0.018568 0.143068 0.222600 0.125693 0.004605 0.485247 0.000219
0.018582 0.143071 0.222087 0.125256 0.004588 0.486192 0.000224
0.018723 0.142301 0.221751 0.125390 0.004635 0.486983 0.000216
0.018816 0.142265 0.221173 0.125301 0.004635 0.487595 0.000216
0.018650 0.141529 0.220924 0.124867 0.004602 0.489210 0.000218
0.018712 0.141167 0.220932 0.124599 0.004636 0.489731 0.000223
0.018706 0.141452 0.220648 0.124826 0.004621 0.489527 0.000221
0.018797 0.140976 0.220537 0.124607 0.004595 0.490265 0.000224
0.019031 0.140246 0.219889 0.124068 0.004642 0.491900 0.000224
0.018995 0.139750 0.219367 0.124116 0.004623 0.492924 0.000225
0.019050 0.139700 0.219518 0.124033 0.004647 0.492825 0.000226
0.018983 0.139541 0.219430 0.123913 0.004648 0.493259 0.000227
0.019179 0.138710 0.218595 0.123646 0.004665 0.494978 0.000227
0.019240 0.138400 0.218454 0.123631 0.004622 0.495424 0.000228
0.019055 0.138013 0.218160 0.123549 0.004714 0.496287 0.000223
0.019221 0.138296 0.218145 0.123084 0.004655 0.496376 0.000224
0.019298 0.137387 0.217759 0.122697 0.004683 0.497935 0.000241
0.019406 0.137161 0.217805 0.123036 0.004658 0.497702 0.000232
0.019428 0.136982 0.217305 0.122839 0.004694 0.498517 0.000234
0.019288 0.137037 0.217030 0.122725 0.004675 0.499016 0.000230
0.019461 0.136133 0.216843 0.122434 0.004689 0.500193 0.000246
0.019521 0.135862 0.216255 0.121903 0.004710 0.501523 0.000226
0.019547 0.135754 0.216309 0.122106 0.004694 0.501361 0.000229
0.019406 0.135555 0.215918 0.122117 0.004705 0.502071 0.000230
0.019664 0.134653 0.215474 0.121658 0.004704 0.503611 0.000237
0.019606 0.134558 0.215165 0.121735 0.004722 0.503979 0.000234
0.019739 0.133881 0.214998 0.121538 0.004771 0.504843 0.000229
0.019698 0.133997 0.214999 0.121496 0.004721 0.504861 0.000227
0.019922 0.133577 0.214366 0.121272 0.004741 0.505881 0.000242
0.019738 0.133427 0.214214 0.120933 0.004719 0.506722 0.000247
0.019928 0.133178 0.214195 0.120785 0.004742 0.506935 0.000237
0.019819 0.132892 0.213641 0.120787 0.004741 0.507883 0.000236
0.019894 0.132383 0.213514 0.120472 0.004784 0.508718 0.000237
0.020115 0.131871 0.212950 0.120256 0.004765 0.509797 0.000247
