0.961416 0.037763 0.000514 0.000299 0.000000 0.000008 0.000000
0.923568 0.074693 0.001085 0.000631 0.000000 0.000023 0.000000
0.913375 0.084556 0.001296 0.000746 0.000000 0.000026 0.000000
0.901668 0.095956 0.001472 0.000868 0.000000 0.000036 0.000000
0.889458 0.107850 0.001655 0.000997 0.000000 0.000040 0.000000
0.875860 0.121053 0.001915 0.001127 0.000000 0.000045 0.000000
0.862046 0.134436 0.002182 0.001287 0.000000 0.000048 0.000000
0.847027 0.148975 0.002468 0.001477 0.000000 0.000053 0.000000
0.830922 0.164584 0.002785 0.001646 0.000000 0.000062 0.000000
0.814119 0.180793 0.003164 0.001842 0.000000 0.000081 0.000000
0.797702 0.196648 0.003540 0.002017 0.000000 0.000092 0.000000
0.778318 0.215341 0.003976 0.002258 0.000000 0.000107 0.000000
0.762725 0.230352 0.004327 0.002477 0.000001 0.000118 0.000000
0.745703 0.246690 0.004770 0.002703 0.000001 0.000133 0.000000
0.726527 0.265090 0.005253 0.002979 0.000001 0.000150 0.000000
0.709320 0.281549 0.005719 0.003248 0.000002 0.000162 0.000000
0.691174 0.298896 0.006227 0.003519 0.000002 0.000182 0.000000
0.673547 0.315669 0.006761 0.003815 0.000002 0.000208 0.000000
0.656118 0.332205 0.007323 0.004120 0.000002 0.000231 0.000000
0.638467 0.348937 0.007878 0.004459 0.000002 0.000257 0.000000
0.621888 0.364518 0.008507 0.004801 0.000003 0.000283 0.000000
0.603727 0.381610 0.009174 0.005171 0.000003 0.000316 0.000000
0.589819 0.394569 0.009778 0.005490 0.000004 0.000340 0.000000
0.573070 0.410251 0.010416 0.005891 0.000004 0.000369 0.000000
0.557093 0.425089 0.011127 0.006286 0.000004 0.000401 0.000000
0.543661 0.437393 0.011865 0.006639 0.000004 0.000438 0.000000
0.527901 0.451899 0.012639 0.007067 0.000005 0.000489 0.000000
0.516438 0.462302 0.013291 0.007443 0.000005 0.000522 0.000000
0.502505 0.474950 0.014059 0.007923 0.000005 0.000559 0.000000
0.487612 0.488431 0.014946 0.008400 0.000005 0.000606 0.000000
0.477274 0.497580 0.015655 0.008839 0.000005 0.000647 0.000000
0.465033 0.508481 0.016475 0.009307 0.000006 0.000697 0.000000
0.453437 0.518684 0.017326 0.009798 0.000005 0.000750 0.000000
0.444657 0.526303 0.018063 0.010178 0.000007 0.000792 0.000000
0.433851 0.535705 0.018878 0.010705 0.000007 0.000853 0.000000
0.424975 0.543352 0.019619 0.011139 0.000007 0.000908 0.000000
0.413289 0.553487 0.020559 0.011670 0.000008 0.000988 0.000000
0.404467 0.560756 0.021482 0.012236 0.000008 0.001050 0.000000
0.396889 0.567063 0.022258 0.012675 0.000008 0.001106 0.000000
0.387298 0.575012 0.023259 0.013226 0.000008 0.001196 0.000000
0.377486 0.583267 0.024176 0.013784 0.000010 0.001277 0.000000
0.367294 0.591763 0.025195 0.014360 0.000012 0.001377 0.000000
0.363207 0.594543 0.025972 0.014798 0.000015 0.001464 0.000000
0.354829 0.601228 0.026976 0.015393 0.000014 0.001561 0.000000
0.345347 0.608847 0.028067 0.016061 0.000016 0.001662 0.000000
0.336229 0.616075 0.029226 0.016681 0.000016 0.001773 0.000000
0.330382 0.620604 0.029993 0.017128 0.000018 0.001876 0.000000
0.323371 0.625732 0.031095 0.017791 0.000020 0.001990 0.000000
0.315311 0.631806 0.032245 0.018501 0.000022 0.002116 0.000000
0.307860 0.637187 0.033467 0.019218 0.000022 0.002247 0.000000
0.302108 0.641126 0.034549 0.019830 0.000023 0.002365 0.000000
0.295750 0.645744 0.035568 0.020410 0.000026 0.002502 0.000000
0.289246 0.650091 0.036848 0.021133 0.000032 0.002650 0.000000
0.285077 0.652757 0.037733 0.021647 0.000035 0.002750 0.000000
0.275666 0.659567 0.039281 0.022506 0.000037 0.002943 0.000000
0.270228 0.663023 0.040412 0.023198 0.000036 0.003103 0.000000
0.263370 0.667512 0.041809 0.023995 0.000039 0.003276 0.000000
0.260213 0.669093 0.042681 0.024539 0.000043 0.003431 0.000000
0.252972 0.673572 0.044318 0.025438 0.000045 0.003655 0.000000
0.248521 0.675994 0.045548 0.026079 0.000048 0.003809 0.000000
0.240492 0.681290 0.047078 0.027059 0.000052 0.004030 0.000000
0.241057 0.679334 0.047873 0.027499 0.000054 0.004183 0.000000
0.233496 0.684048 0.049545 0.028429 0.000057 0.004425 0.000000
0.229571 0.685891 0.050696 0.029145 0.000056 0.004641 0.000000
0.222977 0.689731 0.052310 0.030051 0.000062 0.004869 0.000000
0.221476 0.689467 0.053327 0.030607 0.000066 0.005055 0.000000
0.219441 0.689885 0.054278 0.031130 0.000067 0.005198 0.000000
0.213322 0.692871 0.056060 0.032178 0.000069 0.005499 0.000000
0.209107 0.694303 0.057631 0.033118 0.000073 0.005767 0.000001
0.202871 0.698058 0.059032 0.033955 0.000076 0.006007 0.000000
0.201084 0.697928 0.060103 0.034578 0.000081 0.006226 0.000000
0.193816 0.702067 0.061831 0.035619 0.000080 0.006588 0.000000
0.188505 0.704279 0.063664 0.036585 0.000082 0.006885 0.000000
0.185061 0.704973 0.065199 0.037480 0.000086 0.007201 0.000000
0.179553 0.707662 0.066830 0.038376 0.000089 0.007490 0.000000
0.175724 0.709424 0.067967 0.039052 0.000095 0.007739 0.000000
0.169462 0.712399 0.069839 0.040092 0.000097 0.008110 0.000000
0.169478 0.710188 0.071082 0.040750 0.000102 0.008398 0.000001
0.163521 0.713154 0.072763 0.041734 0.000107 0.008721 0.000000
0.161089 0.712991 0.074224 0.042529 0.000109 0.009058 0.000001
0.154848 0.715472 0.076403 0.043692 0.000112 0.009472 0.000001
0.151882 0.715801 0.077794 0.044587 0.000115 0.009819 0.000001
0.152822 0.712135 0.079365 0.045350 0.000127 0.010200 0.000001
0.145252 0.716341 0.081226 0.046516 0.000124 0.010539 0.000001
0.142381 0.716389 0.082834 0.047315 0.000130 0.010950 0.000001
0.137539 0.717002 0.085242 0.048591 0.000139 0.011485 0.000001
0.139735 0.714097 0.085552 0.048842 0.000143 0.011631 0.000001
0.133474 0.717144 0.087293 0.049878 0.000151 0.012058 0.000001
0.132847 0.715163 0.088805 0.050548 0.000159 0.012477 0.000001
0.128402 0.716036 0.090777 0.051709 0.000170 0.012905 0.000001
0.128657 0.714279 0.091493 0.052176 0.000171 0.013224 0.000001
0.124382 0.714692 0.093564 0.053384 0.000185 0.013792 0.000001
0.124860 0.711951 0.094695 0.054130 0.000185 0.014178 0.000001
0.118679 0.714513 0.096812 0.055172 0.000186 0.014637 0.000001
0.115313 0.715261 0.098111 0.056072 0.000191 0.015051 0.000001
0.112087 0.714147 0.100516 0.057357 0.000197 0.015695 0.000001
0.109827 0.713482 0.102018 0.058287 0.000214 0.016170 0.000001
0.109620 0.712328 0.102781 0.058573 0.000209 0.016487 0.000002
0.104469 0.713742 0.104770 0.059747 0.000214 0.017056 0.000002
0.100451 0.713573 0.106970 0.061076 0.000222 0.017706 0.000002
0.098787 0.712526 0.108401 0.061843 0.000232 0.018209 0.000001
0.097045 0.711647 0.109746 0.062649 0.000237 0.018674 0.000001
0.093230 0.711974 0.111705 0.063682 0.000232 0.019175 0.000002
0.091485 0.709878 0.113627 0.064795 0.000242 0.019970 0.000001
0.086993 0.710941 0.115543 0.065768 0.000250 0.020503 0.000001
0.085558 0.709770 0.116789 0.066590 0.000253 0.021038 0.000002
0.081392 0.711176 0.118252 0.067455 0.000255 0.021469 0.000001
0.082554 0.707156 0.119622 0.068331 0.000261 0.022076 0.000002
0.076816 0.707712 0.122456 0.069790 0.000276 0.022949 0.000001
0.078387 0.706207 0.122325 0.069758 0.000279 0.023042 0.000002
0.075299 0.705160 0.124446 0.070908 0.000289 0.023896 0.000002
0.073083 0.704306 0.126127 0.071788 0.000293 0.024402 0.000002
0.071432 0.702736 0.127737 0.072670 0.000299 0.025124 0.000002
0.068381 0.701544 0.130024 0.073918 0.000315 0.025817 0.000002
0.065731 0.701025 0.131618 0.074914 0.000313 0.026397 0.000003
0.062161 0.699855 0.133945 0.076327 0.000332 0.027378 0.000003
0.061875 0.698586 0.134743 0.076685 0.000329 0.027780 0.000002
0.061346 0.696612 0.136007 0.077377 0.000338 0.028318 0.000003
0.062208 0.692562 0.137500 0.078374 0.000352 0.029000 0.000003
0.059492 0.693240 0.138475 0.078913 0.000358 0.029518 0.000003
0.053594 0.694064 0.141115 0.080444 0.000358 0.030422 0.000003
0.054471 0.690184 0.142501 0.081184 0.000378 0.031279 0.000003
0.056444 0.686885 0.143130 0.081509 0.000376 0.031652 0.000003
0.055322 0.685626 0.144176 0.082223 0.000393 0.032256 0.000003
0.054054 0.683497 0.145902 0.083249 0.000397 0.032899 0.000003
0.051589 0.683173 0.147192 0.084047 0.000409 0.033586 0.000003
0.049146 0.682220 0.148944 0.085003 0.000419 0.034266 0.000002
0.052646 0.676733 0.149813 0.085426 0.000415 0.034962 0.000004
0.054936 0.673359 0.150339 0.085549 0.000424 0.035390 0.000003
0.052427 0.671034 0.152643 0.086933 0.000431 0.036529 0.000004
0.054705 0.668610 0.152694 0.086915 0.000428 0.036646 0.000002
0.053999 0.664124 0.155137 0.088365 0.000450 0.037923 0.000003
0.053479 0.663447 0.155723 0.088741 0.000460 0.038146 0.000003
0.056190 0.659628 0.156110 0.088857 0.000465 0.038746 0.000003
0.054798 0.656967 0.157955 0.090146 0.000470 0.039661 0.000003
0.057658 0.653794 0.158048 0.090103 0.000466 0.039927 0.000003
0.052737 0.654331 0.160125 0.091340 0.000483 0.040981 0.000003
0.052390 0.652632 0.160980 0.091893 0.000481 0.041621 0.000003
0.051777 0.650724 0.162257 0.092379 0.000490 0.042370 0.000003
0.049763 0.648935 0.164033 0.093399 0.000512 0.043354 0.000004
0.049318 0.647984 0.164738 0.093682 0.000510 0.043764 0.000003
0.049146 0.645254 0.165962 0.094486 0.000521 0.044627 0.000004
0.048572 0.643037 0.167211 0.095164 0.000546 0.045466 0.000004
0.046856 0.644194 0.167417 0.095313 0.000545 0.045670 0.000005
0.044387 0.642178 0.169509 0.096583 0.000553 0.046785 0.000004
0.039991 0.642011 0.171798 0.097745 0.000555 0.047897 0.000004
0.041141 0.639726 0.172107 0.098079 0.000583 0.048359 0.000004
0.038294 0.638040 0.174379 0.099191 0.000580 0.049512 0.000004
0.036425 0.636626 0.175725 0.100172 0.000585 0.050463 0.000004
0.036617 0.636058 0.175793 0.100198 0.000598 0.050732 0.000004
0.033656 0.633973 0.178069 0.101521 0.000613 0.052165 0.000004
0.034044 0.632281 0.178765 0.101666 0.000610 0.052630 0.000004
0.031615 0.632423 0.179961 0.102330 0.000627 0.053039 0.000005
0.033700 0.627287 0.181115 0.103097 0.000641 0.054156 0.000005
0.031140 0.624960 0.183417 0.104366 0.000651 0.055462 0.000005
0.030365 0.623790 0.184212 0.104754 0.000661 0.056214 0.000004
0.030371 0.621641 0.185065 0.105327 0.000663 0.056929 0.000005
0.028089 0.620777 0.186483 0.106208 0.000680 0.057759 0.000005
0.029533 0.617549 0.186995 0.106610 0.000697 0.058609 0.000006
0.027858 0.615154 0.188937 0.107626 0.000695 0.059725 0.000005
0.027349 0.613532 0.189897 0.108143 0.000699 0.060373 0.000006
0.027833 0.609608 0.191256 0.108851 0.000714 0.061732 0.000006
0.027445 0.608358 0.191933 0.109299 0.000725 0.062232 0.000007
0.025995 0.607754 0.192907 0.109682 0.000728 0.062928 0.000005
0.026564 0.604096 0.194151 0.110468 0.000761 0.063954 0.000006
0.026739 0.601856 0.194783 0.111101 0.000765 0.064749 0.000006
0.027863 0.597835 0.196075 0.111539 0.000764 0.065918 0.000006
0.031007 0.594111 0.196030 0.111651 0.000756 0.066439 0.000006
0.030342 0.593545 0.196562 0.111852 0.000791 0.066904 0.000006
0.029306 0.590684 0.198315 0.112818 0.000787 0.068084 0.000005
0.032408 0.588443 0.197548 0.112445 0.000790 0.068360 0.000006
0.031751 0.585063 0.199288 0.113509 0.000796 0.069585 0.000008
0.030195 0.584200 0.200417 0.114020 0.000807 0.070351 0.000009
0.031138 0.581482 0.200990 0.114433 0.000801 0.071148 0.000008
0.032478 0.579697 0.200945 0.114416 0.000830 0.071624 0.000010
0.031914 0.577377 0.201967 0.115191 0.000827 0.072714 0.000009
0.032301 0.575204 0.202662 0.115446 0.000826 0.073551 0.000010
0.030478 0.574079 0.203935 0.116131 0.000860 0.074508 0.000009
0.031774 0.572199 0.204057 0.116166 0.000856 0.074939 0.000009
0.029655 0.569888 0.205829 0.117376 0.000860 0.076385 0.000008
0.028869 0.569840 0.206054 0.117323 0.000882 0.077023 0.000009
0.027834 0.567800 0.207278 0.118110 0.000894 0.078074 0.000009
0.027208 0.566220 0.207981 0.118602 0.000905 0.079072 0.000011
0.026335 0.566544 0.208228 0.118573 0.000903 0.079407 0.000010
0.025859 0.563101 0.209788 0.119474 0.000928 0.080838 0.000012
0.025098 0.562038 0.210494 0.119844 0.000927 0.081589 0.000011
0.022304 0.560370 0.212325 0.121030 0.000950 0.083010 0.000011
0.021366 0.557884 0.213728 0.121670 0.000965 0.084374 0.000012
0.021083 0.556857 0.214129 0.122017 0.000979 0.084923 0.000012
0.019659 0.554635 0.215664 0.122951 0.000978 0.086101 0.000012
0.019565 0.551942 0.216417 0.123658 0.000999 0.087406 0.000013
0.018870 0.550344 0.217461 0.124011 0.001006 0.088295 0.000013
0.018858 0.549056 0.217890 0.124179 0.001017 0.088987 0.000013
0.018225 0.547617 0.218630 0.124510 0.001022 0.089983 0.000013
0.017269 0.543857 0.220613 0.125625 0.001045 0.091576 0.000015
0.017117 0.544348 0.220190 0.125480 0.001037 0.091815 0.000013
0.016883 0.541101 0.221676 0.126160 0.001064 0.093104 0.000012
0.016405 0.540225 0.222124 0.126469 0.001071 0.093693 0.000013
0.016187 0.538079 0.223004 0.126893 0.001076 0.094749 0.000012
0.015921 0.535661 0.224061 0.127364 0.001083 0.095896 0.000015
0.015469 0.533836 0.225014 0.127837 0.001113 0.096715 0.000015
0.014866 0.531041 0.226204 0.128595 0.001117 0.098163 0.000014
0.014773 0.528613 0.227054 0.129020 0.001128 0.099400 0.000013
0.014979 0.527568 0.227100 0.129194 0.001149 0.099995 0.000015
0.014682 0.526490 0.227708 0.129475 0.001136 0.100495 0.000015
0.014584 0.524127 0.228495 0.130026 0.001153 0.101597 0.000017
0.014177 0.521552 0.229508 0.130575 0.001155 0.103018 0.000015
0.014266 0.519449 0.230404 0.130801 0.001181 0.103884 0.000014
0.013762 0.516674 0.231437 0.131605 0.001217 0.105292 0.000014
0.013846 0.516094 0.231556 0.131595 0.001216 0.105678 0.000015
0.013655 0.513816 0.232451 0.132085 0.001226 0.106752 0.000014
0.013774 0.511458 0.233143 0.132474 0.001255 0.107880 0.000016
0.013534 0.509909 0.233933 0.132695 0.001242 0.108672 0.000014
0.013405 0.507072 0.234748 0.133490 0.001265 0.110005 0.000015
0.013562 0.506237 0.234767 0.133502 0.001274 0.110642 0.000016
0.013457 0.505252 0.234988 0.133876 0.001258 0.111154 0.000015
0.013331 0.502040 0.236383 0.134203 0.001278 0.112748 0.000016
0.014139 0.499514 0.236592 0.134476 0.001312 0.113950 0.000018
0.018153 0.496314 0.236077 0.134059 0.001302 0.114078 0.000017
0.018315 0.493199 0.236937 0.134581 0.001320 0.115635 0.000014
0.018583 0.492254 0.236910 0.134713 0.001327 0.116199 0.000014
0.019010 0.489882 0.237414 0.135045 0.001348 0.117283 0.000017
0.019159 0.489500 0.237424 0.135016 0.001350 0.117535 0.000016
0.020017 0.486582 0.237980 0.135318 0.001373 0.118714 0.000017
0.019493 0.484728 0.238836 0.135570 0.001371 0.119985 0.000018
0.019570 0.483004 0.239261 0.135796 0.001356 0.120996 0.000017
0.017887 0.482745 0.239957 0.136133 0.001383 0.121875 0.000020
0.018310 0.480384 0.240111 0.136605 0.001410 0.123161 0.000019
0.019293 0.478334 0.240301 0.136663 0.001418 0.123974 0.000018
0.017999 0.476770 0.241288 0.137199 0.001430 0.125298 0.000016
0.016884 0.476002 0.241863 0.137653 0.001451 0.126130 0.000016
0.018141 0.474924 0.241475 0.137421 0.001454 0.126565 0.000019
0.017759 0.473256 0.242062 0.137758 0.001461 0.127683 0.000021
0.015985 0.471687 0.243247 0.138322 0.001495 0.129245 0.000019
0.015514 0.470820 0.243815 0.138402 0.001483 0.129948 0.000018
0.014977 0.468795 0.244467 0.138951 0.001506 0.131285 0.000018
0.014963 0.466647 0.245079 0.139280 0.001522 0.132490 0.000019
0.014211 0.465888 0.245452 0.139568 0.001515 0.133349 0.000017
0.013630 0.463745 0.246605 0.139757 0.001539 0.134705 0.000019
0.014236 0.461801 0.246527 0.140114 0.001538 0.135766 0.000019
0.014469 0.460292 0.246846 0.140356 0.001564 0.136455 0.000018
0.013777 0.458728 0.247650 0.140551 0.001550 0.137723 0.000020
0.012654 0.456239 0.248935 0.141219 0.001592 0.139341 0.000019
0.013210 0.455510 0.248675 0.141174 0.001573 0.139838 0.000020
0.012719 0.453004 0.249620 0.141678 0.001603 0.141355 0.000021
0.013195 0.452176 0.249245 0.141668 0.001636 0.142057 0.000022
0.012565 0.450022 0.250244 0.142178 0.001651 0.143317 0.000023
0.012515 0.448770 0.250779 0.142163 0.001647 0.144103 0.000022
0.012355 0.447205 0.251149 0.142544 0.001641 0.145085 0.000022
0.012270 0.444463 0.251659 0.142999 0.001663 0.146925 0.000021
0.012157 0.443161 0.252115 0.143100 0.001682 0.147766 0.000020
0.012124 0.442263 0.251876 0.143427 0.001696 0.148592 0.000023
0.012052 0.439994 0.252800 0.143512 0.001709 0.149911 0.000021
0.011843 0.438038 0.253235 0.143899 0.001709 0.151253 0.000022
0.011768 0.437062 0.253545 0.144069 0.001721 0.151811 0.000024
0.011835 0.435388 0.253895 0.144259 0.001743 0.152855 0.000025
0.011800 0.433184 0.254389 0.144542 0.001759 0.154301 0.000025
0.012032 0.433157 0.254183 0.144283 0.001750 0.154574 0.000022
0.011579 0.430630 0.255172 0.144713 0.001767 0.156118 0.000021
0.011540 0.428806 0.255427 0.145117 0.001782 0.157304 0.000024
0.011504 0.427640 0.255852 0.145162 0.001795 0.158024 0.000024
0.011529 0.425676 0.256174 0.145381 0.001814 0.159403 0.000023
0.011441 0.423515 0.256886 0.145758 0.001825 0.160550 0.000025
0.011366 0.422569 0.256716 0.146095 0.001831 0.161398 0.000024
0.011371 0.420885 0.257347 0.146059 0.001839 0.162476 0.000023
0.011386 0.419837 0.257693 0.145952 0.001850 0.163255 0.000027
0.011441 0.416902 0.258466 0.146504 0.001888 0.164774 0.000025
0.013449 0.415136 0.257852 0.146459 0.001868 0.165211 0.000025
0.017063 0.412757 0.257170 0.145711 0.001885 0.165386 0.000028
0.016488 0.411509 0.257488 0.146053 0.001899 0.166537 0.000025
0.017713 0.408551 0.257680 0.146205 0.001894 0.167929 0.000027
0.016718 0.408774 0.257902 0.146240 0.001920 0.168420 0.000027
0.017054 0.407246 0.258101 0.146306 0.001914 0.169353 0.000027
0.017746 0.405731 0.257882 0.146443 0.001912 0.170258 0.000028
0.017459 0.403401 0.258418 0.146700 0.001958 0.172035 0.000028
0.017521 0.402354 0.258574 0.146726 0.001961 0.172836 0.000028
0.018125 0.401081 0.258482 0.146709 0.001959 0.173614 0.000029
0.018178 0.399747 0.258655 0.146686 0.001958 0.174745 0.000030
0.017915 0.399750 0.258583 0.146719 0.001975 0.175029 0.000029
0.017510 0.398006 0.258829 0.146990 0.002000 0.176633 0.000031
0.016817 0.396852 0.259179 0.147249 0.001990 0.177883 0.000030
0.016797 0.396291 0.259298 0.147095 0.002010 0.178481 0.000029
0.015554 0.394752 0.260042 0.147472 0.002008 0.180141 0.000031
0.015461 0.393292 0.260239 0.147849 0.002011 0.181117 0.000031
0.014552 0.392333 0.260455 0.148013 0.002039 0.182578 0.000029
0.015504 0.391352 0.260308 0.147593 0.002029 0.183183 0.000033
0.014545 0.390188 0.261031 0.148124 0.002058 0.184020 0.000033
0.013862 0.389298 0.261377 0.148160 0.002059 0.185214 0.000030
0.013411 0.387879 0.261691 0.148411 0.002056 0.186521 0.000031
0.013586 0.385939 0.262196 0.148587 0.002098 0.187560 0.000033
0.012710 0.384620 0.262560 0.148943 0.002095 0.189036 0.000035
0.012448 0.381916 0.263324 0.149314 0.002119 0.190845 0.000034
0.012445 0.381696 0.263234 0.149136 0.002144 0.191313 0.000034
0.012217 0.380094 0.263428 0.149448 0.002146 0.192633 0.000034
0.011998 0.378874 0.263903 0.149631 0.002156 0.193402 0.000035
0.012120 0.377944 0.263845 0.149608 0.002148 0.194300 0.000036
0.011886 0.375481 0.264239 0.149880 0.002174 0.196303 0.000036
0.011771 0.373762 0.264591 0.149915 0.002154 0.197772 0.000035
0.011622 0.372747 0.264710 0.150257 0.002166 0.198461 0.000036
0.011190 0.371856 0.265162 0.150314 0.002189 0.199251 0.000038
0.011243 0.370128 0.265456 0.150623 0.002199 0.200311 0.000040
0.011300 0.368180 0.265724 0.150701 0.002209 0.201848 0.000038
0.011412 0.367909 0.265261 0.150654 0.002229 0.202494 0.000041
0.011313 0.366001 0.265821 0.150699 0.002215 0.203911 0.000040
0.011297 0.365460 0.265731 0.150801 0.002247 0.204425 0.000039
0.011191 0.363109 0.266337 0.151032 0.002226 0.206064 0.000041
0.011394 0.362080 0.266139 0.151021 0.002274 0.207048 0.000044
0.011274 0.361161 0.266466 0.150972 0.002239 0.207844 0.000045
0.011124 0.359385 0.266609 0.151196 0.002263 0.209384 0.000039
0.011114 0.357364 0.266642 0.151433 0.002303 0.211100 0.000044
0.011056 0.356110 0.267003 0.151633 0.002325 0.211831 0.000042
0.010749 0.354358 0.267611 0.151764 0.002317 0.213159 0.000042
0.011180 0.355412 0.266921 0.151314 0.002309 0.212821 0.000043
0.011119 0.352959 0.267062 0.151778 0.002347 0.214691 0.000043
0.010938 0.351197 0.267588 0.151735 0.002359 0.216138 0.000044
0.011273 0.350270 0.267380 0.151987 0.002347 0.216699 0.000044
0.010994 0.348414 0.267754 0.152105 0.002373 0.218316 0.000045
0.011020 0.347641 0.267805 0.152297 0.002379 0.218814 0.000044
0.010953 0.346464 0.268034 0.152190 0.002368 0.219943 0.000048
0.011011 0.345345 0.268167 0.151837 0.002406 0.221189 0.000045
0.010888 0.342874 0.268588 0.152237 0.002405 0.222958 0.000050
0.010935 0.341597 0.268416 0.152535 0.002435 0.224038 0.000045
0.010986 0.341555 0.268193 0.152246 0.002426 0.224547 0.000048
0.011028 0.339537 0.268694 0.152552 0.002462 0.225681 0.000046
0.011073 0.338827 0.268687 0.152300 0.002452 0.226609 0.000050
0.011070 0.336984 0.268711 0.152601 0.002481 0.228103 0.000050
0.010969 0.336217 0.268873 0.152491 0.002469 0.228934 0.000046
0.011036 0.334981 0.269071 0.152776 0.002487 0.229602 0.000046
0.011004 0.332895 0.268941 0.152748 0.002523 0.231841 0.000048
0.010985 0.332446 0.268943 0.152874 0.002492 0.232212 0.000048
0.011023 0.331316 0.269018 0.152751 0.002547 0.233296 0.000049
0.010998 0.329467 0.269395 0.152868 0.002530 0.234693 0.000049
0.010993 0.329195 0.269107 0.152696 0.002525 0.235434 0.000049
0.010989 0.327561 0.269507 0.152755 0.002551 0.236590 0.000046
0.011006 0.327132 0.269066 0.152931 0.002550 0.237264 0.000051
0.010981 0.325605 0.269217 0.152861 0.002592 0.238695 0.000050
0.011061 0.324232 0.269369 0.152828 0.002598 0.239855 0.000056
0.011051 0.323494 0.269461 0.152820 0.002572 0.240550 0.000052
0.011072 0.322550 0.269302 0.152926 0.002596 0.241503 0.000052
0.011113 0.321436 0.269466 0.152997 0.002608 0.242329 0.000052
0.011104 0.319138 0.269500 0.153125 0.002605 0.244474 0.000054
0.011062 0.318986 0.269578 0.152935 0.002658 0.244727 0.000054
0.011038 0.317723 0.269556 0.153161 0.002655 0.245817 0.000050
0.011050 0.315746 0.269683 0.153199 0.002644 0.247625 0.000053
0.011167 0.315223 0.269657 0.153096 0.002644 0.248156 0.000057
0.011210 0.314616 0.269274 0.153057 0.002661 0.249130 0.000053
0.011085 0.312547 0.269672 0.153215 0.002692 0.250735 0.000054
0.011085 0.312286 0.269409 0.153077 0.002684 0.251405 0.000055
0.011208 0.311028 0.269557 0.153083 0.002717 0.252346 0.000061
0.011079 0.309345 0.269657 0.153263 0.002732 0.253865 0.000060
0.011165 0.307667 0.269847 0.153162 0.002731 0.255366 0.000062
0.011150 0.308207 0.269512 0.153083 0.002750 0.255241 0.000056
0.011206 0.306687 0.269560 0.153103 0.002751 0.256633 0.000059
0.011222 0.305658 0.269472 0.153325 0.002738 0.257528 0.000057
0.011135 0.303840 0.270114 0.153086 0.002765 0.259001 0.000061
0.011239 0.303478 0.269445 0.153009 0.002802 0.259969 0.000059
0.011194 0.301936 0.269623 0.153137 0.002795 0.261256 0.000060
0.011215 0.301425 0.269619 0.152894 0.002790 0.261993 0.000065
0.011281 0.299890 0.269595 0.152936 0.002812 0.263424 0.000062
0.011252 0.297953 0.269616 0.152941 0.002832 0.265346 0.000061
0.011174 0.297977 0.269622 0.153201 0.002823 0.265139 0.000063
0.011273 0.296574 0.269564 0.153149 0.002853 0.266528 0.000059
0.011244 0.295477 0.269270 0.153058 0.002856 0.268035 0.000060
0.011271 0.294739 0.269681 0.152886 0.002855 0.268506 0.000062
0.011256 0.293901 0.269478 0.152946 0.002885 0.269472 0.000062
0.011276 0.292121 0.269619 0.152930 0.002862 0.271125 0.000066
0.011327 0.291521 0.269645 0.153015 0.002897 0.271530 0.000065
0.011416 0.290611 0.269246 0.152937 0.002890 0.272836 0.000065
0.011340 0.289339 0.269194 0.152760 0.002923 0.274378 0.000065
0.011412 0.289674 0.269206 0.152880 0.002909 0.273852 0.000066
0.011492 0.288374 0.269081 0.152722 0.002904 0.275360 0.000067
0.011425 0.286328 0.269201 0.152776 0.002939 0.277265 0.000067
0.011423 0.284969 0.269276 0.152651 0.002938 0.278673 0.000071
0.011518 0.285109 0.268791 0.152814 0.002965 0.278742 0.000060
0.011430 0.283798 0.269019 0.152761 0.002996 0.279925 0.000070
0.011524 0.283208 0.268928 0.152404 0.002964 0.280904 0.000069
0.011444 0.281311 0.268723 0.152694 0.003003 0.282756 0.000069
0.011536 0.280666 0.268868 0.152344 0.003009 0.283511 0.000067
0.011546 0.278605 0.268737 0.152496 0.003029 0.285516 0.000070
0.011624 0.278600 0.268491 0.152363 0.003050 0.285805 0.000067
0.011604 0.278085 0.268361 0.152355 0.003032 0.286490 0.000074
0.011622 0.276565 0.268726 0.152409 0.003056 0.287552 0.000070
0.011624 0.276102 0.268360 0.152434 0.003049 0.288360 0.000070
0.011636 0.274255 0.268539 0.152289 0.003069 0.290139 0.000073
0.011557 0.273135 0.268198 0.152429 0.003088 0.291519 0.000074
0.011650 0.273029 0.268078 0.152080 0.003098 0.291989 0.000077
0.011721 0.272000 0.268070 0.152127 0.003072 0.292939 0.000071
0.011715 0.271455 0.267917 0.152406 0.003110 0.293322 0.000075
0.011802 0.270211 0.267984 0.152000 0.003121 0.294802 0.000079
0.011754 0.269696 0.268037 0.151923 0.003107 0.295408 0.000075
0.011750 0.267958 0.267919 0.152225 0.003131 0.296942 0.000076
0.011808 0.268166 0.267692 0.151812 0.003152 0.297296 0.000074
0.011944 0.266629 0.267524 0.151648 0.003165 0.299012 0.000077
0.011830 0.265684 0.267501 0.151940 0.003202 0.299764 0.000077
0.011895 0.263749 0.267601 0.151691 0.003164 0.301825 0.000076
0.011922 0.263029 0.267315 0.151691 0.003170 0.302796 0.000076
0.011963 0.262971 0.267283 0.151599 0.003176 0.302924 0.000083
0.011991 0.261859 0.267364 0.151680 0.003163 0.303865 0.000078
0.011965 0.260900 0.267101 0.151699 0.003204 0.305049 0.000083
0.012100 0.259447 0.267096 0.151641 0.003216 0.306418 0.000081
0.011957 0.258723 0.267035 0.151474 0.003236 0.307497 0.000079
0.011981 0.257827 0.266678 0.151438 0.003220 0.308777 0.000079
0.012025 0.258063 0.266653 0.151450 0.003252 0.308473 0.000084
0.012036 0.256657 0.266715 0.151309 0.003252 0.309954 0.000078
0.012104 0.255993 0.266535 0.151059 0.003260 0.310968 0.000080
0.012074 0.254998 0.266228 0.151218 0.003322 0.312078 0.000082
0.012026 0.254305 0.266275 0.150950 0.003287 0.313074 0.000083
0.012035 0.252766 0.266193 0.151007 0.003288 0.314622 0.000089
0.012242 0.252076 0.265729 0.151039 0.003355 0.315478 0.000081
0.012155 0.252162 0.265953 0.150785 0.003333 0.315529 0.000083
0.012184 0.250786 0.265635 0.150757 0.003338 0.317217 0.000082
0.012247 0.249724 0.265664 0.150722 0.003328 0.318229 0.000087
0.012192 0.248733 0.265473 0.150552 0.003358 0.319607 0.000084
0.012280 0.248225 0.265279 0.150473 0.003394 0.320260 0.000090
0.012396 0.246835 0.264971 0.150377 0.003367 0.321966 0.000088
0.012385 0.245922 0.264979 0.150481 0.003414 0.322724 0.000093
0.012416 0.244951 0.264967 0.150551 0.003400 0.323628 0.000087
0.012361 0.244320 0.264964 0.150363 0.003391 0.324512 0.000089
0.012386 0.244333 0.264587 0.149826 0.003437 0.325342 0.000090
0.012469 0.242786 0.264520 0.150044 0.003423 0.326662 0.000095
0.012432 0.242147 0.264425 0.150018 0.003418 0.327467 0.000093
0.012460 0.241704 0.264169 0.149740 0.003417 0.328414 0.000097
0.012437 0.240277 0.263713 0.149865 0.003444 0.330171 0.000094
0.012412 0.239751 0.263833 0.149718 0.003441 0.330756 0.000090
0.012472 0.239068 0.263672 0.149472 0.003454 0.331762 0.000100
0.012537 0.238714 0.263303 0.149495 0.003483 0.332376 0.000091
0.012549 0.237936 0.263079 0.149300 0.003475 0.333565 0.000096
0.012607 0.236713 0.262855 0.149256 0.003458 0.335018 0.000094
0.012448 0.236197 0.262994 0.149213 0.003451 0.335601 0.000096
0.012686 0.235292 0.262640 0.149093 0.003496 0.336693 0.000099
0.012572 0.234429 0.262778 0.149169 0.003500 0.337459 0.000093
0.012650 0.233609 0.262498 0.149011 0.003525 0.338607 0.000101
0.012711 0.232845 0.262422 0.148959 0.003532 0.339431 0.000100
0.012759 0.231778 0.262085 0.148764 0.003518 0.340994 0.000102
0.012756 0.231647 0.262027 0.148788 0.003540 0.341142 0.000100
0.012854 0.230622 0.261991 0.148441 0.003576 0.342413 0.000101
0.012771 0.229933 0.261560 0.148617 0.003550 0.343461 0.000108
0.012851 0.228830 0.261588 0.148559 0.003567 0.344498 0.000108
0.012870 0.227942 0.261319 0.148471 0.003566 0.345730 0.000103
0.012894 0.226847 0.260917 0.148151 0.003578 0.347509 0.000104
0.012889 0.227010 0.260917 0.148063 0.003622 0.347392 0.000107
0.012937 0.226641 0.260834 0.148065 0.003600 0.347815 0.000109
0.012886 0.225689 0.260369 0.148129 0.003609 0.349210 0.000108
0.012846 0.225048 0.260292 0.147855 0.003608 0.350245 0.000106
0.013021 0.223606 0.260074 0.147779 0.003628 0.351784 0.000108
0.012996 0.223113 0.259885 0.147753 0.003646 0.352505 0.000102
0.013015 0.222490 0.259740 0.147393 0.003686 0.353572 0.000105
0.013136 0.221982 0.259582 0.147294 0.003633 0.354264 0.000109
0.013125 0.221069 0.259398 0.147388 0.003651 0.355261 0.000108
0.013117 0.220931 0.259136 0.147192 0.003689 0.355826 0.000108
0.013259 0.219560 0.259083 0.147047 0.003664 0.357277 0.000109
0.013077 0.219425 0.258600 0.147154 0.003700 0.357935 0.000109
0.013151 0.218076 0.258619 0.147011 0.003752 0.359279 0.000113
0.013226 0.217403 0.258427 0.146863 0.003729 0.360239 0.000111
0.013325 0.216447 0.258419 0.146708 0.003729 0.361253 0.000120
0.013366 0.216498 0.258155 0.146656 0.003732 0.361485 0.000109
0.013426 0.215750 0.257822 0.146375 0.003744 0.362766 0.000116
0.013381 0.215782 0.257523 0.146383 0.003720 0.363091 0.000120
0.013487 0.214044 0.257345 0.146143 0.003736 0.365133 0.000111
0.013495 0.213053 0.256835 0.146093 0.003776 0.366632 0.000116
0.013525 0.212892 0.257010 0.146009 0.003795 0.366654 0.000115
0.013570 0.212080 0.256710 0.145648 0.003818 0.368062 0.000112
0.013528 0.211269 0.256601 0.145817 0.003827 0.368840 0.000117
0.013501 0.210935 0.256299 0.145850 0.003820 0.369474 0.000122
0.013622 0.209664 0.255803 0.145714 0.003808 0.371271 0.000119
0.013711 0.209560 0.255993 0.145612 0.003834 0.371167 0.000122
0.013693 0.208471 0.255914 0.145362 0.003850 0.372587 0.000124
0.013782 0.208482 0.255610 0.145352 0.003836 0.372816 0.000121
0.013758 0.207588 0.255428 0.145125 0.003859 0.374121 0.000121
0.013671 0.206799 0.255202 0.145113 0.003838 0.375262 0.000115
0.013700 0.206442 0.255104 0.145009 0.003867 0.375760 0.000118
0.013760 0.205200 0.255034 0.144660 0.003862 0.377361 0.000123
0.013868 0.205284 0.254589 0.144581 0.003874 0.377682 0.000122
0.013885 0.204458 0.254374 0.144423 0.003886 0.378853 0.000122
0.013887 0.203835 0.254340 0.144373 0.003885 0.379553 0.000126
0.013971 0.202499 0.253742 0.144127 0.003910 0.381632 0.000119
0.013880 0.202568 0.253757 0.144068 0.003900 0.381707 0.000120
0.013985 0.202325 0.253430 0.143840 0.003906 0.382391 0.000123
0.013821 0.201785 0.253279 0.143842 0.003939 0.383216 0.000120
0.014045 0.200455 0.252769 0.143667 0.003988 0.384950 0.000126
0.014098 0.199872 0.252788 0.143564 0.003946 0.385612 0.000120
0.014094 0.198988 0.252612 0.143403 0.003924 0.386854 0.000125
0.014038 0.198347 0.252346 0.143519 0.003952 0.387673 0.000126
0.014092 0.198572 0.252434 0.143283 0.003967 0.387530 0.000122
0.014058 0.197670 0.252021 0.143078 0.003940 0.389111 0.000122
0.014107 0.196909 0.251628 0.142755 0.003989 0.390486 0.000126
0.014204 0.196632 0.251609 0.142715 0.003976 0.390731 0.000133
0.014239 0.195814 0.251315 0.142390 0.004018 0.392093 0.000131
0.014244 0.195149 0.251175 0.142482 0.003984 0.392834 0.000132
0.014166 0.194149 0.250940 0.142271 0.004018 0.394324 0.000131
0.014359 0.193932 0.250804 0.142289 0.003997 0.394482 0.000137
0.014331 0.192929 0.250472 0.142129 0.004002 0.396003 0.000135
0.014271 0.192852 0.250356 0.141793 0.004018 0.396576 0.000134
0.014392 0.191787 0.250004 0.141840 0.004027 0.397815 0.000134
0.014315 0.191189 0.249850 0.141705 0.004023 0.398777 0.000141
0.014405 0.190685 0.249367 0.141436 0.004050 0.399917 0.000140
0.014380 0.190282 0.248954 0.141530 0.004048 0.400668 0.000137
0.014379 0.190229 0.249045 0.141325 0.004044 0.400844 0.000134
0.014564 0.189038 0.248640 0.141119 0.004046 0.402459 0.000135
0.014568 0.188494 0.248325 0.141006 0.004080 0.403394 0.000133
0.014614 0.188205 0.248351 0.140773 0.004071 0.403842 0.000144
0.014654 0.187320 0.248015 0.140734 0.004115 0.405019 0.000143
0.014698 0.186616 0.247849 0.140323 0.004091 0.406276 0.000146
0.014820 0.186338 0.247202 0.140473 0.004102 0.406926 0.000139
0.014718 0.185963 0.247350 0.140310 0.004127 0.407388 0.000143
0.014760 0.185101 0.247200 0.140155 0.004095 0.408549 0.000140
0.014872 0.184307 0.246607 0.140137 0.004111 0.409819 0.000148
0.014823 0.183841 0.246126 0.139948 0.004130 0.410985 0.000148
0.014828 0.183491 0.246295 0.139615 0.004134 0.411493 0.000144
0.014804 0.182736 0.246006 0.139530 0.004116 0.412652 0.000155
0.014925 0.182376 0.245737 0.139469 0.004156 0.413191 0.000147
0.015097 0.181391 0.245829 0.139255 0.004157 0.414128 0.000144
0.015172 0.181367 0.245186 0.139216 0.004156 0.414745 0.000157
0.015041 0.180906 0.245060 0.138973 0.004203 0.415666 0.000151
0.015169 0.180082 0.244799 0.138782 0.004141 0.416877 0.000150
0.015223 0.179701 0.244309 0.138676 0.004186 0.417764 0.000141
0.015230 0.179385 0.244337 0.138460 0.004211 0.418223 0.000155
0.015182 0.179017 0.244440 0.138447 0.004169 0.418594 0.000152
0.015323 0.178050 0.244017 0.138390 0.004246 0.419821 0.000152
0.015175 0.177762 0.243454 0.138171 0.004191 0.421095 0.000152
0.015448 0.177288 0.243392 0.138128 0.004216 0.421369 0.000160
0.015178 0.176707 0.243460 0.137905 0.004204 0.422389 0.000156
0.015246 0.176262 0.242798 0.137613 0.004206 0.423716 0.000160
0.015359 0.175722 0.242781 0.137610 0.004153 0.424225 0.000150
0.015392 0.175514 0.242214 0.137299 0.004210 0.425207 0.000164
0.015462 0.175097 0.242246 0.137087 0.004203 0.425747 0.000157
0.015468 0.173857 0.241820 0.136849 0.004204 0.427638 0.000163
0.015498 0.173958 0.241598 0.137215 0.004251 0.427323 0.000158
0.015630 0.173315 0.241430 0.136712 0.004245 0.428509 0.000160
0.015606 0.172529 0.240950 0.136622 0.004260 0.429871 0.000163
0.015747 0.172283 0.240741 0.136698 0.004271 0.430101 0.000158
0.015677 0.171656 0.240280 0.136374 0.004246 0.431605 0.000162
0.015705 0.170791 0.240479 0.136261 0.004257 0.432346 0.000161
0.015924 0.170856 0.239917 0.136189 0.004273 0.432679 0.000161
0.015902 0.170199 0.239793 0.136083 0.004304 0.433558 0.000161
0.015762 0.169768 0.239546 0.135815 0.004250 0.434695 0.000165
0.015867 0.169305 0.239347 0.135810 0.004295 0.435212 0.000164
0.015986 0.168409 0.239100 0.135556 0.004317 0.436458 0.000175
0.015760 0.168505 0.239080 0.135550 0.004267 0.436674 0.000164
0.015860 0.168138 0.238799 0.135486 0.004275 0.437277 0.000166
0.015901 0.167093 0.238275 0.135239 0.004307 0.439021 0.000164
0.015964 0.166741 0.238214 0.134905 0.004314 0.439695 0.000167
0.016059 0.166550 0.237853 0.134980 0.004365 0.440016 0.000174
0.016068 0.166210 0.237603 0.134920 0.004313 0.440709 0.000176
0.016030 0.165535 0.237388 0.134726 0.004369 0.441776 0.000176
0.016158 0.164915 0.237088 0.134420 0.004306 0.442938 0.000175
0.016161 0.164260 0.236632 0.134044 0.004348 0.444385 0.000169
0.016264 0.164036 0.236583 0.134106 0.004324 0.444515 0.000173
0.016235 0.163787 0.236285 0.133959 0.004348 0.445210 0.000176
0.016324 0.163133 0.235945 0.133736 0.004353 0.446327 0.000182
0.016382 0.162659 0.235620 0.133600 0.004378 0.447180 0.000181
0.016516 0.162457 0.235385 0.133369 0.004297 0.447792 0.000184
0.016266 0.161754 0.235310 0.133261 0.004394 0.448834 0.000180
0.016536 0.160947 0.234910 0.132849 0.004401 0.450178 0.000178
0.016383 0.160881 0.234788 0.132857 0.004387 0.450534 0.000170
0.016547 0.160563 0.234552 0.132986 0.004388 0.450782 0.000181
0.016569 0.159998 0.233960 0.132707 0.004414 0.452167 0.000185
0.016595 0.159913 0.233909 0.132389 0.004400 0.452611 0.000183
0.016688 0.159068 0.233645 0.132155 0.004409 0.453855 0.000181
0.016813 0.158856 0.233730 0.132266 0.004385 0.453766 0.000185
0.016881 0.157603 0.232868 0.132005 0.004416 0.456041 0.000187
0.016746 0.158105 0.233026 0.131687 0.004446 0.455811 0.000179
0.016773 0.157620 0.232488 0.131734 0.004436 0.456769 0.000180
0.016741 0.156959 0.232116 0.131458 0.004417 0.458120 0.000189
0.016886 0.156933 0.232125 0.131406 0.004450 0.458019 0.000182
0.016871 0.156361 0.231471 0.131258 0.004419 0.459437 0.000182
0.016907 0.155826 0.231489 0.130853 0.004464 0.460271 0.000192
0.016946 0.155636 0.231181 0.130862 0.004463 0.460725 0.000188
0.016992 0.154904 0.230724 0.130636 0.004465 0.462085 0.000194
0.016927 0.154819 0.230665 0.130753 0.004452 0.462192 0.000192
0.016782 0.154088 0.230182 0.130534 0.004450 0.463773 0.000193
0.017133 0.153956 0.230069 0.130210 0.004507 0.463928 0.000196
0.016987 0.153375 0.229978 0.130086 0.004444 0.464928 0.000203
0.017025 0.153407 0.229886 0.129845 0.004478 0.465162 0.000197
0.016984 0.152619 0.229268 0.129828 0.004454 0.466648 0.000199
0.017210 0.152537 0.228991 0.129627 0.004500 0.466941 0.000195
0.017344 0.151722 0.228683 0.129476 0.004459 0.468117 0.000199
0.017300 0.151511 0.228669 0.129257 0.004473 0.468591 0.000199
0.017358 0.151174 0.227994 0.129046 0.004558 0.469672 0.000198
0.017409 0.150696 0.227771 0.129298 0.004461 0.470163 0.000203
0.017397 0.150256 0.227725 0.129036 0.004497 0.470886 0.000203
0.017407 0.149666 0.227322 0.128750 0.004518 0.472135 0.000203
0.017497 0.149406 0.227065 0.128620 0.004545 0.472668 0.000198
0.017448 0.149367 0.227003 0.128468 0.004565 0.472942 0.000207
0.017507 0.149040 0.226654 0.128450 0.004544 0.473603 0.000202
0.017646 0.147734 0.226276 0.127897 0.004550 0.475691 0.000206
0.017641 0.148263 0.226308 0.127923 0.004522 0.475139 0.000204
0.017759 0.147608 0.226016 0.127767 0.004527 0.476115 0.000209
0.017788 0.146829 0.225446 0.127763 0.004520 0.477446 0.000209
0.017828 0.146578 0.225419 0.127614 0.004615 0.477739 0.000208
0.017887 0.146606 0.224987 0.127318 0.004590 0.478407 0.000204
0.017835 0.145948 0.224992 0.127071 0.004569 0.479372 0.000213
0.017898 0.145990 0.224833 0.126980 0.004580 0.479514 0.000205
0.017883 0.145731 0.224213 0.126967 0.004569 0.480431 0.000207
0.017919 0.145269 0.223966 0.126556 0.004602 0.481478 0.000209
0.017985 0.144539 0.223942 0.126193 0.004606 0.482519 0.000214
0.017833 0.144320 0.223611 0.126279 0.004564 0.483182 0.000212
0.018001 0.143948 0.222637 0.126096 0.004597 0.484503 0.000218
0.017986 0.143288 0.222500 0.125942 0.004601 0.485473 0.000210
0.018315 0.143222 0.222570 0.125903 0.004609 0.485165 0.000216
0.018129 0.142857 0.222704 0.125725 0.004616 0.485755 0.000214
0.018161 0.143005 0.222233 0.125343 0.004584 0.486455 0.000219
0.018298 0.141998 0.221893 0.125515 0.004642 0.487439 0.000214
0.018337 0.142146 0.221300 0.125431 0.004645 0.487924 0.000216
0.018189 0.141355 0.221021 0.124931 0.004618 0.489671 0.000216
0.018317 0.140845 0.220920 0.124688 0.004648 0.490357 0.000224
0.018293 0.141143 0.220673 0.124925 0.004639 0.490109 0.000218
0.018323 0.140997 0.220695 0.124769 0.004608 0.490388 0.000221
0.018517 0.140020 0.219976 0.124151 0.004650 0.492464 0.000223
0.018557 0.139686 0.219499 0.124246 0.004632 0.493159 0.000221
0.018671 0.139675 0.219548 0.124189 0.004655 0.493037 0.000224
0.018581 0.139210 0.219513 0.123983 0.004661 0.493831 0.000222
0.018681 0.138740 0.218792 0.123762 0.004681 0.495118 0.000225
0.018717 0.138068 0.218574 0.123689 0.004644 0.496085 0.000224
0.018570 0.137870 0.218243 0.123605 0.004721 0.496769 0.000223
0.018780 0.138044 0.218213 0.123205 0.004657 0.496879 0.000222
0.018848 0.137095 0.217776 0.122774 0.004688 0.498582 0.000236
0.018894 0.136876 0.217884 0.123081 0.004674 0.498360 0.000231
0.018916 0.136768 0.217528 0.122983 0.004703 0.498869 0.000232
0.018839 0.136593 0.217052 0.122806 0.004687 0.499796 0.000227
0.019029 0.135879 0.216891 0.122553 0.004705 0.500699 0.000245
0.019074 0.135752 0.216322 0.122087 0.004728 0.501813 0.000225
0.019094 0.135546 0.216345 0.122235 0.004699 0.501854 0.000228
0.018947 0.135384 0.216017 0.122187 0.004711 0.502525 0.000229
0.019160 0.134476 0.215548 0.121755 0.004712 0.504110 0.000238
0.019146 0.134301 0.215238 0.121813 0.004739 0.504531 0.000232
0.019244 0.133839 0.215143 0.121707 0.004784 0.505055 0.000228
0.019256 0.133819 0.215083 0.121551 0.004739 0.505324 0.000228
0.019435 0.133455 0.214536 0.121322 0.004759 0.506257 0.000237
0.019260 0.133096 0.214290 0.121005 0.004738 0.507365 0.000246
0.019423 0.133069 0.214254 0.120858 0.004741 0.507420 0.000236
0.019384 0.132609 0.213652 0.120843 0.004754 0.508523 0.000236
0.019402 0.132286 0.213741 0.120533 0.004784 0.509021 0.000233
0.019672 0.131725 0.213072 0.120364 0.004781 0.510144 0.000242
