0.973555 0.025842 0.000385 0.000208 0.000000 0.000010 0.000000
0.948921 0.049774 0.000830 0.000452 0.000000 0.000022 0.000000
0.942119 0.056403 0.000948 0.000506 0.000000 0.000025 0.000000
0.934646 0.063623 0.001111 0.000590 0.000000 0.000030 0.000000
0.926237 0.071774 0.001266 0.000690 0.000000 0.000033 0.000000
0.916745 0.080959 0.001450 0.000810 0.000000 0.000036 0.000000
0.908007 0.089359 0.001667 0.000921 0.000000 0.000046 0.000000
0.897768 0.099267 0.001855 0.001060 0.000000 0.000050 0.000000
0.885939 0.110671 0.002119 0.001213 0.000000 0.000057 0.000000
0.875643 0.120604 0.002368 0.001321 0.000000 0.000064 0.000000
0.863355 0.132473 0.002634 0.001464 0.000000 0.000074 0.000000
0.850636 0.144730 0.002923 0.001626 0.000000 0.000085 0.000000
0.838591 0.156327 0.003205 0.001784 0.000001 0.000091 0.000000
0.824076 0.170259 0.003587 0.001977 0.000001 0.000100 0.000000
0.809238 0.184492 0.003982 0.002174 0.000003 0.000111 0.000000
0.794379 0.198732 0.004374 0.002384 0.000003 0.000129 0.000000
0.780119 0.212376 0.004735 0.002623 0.000004 0.000143 0.000000
0.766490 0.225386 0.005124 0.002836 0.000003 0.000161 0.000000
0.749709 0.241411 0.005603 0.003099 0.000004 0.000175 0.000000
0.734826 0.255610 0.006011 0.003350 0.000004 0.000198 0.000000
0.720738 0.268980 0.006449 0.003611 0.000004 0.000219 0.000000
0.704643 0.284224 0.006967 0.003924 0.000004 0.000237 0.000000
0.690252 0.297836 0.007460 0.004188 0.000005 0.000259 0.000000
0.676256 0.311012 0.007956 0.004487 0.000005 0.000284 0.000000
0.661264 0.325121 0.008484 0.004823 0.000006 0.000302 0.000000
0.645944 0.339573 0.009012 0.005138 0.000006 0.000326 0.000000
0.632680 0.351904 0.009573 0.005484 0.000007 0.000353 0.000000
0.616766 0.366767 0.010194 0.005878 0.000007 0.000387 0.000000
0.603296 0.379259 0.010783 0.006227 0.000009 0.000426 0.000000
0.590222 0.391345 0.011403 0.006567 0.000009 0.000454 0.000000
0.574245 0.406086 0.012162 0.006994 0.000010 0.000503 0.000000
0.562811 0.416522 0.012764 0.007356 0.000010 0.000537 0.000000
0.548804 0.429352 0.013496 0.007760 0.000010 0.000578 0.000000
0.535105 0.441835 0.014246 0.008176 0.000011 0.000627 0.000000
0.524664 0.451195 0.014883 0.008566 0.000013 0.000680 0.000000
0.511805 0.462844 0.015621 0.008983 0.000013 0.000734 0.000000
0.499733 0.473628 0.016395 0.009439 0.000014 0.000790 0.000000
0.488199 0.483859 0.017200 0.009883 0.000015 0.000845 0.000000
0.475836 0.494910 0.017987 0.010343 0.000016 0.000909 0.000000
0.465035 0.504310 0.018828 0.010838 0.000015 0.000974 0.000000
0.455912 0.512288 0.019517 0.011227 0.000016 0.001041 0.000000
0.445137 0.521546 0.020453 0.011737 0.000017 0.001110 0.000000
0.434553 0.530827 0.021252 0.012161 0.000019 0.001188 0.000000
0.424172 0.539700 0.022140 0.012705 0.000021 0.001261 0.000000
0.415251 0.547233 0.022968 0.013197 0.000021 0.001330 0.000000
0.405286 0.555695 0.023883 0.013710 0.000023 0.001404 0.000000
0.394932 0.564301 0.024955 0.014293 0.000023 0.001496 0.000000
0.387845 0.569986 0.025798 0.014775 0.000024 0.001573 0.000000
0.378221 0.577916 0.026808 0.015365 0.000024 0.001665 0.000000
0.370783 0.583766 0.027780 0.015904 0.000025 0.001741 0.000000
0.362752 0.590274 0.028685 0.016422 0.000023 0.001844 0.000000
0.352878 0.598182 0.029876 0.017094 0.000026 0.001946 0.000000
0.347391 0.602127 0.030838 0.017566 0.000026 0.002051 0.000000
0.340812 0.606853 0.031955 0.018188 0.000028 0.002164 0.000000
0.334029 0.611893 0.033004 0.018767 0.000029 0.002277 0.000000
0.322987 0.620634 0.034323 0.019597 0.000031 0.002429 0.000000
0.320746 0.621851 0.034929 0.019911 0.000034 0.002529 0.000000
0.312805 0.627342 0.036406 0.020725 0.000032 0.002690 0.000000
0.308038 0.630403 0.037399 0.021325 0.000035 0.002800 0.000000
0.299685 0.636615 0.038644 0.022062 0.000035 0.002959 0.000000
0.294566 0.639745 0.039797 0.022725 0.000037 0.003129 0.000000
0.288244 0.643977 0.041014 0.023437 0.000037 0.003290 0.000000
0.284743 0.645830 0.041987 0.024001 0.000040 0.003399 0.000000
0.279680 0.648875 0.043139 0.024674 0.000041 0.003591 0.000000
0.273645 0.653060 0.044214 0.025311 0.000044 0.003726 0.000000
0.267946 0.656534 0.045494 0.026059 0.000046 0.003919 0.000000
0.262190 0.659897 0.046897 0.026846 0.000048 0.004121 0.000000
0.257310 0.662572 0.048185 0.027561 0.000050 0.004322 0.000000
0.250797 0.666792 0.049570 0.028287 0.000053 0.004501 0.000000
0.248000 0.667352 0.050803 0.029021 0.000059 0.004765 0.000000
0.240411 0.672647 0.052132 0.029769 0.000060 0.004980 0.000001
0.233234 0.676875 0.053850 0.030727 0.000061 0.005252 0.000001
0.230045 0.678212 0.054871 0.031362 0.000065 0.005445 0.000001
0.224812 0.681084 0.056280 0.032066 0.000068 0.005690 0.000001
0.222144 0.681794 0.057415 0.032682 0.000070 0.005894 0.000001
0.215380 0.685585 0.059071 0.033711 0.000074 0.006179 0.000001
0.210953 0.687407 0.060586 0.034514 0.000079 0.006459 0.000001
0.208288 0.688325 0.061612 0.035055 0.000082 0.006638 0.000001
0.202919 0.690658 0.063309 0.036074 0.000085 0.006956 0.000001
0.200660 0.690620 0.064640 0.036777 0.000089 0.007214 0.000001
0.196349 0.692913 0.065755 0.037446 0.000094 0.007441 0.000001
0.190621 0.695528 0.067576 0.038372 0.000098 0.007805 0.000001
0.187492 0.696104 0.068880 0.039314 0.000101 0.008108 0.000000
0.184055 0.697015 0.070255 0.040134 0.000108 0.008433 0.000001
0.180658 0.697530 0.071959 0.041025 0.000109 0.008717 0.000001
0.177674 0.698242 0.073258 0.041698 0.000117 0.009010 0.000001
0.175290 0.698109 0.074637 0.042504 0.000119 0.009341 0.000000
0.170296 0.699890 0.076488 0.043537 0.000126 0.009663 0.000000
0.171446 0.697264 0.077288 0.043893 0.000124 0.009984 0.000001
0.167525 0.698454 0.078756 0.044813 0.000132 0.010319 0.000001
0.164219 0.699322 0.080203 0.045489 0.000133 0.010634 0.000000
0.162787 0.697635 0.081814 0.046482 0.000142 0.011139 0.000001
0.156966 0.699985 0.083771 0.047615 0.000140 0.011522 0.000000
0.158034 0.697528 0.084422 0.048089 0.000147 0.011780 0.000000
0.156610 0.696965 0.085489 0.048613 0.000154 0.012169 0.000000
0.152519 0.697286 0.087649 0.049782 0.000156 0.012607 0.000000
0.149101 0.697956 0.089073 0.050643 0.000166 0.013061 0.000001
0.146473 0.698272 0.090347 0.051321 0.000172 0.013414 0.000000
0.146164 0.696191 0.091616 0.052038 0.000175 0.013816 0.000001
0.144652 0.696276 0.092322 0.052495 0.000177 0.014077 0.000001
0.141037 0.695589 0.094709 0.053753 0.000187 0.014724 0.000000
0.143179 0.692299 0.095133 0.054192 0.000186 0.015011 0.000001
0.137448 0.693665 0.097570 0.055493 0.000203 0.015619 0.000001
0.134472 0.694446 0.098656 0.056203 0.000213 0.016008 0.000001
0.137707 0.689654 0.099562 0.056450 0.000215 0.016411 0.000001
0.132264 0.692264 0.101139 0.057362 0.000224 0.016745 0.000001
0.131589 0.689616 0.102868 0.058353 0.000233 0.017341 0.000001
0.131773 0.687507 0.103693 0.059046 0.000227 0.017752 0.000001
0.128185 0.687920 0.105458 0.059916 0.000238 0.018280 0.000001
0.127035 0.687009 0.106578 0.060493 0.000248 0.018636 0.000001
0.127207 0.684536 0.107647 0.061196 0.000251 0.019163 0.000001
0.125356 0.683973 0.108981 0.061860 0.000259 0.019569 0.000001
0.119327 0.686256 0.110920 0.063048 0.000264 0.020184 0.000001
0.121715 0.681561 0.112124 0.063631 0.000272 0.020696 0.000001
0.119899 0.682208 0.112667 0.064016 0.000271 0.020938 0.000001
0.117230 0.681535 0.114391 0.064938 0.000284 0.021620 0.000001
0.114283 0.681842 0.115757 0.065722 0.000289 0.022106 0.000001
0.113080 0.680376 0.117204 0.066429 0.000299 0.022611 0.000001
0.111470 0.678570 0.119080 0.067313 0.000308 0.023258 0.000001
0.109679 0.678452 0.119967 0.067874 0.000310 0.023717 0.000001
0.103873 0.679626 0.122405 0.069350 0.000320 0.024425 0.000001
0.100948 0.679779 0.123889 0.070086 0.000330 0.024966 0.000001
0.105952 0.675675 0.123246 0.069748 0.000326 0.025052 0.000001
0.102425 0.674725 0.125543 0.070977 0.000343 0.025987 0.000001
0.095534 0.676182 0.128491 0.072533 0.000357 0.026901 0.000001
0.096330 0.674434 0.128844 0.072904 0.000354 0.027133 0.000002
0.093400 0.673220 0.130906 0.074052 0.000369 0.028052 0.000001
0.091108 0.672963 0.132288 0.074730 0.000371 0.028539 0.000001
0.088210 0.672765 0.133757 0.075620 0.000384 0.029263 0.000001
0.089188 0.671915 0.133447 0.075596 0.000388 0.029463 0.000001
0.084312 0.672083 0.136076 0.076875 0.000392 0.030260 0.000001
0.080880 0.672379 0.137652 0.077775 0.000402 0.030911 0.000001
0.080060 0.670297 0.138963 0.078626 0.000415 0.031637 0.000001
0.077489 0.669058 0.140887 0.079733 0.000418 0.032413 0.000002
0.075724 0.668394 0.142037 0.080451 0.000431 0.032961 0.000001
0.072753 0.668685 0.143497 0.081044 0.000438 0.033582 0.000001
0.070364 0.667648 0.145019 0.082123 0.000444 0.034402 0.000001
0.066634 0.666497 0.147597 0.083447 0.000463 0.035360 0.000001
0.065864 0.664167 0.148936 0.084403 0.000474 0.036156 0.000001
0.065249 0.663479 0.149543 0.084671 0.000485 0.036572 0.000001
0.065619 0.660348 0.150933 0.085277 0.000490 0.037331 0.000002
0.061346 0.659685 0.153309 0.086745 0.000501 0.038414 0.000001
0.058278 0.660458 0.154478 0.087405 0.000501 0.038879 0.000002
0.058784 0.657794 0.155434 0.087865 0.000505 0.039615 0.000002
0.056939 0.655382 0.157505 0.089031 0.000531 0.040609 0.000003
0.054781 0.653353 0.159568 0.090146 0.000540 0.041608 0.000003
0.053346 0.652253 0.160701 0.090979 0.000538 0.042179 0.000003
0.054283 0.649543 0.161479 0.091357 0.000556 0.042779 0.000003
0.056884 0.646832 0.161471 0.091216 0.000568 0.043026 0.000003
0.056993 0.643815 0.162652 0.092071 0.000575 0.043891 0.000003
0.055264 0.643214 0.163782 0.092672 0.000567 0.044497 0.000003
0.054624 0.640453 0.165328 0.093601 0.000588 0.045402 0.000004
0.055335 0.637627 0.166247 0.094086 0.000589 0.046111 0.000005
0.054219 0.636345 0.167361 0.094623 0.000605 0.046843 0.000005
0.050112 0.635182 0.169873 0.096185 0.000608 0.048036 0.000004
0.049098 0.633662 0.171098 0.096605 0.000629 0.048904 0.000004
0.050282 0.631341 0.171421 0.097103 0.000648 0.049202 0.000004
0.048637 0.628240 0.173619 0.098176 0.000652 0.050671 0.000005
0.049764 0.626509 0.173740 0.098333 0.000659 0.050989 0.000005
0.045447 0.625725 0.176220 0.099623 0.000665 0.052316 0.000005
0.046749 0.625085 0.175728 0.099449 0.000661 0.052322 0.000006
0.044051 0.623398 0.177702 0.100619 0.000687 0.053538 0.000006
0.043745 0.621071 0.178917 0.101230 0.000697 0.054334 0.000006
0.041295 0.619377 0.180790 0.102372 0.000710 0.055451 0.000005
0.042668 0.617858 0.180816 0.102158 0.000705 0.055790 0.000006
0.038865 0.617020 0.182812 0.103604 0.000732 0.056962 0.000005
0.038682 0.615840 0.183394 0.103802 0.000746 0.057531 0.000005
0.036003 0.613070 0.185880 0.105301 0.000751 0.058990 0.000006
0.034870 0.611562 0.186936 0.106043 0.000756 0.059826 0.000006
0.035418 0.610381 0.187226 0.105952 0.000764 0.060254 0.000006
0.033757 0.608739 0.188725 0.106800 0.000774 0.061200 0.000006
0.033072 0.607115 0.189867 0.107167 0.000785 0.061988 0.000006
0.032756 0.604464 0.190874 0.108110 0.000792 0.062997 0.000007
0.030549 0.603593 0.192419 0.108786 0.000800 0.063845 0.000008
0.031927 0.600319 0.193123 0.109114 0.000812 0.064698 0.000007
0.031209 0.598010 0.194333 0.109933 0.000826 0.065682 0.000007
0.030043 0.595216 0.196244 0.110924 0.000842 0.066722 0.000009
0.031958 0.592436 0.196343 0.110887 0.000839 0.067529 0.000008
0.029579 0.591044 0.198014 0.111899 0.000865 0.068590 0.000008
0.029808 0.589794 0.198440 0.112104 0.000864 0.068981 0.000009
0.031144 0.585875 0.199428 0.112824 0.000889 0.069831 0.000008
0.029021 0.584134 0.201051 0.113627 0.000896 0.071262 0.000008
0.029573 0.582573 0.201345 0.113777 0.000898 0.071826 0.000009
0.029784 0.580321 0.202123 0.114197 0.000900 0.072667 0.000009
0.028809 0.578248 0.203387 0.115020 0.000914 0.073616 0.000008
0.028551 0.576773 0.204089 0.115328 0.000932 0.074316 0.000011
0.027985 0.574161 0.205154 0.116124 0.000947 0.075619 0.000010
0.029521 0.572075 0.205400 0.115987 0.000938 0.076070 0.000010
0.030295 0.569054 0.206203 0.116559 0.000953 0.076926 0.000010
0.029090 0.566716 0.207705 0.117256 0.000988 0.078235 0.000010
0.032185 0.565775 0.206387 0.116730 0.000975 0.077937 0.000010
0.028899 0.563524 0.208829 0.117912 0.000997 0.079827 0.000011
0.029791 0.562004 0.208849 0.118093 0.000996 0.080258 0.000008
0.028174 0.559370 0.210700 0.119132 0.001006 0.081606 0.000012
0.028454 0.557657 0.210963 0.119364 0.001012 0.082538 0.000013
0.028901 0.555934 0.211409 0.119615 0.001017 0.083113 0.000012
0.028496 0.554790 0.211963 0.119935 0.001040 0.083765 0.000012
0.029315 0.551608 0.212701 0.120435 0.001056 0.084876 0.000010
0.027724 0.549646 0.214305 0.121138 0.001067 0.086108 0.000011
0.030957 0.546406 0.214103 0.120908 0.001062 0.086551 0.000012
0.031316 0.545241 0.214157 0.121073 0.001085 0.087116 0.000012
0.031837 0.541948 0.215096 0.121741 0.001091 0.088276 0.000011
0.033946 0.538176 0.215694 0.121732 0.001098 0.089344 0.000010
0.033539 0.537989 0.215778 0.121995 0.001099 0.089587 0.000012
0.032243 0.537425 0.216439 0.122443 0.001113 0.090327 0.000012
0.033910 0.532882 0.217313 0.123029 0.001122 0.091732 0.000011
0.034392 0.532717 0.216991 0.122797 0.001142 0.091950 0.000013
0.034775 0.530077 0.217930 0.123051 0.001158 0.092998 0.000010
0.035367 0.527839 0.218425 0.123378 0.001152 0.093828 0.000012
0.037693 0.525612 0.217949 0.123218 0.001151 0.094364 0.000012
0.038312 0.521776 0.219191 0.123770 0.001162 0.095775 0.000013
0.036258 0.522736 0.219575 0.124090 0.001180 0.096147 0.000014
0.036264 0.519803 0.220674 0.124680 0.001189 0.097378 0.000013
0.034489 0.518727 0.221664 0.125304 0.001219 0.098583 0.000014
0.035109 0.517439 0.221727 0.125389 0.001209 0.099112 0.000015
0.031517 0.516326 0.223680 0.126510 0.001246 0.100709 0.000014
0.034148 0.515704 0.222687 0.125781 0.001218 0.100448 0.000015
0.031218 0.512849 0.224898 0.127050 0.001263 0.102706 0.000015
0.032114 0.512484 0.224543 0.126783 0.001254 0.102809 0.000014
0.030144 0.510810 0.225911 0.127562 0.001265 0.104293 0.000014
0.030678 0.509213 0.225987 0.127716 0.001296 0.105095 0.000015
0.029336 0.508185 0.227015 0.128151 0.001292 0.106005 0.000016
0.028080 0.505958 0.228097 0.128806 0.001333 0.107713 0.000014
0.027750 0.505433 0.228148 0.129028 0.001335 0.108290 0.000017
0.025741 0.503809 0.229775 0.129752 0.001349 0.109558 0.000015
0.024557 0.502284 0.230879 0.130168 0.001365 0.110732 0.000016
0.025178 0.502422 0.230511 0.129871 0.001356 0.110644 0.000018
0.025593 0.499070 0.231145 0.130448 0.001378 0.112348 0.000018
0.024124 0.499671 0.231476 0.130658 0.001392 0.112665 0.000015
0.022958 0.496892 0.232963 0.131622 0.001379 0.114171 0.000014
0.022406 0.495206 0.233780 0.131847 0.001405 0.115342 0.000015
0.021030 0.492699 0.235203 0.132705 0.001438 0.116909 0.000016
0.021049 0.492011 0.235127 0.132763 0.001437 0.117597 0.000016
0.020223 0.489459 0.236517 0.133367 0.001455 0.118963 0.000016
0.019437 0.487645 0.237311 0.133897 0.001472 0.120220 0.000018
0.019552 0.486450 0.237491 0.134041 0.001480 0.120970 0.000016
0.018357 0.484305 0.238896 0.134700 0.001472 0.122252 0.000017
0.017716 0.482151 0.239752 0.135389 0.001501 0.123475 0.000016
0.017758 0.480255 0.240404 0.135567 0.001505 0.124493 0.000018
0.017396 0.478683 0.240717 0.136051 0.001527 0.125608 0.000019
0.017380 0.476727 0.241350 0.136229 0.001545 0.126750 0.000019
0.016842 0.475267 0.241768 0.136644 0.001553 0.127908 0.000018
0.016783 0.472988 0.242647 0.137007 0.001577 0.128979 0.000019
0.017299 0.474583 0.241437 0.136450 0.001572 0.128640 0.000019
0.016526 0.470849 0.243089 0.137236 0.001598 0.130682 0.000020
0.016419 0.469418 0.243477 0.137528 0.001599 0.131539 0.000020
0.016006 0.466324 0.244646 0.138206 0.001627 0.133173 0.000018
0.015884 0.464767 0.245318 0.138347 0.001649 0.134015 0.000020
0.015630 0.462854 0.245750 0.138831 0.001667 0.135245 0.000022
0.015478 0.460835 0.246457 0.139143 0.001655 0.136414 0.000018
0.015329 0.459012 0.246919 0.139431 0.001670 0.137618 0.000022
0.015470 0.457383 0.247403 0.139362 0.001689 0.138671 0.000022
0.015464 0.456628 0.247364 0.139496 0.001687 0.139339 0.000022
0.015147 0.454555 0.248201 0.139938 0.001697 0.140438 0.000024
0.015172 0.453779 0.248213 0.140105 0.001696 0.141011 0.000024
0.015180 0.452514 0.248383 0.140112 0.001719 0.142069 0.000024
0.014900 0.448948 0.249487 0.140943 0.001717 0.143980 0.000025
0.014697 0.448039 0.249880 0.141114 0.001744 0.144502 0.000024
0.014600 0.445906 0.250556 0.141378 0.001755 0.145782 0.000024
0.014744 0.445193 0.250583 0.141238 0.001765 0.146451 0.000026
0.014695 0.443653 0.250713 0.141835 0.001775 0.147305 0.000024
0.014562 0.441045 0.251528 0.142062 0.001793 0.148987 0.000023
0.014572 0.439778 0.251989 0.142137 0.001822 0.149677 0.000026
0.014455 0.438987 0.252046 0.142297 0.001819 0.150371 0.000025
0.014500 0.435860 0.252706 0.142551 0.001835 0.152523 0.000025
0.014318 0.435097 0.252956 0.142768 0.001842 0.152992 0.000027
0.014397 0.433821 0.253192 0.142996 0.001845 0.153722 0.000027
0.014293 0.431654 0.253911 0.143233 0.001862 0.155017 0.000030
0.014418 0.430677 0.253991 0.143260 0.001870 0.155757 0.000027
0.014309 0.429252 0.254070 0.143465 0.001894 0.156980 0.000029
0.014068 0.426208 0.255297 0.143936 0.001900 0.158563 0.000028
0.014066 0.425705 0.255119 0.143970 0.001930 0.159183 0.000027
0.014003 0.423786 0.255542 0.144328 0.001916 0.160397 0.000029
0.013982 0.422013 0.255951 0.144447 0.001944 0.161636 0.000027
0.013970 0.421355 0.256126 0.144529 0.001934 0.162058 0.000028
0.013962 0.418348 0.257086 0.144899 0.001974 0.163703 0.000027
0.013969 0.417015 0.257050 0.145092 0.001971 0.164874 0.000029
0.013942 0.415827 0.257160 0.145135 0.002009 0.165895 0.000033
0.013767 0.413198 0.258011 0.145548 0.002022 0.167421 0.000032
0.013960 0.413515 0.257632 0.145414 0.002043 0.167406 0.000031
0.013927 0.411722 0.258121 0.145445 0.002034 0.168721 0.000030
0.013786 0.410571 0.258336 0.145683 0.002065 0.169528 0.000031
0.013751 0.408271 0.258705 0.146048 0.002058 0.171137 0.000030
0.013660 0.406434 0.259240 0.146361 0.002087 0.172187 0.000032
0.013630 0.406122 0.259184 0.146048 0.002067 0.172914 0.000034
0.013560 0.403876 0.259942 0.146404 0.002085 0.174101 0.000033
0.013592 0.402253 0.260061 0.146669 0.002102 0.175291 0.000032
0.013787 0.400523 0.260314 0.146692 0.002101 0.176553 0.000030
0.013471 0.399444 0.260616 0.147151 0.002134 0.177152 0.000031
0.013522 0.397575 0.260973 0.147136 0.002145 0.178615 0.000034
0.013397 0.396005 0.261251 0.147543 0.002160 0.179610 0.000033
0.013525 0.394705 0.261330 0.147421 0.002184 0.180807 0.000029
0.013466 0.393151 0.261694 0.147543 0.002181 0.181934 0.000031
0.013554 0.392328 0.261639 0.147503 0.002189 0.182756 0.000031
0.013768 0.390576 0.261689 0.147817 0.002188 0.183929 0.000033
0.019565 0.387460 0.260195 0.146891 0.002180 0.183676 0.000032
0.018899 0.385950 0.260668 0.147007 0.002202 0.185240 0.000034
0.018772 0.384590 0.260957 0.147316 0.002233 0.186098 0.000035
0.019499 0.383545 0.260648 0.147181 0.002236 0.186856 0.000034
0.019096 0.382350 0.261087 0.147413 0.002255 0.187761 0.000036
0.020343 0.380694 0.260729 0.147223 0.002271 0.188704 0.000037
0.019383 0.380210 0.261328 0.147273 0.002253 0.189517 0.000037
0.018671 0.378719 0.261606 0.147599 0.002293 0.191077 0.000034
0.018874 0.377547 0.261652 0.147625 0.002278 0.191986 0.000038
0.020921 0.375987 0.260998 0.147312 0.002299 0.192443 0.000039
0.019540 0.374827 0.261428 0.147702 0.002319 0.194150 0.000036
0.019361 0.373805 0.261777 0.147681 0.002326 0.195014 0.000037
0.018961 0.373732 0.261609 0.147643 0.002325 0.195690 0.000039
0.018209 0.371550 0.262355 0.148024 0.002366 0.197455 0.000040
0.017818 0.370497 0.262504 0.148052 0.002363 0.198725 0.000041
0.017993 0.369727 0.262377 0.148241 0.002356 0.199265 0.000041
0.017137 0.368405 0.262807 0.148416 0.002360 0.200836 0.000040
0.017143 0.367953 0.262486 0.148560 0.002365 0.201451 0.000042
0.016775 0.364954 0.263411 0.148855 0.002386 0.203575 0.000044
0.016224 0.364466 0.263603 0.148767 0.002413 0.204488 0.000039
0.015610 0.364174 0.264097 0.148867 0.002410 0.204799 0.000043
0.015739 0.362657 0.263951 0.149219 0.002421 0.205969 0.000044
0.015620 0.360795 0.264122 0.149249 0.002458 0.207711 0.000045
0.015491 0.359595 0.264496 0.149207 0.002476 0.208690 0.000044
0.015032 0.358157 0.264724 0.149564 0.002471 0.210008 0.000044
0.014421 0.356572 0.265353 0.149884 0.002476 0.211248 0.000046
0.014685 0.356231 0.265020 0.149838 0.002501 0.211678 0.000047
0.014555 0.354863 0.265078 0.149664 0.002554 0.213240 0.000045
0.014119 0.352658 0.265739 0.150036 0.002535 0.214868 0.000045
0.014291 0.351601 0.265518 0.150115 0.002560 0.215867 0.000048
0.013911 0.349589 0.266260 0.150347 0.002568 0.217280 0.000044
0.013993 0.349533 0.265979 0.150258 0.002552 0.217641 0.000044
0.014127 0.349159 0.266064 0.150101 0.002551 0.217953 0.000045
0.014146 0.346877 0.266228 0.150140 0.002585 0.219980 0.000043
0.014004 0.346234 0.266095 0.150585 0.002636 0.220401 0.000044
0.013749 0.344219 0.266652 0.150542 0.002624 0.222169 0.000046
0.013795 0.342775 0.266689 0.150683 0.002628 0.223385 0.000045
0.013794 0.341041 0.266922 0.150736 0.002660 0.224796 0.000051
0.013812 0.340088 0.266890 0.150684 0.002657 0.225819 0.000048
0.013728 0.340279 0.266657 0.150643 0.002684 0.225959 0.000049
0.013584 0.337858 0.267118 0.150951 0.002700 0.227746 0.000044
0.013409 0.336765 0.267390 0.151020 0.002724 0.228641 0.000051
0.013430 0.335778 0.267370 0.150965 0.002699 0.229708 0.000049
0.013464 0.334639 0.267426 0.150884 0.002724 0.230812 0.000052
0.013348 0.332382 0.267883 0.151116 0.002738 0.232479 0.000053
0.013546 0.332465 0.267294 0.151092 0.002725 0.232826 0.000052
0.013490 0.330673 0.267603 0.151196 0.002730 0.234255 0.000052
0.013463 0.328978 0.267819 0.151350 0.002761 0.235572 0.000056
0.013397 0.327108 0.268057 0.151391 0.002788 0.237202 0.000057
0.013366 0.327458 0.267855 0.151259 0.002761 0.237247 0.000054
0.013403 0.326616 0.268023 0.151234 0.002788 0.237878 0.000058
0.013347 0.324864 0.268160 0.151463 0.002809 0.239300 0.000058
0.013460 0.324461 0.267805 0.151518 0.002822 0.239876 0.000058
0.013263 0.322288 0.268087 0.151456 0.002843 0.242007 0.000057
0.013360 0.321003 0.268187 0.151480 0.002842 0.243069 0.000059
0.013277 0.319267 0.268704 0.151701 0.002847 0.244145 0.000059
0.013258 0.319562 0.268064 0.151588 0.002831 0.244635 0.000062
0.013233 0.317197 0.268629 0.151641 0.002858 0.246380 0.000063
0.013346 0.317085 0.268256 0.151640 0.002891 0.246720 0.000061
0.013540 0.315690 0.268235 0.151565 0.002924 0.247982 0.000063
0.013478 0.315185 0.268017 0.151322 0.002903 0.249031 0.000065
0.013447 0.312965 0.268459 0.151636 0.002932 0.250498 0.000063
0.013346 0.311184 0.268830 0.151648 0.002953 0.251977 0.000062
0.013423 0.310164 0.268651 0.151634 0.002965 0.253098 0.000064
0.013461 0.309882 0.268491 0.151783 0.002932 0.253389 0.000063
0.013487 0.308577 0.268626 0.151773 0.002955 0.254521 0.000061
0.013467 0.307493 0.268535 0.151598 0.002997 0.255842 0.000068
0.013454 0.306273 0.268634 0.151467 0.002999 0.257104 0.000068
0.013452 0.304868 0.268453 0.151795 0.003003 0.258368 0.000060
0.013600 0.304074 0.268503 0.151715 0.003051 0.258991 0.000066
0.013438 0.303169 0.268604 0.151855 0.003052 0.259818 0.000064
0.013533 0.302105 0.268419 0.151766 0.003038 0.261070 0.000070
0.013459 0.299995 0.268834 0.151984 0.003037 0.262622 0.000068
0.013505 0.299672 0.268433 0.151798 0.003029 0.263497 0.000066
0.013590 0.298636 0.268774 0.151714 0.003058 0.264156 0.000072
0.013462 0.298193 0.268500 0.151686 0.003059 0.265032 0.000068
0.013639 0.297078 0.268576 0.151616 0.003111 0.265910 0.000070
0.013656 0.295986 0.268315 0.151603 0.003099 0.267272 0.000068
0.013379 0.294810 0.268497 0.151836 0.003096 0.268313 0.000070
0.013813 0.293609 0.268236 0.151705 0.003119 0.269450 0.000068
0.013522 0.292666 0.268243 0.151543 0.003101 0.270851 0.000073
0.013724 0.291047 0.268386 0.151665 0.003125 0.271983 0.000071
0.013647 0.291087 0.268174 0.151525 0.003144 0.272352 0.000070
0.013810 0.290101 0.267885 0.151500 0.003140 0.273490 0.000073
0.013787 0.288644 0.268207 0.151496 0.003176 0.274614 0.000076
0.013575 0.287759 0.268255 0.151565 0.003194 0.275578 0.000074
0.013572 0.286309 0.267996 0.151455 0.003206 0.277385 0.000077
0.013738 0.286180 0.268085 0.151511 0.003202 0.277207 0.000077
0.013866 0.284846 0.267939 0.151576 0.003234 0.278460 0.000078
0.013745 0.283544 0.267931 0.151492 0.003222 0.279989 0.000078
0.013663 0.281635 0.267849 0.151472 0.003237 0.282067 0.000077
0.013773 0.281455 0.267912 0.151347 0.003250 0.282185 0.000079
0.013804 0.280677 0.267763 0.151115 0.003276 0.283284 0.000080
0.013786 0.279456 0.267606 0.151398 0.003266 0.284407 0.000080
0.013870 0.279104 0.267432 0.151256 0.003240 0.285024 0.000074
0.013869 0.277121 0.267761 0.151109 0.003250 0.286811 0.000080
0.013866 0.277386 0.267320 0.151144 0.003293 0.286913 0.000077
0.013767 0.275966 0.267230 0.151137 0.003259 0.288562 0.000079
0.013873 0.274583 0.267455 0.151051 0.003310 0.289650 0.000078
0.014056 0.273770 0.267349 0.151244 0.003318 0.290181 0.000082
0.013870 0.272128 0.267327 0.151183 0.003341 0.292072 0.000080
0.013955 0.271762 0.267224 0.150897 0.003344 0.292734 0.000085
0.014074 0.271344 0.266941 0.150839 0.003399 0.293325 0.000079
0.013989 0.269969 0.266985 0.150908 0.003386 0.294682 0.000081
0.014019 0.269038 0.266899 0.150835 0.003378 0.295747 0.000085
0.013946 0.267935 0.266715 0.150929 0.003370 0.297016 0.000089
0.013992 0.267405 0.266803 0.150528 0.003398 0.297787 0.000086
0.014109 0.266238 0.266511 0.150525 0.003448 0.299084 0.000085
0.013960 0.265723 0.266345 0.150418 0.003431 0.300034 0.000090
0.014149 0.264658 0.266369 0.150549 0.003430 0.300759 0.000087
0.015093 0.262954 0.266119 0.150204 0.003468 0.302075 0.000088
0.020479 0.262094 0.264358 0.149080 0.003423 0.300478 0.000087
0.020492 0.261546 0.264209 0.149114 0.003432 0.301116 0.000091
0.022574 0.261165 0.262934 0.148567 0.003413 0.301260 0.000087
0.022290 0.259905 0.262850 0.148498 0.003422 0.302945 0.000091
0.022315 0.259262 0.262798 0.148466 0.003420 0.303654 0.000086
0.021252 0.258616 0.263123 0.148723 0.003454 0.304745 0.000087
0.023215 0.257349 0.261922 0.148301 0.003453 0.305674 0.000088
0.021753 0.257896 0.262265 0.148292 0.003487 0.306218 0.000090
0.021986 0.257003 0.261683 0.148220 0.003506 0.307508 0.000094
0.020922 0.256167 0.262472 0.148253 0.003511 0.308581 0.000094
0.021461 0.256451 0.261773 0.147974 0.003562 0.308694 0.000086
0.020106 0.255674 0.262062 0.148161 0.003519 0.310391 0.000087
0.020016 0.254531 0.262076 0.148216 0.003573 0.311500 0.000088
0.017925 0.253383 0.262703 0.148451 0.003582 0.313867 0.000089
0.018856 0.253249 0.262092 0.148020 0.003583 0.314107 0.000093
0.018112 0.251567 0.262233 0.148212 0.003580 0.316200 0.000095
0.018150 0.252389 0.262142 0.147998 0.003576 0.315653 0.000092
0.017809 0.250846 0.262071 0.147944 0.003617 0.317621 0.000091
0.017345 0.249824 0.262217 0.148061 0.003645 0.318813 0.000096
0.017488 0.249173 0.261883 0.147992 0.003636 0.319731 0.000097
0.017126 0.248444 0.262157 0.147804 0.003637 0.320734 0.000097
0.016371 0.246814 0.262440 0.148404 0.003614 0.322264 0.000093
0.016778 0.247076 0.261850 0.148039 0.003668 0.322493 0.000096
0.016878 0.246359 0.261546 0.147768 0.003670 0.323682 0.000096
0.016743 0.245328 0.261819 0.147714 0.003690 0.324602 0.000103
0.015862 0.243973 0.261829 0.148083 0.003696 0.326458 0.000099
0.015654 0.242890 0.261994 0.147948 0.003733 0.327685 0.000097
0.015625 0.242011 0.262061 0.148165 0.003701 0.328333 0.000104
0.015829 0.241041 0.261787 0.147678 0.003720 0.329837 0.000108
0.015708 0.240134 0.261613 0.147627 0.003735 0.331078 0.000105
0.015530 0.239145 0.261830 0.147778 0.003740 0.331872 0.000106
0.015541 0.239584 0.261343 0.147615 0.003759 0.332059 0.000097
0.015597 0.237913 0.261221 0.147453 0.003770 0.333942 0.000104
0.015435 0.236577 0.261256 0.147555 0.003812 0.335262 0.000103
0.015827 0.237328 0.260471 0.147119 0.003779 0.335365 0.000112
0.015598 0.235766 0.260766 0.147308 0.003802 0.336657 0.000104
0.015717 0.235590 0.260221 0.146873 0.003819 0.337670 0.000109
0.015405 0.233600 0.260414 0.147154 0.003852 0.339468 0.000107
0.015736 0.234307 0.260255 0.146794 0.003840 0.338960 0.000109
0.015651 0.233628 0.259770 0.146811 0.003786 0.340248 0.000107
0.015429 0.231821 0.259746 0.146840 0.003868 0.342185 0.000111
0.015535 0.231785 0.259613 0.146781 0.003846 0.342328 0.000112
0.015597 0.230018 0.259935 0.146528 0.003904 0.343909 0.000109
0.015510 0.229679 0.259368 0.146478 0.003923 0.344933 0.000108
0.015541 0.229188 0.259102 0.146355 0.003882 0.345820 0.000113
0.015353 0.228411 0.259472 0.146519 0.003931 0.346201 0.000113
0.015354 0.227127 0.259187 0.146456 0.003912 0.347848 0.000115
0.015501 0.226919 0.258662 0.146252 0.003923 0.348630 0.000113
0.015681 0.226329 0.258601 0.145981 0.003924 0.349369 0.000115
0.015445 0.224262 0.258236 0.146124 0.003935 0.351882 0.000116
0.015602 0.224641 0.258106 0.145661 0.003941 0.351936 0.000113
0.015321 0.223188 0.258110 0.145807 0.003986 0.353474 0.000113
0.015446 0.222717 0.257982 0.145500 0.003985 0.354257 0.000113
0.015452 0.222633 0.257816 0.145508 0.003973 0.354499 0.000119
0.015661 0.221546 0.257465 0.145307 0.003975 0.355933 0.000113
0.015606 0.221048 0.257204 0.145336 0.003977 0.356713 0.000116
0.015585 0.220145 0.257310 0.145330 0.003982 0.357530 0.000118
0.015749 0.219211 0.257118 0.145129 0.004000 0.358680 0.000112
0.015599 0.219234 0.256907 0.144946 0.003997 0.359204 0.000114
0.015831 0.217864 0.256708 0.145039 0.004022 0.360418 0.000119
0.015638 0.217882 0.256749 0.145075 0.004008 0.360524 0.000124
0.015817 0.216378 0.256357 0.144766 0.004036 0.362524 0.000122
0.015823 0.214844 0.255940 0.144484 0.004037 0.364746 0.000125
0.015876 0.215083 0.255869 0.144624 0.004030 0.364399 0.000118
0.015883 0.214494 0.255644 0.144536 0.004075 0.365242 0.000125
0.015786 0.212574 0.255711 0.144445 0.004062 0.367298 0.000124
0.015795 0.212122 0.255470 0.144343 0.004062 0.368081 0.000127
0.015820 0.212649 0.255327 0.144292 0.004109 0.367683 0.000121
0.015889 0.211843 0.255202 0.144326 0.004057 0.368554 0.000128
0.015903 0.210592 0.254853 0.144043 0.004160 0.370322 0.000127
0.016041 0.210047 0.254863 0.143869 0.004112 0.370947 0.000121
0.016068 0.210379 0.254457 0.143719 0.004133 0.371113 0.000132
0.016063 0.209450 0.254235 0.143425 0.004115 0.372582 0.000128
0.016146 0.207779 0.253847 0.143282 0.004154 0.374665 0.000126
0.016014 0.207468 0.254074 0.143463 0.004159 0.374691 0.000131
0.016189 0.207219 0.253599 0.143413 0.004158 0.375292 0.000130
0.016213 0.206435 0.253428 0.143203 0.004148 0.376445 0.000128
0.016164 0.205865 0.253235 0.143150 0.004172 0.377285 0.000130
0.016386 0.204303 0.253042 0.143103 0.004211 0.378822 0.000134
0.016236 0.204630 0.252929 0.142791 0.004197 0.379090 0.000127
0.016271 0.203800 0.252729 0.142609 0.004202 0.380260 0.000129
0.016098 0.203516 0.252674 0.142445 0.004185 0.380953 0.000130
0.016309 0.201840 0.252164 0.142524 0.004236 0.382805 0.000123
0.016170 0.201979 0.252263 0.142578 0.004215 0.382665 0.000129
0.016361 0.200320 0.251751 0.142214 0.004255 0.384962 0.000136
0.016376 0.200444 0.251616 0.142126 0.004238 0.385067 0.000133
0.016428 0.198995 0.251442 0.142304 0.004254 0.386443 0.000135
0.016426 0.199924 0.251176 0.141811 0.004251 0.386281 0.000131
0.016415 0.198555 0.250748 0.141931 0.004318 0.387896 0.000138
0.016699 0.198583 0.250243 0.141356 0.004295 0.388694 0.000131
0.016536 0.197962 0.250389 0.141599 0.004307 0.389066 0.000141
0.016418 0.196974 0.250267 0.141733 0.004250 0.390213 0.000144
0.016581 0.195786 0.249931 0.141151 0.004332 0.392079 0.000140
0.016662 0.195075 0.249724 0.141058 0.004302 0.393037 0.000142
0.016744 0.194904 0.249298 0.140843 0.004321 0.393753 0.000137
0.016838 0.194998 0.249236 0.140666 0.004321 0.393804 0.000136
0.016756 0.194007 0.248978 0.140676 0.004342 0.395105 0.000135
0.016721 0.192457 0.248824 0.140493 0.004339 0.397023 0.000143
0.016790 0.191853 0.248447 0.140515 0.004366 0.397887 0.000143
0.017090 0.191141 0.248240 0.140298 0.004356 0.398727 0.000148
0.017030 0.192038 0.248536 0.140215 0.004357 0.397676 0.000148
0.016944 0.191416 0.247994 0.140169 0.004401 0.398927 0.000149
0.016927 0.190252 0.247515 0.139983 0.004412 0.400766 0.000145
0.016961 0.189160 0.247604 0.139782 0.004378 0.401968 0.000148
0.017043 0.189030 0.247224 0.139697 0.004394 0.402457 0.000154
0.016883 0.188712 0.246965 0.139612 0.004383 0.403296 0.000148
0.017147 0.188233 0.246685 0.139405 0.004396 0.403984 0.000149
0.017105 0.186788 0.246395 0.139374 0.004407 0.405782 0.000150
0.017136 0.187153 0.246596 0.139139 0.004424 0.405404 0.000148
0.017279 0.185882 0.245966 0.139081 0.004415 0.407227 0.000150
0.017183 0.185570 0.246136 0.138939 0.004429 0.407596 0.000147
0.017409 0.185211 0.245305 0.138650 0.004461 0.408812 0.000152
0.017408 0.184471 0.245474 0.138633 0.004438 0.409419 0.000157
0.017224 0.184769 0.245473 0.138484 0.004444 0.409455 0.000150
0.017263 0.183761 0.244953 0.138320 0.004473 0.411077 0.000154
0.017342 0.182815 0.244829 0.138198 0.004499 0.412159 0.000158
0.017440 0.182819 0.244484 0.138075 0.004513 0.412506 0.000163
0.017610 0.181289 0.244266 0.137670 0.004546 0.414473 0.000146
0.017414 0.180987 0.244193 0.137905 0.004495 0.414854 0.000152
0.017626 0.180362 0.243843 0.137539 0.004522 0.415949 0.000159
0.017685 0.180108 0.243672 0.137572 0.004470 0.416336 0.000157
0.017620 0.179398 0.243571 0.137430 0.004495 0.417321 0.000165
0.017638 0.179029 0.243154 0.137235 0.004505 0.418280 0.000159
0.017636 0.178634 0.243130 0.137188 0.004495 0.418753 0.000165
0.017636 0.178447 0.242542 0.137122 0.004530 0.419566 0.000157
0.017544 0.177828 0.242517 0.136917 0.004562 0.420468 0.000165
0.017752 0.176951 0.242046 0.136871 0.004547 0.421669 0.000165
0.017713 0.175997 0.241905 0.136568 0.004610 0.423039 0.000168
0.017889 0.176409 0.241905 0.136246 0.004560 0.422830 0.000161
0.017815 0.175859 0.241274 0.136377 0.004578 0.423928 0.000169
0.018052 0.175565 0.241004 0.136201 0.004564 0.424447 0.000168
0.017978 0.175040 0.240745 0.136123 0.004538 0.425413 0.000163
0.018012 0.173429 0.240522 0.135740 0.004635 0.427492 0.000171
0.017998 0.173464 0.240106 0.135830 0.004628 0.427800 0.000175
0.017962 0.173134 0.239928 0.135769 0.004626 0.428413 0.000168
0.018069 0.171815 0.239585 0.135477 0.004672 0.430212 0.000171
0.018209 0.172043 0.239935 0.135326 0.004630 0.429692 0.000165
0.018153 0.171399 0.239426 0.135075 0.004654 0.431120 0.000172
0.018317 0.171421 0.238959 0.134893 0.004667 0.431577 0.000166
0.018163 0.169841 0.238486 0.134849 0.004704 0.433782 0.000175
0.018237 0.170606 0.238422 0.134706 0.004663 0.433192 0.000174
0.018342 0.169876 0.238370 0.134538 0.004666 0.434028 0.000180
0.018259 0.169150 0.237674 0.134439 0.004652 0.435654 0.000173
0.018443 0.168286 0.237373 0.134288 0.004711 0.436724 0.000174
0.018576 0.167887 0.237143 0.134210 0.004758 0.437249 0.000177
0.018362 0.167573 0.237132 0.134178 0.004679 0.437895 0.000182
0.018513 0.167074 0.237107 0.133812 0.004745 0.438575 0.000173
0.018559 0.166748 0.236466 0.133723 0.004709 0.439620 0.000176
0.018568 0.166252 0.236329 0.133361 0.004738 0.440568 0.000184
0.018746 0.165966 0.236355 0.133601 0.004755 0.440397 0.000181
0.018810 0.166068 0.235688 0.133442 0.004734 0.441082 0.000176
0.018826 0.165420 0.235622 0.132938 0.004766 0.442246 0.000182
0.018947 0.164729 0.235354 0.133012 0.004758 0.443016 0.000183
0.018918 0.163984 0.235178 0.132811 0.004803 0.444126 0.000180
0.019099 0.163563 0.234602 0.132677 0.004803 0.445080 0.000177
0.018774 0.163320 0.234429 0.132597 0.004795 0.445908 0.000177
0.019139 0.162889 0.233912 0.132409 0.004780 0.446689 0.000183
0.019048 0.162886 0.233831 0.132232 0.004805 0.447016 0.000181
0.019077 0.161408 0.233482 0.131898 0.004796 0.449153 0.000185
0.019199 0.161347 0.233251 0.132040 0.004840 0.449138 0.000184
0.019169 0.161074 0.233111 0.131823 0.004812 0.449817 0.000195
0.019030 0.160519 0.232607 0.131726 0.004839 0.451082 0.000196
0.019148 0.160429 0.232553 0.131698 0.004828 0.451156 0.000189
0.019196 0.160339 0.232354 0.131543 0.004814 0.451571 0.000183
0.019228 0.159165 0.232203 0.131218 0.004796 0.453206 0.000184
0.019344 0.158980 0.232005 0.130895 0.004885 0.453706 0.000185
0.019354 0.158269 0.231620 0.130793 0.004834 0.454936 0.000194
0.019271 0.158241 0.231423 0.130701 0.004899 0.455275 0.000190
0.019260 0.157370 0.231069 0.130430 0.004823 0.456851 0.000196
0.019391 0.156566 0.231018 0.130228 0.004843 0.457759 0.000194
0.019539 0.157160 0.230675 0.130324 0.004858 0.457249 0.000195
0.019592 0.155978 0.229998 0.129915 0.004901 0.459424 0.000191
0.019737 0.155670 0.229975 0.130020 0.004885 0.459513 0.000199
0.019761 0.156476 0.229837 0.129632 0.004861 0.459237 0.000195
0.019570 0.154676 0.229372 0.129619 0.004902 0.461664 0.000197
0.019527 0.154285 0.229529 0.129421 0.004914 0.462131 0.000193
0.019776 0.154567 0.229242 0.129089 0.004879 0.462244 0.000202
0.019732 0.153837 0.228559 0.129160 0.004937 0.463583 0.000192
0.019818 0.153777 0.228556 0.129070 0.004878 0.463695 0.000205
0.019908 0.153010 0.228300 0.128826 0.004954 0.464794 0.000207
0.020085 0.152519 0.227877 0.128675 0.004904 0.465738 0.000203
0.020117 0.152689 0.227572 0.128578 0.004964 0.465875 0.000205
0.019941 0.151835 0.227607 0.128333 0.004948 0.467128 0.000207
0.020120 0.151883 0.227287 0.128151 0.004930 0.467420 0.000209
0.019914 0.151797 0.226957 0.128223 0.004895 0.468003 0.000210
0.019968 0.150898 0.226656 0.127850 0.004938 0.469480 0.000210
0.020007 0.150227 0.226314 0.127892 0.004978 0.470374 0.000208
0.020182 0.150136 0.226120 0.127630 0.004976 0.470744 0.000212
0.020093 0.149433 0.225661 0.127320 0.004985 0.472302 0.000206
0.020395 0.149200 0.225468 0.127352 0.004962 0.472411 0.000212
0.020245 0.148850 0.225405 0.127172 0.005004 0.473108 0.000217
0.020238 0.148934 0.224746 0.126927 0.005009 0.473931 0.000215
0.020395 0.148160 0.224439 0.127030 0.005005 0.474758 0.000214
0.020425 0.147532 0.224518 0.126610 0.005012 0.475690 0.000213
0.020644 0.147054 0.224025 0.126393 0.004980 0.476688 0.000217
0.020490 0.146922 0.223847 0.126309 0.005022 0.477190 0.000220
0.020550 0.146162 0.223563 0.126104 0.005003 0.478396 0.000222
0.020542 0.146023 0.223558 0.126085 0.005008 0.478565 0.000219
0.020767 0.145363 0.222996 0.125715 0.005071 0.479873 0.000215
0.020698 0.145142 0.223000 0.125680 0.005047 0.480214 0.000220
0.020716 0.144630 0.222544 0.125448 0.005065 0.481375 0.000222
0.020865 0.144639 0.222147 0.125331 0.005038 0.481748 0.000232
0.021126 0.144262 0.221794 0.125187 0.005026 0.482384 0.000222
0.020820 0.143638 0.221540 0.125158 0.005071 0.483544 0.000229
0.020836 0.143732 0.221466 0.125058 0.005042 0.483632 0.000233
0.020967 0.143550 0.221348 0.124704 0.005088 0.484111 0.000233
0.021042 0.142844 0.220669 0.124490 0.005098 0.485631 0.000226
0.021009 0.142557 0.220676 0.124239 0.005097 0.486192 0.000230
0.021153 0.142053 0.220283 0.124328 0.005112 0.486827 0.000244
0.020993 0.142085 0.220231 0.124048 0.005094 0.487310 0.000238
0.021021 0.141560 0.219889 0.123752 0.005092 0.488444 0.000243
0.021175 0.141049 0.219848 0.123773 0.005079 0.488850 0.000226
0.021285 0.140555 0.219612 0.123595 0.005112 0.489609 0.000232
0.021225 0.140305 0.218756 0.123660 0.005116 0.490707 0.000230
0.021420 0.140238 0.218641 0.123363 0.005151 0.490957 0.000230
0.021349 0.139369 0.218238 0.123149 0.005135 0.492517 0.000242
0.021600 0.139174 0.218027 0.122802 0.005118 0.493036 0.000243
0.021581 0.138730 0.218077 0.122991 0.005092 0.493294 0.000234
0.021554 0.138723 0.217369 0.122786 0.005129 0.494197 0.000243
0.021922 0.138231 0.217164 0.122549 0.005157 0.494740 0.000236
0.021705 0.137901 0.216993 0.122284 0.005152 0.495724 0.000241
0.021632 0.137724 0.216838 0.122548 0.005135 0.495881 0.000243
0.021757 0.137799 0.216505 0.122056 0.005123 0.496521 0.000238
0.021664 0.136642 0.216371 0.121955 0.005181 0.497936 0.000251
0.021921 0.136245 0.215642 0.121704 0.005204 0.499037 0.000248
0.021836 0.136088 0.215643 0.121523 0.005178 0.499491 0.000241
0.021864 0.135960 0.215285 0.121514 0.005198 0.499940 0.000239
0.021958 0.136322 0.215143 0.121432 0.005198 0.499700 0.000248
