0.974045 0.025373 0.000372 0.000201 0.000000 0.000010 0.000000
0.949817 0.048922 0.000806 0.000434 0.000000 0.000021 0.000000
0.943108 0.055459 0.000928 0.000481 0.000000 0.000024 0.000000
0.935570 0.062744 0.001093 0.000565 0.000000 0.000028 0.000000
0.927195 0.070870 0.001243 0.000662 0.000000 0.000030 0.000000
0.917973 0.079799 0.001423 0.000772 0.000000 0.000033 0.000000
0.909051 0.088364 0.001646 0.000895 0.000000 0.000043 0.000000
0.899094 0.098012 0.001826 0.001023 0.000000 0.000047 0.000000
0.887568 0.109125 0.002080 0.001174 0.000000 0.000054 0.000000
0.877145 0.119187 0.002321 0.001288 0.000000 0.000059 0.000000
0.865180 0.130753 0.002571 0.001427 0.000000 0.000069 0.000000
0.852517 0.142953 0.002853 0.001596 0.000000 0.000081 0.000000
0.840465 0.154557 0.003136 0.001754 0.000001 0.000087 0.000000
0.826484 0.167977 0.003501 0.001939 0.000001 0.000097 0.000000
0.811480 0.182378 0.003896 0.002135 0.000003 0.000108 0.000000
0.796631 0.196614 0.004280 0.002348 0.000003 0.000124 0.000000
0.782303 0.210345 0.004637 0.002576 0.000004 0.000137 0.000000
0.768600 0.223429 0.005028 0.002787 0.000003 0.000153 0.000000
0.752708 0.238603 0.005480 0.003040 0.000004 0.000165 0.000000
0.737162 0.253436 0.005914 0.003295 0.000004 0.000188 0.000000
0.723208 0.266677 0.006354 0.003548 0.000004 0.000209 0.000000
0.706991 0.282062 0.006861 0.003854 0.000004 0.000228 0.000000
0.692461 0.295812 0.007360 0.004113 0.000005 0.000249 0.000000
0.678199 0.309235 0.007868 0.004419 0.000005 0.000275 0.000000
0.662968 0.323564 0.008410 0.004759 0.000006 0.000293 0.000000
0.647875 0.337806 0.008931 0.005066 0.000005 0.000317 0.000000
0.634487 0.350253 0.009497 0.005414 0.000006 0.000343 0.000000
0.618142 0.365539 0.010132 0.005803 0.000007 0.000377 0.000000
0.604413 0.378286 0.010724 0.006155 0.000008 0.000414 0.000000
0.590806 0.390882 0.011356 0.006504 0.000009 0.000443 0.000000
0.574327 0.406085 0.012134 0.006950 0.000009 0.000495 0.000000
0.562638 0.416767 0.012733 0.007321 0.000010 0.000531 0.000000
0.549002 0.429264 0.013446 0.007706 0.000010 0.000572 0.000000
0.534572 0.442438 0.014223 0.008134 0.000010 0.000623 0.000000
0.523882 0.452046 0.014863 0.008525 0.000012 0.000672 0.000000
0.510909 0.463790 0.015606 0.008956 0.000013 0.000727 0.000000
0.497708 0.475643 0.016418 0.009432 0.000013 0.000785 0.000000
0.486155 0.485909 0.017208 0.009876 0.000014 0.000839 0.000000
0.474578 0.496216 0.017970 0.010320 0.000015 0.000902 0.000000
0.462938 0.506398 0.018856 0.010824 0.000014 0.000970 0.000000
0.453526 0.514646 0.019553 0.011222 0.000015 0.001039 0.000000
0.442958 0.523707 0.020487 0.011725 0.000016 0.001106 0.000000
0.431764 0.533526 0.021330 0.012175 0.000018 0.001187 0.000000
0.421978 0.541864 0.022193 0.012688 0.000020 0.001257 0.000000
0.412932 0.549464 0.023052 0.013202 0.000020 0.001329 0.000000
0.401649 0.559114 0.024052 0.013759 0.000022 0.001404 0.000000
0.392364 0.566739 0.025071 0.014311 0.000022 0.001493 0.000000
0.385305 0.572391 0.025930 0.014779 0.000023 0.001572 0.000000
0.376097 0.579896 0.026943 0.015373 0.000023 0.001667 0.000000
0.367445 0.586841 0.027985 0.015956 0.000024 0.001748 0.000000
0.360229 0.592575 0.028874 0.016454 0.000023 0.001846 0.000000
0.350659 0.600194 0.030062 0.017118 0.000025 0.001942 0.000000
0.344686 0.604594 0.031032 0.017613 0.000026 0.002049 0.000000
0.337749 0.609632 0.032187 0.018238 0.000028 0.002167 0.000000
0.331147 0.614509 0.033204 0.018834 0.000029 0.002276 0.000000
0.320291 0.623027 0.034539 0.019689 0.000030 0.002424 0.000000
0.317988 0.624345 0.035125 0.019989 0.000032 0.002520 0.000000
0.310733 0.629204 0.036553 0.020802 0.000031 0.002677 0.000000
0.305602 0.632583 0.037583 0.021408 0.000035 0.002789 0.000000
0.297090 0.638845 0.038906 0.022175 0.000035 0.002948 0.000000
0.291789 0.642172 0.040049 0.022832 0.000037 0.003121 0.000000
0.284833 0.646903 0.041349 0.023588 0.000037 0.003290 0.000000
0.281463 0.648740 0.042257 0.024106 0.000041 0.003392 0.000000
0.276819 0.651378 0.043402 0.024769 0.000041 0.003591 0.000000
0.269758 0.656294 0.044631 0.025526 0.000045 0.003746 0.000000
0.264782 0.659237 0.045816 0.026188 0.000047 0.003930 0.000000
0.258996 0.662618 0.047201 0.027002 0.000049 0.004133 0.000000
0.255213 0.664318 0.048418 0.027677 0.000050 0.004323 0.000000
0.248312 0.668771 0.049884 0.028457 0.000053 0.004523 0.000000
0.245186 0.669504 0.051221 0.029234 0.000060 0.004795 0.000000
0.238051 0.674509 0.052450 0.029924 0.000061 0.005004 0.000001
0.230454 0.678936 0.054305 0.030946 0.000064 0.005295 0.000001
0.228323 0.679374 0.055242 0.031522 0.000066 0.005473 0.000001
0.223047 0.682261 0.056656 0.032243 0.000069 0.005722 0.000001
0.220742 0.682641 0.057775 0.032834 0.000071 0.005936 0.000001
0.214745 0.685789 0.059357 0.033818 0.000075 0.006215 0.000001
0.210631 0.687440 0.060777 0.034589 0.000081 0.006481 0.000001
0.207936 0.688299 0.061827 0.035173 0.000082 0.006683 0.000001
0.202981 0.690370 0.063455 0.036128 0.000086 0.006980 0.000001
0.200556 0.690507 0.064774 0.036835 0.000089 0.007239 0.000001
0.195700 0.692926 0.066128 0.037629 0.000096 0.007521 0.000001
0.190488 0.695416 0.067730 0.038427 0.000100 0.007838 0.000001
0.188600 0.694960 0.068893 0.039302 0.000104 0.008141 0.000000
0.184239 0.696626 0.070370 0.040175 0.000111 0.008479 0.000001
0.181505 0.696630 0.071960 0.041045 0.000112 0.008747 0.000001
0.178829 0.697281 0.073123 0.041615 0.000120 0.009030 0.000001
0.176720 0.696791 0.074571 0.042422 0.000121 0.009375 0.000000
0.171614 0.698804 0.076356 0.043418 0.000128 0.009680 0.000000
0.172267 0.696628 0.077207 0.043767 0.000126 0.010004 0.000001
0.168166 0.697826 0.078773 0.044732 0.000135 0.010366 0.000001
0.163859 0.699474 0.080327 0.045506 0.000136 0.010697 0.000000
0.162651 0.697679 0.081866 0.046468 0.000145 0.011191 0.000001
0.157000 0.699945 0.083773 0.047565 0.000142 0.011575 0.000000
0.157376 0.698063 0.084499 0.048081 0.000149 0.011832 0.000000
0.155920 0.697372 0.085648 0.048666 0.000156 0.012237 0.000000
0.151941 0.697770 0.087698 0.049779 0.000157 0.012655 0.000000
0.147835 0.698921 0.089258 0.050693 0.000168 0.013125 0.000001
0.144647 0.699635 0.090638 0.051421 0.000174 0.013485 0.000000
0.144441 0.697315 0.091915 0.052224 0.000178 0.013927 0.000001
0.143242 0.697093 0.092656 0.052651 0.000179 0.014179 0.000001
0.139217 0.696877 0.095004 0.053903 0.000190 0.014808 0.000000
0.141523 0.693561 0.095357 0.054304 0.000187 0.015068 0.000001
0.136661 0.694161 0.097706 0.055585 0.000207 0.015680 0.000001
0.133340 0.695088 0.098934 0.056333 0.000216 0.016088 0.000001
0.137149 0.690173 0.099583 0.056448 0.000217 0.016430 0.000001
0.130757 0.693150 0.101470 0.057559 0.000228 0.016834 0.000001
0.130912 0.690095 0.102975 0.058397 0.000233 0.017387 0.000001
0.131146 0.687703 0.103909 0.059169 0.000227 0.017846 0.000001
0.127417 0.688391 0.105601 0.060007 0.000238 0.018345 0.000001
0.126525 0.687457 0.106589 0.060511 0.000249 0.018669 0.000001
0.125961 0.685233 0.107959 0.061349 0.000253 0.019244 0.000001
0.124510 0.684259 0.109258 0.062022 0.000261 0.019690 0.000001
0.118725 0.686362 0.111179 0.063195 0.000265 0.020272 0.000001
0.121188 0.681687 0.112328 0.063728 0.000273 0.020794 0.000001
0.118510 0.683106 0.112916 0.064162 0.000273 0.021032 0.000001
0.115352 0.682657 0.114800 0.065165 0.000286 0.021740 0.000001
0.113288 0.682504 0.115934 0.065803 0.000292 0.022179 0.000001
0.110898 0.681579 0.117725 0.066726 0.000301 0.022770 0.000002
0.108487 0.680509 0.119686 0.067622 0.000310 0.023385 0.000001
0.106777 0.680629 0.120361 0.068112 0.000313 0.023806 0.000001
0.101497 0.681126 0.122898 0.069600 0.000322 0.024555 0.000001
0.098844 0.681256 0.124247 0.070269 0.000332 0.025050 0.000001
0.103224 0.677341 0.123860 0.070039 0.000325 0.025211 0.000001
0.097550 0.677943 0.126486 0.071466 0.000345 0.026208 0.000001
0.093245 0.677545 0.128965 0.072846 0.000360 0.027038 0.000001
0.092435 0.676907 0.129633 0.073342 0.000356 0.027326 0.000002
0.089041 0.675843 0.131869 0.074568 0.000371 0.028307 0.000001
0.087256 0.675675 0.132926 0.075093 0.000372 0.028676 0.000001
0.084868 0.674707 0.134509 0.076058 0.000387 0.029470 0.000001
0.083936 0.674990 0.134684 0.076234 0.000391 0.029763 0.000001
0.080484 0.674054 0.137066 0.077450 0.000393 0.030552 0.000001
0.078205 0.673660 0.138402 0.078202 0.000404 0.031126 0.000001
0.078557 0.670769 0.139529 0.078919 0.000415 0.031809 0.000001
0.076262 0.669123 0.141536 0.080068 0.000418 0.032591 0.000002
0.073372 0.669283 0.142867 0.080859 0.000431 0.033187 0.000001
0.072174 0.668115 0.144106 0.081378 0.000438 0.033788 0.000001
0.069972 0.666892 0.145678 0.082423 0.000445 0.034588 0.000001
0.065399 0.666375 0.148363 0.083833 0.000466 0.035563 0.000001
0.065093 0.663920 0.149485 0.084718 0.000473 0.036310 0.000001
0.066367 0.662044 0.149720 0.084735 0.000485 0.036649 0.000001
0.066660 0.658764 0.151252 0.085414 0.000488 0.037421 0.000002
0.063198 0.657674 0.153407 0.086757 0.000501 0.038462 0.000001
0.060418 0.658409 0.154476 0.087320 0.000502 0.038874 0.000002
0.060611 0.655316 0.155801 0.087992 0.000507 0.039770 0.000002
0.059315 0.653365 0.157385 0.088848 0.000529 0.040556 0.000003
0.056676 0.651233 0.159727 0.090151 0.000541 0.041669 0.000003
0.056483 0.649492 0.160549 0.090766 0.000539 0.042169 0.000003
0.056712 0.647205 0.161434 0.091323 0.000550 0.042773 0.000003
0.059280 0.644629 0.161391 0.091104 0.000565 0.043029 0.000003
0.059799 0.641443 0.162482 0.091869 0.000570 0.043834 0.000003
0.059261 0.640304 0.163231 0.092312 0.000561 0.044328 0.000003
0.057255 0.638473 0.165019 0.093340 0.000585 0.045324 0.000004
0.058802 0.635446 0.165614 0.093632 0.000581 0.045920 0.000005
0.057955 0.634445 0.166481 0.094029 0.000597 0.046489 0.000005
0.052249 0.633635 0.169589 0.095951 0.000602 0.047969 0.000004
0.051334 0.632354 0.170685 0.096274 0.000621 0.048727 0.000004
0.052129 0.630132 0.171167 0.096827 0.000641 0.049101 0.000004
0.050404 0.627345 0.173231 0.097834 0.000647 0.050533 0.000005
0.051731 0.625571 0.173258 0.097973 0.000653 0.050810 0.000005
0.046793 0.624792 0.176118 0.099406 0.000662 0.052224 0.000004
0.048658 0.624207 0.175310 0.099018 0.000654 0.052148 0.000005
0.045694 0.622962 0.177182 0.100173 0.000684 0.053299 0.000005
0.045277 0.620830 0.178367 0.100741 0.000688 0.054091 0.000006
0.042355 0.619017 0.180514 0.102106 0.000710 0.055294 0.000004
0.043695 0.617696 0.180443 0.101808 0.000704 0.055649 0.000005
0.039508 0.616759 0.182730 0.103393 0.000730 0.056876 0.000005
0.039159 0.615668 0.183329 0.103625 0.000748 0.057467 0.000005
0.036653 0.613011 0.185690 0.105016 0.000746 0.058878 0.000005
0.035519 0.611558 0.186723 0.105747 0.000751 0.059696 0.000006
0.035922 0.610351 0.187093 0.105705 0.000762 0.060162 0.000005
0.034228 0.608714 0.188660 0.106534 0.000774 0.061085 0.000005
0.033710 0.607418 0.189516 0.106785 0.000784 0.061781 0.000005
0.033003 0.604364 0.190935 0.107943 0.000794 0.062955 0.000006
0.030674 0.603568 0.192499 0.108664 0.000805 0.063783 0.000007
0.032303 0.600414 0.193003 0.108889 0.000814 0.064570 0.000007
0.031575 0.598208 0.194154 0.109689 0.000827 0.065541 0.000007
0.030287 0.595242 0.196232 0.110745 0.000842 0.066644 0.000008
0.032148 0.592456 0.196321 0.110762 0.000843 0.067463 0.000007
0.029629 0.590998 0.198153 0.111789 0.000871 0.068553 0.000007
0.029861 0.589723 0.198518 0.112027 0.000868 0.068994 0.000008
0.031296 0.586368 0.199251 0.112533 0.000887 0.069657 0.000007
0.029034 0.584202 0.201182 0.113476 0.000900 0.071200 0.000007
0.029677 0.582953 0.201225 0.113584 0.000901 0.071652 0.000008
0.029912 0.580639 0.202027 0.113946 0.000903 0.072565 0.000008
0.028851 0.578562 0.203311 0.114823 0.000921 0.073525 0.000007
0.028498 0.576797 0.204169 0.115234 0.000939 0.074352 0.000010
0.027966 0.574584 0.205088 0.115910 0.000951 0.075492 0.000009
0.029581 0.572406 0.205302 0.115841 0.000940 0.075921 0.000009
0.030161 0.568941 0.206381 0.116569 0.000958 0.076981 0.000010
0.029028 0.566933 0.207708 0.117187 0.000995 0.078140 0.000010
0.032144 0.565869 0.206442 0.116660 0.000981 0.077895 0.000009
0.028715 0.563170 0.209120 0.118032 0.001006 0.079946 0.000011
0.029787 0.562310 0.208772 0.118012 0.001001 0.080109 0.000007
0.028109 0.559463 0.210790 0.119071 0.001012 0.081543 0.000011
0.028457 0.558230 0.210843 0.119160 0.001013 0.082285 0.000012
0.028798 0.555980 0.211510 0.119576 0.001023 0.083102 0.000011
0.028327 0.554589 0.212140 0.120009 0.001044 0.083880 0.000012
0.029249 0.552009 0.212670 0.120285 0.001059 0.084718 0.000010
0.027574 0.549758 0.214398 0.121101 0.001069 0.086088 0.000011
0.030856 0.546493 0.214168 0.120871 0.001068 0.086532 0.000011
0.031170 0.545061 0.214393 0.121095 0.001090 0.087179 0.000012
0.031664 0.542206 0.215141 0.121649 0.001101 0.088228 0.000010
0.033925 0.538198 0.215756 0.121691 0.001106 0.089314 0.000010
0.033505 0.537905 0.215963 0.121967 0.001109 0.089539 0.000012
0.032173 0.537489 0.216495 0.122402 0.001122 0.090308 0.000011
0.033824 0.533123 0.217344 0.122960 0.001128 0.091611 0.000011
0.034225 0.533239 0.216964 0.122680 0.001148 0.091733 0.000012
0.033123 0.531342 0.218202 0.123217 0.001165 0.092941 0.000010
0.031715 0.529613 0.219423 0.123892 0.001164 0.094182 0.000012
0.033876 0.527407 0.218980 0.123815 0.001162 0.094749 0.000012
0.034043 0.523979 0.220354 0.124309 0.001172 0.096131 0.000013
0.031785 0.524838 0.220860 0.124725 0.001189 0.096589 0.000014
0.030885 0.522153 0.222278 0.125498 0.001201 0.097972 0.000013
0.030155 0.520351 0.223046 0.126059 0.001232 0.099144 0.000014
0.029499 0.519694 0.223414 0.126316 0.001223 0.099841 0.000015
0.026891 0.518354 0.225056 0.127249 0.001256 0.101182 0.000013
0.028417 0.517620 0.224564 0.126817 0.001234 0.101334 0.000014
0.025947 0.514853 0.226577 0.127933 0.001276 0.103399 0.000015
0.026898 0.514484 0.226183 0.127691 0.001266 0.103465 0.000014
0.025403 0.512635 0.227473 0.128375 0.001287 0.104814 0.000015
0.025081 0.511030 0.227980 0.128756 0.001314 0.105823 0.000015
0.024512 0.509462 0.228815 0.129138 0.001309 0.106749 0.000016
0.023235 0.507171 0.229971 0.129884 0.001342 0.108384 0.000014
0.022618 0.506515 0.230205 0.130087 0.001354 0.109204 0.000016
0.021679 0.504456 0.231547 0.130700 0.001363 0.110239 0.000015
0.020677 0.502969 0.232513 0.131051 0.001380 0.111394 0.000016
0.020878 0.502954 0.232443 0.130902 0.001374 0.111432 0.000017
0.020855 0.499248 0.233409 0.131692 0.001400 0.113379 0.000017
0.020147 0.499595 0.233487 0.131760 0.001411 0.113586 0.000015
0.019376 0.496588 0.234912 0.132687 0.001397 0.115026 0.000014
0.018745 0.494509 0.235939 0.133040 0.001421 0.116331 0.000014
0.018587 0.492028 0.236697 0.133585 0.001450 0.117637 0.000016
0.018222 0.491116 0.236957 0.133788 0.001454 0.118447 0.000017
0.018128 0.489004 0.237885 0.134060 0.001473 0.119434 0.000016
0.017501 0.486825 0.238705 0.134640 0.001488 0.120824 0.000017
0.017777 0.485594 0.238894 0.134773 0.001498 0.121449 0.000015
0.016917 0.482915 0.240253 0.135442 0.001491 0.122966 0.000016
0.016664 0.481262 0.240778 0.135890 0.001513 0.123877 0.000016
0.016330 0.479181 0.241675 0.136242 0.001519 0.125036 0.000017
0.016297 0.477727 0.241752 0.136592 0.001541 0.126072 0.000018
0.016295 0.475697 0.242422 0.136818 0.001563 0.127186 0.000018
0.016072 0.474492 0.242624 0.137064 0.001573 0.128158 0.000017
0.015949 0.472272 0.243506 0.137427 0.001595 0.129233 0.000019
0.016226 0.473200 0.242688 0.137079 0.001590 0.129198 0.000019
0.015799 0.469751 0.244010 0.137700 0.001610 0.131110 0.000020
0.015604 0.468016 0.244579 0.138120 0.001616 0.132046 0.000020
0.015550 0.465447 0.245396 0.138551 0.001639 0.133399 0.000017
0.015353 0.463550 0.246281 0.138714 0.001663 0.134420 0.000019
0.015234 0.462067 0.246414 0.139131 0.001687 0.135445 0.000020
0.014967 0.459419 0.247388 0.139603 0.001674 0.136931 0.000018
0.014984 0.458135 0.247572 0.139707 0.001688 0.137894 0.000021
0.015099 0.456349 0.248124 0.139744 0.001712 0.138952 0.000020
0.015140 0.455799 0.247984 0.139758 0.001706 0.139592 0.000021
0.014856 0.453452 0.248889 0.140293 0.001707 0.140779 0.000023
0.014870 0.453124 0.248745 0.140376 0.001708 0.141154 0.000023
0.014841 0.451364 0.249141 0.140457 0.001734 0.142440 0.000023
0.014670 0.448267 0.250045 0.141141 0.001734 0.144120 0.000023
0.014487 0.447156 0.250504 0.141323 0.001762 0.144745 0.000022
0.014426 0.445046 0.251053 0.141603 0.001773 0.146076 0.000022
0.014572 0.444625 0.251087 0.141370 0.001780 0.146541 0.000024
0.014519 0.442672 0.251317 0.142062 0.001797 0.147610 0.000023
0.014431 0.440547 0.252001 0.142161 0.001810 0.149029 0.000021
0.014406 0.439285 0.252364 0.142316 0.001835 0.149768 0.000025
0.014253 0.437969 0.252697 0.142581 0.001834 0.150642 0.000024
0.014353 0.435391 0.253115 0.142707 0.001850 0.152560 0.000023
0.014213 0.434723 0.253273 0.142870 0.001856 0.153040 0.000026
0.014260 0.433070 0.253702 0.143182 0.001856 0.153906 0.000025
0.014185 0.431046 0.254370 0.143408 0.001874 0.155089 0.000028
0.014232 0.429764 0.254542 0.143524 0.001882 0.156032 0.000025
0.014103 0.427931 0.254874 0.143749 0.001910 0.157406 0.000027
0.014001 0.425804 0.255643 0.144055 0.001911 0.158560 0.000026
0.013933 0.424661 0.255661 0.144223 0.001937 0.159559 0.000026
0.013864 0.423023 0.256052 0.144508 0.001927 0.160599 0.000027
0.013945 0.421711 0.256212 0.144520 0.001952 0.161634 0.000026
0.013872 0.420542 0.256668 0.144713 0.001947 0.162233 0.000026
0.013926 0.418056 0.257286 0.144978 0.001978 0.163749 0.000026
0.013868 0.416102 0.257556 0.145307 0.001984 0.165155 0.000028
0.013827 0.415088 0.257619 0.145359 0.002013 0.166064 0.000031
0.013675 0.412911 0.258278 0.145696 0.002030 0.167380 0.000031
0.013872 0.412945 0.258069 0.145573 0.002051 0.167461 0.000030
0.013879 0.411257 0.258320 0.145586 0.002042 0.168888 0.000028
0.013730 0.409752 0.258680 0.145882 0.002079 0.169848 0.000028
0.013674 0.407382 0.259220 0.146280 0.002064 0.171352 0.000028
0.013627 0.406123 0.259460 0.146445 0.002094 0.172222 0.000030
0.013554 0.405389 0.259584 0.146235 0.002080 0.173125 0.000033
0.013469 0.403202 0.260295 0.146602 0.002092 0.174310 0.000031
0.013550 0.401834 0.260333 0.146796 0.002119 0.175338 0.000030
0.013707 0.400039 0.260625 0.146792 0.002106 0.176702 0.000029
0.013435 0.399230 0.260780 0.147228 0.002142 0.177156 0.000029
0.013448 0.397147 0.261248 0.147290 0.002159 0.178676 0.000032
0.013344 0.395500 0.261528 0.147735 0.002164 0.179697 0.000032
0.013447 0.394398 0.261612 0.147544 0.002193 0.180779 0.000027
0.013406 0.392674 0.261977 0.147662 0.002192 0.182060 0.000029
0.013491 0.391757 0.261961 0.147663 0.002212 0.182888 0.000028
0.013723 0.390071 0.261970 0.147899 0.002194 0.184111 0.000033
0.019552 0.386910 0.260436 0.147038 0.002190 0.183841 0.000032
0.018884 0.385444 0.260944 0.147168 0.002212 0.185315 0.000033
0.018796 0.383929 0.261276 0.147487 0.002246 0.186232 0.000034
0.019481 0.383130 0.260906 0.147264 0.002250 0.186936 0.000033
0.019044 0.381806 0.261381 0.147508 0.002269 0.187958 0.000035
0.020275 0.380072 0.261014 0.147383 0.002289 0.188930 0.000036
0.019321 0.379886 0.261610 0.147456 0.002267 0.189424 0.000035
0.018623 0.377887 0.261943 0.147807 0.002298 0.191409 0.000034
0.018777 0.377261 0.261904 0.147734 0.002284 0.192004 0.000036
0.020913 0.375718 0.261191 0.147385 0.002304 0.192452 0.000037
0.019499 0.374582 0.261612 0.147800 0.002325 0.194148 0.000035
0.019275 0.373174 0.262130 0.147807 0.002340 0.195237 0.000036
0.018918 0.373261 0.261835 0.147792 0.002335 0.195822 0.000038
0.018212 0.370632 0.262745 0.148205 0.002371 0.197797 0.000038
0.017802 0.369855 0.262819 0.148188 0.002379 0.198917 0.000040
0.017882 0.369581 0.262623 0.148276 0.002374 0.199223 0.000040
0.017102 0.367942 0.263110 0.148491 0.002368 0.200947 0.000039
0.017095 0.367528 0.262827 0.148632 0.002374 0.201502 0.000041
0.016747 0.364655 0.263634 0.148933 0.002391 0.203596 0.000043
0.016179 0.363747 0.264004 0.148911 0.002434 0.204686 0.000039
0.015555 0.363860 0.264291 0.148943 0.002413 0.204897 0.000041
0.015692 0.362388 0.264192 0.149299 0.002441 0.205947 0.000042
0.015587 0.360102 0.264529 0.149365 0.002474 0.207900 0.000044
0.015481 0.359118 0.264836 0.149269 0.002488 0.208763 0.000044
0.014983 0.357837 0.265014 0.149610 0.002485 0.210027 0.000043
0.014380 0.356050 0.265623 0.149928 0.002488 0.211486 0.000045
0.014657 0.355611 0.265379 0.149859 0.002510 0.211938 0.000046
0.014540 0.354516 0.265356 0.149696 0.002562 0.213286 0.000044
0.014084 0.352183 0.266026 0.150102 0.002553 0.215008 0.000044
0.014254 0.351370 0.265794 0.150157 0.002578 0.215799 0.000047
0.013878 0.348939 0.266651 0.150467 0.002577 0.217446 0.000043
0.013956 0.348882 0.266326 0.150344 0.002568 0.217882 0.000043
0.014061 0.348380 0.266500 0.150162 0.002564 0.218290 0.000043
0.014102 0.346324 0.266596 0.150240 0.002596 0.220098 0.000042
0.013953 0.345640 0.266494 0.150599 0.002643 0.220627 0.000044
0.013699 0.343373 0.267047 0.150685 0.002634 0.222516 0.000045
0.013765 0.342605 0.266948 0.150756 0.002631 0.223250 0.000044
0.013795 0.340932 0.267121 0.150846 0.002670 0.224585 0.000051
0.013828 0.339459 0.267176 0.150768 0.002660 0.226061 0.000048
0.013731 0.340100 0.266930 0.150617 0.002682 0.225892 0.000048
0.013553 0.337557 0.267510 0.150935 0.002697 0.227705 0.000043
0.013372 0.336357 0.267678 0.151049 0.002722 0.228771 0.000050
0.013402 0.335543 0.267681 0.151020 0.002707 0.229600 0.000047
0.013415 0.333676 0.267867 0.150991 0.002727 0.231273 0.000050
0.013329 0.331677 0.268260 0.151177 0.002748 0.232757 0.000052
0.013514 0.331969 0.267613 0.151137 0.002732 0.232984 0.000051
0.013451 0.330172 0.267894 0.151232 0.002736 0.234464 0.000051
0.013480 0.328514 0.268104 0.151341 0.002756 0.235750 0.000056
0.013384 0.326703 0.268403 0.151373 0.002792 0.237290 0.000056
0.013333 0.326294 0.268316 0.151326 0.002757 0.237922 0.000053
0.013364 0.326118 0.268343 0.151287 0.002802 0.238028 0.000057
0.013337 0.324640 0.268418 0.151477 0.002803 0.239267 0.000058
0.013427 0.324242 0.268012 0.151588 0.002823 0.239850 0.000058
0.013249 0.321561 0.268350 0.151543 0.002848 0.242393 0.000055
0.013336 0.320479 0.268429 0.151569 0.002858 0.243270 0.000059
0.013267 0.318748 0.268978 0.151768 0.002865 0.244316 0.000058
0.013240 0.318907 0.268359 0.151723 0.002842 0.244867 0.000062
0.013237 0.316672 0.268825 0.151763 0.002876 0.246565 0.000063
0.013320 0.316939 0.268483 0.151712 0.002899 0.246588 0.000060
0.013514 0.315124 0.268460 0.151630 0.002932 0.248276 0.000063
0.013471 0.314468 0.268322 0.151372 0.002914 0.249388 0.000065
0.013414 0.312572 0.268634 0.151716 0.002937 0.250665 0.000062
0.013305 0.310634 0.269016 0.151705 0.002968 0.252311 0.000061
0.013361 0.310164 0.268810 0.151705 0.002974 0.252921 0.000065
0.013450 0.309742 0.268636 0.151811 0.002938 0.253361 0.000062
0.013466 0.308292 0.268721 0.151842 0.002965 0.254653 0.000061
0.013422 0.307136 0.268782 0.151660 0.003002 0.255930 0.000068
0.013448 0.305806 0.268874 0.151521 0.003014 0.257268 0.000068
0.013438 0.304509 0.268619 0.151829 0.003013 0.258532 0.000060
0.013558 0.303821 0.268651 0.151720 0.003067 0.259118 0.000065
0.013438 0.302859 0.268729 0.151927 0.003073 0.259910 0.000064
0.013493 0.301494 0.268641 0.151844 0.003054 0.261405 0.000069
0.013433 0.299617 0.269012 0.152000 0.003052 0.262818 0.000068
0.013505 0.299131 0.268565 0.151783 0.003043 0.263907 0.000066
0.013545 0.298485 0.268910 0.151750 0.003065 0.264174 0.000073
0.013417 0.298122 0.268679 0.151737 0.003077 0.264899 0.000069
0.013631 0.296234 0.268796 0.151704 0.003128 0.266437 0.000069
0.013625 0.295569 0.268482 0.151641 0.003113 0.267502 0.000068
0.013373 0.294208 0.268668 0.151845 0.003116 0.268721 0.000069
0.013799 0.293081 0.268375 0.151823 0.003138 0.269715 0.000069
0.013510 0.292136 0.268428 0.151627 0.003121 0.271107 0.000071
0.013673 0.290572 0.268638 0.151714 0.003135 0.272195 0.000073
0.013623 0.290487 0.268372 0.151616 0.003161 0.272670 0.000071
0.013764 0.289392 0.268197 0.151572 0.003166 0.273836 0.000073
0.013731 0.288420 0.268317 0.151582 0.003189 0.274686 0.000076
0.013555 0.287435 0.268423 0.151609 0.003202 0.275701 0.000074
0.013568 0.285932 0.268189 0.151446 0.003230 0.277559 0.000076
0.013672 0.285648 0.268320 0.151584 0.003226 0.277474 0.000076
0.013825 0.284664 0.268051 0.151658 0.003247 0.278475 0.000080
0.013751 0.283557 0.267946 0.151504 0.003244 0.279921 0.000078
0.013626 0.281098 0.268009 0.151513 0.003255 0.282421 0.000078
0.013726 0.281274 0.268097 0.151358 0.003275 0.282192 0.000079
0.013774 0.280399 0.267917 0.151109 0.003296 0.283426 0.000080
0.013713 0.279158 0.267783 0.151410 0.003286 0.284571 0.000079
0.013825 0.278580 0.267612 0.151327 0.003265 0.285318 0.000074
0.013858 0.276578 0.267943 0.151122 0.003275 0.287144 0.000080
0.013856 0.276676 0.267511 0.151122 0.003304 0.287453 0.000078
0.013752 0.275732 0.267314 0.151097 0.003282 0.288745 0.000079
0.013852 0.274235 0.267550 0.151012 0.003323 0.289951 0.000078
0.014003 0.273738 0.267444 0.151190 0.003329 0.290212 0.000082
0.013893 0.271972 0.267392 0.151123 0.003363 0.292178 0.000080
0.013917 0.271345 0.267288 0.150911 0.003354 0.293101 0.000084
0.014029 0.271140 0.267106 0.150882 0.003416 0.293349 0.000079
0.013951 0.269733 0.267078 0.150935 0.003410 0.294811 0.000082
0.013959 0.268725 0.267094 0.150837 0.003392 0.295908 0.000084
0.013965 0.267598 0.266813 0.150944 0.003390 0.297200 0.000090
0.013987 0.267181 0.266862 0.150538 0.003417 0.297928 0.000087
0.014083 0.265811 0.266697 0.150526 0.003463 0.299333 0.000087
0.013929 0.265354 0.266447 0.150416 0.003441 0.300322 0.000091
0.014136 0.264467 0.266371 0.150535 0.003440 0.300964 0.000087
0.015030 0.262675 0.266272 0.150222 0.003482 0.302232 0.000088
0.020524 0.261596 0.264526 0.149058 0.003435 0.300775 0.000087
0.020583 0.261271 0.264185 0.149099 0.003450 0.301321 0.000091
0.022586 0.260591 0.263008 0.148544 0.003425 0.301759 0.000087
0.022276 0.259728 0.262907 0.148492 0.003426 0.303080 0.000092
0.022294 0.258883 0.262913 0.148423 0.003433 0.303968 0.000086
0.021274 0.258432 0.263164 0.148733 0.003471 0.304840 0.000087
0.023276 0.257116 0.261887 0.148279 0.003467 0.305886 0.000089
0.021663 0.257704 0.262303 0.148314 0.003500 0.306425 0.000090
0.022009 0.256604 0.261725 0.148181 0.003523 0.307864 0.000095
0.020945 0.256332 0.262453 0.148135 0.003533 0.308507 0.000095
0.021418 0.256135 0.261791 0.147992 0.003577 0.309002 0.000085
0.019945 0.255071 0.262142 0.148156 0.003533 0.311066 0.000088
0.019923 0.254418 0.262177 0.148243 0.003585 0.311568 0.000087
0.017875 0.253229 0.262715 0.148416 0.003601 0.314074 0.000090
0.018784 0.253086 0.262073 0.148029 0.003598 0.314335 0.000095
0.018118 0.251376 0.262216 0.148229 0.003600 0.316364 0.000097
0.018174 0.252096 0.262111 0.148045 0.003597 0.315886 0.000092
0.017820 0.250577 0.262045 0.147970 0.003638 0.317858 0.000092
0.017352 0.249458 0.262138 0.148110 0.003662 0.319184 0.000097
0.017439 0.249024 0.261882 0.147976 0.003653 0.319928 0.000097
0.017127 0.248192 0.262200 0.147807 0.003651 0.320927 0.000096
0.016329 0.246793 0.262351 0.148397 0.003628 0.322409 0.000093
0.016761 0.247109 0.261819 0.147997 0.003684 0.322535 0.000095
0.016857 0.246044 0.261552 0.147802 0.003688 0.323957 0.000099
0.016680 0.245035 0.261733 0.147722 0.003708 0.325019 0.000103
0.015861 0.243613 0.261773 0.148187 0.003707 0.326759 0.000101
0.015615 0.242677 0.261916 0.148045 0.003749 0.327899 0.000098
0.015608 0.241957 0.261916 0.148187 0.003725 0.328504 0.000102
0.015846 0.240628 0.261716 0.147725 0.003740 0.330240 0.000106
0.015680 0.240003 0.261509 0.147638 0.003754 0.331313 0.000104
0.015511 0.238971 0.261745 0.147784 0.003770 0.332112 0.000107
0.015527 0.239239 0.261304 0.147708 0.003790 0.332333 0.000097
0.015556 0.237820 0.261277 0.147521 0.003791 0.333931 0.000104
0.015341 0.236582 0.261351 0.147580 0.003825 0.335219 0.000101
0.015790 0.237058 0.260503 0.147162 0.003793 0.335584 0.000110
0.015566 0.235581 0.260735 0.147367 0.003826 0.336823 0.000102
0.015731 0.235512 0.260186 0.146961 0.003835 0.337666 0.000108
0.015378 0.233410 0.260424 0.147234 0.003882 0.339566 0.000106
0.015749 0.234050 0.260216 0.146796 0.003861 0.339220 0.000109
0.015639 0.233546 0.259807 0.146838 0.003808 0.340257 0.000105
0.015382 0.231963 0.259787 0.146950 0.003884 0.341924 0.000110
0.015587 0.231779 0.259509 0.146799 0.003874 0.342341 0.000111
0.015542 0.229892 0.260003 0.146546 0.003926 0.343983 0.000107
0.015453 0.229474 0.259348 0.146510 0.003947 0.345161 0.000108
0.015478 0.228845 0.259084 0.146382 0.003910 0.346191 0.000110
0.015313 0.228081 0.259468 0.146538 0.003956 0.346532 0.000112
0.015365 0.226870 0.259160 0.146485 0.003929 0.348076 0.000116
0.015490 0.226584 0.258600 0.146267 0.003947 0.349003 0.000109
0.015634 0.225876 0.258607 0.146006 0.003945 0.349818 0.000114
0.015396 0.224161 0.258194 0.146188 0.003953 0.351993 0.000114
0.015509 0.224558 0.258053 0.145733 0.003964 0.352071 0.000112
0.015309 0.222920 0.258096 0.145846 0.004008 0.353707 0.000114
0.015432 0.222514 0.257939 0.145554 0.003999 0.354450 0.000113
0.015470 0.222125 0.257726 0.145533 0.003991 0.355036 0.000119
0.015600 0.221482 0.257490 0.145412 0.004001 0.355902 0.000112
0.015562 0.220573 0.257093 0.145350 0.004011 0.357297 0.000114
0.015557 0.219939 0.257248 0.145353 0.004004 0.357782 0.000117
0.015715 0.219155 0.257138 0.145197 0.004024 0.358660 0.000111
0.015592 0.219029 0.256911 0.145007 0.004015 0.359332 0.000114
0.015832 0.217707 0.256634 0.145020 0.004035 0.360653 0.000118
0.015608 0.217643 0.256695 0.145154 0.004031 0.360746 0.000124
0.015757 0.216218 0.256371 0.144820 0.004057 0.362655 0.000122
0.015774 0.214878 0.255901 0.144554 0.004065 0.364703 0.000125
0.015879 0.214906 0.255794 0.144700 0.004053 0.364549 0.000120
0.015868 0.214318 0.255592 0.144621 0.004096 0.365380 0.000125
0.015701 0.212504 0.255646 0.144535 0.004088 0.367403 0.000123
0.015747 0.211927 0.255521 0.144377 0.004075 0.368227 0.000126
0.015817 0.212293 0.255340 0.144305 0.004139 0.367985 0.000121
0.015882 0.211559 0.255229 0.144333 0.004084 0.368786 0.000126
0.015856 0.210561 0.254839 0.144125 0.004184 0.370308 0.000126
0.016037 0.209840 0.254824 0.143915 0.004133 0.371131 0.000120
0.015974 0.210083 0.254429 0.143774 0.004160 0.371447 0.000132
0.016036 0.209207 0.254262 0.143437 0.004135 0.372795 0.000126
0.016118 0.207659 0.253792 0.143294 0.004178 0.374832 0.000128
0.015946 0.207367 0.253976 0.143580 0.004181 0.374817 0.000133
0.016136 0.206875 0.253546 0.143378 0.004180 0.375756 0.000129
0.016169 0.206340 0.253336 0.143210 0.004179 0.376640 0.000127
0.016064 0.205691 0.253313 0.143104 0.004192 0.377506 0.000130
0.016322 0.204170 0.253115 0.143139 0.004237 0.378885 0.000133
0.016163 0.204613 0.252888 0.142875 0.004223 0.379109 0.000128
0.016224 0.203354 0.252644 0.142608 0.004225 0.380814 0.000130
0.016061 0.203270 0.252637 0.142480 0.004208 0.381213 0.000131
0.016279 0.201526 0.252166 0.142484 0.004256 0.383165 0.000124
0.016150 0.201813 0.252154 0.142554 0.004236 0.382963 0.000129
0.016313 0.200312 0.251704 0.142231 0.004273 0.385031 0.000136
0.016337 0.200493 0.251659 0.142200 0.004254 0.384926 0.000132
0.016384 0.198762 0.251464 0.142360 0.004278 0.386619 0.000133
0.016440 0.199344 0.251054 0.141811 0.004275 0.386946 0.000129
0.016366 0.198638 0.250735 0.142040 0.004331 0.387754 0.000137
0.016654 0.198325 0.250299 0.141388 0.004323 0.388880 0.000131
0.016569 0.197567 0.250248 0.141590 0.004326 0.389558 0.000141
0.016417 0.196767 0.250139 0.141709 0.004279 0.390547 0.000142
0.016555 0.195840 0.249967 0.141193 0.004356 0.391951 0.000138
0.016592 0.194895 0.249658 0.141095 0.004335 0.393282 0.000143
0.016670 0.194687 0.249270 0.140873 0.004352 0.394011 0.000136
0.016774 0.194738 0.249247 0.140705 0.004341 0.394059 0.000135
0.016684 0.193879 0.249078 0.140720 0.004367 0.395136 0.000136
0.016697 0.192395 0.248863 0.140548 0.004372 0.396985 0.000140
0.016744 0.191677 0.248391 0.140475 0.004385 0.398185 0.000142
0.017079 0.190902 0.248269 0.140345 0.004379 0.398878 0.000148
0.016980 0.191893 0.248497 0.140222 0.004390 0.397872 0.000145
0.016927 0.191255 0.247871 0.140235 0.004429 0.399136 0.000147
0.016856 0.190122 0.247501 0.140034 0.004440 0.400903 0.000144
0.016903 0.188950 0.247602 0.139797 0.004400 0.402201 0.000146
0.017017 0.188765 0.247147 0.139787 0.004414 0.402716 0.000153
0.016886 0.188490 0.246914 0.139690 0.004410 0.403465 0.000146
0.017157 0.187905 0.246533 0.139448 0.004423 0.404386 0.000147
0.017083 0.186539 0.246342 0.139400 0.004446 0.406040 0.000149
0.017109 0.186914 0.246482 0.139226 0.004451 0.405671 0.000147
0.017242 0.185725 0.245893 0.139177 0.004432 0.407382 0.000148
0.017156 0.185414 0.246106 0.139000 0.004457 0.407722 0.000145
0.017397 0.184817 0.245213 0.138700 0.004485 0.409238 0.000150
0.017383 0.184316 0.245386 0.138718 0.004459 0.409583 0.000155
0.017192 0.184531 0.245432 0.138537 0.004469 0.409689 0.000150
0.017241 0.183526 0.244922 0.138417 0.004500 0.411240 0.000154
0.017276 0.182476 0.244732 0.138261 0.004538 0.412562 0.000155
0.017437 0.182579 0.244394 0.138147 0.004555 0.412731 0.000159
0.017582 0.181060 0.244271 0.137736 0.004566 0.414639 0.000146
0.017337 0.180766 0.244138 0.137932 0.004523 0.415155 0.000149
0.017608 0.180265 0.243788 0.137649 0.004555 0.415978 0.000157
0.017649 0.179938 0.243599 0.137601 0.004510 0.416549 0.000154
0.017599 0.179207 0.243489 0.137487 0.004516 0.417538 0.000164
0.017614 0.178748 0.243091 0.137331 0.004533 0.418524 0.000159
0.017602 0.178375 0.243014 0.137227 0.004529 0.419089 0.000164
0.017586 0.178185 0.242546 0.137174 0.004554 0.419803 0.000152
0.017504 0.177537 0.242466 0.137019 0.004583 0.420731 0.000161
0.017706 0.176640 0.241928 0.136971 0.004578 0.422017 0.000160
0.017678 0.175703 0.241792 0.136598 0.004630 0.423432 0.000167
0.017906 0.176068 0.241755 0.136164 0.004589 0.423360 0.000159
0.017785 0.175566 0.241178 0.136467 0.004614 0.424225 0.000166
0.018052 0.175429 0.240904 0.136228 0.004593 0.424630 0.000164
0.017946 0.174528 0.240714 0.136130 0.004569 0.425952 0.000161
0.017984 0.173249 0.240398 0.135818 0.004681 0.427702 0.000168
0.017974 0.173396 0.240056 0.135926 0.004649 0.427823 0.000175
0.017987 0.172806 0.239750 0.135756 0.004659 0.428874 0.000167
0.018039 0.171574 0.239485 0.135488 0.004704 0.430545 0.000166
0.018181 0.171775 0.239811 0.135454 0.004660 0.429956 0.000164
0.018076 0.171126 0.239300 0.135094 0.004678 0.431555 0.000171
0.018237 0.171044 0.238851 0.134946 0.004687 0.432071 0.000164
0.018169 0.169499 0.238344 0.134910 0.004729 0.434178 0.000172
0.018183 0.170285 0.238337 0.134744 0.004691 0.433587 0.000172
0.018306 0.169665 0.238268 0.134580 0.004693 0.434312 0.000177
0.018238 0.168777 0.237533 0.134519 0.004675 0.436085 0.000173
0.018425 0.168069 0.237260 0.134332 0.004727 0.437013 0.000174
0.018558 0.167659 0.236993 0.134200 0.004779 0.437637 0.000174
0.018371 0.167215 0.236988 0.134253 0.004711 0.438281 0.000182
0.018518 0.166800 0.236964 0.133911 0.004756 0.438877 0.000174
0.018575 0.166480 0.236297 0.133785 0.004730 0.439958 0.000176
0.018544 0.166178 0.236299 0.133455 0.004757 0.440586 0.000181
0.018753 0.165862 0.236308 0.133667 0.004772 0.440458 0.000179
0.018818 0.165755 0.235482 0.133485 0.004761 0.441525 0.000173
0.018749 0.165310 0.235534 0.133029 0.004793 0.442403 0.000183
0.018936 0.164438 0.235189 0.132974 0.004785 0.443497 0.000181
0.018921 0.163837 0.235010 0.132929 0.004825 0.444301 0.000177
0.019043 0.163287 0.234543 0.132749 0.004814 0.445390 0.000174
0.018819 0.162884 0.234214 0.132667 0.004809 0.446429 0.000178
0.019145 0.162680 0.233828 0.132513 0.004799 0.446854 0.000181
0.019006 0.162622 0.233615 0.132281 0.004834 0.447465 0.000176
0.019075 0.161256 0.233412 0.131983 0.004821 0.449271 0.000182
0.019199 0.161049 0.233131 0.132044 0.004860 0.449536 0.000182
0.019222 0.160896 0.232904 0.131868 0.004833 0.450087 0.000189
0.019035 0.160150 0.232440 0.131717 0.004859 0.451605 0.000194
0.019170 0.160181 0.232361 0.131710 0.004840 0.451551 0.000187
0.019171 0.160211 0.232231 0.131621 0.004834 0.451751 0.000181
0.019208 0.158884 0.232029 0.131260 0.004818 0.453616 0.000185
0.019360 0.158866 0.231842 0.130927 0.004906 0.453915 0.000182
0.019374 0.158198 0.231433 0.130822 0.004852 0.455131 0.000190
0.019263 0.158218 0.231374 0.130803 0.004916 0.455237 0.000188
0.019321 0.157126 0.230889 0.130476 0.004838 0.457154 0.000196
0.019402 0.156406 0.230844 0.130228 0.004860 0.458068 0.000191
0.019494 0.157047 0.230452 0.130478 0.004872 0.457463 0.000194
0.019586 0.155703 0.229889 0.129980 0.004918 0.459735 0.000188
0.019811 0.155505 0.229800 0.130082 0.004907 0.459700 0.000195
0.019727 0.156244 0.229698 0.129739 0.004892 0.459507 0.000192
0.019589 0.154591 0.229221 0.129665 0.004916 0.461823 0.000195
0.019561 0.154074 0.229236 0.129459 0.004929 0.462552 0.000189
0.019854 0.154383 0.229057 0.129195 0.004905 0.462410 0.000197
0.019805 0.153766 0.228522 0.129189 0.004960 0.463569 0.000189
0.019831 0.153578 0.228429 0.129083 0.004915 0.463963 0.000202
0.019856 0.152825 0.228112 0.128811 0.004976 0.465217 0.000203
0.020074 0.152374 0.227778 0.128728 0.004930 0.465919 0.000198
0.020093 0.152483 0.227371 0.128611 0.004972 0.466267 0.000202
0.019954 0.151641 0.227571 0.128375 0.004970 0.467286 0.000204
0.020144 0.151675 0.227079 0.128165 0.004947 0.467785 0.000205
0.019910 0.151506 0.226751 0.128186 0.004909 0.468535 0.000204
0.019904 0.150707 0.226547 0.127910 0.004959 0.469769 0.000203
0.020057 0.150080 0.226226 0.127841 0.005004 0.470592 0.000201
0.020183 0.149913 0.225878 0.127598 0.005000 0.471221 0.000208
0.020063 0.149200 0.225504 0.127344 0.005013 0.472675 0.000201
0.020420 0.149048 0.225417 0.127399 0.004981 0.472527 0.000208
0.020234 0.148731 0.225278 0.127203 0.005024 0.473321 0.000210
0.020298 0.148585 0.224527 0.126919 0.005033 0.474428 0.000211
0.020370 0.148095 0.224299 0.127046 0.005035 0.474944 0.000211
0.020425 0.147366 0.224390 0.126611 0.005039 0.475959 0.000210
0.020620 0.146811 0.223777 0.126388 0.005009 0.477182 0.000214
0.020421 0.146861 0.223847 0.126346 0.005037 0.477271 0.000217
0.020611 0.145906 0.223291 0.126130 0.005025 0.478819 0.000219
0.020585 0.145904 0.223376 0.126059 0.005039 0.478824 0.000213
0.020782 0.145215 0.222771 0.125638 0.005093 0.480290 0.000211
0.020690 0.145013 0.222876 0.125694 0.005069 0.480442 0.000216
0.020703 0.144566 0.222424 0.125472 0.005089 0.481528 0.000219
0.020842 0.144548 0.222068 0.125364 0.005047 0.481903 0.000227
0.021096 0.144138 0.221648 0.125168 0.005048 0.482684 0.000218
0.020789 0.143525 0.221340 0.125072 0.005092 0.483961 0.000222
0.020846 0.143604 0.221340 0.125028 0.005056 0.483897 0.000228
0.020976 0.143548 0.221229 0.124757 0.005110 0.484151 0.000227
0.021067 0.142769 0.220552 0.124537 0.005118 0.485733 0.000223
0.020977 0.142448 0.220516 0.124289 0.005123 0.486421 0.000226
0.021167 0.141964 0.220095 0.124356 0.005126 0.487050 0.000241
0.021065 0.141958 0.219939 0.124057 0.005108 0.487639 0.000234
0.021082 0.141425 0.219734 0.123770 0.005109 0.488639 0.000240
0.021102 0.140906 0.219786 0.123828 0.005095 0.489059 0.000224
0.021248 0.140563 0.219471 0.123681 0.005125 0.489685 0.000228
0.021252 0.140158 0.218539 0.123691 0.005137 0.490995 0.000228
0.021419 0.140157 0.218509 0.123425 0.005159 0.491101 0.000229
0.021372 0.139210 0.217981 0.123148 0.005147 0.492905 0.000238
0.021556 0.139005 0.217841 0.122797 0.005138 0.493425 0.000239
0.021531 0.138626 0.217900 0.123067 0.005119 0.493524 0.000233
0.021561 0.138703 0.217228 0.122812 0.005150 0.494305 0.000240
0.021871 0.138162 0.217005 0.122539 0.005174 0.495015 0.000234
0.021740 0.137859 0.216763 0.122302 0.005171 0.495925 0.000241
0.021682 0.137562 0.216645 0.122471 0.005153 0.496248 0.000238
0.021753 0.137757 0.216369 0.122032 0.005145 0.496711 0.000234
0.021679 0.136476 0.216152 0.121849 0.005205 0.498392 0.000246
0.021949 0.136217 0.215480 0.121717 0.005222 0.499173 0.000242
0.021864 0.135984 0.215394 0.121489 0.005197 0.499835 0.000236
0.021850 0.135928 0.215195 0.121513 0.005227 0.500051 0.000236
0.021925 0.136272 0.215043 0.121457 0.005209 0.499849 0.000245
