0.964480 0.034709 0.000531 0.000272 0.000000 0.000008 0.000000
0.929512 0.068823 0.001071 0.000575 0.000000 0.000019 0.000000
0.920173 0.077897 0.001248 0.000658 0.000000 0.000024 0.000000
0.910503 0.087329 0.001399 0.000743 0.000000 0.000027 0.000000
0.899623 0.097904 0.001596 0.000846 0.000000 0.000031 0.000000
0.886774 0.110380 0.001836 0.000976 0.000000 0.000033 0.000000
0.872215 0.124505 0.002094 0.001145 0.000000 0.000041 0.000000
0.861494 0.134879 0.002305 0.001275 0.000000 0.000046 0.000000
0.846820 0.149110 0.002562 0.001453 0.000000 0.000055 0.000000
0.833471 0.161959 0.002872 0.001629 0.000000 0.000068 0.000000
0.815915 0.178880 0.003231 0.001885 0.000000 0.000090 0.000000
0.802177 0.192099 0.003554 0.002076 0.000000 0.000094 0.000000
0.787288 0.206391 0.003928 0.002284 0.000001 0.000108 0.000000
0.771576 0.221493 0.004321 0.002489 0.000002 0.000119 0.000000
0.755538 0.236837 0.004784 0.002703 0.000002 0.000137 0.000000
0.740848 0.250863 0.005212 0.002924 0.000002 0.000151 0.000000
0.724295 0.266686 0.005668 0.003181 0.000002 0.000168 0.000000
0.708668 0.281569 0.006131 0.003436 0.000003 0.000193 0.000000
0.692066 0.297350 0.006620 0.003750 0.000004 0.000210 0.000000
0.677223 0.311362 0.007137 0.004048 0.000004 0.000227 0.000000
0.661770 0.326010 0.007629 0.004337 0.000005 0.000249 0.000000
0.647637 0.339327 0.008154 0.004609 0.000004 0.000268 0.000000
0.631456 0.354469 0.008780 0.004992 0.000004 0.000300 0.000000
0.616747 0.368223 0.009381 0.005320 0.000004 0.000324 0.000000
0.603427 0.380547 0.009996 0.005669 0.000004 0.000356 0.000000
0.589080 0.393917 0.010598 0.006010 0.000006 0.000389 0.000000
0.575757 0.406186 0.011258 0.006373 0.000006 0.000420 0.000000
0.561907 0.418872 0.011943 0.006809 0.000006 0.000463 0.000000
0.548049 0.431646 0.012607 0.007189 0.000008 0.000501 0.000000
0.535880 0.442684 0.013294 0.007590 0.000008 0.000544 0.000000
0.523203 0.454187 0.013994 0.008018 0.000009 0.000590 0.000000
0.510121 0.466063 0.014750 0.008417 0.000010 0.000639 0.000000
0.497823 0.477054 0.015520 0.008896 0.000011 0.000696 0.000000
0.486511 0.487222 0.016216 0.009302 0.000011 0.000739 0.000000
0.473732 0.498500 0.017136 0.009830 0.000012 0.000789 0.000000
0.462608 0.508263 0.017943 0.010319 0.000013 0.000854 0.000000
0.450689 0.518835 0.018760 0.010800 0.000014 0.000902 0.000000
0.440603 0.527512 0.019593 0.011301 0.000015 0.000975 0.000000
0.429403 0.537093 0.020585 0.011859 0.000017 0.001043 0.000000
0.420166 0.544965 0.021437 0.012294 0.000017 0.001121 0.000000
0.408598 0.554837 0.022452 0.012887 0.000019 0.001206 0.000000
0.400117 0.561903 0.023284 0.013391 0.000020 0.001284 0.000000
0.391555 0.568869 0.024240 0.013953 0.000020 0.001363 0.000000
0.382108 0.576558 0.025318 0.014536 0.000020 0.001460 0.000000
0.372902 0.584129 0.026317 0.015103 0.000021 0.001528 0.000000
0.362544 0.592435 0.027524 0.015812 0.000021 0.001664 0.000000
0.357306 0.596262 0.028412 0.016264 0.000023 0.001733 0.000000
0.347253 0.604287 0.029617 0.016965 0.000024 0.001854 0.000000
0.337470 0.612208 0.030785 0.017555 0.000027 0.001956 0.000000
0.331128 0.616815 0.031792 0.018158 0.000027 0.002080 0.000000
0.325557 0.620759 0.032744 0.018728 0.000029 0.002183 0.000000
0.317735 0.626487 0.033976 0.019443 0.000030 0.002330 0.000000
0.306000 0.635601 0.035544 0.020340 0.000031 0.002484 0.000000
0.301689 0.638231 0.036502 0.020931 0.000034 0.002613 0.000000
0.293340 0.644274 0.037862 0.021714 0.000035 0.002773 0.000000
0.288549 0.647099 0.039069 0.022313 0.000037 0.002933 0.000000
0.280379 0.653128 0.040293 0.023093 0.000037 0.003070 0.000000
0.273275 0.657852 0.041706 0.023859 0.000039 0.003269 0.000000
0.268741 0.660414 0.042918 0.024443 0.000042 0.003442 0.000000
0.264725 0.662559 0.044057 0.025041 0.000043 0.003575 0.000000
0.261229 0.663807 0.045362 0.025780 0.000046 0.003776 0.000000
0.252823 0.669870 0.046663 0.026628 0.000046 0.003970 0.000000
0.253103 0.668125 0.047499 0.027120 0.000050 0.004104 0.000000
0.245852 0.672748 0.049124 0.027910 0.000051 0.004314 0.000000
0.239125 0.676687 0.050686 0.028872 0.000055 0.004575 0.000000
0.239424 0.674822 0.051605 0.029355 0.000055 0.004739 0.000000
0.233088 0.678598 0.053072 0.030198 0.000057 0.004987 0.000000
0.229031 0.680531 0.054298 0.030883 0.000059 0.005199 0.000000
0.225346 0.681811 0.055660 0.031683 0.000064 0.005437 0.000000
0.223839 0.681602 0.056689 0.032179 0.000065 0.005625 0.000000
0.218215 0.684063 0.058487 0.033195 0.000069 0.005970 0.000001
0.216558 0.684216 0.059347 0.033685 0.000070 0.006123 0.000001
0.213671 0.684651 0.060709 0.034506 0.000075 0.006388 0.000001
0.207045 0.687841 0.062689 0.035630 0.000078 0.006715 0.000001
0.207160 0.686374 0.063444 0.036041 0.000080 0.006899 0.000001
0.202826 0.688270 0.064821 0.036840 0.000083 0.007159 0.000001
0.200089 0.688674 0.066076 0.037596 0.000088 0.007477 0.000001
0.197492 0.688364 0.067688 0.038529 0.000089 0.007838 0.000001
0.197278 0.687119 0.068466 0.039012 0.000094 0.008030 0.000000
0.195697 0.686683 0.069606 0.039648 0.000098 0.008267 0.000001
0.187460 0.691119 0.071761 0.040866 0.000102 0.008691 0.000001
0.182943 0.693057 0.073212 0.041668 0.000108 0.009012 0.000001
0.183552 0.691178 0.073883 0.042058 0.000110 0.009218 0.000001
0.182263 0.690240 0.075121 0.042727 0.000116 0.009533 0.000001
0.178292 0.691393 0.076616 0.043656 0.000116 0.009927 0.000000
0.174106 0.693089 0.078020 0.044415 0.000123 0.010247 0.000001
0.167676 0.695956 0.079943 0.045589 0.000129 0.010706 0.000001
0.164056 0.696496 0.081691 0.046509 0.000137 0.011111 0.000001
0.159349 0.698807 0.082960 0.047318 0.000139 0.011427 0.000000
0.160936 0.695749 0.083769 0.047723 0.000138 0.011685 0.000001
0.157939 0.695261 0.085653 0.048853 0.000138 0.012155 0.000001
0.153324 0.697927 0.086717 0.049448 0.000150 0.012433 0.000001
0.149890 0.698061 0.088465 0.050489 0.000151 0.012944 0.000001
0.142972 0.701283 0.090569 0.051599 0.000158 0.013419 0.000001
0.137774 0.703516 0.092211 0.052488 0.000159 0.013851 0.000001
0.133467 0.704053 0.094220 0.053668 0.000166 0.014425 0.000001
0.132083 0.703708 0.095099 0.054214 0.000173 0.014722 0.000001
0.129174 0.703712 0.096650 0.055139 0.000173 0.015151 0.000001
0.122965 0.705695 0.098974 0.056412 0.000181 0.015772 0.000001
0.122316 0.704722 0.099831 0.056837 0.000185 0.016108 0.000001
0.115875 0.706400 0.102439 0.058254 0.000198 0.016833 0.000001
0.111520 0.707983 0.103927 0.059123 0.000204 0.017242 0.000001
0.107150 0.708882 0.105750 0.060205 0.000216 0.017795 0.000001
0.104117 0.707089 0.108345 0.061612 0.000219 0.018616 0.000001
0.100721 0.708450 0.109435 0.062231 0.000226 0.018936 0.000001
0.097695 0.707809 0.111344 0.063346 0.000233 0.019571 0.000001
0.095220 0.707119 0.113070 0.064211 0.000241 0.020136 0.000001
0.096513 0.704369 0.113711 0.064720 0.000250 0.020436 0.000001
0.092328 0.704742 0.115722 0.065769 0.000258 0.021180 0.000001
0.091421 0.702454 0.117315 0.066837 0.000263 0.021709 0.000001
0.091568 0.700039 0.118563 0.067355 0.000270 0.022205 0.000001
0.088028 0.698981 0.121014 0.068709 0.000285 0.022981 0.000001
0.089651 0.697056 0.121058 0.068753 0.000284 0.023197 0.000001
0.086325 0.695640 0.123573 0.070246 0.000297 0.023917 0.000001
0.086846 0.692320 0.125050 0.070903 0.000296 0.024584 0.000001
0.086003 0.690157 0.126448 0.071841 0.000312 0.025239 0.000001
0.087828 0.686451 0.127331 0.072390 0.000303 0.025696 0.000001
0.086822 0.684873 0.128577 0.073105 0.000319 0.026303 0.000001
0.087948 0.681593 0.129735 0.073673 0.000317 0.026734 0.000001
0.086263 0.680617 0.130976 0.074481 0.000326 0.027335 0.000001
0.085544 0.679349 0.131976 0.074937 0.000344 0.027850 0.000001
0.081394 0.678143 0.134771 0.076459 0.000342 0.028889 0.000001
0.085115 0.675620 0.133954 0.076103 0.000349 0.028858 0.000001
0.079033 0.675258 0.137227 0.077994 0.000366 0.030120 0.000002
0.079014 0.673947 0.137898 0.078279 0.000372 0.030489 0.000002
0.074909 0.675100 0.139317 0.079117 0.000381 0.031174 0.000002
0.076037 0.671917 0.140266 0.079684 0.000390 0.031704 0.000002
0.073429 0.670895 0.142157 0.080700 0.000393 0.032423 0.000003
0.070320 0.672172 0.143025 0.081230 0.000400 0.032851 0.000003
0.068673 0.670611 0.144609 0.082066 0.000415 0.033625 0.000002
0.066846 0.668770 0.146425 0.083092 0.000427 0.034438 0.000003
0.064817 0.668229 0.147645 0.083807 0.000435 0.035065 0.000002
0.065155 0.666805 0.148236 0.083950 0.000436 0.035415 0.000003
0.061327 0.665517 0.150673 0.085499 0.000451 0.036530 0.000003
0.059945 0.665264 0.151437 0.085910 0.000464 0.036977 0.000002
0.058457 0.662788 0.153154 0.087050 0.000468 0.038080 0.000002
0.057257 0.661599 0.154343 0.087726 0.000475 0.038596 0.000003
0.056257 0.659193 0.156031 0.088627 0.000475 0.039414 0.000003
0.054827 0.658744 0.156853 0.089057 0.000492 0.040024 0.000003
0.053384 0.656029 0.158990 0.090088 0.000501 0.041005 0.000003
0.049281 0.655580 0.161085 0.091593 0.000508 0.041949 0.000003
0.048671 0.653751 0.162227 0.092186 0.000520 0.042643 0.000002
0.049885 0.650676 0.163040 0.092460 0.000533 0.043402 0.000003
0.050764 0.647807 0.163860 0.093085 0.000543 0.043938 0.000003
0.049617 0.646696 0.164956 0.093590 0.000544 0.044594 0.000004
0.046473 0.645508 0.167111 0.094673 0.000563 0.045670 0.000004
0.046647 0.643035 0.168119 0.095269 0.000571 0.046356 0.000003
0.045372 0.640874 0.169623 0.096274 0.000575 0.047279 0.000003
0.046360 0.638992 0.169976 0.096426 0.000589 0.047654 0.000004
0.042443 0.637965 0.172208 0.097807 0.000613 0.048959 0.000004
0.044518 0.634615 0.172664 0.098132 0.000616 0.049450 0.000005
0.042614 0.633661 0.174038 0.098699 0.000619 0.050364 0.000005
0.041183 0.631775 0.175745 0.099450 0.000638 0.051204 0.000004
0.040409 0.630687 0.176563 0.100049 0.000641 0.051646 0.000004
0.040322 0.627747 0.177715 0.100807 0.000663 0.052742 0.000004
0.041152 0.625430 0.178327 0.101064 0.000658 0.053365 0.000005
0.041051 0.624417 0.178794 0.101307 0.000658 0.053768 0.000005
0.040910 0.621239 0.180220 0.102158 0.000669 0.054800 0.000005
0.038846 0.619655 0.182051 0.102988 0.000688 0.055767 0.000004
0.038302 0.616649 0.183587 0.103944 0.000697 0.056817 0.000004
0.038056 0.615554 0.183877 0.104391 0.000701 0.057416 0.000005
0.038016 0.613593 0.184674 0.104836 0.000711 0.058166 0.000005
0.036932 0.611034 0.186475 0.105666 0.000722 0.059165 0.000005
0.035900 0.609595 0.187436 0.106209 0.000730 0.060125 0.000005
0.033452 0.608564 0.189065 0.107106 0.000749 0.061058 0.000006
0.035606 0.605797 0.189018 0.107206 0.000758 0.061610 0.000006
0.035013 0.604391 0.189913 0.107676 0.000751 0.062250 0.000006
0.031410 0.602235 0.192373 0.109290 0.000777 0.063908 0.000007
0.032133 0.599894 0.193030 0.109563 0.000787 0.064587 0.000006
0.031256 0.598452 0.194079 0.110009 0.000776 0.065421 0.000007
0.033383 0.597426 0.193313 0.109694 0.000808 0.065369 0.000006
0.031435 0.594231 0.195602 0.111020 0.000817 0.066889 0.000005
0.028772 0.593516 0.197148 0.111905 0.000818 0.067834 0.000007
0.028848 0.590843 0.198183 0.112333 0.000830 0.068955 0.000008
0.029606 0.589919 0.198091 0.112232 0.000846 0.069297 0.000008
0.027257 0.588473 0.199877 0.113137 0.000841 0.070407 0.000008
0.026780 0.586446 0.200806 0.113761 0.000872 0.071326 0.000008
0.026942 0.584782 0.201412 0.114069 0.000871 0.071916 0.000008
0.025852 0.582435 0.202650 0.114999 0.000891 0.073165 0.000008
0.025369 0.580613 0.203560 0.115442 0.000886 0.074122 0.000008
0.024608 0.578632 0.204958 0.116009 0.000899 0.074886 0.000008
0.023699 0.575597 0.206411 0.117070 0.000907 0.076308 0.000008
0.023426 0.574193 0.207044 0.117301 0.000926 0.077101 0.000008
0.022794 0.572232 0.208170 0.117804 0.000922 0.078067 0.000010
0.022392 0.570628 0.208895 0.118187 0.000944 0.078944 0.000008
0.022245 0.568731 0.209497 0.118737 0.000943 0.079838 0.000008
0.022383 0.567997 0.209587 0.118877 0.000967 0.080181 0.000009
0.021434 0.564876 0.211356 0.119754 0.000981 0.081591 0.000008
0.021015 0.562201 0.212515 0.120266 0.001005 0.082989 0.000009
0.020801 0.561549 0.212926 0.120430 0.000993 0.083292 0.000009
0.020516 0.558703 0.213957 0.121228 0.001010 0.084578 0.000009
0.023557 0.555069 0.214160 0.121266 0.001020 0.084919 0.000009
0.027846 0.551122 0.213637 0.120940 0.001023 0.085422 0.000009
0.028304 0.548033 0.214566 0.121584 0.001039 0.086466 0.000009
0.031702 0.544807 0.214204 0.121474 0.001041 0.086761 0.000011
0.031806 0.542220 0.215093 0.121946 0.001053 0.087871 0.000011
0.028995 0.542474 0.216101 0.122482 0.001065 0.088873 0.000010
0.030102 0.539724 0.216616 0.122769 0.001083 0.089694 0.000012
0.030025 0.536677 0.217637 0.123490 0.001096 0.091062 0.000014
0.028899 0.536090 0.218355 0.123773 0.001092 0.091779 0.000012
0.031532 0.534177 0.217824 0.123451 0.001086 0.091918 0.000011
0.030109 0.532000 0.219142 0.124108 0.001112 0.093518 0.000011
0.028833 0.530724 0.220128 0.124741 0.001120 0.094441 0.000012
0.030615 0.528609 0.220048 0.124603 0.001118 0.094995 0.000011
0.030304 0.526909 0.220715 0.125016 0.001150 0.095892 0.000013
0.026552 0.525900 0.222572 0.126109 0.001146 0.097709 0.000011
0.027503 0.524972 0.222408 0.125928 0.001146 0.098030 0.000013
0.026755 0.522525 0.223610 0.126589 0.001167 0.099340 0.000014
0.024693 0.522021 0.224546 0.127112 0.001188 0.100427 0.000013
0.024407 0.519704 0.225587 0.127641 0.001219 0.101428 0.000014
0.023067 0.519143 0.226192 0.128176 0.001223 0.102186 0.000012
0.022968 0.518231 0.226478 0.128287 0.001210 0.102813 0.000012
0.021843 0.515603 0.227926 0.129213 0.001242 0.104159 0.000013
0.021863 0.513913 0.228321 0.129137 0.001247 0.105507 0.000012
0.020962 0.511319 0.229598 0.130073 0.001259 0.106776 0.000013
0.020889 0.511859 0.229214 0.129886 0.001274 0.106865 0.000014
0.020517 0.508940 0.230347 0.130434 0.001285 0.108463 0.000013
0.019592 0.507310 0.231445 0.130919 0.001302 0.109419 0.000015
0.019383 0.505544 0.231946 0.131305 0.001314 0.110493 0.000015
0.018826 0.502931 0.233149 0.131896 0.001331 0.111854 0.000013
0.018492 0.501608 0.233768 0.132215 0.001343 0.112559 0.000015
0.018407 0.500238 0.234204 0.132497 0.001342 0.113296 0.000015
0.023851 0.495422 0.233390 0.132000 0.001338 0.113983 0.000015
0.024055 0.495508 0.233165 0.131935 0.001340 0.113981 0.000015
0.022800 0.491826 0.234824 0.132940 0.001362 0.116232 0.000015
0.021751 0.491827 0.235132 0.133143 0.001386 0.116747 0.000015
0.022986 0.489051 0.235690 0.133145 0.001382 0.117733 0.000014
0.023812 0.486675 0.235922 0.133535 0.001408 0.118630 0.000017
0.023321 0.486002 0.236125 0.133510 0.001420 0.119608 0.000014
0.022289 0.484512 0.236939 0.134231 0.001428 0.120586 0.000015
0.022000 0.482239 0.237891 0.134472 0.001450 0.121930 0.000017
0.023802 0.480295 0.237684 0.134354 0.001445 0.122402 0.000017
0.022027 0.478665 0.238854 0.134997 0.001483 0.123957 0.000018
0.022310 0.476863 0.239323 0.135181 0.001482 0.124826 0.000016
0.019701 0.476829 0.240259 0.135781 0.001485 0.125930 0.000015
0.021826 0.473743 0.240073 0.135890 0.001505 0.126944 0.000019
0.021117 0.472600 0.240639 0.135997 0.001492 0.128139 0.000016
0.019564 0.470820 0.241858 0.136667 0.001537 0.129538 0.000017
0.019848 0.470021 0.241769 0.136916 0.001553 0.129876 0.000018
0.019217 0.468110 0.242628 0.137123 0.001541 0.131361 0.000020
0.018573 0.466799 0.243286 0.137558 0.001574 0.132191 0.000019
0.018543 0.465161 0.243920 0.137659 0.001586 0.133112 0.000020
0.018847 0.464217 0.243633 0.137773 0.001589 0.133921 0.000020
0.017724 0.462083 0.244790 0.138363 0.001616 0.135404 0.000020
0.017790 0.461132 0.244989 0.138381 0.001605 0.136083 0.000020
0.016690 0.457725 0.246431 0.139197 0.001646 0.138290 0.000021
0.016641 0.457109 0.246423 0.139513 0.001661 0.138632 0.000021
0.016293 0.455562 0.246814 0.139806 0.001647 0.139853 0.000024
0.016236 0.454177 0.247131 0.140075 0.001645 0.140717 0.000020
0.016281 0.452365 0.247789 0.139960 0.001680 0.141902 0.000023
0.016020 0.449891 0.248474 0.140509 0.001698 0.143386 0.000022
0.015988 0.449802 0.248416 0.140421 0.001688 0.143662 0.000024
0.015758 0.447022 0.249423 0.140911 0.001717 0.145145 0.000024
0.015202 0.445978 0.249805 0.141262 0.001721 0.146009 0.000024
0.015238 0.443667 0.250452 0.141444 0.001755 0.147421 0.000023
0.015070 0.441604 0.250890 0.141814 0.001755 0.148842 0.000025
0.014913 0.440746 0.251175 0.141911 0.001770 0.149460 0.000025
0.014737 0.439262 0.251631 0.142297 0.001775 0.150272 0.000026
0.014842 0.437059 0.251961 0.142681 0.001795 0.151638 0.000024
0.014840 0.434686 0.252583 0.142761 0.001826 0.153280 0.000025
0.014609 0.434319 0.252637 0.142840 0.001814 0.153754 0.000027
0.014454 0.430980 0.253588 0.143443 0.001866 0.155643 0.000027
0.014414 0.431078 0.253370 0.143294 0.001818 0.155998 0.000027
0.018663 0.428016 0.252667 0.142743 0.001857 0.156027 0.000028
0.021050 0.424813 0.252578 0.142716 0.001863 0.156952 0.000028
0.021030 0.422115 0.253257 0.143166 0.001863 0.158541 0.000028
0.018807 0.422234 0.253695 0.143519 0.001904 0.159813 0.000028
0.021294 0.419638 0.253461 0.143408 0.001910 0.160257 0.000032
0.019760 0.419922 0.253770 0.143551 0.001894 0.161073 0.000029
0.019989 0.417530 0.254341 0.143845 0.001925 0.162343 0.000028
0.026503 0.414565 0.252392 0.142822 0.001897 0.161793 0.000028
0.028729 0.412832 0.251630 0.142305 0.001939 0.162535 0.000030
0.024452 0.411509 0.253762 0.143513 0.001949 0.164784 0.000032
0.027797 0.411093 0.252255 0.142766 0.001951 0.164106 0.000032
0.026966 0.410000 0.252850 0.142788 0.001971 0.165394 0.000032
0.026599 0.408517 0.253095 0.143135 0.001941 0.166681 0.000032
0.025077 0.407964 0.253592 0.143482 0.001968 0.167884 0.000033
0.025133 0.406904 0.253741 0.143520 0.002007 0.168663 0.000033
0.024981 0.405909 0.253830 0.143497 0.001990 0.169757 0.000036
0.024524 0.405346 0.254061 0.143643 0.002015 0.170376 0.000036
0.022003 0.404438 0.255059 0.144334 0.002034 0.172093 0.000039
0.023730 0.402372 0.254667 0.144130 0.002042 0.173022 0.000037
0.021713 0.401217 0.255768 0.144863 0.002057 0.174345 0.000037
0.022084 0.400201 0.255742 0.144711 0.002071 0.175152 0.000038
0.020366 0.398295 0.256781 0.145163 0.002093 0.177264 0.000038
0.019103 0.398656 0.257003 0.145438 0.002088 0.177674 0.000038
0.019226 0.397560 0.257163 0.145503 0.002110 0.178398 0.000041
0.017656 0.395119 0.258382 0.146105 0.002117 0.180582 0.000039
0.017996 0.394589 0.258372 0.145929 0.002130 0.180943 0.000040
0.017665 0.392007 0.258940 0.146359 0.002174 0.182816 0.000039
0.017346 0.391908 0.258804 0.146254 0.002152 0.183494 0.000043
0.017399 0.389913 0.258871 0.146492 0.002182 0.185099 0.000044
0.016509 0.388968 0.259426 0.146912 0.002210 0.185931 0.000043
0.016380 0.387887 0.259631 0.146835 0.002221 0.187003 0.000044
0.021406 0.385133 0.258483 0.146070 0.002206 0.186659 0.000043
0.020062 0.382939 0.259560 0.146589 0.002255 0.188550 0.000045
0.021779 0.381203 0.259127 0.146426 0.002240 0.189180 0.000045
0.021569 0.379666 0.259515 0.146559 0.002241 0.190409 0.000042
0.022716 0.379105 0.258976 0.146192 0.002265 0.190701 0.000045
0.025481 0.376343 0.258086 0.146219 0.002258 0.191573 0.000040
0.026709 0.373971 0.258567 0.145911 0.002243 0.192553 0.000046
0.027485 0.373547 0.257835 0.145810 0.002284 0.192990 0.000049
0.027606 0.371246 0.258299 0.145920 0.002302 0.194583 0.000044
0.026814 0.371451 0.258648 0.146002 0.002297 0.194742 0.000046
0.027227 0.370493 0.258063 0.146080 0.002296 0.195797 0.000043
0.026398 0.369035 0.258940 0.146289 0.002310 0.196982 0.000046
0.028916 0.369086 0.257369 0.145318 0.002316 0.196944 0.000050
0.025589 0.368194 0.258554 0.146364 0.002347 0.198904 0.000048
0.023894 0.366096 0.259615 0.146930 0.002323 0.201092 0.000050
0.025732 0.365738 0.258899 0.146320 0.002382 0.200881 0.000050
0.025281 0.366213 0.258628 0.146296 0.002340 0.201196 0.000047
0.021849 0.363215 0.260778 0.147323 0.002390 0.204394 0.000051
0.021768 0.363611 0.260307 0.147166 0.002383 0.204709 0.000054
0.021434 0.362733 0.260349 0.147106 0.002415 0.205911 0.000053
0.021704 0.360627 0.260529 0.147238 0.002397 0.207455 0.000050
0.020453 0.360848 0.260876 0.147505 0.002426 0.207843 0.000050
0.019930 0.359938 0.261004 0.147434 0.002409 0.209235 0.000050
0.017516 0.357337 0.262551 0.148290 0.002471 0.211781 0.000054
0.018544 0.355407 0.262559 0.148231 0.002482 0.212723 0.000054
0.017869 0.356086 0.262481 0.148200 0.002480 0.212833 0.000051
0.017462 0.354653 0.262571 0.148434 0.002485 0.214340 0.000054
0.016754 0.352520 0.263122 0.148984 0.002511 0.216056 0.000053
0.016505 0.351286 0.263496 0.148987 0.002512 0.217160 0.000055
0.016008 0.351391 0.263317 0.148940 0.002526 0.217763 0.000055
0.016073 0.349333 0.263611 0.148828 0.002518 0.219581 0.000056
0.015279 0.347954 0.264486 0.149520 0.002569 0.220133 0.000059
0.014386 0.345590 0.265146 0.149884 0.002543 0.222394 0.000057
0.015351 0.345442 0.264382 0.149576 0.002588 0.222607 0.000054
0.015065 0.343551 0.264909 0.149844 0.002591 0.223984 0.000056
0.014758 0.343251 0.264979 0.149623 0.002575 0.224754 0.000060
0.014616 0.340928 0.265328 0.150113 0.002610 0.226346 0.000060
0.014492 0.338816 0.265686 0.150172 0.002630 0.228140 0.000063
0.014456 0.339151 0.265427 0.149920 0.002633 0.228356 0.000057
0.014450 0.337814 0.265613 0.149896 0.002622 0.229547 0.000058
0.014419 0.336434 0.265639 0.150012 0.002655 0.230781 0.000059
0.014153 0.335131 0.265767 0.150222 0.002677 0.231990 0.000061
0.013955 0.332433 0.266556 0.150455 0.002711 0.233829 0.000062
0.013831 0.332045 0.266435 0.150205 0.002685 0.234737 0.000061
0.013932 0.331128 0.266496 0.150387 0.002701 0.235292 0.000065
0.013501 0.328785 0.266971 0.150664 0.002728 0.237288 0.000062
0.013951 0.328725 0.266355 0.150399 0.002738 0.237768 0.000065
0.013629 0.326870 0.266720 0.150563 0.002776 0.239381 0.000061
0.013886 0.325964 0.266609 0.150543 0.002774 0.240159 0.000065
0.013813 0.323950 0.267025 0.150887 0.002759 0.241499 0.000068
0.013684 0.323536 0.267051 0.150761 0.002793 0.242111 0.000065
0.013483 0.322011 0.267150 0.150924 0.002799 0.243564 0.000070
0.013586 0.321435 0.267130 0.150781 0.002788 0.244213 0.000067
0.013517 0.319866 0.267324 0.150978 0.002819 0.245427 0.000069
0.013652 0.319012 0.266928 0.150803 0.002849 0.246690 0.000066
0.013362 0.317706 0.267289 0.151231 0.002828 0.247514 0.000070
0.013586 0.316815 0.267454 0.150902 0.002860 0.248316 0.000067
0.013723 0.315171 0.267347 0.151092 0.002869 0.249726 0.000072
0.013436 0.313911 0.267563 0.151098 0.002874 0.251043 0.000075
0.013437 0.313423 0.267312 0.151012 0.002933 0.251812 0.000071
0.013818 0.312692 0.266952 0.150969 0.002908 0.252591 0.000071
0.013543 0.311270 0.267401 0.150887 0.002929 0.253895 0.000075
0.013411 0.308998 0.267944 0.151177 0.002954 0.255441 0.000075
0.013514 0.308628 0.267614 0.151109 0.002916 0.256142 0.000078
0.013389 0.306757 0.267746 0.151290 0.002973 0.257766 0.000078
0.013461 0.306996 0.267637 0.151100 0.002948 0.257782 0.000077
0.013341 0.304199 0.268200 0.151193 0.003004 0.259986 0.000078
0.013646 0.304906 0.267435 0.150882 0.002979 0.260074 0.000077
0.013403 0.303124 0.267877 0.151193 0.003023 0.261304 0.000077
0.013415 0.301562 0.267788 0.151186 0.003043 0.262930 0.000076
0.013364 0.300848 0.267712 0.151146 0.003048 0.263803 0.000079
0.013476 0.299956 0.267699 0.151179 0.003072 0.264541 0.000078
0.013305 0.298125 0.267621 0.151218 0.003069 0.266587 0.000075
0.013520 0.298896 0.267278 0.150764 0.003074 0.266385 0.000083
0.013495 0.297700 0.267070 0.151046 0.003120 0.267490 0.000079
0.013363 0.295165 0.267847 0.151039 0.003107 0.269398 0.000081
0.013435 0.294702 0.267566 0.150931 0.003109 0.270179 0.000078
0.013439 0.293914 0.267277 0.150737 0.003140 0.271413 0.000079
0.013352 0.292834 0.267514 0.151150 0.003112 0.271954 0.000084
0.013350 0.292602 0.267594 0.150812 0.003119 0.272445 0.000076
0.013461 0.290818 0.267556 0.151067 0.003150 0.273864 0.000083
0.013534 0.290178 0.267093 0.150909 0.003159 0.275046 0.000081
0.013525 0.288276 0.267579 0.150950 0.003172 0.276415 0.000083
0.013592 0.288601 0.266877 0.150762 0.003215 0.276864 0.000089
0.013579 0.286766 0.267004 0.151009 0.003182 0.278376 0.000084
0.013440 0.285243 0.267287 0.150960 0.003231 0.279757 0.000082
0.013476 0.283272 0.267529 0.150979 0.003201 0.281461 0.000082
0.013594 0.282916 0.267298 0.151055 0.003212 0.281845 0.000081
0.013517 0.282191 0.267312 0.151083 0.003212 0.282601 0.000084
0.013553 0.280802 0.267267 0.150908 0.003240 0.284145 0.000085
0.013664 0.280156 0.267031 0.150821 0.003240 0.285005 0.000084
0.013558 0.278962 0.267293 0.150608 0.003268 0.286218 0.000092
0.013550 0.278154 0.267054 0.150713 0.003266 0.287177 0.000085
0.013611 0.277379 0.266812 0.150711 0.003281 0.288119 0.000087
0.013574 0.276917 0.266960 0.150489 0.003315 0.288657 0.000087
0.013655 0.276012 0.266430 0.150633 0.003286 0.289895 0.000088
0.013608 0.273995 0.266951 0.150612 0.003320 0.291424 0.000090
0.013697 0.273747 0.266663 0.150631 0.003307 0.291868 0.000087
0.013695 0.272795 0.266616 0.150593 0.003337 0.292875 0.000090
0.013687 0.271963 0.266505 0.150390 0.003337 0.294025 0.000094
0.013794 0.271849 0.266166 0.150421 0.003349 0.294328 0.000093
0.013559 0.270211 0.266352 0.150470 0.003390 0.295932 0.000085
0.013762 0.268716 0.266482 0.150282 0.003387 0.297279 0.000093
0.013857 0.269034 0.265923 0.150228 0.003363 0.297506 0.000088
0.013847 0.267489 0.265817 0.150361 0.003421 0.298976 0.000089
0.013804 0.265728 0.265944 0.150241 0.003403 0.300787 0.000093
0.013934 0.265530 0.265741 0.149996 0.003419 0.301289 0.000092
0.013805 0.265095 0.265541 0.150071 0.003433 0.301963 0.000093
0.013871 0.263356 0.265766 0.150005 0.003471 0.303436 0.000096
0.013904 0.262706 0.265443 0.149837 0.003453 0.304558 0.000098
0.013962 0.262069 0.265487 0.150058 0.003465 0.304860 0.000099
0.013856 0.260968 0.265236 0.149781 0.003500 0.306565 0.000094
0.013886 0.259883 0.265324 0.149830 0.003501 0.307478 0.000098
0.014026 0.258786 0.265162 0.149536 0.003513 0.308877 0.000099
0.014041 0.257637 0.265259 0.149894 0.003504 0.309568 0.000098
0.014103 0.256967 0.265187 0.149551 0.003556 0.310536 0.000101
0.014051 0.256444 0.264696 0.149465 0.003569 0.311676 0.000099
0.013914 0.255693 0.264652 0.149427 0.003513 0.312708 0.000094
0.014050 0.255411 0.264530 0.149414 0.003559 0.312932 0.000104
0.014079 0.254246 0.264538 0.149597 0.003570 0.313868 0.000101
0.014080 0.252954 0.264550 0.149330 0.003586 0.315395 0.000104
0.014106 0.251762 0.264356 0.149106 0.003609 0.316961 0.000101
0.014098 0.252228 0.264080 0.149128 0.003611 0.316754 0.000101
0.014241 0.250077 0.264115 0.149202 0.003616 0.318648 0.000100
0.014216 0.249018 0.264079 0.148929 0.003602 0.320050 0.000106
0.014212 0.248580 0.263813 0.148896 0.003628 0.320765 0.000105
0.014225 0.247072 0.263889 0.148896 0.003624 0.322189 0.000106
0.014245 0.246280 0.263591 0.148813 0.003643 0.323320 0.000108
0.014338 0.246730 0.263469 0.148910 0.003645 0.322800 0.000109
0.014309 0.245048 0.263340 0.148634 0.003666 0.324893 0.000110
0.014468 0.244685 0.262843 0.148605 0.003678 0.325614 0.000106
0.014393 0.243343 0.263141 0.148593 0.003646 0.326772 0.000112
0.014462 0.243756 0.262600 0.148236 0.003703 0.327134 0.000109
0.014403 0.241254 0.262829 0.148536 0.003677 0.329187 0.000114
0.014446 0.241419 0.262447 0.148273 0.003706 0.329598 0.000112
0.014398 0.240635 0.262624 0.148125 0.003723 0.330378 0.000116
0.014434 0.240076 0.262081 0.148299 0.003715 0.331282 0.000113
0.014424 0.239411 0.262162 0.148071 0.003744 0.332067 0.000122
0.014478 0.238484 0.261900 0.147890 0.003777 0.333356 0.000116
0.014542 0.236838 0.261931 0.147888 0.003767 0.334919 0.000114
0.014499 0.236966 0.261793 0.147825 0.003770 0.335033 0.000115
0.014608 0.235018 0.261685 0.147658 0.003797 0.337119 0.000115
0.014593 0.235208 0.261424 0.147553 0.003808 0.337295 0.000118
0.014620 0.233496 0.261509 0.147486 0.003819 0.338955 0.000116
0.014525 0.232998 0.261284 0.147537 0.003854 0.339688 0.000115
0.014599 0.232843 0.261111 0.147342 0.003832 0.340155 0.000118
0.014619 0.231463 0.260849 0.147352 0.003859 0.341741 0.000116
0.014742 0.231311 0.260342 0.147201 0.003846 0.342436 0.000122
0.014708 0.230436 0.260624 0.147304 0.003807 0.343009 0.000113
0.014663 0.229262 0.260457 0.146950 0.003870 0.344680 0.000118
0.014733 0.229161 0.260047 0.146912 0.003861 0.345166 0.000119
0.015078 0.228058 0.259837 0.146720 0.003868 0.346323 0.000117
0.014937 0.227696 0.259923 0.146804 0.003875 0.346640 0.000124
0.015060 0.226910 0.259407 0.146655 0.003876 0.347972 0.000118
0.014937 0.226157 0.259594 0.146657 0.003880 0.348651 0.000123
0.014837 0.225300 0.259257 0.146594 0.003887 0.350004 0.000121
0.014967 0.224774 0.259050 0.146329 0.003907 0.350856 0.000118
0.014893 0.223571 0.259103 0.146291 0.003923 0.352095 0.000124
0.015021 0.223745 0.258620 0.146033 0.003923 0.352533 0.000126
0.014945 0.223042 0.258490 0.146013 0.003994 0.353385 0.000131
0.014973 0.221593 0.258352 0.145832 0.003992 0.355129 0.000130
0.015264 0.220105 0.258149 0.145900 0.003970 0.356489 0.000125
0.015078 0.220805 0.257982 0.145623 0.003972 0.356414 0.000127
0.015084 0.219063 0.258023 0.145615 0.004005 0.358082 0.000129
0.015189 0.218997 0.257623 0.145559 0.003981 0.358524 0.000127
0.015110 0.217604 0.257534 0.145459 0.003990 0.360176 0.000127
0.015220 0.217350 0.256964 0.145352 0.004037 0.360947 0.000130
0.015284 0.216626 0.256997 0.145309 0.004017 0.361631 0.000135
0.015301 0.215990 0.257111 0.145006 0.004034 0.362418 0.000139
0.015323 0.215292 0.256806 0.145035 0.004040 0.363376 0.000128
0.015316 0.214364 0.256504 0.144689 0.004057 0.364931 0.000139
0.015463 0.213985 0.256185 0.144889 0.004075 0.365271 0.000132
0.015228 0.214332 0.256107 0.144685 0.004049 0.365466 0.000132
0.015560 0.213281 0.255947 0.144661 0.004060 0.366358 0.000134
0.015548 0.211918 0.255465 0.144318 0.004102 0.368515 0.000134
0.015373 0.212054 0.255420 0.144334 0.004112 0.368577 0.000131
0.015576 0.210371 0.255022 0.144195 0.004124 0.370583 0.000129
0.015569 0.209571 0.255469 0.144172 0.004111 0.370971 0.000137
0.015547 0.208903 0.254867 0.144093 0.004124 0.372325 0.000140
0.015612 0.208843 0.254714 0.143838 0.004136 0.372725 0.000133
0.015731 0.207661 0.254473 0.143664 0.004157 0.374176 0.000138
0.015534 0.207165 0.254237 0.143504 0.004146 0.375274 0.000141
0.015565 0.205953 0.253951 0.143450 0.004172 0.376767 0.000141
0.015693 0.205881 0.253873 0.143428 0.004137 0.376847 0.000142
0.015606 0.204538 0.253533 0.143145 0.004219 0.378825 0.000135
0.015699 0.204711 0.253657 0.143156 0.004179 0.378455 0.000144
0.015733 0.204407 0.253303 0.142956 0.004181 0.379273 0.000147
0.015742 0.203588 0.252917 0.142859 0.004184 0.380568 0.000142
0.015823 0.202936 0.253069 0.142988 0.004187 0.380855 0.000142
0.015989 0.201796 0.252363 0.142430 0.004198 0.383082 0.000142
0.015976 0.201545 0.252274 0.142589 0.004256 0.383214 0.000145
0.015955 0.201724 0.252257 0.142349 0.004210 0.383361 0.000144
0.016034 0.199634 0.251843 0.142315 0.004271 0.385755 0.000149
0.016047 0.199026 0.251456 0.142043 0.004249 0.387034 0.000144
0.016048 0.199035 0.251206 0.141940 0.004278 0.387346 0.000148
0.016049 0.197532 0.251287 0.141700 0.004260 0.389025 0.000146
0.016253 0.198028 0.250716 0.141450 0.004306 0.389095 0.000153
0.016164 0.196859 0.250793 0.141520 0.004291 0.390224 0.000149
0.016336 0.196602 0.250550 0.141602 0.004260 0.390497 0.000152
0.016192 0.195843 0.250133 0.141294 0.004269 0.392123 0.000146
0.016280 0.195325 0.250129 0.141060 0.004309 0.392754 0.000143
0.016453 0.195180 0.249807 0.141071 0.004315 0.393026 0.000147
0.016351 0.193573 0.249535 0.140918 0.004364 0.395106 0.000154
0.016511 0.193791 0.249207 0.140931 0.004347 0.395063 0.000150
0.016317 0.193091 0.249162 0.140647 0.004350 0.396276 0.000155
0.016429 0.192506 0.248898 0.140724 0.004373 0.396922 0.000149
0.016549 0.191521 0.248441 0.140284 0.004410 0.398643 0.000152
0.016375 0.191101 0.248430 0.140289 0.004367 0.399284 0.000153
0.016670 0.190283 0.247935 0.140232 0.004360 0.400366 0.000154
0.016673 0.189238 0.247738 0.140002 0.004388 0.401805 0.000157
0.016682 0.189699 0.248035 0.140017 0.004396 0.401015 0.000157
0.016624 0.188712 0.247517 0.139696 0.004445 0.402845 0.000161
0.016860 0.188652 0.247287 0.139673 0.004418 0.402950 0.000160
0.016728 0.187465 0.246857 0.139360 0.004414 0.405019 0.000157
0.016628 0.187352 0.246837 0.139472 0.004404 0.405144 0.000163
0.016789 0.186898 0.246488 0.139177 0.004454 0.406033 0.000161
0.016907 0.186297 0.246477 0.138854 0.004424 0.406881 0.000159
0.016792 0.186199 0.246388 0.138979 0.004437 0.407058 0.000148
0.016951 0.185080 0.245870 0.138815 0.004414 0.408706 0.000164
0.016914 0.184163 0.245354 0.138715 0.004480 0.410211 0.000162
0.017117 0.183627 0.245357 0.138306 0.004522 0.410906 0.000165
0.017033 0.183398 0.245023 0.138582 0.004456 0.411352 0.000156
0.017039 0.182560 0.245085 0.138239 0.004499 0.412417 0.000161
0.017099 0.182646 0.244471 0.138120 0.004517 0.412982 0.000166
0.017303 0.181318 0.244239 0.138096 0.004538 0.414338 0.000168
0.016944 0.181230 0.243972 0.137939 0.004520 0.415237 0.000159
0.017295 0.181345 0.243865 0.137665 0.004495 0.415169 0.000166
0.017251 0.180021 0.243496 0.137534 0.004544 0.416994 0.000161
0.017295 0.179608 0.243307 0.137383 0.004558 0.417683 0.000167
0.017252 0.179497 0.243234 0.137199 0.004568 0.418084 0.000167
0.017312 0.178052 0.242647 0.137110 0.004572 0.420139 0.000168
0.017353 0.178364 0.242824 0.137056 0.004564 0.419671 0.000168
0.017508 0.177924 0.242619 0.136712 0.004565 0.420501 0.000171
0.017514 0.177436 0.242315 0.136781 0.004613 0.421165 0.000177
0.017434 0.176410 0.242157 0.136594 0.004568 0.422664 0.000172
0.017366 0.176317 0.241983 0.136612 0.004596 0.422955 0.000171
0.017561 0.175627 0.241365 0.136404 0.004622 0.424250 0.000171
0.017558 0.174265 0.241387 0.136115 0.004593 0.425908 0.000173
0.017571 0.173902 0.240757 0.135861 0.004683 0.427054 0.000173
0.017540 0.173529 0.241109 0.135869 0.004617 0.427167 0.000167
0.017632 0.173321 0.240517 0.135680 0.004630 0.428047 0.000175
0.017655 0.172861 0.240510 0.135648 0.004635 0.428505 0.000186
0.017875 0.172227 0.240048 0.135272 0.004674 0.429727 0.000177
0.017846 0.171662 0.239870 0.135408 0.004715 0.430323 0.000177
0.017656 0.171544 0.239630 0.135328 0.004713 0.430951 0.000178
0.017858 0.170770 0.239437 0.134849 0.004691 0.432220 0.000176
0.017802 0.170458 0.239244 0.135018 0.004730 0.432570 0.000177
0.017965 0.169346 0.238733 0.134495 0.004749 0.434533 0.000180
0.018080 0.168788 0.238509 0.134497 0.004732 0.435215 0.000178
0.017982 0.168708 0.238458 0.134540 0.004684 0.435445 0.000183
0.018017 0.168222 0.237855 0.134366 0.004768 0.436596 0.000176
0.018051 0.168501 0.237697 0.134177 0.004705 0.436691 0.000177
0.018156 0.167315 0.237498 0.133918 0.004719 0.438214 0.000180
0.018012 0.167299 0.237456 0.133914 0.004729 0.438400 0.000190
0.018366 0.166162 0.237074 0.133759 0.004779 0.439673 0.000187
0.018277 0.166104 0.236632 0.133565 0.004798 0.440436 0.000188
0.018202 0.165468 0.236602 0.133366 0.004789 0.441389 0.000185
0.018272 0.165350 0.236201 0.133243 0.004766 0.441975 0.000194
0.018395 0.164328 0.236045 0.133199 0.004763 0.443079 0.000191
0.018429 0.164755 0.235661 0.133207 0.004773 0.442983 0.000191
0.018459 0.164030 0.235433 0.133010 0.004752 0.444126 0.000190
0.018667 0.163336 0.235075 0.132771 0.004806 0.445151 0.000195
0.018379 0.162816 0.234765 0.132465 0.004848 0.446532 0.000195
0.018496 0.162328 0.234587 0.132382 0.004816 0.447190 0.000200
0.018550 0.161986 0.234542 0.132364 0.004850 0.447519 0.000189
0.018574 0.161359 0.233950 0.132091 0.004857 0.448983 0.000186
0.018552 0.160995 0.233629 0.132018 0.004841 0.449772 0.000193
0.018717 0.160704 0.233330 0.131893 0.004864 0.450297 0.000194
0.018830 0.160424 0.233245 0.131684 0.004872 0.450741 0.000205
0.018723 0.160246 0.233041 0.131515 0.004821 0.451454 0.000200
0.018908 0.159527 0.232608 0.131419 0.004856 0.452488 0.000194
0.019063 0.159376 0.232563 0.131398 0.004846 0.452555 0.000200
0.018770 0.158279 0.232168 0.131078 0.004904 0.454604 0.000197
0.018879 0.158560 0.231961 0.130990 0.004846 0.454571 0.000194
0.018953 0.158159 0.231684 0.130801 0.004877 0.455319 0.000206
0.018796 0.157542 0.231689 0.130567 0.004882 0.456322 0.000202
0.018967 0.157465 0.231238 0.130738 0.004873 0.456517 0.000202
0.019259 0.155814 0.230702 0.130255 0.004911 0.458857 0.000202
0.019240 0.156153 0.230662 0.130179 0.004924 0.458638 0.000204
0.019187 0.155289 0.230289 0.130099 0.004929 0.460005 0.000201
0.019279 0.154990 0.229960 0.129924 0.004910 0.460727 0.000210
0.019313 0.154346 0.229786 0.129604 0.004920 0.461816 0.000215
0.019260 0.154610 0.229510 0.129640 0.004936 0.461837 0.000207
0.019398 0.154427 0.229508 0.129318 0.004942 0.462200 0.000207
0.019262 0.153841 0.229131 0.129359 0.004974 0.463221 0.000211
0.019387 0.152952 0.228787 0.129141 0.004978 0.464545 0.000210
0.019623 0.152638 0.228002 0.129065 0.004957 0.465499 0.000215
0.019539 0.152295 0.228537 0.128670 0.004956 0.465790 0.000213
0.019602 0.151984 0.228146 0.128587 0.004988 0.466475 0.000219
0.019791 0.150924 0.227648 0.128402 0.004982 0.468038 0.000215
0.019675 0.151561 0.227454 0.128472 0.004984 0.467635 0.000219
0.019631 0.150896 0.227135 0.128168 0.004972 0.468978 0.000220
0.019670 0.150791 0.227022 0.128184 0.004962 0.469154 0.000218
0.019878 0.150268 0.226559 0.127984 0.004998 0.470092 0.000221
0.019704 0.149537 0.226293 0.127629 0.004987 0.471629 0.000221
0.019723 0.149286 0.226240 0.127573 0.004995 0.471960 0.000224
0.019848 0.149447 0.225861 0.127561 0.004998 0.472055 0.000231
0.020095 0.148510 0.225408 0.127324 0.005003 0.473435 0.000227
0.019966 0.147885 0.225127 0.127068 0.005051 0.474680 0.000224
0.020016 0.147889 0.224783 0.126765 0.005023 0.475289 0.000234
0.019989 0.147180 0.224514 0.126798 0.005022 0.476264 0.000234
0.020043 0.147029 0.224293 0.126637 0.005044 0.476730 0.000224
0.020073 0.147063 0.224218 0.126516 0.005035 0.476871 0.000225
0.020256 0.145996 0.223758 0.126127 0.005003 0.478623 0.000238
0.020253 0.145687 0.223342 0.126057 0.005059 0.479370 0.000231
0.020309 0.145382 0.223315 0.126028 0.005063 0.479669 0.000235
0.020242 0.145296 0.223063 0.125937 0.005086 0.480141 0.000236
0.020386 0.144789 0.222714 0.125520 0.005077 0.481284 0.000230
0.020466 0.144355 0.222326 0.125334 0.005101 0.482179 0.000238
0.020552 0.144294 0.222201 0.125298 0.005059 0.482357 0.000238
0.020645 0.143314 0.221967 0.124947 0.005083 0.483795 0.000248
0.020659 0.143115 0.221745 0.125092 0.005088 0.484058 0.000243
0.020387 0.143327 0.221443 0.125014 0.005134 0.484450 0.000245
0.020563 0.142590 0.221087 0.124749 0.005111 0.485661 0.000239
0.020430 0.142490 0.220899 0.124925 0.005085 0.485924 0.000246
0.020715 0.141270 0.220268 0.124157 0.005120 0.488223 0.000247
0.020712 0.141690 0.220327 0.124565 0.005127 0.487333 0.000246
0.020888 0.141124 0.219948 0.124143 0.005142 0.488502 0.000253
0.020858 0.140858 0.219483 0.123966 0.005121 0.489461 0.000253
0.020978 0.140179 0.219088 0.123962 0.005145 0.490403 0.000245
0.020795 0.140123 0.219206 0.123748 0.005144 0.490734 0.000251
0.020772 0.139935 0.219034 0.123368 0.005122 0.491520 0.000250
0.020808 0.139897 0.218764 0.123133 0.005112 0.492032 0.000253
0.020973 0.139728 0.218367 0.123260 0.005089 0.492327 0.000255
0.020964 0.138435 0.217629 0.122977 0.005153 0.494596 0.000246
0.021178 0.138230 0.217566 0.123023 0.005176 0.494575 0.000253
0.021296 0.138300 0.217501 0.122741 0.005143 0.494760 0.000259
0.021343 0.137557 0.216975 0.122748 0.005156 0.495968 0.000253
0.021302 0.137413 0.216784 0.122480 0.005162 0.496599 0.000260
0.021388 0.137058 0.216540 0.122288 0.005178 0.497287 0.000261
0.021357 0.136645 0.216513 0.122435 0.005184 0.497604 0.000262
0.021317 0.136769 0.216034 0.122313 0.005127 0.498182 0.000258
0.021373 0.135938 0.215691 0.122014 0.005178 0.499552 0.000254
0.021544 0.135743 0.215773 0.121860 0.005191 0.499629 0.000259
0.021589 0.135702 0.215107 0.121511 0.005210 0.500620 0.000262
0.021687 0.134897 0.214877 0.121145 0.005194 0.501934 0.000266
0.021749 0.134955 0.214617 0.121419 0.005257 0.501741 0.000262
0.021668 0.134345 0.214404 0.121176 0.005195 0.502946 0.000265
0.021858 0.133752 0.213940 0.120818 0.005263 0.504119 0.000250
0.021852 0.133589 0.213725 0.120804 0.005211 0.504558 0.000261
