0.961434 0.038212 0.000354 0.000000 0.000000 0.000000 0.000000
0.918864 0.080540 0.000595 0.000000 0.000000 0.000000 0.000000
0.906698 0.092282 0.001020 0.000000 0.000000 0.000000 0.000000
0.890886 0.107652 0.001374 0.000089 0.000000 0.000000 0.000000
0.873474 0.124618 0.001450 0.000458 0.000000 0.000000 0.000000
0.854832 0.142442 0.002151 0.000575 0.000000 0.000000 0.000000
0.832720 0.163314 0.002289 0.001676 0.000000 0.000000 0.000000
0.805937 0.189637 0.002289 0.002137 0.000000 0.000000 0.000000
0.777506 0.217269 0.002936 0.002215 0.000000 0.000074 0.000000
0.750667 0.242714 0.004330 0.001832 0.000000 0.000458 0.000000
0.722148 0.270676 0.004579 0.002139 0.000000 0.000458 0.000000
0.692449 0.299169 0.004727 0.003198 0.000000 0.000458 0.000000
0.659005 0.331486 0.005122 0.003929 0.000000 0.000458 0.000000
0.623241 0.365927 0.006254 0.004121 0.000000 0.000458 0.000000
0.590267 0.396847 0.007403 0.005025 0.000000 0.000458 0.000000
0.556442 0.429012 0.008594 0.005495 0.000000 0.000458 0.000000
0.524198 0.460533 0.009158 0.005654 0.000000 0.000458 0.000000
0.496834 0.486872 0.009607 0.006229 0.000000 0.000458 0.000000
0.470587 0.512580 0.009965 0.006410 0.000000 0.000458 0.000000
0.444923 0.537274 0.010244 0.006721 0.000000 0.000838 0.000000
0.418528 0.562669 0.010546 0.007341 0.000000 0.000916 0.000000
0.393914 0.585340 0.012046 0.007784 0.000000 0.000916 0.000000
0.367963 0.609770 0.013314 0.008037 0.000000 0.000916 0.000000
0.340772 0.634390 0.014286 0.009637 0.000000 0.000916 0.000000
0.317904 0.655401 0.014929 0.010851 0.000000 0.000916 0.000000
0.299606 0.671392 0.017097 0.010989 0.000000 0.000916 0.000000
0.280871 0.687800 0.019424 0.010989 0.000000 0.000916 0.000000
0.263406 0.704187 0.020337 0.011154 0.000000 0.000916 0.000000
0.251851 0.713561 0.021864 0.011809 0.000000 0.000916 0.000000
0.240934 0.723184 0.022299 0.012515 0.000000 0.001068 0.000000
0.232682 0.729234 0.023055 0.013655 0.000000 0.001374 0.000000
0.225651 0.732993 0.025755 0.014227 0.000000 0.001374 0.000000
0.217172 0.738712 0.026816 0.015488 0.000000 0.001812 0.000000
0.207757 0.745200 0.028211 0.017000 0.000000 0.001832 0.000000
0.195419 0.754996 0.028994 0.018759 0.000000 0.001832 0.000000
0.184573 0.762984 0.030432 0.019689 0.000000 0.002322 0.000000
0.175767 0.768258 0.031722 0.020533 0.000000 0.003720 0.000000
0.168352 0.771583 0.033571 0.021916 0.000000 0.004579 0.000000
0.162393 0.774344 0.036706 0.021978 0.000000 0.004579 0.000000
0.153907 0.780327 0.038752 0.022436 0.000000 0.004579 0.000000
0.145171 0.786582 0.040197 0.023472 0.000000 0.004579 0.000000
0.139085 0.789595 0.042321 0.024420 0.000000 0.004579 0.000000
0.133562 0.791255 0.045238 0.025366 0.000000 0.004579 0.000000
0.126939 0.796030 0.046811 0.025641 0.000000 0.004579 0.000000
0.122863 0.797100 0.049328 0.025885 0.000000 0.004823 0.000000
0.118967 0.797781 0.050366 0.027850 0.000000 0.005037 0.000000
0.114973 0.799588 0.051969 0.028434 0.000000 0.005037 0.000000
0.109737 0.802961 0.052961 0.029304 0.000000 0.005037 0.000000
0.104315 0.805107 0.054272 0.031270 0.000000 0.005037 0.000000
0.099771 0.806227 0.056319 0.032143 0.000000 0.005540 0.000000
0.096703 0.807051 0.057784 0.032509 0.000000 0.005952 0.000000
0.094649 0.806940 0.059426 0.032902 0.000000 0.006083 0.000000
0.091935 0.806286 0.061421 0.033948 0.000000 0.006410 0.000000
0.089452 0.805528 0.063561 0.035048 0.000000 0.006410 0.000000
0.086871 0.805861 0.065102 0.035548 0.000000 0.006618 0.000000
0.083916 0.805403 0.067412 0.035465 0.000000 0.007805 0.000000
0.080815 0.804716 0.069505 0.036722 0.000000 0.008242 0.000000
0.078297 0.804487 0.071746 0.037229 0.000000 0.008242 0.000000
0.077029 0.802339 0.074493 0.038321 0.000000 0.007819 0.000000
0.073413 0.802579 0.076160 0.040064 0.000000 0.007784 0.000000
0.070322 0.801893 0.078602 0.041400 0.000000 0.007784 0.000000
0.068681 0.800366 0.080128 0.042582 0.000000 0.008242 0.000000
0.067046 0.799516 0.081371 0.043825 0.000000 0.008242 0.000000
0.066130 0.798142 0.083006 0.044479 0.000000 0.008242 0.000000
0.064057 0.798397 0.084295 0.045009 0.000000 0.008242 0.000000
0.061813 0.797924 0.085470 0.046474 0.000000 0.008318 0.000000
0.058150 0.800366 0.084772 0.047325 0.000000 0.009386 0.000000
0.055926 0.800693 0.084838 0.048469 0.000000 0.010073 0.000000
0.053228 0.802007 0.085699 0.048726 0.000000 0.010340 0.000000
0.050824 0.803190 0.086386 0.048306 0.000000 0.011294 0.000000
0.050309 0.801282 0.087168 0.049222 0.000000 0.012019 0.000000
0.049107 0.801282 0.087454 0.049794 0.000000 0.012363 0.000000
0.048493 0.799700 0.087995 0.050824 0.000000 0.012987 0.000000
0.047488 0.797881 0.090005 0.051347 0.000000 0.013278 0.000000
0.046886 0.795650 0.091392 0.052335 0.000000 0.013736 0.000000
0.045520 0.793994 0.093445 0.052656 0.000000 0.014385 0.000000
0.044261 0.792659 0.095391 0.053037 0.000000 0.014652 0.000000
0.043651 0.791819 0.095849 0.054029 0.000000 0.014652 0.000000
0.043335 0.788887 0.097004 0.055795 0.000000 0.014979 0.000000
0.042582 0.785943 0.099435 0.056929 0.000000 0.015110 0.000000
0.041804 0.784158 0.100733 0.057875 0.000000 0.015430 0.000000
0.040522 0.780907 0.102850 0.060153 0.000000 0.015568 0.000000
0.038278 0.779441 0.105403 0.061310 0.000000 0.015568 0.000000
0.038004 0.775458 0.106548 0.064377 0.000000 0.015614 0.000000
0.037342 0.773250 0.107804 0.065171 0.000000 0.016433 0.000000
0.036172 0.771414 0.108869 0.066251 0.000000 0.017294 0.000000
0.034668 0.770408 0.109694 0.067373 0.000000 0.017857 0.000000
0.033181 0.768742 0.111294 0.068529 0.000000 0.018254 0.000000
0.031910 0.765356 0.113553 0.070442 0.000000 0.018738 0.000000
0.031410 0.762271 0.116117 0.071429 0.000000 0.018773 0.000000
0.030678 0.761218 0.117063 0.072268 0.000000 0.018773 0.000000
0.029679 0.759574 0.118173 0.073551 0.000000 0.019023 0.000000
0.028617 0.757418 0.120559 0.073855 0.000000 0.019551 0.000000
0.027473 0.754979 0.122167 0.074605 0.000000 0.020776 0.000000
0.027473 0.749313 0.125962 0.076190 0.000000 0.021062 0.000000
0.027473 0.745523 0.129019 0.076363 0.000000 0.021622 0.000000
0.027422 0.741860 0.131919 0.076821 0.000000 0.021978 0.000000
0.026709 0.738935 0.134654 0.077266 0.000000 0.022436 0.000000
0.025641 0.736680 0.136280 0.078089 0.000000 0.023310 0.000000
0.024725 0.734661 0.137363 0.079899 0.000000 0.023352 0.000000
0.024496 0.732028 0.139480 0.080529 0.000000 0.023466 0.000000
0.023237 0.731571 0.140453 0.080586 0.000000 0.024153 0.000000
0.022092 0.731456 0.141369 0.080586 0.000000 0.024496 0.000000
0.021978 0.729739 0.141770 0.081216 0.000000 0.025298 0.000000
0.021978 0.726877 0.143201 0.081845 0.000000 0.026099 0.000000
0.021978 0.723443 0.145539 0.082941 0.000000 0.026099 0.000000
0.021825 0.720442 0.147232 0.084046 0.000000 0.026455 0.000000
0.021139 0.718178 0.149534 0.083524 0.000000 0.027625 0.000000
0.020421 0.715934 0.150824 0.083837 0.000000 0.028984 0.000000
0.020147 0.712258 0.152832 0.084511 0.000000 0.030252 0.000000
0.019980 0.708541 0.154013 0.085539 0.000000 0.031926 0.000000
0.019485 0.705840 0.155016 0.086844 0.000000 0.032814 0.000000
0.019231 0.703602 0.156364 0.087302 0.000000 0.033501 0.000000
0.018731 0.701965 0.158009 0.086538 0.000000 0.034757 0.000000
0.018315 0.698718 0.160772 0.087168 0.000000 0.035027 0.000000
0.018201 0.696123 0.161516 0.087378 0.000000 0.036783 0.000000
0.018223 0.693590 0.162546 0.088919 0.000000 0.036722 0.000000
0.018315 0.691621 0.163156 0.089820 0.000000 0.037088 0.000000
0.018315 0.689103 0.164443 0.090594 0.000000 0.037546 0.000000
0.017537 0.686767 0.166392 0.091758 0.000000 0.037546 0.000000
0.016941 0.684720 0.167779 0.092360 0.000000 0.038200 0.000000
0.016680 0.682758 0.168760 0.092883 0.000000 0.038919 0.000000
0.016850 0.680311 0.170238 0.093361 0.000000 0.039240 0.000000
0.016941 0.676642 0.170918 0.094617 0.000000 0.040882 0.000000
0.016941 0.673433 0.171144 0.095543 0.000000 0.042939 0.000000
0.016745 0.670853 0.173012 0.095761 0.000000 0.043629 0.000000
0.016484 0.668891 0.173796 0.096481 0.000000 0.044349 0.000000
0.016343 0.665680 0.176388 0.097140 0.000000 0.044449 0.000000
0.015339 0.664301 0.178037 0.097756 0.000000 0.044567 0.000000
0.015110 0.662546 0.179670 0.097802 0.000000 0.044872 0.000000
0.015110 0.660206 0.181064 0.097884 0.000000 0.045737 0.000000
0.014652 0.658556 0.181907 0.098051 0.000000 0.046834 0.000000
0.014194 0.657692 0.182051 0.098260 0.000000 0.047802 0.000000
0.013932 0.656070 0.183477 0.098116 0.000327 0.048077 0.000000
0.013584 0.654609 0.184829 0.098443 0.000458 0.048077 0.000000
0.013278 0.652759 0.185726 0.099645 0.000458 0.048134 0.000000
0.013278 0.649783 0.187328 0.100332 0.000458 0.048821 0.000000
0.013278 0.647894 0.187271 0.101648 0.000458 0.049451 0.000000
0.013278 0.646455 0.186748 0.102760 0.000458 0.050301 0.000000
0.013075 0.643366 0.189001 0.103632 0.000458 0.050468 0.000000
0.012821 0.641255 0.189866 0.104319 0.000458 0.051282 0.000000
0.012515 0.639805 0.190171 0.105082 0.000458 0.051969 0.000000
0.012238 0.637030 0.192016 0.105728 0.000458 0.052531 0.000000
0.011905 0.633830 0.195251 0.105769 0.000458 0.052786 0.000000
0.011905 0.630723 0.196848 0.106036 0.000458 0.054029 0.000000
0.011905 0.628755 0.195833 0.105952 0.000458 0.057097 0.000000
0.011905 0.626717 0.195742 0.106914 0.000458 0.058265 0.000000
0.011905 0.624542 0.196363 0.108124 0.000458 0.058608 0.000000
0.011905 0.621133 0.197853 0.109788 0.000458 0.058862 0.000000
0.011905 0.618691 0.198769 0.109636 0.000458 0.060541 0.000000
0.011512 0.617609 0.198718 0.109367 0.000458 0.062336 0.000000
0.011172 0.616026 0.200000 0.109524 0.000458 0.062821 0.000000
0.010646 0.614040 0.200149 0.110119 0.000458 0.064589 0.000000
0.010531 0.609483 0.202483 0.111518 0.000458 0.065527 0.000000
0.010531 0.606914 0.204098 0.112065 0.000458 0.065934 0.000000
0.010531 0.604312 0.205669 0.112263 0.000458 0.066767 0.000000
0.010531 0.602198 0.206593 0.111905 0.000458 0.068315 0.000000
0.010531 0.600667 0.206894 0.111918 0.000458 0.069532 0.000000
0.010531 0.598138 0.208791 0.111416 0.000458 0.070665 0.000000
0.010130 0.596039 0.210394 0.111321 0.000458 0.071658 0.000000
0.010073 0.594139 0.210989 0.111722 0.000458 0.072619 0.000000
0.010073 0.592033 0.212127 0.112049 0.000458 0.073260 0.000000
0.009746 0.590201 0.213043 0.112572 0.000458 0.073980 0.000000
0.009615 0.589286 0.212781 0.111852 0.000458 0.076007 0.000000
0.009615 0.587546 0.213278 0.112088 0.000458 0.077015 0.000000
0.009478 0.585714 0.213416 0.112592 0.000458 0.078342 0.000000
0.009158 0.583708 0.213745 0.112429 0.000458 0.080503 0.000000
0.009158 0.580628 0.213953 0.113345 0.000458 0.082459 0.000000
0.009119 0.578068 0.213828 0.113439 0.000458 0.085089 0.000000
0.008700 0.575321 0.214881 0.114103 0.000458 0.086538 0.000000
0.008700 0.571581 0.216842 0.114583 0.000458 0.087836 0.000000
0.008242 0.568376 0.219271 0.115130 0.000458 0.088523 0.000000
0.008242 0.565476 0.220513 0.116484 0.000458 0.088828 0.000000
0.007835 0.564001 0.220747 0.117216 0.000458 0.089744 0.000000
0.007784 0.561813 0.222436 0.116850 0.000458 0.090659 0.000000
0.007784 0.559753 0.223901 0.117445 0.000458 0.090659 0.000000
0.007784 0.558303 0.224817 0.117827 0.000458 0.090812 0.000000
0.007784 0.556115 0.225224 0.119048 0.000458 0.091372 0.000000
0.007784 0.552697 0.227023 0.119505 0.000458 0.092532 0.000000
0.007784 0.550290 0.227564 0.119887 0.000458 0.094017 0.000000
0.007784 0.548077 0.228284 0.120617 0.000458 0.094780 0.000000
0.007784 0.546049 0.228807 0.120945 0.000458 0.095958 0.000000
0.007784 0.543880 0.228861 0.122253 0.000458 0.096764 0.000000
0.007784 0.542125 0.229548 0.123016 0.000458 0.097070 0.000000
0.007784 0.541438 0.229625 0.123168 0.000458 0.097527 0.000000
0.007784 0.540446 0.230235 0.122711 0.000916 0.097909 0.000000
0.007784 0.538404 0.231055 0.122768 0.000916 0.099073 0.000000
0.007784 0.536573 0.231571 0.122253 0.000916 0.100904 0.000000
0.007784 0.534341 0.232797 0.122187 0.000785 0.102106 0.000000
0.007784 0.532128 0.234585 0.122176 0.000458 0.102869 0.000000
0.007860 0.530067 0.236416 0.121795 0.000916 0.102946 0.000000
0.008176 0.527865 0.237964 0.122253 0.000916 0.102826 0.000000
0.007479 0.527015 0.238706 0.122329 0.000916 0.103556 0.000000
0.007326 0.525870 0.238668 0.122825 0.000916 0.104396 0.000000
0.007326 0.523254 0.240254 0.122351 0.001145 0.105671 0.000000
0.007326 0.520696 0.240751 0.122619 0.001374 0.107234 0.000000
0.007784 0.518773 0.240690 0.123779 0.001374 0.107601 0.000000
0.007784 0.516758 0.240385 0.124908 0.001374 0.108791 0.000000
0.007784 0.515306 0.240385 0.125065 0.001374 0.110086 0.000000
0.008059 0.513095 0.241941 0.125458 0.001374 0.110073 0.000000
0.007980 0.512232 0.241889 0.125981 0.001374 0.110544 0.000000
0.008242 0.510269 0.242478 0.126635 0.001374 0.111002 0.000000
0.008242 0.506525 0.244315 0.127938 0.001374 0.111607 0.000000
0.008242 0.503867 0.245319 0.127442 0.001374 0.113757 0.000000
0.008242 0.501374 0.245726 0.128587 0.001374 0.114698 0.000000
0.008242 0.499657 0.245421 0.129121 0.001374 0.116186 0.000000
0.008242 0.497482 0.245994 0.129235 0.001374 0.117674 0.000000
0.008242 0.495604 0.246062 0.129945 0.001374 0.118773 0.000000
0.008242 0.493513 0.247329 0.130342 0.001374 0.119200 0.000000
0.008242 0.492102 0.247711 0.130495 0.001374 0.120078 0.000000
0.008242 0.490476 0.246886 0.131364 0.001374 0.121658 0.000000
0.008608 0.488004 0.246383 0.132601 0.001374 0.123031 0.000000
0.008299 0.486550 0.245765 0.133299 0.001374 0.124714 0.000000
0.008242 0.484890 0.246337 0.133700 0.001374 0.125458 0.000000
0.008242 0.482601 0.248168 0.133700 0.001374 0.125916 0.000000
0.008242 0.478999 0.249206 0.134371 0.001374 0.127808 0.000000
0.008242 0.476362 0.248970 0.134615 0.001374 0.130437 0.000000
0.008242 0.475275 0.248299 0.134027 0.001374 0.132784 0.000000
0.007898 0.473443 0.250343 0.133242 0.001660 0.133413 0.000000
0.007784 0.471841 0.250420 0.132135 0.001832 0.135989 0.000000
0.007784 0.468407 0.251933 0.132682 0.001832 0.137363 0.000000
0.007669 0.466690 0.252175 0.133242 0.001832 0.138393 0.000000
0.007326 0.466117 0.252175 0.133585 0.001832 0.138965 0.000000
0.007326 0.463885 0.253205 0.134272 0.001832 0.139480 0.000000
0.007326 0.461538 0.255037 0.134386 0.001832 0.139881 0.000000
0.007326 0.460531 0.254762 0.134615 0.001832 0.140934 0.000000
0.007326 0.457933 0.255552 0.136046 0.001832 0.141312 0.000000
0.007326 0.455586 0.256868 0.135302 0.001832 0.143086 0.000000
0.007326 0.453166 0.257261 0.135858 0.001832 0.144558 0.000000
0.007498 0.450778 0.258642 0.135989 0.001832 0.145261 0.000000
0.008089 0.449328 0.259921 0.134997 0.001832 0.145833 0.000000
0.008242 0.448168 0.260806 0.134066 0.001832 0.146886 0.000000
0.008242 0.445920 0.261854 0.134310 0.001832 0.147843 0.000000
0.008242 0.443338 0.262821 0.134615 0.001832 0.149153 0.000000
0.008242 0.441392 0.262493 0.135400 0.001832 0.150641 0.000000
0.007956 0.439503 0.262821 0.136275 0.001832 0.151614 0.000000
0.007784 0.437354 0.263237 0.136322 0.001832 0.153472 0.000000
0.007784 0.434676 0.264957 0.136065 0.001832 0.154686 0.000000
0.007601 0.433471 0.265980 0.135440 0.001832 0.155678 0.000000
0.007326 0.432845 0.265339 0.135226 0.001832 0.157433 0.000000
0.007418 0.431593 0.264698 0.135531 0.001832 0.158929 0.000000
0.007326 0.430861 0.264194 0.135531 0.001832 0.160256 0.000000
0.007326 0.430403 0.263431 0.135150 0.001832 0.161859 0.000000
0.007326 0.427942 0.265396 0.134902 0.001832 0.162603 0.000000
0.007522 0.425235 0.266680 0.135793 0.001832 0.162938 0.000000
0.007784 0.423878 0.266598 0.136332 0.001832 0.163576 0.000000
0.007784 0.422237 0.267018 0.136905 0.001832 0.164225 0.000000
0.007784 0.421016 0.267628 0.136905 0.001832 0.164835 0.000000
0.007784 0.419719 0.268620 0.136676 0.001832 0.165369 0.000000
0.007784 0.418956 0.269002 0.135989 0.001832 0.166438 0.000000
0.007784 0.417175 0.269841 0.136193 0.001832 0.167175 0.000000
0.007784 0.414835 0.270971 0.136538 0.001832 0.168040 0.000000
0.008288 0.413599 0.270604 0.136447 0.001832 0.169231 0.000000
0.008896 0.412546 0.270212 0.136447 0.001832 0.170068 0.000000
0.008871 0.411687 0.270261 0.136848 0.001832 0.170501 0.000000
0.009288 0.410780 0.270212 0.136643 0.001832 0.171245 0.000000
0.009158 0.409144 0.271782 0.136578 0.001832 0.171507 0.000000
0.009366 0.407010 0.272145 0.137238 0.001832 0.172411 0.000000
0.008700 0.406136 0.272131 0.138126 0.001832 0.173077 0.000000
0.008299 0.405506 0.272092 0.138107 0.001832 0.174164 0.000000
0.008242 0.403846 0.271749 0.138736 0.001832 0.175595 0.000000
0.008288 0.402198 0.271978 0.138187 0.001832 0.177518 0.000000
0.008373 0.401099 0.272501 0.137886 0.001832 0.178310 0.000000
0.008700 0.399542 0.272985 0.138095 0.001832 0.178846 0.000000
0.009122 0.397436 0.272788 0.138807 0.001832 0.180015 0.000000
0.008318 0.396444 0.272970 0.138813 0.001832 0.181624 0.000000
0.008242 0.395147 0.272985 0.139103 0.001832 0.182692 0.000000
0.008438 0.394165 0.272109 0.139652 0.001832 0.183804 0.000000
0.008242 0.393315 0.271444 0.140415 0.001832 0.184753 0.000000
0.008242 0.391598 0.271577 0.140511 0.001832 0.186241 0.000000
0.008242 0.390201 0.271978 0.139927 0.001832 0.187821 0.000000
0.008394 0.389042 0.272360 0.140110 0.001832 0.188263 0.000000
0.008325 0.387737 0.272935 0.140568 0.001832 0.188603 0.000000
0.008242 0.385989 0.273046 0.140644 0.001832 0.190247 0.000000
0.007886 0.384717 0.273301 0.140771 0.001832 0.191494 0.000000
0.008242 0.383242 0.273810 0.140568 0.001832 0.192308 0.000000
0.008242 0.382154 0.274210 0.139366 0.001832 0.194196 0.000000
0.008242 0.380625 0.274137 0.139063 0.001832 0.196102 0.000000
0.008242 0.378938 0.273901 0.139927 0.001832 0.197161 0.000000
0.008634 0.378663 0.272240 0.139783 0.001832 0.198849 0.000000
0.009158 0.378205 0.270931 0.139325 0.001832 0.200549 0.000000
0.009158 0.377060 0.270910 0.138660 0.001832 0.202381 0.000000
0.009463 0.375407 0.271418 0.138329 0.001933 0.203449 0.000000
0.009158 0.374451 0.271337 0.138645 0.002289 0.204121 0.000000
0.009158 0.373077 0.271703 0.138736 0.002289 0.205037 0.000000
0.009158 0.371998 0.270554 0.138838 0.002289 0.207163 0.000000
0.009158 0.370879 0.270375 0.138736 0.002289 0.208562 0.000000
0.008801 0.370828 0.269231 0.138533 0.002289 0.210317 0.000000
0.008700 0.369597 0.268956 0.138370 0.002289 0.212088 0.000000
0.008307 0.368851 0.268904 0.138344 0.002289 0.213305 0.000000
0.008150 0.367308 0.270147 0.137912 0.002289 0.214194 0.000000
0.007784 0.366148 0.270528 0.138431 0.002289 0.214820 0.000000
0.007784 0.365232 0.269383 0.139347 0.002289 0.215965 0.000000
0.007612 0.363839 0.269402 0.140110 0.002289 0.216747 0.000000
0.007189 0.362363 0.270604 0.139194 0.002289 0.218361 0.000000
0.006868 0.361355 0.271291 0.138553 0.002289 0.219643 0.000000
0.006868 0.358157 0.271880 0.138867 0.002289 0.221939 0.000000
0.006868 0.355311 0.272711 0.139377 0.002289 0.223443 0.000000
0.006525 0.355426 0.272092 0.138736 0.002289 0.224931 0.000000
0.006410 0.354788 0.271128 0.138802 0.002289 0.226583 0.000000
0.006410 0.353388 0.270696 0.139286 0.002289 0.227930 0.000000
0.006410 0.352411 0.271673 0.138431 0.002289 0.228785 0.000000
0.006410 0.350332 0.272550 0.139194 0.002289 0.229224 0.000000
0.006181 0.349702 0.272207 0.139194 0.002289 0.230426 0.000000
0.006410 0.349359 0.272207 0.138736 0.002289 0.230998 0.000000
0.006410 0.346968 0.273097 0.139652 0.002289 0.231583 0.000000
0.006487 0.344933 0.273886 0.140186 0.002289 0.232219 0.000000
0.006639 0.344551 0.273733 0.139728 0.002289 0.233059 0.000000
0.006868 0.342818 0.274333 0.139848 0.002289 0.233844 0.000000
0.006868 0.341041 0.274878 0.139881 0.002289 0.235043 0.000000
0.006868 0.339286 0.275641 0.140568 0.002289 0.235348 0.000000
0.006868 0.338370 0.276557 0.140568 0.002289 0.235348 0.000000
0.006868 0.337271 0.277381 0.140568 0.002289 0.235623 0.000000
0.007261 0.336146 0.277211 0.140633 0.002289 0.236460 0.000000
0.006910 0.335123 0.275475 0.141775 0.002289 0.238428 0.000000
0.007326 0.333944 0.274420 0.142399 0.002289 0.239621 0.000000
0.007326 0.333333 0.273924 0.142514 0.002289 0.240614 0.000000
0.007195 0.331960 0.274202 0.142857 0.002289 0.241497 0.000000
0.007250 0.331578 0.273199 0.143010 0.002289 0.242674 0.000000
0.007326 0.330037 0.273993 0.142857 0.002289 0.243498 0.000000
0.007517 0.329365 0.272970 0.142285 0.002289 0.245574 0.000000
0.007746 0.326542 0.274611 0.142247 0.002289 0.246566 0.000000
0.006868 0.325893 0.275183 0.141026 0.002289 0.248741 0.000000
0.006868 0.323947 0.276557 0.141255 0.002289 0.249084 0.000000
0.006868 0.322802 0.276557 0.141941 0.002289 0.249542 0.000000
0.006868 0.321581 0.276786 0.141636 0.002747 0.250382 0.000000
0.007195 0.319924 0.277407 0.141680 0.002747 0.251047 0.000000
0.007326 0.317689 0.277930 0.142781 0.002747 0.251526 0.000000
0.006868 0.317193 0.277816 0.142972 0.003091 0.252060 0.000000
0.006448 0.316049 0.277663 0.143010 0.003205 0.253625 0.000000
0.006410 0.313370 0.279029 0.143223 0.003205 0.254762 0.000000
0.006410 0.312195 0.279151 0.142933 0.003205 0.256105 0.000000
0.006410 0.310701 0.279042 0.143053 0.003205 0.257588 0.000000
0.006181 0.309066 0.279625 0.142720 0.003205 0.259203 0.000000
0.006731 0.306502 0.281593 0.142582 0.003205 0.259386 0.000000
0.006018 0.305926 0.281397 0.142726 0.003205 0.260727 0.000000
0.005678 0.304670 0.280861 0.144048 0.003205 0.261538 0.000000
0.005291 0.303063 0.282000 0.144078 0.003205 0.262363 0.000000
0.005495 0.302198 0.281822 0.144689 0.003205 0.262592 0.000000
0.005495 0.300977 0.282128 0.144994 0.003205 0.263202 0.000000
0.005756 0.300301 0.280547 0.145212 0.003205 0.264979 0.000000
0.005952 0.298327 0.279471 0.146312 0.003288 0.266650 0.000000
0.006044 0.297161 0.278938 0.145604 0.003663 0.268590 0.000000
0.006410 0.295788 0.279762 0.145604 0.003663 0.268773 0.000000
0.006410 0.294185 0.280449 0.145604 0.003663 0.269689 0.000000
0.006410 0.292888 0.280601 0.145299 0.003663 0.271139 0.000000
0.006410 0.291896 0.280563 0.145032 0.003663 0.272436 0.000000
0.006792 0.290827 0.280830 0.144994 0.003663 0.272894 0.000000
0.006868 0.289683 0.281136 0.144994 0.003663 0.273657 0.000000
0.006716 0.288843 0.280678 0.145528 0.003663 0.274573 0.000000
0.006410 0.288767 0.280067 0.145147 0.003663 0.275946 0.000000
0.006410 0.288370 0.279304 0.144872 0.003663 0.277381 0.000000
0.006868 0.287698 0.278694 0.144765 0.003663 0.278312 0.000000
0.006868 0.285589 0.279221 0.144564 0.003663 0.280095 0.000000
0.006868 0.282248 0.280743 0.145604 0.003663 0.280874 0.000000
0.006737 0.280808 0.280547 0.145866 0.003663 0.282378 0.000000
0.006410 0.280525 0.279609 0.146062 0.003663 0.283730 0.000000
0.006410 0.279075 0.279991 0.146520 0.003663 0.284341 0.000000
0.005952 0.278617 0.279991 0.146520 0.003663 0.285256 0.000000
0.005952 0.277587 0.279132 0.146692 0.003663 0.286973 0.000000
0.005861 0.276099 0.278755 0.147344 0.003663 0.288278 0.000000
0.005495 0.274802 0.278999 0.148275 0.003663 0.288767 0.000000
0.005838 0.273810 0.278732 0.149038 0.003663 0.288919 0.000000
0.005495 0.273443 0.277930 0.149542 0.003663 0.289927 0.000000
0.005495 0.272894 0.277930 0.149267 0.003663 0.290751 0.000000
0.005495 0.272436 0.278083 0.149115 0.003663 0.291209 0.000000
0.005266 0.271673 0.278159 0.149191 0.003663 0.292048 0.000000
0.005037 0.270408 0.278257 0.149333 0.003663 0.293302 0.000000
0.005037 0.268452 0.278755 0.148855 0.003663 0.295238 0.000000
0.005037 0.266827 0.278617 0.149038 0.003663 0.296818 0.000000
0.005037 0.265385 0.279579 0.148901 0.003663 0.297436 0.000000
0.005113 0.264194 0.279609 0.148810 0.003663 0.298611 0.000000
0.005495 0.263355 0.279075 0.148657 0.003663 0.299756 0.000000
0.005380 0.262363 0.278961 0.148810 0.003663 0.300824 0.000000
0.005037 0.261676 0.279533 0.149267 0.003663 0.300824 0.000000
0.005418 0.260836 0.279915 0.149115 0.003663 0.301053 0.000000
0.005495 0.259959 0.279762 0.148810 0.003663 0.302312 0.000000
0.005952 0.258356 0.280411 0.148161 0.003663 0.303457 0.000000
0.006410 0.256777 0.279853 0.148443 0.003663 0.304853 0.000000
0.006181 0.256029 0.279609 0.148352 0.003663 0.306166 0.000000
0.006136 0.255128 0.280678 0.148168 0.003663 0.306227 0.000000
0.005495 0.254426 0.281670 0.148352 0.003663 0.306395 0.000000
0.005495 0.252747 0.282509 0.148810 0.003663 0.306777 0.000000
0.005495 0.251755 0.281975 0.149267 0.003663 0.307845 0.000000
0.005495 0.249935 0.281986 0.149922 0.003663 0.309001 0.000000
0.005495 0.247863 0.282967 0.150794 0.003663 0.309219 0.000000
0.004884 0.248092 0.282433 0.150641 0.003663 0.310287 0.000000
0.004579 0.247367 0.282738 0.150412 0.003663 0.311241 0.000000
0.004579 0.246566 0.282128 0.150336 0.003739 0.312653 0.000000
0.004426 0.246184 0.281899 0.149725 0.004579 0.313187 0.000000
0.004121 0.245879 0.282051 0.149725 0.004579 0.313645 0.000000
0.004121 0.244963 0.282357 0.149878 0.004579 0.314103 0.000000
0.004121 0.243773 0.282418 0.150366 0.004579 0.314744 0.000000
0.004579 0.243049 0.281052 0.150350 0.004537 0.316434 0.000000
0.004579 0.241209 0.279853 0.151648 0.004579 0.318132 0.000000
0.004579 0.240254 0.278977 0.151688 0.004710 0.319793 0.000000
0.004579 0.238815 0.278715 0.151622 0.005037 0.321232 0.000000
0.004579 0.237408 0.278961 0.151671 0.005037 0.322344 0.000000
0.004579 0.237027 0.278846 0.150946 0.005342 0.323260 0.000000
0.004922 0.236722 0.278732 0.150412 0.005952 0.323260 0.000000
0.005037 0.236187 0.277778 0.150259 0.005952 0.324786 0.000000
0.004670 0.235440 0.277473 0.150641 0.005952 0.325824 0.000000
0.005037 0.234249 0.278480 0.150458 0.005952 0.325824 0.000000
0.005037 0.232524 0.279228 0.150641 0.005952 0.326618 0.000000
0.005495 0.231342 0.279190 0.151213 0.005952 0.326809 0.000000
0.005861 0.230678 0.278938 0.151099 0.005952 0.327473 0.000000
0.005952 0.228823 0.280105 0.150755 0.005952 0.328411 0.000000
0.005952 0.227411 0.280372 0.150794 0.006258 0.329212 0.000000
0.006296 0.226419 0.280792 0.151099 0.006410 0.328984 0.000000
0.006319 0.226557 0.280220 0.151190 0.006410 0.329304 0.000000
0.006410 0.225962 0.279304 0.151786 0.006410 0.330128 0.000000
0.007143 0.225641 0.278846 0.152015 0.006410 0.329945 0.000000
0.007326 0.223967 0.279108 0.152538 0.006410 0.330651 0.000000
0.007326 0.222985 0.279304 0.152244 0.006410 0.331731 0.000000
0.007326 0.222413 0.279647 0.151671 0.006410 0.332532 0.000000
0.007326 0.221917 0.279457 0.151252 0.006410 0.333639 0.000000
0.007326 0.221001 0.279915 0.151252 0.006410 0.334096 0.000000
0.006868 0.219911 0.280808 0.151622 0.006410 0.334380 0.000000
0.006868 0.218407 0.281136 0.152015 0.006410 0.335165 0.000000
0.007040 0.217090 0.280563 0.152873 0.006410 0.336023 0.000000
0.007326 0.216041 0.280449 0.152167 0.006410 0.337607 0.000000
0.007631 0.215812 0.279915 0.152015 0.006410 0.338217 0.000000
0.007143 0.215934 0.279762 0.151557 0.006410 0.339194 0.000000
0.006934 0.215659 0.279042 0.150968 0.006410 0.340986 0.000000
0.007326 0.214591 0.279151 0.151099 0.006410 0.341422 0.000000
0.007326 0.213255 0.280220 0.151099 0.006410 0.341690 0.000000
0.006868 0.213095 0.279670 0.151282 0.006410 0.342674 0.000000
0.007154 0.212569 0.278732 0.150584 0.006410 0.344551 0.000000
0.007326 0.212454 0.277473 0.149267 0.006410 0.347070 0.000000
0.007326 0.212111 0.276671 0.148695 0.006410 0.348787 0.000000
0.007326 0.211023 0.276614 0.148180 0.006410 0.350446 0.000000
0.007326 0.209096 0.276150 0.148606 0.006410 0.352411 0.000000
0.007498 0.208276 0.275126 0.147550 0.006410 0.355140 0.000000
0.007784 0.207189 0.275183 0.147665 0.006410 0.355769 0.000000
0.007784 0.206273 0.275641 0.147207 0.006410 0.356685 0.000000
0.007784 0.205495 0.275458 0.146429 0.006410 0.358425 0.000000
0.007784 0.204533 0.274817 0.145559 0.006410 0.360897 0.000000
0.007784 0.203182 0.274496 0.145375 0.006410 0.362752 0.000000
0.007784 0.202839 0.272985 0.145513 0.006410 0.364469 0.000000
0.008242 0.202381 0.272894 0.145147 0.006410 0.364927 0.000000
0.009081 0.202381 0.272054 0.144765 0.006410 0.365308 0.000000
0.008700 0.202839 0.271520 0.144002 0.006410 0.366529 0.000000
0.008961 0.203035 0.271651 0.142988 0.006410 0.366954 0.000000
0.008642 0.202724 0.271234 0.142857 0.006410 0.368132 0.000000
0.008242 0.201923 0.270833 0.143315 0.006410 0.369277 0.000000
0.008089 0.201770 0.270452 0.143391 0.006410 0.369887 0.000000
0.008318 0.201236 0.269536 0.143773 0.006410 0.370726 0.000000
0.008242 0.200615 0.269035 0.143380 0.006410 0.372318 0.000000
0.008242 0.198832 0.270147 0.143315 0.006410 0.373054 0.000000
0.007886 0.198057 0.269485 0.143620 0.006461 0.374491 0.000000
0.006910 0.198302 0.268107 0.142899 0.006827 0.376956 0.000000
0.006868 0.198260 0.265797 0.141941 0.006410 0.380723 0.000000
0.007021 0.197726 0.264957 0.141560 0.006410 0.382326 0.000000
0.006868 0.197344 0.264728 0.141178 0.006868 0.383013 0.000000
0.006319 0.197253 0.264286 0.141300 0.006868 0.383974 0.000000
0.006716 0.197115 0.263126 0.141712 0.006868 0.384463 0.000000
0.006639 0.196123 0.263355 0.141560 0.006868 0.385455 0.000000
0.006044 0.195330 0.264652 0.141117 0.006868 0.385989 0.000000
0.005952 0.194826 0.264538 0.140453 0.006868 0.387363 0.000000
0.005952 0.193485 0.264652 0.140502 0.006868 0.388540 0.000000
0.005952 0.192308 0.264423 0.140568 0.006868 0.389881 0.000000
0.006010 0.191506 0.263622 0.141197 0.006868 0.390797 0.000000
0.006083 0.190542 0.262755 0.141549 0.006868 0.392203 0.000000
0.006563 0.190018 0.262057 0.141102 0.006563 0.393697 0.000000
0.006777 0.190293 0.260989 0.140568 0.006410 0.394963 0.000000
0.006868 0.190018 0.260531 0.140568 0.006410 0.395604 0.000000
0.006868 0.189652 0.259707 0.140293 0.006593 0.396886 0.000000
0.006868 0.189560 0.258471 0.140110 0.006868 0.398123 0.000000
0.006868 0.189560 0.257784 0.139652 0.006868 0.399267 0.000000
0.006868 0.189103 0.258242 0.139194 0.006868 0.399725 0.000000
0.006868 0.188874 0.257784 0.139423 0.006868 0.400183 0.000000
0.007212 0.188187 0.257440 0.140110 0.006868 0.400183 0.000000
0.008333 0.187912 0.257418 0.139744 0.006868 0.399725 0.000000
0.008356 0.188072 0.256754 0.139423 0.006868 0.400527 0.000000
0.008333 0.188370 0.255861 0.139194 0.006868 0.401374 0.000000
0.008013 0.187958 0.255952 0.139194 0.006868 0.402015 0.000000
0.007784 0.188187 0.254121 0.138736 0.006868 0.404304 0.000000
0.007601 0.187912 0.252747 0.138462 0.006868 0.406410 0.000000
0.007440 0.187042 0.253091 0.139194 0.006868 0.406364 0.000000
0.007326 0.186966 0.252289 0.139118 0.006868 0.407433 0.000000
0.007261 0.185832 0.252355 0.139325 0.006868 0.408359 0.000000
0.006817 0.186050 0.252544 0.139245 0.006868 0.408476 0.000000
0.006296 0.186126 0.252175 0.138049 0.006868 0.410485 0.000000
0.005952 0.186028 0.251832 0.137493 0.006476 0.412219 0.000000
0.006067 0.185211 0.251717 0.137363 0.005952 0.413690 0.000000
0.006410 0.185363 0.251679 0.136676 0.005952 0.413919 0.000000
0.006868 0.184829 0.251755 0.135684 0.005952 0.414911 0.000000
0.006868 0.184295 0.251145 0.135073 0.005952 0.416667 0.000000
0.006563 0.183761 0.250916 0.135684 0.005952 0.417125 0.000000
0.006716 0.183608 0.250458 0.135836 0.005952 0.417430 0.000000
0.006868 0.183455 0.249847 0.135531 0.005952 0.418346 0.000000
0.006868 0.182692 0.250229 0.135531 0.005952 0.418727 0.000000
0.007118 0.182318 0.249750 0.135698 0.005952 0.419164 0.000000
0.006868 0.181777 0.249313 0.135989 0.005952 0.420101 0.000000
0.006868 0.181227 0.248901 0.135897 0.005952 0.421154 0.000000
0.007275 0.179843 0.248372 0.136396 0.005952 0.422161 0.000000
0.007898 0.178514 0.248226 0.136848 0.005952 0.422562 0.000000
0.008013 0.178114 0.247405 0.136294 0.006181 0.423993 0.000000
0.008929 0.177541 0.247940 0.135989 0.006410 0.423191 0.000000
0.008356 0.177541 0.248397 0.135875 0.006410 0.423420 0.000000
0.008242 0.177350 0.247329 0.135379 0.006410 0.425290 0.000000
0.008608 0.176465 0.247619 0.135073 0.006410 0.425824 0.000000
0.008700 0.176740 0.247711 0.134615 0.006410 0.425824 0.000000
0.008700 0.176282 0.248168 0.134615 0.006410 0.425824 0.000000
0.008425 0.175824 0.248535 0.134615 0.006410 0.426190 0.000000
0.008700 0.175366 0.248512 0.134501 0.006410 0.426511 0.000000
0.009005 0.174196 0.248474 0.134208 0.006410 0.427707 0.000000
0.009310 0.172848 0.247634 0.134615 0.006410 0.429182 0.000000
0.009615 0.171049 0.248823 0.134354 0.006410 0.429749 0.000000
0.009539 0.169719 0.250305 0.133700 0.006410 0.430327 0.000000
0.009615 0.169872 0.249313 0.133242 0.006410 0.431548 0.000000
0.009501 0.169414 0.249657 0.132784 0.006410 0.432234 0.000000
0.009158 0.168956 0.250000 0.133242 0.006410 0.432234 0.000000
0.009158 0.168956 0.249771 0.132784 0.006410 0.432921 0.000000
0.009249 0.168681 0.249267 0.132326 0.006410 0.434066 0.000000
0.009890 0.167491 0.248764 0.132418 0.006410 0.435027 0.000000
0.010727 0.165424 0.249804 0.132457 0.006410 0.435178 0.000000
0.011264 0.164377 0.248901 0.133242 0.006410 0.435806 0.000000
0.011752 0.163919 0.248016 0.133700 0.006410 0.436203 0.000000
0.011905 0.163309 0.247024 0.134005 0.006410 0.437347 0.000000
0.011905 0.162546 0.246490 0.134005 0.006410 0.438645 0.000000
0.011752 0.161935 0.247100 0.133700 0.006410 0.439103 0.000000
0.012248 0.161973 0.247024 0.133814 0.006410 0.438530 0.000000
0.012690 0.161630 0.246272 0.133176 0.006410 0.439822 0.000000
0.013095 0.160806 0.246245 0.132509 0.006410 0.440934 0.000000
0.013278 0.160714 0.246184 0.131105 0.006410 0.442308 0.000000
0.012922 0.160409 0.244658 0.131563 0.006410 0.444037 0.000000
0.012821 0.159799 0.244048 0.131410 0.006181 0.445742 0.000000
0.012057 0.160307 0.244251 0.131207 0.005952 0.446225 0.000000
0.012248 0.159799 0.244162 0.130952 0.005952 0.446886 0.000000
0.012668 0.159341 0.243590 0.131258 0.005952 0.447192 0.000000
0.012821 0.158883 0.243895 0.130647 0.005952 0.447802 0.000000
0.013278 0.158883 0.243284 0.130342 0.006105 0.448107 0.000000
0.013278 0.158539 0.243132 0.129579 0.006410 0.449061 0.000000
0.013187 0.158333 0.243223 0.129579 0.006410 0.449267 0.000000
0.012592 0.158654 0.243132 0.129579 0.006410 0.449634 0.000000
0.012134 0.158539 0.243246 0.129693 0.006410 0.449977 0.000000
0.011650 0.158069 0.242776 0.129579 0.006410 0.451516 0.000000
0.011578 0.157444 0.241104 0.129579 0.006410 0.453885 0.000000
0.012210 0.156593 0.240537 0.129502 0.006410 0.454747 0.000000
0.012166 0.155874 0.240385 0.128859 0.006410 0.456306 0.000000
0.011142 0.156899 0.239316 0.128663 0.006410 0.457570 0.000000
0.011578 0.156724 0.238684 0.128663 0.006410 0.457941 0.000000
0.011733 0.156651 0.237523 0.128262 0.006410 0.459421 0.000000
0.012546 0.155952 0.236630 0.128388 0.006410 0.460073 0.000000
0.012821 0.155372 0.236416 0.128205 0.006410 0.460775 0.000000
0.012744 0.154686 0.236874 0.128205 0.006410 0.461081 0.000000
0.012821 0.154696 0.236198 0.127355 0.006410 0.462520 0.000000
0.013278 0.154762 0.235501 0.127137 0.006410 0.462912 0.000000
0.013736 0.154762 0.234890 0.126832 0.006410 0.463370 0.000000
0.013736 0.153999 0.234585 0.127289 0.006410 0.463980 0.000000
0.013278 0.154304 0.234432 0.127289 0.006410 0.464286 0.000000
0.013584 0.153846 0.234737 0.127289 0.006410 0.464133 0.000000
0.013889 0.153999 0.234203 0.127289 0.006410 0.464209 0.000000
0.014103 0.153114 0.233883 0.127747 0.006410 0.464744 0.000000
0.013507 0.152587 0.234203 0.128205 0.006410 0.465087 0.000000
0.013126 0.152320 0.234890 0.128205 0.006410 0.465049 0.000000
0.013278 0.152015 0.234707 0.127930 0.006410 0.465659 0.000000
0.012821 0.152106 0.234066 0.127473 0.006410 0.467125 0.000000
0.012363 0.151938 0.233745 0.126984 0.006410 0.468559 0.000000
0.012515 0.150183 0.234636 0.126323 0.006410 0.469933 0.000000
0.012821 0.148901 0.234341 0.126282 0.006410 0.471245 0.000000
0.012821 0.147589 0.235043 0.126374 0.006410 0.471764 0.000000
0.012821 0.147436 0.234890 0.125916 0.006410 0.472527 0.000000
0.012363 0.147894 0.234203 0.125916 0.006410 0.473214 0.000000
0.012363 0.147436 0.233974 0.125916 0.006410 0.473901 0.000000
0.012592 0.147436 0.233974 0.125458 0.006410 0.474130 0.000000
0.013095 0.147253 0.233608 0.125092 0.006410 0.474542 0.000000
0.013278 0.146978 0.233516 0.124542 0.006410 0.475275 0.000000
0.013736 0.145801 0.233909 0.125392 0.006410 0.474751 0.000000
0.013736 0.145070 0.234737 0.124618 0.006410 0.475427 0.000000
0.013736 0.144460 0.234432 0.124313 0.006410 0.476648 0.000000
0.013736 0.143773 0.234127 0.124847 0.006410 0.477106 0.000000
0.013851 0.143086 0.234776 0.125000 0.006410 0.476877 0.000000
0.013889 0.142857 0.234432 0.125458 0.006105 0.477259 0.000000
0.014011 0.142216 0.235256 0.125092 0.005952 0.477473 0.000000
0.013431 0.142094 0.235958 0.124542 0.005952 0.478022 0.000000
0.013660 0.142247 0.236264 0.123932 0.005952 0.477946 0.000000
0.013736 0.141884 0.236207 0.124027 0.005952 0.478194 0.000000
0.013736 0.140873 0.235806 0.123932 0.005952 0.479701 0.000000
0.013736 0.140339 0.236035 0.123626 0.005952 0.480311 0.000000
0.013736 0.140110 0.235806 0.123626 0.005952 0.480769 0.000000
0.014194 0.139560 0.236172 0.123443 0.005952 0.480678 0.000000
0.014103 0.138553 0.235989 0.123626 0.005952 0.481777 0.000000
0.013507 0.138355 0.236035 0.123245 0.005952 0.482906 0.000000
0.013278 0.137821 0.235806 0.123168 0.005952 0.483974 0.000000
0.013126 0.137515 0.235958 0.122711 0.005952 0.484737 0.000000
0.013082 0.137886 0.234628 0.122711 0.005952 0.485740 0.000000
0.012897 0.137821 0.232906 0.122711 0.005952 0.487714 0.000000
0.013148 0.137101 0.231816 0.123038 0.005952 0.488946 0.000000
0.012592 0.136676 0.231685 0.123168 0.005952 0.489927 0.000000
0.011905 0.137076 0.230884 0.122482 0.005952 0.491701 0.000000
0.011752 0.136981 0.230235 0.121795 0.005952 0.493284 0.000000
0.012363 0.136561 0.229281 0.121909 0.005952 0.493933 0.000000
0.012057 0.137057 0.228938 0.121795 0.005952 0.494200 0.000000
0.011905 0.137057 0.228785 0.121642 0.005952 0.494658 0.000000
0.012637 0.136905 0.228205 0.121429 0.005952 0.494872 0.000000
0.013049 0.136371 0.227030 0.121566 0.005952 0.496032 0.000000
0.013507 0.135989 0.226305 0.121223 0.005952 0.497024 0.000000
0.013736 0.135989 0.225504 0.120879 0.005952 0.497940 0.000000
0.014143 0.134870 0.225580 0.121133 0.005952 0.498321 0.000000
0.013507 0.134730 0.225962 0.120421 0.005952 0.499428 0.000000
0.013393 0.134844 0.226305 0.119734 0.005952 0.499771 0.000000
0.012755 0.135008 0.225602 0.119505 0.005952 0.501177 0.000000
0.011722 0.135440 0.225458 0.119139 0.005952 0.502289 0.000000
0.011905 0.134844 0.225733 0.119734 0.005952 0.501832 0.000000
0.012261 0.134870 0.225020 0.119862 0.005952 0.502035 0.000000
0.011447 0.135073 0.225275 0.119963 0.005952 0.502289 0.000000
0.011447 0.135008 0.223509 0.120029 0.005952 0.504055 0.000000
0.011676 0.134615 0.221955 0.120078 0.005952 0.505723 0.000000
0.011905 0.134158 0.222070 0.119963 0.005952 0.505952 0.000000
0.011905 0.133700 0.221917 0.120116 0.005952 0.506410 0.000000
0.012036 0.132522 0.221873 0.120356 0.005952 0.507261 0.000000
0.011905 0.131960 0.222070 0.120238 0.005952 0.507875 0.000000
0.012210 0.131410 0.222070 0.119811 0.005952 0.508547 0.000000
0.012624 0.131083 0.221808 0.118851 0.005952 0.509681 0.000000
0.013355 0.130266 0.221841 0.118208 0.005952 0.510379 0.000000
0.013736 0.128480 0.223352 0.118132 0.005952 0.510348 0.000000
0.013370 0.127289 0.223718 0.118956 0.005952 0.510714 0.000000
0.012668 0.127213 0.223367 0.119048 0.005952 0.511752 0.000000
0.012363 0.126648 0.223168 0.118773 0.005952 0.513095 0.000000
0.012248 0.126832 0.222985 0.118246 0.005952 0.513736 0.000000
0.013431 0.126832 0.222680 0.118132 0.005952 0.512973 0.000000
0.013736 0.126374 0.222894 0.117582 0.005678 0.513736 0.000000
0.013736 0.126374 0.222070 0.116987 0.005495 0.515339 0.000000
0.014194 0.126145 0.222070 0.116987 0.005495 0.515110 0.000000
0.014270 0.125229 0.222070 0.117063 0.005495 0.515873 0.000000
0.014835 0.124542 0.221612 0.116941 0.005495 0.516575 0.000000
0.015018 0.124451 0.221886 0.116575 0.005495 0.516575 0.000000
0.015491 0.123474 0.221917 0.116453 0.005495 0.517170 0.000000
0.015339 0.123397 0.220353 0.116644 0.005495 0.518773 0.000000
0.014423 0.124313 0.220238 0.116300 0.005495 0.519231 0.000000
0.014194 0.123626 0.221154 0.116300 0.005495 0.519231 0.000000
0.014538 0.123054 0.221497 0.116300 0.005495 0.519116 0.000000
