0.999286 0.000549 0.000114 0.000052 0.000000 0.000000 0.000000
0.999105 0.000623 0.000103 0.000015 0.000000 0.000154 0.000000
0.998747 0.000945 0.000169 0.000033 0.000000 0.000106 0.000000
0.998488 0.001130 0.000217 0.000046 0.000000 0.000120 0.000000
0.998245 0.001301 0.000237 0.000058 0.000001 0.000157 0.000000
0.997967 0.001529 0.000275 0.000071 0.000001 0.000157 0.000000
0.997710 0.001718 0.000313 0.000088 0.000001 0.000170 0.000000
0.997456 0.001916 0.000341 0.000102 0.000001 0.000184 0.000000
0.997198 0.002112 0.000377 0.000118 0.000001 0.000195 0.000000
0.996943 0.002299 0.000422 0.000132 0.000001 0.000202 0.000000
0.996679 0.002498 0.000457 0.000155 0.000001 0.000210 0.000000
0.996431 0.002674 0.000494 0.000175 0.000001 0.000225 0.000000
0.996158 0.002894 0.000522 0.000190 0.000001 0.000235 0.000000
0.995895 0.003102 0.000553 0.000201 0.000001 0.000248 0.000000
0.995635 0.003295 0.000598 0.000214 0.000001 0.000257 0.000000
0.995378 0.003488 0.000637 0.000229 0.000001 0.000267 0.000000
0.995125 0.003675 0.000665 0.000252 0.000001 0.000281 0.000000
0.994872 0.003861 0.000699 0.000272 0.000001 0.000296 0.000000
0.994615 0.004054 0.000737 0.000288 0.000001 0.000306 0.000000
0.994342 0.004271 0.000774 0.000298 0.000001 0.000313 0.000000
0.994071 0.004496 0.000804 0.000301 0.000001 0.000327 0.000000
0.993814 0.004690 0.000843 0.000312 0.000001 0.000340 0.000000
0.993555 0.004892 0.000869 0.000332 0.000001 0.000351 0.000000
0.993305 0.005074 0.000912 0.000343 0.000001 0.000365 0.000000
0.993058 0.005241 0.000966 0.000360 0.000001 0.000374 0.000000
0.992797 0.005436 0.001005 0.000379 0.000001 0.000382 0.000000
0.992532 0.005646 0.001030 0.000395 0.000002 0.000396 0.000000
0.992263 0.005860 0.001068 0.000406 0.000002 0.000401 0.000000
0.991999 0.006070 0.001087 0.000427 0.000002 0.000415 0.000000
0.991748 0.006256 0.001117 0.000445 0.000002 0.000433 0.000000
0.991487 0.006453 0.001155 0.000459 0.000002 0.000444 0.000000
0.991232 0.006635 0.001198 0.000481 0.000002 0.000452 0.000000
0.990974 0.006834 0.001228 0.000496 0.000002 0.000466 0.000000
0.990722 0.007019 0.001270 0.000508 0.000002 0.000479 0.000000
0.990477 0.007192 0.001297 0.000533 0.000002 0.000499 0.000000
0.990216 0.007393 0.001329 0.000552 0.000002 0.000508 0.000000
0.989949 0.007609 0.001352 0.000564 0.000002 0.000525 0.000000
0.989687 0.007804 0.001398 0.000577 0.000002 0.000532 0.000000
0.989442 0.007965 0.001450 0.000605 0.000002 0.000537 0.000000
0.989177 0.008169 0.001486 0.000619 0.000002 0.000547 0.000000
0.988908 0.008387 0.001517 0.000629 0.000002 0.000557 0.000000
0.988639 0.008604 0.001543 0.000643 0.000002 0.000570 0.000000
0.988394 0.008773 0.001589 0.000661 0.000002 0.000581 0.000000
0.988142 0.008960 0.001626 0.000678 0.000002 0.000592 0.000000
0.987881 0.009155 0.001664 0.000697 0.000002 0.000601 0.000000
0.987625 0.009344 0.001707 0.000709 0.000002 0.000613 0.000000
0.987367 0.009542 0.001740 0.000719 0.000003 0.000630 0.000000
0.987097 0.009754 0.001781 0.000728 0.000003 0.000637 0.000000
0.986839 0.009947 0.001822 0.000741 0.000003 0.000648 0.000000
0.986571 0.010160 0.001854 0.000751 0.000003 0.000661 0.000000
0.986302 0.010374 0.001890 0.000760 0.000003 0.000672 0.000000
0.986043 0.010568 0.001929 0.000775 0.000003 0.000683 0.000000
0.985782 0.010764 0.001970 0.000787 0.000003 0.000694 0.000000
0.985530 0.010946 0.002018 0.000797 0.000003 0.000706 0.000000
0.985269 0.011147 0.002046 0.000815 0.000003 0.000720 0.000000
0.985004 0.011352 0.002083 0.000828 0.000003 0.000731 0.000000
0.984748 0.011541 0.002121 0.000844 0.000003 0.000743 0.000000
0.984498 0.011723 0.002156 0.000863 0.000003 0.000757 0.000000
0.984253 0.011899 0.002197 0.000879 0.000003 0.000769 0.000000
0.983996 0.012095 0.002230 0.000892 0.000003 0.000785 0.000000
0.983735 0.012297 0.002257 0.000910 0.000003 0.000798 0.000000
0.983485 0.012491 0.002285 0.000915 0.000004 0.000819 0.000000
0.983213 0.012709 0.002321 0.000925 0.000004 0.000828 0.000000
0.982957 0.012905 0.002349 0.000942 0.000004 0.000844 0.000000
0.982698 0.013102 0.002387 0.000958 0.000004 0.000852 0.000000
0.982447 0.013282 0.002423 0.000982 0.000004 0.000863 0.000000
0.982186 0.013477 0.002468 0.000993 0.000004 0.000873 0.000000
0.981929 0.013669 0.002504 0.001012 0.000004 0.000883 0.000000
0.981680 0.013839 0.002549 0.001038 0.000004 0.000890 0.000000
0.981433 0.014012 0.002594 0.001058 0.000004 0.000899 0.000000
0.981186 0.014182 0.002639 0.001077 0.000004 0.000911 0.000000
0.980925 0.014379 0.002676 0.001094 0.000004 0.000921 0.000000
0.980665 0.014576 0.002716 0.001107 0.000004 0.000931 0.000000
0.980404 0.014776 0.002753 0.001123 0.000004 0.000940 0.000000
0.980139 0.014980 0.002785 0.001142 0.000004 0.000949 0.000000
0.979890 0.015160 0.002822 0.001161 0.000004 0.000962 0.000000
0.979624 0.015368 0.002858 0.001174 0.000004 0.000971 0.000000
0.979357 0.015580 0.002893 0.001189 0.000004 0.000977 0.000000
0.979102 0.015767 0.002931 0.001206 0.000004 0.000990 0.000000
0.978844 0.015966 0.002964 0.001218 0.000004 0.001002 0.000000
0.978586 0.016159 0.002994 0.001243 0.000004 0.001014 0.000000
0.978320 0.016369 0.003029 0.001255 0.000004 0.001022 0.000000
0.978060 0.016569 0.003066 0.001262 0.000004 0.001038 0.000000
0.977801 0.016758 0.003108 0.001283 0.000004 0.001045 0.000000
0.977535 0.016968 0.003137 0.001297 0.000004 0.001058 0.000000
0.977274 0.017175 0.003157 0.001314 0.000005 0.001074 0.000000
0.977015 0.017374 0.003188 0.001326 0.000005 0.001091 0.000000
0.976750 0.017584 0.003223 0.001338 0.000005 0.001099 0.000000
0.976490 0.017788 0.003253 0.001350 0.000005 0.001114 0.000000
0.976229 0.017986 0.003286 0.001368 0.000005 0.001126 0.000000
0.975979 0.018165 0.003332 0.001380 0.000006 0.001139 0.000000
0.975715 0.018363 0.003374 0.001396 0.000006 0.001146 0.000000
0.975452 0.018572 0.003394 0.001416 0.000006 0.001160 0.000000
0.975200 0.018756 0.003441 0.001429 0.000006 0.001168 0.000000
0.974938 0.018958 0.003480 0.001440 0.000006 0.001178 0.000000
0.974689 0.019138 0.003526 0.001449 0.000006 0.001192 0.000000
0.974440 0.019315 0.003567 0.001465 0.000006 0.001206 0.000000
0.974178 0.019520 0.003596 0.001481 0.000006 0.001219 0.000000
0.973919 0.019721 0.003622 0.001500 0.000006 0.001231 0.000000
0.973668 0.019905 0.003655 0.001519 0.000006 0.001247 0.000000
0.973410 0.020101 0.003690 0.001533 0.000006 0.001259 0.000000
0.973167 0.020266 0.003740 0.001547 0.000006 0.001273 0.000000
0.972908 0.020458 0.003782 0.001562 0.000006 0.001283 0.000000
0.972646 0.020657 0.003813 0.001585 0.000006 0.001293 0.000000
0.972382 0.020859 0.003850 0.001602 0.000006 0.001302 0.000000
0.972125 0.021055 0.003881 0.001621 0.000006 0.001312 0.000000
0.971851 0.021285 0.003903 0.001628 0.000006 0.001326 0.000000
0.971599 0.021469 0.003944 0.001644 0.000006 0.001338 0.000000
0.971342 0.021668 0.003979 0.001653 0.000006 0.001352 0.000000
0.971083 0.021861 0.004024 0.001666 0.000006 0.001361 0.000000
0.970807 0.022087 0.004055 0.001672 0.000007 0.001371 0.000000
0.970540 0.022297 0.004094 0.001682 0.000007 0.001381 0.000000
0.970277 0.022505 0.004118 0.001698 0.000007 0.001395 0.000000
0.970014 0.022712 0.004143 0.001716 0.000007 0.001408 0.000000
0.969759 0.022906 0.004171 0.001730 0.000007 0.001427 0.000000
0.969498 0.023105 0.004203 0.001750 0.000007 0.001437 0.000000
0.969225 0.023323 0.004237 0.001762 0.000007 0.001445 0.000000
0.968979 0.023495 0.004279 0.001779 0.000007 0.001460 0.000000
0.968724 0.023686 0.004314 0.001795 0.000007 0.001475 0.000000
0.968466 0.023882 0.004349 0.001805 0.000007 0.001491 0.000000
0.968207 0.024075 0.004390 0.001823 0.000007 0.001498 0.000000
0.967953 0.024261 0.004426 0.001842 0.000007 0.001511 0.000000
0.967693 0.024460 0.004462 0.001858 0.000007 0.001521 0.000000
0.967435 0.024652 0.004497 0.001881 0.000007 0.001529 0.000000
0.967182 0.024833 0.004538 0.001900 0.000007 0.001540 0.000000
0.966925 0.025029 0.004569 0.001917 0.000007 0.001553 0.000000
0.966670 0.025216 0.004614 0.001928 0.000007 0.001565 0.000000
0.966415 0.025407 0.004646 0.001949 0.000007 0.001576 0.000000
0.966155 0.025606 0.004682 0.001961 0.000008 0.001588 0.000000
0.965892 0.025811 0.004713 0.001974 0.000008 0.001602 0.000000
0.965634 0.026006 0.004748 0.001992 0.000008 0.001613 0.000000
0.965378 0.026198 0.004776 0.002014 0.000008 0.001626 0.000000
0.965118 0.026393 0.004815 0.002029 0.000008 0.001637 0.000000
0.964858 0.026590 0.004858 0.002041 0.000008 0.001645 0.000000
0.964598 0.026785 0.004904 0.002053 0.000008 0.001652 0.000000
0.964345 0.026968 0.004946 0.002072 0.000008 0.001661 0.000000
0.964091 0.027160 0.004981 0.002079 0.000008 0.001681 0.000000
0.963838 0.027347 0.005027 0.002092 0.000008 0.001689 0.000000
0.963579 0.027545 0.005056 0.002108 0.000008 0.001704 0.000000
0.963326 0.027735 0.005093 0.002117 0.000008 0.001721 0.000000
0.963061 0.027939 0.005124 0.002136 0.000008 0.001731 0.000000
0.962797 0.028140 0.005166 0.002153 0.000008 0.001735 0.000000
0.962536 0.028346 0.005191 0.002169 0.000008 0.001750 0.000000
0.962297 0.028505 0.005241 0.002187 0.000008 0.001761 0.000000
0.962041 0.028695 0.005271 0.002212 0.000008 0.001773 0.000000
0.961786 0.028891 0.005299 0.002222 0.000008 0.001794 0.000000
0.961526 0.029090 0.005337 0.002233 0.000008 0.001806 0.000000
0.961274 0.029276 0.005371 0.002248 0.000008 0.001822 0.000000
0.961027 0.029452 0.005405 0.002268 0.000008 0.001840 0.000000
0.960775 0.029635 0.005449 0.002281 0.000008 0.001853 0.000000
0.960518 0.029823 0.005492 0.002297 0.000008 0.001861 0.000000
0.960274 0.029986 0.005546 0.002317 0.000008 0.001870 0.000000
0.960022 0.030176 0.005581 0.002325 0.000008 0.001889 0.000000
0.959773 0.030350 0.005624 0.002348 0.000008 0.001896 0.000000
0.959513 0.030545 0.005663 0.002364 0.000008 0.001907 0.000000
0.959258 0.030727 0.005712 0.002381 0.000008 0.001914 0.000000
0.959001 0.030915 0.005753 0.002400 0.000008 0.001923 0.000000
0.958749 0.031099 0.005793 0.002411 0.000008 0.001940 0.000000
0.958501 0.031277 0.005840 0.002424 0.000008 0.001949 0.000000
0.958231 0.031500 0.005862 0.002433 0.000008 0.001967 0.000000
0.957972 0.031696 0.005899 0.002448 0.000008 0.001977 0.000000
0.957709 0.031896 0.005935 0.002464 0.000008 0.001987 0.000000
0.957451 0.032088 0.005976 0.002479 0.000008 0.001998 0.000000
0.957194 0.032282 0.006016 0.002489 0.000008 0.002010 0.000000
0.956945 0.032458 0.006061 0.002510 0.000008 0.002019 0.000000
0.956685 0.032655 0.006098 0.002521 0.000008 0.002032 0.000000
0.956431 0.032842 0.006144 0.002533 0.000008 0.002042 0.000000
0.956187 0.033016 0.006182 0.002550 0.000008 0.002057 0.000000
0.955945 0.033178 0.006229 0.002570 0.000008 0.002070 0.000000
0.955685 0.033379 0.006262 0.002583 0.000008 0.002083 0.000000
0.955433 0.033565 0.006296 0.002600 0.000008 0.002099 0.000000
0.955183 0.033744 0.006331 0.002620 0.000008 0.002114 0.000000
0.954933 0.033923 0.006370 0.002638 0.000008 0.002128 0.000000
0.954678 0.034115 0.006414 0.002646 0.000008 0.002139 0.000000
0.954425 0.034301 0.006448 0.002664 0.000008 0.002155 0.000000
0.954176 0.034475 0.006498 0.002677 0.000008 0.002166 0.000000
0.953919 0.034667 0.006538 0.002694 0.000008 0.002175 0.000000
0.953669 0.034846 0.006582 0.002709 0.000009 0.002185 0.000000
0.953422 0.035027 0.006618 0.002720 0.000009 0.002204 0.000000
0.953158 0.035236 0.006641 0.002737 0.000009 0.002220 0.000000
0.952894 0.035438 0.006678 0.002751 0.000009 0.002230 0.000000
0.952617 0.035667 0.006704 0.002766 0.000009 0.002237 0.000000
0.952362 0.035855 0.006741 0.002783 0.000009 0.002250 0.000000
0.952110 0.036040 0.006772 0.002806 0.000009 0.002263 0.000000
0.951855 0.036232 0.006805 0.002820 0.000009 0.002280 0.000000
0.951601 0.036420 0.006838 0.002839 0.000009 0.002293 0.000000
0.951347 0.036609 0.006874 0.002857 0.000009 0.002304 0.000000
0.951079 0.036822 0.006910 0.002870 0.000009 0.002310 0.000000
0.950823 0.037012 0.006951 0.002882 0.000009 0.002323 0.000000
0.950565 0.037205 0.006995 0.002892 0.000009 0.002333 0.000000
0.950310 0.037397 0.007032 0.002906 0.000009 0.002346 0.000000
0.950044 0.037606 0.007065 0.002921 0.000009 0.002354 0.000000
0.949785 0.037802 0.007097 0.002943 0.000009 0.002364 0.000000
0.949532 0.037985 0.007143 0.002957 0.000009 0.002374 0.000000
0.949283 0.038168 0.007175 0.002975 0.000009 0.002391 0.000000
0.949038 0.038339 0.007219 0.002993 0.000009 0.002403 0.000000
0.948786 0.038517 0.007264 0.003011 0.000009 0.002413 0.000000
0.948538 0.038698 0.007291 0.003031 0.000009 0.002433 0.000000
0.948276 0.038905 0.007322 0.003045 0.000009 0.002443 0.000000
0.948018 0.039098 0.007363 0.003059 0.000009 0.002453 0.000000
0.947770 0.039269 0.007405 0.003082 0.000009 0.002465 0.000000
0.947517 0.039453 0.007446 0.003098 0.000009 0.002477 0.000000
0.947259 0.039648 0.007477 0.003116 0.000009 0.002491 0.000000
0.946997 0.039855 0.007505 0.003125 0.000009 0.002509 0.000000
0.946754 0.040020 0.007545 0.003149 0.000009 0.002524 0.000000
0.946511 0.040191 0.007587 0.003162 0.000009 0.002540 0.000000
0.946254 0.040379 0.007629 0.003182 0.000009 0.002546 0.000000
0.946014 0.040537 0.007673 0.003207 0.000009 0.002560 0.000000
0.945761 0.040726 0.007712 0.003218 0.000009 0.002574 0.000000
0.945504 0.040917 0.007751 0.003234 0.000009 0.002584 0.000000
0.945245 0.041117 0.007779 0.003255 0.000009 0.002596 0.000000
0.944995 0.041303 0.007814 0.003261 0.000010 0.002617 0.000000
0.944743 0.041489 0.007851 0.003276 0.000010 0.002631 0.000000
0.944494 0.041671 0.007886 0.003293 0.000010 0.002647 0.000000
0.944238 0.041868 0.007914 0.003307 0.000010 0.002664 0.000000
0.943994 0.042036 0.007957 0.003327 0.000010 0.002676 0.000000
0.943747 0.042211 0.008003 0.003341 0.000010 0.002688 0.000000
0.943491 0.042404 0.008042 0.003350 0.000010 0.002703 0.000000
0.943241 0.042583 0.008088 0.003368 0.000010 0.002711 0.000000
0.942988 0.042764 0.008130 0.003387 0.000010 0.002722 0.000000
0.942737 0.042955 0.008158 0.003400 0.000010 0.002740 0.000000
0.942479 0.043150 0.008187 0.003421 0.000010 0.002754 0.000000
0.942237 0.043323 0.008228 0.003433 0.000010 0.002770 0.000000
0.941974 0.043526 0.008252 0.003453 0.000010 0.002784 0.000000
0.941722 0.043710 0.008295 0.003468 0.000010 0.002795 0.000000
0.941469 0.043893 0.008338 0.003481 0.000010 0.002808 0.000000
0.941226 0.044061 0.008383 0.003499 0.000010 0.002821 0.000000
0.940959 0.044273 0.008413 0.003510 0.000010 0.002835 0.000000
0.940712 0.044445 0.008468 0.003522 0.000010 0.002844 0.000000
0.940469 0.044606 0.008519 0.003542 0.000010 0.002855 0.000000
0.940215 0.044795 0.008559 0.003555 0.000010 0.002865 0.000000
0.939981 0.044948 0.008611 0.003570 0.000010 0.002880 0.000000
0.939732 0.045122 0.008655 0.003587 0.000010 0.002894 0.000000
0.939475 0.045319 0.008686 0.003600 0.000010 0.002910 0.000000
0.939225 0.045497 0.008726 0.003619 0.000010 0.002924 0.000000
0.938969 0.045688 0.008759 0.003634 0.000010 0.002940 0.000000
0.938722 0.045869 0.008797 0.003644 0.000010 0.002958 0.000000
0.938464 0.046067 0.008829 0.003655 0.000010 0.002975 0.000000
0.938211 0.046252 0.008873 0.003671 0.000010 0.002984 0.000000
0.937952 0.046448 0.008906 0.003686 0.000010 0.002999 0.000000
0.937692 0.046648 0.008942 0.003692 0.000010 0.003015 0.000000
0.937432 0.046848 0.008978 0.003703 0.000010 0.003029 0.000000
0.937177 0.047042 0.009013 0.003712 0.000010 0.003046 0.000000
0.936923 0.047227 0.009055 0.003728 0.000010 0.003058 0.000000
0.936674 0.047404 0.009099 0.003744 0.000010 0.003069 0.000000
0.936417 0.047600 0.009134 0.003757 0.000010 0.003082 0.000000
0.936164 0.047785 0.009178 0.003773 0.000010 0.003090 0.000000
0.935912 0.047964 0.009223 0.003791 0.000010 0.003100 0.000000
0.935610 0.048200 0.009263 0.003809 0.000010 0.003109 0.000000
0.935358 0.048385 0.009296 0.003829 0.000010 0.003123 0.000000
0.935050 0.048625 0.009346 0.003841 0.000010 0.003128 0.000000
0.934909 0.048678 0.009401 0.003859 0.000010 0.003143 0.000000
0.934605 0.048912 0.009441 0.003880 0.000010 0.003153 0.000000
0.934289 0.049169 0.009475 0.003894 0.000010 0.003162 0.000000
0.933874 0.049510 0.009523 0.003918 0.000010 0.003164 0.000000
0.933423 0.049912 0.009557 0.003932 0.000010 0.003166 0.000000
0.933455 0.049788 0.009608 0.003947 0.000010 0.003193 0.000000
0.933192 0.049985 0.009646 0.003955 0.000010 0.003213 0.000000
0.932738 0.050376 0.009684 0.003976 0.000010 0.003216 0.000000
0.932531 0.050516 0.009724 0.003994 0.000010 0.003224 0.000000
0.932023 0.050907 0.009809 0.004011 0.000010 0.003241 0.000000
0.931989 0.050866 0.009844 0.004025 0.000010 0.003266 0.000000
0.931995 0.050799 0.009874 0.004036 0.000011 0.003285 0.000000
0.931651 0.051075 0.009911 0.004058 0.000011 0.003294 0.000000
0.931100 0.051509 0.009986 0.004075 0.000011 0.003317 0.000000
0.931075 0.051502 0.010008 0.004077 0.000011 0.003327 0.000000
0.930337 0.052168 0.010044 0.004116 0.000011 0.003323 0.000000
0.930565 0.051862 0.010090 0.004110 0.000012 0.003361 0.000000
0.930436 0.051945 0.010114 0.004121 0.000012 0.003372 0.000000
0.929696 0.052580 0.010177 0.004164 0.000012 0.003372 0.000000
0.929674 0.052474 0.010255 0.004165 0.000012 0.003420 0.000000
0.928865 0.053204 0.010290 0.004222 0.000012 0.003407 0.000000
0.929089 0.052966 0.010289 0.004222 0.000012 0.003422 0.000000
0.928963 0.053034 0.010325 0.004232 0.000012 0.003434 0.000000
0.928922 0.053007 0.010368 0.004231 0.000013 0.003459 0.000000
0.928068 0.053729 0.010439 0.004297 0.000013 0.003453 0.000000
0.928033 0.053743 0.010447 0.004300 0.000013 0.003464 0.000000
0.927221 0.054442 0.010503 0.004364 0.000013 0.003458 0.000000
0.927524 0.054122 0.010525 0.004325 0.000013 0.003490 0.000000
0.926858 0.054668 0.010596 0.004372 0.000013 0.003494 0.000000
0.926940 0.054523 0.010636 0.004369 0.000013 0.003518 0.000000
0.926176 0.055085 0.010765 0.004426 0.000013 0.003536 0.000000
0.926157 0.055056 0.010797 0.004412 0.000013 0.003566 0.000000
0.926092 0.055081 0.010810 0.004425 0.000013 0.003580 0.000000
0.925158 0.055846 0.010904 0.004495 0.000013 0.003584 0.000000
0.925309 0.055700 0.010898 0.004479 0.000013 0.003601 0.000000
0.924532 0.056297 0.011013 0.004527 0.000013 0.003618 0.000000
0.924386 0.056388 0.011049 0.004532 0.000013 0.003631 0.000000
0.924027 0.056635 0.011126 0.004548 0.000013 0.003651 0.000000
0.924326 0.056367 0.011098 0.004535 0.000013 0.003661 0.000000
0.923958 0.056678 0.011117 0.004551 0.000013 0.003683 0.000000
0.923084 0.057335 0.011287 0.004565 0.000014 0.003715 0.000000
0.922077 0.058188 0.011367 0.004659 0.000013 0.003697 0.000000
0.923076 0.057341 0.011244 0.004612 0.000014 0.003713 0.000000
0.922404 0.057869 0.011357 0.004613 0.000014 0.003742 0.000000
0.920690 0.059230 0.011545 0.004747 0.000013 0.003774 0.000000
0.920974 0.058992 0.011470 0.004776 0.000013 0.003775 0.000000
0.919961 0.059802 0.011629 0.004804 0.000013 0.003792 0.000000
0.921220 0.058746 0.011495 0.004722 0.000013 0.003803 0.000000
0.920280 0.059439 0.011638 0.004802 0.000013 0.003829 0.000000
0.919671 0.059923 0.011721 0.004818 0.000012 0.003855 0.000000
0.919836 0.059767 0.011704 0.004831 0.000013 0.003848 0.000000
0.920519 0.059195 0.011636 0.004769 0.000013 0.003869 0.000000
0.919264 0.060163 0.011808 0.004824 0.000013 0.003928 0.000000
0.918717 0.060578 0.011888 0.004889 0.000012 0.003915 0.000000
0.917113 0.061796 0.012106 0.005054 0.000012 0.003918 0.000000
0.917535 0.061422 0.012085 0.004971 0.000012 0.003975 0.000000
0.917560 0.061379 0.012087 0.004982 0.000012 0.003979 0.000000
0.916339 0.062355 0.012249 0.005031 0.000012 0.004013 0.000000
0.916710 0.062026 0.012192 0.005016 0.000012 0.004043 0.000000
0.916039 0.062480 0.012315 0.005116 0.000012 0.004038 0.000000
0.914884 0.063402 0.012430 0.005158 0.000012 0.004114 0.000000
0.915373 0.063005 0.012420 0.005045 0.000012 0.004145 0.000000
0.914486 0.063731 0.012547 0.005101 0.000012 0.004123 0.000000
0.914839 0.063370 0.012500 0.005107 0.000012 0.004171 0.000000
0.914227 0.063835 0.012631 0.005141 0.000012 0.004153 0.000000
0.913370 0.064435 0.012767 0.005200 0.000012 0.004215 0.000000
0.912759 0.064950 0.012796 0.005319 0.000012 0.004163 0.000000
0.912504 0.065068 0.012874 0.005291 0.000012 0.004251 0.000000
0.912176 0.065334 0.012929 0.005284 0.000011 0.004266 0.000000
0.910968 0.066262 0.013095 0.005354 0.000011 0.004310 0.000000
0.911736 0.065688 0.012962 0.005327 0.000011 0.004275 0.000000
0.910257 0.066764 0.013241 0.005420 0.000011 0.004306 0.000000
0.910887 0.066206 0.013112 0.005435 0.000011 0.004350 0.000000
0.909080 0.067564 0.013419 0.005513 0.000011 0.004414 0.000000
0.910005 0.066817 0.013302 0.005461 0.000011 0.004403 0.000000
0.911481 0.065730 0.013038 0.005380 0.000012 0.004359 0.000000
0.908154 0.068269 0.013531 0.005601 0.000011 0.004435 0.000000
0.909570 0.067157 0.013312 0.005515 0.000011 0.004435 0.000000
0.908933 0.067618 0.013452 0.005526 0.000011 0.004459 0.000000
0.908933 0.067678 0.013427 0.005503 0.000011 0.004446 0.000000
0.907970 0.068323 0.013609 0.005613 0.000011 0.004474 0.000000
0.907193 0.068838 0.013789 0.005647 0.000011 0.004522 0.000000
0.907213 0.068785 0.013790 0.005657 0.000011 0.004544 0.000000
0.906966 0.068919 0.013855 0.005725 0.000011 0.004525 0.000000
0.903364 0.071624 0.014397 0.005957 0.000011 0.004647 0.000000
0.906341 0.069366 0.013947 0.005741 0.000011 0.004594 0.000000
0.904090 0.071012 0.014307 0.005901 0.000011 0.004680 0.000000
0.903627 0.071306 0.014373 0.005966 0.000011 0.004717 0.000000
0.903801 0.071229 0.014286 0.005906 0.000011 0.004768 0.000000
0.902368 0.072299 0.014531 0.006015 0.000011 0.004776 0.000000
0.901642 0.072735 0.014675 0.006100 0.000011 0.004838 0.000000
0.900281 0.073754 0.014836 0.006203 0.000011 0.004915 0.000000
0.901165 0.073064 0.014769 0.006133 0.000011 0.004857 0.000000
0.900903 0.073219 0.014812 0.006165 0.000011 0.004891 0.000000
0.902108 0.072339 0.014666 0.006094 0.000011 0.004783 0.000000
0.898944 0.074695 0.015121 0.006273 0.000011 0.004957 0.000000
0.900855 0.073269 0.014816 0.006158 0.000011 0.004891 0.000000
0.900966 0.073126 0.014810 0.006126 0.000011 0.004961 0.000000
0.899633 0.074162 0.014963 0.006261 0.000011 0.004971 0.000000
0.897589 0.075620 0.015357 0.006370 0.000011 0.005053 0.000000
0.898500 0.074952 0.015187 0.006264 0.000011 0.005085 0.000000
0.899407 0.074340 0.014972 0.006248 0.000011 0.005022 0.000000
0.894829 0.077618 0.015725 0.006561 0.000010 0.005256 0.000000
0.897356 0.075716 0.015411 0.006417 0.000011 0.005089 0.000000
0.895670 0.076892 0.015696 0.006502 0.000011 0.005230 0.000000
0.894657 0.077714 0.015855 0.006497 0.000010 0.005266 0.000000
0.897172 0.075850 0.015486 0.006355 0.000011 0.005126 0.000000
0.895450 0.077076 0.015680 0.006514 0.000011 0.005269 0.000000
0.891371 0.079961 0.016471 0.006757 0.000010 0.005430 0.000000
0.893198 0.078699 0.016092 0.006702 0.000011 0.005300 0.000000
0.892361 0.079251 0.016247 0.006762 0.000010 0.005368 0.000000
0.890518 0.080488 0.016623 0.006934 0.000010 0.005427 0.000000
0.890381 0.080469 0.016777 0.006891 0.000010 0.005471 0.000000
0.890261 0.080744 0.016629 0.006867 0.000010 0.005489 0.000000
0.887695 0.082660 0.017066 0.007027 0.000010 0.005542 0.000000
0.887954 0.082285 0.017081 0.006980 0.000010 0.005689 0.000000
0.887535 0.082624 0.017073 0.007109 0.000012 0.005647 0.000000
0.886796 0.083231 0.017191 0.007069 0.000016 0.005697 0.000000
0.883250 0.085653 0.017801 0.007378 0.000016 0.005901 0.000000
0.884285 0.084970 0.017730 0.007254 0.000016 0.005745 0.000000
0.886409 0.083327 0.017339 0.007245 0.000011 0.005669 0.000000
0.885104 0.084083 0.017668 0.007325 0.000016 0.005804 0.000000
0.881814 0.086663 0.018080 0.007460 0.000013 0.005971 0.000000
0.882808 0.085894 0.018004 0.007362 0.000017 0.005914 0.000000
0.882704 0.086087 0.017904 0.007403 0.000013 0.005890 0.000000
0.882128 0.086497 0.017947 0.007450 0.000017 0.005960 0.000000
0.883223 0.085651 0.017893 0.007306 0.000018 0.005910 0.000000
0.880324 0.087800 0.018271 0.007487 0.000014 0.006103 0.000000
0.881120 0.086969 0.018267 0.007529 0.000015 0.006100 0.000000
0.877097 0.090027 0.018835 0.007799 0.000019 0.006224 0.000000
0.876966 0.089727 0.019042 0.007959 0.000013 0.006292 0.000000
0.879735 0.088141 0.018360 0.007601 0.000014 0.006149 0.000000
0.875388 0.090989 0.019230 0.007970 0.000015 0.006408 0.000000
0.875544 0.091041 0.019079 0.007921 0.000012 0.006402 0.000000
0.875049 0.091078 0.019343 0.008074 0.000016 0.006441 0.000000
0.875087 0.091112 0.019245 0.008065 0.000015 0.006475 0.000000
0.874056 0.091636 0.019506 0.008116 0.000019 0.006667 0.000000
0.871567 0.093616 0.019782 0.008264 0.000016 0.006754 0.000000
0.874113 0.091821 0.019398 0.008058 0.000015 0.006595 0.000000
0.870801 0.094305 0.019868 0.008334 0.000015 0.006678 0.000000
0.870803 0.094017 0.020030 0.008350 0.000014 0.006786 0.000000
0.873371 0.092370 0.019614 0.008114 0.000018 0.006513 0.000000
0.868718 0.095493 0.020447 0.008409 0.000015 0.006918 0.000000
0.868447 0.095598 0.020509 0.008554 0.000020 0.006872 0.000000
0.872668 0.092809 0.019770 0.008146 0.000016 0.006591 0.000000
0.868006 0.095757 0.020741 0.008637 0.000018 0.006842 0.000000
0.866985 0.096519 0.020889 0.008639 0.000016 0.006952 0.000000
0.867748 0.096246 0.020687 0.008478 0.000021 0.006820 0.000000
0.866091 0.097386 0.020939 0.008610 0.000014 0.006960 0.000000
0.861176 0.100559 0.021913 0.009027 0.000023 0.007302 0.000000
0.860658 0.101030 0.021912 0.009025 0.000016 0.007359 0.000000
0.862336 0.099863 0.021668 0.008861 0.000021 0.007252 0.000000
0.863233 0.099226 0.021492 0.008746 0.000016 0.007286 0.000000
0.862342 0.099997 0.021692 0.008736 0.000014 0.007219 0.000000
0.860309 0.101239 0.022105 0.008929 0.000019 0.007400 0.000000
0.859415 0.101627 0.022287 0.009115 0.000021 0.007535 0.000000
0.856634 0.103935 0.022614 0.009185 0.000017 0.007615 0.000000
0.856227 0.104015 0.022841 0.009266 0.000018 0.007634 0.000000
0.861013 0.100486 0.022069 0.009034 0.000020 0.007377 0.000000
0.857217 0.103323 0.022647 0.009255 0.000019 0.007540 0.000000
0.853820 0.105262 0.023466 0.009579 0.000021 0.007853 0.000000
0.853573 0.105658 0.023479 0.009456 0.000015 0.007818 0.000000
0.855085 0.104426 0.023184 0.009515 0.000016 0.007774 0.000000
0.852544 0.106038 0.023767 0.009675 0.000016 0.007960 0.000000
0.851901 0.106279 0.023953 0.009858 0.000016 0.007993 0.000000
0.851794 0.106719 0.023834 0.009639 0.000017 0.007998 0.000000
0.847392 0.109291 0.024862 0.010057 0.000015 0.008382 0.000000
0.847771 0.109273 0.024489 0.010030 0.000017 0.008419 0.000000
0.850593 0.107359 0.024073 0.009763 0.000015 0.008196 0.000000
0.845590 0.110494 0.025062 0.010256 0.000017 0.008582 0.000000
0.845492 0.111195 0.024716 0.010161 0.000017 0.008420 0.000000
0.842755 0.112545 0.025522 0.010461 0.000020 0.008697 0.000000
0.841391 0.113249 0.025866 0.010596 0.000016 0.008882 0.000000
0.846326 0.110003 0.025005 0.010125 0.000015 0.008525 0.000000
0.844547 0.111420 0.025212 0.010191 0.000021 0.008609 0.000000
0.844810 0.111132 0.025216 0.010221 0.000016 0.008605 0.000000
0.842147 0.112735 0.025767 0.010514 0.000017 0.008821 0.000000
0.841592 0.113263 0.025851 0.010496 0.000021 0.008777 0.000000
0.838262 0.115455 0.026409 0.010753 0.000018 0.009102 0.000000
0.841024 0.113867 0.025746 0.010477 0.000016 0.008869 0.000000
0.836956 0.116250 0.026747 0.010783 0.000015 0.009249 0.000000
0.837649 0.115560 0.026736 0.010791 0.000014 0.009250 0.000000
0.835519 0.117163 0.027013 0.010994 0.000015 0.009296 0.000000
0.836811 0.116345 0.026772 0.010834 0.000019 0.009219 0.000000
0.835283 0.117300 0.027110 0.010966 0.000018 0.009323 0.000000
0.836700 0.116131 0.027012 0.010929 0.000016 0.009211 0.000000
0.831460 0.119454 0.027996 0.011253 0.000016 0.009820 0.000000
0.830653 0.119986 0.028097 0.011397 0.000017 0.009849 0.000000
0.826916 0.122715 0.028664 0.011662 0.000015 0.010027 0.000000
0.829914 0.120623 0.028216 0.011393 0.000019 0.009835 0.000000
0.835182 0.117017 0.027169 0.011136 0.000015 0.009481 0.000000
0.827134 0.122455 0.028740 0.011705 0.000017 0.009949 0.000000
0.826840 0.122437 0.028940 0.011650 0.000016 0.010117 0.000000
0.825019 0.123596 0.029093 0.011878 0.000016 0.010398 0.000000
0.826609 0.122661 0.028740 0.011790 0.000018 0.010182 0.000000
0.822109 0.125572 0.029616 0.012087 0.000017 0.010599 0.000000
0.823655 0.124430 0.029364 0.012059 0.000017 0.010475 0.000000
0.825639 0.123395 0.028913 0.011755 0.000019 0.010280 0.000000
0.820278 0.126676 0.029940 0.012364 0.000016 0.010726 0.000000
0.820703 0.126174 0.029904 0.012419 0.000018 0.010782 0.000000
0.820582 0.126685 0.029801 0.012240 0.000017 0.010675 0.000000
0.817803 0.128061 0.030552 0.012562 0.000017 0.011005 0.000000
0.816540 0.128893 0.030726 0.012658 0.000016 0.011168 0.000000
0.813043 0.131269 0.031428 0.012930 0.000013 0.011317 0.000000
0.810426 0.133006 0.031909 0.013160 0.000015 0.011485 0.000000
0.816953 0.128472 0.030600 0.012883 0.000015 0.011077 0.000000
0.815921 0.129687 0.030651 0.012643 0.000013 0.011085 0.000000
0.816147 0.129197 0.030645 0.012815 0.000017 0.011179 0.000000
0.811536 0.132115 0.031745 0.013095 0.000018 0.011491 0.000000
0.811172 0.132276 0.031853 0.013197 0.000016 0.011486 0.000000
0.806637 0.135004 0.032602 0.013608 0.000021 0.012129 0.000000
0.811584 0.132197 0.031553 0.013113 0.000013 0.011539 0.000000
0.806442 0.135396 0.032845 0.013467 0.000019 0.011832 0.000000
0.806991 0.134904 0.032763 0.013452 0.000018 0.011873 0.000000
0.807078 0.134814 0.032724 0.013432 0.000017 0.011935 0.000000
0.809281 0.133673 0.032156 0.013119 0.000017 0.011755 0.000000
0.804617 0.136680 0.032986 0.013590 0.000021 0.012106 0.000000
0.806145 0.135699 0.032644 0.013495 0.000022 0.011996 0.000000
0.804242 0.136545 0.033190 0.013725 0.000019 0.012279 0.000000
0.800027 0.139455 0.034067 0.013988 0.000022 0.012440 0.000000
0.802310 0.137635 0.033525 0.013960 0.000019 0.012551 0.000000
0.800041 0.139072 0.034091 0.014027 0.000019 0.012751 0.000000
0.795458 0.142033 0.034872 0.014480 0.000023 0.013133 0.000000
0.796390 0.141698 0.034630 0.014350 0.000021 0.012910 0.000000
0.791219 0.144784 0.035699 0.014791 0.000023 0.013483 0.000000
0.792139 0.144220 0.035564 0.014734 0.000023 0.013321 0.000000
0.796948 0.141215 0.034594 0.014263 0.000025 0.012954 0.000000
0.794016 0.142773 0.035297 0.014689 0.000024 0.013201 0.000000
0.791115 0.144747 0.035696 0.014772 0.000021 0.013648 0.000000
0.792843 0.143574 0.035383 0.014696 0.000026 0.013478 0.000000
0.785503 0.148190 0.036744 0.015383 0.000027 0.014153 0.000000
0.789859 0.145501 0.036044 0.014979 0.000027 0.013589 0.000000
0.787827 0.146499 0.036638 0.015064 0.000026 0.013946 0.000000
0.789126 0.145884 0.036208 0.015040 0.000027 0.013716 0.000000
0.786550 0.147492 0.036811 0.015240 0.000031 0.013877 0.000000
0.786532 0.147353 0.037025 0.015166 0.000029 0.013895 0.000000
0.787212 0.146934 0.036652 0.015171 0.000030 0.014001 0.000000
0.782619 0.149479 0.037782 0.015572 0.000028 0.014521 0.000000
0.784866 0.148131 0.037364 0.015429 0.000026 0.014185 0.000000
0.784275 0.148372 0.037392 0.015495 0.000025 0.014441 0.000000
0.781470 0.150158 0.037996 0.015724 0.000031 0.014621 0.000000
0.775327 0.154049 0.039337 0.016151 0.000028 0.015108 0.000000
0.779299 0.151897 0.038333 0.015758 0.000031 0.014683 0.000000
0.777545 0.152800 0.038772 0.015958 0.000028 0.014897 0.000000
0.773744 0.154674 0.039708 0.016356 0.000034 0.015483 0.000000
0.772661 0.155662 0.039849 0.016345 0.000033 0.015450 0.000000
0.773515 0.154993 0.039477 0.016534 0.000025 0.015455 0.000000
0.775586 0.153884 0.039242 0.016041 0.000027 0.015221 0.000000
0.775007 0.154288 0.039381 0.016190 0.000032 0.015102 0.000000
0.769484 0.157079 0.040750 0.016762 0.000031 0.015893 0.000000
0.768693 0.157662 0.040800 0.016950 0.000029 0.015866 0.000000
0.764341 0.160244 0.041661 0.017361 0.000028 0.016365 0.000000
0.763734 0.160013 0.042164 0.017380 0.000027 0.016681 0.000000
0.767728 0.158347 0.040860 0.017053 0.000032 0.015980 0.000000
0.763854 0.160409 0.041923 0.017287 0.000032 0.016495 0.000000
0.766408 0.159433 0.041066 0.017037 0.000030 0.016026 0.000000
0.765514 0.159414 0.041632 0.017130 0.000030 0.016280 0.000000
0.764839 0.159704 0.041806 0.017299 0.000032 0.016320 0.000000
0.761036 0.162060 0.042639 0.017467 0.000030 0.016769 0.000000
0.761264 0.162321 0.042169 0.017477 0.000029 0.016740 0.000000
0.758366 0.163712 0.043044 0.017716 0.000033 0.017128 0.000000
0.756829 0.164318 0.043693 0.017863 0.000037 0.017260 0.000000
0.754983 0.165483 0.043819 0.018212 0.000028 0.017476 0.000000
0.758380 0.163614 0.043263 0.017721 0.000030 0.016991 0.000000
0.752625 0.166419 0.044614 0.018359 0.000032 0.017951 0.000000
0.753747 0.166252 0.044178 0.018220 0.000036 0.017568 0.000000
0.754774 0.165682 0.043864 0.018092 0.000034 0.017555 0.000000
0.754262 0.166400 0.043731 0.018198 0.000030 0.017379 0.000000
0.752085 0.167076 0.044588 0.018336 0.000031 0.017884 0.000000
0.752787 0.166745 0.044508 0.018399 0.000028 0.017534 0.000000
0.749310 0.168836 0.045148 0.018611 0.000030 0.018065 0.000000
0.747437 0.169791 0.045709 0.018743 0.000031 0.018290 0.000000
0.746682 0.170725 0.045725 0.018756 0.000033 0.018078 0.000000
0.744854 0.171588 0.046321 0.018761 0.000034 0.018443 0.000000
0.742935 0.172349 0.046901 0.018928 0.000032 0.018854 0.000000
0.747007 0.169873 0.045739 0.018884 0.000031 0.018465 0.000000
0.745485 0.170803 0.046093 0.019050 0.000034 0.018535 0.000000
0.735500 0.176732 0.048273 0.019753 0.000036 0.019705 0.000000
0.741789 0.173159 0.046719 0.019222 0.000036 0.019074 0.000000
0.737221 0.175527 0.048100 0.019680 0.000039 0.019433 0.000000
0.741934 0.172462 0.047012 0.019337 0.000037 0.019217 0.000000
0.736508 0.175722 0.048389 0.019691 0.000040 0.019649 0.000000
0.737076 0.175694 0.047943 0.019635 0.000038 0.019615 0.000000
0.736295 0.175651 0.048389 0.019879 0.000038 0.019747 0.000000
0.736094 0.175635 0.048639 0.019741 0.000043 0.019848 0.000000
0.739295 0.174196 0.047619 0.019487 0.000030 0.019373 0.000000
0.731718 0.178303 0.049622 0.020191 0.000037 0.020128 0.000000
0.735257 0.176472 0.048727 0.019718 0.000034 0.019794 0.000000
0.729352 0.179439 0.050247 0.020324 0.000036 0.020601 0.000000
0.725628 0.181233 0.051167 0.020761 0.000035 0.021176 0.000000
0.729365 0.179574 0.049942 0.020492 0.000037 0.020591 0.000000
0.729279 0.179402 0.049975 0.020578 0.000034 0.020732 0.000000
0.728118 0.180505 0.050328 0.020378 0.000047 0.020623 0.000000
0.722439 0.183027 0.051707 0.021115 0.000039 0.021674 0.000000
0.722654 0.183231 0.051617 0.021108 0.000049 0.021340 0.000000
0.722688 0.183351 0.051579 0.021018 0.000048 0.021315 0.000000
0.722733 0.183203 0.051517 0.020942 0.000045 0.021560 0.000000
0.717983 0.185090 0.053115 0.021521 0.000041 0.022250 0.000000
0.724264 0.182406 0.051177 0.020862 0.000043 0.021248 0.000000
0.715264 0.187100 0.053336 0.021700 0.000044 0.022556 0.000000
0.716245 0.186660 0.053332 0.021498 0.000045 0.022219 0.000000
0.718317 0.184959 0.052879 0.021627 0.000038 0.022179 0.000000
0.717679 0.185554 0.053128 0.021403 0.000045 0.022191 0.000000
0.711288 0.189169 0.054414 0.022135 0.000045 0.022949 0.000000
0.712759 0.188446 0.054144 0.021968 0.000053 0.022631 0.000000
0.714611 0.187372 0.053637 0.021709 0.000045 0.022627 0.000000
0.710087 0.189490 0.054778 0.022286 0.000041 0.023319 0.000000
0.709924 0.190072 0.054658 0.022207 0.000041 0.023097 0.000000
0.708906 0.190298 0.055281 0.022166 0.000048 0.023300 0.000000
0.709946 0.189157 0.054909 0.022370 0.000048 0.023570 0.000000
0.706000 0.192362 0.055414 0.022640 0.000052 0.023532 0.000000
0.709153 0.190453 0.055161 0.022193 0.000046 0.022993 0.000000
0.709498 0.189865 0.054897 0.022329 0.000041 0.023369 0.000000
0.703039 0.193589 0.056397 0.022762 0.000044 0.024169 0.000000
0.700338 0.194912 0.057150 0.023160 0.000046 0.024393 0.000000
0.703781 0.192867 0.056478 0.022726 0.000051 0.024097 0.000000
0.707131 0.191291 0.055603 0.022426 0.000048 0.023500 0.000000
0.698669 0.195603 0.057508 0.023437 0.000042 0.024741 0.000000
0.695156 0.197123 0.058601 0.023814 0.000058 0.025247 0.000000
0.695374 0.196787 0.058518 0.023787 0.000051 0.025482 0.000000
0.700506 0.194592 0.057059 0.023188 0.000055 0.024601 0.000000
0.698523 0.195288 0.057752 0.023351 0.000046 0.025040 0.000000
0.697892 0.195654 0.057846 0.023489 0.000046 0.025072 0.000000
0.696922 0.196605 0.057851 0.023630 0.000054 0.024937 0.000000
0.689283 0.200126 0.059913 0.024481 0.000063 0.026134 0.000000
0.691515 0.198253 0.059711 0.024227 0.000056 0.026237 0.000000
0.690286 0.199502 0.059938 0.024138 0.000058 0.026078 0.000000
0.691288 0.199325 0.059537 0.024109 0.000056 0.025685 0.000000
0.686833 0.201271 0.060680 0.024688 0.000057 0.026471 0.000000
0.690013 0.200243 0.059756 0.024146 0.000048 0.025793 0.000000
0.686174 0.201291 0.061071 0.024569 0.000058 0.026837 0.000000
0.683972 0.202187 0.061504 0.025017 0.000062 0.027257 0.000000
0.685340 0.201775 0.061135 0.024765 0.000062 0.026922 0.000000
0.685530 0.201538 0.061360 0.024741 0.000064 0.026767 0.000000
0.680425 0.204195 0.062286 0.025307 0.000062 0.027725 0.000000
0.679021 0.204612 0.062883 0.025437 0.000061 0.027986 0.000000
0.678379 0.205054 0.062988 0.025444 0.000061 0.028074 0.000000
0.676671 0.205806 0.063662 0.025663 0.000072 0.028125 0.000000
0.676664 0.206283 0.063353 0.025662 0.000063 0.027975 0.000000
0.674892 0.206532 0.064080 0.026006 0.000068 0.028423 0.000000
0.674064 0.207752 0.064145 0.025969 0.000068 0.028003 0.000000
0.675408 0.206206 0.064073 0.025755 0.000059 0.028499 0.000000
0.671016 0.208188 0.065103 0.026495 0.000073 0.029125 0.000000
0.667021 0.210609 0.065977 0.026786 0.000064 0.029543 0.000000
0.674858 0.206461 0.064233 0.025954 0.000068 0.028427 0.000000
0.673529 0.206778 0.064666 0.026125 0.000076 0.028827 0.000000
0.666855 0.210049 0.066248 0.027008 0.000070 0.029770 0.000000
0.674011 0.206715 0.064308 0.026231 0.000081 0.028652 0.000000
0.664550 0.211595 0.066726 0.027048 0.000075 0.030007 0.000000
0.668321 0.209062 0.065904 0.026814 0.000075 0.029824 0.000000
0.665214 0.210985 0.066535 0.027139 0.000076 0.030051 0.000000
0.664838 0.210460 0.067080 0.027018 0.000073 0.030530 0.000000
0.663893 0.211138 0.067101 0.027222 0.000072 0.030574 0.000000
0.662839 0.211866 0.067397 0.027438 0.000073 0.030387 0.000000
0.656981 0.214353 0.068894 0.028026 0.000074 0.031673 0.000000
0.661835 0.211973 0.067536 0.027491 0.000075 0.031090 0.000000
0.659596 0.213293 0.068204 0.027726 0.000077 0.031104 0.000000
0.658691 0.213341 0.068682 0.027981 0.000069 0.031237 0.000000
0.655620 0.214522 0.069610 0.028221 0.000071 0.031956 0.000000
0.658160 0.213907 0.068607 0.027815 0.000076 0.031436 0.000000
0.656252 0.214274 0.069265 0.028116 0.000078 0.032016 0.000000
0.654605 0.215440 0.069525 0.028263 0.000074 0.032094 0.000000
0.650745 0.217107 0.070714 0.028625 0.000061 0.032747 0.000000
0.654519 0.215245 0.069569 0.028335 0.000073 0.032259 0.000000
0.654318 0.215037 0.069879 0.028429 0.000068 0.032269 0.000000
0.648941 0.218252 0.071079 0.028751 0.000075 0.032902 0.000000
0.646543 0.218698 0.072025 0.029272 0.000069 0.033393 0.000000
0.646784 0.219082 0.071548 0.029059 0.000078 0.033450 0.000000
0.650579 0.216930 0.070924 0.028552 0.000075 0.032940 0.000000
0.647574 0.218717 0.071572 0.028816 0.000075 0.033246 0.000000
0.647647 0.218065 0.071666 0.029052 0.000067 0.033503 0.000000
0.644276 0.219475 0.072929 0.029325 0.000070 0.033925 0.000000
0.642597 0.219991 0.073237 0.029488 0.000068 0.034619 0.000000
0.642785 0.220599 0.072992 0.029372 0.000071 0.034183 0.000000
0.638898 0.221623 0.074237 0.029937 0.000072 0.035233 0.000000
0.640096 0.220895 0.074155 0.029975 0.000072 0.034806 0.000000
0.638498 0.222427 0.074154 0.029889 0.000077 0.034957 0.000000
0.635132 0.223587 0.075247 0.030366 0.000089 0.035578 0.000000
0.640568 0.221065 0.073684 0.029774 0.000081 0.034828 0.000000
0.631351 0.225525 0.075938 0.030604 0.000082 0.036501 0.000000
0.633830 0.223504 0.075594 0.030676 0.000079 0.036318 0.000000
0.631128 0.225149 0.076240 0.030891 0.000083 0.036509 0.000000
0.633321 0.224430 0.075513 0.030503 0.000090 0.036143 0.000000
