0.999284 0.000553 0.000109 0.000055 0.000000 0.000000 0.000000
0.999121 0.000604 0.000092 0.000016 0.000001 0.000166 0.000000
0.998769 0.000920 0.000156 0.000040 0.000000 0.000115 0.000000
0.998518 0.001096 0.000208 0.000051 0.000000 0.000127 0.000000
0.998281 0.001261 0.000234 0.000063 0.000001 0.000160 0.000000
0.998015 0.001476 0.000271 0.000074 0.000001 0.000163 0.000000
0.997757 0.001674 0.000306 0.000088 0.000001 0.000174 0.000000
0.997511 0.001862 0.000333 0.000102 0.000001 0.000191 0.000000
0.997257 0.002061 0.000362 0.000117 0.000001 0.000202 0.000000
0.997018 0.002227 0.000410 0.000133 0.000001 0.000210 0.000000
0.996766 0.002411 0.000447 0.000156 0.000001 0.000218 0.000000
0.996524 0.002584 0.000484 0.000175 0.000001 0.000232 0.000000
0.996261 0.002796 0.000507 0.000191 0.000001 0.000244 0.000000
0.996013 0.002987 0.000535 0.000200 0.000001 0.000263 0.000000
0.995752 0.003191 0.000576 0.000213 0.000001 0.000267 0.000000
0.995504 0.003379 0.000613 0.000224 0.000001 0.000280 0.000000
0.995261 0.003556 0.000643 0.000247 0.000001 0.000293 0.000000
0.995014 0.003738 0.000675 0.000265 0.000001 0.000307 0.000000
0.994765 0.003926 0.000710 0.000281 0.000001 0.000318 0.000000
0.994503 0.004133 0.000744 0.000292 0.000001 0.000326 0.000000
0.994243 0.004350 0.000768 0.000294 0.000001 0.000344 0.000000
0.993994 0.004540 0.000805 0.000303 0.000001 0.000357 0.000000
0.993740 0.004737 0.000832 0.000322 0.000001 0.000368 0.000000
0.993495 0.004919 0.000874 0.000331 0.000001 0.000380 0.000000
0.993254 0.005083 0.000927 0.000347 0.000001 0.000388 0.000000
0.992996 0.005280 0.000969 0.000360 0.000001 0.000394 0.000000
0.992736 0.005492 0.000987 0.000379 0.000001 0.000406 0.000000
0.992478 0.005695 0.001028 0.000388 0.000001 0.000411 0.000000
0.992221 0.005902 0.001046 0.000406 0.000001 0.000425 0.000000
0.991975 0.006086 0.001075 0.000421 0.000001 0.000443 0.000000
0.991726 0.006272 0.001112 0.000435 0.000001 0.000455 0.000000
0.991479 0.006450 0.001152 0.000454 0.000001 0.000464 0.000000
0.991233 0.006639 0.001183 0.000466 0.000001 0.000479 0.000000
0.990991 0.006814 0.001222 0.000479 0.000001 0.000493 0.000000
0.990752 0.006987 0.001246 0.000503 0.000001 0.000511 0.000000
0.990494 0.007188 0.001275 0.000522 0.000001 0.000521 0.000000
0.990236 0.007395 0.001294 0.000537 0.000001 0.000538 0.000000
0.989982 0.007582 0.001340 0.000552 0.000001 0.000543 0.000000
0.989742 0.007743 0.001391 0.000574 0.000001 0.000548 0.000000
0.989490 0.007933 0.001429 0.000589 0.000001 0.000559 0.000000
0.989232 0.008140 0.001458 0.000602 0.000001 0.000567 0.000000
0.988973 0.008345 0.001486 0.000615 0.000001 0.000580 0.000000
0.988737 0.008510 0.001527 0.000634 0.000001 0.000592 0.000000
0.988495 0.008682 0.001565 0.000654 0.000001 0.000604 0.000000
0.988245 0.008867 0.001604 0.000673 0.000001 0.000610 0.000000
0.987999 0.009048 0.001647 0.000683 0.000001 0.000623 0.000000
0.987748 0.009239 0.001683 0.000692 0.000002 0.000636 0.000000
0.987485 0.009448 0.001721 0.000701 0.000002 0.000643 0.000000
0.987233 0.009638 0.001758 0.000714 0.000002 0.000655 0.000000
0.986973 0.009846 0.001788 0.000723 0.000002 0.000668 0.000000
0.986710 0.010057 0.001823 0.000731 0.000002 0.000678 0.000000
0.986454 0.010252 0.001862 0.000746 0.000002 0.000685 0.000000
0.986199 0.010446 0.001904 0.000755 0.000002 0.000694 0.000000
0.985959 0.010611 0.001955 0.000769 0.000002 0.000704 0.000000
0.985709 0.010802 0.001981 0.000788 0.000002 0.000719 0.000000
0.985450 0.011004 0.002014 0.000801 0.000002 0.000729 0.000000
0.985201 0.011190 0.002051 0.000815 0.000002 0.000741 0.000000
0.984961 0.011360 0.002092 0.000832 0.000002 0.000753 0.000000
0.984724 0.011530 0.002132 0.000848 0.000002 0.000764 0.000000
0.984476 0.011716 0.002167 0.000860 0.000002 0.000779 0.000000
0.984221 0.011914 0.002195 0.000877 0.000002 0.000791 0.000000
0.983983 0.012095 0.002223 0.000883 0.000002 0.000814 0.000000
0.983716 0.012312 0.002255 0.000893 0.000002 0.000822 0.000000
0.983464 0.012506 0.002281 0.000912 0.000002 0.000835 0.000000
0.983213 0.012701 0.002314 0.000927 0.000002 0.000843 0.000000
0.982970 0.012873 0.002348 0.000952 0.000002 0.000855 0.000000
0.982720 0.013059 0.002390 0.000964 0.000002 0.000865 0.000000
0.982473 0.013239 0.002430 0.000983 0.000002 0.000873 0.000000
0.982226 0.013416 0.002467 0.001008 0.000002 0.000881 0.000000
0.981985 0.013586 0.002510 0.001026 0.000003 0.000890 0.000000
0.981747 0.013751 0.002551 0.001045 0.000003 0.000903 0.000000
0.981492 0.013944 0.002587 0.001063 0.000003 0.000912 0.000000
0.981239 0.014139 0.002620 0.001078 0.000003 0.000922 0.000000
0.980983 0.014340 0.002650 0.001092 0.000003 0.000932 0.000000
0.980731 0.014531 0.002682 0.001113 0.000003 0.000941 0.000000
0.980487 0.014712 0.002714 0.001130 0.000003 0.000954 0.000000
0.980230 0.014914 0.002749 0.001142 0.000003 0.000963 0.000000
0.979965 0.015125 0.002783 0.001157 0.000003 0.000967 0.000000
0.979723 0.015300 0.002822 0.001172 0.000003 0.000982 0.000000
0.979472 0.015495 0.002853 0.001184 0.000003 0.000993 0.000000
0.979223 0.015680 0.002882 0.001205 0.000003 0.001006 0.000000
0.978967 0.015879 0.002917 0.001220 0.000003 0.001014 0.000000
0.978718 0.016071 0.002949 0.001230 0.000003 0.001029 0.000000
0.978471 0.016252 0.002988 0.001251 0.000003 0.001036 0.000000
0.978218 0.016447 0.003021 0.001263 0.000003 0.001048 0.000000
0.977963 0.016648 0.003044 0.001282 0.000004 0.001060 0.000000
0.977712 0.016842 0.003070 0.001296 0.000004 0.001077 0.000000
0.977456 0.017045 0.003101 0.001309 0.000004 0.001085 0.000000
0.977205 0.017239 0.003133 0.001320 0.000004 0.001099 0.000000
0.976956 0.017425 0.003164 0.001339 0.000004 0.001112 0.000000
0.976708 0.017609 0.003205 0.001350 0.000004 0.001123 0.000000
0.976450 0.017808 0.003248 0.001360 0.000004 0.001130 0.000000
0.976194 0.018008 0.003271 0.001383 0.000004 0.001140 0.000000
0.975944 0.018198 0.003311 0.001395 0.000004 0.001148 0.000000
0.975688 0.018398 0.003344 0.001407 0.000004 0.001158 0.000000
0.975448 0.018569 0.003394 0.001415 0.000004 0.001170 0.000000
0.975203 0.018747 0.003430 0.001432 0.000004 0.001183 0.000000
0.974944 0.018954 0.003457 0.001446 0.000004 0.001195 0.000000
0.974692 0.019150 0.003485 0.001461 0.000004 0.001207 0.000000
0.974447 0.019331 0.003513 0.001482 0.000004 0.001223 0.000000
0.974203 0.019511 0.003548 0.001498 0.000004 0.001235 0.000000
0.973965 0.019674 0.003597 0.001513 0.000004 0.001248 0.000000
0.973716 0.019855 0.003639 0.001527 0.000004 0.001257 0.000000
0.973466 0.020043 0.003671 0.001549 0.000004 0.001268 0.000000
0.973215 0.020227 0.003712 0.001564 0.000004 0.001277 0.000000
0.972970 0.020411 0.003745 0.001582 0.000004 0.001287 0.000000
0.972703 0.020633 0.003771 0.001592 0.000004 0.001297 0.000000
0.972463 0.020806 0.003808 0.001607 0.000004 0.001312 0.000000
0.972211 0.021005 0.003838 0.001619 0.000004 0.001323 0.000000
0.971962 0.021186 0.003880 0.001634 0.000004 0.001333 0.000000
0.971697 0.021403 0.003907 0.001644 0.000005 0.001344 0.000000
0.971440 0.021601 0.003945 0.001654 0.000005 0.001353 0.000000
0.971188 0.021800 0.003970 0.001670 0.000005 0.001367 0.000000
0.970934 0.021999 0.003994 0.001688 0.000005 0.001380 0.000000
0.970683 0.022193 0.004024 0.001698 0.000005 0.001397 0.000000
0.970434 0.022378 0.004058 0.001719 0.000005 0.001406 0.000000
0.970171 0.022589 0.004089 0.001732 0.000005 0.001415 0.000000
0.969935 0.022752 0.004128 0.001749 0.000005 0.001432 0.000000
0.969689 0.022936 0.004158 0.001763 0.000005 0.001449 0.000000
0.969437 0.023132 0.004189 0.001772 0.000005 0.001463 0.000000
0.969185 0.023323 0.004228 0.001787 0.000005 0.001473 0.000000
0.968938 0.023504 0.004258 0.001809 0.000005 0.001486 0.000000
0.968690 0.023690 0.004296 0.001821 0.000005 0.001497 0.000000
0.968438 0.023880 0.004330 0.001843 0.000005 0.001504 0.000000
0.968192 0.024059 0.004367 0.001858 0.000005 0.001518 0.000000
0.967941 0.024250 0.004399 0.001874 0.000005 0.001531 0.000000
0.967695 0.024428 0.004446 0.001886 0.000005 0.001541 0.000000
0.967453 0.024605 0.004477 0.001910 0.000005 0.001551 0.000000
0.967196 0.024807 0.004506 0.001921 0.000006 0.001564 0.000000
0.966948 0.024995 0.004536 0.001934 0.000006 0.001580 0.000000
0.966697 0.025186 0.004567 0.001953 0.000006 0.001591 0.000000
0.966451 0.025370 0.004594 0.001973 0.000006 0.001605 0.000000
0.966197 0.025562 0.004636 0.001985 0.000006 0.001614 0.000000
0.965947 0.025751 0.004672 0.002000 0.000006 0.001624 0.000000
0.965698 0.025935 0.004716 0.002015 0.000006 0.001630 0.000000
0.965450 0.026117 0.004752 0.002036 0.000006 0.001639 0.000000
0.965206 0.026300 0.004783 0.002048 0.000006 0.001658 0.000000
0.964959 0.026481 0.004826 0.002060 0.000006 0.001667 0.000000
0.964708 0.026673 0.004854 0.002076 0.000006 0.001682 0.000000
0.964463 0.026858 0.004891 0.002085 0.000006 0.001697 0.000000
0.964206 0.027054 0.004923 0.002104 0.000006 0.001706 0.000000
0.963950 0.027249 0.004962 0.002123 0.000006 0.001710 0.000000
0.963700 0.027443 0.004989 0.002138 0.000006 0.001725 0.000000
0.963470 0.027593 0.005039 0.002158 0.000006 0.001733 0.000000
0.963224 0.027772 0.005071 0.002180 0.000006 0.001746 0.000000
0.962977 0.027962 0.005101 0.002187 0.000006 0.001766 0.000000
0.962725 0.028155 0.005137 0.002200 0.000006 0.001776 0.000000
0.962479 0.028341 0.005166 0.002215 0.000006 0.001794 0.000000
0.962243 0.028506 0.005199 0.002235 0.000006 0.001812 0.000000
0.962002 0.028677 0.005240 0.002248 0.000006 0.001827 0.000000
0.961755 0.028860 0.005281 0.002262 0.000006 0.001836 0.000000
0.961522 0.029009 0.005334 0.002283 0.000006 0.001845 0.000000
0.961280 0.029193 0.005366 0.002291 0.000006 0.001865 0.000000
0.961036 0.029367 0.005405 0.002314 0.000006 0.001873 0.000000
0.960782 0.029558 0.005443 0.002330 0.000006 0.001881 0.000000
0.960534 0.029737 0.005487 0.002348 0.000006 0.001888 0.000000
0.960285 0.029917 0.005530 0.002366 0.000006 0.001896 0.000000
0.960040 0.030097 0.005568 0.002378 0.000006 0.001910 0.000000
0.959801 0.030266 0.005614 0.002392 0.000006 0.001920 0.000000
0.959538 0.030483 0.005636 0.002401 0.000006 0.001936 0.000000
0.959287 0.030676 0.005670 0.002414 0.000006 0.001947 0.000000
0.959030 0.030875 0.005702 0.002428 0.000006 0.001958 0.000000
0.958775 0.031070 0.005740 0.002442 0.000006 0.001967 0.000000
0.958522 0.031265 0.005775 0.002453 0.000006 0.001978 0.000000
0.958279 0.031436 0.005816 0.002477 0.000006 0.001985 0.000000
0.958028 0.031628 0.005850 0.002487 0.000006 0.002000 0.000000
0.957778 0.031816 0.005893 0.002498 0.000006 0.002009 0.000000
0.957543 0.031985 0.005934 0.002512 0.000006 0.002021 0.000000
0.957307 0.032142 0.005983 0.002528 0.000006 0.002033 0.000000
0.957063 0.032324 0.006017 0.002542 0.000006 0.002047 0.000000
0.956819 0.032504 0.006048 0.002559 0.000006 0.002064 0.000000
0.956568 0.032692 0.006083 0.002575 0.000006 0.002075 0.000000
0.956329 0.032857 0.006123 0.002597 0.000006 0.002088 0.000000
0.956081 0.033045 0.006164 0.002607 0.000006 0.002097 0.000000
0.955838 0.033221 0.006199 0.002623 0.000006 0.002112 0.000000
0.955596 0.033391 0.006247 0.002636 0.000006 0.002123 0.000000
0.955345 0.033578 0.006285 0.002653 0.000006 0.002133 0.000000
0.955103 0.033752 0.006328 0.002666 0.000007 0.002143 0.000000
0.954860 0.033935 0.006365 0.002672 0.000007 0.002161 0.000000
0.954595 0.034154 0.006384 0.002686 0.000007 0.002175 0.000000
0.954339 0.034351 0.006421 0.002697 0.000007 0.002184 0.000000
0.954074 0.034568 0.006446 0.002710 0.000007 0.002194 0.000000
0.953829 0.034747 0.006485 0.002726 0.000007 0.002207 0.000000
0.953581 0.034933 0.006514 0.002746 0.000007 0.002219 0.000000
0.953336 0.035119 0.006544 0.002760 0.000007 0.002233 0.000000
0.953091 0.035300 0.006574 0.002781 0.000007 0.002246 0.000000
0.952844 0.035485 0.006608 0.002798 0.000007 0.002258 0.000000
0.952583 0.035694 0.006643 0.002810 0.000007 0.002263 0.000000
0.952338 0.035872 0.006683 0.002824 0.000007 0.002276 0.000000
0.952091 0.036057 0.006721 0.002837 0.000007 0.002288 0.000000
0.951847 0.036235 0.006758 0.002853 0.000007 0.002299 0.000000
0.951587 0.036442 0.006791 0.002868 0.000007 0.002306 0.000000
0.951335 0.036633 0.006822 0.002887 0.000007 0.002316 0.000000
0.951093 0.036804 0.006872 0.002900 0.000007 0.002324 0.000000
0.950853 0.036980 0.006905 0.002915 0.000007 0.002341 0.000000
0.950615 0.037146 0.006944 0.002934 0.000007 0.002353 0.000000
0.950369 0.037322 0.006988 0.002952 0.000007 0.002362 0.000000
0.950124 0.037506 0.007016 0.002969 0.000007 0.002379 0.000000
0.949873 0.037697 0.007053 0.002983 0.000007 0.002387 0.000000
0.949627 0.037877 0.007094 0.002998 0.000007 0.002397 0.000000
0.949390 0.038038 0.007135 0.003020 0.000007 0.002409 0.000000
0.949142 0.038223 0.007169 0.003037 0.000007 0.002422 0.000000
0.948888 0.038416 0.007202 0.003053 0.000007 0.002433 0.000000
0.948636 0.038617 0.007225 0.003062 0.000007 0.002453 0.000000
0.948401 0.038777 0.007263 0.003084 0.000007 0.002468 0.000000
0.948166 0.038937 0.007307 0.003097 0.000007 0.002485 0.000000
0.947918 0.039118 0.007348 0.003119 0.000007 0.002490 0.000000
0.947687 0.039268 0.007394 0.003141 0.000007 0.002503 0.000000
0.947446 0.039441 0.007436 0.003154 0.000007 0.002516 0.000000
0.947207 0.039609 0.007480 0.003171 0.000007 0.002526 0.000000
0.946956 0.039799 0.007509 0.003191 0.000007 0.002539 0.000000
0.946710 0.039986 0.007540 0.003197 0.000008 0.002559 0.000000
0.946462 0.040176 0.007571 0.003209 0.000008 0.002574 0.000000
0.946213 0.040368 0.007599 0.003223 0.000008 0.002589 0.000000
0.945966 0.040556 0.007626 0.003239 0.000008 0.002605 0.000000
0.945726 0.040725 0.007666 0.003261 0.000008 0.002615 0.000000
0.945483 0.040901 0.007706 0.003276 0.000008 0.002626 0.000000
0.945233 0.041092 0.007746 0.003283 0.000008 0.002638 0.000000
0.944989 0.041268 0.007787 0.003300 0.000008 0.002648 0.000000
0.944750 0.041431 0.007830 0.003322 0.000008 0.002658 0.000000
0.944508 0.041614 0.007862 0.003333 0.000008 0.002675 0.000000
0.944253 0.041813 0.007890 0.003348 0.000008 0.002688 0.000000
0.944014 0.041987 0.007927 0.003360 0.000008 0.002703 0.000000
0.943760 0.042182 0.007954 0.003380 0.000008 0.002716 0.000000
0.943513 0.042365 0.007992 0.003396 0.000008 0.002725 0.000000
0.943265 0.042550 0.008030 0.003408 0.000008 0.002739 0.000000
0.943028 0.042718 0.008065 0.003427 0.000008 0.002755 0.000000
0.942777 0.042909 0.008097 0.003440 0.000008 0.002769 0.000000
0.942542 0.043068 0.008151 0.003453 0.000008 0.002778 0.000000
0.942309 0.043220 0.008201 0.003472 0.000008 0.002790 0.000000
0.942062 0.043405 0.008242 0.003487 0.000008 0.002798 0.000000
0.941837 0.043548 0.008291 0.003502 0.000008 0.002813 0.000000
0.941593 0.043725 0.008333 0.003516 0.000008 0.002826 0.000000
0.941345 0.043914 0.008363 0.003527 0.000008 0.002843 0.000000
0.941103 0.044084 0.008404 0.003547 0.000008 0.002855 0.000000
0.940854 0.044271 0.008433 0.003563 0.000008 0.002870 0.000000
0.940614 0.044447 0.008474 0.003570 0.000008 0.002887 0.000000
0.940358 0.044649 0.008503 0.003579 0.000008 0.002903 0.000000
0.940107 0.044838 0.008541 0.003593 0.000008 0.002913 0.000000
0.939849 0.045046 0.008565 0.003605 0.000008 0.002926 0.000000
0.939605 0.045226 0.008605 0.003613 0.000008 0.002943 0.000000
0.939357 0.045412 0.008644 0.003623 0.000008 0.002957 0.000000
0.939114 0.045592 0.008681 0.003633 0.000008 0.002973 0.000000
0.938867 0.045770 0.008721 0.003651 0.000008 0.002983 0.000000
0.938622 0.045946 0.008764 0.003666 0.000008 0.002994 0.000000
0.938377 0.046132 0.008795 0.003678 0.000008 0.003010 0.000000
0.938130 0.046314 0.008835 0.003694 0.000008 0.003018 0.000000
0.937892 0.046478 0.008884 0.003710 0.000008 0.003029 0.000000
0.937650 0.046653 0.008920 0.003728 0.000008 0.003042 0.000000
0.937408 0.046830 0.008951 0.003744 0.000008 0.003058 0.000000
0.937168 0.046998 0.009004 0.003757 0.000008 0.003065 0.000000
0.936930 0.047158 0.009057 0.003772 0.000008 0.003075 0.000000
0.936689 0.047329 0.009096 0.003790 0.000008 0.003088 0.000000
0.936436 0.047525 0.009126 0.003803 0.000008 0.003101 0.000000
0.936203 0.047688 0.009167 0.003823 0.000008 0.003111 0.000000
0.935640 0.048196 0.009209 0.003842 0.000008 0.003105 0.000000
0.935649 0.048102 0.009258 0.003854 0.000008 0.003129 0.000000
0.935475 0.048206 0.009296 0.003864 0.000008 0.003150 0.000000
0.935098 0.048519 0.009335 0.003886 0.000008 0.003154 0.000000
0.934775 0.048776 0.009375 0.003907 0.000008 0.003159 0.000000
0.934639 0.048812 0.009433 0.003920 0.000008 0.003187 0.000000
0.934349 0.049017 0.009487 0.003935 0.000008 0.003204 0.000000
0.934228 0.049075 0.009526 0.003946 0.000009 0.003218 0.000000
0.933969 0.049270 0.009562 0.003965 0.000009 0.003225 0.000000
0.933574 0.049558 0.009632 0.003979 0.000009 0.003249 0.000000
0.933415 0.049679 0.009660 0.003986 0.000009 0.003252 0.000000
0.932910 0.050141 0.009677 0.004015 0.000009 0.003249 0.000000
0.932925 0.050036 0.009736 0.004010 0.000010 0.003283 0.000000
0.932735 0.050170 0.009769 0.004023 0.000010 0.003293 0.000000
0.932245 0.050585 0.009810 0.004055 0.000010 0.003295 0.000000
0.932066 0.050619 0.009900 0.004061 0.000010 0.003345 0.000000
0.931427 0.051198 0.009923 0.004110 0.000010 0.003331 0.000000
0.931508 0.051101 0.009922 0.004112 0.000010 0.003348 0.000000
0.931405 0.051152 0.009954 0.004119 0.000010 0.003360 0.000000
0.931283 0.051198 0.010006 0.004122 0.000011 0.003381 0.000000
0.930304 0.052021 0.010096 0.004197 0.000010 0.003373 0.000000
0.930396 0.051925 0.010092 0.004193 0.000010 0.003383 0.000000
0.929564 0.052640 0.010151 0.004259 0.000010 0.003377 0.000000
0.930123 0.052098 0.010152 0.004208 0.000011 0.003409 0.000000
0.929657 0.052478 0.010194 0.004250 0.000010 0.003410 0.000000
0.929565 0.052494 0.010247 0.004249 0.000011 0.003435 0.000000
0.928669 0.053164 0.010394 0.004312 0.000010 0.003452 0.000000
0.928781 0.053037 0.010399 0.004290 0.000010 0.003482 0.000000
0.928741 0.053048 0.010404 0.004302 0.000010 0.003496 0.000000
0.927443 0.054114 0.010541 0.004393 0.000010 0.003499 0.000000
0.927966 0.053664 0.010487 0.004359 0.000010 0.003514 0.000000
0.927280 0.054191 0.010591 0.004401 0.000010 0.003526 0.000000
0.927168 0.054253 0.010624 0.004406 0.000010 0.003539 0.000000
0.926926 0.054402 0.010690 0.004419 0.000010 0.003553 0.000000
0.926683 0.054581 0.010720 0.004434 0.000010 0.003572 0.000000
0.926815 0.054477 0.010692 0.004420 0.000010 0.003585 0.000000
0.925665 0.055359 0.010894 0.004447 0.000011 0.003624 0.000000
0.924874 0.056040 0.010947 0.004529 0.000011 0.003599 0.000000
0.926396 0.054780 0.010759 0.004458 0.000011 0.003594 0.000000
0.924777 0.056062 0.010991 0.004510 0.000011 0.003649 0.000000
0.923646 0.056955 0.011110 0.004610 0.000011 0.003668 0.000000
0.924123 0.056566 0.011012 0.004627 0.000011 0.003660 0.000000
0.922532 0.057838 0.011238 0.004687 0.000011 0.003695 0.000000
0.923765 0.056801 0.011107 0.004609 0.000011 0.003707 0.000000
0.923354 0.057090 0.011175 0.004652 0.000010 0.003719 0.000000
0.922740 0.057587 0.011255 0.004662 0.000010 0.003747 0.000000
0.922674 0.057611 0.011264 0.004694 0.000010 0.003748 0.000000
0.922979 0.057334 0.011242 0.004656 0.000010 0.003779 0.000000
0.921682 0.058332 0.011424 0.004713 0.000010 0.003839 0.000000
0.921130 0.058747 0.011506 0.004780 0.000010 0.003827 0.000000
0.919608 0.059906 0.011710 0.004940 0.000010 0.003826 0.000000
0.920211 0.059392 0.011663 0.004846 0.000010 0.003877 0.000000
0.920574 0.059089 0.011618 0.004836 0.000010 0.003873 0.000000
0.919292 0.060119 0.011785 0.004887 0.000010 0.003907 0.000000
0.919895 0.059609 0.011692 0.004859 0.000010 0.003933 0.000000
0.918891 0.060327 0.011858 0.004978 0.000010 0.003937 0.000000
0.917714 0.061266 0.011977 0.005021 0.000010 0.004012 0.000000
0.918123 0.060930 0.011976 0.004915 0.000010 0.004046 0.000000
0.917664 0.061339 0.012032 0.004941 0.000010 0.004014 0.000000
0.917772 0.061172 0.012016 0.004963 0.000010 0.004067 0.000000
0.917008 0.061746 0.012176 0.005006 0.000011 0.004054 0.000000
0.916424 0.062138 0.012270 0.005047 0.000011 0.004111 0.000000
0.915745 0.062699 0.012313 0.005174 0.000011 0.004057 0.000000
0.915670 0.062680 0.012366 0.005136 0.000011 0.004138 0.000000
0.915022 0.063187 0.012487 0.005144 0.000011 0.004149 0.000000
0.914065 0.063917 0.012624 0.005206 0.000010 0.004177 0.000000
0.914752 0.063415 0.012499 0.005185 0.000011 0.004139 0.000000
0.913974 0.063974 0.012651 0.005231 0.000011 0.004159 0.000000
0.914092 0.063805 0.012615 0.005273 0.000010 0.004204 0.000000
0.912473 0.065019 0.012899 0.005330 0.000010 0.004268 0.000000
0.913881 0.063923 0.012686 0.005252 0.000011 0.004248 0.000000
0.914478 0.063485 0.012574 0.005227 0.000011 0.004225 0.000000
0.911282 0.065917 0.013046 0.005436 0.000010 0.004309 0.000000
0.912650 0.064837 0.012839 0.005355 0.000011 0.004308 0.000000
0.911762 0.065491 0.013025 0.005379 0.000011 0.004332 0.000000
0.912167 0.065253 0.012943 0.005332 0.000011 0.004295 0.000000
0.911505 0.065675 0.013058 0.005421 0.000011 0.004329 0.000000
0.910802 0.066132 0.013227 0.005452 0.000011 0.004377 0.000000
0.910078 0.066632 0.013334 0.005519 0.000010 0.004426 0.000000
0.909912 0.066694 0.013382 0.005590 0.000010 0.004411 0.000000
0.906743 0.069088 0.013887 0.005782 0.000011 0.004489 0.000000
0.909508 0.066971 0.013478 0.005584 0.000014 0.004445 0.000000
0.907135 0.068706 0.013866 0.005762 0.000017 0.004515 0.000000
0.906195 0.069349 0.013983 0.005824 0.000012 0.004636 0.000000
0.907337 0.068575 0.013763 0.005707 0.000014 0.004605 0.000000
0.906821 0.068962 0.013874 0.005775 0.000014 0.004555 0.000000
0.904976 0.070236 0.014164 0.005933 0.000013 0.004678 0.000000
0.904442 0.070652 0.014202 0.005980 0.000015 0.004710 0.000000
0.904860 0.070305 0.014198 0.005922 0.000014 0.004702 0.000000
0.904677 0.070408 0.014218 0.005945 0.000012 0.004740 0.000000
0.904439 0.070598 0.014280 0.005987 0.000013 0.004683 0.000000
0.902394 0.072136 0.014577 0.006060 0.000013 0.004820 0.000000
0.903527 0.071237 0.014378 0.006023 0.000012 0.004824 0.000000
0.904902 0.070226 0.014188 0.005879 0.000011 0.004794 0.000000
0.902811 0.071801 0.014462 0.006055 0.000012 0.004858 0.000000
0.899989 0.073851 0.014945 0.006238 0.000015 0.004962 0.000000
0.900658 0.073356 0.014812 0.006119 0.000013 0.005042 0.000000
0.901787 0.072624 0.014544 0.006097 0.000015 0.004934 0.000000
0.898217 0.075155 0.015132 0.006353 0.000013 0.005129 0.000000
0.900065 0.073734 0.014919 0.006273 0.000012 0.004996 0.000000
0.897802 0.075354 0.015302 0.006406 0.000014 0.005122 0.000000
0.897773 0.075440 0.015303 0.006293 0.000012 0.005180 0.000000
0.899167 0.074378 0.015071 0.006300 0.000015 0.005069 0.000000
0.897813 0.075379 0.015237 0.006404 0.000014 0.005154 0.000000
0.894127 0.077978 0.015979 0.006594 0.000012 0.005310 0.000000
0.896079 0.076565 0.015613 0.006563 0.000014 0.005166 0.000000
0.894952 0.077368 0.015778 0.006586 0.000013 0.005303 0.000000
0.893111 0.078583 0.016156 0.006822 0.000013 0.005314 0.000000
0.892170 0.079216 0.016420 0.006796 0.000014 0.005384 0.000000
0.893188 0.078656 0.016101 0.006696 0.000014 0.005346 0.000000
0.891082 0.080236 0.016473 0.006803 0.000013 0.005394 0.000000
0.890126 0.080767 0.016626 0.006846 0.000016 0.005619 0.000000
0.890151 0.080707 0.016590 0.006977 0.000011 0.005563 0.000000
0.890419 0.080665 0.016548 0.006852 0.000014 0.005502 0.000000
0.887507 0.082604 0.017057 0.007092 0.000012 0.005728 0.000000
0.888012 0.082285 0.017071 0.007031 0.000011 0.005590 0.000000
0.888239 0.081980 0.016989 0.007101 0.000011 0.005681 0.000000
0.887952 0.082007 0.017168 0.007156 0.000012 0.005705 0.000000
0.883424 0.085488 0.017760 0.007384 0.000013 0.005930 0.000000
0.886274 0.083398 0.017398 0.007161 0.000012 0.005757 0.000000
0.884809 0.084490 0.017577 0.007332 0.000016 0.005775 0.000000
0.886018 0.083666 0.017295 0.007198 0.000011 0.005811 0.000000
0.886510 0.083305 0.017274 0.007096 0.000013 0.005802 0.000000
0.882618 0.086127 0.017849 0.007384 0.000013 0.006009 0.000000
0.883699 0.085161 0.017787 0.007365 0.000013 0.005975 0.000000
0.880849 0.087339 0.018145 0.007569 0.000013 0.006085 0.000000
0.879528 0.087726 0.018679 0.007840 0.000011 0.006217 0.000000
0.882381 0.086238 0.017915 0.007435 0.000014 0.006017 0.000000
0.877834 0.089267 0.018784 0.007808 0.000013 0.006294 0.000000
0.877075 0.089835 0.018896 0.007827 0.000013 0.006355 0.000000
0.877677 0.089331 0.018800 0.007897 0.000015 0.006281 0.000000
0.878607 0.088590 0.018646 0.007822 0.000012 0.006324 0.000000
0.878437 0.088568 0.018752 0.007818 0.000012 0.006413 0.000000
0.875418 0.090857 0.019189 0.007981 0.000012 0.006542 0.000000
0.875666 0.090693 0.019129 0.008000 0.000017 0.006496 0.000000
0.873358 0.092410 0.019482 0.008191 0.000014 0.006544 0.000000
0.872143 0.092984 0.019866 0.008276 0.000016 0.006715 0.000000
0.875485 0.090775 0.019310 0.007980 0.000018 0.006433 0.000000
0.871073 0.093794 0.020106 0.008244 0.000016 0.006767 0.000000
0.871568 0.093363 0.020022 0.008304 0.000017 0.006725 0.000000
0.875169 0.090959 0.019390 0.007993 0.000017 0.006472 0.000000
0.871345 0.093427 0.020194 0.008392 0.000014 0.006629 0.000000
0.869233 0.094823 0.020549 0.008522 0.000015 0.006859 0.000000
0.871520 0.093556 0.020111 0.008179 0.000017 0.006616 0.000000
0.867527 0.096241 0.020793 0.008530 0.000015 0.006894 0.000000
0.866073 0.097084 0.021096 0.008673 0.000016 0.007058 0.000000
0.862682 0.099465 0.021677 0.008915 0.000016 0.007245 0.000000
0.867638 0.096050 0.020837 0.008516 0.000016 0.006943 0.000000
0.866369 0.096833 0.021053 0.008598 0.000013 0.007134 0.000000
0.864118 0.098494 0.021468 0.008750 0.000013 0.007157 0.000000
0.862315 0.099604 0.021787 0.008924 0.000019 0.007351 0.000000
0.861033 0.100281 0.022042 0.009128 0.000019 0.007496 0.000000
0.857987 0.102778 0.022443 0.009232 0.000019 0.007541 0.000000
0.859632 0.101437 0.022262 0.009140 0.000015 0.007515 0.000000
0.863374 0.098692 0.021670 0.008998 0.000020 0.007246 0.000000
0.859751 0.101271 0.022342 0.009177 0.000018 0.007441 0.000000
0.857911 0.102301 0.022779 0.009354 0.000017 0.007638 0.000000
0.857513 0.102705 0.022883 0.009255 0.000015 0.007629 0.000000
0.856846 0.103006 0.022909 0.009507 0.000019 0.007712 0.000000
0.853293 0.105336 0.023650 0.009761 0.000021 0.007940 0.000000
0.855143 0.103935 0.023371 0.009714 0.000018 0.007820 0.000000
0.854486 0.104649 0.023452 0.009539 0.000022 0.007851 0.000000
0.849931 0.107432 0.024447 0.009947 0.000017 0.008225 0.000000
0.850978 0.106921 0.023945 0.009893 0.000018 0.008246 0.000000
0.854466 0.104483 0.023465 0.009571 0.000016 0.007999 0.000000
0.849792 0.107500 0.024329 0.010037 0.000019 0.008323 0.000000
0.847173 0.109767 0.024484 0.010149 0.000020 0.008407 0.000000
0.843803 0.111547 0.025385 0.010498 0.000025 0.008743 0.000000
0.844965 0.110670 0.025293 0.010392 0.000018 0.008662 0.000000
0.849062 0.108009 0.024559 0.010008 0.000020 0.008343 0.000000
0.847477 0.109176 0.024755 0.010075 0.000022 0.008494 0.000000
0.848452 0.108428 0.024681 0.010040 0.000019 0.008379 0.000000
0.844048 0.111153 0.025496 0.010466 0.000018 0.008819 0.000000
0.844524 0.111054 0.025425 0.010346 0.000022 0.008629 0.000000
0.839990 0.114016 0.026196 0.010719 0.000022 0.009057 0.000000
0.845900 0.110343 0.024956 0.010209 0.000017 0.008575 0.000000
0.839362 0.114391 0.026365 0.010700 0.000016 0.009165 0.000000
0.840482 0.113316 0.026354 0.010683 0.000018 0.009147 0.000000
0.838600 0.114807 0.026607 0.010825 0.000018 0.009143 0.000000
0.838845 0.114683 0.026471 0.010749 0.000022 0.009230 0.000000
0.837259 0.115713 0.026842 0.010881 0.000019 0.009285 0.000000
0.836536 0.116004 0.027081 0.011019 0.000020 0.009339 0.000000
0.830903 0.119687 0.028029 0.011393 0.000021 0.009968 0.000000
0.834451 0.117249 0.027418 0.011186 0.000019 0.009677 0.000000
0.830717 0.119860 0.028068 0.011456 0.000016 0.009882 0.000000
0.831312 0.119423 0.028030 0.011376 0.000022 0.009838 0.000000
0.837632 0.115138 0.026781 0.011081 0.000021 0.009347 0.000000
0.830454 0.120051 0.028103 0.011540 0.000018 0.009834 0.000000
0.828355 0.121064 0.028712 0.011677 0.000021 0.010170 0.000000
0.828739 0.120957 0.028422 0.011718 0.000016 0.010148 0.000000
0.829650 0.120492 0.028175 0.011666 0.000021 0.009995 0.000000
0.824007 0.123931 0.029383 0.012039 0.000019 0.010621 0.000000
0.825695 0.122828 0.028997 0.012006 0.000019 0.010455 0.000000
0.827267 0.121982 0.028645 0.011730 0.000020 0.010355 0.000000
0.822566 0.124884 0.029534 0.012296 0.000018 0.010703 0.000000
0.821498 0.125333 0.029846 0.012491 0.000023 0.010810 0.000000
0.822994 0.124756 0.029479 0.012148 0.000019 0.010604 0.000000
0.818900 0.126904 0.030437 0.012595 0.000020 0.011144 0.000000
0.821105 0.125634 0.029984 0.012359 0.000017 0.010901 0.000000
0.815963 0.128861 0.030966 0.012862 0.000014 0.011333 0.000000
0.813582 0.130581 0.031463 0.013009 0.000019 0.011345 0.000000
0.820138 0.125961 0.030148 0.012721 0.000017 0.011016 0.000000
0.819093 0.127203 0.030196 0.012523 0.000018 0.010967 0.000000
0.819923 0.126437 0.030004 0.012634 0.000021 0.010981 0.000000
0.813754 0.130342 0.031344 0.013041 0.000020 0.011499 0.000000
0.815860 0.128881 0.031111 0.012878 0.000018 0.011252 0.000000
0.808914 0.133378 0.032234 0.013496 0.000024 0.011954 0.000000
0.814171 0.130160 0.031172 0.012986 0.000015 0.011496 0.000000
0.809116 0.133320 0.032441 0.013350 0.000022 0.011752 0.000000
0.807794 0.134086 0.032727 0.013425 0.000020 0.011948 0.000000
0.809814 0.132611 0.032363 0.013336 0.000021 0.011854 0.000000
0.812363 0.131383 0.031595 0.012987 0.000019 0.011653 0.000000
0.808515 0.133697 0.032398 0.013404 0.000026 0.011960 0.000000
0.806540 0.135059 0.032652 0.013570 0.000025 0.012154 0.000000
0.805854 0.135158 0.032982 0.013731 0.000025 0.012251 0.000000
0.802587 0.137523 0.033670 0.013826 0.000024 0.012370 0.000000
0.806586 0.134534 0.032830 0.013718 0.000023 0.012309 0.000000
0.804029 0.136111 0.033477 0.013807 0.000022 0.012555 0.000000
0.798651 0.139501 0.034409 0.014336 0.000025 0.013078 0.000000
0.800338 0.138645 0.034123 0.014136 0.000023 0.012734 0.000000
0.794749 0.141926 0.035239 0.014649 0.000027 0.013409 0.000000
0.794314 0.142338 0.035347 0.014662 0.000026 0.013314 0.000000
0.798447 0.139792 0.034483 0.014248 0.000029 0.013001 0.000000
0.798153 0.139625 0.034689 0.014440 0.000027 0.013066 0.000000
0.794355 0.142165 0.035294 0.014596 0.000024 0.013566 0.000000
0.795729 0.141083 0.035049 0.014571 0.000031 0.013538 0.000000
0.789830 0.145117 0.036032 0.015062 0.000030 0.013930 0.000000
0.793811 0.142513 0.035477 0.014727 0.000031 0.013440 0.000000
0.791555 0.143789 0.036066 0.014780 0.000028 0.013782 0.000000
0.790401 0.144480 0.036151 0.015052 0.000032 0.013885 0.000000
0.791173 0.144009 0.036105 0.014942 0.000037 0.013735 0.000000
0.789623 0.144750 0.036682 0.015032 0.000034 0.013878 0.000000
0.789763 0.144770 0.036439 0.015002 0.000037 0.013990 0.000000
0.784305 0.147882 0.037658 0.015568 0.000035 0.014553 0.000000
0.787851 0.145826 0.036888 0.015263 0.000033 0.014139 0.000000
0.787826 0.145609 0.036869 0.015286 0.000031 0.014378 0.000000
0.783948 0.148183 0.037693 0.015572 0.000038 0.014566 0.000000
0.777546 0.152130 0.039097 0.016031 0.000034 0.015162 0.000000
0.782854 0.149169 0.037888 0.015531 0.000039 0.014520 0.000000
0.780236 0.150592 0.038371 0.015873 0.000033 0.014894 0.000000
0.778424 0.151579 0.038948 0.015920 0.000038 0.015091 0.000000
0.774811 0.153792 0.039679 0.016177 0.000039 0.015501 0.000000
0.777442 0.152243 0.038925 0.016111 0.000031 0.015247 0.000000
0.777333 0.152452 0.039021 0.015936 0.000033 0.015226 0.000000
0.776457 0.153097 0.039215 0.016068 0.000040 0.015124 0.000000
0.775696 0.153014 0.039642 0.016175 0.000036 0.015436 0.000000
0.770157 0.156245 0.040818 0.016783 0.000038 0.015959 0.000000
0.768695 0.157229 0.041045 0.016906 0.000032 0.016093 0.000000
0.767857 0.157302 0.041402 0.017004 0.000033 0.016401 0.000000
0.768546 0.157359 0.040888 0.016943 0.000038 0.016226 0.000000
0.768180 0.157456 0.041238 0.016862 0.000038 0.016227 0.000000
0.768809 0.157478 0.040823 0.016783 0.000038 0.016070 0.000000
0.768553 0.157350 0.041095 0.016779 0.000036 0.016186 0.000000
0.768420 0.157203 0.041232 0.016939 0.000037 0.016169 0.000000
0.762362 0.160737 0.042456 0.017474 0.000036 0.016935 0.000000
0.762957 0.160668 0.042121 0.017316 0.000033 0.016906 0.000000
0.761768 0.161079 0.042617 0.017528 0.000041 0.016968 0.000000
0.757126 0.163577 0.043865 0.017877 0.000043 0.017512 0.000000
0.758738 0.162929 0.043226 0.017817 0.000034 0.017257 0.000000
0.761067 0.161375 0.042914 0.017532 0.000035 0.017076 0.000000
0.755820 0.164106 0.044085 0.018131 0.000037 0.017822 0.000000
0.758358 0.163023 0.043476 0.017795 0.000042 0.017307 0.000000
0.757129 0.163779 0.043599 0.017904 0.000040 0.017550 0.000000
0.755371 0.165064 0.043867 0.018097 0.000034 0.017567 0.000000
0.756033 0.164186 0.044052 0.017966 0.000039 0.017724 0.000000
0.755304 0.164793 0.044235 0.018163 0.000036 0.017470 0.000000
0.752380 0.166624 0.044649 0.018360 0.000037 0.017949 0.000000
0.751495 0.166794 0.045114 0.018407 0.000036 0.018154 0.000000
0.748604 0.169063 0.045485 0.018597 0.000039 0.018211 0.000000
0.748113 0.169317 0.045706 0.018509 0.000041 0.018314 0.000000
0.745795 0.170149 0.046461 0.018742 0.000040 0.018813 0.000000
0.748529 0.168417 0.045641 0.018803 0.000038 0.018572 0.000000
0.746466 0.169844 0.045968 0.019007 0.000040 0.018675 0.000000
0.738876 0.174258 0.047630 0.019548 0.000041 0.019648 0.000000
0.743987 0.171193 0.046534 0.019125 0.000043 0.019118 0.000000
0.738545 0.174054 0.048032 0.019680 0.000048 0.019640 0.000000
0.743296 0.171188 0.046863 0.019330 0.000044 0.019280 0.000000
0.742080 0.171899 0.047210 0.019325 0.000045 0.019441 0.000000
0.739201 0.174047 0.047654 0.019506 0.000042 0.019551 0.000000
0.737007 0.174512 0.048385 0.019989 0.000044 0.020063 0.000000
0.739997 0.172886 0.047844 0.019514 0.000053 0.019706 0.000000
0.738695 0.173851 0.048053 0.019675 0.000041 0.019686 0.000000
0.733946 0.176579 0.049229 0.020134 0.000044 0.020067 0.000000
0.734301 0.176303 0.049157 0.019948 0.000043 0.020248 0.000000
0.732312 0.177162 0.049709 0.020191 0.000043 0.020583 0.000000
0.728179 0.179333 0.050696 0.020653 0.000042 0.021095 0.000000
0.730993 0.178064 0.049732 0.020390 0.000038 0.020783 0.000000
0.730720 0.178065 0.049794 0.020595 0.000039 0.020786 0.000000
0.729579 0.179100 0.050154 0.020372 0.000054 0.020740 0.000000
0.723135 0.182075 0.051683 0.021182 0.000045 0.021881 0.000000
0.724931 0.181504 0.051147 0.021040 0.000054 0.021325 0.000000
0.723475 0.182281 0.051546 0.021072 0.000056 0.021571 0.000000
0.725894 0.180795 0.050978 0.020785 0.000053 0.021494 0.000000
0.723851 0.181490 0.051718 0.021071 0.000045 0.021825 0.000000
0.725611 0.181091 0.050955 0.020908 0.000051 0.021385 0.000000
0.715645 0.186475 0.053235 0.021722 0.000051 0.022872 0.000000
0.718913 0.184829 0.052726 0.021330 0.000051 0.022151 0.000000
0.720494 0.183238 0.052412 0.021551 0.000043 0.022262 0.000000
0.718431 0.184350 0.053045 0.021562 0.000050 0.022561 0.000000
0.715174 0.186391 0.053525 0.021929 0.000052 0.022929 0.000000
0.715585 0.186380 0.053520 0.021840 0.000059 0.022617 0.000000
0.716862 0.185396 0.053216 0.021699 0.000054 0.022774 0.000000
0.711782 0.188020 0.054501 0.022259 0.000048 0.023389 0.000000
0.710775 0.188852 0.054579 0.022377 0.000051 0.023366 0.000000
0.710552 0.188783 0.054883 0.022261 0.000054 0.023467 0.000000
0.711404 0.187855 0.054575 0.022436 0.000053 0.023676 0.000000
0.709880 0.189668 0.054467 0.022449 0.000056 0.023480 0.000000
0.710953 0.189007 0.054559 0.022205 0.000051 0.023226 0.000000
0.709800 0.189108 0.054869 0.022527 0.000045 0.023651 0.000000
0.703810 0.192658 0.056228 0.022872 0.000048 0.024384 0.000000
0.702623 0.193003 0.056671 0.023192 0.000051 0.024461 0.000000
0.703744 0.192358 0.056438 0.022963 0.000054 0.024443 0.000000
0.708613 0.189995 0.055165 0.022493 0.000054 0.023680 0.000000
0.697526 0.195642 0.057762 0.023789 0.000048 0.025233 0.000000
0.695997 0.196023 0.058395 0.024022 0.000060 0.025503 0.000000
0.694240 0.196658 0.058799 0.024180 0.000052 0.026071 0.000000
0.699846 0.194139 0.057211 0.023558 0.000057 0.025188 0.000000
0.701010 0.193402 0.057228 0.023321 0.000052 0.024987 0.000000
0.699705 0.193966 0.057402 0.023647 0.000051 0.025230 0.000000
0.698212 0.195208 0.057652 0.023743 0.000057 0.025128 0.000000
0.690657 0.198885 0.059536 0.024564 0.000069 0.026289 0.000000
0.693716 0.196653 0.059109 0.024241 0.000058 0.026223 0.000000
0.690808 0.198523 0.059851 0.024381 0.000060 0.026377 0.000000
0.692936 0.197888 0.059240 0.024096 0.000059 0.025780 0.000000
0.687630 0.199959 0.060589 0.024900 0.000061 0.026861 0.000000
0.691787 0.198815 0.059369 0.024181 0.000049 0.025799 0.000000
0.683543 0.201826 0.061776 0.025180 0.000060 0.027615 0.000000
0.685109 0.201094 0.061242 0.025086 0.000062 0.027407 0.000000
0.686828 0.200259 0.060850 0.024889 0.000063 0.027112 0.000000
0.687149 0.200078 0.060980 0.024811 0.000065 0.026917 0.000000
0.681855 0.202690 0.061957 0.025470 0.000063 0.027964 0.000000
0.680207 0.203590 0.062489 0.025566 0.000064 0.028085 0.000000
0.680197 0.203602 0.062454 0.025499 0.000062 0.028186 0.000000
0.680107 0.203570 0.062612 0.025608 0.000070 0.028033 0.000000
0.679298 0.204334 0.062616 0.025681 0.000065 0.028006 0.000000
0.676302 0.205203 0.063647 0.026186 0.000069 0.028592 0.000000
0.676331 0.205878 0.063485 0.026047 0.000072 0.028188 0.000000
0.675069 0.205906 0.063942 0.026109 0.000060 0.028913 0.000000
0.672635 0.207029 0.064575 0.026555 0.000075 0.029131 0.000000
0.669707 0.208757 0.065172 0.026831 0.000065 0.029468 0.000000
0.675589 0.205137 0.063981 0.026265 0.000069 0.028957 0.000000
0.674004 0.205958 0.064428 0.026378 0.000079 0.029154 0.000000
0.670599 0.207568 0.065112 0.026963 0.000073 0.029685 0.000000
0.676363 0.204834 0.063623 0.026307 0.000084 0.028789 0.000000
0.669401 0.208630 0.065407 0.026848 0.000078 0.029636 0.000000
0.668004 0.208646 0.065832 0.027185 0.000078 0.030256 0.000000
0.668971 0.208519 0.065484 0.027039 0.000077 0.029908 0.000000
0.667004 0.208752 0.066373 0.027124 0.000075 0.030673 0.000000
0.666496 0.209038 0.066468 0.027230 0.000073 0.030696 0.000000
0.665330 0.209739 0.066750 0.027465 0.000078 0.030638 0.000000
0.660274 0.212052 0.067996 0.027997 0.000076 0.031605 0.000000
0.664340 0.210121 0.066776 0.027532 0.000078 0.031152 0.000000
0.661871 0.211402 0.067594 0.027842 0.000079 0.031213 0.000000
0.661076 0.211562 0.067927 0.028059 0.000069 0.031306 0.000000
0.659743 0.211922 0.068396 0.028103 0.000072 0.031764 0.000000
0.661152 0.211544 0.067854 0.027858 0.000075 0.031516 0.000000
0.658731 0.212161 0.068670 0.028152 0.000079 0.032208 0.000000
0.657846 0.213284 0.068663 0.028186 0.000074 0.031948 0.000000
0.653599 0.215117 0.069852 0.028618 0.000064 0.032749 0.000000
0.658471 0.212766 0.068434 0.028227 0.000073 0.032029 0.000000
0.656038 0.213248 0.069502 0.028584 0.000067 0.032561 0.000000
0.653250 0.215420 0.069955 0.028586 0.000072 0.032718 0.000000
0.649389 0.216689 0.071268 0.029199 0.000070 0.033385 0.000000
0.650435 0.216348 0.070647 0.029049 0.000075 0.033446 0.000000
0.651592 0.215560 0.070716 0.028792 0.000074 0.033266 0.000000
0.650660 0.216668 0.070711 0.028773 0.000071 0.033115 0.000000
0.650272 0.215990 0.071007 0.029039 0.000068 0.033624 0.000000
0.649047 0.216480 0.071534 0.029093 0.000067 0.033778 0.000000
0.643970 0.218468 0.072955 0.029676 0.000064 0.034867 0.000000
0.645484 0.218637 0.072210 0.029399 0.000067 0.034203 0.000000
0.642104 0.219391 0.073428 0.029875 0.000074 0.035128 0.000000
0.642824 0.218672 0.073447 0.030008 0.000071 0.034977 0.000000
0.642469 0.219897 0.073108 0.029730 0.000077 0.034718 0.000000
0.640318 0.220723 0.073726 0.029976 0.000089 0.035168 0.000000
0.643000 0.219221 0.072949 0.029781 0.000081 0.034967 0.000000
0.635048 0.223403 0.074735 0.030457 0.000080 0.036277 0.000000
0.637275 0.221099 0.074690 0.030571 0.000077 0.036290 0.000000
0.633424 0.223415 0.075602 0.030859 0.000083 0.036617 0.000000
0.635597 0.222541 0.074956 0.030526 0.000089 0.036292 0.000000
